Datetime,Open,High,Low,Close,Volume,Dividends,Stock Splits
2022-08-17 09:30:00-04:00,9.229999542236328,9.28499984741211,9.149999618530273,9.225000381469727,297983,0.0,0.0
2022-08-17 10:30:00-04:00,9.225000381469727,9.3100004196167,9.220000267028809,9.265000343322754,272004,0.0,0.0
2022-08-17 11:30:00-04:00,9.265000343322754,9.274999618530273,9.21500015258789,9.260000228881836,98315,0.0,0.0
2022-08-17 12:30:00-04:00,9.265000343322754,9.300000190734863,9.244999885559082,9.28499984741211,232763,0.0,0.0
2022-08-17 13:30:00-04:00,9.28499984741211,9.324999809265137,9.270000457763672,9.28499984741211,350493,0.0,0.0
2022-08-17 14:30:00-04:00,9.28499984741211,9.324999809265137,9.265000343322754,9.295000076293945,221158,0.0,0.0
2022-08-17 15:30:00-04:00,9.289999961853027,9.350000381469727,9.289999961853027,9.289999961853027,417606,0.0,0.0
2022-08-18 09:30:00-04:00,9.350000381469727,9.420000076293945,9.279999732971191,9.404999732971191,98288,0.0,0.0
2022-08-18 10:30:00-04:00,9.399999618530273,9.404999732971191,9.329999923706055,9.375,207261,0.0,0.0
2022-08-18 11:30:00-04:00,9.375,9.395000457763672,9.3149995803833,9.3149995803833,114384,0.0,0.0
2022-08-18 12:30:00-04:00,9.3100004196167,9.329999923706055,9.279999732971191,9.289999961853027,271365,0.0,0.0
2022-08-18 13:30:00-04:00,9.300000190734863,9.300000190734863,9.239999771118164,9.28499984741211,178573,0.0,0.0
2022-08-18 14:30:00-04:00,9.28499984741211,9.345000267028809,9.274999618530273,9.295000076293945,267876,0.0,0.0
2022-08-18 15:30:00-04:00,9.295000076293945,9.300000190734863,9.270000457763672,9.279999732971191,230434,0.0,0.0
2022-08-19 09:30:00-04:00,9.270000457763672,9.270000457763672,9.104999542236328,9.204999923706055,190904,0.0,0.0
2022-08-19 10:30:00-04:00,9.20199966430664,9.260000228881836,9.113699913024902,9.175000190734863,662741,0.0,0.0
2022-08-19 11:30:00-04:00,9.175000190734863,9.180000305175781,9.140000343322754,9.154999732971191,109177,0.0,0.0
2022-08-19 12:30:00-04:00,9.149999618530273,9.220000267028809,9.149999618530273,9.1899995803833,237235,0.0,0.0
2022-08-19 13:30:00-04:00,9.1899995803833,9.25,9.180000305175781,9.244999885559082,106051,0.0,0.0
2022-08-19 14:30:00-04:00,9.244999885559082,9.289999961853027,9.1899995803833,9.194999694824219,151515,0.0,0.0
2022-08-19 15:30:00-04:00,9.1899995803833,9.227499961853027,9.180000305175781,9.194999694824219,262348,0.0,0.0
2022-08-22 09:30:00-04:00,9.140000343322754,9.194999694824219,9.0600004196167,9.154999732971191,125294,0.0,0.0
2022-08-22 10:30:00-04:00,9.15999984741211,9.244999885559082,9.154999732971191,9.204999923706055,148296,0.0,0.0
2022-08-22 11:30:00-04:00,9.204999923706055,9.239999771118164,9.204999923706055,9.210000038146973,81452,0.0,0.0
2022-08-22 12:30:00-04:00,9.210000038146973,9.220000267028809,9.131999969482422,9.135000228881836,104218,0.0,0.0
2022-08-22 13:30:00-04:00,9.130000114440918,9.149999618530273,9.114999771118164,9.135000228881836,102632,0.0,0.0
2022-08-22 14:30:00-04:00,9.140000343322754,9.15999984741211,9.119999885559082,9.130000114440918,150230,0.0,0.0
2022-08-22 15:30:00-04:00,9.135000228881836,9.145000457763672,9.109999656677246,9.140000343322754,181393,0.0,0.0
2022-08-23 09:30:00-04:00,9.119999885559082,9.239999771118164,8.949999809265137,9.055000305175781,404138,0.0,0.0
2022-08-23 10:30:00-04:00,9.055000305175781,9.149999618530273,9.050000190734863,9.055000305175781,231531,0.0,0.0
2022-08-23 11:30:00-04:00,9.0600004196167,9.100000381469727,9.029999732971191,9.050000190734863,204361,0.0,0.0
2022-08-23 12:30:00-04:00,9.050000190734863,9.119999885559082,9.03499984741211,9.104999542236328,79619,0.0,0.0
2022-08-23 13:30:00-04:00,9.104999542236328,9.125,9.079999923706055,9.114999771118164,75914,0.0,0.0
2022-08-23 14:30:00-04:00,9.119999885559082,9.210000038146973,9.119999885559082,9.204999923706055,76444,0.0,0.0
2022-08-23 15:30:00-04:00,9.204999923706055,9.210000038146973,9.175000190734863,9.180000305175781,178411,0.0,0.0
2022-08-24 09:30:00-04:00,9.170000076293945,9.239999771118164,9.140000343322754,9.194999694824219,127148,0.0,0.0
2022-08-24 10:30:00-04:00,9.194999694824219,9.270000457763672,9.15999984741211,9.265000343322754,91948,0.0,0.0
2022-08-24 11:30:00-04:00,9.260000228881836,9.274999618530273,9.239999771118164,9.25,37815,0.0,0.0
2022-08-24 12:30:00-04:00,9.25,9.25,9.199999809265137,9.204999923706055,67659,0.0,0.0
2022-08-24 13:30:00-04:00,9.204999923706055,9.270000457763672,9.194999694824219,9.265000343322754,60130,0.0,0.0
2022-08-24 14:30:00-04:00,9.270000457763672,9.270000457763672,9.210000038146973,9.220000267028809,132837,0.0,0.0
2022-08-24 15:30:00-04:00,9.225000381469727,9.279999732971191,9.220000267028809,9.260000228881836,184616,0.0,0.0
2022-08-25 09:30:00-04:00,9.270000457763672,9.319999694824219,9.1850004196167,9.279999732971191,102575,0.0,0.0
2022-08-25 10:30:00-04:00,9.28499984741211,9.28499984741211,9.149999618530273,9.1850004196167,88572,0.0,0.0
2022-08-25 11:30:00-04:00,9.1899995803833,9.220000267028809,9.170100212097168,9.1850004196167,64258,0.0,0.0
2022-08-25 12:30:00-04:00,9.1899995803833,9.204999923706055,9.154999732971191,9.154999732971191,88919,0.0,0.0
2022-08-25 13:30:00-04:00,9.154999732971191,9.229999542236328,9.145000457763672,9.229999542236328,54778,0.0,0.0
2022-08-25 14:30:00-04:00,9.225000381469727,9.229999542236328,9.199999809265137,9.204999923706055,93542,0.0,0.0
2022-08-25 15:30:00-04:00,9.204999923706055,9.260000228881836,9.194999694824219,9.25,260540,0.0,0.0
2022-08-26 09:30:00-04:00,9.229999542236328,9.289999961853027,9.100000381469727,9.104999542236328,103537,0.0,0.0
2022-08-26 10:30:00-04:00,9.100000381469727,9.135000228881836,9.069999694824219,9.130000114440918,83952,0.0,0.0
2022-08-26 11:30:00-04:00,9.130000114440918,9.149999618530273,9.050000190734863,9.069999694824219,101883,0.0,0.0
2022-08-26 12:30:00-04:00,9.069999694824219,9.114999771118164,9.024999618530273,9.109999656677246,66956,0.0,0.0
2022-08-26 13:30:00-04:00,9.100000381469727,9.100000381469727,9.055000305175781,9.100000381469727,66959,0.0,0.0
2022-08-26 14:30:00-04:00,9.100000381469727,9.104999542236328,9.024999618530273,9.03499984741211,94470,0.0,0.0
2022-08-26 15:30:00-04:00,9.029999732971191,9.050000190734863,9.0,9.010000228881836,241175,0.0,0.0
2022-08-29 09:30:00-04:00,8.949999809265137,8.994999885559082,8.890000343322754,8.989999771118164,156293,0.0,0.0
2022-08-29 10:30:00-04:00,9.0,9.005000114440918,8.944999694824219,9.0,52437,0.0,0.0
2022-08-29 11:30:00-04:00,9.0,9.010000228881836,8.979999542236328,8.979999542236328,66380,0.0,0.0
2022-08-29 12:30:00-04:00,8.979999542236328,9.005000114440918,8.96500015258789,8.994999885559082,99885,0.0,0.0
2022-08-29 13:30:00-04:00,8.989999771118164,9.039999961853027,8.954999923706055,8.960000038146973,92456,0.0,0.0
2022-08-29 14:30:00-04:00,8.954999923706055,9.015000343322754,8.954999923706055,8.979999542236328,58770,0.0,0.0
2022-08-29 15:30:00-04:00,8.984999656677246,9.020000457763672,8.920000076293945,8.9350004196167,289595,0.0,0.0
2022-08-30 09:30:00-04:00,8.949999809265137,8.954999923706055,8.890000343322754,8.914999961853027,209945,0.0,0.0
2022-08-30 10:30:00-04:00,8.90999984741211,8.944999694824219,8.829999923706055,8.925000190734863,122600,0.0,0.0
2022-08-30 11:30:00-04:00,8.930000305175781,8.9399995803833,8.899999618530273,8.90999984741211,62465,0.0,0.0
2022-08-30 12:30:00-04:00,8.904999732971191,8.904999732971191,8.864999771118164,8.880000114440918,64181,0.0,0.0
2022-08-30 13:30:00-04:00,8.88659954071045,8.895000457763672,8.84000015258789,8.84000015258789,59592,0.0,0.0
2022-08-30 14:30:00-04:00,8.84000015258789,8.914999961853027,8.829999923706055,8.875,199019,0.0,0.0
2022-08-30 15:30:00-04:00,8.873000144958496,8.920000076293945,8.869999885559082,8.920000076293945,268644,0.0,0.0
2022-08-31 09:30:00-04:00,8.9399995803833,8.989999771118164,8.824999809265137,8.925000190734863,212117,0.0,0.0
2022-08-31 10:30:00-04:00,8.925000190734863,8.960000038146973,8.864999771118164,8.885000228881836,227977,0.0,0.0
2022-08-31 11:30:00-04:00,8.885000228881836,8.90999984741211,8.854999542236328,8.864999771118164,50338,0.0,0.0
2022-08-31 12:30:00-04:00,8.859999656677246,8.880000114440918,8.84000015258789,8.854999542236328,81921,0.0,0.0
2022-08-31 13:30:00-04:00,8.859999656677246,8.864999771118164,8.78499984741211,8.854999542236328,378516,0.0,0.0
2022-08-31 14:30:00-04:00,8.850000381469727,8.854999542236328,8.774999618530273,8.78499984741211,149366,0.0,0.0
2022-08-31 15:30:00-04:00,8.78499984741211,8.854999542236328,8.760000228881836,8.835000038146973,466300,0.0,0.0
2022-09-01 09:30:00-04:00,8.75,8.819999694824219,8.470000267028809,8.640000343322754,397046,0.0,0.0
2022-09-01 10:30:00-04:00,8.630000114440918,8.654999732971191,8.579999923706055,8.604999542236328,186438,0.0,0.0
2022-09-01 11:30:00-04:00,8.604999542236328,8.640000343322754,8.594200134277344,8.614999771118164,124194,0.0,0.0
2022-09-01 12:30:00-04:00,8.609999656677246,8.645000457763672,8.59000015258789,8.645000457763672,143190,0.0,0.0
2022-09-01 13:30:00-04:00,8.645000457763672,8.670000076293945,8.600000381469727,8.65999984741211,144706,0.0,0.0
2022-09-01 14:30:00-04:00,8.670000076293945,8.720000267028809,8.65999984741211,8.65999984741211,335740,0.0,0.0
2022-09-01 15:30:00-04:00,8.664999961853027,8.779999732971191,8.664999961853027,8.779999732971191,395819,0.0,0.0
2022-09-02 09:30:00-04:00,8.850000381469727,8.90999984741211,8.8100004196167,8.885000228881836,304302,0.0,0.0
2022-09-02 10:30:00-04:00,8.880000114440918,8.899999618530273,8.84000015258789,8.895000457763672,221458,0.0,0.0
2022-09-02 11:30:00-04:00,8.899999618530273,8.954999923706055,8.880000114440918,8.885000228881836,96217,0.0,0.0
2022-09-02 12:30:00-04:00,8.885000228881836,8.895000457763672,8.760000228881836,8.760000228881836,87364,0.0,0.0
2022-09-02 13:30:00-04:00,8.760000228881836,8.805000305175781,8.734999656677246,8.805000305175781,107735,0.0,0.0
2022-09-02 14:30:00-04:00,8.805000305175781,8.819999694824219,8.767800331115723,8.779999732971191,152456,0.0,0.0
2022-09-02 15:30:00-04:00,8.774999618530273,8.789999961853027,8.729999542236328,8.789999961853027,331298,0.0,0.0
2022-09-06 09:30:00-04:00,8.770000457763672,8.970000267028809,8.770000457763672,8.960000038146973,177411,0.0,0.0
2022-09-06 10:30:00-04:00,8.960000038146973,9.045000076293945,8.949999809265137,8.994999885559082,132968,0.0,0.0
2022-09-06 11:30:00-04:00,8.989999771118164,9.029999732971191,8.96500015258789,9.0,164341,0.0,0.0
2022-09-06 12:30:00-04:00,9.0,9.0,8.970000267028809,8.975000381469727,222874,0.0,0.0
2022-09-06 13:30:00-04:00,8.975000381469727,8.989999771118164,8.925000190734863,8.970000267028809,259782,0.0,0.0
2022-09-06 14:30:00-04:00,8.96500015258789,8.984999656677246,8.930000305175781,8.970000267028809,205273,0.0,0.0
2022-09-06 15:30:00-04:00,8.960000038146973,9.0,8.925000190734863,8.989999771118164,317244,0.0,0.0
2022-09-07 09:30:00-04:00,8.949999809265137,9.09000015258789,8.930000305175781,9.0600004196167,166617,0.0,0.0
2022-09-07 10:30:00-04:00,9.069999694824219,9.079999923706055,9.010000228881836,9.069999694824219,88460,0.0,0.0
2022-09-07 11:30:00-04:00,9.069999694824219,9.085000038146973,8.979999542236328,9.015000343322754,223096,0.0,0.0
2022-09-07 12:30:00-04:00,9.015000343322754,9.03499984741211,8.989999771118164,9.005000114440918,111716,0.0,0.0
2022-09-07 13:30:00-04:00,9.005000114440918,9.09000015258789,9.005000114440918,9.09000015258789,54432,0.0,0.0
2022-09-07 14:30:00-04:00,9.09000015258789,9.107999801635742,9.029999732971191,9.0600004196167,343914,0.0,0.0
2022-09-07 15:30:00-04:00,9.055000305175781,9.109999656677246,9.045000076293945,9.109999656677246,250014,0.0,0.0
2022-09-08 09:30:00-04:00,9.050000190734863,9.20989990234375,8.979999542236328,9.204999923706055,256823,0.0,0.0
2022-09-08 10:30:00-04:00,9.199999809265137,9.21500015258789,9.069999694824219,9.074999809265137,204398,0.0,0.0
2022-09-08 11:30:00-04:00,9.074999809265137,9.079999923706055,8.90999984741211,8.979999542236328,248485,0.0,0.0
2022-09-08 12:30:00-04:00,8.979999542236328,9.079999923706055,8.979999542236328,9.079999923706055,123563,0.0,0.0
2022-09-08 13:30:00-04:00,9.079999923706055,9.100000381469727,9.039999961853027,9.100000381469727,546236,0.0,0.0
2022-09-08 14:30:00-04:00,9.100000381469727,9.119999885559082,9.055000305175781,9.069999694824219,182860,0.0,0.0
2022-09-08 15:30:00-04:00,9.074999809265137,9.09000015258789,9.020000457763672,9.050000190734863,373324,0.0,0.0
2022-09-09 09:30:00-04:00,9.069999694824219,9.09000015258789,9.0,9.045000076293945,150365,0.0,0.0
2022-09-09 10:30:00-04:00,9.050000190734863,9.069999694824219,9.029999732971191,9.055000305175781,156632,0.0,0.0
2022-09-09 11:30:00-04:00,9.055000305175781,9.098799705505371,9.039999961853027,9.085000038146973,164464,0.0,0.0
2022-09-09 12:30:00-04:00,9.085000038146973,9.140000343322754,9.0649995803833,9.125,259841,0.0,0.0
2022-09-09 13:30:00-04:00,9.125,9.149999618530273,9.109999656677246,9.145000457763672,139532,0.0,0.0
2022-09-09 14:30:00-04:00,9.149999618530273,9.154999732971191,9.109999656677246,9.114999771118164,219810,0.0,0.0
2022-09-09 15:30:00-04:00,9.109999656677246,9.140000343322754,9.085000038146973,9.140000343322754,496022,0.0,0.0
2022-09-12 09:30:00-04:00,9.15999984741211,9.279999732971191,9.130000114440918,9.210000038146973,273204,0.0,0.0
2022-09-12 10:30:00-04:00,9.204999923706055,9.289999961853027,9.1899995803833,9.270000457763672,128792,0.0,0.0
2022-09-12 11:30:00-04:00,9.265000343322754,9.28499984741211,9.239999771118164,9.279999732971191,72562,0.0,0.0
2022-09-12 12:30:00-04:00,9.274999618530273,9.319999694824219,9.270000457763672,9.300000190734863,66935,0.0,0.0
2022-09-12 13:30:00-04:00,9.291199684143066,9.295000076293945,9.234999656677246,9.239999771118164,82264,0.0,0.0
2022-09-12 14:30:00-04:00,9.239999771118164,9.239999771118164,9.199999809265137,9.239999771118164,137149,0.0,0.0
2022-09-12 15:30:00-04:00,9.234999656677246,9.239999771118164,9.199999809265137,9.210000038146973,277335,0.0,0.0
2022-09-13 09:30:00-04:00,9.069999694824219,9.239999771118164,9.020000457763672,9.175000190734863,212012,0.0,0.0
2022-09-13 10:30:00-04:00,9.175000190734863,9.175000190734863,9.09000015258789,9.119999885559082,120479,0.0,0.0
2022-09-13 11:30:00-04:00,9.119999885559082,9.180000305175781,9.079999923706055,9.154999732971191,133572,0.0,0.0
2022-09-13 12:30:00-04:00,9.149999618530273,9.15999984741211,9.100000381469727,9.154999732971191,100629,0.0,0.0
2022-09-13 13:30:00-04:00,9.149999618530273,9.170000076293945,9.09000015258789,9.104999542236328,100392,0.0,0.0
2022-09-13 14:30:00-04:00,9.104999542236328,9.109999656677246,9.0600004196167,9.079999923706055,143134,0.0,0.0
2022-09-13 15:30:00-04:00,9.074999809265137,9.109999656677246,9.03499984741211,9.09000015258789,277130,0.0,0.0
2022-09-14 09:30:00-04:00,9.069999694824219,9.100000381469727,9.0,9.010000228881836,117366,0.0,0.0
2022-09-14 10:30:00-04:00,9.005000114440918,9.09000015258789,9.0,9.0600004196167,149086,0.0,0.0
2022-09-14 11:30:00-04:00,9.0649995803833,9.0649995803833,8.930000305175781,8.9350004196167,66819,0.0,0.0
2022-09-14 12:30:00-04:00,8.9350004196167,8.989999771118164,8.9350004196167,8.975000381469727,61284,0.0,0.0
2022-09-14 13:30:00-04:00,8.979999542236328,8.989999771118164,8.9350004196167,8.960000038146973,77041,0.0,0.0
2022-09-14 14:30:00-04:00,8.954999923706055,8.970000267028809,8.869999885559082,8.885000228881836,151232,0.0,0.0
2022-09-14 15:30:00-04:00,8.885000228881836,8.960000038146973,8.869999885559082,8.960000038146973,197986,0.0,0.0
2022-09-15 09:30:00-04:00,9.029999732971191,9.100000381469727,8.975000381469727,9.020000457763672,143673,0.0,0.0
2022-09-15 10:30:00-04:00,9.020000457763672,9.074999809265137,8.979999542236328,9.049099922180176,180456,0.0,0.0
2022-09-15 11:30:00-04:00,9.045000076293945,9.079999923706055,8.9399995803833,8.949999809265137,109907,0.0,0.0
2022-09-15 12:30:00-04:00,8.949999809265137,9.020000457763672,8.9399995803833,9.005000114440918,72952,0.0,0.0
2022-09-15 13:30:00-04:00,9.005000114440918,9.03499984741211,8.970000267028809,9.010000228881836,87917,0.0,0.0
2022-09-15 14:30:00-04:00,9.005000114440918,9.024999618530273,8.944999694824219,8.954999923706055,97904,0.0,0.0
2022-09-15 15:30:00-04:00,8.954999923706055,8.970000267028809,8.920000076293945,8.9399995803833,171653,0.0,0.0
2022-09-16 09:30:00-04:00,8.869999885559082,8.904999732971191,8.8100004196167,8.84000015258789,191358,0.0,0.0
2022-09-16 10:30:00-04:00,8.850000381469727,8.885000228881836,8.819999694824219,8.819999694824219,75738,0.0,0.0
2022-09-16 11:30:00-04:00,8.8149995803833,8.84000015258789,8.78499984741211,8.789999961853027,76158,0.0,0.0
2022-09-16 12:30:00-04:00,8.795000076293945,8.819999694824219,8.75,8.755000114440918,81011,0.0,0.0
2022-09-16 13:30:00-04:00,8.755000114440918,8.760000228881836,8.635000228881836,8.664999961853027,350734,0.0,0.0
2022-09-16 14:30:00-04:00,8.664999961853027,8.75,8.654999732971191,8.71500015258789,234825,0.0,0.0
2022-09-16 15:30:00-04:00,8.71500015258789,8.880000114440918,8.704999923706055,8.84000015258789,565825,0.0,0.0
2022-09-19 09:30:00-04:00,8.720000267028809,8.779999732971191,8.619999885559082,8.71500015258789,215961,0.0,0.0
2022-09-19 10:30:00-04:00,8.71500015258789,8.789999961853027,8.710000038146973,8.765000343322754,148482,0.0,0.0
2022-09-19 11:30:00-04:00,8.770000457763672,8.789999961853027,8.744999885559082,8.760000228881836,253789,0.0,0.0
2022-09-19 12:30:00-04:00,8.760000228881836,8.789999961853027,8.744999885559082,8.770000457763672,120167,0.0,0.0
2022-09-19 13:30:00-04:00,8.765000343322754,8.770000457763672,8.720000267028809,8.720000267028809,112995,0.0,0.0
2022-09-19 14:30:00-04:00,8.729999542236328,8.8149995803833,8.720000267028809,8.805000305175781,180281,0.0,0.0
2022-09-19 15:30:00-04:00,8.8100004196167,8.859999656677246,8.779999732971191,8.845000267028809,358273,0.0,0.0
2022-09-20 09:30:00-04:00,8.739999771118164,8.75,8.510000228881836,8.529999732971191,347780,0.0,0.0
2022-09-20 10:30:00-04:00,8.529999732971191,8.600000381469727,8.529999732971191,8.5649995803833,155096,0.0,0.0
2022-09-20 11:30:00-04:00,8.569999694824219,8.630000114440918,8.555000305175781,8.579999923706055,91484,0.0,0.0
2022-09-20 12:30:00-04:00,8.579999923706055,8.579999923706055,8.529999732971191,8.539999961853027,128387,0.0,0.0
2022-09-20 13:30:00-04:00,8.529999732971191,8.529999732971191,8.28499984741211,8.335000038146973,252769,0.0,0.0
2022-09-20 14:30:00-04:00,8.329999923706055,8.40999984741211,8.305000305175781,8.404999732971191,200408,0.0,0.0
2022-09-20 15:30:00-04:00,8.399999618530273,8.489999771118164,8.390000343322754,8.40999984741211,384598,0.0,0.0
2022-09-21 09:30:00-04:00,8.510000228881836,8.510000228881836,8.380000114440918,8.4350004196167,124155,0.0,0.0
2022-09-21 10:30:00-04:00,8.4350004196167,8.4350004196167,8.359999656677246,8.364999771118164,99235,0.0,0.0
2022-09-21 11:30:00-04:00,8.364999771118164,8.414999961853027,8.364999771118164,8.40999984741211,68385,0.0,0.0
2022-09-21 12:30:00-04:00,8.40999984741211,8.414999961853027,8.380000114440918,8.385000228881836,59284,0.0,0.0
2022-09-21 13:30:00-04:00,8.390000343322754,8.399999618530273,8.244999885559082,8.305000305175781,361938,0.0,0.0
2022-09-21 14:30:00-04:00,8.305000305175781,8.484999656677246,8.289999961853027,8.300000190734863,235836,0.0,0.0
2022-09-21 15:30:00-04:00,8.300000190734863,8.335000038146973,8.25,8.279999732971191,280154,0.0,0.0
2022-09-22 09:30:00-04:00,8.270000457763672,8.319999694824219,8.079999923706055,8.104999542236328,149877,0.0,0.0
2022-09-22 10:30:00-04:00,8.109999656677246,8.119999885559082,8.045000076293945,8.0649995803833,283204,0.0,0.0
2022-09-22 11:30:00-04:00,8.0649995803833,8.079999923706055,8.020000457763672,8.055000305175781,166855,0.0,0.0
2022-09-22 12:30:00-04:00,8.055000305175781,8.095000267028809,8.045000076293945,8.0649995803833,91522,0.0,0.0
2022-09-22 13:30:00-04:00,8.0649995803833,8.095000267028809,8.050000190734863,8.0649995803833,167338,0.0,0.0
2022-09-22 14:30:00-04:00,8.0600004196167,8.114999771118164,8.050000190734863,8.109999656677246,184788,0.0,0.0
2022-09-22 15:30:00-04:00,8.114999771118164,8.114999771118164,8.0600004196167,8.069999694824219,529103,0.0,0.0
2022-09-23 09:30:00-04:00,7.980000019073486,8.029999732971191,7.920000076293945,7.960000038146973,225600,0.0,0.0
2022-09-23 10:30:00-04:00,7.960000038146973,7.965000152587891,7.835000038146973,7.875,157198,0.0,0.0
2022-09-23 11:30:00-04:00,7.880000114440918,7.90500020980835,7.840000152587891,7.840000152587891,96902,0.0,0.0
2022-09-23 12:30:00-04:00,7.84499979019165,7.909999847412109,7.809999942779541,7.869999885559082,154709,0.0,0.0
2022-09-23 13:30:00-04:00,7.864999771118164,7.885000228881836,7.800000190734863,7.835000038146973,126361,0.0,0.0
2022-09-23 14:30:00-04:00,7.835000038146973,7.864999771118164,7.769999980926514,7.855000019073486,241601,0.0,0.0
2022-09-23 15:30:00-04:00,7.855000019073486,7.889999866485596,7.840000152587891,7.880000114440918,323664,0.0,0.0
2022-09-26 09:30:00-04:00,7.789999961853027,7.789999961853027,7.5,7.739999771118164,287367,0.0,0.0
2022-09-26 10:30:00-04:00,7.730000019073486,7.739999771118164,7.420000076293945,7.425000190734863,498010,0.0,0.0
2022-09-26 11:30:00-04:00,7.425000190734863,7.434999942779541,7.210000038146973,7.235000133514404,257496,0.0,0.0
2022-09-26 12:30:00-04:00,7.230000019073486,7.264999866485596,7.170000076293945,7.170000076293945,134238,0.0,0.0
2022-09-26 13:30:00-04:00,7.170000076293945,7.190000057220459,7.114999771118164,7.130000114440918,168994,0.0,0.0
2022-09-26 14:30:00-04:00,7.135000228881836,7.394999980926514,7.130000114440918,7.375,373850,0.0,0.0
2022-09-26 15:30:00-04:00,7.375,7.440000057220459,7.355000019073486,7.400000095367432,718904,0.0,0.0
2022-09-27 09:30:00-04:00,7.440000057220459,7.489999771118164,7.309999942779541,7.340000152587891,212091,0.0,0.0
2022-09-27 10:30:00-04:00,7.335000038146973,7.449999809265137,7.335000038146973,7.369999885559082,237743,0.0,0.0
2022-09-27 11:30:00-04:00,7.364999771118164,7.394999980926514,7.284999847412109,7.289999961853027,111507,0.0,0.0
2022-09-27 12:30:00-04:00,7.300000190734863,7.320000171661377,7.244999885559082,7.275000095367432,131726,0.0,0.0
2022-09-27 13:30:00-04:00,7.269999980926514,7.28000020980835,7.179999828338623,7.230000019073486,151033,0.0,0.0
2022-09-27 14:30:00-04:00,7.230000019073486,7.28000020980835,7.215000152587891,7.235000133514404,177240,0.0,0.0
2022-09-27 15:30:00-04:00,7.235000133514404,7.239999771118164,7.199999809265137,7.21999979019165,412143,0.0,0.0
2022-09-28 09:30:00-04:00,7.269999980926514,7.304999828338623,7.179999828338623,7.28000020980835,160757,0.0,0.0
2022-09-28 10:30:00-04:00,7.28000020980835,7.329999923706055,7.239999771118164,7.295000076293945,114434,0.0,0.0
2022-09-28 11:30:00-04:00,7.300000190734863,7.335000038146973,7.255000114440918,7.28000020980835,107742,0.0,0.0
2022-09-28 12:30:00-04:00,7.284999847412109,7.364999771118164,7.275000095367432,7.340000152587891,56674,0.0,0.0
2022-09-28 13:30:00-04:00,7.329999923706055,7.349999904632568,7.275000095367432,7.300000190734863,103557,0.0,0.0
2022-09-28 14:30:00-04:00,7.295000076293945,7.360000133514404,7.295000076293945,7.34499979019165,56357,0.0,0.0
2022-09-28 15:30:00-04:00,7.34499979019165,7.389999866485596,7.335000038146973,7.349999904632568,212484,0.0,0.0
2022-09-29 09:30:00-04:00,7.239999771118164,7.239999771118164,6.965000152587891,7.005000114440918,252830,0.0,0.0
2022-09-29 10:30:00-04:00,7.005000114440918,7.110000133514404,6.954999923706055,7.085000038146973,221553,0.0,0.0
2022-09-29 11:30:00-04:00,7.085000038146973,7.164999961853027,7.074999809265137,7.15500020980835,202091,0.0,0.0
2022-09-29 12:30:00-04:00,7.15500020980835,7.170000076293945,7.135000228881836,7.144999980926514,210224,0.0,0.0
2022-09-29 13:30:00-04:00,7.144999980926514,7.150000095367432,7.090000152587891,7.114999771118164,261560,0.0,0.0
2022-09-29 14:30:00-04:00,7.114999771118164,7.150000095367432,7.085000038146973,7.130000114440918,203449,0.0,0.0
2022-09-29 15:30:00-04:00,7.130000114440918,7.190000057220459,7.125,7.190000057220459,260979,0.0,0.0
2022-09-30 09:30:00-04:00,7.230000019073486,7.300000190734863,7.190000057220459,7.230000019073486,144800,0.0,0.0
2022-09-30 10:30:00-04:00,7.235000133514404,7.324999809265137,7.224999904632568,7.300000190734863,140175,0.0,0.0
2022-09-30 11:30:00-04:00,7.295000076293945,7.295000076293945,7.239999771118164,7.255000114440918,73990,0.0,0.0
2022-09-30 12:30:00-04:00,7.255000114440918,7.300000190734863,7.255000114440918,7.295000076293945,81871,0.0,0.0
2022-09-30 13:30:00-04:00,7.295000076293945,7.340000152587891,7.269999980926514,7.324999809265137,154376,0.0,0.0
2022-09-30 14:30:00-04:00,7.324999809265137,7.349999904632568,7.284999847412109,7.320000171661377,146079,0.0,0.0
2022-09-30 15:30:00-04:00,7.309999942779541,7.360000133514404,7.289999961853027,7.320000171661377,303441,0.0,0.0
2022-10-03 09:30:00-04:00,7.409999847412109,7.5,7.284999847412109,7.485000133514404,155826,0.0,0.0
2022-10-03 10:30:00-04:00,7.485000133514404,7.53000020980835,7.414999961853027,7.485000133514404,105591,0.0,0.0
2022-10-03 11:30:00-04:00,7.489999771118164,7.5,7.454999923706055,7.465000152587891,72411,0.0,0.0
2022-10-03 12:30:00-04:00,7.465000152587891,7.519999980926514,7.460000038146973,7.519999980926514,70564,0.0,0.0
2022-10-03 13:30:00-04:00,7.519999980926514,7.539999961853027,7.5,7.53000020980835,91190,0.0,0.0
2022-10-03 14:30:00-04:00,7.525000095367432,7.550000190734863,7.505000114440918,7.525000095367432,117712,0.0,0.0
2022-10-03 15:30:00-04:00,7.525000095367432,7.539999961853027,7.460000038146973,7.489999771118164,180305,0.0,0.0
2022-10-04 09:30:00-04:00,7.53000020980835,7.699999809265137,7.53000020980835,7.690000057220459,71217,0.0,0.0
2022-10-04 10:30:00-04:00,7.690000057220459,7.710000038146973,7.635000228881836,7.65500020980835,90658,0.0,0.0
2022-10-04 11:30:00-04:00,7.65500020980835,7.659999847412109,7.614999771118164,7.625,54792,0.0,0.0
2022-10-04 12:30:00-04:00,7.630000114440918,7.639999866485596,7.579999923706055,7.59499979019165,43811,0.0,0.0
2022-10-04 13:30:00-04:00,7.59499979019165,7.625,7.579999923706055,7.590000152587891,56244,0.0,0.0
2022-10-04 14:30:00-04:00,7.590000152587891,7.630000114440918,7.590000152587891,7.630000114440918,86818,0.0,0.0
2022-10-04 15:30:00-04:00,7.630000114440918,7.690000057220459,7.625,7.690000057220459,182235,0.0,0.0
2022-10-05 09:30:00-04:00,7.579999923706055,7.630000114440918,7.420000076293945,7.425000190734863,343988,0.0,0.0
2022-10-05 10:30:00-04:00,7.420000076293945,7.494999885559082,7.409999847412109,7.449999809265137,83404,0.0,0.0
2022-10-05 11:30:00-04:00,7.460000038146973,7.510000228881836,7.440000057220459,7.480000019073486,70153,0.0,0.0
2022-10-05 12:30:00-04:00,7.480000019073486,7.525000095367432,7.465000152587891,7.514999866485596,53193,0.0,0.0
2022-10-05 13:30:00-04:00,7.525000095367432,7.554999828338623,7.5,7.545000076293945,63347,0.0,0.0
2022-10-05 14:30:00-04:00,7.545000076293945,7.59499979019165,7.534999847412109,7.570000171661377,75334,0.0,0.0
2022-10-05 15:30:00-04:00,7.574999809265137,7.574999809265137,7.5,7.519999980926514,164256,0.0,0.0
2022-10-06 09:30:00-04:00,7.480000019073486,7.59499979019165,7.465000152587891,7.46999979019165,182884,0.0,0.0
2022-10-06 10:30:00-04:00,7.460000038146973,7.489999771118164,7.429999828338623,7.46999979019165,87393,0.0,0.0
2022-10-06 11:30:00-04:00,7.465000152587891,7.465000152587891,7.400000095367432,7.454999923706055,64707,0.0,0.0
2022-10-06 12:30:00-04:00,7.449999809265137,7.480000019073486,7.394999980926514,7.40500020980835,91592,0.0,0.0
2022-10-06 13:30:00-04:00,7.40500020980835,7.414999961853027,7.380000114440918,7.394999980926514,62132,0.0,0.0
2022-10-06 14:30:00-04:00,7.400000095367432,7.409999847412109,7.34499979019165,7.364999771118164,96525,0.0,0.0
2022-10-06 15:30:00-04:00,7.375,7.380000114440918,7.329999923706055,7.349999904632568,194124,0.0,0.0
2022-10-07 09:30:00-04:00,7.289999961853027,7.329999923706055,7.170000076293945,7.230000019073486,140218,0.0,0.0
2022-10-07 10:30:00-04:00,7.21999979019165,7.25,7.195000171661377,7.215000152587891,83210,0.0,0.0
2022-10-07 11:30:00-04:00,7.215000152587891,7.224999904632568,7.144999980926514,7.159999847412109,67379,0.0,0.0
2022-10-07 12:30:00-04:00,7.159999847412109,7.159999847412109,7.110000133514404,7.130000114440918,128517,0.0,0.0
2022-10-07 13:30:00-04:00,7.130000114440918,7.135000228881836,7.090000152587891,7.105000019073486,90486,0.0,0.0
2022-10-07 14:30:00-04:00,7.105000019073486,7.114999771118164,7.070000171661377,7.074999809265137,119729,0.0,0.0
2022-10-07 15:30:00-04:00,7.074999809265137,7.110000133514404,7.059999942779541,7.099999904632568,512443,0.0,0.0
2022-10-10 09:30:00-04:00,7.139999866485596,7.184999942779541,7.074999809265137,7.110000133514404,126984,0.0,0.0
2022-10-10 10:30:00-04:00,7.099999904632568,7.110000133514404,7.045000076293945,7.099999904632568,102027,0.0,0.0
2022-10-10 11:30:00-04:00,7.09499979019165,7.110000133514404,7.065000057220459,7.085000038146973,161388,0.0,0.0
2022-10-10 12:30:00-04:00,7.085000038146973,7.135000228881836,7.059999942779541,7.135000228881836,96150,0.0,0.0
2022-10-10 13:30:00-04:00,7.135000228881836,7.170000076293945,7.079999923706055,7.090000152587891,130709,0.0,0.0
2022-10-10 14:30:00-04:00,7.099999904632568,7.110000133514404,7.034999847412109,7.034999847412109,211008,0.0,0.0
2022-10-10 15:30:00-04:00,7.034999847412109,7.099999904632568,7.034999847412109,7.070000171661377,402484,0.0,0.0
2022-10-11 09:30:00-04:00,7.070000171661377,7.090000152587891,6.974999904632568,7.045000076293945,114133,0.0,0.0
2022-10-11 10:30:00-04:00,7.045000076293945,7.125,7.039999961853027,7.125,53083,0.0,0.0
2022-10-11 11:30:00-04:00,7.130000114440918,7.179999828338623,7.079999923706055,7.135000228881836,560257,0.0,0.0
2022-10-11 12:30:00-04:00,7.130000114440918,7.150000095367432,7.079999923706055,7.079999923706055,434456,0.0,0.0
2022-10-11 13:30:00-04:00,7.079999923706055,7.114999771118164,7.074999809265137,7.105000019073486,533380,0.0,0.0
2022-10-11 14:30:00-04:00,7.105000019073486,7.130000114440918,6.989999771118164,7.034999847412109,474585,0.0,0.0
2022-10-11 15:30:00-04:00,7.034999847412109,7.059999942779541,7.005000114440918,7.050000190734863,934143,0.0,0.0
2022-10-12 09:30:00-04:00,7.050000190734863,7.050000190734863,6.84499979019165,6.90500020980835,349725,0.0,0.0
2022-10-12 10:30:00-04:00,6.900000095367432,6.949999809265137,6.885000228881836,6.920000076293945,128644,0.0,0.0
2022-10-12 11:30:00-04:00,6.920000076293945,6.945000171661377,6.84499979019165,6.849999904632568,663388,0.0,0.0
2022-10-12 12:30:00-04:00,6.860000133514404,6.909999847412109,6.855000019073486,6.885000228881836,163890,0.0,0.0
2022-10-12 13:30:00-04:00,6.887499809265137,6.887499809265137,6.820000171661377,6.864999771118164,407694,0.0,0.0
2022-10-12 14:30:00-04:00,6.864999771118164,6.869999885559082,6.809999942779541,6.809999942779541,218354,0.0,0.0
2022-10-12 15:30:00-04:00,6.815000057220459,6.817500114440918,6.75,6.75,385315,0.0,0.0
2022-10-13 09:30:00-04:00,6.630000114440918,6.65500020980835,6.465000152587891,6.565000057220459,459111,0.0,0.0
2022-10-13 10:30:00-04:00,6.565000057220459,6.690000057220459,6.489999771118164,6.630000114440918,501963,0.0,0.0
2022-10-13 11:30:00-04:00,6.630000114440918,6.760000228881836,6.610000133514404,6.755000114440918,299372,0.0,0.0
2022-10-13 12:30:00-04:00,6.755000114440918,6.835000038146973,6.71999979019165,6.829999923706055,170027,0.0,0.0
2022-10-13 13:30:00-04:00,6.840000152587891,6.889999866485596,6.829999923706055,6.835000038146973,179122,0.0,0.0
2022-10-13 14:30:00-04:00,6.835000038146973,6.880000114440918,6.835000038146973,6.835000038146973,287197,0.0,0.0
2022-10-13 15:30:00-04:00,6.840000152587891,6.889999866485596,6.815000057220459,6.860000133514404,343090,0.0,0.0
2022-10-14 09:30:00-04:00,6.960000038146973,7.010000228881836,6.775000095367432,6.784999847412109,192471,0.0,0.0
2022-10-14 10:30:00-04:00,6.789899826049805,6.849999904632568,6.730000019073486,6.78000020980835,188769,0.0,0.0
2022-10-14 11:30:00-04:00,6.775000095367432,6.784999847412109,6.690000057220459,6.78000020980835,292958,0.0,0.0
2022-10-14 12:30:00-04:00,6.78000020980835,6.800000190734863,6.744999885559082,6.764999866485596,118938,0.0,0.0
2022-10-14 13:30:00-04:00,6.764999866485596,6.789999961853027,6.735000133514404,6.784999847412109,83502,0.0,0.0
2022-10-14 14:30:00-04:00,6.78000020980835,6.78000020980835,6.690000057220459,6.739999771118164,217240,0.0,0.0
2022-10-14 15:30:00-04:00,6.735000133514404,6.739999771118164,6.679999828338623,6.690000057220459,292280,0.0,0.0
2022-10-17 09:30:00-04:00,6.849999904632568,6.980000019073486,6.800000190734863,6.96999979019165,122495,0.0,0.0
2022-10-17 10:30:00-04:00,6.960000038146973,7.025000095367432,6.954999923706055,7.014999866485596,119219,0.0,0.0
2022-10-17 11:30:00-04:00,7.019999980926514,7.054999828338623,7.005000114440918,7.045000076293945,83568,0.0,0.0
2022-10-17 12:30:00-04:00,7.045000076293945,7.059999942779541,7.03000020980835,7.054999828338623,58734,0.0,0.0
2022-10-17 13:30:00-04:00,7.059999942779541,7.099999904632568,7.059999942779541,7.065000057220459,101718,0.0,0.0
2022-10-17 14:30:00-04:00,7.070000171661377,7.074999809265137,7.039999961853027,7.059999942779541,105328,0.0,0.0
2022-10-17 15:30:00-04:00,7.059999942779541,7.114999771118164,7.050099849700928,7.090000152587891,323429,0.0,0.0
2022-10-18 09:30:00-04:00,7.230000019073486,7.349999904632568,7.230000019073486,7.275000095367432,230318,0.0,0.0
2022-10-18 10:30:00-04:00,7.28000020980835,7.300000190734863,7.195000171661377,7.215000152587891,162322,0.0,0.0
2022-10-18 11:30:00-04:00,7.21999979019165,7.269999980926514,7.210000038146973,7.239999771118164,96980,0.0,0.0
2022-10-18 12:30:00-04:00,7.244999885559082,7.28000020980835,7.224999904632568,7.255000114440918,181094,0.0,0.0
2022-10-18 13:30:00-04:00,7.255000114440918,7.315000057220459,7.255000114440918,7.315000057220459,138993,0.0,0.0
2022-10-18 14:30:00-04:00,7.315000057220459,7.320000171661377,7.239999771118164,7.309999942779541,521647,0.0,0.0
2022-10-18 15:30:00-04:00,7.300000190734863,7.329999923706055,7.239999771118164,7.269999980926514,366486,0.0,0.0
2022-10-19 09:30:00-04:00,7.159999847412109,7.28000020980835,7.135000228881836,7.28000020980835,289260,0.0,0.0
2022-10-19 10:30:00-04:00,7.28000020980835,7.284999847412109,7.210000038146973,7.21999979019165,188085,0.0,0.0
2022-10-19 11:30:00-04:00,7.21999979019165,7.269999980926514,7.199999809265137,7.230000019073486,190934,0.0,0.0
2022-10-19 12:30:00-04:00,7.230000019073486,7.230000019073486,7.125,7.150000095367432,126551,0.0,0.0
2022-10-19 13:30:00-04:00,7.150000095367432,7.215000152587891,7.144999980926514,7.195000171661377,110414,0.0,0.0
2022-10-19 14:30:00-04:00,7.199999809265137,7.239999771118164,7.179999828338623,7.204999923706055,135227,0.0,0.0
2022-10-19 15:30:00-04:00,7.204999923706055,7.21999979019165,7.164999961853027,7.170000076293945,346786,0.0,0.0
2022-10-20 09:30:00-04:00,7.210000038146973,7.380000114440918,7.150000095367432,7.34499979019165,523258,0.0,0.0
2022-10-20 10:30:00-04:00,7.34499979019165,7.449999809265137,7.340000152587891,7.394999980926514,779904,0.0,0.0
2022-10-20 11:30:00-04:00,7.394999980926514,7.409999847412109,7.340000152587891,7.364999771118164,398337,0.0,0.0
2022-10-20 12:30:00-04:00,7.364999771118164,7.429999828338623,7.34499979019165,7.360000133514404,1015904,0.0,0.0
2022-10-20 13:30:00-04:00,7.360000133514404,7.369999885559082,7.320000171661377,7.34499979019165,223963,0.0,0.0
2022-10-20 14:30:00-04:00,7.34499979019165,7.380000114440918,7.309999942779541,7.335000038146973,345077,0.0,0.0
2022-10-20 15:30:00-04:00,7.335000038146973,7.335000038146973,7.28000020980835,7.28000020980835,416919,0.0,0.0
2022-10-21 09:30:00-04:00,7.329999923706055,7.440000057220459,7.21999979019165,7.385000228881836,251213,0.0,0.0
2022-10-21 10:30:00-04:00,7.380000114440918,7.394999980926514,7.324999809265137,7.375,158847,0.0,0.0
2022-10-21 11:30:00-04:00,7.375,7.440000057220459,7.364999771118164,7.414999961853027,174360,0.0,0.0
2022-10-21 12:30:00-04:00,7.414999961853027,7.514999866485596,7.414999961853027,7.505000114440918,135260,0.0,0.0
2022-10-21 13:30:00-04:00,7.510000228881836,7.539999961853027,7.494999885559082,7.534999847412109,144066,0.0,0.0
2022-10-21 14:30:00-04:00,7.534999847412109,7.579999923706055,7.53000020980835,7.565000057220459,275078,0.0,0.0
2022-10-21 15:30:00-04:00,7.570000171661377,7.630000114440918,7.564000129699707,7.619999885559082,410801,0.0,0.0
2022-10-24 09:30:00-04:00,7.650000095367432,7.769999980926514,7.559999942779541,7.704999923706055,530029,0.0,0.0
2022-10-24 10:30:00-04:00,7.706500053405762,7.760000228881836,7.610000133514404,7.635000228881836,1843571,0.0,0.0
2022-10-24 11:30:00-04:00,7.635000228881836,7.659999847412109,7.610000133514404,7.625,387229,0.0,0.0
2022-10-24 12:30:00-04:00,7.625,7.635000228881836,7.59499979019165,7.619999885559082,411474,0.0,0.0
2022-10-24 13:30:00-04:00,7.614999771118164,7.625,7.59499979019165,7.599999904632568,638438,0.0,0.0
2022-10-24 14:30:00-04:00,7.59499979019165,7.619999885559082,7.579999923706055,7.605000019073486,703418,0.0,0.0
2022-10-24 15:30:00-04:00,7.605000019073486,7.610000133514404,7.550000190734863,7.559999942779541,1218809,0.0,0.0
2022-10-25 09:30:00-04:00,7.610000133514404,7.784999847412109,7.610000133514404,7.78000020980835,106678,0.0,0.0
2022-10-25 10:30:00-04:00,7.789999961853027,7.875,7.78000020980835,7.869999885559082,93134,0.0,0.0
2022-10-25 11:30:00-04:00,7.864999771118164,7.909999847412109,7.860000133514404,7.90500020980835,64112,0.0,0.0
2022-10-25 12:30:00-04:00,7.90500020980835,7.925000190734863,7.869999885559082,7.880000114440918,69688,0.0,0.0
2022-10-25 13:30:00-04:00,7.880000114440918,7.885000228881836,7.789999961853027,7.818999767303467,133938,0.0,0.0
2022-10-25 14:30:00-04:00,7.815000057220459,7.860000133514404,7.800000190734863,7.84499979019165,212453,0.0,0.0
2022-10-25 15:30:00-04:00,7.84499979019165,7.875,7.820000171661377,7.840000152587891,266631,0.0,0.0
2022-10-26 09:30:00-04:00,7.880000114440918,7.949999809265137,7.679999828338623,7.71999979019165,148583,0.0,0.0
2022-10-26 10:30:00-04:00,7.690000057220459,7.695000171661377,7.619999885559082,7.679999828338623,119526,0.0,0.0
2022-10-26 11:30:00-04:00,7.679999828338623,7.739999771118164,7.675000190734863,7.724999904632568,87406,0.0,0.0
2022-10-26 12:30:00-04:00,7.724999904632568,7.760000228881836,7.699999809265137,7.710000038146973,110067,0.0,0.0
2022-10-26 13:30:00-04:00,7.699999809265137,7.71999979019165,7.690000057220459,7.695000171661377,92545,0.0,0.0
2022-10-26 14:30:00-04:00,7.695000171661377,7.695000171661377,7.659999847412109,7.664999961853027,159680,0.0,0.0
2022-10-26 15:30:00-04:00,7.664999961853027,7.710000038146973,7.639999866485596,7.650000095367432,243695,0.0,0.0
2022-10-27 09:30:00-04:00,7.71999979019165,7.820000171661377,7.699999809265137,7.748499870300293,174705,0.0,0.0
2022-10-27 10:30:00-04:00,7.744999885559082,7.760000228881836,7.65500020980835,7.679999828338623,77033,0.0,0.0
2022-10-27 11:30:00-04:00,7.679999828338623,7.704999923706055,7.650000095367432,7.650000095367432,70822,0.0,0.0
2022-10-27 12:30:00-04:00,7.650000095367432,7.690000057220459,7.639999866485596,7.670000076293945,45593,0.0,0.0
2022-10-27 13:30:00-04:00,7.659999847412109,7.699999809265137,7.659999847412109,7.659999847412109,48525,0.0,0.0
2022-10-27 14:30:00-04:00,7.659999847412109,7.690000057220459,7.590000152587891,7.610000133514404,99597,0.0,0.0
2022-10-27 15:30:00-04:00,7.610000133514404,7.659999847412109,7.610000133514404,7.630000114440918,475775,0.0,0.0
2022-10-28 09:30:00-04:00,7.670000076293945,7.71999979019165,7.599999904632568,7.710000038146973,202460,0.0,0.0
2022-10-28 10:30:00-04:00,7.715000152587891,7.724999904632568,7.605000019073486,7.625,77772,0.0,0.0
2022-10-28 11:30:00-04:00,7.630000114440918,7.739999771118164,7.590000152587891,7.739999771118164,181574,0.0,0.0
2022-10-28 12:30:00-04:00,7.739999771118164,7.769999980926514,7.735000133514404,7.760000228881836,184271,0.0,0.0
2022-10-28 13:30:00-04:00,7.764999866485596,7.789999961853027,7.75,7.775000095367432,102802,0.0,0.0
2022-10-28 14:30:00-04:00,7.769999980926514,7.820000171661377,7.769999980926514,7.820000171661377,99722,0.0,0.0
2022-10-28 15:30:00-04:00,7.809999942779541,7.820000171661377,7.800000190734863,7.804999828338623,131660,0.0,0.0
2022-10-31 09:30:00-04:00,7.739999771118164,7.929999828338623,7.71999979019165,7.920000076293945,181109,0.0,0.0
2022-10-31 10:30:00-04:00,7.909999847412109,7.96999979019165,7.90500020980835,7.934999942779541,148262,0.0,0.0
2022-10-31 11:30:00-04:00,7.934999942779541,7.949999809265137,7.889999866485596,7.889999866485596,60063,0.0,0.0
2022-10-31 12:30:00-04:00,7.894999980926514,7.909999847412109,7.875,7.885000228881836,46847,0.0,0.0
2022-10-31 13:30:00-04:00,7.885000228881836,7.914999961853027,7.840000152587891,7.900000095367432,179336,0.0,0.0
2022-10-31 14:30:00-04:00,7.90500020980835,7.994999885559082,7.900000095367432,7.974999904632568,246675,0.0,0.0
2022-10-31 15:30:00-04:00,7.974999904632568,7.974999904632568,7.945000171661377,7.949999809265137,280283,0.0,0.0
2022-11-01 09:30:00-04:00,8.020000457763672,8.020000457763672,7.909999847412109,7.954999923706055,201191,0.0,0.0
2022-11-01 10:30:00-04:00,7.960000038146973,8.005000114440918,7.940000057220459,7.980000019073486,100634,0.0,0.0
2022-11-01 11:30:00-04:00,7.974999904632568,7.989999771118164,7.925000190734863,7.965000152587891,97102,0.0,0.0
2022-11-01 12:30:00-04:00,7.96999979019165,7.994999885559082,7.949999809265137,7.965000152587891,68194,0.0,0.0
2022-11-01 13:30:00-04:00,7.965000152587891,7.989999771118164,7.945000171661377,7.985000133514404,78807,0.0,0.0
2022-11-01 14:30:00-04:00,7.980000019073486,7.985000133514404,7.920000076293945,7.920000076293945,78831,0.0,0.0
2022-11-01 15:30:00-04:00,7.920000076293945,7.960000038146973,7.914999961853027,7.945000171661377,161406,0.0,0.0
2022-11-02 09:30:00-04:00,7.849999904632568,7.889999866485596,7.720399856567383,7.744999885559082,88480,0.0,0.0
2022-11-02 10:30:00-04:00,7.75,7.769999980926514,7.715000152587891,7.744999885559082,74376,0.0,0.0
2022-11-02 11:30:00-04:00,7.739999771118164,7.760000228881836,7.710000038146973,7.710000038146973,78748,0.0,0.0
2022-11-02 12:30:00-04:00,7.704999923706055,7.730000019073486,7.695000171661377,7.71999979019165,49886,0.0,0.0
2022-11-02 13:30:00-04:00,7.71999979019165,7.849999904632568,7.670000076293945,7.849999904632568,92014,0.0,0.0
2022-11-02 14:30:00-04:00,7.849999904632568,7.860000133514404,7.559999942779541,7.579999923706055,160393,0.0,0.0
2022-11-02 15:30:00-04:00,7.579999923706055,7.585000038146973,7.449999809265137,7.460000038146973,295704,0.0,0.0
2022-11-03 09:30:00-04:00,7.320000171661377,7.340000152587891,7.210000038146973,7.320000171661377,198493,0.0,0.0
2022-11-03 10:30:00-04:00,7.320000171661377,7.429999828338623,7.304999828338623,7.429999828338623,101703,0.0,0.0
2022-11-03 11:30:00-04:00,7.429999828338623,7.434999942779541,7.394999980926514,7.409999847412109,81658,0.0,0.0
2022-11-03 12:30:00-04:00,7.414999961853027,7.449999809265137,7.400000095367432,7.440000057220459,59153,0.0,0.0
2022-11-03 13:30:00-04:00,7.429999828338623,7.46999979019165,7.414999961853027,7.460000038146973,122277,0.0,0.0
2022-11-03 14:30:00-04:00,7.460000038146973,7.474999904632568,7.420000076293945,7.429999828338623,130364,0.0,0.0
2022-11-03 15:30:00-04:00,7.434999942779541,7.434999942779541,7.360000133514404,7.394999980926514,251897,0.0,0.0
2022-11-04 09:30:00-04:00,7.440000057220459,7.480000019073486,7.28000020980835,7.460000038146973,136336,0.0,0.0
2022-11-04 10:30:00-04:00,7.46999979019165,7.519999980926514,7.429999828338623,7.429999828338623,98671,0.0,0.0
2022-11-04 11:30:00-04:00,7.434999942779541,7.454999923706055,7.349999904632568,7.394999980926514,87876,0.0,0.0
2022-11-04 12:30:00-04:00,7.389999866485596,7.389999866485596,7.320000171661377,7.364999771118164,55775,0.0,0.0
2022-11-04 13:30:00-04:00,7.364999771118164,7.454999923706055,7.364999771118164,7.454999923706055,81881,0.0,0.0
2022-11-04 14:30:00-04:00,7.454999923706055,7.525000095367432,7.454699993133545,7.489999771118164,93599,0.0,0.0
2022-11-04 15:30:00-04:00,7.489999771118164,7.525000095367432,7.485000133514404,7.514999866485596,175554,0.0,0.0
2022-11-07 09:30:00-05:00,7.539999961853027,7.630000114440918,7.355000019073486,7.375,130892,0.0,0.0
2022-11-07 10:30:00-05:00,7.375,7.457499980926514,7.320000171661377,7.449999809265137,100773,0.0,0.0
2022-11-07 11:30:00-05:00,7.460000038146973,7.460000038146973,7.360000133514404,7.385000228881836,110665,0.0,0.0
2022-11-07 12:30:00-05:00,7.385000228881836,7.389999866485596,7.340000152587891,7.340000152587891,112027,0.0,0.0
2022-11-07 13:30:00-05:00,7.340000152587891,7.394999980926514,7.329999923706055,7.385000228881836,163613,0.0,0.0
2022-11-07 14:30:00-05:00,7.385000228881836,7.400000095367432,7.360000133514404,7.364999771118164,164119,0.0,0.0
2022-11-07 15:30:00-05:00,7.364999771118164,7.389999866485596,7.340000152587891,7.380000114440918,249756,0.0,0.0
2022-11-08 09:30:00-05:00,7.550000190734863,7.690000057220459,7.079999923706055,7.190000057220459,159996,0.0,0.0
2022-11-08 10:30:00-05:00,7.190000057220459,7.289999961853027,7.170000076293945,7.204999923706055,217386,0.0,0.0
2022-11-08 11:30:00-05:00,7.204999923706055,7.309999942779541,7.204999923706055,7.304999828338623,68388,0.0,0.0
2022-11-08 12:30:00-05:00,7.308800220489502,7.329999923706055,7.204999923706055,7.204999923706055,78150,0.0,0.0
2022-11-08 13:30:00-05:00,7.199999809265137,7.269999980926514,7.199999809265137,7.204999923706055,82786,0.0,0.0
2022-11-08 14:30:00-05:00,7.204999923706055,7.309999942779541,7.184999942779541,7.260000228881836,165647,0.0,0.0
2022-11-08 15:30:00-05:00,7.269999980926514,7.317999839782715,7.21999979019165,7.25,246667,0.0,0.0
2022-11-09 09:30:00-05:00,7.179999828338623,7.269999980926514,7.110000133514404,7.175000190734863,138337,0.0,0.0
2022-11-09 10:30:00-05:00,7.175000190734863,7.215000152587891,7.170000076293945,7.190000057220459,104216,0.0,0.0
2022-11-09 11:30:00-05:00,7.190000057220459,7.269999980926514,7.135000228881836,7.244999885559082,103315,0.0,0.0
2022-11-09 12:30:00-05:00,7.244999885559082,7.260000228881836,7.175000190734863,7.184999942779541,86219,0.0,0.0
2022-11-09 13:30:00-05:00,7.179999828338623,7.184999942779541,7.130000114440918,7.135000228881836,103077,0.0,0.0
2022-11-09 14:30:00-05:00,7.130000114440918,7.170000076293945,7.079999923706055,7.170000076293945,183665,0.0,0.0
2022-11-09 15:30:00-05:00,7.159999847412109,7.199999809265137,7.159999847412109,7.190000057220459,344627,0.0,0.0
2022-11-10 09:30:00-05:00,7.489999771118164,7.690000057220459,7.320000171661377,7.679999828338623,177547,0.0,0.0
2022-11-10 10:30:00-05:00,7.679999828338623,7.755000114440918,7.670000076293945,7.75,135189,0.0,0.0
2022-11-10 11:30:00-05:00,7.744999885559082,7.784999847412109,7.730000019073486,7.739999771118164,93609,0.0,0.0
2022-11-10 12:30:00-05:00,7.739999771118164,7.739999771118164,7.664999961853027,7.679999828338623,69346,0.0,0.0
2022-11-10 13:30:00-05:00,7.684999942779541,7.704999923706055,7.644999980926514,7.664999961853027,97178,0.0,0.0
2022-11-10 14:30:00-05:00,7.659999847412109,7.715000152587891,7.644999980926514,7.704999923706055,167563,0.0,0.0
2022-11-10 15:30:00-05:00,7.704999923706055,7.78000020980835,7.704999923706055,7.78000020980835,264808,0.0,0.0
2022-11-11 09:30:00-05:00,7.800000190734863,7.900000095367432,7.690000057220459,7.860000133514404,151276,0.0,0.0
2022-11-11 10:30:00-05:00,7.855000019073486,7.869999885559082,7.75,7.755000114440918,121306,0.0,0.0
2022-11-11 11:30:00-05:00,7.75,7.769999980926514,7.699999809265137,7.710000038146973,99846,0.0,0.0
2022-11-11 12:30:00-05:00,7.715000152587891,7.760000228881836,7.699999809265137,7.739999771118164,108639,0.0,0.0
2022-11-11 13:30:00-05:00,7.744999885559082,7.769999980926514,7.730000019073486,7.764999866485596,97828,0.0,0.0
2022-11-11 14:30:00-05:00,7.769999980926514,7.78000020980835,7.715000152587891,7.744999885559082,167195,0.0,0.0
2022-11-11 15:30:00-05:00,7.744999885559082,7.755000114440918,7.724999904632568,7.739999771118164,298048,0.0,0.0
2022-11-14 09:30:00-05:00,7.699999809265137,7.84499979019165,7.605000019073486,7.755000114440918,188417,0.0,0.0
2022-11-14 10:30:00-05:00,7.755000114440918,7.800000190734863,7.710000038146973,7.710000038146973,72024,0.0,0.0
2022-11-14 11:30:00-05:00,7.710000038146973,7.735000133514404,7.679999828338623,7.715000152587891,51506,0.0,0.0
2022-11-14 12:30:00-05:00,7.710000038146973,7.739999771118164,7.679999828338623,7.71999979019165,82758,0.0,0.0
2022-11-14 13:30:00-05:00,7.715000152587891,7.75,7.659999847412109,7.675000190734863,74887,0.0,0.0
2022-11-14 14:30:00-05:00,7.675000190734863,7.690000057220459,7.630000114440918,7.664999961853027,104658,0.0,0.0
2022-11-14 15:30:00-05:00,7.659999847412109,7.664999961853027,7.619999885559082,7.630000114440918,235624,0.0,0.0
2022-11-15 09:30:00-05:00,7.769999980926514,7.940000057220459,7.724999904632568,7.929999828338623,173768,0.0,0.0
2022-11-15 10:30:00-05:00,7.934999942779541,7.940000057220459,7.880000114440918,7.885000228881836,95185,0.0,0.0
2022-11-15 11:30:00-05:00,7.900000095367432,7.965000152587891,7.849999904632568,7.864999771118164,209301,0.0,0.0
2022-11-15 12:30:00-05:00,7.860000133514404,7.869999885559082,7.730000019073486,7.730000019073486,161846,0.0,0.0
2022-11-15 13:30:00-05:00,7.730000019073486,7.760000228881836,7.679999828338623,7.71999979019165,125226,0.0,0.0
2022-11-15 14:30:00-05:00,7.71999979019165,7.769999980926514,7.704999923706055,7.724999904632568,79935,0.0,0.0
2022-11-15 15:30:00-05:00,7.730000019073486,7.769999980926514,7.730000019073486,7.764999866485596,172381,0.0,0.0
2022-11-16 09:30:00-05:00,7.710000038146973,7.789999961853027,7.664999961853027,7.760000228881836,98675,0.0,0.0
2022-11-16 10:30:00-05:00,7.75,7.78000020980835,7.739999771118164,7.769999980926514,89808,0.0,0.0
2022-11-16 11:30:00-05:00,7.769999980926514,7.820000171661377,7.760000228881836,7.809999942779541,62531,0.0,0.0
2022-11-16 12:30:00-05:00,7.809999942779541,7.920000076293945,7.809999942779541,7.889999866485596,129945,0.0,0.0
2022-11-16 13:30:00-05:00,7.894999980926514,7.894999980926514,7.849999904632568,7.864999771118164,141342,0.0,0.0
2022-11-16 14:30:00-05:00,7.864999771118164,7.900000095367432,7.84499979019165,7.880000114440918,179738,0.0,0.0
2022-11-16 15:30:00-05:00,7.880000114440918,7.920000076293945,7.849999904632568,7.864999771118164,358466,0.0,0.0
2022-11-17 09:30:00-05:00,7.769999980926514,7.789999961853027,7.659999847412109,7.744999885559082,75705,0.0,0.0
2022-11-17 10:30:00-05:00,7.75,7.760000228881836,7.715000152587891,7.755000114440918,60020,0.0,0.0
2022-11-17 11:30:00-05:00,7.755000114440918,7.755000114440918,7.704999923706055,7.735000133514404,44806,0.0,0.0
2022-11-17 12:30:00-05:00,7.739999771118164,7.760000228881836,7.715000152587891,7.744999885559082,44544,0.0,0.0
2022-11-17 13:30:00-05:00,7.75,7.75,7.704999923706055,7.71999979019165,43250,0.0,0.0
2022-11-17 14:30:00-05:00,7.71999979019165,7.744999885559082,7.684999942779541,7.735000133514404,97446,0.0,0.0
2022-11-17 15:30:00-05:00,7.739999771118164,7.809999942779541,7.730000019073486,7.800000190734863,221235,0.0,0.0
2022-11-18 09:30:00-05:00,7.980000019073486,8.015000343322754,7.940000057220459,8.0,151965,0.0,0.0
2022-11-18 10:30:00-05:00,8.0,8.050000190734863,7.980000019073486,8.024999618530273,116568,0.0,0.0
2022-11-18 11:30:00-05:00,8.024999618530273,8.039999961853027,7.949999809265137,7.96999979019165,71217,0.0,0.0
2022-11-18 12:30:00-05:00,7.965000152587891,7.980000019073486,7.925000190734863,7.929999828338623,48540,0.0,0.0
2022-11-18 13:30:00-05:00,7.940000057220459,7.980000019073486,7.940000057220459,7.96999979019165,70349,0.0,0.0
2022-11-18 14:30:00-05:00,7.974999904632568,8.0,7.960000038146973,8.0,61688,0.0,0.0
2022-11-18 15:30:00-05:00,8.0,8.005000114440918,7.960000038146973,7.980000019073486,144846,0.0,0.0
2022-11-21 09:30:00-05:00,7.96999979019165,8.011500358581543,7.929999828338623,7.929999828338623,78028,0.0,0.0
2022-11-21 10:30:00-05:00,7.934999942779541,7.945000171661377,7.889999866485596,7.894999980926514,36096,0.0,0.0
2022-11-21 11:30:00-05:00,7.894999980926514,7.900000095367432,7.860000133514404,7.898900032043457,36469,0.0,0.0
2022-11-21 12:30:00-05:00,7.900000095367432,8.010000228881836,7.894999980926514,8.010000228881836,129716,0.0,0.0
2022-11-21 13:30:00-05:00,8.010000228881836,8.020000457763672,7.980000019073486,7.989999771118164,47359,0.0,0.0
2022-11-21 14:30:00-05:00,7.985000133514404,8.0,7.960000038146973,7.994999885559082,48450,0.0,0.0
2022-11-21 15:30:00-05:00,8.0,8.015000343322754,7.989999771118164,7.989999771118164,137460,0.0,0.0
2022-11-22 09:30:00-05:00,8.010000228881836,8.074999809265137,7.980000019073486,8.0649995803833,76920,0.0,0.0
2022-11-22 10:30:00-05:00,8.0649995803833,8.0649995803833,8.029999732971191,8.03499984741211,37383,0.0,0.0
2022-11-22 11:30:00-05:00,8.039999961853027,8.055000305175781,8.03499984741211,8.045000076293945,54083,0.0,0.0
2022-11-22 12:30:00-05:00,8.045000076293945,8.079999923706055,8.039999961853027,8.0649995803833,38966,0.0,0.0
2022-11-22 13:30:00-05:00,8.0649995803833,8.079999923706055,8.055000305175781,8.0600004196167,63867,0.0,0.0
2022-11-22 14:30:00-05:00,8.069999694824219,8.069999694824219,8.050000190734863,8.055000305175781,57626,0.0,0.0
2022-11-22 15:30:00-05:00,8.055000305175781,8.109999656677246,8.050000190734863,8.095000267028809,202758,0.0,0.0
2022-11-23 09:30:00-05:00,8.09000015258789,8.100000381469727,8.010000228881836,8.079999923706055,55699,0.0,0.0
2022-11-23 10:30:00-05:00,8.085000038146973,8.130000114440918,8.085000038146973,8.109999656677246,60499,0.0,0.0
2022-11-23 11:30:00-05:00,8.104999542236328,8.109999656677246,8.029999732971191,8.0600004196167,35436,0.0,0.0
2022-11-23 12:30:00-05:00,8.0600004196167,8.069999694824219,8.039999961853027,8.0600004196167,53933,0.0,0.0
2022-11-23 13:30:00-05:00,8.0600004196167,8.100000381469727,8.039999961853027,8.085000038146973,77933,0.0,0.0
2022-11-23 14:30:00-05:00,8.079999923706055,8.09749984741211,8.0600004196167,8.085000038146973,71639,0.0,0.0
2022-11-23 15:30:00-05:00,8.085000038146973,8.100000381469727,8.079999923706055,8.09000015258789,66474,0.0,0.0
2022-11-25 09:30:00-05:00,8.130000114440918,8.175000190734863,8.079999923706055,8.130000114440918,50926,0.0,0.0
2022-11-25 10:30:00-05:00,8.130000114440918,8.140000343322754,8.104999542236328,8.138799667358398,23014,0.0,0.0
2022-11-25 11:30:00-05:00,8.140000343322754,8.180000305175781,8.140000343322754,8.164999961853027,44001,0.0,0.0
2022-11-28 09:30:00-05:00,8.149999618530273,8.1899995803833,8.074999809265137,8.175000190734863,69526,0.0,0.0
2022-11-28 10:30:00-05:00,8.175000190734863,8.175000190734863,8.130000114440918,8.145000457763672,62819,0.0,0.0
2022-11-28 11:30:00-05:00,8.145000457763672,8.170000076293945,8.135000228881836,8.154999732971191,46312,0.0,0.0
2022-11-28 12:30:00-05:00,8.154999732971191,8.15999984741211,8.109999656677246,8.125,43681,0.0,0.0
2022-11-28 13:30:00-05:00,8.125,8.130000114440918,8.074999809265137,8.085000038146973,70419,0.0,0.0
2022-11-28 14:30:00-05:00,8.09000015258789,8.09000015258789,8.005000114440918,8.005000114440918,56328,0.0,0.0
2022-11-28 15:30:00-05:00,8.005000114440918,8.029999732971191,7.994999885559082,8.020000457763672,96645,0.0,0.0
2022-11-29 09:30:00-05:00,8.0,8.114999771118164,7.974999904632568,8.114999771118164,100209,0.0,0.0
2022-11-29 10:30:00-05:00,8.11620044708252,8.1850004196167,8.114999771118164,8.15999984741211,81623,0.0,0.0
2022-11-29 11:30:00-05:00,8.154999732971191,8.15999984741211,8.09000015258789,8.095000267028809,81364,0.0,0.0
2022-11-29 12:30:00-05:00,8.095000267028809,8.107500076293945,8.079999923706055,8.080100059509277,62001,0.0,0.0
2022-11-29 13:30:00-05:00,8.087499618530273,8.09000015258789,8.0600004196167,8.085000038146973,54452,0.0,0.0
2022-11-29 14:30:00-05:00,8.079999923706055,8.09749984741211,8.0649995803833,8.074999809265137,120772,0.0,0.0
2022-11-29 15:30:00-05:00,8.074999809265137,8.09000015258789,8.050000190734863,8.074999809265137,196569,0.0,0.0
2022-11-30 09:30:00-05:00,8.029999732971191,8.114999771118164,7.994999885559082,8.085000038146973,63645,0.0,0.0
2022-11-30 10:30:00-05:00,8.079999923706055,8.1899995803833,8.079999923706055,8.1850004196167,78862,0.0,0.0
2022-11-30 11:30:00-05:00,8.1850004196167,8.239999771118164,8.1850004196167,8.225000381469727,77343,0.0,0.0
2022-11-30 12:30:00-05:00,8.229999542236328,8.244999885559082,8.204999923706055,8.225000381469727,53696,0.0,0.0
2022-11-30 13:30:00-05:00,8.225000381469727,8.359999656677246,8.199999809265137,8.305000305175781,155447,0.0,0.0
2022-11-30 14:30:00-05:00,8.305000305175781,8.3100004196167,8.274999618530273,8.295000076293945,141655,0.0,0.0
2022-11-30 15:30:00-05:00,8.295000076293945,8.399999618530273,8.295000076293945,8.380000114440918,215795,0.0,0.0
2022-12-01 09:30:00-05:00,8.420000076293945,8.489999771118164,8.300000190734863,8.300000190734863,57593,0.0,0.0
2022-12-01 10:30:00-05:00,8.305000305175781,8.380000114440918,8.28499984741211,8.35990047454834,59362,0.0,0.0
2022-12-01 11:30:00-05:00,8.354999542236328,8.354999542236328,8.305000305175781,8.345000267028809,57351,0.0,0.0
2022-12-01 12:30:00-05:00,8.345000267028809,8.364999771118164,8.295000076293945,8.300000190734863,52235,0.0,0.0
2022-12-01 13:30:00-05:00,8.300000190734863,8.34000015258789,8.279999732971191,8.305000305175781,59679,0.0,0.0
2022-12-01 14:30:00-05:00,8.3100004196167,8.3100004196167,8.260000228881836,8.279999732971191,81173,0.0,0.0
2022-12-01 15:30:00-05:00,8.279999732971191,8.3100004196167,8.274999618530273,8.300000190734863,179073,0.0,0.0
2022-12-02 09:30:00-05:00,8.260000228881836,8.300000190734863,8.260000228881836,8.270000457763672,59790,0.0,0.0
2022-12-02 10:30:00-05:00,8.3149995803833,8.34000015258789,8.295000076293945,8.3100004196167,44677,0.0,0.0
2022-12-02 11:30:00-05:00,8.274999618530273,8.300000190734863,8.265000343322754,8.289999961853027,84431,0.0,0.0
2022-12-02 12:30:00-05:00,8.270000457763672,8.274999618530273,8.255000114440918,8.270000457763672,27820,0.0,0.0
2022-12-02 13:30:00-05:00,8.274999618530273,8.274999618530273,8.255000114440918,8.260000228881836,23966,0.0,0.0
2022-12-02 14:30:00-05:00,8.260000228881836,8.300000190734863,8.25,8.289999961853027,65928,0.0,0.0
2022-12-02 15:30:00-05:00,8.279999732971191,8.28499984741211,8.270000457763672,8.270000457763672,21375,0.0,0.0
2022-12-05 09:30:00-05:00,8.210000038146973,8.369999885559082,8.109999656677246,8.359999656677246,113414,0.0,0.0
2022-12-05 10:30:00-05:00,8.354999542236328,8.399999618530273,8.350000381469727,8.364999771118164,105554,0.0,0.0
2022-12-05 11:30:00-05:00,8.369999885559082,8.380000114440918,8.25,8.260000228881836,108564,0.0,0.0
2022-12-05 12:30:00-05:00,8.260000228881836,8.270000457763672,8.229999542236328,8.234999656677246,42453,0.0,0.0
2022-12-05 13:30:00-05:00,8.239999771118164,8.260000228881836,8.220000267028809,8.225000381469727,55680,0.0,0.0
2022-12-05 14:30:00-05:00,8.225000381469727,8.25,8.140000343322754,8.140000343322754,166361,0.0,0.0
2022-12-05 15:30:00-05:00,8.140000343322754,8.149999618530273,8.0649995803833,8.09000015258789,204838,0.0,0.0
2022-12-06 09:30:00-05:00,8.100000381469727,8.210000038146973,8.100000381469727,8.135000228881836,139471,0.0,0.0
2022-12-06 10:30:00-05:00,8.140000343322754,8.154999732971191,8.114999771118164,8.135000228881836,68000,0.0,0.0
2022-12-06 11:30:00-05:00,8.135000228881836,8.167499542236328,8.114999771118164,8.140000343322754,94559,0.0,0.0
2022-12-06 12:30:00-05:00,8.140000343322754,8.140000343322754,8.104999542236328,8.104999542236328,58919,0.0,0.0
2022-12-06 13:30:00-05:00,8.104999542236328,8.109999656677246,8.029999732971191,8.045000076293945,78746,0.0,0.0
2022-12-06 14:30:00-05:00,8.045000076293945,8.055000305175781,7.989999771118164,8.005000114440918,140012,0.0,0.0
2022-12-06 15:30:00-05:00,8.005000114440918,8.0600004196167,8.0,8.0600004196167,124794,0.0,0.0
2022-12-07 09:30:00-05:00,8.020000457763672,8.170000076293945,8.0,8.164999961853027,165763,0.0,0.0
2022-12-07 10:30:00-05:00,8.170000076293945,8.175000190734863,8.095000267028809,8.095000267028809,150765,0.0,0.0
2022-12-07 11:30:00-05:00,8.095000267028809,8.164999961853027,8.09000015258789,8.154999732971191,75923,0.0,0.0
2022-12-07 12:30:00-05:00,8.15999984741211,8.178899765014648,8.149999618530273,8.175000190734863,110578,0.0,0.0
2022-12-07 13:30:00-05:00,8.170000076293945,8.170000076293945,8.109999656677246,8.109999656677246,87823,0.0,0.0
2022-12-07 14:30:00-05:00,8.119999885559082,8.130000114440918,8.069999694824219,8.085000038146973,50268,0.0,0.0
2022-12-07 15:30:00-05:00,8.085000038146973,8.100000381469727,8.079999923706055,8.09000015258789,62299,0.0,0.0
2022-12-08 09:30:00-05:00,8.170000076293945,8.295000076293945,8.15999984741211,8.255000114440918,102580,0.0,0.0
2022-12-08 10:30:00-05:00,8.255000114440918,8.260000228881836,8.1899995803833,8.199999809265137,68468,0.0,0.0
2022-12-08 11:30:00-05:00,8.204999923706055,8.210000038146973,8.180000305175781,8.1850004196167,73702,0.0,0.0
2022-12-08 12:30:00-05:00,8.180000305175781,8.204999923706055,8.170000076293945,8.1850004196167,51677,0.0,0.0
2022-12-08 13:30:00-05:00,8.1899995803833,8.210000038146973,8.135000228881836,8.145000457763672,153944,0.0,0.0
2022-12-08 14:30:00-05:00,8.140000343322754,8.15999984741211,8.119999885559082,8.145000457763672,142156,0.0,0.0
2022-12-08 15:30:00-05:00,8.145000457763672,8.15999984741211,8.135000228881836,8.149999618530273,188496,0.0,0.0
2022-12-09 09:30:00-05:00,8.109999656677246,8.140000343322754,8.031700134277344,8.045000076293945,101350,0.0,0.0
2022-12-09 10:30:00-05:00,8.045000076293945,8.100000381469727,7.994999885559082,8.055000305175781,118272,0.0,0.0
2022-12-09 11:30:00-05:00,8.055000305175781,8.069999694824219,8.039999961853027,8.039999961853027,42129,0.0,0.0
2022-12-09 12:30:00-05:00,8.045000076293945,8.069999694824219,8.03499984741211,8.0649995803833,83018,0.0,0.0
2022-12-09 13:30:00-05:00,8.0649995803833,8.069999694824219,8.050000190734863,8.055000305175781,72431,0.0,0.0
2022-12-09 14:30:00-05:00,8.055000305175781,8.0600004196167,8.03499984741211,8.03499984741211,99327,0.0,0.0
2022-12-09 15:30:00-05:00,8.029999732971191,8.050000190734863,8.020000457763672,8.020000457763672,283116,0.0,0.0
2022-12-12 09:30:00-05:00,8.050000190734863,8.055000305175781,7.914999961853027,7.96999979019165,100849,0.0,0.0
2022-12-12 10:30:00-05:00,7.96999979019165,8.010000228881836,7.965000152587891,8.005000114440918,95021,0.0,0.0
2022-12-12 11:30:00-05:00,8.000499725341797,8.005000114440918,7.96999979019165,7.994999885559082,74507,0.0,0.0
2022-12-12 12:30:00-05:00,8.0,8.010000228881836,7.980000019073486,8.0,58006,0.0,0.0
2022-12-12 13:30:00-05:00,8.0,8.020000457763672,7.994999885559082,8.0,96929,0.0,0.0
2022-12-12 14:30:00-05:00,8.0,8.119999885559082,7.989999771118164,8.100000381469727,290913,0.0,0.0
2022-12-12 15:30:00-05:00,8.100000381469727,8.109999656677246,8.050000190734863,8.0600004196167,150742,0.0,0.0
2022-12-13 09:30:00-05:00,8.319999694824219,8.390000343322754,8.09000015258789,8.109999656677246,149728,0.0,0.0
2022-12-13 10:30:00-05:00,8.109999656677246,8.164999961853027,8.100000381469727,8.140000343322754,77023,0.0,0.0
2022-12-13 11:30:00-05:00,8.140000343322754,8.154999732971191,8.090800285339355,8.114999771118164,88127,0.0,0.0
2022-12-13 12:30:00-05:00,8.109999656677246,8.125,8.074999809265137,8.104999542236328,92963,0.0,0.0
2022-12-13 13:30:00-05:00,8.100000381469727,8.15999984741211,8.100000381469727,8.135000228881836,133260,0.0,0.0
2022-12-13 14:30:00-05:00,8.135000228881836,8.154999732971191,8.100000381469727,8.149999618530273,96793,0.0,0.0
2022-12-13 15:30:00-05:00,8.149999618530273,8.15999984741211,8.119999885559082,8.140000343322754,174605,0.0,0.0
2022-12-14 09:30:00-05:00,8.109999656677246,8.25,8.109999656677246,8.244999885559082,123091,0.0,0.0
2022-12-14 10:30:00-05:00,8.244999885559082,8.274999618530273,8.199999809265137,8.210000038146973,98474,0.0,0.0
2022-12-14 11:30:00-05:00,8.204999923706055,8.210000038146973,8.170000076293945,8.180000305175781,45554,0.0,0.0
2022-12-14 12:30:00-05:00,8.170999526977539,8.180000305175781,8.15999984741211,8.15999984741211,33522,0.0,0.0
2022-12-14 13:30:00-05:00,8.164999961853027,8.175000190734863,8.020000457763672,8.074999809265137,84664,0.0,0.0
2022-12-14 14:30:00-05:00,8.074999809265137,8.15999984741211,8.020000457763672,8.020000457763672,167952,0.0,0.0
2022-12-14 15:30:00-05:00,8.010000228881836,8.055000305175781,8.010000228881836,8.020000457763672,208879,0.0,0.0
2022-12-15 09:30:00-05:00,7.949999809265137,8.010000228881836,7.929999828338623,7.994999885559082,79489,0.0,0.0
2022-12-15 10:30:00-05:00,7.989999771118164,7.989999771118164,7.849999904632568,7.849999904632568,133642,0.0,0.0
2022-12-15 11:30:00-05:00,7.855000019073486,7.914999961853027,7.855000019073486,7.914999961853027,68331,0.0,0.0
2022-12-15 12:30:00-05:00,7.920000076293945,7.934999942779541,7.855000019073486,7.855000019073486,92669,0.0,0.0
2022-12-15 13:30:00-05:00,7.855000019073486,7.925000190734863,7.849999904632568,7.920000076293945,259963,0.0,0.0
2022-12-15 14:30:00-05:00,7.914999961853027,7.934999942779541,7.885000228881836,7.934999942779541,326038,0.0,0.0
2022-12-15 15:30:00-05:00,7.934999942779541,7.954999923706055,7.914999961853027,7.940000057220459,167068,0.0,0.0
2022-12-16 09:30:00-05:00,7.789999961853027,7.809999942779541,7.659999847412109,7.735000133514404,367103,0.0,0.0
2022-12-16 10:30:00-05:00,7.739999771118164,7.775000095367432,7.7220001220703125,7.744999885559082,79335,0.0,0.0
2022-12-16 11:30:00-05:00,7.75,7.775000095367432,7.710000038146973,7.735000133514404,82561,0.0,0.0
2022-12-16 12:30:00-05:00,7.735000133514404,7.760000228881836,7.640100002288818,7.644999980926514,104886,0.0,0.0
2022-12-16 13:30:00-05:00,7.639999866485596,7.670000076293945,7.610000133514404,7.644999980926514,88393,0.0,0.0
2022-12-16 14:30:00-05:00,7.644999980926514,7.735000133514404,7.619999885559082,7.735000133514404,166633,0.0,0.0
2022-12-16 15:30:00-05:00,7.739999771118164,7.769999980926514,7.699999809265137,7.699999809265137,305321,0.0,0.0
2022-12-19 09:30:00-05:00,7.670000076293945,7.680799961090088,7.580100059509277,7.625,97405,0.0,0.0
2022-12-19 10:30:00-05:00,7.619999885559082,7.639999866485596,7.571000099182129,7.571000099182129,63186,0.0,0.0
2022-12-19 11:30:00-05:00,7.570000171661377,7.570000171661377,7.534999847412109,7.545000076293945,65873,0.0,0.0
2022-12-19 12:30:00-05:00,7.550000190734863,7.579999923706055,7.539999961853027,7.550000190734863,65664,0.0,0.0
2022-12-19 13:30:00-05:00,7.554999828338623,7.554999828338623,7.480000019073486,7.480000019073486,85206,0.0,0.0
2022-12-19 14:30:00-05:00,7.480000019073486,7.489999771118164,7.445000171661377,7.454999923706055,139794,0.0,0.0
2022-12-19 15:30:00-05:00,7.454999923706055,7.489999771118164,7.420000076293945,7.474999904632568,187356,0.0,0.0
2022-12-20 09:30:00-05:00,7.46999979019165,7.489999771118164,7.34499979019165,7.474999904632568,170213,0.0,0.0
2022-12-20 10:30:00-05:00,7.480000019073486,7.505000114440918,7.449999809265137,7.454999923706055,124161,0.0,0.0
2022-12-20 11:30:00-05:00,7.454999923706055,7.46999979019165,7.445000171661377,7.454999923706055,95152,0.0,0.0
2022-12-20 12:30:00-05:00,7.454999923706055,7.454999923706055,7.409999847412109,7.420000076293945,77196,0.0,0.0
2022-12-20 13:30:00-05:00,7.420000076293945,7.460000038146973,7.409999847412109,7.425000190734863,153621,0.0,0.0
2022-12-20 14:30:00-05:00,7.425000190734863,7.429999828338623,7.402500152587891,7.425000190734863,131207,0.0,0.0
2022-12-20 15:30:00-05:00,7.425000190734863,7.429999828338623,7.369999885559082,7.414999961853027,250479,0.0,0.0
2022-12-21 09:30:00-05:00,7.489999771118164,7.570000171661377,7.480000019073486,7.550000190734863,75478,0.0,0.0
2022-12-21 10:30:00-05:00,7.545000076293945,7.579999923706055,7.545000076293945,7.565000057220459,72539,0.0,0.0
2022-12-21 11:30:00-05:00,7.565000057220459,7.59499979019165,7.565000057220459,7.590000152587891,55647,0.0,0.0
2022-12-21 12:30:00-05:00,7.590000152587891,7.59499979019165,7.565000057220459,7.574999809265137,66302,0.0,0.0
2022-12-21 13:30:00-05:00,7.579999923706055,7.585000038146973,7.510000228881836,7.510000228881836,81506,0.0,0.0
2022-12-21 14:30:00-05:00,7.510000228881836,7.514999866485596,7.425000190734863,7.429999828338623,128192,0.0,0.0
2022-12-21 15:30:00-05:00,7.434999942779541,7.440000057220459,7.389999866485596,7.414999961853027,194291,0.0,0.0
2022-12-22 09:30:00-05:00,7.369999885559082,7.369999885559082,7.269999980926514,7.329999923706055,96980,0.0,0.0
2022-12-22 10:30:00-05:00,7.324999809265137,7.380000114440918,7.320000171661377,7.360000133514404,128830,0.0,0.0
2022-12-22 11:30:00-05:00,7.360000133514404,7.360000133514404,7.275000095367432,7.275000095367432,93329,0.0,0.0
2022-12-22 12:30:00-05:00,7.275000095367432,7.289999961853027,7.239999771118164,7.255000114440918,62384,0.0,0.0
2022-12-22 13:30:00-05:00,7.25,7.25,7.215000152587891,7.239999771118164,90164,0.0,0.0
2022-12-22 14:30:00-05:00,7.235000133514404,7.309999942779541,7.215000152587891,7.304999828338623,345598,0.0,0.0
2022-12-22 15:30:00-05:00,7.304999828338623,7.320000171661377,7.289999961853027,7.315000057220459,329857,0.0,0.0
2022-12-23 09:30:00-05:00,7.289999961853027,7.34499979019165,7.264999866485596,7.309999942779541,129774,0.0,0.0
2022-12-23 10:30:00-05:00,7.309999942779541,7.320000171661377,7.260000228881836,7.264999866485596,80984,0.0,0.0
2022-12-23 11:30:00-05:00,7.268499851226807,7.315000057220459,7.261600017547607,7.289999961853027,63233,0.0,0.0
2022-12-23 12:30:00-05:00,7.289999961853027,7.300000190734863,7.28000020980835,7.284999847412109,54838,0.0,0.0
2022-12-23 13:30:00-05:00,7.289999961853027,7.304999828338623,7.275000095367432,7.295000076293945,92868,0.0,0.0
2022-12-23 14:30:00-05:00,7.295000076293945,7.324999809265137,7.284999847412109,7.324999809265137,170912,0.0,0.0
2022-12-23 15:30:00-05:00,7.320000171661377,7.324999809265137,7.300000190734863,7.320000171661377,222160,0.0,0.0
2022-12-27 09:30:00-05:00,7.329999923706055,7.329999923706055,7.215000152587891,7.275000095367432,171023,0.0,0.0
2022-12-27 10:30:00-05:00,7.269999980926514,7.269999980926514,7.139999866485596,7.144999980926514,161021,0.0,0.0
2022-12-27 11:30:00-05:00,7.144999980926514,7.204999923706055,7.144999980926514,7.184999942779541,120960,0.0,0.0
2022-12-27 12:30:00-05:00,7.179999828338623,7.179999828338623,7.135000228881836,7.139999866485596,70170,0.0,0.0
2022-12-27 13:30:00-05:00,7.144999980926514,7.144999980926514,7.099999904632568,7.114999771118164,94596,0.0,0.0
2022-12-27 14:30:00-05:00,7.114999771118164,7.170000076293945,7.114999771118164,7.164999961853027,118842,0.0,0.0
2022-12-27 15:30:00-05:00,7.164999961853027,7.175000190734863,7.099999904632568,7.119999885559082,256293,0.0,0.0
2022-12-28 09:30:00-05:00,7.119999885559082,7.195000171661377,7.074999809265137,7.074999809265137,145944,0.0,0.0
2022-12-28 10:30:00-05:00,7.070000171661377,7.105000019073486,7.050000190734863,7.079999923706055,103768,0.0,0.0
2022-12-28 11:30:00-05:00,7.090000152587891,7.090000152587891,6.96999979019165,6.985000133514404,115794,0.0,0.0
2022-12-28 12:30:00-05:00,6.989999771118164,7.019999980926514,6.974999904632568,6.985000133514404,64516,0.0,0.0
2022-12-28 13:30:00-05:00,6.980000019073486,6.980000019073486,6.925000190734863,6.940000057220459,99298,0.0,0.0
2022-12-28 14:30:00-05:00,6.929999828338623,7.005000114440918,6.900000095367432,6.994999885559082,227202,0.0,0.0
2022-12-28 15:30:00-05:00,6.994999885559082,7.03000020980835,6.985000133514404,7.014999866485596,369298,0.0,0.0
2022-12-29 09:30:00-05:00,7.099999904632568,7.119200229644775,7.014999866485596,7.065000057220459,219545,0.0,0.0
2022-12-29 10:30:00-05:00,7.065000057220459,7.074999809265137,7.025000095367432,7.054999828338623,139440,0.0,0.0
2022-12-29 11:30:00-05:00,7.059999942779541,7.130000114440918,7.054999828338623,7.119999885559082,59702,0.0,0.0
2022-12-29 12:30:00-05:00,7.125,7.135000228881836,7.099999904632568,7.099999904632568,66950,0.0,0.0
2022-12-29 13:30:00-05:00,7.105000019073486,7.125,7.094699859619141,7.099999904632568,100006,0.0,0.0
2022-12-29 14:30:00-05:00,7.105000019073486,7.159999847412109,7.099999904632568,7.130000114440918,142729,0.0,0.0
2022-12-29 15:30:00-05:00,7.135000228881836,7.190000057220459,7.130000114440918,7.190000057220459,208722,0.0,0.0
2022-12-30 09:30:00-05:00,7.119999885559082,7.159999847412109,7.090000152587891,7.144999980926514,118234,0.0,0.0
2022-12-30 10:30:00-05:00,7.144999980926514,7.150000095367432,7.119999885559082,7.119999885559082,102990,0.0,0.0
2022-12-30 11:30:00-05:00,7.119999885559082,7.150000095367432,7.119999885559082,7.144999980926514,53329,0.0,0.0
2022-12-30 12:30:00-05:00,7.144999980926514,7.184999942779541,7.119999885559082,7.130000114440918,84442,0.0,0.0
2022-12-30 13:30:00-05:00,7.130000114440918,7.150000095367432,7.110000133514404,7.114999771118164,70464,0.0,0.0
2022-12-30 14:30:00-05:00,7.114999771118164,7.119999885559082,7.059999942779541,7.070000171661377,153845,0.0,0.0
2022-12-30 15:30:00-05:00,7.070000171661377,7.130000114440918,7.060100078582764,7.119999885559082,220551,0.0,0.0
2023-01-03 09:30:00-05:00,7.179999828338623,7.260000228881836,7.019999980926514,7.03000020980835,119016,0.0,0.0
2023-01-03 10:30:00-05:00,7.034999847412109,7.085000038146973,7.010000228881836,7.050000190734863,87022,0.0,0.0
2023-01-03 11:30:00-05:00,7.039999961853027,7.059999942779541,7.010000228881836,7.050000190734863,74937,0.0,0.0
2023-01-03 12:30:00-05:00,7.050000190734863,7.105000019073486,7.045000076293945,7.105000019073486,168682,0.0,0.0
2023-01-03 13:30:00-05:00,7.099999904632568,7.110000133514404,7.079999923706055,7.090000152587891,88706,0.0,0.0
2023-01-03 14:30:00-05:00,7.090000152587891,7.125,7.079999923706055,7.105000019073486,201305,0.0,0.0
2023-01-03 15:30:00-05:00,7.105000019073486,7.119999885559082,7.074999809265137,7.09499979019165,383925,0.0,0.0
2023-01-04 09:30:00-05:00,7.179999828338623,7.300000190734863,7.179999828338623,7.255000114440918,193134,0.0,0.0
2023-01-04 10:30:00-05:00,7.255000114440918,7.340000152587891,7.244999885559082,7.309999942779541,118972,0.0,0.0
2023-01-04 11:30:00-05:00,7.320000171661377,7.349999904632568,7.304999828338623,7.324999809265137,90264,0.0,0.0
2023-01-04 12:30:00-05:00,7.322500228881836,7.40500020980835,7.322500228881836,7.385000228881836,77075,0.0,0.0
2023-01-04 13:30:00-05:00,7.385000228881836,7.420000076293945,7.329999923706055,7.329999923706055,185945,0.0,0.0
2023-01-04 14:30:00-05:00,7.329999923706055,7.394999980926514,7.320000171661377,7.364999771118164,244069,0.0,0.0
2023-01-04 15:30:00-05:00,7.360000133514404,7.364999771118164,7.320000171661377,7.34499979019165,228505,0.0,0.0
2023-01-05 09:30:00-05:00,7.300000190734863,7.300000190734863,7.070000171661377,7.079899787902832,224719,0.0,0.0
2023-01-05 10:30:00-05:00,7.070000171661377,7.150000095367432,7.070000171661377,7.125,160475,0.0,0.0
2023-01-05 11:30:00-05:00,7.125,7.139999866485596,7.090000152587891,7.130000114440918,227392,0.0,0.0
2023-01-05 12:30:00-05:00,7.130000114440918,7.159999847412109,7.110000133514404,7.150000095367432,101733,0.0,0.0
2023-01-05 13:30:00-05:00,7.150000095367432,7.170000076293945,7.139999866485596,7.144999980926514,144897,0.0,0.0
2023-01-05 14:30:00-05:00,7.144999980926514,7.190000057220459,7.139999866485596,7.139999866485596,159306,0.0,0.0
2023-01-05 15:30:00-05:00,7.139999866485596,7.15500020980835,7.090000152587891,7.090000152587891,276446,0.0,0.0
2023-01-06 09:30:00-05:00,7.159999847412109,7.460000038146973,7.150000095367432,7.394999980926514,316993,0.0,0.0
2023-01-06 10:30:00-05:00,7.394999980926514,7.449999809265137,7.380000114440918,7.40500020980835,313453,0.0,0.0
2023-01-06 11:30:00-05:00,7.409999847412109,7.449999809265137,7.309999942779541,7.315000057220459,208561,0.0,0.0
2023-01-06 12:30:00-05:00,7.320000171661377,7.349999904632568,7.315000057220459,7.329999923706055,52289,0.0,0.0
2023-01-06 13:30:00-05:00,7.329999923706055,7.349999904632568,7.309999942779541,7.309999942779541,72162,0.0,0.0
2023-01-06 14:30:00-05:00,7.309999942779541,7.340000152587891,7.304999828338623,7.309999942779541,108421,0.0,0.0
2023-01-06 15:30:00-05:00,7.315000057220459,7.369999885559082,7.315000057220459,7.335000038146973,156984,0.0,0.0
2023-01-09 09:30:00-05:00,7.320000171661377,7.360000133514404,7.25,7.28000020980835,115581,0.0,0.0
2023-01-09 10:30:00-05:00,7.284999847412109,7.324999809265137,7.275000095367432,7.295000076293945,85604,0.0,0.0
2023-01-09 11:30:00-05:00,7.289999961853027,7.40500020980835,7.255000114440918,7.380000114440918,226649,0.0,0.0
2023-01-09 12:30:00-05:00,7.380000114440918,7.40500020980835,7.355000019073486,7.355000019073486,66978,0.0,0.0
2023-01-09 13:30:00-05:00,7.360000133514404,7.369999885559082,7.349999904632568,7.360000133514404,82087,0.0,0.0
2023-01-09 14:30:00-05:00,7.360000133514404,7.369999885559082,7.349999904632568,7.349999904632568,204121,0.0,0.0
2023-01-09 15:30:00-05:00,7.355000019073486,7.364999771118164,7.329999923706055,7.34499979019165,297987,0.0,0.0
2023-01-10 09:30:00-05:00,7.300000190734863,7.409999847412109,7.300000190734863,7.364999771118164,72297,0.0,0.0
2023-01-10 10:30:00-05:00,7.364999771118164,7.389999866485596,7.329999923706055,7.369999885559082,66447,0.0,0.0
2023-01-10 11:30:00-05:00,7.364999771118164,7.385000228881836,7.349999904632568,7.349999904632568,62053,0.0,0.0
2023-01-10 12:30:00-05:00,7.355000019073486,7.385000228881836,7.355000019073486,7.375,41096,0.0,0.0
2023-01-10 13:30:00-05:00,7.380000114440918,7.380000114440918,7.355000019073486,7.375,59823,0.0,0.0
2023-01-10 14:30:00-05:00,7.375,7.389999866485596,7.349999904632568,7.349999904632568,89307,0.0,0.0
2023-01-10 15:30:00-05:00,7.349999904632568,7.369999885559082,7.335000038146973,7.360000133514404,139095,0.0,0.0
2023-01-11 09:30:00-05:00,7.369999885559082,7.53000020980835,7.369999885559082,7.480000019073486,52178,0.0,0.0
2023-01-11 10:30:00-05:00,7.480000019073486,7.559999942779541,7.465000152587891,7.525000095367432,56100,0.0,0.0
2023-01-11 11:30:00-05:00,7.519999980926514,7.550000190734863,7.519999980926514,7.545000076293945,44365,0.0,0.0
2023-01-11 12:30:00-05:00,7.545000076293945,7.579999923706055,7.53000020980835,7.574999809265137,52325,0.0,0.0
2023-01-11 13:30:00-05:00,7.574999809265137,7.59499979019165,7.505000114440918,7.590000152587891,163535,0.0,0.0
2023-01-11 14:30:00-05:00,7.59499979019165,7.635000228881836,7.590000152587891,7.630000114440918,73179,0.0,0.0
2023-01-11 15:30:00-05:00,7.630000114440918,7.650000095367432,7.619999885559082,7.639999866485596,197514,0.0,0.0
2023-01-12 09:30:00-05:00,7.679999828338623,7.715000152587891,7.6315999031066895,7.684999942779541,63121,0.0,0.0
2023-01-12 10:30:00-05:00,7.679999828338623,7.704999923706055,7.659999847412109,7.679999828338623,62211,0.0,0.0
2023-01-12 11:30:00-05:00,7.679999828338623,7.764999866485596,7.670000076293945,7.760000228881836,62532,0.0,0.0
2023-01-12 12:30:00-05:00,7.760000228881836,7.800000190734863,7.71999979019165,7.730000019073486,77064,0.0,0.0
2023-01-12 13:30:00-05:00,7.724999904632568,7.739999771118164,7.710000038146973,7.715000152587891,53154,0.0,0.0
2023-01-12 14:30:00-05:00,7.710000038146973,7.730000019073486,7.695000171661377,7.704999923706055,79872,0.0,0.0
2023-01-12 15:30:00-05:00,7.704999923706055,7.71999979019165,7.690000057220459,7.699999809265137,128443,0.0,0.0
2023-01-13 09:30:00-05:00,7.610000133514404,7.690000057220459,7.570000171661377,7.635000228881836,77738,0.0,0.0
2023-01-13 10:30:00-05:00,7.635000228881836,7.639999866485596,7.605000019073486,7.605000019073486,39193,0.0,0.0
2023-01-13 11:30:00-05:00,7.599999904632568,7.610000133514404,7.579999923706055,7.605000019073486,30199,0.0,0.0
2023-01-13 12:30:00-05:00,7.610000133514404,7.690000057220459,7.605000019073486,7.635000228881836,85545,0.0,0.0
2023-01-13 13:30:00-05:00,7.635000228881836,7.637499809265137,7.579999923706055,7.585000038146973,64954,0.0,0.0
2023-01-13 14:30:00-05:00,7.590000152587891,7.590000152587891,7.570000171661377,7.579999923706055,38422,0.0,0.0
2023-01-13 15:30:00-05:00,7.579999923706055,7.599999904632568,7.550000190734863,7.550000190734863,106267,0.0,0.0
2023-01-17 09:30:00-05:00,7.579999923706055,7.659999847412109,7.555500030517578,7.635000228881836,61194,0.0,0.0
2023-01-17 10:30:00-05:00,7.630000114440918,7.630000114440918,7.559999942779541,7.570000171661377,49573,0.0,0.0
2023-01-17 11:30:00-05:00,7.570000171661377,7.570000171661377,7.53000020980835,7.53000020980835,43329,0.0,0.0
2023-01-17 12:30:00-05:00,7.53000020980835,7.559999942779541,7.525000095367432,7.550000190734863,76049,0.0,0.0
2023-01-17 13:30:00-05:00,7.550000190734863,7.565000057220459,7.525000095367432,7.525000095367432,36048,0.0,0.0
2023-01-17 14:30:00-05:00,7.525000095367432,7.534999847412109,7.510000228881836,7.514999866485596,38929,0.0,0.0
2023-01-17 15:30:00-05:00,7.510000228881836,7.519999980926514,7.5,7.510000228881836,142976,0.0,0.0
2023-01-18 09:30:00-05:00,7.579999923706055,7.630000114440918,7.480000019073486,7.625,94576,0.0,0.0
2023-01-18 10:30:00-05:00,7.625,7.625,7.5,7.5,260946,0.0,0.0
2023-01-18 11:30:00-05:00,7.489999771118164,7.5,7.429999828338623,7.429999828338623,79102,0.0,0.0
2023-01-18 12:30:00-05:00,7.429999828338623,7.445000171661377,7.409999847412109,7.445000171661377,82370,0.0,0.0
2023-01-18 13:30:00-05:00,7.449999809265137,7.485000133514404,7.400000095367432,7.480000019073486,143021,0.0,0.0
2023-01-18 14:30:00-05:00,7.474999904632568,7.480000019073486,7.434999942779541,7.46999979019165,142381,0.0,0.0
2023-01-18 15:30:00-05:00,7.474999904632568,7.489999771118164,7.449999809265137,7.454999923706055,157775,0.0,0.0
2023-01-19 09:30:00-05:00,7.380000114440918,7.505000114440918,7.360000133514404,7.449999809265137,63395,0.0,0.0
2023-01-19 10:30:00-05:00,7.445000171661377,7.460000038146973,7.420000076293945,7.445000171661377,72671,0.0,0.0
2023-01-19 11:30:00-05:00,7.445000171661377,7.465000152587891,7.434999942779541,7.454999923706055,75912,0.0,0.0
2023-01-19 12:30:00-05:00,7.460000038146973,7.489999771118164,7.454999923706055,7.465000152587891,56249,0.0,0.0
2023-01-19 13:30:00-05:00,7.46999979019165,7.5,7.454999923706055,7.474999904632568,103834,0.0,0.0
2023-01-19 14:30:00-05:00,7.480000019073486,7.505000114440918,7.449999809265137,7.454999923706055,245625,0.0,0.0
2023-01-19 15:30:00-05:00,7.449999809265137,7.454999923706055,7.414999961853027,7.434999942779541,203111,0.0,0.0
2023-01-20 09:30:00-05:00,7.460000038146973,7.510000228881836,7.349999904632568,7.510000228881836,126688,0.0,0.0
2023-01-20 10:30:00-05:00,7.505000114440918,7.505000114440918,7.434999942779541,7.434999942779541,58953,0.0,0.0
2023-01-20 11:30:00-05:00,7.434999942779541,7.460000038146973,7.429999828338623,7.449999809265137,53076,0.0,0.0
2023-01-20 12:30:00-05:00,7.449999809265137,7.46999979019165,7.440000057220459,7.451300144195557,46865,0.0,0.0
2023-01-20 13:30:00-05:00,7.460000038146973,7.489999771118164,7.449999809265137,7.460000038146973,42373,0.0,0.0
2023-01-20 14:30:00-05:00,7.465000152587891,7.480000019073486,7.460000038146973,7.465000152587891,93867,0.0,0.0
2023-01-20 15:30:00-05:00,7.465000152587891,7.5,7.460000038146973,7.489999771118164,129613,0.0,0.0
2023-01-23 09:30:00-05:00,7.480000019073486,7.505000114440918,7.454999923706055,7.480100154876709,35608,0.0,0.0
2023-01-23 10:30:00-05:00,7.485000133514404,7.559999942779541,7.460000038146973,7.559999942779541,120779,0.0,0.0
2023-01-23 11:30:00-05:00,7.565000057220459,7.579999923706055,7.539999961853027,7.545000076293945,40767,0.0,0.0
2023-01-23 12:30:00-05:00,7.539999961853027,7.550000190734863,7.53000020980835,7.545000076293945,21411,0.0,0.0
2023-01-23 13:30:00-05:00,7.550000190734863,7.570000171661377,7.510000228881836,7.510000228881836,38580,0.0,0.0
2023-01-23 14:30:00-05:00,7.519999980926514,7.53000020980835,7.489999771118164,7.514999866485596,55089,0.0,0.0
2023-01-23 15:30:00-05:00,7.514999866485596,7.53000020980835,7.494999885559082,7.510000228881836,106544,0.0,0.0
2023-01-24 09:30:00-05:00,7.46999979019165,7.559999942779541,7.460000038146973,7.534999847412109,53565,0.0,0.0
2023-01-24 10:30:00-05:00,7.545000076293945,7.599999904632568,7.539999961853027,7.59499979019165,50122,0.0,0.0
2023-01-24 11:30:00-05:00,7.59499979019165,7.664999961853027,7.585000038146973,7.664999961853027,77101,0.0,0.0
2023-01-24 12:30:00-05:00,7.664999961853027,7.664999961853027,7.614999771118164,7.635000228881836,39962,0.0,0.0
2023-01-24 13:30:00-05:00,7.635000228881836,7.675000190734863,7.635000228881836,7.664999961853027,42613,0.0,0.0
2023-01-24 14:30:00-05:00,7.664999961853027,7.684999942779541,7.644999980926514,7.684999942779541,74280,0.0,0.0
2023-01-24 15:30:00-05:00,7.679999828338623,7.679999828338623,7.630000114440918,7.630000114440918,81767,0.0,0.0
2023-01-25 09:30:00-05:00,7.599999904632568,7.605000019073486,7.53000020980835,7.539999961853027,30734,0.0,0.0
2023-01-25 10:30:00-05:00,7.53000020980835,7.590000152587891,7.519999980926514,7.590000152587891,29945,0.0,0.0
2023-01-25 11:30:00-05:00,7.599999904632568,7.599999904632568,7.554999828338623,7.554999828338623,31147,0.0,0.0
2023-01-25 12:30:00-05:00,7.559999942779541,7.590000152587891,7.554999828338623,7.579999923706055,41887,0.0,0.0
2023-01-25 13:30:00-05:00,7.590000152587891,7.639999866485596,7.579999923706055,7.610099792480469,90771,0.0,0.0
2023-01-25 14:30:00-05:00,7.610000133514404,7.610000133514404,7.590000152587891,7.599999904632568,98726,0.0,0.0
2023-01-25 15:30:00-05:00,7.599999904632568,7.610000133514404,7.570000171661377,7.579999923706055,167771,0.0,0.0
2023-01-26 09:30:00-05:00,7.599999904632568,7.659999847412109,7.579999923706055,7.590000152587891,75326,0.0,0.0
2023-01-26 10:30:00-05:00,7.59499979019165,7.605000019073486,7.559999942779541,7.570000171661377,54506,0.0,0.0
2023-01-26 11:30:00-05:00,7.570000171661377,7.585000038146973,7.559999942779541,7.559999942779541,43796,0.0,0.0
2023-01-26 12:30:00-05:00,7.559999942779541,7.574999809265137,7.550000190734863,7.554999828338623,41404,0.0,0.0
2023-01-26 13:30:00-05:00,7.554999828338623,7.579999923706055,7.550000190734863,7.554999828338623,67877,0.0,0.0
2023-01-26 14:30:00-05:00,7.554999828338623,7.559999942779541,7.53000020980835,7.545000076293945,67325,0.0,0.0
2023-01-26 15:30:00-05:00,7.539999961853027,7.559999942779541,7.539999961853027,7.550000190734863,100600,0.0,0.0
2023-01-27 09:30:00-05:00,7.489999771118164,7.630000114440918,7.489999771118164,7.625,74676,0.0,0.0
2023-01-27 10:30:00-05:00,7.625,7.650000095367432,7.599999904632568,7.610000133514404,40775,0.0,0.0
2023-01-27 11:30:00-05:00,7.610000133514404,7.650000095367432,7.610000133514404,7.625,34206,0.0,0.0
2023-01-27 12:30:00-05:00,7.630000114440918,7.639999866485596,7.599999904632568,7.635000228881836,54497,0.0,0.0
2023-01-27 13:30:00-05:00,7.639999866485596,7.664999961853027,7.619999885559082,7.650000095367432,73721,0.0,0.0
2023-01-27 14:30:00-05:00,7.650000095367432,7.670000076293945,7.639999866485596,7.650000095367432,89128,0.0,0.0
2023-01-27 15:30:00-05:00,7.65500020980835,7.659999847412109,7.590000152587891,7.605000019073486,177007,0.0,0.0
2023-01-30 09:30:00-05:00,7.53000020980835,7.605000019073486,7.519999980926514,7.570000171661377,72433,0.0,0.0
2023-01-30 10:30:00-05:00,7.574999809265137,7.574999809265137,7.480000019073486,7.510000228881836,84598,0.0,0.0
2023-01-30 11:30:00-05:00,7.514999866485596,7.519999980926514,7.46999979019165,7.474999904632568,85598,0.0,0.0
2023-01-30 12:30:00-05:00,7.474999904632568,7.480000019073486,7.449999809265137,7.480000019073486,59336,0.0,0.0
2023-01-30 13:30:00-05:00,7.480000019073486,7.480000019073486,7.429999828338623,7.429999828338623,97358,0.0,0.0
2023-01-30 14:30:00-05:00,7.440000057220459,7.440000057220459,7.394999980926514,7.40500020980835,83478,0.0,0.0
2023-01-30 15:30:00-05:00,7.400000095367432,7.409999847412109,7.329999923706055,7.340000152587891,247077,0.0,0.0
2023-01-31 09:30:00-05:00,7.349999904632568,7.420000076293945,7.309999942779541,7.394999980926514,85637,0.0,0.0
2023-01-31 10:30:00-05:00,7.394999980926514,7.480000019073486,7.394999980926514,7.465000152587891,103168,0.0,0.0
2023-01-31 11:30:00-05:00,7.46999979019165,7.5,7.465000152587891,7.485000133514404,70872,0.0,0.0
2023-01-31 12:30:00-05:00,7.485000133514404,7.5,7.484799861907959,7.494999885559082,75413,0.0,0.0
2023-01-31 13:30:00-05:00,7.494999885559082,7.510000228881836,7.489999771118164,7.489999771118164,74957,0.0,0.0
2023-01-31 14:30:00-05:00,7.5,7.510000228881836,7.485000133514404,7.505000114440918,156418,0.0,0.0
2023-01-31 15:30:00-05:00,7.505000114440918,7.539999961853027,7.494999885559082,7.519999980926514,549975,0.0,0.0
2023-02-01 09:30:00-05:00,7.5,7.570000171661377,7.489999771118164,7.510000228881836,73629,0.0,0.0
2023-02-01 10:30:00-05:00,7.510000228881836,7.53000020980835,7.429999828338623,7.457399845123291,50611,0.0,0.0
2023-02-01 11:30:00-05:00,7.454999923706055,7.460000038146973,7.394999980926514,7.40500020980835,44839,0.0,0.0
2023-02-01 12:30:00-05:00,7.400000095367432,7.407899856567383,7.389999866485596,7.400000095367432,44838,0.0,0.0
2023-02-01 13:30:00-05:00,7.400000095367432,7.46999979019165,7.400000095367432,7.465000152587891,68766,0.0,0.0
2023-02-01 14:30:00-05:00,7.460000038146973,7.619999885559082,7.414999961853027,7.619999885559082,116827,0.0,0.0
2023-02-01 15:30:00-05:00,7.619999885559082,7.679999828338623,7.579999923706055,7.590000152587891,156296,0.0,0.0
2023-02-02 09:30:00-05:00,7.670000076293945,7.755000114440918,7.650000095367432,7.75,109892,0.0,0.0
2023-02-02 10:30:00-05:00,7.760000228881836,7.809999942779541,7.730000019073486,7.776299953460693,120758,0.0,0.0
2023-02-02 11:30:00-05:00,7.78000020980835,7.835000038146973,7.78000020980835,7.820000171661377,30096,0.0,0.0
2023-02-02 12:30:00-05:00,7.815000057220459,7.815999984741211,7.775000095367432,7.775000095367432,29622,0.0,0.0
2023-02-02 13:30:00-05:00,7.775000095367432,7.835000038146973,7.71999979019165,7.724999904632568,86202,0.0,0.0
2023-02-02 14:30:00-05:00,7.724999904632568,7.730000019073486,7.675000190734863,7.715000152587891,102135,0.0,0.0
2023-02-02 15:30:00-05:00,7.715000152587891,7.809999942779541,7.710000038146973,7.800000190734863,163251,0.0,0.0
2023-02-03 09:30:00-05:00,7.690000057220459,7.699999809265137,7.559999942779541,7.650000095367432,87864,0.0,0.0
2023-02-03 10:30:00-05:00,7.650000095367432,7.724999904632568,7.650000095367432,7.695000171661377,60620,0.0,0.0
2023-02-03 11:30:00-05:00,7.695000171661377,7.695000171661377,7.614999771118164,7.644999980926514,49722,0.0,0.0
2023-02-03 12:30:00-05:00,7.644999980926514,7.664999961853027,7.585000038146973,7.590000152587891,26076,0.0,0.0
2023-02-03 13:30:00-05:00,7.590000152587891,7.610000133514404,7.579999923706055,7.599999904632568,34876,0.0,0.0
2023-02-03 14:30:00-05:00,7.599999904632568,7.699999809265137,7.585000038146973,7.684999942779541,63142,0.0,0.0
2023-02-03 15:30:00-05:00,7.684999942779541,7.71999979019165,7.664999961853027,7.71999979019165,142625,0.0,0.0
2023-02-06 09:30:00-05:00,7.639999866485596,7.639999866485596,7.519999980926514,7.519999980926514,65445,0.0,0.0
2023-02-06 10:30:00-05:00,7.519999980926514,7.619999885559082,7.505000114440918,7.610000133514404,54386,0.0,0.0
2023-02-06 11:30:00-05:00,7.610000133514404,7.610000133514404,7.559999942779541,7.585000038146973,32475,0.0,0.0
2023-02-06 12:30:00-05:00,7.585000038146973,7.590000152587891,7.559999942779541,7.559999942779541,35732,0.0,0.0
2023-02-06 13:30:00-05:00,7.554999828338623,7.570000171661377,7.534999847412109,7.570000171661377,23660,0.0,0.0
2023-02-06 14:30:00-05:00,7.565000057220459,7.614999771118164,7.559999942779541,7.614999771118164,64964,0.0,0.0
2023-02-06 15:30:00-05:00,7.619999885559082,7.650000095367432,7.610000133514404,7.619999885559082,139239,0.0,0.0
2023-02-07 09:30:00-05:00,7.590000152587891,7.619999885559082,7.554999828338623,7.565000057220459,46632,0.0,0.0
2023-02-07 10:30:00-05:00,7.570000171661377,7.625,7.565000057220459,7.599999904632568,50453,0.0,0.0
2023-02-07 11:30:00-05:00,7.599999904632568,7.639999866485596,7.599999904632568,7.630000114440918,19382,0.0,0.0
2023-02-07 12:30:00-05:00,7.625,7.75,7.605000019073486,7.650000095367432,55814,0.0,0.0
2023-02-07 13:30:00-05:00,7.639999866485596,7.675000190734863,7.572700023651123,7.659999847412109,41406,0.0,0.0
2023-02-07 14:30:00-05:00,7.65500020980835,7.710000038146973,7.644000053405762,7.704999923706055,55925,0.0,0.0
2023-02-07 15:30:00-05:00,7.710000038146973,7.735000133514404,7.639999866485596,7.639999866485596,167853,0.0,0.0
2023-02-08 09:30:00-05:00,7.590000152587891,7.684999942779541,7.570000171661377,7.639999866485596,40841,0.0,0.0
2023-02-08 10:30:00-05:00,7.639999866485596,7.65500020980835,7.619999885559082,7.619999885559082,44379,0.0,0.0
2023-02-08 11:30:00-05:00,7.610000133514404,7.619999885559082,7.559999942779541,7.59499979019165,62168,0.0,0.0
2023-02-08 12:30:00-05:00,7.59499979019165,7.635000228881836,7.585000038146973,7.625,41778,0.0,0.0
2023-02-08 13:30:00-05:00,7.625,7.664999961853027,7.610000133514404,7.65500020980835,39300,0.0,0.0
2023-02-08 14:30:00-05:00,7.65500020980835,7.670000076293945,7.632500171661377,7.644999980926514,52083,0.0,0.0
2023-02-08 15:30:00-05:00,7.639999866485596,7.699999809265137,7.632500171661377,7.699999809265137,113788,0.0,0.0
2023-02-09 09:30:00-05:00,7.71999979019165,7.760000228881836,7.644999980926514,7.65500020980835,48883,0.0,0.0
2023-02-09 10:30:00-05:00,7.650000095367432,7.679999828338623,7.639999866485596,7.679999828338623,33140,0.0,0.0
2023-02-09 11:30:00-05:00,7.684999942779541,7.684999942779541,7.635000228881836,7.65500020980835,24797,0.0,0.0
2023-02-09 12:30:00-05:00,7.65500020980835,7.664999961853027,7.625,7.630000114440918,33360,0.0,0.0
2023-02-09 13:30:00-05:00,7.630000114440918,7.644999980926514,7.59499979019165,7.610000133514404,36455,0.0,0.0
2023-02-09 14:30:00-05:00,7.619999885559082,7.639999866485596,7.599999904632568,7.599999904632568,67844,0.0,0.0
2023-02-09 15:30:00-05:00,7.60099983215332,7.650000095367432,7.591300010681152,7.619999885559082,146013,0.0,0.0
2023-02-10 09:30:00-05:00,7.610000133514404,7.639999866485596,7.534999847412109,7.625,49709,0.0,0.0
2023-02-10 10:30:00-05:00,7.630000114440918,7.630000114440918,7.585000038146973,7.610000133514404,27454,0.0,0.0
2023-02-10 11:30:00-05:00,7.605000019073486,7.605000019073486,7.559999942779541,7.570000171661377,18117,0.0,0.0
2023-02-10 12:30:00-05:00,7.565000057220459,7.625,7.565000057220459,7.625,30071,0.0,0.0
2023-02-10 13:30:00-05:00,7.619999885559082,7.625,7.59499979019165,7.619999885559082,23966,0.0,0.0
2023-02-10 14:30:00-05:00,7.619999885559082,7.659999847412109,7.619999885559082,7.650000095367432,27302,0.0,0.0
2023-02-10 15:30:00-05:00,7.659999847412109,7.684999942779541,7.650000095367432,7.659999847412109,91884,0.0,0.0
2023-02-13 09:30:00-05:00,7.679999828338623,7.730000019073486,7.65500020980835,7.704999923706055,66791,0.0,0.0
2023-02-13 10:30:00-05:00,7.699999809265137,7.769999980926514,7.699999809265137,7.744999885559082,38667,0.0,0.0
2023-02-13 11:30:00-05:00,7.744999885559082,7.78000020980835,7.730000019073486,7.755000114440918,31864,0.0,0.0
2023-02-13 12:30:00-05:00,7.755000114440918,7.760000228881836,7.739999771118164,7.755000114440918,35892,0.0,0.0
2023-02-13 13:30:00-05:00,7.758299827575684,7.764999866485596,7.730100154876709,7.730100154876709,24740,0.0,0.0
2023-02-13 14:30:00-05:00,7.739999771118164,7.757500171661377,7.724999904632568,7.735000133514404,40931,0.0,0.0
2023-02-13 15:30:00-05:00,7.739999771118164,7.75,7.699999809265137,7.730000019073486,88158,0.0,0.0
2023-02-14 09:30:00-05:00,7.690000057220459,7.75,7.625,7.700300216674805,52100,0.0,0.0
2023-02-14 10:30:00-05:00,7.699999809265137,7.699999809265137,7.614999771118164,7.635000228881836,36263,0.0,0.0
2023-02-14 11:30:00-05:00,7.630000114440918,7.630000114440918,7.590000152587891,7.614999771118164,28725,0.0,0.0
2023-02-14 12:30:00-05:00,7.610000133514404,7.679999828338623,7.605000019073486,7.644999980926514,43573,0.0,0.0
2023-02-14 13:30:00-05:00,7.644999980926514,7.659999847412109,7.635000228881836,7.650000095367432,27123,0.0,0.0
2023-02-14 14:30:00-05:00,7.659999847412109,7.695000171661377,7.659999847412109,7.695000171661377,36800,0.0,0.0
2023-02-14 15:30:00-05:00,7.695000171661377,7.699999809265137,7.659999847412109,7.670000076293945,103066,0.0,0.0
2023-02-15 09:30:00-05:00,7.599999904632568,7.630000114440918,7.570000171661377,7.59499979019165,39866,0.0,0.0
2023-02-15 10:30:00-05:00,7.599999904632568,7.619999885559082,7.574999809265137,7.610000133514404,22988,0.0,0.0
2023-02-15 11:30:00-05:00,7.605000019073486,7.625,7.59499979019165,7.599999904632568,33167,0.0,0.0
2023-02-15 12:30:00-05:00,7.599999904632568,7.6255998611450195,7.599999904632568,7.625,17750,0.0,0.0
2023-02-15 13:30:00-05:00,7.625,7.635000228881836,7.579999923706055,7.59499979019165,56826,0.0,0.0
2023-02-15 14:30:00-05:00,7.59499979019165,7.635000228881836,7.579999923706055,7.619999885559082,71747,0.0,0.0
2023-02-15 15:30:00-05:00,7.625,7.639999866485596,7.599999904632568,7.599999904632568,111777,0.0,0.0
2023-02-16 09:30:00-05:00,7.5,7.519999980926514,7.449999809265137,7.510000228881836,77456,0.0,0.0
2023-02-16 10:30:00-05:00,7.519999980926514,7.619999885559082,7.519999980926514,7.619999885559082,47856,0.0,0.0
2023-02-16 11:30:00-05:00,7.625,7.65500020980835,7.610000133514404,7.650000095367432,30789,0.0,0.0
2023-02-16 12:30:00-05:00,7.650000095367432,7.695000171661377,7.644999980926514,7.659999847412109,30665,0.0,0.0
2023-02-16 13:30:00-05:00,7.65500020980835,7.684999942779541,7.65500020980835,7.675000190734863,25862,0.0,0.0
2023-02-16 14:30:00-05:00,7.675000190734863,7.679999828338623,7.610000133514404,7.610000133514404,38551,0.0,0.0
2023-02-16 15:30:00-05:00,7.610000133514404,7.659999847412109,7.59499979019165,7.610000133514404,184239,0.0,0.0
2023-02-17 09:30:00-05:00,7.650000095367432,7.650000095367432,7.46999979019165,7.614999771118164,138450,0.0,0.0
2023-02-17 10:30:00-05:00,7.614999771118164,7.635000228881836,7.525000095367432,7.534999847412109,62417,0.0,0.0
2023-02-17 11:30:00-05:00,7.534999847412109,7.605000019073486,7.53000020980835,7.599999904632568,67286,0.0,0.0
2023-02-17 12:30:00-05:00,7.59499979019165,7.630000114440918,7.590000152587891,7.625,39416,0.0,0.0
2023-02-17 13:30:00-05:00,7.625,7.627500057220459,7.550000190734863,7.619999885559082,57491,0.0,0.0
2023-02-17 14:30:00-05:00,7.619999885559082,7.690000057220459,7.610000133514404,7.659999847412109,83895,0.0,0.0
2023-02-17 15:30:00-05:00,7.664999961853027,7.679999828338623,7.610000133514404,7.610000133514404,208870,0.0,0.0
2023-02-21 09:30:00-05:00,7.5,7.585000038146973,7.489999771118164,7.519999980926514,92553,0.0,0.0
2023-02-21 10:30:00-05:00,7.519999980926514,7.534999847412109,7.419899940490723,7.449999809265137,87597,0.0,0.0
2023-02-21 11:30:00-05:00,7.454999923706055,7.454999923706055,7.369999885559082,7.389900207519531,56293,0.0,0.0
2023-02-21 12:30:00-05:00,7.389999866485596,7.389999866485596,7.349999904632568,7.364999771118164,44584,0.0,0.0
2023-02-21 13:30:00-05:00,7.360000133514404,7.380000114440918,7.335000038146973,7.360000133514404,69555,0.0,0.0
2023-02-21 14:30:00-05:00,7.360000133514404,7.409999847412109,7.360000133514404,7.409999847412109,77701,0.0,0.0
2023-02-21 15:30:00-05:00,7.409999847412109,7.429999828338623,7.369999885559082,7.400000095367432,194408,0.0,0.0
2023-02-22 09:30:00-05:00,7.300000190734863,7.400000095367432,7.179999828338623,7.315000057220459,85707,0.0,0.0
2023-02-22 10:30:00-05:00,7.315000057220459,7.380000114440918,7.28000020980835,7.360000133514404,58915,0.0,0.0
2023-02-22 11:30:00-05:00,7.355000019073486,7.389999866485596,7.349999904632568,7.380000114440918,46607,0.0,0.0
2023-02-22 12:30:00-05:00,7.385000228881836,7.445000171661377,7.380000114440918,7.434999942779541,45178,0.0,0.0
2023-02-22 13:30:00-05:00,7.429999828338623,7.445000171661377,7.385000228881836,7.394999980926514,82089,0.0,0.0
2023-02-22 14:30:00-05:00,7.394999980926514,7.394999980926514,7.315000057220459,7.375,103959,0.0,0.0
2023-02-22 15:30:00-05:00,7.375,7.400000095367432,7.349999904632568,7.369999885559082,429026,0.0,0.0
2023-02-23 09:30:00-05:00,7.440000057220459,7.539999961853027,7.389999866485596,7.534999847412109,189050,0.0,0.0
2023-02-23 10:30:00-05:00,7.534999847412109,7.559999942779541,7.400000095367432,7.429999828338623,168261,0.0,0.0
2023-02-23 11:30:00-05:00,7.425000190734863,7.460000038146973,7.400000095367432,7.409999847412109,124283,0.0,0.0
2023-02-23 12:30:00-05:00,7.40500020980835,7.46999979019165,7.400000095367432,7.425000190734863,78495,0.0,0.0
2023-02-23 13:30:00-05:00,7.425000190734863,7.505000114440918,7.420000076293945,7.494999885559082,84713,0.0,0.0
2023-02-23 14:30:00-05:00,7.494999885559082,7.539999961853027,7.489999771118164,7.539000034332275,110187,0.0,0.0
2023-02-23 15:30:00-05:00,7.534999847412109,7.559999942779541,7.5,7.559999942779541,238791,0.0,0.0
2023-02-24 09:30:00-05:00,7.460000038146973,7.5,7.400000095367432,7.445000171661377,103278,0.0,0.0
2023-02-24 10:30:00-05:00,7.445000171661377,7.474999904632568,7.409999847412109,7.474999904632568,115722,0.0,0.0
2023-02-24 11:30:00-05:00,7.46999979019165,7.519999980926514,7.449999809265137,7.505000114440918,267857,0.0,0.0
2023-02-24 12:30:00-05:00,7.510000228881836,7.510000228881836,7.46999979019165,7.505000114440918,117713,0.0,0.0
2023-02-24 13:30:00-05:00,7.505000114440918,7.514999866485596,7.489999771118164,7.510000228881836,76303,0.0,0.0
2023-02-24 14:30:00-05:00,7.514999866485596,7.539999961853027,7.5,7.510000228881836,156863,0.0,0.0
2023-02-24 15:30:00-05:00,7.505000114440918,7.550000190734863,7.485000133514404,7.539999961853027,397516,0.0,0.0
2023-02-27 09:30:00-05:00,7.619999885559082,7.684999942779541,7.565000057220459,7.650000095367432,180499,0.0,0.0
2023-02-27 10:30:00-05:00,7.644999980926514,7.644999980926514,7.539999961853027,7.559999942779541,78685,0.0,0.0
2023-02-27 11:30:00-05:00,7.554999828338623,7.559999942779541,7.489999771118164,7.502500057220459,129012,0.0,0.0
2023-02-27 12:30:00-05:00,7.5,7.550000190734863,7.5,7.550000190734863,70100,0.0,0.0
2023-02-27 13:30:00-05:00,7.545000076293945,7.565000057220459,7.519999980926514,7.53000020980835,63148,0.0,0.0
2023-02-27 14:30:00-05:00,7.525000095367432,7.539999961853027,7.449999809265137,7.454999923706055,245683,0.0,0.0
2023-02-27 15:30:00-05:00,7.460000038146973,7.519999980926514,7.449999809265137,7.5,246059,0.0,0.0
2023-02-28 09:30:00-05:00,7.510000228881836,7.704999923706055,7.510000228881836,7.664999961853027,180665,0.0,0.0
2023-02-28 10:30:00-05:00,7.664999961853027,7.75,7.664999961853027,7.75,62578,0.0,0.0
2023-02-28 11:30:00-05:00,7.75,7.760000228881836,7.644999980926514,7.65500020980835,128068,0.0,0.0
2023-02-28 12:30:00-05:00,7.650000095367432,7.659999847412109,7.619999885559082,7.635000228881836,84094,0.0,0.0
2023-02-28 13:30:00-05:00,7.635000228881836,7.644999980926514,7.599999904632568,7.625,123053,0.0,0.0
2023-02-28 14:30:00-05:00,7.619999885559082,7.630000114440918,7.550000190734863,7.554999828338623,168973,0.0,0.0
2023-02-28 15:30:00-05:00,7.550000190734863,7.559999942779541,7.489999771118164,7.5,350924,0.0,0.0
2023-03-01 09:30:00-05:00,7.440000057220459,7.489999771118164,7.360000133514404,7.454999923706055,149600,0.0,0.0
2023-03-01 10:30:00-05:00,7.454999923706055,7.485000133514404,7.40500020980835,7.425000190734863,130278,0.0,0.0
2023-03-01 11:30:00-05:00,7.425000190734863,7.474999904632568,7.420000076293945,7.474999904632568,72228,0.0,0.0
2023-03-01 12:30:00-05:00,7.474999904632568,7.489999771118164,7.46999979019165,7.474999904632568,53415,0.0,0.0
2023-03-01 13:30:00-05:00,7.474999904632568,7.480000019073486,7.389999866485596,7.465000152587891,130953,0.0,0.0
2023-03-01 14:30:00-05:00,7.465000152587891,7.494999885559082,7.429999828338623,7.434999942779541,188949,0.0,0.0
2023-03-01 15:30:00-05:00,7.434999942779541,7.46999979019165,7.429999828338623,7.429999828338623,285456,0.0,0.0
2023-03-02 09:30:00-05:00,7.369999885559082,7.494999885559082,7.300000190734863,7.490600109100342,128291,0.0,0.0
2023-03-02 10:30:00-05:00,7.494999885559082,7.525000095367432,7.474999904632568,7.505000114440918,103655,0.0,0.0
2023-03-02 11:30:00-05:00,7.505000114440918,7.53000020980835,7.485000133514404,7.519999980926514,63890,0.0,0.0
2023-03-02 12:30:00-05:00,7.519999980926514,7.570000171661377,7.514999866485596,7.559999942779541,273504,0.0,0.0
2023-03-02 13:30:00-05:00,7.565000057220459,7.679999828338623,7.559999942779541,7.679999828338623,230036,0.0,0.0
2023-03-02 14:30:00-05:00,7.679999828338623,7.730000019073486,7.679999828338623,7.718500137329102,336887,0.0,0.0
2023-03-02 15:30:00-05:00,7.715000152587891,7.764999866485596,7.710000038146973,7.739999771118164,252192,0.0,0.0
2023-03-03 09:30:00-05:00,7.78000020980835,7.849999904632568,7.75,7.84499979019165,103192,0.0,0.0
2023-03-03 10:30:00-05:00,7.84499979019165,7.889999866485596,7.815000057220459,7.885000228881836,164611,0.0,0.0
2023-03-03 11:30:00-05:00,7.880000114440918,7.920000076293945,7.84499979019165,7.90500020980835,86205,0.0,0.0
2023-03-03 12:30:00-05:00,7.909999847412109,7.909999847412109,7.860099792480469,7.885000228881836,88916,0.0,0.0
2023-03-03 13:30:00-05:00,7.885000228881836,7.900000095367432,7.849999904632568,7.875,98552,0.0,0.0
2023-03-03 14:30:00-05:00,7.875,7.875,7.840000152587891,7.840000152587891,169954,0.0,0.0
2023-03-03 15:30:00-05:00,7.84499979019165,7.84499979019165,7.78000020980835,7.795000076293945,140497,0.0,0.0
2023-03-06 09:30:00-05:00,7.800000190734863,7.849999904632568,7.784999847412109,7.829999923706055,85128,0.0,0.0
2023-03-06 10:30:00-05:00,7.835000038146973,7.864999771118164,7.78000020980835,7.829999923706055,141432,0.0,0.0
2023-03-06 11:30:00-05:00,7.829999923706055,7.869999885559082,7.815000057220459,7.864999771118164,110381,0.0,0.0
2023-03-06 12:30:00-05:00,7.864999771118164,7.864999771118164,7.800000190734863,7.824999809265137,88472,0.0,0.0
2023-03-06 13:30:00-05:00,7.824999809265137,7.829999923706055,7.764999866485596,7.815000057220459,119999,0.0,0.0
2023-03-06 14:30:00-05:00,7.820000171661377,7.824999809265137,7.789999961853027,7.804999828338623,116997,0.0,0.0
2023-03-06 15:30:00-05:00,7.804999828338623,7.829999923706055,7.795000076293945,7.820000171661377,227326,0.0,0.0
2023-03-07 09:30:00-05:00,7.849999904632568,7.849999904632568,7.639999866485596,7.639999866485596,195293,0.0,0.0
2023-03-07 10:30:00-05:00,7.639999866485596,7.695000171661377,7.639999866485596,7.65500020980835,211920,0.0,0.0
2023-03-07 11:30:00-05:00,7.659999847412109,7.704999923706055,7.650000095367432,7.695000171661377,134282,0.0,0.0
2023-03-07 12:30:00-05:00,7.690000057220459,7.690000057220459,7.619999885559082,7.635000228881836,277944,0.0,0.0
2023-03-07 13:30:00-05:00,7.635000228881836,7.670000076293945,7.590000152587891,7.625,160434,0.0,0.0
2023-03-07 14:30:00-05:00,7.625,7.75,7.619999885559082,7.748499870300293,188739,0.0,0.0
2023-03-07 15:30:00-05:00,7.744999885559082,7.769999980926514,7.690000057220459,7.699999809265137,455078,0.0,0.0
2023-03-08 09:30:00-05:00,7.710000038146973,7.789999961853027,7.650000095367432,7.784999847412109,149177,0.0,0.0
2023-03-08 10:30:00-05:00,7.78000020980835,7.809999942779541,7.730000019073486,7.795000076293945,110386,0.0,0.0
2023-03-08 11:30:00-05:00,7.795000076293945,7.795000076293945,7.71999979019165,7.755000114440918,88156,0.0,0.0
2023-03-08 12:30:00-05:00,7.755000114440918,7.769999980926514,7.715000152587891,7.715000152587891,128568,0.0,0.0
2023-03-08 13:30:00-05:00,7.715000152587891,7.769999980926514,7.704999923706055,7.755000114440918,147154,0.0,0.0
2023-03-08 14:30:00-05:00,7.759699821472168,7.769999980926514,7.731800079345703,7.744999885559082,105192,0.0,0.0
2023-03-08 15:30:00-05:00,7.744999885559082,7.820000171661377,7.739999771118164,7.820000171661377,197157,0.0,0.0
2023-03-09 09:30:00-05:00,7.860000133514404,7.940000057220459,7.820000171661377,7.90500020980835,150523,0.0,0.0
2023-03-09 10:30:00-05:00,7.909999847412109,7.940000057220459,7.800000190734863,7.800000190734863,238371,0.0,0.0
2023-03-09 11:30:00-05:00,7.800000190734863,7.804999828338623,7.71999979019165,7.78000020980835,73941,0.0,0.0
2023-03-09 12:30:00-05:00,7.78000020980835,7.789999961853027,7.739999771118164,7.75,77866,0.0,0.0
2023-03-09 13:30:00-05:00,7.755000114440918,7.760000228881836,7.695000171661377,7.699999809265137,91659,0.0,0.0
2023-03-09 14:30:00-05:00,7.690000057220459,7.690000057220459,7.563000202178955,7.625,161696,0.0,0.0
2023-03-09 15:30:00-05:00,7.625,7.659999847412109,7.610000133514404,7.610000133514404,254637,0.0,0.0
2023-03-10 09:30:00-05:00,7.539999961853027,7.610000133514404,7.5,7.534999847412109,150227,0.0,0.0
2023-03-10 10:30:00-05:00,7.53000020980835,7.570000171661377,7.489999771118164,7.565000057220459,111641,0.0,0.0
2023-03-10 11:30:00-05:00,7.565000057220459,7.599999904632568,7.489999771118164,7.514999866485596,119201,0.0,0.0
2023-03-10 12:30:00-05:00,7.519999980926514,7.539999961853027,7.380000114440918,7.394999980926514,135117,0.0,0.0
2023-03-10 13:30:00-05:00,7.394999980926514,7.434999942779541,7.34499979019165,7.400000095367432,202022,0.0,0.0
2023-03-10 14:30:00-05:00,7.400000095367432,7.460000038146973,7.34499979019165,7.355000019073486,146353,0.0,0.0
2023-03-10 15:30:00-05:00,7.355000019073486,7.369999885559082,7.289999961853027,7.329999923706055,452159,0.0,0.0
2023-03-13 09:30:00-04:00,7.25,7.360000133514404,7.090000152587891,7.090000152587891,237914,0.0,0.0
2023-03-13 10:30:00-04:00,7.09499979019165,7.320000171661377,7.059999942779541,7.320000171661377,496499,0.0,0.0
2023-03-13 11:30:00-04:00,7.315000057220459,7.315000057220459,7.199999809265137,7.235000133514404,294367,0.0,0.0
2023-03-13 12:30:00-04:00,7.235000133514404,7.239999771118164,7.170000076293945,7.190000057220459,154941,0.0,0.0
2023-03-13 13:30:00-04:00,7.190000057220459,7.21999979019165,7.139999866485596,7.15500020980835,160574,0.0,0.0
2023-03-13 14:30:00-04:00,7.159999847412109,7.179999828338623,7.085000038146973,7.09499979019165,164974,0.0,0.0
2023-03-13 15:30:00-04:00,7.099999904632568,7.184999942779541,7.099899768829346,7.135000228881836,414322,0.0,0.0
2023-03-14 09:30:00-04:00,7.28000020980835,7.46999979019165,7.269999980926514,7.40500020980835,172806,0.0,0.0
2023-03-14 10:30:00-04:00,7.409999847412109,7.460000038146973,7.400000095367432,7.440000057220459,77480,0.0,0.0
2023-03-14 11:30:00-04:00,7.445000171661377,7.449999809265137,7.400000095367432,7.420000076293945,82385,0.0,0.0
2023-03-14 12:30:00-04:00,7.420000076293945,7.429999828338623,7.260000228881836,7.284999847412109,155499,0.0,0.0
2023-03-14 13:30:00-04:00,7.284999847412109,7.329999923706055,7.232500076293945,7.260000228881836,226986,0.0,0.0
2023-03-14 14:30:00-04:00,7.25,7.28000020980835,7.230000019073486,7.25,209314,0.0,0.0
2023-03-14 15:30:00-04:00,7.255000114440918,7.320000171661377,7.252500057220459,7.289999961853027,173303,0.0,0.0
2023-03-15 09:30:00-04:00,7.139999866485596,7.210000038146973,7.09250020980835,7.170000076293945,121911,0.0,0.0
2023-03-15 10:30:00-04:00,7.179999828338623,7.190000057220459,7.090000152587891,7.144999980926514,91067,0.0,0.0
2023-03-15 11:30:00-04:00,7.144999980926514,7.144999980926514,7.0,7.010000228881836,303174,0.0,0.0
2023-03-15 12:30:00-04:00,7.010000228881836,7.019999980926514,6.949999809265137,7.010000228881836,219255,0.0,0.0
2023-03-15 13:30:00-04:00,7.010000228881836,7.150000095367432,7.0,7.130000114440918,495019,0.0,0.0
2023-03-15 14:30:00-04:00,7.125,7.150000095367432,7.065000057220459,7.099999904632568,210893,0.0,0.0
2023-03-15 15:30:00-04:00,7.105000019073486,7.139999866485596,7.079999923706055,7.130000114440918,313604,0.0,0.0
2023-03-16 09:30:00-04:00,7.019999980926514,7.019999980926514,6.792500019073486,6.880000114440918,340725,0.0,0.0
2023-03-16 10:30:00-04:00,6.889999866485596,7.059999942779541,6.880000114440918,7.039999961853027,157249,0.0,0.0
2023-03-16 11:30:00-04:00,7.050000190734863,7.059999942779541,6.96999979019165,6.96999979019165,104889,0.0,0.0
2023-03-16 12:30:00-04:00,6.96999979019165,7.099999904632568,6.954999923706055,7.074999809265137,125929,0.0,0.0
2023-03-16 13:30:00-04:00,7.074999809265137,7.090000152587891,6.965000152587891,6.974999904632568,145626,0.0,0.0
2023-03-16 14:30:00-04:00,6.974999904632568,7.019999980926514,6.952499866485596,7.0,143500,0.0,0.0
2023-03-16 15:30:00-04:00,7.0,7.119999885559082,6.994999885559082,7.110000133514404,622772,0.0,0.0
2023-03-17 09:30:00-04:00,7.039999961853027,7.039999961853027,6.914999961853027,6.934999942779541,338626,0.0,0.0
2023-03-17 10:30:00-04:00,6.940000057220459,6.96999979019165,6.892499923706055,6.90500020980835,219227,0.0,0.0
2023-03-17 11:30:00-04:00,6.90500020980835,6.934999942779541,6.849999904632568,6.900000095367432,134278,0.0,0.0
2023-03-17 12:30:00-04:00,6.90500020980835,6.920000076293945,6.84250020980835,6.900000095367432,187184,0.0,0.0
2023-03-17 13:30:00-04:00,6.9004998207092285,6.920000076293945,6.849999904632568,6.875,196128,0.0,0.0
2023-03-17 14:30:00-04:00,6.875,6.940000057220459,6.849999904632568,6.934999942779541,201040,0.0,0.0
2023-03-17 15:30:00-04:00,6.934999942779541,6.934999942779541,6.860000133514404,6.920000076293945,493662,0.0,0.0
2023-03-20 09:30:00-04:00,6.960000038146973,7.019999980926514,6.940000057220459,7.014999866485596,208339,0.0,0.0
2023-03-20 10:30:00-04:00,7.019999980926514,7.15500020980835,6.985000133514404,7.130000114440918,242337,0.0,0.0
2023-03-20 11:30:00-04:00,7.130000114440918,7.255000114440918,7.130000114440918,7.235000133514404,208465,0.0,0.0
2023-03-20 12:30:00-04:00,7.230000019073486,7.309999942779541,7.230000019073486,7.239999771118164,160730,0.0,0.0
2023-03-20 13:30:00-04:00,7.239999771118164,7.25,7.159999847412109,7.179999828338623,176143,0.0,0.0
2023-03-20 14:30:00-04:00,7.179999828338623,7.184999942779541,7.1407999992370605,7.164999961853027,142030,0.0,0.0
2023-03-20 15:30:00-04:00,7.164999961853027,7.21999979019165,7.164999961853027,7.179999828338623,261862,0.0,0.0
2023-03-21 09:30:00-04:00,7.28000020980835,7.320000171661377,7.195000171661377,7.199999809265137,131124,0.0,0.0
2023-03-21 10:30:00-04:00,7.204999923706055,7.329999923706055,7.175000190734863,7.264999866485596,159606,0.0,0.0
2023-03-21 11:30:00-04:00,7.264999866485596,7.28000020980835,7.204999923706055,7.204999923706055,126492,0.0,0.0
2023-03-21 12:30:00-04:00,7.210000038146973,7.21999979019165,7.144999980926514,7.175000190734863,84530,0.0,0.0
2023-03-21 13:30:00-04:00,7.175000190734863,7.179999828338623,7.122499942779541,7.122499942779541,70243,0.0,0.0
2023-03-21 14:30:00-04:00,7.125,7.210000038146973,7.125,7.204999923706055,163080,0.0,0.0
2023-03-21 15:30:00-04:00,7.210000038146973,7.230000019073486,7.199999809265137,7.21999979019165,207276,0.0,0.0
2023-03-22 09:30:00-04:00,7.179999828338623,7.179999828338623,7.050000190734863,7.159999847412109,0,0.0,0.0
2023-03-22 10:30:00-04:00,7.159999847412109,7.159999847412109,7.090000152587891,7.099999904632568,74379,0.0,0.0
2023-03-22 11:30:00-04:00,7.099999904632568,7.099999904632568,7.050000190734863,7.070000171661377,74499,0.0,0.0
2023-03-22 12:30:00-04:00,7.065000057220459,7.085000038146973,7.022500038146973,7.059999942779541,74598,0.0,0.0
2023-03-22 13:30:00-04:00,7.060100078582764,7.159999847412109,7.050000190734863,7.085000038146973,104295,0.0,0.0
2023-03-22 14:30:00-04:00,7.085000038146973,7.150000095367432,7.0015997886657715,7.085000038146973,200169,0.0,0.0
2023-03-22 15:30:00-04:00,7.079999923706055,7.085000038146973,6.940000057220459,6.949999809265137,290210,0.0,0.0
2023-03-23 09:30:00-04:00,6.989999771118164,7.059999942779541,6.949999809265137,7.0,158311,0.0,0.0
2023-03-23 10:30:00-04:00,7.010000228881836,7.03000020980835,6.949999809265137,6.949999809265137,108743,0.0,0.0
2023-03-23 11:30:00-04:00,6.960000038146973,7.0,6.954999923706055,6.982500076293945,94952,0.0,0.0
2023-03-23 12:30:00-04:00,6.985000133514404,6.994999885559082,6.920000076293945,6.929999828338623,109273,0.0,0.0
2023-03-23 13:30:00-04:00,6.925000190734863,6.940000057220459,6.880000114440918,6.880000114440918,117992,0.0,0.0
2023-03-23 14:30:00-04:00,6.875,6.96999979019165,6.849999904632568,6.90500020980835,235477,0.0,0.0
2023-03-23 15:30:00-04:00,6.900000095367432,6.940000057220459,6.885000228881836,6.920000076293945,285204,0.0,0.0
2023-03-24 09:30:00-04:00,6.840000152587891,6.889999866485596,6.809999942779541,6.889999866485596,129114,0.0,0.0
2023-03-24 10:30:00-04:00,6.889999866485596,6.933800220489502,6.84499979019165,6.929999828338623,93693,0.0,0.0
2023-03-24 11:30:00-04:00,6.929999828338623,7.050000190734863,6.929999828338623,7.014999866485596,140944,0.0,0.0
2023-03-24 12:30:00-04:00,7.014999866485596,7.074999809265137,7.014999866485596,7.03000020980835,132912,0.0,0.0
2023-03-24 13:30:00-04:00,7.03000020980835,7.110000133514404,7.019999980926514,7.09499979019165,139252,0.0,0.0
2023-03-24 14:30:00-04:00,7.09499979019165,7.144999980926514,7.09499979019165,7.132500171661377,128862,0.0,0.0
2023-03-24 15:30:00-04:00,7.139999866485596,7.159999847412109,7.110000133514404,7.139999866485596,303626,0.0,0.0
2023-03-27 09:30:00-04:00,7.210000038146973,7.25,7.184999942779541,7.235000133514404,101520,0.0,0.0
2023-03-27 10:30:00-04:00,7.235000133514404,7.235000133514404,7.190000057220459,7.214399814605713,51123,0.0,0.0
2023-03-27 11:30:00-04:00,7.21999979019165,7.235000133514404,7.190000057220459,7.190000057220459,75422,0.0,0.0
2023-03-27 12:30:00-04:00,7.190000057220459,7.230000019073486,7.190000057220459,7.224999904632568,56702,0.0,0.0
2023-03-27 13:30:00-04:00,7.230000019073486,7.239999771118164,7.190000057220459,7.190000057220459,59167,0.0,0.0
2023-03-27 14:30:00-04:00,7.190000057220459,7.199999809265137,7.150000095367432,7.159999847412109,132562,0.0,0.0
2023-03-27 15:30:00-04:00,7.170000076293945,7.170000076293945,7.125,7.125,134616,0.0,0.0
2023-03-28 09:30:00-04:00,7.070000171661377,7.175000190734863,7.050000190734863,7.135000228881836,75256,0.0,0.0
2023-03-28 10:30:00-04:00,7.135000228881836,7.139999866485596,7.099999904632568,7.119999885559082,54793,0.0,0.0
2023-03-28 11:30:00-04:00,7.114999771118164,7.130000114440918,7.110000133514404,7.110000133514404,42717,0.0,0.0
2023-03-28 12:30:00-04:00,7.110000133514404,7.110000133514404,7.090000152587891,7.090000152587891,58086,0.0,0.0
2023-03-28 13:30:00-04:00,7.090000152587891,7.105000019073486,7.074999809265137,7.105000019073486,54531,0.0,0.0
2023-03-28 14:30:00-04:00,7.105000019073486,7.139999866485596,7.099999904632568,7.105000019073486,49661,0.0,0.0
2023-03-28 15:30:00-04:00,7.105000019073486,7.139999866485596,7.099999904632568,7.130000114440918,138371,0.0,0.0
2023-03-29 09:30:00-04:00,7.21999979019165,7.25,7.190000057220459,7.21999979019165,57606,0.0,0.0
2023-03-29 10:30:00-04:00,7.224999904632568,7.235000133514404,7.175000190734863,7.200099945068359,36717,0.0,0.0
2023-03-29 11:30:00-04:00,7.204999923706055,7.269999980926514,7.204999923706055,7.25,83177,0.0,0.0
2023-03-29 12:30:00-04:00,7.25,7.260000228881836,7.215000152587891,7.21999979019165,76165,0.0,0.0
2023-03-29 13:30:00-04:00,7.21999979019165,7.25,7.195000171661377,7.210000038146973,115609,0.0,0.0
2023-03-29 14:30:00-04:00,7.210000038146973,7.269999980926514,7.199999809265137,7.264999866485596,80274,0.0,0.0
2023-03-29 15:30:00-04:00,7.260000228881836,7.289999961853027,7.25,7.28000020980835,157471,0.0,0.0
2023-03-30 09:30:00-04:00,7.369999885559082,7.380000114440918,7.300000190734863,7.335000038146973,60167,0.0,0.0
2023-03-30 10:30:00-04:00,7.335000038146973,7.335000038146973,7.295000076293945,7.320000171661377,57797,0.0,0.0
2023-03-30 11:30:00-04:00,7.315000057220459,7.335000038146973,7.304999828338623,7.309999942779541,67507,0.0,0.0
2023-03-30 12:30:00-04:00,7.304999828338623,7.315000057220459,7.289999961853027,7.300000190734863,58172,0.0,0.0
2023-03-30 13:30:00-04:00,7.300000190734863,7.309999942779541,7.275000095367432,7.300000190734863,62186,0.0,0.0
2023-03-30 14:30:00-04:00,7.304999828338623,7.304999828338623,7.264999866485596,7.28000020980835,48962,0.0,0.0
2023-03-30 15:30:00-04:00,7.289999961853027,7.360000133514404,7.284999847412109,7.360000133514404,161891,0.0,0.0
2023-03-31 09:30:00-04:00,7.409999847412109,7.480000019073486,7.400000095367432,7.460000038146973,90376,0.0,0.0
2023-03-31 10:30:00-04:00,7.46999979019165,7.5,7.420000076293945,7.494999885559082,56344,0.0,0.0
2023-03-31 11:30:00-04:00,7.5,7.519999980926514,7.480000019073486,7.5,61468,0.0,0.0
2023-03-31 12:30:00-04:00,7.494999885559082,7.5,7.46999979019165,7.474999904632568,120668,0.0,0.0
2023-03-31 13:30:00-04:00,7.480000019073486,7.539999961853027,7.480000019073486,7.534999847412109,38779,0.0,0.0
2023-03-31 14:30:00-04:00,7.534999847412109,7.619999885559082,7.525000095367432,7.605000019073486,135688,0.0,0.0
2023-03-31 15:30:00-04:00,7.599999904632568,7.71999979019165,7.574999809265137,7.679999828338623,597921,0.0,0.0
2023-04-03 09:30:00-04:00,7.670000076293945,7.789999961853027,7.630000114440918,7.739999771118164,87377,0.0,0.0
2023-04-03 10:30:00-04:00,7.75,7.755000114440918,7.664999961853027,7.674699783325195,66835,0.0,0.0
2023-04-03 11:30:00-04:00,7.675000190734863,7.715000152587891,7.650000095367432,7.715000152587891,141485,0.0,0.0
2023-04-03 12:30:00-04:00,7.710000038146973,7.739999771118164,7.699999809265137,7.735000133514404,38250,0.0,0.0
2023-04-03 13:30:00-04:00,7.730000019073486,7.735000133514404,7.679999828338623,7.695000171661377,91608,0.0,0.0
2023-04-03 14:30:00-04:00,7.690000057220459,7.707499980926514,7.679999828338623,7.695000171661377,59734,0.0,0.0
2023-04-03 15:30:00-04:00,7.699999809265137,7.769999980926514,7.699999809265137,7.760000228881836,141101,0.0,0.0
2023-04-04 09:30:00-04:00,7.769999980926514,7.775000095367432,7.65500020980835,7.675000190734863,62640,0.0,0.0
2023-04-04 10:30:00-04:00,7.679999828338623,7.695000171661377,7.574999809265137,7.59499979019165,84577,0.0,0.0
2023-04-04 11:30:00-04:00,7.59499979019165,7.610000133514404,7.539999961853027,7.565000057220459,82413,0.0,0.0
2023-04-04 12:30:00-04:00,7.570000171661377,7.599999904632568,7.53000020980835,7.570000171661377,112561,0.0,0.0
2023-04-04 13:30:00-04:00,7.565000057220459,7.570000171661377,7.505000114440918,7.525000095367432,74519,0.0,0.0
2023-04-04 14:30:00-04:00,7.525000095367432,7.550000190734863,7.5,7.510000228881836,84149,0.0,0.0
2023-04-04 15:30:00-04:00,7.514999866485596,7.574999809265137,7.5,7.559999942779541,146912,0.0,0.0
2023-04-05 09:30:00-04:00,7.510000228881836,7.585000038146973,7.489999771118164,7.514999866485596,45032,0.0,0.0
2023-04-05 10:30:00-04:00,7.519999980926514,7.534999847412109,7.494999885559082,7.514999866485596,47528,0.0,0.0
2023-04-05 11:30:00-04:00,7.510000228881836,7.540299892425537,7.510000228881836,7.53000020980835,27907,0.0,0.0
2023-04-05 12:30:00-04:00,7.534999847412109,7.579999923706055,7.519999980926514,7.570000171661377,37682,0.0,0.0
2023-04-05 13:30:00-04:00,7.570000171661377,7.570000171661377,7.514999866485596,7.514999866485596,50441,0.0,0.0
2023-04-05 14:30:00-04:00,7.514999866485596,7.559999942779541,7.510000228881836,7.559999942779541,68132,0.0,0.0
2023-04-05 15:30:00-04:00,7.559999942779541,7.590000152587891,7.542500019073486,7.570000171661377,144332,0.0,0.0
2023-04-06 09:30:00-04:00,7.630000114440918,7.695000171661377,7.59499979019165,7.639999866485596,65475,0.0,0.0
2023-04-06 10:30:00-04:00,7.639999866485596,7.670000076293945,7.610000133514404,7.610000133514404,70052,0.0,0.0
2023-04-06 11:30:00-04:00,7.610000133514404,7.644999980926514,7.599999904632568,7.605000019073486,83777,0.0,0.0
2023-04-06 12:30:00-04:00,7.610000133514404,7.659999847412109,7.605000019073486,7.644999980926514,67332,0.0,0.0
2023-04-06 13:30:00-04:00,7.644999980926514,7.650000095367432,7.610000133514404,7.625,61442,0.0,0.0
2023-04-06 14:30:00-04:00,7.625,7.690000057220459,7.625,7.664999961853027,90595,0.0,0.0
2023-04-06 15:30:00-04:00,7.664999961853027,7.710000038146973,7.65500020980835,7.710000038146973,129056,0.0,0.0
2023-04-10 09:30:00-04:00,7.650000095367432,7.730000019073486,7.639999866485596,7.695000171661377,75734,0.0,0.0
2023-04-10 10:30:00-04:00,7.695000171661377,7.699999809265137,7.630000114440918,7.630099773406982,30822,0.0,0.0
2023-04-10 11:30:00-04:00,7.635000228881836,7.650000095367432,7.614999771118164,7.619999885559082,48660,0.0,0.0
2023-04-10 12:30:00-04:00,7.619999885559082,7.690000057220459,7.614999771118164,7.675000190734863,56142,0.0,0.0
2023-04-10 13:30:00-04:00,7.675000190734863,7.695000171661377,7.659999847412109,7.690000057220459,54193,0.0,0.0
2023-04-10 14:30:00-04:00,7.695000171661377,7.699999809265137,7.675000190734863,7.684999942779541,119298,0.0,0.0
2023-04-10 15:30:00-04:00,7.684999942779541,7.760000228881836,7.684999942779541,7.730000019073486,296037,0.0,0.0
2023-04-11 09:30:00-04:00,7.699999809265137,7.789999961853027,7.684999942779541,7.784999847412109,63620,0.0,0.0
2023-04-11 10:30:00-04:00,7.78000020980835,7.78000020980835,7.739999771118164,7.755000114440918,53455,0.0,0.0
2023-04-11 11:30:00-04:00,7.757500171661377,7.764999866485596,7.739999771118164,7.744999885559082,54658,0.0,0.0
2023-04-11 12:30:00-04:00,7.744999885559082,7.75,7.71999979019165,7.730000019073486,46530,0.0,0.0
2023-04-11 13:30:00-04:00,7.730000019073486,7.739999771118164,7.715000152587891,7.715000152587891,48432,0.0,0.0
2023-04-11 14:30:00-04:00,7.71999979019165,7.760000228881836,7.71999979019165,7.75,236680,0.0,0.0
2023-04-11 15:30:00-04:00,7.75,7.769999980926514,7.710000038146973,7.710000038146973,174202,0.0,0.0
2023-04-12 09:30:00-04:00,7.789999961853027,7.829999923706055,7.769999980926514,7.804999828338623,100337,0.0,0.0
2023-04-12 10:30:00-04:00,7.800000190734863,7.804999828338623,7.755000114440918,7.769999980926514,46796,0.0,0.0
2023-04-12 11:30:00-04:00,7.775000095367432,7.795000076293945,7.755000114440918,7.769999980926514,60316,0.0,0.0
2023-04-12 12:30:00-04:00,7.775000095367432,7.78000020980835,7.75,7.775000095367432,41115,0.0,0.0
2023-04-12 13:30:00-04:00,7.775000095367432,7.809999942779541,7.775000095367432,7.775000095367432,41709,0.0,0.0
2023-04-12 14:30:00-04:00,7.775000095367432,7.775000095367432,7.690000057220459,7.695000171661377,110193,0.0,0.0
2023-04-12 15:30:00-04:00,7.695000171661377,7.695000171661377,7.650000095367432,7.659999847412109,162066,0.0,0.0
2023-04-13 09:30:00-04:00,7.679999828338623,7.739999771118164,7.670000076293945,7.715000152587891,42374,0.0,0.0
2023-04-13 10:30:00-04:00,7.715000152587891,7.715000152587891,7.639999866485596,7.650000095367432,32541,0.0,0.0
2023-04-13 11:30:00-04:00,7.65500020980835,7.710000038146973,7.65500020980835,7.704999923706055,62788,0.0,0.0
2023-04-13 12:30:00-04:00,7.704999923706055,7.735000133514404,7.704999923706055,7.735000133514404,36271,0.0,0.0
2023-04-13 13:30:00-04:00,7.735000133514404,7.755000114440918,7.71999979019165,7.71999979019165,56630,0.0,0.0
2023-04-13 14:30:00-04:00,7.724999904632568,7.739999771118164,7.710000038146973,7.715000152587891,70102,0.0,0.0
2023-04-13 15:30:00-04:00,7.715000152587891,7.71999979019165,7.670000076293945,7.699999809265137,207280,0.0,0.0
2023-04-14 09:30:00-04:00,7.730000019073486,7.730000019073486,7.605000019073486,7.614999771118164,80511,0.0,0.0
2023-04-14 10:30:00-04:00,7.619999885559082,7.635000228881836,7.570000171661377,7.579999923706055,71932,0.0,0.0
2023-04-14 11:30:00-04:00,7.579999923706055,7.605000019073486,7.574999809265137,7.599999904632568,72284,0.0,0.0
2023-04-14 12:30:00-04:00,7.605000019073486,7.605000019073486,7.574999809265137,7.579999923706055,46574,0.0,0.0
2023-04-14 13:30:00-04:00,7.570000171661377,7.585000038146973,7.545000076293945,7.585000038146973,43065,0.0,0.0
2023-04-14 14:30:00-04:00,7.585000038146973,7.599999904632568,7.519999980926514,7.574999809265137,89487,0.0,0.0
2023-04-14 15:30:00-04:00,7.577499866485596,7.610000133514404,7.565000057220459,7.610000133514404,264595,0.0,0.0
2023-04-17 09:30:00-04:00,7.599999904632568,7.65500020980835,7.539999961853027,7.65500020980835,304227,0.0,0.0
2023-04-17 10:30:00-04:00,7.65500020980835,7.710000038146973,7.65500020980835,7.684999942779541,114836,0.0,0.0
2023-04-17 11:30:00-04:00,7.690000057220459,7.715000152587891,7.644999980926514,7.684999942779541,155517,0.0,0.0
2023-04-17 12:30:00-04:00,7.684999942779541,7.699999809265137,7.644999980926514,7.695000171661377,60612,0.0,0.0
2023-04-17 13:30:00-04:00,7.695000171661377,7.699999809265137,7.670000076293945,7.690000057220459,61699,0.0,0.0
2023-04-17 14:30:00-04:00,7.695000171661377,7.747499942779541,7.690000057220459,7.739999771118164,158241,0.0,0.0
2023-04-17 15:30:00-04:00,7.739999771118164,7.760000228881836,7.710000038146973,7.760000228881836,436123,0.0,0.0
2023-04-18 09:30:00-04:00,7.829999923706055,8.03499984741211,7.815000057220459,8.010000228881836,179697,0.0,0.0
2023-04-18 10:30:00-04:00,8.0,8.1899995803833,7.985000133514404,8.15999984741211,490244,0.0,0.0
2023-04-18 11:30:00-04:00,8.164999961853027,8.229999542236328,8.135000228881836,8.225000381469727,428356,0.0,0.0
2023-04-18 12:30:00-04:00,8.21500015258789,8.239899635314941,8.154999732971191,8.164999961853027,144310,0.0,0.0
2023-04-18 13:30:00-04:00,8.15999984741211,8.175000190734863,8.130000114440918,8.130000114440918,57078,0.0,0.0
2023-04-18 14:30:00-04:00,8.130000114440918,8.15999984741211,8.079999923706055,8.104999542236328,361431,0.0,0.0
2023-04-18 15:30:00-04:00,8.104999542236328,8.140000343322754,8.09000015258789,8.140000343322754,267780,0.0,0.0
2023-04-19 09:30:00-04:00,8.109999656677246,8.109999656677246,8.03499984741211,8.045000076293945,98476,0.0,0.0
2023-04-19 10:30:00-04:00,8.050000190734863,8.114999771118164,8.020000457763672,8.109999656677246,593184,0.0,0.0
2023-04-19 11:30:00-04:00,8.109999656677246,8.130000114440918,8.079999923706055,8.119999885559082,316408,0.0,0.0
2023-04-19 12:30:00-04:00,8.125,8.135000228881836,8.114999771118164,8.125,66946,0.0,0.0
2023-04-19 13:30:00-04:00,8.125,8.149999618530273,8.119999885559082,8.130000114440918,301984,0.0,0.0
2023-04-19 14:30:00-04:00,8.135000228881836,8.149999618530273,8.114999771118164,8.135000228881836,158209,0.0,0.0
2023-04-19 15:30:00-04:00,8.135000228881836,8.140000343322754,8.09000015258789,8.114999771118164,362434,0.0,0.0
2023-04-20 09:30:00-04:00,8.079999923706055,8.09000015258789,8.005000114440918,8.085000038146973,455397,0.0,0.0
2023-04-20 10:30:00-04:00,8.085000038146973,8.088000297546387,8.03499984741211,8.055000305175781,121447,0.0,0.0
2023-04-20 11:30:00-04:00,8.055000305175781,8.055000305175781,8.024999618530273,8.03499984741211,103068,0.0,0.0
2023-04-20 12:30:00-04:00,8.03499984741211,8.050000190734863,8.020000457763672,8.024999618530273,87865,0.0,0.0
2023-04-20 13:30:00-04:00,8.024999618530273,8.0600004196167,8.0,8.005000114440918,120921,0.0,0.0
2023-04-20 14:30:00-04:00,8.005000114440918,8.020000457763672,7.96999979019165,7.985000133514404,201487,0.0,0.0
2023-04-20 15:30:00-04:00,7.989999771118164,8.039999961853027,7.989999771118164,8.020000457763672,176561,0.0,0.0
2023-04-21 09:30:00-04:00,8.069999694824219,8.069999694824219,7.889999866485596,7.945000171661377,139769,0.0,0.0
2023-04-21 10:30:00-04:00,7.945000171661377,7.949999809265137,7.894999980926514,7.914999961853027,98144,0.0,0.0
2023-04-21 11:30:00-04:00,7.914999961853027,7.940000057220459,7.889999866485596,7.925000190734863,223454,0.0,0.0
2023-04-21 12:30:00-04:00,7.925000190734863,7.925000190734863,7.889999866485596,7.889999866485596,45544,0.0,0.0
2023-04-21 13:30:00-04:00,7.892499923706055,7.994999885559082,7.892499923706055,7.994999885559082,289168,0.0,0.0
2023-04-21 14:30:00-04:00,7.994999885559082,7.994999885559082,7.925000190734863,7.934999942779541,120517,0.0,0.0
2023-04-21 15:30:00-04:00,7.940000057220459,7.949999809265137,7.900000095367432,7.920000076293945,340490,0.0,0.0
2023-04-24 09:30:00-04:00,7.929999828338623,7.929999828338623,7.789999961853027,7.824999809265137,395456,0.0,0.0
2023-04-24 10:30:00-04:00,7.824999809265137,7.830100059509277,7.730000019073486,7.735000133514404,141130,0.0,0.0
2023-04-24 11:30:00-04:00,7.739999771118164,7.784999847412109,7.739999771118164,7.769999980926514,39375,0.0,0.0
2023-04-24 12:30:00-04:00,7.775000095367432,7.78000020980835,7.760000228881836,7.764999866485596,46408,0.0,0.0
2023-04-24 13:30:00-04:00,7.764999866485596,7.775000095367432,7.71999979019165,7.75,65481,0.0,0.0
2023-04-24 14:30:00-04:00,7.75,7.800000190734863,7.744999885559082,7.789999961853027,165701,0.0,0.0
2023-04-24 15:30:00-04:00,7.795000076293945,7.800000190734863,7.769999980926514,7.769999980926514,225150,0.0,0.0
2023-04-25 09:30:00-04:00,7.679999828338623,7.739999771118164,7.659999847412109,7.684999942779541,58733,0.0,0.0
2023-04-25 10:30:00-04:00,7.684999942779541,7.715000152587891,7.664999961853027,7.704999923706055,39156,0.0,0.0
2023-04-25 11:30:00-04:00,7.699999809265137,7.710000038146973,7.690000057220459,7.699999809265137,52901,0.0,0.0
2023-04-25 12:30:00-04:00,7.699999809265137,7.704999923706055,7.675000190734863,7.704999923706055,69804,0.0,0.0
2023-04-25 13:30:00-04:00,7.699999809265137,7.699999809265137,7.670000076293945,7.699399948120117,67670,0.0,0.0
2023-04-25 14:30:00-04:00,7.699999809265137,7.699999809265137,7.679999828338623,7.695000171661377,69257,0.0,0.0
2023-04-25 15:30:00-04:00,7.695000171661377,7.695000171661377,7.670000076293945,7.690000057220459,115528,0.0,0.0
2023-04-26 09:30:00-04:00,7.599999904632568,7.710000038146973,7.579999923706055,7.614999771118164,55638,0.0,0.0
2023-04-26 10:30:00-04:00,7.619999885559082,7.690000057220459,7.610000133514404,7.675000190734863,284783,0.0,0.0
2023-04-26 11:30:00-04:00,7.675000190734863,7.679999828338623,7.599999904632568,7.614999771118164,81506,0.0,0.0
2023-04-26 12:30:00-04:00,7.614999771118164,7.639999866485596,7.610000133514404,7.617499828338623,34287,0.0,0.0
2023-04-26 13:30:00-04:00,7.614999771118164,7.61899995803833,7.565000057220459,7.59499979019165,57763,0.0,0.0
2023-04-26 14:30:00-04:00,7.59499979019165,7.599999904632568,7.559999942779541,7.565000057220459,87194,0.0,0.0
2023-04-26 15:30:00-04:00,7.565000057220459,7.599999904632568,7.559999942779541,7.599999904632568,251762,0.0,0.0
2023-04-27 09:30:00-04:00,7.599999904632568,7.710000038146973,7.599999904632568,7.695000171661377,201027,0.0,0.0
2023-04-27 10:30:00-04:00,7.695000171661377,7.699999809265137,7.635000228881836,7.670000076293945,76975,0.0,0.0
2023-04-27 11:30:00-04:00,7.664999961853027,7.695000171661377,7.659999847412109,7.684999942779541,94333,0.0,0.0
2023-04-27 12:30:00-04:00,7.684999942779541,7.724999904632568,7.670000076293945,7.699999809265137,275869,0.0,0.0
2023-04-27 13:30:00-04:00,7.699999809265137,7.739999771118164,7.690000057220459,7.730000019073486,116568,0.0,0.0
2023-04-27 14:30:00-04:00,7.735000133514404,7.739999771118164,7.710000038146973,7.724999904632568,151959,0.0,0.0
2023-04-27 15:30:00-04:00,7.71999979019165,7.724999904632568,7.679999828338623,7.690000057220459,206359,0.0,0.0
2023-04-28 09:30:00-04:00,7.679999828338623,7.929999828338623,7.679999828338623,7.911200046539307,97444,0.0,0.0
2023-04-28 10:30:00-04:00,7.914999961853027,7.940199851989746,7.835000038146973,7.854100227355957,131170,0.0,0.0
2023-04-28 11:30:00-04:00,7.849999904632568,7.860000133514404,7.829999923706055,7.855000019073486,75531,0.0,0.0
2023-04-28 12:30:00-04:00,7.860000133514404,7.860000133514404,7.820000171661377,7.824999809265137,49368,0.0,0.0
2023-04-28 13:30:00-04:00,7.829999923706055,7.840000152587891,7.775000095367432,7.78000020980835,82148,0.0,0.0
2023-04-28 14:30:00-04:00,7.784999847412109,7.804999828338623,7.775000095367432,7.795000076293945,71021,0.0,0.0
2023-04-28 15:30:00-04:00,7.795000076293945,7.840000152587891,7.784999847412109,7.829999923706055,209814,0.0,0.0
2023-05-01 09:30:00-04:00,7.829999923706055,7.929999828338623,7.829999923706055,7.900000095367432,57573,0.0,0.0
2023-05-01 10:30:00-04:00,7.90500020980835,7.929999828338623,7.889999866485596,7.929999828338623,111904,0.0,0.0
2023-05-01 11:30:00-04:00,7.929999828338623,7.980000019073486,7.925000190734863,7.980000019073486,101621,0.0,0.0
2023-05-01 12:30:00-04:00,7.980000019073486,7.989999771118164,7.934999942779541,7.965000152587891,137479,0.0,0.0
2023-05-01 13:30:00-04:00,7.965000152587891,8.010000228881836,7.965000152587891,7.980000019073486,379858,0.0,0.0
2023-05-01 14:30:00-04:00,7.980000019073486,7.985000133514404,7.940000057220459,7.979000091552734,187108,0.0,0.0
2023-05-01 15:30:00-04:00,7.974999904632568,7.980000019073486,7.949999809265137,7.980000019073486,260755,0.0,0.0
2023-05-02 09:30:00-04:00,7.920000076293945,7.940000057220459,7.739999771118164,7.744999885559082,85603,0.0,0.0
2023-05-02 10:30:00-04:00,7.760000228881836,7.789999961853027,7.699999809265137,7.78000020980835,228223,0.0,0.0
2023-05-02 11:30:00-04:00,7.784999847412109,7.849999904632568,7.71999979019165,7.849999904632568,467239,0.0,0.0
2023-05-02 12:30:00-04:00,7.84499979019165,7.897500038146973,7.815000057220459,7.885000228881836,304766,0.0,0.0
2023-05-02 13:30:00-04:00,7.885000228881836,7.889999866485596,7.849999904632568,7.864999771118164,281665,0.0,0.0
2023-05-02 14:30:00-04:00,7.864999771118164,7.880000114440918,7.84499979019165,7.855000019073486,248725,0.0,0.0
2023-05-02 15:30:00-04:00,7.855000019073486,7.855000019073486,7.820000171661377,7.840000152587891,266688,0.0,0.0
2023-05-03 09:30:00-04:00,7.860000133514404,7.900000095367432,7.789999961853027,7.835000038146973,105693,0.0,0.0
2023-05-03 10:30:00-04:00,7.835000038146973,7.885000228881836,7.835000038146973,7.875,95567,0.0,0.0
2023-05-03 11:30:00-04:00,7.880000114440918,7.889999866485596,7.860000133514404,7.864999771118164,84888,0.0,0.0
2023-05-03 12:30:00-04:00,7.864999771118164,7.880000114440918,7.849999904632568,7.880000114440918,61740,0.0,0.0
2023-05-03 13:30:00-04:00,7.880000114440918,7.885000228881836,7.800099849700928,7.824999809265137,399833,0.0,0.0
2023-05-03 14:30:00-04:00,7.829999923706055,7.875,7.75,7.764999866485596,245265,0.0,0.0
2023-05-03 15:30:00-04:00,7.760000228881836,7.78000020980835,7.71999979019165,7.730000019073486,172119,0.0,0.0
2023-05-04 09:30:00-04:00,7.730000019073486,7.78000020980835,7.614999771118164,7.644999980926514,175036,0.0,0.0
2023-05-04 10:30:00-04:00,7.639999866485596,7.695000171661377,7.614999771118164,7.65500020980835,99031,0.0,0.0
2023-05-04 11:30:00-04:00,7.65500020980835,7.675000190734863,7.614999771118164,7.65500020980835,88603,0.0,0.0
2023-05-04 12:30:00-04:00,7.65500020980835,7.71999979019165,7.630000114440918,7.684999942779541,99281,0.0,0.0
2023-05-04 13:30:00-04:00,7.684999942779541,7.699999809265137,7.619999885559082,7.619999885559082,310817,0.0,0.0
2023-05-04 14:30:00-04:00,7.610000133514404,7.625,7.590000152587891,7.605000019073486,199861,0.0,0.0
2023-05-04 15:30:00-04:00,7.605000019073486,7.619999885559082,7.590000152587891,7.610000133514404,419656,0.0,0.0
2023-05-05 09:30:00-04:00,7.710000038146973,8.140000343322754,7.679999828338623,8.020000457763672,246158,0.0,0.0
2023-05-05 10:30:00-04:00,8.024999618530273,8.024999618530273,7.949999809265137,7.985000133514404,292280,0.0,0.0
2023-05-05 11:30:00-04:00,7.980000019073486,7.985000133514404,7.960000038146973,7.96999979019165,82719,0.0,0.0
2023-05-05 12:30:00-04:00,7.965000152587891,8.020000457763672,7.954999923706055,7.985000133514404,167012,0.0,0.0
2023-05-05 13:30:00-04:00,7.989999771118164,8.020000457763672,7.96999979019165,7.994999885559082,167462,0.0,0.0
2023-05-05 14:30:00-04:00,7.994999885559082,8.024999618530273,7.980000019073486,8.0,128610,0.0,0.0
2023-05-05 15:30:00-04:00,8.0,8.010000228881836,7.949999809265137,7.980000019073486,336474,0.0,0.0
2023-05-08 09:30:00-04:00,8.0,8.038800239562988,7.885000228881836,7.90500020980835,117539,0.0,0.0
2023-05-08 10:30:00-04:00,7.909999847412109,7.965000152587891,7.880000114440918,7.914999961853027,118893,0.0,0.0
2023-05-08 11:30:00-04:00,7.914999961853027,8.125,7.894999980926514,8.125,639202,0.0,0.0
2023-05-08 12:30:00-04:00,8.125,8.164999961853027,8.045000076293945,8.109999656677246,428961,0.0,0.0
2023-05-08 13:30:00-04:00,8.119999885559082,8.125,8.0649995803833,8.104999542236328,207368,0.0,0.0
2023-05-08 14:30:00-04:00,8.104999542236328,8.125,8.079999923706055,8.079999923706055,279320,0.0,0.0
2023-05-08 15:30:00-04:00,8.09000015258789,8.170000076293945,8.085000038146973,8.170000076293945,531128,0.0,0.0
2023-05-09 09:30:00-04:00,8.149999618530273,8.380000114440918,8.125,8.274999618530273,525859,0.0,0.0
2023-05-09 10:30:00-04:00,8.274999618530273,8.319999694824219,8.260000228881836,8.274999618530273,303177,0.0,0.0
2023-05-09 11:30:00-04:00,8.274999618530273,8.329999923706055,8.274999618530273,8.324999809265137,203228,0.0,0.0
2023-05-09 12:30:00-04:00,8.324999809265137,8.430000305175781,8.324999809265137,8.425000190734863,507734,0.0,0.0
2023-05-09 13:30:00-04:00,8.425000190734863,8.545000076293945,8.395000457763672,8.530799865722656,2759951,0.0,0.0
2023-05-09 14:30:00-04:00,8.529999732971191,8.5600004196167,8.454999923706055,8.460000038146973,406167,0.0,0.0
2023-05-09 15:30:00-04:00,8.46500015258789,8.510000228881836,8.430000305175781,8.489999771118164,496856,0.0,0.0
2023-05-10 09:30:00-04:00,8.619999885559082,8.65999984741211,8.5649995803833,8.600000381469727,156292,0.0,0.0
2023-05-10 10:30:00-04:00,8.609999656677246,8.65999984741211,8.479999542236328,8.545000076293945,177367,0.0,0.0
2023-05-10 11:30:00-04:00,8.547499656677246,8.569000244140625,8.524999618530273,8.555000305175781,144938,0.0,0.0
2023-05-10 12:30:00-04:00,8.550000190734863,8.5600004196167,8.479999542236328,8.489999771118164,133420,0.0,0.0
2023-05-10 13:30:00-04:00,8.494999885559082,8.529999732971191,8.479999542236328,8.515000343322754,189954,0.0,0.0
2023-05-10 14:30:00-04:00,8.515000343322754,8.569999694824219,8.510000228881836,8.5600004196167,219782,0.0,0.0
2023-05-10 15:30:00-04:00,8.5600004196167,8.579999923706055,8.539999961853027,8.539999961853027,429686,0.0,0.0
2023-05-11 09:30:00-04:00,8.420000076293945,8.515000343322754,8.3149995803833,8.484999656677246,221840,0.0,0.0
2023-05-11 10:30:00-04:00,8.479999542236328,8.524999618530273,8.475000381469727,8.489999771118164,176468,0.0,0.0
2023-05-11 11:30:00-04:00,8.5,8.53499984741211,8.489999771118164,8.494999885559082,200364,0.0,0.0
2023-05-11 12:30:00-04:00,8.494999885559082,8.510000228881836,8.444999694824219,8.479999542236328,185367,0.0,0.0
2023-05-11 13:30:00-04:00,8.479999542236328,8.515000343322754,8.470000267028809,8.510000228881836,173779,0.0,0.0
2023-05-11 14:30:00-04:00,8.510000228881836,8.529999732971191,8.494999885559082,8.510000228881836,255363,0.0,0.0
2023-05-11 15:30:00-04:00,8.510000228881836,8.579999923706055,8.510000228881836,8.5600004196167,434560,0.0,0.0
2023-05-12 09:30:00-04:00,8.539999961853027,8.609999656677246,8.494999885559082,8.53499984741211,141582,0.0,0.0
2023-05-12 10:30:00-04:00,8.529999732971191,8.529999732971191,8.484999656677246,8.494999885559082,98807,0.0,0.0
2023-05-12 11:30:00-04:00,8.494999885559082,8.510000228881836,8.470000267028809,8.505000114440918,94376,0.0,0.0
2023-05-12 12:30:00-04:00,8.5,8.520000457763672,8.489999771118164,8.515000343322754,81030,0.0,0.0
2023-05-12 13:30:00-04:00,8.510000228881836,8.520000457763672,8.479999542236328,8.494999885559082,120604,0.0,0.0
2023-05-12 14:30:00-04:00,8.494999885559082,8.5,8.470000267028809,8.475000381469727,134690,0.0,0.0
2023-05-12 15:30:00-04:00,8.475000381469727,8.529999732971191,8.470000267028809,8.520000457763672,369293,0.0,0.0
2023-05-15 09:30:00-04:00,8.5,8.595000267028809,8.40999984741211,8.444999694824219,174085,0.0,0.0
2023-05-15 10:30:00-04:00,8.444999694824219,8.479999542236328,8.399999618530273,8.444999694824219,133335,0.0,0.0
2023-05-15 11:30:00-04:00,8.444999694824219,8.470000267028809,8.425000190734863,8.430000305175781,105574,0.0,0.0
2023-05-15 12:30:00-04:00,8.4350004196167,8.470000267028809,8.420000076293945,8.46500015258789,126281,0.0,0.0
2023-05-15 13:30:00-04:00,8.460000038146973,8.46500015258789,8.420000076293945,8.444999694824219,139172,0.0,0.0
2023-05-15 14:30:00-04:00,8.4399995803833,8.494999885559082,8.430000305175781,8.430000305175781,448104,0.0,0.0
2023-05-15 15:30:00-04:00,8.430000305175781,8.430000305175781,8.380000114440918,8.420000076293945,448382,0.0,0.0
2023-05-16 09:30:00-04:00,8.420000076293945,8.4399995803833,8.399999618530273,8.414999961853027,279872,0.0,0.0
2023-05-16 10:30:00-04:00,8.414999961853027,8.420000076293945,8.375,8.395000457763672,142672,0.0,0.0
2023-05-16 11:30:00-04:00,8.399100303649902,8.399100303649902,8.345000267028809,8.345000267028809,69895,0.0,0.0
2023-05-16 12:30:00-04:00,8.345000267028809,8.395000457763672,8.329999923706055,8.385000228881836,91437,0.0,0.0
2023-05-16 13:30:00-04:00,8.390000343322754,8.395000457763672,8.300000190734863,8.3100004196167,147040,0.0,0.0
2023-05-16 14:30:00-04:00,8.3100004196167,8.319999694824219,8.279999732971191,8.295000076293945,208618,0.0,0.0
2023-05-16 15:30:00-04:00,8.295000076293945,8.3100004196167,8.260000228881836,8.279999732971191,254207,0.0,0.0
2023-05-17 09:30:00-04:00,8.300000190734863,8.305000305175781,8.244999885559082,8.28499984741211,101057,0.0,0.0
2023-05-17 10:30:00-04:00,8.279999732971191,8.3100004196167,8.244999885559082,8.300000190734863,244519,0.0,0.0
2023-05-17 11:30:00-04:00,8.305000305175781,8.34000015258789,8.274999618530273,8.317500114440918,104484,0.0,0.0
2023-05-17 12:30:00-04:00,8.3149995803833,8.329999923706055,8.289999961853027,8.324999809265137,204774,0.0,0.0
2023-05-17 13:30:00-04:00,8.324999809265137,8.34000015258789,8.289999961853027,8.305000305175781,133878,0.0,0.0
2023-05-17 14:30:00-04:00,8.305000305175781,8.317500114440918,8.289999961853027,8.289999961853027,122211,0.0,0.0
2023-05-17 15:30:00-04:00,8.295000076293945,8.3100004196167,8.279999732971191,8.300000190734863,430261,0.0,0.0
2023-05-18 09:30:00-04:00,8.239999771118164,8.289999961853027,8.234999656677246,8.239999771118164,290625,0.0,0.0
2023-05-18 10:30:00-04:00,8.239999771118164,8.319999694824219,8.239999771118164,8.300000190734863,262731,0.0,0.0
2023-05-18 11:30:00-04:00,8.295000076293945,8.3100004196167,8.234999656677246,8.239999771118164,108135,0.0,0.0
2023-05-18 12:30:00-04:00,8.239999771118164,8.274999618530273,8.229999542236328,8.270000457763672,72189,0.0,0.0
2023-05-18 13:30:00-04:00,8.260000228881836,8.295000076293945,8.244999885559082,8.265000343322754,114535,0.0,0.0
2023-05-18 14:30:00-04:00,8.270000457763672,8.3100004196167,8.255000114440918,8.295000076293945,149977,0.0,0.0
2023-05-18 15:30:00-04:00,8.300000190734863,8.390000343322754,8.295000076293945,8.350000381469727,363067,0.0,0.0
2023-05-19 09:30:00-04:00,8.430000305175781,8.539999961853027,8.430000305175781,8.524999618530273,206950,0.0,0.0
2023-05-19 10:30:00-04:00,8.524999618530273,8.5600004196167,8.470000267028809,8.489999771118164,190090,0.0,0.0
2023-05-19 11:30:00-04:00,8.489999771118164,8.510000228881836,8.449999809265137,8.46500015258789,135207,0.0,0.0
2023-05-19 12:30:00-04:00,8.460000038146973,8.524999618530273,8.449999809265137,8.489999771118164,222331,0.0,0.0
2023-05-19 13:30:00-04:00,8.494999885559082,8.539999961853027,8.484999656677246,8.515000343322754,116831,0.0,0.0
2023-05-19 14:30:00-04:00,8.515000343322754,8.579999923706055,8.510000228881836,8.574999809265137,100233,0.0,0.0
2023-05-19 15:30:00-04:00,8.574999809265137,8.604999542236328,8.5649995803833,8.579999923706055,305067,0.0,0.0
2023-05-22 09:30:00-04:00,8.609999656677246,8.625,8.537500381469727,8.574999809265137,236229,0.0,0.0
2023-05-22 10:30:00-04:00,8.574999809265137,8.574999809265137,8.520000457763672,8.524999618530273,84068,0.0,0.0
2023-05-22 11:30:00-04:00,8.520000457763672,8.5649995803833,8.515000343322754,8.545000076293945,79916,0.0,0.0
2023-05-22 12:30:00-04:00,8.545000076293945,8.545000076293945,8.489999771118164,8.505000114440918,97860,0.0,0.0
2023-05-22 13:30:00-04:00,8.5,8.520000457763672,8.494999885559082,8.515000343322754,68805,0.0,0.0
2023-05-22 14:30:00-04:00,8.515000343322754,8.53499984741211,8.489999771118164,8.505000114440918,92351,0.0,0.0
2023-05-22 15:30:00-04:00,8.505000114440918,8.505000114440918,8.475000381469727,8.489999771118164,207315,0.0,0.0
2023-05-23 09:30:00-04:00,8.449999809265137,8.53499984741211,8.449999809265137,8.475000381469727,138284,0.0,0.0
2023-05-23 10:30:00-04:00,8.475000381469727,8.510000228881836,8.449999809265137,8.460000038146973,130495,0.0,0.0
2023-05-23 11:30:00-04:00,8.454999923706055,8.510000228881836,8.4399995803833,8.494999885559082,296570,0.0,0.0
2023-05-23 12:30:00-04:00,8.494999885559082,8.5,8.444999694824219,8.449999809265137,98101,0.0,0.0
2023-05-23 13:30:00-04:00,8.444999694824219,8.494999885559082,8.4399995803833,8.460000038146973,109432,0.0,0.0
2023-05-23 14:30:00-04:00,8.460000038146973,8.475000381469727,8.4350004196167,8.444999694824219,88342,0.0,0.0
2023-05-23 15:30:00-04:00,8.444999694824219,8.454999923706055,8.40999984741211,8.40999984741211,126414,0.0,0.0
2023-05-24 09:30:00-04:00,8.399999618530273,8.399999618530273,8.255000114440918,8.270000457763672,82504,0.0,0.0
2023-05-24 10:30:00-04:00,8.279999732971191,8.279999732971191,8.210000038146973,8.225000381469727,99058,0.0,0.0
2023-05-24 11:30:00-04:00,8.225000381469727,8.229999542236328,8.145000457763672,8.151100158691406,79820,0.0,0.0
2023-05-24 12:30:00-04:00,8.149999618530273,8.1850004196167,8.125,8.149999618530273,165266,0.0,0.0
2023-05-24 13:30:00-04:00,8.145000457763672,8.170000076293945,8.135000228881836,8.135000228881836,125664,0.0,0.0
2023-05-24 14:30:00-04:00,8.140000343322754,8.170000076293945,8.109999656677246,8.170000076293945,164506,0.0,0.0
2023-05-24 15:30:00-04:00,8.170000076293945,8.1850004196167,8.119999885559082,8.119999885559082,171527,0.0,0.0
2023-05-25 09:30:00-04:00,8.109999656677246,8.135000228881836,8.045000076293945,8.069999694824219,138742,0.0,0.0
2023-05-25 10:30:00-04:00,8.069999694824219,8.069999694824219,7.960000038146973,7.994999885559082,88715,0.0,0.0
2023-05-25 11:30:00-04:00,7.994999885559082,8.039999961853027,7.980000019073486,8.015000343322754,130818,0.0,0.0
2023-05-25 12:30:00-04:00,8.015000343322754,8.09000015258789,8.0,8.09000015258789,101615,0.0,0.0
2023-05-25 13:30:00-04:00,8.085000038146973,8.109999656677246,8.0,8.020000457763672,121707,0.0,0.0
2023-05-25 14:30:00-04:00,8.015000343322754,8.015000343322754,7.96999979019165,8.0,131443,0.0,0.0
2023-05-25 15:30:00-04:00,8.0,8.015000343322754,7.954999923706055,7.974999904632568,183893,0.0,0.0
2023-05-26 09:30:00-04:00,7.980000019073486,8.03499984741211,7.909999847412109,8.024999618530273,134695,0.0,0.0
2023-05-26 10:30:00-04:00,8.020000457763672,8.024999618530273,7.960000038146973,7.974999904632568,119783,0.0,0.0
2023-05-26 11:30:00-04:00,7.980000019073486,8.020000457763672,7.954999923706055,8.010000228881836,106672,0.0,0.0
2023-05-26 12:30:00-04:00,8.020000457763672,8.029999732971191,7.949999809265137,7.954999923706055,69223,0.0,0.0
2023-05-26 13:30:00-04:00,7.952499866485596,8.005000114440918,7.949999809265137,8.0,160993,0.0,0.0
2023-05-26 14:30:00-04:00,8.0,8.069999694824219,7.989999771118164,8.029999732971191,238817,0.0,0.0
2023-05-26 15:30:00-04:00,8.024999618530273,8.079999923706055,8.024999618530273,8.079999923706055,306893,0.0,0.0
2023-05-30 09:30:00-04:00,8.140000343322754,8.170000076293945,8.0600004196167,8.074999809265137,110442,0.0,0.0
2023-05-30 10:30:00-04:00,8.074999809265137,8.100000381469727,8.045000076293945,8.095000267028809,88111,0.0,0.0
2023-05-30 11:30:00-04:00,8.095000267028809,8.119999885559082,8.09000015258789,8.095000267028809,89264,0.0,0.0
2023-05-30 12:30:00-04:00,8.095000267028809,8.109999656677246,8.069999694824219,8.085000038146973,92603,0.0,0.0
2023-05-30 13:30:00-04:00,8.079999923706055,8.109999656677246,8.069999694824219,8.109999656677246,102111,0.0,0.0
2023-05-30 14:30:00-04:00,8.100000381469727,8.149999618530273,8.100000381469727,8.114999771118164,117294,0.0,0.0
2023-05-30 15:30:00-04:00,8.114999771118164,8.15999984741211,8.114999771118164,8.135000228881836,200846,0.0,0.0
2023-05-31 09:30:00-04:00,8.149999618530273,8.1899995803833,8.069999694824219,8.085000038146973,106316,0.0,0.0
2023-05-31 10:30:00-04:00,8.09000015258789,8.095000267028809,8.029999732971191,8.03499984741211,100530,0.0,0.0
2023-05-31 11:30:00-04:00,8.03499984741211,8.066399574279785,8.024999618530273,8.045000076293945,96418,0.0,0.0
2023-05-31 12:30:00-04:00,8.039999961853027,8.085000038146973,8.03499984741211,8.079999923706055,78806,0.0,0.0
2023-05-31 13:30:00-04:00,8.085000038146973,8.164999961853027,8.085000038146973,8.145000457763672,114156,0.0,0.0
2023-05-31 14:30:00-04:00,8.145000457763672,8.164999961853027,8.104999542236328,8.125,133892,0.0,0.0
2023-05-31 15:30:00-04:00,8.119999885559082,8.15999984741211,8.100000381469727,8.100000381469727,260112,0.0,0.0
2023-06-01 09:30:00-04:00,8.140000343322754,8.199999809265137,8.029999732971191,8.199999809265137,99161,0.0,0.0
2023-06-01 10:30:00-04:00,8.199999809265137,8.260000228881836,8.1850004196167,8.260000228881836,79464,0.0,0.0
2023-06-01 11:30:00-04:00,8.260000228881836,8.279999732971191,8.23009967803955,8.244999885559082,80017,0.0,0.0
2023-06-01 12:30:00-04:00,8.25,8.274999618530273,8.239999771118164,8.270000457763672,74359,0.0,0.0
2023-06-01 13:30:00-04:00,8.270000457763672,8.289999961853027,8.260000228881836,8.279999732971191,87222,0.0,0.0
2023-06-01 14:30:00-04:00,8.279999732971191,8.3100004196167,8.274999618530273,8.289999961853027,214962,0.0,0.0
2023-06-01 15:30:00-04:00,8.28499984741211,8.3100004196167,8.270000457763672,8.3100004196167,172234,0.0,0.0
2023-06-02 09:30:00-04:00,8.4399995803833,8.539999961853027,8.395000457763672,8.537699699401855,117313,0.0,0.0
2023-06-02 10:30:00-04:00,8.539999961853027,8.579999923706055,8.529999732971191,8.550000190734863,189606,0.0,0.0
2023-06-02 11:30:00-04:00,8.555000305175781,8.585000038146973,8.520000457763672,8.550000190734863,147499,0.0,0.0
2023-06-02 12:30:00-04:00,8.550000190734863,8.630000114440918,8.545000076293945,8.630000114440918,126452,0.0,0.0
2023-06-02 13:30:00-04:00,8.630000114440918,8.640000343322754,8.585000038146973,8.625,145154,0.0,0.0
2023-06-02 14:30:00-04:00,8.625,8.649999618530273,8.579999923706055,8.649999618530273,115019,0.0,0.0
2023-06-02 15:30:00-04:00,8.649999618530273,8.6850004196167,8.625,8.65999984741211,313571,0.0,0.0
2023-06-05 09:30:00-04:00,8.569999694824219,8.640000343322754,8.4399995803833,8.460000038146973,105857,0.0,0.0
2023-06-05 10:30:00-04:00,8.460000038146973,8.484999656677246,8.449999809265137,8.475000381469727,83175,0.0,0.0
2023-06-05 11:30:00-04:00,8.475000381469727,8.505000114440918,8.46500015258789,8.494999885559082,84118,0.0,0.0
2023-06-05 12:30:00-04:00,8.494999885559082,8.494999885559082,8.444999694824219,8.449999809265137,98131,0.0,0.0
2023-06-05 13:30:00-04:00,8.454999923706055,8.484999656677246,8.4350004196167,8.444999694824219,72369,0.0,0.0
2023-06-05 14:30:00-04:00,8.444999694824219,8.444999694824219,8.40999984741211,8.4350004196167,145424,0.0,0.0
2023-06-05 15:30:00-04:00,8.4350004196167,8.4350004196167,8.399999618530273,8.40999984741211,177074,0.0,0.0
2023-06-06 09:30:00-04:00,8.4399995803833,8.5600004196167,8.399999618530273,8.522500038146973,81532,0.0,0.0
2023-06-06 10:30:00-04:00,8.524999618530273,8.5649995803833,8.5,8.555000305175781,95840,0.0,0.0
2023-06-06 11:30:00-04:00,8.555000305175781,8.664999961853027,8.550000190734863,8.649999618530273,108820,0.0,0.0
2023-06-06 12:30:00-04:00,8.649999618530273,8.65999984741211,8.59000015258789,8.595000267028809,133168,0.0,0.0
2023-06-06 13:30:00-04:00,8.595000267028809,8.670000076293945,8.59000015258789,8.664999961853027,90018,0.0,0.0
2023-06-06 14:30:00-04:00,8.664999961853027,8.710000038146973,8.65999984741211,8.6850004196167,148132,0.0,0.0
2023-06-06 15:30:00-04:00,8.6899995803833,8.699999809265137,8.640000343322754,8.649999618530273,250083,0.0,0.0
2023-06-07 09:30:00-04:00,8.720000267028809,8.859999656677246,8.699999809265137,8.770000457763672,136862,0.0,0.0
2023-06-07 10:30:00-04:00,8.765000343322754,8.770000457763672,8.704999923706055,8.710000038146973,110817,0.0,0.0
2023-06-07 11:30:00-04:00,8.710000038146973,8.739999771118164,8.680000305175781,8.694999694824219,111145,0.0,0.0
2023-06-07 12:30:00-04:00,8.6899995803833,8.704999923706055,8.670000076293945,8.675000190734863,110921,0.0,0.0
2023-06-07 13:30:00-04:00,8.675000190734863,8.699999809265137,8.65999984741211,8.675000190734863,130854,0.0,0.0
2023-06-07 14:30:00-04:00,8.675000190734863,8.6850004196167,8.649999618530273,8.664999961853027,144827,0.0,0.0
2023-06-07 15:30:00-04:00,8.65999984741211,8.675000190734863,8.649999618530273,8.670000076293945,291622,0.0,0.0
2023-06-08 09:30:00-04:00,8.670000076293945,8.710000038146973,8.5,8.520000457763672,74472,0.0,0.0
2023-06-08 10:30:00-04:00,8.515000343322754,8.520000457763672,8.470000267028809,8.515000343322754,52401,0.0,0.0
2023-06-08 11:30:00-04:00,8.515000343322754,8.545000076293945,8.5,8.529999732971191,108455,0.0,0.0
2023-06-08 12:30:00-04:00,8.545000076293945,8.579999923706055,8.545000076293945,8.574999809265137,86957,0.0,0.0
2023-06-08 13:30:00-04:00,8.574999809265137,8.579999923706055,8.550000190734863,8.555000305175781,65082,0.0,0.0
2023-06-08 14:30:00-04:00,8.5600004196167,8.579999923706055,8.5600004196167,8.5649995803833,67525,0.0,0.0
2023-06-08 15:30:00-04:00,8.5649995803833,8.574999809265137,8.550000190734863,8.555000305175781,179059,0.0,0.0
2023-06-09 09:30:00-04:00,8.529999732971191,8.539999961853027,8.479999542236328,8.53499984741211,47160,0.0,0.0
2023-06-09 10:30:00-04:00,8.53499984741211,8.550000190734863,8.505000114440918,8.510000228881836,53391,0.0,0.0
2023-06-09 11:30:00-04:00,8.505000114440918,8.53499984741211,8.5,8.520000457763672,33999,0.0,0.0
2023-06-09 12:30:00-04:00,8.524999618530273,8.529999732971191,8.510000228881836,8.524999618530273,32852,0.0,0.0
2023-06-09 13:30:00-04:00,8.524999618530273,8.5649995803833,8.520000457763672,8.550000190734863,50191,0.0,0.0
2023-06-09 14:30:00-04:00,8.5600004196167,8.5600004196167,8.5,8.520000457763672,136410,0.0,0.0
2023-06-09 15:30:00-04:00,8.520000457763672,8.5600004196167,8.513299942016602,8.555000305175781,109085,0.0,0.0
2023-06-12 09:30:00-04:00,8.529999732971191,8.550000190734863,8.479999542236328,8.489999771118164,74366,0.0,0.0
2023-06-12 10:30:00-04:00,8.494999885559082,8.524999618530273,8.460000038146973,8.5,64513,0.0,0.0
2023-06-12 11:30:00-04:00,8.505000114440918,8.524999618530273,8.489999771118164,8.515000343322754,38591,0.0,0.0
2023-06-12 12:30:00-04:00,8.520000457763672,8.529999732971191,8.494999885559082,8.5,42184,0.0,0.0
2023-06-12 13:30:00-04:00,8.5,8.515000343322754,8.489999771118164,8.505000114440918,37662,0.0,0.0
2023-06-12 14:30:00-04:00,8.5,8.529999732971191,8.489999771118164,8.520000457763672,61350,0.0,0.0
2023-06-12 15:30:00-04:00,8.520000457763672,8.520000457763672,8.479999542236328,8.5,159408,0.0,0.0
2023-06-13 09:30:00-04:00,8.449999809265137,8.5,8.40999984741211,8.479999542236328,70006,0.0,0.0
2023-06-13 10:30:00-04:00,8.484999656677246,8.499899864196777,8.420000076293945,8.46500015258789,83564,0.0,0.0
2023-06-13 11:30:00-04:00,8.46500015258789,8.46500015258789,8.430000305175781,8.430500030517578,48288,0.0,0.0
2023-06-13 12:30:00-04:00,8.430000305175781,8.444999694824219,8.40999984741211,8.414999961853027,50389,0.0,0.0
2023-06-13 13:30:00-04:00,8.414999961853027,8.425000190734863,8.40999984741211,8.414999961853027,48754,0.0,0.0
2023-06-13 14:30:00-04:00,8.414999961853027,8.454999923706055,8.390000343322754,8.440999984741211,88770,0.0,0.0
2023-06-13 15:30:00-04:00,8.440999984741211,8.449999809265137,8.430000305175781,8.4399995803833,163659,0.0,0.0
2023-06-14 09:30:00-04:00,8.489999771118164,8.510000228881836,8.380000114440918,8.425000190734863,112791,0.0,0.0
2023-06-14 10:30:00-04:00,8.420000076293945,8.454999923706055,8.380000114440918,8.444999694824219,140928,0.0,0.0
2023-06-14 11:30:00-04:00,8.444999694824219,8.444999694824219,8.40999984741211,8.420000076293945,71339,0.0,0.0
2023-06-14 12:30:00-04:00,8.420000076293945,8.430000305175781,8.390000343322754,8.414999961853027,61057,0.0,0.0
2023-06-14 13:30:00-04:00,8.414999961853027,8.425000190734863,8.324999809265137,8.335000038146973,105020,0.0,0.0
2023-06-14 14:30:00-04:00,8.34000015258789,8.414999961853027,8.324999809265137,8.392000198364258,211664,0.0,0.0
2023-06-14 15:30:00-04:00,8.395000457763672,8.399999618530273,8.329999923706055,8.399999618530273,206958,0.0,0.0
2023-06-15 09:30:00-04:00,8.34000015258789,8.399999618530273,8.300000190734863,8.359999656677246,196922,0.0,0.0
2023-06-15 10:30:00-04:00,8.364999771118164,8.364999771118164,8.28499984741211,8.348999977111816,112737,0.0,0.0
2023-06-15 11:30:00-04:00,8.350000381469727,8.350000381469727,8.3100004196167,8.3149995803833,56271,0.0,0.0
2023-06-15 12:30:00-04:00,8.3149995803833,8.329999923706055,8.295000076293945,8.305000305175781,56096,0.0,0.0
2023-06-15 13:30:00-04:00,8.305000305175781,8.329999923706055,8.300000190734863,8.3125,77054,0.0,0.0
2023-06-15 14:30:00-04:00,8.3100004196167,8.359999656677246,8.3100004196167,8.3149995803833,112149,0.0,0.0
2023-06-15 15:30:00-04:00,8.319999694824219,8.380000114440918,8.3100004196167,8.380000114440918,212455,0.0,0.0
2023-06-16 09:30:00-04:00,8.460000038146973,8.489999771118164,8.34000015258789,8.350000381469727,251426,0.0,0.0
2023-06-16 10:30:00-04:00,8.359999656677246,8.359999656677246,8.28499984741211,8.295000076293945,61922,0.0,0.0
2023-06-16 11:30:00-04:00,8.300000190734863,8.305000305175781,8.260000228881836,8.295000076293945,50578,0.0,0.0
2023-06-16 12:30:00-04:00,8.300000190734863,8.3100004196167,8.279999732971191,8.289999961853027,42391,0.0,0.0
2023-06-16 13:30:00-04:00,8.279999732971191,8.28499984741211,8.260000228881836,8.265000343322754,74223,0.0,0.0
2023-06-16 14:30:00-04:00,8.265000343322754,8.270000457763672,8.220000267028809,8.244999885559082,76055,0.0,0.0
2023-06-16 15:30:00-04:00,8.244999885559082,8.270000457763672,8.229999542236328,8.260000228881836,190274,0.0,0.0
2023-06-20 09:30:00-04:00,8.199999809265137,8.199999809265137,8.09000015258789,8.095000267028809,135635,0.0,0.0
2023-06-20 10:30:00-04:00,8.100000381469727,8.130000114440918,8.069999694824219,8.079999923706055,103267,0.0,0.0
2023-06-20 11:30:00-04:00,8.074999809265137,8.08810043334961,8.045000076293945,8.074999809265137,55731,0.0,0.0
2023-06-20 12:30:00-04:00,8.074999809265137,8.114999771118164,8.0600004196167,8.104999542236328,68806,0.0,0.0
2023-06-20 13:30:00-04:00,8.104999542236328,8.140000343322754,8.100000381469727,8.114999771118164,102925,0.0,0.0
2023-06-20 14:30:00-04:00,8.114999771118164,8.119999885559082,8.09000015258789,8.104999542236328,78879,0.0,0.0
2023-06-20 15:30:00-04:00,8.104999542236328,8.140000343322754,8.09000015258789,8.130000114440918,228355,0.0,0.0
2023-06-21 09:30:00-04:00,8.09000015258789,8.119999885559082,8.001999855041504,8.109999656677246,108510,0.0,0.0
2023-06-21 10:30:00-04:00,8.119999885559082,8.140000343322754,8.095000267028809,8.109999656677246,67698,0.0,0.0
2023-06-21 11:30:00-04:00,8.109999656677246,8.170000076293945,8.100000381469727,8.149999618530273,114257,0.0,0.0
2023-06-21 12:30:00-04:00,8.149999618530273,8.149999618530273,8.09000015258789,8.104999542236328,94423,0.0,0.0
2023-06-21 13:30:00-04:00,8.102499961853027,8.109999656677246,8.09000015258789,8.104999542236328,86793,0.0,0.0
2023-06-21 14:30:00-04:00,8.100000381469727,8.104999542236328,8.050000190734863,8.050000190734863,96634,0.0,0.0
2023-06-21 15:30:00-04:00,8.050000190734863,8.079999923706055,8.045000076293945,8.079999923706055,200646,0.0,0.0
2023-06-22 09:30:00-04:00,8.09000015258789,8.130000114440918,7.994999885559082,8.0,183638,0.0,0.0
2023-06-22 10:30:00-04:00,7.994999885559082,8.005000114440918,7.925000190734863,7.925000190734863,118648,0.0,0.0
2023-06-22 11:30:00-04:00,7.928999900817871,7.940000057220459,7.900000095367432,7.909999847412109,50756,0.0,0.0
2023-06-22 12:30:00-04:00,7.90500020980835,7.914999961853027,7.897500038146973,7.90500020980835,61758,0.0,0.0
2023-06-22 13:30:00-04:00,7.90500020980835,7.940000057220459,7.90500020980835,7.929999828338623,76589,0.0,0.0
2023-06-22 14:30:00-04:00,7.934999942779541,7.960000038146973,7.929999828338623,7.940000057220459,65125,0.0,0.0
2023-06-22 15:30:00-04:00,7.945000171661377,7.954999923706055,7.909999847412109,7.949999809265137,220632,0.0,0.0
2023-06-23 09:30:00-04:00,7.869999885559082,7.965000152587891,7.809999942779541,7.90500020980835,252002,0.0,0.0
2023-06-23 10:30:00-04:00,7.90500020980835,7.920000076293945,7.885000228881836,7.894999980926514,252822,0.0,0.0
2023-06-23 11:30:00-04:00,7.894999980926514,7.920000076293945,7.894999980926514,7.914999961853027,154387,0.0,0.0
2023-06-23 12:30:00-04:00,7.914999961853027,7.965000152587891,7.889999866485596,7.965000152587891,274241,0.0,0.0
2023-06-23 13:30:00-04:00,7.96999979019165,8.050000190734863,7.965000152587891,8.015000343322754,250136,0.0,0.0
2023-06-23 14:30:00-04:00,8.015000343322754,8.020000457763672,7.985000133514404,8.0,164158,0.0,0.0
2023-06-23 15:30:00-04:00,7.989999771118164,8.0,7.949999809265137,7.980000019073486,299063,0.0,0.0
2023-06-26 09:30:00-04:00,7.980000019073486,8.25,7.980000019073486,8.1899995803833,133245,0.0,0.0
2023-06-26 10:30:00-04:00,8.180000305175781,8.239999771118164,8.180000305175781,8.204999923706055,115412,0.0,0.0
2023-06-26 11:30:00-04:00,8.204999923706055,8.220000267028809,8.170000076293945,8.220000267028809,130627,0.0,0.0
2023-06-26 12:30:00-04:00,8.220000267028809,8.225000381469727,8.175000190734863,8.218999862670898,79063,0.0,0.0
2023-06-26 13:30:00-04:00,8.21500015258789,8.239999771118164,8.194999694824219,8.239999771118164,83973,0.0,0.0
2023-06-26 14:30:00-04:00,8.234999656677246,8.260000228881836,8.229999542236328,8.260000228881836,165051,0.0,0.0
2023-06-26 15:30:00-04:00,8.260000228881836,8.289999961853027,8.255000114440918,8.270000457763672,321595,0.0,0.0
2023-06-27 09:30:00-04:00,8.300000190734863,8.399999618530273,8.279999732971191,8.354999542236328,142593,0.0,0.0
2023-06-27 10:30:00-04:00,8.359999656677246,8.427499771118164,8.359999656677246,8.40999984741211,226962,0.0,0.0
2023-06-27 11:30:00-04:00,8.414999961853027,8.420000076293945,8.369999885559082,8.385000228881836,378719,0.0,0.0
2023-06-27 12:30:00-04:00,8.385000228881836,8.40999984741211,8.369999885559082,8.404999732971191,170126,0.0,0.0
2023-06-27 13:30:00-04:00,8.404999732971191,8.40999984741211,8.380000114440918,8.385000228881836,110761,0.0,0.0
2023-06-27 14:30:00-04:00,8.380000114440918,8.430000305175781,8.380000114440918,8.404999732971191,552715,0.0,0.0
2023-06-27 15:30:00-04:00,8.404999732971191,8.40999984741211,8.359999656677246,8.369999885559082,331737,0.0,0.0
2023-06-28 09:30:00-04:00,8.359999656677246,8.380000114440918,8.274999618530273,8.305000305175781,144123,0.0,0.0
2023-06-28 10:30:00-04:00,8.300000190734863,8.329999923706055,8.25,8.324999809265137,115295,0.0,0.0
2023-06-28 11:30:00-04:00,8.324999809265137,8.329999923706055,8.295000076293945,8.319999694824219,72778,0.0,0.0
2023-06-28 12:30:00-04:00,8.3149995803833,8.335000038146973,8.289999961853027,8.324999809265137,123430,0.0,0.0
2023-06-28 13:30:00-04:00,8.324999809265137,8.329999923706055,8.289999961853027,8.305000305175781,166009,0.0,0.0
2023-06-28 14:30:00-04:00,8.3100004196167,8.324999809265137,8.279999732971191,8.319999694824219,235937,0.0,0.0
2023-06-28 15:30:00-04:00,8.319999694824219,8.380000114440918,8.319999694824219,8.375,484136,0.0,0.0
2023-06-29 09:30:00-04:00,8.369999885559082,8.4399995803833,8.369999885559082,8.404999732971191,133935,0.0,0.0
2023-06-29 10:30:00-04:00,8.404999732971191,8.449999809265137,8.390000343322754,8.444999694824219,84457,0.0,0.0
2023-06-29 11:30:00-04:00,8.444999694824219,8.510000228881836,8.430000305175781,8.505000114440918,161245,0.0,0.0
2023-06-29 12:30:00-04:00,8.505000114440918,8.510000228881836,8.475000381469727,8.489999771118164,107438,0.0,0.0
2023-06-29 13:30:00-04:00,8.5,8.515000343322754,8.489999771118164,8.5,185881,0.0,0.0
2023-06-29 14:30:00-04:00,8.510000228881836,8.520000457763672,8.489999771118164,8.510000228881836,149165,0.0,0.0
2023-06-29 15:30:00-04:00,8.515000343322754,8.579999923706055,8.515000343322754,8.550000190734863,504865,0.0,0.0
2023-06-30 09:30:00-04:00,8.640000343322754,8.651700019836426,8.430000305175781,8.454999923706055,116168,0.0,0.0
2023-06-30 10:30:00-04:00,8.460000038146973,8.5,8.420000076293945,8.425000190734863,153074,0.0,0.0
2023-06-30 11:30:00-04:00,8.425000190734863,8.494999885559082,8.425000190734863,8.470000267028809,54288,0.0,0.0
2023-06-30 12:30:00-04:00,8.46500015258789,8.470000267028809,8.444999694824219,8.444999694824219,96133,0.0,0.0
2023-06-30 13:30:00-04:00,8.4399995803833,8.449999809265137,8.420000076293945,8.4350004196167,85528,0.0,0.0
2023-06-30 14:30:00-04:00,8.4350004196167,8.46500015258789,8.420000076293945,8.444999694824219,211397,0.0,0.0
2023-06-30 15:30:00-04:00,8.444999694824219,8.529999732971191,8.444999694824219,8.515000343322754,458179,0.0,0.0
2023-07-03 09:30:00-04:00,8.5,8.694999694824219,8.5,8.694999694824219,121180,0.0,0.0
2023-07-03 10:30:00-04:00,8.699999809265137,8.79990005493164,8.694999694824219,8.78499984741211,142441,0.0,0.0
2023-07-03 11:30:00-04:00,8.779999732971191,8.789999961853027,8.744999885559082,8.755000114440918,202385,0.0,0.0
2023-07-05 09:30:00-04:00,8.65999984741211,8.6850004196167,8.59000015258789,8.664999961853027,125574,0.0,0.0
2023-07-05 10:30:00-04:00,8.670000076293945,8.770000457763672,8.664999961853027,8.725000381469727,107210,0.0,0.0
2023-07-05 11:30:00-04:00,8.729999542236328,8.729999542236328,8.664999961853027,8.675000190734863,305944,0.0,0.0
2023-07-05 12:30:00-04:00,8.675000190734863,8.6899995803833,8.65999984741211,8.664999961853027,190864,0.0,0.0
2023-07-05 13:30:00-04:00,8.670000076293945,8.670000076293945,8.600000381469727,8.604999542236328,93298,0.0,0.0
2023-07-05 14:30:00-04:00,8.604999542236328,8.619999885559082,8.574999809265137,8.595000267028809,100275,0.0,0.0
2023-07-05 15:30:00-04:00,8.595000267028809,8.595000267028809,8.550000190734863,8.555000305175781,281630,0.0,0.0
2023-07-06 09:30:00-04:00,8.5,8.5,8.395000457763672,8.420000076293945,119690,0.0,0.0
2023-07-06 10:30:00-04:00,8.40999984741211,8.40999984741211,8.279999732971191,8.3100004196167,192262,0.0,0.0
2023-07-06 11:30:00-04:00,8.3100004196167,8.375,8.3100004196167,8.34000015258789,185708,0.0,0.0
2023-07-06 12:30:00-04:00,8.345000267028809,8.414999961853027,8.34000015258789,8.40999984741211,282792,0.0,0.0
2023-07-06 13:30:00-04:00,8.404999732971191,8.4399995803833,8.399999618530273,8.414999961853027,143950,0.0,0.0
2023-07-06 14:30:00-04:00,8.420000076293945,8.470000267028809,8.414999961853027,8.46500015258789,69593,0.0,0.0
2023-07-06 15:30:00-04:00,8.46500015258789,8.479999542236328,8.4399995803833,8.460000038146973,180656,0.0,0.0
2023-07-07 09:30:00-04:00,8.380000114440918,8.479900360107422,8.380000114440918,8.475000381469727,56236,0.0,0.0
2023-07-07 10:30:00-04:00,8.475000381469727,8.489999771118164,8.449999809265137,8.460000038146973,56174,0.0,0.0
2023-07-07 11:30:00-04:00,8.46500015258789,8.484999656677246,8.4399995803833,8.475000381469727,58042,0.0,0.0
2023-07-07 12:30:00-04:00,8.475000381469727,8.555000305175781,8.449999809265137,8.524999618530273,90945,0.0,0.0
2023-07-07 13:30:00-04:00,8.524999618530273,8.529999732971191,8.489999771118164,8.494999885559082,79896,0.0,0.0
2023-07-07 14:30:00-04:00,8.494999885559082,8.5,8.449999809265137,8.454999923706055,115669,0.0,0.0
2023-07-07 15:30:00-04:00,8.460000038146973,8.489999771118164,8.449999809265137,8.460000038146973,181146,0.0,0.0
2023-07-10 09:30:00-04:00,8.40999984741211,8.4399995803833,8.350000381469727,8.395000457763672,84388,0.0,0.0
2023-07-10 10:30:00-04:00,8.390000343322754,8.399999618530273,8.340999603271484,8.364999771118164,61126,0.0,0.0
2023-07-10 11:30:00-04:00,8.369999885559082,8.390000343322754,8.369999885559082,8.385000228881836,102558,0.0,0.0
2023-07-10 12:30:00-04:00,8.38010025024414,8.420000076293945,8.380000114440918,8.414999961853027,104036,0.0,0.0
2023-07-10 13:30:00-04:00,8.414999961853027,8.420000076293945,8.399999618530273,8.414999961853027,45099,0.0,0.0
2023-07-10 14:30:00-04:00,8.414999961853027,8.454999923706055,8.390000343322754,8.454999923706055,109827,0.0,0.0
2023-07-10 15:30:00-04:00,8.454999923706055,8.460000038146973,8.430000305175781,8.430000305175781,221704,0.0,0.0
2023-07-11 09:30:00-04:00,8.40999984741211,8.430000305175781,8.34000015258789,8.395000457763672,128462,0.0,0.0
2023-07-11 10:30:00-04:00,8.395000457763672,8.399999618530273,8.375,8.385000228881836,84096,0.0,0.0
2023-07-11 11:30:00-04:00,8.385000228881836,8.414999961853027,8.380000114440918,8.385000228881836,75496,0.0,0.0
2023-07-11 12:30:00-04:00,8.390000343322754,8.40999984741211,8.375,8.404999732971191,69973,0.0,0.0
2023-07-11 13:30:00-04:00,8.404999732971191,8.404999732971191,8.380000114440918,8.385000228881836,57656,0.0,0.0
2023-07-11 14:30:00-04:00,8.390000343322754,8.420000076293945,8.390000343322754,8.395000457763672,121253,0.0,0.0
2023-07-11 15:30:00-04:00,8.395000457763672,8.40999984741211,8.380000114440918,8.40999984741211,244473,0.0,0.0
2023-07-12 09:30:00-04:00,8.550000190734863,8.5649995803833,8.46500015258789,8.529999732971191,194071,0.0,0.0
2023-07-12 10:30:00-04:00,8.520000457763672,8.529999732971191,8.475000381469727,8.494999885559082,96532,0.0,0.0
2023-07-12 11:30:00-04:00,8.494999885559082,8.515000343322754,8.475000381469727,8.484999656677246,124039,0.0,0.0
2023-07-12 12:30:00-04:00,8.484999656677246,8.505000114440918,8.470000267028809,8.494999885559082,110330,0.0,0.0
2023-07-12 13:30:00-04:00,8.4975004196167,8.4975004196167,8.470000267028809,8.484999656677246,53211,0.0,0.0
2023-07-12 14:30:00-04:00,8.484999656677246,8.515000343322754,8.479999542236328,8.484999656677246,112410,0.0,0.0
2023-07-12 15:30:00-04:00,8.484999656677246,8.5,8.460000038146973,8.460000038146973,202637,0.0,0.0
2023-07-13 09:30:00-04:00,8.449999809265137,8.5,8.420000076293945,8.484999656677246,164224,0.0,0.0
2023-07-13 10:30:00-04:00,8.489999771118164,8.529999732971191,8.470000267028809,8.505000114440918,60302,0.0,0.0
2023-07-13 11:30:00-04:00,8.505000114440918,8.539999961853027,8.5,8.505000114440918,61459,0.0,0.0
2023-07-13 12:30:00-04:00,8.5,8.550000190734863,8.489999771118164,8.550000190734863,58685,0.0,0.0
2023-07-13 13:30:00-04:00,8.550000190734863,8.579999923706055,8.542499542236328,8.579999923706055,45883,0.0,0.0
2023-07-13 14:30:00-04:00,8.579999923706055,8.59000015258789,8.550000190734863,8.585000038146973,136312,0.0,0.0
2023-07-13 15:30:00-04:00,8.585000038146973,8.670000076293945,8.579999923706055,8.670000076293945,557390,0.0,0.0
2023-07-14 09:30:00-04:00,8.649999618530273,8.710000038146973,8.59119987487793,8.704999923706055,200318,0.0,0.0
2023-07-14 10:30:00-04:00,8.704999923706055,8.720000267028809,8.65999984741211,8.699999809265137,329184,0.0,0.0
2023-07-14 11:30:00-04:00,8.699999809265137,8.704999923706055,8.654999732971191,8.6850004196167,115912,0.0,0.0
2023-07-14 12:30:00-04:00,8.6850004196167,8.699999809265137,8.680000305175781,8.680000305175781,102187,0.0,0.0
2023-07-14 13:30:00-04:00,8.6899995803833,8.75,8.680000305175781,8.710000038146973,346727,0.0,0.0
2023-07-14 14:30:00-04:00,8.71500015258789,8.729999542236328,8.710000038146973,8.71500015258789,139056,0.0,0.0
2023-07-14 15:30:00-04:00,8.71500015258789,8.760000228881836,8.710000038146973,8.760000228881836,490684,0.0,0.0
2023-07-17 09:30:00-04:00,8.699999809265137,8.755000114440918,8.680000305175781,8.710000038146973,124596,0.0,0.0
2023-07-17 10:30:00-04:00,8.710000038146973,8.770000457763672,8.709400177001953,8.725000381469727,160403,0.0,0.0
2023-07-17 11:30:00-04:00,8.725000381469727,8.725000381469727,8.694999694824219,8.704999923706055,59682,0.0,0.0
2023-07-17 12:30:00-04:00,8.704999923706055,8.720000267028809,8.6899995803833,8.704999923706055,83881,0.0,0.0
2023-07-17 13:30:00-04:00,8.704999923706055,8.71500015258789,8.6899995803833,8.694999694824219,104231,0.0,0.0
2023-07-17 14:30:00-04:00,8.694999694824219,8.729999542236328,8.670000076293945,8.710000038146973,244877,0.0,0.0
2023-07-17 15:30:00-04:00,8.710000038146973,8.760000228881836,8.710000038146973,8.744999885559082,768381,0.0,0.0
2023-07-18 09:30:00-04:00,8.739999771118164,8.880000114440918,8.71500015258789,8.84000015258789,255871,0.0,0.0
2023-07-18 10:30:00-04:00,8.84000015258789,8.859999656677246,8.800000190734863,8.854999542236328,556757,0.0,0.0
2023-07-18 11:30:00-04:00,8.845000267028809,8.859999656677246,8.739999771118164,8.755000114440918,783289,0.0,0.0
2023-07-18 12:30:00-04:00,8.75,8.774999618530273,8.739999771118164,8.760000228881836,52136,0.0,0.0
2023-07-18 13:30:00-04:00,8.75,8.755000114440918,8.720000267028809,8.744999885559082,84807,0.0,0.0
2023-07-18 14:30:00-04:00,8.744999885559082,8.75,8.71500015258789,8.744999885559082,122277,0.0,0.0
2023-07-18 15:30:00-04:00,8.744999885559082,8.770000457763672,8.710000038146973,8.725000381469727,316301,0.0,0.0
2023-07-19 09:30:00-04:00,8.819999694824219,8.819999694824219,8.711000442504883,8.720000267028809,63448,0.0,0.0
2023-07-19 10:30:00-04:00,8.71500015258789,8.75,8.704999923706055,8.729999542236328,122186,0.0,0.0
2023-07-19 11:30:00-04:00,8.729999542236328,8.767499923706055,8.729999542236328,8.755000114440918,48576,0.0,0.0
2023-07-19 12:30:00-04:00,8.75,8.760000228881836,8.739999771118164,8.75,38668,0.0,0.0
2023-07-19 13:30:00-04:00,8.75,8.760000228881836,8.734999656677246,8.75,71561,0.0,0.0
2023-07-19 14:30:00-04:00,8.742500305175781,8.779999732971191,8.739999771118164,8.770000457763672,154585,0.0,0.0
2023-07-19 15:30:00-04:00,8.774999618530273,8.774999618530273,8.739999771118164,8.75,214981,0.0,0.0
2023-07-20 09:30:00-04:00,8.779999732971191,8.779999732971191,8.649999618530273,8.734999656677246,83340,0.0,0.0
2023-07-20 10:30:00-04:00,8.729999542236328,8.765000343322754,8.720000267028809,8.755000114440918,61019,0.0,0.0
2023-07-20 11:30:00-04:00,8.760000228881836,8.806500434875488,8.755000114440918,8.795000076293945,62559,0.0,0.0
2023-07-20 12:30:00-04:00,8.795000076293945,8.800000190734863,8.765000343322754,8.765000343322754,49804,0.0,0.0
2023-07-20 13:30:00-04:00,8.765000343322754,8.800000190734863,8.76099967956543,8.789999961853027,50307,0.0,0.0
2023-07-20 14:30:00-04:00,8.789999961853027,8.800000190734863,8.78499984741211,8.795000076293945,59735,0.0,0.0
2023-07-20 15:30:00-04:00,8.795000076293945,8.8100004196167,8.789999961853027,8.8100004196167,134352,0.0,0.0
2023-07-21 09:30:00-04:00,8.850000381469727,8.859999656677246,8.78499984741211,8.795000076293945,98567,0.0,0.0
2023-07-21 10:30:00-04:00,8.800000190734863,8.805000305175781,8.770000457763672,8.78499984741211,49927,0.0,0.0
2023-07-21 11:30:00-04:00,8.78499984741211,8.835000038146973,8.78499984741211,8.829999923706055,57551,0.0,0.0
2023-07-21 12:30:00-04:00,8.829999923706055,8.880000114440918,8.824999809265137,8.845000267028809,279843,0.0,0.0
2023-07-21 13:30:00-04:00,8.84000015258789,8.864999771118164,8.829999923706055,8.850000381469727,109382,0.0,0.0
2023-07-21 14:30:00-04:00,8.854999542236328,8.869999885559082,8.850000381469727,8.859999656677246,81349,0.0,0.0
2023-07-21 15:30:00-04:00,8.859999656677246,8.899999618530273,8.859999656677246,8.890000343322754,265094,0.0,0.0
2023-07-24 09:30:00-04:00,8.899999618530273,8.930000305175781,8.84000015258789,8.854999542236328,108370,0.0,0.0
2023-07-24 10:30:00-04:00,8.854999542236328,8.869999885559082,8.84000015258789,8.864999771118164,46497,0.0,0.0
2023-07-24 11:30:00-04:00,8.869999885559082,8.890000343322754,8.869999885559082,8.878999710083008,54707,0.0,0.0
2023-07-24 12:30:00-04:00,8.875,8.890000343322754,8.871500015258789,8.887999534606934,54748,0.0,0.0
2023-07-24 13:30:00-04:00,8.890000343322754,8.890000343322754,8.869999885559082,8.875,42193,0.0,0.0
2023-07-24 14:30:00-04:00,8.8725004196167,8.890000343322754,8.835000038146973,8.845000267028809,149931,0.0,0.0
2023-07-24 15:30:00-04:00,8.845000267028809,8.904999732971191,8.84000015258789,8.890000343322754,407854,0.0,0.0
2023-07-25 09:30:00-04:00,8.850000381469727,8.925000190734863,8.850000381469727,8.895000457763672,84632,0.0,0.0
2023-07-25 10:30:00-04:00,8.899999618530273,8.904999732971191,8.859999656677246,8.875,82917,0.0,0.0
2023-07-25 11:30:00-04:00,8.869999885559082,8.875,8.845000267028809,8.850000381469727,56740,0.0,0.0
2023-07-25 12:30:00-04:00,8.850000381469727,8.850000381469727,8.811100006103516,8.824999809265137,40783,0.0,0.0
2023-07-25 13:30:00-04:00,8.824999809265137,8.859999656677246,8.819999694824219,8.819999694824219,66143,0.0,0.0
2023-07-25 14:30:00-04:00,8.819999694824219,8.824999809265137,8.779999732971191,8.805000305175781,98164,0.0,0.0
2023-07-25 15:30:00-04:00,8.800000190734863,8.8100004196167,8.760000228881836,8.770000457763672,279549,0.0,0.0
2023-07-26 09:30:00-04:00,8.75,8.829999923706055,8.710000038146973,8.8100004196167,270577,0.0,0.0
2023-07-26 10:30:00-04:00,8.8100004196167,8.845000267028809,8.800000190734863,8.819999694824219,66393,0.0,0.0
2023-07-26 11:30:00-04:00,8.819999694824219,8.84000015258789,8.795000076293945,8.8100004196167,106310,0.0,0.0
2023-07-26 12:30:00-04:00,8.8149995803833,8.824999809265137,8.800000190734863,8.8100004196167,47345,0.0,0.0
2023-07-26 13:30:00-04:00,8.8100004196167,8.8149995803833,8.789999961853027,8.789999961853027,50846,0.0,0.0
2023-07-26 14:30:00-04:00,8.795000076293945,8.84000015258789,8.770000457763672,8.78499984741211,92439,0.0,0.0
2023-07-26 15:30:00-04:00,8.78499984741211,8.800000190734863,8.770000457763672,8.789999961853027,138837,0.0,0.0
2023-07-27 09:30:00-04:00,8.84000015258789,8.850000381469727,8.720000267028809,8.734999656677246,64628,0.0,0.0
2023-07-27 10:30:00-04:00,8.734999656677246,8.739999771118164,8.59000015258789,8.59000015258789,62677,0.0,0.0
2023-07-27 11:30:00-04:00,8.600000381469727,8.619999885559082,8.550000190734863,8.595000267028809,166612,0.0,0.0
2023-07-27 12:30:00-04:00,8.595000267028809,8.604999542236328,8.569999694824219,8.579999923706055,112045,0.0,0.0
2023-07-27 13:30:00-04:00,8.583600044250488,8.600000381469727,8.5600004196167,8.5649995803833,84911,0.0,0.0
2023-07-27 14:30:00-04:00,8.5649995803833,8.5649995803833,8.510000228881836,8.53499984741211,106222,0.0,0.0
2023-07-27 15:30:00-04:00,8.53499984741211,8.5600004196167,8.510000228881836,8.520000457763672,208645,0.0,0.0
2023-07-28 09:30:00-04:00,8.600000381469727,8.610600471496582,8.420000076293945,8.444999694824219,284437,0.0,0.0
2023-07-28 10:30:00-04:00,8.449999809265137,8.470000267028809,8.4350004196167,8.444999694824219,98950,0.0,0.0
2023-07-28 11:30:00-04:00,8.444999694824219,8.460000038146973,8.4399995803833,8.444999694824219,73961,0.0,0.0
2023-07-28 12:30:00-04:00,8.444999694824219,8.46500015258789,8.4399995803833,8.444999694824219,77697,0.0,0.0
2023-07-28 13:30:00-04:00,8.444999694824219,8.470000267028809,8.369999885559082,8.470000267028809,632795,0.0,0.0
2023-07-28 14:30:00-04:00,8.46500015258789,8.520000457763672,8.460000038146973,8.484999656677246,119826,0.0,0.0
2023-07-28 15:30:00-04:00,8.489999771118164,8.489999771118164,8.4399995803833,8.4399995803833,276721,0.0,0.0
2023-07-31 09:30:00-04:00,8.390000343322754,8.510000228881836,8.390000343322754,8.484999656677246,143615,0.0,0.0
2023-07-31 10:30:00-04:00,8.489999771118164,8.515000343322754,8.390000343322754,8.390000343322754,393116,0.0,0.0
2023-07-31 11:30:00-04:00,8.395000457763672,8.40999984741211,8.329999923706055,8.350000381469727,234564,0.0,0.0
2023-07-31 12:30:00-04:00,8.354999542236328,8.359999656677246,8.289999961853027,8.319999694824219,142875,0.0,0.0
2023-07-31 13:30:00-04:00,8.319999694824219,8.34000015258789,8.289999961853027,8.289999961853027,155333,0.0,0.0
2023-07-31 14:30:00-04:00,8.289999961853027,8.329999923706055,8.289999961853027,8.300000190734863,186161,0.0,0.0
2023-07-31 15:30:00-04:00,8.305000305175781,8.34000015258789,8.305000305175781,8.329999923706055,229838,0.0,0.0
2023-08-01 09:30:00-04:00,8.279999732971191,8.359999656677246,8.210000038146973,8.21500015258789,77588,0.0,0.0
2023-08-01 10:30:00-04:00,8.210000038146973,8.244999885559082,8.199999809265137,8.244999885559082,66582,0.0,0.0
2023-08-01 11:30:00-04:00,8.25,8.259300231933594,8.199999809265137,8.204999923706055,72784,0.0,0.0
2023-08-01 12:30:00-04:00,8.204999923706055,8.279999732971191,8.204999923706055,8.274999618530273,68527,0.0,0.0
2023-08-01 13:30:00-04:00,8.279899597167969,8.279999732971191,8.25,8.255000114440918,64114,0.0,0.0
2023-08-01 14:30:00-04:00,8.260000228881836,8.279999732971191,8.25,8.255000114440918,117200,0.0,0.0
2023-08-01 15:30:00-04:00,8.260000228881836,8.279999732971191,8.220000267028809,8.234999656677246,557010,0.0,0.0
2023-08-02 09:30:00-04:00,8.149999618530273,8.25,8.140000343322754,8.199999809265137,64119,0.0,0.0
2023-08-02 10:30:00-04:00,8.199999809265137,8.220000267028809,8.140000343322754,8.164999961853027,51205,0.0,0.0
2023-08-02 11:30:00-04:00,8.164999961853027,8.25,8.154999732971191,8.225000381469727,82178,0.0,0.0
2023-08-02 12:30:00-04:00,8.225000381469727,8.260000228881836,8.220000267028809,8.229999542236328,65885,0.0,0.0
2023-08-02 13:30:00-04:00,8.239999771118164,8.239999771118164,8.229999542236328,8.239999771118164,35750,0.0,0.0
2023-08-02 14:30:00-04:00,8.234999656677246,8.239999771118164,8.199999809265137,8.204999923706055,173248,0.0,0.0
2023-08-02 15:30:00-04:00,8.204999923706055,8.21500015258789,8.1899995803833,8.210000038146973,216185,0.0,0.0
2023-08-03 09:30:00-04:00,8.130000114440918,8.130000114440918,8.005000114440918,8.055000305175781,122569,0.0,0.0
2023-08-03 10:30:00-04:00,8.055000305175781,8.0649995803833,8.029999732971191,8.039999961853027,53659,0.0,0.0
2023-08-03 11:30:00-04:00,8.03499984741211,8.050000190734863,8.020000457763672,8.045000076293945,55067,0.0,0.0
2023-08-03 12:30:00-04:00,8.045000076293945,8.100000381469727,8.045000076293945,8.095000267028809,45958,0.0,0.0
2023-08-03 13:30:00-04:00,8.095000267028809,8.104999542236328,8.0600004196167,8.074999809265137,51058,0.0,0.0
2023-08-03 14:30:00-04:00,8.074999809265137,8.09000015258789,8.055000305175781,8.079999923706055,75281,0.0,0.0
2023-08-03 15:30:00-04:00,8.085000038146973,8.119999885559082,8.079999923706055,8.095000267028809,359511,0.0,0.0
2023-08-04 09:30:00-04:00,8.069999694824219,8.319999694824219,8.069999694824219,8.319999694824219,66829,0.0,0.0
2023-08-04 10:30:00-04:00,8.324999809265137,8.329999923706055,8.255000114440918,8.28499984741211,78072,0.0,0.0
2023-08-04 11:30:00-04:00,8.289999961853027,8.289999961853027,8.25,8.265000343322754,41748,0.0,0.0
2023-08-04 12:30:00-04:00,8.265000343322754,8.289999961853027,8.25,8.25,50129,0.0,0.0
2023-08-04 13:30:00-04:00,8.255000114440918,8.260000228881836,8.175000190734863,8.210000038146973,89864,0.0,0.0
2023-08-04 14:30:00-04:00,8.210000038146973,8.210000038146973,8.170000076293945,8.208700180053711,119678,0.0,0.0
2023-08-04 15:30:00-04:00,8.204999923706055,8.229999542236328,8.1899995803833,8.210000038146973,146972,0.0,0.0
2023-08-07 09:30:00-04:00,8.229999542236328,8.289999961853027,8.199999809265137,8.289999961853027,114684,0.0,0.0
2023-08-07 10:30:00-04:00,8.289999961853027,8.300000190734863,8.25,8.265000343322754,46329,0.0,0.0
2023-08-07 11:30:00-04:00,8.265000343322754,8.270000457763672,8.234999656677246,8.234999656677246,53965,0.0,0.0
2023-08-07 12:30:00-04:00,8.239999771118164,8.25,8.210000038146973,8.234999656677246,64062,0.0,0.0
2023-08-07 13:30:00-04:00,8.234999656677246,8.239999771118164,8.229999542236328,8.234999656677246,34527,0.0,0.0
2023-08-07 14:30:00-04:00,8.229999542236328,8.270000457763672,8.229999542236328,8.265000343322754,101960,0.0,0.0
2023-08-07 15:30:00-04:00,8.265000343322754,8.279999732971191,8.260000228881836,8.279999732971191,131227,0.0,0.0
2023-08-08 09:30:00-04:00,8.239999771118164,8.4399995803833,8.199999809265137,8.350000381469727,186305,0.0,0.0
2023-08-08 10:30:00-04:00,8.359999656677246,8.385000228881836,8.324999809265137,8.324999809265137,74154,0.0,0.0
2023-08-08 11:30:00-04:00,8.324999809265137,8.329999923706055,8.234999656677246,8.265000343322754,94477,0.0,0.0
2023-08-08 12:30:00-04:00,8.270000457763672,8.279999732971191,8.25,8.255000114440918,41105,0.0,0.0
2023-08-08 13:30:00-04:00,8.255000114440918,8.260000228881836,8.180000305175781,8.21500015258789,114778,0.0,0.0
2023-08-08 14:30:00-04:00,8.21500015258789,8.25,8.204999923706055,8.244999885559082,95309,0.0,0.0
2023-08-08 15:30:00-04:00,8.244999885559082,8.270000457763672,8.229999542236328,8.265000343322754,161232,0.0,0.0
2023-08-09 09:30:00-04:00,8.210000038146973,8.279999732971191,8.14009952545166,8.244999885559082,191123,0.0,0.0
2023-08-09 10:30:00-04:00,8.260000228881836,8.287500381469727,8.199999809265137,8.204999923706055,68336,0.0,0.0
2023-08-09 11:30:00-04:00,8.199999809265137,8.210000038146973,8.175000190734863,8.1850004196167,40374,0.0,0.0
2023-08-09 12:30:00-04:00,8.1899995803833,8.229999542236328,8.1850004196167,8.220000267028809,53429,0.0,0.0
2023-08-09 13:30:00-04:00,8.220000267028809,8.265000343322754,8.210000038146973,8.255000114440918,37480,0.0,0.0
2023-08-09 14:30:00-04:00,8.260000228881836,8.265000343322754,8.225000381469727,8.239999771118164,80500,0.0,0.0
2023-08-09 15:30:00-04:00,8.25,8.25,8.180000305175781,8.199999809265137,285592,0.0,0.0
2023-08-10 09:30:00-04:00,8.199999809265137,8.329999923706055,8.140000343322754,8.274999618530273,104808,0.0,0.0
2023-08-10 10:30:00-04:00,8.270000457763672,8.3149995803833,8.239999771118164,8.3100004196167,107466,0.0,0.0
2023-08-10 11:30:00-04:00,8.3100004196167,8.359999656677246,8.3100004196167,8.345000267028809,286256,0.0,0.0
2023-08-10 12:30:00-04:00,8.345000267028809,8.390000343322754,8.329999923706055,8.34000015258789,187248,0.0,0.0
2023-08-10 13:30:00-04:00,8.34000015258789,8.354999542236328,8.319999694824219,8.350000381469727,52595,0.0,0.0
2023-08-10 14:30:00-04:00,8.354999542236328,8.359999656677246,8.329999923706055,8.34060001373291,91274,0.0,0.0
2023-08-10 15:30:00-04:00,8.345000267028809,8.345000267028809,8.3100004196167,8.34000015258789,214165,0.0,0.0
2023-08-11 09:30:00-04:00,8.260000228881836,8.28499984741211,8.189299583435059,8.239999771118164,83252,0.0,0.0
2023-08-11 10:30:00-04:00,8.244999885559082,8.265000343322754,8.220000267028809,8.265000343322754,65630,0.0,0.0
2023-08-11 11:30:00-04:00,8.260000228881836,8.28499984741211,8.255000114440918,8.265000343322754,65125,0.0,0.0
2023-08-11 12:30:00-04:00,8.260000228881836,8.265000343322754,8.239999771118164,8.25,43191,0.0,0.0
2023-08-11 13:30:00-04:00,8.244999885559082,8.270000457763672,8.239999771118164,8.265000343322754,50570,0.0,0.0
2023-08-11 14:30:00-04:00,8.270000457763672,8.289999961853027,8.270000457763672,8.270000457763672,81169,0.0,0.0
2023-08-11 15:30:00-04:00,8.274999618530273,8.289999961853027,8.270000457763672,8.289999961853027,162732,0.0,0.0
2023-08-14 09:30:00-04:00,8.229999542236328,8.239999771118164,8.140000343322754,8.180800437927246,71080,0.0,0.0
2023-08-14 10:30:00-04:00,8.1899995803833,8.227499961853027,8.170000076293945,8.175000190734863,34474,0.0,0.0
2023-08-14 11:30:00-04:00,8.170000076293945,8.1850004196167,8.15999984741211,8.164999961853027,34776,0.0,0.0
2023-08-14 12:30:00-04:00,8.164999961853027,8.170000076293945,8.130000114440918,8.135000228881836,26599,0.0,0.0
2023-08-14 13:30:00-04:00,8.130000114440918,8.137499809265137,8.09000015258789,8.095000267028809,36639,0.0,0.0
2023-08-14 14:30:00-04:00,8.095000267028809,8.098600387573242,8.0600004196167,8.085000038146973,87972,0.0,0.0
2023-08-14 15:30:00-04:00,8.085000038146973,8.100000381469727,8.079999923706055,8.090100288391113,130908,0.0,0.0
2023-08-15 09:30:00-04:00,8.0,8.03499984741211,7.982500076293945,7.982500076293945,84050,0.0,0.0
2023-08-15 10:30:00-04:00,7.985000133514404,8.039999961853027,7.985000133514404,8.020000457763672,69824,0.0,0.0
2023-08-15 11:30:00-04:00,8.010000228881836,8.045000076293945,8.010000228881836,8.024999618530273,51231,0.0,0.0
2023-08-15 12:30:00-04:00,8.024999618530273,8.029999732971191,8.0,8.024999618530273,45747,0.0,0.0
2023-08-15 13:30:00-04:00,8.024999618530273,8.029999732971191,7.989999771118164,8.015000343322754,63919,0.0,0.0
2023-08-15 14:30:00-04:00,8.017499923706055,8.039999961853027,8.010000228881836,8.010000228881836,86338,0.0,0.0
2023-08-15 15:30:00-04:00,8.010000228881836,8.03499984741211,8.005000114440918,8.010000228881836,179186,0.0,0.0
2023-08-16 09:30:00-04:00,8.029999732971191,8.0600004196167,7.949999809265137,7.965000152587891,43191,0.0,0.0
2023-08-16 10:30:00-04:00,7.96999979019165,8.0,7.965000152587891,7.980000019073486,43796,0.0,0.0
2023-08-16 11:30:00-04:00,7.989999771118164,7.997499942779541,7.965000152587891,7.974999904632568,57232,0.0,0.0
2023-08-16 12:30:00-04:00,7.96999979019165,7.980000019073486,7.914999961853027,7.934999942779541,57877,0.0,0.0
2023-08-16 13:30:00-04:00,7.934999942779541,7.9375,7.909999847412109,7.929999828338623,59372,0.0,0.0
2023-08-16 14:30:00-04:00,7.922500133514404,7.940000057220459,7.875,7.880000114440918,80526,0.0,0.0
2023-08-16 15:30:00-04:00,7.880000114440918,7.900000095367432,7.869999885559082,7.869999885559082,147737,0.0,0.0
2023-08-17 09:30:00-04:00,7.860000133514404,7.940000057220459,7.849999904632568,7.925000190734863,47504,0.0,0.0
2023-08-17 10:30:00-04:00,7.925000190734863,7.940000057220459,7.889999866485596,7.889999866485596,43163,0.0,0.0
2023-08-17 11:30:00-04:00,7.900000095367432,7.90500020980835,7.860000133514404,7.885000228881836,58141,0.0,0.0
2023-08-17 12:30:00-04:00,7.889999866485596,7.909999847412109,7.869999885559082,7.880000114440918,47533,0.0,0.0
2023-08-17 13:30:00-04:00,7.880000114440918,7.900000095367432,7.869999885559082,7.885000228881836,43761,0.0,0.0
2023-08-17 14:30:00-04:00,7.885000228881836,7.889999866485596,7.840000152587891,7.869999885559082,110840,0.0,0.0
2023-08-17 15:30:00-04:00,7.864999771118164,7.880000114440918,7.809999942779541,7.809999942779541,200176,0.0,0.0
2023-08-18 09:30:00-04:00,7.739999771118164,7.889999866485596,7.71999979019165,7.804999828338623,62351,0.0,0.0
2023-08-18 10:30:00-04:00,7.804999828338623,7.849999904632568,7.804999828338623,7.840000152587891,37317,0.0,0.0
2023-08-18 11:30:00-04:00,7.835000038146973,7.880000114440918,7.829999923706055,7.860000133514404,35277,0.0,0.0
2023-08-18 12:30:00-04:00,7.860000133514404,7.869999885559082,7.840000152587891,7.849999904632568,27676,0.0,0.0
2023-08-18 13:30:00-04:00,7.84499979019165,7.889999866485596,7.84499979019165,7.885000228881836,35616,0.0,0.0
2023-08-18 14:30:00-04:00,7.885000228881836,7.920000076293945,7.880000114440918,7.920000076293945,90391,0.0,0.0
2023-08-18 15:30:00-04:00,7.914999961853027,7.929999828338623,7.894999980926514,7.920000076293945,128987,0.0,0.0
2023-08-21 09:30:00-04:00,7.920000076293945,7.920000076293945,7.849999904632568,7.855000019073486,78296,0.0,0.0
2023-08-21 10:30:00-04:00,7.855000019073486,7.855000019073486,7.802499771118164,7.815000057220459,76160,0.0,0.0
2023-08-21 11:30:00-04:00,7.815000057220459,7.829999923706055,7.784999847412109,7.824999809265137,51954,0.0,0.0
2023-08-21 12:30:00-04:00,7.824999809265137,7.860000133514404,7.809999942779541,7.860000133514404,48777,0.0,0.0
2023-08-21 13:30:00-04:00,7.857999801635742,7.875,7.849999904632568,7.855000019073486,42232,0.0,0.0
2023-08-21 14:30:00-04:00,7.855000019073486,7.869999885559082,7.849999904632568,7.864999771118164,56233,0.0,0.0
2023-08-21 15:30:00-04:00,7.860000133514404,7.889999866485596,7.849999904632568,7.849999904632568,118245,0.0,0.0
2023-08-22 09:30:00-04:00,7.900000095367432,7.940000057220459,7.829999923706055,7.84499979019165,50701,0.0,0.0
2023-08-22 10:30:00-04:00,7.84499979019165,7.84499979019165,7.815000057220459,7.829999923706055,39459,0.0,0.0
2023-08-22 11:30:00-04:00,7.835000038146973,7.840000152587891,7.809999942779541,7.840000152587891,47945,0.0,0.0
2023-08-22 12:30:00-04:00,7.835000038146973,7.840000152587891,7.78000020980835,7.820000171661377,72012,0.0,0.0
2023-08-22 13:30:00-04:00,7.815000057220459,7.829999923706055,7.809999942779541,7.824999809265137,27350,0.0,0.0
2023-08-22 14:30:00-04:00,7.824999809265137,7.847499847412109,7.820000171661377,7.829999923706055,43465,0.0,0.0
2023-08-22 15:30:00-04:00,7.83050012588501,7.840000152587891,7.820000171661377,7.835000038146973,118480,0.0,0.0
2023-08-23 09:30:00-04:00,7.889999866485596,7.920000076293945,7.840000152587891,7.90500020980835,57821,0.0,0.0
2023-08-23 10:30:00-04:00,7.90880012512207,7.934999942779541,7.900000095367432,7.934999942779541,24310,0.0,0.0
2023-08-23 11:30:00-04:00,7.936100006103516,7.96999979019165,7.936100006103516,7.954999923706055,33239,0.0,0.0
2023-08-23 12:30:00-04:00,7.960000038146973,7.96999979019165,7.954999923706055,7.965000152587891,21724,0.0,0.0
2023-08-23 13:30:00-04:00,7.96999979019165,7.989999771118164,7.96999979019165,7.989999771118164,27466,0.0,0.0
2023-08-23 14:30:00-04:00,7.985000133514404,7.989999771118164,7.960000038146973,7.974999904632568,62806,0.0,0.0
2023-08-23 15:30:00-04:00,7.974999904632568,7.980000019073486,7.960000038146973,7.96999979019165,86175,0.0,0.0
2023-08-24 09:30:00-04:00,7.920000076293945,8.03499984741211,7.889999866485596,7.989999771118164,122323,0.0,0.0
2023-08-24 10:30:00-04:00,7.989999771118164,7.994999885559082,7.894999980926514,7.894999980926514,69504,0.0,0.0
2023-08-24 11:30:00-04:00,7.889999866485596,7.900000095367432,7.860000133514404,7.875,61067,0.0,0.0
2023-08-24 12:30:00-04:00,7.875,7.880000114440918,7.840000152587891,7.875,82444,0.0,0.0
2023-08-24 13:30:00-04:00,7.875,7.909999847412109,7.875,7.90500020980835,65764,0.0,0.0
2023-08-24 14:30:00-04:00,7.909999847412109,7.909999847412109,7.880000114440918,7.880000114440918,63742,0.0,0.0
2023-08-24 15:30:00-04:00,7.880000114440918,7.897500038146973,7.849999904632568,7.860000133514404,159493,0.0,0.0
2023-08-25 09:30:00-04:00,7.869999885559082,7.914999961853027,7.84499979019165,7.849999904632568,39885,0.0,0.0
2023-08-25 10:30:00-04:00,7.840000152587891,7.855000019073486,7.769999980926514,7.84499979019165,51646,0.0,0.0
2023-08-25 11:30:00-04:00,7.84499979019165,7.84499979019165,7.789999961853027,7.840000152587891,42010,0.0,0.0
2023-08-25 12:30:00-04:00,7.840000152587891,7.848999977111816,7.809999942779541,7.820000171661377,33149,0.0,0.0
2023-08-25 13:30:00-04:00,7.809999942779541,7.849999904632568,7.809999942779541,7.835000038146973,42387,0.0,0.0
2023-08-25 14:30:00-04:00,7.840000152587891,7.849999904632568,7.829999923706055,7.835000038146973,51501,0.0,0.0
2023-08-25 15:30:00-04:00,7.829999923706055,7.835000038146973,7.78000020980835,7.789999961853027,101309,0.0,0.0
2023-08-28 09:30:00-04:00,7.789999961853027,7.945000171661377,7.789999961853027,7.945000171661377,35617,0.0,0.0
2023-08-28 10:30:00-04:00,7.949999809265137,7.965000152587891,7.921299934387207,7.925000190734863,55188,0.0,0.0
2023-08-28 11:30:00-04:00,7.925000190734863,7.934999942779541,7.909999847412109,7.920000076293945,57730,0.0,0.0
2023-08-28 12:30:00-04:00,7.920000076293945,7.940000057220459,7.920000076293945,7.934999942779541,48873,0.0,0.0
2023-08-28 13:30:00-04:00,7.934999942779541,7.934999942779541,7.885000228881836,7.894999980926514,73197,0.0,0.0
2023-08-28 14:30:00-04:00,7.894999980926514,7.914999961853027,7.889999866485596,7.914999961853027,84760,0.0,0.0
2023-08-28 15:30:00-04:00,7.914999961853027,7.914999961853027,7.880000114440918,7.880000114440918,185707,0.0,0.0
2023-08-29 09:30:00-04:00,7.889999866485596,7.889999866485596,7.824999809265137,7.840000152587891,69513,0.0,0.0
2023-08-29 10:30:00-04:00,7.84499979019165,7.860000133514404,7.820000171661377,7.824999809265137,62172,0.0,0.0
2023-08-29 11:30:00-04:00,7.829999923706055,7.885000228881836,7.829999923706055,7.885000228881836,80669,0.0,0.0
2023-08-29 12:30:00-04:00,7.885000228881836,7.889999866485596,7.860000133514404,7.860000133514404,51032,0.0,0.0
2023-08-29 13:30:00-04:00,7.864799976348877,7.869999885559082,7.849999904632568,7.849999904632568,38785,0.0,0.0
2023-08-29 14:30:00-04:00,7.855000019073486,7.860000133514404,7.849999904632568,7.855000019073486,39192,0.0,0.0
2023-08-29 15:30:00-04:00,7.855000019073486,7.875,7.789999961853027,7.820000171661377,507596,0.0,0.0
2023-08-30 09:30:00-04:00,7.78000020980835,7.855000019073486,7.78000020980835,7.804999828338623,57446,0.0,0.0
2023-08-30 10:30:00-04:00,7.809999942779541,7.820000171661377,7.800000190734863,7.804999828338623,32845,0.0,0.0
2023-08-30 11:30:00-04:00,7.804999828338623,7.840000152587891,7.800000190734863,7.835000038146973,39618,0.0,0.0
2023-08-30 12:30:00-04:00,7.835000038146973,7.835000038146973,7.820000171661377,7.824999809265137,27340,0.0,0.0
2023-08-30 13:30:00-04:00,7.824999809265137,7.840000152587891,7.820000171661377,7.820000171661377,57473,0.0,0.0
2023-08-30 14:30:00-04:00,7.829999923706055,7.829999923706055,7.815000057220459,7.824999809265137,42099,0.0,0.0
2023-08-30 15:30:00-04:00,7.829999923706055,7.840000152587891,7.820000171661377,7.829999923706055,130331,0.0,0.0
2023-08-31 09:30:00-04:00,7.809999942779541,7.829999923706055,7.75,7.760000228881836,56066,0.0,0.0
2023-08-31 10:30:00-04:00,7.755000114440918,7.769999980926514,7.735000133514404,7.735000133514404,68557,0.0,0.0
2023-08-31 11:30:00-04:00,7.735000133514404,7.739999771118164,7.715000152587891,7.724999904632568,45677,0.0,0.0
2023-08-31 12:30:00-04:00,7.724999904632568,7.724999904632568,7.690000057220459,7.695000171661377,132884,0.0,0.0
2023-08-31 13:30:00-04:00,7.695000171661377,7.71999979019165,7.670000076293945,7.670000076293945,196763,0.0,0.0
2023-08-31 14:30:00-04:00,7.670000076293945,7.675000190734863,7.630000114440918,7.644999980926514,212626,0.0,0.0
2023-08-31 15:30:00-04:00,7.644999980926514,7.650000095367432,7.579999923706055,7.599999904632568,439925,0.0,0.0
2023-09-01 09:30:00-04:00,7.650000095367432,7.744999885559082,7.639999866485596,7.724999904632568,107070,0.0,0.0
2023-09-01 10:30:00-04:00,7.71999979019165,7.730000019073486,7.630000114440918,7.644999980926514,74268,0.0,0.0
2023-09-01 11:30:00-04:00,7.644999980926514,7.670000076293945,7.625,7.670000076293945,81510,0.0,0.0
2023-09-01 12:30:00-04:00,7.670000076293945,7.699999809265137,7.670000076293945,7.699999809265137,57189,0.0,0.0
2023-09-01 13:30:00-04:00,7.699999809265137,7.710000038146973,7.679999828338623,7.684999942779541,84078,0.0,0.0
2023-09-01 14:30:00-04:00,7.679999828338623,7.71999979019165,7.679999828338623,7.715000152587891,76185,0.0,0.0
2023-09-01 15:30:00-04:00,7.71999979019165,7.730000019073486,7.699999809265137,7.715000152587891,171315,0.0,0.0
2023-09-05 09:30:00-04:00,7.659999847412109,7.730000019073486,7.590000152587891,7.639999866485596,69948,0.0,0.0
2023-09-05 10:30:00-04:00,7.639999866485596,7.684999942779541,7.630000114440918,7.65500020980835,40669,0.0,0.0
2023-09-05 11:30:00-04:00,7.650000095367432,7.650000095367432,7.630000114440918,7.639999866485596,27552,0.0,0.0
2023-09-05 12:30:00-04:00,7.639999866485596,7.639999866485596,7.590000152587891,7.59499979019165,41751,0.0,0.0
2023-09-05 13:30:00-04:00,7.59499979019165,7.610000133514404,7.579999923706055,7.599999904632568,39180,0.0,0.0
2023-09-05 14:30:00-04:00,7.590000152587891,7.619999885559082,7.585000038146973,7.614999771118164,49232,0.0,0.0
2023-09-05 15:30:00-04:00,7.614999771118164,7.630000114440918,7.599999904632568,7.605000019073486,99987,0.0,0.0
2023-09-06 09:30:00-04:00,7.610000133514404,7.679999828338623,7.550000190734863,7.65500020980835,138230,0.0,0.0
2023-09-06 10:30:00-04:00,7.65500020980835,7.659999847412109,7.59499979019165,7.59499979019165,43453,0.0,0.0
2023-09-06 11:30:00-04:00,7.590000152587891,7.619999885559082,7.565000057220459,7.570000171661377,90386,0.0,0.0
2023-09-06 12:30:00-04:00,7.565000057220459,7.599999904632568,7.565000057220459,7.590000152587891,32876,0.0,0.0
2023-09-06 13:30:00-04:00,7.59499979019165,7.610000133514404,7.579999923706055,7.610000133514404,48382,0.0,0.0
2023-09-06 14:30:00-04:00,7.609000205993652,7.615799903869629,7.59499979019165,7.59499979019165,63016,0.0,0.0
2023-09-06 15:30:00-04:00,7.590000152587891,7.610000133514404,7.590000152587891,7.599999904632568,116745,0.0,0.0
2023-09-07 09:30:00-04:00,7.610000133514404,7.639999866485596,7.545000076293945,7.545000076293945,86723,0.0,0.0
2023-09-07 10:30:00-04:00,7.550000190734863,7.574999809265137,7.545000076293945,7.574999809265137,0,0.0,0.0
2023-09-07 11:30:00-04:00,7.574999809265137,7.619999885559082,7.574999809265137,7.614999771118164,162550,0.0,0.0
2023-09-07 12:30:00-04:00,7.614999771118164,7.619999885559082,7.579999923706055,7.585000038146973,51158,0.0,0.0
2023-09-07 13:30:00-04:00,7.579999923706055,7.590000152587891,7.550000190734863,7.550000190734863,39075,0.0,0.0
2023-09-07 14:30:00-04:00,7.554999828338623,7.554999828338623,7.534999847412109,7.534999847412109,82926,0.0,0.0
2023-09-07 15:30:00-04:00,7.534999847412109,7.539999961853027,7.510000228881836,7.510000228881836,101566,0.0,0.0
2023-09-08 09:30:00-04:00,7.5,7.510000228881836,7.429999828338623,7.474999904632568,61338,0.0,0.0
2023-09-08 10:30:00-04:00,7.474999904632568,7.5,7.462500095367432,7.494999885559082,61210,0.0,0.0
2023-09-08 11:30:00-04:00,7.489999771118164,7.499800205230713,7.460599899291992,7.494999885559082,37384,0.0,0.0
2023-09-08 12:30:00-04:00,7.494999885559082,7.494999885559082,7.46999979019165,7.474999904632568,31339,0.0,0.0
2023-09-08 13:30:00-04:00,7.474999904632568,7.480000019073486,7.449999809265137,7.449999809265137,52701,0.0,0.0
2023-09-08 14:30:00-04:00,7.449999809265137,7.455399990081787,7.429999828338623,7.440000057220459,69186,0.0,0.0
2023-09-08 15:30:00-04:00,7.445000171661377,7.445000171661377,7.420000076293945,7.420000076293945,102054,0.0,0.0
2023-09-11 09:30:00-04:00,7.409999847412109,7.460000038146973,7.369999885559082,7.434999942779541,103853,0.0,0.0
2023-09-11 10:30:00-04:00,7.434999942779541,7.436100006103516,7.369999885559082,7.380000114440918,55909,0.0,0.0
2023-09-11 11:30:00-04:00,7.380000114440918,7.385000228881836,7.369999885559082,7.369999885559082,33165,0.0,0.0
2023-09-11 12:30:00-04:00,7.369999885559082,7.369999885559082,7.349999904632568,7.349999904632568,48914,0.0,0.0
2023-09-11 13:30:00-04:00,7.355000019073486,7.355000019073486,7.304999828338623,7.309999942779541,64435,0.0,0.0
2023-09-11 14:30:00-04:00,7.309999942779541,7.349999904632568,7.309999942779541,7.34499979019165,79668,0.0,0.0
2023-09-11 15:30:00-04:00,7.340000152587891,7.400000095367432,7.340000152587891,7.389999866485596,258850,0.0,0.0
2023-09-12 09:30:00-04:00,7.369999885559082,7.465000152587891,7.369999885559082,7.465000152587891,91514,0.0,0.0
2023-09-12 10:30:00-04:00,7.465000152587891,7.474999904632568,7.429999828338623,7.454999923706055,47672,0.0,0.0
2023-09-12 11:30:00-04:00,7.460000038146973,7.519999980926514,7.460000038146973,7.505000114440918,76513,0.0,0.0
2023-09-12 12:30:00-04:00,7.505000114440918,7.53000020980835,7.5,7.519999980926514,44483,0.0,0.0
2023-09-12 13:30:00-04:00,7.525000095367432,7.525000095367432,7.5,7.505000114440918,88160,0.0,0.0
2023-09-12 14:30:00-04:00,7.505000114440918,7.519999980926514,7.5,7.505000114440918,90521,0.0,0.0
2023-09-12 15:30:00-04:00,7.505000114440918,7.539999961853027,7.5,7.53000020980835,160837,0.0,0.0
2023-09-13 09:30:00-04:00,7.489999771118164,7.574999809265137,7.474999904632568,7.574999809265137,78163,0.0,0.0
2023-09-13 10:30:00-04:00,7.574999809265137,7.59499979019165,7.545000076293945,7.554999828338623,184909,0.0,0.0
2023-09-13 11:30:00-04:00,7.550000190734863,7.554999828338623,7.460000038146973,7.465000152587891,103638,0.0,0.0
2023-09-13 12:30:00-04:00,7.46999979019165,7.46999979019165,7.445000171661377,7.449999809265137,46362,0.0,0.0
2023-09-13 13:30:00-04:00,7.449999809265137,7.465000152587891,7.409999847412109,7.414999961853027,61290,0.0,0.0
2023-09-13 14:30:00-04:00,7.409999847412109,7.414999961853027,7.360000133514404,7.364999771118164,90564,0.0,0.0
2023-09-13 15:30:00-04:00,7.364999771118164,7.375,7.349999904632568,7.360000133514404,128222,0.0,0.0
2023-09-14 09:30:00-04:00,7.409999847412109,7.480000019073486,7.300000190734863,7.355000019073486,160313,0.0,0.0
2023-09-14 10:30:00-04:00,7.355000019073486,7.389999866485596,7.340000152587891,7.375,74480,0.0,0.0
2023-09-14 11:30:00-04:00,7.369999885559082,7.409999847412109,7.360000133514404,7.400000095367432,74121,0.0,0.0
2023-09-14 12:30:00-04:00,7.40500020980835,7.420000076293945,7.389999866485596,7.389999866485596,64911,0.0,0.0
2023-09-14 13:30:00-04:00,7.389999866485596,7.394999980926514,7.380000114440918,7.385000228881836,49787,0.0,0.0
2023-09-14 14:30:00-04:00,7.380000114440918,7.40500020980835,7.340000152587891,7.340000152587891,129549,0.0,0.0
2023-09-14 15:30:00-04:00,7.340000152587891,7.369999885559082,7.320000171661377,7.369999885559082,283391,0.0,0.0
2023-09-15 09:30:00-04:00,7.320000171661377,7.340000152587891,7.239999771118164,7.289999961853027,231274,0.0,0.0
2023-09-15 10:30:00-04:00,7.284999847412109,7.329999923706055,7.25,7.300899982452393,870621,0.0,0.0
2023-09-15 11:30:00-04:00,7.300000190734863,7.389999866485596,7.25,7.355000019073486,337064,0.0,0.0
2023-09-15 12:30:00-04:00,7.349999904632568,7.349999904632568,7.289999961853027,7.300000190734863,51290,0.0,0.0
2023-09-15 13:30:00-04:00,7.309999942779541,7.355000019073486,7.304999828338623,7.340000152587891,68153,0.0,0.0
2023-09-15 14:30:00-04:00,7.34499979019165,7.369999885559082,7.340000152587891,7.360000133514404,41802,0.0,0.0
2023-09-15 15:30:00-04:00,7.355000019073486,7.380000114440918,7.329999923706055,7.329999923706055,241991,0.0,0.0
2023-09-18 09:30:00-04:00,7.389999866485596,7.389999866485596,7.28000020980835,7.364999771118164,58656,0.0,0.0
2023-09-18 10:30:00-04:00,7.369999885559082,7.385000228881836,7.329999923706055,7.335000038146973,40821,0.0,0.0
2023-09-18 11:30:00-04:00,7.340000152587891,7.340000152587891,7.289999961853027,7.295000076293945,28202,0.0,0.0
2023-09-18 12:30:00-04:00,7.295000076293945,7.309999942779541,7.28000020980835,7.28000020980835,35999,0.0,0.0
2023-09-18 13:30:00-04:00,7.284999847412109,7.284999847412109,7.239999771118164,7.244999885559082,40925,0.0,0.0
2023-09-18 14:30:00-04:00,7.244999885559082,7.248499870300293,7.21999979019165,7.230100154876709,50364,0.0,0.0
2023-09-18 15:30:00-04:00,7.230000019073486,7.25,7.21999979019165,7.25,98759,0.0,0.0
2023-09-19 09:30:00-04:00,7.21999979019165,7.295000076293945,7.21999979019165,7.275000095367432,65774,0.0,0.0
2023-09-19 10:30:00-04:00,7.28000020980835,7.289999961853027,7.159999847412109,7.164999961853027,90441,0.0,0.0
2023-09-19 11:30:00-04:00,7.159999847412109,7.179999828338623,7.099999904632568,7.130000114440918,110070,0.0,0.0
2023-09-19 12:30:00-04:00,7.130000114440918,7.139999866485596,7.079999923706055,7.105000019073486,114509,0.0,0.0
2023-09-19 13:30:00-04:00,7.110000133514404,7.150000095367432,7.110000133514404,7.125,80747,0.0,0.0
2023-09-19 14:30:00-04:00,7.119999885559082,7.150000095367432,7.110000133514404,7.130000114440918,299371,0.0,0.0
2023-09-19 15:30:00-04:00,7.135000228881836,7.139999866485596,7.110000133514404,7.119999885559082,212043,0.0,0.0
2023-09-20 09:30:00-04:00,7.190000057220459,7.260000228881836,7.190000057220459,7.230000019073486,59009,0.0,0.0
2023-09-20 10:30:00-04:00,7.230000019073486,7.244999885559082,7.212500095367432,7.21999979019165,50299,0.0,0.0
2023-09-20 11:30:00-04:00,7.215000152587891,7.224999904632568,7.190000057220459,7.190000057220459,45519,0.0,0.0
2023-09-20 12:30:00-04:00,7.199999809265137,7.210000038146973,7.170000076293945,7.179999828338623,31456,0.0,0.0
2023-09-20 13:30:00-04:00,7.170000076293945,7.179999828338623,7.130000114440918,7.170000076293945,61276,0.0,0.0
2023-09-20 14:30:00-04:00,7.170000076293945,7.210000038146973,7.150000095367432,7.179999828338623,89760,0.0,0.0
2023-09-20 15:30:00-04:00,7.179999828338623,7.179999828338623,7.119999885559082,7.130000114440918,158682,0.0,0.0
2023-09-21 09:30:00-04:00,7.039999961853027,7.039999961853027,6.985000133514404,7.019999980926514,81628,0.0,0.0
2023-09-21 10:30:00-04:00,7.019999980926514,7.025000095367432,6.940000057220459,6.940000057220459,69014,0.0,0.0
2023-09-21 11:30:00-04:00,6.940000057220459,7.025000095367432,6.929999828338623,7.010000228881836,85264,0.0,0.0
2023-09-21 12:30:00-04:00,7.010000228881836,7.050000190734863,6.985000133514404,7.045000076293945,69463,0.0,0.0
2023-09-21 13:30:00-04:00,7.050000190734863,7.065000057220459,7.039999961853027,7.050000190734863,85903,0.0,0.0
2023-09-21 14:30:00-04:00,7.050000190734863,7.050000190734863,7.010000228881836,7.014999866485596,100387,0.0,0.0
2023-09-21 15:30:00-04:00,7.019999980926514,7.039999961853027,6.980000019073486,6.985000133514404,128726,0.0,0.0
2023-09-22 09:30:00-04:00,6.980000019073486,7.070000171661377,6.980000019073486,7.065000057220459,98442,0.0,0.0
2023-09-22 10:30:00-04:00,7.065000057220459,7.09499979019165,7.054999828338623,7.085000038146973,100655,0.0,0.0
2023-09-22 11:30:00-04:00,7.085000038146973,7.090000152587891,7.034999847412109,7.065000057220459,57467,0.0,0.0
2023-09-22 12:30:00-04:00,7.065000057220459,7.110000133514404,7.065000057220459,7.099999904632568,80916,0.0,0.0
2023-09-22 13:30:00-04:00,7.09499979019165,7.09499979019165,7.070000171661377,7.079999923706055,107875,0.0,0.0
2023-09-22 14:30:00-04:00,7.074999809265137,7.130000114440918,7.070000171661377,7.125,117804,0.0,0.0
2023-09-22 15:30:00-04:00,7.130000114440918,7.130000114440918,7.059999942779541,7.059999942779541,239413,0.0,0.0
2023-09-25 09:30:00-04:00,7.019999980926514,7.079999923706055,6.989999771118164,7.014999866485596,94787,0.0,0.0
2023-09-25 10:30:00-04:00,7.014999866485596,7.03000020980835,7.0,7.010000228881836,58786,0.0,0.0
2023-09-25 11:30:00-04:00,7.019999980926514,7.070000171661377,7.010000228881836,7.065000057220459,64626,0.0,0.0
2023-09-25 12:30:00-04:00,7.065000057220459,7.074999809265137,7.054999828338623,7.067500114440918,66927,0.0,0.0
2023-09-25 13:30:00-04:00,7.065000057220459,7.079899787902832,7.019999980926514,7.074999809265137,195340,0.0,0.0
2023-09-25 14:30:00-04:00,7.074999809265137,7.079999923706055,7.03000020980835,7.034999847412109,111721,0.0,0.0
2023-09-25 15:30:00-04:00,7.034999847412109,7.050000190734863,7.010000228881836,7.034999847412109,206074,0.0,0.0
2023-09-26 09:30:00-04:00,6.989999771118164,7.019999980926514,6.869999885559082,6.894999980926514,82107,0.0,0.0
2023-09-26 10:30:00-04:00,6.894999980926514,6.934999942779541,6.84499979019165,6.889999866485596,161150,0.0,0.0
2023-09-26 11:30:00-04:00,6.880000114440918,6.880000114440918,6.820000171661377,6.869999885559082,105998,0.0,0.0
2023-09-26 12:30:00-04:00,6.869999885559082,6.885000228881836,6.829999923706055,6.840000152587891,54212,0.0,0.0
2023-09-26 13:30:00-04:00,6.84499979019165,6.84499979019165,6.784999847412109,6.789999961853027,59045,0.0,0.0
2023-09-26 14:30:00-04:00,6.789999961853027,6.804999828338623,6.730000019073486,6.739999771118164,124157,0.0,0.0
2023-09-26 15:30:00-04:00,6.739999771118164,6.820000171661377,6.739999771118164,6.760000228881836,229304,0.0,0.0
2023-09-27 09:30:00-04:00,6.800000190734863,6.889999866485596,6.784999847412109,6.885000228881836,97036,0.0,0.0
2023-09-27 10:30:00-04:00,6.880000114440918,6.885000228881836,6.789999961853027,6.829999923706055,67677,0.0,0.0
2023-09-27 11:30:00-04:00,6.824999809265137,6.829999923706055,6.755000114440918,6.764999866485596,55001,0.0,0.0
2023-09-27 12:30:00-04:00,6.769999980926514,6.789999961853027,6.71999979019165,6.71999979019165,68230,0.0,0.0
2023-09-27 13:30:00-04:00,6.71999979019165,6.789999961853027,6.71999979019165,6.78879976272583,72235,0.0,0.0
2023-09-27 14:30:00-04:00,6.789999961853027,6.815000057220459,6.789999961853027,6.795000076293945,87995,0.0,0.0
2023-09-27 15:30:00-04:00,6.789999961853027,6.795000076293945,6.730000019073486,6.730000019073486,197654,0.0,0.0
2023-09-28 09:30:00-04:00,6.760000228881836,6.90500020980835,6.760000228881836,6.824999809265137,91998,0.0,0.0
2023-09-28 10:30:00-04:00,6.820000171661377,6.829999923706055,6.792500019073486,6.809999942779541,67585,0.0,0.0
2023-09-28 11:30:00-04:00,6.809999942779541,6.860000133514404,6.804999828338623,6.860000133514404,94553,0.0,0.0
2023-09-28 12:30:00-04:00,6.860000133514404,6.860000133514404,6.800000190734863,6.824999809265137,96040,0.0,0.0
2023-09-28 13:30:00-04:00,6.829999923706055,6.840000152587891,6.804999828338623,6.835000038146973,69377,0.0,0.0
2023-09-28 14:30:00-04:00,6.829999923706055,6.849999904632568,6.820000171661377,6.84499979019165,127396,0.0,0.0
2023-09-28 15:30:00-04:00,6.84499979019165,6.849999904632568,6.789999961853027,6.809999942779541,201899,0.0,0.0
2023-09-29 09:30:00-04:00,6.889999866485596,6.945000171661377,6.835000038146973,6.864999771118164,69773,0.0,0.0
2023-09-29 10:30:00-04:00,6.864999771118164,6.880000114440918,6.840000152587891,6.84499979019165,75811,0.0,0.0
2023-09-29 11:30:00-04:00,6.840000152587891,6.84499979019165,6.800000190734863,6.815000057220459,71837,0.0,0.0
2023-09-29 12:30:00-04:00,6.809999942779541,6.815000057220459,6.75,6.775000095367432,94245,0.0,0.0
2023-09-29 13:30:00-04:00,6.78000020980835,6.789999961853027,6.735000133514404,6.75,88790,0.0,0.0
2023-09-29 14:30:00-04:00,6.75,6.804999828338623,6.75,6.775000095367432,129894,0.0,0.0
2023-09-29 15:30:00-04:00,6.775000095367432,6.820000171661377,6.760000228881836,6.800000190734863,223438,0.0,0.0
2023-10-02 09:30:00-04:00,6.739999771118164,6.809999942779541,6.730000019073486,6.789999961853027,154636,0.0,0.0
2023-10-02 10:30:00-04:00,6.784999847412109,6.820000171661377,6.744999885559082,6.769999980926514,150098,0.0,0.0
2023-10-02 11:30:00-04:00,6.769999980926514,6.775000095367432,6.630000114440918,6.690000057220459,101751,0.0,0.0
2023-10-02 12:30:00-04:00,6.690000057220459,6.699999809265137,6.670000076293945,6.679999828338623,57073,0.0,0.0
2023-10-02 13:30:00-04:00,6.679999828338623,6.710000038146973,6.650000095367432,6.664999961853027,113221,0.0,0.0
2023-10-02 14:30:00-04:00,6.660099983215332,6.670000076293945,6.639999866485596,6.65500020980835,128614,0.0,0.0
2023-10-02 15:30:00-04:00,6.65500020980835,6.670000076293945,6.639999866485596,6.659999847412109,216447,0.0,0.0
2023-10-03 09:30:00-04:00,6.610000133514404,6.65500020980835,6.514999866485596,6.514999866485596,120340,0.0,0.0
2023-10-03 10:30:00-04:00,6.519999980926514,6.550000190734863,6.505000114440918,6.534999847412109,102047,0.0,0.0
2023-10-03 11:30:00-04:00,6.534999847412109,6.539999961853027,6.480000019073486,6.519999980926514,98304,0.0,0.0
2023-10-03 12:30:00-04:00,6.525000095367432,6.539999961853027,6.505000114440918,6.519999980926514,77923,0.0,0.0
2023-10-03 13:30:00-04:00,6.519999980926514,6.53000020980835,6.46999979019165,6.46999979019165,84742,0.0,0.0
2023-10-03 14:30:00-04:00,6.46999979019165,6.489999771118164,6.460000038146973,6.460000038146973,126388,0.0,0.0
2023-10-03 15:30:00-04:00,6.46999979019165,6.489999771118164,6.454999923706055,6.485000133514404,154759,0.0,0.0
2023-10-04 09:30:00-04:00,6.480000019073486,6.53000020980835,6.420000076293945,6.429999828338623,135169,0.0,0.0
2023-10-04 10:30:00-04:00,6.434999942779541,6.494999885559082,6.414999961853027,6.494999885559082,91933,0.0,0.0
2023-10-04 11:30:00-04:00,6.494999885559082,6.519999980926514,6.450099945068359,6.519999980926514,140433,0.0,0.0
2023-10-04 12:30:00-04:00,6.53000020980835,6.539999961853027,6.465000152587891,6.46999979019165,133618,0.0,0.0
2023-10-04 13:30:00-04:00,6.46999979019165,6.485000133514404,6.460000038146973,6.480000019073486,112412,0.0,0.0
2023-10-04 14:30:00-04:00,6.480000019073486,6.5,6.46999979019165,6.480000019073486,141674,0.0,0.0
2023-10-04 15:30:00-04:00,6.480000019073486,6.489999771118164,6.449999809265137,6.460000038146973,248574,0.0,0.0
2023-10-05 09:30:00-04:00,6.449999809265137,6.554999828338623,6.449999809265137,6.519999980926514,110314,0.0,0.0
2023-10-05 10:30:00-04:00,6.519999980926514,6.519999980926514,6.460000038146973,6.460000038146973,37406,0.0,0.0
2023-10-05 11:30:00-04:00,6.465000152587891,6.525000095367432,6.465000152587891,6.514999866485596,78350,0.0,0.0
2023-10-05 12:30:00-04:00,6.519999980926514,6.539999961853027,6.5,6.505000114440918,74571,0.0,0.0
2023-10-05 13:30:00-04:00,6.505000114440918,6.550000190734863,6.5,6.545000076293945,61705,0.0,0.0
2023-10-05 14:30:00-04:00,6.550000190734863,6.579999923706055,6.539999961853027,6.545000076293945,120154,0.0,0.0
2023-10-05 15:30:00-04:00,6.545000076293945,6.550000190734863,6.5,6.53000020980835,209202,0.0,0.0
2023-10-06 09:30:00-04:00,6.53000020980835,6.534999847412109,6.454999923706055,6.494999885559082,152370,0.0,0.0
2023-10-06 10:30:00-04:00,6.5,6.514999866485596,6.480000019073486,6.514999866485596,109576,0.0,0.0
2023-10-06 11:30:00-04:00,6.510000228881836,6.659999847412109,6.510000228881836,6.624300003051758,200412,0.0,0.0
2023-10-06 12:30:00-04:00,6.630000114440918,6.690000057220459,6.622499942779541,6.679999828338623,75706,0.0,0.0
2023-10-06 13:30:00-04:00,6.684999942779541,6.704999923706055,6.679999828338623,6.699999809265137,77514,0.0,0.0
2023-10-06 14:30:00-04:00,6.699999809265137,6.715000152587891,6.670000076293945,6.675000190734863,105677,0.0,0.0
2023-10-06 15:30:00-04:00,6.675000190734863,6.684999942779541,6.630000114440918,6.639999866485596,246235,0.0,0.0
2023-10-09 09:30:00-04:00,6.599999904632568,6.65500020980835,6.5457000732421875,6.610000133514404,62632,0.0,0.0
2023-10-09 10:30:00-04:00,6.599999904632568,6.614999771118164,6.559999942779541,6.599999904632568,90395,0.0,0.0
2023-10-09 11:30:00-04:00,6.605000019073486,6.627999782562256,6.570000171661377,6.570000171661377,84951,0.0,0.0
2023-10-09 12:30:00-04:00,6.570000171661377,6.574999809265137,6.53000020980835,6.554999828338623,75912,0.0,0.0
2023-10-09 13:30:00-04:00,6.554999828338623,6.590000152587891,6.545000076293945,6.574999809265137,105124,0.0,0.0
2023-10-09 14:30:00-04:00,6.574999809265137,6.590000152587891,6.554999828338623,6.565000057220459,120170,0.0,0.0
2023-10-09 15:30:00-04:00,6.559999942779541,6.565000057220459,6.53000020980835,6.539999961853027,214455,0.0,0.0
2023-10-10 09:30:00-04:00,6.5,6.53000020980835,6.449999809265137,6.5,99293,0.0,0.0
2023-10-10 10:30:00-04:00,6.5,6.570000171661377,6.5,6.550000190734863,176237,0.0,0.0
2023-10-10 11:30:00-04:00,6.539999961853027,6.650000095367432,6.534999847412109,6.635000228881836,155078,0.0,0.0
2023-10-10 12:30:00-04:00,6.635000228881836,6.650000095367432,6.570000171661377,6.574999809265137,292789,0.0,0.0
2023-10-10 13:30:00-04:00,6.570000171661377,6.579999923706055,6.474999904632568,6.485000133514404,227473,0.0,0.0
2023-10-10 14:30:00-04:00,6.485000133514404,6.5,6.46999979019165,6.494999885559082,149081,0.0,0.0
2023-10-10 15:30:00-04:00,6.489999771118164,6.510000228881836,6.46999979019165,6.494999885559082,400821,0.0,0.0
2023-10-11 09:30:00-04:00,6.550000190734863,6.570000171661377,6.420000076293945,6.434999942779541,299160,0.0,0.0
2023-10-11 10:30:00-04:00,6.429999828338623,6.449999809265137,6.349999904632568,6.364999771118164,114218,0.0,0.0
2023-10-11 11:30:00-04:00,6.364999771118164,6.389999866485596,6.28000020980835,6.300000190734863,407032,0.0,0.0
2023-10-11 12:30:00-04:00,6.300000190734863,6.340000152587891,6.199999809265137,6.210000038146973,353958,0.0,0.0
2023-10-11 13:30:00-04:00,6.204999923706055,6.239999771118164,6.159999847412109,6.164999961853027,549264,0.0,0.0
2023-10-11 14:30:00-04:00,6.164999961853027,6.199999809265137,6.079999923706055,6.09499979019165,985159,0.0,0.0
2023-10-11 15:30:00-04:00,6.090000152587891,6.130000114440918,6.03000020980835,6.035699844360352,1893131,0.0,0.0
2023-10-12 09:30:00-04:00,6.050000190734863,6.135000228881836,5.820000171661377,5.902500152587891,666800,0.0,0.0
2023-10-12 10:30:00-04:00,5.909999847412109,6.010000228881836,5.875,5.985000133514404,1317576,0.0,0.0
2023-10-12 11:30:00-04:00,5.980100154876709,5.985000133514404,5.880000114440918,5.934999942779541,381983,0.0,0.0
2023-10-12 12:30:00-04:00,5.929999828338623,6.054999828338623,5.925000190734863,6.005000114440918,306147,0.0,0.0
2023-10-12 13:30:00-04:00,6.0,6.025000095367432,5.949999809265137,6.014999866485596,214923,0.0,0.0
2023-10-12 14:30:00-04:00,6.010000228881836,6.127299785614014,6.0,6.105000019073486,492214,0.0,0.0
2023-10-12 15:30:00-04:00,6.105000019073486,6.159999847412109,6.099999904632568,6.150000095367432,536440,0.0,0.0
2023-10-13 09:30:00-04:00,6.179999828338623,6.420000076293945,6.099999904632568,6.349999904632568,1153512,0.0,0.0
2023-10-13 10:30:00-04:00,6.34499979019165,6.369999885559082,6.150000095367432,6.224999904632568,190512,0.0,0.0
2023-10-13 11:30:00-04:00,6.21999979019165,6.650000095367432,6.215000152587891,6.559999942779541,861160,0.0,0.0
2023-10-13 12:30:00-04:00,6.559999942779541,6.599999904632568,6.5,6.505000114440918,228021,0.0,0.0
2023-10-13 13:30:00-04:00,6.505000114440918,6.610000133514404,6.489999771118164,6.534999847412109,265034,0.0,0.0
2023-10-13 14:30:00-04:00,6.53000020980835,6.559999942779541,6.494999885559082,6.550000190734863,207797,0.0,0.0
2023-10-13 15:30:00-04:00,6.548999786376953,6.590000152587891,6.547999858856201,6.579999923706055,424083,0.0,0.0
2023-10-16 09:30:00-04:00,6.639999866485596,6.71999979019165,6.514999866485596,6.539999961853027,202467,0.0,0.0
2023-10-16 10:30:00-04:00,6.545000076293945,6.59499979019165,6.545000076293945,6.579999923706055,125634,0.0,0.0
2023-10-16 11:30:00-04:00,6.585000038146973,6.630000114440918,6.5625,6.585000038146973,135515,0.0,0.0
2023-10-16 12:30:00-04:00,6.585000038146973,6.630000114440918,6.574999809265137,6.599999904632568,90653,0.0,0.0
2023-10-16 13:30:00-04:00,6.59499979019165,6.625,6.590000152587891,6.599999904632568,85381,0.0,0.0
2023-10-16 14:30:00-04:00,6.599999904632568,6.619999885559082,6.585000038146973,6.585000038146973,136130,0.0,0.0
2023-10-16 15:30:00-04:00,6.585000038146973,6.590000152587891,6.570000171661377,6.579999923706055,232140,0.0,0.0
2023-10-17 09:30:00-04:00,6.559999942779541,6.679999828338623,6.559999942779541,6.625,306250,0.0,0.0
2023-10-17 10:30:00-04:00,6.625,6.625,6.550000190734863,6.585000038146973,178374,0.0,0.0
2023-10-17 11:30:00-04:00,6.585000038146973,6.650000095367432,6.579999923706055,6.644999980926514,81134,0.0,0.0
2023-10-17 12:30:00-04:00,6.644999980926514,6.644999980926514,6.579999923706055,6.585000038146973,66352,0.0,0.0
2023-10-17 13:30:00-04:00,6.579999923706055,6.625,6.574999809265137,6.59499979019165,118053,0.0,0.0
2023-10-17 14:30:00-04:00,6.59499979019165,6.619999885559082,6.590000152587891,6.614999771118164,170000,0.0,0.0
2023-10-17 15:30:00-04:00,6.614999771118164,6.630000114440918,6.590000152587891,6.590000152587891,228492,0.0,0.0
2023-10-18 09:30:00-04:00,6.53000020980835,6.567699909210205,6.449999809265137,6.505000114440918,180897,0.0,0.0
2023-10-18 10:30:00-04:00,6.510000228881836,6.539999961853027,6.480000019073486,6.510000228881836,79318,0.0,0.0
2023-10-18 11:30:00-04:00,6.510000228881836,6.510000228881836,6.449999809265137,6.465000152587891,88024,0.0,0.0
2023-10-18 12:30:00-04:00,6.465000152587891,6.514999866485596,6.460000038146973,6.494999885559082,74987,0.0,0.0
2023-10-18 13:30:00-04:00,6.494999885559082,6.554999828338623,6.46999979019165,6.53000020980835,71279,0.0,0.0
2023-10-18 14:30:00-04:00,6.534999847412109,6.539999961853027,6.505000114440918,6.505000114440918,100327,0.0,0.0
2023-10-18 15:30:00-04:00,6.510000228881836,6.519999980926514,6.465000152587891,6.5,241422,0.0,0.0
2023-10-19 09:30:00-04:00,6.440000057220459,6.480000019073486,6.409999847412109,6.445000171661377,47015,0.0,0.0
2023-10-19 10:30:00-04:00,6.440000057220459,6.460000038146973,6.375,6.389999866485596,250120,0.0,0.0
2023-10-19 11:30:00-04:00,6.385000228881836,6.465000152587891,6.385000228881836,6.460000038146973,130804,0.0,0.0
2023-10-19 12:30:00-04:00,6.454999923706055,6.474999904632568,6.409999847412109,6.434999942779541,96635,0.0,0.0
2023-10-19 13:30:00-04:00,6.40500020980835,6.440000057220459,6.379700183868408,6.395299911499023,135403,0.0,0.0
2023-10-19 14:30:00-04:00,6.392000198364258,6.400000095367432,6.34499979019165,6.355000019073486,87162,0.0,0.0
2023-10-19 15:30:00-04:00,6.355000019073486,6.380000114440918,6.329999923706055,6.329999923706055,156389,0.0,0.0
2023-10-20 09:30:00-04:00,6.360000133514404,6.454999923706055,6.309999942779541,6.449999809265137,150990,0.0,0.0
2023-10-20 10:30:00-04:00,6.445000171661377,6.519999980926514,6.425000190734863,6.429999828338623,263175,0.0,0.0
2023-10-20 11:30:00-04:00,6.434999942779541,6.460000038146973,6.385000228881836,6.414999961853027,134804,0.0,0.0
2023-10-20 12:30:00-04:00,6.409999847412109,6.445000171661377,6.409999847412109,6.425000190734863,78792,0.0,0.0
2023-10-20 13:30:00-04:00,6.429999828338623,6.440000057220459,6.400000095367432,6.409999847412109,86567,0.0,0.0
2023-10-20 14:30:00-04:00,6.40500020980835,6.40500020980835,6.34499979019165,6.355000019073486,109535,0.0,0.0
2023-10-20 15:30:00-04:00,6.355000019073486,6.360000133514404,6.304999828338623,6.327499866485596,189228,0.0,0.0
2023-10-23 09:30:00-04:00,6.269999980926514,6.389999866485596,6.170000076293945,6.320000171661377,170777,0.0,0.0
2023-10-23 10:30:00-04:00,6.315000057220459,6.315000057220459,6.239999771118164,6.244999885559082,46980,0.0,0.0
2023-10-23 11:30:00-04:00,6.244999885559082,6.295000076293945,6.239999771118164,6.255000114440918,57011,0.0,0.0
2023-10-23 12:30:00-04:00,6.255000114440918,6.300000190734863,6.255000114440918,6.275000095367432,35884,0.0,0.0
2023-10-23 13:30:00-04:00,6.275000095367432,6.307799816131592,6.269999980926514,6.284999847412109,95061,0.0,0.0
2023-10-23 14:30:00-04:00,6.284999847412109,6.315000057220459,6.28000020980835,6.28000020980835,98921,0.0,0.0
2023-10-23 15:30:00-04:00,6.28000020980835,6.289999961853027,6.260000228881836,6.269999980926514,140723,0.0,0.0
2023-10-24 09:30:00-04:00,6.329999923706055,6.369999885559082,6.295000076293945,6.335000038146973,87494,0.0,0.0
2023-10-24 10:30:00-04:00,6.329999923706055,6.335000038146973,6.264999866485596,6.269999980926514,74309,0.0,0.0
2023-10-24 11:30:00-04:00,6.275000095367432,6.289999961853027,6.244999885559082,6.25,62254,0.0,0.0
2023-10-24 12:30:00-04:00,6.25,6.260000228881836,6.224999904632568,6.239999771118164,39932,0.0,0.0
2023-10-24 13:30:00-04:00,6.235000133514404,6.255000114440918,6.199999809265137,6.224999904632568,201890,0.0,0.0
2023-10-24 14:30:00-04:00,6.230000019073486,6.309999942779541,6.210000038146973,6.309999942779541,757702,0.0,0.0
2023-10-24 15:30:00-04:00,6.309999942779541,6.369999885559082,6.300000190734863,6.360000133514404,317133,0.0,0.0
2023-10-25 09:30:00-04:00,6.329999923706055,6.329999923706055,6.235000133514404,6.264999866485596,153983,0.0,0.0
2023-10-25 10:30:00-04:00,6.269999980926514,6.320000171661377,6.269999980926514,6.28000020980835,68123,0.0,0.0
2023-10-25 11:30:00-04:00,6.28000020980835,6.28000020980835,6.199999809265137,6.210000038146973,77889,0.0,0.0
2023-10-25 12:30:00-04:00,6.210000038146973,6.210000038146973,6.144999980926514,6.164999961853027,81443,0.0,0.0
2023-10-25 13:30:00-04:00,6.159999847412109,6.159999847412109,6.130000114440918,6.139999866485596,93221,0.0,0.0
2023-10-25 14:30:00-04:00,6.139999866485596,6.144999980926514,6.099999904632568,6.099999904632568,111362,0.0,0.0
2023-10-25 15:30:00-04:00,6.099999904632568,6.110000133514404,6.050000190734863,6.050000190734863,272440,0.0,0.0
2023-10-26 09:30:00-04:00,6.079999923706055,6.210000038146973,6.049200057983398,6.170000076293945,145249,0.0,0.0
2023-10-26 10:30:00-04:00,6.159999847412109,6.159999847412109,6.114999771118164,6.119999885559082,82376,0.0,0.0
2023-10-26 11:30:00-04:00,6.114999771118164,6.130000114440918,5.980000019073486,5.994999885559082,123498,0.0,0.0
2023-10-26 12:30:00-04:00,5.989999771118164,6.0,5.949999809265137,5.949999809265137,104172,0.0,0.0
2023-10-26 13:30:00-04:00,5.949999809265137,6.0,5.949999809265137,5.985000133514404,128783,0.0,0.0
2023-10-26 14:30:00-04:00,5.985000133514404,6.019999980926514,5.960000038146973,5.960000038146973,166509,0.0,0.0
2023-10-26 15:30:00-04:00,5.954999923706055,5.960000038146973,5.929999828338623,5.949999809265137,239119,0.0,0.0
2023-10-27 09:30:00-04:00,5.940000057220459,5.980000019073486,5.769999980926514,5.855000019073486,218667,0.0,0.0
2023-10-27 10:30:00-04:00,5.860000133514404,5.909999847412109,5.840000152587891,5.885000228881836,116127,0.0,0.0
2023-10-27 11:30:00-04:00,5.885000228881836,5.885000228881836,5.840000152587891,5.840000152587891,74468,0.0,0.0
2023-10-27 12:30:00-04:00,5.84499979019165,5.84499979019165,5.784999847412109,5.809999942779541,162751,0.0,0.0
2023-10-27 13:30:00-04:00,5.800000190734863,5.809999942779541,5.760000228881836,5.764999866485596,106775,0.0,0.0
2023-10-27 14:30:00-04:00,5.769899845123291,5.789999961853027,5.755000114440918,5.784999847412109,190039,0.0,0.0
2023-10-27 15:30:00-04:00,5.784999847412109,5.800000190734863,5.75,5.78000020980835,267970,0.0,0.0
2023-10-30 09:30:00-04:00,5.849999904632568,5.889999866485596,5.760000228881836,5.7617998123168945,90030,0.0,0.0
2023-10-30 10:30:00-04:00,5.7600998878479,5.7600998878479,5.635000228881836,5.659999847412109,164136,0.0,0.0
2023-10-30 11:30:00-04:00,5.659999847412109,5.690000057220459,5.630000114440918,5.65500020980835,122414,0.0,0.0
2023-10-30 12:30:00-04:00,5.65500020980835,5.697000026702881,5.630000114440918,5.695000171661377,154167,0.0,0.0
2023-10-30 13:30:00-04:00,5.699999809265137,5.730000019073486,5.679999828338623,5.679999828338623,163394,0.0,0.0
2023-10-30 14:30:00-04:00,5.679999828338623,5.730000019073486,5.679999828338623,5.695300102233887,199806,0.0,0.0
2023-10-30 15:30:00-04:00,5.690000057220459,5.699999809265137,5.675000190734863,5.679999828338623,216792,0.0,0.0
2023-10-31 09:30:00-04:00,5.710000038146973,5.769999980926514,5.699999809265137,5.715000152587891,115517,0.0,0.0
2023-10-31 10:30:00-04:00,5.715000152587891,5.789999961853027,5.699999809265137,5.78000020980835,97701,0.0,0.0
2023-10-31 11:30:00-04:00,5.784999847412109,5.829999923706055,5.769999980926514,5.804999828338623,43768,0.0,0.0
2023-10-31 12:30:00-04:00,5.804999828338623,5.84499979019165,5.789999961853027,5.835000038146973,66208,0.0,0.0
2023-10-31 13:30:00-04:00,5.840000152587891,5.84499979019165,5.769999980926514,5.784999847412109,110259,0.0,0.0
2023-10-31 14:30:00-04:00,5.784999847412109,5.829999923706055,5.78000020980835,5.824999809265137,108026,0.0,0.0
2023-10-31 15:30:00-04:00,5.829999923706055,5.880000114440918,5.820000171661377,5.860000133514404,313648,0.0,0.0
2023-11-01 09:30:00-04:00,5.869999885559082,5.889999866485596,5.764999866485596,5.885000228881836,153843,0.0,0.0
2023-11-01 10:30:00-04:00,5.885000228881836,5.909999847412109,5.809999942779541,5.815000057220459,54971,0.0,0.0
2023-11-01 11:30:00-04:00,5.820000171661377,5.860000133514404,5.760000228881836,5.764999866485596,88284,0.0,0.0
2023-11-01 12:30:00-04:00,5.769999980926514,5.789999961853027,5.699999809265137,5.710000038146973,70123,0.0,0.0
2023-11-01 13:30:00-04:00,5.702000141143799,5.769999980926514,5.699999809265137,5.755000114440918,77584,0.0,0.0
2023-11-01 14:30:00-04:00,5.75,5.789999961853027,5.710000038146973,5.764999866485596,130572,0.0,0.0
2023-11-01 15:30:00-04:00,5.764999866485596,5.78000020980835,5.75,5.78000020980835,209106,0.0,0.0
2023-11-02 09:30:00-04:00,5.900000095367432,5.985000133514404,5.824999809265137,5.90500020980835,160141,0.0,0.0
2023-11-02 10:30:00-04:00,5.90500020980835,5.934999942779541,5.885000228881836,5.889999866485596,114816,0.0,0.0
2023-11-02 11:30:00-04:00,5.889999866485596,5.914999961853027,5.860000133514404,5.885000228881836,155747,0.0,0.0
2023-11-02 12:30:00-04:00,5.889999866485596,6.014999866485596,5.885000228881836,5.960000038146973,236184,0.0,0.0
2023-11-02 13:30:00-04:00,5.965000152587891,5.989999771118164,5.949999809265137,5.954999923706055,97643,0.0,0.0
2023-11-02 14:30:00-04:00,5.954999923706055,5.989999771118164,5.940000057220459,5.985000133514404,118175,0.0,0.0
2023-11-02 15:30:00-04:00,5.985000133514404,6.019999980926514,5.985000133514404,6.014999866485596,176676,0.0,0.0
2023-11-03 09:30:00-04:00,6.150000095367432,6.300000190734863,6.150000095367432,6.179999828338623,162256,0.0,0.0
2023-11-03 10:30:00-04:00,6.179999828338623,6.239999771118164,6.15500020980835,6.239999771118164,57900,0.0,0.0
2023-11-03 11:30:00-04:00,6.235000133514404,6.269999980926514,6.235000133514404,6.255000114440918,55326,0.0,0.0
2023-11-03 12:30:00-04:00,6.260000228881836,6.300000190734863,6.255000114440918,6.295000076293945,96465,0.0,0.0
2023-11-03 13:30:00-04:00,6.295000076293945,6.309999942779541,6.260000228881836,6.295000076293945,93325,0.0,0.0
2023-11-03 14:30:00-04:00,6.300000190734863,6.329999923706055,6.284999847412109,6.295000076293945,224258,0.0,0.0
2023-11-03 15:30:00-04:00,6.295000076293945,6.329999923706055,6.289999961853027,6.329999923706055,282824,0.0,0.0
2023-11-06 09:30:00-05:00,6.289999961853027,6.289999961853027,6.235000133514404,6.244999885559082,135674,0.0,0.0
2023-11-06 10:30:00-05:00,6.244999885559082,6.260000228881836,6.175000190734863,6.190000057220459,67338,0.0,0.0
2023-11-06 11:30:00-05:00,6.190000057220459,6.199999809265137,6.15500020980835,6.159999847412109,108377,0.0,0.0
2023-11-06 12:30:00-05:00,6.159999847412109,6.177499771118164,6.144999980926514,6.15500020980835,89340,0.0,0.0
2023-11-06 13:30:00-05:00,6.15500020980835,6.170000076293945,6.130000114440918,6.150000095367432,78575,0.0,0.0
2023-11-06 14:30:00-05:00,6.15500020980835,6.190000057220459,6.139999866485596,6.159999847412109,116035,0.0,0.0
2023-11-06 15:30:00-05:00,6.15500020980835,6.159999847412109,6.105000019073486,6.159999847412109,309312,0.0,0.0
2023-11-07 09:30:00-05:00,6.355000019073486,6.445000171661377,6.25,6.300000190734863,445410,0.0,0.0
2023-11-07 10:30:00-05:00,6.300000190734863,6.320000171661377,6.25,6.28000020980835,143183,0.0,0.0
2023-11-07 11:30:00-05:00,6.284999847412109,6.364999771118164,6.255000114440918,6.28000020980835,188196,0.0,0.0
2023-11-07 12:30:00-05:00,6.269999980926514,6.400000095367432,6.25,6.400000095367432,433653,0.0,0.0
2023-11-07 13:30:00-05:00,6.394999980926514,6.46999979019165,6.385000228881836,6.40500020980835,306939,0.0,0.0
2023-11-07 14:30:00-05:00,6.400000095367432,6.46999979019165,6.389999866485596,6.420000076293945,404002,0.0,0.0
2023-11-07 15:30:00-05:00,6.420000076293945,6.460000038146973,6.394999980926514,6.409999847412109,1252065,0.0,0.0
2023-11-08 09:30:00-05:00,6.420000076293945,6.570000171661377,6.420000076293945,6.505000114440918,334577,0.0,0.0
2023-11-08 10:30:00-05:00,6.5,6.53000020980835,6.440000057220459,6.450900077819824,181023,0.0,0.0
2023-11-08 11:30:00-05:00,6.454999923706055,6.5,6.414999961853027,6.420000076293945,305293,0.0,0.0
2023-11-08 12:30:00-05:00,6.414999961853027,6.429999828338623,6.369999885559082,6.400000095367432,252329,0.0,0.0
2023-11-08 13:30:00-05:00,6.400000095367432,6.400000095367432,6.335000038146973,6.375,429069,0.0,0.0
2023-11-08 14:30:00-05:00,6.375,6.46999979019165,6.375,6.394999980926514,183343,0.0,0.0
2023-11-08 15:30:00-05:00,6.394999980926514,6.445000171661377,6.394999980926514,6.400000095367432,215216,0.0,0.0
2023-11-09 09:30:00-05:00,6.449999809265137,6.489999771118164,6.342899799346924,6.364999771118164,79355,0.0,0.0
2023-11-09 10:30:00-05:00,6.369999885559082,6.409999847412109,6.362500190734863,6.394999980926514,108556,0.0,0.0
2023-11-09 11:30:00-05:00,6.394999980926514,6.409999847412109,6.329999923706055,6.375,100696,0.0,0.0
2023-11-09 12:30:00-05:00,6.380000114440918,6.385000228881836,6.335000038146973,6.375,138515,0.0,0.0
2023-11-09 13:30:00-05:00,6.369999885559082,6.369999885559082,6.320000171661377,6.324999809265137,117929,0.0,0.0
2023-11-09 14:30:00-05:00,6.320000171661377,6.320000171661377,6.269999980926514,6.275000095367432,172898,0.0,0.0
2023-11-09 15:30:00-05:00,6.269999980926514,6.289999961853027,6.25,6.25,169830,0.0,0.0
2023-11-10 09:30:00-05:00,6.320000171661377,6.320000171661377,6.199999809265137,6.25,70846,0.0,0.0
2023-11-10 10:30:00-05:00,6.244999885559082,6.275000095367432,6.239999771118164,6.264999866485596,46753,0.0,0.0
2023-11-10 11:30:00-05:00,6.264999866485596,6.28000020980835,6.239999771118164,6.269999980926514,41726,0.0,0.0
2023-11-10 12:30:00-05:00,6.269999980926514,6.34499979019165,6.264999866485596,6.340000152587891,66594,0.0,0.0
2023-11-10 13:30:00-05:00,6.340000152587891,6.360000133514404,6.309999942779541,6.360000133514404,98973,0.0,0.0
2023-11-10 14:30:00-05:00,6.360000133514404,6.360000133514404,6.329999923706055,6.360000133514404,79956,0.0,0.0
2023-11-10 15:30:00-05:00,6.355000019073486,6.360000133514404,6.309999942779541,6.324999809265137,141981,0.0,0.0
2023-11-13 09:30:00-05:00,6.239999771118164,6.309999942779541,6.210000038146973,6.279799938201904,63505,0.0,0.0
2023-11-13 10:30:00-05:00,6.275000095367432,6.320000171661377,6.260000228881836,6.320000171661377,261111,0.0,0.0
2023-11-13 11:30:00-05:00,6.320000171661377,6.329999923706055,6.275000095367432,6.28000020980835,45811,0.0,0.0
2023-11-13 12:30:00-05:00,6.28000020980835,6.28000020980835,6.215000152587891,6.255000114440918,43697,0.0,0.0
2023-11-13 13:30:00-05:00,6.255000114440918,6.275000095367432,6.210000038146973,6.21999979019165,89834,0.0,0.0
2023-11-13 14:30:00-05:00,6.224999904632568,6.300000190734863,6.215000152587891,6.269999980926514,164120,0.0,0.0
2023-11-13 15:30:00-05:00,6.269999980926514,6.340000152587891,6.269999980926514,6.315000057220459,182336,0.0,0.0
2023-11-14 09:30:00-05:00,6.489999771118164,6.739999771118164,6.454999923706055,6.670000076293945,148879,0.0,0.0
2023-11-14 10:30:00-05:00,6.670000076293945,6.75,6.664999961853027,6.739999771118164,102526,0.0,0.0
2023-11-14 11:30:00-05:00,6.739999771118164,6.739999771118164,6.619999885559082,6.619999885559082,53359,0.0,0.0
2023-11-14 12:30:00-05:00,6.625,6.664999961853027,6.550000190734863,6.574999809265137,171509,0.0,0.0
2023-11-14 13:30:00-05:00,6.579999923706055,6.59499979019165,6.519999980926514,6.534999847412109,95979,0.0,0.0
2023-11-14 14:30:00-05:00,6.53000020980835,6.579999923706055,6.510000228881836,6.574999809265137,164876,0.0,0.0
2023-11-14 15:30:00-05:00,6.574999809265137,6.610000133514404,6.574999809265137,6.610000133514404,190503,0.0,0.0
2023-11-15 09:30:00-05:00,6.610000133514404,6.699999809265137,6.610000133514404,6.664999961853027,99070,0.0,0.0
2023-11-15 10:30:00-05:00,6.664999961853027,6.670000076293945,6.559999942779541,6.565000057220459,79433,0.0,0.0
2023-11-15 11:30:00-05:00,6.559999942779541,6.565000057220459,6.489999771118164,6.519999980926514,103092,0.0,0.0
2023-11-15 12:30:00-05:00,6.519999980926514,6.53000020980835,6.489999771118164,6.5,75338,0.0,0.0
2023-11-15 13:30:00-05:00,6.494999885559082,6.534999847412109,6.489999771118164,6.510000228881836,120926,0.0,0.0
2023-11-15 14:30:00-05:00,6.510000228881836,6.579100131988525,6.510000228881836,6.554999828338623,153578,0.0,0.0
2023-11-15 15:30:00-05:00,6.554999828338623,6.559999942779541,6.53000020980835,6.539999961853027,151662,0.0,0.0
2023-11-16 09:30:00-05:00,6.550000190734863,6.605000019073486,6.460000038146973,6.5,60449,0.0,0.0
2023-11-16 10:30:00-05:00,6.505000114440918,6.514999866485596,6.434999942779541,6.494999885559082,61752,0.0,0.0
2023-11-16 11:30:00-05:00,6.489999771118164,6.489999771118164,6.442500114440918,6.465000152587891,50180,0.0,0.0
2023-11-16 12:30:00-05:00,6.460000038146973,6.489999771118164,6.429999828338623,6.440000057220459,41046,0.0,0.0
2023-11-16 13:30:00-05:00,6.440000057220459,6.46999979019165,6.434999942779541,6.440000057220459,44488,0.0,0.0
2023-11-16 14:30:00-05:00,6.440000057220459,6.510000228881836,6.429999828338623,6.500500202178955,91876,0.0,0.0
2023-11-16 15:30:00-05:00,6.5,6.510000228881836,6.465000152587891,6.489999771118164,288584,0.0,0.0
2023-11-17 09:30:00-05:00,6.550000190734863,6.610000133514404,6.489999771118164,6.545000076293945,164064,0.0,0.0
2023-11-17 10:30:00-05:00,6.539999961853027,6.554999828338623,6.492499828338623,6.494999885559082,73239,0.0,0.0
2023-11-17 11:30:00-05:00,6.494999885559082,6.53000020980835,6.489999771118164,6.5,83640,0.0,0.0
2023-11-17 12:30:00-05:00,6.505000114440918,6.539999961853027,6.5,6.519999980926514,85281,0.0,0.0
2023-11-17 13:30:00-05:00,6.525000095367432,6.550000190734863,6.510000228881836,6.514999866485596,128380,0.0,0.0
2023-11-17 14:30:00-05:00,6.514999866485596,6.545000076293945,6.5,6.545000076293945,184686,0.0,0.0
2023-11-17 15:30:00-05:00,6.550000190734863,6.550000190734863,6.510000228881836,6.519999980926514,155023,0.0,0.0
2023-11-20 09:30:00-05:00,6.53000020980835,6.570000171661377,6.489999771118164,6.53000020980835,116694,0.0,0.0
2023-11-20 10:30:00-05:00,6.519999980926514,6.559999942779541,6.510000228881836,6.554999828338623,81113,0.0,0.0
2023-11-20 11:30:00-05:00,6.557499885559082,6.599999904632568,6.550000190734863,6.574999809265137,57780,0.0,0.0
2023-11-20 12:30:00-05:00,6.570000171661377,6.614999771118164,6.559999942779541,6.605000019073486,79717,0.0,0.0
2023-11-20 13:30:00-05:00,6.599999904632568,6.619999885559082,6.570000171661377,6.585000038146973,154840,0.0,0.0
2023-11-20 14:30:00-05:00,6.585000038146973,6.610000133514404,6.570000171661377,6.599999904632568,80954,0.0,0.0
2023-11-20 15:30:00-05:00,6.599999904632568,6.619999885559082,6.590000152587891,6.610000133514404,160345,0.0,0.0
2023-11-21 09:30:00-05:00,6.599999904632568,6.625,6.570000171661377,6.578999996185303,92950,0.0,0.0
2023-11-21 10:30:00-05:00,6.574999809265137,6.585000038146973,6.559999942779541,6.574999809265137,47268,0.0,0.0
2023-11-21 11:30:00-05:00,6.574999809265137,6.610000133514404,6.550000190734863,6.610000133514404,38841,0.0,0.0
2023-11-21 12:30:00-05:00,6.610000133514404,6.610000133514404,6.579999923706055,6.59499979019165,100296,0.0,0.0
2023-11-21 13:30:00-05:00,6.599999904632568,6.610000133514404,6.570000171661377,6.599999904632568,92492,0.0,0.0
2023-11-21 14:30:00-05:00,6.599999904632568,6.630000114440918,6.590000152587891,6.629000186920166,90049,0.0,0.0
2023-11-21 15:30:00-05:00,6.625,6.650000095367432,6.599999904632568,6.639999866485596,186845,0.0,0.0
2023-11-22 09:30:00-05:00,6.699999809265137,6.829999923706055,6.699999809265137,6.760000228881836,169104,0.0,0.0
2023-11-22 10:30:00-05:00,6.760000228881836,6.78000020980835,6.71999979019165,6.730000019073486,163213,0.0,0.0
2023-11-22 11:30:00-05:00,6.724999904632568,6.760000228881836,6.710000038146973,6.715000152587891,62325,0.0,0.0
2023-11-22 12:30:00-05:00,6.715000152587891,6.730000019073486,6.695000171661377,6.715000152587891,55996,0.0,0.0
2023-11-22 13:30:00-05:00,6.710000038146973,6.730000019073486,6.710000038146973,6.724999904632568,45877,0.0,0.0
2023-11-22 14:30:00-05:00,6.730000019073486,6.764999866485596,6.710000038146973,6.764999866485596,85031,0.0,0.0
2023-11-22 15:30:00-05:00,6.760000228881836,6.769999980926514,6.739999771118164,6.760000228881836,124171,0.0,0.0
2023-11-24 09:30:00-05:00,6.789999961853027,6.889999866485596,6.735000133514404,6.864999771118164,181231,0.0,0.0
2023-11-24 10:30:00-05:00,6.864999771118164,6.880000114440918,6.832499980926514,6.832499980926514,372164,0.0,0.0
2023-11-24 11:30:00-05:00,6.832499980926514,6.860000133514404,6.832499980926514,6.84499979019165,75027,0.0,0.0
2023-11-27 09:30:00-05:00,6.809999942779541,6.849999904632568,6.760000228881836,6.824999809265137,205494,0.0,0.0
2023-11-27 10:30:00-05:00,6.824999809265137,6.824999809265137,6.804999828338623,6.824999809265137,86135,0.0,0.0
2023-11-27 11:30:00-05:00,6.824999809265137,6.824999809265137,6.800000190734863,6.820000171661377,69780,0.0,0.0
2023-11-27 12:30:00-05:00,6.820000171661377,6.829999923706055,6.809999942779541,6.824999809265137,143927,0.0,0.0
2023-11-27 13:30:00-05:00,6.820000171661377,6.828100204467773,6.820000171661377,6.824999809265137,59326,0.0,0.0
2023-11-27 14:30:00-05:00,6.820000171661377,6.824999809265137,6.800000190734863,6.824999809265137,152473,0.0,0.0
2023-11-27 15:30:00-05:00,6.824999809265137,6.829999923706055,6.804999828338623,6.820000171661377,252977,0.0,0.0
2023-11-28 09:30:00-05:00,6.800000190734863,6.800000190734863,6.739999771118164,6.775000095367432,52426,0.0,0.0
2023-11-28 10:30:00-05:00,6.775000095367432,6.835299968719482,6.769999980926514,6.835000038146973,123239,0.0,0.0
2023-11-28 11:30:00-05:00,6.835000038146973,6.869999885559082,6.829999923706055,6.840000152587891,35545,0.0,0.0
2023-11-28 12:30:00-05:00,6.84499979019165,6.849999904632568,6.809999942779541,6.84499979019165,45660,0.0,0.0
2023-11-28 13:30:00-05:00,6.840000152587891,6.885000228881836,6.830100059509277,6.855000019073486,39300,0.0,0.0
2023-11-28 14:30:00-05:00,6.855000019073486,6.885000228881836,6.855000019073486,6.875,58669,0.0,0.0
2023-11-28 15:30:00-05:00,6.875,6.900000095367432,6.875,6.900000095367432,112501,0.0,0.0
2023-11-29 09:30:00-05:00,6.980000019073486,7.045000076293945,6.954999923706055,6.989999771118164,58806,0.0,0.0
2023-11-29 10:30:00-05:00,7.0,7.008299827575684,6.909999847412109,6.909999847412109,45364,0.0,0.0
2023-11-29 11:30:00-05:00,6.90500020980835,6.914999961853027,6.889999866485596,6.889999866485596,34300,0.0,0.0
2023-11-29 12:30:00-05:00,6.894999980926514,6.919400215148926,6.889999866485596,6.909999847412109,33133,0.0,0.0
2023-11-29 13:30:00-05:00,6.909999847412109,6.914999961853027,6.869999885559082,6.885000228881836,62978,0.0,0.0
2023-11-29 14:30:00-05:00,6.880000114440918,6.880000114440918,6.840000152587891,6.84499979019165,51792,0.0,0.0
2023-11-29 15:30:00-05:00,6.840000152587891,6.900000095367432,6.840000152587891,6.900000095367432,184711,0.0,0.0
2023-11-30 09:30:00-05:00,6.909999847412109,6.9517998695373535,6.829999923706055,6.860000133514404,101431,0.0,0.0
2023-11-30 10:30:00-05:00,6.860000133514404,6.909999847412109,6.855000019073486,6.90500020980835,126949,0.0,0.0
2023-11-30 11:30:00-05:00,6.90500020980835,6.940000057220459,6.869999885559082,6.869999885559082,48984,0.0,0.0
2023-11-30 12:30:00-05:00,6.875,6.90500020980835,6.860000133514404,6.885000228881836,71536,0.0,0.0
2023-11-30 13:30:00-05:00,6.885000228881836,6.940000057220459,6.883500099182129,6.90500020980835,63054,0.0,0.0
2023-11-30 14:30:00-05:00,6.903200149536133,6.909999847412109,6.880000114440918,6.880000114440918,53972,0.0,0.0
2023-11-30 15:30:00-05:00,6.880000114440918,6.940000057220459,6.849999904632568,6.889999866485596,265187,0.0,0.0
2023-12-01 09:30:00-05:00,6.900000095367432,7.0,6.849999904632568,6.985000133514404,51944,0.0,0.0
2023-12-01 10:30:00-05:00,6.989999771118164,7.130000114440918,6.974999904632568,7.130000114440918,105538,0.0,0.0
2023-12-01 11:30:00-05:00,7.125,7.190000057220459,7.099999904632568,7.184999942779541,89438,0.0,0.0
2023-12-01 12:30:00-05:00,7.190000057220459,7.210000038146973,7.164999961853027,7.164999961853027,60010,0.0,0.0
2023-12-01 13:30:00-05:00,7.164999961853027,7.199999809265137,7.164999961853027,7.179999828338623,52412,0.0,0.0
2023-12-01 14:30:00-05:00,7.179999828338623,7.235000133514404,7.175000190734863,7.21999979019165,109578,0.0,0.0
2023-12-01 15:30:00-05:00,7.21999979019165,7.260000228881836,7.204999923706055,7.255000114440918,321291,0.0,0.0
2023-12-04 09:30:00-05:00,7.199999809265137,7.329999923706055,7.199999809265137,7.269999980926514,122665,0.0,0.0
2023-12-04 10:30:00-05:00,7.264999866485596,7.289999961853027,7.135000228881836,7.139999866485596,369542,0.0,0.0
2023-12-04 11:30:00-05:00,7.139999866485596,7.239999771118164,7.139999866485596,7.215000152587891,171890,0.0,0.0
2023-12-04 12:30:00-05:00,7.215000152587891,7.260000228881836,7.195000171661377,7.21999979019165,116353,0.0,0.0
2023-12-04 13:30:00-05:00,7.21999979019165,7.230000019073486,7.179999828338623,7.184999942779541,150024,0.0,0.0
2023-12-04 14:30:00-05:00,7.190000057220459,7.239999771118164,7.179999828338623,7.239999771118164,167340,0.0,0.0
2023-12-04 15:30:00-05:00,7.235000133514404,7.260000228881836,7.199999809265137,7.230000019073486,272816,0.0,0.0
2023-12-05 09:30:00-05:00,7.190000057220459,7.199999809265137,7.090000152587891,7.152500152587891,76510,0.0,0.0
2023-12-05 10:30:00-05:00,7.15500020980835,7.21999979019165,7.125,7.21999979019165,56353,0.0,0.0
2023-12-05 11:30:00-05:00,7.215000152587891,7.25,7.164999961853027,7.179999828338623,70278,0.0,0.0
2023-12-05 12:30:00-05:00,7.175000190734863,7.195000171661377,7.15500020980835,7.184999942779541,45329,0.0,0.0
2023-12-05 13:30:00-05:00,7.184999942779541,7.190000057220459,7.139999866485596,7.164999961853027,57851,0.0,0.0
2023-12-05 14:30:00-05:00,7.162499904632568,7.195000171661377,7.150000095367432,7.179999828338623,131809,0.0,0.0
2023-12-05 15:30:00-05:00,7.184999942779541,7.190000057220459,7.159999847412109,7.159999847412109,144455,0.0,0.0
2023-12-06 09:30:00-05:00,7.239999771118164,7.28000020980835,7.199999809265137,7.255000114440918,84471,0.0,0.0
2023-12-06 10:30:00-05:00,7.25,7.264999866485596,7.230000019073486,7.239999771118164,46378,0.0,0.0
2023-12-06 11:30:00-05:00,7.239999771118164,7.239999771118164,7.21999979019165,7.224999904632568,35823,0.0,0.0
2023-12-06 12:30:00-05:00,7.21999979019165,7.224999904632568,7.179999828338623,7.195000171661377,85295,0.0,0.0
2023-12-06 13:30:00-05:00,7.190000057220459,7.199999809265137,7.170000076293945,7.175000190734863,63335,0.0,0.0
2023-12-06 14:30:00-05:00,7.175000190734863,7.184999942779541,7.139999866485596,7.139999866485596,88357,0.0,0.0
2023-12-06 15:30:00-05:00,7.144999980926514,7.15500020980835,7.110000133514404,7.110000133514404,162791,0.0,0.0
2023-12-07 09:30:00-05:00,7.119999885559082,7.239999771118164,7.079999923706055,7.232500076293945,137803,0.0,0.0
2023-12-07 10:30:00-05:00,7.235000133514404,7.25,7.110000133514404,7.119999885559082,81966,0.0,0.0
2023-12-07 11:30:00-05:00,7.119999885559082,7.139800071716309,7.099999904632568,7.135000228881836,55868,0.0,0.0
2023-12-07 12:30:00-05:00,7.135000228881836,7.159999847412109,7.130000114440918,7.144999980926514,49889,0.0,0.0
2023-12-07 13:30:00-05:00,7.144999980926514,7.179999828338623,7.142499923706055,7.151400089263916,54453,0.0,0.0
2023-12-07 14:30:00-05:00,7.159999847412109,7.175000190734863,7.139999866485596,7.175000190734863,143935,0.0,0.0
2023-12-07 15:30:00-05:00,7.175000190734863,7.175000190734863,7.130000114440918,7.130000114440918,131415,0.0,0.0
2023-12-08 09:30:00-05:00,7.099999904632568,7.164999961853027,7.050000190734863,7.150000095367432,70469,0.0,0.0
2023-12-08 10:30:00-05:00,7.150000095367432,7.15500020980835,7.110000133514404,7.114999771118164,40625,0.0,0.0
2023-12-08 11:30:00-05:00,7.114999771118164,7.144999980926514,7.085000038146973,7.114999771118164,59553,0.0,0.0
2023-12-08 12:30:00-05:00,7.114999771118164,7.1620001792907715,7.110000133514404,7.159999847412109,74243,0.0,0.0
2023-12-08 13:30:00-05:00,7.159999847412109,7.175000190734863,7.139999866485596,7.15500020980835,65145,0.0,0.0
2023-12-08 14:30:00-05:00,7.159999847412109,7.170000076293945,7.119999885559082,7.139999866485596,146329,0.0,0.0
2023-12-08 15:30:00-05:00,7.135000228881836,7.159999847412109,7.130000114440918,7.15500020980835,125531,0.0,0.0
2023-12-11 09:30:00-05:00,7.099999904632568,7.190000057220459,7.099999904632568,7.125,78546,0.0,0.0
2023-12-11 10:30:00-05:00,7.125,7.150000095367432,7.110000133514404,7.144999980926514,67020,0.0,0.0
2023-12-11 11:30:00-05:00,7.144999980926514,7.179999828338623,7.139999866485596,7.179999828338623,68130,0.0,0.0
2023-12-11 12:30:00-05:00,7.175000190734863,7.190000057220459,7.135000228881836,7.144999980926514,64350,0.0,0.0
2023-12-11 13:30:00-05:00,7.144999980926514,7.175000190734863,7.125,7.164999961853027,73096,0.0,0.0
2023-12-11 14:30:00-05:00,7.164999961853027,7.190000057220459,7.139999866485596,7.150000095367432,100569,0.0,0.0
2023-12-11 15:30:00-05:00,7.144999980926514,7.179999828338623,7.139999866485596,7.175000190734863,208448,0.0,0.0
2023-12-12 09:30:00-05:00,7.210000038146973,7.210000038146973,7.114999771118164,7.125,77660,0.0,0.0
2023-12-12 10:30:00-05:00,7.130000114440918,7.15500020980835,7.114999771118164,7.114999771118164,37107,0.0,0.0
2023-12-12 11:30:00-05:00,7.114999771118164,7.130000114440918,7.082499980926514,7.119999885559082,41707,0.0,0.0
2023-12-12 12:30:00-05:00,7.125,7.159999847412109,7.119999885559082,7.144999980926514,44878,0.0,0.0
2023-12-12 13:30:00-05:00,7.144999980926514,7.179999828338623,7.144999980926514,7.175000190734863,41506,0.0,0.0
2023-12-12 14:30:00-05:00,7.175000190734863,7.190000057220459,7.159999847412109,7.175000190734863,72977,0.0,0.0
2023-12-12 15:30:00-05:00,7.175000190734863,7.175000190734863,7.130000114440918,7.139999866485596,140330,0.0,0.0
2023-12-13 09:30:00-05:00,7.150000095367432,7.159999847412109,7.099999904632568,7.130000114440918,64563,0.0,0.0
2023-12-13 10:30:00-05:00,7.130000114440918,7.210000038146973,7.119999885559082,7.184999942779541,167292,0.0,0.0
2023-12-13 11:30:00-05:00,7.179999828338623,7.210000038146973,7.164999961853027,7.184999942779541,195094,0.0,0.0
2023-12-13 12:30:00-05:00,7.179999828338623,7.190000057220459,7.170000076293945,7.190000057220459,69402,0.0,0.0
2023-12-13 13:30:00-05:00,7.184999942779541,7.409999847412109,7.179999828338623,7.400000095367432,400669,0.0,0.0
2023-12-13 14:30:00-05:00,7.400000095367432,7.559999942779541,7.385000228881836,7.465000152587891,373064,0.0,0.0
2023-12-13 15:30:00-05:00,7.465000152587891,7.485000133514404,7.409999847412109,7.440000057220459,377025,0.0,0.0
2023-12-14 09:30:00-05:00,7.574999809265137,7.610000133514404,7.5,7.545000076293945,290357,0.0,0.0
2023-12-14 10:30:00-05:00,7.545000076293945,7.610000133514404,7.539999961853027,7.554999828338623,207300,0.0,0.0
2023-12-14 11:30:00-05:00,7.550000190734863,7.659999847412109,7.550000190734863,7.610000133514404,224830,0.0,0.0
2023-12-14 12:30:00-05:00,7.605000019073486,7.659999847412109,7.590000152587891,7.59499979019165,192642,0.0,0.0
2023-12-14 13:30:00-05:00,7.59499979019165,7.630000114440918,7.570000171661377,7.625,197454,0.0,0.0
2023-12-14 14:30:00-05:00,7.619999885559082,7.635000228881836,7.574999809265137,7.610000133514404,284357,0.0,0.0
2023-12-14 15:30:00-05:00,7.610000133514404,7.614999771118164,7.559999942779541,7.599999904632568,516463,0.0,0.0
2023-12-15 09:30:00-05:00,7.539999961853027,7.610000133514404,7.489999771118164,7.554999828338623,504390,0.0,0.0
2023-12-15 10:30:00-05:00,7.550000190734863,7.599999904632568,7.519999980926514,7.525000095367432,98816,0.0,0.0
2023-12-15 11:30:00-05:00,7.53000020980835,7.565000057220459,7.5,7.534999847412109,116383,0.0,0.0
2023-12-15 12:30:00-05:00,7.534999847412109,7.539999961853027,7.450099945068359,7.5,85647,0.0,0.0
2023-12-15 13:30:00-05:00,7.494999885559082,7.5,7.449999809265137,7.485000133514404,96721,0.0,0.0
2023-12-15 14:30:00-05:00,7.485000133514404,7.53000020980835,7.481599807739258,7.514999866485596,142654,0.0,0.0
2023-12-15 15:30:00-05:00,7.519999980926514,7.53000020980835,7.485000133514404,7.489999771118164,416334,0.0,0.0
2023-12-18 09:30:00-05:00,7.550000190734863,7.550000190734863,7.416399955749512,7.505000114440918,196535,0.0,0.0
2023-12-18 10:30:00-05:00,7.505000114440918,7.53000020980835,7.494999885559082,7.525000095367432,124762,0.0,0.0
2023-12-18 11:30:00-05:00,7.525000095367432,7.559999942779541,7.5,7.559999942779541,90705,0.0,0.0
2023-12-18 12:30:00-05:00,7.559999942779541,7.570000171661377,7.519999980926514,7.53000020980835,107521,0.0,0.0
2023-12-18 13:30:00-05:00,7.523399829864502,7.559999942779541,7.523399829864502,7.534999847412109,97198,0.0,0.0
2023-12-18 14:30:00-05:00,7.534999847412109,7.559999942779541,7.53000020980835,7.554999828338623,245083,0.0,0.0
2023-12-18 15:30:00-05:00,7.554999828338623,7.570000171661377,7.539999961853027,7.539999961853027,219569,0.0,0.0
2023-12-19 09:30:00-05:00,7.599999904632568,7.639999866485596,7.554999828338623,7.590000152587891,117273,0.0,0.0
2023-12-19 10:30:00-05:00,7.590000152587891,7.644999980926514,7.585000038146973,7.625,73380,0.0,0.0
2023-12-19 11:30:00-05:00,7.630000114440918,7.630000114440918,7.599999904632568,7.619999885559082,57318,0.0,0.0
2023-12-19 12:30:00-05:00,7.619999885559082,7.659999847412109,7.619999885559082,7.650000095367432,74653,0.0,0.0
2023-12-19 13:30:00-05:00,7.650000095367432,7.679999828338623,7.650000095367432,7.664999961853027,81252,0.0,0.0
2023-12-19 14:30:00-05:00,7.664999961853027,7.715000152587891,7.659999847412109,7.710000038146973,457612,0.0,0.0
2023-12-19 15:30:00-05:00,7.710000038146973,7.71999979019165,7.670000076293945,7.670000076293945,216934,0.0,0.0
2023-12-20 09:30:00-05:00,7.679999828338623,7.802000045776367,7.619999885559082,7.800000190734863,125901,0.0,0.0
2023-12-20 10:30:00-05:00,7.795000076293945,7.900000095367432,7.795000076293945,7.885000228881836,215068,0.0,0.0
2023-12-20 11:30:00-05:00,7.885000228881836,7.914999961853027,7.860000133514404,7.90500020980835,77270,0.0,0.0
2023-12-20 12:30:00-05:00,7.909999847412109,7.909999847412109,7.840000152587891,7.900000095367432,113487,0.0,0.0
2023-12-20 13:30:00-05:00,7.900000095367432,7.914999961853027,7.869999885559082,7.889999866485596,138266,0.0,0.0
2023-12-20 14:30:00-05:00,7.889999866485596,7.900000095367432,7.715000152587891,7.715000152587891,209311,0.0,0.0
2023-12-20 15:30:00-05:00,7.715000152587891,7.760000228881836,7.670000076293945,7.670000076293945,323475,0.0,0.0
2023-12-21 09:30:00-05:00,7.75,7.775000095367432,7.679999828338623,7.71999979019165,72356,0.0,0.0
2023-12-21 10:30:00-05:00,7.724999904632568,7.769999980926514,7.71999979019165,7.764999866485596,55951,0.0,0.0
2023-12-21 11:30:00-05:00,7.764999866485596,7.769999980926514,7.715000152587891,7.735000133514404,61462,0.0,0.0
2023-12-21 12:30:00-05:00,7.735000133514404,7.755000114440918,7.730000019073486,7.744999885559082,94427,0.0,0.0
2023-12-21 13:30:00-05:00,7.75,7.760000228881836,7.739999771118164,7.744999885559082,67214,0.0,0.0
2023-12-21 14:30:00-05:00,7.744999885559082,7.769999980926514,7.739999771118164,7.769999980926514,95347,0.0,0.0
2023-12-21 15:30:00-05:00,7.764999866485596,7.789999961853027,7.75,7.755000114440918,177259,0.0,0.0
2023-12-22 09:30:00-05:00,7.809999942779541,7.880000114440918,7.784999847412109,7.880000114440918,97947,0.0,0.0
2023-12-22 10:30:00-05:00,7.885000228881836,7.920000076293945,7.862500190734863,7.901000022888184,101306,0.0,0.0
2023-12-22 11:30:00-05:00,7.90500020980835,7.90749979019165,7.869999885559082,7.889999866485596,43479,0.0,0.0
2023-12-22 12:30:00-05:00,7.885000228881836,7.900000095367432,7.824999809265137,7.835000038146973,125489,0.0,0.0
2023-12-22 13:30:00-05:00,7.829999923706055,7.840000152587891,7.78000020980835,7.78000020980835,63506,0.0,0.0
2023-12-22 14:30:00-05:00,7.78000020980835,7.835000038146973,7.775000095367432,7.829999923706055,87396,0.0,0.0
2023-12-22 15:30:00-05:00,7.829999923706055,7.84499979019165,7.809999942779541,7.84499979019165,115578,0.0,0.0
2023-12-26 09:30:00-05:00,7.909999847412109,7.909999847412109,7.809999942779541,7.869999885559082,42291,0.0,0.0
2023-12-26 10:30:00-05:00,7.875,7.885000228881836,7.849999904632568,7.849999904632568,33026,0.0,0.0
2023-12-26 11:30:00-05:00,7.849999904632568,7.885000228881836,7.849999904632568,7.880000114440918,50033,0.0,0.0
2023-12-26 12:30:00-05:00,7.880000114440918,7.900000095367432,7.869999885559082,7.880000114440918,32881,0.0,0.0
2023-12-26 13:30:00-05:00,7.880000114440918,7.909999847412109,7.869999885559082,7.889999866485596,46891,0.0,0.0
2023-12-26 14:30:00-05:00,7.885000228881836,7.925000190734863,7.880000114440918,7.925000190734863,80985,0.0,0.0
2023-12-26 15:30:00-05:00,7.925000190734863,7.945000171661377,7.889999866485596,7.900000095367432,172067,0.0,0.0
2023-12-27 09:30:00-05:00,7.949999809265137,7.96999979019165,7.909999847412109,7.945000171661377,88690,0.0,0.0
2023-12-27 10:30:00-05:00,7.945000171661377,7.949999809265137,7.914999961853027,7.945000171661377,66730,0.0,0.0
2023-12-27 11:30:00-05:00,7.940000057220459,7.949999809265137,7.940000057220459,7.945000171661377,36589,0.0,0.0
2023-12-27 12:30:00-05:00,7.945000171661377,8.005000114440918,7.940000057220459,7.965000152587891,81203,0.0,0.0
2023-12-27 13:30:00-05:00,7.960000038146973,8.0,7.960000038146973,7.994999885559082,60509,0.0,0.0
2023-12-27 14:30:00-05:00,7.994999885559082,7.994999885559082,7.960000038146973,7.974999904632568,257915,0.0,0.0
2023-12-27 15:30:00-05:00,7.974999904632568,7.989999771118164,7.960000038146973,7.960000038146973,147079,0.0,0.0
2023-12-28 09:30:00-05:00,7.929999828338623,8.039999961853027,7.929999828338623,8.03499984741211,74642,0.0,0.0
2023-12-28 10:30:00-05:00,8.029999732971191,8.03499984741211,7.980000019073486,8.005999565124512,51908,0.0,0.0
2023-12-28 11:30:00-05:00,8.0,8.03499984741211,8.0,8.024999618530273,40169,0.0,0.0
2023-12-28 12:30:00-05:00,8.020000457763672,8.03499984741211,8.010000228881836,8.03499984741211,44674,0.0,0.0
2023-12-28 13:30:00-05:00,8.03499984741211,8.039999961853027,8.020000457763672,8.024999618530273,48139,0.0,0.0
2023-12-28 14:30:00-05:00,8.024999618530273,8.03499984741211,8.010000228881836,8.024999618530273,65857,0.0,0.0
2023-12-28 15:30:00-05:00,8.02750015258789,8.03499984741211,7.980000019073486,7.980000019073486,265622,0.0,0.0
2023-12-29 09:30:00-05:00,7.940000057220459,7.96999979019165,7.894999980926514,7.894999980926514,42416,0.0,0.0
2023-12-29 10:30:00-05:00,7.894999980926514,7.914999961853027,7.880000114440918,7.894999980926514,49341,0.0,0.0
2023-12-29 11:30:00-05:00,7.894999980926514,7.90500020980835,7.869999885559082,7.875,53456,0.0,0.0
2023-12-29 12:30:00-05:00,7.869999885559082,7.894999980926514,7.869999885559082,7.885000228881836,61398,0.0,0.0
2023-12-29 13:30:00-05:00,7.880000114440918,7.900000095367432,7.875,7.900000095367432,48377,0.0,0.0
2023-12-29 14:30:00-05:00,7.894999980926514,7.925000190734863,7.885000228881836,7.925000190734863,44445,0.0,0.0
2023-12-29 15:30:00-05:00,7.925000190734863,7.925000190734863,7.840000152587891,7.840000152587891,256519,0.0,0.0
2024-01-02 09:30:00-05:00,7.739999771118164,7.849999904632568,7.739999771118164,7.824999809265137,62630,0.0,0.0
2024-01-02 10:30:00-05:00,7.829999923706055,7.860000133514404,7.789999961853027,7.849999904632568,85636,0.0,0.0
2024-01-02 11:30:00-05:00,7.849999904632568,7.889999866485596,7.84250020980835,7.880000114440918,69920,0.0,0.0
2024-01-02 12:30:00-05:00,7.889999866485596,7.889999866485596,7.835000038146973,7.84499979019165,62331,0.0,0.0
2024-01-02 13:30:00-05:00,7.84499979019165,7.849999904632568,7.800000190734863,7.815000057220459,67085,0.0,0.0
2024-01-02 14:30:00-05:00,7.815000057220459,7.8480000495910645,7.800000190734863,7.8480000495910645,90603,0.0,0.0
2024-01-02 15:30:00-05:00,7.84499979019165,7.84499979019165,7.809999942779541,7.829999923706055,155681,0.0,0.0
2024-01-03 09:30:00-05:00,7.78000020980835,7.78000020980835,7.710000038146973,7.75,101246,0.0,0.0
2024-01-03 10:30:00-05:00,7.75,7.75,7.675000190734863,7.699999809265137,128366,0.0,0.0
2024-01-03 11:30:00-05:00,7.699999809265137,7.699999809265137,7.679999828338623,7.695000171661377,50906,0.0,0.0
2024-01-03 12:30:00-05:00,7.695000171661377,7.760000228881836,7.684999942779541,7.735000133514404,70196,0.0,0.0
2024-01-03 13:30:00-05:00,7.735000133514404,7.75,7.699999809265137,7.744999885559082,80131,0.0,0.0
2024-01-03 14:30:00-05:00,7.75,7.760000228881836,7.625,7.630000114440918,103029,0.0,0.0
2024-01-03 15:30:00-05:00,7.635000228881836,7.664999961853027,7.630000114440918,7.639999866485596,109534,0.0,0.0
2024-01-04 09:30:00-05:00,7.690000057220459,7.690000057220459,7.639999866485596,7.675000190734863,36564,0.0,0.0
2024-01-04 10:30:00-05:00,7.675000190734863,7.735000133514404,7.670000076293945,7.735000133514404,102071,0.0,0.0
2024-01-04 11:30:00-05:00,7.735000133514404,7.735000133514404,7.65500020980835,7.684999942779541,42909,0.0,0.0
2024-01-04 12:30:00-05:00,7.679999828338623,7.684999942779541,7.664999961853027,7.675000190734863,58938,0.0,0.0
2024-01-04 13:30:00-05:00,7.670000076293945,7.704999923706055,7.670000076293945,7.704999923706055,75926,0.0,0.0
2024-01-04 14:30:00-05:00,7.704999923706055,7.75,7.699999809265137,7.744999885559082,99697,0.0,0.0
2024-01-04 15:30:00-05:00,7.75,7.769999980926514,7.730000019073486,7.744999885559082,209858,0.0,0.0
2024-01-05 09:30:00-05:00,7.619999885559082,7.78000020980835,7.619999885559082,7.755000114440918,53655,0.0,0.0
2024-01-05 10:30:00-05:00,7.755000114440918,7.78000020980835,7.730000019073486,7.735000133514404,71420,0.0,0.0
2024-01-05 11:30:00-05:00,7.730000019073486,7.75,7.679999828338623,7.699999809265137,53246,0.0,0.0
2024-01-05 12:30:00-05:00,7.699999809265137,7.710000038146973,7.679999828338623,7.710000038146973,46114,0.0,0.0
2024-01-05 13:30:00-05:00,7.71999979019165,7.744999885559082,7.704999923706055,7.715000152587891,46835,0.0,0.0
2024-01-05 14:30:00-05:00,7.715000152587891,7.71999979019165,7.675000190734863,7.695000171661377,83568,0.0,0.0
2024-01-05 15:30:00-05:00,7.695000171661377,7.71750020980835,7.690000057220459,7.690000057220459,113216,0.0,0.0
2024-01-08 09:30:00-05:00,7.690000057220459,7.760000228881836,7.659999847412109,7.744999885559082,37039,0.0,0.0
2024-01-08 10:30:00-05:00,7.75,7.795000076293945,7.75,7.795000076293945,31934,0.0,0.0
2024-01-08 11:30:00-05:00,7.795000076293945,7.809999942779541,7.789999961853027,7.795000076293945,25232,0.0,0.0
2024-01-08 12:30:00-05:00,7.800000190734863,7.829999923706055,7.791200160980225,7.800000190734863,25039,0.0,0.0
2024-01-08 13:30:00-05:00,7.800000190734863,7.835000038146973,7.795000076293945,7.835000038146973,41118,0.0,0.0
2024-01-08 14:30:00-05:00,7.835000038146973,7.880000114440918,7.835000038146973,7.864999771118164,87216,0.0,0.0
2024-01-08 15:30:00-05:00,7.864999771118164,7.885000228881836,7.860000133514404,7.869999885559082,113892,0.0,0.0
2024-01-09 09:30:00-05:00,7.739999771118164,7.78000020980835,7.690000057220459,7.775000095367432,71974,0.0,0.0
2024-01-09 10:30:00-05:00,7.775000095367432,7.787499904632568,7.739999771118164,7.78000020980835,31043,0.0,0.0
2024-01-09 11:30:00-05:00,7.787499904632568,7.809999942779541,7.775000095367432,7.804999828338623,37552,0.0,0.0
2024-01-09 12:30:00-05:00,7.804999828338623,7.835000038146973,7.784999847412109,7.795000076293945,39081,0.0,0.0
2024-01-09 13:30:00-05:00,7.789999961853027,7.815000057220459,7.775000095367432,7.775000095367432,36790,0.0,0.0
2024-01-09 14:30:00-05:00,7.775000095367432,7.795000076293945,7.775000095367432,7.784999847412109,37300,0.0,0.0
2024-01-09 15:30:00-05:00,7.784999847412109,7.817500114440918,7.784999847412109,7.800000190734863,112127,0.0,0.0
2024-01-10 09:30:00-05:00,7.78000020980835,7.875,7.739999771118164,7.835000038146973,78633,0.0,0.0
2024-01-10 10:30:00-05:00,7.840000152587891,7.849999904632568,7.829999923706055,7.840000152587891,20239,0.0,0.0
2024-01-10 11:30:00-05:00,7.84499979019165,7.880000114440918,7.840000152587891,7.869999885559082,27112,0.0,0.0
2024-01-10 12:30:00-05:00,7.875,7.875,7.820000171661377,7.855000019073486,37724,0.0,0.0
2024-01-10 13:30:00-05:00,7.855000019073486,7.856500148773193,7.820000171661377,7.820000171661377,44488,0.0,0.0
2024-01-10 14:30:00-05:00,7.824999809265137,7.849999904632568,7.789999961853027,7.795000076293945,108481,0.0,0.0
2024-01-10 15:30:00-05:00,7.789999961853027,7.829999923706055,7.775000095367432,7.829999923706055,126837,0.0,0.0
2024-01-11 09:30:00-05:00,7.769999980926514,7.829999923706055,7.71999979019165,7.755000114440918,84795,0.0,0.0
2024-01-11 10:30:00-05:00,7.760000228881836,7.78000020980835,7.730000019073486,7.764999866485596,59172,0.0,0.0
2024-01-11 11:30:00-05:00,7.764999866485596,7.789999961853027,7.75,7.769999980926514,33497,0.0,0.0
2024-01-11 12:30:00-05:00,7.775000095367432,7.804999828338623,7.769999980926514,7.78000020980835,23511,0.0,0.0
2024-01-11 13:30:00-05:00,7.784999847412109,7.815000057220459,7.769999980926514,7.809999942779541,130007,0.0,0.0
2024-01-11 14:30:00-05:00,7.809999942779541,7.835000038146973,7.79010009765625,7.815000057220459,49653,0.0,0.0
2024-01-11 15:30:00-05:00,7.815000057220459,7.849999904632568,7.809999942779541,7.849999904632568,121775,0.0,0.0
2024-01-12 09:30:00-05:00,7.980000019073486,8.024999618530273,7.909999847412109,7.925000190734863,60377,0.0,0.0
2024-01-12 10:30:00-05:00,7.925000190734863,7.934999942779541,7.84499979019165,7.875,38261,0.0,0.0
2024-01-12 11:30:00-05:00,7.880000114440918,7.889999866485596,7.849999904632568,7.864999771118164,40066,0.0,0.0
2024-01-12 12:30:00-05:00,7.864999771118164,7.889999866485596,7.864999771118164,7.875,38707,0.0,0.0
2024-01-12 13:30:00-05:00,7.880000114440918,7.909999847412109,7.875,7.90500020980835,51545,0.0,0.0
2024-01-12 14:30:00-05:00,7.90500020980835,7.90500020980835,7.840000152587891,7.849999904632568,65662,0.0,0.0
2024-01-12 15:30:00-05:00,7.84499979019165,7.860000133514404,7.829999923706055,7.829999923706055,147248,0.0,0.0
2024-01-16 09:30:00-05:00,7.769999980926514,7.829999923706055,7.710000038146973,7.71999979019165,42327,0.0,0.0
2024-01-16 10:30:00-05:00,7.71999979019165,7.769999980926514,7.715000152587891,7.744999885559082,69149,0.0,0.0
2024-01-16 11:30:00-05:00,7.75,7.755000114440918,7.704999923706055,7.710000038146973,55346,0.0,0.0
2024-01-16 12:30:00-05:00,7.710999965667725,7.730000019073486,7.704999923706055,7.715000152587891,30797,0.0,0.0
2024-01-16 13:30:00-05:00,7.715000152587891,7.71999979019165,7.690000057220459,7.704999923706055,70923,0.0,0.0
2024-01-16 14:30:00-05:00,7.704999923706055,7.71999979019165,7.690000057220459,7.704999923706055,53141,0.0,0.0
2024-01-16 15:30:00-05:00,7.704999923706055,7.739999771118164,7.692500114440918,7.735000133514404,88203,0.0,0.0
2024-01-17 09:30:00-05:00,7.610000133514404,7.690000057220459,7.489999771118164,7.610000133514404,111534,0.0,0.0
2024-01-17 10:30:00-05:00,7.619999885559082,7.630000114440918,7.514999866485596,7.514999866485596,230377,0.0,0.0
2024-01-17 11:30:00-05:00,7.510000228881836,7.53000020980835,7.489999771118164,7.489999771118164,142610,0.0,0.0
2024-01-17 12:30:00-05:00,7.489999771118164,7.5,7.420000076293945,7.420000076293945,178185,0.0,0.0
2024-01-17 13:30:00-05:00,7.420000076293945,7.474999904632568,7.400000095367432,7.465000152587891,123452,0.0,0.0
2024-01-17 14:30:00-05:00,7.4679999351501465,7.474999904632568,7.425000190734863,7.454999923706055,132543,0.0,0.0
2024-01-17 15:30:00-05:00,7.454999923706055,7.510000228881836,7.454999923706055,7.489999771118164,221074,0.0,0.0
2024-01-18 09:30:00-05:00,7.489999771118164,7.539999961853027,7.429999828338623,7.46999979019165,56775,0.0,0.0
2024-01-18 10:30:00-05:00,7.474999904632568,7.485000133514404,7.420000076293945,7.445000171661377,76579,0.0,0.0
2024-01-18 11:30:00-05:00,7.449999809265137,7.46999979019165,7.429999828338623,7.445000171661377,60705,0.0,0.0
2024-01-18 12:30:00-05:00,7.440000057220459,7.460000038146973,7.420000076293945,7.454999923706055,43533,0.0,0.0
2024-01-18 13:30:00-05:00,7.454999923706055,7.510000228881836,7.454999923706055,7.510000228881836,37377,0.0,0.0
2024-01-18 14:30:00-05:00,7.510000228881836,7.519999980926514,7.480100154876709,7.5,74538,0.0,0.0
2024-01-18 15:30:00-05:00,7.494999885559082,7.519999980926514,7.485000133514404,7.505000114440918,100165,0.0,0.0
2024-01-19 09:30:00-05:00,7.550000190734863,7.789999961853027,7.534999847412109,7.789999961853027,386277,0.0,0.0
2024-01-19 10:30:00-05:00,7.789999961853027,7.869999885559082,7.769999980926514,7.769999980926514,284003,0.0,0.0
2024-01-19 11:30:00-05:00,7.775000095367432,7.775000095367432,7.610000133514404,7.675000190734863,151688,0.0,0.0
2024-01-19 12:30:00-05:00,7.679999828338623,7.727499961853027,7.679999828338623,7.699999809265137,161391,0.0,0.0
2024-01-19 13:30:00-05:00,7.695000171661377,7.710000038146973,7.664999961853027,7.695000171661377,232284,0.0,0.0
2024-01-19 14:30:00-05:00,7.695000171661377,7.71999979019165,7.639999866485596,7.690000057220459,428029,0.0,0.0
2024-01-19 15:30:00-05:00,7.690000057220459,7.755000114440918,7.679999828338623,7.684999942779541,897938,0.0,0.0
2024-01-22 09:30:00-05:00,7.75,7.800000190734863,7.730000019073486,7.795000076293945,151196,0.0,0.0
2024-01-22 10:30:00-05:00,7.795000076293945,7.795000076293945,7.702499866485596,7.735000133514404,60965,0.0,0.0
2024-01-22 11:30:00-05:00,7.739999771118164,7.75,7.690000057220459,7.75,268380,0.0,0.0
2024-01-22 12:30:00-05:00,7.744999885559082,7.75,7.710000038146973,7.715000152587891,43832,0.0,0.0
2024-01-22 13:30:00-05:00,7.715000152587891,7.744999885559082,7.711100101470947,7.739999771118164,33602,0.0,0.0
2024-01-22 14:30:00-05:00,7.739999771118164,7.75,7.710000038146973,7.744999885559082,88745,0.0,0.0
2024-01-22 15:30:00-05:00,7.744999885559082,7.75,7.710000038146973,7.739999771118164,174274,0.0,0.0
2024-01-23 09:30:00-05:00,7.809999942779541,7.820000171661377,7.679999828338623,7.679999828338623,96243,0.0,0.0
2024-01-23 10:30:00-05:00,7.675000190734863,7.675000190734863,7.630000114440918,7.644999980926514,66300,0.0,0.0
2024-01-23 11:30:00-05:00,7.644999980926514,7.684999942779541,7.635000228881836,7.684999942779541,67573,0.0,0.0
2024-01-23 12:30:00-05:00,7.684999942779541,7.699999809265137,7.659999847412109,7.690000057220459,61878,0.0,0.0
2024-01-23 13:30:00-05:00,7.6875,7.715000152587891,7.675000190734863,7.710000038146973,56124,0.0,0.0
2024-01-23 14:30:00-05:00,7.704999923706055,7.739999771118164,7.690000057220459,7.724999904632568,93672,0.0,0.0
2024-01-23 15:30:00-05:00,7.724999904632568,7.75,7.715000152587891,7.730000019073486,194033,0.0,0.0
2024-01-24 09:30:00-05:00,7.800000190734863,7.800000190734863,7.704999923706055,7.715000152587891,274092,0.0,0.0
2024-01-24 10:30:00-05:00,7.71999979019165,7.760000228881836,7.695000171661377,7.724999904632568,92086,0.0,0.0
2024-01-24 11:30:00-05:00,7.724999904632568,7.724999904632568,7.690000057220459,7.704999923706055,61441,0.0,0.0
2024-01-24 12:30:00-05:00,7.704999923706055,7.710000038146973,7.670000076293945,7.684999942779541,87536,0.0,0.0
2024-01-24 13:30:00-05:00,7.684999942779541,7.684999942779541,7.65500020980835,7.675000190734863,105607,0.0,0.0
2024-01-24 14:30:00-05:00,7.675000190734863,7.699999809265137,7.652500152587891,7.664999961853027,143514,0.0,0.0
2024-01-24 15:30:00-05:00,7.664999961853027,7.690000057220459,7.639999866485596,7.659999847412109,198589,0.0,0.0
2024-01-25 09:30:00-05:00,7.800000190734863,7.800000190734863,7.676700115203857,7.715000152587891,68968,0.0,0.0
2024-01-25 10:30:00-05:00,7.71999979019165,7.730000019073486,7.690000057220459,7.715000152587891,82954,0.0,0.0
2024-01-25 11:30:00-05:00,7.715000152587891,7.715000152587891,7.664999961853027,7.684999942779541,164808,0.0,0.0
2024-01-25 12:30:00-05:00,7.679999828338623,7.71999979019165,7.675000190734863,7.690000057220459,45246,0.0,0.0
2024-01-25 13:30:00-05:00,7.684999942779541,7.699999809265137,7.684999942779541,7.690000057220459,36732,0.0,0.0
2024-01-25 14:30:00-05:00,7.690000057220459,7.699999809265137,7.635000228881836,7.65500020980835,76533,0.0,0.0
2024-01-25 15:30:00-05:00,7.65500020980835,7.670000076293945,7.639999866485596,7.670000076293945,168371,0.0,0.0
2024-01-26 09:30:00-05:00,7.730000019073486,7.730000019073486,7.612500190734863,7.639999866485596,63599,0.0,0.0
2024-01-26 10:30:00-05:00,7.625,7.65500020980835,7.610000133514404,7.635000228881836,35581,0.0,0.0
2024-01-26 11:30:00-05:00,7.635000228881836,7.659999847412109,7.619999885559082,7.650000095367432,51565,0.0,0.0
2024-01-26 12:30:00-05:00,7.650000095367432,7.664999961853027,7.614999771118164,7.644999980926514,74037,0.0,0.0
2024-01-26 13:30:00-05:00,7.644999980926514,7.65500020980835,7.630000114440918,7.644999980926514,42536,0.0,0.0
2024-01-26 14:30:00-05:00,7.644999980926514,7.679999828338623,7.639999866485596,7.659999847412109,139337,0.0,0.0
2024-01-26 15:30:00-05:00,7.664999961853027,7.670000076293945,7.650000095367432,7.659999847412109,143879,0.0,0.0
2024-01-29 09:30:00-05:00,7.630000114440918,7.679999828338623,7.630000114440918,7.639999866485596,86437,0.0,0.0
2024-01-29 10:30:00-05:00,7.639999866485596,7.659999847412109,7.630000114440918,7.65500020980835,46269,0.0,0.0
2024-01-29 11:30:00-05:00,7.65500020980835,7.699999809265137,7.650000095367432,7.699999809265137,51194,0.0,0.0
2024-01-29 12:30:00-05:00,7.699999809265137,7.71999979019165,7.679999828338623,7.695000171661377,54573,0.0,0.0
2024-01-29 13:30:00-05:00,7.690000057220459,7.690000057220459,7.659999847412109,7.659999847412109,52283,0.0,0.0
2024-01-29 14:30:00-05:00,7.659999847412109,7.71999979019165,7.650000095367432,7.715000152587891,124560,0.0,0.0
2024-01-29 15:30:00-05:00,7.710000038146973,7.71999979019165,7.690000057220459,7.699999809265137,136984,0.0,0.0
2024-01-30 09:30:00-05:00,7.630000114440918,7.699999809265137,7.570000171661377,7.574999809265137,111321,0.0,0.0
2024-01-30 10:30:00-05:00,7.570000171661377,7.599999904632568,7.559999942779541,7.590000152587891,54619,0.0,0.0
2024-01-30 11:30:00-05:00,7.585000038146973,7.599999904632568,7.579999923706055,7.585000038146973,24883,0.0,0.0
2024-01-30 12:30:00-05:00,7.579999923706055,7.610000133514404,7.579999923706055,7.59499979019165,81086,0.0,0.0
2024-01-30 13:30:00-05:00,7.59499979019165,7.630000114440918,7.579999923706055,7.625,46877,0.0,0.0
2024-01-30 14:30:00-05:00,7.630000114440918,7.630000114440918,7.590000152587891,7.619999885559082,130988,0.0,0.0
2024-01-30 15:30:00-05:00,7.619999885559082,7.659999847412109,7.610000133514404,7.635000228881836,193374,0.0,0.0
2024-01-31 09:30:00-05:00,7.659999847412109,7.659999847412109,7.570000171661377,7.619999885559082,89075,0.0,0.0
2024-01-31 10:30:00-05:00,7.614999771118164,7.659999847412109,7.610000133514404,7.650000095367432,63204,0.0,0.0
2024-01-31 11:30:00-05:00,7.650000095367432,7.670000076293945,7.610000133514404,7.664999961853027,64367,0.0,0.0
2024-01-31 12:30:00-05:00,7.664999961853027,7.667500019073486,7.630000114440918,7.630000114440918,23416,0.0,0.0
2024-01-31 13:30:00-05:00,7.639999866485596,7.650000095367432,7.559999942779541,7.559999942779541,64211,0.0,0.0
2024-01-31 14:30:00-05:00,7.559999942779541,7.679999828338623,7.442500114440918,7.46999979019165,185649,0.0,0.0
2024-01-31 15:30:00-05:00,7.46999979019165,7.480000019073486,7.429999828338623,7.434999942779541,219301,0.0,0.0
2024-02-01 09:30:00-05:00,7.369999885559082,7.489999771118164,7.289999961853027,7.427499771118164,205666,0.0,0.0
2024-02-01 10:30:00-05:00,7.420000076293945,7.429999828338623,7.315000057220459,7.335000038146973,69779,0.0,0.0
2024-02-01 11:30:00-05:00,7.340000152587891,7.420000076293945,7.340000152587891,7.414999961853027,58565,0.0,0.0
2024-02-01 12:30:00-05:00,7.414999961853027,7.46999979019165,7.409999847412109,7.440000057220459,47778,0.0,0.0
2024-02-01 13:30:00-05:00,7.440000057220459,7.565000057220459,7.434999942779541,7.534999847412109,140911,0.0,0.0
2024-02-01 14:30:00-05:00,7.53000020980835,7.554999828338623,7.519999980926514,7.539999961853027,50694,0.0,0.0
2024-02-01 15:30:00-05:00,7.545000076293945,7.610000133514404,7.53000020980835,7.605000019073486,80527,0.0,0.0
2024-02-02 09:30:00-05:00,7.489999771118164,7.510000228881836,7.349999904632568,7.445000171661377,167213,0.0,0.0
2024-02-02 10:30:00-05:00,7.449999809265137,7.46999979019165,7.429999828338623,7.449999809265137,48402,0.0,0.0
2024-02-02 11:30:00-05:00,7.454999923706055,7.46999979019165,7.420000076293945,7.434999942779541,36270,0.0,0.0
2024-02-02 12:30:00-05:00,7.440000057220459,7.474999904632568,7.409999847412109,7.449999809265137,60725,0.0,0.0
2024-02-02 13:30:00-05:00,7.445000171661377,7.505000114440918,7.445000171661377,7.505000114440918,47190,0.0,0.0
2024-02-02 14:30:00-05:00,7.505000114440918,7.534999847412109,7.489999771118164,7.534999847412109,63971,0.0,0.0
2024-02-02 15:30:00-05:00,7.534999847412109,7.534999847412109,7.480000019073486,7.485000133514404,103607,0.0,0.0
2024-02-05 09:30:00-05:00,7.360000133514404,7.385000228881836,7.315700054168701,7.34499979019165,76635,0.0,0.0
2024-02-05 10:30:00-05:00,7.349999904632568,7.380000114440918,7.329999923706055,7.364999771118164,55714,0.0,0.0
2024-02-05 11:30:00-05:00,7.364999771118164,7.369999885559082,7.349999904632568,7.364999771118164,33074,0.0,0.0
2024-02-05 12:30:00-05:00,7.369999885559082,7.394999980926514,7.360000133514404,7.385000228881836,55360,0.0,0.0
2024-02-05 13:30:00-05:00,7.385000228881836,7.409999847412109,7.382500171661377,7.389999866485596,47361,0.0,0.0
2024-02-05 14:30:00-05:00,7.389999866485596,7.420000076293945,7.385000228881836,7.409999847412109,77352,0.0,0.0
2024-02-05 15:30:00-05:00,7.409999847412109,7.434999942779541,7.369999885559082,7.369999885559082,105515,0.0,0.0
2024-02-06 09:30:00-05:00,7.360000133514404,7.480000019073486,7.309999942779541,7.460000038146973,94491,0.0,0.0
2024-02-06 10:30:00-05:00,7.460000038146973,7.474999904632568,7.440000057220459,7.449999809265137,56255,0.0,0.0
2024-02-06 11:30:00-05:00,7.445000171661377,7.449999809265137,7.400000095367432,7.414999961853027,76206,0.0,0.0
2024-02-06 12:30:00-05:00,7.420000076293945,7.440000057220459,7.420000076293945,7.429999828338623,41110,0.0,0.0
2024-02-06 13:30:00-05:00,7.432499885559082,7.454999923706055,7.409999847412109,7.425000190734863,45177,0.0,0.0
2024-02-06 14:30:00-05:00,7.420000076293945,7.445000171661377,7.40500020980835,7.445000171661377,61655,0.0,0.0
2024-02-06 15:30:00-05:00,7.445000171661377,7.5,7.434999942779541,7.489999771118164,92002,0.0,0.0
2024-02-07 09:30:00-05:00,7.519999980926514,7.519999980926514,7.385000228881836,7.454999923706055,46011,0.0,0.0
2024-02-07 10:30:00-05:00,7.460000038146973,7.460000038146973,7.425000190734863,7.440000057220459,30375,0.0,0.0
2024-02-07 11:30:00-05:00,7.434999942779541,7.46999979019165,7.429999828338623,7.434999942779541,60167,0.0,0.0
2024-02-07 12:30:00-05:00,7.434999942779541,7.480000019073486,7.409999847412109,7.474999904632568,60741,0.0,0.0
2024-02-07 13:30:00-05:00,7.474999904632568,7.510000228881836,7.471399784088135,7.472499847412109,38463,0.0,0.0
2024-02-07 14:30:00-05:00,7.47629976272583,7.5,7.46999979019165,7.474999904632568,66393,0.0,0.0
2024-02-07 15:30:00-05:00,7.46999979019165,7.46999979019165,7.420000076293945,7.420000076293945,118485,0.0,0.0
2024-02-08 09:30:00-05:00,7.420000076293945,7.525000095367432,7.414999961853027,7.510000228881836,42484,0.0,0.0
2024-02-08 10:30:00-05:00,7.510000228881836,7.514999866485596,7.46999979019165,7.480000019073486,74128,0.0,0.0
2024-02-08 11:30:00-05:00,7.480000019073486,7.5,7.474999904632568,7.489999771118164,59934,0.0,0.0
2024-02-08 12:30:00-05:00,7.494999885559082,7.545000076293945,7.489999771118164,7.519999980926514,137332,0.0,0.0
2024-02-08 13:30:00-05:00,7.53000020980835,7.545000076293945,7.5,7.5,83495,0.0,0.0
2024-02-08 14:30:00-05:00,7.5,7.53000020980835,7.489999771118164,7.497499942779541,142936,0.0,0.0
2024-02-08 15:30:00-05:00,7.494999885559082,7.519999980926514,7.489999771118164,7.519999980926514,185585,0.0,0.0
2024-02-09 09:30:00-05:00,7.5,7.525000095367432,7.420000076293945,7.434999942779541,59159,0.0,0.0
2024-02-09 10:30:00-05:00,7.429999828338623,7.514999866485596,7.414999961853027,7.480000019073486,140601,0.0,0.0
2024-02-09 11:30:00-05:00,7.480000019073486,7.514999866485596,7.46999979019165,7.505000114440918,57624,0.0,0.0
2024-02-09 12:30:00-05:00,7.510000228881836,7.579999923706055,7.510000228881836,7.574999809265137,113463,0.0,0.0
2024-02-09 13:30:00-05:00,7.574999809265137,7.574999809265137,7.53000020980835,7.539999961853027,96623,0.0,0.0
2024-02-09 14:30:00-05:00,7.545000076293945,7.550000190734863,7.5,7.514999866485596,146145,0.0,0.0
2024-02-09 15:30:00-05:00,7.510000228881836,7.519999980926514,7.489999771118164,7.519999980926514,114005,0.0,0.0
2024-02-12 09:30:00-05:00,7.550000190734863,7.630000114440918,7.514999866485596,7.565000057220459,191312,0.0,0.0
2024-02-12 10:30:00-05:00,7.570000171661377,7.599999904632568,7.564000129699707,7.59499979019165,91765,0.0,0.0
2024-02-12 11:30:00-05:00,7.590000152587891,7.610000133514404,7.579999923706055,7.590000152587891,103279,0.0,0.0
2024-02-12 12:30:00-05:00,7.59499979019165,7.610000133514404,7.590000152587891,7.59499979019165,91883,0.0,0.0
2024-02-12 13:30:00-05:00,7.590000152587891,7.599999904632568,7.570000171661377,7.585000038146973,139413,0.0,0.0
2024-02-12 14:30:00-05:00,7.585000038146973,7.619999885559082,7.574999809265137,7.574999809265137,202742,0.0,0.0
2024-02-12 15:30:00-05:00,7.574999809265137,7.644999980926514,7.570000171661377,7.590000152587891,215017,0.0,0.0
2024-02-13 09:30:00-05:00,7.360000133514404,7.360000133514404,7.244999885559082,7.324999809265137,176813,0.0,0.0
2024-02-13 10:30:00-05:00,7.320000171661377,7.375,7.304999828338623,7.349999904632568,117425,0.0,0.0
2024-02-13 11:30:00-05:00,7.355000019073486,7.375,7.340000152587891,7.34499979019165,64773,0.0,0.0
2024-02-13 12:30:00-05:00,7.340000152587891,7.369999885559082,7.335000038146973,7.349999904632568,116405,0.0,0.0
2024-02-13 13:30:00-05:00,7.355000019073486,7.364999771118164,7.309999942779541,7.315000057220459,102757,0.0,0.0
2024-02-13 14:30:00-05:00,7.315000057220459,7.340000152587891,7.275000095367432,7.300000190734863,186610,0.0,0.0
2024-02-13 15:30:00-05:00,7.304999828338623,7.349999904632568,7.289999961853027,7.340000152587891,194953,0.0,0.0
2024-02-14 09:30:00-05:00,7.400000095367432,7.440000057220459,7.369999885559082,7.40500020980835,47109,0.0,0.0
2024-02-14 10:30:00-05:00,7.400000095367432,7.409999847412109,7.380000114440918,7.394999980926514,25593,0.0,0.0
2024-02-14 11:30:00-05:00,7.389999866485596,7.414999961853027,7.369999885559082,7.414999961853027,25214,0.0,0.0
2024-02-14 12:30:00-05:00,7.414999961853027,7.434999942779541,7.400000095367432,7.434999942779541,33314,0.0,0.0
2024-02-14 13:30:00-05:00,7.440000057220459,7.474999904632568,7.434999942779541,7.46999979019165,44918,0.0,0.0
2024-02-14 14:30:00-05:00,7.465000152587891,7.519999980926514,7.465000152587891,7.510000228881836,66576,0.0,0.0
2024-02-14 15:30:00-05:00,7.510000228881836,7.510000228881836,7.440000057220459,7.460000038146973,147169,0.0,0.0
2024-02-15 09:30:00-05:00,7.519999980926514,7.625,7.519999980926514,7.610000133514404,216378,0.0,0.0
2024-02-15 10:30:00-05:00,7.610000133514404,7.610000133514404,7.559999942779541,7.565000057220459,48837,0.0,0.0
2024-02-15 11:30:00-05:00,7.559999942779541,7.599999904632568,7.559999942779541,7.59499979019165,140187,0.0,0.0
2024-02-15 12:30:00-05:00,7.590000152587891,7.650000095367432,7.570000171661377,7.644999980926514,112638,0.0,0.0
2024-02-15 13:30:00-05:00,7.644999980926514,7.679999828338623,7.630000114440918,7.644999980926514,115255,0.0,0.0
2024-02-15 14:30:00-05:00,7.641200065612793,7.664999961853027,7.639999866485596,7.650000095367432,166420,0.0,0.0
2024-02-15 15:30:00-05:00,7.639999866485596,7.679999828338623,7.630000114440918,7.679999828338623,181483,0.0,0.0
2024-02-16 09:30:00-05:00,7.599999904632568,7.660200119018555,7.539999961853027,7.637499809265137,95674,0.0,0.0
2024-02-16 10:30:00-05:00,7.630000114440918,7.670000076293945,7.630000114440918,7.664999961853027,26188,0.0,0.0
2024-02-16 11:30:00-05:00,7.6656999588012695,7.684999942779541,7.65500020980835,7.684999942779541,22165,0.0,0.0
2024-02-16 12:30:00-05:00,7.684999942779541,7.684999942779541,7.664999961853027,7.684999942779541,27251,0.0,0.0
2024-02-16 13:30:00-05:00,7.684999942779541,7.710000038146973,7.672500133514404,7.690800189971924,48447,0.0,0.0
2024-02-16 14:30:00-05:00,7.690000057220459,7.697500228881836,7.664999961853027,7.684999942779541,68390,0.0,0.0
2024-02-16 15:30:00-05:00,7.690000057220459,7.699999809265137,7.650000095367432,7.664999961853027,82083,0.0,0.0
2024-02-20 09:30:00-05:00,7.590000152587891,7.614999771118164,7.525000095367432,7.59499979019165,46818,0.0,0.0
2024-02-20 10:30:00-05:00,7.599999904632568,7.610000133514404,7.550000190734863,7.565000057220459,80176,0.0,0.0
2024-02-20 11:30:00-05:00,7.565000057220459,7.579999923706055,7.539999961853027,7.574999809265137,58396,0.0,0.0
2024-02-20 12:30:00-05:00,7.574999809265137,7.605000019073486,7.554999828338623,7.579999923706055,40893,0.0,0.0
2024-02-20 13:30:00-05:00,7.580999851226807,7.599999904632568,7.573299884796143,7.585000038146973,65061,0.0,0.0
2024-02-20 14:30:00-05:00,7.580100059509277,7.614999771118164,7.559999942779541,7.605000019073486,105273,0.0,0.0
2024-02-20 15:30:00-05:00,7.605000019073486,7.679999828338623,7.599999904632568,7.670000076293945,585621,0.0,0.0
2024-02-21 09:30:00-05:00,7.679999828338623,7.840000152587891,7.670000076293945,7.809999942779541,292384,0.0,0.0
2024-02-21 10:30:00-05:00,7.809999942779541,7.809999942779541,7.760000228881836,7.784999847412109,142706,0.0,0.0
2024-02-21 11:30:00-05:00,7.789999961853027,7.829999923706055,7.775000095367432,7.804999828338623,141844,0.0,0.0
2024-02-21 12:30:00-05:00,7.804999828338623,7.880000114440918,7.800000190734863,7.880000114440918,120268,0.0,0.0
2024-02-21 13:30:00-05:00,7.880000114440918,7.909999847412109,7.875,7.900000095367432,106902,0.0,0.0
2024-02-21 14:30:00-05:00,7.900000095367432,7.909999847412109,7.820000171661377,7.829999923706055,227133,0.0,0.0
2024-02-21 15:30:00-05:00,7.824999809265137,7.860000133514404,7.800000190734863,7.860000133514404,569679,0.0,0.0
2024-02-22 09:30:00-05:00,7.809999942779541,7.96999979019165,7.710000038146973,7.724999904632568,188807,0.0,0.0
2024-02-22 10:30:00-05:00,7.724999904632568,7.78000020980835,7.715000152587891,7.764999866485596,106719,0.0,0.0
2024-02-22 11:30:00-05:00,7.764999866485596,7.800000190734863,7.75,7.789999961853027,76416,0.0,0.0
2024-02-22 12:30:00-05:00,7.789999961853027,7.835000038146973,7.784999847412109,7.824999809265137,133662,0.0,0.0
2024-02-22 13:30:00-05:00,7.824999809265137,7.84499979019165,7.809999942779541,7.824999809265137,87732,0.0,0.0
2024-02-22 14:30:00-05:00,7.824999809265137,7.824999809265137,7.670000076293945,7.675000190734863,374495,0.0,0.0
2024-02-22 15:30:00-05:00,7.675000190734863,7.690000057220459,7.630000114440918,7.650000095367432,481005,0.0,0.0
2024-02-23 09:30:00-05:00,7.510000228881836,7.510000228881836,7.099999904632568,7.244999885559082,579246,0.0,0.0
2024-02-23 10:30:00-05:00,7.25,7.264999866485596,7.059999942779541,7.119999885559082,400785,0.0,0.0
2024-02-23 11:30:00-05:00,7.119100093841553,7.170000076293945,7.099999904632568,7.150000095367432,401853,0.0,0.0
2024-02-23 12:30:00-05:00,7.150000095367432,7.199999809265137,7.139999866485596,7.164999961853027,233435,0.0,0.0
2024-02-23 13:30:00-05:00,7.159999847412109,7.164999961853027,7.079999923706055,7.099999904632568,285662,0.0,0.0
2024-02-23 14:30:00-05:00,7.105000019073486,7.324999809265137,7.090000152587891,7.269999980926514,523520,0.0,0.0
2024-02-23 15:30:00-05:00,7.269999980926514,7.304999828338623,7.21999979019165,7.300000190734863,620998,0.0,0.0
2024-02-26 09:30:00-05:00,7.269999980926514,7.315000057220459,7.144999980926514,7.150000095367432,238124,0.0,0.0
2024-02-26 10:30:00-05:00,7.150000095367432,7.195000171661377,7.090000152587891,7.09499979019165,196269,0.0,0.0
2024-02-26 11:30:00-05:00,7.09499979019165,7.099999904632568,7.059999942779541,7.09499979019165,178954,0.0,0.0
2024-02-26 12:30:00-05:00,7.090000152587891,7.130000114440918,7.074999809265137,7.114999771118164,173605,0.0,0.0
2024-02-26 13:30:00-05:00,7.110000133514404,7.129499912261963,7.085000038146973,7.119999885559082,144598,0.0,0.0
2024-02-26 14:30:00-05:00,7.125,7.204999923706055,7.119999885559082,7.195000171661377,202504,0.0,0.0
2024-02-26 15:30:00-05:00,7.195000171661377,7.215000152587891,7.159999847412109,7.170000076293945,334687,0.0,0.0
2024-02-27 09:30:00-05:00,7.21999979019165,7.284999847412109,7.164999961853027,7.204999923706055,80057,0.0,0.0
2024-02-27 10:30:00-05:00,7.210000038146973,7.21999979019165,7.179999828338623,7.204999923706055,71165,0.0,0.0
2024-02-27 11:30:00-05:00,7.204999923706055,7.239999771118164,7.199999809265137,7.235000133514404,74939,0.0,0.0
2024-02-27 12:30:00-05:00,7.239999771118164,7.289999961853027,7.239999771118164,7.260000228881836,80561,0.0,0.0
2024-02-27 13:30:00-05:00,7.264999866485596,7.28000020980835,7.260000228881836,7.264999866485596,71879,0.0,0.0
2024-02-27 14:30:00-05:00,7.264999866485596,7.289999961853027,7.260000228881836,7.284999847412109,138424,0.0,0.0
2024-02-27 15:30:00-05:00,7.284999847412109,7.295000076293945,7.260000228881836,7.260000228881836,242713,0.0,0.0
2024-02-28 09:30:00-05:00,7.170000076293945,7.340000152587891,7.170000076293945,7.336999893188477,62995,0.0,0.0
2024-02-28 10:30:00-05:00,7.340000152587891,7.355000019073486,7.320000171661377,7.324999809265137,48607,0.0,0.0
2024-02-28 11:30:00-05:00,7.324999809265137,7.360000133514404,7.320000171661377,7.355000019073486,53999,0.0,0.0
2024-02-28 12:30:00-05:00,7.355000019073486,7.394999980926514,7.349999904632568,7.394999980926514,32618,0.0,0.0
2024-02-28 13:30:00-05:00,7.389999866485596,7.400000095367432,7.372499942779541,7.385000228881836,70593,0.0,0.0
2024-02-28 14:30:00-05:00,7.385000228881836,7.385000228881836,7.289999961853027,7.300000190734863,137170,0.0,0.0
2024-02-28 15:30:00-05:00,7.292500019073486,7.315000057220459,7.269999980926514,7.269999980926514,134683,0.0,0.0
2024-02-29 09:30:00-05:00,7.380000114440918,7.429999828338623,7.329999923706055,7.355000019073486,58782,0.0,0.0
2024-02-29 10:30:00-05:00,7.355000019073486,7.355000019073486,7.309999942779541,7.335000038146973,62760,0.0,0.0
2024-02-29 11:30:00-05:00,7.335000038146973,7.340000152587891,7.28000020980835,7.324999809265137,55091,0.0,0.0
2024-02-29 12:30:00-05:00,7.320000171661377,7.449999809265137,7.320000171661377,7.445000171661377,104718,0.0,0.0
2024-02-29 13:30:00-05:00,7.445000171661377,7.445000171661377,7.400000095367432,7.434999942779541,85396,0.0,0.0
2024-02-29 14:30:00-05:00,7.434999942779541,7.440000057220459,7.364999771118164,7.375,179925,0.0,0.0
2024-02-29 15:30:00-05:00,7.380000114440918,7.409999847412109,7.369999885559082,7.380000114440918,309132,0.0,0.0
2024-03-01 09:30:00-05:00,7.369999885559082,7.400000095367432,7.289999961853027,7.394999980926514,58914,0.0,0.0
2024-03-01 10:30:00-05:00,7.389999866485596,7.5,7.385000228881836,7.474999904632568,101944,0.0,0.0
2024-03-01 11:30:00-05:00,7.474999904632568,7.539999961853027,7.465000152587891,7.534999847412109,107784,0.0,0.0
2024-03-01 12:30:00-05:00,7.534999847412109,7.565000057220459,7.505000114440918,7.525000095367432,156206,0.0,0.0
2024-03-01 13:30:00-05:00,7.525000095367432,7.539000034332275,7.505000114440918,7.525000095367432,44954,0.0,0.0
2024-03-01 14:30:00-05:00,7.525000095367432,7.59499979019165,7.525000095367432,7.59499979019165,99850,0.0,0.0
2024-03-01 15:30:00-05:00,7.59499979019165,7.639999866485596,7.579999923706055,7.630000114440918,202893,0.0,0.0
2024-03-04 09:30:00-05:00,7.610000133514404,7.699999809265137,7.554999828338623,7.670000076293945,279812,0.0,0.0
2024-03-04 10:30:00-05:00,7.670000076293945,7.69950008392334,7.659999847412109,7.684999942779541,105717,0.0,0.0
2024-03-04 11:30:00-05:00,7.690000057220459,7.769999980926514,7.690000057220459,7.760000228881836,335561,0.0,0.0
2024-03-04 12:30:00-05:00,7.760000228881836,7.760000228881836,7.699999809265137,7.699999809265137,69416,0.0,0.0
2024-03-04 13:30:00-05:00,7.704999923706055,7.739999771118164,7.704999923706055,7.739999771118164,69339,0.0,0.0
2024-03-04 14:30:00-05:00,7.739999771118164,7.760000228881836,7.704999923706055,7.710000038146973,225024,0.0,0.0
2024-03-04 15:30:00-05:00,7.704999923706055,7.730000019073486,7.690000057220459,7.699999809265137,206849,0.0,0.0
2024-03-05 09:30:00-05:00,7.699999809265137,7.760000228881836,7.635000228881836,7.710000038146973,249407,0.0,0.0
2024-03-05 10:30:00-05:00,7.710000038146973,7.730000019073486,7.695000171661377,7.724999904632568,102472,0.0,0.0
2024-03-05 11:30:00-05:00,7.724999904632568,7.760000228881836,7.699999809265137,7.7006001472473145,180967,0.0,0.0
2024-03-05 12:30:00-05:00,7.699999809265137,7.699999809265137,7.650000095367432,7.65500020980835,68455,0.0,0.0
2024-03-05 13:30:00-05:00,7.650000095367432,7.65500020980835,7.570000171661377,7.605000019073486,110236,0.0,0.0
2024-03-05 14:30:00-05:00,7.605000019073486,7.614999771118164,7.554999828338623,7.605000019073486,137654,0.0,0.0
2024-03-05 15:30:00-05:00,7.605000019073486,7.619999885559082,7.579999923706055,7.590000152587891,181861,0.0,0.0
2024-03-06 09:30:00-05:00,7.659999847412109,7.659999847412109,7.579999923706055,7.590000152587891,46205,0.0,0.0
2024-03-06 10:30:00-05:00,7.599999904632568,7.639999866485596,7.574999809265137,7.614999771118164,61611,0.0,0.0
2024-03-06 11:30:00-05:00,7.614999771118164,7.659999847412109,7.610000133514404,7.650000095367432,50268,0.0,0.0
2024-03-06 12:30:00-05:00,7.65500020980835,7.675000190734863,7.644999980926514,7.664999961853027,47324,0.0,0.0
2024-03-06 13:30:00-05:00,7.664999961853027,7.664999961853027,7.610000133514404,7.630000114440918,72473,0.0,0.0
2024-03-06 14:30:00-05:00,7.630000114440918,7.650000095367432,7.605000019073486,7.639999866485596,84515,0.0,0.0
2024-03-06 15:30:00-05:00,7.650000095367432,7.65500020980835,7.590000152587891,7.619999885559082,167904,0.0,0.0
2024-03-07 09:30:00-05:00,7.699999809265137,7.735000133514404,7.660900115966797,7.715000152587891,135872,0.0,0.0
2024-03-07 10:30:00-05:00,7.71999979019165,7.71999979019165,7.644999980926514,7.664999961853027,45183,0.0,0.0
2024-03-07 11:30:00-05:00,7.659999847412109,7.659999847412109,7.639999866485596,7.65500020980835,31887,0.0,0.0
2024-03-07 12:30:00-05:00,7.65500020980835,7.710000038146973,7.650000095367432,7.695000171661377,62613,0.0,0.0
2024-03-07 13:30:00-05:00,7.695000171661377,7.730000019073486,7.679999828338623,7.684999942779541,74735,0.0,0.0
2024-03-07 14:30:00-05:00,7.679999828338623,7.704999923706055,7.675000190734863,7.695000171661377,97236,0.0,0.0
2024-03-07 15:30:00-05:00,7.695000171661377,7.730000019073486,7.692500114440918,7.730000019073486,253471,0.0,0.0
2024-03-08 09:30:00-05:00,7.78000020980835,7.829999923706055,7.739999771118164,7.769999980926514,93340,0.0,0.0
2024-03-08 10:30:00-05:00,7.764999866485596,7.78000020980835,7.724999904632568,7.735000133514404,58423,0.0,0.0
2024-03-08 11:30:00-05:00,7.730000019073486,7.744999885559082,7.699999809265137,7.724999904632568,73731,0.0,0.0
2024-03-08 12:30:00-05:00,7.724999904632568,7.744999885559082,7.71999979019165,7.724999904632568,31287,0.0,0.0
2024-03-08 13:30:00-05:00,7.724999904632568,7.784999847412109,7.710000038146973,7.784999847412109,79632,0.0,0.0
2024-03-08 14:30:00-05:00,7.784999847412109,7.800000190734863,7.760000228881836,7.760000228881836,83432,0.0,0.0
2024-03-08 15:30:00-05:00,7.760000228881836,7.784999847412109,7.760000228881836,7.769999980926514,103052,0.0,0.0
2024-03-11 09:30:00-04:00,7.760000228881836,7.789999961853027,7.690000057220459,7.755000114440918,78829,0.0,0.0
2024-03-11 10:30:00-04:00,7.755000114440918,7.755000114440918,7.71999979019165,7.744999885559082,30253,0.0,0.0
2024-03-11 11:30:00-04:00,7.744999885559082,7.755000114440918,7.735000133514404,7.739999771118164,46420,0.0,0.0
2024-03-11 12:30:00-04:00,7.744999885559082,7.775000095367432,7.71999979019165,7.755000114440918,85629,0.0,0.0
2024-03-11 13:30:00-04:00,7.760000228881836,7.764999866485596,7.730000019073486,7.744999885559082,50462,0.0,0.0
2024-03-11 14:30:00-04:00,7.744999885559082,7.755000114440918,7.730000019073486,7.744999885559082,70746,0.0,0.0
2024-03-11 15:30:00-04:00,7.744999885559082,7.75,7.724999904632568,7.739999771118164,101910,0.0,0.0
2024-03-12 09:30:00-04:00,7.699999809265137,7.75,7.639999866485596,7.664999961853027,70160,0.0,0.0
2024-03-12 10:30:00-04:00,7.670000076293945,7.679999828338623,7.630000114440918,7.635000228881836,65653,0.0,0.0
2024-03-12 11:30:00-04:00,7.635000228881836,7.65500020980835,7.59250020980835,7.605000019073486,256924,0.0,0.0
2024-03-12 12:30:00-04:00,7.599999904632568,7.619999885559082,7.539999961853027,7.545000076293945,68933,0.0,0.0
2024-03-12 13:30:00-04:00,7.539999961853027,7.579999923706055,7.53000020980835,7.559999942779541,162978,0.0,0.0
2024-03-12 14:30:00-04:00,7.559999942779541,7.579999923706055,7.550000190734863,7.577499866485596,169400,0.0,0.0
2024-03-12 15:30:00-04:00,7.570000171661377,7.590000152587891,7.559999942779541,7.570000171661377,174531,0.0,0.0
2024-03-13 09:30:00-04:00,7.550000190734863,7.630000114440918,7.53000020980835,7.625,139583,0.0,0.0
2024-03-13 10:30:00-04:00,7.625,7.65500020980835,7.599999904632568,7.644999980926514,35486,0.0,0.0
2024-03-13 11:30:00-04:00,7.644999980926514,7.65500020980835,7.619999885559082,7.625,24248,0.0,0.0
2024-03-13 12:30:00-04:00,7.625,7.650000095367432,7.610000133514404,7.630000114440918,74474,0.0,0.0
2024-03-13 13:30:00-04:00,7.630000114440918,7.639999866485596,7.599999904632568,7.639999866485596,196891,0.0,0.0
2024-03-13 14:30:00-04:00,7.635000228881836,7.635000228881836,7.574999809265137,7.574999809265137,63594,0.0,0.0
2024-03-13 15:30:00-04:00,7.579999923706055,7.599999904632568,7.550000190734863,7.599999904632568,323581,0.0,0.0
2024-03-14 09:30:00-04:00,7.559999942779541,7.570000171661377,7.449999809265137,7.449999809265137,49789,0.0,0.0
2024-03-14 10:30:00-04:00,7.449999809265137,7.465000152587891,7.399499893188477,7.40500020980835,48232,0.0,0.0
2024-03-14 11:30:00-04:00,7.400000095367432,7.420000076293945,7.387599945068359,7.420000076293945,57148,0.0,0.0
2024-03-14 12:30:00-04:00,7.420000076293945,7.429999828338623,7.385000228881836,7.389999866485596,48220,0.0,0.0
2024-03-14 13:30:00-04:00,7.385000228881836,7.429999828338623,7.385000228881836,7.40500020980835,60364,0.0,0.0
2024-03-14 14:30:00-04:00,7.40500020980835,7.420000076293945,7.329999923706055,7.369999885559082,102288,0.0,0.0
2024-03-14 15:30:00-04:00,7.364999771118164,7.420000076293945,7.355000019073486,7.420000076293945,127439,0.0,0.0
2024-03-15 09:30:00-04:00,7.309999942779541,7.465000152587891,7.309999942779541,7.440100193023682,266424,0.0,0.0
2024-03-15 10:30:00-04:00,7.440000057220459,7.460000038146973,7.4105000495910645,7.440000057220459,59524,0.0,0.0
2024-03-15 11:30:00-04:00,7.434999942779541,7.449999809265137,7.420000076293945,7.439300060272217,39096,0.0,0.0
2024-03-15 12:30:00-04:00,7.434999942779541,7.434999942779541,7.385000228881836,7.414999961853027,26047,0.0,0.0
2024-03-15 13:30:00-04:00,7.414999961853027,7.425000190734863,7.385000228881836,7.40500020980835,45551,0.0,0.0
2024-03-15 14:30:00-04:00,7.409999847412109,7.494999885559082,7.409999847412109,7.489999771118164,71449,0.0,0.0
2024-03-15 15:30:00-04:00,7.494999885559082,7.510000228881836,7.409999847412109,7.429999828338623,455059,0.0,0.0
2024-03-18 09:30:00-04:00,7.429999828338623,7.53000020980835,7.400000095367432,7.494999885559082,49853,0.0,0.0
2024-03-18 10:30:00-04:00,7.494999885559082,7.505000114440918,7.454999923706055,7.465000152587891,40109,0.0,0.0
2024-03-18 11:30:00-04:00,7.465000152587891,7.485000133514404,7.449999809265137,7.485000133514404,49590,0.0,0.0
2024-03-18 12:30:00-04:00,7.489999771118164,7.489999771118164,7.460000038146973,7.480000019073486,27528,0.0,0.0
2024-03-18 13:30:00-04:00,7.480000019073486,7.485000133514404,7.440000057220459,7.440000057220459,90485,0.0,0.0
2024-03-18 14:30:00-04:00,7.445000171661377,7.465000152587891,7.429999828338623,7.449999809265137,62693,0.0,0.0
2024-03-18 15:30:00-04:00,7.449999809265137,7.449999809265137,7.409999847412109,7.420000076293945,92718,0.0,0.0
2024-03-19 09:30:00-04:00,7.420000076293945,7.479000091552734,7.40500020980835,7.40500020980835,45431,0.0,0.0
2024-03-19 10:30:00-04:00,7.409999847412109,7.434999942779541,7.409999847412109,7.434999942779541,25565,0.0,0.0
2024-03-19 11:30:00-04:00,7.434999942779541,7.474999904632568,7.434999942779541,7.465000152587891,35247,0.0,0.0
2024-03-19 12:30:00-04:00,7.465000152587891,7.514999866485596,7.465000152587891,7.502500057220459,128347,0.0,0.0
2024-03-19 13:30:00-04:00,7.501299858093262,7.53000020980835,7.501299858093262,7.514999866485596,70742,0.0,0.0
2024-03-19 14:30:00-04:00,7.514999866485596,7.514999866485596,7.494999885559082,7.5,133587,0.0,0.0
2024-03-19 15:30:00-04:00,7.5,7.539999961853027,7.5,7.53000020980835,122034,0.0,0.0
2024-03-20 09:30:00-04:00,7.46999979019165,7.554999828338623,7.46999979019165,7.514999866485596,38028,0.0,0.0
2024-03-20 10:30:00-04:00,7.519999980926514,7.565000057220459,7.510000228881836,7.565000057220459,33190,0.0,0.0
2024-03-20 11:30:00-04:00,7.565000057220459,7.630000114440918,7.559999942779541,7.590000152587891,66611,0.0,0.0
2024-03-20 12:30:00-04:00,7.590000152587891,7.614999771118164,7.579999923706055,7.59499979019165,71812,0.0,0.0
2024-03-20 13:30:00-04:00,7.590000152587891,7.699999809265137,7.585000038146973,7.679999828338623,86957,0.0,0.0
2024-03-20 14:30:00-04:00,7.684999942779541,7.755000114440918,7.635000228881836,7.730000019073486,131486,0.0,0.0
2024-03-20 15:30:00-04:00,7.735000133514404,7.739999771118164,7.670000076293945,7.710000038146973,266752,0.0,0.0
2024-03-21 09:30:00-04:00,7.710000038146973,7.855000019073486,7.699999809265137,7.815000057220459,70069,0.0,0.0
2024-03-21 10:30:00-04:00,7.809999942779541,7.840000152587891,7.75,7.755000114440918,52320,0.0,0.0
2024-03-21 11:30:00-04:00,7.75,7.755000114440918,7.715000152587891,7.735000133514404,54384,0.0,0.0
2024-03-21 12:30:00-04:00,7.735000133514404,7.75,7.724999904632568,7.735000133514404,44156,0.0,0.0
2024-03-21 13:30:00-04:00,7.735000133514404,7.760000228881836,7.71999979019165,7.755000114440918,66366,0.0,0.0
2024-03-21 14:30:00-04:00,7.755000114440918,7.800000190734863,7.739999771118164,7.789999961853027,121187,0.0,0.0
2024-03-21 15:30:00-04:00,7.784999847412109,7.809999942779541,7.775000095367432,7.809999942779541,189392,0.0,0.0
2024-03-22 09:30:00-04:00,7.840000152587891,8.020000457763672,7.815000057220459,8.005000114440918,188431,0.0,0.0
2024-03-22 10:30:00-04:00,8.005000114440918,8.100000381469727,8.0,8.079999923706055,118705,0.0,0.0
2024-03-22 11:30:00-04:00,8.085000038146973,8.149999618530273,8.085000038146973,8.095000267028809,137304,0.0,0.0
2024-03-22 12:30:00-04:00,8.095000267028809,8.109999656677246,7.949999809265137,8.0,346617,0.0,0.0
2024-03-22 13:30:00-04:00,8.0,8.119999885559082,7.989999771118164,8.039999961853027,263750,0.0,0.0
2024-03-22 14:30:00-04:00,8.050000190734863,8.076000213623047,8.0,8.020000457763672,483546,0.0,0.0
2024-03-22 15:30:00-04:00,8.010000228881836,8.039999961853027,7.96999979019165,8.0,438503,0.0,0.0
2024-03-25 09:30:00-04:00,8.029999732971191,8.0600004196167,7.925000190734863,7.945000171661377,105686,0.0,0.0
2024-03-25 10:30:00-04:00,7.945000171661377,7.96999979019165,7.925000190734863,7.929999828338623,85015,0.0,0.0
2024-03-25 11:30:00-04:00,7.934999942779541,7.949999809265137,7.889999866485596,7.945000171661377,76953,0.0,0.0
2024-03-25 12:30:00-04:00,7.945000171661377,7.96999979019165,7.923099994659424,7.934999942779541,63436,0.0,0.0
2024-03-25 13:30:00-04:00,7.934999942779541,7.980000019073486,7.929999828338623,7.954999923706055,114332,0.0,0.0
2024-03-25 14:30:00-04:00,7.960000038146973,7.96999979019165,7.925000190734863,7.965000152587891,98639,0.0,0.0
2024-03-25 15:30:00-04:00,7.96999979019165,8.03499984741211,7.965000152587891,8.0,220496,0.0,0.0
2024-03-26 09:30:00-04:00,8.0600004196167,8.0600004196167,8.005000114440918,8.005000114440918,26194,0.0,0.0
2024-03-26 10:30:00-04:00,8.005000114440918,8.005000114440918,7.954999923706055,7.954999923706055,47861,0.0,0.0
2024-03-26 11:30:00-04:00,7.954999923706055,7.960000038146973,7.920000076293945,7.934999942779541,42015,0.0,0.0
2024-03-26 12:30:00-04:00,7.934999942779541,7.960000038146973,7.921199798583984,7.945000171661377,34107,0.0,0.0
2024-03-26 13:30:00-04:00,7.945000171661377,7.949999809265137,7.934999942779541,7.949999809265137,26272,0.0,0.0
2024-03-26 14:30:00-04:00,7.949999809265137,8.0,7.940000057220459,7.960000038146973,546130,0.0,0.0
2024-03-26 15:30:00-04:00,7.960000038146973,7.960000038146973,7.940000057220459,7.949999809265137,132880,0.0,0.0
2024-03-27 09:30:00-04:00,7.960000038146973,8.0600004196167,7.920000076293945,8.055000305175781,112273,0.0,0.0
2024-03-27 10:30:00-04:00,8.052499771118164,8.079999923706055,8.039999961853027,8.055000305175781,32451,0.0,0.0
2024-03-27 11:30:00-04:00,8.055000305175781,8.0600004196167,8.039999961853027,8.045000076293945,30558,0.0,0.0
2024-03-27 12:30:00-04:00,8.045000076293945,8.055000305175781,8.039999961853027,8.045000076293945,48276,0.0,0.0
2024-03-27 13:30:00-04:00,8.039999961853027,8.050000190734863,8.005000114440918,8.039999961853027,47681,0.0,0.0
2024-03-27 14:30:00-04:00,8.039999961853027,8.050000190734863,8.020000457763672,8.03499984741211,80578,0.0,0.0
2024-03-27 15:30:00-04:00,8.03499984741211,8.130000114440918,8.020000457763672,8.130000114440918,279364,0.0,0.0
2024-03-28 09:30:00-04:00,8.119999885559082,8.1899995803833,8.069999694824219,8.1899995803833,118085,0.0,0.0
2024-03-28 10:30:00-04:00,8.199999809265137,8.210000038146973,8.154999732971191,8.199999809265137,56254,0.0,0.0
2024-03-28 11:30:00-04:00,8.199999809265137,8.210000038146973,8.154999732971191,8.1850004196167,138763,0.0,0.0
2024-03-28 12:30:00-04:00,8.1850004196167,8.1899995803833,8.149999618530273,8.164999961853027,321098,0.0,0.0
2024-03-28 13:30:00-04:00,8.15999984741211,8.199999809265137,8.145000457763672,8.194999694824219,91503,0.0,0.0
2024-03-28 14:30:00-04:00,8.194999694824219,8.199999809265137,8.15999984741211,8.1850004196167,91832,0.0,0.0
2024-03-28 15:30:00-04:00,8.1899995803833,8.1899995803833,8.15999984741211,8.180000305175781,105661,0.0,0.0
2024-04-01 09:30:00-04:00,8.229999542236328,8.229999542236328,8.050000190734863,8.050000190734863,36129,0.0,0.0
2024-04-01 10:30:00-04:00,8.0600004196167,8.085000038146973,8.055000305175781,8.085000038146973,14937,0.0,0.0
2024-04-01 11:30:00-04:00,8.081999778747559,8.085000038146973,8.010000228881836,8.03499984741211,49591,0.0,0.0
2024-04-01 12:30:00-04:00,8.03499984741211,8.039999961853027,7.989999771118164,8.005000114440918,48056,0.0,0.0
2024-04-01 13:30:00-04:00,8.0,8.050000190734863,8.0,8.041099548339844,27783,0.0,0.0
2024-04-01 14:30:00-04:00,8.045999526977539,8.069999694824219,8.022500038146973,8.029999732971191,54967,0.0,0.0
2024-04-01 15:30:00-04:00,8.024999618530273,8.029999732971191,7.980000019073486,7.980000019073486,126260,0.0,0.0
2024-04-02 09:30:00-04:00,7.869999885559082,7.909999847412109,7.820000171661377,7.885000228881836,29194,0.0,0.0
2024-04-02 10:30:00-04:00,7.880000114440918,7.900000095367432,7.875,7.894999980926514,18779,0.0,0.0
2024-04-02 11:30:00-04:00,7.894999980926514,7.900000095367432,7.820000171661377,7.839900016784668,36726,0.0,0.0
2024-04-02 12:30:00-04:00,7.835000038146973,7.849999904632568,7.795000076293945,7.795000076293945,76184,0.0,0.0
2024-04-02 13:30:00-04:00,7.789999961853027,7.835000038146973,7.789999961853027,7.824999809265137,59424,0.0,0.0
2024-04-02 14:30:00-04:00,7.820000171661377,7.824999809265137,7.795000076293945,7.815000057220459,61574,0.0,0.0
2024-04-02 15:30:00-04:00,7.815000057220459,7.869999885559082,7.804999828338623,7.855000019073486,130150,0.0,0.0
2024-04-03 09:30:00-04:00,7.800000190734863,7.929999828338623,7.800000190734863,7.900000095367432,51245,0.0,0.0
2024-04-03 10:30:00-04:00,7.90500020980835,7.914999961853027,7.885000228881836,7.914999961853027,34827,0.0,0.0
2024-04-03 11:30:00-04:00,7.914999961853027,7.914999961853027,7.889999866485596,7.909999847412109,23165,0.0,0.0
2024-04-03 12:30:00-04:00,7.920000076293945,7.940299987792969,7.909999847412109,7.940000057220459,25605,0.0,0.0
2024-04-03 13:30:00-04:00,7.940000057220459,7.954999923706055,7.935999870300293,7.954999923706055,18277,0.0,0.0
2024-04-03 14:30:00-04:00,7.956399917602539,7.960000038146973,7.920000076293945,7.925000190734863,42262,0.0,0.0
2024-04-03 15:30:00-04:00,7.920000076293945,7.965000152587891,7.920000076293945,7.949999809265137,59492,0.0,0.0
2024-04-04 09:30:00-04:00,8.050000190734863,8.119999885559082,8.010000228881836,8.050000190734863,28053,0.0,0.0
2024-04-04 10:30:00-04:00,8.055000305175781,8.095000267028809,8.055000305175781,8.0600004196167,20147,0.0,0.0
2024-04-04 11:30:00-04:00,8.069999694824219,8.069999694824219,8.029999732971191,8.039999961853027,31280,0.0,0.0
2024-04-04 12:30:00-04:00,8.039999961853027,8.039999961853027,8.015000343322754,8.03499984741211,35743,0.0,0.0
2024-04-04 13:30:00-04:00,8.029999732971191,8.029999732971191,7.920000076293945,7.920000076293945,48448,0.0,0.0
2024-04-04 14:30:00-04:00,7.909999847412109,7.909999847412109,7.840000152587891,7.860000133514404,151709,0.0,0.0
2024-04-04 15:30:00-04:00,7.855000019073486,7.90500020980835,7.835000038146973,7.880000114440918,88620,0.0,0.0
2024-04-05 09:30:00-04:00,7.849999904632568,7.880000114440918,7.789999961853027,7.789999961853027,19978,0.0,0.0
2024-04-05 10:30:00-04:00,7.795000076293945,7.84499979019165,7.795000076293945,7.829999923706055,24547,0.0,0.0
2024-04-05 11:30:00-04:00,7.829999923706055,7.869999885559082,7.820000171661377,7.864999771118164,31510,0.0,0.0
2024-04-05 12:30:00-04:00,7.864999771118164,7.889999866485596,7.849999904632568,7.860000133514404,23364,0.0,0.0
2024-04-05 13:30:00-04:00,7.855000019073486,7.889999866485596,7.829999923706055,7.829999923706055,84223,0.0,0.0
2024-04-05 14:30:00-04:00,7.824999809265137,7.855000019073486,7.809999942779541,7.849999904632568,72311,0.0,0.0
2024-04-05 15:30:00-04:00,7.84499979019165,7.869999885559082,7.829999923706055,7.849999904632568,126158,0.0,0.0
2024-04-08 09:30:00-04:00,7.980000019073486,8.265000343322754,7.949999809265137,8.255000114440918,367908,0.0,0.0
2024-04-08 10:30:00-04:00,8.255000114440918,8.34000015258789,8.234999656677246,8.260000228881836,206997,0.0,0.0
2024-04-08 11:30:00-04:00,8.260000228881836,8.270000457763672,8.220000267028809,8.239999771118164,203798,0.0,0.0
2024-04-08 12:30:00-04:00,8.239999771118164,8.34000015258789,8.239999771118164,8.300000190734863,221247,0.0,0.0
2024-04-08 13:30:00-04:00,8.300000190734863,8.329999923706055,8.289999961853027,8.295000076293945,88900,0.0,0.0
2024-04-08 14:30:00-04:00,8.300000190734863,8.3100004196167,8.270000457763672,8.28499984741211,156817,0.0,0.0
2024-04-08 15:30:00-04:00,8.28499984741211,8.295000076293945,8.260000228881836,8.279999732971191,457702,0.0,0.0
2024-04-09 09:30:00-04:00,8.279999732971191,8.399999618530273,8.239999771118164,8.369999885559082,97927,0.0,0.0
2024-04-09 10:30:00-04:00,8.359999656677246,8.395000457763672,8.319999694824219,8.375,122981,0.0,0.0
2024-04-09 11:30:00-04:00,8.375,8.4399995803833,8.345000267028809,8.404999732971191,210053,0.0,0.0
2024-04-09 12:30:00-04:00,8.395000457763672,8.399999618530273,8.34000015258789,8.364999771118164,403938,0.0,0.0
2024-04-09 13:30:00-04:00,8.359999656677246,8.367500305175781,8.3100004196167,8.329999923706055,311177,0.0,0.0
2024-04-09 14:30:00-04:00,8.329999923706055,8.364999771118164,8.3100004196167,8.359999656677246,387927,0.0,0.0
2024-04-09 15:30:00-04:00,8.359999656677246,8.399999618530273,8.350000381469727,8.395000457763672,221896,0.0,0.0
2024-04-10 09:30:00-04:00,8.170000076293945,8.255000114440918,8.079999923706055,8.225000381469727,97110,0.0,0.0
2024-04-10 10:30:00-04:00,8.220000267028809,8.255000114440918,8.180000305175781,8.204999923706055,66282,0.0,0.0
2024-04-10 11:30:00-04:00,8.204999923706055,8.204999923706055,8.149999618530273,8.199999809265137,45381,0.0,0.0
2024-04-10 12:30:00-04:00,8.1899995803833,8.225000381469727,8.149999618530273,8.15999984741211,56713,0.0,0.0
2024-04-10 13:30:00-04:00,8.15999984741211,8.164999961853027,8.109999656677246,8.130000114440918,60208,0.0,0.0
2024-04-10 14:30:00-04:00,8.130000114440918,8.204999923706055,8.109999656677246,8.194999694824219,77664,0.0,0.0
2024-04-10 15:30:00-04:00,8.194999694824219,8.210000038146973,8.170000076293945,8.199999809265137,113138,0.0,0.0
2024-04-11 09:30:00-04:00,8.199999809265137,8.239999771118164,8.0649995803833,8.0649995803833,42251,0.0,0.0
2024-04-11 10:30:00-04:00,8.0600004196167,8.135000228881836,8.055000305175781,8.130000114440918,47213,0.0,0.0
2024-04-11 11:30:00-04:00,8.135000228881836,8.210000038146973,8.135000228881836,8.170000076293945,93668,0.0,0.0
2024-04-11 12:30:00-04:00,8.170000076293945,8.210000038146973,8.164999961853027,8.194999694824219,61253,0.0,0.0
2024-04-11 13:30:00-04:00,8.194999694824219,8.229999542236328,8.1899995803833,8.220000267028809,89820,0.0,0.0
2024-04-11 14:30:00-04:00,8.21500015258789,8.220000267028809,8.170000076293945,8.1899995803833,51486,0.0,0.0
2024-04-11 15:30:00-04:00,8.1899995803833,8.239999771118164,8.1850004196167,8.229999542236328,197468,0.0,0.0
2024-04-12 09:30:00-04:00,8.199999809265137,8.239999771118164,8.135000228881836,8.140000343322754,32629,0.0,0.0
2024-04-12 10:30:00-04:00,8.140000343322754,8.145000457763672,8.085000038146973,8.114999771118164,35772,0.0,0.0
2024-04-12 11:30:00-04:00,8.119999885559082,8.135000228881836,8.095000267028809,8.104999542236328,45027,0.0,0.0
2024-04-12 12:30:00-04:00,8.104999542236328,8.104999542236328,8.074999809265137,8.074999809265137,25472,0.0,0.0
2024-04-12 13:30:00-04:00,8.069999694824219,8.104999542236328,8.069999694824219,8.085000038146973,27072,0.0,0.0
2024-04-12 14:30:00-04:00,8.079999923706055,8.09000015258789,8.039999961853027,8.0600004196167,87531,0.0,0.0
2024-04-12 15:30:00-04:00,8.0600004196167,8.114999771118164,8.0600004196167,8.100000381469727,128640,0.0,0.0
2024-04-15 09:30:00-04:00,8.100000381469727,8.175000190734863,8.100000381469727,8.170000076293945,123664,0.0,0.0
2024-04-15 10:30:00-04:00,8.170000076293945,8.1850004196167,8.079999923706055,8.095000267028809,76361,0.0,0.0
2024-04-15 11:30:00-04:00,8.095000267028809,8.130000114440918,8.09000015258789,8.109999656677246,65258,0.0,0.0
2024-04-15 12:30:00-04:00,8.104999542236328,8.104999542236328,8.045000076293945,8.050100326538086,81160,0.0,0.0
2024-04-15 13:30:00-04:00,8.055000305175781,8.069999694824219,7.985000133514404,7.989999771118164,220394,0.0,0.0
2024-04-15 14:30:00-04:00,7.989999771118164,7.995800018310547,7.949999809265137,7.961100101470947,78188,0.0,0.0
2024-04-15 15:30:00-04:00,7.96999979019165,7.989999771118164,7.949999809265137,7.960000038146973,133251,0.0,0.0
2024-04-16 09:30:00-04:00,7.909999847412109,7.909999847412109,7.829999923706055,7.880000114440918,68062,0.0,0.0
2024-04-16 10:30:00-04:00,7.880000114440918,7.909999847412109,7.849999904632568,7.900000095367432,40677,0.0,0.0
2024-04-16 11:30:00-04:00,7.900000095367432,7.925000190734863,7.900000095367432,7.914999961853027,31467,0.0,0.0
2024-04-16 12:30:00-04:00,7.914999961853027,7.920000076293945,7.880000114440918,7.880000114440918,21813,0.0,0.0
2024-04-16 13:30:00-04:00,7.869999885559082,7.909999847412109,7.840000152587891,7.859000205993652,49937,0.0,0.0
2024-04-16 14:30:00-04:00,7.860000133514404,7.900000095367432,7.860000133514404,7.885000228881836,36178,0.0,0.0
2024-04-16 15:30:00-04:00,7.880000114440918,7.889999866485596,7.800000190734863,7.800000190734863,119840,0.0,0.0
2024-04-17 09:30:00-04:00,7.820000171661377,7.860000133514404,7.795000076293945,7.800000190734863,42128,0.0,0.0
2024-04-17 10:30:00-04:00,7.804999828338623,7.829999923706055,7.775000095367432,7.789999961853027,53270,0.0,0.0
2024-04-17 11:30:00-04:00,7.789999961853027,7.84499979019165,7.784999847412109,7.829999923706055,157102,0.0,0.0
2024-04-17 12:30:00-04:00,7.829999923706055,7.90500020980835,7.820000171661377,7.90500020980835,27246,0.0,0.0
2024-04-17 13:30:00-04:00,7.900000095367432,7.90500020980835,7.855000019073486,7.864999771118164,34129,0.0,0.0
2024-04-17 14:30:00-04:00,7.864999771118164,7.880000114440918,7.820000171661377,7.820000171661377,49327,0.0,0.0
2024-04-17 15:30:00-04:00,7.824999809265137,7.829999923706055,7.739999771118164,7.75,183698,0.0,0.0
2024-04-18 09:30:00-04:00,7.78000020980835,7.7820000648498535,7.71999979019165,7.760000228881836,61064,0.0,0.0
2024-04-18 10:30:00-04:00,7.769999980926514,7.824999809265137,7.769999980926514,7.815000057220459,32533,0.0,0.0
2024-04-18 11:30:00-04:00,7.811500072479248,7.811500072479248,7.760000228881836,7.760000228881836,45467,0.0,0.0
2024-04-18 12:30:00-04:00,7.760000228881836,7.764999866485596,7.71999979019165,7.755000114440918,62190,0.0,0.0
2024-04-18 13:30:00-04:00,7.75,7.75,7.730000019073486,7.735000133514404,30068,0.0,0.0
2024-04-18 14:30:00-04:00,7.735000133514404,7.764999866485596,7.71999979019165,7.755000114440918,51549,0.0,0.0
2024-04-18 15:30:00-04:00,7.760000228881836,7.767499923706055,7.735000133514404,7.755000114440918,163691,0.0,0.0
2024-04-19 09:30:00-04:00,7.769999980926514,7.860000133514404,7.71999979019165,7.84499979019165,119917,0.0,0.0
2024-04-19 10:30:00-04:00,7.84499979019165,7.869999885559082,7.829999923706055,7.855000019073486,149838,0.0,0.0
2024-04-19 11:30:00-04:00,7.855000019073486,7.889999866485596,7.849999904632568,7.860000133514404,95717,0.0,0.0
2024-04-19 12:30:00-04:00,7.855000019073486,7.900000095367432,7.855000019073486,7.880000114440918,33758,0.0,0.0
2024-04-19 13:30:00-04:00,7.875,7.877500057220459,7.809999942779541,7.809999942779541,47551,0.0,0.0
2024-04-19 14:30:00-04:00,7.815000057220459,7.849999904632568,7.75,7.840000152587891,136688,0.0,0.0
2024-04-19 15:30:00-04:00,7.835000038146973,7.855000019073486,7.820000171661377,7.820000171661377,105443,0.0,0.0
2024-04-22 09:30:00-04:00,7.875,7.900000095367432,7.829999923706055,7.894999980926514,40548,0.0,0.0
2024-04-22 10:30:00-04:00,7.894999980926514,7.909999847412109,7.894999980926514,7.90500020980835,43591,0.0,0.0
2024-04-22 11:30:00-04:00,7.90500020980835,7.960000038146973,7.90500020980835,7.954999923706055,79549,0.0,0.0
2024-04-22 12:30:00-04:00,7.954999923706055,8.0600004196167,7.945000171661377,8.055000305175781,100240,0.0,0.0
2024-04-22 13:30:00-04:00,8.055000305175781,8.104999542236328,8.045000076293945,8.100000381469727,75584,0.0,0.0
2024-04-22 14:30:00-04:00,8.100000381469727,8.100000381469727,8.0600004196167,8.079999923706055,55584,0.0,0.0
2024-04-22 15:30:00-04:00,8.074999809265137,8.102499961853027,8.0649995803833,8.100000381469727,108794,0.0,0.0
2024-04-23 09:30:00-04:00,8.109999656677246,8.180000305175781,8.079999923706055,8.125,56969,0.0,0.0
2024-04-23 10:30:00-04:00,8.130000114440918,8.135000228881836,8.09000015258789,8.100000381469727,53806,0.0,0.0
2024-04-23 11:30:00-04:00,8.095000267028809,8.109999656677246,8.079999923706055,8.079999923706055,20544,0.0,0.0
2024-04-23 12:30:00-04:00,8.085000038146973,8.154999732971191,8.085000038146973,8.119999885559082,163546,0.0,0.0
2024-04-23 13:30:00-04:00,8.125,8.140000343322754,8.100000381469727,8.119999885559082,174125,0.0,0.0
2024-04-23 14:30:00-04:00,8.119999885559082,8.130000114440918,8.0600004196167,8.0649995803833,83108,0.0,0.0
2024-04-23 15:30:00-04:00,8.069999694824219,8.09000015258789,8.039999961853027,8.0600004196167,117176,0.0,0.0
2024-04-24 09:30:00-04:00,7.989999771118164,8.055000305175781,7.889999866485596,8.039999961853027,101941,0.0,0.0
2024-04-24 10:30:00-04:00,8.039999961853027,8.039999961853027,7.989999771118164,8.029999732971191,40632,0.0,0.0
2024-04-24 11:30:00-04:00,8.039999961853027,8.0649995803833,8.020000457763672,8.055000305175781,74346,0.0,0.0
2024-04-24 12:30:00-04:00,8.050000190734863,8.069999694824219,8.039999961853027,8.069999694824219,50695,0.0,0.0
2024-04-24 13:30:00-04:00,8.069999694824219,8.100000381469727,8.050000190734863,8.0649995803833,74605,0.0,0.0
2024-04-24 14:30:00-04:00,8.0600004196167,8.074999809265137,8.045000076293945,8.0649995803833,86796,0.0,0.0
2024-04-24 15:30:00-04:00,8.0600004196167,8.074999809265137,8.020000457763672,8.039999961853027,114565,0.0,0.0
2024-04-25 09:30:00-04:00,7.989999771118164,8.029999732971191,7.925000190734863,7.974999904632568,30951,0.0,0.0
2024-04-25 10:30:00-04:00,7.974999904632568,7.989999771118164,7.949999809265137,7.985000133514404,40770,0.0,0.0
2024-04-25 11:30:00-04:00,7.985000133514404,7.997499942779541,7.949999809265137,7.994999885559082,59877,0.0,0.0
2024-04-25 12:30:00-04:00,7.994999885559082,8.0,7.945000171661377,7.96999979019165,95662,0.0,0.0
2024-04-25 13:30:00-04:00,7.960000038146973,8.0,7.960000038146973,7.96999979019165,107323,0.0,0.0
2024-04-25 14:30:00-04:00,7.96999979019165,7.985000133514404,7.949999809265137,7.96999979019165,108908,0.0,0.0
2024-04-25 15:30:00-04:00,7.980000019073486,7.989999771118164,7.949999809265137,7.96999979019165,168728,0.0,0.0
2024-04-26 09:30:00-04:00,7.96999979019165,8.095000267028809,7.96999979019165,8.050000190734863,89564,0.0,0.0
2024-04-26 10:30:00-04:00,8.050000190734863,8.130000114440918,8.029999732971191,8.125,88850,0.0,0.0
2024-04-26 11:30:00-04:00,8.125,8.125,8.074999809265137,8.104999542236328,155307,0.0,0.0
2024-04-26 12:30:00-04:00,8.104999542236328,8.130000114440918,8.095000267028809,8.100000381469727,32176,0.0,0.0
2024-04-26 13:30:00-04:00,8.100000381469727,8.149999618530273,8.079999923706055,8.130000114440918,105934,0.0,0.0
2024-04-26 14:30:00-04:00,8.140000343322754,8.149999618530273,8.079999923706055,8.085000038146973,71672,0.0,0.0
2024-04-26 15:30:00-04:00,8.079999923706055,8.079999923706055,8.039999961853027,8.045000076293945,83909,0.0,0.0
2024-04-29 09:30:00-04:00,8.109999656677246,8.170000076293945,8.095000267028809,8.109999656677246,41108,0.0,0.0
2024-04-29 10:30:00-04:00,8.119999885559082,8.130000114440918,8.079999923706055,8.104999542236328,71999,0.0,0.0
2024-04-29 11:30:00-04:00,8.100000381469727,8.102800369262695,8.0649995803833,8.0649995803833,46853,0.0,0.0
2024-04-29 12:30:00-04:00,8.0649995803833,8.069999694824219,8.029999732971191,8.039999961853027,54487,0.0,0.0
2024-04-29 13:30:00-04:00,8.045000076293945,8.069999694824219,8.039999961853027,8.069999694824219,90073,0.0,0.0
2024-04-29 14:30:00-04:00,8.069999694824219,8.069999694824219,8.015000343322754,8.024999618530273,73866,0.0,0.0
2024-04-29 15:30:00-04:00,8.024999618530273,8.0600004196167,8.010000228881836,8.0600004196167,162534,0.0,0.0
2024-04-30 09:30:00-04:00,8.010000228881836,8.039999961853027,7.849999904632568,7.949999809265137,3146552,0.0,0.0
2024-04-30 10:30:00-04:00,7.949999809265137,7.949999809265137,7.909999847412109,7.940000057220459,100509,0.0,0.0
2024-04-30 11:30:00-04:00,7.940000057220459,8.0,7.929999828338623,7.96999979019165,214058,0.0,0.0
2024-04-30 12:30:00-04:00,7.974999904632568,7.974999904632568,7.949999809265137,7.974999904632568,46832,0.0,0.0
2024-04-30 13:30:00-04:00,7.974999904632568,8.045000076293945,7.974999904632568,8.005000114440918,125889,0.0,0.0
2024-04-30 14:30:00-04:00,8.005000114440918,8.03499984741211,7.96999979019165,8.024999618530273,130062,0.0,0.0
2024-04-30 15:30:00-04:00,8.024999618530273,8.0600004196167,8.0,8.0,554055,0.0,0.0
2024-05-01 09:30:00-04:00,8.020000457763672,8.029999732971191,7.920000076293945,7.949999809265137,33334,0.0,0.0
2024-05-01 10:30:00-04:00,7.949999809265137,7.954999923706055,7.934999942779541,7.945000171661377,36020,0.0,0.0
2024-05-01 11:30:00-04:00,7.940000057220459,7.994999885559082,7.925000190734863,7.989999771118164,30829,0.0,0.0
2024-05-01 12:30:00-04:00,7.989999771118164,7.989999771118164,7.949999809265137,7.974999904632568,32825,0.0,0.0
2024-05-01 13:30:00-04:00,7.974999904632568,7.980000019073486,7.940000057220459,7.960000038146973,50836,0.0,0.0
2024-05-01 14:30:00-04:00,7.96999979019165,8.0600004196167,7.940000057220459,7.960000038146973,298995,0.0,0.0
2024-05-01 15:30:00-04:00,7.960000038146973,7.96999979019165,7.869999885559082,7.909999847412109,252870,0.0,0.0
2024-05-02 09:30:00-04:00,7.96999979019165,7.989999771118164,7.909999847412109,7.940000057220459,73447,0.0,0.0
2024-05-02 10:30:00-04:00,7.934999942779541,7.96999979019165,7.902500152587891,7.965000152587891,49677,0.0,0.0
2024-05-02 11:30:00-04:00,7.96999979019165,8.045000076293945,7.960000038146973,8.045000076293945,36231,0.0,0.0
2024-05-02 12:30:00-04:00,8.045000076293945,8.069999694824219,8.029999732971191,8.0600004196167,64126,0.0,0.0
2024-05-02 13:30:00-04:00,8.0600004196167,8.079999923706055,8.029999732971191,8.079999923706055,69532,0.0,0.0
2024-05-02 14:30:00-04:00,8.079999923706055,8.125,8.079999923706055,8.102499961853027,79624,0.0,0.0
2024-05-02 15:30:00-04:00,8.104999542236328,8.149999618530273,8.09000015258789,8.119999885559082,237490,0.0,0.0
2024-05-03 09:30:00-04:00,8.279999732971191,8.34000015258789,8.1899995803833,8.220000267028809,54029,0.0,0.0
2024-05-03 10:30:00-04:00,8.21500015258789,8.239999771118164,8.199999809265137,8.239999771118164,24023,0.0,0.0
2024-05-03 11:30:00-04:00,8.244999885559082,8.270000457763672,8.15999984741211,8.204999923706055,83954,0.0,0.0
2024-05-03 12:30:00-04:00,8.204999923706055,8.210000038146973,8.170000076293945,8.170000076293945,63012,0.0,0.0
2024-05-03 13:30:00-04:00,8.170000076293945,8.180000305175781,8.130000114440918,8.154999732971191,76878,0.0,0.0
2024-05-03 14:30:00-04:00,8.154999732971191,8.15999984741211,8.114999771118164,8.119999885559082,113060,0.0,0.0
2024-05-03 15:30:00-04:00,8.125,8.199999809265137,8.125,8.199999809265137,193352,0.0,0.0
2024-05-06 09:30:00-04:00,8.220000267028809,8.289999961853027,8.204999923706055,8.220000267028809,119163,0.0,0.0
2024-05-06 10:30:00-04:00,8.21500015258789,8.229999542236328,8.194999694824219,8.21500015258789,26280,0.0,0.0
2024-05-06 11:30:00-04:00,8.210000038146973,8.260000228881836,8.204999923706055,8.242500305175781,92024,0.0,0.0
2024-05-06 12:30:00-04:00,8.244999885559082,8.279999732971191,8.229999542236328,8.239999771118164,52988,0.0,0.0
2024-05-06 13:30:00-04:00,8.244999885559082,8.270000457763672,8.229999542236328,8.25,77336,0.0,0.0
2024-05-06 14:30:00-04:00,8.260000228881836,8.274999618530273,8.239999771118164,8.255000114440918,74719,0.0,0.0
2024-05-06 15:30:00-04:00,8.255000114440918,8.289999961853027,8.2524995803833,8.279999732971191,175739,0.0,0.0
2024-05-07 09:30:00-04:00,8.350000381469727,8.369999885559082,8.295000076293945,8.3149995803833,141961,0.0,0.0
2024-05-07 10:30:00-04:00,8.3100004196167,8.34000015258789,8.265000343322754,8.274999618530273,80671,0.0,0.0
2024-05-07 11:30:00-04:00,8.274999618530273,8.279999732971191,8.260000228881836,8.265000343322754,55723,0.0,0.0
2024-05-07 12:30:00-04:00,8.270000457763672,8.3149995803833,8.239999771118164,8.290499687194824,197638,0.0,0.0
2024-05-07 13:30:00-04:00,8.289999961853027,8.34000015258789,8.229999542236328,8.265000343322754,123458,0.0,0.0
2024-05-07 14:30:00-04:00,8.265000343322754,8.3100004196167,8.260000228881836,8.295000076293945,77468,0.0,0.0
2024-05-07 15:30:00-04:00,8.300000190734863,8.324999809265137,8.270000457763672,8.279999732971191,164390,0.0,0.0
2024-05-08 09:30:00-04:00,8.25,8.260000228881836,8.194999694824219,8.25,34611,0.0,0.0
2024-05-08 10:30:00-04:00,8.244999885559082,8.260000228881836,8.212499618530273,8.255000114440918,22129,0.0,0.0
2024-05-08 11:30:00-04:00,8.255000114440918,8.260000228881836,8.229999542236328,8.234999656677246,23759,0.0,0.0
2024-05-08 12:30:00-04:00,8.229999542236328,8.229999542236328,8.199999809265137,8.204999923706055,38988,0.0,0.0
2024-05-08 13:30:00-04:00,8.199999809265137,8.21500015258789,8.192500114440918,8.21500015258789,50096,0.0,0.0
2024-05-08 14:30:00-04:00,8.21500015258789,8.229999542236328,8.210000038146973,8.21500015258789,49107,0.0,0.0
2024-05-08 15:30:00-04:00,8.210000038146973,8.260000228881836,8.210000038146973,8.25,129383,0.0,0.0
2024-05-09 09:30:00-04:00,8.3100004196167,8.319999694824219,8.069999694824219,8.220000267028809,174176,0.0,0.0
2024-05-09 10:30:00-04:00,8.220000267028809,8.234999656677246,8.15999984741211,8.1899995803833,72751,0.0,0.0
2024-05-09 11:30:00-04:00,8.1899995803833,8.260000228881836,8.1899995803833,8.234999656677246,43482,0.0,0.0
2024-05-09 12:30:00-04:00,8.239999771118164,8.300000190734863,8.229999542236328,8.260000228881836,76393,0.0,0.0
2024-05-09 13:30:00-04:00,8.269000053405762,8.289999961853027,8.234999656677246,8.270000457763672,108035,0.0,0.0
2024-05-09 14:30:00-04:00,8.270000457763672,8.270000457763672,8.1899995803833,8.234999656677246,194539,0.0,0.0
2024-05-09 15:30:00-04:00,8.229999542236328,8.239999771118164,8.180000305175781,8.1899995803833,172365,0.0,0.0
2024-05-10 09:30:00-04:00,8.15999984741211,8.210000038146973,8.069999694824219,8.069999694824219,93620,0.0,0.0
2024-05-10 10:30:00-04:00,8.0600004196167,8.135000228881836,8.039999961853027,8.114999771118164,177248,0.0,0.0
2024-05-10 11:30:00-04:00,8.114999771118164,8.145000457763672,8.09000015258789,8.125,98941,0.0,0.0
2024-05-10 12:30:00-04:00,8.125,8.140000343322754,8.100000381469727,8.104999542236328,82539,0.0,0.0
2024-05-10 13:30:00-04:00,8.104999542236328,8.114999771118164,8.079999923706055,8.085000038146973,76921,0.0,0.0
2024-05-10 14:30:00-04:00,8.085000038146973,8.09000015258789,8.050000190734863,8.074999809265137,84989,0.0,0.0
2024-05-10 15:30:00-04:00,8.074999809265137,8.09000015258789,8.050000190734863,8.050000190734863,216534,0.0,0.0
2024-05-13 09:30:00-04:00,8.130000114440918,8.164999961853027,8.100000381469727,8.125,47517,0.0,0.0
2024-05-13 10:30:00-04:00,8.125,8.167499542236328,8.114999771118164,8.149999618530273,47378,0.0,0.0
2024-05-13 11:30:00-04:00,8.140000343322754,8.140000343322754,8.130000114440918,8.135000228881836,25477,0.0,0.0
2024-05-13 12:30:00-04:00,8.135000228881836,8.154999732971191,8.130000114440918,8.135000228881836,37845,0.0,0.0
2024-05-13 13:30:00-04:00,8.135000228881836,8.15999984741211,8.100000381469727,8.135000228881836,146430,0.0,0.0
2024-05-13 14:30:00-04:00,8.135000228881836,8.145000457763672,8.109999656677246,8.109999656677246,47211,0.0,0.0
2024-05-13 15:30:00-04:00,8.109999656677246,8.140000343322754,8.104999542236328,8.130000114440918,109324,0.0,0.0
2024-05-14 09:30:00-04:00,8.220000267028809,8.260000228881836,8.170000076293945,8.199999809265137,71851,0.0,0.0
2024-05-14 10:30:00-04:00,8.199999809265137,8.199999809265137,8.170000076293945,8.1899995803833,41068,0.0,0.0
2024-05-14 11:30:00-04:00,8.1899995803833,8.1899995803833,8.149999618530273,8.154999732971191,45195,0.0,0.0
2024-05-14 12:30:00-04:00,8.154999732971191,8.156299591064453,8.119999885559082,8.145000457763672,38055,0.0,0.0
2024-05-14 13:30:00-04:00,8.145000457763672,8.1850004196167,8.145000457763672,8.175000190734863,85592,0.0,0.0
2024-05-14 14:30:00-04:00,8.175000190734863,8.180000305175781,8.140000343322754,8.145000457763672,62804,0.0,0.0
2024-05-14 15:30:00-04:00,8.145000457763672,8.180000305175781,8.135000228881836,8.164999961853027,128396,0.0,0.0
2024-05-15 09:30:00-04:00,8.220000267028809,8.279999732971191,8.220000267028809,8.255000114440918,49752,0.0,0.0
2024-05-15 10:30:00-04:00,8.256099700927734,8.270000457763672,8.225000381469727,8.265000343322754,93137,0.0,0.0
2024-05-15 11:30:00-04:00,8.265000343322754,8.28499984741211,8.265000343322754,8.28499984741211,31481,0.0,0.0
2024-05-15 12:30:00-04:00,8.28499984741211,8.300000190734863,8.255000114440918,8.255000114440918,36189,0.0,0.0
2024-05-15 13:30:00-04:00,8.25,8.3100004196167,8.25,8.305000305175781,33252,0.0,0.0
2024-05-15 14:30:00-04:00,8.3100004196167,8.3149995803833,8.25,8.279999732971191,88962,0.0,0.0
2024-05-15 15:30:00-04:00,8.274999618530273,8.300000190734863,8.260000228881836,8.300000190734863,103082,0.0,0.0
2024-05-16 09:30:00-04:00,8.3100004196167,8.324999809265137,8.270000457763672,8.279999732971191,28032,0.0,0.0
2024-05-16 10:30:00-04:00,8.279999732971191,8.305000305175781,8.279999732971191,8.300000190734863,45827,0.0,0.0
2024-05-16 11:30:00-04:00,8.295000076293945,8.300000190734863,8.270000457763672,8.270000457763672,33954,0.0,0.0
2024-05-16 12:30:00-04:00,8.270000457763672,8.350000381469727,8.260000228881836,8.324999809265137,108746,0.0,0.0
2024-05-16 13:30:00-04:00,8.319999694824219,8.34000015258789,8.3100004196167,8.3149995803833,61909,0.0,0.0
2024-05-16 14:30:00-04:00,8.319999694824219,8.335000038146973,8.3100004196167,8.3149995803833,73474,0.0,0.0
2024-05-16 15:30:00-04:00,8.319999694824219,8.359999656677246,8.300000190734863,8.359999656677246,156445,0.0,0.0
2024-05-17 09:30:00-04:00,8.369999885559082,8.380000114440918,8.305000305175781,8.34000015258789,51777,0.0,0.0
2024-05-17 10:30:00-04:00,8.34000015258789,8.354999542236328,8.329999923706055,8.34000015258789,26390,0.0,0.0
2024-05-17 11:30:00-04:00,8.335000038146973,8.380000114440918,8.305000305175781,8.354999542236328,34734,0.0,0.0
2024-05-17 12:30:00-04:00,8.354999542236328,8.369999885559082,8.34000015258789,8.364999771118164,30497,0.0,0.0
2024-05-17 13:30:00-04:00,8.369999885559082,8.380000114440918,8.300000190734863,8.305000305175781,54461,0.0,0.0
2024-05-17 14:30:00-04:00,8.305000305175781,8.3100004196167,8.25,8.260000228881836,71364,0.0,0.0
2024-05-17 15:30:00-04:00,8.265000343322754,8.279999732971191,8.25,8.279999732971191,135468,0.0,0.0
2024-05-20 09:30:00-04:00,8.260000228881836,8.380000114440918,8.260000228881836,8.329999923706055,70630,0.0,0.0
2024-05-20 10:30:00-04:00,8.324999809265137,8.354999542236328,8.324999809265137,8.354999542236328,42722,0.0,0.0
2024-05-20 11:30:00-04:00,8.354999542236328,8.359999656677246,8.329999923706055,8.350000381469727,113929,0.0,0.0
2024-05-20 12:30:00-04:00,8.354999542236328,8.354999542236328,8.329999923706055,8.354999542236328,98797,0.0,0.0
2024-05-20 13:30:00-04:00,8.354999542236328,8.359999656677246,8.305000305175781,8.329999923706055,73333,0.0,0.0
2024-05-20 14:30:00-04:00,8.329999923706055,8.34000015258789,8.289999961853027,8.324999809265137,132713,0.0,0.0
2024-05-20 15:30:00-04:00,8.324999809265137,8.329999923706055,8.279999732971191,8.329999923706055,288403,0.0,0.0
2024-05-21 09:30:00-04:00,8.329999923706055,8.375,8.3100004196167,8.364999771118164,28387,0.0,0.0
2024-05-21 10:30:00-04:00,8.364999771118164,8.399299621582031,8.345000267028809,8.364999771118164,55196,0.0,0.0
2024-05-21 11:30:00-04:00,8.364999771118164,8.380000114440918,8.350000381469727,8.354999542236328,54025,0.0,0.0
2024-05-21 12:30:00-04:00,8.350000381469727,8.359999656677246,8.350000381469727,8.359999656677246,54867,0.0,0.0
2024-05-21 13:30:00-04:00,8.354999542236328,8.399999618530273,8.35099983215332,8.395000457763672,61265,0.0,0.0
2024-05-21 14:30:00-04:00,8.399999618530273,8.399999618530273,8.369999885559082,8.390000343322754,95126,0.0,0.0
2024-05-21 15:30:00-04:00,8.390000343322754,8.40999984741211,8.369999885559082,8.399999618530273,203779,0.0,0.0
2024-05-22 09:30:00-04:00,8.390000343322754,8.475000381469727,8.390000343322754,8.460000038146973,71129,0.0,0.0
2024-05-22 10:30:00-04:00,8.449999809265137,8.449999809265137,8.40999984741211,8.420000076293945,64800,0.0,0.0
2024-05-22 11:30:00-04:00,8.420000076293945,8.430000305175781,8.392499923706055,8.410300254821777,43857,0.0,0.0
2024-05-22 12:30:00-04:00,8.420000076293945,8.4399995803833,8.390000343322754,8.395000457763672,39725,0.0,0.0
2024-05-22 13:30:00-04:00,8.395000457763672,8.395000457763672,8.300000190734863,8.300000190734863,60710,0.0,0.0
2024-05-22 14:30:00-04:00,8.291000366210938,8.319999694824219,8.261199951171875,8.270999908447266,93596,0.0,0.0
2024-05-22 15:30:00-04:00,8.274999618530273,8.289999961853027,8.229999542236328,8.239999771118164,132051,0.0,0.0
2024-05-23 09:30:00-04:00,8.220000267028809,8.220000267028809,8.104999542236328,8.109999656677246,48606,0.0,0.0
2024-05-23 10:30:00-04:00,8.109999656677246,8.109999656677246,8.050000190734863,8.074999809265137,74480,0.0,0.0
2024-05-23 11:30:00-04:00,8.074999809265137,8.114999771118164,8.074999809265137,8.079999923706055,62554,0.0,0.0
2024-05-23 12:30:00-04:00,8.085000038146973,8.100000381469727,8.020000457763672,8.039799690246582,95601,0.0,0.0
2024-05-23 13:30:00-04:00,8.039899826049805,8.050000190734863,8.000100135803223,8.020000457763672,123165,0.0,0.0
2024-05-23 14:30:00-04:00,8.020000457763672,8.039999961853027,8.010000228881836,8.03499984741211,73174,0.0,0.0
2024-05-23 15:30:00-04:00,8.03499984741211,8.079999923706055,8.024999618530273,8.069999694824219,214264,0.0,0.0
2024-05-24 09:30:00-04:00,8.140000343322754,8.1899995803833,8.100000381469727,8.1899995803833,20926,0.0,0.0
2024-05-24 10:30:00-04:00,8.1899995803833,8.204999923706055,8.149999618530273,8.175000190734863,30207,0.0,0.0
2024-05-24 11:30:00-04:00,8.170000076293945,8.199700355529785,8.170000076293945,8.199700355529785,13104,0.0,0.0
2024-05-24 12:30:00-04:00,8.194999694824219,8.21500015258789,8.175000190734863,8.199999809265137,32014,0.0,0.0
2024-05-24 13:30:00-04:00,8.199999809265137,8.210000038146973,8.119999885559082,8.119999885559082,50854,0.0,0.0
2024-05-24 14:30:00-04:00,8.119999885559082,8.175000190734863,8.119999885559082,8.170000076293945,67511,0.0,0.0
2024-05-24 15:30:00-04:00,8.170000076293945,8.1899995803833,8.154999732971191,8.15999984741211,209709,0.0,0.0
2024-05-28 09:30:00-04:00,8.229999542236328,8.270000457763672,8.180100440979004,8.180100440979004,44066,0.0,0.0
2024-05-28 10:30:00-04:00,8.180000305175781,8.180000305175781,8.069999694824219,8.079999923706055,31622,0.0,0.0
2024-05-28 11:30:00-04:00,8.089900016784668,8.095000267028809,8.05210018157959,8.055000305175781,46109,0.0,0.0
2024-05-28 12:30:00-04:00,8.050000190734863,8.0600004196167,8.015000343322754,8.015000343322754,66266,0.0,0.0
2024-05-28 13:30:00-04:00,8.010000228881836,8.029999732971191,7.989999771118164,8.0,72317,0.0,0.0
2024-05-28 14:30:00-04:00,8.0,8.029999732971191,7.989999771118164,8.024999618530273,64335,0.0,0.0
2024-05-28 15:30:00-04:00,8.024999618530273,8.029999732971191,7.960000038146973,7.960000038146973,190082,0.0,0.0
2024-05-29 09:30:00-04:00,7.800000190734863,7.849999904632568,7.744999885559082,7.829999923706055,215863,0.0,0.0
2024-05-29 10:30:00-04:00,7.829999923706055,7.885000228881836,7.815000057220459,7.885000228881836,83206,0.0,0.0
2024-05-29 11:30:00-04:00,7.885000228881836,7.885000228881836,7.824999809265137,7.829999923706055,39413,0.0,0.0
2024-05-29 12:30:00-04:00,7.829999923706055,7.829999923706055,7.730000019073486,7.75,79871,0.0,0.0
2024-05-29 13:30:00-04:00,7.75,7.775000095367432,7.71999979019165,7.730000019073486,175913,0.0,0.0
2024-05-29 14:30:00-04:00,7.730000019073486,7.739999771118164,7.679999828338623,7.695000171661377,381382,0.0,0.0
2024-05-29 15:30:00-04:00,7.690000057220459,7.809999942779541,7.690000057220459,7.769999980926514,352717,0.0,0.0
2024-05-30 09:30:00-04:00,7.849999904632568,7.880000114440918,7.75,7.875,71002,0.0,0.0
2024-05-30 10:30:00-04:00,7.875,7.885000228881836,7.855000019073486,7.864999771118164,27522,0.0,0.0
2024-05-30 11:30:00-04:00,7.864999771118164,7.869999885559082,7.809999942779541,7.820000171661377,54284,0.0,0.0
2024-05-30 12:30:00-04:00,7.824999809265137,7.835000038146973,7.809999942779541,7.824999809265137,64287,0.0,0.0
2024-05-30 13:30:00-04:00,7.824999809265137,7.824999809265137,7.78000020980835,7.784999847412109,59192,0.0,0.0
2024-05-30 14:30:00-04:00,7.78000020980835,7.789999961853027,7.769999980926514,7.784999847412109,114974,0.0,0.0
2024-05-30 15:30:00-04:00,7.789999961853027,7.799900054931641,7.75,7.769999980926514,212026,0.0,0.0
2024-05-31 09:30:00-04:00,7.78000020980835,7.889900207519531,7.78000020980835,7.885000228881836,46942,0.0,0.0
2024-05-31 10:30:00-04:00,7.885000228881836,7.920000076293945,7.875,7.90500020980835,33093,0.0,0.0
2024-05-31 11:30:00-04:00,7.90500020980835,7.90500020980835,7.849999904632568,7.849999904632568,27327,0.0,0.0
2024-05-31 12:30:00-04:00,7.849999904632568,7.900000095367432,7.849999904632568,7.900000095367432,32843,0.0,0.0
2024-05-31 13:30:00-04:00,7.900000095367432,7.920000076293945,7.889999866485596,7.894999980926514,44867,0.0,0.0
2024-05-31 14:30:00-04:00,7.894999980926514,7.900000095367432,7.860000133514404,7.875,71366,0.0,0.0
2024-05-31 15:30:00-04:00,7.869999885559082,7.889999866485596,7.820000171661377,7.869999885559082,161050,0.0,0.0
2024-06-03 09:30:00-04:00,7.980000019073486,8.0600004196167,7.970099925994873,8.03499984741211,58118,0.0,0.0
2024-06-03 10:30:00-04:00,8.03499984741211,8.03499984741211,8.0,8.015000343322754,35690,0.0,0.0
2024-06-03 11:30:00-04:00,8.015000343322754,8.015000343322754,7.934999942779541,7.934999942779541,38584,0.0,0.0
2024-06-03 12:30:00-04:00,7.934999942779541,7.934999942779541,7.889999866485596,7.925000190734863,38514,0.0,0.0
2024-06-03 13:30:00-04:00,7.925000190734863,7.989999771118164,7.925000190734863,7.96999979019165,68923,0.0,0.0
2024-06-03 14:30:00-04:00,7.974999904632568,7.989999771118164,7.960000038146973,7.965000152587891,66442,0.0,0.0
2024-06-03 15:30:00-04:00,7.965000152587891,7.965000152587891,7.940000057220459,7.949999809265137,98030,0.0,0.0
2024-06-04 09:30:00-04:00,7.940000057220459,8.0,7.929999828338623,7.980000019073486,46717,0.0,0.0
2024-06-04 10:30:00-04:00,7.985000133514404,8.010000228881836,7.960000038146973,8.010000228881836,16842,0.0,0.0
2024-06-04 11:30:00-04:00,8.010000228881836,8.010000228881836,7.985000133514404,7.994999885559082,16829,0.0,0.0
2024-06-04 12:30:00-04:00,7.994999885559082,8.024999618530273,7.994999885559082,7.994999885559082,29175,0.0,0.0
2024-06-04 13:30:00-04:00,7.994999885559082,8.029999732971191,7.994999885559082,8.020000457763672,30901,0.0,0.0
2024-06-04 14:30:00-04:00,8.029999732971191,8.039999961853027,8.010000228881836,8.015000343322754,41400,0.0,0.0
2024-06-04 15:30:00-04:00,8.015000343322754,8.029999732971191,7.96999979019165,7.96999979019165,191954,0.0,0.0
2024-06-05 09:30:00-04:00,7.980000019073486,8.055000305175781,7.929999828338623,8.015000343322754,45439,0.0,0.0
2024-06-05 10:30:00-04:00,8.015000343322754,8.055000305175781,8.005000114440918,8.020000457763672,27713,0.0,0.0
2024-06-05 11:30:00-04:00,8.020000457763672,8.03499984741211,8.010000228881836,8.010000228881836,13689,0.0,0.0
2024-06-05 12:30:00-04:00,8.015000343322754,8.024999618530273,8.010000228881836,8.010000228881836,12240,0.0,0.0
2024-06-05 13:30:00-04:00,8.010000228881836,8.024999618530273,8.0,8.010000228881836,29619,0.0,0.0
2024-06-05 14:30:00-04:00,8.010000228881836,8.039999961853027,8.010000228881836,8.015000343322754,45353,0.0,0.0
2024-06-05 15:30:00-04:00,8.015000343322754,8.050000190734863,8.010000228881836,8.045000076293945,89978,0.0,0.0
2024-06-06 09:30:00-04:00,8.020000457763672,8.085000038146973,8.0,8.029999732971191,39707,0.0,0.0
2024-06-06 10:30:00-04:00,8.020000457763672,8.0600004196167,8.020000457763672,8.050000190734863,21970,0.0,0.0
2024-06-06 11:30:00-04:00,8.050000190734863,8.050000190734863,8.020000457763672,8.039999961853027,33515,0.0,0.0
2024-06-06 12:30:00-04:00,8.039999961853027,8.050000190734863,8.031100273132324,8.050000190734863,19048,0.0,0.0
2024-06-06 13:30:00-04:00,8.050000190734863,8.074999809265137,8.045000076293945,8.069999694824219,62177,0.0,0.0
2024-06-06 14:30:00-04:00,8.069999694824219,8.079999923706055,8.0600004196167,8.0649995803833,35354,0.0,0.0
2024-06-06 15:30:00-04:00,8.0649995803833,8.069999694824219,8.0600004196167,8.0649995803833,52390,0.0,0.0
2024-06-07 09:30:00-04:00,7.949999809265137,7.989999771118164,7.909999847412109,7.980000019073486,35182,0.0,0.0
2024-06-07 10:30:00-04:00,7.974999904632568,8.015000343322754,7.960000038146973,7.960000038146973,40708,0.0,0.0
2024-06-07 11:30:00-04:00,7.960000038146973,7.96999979019165,7.949999809265137,7.954999923706055,28119,0.0,0.0
2024-06-07 12:30:00-04:00,7.954999923706055,7.954999923706055,7.920000076293945,7.934999942779541,47039,0.0,0.0
2024-06-07 13:30:00-04:00,7.934999942779541,7.940000057220459,7.900000095367432,7.940000057220459,187039,0.0,0.0
2024-06-07 14:30:00-04:00,7.940000057220459,7.989999771118164,7.934999942779541,7.96999979019165,77493,0.0,0.0
2024-06-07 15:30:00-04:00,7.96999979019165,8.010000228881836,7.965000152587891,7.985000133514404,119039,0.0,0.0
2024-06-10 09:30:00-04:00,8.119999885559082,8.125,7.989999771118164,8.09000015258789,265613,0.0,0.0
2024-06-10 10:30:00-04:00,8.09000015258789,8.109999656677246,8.079999923706055,8.09000015258789,51225,0.0,0.0
2024-06-10 11:30:00-04:00,8.095000267028809,8.199999809265137,8.069999694824219,8.180000305175781,94804,0.0,0.0
2024-06-10 12:30:00-04:00,8.180000305175781,8.225000381469727,8.180000305175781,8.1850004196167,28157,0.0,0.0
2024-06-10 13:30:00-04:00,8.1899995803833,8.210000038146973,8.180000305175781,8.194999694824219,48636,0.0,0.0
2024-06-10 14:30:00-04:00,8.1899995803833,8.210000038146973,8.181099891662598,8.204999923706055,68005,0.0,0.0
2024-06-10 15:30:00-04:00,8.210000038146973,8.210000038146973,8.154999732971191,8.180000305175781,91753,0.0,0.0
2024-06-11 09:30:00-04:00,8.15999984741211,8.15999984741211,8.079999923706055,8.079999923706055,30006,0.0,0.0
2024-06-11 10:30:00-04:00,8.085000038146973,8.104999542236328,8.085000038146973,8.09000015258789,23886,0.0,0.0
2024-06-11 11:30:00-04:00,8.09000015258789,8.099100112915039,8.045000076293945,8.045000076293945,34731,0.0,0.0
2024-06-11 12:30:00-04:00,8.045000076293945,8.069999694824219,8.029999732971191,8.03499984741211,50107,0.0,0.0
2024-06-11 13:30:00-04:00,8.03499984741211,8.079999923706055,8.03499984741211,8.0649995803833,31326,0.0,0.0
2024-06-11 14:30:00-04:00,8.069999694824219,8.069999694824219,8.010000228881836,8.010000228881836,54468,0.0,0.0
2024-06-11 15:30:00-04:00,8.010000228881836,8.020000457763672,7.989999771118164,7.994999885559082,131462,0.0,0.0
2024-06-12 09:30:00-04:00,8.239999771118164,8.289999961853027,8.20009994506836,8.28499984741211,101230,0.0,0.0
2024-06-12 10:30:00-04:00,8.279999732971191,8.289999961853027,8.234999656677246,8.234999656677246,39996,0.0,0.0
2024-06-12 11:30:00-04:00,8.229999542236328,8.229999542236328,8.1850004196167,8.194999694824219,35742,0.0,0.0
2024-06-12 12:30:00-04:00,8.199999809265137,8.199999809265137,8.130000114440918,8.130000114440918,50820,0.0,0.0
2024-06-12 13:30:00-04:00,8.130000114440918,8.180000305175781,8.09000015258789,8.145000457763672,116732,0.0,0.0
2024-06-12 14:30:00-04:00,8.145000457763672,8.180000305175781,8.0649995803833,8.0649995803833,139648,0.0,0.0
2024-06-12 15:30:00-04:00,8.0600004196167,8.079999923706055,8.045000076293945,8.079999923706055,129031,0.0,0.0
2024-06-13 09:30:00-04:00,8.079999923706055,8.100000381469727,8.050000190734863,8.0600004196167,14461,0.0,0.0
2024-06-13 10:30:00-04:00,8.050000190734863,8.079999923706055,8.020000457763672,8.079999923706055,24705,0.0,0.0
2024-06-13 11:30:00-04:00,8.079999923706055,8.095000267028809,8.074999809265137,8.074999809265137,16415,0.0,0.0
2024-06-13 12:30:00-04:00,8.074999809265137,8.104999542236328,8.074999809265137,8.095000267028809,20679,0.0,0.0
2024-06-13 13:30:00-04:00,8.09000015258789,8.09000015258789,8.029999732971191,8.029999732971191,30041,0.0,0.0
2024-06-13 14:30:00-04:00,8.03499984741211,8.045000076293945,8.0,8.0,46945,0.0,0.0
2024-06-13 15:30:00-04:00,8.005000114440918,8.029999732971191,7.989999771118164,8.024999618530273,84911,0.0,0.0
2024-06-14 09:30:00-04:00,7.989999771118164,8.095000267028809,7.989999771118164,8.045000076293945,107152,0.0,0.0
2024-06-14 10:30:00-04:00,8.045000076293945,8.09000015258789,8.029999732971191,8.09000015258789,38537,0.0,0.0
2024-06-14 11:30:00-04:00,8.079999923706055,8.085000038146973,8.039999961853027,8.050000190734863,68331,0.0,0.0
2024-06-14 12:30:00-04:00,8.055000305175781,8.085000038146973,8.050000190734863,8.0649995803833,92993,0.0,0.0
2024-06-14 13:30:00-04:00,8.0600004196167,8.069999694824219,8.010000228881836,8.010000228881836,67625,0.0,0.0
2024-06-14 14:30:00-04:00,8.015000343322754,8.020000457763672,8.0,8.015000343322754,66307,0.0,0.0
2024-06-14 15:30:00-04:00,8.010000228881836,8.069999694824219,8.010000228881836,8.069999694824219,146327,0.0,0.0
2024-06-17 09:30:00-04:00,8.010000228881836,8.039999961853027,7.989999771118164,8.010000228881836,36653,0.0,0.0
2024-06-17 10:30:00-04:00,8.005000114440918,8.010000228881836,7.980000019073486,8.005000114440918,31734,0.0,0.0
2024-06-17 11:30:00-04:00,8.005000114440918,8.029999732971191,7.994999885559082,8.024999618530273,31098,0.0,0.0
2024-06-17 12:30:00-04:00,8.024999618530273,8.029999732971191,8.010000228881836,8.024999618530273,21490,0.0,0.0
2024-06-17 13:30:00-04:00,8.024999618530273,8.045000076293945,7.96999979019165,8.045000076293945,363965,0.0,0.0
2024-06-17 14:30:00-04:00,8.050000190734863,8.0600004196167,8.010000228881836,8.029999732971191,124930,0.0,0.0
2024-06-17 15:30:00-04:00,8.020000457763672,8.029999732971191,8.0,8.024999618530273,95677,0.0,0.0
2024-06-18 09:30:00-04:00,8.029999732971191,8.0600004196167,7.989999771118164,8.020000457763672,31522,0.0,0.0
2024-06-18 10:30:00-04:00,8.015000343322754,8.020000457763672,7.991300106048584,8.0,32988,0.0,0.0
2024-06-18 11:30:00-04:00,8.0,8.010000228881836,8.0,8.005000114440918,10126,0.0,0.0
2024-06-18 12:30:00-04:00,8.010000228881836,8.020000457763672,8.0,8.015000343322754,23608,0.0,0.0
2024-06-18 13:30:00-04:00,8.015000343322754,8.029999732971191,8.0,8.010000228881836,95995,0.0,0.0
2024-06-18 14:30:00-04:00,8.010000228881836,8.029999732971191,8.0,8.015000343322754,102763,0.0,0.0
2024-06-18 15:30:00-04:00,8.010000228881836,8.029999732971191,8.005000114440918,8.015000343322754,114631,0.0,0.0
2024-06-20 09:30:00-04:00,7.960000038146973,8.015000343322754,7.960000038146973,7.974999904632568,43599,0.0,0.0
2024-06-20 10:30:00-04:00,7.96999979019165,7.96999979019165,7.945000171661377,7.954999923706055,17763,0.0,0.0
2024-06-20 11:30:00-04:00,7.960000038146973,7.96999979019165,7.940000057220459,7.965000152587891,35134,0.0,0.0
2024-06-20 12:30:00-04:00,7.965000152587891,7.980000019073486,7.960000038146973,7.974999904632568,22405,0.0,0.0
2024-06-20 13:30:00-04:00,7.980000019073486,8.0,7.949999809265137,7.980000019073486,92821,0.0,0.0
2024-06-20 14:30:00-04:00,7.989999771118164,7.994999885559082,7.974999904632568,7.985000133514404,272091,0.0,0.0
2024-06-20 15:30:00-04:00,7.980000019073486,7.985000133514404,7.945000171661377,7.960000038146973,142462,0.0,0.0
2024-06-21 09:30:00-04:00,7.96999979019165,8.039999961853027,7.96999979019165,8.024999618530273,484068,0.0,0.0
2024-06-21 10:30:00-04:00,8.024999618530273,8.024999618530273,7.989999771118164,8.005000114440918,98398,0.0,0.0
2024-06-21 11:30:00-04:00,8.005000114440918,8.015000343322754,7.989999771118164,8.0,107349,0.0,0.0
2024-06-21 12:30:00-04:00,8.0,8.010000228881836,7.989999771118164,7.994999885559082,460378,0.0,0.0
2024-06-21 13:30:00-04:00,7.989999771118164,8.0,7.96999979019165,7.985000133514404,124499,0.0,0.0
2024-06-21 14:30:00-04:00,7.985000133514404,7.985000133514404,7.960000038146973,7.96999979019165,132613,0.0,0.0
2024-06-21 15:30:00-04:00,7.96999979019165,7.980000019073486,7.954999923706055,7.96999979019165,480844,0.0,0.0
2024-06-24 09:30:00-04:00,7.960000038146973,8.04010009765625,7.960000038146973,8.020000457763672,53025,0.0,0.0
2024-06-24 10:30:00-04:00,8.020000457763672,8.050000190734863,8.005000114440918,8.010000228881836,66035,0.0,0.0
2024-06-24 11:30:00-04:00,8.010000228881836,8.010000228881836,7.96999979019165,7.96999979019165,89899,0.0,0.0
2024-06-24 12:30:00-04:00,7.96999979019165,7.985000133514404,7.960000038146973,7.96999979019165,38295,0.0,0.0
2024-06-24 13:30:00-04:00,7.96999979019165,8.020000457763672,7.96999979019165,8.005000114440918,373653,0.0,0.0
2024-06-24 14:30:00-04:00,8.005000114440918,8.020000457763672,7.989999771118164,7.994999885559082,154762,0.0,0.0
2024-06-24 15:30:00-04:00,8.0,8.039999961853027,7.989999771118164,8.010000228881836,375428,0.0,0.0
2024-06-25 09:30:00-04:00,8.010000228881836,8.029999732971191,7.994999885559082,8.0,122720,0.0,0.0
2024-06-25 10:30:00-04:00,8.0,8.0,7.940000057220459,7.940000057220459,56188,0.0,0.0
2024-06-25 11:30:00-04:00,7.945000171661377,8.010000228881836,7.920000076293945,8.005000114440918,117851,0.0,0.0
2024-06-25 12:30:00-04:00,8.010000228881836,8.010000228881836,7.96999979019165,7.989999771118164,163819,0.0,0.0
2024-06-25 13:30:00-04:00,7.994999885559082,8.005000114440918,7.989999771118164,8.0,114285,0.0,0.0
2024-06-25 14:30:00-04:00,8.0,8.029999732971191,7.994999885559082,8.005000114440918,122063,0.0,0.0
2024-06-25 15:30:00-04:00,8.005000114440918,8.010000228881836,7.989999771118164,8.0,217774,0.0,0.0
2024-06-26 09:30:00-04:00,7.909999847412109,8.130000114440918,7.909999847412109,8.104999542236328,1918158,0.0,0.0
2024-06-26 10:30:00-04:00,8.100000381469727,8.119999885559082,8.079999923706055,8.085000038146973,133917,0.0,0.0
2024-06-26 11:30:00-04:00,8.085000038146973,8.100000381469727,8.039999961853027,8.050000190734863,556945,0.0,0.0
2024-06-26 12:30:00-04:00,8.050000190734863,8.0600004196167,8.020000457763672,8.024999618530273,203639,0.0,0.0
2024-06-26 13:30:00-04:00,8.020000457763672,8.02750015258789,7.980000019073486,7.994999885559082,205392,0.0,0.0
2024-06-26 14:30:00-04:00,7.989999771118164,8.020000457763672,7.989999771118164,7.989999771118164,193278,0.0,0.0
2024-06-26 15:30:00-04:00,7.989999771118164,8.0,7.949999809265137,7.960000038146973,368641,0.0,0.0
2024-06-27 09:30:00-04:00,8.020000457763672,8.0600004196167,7.985000133514404,8.010000228881836,176987,0.0,0.0
2024-06-27 10:30:00-04:00,8.015000343322754,8.03499984741211,8.0,8.015000343322754,39831,0.0,0.0
2024-06-27 11:30:00-04:00,8.010000228881836,8.029999732971191,7.989999771118164,8.029999732971191,48098,0.0,0.0
2024-06-27 12:30:00-04:00,8.024999618530273,8.024999618530273,8.0,8.0,35314,0.0,0.0
2024-06-27 13:30:00-04:00,8.005000114440918,8.020000457763672,7.980000019073486,7.985000133514404,67384,0.0,0.0
2024-06-27 14:30:00-04:00,7.980000019073486,8.005000114440918,7.980000019073486,7.989999771118164,206324,0.0,0.0
2024-06-27 15:30:00-04:00,7.994999885559082,8.079999923706055,7.994999885559082,8.079999923706055,176059,0.0,0.0
2024-06-28 09:30:00-04:00,8.149999618530273,8.199999809265137,8.085000038146973,8.109999656677246,104448,0.0,0.0
2024-06-28 10:30:00-04:00,8.119999885559082,8.154999732971191,8.110099792480469,8.154999732971191,42758,0.0,0.0
2024-06-28 11:30:00-04:00,8.15999984741211,8.170000076293945,8.130000114440918,8.140000343322754,53217,0.0,0.0
2024-06-28 12:30:00-04:00,8.149999618530273,8.15999984741211,8.135000228881836,8.145000457763672,28325,0.0,0.0
2024-06-28 13:30:00-04:00,8.140000343322754,8.149999618530273,8.135000228881836,8.140000343322754,74827,0.0,0.0
2024-06-28 14:30:00-04:00,8.140000343322754,8.15999984741211,8.140000343322754,8.15999984741211,192400,0.0,0.0
2024-06-28 15:30:00-04:00,8.15999984741211,8.399999618530273,8.149999618530273,8.289999961853027,567474,0.0,0.0
2024-07-01 09:30:00-04:00,8.350000381469727,8.369999885559082,8.170000076293945,8.1899995803833,80550,0.0,0.0
2024-07-01 10:30:00-04:00,8.1899995803833,8.21500015258789,8.149999618530273,8.204999923706055,67647,0.0,0.0
2024-07-01 11:30:00-04:00,8.210000038146973,8.25,8.204999923706055,8.244999885559082,48719,0.0,0.0
2024-07-01 12:30:00-04:00,8.25,8.289999961853027,8.23009967803955,8.289999961853027,62704,0.0,0.0
2024-07-01 13:30:00-04:00,8.289999961853027,8.300000190734863,8.260000228881836,8.289999961853027,72160,0.0,0.0
2024-07-01 14:30:00-04:00,8.289999961853027,8.329999923706055,8.28499984741211,8.305000305175781,63324,0.0,0.0
2024-07-01 15:30:00-04:00,8.305000305175781,8.324999809265137,8.279999732971191,8.279999732971191,128095,0.0,0.0
2024-07-02 09:30:00-04:00,8.350000381469727,8.395000457763672,8.335000038146973,8.395000457763672,70140,0.0,0.0
2024-07-02 10:30:00-04:00,8.390000343322754,8.420000076293945,8.385000228881836,8.414999961853027,38222,0.0,0.0
2024-07-02 11:30:00-04:00,8.420000076293945,8.4399995803833,8.404999732971191,8.4350004196167,48588,0.0,0.0
2024-07-02 12:30:00-04:00,8.430000305175781,8.4375,8.420000076293945,8.425000190734863,21794,0.0,0.0
2024-07-02 13:30:00-04:00,8.420000076293945,8.420000076293945,8.390000343322754,8.404999732971191,63421,0.0,0.0
2024-07-02 14:30:00-04:00,8.404999732971191,8.414999961853027,8.399999618530273,8.399999618530273,39810,0.0,0.0
2024-07-02 15:30:00-04:00,8.404999732971191,8.460000038146973,8.404999732971191,8.444999694824219,152526,0.0,0.0
2024-07-03 09:30:00-04:00,8.460000038146973,8.524999618530273,8.399999618530273,8.40999984741211,111013,0.0,0.0
2024-07-03 10:30:00-04:00,8.404999732971191,8.404999732971191,8.3100004196167,8.3100004196167,71636,0.0,0.0
2024-07-03 11:30:00-04:00,8.3100004196167,8.329999923706055,8.289999961853027,8.3100004196167,57230,0.0,0.0
2024-07-05 09:30:00-04:00,8.279999732971191,8.359999656677246,8.279999732971191,8.295000076293945,107512,0.0,0.0
2024-07-05 10:30:00-04:00,8.295000076293945,8.3100004196167,8.279999732971191,8.28499984741211,29345,0.0,0.0
2024-07-05 11:30:00-04:00,8.28499984741211,8.289999961853027,8.270000457763672,8.270000457763672,22114,0.0,0.0
2024-07-05 12:30:00-04:00,8.270000457763672,8.279999732971191,8.239999771118164,8.274999618530273,45877,0.0,0.0
2024-07-05 13:30:00-04:00,8.274999618530273,8.300000190734863,8.270000457763672,8.279999732971191,76797,0.0,0.0
2024-07-05 14:30:00-04:00,8.279999732971191,8.289999961853027,8.260000228881836,8.260000228881836,51267,0.0,0.0
2024-07-05 15:30:00-04:00,8.260000228881836,8.260000228881836,8.220000267028809,8.220000267028809,147216,0.0,0.0
2024-07-08 09:30:00-04:00,8.239999771118164,8.3149995803833,8.239999771118164,8.255000114440918,45511,0.0,0.0
2024-07-08 10:30:00-04:00,8.255000114440918,8.279999732971191,8.239999771118164,8.244999885559082,57143,0.0,0.0
2024-07-08 11:30:00-04:00,8.239999771118164,8.239999771118164,8.175000190734863,8.199999809265137,88913,0.0,0.0
2024-07-08 12:30:00-04:00,8.210000038146973,8.220000267028809,8.164999961853027,8.164999961853027,68633,0.0,0.0
2024-07-08 13:30:00-04:00,8.164999961853027,8.220000267028809,8.164999961853027,8.204999923706055,98313,0.0,0.0
2024-07-08 14:30:00-04:00,8.210000038146973,8.210000038146973,8.1899995803833,8.204999923706055,94386,0.0,0.0
2024-07-08 15:30:00-04:00,8.204999923706055,8.220000267028809,8.1899995803833,8.204999923706055,157667,0.0,0.0
2024-07-09 09:30:00-04:00,8.210000038146973,8.225000381469727,8.100000381469727,8.119999885559082,43506,0.0,0.0
2024-07-09 10:30:00-04:00,8.109999656677246,8.119999885559082,8.09000015258789,8.104999542236328,95121,0.0,0.0
2024-07-09 11:30:00-04:00,8.104999542236328,8.149999618530273,8.100000381469727,8.145000457763672,101371,0.0,0.0
2024-07-09 12:30:00-04:00,8.149999618530273,8.1899995803833,8.145000457763672,8.1850004196167,80159,0.0,0.0
2024-07-09 13:30:00-04:00,8.1899995803833,8.270000457763672,8.154999732971191,8.265000343322754,231836,0.0,0.0
2024-07-09 14:30:00-04:00,8.260000228881836,8.270000457763672,8.239999771118164,8.265000343322754,151124,0.0,0.0
2024-07-09 15:30:00-04:00,8.265000343322754,8.329999923706055,8.260000228881836,8.3100004196167,216022,0.0,0.0
2024-07-10 09:30:00-04:00,8.390000343322754,8.40999984741211,8.359999656677246,8.364999771118164,27203,0.0,0.0
2024-07-10 10:30:00-04:00,8.364999771118164,8.395000457763672,8.364999771118164,8.369999885559082,47726,0.0,0.0
2024-07-10 11:30:00-04:00,8.375,8.375,8.289999961853027,8.300000190734863,64398,0.0,0.0
2024-07-10 12:30:00-04:00,8.300100326538086,8.305000305175781,8.234999656677246,8.25,59016,0.0,0.0
2024-07-10 13:30:00-04:00,8.25,8.324999809265137,8.242799758911133,8.3100004196167,142847,0.0,0.0
2024-07-10 14:30:00-04:00,8.300700187683105,8.3100004196167,8.289999961853027,8.305000305175781,79183,0.0,0.0
2024-07-10 15:30:00-04:00,8.305000305175781,8.3149995803833,8.295000076293945,8.305000305175781,120851,0.0,0.0
2024-07-11 09:30:00-04:00,8.489999771118164,8.520000457763672,8.449999809265137,8.5,89233,0.0,0.0
2024-07-11 10:30:00-04:00,8.505000114440918,8.5600004196167,8.494999885559082,8.550000190734863,92063,0.0,0.0
2024-07-11 11:30:00-04:00,8.550000190734863,8.579999923706055,8.489999771118164,8.494999885559082,64672,0.0,0.0
2024-07-11 12:30:00-04:00,8.494999885559082,8.555000305175781,8.494999885559082,8.550000190734863,79284,0.0,0.0
2024-07-11 13:30:00-04:00,8.550000190734863,8.569999694824219,8.529999732971191,8.539999961853027,105706,0.0,0.0
2024-07-11 14:30:00-04:00,8.539999961853027,8.5600004196167,8.520000457763672,8.550000190734863,96993,0.0,0.0
2024-07-11 15:30:00-04:00,8.550000190734863,8.609999656677246,8.545000076293945,8.579999923706055,188644,0.0,0.0
2024-07-12 09:30:00-04:00,8.649999618530273,8.694999694824219,8.604999542236328,8.604999542236328,97245,0.0,0.0
2024-07-12 10:30:00-04:00,8.600000381469727,8.609999656677246,8.53499984741211,8.53499984741211,41569,0.0,0.0
2024-07-12 11:30:00-04:00,8.529999732971191,8.53499984741211,8.494999885559082,8.510000228881836,46041,0.0,0.0
2024-07-12 12:30:00-04:00,8.505000114440918,8.529999732971191,8.49209976196289,8.515000343322754,45792,0.0,0.0
2024-07-12 13:30:00-04:00,8.520000457763672,8.529999732971191,8.5,8.515000343322754,53931,0.0,0.0
2024-07-12 14:30:00-04:00,8.520000457763672,8.5600004196167,8.5,8.545000076293945,95110,0.0,0.0
2024-07-12 15:30:00-04:00,8.539999961853027,8.550000190734863,8.479999542236328,8.489999771118164,117723,0.0,0.0
2024-07-15 09:30:00-04:00,8.5600004196167,8.614999771118164,8.545000076293945,8.600000381469727,132823,0.0,0.0
2024-07-15 10:30:00-04:00,8.600000381469727,8.765000343322754,8.600000381469727,8.765000343322754,131646,0.0,0.0
2024-07-15 11:30:00-04:00,8.760000228881836,8.779999732971191,8.720000267028809,8.734999656677246,137232,0.0,0.0
2024-07-15 12:30:00-04:00,8.729999542236328,8.729999542236328,8.645000457763672,8.694999694824219,71312,0.0,0.0
2024-07-15 13:30:00-04:00,8.694999694824219,8.729999542236328,8.6899995803833,8.720000267028809,77727,0.0,0.0
2024-07-15 14:30:00-04:00,8.720000267028809,8.779999732971191,8.65999984741211,8.760000228881836,188151,0.0,0.0
2024-07-15 15:30:00-04:00,8.760000228881836,8.819999694824219,8.760000228881836,8.819999694824219,200428,0.0,0.0
2024-07-16 09:30:00-04:00,8.890000343322754,8.949999809265137,8.869999885559082,8.9350004196167,129122,0.0,0.0
2024-07-16 10:30:00-04:00,8.9350004196167,8.984999656677246,8.899999618530273,8.975000381469727,87083,0.0,0.0
2024-07-16 11:30:00-04:00,8.975000381469727,9.009900093078613,8.9399995803833,8.984999656677246,126541,0.0,0.0
2024-07-16 12:30:00-04:00,8.979999542236328,9.039999961853027,8.975000381469727,9.020000457763672,120895,0.0,0.0
2024-07-16 13:30:00-04:00,9.024999618530273,9.114999771118164,9.020000457763672,9.09000015258789,94125,0.0,0.0
2024-07-16 14:30:00-04:00,9.09000015258789,9.109999656677246,9.0649995803833,9.074999809265137,125963,0.0,0.0
2024-07-16 15:30:00-04:00,9.079999923706055,9.109999656677246,9.0600004196167,9.104999542236328,169126,0.0,0.0
2024-07-17 09:30:00-04:00,9.0600004196167,9.135000228881836,9.0600004196167,9.085000038146973,75378,0.0,0.0
2024-07-17 10:30:00-04:00,9.074999809265137,9.079999923706055,9.015000343322754,9.03499984741211,75036,0.0,0.0
2024-07-17 11:30:00-04:00,9.029999732971191,9.0600004196167,8.96500015258789,8.96500015258789,76856,0.0,0.0
2024-07-17 12:30:00-04:00,8.960000038146973,9.010000228881836,8.960000038146973,8.994999885559082,128175,0.0,0.0
2024-07-17 13:30:00-04:00,9.0,9.045000076293945,9.0,9.03499984741211,133148,0.0,0.0
2024-07-17 14:30:00-04:00,9.029999732971191,9.069999694824219,9.015000343322754,9.050000190734863,93253,0.0,0.0
2024-07-17 15:30:00-04:00,9.055000305175781,9.0600004196167,9.010000228881836,9.050000190734863,153697,0.0,0.0
2024-07-18 09:30:00-04:00,8.970000267028809,9.119999885559082,8.961000442504883,9.119999885559082,57777,0.0,0.0
2024-07-18 10:30:00-04:00,9.119999885559082,9.125,9.0649995803833,9.095000267028809,45869,0.0,0.0
2024-07-18 11:30:00-04:00,9.100000381469727,9.119999885559082,8.994999885559082,9.005000114440918,47566,0.0,0.0
2024-07-18 12:30:00-04:00,9.010000228881836,9.029999732971191,9.0,9.0,89625,0.0,0.0
2024-07-18 13:30:00-04:00,9.0,9.020000457763672,8.96500015258789,8.989999771118164,132003,0.0,0.0
2024-07-18 14:30:00-04:00,8.979999542236328,9.050000190734863,8.96500015258789,9.010000228881836,132319,0.0,0.0
2024-07-18 15:30:00-04:00,9.005000114440918,9.024999618530273,8.989999771118164,9.0,86922,0.0,0.0
2024-07-19 09:30:00-04:00,9.029999732971191,9.050000190734863,8.989999771118164,9.010000228881836,56102,0.0,0.0
2024-07-19 10:30:00-04:00,9.010000228881836,9.029999732971191,8.989999771118164,8.994999885559082,33494,0.0,0.0
2024-07-19 11:30:00-04:00,8.989999771118164,9.0,8.954999923706055,8.979999542236328,87963,0.0,0.0
2024-07-19 12:30:00-04:00,8.979999542236328,8.979999542236328,8.9399995803833,8.944999694824219,95437,0.0,0.0
2024-07-19 13:30:00-04:00,8.9399995803833,8.975000381469727,8.934599876403809,8.96500015258789,61139,0.0,0.0
2024-07-19 14:30:00-04:00,8.960000038146973,9.010000228881836,8.944999694824219,8.994999885559082,89418,0.0,0.0
2024-07-19 15:30:00-04:00,8.994999885559082,9.010000228881836,8.984999656677246,9.0,103528,0.0,0.0
2024-07-22 09:30:00-04:00,9.069999694824219,9.069999694824219,8.960000038146973,8.960000038146973,194521,0.0,0.0
2024-07-22 10:30:00-04:00,8.954999923706055,9.010000228881836,8.954999923706055,8.989999771118164,55808,0.0,0.0
2024-07-22 11:30:00-04:00,8.989999771118164,9.005000114440918,8.960000038146973,8.975000381469727,71921,0.0,0.0
2024-07-22 12:30:00-04:00,8.970999717712402,9.005000114440918,8.970000267028809,9.0,31554,0.0,0.0
2024-07-22 13:30:00-04:00,9.0,9.020000457763672,8.960000038146973,8.970000267028809,45628,0.0,0.0
2024-07-22 14:30:00-04:00,8.979999542236328,9.09000015258789,8.96500015258789,9.0600004196167,125526,0.0,0.0
2024-07-22 15:30:00-04:00,9.069999694824219,9.109999656677246,9.0600004196167,9.09000015258789,150060,0.0,0.0
2024-07-23 09:30:00-04:00,9.09000015258789,9.15999984741211,9.039999961853027,9.15999984741211,110516,0.0,0.0
2024-07-23 10:30:00-04:00,9.15999984741211,9.199999809265137,9.140000343322754,9.140000343322754,83467,0.0,0.0
2024-07-23 11:30:00-04:00,9.149999618530273,9.154999732971191,9.069999694824219,9.074999809265137,61197,0.0,0.0
2024-07-23 12:30:00-04:00,9.069999694824219,9.100000381469727,9.029999732971191,9.09000015258789,99884,0.0,0.0
2024-07-23 13:30:00-04:00,9.085000038146973,9.15999984741211,9.085000038146973,9.15999984741211,47994,0.0,0.0
2024-07-23 14:30:00-04:00,9.15999984741211,9.199999809265137,9.130000114440918,9.15999984741211,118707,0.0,0.0
2024-07-23 15:30:00-04:00,9.15999984741211,9.15999984741211,9.0600004196167,9.0649995803833,173542,0.0,0.0
2024-07-24 09:30:00-04:00,9.029999732971191,9.119999885559082,9.010000228881836,9.119999885559082,83917,0.0,0.0
2024-07-24 10:30:00-04:00,9.130000114440918,9.145000457763672,9.100000381469727,9.104999542236328,48306,0.0,0.0
2024-07-24 11:30:00-04:00,9.104999542236328,9.149999618530273,9.09000015258789,9.09000015258789,89083,0.0,0.0
2024-07-24 12:30:00-04:00,9.09000015258789,9.100000381469727,9.03499984741211,9.037099838256836,60529,0.0,0.0
2024-07-24 13:30:00-04:00,9.03499984741211,9.050000190734863,9.015000343322754,9.015000343322754,42102,0.0,0.0
2024-07-24 14:30:00-04:00,9.010000228881836,9.029999732971191,8.970000267028809,9.0,146367,0.0,0.0
2024-07-24 15:30:00-04:00,9.005000114440918,9.015000343322754,8.960000038146973,8.960000038146973,233342,0.0,0.0
2024-07-25 09:30:00-04:00,9.010000228881836,9.140000343322754,8.970000267028809,9.039999961853027,69690,0.0,0.0
2024-07-25 10:30:00-04:00,9.039999961853027,9.039999961853027,8.979999542236328,9.015000343322754,124443,0.0,0.0
2024-07-25 11:30:00-04:00,9.010000228881836,9.029999732971191,9.0,9.020000457763672,62958,0.0,0.0
2024-07-25 12:30:00-04:00,9.024999618530273,9.058899879455566,9.020000457763672,9.024999618530273,41303,0.0,0.0
2024-07-25 13:30:00-04:00,9.029999732971191,9.029999732971191,8.885000228881836,8.895000457763672,319797,0.0,0.0
2024-07-25 14:30:00-04:00,8.895000457763672,8.989999771118164,8.890000343322754,8.970000267028809,302781,0.0,0.0
2024-07-25 15:30:00-04:00,8.96500015258789,9.0,8.960000038146973,9.0,207341,0.0,0.0
2024-07-26 09:30:00-04:00,9.0600004196167,9.125,9.050000190734863,9.069999694824219,44885,0.0,0.0
2024-07-26 10:30:00-04:00,9.0600004196167,9.085000038146973,9.024999618530273,9.039999961853027,83536,0.0,0.0
2024-07-26 11:30:00-04:00,9.039999961853027,9.100000381469727,9.038900375366211,9.085000038146973,63385,0.0,0.0
2024-07-26 12:30:00-04:00,9.079999923706055,9.09000015258789,9.0600004196167,9.09000015258789,43205,0.0,0.0
2024-07-26 13:30:00-04:00,9.085000038146973,9.09000015258789,9.039999961853027,9.059900283813477,34927,0.0,0.0
2024-07-26 14:30:00-04:00,9.050000190734863,9.079999923706055,9.050000190734863,9.069999694824219,46641,0.0,0.0
2024-07-26 15:30:00-04:00,9.069999694824219,9.069999694824219,9.029999732971191,9.0600004196167,143558,0.0,0.0
2024-07-29 09:30:00-04:00,9.119999885559082,9.119999885559082,9.010000228881836,9.010000228881836,56442,0.0,0.0
2024-07-29 10:30:00-04:00,9.015000343322754,9.03499984741211,8.970000267028809,9.020000457763672,116904,0.0,0.0
2024-07-29 11:30:00-04:00,9.024999618530273,9.029999732971191,9.0,9.0,39487,0.0,0.0
2024-07-29 12:30:00-04:00,9.0,9.010000228881836,8.979999542236328,9.0,90283,0.0,0.0
2024-07-29 13:30:00-04:00,9.0,9.005000114440918,8.960000038146973,8.975000381469727,106686,0.0,0.0
2024-07-29 14:30:00-04:00,8.975000381469727,9.020000457763672,8.960000038146973,9.015000343322754,138819,0.0,0.0
2024-07-29 15:30:00-04:00,9.020000457763672,9.050000190734863,9.010000228881836,9.010000228881836,106334,0.0,0.0
2024-07-30 09:30:00-04:00,9.079999923706055,9.119999885559082,8.979999542236328,9.015000343322754,77722,0.0,0.0
2024-07-30 10:30:00-04:00,9.015000343322754,9.015000343322754,8.979999542236328,8.989999771118164,34151,0.0,0.0
2024-07-30 11:30:00-04:00,8.984999656677246,8.989999771118164,8.949999809265137,8.979999542236328,32526,0.0,0.0
2024-07-30 12:30:00-04:00,8.970000267028809,8.989999771118164,8.899999618530273,8.925000190734863,39068,0.0,0.0
2024-07-30 13:30:00-04:00,8.920000076293945,8.984999656677246,8.914999961853027,8.960000038146973,43698,0.0,0.0
2024-07-30 14:30:00-04:00,8.96500015258789,8.979999542236328,8.9399995803833,8.975000381469727,88711,0.0,0.0
2024-07-30 15:30:00-04:00,8.975000381469727,9.020000457763672,8.970000267028809,8.975000381469727,117085,0.0,0.0
2024-07-31 09:30:00-04:00,8.949999809265137,9.039999961853027,8.90999984741211,9.024999618530273,47289,0.0,0.0
2024-07-31 10:30:00-04:00,9.020000457763672,9.020000457763672,8.979999542236328,9.0,34473,0.0,0.0
2024-07-31 11:30:00-04:00,9.0,9.024999618530273,8.984999656677246,9.0,56984,0.0,0.0
2024-07-31 12:30:00-04:00,9.0,9.010000228881836,8.944999694824219,8.954999923706055,22505,0.0,0.0
2024-07-31 13:30:00-04:00,8.949999809265137,8.979999542236328,8.919899940490723,8.944999694824219,63635,0.0,0.0
2024-07-31 14:30:00-04:00,8.949999809265137,9.039999961853027,8.9350004196167,8.944999694824219,157228,0.0,0.0
2024-07-31 15:30:00-04:00,8.9399995803833,8.960000038146973,8.859999656677246,8.875,284951,0.0,0.0
2024-08-01 09:30:00-04:00,8.859999656677246,8.960000038146973,8.824999809265137,8.920999526977539,136751,0.0,0.0
2024-08-01 10:30:00-04:00,8.920000076293945,8.979999542236328,8.829999923706055,8.850000381469727,98902,0.0,0.0
2024-08-01 11:30:00-04:00,8.859999656677246,8.920000076293945,8.84000015258789,8.914999961853027,48896,0.0,0.0
2024-08-01 12:30:00-04:00,8.920000076293945,8.920000076293945,8.875,8.880000114440918,44599,0.0,0.0
2024-08-01 13:30:00-04:00,8.880000114440918,8.899999618530273,8.850000381469727,8.864999771118164,114842,0.0,0.0
2024-08-01 14:30:00-04:00,8.859999656677246,8.930000305175781,8.84000015258789,8.925000190734863,163084,0.0,0.0
2024-08-01 15:30:00-04:00,8.925000190734863,9.015000343322754,8.914999961853027,9.010000228881836,174971,0.0,0.0
2024-08-02 09:30:00-04:00,8.864999771118164,9.085000038146973,8.800000190734863,8.899999618530273,150454,0.0,0.0
2024-08-02 10:30:00-04:00,8.901000022888184,8.9399995803833,8.859999656677246,8.90999984741211,63266,0.0,0.0
2024-08-02 11:30:00-04:00,8.90999984741211,9.0,8.890000343322754,8.984999656677246,48726,0.0,0.0
2024-08-02 12:30:00-04:00,8.984999656677246,8.99530029296875,8.890000343322754,8.904999732971191,86166,0.0,0.0
2024-08-02 13:30:00-04:00,8.904999732971191,8.925000190734863,8.880000114440918,8.914999961853027,48466,0.0,0.0
2024-08-02 14:30:00-04:00,8.920000076293945,8.9350004196167,8.859999656677246,8.895000457763672,118884,0.0,0.0
2024-08-02 15:30:00-04:00,8.895000457763672,8.920000076293945,8.880000114440918,8.90999984741211,201589,0.0,0.0
2024-08-05 09:30:00-04:00,8.630000114440918,8.6899995803833,8.574999809265137,8.609999656677246,387295,0.0,0.0
2024-08-05 10:30:00-04:00,8.619999885559082,8.845000267028809,8.619999885559082,8.819999694824219,100136,0.0,0.0
2024-08-05 11:30:00-04:00,8.819999694824219,8.979999542236328,8.795000076293945,8.96500015258789,97537,0.0,0.0
2024-08-05 12:30:00-04:00,8.960000038146973,8.96500015258789,8.8100004196167,8.819999694824219,77008,0.0,0.0
2024-08-05 13:30:00-04:00,8.8100004196167,8.849699974060059,8.789999961853027,8.84000015258789,64170,0.0,0.0
2024-08-05 14:30:00-04:00,8.835000038146973,8.84000015258789,8.744999885559082,8.779999732971191,84115,0.0,0.0
2024-08-05 15:30:00-04:00,8.779999732971191,8.789999961853027,8.699999809265137,8.704999923706055,220860,0.0,0.0
2024-08-06 09:30:00-04:00,8.720000267028809,8.880000114440918,8.694999694824219,8.845000267028809,94181,0.0,0.0
2024-08-06 10:30:00-04:00,8.84000015258789,8.895000457763672,8.8100004196167,8.8100004196167,35191,0.0,0.0
2024-08-06 11:30:00-04:00,8.8149995803833,8.895000457763672,8.795000076293945,8.885000228881836,31834,0.0,0.0
2024-08-06 12:30:00-04:00,8.880000114440918,8.914999961853027,8.854999542236328,8.899999618530273,63325,0.0,0.0
2024-08-06 13:30:00-04:00,8.904999732971191,8.949999809265137,8.890000343322754,8.9350004196167,97691,0.0,0.0
2024-08-06 14:30:00-04:00,8.930000305175781,8.949999809265137,8.864999771118164,8.875,124418,0.0,0.0
2024-08-06 15:30:00-04:00,8.880000114440918,8.880000114440918,8.84000015258789,8.850000381469727,158526,0.0,0.0
2024-08-07 09:30:00-04:00,8.869999885559082,8.970000267028809,8.779999732971191,8.899999618530273,150136,0.0,0.0
2024-08-07 10:30:00-04:00,8.895000457763672,8.920000076293945,8.864999771118164,8.899999618530273,116990,0.0,0.0
2024-08-07 11:30:00-04:00,8.899999618530273,8.930000305175781,8.850000381469727,8.864999771118164,50003,0.0,0.0
2024-08-07 12:30:00-04:00,8.864999771118164,8.869999885559082,8.78499984741211,8.824999809265137,39066,0.0,0.0
2024-08-07 13:30:00-04:00,8.829999923706055,8.84000015258789,8.751999855041504,8.770000457763672,44704,0.0,0.0
2024-08-07 14:30:00-04:00,8.765000343322754,8.8100004196167,8.755000114440918,8.789999961853027,76949,0.0,0.0
2024-08-07 15:30:00-04:00,8.789999961853027,8.800000190734863,8.739999771118164,8.760000228881836,141449,0.0,0.0
2024-08-08 09:30:00-04:00,8.5600004196167,8.829999923706055,8.5,8.664999961853027,239210,0.0,0.0
2024-08-08 10:30:00-04:00,8.670000076293945,8.789999961853027,8.670000076293945,8.755000114440918,101997,0.0,0.0
2024-08-08 11:30:00-04:00,8.755000114440918,8.789999961853027,8.600000381469727,8.609999656677246,294135,0.0,0.0
2024-08-08 12:30:00-04:00,8.609999656677246,8.670000076293945,8.604999542236328,8.649999618530273,122080,0.0,0.0
2024-08-08 13:30:00-04:00,8.649999618530273,8.675000190734863,8.635000228881836,8.65999984741211,87938,0.0,0.0
2024-08-08 14:30:00-04:00,8.65999984741211,8.670000076293945,8.609999656677246,8.670000076293945,117733,0.0,0.0
2024-08-08 15:30:00-04:00,8.660099983215332,8.670000076293945,8.609999656677246,8.625,245980,0.0,0.0
2024-08-09 09:30:00-04:00,8.609999656677246,8.649999618530273,8.609999656677246,8.625,42828,0.0,0.0
2024-08-09 10:30:00-04:00,8.625,8.630000114440918,8.595000267028809,8.604999542236328,173913,0.0,0.0
2024-08-09 11:30:00-04:00,8.604999542236328,8.654999732971191,8.604999542236328,8.614999771118164,80114,0.0,0.0
2024-08-09 12:30:00-04:00,8.609999656677246,8.645000457763672,8.609999656677246,8.625,83908,0.0,0.0
2024-08-09 13:30:00-04:00,8.625,8.6850004196167,8.625,8.645000457763672,52555,0.0,0.0
2024-08-09 14:30:00-04:00,8.635000228881836,8.670000076293945,8.625,8.640000343322754,72264,0.0,0.0
2024-08-09 15:30:00-04:00,8.635000228881836,8.6899995803833,8.635000228881836,8.6899995803833,186019,0.0,0.0
2024-08-12 09:30:00-04:00,8.680000305175781,8.739999771118164,8.600000381469727,8.609999656677246,82190,0.0,0.0
2024-08-12 10:30:00-04:00,8.604999542236328,8.625,8.604999542236328,8.625,134424,0.0,0.0
2024-08-12 11:30:00-04:00,8.630000114440918,8.649999618530273,8.600000381469727,8.600000381469727,67526,0.0,0.0
2024-08-12 12:30:00-04:00,8.604999542236328,8.640000343322754,8.600000381469727,8.630000114440918,107792,0.0,0.0
2024-08-12 13:30:00-04:00,8.635000228881836,8.640000343322754,8.625,8.630000114440918,74832,0.0,0.0
2024-08-12 14:30:00-04:00,8.640000343322754,8.654999732971191,8.625,8.630000114440918,73758,0.0,0.0
2024-08-12 15:30:00-04:00,8.635000228881836,8.640000343322754,8.609999656677246,8.619999885559082,173198,0.0,0.0
2024-08-13 09:30:00-04:00,8.630000114440918,8.704999923706055,8.630000114440918,8.704999923706055,68218,0.0,0.0
2024-08-13 10:30:00-04:00,8.704999923706055,8.71500015258789,8.6850004196167,8.704999923706055,70689,0.0,0.0
2024-08-13 11:30:00-04:00,8.704999923706055,8.725000381469727,8.694999694824219,8.71500015258789,96201,0.0,0.0
2024-08-13 12:30:00-04:00,8.710000038146973,8.748000144958496,8.699999809265137,8.734999656677246,54462,0.0,0.0
2024-08-13 13:30:00-04:00,8.734999656677246,8.739999771118164,8.699999809265137,8.725000381469727,31965,0.0,0.0
2024-08-13 14:30:00-04:00,8.720000267028809,8.765000343322754,8.71500015258789,8.765000343322754,55638,0.0,0.0
2024-08-13 15:30:00-04:00,8.760000228881836,8.760000228881836,8.71500015258789,8.75,168097,0.0,0.0
2024-08-14 09:30:00-04:00,8.800000190734863,8.800000190734863,8.699999809265137,8.739999771118164,36791,0.0,0.0
2024-08-14 10:30:00-04:00,8.739999771118164,8.765000343322754,8.725000381469727,8.739999771118164,34582,0.0,0.0
2024-08-14 11:30:00-04:00,8.739999771118164,8.770000457763672,8.6850004196167,8.6850004196167,49218,0.0,0.0
2024-08-14 12:30:00-04:00,8.680000305175781,8.734999656677246,8.680000305175781,8.71500015258789,63278,0.0,0.0
2024-08-14 13:30:00-04:00,8.71500015258789,8.734999656677246,8.704999923706055,8.720000267028809,49259,0.0,0.0
2024-08-14 14:30:00-04:00,8.720000267028809,8.744999885559082,8.699999809265137,8.720000267028809,129340,0.0,0.0
2024-08-14 15:30:00-04:00,8.720000267028809,8.729999542236328,8.699999809265137,8.710000038146973,132889,0.0,0.0
2024-08-15 09:30:00-04:00,8.760000228881836,8.765000343322754,8.699999809265137,8.734999656677246,68432,0.0,0.0
2024-08-15 10:30:00-04:00,8.734999656677246,8.739999771118164,8.699999809265137,8.71500015258789,99097,0.0,0.0
2024-08-15 11:30:00-04:00,8.710000038146973,8.729999542236328,8.699999809265137,8.725000381469727,65371,0.0,0.0
2024-08-15 12:30:00-04:00,8.725000381469727,8.774999618530273,8.725000381469727,8.744999885559082,83903,0.0,0.0
2024-08-15 13:30:00-04:00,8.744999885559082,8.770000457763672,8.729999542236328,8.755000114440918,79784,0.0,0.0
2024-08-15 14:30:00-04:00,8.755000114440918,8.779999732971191,8.729999542236328,8.755000114440918,79618,0.0,0.0
2024-08-15 15:30:00-04:00,8.755000114440918,8.755000114440918,8.699999809265137,8.699999809265137,177135,0.0,0.0
2024-08-16 09:30:00-04:00,8.6899995803833,8.795000076293945,8.6899995803833,8.739999771118164,66534,0.0,0.0
2024-08-16 10:30:00-04:00,8.734999656677246,8.734999656677246,8.694999694824219,8.704999923706055,89613,0.0,0.0
2024-08-16 11:30:00-04:00,8.704999923706055,8.75,8.704999923706055,8.71500015258789,66404,0.0,0.0
2024-08-16 12:30:00-04:00,8.71500015258789,8.725000381469727,8.699999809265137,8.71500015258789,55538,0.0,0.0
2024-08-16 13:30:00-04:00,8.710000038146973,8.725000381469727,8.699999809265137,8.71500015258789,78777,0.0,0.0
2024-08-16 14:30:00-04:00,8.710000038146973,8.729999542236328,8.694999694824219,8.694999694824219,64643,0.0,0.0
2024-08-16 15:30:00-04:00,8.694999694824219,8.710000038146973,8.6899995803833,8.710000038146973,224558,0.0,0.0
