Datetime,Open,High,Low,Close,Volume,Dividends,Stock Splits
2022-08-17 09:30:00-04:00,6.050000190734863,6.320000171661377,6.050000190734863,6.159999847412109,0,0.0,0.0
2022-08-17 10:30:00-04:00,6.159999847412109,6.289999961853027,6.159999847412109,6.289999961853027,5066,0.0,0.0
2022-08-17 11:30:00-04:00,6.25,6.300000190734863,6.25,6.289999961853027,1809,0.0,0.0
2022-08-17 12:30:00-04:00,6.329999923706055,6.329999923706055,6.300000190734863,6.315000057220459,1045,0.0,0.0
2022-08-17 13:30:00-04:00,6.46999979019165,6.480000019073486,6.38700008392334,6.480000019073486,5838,0.0,0.0
2022-08-17 14:30:00-04:00,6.440000057220459,6.5,6.429999828338623,6.5,5389,0.0,0.0
2022-08-17 15:30:00-04:00,6.449999809265137,6.489999771118164,6.389999866485596,6.400000095367432,5787,0.0,0.0
2022-08-18 09:30:00-04:00,6.53000020980835,6.589900016784668,6.449999809265137,6.480000019073486,8413,0.0,0.0
2022-08-18 10:30:00-04:00,6.489999771118164,6.590000152587891,6.489999771118164,6.590000152587891,1761,0.0,0.0
2022-08-18 11:30:00-04:00,6.599999904632568,6.6697998046875,6.599999904632568,6.650000095367432,4479,0.0,0.0
2022-08-18 12:30:00-04:00,6.61299991607666,6.679999828338623,6.610000133514404,6.679999828338623,1854,0.0,0.0
2022-08-18 13:30:00-04:00,6.730000019073486,6.760000228881836,6.726099967956543,6.726099967956543,3303,0.0,0.0
2022-08-18 14:30:00-04:00,6.739999771118164,6.739999771118164,6.650000095367432,6.650000095367432,11209,0.0,0.0
2022-08-18 15:30:00-04:00,6.659999847412109,6.670000076293945,6.619999885559082,6.619999885559082,6235,0.0,0.0
2022-08-19 09:30:00-04:00,6.659999847412109,6.666800022125244,6.429999828338623,6.5,18836,0.0,0.0
2022-08-19 10:30:00-04:00,6.480000019073486,6.480000019073486,6.409999847412109,6.409999847412109,5784,0.0,0.0
2022-08-19 11:30:00-04:00,6.409999847412109,6.419899940490723,6.369999885559082,6.380000114440918,4602,0.0,0.0
2022-08-19 12:30:00-04:00,6.4029998779296875,6.4029998779296875,6.351399898529053,6.380000114440918,4133,0.0,0.0
2022-08-19 13:30:00-04:00,6.389999866485596,6.449999809265137,6.389999866485596,6.449999809265137,595,0.0,0.0
2022-08-19 14:30:00-04:00,6.489999771118164,6.525000095367432,6.445000171661377,6.460000038146973,12614,0.0,0.0
2022-08-19 15:30:00-04:00,6.460000038146973,6.559999942779541,6.460000038146973,6.5,1703,0.0,0.0
2022-08-22 09:30:00-04:00,6.730000019073486,6.769999980926514,6.489999771118164,6.5,7975,0.0,0.0
2022-08-22 10:30:00-04:00,6.534999847412109,6.539999961853027,6.489999771118164,6.510000228881836,2074,0.0,0.0
2022-08-22 11:30:00-04:00,6.489999771118164,6.489999771118164,6.449999809265137,6.449999809265137,1067,0.0,0.0
2022-08-22 12:30:00-04:00,6.46999979019165,6.539999961853027,6.46999979019165,6.480000019073486,1936,0.0,0.0
2022-08-22 13:30:00-04:00,6.460000038146973,6.489999771118164,6.420000076293945,6.420000076293945,3490,0.0,0.0
2022-08-22 14:30:00-04:00,6.429999828338623,6.460000038146973,6.429999828338623,6.460000038146973,804,0.0,0.0
2022-08-22 15:30:00-04:00,6.420000076293945,6.46999979019165,6.400000095367432,6.420000076293945,1895,0.0,0.0
2022-08-23 09:30:00-04:00,6.460000038146973,7.0,6.420000076293945,6.953100204467773,44458,0.0,0.0
2022-08-23 10:30:00-04:00,6.960000038146973,7.0,6.769999980926514,6.78000020980835,15780,0.0,0.0
2022-08-23 11:30:00-04:00,6.78000020980835,6.802499771118164,6.744999885559082,6.744999885559082,9508,0.0,0.0
2022-08-23 12:30:00-04:00,6.78000020980835,6.809999942779541,6.744999885559082,6.789999961853027,5671,0.0,0.0
2022-08-23 13:30:00-04:00,6.789999961853027,6.820000171661377,6.750100135803223,6.789999961853027,10827,0.0,0.0
2022-08-23 14:30:00-04:00,6.789999961853027,6.789999961853027,6.690000057220459,6.75,16227,0.0,0.0
2022-08-23 15:30:00-04:00,6.75,6.820000171661377,6.739999771118164,6.75,0,0.0,0.0
2022-08-24 09:30:00-04:00,6.840000152587891,6.840000152587891,6.670000076293945,6.699999809265137,6774,0.0,0.0
2022-08-24 10:30:00-04:00,6.75,6.769999980926514,6.480000019073486,6.550099849700928,10827,0.0,0.0
2022-08-24 11:30:00-04:00,6.581600189208984,6.592199802398682,6.576099872589111,6.576099872589111,1178,0.0,0.0
2022-08-24 12:30:00-04:00,6.579999923706055,6.631999969482422,6.579999923706055,6.599999904632568,4139,0.0,0.0
2022-08-24 13:30:00-04:00,6.550000190734863,6.574999809265137,6.550000190734863,6.550000190734863,2400,0.0,0.0
2022-08-24 14:30:00-04:00,6.5391998291015625,6.5391998291015625,6.480000019073486,6.480000019073486,3012,0.0,0.0
2022-08-24 15:30:00-04:00,6.5,6.5,6.480000019073486,6.480000019073486,2236,0.0,0.0
2022-08-25 09:30:00-04:00,6.5,6.525000095367432,6.350100040435791,6.480000019073486,9741,0.0,0.0
2022-08-25 10:30:00-04:00,6.46999979019165,6.519999980926514,6.210000038146973,6.311699867248535,9492,0.0,0.0
2022-08-25 11:30:00-04:00,6.309999942779541,6.480199813842773,6.25,6.320000171661377,11327,0.0,0.0
2022-08-25 12:30:00-04:00,6.309999942779541,6.355000019073486,6.150000095367432,6.308800220489502,19362,0.0,0.0
2022-08-25 13:30:00-04:00,6.289999961853027,6.400000095367432,6.24970006942749,6.25,20052,0.0,0.0
2022-08-25 14:30:00-04:00,6.300000190734863,6.389999866485596,6.239999771118164,6.25,11820,0.0,0.0
2022-08-25 15:30:00-04:00,6.295000076293945,6.369999885559082,6.199999809265137,6.369999885559082,20088,0.0,0.0
2022-08-26 09:30:00-04:00,6.480000019073486,6.480000019073486,6.300000190734863,6.380000114440918,13419,0.0,0.0
2022-08-26 10:30:00-04:00,6.349999904632568,6.400000095367432,6.257400035858154,6.257400035858154,13576,0.0,0.0
2022-08-26 11:30:00-04:00,6.263199806213379,6.269999980926514,6.199999809265137,6.199999809265137,7988,0.0,0.0
2022-08-26 12:30:00-04:00,6.21999979019165,6.269999980926514,6.190000057220459,6.220200061798096,6284,0.0,0.0
2022-08-26 13:30:00-04:00,6.278900146484375,6.380000114440918,6.220799922943115,6.304999828338623,12904,0.0,0.0
2022-08-26 14:30:00-04:00,6.309999942779541,6.320000171661377,6.270100116729736,6.300000190734863,7811,0.0,0.0
2022-08-26 15:30:00-04:00,6.295000076293945,6.295000076293945,6.230000019073486,6.230000019073486,6649,0.0,0.0
2022-08-29 09:30:00-04:00,6.230000019073486,6.299200057983398,6.230000019073486,6.289999961853027,4539,0.0,0.0
2022-08-29 10:30:00-04:00,6.289999961853027,6.300000190734863,6.260000228881836,6.300000190734863,7816,0.0,0.0
2022-08-29 11:30:00-04:00,6.340000152587891,6.579999923706055,6.3246002197265625,6.3246002197265625,10924,0.0,0.0
2022-08-29 12:30:00-04:00,6.320000171661377,6.389999866485596,6.320000171661377,6.349999904632568,1306,0.0,0.0
2022-08-29 13:30:00-04:00,6.325799942016602,6.389999866485596,6.320000171661377,6.320000171661377,5176,0.0,0.0
2022-08-29 14:30:00-04:00,6.329999923706055,6.400000095367432,6.309999942779541,6.394999980926514,2528,0.0,0.0
2022-08-29 15:30:00-04:00,6.399899959564209,6.409999847412109,6.360000133514404,6.380000114440918,0,0.0,0.0
2022-08-30 09:30:00-04:00,6.324999809265137,6.324999809265137,6.324999809265137,6.324999809265137,177,0.0,0.0
2022-08-30 10:30:00-04:00,6.280099868774414,6.300000190734863,6.263199806213379,6.284900188446045,8817,0.0,0.0
2022-08-30 11:30:00-04:00,6.288400173187256,6.288400173187256,6.28000020980835,6.28000020980835,711,0.0,0.0
2022-08-30 12:30:00-04:00,6.28000020980835,6.300000190734863,6.28000020980835,6.28000020980835,2308,0.0,0.0
2022-08-30 13:30:00-04:00,6.289999961853027,6.289999961853027,6.289999961853027,6.289999961853027,350,0.0,0.0
2022-08-30 14:30:00-04:00,6.320000171661377,6.320000171661377,6.260000228881836,6.260000228881836,1124,0.0,0.0
2022-08-30 15:30:00-04:00,6.28000020980835,6.320000171661377,6.260000228881836,6.320000171661377,0,0.0,0.0
2022-08-31 09:30:00-04:00,6.480000019073486,6.480000019073486,6.360000133514404,6.360000133514404,9070,0.0,0.0
2022-08-31 10:30:00-04:00,6.329999923706055,6.340000152587891,6.329999923706055,6.340000152587891,652,0.0,0.0
2022-08-31 11:30:00-04:00,6.329999923706055,6.329999923706055,6.2972002029418945,6.317599773406982,3440,0.0,0.0
2022-08-31 12:30:00-04:00,6.324999809265137,6.340000152587891,6.320000171661377,6.340000152587891,1281,0.0,0.0
2022-08-31 13:30:00-04:00,6.339900016784668,6.449900150299072,6.339900016784668,6.349999904632568,4606,0.0,0.0
2022-08-31 14:30:00-04:00,6.349999904632568,6.369999885559082,6.340000152587891,6.349999904632568,2462,0.0,0.0
2022-08-31 15:30:00-04:00,6.369999885559082,6.400000095367432,6.320099830627441,6.400000095367432,2235,0.0,0.0
2022-09-01 09:30:00-04:00,6.380000114440918,6.380000114440918,6.260000228881836,6.260000228881836,1619,0.0,0.0
2022-09-01 10:30:00-04:00,6.230100154876709,6.272600173950195,6.150000095367432,6.272600173950195,12952,0.0,0.0
2022-09-01 11:30:00-04:00,6.210000038146973,6.215000152587891,6.179999828338623,6.179999828338623,7039,0.0,0.0
2022-09-01 12:30:00-04:00,6.179999828338623,6.179999828338623,6.159200191497803,6.164999961853027,1841,0.0,0.0
2022-09-01 13:30:00-04:00,6.179999828338623,6.184999942779541,6.150000095367432,6.150000095367432,4523,0.0,0.0
2022-09-01 14:30:00-04:00,6.139999866485596,6.139999866485596,6.139999866485596,6.139999866485596,731,0.0,0.0
2022-09-01 15:30:00-04:00,6.164999961853027,6.260000228881836,6.164999961853027,6.260000228881836,1508,0.0,0.0
2022-09-02 09:30:00-04:00,6.400000095367432,6.400000095367432,6.309999942779541,6.329999923706055,1503,0.0,0.0
2022-09-02 10:30:00-04:00,6.329999923706055,6.399899959564209,6.329999923706055,6.399899959564209,1232,0.0,0.0
2022-09-02 11:30:00-04:00,6.314499855041504,6.314499855041504,6.304999828338623,6.304999828338623,447,0.0,0.0
2022-09-02 12:30:00-04:00,6.2729997634887695,6.30649995803833,6.210000038146973,6.30649995803833,1090,0.0,0.0
2022-09-02 13:30:00-04:00,6.329999923706055,6.329999923706055,6.329999923706055,6.329999923706055,209,0.0,0.0
2022-09-02 14:30:00-04:00,6.230000019073486,6.289999961853027,6.230000019073486,6.289999961853027,384,0.0,0.0
2022-09-02 15:30:00-04:00,6.269999980926514,6.269999980926514,6.179999828338623,6.199999809265137,9193,0.0,0.0
2022-09-06 09:30:00-04:00,6.150000095367432,6.1697998046875,6.110000133514404,6.119999885559082,5303,0.0,0.0
2022-09-06 10:30:00-04:00,6.190000057220459,6.190000057220459,6.110000133514404,6.110000133514404,7359,0.0,0.0
2022-09-06 11:30:00-04:00,6.139999866485596,6.170000076293945,6.130000114440918,6.163400173187256,1747,0.0,0.0
2022-09-06 12:30:00-04:00,6.159999847412109,6.159999847412109,6.159999847412109,6.159999847412109,161,0.0,0.0
2022-09-06 13:30:00-04:00,6.159999847412109,6.179999828338623,6.139999866485596,6.140100002288818,2577,0.0,0.0
2022-09-06 14:30:00-04:00,6.099999904632568,6.099999904632568,6.099999904632568,6.099999904632568,716,0.0,0.0
2022-09-06 15:30:00-04:00,6.099999904632568,6.159999847412109,6.099999904632568,6.150000095367432,0,0.0,0.0
2022-09-07 09:30:00-04:00,6.059999942779541,6.059999942779541,6.059999942779541,6.059999942779541,1649,0.0,0.0
2022-09-07 10:30:00-04:00,6.130000114440918,6.179999828338623,6.099999904632568,6.110000133514404,2275,0.0,0.0
2022-09-07 11:30:00-04:00,6.099999904632568,6.239999771118164,6.099999904632568,6.230000019073486,5294,0.0,0.0
2022-09-07 12:30:00-04:00,6.198999881744385,6.25,6.166399955749512,6.25,2873,0.0,0.0
2022-09-07 13:30:00-04:00,6.204999923706055,6.25,6.179999828338623,6.25,4778,0.0,0.0
2022-09-07 14:30:00-04:00,6.215000152587891,6.329999923706055,6.215000152587891,6.329999923706055,10457,0.0,0.0
2022-09-07 15:30:00-04:00,6.320000171661377,6.320000171661377,6.289999961853027,6.289999961853027,0,0.0,0.0
2022-09-08 09:30:00-04:00,6.269999980926514,6.300000190734863,6.244999885559082,6.300000190734863,3908,0.0,0.0
2022-09-08 10:30:00-04:00,6.289999961853027,6.324999809265137,6.289999961853027,6.324999809265137,318,0.0,0.0
2022-09-08 11:30:00-04:00,6.326499938964844,6.326499938964844,6.326499938964844,6.326499938964844,367,0.0,0.0
2022-09-08 12:30:00-04:00,6.309999942779541,6.309999942779541,6.309999942779541,6.309999942779541,228,0.0,0.0
2022-09-08 13:30:00-04:00,6.2708001136779785,6.294899940490723,6.239999771118164,6.239999771118164,3091,0.0,0.0
2022-09-08 14:30:00-04:00,6.309999942779541,6.309999942779541,6.240099906921387,6.300000190734863,1002,0.0,0.0
2022-09-08 15:30:00-04:00,6.268799781799316,6.289999961853027,6.268400192260742,6.289999961853027,0,0.0,0.0
2022-09-09 09:30:00-04:00,6.46999979019165,6.53000020980835,6.46999979019165,6.480000019073486,7262,0.0,0.0
2022-09-09 10:30:00-04:00,6.480000019073486,6.480000019073486,6.409999847412109,6.410099983215332,3197,0.0,0.0
2022-09-09 11:30:00-04:00,6.452499866485596,6.452499866485596,6.452499866485596,6.452499866485596,360,0.0,0.0
2022-09-09 12:30:00-04:00,6.45359992980957,6.45359992980957,6.360000133514404,6.409999847412109,3114,0.0,0.0
2022-09-09 13:30:00-04:00,6.440000057220459,6.440000057220459,6.411099910736084,6.434999942779541,1270,0.0,0.0
2022-09-09 14:30:00-04:00,6.420000076293945,6.436699867248535,6.375100135803223,6.375100135803223,4623,0.0,0.0
2022-09-09 15:30:00-04:00,6.377200126647949,6.400000095367432,6.369999885559082,6.369999885559082,7169,0.0,0.0
2022-09-12 09:30:00-04:00,6.650000095367432,6.650000095367432,6.382500171661377,6.46999979019165,0,0.0,0.0
2022-09-12 10:30:00-04:00,6.471499919891357,6.5,6.471499919891357,6.480000019073486,2567,0.0,0.0
2022-09-12 11:30:00-04:00,6.487500190734863,6.489999771118164,6.369999885559082,6.40500020980835,13841,0.0,0.0
2022-09-12 12:30:00-04:00,6.329999923706055,6.329999923706055,6.287600040435791,6.287600040435791,1607,0.0,0.0
2022-09-12 13:30:00-04:00,6.2947998046875,6.330699920654297,6.28000020980835,6.330699920654297,1048,0.0,0.0
2022-09-12 14:30:00-04:00,6.400000095367432,6.400000095367432,6.303400039672852,6.303400039672852,2295,0.0,0.0
2022-09-12 15:30:00-04:00,6.354599952697754,6.354599952697754,6.300000190734863,6.300000190734863,515,0.0,0.0
2022-09-13 09:30:00-04:00,6.550000190734863,6.550000190734863,6.349999904632568,6.400000095367432,0,0.0,0.0
2022-09-13 10:30:00-04:00,6.429999828338623,6.429999828338623,6.239999771118164,6.260000228881836,8897,0.0,0.0
2022-09-13 11:30:00-04:00,6.230000019073486,6.230100154876709,6.195000171661377,6.217599868774414,5763,0.0,0.0
2022-09-13 12:30:00-04:00,6.21999979019165,6.230000019073486,6.215000152587891,6.22790002822876,8690,0.0,0.0
2022-09-13 13:30:00-04:00,6.222899913787842,6.222899913787842,6.199999809265137,6.199999809265137,3637,0.0,0.0
2022-09-13 14:30:00-04:00,6.179999828338623,6.179999828338623,6.10699987411499,6.10699987411499,3230,0.0,0.0
2022-09-13 15:30:00-04:00,6.122700214385986,6.122700214385986,6.070000171661377,6.090000152587891,2768,0.0,0.0
2022-09-14 09:30:00-04:00,6.230000019073486,6.230000019073486,6.090099811553955,6.164999961853027,0,0.0,0.0
2022-09-14 10:30:00-04:00,6.172299861907959,6.172299861907959,6.099999904632568,6.099999904632568,1754,0.0,0.0
2022-09-14 11:30:00-04:00,6.110000133514404,6.126200199127197,6.050000190734863,6.110000133514404,2714,0.0,0.0
2022-09-14 12:30:00-04:00,6.099999904632568,6.099999904632568,6.059999942779541,6.059999942779541,4677,0.0,0.0
2022-09-14 13:30:00-04:00,6.063300132751465,6.079999923706055,6.050000190734863,6.079999923706055,27052,0.0,0.0
2022-09-14 14:30:00-04:00,6.190000057220459,6.190000057220459,6.190000057220459,6.190000057220459,235,0.0,0.0
2022-09-14 15:30:00-04:00,6.10699987411499,6.139999866485596,6.10699987411499,6.139999866485596,5628,0.0,0.0
2022-09-15 09:30:00-04:00,6.059999942779541,6.170000076293945,6.059999942779541,6.170000076293945,0,0.0,0.0
2022-09-15 10:30:00-04:00,6.123000144958496,6.123000144958496,6.059999942779541,6.059999942779541,2856,0.0,0.0
2022-09-15 11:30:00-04:00,6.079999923706055,6.199999809265137,6.059999942779541,6.059999942779541,20382,0.0,0.0
2022-09-15 12:30:00-04:00,6.038599967956543,6.119999885559082,6.038599967956543,6.114999771118164,9731,0.0,0.0
2022-09-15 13:30:00-04:00,6.105000019073486,6.190000057220459,6.105000019073486,6.139999866485596,11893,0.0,0.0
2022-09-15 14:30:00-04:00,6.125,6.125,6.074999809265137,6.110000133514404,4521,0.0,0.0
2022-09-15 15:30:00-04:00,6.074999809265137,6.159999847412109,6.074999809265137,6.159999847412109,5987,0.0,0.0
2022-09-16 09:30:00-04:00,6.150000095367432,6.210000038146973,6.150000095367432,6.210000038146973,0,0.0,0.0
2022-09-16 11:30:00-04:00,6.21999979019165,6.21999979019165,6.170000076293945,6.175099849700928,2541,0.0,0.0
2022-09-16 12:30:00-04:00,6.170000076293945,6.308000087738037,6.170000076293945,6.255000114440918,21090,0.0,0.0
2022-09-16 13:30:00-04:00,6.230000019073486,6.25,6.199999809265137,6.239999771118164,7250,0.0,0.0
2022-09-16 14:30:00-04:00,6.210000038146973,6.21999979019165,6.199999809265137,6.210000038146973,9770,0.0,0.0
2022-09-16 15:30:00-04:00,6.204999923706055,6.429999828338623,6.199999809265137,6.429999828338623,7911,0.0,0.0
2022-09-19 09:30:00-04:00,6.409999847412109,6.420000076293945,6.342899799346924,6.342899799346924,1403,0.0,0.0
2022-09-19 10:30:00-04:00,6.300000190734863,6.340000152587891,6.284999847412109,6.320000171661377,33525,0.0,0.0
2022-09-19 11:30:00-04:00,6.340000152587891,6.349999904632568,6.329999923706055,6.349999904632568,860,0.0,0.0
2022-09-19 12:30:00-04:00,6.300000190734863,6.300000190734863,6.279600143432617,6.300000190734863,2418,0.0,0.0
2022-09-19 13:30:00-04:00,6.380000114440918,6.380000114440918,6.300000190734863,6.304999828338623,6708,0.0,0.0
2022-09-19 14:30:00-04:00,6.300000190734863,6.300000190734863,6.28000020980835,6.289999961853027,1987,0.0,0.0
2022-09-19 15:30:00-04:00,6.320000171661377,6.360000133514404,6.28000020980835,6.360000133514404,8780,0.0,0.0
2022-09-20 09:30:00-04:00,6.239999771118164,6.239999771118164,6.119999885559082,6.139999866485596,0,0.0,0.0
2022-09-20 10:30:00-04:00,6.179999828338623,6.199999809265137,6.131400108337402,6.131400108337402,2678,0.0,0.0
2022-09-20 12:30:00-04:00,6.28000020980835,6.385799884796143,6.28000020980835,6.300000190734863,871,0.0,0.0
2022-09-20 13:30:00-04:00,6.255000114440918,6.28000020980835,6.25,6.28000020980835,538,0.0,0.0
2022-09-20 14:30:00-04:00,6.300000190734863,6.309999942779541,6.264999866485596,6.300000190734863,7773,0.0,0.0
2022-09-20 15:30:00-04:00,6.320000171661377,6.320000171661377,6.275000095367432,6.284999847412109,5552,0.0,0.0
2022-09-21 09:30:00-04:00,6.260000228881836,6.260000228881836,6.170000076293945,6.170000076293945,339,0.0,0.0
2022-09-21 10:30:00-04:00,6.306600093841553,6.319900035858154,6.28000020980835,6.3024001121521,1253,0.0,0.0
2022-09-21 11:30:00-04:00,6.262700080871582,6.269999980926514,6.239999771118164,6.253300189971924,2350,0.0,0.0
2022-09-21 12:30:00-04:00,6.260000228881836,6.340000152587891,6.230000019073486,6.230000019073486,3993,0.0,0.0
2022-09-21 13:30:00-04:00,6.25,6.269999980926514,6.25,6.269999980926514,1184,0.0,0.0
2022-09-21 14:30:00-04:00,6.264999866485596,6.300000190734863,6.264999866485596,6.294300079345703,2332,0.0,0.0
2022-09-21 15:30:00-04:00,6.25,6.28000020980835,6.25,6.25,3690,0.0,0.0
2022-09-22 09:30:00-04:00,6.2769999504089355,6.2769999504089355,6.21999979019165,6.25,2592,0.0,0.0
2022-09-22 10:30:00-04:00,6.190100193023682,6.25,6.190100193023682,6.239999771118164,4818,0.0,0.0
2022-09-22 11:30:00-04:00,6.239999771118164,6.239999771118164,6.21999979019165,6.235000133514404,2533,0.0,0.0
2022-09-22 12:30:00-04:00,6.235000133514404,6.25,6.230000019073486,6.25,2387,0.0,0.0
2022-09-22 13:30:00-04:00,6.253399848937988,6.28439998626709,6.212699890136719,6.218400001525879,4089,0.0,0.0
2022-09-22 14:30:00-04:00,6.25,6.25,6.25,6.25,4281,0.0,0.0
2022-09-22 15:30:00-04:00,6.239999771118164,6.260000228881836,6.235000133514404,6.260000228881836,2404,0.0,0.0
2022-09-23 09:30:00-04:00,6.184700012207031,6.199999809265137,6.150000095367432,6.150000095367432,5055,0.0,0.0
2022-09-23 10:30:00-04:00,6.199999809265137,6.289999961853027,6.199999809265137,6.275000095367432,6949,0.0,0.0
2022-09-23 11:30:00-04:00,6.275000095367432,6.275000095367432,6.150000095367432,6.25,22983,0.0,0.0
2022-09-23 12:30:00-04:00,6.199999809265137,6.252999782562256,6.199999809265137,6.25,3367,0.0,0.0
2022-09-23 13:30:00-04:00,6.25,6.269999980926514,6.21999979019165,6.263299942016602,8336,0.0,0.0
2022-09-23 14:30:00-04:00,6.261099815368652,6.28000020980835,6.239999771118164,6.255000114440918,3634,0.0,0.0
2022-09-23 15:30:00-04:00,6.25,6.340000152587891,6.25,6.340000152587891,9006,0.0,0.0
2022-09-26 09:30:00-04:00,6.28000020980835,6.460000038146973,6.28000020980835,6.432700157165527,8726,0.0,0.0
2022-09-26 10:30:00-04:00,6.440000057220459,6.445000171661377,6.289999961853027,6.400000095367432,21783,0.0,0.0
2022-09-26 11:30:00-04:00,6.300000190734863,6.300000190734863,6.300000190734863,6.300000190734863,359,0.0,0.0
2022-09-26 12:30:00-04:00,6.335000038146973,6.369999885559082,6.309999942779541,6.331399917602539,16073,0.0,0.0
2022-09-26 13:30:00-04:00,6.324999809265137,6.349999904632568,6.309999942779541,6.335599899291992,10407,0.0,0.0
2022-09-26 14:30:00-04:00,6.342899799346924,6.400000095367432,6.334499835968018,6.400000095367432,5990,0.0,0.0
2022-09-26 15:30:00-04:00,6.360000133514404,6.369999885559082,6.329999923706055,6.360000133514404,3508,0.0,0.0
2022-09-27 09:30:00-04:00,6.360099792480469,6.5,6.360099792480469,6.5,0,0.0,0.0
2022-09-27 10:30:00-04:00,6.579999923706055,6.579999923706055,6.385000228881836,6.452199935913086,7340,0.0,0.0
2022-09-27 11:30:00-04:00,6.454999923706055,6.510000228881836,6.449999809265137,6.479899883270264,9433,0.0,0.0
2022-09-27 12:30:00-04:00,6.480000019073486,6.480000019073486,6.430099964141846,6.445000171661377,7572,0.0,0.0
2022-09-27 13:30:00-04:00,6.449999809265137,6.489999771118164,6.440000057220459,6.489999771118164,6970,0.0,0.0
2022-09-27 14:30:00-04:00,6.480000019073486,6.650000095367432,6.474999904632568,6.603700160980225,4397,0.0,0.0
2022-09-27 15:30:00-04:00,6.650000095367432,6.679999828338623,6.579999923706055,6.610000133514404,0,0.0,0.0
2022-09-28 09:30:00-04:00,6.599999904632568,6.675000190734863,6.5100998878479,6.675000190734863,4804,0.0,0.0
2022-09-28 10:30:00-04:00,6.666200160980225,6.849999904632568,6.650000095367432,6.710000038146973,8047,0.0,0.0
2022-09-28 11:30:00-04:00,6.829999923706055,6.829999923706055,6.78000020980835,6.789999961853027,922,0.0,0.0
2022-09-28 12:30:00-04:00,6.78000020980835,6.829999923706055,6.78000020980835,6.829999923706055,1847,0.0,0.0
2022-09-28 13:30:00-04:00,6.795000076293945,6.795000076293945,6.760000228881836,6.795000076293945,1097,0.0,0.0
2022-09-28 14:30:00-04:00,6.779600143432617,6.849999904632568,6.760000228881836,6.78000020980835,2219,0.0,0.0
2022-09-28 15:30:00-04:00,6.824999809265137,6.909999847412109,6.800099849700928,6.909999847412109,46975,0.0,0.0
2022-09-29 09:30:00-04:00,6.840000152587891,6.880000114440918,6.75,6.880000114440918,2880,0.0,0.0
2022-09-29 10:30:00-04:00,6.760000228881836,6.800000190734863,6.710000038146973,6.715799808502197,8814,0.0,0.0
2022-09-29 11:30:00-04:00,6.724999904632568,6.78000020980835,6.699999809265137,6.699999809265137,16050,0.0,0.0
2022-09-29 12:30:00-04:00,6.699999809265137,6.699999809265137,6.5696001052856445,6.5696001052856445,1111,0.0,0.0
2022-09-29 13:30:00-04:00,6.590000152587891,6.590000152587891,6.5,6.550000190734863,24744,0.0,0.0
2022-09-29 14:30:00-04:00,6.528200149536133,6.528200149536133,6.349999904632568,6.400000095367432,13427,0.0,0.0
2022-09-29 15:30:00-04:00,6.429999828338623,6.440000057220459,6.380000114440918,6.380000114440918,8230,0.0,0.0
2022-09-30 09:30:00-04:00,6.590000152587891,6.590000152587891,6.440000057220459,6.550000190734863,11274,0.0,0.0
2022-09-30 10:30:00-04:00,6.5543999671936035,6.610000133514404,6.5543999671936035,6.610000133514404,2645,0.0,0.0
2022-09-30 11:30:00-04:00,6.550000190734863,6.599999904632568,6.519999980926514,6.590000152587891,2855,0.0,0.0
2022-09-30 12:30:00-04:00,6.550000190734863,6.559999942779541,6.474999904632568,6.559999942779541,13662,0.0,0.0
2022-09-30 13:30:00-04:00,6.539999961853027,6.599999904632568,6.539999961853027,6.579999923706055,1688,0.0,0.0
2022-09-30 14:30:00-04:00,6.590000152587891,6.639999866485596,6.590000152587891,6.639999866485596,3282,0.0,0.0
2022-09-30 15:30:00-04:00,6.775000095367432,6.800000190734863,6.710000038146973,6.730000019073486,8524,0.0,0.0
2022-10-03 09:30:00-04:00,6.849999904632568,6.849999904632568,6.659999847412109,6.670000076293945,6320,0.0,0.0
2022-10-03 10:30:00-04:00,6.679999828338623,6.699999809265137,6.664999961853027,6.689899921417236,2541,0.0,0.0
2022-10-03 11:30:00-04:00,6.6855998039245605,6.6855998039245605,6.369999885559082,6.369999885559082,35866,0.0,0.0
2022-10-03 12:30:00-04:00,6.380000114440918,6.66349983215332,6.369999885559082,6.650000095367432,18743,0.0,0.0
2022-10-03 13:30:00-04:00,6.620999813079834,6.650000095367432,6.619999885559082,6.650000095367432,2557,0.0,0.0
2022-10-03 14:30:00-04:00,6.679999828338623,6.75,6.679999828338623,6.739999771118164,4478,0.0,0.0
2022-10-03 15:30:00-04:00,6.713600158691406,6.713600158691406,6.710000038146973,6.710000038146973,4148,0.0,0.0
2022-10-04 09:30:00-04:00,6.829999923706055,6.894899845123291,6.730000019073486,6.800000190734863,0,0.0,0.0
2022-10-04 10:30:00-04:00,6.800000190734863,6.820000171661377,6.739999771118164,6.804999828338623,4113,0.0,0.0
2022-10-04 11:30:00-04:00,6.804999828338623,6.804999828338623,6.75,6.795000076293945,14331,0.0,0.0
2022-10-04 12:30:00-04:00,6.795000076293945,6.835000038146973,6.75,6.75,7592,0.0,0.0
2022-10-04 13:30:00-04:00,6.809999942779541,6.809999942779541,6.670000076293945,6.75,12748,0.0,0.0
2022-10-04 14:30:00-04:00,6.730000019073486,6.900000095367432,6.71999979019165,6.730000019073486,13882,0.0,0.0
2022-10-04 15:30:00-04:00,6.75,6.775000095367432,6.730000019073486,6.775000095367432,3312,0.0,0.0
2022-10-05 09:30:00-04:00,6.78000020980835,6.920000076293945,6.78000020980835,6.909999847412109,4201,0.0,0.0
2022-10-05 10:30:00-04:00,6.855000019073486,6.855000019073486,6.840000152587891,6.849999904632568,1570,0.0,0.0
2022-10-05 11:30:00-04:00,6.840000152587891,6.840000152587891,6.809999942779541,6.809999942779541,1076,0.0,0.0
2022-10-05 12:30:00-04:00,6.860000133514404,6.860000133514404,6.829999923706055,6.829999923706055,1345,0.0,0.0
2022-10-05 13:30:00-04:00,6.840000152587891,6.880000114440918,6.820000171661377,6.847499847412109,3010,0.0,0.0
2022-10-05 14:30:00-04:00,6.854300022125244,6.854300022125244,6.829999923706055,6.829999923706055,499,0.0,0.0
2022-10-05 15:30:00-04:00,6.849999904632568,6.860000133514404,6.800000190734863,6.800000190734863,3379,0.0,0.0
2022-10-06 09:30:00-04:00,7.0,7.370699882507324,7.0,7.114999771118164,40018,0.0,0.0
2022-10-06 10:30:00-04:00,7.119999885559082,7.150000095367432,7.070000171661377,7.099999904632568,20712,0.0,0.0
2022-10-06 11:30:00-04:00,7.099999904632568,7.099999904632568,7.082399845123291,7.085000038146973,4420,0.0,0.0
2022-10-06 12:30:00-04:00,7.090000152587891,7.28000020980835,7.090000152587891,7.199999809265137,29019,0.0,0.0
2022-10-06 13:30:00-04:00,7.199999809265137,7.24370002746582,7.179999828338623,7.210000038146973,29050,0.0,0.0
2022-10-06 14:30:00-04:00,7.204999923706055,7.389999866485596,7.204999923706055,7.342800140380859,7956,0.0,0.0
2022-10-06 15:30:00-04:00,7.360000133514404,7.360000133514404,7.263999938964844,7.289999961853027,12191,0.0,0.0
2022-10-07 09:30:00-04:00,7.46999979019165,7.729899883270264,7.375999927520752,7.672399997711182,35870,0.0,0.0
2022-10-07 10:30:00-04:00,7.71150016784668,7.715000152587891,7.5858001708984375,7.633299827575684,14074,0.0,0.0
2022-10-07 11:30:00-04:00,7.639999866485596,7.9944000244140625,7.639999866485596,7.690000057220459,39400,0.0,0.0
2022-10-07 12:30:00-04:00,7.704999923706055,7.760000228881836,7.630000114440918,7.6819000244140625,13711,0.0,0.0
2022-10-07 13:30:00-04:00,7.671000003814697,7.789999961853027,7.630000114440918,7.670000076293945,9683,0.0,0.0
2022-10-07 14:30:00-04:00,7.650000095367432,7.760000228881836,7.650000095367432,7.710000038146973,4952,0.0,0.0
2022-10-07 15:30:00-04:00,7.734399795532227,7.769999980926514,7.699999809265137,7.71999979019165,15167,0.0,0.0
2022-10-10 09:30:00-04:00,7.829999923706055,8.05459976196289,7.800000190734863,8.05459976196289,23599,0.0,0.0
2022-10-10 10:30:00-04:00,8.050000190734863,8.184700012207031,8.039999961853027,8.16349983215332,23881,0.0,0.0
2022-10-10 11:30:00-04:00,8.164999961853027,8.210000038146973,8.119999885559082,8.140000343322754,18583,0.0,0.0
2022-10-10 12:30:00-04:00,8.199999809265137,8.239999771118164,8.130000114440918,8.150099754333496,14237,0.0,0.0
2022-10-10 13:30:00-04:00,8.128999710083008,8.149999618530273,8.029999732971191,8.074999809265137,7125,0.0,0.0
2022-10-10 14:30:00-04:00,8.074999809265137,8.149999618530273,8.073599815368652,8.11989974975586,10169,0.0,0.0
2022-10-10 15:30:00-04:00,8.100000381469727,8.149999618530273,8.100000381469727,8.149999618530273,11013,0.0,0.0
2022-10-11 09:30:00-04:00,8.579999923706055,8.579999923706055,8.25,8.579999923706055,41090,0.0,0.0
2022-10-11 10:30:00-04:00,8.579999923706055,8.579999923706055,8.279999732971191,8.279999732971191,23510,0.0,0.0
2022-10-11 11:30:00-04:00,8.293100357055664,8.3100004196167,8.25,8.26990032196045,6572,0.0,0.0
2022-10-11 12:30:00-04:00,8.229999542236328,8.229999542236328,8.119999885559082,8.119999885559082,3888,0.0,0.0
2022-10-11 13:30:00-04:00,8.109999656677246,8.109999656677246,8.0,8.0,27184,0.0,0.0
2022-10-11 14:30:00-04:00,7.989999771118164,7.989999771118164,7.599999904632568,7.635900020599365,17182,0.0,0.0
2022-10-11 15:30:00-04:00,7.599999904632568,7.629899978637695,7.489999771118164,7.566199779510498,10895,0.0,0.0
2022-10-12 09:30:00-04:00,7.5,7.5258002281188965,7.110000133514404,7.135000228881836,11724,0.0,0.0
2022-10-12 10:30:00-04:00,7.110000133514404,7.179999828338623,7.090000152587891,7.130000114440918,17906,0.0,0.0
2022-10-12 11:30:00-04:00,7.144999980926514,7.239999771118164,7.144999980926514,7.199999809265137,12213,0.0,0.0
2022-10-12 12:30:00-04:00,7.159999847412109,7.190000057220459,7.139999866485596,7.154200077056885,5208,0.0,0.0
2022-10-12 14:30:00-04:00,7.1585001945495605,7.300000190734863,7.15500020980835,7.28000020980835,27652,0.0,0.0
2022-10-12 15:30:00-04:00,7.269999980926514,7.309999942779541,7.190000057220459,7.190000057220459,5311,0.0,0.0
2022-10-13 09:30:00-04:00,7.010000228881836,7.599999904632568,6.980000019073486,7.599999904632568,40399,0.0,0.0
2022-10-13 10:30:00-04:00,7.599999904632568,7.880000114440918,7.581399917602539,7.7581000328063965,17948,0.0,0.0
2022-10-13 11:30:00-04:00,7.620800018310547,7.701499938964844,7.610000133514404,7.639900207519531,4801,0.0,0.0
2022-10-13 12:30:00-04:00,7.593999862670898,7.670000076293945,7.590000152587891,7.635000228881836,8669,0.0,0.0
2022-10-13 13:30:00-04:00,7.619999885559082,7.635000228881836,7.599999904632568,7.630000114440918,5735,0.0,0.0
2022-10-13 14:30:00-04:00,7.599999904632568,7.610000133514404,7.449999809265137,7.449999809265137,12842,0.0,0.0
2022-10-13 15:30:00-04:00,7.4415998458862305,7.510000228881836,7.429999828338623,7.46999979019165,6082,0.0,0.0
2022-10-14 09:30:00-04:00,7.5,7.59499979019165,7.190000057220459,7.204999923706055,0,0.0,0.0
2022-10-14 10:30:00-04:00,7.229800224304199,7.420000076293945,7.199999809265137,7.420000076293945,11793,0.0,0.0
2022-10-14 11:30:00-04:00,7.239999771118164,7.239999771118164,7.170000076293945,7.170000076293945,4305,0.0,0.0
2022-10-14 12:30:00-04:00,7.198599815368652,7.320000171661377,7.198599815368652,7.25,5663,0.0,0.0
2022-10-14 13:30:00-04:00,7.25,7.473499774932861,7.25,7.449999809265137,7296,0.0,0.0
2022-10-14 14:30:00-04:00,7.389999866485596,7.389999866485596,7.260000228881836,7.340000152587891,2201,0.0,0.0
2022-10-14 15:30:00-04:00,7.260000228881836,7.309999942779541,7.239999771118164,7.25,2927,0.0,0.0
2022-10-17 09:30:00-04:00,7.679999828338623,7.800000190734863,7.450099945068359,7.492499828338623,18386,0.0,0.0
2022-10-17 10:30:00-04:00,7.5,7.525300025939941,7.420000076293945,7.5,9329,0.0,0.0
2022-10-17 11:30:00-04:00,7.510000228881836,7.510000228881836,7.409999847412109,7.409999847412109,4480,0.0,0.0
2022-10-17 12:30:00-04:00,7.460000038146973,7.46999979019165,7.199999809265137,7.25,17900,0.0,0.0
2022-10-17 13:30:00-04:00,7.319900035858154,7.425000190734863,7.28000020980835,7.389999866485596,21228,0.0,0.0
2022-10-17 14:30:00-04:00,7.409999847412109,7.547699928283691,7.380000114440918,7.547699928283691,9873,0.0,0.0
2022-10-17 15:30:00-04:00,7.539999961853027,7.570000171661377,7.53000020980835,7.570000171661377,2696,0.0,0.0
2022-10-18 09:30:00-04:00,7.46999979019165,7.589900016784668,7.340099811553955,7.340099811553955,32975,0.0,0.0
2022-10-18 10:30:00-04:00,7.340000152587891,7.349999904632568,7.0,7.070000171661377,43828,0.0,0.0
2022-10-18 11:30:00-04:00,7.039999961853027,7.074100017547607,6.880000114440918,6.880000114440918,44992,0.0,0.0
2022-10-18 12:30:00-04:00,6.880000114440918,7.079999923706055,6.879300117492676,7.039999961853027,28541,0.0,0.0
2022-10-18 13:30:00-04:00,7.059999942779541,7.070000171661377,7.020100116729736,7.070000171661377,2100,0.0,0.0
2022-10-18 14:30:00-04:00,7.039999961853027,7.070000171661377,7.034999847412109,7.050000190734863,11153,0.0,0.0
2022-10-18 15:30:00-04:00,7.050000190734863,7.0756001472473145,7.034999847412109,7.057700157165527,8175,0.0,0.0
2022-10-19 09:30:00-04:00,6.949999809265137,7.079999923706055,6.920100212097168,7.079999923706055,6563,0.0,0.0
2022-10-19 10:30:00-04:00,7.033699989318848,7.130000114440918,7.033699989318848,7.130000114440918,4712,0.0,0.0
2022-10-19 11:30:00-04:00,7.137199878692627,7.210000038146973,7.119999885559082,7.199999809265137,18679,0.0,0.0
2022-10-19 12:30:00-04:00,7.191800117492676,7.191800117492676,7.175000190734863,7.179999828338623,3194,0.0,0.0
2022-10-19 13:30:00-04:00,7.171000003814697,7.210000038146973,7.170000076293945,7.210000038146973,5336,0.0,0.0
2022-10-19 14:30:00-04:00,7.215000152587891,7.21999979019165,7.159999847412109,7.170000076293945,4068,0.0,0.0
2022-10-19 15:30:00-04:00,7.210000038146973,7.25,7.1880998611450195,7.224999904632568,6744,0.0,0.0
2022-10-20 09:30:00-04:00,7.28000020980835,7.380000114440918,7.28000020980835,7.35099983215332,7526,0.0,0.0
2022-10-20 10:30:00-04:00,7.300099849700928,7.335000038146973,7.190000057220459,7.269999980926514,25159,0.0,0.0
2022-10-20 11:30:00-04:00,7.21999979019165,7.27400016784668,7.210100173950195,7.2606000900268555,4036,0.0,0.0
2022-10-20 12:30:00-04:00,7.159999847412109,7.190000057220459,7.057799816131592,7.057799816131592,6541,0.0,0.0
2022-10-20 13:30:00-04:00,7.099999904632568,7.099999904632568,7.0,7.03000020980835,2536,0.0,0.0
2022-10-20 14:30:00-04:00,7.000100135803223,7.03000020980835,7.000100135803223,7.03000020980835,909,0.0,0.0
2022-10-20 15:30:00-04:00,7.039999961853027,7.059999942779541,7.010000228881836,7.010000228881836,0,0.0,0.0
2022-10-21 09:30:00-04:00,6.949999809265137,7.190000057220459,6.949999809265137,7.053999900817871,5102,0.0,0.0
2022-10-21 10:30:00-04:00,7.0,7.0,6.940000057220459,6.949999809265137,3812,0.0,0.0
2022-10-21 11:30:00-04:00,6.960000038146973,7.099999904632568,6.960000038146973,7.070000171661377,8405,0.0,0.0
2022-10-21 12:30:00-04:00,7.150000095367432,7.159999847412109,7.148399829864502,7.148399829864502,1980,0.0,0.0
2022-10-21 13:30:00-04:00,7.162499904632568,7.289999961853027,7.162499904632568,7.170000076293945,15105,0.0,0.0
2022-10-21 14:30:00-04:00,7.199999809265137,7.228499889373779,7.179999828338623,7.228499889373779,2395,0.0,0.0
2022-10-21 15:30:00-04:00,7.20359992980957,7.269999980926514,7.200200080871582,7.269999980926514,3972,0.0,0.0
2022-10-24 09:30:00-04:00,7.53000020980835,7.53000020980835,7.159999847412109,7.230000019073486,9938,0.0,0.0
2022-10-24 10:30:00-04:00,7.179999828338623,7.340000152587891,7.179999828338623,7.329999923706055,12112,0.0,0.0
2022-10-24 11:30:00-04:00,7.309999942779541,7.380000114440918,7.25,7.3094000816345215,3135,0.0,0.0
2022-10-24 12:30:00-04:00,7.28000020980835,7.28000020980835,7.21999979019165,7.21999979019165,1525,0.0,0.0
2022-10-24 13:30:00-04:00,7.210000038146973,7.276599884033203,7.119999885559082,7.150000095367432,9127,0.0,0.0
2022-10-24 14:30:00-04:00,7.175000190734863,7.219900131225586,7.119999885559082,7.119999885559082,6897,0.0,0.0
2022-10-24 15:30:00-04:00,7.15500020980835,7.190000057220459,7.110000133514404,7.179999828338623,4969,0.0,0.0
2022-10-25 09:30:00-04:00,7.179999828338623,7.364999771118164,7.150000095367432,7.150000095367432,5260,0.0,0.0
2022-10-25 10:30:00-04:00,7.150000095367432,7.260000228881836,7.150000095367432,7.259099960327148,9849,0.0,0.0
2022-10-25 11:30:00-04:00,7.300000190734863,7.349999904632568,7.230000019073486,7.239999771118164,4113,0.0,0.0
2022-10-25 12:30:00-04:00,7.295000076293945,7.339900016784668,7.199999809265137,7.339900016784668,11593,0.0,0.0
2022-10-25 13:30:00-04:00,7.300000190734863,7.389999866485596,7.300000190734863,7.368899822235107,4339,0.0,0.0
2022-10-25 14:30:00-04:00,7.375,7.449999809265137,7.300000190734863,7.300000190734863,8006,0.0,0.0
2022-10-25 15:30:00-04:00,7.360000133514404,7.369999885559082,7.300000190734863,7.300000190734863,16574,0.0,0.0
2022-10-26 09:30:00-04:00,7.300000190734863,7.429999828338623,7.300000190734863,7.420000076293945,6484,0.0,0.0
2022-10-26 10:30:00-04:00,7.400000095367432,7.4822001457214355,7.400000095367432,7.440000057220459,8273,0.0,0.0
2022-10-26 11:30:00-04:00,7.449999809265137,7.474999904632568,7.400000095367432,7.474999904632568,5933,0.0,0.0
2022-10-26 12:30:00-04:00,7.480000019073486,7.480000019073486,7.400000095367432,7.400000095367432,3292,0.0,0.0
2022-10-26 13:30:00-04:00,7.400000095367432,7.420000076293945,7.3684000968933105,7.400000095367432,8991,0.0,0.0
2022-10-26 14:30:00-04:00,7.389999866485596,7.4141998291015625,7.349999904632568,7.389999866485596,2408,0.0,0.0
2022-10-26 15:30:00-04:00,7.360000133514404,7.379899978637695,7.300000190734863,7.300000190734863,5357,0.0,0.0
2022-10-27 09:30:00-04:00,7.260000228881836,7.335000038146973,7.21999979019165,7.309999942779541,5488,0.0,0.0
2022-10-27 10:30:00-04:00,7.302800178527832,7.369999885559082,7.269999980926514,7.369999885559082,3104,0.0,0.0
2022-10-27 11:30:00-04:00,7.380000114440918,7.380000114440918,7.33050012588501,7.33050012588501,596,0.0,0.0
2022-10-27 12:30:00-04:00,7.364999771118164,7.364999771118164,7.230000019073486,7.309999942779541,11852,0.0,0.0
2022-10-27 13:30:00-04:00,7.320000171661377,7.349899768829346,7.300000190734863,7.300000190734863,3072,0.0,0.0
2022-10-27 14:30:00-04:00,7.329999923706055,7.340000152587891,7.244999885559082,7.340000152587891,5236,0.0,0.0
2022-10-27 15:30:00-04:00,7.360000133514404,7.389999866485596,7.344299793243408,7.389999866485596,4156,0.0,0.0
2022-10-28 09:30:00-04:00,7.429999828338623,7.650000095367432,7.210000038146973,7.559000015258789,14100,0.0,0.0
2022-10-28 10:30:00-04:00,7.534200191497803,7.559999942779541,7.53000020980835,7.5416998863220215,6004,0.0,0.0
2022-10-28 11:30:00-04:00,7.53000020980835,7.534200191497803,7.525000095367432,7.534200191497803,8231,0.0,0.0
2022-10-28 12:30:00-04:00,7.539999961853027,7.639999866485596,7.539999961853027,7.619999885559082,3228,0.0,0.0
2022-10-28 13:30:00-04:00,7.599999904632568,7.635000228881836,7.599999904632568,7.610000133514404,3444,0.0,0.0
2022-10-28 14:30:00-04:00,7.599999904632568,7.630000114440918,7.586999893188477,7.630000114440918,7394,0.0,0.0
2022-10-28 15:30:00-04:00,7.650000095367432,7.690000057220459,7.550000190734863,7.623799800872803,14874,0.0,0.0
2022-10-31 09:30:00-04:00,7.739999771118164,7.739999771118164,7.369999885559082,7.420000076293945,10819,0.0,0.0
2022-10-31 10:30:00-04:00,7.4390997886657715,7.510000228881836,7.4390997886657715,7.474299907684326,7016,0.0,0.0
2022-10-31 11:30:00-04:00,7.53000020980835,7.739999771118164,7.53000020980835,7.739999771118164,7907,0.0,0.0
2022-10-31 12:30:00-04:00,7.760000228881836,7.760000228881836,7.71999979019165,7.75,4592,0.0,0.0
2022-10-31 13:30:00-04:00,7.726900100708008,7.730000019073486,7.610000133514404,7.611000061035156,3543,0.0,0.0
2022-10-31 14:30:00-04:00,7.587600231170654,7.636600017547607,7.539999961853027,7.559999942779541,612,0.0,0.0
2022-10-31 15:30:00-04:00,7.559999942779541,7.659999847412109,7.550000190734863,7.599999904632568,25753,0.0,0.0
2022-11-01 09:30:00-04:00,7.78000020980835,7.78000020980835,7.440000057220459,7.460000038146973,18263,0.0,0.0
2022-11-01 10:30:00-04:00,7.418600082397461,7.519999980926514,7.355000019073486,7.434999942779541,4150,0.0,0.0
2022-11-01 11:30:00-04:00,7.360000133514404,7.444200038909912,7.360000133514404,7.420000076293945,4327,0.0,0.0
2022-11-01 12:30:00-04:00,7.5,7.519999980926514,7.499100208282471,7.499100208282471,2090,0.0,0.0
2022-11-01 13:30:00-04:00,7.538700103759766,7.538700103759766,7.460000038146973,7.52269983291626,2884,0.0,0.0
2022-11-01 14:30:00-04:00,7.489999771118164,7.5,7.460000038146973,7.460000038146973,1614,0.0,0.0
2022-11-01 15:30:00-04:00,7.543900012969971,7.550000190734863,7.460000038146973,7.460000038146973,2509,0.0,0.0
2022-11-02 09:30:00-04:00,7.510000228881836,7.769999980926514,7.480000019073486,7.53000020980835,0,0.0,0.0
2022-11-02 10:30:00-04:00,7.570000171661377,7.729899883270264,7.480000019073486,7.574999809265137,6517,0.0,0.0
2022-11-02 11:30:00-04:00,7.590000152587891,7.684199810028076,7.579999923706055,7.590000152587891,3146,0.0,0.0
2022-11-02 12:30:00-04:00,7.570000171661377,7.570000171661377,7.5,7.513000011444092,2428,0.0,0.0
2022-11-02 13:30:00-04:00,7.707300186157227,7.71999979019165,7.557700157165527,7.710000038146973,13319,0.0,0.0
2022-11-02 14:30:00-04:00,7.690000057220459,7.690000057220459,7.510000228881836,7.513999938964844,10392,0.0,0.0
2022-11-02 15:30:00-04:00,7.543000221252441,7.5640997886657715,7.539999961853027,7.552700042724609,4493,0.0,0.0
2022-11-03 09:30:00-04:00,7.610000133514404,7.732999801635742,7.550000190734863,7.699999809265137,0,0.0,0.0
2022-11-03 10:30:00-04:00,7.679999828338623,7.75,7.610000133514404,7.635000228881836,11657,0.0,0.0
2022-11-03 11:30:00-04:00,7.730000019073486,7.789999961853027,7.639999866485596,7.769999980926514,8095,0.0,0.0
2022-11-03 12:30:00-04:00,7.820000171661377,7.909999847412109,7.800000190734863,7.849999904632568,8642,0.0,0.0
2022-11-03 13:30:00-04:00,7.840000152587891,7.840000152587891,7.614999771118164,7.650000095367432,6003,0.0,0.0
2022-11-03 14:30:00-04:00,7.684999942779541,7.75,7.610000133514404,7.7307000160217285,7221,0.0,0.0
2022-11-03 15:30:00-04:00,7.710000038146973,7.759900093078613,7.670000076293945,7.75,3719,0.0,0.0
2022-11-04 09:30:00-04:00,8.039999961853027,8.039999961853027,7.760000228881836,7.849699974060059,6228,0.0,0.0
2022-11-04 10:30:00-04:00,7.855000019073486,7.940000057220459,7.760000228881836,7.849999904632568,4331,0.0,0.0
2022-11-04 11:30:00-04:00,7.840000152587891,7.929999828338623,7.760000228881836,7.829999923706055,2926,0.0,0.0
2022-11-04 12:30:00-04:00,7.840000152587891,7.840000152587891,7.75,7.78000020980835,4727,0.0,0.0
2022-11-04 13:30:00-04:00,7.784999847412109,7.8429999351501465,7.769999980926514,7.820000171661377,24010,0.0,0.0
2022-11-04 14:30:00-04:00,7.909999847412109,7.954999923706055,7.849999904632568,7.849999904632568,4224,0.0,0.0
2022-11-04 15:30:00-04:00,7.889999866485596,8.0,7.889400005340576,7.96999979019165,16361,0.0,0.0
2022-11-07 09:30:00-05:00,8.100000381469727,8.100000381469727,7.880000114440918,7.945000171661377,14011,0.0,0.0
2022-11-07 10:30:00-05:00,7.949999809265137,8.15999984741211,7.949999809265137,8.15999984741211,12989,0.0,0.0
2022-11-07 11:30:00-05:00,8.184000015258789,8.219900131225586,8.15999984741211,8.219900131225586,9593,0.0,0.0
2022-11-07 12:30:00-05:00,8.229999542236328,8.300000190734863,8.1850004196167,8.231599807739258,10796,0.0,0.0
2022-11-07 13:30:00-05:00,8.260000228881836,8.350000381469727,8.236599922180176,8.3100004196167,9814,0.0,0.0
2022-11-07 14:30:00-05:00,8.329999923706055,8.359999656677246,8.270000457763672,8.289999961853027,7361,0.0,0.0
2022-11-07 15:30:00-05:00,8.3100004196167,8.359999656677246,8.199999809265137,8.229999542236328,0,0.0,0.0
2022-11-08 09:30:00-05:00,8.479999542236328,8.568400382995605,8.236000061035156,8.5,27262,0.0,0.0
2022-11-08 10:30:00-05:00,8.460000038146973,8.460000038146973,8.350000381469727,8.361700057983398,5411,0.0,0.0
2022-11-08 11:30:00-05:00,8.430000305175781,8.5,8.25,8.5,19595,0.0,0.0
2022-11-08 12:30:00-05:00,8.449999809265137,8.489999771118164,8.390000343322754,8.399999618530273,2921,0.0,0.0
2022-11-08 13:30:00-05:00,8.380000114440918,8.470000267028809,8.369999885559082,8.425000190734863,7779,0.0,0.0
2022-11-08 14:30:00-05:00,8.420000076293945,8.420000076293945,8.25,8.278800010681152,11563,0.0,0.0
2022-11-08 15:30:00-05:00,8.36929988861084,8.380000114440918,8.25,8.300000190734863,5270,0.0,0.0
2022-11-09 09:30:00-05:00,8.239999771118164,8.358599662780762,7.860000133514404,7.882599830627441,0,0.0,0.0
2022-11-09 10:30:00-05:00,7.880000114440918,7.999899864196777,7.840000152587891,7.900000095367432,14965,0.0,0.0
2022-11-09 11:30:00-05:00,7.909999847412109,8.010000228881836,7.909999847412109,7.990600109100342,5520,0.0,0.0
2022-11-09 12:30:00-05:00,7.95989990234375,8.03499984741211,7.949999809265137,7.985000133514404,6630,0.0,0.0
2022-11-09 13:30:00-05:00,7.989999771118164,8.0,7.900100231170654,7.940000057220459,7080,0.0,0.0
2022-11-09 14:30:00-05:00,7.906000137329102,7.929999828338623,7.906000137329102,7.920000076293945,3507,0.0,0.0
2022-11-09 15:30:00-05:00,7.940000057220459,7.96999979019165,7.909999847412109,7.960000038146973,5779,0.0,0.0
2022-11-10 09:30:00-05:00,8.579999923706055,8.579999923706055,7.994800090789795,8.024999618530273,15454,0.0,0.0
2022-11-10 10:30:00-05:00,8.149900436401367,8.220000267028809,7.980000019073486,8.0,11559,0.0,0.0
2022-11-10 11:30:00-05:00,8.0,8.140000343322754,8.0,8.09000015258789,2436,0.0,0.0
2022-11-10 12:30:00-05:00,8.149999618530273,8.1899995803833,8.050000190734863,8.050000190734863,4593,0.0,0.0
2022-11-10 13:30:00-05:00,8.068699836730957,8.068699836730957,7.96999979019165,7.989999771118164,15332,0.0,0.0
2022-11-10 14:30:00-05:00,7.994999885559082,8.0,7.989999771118164,7.990300178527832,25884,0.0,0.0
2022-11-10 15:30:00-05:00,7.989999771118164,8.079999923706055,7.989999771118164,8.048800468444824,10537,0.0,0.0
2022-11-11 09:30:00-05:00,8.15999984741211,8.220399856567383,8.089699745178223,8.210800170898438,0,0.0,0.0
2022-11-11 10:30:00-05:00,8.225000381469727,8.225000381469727,8.100000381469727,8.140000343322754,7584,0.0,0.0
2022-11-11 11:30:00-05:00,8.100000381469727,8.140000343322754,8.100000381469727,8.135000228881836,2725,0.0,0.0
2022-11-11 12:30:00-05:00,8.151800155639648,8.419699668884277,8.151800155639648,8.3100004196167,4831,0.0,0.0
2022-11-11 13:30:00-05:00,8.3100004196167,8.350000381469727,8.25,8.350000381469727,4392,0.0,0.0
2022-11-11 14:30:00-05:00,8.345100402832031,8.449999809265137,8.345100402832031,8.350000381469727,8708,0.0,0.0
2022-11-11 15:30:00-05:00,8.335000038146973,8.335000038146973,8.130000114440918,8.188799858093262,20301,0.0,0.0
2022-11-14 09:30:00-05:00,8.149999618530273,8.260000228881836,8.109999656677246,8.142000198364258,0,0.0,0.0
2022-11-14 10:30:00-05:00,8.119999885559082,8.13539981842041,8.100000381469727,8.13539981842041,5386,0.0,0.0
2022-11-14 11:30:00-05:00,8.139900207519531,8.170000076293945,8.100000381469727,8.100000381469727,4551,0.0,0.0
2022-11-14 12:30:00-05:00,8.110400199890137,8.114999771118164,8.099900245666504,8.100000381469727,3084,0.0,0.0
2022-11-14 13:30:00-05:00,8.100000381469727,8.180000305175781,8.09000015258789,8.09000015258789,11112,0.0,0.0
2022-11-14 14:30:00-05:00,8.109999656677246,8.300000190734863,8.109999656677246,8.229999542236328,11033,0.0,0.0
2022-11-14 15:30:00-05:00,8.220000267028809,8.225000381469727,8.09000015258789,8.140000343322754,10993,0.0,0.0
2022-11-15 09:30:00-05:00,6.710000038146973,7.440000057220459,6.659999847412109,6.750100135803223,232502,0.0,0.0
2022-11-15 10:30:00-05:00,6.755000114440918,6.96999979019165,6.755000114440918,6.864999771118164,27119,0.0,0.0
2022-11-15 11:30:00-05:00,6.860000133514404,6.940000057220459,6.75,6.940000057220459,65054,0.0,0.0
2022-11-15 12:30:00-05:00,6.885000228881836,6.885000228881836,6.829999923706055,6.860000133514404,21802,0.0,0.0
2022-11-15 13:30:00-05:00,6.860000133514404,6.929900169372559,6.835000038146973,6.929900169372559,13860,0.0,0.0
2022-11-15 14:30:00-05:00,6.914999961853027,6.980000019073486,6.914999961853027,6.940000057220459,19400,0.0,0.0
2022-11-15 15:30:00-05:00,6.929999828338623,6.980000019073486,6.909999847412109,6.929999828338623,0,0.0,0.0
2022-11-16 09:30:00-05:00,6.820000171661377,6.860000133514404,6.550000190734863,6.585000038146973,68257,0.0,0.0
2022-11-16 10:30:00-05:00,6.619800090789795,6.699999809265137,6.559999942779541,6.590000152587891,77084,0.0,0.0
2022-11-16 11:30:00-05:00,6.585000038146973,6.590000152587891,6.329999923706055,6.340099811553955,49206,0.0,0.0
2022-11-16 12:30:00-05:00,6.34499979019165,6.349999904632568,6.289999961853027,6.315000057220459,30909,0.0,0.0
2022-11-16 13:30:00-05:00,6.329999923706055,6.349999904632568,6.304999828338623,6.329999923706055,32598,0.0,0.0
2022-11-16 14:30:00-05:00,6.340000152587891,6.349999904632568,6.315000057220459,6.335000038146973,13333,0.0,0.0
2022-11-16 15:30:00-05:00,6.335000038146973,6.349999904632568,6.309999942779541,6.320000171661377,26129,0.0,0.0
2022-11-17 09:30:00-05:00,6.300000190734863,6.449999809265137,6.179999828338623,6.289999961853027,67063,0.0,0.0
2022-11-17 10:30:00-05:00,6.260000228881836,6.349999904632568,6.21999979019165,6.21999979019165,34818,0.0,0.0
2022-11-17 11:30:00-05:00,6.210000038146973,6.25,6.190000057220459,6.25,6124,0.0,0.0
2022-11-17 12:30:00-05:00,6.289999961853027,6.289999961853027,6.179999828338623,6.179999828338623,2733,0.0,0.0
2022-11-17 13:30:00-05:00,6.199900150299072,6.269999980926514,6.159999847412109,6.199999809265137,34043,0.0,0.0
2022-11-17 14:30:00-05:00,6.170000076293945,6.170000076293945,6.130000114440918,6.147200107574463,5860,0.0,0.0
2022-11-17 15:30:00-05:00,6.159999847412109,6.199999809265137,6.150000095367432,6.199999809265137,7306,0.0,0.0
2022-11-18 09:30:00-05:00,6.059999942779541,6.1402997970581055,6.050000190734863,6.079999923706055,0,0.0,0.0
2022-11-18 10:30:00-05:00,6.09499979019165,6.099999904632568,6.010000228881836,6.010000228881836,38699,0.0,0.0
2022-11-18 11:30:00-05:00,6.019999980926514,6.019999980926514,5.78000020980835,5.800000190734863,57859,0.0,0.0
2022-11-18 12:30:00-05:00,5.809999942779541,5.869999885559082,5.800000190734863,5.832799911499023,16133,0.0,0.0
2022-11-18 13:30:00-05:00,5.829999923706055,5.829999923706055,5.71999979019165,5.71999979019165,12707,0.0,0.0
2022-11-18 14:30:00-05:00,5.71999979019165,5.809999942779541,5.699999809265137,5.730000019073486,48006,0.0,0.0
2022-11-18 15:30:00-05:00,5.730000019073486,5.769999980926514,5.71999979019165,5.75,10885,0.0,0.0
2022-11-21 09:30:00-05:00,5.75,5.75,5.560100078582764,5.739999771118164,34309,0.0,0.0
2022-11-21 10:30:00-05:00,5.716700077056885,5.989999771118164,5.660099983215332,5.769999980926514,89236,0.0,0.0
2022-11-21 11:30:00-05:00,5.789999961853027,5.869999885559082,5.760000228881836,5.835000038146973,7429,0.0,0.0
2022-11-21 12:30:00-05:00,5.860000133514404,5.860000133514404,5.650000095367432,5.71999979019165,52045,0.0,0.0
2022-11-21 13:30:00-05:00,5.71999979019165,5.71999979019165,5.650000095367432,5.667099952697754,1789,0.0,0.0
2022-11-21 14:30:00-05:00,5.687099933624268,5.690000057220459,5.650000095367432,5.670000076293945,2613,0.0,0.0
2022-11-21 15:30:00-05:00,5.659999847412109,5.659999847412109,5.570000171661377,5.570000171661377,25290,0.0,0.0
2022-11-22 09:30:00-05:00,5.650000095367432,5.739999771118164,5.639999866485596,5.670000076293945,5925,0.0,0.0
2022-11-22 10:30:00-05:00,5.639999866485596,5.639999866485596,5.550000190734863,5.579999923706055,8820,0.0,0.0
2022-11-22 11:30:00-05:00,5.550000190734863,5.599999904632568,5.519999980926514,5.519999980926514,5137,0.0,0.0
2022-11-22 12:30:00-05:00,5.566500186920166,5.566500186920166,5.5040998458862305,5.539899826049805,9096,0.0,0.0
2022-11-22 13:30:00-05:00,5.519999980926514,5.53000020980835,5.5,5.5,4777,0.0,0.0
2022-11-22 14:30:00-05:00,5.53000020980835,5.53000020980835,5.449999809265137,5.5,26027,0.0,0.0
2022-11-22 15:30:00-05:00,5.5,5.550000190734863,5.460000038146973,5.480000019073486,25559,0.0,0.0
2022-11-23 09:30:00-05:00,5.460000038146973,5.525000095367432,5.409999847412109,5.46999979019165,17111,0.0,0.0
2022-11-23 10:30:00-05:00,5.46999979019165,5.5,5.430099964141846,5.499899864196777,18059,0.0,0.0
2022-11-23 11:30:00-05:00,5.460000038146973,5.5,5.460000038146973,5.46999979019165,18294,0.0,0.0
2022-11-23 12:30:00-05:00,5.46999979019165,5.5,5.449999809265137,5.485000133514404,19687,0.0,0.0
2022-11-23 13:30:00-05:00,5.489999771118164,5.5,5.485000133514404,5.5,2485,0.0,0.0
2022-11-23 14:30:00-05:00,5.46999979019165,5.46999979019165,5.409999847412109,5.409999847412109,4499,0.0,0.0
2022-11-23 15:30:00-05:00,5.400100231170654,5.400100231170654,5.320000171661377,5.349999904632568,18374,0.0,0.0
2022-11-25 09:30:00-05:00,5.309999942779541,5.448500156402588,5.25,5.369999885559082,12003,0.0,0.0
2022-11-25 10:30:00-05:00,5.304800033569336,5.360000133514404,5.304800033569336,5.360000133514404,2045,0.0,0.0
2022-11-25 11:30:00-05:00,5.335000038146973,5.3414998054504395,5.309999942779541,5.3414998054504395,731,0.0,0.0
2022-11-28 09:30:00-05:00,5.309999942779541,5.405200004577637,5.265500068664551,5.320000171661377,7830,0.0,0.0
2022-11-28 10:30:00-05:00,5.309000015258789,5.320000171661377,5.28000020980835,5.28000020980835,5203,0.0,0.0
2022-11-28 11:30:00-05:00,5.289999961853027,5.320000171661377,5.275000095367432,5.320000171661377,5019,0.0,0.0
2022-11-28 12:30:00-05:00,5.309999942779541,5.400000095367432,5.284999847412109,5.364999771118164,11978,0.0,0.0
2022-11-28 13:30:00-05:00,5.349999904632568,5.389999866485596,5.304999828338623,5.349999904632568,4983,0.0,0.0
2022-11-28 14:30:00-05:00,5.347599983215332,5.389999866485596,5.34060001373291,5.389999866485596,7011,0.0,0.0
2022-11-28 15:30:00-05:00,5.385700225830078,5.389999866485596,5.340000152587891,5.349999904632568,7244,0.0,0.0
2022-11-29 09:30:00-05:00,5.3649001121521,5.454999923706055,5.3649001121521,5.409999847412109,0,0.0,0.0
2022-11-29 10:30:00-05:00,5.420000076293945,5.454999923706055,5.406000137329102,5.454999923706055,8017,0.0,0.0
2022-11-29 11:30:00-05:00,5.449999809265137,5.489999771118164,5.447199821472168,5.489999771118164,11592,0.0,0.0
2022-11-29 12:30:00-05:00,5.4899001121521,5.525000095367432,5.46999979019165,5.525000095367432,26552,0.0,0.0
2022-11-29 13:30:00-05:00,5.489999771118164,5.53000020980835,5.46999979019165,5.485000133514404,13339,0.0,0.0
2022-11-29 14:30:00-05:00,5.480000019073486,5.537600040435791,5.46999979019165,5.519999980926514,13568,0.0,0.0
2022-11-29 15:30:00-05:00,5.485000133514404,5.5,5.449999809265137,5.460000038146973,7181,0.0,0.0
2022-11-30 09:30:00-05:00,5.590000152587891,5.590000152587891,5.454999923706055,5.454999923706055,0,0.0,0.0
2022-11-30 10:30:00-05:00,5.46999979019165,5.46999979019165,5.44379997253418,5.454999923706055,3073,0.0,0.0
2022-11-30 11:30:00-05:00,5.440000057220459,5.440899848937988,5.409999847412109,5.409999847412109,23423,0.0,0.0
2022-11-30 12:30:00-05:00,5.360000133514404,5.369999885559082,5.310299873352051,5.351799964904785,7357,0.0,0.0
2022-11-30 13:30:00-05:00,5.359899997711182,5.359899997711182,5.309999942779541,5.329999923706055,7472,0.0,0.0
2022-11-30 14:30:00-05:00,5.340000152587891,5.340000152587891,5.174499988555908,5.179999828338623,30337,0.0,0.0
2022-11-30 15:30:00-05:00,5.1869001388549805,5.340000152587891,5.170100212097168,5.309999942779541,37387,0.0,0.0
2022-12-01 09:30:00-05:00,5.210000038146973,5.280399799346924,5.180099964141846,5.25,9766,0.0,0.0
2022-12-01 10:30:00-05:00,5.210000038146973,5.21999979019165,5.150000095367432,5.190000057220459,36189,0.0,0.0
2022-12-01 11:30:00-05:00,5.170000076293945,5.170000076293945,5.150000095367432,5.151500225067139,5525,0.0,0.0
2022-12-01 12:30:00-05:00,5.149799823760986,5.159999847412109,5.135000228881836,5.159999847412109,3466,0.0,0.0
2022-12-01 13:30:00-05:00,5.119999885559082,5.129700183868408,5.050000190734863,5.050000190734863,9891,0.0,0.0
2022-12-01 14:30:00-05:00,5.050000190734863,5.064300060272217,5.014999866485596,5.03000020980835,8457,0.0,0.0
2022-12-01 15:30:00-05:00,5.059999942779541,5.090000152587891,5.03000020980835,5.03000020980835,8823,0.0,0.0
2022-12-02 09:30:00-05:00,5.010000228881836,5.099999904632568,4.985000133514404,4.989999771118164,17851,0.0,0.0
2022-12-02 10:30:00-05:00,5.0,5.019999980926514,4.960000038146973,4.989999771118164,11253,0.0,0.0
2022-12-02 11:30:00-05:00,4.980100154876709,5.019999980926514,4.980100154876709,5.0,3832,0.0,0.0
2022-12-02 12:30:00-05:00,5.019999980926514,5.056700229644775,4.965000152587891,4.965000152587891,12994,0.0,0.0
2022-12-02 13:30:00-05:00,4.949999809265137,5.0,4.9471001625061035,4.960000038146973,1311,0.0,0.0
2022-12-02 14:30:00-05:00,4.978899955749512,4.980000019073486,4.965000152587891,4.96999979019165,810,0.0,0.0
2022-12-02 15:30:00-05:00,4.96999979019165,4.980000019073486,4.909999847412109,4.909999847412109,5655,0.0,0.0
2022-12-05 09:30:00-05:00,4.900000095367432,4.949999809265137,4.900000095367432,4.920000076293945,10303,0.0,0.0
2022-12-05 10:30:00-05:00,4.909999847412109,4.949999809265137,4.889999866485596,4.890399932861328,3723,0.0,0.0
2022-12-05 11:30:00-05:00,4.920000076293945,4.949999809265137,4.920000076293945,4.949999809265137,1595,0.0,0.0
2022-12-05 12:30:00-05:00,4.929999828338623,4.949999809265137,4.920000076293945,4.949999809265137,2652,0.0,0.0
2022-12-05 13:30:00-05:00,4.945000171661377,4.945000171661377,4.880000114440918,4.900000095367432,4885,0.0,0.0
2022-12-05 14:30:00-05:00,4.880000114440918,4.909999847412109,4.869999885559082,4.909999847412109,5409,0.0,0.0
2022-12-05 15:30:00-05:00,4.880000114440918,4.909999847412109,4.880000114440918,4.909999847412109,2578,0.0,0.0
2022-12-06 09:30:00-05:00,4.820000171661377,4.900000095367432,4.809999942779541,4.835000038146973,9311,0.0,0.0
2022-12-06 10:30:00-05:00,4.837100028991699,4.840000152587891,4.809999942779541,4.824999809265137,2984,0.0,0.0
2022-12-06 11:30:00-05:00,4.840000152587891,4.860000133514404,4.840000152587891,4.860000133514404,5141,0.0,0.0
2022-12-06 12:30:00-05:00,4.849999904632568,4.849999904632568,4.820000171661377,4.820000171661377,1370,0.0,0.0
2022-12-06 13:30:00-05:00,4.840000152587891,4.840000152587891,4.824999809265137,4.824999809265137,3072,0.0,0.0
2022-12-06 14:30:00-05:00,4.820000171661377,4.820000171661377,4.800000190734863,4.800000190734863,21858,0.0,0.0
2022-12-06 15:30:00-05:00,4.804999828338623,4.809999942779541,4.800000190734863,4.804999828338623,9030,0.0,0.0
2022-12-07 09:30:00-05:00,4.800000190734863,4.840000152587891,4.789999961853027,4.809999942779541,8105,0.0,0.0
2022-12-07 10:30:00-05:00,4.800000190734863,4.949999809265137,4.800000190734863,4.929999828338623,9142,0.0,0.0
2022-12-07 11:30:00-05:00,4.904600143432617,4.980000019073486,4.904600143432617,4.980000019073486,6185,0.0,0.0
2022-12-07 12:30:00-05:00,4.962100028991699,5.099999904632568,4.940100193023682,4.989999771118164,25567,0.0,0.0
2022-12-07 13:30:00-05:00,4.989699840545654,4.989699840545654,4.929999828338623,4.9421000480651855,2214,0.0,0.0
2022-12-07 14:30:00-05:00,4.960000038146973,4.960000038146973,4.949999809265137,4.949999809265137,1089,0.0,0.0
2022-12-07 15:30:00-05:00,4.96999979019165,5.010000228881836,4.967299938201904,5.0,0,0.0,0.0
2022-12-08 09:30:00-05:00,5.0,5.079999923706055,4.95419979095459,5.079999923706055,9421,0.0,0.0
2022-12-08 10:30:00-05:00,5.066100120544434,5.070000171661377,5.066100120544434,5.070000171661377,1354,0.0,0.0
2022-12-08 11:30:00-05:00,5.0,5.0,5.0,5.0,167,0.0,0.0
2022-12-08 12:30:00-05:00,4.960000038146973,5.0,4.860000133514404,4.900000095367432,8485,0.0,0.0
2022-12-08 13:30:00-05:00,4.875999927520752,5.0,4.849999904632568,4.96999979019165,8857,0.0,0.0
2022-12-08 14:30:00-05:00,4.96999979019165,4.985000133514404,4.889999866485596,4.949999809265137,8998,0.0,0.0
2022-12-08 15:30:00-05:00,4.929999828338623,4.96999979019165,4.920000076293945,4.96999979019165,0,0.0,0.0
2022-12-09 09:30:00-05:00,5.019999980926514,5.067599773406982,4.860099792480469,4.869999885559082,5436,0.0,0.0
2022-12-09 11:30:00-05:00,4.889999866485596,4.889999866485596,4.869999885559082,4.8744001388549805,1192,0.0,0.0
2022-12-09 12:30:00-05:00,4.887599945068359,4.889999866485596,4.872499942779541,4.887400150299072,1399,0.0,0.0
2022-12-09 13:30:00-05:00,4.909999847412109,4.920000076293945,4.909999847412109,4.919899940490723,2049,0.0,0.0
2022-12-09 14:30:00-05:00,4.926400184631348,4.930699825286865,4.909999847412109,4.920000076293945,2856,0.0,0.0
2022-12-09 15:30:00-05:00,4.920000076293945,4.940000057220459,4.870100021362305,4.920000076293945,10764,0.0,0.0
2022-12-12 09:30:00-05:00,4.869999885559082,4.909999847412109,4.869999885559082,4.880000114440918,0,0.0,0.0
2022-12-12 10:30:00-05:00,4.864299774169922,4.889999866485596,4.860000133514404,4.875,14631,0.0,0.0
2022-12-12 11:30:00-05:00,4.860000133514404,4.876500129699707,4.860000133514404,4.860000133514404,681,0.0,0.0
2022-12-12 12:30:00-05:00,4.840000152587891,4.864999771118164,4.835000038146973,4.864999771118164,5479,0.0,0.0
2022-12-12 13:30:00-05:00,4.849999904632568,4.854800224304199,4.820000171661377,4.840000152587891,1340,0.0,0.0
2022-12-12 14:30:00-05:00,4.820000171661377,4.849999904632568,4.809999942779541,4.824999809265137,7729,0.0,0.0
2022-12-12 15:30:00-05:00,4.809999942779541,4.860000133514404,4.809999942779541,4.860000133514404,0,0.0,0.0
2022-12-13 09:30:00-05:00,4.889999866485596,4.889999866485596,4.860000133514404,4.860000133514404,1217,0.0,0.0
2022-12-13 10:30:00-05:00,4.869999885559082,4.900000095367432,4.849999904632568,4.860000133514404,2536,0.0,0.0
2022-12-13 11:30:00-05:00,4.810400009155273,4.849999904632568,4.810100078582764,4.849999904632568,5421,0.0,0.0
2022-12-13 12:30:00-05:00,4.840000152587891,4.900000095367432,4.82390022277832,4.82390022277832,2235,0.0,0.0
2022-12-13 13:30:00-05:00,4.84499979019165,4.84499979019165,4.84499979019165,4.84499979019165,333,0.0,0.0
2022-12-13 14:30:00-05:00,4.849999904632568,4.980000019073486,4.849999904632568,4.980000019073486,20499,0.0,0.0
2022-12-13 15:30:00-05:00,4.980000019073486,4.980000019073486,4.840000152587891,4.840000152587891,6909,0.0,0.0
2022-12-14 09:30:00-05:00,4.809999942779541,4.889999866485596,4.802700042724609,4.889999866485596,5716,0.0,0.0
2022-12-14 10:30:00-05:00,4.886499881744385,4.886499881744385,4.881100177764893,4.881100177764893,600,0.0,0.0
2022-12-14 11:30:00-05:00,4.885000228881836,4.909999847412109,4.885000228881836,4.909999847412109,1743,0.0,0.0
2022-12-14 12:30:00-05:00,4.880000114440918,4.900000095367432,4.833600044250488,4.833600044250488,6156,0.0,0.0
2022-12-14 13:30:00-05:00,4.835000038146973,4.860000133514404,4.789999961853027,4.789999961853027,5426,0.0,0.0
2022-12-14 14:30:00-05:00,4.789999961853027,4.900000095367432,4.760000228881836,4.860000133514404,5382,0.0,0.0
2022-12-14 15:30:00-05:00,4.860000133514404,4.889999866485596,4.840000152587891,4.889999866485596,2669,0.0,0.0
2022-12-15 09:30:00-05:00,4.800000190734863,4.900000095367432,4.800000190734863,4.900000095367432,3896,0.0,0.0
2022-12-15 10:30:00-05:00,4.837299823760986,4.880000114440918,4.820000171661377,4.869999885559082,4086,0.0,0.0
2022-12-15 11:30:00-05:00,4.840000152587891,4.869999885559082,4.809999942779541,4.869999885559082,1782,0.0,0.0
2022-12-15 12:30:00-05:00,4.877299785614014,4.900000095367432,4.800099849700928,4.880000114440918,4197,0.0,0.0
2022-12-15 13:30:00-05:00,4.840000152587891,4.880000114440918,4.800000190734863,4.840000152587891,18162,0.0,0.0
2022-12-15 14:30:00-05:00,4.860000133514404,4.869999885559082,4.769999980926514,4.769999980926514,17479,0.0,0.0
2022-12-15 15:30:00-05:00,4.795000076293945,4.820000171661377,4.760000228881836,4.769999980926514,7795,0.0,0.0
2022-12-16 09:30:00-05:00,4.760000228881836,4.889900207519531,4.760000228881836,4.84499979019165,10728,0.0,0.0
2022-12-16 10:30:00-05:00,4.82450008392334,4.82450008392334,4.710000038146973,4.789999961853027,16377,0.0,0.0
2022-12-16 11:30:00-05:00,4.789999961853027,4.840000152587891,4.71999979019165,4.840000152587891,3351,0.0,0.0
2022-12-16 12:30:00-05:00,4.816699981689453,4.816699981689453,4.769999980926514,4.769999980926514,717,0.0,0.0
2022-12-16 13:30:00-05:00,4.7789998054504395,4.797299861907959,4.769999980926514,4.797299861907959,1977,0.0,0.0
2022-12-16 14:30:00-05:00,4.770199775695801,4.900000095367432,4.768799781799316,4.900000095367432,20029,0.0,0.0
2022-12-16 15:30:00-05:00,4.900000095367432,4.900000095367432,4.840000152587891,4.840000152587891,4151,0.0,0.0
2022-12-19 09:30:00-05:00,4.849999904632568,4.889999866485596,4.809999942779541,4.889999866485596,10068,0.0,0.0
2022-12-19 10:30:00-05:00,4.866000175476074,4.869999885559082,4.820000171661377,4.820000171661377,3274,0.0,0.0
2022-12-19 11:30:00-05:00,4.800000190734863,4.889999866485596,4.800000190734863,4.860000133514404,11078,0.0,0.0
2022-12-19 12:30:00-05:00,4.8572998046875,4.8572998046875,4.820000171661377,4.820000171661377,314,0.0,0.0
2022-12-19 13:30:00-05:00,4.820000171661377,4.880000114440918,4.820000171661377,4.869999885559082,5220,0.0,0.0
2022-12-19 14:30:00-05:00,4.8506999015808105,4.8506999015808105,4.809999942779541,4.820000171661377,1229,0.0,0.0
2022-12-19 15:30:00-05:00,4.815000057220459,4.849999904632568,4.815000057220459,4.849999904632568,0,0.0,0.0
2022-12-20 09:30:00-05:00,4.809999942779541,4.840000152587891,4.800000190734863,4.821800231933594,4762,0.0,0.0
2022-12-20 10:30:00-05:00,4.815000057220459,4.849999904632568,4.810100078582764,4.818600177764893,5988,0.0,0.0
2022-12-20 11:30:00-05:00,4.809999942779541,4.829999923706055,4.784999847412109,4.809999942779541,4750,0.0,0.0
2022-12-20 12:30:00-05:00,4.809999942779541,4.849999904632568,4.800000190734863,4.800000190734863,15943,0.0,0.0
2022-12-20 13:30:00-05:00,4.820000171661377,4.869999885559082,4.760000228881836,4.860000133514404,16375,0.0,0.0
2022-12-20 14:30:00-05:00,4.857500076293945,4.900000095367432,4.809999942779541,4.900000095367432,4876,0.0,0.0
2022-12-20 15:30:00-05:00,4.889999866485596,4.980000019073486,4.889999866485596,4.980000019073486,6248,0.0,0.0
2022-12-21 09:30:00-05:00,4.949999809265137,5.079999923706055,4.920000076293945,5.079999923706055,8807,0.0,0.0
2022-12-21 10:30:00-05:00,5.099899768829346,5.099999904632568,5.000100135803223,5.000100135803223,18786,0.0,0.0
2022-12-21 11:30:00-05:00,4.980000019073486,5.045000076293945,4.980000019073486,5.043300151824951,848,0.0,0.0
2022-12-21 12:30:00-05:00,5.076000213623047,5.076000213623047,5.050000190734863,5.050000190734863,1810,0.0,0.0
2022-12-21 13:30:00-05:00,5.0,5.019999980926514,5.0,5.0,3277,0.0,0.0
2022-12-21 14:30:00-05:00,4.949999809265137,4.96999979019165,4.900000095367432,4.96999979019165,6858,0.0,0.0
2022-12-21 15:30:00-05:00,4.925000190734863,5.079999923706055,4.923799991607666,5.070000171661377,10466,0.0,0.0
2022-12-22 09:30:00-05:00,5.070000171661377,5.070000171661377,5.019999980926514,5.019999980926514,2658,0.0,0.0
2022-12-22 10:30:00-05:00,5.034999847412109,5.065000057220459,5.034999847412109,5.065000057220459,1572,0.0,0.0
2022-12-22 11:30:00-05:00,5.050000190734863,5.059999942779541,5.026199817657471,5.059999942779541,3183,0.0,0.0
2022-12-22 12:30:00-05:00,5.059999942779541,5.099999904632568,5.059999942779541,5.099999904632568,4889,0.0,0.0
2022-12-22 13:30:00-05:00,5.057400226593018,5.099999904632568,5.051700115203857,5.099999904632568,2089,0.0,0.0
2022-12-22 14:30:00-05:00,5.077000141143799,5.139999866485596,5.077000141143799,5.099999904632568,4105,0.0,0.0
2022-12-22 15:30:00-05:00,5.099999904632568,5.139999866485596,5.093800067901611,5.119999885559082,7623,0.0,0.0
2022-12-23 09:30:00-05:00,5.079999923706055,5.489999771118164,5.079999923706055,5.489999771118164,86340,0.0,0.0
2022-12-23 10:30:00-05:00,5.5,5.949999809265137,5.5,5.869999885559082,42435,0.0,0.0
2022-12-23 11:30:00-05:00,5.880000114440918,6.130000114440918,5.820000171661377,5.929999828338623,56824,0.0,0.0
2022-12-23 12:30:00-05:00,5.929999828338623,5.929999828338623,5.78000020980835,5.840000152587891,26930,0.0,0.0
2022-12-23 13:30:00-05:00,5.840000152587891,5.918600082397461,5.78000020980835,5.789999961853027,26000,0.0,0.0
2022-12-23 14:30:00-05:00,5.855000019073486,5.969900131225586,5.849999904632568,5.889999866485596,3572,0.0,0.0
2022-12-23 15:30:00-05:00,5.9197998046875,5.960000038146973,5.870100021362305,5.929999828338623,6931,0.0,0.0
2022-12-27 09:30:00-05:00,5.880000114440918,5.880000114440918,5.360000133514404,5.369999885559082,33665,0.0,0.0
2022-12-27 10:30:00-05:00,5.369999885559082,5.679999828338623,5.369999885559082,5.449999809265137,5425,0.0,0.0
2022-12-27 11:30:00-05:00,5.449999809265137,5.510000228881836,5.260000228881836,5.340000152587891,277567,0.0,0.0
2022-12-27 12:30:00-05:00,5.449999809265137,5.519999980926514,5.425000190734863,5.505000114440918,9783,0.0,0.0
2022-12-27 13:30:00-05:00,5.519999980926514,5.539999961853027,5.514999866485596,5.514999866485596,2393,0.0,0.0
2022-12-27 14:30:00-05:00,5.53000020980835,5.690000057220459,5.498300075531006,5.675600051879883,15190,0.0,0.0
2022-12-27 15:30:00-05:00,5.657199859619141,5.699999809265137,5.619999885559082,5.671000003814697,0,0.0,0.0
2022-12-28 09:30:00-05:00,5.730000019073486,5.730000019073486,5.520500183105469,5.554999828338623,3385,0.0,0.0
2022-12-28 10:30:00-05:00,5.571599960327148,5.630000114440918,5.510000228881836,5.53000020980835,3771,0.0,0.0
2022-12-28 11:30:00-05:00,5.525000095367432,5.525000095367432,5.470099925994873,5.489999771118164,14622,0.0,0.0
2022-12-28 12:30:00-05:00,5.480000019073486,5.5,5.470099925994873,5.489999771118164,4876,0.0,0.0
2022-12-28 13:30:00-05:00,5.489999771118164,5.53000020980835,5.409999847412109,5.420000076293945,19556,0.0,0.0
2022-12-28 14:30:00-05:00,5.420000076293945,5.420000076293945,5.400100231170654,5.40500020980835,5220,0.0,0.0
2022-12-28 15:30:00-05:00,5.409999847412109,5.409999847412109,5.370100021362305,5.409999847412109,6002,0.0,0.0
2022-12-29 09:30:00-05:00,5.320000171661377,5.449999809265137,5.320000171661377,5.449999809265137,0,0.0,0.0
2022-12-29 10:30:00-05:00,5.411799907684326,5.480000019073486,5.400000095367432,5.480000019073486,1944,0.0,0.0
2022-12-29 11:30:00-05:00,5.409999847412109,5.46999979019165,5.400000095367432,5.425000190734863,3481,0.0,0.0
2022-12-29 12:30:00-05:00,5.420000076293945,5.460000038146973,5.349999904632568,5.349999904632568,4605,0.0,0.0
2022-12-29 13:30:00-05:00,5.330399990081787,5.349999904632568,5.330399990081787,5.340000152587891,1408,0.0,0.0
2022-12-29 14:30:00-05:00,5.340000152587891,5.349999904632568,5.230000019073486,5.230000019073486,10031,0.0,0.0
2022-12-29 15:30:00-05:00,5.25,5.25,5.170000076293945,5.170000076293945,13421,0.0,0.0
2022-12-30 09:30:00-05:00,5.119999885559082,5.159999847412109,5.110000133514404,5.110000133514404,8174,0.0,0.0
2022-12-30 10:30:00-05:00,5.139999866485596,5.139999866485596,5.050000190734863,5.079999923706055,7793,0.0,0.0
2022-12-30 11:30:00-05:00,5.079999923706055,5.119999885559082,5.079999923706055,5.079999923706055,6671,0.0,0.0
2022-12-30 12:30:00-05:00,5.079999923706055,5.170000076293945,5.059999942779541,5.139999866485596,14142,0.0,0.0
2022-12-30 13:30:00-05:00,5.170000076293945,5.199999809265137,5.119999885559082,5.170000076293945,2730,0.0,0.0
2022-12-30 14:30:00-05:00,5.150000095367432,5.179999828338623,5.099999904632568,5.179999828338623,5863,0.0,0.0
2022-12-30 15:30:00-05:00,5.170000076293945,5.199999809265137,5.110000133514404,5.179999828338623,5167,0.0,0.0
2023-01-03 09:30:00-05:00,5.159999847412109,5.309999942779541,5.159999847412109,5.28000020980835,3901,0.0,0.0
2023-01-03 10:30:00-05:00,5.179900169372559,5.239999771118164,5.179900169372559,5.239999771118164,3153,0.0,0.0
2023-01-03 11:30:00-05:00,5.179999828338623,5.179999828338623,5.179999828338623,5.179999828338623,1484,0.0,0.0
2023-01-03 12:30:00-05:00,5.159999847412109,5.230000019073486,5.1321001052856445,5.230000019073486,1294,0.0,0.0
2023-01-03 13:30:00-05:00,5.289999961853027,5.360000133514404,5.289999961853027,5.355000019073486,2933,0.0,0.0
2023-01-03 14:30:00-05:00,5.349999904632568,5.349999904632568,5.349999904632568,5.349999904632568,456,0.0,0.0
2023-01-03 15:30:00-05:00,5.289999961853027,5.320000171661377,5.289999961853027,5.320000171661377,837,0.0,0.0
2023-01-04 09:30:00-05:00,5.28000020980835,5.367300033569336,5.28000020980835,5.367300033569336,0,0.0,0.0
2023-01-04 10:30:00-05:00,5.34499979019165,5.384799957275391,5.329999923706055,5.355000019073486,12023,0.0,0.0
2023-01-04 11:30:00-05:00,5.369999885559082,5.374000072479248,5.369999885559082,5.374000072479248,460,0.0,0.0
2023-01-04 12:30:00-05:00,5.379899978637695,5.440000057220459,5.349999904632568,5.440000057220459,5906,0.0,0.0
2023-01-04 13:30:00-05:00,5.440000057220459,5.46999979019165,5.400000095367432,5.400000095367432,2713,0.0,0.0
2023-01-04 14:30:00-05:00,5.369999885559082,5.380000114440918,5.334400177001953,5.380000114440918,5652,0.0,0.0
2023-01-04 15:30:00-05:00,5.364999771118164,5.449999809265137,5.349999904632568,5.440000057220459,5750,0.0,0.0
2023-01-05 09:30:00-05:00,5.409999847412109,5.409999847412109,5.320099830627441,5.320099830627441,0,0.0,0.0
2023-01-05 10:30:00-05:00,5.413899898529053,5.5,5.400000095367432,5.5,6450,0.0,0.0
2023-01-05 11:30:00-05:00,5.5,5.579999923706055,5.5,5.554999828338623,1038,0.0,0.0
2023-01-05 12:30:00-05:00,5.483399868011475,5.550000190734863,5.480000019073486,5.540900230407715,12870,0.0,0.0
2023-01-05 13:30:00-05:00,5.5,5.545000076293945,5.5,5.514400005340576,7081,0.0,0.0
2023-01-05 14:30:00-05:00,5.534999847412109,5.610000133514404,5.534999847412109,5.610000133514404,1433,0.0,0.0
2023-01-05 15:30:00-05:00,5.539999961853027,5.690000057220459,5.539999961853027,5.630000114440918,5412,0.0,0.0
2023-01-06 09:30:00-05:00,5.599999904632568,5.739999771118164,5.5482001304626465,5.670000076293945,0,0.0,0.0
2023-01-06 10:30:00-05:00,5.672500133514404,5.672500133514404,5.629899978637695,5.643899917602539,1006,0.0,0.0
2023-01-06 11:30:00-05:00,5.65500020980835,5.664999961853027,5.65500020980835,5.65500020980835,1436,0.0,0.0
2023-01-06 12:30:00-05:00,5.639999866485596,5.639999866485596,5.510000228881836,5.510000228881836,5679,0.0,0.0
2023-01-06 13:30:00-05:00,5.510000228881836,5.510000228881836,5.460000038146973,5.5,1916,0.0,0.0
2023-01-06 14:30:00-05:00,5.46999979019165,5.5,5.46999979019165,5.5,892,0.0,0.0
2023-01-06 15:30:00-05:00,5.545000076293945,5.565199851989746,5.53000020980835,5.53000020980835,1685,0.0,0.0
2023-01-09 09:30:00-05:00,5.559999942779541,5.639900207519531,5.480000019073486,5.580900192260742,3421,0.0,0.0
2023-01-09 10:30:00-05:00,5.599999904632568,5.639999866485596,5.599999904632568,5.639999866485596,3126,0.0,0.0
2023-01-09 11:30:00-05:00,5.6203999519348145,5.650000095367432,5.6203999519348145,5.644999980926514,839,0.0,0.0
2023-01-09 12:30:00-05:00,5.605000019073486,5.605000019073486,5.600299835205078,5.600299835205078,540,0.0,0.0
2023-01-09 13:30:00-05:00,5.58050012588501,5.605000019073486,5.58050012588501,5.605000019073486,5136,0.0,0.0
2023-01-09 14:30:00-05:00,5.630000114440918,5.635000228881836,5.630000114440918,5.635000228881836,396,0.0,0.0
2023-01-09 15:30:00-05:00,5.635000228881836,5.650000095367432,5.610000133514404,5.650000095367432,0,0.0,0.0
2023-01-10 09:30:00-05:00,5.730000019073486,5.739999771118164,5.650000095367432,5.715000152587891,3886,0.0,0.0
2023-01-10 10:30:00-05:00,5.71999979019165,5.71999979019165,5.670000076293945,5.670000076293945,3676,0.0,0.0
2023-01-10 11:30:00-05:00,5.661399841308594,5.679999828338623,5.650000095367432,5.679999828338623,1274,0.0,0.0
2023-01-10 12:30:00-05:00,5.659999847412109,5.744999885559082,5.659999847412109,5.679999828338623,6684,0.0,0.0
2023-01-10 13:30:00-05:00,5.679999828338623,5.715000152587891,5.679999828338623,5.679999828338623,3535,0.0,0.0
2023-01-10 14:30:00-05:00,5.695799827575684,5.695799827575684,5.670000076293945,5.670000076293945,673,0.0,0.0
2023-01-10 15:30:00-05:00,5.6645002365112305,5.6645002365112305,5.610000133514404,5.610000133514404,0,0.0,0.0
2023-01-11 09:30:00-05:00,5.610000133514404,5.610000133514404,5.610000133514404,5.610000133514404,1122,0.0,0.0
2023-01-11 10:30:00-05:00,5.628799915313721,5.628799915313721,5.562399864196777,5.562399864196777,1684,0.0,0.0
2023-01-11 11:30:00-05:00,5.550000190734863,5.5680999755859375,5.539999961853027,5.554900169372559,2942,0.0,0.0
2023-01-11 12:30:00-05:00,5.536399841308594,5.536399841308594,5.409999847412109,5.409999847412109,3816,0.0,0.0
2023-01-11 13:30:00-05:00,5.409999847412109,5.45989990234375,5.380000114440918,5.409999847412109,6069,0.0,0.0
2023-01-11 14:30:00-05:00,5.369999885559082,5.380000114440918,5.320000171661377,5.329999923706055,3413,0.0,0.0
2023-01-11 15:30:00-05:00,5.320000171661377,5.359899997711182,5.25,5.25,8481,0.0,0.0
2023-01-12 09:30:00-05:00,5.21999979019165,5.329999923706055,5.21999979019165,5.280399799346924,4486,0.0,0.0
2023-01-12 10:30:00-05:00,5.239999771118164,5.269999980926514,5.235000133514404,5.25,6874,0.0,0.0
2023-01-12 12:30:00-05:00,5.323999881744385,5.323999881744385,5.28000020980835,5.28000020980835,2941,0.0,0.0
2023-01-12 13:30:00-05:00,5.28000020980835,5.28000020980835,5.28000020980835,5.28000020980835,601,0.0,0.0
2023-01-12 14:30:00-05:00,5.269999980926514,5.269999980926514,5.269999980926514,5.269999980926514,173,0.0,0.0
2023-01-12 15:30:00-05:00,5.269999980926514,5.289999961853027,5.239999771118164,5.239999771118164,1773,0.0,0.0
2023-01-13 09:30:00-05:00,5.230000019073486,5.25,5.230000019073486,5.230000019073486,0,0.0,0.0
2023-01-13 10:30:00-05:00,5.25,5.25,5.199999809265137,5.199999809265137,3682,0.0,0.0
2023-01-13 11:30:00-05:00,5.179999828338623,5.219900131225586,5.150000095367432,5.199999809265137,84239,0.0,0.0
2023-01-13 12:30:00-05:00,5.199999809265137,5.199999809265137,5.190100193023682,5.195000171661377,3541,0.0,0.0
2023-01-13 13:30:00-05:00,5.199999809265137,5.199999809265137,5.150000095367432,5.170000076293945,8156,0.0,0.0
2023-01-13 14:30:00-05:00,5.159999847412109,5.190000057220459,5.130000114440918,5.15500020980835,15622,0.0,0.0
2023-01-13 15:30:00-05:00,5.139999866485596,5.150899887084961,5.110000133514404,5.110000133514404,3050,0.0,0.0
2023-01-17 09:30:00-05:00,5.059999942779541,5.269100189208984,5.059999942779541,5.170000076293945,11991,0.0,0.0
2023-01-17 10:30:00-05:00,5.139999866485596,5.144999980926514,5.107100009918213,5.119999885559082,1954,0.0,0.0
2023-01-17 11:30:00-05:00,5.130000114440918,5.130000114440918,5.125,5.125,3485,0.0,0.0
2023-01-17 12:30:00-05:00,5.130000114440918,5.130000114440918,5.099999904632568,5.119999885559082,3881,0.0,0.0
2023-01-17 13:30:00-05:00,5.130000114440918,5.130000114440918,5.114999771118164,5.114999771118164,1373,0.0,0.0
2023-01-17 14:30:00-05:00,5.119900226593018,5.139999866485596,5.099999904632568,5.130000114440918,9910,0.0,0.0
2023-01-17 15:30:00-05:00,5.130000114440918,5.130000114440918,5.119999885559082,5.119999885559082,0,0.0,0.0
2023-01-18 09:30:00-05:00,5.199999809265137,5.234499931335449,5.159999847412109,5.190000057220459,8293,0.0,0.0
2023-01-18 10:30:00-05:00,5.189899921417236,5.189899921417236,5.150000095367432,5.164999961853027,26364,0.0,0.0
2023-01-18 11:30:00-05:00,5.164999961853027,5.164999961853027,5.144999980926514,5.144999980926514,2198,0.0,0.0
2023-01-18 12:30:00-05:00,5.144999980926514,5.159999847412109,5.130000114440918,5.130000114440918,505,0.0,0.0
2023-01-18 13:30:00-05:00,5.119999885559082,5.147200107574463,5.119999885559082,5.123600006103516,2225,0.0,0.0
2023-01-18 14:30:00-05:00,5.130000114440918,5.150000095367432,5.130000114440918,5.135000228881836,1162,0.0,0.0
2023-01-18 15:30:00-05:00,5.119999885559082,5.139999866485596,5.119999885559082,5.122700214385986,2521,0.0,0.0
2023-01-19 09:30:00-05:00,5.039999961853027,5.199999809265137,5.039999961853027,5.0995001792907715,2315,0.0,0.0
2023-01-19 10:30:00-05:00,5.099999904632568,5.150700092315674,5.099999904632568,5.119999885559082,2147,0.0,0.0
2023-01-19 11:30:00-05:00,5.130000114440918,5.1855998039245605,5.079999923706055,5.130000114440918,20695,0.0,0.0
2023-01-19 12:30:00-05:00,5.120100021362305,5.159999847412109,5.120100021362305,5.130000114440918,5681,0.0,0.0
2023-01-19 13:30:00-05:00,5.139999866485596,5.190000057220459,5.130000114440918,5.135000228881836,5483,0.0,0.0
2023-01-19 14:30:00-05:00,5.130000114440918,5.135000228881836,5.130000114440918,5.130000114440918,2537,0.0,0.0
2023-01-19 15:30:00-05:00,5.130000114440918,5.130000114440918,5.110000133514404,5.110000133514404,0,0.0,0.0
2023-01-20 09:30:00-05:00,5.059999942779541,5.074900150299072,4.949999809265137,5.054999828338623,7711,0.0,0.0
2023-01-20 10:30:00-05:00,5.079999923706055,5.079999923706055,5.079999923706055,5.079999923706055,142,0.0,0.0
2023-01-20 11:30:00-05:00,5.099999904632568,5.119999885559082,5.0100998878479,5.059999942779541,5856,0.0,0.0
2023-01-20 12:30:00-05:00,5.050000190734863,5.177299976348877,5.039999961853027,5.177299976348877,11128,0.0,0.0
2023-01-20 13:30:00-05:00,5.130000114440918,5.150000095367432,5.070000171661377,5.090000152587891,6350,0.0,0.0
2023-01-20 14:30:00-05:00,5.099999904632568,5.119999885559082,5.050000190734863,5.050000190734863,4425,0.0,0.0
2023-01-20 15:30:00-05:00,5.090000152587891,5.199900150299072,5.010000228881836,5.019999980926514,7048,0.0,0.0
2023-01-23 09:30:00-05:00,5.056000232696533,5.056000232696533,5.056000232696533,5.056000232696533,649,0.0,0.0
2023-01-23 10:30:00-05:00,5.119999885559082,5.25,5.119999885559082,5.16480016708374,3145,0.0,0.0
2023-01-23 11:30:00-05:00,5.179999828338623,5.179999828338623,5.099999904632568,5.099999904632568,7119,0.0,0.0
2023-01-23 12:30:00-05:00,5.130000114440918,5.130000114440918,5.130000114440918,5.130000114440918,228,0.0,0.0
2023-01-23 13:30:00-05:00,5.135000228881836,5.159999847412109,5.135000228881836,5.159999847412109,694,0.0,0.0
2023-01-23 14:30:00-05:00,5.130000114440918,5.151500225067139,5.117300033569336,5.151500225067139,883,0.0,0.0
2023-01-23 15:30:00-05:00,5.170000076293945,5.179999828338623,5.170000076293945,5.179999828338623,429,0.0,0.0
2023-01-24 09:30:00-05:00,5.179999828338623,5.199999809265137,5.070000171661377,5.199999809265137,15780,0.0,0.0
2023-01-24 10:30:00-05:00,5.159999847412109,5.198999881744385,5.159999847412109,5.166500091552734,1283,0.0,0.0
2023-01-24 11:30:00-05:00,5.159999847412109,5.159999847412109,5.159999847412109,5.159999847412109,979,0.0,0.0
2023-01-24 12:30:00-05:00,5.204999923706055,5.204999923706055,5.204999923706055,5.204999923706055,150,0.0,0.0
2023-01-24 13:30:00-05:00,5.170000076293945,5.179999828338623,5.139200210571289,5.179999828338623,2612,0.0,0.0
2023-01-24 14:30:00-05:00,5.239999771118164,5.239999771118164,5.161900043487549,5.199699878692627,1219,0.0,0.0
2023-01-24 15:30:00-05:00,5.110000133514404,5.119999885559082,5.110000133514404,5.110000133514404,0,0.0,0.0
2023-01-25 09:30:00-05:00,5.0,5.159999847412109,5.0,5.159999847412109,3362,0.0,0.0
2023-01-25 12:30:00-05:00,5.170000076293945,5.230000019073486,5.170000076293945,5.190000057220459,7288,0.0,0.0
2023-01-25 13:30:00-05:00,5.190000057220459,5.199999809265137,5.180099964141846,5.180099964141846,521,0.0,0.0
2023-01-25 14:30:00-05:00,5.199999809265137,5.230000019073486,5.1930999755859375,5.230000019073486,539,0.0,0.0
2023-01-25 15:30:00-05:00,5.230000019073486,5.230000019073486,5.179999828338623,5.190000057220459,3068,0.0,0.0
2023-01-26 09:30:00-05:00,5.159999847412109,5.159999847412109,5.159999847412109,5.159999847412109,0,0.0,0.0
2023-01-26 10:30:00-05:00,5.150000095367432,5.150000095367432,5.0903000831604,5.144999980926514,2629,0.0,0.0
2023-01-26 11:30:00-05:00,5.150000095367432,5.150000095367432,5.119999885559082,5.119999885559082,666,0.0,0.0
2023-01-26 12:30:00-05:00,5.130000114440918,5.136099815368652,5.070000171661377,5.074999809265137,3539,0.0,0.0
2023-01-26 13:30:00-05:00,5.074999809265137,5.099999904632568,5.070000171661377,5.079999923706055,467,0.0,0.0
2023-01-26 14:30:00-05:00,5.074999809265137,5.074999809265137,4.909999847412109,4.96999979019165,60652,0.0,0.0
2023-01-26 15:30:00-05:00,4.96999979019165,4.989500045776367,4.960000038146973,4.960000038146973,0,0.0,0.0
2023-01-27 09:30:00-05:00,4.920000076293945,5.050000190734863,4.920000076293945,5.010000228881836,3635,0.0,0.0
2023-01-27 10:30:00-05:00,5.010000228881836,5.010000228881836,4.949999809265137,4.967899799346924,3637,0.0,0.0
2023-01-27 12:30:00-05:00,5.059999942779541,5.070000171661377,5.019999980926514,5.059999942779541,8475,0.0,0.0
2023-01-27 13:30:00-05:00,5.059999942779541,5.059999942779541,5.0,5.010000228881836,5904,0.0,0.0
2023-01-27 14:30:00-05:00,5.010000228881836,5.050000190734863,4.960000038146973,4.980000019073486,9006,0.0,0.0
2023-01-27 15:30:00-05:00,4.989999771118164,5.150000095367432,4.96999979019165,5.099999904632568,6063,0.0,0.0
2023-01-30 09:30:00-05:00,4.920000076293945,5.100100040435791,4.920000076293945,5.070000171661377,5483,0.0,0.0
2023-01-30 10:30:00-05:00,5.069900035858154,5.069900035858154,4.916800022125244,4.94320011138916,9090,0.0,0.0
2023-01-30 11:30:00-05:00,4.920000076293945,4.960000038146973,4.610000133514404,4.830900192260742,48064,0.0,0.0
2023-01-30 12:30:00-05:00,4.755000114440918,4.760000228881836,4.610099792480469,4.65310001373291,22247,0.0,0.0
2023-01-30 13:30:00-05:00,4.65500020980835,4.65500020980835,4.599999904632568,4.599999904632568,6210,0.0,0.0
2023-01-30 14:30:00-05:00,4.599999904632568,4.599999904632568,4.579999923706055,4.579999923706055,6078,0.0,0.0
2023-01-30 15:30:00-05:00,4.550000190734863,4.590000152587891,4.539999961853027,4.539999961853027,12412,0.0,0.0
2023-01-31 09:30:00-05:00,4.510000228881836,4.590000152587891,4.510000228881836,4.565000057220459,28788,0.0,0.0
2023-01-31 10:30:00-05:00,4.565000057220459,4.568299770355225,4.559999942779541,4.565000057220459,2960,0.0,0.0
2023-01-31 11:30:00-05:00,4.561999797821045,4.565000057220459,4.551300048828125,4.551300048828125,4330,0.0,0.0
2023-01-31 12:30:00-05:00,4.559999942779541,4.559999942779541,4.550000190734863,4.559999942779541,13353,0.0,0.0
2023-01-31 13:30:00-05:00,4.550000190734863,4.5746002197265625,4.550000190734863,4.550000190734863,3561,0.0,0.0
2023-01-31 14:30:00-05:00,4.552199840545654,4.639999866485596,4.510000228881836,4.53000020980835,25264,0.0,0.0
2023-01-31 15:30:00-05:00,4.53000020980835,4.619999885559082,4.519999980926514,4.519999980926514,8550,0.0,0.0
2023-02-01 09:30:00-05:00,4.519999980926514,4.59499979019165,4.519999980926514,4.59499979019165,2369,0.0,0.0
2023-02-01 10:30:00-05:00,4.579999923706055,4.579999923706055,4.53849983215332,4.550000190734863,5101,0.0,0.0
2023-02-01 11:30:00-05:00,4.545000076293945,4.545000076293945,4.523799896240234,4.523799896240234,1822,0.0,0.0
2023-02-01 12:30:00-05:00,4.534999847412109,4.545000076293945,4.5,4.539999961853027,20514,0.0,0.0
2023-02-01 13:30:00-05:00,4.539999961853027,4.539999961853027,4.5081000328063965,4.53000020980835,1409,0.0,0.0
2023-02-01 14:30:00-05:00,4.525000095367432,4.550000190734863,4.5,4.5,2667,0.0,0.0
2023-02-01 15:30:00-05:00,4.5,4.519999980926514,4.5,4.5,4682,0.0,0.0
2023-02-02 09:30:00-05:00,4.5,4.699999809265137,4.5,4.6992998123168945,20805,0.0,0.0
2023-02-02 10:30:00-05:00,4.679999828338623,4.730000019073486,4.679999828338623,4.719900131225586,2104,0.0,0.0
2023-02-02 11:30:00-05:00,4.639999866485596,4.699999809265137,4.639999866485596,4.670000076293945,5700,0.0,0.0
2023-02-02 12:30:00-05:00,4.659999847412109,4.664999961853027,4.630000114440918,4.664999961853027,1924,0.0,0.0
2023-02-02 13:30:00-05:00,4.6483001708984375,4.789999961853027,4.599999904632568,4.780099868774414,17177,0.0,0.0
2023-02-02 14:30:00-05:00,4.784999847412109,4.880000114440918,4.78000020980835,4.880000114440918,11890,0.0,0.0
2023-02-02 15:30:00-05:00,4.880000114440918,4.889999866485596,4.798399925231934,4.840000152587891,0,0.0,0.0
2023-02-03 09:30:00-05:00,4.78000020980835,4.829999923706055,4.78000020980835,4.829999923706055,2272,0.0,0.0
2023-02-03 10:30:00-05:00,4.784999847412109,4.820000171661377,4.760000228881836,4.769999980926514,7439,0.0,0.0
2023-02-03 11:30:00-05:00,4.760000228881836,4.769999980926514,4.730100154876709,4.760000228881836,4032,0.0,0.0
2023-02-03 12:30:00-05:00,4.710000038146973,4.71999979019165,4.710000038146973,4.710000038146973,468,0.0,0.0
2023-02-03 13:30:00-05:00,4.710000038146973,4.75,4.659999847412109,4.690000057220459,728,0.0,0.0
2023-02-03 14:30:00-05:00,4.659999847412109,4.659999847412109,4.599999904632568,4.639999866485596,2201,0.0,0.0
2023-02-03 15:30:00-05:00,4.599999904632568,4.631999969482422,4.579999923706055,4.579999923706055,1333,0.0,0.0
2023-02-06 09:30:00-05:00,4.559999942779541,4.570000171661377,4.449999809265137,4.449999809265137,15878,0.0,0.0
2023-02-06 10:30:00-05:00,4.440100193023682,4.449999809265137,4.420000076293945,4.429999828338623,9008,0.0,0.0
2023-02-06 11:30:00-05:00,4.439899921417236,4.439899921417236,4.380199909210205,4.396500110626221,6059,0.0,0.0
2023-02-06 12:30:00-05:00,4.394999980926514,4.409999847412109,4.360099792480469,4.380000114440918,6390,0.0,0.0
2023-02-06 13:30:00-05:00,4.380000114440918,4.414999961853027,4.375899791717529,4.375899791717529,6502,0.0,0.0
2023-02-06 14:30:00-05:00,4.400000095367432,4.400000095367432,4.329999923706055,4.338799953460693,5065,0.0,0.0
2023-02-06 15:30:00-05:00,4.349999904632568,4.400000095367432,4.349999904632568,4.400000095367432,0,0.0,0.0
2023-02-07 09:30:00-05:00,4.449999809265137,4.449999809265137,4.309899806976318,4.309899806976318,12306,0.0,0.0
2023-02-07 10:30:00-05:00,4.355000019073486,4.400000095367432,4.355000019073486,4.400000095367432,4342,0.0,0.0
2023-02-07 11:30:00-05:00,4.349999904632568,4.349999904632568,4.340000152587891,4.340000152587891,1089,0.0,0.0
2023-02-07 12:30:00-05:00,4.340099811553955,4.400000095367432,4.340099811553955,4.375,1271,0.0,0.0
2023-02-07 13:30:00-05:00,4.369999885559082,4.380000114440918,4.340000152587891,4.340000152587891,4989,0.0,0.0
2023-02-07 14:30:00-05:00,4.34499979019165,4.364999771118164,4.331699848175049,4.349999904632568,2037,0.0,0.0
2023-02-07 15:30:00-05:00,4.339799880981445,4.349999904632568,4.309999942779541,4.309999942779541,2651,0.0,0.0
2023-02-08 09:30:00-05:00,4.329999923706055,4.329999923706055,4.253799915313721,4.259799957275391,0,0.0,0.0
2023-02-08 10:30:00-05:00,4.25,4.25,4.199999809265137,4.210000038146973,6938,0.0,0.0
2023-02-08 11:30:00-05:00,4.199999809265137,4.21999979019165,4.199999809265137,4.202199935913086,449,0.0,0.0
2023-02-08 12:30:00-05:00,4.199999809265137,4.204999923706055,4.190100193023682,4.199999809265137,1560,0.0,0.0
2023-02-08 13:30:00-05:00,4.195000171661377,4.195000171661377,4.090000152587891,4.114999771118164,12728,0.0,0.0
2023-02-08 14:30:00-05:00,4.079999923706055,4.090000152587891,4.045000076293945,4.090000152587891,9997,0.0,0.0
2023-02-08 15:30:00-05:00,4.088399887084961,4.110000133514404,4.070000171661377,4.070000171661377,12998,0.0,0.0
2023-02-09 09:30:00-05:00,4.070000171661377,4.074999809265137,4.050000190734863,4.054999828338623,0,0.0,0.0
2023-02-09 10:30:00-05:00,4.059899806976318,4.059899806976318,4.025000095367432,4.025000095367432,1588,0.0,0.0
2023-02-09 11:30:00-05:00,4.025000095367432,4.039999961853027,4.0,4.005000114440918,19181,0.0,0.0
2023-02-09 12:30:00-05:00,4.0,4.0,3.9800000190734863,3.990000009536743,4002,0.0,0.0
2023-02-09 13:30:00-05:00,3.994999885559082,4.0,3.9800000190734863,3.9800000190734863,9803,0.0,0.0
2023-02-09 14:30:00-05:00,3.9800000190734863,3.9800000190734863,3.940000057220459,3.949899911880493,3530,0.0,0.0
2023-02-09 15:30:00-05:00,3.930000066757202,3.9800000190734863,3.92330002784729,3.9600000381469727,2541,0.0,0.0
2023-02-10 09:30:00-05:00,3.950000047683716,3.9600000381469727,3.930000066757202,3.9600000381469727,0,0.0,0.0
2023-02-10 10:30:00-05:00,3.9600000381469727,3.9600000381469727,3.950000047683716,3.950000047683716,420,0.0,0.0
2023-02-10 11:30:00-05:00,3.941999912261963,3.941999912261963,3.930000066757202,3.93149995803833,1652,0.0,0.0
2023-02-10 12:30:00-05:00,3.934999942779541,4.010000228881836,3.930000066757202,4.010000228881836,3844,0.0,0.0
2023-02-10 13:30:00-05:00,4.0,4.0,3.990000009536743,3.990000009536743,1766,0.0,0.0
2023-02-10 14:30:00-05:00,3.990000009536743,3.990000009536743,3.930000066757202,3.950000047683716,4485,0.0,0.0
2023-02-10 15:30:00-05:00,3.9549999237060547,3.9800000190734863,3.950000047683716,3.9800000190734863,4026,0.0,0.0
2023-02-13 09:30:00-05:00,3.9600000381469727,4.005000114440918,3.9400999546051025,3.9546000957489014,0,0.0,0.0
2023-02-13 10:30:00-05:00,3.930000066757202,3.934999942779541,3.930000066757202,3.930000066757202,5292,0.0,0.0
2023-02-13 11:30:00-05:00,3.940000057220459,3.940000057220459,3.9100000858306885,3.9100000858306885,4736,0.0,0.0
2023-02-13 12:30:00-05:00,3.9149999618530273,3.9149999618530273,3.869999885559082,3.880000114440918,17804,0.0,0.0
2023-02-13 13:30:00-05:00,3.880000114440918,3.894399881362915,3.8499999046325684,3.8499999046325684,2888,0.0,0.0
2023-02-13 14:30:00-05:00,3.8299999237060547,3.8299999237060547,3.700000047683716,3.7200000286102295,16673,0.0,0.0
2023-02-13 15:30:00-05:00,3.7149999141693115,3.7300000190734863,3.675299882888794,3.680000066757202,0,0.0,0.0
2023-02-14 09:30:00-05:00,3.6500000953674316,3.890000104904175,3.621999979019165,3.890000104904175,15257,0.0,0.0
2023-02-14 10:30:00-05:00,3.8550000190734863,3.8945000171661377,3.8299999237060547,3.8299999237060547,489,0.0,0.0
2023-02-14 11:30:00-05:00,3.849900007247925,3.859999895095825,3.75,3.859999895095825,1488,0.0,0.0
2023-02-14 12:30:00-05:00,3.8299999237060547,3.880000114440918,3.825000047683716,3.880000114440918,17651,0.0,0.0
2023-02-14 13:30:00-05:00,3.8524999618530273,3.906399965286255,3.8499999046325684,3.8499999046325684,9202,0.0,0.0
2023-02-14 14:30:00-05:00,3.880000114440918,3.9149999618530273,3.859999895095825,3.9149999618530273,934,0.0,0.0
2023-02-14 15:30:00-05:00,3.9100000858306885,3.9298999309539795,3.880000114440918,3.8949999809265137,0,0.0,0.0
2023-02-15 09:30:00-05:00,3.9798998832702637,4.119900226593018,3.9200000762939453,4.03000020980835,14376,0.0,0.0
2023-02-15 10:30:00-05:00,4.034999847412109,4.039999961853027,4.0,4.0,9359,0.0,0.0
2023-02-15 11:30:00-05:00,4.019999980926514,4.029900074005127,3.994999885559082,4.014999866485596,12360,0.0,0.0
2023-02-15 12:30:00-05:00,4.03000020980835,4.039999961853027,4.03000020980835,4.039999961853027,643,0.0,0.0
2023-02-15 13:30:00-05:00,4.03000020980835,4.03000020980835,4.019999980926514,4.019999980926514,787,0.0,0.0
2023-02-15 14:30:00-05:00,4.019999980926514,4.03000020980835,4.001100063323975,4.019999980926514,20728,0.0,0.0
2023-02-15 15:30:00-05:00,4.019999980926514,4.025000095367432,4.010000228881836,4.019999980926514,0,0.0,0.0
2023-02-16 09:30:00-05:00,4.0,4.010000228881836,4.0,4.010000228881836,1541,0.0,0.0
2023-02-16 10:30:00-05:00,4.0,4.010000228881836,3.7750000953674316,3.865000009536743,7742,0.0,0.0
2023-02-16 11:30:00-05:00,3.869999885559082,3.869999885559082,3.7300000190734863,3.7300000190734863,4681,0.0,0.0
2023-02-16 12:30:00-05:00,3.7300000190734863,3.809999942779541,3.7300000190734863,3.7899999618530273,7651,0.0,0.0
2023-02-16 13:30:00-05:00,3.7899999618530273,3.7899999618530273,3.7300000190734863,3.7300000190734863,1322,0.0,0.0
2023-02-16 14:30:00-05:00,3.7300000190734863,3.7578999996185303,3.7300000190734863,3.7300000190734863,2326,0.0,0.0
2023-02-16 15:30:00-05:00,3.7300000190734863,3.759999990463257,3.7300000190734863,3.7300000190734863,6152,0.0,0.0
2023-02-17 09:30:00-05:00,3.8399999141693115,3.8399999141693115,3.6500000953674316,3.680000066757202,22259,0.0,0.0
2023-02-17 10:30:00-05:00,3.6700000762939453,3.7699999809265137,3.6500000953674316,3.6700000762939453,23600,0.0,0.0
2023-02-17 11:30:00-05:00,3.680000066757202,3.7298998832702637,3.640000104904175,3.640000104904175,19670,0.0,0.0
2023-02-17 12:30:00-05:00,3.6600000858306885,3.674999952316284,3.5950000286102295,3.674999952316284,23478,0.0,0.0
2023-02-17 13:30:00-05:00,3.6549999713897705,3.6600000858306885,3.5899999141693115,3.5899999141693115,2730,0.0,0.0
2023-02-17 14:30:00-05:00,3.5999999046325684,3.619999885559082,3.5999999046325684,3.619999885559082,2716,0.0,0.0
2023-02-17 15:30:00-05:00,3.619999885559082,3.619999885559082,3.609999895095825,3.609999895095825,9143,0.0,0.0
2023-02-21 09:30:00-05:00,3.5999999046325684,3.690000057220459,3.5899999141693115,3.5899999141693115,0,0.0,0.0
2023-02-21 10:30:00-05:00,3.5899999141693115,3.5899999141693115,3.5199999809265137,3.5350000858306885,6560,0.0,0.0
2023-02-21 11:30:00-05:00,3.5199999809265137,3.5199999809265137,3.450000047683716,3.460200071334839,8011,0.0,0.0
2023-02-21 12:30:00-05:00,3.450000047683716,3.4700000286102295,3.450000047683716,3.469899892807007,10330,0.0,0.0
2023-02-21 13:30:00-05:00,3.450000047683716,3.5199999809265137,3.450000047683716,3.5199999809265137,5119,0.0,0.0
2023-02-21 14:30:00-05:00,3.509999990463257,3.5299999713897705,3.490000009536743,3.5299999713897705,4218,0.0,0.0
2023-02-21 15:30:00-05:00,3.494999885559082,3.520400047302246,3.450000047683716,3.4800000190734863,8120,0.0,0.0
2023-02-22 09:30:00-05:00,3.450000047683716,3.5450000762939453,3.450000047683716,3.490000009536743,3031,0.0,0.0
2023-02-22 10:30:00-05:00,3.4800000190734863,3.4800000190734863,3.450000047683716,3.450000047683716,708,0.0,0.0
2023-02-22 11:30:00-05:00,3.444999933242798,3.4649999141693115,3.3499999046325684,3.440000057220459,17506,0.0,0.0
2023-02-22 12:30:00-05:00,3.369999885559082,3.4100000858306885,3.359999895095825,3.4100000858306885,4344,0.0,0.0
2023-02-22 13:30:00-05:00,3.390000104904175,3.390000104904175,3.299999952316284,3.305000066757202,9171,0.0,0.0
2023-02-22 14:30:00-05:00,3.3499999046325684,3.359999895095825,3.299999952316284,3.299999952316284,5540,0.0,0.0
2023-02-22 15:30:00-05:00,3.299999952316284,3.319999933242798,3.299999952316284,3.309999942779541,4651,0.0,0.0
2023-02-23 09:30:00-05:00,3.3499999046325684,3.4200000762939453,3.2137999534606934,3.240000009536743,0,0.0,0.0
2023-02-23 10:30:00-05:00,3.2880001068115234,3.2899999618530273,3.259999990463257,3.259999990463257,4147,0.0,0.0
2023-02-23 11:30:00-05:00,3.25,3.259999990463257,3.2249999046325684,3.2300000190734863,1790,0.0,0.0
2023-02-23 12:30:00-05:00,3.2249999046325684,3.2300000190734863,3.2100000381469727,3.2200000286102295,4259,0.0,0.0
2023-02-23 13:30:00-05:00,3.2100000381469727,3.2100000381469727,3.200000047683716,3.2058000564575195,4170,0.0,0.0
2023-02-23 14:30:00-05:00,3.240000009536743,3.240000009536743,3.2100000381469727,3.2100000381469727,2530,0.0,0.0
2023-02-23 15:30:00-05:00,3.2100000381469727,3.4100000858306885,3.2100000381469727,3.319999933242798,0,0.0,0.0
2023-02-24 09:30:00-05:00,3.3290998935699463,3.3290998935699463,3.2699999809265137,3.2699999809265137,6425,0.0,0.0
2023-02-24 10:30:00-05:00,3.3417999744415283,3.3417999744415283,3.2950000762939453,3.2950000762939453,512,0.0,0.0
2023-02-24 11:30:00-05:00,3.3173000812530518,3.3173000812530518,3.2699999809265137,3.2832000255584717,2289,0.0,0.0
2023-02-24 12:30:00-05:00,3.2699999809265137,3.378000020980835,3.2699999809265137,3.378000020980835,10494,0.0,0.0
2023-02-24 13:30:00-05:00,3.4200000762939453,3.4200000762939453,3.319999933242798,3.319999933242798,2360,0.0,0.0
2023-02-24 14:30:00-05:00,3.380000114440918,3.380000114440918,3.319999933242798,3.319999933242798,2939,0.0,0.0
2023-02-24 15:30:00-05:00,3.319999933242798,3.359999895095825,3.319999933242798,3.3550000190734863,5700,0.0,0.0
2023-02-27 09:30:00-05:00,3.440000057220459,3.7100000381469727,3.3949999809265137,3.4700000286102295,15870,0.0,0.0
2023-02-27 10:30:00-05:00,3.4000000953674316,3.4000000953674316,3.3399999141693115,3.3499999046325684,8585,0.0,0.0
2023-02-27 11:30:00-05:00,3.4200000762939453,3.48799991607666,3.3399999141693115,3.4700000286102295,9527,0.0,0.0
2023-02-27 12:30:00-05:00,3.3499999046325684,3.450000047683716,3.3299999237060547,3.380000114440918,3748,0.0,0.0
2023-02-27 13:30:00-05:00,3.430000066757202,3.430000066757202,3.31820011138916,3.3550000190734863,3514,0.0,0.0
2023-02-27 14:30:00-05:00,3.3450000286102295,3.569999933242798,3.3450000286102295,3.4200000762939453,13042,0.0,0.0
2023-02-27 15:30:00-05:00,3.359999895095825,3.490000009536743,3.3450000286102295,3.490000009536743,3742,0.0,0.0
2023-02-28 09:30:00-05:00,3.5199999809265137,3.5399999618530273,3.3350000381469727,3.375,8766,0.0,0.0
2023-02-28 10:30:00-05:00,3.3949999809265137,3.3949999809265137,3.309999942779541,3.3399999141693115,9092,0.0,0.0
2023-02-28 11:30:00-05:00,3.3350000381469727,3.4000000953674316,3.3350000381469727,3.4000000953674316,2664,0.0,0.0
2023-02-28 12:30:00-05:00,3.380000114440918,3.450000047683716,3.3499999046325684,3.4100000858306885,9027,0.0,0.0
2023-02-28 13:30:00-05:00,3.4200000762939453,3.4200000762939453,3.390000104904175,3.390000104904175,7108,0.0,0.0
2023-02-28 14:30:00-05:00,3.369999885559082,3.5708999633789062,3.3450000286102295,3.4200000762939453,11417,0.0,0.0
2023-02-28 15:30:00-05:00,3.4100000858306885,3.416100025177002,3.3399999141693115,3.4000000953674316,5131,0.0,0.0
2023-03-01 09:30:00-05:00,3.319999933242798,3.375,3.25,3.2899999618530273,25959,0.0,0.0
2023-03-01 10:30:00-05:00,3.2699999809265137,3.4000000953674316,3.2699999809265137,3.3499999046325684,4524,0.0,0.0
2023-03-01 11:30:00-05:00,3.3499999046325684,3.444999933242798,3.349900007247925,3.349900007247925,7192,0.0,0.0
2023-03-01 12:30:00-05:00,3.2799999713897705,3.319999933242798,3.2699999809265137,3.319999933242798,5687,0.0,0.0
2023-03-01 13:30:00-05:00,3.319999933242798,3.3399999141693115,3.319999933242798,3.3299999237060547,2542,0.0,0.0
2023-03-01 14:30:00-05:00,3.3299999237060547,3.4200000762939453,3.319999933242798,3.390000104904175,4860,0.0,0.0
2023-03-01 15:30:00-05:00,3.4100000858306885,3.4200000762939453,3.3499999046325684,3.3499999046325684,5888,0.0,0.0
2023-03-02 09:30:00-05:00,3.2699999809265137,3.390000104904175,3.240799903869629,3.3299999237060547,27583,0.0,0.0
2023-03-02 10:30:00-05:00,3.3399999141693115,3.3399999141693115,3.2799999713897705,3.2850000858306885,7601,0.0,0.0
2023-03-02 11:30:00-05:00,3.259999990463257,3.305000066757202,3.259999990463257,3.299999952316284,10405,0.0,0.0
2023-03-02 12:30:00-05:00,3.305000066757202,3.305000066757202,3.2799999713897705,3.2799999713897705,15476,0.0,0.0
2023-03-02 13:30:00-05:00,3.2699999809265137,3.2799999713897705,3.259999990463257,3.2799999713897705,3571,0.0,0.0
2023-03-02 14:30:00-05:00,3.315000057220459,3.315000057220459,3.25,3.259999990463257,4409,0.0,0.0
2023-03-02 15:30:00-05:00,3.265000104904175,3.2883999347686768,3.240000009536743,3.2799999713897705,19099,0.0,0.0
2023-03-03 09:30:00-05:00,3.4200000762939453,3.4200000762939453,3.2950000762939453,3.299999952316284,0,0.0,0.0
2023-03-03 10:30:00-05:00,3.309999942779541,3.309999942779541,3.2200000286102295,3.2200000286102295,4227,0.0,0.0
2023-03-03 11:30:00-05:00,3.2200000286102295,3.2699999809265137,3.2049999237060547,3.25,27987,0.0,0.0
2023-03-03 12:30:00-05:00,3.240000009536743,3.255000114440918,3.234999895095825,3.234999895095825,3306,0.0,0.0
2023-03-03 13:30:00-05:00,3.2300000190734863,3.384999990463257,3.2249999046325684,3.384999990463257,7055,0.0,0.0
2023-03-03 14:30:00-05:00,3.369999885559082,3.369999885559082,3.319999933242798,3.325000047683716,4772,0.0,0.0
2023-03-03 15:30:00-05:00,3.309999942779541,3.3550000190734863,3.309999942779541,3.3299999237060547,3840,0.0,0.0
2023-03-06 09:30:00-05:00,3.359999895095825,3.365000009536743,3.359999895095825,3.365000009536743,0,0.0,0.0
2023-03-06 10:30:00-05:00,3.380000114440918,3.380000114440918,3.2699999809265137,3.2750000953674316,3640,0.0,0.0
2023-03-06 11:30:00-05:00,3.265000104904175,3.305000066757202,3.265000104904175,3.2699999809265137,1222,0.0,0.0
2023-03-06 12:30:00-05:00,3.2799999713897705,3.305000066757202,3.25,3.299999952316284,5529,0.0,0.0
2023-03-06 13:30:00-05:00,3.2799999713897705,3.390000104904175,3.2750000953674316,3.375,8534,0.0,0.0
2023-03-06 14:30:00-05:00,3.359999895095825,3.450000047683716,3.325000047683716,3.434999942779541,54036,0.0,0.0
2023-03-06 15:30:00-05:00,3.450000047683716,3.4600000381469727,3.3499999046325684,3.380000114440918,0,0.0,0.0
2023-03-07 09:30:00-05:00,3.369999885559082,3.369999885559082,3.369999885559082,3.369999885559082,281,0.0,0.0
2023-03-07 10:30:00-05:00,3.3399999141693115,3.3399999141693115,3.3399999141693115,3.3399999141693115,102,0.0,0.0
2023-03-07 11:30:00-05:00,3.319999933242798,3.319999933242798,3.25,3.259999990463257,6338,0.0,0.0
2023-03-07 12:30:00-05:00,3.25,3.25,3.25,3.25,1139,0.0,0.0
2023-03-07 13:30:00-05:00,3.259999990463257,3.2799999713897705,3.25,3.2799999713897705,2726,0.0,0.0
2023-03-07 14:30:00-05:00,3.259999990463257,3.2699999809265137,3.25,3.259999990463257,4871,0.0,0.0
2023-03-07 15:30:00-05:00,3.2799999713897705,3.2799999713897705,3.25,3.2699999809265137,2848,0.0,0.0
2023-03-08 09:30:00-05:00,3.180000066757202,3.309999942779541,3.180000066757202,3.234999895095825,0,0.0,0.0
2023-03-08 10:30:00-05:00,3.259999990463257,3.319999933242798,3.2500998973846436,3.309999942779541,6193,0.0,0.0
2023-03-08 11:30:00-05:00,3.3350000381469727,3.3350000381469727,3.3350000381469727,3.3350000381469727,104,0.0,0.0
2023-03-08 12:30:00-05:00,3.325000047683716,3.325000047683716,3.2551000118255615,3.309999942779541,1518,0.0,0.0
2023-03-08 13:30:00-05:00,3.3499999046325684,3.3733999729156494,3.325000047683716,3.3399999141693115,5176,0.0,0.0
2023-03-08 14:30:00-05:00,3.3399999141693115,3.3499999046325684,3.319999933242798,3.3299999237060547,5160,0.0,0.0
2023-03-08 15:30:00-05:00,3.359999895095825,3.369999885559082,3.3299999237060547,3.3499999046325684,3938,0.0,0.0
2023-03-09 09:30:00-05:00,3.299999952316284,3.315000057220459,3.2209999561309814,3.315000057220459,1501,0.0,0.0
2023-03-09 10:30:00-05:00,3.2300000190734863,3.319999933242798,3.2300000190734863,3.25,2675,0.0,0.0
2023-03-09 11:30:00-05:00,3.25,3.25,3.180000066757202,3.2000999450683594,13079,0.0,0.0
2023-03-09 12:30:00-05:00,3.1700000762939453,3.174999952316284,3.130000114440918,3.130000114440918,3577,0.0,0.0
2023-03-09 13:30:00-05:00,3.180000066757202,3.2899999618530273,3.180000066757202,3.2899999618530273,6361,0.0,0.0
2023-03-09 14:30:00-05:00,3.2799999713897705,3.309999942779541,3.2699999809265137,3.2899999618530273,8402,0.0,0.0
2023-03-09 15:30:00-05:00,3.244999885559082,3.2699999809265137,3.2300000190734863,3.2699999809265137,2970,0.0,0.0
2023-03-10 09:30:00-05:00,3.140000104904175,3.210200071334839,3.0799999237060547,3.0799999237060547,5700,0.0,0.0
2023-03-10 10:30:00-05:00,3.069999933242798,3.0999999046325684,3.049999952316284,3.0999999046325684,2005,0.0,0.0
2023-03-10 11:30:00-05:00,3.140000104904175,3.1500000953674316,3.059999942779541,3.059999942779541,7266,0.0,0.0
2023-03-10 12:30:00-05:00,3.065000057220459,3.0899999141693115,3.065000057220459,3.075000047683716,2358,0.0,0.0
2023-03-10 13:30:00-05:00,3.059999942779541,3.119999885559082,3.049999952316284,3.119999885559082,23517,0.0,0.0
2023-03-10 14:30:00-05:00,3.119999885559082,3.140000104904175,3.0899999141693115,3.109999895095825,2977,0.0,0.0
2023-03-10 15:30:00-05:00,3.0999999046325684,3.1700000762939453,3.0999999046325684,3.1600000858306885,1982,0.0,0.0
2023-03-13 09:30:00-04:00,3.049999952316284,3.1928999423980713,3.030100107192993,3.073699951171875,0,0.0,0.0
2023-03-13 10:30:00-04:00,3.0199999809265137,3.0299999713897705,2.950000047683716,2.950000047683716,16126,0.0,0.0
2023-03-13 11:30:00-04:00,2.950000047683716,3.0999999046325684,2.890000104904175,2.9800000190734863,14424,0.0,0.0
2023-03-13 12:30:00-04:00,3.0,3.0,2.9000000953674316,2.934999942779541,13372,0.0,0.0
2023-03-13 13:30:00-04:00,2.950000047683716,2.9600000381469727,2.944999933242798,2.957900047302246,2976,0.0,0.0
2023-03-13 14:30:00-04:00,2.9700000286102295,2.9788999557495117,2.930000066757202,2.9600000381469727,3517,0.0,0.0
2023-03-13 15:30:00-04:00,2.950000047683716,2.9700000286102295,2.950000047683716,2.9600000381469727,1933,0.0,0.0
2023-03-14 09:30:00-04:00,2.869999885559082,2.9600000381469727,2.869999885559082,2.940000057220459,4186,0.0,0.0
2023-03-14 10:30:00-04:00,2.930000066757202,2.940000057220459,2.8201000690460205,2.8201000690460205,10391,0.0,0.0
2023-03-14 11:30:00-04:00,2.8433001041412354,2.859999895095825,2.7799999713897705,2.7929000854492188,28520,0.0,0.0
2023-03-14 12:30:00-04:00,2.809999942779541,2.8499999046325684,2.7734999656677246,2.8499999046325684,4546,0.0,0.0
2023-03-14 13:30:00-04:00,2.8499999046325684,2.8499999046325684,2.815000057220459,2.8399999141693115,1400,0.0,0.0
2023-03-14 14:30:00-04:00,2.815000057220459,2.815000057220459,2.775899887084961,2.799999952316284,2711,0.0,0.0
2023-03-14 15:30:00-04:00,2.766400098800659,2.7899999618530273,2.7100000381469727,2.7200000286102295,12177,0.0,0.0
2023-03-15 09:30:00-04:00,2.6500000953674316,2.779900074005127,2.6500000953674316,2.779900074005127,749,0.0,0.0
2023-03-15 10:30:00-04:00,2.7100000381469727,2.7100000381469727,2.700000047683716,2.700000047683716,457,0.0,0.0
2023-03-15 11:30:00-04:00,2.6649999618530273,2.6649999618530273,2.634999990463257,2.640000104904175,11165,0.0,0.0
2023-03-15 12:30:00-04:00,2.6500000953674316,2.6500000953674316,2.649899959564209,2.6500000953674316,1120,0.0,0.0
2023-03-15 13:30:00-04:00,2.690000057220459,2.740000009536743,2.6700000762939453,2.6700000762939453,6856,0.0,0.0
2023-03-15 14:30:00-04:00,2.700000047683716,2.700000047683716,2.700000047683716,2.700000047683716,209,0.0,0.0
2023-03-15 15:30:00-04:00,2.7200000286102295,2.7200000286102295,2.690000057220459,2.690000057220459,1857,0.0,0.0
2023-03-16 09:30:00-04:00,2.6700000762939453,2.680000066757202,2.6500000953674316,2.680000066757202,1339,0.0,0.0
2023-03-16 10:30:00-04:00,2.6698999404907227,2.680000066757202,2.657900094985962,2.680000066757202,3350,0.0,0.0
2023-03-16 12:30:00-04:00,2.7200000286102295,2.809999942779541,2.703399896621704,2.7699999809265137,15270,0.0,0.0
2023-03-16 13:30:00-04:00,2.809999942779541,2.809999942779541,2.809999942779541,2.809999942779541,322,0.0,0.0
2023-03-16 14:30:00-04:00,2.809999942779541,2.880000114440918,2.809999942779541,2.880000114440918,4878,0.0,0.0
2023-03-16 15:30:00-04:00,2.9000000953674316,3.0199999809265137,2.8973000049591064,3.0199999809265137,14979,0.0,0.0
2023-03-17 10:30:00-04:00,2.930000066757202,2.9600000381469727,2.79010009765625,2.8299999237060547,34082,0.0,0.0
2023-03-17 11:30:00-04:00,2.819999933242798,2.8499999046325684,2.810699939727783,2.810699939727783,4537,0.0,0.0
2023-03-17 12:30:00-04:00,2.799999952316284,2.799999952316284,2.799999952316284,2.799999952316284,556,0.0,0.0
2023-03-17 13:30:00-04:00,2.8299999237060547,2.9100000858306885,2.819999933242798,2.9100000858306885,7181,0.0,0.0
2023-03-17 14:30:00-04:00,2.8922998905181885,2.9200000762939453,2.8922998905181885,2.9200000762939453,4001,0.0,0.0
2023-03-17 15:30:00-04:00,2.890000104904175,2.8949999809265137,2.890000104904175,2.8949999809265137,432,0.0,0.0
2023-03-20 09:30:00-04:00,2.9000000953674316,2.930299997329712,2.759999990463257,2.7699999809265137,2310,0.0,0.0
2023-03-20 10:30:00-04:00,2.799999952316284,2.799999952316284,2.799999952316284,2.799999952316284,100,0.0,0.0
2023-03-20 11:30:00-04:00,2.7899999618530273,2.7899999618530273,2.7750000953674316,2.7799999713897705,5169,0.0,0.0
2023-03-20 12:30:00-04:00,2.765000104904175,2.7799999713897705,2.7149999141693115,2.744999885559082,48550,0.0,0.0
2023-03-20 13:30:00-04:00,2.75,2.7799999713897705,2.742500066757202,2.7799999713897705,2682,0.0,0.0
2023-03-20 14:30:00-04:00,2.744999885559082,2.7699999809265137,2.740000009536743,2.759999990463257,1339,0.0,0.0
2023-03-20 15:30:00-04:00,2.759999990463257,2.7899999618530273,2.6700000762939453,2.759999990463257,21487,0.0,0.0
2023-03-21 09:30:00-04:00,2.75,2.759000062942505,2.690000057220459,2.7000999450683594,0,0.0,0.0
2023-03-21 10:30:00-04:00,2.7000999450683594,2.75,2.5999999046325684,2.6500000953674316,45537,0.0,0.0
2023-03-21 11:30:00-04:00,2.6500000953674316,2.7100000381469727,2.619999885559082,2.6600000858306885,11235,0.0,0.0
2023-03-21 12:30:00-04:00,2.690000057220459,2.690000057220459,2.640000104904175,2.6500000953674316,2429,0.0,0.0
2023-03-21 13:30:00-04:00,2.6500000953674316,2.7200000286102295,2.6500000953674316,2.690000057220459,9233,0.0,0.0
2023-03-21 14:30:00-04:00,2.680000066757202,2.7200000286102295,2.640000104904175,2.700000047683716,7270,0.0,0.0
2023-03-21 15:30:00-04:00,2.7100000381469727,2.7100000381469727,2.6500000953674316,2.6500000953674316,10757,0.0,0.0
2023-03-22 09:30:00-04:00,2.6500000953674316,2.740000009536743,2.6500000953674316,2.656899929046631,6429,0.0,0.0
2023-03-22 10:30:00-04:00,2.6500000953674316,2.6800999641418457,2.6500000953674316,2.6500000953674316,15007,0.0,0.0
2023-03-22 11:30:00-04:00,2.6600000858306885,2.670099973678589,2.651700019836426,2.670099973678589,12840,0.0,0.0
2023-03-22 12:30:00-04:00,2.680000066757202,2.680000066757202,2.680000066757202,2.680000066757202,441,0.0,0.0
2023-03-22 13:30:00-04:00,2.680000066757202,2.680000066757202,2.680000066757202,2.680000066757202,120,0.0,0.0
2023-03-22 14:30:00-04:00,2.7799999713897705,2.7799999713897705,2.7699999809265137,2.7699999809265137,440,0.0,0.0
2023-03-22 15:30:00-04:00,2.7325000762939453,2.7699999809265137,2.6500000953674316,2.6700000762939453,0,0.0,0.0
2023-03-23 09:30:00-04:00,3.25,3.430000066757202,2.9700000286102295,3.2799999713897705,133333,0.0,0.0
2023-03-23 10:30:00-04:00,3.305000066757202,3.4800000190734863,3.259999990463257,3.444999933242798,59910,0.0,0.0
2023-03-23 11:30:00-04:00,3.5299999713897705,3.5899999141693115,3.3499999046325684,3.430000066757202,42090,0.0,0.0
2023-03-23 12:30:00-04:00,3.390000104904175,3.5999999046325684,3.390000104904175,3.5299999713897705,43144,0.0,0.0
2023-03-23 13:30:00-04:00,3.528899908065796,3.5999999046325684,3.4700000286102295,3.5,58036,0.0,0.0
2023-03-23 14:30:00-04:00,3.509999990463257,3.5599000453948975,3.470099925994873,3.5199999809265137,31617,0.0,0.0
2023-03-23 15:30:00-04:00,3.490000009536743,3.497299909591675,3.450000047683716,3.4800000190734863,26639,0.0,0.0
2023-03-24 09:30:00-04:00,3.6500000953674316,3.690000057220459,3.6500000953674316,3.674999952316284,37052,0.0,0.0
2023-03-24 10:30:00-04:00,3.6600000858306885,3.680000066757202,3.6600000858306885,3.6700000762939453,7444,0.0,0.0
2023-03-24 11:30:00-04:00,3.650099992752075,3.6700000762939453,3.640000104904175,3.640000104904175,23774,0.0,0.0
2023-03-24 12:30:00-04:00,3.615000009536743,3.6298999786376953,3.5999999046325684,3.6001999378204346,13855,0.0,0.0
2023-03-24 13:30:00-04:00,3.609999895095825,3.6500000953674316,3.6050000190734863,3.619999885559082,7837,0.0,0.0
2023-03-24 14:30:00-04:00,3.6075000762939453,3.630000114440918,3.5999999046325684,3.5999999046325684,7011,0.0,0.0
2023-03-24 15:30:00-04:00,3.5999999046325684,3.6050000190734863,3.569999933242798,3.569999933242798,8868,0.0,0.0
2023-03-27 09:30:00-04:00,3.5199999809265137,3.551500082015991,3.4200000762939453,3.4874000549316406,27587,0.0,0.0
2023-03-27 10:30:00-04:00,3.486799955368042,3.5527000427246094,3.486799955368042,3.5527000427246094,5981,0.0,0.0
2023-03-27 11:30:00-04:00,3.5799999237060547,3.75,3.5399999618530273,3.744999885559082,21007,0.0,0.0
2023-03-27 12:30:00-04:00,3.7462000846862793,3.9200000762939453,3.7462000846862793,3.9000000953674316,36852,0.0,0.0
2023-03-27 13:30:00-04:00,3.9000000953674316,3.9100000858306885,3.859999895095825,3.8949999809265137,7424,0.0,0.0
2023-03-27 14:30:00-04:00,3.8845999240875244,3.8845999240875244,3.7671000957489014,3.859999895095825,18228,0.0,0.0
2023-03-27 15:30:00-04:00,3.859999895095825,3.869999885559082,3.8499999046325684,3.8499999046325684,23102,0.0,0.0
2023-03-28 09:30:00-04:00,3.8399999141693115,3.8399999141693115,3.3399999141693115,3.509999990463257,159993,0.0,0.0
2023-03-28 10:30:00-04:00,3.4800000190734863,3.5199999809265137,3.4800000190734863,3.5199999809265137,785,0.0,0.0
2023-03-28 11:30:00-04:00,3.5199999809265137,3.5399999618530273,3.5174999237060547,3.53410005569458,6816,0.0,0.0
2023-03-28 12:30:00-04:00,3.5250000953674316,3.5250000953674316,3.509999990463257,3.5199999809265137,3178,0.0,0.0
2023-03-28 13:30:00-04:00,3.509999990463257,3.509999990463257,3.390000104904175,3.4000000953674316,44308,0.0,0.0
2023-03-28 14:30:00-04:00,3.4000000953674316,3.409899950027466,3.3499999046325684,3.369999885559082,9547,0.0,0.0
2023-03-28 15:30:00-04:00,3.3499999046325684,3.369999885559082,3.3399999141693115,3.3499999046325684,14953,0.0,0.0
2023-03-29 09:30:00-04:00,3.3299999237060547,3.509999990463257,3.3299999237060547,3.484999895095825,16529,0.0,0.0
2023-03-29 10:30:00-04:00,3.494999885559082,3.5009000301361084,3.450000047683716,3.450200080871582,1947,0.0,0.0
2023-03-29 11:30:00-04:00,3.450000047683716,3.4600000381469727,3.450000047683716,3.450000047683716,3116,0.0,0.0
2023-03-29 12:30:00-04:00,3.450000047683716,3.559999942779541,3.450000047683716,3.559999942779541,16412,0.0,0.0
2023-03-29 13:30:00-04:00,3.559999942779541,3.5899999141693115,3.531599998474121,3.5445001125335693,4897,0.0,0.0
2023-03-29 15:30:00-04:00,3.5450000762939453,3.549999952316284,3.5399999618530273,3.549999952316284,2228,0.0,0.0
2023-03-30 09:30:00-04:00,3.440000057220459,3.4700000286102295,3.4000000953674316,3.4700000286102295,4022,0.0,0.0
2023-03-30 10:30:00-04:00,3.4700000286102295,3.4700000286102295,3.450000047683716,3.450000047683716,2587,0.0,0.0
2023-03-30 11:30:00-04:00,3.450000047683716,3.450000047683716,3.430000066757202,3.430000066757202,2301,0.0,0.0
2023-03-30 12:30:00-04:00,3.430000066757202,3.450000047683716,3.430000066757202,3.450000047683716,5907,0.0,0.0
2023-03-30 13:30:00-04:00,3.430000066757202,3.450000047683716,3.430000066757202,3.430500030517578,3425,0.0,0.0
2023-03-30 14:30:00-04:00,3.430000066757202,3.440000057220459,3.430000066757202,3.430000066757202,3076,0.0,0.0
2023-03-30 15:30:00-04:00,3.430000066757202,3.4800000190734863,3.430000066757202,3.4800000190734863,5539,0.0,0.0
2023-03-31 09:30:00-04:00,3.5299999713897705,3.5801000595092773,3.5199999809265137,3.5801000595092773,0,0.0,0.0
2023-03-31 10:30:00-04:00,3.5952000617980957,3.630000114440918,3.440000057220459,3.440000057220459,3964,0.0,0.0
2023-03-31 11:30:00-04:00,3.4300999641418457,3.4800000190734863,3.4300999641418457,3.4800000190734863,801,0.0,0.0
2023-03-31 12:30:00-04:00,3.48009991645813,3.5,3.4700000286102295,3.5,1414,0.0,0.0
2023-03-31 13:30:00-04:00,3.490000009536743,3.490000009536743,3.4700000286102295,3.4700000286102295,2107,0.0,0.0
2023-03-31 14:30:00-04:00,3.4700000286102295,3.490000009536743,3.4700000286102295,3.4700000286102295,3368,0.0,0.0
2023-03-31 15:30:00-04:00,3.4800000190734863,3.5199999809265137,3.4749999046325684,3.5199999809265137,8949,0.0,0.0
2023-04-03 09:30:00-04:00,3.4200000762939453,3.5199999809265137,3.4200000762939453,3.5199999809265137,0,0.0,0.0
2023-04-03 10:30:00-04:00,3.509999990463257,3.509999990463257,3.3399999141693115,3.3399999141693115,11932,0.0,0.0
2023-04-03 11:30:00-04:00,3.359999895095825,3.359999895095825,3.3499999046325684,3.3499999046325684,729,0.0,0.0
2023-04-03 12:30:00-04:00,3.3399999141693115,3.369999885559082,3.3399999141693115,3.359999895095825,6721,0.0,0.0
2023-04-03 13:30:00-04:00,3.3499999046325684,3.369999885559082,3.3399999141693115,3.3399999141693115,5576,0.0,0.0
2023-04-03 14:30:00-04:00,3.3499999046325684,3.369999885559082,3.3399999141693115,3.3399999141693115,1362,0.0,0.0
2023-04-03 15:30:00-04:00,3.3399999141693115,3.359999895095825,3.3399999141693115,3.359999895095825,1048,0.0,0.0
2023-04-04 09:30:00-04:00,3.3299999237060547,3.3299999237060547,3.2899999618530273,3.2899999618530273,0,0.0,0.0
2023-04-04 10:30:00-04:00,3.25,3.2799999713897705,3.25,3.2699999809265137,8765,0.0,0.0
2023-04-04 11:30:00-04:00,3.253999948501587,3.2699999809265137,3.25,3.2699999809265137,1600,0.0,0.0
2023-04-04 12:30:00-04:00,3.259999990463257,3.2699999809265137,3.25,3.25,4234,0.0,0.0
2023-04-04 13:30:00-04:00,3.240000009536743,3.240000009536743,3.2200000286102295,3.2200000286102295,2996,0.0,0.0
2023-04-04 14:30:00-04:00,3.2200000286102295,3.237799882888794,3.1881000995635986,3.1881000995635986,2029,0.0,0.0
2023-04-04 15:30:00-04:00,3.1700000762939453,3.2699999809265137,3.1700000762939453,3.2699999809265137,11135,0.0,0.0
2023-04-05 09:30:00-04:00,3.2300000190734863,3.2300000190734863,3.059999942779541,3.079900026321411,0,0.0,0.0
2023-04-05 10:30:00-04:00,3.0624001026153564,3.0799999237060547,3.059999942779541,3.059999942779541,10074,0.0,0.0
2023-04-05 11:30:00-04:00,3.059999942779541,3.069999933242798,3.059999942779541,3.059999942779541,20490,0.0,0.0
2023-04-05 12:30:00-04:00,3.059999942779541,3.0766000747680664,3.059999942779541,3.059999942779541,23605,0.0,0.0
2023-04-05 13:30:00-04:00,3.059999942779541,3.079900026321411,3.059999942779541,3.069999933242798,2267,0.0,0.0
2023-04-05 14:30:00-04:00,3.069999933242798,3.069999933242798,3.059999942779541,3.059999942779541,1937,0.0,0.0
2023-04-05 15:30:00-04:00,3.065000057220459,3.069999933242798,3.009999990463257,3.069999933242798,19992,0.0,0.0
2023-04-06 09:30:00-04:00,2.9600000381469727,2.9600000381469727,2.9600000381469727,2.9600000381469727,813,0.0,0.0
2023-04-06 10:30:00-04:00,2.940000057220459,3.0,2.940000057220459,3.0,21070,0.0,0.0
2023-04-06 11:30:00-04:00,2.9700000286102295,3.0,2.9700000286102295,2.970099925994873,12663,0.0,0.0
2023-04-06 12:30:00-04:00,2.9700000286102295,2.987299919128418,2.9700000286102295,2.9700000286102295,9139,0.0,0.0
2023-04-06 13:30:00-04:00,2.9700000286102295,2.9700000286102295,2.9700000286102295,2.9700000286102295,989,0.0,0.0
2023-04-06 14:30:00-04:00,2.979300022125244,2.990000009536743,2.9700000286102295,2.9800000190734863,3045,0.0,0.0
2023-04-06 15:30:00-04:00,2.9700000286102295,2.990000009536743,2.9700000286102295,2.9700000286102295,1164,0.0,0.0
2023-04-10 09:30:00-04:00,2.930000066757202,2.9700000286102295,2.930000066757202,2.9344000816345215,3319,0.0,0.0
2023-04-10 11:30:00-04:00,2.9700000286102295,2.9700000286102295,2.950000047683716,2.950000047683716,4349,0.0,0.0
2023-04-10 12:30:00-04:00,2.9319000244140625,2.9319000244140625,2.9319000244140625,2.9319000244140625,276,0.0,0.0
2023-04-10 13:30:00-04:00,2.930000066757202,2.930000066757202,2.930000066757202,2.930000066757202,190,0.0,0.0
2023-04-10 14:30:00-04:00,2.931999921798706,2.9800000190734863,2.930000066757202,2.9600000381469727,3672,0.0,0.0
2023-04-10 15:30:00-04:00,2.9899001121520996,3.0,2.9800000190734863,2.9800000190734863,3704,0.0,0.0
2023-04-11 09:30:00-04:00,3.0,3.1500000953674316,2.9426000118255615,3.0,0,0.0,0.0
2023-04-11 10:30:00-04:00,3.0,3.0999999046325684,2.9800000190734863,3.0999999046325684,17739,0.0,0.0
2023-04-11 11:30:00-04:00,3.059999942779541,3.069999933242798,3.0,3.0,407,0.0,0.0
2023-04-11 12:30:00-04:00,3.0299999713897705,3.069999933242798,3.0299999713897705,3.0299999713897705,9718,0.0,0.0
2023-04-11 13:30:00-04:00,3.0499000549316406,3.049999952316284,3.0299999713897705,3.049999952316284,1424,0.0,0.0
2023-04-11 14:30:00-04:00,3.0399999618530273,3.0399999618530273,3.0299999713897705,3.0299999713897705,200,0.0,0.0
2023-04-11 15:30:00-04:00,3.0299999713897705,3.069999933242798,3.0299999713897705,3.069999933242798,4932,0.0,0.0
2023-04-12 09:30:00-04:00,3.009999990463257,3.1675000190734863,3.009999990463257,3.069999933242798,3151,0.0,0.0
2023-04-12 10:30:00-04:00,3.140000104904175,3.1500000953674316,3.059999942779541,3.0899999141693115,3776,0.0,0.0
2023-04-12 11:30:00-04:00,3.0255000591278076,3.0899999141693115,3.0255000591278076,3.0899999141693115,3886,0.0,0.0
2023-04-12 14:30:00-04:00,3.134999990463257,3.134999990463257,3.134999990463257,3.134999990463257,246,0.0,0.0
2023-04-12 15:30:00-04:00,3.0999999046325684,3.119999885559082,3.0799999237060547,3.1050000190734863,1948,0.0,0.0
2023-04-13 10:30:00-04:00,3.083899974822998,3.0899999141693115,3.083899974822998,3.0899999141693115,900,0.0,0.0
2023-04-13 11:30:00-04:00,3.115000009536743,3.180000066757202,3.115000009536743,3.180000066757202,570,0.0,0.0
2023-04-13 12:30:00-04:00,3.109999895095825,3.1500000953674316,3.109999895095825,3.1500000953674316,293,0.0,0.0
2023-04-13 13:30:00-04:00,3.1700000762939453,3.180000066757202,3.1700000762939453,3.180000066757202,577,0.0,0.0
2023-04-13 14:30:00-04:00,3.159600019454956,3.1700000762939453,3.109999895095825,3.115000009536743,1627,0.0,0.0
2023-04-13 15:30:00-04:00,3.0899999141693115,3.0999999046325684,3.0799999237060547,3.0999999046325684,2546,0.0,0.0
2023-04-14 09:30:00-04:00,3.009999990463257,3.0599000453948975,3.009999990463257,3.0599000453948975,3413,0.0,0.0
2023-04-14 10:30:00-04:00,3.059999942779541,3.059999942779541,3.0199999809265137,3.049999952316284,3091,0.0,0.0
2023-04-14 11:30:00-04:00,3.059999942779541,3.0999999046325684,3.059999942779541,3.059999942779541,3269,0.0,0.0
2023-04-14 12:30:00-04:00,3.140000104904175,3.140000104904175,3.0850000381469727,3.0999999046325684,1356,0.0,0.0
2023-04-14 13:30:00-04:00,3.0999999046325684,3.109999895095825,3.0999999046325684,3.0999999046325684,1326,0.0,0.0
2023-04-14 14:30:00-04:00,3.130000114440918,3.130000114440918,3.059999942779541,3.059999942779541,10002,0.0,0.0
2023-04-14 15:30:00-04:00,3.0950000286102295,3.130000114440918,3.034600019454956,3.130000114440918,3870,0.0,0.0
2023-04-17 09:30:00-04:00,3.0299999713897705,3.0999999046325684,3.0299999713897705,3.0999999046325684,0,0.0,0.0
2023-04-17 10:30:00-04:00,3.130000114440918,3.1500000953674316,3.130000114440918,3.1500000953674316,695,0.0,0.0
2023-04-17 11:30:00-04:00,3.1500000953674316,3.163300037384033,3.109999895095825,3.1500000953674316,16957,0.0,0.0
2023-04-17 12:30:00-04:00,3.1500000953674316,3.1700000762939453,3.119999885559082,3.140000104904175,2143,0.0,0.0
2023-04-17 13:30:00-04:00,3.1700000762939453,3.200000047683716,3.1549999713897705,3.200000047683716,1218,0.0,0.0
2023-04-17 14:30:00-04:00,3.200000047683716,3.2128000259399414,3.1951000690460205,3.199899911880493,1871,0.0,0.0
2023-04-17 15:30:00-04:00,3.1958000659942627,3.2300000190734863,3.1958000659942627,3.2300000190734863,1344,0.0,0.0
2023-04-18 09:30:00-04:00,3.25,3.2555999755859375,3.25,3.25,0,0.0,0.0
2023-04-18 10:30:00-04:00,3.259999990463257,3.2892000675201416,3.25,3.274600028991699,5150,0.0,0.0
2023-04-18 11:30:00-04:00,3.2699999809265137,3.27020001411438,3.25,3.25,4364,0.0,0.0
2023-04-18 12:30:00-04:00,3.25,3.2500998973846436,3.2200000286102295,3.25,4516,0.0,0.0
2023-04-18 13:30:00-04:00,3.234999895095825,3.259999990463257,3.234999895095825,3.25,1807,0.0,0.0
2023-04-18 14:30:00-04:00,3.2799999713897705,3.3399999141693115,3.2799999713897705,3.3399999141693115,1420,0.0,0.0
2023-04-18 15:30:00-04:00,3.3350000381469727,3.3399999141693115,3.2300000190734863,3.309999942779541,10227,0.0,0.0
2023-04-19 09:30:00-04:00,3.2200000286102295,3.3499999046325684,3.2200000286102295,3.3499999046325684,0,0.0,0.0
2023-04-19 10:30:00-04:00,3.2899999618530273,3.359999895095825,3.2899999618530273,3.359999895095825,3174,0.0,0.0
2023-04-19 11:30:00-04:00,3.325000047683716,3.3499999046325684,3.299999952316284,3.3499999046325684,7505,0.0,0.0
2023-04-19 12:30:00-04:00,3.3499999046325684,3.369999885559082,3.3450000286102295,3.3450000286102295,1772,0.0,0.0
2023-04-19 13:30:00-04:00,3.359999895095825,3.390000104904175,3.3499999046325684,3.390000104904175,3441,0.0,0.0
2023-04-19 14:30:00-04:00,3.369999885559082,3.4000000953674316,3.3399999141693115,3.384999990463257,4677,0.0,0.0
2023-04-19 15:30:00-04:00,3.380000114440918,3.4100000858306885,3.380000114440918,3.4100000858306885,7246,0.0,0.0
2023-04-20 09:30:00-04:00,3.430000066757202,3.490000009536743,3.390000104904175,3.490000009536743,6087,0.0,0.0
2023-04-20 10:30:00-04:00,3.5344998836517334,3.549999952316284,3.490000009536743,3.490000009536743,3971,0.0,0.0
2023-04-20 11:30:00-04:00,3.4700000286102295,3.4700000286102295,3.390000104904175,3.430000066757202,16622,0.0,0.0
2023-04-20 12:30:00-04:00,3.430000066757202,3.4800000190734863,3.359999895095825,3.450000047683716,24316,0.0,0.0
2023-04-20 13:30:00-04:00,3.450000047683716,3.450000047683716,3.381999969482422,3.450000047683716,5462,0.0,0.0
2023-04-20 14:30:00-04:00,3.430000066757202,3.450000047683716,3.382499933242798,3.450000047683716,12796,0.0,0.0
2023-04-20 15:30:00-04:00,3.430000066757202,3.549999952316284,3.4149999618530273,3.509999990463257,8659,0.0,0.0
2023-04-21 09:30:00-04:00,3.5199999809265137,3.555000066757202,3.5199999809265137,3.555000066757202,0,0.0,0.0
2023-04-21 10:30:00-04:00,3.569999933242798,3.569999933242798,3.5350000858306885,3.5350000858306885,1150,0.0,0.0
2023-04-21 11:30:00-04:00,3.549999952316284,3.569999933242798,3.5199999809265137,3.559999942779541,9090,0.0,0.0
2023-04-21 12:30:00-04:00,3.559999942779541,3.559999942779541,3.4600000381469727,3.4600000381469727,7165,0.0,0.0
2023-04-21 13:30:00-04:00,3.3522000312805176,3.4000000953674316,3.3522000312805176,3.390000104904175,1700,0.0,0.0
2023-04-21 14:30:00-04:00,3.3499999046325684,3.3559999465942383,3.2899999618530273,3.299999952316284,5400,0.0,0.0
2023-04-21 15:30:00-04:00,3.2899999618530273,3.309999942779541,3.25,3.2799999713897705,0,0.0,0.0
2023-04-24 09:30:00-04:00,3.25,3.25,3.25,3.25,1032,0.0,0.0
2023-04-24 10:30:00-04:00,3.190000057220459,3.2049999237060547,3.190000057220459,3.200000047683716,3018,0.0,0.0
2023-04-24 11:30:00-04:00,3.190000057220459,3.190000057220459,3.1649999618530273,3.1649999618530273,1940,0.0,0.0
2023-04-24 12:30:00-04:00,3.119999885559082,3.140000104904175,3.0999999046325684,3.115000009536743,2809,0.0,0.0
2023-04-24 14:30:00-04:00,3.0999999046325684,3.1500000953674316,3.0899999141693115,3.1500000953674316,7142,0.0,0.0
2023-04-24 15:30:00-04:00,3.109999895095825,3.269399881362915,3.109999895095825,3.2200000286102295,0,0.0,0.0
2023-04-25 09:30:00-04:00,3.4700000286102295,3.4700000286102295,3.200000047683716,3.2279999256134033,4952,0.0,0.0
2023-04-25 10:30:00-04:00,3.1600000858306885,3.2100000381469727,3.1572999954223633,3.190000057220459,2114,0.0,0.0
2023-04-25 11:30:00-04:00,3.1812000274658203,3.200000047683716,3.140000104904175,3.174999952316284,4454,0.0,0.0
2023-04-25 12:30:00-04:00,3.174999952316284,3.180000066757202,3.0799999237060547,3.0999999046325684,20340,0.0,0.0
2023-04-25 13:30:00-04:00,3.0899999141693115,3.0899999141693115,3.059999942779541,3.069999933242798,823,0.0,0.0
2023-04-25 14:30:00-04:00,3.0899999141693115,3.0999999046325684,3.0899999141693115,3.0999999046325684,509,0.0,0.0
2023-04-25 15:30:00-04:00,3.0799999237060547,3.0999999046325684,3.069999933242798,3.0973000526428223,1587,0.0,0.0
2023-04-26 09:30:00-04:00,3.0899999141693115,3.0899999141693115,3.0899999141693115,3.0899999141693115,0,0.0,0.0
2023-04-26 10:30:00-04:00,3.059999942779541,3.059999942779541,3.0,3.049999952316284,1150,0.0,0.0
2023-04-26 11:30:00-04:00,3.0,3.0,2.9988999366760254,2.9988999366760254,332,0.0,0.0
2023-04-26 12:30:00-04:00,2.930000066757202,2.930000066757202,2.930000066757202,2.930000066757202,331,0.0,0.0
2023-04-26 13:30:00-04:00,2.930000066757202,3.0,2.930000066757202,3.0,1838,0.0,0.0
2023-04-26 14:30:00-04:00,2.920099973678589,3.0,2.920099973678589,3.0,825,0.0,0.0
2023-04-26 15:30:00-04:00,2.921999931335449,2.950000047683716,2.9200000762939453,2.930000066757202,1204,0.0,0.0
2023-04-27 09:30:00-04:00,2.9200000762939453,2.940000057220459,2.9200000762939453,2.9200000762939453,0,0.0,0.0
2023-04-27 10:30:00-04:00,2.9200000762939453,2.940000057220459,2.9200000762939453,2.934999942779541,1430,0.0,0.0
2023-04-27 11:30:00-04:00,2.9200000762939453,2.9302000999450684,2.9200000762939453,2.9302000999450684,2741,0.0,0.0
2023-04-27 12:30:00-04:00,2.940000057220459,2.950000047683716,2.9200000762939453,2.9200000762939453,819,0.0,0.0
2023-04-27 13:30:00-04:00,2.9200000762939453,3.005000114440918,2.9200000762939453,3.005000114440918,895,0.0,0.0
2023-04-27 14:30:00-04:00,2.9700000286102295,2.9700000286102295,2.9649999141693115,2.9649999141693115,519,0.0,0.0
2023-04-27 15:30:00-04:00,2.950000047683716,3.009999990463257,2.950000047683716,2.990000009536743,1432,0.0,0.0
2023-04-28 09:30:00-04:00,2.9700000286102295,2.9800000190734863,2.9700000286102295,2.9800000190734863,452,0.0,0.0
2023-04-28 10:30:00-04:00,3.013000011444092,3.0199999809265137,2.9600000381469727,2.990000009536743,7712,0.0,0.0
2023-04-28 11:30:00-04:00,2.990000009536743,2.990000009536743,2.990000009536743,2.990000009536743,151,0.0,0.0
2023-04-28 12:30:00-04:00,3.0399999618530273,3.0399999618530273,2.9749999046325684,2.9749999046325684,471,0.0,0.0
2023-04-28 13:30:00-04:00,2.9600000381469727,3.0,2.940000057220459,2.9600000381469727,4364,0.0,0.0
2023-04-28 14:30:00-04:00,2.9558000564575195,2.9800000190734863,2.9558000564575195,2.9800000190734863,1981,0.0,0.0
2023-04-28 15:30:00-04:00,3.180000066757202,3.180000066757202,3.119999885559082,3.119999885559082,679,0.0,0.0
2023-05-01 09:30:00-04:00,2.930000066757202,2.9400999546051025,2.930000066757202,2.9400999546051025,571,0.0,0.0
2023-05-01 10:30:00-04:00,3.0,3.0450000762939453,2.9600000381469727,3.0450000762939453,1262,0.0,0.0
2023-05-01 11:30:00-04:00,3.0399999618530273,3.0999999046325684,3.0,3.0999999046325684,1368,0.0,0.0
2023-05-01 13:30:00-04:00,3.00819993019104,3.0899999141693115,3.00819993019104,3.0899999141693115,718,0.0,0.0
2023-05-01 14:30:00-04:00,3.0350000858306885,3.0350000858306885,3.0350000858306885,3.0350000858306885,131,0.0,0.0
2023-05-01 15:30:00-04:00,3.0399999618530273,3.0399999618530273,3.0399999618530273,3.0399999618530273,362,0.0,0.0
2023-05-02 10:30:00-04:00,3.0450000762939453,3.0450000762939453,2.9749999046325684,2.9749999046325684,1228,0.0,0.0
2023-05-02 11:30:00-04:00,2.9649999141693115,3.0199999809265137,2.9649999141693115,3.0199999809265137,2947,0.0,0.0
2023-05-02 12:30:00-04:00,2.9990999698638916,3.0199999809265137,2.940000057220459,3.0,1785,0.0,0.0
2023-05-02 13:30:00-04:00,2.940000057220459,3.0,2.940000057220459,3.0,5119,0.0,0.0
2023-05-02 14:30:00-04:00,2.9800000190734863,3.0,2.9800000190734863,2.9800000190734863,24438,0.0,0.0
2023-05-02 15:30:00-04:00,2.911400079727173,2.950000047683716,2.9100000858306885,2.9100000858306885,2273,0.0,0.0
2023-05-03 10:30:00-04:00,2.9700000286102295,3.0,2.9700000286102295,3.0,404,0.0,0.0
2023-05-03 11:30:00-04:00,3.0,3.0,3.0,3.0,516,0.0,0.0
2023-05-03 12:30:00-04:00,3.0,3.0,2.994999885559082,2.9999001026153564,744,0.0,0.0
2023-05-03 13:30:00-04:00,3.0,3.109999895095825,2.994999885559082,3.109999895095825,2895,0.0,0.0
2023-05-03 14:30:00-04:00,3.065000057220459,3.0999999046325684,3.0399999618530273,3.075000047683716,970,0.0,0.0
2023-05-03 15:30:00-04:00,3.075000047683716,3.0999999046325684,3.0399999618530273,3.0399999618530273,3204,0.0,0.0
2023-05-04 09:30:00-04:00,2.9618000984191895,3.049999952316284,2.9618000984191895,3.049999952316284,404,0.0,0.0
2023-05-04 10:30:00-04:00,3.0299999713897705,3.0299999713897705,2.9921000003814697,2.9921000003814697,1103,0.0,0.0
2023-05-04 11:30:00-04:00,2.9700000286102295,3.0299999713897705,2.9700000286102295,3.0299999713897705,690,0.0,0.0
2023-05-04 13:30:00-04:00,3.0850000381469727,3.0850000381469727,3.0,3.0,4129,0.0,0.0
2023-05-04 15:30:00-04:00,2.869999885559082,2.880000114440918,2.869999885559082,2.869999885559082,393,0.0,0.0
2023-05-05 09:30:00-04:00,2.7799999713897705,2.819999933242798,2.7799999713897705,2.8199000358581543,724,0.0,0.0
2023-05-05 10:30:00-04:00,2.799999952316284,2.819999933242798,2.799999952316284,2.815000057220459,1157,0.0,0.0
2023-05-05 11:30:00-04:00,2.781399965286255,2.809999942779541,2.781399965286255,2.809999942779541,1971,0.0,0.0
2023-05-05 12:30:00-04:00,2.819999933242798,2.8499999046325684,2.7899999618530273,2.8499999046325684,11296,0.0,0.0
2023-05-05 13:30:00-04:00,2.8399999141693115,2.8399999141693115,2.8399999141693115,2.8399999141693115,151,0.0,0.0
2023-05-05 14:30:00-04:00,2.7899999618530273,2.7899999618530273,2.7899999618530273,2.7899999618530273,219,0.0,0.0
2023-05-05 15:30:00-04:00,2.839900016784668,2.859999895095825,2.819999933242798,2.819999933242798,0,0.0,0.0
2023-05-08 09:30:00-04:00,2.75,2.7725000381469727,2.7267000675201416,2.7267000675201416,7643,0.0,0.0
2023-05-08 10:30:00-04:00,2.740000009536743,2.740000009536743,2.7200000286102295,2.740000009536743,6310,0.0,0.0
2023-05-08 11:30:00-04:00,2.7200000286102295,2.7225000858306885,2.711699962615967,2.7225000858306885,1587,0.0,0.0
2023-05-08 12:30:00-04:00,2.858799934387207,2.858799934387207,2.7232000827789307,2.7232000827789307,0,0.0,0.0
2023-05-08 13:30:00-04:00,2.7799999713897705,2.7899999618530273,2.7049999237060547,2.755000114440918,24676,0.0,0.0
2023-05-08 14:30:00-04:00,2.755000114440918,2.8399999141693115,2.75,2.75,23634,0.0,0.0
2023-05-08 15:30:00-04:00,2.75,2.819999933242798,2.75,2.819999933242798,0,0.0,0.0
2023-05-09 09:30:00-04:00,2.890000104904175,2.890000104904175,2.8515000343322754,2.8515000343322754,267,0.0,0.0
2023-05-09 10:30:00-04:00,2.880000114440918,2.880000114440918,2.869999885559082,2.869999885559082,0,0.0,0.0
2023-05-09 13:30:00-04:00,2.890000104904175,2.890000104904175,2.890000104904175,2.890000104904175,966,0.0,0.0
2023-05-09 14:30:00-04:00,2.86929988861084,2.889899969100952,2.86929988861084,2.869999885559082,728,0.0,0.0
2023-05-09 15:30:00-04:00,2.880000114440918,2.880000114440918,2.8499999046325684,2.880000114440918,1830,0.0,0.0
2023-05-10 09:30:00-04:00,2.957200050354004,3.0899999141693115,2.884999990463257,2.884999990463257,1408,0.0,0.0
2023-05-10 11:30:00-04:00,2.950000047683716,2.950000047683716,2.950000047683716,2.950000047683716,0,0.0,0.0
2023-05-10 12:30:00-04:00,2.9049999713897705,2.9600000381469727,2.8689000606536865,2.940000057220459,5620,0.0,0.0
2023-05-10 13:30:00-04:00,2.930000066757202,2.944999933242798,2.901099920272827,2.901099920272827,1015,0.0,0.0
2023-05-10 14:30:00-04:00,2.9100000858306885,2.934999942779541,2.884999990463257,2.884999990463257,2804,0.0,0.0
2023-05-10 15:30:00-04:00,2.930000066757202,2.930000066757202,2.9200000762939453,2.930000066757202,308,0.0,0.0
2023-05-11 09:30:00-04:00,2.940000057220459,2.940000057220459,2.890000104904175,2.890000104904175,0,0.0,0.0
2023-05-11 11:30:00-04:00,2.882200002670288,2.882200002670288,2.882200002670288,2.882200002670288,514,0.0,0.0
2023-05-11 13:30:00-04:00,2.9000000953674316,2.930000066757202,2.884999990463257,2.930000066757202,2710,0.0,0.0
2023-05-11 14:30:00-04:00,2.9049999713897705,2.994999885559082,2.9049999713897705,2.994999885559082,5289,0.0,0.0
2023-05-11 15:30:00-04:00,3.0299999713897705,3.0299999713897705,2.924999952316284,2.950000047683716,1949,0.0,0.0
2023-05-12 09:30:00-04:00,2.950000047683716,2.950000047683716,2.945199966430664,2.945199966430664,0,0.0,0.0
2023-05-12 10:30:00-04:00,2.897700071334839,3.0,2.880000114440918,2.9700000286102295,4873,0.0,0.0
2023-05-12 11:30:00-04:00,2.950000047683716,2.950000047683716,2.9000000953674316,2.944999933242798,22817,0.0,0.0
2023-05-12 12:30:00-04:00,2.9100000858306885,2.940000057220459,2.9100000858306885,2.940000057220459,1276,0.0,0.0
2023-05-12 13:30:00-04:00,2.9100000858306885,2.9488000869750977,2.9100000858306885,2.944999933242798,672,0.0,0.0
2023-05-12 15:30:00-04:00,2.944999933242798,2.950000047683716,2.890000104904175,2.950000047683716,7751,0.0,0.0
2023-05-15 10:30:00-04:00,3.009999990463257,3.049999952316284,2.960900068283081,3.049999952316284,12866,0.0,0.0
2023-05-15 11:30:00-04:00,2.9700000286102295,3.049999952316284,2.9700000286102295,2.990000009536743,361,0.0,0.0
2023-05-15 12:30:00-04:00,3.0,3.049999952316284,2.9600000381469727,3.049999952316284,1050,0.0,0.0
2023-05-15 13:30:00-04:00,2.9600000381469727,2.9600000381469727,2.9200000762939453,2.9200000762939453,2801,0.0,0.0
2023-05-15 14:30:00-04:00,2.9200000762939453,3.049999952316284,2.9200000762939453,3.0,8394,0.0,0.0
2023-05-15 15:30:00-04:00,3.0,3.0299999713897705,2.859999895095825,2.940000057220459,0,0.0,0.0
2023-05-16 09:30:00-04:00,2.8399999141693115,2.880000114440918,2.75,2.8087000846862793,27856,0.0,0.0
2023-05-16 10:30:00-04:00,2.805000066757202,2.805000066757202,2.799999952316284,2.799999952316284,5791,0.0,0.0
2023-05-16 11:30:00-04:00,2.809999942779541,2.815000057220459,2.799999952316284,2.799999952316284,3676,0.0,0.0
2023-05-16 12:30:00-04:00,2.8299999237060547,2.8499999046325684,2.7899999618530273,2.799999952316284,8555,0.0,0.0
2023-05-16 13:30:00-04:00,2.799999952316284,2.819999933242798,2.7899999618530273,2.7899999618530273,498,0.0,0.0
2023-05-16 14:30:00-04:00,2.7799999713897705,2.809999942779541,2.75,2.75,2511,0.0,0.0
2023-05-16 15:30:00-04:00,2.7300000190734863,2.740000009536743,2.6600000858306885,2.6600000858306885,9235,0.0,0.0
2023-05-17 09:30:00-04:00,2.690000057220459,2.740000009536743,2.690000057220459,2.7114999294281006,877,0.0,0.0
2023-05-17 10:30:00-04:00,2.719899892807007,2.740000009536743,2.6700000762939453,2.737299919128418,6452,0.0,0.0
2023-05-17 11:30:00-04:00,2.740000009536743,2.740000009536743,2.740000009536743,2.740000009536743,537,0.0,0.0
2023-05-17 12:30:00-04:00,2.7899999618530273,2.799999952316284,2.7799999713897705,2.799999952316284,1641,0.0,0.0
2023-05-17 13:30:00-04:00,2.759999990463257,2.7999000549316406,2.759999990463257,2.7750000953674316,2261,0.0,0.0
2023-05-17 14:30:00-04:00,2.799999952316284,2.799999952316284,2.7850000858306885,2.7899999618530273,1317,0.0,0.0
2023-05-17 15:30:00-04:00,2.799999952316284,2.8399999141693115,2.759999990463257,2.819999933242798,3787,0.0,0.0
2023-05-18 09:30:00-04:00,2.9800000190734863,2.9800000190734863,2.9800000190734863,2.9800000190734863,0,0.0,0.0
2023-05-18 10:30:00-04:00,2.869999885559082,2.9000000953674316,2.869999885559082,2.9000000953674316,1363,0.0,0.0
2023-05-18 12:30:00-04:00,2.8450000286102295,2.8949999809265137,2.8399999141693115,2.8949999809265137,1903,0.0,0.0
2023-05-18 13:30:00-04:00,2.9000000953674316,2.9000000953674316,2.9000000953674316,2.9000000953674316,2780,0.0,0.0
2023-05-18 15:30:00-04:00,2.884399890899658,2.890000104904175,2.880000114440918,2.890000104904175,0,0.0,0.0
2023-05-19 09:30:00-04:00,2.930000066757202,2.930000066757202,2.930000066757202,2.930000066757202,275,0.0,0.0
2023-05-19 10:30:00-04:00,2.9409000873565674,3.0399999618530273,2.8949999809265137,3.009999990463257,9754,0.0,0.0
2023-05-19 11:30:00-04:00,3.075000047683716,3.075000047683716,2.9000000953674316,2.930799961090088,7230,0.0,0.0
2023-05-19 12:30:00-04:00,2.9923999309539795,2.9923999309539795,2.9000000953674316,2.9600000381469727,4681,0.0,0.0
2023-05-19 13:30:00-04:00,2.890000104904175,2.890000104904175,2.884999990463257,2.890000104904175,851,0.0,0.0
2023-05-19 14:30:00-04:00,2.8919999599456787,2.9488000869750977,2.8499999046325684,2.8499999046325684,13338,0.0,0.0
2023-05-19 15:30:00-04:00,2.8499999046325684,2.950000047683716,2.8499999046325684,2.939500093460083,0,0.0,0.0
2023-05-22 09:30:00-04:00,2.9000000953674316,2.9000000953674316,2.8285000324249268,2.9000000953674316,3772,0.0,0.0
2023-05-22 10:30:00-04:00,2.8573999404907227,2.9000000953674316,2.8573999404907227,2.860100030899048,1207,0.0,0.0
2023-05-22 11:30:00-04:00,2.869999885559082,2.9000000953674316,2.849100112915039,2.9000000953674316,2001,0.0,0.0
2023-05-22 12:30:00-04:00,2.8650999069213867,2.9000000953674316,2.8650999069213867,2.8949999809265137,5938,0.0,0.0
2023-05-22 13:30:00-04:00,2.9000000953674316,2.9149999618530273,2.890000104904175,2.8949999809265137,11194,0.0,0.0
2023-05-22 14:30:00-04:00,2.890000104904175,2.9000000953674316,2.890000104904175,2.890000104904175,6034,0.0,0.0
2023-05-22 15:30:00-04:00,2.899899959564209,2.9000000953674316,2.884999990463257,2.9000000953674316,0,0.0,0.0
2023-05-23 09:30:00-04:00,2.75,2.9000000953674316,2.75,2.9000000953674316,3067,0.0,0.0
2023-05-23 10:30:00-04:00,2.9000000953674316,2.9000000953674316,2.8550000190734863,2.9000000953674316,0,0.0,0.0
2023-05-23 11:30:00-04:00,2.9000000953674316,2.9000000953674316,2.890000104904175,2.890000104904175,30579,0.0,0.0
2023-05-23 12:30:00-04:00,2.8399999141693115,2.865000009536743,2.799999952316284,2.799999952316284,4148,0.0,0.0
2023-05-23 13:30:00-04:00,2.8299999237060547,2.8299999237060547,2.799999952316284,2.799999952316284,510,0.0,0.0
2023-05-23 14:30:00-04:00,2.809999942779541,2.819999933242798,2.799999952316284,2.799999952316284,10260,0.0,0.0
2023-05-23 15:30:00-04:00,2.799999952316284,2.8399999141693115,2.799999952316284,2.8299999237060547,4105,0.0,0.0
2023-05-24 09:30:00-04:00,2.8399999141693115,2.8499999046325684,2.7799999713897705,2.7799999713897705,0,0.0,0.0
2023-05-24 10:30:00-04:00,2.7799999713897705,2.7799999713897705,2.680000066757202,2.734999895095825,23331,0.0,0.0
2023-05-24 11:30:00-04:00,2.75,3.0199999809265137,2.75,2.9200000762939453,9039,0.0,0.0
2023-05-24 12:30:00-04:00,2.940000057220459,2.9509999752044678,2.8901000022888184,2.9200000762939453,3295,0.0,0.0
2023-05-24 13:30:00-04:00,2.9100000858306885,2.9149999618530273,2.9100000858306885,2.9149999618530273,238,0.0,0.0
2023-05-24 14:30:00-04:00,2.9149999618530273,2.9649999141693115,2.9149999618530273,2.9649999141693115,1971,0.0,0.0
2023-05-24 15:30:00-04:00,2.9619998931884766,2.9619998931884766,2.930000066757202,2.9600000381469727,0,0.0,0.0
2023-05-25 09:30:00-04:00,2.9000000953674316,2.9000000953674316,2.869999885559082,2.880000114440918,1671,0.0,0.0
2023-05-25 10:30:00-04:00,2.869999885559082,2.9000000953674316,2.8299999237060547,2.8299999237060547,18463,0.0,0.0
2023-05-25 11:30:00-04:00,2.7699999809265137,2.799999952316284,2.765000104904175,2.799999952316284,8162,0.0,0.0
2023-05-25 12:30:00-04:00,2.799999952316284,2.799999952316284,2.7899999618530273,2.7899999618530273,926,0.0,0.0
2023-05-25 13:30:00-04:00,2.799999952316284,2.799999952316284,2.7799999713897705,2.7899999618530273,1599,0.0,0.0
2023-05-25 14:30:00-04:00,2.7799999713897705,2.799999952316284,2.7799999713897705,2.799999952316284,632,0.0,0.0
2023-05-25 15:30:00-04:00,2.799999952316284,2.8299999237060547,2.7850000858306885,2.799999952316284,11578,0.0,0.0
2023-05-26 09:30:00-04:00,2.7300000190734863,2.8299999237060547,2.692500114440918,2.7446999549865723,0,0.0,0.0
2023-05-26 10:30:00-04:00,2.7899999618530273,2.819999933242798,2.7799999713897705,2.799999952316284,12149,0.0,0.0
2023-05-26 11:30:00-04:00,2.799999952316284,2.799999952316284,2.7799999713897705,2.799999952316284,4318,0.0,0.0
2023-05-26 12:30:00-04:00,2.7850000858306885,2.799999952316284,2.75,2.759999990463257,0,0.0,0.0
2023-05-26 13:30:00-04:00,2.759999990463257,2.7750000953674316,2.759999990463257,2.7750000953674316,32440,0.0,0.0
2023-05-26 14:30:00-04:00,2.799999952316284,2.799999952316284,2.7750000953674316,2.7945001125335693,1663,0.0,0.0
2023-05-26 15:30:00-04:00,2.7799999713897705,2.7799999713897705,2.75,2.75,15786,0.0,0.0
2023-05-30 09:30:00-04:00,2.690000057220459,2.765000104904175,2.690000057220459,2.765000104904175,0,0.0,0.0
2023-05-30 10:30:00-04:00,2.765000104904175,2.7799999713897705,2.765000104904175,2.7799999713897705,7629,0.0,0.0
2023-05-30 11:30:00-04:00,2.8450000286102295,2.8499999046325684,2.813800096511841,2.813800096511841,1769,0.0,0.0
2023-05-30 12:30:00-04:00,2.8499999046325684,2.869999885559082,2.799999952316284,2.799999952316284,0,0.0,0.0
2023-05-30 15:30:00-04:00,2.809999942779541,2.809999942779541,2.799999952316284,2.799999952316284,71,0.0,0.0
2023-05-31 09:30:00-04:00,2.8499999046325684,2.859999895095825,2.759999990463257,2.799999952316284,3253,0.0,0.0
2023-05-31 10:30:00-04:00,2.777400016784668,2.7950000762939453,2.777400016784668,2.7899999618530273,1317,0.0,0.0
2023-05-31 11:30:00-04:00,2.7899999618530273,2.8399999141693115,2.7899999618530273,2.8399999141693115,2787,0.0,0.0
2023-05-31 12:30:00-04:00,2.8138999938964844,2.8499999046325684,2.799999952316284,2.8499999046325684,27405,0.0,0.0
2023-05-31 13:30:00-04:00,2.8004000186920166,2.859999895095825,2.7899999618530273,2.859999895095825,18242,0.0,0.0
2023-05-31 14:30:00-04:00,2.869999885559082,2.869999885559082,2.819999933242798,2.828000068664551,4097,0.0,0.0
2023-05-31 15:30:00-04:00,2.821000099182129,2.8499999046325684,2.819999933242798,2.819999933242798,3146,0.0,0.0
2023-06-01 09:30:00-04:00,2.799999952316284,2.815000057220459,2.7799999713897705,2.797300100326538,0,0.0,0.0
2023-06-01 10:30:00-04:00,2.7816998958587646,2.8399999141693115,2.7816998958587646,2.818000078201294,4249,0.0,0.0
2023-06-01 11:30:00-04:00,2.8101000785827637,2.8399999141693115,2.8101000785827637,2.8399999141693115,518,0.0,0.0
2023-06-01 12:30:00-04:00,2.859999895095825,2.869999885559082,2.8399999141693115,2.8450000286102295,2896,0.0,0.0
2023-06-01 13:30:00-04:00,2.859999895095825,2.890000104904175,2.859999895095825,2.890000104904175,2309,0.0,0.0
2023-06-01 14:30:00-04:00,2.9000000953674316,2.9000000953674316,2.865000009536743,2.865000009536743,4221,0.0,0.0
2023-06-01 15:30:00-04:00,2.869999885559082,2.875,2.8399999141693115,2.8399999141693115,1124,0.0,0.0
2023-06-02 09:30:00-04:00,2.8350000381469727,2.8350000381469727,2.8350000381469727,2.8350000381469727,369,0.0,0.0
2023-06-02 10:30:00-04:00,2.8499999046325684,2.8499999046325684,2.8299999237060547,2.8350000381469727,1637,0.0,0.0
2023-06-02 11:30:00-04:00,2.8350000381469727,2.8350000381469727,2.8350000381469727,2.8350000381469727,412,0.0,0.0
2023-06-02 12:30:00-04:00,2.8350000381469727,2.890000104904175,2.8350000381469727,2.890000104904175,2160,0.0,0.0
2023-06-02 13:30:00-04:00,2.875,2.950000047683716,2.875,2.935699939727783,9420,0.0,0.0
2023-06-02 14:30:00-04:00,2.9800000190734863,3.0299999713897705,2.964200019836426,3.0299999713897705,8159,0.0,0.0
2023-06-02 15:30:00-04:00,3.0250000953674316,3.119999885559082,3.0250000953674316,3.119999885559082,6061,0.0,0.0
2023-06-05 09:30:00-04:00,3.020699977874756,3.089600086212158,3.009999990463257,3.049999952316284,5000,0.0,0.0
2023-06-05 10:30:00-04:00,3.0390000343322754,3.132499933242798,3.0390000343322754,3.1257998943328857,8442,0.0,0.0
2023-06-05 11:30:00-04:00,3.140000104904175,3.190000057220459,3.140000104904175,3.190000057220459,6319,0.0,0.0
2023-06-05 12:30:00-04:00,3.1700000762939453,3.2202000617980957,3.1700000762939453,3.2100000381469727,4671,0.0,0.0
2023-06-05 13:30:00-04:00,3.200000047683716,3.2200000286102295,3.200000047683716,3.2200000286102295,14807,0.0,0.0
2023-06-05 14:30:00-04:00,3.2200000286102295,3.309999942779541,3.2200000286102295,3.2899999618530273,11717,0.0,0.0
2023-06-05 15:30:00-04:00,3.2899999618530273,3.299999952316284,3.2699999809265137,3.2699999809265137,0,0.0,0.0
2023-06-06 09:30:00-04:00,3.180000066757202,3.299999952316284,3.180000066757202,3.299999952316284,1934,0.0,0.0
2023-06-06 10:30:00-04:00,3.299999952316284,3.3299999237060547,3.299999952316284,3.3299999237060547,1337,0.0,0.0
2023-06-06 11:30:00-04:00,3.3399999141693115,3.390000104904175,3.3348000049591064,3.3499999046325684,3351,0.0,0.0
2023-06-06 12:30:00-04:00,3.3673999309539795,3.390000104904175,3.3201000690460205,3.359999895095825,6226,0.0,0.0
2023-06-06 13:30:00-04:00,3.3480000495910645,3.359999895095825,3.3299999237060547,3.3427000045776367,9964,0.0,0.0
2023-06-06 14:30:00-04:00,3.3450000286102295,3.3450000286102295,3.3299999237060547,3.338900089263916,1103,0.0,0.0
2023-06-06 15:30:00-04:00,3.3450000286102295,3.390000104904175,3.3450000286102295,3.390000104904175,5882,0.0,0.0
2023-06-07 09:30:00-04:00,3.319999933242798,3.4000000953674316,3.319999933242798,3.3450000286102295,509,0.0,0.0
2023-06-07 10:30:00-04:00,3.359999895095825,3.380000114440918,3.3499999046325684,3.375,3333,0.0,0.0
2023-06-07 11:30:00-04:00,3.375,3.375,3.3499999046325684,3.3550000190734863,10257,0.0,0.0
2023-06-07 12:30:00-04:00,3.350100040435791,3.359999895095825,3.3499999046325684,3.359999895095825,3851,0.0,0.0
2023-06-07 13:30:00-04:00,3.3499999046325684,3.375,3.3499999046325684,3.375,1793,0.0,0.0
2023-06-07 14:30:00-04:00,3.375,3.375,3.325000047683716,3.325000047683716,2699,0.0,0.0
2023-06-07 15:30:00-04:00,3.325000047683716,3.3299999237060547,3.299999952316284,3.3299999237060547,2001,0.0,0.0
2023-06-08 09:30:00-04:00,3.259999990463257,3.2950000762939453,3.259999990463257,3.2950000762939453,1237,0.0,0.0
2023-06-08 10:30:00-04:00,3.319999933242798,3.319999933242798,3.299999952316284,3.299999952316284,385,0.0,0.0
2023-06-08 11:30:00-04:00,3.25,3.299999952316284,3.25,3.299999952316284,1697,0.0,0.0
2023-06-08 12:30:00-04:00,3.299999952316284,3.309999942779541,3.259999990463257,3.299999952316284,625,0.0,0.0
2023-06-08 13:30:00-04:00,3.299999952316284,3.299999952316284,3.299999952316284,3.299999952316284,190,0.0,0.0
2023-06-08 15:30:00-04:00,3.2379000186920166,3.309999942779541,3.2379000186920166,3.299999952316284,0,0.0,0.0
2023-06-09 09:30:00-04:00,3.3399999141693115,3.3399999141693115,3.3399999141693115,3.3399999141693115,415,0.0,0.0
2023-06-09 10:30:00-04:00,3.293299913406372,3.325000047683716,3.25,3.299999952316284,5170,0.0,0.0
2023-06-09 11:30:00-04:00,3.200000047683716,3.2699999809265137,3.200000047683716,3.2100000381469727,1535,0.0,0.0
2023-06-09 12:30:00-04:00,3.2149999141693115,3.2200000286102295,3.1800999641418457,3.218400001525879,1467,0.0,0.0
2023-06-09 13:30:00-04:00,3.194999933242798,3.2100000381469727,3.194999933242798,3.2100000381469727,227,0.0,0.0
2023-06-09 14:30:00-04:00,3.194000005722046,3.194000005722046,3.180000066757202,3.180000066757202,890,0.0,0.0
2023-06-09 15:30:00-04:00,3.1700000762939453,3.200000047683716,3.1301000118255615,3.190000057220459,4020,0.0,0.0
2023-06-12 09:30:00-04:00,3.0999999046325684,3.240000009536743,3.0899999141693115,3.0927000045776367,3215,0.0,0.0
2023-06-12 10:30:00-04:00,3.115000009536743,3.140000104904175,3.0899999141693115,3.0899999141693115,429,0.0,0.0
2023-06-12 11:30:00-04:00,3.130000114440918,3.130000114440918,3.109999895095825,3.119999885559082,476,0.0,0.0
2023-06-12 12:30:00-04:00,3.130000114440918,3.130000114440918,3.115000009536743,3.115000009536743,386,0.0,0.0
2023-06-12 13:30:00-04:00,3.0999999046325684,3.119999885559082,3.0899999141693115,3.0999999046325684,3650,0.0,0.0
2023-06-12 14:30:00-04:00,3.0999999046325684,3.109999895095825,3.0899999141693115,3.0999999046325684,3605,0.0,0.0
2023-06-12 15:30:00-04:00,3.0999999046325684,3.1050000190734863,3.0999999046325684,3.0999999046325684,1980,0.0,0.0
2023-06-13 09:30:00-04:00,3.066999912261963,3.0999999046325684,3.066999912261963,3.0999999046325684,2060,0.0,0.0
2023-06-13 10:30:00-04:00,3.1700000762939453,3.1700000762939453,3.119999885559082,3.119999885559082,798,0.0,0.0
2023-06-13 11:30:00-04:00,3.119999885559082,3.119999885559082,3.0999999046325684,3.0999999046325684,1492,0.0,0.0
2023-06-13 12:30:00-04:00,3.0999999046325684,3.1001999378204346,3.0999999046325684,3.0999999046325684,1695,0.0,0.0
2023-06-13 13:30:00-04:00,3.0999999046325684,3.109999895095825,3.0999999046325684,3.109999895095825,1549,0.0,0.0
2023-06-13 14:30:00-04:00,3.115000009536743,3.130000114440918,3.109999895095825,3.109999895095825,2291,0.0,0.0
2023-06-13 15:30:00-04:00,3.109999895095825,3.130000114440918,3.0999999046325684,3.109999895095825,1772,0.0,0.0
2023-06-14 09:30:00-04:00,3.0299999713897705,3.0408999919891357,3.0,3.0,2972,0.0,0.0
2023-06-14 10:30:00-04:00,3.0,3.015000104904175,3.0,3.0,2868,0.0,0.0
2023-06-14 11:30:00-04:00,3.0174999237060547,3.0250000953674316,3.005000114440918,3.005000114440918,922,0.0,0.0
2023-06-14 12:30:00-04:00,3.015000104904175,3.015000104904175,3.0,3.0,578,0.0,0.0
2023-06-14 13:30:00-04:00,3.015000104904175,3.015000104904175,3.0,3.0,2139,0.0,0.0
2023-06-14 14:30:00-04:00,3.0,3.009999990463257,2.990000009536743,2.990000009536743,22384,0.0,0.0
2023-06-14 15:30:00-04:00,2.990000009536743,3.069999933242798,2.990000009536743,3.059999942779541,13707,0.0,0.0
2023-06-15 09:30:00-04:00,2.9800000190734863,3.059999942779541,2.9800000190734863,3.0179998874664307,1687,0.0,0.0
2023-06-15 10:30:00-04:00,3.078000068664551,3.078000068664551,2.990000009536743,3.0199999809265137,9549,0.0,0.0
2023-06-15 11:30:00-04:00,3.0199999809265137,3.0199999809265137,2.9700000286102295,3.009999990463257,473,0.0,0.0
2023-06-15 12:30:00-04:00,3.0199999809265137,3.0299999713897705,3.0,3.0299999713897705,785,0.0,0.0
2023-06-15 13:30:00-04:00,3.0299999713897705,3.0999999046325684,2.9600000381469727,3.0,14539,0.0,0.0
2023-06-15 14:30:00-04:00,3.0399999618530273,3.069999933242798,2.9700000286102295,3.059999942779541,20324,0.0,0.0
2023-06-15 15:30:00-04:00,3.059999942779541,3.109999895095825,3.0299999713897705,3.0299999713897705,2922,0.0,0.0
2023-06-16 09:30:00-04:00,3.0999999046325684,3.0999999046325684,3.0,3.0,3936,0.0,0.0
2023-06-16 10:30:00-04:00,3.0799999237060547,3.0799999237060547,3.0,3.0,12105,0.0,0.0
2023-06-16 11:30:00-04:00,3.009999990463257,3.0399999618530273,2.98009991645813,3.0250000953674316,15139,0.0,0.0
2023-06-16 12:30:00-04:00,3.0299999713897705,3.0299999713897705,3.0199999809265137,3.0199999809265137,413,0.0,0.0
2023-06-16 13:30:00-04:00,3.0192999839782715,3.0250000953674316,3.0192999839782715,3.0250000953674316,616,0.0,0.0
2023-06-16 14:30:00-04:00,3.0250000953674316,3.049999952316284,3.0,3.015000104904175,1596,0.0,0.0
2023-06-16 15:30:00-04:00,2.9941000938415527,3.0,2.950000047683716,2.990000009536743,3007,0.0,0.0
2023-06-20 09:30:00-04:00,2.9600000381469727,3.0181000232696533,2.930000066757202,2.9800000190734863,0,0.0,0.0
2023-06-20 10:30:00-04:00,2.9800000190734863,2.9800000190734863,2.930000066757202,2.930000066757202,9893,0.0,0.0
2023-06-20 11:30:00-04:00,2.930000066757202,2.9700000286102295,2.930000066757202,2.9700000286102295,3946,0.0,0.0
2023-06-20 12:30:00-04:00,2.950000047683716,3.009999990463257,2.950000047683716,2.990000009536743,6438,0.0,0.0
2023-06-20 13:30:00-04:00,2.9800000190734863,2.992300033569336,2.930000066757202,2.930000066757202,4611,0.0,0.0
2023-06-20 14:30:00-04:00,2.9200000762939453,2.9200000762939453,2.9200000762939453,2.9200000762939453,538,0.0,0.0
2023-06-20 15:30:00-04:00,2.9200000762939453,2.9800000190734863,2.9200000762939453,2.9200000762939453,4564,0.0,0.0
2023-06-21 09:30:00-04:00,2.9800000190734863,2.9800000190734863,2.949899911880493,2.9600000381469727,13186,0.0,0.0
2023-06-21 10:30:00-04:00,2.9800000190734863,2.994999885559082,2.9200000762939453,2.97160005569458,6489,0.0,0.0
2023-06-21 11:30:00-04:00,2.9200000762939453,2.9600000381469727,2.9200000762939453,2.9600000381469727,2054,0.0,0.0
2023-06-21 13:30:00-04:00,2.950000047683716,2.950000047683716,2.950000047683716,2.950000047683716,873,0.0,0.0
2023-06-21 14:30:00-04:00,2.950000047683716,2.950000047683716,2.950000047683716,2.950000047683716,799,0.0,0.0
2023-06-21 15:30:00-04:00,2.9700000286102295,3.009999990463257,2.9600000381469727,3.0,13730,0.0,0.0
2023-06-22 09:30:00-04:00,3.059999942779541,3.069999933242798,2.970099925994873,3.069999933242798,2586,0.0,0.0
2023-06-22 10:30:00-04:00,3.0199999809265137,3.0199999809265137,3.0199999809265137,3.0199999809265137,196,0.0,0.0
2023-06-22 11:30:00-04:00,3.0118000507354736,3.055000066757202,2.9858999252319336,2.9858999252319336,0,0.0,0.0
2023-06-22 12:30:00-04:00,2.984999895095825,2.984999895095825,2.9700000286102295,2.970099925994873,5450,0.0,0.0
2023-06-22 13:30:00-04:00,2.9600000381469727,2.9600000381469727,2.9600000381469727,2.9600000381469727,175,0.0,0.0
2023-06-22 14:30:00-04:00,2.9600000381469727,3.0799999237060547,2.9549999237060547,3.0799999237060547,9501,0.0,0.0
2023-06-22 15:30:00-04:00,3.0799999237060547,3.0899999141693115,3.0199999809265137,3.0899999141693115,0,0.0,0.0
2023-06-23 09:30:00-04:00,3.0199999809265137,3.0199999809265137,3.0,3.009999990463257,4314,0.0,0.0
2023-06-23 15:30:00-04:00,2.934999942779541,3.0299999713897705,2.9200000762939453,3.0299999713897705,2841,0.0,0.0
2023-06-26 09:30:00-04:00,3.049999952316284,3.049999952316284,2.930000066757202,2.9600000381469727,0,0.0,0.0
2023-06-26 10:30:00-04:00,3.0,3.0,2.990000009536743,3.0,643,0.0,0.0
2023-06-26 11:30:00-04:00,3.0199999809265137,3.0399999618530273,3.0116000175476074,3.0218000411987305,8670,0.0,0.0
2023-06-26 12:30:00-04:00,3.0174999237060547,3.0299999713897705,3.009000062942505,3.0299999713897705,2102,0.0,0.0
2023-06-26 13:30:00-04:00,3.0,3.0299999713897705,3.0,3.0006000995635986,4450,0.0,0.0
2023-06-26 15:30:00-04:00,3.009999990463257,3.0299999713897705,3.0,3.015000104904175,0,0.0,0.0
2023-06-27 09:30:00-04:00,2.9600000381469727,2.9600000381469727,2.9600000381469727,2.9600000381469727,151,0.0,0.0
2023-06-27 10:30:00-04:00,2.984999895095825,2.990000009536743,2.9800000190734863,2.990000009536743,3100,0.0,0.0
2023-06-27 11:30:00-04:00,2.9749999046325684,2.990000009536743,2.9749999046325684,2.990000009536743,1312,0.0,0.0
2023-06-27 12:30:00-04:00,3.009999990463257,3.0251998901367188,3.0,3.0251998901367188,1365,0.0,0.0
2023-06-27 13:30:00-04:00,3.005000114440918,3.025399923324585,3.0,3.019200086593628,2136,0.0,0.0
2023-06-27 14:30:00-04:00,3.0199999809265137,3.0199999809265137,3.0,3.0,2813,0.0,0.0
2023-06-27 15:30:00-04:00,2.990000009536743,3.0,2.990000009536743,3.0,0,0.0,0.0
2023-06-28 09:30:00-04:00,2.950000047683716,2.9600000381469727,2.9200000762939453,2.9600000381469727,1136,0.0,0.0
2023-06-28 10:30:00-04:00,2.930000066757202,3.0,2.9100000858306885,3.0,6147,0.0,0.0
2023-06-28 11:30:00-04:00,2.9200000762939453,2.9549999237060547,2.9200000762939453,2.9549999237060547,210,0.0,0.0
2023-06-28 12:30:00-04:00,2.9200000762939453,2.9549999237060547,2.9200000762939453,2.9549999237060547,817,0.0,0.0
2023-06-28 14:30:00-04:00,2.944999933242798,2.944999933242798,2.9068000316619873,2.9068000316619873,915,0.0,0.0
2023-06-28 15:30:00-04:00,2.912600040435791,2.930000066757202,2.9000000953674316,2.9200000762939453,3906,0.0,0.0
2023-06-29 09:30:00-04:00,2.9600000381469727,2.9600000381469727,2.8801000118255615,2.890000104904175,6352,0.0,0.0
2023-06-29 10:30:00-04:00,2.9000000953674316,2.9200000762939453,2.9000000953674316,2.9100000858306885,1453,0.0,0.0
2023-06-29 11:30:00-04:00,2.9200000762939453,2.9200000762939453,2.9200000762939453,2.9200000762939453,236,0.0,0.0
2023-06-29 12:30:00-04:00,2.9200000762939453,2.9200000762939453,2.8499999046325684,2.9200000762939453,4076,0.0,0.0
2023-06-29 13:30:00-04:00,2.8499999046325684,2.9000000953674316,2.8499999046325684,2.9000000953674316,1445,0.0,0.0
2023-06-29 14:30:00-04:00,2.8499999046325684,2.9000000953674316,2.8499999046325684,2.9000000953674316,797,0.0,0.0
2023-06-29 15:30:00-04:00,2.799999952316284,2.880000114440918,2.79010009765625,2.8399999141693115,6457,0.0,0.0
2023-06-30 09:30:00-04:00,2.8499999046325684,2.9200000762939453,2.8499999046325684,2.8671998977661133,0,0.0,0.0
2023-06-30 10:30:00-04:00,2.859999895095825,2.9700000286102295,2.8499999046325684,2.9700000286102295,5702,0.0,0.0
2023-06-30 11:30:00-04:00,2.940000057220459,2.9700000286102295,2.8101000785827637,2.9649999141693115,1273,0.0,0.0
2023-06-30 12:30:00-04:00,2.940000057220459,2.9700000286102295,2.940000057220459,2.9549999237060547,2548,0.0,0.0
2023-06-30 13:30:00-04:00,2.950000047683716,2.9800000190734863,2.950000047683716,2.9700000286102295,7365,0.0,0.0
2023-06-30 14:30:00-04:00,2.9516000747680664,2.9516000747680664,2.9516000747680664,2.9516000747680664,103,0.0,0.0
2023-06-30 15:30:00-04:00,2.950000047683716,2.9700000286102295,2.950000047683716,2.950000047683716,3116,0.0,0.0
2023-07-03 09:30:00-04:00,2.9800000190734863,2.990000009536743,2.9200000762939453,2.9200000762939453,0,0.0,0.0
2023-07-03 10:30:00-04:00,2.940000057220459,2.9649999141693115,2.940000057220459,2.9649999141693115,423,0.0,0.0
2023-07-03 11:30:00-04:00,2.940000057220459,2.940000057220459,2.930000066757202,2.930000066757202,1305,0.0,0.0
2023-07-03 12:30:00-04:00,2.930000066757202,2.950000047683716,2.930000066757202,2.930000066757202,6609,0.0,0.0
2023-07-05 09:30:00-04:00,2.950000047683716,2.9800000190734863,2.950000047683716,2.9800000190734863,0,0.0,0.0
2023-07-05 10:30:00-04:00,2.9700000286102295,2.9742000102996826,2.9700000286102295,2.9742000102996826,646,0.0,0.0
2023-07-05 11:30:00-04:00,2.950000047683716,2.950000047683716,2.940000057220459,2.940000057220459,1000,0.0,0.0
2023-07-05 12:30:00-04:00,2.940000057220459,2.940000057220459,2.890000104904175,2.890000104904175,11403,0.0,0.0
2023-07-05 13:30:00-04:00,2.859999895095825,2.9100000858306885,2.859999895095825,2.9100000858306885,1322,0.0,0.0
2023-07-05 14:30:00-04:00,2.879199981689453,2.950000047683716,2.8701000213623047,2.9049999713897705,1251,0.0,0.0
2023-07-05 15:30:00-04:00,2.880000114440918,2.880000114440918,2.869999885559082,2.8763999938964844,786,0.0,0.0
2023-07-06 09:30:00-04:00,2.859999895095825,2.859999895095825,2.7899999618530273,2.7899999618530273,0,0.0,0.0
2023-07-06 10:30:00-04:00,2.799999952316284,2.799999952316284,2.799999952316284,2.799999952316284,5056,0.0,0.0
2023-07-06 11:30:00-04:00,2.819999933242798,2.819999933242798,2.819999933242798,2.819999933242798,979,0.0,0.0
2023-07-06 13:30:00-04:00,2.799999952316284,2.819999933242798,2.799999952316284,2.819999933242798,779,0.0,0.0
2023-07-06 14:30:00-04:00,2.799999952316284,2.8299999237060547,2.799999952316284,2.8299999237060547,1640,0.0,0.0
2023-07-06 15:30:00-04:00,2.8264000415802,2.8499999046325684,2.7899999618530273,2.8499999046325684,0,0.0,0.0
2023-07-07 09:30:00-04:00,2.8399999141693115,2.8399999141693115,2.8399999141693115,2.8399999141693115,470,0.0,0.0
2023-07-07 10:30:00-04:00,2.819999933242798,2.869999885559082,2.819999933242798,2.869999885559082,3197,0.0,0.0
2023-07-07 11:30:00-04:00,2.869999885559082,2.930000066757202,2.8499999046325684,2.930000066757202,6635,0.0,0.0
2023-07-07 12:30:00-04:00,2.873500108718872,2.944999933242798,2.850100040435791,2.850100040435791,2844,0.0,0.0
2023-07-07 13:30:00-04:00,2.9149999618530273,2.940000057220459,2.9000000953674316,2.940000057220459,998,0.0,0.0
2023-07-07 14:30:00-04:00,2.9149999618530273,2.940000057220459,2.9149999618530273,2.9200000762939453,1110,0.0,0.0
2023-07-07 15:30:00-04:00,2.924999952316284,2.9600000381469727,2.9200000762939453,2.9600000381469727,2925,0.0,0.0
2023-07-10 09:30:00-04:00,2.819999933242798,3.0199999809265137,2.819999933242798,3.0199999809265137,7419,0.0,0.0
2023-07-10 10:30:00-04:00,3.0000998973846436,3.0399999618530273,3.0000998973846436,3.0399999618530273,4241,0.0,0.0
2023-07-10 11:30:00-04:00,3.0076000690460205,3.049999952316284,3.0076000690460205,3.0399999618530273,2605,0.0,0.0
2023-07-10 12:30:00-04:00,3.0371999740600586,3.0999999046325684,3.0299999713897705,3.069999933242798,15137,0.0,0.0
2023-07-10 13:30:00-04:00,3.0513999462127686,3.0999999046325684,3.0513999462127686,3.069999933242798,2169,0.0,0.0
2023-07-10 14:30:00-04:00,3.0799999237060547,3.0999999046325684,3.059999942779541,3.059999942779541,1540,0.0,0.0
2023-07-10 15:30:00-04:00,3.0799999237060547,3.0799999237060547,3.059999942779541,3.059999942779541,1023,0.0,0.0
2023-07-11 09:30:00-04:00,3.059999942779541,3.109999895095825,3.059999942779541,3.0850000381469727,0,0.0,0.0
2023-07-11 10:30:00-04:00,3.109999895095825,3.109999895095825,3.059999942779541,3.059999942779541,3007,0.0,0.0
2023-07-11 11:30:00-04:00,3.049999952316284,3.049999952316284,3.049999952316284,3.049999952316284,3432,0.0,0.0
2023-07-11 12:30:00-04:00,3.049999952316284,3.049999952316284,3.049999952316284,3.049999952316284,247,0.0,0.0
2023-07-11 13:30:00-04:00,3.049999952316284,3.0999999046325684,3.049999952316284,3.069999933242798,2029,0.0,0.0
2023-07-11 14:30:00-04:00,3.049999952316284,3.0636000633239746,3.049999952316284,3.0636000633239746,4968,0.0,0.0
2023-07-11 15:30:00-04:00,3.059999942779541,3.059999942779541,3.049999952316284,3.049999952316284,1409,0.0,0.0
2023-07-12 09:30:00-04:00,3.0199999809265137,3.0483999252319336,2.930000066757202,2.9700000286102295,10988,0.0,0.0
2023-07-12 10:30:00-04:00,3.009999990463257,3.009999990463257,3.009999990463257,3.009999990463257,267,0.0,0.0
2023-07-12 11:30:00-04:00,2.994999885559082,3.009999990463257,2.9800000190734863,3.009999990463257,3241,0.0,0.0
2023-07-12 12:30:00-04:00,2.994999885559082,3.0199999809265137,2.9700000286102295,2.9700000286102295,11526,0.0,0.0
2023-07-12 13:30:00-04:00,3.015899896621704,3.015899896621704,3.015899896621704,3.015899896621704,292,0.0,0.0
2023-07-12 14:30:00-04:00,2.9700000286102295,2.9700000286102295,2.8499999046325684,2.8499999046325684,7361,0.0,0.0
2023-07-12 15:30:00-04:00,2.890000104904175,2.930000066757202,2.859999895095825,2.9000000953674316,2108,0.0,0.0
2023-07-13 09:30:00-04:00,3.0,3.0,2.9549999237060547,2.9549999237060547,2061,0.0,0.0
2023-07-13 11:30:00-04:00,2.990000009536743,2.990000009536743,2.9702999591827393,2.9821999073028564,1417,0.0,0.0
2023-07-13 12:30:00-04:00,2.982100009918213,2.984999895095825,2.950000047683716,2.982100009918213,1608,0.0,0.0
2023-07-13 13:30:00-04:00,2.9460999965667725,2.9460999965667725,2.9049999713897705,2.924999952316284,3468,0.0,0.0
2023-07-13 14:30:00-04:00,2.9100000858306885,2.9800000190734863,2.9100000858306885,2.9600000381469727,5055,0.0,0.0
2023-07-13 15:30:00-04:00,2.924999952316284,2.990000009536743,2.924999952316284,2.990000009536743,710,0.0,0.0
2023-07-14 09:30:00-04:00,2.9700000286102295,2.9700000286102295,2.9700000286102295,2.9700000286102295,0,0.0,0.0
2023-07-14 10:30:00-04:00,2.9888999462127686,3.0199999809265137,2.9888999462127686,3.002500057220459,2166,0.0,0.0
2023-07-14 11:30:00-04:00,2.9927000999450684,3.005000114440918,2.9700000286102295,2.9700000286102295,3154,0.0,0.0
2023-07-14 13:30:00-04:00,2.9600000381469727,2.9999001026153564,2.9200000762939453,2.9200000762939453,2688,0.0,0.0
2023-07-14 14:30:00-04:00,2.9600000381469727,2.9600000381469727,2.9600000381469727,2.9600000381469727,351,0.0,0.0
2023-07-14 15:30:00-04:00,2.9200000762939453,2.9200000762939453,2.9200000762939453,2.9200000762939453,103,0.0,0.0
2023-07-17 09:30:00-04:00,3.009999990463257,3.009999990463257,2.986799955368042,2.986799955368042,0,0.0,0.0
2023-07-17 10:30:00-04:00,3.009999990463257,3.009999990463257,2.994999885559082,3.009999990463257,751,0.0,0.0
2023-07-17 11:30:00-04:00,3.005000114440918,3.0399999618530273,2.994999885559082,3.012399911880493,4151,0.0,0.0
2023-07-17 12:30:00-04:00,3.015000104904175,3.059999942779541,3.0,3.03629994392395,11447,0.0,0.0
2023-07-17 13:30:00-04:00,3.0369999408721924,3.059999942779541,3.0299999713897705,3.0450000762939453,2254,0.0,0.0
2023-07-17 14:30:00-04:00,3.0450000762939453,3.049999952316284,2.9800000190734863,3.049999952316284,3656,0.0,0.0
2023-07-17 15:30:00-04:00,3.0,3.0199999809265137,2.9800000190734863,3.0199999809265137,1838,0.0,0.0
2023-07-18 09:30:00-04:00,2.9200000762939453,2.9800000190734863,2.9200000762939453,2.9800000190734863,0,0.0,0.0
2023-07-18 10:30:00-04:00,2.930000066757202,2.992500066757202,2.930000066757202,2.9600000381469727,10493,0.0,0.0
2023-07-18 11:30:00-04:00,2.9749999046325684,3.0299999713897705,2.970099925994873,3.0,6995,0.0,0.0
2023-07-18 12:30:00-04:00,3.0,3.009999990463257,2.986599922180176,2.990000009536743,2480,0.0,0.0
2023-07-18 13:30:00-04:00,2.940000057220459,2.9800000190734863,2.9100000858306885,2.9100000858306885,839,0.0,0.0
2023-07-18 14:30:00-04:00,2.9100000858306885,2.930000066757202,2.8949999809265137,2.9045000076293945,1276,0.0,0.0
2023-07-18 15:30:00-04:00,2.9100000858306885,2.930000066757202,2.9100000858306885,2.9100000858306885,1120,0.0,0.0
2023-07-19 09:30:00-04:00,2.890000104904175,2.940000057220459,2.890000104904175,2.9300999641418457,5484,0.0,0.0
2023-07-19 10:30:00-04:00,2.950000047683716,3.0199999809265137,2.9200000762939453,3.0199999809265137,4316,0.0,0.0
2023-07-19 11:30:00-04:00,2.9600000381469727,3.0199999809265137,2.9600000381469727,3.015000104904175,10955,0.0,0.0
2023-07-19 12:30:00-04:00,3.0095999240875244,3.009999990463257,2.990000009536743,3.009999990463257,1036,0.0,0.0
2023-07-19 13:30:00-04:00,3.0250000953674316,3.0369999408721924,3.0,3.0369999408721924,5169,0.0,0.0
2023-07-19 14:30:00-04:00,3.049999952316284,3.049999952316284,3.0299999713897705,3.0399999618530273,2067,0.0,0.0
2023-07-19 15:30:00-04:00,3.009999990463257,3.009999990463257,3.0,3.0,1874,0.0,0.0
2023-07-20 09:30:00-04:00,3.0,3.0,2.9951000213623047,2.9951000213623047,2024,0.0,0.0
2023-07-20 10:30:00-04:00,2.9800000190734863,3.009999990463257,2.9800000190734863,3.009999990463257,1544,0.0,0.0
2023-07-20 11:30:00-04:00,3.009999990463257,3.0799999237060547,3.0000998973846436,3.030600070953369,12400,0.0,0.0
2023-07-20 12:30:00-04:00,3.0999999046325684,3.2799999713897705,3.0701000690460205,3.2300000190734863,18282,0.0,0.0
2023-07-20 13:30:00-04:00,3.2699999809265137,3.3399999141693115,3.2444000244140625,3.299999952316284,7398,0.0,0.0
2023-07-20 14:30:00-04:00,3.2899999618530273,3.325000047683716,3.2899999618530273,3.299999952316284,7932,0.0,0.0
2023-07-20 15:30:00-04:00,3.2799999713897705,3.299999952316284,3.180000066757202,3.2014000415802,0,0.0,0.0
2023-07-21 09:30:00-04:00,3.3499999046325684,3.8499999046325684,3.240000009536743,3.5399999618530273,88392,0.0,0.0
2023-07-21 10:30:00-04:00,3.5399999618530273,3.7028000354766846,3.5,3.6449999809265137,14630,0.0,0.0
2023-07-21 11:30:00-04:00,3.6549999713897705,3.680000066757202,3.575000047683716,3.6600000858306885,7964,0.0,0.0
2023-07-21 12:30:00-04:00,3.6500000953674316,3.690000057220459,3.609999895095825,3.613800048828125,6312,0.0,0.0
2023-07-21 13:30:00-04:00,3.6449999809265137,3.659899950027466,3.509999990463257,3.569999933242798,8188,0.0,0.0
2023-07-21 14:30:00-04:00,3.5950000286102295,3.6050000190734863,3.5399999618530273,3.589900016784668,14723,0.0,0.0
2023-07-21 15:30:00-04:00,3.5799999237060547,3.5999999046325684,3.5397000312805176,3.559999942779541,20746,0.0,0.0
2023-07-24 09:30:00-04:00,3.690000057220459,3.690000057220459,3.338099956512451,3.350100040435791,26107,0.0,0.0
2023-07-24 10:30:00-04:00,3.3499999046325684,3.4000000953674316,3.210099935531616,3.2300000190734863,12919,0.0,0.0
2023-07-24 11:30:00-04:00,3.2850000858306885,3.2899999618530273,3.2200000286102295,3.240000009536743,3897,0.0,0.0
2023-07-24 12:30:00-04:00,3.2200000286102295,3.240000009536743,3.2100000381469727,3.240000009536743,11091,0.0,0.0
2023-07-24 13:30:00-04:00,3.25,3.25,3.2300000190734863,3.240000009536743,4649,0.0,0.0
2023-07-24 14:30:00-04:00,3.2520999908447266,3.369999885559082,3.2520999908447266,3.3101000785827637,3125,0.0,0.0
2023-07-24 15:30:00-04:00,3.3399999141693115,3.3399999141693115,3.2899999618530273,3.3299999237060547,1698,0.0,0.0
2023-07-25 09:30:00-04:00,3.240000009536743,3.25,3.200000047683716,3.2195000648498535,8046,0.0,0.0
2023-07-25 10:30:00-04:00,3.190000057220459,3.190000057220459,3.0309998989105225,3.0309998989105225,1654,0.0,0.0
2023-07-25 11:30:00-04:00,3.0199999809265137,3.137200117111206,3.009999990463257,3.110100030899048,14211,0.0,0.0
2023-07-25 12:30:00-04:00,3.131200075149536,3.131200075149536,3.131200075149536,3.131200075149536,227,0.0,0.0
2023-07-25 13:30:00-04:00,3.134999990463257,3.1600000858306885,3.059999942779541,3.130000114440918,8010,0.0,0.0
2023-07-25 14:30:00-04:00,3.130000114440918,3.190000057220459,3.119999885559082,3.190000057220459,1741,0.0,0.0
2023-07-25 15:30:00-04:00,3.1837000846862793,3.1837000846862793,3.1500000953674316,3.1500000953674316,3656,0.0,0.0
2023-07-26 09:30:00-04:00,3.0,3.0999999046325684,3.0,3.03439998626709,9102,0.0,0.0
2023-07-26 10:30:00-04:00,3.0453999042510986,3.0453999042510986,3.0453999042510986,3.0453999042510986,278,0.0,0.0
2023-07-26 11:30:00-04:00,3.0399999618530273,3.069999933242798,3.0399999618530273,3.0576999187469482,6581,0.0,0.0
2023-07-26 12:30:00-04:00,3.051800012588501,3.062000036239624,3.049999952316284,3.049999952316284,19356,0.0,0.0
2023-07-26 13:30:00-04:00,3.049999952316284,3.059999942779541,3.049999952316284,3.055000066757202,15513,0.0,0.0
2023-07-26 14:30:00-04:00,3.049999952316284,3.059999942779541,3.049999952316284,3.059999942779541,6478,0.0,0.0
2023-07-26 15:30:00-04:00,3.069999933242798,3.069999933242798,3.009999990463257,3.009999990463257,14163,0.0,0.0
2023-07-27 09:30:00-04:00,2.990000009536743,3.059999942779541,2.990000009536743,3.0399999618530273,5670,0.0,0.0
2023-07-27 10:30:00-04:00,3.0399999618530273,3.0799999237060547,3.0399999618530273,3.056999921798706,9927,0.0,0.0
2023-07-27 11:30:00-04:00,3.059999942779541,3.059999942779541,3.0399999618530273,3.0527000427246094,7901,0.0,0.0
2023-07-27 12:30:00-04:00,3.043800115585327,3.059999942779541,3.0399999618530273,3.059999942779541,704,0.0,0.0
2023-07-27 13:30:00-04:00,3.0399999618530273,3.063999891281128,3.0399999618530273,3.0399999618530273,7945,0.0,0.0
2023-07-27 14:30:00-04:00,3.0399999618530273,3.059999942779541,3.0399999618530273,3.0399999618530273,17174,0.0,0.0
2023-07-27 15:30:00-04:00,3.0518999099731445,3.0799999237060547,3.0399999618530273,3.0799999237060547,5149,0.0,0.0
2023-07-28 09:30:00-04:00,3.0799999237060547,3.0799999237060547,3.0,3.009999990463257,1828,0.0,0.0
2023-07-28 10:30:00-04:00,3.0399999618530273,3.055000066757202,3.0299999713897705,3.055000066757202,2741,0.0,0.0
2023-07-28 11:30:00-04:00,3.0183000564575195,3.053800106048584,3.0183000564575195,3.053800106048584,2865,0.0,0.0
2023-07-28 12:30:00-04:00,3.0799999237060547,3.0799999237060547,3.055000066757202,3.069999933242798,2177,0.0,0.0
2023-07-28 13:30:00-04:00,3.069999933242798,3.0899999141693115,3.069999933242798,3.075000047683716,1021,0.0,0.0
2023-07-31 09:30:00-04:00,3.0,3.0801000595092773,3.0,3.009999990463257,0,0.0,0.0
2023-07-31 10:30:00-04:00,3.0427000522613525,3.0427000522613525,3.015000104904175,3.0199999809265137,7756,0.0,0.0
2023-07-31 11:30:00-04:00,3.0,3.0399999618530273,3.0,3.0311999320983887,1014,0.0,0.0
2023-07-31 12:30:00-04:00,3.0350000858306885,3.0350000858306885,3.0199999809265137,3.0199999809265137,2190,0.0,0.0
2023-07-31 13:30:00-04:00,3.0399999618530273,3.0399999618530273,3.0201001167297363,3.0201001167297363,780,0.0,0.0
2023-07-31 14:30:00-04:00,3.0199999809265137,3.0250000953674316,3.009999990463257,3.0102999210357666,1794,0.0,0.0
2023-07-31 15:30:00-04:00,3.0230000019073486,3.0230000019073486,3.0230000019073486,3.0230000019073486,227,0.0,0.0
2023-08-01 09:30:00-04:00,3.0399999618530273,3.0441999435424805,3.005000114440918,3.0399999618530273,5623,0.0,0.0
2023-08-01 11:30:00-04:00,3.049999952316284,3.049999952316284,3.049999952316284,3.049999952316284,630,0.0,0.0
2023-08-01 12:30:00-04:00,3.0199999809265137,3.0199999809265137,3.0199999809265137,3.0199999809265137,202,0.0,0.0
2023-08-01 13:30:00-04:00,3.0250000953674316,3.0399999618530273,3.0250000953674316,3.0299999713897705,2157,0.0,0.0
2023-08-01 14:30:00-04:00,3.033400058746338,3.033400058746338,3.033400058746338,3.033400058746338,279,0.0,0.0
2023-08-01 15:30:00-04:00,3.0450000762939453,3.0450000762939453,3.009999990463257,3.009999990463257,0,0.0,0.0
2023-08-02 09:30:00-04:00,3.0,3.059999942779541,2.990000009536743,3.059999942779541,2140,0.0,0.0
2023-08-02 10:30:00-04:00,3.055799961090088,3.055799961090088,3.055799961090088,3.055799961090088,1061,0.0,0.0
2023-08-02 11:30:00-04:00,3.016900062561035,3.049999952316284,3.016900062561035,3.0350000858306885,819,0.0,0.0
2023-08-02 12:30:00-04:00,3.031399965286255,3.031399965286255,3.017400026321411,3.017400026321411,764,0.0,0.0
2023-08-02 13:30:00-04:00,3.009999990463257,3.0116000175476074,3.009999990463257,3.0116000175476074,1076,0.0,0.0
2023-08-02 14:30:00-04:00,3.0215001106262207,3.022700071334839,3.009999990463257,3.009999990463257,3824,0.0,0.0
2023-08-02 15:30:00-04:00,3.0,3.0,3.0,3.0,592,0.0,0.0
2023-08-03 09:30:00-04:00,3.009999990463257,3.009999990463257,3.009999990463257,3.009999990463257,193,0.0,0.0
2023-08-03 10:30:00-04:00,3.0250000953674316,3.025399923324585,3.009999990463257,3.0100998878479004,2140,0.0,0.0
2023-08-03 11:30:00-04:00,2.9700000286102295,2.9700000286102295,2.9700000286102295,2.9700000286102295,272,0.0,0.0
2023-08-03 12:30:00-04:00,2.950000047683716,2.950000047683716,2.950000047683716,2.950000047683716,1498,0.0,0.0
2023-08-03 13:30:00-04:00,2.9200000762939453,2.93149995803833,2.9200000762939453,2.93149995803833,3419,0.0,0.0
2023-08-03 14:30:00-04:00,2.9600000381469727,2.9600000381469727,2.9600000381469727,2.9600000381469727,510,0.0,0.0
2023-08-03 15:30:00-04:00,2.920099973678589,2.9395999908447266,2.920099973678589,2.9395999908447266,481,0.0,0.0
2023-08-04 09:30:00-04:00,2.9600000381469727,2.9600000381469727,2.910599946975708,2.950000047683716,0,0.0,0.0
2023-08-04 10:30:00-04:00,2.934999942779541,2.934999942779541,2.9003000259399414,2.9003000259399414,559,0.0,0.0
2023-08-04 12:30:00-04:00,2.9031999111175537,2.9100000858306885,2.9000000953674316,2.9100000858306885,1182,0.0,0.0
2023-08-04 15:30:00-04:00,2.9000000953674316,2.9000000953674316,2.9000000953674316,2.9000000953674316,741,0.0,0.0
2023-08-07 09:30:00-04:00,2.9010000228881836,2.910099983215332,2.900899887084961,2.9100000858306885,2517,0.0,0.0
2023-08-07 10:30:00-04:00,2.9100000858306885,2.9100000858306885,2.9100000858306885,2.9100000858306885,877,0.0,0.0
2023-08-07 11:30:00-04:00,2.918299913406372,2.940000057220459,2.890000104904175,2.940000057220459,3561,0.0,0.0
2023-08-07 12:30:00-04:00,2.9100000858306885,2.9100000858306885,2.9100000858306885,2.9100000858306885,820,0.0,0.0
2023-08-07 13:30:00-04:00,2.8889999389648438,2.8889999389648438,2.8889999389648438,2.8889999389648438,1111,0.0,0.0
2023-08-07 14:30:00-04:00,2.8949999809265137,2.9000000953674316,2.890000104904175,2.9000000953674316,756,0.0,0.0
2023-08-07 15:30:00-04:00,2.880000114440918,2.880000114440918,2.8299999237060547,2.859999895095825,3053,0.0,0.0
2023-08-08 09:30:00-04:00,2.8299999237060547,2.8355000019073486,2.8299999237060547,2.8355000019073486,0,0.0,0.0
2023-08-08 10:30:00-04:00,2.8399999141693115,2.8399999141693115,2.8399999141693115,2.8399999141693115,134,0.0,0.0
2023-08-08 11:30:00-04:00,2.8399999141693115,2.8399999141693115,2.8399999141693115,2.8399999141693115,397,0.0,0.0
2023-08-08 12:30:00-04:00,2.846400022506714,2.846400022506714,2.846400022506714,2.846400022506714,172,0.0,0.0
2023-08-08 13:30:00-04:00,2.8434998989105225,2.8434998989105225,2.8434998989105225,2.8434998989105225,197,0.0,0.0
2023-08-08 14:30:00-04:00,2.8399999141693115,2.8499999046325684,2.8399999141693115,2.8499999046325684,1466,0.0,0.0
2023-08-08 15:30:00-04:00,2.8299999237060547,2.8350000381469727,2.809999942779541,2.819999933242798,1595,0.0,0.0
2023-08-09 09:30:00-04:00,2.759999990463257,2.849900007247925,2.759999990463257,2.849900007247925,1744,0.0,0.0
2023-08-09 10:30:00-04:00,2.7899999618530273,2.7899999618530273,2.7899999618530273,2.7899999618530273,252,0.0,0.0
2023-08-09 11:30:00-04:00,2.7899999618530273,2.7899999618530273,2.759999990463257,2.759999990463257,1437,0.0,0.0
2023-08-09 12:30:00-04:00,2.759999990463257,2.7639000415802,2.759999990463257,2.7639000415802,706,0.0,0.0
2023-08-09 13:30:00-04:00,2.75,2.75,2.7200000286102295,2.7200000286102295,462,0.0,0.0
2023-08-09 14:30:00-04:00,2.740000009536743,2.740000009536743,2.722899913787842,2.7300000190734863,3864,0.0,0.0
2023-08-09 15:30:00-04:00,2.733599901199341,2.75,2.7300000190734863,2.740000009536743,0,0.0,0.0
2023-08-10 09:30:00-04:00,2.740000009536743,2.75,2.7200000286102295,2.75,3012,0.0,0.0
2023-08-10 10:30:00-04:00,2.75,2.799999952316284,2.75,2.75,5852,0.0,0.0
2023-08-10 11:30:00-04:00,2.75,2.75,2.75,2.75,2204,0.0,0.0
2023-08-10 12:30:00-04:00,2.759999990463257,2.76990008354187,2.759999990463257,2.759999990463257,2125,0.0,0.0
2023-08-10 14:30:00-04:00,2.76990008354187,2.9700000286102295,2.759999990463257,2.9700000286102295,3037,0.0,0.0
2023-08-10 15:30:00-04:00,2.880000114440918,2.880000114440918,2.7899999618530273,2.8399999141693115,0,0.0,0.0
2023-08-11 09:30:00-04:00,2.809999942779541,2.809999942779541,2.809999942779541,2.809999942779541,2134,0.0,0.0
2023-08-11 10:30:00-04:00,2.8201000690460205,2.940000057220459,2.8201000690460205,2.934999942779541,4987,0.0,0.0
2023-08-11 11:30:00-04:00,2.900099992752075,2.940000057220459,2.9000000953674316,2.940000057220459,4729,0.0,0.0
2023-08-11 12:30:00-04:00,2.9000000953674316,2.930000066757202,2.8949999809265137,2.9100000858306885,2996,0.0,0.0
2023-08-11 14:30:00-04:00,2.858099937438965,2.858099937438965,2.858099937438965,2.858099937438965,239,0.0,0.0
2023-08-11 15:30:00-04:00,2.8350000381469727,2.880000114440918,2.8350000381469727,2.880000114440918,1215,0.0,0.0
2023-08-14 09:30:00-04:00,2.819999933242798,2.8399999141693115,2.819999933242798,2.8399999141693115,0,0.0,0.0
2023-08-14 10:30:00-04:00,2.802500009536743,2.859999895095825,2.799999952316284,2.859999895095825,7707,0.0,0.0
2023-08-14 11:30:00-04:00,2.850100040435791,2.850100040435791,2.850100040435791,2.850100040435791,545,0.0,0.0
2023-08-14 13:30:00-04:00,2.8499999046325684,2.8513998985290527,2.799999952316284,2.799999952316284,32838,0.0,0.0
2023-08-14 14:30:00-04:00,2.7709999084472656,2.7709999084472656,2.759999990463257,2.759999990463257,2624,0.0,0.0
2023-08-14 15:30:00-04:00,2.75,2.7799999713897705,2.7200000286102295,2.7200000286102295,9828,0.0,0.0
2023-08-15 09:30:00-04:00,2.7699999809265137,2.785399913787842,2.7699999809265137,2.785399913787842,708,0.0,0.0
2023-08-15 10:30:00-04:00,2.720099925994873,2.720099925994873,2.720099925994873,2.720099925994873,221,0.0,0.0
2023-08-15 11:30:00-04:00,2.7200000286102295,2.7295000553131104,2.700000047683716,2.7295000553131104,939,0.0,0.0
2023-08-15 12:30:00-04:00,2.7248001098632812,2.7302000522613525,2.7248001098632812,2.7302000522613525,453,0.0,0.0
2023-08-15 13:30:00-04:00,2.7249999046325684,2.75,2.7249999046325684,2.7300000190734863,3372,0.0,0.0
2023-08-15 14:30:00-04:00,2.700000047683716,2.799999952316284,2.700000047683716,2.799999952316284,1759,0.0,0.0
2023-08-15 15:30:00-04:00,2.7200000286102295,2.7699999809265137,2.700000047683716,2.7699999809265137,0,0.0,0.0
2023-08-16 09:30:00-04:00,2.7799999713897705,2.7799999713897705,2.7799999713897705,2.7799999713897705,411,0.0,0.0
2023-08-16 10:30:00-04:00,2.7699999809265137,2.7699999809265137,2.7018001079559326,2.7018001079559326,489,0.0,0.0
2023-08-16 12:30:00-04:00,2.734999895095825,2.734999895095825,2.734999895095825,2.734999895095825,185,0.0,0.0
2023-08-16 13:30:00-04:00,2.700000047683716,2.700000047683716,2.700000047683716,2.700000047683716,984,0.0,0.0
2023-08-16 15:30:00-04:00,2.6700000762939453,2.680000066757202,2.6700000762939453,2.680000066757202,0,0.0,0.0
2023-08-17 09:30:00-04:00,2.7200000286102295,2.9000000953674316,2.7200000286102295,2.890000104904175,5462,0.0,0.0
2023-08-17 10:30:00-04:00,2.8299999237060547,2.8405001163482666,2.740000009536743,2.8405001163482666,2492,0.0,0.0
2023-08-17 11:30:00-04:00,2.799999952316284,2.800100088119507,2.799999952316284,2.800100088119507,17812,0.0,0.0
2023-08-17 12:30:00-04:00,2.8299999237060547,2.8299999237060547,2.799999952316284,2.799999952316284,17943,0.0,0.0
2023-08-17 13:30:00-04:00,2.755000114440918,2.765000104904175,2.740000009536743,2.75,1778,0.0,0.0
2023-08-17 14:30:00-04:00,2.6926000118255615,2.7300000190734863,2.6926000118255615,2.7300000190734863,887,0.0,0.0
2023-08-17 15:30:00-04:00,2.700000047683716,2.7799999713897705,2.690000057220459,2.7799999713897705,0,0.0,0.0
2023-08-18 09:30:00-04:00,2.7699999809265137,2.7699999809265137,2.7300000190734863,2.740000009536743,3614,0.0,0.0
2023-08-18 11:30:00-04:00,2.759999990463257,2.759999990463257,2.6600000858306885,2.6991000175476074,5569,0.0,0.0
2023-08-18 12:30:00-04:00,2.700000047683716,2.7899999618530273,2.700000047683716,2.700200080871582,4416,0.0,0.0
2023-08-18 13:30:00-04:00,2.684999942779541,2.684999942779541,2.684999942779541,2.684999942779541,1118,0.0,0.0
2023-08-18 14:30:00-04:00,2.6784000396728516,2.6784000396728516,2.6784000396728516,2.6784000396728516,253,0.0,0.0
2023-08-18 15:30:00-04:00,2.640000104904175,2.6500000953674316,2.630000114440918,2.6500000953674316,1570,0.0,0.0
2023-08-21 09:30:00-04:00,2.5999999046325684,2.759999990463257,2.5299999713897705,2.640000104904175,0,0.0,0.0
2023-08-21 10:30:00-04:00,2.575000047683716,2.575000047683716,2.575000047683716,2.575000047683716,203,0.0,0.0
2023-08-21 11:30:00-04:00,2.5738000869750977,2.7100000381469727,2.5299999713897705,2.625,3479,0.0,0.0
2023-08-21 12:30:00-04:00,2.619999885559082,2.619999885559082,2.569999933242798,2.569999933242798,2368,0.0,0.0
2023-08-21 13:30:00-04:00,2.569999933242798,2.5799999237060547,2.569999933242798,2.569999933242798,1312,0.0,0.0
2023-08-21 14:30:00-04:00,2.5100998878479004,2.5100998878479004,2.450000047683716,2.4700000286102295,3624,0.0,0.0
2023-08-21 15:30:00-04:00,2.549999952316284,2.5899999141693115,2.5399999618530273,2.569999933242798,0,0.0,0.0
2023-08-22 09:30:00-04:00,2.4600000381469727,2.4600000381469727,2.4528000354766846,2.4528000354766846,1108,0.0,0.0
2023-08-22 10:30:00-04:00,2.4900999069213867,2.606600046157837,2.4900999069213867,2.5000998973846436,1240,0.0,0.0
2023-08-22 11:30:00-04:00,2.5450000762939453,2.5450000762939453,2.359999895095825,2.4600000381469727,10119,0.0,0.0
2023-08-22 12:30:00-04:00,2.3701000213623047,2.450000047683716,2.3701000213623047,2.440000057220459,9106,0.0,0.0
2023-08-22 13:30:00-04:00,2.440000057220459,2.450000047683716,2.440000057220459,2.440000057220459,3076,0.0,0.0
2023-08-22 14:30:00-04:00,2.444999933242798,2.619999885559082,2.440000057220459,2.619999885559082,9420,0.0,0.0
2023-08-22 15:30:00-04:00,2.5850000381469727,2.7300000190734863,2.5850000381469727,2.7249999046325684,6690,0.0,0.0
2023-08-23 09:30:00-04:00,2.700000047683716,2.700000047683716,2.4100000858306885,2.490000009536743,5644,0.0,0.0
2023-08-23 10:30:00-04:00,2.500499963760376,2.638700008392334,2.490000009536743,2.5399999618530273,76234,0.0,0.0
2023-08-23 11:30:00-04:00,2.5199999809265137,2.6500000953674316,2.5,2.549999952316284,27080,0.0,0.0
2023-08-23 12:30:00-04:00,2.559999942779541,2.569999933242798,2.5,2.5,18840,0.0,0.0
2023-08-23 13:30:00-04:00,2.5,2.5099000930786133,2.5,2.5,2531,0.0,0.0
2023-08-23 14:30:00-04:00,2.505000114440918,2.507499933242798,2.4200000762939453,2.4200000762939453,23681,0.0,0.0
2023-08-23 15:30:00-04:00,2.4200000762939453,2.434999942779541,2.1600000858306885,2.25,0,0.0,0.0
2023-08-24 09:30:00-04:00,2.25,2.309299945831299,2.25,2.259999990463257,11275,0.0,0.0
2023-08-24 10:30:00-04:00,2.220099925994873,2.220099925994873,2.180000066757202,2.180000066757202,11776,0.0,0.0
2023-08-24 11:30:00-04:00,2.189300060272217,2.190000057220459,2.1449999809265137,2.1500000953674316,29828,0.0,0.0
2023-08-24 12:30:00-04:00,2.1600000858306885,2.1600000858306885,2.1500000953674316,2.1549999713897705,2752,0.0,0.0
2023-08-24 13:30:00-04:00,2.1500000953674316,2.1549999713897705,2.130000114440918,2.134999990463257,2060,0.0,0.0
2023-08-24 14:30:00-04:00,2.139899969100952,2.139899969100952,2.139899969100952,2.139899969100952,343,0.0,0.0
2023-08-24 15:30:00-04:00,2.134999990463257,2.134999990463257,2.049999952316284,2.059999942779541,8167,0.0,0.0
2023-08-25 09:30:00-04:00,2.059999942779541,2.1157000064849854,2.0399999618530273,2.0399999618530273,2476,0.0,0.0
2023-08-25 10:30:00-04:00,2.049999952316284,2.0799999237060547,2.049999952316284,2.0799999237060547,3786,0.0,0.0
2023-08-25 11:30:00-04:00,2.000999927520752,2.015000104904175,1.9400999546051025,1.9700000286102295,16038,0.0,0.0
2023-08-25 12:30:00-04:00,1.9789999723434448,1.9900000095367432,1.9700000286102295,1.9900000095367432,2077,0.0,0.0
2023-08-25 13:30:00-04:00,1.9881999492645264,1.9900000095367432,1.9800000190734863,1.9900000095367432,3837,0.0,0.0
2023-08-25 14:30:00-04:00,1.9900000095367432,1.9900000095367432,1.875,1.8949999809265137,13133,0.0,0.0
2023-08-25 15:30:00-04:00,1.899999976158142,1.899999976158142,1.8799999952316284,1.899999976158142,3450,0.0,0.0
2023-08-28 09:30:00-04:00,1.899999976158142,2.0199999809265137,1.899999976158142,1.9900000095367432,3723,0.0,0.0
2023-08-28 10:30:00-04:00,1.9850000143051147,1.9850000143051147,1.8899999856948853,1.8899999856948853,7123,0.0,0.0
2023-08-28 11:30:00-04:00,1.9199999570846558,1.9199999570846558,1.8901000022888184,1.899999976158142,2510,0.0,0.0
2023-08-28 12:30:00-04:00,1.8910000324249268,1.899999976158142,1.8910000324249268,1.898800015449524,0,0.0,0.0
2023-08-28 13:30:00-04:00,1.8986999988555908,1.8986999988555908,1.8986999988555908,1.8986999988555908,22014,0.0,0.0
2023-08-28 14:30:00-04:00,1.8902000188827515,1.8903000354766846,1.8902000188827515,1.8903000354766846,910,0.0,0.0
2023-08-28 15:30:00-04:00,1.909999966621399,1.9187999963760376,1.899999976158142,1.909999966621399,0,0.0,0.0
2023-08-29 09:30:00-04:00,1.9469000101089478,1.9469000101089478,1.9469000101089478,1.9469000101089478,345,0.0,0.0
2023-08-29 10:30:00-04:00,1.9400999546051025,2.01990008354187,1.9199999570846558,1.9199999570846558,4622,0.0,0.0
2023-08-29 11:30:00-04:00,1.909999966621399,1.909999966621399,1.8799999952316284,1.8799999952316284,4518,0.0,0.0
2023-08-29 12:30:00-04:00,1.8600000143051147,1.8600000143051147,1.850000023841858,1.850000023841858,4573,0.0,0.0
2023-08-29 13:30:00-04:00,1.850000023841858,1.8550000190734863,1.7899999618530273,1.7899999618530273,13768,0.0,0.0
2023-08-29 14:30:00-04:00,1.7799999713897705,1.7799999713897705,1.7200000286102295,1.7400000095367432,48357,0.0,0.0
2023-08-29 15:30:00-04:00,1.7300000190734863,1.7300000190734863,1.7000000476837158,1.7000000476837158,4152,0.0,0.0
2023-08-30 09:30:00-04:00,1.7000000476837158,1.7000000476837158,1.649999976158142,1.684999942779541,4786,0.0,0.0
2023-08-30 10:30:00-04:00,1.659999966621399,1.659999966621399,1.6200000047683716,1.6299999952316284,10066,0.0,0.0
2023-08-30 11:30:00-04:00,1.6299999952316284,1.659999966621399,1.6200000047683716,1.6299999952316284,19516,0.0,0.0
2023-08-30 12:30:00-04:00,1.6299999952316284,1.6299999952316284,1.6200000047683716,1.6201000213623047,10010,0.0,0.0
2023-08-30 13:30:00-04:00,1.6200000047683716,1.6200000047683716,1.590000033378601,1.600000023841858,6327,0.0,0.0
2023-08-30 14:30:00-04:00,1.5968999862670898,1.5993000268936157,1.5968999862670898,1.5993000268936157,485,0.0,0.0
2023-08-30 15:30:00-04:00,1.600000023841858,1.600000023841858,1.5950000286102295,1.5950000286102295,2874,0.0,0.0
2023-08-31 09:30:00-04:00,1.600000023841858,1.649999976158142,1.600000023841858,1.649999976158142,5181,0.0,0.0
2023-08-31 10:30:00-04:00,1.6410000324249268,1.6614999771118164,1.6399999856948853,1.649999976158142,7869,0.0,0.0
2023-08-31 11:30:00-04:00,1.6299999952316284,1.6299999952316284,1.6289000511169434,1.62909996509552,308,0.0,0.0
2023-08-31 12:30:00-04:00,1.6299999952316284,1.6299999952316284,1.6299999952316284,1.6299999952316284,2407,0.0,0.0
2023-08-31 13:30:00-04:00,1.6299999952316284,1.6299999952316284,1.6200000047683716,1.6274000406265259,1427,0.0,0.0
2023-08-31 14:30:00-04:00,1.6200000047683716,1.6200000047683716,1.6100000143051147,1.6100000143051147,1786,0.0,0.0
2023-08-31 15:30:00-04:00,1.6100000143051147,1.6200000047683716,1.600000023841858,1.6200000047683716,14134,0.0,0.0
2023-09-01 09:30:00-04:00,1.600000023841858,1.649999976158142,1.600000023841858,1.6151000261306763,6159,0.0,0.0
2023-09-01 10:30:00-04:00,1.649999976158142,1.649999976158142,1.6152000427246094,1.6152000427246094,514,0.0,0.0
2023-09-01 11:30:00-04:00,1.6100000143051147,1.610200047492981,1.6100000143051147,1.6100000143051147,805,0.0,0.0
2023-09-01 12:30:00-04:00,1.6312999725341797,1.6312999725341797,1.6312999725341797,1.6312999725341797,423,0.0,0.0
2023-09-01 14:30:00-04:00,1.6299999952316284,1.6299999952316284,1.6299999952316284,1.6299999952316284,234,0.0,0.0
2023-09-01 15:30:00-04:00,1.6299999952316284,1.6299999952316284,1.6200000047683716,1.6200000047683716,1439,0.0,0.0
2023-09-05 09:30:00-04:00,1.649999976158142,1.649999976158142,1.6200000047683716,1.6200000047683716,4403,0.0,0.0
2023-09-05 11:30:00-04:00,1.6200000047683716,1.649999976158142,1.6200000047683716,1.649999976158142,1570,0.0,0.0
2023-09-05 12:30:00-04:00,1.6337000131607056,1.649999976158142,1.621999979019165,1.649999976158142,1323,0.0,0.0
2023-09-05 14:30:00-04:00,1.6523000001907349,1.6523000001907349,1.6523000001907349,1.6523000001907349,322,0.0,0.0
2023-09-05 15:30:00-04:00,1.690000057220459,1.690000057220459,1.6100000143051147,1.6100000143051147,0,0.0,0.0
2023-09-06 09:30:00-04:00,1.6299999952316284,1.6299999952316284,1.625,1.6292999982833862,2602,0.0,0.0
2023-09-06 11:30:00-04:00,1.620300054550171,1.620300054550171,1.620300054550171,1.620300054550171,159,0.0,0.0
2023-09-06 12:30:00-04:00,1.6299999952316284,1.649999976158142,1.625,1.6449999809265137,4617,0.0,0.0
2023-09-06 13:30:00-04:00,1.659999966621399,1.659999966621399,1.6449999809265137,1.659999966621399,886,0.0,0.0
2023-09-06 14:30:00-04:00,1.6856000423431396,1.6856000423431396,1.6324000358581543,1.6324000358581543,1512,0.0,0.0
2023-09-06 15:30:00-04:00,1.6301000118255615,1.659999966621399,1.6299999952316284,1.6399999856948853,0,0.0,0.0
2023-09-07 09:30:00-04:00,1.659999966621399,1.659999966621399,1.659999966621399,1.659999966621399,648,0.0,0.0
2023-09-07 10:30:00-04:00,1.6581000089645386,1.7000000476837158,1.6581000089645386,1.6908999681472778,3086,0.0,0.0
2023-09-07 13:30:00-04:00,1.6663999557495117,1.6699999570846558,1.6663999557495117,1.6699999570846558,372,0.0,0.0
2023-09-07 14:30:00-04:00,1.659999966621399,1.659999966621399,1.659999966621399,1.659999966621399,1055,0.0,0.0
2023-09-07 15:30:00-04:00,1.6399999856948853,1.6399999856948853,1.6200000047683716,1.6299999952316284,0,0.0,0.0
2023-09-08 09:30:00-04:00,1.6301000118255615,1.6383999586105347,1.6299999952316284,1.6383999586105347,1828,0.0,0.0
2023-09-08 10:30:00-04:00,1.6200000047683716,1.6200000047683716,1.600000023841858,1.600000023841858,2623,0.0,0.0
2023-09-08 11:30:00-04:00,1.6100000143051147,1.6100000143051147,1.5700000524520874,1.5800000429153442,1954,0.0,0.0
2023-09-08 12:30:00-04:00,1.5950000286102295,1.5950000286102295,1.5950000286102295,1.5950000286102295,149,0.0,0.0
2023-09-08 13:30:00-04:00,1.5950000286102295,1.6050000190734863,1.5950000286102295,1.6050000190734863,1076,0.0,0.0
2023-09-08 14:30:00-04:00,1.6050000190734863,1.6100000143051147,1.6050000190734863,1.6100000143051147,851,0.0,0.0
2023-09-08 15:30:00-04:00,1.6399999856948853,1.6399999856948853,1.600000023841858,1.600000023841858,6616,0.0,0.0
2023-09-11 10:30:00-04:00,1.613800048828125,1.6299999952316284,1.613800048828125,1.6299999952316284,915,0.0,0.0
2023-09-11 11:30:00-04:00,1.6799999475479126,1.6799999475479126,1.649999976158142,1.649999976158142,395,0.0,0.0
2023-09-11 12:30:00-04:00,1.613700032234192,1.613700032234192,1.613700032234192,1.613700032234192,734,0.0,0.0
2023-09-11 14:30:00-04:00,1.6196999549865723,1.6196999549865723,1.6196999549865723,1.6196999549865723,1255,0.0,0.0
2023-09-11 15:30:00-04:00,1.6109999418258667,1.6298999786376953,1.600000023841858,1.6100000143051147,11186,0.0,0.0
2023-09-12 09:30:00-04:00,1.649999976158142,1.649999976158142,1.600000023841858,1.6100000143051147,8020,0.0,0.0
2023-09-12 10:30:00-04:00,1.6100000143051147,1.6100000143051147,1.6100000143051147,1.6100000143051147,245,0.0,0.0
2023-09-12 11:30:00-04:00,1.6200000047683716,1.6200000047683716,1.5499999523162842,1.5499999523162842,7889,0.0,0.0
2023-09-12 12:30:00-04:00,1.559999942779541,1.559999942779541,1.5099999904632568,1.5099999904632568,2763,0.0,0.0
2023-09-12 13:30:00-04:00,1.5099999904632568,1.5800000429153442,1.5089999437332153,1.5800000429153442,5906,0.0,0.0
2023-09-12 14:30:00-04:00,1.600000023841858,1.600000023841858,1.5,1.5,19105,0.0,0.0
2023-09-12 15:30:00-04:00,1.5299999713897705,1.5299999713897705,1.5099999904632568,1.5099999904632568,2254,0.0,0.0
2023-09-13 09:30:00-04:00,1.5,1.5800000429153442,1.5,1.5099999904632568,3568,0.0,0.0
2023-09-13 10:30:00-04:00,1.5199999809265137,1.5199999809265137,1.5199999809265137,1.5199999809265137,105,0.0,0.0
2023-09-13 11:30:00-04:00,1.524999976158142,1.524999976158142,1.524999976158142,1.524999976158142,675,0.0,0.0
2023-09-13 12:30:00-04:00,1.5241999626159668,1.5399999618530273,1.5241999626159668,1.5399999618530273,490,0.0,0.0
2023-09-13 13:30:00-04:00,1.5199999809265137,1.5199999809265137,1.4600000381469727,1.4600000381469727,5439,0.0,0.0
2023-09-13 14:30:00-04:00,1.4600000381469727,1.4900000095367432,1.4600000381469727,1.4900000095367432,483,0.0,0.0
2023-09-13 15:30:00-04:00,1.4600000381469727,1.4600000381469727,1.440000057220459,1.4600000381469727,3901,0.0,0.0
2023-09-14 09:30:00-04:00,1.409999966621399,1.5299999713897705,1.409999966621399,1.440000057220459,10999,0.0,0.0
2023-09-14 10:30:00-04:00,1.4800000190734863,1.5,1.4500000476837158,1.4550000429153442,2123,0.0,0.0
2023-09-14 11:30:00-04:00,1.4500000476837158,1.4500000476837158,1.4299999475479126,1.4500000476837158,1217,0.0,0.0
2023-09-14 12:30:00-04:00,1.4550000429153442,1.4883999824523926,1.4193999767303467,1.4193999767303467,1083,0.0,0.0
2023-09-14 13:30:00-04:00,1.4600000381469727,1.499899983406067,1.4550000429153442,1.4550000429153442,1058,0.0,0.0
2023-09-14 14:30:00-04:00,1.475000023841858,1.5299999713897705,1.4500000476837158,1.4503999948501587,3057,0.0,0.0
2023-09-14 15:30:00-04:00,1.5,1.5,1.4535000324249268,1.4700000286102295,2345,0.0,0.0
2023-09-15 09:30:00-04:00,1.5800000429153442,1.6482000350952148,1.5499999523162842,1.6482000350952148,2067,0.0,0.0
2023-09-15 10:30:00-04:00,1.5399999618530273,1.5987000465393066,1.5299999713897705,1.5299999713897705,3568,0.0,0.0
2023-09-15 11:30:00-04:00,1.5499999523162842,1.6298999786376953,1.4900000095367432,1.5499999523162842,138020,0.0,0.0
2023-09-15 12:30:00-04:00,1.5499999523162842,1.5800000429153442,1.5199999809265137,1.559999942779541,69927,0.0,0.0
2023-09-15 13:30:00-04:00,1.559999942779541,1.7000000476837158,1.5299999713897705,1.6399999856948853,160428,0.0,0.0
2023-09-15 14:30:00-04:00,1.6699999570846558,1.684999942779541,1.6449999809265137,1.684999942779541,3449,0.0,0.0
2023-09-15 15:30:00-04:00,1.690000057220459,1.690000057220459,1.590000033378601,1.590000033378601,10686,0.0,0.0
2023-09-18 09:30:00-04:00,1.6799999475479126,1.6799999475479126,1.6200000047683716,1.6200000047683716,3068,0.0,0.0
2023-09-18 10:30:00-04:00,1.600000023841858,1.6100000143051147,1.5700000524520874,1.600000023841858,27810,0.0,0.0
2023-09-18 11:30:00-04:00,1.6360000371932983,1.7199000120162964,1.6360000371932983,1.6799999475479126,25032,0.0,0.0
2023-09-18 12:30:00-04:00,1.6790000200271606,1.7000000476837158,1.662600040435791,1.664199948310852,29145,0.0,0.0
2023-09-18 13:30:00-04:00,1.6643999814987183,1.6799999475479126,1.659999966621399,1.6799999475479126,3420,0.0,0.0
2023-09-18 14:30:00-04:00,1.7000000476837158,1.7999999523162842,1.7000000476837158,1.7799999713897705,30448,0.0,0.0
2023-09-18 15:30:00-04:00,1.7799999713897705,1.7999999523162842,1.75,1.7599999904632568,37041,0.0,0.0
2023-09-19 09:30:00-04:00,1.8200000524520874,1.9550000429153442,1.7635999917984009,1.9550000429153442,16472,0.0,0.0
2023-09-19 10:30:00-04:00,1.9550000429153442,1.9800000190734863,1.8650000095367432,1.965000033378601,14776,0.0,0.0
2023-09-19 11:30:00-04:00,1.965000033378601,1.965000033378601,1.8906999826431274,1.893399953842163,12335,0.0,0.0
2023-09-19 12:30:00-04:00,1.9049999713897705,1.9049999713897705,1.850000023841858,1.850100040435791,5594,0.0,0.0
2023-09-19 13:30:00-04:00,1.8700000047683716,1.8899999856948853,1.8450000286102295,1.8450000286102295,3035,0.0,0.0
2023-09-19 14:30:00-04:00,1.850000023841858,1.9599000215530396,1.8300000429153442,1.9199999570846558,38939,0.0,0.0
2023-09-19 15:30:00-04:00,2.0,2.089900016784668,1.9199999570846558,1.9199999570846558,46967,0.0,0.0
2023-09-20 09:30:00-04:00,2.0799999237060547,2.4298999309539795,2.0799999237060547,2.325000047683716,18090,0.0,0.0
2023-09-20 10:30:00-04:00,2.325000047683716,2.326900005340576,2.2300000190734863,2.25,11844,0.0,0.0
2023-09-20 11:30:00-04:00,2.25,2.289900064468384,2.240000009536743,2.25,8028,0.0,0.0
2023-09-20 12:30:00-04:00,2.240000009536743,2.2899999618530273,2.109999895095825,2.259999990463257,9045,0.0,0.0
2023-09-20 13:30:00-04:00,2.1654999256134033,2.2599000930786133,2.130000114440918,2.2300000190734863,5891,0.0,0.0
2023-09-20 14:30:00-04:00,2.2300000190734863,2.2300000190734863,2.1700000762939453,2.1700000762939453,11071,0.0,0.0
2023-09-20 15:30:00-04:00,2.130000114440918,2.279900074005127,2.130000114440918,2.2179999351501465,20038,0.0,0.0
2023-09-21 09:30:00-04:00,2.0999999046325684,2.194999933242798,2.0999999046325684,2.109999895095825,7243,0.0,0.0
2023-09-21 10:30:00-04:00,2.134999990463257,2.1600000858306885,2.130000114440918,2.130000114440918,5395,0.0,0.0
2023-09-21 11:30:00-04:00,2.125,2.125,2.0999999046325684,2.0999999046325684,969,0.0,0.0
2023-09-21 12:30:00-04:00,2.1960999965667725,2.1960999965667725,2.180000066757202,2.180000066757202,578,0.0,0.0
2023-09-21 13:30:00-04:00,2.1600000858306885,2.1600000858306885,2.0999999046325684,2.0999999046325684,1418,0.0,0.0
2023-09-21 14:30:00-04:00,2.120800018310547,2.1500000953674316,2.1001999378204346,2.1001999378204346,1813,0.0,0.0
2023-09-21 15:30:00-04:00,2.0999999046325684,2.0999999046325684,2.009999990463257,2.049999952316284,8642,0.0,0.0
2023-09-22 09:30:00-04:00,2.0,2.125,1.8300000429153442,2.049999952316284,8939,0.0,0.0
2023-09-22 10:30:00-04:00,2.0399999618530273,2.0399999618530273,2.0399999618530273,2.0399999618530273,560,0.0,0.0
2023-09-22 11:30:00-04:00,2.1226000785827637,2.130000114440918,2.0409998893737793,2.119999885559082,1571,0.0,0.0
2023-09-22 12:30:00-04:00,2.119999885559082,2.180000066757202,1.9900000095367432,2.0899999141693115,5821,0.0,0.0
2023-09-22 13:30:00-04:00,1.9600000381469727,2.11899995803833,1.9505000114440918,2.059999942779541,1759,0.0,0.0
2023-09-22 14:30:00-04:00,2.0199999809265137,2.049999952316284,2.0199999809265137,2.0399999618530273,3654,0.0,0.0
2023-09-22 15:30:00-04:00,2.0399999618530273,2.0399999618530273,1.899999976158142,1.934999942779541,6064,0.0,0.0
2023-09-25 09:30:00-04:00,1.940000057220459,1.940000057220459,1.940000057220459,1.940000057220459,733,0.0,0.0
2023-09-25 10:30:00-04:00,2.04010009765625,2.0789999961853027,2.04010009765625,2.0789999961853027,509,0.0,0.0
2023-09-25 11:30:00-04:00,2.0199999809265137,2.0450000762939453,2.0,2.0,2633,0.0,0.0
2023-09-25 13:30:00-04:00,1.9600000381469727,1.9900000095367432,1.9600000381469727,1.965000033378601,1703,0.0,0.0
2023-09-25 14:30:00-04:00,1.965000033378601,1.965000033378601,1.9400999546051025,1.9550000429153442,1205,0.0,0.0
2023-09-25 15:30:00-04:00,1.940000057220459,1.940000057220459,1.8700000047683716,1.8899999856948853,2155,0.0,0.0
2023-09-26 09:30:00-04:00,1.8300000429153442,1.909999966621399,1.8300000429153442,1.909999966621399,0,0.0,0.0
2023-09-26 10:30:00-04:00,1.909999966621399,2.0499000549316406,1.8313000202178955,2.0499000549316406,31756,0.0,0.0
2023-09-26 11:30:00-04:00,2.0299999713897705,2.049999952316284,2.0028998851776123,2.0250000953674316,1900,0.0,0.0
2023-09-26 12:30:00-04:00,2.0399999618530273,2.059999942779541,2.0,2.0350000858306885,618,0.0,0.0
2023-09-26 13:30:00-04:00,2.0399999618530273,2.0899999141693115,2.009999990463257,2.0899999141693115,6421,0.0,0.0
2023-09-26 14:30:00-04:00,2.0899999141693115,2.1700000762939453,2.0899999141693115,2.1679999828338623,7840,0.0,0.0
2023-09-26 15:30:00-04:00,2.130000114440918,2.3299999237060547,2.052000045776367,2.053800106048584,10545,0.0,0.0
2023-09-27 09:30:00-04:00,2.059999942779541,2.3499999046325684,2.059999942779541,2.2799999713897705,3219,0.0,0.0
2023-09-27 10:30:00-04:00,2.200000047683716,2.3010001182556152,2.071000099182129,2.071000099182129,15412,0.0,0.0
2023-09-27 11:30:00-04:00,2.2100000381469727,2.25,2.0999999046325684,2.2300000190734863,16798,0.0,0.0
2023-09-27 12:30:00-04:00,2.2200000286102295,2.2200000286102295,2.2200000286102295,2.2200000286102295,198,0.0,0.0
2023-09-27 13:30:00-04:00,2.0940001010894775,2.2300000190734863,2.0940001010894775,2.1700000762939453,590,0.0,0.0
2023-09-27 14:30:00-04:00,2.1700000762939453,2.180000066757202,2.1500000953674316,2.1500000953674316,866,0.0,0.0
2023-09-27 15:30:00-04:00,2.109999895095825,2.109999895095825,2.073699951171875,2.0961999893188477,1546,0.0,0.0
2023-09-28 09:30:00-04:00,2.059999942779541,2.059999942779541,2.0,2.0,1095,0.0,0.0
2023-09-28 10:30:00-04:00,2.0789999961853027,2.0789999961853027,2.0789999961853027,2.0789999961853027,304,0.0,0.0
2023-09-28 11:30:00-04:00,2.0350000858306885,2.0899999141693115,2.0000998973846436,2.0899999141693115,507,0.0,0.0
2023-09-28 12:30:00-04:00,2.0450000762939453,2.0450000762939453,1.9199999570846558,1.9600000381469727,12034,0.0,0.0
2023-09-28 13:30:00-04:00,1.9500000476837158,1.9700000286102295,1.9500000476837158,1.9500000476837158,704,0.0,0.0
2023-09-28 14:30:00-04:00,1.9800000190734863,2.0174999237060547,1.9800000190734863,2.0174999237060547,12216,0.0,0.0
2023-09-28 15:30:00-04:00,1.9980000257492065,1.9980000257492065,1.9500000476837158,1.9500000476837158,500,0.0,0.0
2023-09-29 09:30:00-04:00,1.9500000476837158,1.9900000095367432,1.9500000476837158,1.9900000095367432,501,0.0,0.0
2023-09-29 10:30:00-04:00,1.9850000143051147,1.9850000143051147,1.9850000143051147,1.9850000143051147,626,0.0,0.0
2023-09-29 11:30:00-04:00,2.0432000160217285,2.0432000160217285,1.9801000356674194,2.0,2936,0.0,0.0
2023-09-29 12:30:00-04:00,2.0299999713897705,2.0299999713897705,1.972000002861023,1.972000002861023,1605,0.0,0.0
2023-09-29 14:30:00-04:00,2.0199999809265137,2.0299999713897705,2.005000114440918,2.005000114440918,668,0.0,0.0
2023-09-29 15:30:00-04:00,1.9700000286102295,1.9900000095367432,1.9700000286102295,1.9900000095367432,821,0.0,0.0
2023-10-02 09:30:00-04:00,1.9800000190734863,1.9800000190734863,1.9500000476837158,1.9500000476837158,0,0.0,0.0
2023-10-02 10:30:00-04:00,1.9199999570846558,1.9700000286102295,1.9199999570846558,1.9500000476837158,7123,0.0,0.0
2023-10-02 11:30:00-04:00,1.9700000286102295,1.9940999746322632,1.9700000286102295,1.9940999746322632,590,0.0,0.0
2023-10-02 13:30:00-04:00,1.9850000143051147,2.0,1.9850000143051147,2.0,752,0.0,0.0
2023-10-02 14:30:00-04:00,2.0899999141693115,2.0899999141693115,2.0,2.0,293,0.0,0.0
2023-10-02 15:30:00-04:00,2.049999952316284,2.049999952316284,2.049999952316284,2.049999952316284,273,0.0,0.0
2023-10-03 09:30:00-04:00,2.0399999618530273,2.0399999618530273,2.0399999618530273,2.0399999618530273,485,0.0,0.0
2023-10-03 12:30:00-04:00,2.009999990463257,2.009999990463257,2.009999990463257,2.009999990463257,144,0.0,0.0
2023-10-03 13:30:00-04:00,2.0199999809265137,2.0399999618530273,2.009999990463257,2.0399999618530273,7621,0.0,0.0
2023-10-03 14:30:00-04:00,2.0299999713897705,2.0899999141693115,2.0299999713897705,2.0799999237060547,17565,0.0,0.0
2023-10-03 15:30:00-04:00,2.0,2.0799999237060547,1.9900000095367432,2.049999952316284,3122,0.0,0.0
2023-10-04 09:30:00-04:00,2.0299999713897705,2.0299999713897705,2.0127999782562256,2.0127999782562256,0,0.0,0.0
2023-10-04 10:30:00-04:00,1.940000057220459,1.940000057220459,1.9199999570846558,1.9200999736785889,6092,0.0,0.0
2023-10-04 11:30:00-04:00,2.069999933242798,2.069999933242798,2.069999933242798,2.069999933242798,318,0.0,0.0
2023-10-04 13:30:00-04:00,2.0799999237060547,2.0899999141693115,2.0799999237060547,2.0899999141693115,2039,0.0,0.0
2023-10-04 14:30:00-04:00,2.0799999237060547,2.0999999046325684,2.0799999237060547,2.0999999046325684,1256,0.0,0.0
2023-10-04 15:30:00-04:00,2.0899999141693115,2.0899999141693115,2.0199999809265137,2.0799999237060547,716,0.0,0.0
2023-10-05 11:30:00-04:00,2.0999999046325684,2.0999999046325684,2.0799999237060547,2.0999999046325684,4631,0.0,0.0
2023-10-05 12:30:00-04:00,2.0899999141693115,2.0999999046325684,2.0694000720977783,2.0799999237060547,3338,0.0,0.0
2023-10-05 13:30:00-04:00,2.0799999237060547,2.0999999046325684,2.009999990463257,2.009999990463257,489,0.0,0.0
2023-10-05 14:30:00-04:00,2.0799999237060547,2.0999999046325684,2.0350000858306885,2.0999999046325684,6841,0.0,0.0
2023-10-05 15:30:00-04:00,2.1649999618530273,2.1649999618530273,2.134999990463257,2.134999990463257,443,0.0,0.0
2023-10-06 09:30:00-04:00,2.069999933242798,2.069999933242798,2.049999952316284,2.049999952316284,0,0.0,0.0
2023-10-06 11:30:00-04:00,2.049999952316284,2.049999952316284,2.0399999618530273,2.0399999618530273,1072,0.0,0.0
2023-10-06 12:30:00-04:00,2.1600000858306885,2.1600000858306885,2.1500000953674316,2.1600000858306885,2668,0.0,0.0
2023-10-06 13:30:00-04:00,2.1700000762939453,2.200000047683716,2.110100030899048,2.200000047683716,3696,0.0,0.0
2023-10-06 14:30:00-04:00,2.200000047683716,2.299999952316284,2.190000057220459,2.265000104904175,12326,0.0,0.0
2023-10-06 15:30:00-04:00,2.2799999713897705,2.299999952316284,2.25,2.2799999713897705,12807,0.0,0.0
2023-10-09 09:30:00-04:00,2.305299997329712,2.305299997329712,2.2500998973846436,2.2500998973846436,691,0.0,0.0
2023-10-09 10:30:00-04:00,2.275099992752075,2.275099992752075,2.275099992752075,2.275099992752075,208,0.0,0.0
2023-10-09 11:30:00-04:00,2.3615000247955322,2.3615000247955322,2.25,2.25,434,0.0,0.0
2023-10-09 12:30:00-04:00,2.315000057220459,2.369999885559082,2.259999990463257,2.369999885559082,1415,0.0,0.0
2023-10-09 13:30:00-04:00,2.259999990463257,2.369999885559082,2.259999990463257,2.319999933242798,1135,0.0,0.0
2023-10-09 14:30:00-04:00,2.369999885559082,2.369999885559082,2.2927000522613525,2.2927000522613525,943,0.0,0.0
2023-10-09 15:30:00-04:00,2.2799999713897705,2.2799999713897705,2.2200000286102295,2.244999885559082,2189,0.0,0.0
2023-10-10 09:30:00-04:00,2.2799999713897705,2.369999885559082,2.200000047683716,2.200000047683716,357,0.0,0.0
2023-10-10 10:30:00-04:00,2.2014999389648438,2.2014999389648438,2.200000047683716,2.200000047683716,358,0.0,0.0
2023-10-10 11:30:00-04:00,2.200000047683716,2.2100000381469727,2.180000066757202,2.190000057220459,1085,0.0,0.0
2023-10-10 12:30:00-04:00,2.190000057220459,2.200000047683716,2.119999885559082,2.190000057220459,3020,0.0,0.0
2023-10-10 13:30:00-04:00,2.2699999809265137,2.357800006866455,2.259999990463257,2.3027000427246094,7400,0.0,0.0
2023-10-10 15:30:00-04:00,2.2799999713897705,2.3399999141693115,2.2799999713897705,2.2899999618530273,1015,0.0,0.0
2023-10-11 09:30:00-04:00,2.4100000858306885,2.4100000858306885,2.1958999633789062,2.1958999633789062,1235,0.0,0.0
2023-10-11 10:30:00-04:00,2.3589999675750732,2.359999895095825,2.197499990463257,2.299999952316284,6431,0.0,0.0
2023-10-11 11:30:00-04:00,2.2899999618530273,2.2899999618530273,2.2899999618530273,2.2899999618530273,183,0.0,0.0
2023-10-11 12:30:00-04:00,2.31820011138916,2.31820011138916,2.31820011138916,2.31820011138916,343,0.0,0.0
2023-10-11 13:30:00-04:00,2.3350000381469727,2.4800000190734863,2.3350000381469727,2.4100000858306885,8729,0.0,0.0
2023-10-11 14:30:00-04:00,2.3499999046325684,2.5899999141693115,2.319999933242798,2.319999933242798,8019,0.0,0.0
2023-10-11 15:30:00-04:00,2.4700000286102295,2.5799999237060547,2.369999885559082,2.390000104904175,1555,0.0,0.0
2023-10-12 09:30:00-04:00,2.609999895095825,2.700000047683716,2.450000047683716,2.450000047683716,1125,0.0,0.0
2023-10-12 10:30:00-04:00,2.608099937438965,2.619999885559082,2.4600000381469727,2.4600000381469727,42966,0.0,0.0
2023-10-12 11:30:00-04:00,2.559999942779541,2.680000066757202,2.4600000381469727,2.6600000858306885,3648,0.0,0.0
2023-10-12 12:30:00-04:00,2.569999933242798,2.6500000953674316,2.569999933242798,2.5794999599456787,1163,0.0,0.0
2023-10-12 13:30:00-04:00,2.562000036239624,2.5799999237060547,2.4630000591278076,2.5799999237060547,1103,0.0,0.0
2023-10-12 14:30:00-04:00,2.4749999046325684,2.490000009536743,2.447499990463257,2.4800000190734863,3341,0.0,0.0
2023-10-12 15:30:00-04:00,2.4700000286102295,2.5899999141693115,2.4700000286102295,2.5899999141693115,2165,0.0,0.0
2023-10-13 09:30:00-04:00,2.5799999237060547,2.5799999237060547,2.3399999141693115,2.3399999141693115,1188,0.0,0.0
2023-10-13 10:30:00-04:00,2.440000057220459,2.440000057220459,2.3299999237060547,2.3299999237060547,1877,0.0,0.0
2023-10-13 11:30:00-04:00,2.3015999794006348,2.5899999141693115,2.3015999794006348,2.5899999141693115,5010,0.0,0.0
2023-10-13 12:30:00-04:00,2.5,2.5,2.4000000953674316,2.4800000190734863,4613,0.0,0.0
2023-10-13 13:30:00-04:00,2.440000057220459,2.440000057220459,2.3949999809265137,2.3949999809265137,941,0.0,0.0
2023-10-16 09:30:00-04:00,2.4600000381469727,2.7100000381469727,2.4600000381469727,2.7100000381469727,3775,0.0,0.0
2023-10-16 10:30:00-04:00,2.8299999237060547,2.865000009536743,2.7400999069213867,2.7400999069213867,25239,0.0,0.0
2023-10-16 11:30:00-04:00,2.7950000762939453,2.7950000762939453,2.75,2.7699999809265137,2494,0.0,0.0
2023-10-16 12:30:00-04:00,2.759999990463257,2.7992000579833984,2.759999990463257,2.7899999618530273,2758,0.0,0.0
2023-10-16 13:30:00-04:00,2.759999990463257,2.7850000858306885,2.700000047683716,2.7100000381469727,2792,0.0,0.0
2023-10-16 14:30:00-04:00,2.740000009536743,2.799999952316284,2.740000009536743,2.799999952316284,4109,0.0,0.0
2023-10-16 15:30:00-04:00,2.880000114440918,2.9000000953674316,2.819999933242798,2.9000000953674316,3475,0.0,0.0
2023-10-17 09:30:00-04:00,2.740000009536743,2.805000066757202,2.509999990463257,2.7850000858306885,0,0.0,0.0
2023-10-17 10:30:00-04:00,2.7950000762939453,2.940000057220459,2.5864999294281006,2.940000057220459,1715,0.0,0.0
2023-10-17 11:30:00-04:00,2.930000066757202,2.930000066757202,2.819999933242798,2.9100000858306885,828,0.0,0.0
2023-10-17 12:30:00-04:00,2.9000000953674316,2.9100000858306885,2.8499999046325684,2.8499999046325684,417,0.0,0.0
2023-10-17 13:30:00-04:00,2.869999885559082,2.890000104904175,2.7699999809265137,2.890000104904175,1209,0.0,0.0
2023-10-17 14:30:00-04:00,2.884999990463257,2.9100000858306885,2.869999885559082,2.9100000858306885,20059,0.0,0.0
2023-10-17 15:30:00-04:00,2.865000009536743,2.9100000858306885,2.859999895095825,2.859999895095825,903,0.0,0.0
2023-10-18 09:30:00-04:00,2.890000104904175,2.890000104904175,2.890000104904175,2.890000104904175,314,0.0,0.0
2023-10-18 10:30:00-04:00,2.869999885559082,2.89490008354187,2.8698999881744385,2.89490008354187,1933,0.0,0.0
2023-10-18 11:30:00-04:00,2.880000114440918,2.880000114440918,2.850100040435791,2.859999895095825,2362,0.0,0.0
2023-10-18 12:30:00-04:00,2.869999885559082,2.890000104904175,2.869999885559082,2.890000104904175,6406,0.0,0.0
2023-10-18 13:30:00-04:00,2.890000104904175,2.9100000858306885,2.869999885559082,2.9100000858306885,3737,0.0,0.0
2023-10-18 14:30:00-04:00,2.890000104904175,2.9100000858306885,2.8499999046325684,2.9100000858306885,4403,0.0,0.0
2023-10-18 15:30:00-04:00,2.880000114440918,2.9100000858306885,2.875,2.9100000858306885,2446,0.0,0.0
2023-10-19 09:30:00-04:00,2.930000066757202,2.944000005722046,2.740000009536743,2.740000009536743,7661,0.0,0.0
2023-10-19 10:30:00-04:00,2.740000009536743,2.740000009536743,2.740000009536743,2.740000009536743,417,0.0,0.0
2023-10-19 11:30:00-04:00,2.990000009536743,2.990000009536743,2.990000009536743,2.990000009536743,1050,0.0,0.0
2023-10-19 13:30:00-04:00,2.700000047683716,2.7381999492645264,2.700000047683716,2.7381999492645264,441,0.0,0.0
2023-10-19 15:30:00-04:00,2.819999933242798,2.8399999141693115,2.799999952316284,2.8399999141693115,8894,0.0,0.0
2023-10-20 09:30:00-04:00,2.8399999141693115,2.895900011062622,2.8399999141693115,2.895900011062622,0,0.0,0.0
2023-10-20 10:30:00-04:00,2.799999952316284,2.799999952316284,2.640000104904175,2.6700000762939453,3196,0.0,0.0
2023-10-20 11:30:00-04:00,2.6700000762939453,2.799999952316284,2.509999990463257,2.5199999809265137,1691,0.0,0.0
2023-10-20 12:30:00-04:00,2.6500000953674316,2.799999952316284,2.6500000953674316,2.799999952316284,588,0.0,0.0
2023-10-20 13:30:00-04:00,2.799999952316284,2.859999895095825,2.694999933242798,2.694999933242798,584,0.0,0.0
2023-10-20 14:30:00-04:00,2.694999933242798,2.799999952316284,2.6226999759674072,2.634999990463257,1240,0.0,0.0
2023-10-20 15:30:00-04:00,2.7300000190734863,2.799999952316284,2.700000047683716,2.700000047683716,2058,0.0,0.0
2023-10-23 09:30:00-04:00,2.7100000381469727,2.869999885559082,2.7100000381469727,2.869999885559082,918,0.0,0.0
2023-10-23 13:30:00-04:00,2.5999999046325684,2.799999952316284,2.5999999046325684,2.5999999046325684,3625,0.0,0.0
2023-10-23 15:30:00-04:00,2.6075000762939453,2.799999952316284,2.6075000762939453,2.799999952316284,1324,0.0,0.0
2023-10-24 12:30:00-04:00,2.7799999713897705,2.9700000286102295,2.7046000957489014,2.9700000286102295,8638,0.0,0.0
2023-10-24 13:30:00-04:00,2.6500000953674316,2.7799999713897705,2.6449999809265137,2.690000057220459,24158,0.0,0.0
2023-10-24 14:30:00-04:00,2.6500000953674316,2.740000009536743,2.6500000953674316,2.740000009536743,408,0.0,0.0
2023-10-24 15:30:00-04:00,2.634999990463257,2.634999990463257,2.509999990463257,2.630000114440918,1794,0.0,0.0
2023-10-25 09:30:00-04:00,2.569999933242798,2.569999933242798,2.569999933242798,2.569999933242798,330,0.0,0.0
2023-10-25 10:30:00-04:00,2.5999999046325684,2.5999999046325684,2.5999999046325684,2.5999999046325684,422,0.0,0.0
2023-10-25 12:30:00-04:00,2.680000066757202,2.680000066757202,2.680000066757202,2.680000066757202,201,0.0,0.0
2023-10-25 13:30:00-04:00,2.5999999046325684,2.609999895095825,2.5999999046325684,2.5999999046325684,5085,0.0,0.0
2023-10-25 14:30:00-04:00,2.5999999046325684,2.5999999046325684,2.549999952316284,2.559999942779541,7322,0.0,0.0
2023-10-25 15:30:00-04:00,2.549999952316284,2.549999952316284,2.5,2.5,1307,0.0,0.0
2023-10-26 09:30:00-04:00,2.450000047683716,2.450000047683716,2.3301000595092773,2.3399999141693115,1341,0.0,0.0
2023-10-26 10:30:00-04:00,2.5,2.5,2.5,2.5,242,0.0,0.0
2023-10-26 12:30:00-04:00,2.3399999141693115,2.4091999530792236,2.3299999237060547,2.3299999237060547,6341,0.0,0.0
2023-10-26 13:30:00-04:00,2.5399999618530273,2.5399999618530273,2.5399999618530273,2.5399999618530273,796,0.0,0.0
2023-10-26 15:30:00-04:00,2.5299999713897705,2.5299999713897705,2.330899953842163,2.359999895095825,4443,0.0,0.0
2023-10-27 09:30:00-04:00,2.819999933242798,2.819999933242798,2.588399887084961,2.588399887084961,351,0.0,0.0
2023-10-27 11:30:00-04:00,2.5850000381469727,2.5850000381469727,2.3399999141693115,2.4200000762939453,1113,0.0,0.0
2023-10-27 12:30:00-04:00,2.575000047683716,2.575000047683716,2.575000047683716,2.575000047683716,201,0.0,0.0
2023-10-27 14:30:00-04:00,2.3399999141693115,2.3399999141693115,2.3399999141693115,2.3399999141693115,104,0.0,0.0
2023-10-27 15:30:00-04:00,2.4000000953674316,2.4100000858306885,2.3299999237060547,2.3299999237060547,1134,0.0,0.0
2023-10-30 09:30:00-04:00,2.450000047683716,2.450000047683716,2.3299999237060547,2.3399999141693115,0,0.0,0.0
2023-10-30 10:30:00-04:00,2.434999942779541,2.490999937057495,2.434999942779541,2.490999937057495,443,0.0,0.0
2023-10-30 11:30:00-04:00,2.490000009536743,2.490000009536743,2.490000009536743,2.490000009536743,218,0.0,0.0
2023-10-30 13:30:00-04:00,2.675299882888794,2.675299882888794,2.479300022125244,2.494999885559082,1095,0.0,0.0
2023-10-30 14:30:00-04:00,2.5350000858306885,2.630000114440918,2.4800000190734863,2.5399999618530273,4188,0.0,0.0
2023-10-30 15:30:00-04:00,2.4600000381469727,2.490000009536743,2.4600000381469727,2.490000009536743,470,0.0,0.0
2023-10-31 09:30:00-04:00,2.5,2.5,2.380000114440918,2.380000114440918,1600,0.0,0.0
2023-10-31 11:30:00-04:00,2.3299999237060547,2.3399999141693115,2.25,2.3399999141693115,4494,0.0,0.0
2023-10-31 12:30:00-04:00,2.295799970626831,2.359999895095825,2.25,2.359999895095825,1856,0.0,0.0
2023-10-31 13:30:00-04:00,2.359999895095825,2.3691000938415527,2.3499999046325684,2.3499999046325684,1018,0.0,0.0
2023-10-31 14:30:00-04:00,2.3510000705718994,2.351599931716919,2.3499999046325684,2.3499999046325684,2223,0.0,0.0
2023-10-31 15:30:00-04:00,2.3550000190734863,2.3550000190734863,2.3499999046325684,2.350100040435791,0,0.0,0.0
2023-11-01 09:30:00-04:00,2.3499999046325684,2.555000066757202,2.3399999141693115,2.555000066757202,2137,0.0,0.0
2023-11-01 10:30:00-04:00,2.5999999046325684,2.5999999046325684,2.5999999046325684,2.5999999046325684,137,0.0,0.0
2023-11-01 11:30:00-04:00,2.5999999046325684,2.5999999046325684,2.575000047683716,2.575000047683716,604,0.0,0.0
2023-11-01 12:30:00-04:00,2.5399999618530273,2.5399999618530273,2.5399999618530273,2.5399999618530273,252,0.0,0.0
2023-11-01 13:30:00-04:00,2.421799898147583,2.5199999809265137,2.421799898147583,2.5199999809265137,1131,0.0,0.0
2023-11-01 14:30:00-04:00,2.509999990463257,2.509999990463257,2.509999990463257,2.509999990463257,321,0.0,0.0
2023-11-01 15:30:00-04:00,2.4600000381469727,2.4600000381469727,2.450000047683716,2.450000047683716,369,0.0,0.0
2023-11-02 09:30:00-04:00,2.509999990463257,2.509999990463257,2.509999990463257,2.509999990463257,224,0.0,0.0
2023-11-02 10:30:00-04:00,2.430000066757202,2.4600000381469727,2.4100000858306885,2.4600000381469727,1629,0.0,0.0
2023-11-02 14:30:00-04:00,2.423099994659424,2.423099994659424,2.423099994659424,2.423099994659424,212,0.0,0.0
2023-11-02 15:30:00-04:00,2.6749000549316406,2.6749000549316406,2.6749000549316406,2.6749000549316406,160,0.0,0.0
2023-11-03 09:30:00-04:00,2.549999952316284,2.5999999046325684,2.549999952316284,2.5999999046325684,0,0.0,0.0
2023-11-03 10:30:00-04:00,2.5799999237060547,2.690000057220459,2.5710999965667725,2.5710999965667725,2440,0.0,0.0
2023-11-03 11:30:00-04:00,2.625,2.625,2.625,2.625,343,0.0,0.0
2023-11-03 13:30:00-04:00,2.5999999046325684,2.5999999046325684,2.569999933242798,2.569999933242798,477,0.0,0.0
2023-11-03 14:30:00-04:00,2.569999933242798,2.569999933242798,2.4700000286102295,2.4700000286102295,3117,0.0,0.0
2023-11-03 15:30:00-04:00,2.4800000190734863,2.4814999103546143,2.4800000190734863,2.4814999103546143,254,0.0,0.0
2023-11-06 09:30:00-05:00,2.5662999153137207,2.6700000762939453,2.470099925994873,2.470099925994873,3922,0.0,0.0
2023-11-06 11:30:00-05:00,2.490000009536743,2.5,2.2799999713897705,2.3399999141693115,5786,0.0,0.0
2023-11-06 12:30:00-05:00,2.3499999046325684,2.3499999046325684,2.3499999046325684,2.3499999046325684,182,0.0,0.0
2023-11-06 13:30:00-05:00,2.390000104904175,2.390000104904175,2.390000104904175,2.390000104904175,0,0.0,0.0
2023-11-07 10:30:00-05:00,2.4600000381469727,2.4700000286102295,2.3499999046325684,2.3499999046325684,3287,0.0,0.0
2023-11-07 13:30:00-05:00,2.3399999141693115,2.3399999141693115,2.3399999141693115,2.3399999141693115,215,0.0,0.0
2023-11-08 09:30:00-05:00,2.3299999237060547,2.359999895095825,2.3299999237060547,2.359999895095825,1243,0.0,0.0
2023-11-08 10:30:00-05:00,2.4649999141693115,2.5,2.390000104904175,2.5,865,0.0,0.0
2023-11-08 11:30:00-05:00,2.5,2.5,2.450000047683716,2.450000047683716,1915,0.0,0.0
2023-11-08 12:30:00-05:00,2.450000047683716,2.450000047683716,2.450000047683716,2.450000047683716,1106,0.0,0.0
2023-11-08 13:30:00-05:00,2.5,2.5,2.4600000381469727,2.5,2196,0.0,0.0
2023-11-08 14:30:00-05:00,2.5000998973846436,2.549999952316284,2.5000998973846436,2.549999952316284,1247,0.0,0.0
2023-11-08 15:30:00-05:00,2.5,2.5,2.5,2.5,103,0.0,0.0
2023-11-09 09:30:00-05:00,2.599900007247925,2.5999999046325684,2.569999933242798,2.5999999046325684,4644,0.0,0.0
2023-11-09 11:30:00-05:00,2.5088999271392822,2.5088999271392822,2.5088999271392822,2.5088999271392822,217,0.0,0.0
2023-11-09 12:30:00-05:00,2.424099922180176,2.424099922180176,2.424099922180176,2.424099922180176,300,0.0,0.0
2023-11-09 15:30:00-05:00,2.3949999809265137,2.3949999809265137,2.3949999809265137,2.3949999809265137,182,0.0,0.0
2023-11-10 09:30:00-05:00,2.5399999618530273,2.5399999618530273,2.5399999618530273,2.5399999618530273,337,0.0,0.0
2023-11-10 10:30:00-05:00,2.499500036239624,2.505000114440918,2.2899999618530273,2.505000114440918,3011,0.0,0.0
2023-11-10 11:30:00-05:00,2.5,2.5,2.5,2.5,491,0.0,0.0
2023-11-10 12:30:00-05:00,2.4999001026153564,2.4999001026153564,2.430000066757202,2.450000047683716,3528,0.0,0.0
2023-11-10 13:30:00-05:00,2.3533999919891357,2.4375998973846436,2.3533999919891357,2.4375998973846436,1273,0.0,0.0
2023-11-10 14:30:00-05:00,2.3929998874664307,2.3929998874664307,2.3929998874664307,2.3929998874664307,180,0.0,0.0
2023-11-10 15:30:00-05:00,2.4000000953674316,2.4000000953674316,2.4000000953674316,2.4000000953674316,148,0.0,0.0
2023-11-13 09:30:00-05:00,2.2799999713897705,2.380000114440918,2.2799999713897705,2.308500051498413,0,0.0,0.0
2023-11-13 11:30:00-05:00,2.4000000953674316,2.4000000953674316,2.359999895095825,2.4000000953674316,500,0.0,0.0
2023-11-13 12:30:00-05:00,2.4200000762939453,2.440000057220459,2.4000000953674316,2.430000066757202,3348,0.0,0.0
2023-11-13 13:30:00-05:00,2.430000066757202,2.450000047683716,2.430000066757202,2.450000047683716,2667,0.0,0.0
2023-11-13 14:30:00-05:00,2.449700117111206,2.450000047683716,2.417099952697754,2.417099952697754,4660,0.0,0.0
2023-11-13 15:30:00-05:00,2.433000087738037,2.450000047683716,2.433000087738037,2.440000057220459,1431,0.0,0.0
2023-11-14 09:30:00-05:00,2.450000047683716,2.450000047683716,2.2100000381469727,2.390000104904175,0,0.0,0.0
2023-11-14 10:30:00-05:00,2.390000104904175,2.390000104904175,2.390000104904175,2.390000104904175,220,0.0,0.0
2023-11-14 12:30:00-05:00,2.4626998901367188,2.470099925994873,2.4626998901367188,2.4700000286102295,592,0.0,0.0
2023-11-14 14:30:00-05:00,2.4600000381469727,2.4600000381469727,2.4200000762939453,2.4200000762939453,268,0.0,0.0
2023-11-14 15:30:00-05:00,2.4500999450683594,2.5,2.4500999450683594,2.5,522,0.0,0.0
2023-11-15 09:30:00-05:00,2.450000047683716,2.5,2.450000047683716,2.5,0,0.0,0.0
2023-11-15 10:30:00-05:00,2.5999999046325684,2.5999999046325684,2.5999999046325684,2.5999999046325684,308,0.0,0.0
2023-11-15 11:30:00-05:00,2.5999999046325684,2.5999999046325684,2.5999999046325684,2.5999999046325684,106,0.0,0.0
2023-11-15 12:30:00-05:00,2.5999999046325684,2.5999999046325684,2.4200000762939453,2.4700000286102295,3382,0.0,0.0
2023-11-15 13:30:00-05:00,2.5302999019622803,2.5399999618530273,2.440000057220459,2.4400999546051025,961,0.0,0.0
2023-11-16 10:30:00-05:00,2.490000009536743,2.5,2.490000009536743,2.5,1680,0.0,0.0
2023-11-16 11:30:00-05:00,2.4800000190734863,2.619999885559082,2.4800000190734863,2.619999885559082,1556,0.0,0.0
2023-11-16 12:30:00-05:00,2.549999952316284,2.549999952316284,2.5299999713897705,2.5299999713897705,2567,0.0,0.0
2023-11-16 14:30:00-05:00,2.575000047683716,2.634999990463257,2.5199999809265137,2.5199999809265137,12086,0.0,0.0
2023-11-16 15:30:00-05:00,2.5999999046325684,2.5999999046325684,2.369999885559082,2.380000114440918,0,0.0,0.0
2023-11-17 10:30:00-05:00,2.3399999141693115,2.3399999141693115,2.3299999237060547,2.3299999237060547,854,0.0,0.0
2023-11-17 11:30:00-05:00,2.369999885559082,2.4000000953674316,2.299999952316284,2.4000000953674316,2845,0.0,0.0
2023-11-17 12:30:00-05:00,2.390000104904175,2.390000104904175,2.390000104904175,2.390000104904175,102,0.0,0.0
2023-11-17 13:30:00-05:00,2.3378000259399414,2.3503000736236572,2.3378000259399414,2.3503000736236572,614,0.0,0.0
2023-11-17 14:30:00-05:00,2.359999895095825,2.359999895095825,2.359999895095825,2.359999895095825,281,0.0,0.0
2023-11-20 09:30:00-05:00,2.474400043487549,2.474400043487549,2.1252999305725098,2.242500066757202,22442,0.0,0.0
2023-11-20 10:30:00-05:00,2.259999990463257,2.2600998878479004,2.234999895095825,2.259999990463257,5670,0.0,0.0
2023-11-20 11:30:00-05:00,2.244999885559082,2.3118999004364014,2.244999885559082,2.3118999004364014,1356,0.0,0.0
2023-11-20 12:30:00-05:00,2.312999963760376,2.5,2.312999963760376,2.3399999141693115,6883,0.0,0.0
2023-11-20 13:30:00-05:00,2.4010000228881836,2.430000066757202,2.3499999046325684,2.424999952316284,23333,0.0,0.0
2023-11-20 14:30:00-05:00,2.5,3.651900053024292,2.490000009536743,3.619999885559082,191622,0.0,0.0
2023-11-20 15:30:00-05:00,3.490000009536743,3.559999942779541,2.936800003051758,3.127000093460083,150638,0.0,0.0
2023-11-21 09:30:00-05:00,3.049999952316284,3.3733999729156494,2.940000057220459,2.940000057220459,44301,0.0,0.0
2023-11-21 10:30:00-05:00,3.0299999713897705,3.0299999713897705,2.660099983215332,2.7660000324249268,4590,0.0,0.0
2023-11-21 11:30:00-05:00,2.7899999618530273,3.299999952316284,2.7899999618530273,3.200000047683716,34724,0.0,0.0
2023-11-21 12:30:00-05:00,3.190000057220459,3.2200000286102295,3.039400100708008,3.2100000381469727,7325,0.0,0.0
2023-11-21 13:30:00-05:00,3.190000057220459,3.200000047683716,3.1700000762939453,3.1726999282836914,5267,0.0,0.0
2023-11-21 14:30:00-05:00,3.200000047683716,3.2100000381469727,3.1700000762939453,3.2100000381469727,5277,0.0,0.0
2023-11-21 15:30:00-05:00,3.204699993133545,3.2899999618530273,3.200000047683716,3.23009991645813,24165,0.0,0.0
2023-11-22 09:30:00-05:00,3.234999895095825,3.234999895095825,3.06820011138916,3.187000036239624,2425,0.0,0.0
2023-11-22 10:30:00-05:00,3.069999933242798,3.0799999237060547,3.069999933242798,3.0799999237060547,564,0.0,0.0
2023-11-22 11:30:00-05:00,3.075000047683716,3.0999999046325684,3.071500062942505,3.071500062942505,400,0.0,0.0
2023-11-22 12:30:00-05:00,3.075000047683716,3.075000047683716,3.0199999809265137,3.049999952316284,831,0.0,0.0
2023-11-22 13:30:00-05:00,2.984999895095825,3.11680006980896,2.9560000896453857,3.109999895095825,15176,0.0,0.0
2023-11-22 14:30:00-05:00,3.0199999809265137,3.06850004196167,3.0,3.003499984741211,3973,0.0,0.0
2023-11-22 15:30:00-05:00,3.0,3.009999990463257,3.0,3.009999990463257,456,0.0,0.0
2023-11-24 09:30:00-05:00,3.119999885559082,3.1500000953674316,2.8499999046325684,3.0299999713897705,0,0.0,0.0
2023-11-24 10:30:00-05:00,2.940000057220459,3.0799999237060547,2.9200000762939453,2.940000057220459,2520,0.0,0.0
2023-11-24 11:30:00-05:00,2.940000057220459,3.005000114440918,2.9354000091552734,3.005000114440918,1459,0.0,0.0
2023-11-27 09:30:00-05:00,3.0,3.0,2.890000104904175,3.0,1701,0.0,0.0
2023-11-27 10:30:00-05:00,3.0,3.0,2.8459999561309814,2.8459999561309814,1224,0.0,0.0
2023-11-27 11:30:00-05:00,2.899899959564209,3.005000114440918,2.899899959564209,3.005000114440918,4236,0.0,0.0
2023-11-27 12:30:00-05:00,2.880000114440918,2.990000009536743,2.851900100708008,2.851900100708008,2108,0.0,0.0
2023-11-27 13:30:00-05:00,2.930000066757202,2.9800000190734863,2.8949999809265137,2.9600000381469727,2320,0.0,0.0
2023-11-27 14:30:00-05:00,2.869999885559082,2.9200000762939453,2.8450000286102295,2.880000114440918,2938,0.0,0.0
2023-11-27 15:30:00-05:00,2.9000000953674316,2.9100000858306885,2.9000000953674316,2.9100000858306885,527,0.0,0.0
2023-11-28 09:30:00-05:00,2.9200000762939453,2.9200000762939453,2.870300054550171,2.870300054550171,0,0.0,0.0
2023-11-28 10:30:00-05:00,2.890000104904175,2.890000104904175,2.8499999046325684,2.8499999046325684,833,0.0,0.0
2023-11-28 11:30:00-05:00,2.9031999111175537,2.9031999111175537,2.8399999141693115,2.9031999111175537,509,0.0,0.0
2023-11-28 12:30:00-05:00,2.869999885559082,2.869999885559082,2.869999885559082,2.869999885559082,172,0.0,0.0
2023-11-28 13:30:00-05:00,2.759999990463257,2.890000104904175,2.759999990463257,2.880000114440918,5620,0.0,0.0
2023-11-28 14:30:00-05:00,2.8571999073028564,2.884700059890747,2.8499999046325684,2.859999895095825,1811,0.0,0.0
2023-11-28 15:30:00-05:00,2.8450000286102295,2.930000066757202,2.8450000286102295,2.884999990463257,13520,0.0,0.0
2023-11-29 09:30:00-05:00,2.8499999046325684,2.8499999046325684,2.5999999046325684,2.5999999046325684,13318,0.0,0.0
2023-11-29 10:30:00-05:00,2.5801000595092773,2.7300000190734863,2.5801000595092773,2.7249999046325684,851,0.0,0.0
2023-11-29 11:30:00-05:00,2.7100000381469727,2.890000104904175,2.660099983215332,2.6700000762939453,10183,0.0,0.0
2023-11-29 12:30:00-05:00,2.680000066757202,2.880000114440918,2.674999952316284,2.819999933242798,5375,0.0,0.0
2023-11-29 13:30:00-05:00,2.859999895095825,2.859999895095825,2.815000057220459,2.859999895095825,2701,0.0,0.0
2023-11-29 14:30:00-05:00,2.859999895095825,2.9100000858306885,2.859999895095825,2.9100000858306885,6028,0.0,0.0
2023-11-29 15:30:00-05:00,2.9100000858306885,2.9100000858306885,2.8980000019073486,2.9100000858306885,947,0.0,0.0
2023-11-30 09:30:00-05:00,2.930000066757202,3.2237000465393066,2.9000000953674316,3.1500000953674316,21109,0.0,0.0
2023-11-30 10:30:00-05:00,3.1500000953674316,3.1600000858306885,3.084399938583374,3.140000104904175,2328,0.0,0.0
2023-11-30 11:30:00-05:00,3.1401000022888184,3.150099992752075,3.096400022506714,3.1500000953674316,3251,0.0,0.0
2023-11-30 12:30:00-05:00,3.1965999603271484,3.240000009536743,3.1500000953674316,3.1500000953674316,3835,0.0,0.0
2023-11-30 13:30:00-05:00,3.1287999153137207,3.1287999153137207,3.1287999153137207,3.1287999153137207,1588,0.0,0.0
2023-11-30 15:30:00-05:00,3.0799999237060547,3.0799999237060547,3.0199999809265137,3.0199999809265137,1681,0.0,0.0
2023-12-01 09:30:00-05:00,3.049999952316284,3.085200071334839,2.9570000171661377,3.085200071334839,2991,0.0,0.0
2023-12-01 10:30:00-05:00,2.950000047683716,3.1698999404907227,2.950000047683716,3.0299999713897705,1571,0.0,0.0
2023-12-01 11:30:00-05:00,3.0199999809265137,3.0299999713897705,3.000200033187866,3.000200033187866,722,0.0,0.0
2023-12-01 12:30:00-05:00,3.0,3.0299999713897705,3.0,3.0299999713897705,1441,0.0,0.0
2023-12-01 13:30:00-05:00,3.0299999713897705,3.1700000762939453,2.9700000286102295,3.1700000762939453,3132,0.0,0.0
2023-12-01 14:30:00-05:00,2.9000000953674316,2.9000000953674316,2.8399999141693115,2.9000000953674316,3730,0.0,0.0
2023-12-01 15:30:00-05:00,2.8450000286102295,3.1798999309539795,2.8450000286102295,3.009999990463257,6968,0.0,0.0
2023-12-04 09:30:00-05:00,3.140000104904175,3.1988000869750977,2.979099988937378,3.1988000869750977,0,0.0,0.0
2023-12-04 10:30:00-05:00,3.180000066757202,3.240000009536743,3.0299999713897705,3.059999942779541,7512,0.0,0.0
2023-12-04 11:30:00-05:00,3.059999942779541,3.109999895095825,3.059999942779541,3.109999895095825,1811,0.0,0.0
2023-12-04 12:30:00-05:00,3.059999942779541,3.059999942779541,3.059999942779541,3.059999942779541,638,0.0,0.0
2023-12-04 13:30:00-05:00,3.055000066757202,3.0999999046325684,3.009999990463257,3.009999990463257,1073,0.0,0.0
2023-12-04 14:30:00-05:00,3.009999990463257,3.059999942779541,3.009999990463257,3.0350000858306885,1527,0.0,0.0
2023-12-04 15:30:00-05:00,3.009999990463257,3.109999895095825,3.009999990463257,3.109999895095825,5319,0.0,0.0
2023-12-05 09:30:00-05:00,3.140000104904175,3.180000066757202,2.938699960708618,2.938699960708618,2493,0.0,0.0
2023-12-05 10:30:00-05:00,3.1772000789642334,3.1772000789642334,3.119999885559082,3.119999885559082,1917,0.0,0.0
2023-12-05 12:30:00-05:00,3.0703001022338867,3.0999999046325684,2.989500045776367,3.0,13195,0.0,0.0
2023-12-05 13:30:00-05:00,3.1600000858306885,3.1700000762939453,3.0,3.1500000953674316,2958,0.0,0.0
2023-12-05 14:30:00-05:00,3.0,3.1500000953674316,3.0,3.1500000953674316,3944,0.0,0.0
2023-12-05 15:30:00-05:00,3.009999990463257,3.200000047683716,3.009999990463257,3.200000047683716,7186,0.0,0.0
2023-12-06 09:30:00-05:00,3.2300000190734863,3.25,3.200000047683716,3.2200000286102295,0,0.0,0.0
2023-12-06 10:30:00-05:00,3.119999885559082,3.119999885559082,3.090100049972534,3.090100049972534,1619,0.0,0.0
2023-12-06 11:30:00-05:00,3.125,3.125,3.125,3.125,658,0.0,0.0
2023-12-06 12:30:00-05:00,3.174999952316284,3.2200000286102295,3.0999999046325684,3.109999895095825,4386,0.0,0.0
2023-12-06 13:30:00-05:00,3.107800006866455,3.1700000762939453,3.0999999046325684,3.119999885559082,2533,0.0,0.0
2023-12-06 14:30:00-05:00,3.119999885559082,3.1449999809265137,3.0,3.0,3602,0.0,0.0
2023-12-06 15:30:00-05:00,3.005000114440918,3.2100000381469727,3.005000114440918,3.0999999046325684,6599,0.0,0.0
2023-12-07 09:30:00-05:00,3.0,3.0999999046325684,2.9200000762939453,2.9200000762939453,7039,0.0,0.0
2023-12-07 10:30:00-05:00,2.9400999546051025,3.0999999046325684,2.9400999546051025,3.0999999046325684,8938,0.0,0.0
2023-12-07 11:30:00-05:00,3.090100049972534,3.2100000381469727,3.0199999809265137,3.140000104904175,11661,0.0,0.0
2023-12-07 12:30:00-05:00,3.061300039291382,3.2200000286102295,3.061300039291382,3.2100000381469727,12924,0.0,0.0
2023-12-07 13:30:00-05:00,3.1445000171661377,3.1500000953674316,3.1445000171661377,3.1500000953674316,1130,0.0,0.0
2023-12-07 14:30:00-05:00,3.0950000286102295,3.0950000286102295,2.880000114440918,3.0350000858306885,6861,0.0,0.0
2023-12-07 15:30:00-05:00,3.049999952316284,3.0899999141693115,3.0,3.0799999237060547,4808,0.0,0.0
2023-12-08 09:30:00-05:00,3.009999990463257,3.01419997215271,3.009999990463257,3.01419997215271,0,0.0,0.0
2023-12-08 10:30:00-05:00,3.0304999351501465,3.0304999351501465,3.0304999351501465,3.0304999351501465,385,0.0,0.0
2023-12-08 11:30:00-05:00,2.990000009536743,3.009999990463257,2.819999933242798,2.8499999046325684,12563,0.0,0.0
2023-12-08 12:30:00-05:00,2.8499999046325684,2.9200000762939453,2.819999933242798,2.8499999046325684,25043,0.0,0.0
2023-12-08 13:30:00-05:00,2.8499999046325684,2.859999895095825,2.8199000358581543,2.819999933242798,49941,0.0,0.0
2023-12-08 14:30:00-05:00,2.93179988861084,2.93179988861084,2.878700017929077,2.878700017929077,817,0.0,0.0
2023-12-08 15:30:00-05:00,2.8499999046325684,2.9200000762939453,2.809999942779541,2.9200000762939453,8808,0.0,0.0
2023-12-11 09:30:00-05:00,2.950000047683716,3.0899999141693115,2.950000047683716,3.0,0,0.0,0.0
2023-12-11 10:30:00-05:00,3.049999952316284,3.049999952316284,2.869999885559082,2.869999885559082,6419,0.0,0.0
2023-12-11 11:30:00-05:00,2.900099992752075,2.990000009536743,2.900099992752075,2.990000009536743,456,0.0,0.0
2023-12-11 12:30:00-05:00,2.984999895095825,3.0399999618530273,2.9800000190734863,3.0399999618530273,4324,0.0,0.0
2023-12-11 13:30:00-05:00,3.0,3.0399999618530273,2.990000009536743,3.0299999713897705,5270,0.0,0.0
2023-12-11 14:30:00-05:00,3.0199999809265137,3.0199999809265137,2.9749999046325684,2.9749999046325684,4319,0.0,0.0
2023-12-11 15:30:00-05:00,2.940000057220459,3.0899999141693115,2.940000057220459,3.0799999237060547,13437,0.0,0.0
2023-12-12 09:30:00-05:00,2.9600000381469727,2.990000009536743,2.9000000953674316,2.990000009536743,4912,0.0,0.0
2023-12-12 10:30:00-05:00,2.930000066757202,2.930000066757202,2.880000114440918,2.880000114440918,286,0.0,0.0
2023-12-12 11:30:00-05:00,2.9700000286102295,2.9700000286102295,2.880000114440918,2.950000047683716,326,0.0,0.0
2023-12-12 12:30:00-05:00,2.9800000190734863,2.9800000190734863,2.898200035095215,2.898200035095215,374,0.0,0.0
2023-12-12 13:30:00-05:00,2.990000009536743,2.990000009536743,2.990000009536743,2.990000009536743,110,0.0,0.0
2023-12-12 14:30:00-05:00,3.0,3.0,2.799999952316284,2.8526999950408936,4909,0.0,0.0
2023-12-12 15:30:00-05:00,2.9100000858306885,2.9800000190734863,2.7701001167297363,2.819999933242798,6451,0.0,0.0
2023-12-13 09:30:00-05:00,2.9000000953674316,2.9000000953674316,2.9000000953674316,2.9000000953674316,443,0.0,0.0
2023-12-13 10:30:00-05:00,2.8399999141693115,2.8399999141693115,2.8282999992370605,2.8282999992370605,4351,0.0,0.0
2023-12-13 11:30:00-05:00,2.8299999237060547,2.9049999713897705,2.8132998943328857,2.877000093460083,1899,0.0,0.0
2023-12-13 13:30:00-05:00,2.809999942779541,2.940000057220459,2.7869999408721924,2.940000057220459,4924,0.0,0.0
2023-12-13 14:30:00-05:00,2.819999933242798,2.8822999000549316,2.7799999713897705,2.8350000381469727,8227,0.0,0.0
2023-12-13 15:30:00-05:00,2.8399999141693115,3.0,2.8399999141693115,2.950000047683716,7292,0.0,0.0
2023-12-14 09:30:00-05:00,2.930000066757202,2.950500011444092,2.930000066757202,2.950500011444092,414,0.0,0.0
2023-12-14 10:30:00-05:00,2.9800000190734863,2.9800000190734863,2.950000047683716,2.950000047683716,583,0.0,0.0
2023-12-14 11:30:00-05:00,2.9600000381469727,2.9800000190734863,2.9400999546051025,2.940500020980835,2177,0.0,0.0
2023-12-14 12:30:00-05:00,2.9700000286102295,3.059999942779541,2.9700000286102295,3.0250000953674316,17568,0.0,0.0
2023-12-14 13:30:00-05:00,3.0237998962402344,3.0299999713897705,2.990000009536743,2.990000009536743,4669,0.0,0.0
2023-12-14 14:30:00-05:00,3.0199999809265137,3.0299999713897705,2.990000009536743,3.009999990463257,6813,0.0,0.0
2023-12-14 15:30:00-05:00,2.9700000286102295,2.9800000190734863,2.940000057220459,2.940000057220459,2689,0.0,0.0
2023-12-15 09:30:00-05:00,2.7799999713897705,3.0999999046325684,2.7799999713897705,3.0999999046325684,28068,0.0,0.0
2023-12-15 10:30:00-05:00,3.0999999046325684,3.0999999046325684,2.901599884033203,3.0,31357,0.0,0.0
2023-12-15 11:30:00-05:00,2.990000009536743,3.2699999809265137,2.990000009536743,3.0950000286102295,21198,0.0,0.0
2023-12-15 12:30:00-05:00,3.174999952316284,3.180000066757202,2.940000057220459,2.940000057220459,25760,0.0,0.0
2023-12-15 13:30:00-05:00,3.0199999809265137,3.240000009536743,2.940000057220459,3.130000114440918,18689,0.0,0.0
2023-12-15 14:30:00-05:00,3.140000104904175,3.240000009536743,2.9800000190734863,3.0350000858306885,23461,0.0,0.0
2023-12-15 15:30:00-05:00,3.0999999046325684,3.0999999046325684,2.2699999809265137,2.5199999809265137,58307,0.0,0.0
2023-12-18 09:30:00-05:00,2.809999942779541,2.809999942779541,2.5399999618530273,2.7100000381469727,0,0.0,0.0
2023-12-18 10:30:00-05:00,2.75,2.799999952316284,2.6700000762939453,2.7799999713897705,35988,0.0,0.0
2023-12-18 11:30:00-05:00,2.7100000381469727,2.75,2.700000047683716,2.75,4765,0.0,0.0
2023-12-18 12:30:00-05:00,2.619999885559082,2.75,2.619999885559082,2.75,1461,0.0,0.0
2023-12-18 13:30:00-05:00,2.759999990463257,2.759999990463257,2.759999990463257,2.759999990463257,437,0.0,0.0
2023-12-18 14:30:00-05:00,2.759999990463257,2.7899999618530273,2.7300000190734863,2.7300000190734863,3512,0.0,0.0
2023-12-18 15:30:00-05:00,2.5999999046325684,2.609999895095825,2.3299999237060547,2.3299999237060547,80650,0.0,0.0
2023-12-19 09:30:00-05:00,2.2799999713897705,2.479300022125244,2.180000066757202,2.479300022125244,3417,0.0,0.0
2023-12-19 10:30:00-05:00,2.3399999141693115,2.4800000190734863,2.3399999141693115,2.4800000190734863,777,0.0,0.0
2023-12-19 11:30:00-05:00,2.450000047683716,2.4800000190734863,2.4100000858306885,2.410099983215332,826,0.0,0.0
2023-12-19 12:30:00-05:00,2.390000104904175,2.4800000190734863,2.359999895095825,2.4800000190734863,3254,0.0,0.0
2023-12-19 13:30:00-05:00,2.4800000190734863,2.4800000190734863,2.3499999046325684,2.4700000286102295,10314,0.0,0.0
2023-12-19 14:30:00-05:00,2.4200000762939453,2.4200000762939453,2.3299999237060547,2.365000009536743,15412,0.0,0.0
2023-12-19 15:30:00-05:00,2.3299999237060547,2.3499999046325684,2.2799999713897705,2.2899999618530273,6586,0.0,0.0
2023-12-20 09:30:00-05:00,2.2699999809265137,2.2699999809265137,2.140000104904175,2.234999895095825,0,0.0,0.0
2023-12-20 10:30:00-05:00,2.2300000190734863,2.25,2.190000057220459,2.240000009536743,6525,0.0,0.0
2023-12-20 11:30:00-05:00,2.184999942779541,2.219899892807007,2.180000066757202,2.20989990234375,2564,0.0,0.0
2023-12-20 12:30:00-05:00,2.2100000381469727,2.2249999046325684,2.1319000720977783,2.2249999046325684,6194,0.0,0.0
2023-12-20 14:30:00-05:00,2.309999942779541,2.319999933242798,2.1923999786376953,2.1923999786376953,1910,0.0,0.0
2023-12-20 15:30:00-05:00,2.2100000381469727,2.2799999713897705,2.1500000953674316,2.2100000381469727,18258,0.0,0.0
2023-12-21 09:30:00-05:00,2.2541000843048096,2.2541000843048096,2.2541000843048096,2.2541000843048096,342,0.0,0.0
2023-12-21 10:30:00-05:00,2.309999942779541,2.4000000953674316,2.309999942779541,2.3949999809265137,12341,0.0,0.0
2023-12-21 11:30:00-05:00,2.4000000953674316,2.4000000953674316,2.2699999809265137,2.390000104904175,2102,0.0,0.0
2023-12-21 12:30:00-05:00,2.309999942779541,2.430000066757202,2.309999942779541,2.4000000953674316,5879,0.0,0.0
2023-12-21 13:30:00-05:00,2.4000000953674316,2.4049999713897705,2.4000000953674316,2.4033000469207764,4982,0.0,0.0
2023-12-21 14:30:00-05:00,2.4049999713897705,2.4049999713897705,2.259999990463257,2.259999990463257,19896,0.0,0.0
2023-12-21 15:30:00-05:00,2.2699999809265137,2.2899999618530273,2.25,2.2899999618530273,5242,0.0,0.0
2023-12-22 09:30:00-05:00,2.240000009536743,2.3503000736236572,2.240000009536743,2.3503000736236572,857,0.0,0.0
2023-12-22 12:30:00-05:00,2.2300000190734863,2.2300000190734863,2.2300000190734863,2.2300000190734863,528,0.0,0.0
2023-12-22 13:30:00-05:00,2.259999990463257,2.319999933242798,2.259999990463257,2.319999933242798,1373,0.0,0.0
2023-12-22 14:30:00-05:00,2.2850000858306885,2.2850000858306885,2.2200000286102295,2.240000009536743,3144,0.0,0.0
2023-12-22 15:30:00-05:00,2.259999990463257,2.2699999809265137,2.1500000953674316,2.1500000953674316,6929,0.0,0.0
2023-12-26 09:30:00-05:00,2.25,2.2874999046325684,2.1349000930786133,2.25,4538,0.0,0.0
2023-12-26 10:30:00-05:00,2.2799999713897705,2.301300048828125,2.2799999713897705,2.301300048828125,613,0.0,0.0
2023-12-26 11:30:00-05:00,2.200000047683716,2.200000047683716,2.200000047683716,2.200000047683716,478,0.0,0.0
2023-12-26 12:30:00-05:00,2.2200000286102295,2.2200000286102295,2.2200000286102295,2.2200000286102295,200,0.0,0.0
2023-12-26 13:30:00-05:00,2.2100000381469727,2.210099935531616,2.200000047683716,2.200000047683716,3332,0.0,0.0
2023-12-26 14:30:00-05:00,2.203399896621704,2.203399896621704,2.180000066757202,2.180000066757202,767,0.0,0.0
2023-12-26 15:30:00-05:00,2.180000066757202,2.200000047683716,2.140000104904175,2.1552000045776367,1441,0.0,0.0
2023-12-27 09:30:00-05:00,2.109999895095825,2.200000047683716,2.0799999237060547,2.0899999141693115,16880,0.0,0.0
2023-12-27 10:30:00-05:00,2.119999885559082,2.130000114440918,2.0799999237060547,2.125,2953,0.0,0.0
2023-12-27 11:30:00-05:00,2.109999895095825,2.119499921798706,2.0299999713897705,2.049999952316284,3568,0.0,0.0
2023-12-27 12:30:00-05:00,2.0199999809265137,2.059999942779541,1.9700000286102295,2.0199999809265137,11109,0.0,0.0
2023-12-27 13:30:00-05:00,2.0199999809265137,2.259999990463257,1.9500000476837158,2.259999990463257,43961,0.0,0.0
2023-12-27 14:30:00-05:00,2.184999942779541,2.184999942779541,2.049999952316284,2.049999952316284,2798,0.0,0.0
2023-12-27 15:30:00-05:00,2.0399999618530273,2.0799999237060547,1.9800000190734863,2.0299999713897705,8626,0.0,0.0
2023-12-28 09:30:00-05:00,2.0999999046325684,2.1326000690460205,2.0350000858306885,2.130000114440918,3614,0.0,0.0
2023-12-28 10:30:00-05:00,2.0799999237060547,2.140000104904175,2.065999984741211,2.134999990463257,5363,0.0,0.0
2023-12-28 11:30:00-05:00,2.061000108718872,2.1384999752044678,2.061000108718872,2.130000114440918,2772,0.0,0.0
2023-12-28 12:30:00-05:00,2.109999895095825,2.109999895095825,2.090100049972534,2.1045000553131104,3974,0.0,0.0
2023-12-28 13:30:00-05:00,2.109999895095825,2.109999895095825,2.0796000957489014,2.0801000595092773,1715,0.0,0.0
2023-12-28 14:30:00-05:00,2.0813000202178955,2.0999999046325684,2.0799999237060547,2.0799999237060547,1090,0.0,0.0
2023-12-28 15:30:00-05:00,2.0799999237060547,2.0999999046325684,2.0799999237060547,2.0899999141693115,3491,0.0,0.0
2023-12-29 09:30:00-05:00,2.109999895095825,2.124000072479248,2.0,2.061800003051758,6347,0.0,0.0
2023-12-29 10:30:00-05:00,2.0799999237060547,2.0799999237060547,2.0109000205993652,2.0109000205993652,735,0.0,0.0
2023-12-29 11:30:00-05:00,2.0199999809265137,2.0201001167297363,2.009999990463257,2.0199999809265137,885,0.0,0.0
2023-12-29 12:30:00-05:00,2.0399999618530273,2.0399999618530273,1.9967999458312988,2.005000114440918,5879,0.0,0.0
2023-12-29 13:30:00-05:00,1.9800000190734863,1.9950000047683716,1.9616999626159668,1.9901000261306763,5291,0.0,0.0
2023-12-29 14:30:00-05:00,2.000200033187866,2.140000104904175,1.9850000143051147,2.11299991607666,27513,0.0,0.0
2023-12-29 15:30:00-05:00,2.049999952316284,2.059999942779541,2.049999952316284,2.059999942779541,520,0.0,0.0
2024-01-02 09:30:00-05:00,2.119999885559082,2.119999885559082,2.119999885559082,2.119999885559082,1993,0.0,0.0
2024-01-02 11:30:00-05:00,2.2799999713897705,2.2799999713897705,2.25,2.25,341,0.0,0.0
2024-01-02 12:30:00-05:00,2.1791000366210938,2.1791000366210938,2.140000104904175,2.140000104904175,674,0.0,0.0
2024-01-02 13:30:00-05:00,2.0701000690460205,2.0701000690460205,2.0701000690460205,2.0701000690460205,112,0.0,0.0
2024-01-02 14:30:00-05:00,2.1638998985290527,2.1638998985290527,2.140000104904175,2.140000104904175,725,0.0,0.0
2024-01-02 15:30:00-05:00,2.1700000762939453,2.190000057220459,2.0799999237060547,2.0799999237060547,684,0.0,0.0
2024-01-03 09:30:00-05:00,2.190000057220459,2.190000057220459,2.190000057220459,2.190000057220459,0,0.0,0.0
2024-01-03 10:30:00-05:00,2.180000066757202,2.180000066757202,2.180000066757202,2.180000066757202,1046,0.0,0.0
2024-01-03 11:30:00-05:00,2.1600000858306885,2.1898999214172363,2.1600000858306885,2.1898999214172363,1102,0.0,0.0
2024-01-03 12:30:00-05:00,2.20989990234375,2.2100000381469727,2.20989990234375,2.2100000381469727,816,0.0,0.0
2024-01-03 14:30:00-05:00,2.0999999046325684,2.0999999046325684,2.0999999046325684,2.0999999046325684,280,0.0,0.0
2024-01-03 15:30:00-05:00,2.0999999046325684,2.125,2.0999999046325684,2.1050000190734863,3787,0.0,0.0
2024-01-04 09:30:00-05:00,2.119999885559082,2.119999885559082,2.119999885559082,2.119999885559082,0,0.0,0.0
2024-01-04 13:30:00-05:00,2.115000009536743,2.119999885559082,2.0999999046325684,2.0999999046325684,3699,0.0,0.0
2024-01-04 15:30:00-05:00,2.0999999046325684,2.0999999046325684,2.069999933242798,2.069999933242798,4101,0.0,0.0
2024-01-05 09:30:00-05:00,2.1600000858306885,2.240000009536743,2.0999999046325684,2.200000047683716,4822,0.0,0.0
2024-01-05 10:30:00-05:00,2.2300000190734863,2.25,2.180000066757202,2.200000047683716,3438,0.0,0.0
2024-01-05 11:30:00-05:00,2.140000104904175,2.190000057220459,2.0999999046325684,2.109999895095825,6063,0.0,0.0
2024-01-05 12:30:00-05:00,2.0999999046325684,2.0999999046325684,2.0999999046325684,2.0999999046325684,138,0.0,0.0
2024-01-05 14:30:00-05:00,2.1798999309539795,2.1798999309539795,2.0504000186920166,2.0826001167297363,1695,0.0,0.0
2024-01-05 15:30:00-05:00,2.069999933242798,2.069999933242798,2.069999933242798,2.069999933242798,141,0.0,0.0
2024-01-08 09:30:00-05:00,2.069999933242798,2.0999999046325684,2.049999952316284,2.0999999046325684,0,0.0,0.0
2024-01-08 10:30:00-05:00,2.0999999046325684,2.0999999046325684,2.0999999046325684,2.0999999046325684,392,0.0,0.0
2024-01-08 11:30:00-05:00,2.125,2.140000104904175,2.0999999046325684,2.140000104904175,1619,0.0,0.0
2024-01-08 12:30:00-05:00,2.119999885559082,2.119999885559082,2.119999885559082,2.119999885559082,943,0.0,0.0
2024-01-08 13:30:00-05:00,2.119800090789795,2.119999885559082,2.0999999046325684,2.119999885559082,2924,0.0,0.0
2024-01-08 14:30:00-05:00,2.1142001152038574,2.140000104904175,2.1142001152038574,2.139699935913086,1808,0.0,0.0
2024-01-08 15:30:00-05:00,2.1412999629974365,2.1412999629974365,2.0899999141693115,2.0999999046325684,2332,0.0,0.0
2024-01-09 09:30:00-05:00,2.0899999141693115,2.0899999141693115,2.0899999141693115,2.0899999141693115,537,0.0,0.0
2024-01-09 10:30:00-05:00,2.1012001037597656,2.109999895095825,2.049999952316284,2.049999952316284,960,0.0,0.0
2024-01-09 11:30:00-05:00,2.069999933242798,2.069999933242798,2.069999933242798,2.069999933242798,856,0.0,0.0
2024-01-09 12:30:00-05:00,2.030100107192993,2.129199981689453,2.030100107192993,2.129199981689453,1368,0.0,0.0
2024-01-09 14:30:00-05:00,2.0799999237060547,2.0799999237060547,2.0799999237060547,2.0799999237060547,738,0.0,0.0
2024-01-09 15:30:00-05:00,2.0399999618530273,2.0399999618530273,2.0399999618530273,2.0399999618530273,324,0.0,0.0
2024-01-10 09:30:00-05:00,2.0899999141693115,2.190000057220459,2.0899999141693115,2.1898999214172363,2933,0.0,0.0
2024-01-10 10:30:00-05:00,2.1500000953674316,2.2100000381469727,2.130000114440918,2.1500000953674316,3041,0.0,0.0
2024-01-10 11:30:00-05:00,2.1110000610351562,2.1110000610351562,2.0999999046325684,2.0999999046325684,4473,0.0,0.0
2024-01-10 12:30:00-05:00,2.065000057220459,2.065000057220459,2.065000057220459,2.065000057220459,451,0.0,0.0
2024-01-10 13:30:00-05:00,2.069999933242798,2.109999895095825,2.069999933242798,2.0899999141693115,1391,0.0,0.0
2024-01-10 14:30:00-05:00,2.0999999046325684,2.0999999046325684,2.0799999237060547,2.0850000381469727,4566,0.0,0.0
2024-01-10 15:30:00-05:00,2.0850000381469727,2.0850000381469727,2.0850000381469727,2.0850000381469727,170,0.0,0.0
2024-01-11 09:30:00-05:00,2.049999952316284,2.059999942779541,2.0,2.009999990463257,0,0.0,0.0
2024-01-11 10:30:00-05:00,2.0,2.119999885559082,1.9700000286102295,1.9976999759674072,2363,0.0,0.0
2024-01-11 11:30:00-05:00,1.9900000095367432,1.999899983406067,1.9900000095367432,1.999899983406067,295,0.0,0.0
2024-01-11 12:30:00-05:00,1.9199999570846558,1.9900000095367432,1.899999976158142,1.9600000381469727,5849,0.0,0.0
2024-01-11 14:30:00-05:00,1.9407000541687012,1.9500000476837158,1.899999976158142,1.9299999475479126,6315,0.0,0.0
2024-01-11 15:30:00-05:00,1.9299999475479126,1.9299999475479126,1.9299999475479126,1.9299999475479126,1731,0.0,0.0
2024-01-12 09:30:00-05:00,1.9800000190734863,2.0799999237060547,1.909999966621399,2.059999942779541,27908,0.0,0.0
2024-01-12 10:30:00-05:00,2.0799999237060547,2.0799999237060547,1.9800000190734863,1.9800000190734863,8797,0.0,0.0
2024-01-12 11:30:00-05:00,1.940500020980835,1.965000033378601,1.940000057220459,1.940000057220459,940,0.0,0.0
2024-01-12 12:30:00-05:00,1.9900000095367432,1.9900000095367432,1.9500000476837158,1.9500000476837158,512,0.0,0.0
2024-01-12 13:30:00-05:00,2.0192999839782715,2.0192999839782715,2.0192999839782715,2.0192999839782715,213,0.0,0.0
2024-01-12 14:30:00-05:00,1.9817999601364136,1.9817999601364136,1.9817999601364136,1.9817999601364136,551,0.0,0.0
2024-01-12 15:30:00-05:00,2.0,2.0299999713897705,2.0,2.0299999713897705,1071,0.0,0.0
2024-01-16 09:30:00-05:00,2.0299999713897705,2.0299999713897705,2.0,2.0250000953674316,1534,0.0,0.0
2024-01-16 10:30:00-05:00,2.0299999713897705,2.0299999713897705,2.0299999713897705,2.0299999713897705,207,0.0,0.0
2024-01-16 11:30:00-05:00,2.009999990463257,2.049999952316284,1.9700000286102295,2.049999952316284,11371,0.0,0.0
2024-01-16 12:30:00-05:00,2.0434999465942383,2.044100046157837,1.9900000095367432,2.0,3451,0.0,0.0
2024-01-16 13:30:00-05:00,2.049999952316284,2.049999952316284,2.049999952316284,2.049999952316284,120,0.0,0.0
2024-01-16 14:30:00-05:00,2.0399999618530273,2.0399999618530273,2.0399999618530273,2.0399999618530273,197,0.0,0.0
2024-01-16 15:30:00-05:00,2.0399999618530273,2.0399999618530273,1.9900000095367432,2.0299999713897705,2306,0.0,0.0
2024-01-17 09:30:00-05:00,2.2300000190734863,2.2300000190734863,1.9800000190734863,2.0299999713897705,1963,0.0,0.0
2024-01-17 10:30:00-05:00,2.0299999713897705,2.0399999618530273,1.899999976158142,1.899999976158142,17986,0.0,0.0
2024-01-17 11:30:00-05:00,1.899999976158142,1.9249999523162842,1.8600000143051147,1.8765000104904175,29445,0.0,0.0
2024-01-17 12:30:00-05:00,1.8600000143051147,1.909999966621399,1.8600000143051147,1.9098999500274658,3103,0.0,0.0
2024-01-17 13:30:00-05:00,1.899999976158142,1.902500033378601,1.899999976158142,1.902500033378601,916,0.0,0.0
2024-01-17 14:30:00-05:00,1.902500033378601,1.9299999475479126,1.899999976158142,1.9299999475479126,1025,0.0,0.0
2024-01-17 15:30:00-05:00,1.9299999475479126,1.982100009918213,1.9299999475479126,1.9600000381469727,2008,0.0,0.0
2024-01-18 09:30:00-05:00,1.899999976158142,1.899999976158142,1.899999976158142,1.899999976158142,1213,0.0,0.0
2024-01-18 10:30:00-05:00,2.0,2.009999990463257,1.9450000524520874,2.0,1880,0.0,0.0
2024-01-18 11:30:00-05:00,2.0199999809265137,2.0399999618530273,1.9500999450683594,1.9500999450683594,8660,0.0,0.0
2024-01-18 12:30:00-05:00,2.0299999713897705,2.0299999713897705,2.0299999713897705,2.0299999713897705,1090,0.0,0.0
2024-01-18 13:30:00-05:00,2.0350000858306885,2.1500000953674316,1.9900000095367432,1.9900000095367432,694,0.0,0.0
2024-01-18 14:30:00-05:00,2.0,2.049999952316284,2.0,2.009999990463257,1024,0.0,0.0
2024-01-18 15:30:00-05:00,2.009999990463257,2.009999990463257,1.9900000095367432,1.9900000095367432,1287,0.0,0.0
2024-01-19 09:30:00-05:00,1.9800000190734863,1.9800000190734863,1.9800000190734863,1.9800000190734863,0,0.0,0.0
2024-01-19 10:30:00-05:00,1.9938000440597534,1.9938000440597534,1.9938000440597534,1.9938000440597534,425,0.0,0.0
2024-01-19 14:30:00-05:00,1.9500000476837158,1.9500000476837158,1.9500000476837158,1.9500000476837158,410,0.0,0.0
2024-01-22 09:30:00-05:00,2.0,2.049999952316284,2.0,2.049999952316284,1155,0.0,0.0
2024-01-22 10:30:00-05:00,2.0399999618530273,2.0799999237060547,2.0399999618530273,2.0799999237060547,4027,0.0,0.0
2024-01-22 11:30:00-05:00,2.0799999237060547,2.0799999237060547,2.0799999237060547,2.0799999237060547,243,0.0,0.0
2024-01-22 12:30:00-05:00,2.109999895095825,2.1394999027252197,2.0799999237060547,2.101099967956543,1346,0.0,0.0
2024-01-22 13:30:00-05:00,2.0999999046325684,2.0999999046325684,2.0999999046325684,2.0999999046325684,463,0.0,0.0
2024-01-22 14:30:00-05:00,2.1050000190734863,2.125,2.0899999141693115,2.0899999141693115,2238,0.0,0.0
2024-01-22 15:30:00-05:00,2.0999999046325684,2.0999999046325684,2.049999952316284,2.0899999141693115,6821,0.0,0.0
2024-01-23 10:30:00-05:00,2.099400043487549,2.099400043487549,2.099400043487549,2.099400043487549,1546,0.0,0.0
2024-01-23 11:30:00-05:00,2.0899999141693115,2.099900007247925,2.069999933242798,2.069999933242798,2063,0.0,0.0
2024-01-23 12:30:00-05:00,2.0850000381469727,2.0850000381469727,2.0850000381469727,2.0850000381469727,136,0.0,0.0
2024-01-23 13:30:00-05:00,2.0799999237060547,2.0799999237060547,2.0799999237060547,2.0799999237060547,5294,0.0,0.0
2024-01-23 14:30:00-05:00,2.0799999237060547,2.0799999237060547,2.0799999237060547,2.0799999237060547,237,0.0,0.0
2024-01-23 15:30:00-05:00,2.0899999141693115,2.1500000953674316,2.0899999141693115,2.125,18021,0.0,0.0
2024-01-24 09:30:00-05:00,2.140000104904175,2.1500000953674316,2.1050000190734863,2.109999895095825,7804,0.0,0.0
2024-01-24 10:30:00-05:00,2.0841000080108643,2.0841000080108643,2.0841000080108643,2.0841000080108643,568,0.0,0.0
2024-01-24 12:30:00-05:00,2.100100040435791,2.119999885559082,2.100100040435791,2.11899995803833,2023,0.0,0.0
2024-01-24 13:30:00-05:00,2.109999895095825,2.109999895095825,2.100100040435791,2.109999895095825,5077,0.0,0.0
2024-01-24 15:30:00-05:00,2.109999895095825,2.199899911880493,2.109999895095825,2.180000066757202,1233,0.0,0.0
2024-01-25 09:30:00-05:00,2.140000104904175,2.159899950027466,2.1208999156951904,2.159899950027466,2434,0.0,0.0
2024-01-25 10:30:00-05:00,2.090100049972534,2.1500000953674316,2.090100049972534,2.1500000953674316,1090,0.0,0.0
2024-01-25 11:30:00-05:00,2.190000057220459,2.190000057220459,2.190000057220459,2.190000057220459,247,0.0,0.0
2024-01-25 12:30:00-05:00,2.1301000118255615,2.1301000118255615,2.1301000118255615,2.1301000118255615,238,0.0,0.0
2024-01-25 13:30:00-05:00,2.140000104904175,2.140000104904175,2.130000114440918,2.130000114440918,3002,0.0,0.0
2024-01-25 15:30:00-05:00,2.130000114440918,2.2049999237060547,2.130000114440918,2.2049999237060547,2489,0.0,0.0
2024-01-26 09:30:00-05:00,2.0899999141693115,2.0899999141693115,2.0899999141693115,2.0899999141693115,277,0.0,0.0
2024-01-26 10:30:00-05:00,2.200000047683716,2.200000047683716,2.200000047683716,2.200000047683716,200,0.0,0.0
2024-01-26 11:30:00-05:00,2.200500011444092,2.25,2.1700000762939453,2.1700000762939453,458,0.0,0.0
2024-01-26 13:30:00-05:00,2.2014999389648438,2.2014999389648438,2.200000047683716,2.200000047683716,2629,0.0,0.0
2024-01-26 14:30:00-05:00,2.190000057220459,2.190000057220459,2.190000057220459,2.190000057220459,372,0.0,0.0
2024-01-26 15:30:00-05:00,2.200000047683716,2.200000047683716,2.180000066757202,2.180000066757202,1691,0.0,0.0
2024-01-29 11:30:00-05:00,2.1194000244140625,2.1194000244140625,2.1194000244140625,2.1194000244140625,0,0.0,0.0
2024-01-29 12:30:00-05:00,2.088599920272827,2.1600000858306885,2.0199999809265137,2.140000104904175,2922,0.0,0.0
2024-01-29 13:30:00-05:00,2.140000104904175,2.140000104904175,2.140000104904175,2.140000104904175,561,0.0,0.0
2024-01-29 15:30:00-05:00,2.0899999141693115,2.2200000286102295,2.0899999141693115,2.2200000286102295,5513,0.0,0.0
2024-01-30 09:30:00-05:00,2.180000066757202,2.25,2.180000066757202,2.25,1950,0.0,0.0
2024-01-30 10:30:00-05:00,2.2499001026153564,2.2499001026153564,2.2499001026153564,2.2499001026153564,161,0.0,0.0
2024-01-30 11:30:00-05:00,2.25,2.332900047302246,2.25,2.25,477,0.0,0.0
2024-01-30 12:30:00-05:00,2.2244999408721924,2.299999952316284,2.220099925994873,2.25,2790,0.0,0.0
2024-01-30 13:30:00-05:00,2.25,2.25,2.25,2.25,1640,0.0,0.0
2024-01-30 14:30:00-05:00,2.25,2.25,2.240000009536743,2.240000009536743,914,0.0,0.0
2024-01-30 15:30:00-05:00,2.180000066757202,2.2799999713897705,2.180000066757202,2.25,1452,0.0,0.0
2024-01-31 09:30:00-05:00,2.259999990463257,2.259999990463257,2.259999990463257,2.259999990463257,0,0.0,0.0
2024-01-31 10:30:00-05:00,2.200000047683716,2.200000047683716,2.200000047683716,2.200000047683716,376,0.0,0.0
2024-01-31 13:30:00-05:00,2.050100088119507,2.25,2.050100088119507,2.25,1971,0.0,0.0
2024-01-31 14:30:00-05:00,2.240000009536743,2.240000009536743,2.240000009536743,2.240000009536743,442,0.0,0.0
2024-01-31 15:30:00-05:00,2.140000104904175,2.200000047683716,2.140000104904175,2.200000047683716,2463,0.0,0.0
2024-02-01 09:30:00-05:00,2.049999952316284,2.0501999855041504,2.049999952316284,2.0501999855041504,0,0.0,0.0
2024-02-01 10:30:00-05:00,2.184999942779541,2.184999942779541,2.184999942779541,2.184999942779541,136,0.0,0.0
2024-02-01 11:30:00-05:00,2.049999952316284,2.2053000926971436,2.049999952316284,2.2053000926971436,11709,0.0,0.0
2024-02-01 13:30:00-05:00,2.1700000762939453,2.1700000762939453,2.1700000762939453,2.1700000762939453,362,0.0,0.0
2024-02-01 14:30:00-05:00,2.190000057220459,2.200000047683716,2.180000066757202,2.200000047683716,1128,0.0,0.0
2024-02-01 15:30:00-05:00,2.125,2.125,2.125,2.125,0,0.0,0.0
2024-02-02 09:30:00-05:00,2.0799999237060547,2.244999885559082,2.0799999237060547,2.140000104904175,2612,0.0,0.0
2024-02-02 10:30:00-05:00,2.1500000953674316,2.1500000953674316,2.140000104904175,2.140000104904175,320,0.0,0.0
2024-02-02 11:30:00-05:00,2.1665000915527344,2.1665000915527344,2.1600000858306885,2.1600000858306885,417,0.0,0.0
2024-02-02 12:30:00-05:00,2.140000104904175,2.1698999404907227,2.140000104904175,2.1698999404907227,992,0.0,0.0
2024-02-02 13:30:00-05:00,2.140000104904175,2.1500000953674316,2.049999952316284,2.140000104904175,26054,0.0,0.0
2024-02-02 14:30:00-05:00,2.0799999237060547,2.0799999237060547,2.0799999237060547,2.0799999237060547,890,0.0,0.0
2024-02-02 15:30:00-05:00,2.0799999237060547,2.0799999237060547,2.0799999237060547,2.0799999237060547,245,0.0,0.0
2024-02-05 09:30:00-05:00,2.069999933242798,2.130000114440918,2.0299999713897705,2.0299999713897705,0,0.0,0.0
2024-02-05 11:30:00-05:00,2.0199999809265137,2.0299999713897705,2.0199999809265137,2.0299999713897705,786,0.0,0.0
2024-02-05 13:30:00-05:00,2.0450000762939453,2.059999942779541,2.0199999809265137,2.0199999809265137,4956,0.0,0.0
2024-02-05 14:30:00-05:00,2.0299999713897705,2.0299999713897705,2.0199999809265137,2.0199999809265137,282,0.0,0.0
2024-02-05 15:30:00-05:00,2.026099920272827,2.049999952316284,2.0199999809265137,2.0199999809265137,1495,0.0,0.0
2024-02-06 09:30:00-05:00,2.009999990463257,2.009999990463257,2.009999990463257,2.009999990463257,931,0.0,0.0
2024-02-06 10:30:00-05:00,2.099900007247925,2.099900007247925,2.0199999809265137,2.0199999809265137,820,0.0,0.0
2024-02-06 11:30:00-05:00,2.0,2.069999933242798,2.0,2.069999933242798,323,0.0,0.0
2024-02-06 12:30:00-05:00,2.04010009765625,2.0850000381469727,2.0399999618530273,2.0850000381469727,1004,0.0,0.0
2024-02-06 13:30:00-05:00,2.059999942779541,2.059999942779541,2.059999942779541,2.059999942779541,351,0.0,0.0
2024-02-06 14:30:00-05:00,2.0954999923706055,2.0954999923706055,2.0954999923706055,2.0954999923706055,149,0.0,0.0
2024-02-06 15:30:00-05:00,2.0799999237060547,2.0799999237060547,2.059999942779541,2.059999942779541,0,0.0,0.0
2024-02-07 11:30:00-05:00,2.06850004196167,2.06850004196167,2.06850004196167,2.06850004196167,574,0.0,0.0
2024-02-07 12:30:00-05:00,2.075000047683716,2.075000047683716,2.075000047683716,2.075000047683716,575,0.0,0.0
2024-02-07 14:30:00-05:00,2.059999942779541,2.069999933242798,2.059999942779541,2.069999933242798,2269,0.0,0.0
2024-02-07 15:30:00-05:00,2.049999952316284,2.059999942779541,2.049999952316284,2.059499979019165,1779,0.0,0.0
2024-02-08 09:30:00-05:00,2.0,2.0950000286102295,2.0,2.0950000286102295,3816,0.0,0.0
2024-02-08 11:30:00-05:00,2.130000114440918,2.140000104904175,2.130000114440918,2.140000104904175,1810,0.0,0.0
2024-02-08 12:30:00-05:00,2.0899999141693115,2.0899999141693115,2.0899999141693115,2.0899999141693115,242,0.0,0.0
2024-02-08 14:30:00-05:00,2.0899999141693115,2.0899999141693115,2.0776000022888184,2.0899999141693115,731,0.0,0.0
2024-02-08 15:30:00-05:00,2.119999885559082,2.130000114440918,2.059999942779541,2.0799999237060547,3094,0.0,0.0
2024-02-09 09:30:00-05:00,2.059999942779541,2.059999942779541,2.049999952316284,2.049999952316284,1025,0.0,0.0
2024-02-09 11:30:00-05:00,2.0450000762939453,2.0450000762939453,2.0450000762939453,2.0450000762939453,208,0.0,0.0
2024-02-09 14:30:00-05:00,2.0199999809265137,2.0360000133514404,2.007999897003174,2.0199999809265137,5639,0.0,0.0
2024-02-09 15:30:00-05:00,2.0799999237060547,2.0899999141693115,2.0,2.0,1367,0.0,0.0
2024-02-12 09:30:00-05:00,2.009999990463257,2.0399999618530273,2.009999990463257,2.009999990463257,3457,0.0,0.0
2024-02-12 10:30:00-05:00,2.009999990463257,2.1298999786376953,2.009999990463257,2.0160000324249268,3233,0.0,0.0
2024-02-12 11:30:00-05:00,2.029400110244751,2.119999885559082,2.029400110244751,2.119999885559082,457,0.0,0.0
2024-02-12 12:30:00-05:00,2.026400089263916,2.119999885559082,2.026400089263916,2.069999933242798,2237,0.0,0.0
2024-02-12 13:30:00-05:00,2.049999952316284,2.049999952316284,2.049999952316284,2.049999952316284,210,0.0,0.0
2024-02-12 14:30:00-05:00,2.049999952316284,2.049999952316284,2.049999952316284,2.049999952316284,266,0.0,0.0
2024-02-12 15:30:00-05:00,2.059999942779541,2.0601000785827637,2.0450000762939453,2.0450000762939453,433,0.0,0.0
2024-02-13 09:30:00-05:00,2.0,2.0100998878479004,2.0,2.0100998878479004,0,0.0,0.0
2024-02-13 14:30:00-05:00,2.062700033187866,2.062700033187866,2.0299999713897705,2.030100107192993,1400,0.0,0.0
2024-02-13 15:30:00-05:00,2.0299999713897705,2.0299999713897705,2.0,2.0250000953674316,1411,0.0,0.0
2024-02-14 09:30:00-05:00,2.0000998973846436,2.0199999809265137,2.0,2.0199999809265137,2898,0.0,0.0
2024-02-14 10:30:00-05:00,2.0199999809265137,2.0199999809265137,2.0,2.0000998973846436,2825,0.0,0.0
2024-02-14 14:30:00-05:00,2.009999990463257,2.009999990463257,2.009999990463257,2.009999990463257,348,0.0,0.0
2024-02-14 15:30:00-05:00,2.009999990463257,2.009999990463257,2.009999990463257,2.009999990463257,111,0.0,0.0
2024-02-15 09:30:00-05:00,2.0299999713897705,2.0799999237060547,2.001300096511841,2.009999990463257,5610,0.0,0.0
2024-02-15 10:30:00-05:00,2.0,2.0,1.9700000286102295,1.9700000286102295,2650,0.0,0.0
2024-02-15 12:30:00-05:00,1.9709999561309814,1.9900000095367432,1.9709999561309814,1.9900000095367432,8262,0.0,0.0
2024-02-15 14:30:00-05:00,2.059799909591675,2.059799909591675,2.059799909591675,2.059799909591675,218,0.0,0.0
2024-02-15 15:30:00-05:00,2.0399999618530273,2.0399999618530273,2.0299999713897705,2.0299999713897705,538,0.0,0.0
2024-02-16 11:30:00-05:00,2.009999990463257,2.009999990463257,2.009999990463257,2.009999990463257,418,0.0,0.0
2024-02-16 13:30:00-05:00,2.0199999809265137,2.0199999809265137,2.0199999809265137,2.0199999809265137,1264,0.0,0.0
2024-02-16 14:30:00-05:00,2.0799999237060547,2.0799999237060547,2.0299999713897705,2.0399999618530273,515,0.0,0.0
2024-02-16 15:30:00-05:00,2.049999952316284,2.049999952316284,1.9600000381469727,2.0,4475,0.0,0.0
2024-02-20 09:30:00-05:00,1.9800000190734863,1.9889999628067017,1.9600000381469727,1.988700032234192,2133,0.0,0.0
2024-02-20 10:30:00-05:00,1.940000057220459,1.9800000190734863,1.899999976158142,1.9600000381469727,8391,0.0,0.0
2024-02-20 11:30:00-05:00,1.9700000286102295,1.9700000286102295,1.9500000476837158,1.9700000286102295,2510,0.0,0.0
2024-02-20 13:30:00-05:00,1.899999976158142,1.899999976158142,1.899999976158142,1.899999976158142,2369,0.0,0.0
2024-02-20 15:30:00-05:00,1.8899999856948853,1.9500000476837158,1.784999966621399,1.8799999952316284,0,0.0,0.0
2024-02-21 09:30:00-05:00,1.9515000581741333,1.9534000158309937,1.9515000581741333,1.9534000158309937,1117,0.0,0.0
2024-02-21 11:30:00-05:00,1.8639999628067017,1.8639999628067017,1.850000023841858,1.850000023841858,872,0.0,0.0
2024-02-21 12:30:00-05:00,1.850000023841858,1.850000023841858,1.8049999475479126,1.8200000524520874,982,0.0,0.0
2024-02-21 13:30:00-05:00,1.8200000524520874,1.8200000524520874,1.7999999523162842,1.8014999628067017,1899,0.0,0.0
2024-02-21 14:30:00-05:00,1.7812999486923218,1.7812999486923218,1.7812999486923218,1.7812999486923218,298,0.0,0.0
2024-02-21 15:30:00-05:00,1.7899999618530273,1.7899999618530273,1.7899999618530273,1.7899999618530273,0,0.0,0.0
2024-02-22 09:30:00-05:00,1.850000023841858,1.850000023841858,1.850000023841858,1.850000023841858,526,0.0,0.0
2024-02-22 10:30:00-05:00,1.7999999523162842,1.7999999523162842,1.659999966621399,1.7599999904632568,18232,0.0,0.0
2024-02-22 11:30:00-05:00,1.7549999952316284,1.809999942779541,1.7549999952316284,1.809999942779541,9724,0.0,0.0
2024-02-22 12:30:00-05:00,1.8799999952316284,1.8799999952316284,1.8450000286102295,1.8600000143051147,1001,0.0,0.0
2024-02-22 13:30:00-05:00,1.7999999523162842,1.8029999732971191,1.6799999475479126,1.7799999713897705,7536,0.0,0.0
2024-02-22 14:30:00-05:00,1.7899999618530273,1.7899999618530273,1.7300000190734863,1.7300000190734863,6114,0.0,0.0
2024-02-22 15:30:00-05:00,1.725000023841858,1.725000023841858,1.725000023841858,1.725000023841858,155,0.0,0.0
2024-02-23 09:30:00-05:00,1.649999976158142,1.7598999738693237,1.649999976158142,1.75,0,0.0,0.0
2024-02-23 10:30:00-05:00,1.7523000240325928,1.7523000240325928,1.7300000190734863,1.7300000190734863,9023,0.0,0.0
2024-02-23 11:30:00-05:00,1.7200000286102295,1.7599999904632568,1.7200000286102295,1.7599999904632568,3045,0.0,0.0
2024-02-23 12:30:00-05:00,1.7575000524520874,1.7575000524520874,1.6964999437332153,1.6964999437332153,8623,0.0,0.0
2024-02-23 14:30:00-05:00,1.75,1.75,1.7200000286102295,1.7300000190734863,4201,0.0,0.0
2024-02-23 15:30:00-05:00,1.7699999809265137,1.7699999809265137,1.75,1.75,1323,0.0,0.0
2024-02-26 09:30:00-05:00,1.7799999713897705,1.8140000104904175,1.7799999713897705,1.8140000104904175,996,0.0,0.0
2024-02-26 11:30:00-05:00,1.809999942779541,1.809999942779541,1.809999942779541,1.809999942779541,261,0.0,0.0
2024-02-26 12:30:00-05:00,1.7799999713897705,1.7799999713897705,1.7799999713897705,1.7799999713897705,3261,0.0,0.0
2024-02-27 09:30:00-05:00,1.809999942779541,1.809999942779541,1.7001999616622925,1.7001999616622925,1092,0.0,0.0
2024-02-27 10:30:00-05:00,1.7415000200271606,1.8300000429153442,1.7415000200271606,1.8300000429153442,4363,0.0,0.0
2024-02-27 12:30:00-05:00,1.7300000190734863,1.7599999904632568,1.7200000286102295,1.7599999904632568,0,0.0,0.0
2024-02-28 09:30:00-05:00,1.75,1.7599999904632568,1.7497999668121338,1.7599999904632568,563,0.0,0.0
2024-02-28 10:30:00-05:00,1.76010000705719,1.76010000705719,1.76010000705719,1.76010000705719,239,0.0,0.0
2024-02-28 12:30:00-05:00,1.774999976158142,1.7999999523162842,1.75,1.75,1351,0.0,0.0
2024-02-28 15:30:00-05:00,1.7979999780654907,1.7999999523162842,1.784999966621399,1.7910000085830688,1892,0.0,0.0
2024-02-29 09:30:00-05:00,1.8300000429153442,1.8300000429153442,1.7654000520706177,1.8025000095367432,3833,0.0,0.0
2024-02-29 10:30:00-05:00,1.8200000524520874,1.8200000524520874,1.8200000524520874,1.8200000524520874,353,0.0,0.0
2024-02-29 11:30:00-05:00,1.8200000524520874,1.8200000524520874,1.815000057220459,1.8200000524520874,491,0.0,0.0
2024-02-29 12:30:00-05:00,1.8200000524520874,1.8200000524520874,1.8200000524520874,1.8200000524520874,449,0.0,0.0
2024-02-29 13:30:00-05:00,1.8200000524520874,1.8200000524520874,1.8200000524520874,1.8200000524520874,1456,0.0,0.0
2024-02-29 15:30:00-05:00,1.7599999904632568,1.7599999904632568,1.7599999904632568,1.7599999904632568,0,0.0,0.0
2024-03-01 09:30:00-05:00,1.7599999904632568,1.7599999904632568,1.750100016593933,1.750100016593933,902,0.0,0.0
2024-03-01 10:30:00-05:00,1.7699999809265137,1.7699999809265137,1.7599999904632568,1.7599999904632568,2460,0.0,0.0
2024-03-01 11:30:00-05:00,1.73989999294281,1.7400000095367432,1.725000023841858,1.7400000095367432,3313,0.0,0.0
2024-03-01 12:30:00-05:00,1.7214000225067139,1.7300000190734863,1.7214000225067139,1.7300000190734863,2121,0.0,0.0
2024-03-01 13:30:00-05:00,1.7300000190734863,1.8049999475479126,1.7300000190734863,1.8049999475479126,5888,0.0,0.0
2024-03-01 14:30:00-05:00,1.8299000263214111,1.8299000263214111,1.784999966621399,1.784999966621399,1133,0.0,0.0
2024-03-01 15:30:00-05:00,1.7799999713897705,1.8350000381469727,1.7799999713897705,1.8350000381469727,2496,0.0,0.0
2024-03-04 09:30:00-05:00,1.850000023841858,1.850000023841858,1.850000023841858,1.850000023841858,961,0.0,0.0
2024-03-04 11:30:00-05:00,1.8858000040054321,1.8858000040054321,1.8350000381469727,1.8350000381469727,2778,0.0,0.0
2024-03-04 12:30:00-05:00,1.8899999856948853,1.8899999856948853,1.8141000270843506,1.8141000270843506,1378,0.0,0.0
2024-03-04 13:30:00-05:00,1.8396999835968018,1.850000023841858,1.8396999835968018,1.850000023841858,632,0.0,0.0
2024-03-04 14:30:00-05:00,1.850000023841858,1.909999966621399,1.850000023841858,1.909999966621399,0,0.0,0.0
2024-03-05 09:30:00-05:00,1.8899999856948853,1.8899999856948853,1.8899999856948853,1.8899999856948853,342,0.0,0.0
2024-03-05 10:30:00-05:00,1.860200047492981,1.8700000047683716,1.8187999725341797,1.8700000047683716,658,0.0,0.0
2024-03-05 11:30:00-05:00,1.9098999500274658,1.9098999500274658,1.8550000190734863,1.8550000190734863,1205,0.0,0.0
2024-03-05 12:30:00-05:00,1.809999942779541,1.809999942779541,1.8000999689102173,1.8001999855041504,1943,0.0,0.0
2024-03-05 14:30:00-05:00,1.8799999952316284,1.8799999952316284,1.8799999952316284,1.8799999952316284,2021,0.0,0.0
2024-03-05 15:30:00-05:00,1.8799999952316284,1.8799999952316284,1.8300000429153442,1.8350000381469727,4264,0.0,0.0
2024-03-06 09:30:00-05:00,1.766800045967102,1.766800045967102,1.7000000476837158,1.750100016593933,5027,0.0,0.0
2024-03-06 11:30:00-05:00,1.7396999597549438,1.7396999597549438,1.7396999597549438,1.7396999597549438,1094,0.0,0.0
2024-03-06 12:30:00-05:00,1.7100000381469727,1.75,1.649999976158142,1.75,8263,0.0,0.0
2024-03-06 14:30:00-05:00,1.7961000204086304,1.7961000204086304,1.75,1.750100016593933,1506,0.0,0.0
2024-03-06 15:30:00-05:00,1.7400000095367432,1.7599999904632568,1.7400000095367432,1.7599999904632568,0,0.0,0.0
2024-03-07 09:30:00-05:00,1.7000000476837158,1.7402000427246094,1.6174999475479126,1.6174999475479126,2464,0.0,0.0
2024-03-07 11:30:00-05:00,1.7949999570846558,1.7949999570846558,1.7949999570846558,1.7949999570846558,206,0.0,0.0
2024-03-07 13:30:00-05:00,1.7949999570846558,1.7949999570846558,1.7949999570846558,1.7949999570846558,374,0.0,0.0
2024-03-07 15:30:00-05:00,1.7999999523162842,1.8200000524520874,1.7999999523162842,1.8200000524520874,562,0.0,0.0
2024-03-08 09:30:00-05:00,1.850000023841858,1.8600000143051147,1.850000023841858,1.8600000143051147,1580,0.0,0.0
2024-03-08 11:30:00-05:00,1.8200000524520874,1.8200000524520874,1.8200000524520874,1.8200000524520874,142,0.0,0.0
2024-03-08 12:30:00-05:00,1.8600000143051147,1.8600000143051147,1.8600000143051147,1.8600000143051147,654,0.0,0.0
2024-03-08 13:30:00-05:00,1.840000033378601,1.840000033378601,1.823699951171875,1.823699951171875,1092,0.0,0.0
2024-03-08 14:30:00-05:00,1.8300000429153442,1.8300000429153442,1.8300000429153442,1.8300000429153442,1626,0.0,0.0
2024-03-11 09:30:00-04:00,1.7899999618530273,1.8499000072479248,1.7799999713897705,1.7799999713897705,0,0.0,0.0
2024-03-11 10:30:00-04:00,1.7207000255584717,1.7207000255584717,1.7200000286102295,1.7200000286102295,578,0.0,0.0
2024-03-11 11:30:00-04:00,1.7999999523162842,1.809999942779541,1.7999999523162842,1.809999942779541,1745,0.0,0.0
2024-03-11 12:30:00-04:00,1.809999942779541,1.809999942779541,1.809999942779541,1.809999942779541,101,0.0,0.0
2024-03-11 13:30:00-04:00,1.8005000352859497,1.8005000352859497,1.7599999904632568,1.7599999904632568,327,0.0,0.0
2024-03-11 14:30:00-04:00,1.75,1.75,1.75,1.75,232,0.0,0.0
2024-03-11 15:30:00-04:00,1.7949999570846558,1.7949999570846558,1.7949999570846558,1.7949999570846558,128,0.0,0.0
2024-03-12 09:30:00-04:00,1.7005000114440918,1.7005000114440918,1.7005000114440918,1.7005000114440918,188,0.0,0.0
2024-03-12 10:30:00-04:00,1.7799999713897705,1.7799999713897705,1.7799999713897705,1.7799999713897705,1087,0.0,0.0
2024-03-12 11:30:00-04:00,1.7599999904632568,1.7599999904632568,1.7450000047683716,1.7450000047683716,1954,0.0,0.0
2024-03-12 12:30:00-04:00,1.7832000255584717,1.7832000255584717,1.7832000255584717,1.7832000255584717,1594,0.0,0.0
2024-03-12 15:30:00-04:00,1.7599999904632568,1.7699999809265137,1.7201000452041626,1.7201000452041626,952,0.0,0.0
2024-03-13 09:30:00-04:00,1.7339999675750732,1.7339999675750732,1.7339999675750732,1.7339999675750732,145,0.0,0.0
2024-03-13 11:30:00-04:00,1.771399974822998,1.771399974822998,1.771399974822998,1.771399974822998,1144,0.0,0.0
2024-03-13 12:30:00-04:00,1.7799999713897705,1.7898999452590942,1.7652000188827515,1.7898999452590942,1027,0.0,0.0
2024-03-13 13:30:00-04:00,1.7899999618530273,1.7899999618530273,1.7699999809265137,1.7699999809265137,1072,0.0,0.0
2024-03-13 14:30:00-04:00,1.7610000371932983,1.7610000371932983,1.7610000371932983,1.7610000371932983,367,0.0,0.0
2024-03-13 15:30:00-04:00,1.7699999809265137,1.7699999809265137,1.7610000371932983,1.7610000371932983,668,0.0,0.0
2024-03-14 09:30:00-04:00,1.75,1.75,1.7100000381469727,1.7100000381469727,486,0.0,0.0
2024-03-14 10:30:00-04:00,1.7599999904632568,1.7599999904632568,1.75,1.75,682,0.0,0.0
2024-03-14 11:30:00-04:00,1.7799999713897705,1.7799999713897705,1.75,1.75,385,0.0,0.0
2024-03-14 12:30:00-04:00,1.7699999809265137,1.7699999809265137,1.75,1.75,645,0.0,0.0
2024-03-14 13:30:00-04:00,1.75,1.8099000453948975,1.75,1.8099000453948975,2631,0.0,0.0
2024-03-14 15:30:00-04:00,1.75,1.75,1.75,1.75,253,0.0,0.0
2024-03-15 09:30:00-04:00,1.7689000368118286,1.7689000368118286,1.750100016593933,1.750100016593933,1482,0.0,0.0
2024-03-15 10:30:00-04:00,1.75,1.75,1.75,1.75,153,0.0,0.0
2024-03-15 11:30:00-04:00,1.809000015258789,1.809000015258789,1.809000015258789,1.809000015258789,333,0.0,0.0
2024-03-15 12:30:00-04:00,1.798799991607666,1.809999942779541,1.798799991607666,1.809999942779541,756,0.0,0.0
2024-03-15 13:30:00-04:00,1.809999942779541,1.809999942779541,1.7999999523162842,1.7999999523162842,678,0.0,0.0
2024-03-15 14:30:00-04:00,1.7300000190734863,1.7300000190734863,1.7300000190734863,1.7300000190734863,948,0.0,0.0
2024-03-18 09:30:00-04:00,1.6100000143051147,1.7200000286102295,1.6100000143051147,1.7200000286102295,1988,0.0,0.0
2024-03-18 10:30:00-04:00,1.7050000429153442,1.7299000024795532,1.7050000429153442,1.7299000024795532,713,0.0,0.0
2024-03-18 12:30:00-04:00,1.7100000381469727,1.7300000190734863,1.6799999475479126,1.705199956893921,6484,0.0,0.0
2024-03-18 15:30:00-04:00,1.6799999475479126,1.684999942779541,1.6200000047683716,1.6200000047683716,6064,0.0,0.0
2024-03-19 09:30:00-04:00,1.6200000047683716,1.74590003490448,1.6200000047683716,1.684999942779541,2438,0.0,0.0
2024-03-19 12:30:00-04:00,1.7300000190734863,1.7549999952316284,1.715000033378601,1.7305999994277954,2884,0.0,0.0
2024-03-19 13:30:00-04:00,1.7000000476837158,1.7111999988555908,1.7000000476837158,1.7000000476837158,5720,0.0,0.0
2024-03-19 14:30:00-04:00,1.7044999599456787,1.7044999599456787,1.7000000476837158,1.7000000476837158,1461,0.0,0.0
2024-03-19 15:30:00-04:00,1.7000000476837158,1.7100000381469727,1.690000057220459,1.7100000381469727,3968,0.0,0.0
2024-03-20 12:30:00-04:00,1.700700044631958,1.7079999446868896,1.6699999570846558,1.6699999570846558,1693,0.0,0.0
2024-03-20 13:30:00-04:00,1.7383999824523926,1.7400000095367432,1.7383999824523926,1.7400000095367432,625,0.0,0.0
2024-03-20 15:30:00-04:00,1.7000000476837158,1.7000000476837158,1.7000000476837158,1.7000000476837158,0,0.0,0.0
2024-03-21 09:30:00-04:00,1.6799999475479126,1.7301000356674194,1.649999976158142,1.7301000356674194,2883,0.0,0.0
2024-03-21 10:30:00-04:00,1.660099983215332,1.660099983215332,1.660099983215332,1.660099983215332,216,0.0,0.0
2024-03-21 12:30:00-04:00,1.7100000381469727,1.7200000286102295,1.7000000476837158,1.7200000286102295,924,0.0,0.0
2024-03-21 14:30:00-04:00,1.7200000286102295,1.7200000286102295,1.7200000286102295,1.7200000286102295,1667,0.0,0.0
2024-03-21 15:30:00-04:00,1.7200000286102295,1.7200000286102295,1.7200000286102295,1.7200000286102295,1238,0.0,0.0
2024-03-22 11:30:00-04:00,1.75,1.75,1.7481000423431396,1.7481000423431396,3147,0.0,0.0
2024-03-22 12:30:00-04:00,1.7201000452041626,1.7201000452041626,1.7201000452041626,1.7201000452041626,368,0.0,0.0
2024-03-22 13:30:00-04:00,1.7200000286102295,1.75,1.7200000286102295,1.75,2550,0.0,0.0
2024-03-22 14:30:00-04:00,1.7200000286102295,1.7200000286102295,1.7200000286102295,1.7200000286102295,166,0.0,0.0
2024-03-22 15:30:00-04:00,1.7200000286102295,1.7300000190734863,1.7200000286102295,1.7300000190734863,868,0.0,0.0
2024-03-25 09:30:00-04:00,1.7200000286102295,1.7201000452041626,1.649999976158142,1.6861000061035156,0,0.0,0.0
2024-03-25 10:30:00-04:00,1.657099962234497,1.657099962234497,1.657099962234497,1.657099962234497,1044,0.0,0.0
2024-03-25 11:30:00-04:00,1.649999976158142,1.649999976158142,1.649999976158142,1.649999976158142,774,0.0,0.0
2024-03-25 12:30:00-04:00,1.7200000286102295,1.7400000095367432,1.7000000476837158,1.7400000095367432,1735,0.0,0.0
2024-03-25 13:30:00-04:00,1.7200000286102295,1.7400000095367432,1.7200000286102295,1.7400000095367432,1287,0.0,0.0
2024-03-25 14:30:00-04:00,1.7400000095367432,1.7899999618530273,1.7350000143051147,1.7899999618530273,1887,0.0,0.0
2024-03-25 15:30:00-04:00,1.7899999618530273,1.7999999523162842,1.7899999618530273,1.7999999523162842,0,0.0,0.0
2024-03-26 10:30:00-04:00,1.75,1.75,1.6615999937057495,1.6797000169754028,1156,0.0,0.0
2024-03-26 11:30:00-04:00,1.659999966621399,1.7297999858856201,1.659999966621399,1.7297999858856201,1713,0.0,0.0
2024-03-26 12:30:00-04:00,1.7400000095367432,1.7400000095367432,1.7100000381469727,1.7101000547409058,846,0.0,0.0
2024-03-26 14:30:00-04:00,1.725000023841858,1.725000023841858,1.725000023841858,1.725000023841858,2067,0.0,0.0
2024-03-26 15:30:00-04:00,1.690000057220459,1.6934000253677368,1.6649999618530273,1.6699999570846558,2556,0.0,0.0
2024-03-27 12:30:00-04:00,1.7000000476837158,1.7000000476837158,1.6699999570846558,1.6699999570846558,763,0.0,0.0
2024-03-27 13:30:00-04:00,1.6549999713897705,1.6549999713897705,1.6511000394821167,1.6511000394821167,379,0.0,0.0
2024-03-27 14:30:00-04:00,1.649999976158142,1.6549999713897705,1.6200000047683716,1.6200000047683716,4181,0.0,0.0
2024-03-27 15:30:00-04:00,1.6100000143051147,1.6100000143051147,1.6100000143051147,1.6100000143051147,0,0.0,0.0
2024-03-28 11:30:00-04:00,1.6598999500274658,1.6598999500274658,1.6575000286102295,1.6575000286102295,794,0.0,0.0
2024-03-28 12:30:00-04:00,1.656599998474121,1.656599998474121,1.6101000308990479,1.6101000308990479,749,0.0,0.0
2024-03-28 13:30:00-04:00,1.659999966621399,1.690000057220459,1.649999976158142,1.690000057220459,511,0.0,0.0
2024-03-28 14:30:00-04:00,1.6699999570846558,1.684999942779541,1.6603000164031982,1.684999942779541,824,0.0,0.0
2024-03-28 15:30:00-04:00,1.649999976158142,1.649999976158142,1.649999976158142,1.649999976158142,354,0.0,0.0
2024-04-01 09:30:00-04:00,1.6100000143051147,1.6100000143051147,1.600000023841858,1.600000023841858,3875,0.0,0.0
2024-04-01 10:30:00-04:00,1.6273000240325928,1.6273000240325928,1.6273000240325928,1.6273000240325928,208,0.0,0.0
2024-04-01 11:30:00-04:00,1.6085000038146973,1.6098999977111816,1.590000033378601,1.590000033378601,647,0.0,0.0
2024-04-01 12:30:00-04:00,1.600000023841858,1.6050000190734863,1.600000023841858,1.600000023841858,6980,0.0,0.0
2024-04-01 15:30:00-04:00,1.5700000524520874,1.5700000524520874,1.5700000524520874,1.5700000524520874,282,0.0,0.0
2024-04-02 09:30:00-04:00,1.5,1.5,1.5,1.5,0,0.0,0.0
2024-04-02 10:30:00-04:00,1.5099999904632568,1.5499999523162842,1.5099999904632568,1.5499999523162842,4535,0.0,0.0
2024-04-02 11:30:00-04:00,1.590000033378601,1.590000033378601,1.590000033378601,1.590000033378601,235,0.0,0.0
2024-04-02 13:30:00-04:00,1.5499999523162842,1.5499999523162842,1.5499999523162842,1.5499999523162842,704,0.0,0.0
2024-04-02 14:30:00-04:00,1.559999942779541,1.559999942779541,1.5499999523162842,1.5499999523162842,1079,0.0,0.0
2024-04-02 15:30:00-04:00,1.5700000524520874,1.5700000524520874,1.5499999523162842,1.5499999523162842,15992,0.0,0.0
2024-04-03 09:30:00-04:00,1.559999942779541,1.559999942779541,1.559999942779541,1.559999942779541,1724,0.0,0.0
2024-04-03 10:30:00-04:00,1.5549999475479126,1.559999942779541,1.5499999523162842,1.5499999523162842,1931,0.0,0.0
2024-04-03 12:30:00-04:00,1.5500999689102173,1.6200000047683716,1.5500999689102173,1.6200000047683716,4668,0.0,0.0
2024-04-03 13:30:00-04:00,1.600000023841858,1.6100000143051147,1.600000023841858,1.600000023841858,1510,0.0,0.0
2024-04-03 14:30:00-04:00,1.590000033378601,1.6100000143051147,1.5499999523162842,1.5700000524520874,9212,0.0,0.0
2024-04-03 15:30:00-04:00,1.5700000524520874,1.590000033378601,1.5099999904632568,1.5499999523162842,10982,0.0,0.0
2024-04-04 09:30:00-04:00,1.559999942779541,1.559999942779541,1.4700000286102295,1.5233999490737915,4524,0.0,0.0
2024-04-04 10:30:00-04:00,1.5099999904632568,1.5199999809265137,1.5,1.517699956893921,6209,0.0,0.0
2024-04-04 11:30:00-04:00,1.5198999643325806,1.5789999961853027,1.51010000705719,1.5789999961853027,1280,0.0,0.0
2024-04-04 13:30:00-04:00,1.5729999542236328,1.5800000429153442,1.5549999475479126,1.5800000429153442,711,0.0,0.0
2024-04-04 14:30:00-04:00,1.559999942779541,1.559999942779541,1.5500999689102173,1.5500999689102173,1586,0.0,0.0
2024-04-04 15:30:00-04:00,1.590000033378601,1.590000033378601,1.590000033378601,1.590000033378601,243,0.0,0.0
2024-04-05 09:30:00-04:00,1.649899959564209,1.649999976158142,1.6399999856948853,1.6399999856948853,4765,0.0,0.0
2024-04-05 11:30:00-04:00,1.600000023841858,1.600000023841858,1.600000023841858,1.600000023841858,358,0.0,0.0
2024-04-05 14:30:00-04:00,1.5800000429153442,1.5800000429153442,1.5800000429153442,1.5800000429153442,287,0.0,0.0
2024-04-05 15:30:00-04:00,1.6200000047683716,1.6299999952316284,1.6200000047683716,1.6299999952316284,615,0.0,0.0
2024-04-08 09:30:00-04:00,1.649999976158142,1.6799999475479126,1.649999976158142,1.6799999475479126,0,0.0,0.0
2024-04-08 10:30:00-04:00,1.690000057220459,1.690000057220459,1.690000057220459,1.690000057220459,225,0.0,0.0
2024-04-08 11:30:00-04:00,1.690000057220459,1.690000057220459,1.690000057220459,1.690000057220459,402,0.0,0.0
2024-04-08 12:30:00-04:00,1.690000057220459,1.690000057220459,1.659999966621399,1.6799999475479126,3692,0.0,0.0
2024-04-08 13:30:00-04:00,1.6799999475479126,1.690000057220459,1.6299999952316284,1.659999966621399,2857,0.0,0.0
2024-04-08 14:30:00-04:00,1.6299999952316284,1.6799999475479126,1.600000023841858,1.6299999952316284,1535,0.0,0.0
2024-04-08 15:30:00-04:00,1.6383999586105347,1.6449999809265137,1.6100000143051147,1.6449999809265137,1105,0.0,0.0
2024-04-09 12:30:00-04:00,1.6100000143051147,1.6100000143051147,1.6050000190734863,1.6050000190734863,1070,0.0,0.0
2024-04-09 13:30:00-04:00,1.559999942779541,1.6050000190734863,1.559999942779541,1.6050000190734863,1426,0.0,0.0
2024-04-09 14:30:00-04:00,1.6100000143051147,1.6100000143051147,1.5499999523162842,1.5499999523162842,5470,0.0,0.0
2024-04-09 15:30:00-04:00,1.5499999523162842,1.559999942779541,1.5499999523162842,1.5499999523162842,1920,0.0,0.0
2024-04-10 10:30:00-04:00,1.5099999904632568,1.5499999523162842,1.5,1.5,7259,0.0,0.0
2024-04-10 11:30:00-04:00,1.559999942779541,1.5700000524520874,1.559999942779541,1.5700000524520874,1005,0.0,0.0
2024-04-10 13:30:00-04:00,1.5700000524520874,1.5700000524520874,1.5700000524520874,1.5700000524520874,224,0.0,0.0
2024-04-10 14:30:00-04:00,1.5499999523162842,1.5499999523162842,1.5499999523162842,1.5499999523162842,585,0.0,0.0
2024-04-10 15:30:00-04:00,1.559999942779541,1.559999942779541,1.5499999523162842,1.5499999523162842,0,0.0,0.0
2024-04-11 09:30:00-04:00,1.5699000358581543,1.5699000358581543,1.5699000358581543,1.5699000358581543,2169,0.0,0.0
2024-04-11 12:30:00-04:00,1.562999963760376,1.562999963760376,1.562999963760376,1.562999963760376,633,0.0,0.0
2024-04-11 15:30:00-04:00,1.5,1.5,1.5,1.5,0,0.0,0.0
2024-04-15 09:30:00-04:00,1.5299999713897705,1.559999942779541,1.5299999713897705,1.559999942779541,1674,0.0,0.0
2024-04-15 15:30:00-04:00,1.5299999713897705,1.5299999713897705,1.5299999713897705,1.5299999713897705,0,0.0,0.0
2024-04-16 09:30:00-04:00,1.534999966621399,1.534999966621399,1.534999966621399,1.534999966621399,312,0.0,0.0
2024-04-16 12:30:00-04:00,1.500100016593933,1.559999942779541,1.500100016593933,1.559999942779541,668,0.0,0.0
2024-04-16 15:30:00-04:00,1.5099999904632568,1.5099999904632568,1.5099999904632568,1.5099999904632568,0,0.0,0.0
2024-04-17 10:30:00-04:00,1.5016000270843506,1.5016000270843506,1.5016000270843506,1.5016000270843506,291,0.0,0.0
2024-04-17 11:30:00-04:00,1.559999942779541,1.559999942779541,1.559999942779541,1.559999942779541,619,0.0,0.0
2024-04-17 12:30:00-04:00,1.5,1.5099999904632568,1.5,1.5,1071,0.0,0.0
2024-04-17 14:30:00-04:00,1.501099944114685,1.5099999904632568,1.5,1.5,0,0.0,0.0
2024-04-18 09:30:00-04:00,1.4600000381469727,1.4600000381469727,1.4600000381469727,1.4600000381469727,748,0.0,0.0
2024-04-18 10:30:00-04:00,1.5699000358581543,1.5699000358581543,1.5699000358581543,1.5699000358581543,291,0.0,0.0
2024-04-18 12:30:00-04:00,1.4601000547409058,1.4700000286102295,1.4600000381469727,1.4600000381469727,300,0.0,0.0
2024-04-18 13:30:00-04:00,1.4800000190734863,1.4850000143051147,1.4600000381469727,1.4850000143051147,1724,0.0,0.0
2024-04-18 14:30:00-04:00,1.4700000286102295,1.4700000286102295,1.4600000381469727,1.4600000381469727,1701,0.0,0.0
2024-04-18 15:30:00-04:00,1.4600000381469727,1.5499999523162842,1.4600000381469727,1.4600000381469727,2478,0.0,0.0
2024-04-19 09:30:00-04:00,1.5099999904632568,1.5099999904632568,1.5099999904632568,1.5099999904632568,845,0.0,0.0
2024-04-19 10:30:00-04:00,1.5700000524520874,1.7000000476837158,1.5700000524520874,1.6193000078201294,1058,0.0,0.0
2024-04-19 11:30:00-04:00,1.600000023841858,1.600000023841858,1.600000023841858,1.600000023841858,200,0.0,0.0
2024-04-19 12:30:00-04:00,1.4500999450683594,1.4500999450683594,1.4500999450683594,1.4500999450683594,190,0.0,0.0
2024-04-19 14:30:00-04:00,1.625,1.6299999952316284,1.625,1.6299999952316284,743,0.0,0.0
2024-04-22 09:30:00-04:00,1.6201000213623047,1.7000000476837158,1.6200000047683716,1.7000000476837158,2667,0.0,0.0
2024-04-22 12:30:00-04:00,1.5199999809265137,1.5299999713897705,1.51010000705719,1.51010000705719,2140,0.0,0.0
2024-04-22 13:30:00-04:00,1.7000000476837158,1.7000000476837158,1.7000000476837158,1.7000000476837158,106,0.0,0.0
2024-04-22 14:30:00-04:00,1.649999976158142,1.7000000476837158,1.649999976158142,1.6999000310897827,474,0.0,0.0
2024-04-22 15:30:00-04:00,1.649999976158142,1.6549999713897705,1.6299999952316284,1.6299999952316284,1611,0.0,0.0
2024-04-23 09:30:00-04:00,1.7100000381469727,1.7100000381469727,1.6273000240325928,1.6273000240325928,3251,0.0,0.0
2024-04-23 10:30:00-04:00,1.4700000286102295,1.4700000286102295,1.4700000286102295,1.4700000286102295,249,0.0,0.0
2024-04-23 11:30:00-04:00,1.600000023841858,1.6050000190734863,1.590000033378601,1.590000033378601,422,0.0,0.0
2024-04-23 12:30:00-04:00,1.5449999570846558,1.5449999570846558,1.5449999570846558,1.5449999570846558,242,0.0,0.0
2024-04-23 13:30:00-04:00,1.4909000396728516,1.4909000396728516,1.4909000396728516,1.4909000396728516,7238,0.0,0.0
2024-04-23 14:30:00-04:00,1.5800000429153442,1.679900050163269,1.5,1.5,2308,0.0,0.0
2024-04-23 15:30:00-04:00,1.5099999904632568,1.5199999809265137,1.4800000190734863,1.5199999809265137,3617,0.0,0.0
2024-04-24 09:30:00-04:00,1.5399999618530273,1.5399999618530273,1.4500999450683594,1.4500999450683594,1214,0.0,0.0
2024-04-24 10:30:00-04:00,1.4600000381469727,1.4800000190734863,1.4500000476837158,1.4800000190734863,471,0.0,0.0
2024-04-24 12:30:00-04:00,1.590000033378601,1.5916999578475952,1.5449999570846558,1.5449999570846558,0,0.0,0.0
2024-04-25 10:30:00-04:00,1.5499999523162842,1.5499999523162842,1.5499999523162842,1.5499999523162842,143,0.0,0.0
2024-04-25 11:30:00-04:00,1.5499999523162842,1.5700000524520874,1.534999966621399,1.5700000524520874,2252,0.0,0.0
2024-04-25 14:30:00-04:00,1.5712000131607056,1.5712000131607056,1.4500000476837158,1.4500000476837158,2668,0.0,0.0
2024-04-25 15:30:00-04:00,1.5439000129699707,1.5499000549316406,1.4600000381469727,1.4600000381469727,1225,0.0,0.0
2024-04-26 09:30:00-04:00,1.4500000476837158,1.5,1.4500000476837158,1.5,657,0.0,0.0
2024-04-26 14:30:00-04:00,1.4708000421524048,1.6299999952316284,1.4708000421524048,1.600000023841858,3271,0.0,0.0
2024-04-26 15:30:00-04:00,1.5199999809265137,1.5199999809265137,1.4800000190734863,1.4800000190734863,703,0.0,0.0
2024-04-29 09:30:00-04:00,1.4500000476837158,1.4800000190734863,1.4500000476837158,1.4800000190734863,539,0.0,0.0
2024-04-29 10:30:00-04:00,1.590000033378601,1.590000033378601,1.4700000286102295,1.4700000286102295,891,0.0,0.0
2024-04-29 12:30:00-04:00,1.5600999593734741,1.5600999593734741,1.5499999523162842,1.5499999523162842,400,0.0,0.0
2024-04-29 13:30:00-04:00,1.5677000284194946,1.5677000284194946,1.5677000284194946,1.5677000284194946,689,0.0,0.0
2024-04-29 14:30:00-04:00,1.5149999856948853,1.5149999856948853,1.5149999856948853,1.5149999856948853,174,0.0,0.0
2024-04-30 09:30:00-04:00,1.4600000381469727,1.5099999904632568,1.4600000381469727,1.5,0,0.0,0.0
2024-04-30 12:30:00-04:00,1.5190000534057617,1.5190000534057617,1.5190000534057617,1.5190000534057617,487,0.0,0.0
2024-04-30 15:30:00-04:00,1.590000033378601,1.600000023841858,1.5200999975204468,1.590000033378601,0,0.0,0.0
2024-05-01 09:30:00-04:00,1.6150000095367432,1.6150000095367432,1.6150000095367432,1.6150000095367432,178,0.0,0.0
2024-05-01 10:30:00-04:00,1.559999942779541,1.559999942779541,1.559999942779541,1.559999942779541,234,0.0,0.0
2024-05-01 11:30:00-04:00,1.559999942779541,1.649999976158142,1.559999942779541,1.649999976158142,2201,0.0,0.0
2024-05-01 12:30:00-04:00,1.6799999475479126,1.7200000286102295,1.6699999570846558,1.7000000476837158,7623,0.0,0.0
2024-05-01 14:30:00-04:00,1.7000000476837158,1.7000000476837158,1.600000023841858,1.7000000476837158,4056,0.0,0.0
2024-05-01 15:30:00-04:00,1.7000000476837158,1.75,1.690000057220459,1.75,0,0.0,0.0
2024-05-02 09:30:00-04:00,1.7799999713897705,1.7799999713897705,1.7100000381469727,1.7200000286102295,1093,0.0,0.0
2024-05-02 12:30:00-04:00,1.7798999547958374,1.7798999547958374,1.7000000476837158,1.7000000476837158,963,0.0,0.0
2024-05-02 13:30:00-04:00,1.6649999618530273,1.6649999618530273,1.6101000308990479,1.6101000308990479,606,0.0,0.0
2024-05-02 14:30:00-04:00,1.7200000286102295,1.7200000286102295,1.6950000524520874,1.6950000524520874,705,0.0,0.0
2024-05-02 15:30:00-04:00,1.7351000308990479,1.7799999713897705,1.7351000308990479,1.7799999713897705,1413,0.0,0.0
2024-05-03 09:30:00-04:00,1.6200000047683716,1.690000057220459,1.6200000047683716,1.690000057220459,1584,0.0,0.0
2024-05-03 15:30:00-04:00,1.6924999952316284,1.6924999952316284,1.6924999952316284,1.6924999952316284,221,0.0,0.0
2024-05-06 10:30:00-04:00,1.690000057220459,1.690000057220459,1.690000057220459,1.690000057220459,595,0.0,0.0
2024-05-06 11:30:00-04:00,1.690000057220459,1.690000057220459,1.690000057220459,1.690000057220459,283,0.0,0.0
2024-05-06 13:30:00-04:00,1.7132999897003174,1.7132999897003174,1.7132999897003174,1.7132999897003174,310,0.0,0.0
2024-05-06 14:30:00-04:00,1.6301000118255615,1.6301000118255615,1.6301000118255615,1.6301000118255615,301,0.0,0.0
2024-05-06 15:30:00-04:00,1.7100000381469727,1.7100000381469727,1.6699999570846558,1.6699999570846558,349,0.0,0.0
2024-05-07 09:30:00-04:00,1.656999945640564,1.7050000429153442,1.6399999856948853,1.7050000429153442,729,0.0,0.0
2024-05-07 10:30:00-04:00,1.7699999809265137,1.778499960899353,1.7699999809265137,1.778499960899353,652,0.0,0.0
2024-05-07 11:30:00-04:00,1.6510000228881836,1.6510000228881836,1.649999976158142,1.6500999927520752,635,0.0,0.0
2024-05-07 12:30:00-04:00,1.6897000074386597,1.6897000074386597,1.6897000074386597,1.6897000074386597,250,0.0,0.0
2024-05-07 13:30:00-04:00,1.670699954032898,1.670699954032898,1.670699954032898,1.670699954032898,611,0.0,0.0
2024-05-07 14:30:00-04:00,1.7000000476837158,1.7000000476837158,1.7000000476837158,1.7000000476837158,1108,0.0,0.0
2024-05-07 15:30:00-04:00,1.7699999809265137,1.7899999618530273,1.7050000429153442,1.7899999618530273,5442,0.0,0.0
2024-05-08 11:30:00-04:00,1.7699999809265137,1.7699999809265137,1.690000057220459,1.690000057220459,654,0.0,0.0
2024-05-08 12:30:00-04:00,1.7599999904632568,1.7599999904632568,1.7599999904632568,1.7599999904632568,680,0.0,0.0
2024-05-08 14:30:00-04:00,1.7799999713897705,1.7799999713897705,1.7799999713897705,1.7799999713897705,1493,0.0,0.0
2024-05-09 09:30:00-04:00,1.7663999795913696,1.7663999795913696,1.7663999795913696,1.7663999795913696,337,0.0,0.0
2024-05-09 11:30:00-04:00,1.7000000476837158,1.7000000476837158,1.7000000476837158,1.7000000476837158,329,0.0,0.0
2024-05-09 12:30:00-04:00,1.7799999713897705,1.7799999713897705,1.7799999713897705,1.7799999713897705,441,0.0,0.0
2024-05-09 14:30:00-04:00,1.6200000047683716,1.6200000047683716,1.6200000047683716,1.6200000047683716,538,0.0,0.0
2024-05-09 15:30:00-04:00,1.738700032234192,1.738700032234192,1.659999966621399,1.6952999830245972,3405,0.0,0.0
2024-05-10 10:30:00-04:00,1.708299994468689,1.75,1.7000000476837158,1.708299994468689,2231,0.0,0.0
2024-05-10 11:30:00-04:00,1.730299949645996,1.730299949645996,1.7200000286102295,1.7200000286102295,870,0.0,0.0
2024-05-10 13:30:00-04:00,1.7000000476837158,1.7000000476837158,1.7000000476837158,1.7000000476837158,271,0.0,0.0
2024-05-10 14:30:00-04:00,1.7197999954223633,1.7197999954223633,1.7197999954223633,1.7197999954223633,314,0.0,0.0
2024-05-10 15:30:00-04:00,1.7200000286102295,1.7200000286102295,1.7200000286102295,1.7200000286102295,740,0.0,0.0
2024-05-13 09:30:00-04:00,1.7000000476837158,1.7000000476837158,1.7000000476837158,1.7000000476837158,0,0.0,0.0
2024-05-13 11:30:00-04:00,1.7000999450683594,1.7237000465393066,1.7000000476837158,1.7000000476837158,2776,0.0,0.0
2024-05-13 15:30:00-04:00,1.690000057220459,1.7000000476837158,1.6899000406265259,1.7000000476837158,0,0.0,0.0
2024-05-14 09:30:00-04:00,1.7050000429153442,1.7899999618530273,1.7050000429153442,1.7799999713897705,1434,0.0,0.0
2024-05-14 11:30:00-04:00,1.7010999917984009,1.7010999917984009,1.7010999917984009,1.7010999917984009,378,0.0,0.0
2024-05-14 15:30:00-04:00,1.7400000095367432,1.7574000358581543,1.715000033378601,1.715000033378601,0,0.0,0.0
2024-05-15 09:30:00-04:00,1.7798999547958374,1.7798999547958374,1.690000057220459,1.690000057220459,1385,0.0,0.0
2024-05-15 13:30:00-04:00,1.7100000381469727,1.7100000381469727,1.7100000381469727,1.7100000381469727,125016,0.0,0.0
2024-05-16 09:30:00-04:00,2.369999885559082,3.1435000896453857,2.109999895095825,2.5999999046325684,8583273,0.0,0.0
2024-05-16 10:30:00-04:00,2.573699951171875,2.799999952316284,2.430000066757202,2.6647000312805176,1962333,0.0,0.0
2024-05-16 11:30:00-04:00,2.680000066757202,2.700000047683716,2.4602999687194824,2.565000057220459,438147,0.0,0.0
2024-05-16 12:30:00-04:00,2.569999933242798,2.5799999237060547,2.299999952316284,2.4700000286102295,426871,0.0,0.0
2024-05-16 13:30:00-04:00,2.4600000381469727,2.5999999046325684,2.4000000953674316,2.5199999809265137,277396,0.0,0.0
2024-05-16 14:30:00-04:00,2.510999917984009,2.700000047683716,2.4800000190734863,2.619999885559082,264223,0.0,0.0
2024-05-16 15:30:00-04:00,2.609999895095825,2.799999952316284,2.609999895095825,2.7100000381469727,317594,0.0,0.0
2024-05-17 09:30:00-04:00,2.859999895095825,2.9000000953674316,2.5,2.619999885559082,335111,0.0,0.0
2024-05-17 10:30:00-04:00,2.5999999046325684,2.690000057220459,2.5999999046325684,2.690000057220459,46409,0.0,0.0
2024-05-17 11:30:00-04:00,2.694999933242798,2.799999952316284,2.690000057220459,2.7300000190734863,36506,0.0,0.0
2024-05-17 12:30:00-04:00,2.7899999618530273,2.799999952316284,2.759999990463257,2.765000104904175,14833,0.0,0.0
2024-05-17 13:30:00-04:00,2.765000104904175,2.950000047683716,2.765000104904175,2.890000104904175,69594,0.0,0.0
2024-05-17 14:30:00-04:00,2.9200000762939453,2.9800000190734863,2.859999895095825,2.890000104904175,41506,0.0,0.0
2024-05-17 15:30:00-04:00,2.890000104904175,2.940000057220459,2.8499999046325684,2.9200000762939453,59750,0.0,0.0
2024-05-20 09:30:00-04:00,2.880000114440918,3.059999942779541,2.819999933242798,2.9200000762939453,116698,0.0,0.0
2024-05-20 10:30:00-04:00,2.930000066757202,3.0199999809265137,2.930000066757202,2.990000009536743,29182,0.0,0.0
2024-05-20 11:30:00-04:00,2.990000009536743,2.990000009536743,2.700000047683716,2.890000104904175,31079,0.0,0.0
2024-05-20 12:30:00-04:00,2.890000104904175,2.9800000190734863,2.7862000465393066,2.9100000858306885,17858,0.0,0.0
2024-05-20 13:30:00-04:00,2.9000000953674316,3.0,2.829900026321411,2.994999885559082,37150,0.0,0.0
2024-05-20 14:30:00-04:00,2.994999885559082,3.0399999618530273,2.869999885559082,3.0195999145507812,45339,0.0,0.0
2024-05-20 15:30:00-04:00,2.984999895095825,3.049999952316284,2.9200000762939453,2.9800000190734863,23372,0.0,0.0
2024-05-21 09:30:00-04:00,3.009999990463257,3.009999990463257,2.859999895095825,2.9600000381469727,15700,0.0,0.0
2024-05-21 10:30:00-04:00,2.9600000381469727,2.9600000381469727,2.8801000118255615,2.9000000953674316,16527,0.0,0.0
2024-05-21 11:30:00-04:00,2.9001998901367188,2.9600000381469727,2.880000114440918,2.950000047683716,4359,0.0,0.0
2024-05-21 12:30:00-04:00,2.9453999996185303,2.9453999996185303,2.880000114440918,2.890000104904175,3596,0.0,0.0
2024-05-21 13:30:00-04:00,2.890000104904175,2.9600000381469727,2.869999885559082,2.900399923324585,8785,0.0,0.0
2024-05-21 14:30:00-04:00,2.9600000381469727,3.055000066757202,2.9600000381469727,3.055000066757202,13209,0.0,0.0
2024-05-21 15:30:00-04:00,3.0299999713897705,3.069999933242798,2.9800000190734863,2.9800000190734863,9106,0.0,0.0
2024-05-22 09:30:00-04:00,3.0799999237060547,3.0799999237060547,2.930000066757202,2.950000047683716,24200,0.0,0.0
2024-05-22 10:30:00-04:00,2.940000057220459,2.9800000190734863,2.940000057220459,2.9500999450683594,4597,0.0,0.0
2024-05-22 11:30:00-04:00,3.0,3.0299999713897705,2.9900999069213867,3.0299999713897705,6761,0.0,0.0
2024-05-22 12:30:00-04:00,3.0,3.049999952316284,3.0,3.0299999713897705,1456,0.0,0.0
2024-05-22 13:30:00-04:00,3.0299999713897705,3.049999952316284,3.009999990463257,3.0399999618530273,6705,0.0,0.0
2024-05-22 14:30:00-04:00,3.0397000312805176,3.0399999618530273,3.009999990463257,3.0199999809265137,16922,0.0,0.0
2024-05-22 15:30:00-04:00,3.0199999809265137,3.049999952316284,3.0199999809265137,3.0299999713897705,15701,0.0,0.0
2024-05-23 09:30:00-04:00,3.0299999713897705,3.0799999237060547,3.0250000953674316,3.0250000953674316,6037,0.0,0.0
2024-05-23 10:30:00-04:00,3.010499954223633,3.0399999618530273,3.010499954223633,3.0399999618530273,5384,0.0,0.0
2024-05-23 11:30:00-04:00,3.049999952316284,3.049999952316284,3.0250000953674316,3.0250000953674316,865,0.0,0.0
2024-05-23 12:30:00-04:00,3.0250000953674316,3.0299999713897705,3.0199999809265137,3.0299999713897705,4109,0.0,0.0
2024-05-23 13:30:00-04:00,3.059999942779541,3.059999942779541,3.009999990463257,3.049999952316284,6578,0.0,0.0
2024-05-23 14:30:00-04:00,3.035599946975708,3.0799999237060547,3.0299999713897705,3.049999952316284,9530,0.0,0.0
2024-05-23 15:30:00-04:00,3.049999952316284,3.0899999141693115,3.0199999809265137,3.0899999141693115,10784,0.0,0.0
2024-05-24 09:30:00-04:00,3.0299999713897705,3.0350000858306885,2.950000047683716,2.9600000381469727,18410,0.0,0.0
2024-05-24 10:30:00-04:00,2.984999895095825,2.984999895095825,2.984999895095825,2.984999895095825,209,0.0,0.0
2024-05-24 11:30:00-04:00,2.950000047683716,2.974100112915039,2.902899980545044,2.902899980545044,2577,0.0,0.0
2024-05-24 12:30:00-04:00,2.940000057220459,2.9700000286102295,2.910599946975708,2.910599946975708,1515,0.0,0.0
2024-05-24 13:30:00-04:00,2.9700000286102295,2.9800000190734863,2.944999933242798,2.944999933242798,3557,0.0,0.0
2024-05-24 14:30:00-04:00,2.9700000286102295,2.9800000190734863,2.9637999534606934,2.9637999534606934,700,0.0,0.0
2024-05-24 15:30:00-04:00,2.9700000286102295,3.0,2.9600000381469727,2.984999895095825,21213,0.0,0.0
2024-05-28 09:30:00-04:00,3.0299999713897705,3.0799999237060547,3.0,3.069999933242798,23938,0.0,0.0
2024-05-28 10:30:00-04:00,3.059999942779541,3.059999942779541,3.0299999713897705,3.0399999618530273,11020,0.0,0.0
2024-05-28 11:30:00-04:00,3.049999952316284,3.2300000190734863,3.049999952316284,3.2049999237060547,46125,0.0,0.0
2024-05-28 12:30:00-04:00,3.180000066757202,3.4100000858306885,3.180000066757202,3.3749001026153564,115262,0.0,0.0
2024-05-28 13:30:00-04:00,3.380000114440918,3.6500000953674316,3.360100030899048,3.630000114440918,63013,0.0,0.0
2024-05-28 14:30:00-04:00,3.5999999046325684,3.630000114440918,3.3499999046325684,3.4000000953674316,14406,0.0,0.0
2024-05-28 15:30:00-04:00,3.4100000858306885,3.5399999618530273,3.4100000858306885,3.5399999618530273,3658,0.0,0.0
2024-05-29 09:30:00-04:00,3.4600000381469727,3.509999990463257,3.3299999237060547,3.359999895095825,9693,0.0,0.0
2024-05-29 10:30:00-04:00,3.359999895095825,3.490000009536743,3.3399999141693115,3.430000066757202,22082,0.0,0.0
2024-05-29 11:30:00-04:00,3.450000047683716,3.619999885559082,3.450000047683716,3.609999895095825,15754,0.0,0.0
2024-05-29 12:30:00-04:00,3.5390000343322754,3.6398000717163086,3.440000057220459,3.630000114440918,7346,0.0,0.0
2024-05-29 13:30:00-04:00,3.5999999046325684,3.7200000286102295,3.5834999084472656,3.7200000286102295,29807,0.0,0.0
2024-05-29 14:30:00-04:00,3.7300000190734863,3.7300000190734863,3.640000104904175,3.674999952316284,7296,0.0,0.0
2024-05-29 15:30:00-04:00,3.6640000343322754,3.694200038909912,3.650099992752075,3.650099992752075,989,0.0,0.0
2024-05-30 09:30:00-04:00,3.6500000953674316,3.7999000549316406,3.549999952316284,3.549999952316284,16479,0.0,0.0
2024-05-30 10:30:00-04:00,3.550100088119507,3.5899999141693115,3.5450000762939453,3.5899999141693115,4084,0.0,0.0
2024-05-30 11:30:00-04:00,3.5399999618530273,3.5399999618530273,3.4600000381469727,3.4600000381469727,786,0.0,0.0
2024-05-30 12:30:00-04:00,3.524199962615967,3.630000114440918,3.5,3.609999895095825,11961,0.0,0.0
2024-05-30 13:30:00-04:00,3.630000114440918,3.630000114440918,3.2699999809265137,3.569999933242798,34290,0.0,0.0
2024-05-30 14:30:00-04:00,3.4816999435424805,3.5799999237060547,3.3617000579833984,3.3617000579833984,5948,0.0,0.0
2024-05-30 15:30:00-04:00,3.380000114440918,3.380000114440918,3.3499999046325684,3.359999895095825,873,0.0,0.0
2024-05-31 09:30:00-04:00,3.2799999713897705,3.5599000453948975,3.2799999713897705,3.549999952316284,9315,0.0,0.0
2024-05-31 10:30:00-04:00,3.5199999809265137,3.640000104904175,3.5144999027252197,3.640000104904175,8291,0.0,0.0
2024-05-31 11:30:00-04:00,3.5903000831604004,3.6500000953674316,3.5903000831604004,3.5999999046325684,9619,0.0,0.0
2024-05-31 12:30:00-04:00,3.5899999141693115,3.640000104904175,3.530100107192993,3.619999885559082,22928,0.0,0.0
2024-05-31 13:30:00-04:00,3.609999895095825,3.609999895095825,3.369999885559082,3.4100000858306885,31956,0.0,0.0
2024-05-31 14:30:00-04:00,3.4700000286102295,3.5299999713897705,3.4000000953674316,3.4007999897003174,13556,0.0,0.0
2024-05-31 15:30:00-04:00,3.4100000858306885,3.5399999618530273,3.3399999141693115,3.5399999618530273,26206,0.0,0.0
2024-06-03 09:30:00-04:00,3.75,3.9100000858306885,3.509999990463257,3.890000104904175,77280,0.0,0.0
2024-06-03 10:30:00-04:00,3.880000114440918,3.880000114440918,3.430000066757202,3.5299999713897705,24208,0.0,0.0
2024-06-03 11:30:00-04:00,3.4600000381469727,3.4700000286102295,3.4600000381469727,3.4700000286102295,1068,0.0,0.0
2024-06-03 12:30:00-04:00,3.4700000286102295,3.5201001167297363,3.440000057220459,3.4600000381469727,19048,0.0,0.0
2024-06-03 13:30:00-04:00,3.4600000381469727,3.490000009536743,3.450000047683716,3.490000009536743,4850,0.0,0.0
2024-06-03 14:30:00-04:00,3.490000009536743,3.569999933242798,3.4549999237060547,3.5199999809265137,8061,0.0,0.0
2024-06-03 15:30:00-04:00,3.5199999809265137,3.5999999046325684,3.4600000381469727,3.5199999809265137,31610,0.0,0.0
2024-06-04 09:30:00-04:00,3.5899999141693115,3.5899999141693115,3.4500999450683594,3.4500999450683594,0,0.0,0.0
2024-06-04 10:30:00-04:00,3.4800000190734863,3.549999952316284,3.4100000858306885,3.549999952316284,11213,0.0,0.0
2024-06-04 11:30:00-04:00,3.559999942779541,3.569999933242798,3.299999952316284,3.309999942779541,16792,0.0,0.0
2024-06-04 12:30:00-04:00,3.380000114440918,3.440000057220459,3.299999952316284,3.3901000022888184,14129,0.0,0.0
2024-06-04 13:30:00-04:00,3.3550000190734863,3.390000104904175,3.3399999141693115,3.359999895095825,1488,0.0,0.0
2024-06-04 14:30:00-04:00,3.3399999141693115,3.359999895095825,3.2950000762939453,3.309999942779541,4877,0.0,0.0
2024-06-04 15:30:00-04:00,3.305000066757202,3.305000066757202,3.180000066757202,3.299999952316284,12626,0.0,0.0
2024-06-05 09:30:00-04:00,3.2799999713897705,3.430000066757202,3.2799999713897705,3.430000066757202,19436,0.0,0.0
2024-06-05 10:30:00-04:00,3.430000066757202,3.539900064468384,3.430000066757202,3.450000047683716,11194,0.0,0.0
2024-06-05 11:30:00-04:00,3.4800000190734863,3.5399999618530273,3.4800000190734863,3.5399999618530273,4000,0.0,0.0
2024-06-05 12:30:00-04:00,3.5399999618530273,3.5399999618530273,3.410099983215332,3.420099973678589,13833,0.0,0.0
2024-06-05 13:30:00-04:00,3.4800000190734863,3.5399999618530273,3.4800000190734863,3.5399999618530273,7561,0.0,0.0
2024-06-05 14:30:00-04:00,3.52239990234375,3.5850000381469727,3.52239990234375,3.5850000381469727,951,0.0,0.0
2024-06-05 15:30:00-04:00,3.5850000381469727,3.5850000381469727,3.4807000160217285,3.549999952316284,0,0.0,0.0
2024-06-06 09:30:00-04:00,3.549999952316284,3.6500000953674316,3.5109000205993652,3.5109000205993652,23295,0.0,0.0
2024-06-06 10:30:00-04:00,3.609999895095825,3.6500000953674316,3.5302000045776367,3.640000104904175,38101,0.0,0.0
2024-06-06 11:30:00-04:00,3.5999999046325684,3.619999885559082,3.5,3.500200033187866,8125,0.0,0.0
2024-06-06 12:30:00-04:00,3.5399999618530273,3.549999952316284,3.5,3.5,1097,0.0,0.0
2024-06-06 13:30:00-04:00,3.5499000549316406,3.549999952316284,3.5350000858306885,3.5350000858306885,2674,0.0,0.0
2024-06-06 14:30:00-04:00,3.549999952316284,3.549999952316284,3.549999952316284,3.549999952316284,8726,0.0,0.0
2024-06-06 15:30:00-04:00,3.5399999618530273,3.549999952316284,3.5250000953674316,3.5299999713897705,0,0.0,0.0
2024-06-07 09:30:00-04:00,3.549999952316284,3.549999952316284,3.5327999591827393,3.549999952316284,8989,0.0,0.0
2024-06-07 10:30:00-04:00,3.5399999618530273,3.549999952316284,3.539099931716919,3.539099931716919,1649,0.0,0.0
2024-06-07 11:30:00-04:00,3.5299999713897705,3.549999952316284,3.4600000381469727,3.549999952316284,11823,0.0,0.0
2024-06-07 12:30:00-04:00,3.549999952316284,3.549999952316284,3.5199999809265137,3.5499000549316406,7755,0.0,0.0
2024-06-07 13:30:00-04:00,3.5399999618530273,3.549999952316284,3.380000114440918,3.5199999809265137,13178,0.0,0.0
2024-06-07 14:30:00-04:00,3.450000047683716,3.5299999713897705,3.440000057220459,3.4700000286102295,7082,0.0,0.0
2024-06-07 15:30:00-04:00,3.4600000381469727,3.5399999618530273,3.4600000381469727,3.5199999809265137,6920,0.0,0.0
2024-06-10 09:30:00-04:00,3.549999952316284,3.549999952316284,3.4200000762939453,3.4200000762939453,0,0.0,0.0
2024-06-10 10:30:00-04:00,3.5,3.549999952316284,3.5,3.509999990463257,21296,0.0,0.0
2024-06-10 11:30:00-04:00,3.549999952316284,3.549999952316284,3.4700000286102295,3.5,10198,0.0,0.0
2024-06-10 12:30:00-04:00,3.5,3.515000104904175,3.4600000381469727,3.515000104904175,13280,0.0,0.0
2024-06-10 13:30:00-04:00,3.5199999809265137,3.549999952316284,3.5,3.5399999618530273,9560,0.0,0.0
2024-06-10 14:30:00-04:00,3.5399999618530273,3.549999952316284,3.509999990463257,3.5299999713897705,4841,0.0,0.0
2024-06-10 15:30:00-04:00,3.5299999713897705,3.549999952316284,3.490000009536743,3.490000009536743,20260,0.0,0.0
2024-06-11 09:30:00-04:00,3.549999952316284,3.549999952316284,3.4700000286102295,3.4700000286102295,23029,0.0,0.0
2024-06-11 10:30:00-04:00,3.4602999687194824,3.6700000762939453,3.4602999687194824,3.658799886703491,4907,0.0,0.0
2024-06-11 11:30:00-04:00,3.6600000858306885,3.7899999618530273,3.599900007247925,3.6600000858306885,37336,0.0,0.0
2024-06-11 12:30:00-04:00,3.6600000858306885,3.700000047683716,3.6600000858306885,3.690000057220459,3955,0.0,0.0
2024-06-11 13:30:00-04:00,3.690000057220459,3.690000057220459,3.5799999237060547,3.6700000762939453,60767,0.0,0.0
2024-06-11 14:30:00-04:00,3.6500000953674316,3.6500000953674316,3.444999933242798,3.450000047683716,17849,0.0,0.0
2024-06-11 15:30:00-04:00,3.450000047683716,3.569999933242798,3.4000000953674316,3.569999933242798,12809,0.0,0.0
2024-06-12 09:30:00-04:00,3.740000009536743,3.75,3.5253000259399414,3.569499969482422,28396,0.0,0.0
2024-06-12 10:30:00-04:00,3.5299999713897705,3.7300000190734863,3.4100000858306885,3.5799999237060547,24324,0.0,0.0
2024-06-12 11:30:00-04:00,3.5399999618530273,3.6600000858306885,3.5399999618530273,3.5690999031066895,16473,0.0,0.0
2024-06-12 12:30:00-04:00,3.5399999618530273,3.5399999618530273,3.46370005607605,3.4767000675201416,11136,0.0,0.0
2024-06-12 13:30:00-04:00,3.4899001121520996,3.630000114440918,3.4382998943328857,3.5399999618530273,24087,0.0,0.0
2024-06-12 14:30:00-04:00,3.5373001098632812,3.559999942779541,3.4100000858306885,3.4800000190734863,10434,0.0,0.0
2024-06-12 15:30:00-04:00,3.4700000286102295,3.490000009536743,3.312000036239624,3.359999895095825,9726,0.0,0.0
2024-06-13 09:30:00-04:00,3.4000000953674316,3.4549999237060547,3.3529999256134033,3.4049999713897705,3384,0.0,0.0
2024-06-13 10:30:00-04:00,3.440000057220459,3.440000057220459,3.440000057220459,3.440000057220459,368,0.0,0.0
2024-06-13 11:30:00-04:00,3.4049999713897705,3.424999952316284,3.331399917602539,3.331399917602539,6593,0.0,0.0
2024-06-13 12:30:00-04:00,3.440000057220459,3.5199999809265137,3.434999942779541,3.434999942779541,712,0.0,0.0
2024-06-13 13:30:00-04:00,3.4800000190734863,3.5299999713897705,3.4800000190734863,3.5299999713897705,501,0.0,0.0
2024-06-13 14:30:00-04:00,3.5,3.5199999809265137,3.440000057220459,3.4400999546051025,8065,0.0,0.0
2024-06-13 15:30:00-04:00,3.4700000286102295,3.490000009536743,3.360100030899048,3.4100000858306885,0,0.0,0.0
2024-06-14 09:30:00-04:00,3.450000047683716,3.450000047683716,3.360100030899048,3.4049999713897705,7832,0.0,0.0
2024-06-14 10:30:00-04:00,3.430000066757202,3.5339999198913574,3.4100000858306885,3.430000066757202,3180,0.0,0.0
2024-06-14 11:30:00-04:00,3.420099973678589,3.490000009536743,3.4200000762939453,3.430000066757202,4263,0.0,0.0
2024-06-14 12:30:00-04:00,3.4200000762939453,3.4200000762939453,3.309999942779541,3.4200000762939453,9606,0.0,0.0
2024-06-14 13:30:00-04:00,3.340100049972534,3.4200000762939453,3.340100049972534,3.390000104904175,1683,0.0,0.0
2024-06-14 14:30:00-04:00,3.4200000762939453,3.4200000762939453,3.309999942779541,3.315000057220459,3901,0.0,0.0
2024-06-14 15:30:00-04:00,3.319999933242798,3.319999933242798,3.0299999713897705,3.0999999046325684,33515,0.0,0.0
2024-06-17 09:30:00-04:00,3.0799999237060547,3.1700000762939453,2.7899999618530273,2.924999952316284,41369,0.0,0.0
2024-06-17 10:30:00-04:00,2.8610000610351562,2.930000066757202,2.7100000381469727,2.9000000953674316,30537,0.0,0.0
2024-06-17 11:30:00-04:00,2.9100000858306885,2.9100000858306885,2.869999885559082,2.869999885559082,3699,0.0,0.0
2024-06-17 12:30:00-04:00,2.859999895095825,2.859999895095825,2.799999952316284,2.809999942779541,5621,0.0,0.0
2024-06-17 13:30:00-04:00,2.819999933242798,2.8949999809265137,2.700000047683716,2.740000009536743,18924,0.0,0.0
2024-06-17 14:30:00-04:00,2.7100000381469727,2.75,2.5601000785827637,2.6668999195098877,22386,0.0,0.0
2024-06-17 15:30:00-04:00,2.700000047683716,2.7899999618530273,2.680000066757202,2.75,20794,0.0,0.0
2024-06-18 09:30:00-04:00,2.6600000858306885,2.690000057220459,2.509999990463257,2.509999990463257,9900,0.0,0.0
2024-06-18 10:30:00-04:00,2.615000009536743,2.6898999214172363,2.509999990463257,2.5199999809265137,19866,0.0,0.0
2024-06-18 11:30:00-04:00,2.5450000762939453,2.6500000953674316,2.5420000553131104,2.549999952316284,22492,0.0,0.0
2024-06-18 12:30:00-04:00,2.5420000553131104,2.609999895095825,2.5,2.5999999046325684,45067,0.0,0.0
2024-06-18 13:30:00-04:00,2.5299999713897705,2.630000114440918,2.5199999809265137,2.569999933242798,15112,0.0,0.0
2024-06-18 14:30:00-04:00,2.5506999492645264,2.640000104904175,2.5199999809265137,2.5950000286102295,21081,0.0,0.0
2024-06-18 15:30:00-04:00,2.575000047683716,2.630000114440918,2.509999990463257,2.569999933242798,23539,0.0,0.0
2024-06-20 09:30:00-04:00,2.5,2.559999942779541,2.450000047683716,2.490000009536743,7102,0.0,0.0
2024-06-20 10:30:00-04:00,2.4300999641418457,2.450000047683716,2.2899999618530273,2.4000000953674316,43362,0.0,0.0
2024-06-20 11:30:00-04:00,2.4000000953674316,2.4100000858306885,2.340100049972534,2.4000000953674316,5704,0.0,0.0
2024-06-20 12:30:00-04:00,2.369999885559082,2.4000000953674316,2.3499999046325684,2.4000000953674316,12622,0.0,0.0
2024-06-20 13:30:00-04:00,2.321000099182129,2.390000104904175,2.319999933242798,2.319999933242798,2551,0.0,0.0
2024-06-20 14:30:00-04:00,2.359999895095825,2.380000114440918,2.309999942779541,2.380000114440918,6523,0.0,0.0
2024-06-20 15:30:00-04:00,2.3499999046325684,2.3499999046325684,2.2899999618530273,2.2899999618530273,18710,0.0,0.0
2024-06-21 09:30:00-04:00,2.259999990463257,2.299999952316284,2.190000057220459,2.2100000381469727,0,0.0,0.0
2024-06-21 10:30:00-04:00,2.2200000286102295,2.2200000286102295,2.0299999713897705,2.069999933242798,36289,0.0,0.0
2024-06-21 11:30:00-04:00,2.069999933242798,2.149899959564209,2.059999942779541,2.062000036239624,12873,0.0,0.0
2024-06-21 12:30:00-04:00,2.0683999061584473,2.1700000762939453,2.062000036239624,2.0999999046325684,17301,0.0,0.0
2024-06-21 13:30:00-04:00,2.134999990463257,2.138400077819824,2.0999999046325684,2.109999895095825,9283,0.0,0.0
2024-06-21 14:30:00-04:00,2.125,2.1700000762939453,2.0999999046325684,2.140000104904175,18381,0.0,0.0
2024-06-21 15:30:00-04:00,2.1700000762939453,2.200000047683716,2.0,2.059999942779541,33804,0.0,0.0
2024-06-24 09:30:00-04:00,2.109999895095825,2.194999933242798,2.0813000202178955,2.1500000953674316,30437,0.0,0.0
2024-06-24 10:30:00-04:00,2.180000066757202,2.257999897003174,2.130000114440918,2.25,14134,0.0,0.0
2024-06-24 11:30:00-04:00,2.240000009536743,2.240000009536743,2.191999912261963,2.2100000381469727,8542,0.0,0.0
2024-06-24 12:30:00-04:00,2.190000057220459,2.2100000381469727,2.190000057220459,2.190000057220459,4383,0.0,0.0
2024-06-24 13:30:00-04:00,2.200000047683716,2.2100000381469727,2.1419999599456787,2.1600000858306885,10509,0.0,0.0
2024-06-24 14:30:00-04:00,2.145400047302246,2.25,2.140000104904175,2.2300000190734863,13200,0.0,0.0
2024-06-24 15:30:00-04:00,2.2799999713897705,2.2899999618530273,2.259999990463257,2.2799999713897705,9098,0.0,0.0
2024-06-25 09:30:00-04:00,2.259999990463257,2.2799999713897705,2.1600000858306885,2.259999990463257,0,0.0,0.0
2024-06-25 10:30:00-04:00,2.259999990463257,2.2950000762939453,2.2200000286102295,2.240000009536743,15264,0.0,0.0
2024-06-25 11:30:00-04:00,2.240000009536743,2.25,2.240000009536743,2.25,675,0.0,0.0
2024-06-25 12:30:00-04:00,2.240000009536743,2.2899999618530273,2.2300000190734863,2.240000009536743,7316,0.0,0.0
2024-06-25 13:30:00-04:00,2.240000009536743,2.2799999713897705,2.2300000190734863,2.240000009536743,1885,0.0,0.0
2024-06-25 14:30:00-04:00,2.259999990463257,2.259999990463257,2.259999990463257,2.259999990463257,220,0.0,0.0
2024-06-25 15:30:00-04:00,2.259999990463257,2.2799999713897705,2.259999990463257,2.2699999809265137,2624,0.0,0.0
2024-06-26 09:30:00-04:00,2.2699999809265137,2.2950000762939453,2.2672998905181885,2.2899999618530273,4376,0.0,0.0
2024-06-26 10:30:00-04:00,2.2799999713897705,2.299999952316284,2.2699999809265137,2.299999952316284,4249,0.0,0.0
2024-06-26 11:30:00-04:00,2.299999952316284,2.299999952316284,2.2799999713897705,2.2799999713897705,431,0.0,0.0
2024-06-26 12:30:00-04:00,2.2799999713897705,2.2799999713897705,2.2799999713897705,2.2799999713897705,970,0.0,0.0
2024-06-26 13:30:00-04:00,2.299999952316284,2.299999952316284,2.2799999713897705,2.2799999713897705,2092,0.0,0.0
2024-06-26 14:30:00-04:00,2.2799999713897705,2.3199000358581543,2.2799999713897705,2.3199000358581543,4456,0.0,0.0
2024-06-26 15:30:00-04:00,2.3101999759674072,2.319999933242798,2.299999952316284,2.309999942779541,6641,0.0,0.0
2024-06-27 09:30:00-04:00,2.2699999809265137,2.299999952316284,2.2699999809265137,2.299999952316284,0,0.0,0.0
2024-06-27 10:30:00-04:00,2.299999952316284,2.3299999237060547,2.2899999618530273,2.3299999237060547,8950,0.0,0.0
2024-06-27 11:30:00-04:00,2.3299999237060547,2.359999895095825,2.2920000553131104,2.2920000553131104,6230,0.0,0.0
2024-06-27 13:30:00-04:00,2.3125,2.319999933242798,2.3125,2.319999933242798,1567,0.0,0.0
2024-06-27 14:30:00-04:00,2.309999942779541,2.309999942779541,2.299999952316284,2.299999952316284,504,0.0,0.0
2024-06-27 15:30:00-04:00,2.299999952316284,2.3299999237060547,2.299999952316284,2.309999942779541,6516,0.0,0.0
2024-06-28 09:30:00-04:00,2.259999990463257,2.309999942779541,2.240000009536743,2.309999942779541,5229,0.0,0.0
2024-06-28 10:30:00-04:00,2.2300000190734863,2.2300000190734863,2.2300000190734863,2.2300000190734863,2450,0.0,0.0
2024-06-28 11:30:00-04:00,2.2499001026153564,2.2799999713897705,2.2300000190734863,2.2439000606536865,8085,0.0,0.0
2024-06-28 12:30:00-04:00,2.2799999713897705,2.2799999713897705,2.2799999713897705,2.2799999713897705,3333,0.0,0.0
2024-06-28 13:30:00-04:00,2.2699999809265137,2.2799999713897705,2.2699999809265137,2.2799999713897705,1223,0.0,0.0
2024-06-28 14:30:00-04:00,2.240000009536743,2.2799999713897705,2.2300000190734863,2.2699999809265137,11074,0.0,0.0
2024-06-28 15:30:00-04:00,2.2799999713897705,2.2899999618530273,2.2100000381469727,2.25,12977,0.0,0.0
2024-07-01 09:30:00-04:00,2.25,2.4000000953674316,2.25,2.4000000953674316,6727,0.0,0.0
2024-07-01 10:30:00-04:00,2.359999895095825,2.359999895095825,2.2699999809265137,2.309999942779541,19661,0.0,0.0
2024-07-01 11:30:00-04:00,2.3399999141693115,2.3499999046325684,2.300100088119507,2.300100088119507,1847,0.0,0.0
2024-07-01 12:30:00-04:00,2.297300100326538,2.319999933242798,2.2799999713897705,2.319999933242798,1282,0.0,0.0
2024-07-01 13:30:00-04:00,2.319999933242798,2.319999933242798,2.299999952316284,2.299999952316284,935,0.0,0.0
2024-07-01 14:30:00-04:00,2.3399999141693115,2.3399999141693115,2.3399999141693115,2.3399999141693115,400,0.0,0.0
2024-07-01 15:30:00-04:00,2.309999942779541,2.3299999237060547,2.259999990463257,2.259999990463257,1456,0.0,0.0
2024-07-02 09:30:00-04:00,2.240000009536743,2.255000114440918,2.200000047683716,2.211400032043457,0,0.0,0.0
2024-07-02 10:30:00-04:00,2.2149999141693115,2.319999933242798,2.21370005607605,2.319999933242798,12363,0.0,0.0
2024-07-02 11:30:00-04:00,2.305000066757202,2.305000066757202,2.2850000858306885,2.299999952316284,1847,0.0,0.0
2024-07-02 12:30:00-04:00,2.324199914932251,2.324199914932251,2.324199914932251,2.324199914932251,246,0.0,0.0
2024-07-02 13:30:00-04:00,2.319999933242798,2.319999933242798,2.319999933242798,2.319999933242798,279,0.0,0.0
2024-07-02 14:30:00-04:00,2.3399999141693115,2.3399999141693115,2.299999952316284,2.319999933242798,2210,0.0,0.0
2024-07-02 15:30:00-04:00,2.305000066757202,2.305000066757202,2.25,2.259999990463257,2179,0.0,0.0
2024-07-03 09:30:00-04:00,2.309999942779541,2.309999942779541,2.305000066757202,2.305000066757202,4836,0.0,0.0
2024-07-03 10:30:00-04:00,2.2980000972747803,2.399899959564209,2.2980000972747803,2.299999952316284,17471,0.0,0.0
2024-07-03 11:30:00-04:00,2.2664999961853027,2.305000066757202,2.2664999961853027,2.305000066757202,3674,0.0,0.0
2024-07-05 09:30:00-04:00,2.309999942779541,2.3499999046325684,2.309999942779541,2.3499999046325684,0,0.0,0.0
2024-07-05 10:30:00-04:00,2.3357999324798584,2.3499999046325684,2.309999942779541,2.309999942779541,1151,0.0,0.0
2024-07-05 11:30:00-04:00,2.309999942779541,2.309999942779541,2.2964000701904297,2.2964000701904297,4024,0.0,0.0
2024-07-05 12:30:00-04:00,2.299999952316284,2.309999942779541,2.299999952316284,2.309999942779541,1936,0.0,0.0
2024-07-05 13:30:00-04:00,2.309999942779541,2.319999933242798,2.2699999809265137,2.319999933242798,430,0.0,0.0
2024-07-05 14:30:00-04:00,2.311199903488159,2.319999933242798,2.299999952316284,2.305000066757202,4195,0.0,0.0
2024-07-05 15:30:00-04:00,2.305000066757202,2.319999933242798,2.2899999618530273,2.319999933242798,13375,0.0,0.0
2024-07-08 09:30:00-04:00,2.309999942779541,2.309999942779541,2.25,2.259999990463257,25493,0.0,0.0
2024-07-08 10:30:00-04:00,2.259999990463257,2.2799999713897705,2.256700038909912,2.2799999713897705,3150,0.0,0.0
2024-07-08 11:30:00-04:00,2.2699999809265137,2.274899959564209,2.257699966430664,2.257699966430664,1845,0.0,0.0
2024-07-08 12:30:00-04:00,2.259999990463257,2.259999990463257,2.259999990463257,2.259999990463257,221,0.0,0.0
2024-07-08 13:30:00-04:00,2.2699999809265137,2.2699999809265137,2.259999990463257,2.259999990463257,2050,0.0,0.0
2024-07-08 14:30:00-04:00,2.2699999809265137,2.2699999809265137,2.200000047683716,2.2200000286102295,18176,0.0,0.0
2024-07-08 15:30:00-04:00,2.2200000286102295,2.2200000286102295,2.190000057220459,2.200000047683716,0,0.0,0.0
2024-07-09 09:30:00-04:00,2.25,2.25,2.2249999046325684,2.2249999046325684,8483,0.0,0.0
2024-07-09 10:30:00-04:00,2.2100000381469727,2.2300000190734863,2.200000047683716,2.200000047683716,7320,0.0,0.0
2024-07-09 11:30:00-04:00,2.200000047683716,2.227400064468384,2.200000047683716,2.227400064468384,604,0.0,0.0
2024-07-09 12:30:00-04:00,2.249000072479248,2.25,2.247999906539917,2.247999906539917,481,0.0,0.0
2024-07-09 13:30:00-04:00,2.25,2.259999990463257,2.210400104522705,2.259999990463257,1766,0.0,0.0
2024-07-09 15:30:00-04:00,2.259999990463257,2.2699999809265137,2.2200000286102295,2.25,0,0.0,0.0
2024-07-10 09:30:00-04:00,2.2300000190734863,2.240000009536743,2.2300000190734863,2.240000009536743,1247,0.0,0.0
2024-07-10 10:30:00-04:00,2.251199960708618,2.251199960708618,2.240000009536743,2.240000009536743,1222,0.0,0.0
2024-07-10 11:30:00-04:00,2.24180006980896,2.3299999237060547,2.240000009536743,2.309999942779541,12399,0.0,0.0
2024-07-10 12:30:00-04:00,2.309999942779541,2.569999933242798,2.309999942779541,2.418100118637085,18223,0.0,0.0
2024-07-10 13:30:00-04:00,2.440000057220459,2.4800000190734863,2.430000066757202,2.440000057220459,4256,0.0,0.0
2024-07-10 14:30:00-04:00,2.4200000762939453,2.430000066757202,2.4100000858306885,2.4284000396728516,2780,0.0,0.0
2024-07-10 15:30:00-04:00,2.4200000762939453,2.440000057220459,2.4000000953674316,2.4000000953674316,11397,0.0,0.0
2024-07-11 09:30:00-04:00,2.4000000953674316,2.431299924850464,2.4000000953674316,2.430000066757202,10395,0.0,0.0
2024-07-11 10:30:00-04:00,2.480799913406372,2.490000009536743,2.480799913406372,2.490000009536743,1483,0.0,0.0
2024-07-11 11:30:00-04:00,2.450000047683716,2.490000009536743,2.390000104904175,2.490000009536743,3298,0.0,0.0
2024-07-11 12:30:00-04:00,2.5199999809265137,2.539900064468384,2.5199999809265137,2.539900064468384,1968,0.0,0.0
2024-07-11 13:30:00-04:00,2.5380001068115234,2.5380001068115234,2.5199999809265137,2.5199999809265137,665,0.0,0.0
2024-07-11 14:30:00-04:00,2.5000998973846436,2.5299999713897705,2.4800000190734863,2.4800000190734863,1769,0.0,0.0
2024-07-11 15:30:00-04:00,2.4800000190734863,2.549999952316284,2.430000066757202,2.549999952316284,3532,0.0,0.0
2024-07-12 09:30:00-04:00,2.5799999237060547,2.640000104904175,2.5,2.640000104904175,19172,0.0,0.0
2024-07-12 10:30:00-04:00,2.6600000858306885,2.8499999046325684,2.630000114440918,2.7699999809265137,21022,0.0,0.0
2024-07-12 11:30:00-04:00,2.7699999809265137,2.8499999046325684,2.746500015258789,2.7799999713897705,9046,0.0,0.0
2024-07-12 12:30:00-04:00,2.7799999713897705,2.7799999713897705,2.7441000938415527,2.7750000953674316,2124,0.0,0.0
2024-07-12 13:30:00-04:00,2.765000104904175,2.809999942779541,2.7588999271392822,2.7750000953674316,5930,0.0,0.0
2024-07-12 14:30:00-04:00,2.76419997215271,2.7699999809265137,2.7300000190734863,2.759999990463257,2515,0.0,0.0
2024-07-12 15:30:00-04:00,2.744999885559082,2.880000114440918,2.744999885559082,2.869999885559082,5143,0.0,0.0
2024-07-15 09:30:00-04:00,2.819999933242798,2.890000104904175,2.75,2.819999933242798,14198,0.0,0.0
2024-07-15 10:30:00-04:00,2.7699999809265137,2.890000104904175,2.7699999809265137,2.890000104904175,1444,0.0,0.0
2024-07-15 11:30:00-04:00,2.825000047683716,2.825000047683716,2.7500998973846436,2.7899999618530273,1589,0.0,0.0
2024-07-15 12:30:00-04:00,2.7799999713897705,2.869999885559082,2.7799999713897705,2.7899999618530273,2857,0.0,0.0
2024-07-15 13:30:00-04:00,2.8499999046325684,2.8499999046325684,2.7699999809265137,2.7699999809265137,1631,0.0,0.0
2024-07-15 14:30:00-04:00,2.7799999713897705,2.7850000858306885,2.75,2.75,1221,0.0,0.0
2024-07-15 15:30:00-04:00,2.6719000339508057,2.75,2.549999952316284,2.619999885559082,13744,0.0,0.0
2024-07-16 09:30:00-04:00,2.5399999618530273,2.799999952316284,2.5399999618530273,2.630000114440918,5621,0.0,0.0
2024-07-16 10:30:00-04:00,2.630000114440918,2.700000047683716,2.5999999046325684,2.700000047683716,27927,0.0,0.0
2024-07-16 11:30:00-04:00,2.740000009536743,2.7999000549316406,2.674999952316284,2.771399974822998,2882,0.0,0.0
2024-07-16 12:30:00-04:00,2.7300000190734863,2.7300000190734863,2.7200000286102295,2.7200000286102295,555,0.0,0.0
2024-07-16 13:30:00-04:00,2.75,2.7699999809265137,2.75,2.7699999809265137,367,0.0,0.0
2024-07-16 14:30:00-04:00,2.76990008354187,2.7699999809265137,2.700000047683716,2.7200000286102295,14476,0.0,0.0
2024-07-16 15:30:00-04:00,2.7100000381469727,2.7100000381469727,2.6700000762939453,2.684999942779541,3200,0.0,0.0
2024-07-17 09:30:00-04:00,2.6500000953674316,2.700000047683716,2.640000104904175,2.700000047683716,2760,0.0,0.0
2024-07-17 10:30:00-04:00,2.799999952316284,2.799999952316284,2.7699999809265137,2.7699999809265137,504,0.0,0.0
2024-07-17 11:30:00-04:00,2.759999990463257,2.759999990463257,2.759999990463257,2.759999990463257,111,0.0,0.0
2024-07-17 12:30:00-04:00,2.740000009536743,2.7699999809265137,2.734999895095825,2.7699999809265137,2027,0.0,0.0
2024-07-17 13:30:00-04:00,2.819999933242798,2.849900007247925,2.7799999713897705,2.809999942779541,4674,0.0,0.0
2024-07-17 14:30:00-04:00,2.7899999618530273,2.8499999046325684,2.7899999618530273,2.8399999141693115,0,0.0,0.0
2024-07-17 15:30:00-04:00,2.9200000762939453,2.9200000762939453,2.8399999141693115,2.9100000858306885,4005,0.0,0.0
2024-07-18 09:30:00-04:00,2.809999942779541,2.880000114440918,2.759999990463257,2.880000114440918,8434,0.0,0.0
2024-07-18 10:30:00-04:00,2.9000000953674316,2.9000000953674316,2.880000114440918,2.880000114440918,2161,0.0,0.0
2024-07-18 11:30:00-04:00,2.909899950027466,2.950000047683716,2.869999885559082,2.880000114440918,18854,0.0,0.0
2024-07-18 12:30:00-04:00,2.8499999046325684,2.880000114440918,2.8499999046325684,2.8499999046325684,6424,0.0,0.0
2024-07-18 13:30:00-04:00,2.819999933242798,2.819999933242798,2.819999933242798,2.819999933242798,105,0.0,0.0
2024-07-18 14:30:00-04:00,2.8789000511169434,2.8789000511169434,2.8299999237060547,2.8399999141693115,4126,0.0,0.0
2024-07-18 15:30:00-04:00,2.880000114440918,2.9000000953674316,2.880000114440918,2.9000000953674316,1020,0.0,0.0
2024-07-19 09:30:00-04:00,2.8399999141693115,2.8399999141693115,2.7943999767303467,2.7943999767303467,1521,0.0,0.0
2024-07-19 11:30:00-04:00,2.9200000762939453,2.9200000762939453,2.9000000953674316,2.9000000953674316,813,0.0,0.0
2024-07-19 12:30:00-04:00,2.9200000762939453,3.0,2.9200000762939453,2.9549999237060547,8326,0.0,0.0
2024-07-19 13:30:00-04:00,2.9999001026153564,2.9999001026153564,2.9999001026153564,2.9999001026153564,125,0.0,0.0
2024-07-19 14:30:00-04:00,3.0,3.1214001178741455,2.9786999225616455,3.1214001178741455,7456,0.0,0.0
2024-07-19 15:30:00-04:00,3.1600000858306885,3.259999990463257,3.1201000213623047,3.259999990463257,6452,0.0,0.0
2024-07-22 09:30:00-04:00,3.109999895095825,3.109999895095825,3.049999952316284,3.0511999130249023,2668,0.0,0.0
2024-07-22 10:30:00-04:00,3.053999900817871,3.0899999141693115,3.049999952316284,3.0899999141693115,595,0.0,0.0
2024-07-22 11:30:00-04:00,3.0899999141693115,3.0899999141693115,3.0799999237060547,3.0799999237060547,650,0.0,0.0
2024-07-22 12:30:00-04:00,3.059999942779541,3.0741000175476074,3.059999942779541,3.0741000175476074,757,0.0,0.0
2024-07-22 13:30:00-04:00,3.075000047683716,3.0999999046325684,3.075000047683716,3.0999999046325684,659,0.0,0.0
2024-07-22 14:30:00-04:00,3.1084001064300537,3.109999895095825,3.1084001064300537,3.109999895095825,2196,0.0,0.0
2024-07-22 15:30:00-04:00,3.200000047683716,3.25,3.0899999141693115,3.0899999141693115,2343,0.0,0.0
2024-07-23 09:30:00-04:00,3.0799999237060547,3.184999942779541,3.0450000762939453,3.184999942779541,1679,0.0,0.0
2024-07-23 10:30:00-04:00,3.0999999046325684,3.0999999046325684,3.0999999046325684,3.0999999046325684,1062,0.0,0.0
2024-07-23 11:30:00-04:00,3.049999952316284,3.0999999046325684,2.950000047683716,2.9800000190734863,23168,0.0,0.0
2024-07-23 12:30:00-04:00,2.9800000190734863,3.2799999713897705,2.9800000190734863,3.1800999641418457,78989,0.0,0.0
2024-07-23 14:30:00-04:00,3.0,3.169300079345703,3.0,3.1600000858306885,0,0.0,0.0
2024-07-23 15:30:00-04:00,3.140000104904175,3.1500000953674316,2.940000057220459,2.940000057220459,109059,0.0,0.0
2024-07-24 09:30:00-04:00,2.9800000190734863,2.9800000190734863,2.9200000762939453,2.940000057220459,0,0.0,0.0
2024-07-24 10:30:00-04:00,2.930000066757202,3.259999990463257,2.9000000953674316,3.0899999141693115,117815,0.0,0.0
2024-07-24 11:30:00-04:00,3.1698999404907227,3.180000066757202,2.990000009536743,3.0799999237060547,8091,0.0,0.0
2024-07-24 12:30:00-04:00,3.0899999141693115,3.130000114440918,3.069999933242798,3.0899999141693115,2193,0.0,0.0
2024-07-24 13:30:00-04:00,3.0850000381469727,3.140000104904175,3.0299999713897705,3.0299999713897705,424,0.0,0.0
2024-07-24 14:30:00-04:00,3.0201001167297363,3.0399999618530273,2.9600000381469727,3.009999990463257,2071,0.0,0.0
2024-07-24 15:30:00-04:00,2.950000047683716,2.990000009536743,2.930000066757202,2.940000057220459,818,0.0,0.0
2024-07-25 09:30:00-04:00,2.8499999046325684,2.859999895095825,2.680000066757202,2.680000066757202,5474,0.0,0.0
2024-07-25 10:30:00-04:00,2.8399999141693115,2.8399999141693115,2.8190999031066895,2.819999933242798,945,0.0,0.0
2024-07-25 11:30:00-04:00,2.859999895095825,2.859999895095825,2.75,2.8399999141693115,5165,0.0,0.0
2024-07-25 12:30:00-04:00,2.7899999618530273,2.9600000381469727,2.7899999618530273,2.9600000381469727,2078,0.0,0.0
2024-07-25 13:30:00-04:00,2.8499999046325684,2.8499999046325684,2.8499999046325684,2.8499999046325684,122,0.0,0.0
2024-07-25 14:30:00-04:00,2.805000066757202,2.805000066757202,2.7799999713897705,2.7799999713897705,887,0.0,0.0
2024-07-25 15:30:00-04:00,2.7699999809265137,2.7799999713897705,2.759999990463257,2.7799999713897705,1755,0.0,0.0
2024-07-26 09:30:00-04:00,2.75,3.099900007247925,2.75,2.950000047683716,828,0.0,0.0
2024-07-26 10:30:00-04:00,2.7500998973846436,2.7500998973846436,2.7500998973846436,2.7500998973846436,317,0.0,0.0
2024-07-26 11:30:00-04:00,2.7799999713897705,2.799999952316284,2.7100000381469727,2.734999895095825,5076,0.0,0.0
2024-07-26 12:30:00-04:00,2.7699999809265137,2.7699999809265137,2.690000057220459,2.690000057220459,4854,0.0,0.0
2024-07-26 13:30:00-04:00,2.690000057220459,2.7049999237060547,2.690000057220459,2.7049999237060547,704,0.0,0.0
2024-07-26 14:30:00-04:00,2.7100000381469727,2.7100000381469727,2.6600000858306885,2.6600000858306885,955,0.0,0.0
2024-07-26 15:30:00-04:00,2.609999895095825,2.6700000762939453,2.5999999046325684,2.6600000858306885,1582,0.0,0.0
2024-07-29 09:30:00-04:00,2.664400100708008,2.664400100708008,2.630000114440918,2.630000114440918,3905,0.0,0.0
2024-07-29 10:30:00-04:00,2.5999999046325684,2.640000104904175,2.5999999046325684,2.640000104904175,234,0.0,0.0
2024-07-29 11:30:00-04:00,2.640000104904175,2.6700000762939453,2.630000114440918,2.6700000762939453,3444,0.0,0.0
2024-07-29 12:30:00-04:00,2.6700000762939453,2.700000047683716,2.6549999713897705,2.700000047683716,8601,0.0,0.0
2024-07-29 13:30:00-04:00,2.700200080871582,2.7699999809265137,2.700200080871582,2.7699999809265137,1110,0.0,0.0
2024-07-29 14:30:00-04:00,2.7799999713897705,2.7899999618530273,2.7699999809265137,2.7850000858306885,1949,0.0,0.0
2024-07-29 15:30:00-04:00,2.7409000396728516,2.7699999809265137,2.7300000190734863,2.7300000190734863,2132,0.0,0.0
2024-07-30 09:30:00-04:00,2.75,2.75,2.75,2.75,272,0.0,0.0
2024-07-30 11:30:00-04:00,2.8289999961853027,2.8289999961853027,2.7100000381469727,2.752500057220459,1831,0.0,0.0
2024-07-30 12:30:00-04:00,2.740000009536743,2.740000009536743,2.740000009536743,2.740000009536743,114,0.0,0.0
2024-07-30 13:30:00-04:00,2.621000051498413,2.621000051498413,2.621000051498413,2.621000051498413,1173,0.0,0.0
2024-07-30 15:30:00-04:00,2.680000066757202,2.690000057220459,2.640000104904175,2.640000104904175,1585,0.0,0.0
2024-07-31 10:30:00-04:00,2.6600000858306885,2.690000057220459,2.6500000953674316,2.690000057220459,874,0.0,0.0
2024-07-31 11:30:00-04:00,2.690000057220459,2.75,2.690000057220459,2.7393999099731445,1413,0.0,0.0
2024-07-31 12:30:00-04:00,2.739000082015991,2.739799976348877,2.700000047683716,2.7204999923706055,12578,0.0,0.0
2024-07-31 13:30:00-04:00,2.6998000144958496,2.7204999923706055,2.6998000144958496,2.7204999923706055,1871,0.0,0.0
2024-07-31 14:30:00-04:00,2.700000047683716,2.7300000190734863,2.6700000762939453,2.680000066757202,3904,0.0,0.0
2024-07-31 15:30:00-04:00,2.680000066757202,2.7100000381469727,2.674999952316284,2.7100000381469727,13481,0.0,0.0
2024-08-01 09:30:00-04:00,2.754499912261963,2.9100000858306885,2.754499912261963,2.9100000858306885,0,0.0,0.0
2024-08-01 10:30:00-04:00,2.799999952316284,2.799999952316284,2.7799999713897705,2.7899999618530273,3224,0.0,0.0
2024-08-01 11:30:00-04:00,2.7100000381469727,2.7699999809265137,2.700000047683716,2.7699999809265137,1346,0.0,0.0
2024-08-01 12:30:00-04:00,2.740000009536743,2.740000009536743,2.7100000381469727,2.7100000381469727,1528,0.0,0.0
2024-08-01 13:30:00-04:00,2.680000066757202,2.680000066757202,2.680000066757202,2.680000066757202,3095,0.0,0.0
2024-08-01 14:30:00-04:00,2.680000066757202,2.75,2.6774001121520996,2.75,4805,0.0,0.0
2024-08-01 15:30:00-04:00,2.7300000190734863,2.7899999618530273,2.700000047683716,2.7799999713897705,13589,0.0,0.0
2024-08-02 09:30:00-04:00,2.740000009536743,2.819999933242798,2.509999990463257,2.740000009536743,24779,0.0,0.0
2024-08-02 10:30:00-04:00,2.5999999046325684,2.619999885559082,2.5999999046325684,2.609999895095825,2025,0.0,0.0
2024-08-02 11:30:00-04:00,2.6700000762939453,2.75,2.6700000762939453,2.75,10991,0.0,0.0
2024-08-02 12:30:00-04:00,2.755000114440918,2.799999952316284,2.755000114440918,2.799999952316284,8370,0.0,0.0
2024-08-02 13:30:00-04:00,2.759999990463257,2.759999990463257,2.7200000286102295,2.75,17298,0.0,0.0
2024-08-02 14:30:00-04:00,2.75,2.7899999618530273,2.7100000381469727,2.75,35205,0.0,0.0
2024-08-02 15:30:00-04:00,2.75,2.75,2.6050000190734863,2.640000104904175,3762,0.0,0.0
2024-08-05 09:30:00-04:00,2.680000066757202,2.680000066757202,2.309999942779541,2.4100000858306885,27307,0.0,0.0
2024-08-05 10:30:00-04:00,2.3994998931884766,2.3994998931884766,2.390000104904175,2.390000104904175,312,0.0,0.0
2024-08-05 11:30:00-04:00,2.390000104904175,2.5299999713897705,2.379499912261963,2.5299999713897705,1073,0.0,0.0
2024-08-05 12:30:00-04:00,2.4700000286102295,2.4700000286102295,2.4700000286102295,2.4700000286102295,931,0.0,0.0
2024-08-05 13:30:00-04:00,2.4649999141693115,2.4649999141693115,2.44950008392334,2.44950008392334,0,0.0,0.0
2024-08-05 14:30:00-04:00,2.4000000953674316,2.4000000953674316,2.3299999237060547,2.375,45223,0.0,0.0
2024-08-05 15:30:00-04:00,2.3299999237060547,2.4198999404907227,2.3299999237060547,2.3299999237060547,4312,0.0,0.0
2024-08-06 09:30:00-04:00,2.390000104904175,2.4024999141693115,2.375,2.4000000953674316,0,0.0,0.0
2024-08-06 10:30:00-04:00,2.384999990463257,2.619999885559082,2.369999885559082,2.619999885559082,1009,0.0,0.0
2024-08-06 11:30:00-04:00,2.609299898147583,2.609299898147583,2.609299898147583,2.609299898147583,318,0.0,0.0
2024-08-06 12:30:00-04:00,2.4600000381469727,2.7200000286102295,2.4600000381469727,2.7200000286102295,8653,0.0,0.0
2024-08-06 15:30:00-04:00,2.609999895095825,2.609999895095825,2.490000009536743,2.490000009536743,6685,0.0,0.0
2024-08-07 09:30:00-04:00,2.549999952316284,2.549999952316284,2.495800018310547,2.495800018310547,0,0.0,0.0
2024-08-07 12:30:00-04:00,2.4700000286102295,2.4700000286102295,2.4700000286102295,2.4700000286102295,194,0.0,0.0
2024-08-07 13:30:00-04:00,2.450000047683716,2.4800000190734863,2.440000057220459,2.4800000190734863,3270,0.0,0.0
2024-08-07 14:30:00-04:00,2.4700000286102295,2.4700000286102295,2.4700000286102295,2.4700000286102295,651,0.0,0.0
2024-08-07 15:30:00-04:00,2.490000009536743,2.640000104904175,2.4800000190734863,2.640000104904175,1256,0.0,0.0
2024-08-08 09:30:00-04:00,2.5799999237060547,2.5799999237060547,2.3499999046325684,2.515000104904175,4132,0.0,0.0
2024-08-08 10:30:00-04:00,2.7149999141693115,2.7149999141693115,2.619999885559082,2.619999885559082,0,0.0,0.0
2024-08-08 11:30:00-04:00,2.446000099182129,2.446000099182129,2.446000099182129,2.446000099182129,7428,0.0,0.0
2024-08-08 12:30:00-04:00,2.4549999237060547,2.4549999237060547,2.3399999141693115,2.3399999141693115,664,0.0,0.0
2024-08-08 14:30:00-04:00,2.450000047683716,2.4700000286102295,2.4000000953674316,2.4600000381469727,5097,0.0,0.0
2024-08-08 15:30:00-04:00,2.450000047683716,2.4800000190734863,2.3499999046325684,2.4100000858306885,4711,0.0,0.0
2024-08-09 09:30:00-04:00,2.490000009536743,2.6593000888824463,2.490000009536743,2.5399999618530273,3718,0.0,0.0
2024-08-09 10:30:00-04:00,2.5399999618530273,2.549999952316284,2.4405999183654785,2.4405999183654785,4649,0.0,0.0
2024-08-09 11:30:00-04:00,2.4700000286102295,2.489799976348877,2.450000047683716,2.4800000190734863,2362,0.0,0.0
2024-08-09 12:30:00-04:00,2.484999895095825,2.484999895095825,2.4749999046325684,2.4749999046325684,1235,0.0,0.0
2024-08-09 13:30:00-04:00,2.4700000286102295,2.5999999046325684,2.4700000286102295,2.5999999046325684,4759,0.0,0.0
2024-08-09 14:30:00-04:00,2.6164000034332275,2.630000114440918,2.6003000736236572,2.630000114440918,3091,0.0,0.0
2024-08-09 15:30:00-04:00,2.630000114440918,2.6500000953674316,2.619999885559082,2.634999990463257,9882,0.0,0.0
2024-08-12 09:30:00-04:00,2.7300000190734863,2.7799999713897705,2.5999999046325684,2.7799999713897705,2045,0.0,0.0
2024-08-12 10:30:00-04:00,2.75,2.75,2.62280011177063,2.62280011177063,2412,0.0,0.0
2024-08-12 11:30:00-04:00,2.7100000381469727,2.7100000381469727,2.7100000381469727,2.7100000381469727,1707,0.0,0.0
2024-08-12 12:30:00-04:00,2.7100000381469727,2.7100000381469727,2.535599946975708,2.5562000274658203,1275,0.0,0.0
2024-08-12 13:30:00-04:00,2.5399999618530273,2.5950000286102295,2.5316998958587646,2.5399999618530273,997,0.0,0.0
2024-08-12 15:30:00-04:00,2.6600000858306885,2.6700000762939453,2.5399999618530273,2.6500000953674316,3922,0.0,0.0
2024-08-13 09:30:00-04:00,2.700000047683716,2.7149999141693115,2.700000047683716,2.7149999141693115,352,0.0,0.0
2024-08-13 10:30:00-04:00,2.7699999809265137,2.8399999141693115,2.7699999809265137,2.815000057220459,12664,0.0,0.0
2024-08-13 11:30:00-04:00,2.815000057220459,2.8399999141693115,2.809999942779541,2.820199966430664,6740,0.0,0.0
2024-08-13 12:30:00-04:00,2.809999942779541,2.819999933242798,2.6700000762939453,2.6700000762939453,5374,0.0,0.0
2024-08-13 13:30:00-04:00,2.674999952316284,2.7049999237060547,2.6500000953674316,2.6500000953674316,1565,0.0,0.0
2024-08-13 14:30:00-04:00,2.6500000953674316,2.7283999919891357,2.619999885559082,2.619999885559082,10505,0.0,0.0
2024-08-13 15:30:00-04:00,2.630000114440918,2.630000114440918,2.619999885559082,2.619999885559082,0,0.0,0.0
2024-08-14 09:30:00-04:00,2.6449999809265137,2.6449999809265137,2.5399999618530273,2.640000104904175,7246,0.0,0.0
2024-08-14 10:30:00-04:00,2.6291000843048096,2.7100000381469727,2.575000047683716,2.6798999309539795,4547,0.0,0.0
2024-08-14 12:30:00-04:00,2.619999885559082,2.619999885559082,2.619999885559082,2.619999885559082,400,0.0,0.0
2024-08-14 13:30:00-04:00,2.619999885559082,2.619999885559082,2.619999885559082,2.619999885559082,166,0.0,0.0
2024-08-14 14:30:00-04:00,2.6050000190734863,2.680000066757202,2.6050000190734863,2.680000066757202,1025,0.0,0.0
2024-08-14 15:30:00-04:00,2.6500000953674316,2.6798999309539795,2.630000114440918,2.630000114440918,4345,0.0,0.0
2024-08-15 09:30:00-04:00,2.559999942779541,2.559999942779541,2.289799928665161,2.380000114440918,35060,0.0,0.0
2024-08-15 10:30:00-04:00,2.380000114440918,2.4000000953674316,2.3399999141693115,2.375,7748,0.0,0.0
2024-08-15 11:30:00-04:00,2.4000000953674316,2.7599000930786133,2.390000104904175,2.7599000930786133,25669,0.0,0.0
2024-08-15 12:30:00-04:00,2.7397000789642334,2.9000000953674316,2.640000104904175,2.9000000953674316,95632,0.0,0.0
2024-08-15 13:30:00-04:00,2.880000114440918,2.9000000953674316,2.490000009536743,2.869999885559082,87445,0.0,0.0
2024-08-15 14:30:00-04:00,2.869999885559082,2.940000057220459,2.7899999618530273,2.930000066757202,49306,0.0,0.0
2024-08-15 15:30:00-04:00,2.930000066757202,3.140000104904175,2.759999990463257,2.7799999713897705,69779,0.0,0.0
2024-08-16 09:30:00-04:00,2.819999933242798,2.8499999046325684,2.609999895095825,2.609999895095825,18131,0.0,0.0
2024-08-16 10:30:00-04:00,2.5999999046325684,2.719899892807007,2.569999933242798,2.609999895095825,12197,0.0,0.0
2024-08-16 11:30:00-04:00,2.5999999046325684,2.609999895095825,2.4100000858306885,2.5799999237060547,29457,0.0,0.0
2024-08-16 12:30:00-04:00,2.549999952316284,2.589900016784668,2.3299999237060547,2.375,57884,0.0,0.0
2024-08-16 13:30:00-04:00,2.4100000858306885,2.559999942779541,2.375,2.5299999713897705,49212,0.0,0.0
2024-08-16 14:30:00-04:00,2.4800000190734863,2.5199999809265137,2.309999942779541,2.309999942779541,48742,0.0,0.0
2024-08-16 15:30:00-04:00,2.380000114440918,2.4700000286102295,2.309999942779541,2.4700000286102295,30580,0.0,0.0
