Datetime,Open,High,Low,Close,Volume,Dividends,Stock Splits
2022-08-18 10:30:00-04:00,2.9809999465942383,2.9809999465942383,2.9809999465942383,2.9809999465942383,0,0.0,0.0
2022-08-18 13:30:00-04:00,2.9600000381469727,2.9600000381469727,2.9542999267578125,2.9542999267578125,628,0.0,0.0
2022-08-18 14:30:00-04:00,2.990000009536743,3.009999990463257,2.9600000381469727,2.9600000381469727,3051,0.0,0.0
2022-08-18 15:30:00-04:00,2.9700000286102295,2.970099925994873,2.9100000858306885,2.963900089263916,3128,0.0,0.0
2022-08-19 11:30:00-04:00,2.8452000617980957,2.8452000617980957,2.8452000617980957,2.8452000617980957,0,0.0,0.0
2022-08-19 12:30:00-04:00,2.880000114440918,2.880000114440918,2.880000114440918,2.880000114440918,532,0.0,0.0
2022-08-19 13:30:00-04:00,2.869999885559082,2.890000104904175,2.869999885559082,2.890000104904175,413,0.0,0.0
2022-08-19 14:30:00-04:00,2.872499942779541,2.9000000953674316,2.872499942779541,2.884999990463257,4664,0.0,0.0
2022-08-22 09:30:00-04:00,2.9200000762939453,2.9200000762939453,2.799999952316284,2.799999952316284,4290,0.0,0.0
2022-08-22 10:30:00-04:00,2.8350000381469727,2.8350000381469727,2.8350000381469727,2.8350000381469727,1189,0.0,0.0
2022-08-22 12:30:00-04:00,2.7718000411987305,2.7799999713897705,2.7699999809265137,2.7699999809265137,1255,0.0,0.0
2022-08-22 13:30:00-04:00,2.7950000762939453,2.7950000762939453,2.7950000762939453,2.7950000762939453,159,0.0,0.0
2022-08-22 14:30:00-04:00,2.799999952316284,2.819999933242798,2.799999952316284,2.819999933242798,2545,0.0,0.0
2022-08-22 15:30:00-04:00,2.799999952316284,2.799999952316284,2.799999952316284,2.799999952316284,521,0.0,0.0
2022-08-23 10:30:00-04:00,2.75,2.7799999713897705,2.7300000190734863,2.7799999713897705,884,0.0,0.0
2022-08-23 11:30:00-04:00,2.7701001167297363,2.7701001167297363,2.7200000286102295,2.7200000286102295,2515,0.0,0.0
2022-08-23 12:30:00-04:00,2.759999990463257,2.759999990463257,2.7300000190734863,2.73009991645813,4993,0.0,0.0
2022-08-23 13:30:00-04:00,2.740000009536743,2.740000009536743,2.740000009536743,2.740000009536743,200,0.0,0.0
2022-08-23 14:30:00-04:00,2.734999895095825,2.734999895095825,2.734999895095825,2.734999895095825,409,0.0,0.0
2022-08-23 15:30:00-04:00,2.7300000190734863,2.7300000190734863,2.700000047683716,2.700000047683716,0,0.0,0.0
2022-08-24 09:30:00-04:00,2.690000057220459,2.777899980545044,2.690000057220459,2.777899980545044,299,0.0,0.0
2022-08-24 11:30:00-04:00,2.748500108718872,2.759999990463257,2.748500108718872,2.759999990463257,2614,0.0,0.0
2022-08-24 12:30:00-04:00,2.7799999713897705,2.780100107192993,2.75,2.75,1556,0.0,0.0
2022-08-24 13:30:00-04:00,2.7500998973846436,2.7616000175476074,2.700000047683716,2.700000047683716,3384,0.0,0.0
2022-08-24 14:30:00-04:00,2.7100000381469727,2.7100000381469727,2.690000057220459,2.690000057220459,458,0.0,0.0
2022-08-24 15:30:00-04:00,2.6791000366210938,2.680000066757202,2.5999999046325684,2.6600000858306885,7352,0.0,0.0
2022-08-25 09:30:00-04:00,2.690000057220459,2.699899911880493,2.690000057220459,2.699899911880493,1423,0.0,0.0
2022-08-25 10:30:00-04:00,2.6700000762939453,2.9000000953674316,2.640000104904175,2.7200000286102295,30093,0.0,0.0
2022-08-25 11:30:00-04:00,2.7620999813079834,2.7620999813079834,2.6700000762939453,2.6700000762939453,1574,0.0,0.0
2022-08-25 12:30:00-04:00,2.680000066757202,2.680000066757202,2.680000066757202,2.680000066757202,184,0.0,0.0
2022-08-25 13:30:00-04:00,2.6700000762939453,2.6700000762939453,2.630000114440918,2.6500000953674316,4305,0.0,0.0
2022-08-25 14:30:00-04:00,2.619999885559082,2.630000114440918,2.559999942779541,2.6050000190734863,7369,0.0,0.0
2022-08-25 15:30:00-04:00,2.630000114440918,2.652100086212158,2.619999885559082,2.652100086212158,0,0.0,0.0
2022-08-26 09:30:00-04:00,2.660099983215332,2.6700000762939453,2.6600000858306885,2.6600000858306885,2079,0.0,0.0
2022-08-26 11:30:00-04:00,2.6387999057769775,2.6387999057769775,2.6387999057769775,2.6387999057769775,2647,0.0,0.0
2022-08-26 14:30:00-04:00,2.6600000858306885,2.6600000858306885,2.630000114440918,2.630000114440918,2344,0.0,0.0
2022-08-26 15:30:00-04:00,2.620500087738037,2.6600000858306885,2.620500087738037,2.6600000858306885,1305,0.0,0.0
2022-08-29 09:30:00-04:00,2.6500000953674316,2.6500000953674316,2.6500000953674316,2.6500000953674316,10027,0.0,0.0
2022-08-29 10:30:00-04:00,2.6500000953674316,2.740000009536743,2.6500000953674316,2.740000009536743,4906,0.0,0.0
2022-08-29 11:30:00-04:00,2.7300000190734863,2.7300000190734863,2.6700000762939453,2.690000057220459,6961,0.0,0.0
2022-08-29 12:30:00-04:00,2.715100049972534,2.715100049972534,2.7100000381469727,2.7100000381469727,1253,0.0,0.0
2022-08-29 13:30:00-04:00,2.6700000762939453,2.690000057220459,2.6700000762939453,2.690000057220459,856,0.0,0.0
2022-08-29 14:30:00-04:00,2.6500000953674316,2.6600000858306885,2.6401000022888184,2.6600000858306885,0,0.0,0.0
2022-08-29 15:30:00-04:00,2.6500000953674316,2.7200000286102295,2.6500000953674316,2.7200000286102295,32549,0.0,0.0
2022-08-30 09:30:00-04:00,2.7699999809265137,2.791599988937378,2.7200000286102295,2.7200000286102295,0,0.0,0.0
2022-08-30 10:30:00-04:00,2.7300000190734863,2.7300000190734863,2.7149999141693115,2.7200000286102295,2149,0.0,0.0
2022-08-30 14:30:00-04:00,2.6401000022888184,2.674999952316284,2.609999895095825,2.609999895095825,8313,0.0,0.0
2022-08-30 15:30:00-04:00,2.660799980163574,2.700500011444092,2.660799980163574,2.690000057220459,479,0.0,0.0
2022-08-31 09:30:00-04:00,2.7300000190734863,2.7300000190734863,2.7200000286102295,2.7200000286102295,0,0.0,0.0
2022-08-31 10:30:00-04:00,2.700000047683716,2.7000999450683594,2.690000057220459,2.690000057220459,1425,0.0,0.0
2022-08-31 14:30:00-04:00,2.680000066757202,2.680000066757202,2.6500000953674316,2.6700000762939453,1052,0.0,0.0
2022-08-31 15:30:00-04:00,2.6600000858306885,2.7100000381469727,2.6500000953674316,2.6700000762939453,3221,0.0,0.0
2022-09-01 09:30:00-04:00,2.6700000762939453,2.680000066757202,2.6700000762939453,2.680000066757202,1207,0.0,0.0
2022-09-01 10:30:00-04:00,2.6649999618530273,2.680000066757202,2.6649999618530273,2.680000066757202,2448,0.0,0.0
2022-09-01 11:30:00-04:00,2.6700000762939453,2.6700000762939453,2.6700000762939453,2.6700000762939453,217,0.0,0.0
2022-09-01 12:30:00-04:00,2.6500000953674316,2.6500000953674316,2.630000114440918,2.630000114440918,1149,0.0,0.0
2022-09-01 15:30:00-04:00,2.630000114440918,2.630000114440918,2.5999999046325684,2.5999999046325684,0,0.0,0.0
2022-09-02 09:30:00-04:00,2.640000104904175,2.880000114440918,2.640000104904175,2.740000009536743,21230,0.0,0.0
2022-09-02 10:30:00-04:00,2.75,2.75,2.740000009536743,2.740000009536743,430,0.0,0.0
2022-09-02 11:30:00-04:00,2.7421000003814697,2.8499999046325684,2.740000009536743,2.75,4500,0.0,0.0
2022-09-02 12:30:00-04:00,2.7300000190734863,2.7300000190734863,2.7300000190734863,2.7300000190734863,253,0.0,0.0
2022-09-02 13:30:00-04:00,2.7385001182556152,2.7385001182556152,2.676800012588501,2.676800012588501,1350,0.0,0.0
2022-09-02 14:30:00-04:00,2.6700000762939453,2.6700000762939453,2.640000104904175,2.640000104904175,7701,0.0,0.0
2022-09-02 15:30:00-04:00,2.657900094985962,2.657900094985962,2.5899999141693115,2.5899999141693115,8203,0.0,0.0
2022-09-06 09:30:00-04:00,2.4700000286102295,2.5999999046325684,2.450000047683716,2.5899999141693115,0,0.0,0.0
2022-09-06 10:30:00-04:00,2.630000114440918,2.680000066757202,2.619999885559082,2.6600000858306885,2532,0.0,0.0
2022-09-06 11:30:00-04:00,2.630000114440918,2.680000066757202,2.630000114440918,2.680000066757202,2570,0.0,0.0
2022-09-06 12:30:00-04:00,2.690000057220459,2.7100000381469727,2.6723999977111816,2.690000057220459,4197,0.0,0.0
2022-09-06 13:30:00-04:00,2.690000057220459,2.690000057220459,2.6600000858306885,2.680000066757202,1762,0.0,0.0
2022-09-06 14:30:00-04:00,2.6700000762939453,2.700000047683716,2.6700000762939453,2.690000057220459,1904,0.0,0.0
2022-09-06 15:30:00-04:00,2.690000057220459,2.7200000286102295,2.680000066757202,2.680000066757202,0,0.0,0.0
2022-09-07 09:30:00-04:00,2.690000057220459,2.690000057220459,2.690000057220459,2.690000057220459,674,0.0,0.0
2022-09-07 10:30:00-04:00,2.700000047683716,2.740000009536743,2.700000047683716,2.740000009536743,2077,0.0,0.0
2022-09-07 11:30:00-04:00,2.75,2.7799999713897705,2.740000009536743,2.7799999713897705,5325,0.0,0.0
2022-09-07 12:30:00-04:00,2.7799999713897705,2.8399999141693115,2.7799999713897705,2.825000047683716,1678,0.0,0.0
2022-09-07 13:30:00-04:00,2.8399999141693115,2.8399999141693115,2.81030011177063,2.8399999141693115,4012,0.0,0.0
2022-09-07 14:30:00-04:00,2.859999895095825,2.859999895095825,2.684999942779541,2.684999942779541,12216,0.0,0.0
2022-09-07 15:30:00-04:00,2.6700000762939453,2.6700000762939453,2.5,2.509999990463257,41513,0.0,0.0
2022-09-08 09:30:00-04:00,2.5,2.619999885559082,2.5,2.619999885559082,0,0.0,0.0
2022-09-08 10:30:00-04:00,2.619999885559082,2.619999885559082,2.619999885559082,2.619999885559082,1363,0.0,0.0
2022-09-08 11:30:00-04:00,2.619999885559082,2.619999885559082,2.619999885559082,2.619999885559082,2080,0.0,0.0
2022-09-08 12:30:00-04:00,2.640000104904175,2.700000047683716,2.630000114440918,2.650099992752075,2939,0.0,0.0
2022-09-08 13:30:00-04:00,2.690000057220459,2.700000047683716,2.674999952316284,2.680000066757202,3062,0.0,0.0
2022-09-08 14:30:00-04:00,2.6700000762939453,2.690000057220459,2.630000114440918,2.6301000118255615,3605,0.0,0.0
2022-09-08 15:30:00-04:00,2.6500000953674316,2.680000066757202,2.630000114440918,2.680000066757202,4024,0.0,0.0
2022-09-09 09:30:00-04:00,2.700000047683716,2.700000047683716,2.6500000953674316,2.6500000953674316,0,0.0,0.0
2022-09-09 10:30:00-04:00,2.680000066757202,2.680000066757202,2.680000066757202,2.680000066757202,278,0.0,0.0
2022-09-09 11:30:00-04:00,2.690000057220459,2.690000057220459,2.680000066757202,2.680000066757202,949,0.0,0.0
2022-09-09 12:30:00-04:00,2.680000066757202,2.680000066757202,2.6449999809265137,2.680000066757202,3118,0.0,0.0
2022-09-09 13:30:00-04:00,2.680000066757202,2.690000057220459,2.619999885559082,2.619999885559082,5367,0.0,0.0
2022-09-09 14:30:00-04:00,2.6500000953674316,2.6500000953674316,2.5399999618530273,2.609999895095825,5332,0.0,0.0
2022-09-09 15:30:00-04:00,2.5999999046325684,2.609999895095825,2.559999942779541,2.5999999046325684,3894,0.0,0.0
2022-09-12 09:30:00-04:00,2.5899999141693115,2.5899999141693115,2.5,2.509999990463257,0,0.0,0.0
2022-09-12 10:30:00-04:00,2.5336999893188477,2.700000047683716,2.5302999019622803,2.700000047683716,13547,0.0,0.0
2022-09-12 11:30:00-04:00,2.640000104904175,2.6600000858306885,2.549999952316284,2.549999952316284,6536,0.0,0.0
2022-09-12 12:30:00-04:00,2.549999952316284,2.5999999046325684,2.549999952316284,2.5999999046325684,1014,0.0,0.0
2022-09-12 13:30:00-04:00,2.5850000381469727,2.5999999046325684,2.5850000381469727,2.5999999046325684,1168,0.0,0.0
2022-09-12 14:30:00-04:00,2.5799999237060547,2.5799999237060547,2.5299999713897705,2.5299999713897705,2495,0.0,0.0
2022-09-12 15:30:00-04:00,2.5,2.549999952316284,2.4800000190734863,2.549999952316284,9983,0.0,0.0
2022-09-13 10:30:00-04:00,2.499300003051758,2.509999990463257,2.430000066757202,2.4600000381469727,7843,0.0,0.0
2022-09-13 11:30:00-04:00,2.440000057220459,2.440000057220459,2.305000066757202,2.3399999141693115,12374,0.0,0.0
2022-09-13 12:30:00-04:00,2.390000104904175,2.4000000953674316,2.367300033569336,2.4000000953674316,5057,0.0,0.0
2022-09-13 13:30:00-04:00,2.390000104904175,2.390000104904175,2.390000104904175,2.390000104904175,1851,0.0,0.0
2022-09-13 14:30:00-04:00,2.390000104904175,2.390000104904175,2.369999885559082,2.369999885559082,2670,0.0,0.0
2022-09-13 15:30:00-04:00,2.359999895095825,2.375,2.359999895095825,2.375,2939,0.0,0.0
2022-09-14 09:30:00-04:00,2.4000000953674316,2.450000047683716,2.4000000953674316,2.430000066757202,0,0.0,0.0
2022-09-14 10:30:00-04:00,2.4149999618530273,2.4149999618530273,2.3499999046325684,2.4000000953674316,9584,0.0,0.0
2022-09-14 11:30:00-04:00,2.3299999237060547,2.3299999237060547,2.2899999618530273,2.29830002784729,8918,0.0,0.0
2022-09-14 12:30:00-04:00,2.309999942779541,2.3289999961853027,2.309999942779541,2.3289999961853027,6204,0.0,0.0
2022-09-14 13:30:00-04:00,2.329900026321411,2.3299999237060547,2.309999942779541,2.319999933242798,8313,0.0,0.0
2022-09-14 14:30:00-04:00,2.319999933242798,2.3227999210357666,2.319999933242798,2.319999933242798,1220,0.0,0.0
2022-09-14 15:30:00-04:00,2.325000047683716,2.359999895095825,2.325000047683716,2.3399999141693115,5593,0.0,0.0
2022-09-15 09:30:00-04:00,2.3499999046325684,2.450000047683716,2.3499999046325684,2.450000047683716,0,0.0,0.0
2022-09-15 10:30:00-04:00,2.4100000858306885,2.4149999618530273,2.3399999141693115,2.3399999141693115,2281,0.0,0.0
2022-09-15 11:30:00-04:00,2.374300003051758,2.374300003051758,2.359999895095825,2.359999895095825,1219,0.0,0.0
2022-09-15 12:30:00-04:00,2.359999895095825,2.380000114440918,2.3499999046325684,2.365000009536743,2813,0.0,0.0
2022-09-15 13:30:00-04:00,2.3798999786376953,2.4200000762939453,2.3499999046325684,2.4200000762939453,13922,0.0,0.0
2022-09-15 14:30:00-04:00,2.4200000762939453,2.440000057220459,2.3399999141693115,2.4100000858306885,10315,0.0,0.0
2022-09-15 15:30:00-04:00,2.390000104904175,2.390000104904175,2.359999895095825,2.390000104904175,3541,0.0,0.0
2022-09-16 09:30:00-04:00,2.3410000801086426,2.384999990463257,2.340100049972534,2.380000114440918,0,0.0,0.0
2022-09-16 10:30:00-04:00,2.375,2.380000114440918,2.325000047683716,2.325000047683716,9621,0.0,0.0
2022-09-16 11:30:00-04:00,2.309999942779541,2.315000057220459,2.2750000953674316,2.299999952316284,3327,0.0,0.0
2022-09-16 12:30:00-04:00,2.299999952316284,2.309999942779541,2.299999952316284,2.309999942779541,2374,0.0,0.0
2022-09-16 13:30:00-04:00,2.309999942779541,2.309999942779541,2.2899999618530273,2.299999952316284,3120,0.0,0.0
2022-09-16 14:30:00-04:00,2.299999952316284,2.299999952316284,2.1600000858306885,2.2049999237060547,24632,0.0,0.0
2022-09-16 15:30:00-04:00,2.1700000762939453,2.174999952316284,2.109999895095825,2.109999895095825,25345,0.0,0.0
2022-09-19 09:30:00-04:00,2.130000114440918,2.2100000381469727,2.059999942779541,2.0743000507354736,31222,0.0,0.0
2022-09-19 10:30:00-04:00,2.069999933242798,2.069999933242798,2.0199999809265137,2.0350000858306885,8208,0.0,0.0
2022-09-19 11:30:00-04:00,2.0299999713897705,2.0299999713897705,1.9500000476837158,1.9500000476837158,9130,0.0,0.0
2022-09-19 12:30:00-04:00,1.9700000286102295,1.9800000190734863,1.9600000381469727,1.9700000286102295,8577,0.0,0.0
2022-09-19 13:30:00-04:00,1.9600000381469727,1.9600000381469727,1.9500000476837158,1.9500000476837158,5658,0.0,0.0
2022-09-19 14:30:00-04:00,1.951300024986267,1.9600000381469727,1.9500000476837158,1.9599000215530396,2467,0.0,0.0
2022-09-19 15:30:00-04:00,1.9500000476837158,1.965000033378601,1.909999966621399,1.909999966621399,16474,0.0,0.0
2022-09-20 09:30:00-04:00,1.940000057220459,1.940000057220459,1.909999966621399,1.9101999998092651,0,0.0,0.0
2022-09-20 10:30:00-04:00,1.8899999856948853,1.8899999856948853,1.7999999523162842,1.840000033378601,11726,0.0,0.0
2022-09-20 11:30:00-04:00,1.840000033378601,1.840000033378601,1.7899999618530273,1.7899999618530273,15256,0.0,0.0
2022-09-20 12:30:00-04:00,1.7942999601364136,1.7999999523162842,1.7798999547958374,1.7798999547958374,4379,0.0,0.0
2022-09-20 13:30:00-04:00,1.774999976158142,1.7883000373840332,1.7699999809265137,1.7799999713897705,4510,0.0,0.0
2022-09-20 14:30:00-04:00,1.784999966621399,1.809999942779541,1.784999966621399,1.8049999475479126,16344,0.0,0.0
2022-09-20 15:30:00-04:00,1.8049999475479126,1.8300000429153442,1.7999999523162842,1.7999999523162842,8453,0.0,0.0
2022-09-21 09:30:00-04:00,1.7999999523162842,1.840000033378601,1.774999976158142,1.774999976158142,46165,0.0,0.0
2022-09-21 10:30:00-04:00,1.7999000549316406,1.7999000549316406,1.7999000549316406,1.7999000549316406,1230,0.0,0.0
2022-09-21 11:30:00-04:00,1.7898999452590942,1.7898999452590942,1.7799999713897705,1.7799999713897705,1607,0.0,0.0
2022-09-21 12:30:00-04:00,1.7892999649047852,1.8200000524520874,1.7799999713897705,1.8200000524520874,38428,0.0,0.0
2022-09-21 13:30:00-04:00,1.8300000429153442,1.8300000429153442,1.8300000429153442,1.8300000429153442,550,0.0,0.0
2022-09-21 14:30:00-04:00,1.829300045967102,1.8300000429153442,1.809999942779541,1.809999942779541,3196,0.0,0.0
2022-09-21 15:30:00-04:00,1.8200000524520874,1.8200000524520874,1.8200000524520874,1.8200000524520874,436,0.0,0.0
2022-09-22 09:30:00-04:00,1.840000033378601,1.840000033378601,1.840000033378601,1.840000033378601,0,0.0,0.0
2022-09-22 10:30:00-04:00,1.8799999952316284,1.8949999809265137,1.8724000453948975,1.8724000453948975,1135,0.0,0.0
2022-09-22 11:30:00-04:00,1.850000023841858,1.8700000047683716,1.850000023841858,1.850000023841858,3112,0.0,0.0
2022-09-22 12:30:00-04:00,1.8550000190734863,1.8600000143051147,1.840000033378601,1.850000023841858,4863,0.0,0.0
2022-09-22 13:30:00-04:00,1.850000023841858,1.850000023841858,1.840000033378601,1.840000033378601,536,0.0,0.0
2022-09-22 14:30:00-04:00,1.850000023841858,1.8519999980926514,1.840000033378601,1.8519999980926514,606,0.0,0.0
2022-09-22 15:30:00-04:00,1.8450000286102295,1.8700000047683716,1.840000033378601,1.8700000047683716,3373,0.0,0.0
2022-09-23 09:30:00-04:00,1.7899999618530273,1.7999999523162842,1.7799999713897705,1.7799999713897705,0,0.0,0.0
2022-09-23 10:30:00-04:00,1.7812999486923218,1.7949999570846558,1.7200000286102295,1.7200000286102295,2915,0.0,0.0
2022-09-23 11:30:00-04:00,1.7200000286102295,1.7388999462127686,1.6699999570846558,1.7000000476837158,4793,0.0,0.0
2022-09-23 12:30:00-04:00,1.6927000284194946,1.6927000284194946,1.690000057220459,1.690000057220459,435,0.0,0.0
2022-09-23 13:30:00-04:00,1.684999942779541,1.684999942779541,1.684999942779541,1.684999942779541,1597,0.0,0.0
2022-09-23 14:30:00-04:00,1.684999942779541,1.7299000024795532,1.6699999570846558,1.7299000024795532,13469,0.0,0.0
2022-09-23 15:30:00-04:00,1.7300000190734863,1.7599999904632568,1.7200000286102295,1.7200000286102295,4539,0.0,0.0
2022-09-26 09:30:00-04:00,1.7051000595092773,1.7400000095367432,1.6799999475479126,1.7400000095367432,0,0.0,0.0
2022-09-26 10:30:00-04:00,1.7300000190734863,1.7300000190734863,1.659000039100647,1.659999966621399,14181,0.0,0.0
2022-09-26 11:30:00-04:00,1.659999966621399,1.6649999618530273,1.659999966621399,1.659999966621399,6482,0.0,0.0
2022-09-26 12:30:00-04:00,1.6691999435424805,1.6699999570846558,1.6598999500274658,1.659999966621399,6758,0.0,0.0
2022-09-26 13:30:00-04:00,1.649999976158142,1.6549999713897705,1.649999976158142,1.6549999713897705,1231,0.0,0.0
2022-09-26 14:30:00-04:00,1.649999976158142,1.649999976158142,1.649999976158142,1.649999976158142,1049,0.0,0.0
2022-09-26 15:30:00-04:00,1.6699999570846558,1.6699999570846558,1.659999966621399,1.659999966621399,1297,0.0,0.0
2022-09-27 09:30:00-04:00,1.6799999475479126,1.7899999618530273,1.6799999475479126,1.75,0,0.0,0.0
2022-09-27 10:30:00-04:00,1.7788000106811523,1.840000033378601,1.7699999809265137,1.7699999809265137,2941,0.0,0.0
2022-09-27 11:30:00-04:00,1.8300000429153442,1.8300000429153442,1.7700999975204468,1.770300030708313,3305,0.0,0.0
2022-09-27 12:30:00-04:00,1.784999966621399,1.784999966621399,1.7799999713897705,1.7799999713897705,361,0.0,0.0
2022-09-27 13:30:00-04:00,1.7872999906539917,1.7899999618530273,1.7799999713897705,1.7799999713897705,934,0.0,0.0
2022-09-27 14:30:00-04:00,1.7799999713897705,1.7799999713897705,1.7400000095367432,1.7400000095367432,8607,0.0,0.0
2022-09-27 15:30:00-04:00,1.7200000286102295,1.7699999809265137,1.7100000381469727,1.75,12191,0.0,0.0
2022-09-28 09:30:00-04:00,1.75,1.7799999713897705,1.75,1.7799999713897705,2444,0.0,0.0
2022-09-28 10:30:00-04:00,1.7699999809265137,1.909999966621399,1.7698999643325806,1.909999966621399,7775,0.0,0.0
2022-09-28 11:30:00-04:00,1.840000033378601,1.840000033378601,1.8049999475479126,1.8300000429153442,2528,0.0,0.0
2022-09-28 12:30:00-04:00,1.850000023841858,1.8899999856948853,1.850000023841858,1.8899999856948853,2371,0.0,0.0
2022-09-28 14:30:00-04:00,1.8899999856948853,1.909999966621399,1.8899999856948853,1.909999966621399,915,0.0,0.0
2022-09-28 15:30:00-04:00,1.899999976158142,1.909999966621399,1.899999976158142,1.909999966621399,2387,0.0,0.0
2022-09-29 09:30:00-04:00,1.8600000143051147,1.9299999475479126,1.8401000499725342,1.9299999475479126,0,0.0,0.0
2022-09-29 10:30:00-04:00,1.840000033378601,1.840000033378601,1.840000033378601,1.840000033378601,178,0.0,0.0
2022-09-29 11:30:00-04:00,1.850000023841858,1.850000023841858,1.850000023841858,1.850000023841858,218,0.0,0.0
2022-09-29 12:30:00-04:00,1.8372000455856323,1.8700000047683716,1.8372000455856323,1.8700000047683716,3342,0.0,0.0
2022-09-29 13:30:00-04:00,1.8700000047683716,1.8899999856948853,1.8700000047683716,1.8899999856948853,226,0.0,0.0
2022-09-29 14:30:00-04:00,1.899999976158142,1.899999976158142,1.899999976158142,1.899999976158142,126,0.0,0.0
2022-09-29 15:30:00-04:00,1.899999976158142,1.909999966621399,1.899999976158142,1.909999966621399,271,0.0,0.0
2022-09-30 09:30:00-04:00,1.9299999475479126,1.9299999475479126,1.9299999475479126,1.9299999475479126,0,0.0,0.0
2022-09-30 11:30:00-04:00,1.910099983215332,1.9299999475479126,1.9000999927520752,1.909999966621399,4366,0.0,0.0
2022-09-30 12:30:00-04:00,1.9097000360488892,1.9199999570846558,1.9014999866485596,1.9014999866485596,842,0.0,0.0
2022-09-30 13:30:00-04:00,1.9103000164031982,1.9199999570846558,1.9000999927520752,1.9199999570846558,3584,0.0,0.0
2022-09-30 14:30:00-04:00,1.9013999700546265,1.9199999570846558,1.9013999700546265,1.9199999570846558,848,0.0,0.0
2022-09-30 15:30:00-04:00,1.9199999570846558,1.9199999570846558,1.909999966621399,1.909999966621399,6454,0.0,0.0
2022-10-03 09:30:00-04:00,1.909999966621399,1.9900000095367432,1.909999966621399,1.9600000381469727,11251,0.0,0.0
2022-10-03 10:30:00-04:00,1.9644999504089355,1.9700000286102295,1.9299999475479126,1.9700000286102295,3161,0.0,0.0
2022-10-03 11:30:00-04:00,1.9700000286102295,1.9800000190734863,1.9700000286102295,1.9800000190734863,2431,0.0,0.0
2022-10-03 12:30:00-04:00,1.975000023841858,1.9800000190734863,1.9700000286102295,1.9701000452041626,4130,0.0,0.0
2022-10-03 13:30:00-04:00,1.9800000190734863,1.9800000190734863,1.9199999570846558,1.9199999570846558,3701,0.0,0.0
2022-10-03 14:30:00-04:00,1.9117000102996826,1.9117000102996826,1.9117000102996826,1.9117000102996826,1821,0.0,0.0
2022-10-03 15:30:00-04:00,1.9199999570846558,1.9500000476837158,1.9199999570846558,1.9199999570846558,1571,0.0,0.0
2022-10-04 09:30:00-04:00,1.9199999570846558,1.9199999570846558,1.909999966621399,1.909999966621399,0,0.0,0.0
2022-10-04 10:30:00-04:00,1.9299999475479126,1.9390000104904175,1.899999976158142,1.9299999475479126,3073,0.0,0.0
2022-10-04 11:30:00-04:00,1.9299999475479126,1.9500000476837158,1.9149999618530273,1.9149999618530273,1675,0.0,0.0
2022-10-04 12:30:00-04:00,1.899999976158142,1.899999976158142,1.8899999856948853,1.8899999856948853,3530,0.0,0.0
2022-10-04 13:30:00-04:00,1.8899999856948853,1.909999966621399,1.840000033378601,1.8600000143051147,10569,0.0,0.0
2022-10-04 14:30:00-04:00,1.8650000095367432,1.8650000095367432,1.75,1.809999942779541,12887,0.0,0.0
2022-10-04 15:30:00-04:00,1.8200000524520874,1.8200000524520874,1.7699999809265137,1.7699999809265137,5706,0.0,0.0
2022-10-05 09:30:00-04:00,1.7599999904632568,1.7799999713897705,1.75,1.75,0,0.0,0.0
2022-10-05 10:30:00-04:00,1.75,1.75,1.7100000381469727,1.7100000381469727,1053,0.0,0.0
2022-10-05 12:30:00-04:00,1.7300000190734863,1.7300000190734863,1.7200000286102295,1.725000023841858,2098,0.0,0.0
2022-10-05 13:30:00-04:00,1.7200000286102295,1.7200000286102295,1.7100000381469727,1.7100000381469727,2180,0.0,0.0
2022-10-05 14:30:00-04:00,1.7200000286102295,1.7549999952316284,1.7200000286102295,1.7549999952316284,10919,0.0,0.0
2022-10-05 15:30:00-04:00,1.7400000095367432,1.7599999904632568,1.7400000095367432,1.7400000095367432,4043,0.0,0.0
2022-10-06 09:30:00-04:00,1.8020999431610107,1.8020999431610107,1.7300000190734863,1.7300000190734863,4295,0.0,0.0
2022-10-06 10:30:00-04:00,1.7200000286102295,1.7400000095367432,1.7200000286102295,1.7300000190734863,3500,0.0,0.0
2022-10-06 11:30:00-04:00,1.7300000190734863,1.75,1.7300000190734863,1.75,1803,0.0,0.0
2022-10-06 12:30:00-04:00,1.7350000143051147,1.75,1.7200000286102295,1.7200000286102295,11732,0.0,0.0
2022-10-06 13:30:00-04:00,1.7300000190734863,1.75,1.7200000286102295,1.7350000143051147,1850,0.0,0.0
2022-10-06 14:30:00-04:00,1.7350000143051147,1.7699999809265137,1.7350000143051147,1.7599999904632568,5728,0.0,0.0
2022-10-06 15:30:00-04:00,1.7599999904632568,1.7799999713897705,1.75,1.7799999713897705,4634,0.0,0.0
2022-10-07 09:30:00-04:00,1.8981000185012817,1.8981000185012817,1.7599999904632568,1.7799999713897705,2320,0.0,0.0
2022-10-07 10:30:00-04:00,1.7599999904632568,1.7599999904632568,1.75,1.7599999904632568,2046,0.0,0.0
2022-10-07 11:30:00-04:00,1.75,1.850000023841858,1.75,1.850000023841858,32763,0.0,0.0
2022-10-07 12:30:00-04:00,1.76010000705719,1.7799999713897705,1.7599999904632568,1.7649999856948853,6352,0.0,0.0
2022-10-07 13:30:00-04:00,1.7899999618530273,1.809999942779541,1.7799999713897705,1.809999942779541,6440,0.0,0.0
2022-10-07 14:30:00-04:00,1.7999999523162842,1.8499000072479248,1.7999999523162842,1.840000033378601,6334,0.0,0.0
2022-10-07 15:30:00-04:00,1.850000023841858,1.850000023841858,1.840000033378601,1.850000023841858,1977,0.0,0.0
2022-10-10 09:30:00-04:00,1.8200000524520874,1.8200000524520874,1.8200000524520874,1.8200000524520874,1471,0.0,0.0
2022-10-10 11:30:00-04:00,1.75,1.75,1.75,1.75,806,0.0,0.0
2022-10-10 12:30:00-04:00,1.7400000095367432,1.75,1.7350000143051147,1.75,1151,0.0,0.0
2022-10-10 13:30:00-04:00,1.7699999809265137,1.7699999809265137,1.7300000190734863,1.7400000095367432,3017,0.0,0.0
2022-10-10 14:30:00-04:00,1.7244999408721924,1.7244999408721924,1.7000000476837158,1.7000000476837158,1691,0.0,0.0
2022-10-10 15:30:00-04:00,1.690000057220459,1.7050000429153442,1.6799999475479126,1.6799999475479126,3614,0.0,0.0
2022-10-11 09:30:00-04:00,1.7000000476837158,1.7000000476837158,1.7000000476837158,1.7000000476837158,0,0.0,0.0
2022-10-11 10:30:00-04:00,1.7100000381469727,1.7100000381469727,1.7100000381469727,1.7100000381469727,186,0.0,0.0
2022-10-11 11:30:00-04:00,1.7000000476837158,1.7000000476837158,1.659999966621399,1.659999966621399,4956,0.0,0.0
2022-10-11 12:30:00-04:00,1.6549999713897705,1.690000057220459,1.649999976158142,1.6699999570846558,1319,0.0,0.0
2022-10-11 13:30:00-04:00,1.659999966621399,1.659999966621399,1.659999966621399,1.659999966621399,1055,0.0,0.0
2022-10-11 14:30:00-04:00,1.659999966621399,1.6634000539779663,1.659999966621399,1.6634000539779663,3499,0.0,0.0
2022-10-11 15:30:00-04:00,1.659999966621399,1.7000000476837158,1.659999966621399,1.7000000476837158,2438,0.0,0.0
2022-10-12 09:30:00-04:00,1.6799999475479126,1.6799999475479126,1.6799999475479126,1.6799999475479126,0,0.0,0.0
2022-10-12 10:30:00-04:00,1.659999966621399,1.659999966621399,1.659999966621399,1.659999966621399,113,0.0,0.0
2022-10-12 11:30:00-04:00,1.6541999578475952,1.6541999578475952,1.6399999856948853,1.6399999856948853,4394,0.0,0.0
2022-10-12 12:30:00-04:00,1.6299999952316284,1.6399999856948853,1.6200000047683716,1.6299999952316284,3430,0.0,0.0
2022-10-12 15:30:00-04:00,1.625,1.6298999786376953,1.590000033378601,1.600000023841858,5904,0.0,0.0
2022-10-13 09:30:00-04:00,1.600000023841858,1.649999976158142,1.600000023841858,1.6089999675750732,0,0.0,0.0
2022-10-13 10:30:00-04:00,1.5853999853134155,1.6030000448226929,1.5853999853134155,1.600000023841858,1941,0.0,0.0
2022-10-13 11:30:00-04:00,1.6098999977111816,1.6100000143051147,1.580299973487854,1.590000033378601,3026,0.0,0.0
2022-10-13 12:30:00-04:00,1.5800000429153442,1.590000033378601,1.5800000429153442,1.590000033378601,3044,0.0,0.0
2022-10-13 13:30:00-04:00,1.6100000143051147,1.649999976158142,1.6100000143051147,1.649999976158142,7602,0.0,0.0
2022-10-13 14:30:00-04:00,1.649999976158142,1.75,1.649999976158142,1.7300000190734863,15769,0.0,0.0
2022-10-13 15:30:00-04:00,1.7300000190734863,1.7400000095367432,1.7300000190734863,1.7400000095367432,0,0.0,0.0
2022-10-14 10:30:00-04:00,1.6950000524520874,1.7999999523162842,1.6950000524520874,1.7799999713897705,26400,0.0,0.0
2022-10-14 11:30:00-04:00,1.7699999809265137,1.770300030708313,1.7599999904632568,1.7649999856948853,0,0.0,0.0
2022-10-14 12:30:00-04:00,1.7599999904632568,1.7893999814987183,1.7549999952316284,1.7699999809265137,42209,0.0,0.0
2022-10-14 13:30:00-04:00,1.7699999809265137,1.7899999618530273,1.7649999856948853,1.7799999713897705,4608,0.0,0.0
2022-10-14 14:30:00-04:00,1.781000018119812,1.8200000524520874,1.76010000705719,1.7899999618530273,12763,0.0,0.0
2022-10-14 15:30:00-04:00,1.7899999618530273,1.8473000526428223,1.7799999713897705,1.8300000429153442,19237,0.0,0.0
2022-10-17 09:30:00-04:00,1.7799999713897705,1.7999999523162842,1.7799999713897705,1.7999999523162842,0,0.0,0.0
2022-10-17 10:30:00-04:00,1.7999999523162842,1.9199999570846558,1.7999999523162842,1.916700005531311,9189,0.0,0.0
2022-10-17 11:30:00-04:00,1.9182000160217285,1.9600000381469727,1.9182000160217285,1.9600000381469727,13782,0.0,0.0
2022-10-17 12:30:00-04:00,1.9600000381469727,2.049999952316284,1.9600000381469727,2.0399999618530273,23526,0.0,0.0
2022-10-17 13:30:00-04:00,2.0299999713897705,2.0350000858306885,1.9900000095367432,1.9900000095367432,3833,0.0,0.0
2022-10-17 14:30:00-04:00,1.9950000047683716,1.9950000047683716,1.975000023841858,1.975000023841858,4463,0.0,0.0
2022-10-17 15:30:00-04:00,1.9800000190734863,2.0199999809265137,1.9700000286102295,2.0199999809265137,12754,0.0,0.0
2022-10-18 10:30:00-04:00,2.0199999809265137,2.029900074005127,1.9938000440597534,1.9938000440597534,1250,0.0,0.0
2022-10-18 11:30:00-04:00,2.0199999809265137,2.0199999809265137,2.0199999809265137,2.0199999809265137,110,0.0,0.0
2022-10-18 12:30:00-04:00,1.9901000261306763,2.0,1.9900000095367432,2.0,5248,0.0,0.0
2022-10-18 14:30:00-04:00,2.0,2.0,1.9900000095367432,1.9900000095367432,3804,0.0,0.0
2022-10-18 15:30:00-04:00,2.0,2.0,1.9900000095367432,1.9900000095367432,2854,0.0,0.0
2022-10-19 09:30:00-04:00,1.9559999704360962,2.0,1.9559999704360962,1.975000023841858,0,0.0,0.0
2022-10-19 11:30:00-04:00,1.9530999660491943,1.9900000095367432,1.9500000476837158,1.9900000095367432,6674,0.0,0.0
2022-10-19 12:30:00-04:00,1.9601000547409058,1.9900000095367432,1.9500000476837158,1.9900000095367432,8648,0.0,0.0
2022-10-19 13:30:00-04:00,1.9900000095367432,1.9900000095367432,1.9900000095367432,1.9900000095367432,969,0.0,0.0
2022-10-19 14:30:00-04:00,1.9900000095367432,1.9910999536514282,1.9900000095367432,1.9900000095367432,4466,0.0,0.0
2022-10-19 15:30:00-04:00,1.9824999570846558,1.9900000095367432,1.9700000286102295,1.9900000095367432,5427,0.0,0.0
2022-10-20 11:30:00-04:00,2.0025999546051025,2.0025999546051025,2.0,2.0,600,0.0,0.0
2022-10-20 12:30:00-04:00,2.0000998973846436,2.009999990463257,1.9900000095367432,2.009999990463257,1820,0.0,0.0
2022-10-20 13:30:00-04:00,1.9900000095367432,1.9952000379562378,1.98989999294281,1.9900000095367432,7788,0.0,0.0
2022-10-20 14:30:00-04:00,1.9900000095367432,1.9900000095367432,1.9900000095367432,1.9900000095367432,225,0.0,0.0
2022-10-20 15:30:00-04:00,1.9950000047683716,2.0,1.9900000095367432,2.0,0,0.0,0.0
2022-10-21 09:30:00-04:00,1.9700000286102295,1.9700000286102295,1.9500000476837158,1.9500000476837158,5617,0.0,0.0
2022-10-21 10:30:00-04:00,1.940000057220459,1.9901000261306763,1.940000057220459,1.9900000095367432,12046,0.0,0.0
2022-10-21 11:30:00-04:00,2.0,2.0,2.0,2.0,700,0.0,0.0
2022-10-21 12:30:00-04:00,2.0,2.0,1.9900000095367432,1.9909000396728516,3225,0.0,0.0
2022-10-21 13:30:00-04:00,1.9950000047683716,1.9950000047683716,1.9900000095367432,1.9900000095367432,3227,0.0,0.0
2022-10-21 14:30:00-04:00,1.9907000064849854,1.9950000047683716,1.9900000095367432,1.9901000261306763,4291,0.0,0.0
2022-10-21 15:30:00-04:00,1.9900000095367432,1.9900000095367432,1.9900000095367432,1.9900000095367432,444,0.0,0.0
2022-10-24 09:30:00-04:00,1.9800000190734863,1.9800000190734863,1.909999966621399,1.909999966621399,0,0.0,0.0
2022-10-24 11:30:00-04:00,1.909999966621399,1.9199999570846558,1.8600000143051147,1.9199999570846558,2321,0.0,0.0
2022-10-24 12:30:00-04:00,1.919600009918213,1.985200047492981,1.909999966621399,1.985200047492981,9743,0.0,0.0
2022-10-24 13:30:00-04:00,1.9900000095367432,1.9900000095367432,1.9850000143051147,1.9900000095367432,2100,0.0,0.0
2022-10-24 14:30:00-04:00,1.9989999532699585,2.005000114440918,1.9989999532699585,2.005000114440918,1430,0.0,0.0
2022-10-24 15:30:00-04:00,2.005000114440918,2.009999990463257,2.0,2.0,1079,0.0,0.0
2022-10-25 09:30:00-04:00,2.0,2.0,1.9560999870300293,1.9560999870300293,0,0.0,0.0
2022-10-25 10:30:00-04:00,1.982800006866455,2.0,1.982800006866455,2.0,7299,0.0,0.0
2022-10-25 11:30:00-04:00,2.0,2.0899999141693115,2.0,2.0899999141693115,18699,0.0,0.0
2022-10-25 12:30:00-04:00,2.0971999168395996,2.130000114440918,2.0971999168395996,2.119999885559082,13405,0.0,0.0
2022-10-25 13:30:00-04:00,2.111599922180176,2.1500000953674316,2.111599922180176,2.1500000953674316,3560,0.0,0.0
2022-10-25 14:30:00-04:00,2.130000114440918,2.140000104904175,2.130000114440918,2.130000114440918,3307,0.0,0.0
2022-10-25 15:30:00-04:00,2.130000114440918,2.130000114440918,2.0999999046325684,2.0999999046325684,1079,0.0,0.0
2022-10-26 09:30:00-04:00,2.059999942779541,2.1600000858306885,2.059999942779541,2.1600000858306885,0,0.0,0.0
2022-10-26 10:30:00-04:00,2.1600000858306885,2.2100000381469727,2.1600000858306885,2.2016000747680664,4777,0.0,0.0
2022-10-26 11:30:00-04:00,2.200000047683716,2.2000999450683594,2.1800999641418457,2.190000057220459,3863,0.0,0.0
2022-10-26 12:30:00-04:00,2.1963000297546387,2.2100000381469727,2.1700000762939453,2.180000066757202,14159,0.0,0.0
2022-10-26 13:30:00-04:00,2.1584999561309814,2.200000047683716,2.1584999561309814,2.200000047683716,1192,0.0,0.0
2022-10-26 14:30:00-04:00,2.1626999378204346,2.200000047683716,2.1505000591278076,2.1698999404907227,2418,0.0,0.0
2022-10-26 15:30:00-04:00,2.1700000762939453,2.1700000762939453,2.1700000762939453,2.1700000762939453,644,0.0,0.0
2022-10-27 09:30:00-04:00,2.25,2.259999990463257,2.1649999618530273,2.1649999618530273,0,0.0,0.0
2022-10-27 10:30:00-04:00,2.1600000858306885,2.1600000858306885,2.1600000858306885,2.1600000858306885,331,0.0,0.0
2022-10-27 12:30:00-04:00,2.140000104904175,2.1419999599456787,2.1301000118255615,2.1419999599456787,1844,0.0,0.0
2022-10-27 13:30:00-04:00,2.1700000762939453,2.2499001026153564,2.1700000762939453,2.200000047683716,11509,0.0,0.0
2022-10-27 14:30:00-04:00,2.1301000118255615,2.2200000286102295,2.1301000118255615,2.184999942779541,9256,0.0,0.0
2022-10-27 15:30:00-04:00,2.2100000381469727,2.2100000381469727,2.190000057220459,2.2100000381469727,1187,0.0,0.0
2022-10-28 09:30:00-04:00,2.195199966430664,2.2399001121520996,2.1744000911712646,2.2399001121520996,8784,0.0,0.0
2022-10-28 10:30:00-04:00,2.240000009536743,2.299999952316284,2.240000009536743,2.2699999809265137,4453,0.0,0.0
2022-10-28 11:30:00-04:00,2.2699999809265137,2.2699999809265137,2.2699999809265137,2.2699999809265137,376,0.0,0.0
2022-10-28 12:30:00-04:00,2.2595999240875244,2.3499999046325684,2.240000009536743,2.240000009536743,7074,0.0,0.0
2022-10-28 14:30:00-04:00,2.299999952316284,2.299999952316284,2.2899999618530273,2.2899999618530273,1359,0.0,0.0
2022-10-28 15:30:00-04:00,2.2660000324249268,2.319999933242798,2.259999990463257,2.319999933242798,6104,0.0,0.0
2022-10-31 09:30:00-04:00,2.2699999809265137,2.299999952316284,2.254699945449829,2.299999952316284,1156,0.0,0.0
2022-10-31 10:30:00-04:00,2.2799999713897705,2.2799999713897705,2.2799999713897705,2.2799999713897705,1085,0.0,0.0
2022-10-31 11:30:00-04:00,2.2799999713897705,2.2899999618530273,2.2799999713897705,2.2799999713897705,1442,0.0,0.0
2022-10-31 12:30:00-04:00,2.2899999618530273,2.2899999618530273,2.2899999618530273,2.2899999618530273,720,0.0,0.0
2022-10-31 15:30:00-04:00,2.2899999618530273,2.2899999618530273,2.259999990463257,2.2699999809265137,767,0.0,0.0
2022-11-01 09:30:00-04:00,2.2692999839782715,2.2692999839782715,2.255000114440918,2.255000114440918,0,0.0,0.0
2022-11-01 10:30:00-04:00,2.2200000286102295,2.2200000286102295,2.180000066757202,2.180000066757202,2593,0.0,0.0
2022-11-01 11:30:00-04:00,2.200000047683716,2.25,2.199899911880493,2.25,9424,0.0,0.0
2022-11-01 12:30:00-04:00,2.2699999809265137,2.2699999809265137,2.2699999809265137,2.2699999809265137,636,0.0,0.0
2022-11-01 14:30:00-04:00,2.259999990463257,2.2699999809265137,2.259999990463257,2.2695000171661377,2607,0.0,0.0
2022-11-01 15:30:00-04:00,2.299999952316284,2.299999952316284,2.299999952316284,2.299999952316284,503,0.0,0.0
2022-11-02 10:30:00-04:00,2.2967000007629395,2.2967000007629395,2.259999990463257,2.259999990463257,506,0.0,0.0
2022-11-02 11:30:00-04:00,2.3399999141693115,2.3399999141693115,2.3299999237060547,2.3299999237060547,335,0.0,0.0
2022-11-02 12:30:00-04:00,2.2899999618530273,2.2899999618530273,2.2899999618530273,2.2899999618530273,690,0.0,0.0
2022-11-02 14:30:00-04:00,2.259999990463257,2.2699999809265137,2.25,2.259999990463257,2277,0.0,0.0
2022-11-02 15:30:00-04:00,2.299999952316284,2.299999952316284,2.259999990463257,2.259999990463257,2899,0.0,0.0
2022-11-03 09:30:00-04:00,2.2799999713897705,2.3299999237060547,2.2799999713897705,2.3299999237060547,0,0.0,0.0
2022-11-03 10:30:00-04:00,2.2899999618530273,2.319999933242798,2.281899929046631,2.319999933242798,2203,0.0,0.0
2022-11-03 12:30:00-04:00,2.2899999618530273,2.2899999618530273,2.2699999809265137,2.2699999809265137,692,0.0,0.0
2022-11-03 13:30:00-04:00,2.2699999809265137,2.2699999809265137,2.2699999809265137,2.2699999809265137,551,0.0,0.0
2022-11-03 14:30:00-04:00,2.259999990463257,2.259999990463257,2.259999990463257,2.259999990463257,477,0.0,0.0
2022-11-03 15:30:00-04:00,2.25,2.319999933242798,2.25,2.319999933242798,0,0.0,0.0
2022-11-04 09:30:00-04:00,2.220099925994873,2.3399999141693115,2.2000999450683594,2.2000999450683594,13169,0.0,0.0
2022-11-04 11:30:00-04:00,2.240000009536743,2.240000009536743,2.240000009536743,2.240000009536743,103,0.0,0.0
2022-11-04 12:30:00-04:00,2.265000104904175,2.265000104904175,2.240000009536743,2.25,899,0.0,0.0
2022-11-04 13:30:00-04:00,2.2300000190734863,2.2300000190734863,2.2300000190734863,2.2300000190734863,1688,0.0,0.0
2022-11-04 14:30:00-04:00,2.200000047683716,2.212399959564209,2.200000047683716,2.212399959564209,3562,0.0,0.0
2022-11-04 15:30:00-04:00,2.180000066757202,2.200000047683716,2.180000066757202,2.180000066757202,1229,0.0,0.0
2022-11-07 09:30:00-05:00,2.1461000442504883,2.1549999713897705,2.110300064086914,2.1301000118255615,0,0.0,0.0
2022-11-07 10:30:00-05:00,2.13100004196167,2.146899938583374,2.13100004196167,2.140000104904175,8348,0.0,0.0
2022-11-07 11:30:00-05:00,2.13100004196167,2.13100004196167,2.13100004196167,2.13100004196167,1240,0.0,0.0
2022-11-07 12:30:00-05:00,2.1500000953674316,2.1500000953674316,2.140000104904175,2.1500000953674316,1025,0.0,0.0
2022-11-07 13:30:00-05:00,2.130000114440918,2.130000114440918,2.0799999237060547,2.0799999237060547,8340,0.0,0.0
2022-11-07 14:30:00-05:00,2.090100049972534,2.0999999046325684,2.0899999141693115,2.099900007247925,2669,0.0,0.0
2022-11-07 15:30:00-05:00,2.0899999141693115,2.0999999046325684,2.069999933242798,2.0999999046325684,6847,0.0,0.0
2022-11-08 10:30:00-05:00,2.0999999046325684,2.0999999046325684,2.0999999046325684,2.0999999046325684,0,0.0,0.0
2022-11-08 11:30:00-05:00,2.0699000358581543,2.069999933242798,2.059999942779541,2.059999942779541,8625,0.0,0.0
2022-11-08 12:30:00-05:00,2.0899999141693115,2.1040000915527344,2.069999933242798,2.069999933242798,2372,0.0,0.0
2022-11-08 13:30:00-05:00,2.049999952316284,2.065999984741211,2.049999952316284,2.065999984741211,2312,0.0,0.0
2022-11-08 14:30:00-05:00,2.069999933242798,2.069999933242798,2.069999933242798,2.069999933242798,564,0.0,0.0
2022-11-08 15:30:00-05:00,2.0799999237060547,2.119999885559082,2.0799999237060547,2.119999885559082,1221,0.0,0.0
2022-11-09 09:30:00-05:00,2.0799999237060547,2.0799999237060547,2.0799999237060547,2.0799999237060547,0,0.0,0.0
2022-11-09 10:30:00-05:00,2.0804998874664307,2.0804998874664307,2.0799999237060547,2.0799999237060547,250,0.0,0.0
2022-11-09 11:30:00-05:00,2.0897998809814453,2.0899999141693115,2.069999933242798,2.0899999141693115,1319,0.0,0.0
2022-11-09 12:30:00-05:00,2.0799999237060547,2.0899999141693115,2.069999933242798,2.0799999237060547,5705,0.0,0.0
2022-11-09 13:30:00-05:00,2.069999933242798,2.069999933242798,2.049999952316284,2.049999952316284,1635,0.0,0.0
2022-11-09 14:30:00-05:00,2.049999952316284,2.075000047683716,2.0199999809265137,2.0199999809265137,10496,0.0,0.0
2022-11-09 15:30:00-05:00,2.0299999713897705,2.0599000453948975,2.0299999713897705,2.0599000453948975,816,0.0,0.0
2022-11-10 09:30:00-05:00,2.069999933242798,2.0999999046325684,2.069999933242798,2.0999999046325684,0,0.0,0.0
2022-11-10 10:30:00-05:00,2.0799999237060547,2.086699962615967,2.069999933242798,2.075000047683716,1276,0.0,0.0
2022-11-10 11:30:00-05:00,2.069999933242798,2.0799999237060547,2.069999933242798,2.0799999237060547,644,0.0,0.0
2022-11-10 12:30:00-05:00,2.0899999141693115,2.109999895095825,2.0899999141693115,2.1050000190734863,10644,0.0,0.0
2022-11-10 13:30:00-05:00,2.0999999046325684,2.0999999046325684,2.0999999046325684,2.0999999046325684,1152,0.0,0.0
2022-11-10 15:30:00-05:00,2.0899999141693115,2.0899999141693115,2.069999933242798,2.069999933242798,1221,0.0,0.0
2022-11-11 09:30:00-05:00,2.009999990463257,2.055000066757202,2.009999990463257,2.0199999809265137,8350,0.0,0.0
2022-11-11 10:30:00-05:00,2.0295000076293945,2.059999942779541,2.009999990463257,2.049999952316284,17800,0.0,0.0
2022-11-11 11:30:00-05:00,2.0899999141693115,2.0899999141693115,1.9900000095367432,2.02020001411438,7914,0.0,0.0
2022-11-11 12:30:00-05:00,2.030100107192993,2.030100107192993,1.9800000190734863,2.0,2253,0.0,0.0
2022-11-11 13:30:00-05:00,1.9900000095367432,1.9900000095367432,1.9600000381469727,1.9600000381469727,17237,0.0,0.0
2022-11-11 14:30:00-05:00,1.9450000524520874,1.9500000476837158,1.8600000143051147,1.8600000143051147,24954,0.0,0.0
2022-11-11 15:30:00-05:00,1.8799999952316284,1.909999966621399,1.8799999952316284,1.8899999856948853,9043,0.0,0.0
2022-11-14 09:30:00-05:00,1.8799999952316284,1.9500000476837158,1.8799999952316284,1.9199999570846558,0,0.0,0.0
2022-11-14 10:30:00-05:00,1.9200999736785889,1.9200999736785889,1.909999966621399,1.909999966621399,5746,0.0,0.0
2022-11-14 11:30:00-05:00,1.910099983215332,1.910099983215332,1.909999966621399,1.909999966621399,2152,0.0,0.0
2022-11-14 12:30:00-05:00,1.9121999740600586,1.9121999740600586,1.8601000308990479,1.875,8882,0.0,0.0
2022-11-14 14:30:00-05:00,1.8949999809265137,1.899999976158142,1.8799999952316284,1.8899999856948853,14924,0.0,0.0
2022-11-14 15:30:00-05:00,1.8932000398635864,1.8932000398635864,1.8932000398635864,1.8932000398635864,1216,0.0,0.0
2022-11-15 09:30:00-05:00,1.8799999952316284,1.8799999952316284,1.8700000047683716,1.8700000047683716,0,0.0,0.0
2022-11-15 10:30:00-05:00,1.875599980354309,1.899999976158142,1.875599980354309,1.8799999952316284,3198,0.0,0.0
2022-11-15 11:30:00-05:00,1.8756999969482422,1.909999966621399,1.8756999969482422,1.8899999856948853,3403,0.0,0.0
2022-11-15 12:30:00-05:00,1.8899999856948853,1.8899999856948853,1.8300000429153442,1.8300000429153442,7427,0.0,0.0
2022-11-15 13:30:00-05:00,1.840000033378601,1.850000023841858,1.840000033378601,1.8450000286102295,4084,0.0,0.0
2022-11-15 14:30:00-05:00,1.840000033378601,1.840000033378601,1.8200000524520874,1.8200000524520874,2410,0.0,0.0
2022-11-15 15:30:00-05:00,1.840000033378601,1.847499966621399,1.8200000524520874,1.8300000429153442,3908,0.0,0.0
2022-11-16 09:30:00-05:00,1.809999942779541,1.8151999711990356,1.809999942779541,1.8151999711990356,3196,0.0,0.0
2022-11-16 10:30:00-05:00,1.840000033378601,1.8645000457763672,1.8222999572753906,1.8645000457763672,5215,0.0,0.0
2022-11-16 11:30:00-05:00,1.8600000143051147,1.8600000143051147,1.850000023841858,1.850000023841858,1800,0.0,0.0
2022-11-16 13:30:00-05:00,1.8401000499725342,1.850000023841858,1.8200000524520874,1.8300000429153442,9276,0.0,0.0
2022-11-16 14:30:00-05:00,1.840000033378601,1.840000033378601,1.8300000429153442,1.8300000429153442,3795,0.0,0.0
2022-11-16 15:30:00-05:00,1.840000033378601,1.840000033378601,1.8350000381469727,1.840000033378601,2631,0.0,0.0
2022-11-17 09:30:00-05:00,1.7999999523162842,1.909999966621399,1.7999999523162842,1.809999942779541,0,0.0,0.0
2022-11-17 11:30:00-05:00,1.809999942779541,1.817199945449829,1.809999942779541,1.809999942779541,600,0.0,0.0
2022-11-17 12:30:00-05:00,1.815000057220459,1.8200000524520874,1.809999942779541,1.809999942779541,3200,0.0,0.0
2022-11-17 13:30:00-05:00,1.809999942779541,1.8299000263214111,1.809999942779541,1.8200000524520874,4023,0.0,0.0
2022-11-17 14:30:00-05:00,1.8250000476837158,1.8250000476837158,1.7999999523162842,1.7999999523162842,9235,0.0,0.0
2022-11-17 15:30:00-05:00,1.7999999523162842,1.8000999689102173,1.7999999523162842,1.7999999523162842,1301,0.0,0.0
2022-11-18 09:30:00-05:00,1.9192999601364136,1.9192999601364136,1.8136999607086182,1.8136999607086182,0,0.0,0.0
2022-11-18 10:30:00-05:00,1.8245999813079834,1.8245999813079834,1.8200000524520874,1.8200000524520874,3096,0.0,0.0
2022-11-18 12:30:00-05:00,1.8200000524520874,1.9198999404907227,1.8200000524520874,1.899999976158142,27251,0.0,0.0
2022-11-18 13:30:00-05:00,1.8791999816894531,1.9600000381469727,1.8791999816894531,1.9155999422073364,11883,0.0,0.0
2022-11-18 14:30:00-05:00,1.909999966621399,1.909999966621399,1.8801000118255615,1.9000999927520752,3131,0.0,0.0
2022-11-18 15:30:00-05:00,1.9052000045776367,1.9199999570846558,1.9052000045776367,1.9199999570846558,3467,0.0,0.0
2022-11-21 09:30:00-05:00,1.8899999856948853,1.9450000524520874,1.8700000047683716,1.8700000047683716,1465,0.0,0.0
2022-11-21 10:30:00-05:00,1.8600000143051147,1.8600000143051147,1.8107999563217163,1.8107999563217163,2475,0.0,0.0
2022-11-21 11:30:00-05:00,1.8250000476837158,1.8250000476837158,1.8250000476837158,1.8250000476837158,1114,0.0,0.0
2022-11-21 12:30:00-05:00,1.8200000524520874,1.8598999977111816,1.7999999523162842,1.8564000129699707,5009,0.0,0.0
2022-11-21 13:30:00-05:00,1.8598999977111816,1.8698999881744385,1.840000033378601,1.840000033378601,5882,0.0,0.0
2022-11-21 14:30:00-05:00,1.8350000381469727,1.840000033378601,1.809999942779541,1.840000033378601,19800,0.0,0.0
2022-11-21 15:30:00-05:00,1.8450000286102295,1.8450000286102295,1.8450000286102295,1.8450000286102295,280,0.0,0.0
2022-11-22 09:30:00-05:00,1.809999942779541,1.8200000524520874,1.7799999713897705,1.7799999713897705,0,0.0,0.0
2022-11-22 10:30:00-05:00,1.7699999809265137,1.7899999618530273,1.7699999809265137,1.7799999713897705,14297,0.0,0.0
2022-11-22 11:30:00-05:00,1.7999000549316406,1.7999000549316406,1.7799999713897705,1.7799999713897705,3400,0.0,0.0
2022-11-22 12:30:00-05:00,1.7799999713897705,1.7799999713897705,1.75,1.7599999904632568,4183,0.0,0.0
2022-11-22 13:30:00-05:00,1.7549999952316284,1.7599999904632568,1.7512999773025513,1.7549999952316284,7809,0.0,0.0
2022-11-22 14:30:00-05:00,1.7549999952316284,1.7598999738693237,1.7301000356674194,1.7301000356674194,18880,0.0,0.0
2022-11-22 15:30:00-05:00,1.7400000095367432,1.7599999904632568,1.7338999509811401,1.7400000095367432,27968,0.0,0.0
2022-11-23 09:30:00-05:00,1.7200000286102295,1.7799999713897705,1.7200000286102295,1.75,0,0.0,0.0
2022-11-23 10:30:00-05:00,1.7401000261306763,1.7401000261306763,1.7401000261306763,1.7401000261306763,152,0.0,0.0
2022-11-23 11:30:00-05:00,1.749899983406067,1.749899983406067,1.749899983406067,1.749899983406067,3005,0.0,0.0
2022-11-23 12:30:00-05:00,1.7300000190734863,1.75,1.7300000190734863,1.7300000190734863,3074,0.0,0.0
2022-11-23 13:30:00-05:00,1.7325999736785889,1.7325999736785889,1.7325999736785889,1.7325999736785889,330,0.0,0.0
2022-11-23 14:30:00-05:00,1.75,1.75,1.7436000108718872,1.7436000108718872,946,0.0,0.0
2022-11-23 15:30:00-05:00,1.7400000095367432,1.7400000095367432,1.7300000190734863,1.7400000095367432,1552,0.0,0.0
2022-11-25 09:30:00-05:00,1.75,1.75,1.75,1.75,0,0.0,0.0
2022-11-25 10:30:00-05:00,1.7401000261306763,1.7598999738693237,1.7401000261306763,1.7598999738693237,8001,0.0,0.0
2022-11-25 11:30:00-05:00,1.7462999820709229,1.7462999820709229,1.7000000476837158,1.7200000286102295,18563,0.0,0.0
2022-11-25 12:30:00-05:00,1.7100000381469727,1.7200000286102295,1.7000000476837158,1.7000000476837158,0,0.0,0.0
2022-11-28 09:30:00-05:00,1.7200000286102295,1.7400000095367432,1.715399980545044,1.715399980545044,1874,0.0,0.0
2022-11-28 10:30:00-05:00,1.7000000476837158,1.7100000381469727,1.7000000476837158,1.7100000381469727,5328,0.0,0.0
2022-11-28 11:30:00-05:00,1.7000000476837158,1.7100000381469727,1.7000000476837158,1.7000000476837158,3309,0.0,0.0
2022-11-28 12:30:00-05:00,1.690000057220459,1.690000057220459,1.659999966621399,1.6699999570846558,1587,0.0,0.0
2022-11-28 13:30:00-05:00,1.6799999475479126,1.6799999475479126,1.600000023841858,1.600000023841858,6134,0.0,0.0
2022-11-28 14:30:00-05:00,1.6098999977111816,1.6100000143051147,1.590000033378601,1.5999000072479248,3988,0.0,0.0
2022-11-28 15:30:00-05:00,1.615399956703186,1.6399999856948853,1.5800000429153442,1.600000023841858,11235,0.0,0.0
2022-11-29 09:30:00-05:00,1.6100000143051147,1.659999966621399,1.6009999513626099,1.659999966621399,0,0.0,0.0
2022-11-29 10:30:00-05:00,1.6200000047683716,1.6299999952316284,1.5299999713897705,1.5299999713897705,25287,0.0,0.0
2022-11-29 11:30:00-05:00,1.5299999713897705,1.5399999618530273,1.4500000476837158,1.4900000095367432,39315,0.0,0.0
2022-11-29 12:30:00-05:00,1.5188000202178955,1.5499999523162842,1.5,1.5,21113,0.0,0.0
2022-11-29 13:30:00-05:00,1.5,1.5199999809265137,1.440000057220459,1.4500000476837158,10202,0.0,0.0
2022-11-29 14:30:00-05:00,1.4550000429153442,1.465000033378601,1.4299999475479126,1.4299999475479126,8950,0.0,0.0
2022-11-29 15:30:00-05:00,1.4299999475479126,1.4600000381469727,1.4199999570846558,1.440000057220459,14967,0.0,0.0
2022-11-30 09:30:00-05:00,1.440000057220459,1.5099999904632568,1.440000057220459,1.4850000143051147,18777,0.0,0.0
2022-11-30 10:30:00-05:00,1.4850000143051147,1.4900000095367432,1.4700000286102295,1.4800000190734863,8340,0.0,0.0
2022-11-30 11:30:00-05:00,1.4600000381469727,1.4800000190734863,1.4600000381469727,1.4800000190734863,1559,0.0,0.0
2022-11-30 12:30:00-05:00,1.4700000286102295,1.4800000190734863,1.4600000381469727,1.465000033378601,7256,0.0,0.0
2022-11-30 13:30:00-05:00,1.4625999927520752,1.5,1.4625999927520752,1.4900000095367432,28094,0.0,0.0
2022-11-30 14:30:00-05:00,1.4900000095367432,1.5,1.4800000190734863,1.4800000190734863,6597,0.0,0.0
2022-11-30 15:30:00-05:00,1.4800000190734863,1.5,1.4800000190734863,1.4900000095367432,12335,0.0,0.0
2022-12-01 09:30:00-05:00,1.4993000030517578,1.4993000030517578,1.4700000286102295,1.4700000286102295,0,0.0,0.0
2022-12-01 10:30:00-05:00,1.4700000286102295,1.4900000095367432,1.4700000286102295,1.4900000095367432,3513,0.0,0.0
2022-12-01 11:30:00-05:00,1.4900000095367432,1.5,1.4711999893188477,1.475000023841858,4610,0.0,0.0
2022-12-01 12:30:00-05:00,1.4800000190734863,1.499899983406067,1.4800000190734863,1.4801000356674194,9089,0.0,0.0
2022-12-01 13:30:00-05:00,1.4800000190734863,1.4800000190734863,1.4700000286102295,1.4700000286102295,15218,0.0,0.0
2022-12-01 14:30:00-05:00,1.4700000286102295,1.5,1.4600000381469727,1.499899983406067,12472,0.0,0.0
2022-12-01 15:30:00-05:00,1.5,1.5,1.4900000095367432,1.5,9285,0.0,0.0
2022-12-02 09:30:00-05:00,1.4800000190734863,1.4800000190734863,1.4800000190734863,1.4800000190734863,0,0.0,0.0
2022-12-02 10:30:00-05:00,1.4917999505996704,1.5199999809265137,1.4900000095367432,1.50600004196167,7534,0.0,0.0
2022-12-02 11:30:00-05:00,1.5,1.5199999809265137,1.4800000190734863,1.4900000095367432,22940,0.0,0.0
2022-12-02 12:30:00-05:00,1.4850000143051147,1.5299999713897705,1.4808000326156616,1.5,41197,0.0,0.0
2022-12-02 13:30:00-05:00,1.5,1.5,1.4829000234603882,1.4900000095367432,3095,0.0,0.0
2022-12-02 14:30:00-05:00,1.4800000190734863,1.5,1.4800000190734863,1.4900000095367432,9401,0.0,0.0
2022-12-02 15:30:00-05:00,1.4809999465942383,1.5,1.4800000190734863,1.5,4547,0.0,0.0
2022-12-05 09:30:00-05:00,1.4700000286102295,1.4767999649047852,1.409999966621399,1.4500000476837158,27754,0.0,0.0
2022-12-05 10:30:00-05:00,1.4500000476837158,1.4500000476837158,1.399999976158142,1.399999976158142,22338,0.0,0.0
2022-12-05 11:30:00-05:00,1.409999966621399,1.4299999475479126,1.409999966621399,1.4199999570846558,4834,0.0,0.0
2022-12-05 12:30:00-05:00,1.4199999570846558,1.4199999570846558,1.399999976158142,1.399999976158142,20539,0.0,0.0
2022-12-05 13:30:00-05:00,1.409999966621399,1.409999966621399,1.399999976158142,1.399999976158142,13353,0.0,0.0
2022-12-05 14:30:00-05:00,1.4062999486923218,1.409999966621399,1.399999976158142,1.409999966621399,11340,0.0,0.0
2022-12-05 15:30:00-05:00,1.409999966621399,1.4199999570846558,1.399999976158142,1.399999976158142,17418,0.0,0.0
2022-12-06 09:30:00-05:00,1.4700000286102295,1.5,1.340000033378601,1.340000033378601,0,0.0,0.0
2022-12-06 10:30:00-05:00,1.340000033378601,1.4299999475479126,1.340000033378601,1.3949999809265137,23003,0.0,0.0
2022-12-06 11:30:00-05:00,1.3986999988555908,1.409999966621399,1.3899999856948853,1.3949999809265137,25991,0.0,0.0
2022-12-06 12:30:00-05:00,1.399999976158142,1.399999976158142,1.3200000524520874,1.320199966430664,38096,0.0,0.0
2022-12-06 13:30:00-05:00,1.320099949836731,1.3700000047683716,1.2999999523162842,1.3700000047683716,28445,0.0,0.0
2022-12-06 14:30:00-05:00,1.350000023841858,1.3899999856948853,1.340000033378601,1.3849999904632568,7129,0.0,0.0
2022-12-06 15:30:00-05:00,1.3899999856948853,1.399999976158142,1.3828999996185303,1.3899999856948853,24034,0.0,0.0
2022-12-07 09:30:00-05:00,1.309999942779541,1.3799999952316284,1.2956000566482544,1.3350000381469727,32193,0.0,0.0
2022-12-07 10:30:00-05:00,1.350000023841858,1.350000023841858,1.2999999523162842,1.340000033378601,26122,0.0,0.0
2022-12-07 11:30:00-05:00,1.3200000524520874,1.339900016784668,1.2999999523162842,1.3063000440597534,29630,0.0,0.0
2022-12-07 12:30:00-05:00,1.2999999523162842,1.309999942779541,1.2999999523162842,1.2999999523162842,8498,0.0,0.0
2022-12-07 13:30:00-05:00,1.2999999523162842,1.2999999523162842,1.2949999570846558,1.2984999418258667,5543,0.0,0.0
2022-12-07 14:30:00-05:00,1.2999999523162842,1.309999942779541,1.2899999618530273,1.2949999570846558,14890,0.0,0.0
2022-12-07 15:30:00-05:00,1.2899999618530273,1.309999942779541,1.2799999713897705,1.2899999618530273,23911,0.0,0.0
2022-12-08 09:30:00-05:00,1.3000999689102173,1.3394999504089355,1.2999999523162842,1.309999942779541,0,0.0,0.0
2022-12-08 10:30:00-05:00,1.340000033378601,1.340000033378601,1.3200000524520874,1.3209999799728394,6547,0.0,0.0
2022-12-08 11:30:00-05:00,1.3203999996185303,1.3300000429153442,1.2999999523162842,1.2999999523162842,13964,0.0,0.0
2022-12-08 12:30:00-05:00,1.3200000524520874,1.3200000524520874,1.2999999523162842,1.3049999475479126,2678,0.0,0.0
2022-12-08 13:30:00-05:00,1.309999942779541,1.309999942779541,1.3049999475479126,1.309999942779541,1659,0.0,0.0
2022-12-08 14:30:00-05:00,1.309999942779541,1.309999942779541,1.3049999475479126,1.309999942779541,4204,0.0,0.0
2022-12-08 15:30:00-05:00,1.3015999794006348,1.3200000524520874,1.3015999794006348,1.3200000524520874,5733,0.0,0.0
2022-12-09 09:30:00-05:00,1.2999999523162842,1.309999942779541,1.2999999523162842,1.3016999959945679,3790,0.0,0.0
2022-12-09 10:30:00-05:00,1.309999942779541,1.309999942779541,1.2999999523162842,1.3013999462127686,5632,0.0,0.0
2022-12-09 11:30:00-05:00,1.3009999990463257,1.3049999475479126,1.2999999523162842,1.2999999523162842,12052,0.0,0.0
2022-12-09 12:30:00-05:00,1.2999999523162842,1.2999999523162842,1.2799999713897705,1.2799999713897705,931,0.0,0.0
2022-12-09 13:30:00-05:00,1.2699999809265137,1.274999976158142,1.2699999809265137,1.2699999809265137,3603,0.0,0.0
2022-12-09 14:30:00-05:00,1.2799999713897705,1.2799999713897705,1.2699999809265137,1.274999976158142,3474,0.0,0.0
2022-12-09 15:30:00-05:00,1.274999976158142,1.2799999713897705,1.2699999809265137,1.2699999809265137,3788,0.0,0.0
2022-12-12 09:30:00-05:00,1.2645000219345093,1.2699999809265137,1.25,1.2649999856948853,8285,0.0,0.0
2022-12-12 10:30:00-05:00,1.2699999809265137,1.2799999713897705,1.25,1.25,14452,0.0,0.0
2022-12-12 11:30:00-05:00,1.2649999856948853,1.2799999713897705,1.26010000705719,1.26010000705719,2675,0.0,0.0
2022-12-12 12:30:00-05:00,1.2599999904632568,1.2799999713897705,1.2599999904632568,1.2699999809265137,317,0.0,0.0
2022-12-12 13:30:00-05:00,1.2799999713897705,1.2799999713897705,1.2699999809265137,1.2699999809265137,421,0.0,0.0
2022-12-12 14:30:00-05:00,1.2799999713897705,1.2799999713897705,1.2200000286102295,1.2699999809265137,55638,0.0,0.0
2022-12-12 15:30:00-05:00,1.2649999856948853,1.2799999713897705,1.25,1.2699999809265137,6344,0.0,0.0
2022-12-13 09:30:00-05:00,1.2899999618530273,1.2899999618530273,1.2699999809265137,1.2699999809265137,0,0.0,0.0
2022-12-13 10:30:00-05:00,1.2699999809265137,1.2799999713897705,1.2200000286102295,1.2400000095367432,4584,0.0,0.0
2022-12-13 11:30:00-05:00,1.2400000095367432,1.2441999912261963,1.2200000286102295,1.2200000286102295,8895,0.0,0.0
2022-12-13 12:30:00-05:00,1.2200000286102295,1.2300000190734863,1.159999966621399,1.1699999570846558,50742,0.0,0.0
2022-12-13 13:30:00-05:00,1.1779999732971191,1.190000057220459,1.159999966621399,1.1799999475479126,23675,0.0,0.0
2022-12-13 14:30:00-05:00,1.1699999570846558,1.1799999475479126,1.159999966621399,1.1699999570846558,10426,0.0,0.0
2022-12-13 15:30:00-05:00,1.1699999570846558,1.190000057220459,1.159999966621399,1.1899000406265259,12489,0.0,0.0
2022-12-14 09:30:00-05:00,1.2999999523162842,1.350000023841858,1.1799999475479126,1.2000999450683594,41451,0.0,0.0
2022-12-14 10:30:00-05:00,1.2300000190734863,1.3200000524520874,1.2100000381469727,1.2100000381469727,35249,0.0,0.0
2022-12-14 11:30:00-05:00,1.2400000095367432,1.25,1.2100000381469727,1.2100000381469727,8269,0.0,0.0
2022-12-14 12:30:00-05:00,1.2400000095367432,1.25,1.2300000190734863,1.2300000190734863,2396,0.0,0.0
2022-12-14 13:30:00-05:00,1.2400000095367432,1.25,1.2100000381469727,1.2100000381469727,11682,0.0,0.0
2022-12-14 14:30:00-05:00,1.2400000095367432,1.2400000095367432,1.2100000381469727,1.2100000381469727,16064,0.0,0.0
2022-12-14 15:30:00-05:00,1.2300000190734863,1.25,1.2300000190734863,1.25,7776,0.0,0.0
2022-12-15 09:30:00-05:00,1.2100000381469727,1.2598999738693237,1.2100000381469727,1.2450000047683716,11042,0.0,0.0
2022-12-15 10:30:00-05:00,1.2400000095367432,1.25,1.2100000381469727,1.215000033378601,25181,0.0,0.0
2022-12-15 11:30:00-05:00,1.2199000120162964,1.2300000190734863,1.2100000381469727,1.2297999858856201,13099,0.0,0.0
2022-12-15 12:30:00-05:00,1.2200000286102295,1.25,1.2200000286102295,1.2400000095367432,28357,0.0,0.0
2022-12-15 13:30:00-05:00,1.235200047492981,1.23989999294281,1.2300000190734863,1.2300000190734863,10480,0.0,0.0
2022-12-15 14:30:00-05:00,1.2350000143051147,1.2400000095367432,1.2300000190734863,1.2350000143051147,7687,0.0,0.0
2022-12-15 15:30:00-05:00,1.2350000143051147,1.2599999904632568,1.2300000190734863,1.2400000095367432,3746,0.0,0.0
2022-12-16 09:30:00-05:00,1.2100000381469727,1.2598999738693237,1.2100000381469727,1.2400000095367432,0,0.0,0.0
2022-12-16 10:30:00-05:00,1.2400000095367432,1.25,1.2300000190734863,1.2450000047683716,4617,0.0,0.0
2022-12-16 11:30:00-05:00,1.2450000047683716,1.2599999904632568,1.2100000381469727,1.2100000381469727,37263,0.0,0.0
2022-12-16 12:30:00-05:00,1.2100000381469727,1.2400000095367432,1.2100000381469727,1.2400000095367432,7414,0.0,0.0
2022-12-16 13:30:00-05:00,1.2300000190734863,1.2300000190734863,1.2100000381469727,1.2200000286102295,3312,0.0,0.0
2022-12-16 14:30:00-05:00,1.2100000381469727,1.2200000286102295,1.2100000381469727,1.2100000381469727,796,0.0,0.0
2022-12-16 15:30:00-05:00,1.2100000381469727,1.2300000190734863,1.2100000381469727,1.2200000286102295,1977,0.0,0.0
2022-12-19 09:30:00-05:00,1.2699999809265137,1.2699999809265137,1.1699999570846558,1.2300000190734863,0,0.0,0.0
2022-12-19 10:30:00-05:00,1.2200000286102295,1.2300000190734863,1.2100000381469727,1.2100000381469727,5905,0.0,0.0
2022-12-19 11:30:00-05:00,1.215000033378601,1.215000033378601,1.2000000476837158,1.2000000476837158,3997,0.0,0.0
2022-12-19 12:30:00-05:00,1.2000000476837158,1.2000000476837158,1.1399999856948853,1.149999976158142,17140,0.0,0.0
2022-12-19 13:30:00-05:00,1.1399999856948853,1.149899959564209,1.1200000047683716,1.1449999809265137,16369,0.0,0.0
2022-12-19 14:30:00-05:00,1.1449999809265137,1.2131999731063843,1.1399999856948853,1.159999966621399,25280,0.0,0.0
2022-12-19 15:30:00-05:00,1.159999966621399,1.1963000297546387,1.159999966621399,1.1963000297546387,2985,0.0,0.0
2022-12-20 09:30:00-05:00,1.2049000263214111,1.2049000263214111,1.149999976158142,1.1699999570846558,0,0.0,0.0
2022-12-20 10:30:00-05:00,1.1699999570846558,1.2000000476837158,1.1699999570846558,1.1799999475479126,4520,0.0,0.0
2022-12-20 11:30:00-05:00,1.1799999475479126,1.2000000476837158,1.1799999475479126,1.1950000524520874,3168,0.0,0.0
2022-12-20 12:30:00-05:00,1.190000057220459,1.2000000476837158,1.1799999475479126,1.2000000476837158,5392,0.0,0.0
2022-12-20 13:30:00-05:00,1.190000057220459,1.2199000120162964,1.190000057220459,1.2000000476837158,13153,0.0,0.0
2022-12-20 14:30:00-05:00,1.2000000476837158,1.2000000476837158,1.190000057220459,1.1950000524520874,3181,0.0,0.0
2022-12-20 15:30:00-05:00,1.1950000524520874,1.2000000476837158,1.190000057220459,1.1950000524520874,3482,0.0,0.0
2022-12-21 09:30:00-05:00,1.190000057220459,1.2050000429153442,1.159999966621399,1.1699999570846558,7494,0.0,0.0
2022-12-21 10:30:00-05:00,1.1699999570846558,1.1974999904632568,1.1699999570846558,1.190000057220459,7004,0.0,0.0
2022-12-21 11:30:00-05:00,1.190000057220459,1.2400000095367432,1.190000057220459,1.2100000381469727,52023,0.0,0.0
2022-12-21 12:30:00-05:00,1.2100000381469727,1.2300000190734863,1.2100000381469727,1.2100000381469727,18811,0.0,0.0
2022-12-21 13:30:00-05:00,1.2200000286102295,1.2300000190734863,1.2100000381469727,1.215000033378601,27778,0.0,0.0
2022-12-21 14:30:00-05:00,1.2200000286102295,1.2400000095367432,1.2000000476837158,1.2200000286102295,35646,0.0,0.0
2022-12-21 15:30:00-05:00,1.2200000286102295,1.2259999513626099,1.2000000476837158,1.2000000476837158,20247,0.0,0.0
2022-12-22 09:30:00-05:00,1.2000000476837158,1.3300000429153442,1.190000057220459,1.3200000524520874,30716,0.0,0.0
2022-12-22 10:30:00-05:00,1.3293999433517456,1.3293999433517456,1.309999942779541,1.309999942779541,9150,0.0,0.0
2022-12-22 11:30:00-05:00,1.3200000524520874,1.3799999952316284,1.3200000524520874,1.350000023841858,9143,0.0,0.0
2022-12-22 12:30:00-05:00,1.3650000095367432,1.3799999952316284,1.3600000143051147,1.3600000143051147,15372,0.0,0.0
2022-12-22 13:30:00-05:00,1.3600000143051147,1.3700000047683716,1.309999942779541,1.309999942779541,10924,0.0,0.0
2022-12-22 14:30:00-05:00,1.315000057220459,1.3274999856948853,1.2200000286102295,1.2699999809265137,18759,0.0,0.0
2022-12-22 15:30:00-05:00,1.2699999809265137,1.2899999618530273,1.2699999809265137,1.2899999618530273,12658,0.0,0.0
2022-12-23 09:30:00-05:00,1.2899999618530273,1.2899999618530273,1.25,1.25,0,0.0,0.0
2022-12-23 10:30:00-05:00,1.25,1.25,1.2400000095367432,1.2450000047683716,2076,0.0,0.0
2022-12-23 11:30:00-05:00,1.2599999904632568,1.2898999452590942,1.249500036239624,1.26010000705719,29006,0.0,0.0
2022-12-23 12:30:00-05:00,1.2899999618530273,1.2899999618530273,1.2898999452590942,1.2898999452590942,780,0.0,0.0
2022-12-23 13:30:00-05:00,1.3082000017166138,1.3157999515533447,1.3082000017166138,1.3100999593734741,1852,0.0,0.0
2022-12-23 14:30:00-05:00,1.3250000476837158,1.3899999856948853,1.3250000476837158,1.3600000143051147,7777,0.0,0.0
2022-12-23 15:30:00-05:00,1.356600046157837,1.3799999952316284,1.350000023841858,1.3799999952316284,8980,0.0,0.0
2022-12-27 09:30:00-05:00,1.340000033378601,1.3906999826431274,1.340000033378601,1.3600000143051147,6099,0.0,0.0
2022-12-27 10:30:00-05:00,1.3700000047683716,1.3700000047683716,1.340000033378601,1.340000033378601,3560,0.0,0.0
2022-12-27 11:30:00-05:00,1.3200000524520874,1.3209999799728394,1.2799999713897705,1.2799999713897705,8700,0.0,0.0
2022-12-27 12:30:00-05:00,1.2799999713897705,1.2999999523162842,1.2699999809265137,1.274999976158142,5507,0.0,0.0
2022-12-27 13:30:00-05:00,1.2699999809265137,1.2899999618530273,1.2699999809265137,1.2899999618530273,2912,0.0,0.0
2022-12-27 14:30:00-05:00,1.2799999713897705,1.2999999523162842,1.2799999713897705,1.2799999713897705,5001,0.0,0.0
2022-12-27 15:30:00-05:00,1.2799999713897705,1.281499981880188,1.2599999904632568,1.2699999809265137,13197,0.0,0.0
2022-12-28 09:30:00-05:00,1.2799999713897705,1.3300000429153442,1.25,1.25,0,0.0,0.0
2022-12-28 10:30:00-05:00,1.2799999713897705,1.2899999618530273,1.26010000705719,1.26010000705719,2800,0.0,0.0
2022-12-28 11:30:00-05:00,1.2699999809265137,1.2799999713897705,1.2201000452041626,1.2400000095367432,28384,0.0,0.0
2022-12-28 12:30:00-05:00,1.2401000261306763,1.2549999952316284,1.2401000261306763,1.2549999952316284,361,0.0,0.0
2022-12-28 13:30:00-05:00,1.2522000074386597,1.2599999904632568,1.2450000047683716,1.2450000047683716,4300,0.0,0.0
2022-12-28 14:30:00-05:00,1.2599999904632568,1.2599999904632568,1.2300000190734863,1.2300000190734863,4595,0.0,0.0
2022-12-28 15:30:00-05:00,1.2214000225067139,1.2300000190734863,1.2200000286102295,1.2200000286102295,1507,0.0,0.0
2022-12-29 09:30:00-05:00,1.2100000381469727,1.2400000095367432,1.2100000381469727,1.2400000095367432,0,0.0,0.0
2022-12-29 10:30:00-05:00,1.25,1.2599999904632568,1.2400000095367432,1.2400000095367432,8310,0.0,0.0
2022-12-29 11:30:00-05:00,1.2599999904632568,1.2699999809265137,1.2400000095367432,1.2400000095367432,12780,0.0,0.0
2022-12-29 12:30:00-05:00,1.2400000095367432,1.2450000047683716,1.2200000286102295,1.2200000286102295,6669,0.0,0.0
2022-12-29 13:30:00-05:00,1.2200000286102295,1.25,1.2200000286102295,1.2200000286102295,805,0.0,0.0
2022-12-29 14:30:00-05:00,1.228700041770935,1.2300000190734863,1.2100000381469727,1.2200000286102295,5699,0.0,0.0
2022-12-29 15:30:00-05:00,1.2300000190734863,1.25,1.2300000190734863,1.2400000095367432,1177,0.0,0.0
2022-12-30 09:30:00-05:00,1.2100000381469727,1.2599999904632568,1.2100000381469727,1.2302000522613525,0,0.0,0.0
2022-12-30 10:30:00-05:00,1.25,1.25,1.24399995803833,1.25,786,0.0,0.0
2022-12-30 11:30:00-05:00,1.2490999698638916,1.2490999698638916,1.2100000381469727,1.2100000381469727,14022,0.0,0.0
2022-12-30 12:30:00-05:00,1.215000033378601,1.2200000286102295,1.2100000381469727,1.2200000286102295,15808,0.0,0.0
2022-12-30 13:30:00-05:00,1.2200000286102295,1.2200000286102295,1.1799999475479126,1.190000057220459,18267,0.0,0.0
2022-12-30 14:30:00-05:00,1.1950000524520874,1.2000000476837158,1.1848000288009644,1.1848000288009644,7921,0.0,0.0
2022-12-30 15:30:00-05:00,1.2000000476837158,1.2599999904632568,1.2000000476837158,1.2369999885559082,17464,0.0,0.0
2023-01-03 09:30:00-05:00,1.2300000190734863,1.3200000524520874,1.2300000190734863,1.3200000524520874,14097,0.0,0.0
2023-01-03 10:30:00-05:00,1.3200000524520874,1.3600000143051147,1.3200000524520874,1.340000033378601,3600,0.0,0.0
2023-01-03 11:30:00-05:00,1.3553999662399292,1.3600000143051147,1.3382999897003174,1.3600000143051147,1996,0.0,0.0
2023-01-03 12:30:00-05:00,1.3700000047683716,1.3700000047683716,1.3547999858856201,1.3700000047683716,1135,0.0,0.0
2023-01-03 13:30:00-05:00,1.3600000143051147,1.3799999952316284,1.3550000190734863,1.3586000204086304,4565,0.0,0.0
2023-01-03 14:30:00-05:00,1.3600000143051147,1.3799999952316284,1.3600000143051147,1.3799999952316284,718,0.0,0.0
2023-01-03 15:30:00-05:00,1.3550000190734863,1.3799999952316284,1.3450000286102295,1.3799999952316284,1094,0.0,0.0
2023-01-04 09:30:00-05:00,1.409999966621399,1.409999966621399,1.3762999773025513,1.3762999773025513,0,0.0,0.0
2023-01-04 10:30:00-05:00,1.399999976158142,1.399999976158142,1.399999976158142,1.399999976158142,330,0.0,0.0
2023-01-04 11:30:00-05:00,1.399999976158142,1.399999976158142,1.3849999904632568,1.3849999904632568,3190,0.0,0.0
2023-01-04 12:30:00-05:00,1.399999976158142,1.399999976158142,1.3899999856948853,1.3899999856948853,428,0.0,0.0
2023-01-04 13:30:00-05:00,1.3899999856948853,1.3899999856948853,1.3799999952316284,1.3899999856948853,1786,0.0,0.0
2023-01-04 14:30:00-05:00,1.3799999952316284,1.3799999952316284,1.3799999952316284,1.3799999952316284,546,0.0,0.0
2023-01-04 15:30:00-05:00,1.3700000047683716,1.3700000047683716,1.3700000047683716,1.3700000047683716,216,0.0,0.0
2023-01-05 09:30:00-05:00,1.409999966621399,1.409999966621399,1.3600000143051147,1.3600000143051147,0,0.0,0.0
2023-01-05 10:30:00-05:00,1.315500020980835,1.3350000381469727,1.3100999593734741,1.3350000381469727,10087,0.0,0.0
2023-01-05 11:30:00-05:00,1.3384000062942505,1.340000033378601,1.3384000062942505,1.340000033378601,645,0.0,0.0
2023-01-05 12:30:00-05:00,1.3300000429153442,1.3300000429153442,1.3300000429153442,1.3300000429153442,1052,0.0,0.0
2023-01-05 13:30:00-05:00,1.340000033378601,1.340000033378601,1.340000033378601,1.340000033378601,105,0.0,0.0
2023-01-05 14:30:00-05:00,1.3350000381469727,1.3350000381469727,1.3300000429153442,1.3300000429153442,280,0.0,0.0
2023-01-05 15:30:00-05:00,1.3300000429153442,1.340000033378601,1.3200000524520874,1.3200000524520874,0,0.0,0.0
2023-01-06 10:30:00-05:00,1.3798999786376953,1.3798999786376953,1.3798999786376953,1.3798999786376953,855,0.0,0.0
2023-01-06 11:30:00-05:00,1.3799999952316284,1.3799999952316284,1.3799999952316284,1.3799999952316284,204,0.0,0.0
2023-01-06 12:30:00-05:00,1.3849999904632568,1.399899959564209,1.3849999904632568,1.399899959564209,2286,0.0,0.0
2023-01-06 13:30:00-05:00,1.3799999952316284,1.3799999952316284,1.3799999952316284,1.3799999952316284,520,0.0,0.0
2023-01-06 14:30:00-05:00,1.3899999856948853,1.3899999856948853,1.3899999856948853,1.3899999856948853,840,0.0,0.0
2023-01-06 15:30:00-05:00,1.399999976158142,1.440000057220459,1.399899959564209,1.440000057220459,3662,0.0,0.0
2023-01-09 09:30:00-05:00,1.4199999570846558,1.5,1.4199999570846558,1.4700000286102295,6137,0.0,0.0
2023-01-09 10:30:00-05:00,1.4600000381469727,1.4639999866485596,1.3775999546051025,1.3802000284194946,12597,0.0,0.0
2023-01-09 12:30:00-05:00,1.3799999952316284,1.3799999952316284,1.3799999952316284,1.3799999952316284,269,0.0,0.0
2023-01-09 13:30:00-05:00,1.3812999725341797,1.3899999856948853,1.3812999725341797,1.3899999856948853,431,0.0,0.0
2023-01-09 14:30:00-05:00,1.3799999952316284,1.3899999856948853,1.3799999952316284,1.3899999856948853,1332,0.0,0.0
2023-01-09 15:30:00-05:00,1.3799999952316284,1.399999976158142,1.3600000143051147,1.399999976158142,3532,0.0,0.0
2023-01-10 09:30:00-05:00,1.3600000143051147,1.3799999952316284,1.3600000143051147,1.3798999786376953,0,0.0,0.0
2023-01-10 10:30:00-05:00,1.4450000524520874,1.4700000286102295,1.4112999439239502,1.4700000286102295,5469,0.0,0.0
2023-01-10 11:30:00-05:00,1.4800000190734863,1.4800000190734863,1.4500000476837158,1.4500999450683594,4940,0.0,0.0
2023-01-10 12:30:00-05:00,1.4700000286102295,1.4700000286102295,1.4500000476837158,1.4600000381469727,383,0.0,0.0
2023-01-10 13:30:00-05:00,1.4600000381469727,1.4600000381469727,1.4500999450683594,1.4500999450683594,200,0.0,0.0
2023-01-10 14:30:00-05:00,1.4500000476837158,1.4500000476837158,1.4500000476837158,1.4500000476837158,400,0.0,0.0
2023-01-10 15:30:00-05:00,1.4500000476837158,1.4800000190734863,1.443600058555603,1.4800000190734863,14002,0.0,0.0
2023-01-11 10:30:00-05:00,1.4773000478744507,1.4773000478744507,1.4773000478744507,1.4773000478744507,15,0.0,0.0
2023-01-11 11:30:00-05:00,1.4776999950408936,1.4776999950408936,1.4600000381469727,1.4606000185012817,1895,0.0,0.0
2023-01-11 13:30:00-05:00,1.4601000547409058,1.4700000286102295,1.4600000381469727,1.4600000381469727,6951,0.0,0.0
2023-01-11 14:30:00-05:00,1.4600000381469727,1.4600000381469727,1.4600000381469727,1.4600000381469727,1248,0.0,0.0
2023-01-11 15:30:00-05:00,1.4500000476837158,1.4500000476837158,1.440000057220459,1.440000057220459,702,0.0,0.0
2023-01-12 09:30:00-05:00,1.4256000518798828,1.4256000518798828,1.4256000518798828,1.4256000518798828,1130,0.0,0.0
2023-01-12 10:30:00-05:00,1.465999960899353,1.465999960899353,1.465999960899353,1.465999960899353,522,0.0,0.0
2023-01-12 11:30:00-05:00,1.4199999570846558,1.440000057220459,1.4199999570846558,1.440000057220459,514,0.0,0.0
2023-01-12 12:30:00-05:00,1.4500000476837158,1.4500000476837158,1.4500000476837158,1.4500000476837158,311,0.0,0.0
2023-01-12 13:30:00-05:00,1.4600000381469727,1.4600000381469727,1.4600000381469727,1.4600000381469727,506,0.0,0.0
2023-01-12 14:30:00-05:00,1.479200005531311,1.479200005531311,1.475000023841858,1.475000023841858,400,0.0,0.0
2023-01-12 15:30:00-05:00,1.475000023841858,1.5,1.475000023841858,1.4800000190734863,8140,0.0,0.0
2023-01-13 09:30:00-05:00,1.5200999975204468,1.5599000453948975,1.5199999809265137,1.5399999618530273,0,0.0,0.0
2023-01-13 10:30:00-05:00,1.5509999990463257,1.559999942779541,1.5499999523162842,1.5499999523162842,1319,0.0,0.0
2023-01-13 11:30:00-05:00,1.5549999475479126,1.559999942779541,1.5549999475479126,1.559999942779541,365,0.0,0.0
2023-01-13 12:30:00-05:00,1.559999942779541,1.6398999691009521,1.5499999523162842,1.6200000047683716,18192,0.0,0.0
2023-01-13 13:30:00-05:00,1.6200000047683716,1.6299999952316284,1.6169999837875366,1.6299999952316284,6981,0.0,0.0
2023-01-13 14:30:00-05:00,1.6299999952316284,1.6299999952316284,1.6200000047683716,1.6207000017166138,3656,0.0,0.0
2023-01-13 15:30:00-05:00,1.6299999952316284,1.6299999952316284,1.6200000047683716,1.6299999952316284,1373,0.0,0.0
2023-01-17 09:30:00-05:00,1.6100000143051147,1.649999976158142,1.6100000143051147,1.6399999856948853,13361,0.0,0.0
2023-01-17 10:30:00-05:00,1.6299999952316284,1.6299999952316284,1.6200000047683716,1.625,1793,0.0,0.0
2023-01-17 11:30:00-05:00,1.6299999952316284,1.6299999952316284,1.6100000143051147,1.6200000047683716,3450,0.0,0.0
2023-01-17 14:30:00-05:00,1.6198999881744385,1.6198999881744385,1.5774999856948853,1.5800000429153442,7627,0.0,0.0
2023-01-17 15:30:00-05:00,1.590000033378601,1.600000023841858,1.590000033378601,1.600000023841858,482,0.0,0.0
2023-01-18 09:30:00-05:00,1.6100000143051147,1.6100000143051147,1.5800000429153442,1.5800000429153442,0,0.0,0.0
2023-01-18 11:30:00-05:00,1.5700000524520874,1.5700000524520874,1.5499999523162842,1.5500999689102173,6480,0.0,0.0
2023-01-18 12:30:00-05:00,1.5499999523162842,1.5499999523162842,1.5378999710083008,1.5378999710083008,4628,0.0,0.0
2023-01-18 13:30:00-05:00,1.5299999713897705,1.5299999713897705,1.4900000095367432,1.4900000095367432,5783,0.0,0.0
2023-01-18 14:30:00-05:00,1.4700000286102295,1.4900000095367432,1.4700000286102295,1.4850000143051147,3098,0.0,0.0
2023-01-18 15:30:00-05:00,1.4800000190734863,1.4900000095367432,1.4800000190734863,1.4800000190734863,7007,0.0,0.0
2023-01-19 09:30:00-05:00,1.5,1.6398999691009521,1.5,1.5700000524520874,1130,0.0,0.0
2023-01-19 12:30:00-05:00,1.4900000095367432,1.5,1.475000023841858,1.5,2302,0.0,0.0
2023-01-19 13:30:00-05:00,1.5,1.5,1.5,1.5,441,0.0,0.0
2023-01-19 14:30:00-05:00,1.4950000047683716,1.499899983406067,1.4700000286102295,1.4900000095367432,9540,0.0,0.0
2023-01-19 15:30:00-05:00,1.4850000143051147,1.5,1.4700000286102295,1.4800000190734863,22113,0.0,0.0
2023-01-20 09:30:00-05:00,1.5599000453948975,1.5599000453948975,1.5149999856948853,1.5149999856948853,0,0.0,0.0
2023-01-20 10:30:00-05:00,1.5,1.5099999904632568,1.5,1.5099999904632568,3506,0.0,0.0
2023-01-20 11:30:00-05:00,1.499899983406067,1.499899983406067,1.4800000190734863,1.4850000143051147,468,0.0,0.0
2023-01-20 12:30:00-05:00,1.4800000190734863,1.5,1.4800000190734863,1.4800000190734863,5434,0.0,0.0
2023-01-20 13:30:00-05:00,1.5,1.5,1.5,1.5,1085,0.0,0.0
2023-01-20 14:30:00-05:00,1.5198999643325806,1.5262999534606934,1.5149999856948853,1.5262999534606934,5794,0.0,0.0
2023-01-20 15:30:00-05:00,1.5499999523162842,1.5499999523162842,1.5499999523162842,1.5499999523162842,176,0.0,0.0
2023-01-23 09:30:00-05:00,1.5499999523162842,1.5499999523162842,1.5110000371932983,1.5151000022888184,0,0.0,0.0
2023-01-23 10:30:00-05:00,1.5149999856948853,1.544700026512146,1.5099999904632568,1.544700026512146,25897,0.0,0.0
2023-01-23 11:30:00-05:00,1.5499999523162842,1.6100000143051147,1.5498000383377075,1.6100000143051147,2591,0.0,0.0
2023-01-23 12:30:00-05:00,1.6086000204086304,1.6100000143051147,1.5950000286102295,1.6100000143051147,16118,0.0,0.0
2023-01-23 13:30:00-05:00,1.6100000143051147,1.6100000143051147,1.6035000085830688,1.6035000085830688,441,0.0,0.0
2023-01-23 14:30:00-05:00,1.601199984550476,1.6050000190734863,1.600000023841858,1.600000023841858,3163,0.0,0.0
2023-01-23 15:30:00-05:00,1.6097999811172485,1.6399999856948853,1.6097999811172485,1.6299999952316284,0,0.0,0.0
2023-01-24 09:30:00-05:00,1.7200000286102295,1.75,1.6502000093460083,1.6649999618530273,18166,0.0,0.0
2023-01-24 10:30:00-05:00,1.659999966621399,1.6698999404907227,1.659999966621399,1.659999966621399,1633,0.0,0.0
2023-01-24 11:30:00-05:00,1.6649999618530273,1.6799999475479126,1.6649999618530273,1.6799999475479126,3778,0.0,0.0
2023-01-24 12:30:00-05:00,1.6799999475479126,1.6979999542236328,1.6799999475479126,1.690000057220459,1115,0.0,0.0
2023-01-24 13:30:00-05:00,1.68149995803833,1.68149995803833,1.68149995803833,1.68149995803833,1567,0.0,0.0
2023-01-24 14:30:00-05:00,1.6965999603271484,1.7000000476837158,1.6503000259399414,1.6503000259399414,4953,0.0,0.0
2023-01-24 15:30:00-05:00,1.690000057220459,1.7000000476837158,1.6799999475479126,1.6999000310897827,3450,0.0,0.0
2023-01-25 09:30:00-05:00,1.659999966621399,1.7199000120162964,1.659999966621399,1.7199000120162964,0,0.0,0.0
2023-01-25 10:30:00-05:00,1.7100000381469727,1.7100000381469727,1.7100000381469727,1.7100000381469727,119,0.0,0.0
2023-01-25 12:30:00-05:00,1.6748000383377075,1.6748000383377075,1.6748000383377075,1.6748000383377075,212,0.0,0.0
2023-01-25 14:30:00-05:00,1.6799999475479126,1.6799999475479126,1.6799999475479126,1.6799999475479126,217,0.0,0.0
2023-01-25 15:30:00-05:00,1.6953999996185303,1.7000000476837158,1.684999942779541,1.690000057220459,1489,0.0,0.0
2023-01-26 09:30:00-05:00,1.6799999475479126,1.73989999294281,1.6500999927520752,1.7000999450683594,7928,0.0,0.0
2023-01-26 10:30:00-05:00,1.7007999420166016,1.7007999420166016,1.7007999420166016,1.7007999420166016,247,0.0,0.0
2023-01-26 11:30:00-05:00,1.7093000411987305,1.7093000411987305,1.7093000411987305,1.7093000411987305,786,0.0,0.0
2023-01-26 12:30:00-05:00,1.7100000381469727,1.711400032043457,1.7100000381469727,1.711400032043457,810,0.0,0.0
2023-01-26 13:30:00-05:00,1.7100000381469727,1.7100000381469727,1.7100000381469727,1.7100000381469727,100,0.0,0.0
2023-01-26 14:30:00-05:00,1.7186000347137451,1.7200000286102295,1.7186000347137451,1.7199000120162964,1207,0.0,0.0
2023-01-26 15:30:00-05:00,1.7200000286102295,1.7300000190734863,1.7200000286102295,1.7300000190734863,1124,0.0,0.0
2023-01-27 09:30:00-05:00,1.7100000381469727,1.7100000381469727,1.7000999450683594,1.7000999450683594,2488,0.0,0.0
2023-01-27 10:30:00-05:00,1.725000023841858,1.725000023841858,1.7100000381469727,1.7100000381469727,9211,0.0,0.0
2023-01-27 11:30:00-05:00,1.726199984550476,1.729099988937378,1.7200000286102295,1.725000023841858,4193,0.0,0.0
2023-01-27 12:30:00-05:00,1.7300000190734863,1.7350000143051147,1.7300000190734863,1.7350000143051147,889,0.0,0.0
2023-01-27 13:30:00-05:00,1.7400000095367432,1.7400000095367432,1.7301000356674194,1.7301000356674194,3141,0.0,0.0
2023-01-27 14:30:00-05:00,1.749899983406067,1.749899983406067,1.732200026512146,1.7450000047683716,3990,0.0,0.0
2023-01-27 15:30:00-05:00,1.7473000288009644,1.75,1.7401000261306763,1.75,7679,0.0,0.0
2023-01-30 09:30:00-05:00,1.7699999809265137,1.7699999809265137,1.7599999904632568,1.7619999647140503,4708,0.0,0.0
2023-01-30 10:30:00-05:00,1.756600022315979,1.7699999809265137,1.756600022315979,1.7699999809265137,612,0.0,0.0
2023-01-30 11:30:00-05:00,1.7502000331878662,1.7502000331878662,1.7502000331878662,1.7502000331878662,1576,0.0,0.0
2023-01-30 12:30:00-05:00,1.753499984741211,1.753499984741211,1.753499984741211,1.753499984741211,214,0.0,0.0
2023-01-30 13:30:00-05:00,1.75,1.7549999952316284,1.7400000095367432,1.7549999952316284,3996,0.0,0.0
2023-01-30 14:30:00-05:00,1.7549999952316284,1.7699999809265137,1.7549999952316284,1.7649999856948853,3314,0.0,0.0
2023-01-30 15:30:00-05:00,1.7699999809265137,1.7699999809265137,1.76010000705719,1.7699999809265137,3084,0.0,0.0
2023-01-31 09:30:00-05:00,1.7699999809265137,1.7999999523162842,1.7699999809265137,1.7949999570846558,11029,0.0,0.0
2023-01-31 10:30:00-05:00,1.7999999523162842,1.8600000143051147,1.7999999523162842,1.8600000143051147,9698,0.0,0.0
2023-01-31 11:30:00-05:00,1.8040000200271606,1.8459999561309814,1.8040000200271606,1.830199956893921,1610,0.0,0.0
2023-01-31 12:30:00-05:00,1.8250000476837158,1.850000023841858,1.8250000476837158,1.850000023841858,6202,0.0,0.0
2023-01-31 13:30:00-05:00,1.84089994430542,1.84089994430542,1.84089994430542,1.84089994430542,335,0.0,0.0
2023-01-31 14:30:00-05:00,1.840000033378601,1.8450000286102295,1.840000033378601,1.840000033378601,1245,0.0,0.0
2023-01-31 15:30:00-05:00,1.7999999523162842,1.7999999523162842,1.7699999809265137,1.7699999809265137,973,0.0,0.0
2023-02-01 09:30:00-05:00,1.7999999523162842,1.7999999523162842,1.7799999713897705,1.7799999713897705,2500,0.0,0.0
2023-02-01 10:30:00-05:00,1.7899999618530273,1.7999999523162842,1.7899999618530273,1.7999999523162842,1373,0.0,0.0
2023-02-01 11:30:00-05:00,1.7999999523162842,1.7999999523162842,1.7899999618530273,1.7999999523162842,10704,0.0,0.0
2023-02-01 12:30:00-05:00,1.7999999523162842,1.7999999523162842,1.7999999523162842,1.7999999523162842,350,0.0,0.0
2023-02-01 13:30:00-05:00,1.7949999570846558,1.8799999952316284,1.7949999570846558,1.8799999952316284,7705,0.0,0.0
2023-02-01 14:30:00-05:00,1.8799999952316284,1.8799999952316284,1.8796000480651855,1.8796000480651855,797,0.0,0.0
2023-02-01 15:30:00-05:00,1.861899971961975,1.861899971961975,1.8200000524520874,1.8200000524520874,1084,0.0,0.0
2023-02-02 09:30:00-05:00,1.8300000429153442,1.850000023841858,1.8200000524520874,1.850000023841858,0,0.0,0.0
2023-02-02 10:30:00-05:00,1.850000023841858,1.850000023841858,1.850000023841858,1.850000023841858,852,0.0,0.0
2023-02-02 11:30:00-05:00,1.840000033378601,1.850000023841858,1.8330999612808228,1.8330999612808228,1820,0.0,0.0
2023-02-02 12:30:00-05:00,1.850000023841858,1.850000023841858,1.8200000524520874,1.84660005569458,3530,0.0,0.0
2023-02-02 13:30:00-05:00,1.8350000381469727,1.8473000526428223,1.8350000381469727,1.8473000526428223,694,0.0,0.0
2023-02-02 14:30:00-05:00,1.8483999967575073,1.850000023841858,1.8410999774932861,1.850000023841858,1512,0.0,0.0
2023-02-02 15:30:00-05:00,1.8450000286102295,1.8450000286102295,1.840000033378601,1.840000033378601,796,0.0,0.0
2023-02-03 09:30:00-05:00,1.8450000286102295,1.850000023841858,1.8450000286102295,1.850000023841858,0,0.0,0.0
2023-02-03 10:30:00-05:00,1.8598999977111816,1.875,1.8550000190734863,1.875,1669,0.0,0.0
2023-02-03 11:30:00-05:00,1.8981000185012817,1.899999976158142,1.8977999687194824,1.899999976158142,3720,0.0,0.0
2023-02-03 12:30:00-05:00,1.9198999404907227,1.9198999404907227,1.9198999404907227,1.9198999404907227,363,0.0,0.0
2023-02-03 13:30:00-05:00,1.909999966621399,1.909999966621399,1.8300000429153442,1.850000023841858,12826,0.0,0.0
2023-02-03 14:30:00-05:00,1.840000033378601,1.840000033378601,1.815000057220459,1.8250000476837158,9134,0.0,0.0
2023-02-03 15:30:00-05:00,1.8250000476837158,1.8300000429153442,1.7799999713897705,1.7899999618530273,16348,0.0,0.0
2023-02-06 09:30:00-05:00,1.840000033378601,1.840000033378601,1.791599988937378,1.791599988937378,0,0.0,0.0
2023-02-06 10:30:00-05:00,1.7899999618530273,1.7899999618530273,1.7699999809265137,1.7699999809265137,5393,0.0,0.0
2023-02-06 11:30:00-05:00,1.7699999809265137,1.7753000259399414,1.7699999809265137,1.7721999883651733,1124,0.0,0.0
2023-02-06 12:30:00-05:00,1.7599999904632568,1.7599999904632568,1.75,1.75,1713,0.0,0.0
2023-02-06 13:30:00-05:00,1.7400000095367432,1.7401000261306763,1.7100000381469727,1.7350000143051147,11046,0.0,0.0
2023-02-06 14:30:00-05:00,1.7300000190734863,1.7342000007629395,1.7208000421524048,1.7208000421524048,916,0.0,0.0
2023-02-06 15:30:00-05:00,1.725000023841858,1.725000023841858,1.7200000286102295,1.7200000286102295,1481,0.0,0.0
2023-02-07 09:30:00-05:00,1.7065000534057617,1.7100000381469727,1.649999976158142,1.649999976158142,0,0.0,0.0
2023-02-07 10:30:00-05:00,1.719099998474121,1.719099998474121,1.656000018119812,1.656000018119812,1654,0.0,0.0
2023-02-07 11:30:00-05:00,1.649999976158142,1.6686999797821045,1.649999976158142,1.6514999866485596,3384,0.0,0.0
2023-02-07 12:30:00-05:00,1.649999976158142,1.649999976158142,1.6299999952316284,1.6299999952316284,1716,0.0,0.0
2023-02-07 13:30:00-05:00,1.6299999952316284,1.6299999952316284,1.5499999523162842,1.5896999835968018,10118,0.0,0.0
2023-02-07 14:30:00-05:00,1.5700000524520874,1.5799000263214111,1.5299999713897705,1.5399999618530273,6746,0.0,0.0
2023-02-07 15:30:00-05:00,1.5399999618530273,1.5765999555587769,1.4900000095367432,1.4900000095367432,22530,0.0,0.0
2023-02-08 09:30:00-05:00,1.5099999904632568,1.5099999904632568,1.4700000286102295,1.5,5036,0.0,0.0
2023-02-08 10:30:00-05:00,1.5299999713897705,1.5334999561309814,1.5099999904632568,1.5334999561309814,1438,0.0,0.0
2023-02-08 11:30:00-05:00,1.5499999523162842,1.5499999523162842,1.5399999618530273,1.5499999523162842,925,0.0,0.0
2023-02-08 12:30:00-05:00,1.5499999523162842,1.5499999523162842,1.5499999523162842,1.5499999523162842,600,0.0,0.0
2023-02-08 13:30:00-05:00,1.5499999523162842,1.5499999523162842,1.5449999570846558,1.5449999570846558,613,0.0,0.0
2023-02-08 14:30:00-05:00,1.5449999570846558,1.5449999570846558,1.5449999570846558,1.5449999570846558,111,0.0,0.0
2023-02-08 15:30:00-05:00,1.5399999618530273,1.5399999618530273,1.5399999618530273,1.5399999618530273,0,0.0,0.0
2023-02-09 09:30:00-05:00,1.5999000072479248,1.5999000072479248,1.555899977684021,1.555899977684021,1191,0.0,0.0
2023-02-09 10:30:00-05:00,1.559999942779541,1.5800000429153442,1.559999942779541,1.5800000429153442,3650,0.0,0.0
2023-02-09 11:30:00-05:00,1.590000033378601,1.600000023841858,1.5800000429153442,1.5952999591827393,1079,0.0,0.0
2023-02-09 12:30:00-05:00,1.5896999835968018,1.5896999835968018,1.5800000429153442,1.5800000429153442,661,0.0,0.0
2023-02-09 13:30:00-05:00,1.5700000524520874,1.5800000429153442,1.5700000524520874,1.5800000429153442,1079,0.0,0.0
2023-02-09 14:30:00-05:00,1.559999942779541,1.559999942779541,1.559999942779541,1.559999942779541,221,0.0,0.0
2023-02-09 15:30:00-05:00,1.559999942779541,1.559999942779541,1.5399999618530273,1.5399999618530273,0,0.0,0.0
2023-02-10 09:30:00-05:00,1.5549999475479126,1.5549999475479126,1.5399999618530273,1.5399999618530273,2645,0.0,0.0
2023-02-10 10:30:00-05:00,1.5499000549316406,1.5499999523162842,1.5494999885559082,1.5499999523162842,1325,0.0,0.0
2023-02-10 13:30:00-05:00,1.5499000549316406,1.5499000549316406,1.5499000549316406,1.5499000549316406,0,0.0,0.0
2023-02-10 15:30:00-05:00,1.559999942779541,1.5999000072479248,1.559999942779541,1.5800000429153442,23931,0.0,0.0
2023-02-13 09:30:00-05:00,1.5499999523162842,1.5499999523162842,1.513700008392334,1.513700008392334,1425,0.0,0.0
2023-02-13 10:30:00-05:00,1.5999000072479248,1.600000023841858,1.5901000499725342,1.5901000499725342,2378,0.0,0.0
2023-02-13 11:30:00-05:00,1.590000033378601,1.590000033378601,1.590000033378601,1.590000033378601,100,0.0,0.0
2023-02-13 12:30:00-05:00,1.5901000499725342,1.6100000143051147,1.5901000499725342,1.6100000143051147,4195,0.0,0.0
2023-02-13 13:30:00-05:00,1.590000033378601,1.590000033378601,1.5800000429153442,1.5800000429153442,600,0.0,0.0
2023-02-13 14:30:00-05:00,1.5800000429153442,1.5800000429153442,1.5800000429153442,1.5800000429153442,531,0.0,0.0
2023-02-13 15:30:00-05:00,1.5549999475479126,1.5549999475479126,1.5299999713897705,1.5499999523162842,1941,0.0,0.0
2023-02-14 09:30:00-05:00,1.5786999464035034,1.5786999464035034,1.5117000341415405,1.5117000341415405,0,0.0,0.0
2023-02-14 10:30:00-05:00,1.5099999904632568,1.5099999904632568,1.5,1.5,1006,0.0,0.0
2023-02-14 11:30:00-05:00,1.4900000095367432,1.5099999904632568,1.4869999885559082,1.4869999885559082,1870,0.0,0.0
2023-02-14 13:30:00-05:00,1.5199999809265137,1.534999966621399,1.5199999809265137,1.534999966621399,549,0.0,0.0
2023-02-14 14:30:00-05:00,1.5499999523162842,1.5800000429153442,1.5300999879837036,1.5413999557495117,26285,0.0,0.0
2023-02-14 15:30:00-05:00,1.5299999713897705,1.5399999618530273,1.5299999713897705,1.5299999713897705,1166,0.0,0.0
2023-02-15 09:30:00-05:00,1.51010000705719,1.5499999523162842,1.51010000705719,1.5499999523162842,0,0.0,0.0
2023-02-15 10:30:00-05:00,1.5499999523162842,1.590000033378601,1.5499000549316406,1.590000033378601,8054,0.0,0.0
2023-02-15 11:30:00-05:00,1.6098999977111816,1.6098999977111816,1.6098999977111816,1.6098999977111816,411,0.0,0.0
2023-02-15 12:30:00-05:00,1.5947999954223633,1.600000023841858,1.590000033378601,1.590000033378601,3707,0.0,0.0
2023-02-15 14:30:00-05:00,1.5937999486923218,1.5999000072479248,1.589900016784668,1.589900016784668,1171,0.0,0.0
2023-02-15 15:30:00-05:00,1.5700000524520874,1.5700000524520874,1.5700000524520874,1.5700000524520874,541,0.0,0.0
2023-02-16 09:30:00-05:00,1.600000023841858,1.600000023841858,1.5820000171661377,1.5820000171661377,0,0.0,0.0
2023-02-16 10:30:00-05:00,1.5800000429153442,1.590000033378601,1.5800000429153442,1.590000033378601,1450,0.0,0.0
2023-02-16 11:30:00-05:00,1.6096999645233154,1.6096999645233154,1.6096999645233154,1.6096999645233154,184,0.0,0.0
2023-02-16 12:30:00-05:00,1.590000033378601,1.590000033378601,1.590000033378601,1.590000033378601,198,0.0,0.0
2023-02-16 14:30:00-05:00,1.590000033378601,1.600000023841858,1.590000033378601,1.600000023841858,1285,0.0,0.0
2023-02-16 15:30:00-05:00,1.5815999507904053,1.590000033378601,1.5800000429153442,1.590000033378601,1675,0.0,0.0
2023-02-17 09:30:00-05:00,1.5700000524520874,1.5700000524520874,1.5700000524520874,1.5700000524520874,0,0.0,0.0
2023-02-17 11:30:00-05:00,1.5800000429153442,1.5800000429153442,1.570099949836731,1.570099949836731,839,0.0,0.0
2023-02-17 12:30:00-05:00,1.5700000524520874,1.5800000429153442,1.5499999523162842,1.5800000429153442,1353,0.0,0.0
2023-02-17 13:30:00-05:00,1.5800000429153442,1.5800000429153442,1.5799000263214111,1.5799000263214111,3976,0.0,0.0
2023-02-17 14:30:00-05:00,1.5700000524520874,1.5791000127792358,1.5700000524520874,1.5703999996185303,922,0.0,0.0
2023-02-17 15:30:00-05:00,1.5750000476837158,1.5800000429153442,1.5700000524520874,1.5700000524520874,609,0.0,0.0
2023-02-21 09:30:00-05:00,1.5999000072479248,1.5999000072479248,1.5800000429153442,1.5800000429153442,542,0.0,0.0
2023-02-21 10:30:00-05:00,1.5700000524520874,1.5700000524520874,1.5499999523162842,1.5499999523162842,3352,0.0,0.0
2023-02-21 11:30:00-05:00,1.541599988937378,1.541599988937378,1.5399999618530273,1.5399999618530273,1206,0.0,0.0
2023-02-21 12:30:00-05:00,1.5199999809265137,1.5210000276565552,1.5,1.5051000118255615,2393,0.0,0.0
2023-02-21 13:30:00-05:00,1.5,1.5,1.4700000286102295,1.4700000286102295,1857,0.0,0.0
2023-02-21 14:30:00-05:00,1.465000033378601,1.469099998474121,1.4600000381469727,1.469099998474121,1386,0.0,0.0
2023-02-21 15:30:00-05:00,1.4600000381469727,1.4642000198364258,1.4500000476837158,1.4500000476837158,1507,0.0,0.0
2023-02-22 09:30:00-05:00,1.4430999755859375,1.4430999755859375,1.440000057220459,1.440000057220459,1734,0.0,0.0
2023-02-22 10:30:00-05:00,1.4299999475479126,1.4299999475479126,1.4299999475479126,1.4299999475479126,757,0.0,0.0
2023-02-22 11:30:00-05:00,1.4299999475479126,1.4358999729156494,1.4200999736785889,1.429800033569336,4433,0.0,0.0
2023-02-22 12:30:00-05:00,1.4249999523162842,1.4249999523162842,1.409999966621399,1.409999966621399,2819,0.0,0.0
2023-02-22 13:30:00-05:00,1.399999976158142,1.409999966621399,1.399999976158142,1.4098999500274658,1784,0.0,0.0
2023-02-22 14:30:00-05:00,1.3899999856948853,1.399999976158142,1.3493000268936157,1.3497999906539917,17990,0.0,0.0
2023-02-22 15:30:00-05:00,1.350000023841858,1.350000023841858,1.3301000595092773,1.340000033378601,6953,0.0,0.0
2023-02-23 09:30:00-05:00,1.3600000143051147,1.3799999952316284,1.350000023841858,1.350000023841858,0,0.0,0.0
2023-02-23 10:30:00-05:00,1.350000023841858,1.3600000143051147,1.3049999475479126,1.3301000595092773,9826,0.0,0.0
2023-02-23 11:30:00-05:00,1.3300000429153442,1.3300000429153442,1.2999999523162842,1.2999999523162842,4297,0.0,0.0
2023-02-23 12:30:00-05:00,1.3077000379562378,1.3077000379562378,1.2599999904632568,1.2599999904632568,6558,0.0,0.0
2023-02-23 13:30:00-05:00,1.2660000324249268,1.305999994277954,1.2599999904632568,1.2999999523162842,12249,0.0,0.0
2023-02-23 14:30:00-05:00,1.3099000453948975,1.3099000453948975,1.2999999523162842,1.2999999523162842,1314,0.0,0.0
2023-02-23 15:30:00-05:00,1.3021999597549438,1.3021999597549438,1.2999999523162842,1.2999999523162842,667,0.0,0.0
2023-02-24 09:30:00-05:00,1.2828999757766724,1.284999966621399,1.2828999757766724,1.284999966621399,0,0.0,0.0
2023-02-24 11:30:00-05:00,1.2799999713897705,1.2872999906539917,1.274999976158142,1.274999976158142,2915,0.0,0.0
2023-02-24 12:30:00-05:00,1.2691999673843384,1.2799999713897705,1.2691999673843384,1.277899980545044,4589,0.0,0.0
2023-02-24 13:30:00-05:00,1.2699999809265137,1.2799999713897705,1.2699999809265137,1.2798999547958374,2706,0.0,0.0
2023-02-24 14:30:00-05:00,1.274999976158142,1.2899999618530273,1.274999976158142,1.2799999713897705,5254,0.0,0.0
2023-02-24 15:30:00-05:00,1.2799999713897705,1.2799999713897705,1.2699999809265137,1.2799999713897705,1481,0.0,0.0
2023-02-27 09:30:00-05:00,1.25,1.25,1.2000000476837158,1.2300000190734863,0,0.0,0.0
2023-02-27 10:30:00-05:00,1.2338000535964966,1.2599999904632568,1.2301000356674194,1.257099986076355,13349,0.0,0.0
2023-02-27 11:30:00-05:00,1.2417000532150269,1.2431000471115112,1.2417000532150269,1.2431000471115112,1590,0.0,0.0
2023-02-27 12:30:00-05:00,1.25,1.25,1.24590003490448,1.24590003490448,906,0.0,0.0
2023-02-27 13:30:00-05:00,1.249899983406067,1.249899983406067,1.2300000190734863,1.2300000190734863,2183,0.0,0.0
2023-02-27 14:30:00-05:00,1.2300000190734863,1.249899983406067,1.2300000190734863,1.2350000143051147,14617,0.0,0.0
2023-02-27 15:30:00-05:00,1.2300000190734863,1.2599999904632568,1.2000000476837158,1.2599999904632568,41745,0.0,0.0
2023-02-28 09:30:00-05:00,1.25,1.2699999809265137,1.25,1.2699999809265137,0,0.0,0.0
2023-02-28 10:30:00-05:00,1.2799999713897705,1.3187999725341797,1.2799999713897705,1.3187999725341797,698,0.0,0.0
2023-02-28 11:30:00-05:00,1.3300000429153442,1.3600000143051147,1.3300000429153442,1.3600000143051147,1461,0.0,0.0
2023-02-28 12:30:00-05:00,1.3557000160217285,1.3601000308990479,1.3557000160217285,1.3601000308990479,4562,0.0,0.0
2023-02-28 13:30:00-05:00,1.3609999418258667,1.3831000328063965,1.3600000143051147,1.3831000328063965,2200,0.0,0.0
2023-02-28 14:30:00-05:00,1.3799999952316284,1.3832999467849731,1.3767999410629272,1.3767999410629272,1202,0.0,0.0
2023-02-28 15:30:00-05:00,1.3799999952316284,1.399999976158142,1.3799999952316284,1.399999976158142,778,0.0,0.0
2023-03-01 09:30:00-05:00,1.399999976158142,1.4700000286102295,1.399999976158142,1.4600000381469727,0,0.0,0.0
2023-03-01 10:30:00-05:00,1.4300999641418457,1.444700002670288,1.4300999641418457,1.444700002670288,1153,0.0,0.0
2023-03-01 11:30:00-05:00,1.4299999475479126,1.4470000267028809,1.4299999475479126,1.4470000267028809,1074,0.0,0.0
2023-03-01 12:30:00-05:00,1.4800000190734863,1.5,1.4800000190734863,1.5,2393,0.0,0.0
2023-03-01 13:30:00-05:00,1.4900000095367432,1.5,1.4900000095367432,1.5,1228,0.0,0.0
2023-03-01 14:30:00-05:00,1.5,1.5099999904632568,1.5,1.500100016593933,3310,0.0,0.0
2023-03-01 15:30:00-05:00,1.503100037574768,1.5199999809265137,1.5,1.5,2010,0.0,0.0
2023-03-02 09:30:00-05:00,1.5199999809265137,1.5199999809265137,1.4900000095367432,1.4900000095367432,0,0.0,0.0
2023-03-02 10:30:00-05:00,1.4987000226974487,1.5,1.4987000226974487,1.5,2336,0.0,0.0
2023-03-02 12:30:00-05:00,1.500100016593933,1.500100016593933,1.5,1.5,890,0.0,0.0
2023-03-02 13:30:00-05:00,1.4061000347137451,1.4450000524520874,1.4061000347137451,1.4450000524520874,3017,0.0,0.0
2023-03-02 14:30:00-05:00,1.4450000524520874,1.4450000524520874,1.440000057220459,1.440000057220459,330,0.0,0.0
2023-03-02 15:30:00-05:00,1.4199999570846558,1.424299955368042,1.4000999927520752,1.424299955368042,1022,0.0,0.0
2023-03-03 09:30:00-05:00,1.5075000524520874,1.5549999475479126,1.4600000381469727,1.5549999475479126,0,0.0,0.0
2023-03-03 10:30:00-05:00,1.451300024986267,1.451300024986267,1.4300999641418457,1.4300999641418457,827,0.0,0.0
2023-03-03 12:30:00-05:00,1.440000057220459,1.4400999546051025,1.440000057220459,1.4400999546051025,2023,0.0,0.0
2023-03-03 13:30:00-05:00,1.4450000524520874,1.4686000347137451,1.4401999711990356,1.4686000347137451,3085,0.0,0.0
2023-03-03 14:30:00-05:00,1.468500018119812,1.4700000286102295,1.468500018119812,1.4700000286102295,270,0.0,0.0
2023-03-03 15:30:00-05:00,1.4600000381469727,1.4700000286102295,1.4600000381469727,1.4643000364303589,690,0.0,0.0
2023-03-06 09:30:00-05:00,1.5,1.5199999809265137,1.5,1.503000020980835,0,0.0,0.0
2023-03-06 10:30:00-05:00,1.5,1.5016000270843506,1.4800000190734863,1.4800000190734863,6178,0.0,0.0
2023-03-06 11:30:00-05:00,1.4500000476837158,1.4500000476837158,1.441499948501587,1.441499948501587,302,0.0,0.0
2023-03-06 12:30:00-05:00,1.440000057220459,1.440000057220459,1.4381999969482422,1.4381999969482422,605,0.0,0.0
2023-03-06 13:30:00-05:00,1.4320000410079956,1.434999942779541,1.399999976158142,1.399999976158142,4170,0.0,0.0
2023-03-06 14:30:00-05:00,1.409999966621399,1.409999966621399,1.409999966621399,1.409999966621399,403,0.0,0.0
2023-03-06 15:30:00-05:00,1.3947999477386475,1.3947999477386475,1.3875000476837158,1.3875000476837158,200,0.0,0.0
2023-03-07 09:30:00-05:00,1.399999976158142,1.5398999452590942,1.399999976158142,1.5216000080108643,15558,0.0,0.0
2023-03-07 10:30:00-05:00,1.5200999975204468,1.5218000411987305,1.5,1.5,3205,0.0,0.0
2023-03-07 11:30:00-05:00,1.4914000034332275,1.4914000034332275,1.4914000034332275,1.4914000034332275,736,0.0,0.0
2023-03-07 12:30:00-05:00,1.5099999904632568,1.5199999809265137,1.5099999904632568,1.5199999809265137,3207,0.0,0.0
2023-03-07 13:30:00-05:00,1.5499999523162842,1.649999976158142,1.51010000705719,1.6450999975204468,20410,0.0,0.0
2023-03-07 14:30:00-05:00,1.649999976158142,1.7000000476837158,1.620300054550171,1.6799999475479126,12359,0.0,0.0
2023-03-07 15:30:00-05:00,1.6699999570846558,1.690000057220459,1.6201000213623047,1.690000057220459,0,0.0,0.0
2023-03-08 09:30:00-05:00,1.7100000381469727,1.7200000286102295,1.649999976158142,1.6700999736785889,13501,0.0,0.0
2023-03-08 10:30:00-05:00,1.6698999404907227,1.6699999570846558,1.6698999404907227,1.6699999570846558,1693,0.0,0.0
2023-03-08 11:30:00-05:00,1.6401000022888184,1.6401000022888184,1.6401000022888184,1.6401000022888184,334,0.0,0.0
2023-03-08 12:30:00-05:00,1.667799949645996,1.6699999570846558,1.667799949645996,1.6699999570846558,1828,0.0,0.0
2023-03-08 13:30:00-05:00,1.6799999475479126,1.7384999990463257,1.6799999475479126,1.6800999641418457,4370,0.0,0.0
2023-03-08 14:30:00-05:00,1.7000000476837158,1.7300000190734863,1.7000000476837158,1.716599941253662,3442,0.0,0.0
2023-03-08 15:30:00-05:00,1.7100000381469727,1.7400000095367432,1.7100000381469727,1.7400000095367432,0,0.0,0.0
2023-03-09 09:30:00-05:00,1.75,1.7798999547958374,1.7001999616622925,1.7400000095367432,4324,0.0,0.0
2023-03-09 10:30:00-05:00,1.7450000047683716,1.7450000047683716,1.7381999492645264,1.7450000047683716,5502,0.0,0.0
2023-03-09 11:30:00-05:00,1.75,1.75,1.7100000381469727,1.7100000381469727,5690,0.0,0.0
2023-03-09 12:30:00-05:00,1.7100000381469727,1.7299000024795532,1.705199956893921,1.705199956893921,3550,0.0,0.0
2023-03-09 13:30:00-05:00,1.7000999450683594,1.7000999450683594,1.6200000047683716,1.649999976158142,4827,0.0,0.0
2023-03-09 14:30:00-05:00,1.6389000415802002,1.649999976158142,1.6383999586105347,1.6383999586105347,836,0.0,0.0
2023-03-09 15:30:00-05:00,1.6299999952316284,1.649999976158142,1.6299999952316284,1.6449999809265137,5489,0.0,0.0
2023-03-10 09:30:00-05:00,1.5700000524520874,1.6100000143051147,1.4900000095367432,1.5499999523162842,4749,0.0,0.0
2023-03-10 10:30:00-05:00,1.6131000518798828,1.6131000518798828,1.6131000518798828,1.6131000518798828,253,0.0,0.0
2023-03-10 11:30:00-05:00,1.5850000381469727,1.6698999404907227,1.5850000381469727,1.6698999404907227,2795,0.0,0.0
2023-03-10 12:30:00-05:00,1.659999966621399,1.659999966621399,1.5,1.5700000524520874,5474,0.0,0.0
2023-03-10 13:30:00-05:00,1.5199999809265137,1.5399999618530273,1.5199999809265137,1.5199999809265137,6261,0.0,0.0
2023-03-10 14:30:00-05:00,1.5199999809265137,1.5399999618530273,1.5199999809265137,1.5399999618530273,3807,0.0,0.0
2023-03-10 15:30:00-05:00,1.5399999618530273,1.5399999618530273,1.5,1.5398999452590942,6369,0.0,0.0
2023-03-13 09:30:00-04:00,1.4900000095367432,1.4900000095367432,1.4800000190734863,1.4800000190734863,670,0.0,0.0
2023-03-13 10:30:00-04:00,1.4611999988555908,1.5700000524520874,1.4611999988555908,1.5700000524520874,2355,0.0,0.0
2023-03-13 11:30:00-04:00,1.5576000213623047,1.6098999977111816,1.5576000213623047,1.6098999977111816,999,0.0,0.0
2023-03-13 12:30:00-04:00,1.6399999856948853,1.6699999570846558,1.6399999856948853,1.669700026512146,11007,0.0,0.0
2023-03-13 13:30:00-04:00,1.6699999570846558,1.7000000476837158,1.649999976158142,1.7000000476837158,905,0.0,0.0
2023-03-13 14:30:00-04:00,1.687600016593933,1.687600016593933,1.6677000522613525,1.6699999570846558,791,0.0,0.0
2023-03-13 15:30:00-04:00,1.6799999475479126,1.6799999475479126,1.649999976158142,1.649999976158142,706,0.0,0.0
2023-03-14 09:30:00-04:00,1.690000057220459,1.690000057220459,1.6504000425338745,1.6699999570846558,3291,0.0,0.0
2023-03-14 10:30:00-04:00,1.690000057220459,1.7000000476837158,1.660099983215332,1.6799999475479126,2147,0.0,0.0
2023-03-14 11:30:00-04:00,1.6749999523162842,1.6749999523162842,1.6749999523162842,1.6749999523162842,196,0.0,0.0
2023-03-14 12:30:00-04:00,1.6699999570846558,1.6699999570846558,1.5099999904632568,1.5144000053405762,65384,0.0,0.0
2023-03-14 13:30:00-04:00,1.5135999917984009,1.5809999704360962,1.4700000286102295,1.5533000230789185,31534,0.0,0.0
2023-03-14 14:30:00-04:00,1.5525000095367432,1.5525000095367432,1.5145000219345093,1.5145000219345093,5439,0.0,0.0
2023-03-14 15:30:00-04:00,1.5399999618530273,1.5399999618530273,1.4700000286102295,1.4700000286102295,4737,0.0,0.0
2023-03-15 09:30:00-04:00,1.4700000286102295,1.4700000286102295,1.4299999475479126,1.4566999673843384,0,0.0,0.0
2023-03-15 10:30:00-04:00,1.434999942779541,1.434999942779541,1.3916000127792358,1.3916000127792358,6826,0.0,0.0
2023-03-15 11:30:00-04:00,1.409999966621399,1.4299999475479126,1.399999976158142,1.4199999570846558,6349,0.0,0.0
2023-03-15 12:30:00-04:00,1.399999976158142,1.399999976158142,1.399999976158142,1.399999976158142,1252,0.0,0.0
2023-03-15 13:30:00-04:00,1.399999976158142,1.4107999801635742,1.3904999494552612,1.3904999494552612,940,0.0,0.0
2023-03-15 14:30:00-04:00,1.4261000156402588,1.4261000156402588,1.399999976158142,1.399999976158142,902,0.0,0.0
2023-03-15 15:30:00-04:00,1.4149999618530273,1.4257999658584595,1.3899999856948853,1.399999976158142,2540,0.0,0.0
2023-03-16 09:30:00-04:00,1.440000057220459,1.440000057220459,1.3799999952316284,1.3799999952316284,0,0.0,0.0
2023-03-16 10:30:00-04:00,1.3890000581741333,1.3890000581741333,1.2899999618530273,1.350000023841858,24832,0.0,0.0
2023-03-16 11:30:00-04:00,1.350000023841858,1.3557000160217285,1.320099949836731,1.320099949836731,1436,0.0,0.0
2023-03-16 12:30:00-04:00,1.3526999950408936,1.3598999977111816,1.333299994468689,1.333299994468689,1104,0.0,0.0
2023-03-16 13:30:00-04:00,1.3600000143051147,1.3600000143051147,1.350000023841858,1.350000023841858,1314,0.0,0.0
2023-03-16 14:30:00-04:00,1.3698999881744385,1.3899999856948853,1.3698999881744385,1.3899999856948853,2570,0.0,0.0
2023-03-16 15:30:00-04:00,1.3701000213623047,1.3899999856948853,1.3700000047683716,1.3899999856948853,13153,0.0,0.0
2023-03-17 09:30:00-04:00,1.3849999904632568,1.3849999904632568,1.350000023841858,1.350000023841858,0,0.0,0.0
2023-03-17 10:30:00-04:00,1.3329999446868896,1.3329999446868896,1.2899999618530273,1.2999999523162842,4702,0.0,0.0
2023-03-17 11:30:00-04:00,1.2899999618530273,1.3200000524520874,1.2899999618530273,1.3200000524520874,7319,0.0,0.0
2023-03-17 12:30:00-04:00,1.3200000524520874,1.3200000524520874,1.2999999523162842,1.2999999523162842,1773,0.0,0.0
2023-03-17 13:30:00-04:00,1.2999999523162842,1.2999999523162842,1.2899999618530273,1.2899999618530273,4026,0.0,0.0
2023-03-17 14:30:00-04:00,1.2999000549316406,1.2999000549316406,1.2300000190734863,1.269700050354004,9371,0.0,0.0
2023-03-17 15:30:00-04:00,1.2400000095367432,1.2599999904632568,1.2300000190734863,1.2598999738693237,2723,0.0,0.0
2023-03-20 09:30:00-04:00,1.2400000095367432,1.3200000524520874,1.2400000095367432,1.3200000524520874,0,0.0,0.0
2023-03-20 10:30:00-04:00,1.3200000524520874,1.3300000429153442,1.309999942779541,1.3269000053405762,858,0.0,0.0
2023-03-20 11:30:00-04:00,1.3299000263214111,1.340999960899353,1.3200000524520874,1.340999960899353,2968,0.0,0.0
2023-03-20 12:30:00-04:00,1.3401000499725342,1.3799999952316284,1.340000033378601,1.3799999952316284,2249,0.0,0.0
2023-03-20 13:30:00-04:00,1.3274999856948853,1.3600000143051147,1.3200000524520874,1.3350000381469727,1596,0.0,0.0
2023-03-20 14:30:00-04:00,1.3453999757766724,1.3453999757766724,1.3453999757766724,1.3453999757766724,379,0.0,0.0
2023-03-20 15:30:00-04:00,1.3300000429153442,1.3300000429153442,1.3300000429153442,1.3300000429153442,289,0.0,0.0
2023-03-21 09:30:00-04:00,1.4012999534606934,1.409999966621399,1.3700000047683716,1.378999948501587,0,0.0,0.0
2023-03-21 10:30:00-04:00,1.3600000143051147,1.3600000143051147,1.3600000143051147,1.3600000143051147,113,0.0,0.0
2023-03-21 11:30:00-04:00,1.3799999952316284,1.3899999856948853,1.3799999952316284,1.3899999856948853,616,0.0,0.0
2023-03-21 15:30:00-04:00,1.3799999952316284,1.3799999952316284,1.3600000143051147,1.3695000410079956,5202,0.0,0.0
2023-03-22 09:30:00-04:00,1.3207999467849731,1.3207999467849731,1.2905999422073364,1.2905999422073364,438,0.0,0.0
2023-03-22 12:30:00-04:00,1.350000023841858,1.3700000047683716,1.350000023841858,1.3575999736785889,5544,0.0,0.0
2023-03-22 13:30:00-04:00,1.3550000190734863,1.3550000190734863,1.3348000049591064,1.3348000049591064,0,0.0,0.0
2023-03-23 09:30:00-04:00,1.3899999856948853,1.3899999856948853,1.3650000095367432,1.3737000226974487,1178,0.0,0.0
2023-03-23 10:30:00-04:00,1.3717000484466553,1.3717000484466553,1.3622000217437744,1.3622000217437744,431,0.0,0.0
2023-03-23 11:30:00-04:00,1.3601000308990479,1.360200047492981,1.3593000173568726,1.3593000173568726,3851,0.0,0.0
2023-03-23 12:30:00-04:00,1.3600000143051147,1.3600000143051147,1.3600000143051147,1.3600000143051147,2596,0.0,0.0
2023-03-23 14:30:00-04:00,1.3574999570846558,1.3600000143051147,1.3049999475479126,1.3049999475479126,5608,0.0,0.0
2023-03-23 15:30:00-04:00,1.339900016784668,1.339900016784668,1.339900016784668,1.339900016784668,583,0.0,0.0
2023-03-24 09:30:00-04:00,1.3899999856948853,1.3899999856948853,1.340000033378601,1.3812999725341797,8956,0.0,0.0
2023-03-24 10:30:00-04:00,1.399899959564209,1.399999976158142,1.365399956703186,1.376099944114685,1315,0.0,0.0
2023-03-24 12:30:00-04:00,1.3799999952316284,1.3799999952316284,1.3799999952316284,1.3799999952316284,321,0.0,0.0
2023-03-24 13:30:00-04:00,1.3700000047683716,1.3899999856948853,1.3700000047683716,1.3899999856948853,4483,0.0,0.0
2023-03-24 14:30:00-04:00,1.3700000047683716,1.399899959564209,1.3700000047683716,1.3825000524520874,7040,0.0,0.0
2023-03-24 15:30:00-04:00,1.3802000284194946,1.3849999904632568,1.3799999952316284,1.3799999952316284,1626,0.0,0.0
2023-03-27 09:30:00-04:00,1.3899999856948853,1.4019999504089355,1.3593000173568726,1.3593000173568726,0,0.0,0.0
2023-03-27 10:30:00-04:00,1.350000023841858,1.350000023841858,1.350000023841858,1.350000023841858,400,0.0,0.0
2023-03-27 11:30:00-04:00,1.350000023841858,1.350000023841858,1.350000023841858,1.350000023841858,457,0.0,0.0
2023-03-27 12:30:00-04:00,1.3660000562667847,1.399999976158142,1.3600000143051147,1.399999976158142,5251,0.0,0.0
2023-03-27 13:30:00-04:00,1.399999976158142,1.399999976158142,1.3899999856948853,1.3899999856948853,250,0.0,0.0
2023-03-27 14:30:00-04:00,1.399999976158142,1.399999976158142,1.3969999551773071,1.3969999551773071,428,0.0,0.0
2023-03-27 15:30:00-04:00,1.3899999856948853,1.409999966621399,1.3899999856948853,1.409999966621399,0,0.0,0.0
2023-03-28 09:30:00-04:00,1.4122999906539917,1.4299999475479126,1.4122999906539917,1.4299999475479126,680,0.0,0.0
2023-03-28 10:30:00-04:00,1.4299999475479126,1.5198999643325806,1.4299999475479126,1.480299949645996,17279,0.0,0.0
2023-03-28 12:30:00-04:00,1.5099999904632568,1.534999966621399,1.5099999904632568,1.520300030708313,4605,0.0,0.0
2023-03-28 13:30:00-04:00,1.5262999534606934,1.5299999713897705,1.5124000310897827,1.5299999713897705,3020,0.0,0.0
2023-03-28 14:30:00-04:00,1.5099999904632568,1.5499999523162842,1.5099999904632568,1.524999976158142,8721,0.0,0.0
2023-03-28 15:30:00-04:00,1.5299999713897705,1.5399999618530273,1.5,1.500100016593933,2395,0.0,0.0
2023-03-29 09:30:00-04:00,1.5149999856948853,1.559999942779541,1.5149999856948853,1.5500999689102173,9783,0.0,0.0
2023-03-29 10:30:00-04:00,1.5500999689102173,1.5500999689102173,1.5199999809265137,1.5202000141143799,9622,0.0,0.0
2023-03-29 11:30:00-04:00,1.5200999975204468,1.5298000574111938,1.5200999975204468,1.5298000574111938,903,0.0,0.0
2023-03-29 12:30:00-04:00,1.524999976158142,1.524999976158142,1.5199999809265137,1.5199999809265137,705,0.0,0.0
2023-03-29 13:30:00-04:00,1.5,1.5073000192642212,1.5,1.5073000192642212,700,0.0,0.0
2023-03-29 14:30:00-04:00,1.5010000467300415,1.5156999826431274,1.5010000467300415,1.5156999826431274,1354,0.0,0.0
2023-03-29 15:30:00-04:00,1.5199999809265137,1.5199999809265137,1.5199999809265137,1.5199999809265137,114,0.0,0.0
2023-03-30 09:30:00-04:00,1.5199999809265137,1.5700000524520874,1.5199999809265137,1.5599000453948975,7053,0.0,0.0
2023-03-30 10:30:00-04:00,1.559999942779541,1.649899959564209,1.559999942779541,1.600100040435791,12747,0.0,0.0
2023-03-30 11:30:00-04:00,1.6260000467300415,1.6999000310897827,1.6100000143051147,1.6699999570846558,14735,0.0,0.0
2023-03-30 12:30:00-04:00,1.6700999736785889,1.726699948310852,1.6700999736785889,1.726699948310852,15155,0.0,0.0
2023-03-30 13:30:00-04:00,1.7400000095367432,1.8497999906539917,1.6100000143051147,1.6649999618530273,80553,0.0,0.0
2023-03-30 14:30:00-04:00,1.7100000381469727,1.75,1.7100000381469727,1.75,14318,0.0,0.0
2023-03-30 15:30:00-04:00,1.75,1.7999999523162842,1.7233999967575073,1.7999999523162842,10598,0.0,0.0
2023-03-31 09:30:00-04:00,1.7699999809265137,1.8437999486923218,1.76010000705719,1.7799999713897705,7467,0.0,0.0
2023-03-31 10:30:00-04:00,1.7752000093460083,1.7999999523162842,1.7752000093460083,1.7822999954223633,2758,0.0,0.0
2023-03-31 11:30:00-04:00,1.7819000482559204,1.7819000482559204,1.7819000482559204,1.7819000482559204,231,0.0,0.0
2023-03-31 12:30:00-04:00,1.7799999713897705,1.7799999713897705,1.7599999904632568,1.7699999809265137,923,0.0,0.0
2023-03-31 13:30:00-04:00,1.7711000442504883,1.7799999713897705,1.7400000095367432,1.7400000095367432,5909,0.0,0.0
2023-03-31 14:30:00-04:00,1.7483999729156494,1.7798999547958374,1.7483999729156494,1.7649999856948853,4610,0.0,0.0
2023-03-31 15:30:00-04:00,1.7799999713897705,1.7799999713897705,1.7789000272750854,1.7799999713897705,560,0.0,0.0
2023-04-03 09:30:00-04:00,1.7799999713897705,1.7799999713897705,1.600100040435791,1.7269999980926514,49774,0.0,0.0
2023-04-03 10:30:00-04:00,1.7000999450683594,1.7100000381469727,1.6699999570846558,1.7100000381469727,2302,0.0,0.0
2023-04-03 11:30:00-04:00,1.7000000476837158,1.7100000381469727,1.6799999475479126,1.7100000381469727,1959,0.0,0.0
2023-04-03 12:30:00-04:00,1.7000000476837158,1.7000000476837158,1.7000000476837158,1.7000000476837158,633,0.0,0.0
2023-04-03 13:30:00-04:00,1.7000000476837158,1.7000000476837158,1.7000000476837158,1.7000000476837158,665,0.0,0.0
2023-04-03 15:30:00-04:00,1.7085000276565552,1.7085000276565552,1.7085000276565552,1.7085000276565552,0,0.0,0.0
2023-04-04 09:30:00-04:00,1.659999966621399,1.7029999494552612,1.659999966621399,1.7000000476837158,2249,0.0,0.0
2023-04-04 10:30:00-04:00,1.7000000476837158,1.7000000476837158,1.6399999856948853,1.672700047492981,1950,0.0,0.0
2023-04-04 11:30:00-04:00,1.659999966621399,1.659999966621399,1.6095000505447388,1.6299999952316284,5445,0.0,0.0
2023-04-04 12:30:00-04:00,1.600000023841858,1.6141999959945679,1.5743999481201172,1.600000023841858,1341,0.0,0.0
2023-04-04 13:30:00-04:00,1.590000033378601,1.600000023841858,1.590000033378601,1.600000023841858,1188,0.0,0.0
2023-04-04 14:30:00-04:00,1.600000023841858,1.600000023841858,1.5799000263214111,1.5799000263214111,2063,0.0,0.0
2023-04-04 15:30:00-04:00,1.590000033378601,1.590000033378601,1.5750000476837158,1.5750000476837158,202,0.0,0.0
2023-04-05 09:30:00-04:00,1.590000033378601,1.590000033378601,1.5644999742507935,1.5644999742507935,793,0.0,0.0
2023-04-05 11:30:00-04:00,1.5963000059127808,1.5963000059127808,1.559999942779541,1.559999942779541,1171,0.0,0.0
2023-04-05 12:30:00-04:00,1.5729999542236328,1.5729999542236328,1.5500999689102173,1.5500999689102173,762,0.0,0.0
2023-04-05 14:30:00-04:00,1.5799000263214111,1.5799000263214111,1.562600016593933,1.562600016593933,3139,0.0,0.0
2023-04-05 15:30:00-04:00,1.5700000524520874,1.5700000524520874,1.5600999593734741,1.5600999593734741,1335,0.0,0.0
2023-04-06 09:30:00-04:00,1.5499999523162842,1.5800000429153442,1.5499999523162842,1.5800000429153442,0,0.0,0.0
2023-04-06 11:30:00-04:00,1.5551999807357788,1.559999942779541,1.5551999807357788,1.559999942779541,377,0.0,0.0
2023-04-06 14:30:00-04:00,1.5779999494552612,1.6598999500274658,1.559999942779541,1.6597000360488892,37713,0.0,0.0
2023-04-06 15:30:00-04:00,1.659999966621399,1.6799999475479126,1.659999966621399,1.6799999475479126,2991,0.0,0.0
2023-04-10 09:30:00-04:00,1.649999976158142,1.6799999475479126,1.6299999952316284,1.6299999952316284,10734,0.0,0.0
2023-04-10 10:30:00-04:00,1.6299999952316284,1.7299000024795532,1.6299999952316284,1.6799999475479126,23124,0.0,0.0
2023-04-10 12:30:00-04:00,1.7101000547409058,1.7300000190734863,1.7101000547409058,1.7300000190734863,3968,0.0,0.0
2023-04-10 13:30:00-04:00,1.7596999406814575,1.7799999713897705,1.7200000286102295,1.750100016593933,6546,0.0,0.0
2023-04-10 14:30:00-04:00,1.7599999904632568,1.7799999713897705,1.75,1.7700999975204468,13800,0.0,0.0
2023-04-10 15:30:00-04:00,1.7799999713897705,1.7799999713897705,1.7699999809265137,1.7799999713897705,25684,0.0,0.0
2023-04-11 09:30:00-04:00,1.7799999713897705,1.7799999713897705,1.7669999599456787,1.7799999713897705,2656,0.0,0.0
2023-04-11 10:30:00-04:00,1.7799999713897705,1.7799999713897705,1.764299988746643,1.7799999713897705,11371,0.0,0.0
2023-04-11 11:30:00-04:00,1.7999999523162842,1.850000023841858,1.7999999523162842,1.850000023841858,2018,0.0,0.0
2023-04-11 12:30:00-04:00,1.8499000072479248,1.9019999504089355,1.8499000072479248,1.899999976158142,13291,0.0,0.0
2023-04-11 13:30:00-04:00,1.909999966621399,1.909999966621399,1.8997000455856323,1.899999976158142,2687,0.0,0.0
2023-04-11 14:30:00-04:00,1.9149999618530273,1.9700000286102295,1.8899999856948853,1.9299999475479126,9474,0.0,0.0
2023-04-11 15:30:00-04:00,1.9199999570846558,1.9500000476837158,1.9000999927520752,1.916200041770935,20739,0.0,0.0
2023-04-12 09:30:00-04:00,1.9519000053405762,1.9600000381469727,1.9500000476837158,1.9600000381469727,9035,0.0,0.0
2023-04-12 10:30:00-04:00,1.9550000429153442,2.069999933242798,1.9500999450683594,2.0,21293,0.0,0.0
2023-04-12 11:30:00-04:00,1.9900000095367432,1.9900000095367432,1.9500000476837158,1.9850000143051147,11071,0.0,0.0
2023-04-12 12:30:00-04:00,2.009999990463257,2.0399999618530273,1.9900000095367432,2.0,11522,0.0,0.0
2023-04-12 13:30:00-04:00,2.0,2.009999990463257,1.99399995803833,2.009999990463257,15086,0.0,0.0
2023-04-12 14:30:00-04:00,2.0,2.0,1.9901000261306763,1.9901000261306763,3106,0.0,0.0
2023-04-12 15:30:00-04:00,1.9950000047683716,2.009999990463257,1.9900000095367432,2.0,5404,0.0,0.0
2023-04-13 09:30:00-04:00,1.9700000286102295,1.982800006866455,1.910099983215332,1.982800006866455,5132,0.0,0.0
2023-04-13 10:30:00-04:00,1.9900000095367432,2.0399999618530273,1.9900000095367432,2.009999990463257,6429,0.0,0.0
2023-04-13 11:30:00-04:00,1.9900000095367432,2.009999990463257,1.9700000286102295,2.0,5467,0.0,0.0
2023-04-13 12:30:00-04:00,2.009999990463257,2.009999990463257,1.9199999570846558,1.940000057220459,6946,0.0,0.0
2023-04-13 13:30:00-04:00,1.9199999570846558,1.9499000310897827,1.9199999570846558,1.9499000310897827,2415,0.0,0.0
2023-04-13 14:30:00-04:00,1.937600016593933,1.9500000476837158,1.9250999689102173,1.9500000476837158,16444,0.0,0.0
2023-04-13 15:30:00-04:00,1.9500000476837158,1.9500000476837158,1.940000057220459,1.9500000476837158,3392,0.0,0.0
2023-04-14 09:30:00-04:00,1.9199999570846558,1.9364999532699585,1.8000999689102173,1.9199999570846558,15794,0.0,0.0
2023-04-14 10:30:00-04:00,1.9199999570846558,2.200000047683716,1.8600000143051147,1.8975000381469727,137879,0.0,0.0
2023-04-14 11:30:00-04:00,1.8899999856948853,1.8899999856948853,1.7200000286102295,1.7599999904632568,32260,0.0,0.0
2023-04-14 12:30:00-04:00,1.7999999523162842,1.8700000047683716,1.7999999523162842,1.8700000047683716,1097,0.0,0.0
2023-04-14 13:30:00-04:00,1.8700000047683716,1.8700000047683716,1.850000023841858,1.8605999946594238,4924,0.0,0.0
2023-04-14 14:30:00-04:00,1.8600000143051147,1.8700000047683716,1.7799999713897705,1.850000023841858,13675,0.0,0.0
2023-04-14 15:30:00-04:00,1.8898999691009521,1.8898999691009521,1.8300000429153442,1.840000033378601,1920,0.0,0.0
2023-04-17 09:30:00-04:00,1.8600000143051147,1.8600000143051147,1.8044999837875366,1.850000023841858,0,0.0,0.0
2023-04-17 10:30:00-04:00,1.8406000137329102,1.8496999740600586,1.8401000499725342,1.8496999740600586,695,0.0,0.0
2023-04-17 11:30:00-04:00,1.850000023841858,1.850000023841858,1.840000033378601,1.840000033378601,1726,0.0,0.0
2023-04-17 12:30:00-04:00,1.8387000560760498,1.8387000560760498,1.8387000560760498,1.8387000560760498,254,0.0,0.0
2023-04-17 13:30:00-04:00,1.8300000429153442,1.8300000429153442,1.8300000429153442,1.8300000429153442,582,0.0,0.0
2023-04-17 15:30:00-04:00,1.823199987411499,1.8300000429153442,1.7799999713897705,1.8206000328063965,0,0.0,0.0
2023-04-18 09:30:00-04:00,1.8799999952316284,1.9479000568389893,1.8300000429153442,1.8307000398635864,37252,0.0,0.0
2023-04-18 10:30:00-04:00,1.7999999523162842,1.8200000524520874,1.7000000476837158,1.7000000476837158,12050,0.0,0.0
2023-04-18 11:30:00-04:00,1.7000000476837158,1.7000000476837158,1.6299999952316284,1.6299999952316284,9791,0.0,0.0
2023-04-18 12:30:00-04:00,1.6299999952316284,1.684999942779541,1.6200000047683716,1.6363999843597412,18604,0.0,0.0
2023-04-18 13:30:00-04:00,1.6299999952316284,1.6399999856948853,1.5700000524520874,1.5700000524520874,23851,0.0,0.0
2023-04-18 14:30:00-04:00,1.5700000524520874,1.625599980354309,1.559999942779541,1.590000033378601,15123,0.0,0.0
2023-04-18 15:30:00-04:00,1.590000033378601,1.659999966621399,1.5700000524520874,1.6100000143051147,6069,0.0,0.0
2023-04-19 09:30:00-04:00,1.6399999856948853,1.6799999475479126,1.6399999856948853,1.6699999570846558,7076,0.0,0.0
2023-04-19 10:30:00-04:00,1.6799999475479126,1.6799999475479126,1.6699999570846558,1.6699999570846558,461,0.0,0.0
2023-04-19 11:30:00-04:00,1.6500999927520752,1.7300000190734863,1.6500999927520752,1.7300000190734863,14606,0.0,0.0
2023-04-19 12:30:00-04:00,1.7300000190734863,1.7965999841690063,1.7300000190734863,1.7965999841690063,2655,0.0,0.0
2023-04-19 13:30:00-04:00,1.7999999523162842,1.7999999523162842,1.7700999975204468,1.7899999618530273,2938,0.0,0.0
2023-04-19 14:30:00-04:00,1.7899999618530273,1.840000033378601,1.7899999618530273,1.840000033378601,1267,0.0,0.0
2023-04-19 15:30:00-04:00,1.8834999799728394,1.8899999856948853,1.850000023841858,1.850000023841858,0,0.0,0.0
2023-04-20 09:30:00-04:00,1.7999999523162842,1.8206000328063965,1.6100000143051147,1.6100000143051147,22457,0.0,0.0
2023-04-20 10:30:00-04:00,1.6100000143051147,1.6598999500274658,1.5700000524520874,1.655500054359436,3098,0.0,0.0
2023-04-20 11:30:00-04:00,1.6588000059127808,1.6598999500274658,1.6399999856948853,1.659000039100647,752,0.0,0.0
2023-04-20 12:30:00-04:00,1.7099000215530396,1.7099000215530396,1.7099000215530396,1.7099000215530396,233,0.0,0.0
2023-04-20 13:30:00-04:00,1.749899983406067,1.749899983406067,1.749899983406067,1.749899983406067,300,0.0,0.0
2023-04-20 14:30:00-04:00,1.7300000190734863,1.7300000190734863,1.7300000190734863,1.7300000190734863,961,0.0,0.0
2023-04-20 15:30:00-04:00,1.7300000190734863,1.7300000190734863,1.6858999729156494,1.7237999439239502,956,0.0,0.0
2023-04-21 09:30:00-04:00,1.720900058746338,1.7300000190734863,1.7200000286102295,1.7200000286102295,0,0.0,0.0
2023-04-21 10:30:00-04:00,1.7206000089645386,1.7300000190734863,1.7000000476837158,1.7300000190734863,681,0.0,0.0
2023-04-21 11:30:00-04:00,1.7100000381469727,1.7200000286102295,1.7100000381469727,1.7200000286102295,2030,0.0,0.0
2023-04-21 12:30:00-04:00,1.7000000476837158,1.7000000476837158,1.7000000476837158,1.7000000476837158,201,0.0,0.0
2023-04-21 13:30:00-04:00,1.7000000476837158,1.7000000476837158,1.7000000476837158,1.7000000476837158,438,0.0,0.0
2023-04-21 14:30:00-04:00,1.7000000476837158,1.7100000381469727,1.7000000476837158,1.7100000381469727,243,0.0,0.0
2023-04-21 15:30:00-04:00,1.7100000381469727,1.715000033378601,1.7100000381469727,1.715000033378601,0,0.0,0.0
2023-04-24 09:30:00-04:00,1.7200000286102295,1.8250000476837158,1.7200000286102295,1.7950999736785889,0,0.0,0.0
2023-04-24 10:30:00-04:00,1.7799999713897705,1.7899999618530273,1.7799999713897705,1.7899999618530273,16253,0.0,0.0
2023-04-24 11:30:00-04:00,1.7799999713897705,1.7799999713897705,1.7799999713897705,1.7799999713897705,689,0.0,0.0
2023-04-24 12:30:00-04:00,1.7799999713897705,1.809999942779541,1.7799999713897705,1.7903000116348267,0,0.0,0.0
2023-04-24 14:30:00-04:00,1.7799999713897705,1.7999999523162842,1.7799999713897705,1.7999999523162842,20855,0.0,0.0
2023-04-24 15:30:00-04:00,1.7999999523162842,1.7999999523162842,1.7599999904632568,1.7599999904632568,0,0.0,0.0
2023-04-25 10:30:00-04:00,1.7798999547958374,1.7899999618530273,1.7699999809265137,1.7699999809265137,2037,0.0,0.0
2023-04-25 11:30:00-04:00,1.75,1.7899999618530273,1.75,1.7899999618530273,475,0.0,0.0
2023-04-25 12:30:00-04:00,1.774999976158142,1.7898000478744507,1.774999976158142,1.7898000478744507,2089,0.0,0.0
2023-04-25 13:30:00-04:00,1.7899999618530273,1.809999942779541,1.7899999618530273,1.809999942779541,1231,0.0,0.0
2023-04-25 14:30:00-04:00,1.8086999654769897,1.8099000453948975,1.8086999654769897,1.8099000453948975,951,0.0,0.0
2023-04-25 15:30:00-04:00,1.809999942779541,1.809999942779541,1.809999942779541,1.809999942779541,345,0.0,0.0
2023-04-26 09:30:00-04:00,1.809999942779541,1.9199999570846558,1.809999942779541,1.899999976158142,57852,0.0,0.0
2023-04-26 10:30:00-04:00,1.9000999927520752,1.9199999570846558,1.8899999856948853,1.9049999713897705,4782,0.0,0.0
2023-04-26 11:30:00-04:00,1.9049999713897705,1.940000057220459,1.8899999856948853,1.9399000406265259,17659,0.0,0.0
2023-04-26 12:30:00-04:00,1.9219000339508057,1.9500000476837158,1.9219000339508057,1.940000057220459,19672,0.0,0.0
2023-04-26 13:30:00-04:00,1.9484000205993652,2.119999885559082,1.940000057220459,2.119999885559082,55096,0.0,0.0
2023-04-26 14:30:00-04:00,2.134999990463257,2.1500000953674316,2.009999990463257,2.0799999237060547,32187,0.0,0.0
2023-04-26 15:30:00-04:00,2.0999999046325684,2.0999999046325684,2.079900026321411,2.0999999046325684,0,0.0,0.0
2023-04-27 09:30:00-04:00,2.1500000953674316,2.180000066757202,2.0799999237060547,2.1700000762939453,16765,0.0,0.0
2023-04-27 10:30:00-04:00,2.1700000762939453,2.1700000762939453,2.0999999046325684,2.100100040435791,12975,0.0,0.0
2023-04-27 11:30:00-04:00,2.1500000953674316,2.1600000858306885,2.009999990463257,2.0476999282836914,16597,0.0,0.0
2023-04-27 12:30:00-04:00,2.0999999046325684,2.1500000953674316,2.0618999004364014,2.140000104904175,13232,0.0,0.0
2023-04-27 13:30:00-04:00,2.140000104904175,2.140000104904175,2.0999999046325684,2.0999999046325684,3877,0.0,0.0
2023-04-27 14:30:00-04:00,2.0999999046325684,2.0999999046325684,2.0399999618530273,2.065000057220459,5068,0.0,0.0
2023-04-27 15:30:00-04:00,2.0553998947143555,2.0799999237060547,2.0399999618530273,2.0799999237060547,0,0.0,0.0
2023-04-28 09:30:00-04:00,2.000999927520752,2.000999927520752,2.000999927520752,2.000999927520752,1352,0.0,0.0
2023-04-28 10:30:00-04:00,2.015000104904175,2.015000104904175,1.9199999570846558,1.9566999673843384,34671,0.0,0.0
2023-04-28 11:30:00-04:00,1.9500000476837158,1.9800000190734863,1.9500000476837158,1.965000033378601,3297,0.0,0.0
2023-04-28 12:30:00-04:00,1.9800000190734863,1.9800000190734863,1.8300000429153442,1.9299999475479126,29237,0.0,0.0
2023-04-28 13:30:00-04:00,1.899999976158142,1.9900000095367432,1.899999976158142,1.9800000190734863,905,0.0,0.0
2023-04-28 14:30:00-04:00,1.9017000198364258,1.9600000381469727,1.899999976158142,1.9500000476837158,4464,0.0,0.0
2023-05-01 09:30:00-04:00,1.934999942779541,1.934999942779541,1.8700000047683716,1.8849999904632568,5050,0.0,0.0
2023-05-01 10:30:00-04:00,1.899999976158142,1.899999976158142,1.850100040435791,1.850100040435791,1019,0.0,0.0
2023-05-01 11:30:00-04:00,1.850000023841858,1.850000023841858,1.850000023841858,1.850000023841858,304,0.0,0.0
2023-05-01 13:30:00-04:00,1.8768999576568604,1.8898999691009521,1.8762999773025513,1.8898999691009521,3199,0.0,0.0
2023-05-01 14:30:00-04:00,1.8899999856948853,1.940000057220459,1.8899999856948853,1.9327000379562378,3303,0.0,0.0
2023-05-01 15:30:00-04:00,1.9300999641418457,1.9400999546051025,1.9199999570846558,1.9200999736785889,9010,0.0,0.0
2023-05-02 09:30:00-04:00,1.8901000022888184,1.8901000022888184,1.8015999794006348,1.8889000415802002,0,0.0,0.0
2023-05-02 10:30:00-04:00,1.850100040435791,1.8600000143051147,1.8450000286102295,1.8450000286102295,12190,0.0,0.0
2023-05-02 11:30:00-04:00,1.840000033378601,1.8600000143051147,1.840000033378601,1.8600000143051147,0,0.0,0.0
2023-05-02 12:30:00-04:00,1.7999999523162842,1.809999942779541,1.7599999904632568,1.7599999904632568,16901,0.0,0.0
2023-05-02 13:30:00-04:00,1.75,1.7799999713897705,1.7200000286102295,1.7200000286102295,6575,0.0,0.0
2023-05-02 14:30:00-04:00,1.7200000286102295,1.75,1.7200000286102295,1.75,757,0.0,0.0
2023-05-02 15:30:00-04:00,1.7699999809265137,1.7699999809265137,1.7699999809265137,1.7699999809265137,219,0.0,0.0
2023-05-03 09:30:00-04:00,1.7584999799728394,1.7599999904632568,1.7400000095367432,1.7401000261306763,0,0.0,0.0
2023-05-03 10:30:00-04:00,1.7597999572753906,1.7597999572753906,1.7400000095367432,1.7400000095367432,0,0.0,0.0
2023-05-03 11:30:00-04:00,1.7599999904632568,1.7599999904632568,1.7400000095367432,1.7401000261306763,4278,0.0,0.0
2023-05-03 12:30:00-04:00,1.7599999904632568,1.7599999904632568,1.7599999904632568,1.7599999904632568,106,0.0,0.0
2023-05-03 13:30:00-04:00,1.7699999809265137,1.7699999809265137,1.75,1.75,24686,0.0,0.0
2023-05-03 14:30:00-04:00,1.75,1.7698999643325806,1.7400000095367432,1.7400000095367432,2437,0.0,0.0
2023-05-03 15:30:00-04:00,1.75,1.7699999809265137,1.75,1.7699999809265137,537,0.0,0.0
2023-05-04 09:30:00-04:00,1.7200000286102295,1.7200000286102295,1.7200000286102295,1.7200000286102295,0,0.0,0.0
2023-05-04 11:30:00-04:00,1.7300000190734863,1.7300000190734863,1.7200000286102295,1.7200000286102295,952,0.0,0.0
2023-05-04 12:30:00-04:00,1.7300000190734863,1.7400000095367432,1.6800999641418457,1.6800999641418457,5443,0.0,0.0
2023-05-04 14:30:00-04:00,1.6799999475479126,1.7000000476837158,1.6799999475479126,1.7000000476837158,990,0.0,0.0
2023-05-05 09:30:00-04:00,1.6399999856948853,1.6699999570846558,1.6399999856948853,1.6399999856948853,0,0.0,0.0
2023-05-05 10:30:00-04:00,1.6660000085830688,1.6660000085830688,1.6660000085830688,1.6660000085830688,0,0.0,0.0
2023-05-05 11:30:00-04:00,1.6699999570846558,1.6699999570846558,1.6699999570846558,1.6699999570846558,4141,0.0,0.0
2023-05-05 12:30:00-04:00,1.6699999570846558,1.690000057220459,1.659999966621399,1.659999966621399,3845,0.0,0.0
2023-05-05 13:30:00-04:00,1.659999966621399,1.6649999618530273,1.649999976158142,1.6649999618530273,4240,0.0,0.0
2023-05-05 14:30:00-04:00,1.649999976158142,1.6649999618530273,1.649999976158142,1.649999976158142,1840,0.0,0.0
2023-05-05 15:30:00-04:00,1.649999976158142,1.659999966621399,1.649999976158142,1.649999976158142,0,0.0,0.0
2023-05-08 09:30:00-04:00,1.690000057220459,1.7698999643325806,1.690000057220459,1.7200000286102295,9510,0.0,0.0
2023-05-08 10:30:00-04:00,1.690000057220459,1.690000057220459,1.690000057220459,1.690000057220459,0,0.0,0.0
2023-05-08 11:30:00-04:00,1.7000000476837158,1.7300000190734863,1.7000000476837158,1.7300000190734863,10222,0.0,0.0
2023-05-08 12:30:00-04:00,1.7200000286102295,1.7200000286102295,1.684999942779541,1.684999942779541,2306,0.0,0.0
2023-05-08 13:30:00-04:00,1.7200000286102295,1.7200000286102295,1.7200000286102295,1.7200000286102295,262,0.0,0.0
2023-05-08 14:30:00-04:00,1.7299000024795532,1.7400000095367432,1.729699969291687,1.7400000095367432,2130,0.0,0.0
2023-05-08 15:30:00-04:00,1.7690000534057617,1.7698999643325806,1.7450000047683716,1.7477999925613403,5207,0.0,0.0
2023-05-09 09:30:00-04:00,1.6965999603271484,1.7000000476837158,1.6857000589370728,1.7000000476837158,0,0.0,0.0
2023-05-09 10:30:00-04:00,1.7400000095367432,1.7400000095367432,1.73989999294281,1.73989999294281,5580,0.0,0.0
2023-05-09 11:30:00-04:00,1.7400000095367432,1.7799999713897705,1.7400000095367432,1.7599999904632568,7887,0.0,0.0
2023-05-09 12:30:00-04:00,1.7503000497817993,1.7699999809265137,1.7450000047683716,1.7699999809265137,1387,0.0,0.0
2023-05-09 13:30:00-04:00,1.7699999809265137,1.7699999809265137,1.7699999809265137,1.7699999809265137,220,0.0,0.0
2023-05-09 14:30:00-04:00,1.7649999856948853,1.7999999523162842,1.7649999856948853,1.7800999879837036,1314,0.0,0.0
2023-05-09 15:30:00-04:00,1.7799999713897705,1.7999999523162842,1.7799999713897705,1.7899999618530273,2289,0.0,0.0
2023-05-10 09:30:00-04:00,1.7894999980926514,1.7899999618530273,1.7000999450683594,1.7200000286102295,5890,0.0,0.0
2023-05-10 10:30:00-04:00,1.7922999858856201,1.7922999858856201,1.7315000295639038,1.732699990272522,0,0.0,0.0
2023-05-10 11:30:00-04:00,1.7474000453948975,1.7474000453948975,1.7300000190734863,1.7419999837875366,9014,0.0,0.0
2023-05-10 12:30:00-04:00,1.7200000286102295,1.7200000286102295,1.7200000286102295,1.7200000286102295,0,0.0,0.0
2023-05-10 14:30:00-04:00,1.7611000537872314,1.7687000036239624,1.7592999935150146,1.7687000036239624,11004,0.0,0.0
2023-05-10 15:30:00-04:00,1.7553000450134277,1.7599999904632568,1.7200000286102295,1.7200000286102295,1816,0.0,0.0
2023-05-11 09:30:00-04:00,1.75,1.899999976158142,1.75,1.899999976158142,1279,0.0,0.0
2023-05-11 10:30:00-04:00,1.9391000270843506,1.9391000270843506,1.840000033378601,1.840000033378601,7088,0.0,0.0
2023-05-11 11:30:00-04:00,1.8700000047683716,1.8899999856948853,1.8700000047683716,1.8700000047683716,7203,0.0,0.0
2023-05-11 12:30:00-04:00,1.8700000047683716,1.871999979019165,1.8650000095367432,1.871999979019165,769,0.0,0.0
2023-05-11 13:30:00-04:00,1.8700000047683716,1.9399000406265259,1.8700000047683716,1.9399000406265259,3481,0.0,0.0
2023-05-11 14:30:00-04:00,1.9018000364303589,1.9500000476837158,1.899999976158142,1.940000057220459,10723,0.0,0.0
2023-05-11 15:30:00-04:00,1.899999976158142,1.940000057220459,1.899999976158142,1.940000057220459,4362,0.0,0.0
2023-05-12 09:30:00-04:00,1.8899999856948853,1.979699969291687,1.8899999856948853,1.979699969291687,946,0.0,0.0
2023-05-12 10:30:00-04:00,1.9800000190734863,2.068000078201294,1.9800000190734863,2.068000078201294,2584,0.0,0.0
2023-05-12 11:30:00-04:00,2.0399999618530273,2.049999952316284,1.9500000476837158,1.999899983406067,8718,0.0,0.0
2023-05-12 12:30:00-04:00,1.9500000476837158,1.9800000190734863,1.9500000476837158,1.9500000476837158,4356,0.0,0.0
2023-05-12 14:30:00-04:00,1.934999942779541,1.934999942779541,1.934999942779541,1.934999942779541,574,0.0,0.0
2023-05-12 15:30:00-04:00,1.94760000705719,1.9500000476837158,1.9299999475479126,1.9499000310897827,2704,0.0,0.0
2023-05-15 09:30:00-04:00,1.909999966621399,1.9900000095367432,1.9000999927520752,1.9799000024795532,0,0.0,0.0
2023-05-15 10:30:00-04:00,1.9800000190734863,1.9800000190734863,1.9800000190734863,1.9800000190734863,1424,0.0,0.0
2023-05-15 12:30:00-04:00,1.9900000095367432,2.0,1.9600000381469727,1.9600000381469727,2144,0.0,0.0
2023-05-15 13:30:00-04:00,1.9900000095367432,1.9900000095367432,1.9800000190734863,1.9800000190734863,1607,0.0,0.0
2023-05-15 14:30:00-04:00,1.9600000381469727,1.9600000381469727,1.9600000381469727,1.9600000381469727,200,0.0,0.0
2023-05-15 15:30:00-04:00,1.9700000286102295,1.9700000286102295,1.9299999475479126,1.9299999475479126,0,0.0,0.0
2023-05-16 09:30:00-04:00,1.9426000118255615,1.9426000118255615,1.8802000284194946,1.8802000284194946,6461,0.0,0.0
2023-05-16 10:30:00-04:00,1.899999976158142,1.9199999570846558,1.8799999952316284,1.9199999570846558,1034,0.0,0.0
2023-05-16 11:30:00-04:00,1.9199999570846558,2.030100107192993,1.9199999570846558,1.9764000177383423,8021,0.0,0.0
2023-05-16 12:30:00-04:00,1.940000057220459,2.0,1.940000057220459,2.0,1321,0.0,0.0
2023-05-16 13:30:00-04:00,1.9700000286102295,1.9700000286102295,1.9700000286102295,1.9700000286102295,110,0.0,0.0
2023-05-16 14:30:00-04:00,1.940000057220459,1.9800000190734863,1.9299999475479126,1.9800000190734863,3549,0.0,0.0
2023-05-16 15:30:00-04:00,1.9800000190734863,2.0199999809265137,1.9800000190734863,2.0,0,0.0,0.0
2023-05-17 09:30:00-04:00,1.9500000476837158,2.0199999809265137,1.9500000476837158,2.0199999809265137,1829,0.0,0.0
2023-05-17 10:30:00-04:00,1.9801000356674194,2.049999952316284,1.9801000356674194,2.0499000549316406,4845,0.0,0.0
2023-05-17 11:30:00-04:00,2.049999952316284,2.0938000679016113,2.049999952316284,2.069999933242798,7341,0.0,0.0
2023-05-17 12:30:00-04:00,2.0799999237060547,2.0799999237060547,2.04259991645813,2.0799999237060547,1383,0.0,0.0
2023-05-17 13:30:00-04:00,2.0899999141693115,2.0999999046325684,2.075700044631958,2.0999999046325684,2740,0.0,0.0
2023-05-17 14:30:00-04:00,2.0999999046325684,2.0999999046325684,2.0701000690460205,2.077500104904175,4446,0.0,0.0
2023-05-17 15:30:00-04:00,2.0799999237060547,2.0999999046325684,2.0799999237060547,2.0799999237060547,729,0.0,0.0
2023-05-18 09:30:00-04:00,2.0999999046325684,2.0999999046325684,2.0999999046325684,2.0999999046325684,1891,0.0,0.0
2023-05-18 10:30:00-04:00,2.0999999046325684,2.0999999046325684,2.0999999046325684,2.0999999046325684,911,0.0,0.0
2023-05-18 11:30:00-04:00,2.1050000190734863,2.119999885559082,2.1050000190734863,2.119999885559082,2151,0.0,0.0
2023-05-18 12:30:00-04:00,2.109100103378296,2.1500000953674316,2.109100103378296,2.1500000953674316,3272,0.0,0.0
2023-05-18 13:30:00-04:00,2.119999885559082,2.130000114440918,2.069999933242798,2.069999933242798,4496,0.0,0.0
2023-05-18 14:30:00-04:00,2.119999885559082,2.119999885559082,2.0750999450683594,2.0750999450683594,771,0.0,0.0
2023-05-18 15:30:00-04:00,2.0999999046325684,2.0999999046325684,2.069999933242798,2.069999933242798,400,0.0,0.0
2023-05-19 10:30:00-04:00,2.090100049972534,2.090100049972534,2.0399999618530273,2.055000066757202,3410,0.0,0.0
2023-05-19 11:30:00-04:00,2.059999942779541,2.059999942779541,2.059999942779541,2.059999942779541,1238,0.0,0.0
2023-05-19 12:30:00-04:00,2.050100088119507,2.050100088119507,1.9900000095367432,2.0350000858306885,5471,0.0,0.0
2023-05-19 13:30:00-04:00,2.0429000854492188,2.059999942779541,2.0425000190734863,2.059999942779541,1056,0.0,0.0
2023-05-19 14:30:00-04:00,2.0299999713897705,2.049999952316284,2.0299999713897705,2.049999952316284,2429,0.0,0.0
2023-05-19 15:30:00-04:00,2.059000015258789,2.079900026321411,2.009999990463257,2.059999942779541,2361,0.0,0.0
2023-05-22 09:30:00-04:00,2.069999933242798,2.130000114440918,2.050100088119507,2.0999999046325684,4799,0.0,0.0
2023-05-22 10:30:00-04:00,2.109999895095825,2.109999895095825,2.109999895095825,2.109999895095825,264,0.0,0.0
2023-05-22 12:30:00-04:00,2.0850000381469727,2.109999895095825,2.0850000381469727,2.109999895095825,1677,0.0,0.0
2023-05-22 13:30:00-04:00,2.0999999046325684,2.0999999046325684,2.0850000381469727,2.0850000381469727,213,0.0,0.0
2023-05-22 14:30:00-04:00,2.061000108718872,2.069999933242798,2.059999942779541,2.059999942779541,2073,0.0,0.0
2023-05-22 15:30:00-04:00,2.0899999141693115,2.0899999141693115,2.0899999141693115,2.0899999141693115,613,0.0,0.0
2023-05-23 09:30:00-04:00,2.103300094604492,2.103300094604492,2.103300094604492,2.103300094604492,112,0.0,0.0
2023-05-23 10:30:00-04:00,2.1098999977111816,2.109999895095825,2.1087000370025635,2.109999895095825,2821,0.0,0.0
2023-05-23 11:30:00-04:00,2.1500000953674316,2.1898999214172363,2.130000114440918,2.1721999645233154,10853,0.0,0.0
2023-05-23 12:30:00-04:00,2.174999952316284,2.190000057220459,2.174999952316284,2.1800999641418457,3518,0.0,0.0
2023-05-23 13:30:00-04:00,2.1800999641418457,2.199899911880493,2.180000066757202,2.190000057220459,4687,0.0,0.0
2023-05-23 14:30:00-04:00,2.1898999214172363,2.190000057220459,2.1798999309539795,2.184999942779541,6213,0.0,0.0
2023-05-23 15:30:00-04:00,2.180799961090088,2.190000057220459,2.180000066757202,2.190000057220459,0,0.0,0.0
2023-05-24 09:30:00-04:00,2.190000057220459,2.199899911880493,2.180000066757202,2.180000066757202,1364,0.0,0.0
2023-05-24 10:30:00-04:00,2.190000057220459,2.190000057220459,2.1600000858306885,2.190000057220459,850,0.0,0.0
2023-05-24 11:30:00-04:00,2.1600000858306885,2.1600000858306885,2.1600000858306885,2.1600000858306885,230,0.0,0.0
2023-05-24 12:30:00-04:00,2.1700000762939453,2.1700000762939453,2.1600000858306885,2.1700000762939453,4854,0.0,0.0
2023-05-24 13:30:00-04:00,2.1649999618530273,2.1700000762939453,2.1600000858306885,2.1600000858306885,2711,0.0,0.0
2023-05-24 14:30:00-04:00,2.1600000858306885,2.1600000858306885,2.1600000858306885,2.1600000858306885,324,0.0,0.0
2023-05-24 15:30:00-04:00,2.1600000858306885,2.1700000762939453,2.1600000858306885,2.1700000762939453,1327,0.0,0.0
2023-05-25 09:30:00-04:00,2.190000057220459,2.190000057220459,2.1610000133514404,2.1610000133514404,1806,0.0,0.0
2023-05-25 10:30:00-04:00,2.1600000858306885,2.1698999404907227,2.049999952316284,2.0899999141693115,17559,0.0,0.0
2023-05-25 11:30:00-04:00,2.049999952316284,2.049999952316284,2.0100998878479004,2.039900064468384,1647,0.0,0.0
2023-05-25 12:30:00-04:00,2.009999990463257,2.0399999618530273,2.009999990463257,2.0399999618530273,314,0.0,0.0
2023-05-25 13:30:00-04:00,2.01990008354187,2.049999952316284,2.019700050354004,2.049999952316284,0,0.0,0.0
2023-05-25 14:30:00-04:00,2.0989999771118164,2.109800100326538,2.0799999237060547,2.0899999141693115,28670,0.0,0.0
2023-05-25 15:30:00-04:00,2.069999933242798,2.0799999237060547,2.059999942779541,2.059999942779541,1100,0.0,0.0
2023-05-26 09:30:00-04:00,2.109999895095825,2.109999895095825,2.109999895095825,2.109999895095825,0,0.0,0.0
2023-05-26 11:30:00-04:00,2.119999885559082,2.1549999713897705,2.119999885559082,2.1500000953674316,11629,0.0,0.0
2023-05-26 12:30:00-04:00,2.150099992752075,2.1700000762939453,2.1500000953674316,2.1600000858306885,5765,0.0,0.0
2023-05-26 13:30:00-04:00,2.1600000858306885,2.1700000762939453,2.1500000953674316,2.1549999713897705,7863,0.0,0.0
2023-05-26 14:30:00-04:00,2.1600000858306885,2.1600000858306885,2.150099992752075,2.1600000858306885,2392,0.0,0.0
2023-05-26 15:30:00-04:00,2.1600000858306885,2.190000057220459,2.1500000953674316,2.190000057220459,10143,0.0,0.0
2023-05-30 09:30:00-04:00,2.190000057220459,2.190000057220459,2.155400037765503,2.155400037765503,841,0.0,0.0
2023-05-30 10:30:00-04:00,2.151099920272827,2.1700000762939453,2.151099920272827,2.1700000762939453,608,0.0,0.0
2023-05-30 11:30:00-04:00,2.1600000858306885,2.1600000858306885,2.1600000858306885,2.1600000858306885,201,0.0,0.0
2023-05-30 12:30:00-04:00,2.1500000953674316,2.1600000858306885,2.1500000953674316,2.1500000953674316,1451,0.0,0.0
2023-05-30 13:30:00-04:00,2.1700000762939453,2.1700000762939453,2.1500000953674316,2.1600000858306885,1092,0.0,0.0
2023-05-30 14:30:00-04:00,2.167799949645996,2.200000047683716,2.167799949645996,2.200000047683716,5311,0.0,0.0
2023-05-30 15:30:00-04:00,2.1700000762939453,2.2300000190734863,2.1700000762939453,2.2300000190734863,22058,0.0,0.0
2023-05-31 09:30:00-04:00,2.25,2.2699999809265137,2.190000057220459,2.2200000286102295,9929,0.0,0.0
2023-05-31 10:30:00-04:00,2.2149999141693115,2.240000009536743,2.2149999141693115,2.240000009536743,1500,0.0,0.0
2023-05-31 12:30:00-04:00,2.234999895095825,2.234999895095825,2.234999895095825,2.234999895095825,348,0.0,0.0
2023-05-31 13:30:00-04:00,2.2428998947143555,2.2908999919891357,2.2428998947143555,2.2799999713897705,11814,0.0,0.0
2023-05-31 14:30:00-04:00,2.2899999618530273,2.299999952316284,2.2899999618530273,2.2950000762939453,2332,0.0,0.0
2023-05-31 15:30:00-04:00,2.2950000762939453,2.2950000762939453,2.2799999713897705,2.2799999713897705,5150,0.0,0.0
2023-06-01 09:30:00-04:00,2.25,2.25,2.226300001144409,2.2397000789642334,0,0.0,0.0
2023-06-01 12:30:00-04:00,2.2200000286102295,2.25,2.2200000286102295,2.2200000286102295,1631,0.0,0.0
2023-06-01 13:30:00-04:00,2.2300000190734863,2.240000009536743,2.2300000190734863,2.240000009536743,499,0.0,0.0
2023-06-01 14:30:00-04:00,2.25,2.369999885559082,2.244999885559082,2.3399999141693115,42690,0.0,0.0
2023-06-01 15:30:00-04:00,2.3499999046325684,2.380000114440918,2.299999952316284,2.380000114440918,0,0.0,0.0
2023-06-02 09:30:00-04:00,2.3499999046325684,2.4000000953674316,2.3499999046325684,2.4000000953674316,0,0.0,0.0
2023-06-02 10:30:00-04:00,2.4000000953674316,2.4000000953674316,2.3499999046325684,2.3499999046325684,24499,0.0,0.0
2023-06-02 11:30:00-04:00,2.3299999237060547,2.3399999141693115,2.319999933242798,2.319999933242798,1715,0.0,0.0
2023-06-02 12:30:00-04:00,2.319999933242798,2.3399999141693115,2.299999952316284,2.3399999141693115,2643,0.0,0.0
2023-06-02 13:30:00-04:00,2.319999933242798,2.3299999237060547,2.309999942779541,2.319999933242798,1448,0.0,0.0
2023-06-02 14:30:00-04:00,2.309999942779541,2.3399999141693115,2.309999942779541,2.3399999141693115,2357,0.0,0.0
2023-06-02 15:30:00-04:00,2.319999933242798,2.3499999046325684,2.319999933242798,2.319999933242798,1973,0.0,0.0
2023-06-05 09:30:00-04:00,2.3201000690460205,2.3201000690460205,2.280100107192993,2.280100107192993,3173,0.0,0.0
2023-06-05 10:30:00-04:00,2.2799999713897705,2.285399913787842,2.259999990463257,2.259999990463257,1185,0.0,0.0
2023-06-05 11:30:00-04:00,2.244999885559082,2.259999990463257,2.2300000190734863,2.2300000190734863,2320,0.0,0.0
2023-06-05 12:30:00-04:00,2.2249999046325684,2.2249999046325684,2.180000066757202,2.180000066757202,2370,0.0,0.0
2023-06-05 13:30:00-04:00,2.1798999309539795,2.2100000381469727,2.1798999309539795,2.2100000381469727,1594,0.0,0.0
2023-06-05 14:30:00-04:00,2.200000047683716,2.240000009536743,2.199899911880493,2.200000047683716,7527,0.0,0.0
2023-06-05 15:30:00-04:00,2.200000047683716,2.2100000381469727,2.180000066757202,2.180000066757202,0,0.0,0.0
2023-06-06 10:30:00-04:00,2.2298998832702637,2.2300000190734863,2.200000047683716,2.200000047683716,737,0.0,0.0
2023-06-06 11:30:00-04:00,2.200000047683716,2.2165000438690186,2.200000047683716,2.200000047683716,506,0.0,0.0
2023-06-06 12:30:00-04:00,2.194999933242798,2.2300000190734863,2.1700000762939453,2.2300000190734863,2372,0.0,0.0
2023-06-06 13:30:00-04:00,2.219899892807007,2.219899892807007,2.219899892807007,2.219899892807007,229,0.0,0.0
2023-06-06 14:30:00-04:00,2.2300000190734863,2.2300000190734863,2.2149999141693115,2.2149999141693115,316,0.0,0.0
2023-06-06 15:30:00-04:00,2.200000047683716,2.200000047683716,2.1500000953674316,2.1700000762939453,3558,0.0,0.0
2023-06-07 09:30:00-04:00,2.180000066757202,2.190000057220459,2.1700000762939453,2.1888999938964844,7262,0.0,0.0
2023-06-07 10:30:00-04:00,2.170099973678589,2.183500051498413,2.1600000858306885,2.1600000858306885,3043,0.0,0.0
2023-06-07 12:30:00-04:00,2.1700000762939453,2.1700000762939453,2.1500000953674316,2.1600000858306885,1101,0.0,0.0
2023-06-07 13:30:00-04:00,2.1600000858306885,2.1700000762939453,2.1600000858306885,2.1700000762939453,715,0.0,0.0
2023-06-07 14:30:00-04:00,2.147200107574463,2.1700000762939453,2.130000114440918,2.1700000762939453,2452,0.0,0.0
2023-06-07 15:30:00-04:00,2.130000114440918,2.1500000953674316,2.130000114440918,2.130000114440918,891,0.0,0.0
2023-06-08 09:30:00-04:00,2.1600000858306885,2.190000057220459,2.1600000858306885,2.180000066757202,0,0.0,0.0
2023-06-08 10:30:00-04:00,2.1731998920440674,2.180000066757202,2.170799970626831,2.180000066757202,1228,0.0,0.0
2023-06-08 11:30:00-04:00,2.190000057220459,2.190000057220459,2.180000066757202,2.180000066757202,302,0.0,0.0
2023-06-08 12:30:00-04:00,2.190000057220459,2.190000057220459,2.180000066757202,2.180000066757202,246,0.0,0.0
2023-06-08 13:30:00-04:00,2.1800999641418457,2.259999990463257,2.180000066757202,2.25,4161,0.0,0.0
2023-06-08 14:30:00-04:00,2.240000009536743,2.259999990463257,2.2100000381469727,2.2100000381469727,2057,0.0,0.0
2023-06-08 15:30:00-04:00,2.180000066757202,2.2300000190734863,2.180000066757202,2.180000066757202,1411,0.0,0.0
2023-06-09 09:30:00-04:00,2.2200000286102295,2.26990008354187,2.2200000286102295,2.26990008354187,461,0.0,0.0
2023-06-09 11:30:00-04:00,2.25,2.259999990463257,2.2100000381469727,2.259999990463257,11500,0.0,0.0
2023-06-09 12:30:00-04:00,2.259999990463257,2.259999990463257,2.259999990463257,2.259999990463257,379,0.0,0.0
2023-06-09 13:30:00-04:00,2.222899913787842,2.222899913787842,2.222899913787842,2.222899913787842,2116,0.0,0.0
2023-06-09 14:30:00-04:00,2.2200000286102295,2.259999990463257,2.2200000286102295,2.259999990463257,407,0.0,0.0
2023-06-09 15:30:00-04:00,2.2699999809265137,2.2699999809265137,2.240000009536743,2.240000009536743,3138,0.0,0.0
2023-06-12 09:30:00-04:00,2.25,2.2799999713897705,2.25,2.2564001083374023,1513,0.0,0.0
2023-06-12 10:30:00-04:00,2.2699999809265137,2.2699999809265137,2.2200000286102295,2.2200000286102295,1776,0.0,0.0
2023-06-12 11:30:00-04:00,2.2100000381469727,2.2100000381469727,2.2100000381469727,2.2100000381469727,510,0.0,0.0
2023-06-12 12:30:00-04:00,2.2300000190734863,2.2300000190734863,2.194999933242798,2.194999933242798,851,0.0,0.0
2023-06-12 13:30:00-04:00,2.151700019836426,2.151700019836426,2.151700019836426,2.151700019836426,1100,0.0,0.0
2023-06-12 14:30:00-04:00,2.1700000762939453,2.1700000762939453,2.1500000953674316,2.1605000495910645,1837,0.0,0.0
2023-06-12 15:30:00-04:00,2.1700000762939453,2.1700000762939453,2.1700000762939453,2.1700000762939453,265,0.0,0.0
2023-06-13 09:30:00-04:00,2.200000047683716,2.200000047683716,2.200000047683716,2.200000047683716,0,0.0,0.0
2023-06-13 10:30:00-04:00,2.194000005722046,2.194000005722046,2.1510000228881836,2.1600000858306885,456,0.0,0.0
2023-06-13 11:30:00-04:00,2.174999952316284,2.174999952316284,2.174999952316284,2.174999952316284,127,0.0,0.0
2023-06-13 12:30:00-04:00,2.190000057220459,2.2184998989105225,2.174999952316284,2.2184998989105225,1768,0.0,0.0
2023-06-13 13:30:00-04:00,2.2200000286102295,2.2200000286102295,2.2200000286102295,2.2200000286102295,334,0.0,0.0
2023-06-13 14:30:00-04:00,2.190000057220459,2.1900999546051025,2.1602001190185547,2.1602001190185547,3447,0.0,0.0
2023-06-13 15:30:00-04:00,2.1700000762939453,2.1700000762939453,2.1500000953674316,2.1500000953674316,1447,0.0,0.0
2023-06-14 09:30:00-04:00,2.119999885559082,2.2100000381469727,2.119999885559082,2.1500000953674316,7964,0.0,0.0
2023-06-14 11:30:00-04:00,2.180000066757202,2.180000066757202,2.180000066757202,2.180000066757202,137,0.0,0.0
2023-06-14 12:30:00-04:00,2.130000114440918,2.130000114440918,1.9700000286102295,2.049999952316284,34569,0.0,0.0
2023-06-14 13:30:00-04:00,2.0199999809265137,2.069999933242798,2.009999990463257,2.069999933242798,939,0.0,0.0
2023-06-14 14:30:00-04:00,2.0999999046325684,2.0999999046325684,2.0452001094818115,2.069999933242798,1064,0.0,0.0
2023-06-14 15:30:00-04:00,2.049999952316284,2.069999933242798,2.0399999618530273,2.0399999618530273,1789,0.0,0.0
2023-06-15 09:30:00-04:00,2.059999942779541,2.069999933242798,2.055000066757202,2.069999933242798,1462,0.0,0.0
2023-06-15 10:30:00-04:00,2.069999933242798,2.069999933242798,2.069999933242798,2.069999933242798,963,0.0,0.0
2023-06-15 11:30:00-04:00,2.0799999237060547,2.0799999237060547,2.0799999237060547,2.0799999237060547,321,0.0,0.0
2023-06-15 12:30:00-04:00,2.050100088119507,2.0799999237060547,2.050100088119507,2.0799999237060547,4057,0.0,0.0
2023-06-15 13:30:00-04:00,2.069999933242798,2.069999933242798,2.059999942779541,2.059999942779541,521,0.0,0.0
2023-06-15 14:30:00-04:00,2.049999952316284,2.0589001178741455,2.009999990463257,2.009999990463257,3894,0.0,0.0
2023-06-15 15:30:00-04:00,2.0297999382019043,2.059999942779541,2.0297000408172607,2.049999952316284,813,0.0,0.0
2023-06-16 09:30:00-04:00,2.049999952316284,2.059999942779541,1.9500000476837158,1.9901000261306763,0,0.0,0.0
2023-06-16 10:30:00-04:00,1.9901000261306763,2.0299999713897705,1.9901000261306763,2.0299999713897705,2746,0.0,0.0
2023-06-16 11:30:00-04:00,2.0299999713897705,2.0299999713897705,2.0,2.015000104904175,1735,0.0,0.0
2023-06-16 12:30:00-04:00,2.0299999713897705,2.0299999713897705,1.9950000047683716,1.9950000047683716,1467,0.0,0.0
2023-06-16 13:30:00-04:00,2.0,2.01990008354187,1.9850000143051147,2.01990008354187,5905,0.0,0.0
2023-06-16 14:30:00-04:00,2.009999990463257,2.0299999713897705,2.0,2.01990008354187,1841,0.0,0.0
2023-06-16 15:30:00-04:00,2.0099000930786133,2.180000066757202,2.0,2.180000066757202,8495,0.0,0.0
2023-06-20 09:30:00-04:00,2.1700000762939453,2.1700000762939453,2.119999885559082,2.119999885559082,597,0.0,0.0
2023-06-20 10:30:00-04:00,2.1600000858306885,2.1600000858306885,2.1600000858306885,2.1600000858306885,212,0.0,0.0
2023-06-20 11:30:00-04:00,2.119999885559082,2.124500036239624,2.049999952316284,2.049999952316284,2900,0.0,0.0
2023-06-20 12:30:00-04:00,2.0799999237060547,2.0999999046325684,2.0799999237060547,2.0999999046325684,3662,0.0,0.0
2023-06-20 13:30:00-04:00,2.079699993133545,2.0799999237060547,2.0722999572753906,2.0722999572753906,523,0.0,0.0
2023-06-20 14:30:00-04:00,2.059999942779541,2.0999999046325684,2.059999942779541,2.0999999046325684,838,0.0,0.0
2023-06-20 15:30:00-04:00,2.0899999141693115,2.0899999141693115,2.059999942779541,2.059999942779541,352,0.0,0.0
2023-06-21 09:30:00-04:00,2.1159000396728516,2.1405999660491943,2.059999942779541,2.059999942779541,3093,0.0,0.0
2023-06-21 10:30:00-04:00,2.059999942779541,2.0799999237060547,1.9900000095367432,2.0799999237060547,20603,0.0,0.0
2023-06-21 11:30:00-04:00,2.0799999237060547,2.0799999237060547,2.0799999237060547,2.0799999237060547,101,0.0,0.0
2023-06-21 12:30:00-04:00,2.0199999809265137,2.0199999809265137,2.0199999809265137,2.0199999809265137,176,0.0,0.0
2023-06-21 13:30:00-04:00,2.0,2.069999933242798,2.0,2.069999933242798,600,0.0,0.0
2023-06-21 14:30:00-04:00,2.039900064468384,2.0687999725341797,2.0299999713897705,2.0299999713897705,4243,0.0,0.0
2023-06-21 15:30:00-04:00,2.069999933242798,2.069999933242798,2.055000066757202,2.069999933242798,1076,0.0,0.0
2023-06-22 09:30:00-04:00,2.0201001167297363,2.0201001167297363,2.0201001167297363,2.0201001167297363,0,0.0,0.0
2023-06-22 14:30:00-04:00,2.0560998916625977,2.0560998916625977,2.0399999618530273,2.0399999618530273,392,0.0,0.0
2023-06-22 15:30:00-04:00,2.0399999618530273,2.0399999618530273,2.0350000858306885,2.0350000858306885,246,0.0,0.0
2023-06-23 09:30:00-04:00,1.9901000261306763,1.9901000261306763,1.9901000261306763,1.9901000261306763,0,0.0,0.0
2023-06-23 10:30:00-04:00,2.0350000858306885,2.0350000858306885,2.0350000858306885,2.0350000858306885,510,0.0,0.0
2023-06-23 11:30:00-04:00,2.0,2.0299999713897705,1.8350000381469727,2.0299999713897705,21779,0.0,0.0
2023-06-23 13:30:00-04:00,2.0299999713897705,2.0299999713897705,2.0299999713897705,2.0299999713897705,111,0.0,0.0
2023-06-23 14:30:00-04:00,2.0199999809265137,2.0299999713897705,2.009999990463257,2.0299999713897705,1702,0.0,0.0
2023-06-23 15:30:00-04:00,2.0799999237060547,2.0899999141693115,2.0399999618530273,2.069999933242798,1262,0.0,0.0
2023-06-26 09:30:00-04:00,2.069999933242798,2.069999933242798,2.0299999713897705,2.0299999713897705,9998,0.0,0.0
2023-06-26 10:30:00-04:00,2.0299999713897705,2.0299999713897705,2.0299999713897705,2.0299999713897705,114,0.0,0.0
2023-06-26 11:30:00-04:00,2.009999990463257,2.009999990463257,1.9299999475479126,1.9993000030517578,7763,0.0,0.0
2023-06-26 13:30:00-04:00,2.0399999618530273,2.0499000549316406,2.0399999618530273,2.0499000549316406,2244,0.0,0.0
2023-06-26 14:30:00-04:00,1.9800000190734863,2.009999990463257,1.975000023841858,1.9800000190734863,9425,0.0,0.0
2023-06-26 15:30:00-04:00,1.9946999549865723,2.009999990463257,1.9946999549865723,2.009999990463257,802,0.0,0.0
2023-06-27 10:30:00-04:00,1.9700000286102295,2.000999927520752,1.8901000022888184,1.982200026512146,13820,0.0,0.0
2023-06-27 14:30:00-04:00,1.9896999597549438,1.9896999597549438,1.9896999597549438,1.9896999597549438,191,0.0,0.0
2023-06-27 15:30:00-04:00,1.9800000190734863,1.9800000190734863,1.9800000190734863,1.9800000190734863,100,0.0,0.0
2023-06-28 09:30:00-04:00,1.820099949836731,2.01990008354187,1.820099949836731,2.01990008354187,0,0.0,0.0
2023-06-28 11:30:00-04:00,2.029900074005127,2.029900074005127,2.009999990463257,2.009999990463257,1656,0.0,0.0
2023-06-28 12:30:00-04:00,1.9900000095367432,1.9900000095367432,1.9700000286102295,1.9700000286102295,600,0.0,0.0
2023-06-28 13:30:00-04:00,2.0,2.0299999713897705,1.9950000047683716,2.0299999713897705,3305,0.0,0.0
2023-06-28 14:30:00-04:00,1.9950000047683716,1.9950000047683716,1.9565999507904053,1.9850000143051147,1338,0.0,0.0
2023-06-28 15:30:00-04:00,2.009999990463257,2.009999990463257,2.009999990463257,2.009999990463257,104,0.0,0.0
2023-06-29 09:30:00-04:00,2.009999990463257,2.069999933242798,1.9801000356674194,1.9801000356674194,9282,0.0,0.0
2023-06-29 10:30:00-04:00,2.077199935913086,2.077199935913086,2.0299999713897705,2.0299999713897705,1180,0.0,0.0
2023-06-29 11:30:00-04:00,2.069999933242798,2.069999933242798,1.9500999450683594,2.069999933242798,8053,0.0,0.0
2023-06-29 12:30:00-04:00,1.920799970626831,1.920799970626831,1.920799970626831,1.920799970626831,197,0.0,0.0
2023-06-29 13:30:00-04:00,1.899999976158142,1.940000057220459,1.899999976158142,1.9199999570846558,2997,0.0,0.0
2023-06-29 15:30:00-04:00,1.940000057220459,1.9800000190734863,1.9299999475479126,1.975000023841858,1112,0.0,0.0
2023-06-30 09:30:00-04:00,1.9450000524520874,1.9450000524520874,1.8899999856948853,1.9299999475479126,5882,0.0,0.0
2023-06-30 10:30:00-04:00,1.9299999475479126,1.9299999475479126,1.899999976158142,1.909999966621399,4233,0.0,0.0
2023-06-30 11:30:00-04:00,1.8899999856948853,1.9098999500274658,1.8899999856948853,1.899999976158142,2134,0.0,0.0
2023-06-30 12:30:00-04:00,1.899999976158142,1.909999966621399,1.8700000047683716,1.8700000047683716,4678,0.0,0.0
2023-06-30 13:30:00-04:00,1.8898999691009521,1.8898999691009521,1.8799999952316284,1.8806999921798706,1048,0.0,0.0
2023-06-30 14:30:00-04:00,1.8898999691009521,1.9199999570846558,1.850000023841858,1.8799999952316284,8180,0.0,0.0
2023-06-30 15:30:00-04:00,1.8700000047683716,1.9287999868392944,1.850000023841858,1.899999976158142,5173,0.0,0.0
2023-07-03 09:30:00-04:00,1.9800000190734863,1.9800000190734863,1.9800000190734863,1.9800000190734863,0,0.0,0.0
2023-07-03 10:30:00-04:00,1.9500999450683594,1.9700000286102295,1.9450000524520874,1.9450000524520874,5343,0.0,0.0
2023-07-03 11:30:00-04:00,1.940000057220459,1.940000057220459,1.940000057220459,1.940000057220459,528,0.0,0.0
2023-07-03 12:30:00-04:00,1.9800000190734863,1.9800000190734863,1.9800000190734863,1.9800000190734863,428,0.0,0.0
2023-07-05 09:30:00-04:00,1.9793000221252441,1.9793000221252441,1.968999981880188,1.9793000221252441,0,0.0,0.0
2023-07-05 10:30:00-04:00,1.9900000095367432,1.9900000095367432,1.9900000095367432,1.9900000095367432,192,0.0,0.0
2023-07-05 11:30:00-04:00,1.9838999509811401,1.9900000095367432,1.940999984741211,1.940999984741211,11342,0.0,0.0
2023-07-05 12:30:00-04:00,1.9788999557495117,1.9788999557495117,1.9788999557495117,1.9788999557495117,325,0.0,0.0
2023-07-05 14:30:00-04:00,1.9800000190734863,1.9900000095367432,1.9700000286102295,1.9900000095367432,635,0.0,0.0
2023-07-05 15:30:00-04:00,1.9600000381469727,1.9600000381469727,1.9600000381469727,1.9600000381469727,168,0.0,0.0
2023-07-06 09:30:00-04:00,1.9449000358581543,1.9449000358581543,1.910099983215332,1.910099983215332,0,0.0,0.0
2023-07-06 10:30:00-04:00,1.899999976158142,1.909999966621399,1.875,1.909999966621399,11960,0.0,0.0
2023-07-06 11:30:00-04:00,1.8600000143051147,1.909999966621399,1.8600000143051147,1.899999976158142,7805,0.0,0.0
2023-07-06 12:30:00-04:00,1.899999976158142,1.899999976158142,1.899999976158142,1.899999976158142,225,0.0,0.0
2023-07-06 13:30:00-04:00,1.8990000486373901,1.8990000486373901,1.875,1.889799952507019,1982,0.0,0.0
2023-07-06 14:30:00-04:00,1.8799999952316284,1.8799999952316284,1.8700000047683716,1.8799999952316284,3559,0.0,0.0
2023-07-06 15:30:00-04:00,1.8798999786376953,1.899899959564209,1.8600000143051147,1.8600000143051147,1661,0.0,0.0
2023-07-07 09:30:00-04:00,1.8600000143051147,1.8600000143051147,1.8600000143051147,1.8600000143051147,293,0.0,0.0
2023-07-07 10:30:00-04:00,1.8899999856948853,1.9190000295639038,1.8899999856948853,1.9190000295639038,5196,0.0,0.0
2023-07-07 11:30:00-04:00,1.934999942779541,1.934999942779541,1.934999942779541,1.934999942779541,340,0.0,0.0
2023-07-07 12:30:00-04:00,1.940000057220459,1.9496999979019165,1.9299999475479126,1.9496999979019165,5927,0.0,0.0
2023-07-07 13:30:00-04:00,1.9300999641418457,1.940000057220459,1.9300999641418457,1.940000057220459,4153,0.0,0.0
2023-07-07 14:30:00-04:00,1.9388999938964844,1.9388999938964844,1.9388999938964844,1.9388999938964844,450,0.0,0.0
2023-07-07 15:30:00-04:00,1.940000057220459,1.940000057220459,1.940000057220459,1.940000057220459,551,0.0,0.0
2023-07-10 09:30:00-04:00,1.9276000261306763,1.9276000261306763,1.9276000261306763,1.9276000261306763,160,0.0,0.0
2023-07-10 10:30:00-04:00,1.9550000429153442,1.989799976348877,1.9550000429153442,1.989799976348877,919,0.0,0.0
2023-07-10 12:30:00-04:00,1.9800000190734863,2.049999952316284,1.9800000190734863,2.049999952316284,3544,0.0,0.0
2023-07-10 13:30:00-04:00,2.0209999084472656,2.0299999713897705,1.9900000095367432,2.0299999713897705,3135,0.0,0.0
2023-07-10 14:30:00-04:00,2.0199999809265137,2.0299999713897705,2.0199999809265137,2.0299999713897705,1825,0.0,0.0
2023-07-10 15:30:00-04:00,2.0299999713897705,2.0299999713897705,2.0299999713897705,2.0299999713897705,1261,0.0,0.0
2023-07-11 09:30:00-04:00,2.0199999809265137,2.0199999809265137,1.9500000476837158,1.9500999450683594,0,0.0,0.0
2023-07-11 10:30:00-04:00,1.954800009727478,2.0,1.954800009727478,2.0,2437,0.0,0.0
2023-07-11 11:30:00-04:00,1.9500999450683594,1.950700044631958,1.8801000118255615,1.8801000118255615,12896,0.0,0.0
2023-07-11 12:30:00-04:00,1.9199999570846558,1.938599944114685,1.9199999570846558,1.938599944114685,478,0.0,0.0
2023-07-11 13:30:00-04:00,1.9199999570846558,1.9199999570846558,1.9199999570846558,1.9199999570846558,490,0.0,0.0
2023-07-11 14:30:00-04:00,1.9390000104904175,1.9390000104904175,1.909999966621399,1.909999966621399,2708,0.0,0.0
2023-07-11 15:30:00-04:00,1.9700000286102295,1.9800000190734863,1.9700000286102295,1.9800000190734863,1022,0.0,0.0
2023-07-12 09:30:00-04:00,1.9700000286102295,1.9700000286102295,1.9700000286102295,1.9700000286102295,0,0.0,0.0
2023-07-12 10:30:00-04:00,1.975000023841858,1.975000023841858,1.9199999570846558,1.940000057220459,4452,0.0,0.0
2023-07-12 11:30:00-04:00,1.940000057220459,1.940000057220459,1.9214999675750732,1.9299999475479126,0,0.0,0.0
2023-07-12 12:30:00-04:00,1.9199999570846558,1.9199999570846558,1.8899999856948853,1.8899999856948853,10710,0.0,0.0
2023-07-12 13:30:00-04:00,1.899999976158142,1.9049999713897705,1.7999999523162842,1.8600000143051147,14721,0.0,0.0
2023-07-12 14:30:00-04:00,1.8700000047683716,1.8899999856948853,1.8600000143051147,1.8600000143051147,783,0.0,0.0
2023-07-12 15:30:00-04:00,1.899999976158142,1.899999976158142,1.8600000143051147,1.885699987411499,3795,0.0,0.0
2023-07-13 09:30:00-04:00,1.8700000047683716,1.8980000019073486,1.8450000286102295,1.8700000047683716,3896,0.0,0.0
2023-07-13 10:30:00-04:00,1.899999976158142,1.899999976158142,1.899999976158142,1.899999976158142,100,0.0,0.0
2023-07-13 11:30:00-04:00,1.899999976158142,1.899999976158142,1.899999976158142,1.899999976158142,301,0.0,0.0
2023-07-13 12:30:00-04:00,1.8949999809265137,1.8949999809265137,1.8899999856948853,1.8899999856948853,1708,0.0,0.0
2023-07-13 13:30:00-04:00,1.909999966621399,1.940000057220459,1.8899999856948853,1.8899999856948853,7635,0.0,0.0
2023-07-13 14:30:00-04:00,1.8901000022888184,1.8967000246047974,1.830299973487854,1.8600000143051147,8848,0.0,0.0
2023-07-13 15:30:00-04:00,1.8700000047683716,1.8700000047683716,1.8600000143051147,1.8600000143051147,1060,0.0,0.0
2023-07-14 09:30:00-04:00,1.8300000429153442,1.8300000429153442,1.8300000429153442,1.8300000429153442,1389,0.0,0.0
2023-07-14 12:30:00-04:00,1.8898999691009521,1.8898999691009521,1.8600000143051147,1.8600000143051147,310,0.0,0.0
2023-07-14 15:30:00-04:00,1.8623000383377075,1.899999976158142,1.8623000383377075,1.899999976158142,4462,0.0,0.0
2023-07-17 09:30:00-04:00,1.8899999856948853,1.899999976158142,1.8701000213623047,1.899999976158142,0,0.0,0.0
2023-07-17 10:30:00-04:00,1.899999976158142,1.899999976158142,1.899999976158142,1.899999976158142,1287,0.0,0.0
2023-07-17 11:30:00-04:00,1.899999976158142,1.899999976158142,1.899999976158142,1.899999976158142,409,0.0,0.0
2023-07-17 12:30:00-04:00,1.9049999713897705,1.9049999713897705,1.8799999952316284,1.8899999856948853,4851,0.0,0.0
2023-07-17 13:30:00-04:00,1.8849999904632568,1.8898999691009521,1.8849999904632568,1.8898999691009521,1472,0.0,0.0
2023-07-17 15:30:00-04:00,1.899999976158142,1.899999976158142,1.8700000047683716,1.8700000047683716,0,0.0,0.0
2023-07-18 10:30:00-04:00,1.9600000381469727,1.9600000381469727,1.9600000381469727,1.9600000381469727,251,0.0,0.0
2023-07-18 12:30:00-04:00,1.9199999570846558,1.9199999570846558,1.9199999570846558,1.9199999570846558,924,0.0,0.0
2023-07-18 13:30:00-04:00,1.909999966621399,1.957900047302246,1.909999966621399,1.957900047302246,2576,0.0,0.0
2023-07-18 14:30:00-04:00,1.940000057220459,1.9600000381469727,1.9199999570846558,1.9200999736785889,3305,0.0,0.0
2023-07-18 15:30:00-04:00,1.9500000476837158,1.9500000476837158,1.9500000476837158,1.9500000476837158,217,0.0,0.0
2023-07-19 09:30:00-04:00,1.9200999736785889,1.9550000429153442,1.909999966621399,1.9550000429153442,9871,0.0,0.0
2023-07-19 10:30:00-04:00,1.9299999475479126,1.9299999475479126,1.9299999475479126,1.9299999475479126,1115,0.0,0.0
2023-07-19 11:30:00-04:00,1.910099983215332,1.9138000011444092,1.910099983215332,1.9138000011444092,0,0.0,0.0
2023-07-19 12:30:00-04:00,1.909999966621399,1.909999966621399,1.909999966621399,1.909999966621399,11549,0.0,0.0
2023-07-19 13:30:00-04:00,1.899999976158142,1.899999976158142,1.899999976158142,1.899999976158142,203,0.0,0.0
2023-07-19 14:30:00-04:00,1.8799999952316284,1.8799999952316284,1.8799999952316284,1.8799999952316284,222,0.0,0.0
2023-07-19 15:30:00-04:00,1.9010000228881836,1.940000057220459,1.899999976158142,1.9299999475479126,0,0.0,0.0
2023-07-20 09:30:00-04:00,1.9199999570846558,1.9479000568389893,1.9199999570846558,1.9240000247955322,1939,0.0,0.0
2023-07-20 10:30:00-04:00,1.899999976158142,1.9299999475479126,1.899999976158142,1.9299999475479126,1351,0.0,0.0
2023-07-20 12:30:00-04:00,1.899999976158142,1.899999976158142,1.8899999856948853,1.8899999856948853,657,0.0,0.0
2023-07-20 14:30:00-04:00,1.8949999809265137,1.8949999809265137,1.8949999809265137,1.8949999809265137,0,0.0,0.0
2023-07-21 09:30:00-04:00,1.9088000059127808,1.9088000059127808,1.9088000059127808,1.9088000059127808,1306,0.0,0.0
2023-07-21 10:30:00-04:00,1.8899999856948853,1.8899999856948853,1.8799999952316284,1.8799999952316284,6340,0.0,0.0
2023-07-21 11:30:00-04:00,1.8700000047683716,1.8700000047683716,1.8600000143051147,1.8600000143051147,1545,0.0,0.0
2023-07-21 12:30:00-04:00,1.8600000143051147,1.8600000143051147,1.8600000143051147,1.8600000143051147,481,0.0,0.0
2023-07-21 14:30:00-04:00,1.8799999952316284,1.8799999952316284,1.8600000143051147,1.875,5743,0.0,0.0
2023-07-21 15:30:00-04:00,1.8700000047683716,1.8799999952316284,1.8600000143051147,1.8799999952316284,854,0.0,0.0
2023-07-24 09:30:00-04:00,1.9500000476837158,2.0399999618530273,1.8601000308990479,1.9700000286102295,3023,0.0,0.0
2023-07-24 10:30:00-04:00,1.9800000190734863,1.9800000190734863,1.8675999641418457,1.9259999990463257,5025,0.0,0.0
2023-07-24 11:30:00-04:00,1.8949999809265137,1.8949999809265137,1.8949999809265137,1.8949999809265137,275,0.0,0.0
2023-07-24 12:30:00-04:00,1.909999966621399,1.909999966621399,1.8973000049591064,1.8973000049591064,771,0.0,0.0
2023-07-24 13:30:00-04:00,1.865399956703186,1.8899999856948853,1.850000023841858,1.850000023841858,4222,0.0,0.0
2023-07-24 14:30:00-04:00,1.8300000429153442,1.8600000143051147,1.7999999523162842,1.8589999675750732,9591,0.0,0.0
2023-07-24 15:30:00-04:00,1.8600000143051147,1.899999976158142,1.8600000143051147,1.899999976158142,2854,0.0,0.0
2023-07-25 09:30:00-04:00,1.9199999570846558,1.9199999570846558,1.9199999570846558,1.9199999570846558,505,0.0,0.0
2023-07-25 12:30:00-04:00,1.8932000398635864,1.8932000398635864,1.8932000398635864,1.8932000398635864,338,0.0,0.0
2023-07-25 13:30:00-04:00,1.8899999856948853,1.899999976158142,1.820199966430664,1.8600000143051147,9533,0.0,0.0
2023-07-25 14:30:00-04:00,1.8799999952316284,1.8899999856948853,1.8799999952316284,1.8899999856948853,1092,0.0,0.0
2023-07-25 15:30:00-04:00,1.8300000429153442,1.8300000429153442,1.8300000429153442,1.8300000429153442,811,0.0,0.0
2023-07-26 10:30:00-04:00,1.929900050163269,1.929900050163269,1.929900050163269,1.929900050163269,1149,0.0,0.0
2023-07-26 12:30:00-04:00,1.8600000143051147,1.8600000143051147,1.8600000143051147,1.8600000143051147,121,0.0,0.0
2023-07-26 14:30:00-04:00,1.8593000173568726,1.8593000173568726,1.8593000173568726,1.8593000173568726,500,0.0,0.0
2023-07-26 15:30:00-04:00,1.832200050354004,1.840000033378601,1.7999999523162842,1.7999999523162842,3329,0.0,0.0
2023-07-27 09:30:00-04:00,1.8450000286102295,1.8450000286102295,1.840000033378601,1.840000033378601,0,0.0,0.0
2023-07-27 10:30:00-04:00,1.8700000047683716,1.8825000524520874,1.8600000143051147,1.8825000524520874,1866,0.0,0.0
2023-07-27 11:30:00-04:00,1.899999976158142,1.9133000373840332,1.8799999952316284,1.8799999952316284,6305,0.0,0.0
2023-07-27 12:30:00-04:00,1.8700000047683716,1.8700000047683716,1.8200000524520874,1.8518999814987183,9628,0.0,0.0
2023-07-27 13:30:00-04:00,1.8514000177383423,1.8514000177383423,1.840000033378601,1.840000033378601,1775,0.0,0.0
2023-07-27 14:30:00-04:00,1.815000057220459,1.8200000524520874,1.815000057220459,1.8200000524520874,1249,0.0,0.0
2023-07-27 15:30:00-04:00,1.815000057220459,1.815000057220459,1.7999999523162842,1.7999999523162842,1090,0.0,0.0
2023-07-28 09:30:00-04:00,1.809999942779541,1.809999942779541,1.809999942779541,1.809999942779541,172,0.0,0.0
2023-07-28 10:30:00-04:00,1.7999999523162842,1.840000033378601,1.7999999523162842,1.840000033378601,250,0.0,0.0
2023-07-28 11:30:00-04:00,1.8072999715805054,1.8899999856948853,1.8072999715805054,1.840000033378601,4239,0.0,0.0
2023-07-28 12:30:00-04:00,1.840000033378601,1.840000033378601,1.809999942779541,1.809999942779541,2728,0.0,0.0
2023-07-28 13:30:00-04:00,1.7999999523162842,1.7999999523162842,1.7799999713897705,1.7799999713897705,1701,0.0,0.0
2023-07-28 14:30:00-04:00,1.7949999570846558,1.7949999570846558,1.75,1.75,5038,0.0,0.0
2023-07-28 15:30:00-04:00,1.7698999643325806,1.7799999713897705,1.75,1.7799999713897705,2454,0.0,0.0
2023-07-31 09:30:00-04:00,1.7699999809265137,1.850000023841858,1.7699999809265137,1.850000023841858,0,0.0,0.0
2023-07-31 12:30:00-04:00,1.8200000524520874,1.8293999433517456,1.7999999523162842,1.809999942779541,3658,0.0,0.0
2023-07-31 13:30:00-04:00,1.7899999618530273,1.7949999570846558,1.7899999618530273,1.7949999570846558,4870,0.0,0.0
2023-07-31 14:30:00-04:00,1.7949999570846558,1.7999999523162842,1.7949999570846558,1.7999999523162842,2810,0.0,0.0
2023-07-31 15:30:00-04:00,1.809999942779541,1.809999942779541,1.7599999904632568,1.7799999713897705,1703,0.0,0.0
2023-08-01 09:30:00-04:00,1.8350000381469727,1.8350000381469727,1.7999999523162842,1.809999942779541,2385,0.0,0.0
2023-08-01 10:30:00-04:00,1.809999942779541,1.8200000524520874,1.7999999523162842,1.8200000524520874,2284,0.0,0.0
2023-08-01 11:30:00-04:00,1.8300000429153442,1.8300000429153442,1.8300000429153442,1.8300000429153442,490,0.0,0.0
2023-08-01 12:30:00-04:00,1.7899999618530273,1.7899999618530273,1.7699999809265137,1.7699999809265137,696,0.0,0.0
2023-08-01 13:30:00-04:00,1.7716000080108643,1.7716000080108643,1.7716000080108643,1.7716000080108643,691,0.0,0.0
2023-08-01 14:30:00-04:00,1.7949999570846558,1.7949999570846558,1.7949999570846558,1.7949999570846558,0,0.0,0.0
2023-08-01 15:30:00-04:00,1.7899999618530273,1.7899999618530273,1.7799999713897705,1.7799999713897705,0,0.0,0.0
2023-08-02 09:30:00-04:00,1.809999942779541,1.809999942779541,1.7999999523162842,1.7999999523162842,200,0.0,0.0
2023-08-02 10:30:00-04:00,1.7999999523162842,1.7999999523162842,1.7999999523162842,1.7999999523162842,228,0.0,0.0
2023-08-02 11:30:00-04:00,1.7400000095367432,1.7400000095367432,1.7100000381469727,1.7200000286102295,500,0.0,0.0
2023-08-02 12:30:00-04:00,1.7100000381469727,1.7400000095367432,1.6799999475479126,1.6799999475479126,3696,0.0,0.0
2023-08-02 13:30:00-04:00,1.6799999475479126,1.690000057220459,1.6799999475479126,1.6799999475479126,1306,0.0,0.0
2023-08-02 14:30:00-04:00,1.6799999475479126,1.6966999769210815,1.6399999856948853,1.6966999769210815,5974,0.0,0.0
2023-08-02 15:30:00-04:00,1.7000000476837158,1.7200000286102295,1.7000000476837158,1.7100000381469727,532,0.0,0.0
2023-08-03 09:30:00-04:00,1.75,1.75,1.6900999546051025,1.6900999546051025,3278,0.0,0.0
2023-08-03 11:30:00-04:00,1.7050000429153442,1.7050000429153442,1.7050000429153442,1.7050000429153442,262,0.0,0.0
2023-08-03 12:30:00-04:00,1.7050000429153442,1.7050000429153442,1.7000000476837158,1.7000000476837158,530,0.0,0.0
2023-08-03 13:30:00-04:00,1.715000033378601,1.7350000143051147,1.714400053024292,1.7350000143051147,2245,0.0,0.0
2023-08-03 14:30:00-04:00,1.7400000095367432,1.7400000095367432,1.7400000095367432,1.7400000095367432,501,0.0,0.0
2023-08-03 15:30:00-04:00,1.7785999774932861,1.7798999547958374,1.7599999904632568,1.7798999547958374,2016,0.0,0.0
2023-08-04 12:30:00-04:00,1.7237999439239502,1.7237999439239502,1.7237999439239502,1.7237999439239502,271,0.0,0.0
2023-08-04 14:30:00-04:00,1.75,1.75,1.75,1.75,227,0.0,0.0
2023-08-04 15:30:00-04:00,1.7386000156402588,1.7386000156402588,1.7386000156402588,1.7386000156402588,500,0.0,0.0
2023-08-07 09:30:00-04:00,1.7000000476837158,1.819200038909912,1.7000000476837158,1.7200000286102295,8249,0.0,0.0
2023-08-07 10:30:00-04:00,1.7300000190734863,1.7300000190734863,1.7200000286102295,1.7200000286102295,1645,0.0,0.0
2023-08-07 11:30:00-04:00,1.715000033378601,1.7299000024795532,1.715000033378601,1.715000033378601,1953,0.0,0.0
2023-08-07 14:30:00-04:00,1.7400000095367432,1.7400000095367432,1.7400000095367432,1.7400000095367432,1510,0.0,0.0
2023-08-07 15:30:00-04:00,1.7400000095367432,1.7599999904632568,1.7400000095367432,1.75,1252,0.0,0.0
2023-08-08 11:30:00-04:00,1.7999999523162842,1.7999999523162842,1.690000057220459,1.7400000095367432,13374,0.0,0.0
2023-08-08 12:30:00-04:00,1.7799999713897705,1.7799999713897705,1.75,1.7700999975204468,1603,0.0,0.0
2023-08-08 15:30:00-04:00,1.7899999618530273,1.7899999618530273,1.7899999618530273,1.7899999618530273,527,0.0,0.0
2023-08-09 09:30:00-04:00,1.7799999713897705,1.837499976158142,1.7799999713897705,1.7949999570846558,754,0.0,0.0
2023-08-09 10:30:00-04:00,1.8005000352859497,1.8142999410629272,1.7799999713897705,1.7799999713897705,682,0.0,0.0
2023-08-09 11:30:00-04:00,1.7599999904632568,1.7962000370025635,1.7599999904632568,1.7962000370025635,950,0.0,0.0
2023-08-09 12:30:00-04:00,1.7999999523162842,1.7999999523162842,1.7999999523162842,1.7999999523162842,2000,0.0,0.0
2023-08-09 13:30:00-04:00,1.774999976158142,1.774999976158142,1.774999976158142,1.774999976158142,104,0.0,0.0
2023-08-09 14:30:00-04:00,1.784999966621399,1.791700005531311,1.7699999809265137,1.778499960899353,1919,0.0,0.0
2023-08-09 15:30:00-04:00,1.7599999904632568,1.7999999523162842,1.7599999904632568,1.7999999523162842,0,0.0,0.0
2023-08-10 09:30:00-04:00,1.8299000263214111,1.8299000263214111,1.8299000263214111,1.8299000263214111,239,0.0,0.0
2023-08-10 10:30:00-04:00,1.8200000524520874,1.899999976158142,1.8200000524520874,1.899999976158142,16695,0.0,0.0
2023-08-10 11:30:00-04:00,1.899899959564209,1.9800000190734863,1.8949999809265137,1.940000057220459,19059,0.0,0.0
2023-08-10 12:30:00-04:00,1.940000057220459,1.940000057220459,1.910099983215332,1.910099983215332,3795,0.0,0.0
2023-08-10 13:30:00-04:00,1.9249999523162842,1.9500000476837158,1.9249999523162842,1.9500000476837158,5134,0.0,0.0
2023-08-10 14:30:00-04:00,1.9299999475479126,1.9800000190734863,1.9107999801635742,1.9731999635696411,32837,0.0,0.0
2023-08-10 15:30:00-04:00,1.9500999450683594,1.9700000286102295,1.9500000476837158,1.9700000286102295,3887,0.0,0.0
2023-08-11 09:30:00-04:00,1.9199999570846558,1.965000033378601,1.910099983215332,1.965000033378601,3572,0.0,0.0
2023-08-11 10:30:00-04:00,1.965000033378601,1.9900000095367432,1.9600000381469727,1.986899971961975,7321,0.0,0.0
2023-08-11 11:30:00-04:00,1.9600000381469727,1.9800000190734863,1.932800054550171,1.9800000190734863,11216,0.0,0.0
2023-08-11 12:30:00-04:00,1.9550000429153442,1.9700000286102295,1.9500000476837158,1.9700000286102295,4524,0.0,0.0
2023-08-11 13:30:00-04:00,1.965000033378601,1.965000033378601,1.965000033378601,1.965000033378601,2632,0.0,0.0
2023-08-11 15:30:00-04:00,1.9600000381469727,1.9700000286102295,1.9299999475479126,1.9299999475479126,8099,0.0,0.0
2023-08-14 09:30:00-04:00,1.9500000476837158,1.9800000190734863,1.934999942779541,1.9500999450683594,4430,0.0,0.0
2023-08-14 10:30:00-04:00,1.9502999782562256,1.9800000190734863,1.9501999616622925,1.9800000190734863,4186,0.0,0.0
2023-08-14 11:30:00-04:00,1.9700000286102295,2.0399999618530273,1.9700000286102295,2.0206000804901123,16598,0.0,0.0
2023-08-14 12:30:00-04:00,2.025899887084961,2.025899887084961,2.009999990463257,2.009999990463257,1026,0.0,0.0
2023-08-14 13:30:00-04:00,2.0,2.0,1.9500000476837158,1.9800000190734863,8643,0.0,0.0
2023-08-14 14:30:00-04:00,2.00570011138916,2.00570011138916,1.9850000143051147,1.9850000143051147,705,0.0,0.0
2023-08-14 15:30:00-04:00,2.009999990463257,2.009999990463257,2.009999990463257,2.009999990463257,0,0.0,0.0
2023-08-15 09:30:00-04:00,1.9800000190734863,2.023900032043457,1.9800000190734863,2.0199999809265137,1394,0.0,0.0
2023-08-15 10:30:00-04:00,1.9800000190734863,1.9800000190734863,1.9800000190734863,1.9800000190734863,512,0.0,0.0
2023-08-15 12:30:00-04:00,1.9800000190734863,1.9800000190734863,1.9574999809265137,1.9673999547958374,0,0.0,0.0
2023-08-15 13:30:00-04:00,1.9500000476837158,1.9500000476837158,1.9199999570846558,1.9199999570846558,11473,0.0,0.0
2023-08-15 14:30:00-04:00,1.8899999856948853,1.8899999856948853,1.8894000053405762,1.8899999856948853,1840,0.0,0.0
2023-08-15 15:30:00-04:00,1.8899999856948853,1.9199999570846558,1.7999999523162842,1.7999999523162842,0,0.0,0.0
2023-08-16 09:30:00-04:00,1.8301000595092773,1.8700000047683716,1.8301000595092773,1.8700000047683716,202,0.0,0.0
2023-08-16 10:30:00-04:00,1.8949999809265137,1.899999976158142,1.8550000190734863,1.8550000190734863,0,0.0,0.0
2023-08-16 11:30:00-04:00,1.8401000499725342,1.8401000499725342,1.8401000499725342,1.8401000499725342,4055,0.0,0.0
2023-08-16 14:30:00-04:00,1.8700000047683716,1.8700000047683716,1.8700000047683716,1.8700000047683716,559,0.0,0.0
2023-08-16 15:30:00-04:00,1.8700000047683716,1.8700000047683716,1.8700000047683716,1.8700000047683716,401,0.0,0.0
2023-08-17 09:30:00-04:00,1.909999966621399,1.909999966621399,1.850100040435791,1.850100040435791,9069,0.0,0.0
2023-08-17 10:30:00-04:00,1.8658000230789185,1.899999976158142,1.8600000143051147,1.8600000143051147,3639,0.0,0.0
2023-08-17 11:30:00-04:00,1.875,1.8899999856948853,1.875,1.875,2357,0.0,0.0
2023-08-17 12:30:00-04:00,1.8799999952316284,1.8799999952316284,1.8799999952316284,1.8799999952316284,107,0.0,0.0
2023-08-17 14:30:00-04:00,1.8801000118255615,1.8899999856948853,1.8801000118255615,1.8899999856948853,411,0.0,0.0
2023-08-17 15:30:00-04:00,1.899899959564209,1.909999966621399,1.8899999856948853,1.909999966621399,0,0.0,0.0
2023-08-18 09:30:00-04:00,1.9600000381469727,1.9600000381469727,1.8799999952316284,1.899899959564209,3601,0.0,0.0
2023-08-18 10:30:00-04:00,1.899999976158142,1.899999976158142,1.881500005722046,1.881500005722046,309,0.0,0.0
2023-08-18 12:30:00-04:00,1.8799999952316284,1.899999976158142,1.8799999952316284,1.899999976158142,1607,0.0,0.0
2023-08-18 13:30:00-04:00,1.8799999952316284,1.899999976158142,1.8799999952316284,1.899999976158142,7619,0.0,0.0
2023-08-18 15:30:00-04:00,1.8899999856948853,1.9299999475479126,1.8700000047683716,1.9299999475479126,5699,0.0,0.0
2023-08-21 09:30:00-04:00,1.9199999570846558,1.940000057220459,1.840000033378601,1.940000057220459,0,0.0,0.0
2023-08-21 10:30:00-04:00,1.850000023841858,1.850000023841858,1.850000023841858,1.850000023841858,128,0.0,0.0
2023-08-21 12:30:00-04:00,1.899999976158142,1.899999976158142,1.8700000047683716,1.8700000047683716,864,0.0,0.0
2023-08-21 13:30:00-04:00,1.8600000143051147,1.8600000143051147,1.8600000143051147,1.8600000143051147,500,0.0,0.0
2023-08-21 14:30:00-04:00,1.8600000143051147,1.8600000143051147,1.8600000143051147,1.8600000143051147,281,0.0,0.0
2023-08-21 15:30:00-04:00,1.8600000143051147,1.8600000143051147,1.8600000143051147,1.8600000143051147,362,0.0,0.0
2023-08-22 11:30:00-04:00,1.8502000570297241,1.8502000570297241,1.850000023841858,1.850000023841858,1886,0.0,0.0
2023-08-22 12:30:00-04:00,1.8798999786376953,1.8798999786376953,1.8798999786376953,1.8798999786376953,1150,0.0,0.0
2023-08-22 14:30:00-04:00,1.8600000143051147,1.8600000143051147,1.8600000143051147,1.8600000143051147,110,0.0,0.0
2023-08-22 15:30:00-04:00,1.8360999822616577,1.8600000143051147,1.8360999822616577,1.8600000143051147,459,0.0,0.0
2023-08-23 09:30:00-04:00,1.847100019454956,1.847100019454956,1.8200000524520874,1.8200000524520874,0,0.0,0.0
2023-08-23 10:30:00-04:00,1.7999999523162842,1.7999999523162842,1.7549999952316284,1.7549999952316284,761,0.0,0.0
2023-08-23 11:30:00-04:00,1.8083000183105469,1.8083000183105469,1.7999999523162842,1.7999999523162842,1654,0.0,0.0
2023-08-23 12:30:00-04:00,1.840000033378601,1.840000033378601,1.809999942779541,1.809999942779541,1169,0.0,0.0
2023-08-23 13:30:00-04:00,1.8200000524520874,1.8200000524520874,1.8200000524520874,1.8200000524520874,544,0.0,0.0
2023-08-23 14:30:00-04:00,1.7999999523162842,1.7999999523162842,1.7999999523162842,1.7999999523162842,113,0.0,0.0
2023-08-23 15:30:00-04:00,1.7999999523162842,1.809999942779541,1.7999999523162842,1.7999999523162842,0,0.0,0.0
2023-08-24 11:30:00-04:00,1.7900999784469604,1.809999942779541,1.7900999784469604,1.809999942779541,2050,0.0,0.0
2023-08-24 12:30:00-04:00,1.7905999422073364,1.7905999422073364,1.715000033378601,1.7300000190734863,9143,0.0,0.0
2023-08-24 13:30:00-04:00,1.7209999561309814,1.7599999904632568,1.7209999561309814,1.7300000190734863,20892,0.0,0.0
2023-08-24 15:30:00-04:00,1.7699999809265137,1.7899999618530273,1.7699999809265137,1.7799999713897705,2175,0.0,0.0
2023-08-25 09:30:00-04:00,1.7599999904632568,1.7599999904632568,1.7599999904632568,1.7599999904632568,1161,0.0,0.0
2023-08-25 10:30:00-04:00,1.8062000274658203,1.8293999433517456,1.8062000274658203,1.8293999433517456,2118,0.0,0.0
2023-08-25 13:30:00-04:00,1.8200000524520874,1.8200000524520874,1.8200000524520874,1.8200000524520874,420,0.0,0.0
2023-08-25 14:30:00-04:00,1.7999999523162842,1.7999999523162842,1.7999999523162842,1.7999999523162842,215,0.0,0.0
2023-08-25 15:30:00-04:00,1.7799999713897705,1.7799999713897705,1.7799999713897705,1.7799999713897705,152,0.0,0.0
2023-08-28 09:30:00-04:00,1.7999999523162842,1.8200000524520874,1.7999999523162842,1.8200000524520874,816,0.0,0.0
2023-08-28 12:30:00-04:00,1.7999999523162842,1.7999999523162842,1.7999999523162842,1.7999999523162842,889,0.0,0.0
2023-08-28 15:30:00-04:00,1.809999942779541,1.8300000429153442,1.809999942779541,1.8200000524520874,982,0.0,0.0
2023-08-29 09:30:00-04:00,1.8200000524520874,1.8200000524520874,1.809999942779541,1.809999942779541,0,0.0,0.0
2023-08-29 10:30:00-04:00,1.8200000524520874,1.8200000524520874,1.8000999689102173,1.8000999689102173,284,0.0,0.0
2023-08-29 13:30:00-04:00,1.8200000524520874,1.8200000524520874,1.7699999809265137,1.7699999809265137,2113,0.0,0.0
2023-08-29 15:30:00-04:00,1.7899999618530273,1.7899999618530273,1.7899999618530273,1.7899999618530273,0,0.0,0.0
2023-08-30 09:30:00-04:00,1.813099980354309,1.813099980354309,1.813099980354309,1.813099980354309,500,0.0,0.0
2023-08-30 10:30:00-04:00,1.815000057220459,1.8300000429153442,1.815000057220459,1.8300000429153442,13247,0.0,0.0
2023-08-30 12:30:00-04:00,1.8700000047683716,1.8700000047683716,1.8600000143051147,1.8600000143051147,319,0.0,0.0
2023-08-30 14:30:00-04:00,1.8799999952316284,1.8799999952316284,1.8799999952316284,1.8799999952316284,148,0.0,0.0
2023-08-30 15:30:00-04:00,1.8600000143051147,1.8899999856948853,1.8600000143051147,1.8899999856948853,0,0.0,0.0
2023-08-31 09:30:00-04:00,1.9049999713897705,1.9199999570846558,1.9049999713897705,1.9199999570846558,2852,0.0,0.0
2023-08-31 10:30:00-04:00,1.9199999570846558,1.9199999570846558,1.909999966621399,1.9150999784469604,1159,0.0,0.0
2023-08-31 11:30:00-04:00,1.906999945640564,1.9199999570846558,1.902400016784668,1.902400016784668,1610,0.0,0.0
2023-08-31 12:30:00-04:00,1.9046000242233276,1.9046000242233276,1.8899999856948853,1.8899999856948853,1213,0.0,0.0
2023-08-31 15:30:00-04:00,1.8899999856948853,1.8899999856948853,1.8899999856948853,1.8899999856948853,681,0.0,0.0
2023-09-01 09:30:00-04:00,1.8899999856948853,1.8899999856948853,1.8899999856948853,1.8899999856948853,2589,0.0,0.0
2023-09-01 10:30:00-04:00,1.899999976158142,1.924399971961975,1.899999976158142,1.924399971961975,863,0.0,0.0
2023-09-01 13:30:00-04:00,1.9199999570846558,1.9299999475479126,1.9198999404907227,1.9249999523162842,2806,0.0,0.0
2023-09-01 14:30:00-04:00,1.9263999462127686,1.9299999475479126,1.9199999570846558,1.9199999570846558,2284,0.0,0.0
2023-09-01 15:30:00-04:00,1.9249999523162842,1.9249999523162842,1.9199999570846558,1.9199999570846558,296,0.0,0.0
2023-09-05 09:30:00-04:00,1.8799999952316284,1.8899999856948853,1.8799999952316284,1.8899999856948853,423,0.0,0.0
2023-09-05 11:30:00-04:00,1.9149999618530273,1.9149999618530273,1.910099983215332,1.910099983215332,2034,0.0,0.0
2023-09-05 13:30:00-04:00,1.899999976158142,1.899999976158142,1.8799999952316284,1.8801000118255615,10317,0.0,0.0
2023-09-05 14:30:00-04:00,1.8799999952316284,1.8799999952316284,1.8600000143051147,1.8600000143051147,929,0.0,0.0
2023-09-05 15:30:00-04:00,1.8824000358581543,1.8899999856948853,1.8824000358581543,1.8899999856948853,0,0.0,0.0
2023-09-06 09:30:00-04:00,1.8899999856948853,1.899999976158142,1.8799999952316284,1.899999976158142,2439,0.0,0.0
2023-09-06 10:30:00-04:00,1.8899999856948853,1.8899999856948853,1.8899999856948853,1.8899999856948853,8594,0.0,0.0
2023-09-06 12:30:00-04:00,1.850000023841858,1.8633999824523926,1.840000033378601,1.840000033378601,3031,0.0,0.0
2023-09-06 14:30:00-04:00,1.8600000143051147,1.8600000143051147,1.8585000038146973,1.8585000038146973,854,0.0,0.0
2023-09-06 15:30:00-04:00,1.841599941253662,1.8450000286102295,1.8300000429153442,1.8300000429153442,11580,0.0,0.0
2023-09-07 09:30:00-04:00,1.809999942779541,1.809999942779541,1.809999942779541,1.809999942779541,0,0.0,0.0
2023-09-07 13:30:00-04:00,1.8300000429153442,1.8300000429153442,1.8300000429153442,1.8300000429153442,276,0.0,0.0
2023-09-07 14:30:00-04:00,1.8301000595092773,1.8301000595092773,1.8300000429153442,1.8300000429153442,0,0.0,0.0
2023-09-08 09:30:00-04:00,1.8101999759674072,1.8101999759674072,1.7999999523162842,1.7999999523162842,2083,0.0,0.0
2023-09-08 15:30:00-04:00,1.8200000524520874,1.8899999856948853,1.8200000524520874,1.8899999856948853,14403,0.0,0.0
2023-09-11 09:30:00-04:00,2.0,2.0,1.8300000429153442,1.8300000429153442,0,0.0,0.0
2023-09-11 10:30:00-04:00,1.9049999713897705,1.9049999713897705,1.850100040435791,1.850100040435791,1145,0.0,0.0
2023-09-11 11:30:00-04:00,1.8600000143051147,1.8600000143051147,1.8600000143051147,1.8600000143051147,981,0.0,0.0
2023-09-11 12:30:00-04:00,1.8489999771118164,1.850000023841858,1.8300000429153442,1.8300000429153442,2767,0.0,0.0
2023-09-11 13:30:00-04:00,1.8200000524520874,1.8208999633789062,1.8193000555038452,1.8193000555038452,608,0.0,0.0
2023-09-11 14:30:00-04:00,1.815500020980835,1.8200000524520874,1.809999942779541,1.8200000524520874,862,0.0,0.0
2023-09-12 09:30:00-04:00,1.850000023841858,1.850000023841858,1.850000023841858,1.850000023841858,0,0.0,0.0
2023-09-12 10:30:00-04:00,1.8137999773025513,1.8137999773025513,1.8137999773025513,1.8137999773025513,1202,0.0,0.0
2023-09-12 14:30:00-04:00,1.8200000524520874,1.8300000429153442,1.8200000524520874,1.8300000429153442,2164,0.0,0.0
2023-09-12 15:30:00-04:00,1.850000023841858,1.850000023841858,1.850000023841858,1.850000023841858,371,0.0,0.0
2023-09-13 11:30:00-04:00,1.840000033378601,1.840000033378601,1.840000033378601,1.840000033378601,200,0.0,0.0
2023-09-13 14:30:00-04:00,1.8550000190734863,1.8550000190734863,1.8550000190734863,1.8550000190734863,244,0.0,0.0
2023-09-13 15:30:00-04:00,1.850000023841858,1.850000023841858,1.850000023841858,1.850000023841858,841,0.0,0.0
2023-09-14 09:30:00-04:00,1.840000033378601,1.840000033378601,1.820199966430664,1.8300000429153442,2673,0.0,0.0
2023-09-14 10:30:00-04:00,1.8949999809265137,1.929900050163269,1.8799999952316284,1.929900050163269,3354,0.0,0.0
2023-09-14 11:30:00-04:00,1.899999976158142,1.909999966621399,1.8949999809265137,1.8949999809265137,345,0.0,0.0
2023-09-14 12:30:00-04:00,1.8502000570297241,1.8502000570297241,1.850000023841858,1.850000023841858,1516,0.0,0.0
2023-09-14 13:30:00-04:00,1.8202999830245972,1.8202999830245972,1.8200000524520874,1.8200000524520874,3802,0.0,0.0
2023-09-14 15:30:00-04:00,1.8001999855041504,1.825600028038025,1.7599999904632568,1.7599999904632568,4803,0.0,0.0
2023-09-15 09:30:00-04:00,1.7899999618530273,1.7899999618530273,1.7899999618530273,1.7899999618530273,0,0.0,0.0
2023-09-15 10:30:00-04:00,1.8600000143051147,1.8600000143051147,1.8600000143051147,1.8600000143051147,1095,0.0,0.0
2023-09-15 12:30:00-04:00,1.8042000532150269,1.8042000532150269,1.7899999618530273,1.7899999618530273,2676,0.0,0.0
2023-09-15 13:30:00-04:00,1.774999976158142,1.774999976158142,1.75,1.75,2121,0.0,0.0
2023-09-15 15:30:00-04:00,1.774999976158142,1.774999976158142,1.7549999952316284,1.7549999952316284,4268,0.0,0.0
2023-09-18 10:30:00-04:00,1.7699999809265137,1.7699999809265137,1.7699999809265137,1.7699999809265137,0,0.0,0.0
2023-09-18 11:30:00-04:00,1.7599999904632568,1.7599999904632568,1.7599999904632568,1.7599999904632568,130,0.0,0.0
2023-09-18 12:30:00-04:00,1.7649999856948853,1.7799999713897705,1.7599999904632568,1.7799999713897705,8531,0.0,0.0
2023-09-18 13:30:00-04:00,1.8700000047683716,1.8700000047683716,1.8700000047683716,1.8700000047683716,210,0.0,0.0
2023-09-18 14:30:00-04:00,1.8695000410079956,1.8698999881744385,1.8350000381469727,1.8698999881744385,4413,0.0,0.0
2023-09-18 15:30:00-04:00,1.7999999523162842,1.840000033378601,1.7999999523162842,1.840000033378601,343,0.0,0.0
2023-09-19 09:30:00-04:00,1.809999942779541,1.82260000705719,1.8009999990463257,1.82260000705719,6853,0.0,0.0
2023-09-19 10:30:00-04:00,1.8550000190734863,1.8899999856948853,1.820099949836731,1.8550000190734863,30365,0.0,0.0
2023-09-19 11:30:00-04:00,1.8550000190734863,1.909999966621399,1.8200000524520874,1.8701000213623047,20480,0.0,0.0
2023-09-19 12:30:00-04:00,1.8700000047683716,1.909999966621399,1.8700000047683716,1.8841999769210815,16097,0.0,0.0
2023-09-19 13:30:00-04:00,1.8841999769210815,1.9198999404907227,1.8695000410079956,1.8933000564575195,10987,0.0,0.0
2023-09-19 14:30:00-04:00,1.8600000143051147,1.8600000143051147,1.8600000143051147,1.8600000143051147,118,0.0,0.0
2023-09-19 15:30:00-04:00,1.8799999952316284,1.899999976158142,1.8600000143051147,1.8600000143051147,933,0.0,0.0
2023-09-20 09:30:00-04:00,1.899999976158142,1.899999976158142,1.8899999856948853,1.8899999856948853,21247,0.0,0.0
2023-09-20 10:30:00-04:00,1.8899999856948853,1.899999976158142,1.8799999952316284,1.899999976158142,15654,0.0,0.0
2023-09-20 11:30:00-04:00,1.8992999792099,1.899999976158142,1.8949999809265137,1.899899959564209,14070,0.0,0.0
2023-09-20 12:30:00-04:00,1.899999976158142,1.899999976158142,1.8949999809265137,1.899999976158142,1343,0.0,0.0
2023-09-20 13:30:00-04:00,1.899999976158142,1.899999976158142,1.8949999809265137,1.899999976158142,4424,0.0,0.0
2023-09-20 14:30:00-04:00,1.8949999809265137,1.8949999809265137,1.8799999952316284,1.8899999856948853,16881,0.0,0.0
2023-09-20 15:30:00-04:00,1.9299999475479126,1.9299999475479126,1.9199999570846558,1.9199999570846558,1721,0.0,0.0
2023-09-21 09:30:00-04:00,1.909999966621399,1.9214999675750732,1.9049999713897705,1.9214999675750732,0,0.0,0.0
2023-09-21 10:30:00-04:00,1.9199999570846558,1.9199999570846558,1.910099983215332,1.9199999570846558,5517,0.0,0.0
2023-09-21 11:30:00-04:00,1.910099983215332,1.9299999475479126,1.8949999809265137,1.909999966621399,40224,0.0,0.0
2023-09-21 12:30:00-04:00,1.9199999570846558,1.9450000524520874,1.9133000373840332,1.934999942779541,2978,0.0,0.0
2023-09-21 13:30:00-04:00,1.9239000082015991,1.9239000082015991,1.9239000082015991,1.9239000082015991,141,0.0,0.0
2023-09-21 14:30:00-04:00,1.940000057220459,1.9500000476837158,1.940000057220459,1.9499000310897827,2147,0.0,0.0
2023-09-21 15:30:00-04:00,1.9500999450683594,1.975000023841858,1.9500999450683594,1.9700000286102295,3625,0.0,0.0
2023-09-22 09:30:00-04:00,1.9800000190734863,1.9800000190734863,1.9601000547409058,1.9601000547409058,1120,0.0,0.0
2023-09-22 10:30:00-04:00,1.9800000190734863,2.0,1.9800000190734863,1.9946000576019287,13505,0.0,0.0
2023-09-22 11:30:00-04:00,2.0,2.0,1.9900000095367432,1.9950000047683716,4671,0.0,0.0
2023-09-22 12:30:00-04:00,2.0,2.0,1.996999979019165,2.0,9757,0.0,0.0
2023-09-22 13:30:00-04:00,1.9909000396728516,2.0,1.9909000396728516,2.0,1907,0.0,0.0
2023-09-22 14:30:00-04:00,1.9950000047683716,2.0,1.9950000047683716,1.9950000047683716,924,0.0,0.0
2023-09-22 15:30:00-04:00,1.9900000095367432,2.0,1.9890999794006348,1.9900000095367432,10482,0.0,0.0
2023-09-25 09:30:00-04:00,2.0,2.0762999057769775,1.9800000190734863,2.055000066757202,76717,0.0,0.0
2023-09-25 10:30:00-04:00,2.069999933242798,2.0999999046325684,2.069999933242798,2.0850000381469727,2697,0.0,0.0
2023-09-25 11:30:00-04:00,2.0850000381469727,2.0999999046325684,2.0701000690460205,2.0999999046325684,20858,0.0,0.0
2023-09-25 12:30:00-04:00,2.0999999046325684,2.119999885559082,2.0999999046325684,2.115000009536743,6446,0.0,0.0
2023-09-25 13:30:00-04:00,2.119999885559082,2.140000104904175,2.109999895095825,2.119999885559082,7757,0.0,0.0
2023-09-25 14:30:00-04:00,2.130000114440918,2.130000114440918,2.050100088119507,2.079900026321411,8739,0.0,0.0
2023-09-25 15:30:00-04:00,2.0799999237060547,2.1008999347686768,2.0799999237060547,2.0899999141693115,6104,0.0,0.0
2023-09-26 09:30:00-04:00,2.0999999046325684,2.0999999046325684,1.9500000476837158,2.0299999713897705,0,0.0,0.0
2023-09-26 10:30:00-04:00,2.0299999713897705,2.0299999713897705,1.9601000547409058,1.9900000095367432,6582,0.0,0.0
2023-09-26 11:30:00-04:00,1.9603999853134155,1.9800000190734863,1.9603999853134155,1.9800000190734863,630,0.0,0.0
2023-09-26 12:30:00-04:00,1.9800000190734863,1.9800000190734863,1.9800000190734863,1.9800000190734863,195,0.0,0.0
2023-09-26 13:30:00-04:00,1.9700000286102295,1.9700000286102295,1.909999966621399,1.909999966621399,4025,0.0,0.0
2023-09-26 14:30:00-04:00,1.9191999435424805,1.9198999404907227,1.9191999435424805,1.9198999404907227,2035,0.0,0.0
2023-09-26 15:30:00-04:00,1.909999966621399,1.9199999570846558,1.8799999952316284,1.899999976158142,10714,0.0,0.0
2023-09-27 09:30:00-04:00,1.899999976158142,1.9700000286102295,1.899999976158142,1.9700000286102295,2691,0.0,0.0
2023-09-27 10:30:00-04:00,1.9500000476837158,1.9500000476837158,1.9500000476837158,1.9500000476837158,238,0.0,0.0
2023-09-27 11:30:00-04:00,1.9500000476837158,1.9526000022888184,1.9299999475479126,1.9299999475479126,7496,0.0,0.0
2023-09-27 12:30:00-04:00,1.9199999570846558,1.9199999570846558,1.9199999570846558,1.9199999570846558,210,0.0,0.0
2023-09-27 13:30:00-04:00,1.9450000524520874,1.9450000524520874,1.9450000524520874,1.9450000524520874,243,0.0,0.0
2023-09-27 14:30:00-04:00,1.9700000286102295,1.978700041770935,1.9700000286102295,1.978700041770935,731,0.0,0.0
2023-09-27 15:30:00-04:00,1.9600000381469727,1.9782999753952026,1.9500000476837158,1.9500000476837158,1110,0.0,0.0
2023-09-28 09:30:00-04:00,1.9199999570846558,1.9488999843597412,1.899999976158142,1.9488999843597412,2109,0.0,0.0
2023-09-28 10:30:00-04:00,1.9473999738693237,1.9473999738693237,1.9473999738693237,1.9473999738693237,552,0.0,0.0
2023-09-28 11:30:00-04:00,1.9249999523162842,1.9249999523162842,1.9249999523162842,1.9249999523162842,459,0.0,0.0
2023-09-28 12:30:00-04:00,1.940000057220459,1.940000057220459,1.9199999570846558,1.9199999570846558,526,0.0,0.0
2023-09-28 13:30:00-04:00,1.899999976158142,1.899999976158142,1.899999976158142,1.899999976158142,3000,0.0,0.0
2023-09-28 14:30:00-04:00,1.929900050163269,1.929900050163269,1.929900050163269,1.929900050163269,8848,0.0,0.0
2023-09-29 09:30:00-04:00,1.8799999952316284,1.8799999952316284,1.8200000524520874,1.850100040435791,2832,0.0,0.0
2023-09-29 10:30:00-04:00,1.850000023841858,1.850000023841858,1.850000023841858,1.850000023841858,2020,0.0,0.0
2023-09-29 11:30:00-04:00,1.840000033378601,1.840000033378601,1.840000033378601,1.840000033378601,515,0.0,0.0
2023-09-29 12:30:00-04:00,1.8200000524520874,1.8600000143051147,1.8200000524520874,1.8600000143051147,330,0.0,0.0
2023-09-29 13:30:00-04:00,1.8550000190734863,1.909999966621399,1.8550000190734863,1.899999976158142,2987,0.0,0.0
2023-09-29 14:30:00-04:00,1.9194999933242798,1.9194999933242798,1.909999966621399,1.909999966621399,1603,0.0,0.0
2023-09-29 15:30:00-04:00,1.9199999570846558,1.9199999570846558,1.9199999570846558,1.9199999570846558,157,0.0,0.0
2023-10-02 09:30:00-04:00,1.909999966621399,1.9699000120162964,1.909999966621399,1.9699000120162964,921,0.0,0.0
2023-10-02 10:30:00-04:00,1.899999976158142,1.899999976158142,1.899999976158142,1.899999976158142,556,0.0,0.0
2023-10-02 11:30:00-04:00,1.9005000591278076,1.9005000591278076,1.899999976158142,1.899999976158142,1753,0.0,0.0
2023-10-02 13:30:00-04:00,1.8499000072479248,1.8499000072479248,1.8499000072479248,1.8499000072479248,623,0.0,0.0
2023-10-02 14:30:00-04:00,1.8350000381469727,1.8350000381469727,1.8350000381469727,1.8350000381469727,341,0.0,0.0
2023-10-02 15:30:00-04:00,1.9199999570846558,1.9264999628067017,1.8350000381469727,1.8849999904632568,2637,0.0,0.0
2023-10-03 09:30:00-04:00,1.899899959564209,1.899899959564209,1.899899959564209,1.899899959564209,2002,0.0,0.0
2023-10-03 10:30:00-04:00,1.8730000257492065,1.8730000257492065,1.8730000257492065,1.8730000257492065,212,0.0,0.0
2023-10-03 13:30:00-04:00,1.8799999952316284,1.8803999423980713,1.8766000270843506,1.8766000270843506,3992,0.0,0.0
2023-10-03 14:30:00-04:00,1.8899999856948853,1.8899999856948853,1.8799999952316284,1.8799999952316284,2942,0.0,0.0
2023-10-03 15:30:00-04:00,1.8700000047683716,1.8899999856948853,1.8700000047683716,1.8899999856948853,2005,0.0,0.0
2023-10-04 09:30:00-04:00,1.840000033378601,1.899999976158142,1.840000033378601,1.899999976158142,0,0.0,0.0
2023-10-04 11:30:00-04:00,1.909999966621399,1.9600000381469727,1.909999966621399,1.9600000381469727,1262,0.0,0.0
2023-10-04 12:30:00-04:00,1.9799000024795532,2.009999990463257,1.9700000286102295,1.9700000286102295,28092,0.0,0.0
2023-10-04 13:30:00-04:00,1.999899983406067,2.0,1.9700000286102295,2.0,6902,0.0,0.0
2023-10-04 14:30:00-04:00,1.999899983406067,2.0199999809265137,1.999899983406067,2.0199999809265137,20560,0.0,0.0
2023-10-04 15:30:00-04:00,2.0199999809265137,2.049999952316284,2.0199999809265137,2.0299999713897705,757,0.0,0.0
2023-10-05 09:30:00-04:00,2.140000104904175,2.1435999870300293,2.0199999809265137,2.0199999809265137,17948,0.0,0.0
2023-10-05 10:30:00-04:00,2.049999952316284,2.0999999046325684,2.0213000774383545,2.0213000774383545,7173,0.0,0.0
2023-10-05 11:30:00-04:00,2.0199999809265137,2.077500104904175,2.0199999809265137,2.0399999618530273,11700,0.0,0.0
2023-10-05 12:30:00-04:00,2.059999942779541,2.0899999141693115,2.059999942779541,2.0899999141693115,1303,0.0,0.0
2023-10-05 13:30:00-04:00,2.0899999141693115,2.0899999141693115,2.0601000785827637,2.0799999237060547,7520,0.0,0.0
2023-10-05 14:30:00-04:00,2.069999933242798,2.084199905395508,2.059999942779541,2.059999942779541,779,0.0,0.0
2023-10-05 15:30:00-04:00,2.0899999141693115,2.0899999141693115,2.049999952316284,2.049999952316284,2570,0.0,0.0
2023-10-06 09:30:00-04:00,1.9600000381469727,2.049999952316284,1.9600000381469727,2.049999952316284,5467,0.0,0.0
2023-10-06 10:30:00-04:00,2.0399999618530273,2.0399999618530273,2.0199999809265137,2.0199999809265137,599,0.0,0.0
2023-10-06 11:30:00-04:00,2.049999952316284,2.0841000080108643,2.049999952316284,2.0841000080108643,1012,0.0,0.0
2023-10-06 12:30:00-04:00,2.075000047683716,2.0864999294281006,2.0601000785827637,2.0799999237060547,1648,0.0,0.0
2023-10-06 13:30:00-04:00,2.059999942779541,2.109999895095825,2.0199999809265137,2.0199999809265137,9655,0.0,0.0
2023-10-06 14:30:00-04:00,2.079200029373169,2.079200029373169,2.079200029373169,2.079200029373169,950,0.0,0.0
2023-10-06 15:30:00-04:00,2.030100107192993,2.0799999237060547,2.030100107192993,2.069999933242798,2668,0.0,0.0
2023-10-09 09:30:00-04:00,1.9900000095367432,1.9900000095367432,1.9600000381469727,1.9600000381469727,2783,0.0,0.0
2023-10-09 10:30:00-04:00,1.9700000286102295,1.9700000286102295,1.9500000476837158,1.9500000476837158,5646,0.0,0.0
2023-10-09 11:30:00-04:00,1.9575999975204468,1.9700000286102295,1.9500000476837158,1.9700000286102295,3028,0.0,0.0
2023-10-09 12:30:00-04:00,1.9500000476837158,1.9500000476837158,1.9500000476837158,1.9500000476837158,687,0.0,0.0
2023-10-09 13:30:00-04:00,1.9600000381469727,1.9764000177383423,1.9600000381469727,1.9764000177383423,1837,0.0,0.0
2023-10-09 14:30:00-04:00,1.9589999914169312,1.9600000381469727,1.940000057220459,1.9550000429153442,4218,0.0,0.0
2023-10-09 15:30:00-04:00,1.9500000476837158,1.9700000286102295,1.9500000476837158,1.9700000286102295,1570,0.0,0.0
2023-10-10 09:30:00-04:00,1.9800000190734863,1.9800000190734863,1.965000033378601,1.9799000024795532,5089,0.0,0.0
2023-10-10 10:30:00-04:00,1.9800000190734863,2.0350000858306885,1.9800000190734863,2.0199999809265137,4913,0.0,0.0
2023-10-10 15:30:00-04:00,2.0099000930786133,2.0099000930786133,1.9800000190734863,2.0099000930786133,1163,0.0,0.0
2023-10-11 09:30:00-04:00,1.9500000476837158,2.049999952316284,1.8799999952316284,2.0,2931,0.0,0.0
2023-10-11 10:30:00-04:00,2.0299999713897705,2.0299999713897705,2.0299999713897705,2.0299999713897705,334,0.0,0.0
2023-10-11 12:30:00-04:00,1.9199999570846558,1.940000057220459,1.9199999570846558,1.940000057220459,1337,0.0,0.0
2023-10-11 14:30:00-04:00,1.9200999736785889,1.9200999736785889,1.9200999736785889,1.9200999736785889,1021,0.0,0.0
2023-10-12 09:30:00-04:00,1.899999976158142,1.899999976158142,1.8450000286102295,1.8601000308990479,4949,0.0,0.0
2023-10-12 10:30:00-04:00,1.899999976158142,1.899999976158142,1.899999976158142,1.899999976158142,318,0.0,0.0
2023-10-12 11:30:00-04:00,1.8799999952316284,1.8799999952316284,1.8799999952316284,1.8799999952316284,180,0.0,0.0
2023-10-12 12:30:00-04:00,1.8799999952316284,1.889799952507019,1.8700000047683716,1.8700000047683716,1697,0.0,0.0
2023-10-12 13:30:00-04:00,1.8300000429153442,1.8300000429153442,1.8300000429153442,1.8300000429153442,264,0.0,0.0
2023-10-12 14:30:00-04:00,1.8550000190734863,1.8550000190734863,1.8300000429153442,1.8300000429153442,351,0.0,0.0
2023-10-12 15:30:00-04:00,1.8457000255584717,1.8610999584197998,1.8457000255584717,1.8610999584197998,2214,0.0,0.0
2023-10-13 09:30:00-04:00,1.8260999917984009,1.8700000047683716,1.8260999917984009,1.8700000047683716,840,0.0,0.0
2023-10-13 13:30:00-04:00,1.8799999952316284,1.8799999952316284,1.8799999952316284,1.8799999952316284,526,0.0,0.0
2023-10-13 14:30:00-04:00,1.8799999952316284,1.8799999952316284,1.8799999952316284,1.8799999952316284,100,0.0,0.0
2023-10-13 15:30:00-04:00,1.8799999952316284,1.8799999952316284,1.8799999952316284,1.8799999952316284,202,0.0,0.0
2023-10-16 09:30:00-04:00,1.909999966621399,1.940000057220459,1.909999966621399,1.940000057220459,0,0.0,0.0
2023-10-16 10:30:00-04:00,1.9299999475479126,1.9299999475479126,1.9199999570846558,1.9199999570846558,1454,0.0,0.0
2023-10-16 11:30:00-04:00,1.9500000476837158,2.0799999237060547,1.9500000476837158,2.0799999237060547,401,0.0,0.0
2023-10-16 12:30:00-04:00,2.0399999618530273,2.0399999618530273,2.0399999618530273,2.0399999618530273,493,0.0,0.0
2023-10-16 13:30:00-04:00,2.0199999809265137,2.0299999713897705,1.9601000547409058,2.009999990463257,1397,0.0,0.0
2023-10-16 14:30:00-04:00,2.0199999809265137,2.0199999809265137,1.9601000547409058,1.9950000047683716,1033,0.0,0.0
2023-10-16 15:30:00-04:00,2.0299999713897705,2.0299999713897705,1.9600000381469727,1.9600000381469727,1212,0.0,0.0
2023-10-17 09:30:00-04:00,1.9500000476837158,2.049999952316284,1.923200011253357,1.923200011253357,0,0.0,0.0
2023-10-17 10:30:00-04:00,2.0299999713897705,2.0799999237060547,2.009999990463257,2.009999990463257,860,0.0,0.0
2023-10-17 11:30:00-04:00,2.0799999237060547,2.0799999237060547,1.9600000381469727,2.0199999809265137,1278,0.0,0.0
2023-10-17 12:30:00-04:00,2.015000104904175,2.0299999713897705,1.9608999490737915,2.0299999713897705,3415,0.0,0.0
2023-10-17 13:30:00-04:00,2.0,2.015000104904175,2.0,2.0,634,0.0,0.0
2023-10-17 14:30:00-04:00,2.005000114440918,2.005000114440918,2.005000114440918,2.005000114440918,100,0.0,0.0
2023-10-17 15:30:00-04:00,1.9900000095367432,2.0199999809265137,1.909999966621399,1.9700000286102295,7013,0.0,0.0
2023-10-18 09:30:00-04:00,2.0,2.0,1.8904000520706177,1.9450000524520874,0,0.0,0.0
2023-10-18 10:30:00-04:00,1.899999976158142,1.9249999523162842,1.8799999952316284,1.8799999952316284,3121,0.0,0.0
2023-10-18 12:30:00-04:00,1.840000033378601,1.840000033378601,1.7599999904632568,1.7799999713897705,5355,0.0,0.0
2023-10-18 13:30:00-04:00,1.7699999809265137,1.7699999809265137,1.75,1.7592999935150146,6068,0.0,0.0
2023-10-18 14:30:00-04:00,1.7599999904632568,1.7799999713897705,1.7599999904632568,1.7799999713897705,1611,0.0,0.0
2023-10-18 15:30:00-04:00,1.7762999534606934,1.7762999534606934,1.7762999534606934,1.7762999534606934,344,0.0,0.0
2023-10-19 10:30:00-04:00,1.7899999618530273,1.7899999618530273,1.7599999904632568,1.7649999856948853,1463,0.0,0.0
2023-10-19 12:30:00-04:00,1.7699999809265137,1.7799999713897705,1.7699999809265137,1.7799999713897705,349,0.0,0.0
2023-10-19 14:30:00-04:00,1.7699999809265137,1.7700999975204468,1.75,1.760200023651123,4806,0.0,0.0
2023-10-19 15:30:00-04:00,1.75,1.7598999738693237,1.75,1.75,4171,0.0,0.0
2023-10-20 09:30:00-04:00,1.7699999809265137,1.7798999547958374,1.659999966621399,1.659999966621399,1591,0.0,0.0
2023-10-20 10:30:00-04:00,1.729699969291687,1.729699969291687,1.729699969291687,1.729699969291687,209,0.0,0.0
2023-10-20 11:30:00-04:00,1.6699999570846558,1.6799999475479126,1.6699999570846558,1.6699999570846558,746,0.0,0.0
2023-10-20 13:30:00-04:00,1.6790000200271606,1.6799999475479126,1.6500999927520752,1.659999966621399,10130,0.0,0.0
2023-10-20 14:30:00-04:00,1.659999966621399,1.6799999475479126,1.659999966621399,1.6799999475479126,4301,0.0,0.0
2023-10-20 15:30:00-04:00,1.6799999475479126,1.6799999475479126,1.649999976158142,1.649999976158142,3620,0.0,0.0
2023-10-23 09:30:00-04:00,1.6200000047683716,1.690000057220459,1.6200000047683716,1.690000057220459,0,0.0,0.0
2023-10-23 10:30:00-04:00,1.7100000381469727,1.7100000381469727,1.649999976158142,1.649999976158142,2737,0.0,0.0
2023-10-23 12:30:00-04:00,1.6200000047683716,1.6390999555587769,1.6200000047683716,1.6390999555587769,305,0.0,0.0
2023-10-23 13:30:00-04:00,1.6299999952316284,1.649999976158142,1.6201000213623047,1.648900032043457,2588,0.0,0.0
2023-10-23 14:30:00-04:00,1.6467000246047974,1.6799999475479126,1.6467000246047974,1.6799999475479126,1662,0.0,0.0
2023-10-23 15:30:00-04:00,1.6649999618530273,1.6649999618530273,1.6549999713897705,1.6549999713897705,220,0.0,0.0
2023-10-24 09:30:00-04:00,1.659999966621399,1.7000000476837158,1.6598999500274658,1.7000000476837158,8063,0.0,0.0
2023-10-24 10:30:00-04:00,1.7000000476837158,1.7000000476837158,1.6799999475479126,1.6829999685287476,3650,0.0,0.0
2023-10-24 11:30:00-04:00,1.686400055885315,1.686400055885315,1.659999966621399,1.659999966621399,1577,0.0,0.0
2023-10-24 12:30:00-04:00,1.659999966621399,1.660099983215332,1.649999976158142,1.659999966621399,3164,0.0,0.0
2023-10-24 14:30:00-04:00,1.6699999570846558,1.6699999570846558,1.649999976158142,1.669700026512146,2840,0.0,0.0
2023-10-24 15:30:00-04:00,1.6698999404907227,1.6699999570846558,1.659999966621399,1.6699999570846558,0,0.0,0.0
2023-10-25 09:30:00-04:00,1.6699999570846558,1.690000057220459,1.659999966621399,1.690000057220459,12747,0.0,0.0
2023-10-25 10:30:00-04:00,1.697700023651123,1.7000000476837158,1.659999966621399,1.6610000133514404,3488,0.0,0.0
2023-10-25 11:30:00-04:00,1.649999976158142,1.6699999570846558,1.6299999952316284,1.6299999952316284,2585,0.0,0.0
2023-10-25 12:30:00-04:00,1.6098999977111816,1.6100000143051147,1.6098999977111816,1.6100000143051147,905,0.0,0.0
2023-10-25 13:30:00-04:00,1.600000023841858,1.6100000143051147,1.600000023841858,1.600000023841858,1169,0.0,0.0
2023-10-25 14:30:00-04:00,1.6050000190734863,1.6098999977111816,1.600000023841858,1.6098999977111816,2649,0.0,0.0
2023-10-25 15:30:00-04:00,1.6100000143051147,1.6100000143051147,1.606600046157837,1.606600046157837,1820,0.0,0.0
2023-10-26 09:30:00-04:00,1.600000023841858,1.649999976158142,1.600000023841858,1.600000023841858,0,0.0,0.0
2023-10-26 10:30:00-04:00,1.6200000047683716,1.6200000047683716,1.6200000047683716,1.6200000047683716,103,0.0,0.0
2023-10-26 11:30:00-04:00,1.6200000047683716,1.6347999572753906,1.6200000047683716,1.620300054550171,1253,0.0,0.0
2023-10-26 12:30:00-04:00,1.5800000429153442,1.5964000225067139,1.5499999523162842,1.5800000429153442,7879,0.0,0.0
2023-10-26 14:30:00-04:00,1.590000033378601,1.590000033378601,1.5499999523162842,1.5499999523162842,7007,0.0,0.0
2023-10-26 15:30:00-04:00,1.5499000549316406,1.5499000549316406,1.5499000549316406,1.5499000549316406,0,0.0,0.0
2023-10-27 09:30:00-04:00,1.5283000469207764,1.5299999713897705,1.4023000001907349,1.4500000476837158,16290,0.0,0.0
2023-10-27 10:30:00-04:00,1.4701000452041626,1.4701000452041626,1.4701000452041626,1.4701000452041626,2500,0.0,0.0
2023-10-27 11:30:00-04:00,1.5299999713897705,1.5449999570846558,1.5299999713897705,1.5449999570846558,216,0.0,0.0
2023-10-27 13:30:00-04:00,1.5099999904632568,1.5199999809265137,1.4570000171661377,1.4570000171661377,5100,0.0,0.0
2023-10-27 14:30:00-04:00,1.4500999450683594,1.4500999450683594,1.4500999450683594,1.4500999450683594,762,0.0,0.0
2023-10-27 15:30:00-04:00,1.5299999713897705,1.5299999713897705,1.5299999713897705,1.5299999713897705,1032,0.0,0.0
2023-10-30 09:30:00-04:00,1.4900000095367432,1.5,1.4900000095367432,1.5,0,0.0,0.0
2023-10-30 10:30:00-04:00,1.5,1.534999966621399,1.5,1.534999966621399,200,0.0,0.0
2023-10-30 11:30:00-04:00,1.5499999523162842,1.5700000524520874,1.5299999713897705,1.5700000524520874,1375,0.0,0.0
2023-10-30 12:30:00-04:00,1.5549999475479126,1.5700000524520874,1.5399999618530273,1.5700000524520874,587,0.0,0.0
2023-10-30 13:30:00-04:00,1.5399999618530273,1.565000057220459,1.5399999618530273,1.565000057220459,333,0.0,0.0
2023-10-30 14:30:00-04:00,1.5499999523162842,1.659999966621399,1.5499999523162842,1.659999966621399,6017,0.0,0.0
2023-10-30 15:30:00-04:00,1.684999942779541,1.690000057220459,1.6416000127792358,1.6699999570846558,4047,0.0,0.0
2023-10-31 09:30:00-04:00,1.6399999856948853,1.6399999856948853,1.6399999856948853,1.6399999856948853,2037,0.0,0.0
2023-10-31 10:30:00-04:00,1.6200000047683716,1.6200000047683716,1.5400999784469604,1.5400999784469604,1087,0.0,0.0
2023-10-31 11:30:00-04:00,1.5800000429153442,1.5800000429153442,1.5800000429153442,1.5800000429153442,1700,0.0,0.0
2023-10-31 12:30:00-04:00,1.5509999990463257,1.6399999856948853,1.5509999990463257,1.593999981880188,2501,0.0,0.0
2023-10-31 14:30:00-04:00,1.6050000190734863,1.6050000190734863,1.6050000190734863,1.6050000190734863,1104,0.0,0.0
2023-10-31 15:30:00-04:00,1.5700000524520874,1.5700000524520874,1.5700000524520874,1.5700000524520874,357,0.0,0.0
2023-11-01 10:30:00-04:00,1.5299999713897705,1.5299999713897705,1.5299999713897705,1.5299999713897705,0,0.0,0.0
2023-11-01 14:30:00-04:00,1.5856000185012817,1.5856000185012817,1.5856000185012817,1.5856000185012817,196,0.0,0.0
2023-11-01 15:30:00-04:00,1.559999942779541,1.5898000001907349,1.559999942779541,1.559999942779541,2016,0.0,0.0
2023-11-02 09:30:00-04:00,1.559999942779541,1.649899959564209,1.559999942779541,1.628499984741211,13794,0.0,0.0
2023-11-02 10:30:00-04:00,1.600000023841858,1.6230000257492065,1.600000023841858,1.6200000047683716,2979,0.0,0.0
2023-11-02 11:30:00-04:00,1.649999976158142,1.649999976158142,1.649999976158142,1.649999976158142,118,0.0,0.0
2023-11-02 12:30:00-04:00,1.6398999691009521,1.6399999856948853,1.6200000047683716,1.6399999856948853,2324,0.0,0.0
2023-11-02 15:30:00-04:00,1.6200000047683716,1.6200000047683716,1.6200000047683716,1.6200000047683716,441,0.0,0.0
2023-11-03 09:30:00-04:00,1.7000000476837158,1.7000000476837158,1.6299999952316284,1.6299999952316284,1121,0.0,0.0
2023-11-03 10:30:00-04:00,1.6964000463485718,1.6964000463485718,1.6964000463485718,1.6964000463485718,150,0.0,0.0
2023-11-03 11:30:00-04:00,1.690000057220459,1.725000023841858,1.660099983215332,1.725000023841858,5762,0.0,0.0
2023-11-03 12:30:00-04:00,1.7200000286102295,1.7200000286102295,1.7200000286102295,1.7200000286102295,1485,0.0,0.0
2023-11-03 14:30:00-04:00,1.7200000286102295,1.7599999904632568,1.6699999570846558,1.6964999437332153,16368,0.0,0.0
2023-11-03 15:30:00-04:00,1.7400000095367432,1.7400000095367432,1.690000057220459,1.690000057220459,1774,0.0,0.0
2023-11-06 09:30:00-05:00,1.6799999475479126,1.6799999475479126,1.6799999475479126,1.6799999475479126,122,0.0,0.0
2023-11-06 10:30:00-05:00,1.749899983406067,1.75,1.749899983406067,1.75,244,0.0,0.0
2023-11-06 11:30:00-05:00,1.75,1.75,1.7000000476837158,1.7000000476837158,1868,0.0,0.0
2023-11-06 12:30:00-05:00,1.6401000022888184,1.7333999872207642,1.6401000022888184,1.7333999872207642,1389,0.0,0.0
2023-11-06 14:30:00-05:00,1.7000000476837158,1.7200000286102295,1.7000000476837158,1.7000000476837158,3297,0.0,0.0
2023-11-06 15:30:00-05:00,1.6799999475479126,1.690000057220459,1.6799999475479126,1.6799999475479126,2607,0.0,0.0
2023-11-07 09:30:00-05:00,1.600000023841858,1.6978000402450562,1.600000023841858,1.6890000104904175,0,0.0,0.0
2023-11-07 10:30:00-05:00,1.6962000131607056,1.6962000131607056,1.6962000131607056,1.6962000131607056,204,0.0,0.0
2023-11-07 13:30:00-05:00,1.6799999475479126,1.6799999475479126,1.659999966621399,1.6699999570846558,1153,0.0,0.0
2023-11-07 14:30:00-05:00,1.690000057220459,1.7100000381469727,1.6899000406265259,1.7100000381469727,5241,0.0,0.0
2023-11-07 15:30:00-05:00,1.7100000381469727,1.7200000286102295,1.690000057220459,1.690000057220459,2149,0.0,0.0
2023-11-08 09:30:00-05:00,1.7300000190734863,1.7300000190734863,1.7300000190734863,1.7300000190734863,147,0.0,0.0
2023-11-08 11:30:00-05:00,1.690000057220459,1.7100000381469727,1.690000057220459,1.7100000381469727,1301,0.0,0.0
2023-11-08 12:30:00-05:00,1.6799999475479126,1.6950000524520874,1.6799999475479126,1.6799999475479126,1170,0.0,0.0
2023-11-08 13:30:00-05:00,1.6749999523162842,1.7200000286102295,1.6749999523162842,1.7199000120162964,4411,0.0,0.0
2023-11-08 14:30:00-05:00,1.6950000524520874,1.6950000524520874,1.6799999475479126,1.6950000524520874,5369,0.0,0.0
2023-11-08 15:30:00-05:00,1.6799999475479126,1.6999000310897827,1.659999966621399,1.6888999938964844,4457,0.0,0.0
2023-11-09 09:30:00-05:00,1.649999976158142,1.7233999967575073,1.649999976158142,1.684000015258789,2906,0.0,0.0
2023-11-09 11:30:00-05:00,1.659999966621399,1.659999966621399,1.6299999952316284,1.6299999952316284,349,0.0,0.0
2023-11-09 12:30:00-05:00,1.6399999856948853,1.6399999856948853,1.6399999856948853,1.6399999856948853,354,0.0,0.0
2023-11-09 13:30:00-05:00,1.6100000143051147,1.6100000143051147,1.6100000143051147,1.6100000143051147,188,0.0,0.0
2023-11-09 14:30:00-05:00,1.659999966621399,1.659999966621399,1.600000023841858,1.6211999654769897,2587,0.0,0.0
2023-11-09 15:30:00-05:00,1.590000033378601,1.6098999977111816,1.5800000429153442,1.6096999645233154,1379,0.0,0.0
2023-11-10 13:30:00-05:00,1.6055999994277954,1.6399999856948853,1.5950000286102295,1.6399999856948853,8501,0.0,0.0
2023-11-10 15:30:00-05:00,1.6950000524520874,1.6950000524520874,1.659999966621399,1.659999966621399,1471,0.0,0.0
2023-11-13 09:30:00-05:00,1.7050000429153442,1.7280000448226929,1.7050000429153442,1.7050000429153442,2730,0.0,0.0
2023-11-13 10:30:00-05:00,1.6999000310897827,1.7300000190734863,1.6799999475479126,1.7300000190734863,2682,0.0,0.0
2023-11-13 11:30:00-05:00,1.7050000429153442,1.7050000429153442,1.7050000429153442,1.7050000429153442,1329,0.0,0.0
2023-11-13 12:30:00-05:00,1.7389999628067017,1.7389999628067017,1.715000033378601,1.715000033378601,394,0.0,0.0
2023-11-13 13:30:00-05:00,1.690000057220459,1.7099000215530396,1.6699999570846558,1.7000000476837158,6233,0.0,0.0
2023-11-13 14:30:00-05:00,1.660099983215332,1.7300000190734863,1.6502000093460083,1.6799999475479126,9376,0.0,0.0
2023-11-13 15:30:00-05:00,1.75,1.75,1.690000057220459,1.7100000381469727,0,0.0,0.0
2023-11-14 09:30:00-05:00,1.659999966621399,1.73989999294281,1.659999966621399,1.7000000476837158,4747,0.0,0.0
2023-11-14 10:30:00-05:00,1.7300000190734863,1.7400000095367432,1.7100000381469727,1.7400000095367432,2640,0.0,0.0
2023-11-14 11:30:00-05:00,1.725000023841858,1.725000023841858,1.7000000476837158,1.7000999450683594,6235,0.0,0.0
2023-11-14 12:30:00-05:00,1.6699999570846558,1.7100000381469727,1.649999976158142,1.6799999475479126,17401,0.0,0.0
2023-11-14 13:30:00-05:00,1.6949000358581543,1.7000000476837158,1.6799999475479126,1.7000000476837158,1725,0.0,0.0
2023-11-14 15:30:00-05:00,1.6899000406265259,1.6899000406265259,1.6899000406265259,1.6899000406265259,502,0.0,0.0
2023-11-15 09:30:00-05:00,1.7000000476837158,1.7400000095367432,1.7000000476837158,1.7400000095367432,300,0.0,0.0
2023-11-15 10:30:00-05:00,1.7400000095367432,1.7400000095367432,1.7100000381469727,1.7100000381469727,1825,0.0,0.0
2023-11-15 11:30:00-05:00,1.7001999616622925,1.7200000286102295,1.7000000476837158,1.7200000286102295,1662,0.0,0.0
2023-11-15 12:30:00-05:00,1.7200000286102295,1.7489999532699585,1.7200000286102295,1.7489999532699585,5076,0.0,0.0
2023-11-15 13:30:00-05:00,1.7086999416351318,1.7350000143051147,1.7086999416351318,1.7350000143051147,960,0.0,0.0
2023-11-15 14:30:00-05:00,1.7200000286102295,1.729699969291687,1.7200000286102295,1.729699969291687,961,0.0,0.0
2023-11-15 15:30:00-05:00,1.7201000452041626,1.75,1.7100000381469727,1.7100000381469727,1474,0.0,0.0
2023-11-16 09:30:00-05:00,1.7000000476837158,1.7257000207901,1.7000000476837158,1.7201000452041626,3801,0.0,0.0
2023-11-16 10:30:00-05:00,1.7201000452041626,1.7201000452041626,1.7200000286102295,1.7200000286102295,719,0.0,0.0
2023-11-16 12:30:00-05:00,1.7300000190734863,1.7300000190734863,1.7100000381469727,1.7100000381469727,4659,0.0,0.0
2023-11-16 13:30:00-05:00,1.7100000381469727,1.7197999954223633,1.7000000476837158,1.7197999954223633,3543,0.0,0.0
2023-11-16 15:30:00-05:00,1.7100000381469727,1.7101000547409058,1.7100000381469727,1.7100000381469727,1073,0.0,0.0
2023-11-17 09:30:00-05:00,1.659999966621399,1.7414000034332275,1.659999966621399,1.7100000381469727,0,0.0,0.0
2023-11-17 10:30:00-05:00,1.7100000381469727,1.7100000381469727,1.6800999641418457,1.6800999641418457,632,0.0,0.0
2023-11-17 11:30:00-05:00,1.690000057220459,1.690000057220459,1.670199990272522,1.670199990272522,3144,0.0,0.0
2023-11-17 12:30:00-05:00,1.6699999570846558,1.6699999570846558,1.6699999570846558,1.6699999570846558,702,0.0,0.0
2023-11-17 13:30:00-05:00,1.659999966621399,1.659999966621399,1.659999966621399,1.659999966621399,170,0.0,0.0
2023-11-17 14:30:00-05:00,1.6999000310897827,1.6999000310897827,1.690000057220459,1.690000057220459,2427,0.0,0.0
2023-11-17 15:30:00-05:00,1.7100000381469727,1.7100000381469727,1.7100000381469727,1.7100000381469727,875,0.0,0.0
2023-11-20 09:30:00-05:00,1.7426999807357788,1.809999942779541,1.7300000190734863,1.8099000453948975,14672,0.0,0.0
2023-11-20 10:30:00-05:00,1.7799999713897705,1.809999942779541,1.7799999713897705,1.8049999475479126,4294,0.0,0.0
2023-11-20 11:30:00-05:00,1.809999942779541,1.899999976158142,1.8055000305175781,1.8598999977111816,26079,0.0,0.0
2023-11-20 12:30:00-05:00,1.8100999593734741,1.8100999593734741,1.8100999593734741,1.8100999593734741,250,0.0,0.0
2023-11-20 13:30:00-05:00,1.8547999858856201,1.8871999979019165,1.809999942779541,1.881100058555603,2756,0.0,0.0
2023-11-20 14:30:00-05:00,1.8700000047683716,1.8899999856948853,1.8700000047683716,1.8849999904632568,2348,0.0,0.0
2023-11-20 15:30:00-05:00,1.8700000047683716,1.8849999904632568,1.750100016593933,1.8595000505447388,13623,0.0,0.0
2023-11-21 09:30:00-05:00,1.809999942779541,1.8529000282287598,1.809999942779541,1.840000033378601,0,0.0,0.0
2023-11-21 10:30:00-05:00,1.8698999881744385,1.8698999881744385,1.8698999881744385,1.8698999881744385,507,0.0,0.0
2023-11-21 11:30:00-05:00,1.8401000499725342,1.850000023841858,1.840000033378601,1.850000023841858,1578,0.0,0.0
2023-11-21 12:30:00-05:00,1.8664000034332275,1.8664000034332275,1.850000023841858,1.850000023841858,1335,0.0,0.0
2023-11-21 15:30:00-05:00,1.8300000429153442,1.8372000455856323,1.8200000524520874,1.8372000455856323,4956,0.0,0.0
2023-11-22 10:30:00-05:00,1.850000023841858,1.850000023841858,1.8042000532150269,1.8200000524520874,979,0.0,0.0
2023-11-22 11:30:00-05:00,1.8300000429153442,1.8300000429153442,1.8300000429153442,1.8300000429153442,240,0.0,0.0
2023-11-22 12:30:00-05:00,1.8300000429153442,1.8300000429153442,1.8300000429153442,1.8300000429153442,382,0.0,0.0
2023-11-22 13:30:00-05:00,1.820099949836731,1.820099949836731,1.820099949836731,1.820099949836731,440,0.0,0.0
2023-11-22 14:30:00-05:00,1.820099949836731,1.858299970626831,1.7899999618530273,1.840000033378601,3659,0.0,0.0
2023-11-22 15:30:00-05:00,1.8499000072479248,1.8499000072479248,1.8200000524520874,1.8200000524520874,545,0.0,0.0
2023-11-24 09:30:00-05:00,1.8300000429153442,1.8799999952316284,1.7799999713897705,1.7999999523162842,18570,0.0,0.0
2023-11-24 10:30:00-05:00,1.8700000047683716,1.8700000047683716,1.8450000286102295,1.8600000143051147,663,0.0,0.0
2023-11-24 11:30:00-05:00,1.8799999952316284,1.8799999952316284,1.8799999952316284,1.8799999952316284,1343,0.0,0.0
2023-11-27 09:30:00-05:00,1.8300000429153442,1.9499000310897827,1.8300000429153442,1.899999976158142,2413,0.0,0.0
2023-11-27 10:30:00-05:00,1.8601000308990479,1.875,1.8200000524520874,1.850100040435791,6682,0.0,0.0
2023-11-27 11:30:00-05:00,1.8600000143051147,1.8600000143051147,1.8600000143051147,1.8600000143051147,147,0.0,0.0
2023-11-27 12:30:00-05:00,1.850000023841858,1.850000023841858,1.840000033378601,1.8422000408172607,1030,0.0,0.0
2023-11-27 13:30:00-05:00,1.850000023841858,1.850000023841858,1.850000023841858,1.850000023841858,676,0.0,0.0
2023-11-27 14:30:00-05:00,1.840000033378601,1.840000033378601,1.8200000524520874,1.8300000429153442,13074,0.0,0.0
2023-11-27 15:30:00-05:00,1.8392000198364258,1.850000023841858,1.8200000524520874,1.840000033378601,13816,0.0,0.0
2023-11-28 09:30:00-05:00,1.8250000476837158,1.8250000476837158,1.8250000476837158,1.8250000476837158,100,0.0,0.0
2023-11-28 10:30:00-05:00,1.809999942779541,1.8214000463485718,1.7200000286102295,1.7200000286102295,9721,0.0,0.0
2023-11-28 11:30:00-05:00,1.7000000476837158,1.7999000549316406,1.7000000476837158,1.7999000549316406,14696,0.0,0.0
2023-11-28 12:30:00-05:00,1.7899999618530273,1.7999000549316406,1.7899999618530273,1.7999000549316406,621,0.0,0.0
2023-11-28 13:30:00-05:00,1.7599999904632568,1.7599999904632568,1.690000057220459,1.715000033378601,8637,0.0,0.0
2023-11-28 14:30:00-05:00,1.725000023841858,1.75,1.690000057220459,1.7300000190734863,11365,0.0,0.0
2023-11-28 15:30:00-05:00,1.7699999809265137,1.7699999809265137,1.7300000190734863,1.7649999856948853,0,0.0,0.0
2023-11-29 09:30:00-05:00,1.75,1.8499000072479248,1.7300000190734863,1.7700999975204468,16781,0.0,0.0
2023-11-29 10:30:00-05:00,1.7699999809265137,1.7899999618530273,1.7599999904632568,1.7599999904632568,2374,0.0,0.0
2023-11-29 11:30:00-05:00,1.7401000261306763,1.7551000118255615,1.7350000143051147,1.7350000143051147,2454,0.0,0.0
2023-11-29 12:30:00-05:00,1.7300000190734863,1.7898999452590942,1.7300000190734863,1.7898999452590942,633,0.0,0.0
2023-11-29 14:30:00-05:00,1.7405999898910522,1.7699999809265137,1.7405999898910522,1.7699999809265137,1147,0.0,0.0
2023-11-29 15:30:00-05:00,1.7400000095367432,1.7484999895095825,1.7300000190734863,1.7395000457763672,2627,0.0,0.0
2023-11-30 09:30:00-05:00,1.7352999448776245,1.7400000095367432,1.7352999448776245,1.7400000095367432,1194,0.0,0.0
2023-11-30 10:30:00-05:00,1.7699999809265137,1.7699999809265137,1.7200000286102295,1.7200000286102295,3565,0.0,0.0
2023-11-30 11:30:00-05:00,1.7200000286102295,1.7200000286102295,1.7000000476837158,1.7000000476837158,1539,0.0,0.0
2023-11-30 12:30:00-05:00,1.690000057220459,1.7264000177383423,1.690000057220459,1.7100000381469727,6518,0.0,0.0
2023-11-30 13:30:00-05:00,1.6950000524520874,1.6950000524520874,1.690000057220459,1.690000057220459,561,0.0,0.0
2023-11-30 14:30:00-05:00,1.684999942779541,1.690000057220459,1.684999942779541,1.690000057220459,368,0.0,0.0
2023-11-30 15:30:00-05:00,1.6950000524520874,1.6999000310897827,1.6799999475479126,1.6999000310897827,1284,0.0,0.0
2023-12-01 09:30:00-05:00,1.649999976158142,1.6699999570846558,1.649999976158142,1.6699999570846558,2378,0.0,0.0
2023-12-01 10:30:00-05:00,1.660099983215332,1.7000000476837158,1.659999966621399,1.6758999824523926,9929,0.0,0.0
2023-12-01 11:30:00-05:00,1.6800999641418457,1.7201000452041626,1.6800999641418457,1.7201000452041626,6689,0.0,0.0
2023-12-01 12:30:00-05:00,1.75,1.75,1.704300045967102,1.7401000261306763,10099,0.0,0.0
2023-12-01 13:30:00-05:00,1.7400000095367432,1.75,1.7400000095367432,1.75,2976,0.0,0.0
2023-12-01 14:30:00-05:00,1.7685999870300293,1.7999999523162842,1.7627999782562256,1.7990000247955322,12515,0.0,0.0
2023-12-01 15:30:00-05:00,1.7799999713897705,1.7799999713897705,1.7300000190734863,1.7450000047683716,2200,0.0,0.0
2023-12-04 09:30:00-05:00,1.7200000286102295,1.7929999828338623,1.7200000286102295,1.7400000095367432,0,0.0,0.0
2023-12-04 10:30:00-05:00,1.7699999809265137,1.7899999618530273,1.7699999809265137,1.7899999618530273,306,0.0,0.0
2023-12-04 11:30:00-05:00,1.7200000286102295,1.7699999809265137,1.7100000381469727,1.7699999809265137,1660,0.0,0.0
2023-12-04 12:30:00-05:00,1.7200000286102295,1.7354999780654907,1.7100000381469727,1.7354999780654907,872,0.0,0.0
2023-12-04 13:30:00-05:00,1.7200000286102295,1.7480000257492065,1.7200000286102295,1.7480000257492065,361,0.0,0.0
2023-12-04 14:30:00-05:00,1.7400000095367432,1.75,1.7100000381469727,1.75,7712,0.0,0.0
2023-12-04 15:30:00-05:00,1.7299000024795532,1.7299000024795532,1.7299000024795532,1.7299000024795532,556,0.0,0.0
2023-12-05 09:30:00-05:00,1.7100000381469727,1.7400000095367432,1.6799999475479126,1.7101000547409058,12090,0.0,0.0
2023-12-05 10:30:00-05:00,1.7300000190734863,1.7300000190734863,1.6799999475479126,1.6950000524520874,18228,0.0,0.0
2023-12-05 11:30:00-05:00,1.7173999547958374,1.7173999547958374,1.7010999917984009,1.7100000381469727,1335,0.0,0.0
2023-12-05 12:30:00-05:00,1.7065000534057617,1.7100000381469727,1.684999942779541,1.684999942779541,7474,0.0,0.0
2023-12-05 14:30:00-05:00,1.7100000381469727,1.7100000381469727,1.7100000381469727,1.7100000381469727,474,0.0,0.0
2023-12-06 09:30:00-05:00,1.7000000476837158,1.7604000568389893,1.590000033378601,1.6201000213623047,44505,0.0,0.0
2023-12-06 10:30:00-05:00,1.6201000213623047,1.6698999404907227,1.4500000476837158,1.649999976158142,46942,0.0,0.0
2023-12-06 11:30:00-05:00,1.6158000230789185,1.6699999570846558,1.6158000230789185,1.6699999570846558,1975,0.0,0.0
2023-12-06 12:30:00-05:00,1.6399999856948853,1.6598999500274658,1.6299999952316284,1.646399974822998,3046,0.0,0.0
2023-12-06 13:30:00-05:00,1.6334999799728394,1.6598999500274658,1.6201000213623047,1.6598999500274658,3087,0.0,0.0
2023-12-06 14:30:00-05:00,1.6299999952316284,1.6299999952316284,1.590000033378601,1.6016000509262085,3907,0.0,0.0
2023-12-06 15:30:00-05:00,1.614300012588501,1.6188000440597534,1.600000023841858,1.600100040435791,2175,0.0,0.0
2023-12-07 09:30:00-05:00,1.6699999570846558,1.6799999475479126,1.642699956893921,1.6699999570846558,0,0.0,0.0
2023-12-07 10:30:00-05:00,1.6799999475479126,1.6800999641418457,1.6799999475479126,1.6800999641418457,3652,0.0,0.0
2023-12-07 11:30:00-05:00,1.6799999475479126,1.6895999908447266,1.6799999475479126,1.6895999908447266,2174,0.0,0.0
2023-12-07 12:30:00-05:00,1.6401000022888184,1.6899000406265259,1.6401000022888184,1.659999966621399,4773,0.0,0.0
2023-12-07 13:30:00-05:00,1.659999966621399,1.679900050163269,1.649999976158142,1.679900050163269,1694,0.0,0.0
2023-12-07 14:30:00-05:00,1.659999966621399,1.672700047492981,1.659999966621399,1.6699999570846558,511,0.0,0.0
2023-12-07 15:30:00-05:00,1.6799999475479126,1.6799999475479126,1.6399999856948853,1.6399999856948853,5550,0.0,0.0
2023-12-08 09:30:00-05:00,1.649999976158142,1.690000057220459,1.649999976158142,1.680299997329712,0,0.0,0.0
2023-12-08 10:30:00-05:00,1.680899977684021,1.680899977684021,1.659999966621399,1.6799999475479126,2723,0.0,0.0
2023-12-08 11:30:00-05:00,1.6649999618530273,1.690000057220459,1.6200000047683716,1.6299999952316284,4371,0.0,0.0
2023-12-08 12:30:00-05:00,1.6299999952316284,1.6399999856948853,1.6299999952316284,1.6399999856948853,685,0.0,0.0
2023-12-08 15:30:00-05:00,1.6200000047683716,1.6200000047683716,1.6200000047683716,1.6200000047683716,447,0.0,0.0
2023-12-11 09:30:00-05:00,1.590000033378601,1.649899959564209,1.590000033378601,1.649899959564209,0,0.0,0.0
2023-12-11 10:30:00-05:00,1.6100000143051147,1.6100000143051147,1.6100000143051147,1.6100000143051147,101,0.0,0.0
2023-12-11 11:30:00-05:00,1.6100000143051147,1.6100000143051147,1.600000023841858,1.600000023841858,908,0.0,0.0
2023-12-11 12:30:00-05:00,1.590000033378601,1.590000033378601,1.590000033378601,1.590000033378601,653,0.0,0.0
2023-12-11 13:30:00-05:00,1.5950000286102295,1.5950000286102295,1.5950000286102295,1.5950000286102295,100,0.0,0.0
2023-12-11 14:30:00-05:00,1.590000033378601,1.6561000347137451,1.5709999799728394,1.6561000347137451,2682,0.0,0.0
2023-12-11 15:30:00-05:00,1.590000033378601,1.590000033378601,1.590000033378601,1.590000033378601,151,0.0,0.0
2023-12-12 09:30:00-05:00,1.6555999517440796,1.6555999517440796,1.5399999618530273,1.5534000396728516,4550,0.0,0.0
2023-12-12 10:30:00-05:00,1.6155999898910522,1.6155999898910522,1.6155999898910522,1.6155999898910522,390,0.0,0.0
2023-12-12 11:30:00-05:00,1.5959999561309814,1.5959999561309814,1.5819000005722046,1.5819000005722046,3105,0.0,0.0
2023-12-12 13:30:00-05:00,1.5999000072479248,1.5999000072479248,1.5999000072479248,1.5999000072479248,4062,0.0,0.0
2023-12-12 14:30:00-05:00,1.5850000381469727,1.600000023841858,1.5850000381469727,1.5999000072479248,4974,0.0,0.0
2023-12-12 15:30:00-05:00,1.600000023841858,1.600000023841858,1.5700000524520874,1.5835000276565552,2759,0.0,0.0
2023-12-13 09:30:00-05:00,1.5399999618530273,1.6200000047683716,1.5399999618530273,1.6200000047683716,0,0.0,0.0
2023-12-13 10:30:00-05:00,1.5800000429153442,1.6198999881744385,1.5800000429153442,1.6198999881744385,551,0.0,0.0
2023-12-13 11:30:00-05:00,1.5700000524520874,1.5700000524520874,1.5700000524520874,1.5700000524520874,101,0.0,0.0
2023-12-13 12:30:00-05:00,1.5700000524520874,1.600000023841858,1.5700000524520874,1.600000023841858,8460,0.0,0.0
2023-12-13 13:30:00-05:00,1.5700000524520874,1.5700000524520874,1.5549999475479126,1.5700000524520874,2760,0.0,0.0
2023-12-13 14:30:00-05:00,1.5407999753952026,1.559999942779541,1.5399999618530273,1.5570000410079956,649,0.0,0.0
2023-12-13 15:30:00-05:00,1.5587999820709229,1.5700000524520874,1.5499999523162842,1.5700000524520874,2419,0.0,0.0
2023-12-14 09:30:00-05:00,1.5199999809265137,1.6150000095367432,1.5199999809265137,1.6054999828338623,9560,0.0,0.0
2023-12-14 10:30:00-05:00,1.5914000272750854,1.5914000272750854,1.5800000429153442,1.5800000429153442,1960,0.0,0.0
2023-12-14 11:30:00-05:00,1.5800000429153442,1.590000033378601,1.5700000524520874,1.5800000429153442,3114,0.0,0.0
2023-12-14 12:30:00-05:00,1.600000023841858,1.600000023841858,1.5959999561309814,1.5959999561309814,1629,0.0,0.0
2023-12-14 13:30:00-05:00,1.5920000076293945,1.6100000143051147,1.5920000076293945,1.6100000143051147,1248,0.0,0.0
2023-12-14 14:30:00-05:00,1.6100000143051147,1.6399999856948853,1.5923999547958374,1.6399999856948853,10822,0.0,0.0
2023-12-14 15:30:00-05:00,1.6574000120162964,1.6574000120162964,1.6399999856948853,1.6399999856948853,1963,0.0,0.0
2023-12-15 09:30:00-05:00,1.559999942779541,1.649999976158142,1.559999942779541,1.6399999856948853,5910,0.0,0.0
2023-12-15 11:30:00-05:00,1.6100000143051147,1.6100000143051147,1.600000023841858,1.600000023841858,4337,0.0,0.0
2023-12-15 12:30:00-05:00,1.6399999856948853,1.649899959564209,1.600000023841858,1.600000023841858,3290,0.0,0.0
2023-12-15 13:30:00-05:00,1.600000023841858,1.6299999952316284,1.5800000429153442,1.6299999952316284,5014,0.0,0.0
2023-12-15 14:30:00-05:00,1.6299999952316284,1.6299999952316284,1.5850000381469727,1.6200000047683716,4069,0.0,0.0
2023-12-15 15:30:00-05:00,1.6200000047683716,1.6299999952316284,1.6100000143051147,1.6100000143051147,8247,0.0,0.0
2023-12-18 09:30:00-05:00,1.600000023841858,1.6416000127792358,1.600000023841858,1.6416000127792358,0,0.0,0.0
2023-12-18 10:30:00-05:00,1.611899971961975,1.6200000047683716,1.611899971961975,1.6200000047683716,411,0.0,0.0
2023-12-18 11:30:00-05:00,1.6483999490737915,1.649999976158142,1.621999979019165,1.6360000371932983,2686,0.0,0.0
2023-12-18 12:30:00-05:00,1.6200000047683716,1.6200000047683716,1.5694999694824219,1.5694999694824219,2655,0.0,0.0
2023-12-18 13:30:00-05:00,1.5503000020980835,1.5506000518798828,1.5199999809265137,1.534999966621399,5851,0.0,0.0
2023-12-18 14:30:00-05:00,1.5490000247955322,1.5499999523162842,1.5490000247955322,1.5498000383377075,3569,0.0,0.0
2023-12-18 15:30:00-05:00,1.5490000247955322,1.5587999820709229,1.5490000247955322,1.5499999523162842,1297,0.0,0.0
2023-12-19 09:30:00-05:00,1.5299999713897705,1.5499999523162842,1.5299999713897705,1.5499999523162842,2995,0.0,0.0
2023-12-19 10:30:00-05:00,1.5399999618530273,1.6190999746322632,1.531599998474121,1.6100000143051147,8545,0.0,0.0
2023-12-19 11:30:00-05:00,1.5700000524520874,1.600000023841858,1.5499999523162842,1.5600999593734741,7347,0.0,0.0
2023-12-19 12:30:00-05:00,1.600000023841858,1.600000023841858,1.590000033378601,1.5999000072479248,2783,0.0,0.0
2023-12-19 13:30:00-05:00,1.600000023841858,1.600000023841858,1.5800000429153442,1.5805000066757202,4501,0.0,0.0
2023-12-19 14:30:00-05:00,1.5799000263214111,1.600000023841858,1.559999942779541,1.600000023841858,9358,0.0,0.0
2023-12-19 15:30:00-05:00,1.5993000268936157,1.5993000268936157,1.590000033378601,1.5968999862670898,3261,0.0,0.0
2023-12-20 09:30:00-05:00,1.5499999523162842,1.5800000429153442,1.5499999523162842,1.5800000429153442,0,0.0,0.0
2023-12-20 10:30:00-05:00,1.5850000381469727,1.600000023841858,1.5700000524520874,1.5842000246047974,2338,0.0,0.0
2023-12-20 11:30:00-05:00,1.5857000350952148,1.5857000350952148,1.5800000429153442,1.5800000429153442,1310,0.0,0.0
2023-12-20 12:30:00-05:00,1.590000033378601,1.590000033378601,1.5700000524520874,1.5700000524520874,1063,0.0,0.0
2023-12-20 14:30:00-05:00,1.5700000524520874,1.5800000429153442,1.5,1.5399999618530273,14606,0.0,0.0
2023-12-21 09:30:00-05:00,1.5700000524520874,1.5700000524520874,1.5499999523162842,1.5700000524520874,14429,0.0,0.0
2023-12-21 11:30:00-05:00,1.5699000358581543,1.5699000358581543,1.5499999523162842,1.5499999523162842,8797,0.0,0.0
2023-12-21 12:30:00-05:00,1.5499999523162842,1.5499999523162842,1.5199999809265137,1.5199999809265137,1171,0.0,0.0
2023-12-21 13:30:00-05:00,1.5299999713897705,1.5441999435424805,1.5299999713897705,1.5441999435424805,389,0.0,0.0
2023-12-21 14:30:00-05:00,1.5300999879837036,1.5677000284194946,1.5,1.5299999713897705,20166,0.0,0.0
2023-12-21 15:30:00-05:00,1.5299999713897705,1.5476000308990479,1.51010000705719,1.534999966621399,3293,0.0,0.0
2023-12-22 09:30:00-05:00,1.5573999881744385,1.6299999952316284,1.5300999879837036,1.5785000324249268,10216,0.0,0.0
2023-12-22 10:30:00-05:00,1.6299999952316284,1.6299999952316284,1.5700000524520874,1.5700000524520874,204,0.0,0.0
2023-12-22 11:30:00-05:00,1.5700000524520874,1.690000057220459,1.5499999523162842,1.559999942779541,12251,0.0,0.0
2023-12-22 12:30:00-05:00,1.559999942779541,1.6095999479293823,1.5499999523162842,1.5499999523162842,7711,0.0,0.0
2023-12-22 13:30:00-05:00,1.5499999523162842,1.5800000429153442,1.5499999523162842,1.5800000429153442,1468,0.0,0.0
2023-12-22 14:30:00-05:00,1.5399999618530273,1.5399999618530273,1.5199999809265137,1.5299999713897705,14957,0.0,0.0
2023-12-22 15:30:00-05:00,1.559999942779541,1.5799000263214111,1.559999942779541,1.5799000263214111,4598,0.0,0.0
2023-12-26 09:30:00-05:00,1.600000023841858,1.6761000156402588,1.600000023841858,1.600000023841858,52120,0.0,0.0
2023-12-26 10:30:00-05:00,1.5920000076293945,1.645400047302246,1.5920000076293945,1.6399999856948853,2420,0.0,0.0
2023-12-26 11:30:00-05:00,1.600000023841858,1.600000023841858,1.600000023841858,1.600000023841858,2964,0.0,0.0
2023-12-26 13:30:00-05:00,1.5996999740600586,1.5996999740600586,1.5996999740600586,1.5996999740600586,125,0.0,0.0
2023-12-26 14:30:00-05:00,1.5800000429153442,1.6100000143051147,1.5800000429153442,1.6100000143051147,1282,0.0,0.0
2023-12-27 09:30:00-05:00,1.5800000429153442,1.6299999952316284,1.5700000524520874,1.6299999952316284,0,0.0,0.0
2023-12-27 10:30:00-05:00,1.6299999952316284,1.649999976158142,1.6299999952316284,1.649999976158142,1515,0.0,0.0
2023-12-27 11:30:00-05:00,1.6200000047683716,1.649999976158142,1.5901000499725342,1.5901000499725342,9437,0.0,0.0
2023-12-27 12:30:00-05:00,1.6100000143051147,1.6100000143051147,1.600000023841858,1.600000023841858,1199,0.0,0.0
2023-12-27 13:30:00-05:00,1.600000023841858,1.600000023841858,1.590000033378601,1.590000033378601,3071,0.0,0.0
2023-12-27 14:30:00-05:00,1.5936000347137451,1.5936000347137451,1.5936000347137451,1.5936000347137451,329,0.0,0.0
2023-12-27 15:30:00-05:00,1.600000023841858,1.600000023841858,1.600000023841858,1.600000023841858,2658,0.0,0.0
2023-12-28 09:30:00-05:00,1.5800000429153442,1.590000033378601,1.5500999689102173,1.5898000001907349,1148,0.0,0.0
2023-12-28 11:30:00-05:00,1.582800030708313,1.5896999835968018,1.582800030708313,1.5896999835968018,957,0.0,0.0
2023-12-28 12:30:00-05:00,1.5800000429153442,1.590000033378601,1.5800000429153442,1.5800000429153442,3002,0.0,0.0
2023-12-28 13:30:00-05:00,1.5799000263214111,1.5799000263214111,1.5750000476837158,1.5750000476837158,2696,0.0,0.0
2023-12-28 14:30:00-05:00,1.5800000429153442,1.5800000429153442,1.5642999410629272,1.5642999410629272,2340,0.0,0.0
2023-12-28 15:30:00-05:00,1.5785000324249268,1.5785000324249268,1.5700000524520874,1.5700000524520874,700,0.0,0.0
2023-12-29 09:30:00-05:00,1.649999976158142,1.649999976158142,1.6202000379562378,1.6299999952316284,6450,0.0,0.0
2023-12-29 10:30:00-05:00,1.649999976158142,1.659999966621399,1.5901000499725342,1.6100000143051147,3200,0.0,0.0
2023-12-29 11:30:00-05:00,1.6100000143051147,1.6200000047683716,1.5901000499725342,1.6004999876022339,4676,0.0,0.0
2023-12-29 12:30:00-05:00,1.600000023841858,1.6098999977111816,1.590000033378601,1.5901000499725342,1528,0.0,0.0
2023-12-29 13:30:00-05:00,1.590000033378601,1.600000023841858,1.5299999713897705,1.5369999408721924,9088,0.0,0.0
2023-12-29 14:30:00-05:00,1.5750000476837158,1.5982999801635742,1.5700000524520874,1.590000033378601,2388,0.0,0.0
2023-12-29 15:30:00-05:00,1.600000023841858,1.6100000143051147,1.600000023841858,1.6100000143051147,6501,0.0,0.0
2024-01-02 09:30:00-05:00,1.600000023841858,1.6260000467300415,1.5670000314712524,1.5670000314712524,4329,0.0,0.0
2024-01-02 10:30:00-05:00,1.600000023841858,1.600000023841858,1.5841000080108643,1.5841000080108643,441,0.0,0.0
2024-01-02 11:30:00-05:00,1.6100000143051147,1.7100000381469727,1.6059999465942383,1.7000000476837158,10022,0.0,0.0
2024-01-02 12:30:00-05:00,1.6549999713897705,1.6799999475479126,1.6549999713897705,1.6698999404907227,2860,0.0,0.0
2024-01-02 13:30:00-05:00,1.6799999475479126,1.6799999475479126,1.6799999475479126,1.6799999475479126,198,0.0,0.0
2024-01-02 14:30:00-05:00,1.621000051498413,1.6265000104904175,1.6200000047683716,1.6201000213623047,4378,0.0,0.0
2024-01-02 15:30:00-05:00,1.631700038909912,1.631700038909912,1.6110999584197998,1.6110999584197998,1864,0.0,0.0
2024-01-03 09:30:00-05:00,1.6399999856948853,1.6399999856948853,1.6100000143051147,1.6100000143051147,689,0.0,0.0
2024-01-03 10:30:00-05:00,1.6200000047683716,1.6200000047683716,1.5850000381469727,1.5850000381469727,258,0.0,0.0
2024-01-03 11:30:00-05:00,1.559999942779541,1.5950000286102295,1.559999942779541,1.590000033378601,813,0.0,0.0
2024-01-03 13:30:00-05:00,1.5753999948501587,1.5753999948501587,1.5499999523162842,1.5499999523162842,1168,0.0,0.0
2024-01-03 14:30:00-05:00,1.5700000524520874,1.590000033378601,1.5399999618530273,1.5399999618530273,1045,0.0,0.0
2024-01-03 15:30:00-05:00,1.559999942779541,1.600000023841858,1.559999942779541,1.590000033378601,2162,0.0,0.0
2024-01-04 09:30:00-05:00,1.625,1.625,1.5946999788284302,1.5946999788284302,1803,0.0,0.0
2024-01-04 11:30:00-05:00,1.5800000429153442,1.5800000429153442,1.5800000429153442,1.5800000429153442,320,0.0,0.0
2024-01-04 12:30:00-05:00,1.562999963760376,1.562999963760376,1.562999963760376,1.562999963760376,1735,0.0,0.0
2024-01-04 15:30:00-05:00,1.5700000524520874,1.5700000524520874,1.5700000524520874,1.5700000524520874,300,0.0,0.0
2024-01-05 09:30:00-05:00,1.5700000524520874,1.6303999423980713,1.5499999523162842,1.6299999952316284,2824,0.0,0.0
2024-01-05 10:30:00-05:00,1.604099988937378,1.604099988937378,1.604099988937378,1.604099988937378,311,0.0,0.0
2024-01-05 12:30:00-05:00,1.6198999881744385,1.6198999881744385,1.5700000524520874,1.5700000524520874,4803,0.0,0.0
2024-01-05 13:30:00-05:00,1.5886000394821167,1.5886000394821167,1.5299999713897705,1.5299999713897705,10840,0.0,0.0
2024-01-05 14:30:00-05:00,1.5199999809265137,1.5399999618530273,1.5199999809265137,1.5399999618530273,4662,0.0,0.0
2024-01-05 15:30:00-05:00,1.5420000553131104,1.5442999601364136,1.5299999713897705,1.5299999713897705,6594,0.0,0.0
2024-01-08 09:30:00-05:00,1.5449999570846558,1.5449999570846558,1.5399999618530273,1.5400999784469604,752,0.0,0.0
2024-01-08 10:30:00-05:00,1.5499000549316406,1.5500999689102173,1.5388000011444092,1.5500999689102173,9125,0.0,0.0
2024-01-08 11:30:00-05:00,1.5579999685287476,1.5799000263214111,1.5399999618530273,1.5799000263214111,6880,0.0,0.0
2024-01-08 12:30:00-05:00,1.565000057220459,1.5700000524520874,1.565000057220459,1.5700000524520874,502,0.0,0.0
2024-01-08 13:30:00-05:00,1.5699000358581543,1.5699000358581543,1.5699000358581543,1.5699000358581543,192,0.0,0.0
2024-01-08 14:30:00-05:00,1.559999942779541,1.559999942779541,1.559999942779541,1.559999942779541,289,0.0,0.0
2024-01-09 09:30:00-05:00,1.5500999689102173,1.5500999689102173,1.5500999689102173,1.5500999689102173,152,0.0,0.0
2024-01-09 10:30:00-05:00,1.565000057220459,1.5800000429153442,1.5499999523162842,1.5563000440597534,2220,0.0,0.0
2024-01-09 13:30:00-05:00,1.5613000392913818,1.5613000392913818,1.5499999523162842,1.5499999523162842,1182,0.0,0.0
2024-01-09 14:30:00-05:00,1.5499999523162842,1.5499999523162842,1.5499999523162842,1.5499999523162842,466,0.0,0.0
2024-01-10 09:30:00-05:00,1.559999942779541,1.5700000524520874,1.559999942779541,1.5600999593734741,0,0.0,0.0
2024-01-10 13:30:00-05:00,1.5299999713897705,1.5549999475479126,1.5299999713897705,1.5549999475479126,638,0.0,0.0
2024-01-10 14:30:00-05:00,1.5299999713897705,1.559999942779541,1.5299999713897705,1.559999942779541,585,0.0,0.0
2024-01-10 15:30:00-05:00,1.5658999681472778,1.5658999681472778,1.5658999681472778,1.5658999681472778,358,0.0,0.0
2024-01-11 09:30:00-05:00,1.5800000429153442,1.5800000429153442,1.531999945640564,1.5406999588012695,1474,0.0,0.0
2024-01-11 13:30:00-05:00,1.559999942779541,1.559999942779541,1.559999942779541,1.559999942779541,599,0.0,0.0
2024-01-11 14:30:00-05:00,1.5499999523162842,1.5500999689102173,1.5300999879837036,1.5300999879837036,1964,0.0,0.0
2024-01-11 15:30:00-05:00,1.5399999618530273,1.5399999618530273,1.5399999618530273,1.5399999618530273,283,0.0,0.0
2024-01-12 09:30:00-05:00,1.520900011062622,1.5549999475479126,1.520900011062622,1.5427000522613525,1666,0.0,0.0
2024-01-12 10:30:00-05:00,1.5299999713897705,1.5800000429153442,1.5299999713897705,1.5300999879837036,2545,0.0,0.0
2024-01-12 11:30:00-05:00,1.5549999475479126,1.5549999475479126,1.5549999475479126,1.5549999475479126,148,0.0,0.0
2024-01-12 12:30:00-05:00,1.5384999513626099,1.5614999532699585,1.5299999713897705,1.5299999713897705,4228,0.0,0.0
2024-01-12 13:30:00-05:00,1.5299999713897705,1.5299999713897705,1.5299999713897705,1.5299999713897705,353,0.0,0.0
2024-01-12 14:30:00-05:00,1.5549999475479126,1.5549999475479126,1.5549999475479126,1.5549999475479126,1015,0.0,0.0
2024-01-12 15:30:00-05:00,1.5299999713897705,1.5638999938964844,1.5299999713897705,1.5638999938964844,580,0.0,0.0
2024-01-16 09:30:00-05:00,1.590000033378601,1.590000033378601,1.5,1.534999966621399,4069,0.0,0.0
2024-01-16 10:30:00-05:00,1.5499999523162842,1.5499999523162842,1.5499999523162842,1.5499999523162842,531,0.0,0.0
2024-01-16 14:30:00-05:00,1.5200999975204468,1.5200999975204468,1.5199999809265137,1.5199999809265137,0,0.0,0.0
2024-01-17 09:30:00-05:00,1.5,1.5195000171661377,1.5,1.5195000171661377,4642,0.0,0.0
2024-01-17 12:30:00-05:00,1.5,1.5089999437332153,1.4600000381469727,1.492900013923645,11311,0.0,0.0
2024-01-17 13:30:00-05:00,1.4600000381469727,1.4700000286102295,1.4500000476837158,1.4500000476837158,14985,0.0,0.0
2024-01-17 14:30:00-05:00,1.4500000476837158,1.4701000452041626,1.4500000476837158,1.4700000286102295,4727,0.0,0.0
2024-01-17 15:30:00-05:00,1.4500000476837158,1.4699000120162964,1.440000057220459,1.4500000476837158,3436,0.0,0.0
2024-01-18 09:30:00-05:00,1.4500000476837158,1.5,1.4500000476837158,1.4600000381469727,0,0.0,0.0
2024-01-18 11:30:00-05:00,1.5,1.5,1.4199999570846558,1.4199999570846558,13670,0.0,0.0
2024-01-18 12:30:00-05:00,1.440000057220459,1.440000057220459,1.440000057220459,1.440000057220459,194,0.0,0.0
2024-01-18 13:30:00-05:00,1.4701000452041626,1.4701000452041626,1.4701000452041626,1.4701000452041626,2518,0.0,0.0
2024-01-18 14:30:00-05:00,1.4800000190734863,1.5399999618530273,1.4800000190734863,1.5398000478744507,12571,0.0,0.0
2024-01-18 15:30:00-05:00,1.5299999713897705,1.5400999784469604,1.5299999713897705,1.5399999618530273,3533,0.0,0.0
2024-01-19 09:30:00-05:00,1.5700000524520874,1.5700000524520874,1.5499999523162842,1.5499999523162842,1269,0.0,0.0
2024-01-19 10:30:00-05:00,1.5,1.5,1.5,1.5,709,0.0,0.0
2024-01-19 13:30:00-05:00,1.5024000406265259,1.5024000406265259,1.5024000406265259,1.5024000406265259,2060,0.0,0.0
2024-01-19 14:30:00-05:00,1.5199999809265137,1.5199999809265137,1.5199999809265137,1.5199999809265137,814,0.0,0.0
2024-01-19 15:30:00-05:00,1.5399999618530273,1.5499999523162842,1.5399999618530273,1.5499999523162842,841,0.0,0.0
2024-01-22 09:30:00-05:00,1.5399999618530273,1.5460000038146973,1.3601000308990479,1.5460000038146973,33343,0.0,0.0
2024-01-22 10:30:00-05:00,1.5151000022888184,1.5151000022888184,1.4910000562667847,1.4910000562667847,300,0.0,0.0
2024-01-22 11:30:00-05:00,1.4901000261306763,1.49399995803833,1.4900000095367432,1.4901000261306763,1579,0.0,0.0
2024-01-22 12:30:00-05:00,1.4900000095367432,1.4900000095367432,1.4900000095367432,1.4900000095367432,1099,0.0,0.0
2024-01-22 13:30:00-05:00,1.4801000356674194,1.5,1.4801000356674194,1.5,6361,0.0,0.0
2024-01-22 14:30:00-05:00,1.5063999891281128,1.5063999891281128,1.5063999891281128,1.5063999891281128,558,0.0,0.0
2024-01-22 15:30:00-05:00,1.5099999904632568,1.5187000036239624,1.501099944114685,1.501099944114685,1085,0.0,0.0
2024-01-23 10:30:00-05:00,1.5,1.5,1.4910999536514282,1.4910999536514282,432,0.0,0.0
2024-01-23 11:30:00-05:00,1.5,1.5,1.5,1.5,1926,0.0,0.0
2024-01-23 12:30:00-05:00,1.5,1.5099999904632568,1.4900000095367432,1.5099999904632568,2009,0.0,0.0
2024-01-23 13:30:00-05:00,1.4800000190734863,1.4800000190734863,1.4800000190734863,1.4800000190734863,853,0.0,0.0
2024-01-23 15:30:00-05:00,1.4839999675750732,1.4839999675750732,1.4700000286102295,1.475000023841858,1469,0.0,0.0
2024-01-24 10:30:00-05:00,1.4800000190734863,1.4800000190734863,1.4800000190734863,1.4800000190734863,606,0.0,0.0
2024-01-24 14:30:00-05:00,1.5250999927520752,1.5250999927520752,1.5,1.5,1315,0.0,0.0
2024-01-24 15:30:00-05:00,1.5099999904632568,1.5099999904632568,1.5099999904632568,1.5099999904632568,0,0.0,0.0
2024-01-25 10:30:00-05:00,1.486299991607666,1.486299991607666,1.4818999767303467,1.4818999767303467,813,0.0,0.0
2024-01-25 11:30:00-05:00,1.4800000190734863,1.4800000190734863,1.4800000190734863,1.4800000190734863,2054,0.0,0.0
2024-01-25 13:30:00-05:00,1.4455000162124634,1.4455000162124634,1.4199999570846558,1.4200999736785889,6232,0.0,0.0
2024-01-25 14:30:00-05:00,1.4199999570846558,1.4299999475479126,1.3899999856948853,1.4299999475479126,11002,0.0,0.0
2024-01-26 09:30:00-05:00,1.4299999475479126,1.4299999475479126,1.378499984741211,1.399999976158142,7000,0.0,0.0
2024-01-26 10:30:00-05:00,1.3976000547409058,1.3976000547409058,1.3799999952316284,1.3799999952316284,350,0.0,0.0
2024-01-26 11:30:00-05:00,1.3899999856948853,1.3899999856948853,1.3899999856948853,1.3899999856948853,501,0.0,0.0
2024-01-26 12:30:00-05:00,1.3799999952316284,1.3799999952316284,1.3799999952316284,1.3799999952316284,3016,0.0,0.0
2024-01-26 13:30:00-05:00,1.381500005722046,1.381500005722046,1.381500005722046,1.381500005722046,434,0.0,0.0
2024-01-26 14:30:00-05:00,1.3973000049591064,1.3973000049591064,1.3973000049591064,1.3973000049591064,3114,0.0,0.0
2024-01-29 09:30:00-05:00,1.399999976158142,1.4299999475479126,1.3600000143051147,1.3600000143051147,0,0.0,0.0
2024-01-29 10:30:00-05:00,1.340000033378601,1.3899999856948853,1.3300000429153442,1.3899999856948853,974,0.0,0.0
2024-01-29 11:30:00-05:00,1.399999976158142,1.399999976158142,1.399999976158142,1.399999976158142,307,0.0,0.0
2024-01-29 15:30:00-05:00,1.340000033378601,1.3600000143051147,1.3200000524520874,1.3600000143051147,4333,0.0,0.0
2024-01-30 09:30:00-05:00,1.3336999416351318,1.3336999416351318,1.281599998474121,1.2999999523162842,13789,0.0,0.0
2024-01-30 10:30:00-05:00,1.3157000541687012,1.3157000541687012,1.2949999570846558,1.309999942779541,19143,0.0,0.0
2024-01-30 11:30:00-05:00,1.309999942779541,1.340000033378601,1.309999942779541,1.3215999603271484,10112,0.0,0.0
2024-01-30 12:30:00-05:00,1.309999942779541,1.309999942779541,1.309999942779541,1.309999942779541,498,0.0,0.0
2024-01-30 13:30:00-05:00,1.3200000524520874,1.3200000524520874,1.2999999523162842,1.2999999523162842,1062,0.0,0.0
2024-01-30 14:30:00-05:00,1.3244999647140503,1.3244999647140503,1.3244999647140503,1.3244999647140503,335,0.0,0.0
2024-01-30 15:30:00-05:00,1.30649995803833,1.309999942779541,1.30649995803833,1.309999942779541,351,0.0,0.0
2024-01-31 09:30:00-05:00,1.309999942779541,1.309999942779541,1.2799999713897705,1.2799999713897705,9292,0.0,0.0
2024-01-31 10:30:00-05:00,1.2799999713897705,1.2799999713897705,1.190000057220459,1.25,14256,0.0,0.0
2024-01-31 11:30:00-05:00,1.2479000091552734,1.25,1.2477999925613403,1.2496999502182007,3866,0.0,0.0
2024-01-31 12:30:00-05:00,1.249400019645691,1.309999942779541,1.2400000095367432,1.309999942779541,19431,0.0,0.0
2024-01-31 13:30:00-05:00,1.2999999523162842,1.3000999689102173,1.2999999523162842,1.3000999689102173,433,0.0,0.0
2024-01-31 14:30:00-05:00,1.2999999523162842,1.2999999523162842,1.2999000549316406,1.2999999523162842,6893,0.0,0.0
2024-01-31 15:30:00-05:00,1.309999942779541,1.3300000429153442,1.309999942779541,1.3300000429153442,2466,0.0,0.0
2024-02-01 09:30:00-05:00,1.2799999713897705,1.3154000043869019,1.2799999713897705,1.3154000043869019,0,0.0,0.0
2024-02-01 10:30:00-05:00,1.340000033378601,1.340000033378601,1.340000033378601,1.340000033378601,225,0.0,0.0
2024-02-01 11:30:00-05:00,1.3379000425338745,1.3379000425338745,1.3125,1.3300000429153442,791,0.0,0.0
2024-02-01 12:30:00-05:00,1.3350000381469727,1.350000023841858,1.3350000381469727,1.350000023841858,396,0.0,0.0
2024-02-01 14:30:00-05:00,1.3697999715805054,1.3697999715805054,1.3697999715805054,1.3697999715805054,535,0.0,0.0
2024-02-01 15:30:00-05:00,1.3799999952316284,1.3799999952316284,1.3799999952316284,1.3799999952316284,592,0.0,0.0
2024-02-02 09:30:00-05:00,1.3799999952316284,1.3799999952316284,1.3799999952316284,1.3799999952316284,337,0.0,0.0
2024-02-02 10:30:00-05:00,1.3799999952316284,1.4079999923706055,1.3772000074386597,1.399999976158142,5625,0.0,0.0
2024-02-02 11:30:00-05:00,1.4049999713897705,1.4199999570846558,1.4049999713897705,1.4199999570846558,1945,0.0,0.0
2024-02-02 12:30:00-05:00,1.4098999500274658,1.4198999404907227,1.4098999500274658,1.409999966621399,2368,0.0,0.0
2024-02-02 14:30:00-05:00,1.3899999856948853,1.3899999856948853,1.3799999952316284,1.3867000341415405,2416,0.0,0.0
2024-02-02 15:30:00-05:00,1.3657000064849854,1.4198999404907227,1.3657000064849854,1.4149999618530273,10810,0.0,0.0
2024-02-05 09:30:00-05:00,1.3799999952316284,1.3799999952316284,1.3799999952316284,1.3799999952316284,0,0.0,0.0
2024-02-05 10:30:00-05:00,1.399899959564209,1.4199999570846558,1.3966000080108643,1.4172999858856201,2054,0.0,0.0
2024-02-05 11:30:00-05:00,1.409999966621399,1.4507999420166016,1.409999966621399,1.4500000476837158,2886,0.0,0.0
2024-02-05 12:30:00-05:00,1.434999942779541,1.434999942779541,1.434999942779541,1.434999942779541,265,0.0,0.0
2024-02-05 13:30:00-05:00,1.4299999475479126,1.4299999475479126,1.4199999570846558,1.4200999736785889,470,0.0,0.0
2024-02-05 14:30:00-05:00,1.4199999570846558,1.4299999475479126,1.4199999570846558,1.4299999475479126,0,0.0,0.0
2024-02-06 09:30:00-05:00,1.4910000562667847,1.5,1.4700000286102295,1.4901000261306763,6737,0.0,0.0
2024-02-06 10:30:00-05:00,1.5,1.5,1.4901000261306763,1.4901000261306763,4308,0.0,0.0
2024-02-06 11:30:00-05:00,1.5,1.5499999523162842,1.5,1.531000018119812,8710,0.0,0.0
2024-02-06 13:30:00-05:00,1.5347000360488892,1.5347000360488892,1.5347000360488892,1.5347000360488892,103,0.0,0.0
2024-02-06 14:30:00-05:00,1.51010000705719,1.5199999809265137,1.51010000705719,1.5199999809265137,2040,0.0,0.0
2024-02-06 15:30:00-05:00,1.51419997215271,1.51419997215271,1.4900000095367432,1.4950000047683716,3990,0.0,0.0
2024-02-07 09:30:00-05:00,1.5,1.5,1.5,1.5,769,0.0,0.0
2024-02-07 11:30:00-05:00,1.4749000072479248,1.4749000072479248,1.4500000476837158,1.4500999450683594,3242,0.0,0.0
2024-02-07 14:30:00-05:00,1.42330002784729,1.42330002784729,1.42330002784729,1.42330002784729,512,0.0,0.0
2024-02-07 15:30:00-05:00,1.3899999856948853,1.3899999856948853,1.3899999856948853,1.3899999856948853,544,0.0,0.0
2024-02-08 09:30:00-05:00,1.399999976158142,1.4190000295639038,1.3250000476837158,1.4190000295639038,21242,0.0,0.0
2024-02-08 10:30:00-05:00,1.4670000076293945,1.4670000076293945,1.4199999570846558,1.4199999570846558,3079,0.0,0.0
2024-02-08 12:30:00-05:00,1.4404000043869019,1.4404000043869019,1.409999966621399,1.409999966621399,3262,0.0,0.0
2024-02-08 13:30:00-05:00,1.409999966621399,1.4199999570846558,1.409999966621399,1.409999966621399,3028,0.0,0.0
2024-02-08 15:30:00-05:00,1.4199999570846558,1.4199999570846558,1.3799999952316284,1.3799999952316284,428,0.0,0.0
2024-02-09 09:30:00-05:00,1.3600000143051147,1.4220000505447388,1.3600000143051147,1.4220000505447388,2868,0.0,0.0
2024-02-09 10:30:00-05:00,1.409999966621399,1.409999966621399,1.4071999788284302,1.409999966621399,2981,0.0,0.0
2024-02-09 11:30:00-05:00,1.3870999813079834,1.399999976158142,1.3870999813079834,1.399399995803833,3640,0.0,0.0
2024-02-09 12:30:00-05:00,1.3948999643325806,1.4049999713897705,1.3948999643325806,1.3990999460220337,4716,0.0,0.0
2024-02-09 13:30:00-05:00,1.399999976158142,1.399999976158142,1.396299958229065,1.396299958229065,795,0.0,0.0
2024-02-09 14:30:00-05:00,1.399999976158142,1.399999976158142,1.3899999856948853,1.3899999856948853,2847,0.0,0.0
2024-02-09 15:30:00-05:00,1.3799999952316284,1.3799999952316284,1.3799999952316284,1.3799999952316284,600,0.0,0.0
2024-02-12 09:30:00-05:00,1.3700000047683716,1.3700000047683716,1.3700000047683716,1.3700000047683716,597,0.0,0.0
2024-02-12 10:30:00-05:00,1.3686000108718872,1.3700000047683716,1.3686000108718872,1.3700000047683716,539,0.0,0.0
2024-02-12 11:30:00-05:00,1.350000023841858,1.3700000047683716,1.350000023841858,1.3700000047683716,662,0.0,0.0
2024-02-12 12:30:00-05:00,1.3698999881744385,1.3698999881744385,1.3600000143051147,1.3600000143051147,1005,0.0,0.0
2024-02-12 13:30:00-05:00,1.3700000047683716,1.3700000047683716,1.3600000143051147,1.3600000143051147,732,0.0,0.0
2024-02-12 14:30:00-05:00,1.3624000549316406,1.3624000549316406,1.3624000549316406,1.3624000549316406,789,0.0,0.0
2024-02-12 15:30:00-05:00,1.350000023841858,1.3600000143051147,1.350000023841858,1.350000023841858,2427,0.0,0.0
2024-02-13 09:30:00-05:00,1.3394999504089355,1.3394999504089355,1.3394999504089355,1.3394999504089355,151,0.0,0.0
2024-02-13 10:30:00-05:00,1.3378000259399414,1.3378000259399414,1.3378000259399414,1.3378000259399414,236,0.0,0.0
2024-02-13 11:30:00-05:00,1.3300000429153442,1.3300000429153442,1.3200000524520874,1.3200000524520874,3299,0.0,0.0
2024-02-13 15:30:00-05:00,1.309999942779541,1.309999942779541,1.2999999523162842,1.2999999523162842,698,0.0,0.0
2024-02-14 09:30:00-05:00,1.309999942779541,1.3300000429153442,1.309999942779541,1.309999942779541,1516,0.0,0.0
2024-02-14 10:30:00-05:00,1.309999942779541,1.3166999816894531,1.2899999618530273,1.2944999933242798,3687,0.0,0.0
2024-02-14 11:30:00-05:00,1.291700005531311,1.291700005531311,1.291700005531311,1.291700005531311,615,0.0,0.0
2024-02-14 14:30:00-05:00,1.2999999523162842,1.2999999523162842,1.2799999713897705,1.2899999618530273,2813,0.0,0.0
2024-02-14 15:30:00-05:00,1.2899999618530273,1.3083000183105469,1.2899999618530273,1.2999999523162842,1211,0.0,0.0
2024-02-15 09:30:00-05:00,1.320099949836731,1.350000023841858,1.309999942779541,1.3100999593734741,2125,0.0,0.0
2024-02-15 13:30:00-05:00,1.309999942779541,1.3100999593734741,1.309999942779541,1.3100999593734741,658,0.0,0.0
2024-02-15 14:30:00-05:00,1.3299000263214111,1.3299000263214111,1.2899999618530273,1.3032000064849854,15137,0.0,0.0
2024-02-15 15:30:00-05:00,1.2999999523162842,1.309999942779541,1.2899999618530273,1.309999942779541,0,0.0,0.0
2024-02-16 09:30:00-05:00,1.340000033378601,1.340000033378601,1.3087999820709229,1.3087999820709229,642,0.0,0.0
2024-02-16 10:30:00-05:00,1.309999942779541,1.340000033378601,1.309999942779541,1.340000033378601,1437,0.0,0.0
2024-02-16 11:30:00-05:00,1.315000057220459,1.3300000429153442,1.315000057220459,1.3300000429153442,1151,0.0,0.0
2024-02-16 12:30:00-05:00,1.3300000429153442,1.3480000495910645,1.3300000429153442,1.3480000495910645,1475,0.0,0.0
2024-02-16 13:30:00-05:00,1.3350000381469727,1.3949999809265137,1.3350000381469727,1.3949999809265137,4693,0.0,0.0
2024-02-16 14:30:00-05:00,1.399999976158142,1.4199999570846558,1.3700000047683716,1.3700000047683716,3150,0.0,0.0
2024-02-16 15:30:00-05:00,1.350000023841858,1.3600000143051147,1.309999942779541,1.3600000143051147,7646,0.0,0.0
2024-02-20 10:30:00-05:00,1.319100022315979,1.319100022315979,1.319100022315979,1.319100022315979,3138,0.0,0.0
2024-02-20 12:30:00-05:00,1.309999942779541,1.3250000476837158,1.2999999523162842,1.3250000476837158,13917,0.0,0.0
2024-02-20 13:30:00-05:00,1.3463000059127808,1.3600000143051147,1.3250000476837158,1.3600000143051147,6217,0.0,0.0
2024-02-20 15:30:00-05:00,1.343999981880188,1.3550000190734863,1.343999981880188,1.350000023841858,0,0.0,0.0
2024-02-21 09:30:00-05:00,1.4800000190734863,1.5800000429153442,1.4500000476837158,1.554900050163269,80389,0.0,0.0
2024-02-21 10:30:00-05:00,1.5539000034332275,1.6098999977111816,1.5299999713897705,1.5800000429153442,28338,0.0,0.0
2024-02-21 11:30:00-05:00,1.5867999792099,1.5867999792099,1.5499999523162842,1.5500999689102173,10639,0.0,0.0
2024-02-21 12:30:00-05:00,1.5400999784469604,1.5499999523162842,1.5263999700546265,1.5398999452590942,3293,0.0,0.0
2024-02-21 13:30:00-05:00,1.5299999713897705,1.5384999513626099,1.506600022315979,1.524999976158142,7289,0.0,0.0
2024-02-21 14:30:00-05:00,1.524999976158142,1.5399999618530273,1.5214999914169312,1.5214999914169312,4948,0.0,0.0
2024-02-21 15:30:00-05:00,1.5187000036239624,1.5300999879837036,1.5099999904632568,1.5290000438690186,4743,0.0,0.0
2024-02-22 09:30:00-05:00,1.600000023841858,1.600000023841858,1.4710999727249146,1.524999976158142,32658,0.0,0.0
2024-02-22 10:30:00-05:00,1.4714000225067139,1.5,1.4500999450683594,1.4900000095367432,2102,0.0,0.0
2024-02-22 11:30:00-05:00,1.5061999559402466,1.5061999559402466,1.4703999757766724,1.4703999757766724,756,0.0,0.0
2024-02-22 12:30:00-05:00,1.472000002861023,1.4900000095367432,1.3997999429702759,1.4900000095367432,6512,0.0,0.0
2024-02-22 13:30:00-05:00,1.4500000476837158,1.4500000476837158,1.4500000476837158,1.4500000476837158,167,0.0,0.0
2024-02-22 14:30:00-05:00,1.4199999570846558,1.4474999904632568,1.4000999927520752,1.4453999996185303,4021,0.0,0.0
2024-02-22 15:30:00-05:00,1.4450000524520874,1.4500000476837158,1.4199999570846558,1.4500000476837158,2046,0.0,0.0
2024-02-23 09:30:00-05:00,1.4500000476837158,1.4500000476837158,1.2999999523162842,1.3601000308990479,22768,0.0,0.0
2024-02-23 11:30:00-05:00,1.3600000143051147,1.3669999837875366,1.3600000143051147,1.3669999837875366,1526,0.0,0.0
2024-02-23 13:30:00-05:00,1.3700000047683716,1.3700000047683716,1.3519999980926514,1.3700000047683716,3308,0.0,0.0
2024-02-23 14:30:00-05:00,1.3700000047683716,1.3799999952316284,1.3700000047683716,1.3798999786376953,2014,0.0,0.0
2024-02-23 15:30:00-05:00,1.3700000047683716,1.3799999952316284,1.3600000143051147,1.3799999952316284,948,0.0,0.0
2024-02-26 09:30:00-05:00,1.3600000143051147,1.3694000244140625,1.3344999551773071,1.340000033378601,4838,0.0,0.0
2024-02-26 10:30:00-05:00,1.3600000143051147,1.3600000143051147,1.340000033378601,1.340000033378601,2555,0.0,0.0
2024-02-26 12:30:00-05:00,1.3600000143051147,1.3600000143051147,1.3600000143051147,1.3600000143051147,1059,0.0,0.0
2024-02-26 14:30:00-05:00,1.3949999809265137,1.3949999809265137,1.3949999809265137,1.3949999809265137,470,0.0,0.0
2024-02-26 15:30:00-05:00,1.399999976158142,1.4299999475479126,1.399999976158142,1.4299999475479126,647,0.0,0.0
2024-02-27 12:30:00-05:00,1.440000057220459,1.4500000476837158,1.420699954032898,1.4500000476837158,671,0.0,0.0
2024-02-27 13:30:00-05:00,1.4500000476837158,1.4500000476837158,1.4500000476837158,1.4500000476837158,316,0.0,0.0
2024-02-27 15:30:00-05:00,1.4500000476837158,1.4500000476837158,1.4500000476837158,1.4500000476837158,352,0.0,0.0
2024-02-28 09:30:00-05:00,1.409999966621399,1.409999966621399,1.3519999980926514,1.3519999980926514,5159,0.0,0.0
2024-02-28 11:30:00-05:00,1.4149999618530273,1.4149999618530273,1.4149999618530273,1.4149999618530273,335,0.0,0.0
2024-02-28 14:30:00-05:00,1.4199999570846558,1.4524999856948853,1.4199999570846558,1.4227999448776245,473,0.0,0.0
2024-02-28 15:30:00-05:00,1.409999966621399,1.409999966621399,1.409999966621399,1.409999966621399,184,0.0,0.0
2024-02-29 09:30:00-05:00,1.3799999952316284,1.4199999570846558,1.3799999952316284,1.4012999534606934,1355,0.0,0.0
2024-02-29 10:30:00-05:00,1.3659000396728516,1.3659000396728516,1.3659000396728516,1.3659000396728516,879,0.0,0.0
2024-02-29 13:30:00-05:00,1.3301000595092773,1.3301000595092773,1.3301000595092773,1.3301000595092773,706,0.0,0.0
2024-02-29 14:30:00-05:00,1.3660999536514282,1.3660999536514282,1.3660999536514282,1.3660999536514282,267,0.0,0.0
2024-02-29 15:30:00-05:00,1.3768999576568604,1.3768999576568604,1.3600000143051147,1.3600000143051147,945,0.0,0.0
2024-03-01 09:30:00-05:00,1.330299973487854,1.3650000095367432,1.3300000429153442,1.3650000095367432,5210,0.0,0.0
2024-03-01 10:30:00-05:00,1.3200000524520874,1.3200000524520874,1.3200000524520874,1.3200000524520874,1667,0.0,0.0
2024-03-01 11:30:00-05:00,1.309999942779541,1.309999942779541,1.309999942779541,1.309999942779541,643,0.0,0.0
2024-03-01 12:30:00-05:00,1.3200000524520874,1.3600000143051147,1.3200000524520874,1.3600000143051147,8177,0.0,0.0
2024-03-01 13:30:00-05:00,1.350000023841858,1.4377000331878662,1.350000023841858,1.4377000331878662,9627,0.0,0.0
2024-03-01 15:30:00-05:00,1.399999976158142,1.440000057220459,1.399999976158142,1.4299999475479126,1510,0.0,0.0
2024-03-04 14:30:00-05:00,1.399999976158142,1.399999976158142,1.3559000492095947,1.3559000492095947,1349,0.0,0.0
2024-03-05 09:30:00-05:00,1.4299999475479126,1.4300999641418457,1.4210000038146973,1.4210000038146973,0,0.0,0.0
2024-03-05 10:30:00-05:00,1.399999976158142,1.399999976158142,1.399999976158142,1.399999976158142,100,0.0,0.0
2024-03-05 11:30:00-05:00,1.3701000213623047,1.3701000213623047,1.3701000213623047,1.3701000213623047,591,0.0,0.0
2024-03-05 13:30:00-05:00,1.4084999561309814,1.4084999561309814,1.4084999561309814,1.4084999561309814,1152,0.0,0.0
2024-03-05 15:30:00-05:00,1.399999976158142,1.409999966621399,1.399999976158142,1.409999966621399,1102,0.0,0.0
2024-03-06 10:30:00-05:00,1.4391000270843506,1.4391000270843506,1.4391000270843506,1.4391000270843506,0,0.0,0.0
2024-03-06 13:30:00-05:00,1.410099983215332,1.410099983215332,1.410099983215332,1.410099983215332,346,0.0,0.0
2024-03-06 15:30:00-05:00,1.350000023841858,1.3899999856948853,1.350000023841858,1.3899999856948853,0,0.0,0.0
2024-03-07 10:30:00-05:00,1.3799999952316284,1.3799999952316284,1.3799999952316284,1.3799999952316284,494,0.0,0.0
2024-03-07 11:30:00-05:00,1.3600000143051147,1.3600000143051147,1.350000023841858,1.350000023841858,758,0.0,0.0
2024-03-07 15:30:00-05:00,1.3899999856948853,1.3899999856948853,1.3899999856948853,1.3899999856948853,0,0.0,0.0
2024-03-08 09:30:00-05:00,1.3919999599456787,1.4600000381469727,1.3919999599456787,1.399999976158142,1351,0.0,0.0
2024-03-08 10:30:00-05:00,1.4199999570846558,1.4199999570846558,1.416700005531311,1.4199999570846558,1602,0.0,0.0
2024-03-08 11:30:00-05:00,1.399999976158142,1.4199999570846558,1.3700000047683716,1.3799999952316284,1479,0.0,0.0
2024-03-08 12:30:00-05:00,1.4199999570846558,1.4199999570846558,1.4199999570846558,1.4199999570846558,694,0.0,0.0
2024-03-08 13:30:00-05:00,1.4199999570846558,1.4199999570846558,1.361299991607666,1.4199999570846558,1677,0.0,0.0
2024-03-08 14:30:00-05:00,1.4199999570846558,1.4199999570846558,1.4199999570846558,1.4199999570846558,598,0.0,0.0
2024-03-08 15:30:00-05:00,1.4199999570846558,1.4199999570846558,1.350000023841858,1.3799999952316284,958,0.0,0.0
2024-03-11 09:30:00-04:00,1.4199999570846558,1.5,1.3700000047683716,1.4199999570846558,21329,0.0,0.0
2024-03-11 10:30:00-04:00,1.4430999755859375,1.4430999755859375,1.4430999755859375,1.4430999755859375,183,0.0,0.0
2024-03-11 11:30:00-04:00,1.4500000476837158,1.48989999294281,1.4500000476837158,1.48989999294281,920,0.0,0.0
2024-03-11 12:30:00-04:00,1.465000033378601,1.4799000024795532,1.440000057220459,1.4700000286102295,6054,0.0,0.0
2024-03-11 13:30:00-04:00,1.4767999649047852,1.4767999649047852,1.4767999649047852,1.4767999649047852,689,0.0,0.0
2024-03-11 14:30:00-04:00,1.4600000381469727,1.5,1.4600000381469727,1.5,6081,0.0,0.0
2024-03-11 15:30:00-04:00,1.4801000356674194,1.4801000356674194,1.440000057220459,1.4500000476837158,16323,0.0,0.0
2024-03-12 09:30:00-04:00,1.5044000148773193,1.5044000148773193,1.5044000148773193,1.5044000148773193,566,0.0,0.0
2024-03-12 10:30:00-04:00,1.4983999729156494,1.4983999729156494,1.4983999729156494,1.4983999729156494,3055,0.0,0.0
2024-03-12 11:30:00-04:00,1.478600025177002,1.5,1.4700000286102295,1.4700000286102295,17371,0.0,0.0
2024-03-12 12:30:00-04:00,1.48989999294281,1.48989999294281,1.4500000476837158,1.4500000476837158,2190,0.0,0.0
2024-03-12 13:30:00-04:00,1.4800000190734863,1.5,1.4800000190734863,1.4900000095367432,2897,0.0,0.0
2024-03-12 14:30:00-04:00,1.4900000095367432,1.5499999523162842,1.4900000095367432,1.5499999523162842,9708,0.0,0.0
2024-03-12 15:30:00-04:00,1.4700000286102295,1.5199999809265137,1.4700000286102295,1.5099999904632568,3334,0.0,0.0
2024-03-13 10:30:00-04:00,1.500100016593933,1.5099999904632568,1.500100016593933,1.5099999904632568,1410,0.0,0.0
2024-03-13 11:30:00-04:00,1.5199999809265137,1.5399999618530273,1.5199999809265137,1.5300999879837036,4461,0.0,0.0
2024-03-13 12:30:00-04:00,1.5490000247955322,1.5709999799728394,1.5299999713897705,1.5499999523162842,15310,0.0,0.0
2024-03-13 13:30:00-04:00,1.5605000257492065,1.5750999450683594,1.559999942779541,1.5750999450683594,4274,0.0,0.0
2024-03-13 14:30:00-04:00,1.5607000589370728,1.5800000429153442,1.5607000589370728,1.5800000429153442,1123,0.0,0.0
2024-03-13 15:30:00-04:00,1.5801000595092773,1.649999976158142,1.5801000595092773,1.600000023841858,21649,0.0,0.0
2024-03-14 09:30:00-04:00,1.6200000047683716,1.6200000047683716,1.4500000476837158,1.590000033378601,25696,0.0,0.0
2024-03-14 10:30:00-04:00,1.5700000524520874,1.5999000072479248,1.524999976158142,1.5959999561309814,5262,0.0,0.0
2024-03-14 13:30:00-04:00,1.559999942779541,1.559999942779541,1.559999942779541,1.559999942779541,179,0.0,0.0
2024-03-14 14:30:00-04:00,1.5700000524520874,1.5779999494552612,1.5499999523162842,1.5499999523162842,4209,0.0,0.0
2024-03-14 15:30:00-04:00,1.5199999809265137,1.5299999713897705,1.5,1.5,1378,0.0,0.0
2024-03-15 09:30:00-04:00,1.5399999618530273,1.5399999618530273,1.5399999618530273,1.5399999618530273,691,0.0,0.0
2024-03-15 11:30:00-04:00,1.559999942779541,1.5706000328063965,1.559999942779541,1.5706000328063965,4246,0.0,0.0
2024-03-15 12:30:00-04:00,1.573099970817566,1.6200000047683716,1.573099970817566,1.593000054359436,16748,0.0,0.0
2024-03-15 15:30:00-04:00,1.559999942779541,1.5608999729156494,1.5099999904632568,1.5149999856948853,2737,0.0,0.0
2024-03-18 09:30:00-04:00,1.4800000190734863,1.590000033378601,1.4800000190734863,1.590000033378601,5590,0.0,0.0
2024-03-18 10:30:00-04:00,1.5600999593734741,1.5800000429153442,1.5600999593734741,1.5800000429153442,2266,0.0,0.0
2024-03-18 12:30:00-04:00,1.5800000429153442,1.5800000429153442,1.5800000429153442,1.5800000429153442,1209,0.0,0.0
2024-03-18 14:30:00-04:00,1.600000023841858,1.6399999856948853,1.591599941253662,1.6399999856948853,8162,0.0,0.0
2024-03-18 15:30:00-04:00,1.642300009727478,1.642300009727478,1.642300009727478,1.642300009727478,166,0.0,0.0
2024-03-19 09:30:00-04:00,1.600000023841858,1.600000023841858,1.600000023841858,1.600000023841858,2289,0.0,0.0
2024-03-19 10:30:00-04:00,1.6200000047683716,1.6399999856948853,1.6198999881744385,1.6399999856948853,1185,0.0,0.0
2024-03-19 11:30:00-04:00,1.6399999856948853,1.6399999856948853,1.590000033378601,1.590000033378601,6208,0.0,0.0
2024-03-19 13:30:00-04:00,1.6200000047683716,1.649999976158142,1.6200000047683716,1.649999976158142,2086,0.0,0.0
2024-03-19 14:30:00-04:00,1.6699999570846558,1.6699999570846558,1.6449999809265137,1.649999976158142,16952,0.0,0.0
2024-03-19 15:30:00-04:00,1.6399999856948853,1.7000000476837158,1.6399999856948853,1.6399999856948853,7242,0.0,0.0
2024-03-20 10:30:00-04:00,1.6799999475479126,1.690000057220459,1.649999976158142,1.649999976158142,3131,0.0,0.0
2024-03-20 11:30:00-04:00,1.6899000406265259,1.6899000406265259,1.6510000228881836,1.6510000228881836,444,0.0,0.0
2024-03-20 12:30:00-04:00,1.6449999809265137,1.6699999570846558,1.6449999809265137,1.659999966621399,1715,0.0,0.0
2024-03-20 14:30:00-04:00,1.649999976158142,1.649999976158142,1.649999976158142,1.649999976158142,419,0.0,0.0
2024-03-20 15:30:00-04:00,1.6598999500274658,1.6799999475479126,1.6598999500274658,1.6799999475479126,3606,0.0,0.0
2024-03-21 10:30:00-04:00,1.6799999475479126,1.7000000476837158,1.6799999475479126,1.7000000476837158,1410,0.0,0.0
2024-03-21 11:30:00-04:00,1.6999000310897827,1.6999000310897827,1.6999000310897827,1.6999000310897827,3558,0.0,0.0
2024-03-21 12:30:00-04:00,1.6749999523162842,1.6749999523162842,1.649999976158142,1.6505999565124512,6017,0.0,0.0
2024-03-21 13:30:00-04:00,1.621000051498413,1.621000051498413,1.5099999904632568,1.5999000072479248,6954,0.0,0.0
2024-03-21 14:30:00-04:00,1.5800000429153442,1.5800000429153442,1.565000057220459,1.573199987411499,1660,0.0,0.0
2024-03-21 15:30:00-04:00,1.5789999961853027,1.5800000429153442,1.5789999961853027,1.5800000429153442,1521,0.0,0.0
2024-03-22 13:30:00-04:00,1.559999942779541,1.5750000476837158,1.559999942779541,1.559999942779541,799,0.0,0.0
2024-03-22 14:30:00-04:00,1.5700000524520874,1.5700000524520874,1.5700000524520874,1.5700000524520874,695,0.0,0.0
2024-03-22 15:30:00-04:00,1.5850000381469727,1.5850000381469727,1.5700000524520874,1.5742000341415405,2150,0.0,0.0
2024-03-25 09:30:00-04:00,1.5499999523162842,1.6979000568389893,1.5499999523162842,1.6979000568389893,6679,0.0,0.0
2024-03-25 10:30:00-04:00,1.649999976158142,1.649999976158142,1.6246999502182007,1.6246999502182007,1396,0.0,0.0
2024-03-25 11:30:00-04:00,1.600100040435791,1.625,1.590000033378601,1.590000033378601,6288,0.0,0.0
2024-03-25 12:30:00-04:00,1.600000023841858,1.6433000564575195,1.590000033378601,1.638200044631958,4904,0.0,0.0
2024-03-25 13:30:00-04:00,1.590000033378601,1.649999976158142,1.590000033378601,1.649999976158142,766,0.0,0.0
2024-03-25 14:30:00-04:00,1.6200000047683716,1.6200000047683716,1.6200000047683716,1.6200000047683716,819,0.0,0.0
2024-03-25 15:30:00-04:00,1.6200000047683716,1.659999966621399,1.6200000047683716,1.659999966621399,944,0.0,0.0
2024-03-26 09:30:00-04:00,1.6478999853134155,1.659999966621399,1.6478999853134155,1.659999966621399,531,0.0,0.0
2024-03-26 10:30:00-04:00,1.6622999906539917,1.6622999906539917,1.659999966621399,1.659999966621399,5507,0.0,0.0
2024-03-26 11:30:00-04:00,1.6592999696731567,1.6592999696731567,1.6413999795913696,1.6413999795913696,1330,0.0,0.0
2024-03-26 13:30:00-04:00,1.6399999856948853,1.6399999856948853,1.6399999856948853,1.6399999856948853,770,0.0,0.0
2024-03-26 14:30:00-04:00,1.625499963760376,1.6299999952316284,1.625499963760376,1.62909996509552,1150,0.0,0.0
2024-03-26 15:30:00-04:00,1.600000023841858,1.6299999952316284,1.5499999523162842,1.6299999952316284,2558,0.0,0.0
2024-03-27 09:30:00-04:00,1.6497000455856323,1.649899959564209,1.6399999856948853,1.649899959564209,1664,0.0,0.0
2024-03-27 12:30:00-04:00,1.6399999856948853,1.6399999856948853,1.6399999856948853,1.6399999856948853,832,0.0,0.0
2024-03-27 14:30:00-04:00,1.6398999691009521,1.6398999691009521,1.6069999933242798,1.625,2163,0.0,0.0
2024-03-27 15:30:00-04:00,1.6299999952316284,1.6399999856948853,1.6100000143051147,1.6399999856948853,2814,0.0,0.0
2024-03-28 09:30:00-04:00,1.6399999856948853,1.649999976158142,1.6399999856948853,1.649999976158142,8476,0.0,0.0
2024-03-28 11:30:00-04:00,1.6691999435424805,1.7300000190734863,1.6691999435424805,1.7000000476837158,11132,0.0,0.0
2024-03-28 12:30:00-04:00,1.7000000476837158,1.7000000476837158,1.7000000476837158,1.7000000476837158,1623,0.0,0.0
2024-03-28 13:30:00-04:00,1.659999966621399,1.7200000286102295,1.659999966621399,1.7200000286102295,3809,0.0,0.0
2024-03-28 14:30:00-04:00,1.7200000286102295,1.7200000286102295,1.7200000286102295,1.7200000286102295,809,0.0,0.0
2024-03-28 15:30:00-04:00,1.7100000381469727,1.7200000286102295,1.7100000381469727,1.7100000381469727,1621,0.0,0.0
2024-04-01 09:30:00-04:00,1.6699999570846558,1.6799999475479126,1.5,1.6200000047683716,8936,0.0,0.0
2024-04-01 10:30:00-04:00,1.6200000047683716,1.6200000047683716,1.6200000047683716,1.6200000047683716,1601,0.0,0.0
2024-04-01 13:30:00-04:00,1.6299999952316284,1.6799999475479126,1.625,1.6399999856948853,12713,0.0,0.0
2024-04-01 14:30:00-04:00,1.6699999570846558,1.6714999675750732,1.6549999713897705,1.6549999713897705,6988,0.0,0.0
2024-04-01 15:30:00-04:00,1.649999976158142,1.6799999475479126,1.6399999856948853,1.6799999475479126,923,0.0,0.0
2024-04-02 09:30:00-04:00,1.6101000308990479,1.6957999467849731,1.6101000308990479,1.6957999467849731,0,0.0,0.0
2024-04-02 10:30:00-04:00,1.6799999475479126,1.6890000104904175,1.6309000253677368,1.649999976158142,5797,0.0,0.0
2024-04-02 11:30:00-04:00,1.6299999952316284,1.649999976158142,1.6299999952316284,1.649999976158142,6541,0.0,0.0
2024-04-02 12:30:00-04:00,1.7000000476837158,1.7610000371932983,1.6799999475479126,1.7309999465942383,39657,0.0,0.0
2024-04-02 13:30:00-04:00,1.7100000381469727,1.7100000381469727,1.7100000381469727,1.7100000381469727,200,0.0,0.0
2024-04-02 14:30:00-04:00,1.7101000547409058,1.7400000095367432,1.7100000381469727,1.7100000381469727,8046,0.0,0.0
2024-04-02 15:30:00-04:00,1.7100000381469727,1.7599999904632568,1.7100000381469727,1.7599999904632568,573,0.0,0.0
2024-04-03 09:30:00-04:00,1.6999000310897827,1.6999000310897827,1.6999000310897827,1.6999000310897827,2118,0.0,0.0
2024-04-03 10:30:00-04:00,1.6700999736785889,1.6700999736785889,1.6700999736785889,1.6700999736785889,647,0.0,0.0
2024-04-03 12:30:00-04:00,1.7009999752044678,1.7009999752044678,1.7009999752044678,1.7009999752044678,3138,0.0,0.0
2024-04-03 13:30:00-04:00,1.7000999450683594,1.749899983406067,1.7000999450683594,1.749899983406067,3143,0.0,0.0
2024-04-03 14:30:00-04:00,1.7457000017166138,1.784999966621399,1.7457000017166138,1.784999966621399,3682,0.0,0.0
2024-04-03 15:30:00-04:00,1.7795000076293945,1.809999942779541,1.7795000076293945,1.7999999523162842,6587,0.0,0.0
2024-04-04 09:30:00-04:00,1.8300000429153442,1.9386999607086182,1.8299000263214111,1.9386999607086182,10194,0.0,0.0
2024-04-04 10:30:00-04:00,1.8301000595092773,1.899999976158142,1.8301000595092773,1.8654999732971191,6877,0.0,0.0
2024-04-04 11:30:00-04:00,1.8899999856948853,1.9107999801635742,1.8600000143051147,1.8698999881744385,12362,0.0,0.0
2024-04-04 12:30:00-04:00,1.8651000261306763,1.8651000261306763,1.8651000261306763,1.8651000261306763,2127,0.0,0.0
2024-04-04 13:30:00-04:00,1.8700000047683716,1.8700000047683716,1.8700000047683716,1.8700000047683716,0,0.0,0.0
2024-04-04 15:30:00-04:00,1.850000023841858,1.850000023841858,1.8300000429153442,1.8300000429153442,3754,0.0,0.0
2024-04-05 09:30:00-04:00,1.899999976158142,1.899999976158142,1.8194999694824219,1.8799999952316284,16230,0.0,0.0
2024-04-05 10:30:00-04:00,1.8393000364303589,1.8899999856948853,1.8393000364303589,1.8874000310897827,1783,0.0,0.0
2024-04-05 11:30:00-04:00,1.8899999856948853,1.8899999856948853,1.8700000047683716,1.8700000047683716,360,0.0,0.0
2024-04-05 12:30:00-04:00,1.850100040435791,1.8899999856948853,1.850000023841858,1.850100040435791,7657,0.0,0.0
2024-04-05 13:30:00-04:00,1.8495999574661255,1.8495999574661255,1.8495999574661255,1.8495999574661255,250,0.0,0.0
2024-04-05 14:30:00-04:00,1.837399959564209,1.837399959564209,1.7999999523162842,1.7999999523162842,5559,0.0,0.0
2024-04-05 15:30:00-04:00,1.7999999523162842,1.840000033378601,1.7999999523162842,1.840000033378601,2306,0.0,0.0
2024-04-08 09:30:00-04:00,1.7800999879837036,1.8650000095367432,1.750100016593933,1.8650000095367432,5683,0.0,0.0
2024-04-08 10:30:00-04:00,1.929900050163269,1.929900050163269,1.8000999689102173,1.8650000095367432,1914,0.0,0.0
2024-04-08 11:30:00-04:00,1.8992999792099,1.899999976158142,1.8992999792099,1.899999976158142,238,0.0,0.0
2024-04-08 12:30:00-04:00,1.8000999689102173,1.839900016784668,1.8000999689102173,1.8359999656677246,1749,0.0,0.0
2024-04-08 15:30:00-04:00,1.8700000047683716,1.8700000047683716,1.8700000047683716,1.8700000047683716,328,0.0,0.0
2024-04-09 09:30:00-04:00,1.8000999689102173,1.8700000047683716,1.8000999689102173,1.8700000047683716,6557,0.0,0.0
2024-04-09 10:30:00-04:00,1.8092999458312988,1.8650000095367432,1.7599999904632568,1.8350000381469727,17196,0.0,0.0
2024-04-09 12:30:00-04:00,1.9186999797821045,1.9186999797821045,1.9186999797821045,1.9186999797821045,834,0.0,0.0
2024-04-09 14:30:00-04:00,1.909999966621399,1.909999966621399,1.909999966621399,1.909999966621399,544,0.0,0.0
2024-04-10 09:30:00-04:00,1.809999942779541,1.8282999992370605,1.8051999807357788,1.8282999992370605,2628,0.0,0.0
2024-04-10 10:30:00-04:00,1.8799999952316284,1.8799999952316284,1.8799999952316284,1.8799999952316284,1861,0.0,0.0
2024-04-10 12:30:00-04:00,1.8550000190734863,1.8600000143051147,1.850000023841858,1.850000023841858,2753,0.0,0.0
2024-04-10 13:30:00-04:00,1.850000023841858,1.850000023841858,1.850000023841858,1.850000023841858,557,0.0,0.0
2024-04-10 14:30:00-04:00,1.850000023841858,1.909999966621399,1.8200000524520874,1.8200000524520874,2755,0.0,0.0
2024-04-10 15:30:00-04:00,1.7999999523162842,1.816100001335144,1.7599999904632568,1.816100001335144,6693,0.0,0.0
2024-04-11 09:30:00-04:00,1.8250000476837158,1.8250000476837158,1.8250000476837158,1.8250000476837158,262,0.0,0.0
2024-04-11 11:30:00-04:00,1.8700000047683716,1.8700000047683716,1.8700000047683716,1.8700000047683716,200,0.0,0.0
2024-04-11 12:30:00-04:00,1.8700000047683716,1.8700000047683716,1.8700000047683716,1.8700000047683716,1050,0.0,0.0
2024-04-11 13:30:00-04:00,1.850000023841858,1.850000023841858,1.850000023841858,1.850000023841858,200,0.0,0.0
2024-04-11 14:30:00-04:00,1.8598999977111816,1.8598999977111816,1.8350000381469727,1.8350000381469727,1597,0.0,0.0
2024-04-12 09:30:00-04:00,1.7899999618530273,1.8799999952316284,1.7799999713897705,1.8799999952316284,4299,0.0,0.0
2024-04-12 10:30:00-04:00,1.8070000410079956,1.8070000410079956,1.649999976158142,1.649999976158142,8380,0.0,0.0
2024-04-12 11:30:00-04:00,1.7461999654769897,1.7799999713897705,1.7461999654769897,1.7799999713897705,801,0.0,0.0
2024-04-12 12:30:00-04:00,1.7599999904632568,1.7799999713897705,1.7599999904632568,1.7799999713897705,600,0.0,0.0
2024-04-12 13:30:00-04:00,1.7010999917984009,1.7799999713897705,1.6699999570846558,1.6699999570846558,6006,0.0,0.0
2024-04-12 14:30:00-04:00,1.6610000133514404,1.7799999713897705,1.6610000133514404,1.6801999807357788,794,0.0,0.0
2024-04-12 15:30:00-04:00,1.7364000082015991,1.7699999809265137,1.7364000082015991,1.7699999809265137,470,0.0,0.0
2024-04-15 09:30:00-04:00,1.7100000381469727,1.75,1.7100000381469727,1.75,716,0.0,0.0
2024-04-15 10:30:00-04:00,1.8300000429153442,1.8300000429153442,1.8000999689102173,1.8000999689102173,979,0.0,0.0
2024-04-15 11:30:00-04:00,1.8250000476837158,1.840000033378601,1.8250000476837158,1.840000033378601,2102,0.0,0.0
2024-04-15 12:30:00-04:00,1.840000033378601,1.840000033378601,1.75,1.7799999713897705,6533,0.0,0.0
2024-04-15 13:30:00-04:00,1.7599999904632568,1.7599999904632568,1.690000057220459,1.690000057220459,1690,0.0,0.0
2024-04-15 14:30:00-04:00,1.6604000329971313,1.75,1.659999966621399,1.7300000190734863,13288,0.0,0.0
2024-04-16 09:30:00-04:00,1.649999976158142,1.690000057220459,1.649999976158142,1.659999966621399,1503,0.0,0.0
2024-04-16 10:30:00-04:00,1.784999966621399,1.784999966621399,1.7452000379562378,1.7452000379562378,2098,0.0,0.0
2024-04-16 11:30:00-04:00,1.7336000204086304,1.7336000204086304,1.7336000204086304,1.7336000204086304,523,0.0,0.0
2024-04-16 14:30:00-04:00,1.690000057220459,1.763800024986267,1.690000057220459,1.7100000381469727,616,0.0,0.0
2024-04-16 15:30:00-04:00,1.7000000476837158,1.767799973487854,1.7000000476837158,1.767799973487854,669,0.0,0.0
2024-04-17 09:30:00-04:00,1.75,1.7599999904632568,1.6799999475479126,1.7100000381469727,0,0.0,0.0
2024-04-17 10:30:00-04:00,1.7000000476837158,1.7000000476837158,1.6799999475479126,1.6827000379562378,4861,0.0,0.0
2024-04-17 11:30:00-04:00,1.7200000286102295,1.7200000286102295,1.659999966621399,1.659999966621399,4302,0.0,0.0
2024-04-17 12:30:00-04:00,1.6799999475479126,1.6799999475479126,1.6799999475479126,1.6799999475479126,58,0.0,0.0
2024-04-17 14:30:00-04:00,1.649999976158142,1.649999976158142,1.649999976158142,1.649999976158142,672,0.0,0.0
2024-04-17 15:30:00-04:00,1.649999976158142,1.6699999570846558,1.649999976158142,1.649999976158142,2071,0.0,0.0
2024-04-18 09:30:00-04:00,1.559999942779541,1.6399999856948853,1.559999942779541,1.6399999856948853,2168,0.0,0.0
2024-04-18 10:30:00-04:00,1.6299999952316284,1.6299999952316284,1.6299999952316284,1.6299999952316284,971,0.0,0.0
2024-04-18 11:30:00-04:00,1.6202000379562378,1.6202000379562378,1.6100000143051147,1.6100000143051147,5474,0.0,0.0
2024-04-18 13:30:00-04:00,1.6100000143051147,1.6100000143051147,1.6100000143051147,1.6100000143051147,11265,0.0,0.0
2024-04-18 14:30:00-04:00,1.6100000143051147,1.6699999570846558,1.600000023841858,1.6100000143051147,10964,0.0,0.0
2024-04-18 15:30:00-04:00,1.600000023841858,1.6100000143051147,1.600000023841858,1.6100000143051147,5520,0.0,0.0
2024-04-19 09:30:00-04:00,1.5399999618530273,1.6200000047683716,1.5,1.5,4047,0.0,0.0
2024-04-19 10:30:00-04:00,1.5099999904632568,1.5800000429153442,1.5099999904632568,1.5800000429153442,4205,0.0,0.0
2024-04-19 12:30:00-04:00,1.6002000570297241,1.6002000570297241,1.5715999603271484,1.5715999603271484,3845,0.0,0.0
2024-04-19 14:30:00-04:00,1.5889999866485596,1.590000033378601,1.5889999866485596,1.590000033378601,1589,0.0,0.0
2024-04-19 15:30:00-04:00,1.6100000143051147,1.6100000143051147,1.6100000143051147,1.6100000143051147,227,0.0,0.0
2024-04-22 09:30:00-04:00,1.590000033378601,1.590000033378601,1.559999942779541,1.590000033378601,0,0.0,0.0
2024-04-22 10:30:00-04:00,1.559999942779541,1.559999942779541,1.5499999523162842,1.5499999523162842,410,0.0,0.0
2024-04-22 11:30:00-04:00,1.5399999618530273,1.5499999523162842,1.5302000045776367,1.530500054359436,4014,0.0,0.0
2024-04-22 13:30:00-04:00,1.559999942779541,1.5750000476837158,1.559999942779541,1.5750000476837158,849,0.0,0.0
2024-04-22 15:30:00-04:00,1.5499999523162842,1.5499999523162842,1.5499999523162842,1.5499999523162842,775,0.0,0.0
2024-04-23 09:30:00-04:00,1.5099999904632568,1.5099999904632568,1.5,1.5,3738,0.0,0.0
2024-04-23 11:30:00-04:00,1.5398999452590942,1.5398999452590942,1.5398999452590942,1.5398999452590942,1001,0.0,0.0
2024-04-23 14:30:00-04:00,1.5398999452590942,1.5398999452590942,1.5099999904632568,1.5398999452590942,3504,0.0,0.0
2024-04-23 15:30:00-04:00,1.5398999452590942,1.5398999452590942,1.4900000095367432,1.4900000095367432,510,0.0,0.0
2024-04-24 10:30:00-04:00,1.5,1.5206999778747559,1.5,1.5206999778747559,995,0.0,0.0
2024-04-24 12:30:00-04:00,1.5024000406265259,1.5024000406265259,1.5024000406265259,1.5024000406265259,265,0.0,0.0
2024-04-24 14:30:00-04:00,1.5298999547958374,1.5298999547958374,1.5298999547958374,1.5298999547958374,1642,0.0,0.0
2024-04-24 15:30:00-04:00,1.5,1.5,1.5,1.5,249,0.0,0.0
2024-04-25 10:30:00-04:00,1.4700000286102295,1.4700000286102295,1.4700000286102295,1.4700000286102295,1600,0.0,0.0
2024-04-25 13:30:00-04:00,1.5097999572753906,1.5097999572753906,1.5097999572753906,1.5097999572753906,400,0.0,0.0
2024-04-25 14:30:00-04:00,1.4901000261306763,1.4901000261306763,1.4901000261306763,1.4901000261306763,400,0.0,0.0
2024-04-25 15:30:00-04:00,1.4901000261306763,1.4901000261306763,1.4900000095367432,1.4900000095367432,517,0.0,0.0
2024-04-26 09:30:00-04:00,1.5950000286102295,1.5950000286102295,1.5,1.5199999809265137,5283,0.0,0.0
2024-04-26 10:30:00-04:00,1.5099999904632568,1.5099999904632568,1.4299999475479126,1.4800000190734863,3661,0.0,0.0
2024-04-26 14:30:00-04:00,1.4700000286102295,1.4700000286102295,1.4700000286102295,1.4700000286102295,318,0.0,0.0
2024-04-29 09:30:00-04:00,1.4700000286102295,1.5199999809265137,1.4700000286102295,1.5199999809265137,13188,0.0,0.0
2024-04-29 10:30:00-04:00,1.5002000331878662,1.5099999904632568,1.5002000331878662,1.5099999904632568,6551,0.0,0.0
2024-04-29 11:30:00-04:00,1.4800000190734863,1.4850000143051147,1.4701000452041626,1.4701000452041626,6257,0.0,0.0
2024-04-29 12:30:00-04:00,1.4600000381469727,1.4600000381469727,1.4600000381469727,1.4600000381469727,772,0.0,0.0
2024-04-29 13:30:00-04:00,1.4556000232696533,1.4556000232696533,1.4556000232696533,1.4556000232696533,2921,0.0,0.0
2024-04-29 14:30:00-04:00,1.4693000316619873,1.4900000095367432,1.4693000316619873,1.4900000095367432,5187,0.0,0.0
2024-04-29 15:30:00-04:00,1.4700000286102295,1.4700000286102295,1.350000023841858,1.3600000143051147,11390,0.0,0.0
2024-04-30 09:30:00-04:00,1.3600000143051147,1.6100000143051147,1.3600000143051147,1.6100000143051147,8468,0.0,0.0
2024-04-30 10:30:00-04:00,1.649999976158142,1.649999976158142,1.649999976158142,1.649999976158142,1521,0.0,0.0
2024-04-30 11:30:00-04:00,1.6152000427246094,1.6152000427246094,1.524999976158142,1.524999976158142,1551,0.0,0.0
2024-04-30 12:30:00-04:00,1.524999976158142,1.524999976158142,1.4700000286102295,1.4700000286102295,1421,0.0,0.0
2024-04-30 13:30:00-04:00,1.5095000267028809,1.5130000114440918,1.4500000476837158,1.5130000114440918,3626,0.0,0.0
2024-04-30 14:30:00-04:00,1.4500000476837158,1.4500000476837158,1.4500000476837158,1.4500000476837158,0,0.0,0.0
2024-04-30 15:30:00-04:00,1.440000057220459,1.440000057220459,1.4299999475479126,1.4299999475479126,429,0.0,0.0
2024-05-01 09:30:00-04:00,1.4900000095367432,1.4900000095367432,1.3899999856948853,1.419600009918213,4185,0.0,0.0
2024-05-01 10:30:00-04:00,1.4500000476837158,1.4900000095367432,1.4500000476837158,1.4900000095367432,1522,0.0,0.0
2024-05-01 11:30:00-04:00,1.4901000261306763,1.4901000261306763,1.4901000261306763,1.4901000261306763,1786,0.0,0.0
2024-05-01 12:30:00-04:00,1.4800000190734863,1.4800000190734863,1.4299999475479126,1.4700000286102295,3705,0.0,0.0
2024-05-01 13:30:00-04:00,1.4800000190734863,1.4800000190734863,1.4800000190734863,1.4800000190734863,443,0.0,0.0
2024-05-01 14:30:00-04:00,1.4850000143051147,1.4850000143051147,1.4700000286102295,1.4700000286102295,665,0.0,0.0
2024-05-02 10:30:00-04:00,1.4299999475479126,1.4299999475479126,1.4299999475479126,1.4299999475479126,124,0.0,0.0
2024-05-02 11:30:00-04:00,1.475000023841858,1.475000023841858,1.475000023841858,1.475000023841858,1708,0.0,0.0
2024-05-02 12:30:00-04:00,1.4801000356674194,1.4801000356674194,1.4801000356674194,1.4801000356674194,1512,0.0,0.0
2024-05-03 09:30:00-04:00,1.4474999904632568,1.499899983406067,1.440000057220459,1.440000057220459,2976,0.0,0.0
2024-05-03 10:30:00-04:00,1.4199999570846558,1.448199987411499,1.409999966621399,1.440000057220459,5635,0.0,0.0
2024-05-03 12:30:00-04:00,1.4300999641418457,1.440000057220459,1.4299999475479126,1.4299999475479126,481,0.0,0.0
2024-05-03 13:30:00-04:00,1.433500051498413,1.448699951171875,1.4300999641418457,1.4300999641418457,3101,0.0,0.0
2024-05-03 14:30:00-04:00,1.4500000476837158,1.4500000476837158,1.4199999570846558,1.4200999736785889,2112,0.0,0.0
2024-05-03 15:30:00-04:00,1.4299999475479126,1.465000033378601,1.4299999475479126,1.4299999475479126,5279,0.0,0.0
2024-05-06 09:30:00-04:00,1.4199999570846558,1.4500000476837158,1.4187999963760376,1.4500000476837158,6026,0.0,0.0
2024-05-06 10:30:00-04:00,1.440000057220459,1.4499000310897827,1.409999966621399,1.409999966621399,3703,0.0,0.0
2024-05-06 11:30:00-04:00,1.4270999431610107,1.499899983406067,1.4270999431610107,1.4952000379562378,8280,0.0,0.0
2024-05-06 12:30:00-04:00,1.4850000143051147,1.4850000143051147,1.4850000143051147,1.4850000143051147,0,0.0,0.0
2024-05-06 13:30:00-04:00,1.590000033378601,1.590000033378601,1.590000033378601,1.590000033378601,2352,0.0,0.0
2024-05-06 14:30:00-04:00,1.5299999713897705,1.5299999713897705,1.500100016593933,1.500100016593933,2100,0.0,0.0
2024-05-07 09:30:00-04:00,1.590000033378601,1.590000033378601,1.5049999952316284,1.5049999952316284,1360,0.0,0.0
2024-05-07 12:30:00-04:00,1.4559999704360962,1.4559999704360962,1.4559999704360962,1.4559999704360962,1216,0.0,0.0
2024-05-07 13:30:00-04:00,1.475000023841858,1.5499000549316406,1.475000023841858,1.5499000549316406,3030,0.0,0.0
2024-05-07 14:30:00-04:00,1.5299999713897705,1.5347000360488892,1.4601000547409058,1.4938000440597534,9021,0.0,0.0
2024-05-07 15:30:00-04:00,1.499899983406067,1.499899983406067,1.440000057220459,1.440000057220459,11611,0.0,0.0
2024-05-08 09:30:00-04:00,1.4422999620437622,1.4884999990463257,1.4422999620437622,1.4600000381469727,1661,0.0,0.0
2024-05-08 10:30:00-04:00,1.4730000495910645,1.4800000190734863,1.4600000381469727,1.4800000190734863,3422,0.0,0.0
2024-05-08 11:30:00-04:00,1.4800000190734863,1.4800000190734863,1.4500000476837158,1.4500000476837158,2180,0.0,0.0
2024-05-08 12:30:00-04:00,1.4700000286102295,1.48989999294281,1.4500999450683594,1.4800000190734863,5566,0.0,0.0
2024-05-08 13:30:00-04:00,1.475000023841858,1.4883999824523926,1.4500000476837158,1.4500000476837158,3098,0.0,0.0
2024-05-08 14:30:00-04:00,1.4668999910354614,1.5,1.4668999910354614,1.5,1592,0.0,0.0
2024-05-08 15:30:00-04:00,1.475000023841858,1.475000023841858,1.4500000476837158,1.465000033378601,3591,0.0,0.0
2024-05-09 10:30:00-04:00,1.4407999515533447,1.4800000190734863,1.4407999515533447,1.4713000059127808,2383,0.0,0.0
2024-05-09 11:30:00-04:00,1.4900000095367432,1.5499999523162842,1.4900000095367432,1.5299999713897705,7078,0.0,0.0
2024-05-09 12:30:00-04:00,1.5099999904632568,1.5099999904632568,1.5099999904632568,1.5099999904632568,0,0.0,0.0
2024-05-09 13:30:00-04:00,1.5379999876022339,1.5379999876022339,1.4722000360488892,1.4722000360488892,2035,0.0,0.0
2024-05-09 15:30:00-04:00,1.4802000522613525,1.4900000095367432,1.4800000190734863,1.4884999990463257,3695,0.0,0.0
2024-05-10 10:30:00-04:00,1.4958000183105469,1.4958000183105469,1.4500000476837158,1.4563000202178955,5010,0.0,0.0
2024-05-10 12:30:00-04:00,1.4818999767303467,1.4961999654769897,1.4800000190734863,1.4961999654769897,2016,0.0,0.0
2024-05-10 13:30:00-04:00,1.4800000190734863,1.496999979019165,1.475000023841858,1.475000023841858,3000,0.0,0.0
2024-05-10 14:30:00-04:00,1.455399990081787,1.499899983406067,1.4508999586105347,1.499899983406067,2582,0.0,0.0
2024-05-10 15:30:00-04:00,1.4600000381469727,1.4601000547409058,1.409999966621399,1.4499000310897827,6438,0.0,0.0
2024-05-13 09:30:00-04:00,1.4869999885559082,1.5608999729156494,1.4500000476837158,1.475600004196167,27580,0.0,0.0
2024-05-13 10:30:00-04:00,1.5,1.5,1.5,1.5,2919,0.0,0.0
2024-05-13 11:30:00-04:00,1.5,1.5,1.5,1.5,0,0.0,0.0
2024-05-13 13:30:00-04:00,1.4799000024795532,1.5499999523162842,1.4600000381469727,1.4704999923706055,9553,0.0,0.0
2024-05-13 14:30:00-04:00,1.4800000190734863,1.4800000190734863,1.4800000190734863,1.4800000190734863,136,0.0,0.0
2024-05-13 15:30:00-04:00,1.5199999809265137,1.5299999713897705,1.5099999904632568,1.5299999713897705,1707,0.0,0.0
2024-05-14 09:30:00-04:00,1.5,1.5099999904632568,1.4801000356674194,1.4801000356674194,2127,0.0,0.0
2024-05-14 10:30:00-04:00,1.4900000095367432,1.4901000261306763,1.4900000095367432,1.4900000095367432,5773,0.0,0.0
2024-05-14 11:30:00-04:00,1.480299949645996,1.480299949645996,1.480299949645996,1.480299949645996,2027,0.0,0.0
2024-05-14 12:30:00-04:00,1.475000023841858,1.475000023841858,1.475000023841858,1.475000023841858,3156,0.0,0.0
2024-05-14 13:30:00-04:00,1.4600000381469727,1.4900000095367432,1.4600000381469727,1.475000023841858,5464,0.0,0.0
2024-05-14 14:30:00-04:00,1.4900000095367432,1.503600001335144,1.4900000095367432,1.503600001335144,1327,0.0,0.0
2024-05-14 15:30:00-04:00,1.4900000095367432,1.4900000095367432,1.4900000095367432,1.4900000095367432,1025,0.0,0.0
2024-05-15 09:30:00-04:00,1.5099999904632568,1.649999976158142,1.5099999904632568,1.6349999904632568,23888,0.0,0.0
2024-05-15 10:30:00-04:00,1.6124999523162842,1.6299999952316284,1.590000033378601,1.6299999952316284,15295,0.0,0.0
2024-05-15 11:30:00-04:00,1.5987000465393066,1.6023999452590942,1.5605000257492065,1.600000023841858,3346,0.0,0.0
2024-05-15 12:30:00-04:00,1.6101000308990479,1.6799999475479126,1.6101000308990479,1.6799999475479126,22340,0.0,0.0
2024-05-15 13:30:00-04:00,1.7000000476837158,1.7000000476837158,1.565000057220459,1.565000057220459,35143,0.0,0.0
2024-05-15 14:30:00-04:00,1.565000057220459,1.565000057220459,1.565000057220459,1.565000057220459,2232,0.0,0.0
2024-05-15 15:30:00-04:00,1.5520999431610107,1.5700000524520874,1.5520999431610107,1.5700000524520874,1343,0.0,0.0
2024-05-16 09:30:00-04:00,1.5299999713897705,1.6549999713897705,1.5299999713897705,1.6200000047683716,1525,0.0,0.0
2024-05-16 10:30:00-04:00,1.649999976158142,1.649999976158142,1.590000033378601,1.6299999952316284,5764,0.0,0.0
2024-05-16 11:30:00-04:00,1.6299999952316284,1.6739000082015991,1.6200000047683716,1.6739000082015991,6602,0.0,0.0
2024-05-16 12:30:00-04:00,1.690000057220459,1.7000000476837158,1.6532000303268433,1.690000057220459,16593,0.0,0.0
2024-05-16 13:30:00-04:00,1.6699999570846558,1.684999942779541,1.6699999570846558,1.684999942779541,558,0.0,0.0
2024-05-16 14:30:00-04:00,1.684999942779541,1.7199000120162964,1.684999942779541,1.7199000120162964,8860,0.0,0.0
2024-05-16 15:30:00-04:00,1.7200000286102295,1.7200000286102295,1.7100000381469727,1.7100000381469727,995,0.0,0.0
2024-05-17 09:30:00-04:00,1.7000000476837158,1.7000000476837158,1.6699999570846558,1.6776000261306763,5398,0.0,0.0
2024-05-17 11:30:00-04:00,1.694599986076355,1.7100000381469727,1.690000057220459,1.7100000381469727,1339,0.0,0.0
2024-05-17 12:30:00-04:00,1.7100000381469727,1.75,1.690000057220459,1.7201000452041626,5507,0.0,0.0
2024-05-17 13:30:00-04:00,1.7300000190734863,1.7300000190734863,1.722000002861023,1.7253999710083008,3061,0.0,0.0
2024-05-17 14:30:00-04:00,1.7350000143051147,1.7350000143051147,1.725000023841858,1.7252999544143677,2218,0.0,0.0
2024-05-17 15:30:00-04:00,1.7200000286102295,1.7201000452041626,1.649999976158142,1.649999976158142,16092,0.0,0.0
2024-05-20 09:30:00-04:00,1.690000057220459,1.7856999635696411,1.690000057220459,1.7699999809265137,0,0.0,0.0
2024-05-20 10:30:00-04:00,1.6399999856948853,1.690000057220459,1.6100000143051147,1.690000057220459,6924,0.0,0.0
2024-05-20 11:30:00-04:00,1.6253000497817993,1.6253000497817993,1.6253000497817993,1.6253000497817993,600,0.0,0.0
2024-05-20 12:30:00-04:00,1.6211999654769897,1.6211999654769897,1.6200000047683716,1.6200000047683716,257,0.0,0.0
2024-05-20 13:30:00-04:00,1.600000023841858,1.600000023841858,1.600000023841858,1.600000023841858,226,0.0,0.0
2024-05-20 15:30:00-04:00,1.6138999462127686,1.6138999462127686,1.6138999462127686,1.6138999462127686,561,0.0,0.0
2024-05-21 09:30:00-04:00,1.600000023841858,1.649999976158142,1.600000023841858,1.649999976158142,1020,0.0,0.0
2024-05-21 10:30:00-04:00,1.590000033378601,1.600000023841858,1.5700000524520874,1.570099949836731,5133,0.0,0.0
2024-05-21 11:30:00-04:00,1.6589000225067139,1.6998000144958496,1.600000023841858,1.6712000370025635,31083,0.0,0.0
2024-05-21 12:30:00-04:00,1.690000057220459,1.7100000381469727,1.690000057220459,1.690000057220459,967,0.0,0.0
2024-05-21 13:30:00-04:00,1.690000057220459,1.690000057220459,1.690000057220459,1.690000057220459,310,0.0,0.0
2024-05-21 14:30:00-04:00,1.7000000476837158,1.7000000476837158,1.6100000143051147,1.6100000143051147,20787,0.0,0.0
2024-05-21 15:30:00-04:00,1.600000023841858,1.6699999570846558,1.5853999853134155,1.6693999767303467,15265,0.0,0.0
2024-05-22 09:30:00-04:00,1.6799999475479126,1.6985000371932983,1.6799999475479126,1.6985000371932983,525,0.0,0.0
2024-05-22 10:30:00-04:00,1.6409000158309937,1.6799999475479126,1.5800000429153442,1.5800000429153442,5665,0.0,0.0
2024-05-22 11:30:00-04:00,1.5885000228881836,1.705399990081787,1.5800000429153442,1.705399990081787,18917,0.0,0.0
2024-05-22 12:30:00-04:00,1.7079999446868896,1.7100000381469727,1.6460000276565552,1.6460000276565552,7041,0.0,0.0
2024-05-22 13:30:00-04:00,1.6699999570846558,1.6990000009536743,1.5700000524520874,1.6102999448776245,14861,0.0,0.0
2024-05-22 14:30:00-04:00,1.5931999683380127,1.7300000190734863,1.5931999683380127,1.7099000215530396,30500,0.0,0.0
2024-05-22 15:30:00-04:00,1.7100000381469727,1.8899999856948853,1.7100000381469727,1.7999999523162842,99100,0.0,0.0
2024-05-23 09:30:00-04:00,1.659999966621399,1.7798999547958374,1.659999966621399,1.75,38538,0.0,0.0
2024-05-23 10:30:00-04:00,1.7400000095367432,1.7698999643325806,1.715399980545044,1.7549999952316284,9120,0.0,0.0
2024-05-23 11:30:00-04:00,1.75,1.8824000358581543,1.7400000095367432,1.839900016784668,40624,0.0,0.0
2024-05-23 12:30:00-04:00,1.7905999422073364,1.7999999523162842,1.7905999422073364,1.7999999523162842,500,0.0,0.0
2024-05-23 13:30:00-04:00,1.7720999717712402,1.7720999717712402,1.600000023841858,1.7100000381469727,16639,0.0,0.0
2024-05-23 14:30:00-04:00,1.7200000286102295,1.7799999713897705,1.649999976158142,1.700700044631958,21210,0.0,0.0
2024-05-23 15:30:00-04:00,1.7002999782562256,1.7300000190734863,1.6950000524520874,1.7300000190734863,3663,0.0,0.0
2024-05-24 09:30:00-04:00,1.7400000095367432,1.7899999618530273,1.659999966621399,1.7599999904632568,39779,0.0,0.0
2024-05-24 10:30:00-04:00,1.7698999643325806,1.815000057220459,1.715000033378601,1.815000057220459,44583,0.0,0.0
2024-05-24 11:30:00-04:00,1.8154000043869019,1.850000023841858,1.7599999904632568,1.8028000593185425,31663,0.0,0.0
2024-05-24 12:30:00-04:00,1.809999942779541,1.9500000476837158,1.809999942779541,1.8600000143051147,44432,0.0,0.0
2024-05-24 13:30:00-04:00,1.8799999952316284,1.8899999856948853,1.7999000549316406,1.8701000213623047,39392,0.0,0.0
2024-05-24 14:30:00-04:00,1.8899999856948853,1.9299999475479126,1.850000023841858,1.882099986076355,34815,0.0,0.0
2024-05-24 15:30:00-04:00,1.909999966621399,1.9500000476837158,1.899999976158142,1.9500000476837158,28595,0.0,0.0
2024-05-28 09:30:00-04:00,1.9600000381469727,2.100600004196167,1.7699999809265137,1.892799973487854,68500,0.0,0.0
2024-05-28 10:30:00-04:00,1.9399000406265259,2.009999990463257,1.8700000047683716,2.009999990463257,26740,0.0,0.0
2024-05-28 11:30:00-04:00,2.009999990463257,2.009999990463257,1.899999976158142,1.899999976158142,12528,0.0,0.0
2024-05-28 12:30:00-04:00,1.8899999856948853,1.9450000524520874,1.8700000047683716,1.9111000299453735,10745,0.0,0.0
2024-05-28 13:30:00-04:00,1.9450000524520874,1.9450000524520874,1.8700000047683716,1.9000999927520752,12181,0.0,0.0
2024-05-28 14:30:00-04:00,1.9150999784469604,1.9800000190734863,1.9150999784469604,1.9800000190734863,883,0.0,0.0
2024-05-28 15:30:00-04:00,1.909999966621399,1.9600000381469727,1.909999966621399,1.9500000476837158,16824,0.0,0.0
2024-05-29 09:30:00-04:00,2.009999990463257,2.180000066757202,1.9596999883651733,2.0373001098632812,81073,0.0,0.0
2024-05-29 10:30:00-04:00,2.012500047683716,2.039900064468384,1.940000057220459,1.940000057220459,15256,0.0,0.0
2024-05-29 11:30:00-04:00,1.9800000190734863,2.0399999618530273,1.9800000190734863,2.039900064468384,30220,0.0,0.0
2024-05-29 12:30:00-04:00,2.0250000953674316,2.0399999618530273,2.0104000568389893,2.0322999954223633,14492,0.0,0.0
2024-05-29 13:30:00-04:00,2.032399892807007,2.0399999618530273,2.0,2.0199999809265137,21056,0.0,0.0
2024-05-29 14:30:00-04:00,2.0299999713897705,2.1298999786376953,2.009999990463257,2.1294000148773193,51544,0.0,0.0
2024-05-29 15:30:00-04:00,2.1298999786376953,2.2100000381469727,2.0899999141693115,2.130000114440918,34532,0.0,0.0
2024-05-30 09:30:00-04:00,2.1500000953674316,2.1500000953674316,2.0000998973846436,2.0450000762939453,34076,0.0,0.0
2024-05-30 10:30:00-04:00,2.0799999237060547,2.0799999237060547,2.049999952316284,2.059999942779541,28600,0.0,0.0
2024-05-30 11:30:00-04:00,2.0450000762939453,2.077699899673462,2.009999990463257,2.009999990463257,23997,0.0,0.0
2024-05-30 12:30:00-04:00,2.0239999294281006,2.2995998859405518,2.0239999294281006,2.25,134412,0.0,0.0
2024-05-30 13:30:00-04:00,2.225800037384033,2.4200000762939453,2.200000047683716,2.302000045776367,98830,0.0,0.0
2024-05-30 14:30:00-04:00,2.319999933242798,2.3399999141693115,2.240000009536743,2.252700090408325,23909,0.0,0.0
2024-05-30 15:30:00-04:00,2.2699999809265137,2.2899999618530273,2.240000009536743,2.2799999713897705,10296,0.0,0.0
2024-05-31 09:30:00-04:00,2.309999942779541,2.349900007247925,2.210099935531616,2.2701001167297363,18264,0.0,0.0
2024-05-31 10:30:00-04:00,2.2899999618530273,2.3422000408172607,2.150599956512451,2.150599956512451,21647,0.0,0.0
2024-05-31 11:30:00-04:00,2.1600000858306885,2.2298998832702637,2.1600000858306885,2.1898999214172363,9980,0.0,0.0
2024-05-31 12:30:00-04:00,2.176800012588501,2.2499001026153564,2.160099983215332,2.2499001026153564,10790,0.0,0.0
2024-05-31 13:30:00-04:00,2.240000009536743,2.2899999618530273,2.200000047683716,2.200000047683716,11835,0.0,0.0
2024-05-31 14:30:00-04:00,2.2399001121520996,2.240000009536743,2.190000057220459,2.190000057220459,12410,0.0,0.0
2024-05-31 15:30:00-04:00,2.200000047683716,2.235100030899048,2.190000057220459,2.190000057220459,2518,0.0,0.0
2024-06-03 09:30:00-04:00,2.2100000381469727,2.259999990463257,2.109999895095825,2.1898999214172363,17067,0.0,0.0
2024-06-03 10:30:00-04:00,2.1449999809265137,2.2699999809265137,2.1449999809265137,2.203000068664551,11728,0.0,0.0
2024-06-03 11:30:00-04:00,2.2100000381469727,2.2100000381469727,2.0199999809265137,2.0989999771118164,14287,0.0,0.0
2024-06-03 12:30:00-04:00,2.1145999431610107,2.239000082015991,2.075000047683716,2.075000047683716,16839,0.0,0.0
2024-06-03 13:30:00-04:00,2.0899999141693115,2.0999999046325684,2.0899999141693115,2.099900007247925,19359,0.0,0.0
2024-06-03 14:30:00-04:00,2.0999999046325684,2.180000066757202,2.0871999263763428,2.140000104904175,30248,0.0,0.0
2024-06-03 15:30:00-04:00,2.125,2.1500000953674316,2.119999885559082,2.119999885559082,2028,0.0,0.0
2024-06-04 09:30:00-04:00,2.1500000953674316,2.180000066757202,1.9600000381469727,2.180000066757202,11414,0.0,0.0
2024-06-04 10:30:00-04:00,2.0999999046325684,2.130000114440918,2.0518999099731445,2.0950000286102295,3979,0.0,0.0
2024-06-04 11:30:00-04:00,2.140000104904175,2.140000104904175,2.0950000286102295,2.109999895095825,291,0.0,0.0
2024-06-04 12:30:00-04:00,2.1357998847961426,2.200900077819824,2.1010000705718994,2.190000057220459,15600,0.0,0.0
2024-06-04 13:30:00-04:00,2.2100000381469727,2.2100000381469727,2.15339994430542,2.180000066757202,5704,0.0,0.0
2024-06-04 14:30:00-04:00,2.1800999641418457,2.205199956893921,2.109999895095825,2.110100030899048,9931,0.0,0.0
2024-06-04 15:30:00-04:00,2.130000114440918,2.149899959564209,2.130000114440918,2.149199962615967,3375,0.0,0.0
2024-06-05 09:30:00-04:00,2.1500000953674316,2.150899887084961,2.119999885559082,2.150899887084961,2019,0.0,0.0
2024-06-05 10:30:00-04:00,2.121000051498413,2.140700101852417,2.0836000442504883,2.1061999797821045,8999,0.0,0.0
2024-06-05 11:30:00-04:00,2.0803000926971436,2.1500000953674316,2.0803000926971436,2.110100030899048,13350,0.0,0.0
2024-06-05 12:30:00-04:00,2.140000104904175,2.240000009536743,2.140000104904175,2.240000009536743,27166,0.0,0.0
2024-06-05 13:30:00-04:00,2.2314999103546143,2.3096001148223877,2.200000047683716,2.265000104904175,68530,0.0,0.0
2024-06-05 14:30:00-04:00,2.2750000953674316,2.2899999618530273,2.259999990463257,2.259999990463257,8036,0.0,0.0
2024-06-05 15:30:00-04:00,2.25,2.25,2.25,2.25,559,0.0,0.0
2024-06-06 09:30:00-04:00,2.4200000762939453,2.640000104904175,1.969099998474121,2.3087000846862793,1311510,0.0,0.0
2024-06-06 10:30:00-04:00,2.2788000106811523,2.390000104904175,2.212599992752075,2.3596999645233154,80020,0.0,0.0
2024-06-06 11:30:00-04:00,2.3598999977111816,2.3598999977111816,2.240000009536743,2.255000114440918,50844,0.0,0.0
2024-06-06 12:30:00-04:00,2.25,2.259999990463257,2.1500000953674316,2.194999933242798,69944,0.0,0.0
2024-06-06 13:30:00-04:00,2.1740000247955322,2.390000104904175,2.1500000953674316,2.309999942779541,161402,0.0,0.0
2024-06-06 14:30:00-04:00,2.2950000762939453,2.3199000358581543,2.259999990463257,2.2799999713897705,10608,0.0,0.0
2024-06-06 15:30:00-04:00,2.274199962615967,2.2750000953674316,2.180000066757202,2.2300000190734863,44872,0.0,0.0
2024-06-07 09:30:00-04:00,2.1700000762939453,2.2300000190734863,2.0399999618530273,2.1549999713897705,77406,0.0,0.0
2024-06-07 10:30:00-04:00,2.1254000663757324,2.130000114440918,2.0799999237060547,2.0999999046325684,12994,0.0,0.0
2024-06-07 11:30:00-04:00,2.0999999046325684,2.106100082397461,1.9550000429153442,2.0388998985290527,28677,0.0,0.0
2024-06-07 12:30:00-04:00,2.0,2.079900026321411,1.9199999570846558,1.9200999736785889,36805,0.0,0.0
2024-06-07 13:30:00-04:00,1.9299999475479126,1.9600000381469727,1.909999966621399,1.9149999618530273,23798,0.0,0.0
2024-06-07 14:30:00-04:00,1.9160000085830688,2.069999933242798,1.9149999618530273,2.02239990234375,76517,0.0,0.0
2024-06-07 15:30:00-04:00,1.9900000095367432,2.069999933242798,1.9900000095367432,2.0199999809265137,22037,0.0,0.0
2024-06-10 09:30:00-04:00,2.1500000953674316,2.1500000953674316,1.9701000452041626,2.0000998973846436,39371,0.0,0.0
2024-06-10 10:30:00-04:00,2.0,2.05679988861084,1.9900000095367432,2.01990008354187,10651,0.0,0.0
2024-06-10 11:30:00-04:00,2.0199999809265137,2.049999952316284,2.01990008354187,2.0299999713897705,3021,0.0,0.0
2024-06-10 12:30:00-04:00,2.0350000858306885,2.0399999618530273,2.0299999713897705,2.0299999713897705,4473,0.0,0.0
2024-06-10 13:30:00-04:00,2.0299999713897705,2.0299999713897705,2.003000020980835,2.0299999713897705,4077,0.0,0.0
2024-06-10 14:30:00-04:00,2.0199999809265137,2.130000114440918,2.015000104904175,2.119999885559082,18009,0.0,0.0
2024-06-10 15:30:00-04:00,2.119999885559082,2.130000114440918,2.0799999237060547,2.0799999237060547,13153,0.0,0.0
2024-06-11 09:30:00-04:00,2.0799999237060547,2.0899999141693115,2.0,2.059999942779541,8820,0.0,0.0
2024-06-11 10:30:00-04:00,2.059999942779541,2.059999942779541,2.009999990463257,2.0125999450683594,6759,0.0,0.0
2024-06-11 11:30:00-04:00,2.059999942779541,2.059999942779541,2.0100998878479004,2.059999942779541,9628,0.0,0.0
2024-06-11 12:30:00-04:00,2.059999942779541,2.200000047683716,2.048099994659424,2.200000047683716,42060,0.0,0.0
2024-06-11 13:30:00-04:00,2.200000047683716,2.240000009536743,2.128700017929077,2.2049999237060547,32941,0.0,0.0
2024-06-11 14:30:00-04:00,2.190000057220459,2.2200000286102295,2.1500000953674316,2.2200000286102295,12463,0.0,0.0
2024-06-11 15:30:00-04:00,2.190000057220459,2.2202000617980957,2.184999942779541,2.2202000617980957,8660,0.0,0.0
2024-06-12 09:30:00-04:00,2.200000047683716,2.200000047683716,2.059999942779541,2.109999895095825,48132,0.0,0.0
2024-06-12 10:30:00-04:00,2.0799999237060547,2.190000057220459,2.0701000690460205,2.1767001152038574,20807,0.0,0.0
2024-06-12 11:30:00-04:00,2.180000066757202,2.190000057220459,2.1419999599456787,2.1600000858306885,5705,0.0,0.0
2024-06-12 12:30:00-04:00,2.1700000762939453,2.171600103378296,2.1600000858306885,2.1649999618530273,7193,0.0,0.0
2024-06-12 13:30:00-04:00,2.140000104904175,2.140000104904175,2.1201000213623047,2.130000114440918,5601,0.0,0.0
2024-06-12 14:30:00-04:00,2.140000104904175,2.1449999809265137,2.0799999237060547,2.0799999237060547,5869,0.0,0.0
2024-06-12 15:30:00-04:00,2.0899999141693115,2.130000114440918,2.0299999713897705,2.061000108718872,17196,0.0,0.0
2024-06-13 09:30:00-04:00,2.0799999237060547,2.1487998962402344,2.069999933242798,2.140000104904175,9614,0.0,0.0
2024-06-13 10:30:00-04:00,2.119999885559082,2.140000104904175,2.069999933242798,2.119999885559082,8525,0.0,0.0
2024-06-13 11:30:00-04:00,2.109999895095825,2.140000104904175,2.0899999141693115,2.119999885559082,20244,0.0,0.0
2024-06-13 12:30:00-04:00,2.0999999046325684,2.25,2.0999999046325684,2.134999990463257,34620,0.0,0.0
2024-06-13 13:30:00-04:00,2.1500000953674316,2.200000047683716,2.0899999141693115,2.200000047683716,18538,0.0,0.0
2024-06-13 14:30:00-04:00,2.200000047683716,2.25,2.1500000953674316,2.1600000858306885,8686,0.0,0.0
2024-06-13 15:30:00-04:00,2.1649999618530273,2.180000066757202,2.1649999618530273,2.180000066757202,5069,0.0,0.0
2024-06-14 09:30:00-04:00,2.180000066757202,2.240000009536743,2.119999885559082,2.180000066757202,37028,0.0,0.0
2024-06-14 10:30:00-04:00,2.1201000213623047,2.1201000213623047,2.0701000690460205,2.109999895095825,8060,0.0,0.0
2024-06-14 11:30:00-04:00,2.0999999046325684,2.1898999214172363,2.0801000595092773,2.110100030899048,18310,0.0,0.0
2024-06-14 12:30:00-04:00,2.146899938583374,2.190000057220459,2.109999895095825,2.121000051498413,5379,0.0,0.0
2024-06-14 13:30:00-04:00,2.1201000213623047,2.1201000213623047,2.1201000213623047,2.1201000213623047,1462,0.0,0.0
2024-06-14 14:30:00-04:00,2.1342999935150146,2.1342999935150146,2.109999895095825,2.109999895095825,1318,0.0,0.0
2024-06-14 15:30:00-04:00,2.1110000610351562,2.1519999504089355,2.0899999141693115,2.0899999141693115,7999,0.0,0.0
2024-06-17 09:30:00-04:00,2.109999895095825,2.1442999839782715,2.0199999809265137,2.0199999809265137,15298,0.0,0.0
2024-06-17 10:30:00-04:00,2.0339999198913574,2.089900016784668,2.0339999198913574,2.089900016784668,4860,0.0,0.0
2024-06-17 11:30:00-04:00,2.0899999141693115,2.0899999141693115,2.049999952316284,2.049999952316284,571,0.0,0.0
2024-06-17 12:30:00-04:00,2.0325000286102295,2.060800075531006,2.0199999809265137,2.0199999809265137,8303,0.0,0.0
2024-06-17 13:30:00-04:00,2.069999933242798,2.069999933242798,1.9859999418258667,1.9989999532699585,12274,0.0,0.0
2024-06-17 14:30:00-04:00,1.9989999532699585,2.005000114440918,1.9500000476837158,1.961300015449524,5833,0.0,0.0
2024-06-17 15:30:00-04:00,1.9800000190734863,2.002700090408325,1.9600000381469727,1.9700000286102295,5503,0.0,0.0
2024-06-18 09:30:00-04:00,1.9600000381469727,1.9950000047683716,1.8301000595092773,1.8301000595092773,28469,0.0,0.0
2024-06-18 10:30:00-04:00,1.875,1.875,1.7799999713897705,1.806399941444397,21427,0.0,0.0
2024-06-18 11:30:00-04:00,1.809999942779541,1.8600000143051147,1.795699954032898,1.8200000524520874,11248,0.0,0.0
2024-06-18 12:30:00-04:00,1.8300000429153442,1.8598999977111816,1.8000999689102173,1.8100999593734741,15374,0.0,0.0
2024-06-18 13:30:00-04:00,1.850000023841858,1.850000023841858,1.7299000024795532,1.7735999822616577,45373,0.0,0.0
2024-06-18 14:30:00-04:00,1.784999966621399,1.829699993133545,1.76010000705719,1.7893999814987183,9186,0.0,0.0
2024-06-18 15:30:00-04:00,1.784999966621399,1.7899999618530273,1.7599999904632568,1.7599999904632568,13755,0.0,0.0
2024-06-20 09:30:00-04:00,1.7200000286102295,1.868299961090088,1.7200000286102295,1.8250000476837158,13389,0.0,0.0
2024-06-20 10:30:00-04:00,1.815000057220459,1.815000057220459,1.7009999752044678,1.7799999713897705,23875,0.0,0.0
2024-06-20 11:30:00-04:00,1.75,1.784999966621399,1.75,1.784999966621399,674,0.0,0.0
2024-06-20 12:30:00-04:00,1.7999999523162842,1.7999999523162842,1.781000018119812,1.781000018119812,3404,0.0,0.0
2024-06-20 13:30:00-04:00,1.7949999570846558,1.7949999570846558,1.7800999879837036,1.7800999879837036,2508,0.0,0.0
2024-06-20 14:30:00-04:00,1.7879999876022339,1.7999000549316406,1.7800999879837036,1.7999000549316406,1704,0.0,0.0
2024-06-20 15:30:00-04:00,1.7990000247955322,1.8049999475479126,1.7899999618530273,1.8049999475479126,2267,0.0,0.0
2024-06-21 09:30:00-04:00,1.7799999713897705,1.7799999713897705,1.659999966621399,1.7100000381469727,20693,0.0,0.0
2024-06-21 10:30:00-04:00,1.7101000547409058,1.715000033378601,1.7000000476837158,1.715000033378601,3841,0.0,0.0
2024-06-21 11:30:00-04:00,1.750100016593933,1.7799999713897705,1.7400000095367432,1.753000020980835,13760,0.0,0.0
2024-06-21 12:30:00-04:00,1.7400000095367432,1.7467999458312988,1.7400000095367432,1.7467999458312988,872,0.0,0.0
2024-06-21 13:30:00-04:00,1.7400000095367432,1.7699999809265137,1.7400000095367432,1.7699999809265137,2915,0.0,0.0
2024-06-21 14:30:00-04:00,1.747499942779541,1.7549999952316284,1.747499942779541,1.7549999952316284,2713,0.0,0.0
2024-06-21 15:30:00-04:00,1.75,1.75,1.7100000381469727,1.7400000095367432,6411,0.0,0.0
2024-06-24 09:30:00-04:00,1.7200000286102295,1.75,1.6856000423431396,1.75,1906,0.0,0.0
2024-06-24 10:30:00-04:00,1.7201000452041626,1.7350000143051147,1.7101000547409058,1.7101000547409058,3570,0.0,0.0
2024-06-24 11:30:00-04:00,1.7100000381469727,1.759600043296814,1.7100000381469727,1.7200000286102295,18743,0.0,0.0
2024-06-24 12:30:00-04:00,1.7102999687194824,1.7300000190734863,1.6800999641418457,1.6800999641418457,4065,0.0,0.0
2024-06-24 13:30:00-04:00,1.7400000095367432,1.7400000095367432,1.6296000480651855,1.6296000480651855,9142,0.0,0.0
2024-06-24 14:30:00-04:00,1.6699999570846558,1.6931999921798706,1.6299999952316284,1.6694999933242798,28094,0.0,0.0
2024-06-24 15:30:00-04:00,1.649999976158142,1.655900001525879,1.5800000429153442,1.590000033378601,12069,0.0,0.0
2024-06-25 09:30:00-04:00,1.590000033378601,1.6399999856948853,1.5800000429153442,1.600000023841858,2855,0.0,0.0
2024-06-25 10:30:00-04:00,1.590000033378601,1.6799999475479126,1.590000033378601,1.6610000133514404,7042,0.0,0.0
2024-06-25 11:30:00-04:00,1.6100000143051147,1.6115000247955322,1.5800000429153442,1.5850000381469727,10660,0.0,0.0
2024-06-25 12:30:00-04:00,1.5800000429153442,1.594599962234497,1.5800000429153442,1.5800000429153442,1484,0.0,0.0
2024-06-25 13:30:00-04:00,1.5800000429153442,1.5878000259399414,1.5499999523162842,1.5499999523162842,13406,0.0,0.0
2024-06-25 14:30:00-04:00,1.5571999549865723,1.5571999549865723,1.549399971961975,1.549399971961975,651,0.0,0.0
2024-06-25 15:30:00-04:00,1.5586999654769897,1.559999942779541,1.5299999713897705,1.5499999523162842,10716,0.0,0.0
2024-06-26 09:30:00-04:00,1.5950000286102295,1.649999976158142,1.5950000286102295,1.625,13453,0.0,0.0
2024-06-26 10:30:00-04:00,1.634600043296814,1.7050000429153442,1.6332999467849731,1.7000000476837158,13451,0.0,0.0
2024-06-26 11:30:00-04:00,1.7100000381469727,1.7400000095367432,1.7100000381469727,1.7400000095367432,975,0.0,0.0
2024-06-26 12:30:00-04:00,1.7200000286102295,1.7200000286102295,1.6815999746322632,1.6950000524520874,3864,0.0,0.0
2024-06-26 13:30:00-04:00,1.7000000476837158,1.7000000476837158,1.7000000476837158,1.7000000476837158,186,0.0,0.0
2024-06-26 14:30:00-04:00,1.7000000476837158,1.7000000476837158,1.7000000476837158,1.7000000476837158,1462,0.0,0.0
2024-06-26 15:30:00-04:00,1.6875,1.6875,1.6799999475479126,1.6799999475479126,2555,0.0,0.0
2024-06-27 09:30:00-04:00,1.7400000095367432,1.7400000095367432,1.5949000120162964,1.6100000143051147,12829,0.0,0.0
2024-06-27 10:30:00-04:00,1.6100000143051147,1.6200000047683716,1.5800000429153442,1.5850000381469727,4154,0.0,0.0
2024-06-27 11:30:00-04:00,1.5850000381469727,1.5850000381469727,1.5850000381469727,1.5850000381469727,207,0.0,0.0
2024-06-27 12:30:00-04:00,1.5700000524520874,1.5800000429153442,1.5499999523162842,1.5800000429153442,2630,0.0,0.0
2024-06-27 13:30:00-04:00,1.5805000066757202,1.5805000066757202,1.51010000705719,1.51010000705719,19781,0.0,0.0
2024-06-27 14:30:00-04:00,1.5099999904632568,1.5799000263214111,1.5,1.565000057220459,34604,0.0,0.0
2024-06-27 15:30:00-04:00,1.559999942779541,1.5800000429153442,1.559999942779541,1.5800000429153442,985,0.0,0.0
2024-06-28 09:30:00-04:00,1.5399999618530273,1.600000023841858,1.409999966621399,1.5399999618530273,78116,0.0,0.0
2024-06-28 10:30:00-04:00,1.5499999523162842,1.559999942779541,1.5414999723434448,1.559999942779541,2769,0.0,0.0
2024-06-28 11:30:00-04:00,1.5791000127792358,1.5791000127792358,1.520400047302246,1.5299999713897705,14940,0.0,0.0
2024-06-28 12:30:00-04:00,1.5399999618530273,1.559999942779541,1.5199999809265137,1.559999942779541,1835,0.0,0.0
2024-06-28 13:30:00-04:00,1.5449999570846558,1.5449999570846558,1.5199999809265137,1.5399999618530273,24074,0.0,0.0
2024-06-28 14:30:00-04:00,1.5099999904632568,1.5199999809265137,1.440000057220459,1.4901000261306763,36461,0.0,0.0
2024-06-28 15:30:00-04:00,1.4801000356674194,1.481600046157837,1.4299999475479126,1.4600000381469727,11396,0.0,0.0
2024-07-01 09:30:00-04:00,1.4900000095367432,1.5499000549316406,1.4600000381469727,1.5049999952316284,16414,0.0,0.0
2024-07-01 10:30:00-04:00,1.4603999853134155,1.6097999811172485,1.4249999523162842,1.4381999969482422,167916,0.0,0.0
2024-07-01 11:30:00-04:00,1.440000057220459,1.4700000286102295,1.440000057220459,1.4550000429153442,2228,0.0,0.0
2024-07-01 12:30:00-04:00,1.440999984741211,1.499899983406067,1.440999984741211,1.4997999668121338,8857,0.0,0.0
2024-07-01 13:30:00-04:00,1.4900000095367432,1.5,1.4701000452041626,1.4701000452041626,12955,0.0,0.0
2024-07-01 14:30:00-04:00,1.4900000095367432,1.5410000085830688,1.4800000190734863,1.500100016593933,6530,0.0,0.0
2024-07-01 15:30:00-04:00,1.5099999904632568,1.5199999809265137,1.5099999904632568,1.5199999809265137,597,0.0,0.0
2024-07-02 09:30:00-04:00,1.5099999904632568,1.5800000429153442,1.4900000095367432,1.5149999856948853,20572,0.0,0.0
2024-07-02 10:30:00-04:00,1.5,1.5,1.5,1.5,3843,0.0,0.0
2024-07-02 11:30:00-04:00,1.5,1.5,1.4600000381469727,1.4801000356674194,3504,0.0,0.0
2024-07-02 12:30:00-04:00,1.4800000190734863,1.4801000356674194,1.4800000190734863,1.4801000356674194,1515,0.0,0.0
2024-07-02 14:30:00-04:00,1.4800000190734863,1.4800000190734863,1.4700000286102295,1.472000002861023,1211,0.0,0.0
2024-07-02 15:30:00-04:00,1.472000002861023,1.472000002861023,1.4500000476837158,1.4700000286102295,11281,0.0,0.0
2024-07-03 09:30:00-04:00,1.4500000476837158,1.590000033378601,1.4500000476837158,1.5700000524520874,30276,0.0,0.0
2024-07-03 10:30:00-04:00,1.5306999683380127,1.5399999618530273,1.5305999517440796,1.5305999517440796,6996,0.0,0.0
2024-07-03 11:30:00-04:00,1.5311000347137451,1.5499999523162842,1.5299999713897705,1.5399999618530273,11387,0.0,0.0
2024-07-03 12:30:00-04:00,1.5299999713897705,1.5299999713897705,1.4600000381469727,1.4800000190734863,10487,0.0,0.0
2024-07-05 09:30:00-04:00,1.4600000381469727,1.4900000095367432,1.4208999872207642,1.4900000095367432,14845,0.0,0.0
2024-07-05 10:30:00-04:00,1.5199999809265137,1.5199999809265137,1.4900000095367432,1.4900000095367432,2328,0.0,0.0
2024-07-05 11:30:00-04:00,1.475000023841858,1.475000023841858,1.475000023841858,1.475000023841858,1026,0.0,0.0
2024-07-05 12:30:00-04:00,1.5,1.5198999643325806,1.4950000047683716,1.5187000036239624,4715,0.0,0.0
2024-07-05 13:30:00-04:00,1.5198999643325806,1.5198999643325806,1.478700041770935,1.478700041770935,3328,0.0,0.0
2024-07-05 14:30:00-04:00,1.4700000286102295,1.475000023841858,1.4700000286102295,1.475000023841858,2553,0.0,0.0
2024-07-05 15:30:00-04:00,1.4900000095367432,1.4911999702453613,1.4299999475479126,1.4299999475479126,25124,0.0,0.0
2024-07-08 09:30:00-04:00,1.5099999904632568,1.5099999904632568,1.399999976158142,1.4427000284194946,33183,0.0,0.0
2024-07-08 10:30:00-04:00,1.4739999771118164,1.4739999771118164,1.4531999826431274,1.4703999757766724,9672,0.0,0.0
2024-07-08 11:30:00-04:00,1.4600000381469727,1.464900016784668,1.4320000410079956,1.4320000410079956,3070,0.0,0.0
2024-07-08 12:30:00-04:00,1.4299999475479126,1.4299999475479126,1.4199999570846558,1.4199999570846558,3437,0.0,0.0
2024-07-08 13:30:00-04:00,1.4300999641418457,1.4300999641418457,1.419600009918213,1.419600009918213,6715,0.0,0.0
2024-07-08 14:30:00-04:00,1.4363000392913818,1.4363000392913818,1.409999966621399,1.4114999771118164,4649,0.0,0.0
2024-07-08 15:30:00-04:00,1.409999966621399,1.4160000085830688,1.3899999856948853,1.3899999856948853,8691,0.0,0.0
2024-07-09 09:30:00-04:00,1.3700000047683716,1.3899999856948853,1.3700000047683716,1.3819999694824219,3021,0.0,0.0
2024-07-09 10:30:00-04:00,1.3899999856948853,1.399899959564209,1.3600000143051147,1.3600000143051147,8994,0.0,0.0
2024-07-09 11:30:00-04:00,1.3588999509811401,1.3588999509811401,1.3300000429153442,1.3437000513076782,10503,0.0,0.0
2024-07-09 12:30:00-04:00,1.3700000047683716,1.3700000047683716,1.3437000513076782,1.3437000513076782,2574,0.0,0.0
2024-07-09 13:30:00-04:00,1.3509999513626099,1.3601000308990479,1.350000023841858,1.3601000308990479,1093,0.0,0.0
2024-07-09 14:30:00-04:00,1.3799999952316284,1.3799999952316284,1.3700000047683716,1.3701000213623047,2545,0.0,0.0
2024-07-09 15:30:00-04:00,1.3854000568389893,1.3854000568389893,1.3854000568389893,1.3854000568389893,1412,0.0,0.0
2024-07-10 09:30:00-04:00,1.399999976158142,1.399999976158142,1.3650000095367432,1.3650000095367432,3375,0.0,0.0
2024-07-10 10:30:00-04:00,1.3550000190734863,1.3550000190734863,1.340000033378601,1.340000033378601,2568,0.0,0.0
2024-07-10 11:30:00-04:00,1.3446999788284302,1.3446999788284302,1.309999942779541,1.3300000429153442,12137,0.0,0.0
2024-07-10 12:30:00-04:00,1.340000033378601,1.3499000072479248,1.3300000429153442,1.3499000072479248,2530,0.0,0.0
2024-07-10 14:30:00-04:00,1.350000023841858,1.3760000467300415,1.309999942779541,1.3760000467300415,37698,0.0,0.0
2024-07-10 15:30:00-04:00,1.3899999856948853,1.409999966621399,1.3700000047683716,1.3700000047683716,20385,0.0,0.0
2024-07-11 09:30:00-04:00,1.375,1.375,1.3700000047683716,1.3700000047683716,657,0.0,0.0
2024-07-11 10:30:00-04:00,1.3804999589920044,1.3804999589920044,1.3804999589920044,1.3804999589920044,162,0.0,0.0
2024-07-11 11:30:00-04:00,1.3700000047683716,1.3899999856948853,1.3700000047683716,1.3899999856948853,4652,0.0,0.0
2024-07-11 12:30:00-04:00,1.3700000047683716,1.3899999856948853,1.3700000047683716,1.3700000047683716,2938,0.0,0.0
2024-07-11 13:30:00-04:00,1.3600000143051147,1.3601000308990479,1.3600000143051147,1.3600000143051147,1600,0.0,0.0
2024-07-11 14:30:00-04:00,1.3600000143051147,1.3700000047683716,1.3600000143051147,1.368499994277954,2668,0.0,0.0
2024-07-11 15:30:00-04:00,1.3700000047683716,1.3739999532699585,1.3700000047683716,1.3727999925613403,5876,0.0,0.0
2024-07-12 09:30:00-04:00,1.4093999862670898,1.409999966621399,1.399999976158142,1.4036999940872192,0,0.0,0.0
2024-07-12 10:30:00-04:00,1.409999966621399,1.4499000310897827,1.409999966621399,1.4199999570846558,3954,0.0,0.0
2024-07-12 11:30:00-04:00,1.4249999523162842,1.4249999523162842,1.4199999570846558,1.4199999570846558,1269,0.0,0.0
2024-07-12 12:30:00-04:00,1.409999966621399,1.4299999475479126,1.409999966621399,1.4299999475479126,3242,0.0,0.0
2024-07-12 14:30:00-04:00,1.4299999475479126,1.4800000190734863,1.4119999408721924,1.4119999408721924,7350,0.0,0.0
2024-07-12 15:30:00-04:00,1.4299999475479126,1.4900000095367432,1.4199999570846558,1.4900000095367432,5019,0.0,0.0
2024-07-15 09:30:00-04:00,1.4600000381469727,1.559999942779541,1.4500000476837158,1.4500000476837158,26671,0.0,0.0
2024-07-15 10:30:00-04:00,1.4800000190734863,1.4850000143051147,1.4500000476837158,1.4800000190734863,1986,0.0,0.0
2024-07-15 11:30:00-04:00,1.4800000190734863,1.4900000095367432,1.4800000190734863,1.4900000095367432,753,0.0,0.0
2024-07-15 12:30:00-04:00,1.4900000095367432,1.4900000095367432,1.4800000190734863,1.4800000190734863,1242,0.0,0.0
2024-07-15 13:30:00-04:00,1.4800000190734863,1.4800000190734863,1.4299999475479126,1.4299999475479126,19729,0.0,0.0
2024-07-15 14:30:00-04:00,1.440000057220459,1.440000057220459,1.399999976158142,1.4187999963760376,8202,0.0,0.0
2024-07-15 15:30:00-04:00,1.409999966621399,1.4199999570846558,1.399999976158142,1.4010000228881836,5823,0.0,0.0
2024-07-16 09:30:00-04:00,1.399999976158142,1.4575999975204468,1.399999976158142,1.4575999975204468,0,0.0,0.0
2024-07-16 10:30:00-04:00,1.4700000286102295,1.5299999713897705,1.4500000476837158,1.4996999502182007,45702,0.0,0.0
2024-07-16 11:30:00-04:00,1.450600028038025,1.5069999694824219,1.450600028038025,1.499899983406067,6349,0.0,0.0
2024-07-16 12:30:00-04:00,1.5,1.5199999809265137,1.4900000095367432,1.5,2324,0.0,0.0
2024-07-16 13:30:00-04:00,1.5149999856948853,1.5299999713897705,1.5149999856948853,1.5149999856948853,2249,0.0,0.0
2024-07-16 14:30:00-04:00,1.500100016593933,1.5099999904632568,1.5,1.5099999904632568,9010,0.0,0.0
2024-07-16 15:30:00-04:00,1.500100016593933,1.5199999809265137,1.500100016593933,1.5199999809265137,9828,0.0,0.0
2024-07-17 09:30:00-04:00,1.4850000143051147,1.534999966621399,1.4838999509811401,1.5273000001907349,0,0.0,0.0
2024-07-17 10:30:00-04:00,1.5336999893188477,1.5336999893188477,1.5099999904632568,1.5199999809265137,2000,0.0,0.0
2024-07-17 12:30:00-04:00,1.5,1.5,1.4700000286102295,1.4700000286102295,3989,0.0,0.0
2024-07-17 14:30:00-04:00,1.4500000476837158,1.4500000476837158,1.4450000524520874,1.4450000524520874,1886,0.0,0.0
2024-07-17 15:30:00-04:00,1.440000057220459,1.440000057220459,1.4199999570846558,1.4199999570846558,4140,0.0,0.0
2024-07-18 09:30:00-04:00,1.4500000476837158,1.5699000358581543,1.4500000476837158,1.5,1876,0.0,0.0
2024-07-18 11:30:00-04:00,1.4500000476837158,1.4500000476837158,1.3799999952316284,1.3899999856948853,6873,0.0,0.0
2024-07-18 12:30:00-04:00,1.3825000524520874,1.409999966621399,1.3825000524520874,1.3899999856948853,1883,0.0,0.0
2024-07-18 13:30:00-04:00,1.4289000034332275,1.4289000034332275,1.4104000329971313,1.4104000329971313,1194,0.0,0.0
2024-07-18 14:30:00-04:00,1.4199999570846558,1.4199999570846558,1.4199999570846558,1.4199999570846558,782,0.0,0.0
2024-07-18 15:30:00-04:00,1.4113999605178833,1.4113999605178833,1.3899999856948853,1.3899999856948853,2115,0.0,0.0
2024-07-19 09:30:00-04:00,1.409999966621399,1.4292000532150269,1.409999966621399,1.4292000532150269,1137,0.0,0.0
2024-07-19 10:30:00-04:00,1.4249999523162842,1.4249999523162842,1.4199999570846558,1.4199999570846558,202,0.0,0.0
2024-07-19 11:30:00-04:00,1.409999966621399,1.409999966621399,1.4098999500274658,1.4098999500274658,807,0.0,0.0
2024-07-19 12:30:00-04:00,1.3799999952316284,1.3899999856948853,1.3600000143051147,1.3899999856948853,5636,0.0,0.0
2024-07-19 13:30:00-04:00,1.3601000308990479,1.3601000308990479,1.3601000308990479,1.3601000308990479,1840,0.0,0.0
2024-07-19 14:30:00-04:00,1.3799999952316284,1.3799999952316284,1.3700000047683716,1.3700000047683716,0,0.0,0.0
2024-07-19 15:30:00-04:00,1.392799973487854,1.3949999809265137,1.3899999856948853,1.3949999809265137,730,0.0,0.0
2024-07-22 13:30:00-04:00,1.4800000190734863,1.4900000095367432,1.4800000190734863,1.4900000095367432,1245,0.0,0.0
2024-07-22 14:30:00-04:00,1.440000057220459,1.440000057220459,1.440000057220459,1.440000057220459,1183,0.0,0.0
2024-07-22 15:30:00-04:00,1.4299999475479126,1.4299999475479126,1.3899999856948853,1.4019999504089355,4479,0.0,0.0
2024-07-23 09:30:00-04:00,1.4199999570846558,1.4199999570846558,1.4199999570846558,1.4199999570846558,916,0.0,0.0
2024-07-23 10:30:00-04:00,1.409999966621399,1.409999966621399,1.4055999517440796,1.4092999696731567,3432,0.0,0.0
2024-07-23 11:30:00-04:00,1.409000039100647,1.409000039100647,1.409000039100647,1.409000039100647,786,0.0,0.0
2024-07-23 12:30:00-04:00,1.3899999856948853,1.3899999856948853,1.3899999856948853,1.3899999856948853,1553,0.0,0.0
2024-07-23 15:30:00-04:00,1.409999966621399,1.409999966621399,1.3940000534057617,1.3940000534057617,1636,0.0,0.0
2024-07-24 09:30:00-04:00,1.3796000480651855,1.3799999952316284,1.3600000143051147,1.3600000143051147,4699,0.0,0.0
2024-07-24 10:30:00-04:00,1.3700000047683716,1.3700000047683716,1.3700000047683716,1.3700000047683716,200,0.0,0.0
2024-07-24 11:30:00-04:00,1.3799999952316284,1.3799999952316284,1.3799999952316284,1.3799999952316284,252,0.0,0.0
2024-07-24 13:30:00-04:00,1.379699945449829,1.4198999404907227,1.379699945449829,1.4198999404907227,4134,0.0,0.0
2024-07-24 14:30:00-04:00,1.3838000297546387,1.3838000297546387,1.3710999488830566,1.3710999488830566,0,0.0,0.0
2024-07-24 15:30:00-04:00,1.37090003490448,1.3799999952316284,1.37090003490448,1.3799999952316284,669,0.0,0.0
2024-07-25 09:30:00-04:00,1.3991999626159668,1.4299999475479126,1.3991999626159668,1.410099983215332,5583,0.0,0.0
2024-07-25 10:30:00-04:00,1.4299999475479126,1.4299999475479126,1.4299999475479126,1.4299999475479126,3596,0.0,0.0
2024-07-25 11:30:00-04:00,1.4149999618530273,1.4149999618530273,1.3899999856948853,1.3899999856948853,1799,0.0,0.0
2024-07-25 12:30:00-04:00,1.360200047492981,1.360200047492981,1.360200047492981,1.360200047492981,672,0.0,0.0
2024-07-25 13:30:00-04:00,1.3899999856948853,1.399999976158142,1.3899999856948853,1.399899959564209,2909,0.0,0.0
2024-07-25 14:30:00-04:00,1.3902000188827515,1.5299999713897705,1.3899999856948853,1.5199999809265137,41912,0.0,0.0
2024-07-25 15:30:00-04:00,1.4850000143051147,1.5,1.4500000476837158,1.4500000476837158,11397,0.0,0.0
2024-07-26 09:30:00-04:00,1.4199999570846558,1.5,1.399999976158142,1.5,10579,0.0,0.0
2024-07-26 10:30:00-04:00,1.4900000095367432,1.5299999713897705,1.4600000381469727,1.5299999713897705,7697,0.0,0.0
2024-07-26 11:30:00-04:00,1.5019999742507935,1.5019999742507935,1.4663000106811523,1.4950000047683716,0,0.0,0.0
2024-07-26 12:30:00-04:00,1.5,1.5549999475479126,1.4700000286102295,1.5549999475479126,35169,0.0,0.0
2024-07-26 13:30:00-04:00,1.559999942779541,1.559999942779541,1.4700000286102295,1.5499999523162842,54533,0.0,0.0
2024-07-26 14:30:00-04:00,1.5499999523162842,1.5700000524520874,1.4657000303268433,1.5099999904632568,31172,0.0,0.0
2024-07-26 15:30:00-04:00,1.5499999523162842,1.5499999523162842,1.5299999713897705,1.5499999523162842,8930,0.0,0.0
2024-07-29 09:30:00-04:00,1.5800000429153442,1.5800000429153442,1.5299999713897705,1.5299999713897705,10925,0.0,0.0
2024-07-29 11:30:00-04:00,1.5299999713897705,1.531999945640564,1.5199999809265137,1.5299999713897705,0,0.0,0.0
2024-07-29 12:30:00-04:00,1.5299999713897705,1.5313999652862549,1.5099999904632568,1.5099999904632568,19949,0.0,0.0
2024-07-29 14:30:00-04:00,1.5,1.5299999713897705,1.5,1.5199999809265137,6302,0.0,0.0
2024-07-29 15:30:00-04:00,1.5199999809265137,1.5299999713897705,1.4299999475479126,1.4299999475479126,16836,0.0,0.0
2024-07-30 09:30:00-04:00,1.4299999475479126,1.465000033378601,1.4299999475479126,1.465000033378601,2588,0.0,0.0
2024-07-30 11:30:00-04:00,1.465000033378601,1.465000033378601,1.4400999546051025,1.4457000494003296,1961,0.0,0.0
2024-07-30 13:30:00-04:00,1.440000057220459,1.440000057220459,1.440000057220459,1.440000057220459,11221,0.0,0.0
2024-07-30 14:30:00-04:00,1.4199999570846558,1.4199999570846558,1.4174000024795532,1.4174000024795532,2747,0.0,0.0
2024-07-30 15:30:00-04:00,1.399999976158142,1.399999976158142,1.399999976158142,1.399999976158142,183,0.0,0.0
2024-07-31 09:30:00-04:00,1.399999976158142,1.399999976158142,1.3910000324249268,1.3910000324249268,0,0.0,0.0
2024-07-31 11:30:00-04:00,1.4199999570846558,1.4199999570846558,1.4199999570846558,1.4199999570846558,2577,0.0,0.0
2024-07-31 13:30:00-04:00,1.3970999717712402,1.3970999717712402,1.3970999717712402,1.3970999717712402,347,0.0,0.0
2024-07-31 14:30:00-04:00,1.388200044631958,1.406499981880188,1.388200044631958,1.406499981880188,2548,0.0,0.0
2024-08-01 09:30:00-04:00,1.381600022315979,1.381600022315979,1.381600022315979,1.381600022315979,3228,0.0,0.0
2024-08-01 10:30:00-04:00,1.399999976158142,1.399999976158142,1.399899959564209,1.399899959564209,1069,0.0,0.0
2024-08-01 11:30:00-04:00,1.3600000143051147,1.3700000047683716,1.3300000429153442,1.350000023841858,22256,0.0,0.0
2024-08-01 12:30:00-04:00,1.3301000595092773,1.3695000410079956,1.3301000595092773,1.3695000410079956,3757,0.0,0.0
2024-08-01 13:30:00-04:00,1.3523999452590942,1.3523999452590942,1.3523999452590942,1.3523999452590942,1163,0.0,0.0
2024-08-01 14:30:00-04:00,1.3700000047683716,1.4199999570846558,1.3600000143051147,1.3600000143051147,14202,0.0,0.0
2024-08-01 15:30:00-04:00,1.3799999952316284,1.3899999856948853,1.350000023841858,1.350000023841858,13613,0.0,0.0
2024-08-02 09:30:00-04:00,1.3899999856948853,1.3899999856948853,1.336400032043457,1.36080002784729,0,0.0,0.0
2024-08-02 10:30:00-04:00,1.3669999837875366,1.3701000213623047,1.3600000143051147,1.3701000213623047,9300,0.0,0.0
2024-08-02 11:30:00-04:00,1.3601000308990479,1.3832999467849731,1.3601000308990479,1.3832999467849731,9324,0.0,0.0
2024-08-02 12:30:00-04:00,1.3700000047683716,1.375,1.3700000047683716,1.375,444,0.0,0.0
2024-08-02 13:30:00-04:00,1.3799999952316284,1.3899999856948853,1.3799999952316284,1.3899999856948853,1140,0.0,0.0
2024-08-02 14:30:00-04:00,1.3799999952316284,1.3801000118255615,1.3799999952316284,1.3801000118255615,1692,0.0,0.0
2024-08-02 15:30:00-04:00,1.3600000143051147,1.3600000143051147,1.350000023841858,1.350000023841858,1850,0.0,0.0
2024-08-05 09:30:00-04:00,1.3700000047683716,1.3700000047683716,1.3305000066757202,1.3305000066757202,6802,0.0,0.0
2024-08-05 10:30:00-04:00,1.3116999864578247,1.3300000429153442,1.3116999864578247,1.3300000429153442,4985,0.0,0.0
2024-08-05 11:30:00-04:00,1.340000033378601,1.350000023841858,1.340000033378601,1.350000023841858,1328,0.0,0.0
2024-08-05 12:30:00-04:00,1.3449000120162964,1.3449000120162964,1.3300000429153442,1.339900016784668,7706,0.0,0.0
2024-08-05 14:30:00-04:00,1.3300000429153442,1.3300000429153442,1.320099949836731,1.320099949836731,2336,0.0,0.0
2024-08-05 15:30:00-04:00,1.3300000429153442,1.3300000429153442,1.3300000429153442,1.3300000429153442,854,0.0,0.0
2024-08-06 09:30:00-04:00,1.2999999523162842,1.339900016784668,1.2999999523162842,1.3200000524520874,9107,0.0,0.0
2024-08-06 11:30:00-04:00,1.339900016784668,1.339900016784668,1.339900016784668,1.339900016784668,369,0.0,0.0
2024-08-06 13:30:00-04:00,1.3200000524520874,1.340000033378601,1.3200000524520874,1.340000033378601,4381,0.0,0.0
2024-08-06 14:30:00-04:00,1.3300000429153442,1.340000033378601,1.3300000429153442,1.3300000429153442,1939,0.0,0.0
2024-08-06 15:30:00-04:00,1.3115999698638916,1.3300000429153442,1.2999999523162842,1.3300000429153442,3490,0.0,0.0
2024-08-07 09:30:00-04:00,1.350000023841858,1.350000023841858,1.350000023841858,1.350000023841858,1182,0.0,0.0
2024-08-07 11:30:00-04:00,1.340000033378601,1.3600000143051147,1.340000033378601,1.3589999675750732,8810,0.0,0.0
2024-08-07 12:30:00-04:00,1.4299999475479126,1.4299999475479126,1.3899999856948853,1.3899999856948853,4540,0.0,0.0
2024-08-07 13:30:00-04:00,1.3899999856948853,1.3899999856948853,1.3899999856948853,1.3899999856948853,234,0.0,0.0
2024-08-07 14:30:00-04:00,1.3899999856948853,1.3899999856948853,1.3600000143051147,1.3600000143051147,1154,0.0,0.0
2024-08-07 15:30:00-04:00,1.3600000143051147,1.375,1.350000023841858,1.350000023841858,0,0.0,0.0
2024-08-08 09:30:00-04:00,1.3724000453948975,1.3724000453948975,1.3724000453948975,1.3724000453948975,0,0.0,0.0
2024-08-08 13:30:00-04:00,1.3799999952316284,1.3799999952316284,1.350100040435791,1.3799999952316284,5846,0.0,0.0
2024-08-08 14:30:00-04:00,1.378999948501587,1.3899999856948853,1.3783999681472778,1.3899999856948853,8981,0.0,0.0
2024-08-08 15:30:00-04:00,1.3619999885559082,1.3799999952316284,1.3600000143051147,1.3799999952316284,2663,0.0,0.0
2024-08-09 10:30:00-04:00,1.350000023841858,1.364400029182434,1.340000033378601,1.340000033378601,4471,0.0,0.0
2024-08-09 11:30:00-04:00,1.3600000143051147,1.3600000143051147,1.3600000143051147,1.3600000143051147,842,0.0,0.0
2024-08-09 13:30:00-04:00,1.3992999792099,1.3992999792099,1.3992999792099,1.3992999792099,1573,0.0,0.0
2024-08-09 15:30:00-04:00,1.350000023841858,1.350000023841858,1.3200000524520874,1.3200000524520874,2342,0.0,0.0
2024-08-12 09:30:00-04:00,1.340000033378601,1.340000033378601,1.340000033378601,1.340000033378601,0,0.0,0.0
2024-08-12 10:30:00-04:00,1.3000999689102173,1.309999942779541,1.2999999523162842,1.3020000457763672,10505,0.0,0.0
2024-08-12 11:30:00-04:00,1.3200000524520874,1.3450000286102295,1.3200000524520874,1.3450000286102295,0,0.0,0.0
2024-08-12 12:30:00-04:00,1.340000033378601,1.340000033378601,1.3000999689102173,1.3300000429153442,1967,0.0,0.0
2024-08-12 14:30:00-04:00,1.3253999948501587,1.3300000429153442,1.2599999904632568,1.294100046157837,34031,0.0,0.0
2024-08-12 15:30:00-04:00,1.2899999618530273,1.3300000429153442,1.2799999713897705,1.3300000429153442,7336,0.0,0.0
2024-08-13 09:30:00-04:00,1.350000023841858,1.350000023841858,1.2999999523162842,1.2999999523162842,0,0.0,0.0
2024-08-13 10:30:00-04:00,1.2999999523162842,1.3285000324249268,1.26010000705719,1.289199948310852,13403,0.0,0.0
2024-08-13 11:30:00-04:00,1.2997000217437744,1.2997000217437744,1.274999976158142,1.2799999713897705,8248,0.0,0.0
2024-08-13 12:30:00-04:00,1.2899999618530273,1.2899999618530273,1.2899999618530273,1.2899999618530273,248,0.0,0.0
2024-08-13 13:30:00-04:00,1.2899999618530273,1.2899999618530273,1.2899999618530273,1.2899999618530273,392,0.0,0.0
2024-08-13 14:30:00-04:00,1.280900001525879,1.2999999523162842,1.280900001525879,1.2899999618530273,4807,0.0,0.0
2024-08-13 15:30:00-04:00,1.2989000082015991,1.350000023841858,1.2899999618530273,1.350000023841858,9603,0.0,0.0
2024-08-14 09:30:00-04:00,1.3550000190734863,1.378999948501587,1.3300000429153442,1.340000033378601,16997,0.0,0.0
2024-08-14 10:30:00-04:00,1.378000020980835,1.378000020980835,1.3600000143051147,1.3601000308990479,1685,0.0,0.0
2024-08-14 11:30:00-04:00,1.350000023841858,1.350000023841858,1.3300000429153442,1.3300000429153442,3367,0.0,0.0
2024-08-14 13:30:00-04:00,1.3391000032424927,1.3391000032424927,1.3200000524520874,1.320099949836731,771,0.0,0.0
2024-08-14 14:30:00-04:00,1.3600000143051147,1.3700000047683716,1.3488999605178833,1.3600000143051147,7764,0.0,0.0
2024-08-14 15:30:00-04:00,1.3650000095367432,1.3697999715805054,1.3600000143051147,1.3600000143051147,2682,0.0,0.0
2024-08-15 09:30:00-04:00,1.3700000047683716,1.3700000047683716,1.3000999689102173,1.350000023841858,6922,0.0,0.0
2024-08-15 10:30:00-04:00,1.3193999528884888,1.340000033378601,1.309999942779541,1.3100999593734741,3512,0.0,0.0
2024-08-15 11:30:00-04:00,1.308500051498413,1.3180999755859375,1.2999999523162842,1.2999999523162842,2210,0.0,0.0
2024-08-15 12:30:00-04:00,1.3100999593734741,1.3100999593734741,1.159999966621399,1.2963999509811401,115072,0.0,0.0
2024-08-15 13:30:00-04:00,1.2789000272750854,1.2789000272750854,1.25,1.2690000534057617,4947,0.0,0.0
2024-08-15 14:30:00-04:00,1.2763999700546265,1.2899999618530273,1.26010000705719,1.2699999809265137,4301,0.0,0.0
2024-08-15 15:30:00-04:00,1.2699999809265137,1.350000023841858,1.2699999809265137,1.3200000524520874,13360,0.0,0.0
2024-08-16 09:30:00-04:00,1.350000023841858,1.350000023841858,1.2699999809265137,1.280400037765503,3637,0.0,0.0
2024-08-16 10:30:00-04:00,1.2985999584197998,1.2985999584197998,1.25,1.25,7051,0.0,0.0
2024-08-16 11:30:00-04:00,1.2696000337600708,1.2699999809265137,1.2649999856948853,1.2699999809265137,2215,0.0,0.0
2024-08-16 12:30:00-04:00,1.2699999809265137,1.2999999523162842,1.26010000705719,1.26010000705719,24794,0.0,0.0
2024-08-16 13:30:00-04:00,1.2699999809265137,1.2899999618530273,1.2699999809265137,1.2899999618530273,5134,0.0,0.0
2024-08-16 14:30:00-04:00,1.329699993133545,1.3300000429153442,1.309999942779541,1.309999942779541,7714,0.0,0.0
2024-08-16 15:30:00-04:00,1.2899999618530273,1.2899999618530273,1.2899999618530273,1.2899999618530273,473,0.0,0.0
