Datetime,Open,High,Low,Close,Volume,Dividends,Stock Splits,Capital Gains
2022-08-18 09:30:00-04:00,73.27999877929688,73.27999877929688,73.05000305175781,73.16000366210938,82700,0.0,0.0,0.0
2022-08-18 10:30:00-04:00,73.16000366210938,73.2750015258789,73.08999633789062,73.20999908447266,64143,0.0,0.0,0.0
2022-08-18 11:30:00-04:00,73.20999908447266,73.3499984741211,73.11000061035156,73.12000274658203,43053,0.0,0.0,0.0
2022-08-18 12:30:00-04:00,73.11759948730469,73.1500015258789,73.04350280761719,73.14700317382812,79441,0.0,0.0,0.0
2022-08-18 13:30:00-04:00,73.13809967041016,73.26000213623047,73.12999725341797,73.26000213623047,49302,0.0,0.0,0.0
2022-08-18 14:30:00-04:00,73.23999786376953,73.43000030517578,73.22000122070312,73.42009735107422,87784,0.0,0.0,0.0
2022-08-18 15:30:00-04:00,73.41999816894531,73.4749984741211,73.33000183105469,73.38999938964844,0,0.0,0.0,0.0
2022-08-19 09:30:00-04:00,73.12999725341797,73.12999725341797,72.7699966430664,72.81500244140625,65490,0.0,0.0,0.0
2022-08-19 10:30:00-04:00,72.91000366210938,72.91999816894531,72.65670013427734,72.68000030517578,76935,0.0,0.0,0.0
2022-08-19 11:30:00-04:00,72.7300033569336,72.88970184326172,72.69000244140625,72.81999969482422,63887,0.0,0.0,0.0
2022-08-19 12:30:00-04:00,72.81999969482422,72.98500061035156,72.8051986694336,72.918701171875,63276,0.0,0.0,0.0
2022-08-19 13:30:00-04:00,72.8917007446289,72.91999816894531,72.77100372314453,72.81169891357422,29518,0.0,0.0,0.0
2022-08-19 14:30:00-04:00,72.79000091552734,72.81999969482422,72.61000061035156,72.75,72359,0.0,0.0,0.0
2022-08-19 15:30:00-04:00,72.76000213623047,72.81999969482422,72.71499633789062,72.77999877929688,57772,0.0,0.0,0.0
2022-08-22 09:30:00-04:00,72.05999755859375,72.2300033569336,71.75189971923828,71.75189971923828,79907,0.0,0.0,0.0
2022-08-22 10:30:00-04:00,71.80000305175781,71.87999725341797,71.71769714355469,71.86000061035156,55582,0.0,0.0,0.0
2022-08-22 11:30:00-04:00,71.83999633789062,71.93499755859375,71.7500991821289,71.76000213623047,55932,0.0,0.0,0.0
2022-08-22 12:30:00-04:00,71.7510986328125,71.81999969482422,71.58000183105469,71.58000183105469,71123,0.0,0.0,0.0
2022-08-22 13:30:00-04:00,71.56999969482422,71.58999633789062,71.41410064697266,71.47000122070312,108404,0.0,0.0,0.0
2022-08-22 14:30:00-04:00,71.44999694824219,71.55000305175781,71.36000061035156,71.46990203857422,71684,0.0,0.0,0.0
2022-08-22 15:30:00-04:00,71.44999694824219,71.51499938964844,71.34500122070312,71.4800033569336,28534,0.0,0.0,0.0
2022-08-23 09:30:00-04:00,71.52999877929688,71.79460144042969,71.45999908447266,71.76000213623047,89844,0.0,0.0,0.0
2022-08-23 10:30:00-04:00,71.67120361328125,71.75,71.37000274658203,71.5,60780,0.0,0.0,0.0
2022-08-23 11:30:00-04:00,71.45999908447266,71.52210235595703,71.27200317382812,71.27200317382812,50241,0.0,0.0,0.0
2022-08-23 12:30:00-04:00,71.27940368652344,71.45999908447266,71.27940368652344,71.41999816894531,56436,0.0,0.0,0.0
2022-08-23 13:30:00-04:00,71.47959899902344,71.4800033569336,71.26000213623047,71.37999725341797,51854,0.0,0.0,0.0
2022-08-23 14:30:00-04:00,71.4000015258789,71.4800033569336,71.32039642333984,71.44999694824219,64644,0.0,0.0,0.0
2022-08-23 15:30:00-04:00,71.43000030517578,71.48999786376953,71.3499984741211,71.3499984741211,38557,0.0,0.0,0.0
2022-08-24 09:30:00-04:00,71.37000274658203,71.54000091552734,71.22000122070312,71.51000213623047,0,0.0,0.0,0.0
2022-08-24 10:30:00-04:00,71.5280990600586,71.69999694824219,71.37999725341797,71.66000366210938,168394,0.0,0.0,0.0
2022-08-24 11:30:00-04:00,71.66999816894531,71.73999786376953,71.63999938964844,71.64820098876953,85781,0.0,0.0,0.0
2022-08-24 12:30:00-04:00,71.63500213623047,71.63999938964844,71.3447036743164,71.35009765625,199061,0.0,0.0,0.0
2022-08-24 13:30:00-04:00,71.36499786376953,71.47000122070312,71.34269714355469,71.45999908447266,89778,0.0,0.0,0.0
2022-08-24 14:30:00-04:00,71.45999908447266,71.62010192871094,71.4000015258789,71.56500244140625,59535,0.0,0.0,0.0
2022-08-24 15:30:00-04:00,71.58499908447266,71.68000030517578,71.56999969482422,71.58999633789062,28721,0.0,0.0,0.0
2022-08-25 09:30:00-04:00,71.81999969482422,72.18900299072266,71.62000274658203,72.16999816894531,0,0.0,0.0,0.0
2022-08-25 10:30:00-04:00,72.20999908447266,72.22000122070312,71.87429809570312,71.95999908447266,28972,0.0,0.0,0.0
2022-08-25 11:30:00-04:00,71.97000122070312,72.01000213623047,71.85130310058594,71.87999725341797,74284,0.0,0.0,0.0
2022-08-25 12:30:00-04:00,71.88999938964844,71.98179626464844,71.77999877929688,71.98179626464844,23606,0.0,0.0,0.0
2022-08-25 13:30:00-04:00,72.0,72.08000183105469,71.97000122070312,72.03600311279297,61878,0.0,0.0,0.0
2022-08-25 14:30:00-04:00,72.03800201416016,72.19000244140625,71.9800033569336,72.16999816894531,42710,0.0,0.0,0.0
2022-08-25 15:30:00-04:00,72.15869903564453,72.45999908447266,72.12100219726562,72.45999908447266,23368,0.0,0.0,0.0
2022-08-26 09:30:00-04:00,72.56999969482422,72.56999969482422,71.7699966430664,71.77130126953125,97829,0.0,0.0,0.0
2022-08-26 10:30:00-04:00,71.6500015258789,71.65499877929688,71.193603515625,71.33460235595703,71147,0.0,0.0,0.0
2022-08-26 11:30:00-04:00,71.31999969482422,71.44999694824219,71.13999938964844,71.19000244140625,34303,0.0,0.0,0.0
2022-08-26 12:30:00-04:00,71.19999694824219,71.27999877929688,71.12999725341797,71.26000213623047,38664,0.0,0.0,0.0
2022-08-26 13:30:00-04:00,71.2354965209961,71.2354965209961,70.95999908447266,71.0,40969,0.0,0.0,0.0
2022-08-26 14:30:00-04:00,71.0199966430664,71.02169799804688,70.69000244140625,70.79000091552734,63349,0.0,0.0,0.0
2022-08-26 15:30:00-04:00,70.73500061035156,70.76000213623047,70.45999908447266,70.4894027709961,78150,0.0,0.0,0.0
2022-08-29 09:30:00-04:00,70.1500015258789,70.3499984741211,69.90499877929688,70.2699966430664,0,0.0,0.0,0.0
2022-08-29 10:30:00-04:00,70.30000305175781,70.31999969482422,69.98999786376953,70.26000213623047,28112,0.0,0.0,0.0
2022-08-29 11:30:00-04:00,70.23999786376953,70.53179931640625,70.23500061035156,70.45999908447266,54719,0.0,0.0,0.0
2022-08-29 12:30:00-04:00,70.4520034790039,70.65660095214844,70.37979888916016,70.54000091552734,82274,0.0,0.0,0.0
2022-08-29 13:30:00-04:00,70.57820129394531,70.75,70.47000122070312,70.5009994506836,99633,0.0,0.0,0.0
2022-08-29 14:30:00-04:00,70.53810119628906,70.70999908447266,70.46820068359375,70.46820068359375,101574,0.0,0.0,0.0
2022-08-29 15:30:00-04:00,70.46410369873047,70.55999755859375,70.23999786376953,70.23999786376953,39912,0.0,0.0,0.0
2022-08-30 09:30:00-04:00,70.38999938964844,70.38999938964844,69.72489929199219,69.80000305175781,76583,0.0,0.0,0.0
2022-08-30 10:30:00-04:00,69.79000091552734,69.79000091552734,69.20999908447266,69.69000244140625,43249,0.0,0.0,0.0
2022-08-30 11:30:00-04:00,69.62999725341797,69.73999786376953,69.54000091552734,69.62000274658203,72931,0.0,0.0,0.0
2022-08-30 12:30:00-04:00,69.61499786376953,69.61499786376953,69.3499984741211,69.43000030517578,44776,0.0,0.0,0.0
2022-08-30 13:30:00-04:00,69.41000366210938,69.5199966430664,69.22010040283203,69.37000274658203,56692,0.0,0.0,0.0
2022-08-30 14:30:00-04:00,69.36000061035156,69.6500015258789,69.36000061035156,69.52999877929688,80578,0.0,0.0,0.0
2022-08-30 15:30:00-04:00,69.44999694824219,69.55999755859375,69.30750274658203,69.44999694824219,59072,0.0,0.0,0.0
2022-08-31 09:30:00-04:00,69.58999633789062,69.77999877929688,69.33999633789062,69.33999633789062,55526,0.0,0.0,0.0
2022-08-31 10:30:00-04:00,69.3499984741211,69.63999938964844,69.28720092773438,69.38670349121094,47998,0.0,0.0,0.0
2022-08-31 11:30:00-04:00,69.38569641113281,69.58000183105469,69.37000274658203,69.40499877929688,37990,0.0,0.0,0.0
2022-08-31 12:30:00-04:00,69.40540313720703,69.43000030517578,69.22000122070312,69.26000213623047,43131,0.0,0.0,0.0
2022-08-31 13:30:00-04:00,69.26490020751953,69.30999755859375,69.13999938964844,69.16000366210938,251242,0.0,0.0,0.0
2022-08-31 14:30:00-04:00,69.12999725341797,69.30999755859375,68.94999694824219,69.13999938964844,64142,0.0,0.0,0.0
2022-08-31 15:30:00-04:00,69.0999984741211,69.2677001953125,68.94000244140625,68.94999694824219,52579,0.0,0.0,0.0
2022-09-01 09:30:00-04:00,68.52999877929688,68.69999694824219,68.19000244140625,68.4800033569336,95293,0.0,0.0,0.0
2022-09-01 10:30:00-04:00,68.49500274658203,68.66000366210938,68.20999908447266,68.5199966430664,103147,0.0,0.0,0.0
2022-09-01 11:30:00-04:00,68.58000183105469,68.76000213623047,68.54000091552734,68.69999694824219,59078,0.0,0.0,0.0
2022-09-01 12:30:00-04:00,68.63500213623047,68.80999755859375,68.4000015258789,68.80999755859375,48221,0.0,0.0,0.0
2022-09-01 13:30:00-04:00,68.81999969482422,68.91100311279297,68.62000274658203,68.86499786376953,49946,0.0,0.0,0.0
2022-09-01 14:30:00-04:00,68.9343032836914,69.04000091552734,68.79499816894531,68.83999633789062,91526,0.0,0.0,0.0
2022-09-01 15:30:00-04:00,68.79000091552734,69.16999816894531,68.76000213623047,69.1500015258789,237285,0.0,0.0,0.0
2022-09-02 09:30:00-04:00,69.80000305175781,69.86990356445312,69.3499984741211,69.80000305175781,158263,0.0,0.0,0.0
2022-09-02 10:30:00-04:00,69.87000274658203,69.99739837646484,69.83000183105469,69.9000015258789,83908,0.0,0.0,0.0
2022-09-02 11:30:00-04:00,69.91809844970703,70.03700256347656,69.6417007446289,69.66000366210938,21013,0.0,0.0,0.0
2022-09-02 12:30:00-04:00,69.60600280761719,69.62000274658203,68.7699966430664,68.7699966430664,65238,0.0,0.0,0.0
2022-09-02 13:30:00-04:00,68.77999877929688,68.93000030517578,68.5999984741211,68.83999633789062,52118,0.0,0.0,0.0
2022-09-02 14:30:00-04:00,68.77999877929688,68.87999725341797,68.5999984741211,68.67500305175781,52835,0.0,0.0,0.0
2022-09-02 15:30:00-04:00,68.62999725341797,68.62999725341797,68.27999877929688,68.55999755859375,46408,0.0,0.0,0.0
2022-09-06 09:30:00-04:00,68.7699966430664,68.87999725341797,68.06999969482422,68.38999938964844,81851,0.0,0.0,0.0
2022-09-06 10:30:00-04:00,68.3499984741211,68.8499984741211,68.23909759521484,68.55000305175781,125948,0.0,0.0,0.0
2022-09-06 11:30:00-04:00,68.51000213623047,68.77999877929688,68.2699966430664,68.37899780273438,60071,0.0,0.0,0.0
2022-09-06 12:30:00-04:00,68.37560272216797,68.5,68.08000183105469,68.12770080566406,66862,0.0,0.0,0.0
2022-09-06 13:30:00-04:00,68.18000030517578,68.4800033569336,68.12999725341797,68.36029815673828,67697,0.0,0.0,0.0
2022-09-06 14:30:00-04:00,68.36000061035156,68.45429992675781,68.20999908447266,68.36000061035156,131439,0.0,0.0,0.0
2022-09-06 15:30:00-04:00,68.30999755859375,68.4000015258789,68.16999816894531,68.30999755859375,69556,0.0,0.0,0.0
2022-09-07 09:30:00-04:00,68.19000244140625,68.63379669189453,68.16000366210938,68.63379669189453,88802,0.0,0.0,0.0
2022-09-07 10:30:00-04:00,68.69999694824219,68.96170043945312,68.69000244140625,68.9000015258789,35335,0.0,0.0,0.0
2022-09-07 11:30:00-04:00,68.90249633789062,68.94000244140625,68.68550109863281,68.74009704589844,48933,0.0,0.0,0.0
2022-09-07 12:30:00-04:00,68.78890228271484,69.08999633789062,68.77999877929688,69.0199966430664,36026,0.0,0.0,0.0
2022-09-07 13:30:00-04:00,69.04000091552734,69.43000030517578,69.04000091552734,69.3499984741211,53947,0.0,0.0,0.0
2022-09-07 14:30:00-04:00,69.35710144042969,69.55999755859375,69.3499984741211,69.55000305175781,170404,0.0,0.0,0.0
2022-09-07 15:30:00-04:00,69.55030059814453,69.56999969482422,69.41999816894531,69.4800033569336,94378,0.0,0.0,0.0
2022-09-08 09:30:00-04:00,69.20999908447266,69.52999877929688,68.88999938964844,69.4800033569336,92305,0.0,0.0,0.0
2022-09-08 10:30:00-04:00,69.47689819335938,69.88999938964844,69.47689819335938,69.80999755859375,56550,0.0,0.0,0.0
2022-09-08 11:30:00-04:00,69.80000305175781,69.87000274658203,69.11270141601562,69.28500366210938,71044,0.0,0.0,0.0
2022-09-08 12:30:00-04:00,69.26210021972656,69.87000274658203,69.26210021972656,69.83999633789062,40244,0.0,0.0,0.0
2022-09-08 13:30:00-04:00,69.83000183105469,69.91999816894531,69.68499755859375,69.87789916992188,72837,0.0,0.0,0.0
2022-09-08 14:30:00-04:00,69.94000244140625,69.95500183105469,69.58000183105469,69.7500991821289,61810,0.0,0.0,0.0
2022-09-08 15:30:00-04:00,69.78009796142578,69.93000030517578,69.63089752197266,69.93000030517578,30704,0.0,0.0,0.0
2022-09-09 09:30:00-04:00,70.37000274658203,70.65499877929688,70.24530029296875,70.63099670410156,140486,0.0,0.0,0.0
2022-09-09 10:30:00-04:00,70.63999938964844,70.75,70.56999969482422,70.625,17907,0.0,0.0,0.0
2022-09-09 11:30:00-04:00,70.5999984741211,70.70999908447266,70.50849914550781,70.59989929199219,40905,0.0,0.0,0.0
2022-09-09 12:30:00-04:00,70.55999755859375,70.79029846191406,70.55999755859375,70.7760009765625,62029,0.0,0.0,0.0
2022-09-09 13:30:00-04:00,70.80999755859375,70.88999938964844,70.76000213623047,70.87999725341797,35845,0.0,0.0,0.0
2022-09-09 14:30:00-04:00,70.88200378417969,70.97000122070312,70.83000183105469,70.93499755859375,72253,0.0,0.0,0.0
2022-09-09 15:30:00-04:00,70.93000030517578,70.97000122070312,70.80999755859375,70.81999969482422,182763,0.0,0.0,0.0
2022-09-12 09:30:00-04:00,71.26000213623047,71.66999816894531,71.14070129394531,71.65899658203125,91813,0.0,0.0,0.0
2022-09-12 10:30:00-04:00,71.6010971069336,71.6229019165039,71.44000244140625,71.54000091552734,96908,0.0,0.0,0.0
2022-09-12 11:30:00-04:00,71.56420135498047,71.56420135498047,71.19000244140625,71.27999877929688,29785,0.0,0.0,0.0
2022-09-12 12:30:00-04:00,71.29000091552734,71.44999694824219,71.25,71.43000030517578,45996,0.0,0.0,0.0
2022-09-12 13:30:00-04:00,71.48500061035156,71.48500061035156,71.30010223388672,71.30010223388672,74984,0.0,0.0,0.0
2022-09-12 14:30:00-04:00,71.3010025024414,71.44170379638672,71.26000213623047,71.32009887695312,49289,0.0,0.0,0.0
2022-09-12 15:30:00-04:00,71.30809783935547,71.45999908447266,71.26010131835938,71.45999908447266,31011,0.0,0.0,0.0
2022-09-13 09:30:00-04:00,70.20999908447266,70.41169738769531,70.04000091552734,70.09500122070312,0,0.0,0.0,0.0
2022-09-13 10:30:00-04:00,70.08000183105469,70.09120178222656,69.7699966430664,69.81999969482422,60124,0.0,0.0,0.0
2022-09-13 11:30:00-04:00,69.83000183105469,69.94999694824219,69.7300033569336,69.79019927978516,60687,0.0,0.0,0.0
2022-09-13 12:30:00-04:00,69.77999877929688,69.97000122070312,69.7300033569336,69.96279907226562,63637,0.0,0.0,0.0
2022-09-13 13:30:00-04:00,69.97000122070312,70.0,69.62999725341797,69.62999725341797,82920,0.0,0.0,0.0
2022-09-13 14:30:00-04:00,69.6500015258789,69.6500015258789,69.11000061035156,69.11000061035156,86726,0.0,0.0,0.0
2022-09-13 15:30:00-04:00,69.08110046386719,69.08999633789062,68.72000122070312,68.94000244140625,61327,0.0,0.0,0.0
2022-09-14 09:30:00-04:00,69.1500015258789,69.25440216064453,68.70999908447266,68.7249984741211,58632,0.0,0.0,0.0
2022-09-14 10:30:00-04:00,68.68000030517578,69.30999755859375,68.6719970703125,69.08999633789062,37748,0.0,0.0,0.0
2022-09-14 11:30:00-04:00,69.08499908447266,69.18789672851562,69.0,69.0199966430664,40657,0.0,0.0,0.0
2022-09-14 12:30:00-04:00,69.05000305175781,69.27300262451172,68.99459838867188,69.18550109863281,17569,0.0,0.0,0.0
2022-09-14 13:30:00-04:00,69.2300033569336,69.2300033569336,68.80000305175781,68.9000015258789,58810,0.0,0.0,0.0
2022-09-14 14:30:00-04:00,68.91899871826172,69.0,68.59500122070312,68.69509887695312,51650,0.0,0.0,0.0
2022-09-14 15:30:00-04:00,68.69000244140625,69.0999984741211,68.55339813232422,69.08000183105469,68197,0.0,0.0,0.0
2022-09-15 09:30:00-04:00,68.9000015258789,69.37000274658203,68.79450225830078,69.01000213623047,78748,0.0,0.0,0.0
2022-09-15 10:30:00-04:00,68.98370361328125,69.10919952392578,68.76000213623047,69.0,87548,0.0,0.0,0.0
2022-09-15 11:30:00-04:00,69.01020050048828,69.02999877929688,68.63999938964844,68.69999694824219,74739,0.0,0.0,0.0
2022-09-15 12:30:00-04:00,68.69999694824219,69.29000091552734,68.69999694824219,69.22039794921875,90518,0.0,0.0,0.0
2022-09-15 13:30:00-04:00,69.22000122070312,69.23639678955078,68.81999969482422,68.98999786376953,586513,0.0,0.0,0.0
2022-09-15 14:30:00-04:00,69.04000091552734,69.04000091552734,68.44999694824219,68.44999694824219,179804,0.0,0.0,0.0
2022-09-15 15:30:00-04:00,68.51000213623047,68.70500183105469,68.4530029296875,68.62000274658203,68126,0.0,0.0,0.0
2022-09-16 09:30:00-04:00,68.01000213623047,68.13999938964844,67.68000030517578,68.01000213623047,116995,0.0,0.0,0.0
2022-09-16 10:30:00-04:00,68.0199966430664,68.19999694824219,67.86000061035156,67.87590026855469,52885,0.0,0.0,0.0
2022-09-16 11:30:00-04:00,67.87000274658203,67.91000366210938,67.62789916992188,67.63919830322266,65371,0.0,0.0,0.0
2022-09-16 12:30:00-04:00,67.62999725341797,67.7699966430664,67.58000183105469,67.68000030517578,62970,0.0,0.0,0.0
2022-09-16 13:30:00-04:00,67.68000030517578,67.91000366210938,67.62000274658203,67.87000274658203,85683,0.0,0.0,0.0
2022-09-16 14:30:00-04:00,67.8499984741211,68.13999938964844,67.80999755859375,67.947998046875,77353,0.0,0.0,0.0
2022-09-16 15:30:00-04:00,67.94000244140625,68.1500015258789,67.86000061035156,68.0999984741211,36807,0.0,0.0,0.0
2022-09-19 09:30:00-04:00,67.48999786376953,68.16000366210938,67.45010375976562,68.16000366210938,115607,0.0,0.0,0.0
2022-09-19 10:30:00-04:00,68.13469696044922,68.3114013671875,68.0199966430664,68.02999877929688,66324,0.0,0.0,0.0
2022-09-19 11:30:00-04:00,67.9800033569336,68.04989624023438,67.8550033569336,67.90950012207031,38256,0.0,0.0,0.0
2022-09-19 12:30:00-04:00,67.91999816894531,68.17500305175781,67.91999816894531,68.13999938964844,41621,0.0,0.0,0.0
2022-09-19 13:30:00-04:00,68.1500015258789,68.1500015258789,67.94000244140625,68.00499725341797,75016,0.0,0.0,0.0
2022-09-19 14:30:00-04:00,68.02439880371094,68.4801025390625,67.99500274658203,68.43000030517578,82232,0.0,0.0,0.0
2022-09-19 15:30:00-04:00,68.45999908447266,68.55000305175781,68.38500213623047,68.5199966430664,35673,0.0,0.0,0.0
2022-09-20 09:30:00-04:00,67.98999786376953,67.98999786376953,67.51609802246094,67.58000183105469,84979,0.0,0.0,0.0
2022-09-20 10:30:00-04:00,67.56340026855469,67.75399780273438,67.45999908447266,67.61540222167969,35574,0.0,0.0,0.0
2022-09-20 11:30:00-04:00,67.61419677734375,67.8499984741211,67.58999633789062,67.65599822998047,51042,0.0,0.0,0.0
2022-09-20 12:30:00-04:00,67.63999938964844,67.63999938964844,67.37999725341797,67.37999725341797,83649,0.0,0.0,0.0
2022-09-20 13:30:00-04:00,67.36100006103516,67.4800033569336,67.21009826660156,67.44000244140625,122629,0.0,0.0,0.0
2022-09-20 14:30:00-04:00,67.43000030517578,67.68499755859375,67.25,67.68000030517578,78309,0.0,0.0,0.0
2022-09-20 15:30:00-04:00,67.62000274658203,67.87979888916016,67.55999755859375,67.63999938964844,42251,0.0,0.0,0.0
2022-09-21 09:30:00-04:00,68.08999633789062,68.25,67.92500305175781,68.24500274658203,81479,0.0,0.0,0.0
2022-09-21 10:30:00-04:00,68.2300033569336,68.2300033569336,67.97010040283203,68.02839660644531,45853,0.0,0.0,0.0
2022-09-21 11:30:00-04:00,68.03900146484375,68.10900115966797,68.0000991821289,68.06739807128906,35056,0.0,0.0,0.0
2022-09-21 12:30:00-04:00,68.06999969482422,68.11109924316406,67.90750122070312,67.93920135498047,27732,0.0,0.0,0.0
2022-09-21 13:30:00-04:00,67.96900177001953,68.0999984741211,67.11000061035156,67.30999755859375,46313,0.0,0.0,0.0
2022-09-21 14:30:00-04:00,67.29000091552734,68.31999969482422,67.20999908447266,67.2300033569336,89043,0.0,0.0,0.0
2022-09-21 15:30:00-04:00,67.1500015258789,67.25,66.54000091552734,66.54000091552734,53453,0.0,0.0,0.0
2022-09-22 09:30:00-04:00,66.6500015258789,66.6500015258789,66.0199966430664,66.30000305175781,0,0.0,0.0,0.0
2022-09-22 10:30:00-04:00,66.31999969482422,66.37999725341797,66.02210235595703,66.08000183105469,72242,0.0,0.0,0.0
2022-09-22 11:30:00-04:00,66.13249969482422,66.33999633789062,66.06999969482422,66.26000213623047,127341,0.0,0.0,0.0
2022-09-22 12:30:00-04:00,66.20999908447266,66.33499908447266,66.05000305175781,66.19999694824219,104372,0.0,0.0,0.0
2022-09-22 13:30:00-04:00,66.22859954833984,66.31490325927734,66.02999877929688,66.1260986328125,83826,0.0,0.0,0.0
2022-09-22 14:30:00-04:00,66.09770202636719,66.4749984741211,66.052001953125,66.29530334472656,204507,0.0,0.0,0.0
2022-09-22 15:30:00-04:00,66.31999969482422,66.50469970703125,65.98999786376953,66.0,92823,0.0,0.0,0.0
2022-09-23 09:30:00-04:00,65.44000244140625,65.44000244140625,64.80000305175781,64.92500305175781,211284,0.0,0.0,0.0
2022-09-23 10:30:00-04:00,64.8949966430664,64.91000366210938,64.6500015258789,64.72000122070312,106334,0.0,0.0,0.0
2022-09-23 11:30:00-04:00,64.76000213623047,64.79000091552734,64.26000213623047,64.26000213623047,164196,0.0,0.0,0.0
2022-09-23 12:30:00-04:00,64.23500061035156,64.60990142822266,64.21209716796875,64.4000015258789,74688,0.0,0.0,0.0
2022-09-23 13:30:00-04:00,64.41889953613281,64.54000091552734,64.1500015258789,64.2699966430664,93371,0.0,0.0,0.0
2022-09-23 14:30:00-04:00,64.24829864501953,64.54000091552734,64.0000991821289,64.5,249916,0.0,0.0,0.0
2022-09-23 15:30:00-04:00,64.58000183105469,64.80000305175781,64.4896011352539,64.80000305175781,52361,0.0,0.0,0.0
2022-09-26 09:30:00-04:00,64.01000213623047,64.4000015258789,63.9552001953125,64.30999755859375,169128,0.0,0.0,0.0
2022-09-26 10:30:00-04:00,64.31549835205078,64.31549835205078,63.79999923706055,63.81999969482422,0,0.0,0.0,0.0
2022-09-26 11:30:00-04:00,63.81999969482422,63.927101135253906,63.529998779296875,63.56999969482422,302235,0.0,0.0,0.0
2022-09-26 12:30:00-04:00,63.53499984741211,63.689998626708984,63.220001220703125,63.25,71593,0.0,0.0,0.0
2022-09-26 13:30:00-04:00,63.279998779296875,63.54999923706055,63.2599983215332,63.33000183105469,285504,0.0,0.0,0.0
2022-09-26 14:30:00-04:00,63.31999969482422,63.720001220703125,63.29999923706055,63.584800720214844,360626,0.0,0.0,0.0
2022-09-26 15:30:00-04:00,63.503299713134766,63.88999938964844,63.43000030517578,63.439998626708984,80896,0.0,0.0,0.0
2022-09-27 09:30:00-04:00,64.05000305175781,64.33000183105469,63.64580154418945,63.84000015258789,118112,0.0,0.0,0.0
2022-09-27 10:30:00-04:00,63.84000015258789,64.13999938964844,63.45669937133789,63.4900016784668,71227,0.0,0.0,0.0
2022-09-27 11:30:00-04:00,63.52000045776367,63.630001068115234,62.904998779296875,63.03499984741211,202044,0.0,0.0,0.0
2022-09-27 12:30:00-04:00,63.024898529052734,63.14680099487305,62.91999816894531,62.95000076293945,94398,0.0,0.0,0.0
2022-09-27 13:30:00-04:00,62.970001220703125,63.04999923706055,62.79100036621094,62.95000076293945,96502,0.0,0.0,0.0
2022-09-27 14:30:00-04:00,63.0,63.36000061035156,62.939998626708984,63.150001525878906,478447,0.0,0.0,0.0
2022-09-27 15:30:00-04:00,63.15010070800781,63.2599983215332,62.970001220703125,63.150001525878906,91463,0.0,0.0,0.0
2022-09-28 09:30:00-04:00,63.56999969482422,63.804500579833984,63.26430130004883,63.77000045776367,99327,0.0,0.0,0.0
2022-09-28 10:30:00-04:00,63.779998779296875,64.11000061035156,63.779998779296875,64.06439971923828,88983,0.0,0.0,0.0
2022-09-28 11:30:00-04:00,64.0,64.36000061035156,63.88399887084961,64.20999908447266,240170,0.0,0.0,0.0
2022-09-28 12:30:00-04:00,64.20999908447266,64.44999694824219,64.18000030517578,64.31999969482422,163065,0.0,0.0,0.0
2022-09-28 13:30:00-04:00,64.30000305175781,64.36000061035156,64.16999816894531,64.2300033569336,83941,0.0,0.0,0.0
2022-09-28 14:30:00-04:00,64.23999786376953,64.58000183105469,64.23999786376953,64.52999877929688,283383,0.0,0.0,0.0
2022-09-28 15:30:00-04:00,64.58999633789062,64.7468032836914,64.43000030517578,64.44000244140625,141040,0.0,0.0,0.0
2022-09-29 09:30:00-04:00,64.01000213623047,64.05999755859375,63.069000244140625,63.173099517822266,0,0.0,0.0,0.0
2022-09-29 10:30:00-04:00,63.22999954223633,63.636600494384766,63.09000015258789,63.38209915161133,108930,0.0,0.0,0.0
2022-09-29 11:30:00-04:00,63.404998779296875,63.75,63.400001525878906,63.4900016784668,128534,0.0,0.0,0.0
2022-09-29 12:30:00-04:00,63.51430130004883,63.56589889526367,63.22330093383789,63.29899978637695,63657,0.0,0.0,0.0
2022-09-29 13:30:00-04:00,63.244998931884766,63.3650016784668,63.00199890136719,63.150001525878906,99828,0.0,0.0,0.0
2022-09-29 14:30:00-04:00,63.16999816894531,63.31999969482422,63.040000915527344,63.2400016784668,203858,0.0,0.0,0.0
2022-09-29 15:30:00-04:00,63.198699951171875,63.5099983215332,63.198699951171875,63.41999816894531,126106,0.0,0.0,0.0
2022-09-30 09:30:00-04:00,63.40999984741211,63.529998779296875,63.0,63.29999923706055,0,0.0,0.0,0.0
2022-09-30 10:30:00-04:00,63.391998291015625,63.81840133666992,63.39099884033203,63.79499816894531,92615,0.0,0.0,0.0
2022-09-30 11:30:00-04:00,63.750999450683594,63.79819869995117,63.25,63.30849838256836,84027,0.0,0.0,0.0
2022-09-30 12:30:00-04:00,63.34000015258789,63.44049835205078,63.30120086669922,63.41999816894531,96683,0.0,0.0,0.0
2022-09-30 13:30:00-04:00,63.38999938964844,63.41999816894531,63.02119827270508,63.06650161743164,130843,0.0,0.0,0.0
2022-09-30 14:30:00-04:00,63.060001373291016,63.119998931884766,62.79999923706055,62.88999938964844,134228,0.0,0.0,0.0
2022-09-30 15:30:00-04:00,63.029998779296875,63.08000183105469,62.54999923706055,62.619998931884766,194158,0.0,0.0,0.0
2022-10-03 09:30:00-04:00,63.369998931884766,64.1050033569336,63.10499954223633,64.0199966430664,146540,0.0,0.0,0.0
2022-10-03 10:30:00-04:00,64.05500030517578,64.20999908447266,63.900001525878906,64.08380126953125,207166,0.0,0.0,0.0
2022-10-03 11:30:00-04:00,64.12000274658203,64.12999725341797,63.90999984741211,63.90999984741211,89865,0.0,0.0,0.0
2022-10-03 12:30:00-04:00,63.900001525878906,64.20999908447266,63.869998931884766,64.16000366210938,142119,0.0,0.0,0.0
2022-10-03 13:30:00-04:00,64.18000030517578,64.47000122070312,64.18000030517578,64.47000122070312,101074,0.0,0.0,0.0
2022-10-03 14:30:00-04:00,64.46499633789062,64.63999938964844,64.43000030517578,64.54170227050781,326260,0.0,0.0,0.0
2022-10-03 15:30:00-04:00,64.53500366210938,64.56999969482422,64.25,64.31999969482422,99120,0.0,0.0,0.0
2022-10-04 09:30:00-04:00,65.22000122070312,66.0011978149414,65.16000366210938,65.8499984741211,172904,0.0,0.0,0.0
2022-10-04 10:30:00-04:00,65.83999633789062,66.05999755859375,65.73999786376953,66.05000305175781,59194,0.0,0.0,0.0
2022-10-04 11:30:00-04:00,66.05000305175781,66.12999725341797,65.91999816894531,66.06999969482422,62633,0.0,0.0,0.0
2022-10-04 12:30:00-04:00,66.11000061035156,66.13999938964844,65.6500015258789,65.84400177001953,189901,0.0,0.0,0.0
2022-10-04 13:30:00-04:00,65.83999633789062,66.02999877929688,65.80000305175781,65.87000274658203,83352,0.0,0.0,0.0
2022-10-04 14:30:00-04:00,65.83999633789062,66.12000274658203,65.83999633789062,66.0199966430664,225678,0.0,0.0,0.0
2022-10-04 15:30:00-04:00,66.0199966430664,66.2699966430664,65.94999694824219,66.2699966430664,132691,0.0,0.0,0.0
2022-10-05 09:30:00-04:00,65.66999816894531,65.91500091552734,65.30000305175781,65.33999633789062,291807,0.0,0.0,0.0
2022-10-05 10:30:00-04:00,65.30690002441406,65.52999877929688,65.2300033569336,65.4800033569336,60027,0.0,0.0,0.0
2022-10-05 11:30:00-04:00,65.48999786376953,65.85320281982422,65.41529846191406,65.76000213623047,89401,0.0,0.0,0.0
2022-10-05 12:30:00-04:00,65.75,66.22799682617188,65.7300033569336,66.0999984741211,105943,0.0,0.0,0.0
2022-10-05 13:30:00-04:00,66.08999633789062,66.16000366210938,65.95099639892578,66.125,99663,0.0,0.0,0.0
2022-10-05 14:30:00-04:00,66.13749694824219,66.44999694824219,66.04000091552734,66.36000061035156,144153,0.0,0.0,0.0
2022-10-05 15:30:00-04:00,66.33000183105469,66.37999725341797,65.97000122070312,65.98999786376953,72909,0.0,0.0,0.0
2022-10-06 09:30:00-04:00,65.88999938964844,66.17169952392578,65.41999816894531,65.4800033569336,122210,0.0,0.0,0.0
2022-10-06 10:30:00-04:00,65.36000061035156,65.80000305175781,65.33000183105469,65.7583999633789,87567,0.0,0.0,0.0
2022-10-06 11:30:00-04:00,65.70999908447266,65.77999877929688,65.36730194091797,65.58000183105469,53231,0.0,0.0,0.0
2022-10-06 12:30:00-04:00,65.5885009765625,65.72260284423828,65.51000213623047,65.5978012084961,66029,0.0,0.0,0.0
2022-10-06 13:30:00-04:00,65.5999984741211,65.5999984741211,65.33979797363281,65.4000015258789,88590,0.0,0.0,0.0
2022-10-06 14:30:00-04:00,65.3844985961914,65.45999908447266,65.1406021118164,65.36499786376953,131129,0.0,0.0,0.0
2022-10-06 15:30:00-04:00,65.39459991455078,65.40270233154297,65.19999694824219,65.22000122070312,0,0.0,0.0,0.0
2022-10-07 09:30:00-04:00,64.69999694824219,64.81999969482422,64.06999969482422,64.36360168457031,152825,0.0,0.0,0.0
2022-10-07 10:30:00-04:00,64.37999725341797,64.54000091552734,64.26000213623047,64.36000061035156,65888,0.0,0.0,0.0
2022-10-07 11:30:00-04:00,64.37000274658203,64.38999938964844,64.1500015258789,64.18000030517578,74193,0.0,0.0,0.0
2022-10-07 12:30:00-04:00,64.14299774169922,64.1500015258789,63.974998474121094,64.13980102539062,49086,0.0,0.0,0.0
2022-10-07 13:30:00-04:00,64.06999969482422,64.18000030517578,63.900001525878906,63.90999984741211,152862,0.0,0.0,0.0
2022-10-07 14:30:00-04:00,63.900001525878906,64.01000213623047,63.67499923706055,63.67499923706055,141474,0.0,0.0,0.0
2022-10-07 15:30:00-04:00,63.65999984741211,63.970001220703125,63.59000015258789,63.93000030517578,749751,0.0,0.0,0.0
2022-10-10 09:30:00-04:00,64.0999984741211,64.30999755859375,63.86000061035156,64.06999969482422,59004,0.0,0.0,0.0
2022-10-10 10:30:00-04:00,64.05000305175781,64.12000274658203,63.56999969482422,63.72999954223633,316206,0.0,0.0,0.0
2022-10-10 11:30:00-04:00,63.68579864501953,63.84049987792969,63.47999954223633,63.47999954223633,75567,0.0,0.0,0.0
2022-10-10 12:30:00-04:00,63.44710159301758,63.5099983215332,63.30419921875,63.42499923706055,45200,0.0,0.0,0.0
2022-10-10 13:30:00-04:00,63.45000076293945,63.93000030517578,63.45000076293945,63.68000030517578,85278,0.0,0.0,0.0
2022-10-10 14:30:00-04:00,63.650001525878906,63.88999938964844,63.61589813232422,63.69900131225586,122743,0.0,0.0,0.0
2022-10-10 15:30:00-04:00,63.689998626708984,63.83000183105469,63.61000061035156,63.630001068115234,78587,0.0,0.0,0.0
2022-10-11 09:30:00-04:00,63.40999984741211,63.40999984741211,63.099998474121094,63.2400016784668,101651,0.0,0.0,0.0
2022-10-11 10:30:00-04:00,63.2400016784668,63.720001220703125,63.18000030517578,63.67399978637695,71679,0.0,0.0,0.0
2022-10-11 11:30:00-04:00,63.720001220703125,64.06999969482422,63.70000076293945,64.02079772949219,75320,0.0,0.0,0.0
2022-10-11 12:30:00-04:00,64.05999755859375,64.25309753417969,64.05999755859375,64.07820129394531,78812,0.0,0.0,0.0
2022-10-11 13:30:00-04:00,64.1050033569336,64.19999694824219,64.0199966430664,64.11000061035156,72414,0.0,0.0,0.0
2022-10-11 14:30:00-04:00,64.11000061035156,64.19999694824219,63.209999084472656,63.41999816894531,289842,0.0,0.0,0.0
2022-10-11 15:30:00-04:00,63.41999816894531,63.584999084472656,63.314998626708984,63.5,216038,0.0,0.0,0.0
2022-10-12 09:30:00-04:00,63.529998779296875,63.709999084472656,63.209999084472656,63.576698303222656,153861,0.0,0.0,0.0
2022-10-12 10:30:00-04:00,63.56999969482422,63.72999954223633,63.45500183105469,63.630001068115234,45317,0.0,0.0,0.0
2022-10-12 11:30:00-04:00,63.650001525878906,63.81999969482422,63.55099868774414,63.599998474121094,416449,0.0,0.0,0.0
2022-10-12 12:30:00-04:00,63.59000015258789,63.63999938964844,63.47010040283203,63.560001373291016,237567,0.0,0.0,0.0
2022-10-12 13:30:00-04:00,63.54999923706055,63.65999984741211,63.369998931884766,63.650001525878906,248052,0.0,0.0,0.0
2022-10-12 14:30:00-04:00,63.650001525878906,63.689998626708984,63.369998931884766,63.41999816894531,590181,0.0,0.0,0.0
2022-10-12 15:30:00-04:00,63.400001525878906,63.52000045776367,63.189998626708984,63.189998626708984,131549,0.0,0.0,0.0
2022-10-13 09:30:00-04:00,62.189998626708984,63.02299880981445,62.04999923706055,62.70000076293945,136234,0.0,0.0,0.0
2022-10-13 10:30:00-04:00,62.81999969482422,64.2074966430664,62.68000030517578,63.91999816894531,259078,0.0,0.0,0.0
2022-10-13 11:30:00-04:00,63.997798919677734,64.67739868164062,63.95000076293945,64.18499755859375,66654,0.0,0.0,0.0
2022-10-13 12:30:00-04:00,64.18340301513672,64.87899780273438,64.16999816894531,64.80889892578125,57722,0.0,0.0,0.0
2022-10-13 13:30:00-04:00,64.83999633789062,64.9489974975586,64.66999816894531,64.7074966430664,92364,0.0,0.0,0.0
2022-10-13 14:30:00-04:00,64.75,65.16999816894531,64.73650360107422,64.95999908447266,209855,0.0,0.0,0.0
2022-10-13 15:30:00-04:00,64.96499633789062,65.08999633789062,64.80000305175781,64.93000030517578,75630,0.0,0.0,0.0
2022-10-14 09:30:00-04:00,65.3499984741211,65.70999908447266,64.19490051269531,64.42749786376953,78368,0.0,0.0,0.0
2022-10-14 10:30:00-04:00,64.40010070800781,64.6500015258789,64.1854019165039,64.45379638671875,66273,0.0,0.0,0.0
2022-10-14 11:30:00-04:00,64.44000244140625,64.44000244140625,63.91999816894531,64.0813980102539,89292,0.0,0.0,0.0
2022-10-14 12:30:00-04:00,64.08000183105469,64.29000091552734,63.93000030517578,64.06500244140625,49535,0.0,0.0,0.0
2022-10-14 13:30:00-04:00,64.05000305175781,64.16629791259766,63.810001373291016,63.85530090332031,113890,0.0,0.0,0.0
2022-10-14 14:30:00-04:00,63.88990020751953,64.0,63.733299255371094,63.99369812011719,571776,0.0,0.0,0.0
2022-10-14 15:30:00-04:00,63.939998626708984,64.0999984741211,63.72999954223633,63.81999969482422,68556,0.0,0.0,0.0
2022-10-17 09:30:00-04:00,64.83889770507812,65.33999633789062,64.81999969482422,65.08999633789062,142026,0.0,0.0,0.0
2022-10-17 10:30:00-04:00,65.12000274658203,65.12999725341797,64.77999877929688,65.07530212402344,256599,0.0,0.0,0.0
2022-10-17 11:30:00-04:00,65.05000305175781,65.2300033569336,65.0199966430664,65.12000274658203,151004,0.0,0.0,0.0
2022-10-17 12:30:00-04:00,65.11000061035156,65.19000244140625,64.94499969482422,65.125,150429,0.0,0.0,0.0
2022-10-17 13:30:00-04:00,65.12999725341797,65.23999786376953,64.94000244140625,64.9749984741211,311982,0.0,0.0,0.0
2022-10-17 14:30:00-04:00,65.01000213623047,65.08999633789062,64.94000244140625,65.05000305175781,713406,0.0,0.0,0.0
2022-10-17 15:30:00-04:00,65.05000305175781,65.16999816894531,64.9800033569336,65.04000091552734,56118,0.0,0.0,0.0
2022-10-18 09:30:00-04:00,66.1500015258789,66.37999725341797,65.91000366210938,65.92120361328125,124150,0.0,0.0,0.0
2022-10-18 10:30:00-04:00,65.89620208740234,65.97000122070312,65.37000274658203,65.44000244140625,64352,0.0,0.0,0.0
2022-10-18 11:30:00-04:00,65.45999908447266,65.75,65.29000091552734,65.62989807128906,123616,0.0,0.0,0.0
2022-10-18 12:30:00-04:00,65.61360168457031,65.88999938964844,65.55999755859375,65.88999938964844,72274,0.0,0.0,0.0
2022-10-18 13:30:00-04:00,65.87799835205078,66.04000091552734,65.83999633789062,65.94000244140625,94456,0.0,0.0,0.0
2022-10-18 14:30:00-04:00,65.95999908447266,65.96980285644531,65.48999786376953,65.66999816894531,114329,0.0,0.0,0.0
2022-10-18 15:30:00-04:00,65.6500015258789,65.91000366210938,65.6500015258789,65.91000366210938,72075,0.0,0.0,0.0
2022-10-19 09:30:00-04:00,65.66000366210938,65.98999786376953,65.43329620361328,65.98999786376953,115785,0.0,0.0,0.0
2022-10-19 10:30:00-04:00,65.98999786376953,66.0,65.63130187988281,65.66000366210938,76591,0.0,0.0,0.0
2022-10-19 11:30:00-04:00,65.61000061035156,65.75,65.38999938964844,65.38999938964844,44254,0.0,0.0,0.0
2022-10-19 12:30:00-04:00,65.41999816894531,65.49330139160156,65.0,65.18000030517578,92726,0.0,0.0,0.0
2022-10-19 13:30:00-04:00,65.16000366210938,65.47000122070312,65.12000274658203,65.4000015258789,95483,0.0,0.0,0.0
2022-10-19 14:30:00-04:00,65.38999938964844,65.51000213623047,65.2699966430664,65.3656997680664,131692,0.0,0.0,0.0
2022-10-19 15:30:00-04:00,65.37000274658203,65.47000122070312,65.30000305175781,65.47000122070312,81164,0.0,0.0,0.0
2022-10-20 09:30:00-04:00,65.55000305175781,66.027099609375,65.32160186767578,65.94999694824219,139421,0.0,0.0,0.0
2022-10-20 10:30:00-04:00,65.9000015258789,65.9000015258789,65.52999877929688,65.52999877929688,78801,0.0,0.0,0.0
2022-10-20 11:30:00-04:00,65.58000183105469,65.73999786376953,65.20999908447266,65.26000213623047,42604,0.0,0.0,0.0
2022-10-20 12:30:00-04:00,65.22000122070312,65.2699966430664,64.94999694824219,65.11000061035156,109324,0.0,0.0,0.0
2022-10-20 13:30:00-04:00,65.08999633789062,65.11499786376953,64.74669647216797,64.7699966430664,117132,0.0,0.0,0.0
2022-10-20 14:30:00-04:00,64.7300033569336,65.05000305175781,64.7300033569336,64.7699966430664,116760,0.0,0.0,0.0
2022-10-20 15:30:00-04:00,64.81500244140625,65.04000091552734,64.73570251464844,64.8499984741211,150414,0.0,0.0,0.0
2022-10-21 09:30:00-04:00,64.93000030517578,65.76499938964844,64.66999816894531,65.30000305175781,212664,0.0,0.0,0.0
2022-10-21 10:30:00-04:00,65.33999633789062,65.42990112304688,65.06999969482422,65.37999725341797,44155,0.0,0.0,0.0
2022-10-21 11:30:00-04:00,65.4800033569336,65.87000274658203,65.36000061035156,65.5999984741211,116261,0.0,0.0,0.0
2022-10-21 12:30:00-04:00,65.62999725341797,66.06999969482422,65.5999984741211,65.9800033569336,57502,0.0,0.0,0.0
2022-10-21 13:30:00-04:00,65.97000122070312,66.23999786376953,65.94999694824219,66.11499786376953,122117,0.0,0.0,0.0
2022-10-21 14:30:00-04:00,66.14009857177734,66.44000244140625,66.06999969482422,66.43000030517578,124249,0.0,0.0,0.0
2022-10-21 15:30:00-04:00,66.42970275878906,66.44999694824219,66.29000091552734,66.33999633789062,98652,0.0,0.0,0.0
2022-10-24 09:30:00-04:00,66.75,67.30000305175781,66.47000122070312,66.69000244140625,107209,0.0,0.0,0.0
2022-10-24 10:30:00-04:00,66.66999816894531,66.94999694824219,66.62999725341797,66.9000015258789,399258,0.0,0.0,0.0
2022-10-24 11:30:00-04:00,66.9000015258789,67.1592025756836,66.83999633789062,67.11000061035156,92645,0.0,0.0,0.0
2022-10-24 12:30:00-04:00,67.11000061035156,67.12000274658203,66.8499984741211,66.93000030517578,79690,0.0,0.0,0.0
2022-10-24 13:30:00-04:00,66.91000366210938,67.06610107421875,66.87000274658203,67.05000305175781,203956,0.0,0.0,0.0
2022-10-24 14:30:00-04:00,67.05000305175781,67.30989837646484,67.04000091552734,67.2500991821289,214094,0.0,0.0,0.0
2022-10-24 15:30:00-04:00,67.25039672851562,67.26499938964844,67.0199966430664,67.13999938964844,74474,0.0,0.0,0.0
2022-10-25 09:30:00-04:00,67.13999938964844,67.652099609375,67.0199966430664,67.652099609375,183883,0.0,0.0,0.0
2022-10-25 10:30:00-04:00,67.66000366210938,67.76000213623047,67.5447998046875,67.73999786376953,57051,0.0,0.0,0.0
2022-10-25 11:30:00-04:00,67.7300033569336,67.86360168457031,67.68990325927734,67.76000213623047,75743,0.0,0.0,0.0
2022-10-25 12:30:00-04:00,67.7699966430664,67.80999755859375,67.66000366210938,67.70999908447266,68349,0.0,0.0,0.0
2022-10-25 13:30:00-04:00,67.7300033569336,67.88999938964844,67.66000366210938,67.86000061035156,265806,0.0,0.0,0.0
2022-10-25 14:30:00-04:00,67.8499984741211,67.9800033569336,67.7699966430664,67.95999908447266,137644,0.0,0.0,0.0
2022-10-25 15:30:00-04:00,67.9800033569336,68.05000305175781,67.94499969482422,68.01000213623047,118267,0.0,0.0,0.0
2022-10-26 09:30:00-04:00,68.1500015258789,68.7228012084961,68.12000274658203,68.7228012084961,0,0.0,0.0,0.0
2022-10-26 10:30:00-04:00,68.70999908447266,68.97000122070312,68.55979919433594,68.91059875488281,141343,0.0,0.0,0.0
2022-10-26 11:30:00-04:00,68.88300323486328,68.9800033569336,68.83000183105469,68.86969757080078,71621,0.0,0.0,0.0
2022-10-26 12:30:00-04:00,68.85310363769531,68.91999816894531,68.52999877929688,68.55000305175781,91764,0.0,0.0,0.0
2022-10-26 13:30:00-04:00,68.5199966430664,68.68000030517578,68.45999908447266,68.45999908447266,78115,0.0,0.0,0.0
2022-10-26 14:30:00-04:00,68.44999694824219,68.52999877929688,68.2394027709961,68.37999725341797,79405,0.0,0.0,0.0
2022-10-26 15:30:00-04:00,68.37590026855469,68.52999877929688,68.30999755859375,68.33999633789062,48687,0.0,0.0,0.0
2022-10-27 09:30:00-04:00,68.80000305175781,69.2699966430664,68.69000244140625,69.25,231067,0.0,0.0,0.0
2022-10-27 10:30:00-04:00,69.2699966430664,69.30999755859375,68.9000015258789,68.98500061035156,94755,0.0,0.0,0.0
2022-10-27 11:30:00-04:00,68.94000244140625,69.04000091552734,68.73999786376953,68.73999786376953,56506,0.0,0.0,0.0
2022-10-27 12:30:00-04:00,68.7300033569336,69.11000061035156,68.7300033569336,68.97000122070312,69187,0.0,0.0,0.0
2022-10-27 13:30:00-04:00,68.94280242919922,68.95999908447266,68.7251968383789,68.80999755859375,231215,0.0,0.0,0.0
2022-10-27 14:30:00-04:00,68.79000091552734,68.81990051269531,68.57599639892578,68.72000122070312,76003,0.0,0.0,0.0
2022-10-27 15:30:00-04:00,68.66079711914062,68.80999755859375,68.48999786376953,68.58999633789062,57526,0.0,0.0,0.0
2022-10-28 09:30:00-04:00,68.83000183105469,69.37999725341797,68.77980041503906,69.32499694824219,374354,0.0,0.0,0.0
2022-10-28 10:30:00-04:00,69.4124984741211,69.55999755859375,69.29000091552734,69.44999694824219,68538,0.0,0.0,0.0
2022-10-28 11:30:00-04:00,69.46499633789062,69.75,69.4000015258789,69.72530364990234,54168,0.0,0.0,0.0
2022-10-28 12:30:00-04:00,69.77410125732422,69.86000061035156,69.69819641113281,69.80919647216797,126877,0.0,0.0,0.0
2022-10-28 13:30:00-04:00,69.83000183105469,69.91000366210938,69.77999877929688,69.84140014648438,144976,0.0,0.0,0.0
2022-10-28 14:30:00-04:00,69.8499984741211,70.11000061035156,69.8499984741211,70.05000305175781,87527,0.0,0.0,0.0
2022-10-28 15:30:00-04:00,70.02999877929688,70.0999984741211,70.00270080566406,70.08000183105469,68831,0.0,0.0,0.0
2022-10-31 09:30:00-04:00,69.75,69.9717025756836,69.58999633789062,69.81999969482422,104984,0.0,0.0,0.0
2022-10-31 10:30:00-04:00,69.81999969482422,70.0999984741211,69.8114013671875,70.06169891357422,423119,0.0,0.0,0.0
2022-10-31 11:30:00-04:00,70.0,70.16999816894531,69.83419799804688,69.87000274658203,100787,0.0,0.0,0.0
2022-10-31 12:30:00-04:00,69.8499984741211,69.91000366210938,69.69490051269531,69.91000366210938,68590,0.0,0.0,0.0
2022-10-31 13:30:00-04:00,69.9446029663086,69.97779846191406,69.83999633789062,69.90499877929688,84626,0.0,0.0,0.0
2022-10-31 14:30:00-04:00,69.87989807128906,70.0,69.69999694824219,69.86000061035156,83223,0.0,0.0,0.0
2022-10-31 15:30:00-04:00,69.86000061035156,70.0,69.75,69.7699966430664,230403,0.0,0.0,0.0
2022-11-01 09:30:00-04:00,70.37999725341797,70.37999725341797,69.79000091552734,69.94999694824219,121510,0.0,0.0,0.0
2022-11-01 10:30:00-04:00,69.97000122070312,70.05000305175781,69.55000305175781,69.69000244140625,74741,0.0,0.0,0.0
2022-11-01 11:30:00-04:00,69.73999786376953,70.05000305175781,69.56999969482422,69.86499786376953,60382,0.0,0.0,0.0
2022-11-01 12:30:00-04:00,69.86000061035156,70.01000213623047,69.81999969482422,69.94999694824219,66553,0.0,0.0,0.0
2022-11-01 13:30:00-04:00,69.94000244140625,69.97000122070312,69.87000274658203,69.94000244140625,53158,0.0,0.0,0.0
2022-11-01 14:30:00-04:00,69.94999694824219,70.05000305175781,69.82499694824219,69.91110229492188,147165,0.0,0.0,0.0
2022-11-01 15:30:00-04:00,69.93000030517578,70.02999877929688,69.88999938964844,69.88999938964844,65639,0.0,0.0,0.0
2022-11-02 09:30:00-04:00,69.80999755859375,69.80999755859375,69.48999786376953,69.5,106647,0.0,0.0,0.0
2022-11-02 10:30:00-04:00,69.52999877929688,69.7750015258789,69.5199966430664,69.7249984741211,81618,0.0,0.0,0.0
2022-11-02 11:30:00-04:00,69.76499938964844,69.8550033569336,69.6449966430664,69.6449966430664,52468,0.0,0.0,0.0
2022-11-02 12:30:00-04:00,69.64099884033203,69.74500274658203,69.56999969482422,69.69499969482422,37657,0.0,0.0,0.0
2022-11-02 13:30:00-04:00,69.69000244140625,70.50289916992188,69.68000030517578,70.49649810791016,84850,0.0,0.0,0.0
2022-11-02 14:30:00-04:00,70.56999969482422,70.6500015258789,68.80999755859375,68.9000015258789,155734,0.0,0.0,0.0
2022-11-02 15:30:00-04:00,68.8499984741211,68.95999908447266,68.61000061035156,68.61000061035156,59526,0.0,0.0,0.0
2022-11-03 09:30:00-04:00,68.05000305175781,68.30000305175781,67.70999908447266,68.30000305175781,586772,0.0,0.0,0.0
2022-11-03 10:30:00-04:00,68.2699966430664,68.51000213623047,68.12999725341797,68.36930084228516,153326,0.0,0.0,0.0
2022-11-03 11:30:00-04:00,68.36000061035156,68.66999816894531,68.2157974243164,68.5999984741211,60973,0.0,0.0,0.0
2022-11-03 12:30:00-04:00,68.58000183105469,68.7489013671875,68.45999908447266,68.5999984741211,67468,0.0,0.0,0.0
2022-11-03 13:30:00-04:00,68.5999984741211,68.71890258789062,68.47000122070312,68.7074966430664,78585,0.0,0.0,0.0
2022-11-03 14:30:00-04:00,68.69999694824219,68.7699966430664,68.62000274658203,68.72000122070312,101325,0.0,0.0,0.0
2022-11-03 15:30:00-04:00,68.71829986572266,68.75499725341797,68.34159851074219,68.37999725341797,55213,0.0,0.0,0.0
2022-11-04 09:30:00-04:00,69.2699966430664,69.56999969482422,68.78050231933594,69.56999969482422,122678,0.0,0.0,0.0
2022-11-04 10:30:00-04:00,69.5999984741211,69.74960327148438,69.05000305175781,69.08000183105469,146983,0.0,0.0,0.0
2022-11-04 11:30:00-04:00,69.12860107421875,69.19000244140625,68.3499984741211,68.73999786376953,51974,0.0,0.0,0.0
2022-11-04 12:30:00-04:00,68.66000366210938,68.69999694824219,68.40039825439453,68.55000305175781,37078,0.0,0.0,0.0
2022-11-04 13:30:00-04:00,68.61000061035156,68.73999786376953,68.43000030517578,68.7300033569336,106344,0.0,0.0,0.0
2022-11-04 14:30:00-04:00,68.69999694824219,69.16000366210938,68.69999694824219,69.04989624023438,85416,0.0,0.0,0.0
2022-11-04 15:30:00-04:00,69.0531997680664,69.33999633789062,68.98059844970703,69.30000305175781,53655,0.0,0.0,0.0
2022-11-07 09:30:00-05:00,69.63999938964844,69.66999816894531,69.25,69.43499755859375,156800,0.0,0.0,0.0
2022-11-07 10:30:00-05:00,69.4800033569336,69.61000061035156,69.38999938964844,69.61000061035156,239784,0.0,0.0,0.0
2022-11-07 11:30:00-05:00,69.5999984741211,69.625,69.33000183105469,69.54000091552734,74999,0.0,0.0,0.0
2022-11-07 12:30:00-05:00,69.55500030517578,69.61000061035156,69.41999816894531,69.56999969482422,276922,0.0,0.0,0.0
2022-11-07 13:30:00-05:00,69.55999755859375,69.8595962524414,69.51000213623047,69.84919738769531,81064,0.0,0.0,0.0
2022-11-07 14:30:00-05:00,69.87000274658203,69.97000122070312,69.79989624023438,69.94000244140625,149998,0.0,0.0,0.0
2022-11-07 15:30:00-05:00,69.94999694824219,69.99949645996094,69.80999755859375,69.91000366210938,0,0.0,0.0,0.0
2022-11-08 09:30:00-05:00,69.95999908447266,70.33100128173828,69.75,70.30500030517578,140796,0.0,0.0,0.0
2022-11-08 10:30:00-05:00,70.30000305175781,70.61000061035156,70.30000305175781,70.54000091552734,86683,0.0,0.0,0.0
2022-11-08 11:30:00-05:00,70.55000305175781,70.71209716796875,70.53790283203125,70.58799743652344,54608,0.0,0.0,0.0
2022-11-08 12:30:00-05:00,70.54000091552734,70.69390106201172,70.17500305175781,70.18000030517578,48461,0.0,0.0,0.0
2022-11-08 13:30:00-05:00,70.19000244140625,70.31999969482422,69.68099975585938,69.70999908447266,69215,0.0,0.0,0.0
2022-11-08 14:30:00-05:00,69.68000030517578,70.44000244140625,69.6072006225586,70.42379760742188,125081,0.0,0.0,0.0
2022-11-08 15:30:00-05:00,70.41999816894531,70.5999984741211,70.26000213623047,70.30000305175781,0,0.0,0.0,0.0
2022-11-09 09:30:00-05:00,69.79000091552734,70.13999938964844,69.63999938964844,69.88999938964844,128747,0.0,0.0,0.0
2022-11-09 10:30:00-05:00,69.94000244140625,69.95999908447266,69.61000061035156,69.91220092773438,59948,0.0,0.0,0.0
2022-11-09 11:30:00-05:00,69.81999969482422,70.01000213623047,69.70999908447266,69.73190307617188,44297,0.0,0.0,0.0
2022-11-09 12:30:00-05:00,69.76000213623047,69.8323974609375,69.55999755859375,69.58409881591797,47073,0.0,0.0,0.0
2022-11-09 13:30:00-05:00,69.55000305175781,69.55000305175781,69.30999755859375,69.41000366210938,69963,0.0,0.0,0.0
2022-11-09 14:30:00-05:00,69.37000274658203,69.37000274658203,69.12999725341797,69.20999908447266,107966,0.0,0.0,0.0
2022-11-09 15:30:00-05:00,69.19499969482422,69.19719696044922,68.91999816894531,69.02999877929688,38144,0.0,0.0,0.0
2022-11-10 09:30:00-05:00,70.79000091552734,71.13909912109375,70.55000305175781,71.0999984741211,257938,0.0,0.0,0.0
2022-11-10 10:30:00-05:00,71.08999633789062,71.2699966430664,70.87000274658203,71.2699966430664,92668,0.0,0.0,0.0
2022-11-10 11:30:00-05:00,71.29000091552734,71.4000015258789,71.08499908447266,71.08999633789062,145809,0.0,0.0,0.0
2022-11-10 12:30:00-05:00,71.08000183105469,71.11669921875,70.82710266113281,71.11019897460938,56061,0.0,0.0,0.0
2022-11-10 13:30:00-05:00,71.12999725341797,71.3499984741211,71.04499816894531,71.33000183105469,40709,0.0,0.0,0.0
2022-11-10 14:30:00-05:00,71.30999755859375,71.60900115966797,71.26000213623047,71.5999984741211,134793,0.0,0.0,0.0
2022-11-10 15:30:00-05:00,71.5999984741211,71.80000305175781,71.54000091552734,71.70999908447266,0,0.0,0.0,0.0
2022-11-11 09:30:00-05:00,71.93000030517578,71.9800033569336,71.48999786376953,71.80999755859375,190079,0.0,0.0,0.0
2022-11-11 10:30:00-05:00,71.83000183105469,71.83000183105469,71.45999908447266,71.46869659423828,115295,0.0,0.0,0.0
2022-11-11 11:30:00-05:00,71.45999908447266,71.66999816894531,71.44000244140625,71.5999984741211,75223,0.0,0.0,0.0
2022-11-11 12:30:00-05:00,71.66000366210938,71.81999969482422,71.55000305175781,71.81999969482422,36350,0.0,0.0,0.0
2022-11-11 13:30:00-05:00,71.80979919433594,72.05000305175781,71.75990295410156,72.04000091552734,51925,0.0,0.0,0.0
2022-11-11 14:30:00-05:00,72.04000091552734,72.11000061035156,71.8499984741211,72.05000305175781,78119,0.0,0.0,0.0
2022-11-11 15:30:00-05:00,72.05000305175781,72.1500015258789,71.94000244140625,72.01000213623047,99043,0.0,0.0,0.0
2022-11-14 09:30:00-05:00,71.77999877929688,72.37000274658203,71.77999877929688,72.21009826660156,97340,0.0,0.0,0.0
2022-11-14 10:30:00-05:00,72.2300033569336,72.3499984741211,71.95020294189453,72.04000091552734,875366,0.0,0.0,0.0
2022-11-14 11:30:00-05:00,72.02999877929688,72.25,72.0199966430664,72.20480346679688,63627,0.0,0.0,0.0
2022-11-14 12:30:00-05:00,72.20099639892578,72.43830108642578,72.20099639892578,72.43440246582031,49157,0.0,0.0,0.0
2022-11-14 13:30:00-05:00,72.41000366210938,72.45500183105469,72.23999786376953,72.29499816894531,95393,0.0,0.0,0.0
2022-11-14 14:30:00-05:00,72.31999969482422,72.31999969482422,71.91999816894531,71.9928970336914,99332,0.0,0.0,0.0
2022-11-14 15:30:00-05:00,71.98999786376953,72.0,71.5,71.5,71897,0.0,0.0,0.0
2022-11-15 09:30:00-05:00,72.29000091552734,72.5374984741211,72.11900329589844,72.32779693603516,89094,0.0,0.0,0.0
2022-11-15 10:30:00-05:00,72.33110046386719,72.41999816894531,72.07499694824219,72.12999725341797,351119,0.0,0.0,0.0
2022-11-15 11:30:00-05:00,72.18000030517578,72.30999755859375,72.06549835205078,72.08999633789062,118697,0.0,0.0,0.0
2022-11-15 12:30:00-05:00,72.06999969482422,72.16339874267578,71.48999786376953,71.53500366210938,68472,0.0,0.0,0.0
2022-11-15 13:30:00-05:00,71.51470184326172,71.97000122070312,71.37000274658203,71.875,72251,0.0,0.0,0.0
2022-11-15 14:30:00-05:00,71.9000015258789,72.08000183105469,71.70999908447266,71.9800033569336,101257,0.0,0.0,0.0
2022-11-15 15:30:00-05:00,71.97000122070312,72.07520294189453,71.81999969482422,71.94999694824219,66649,0.0,0.0,0.0
2022-11-16 09:30:00-05:00,71.81999969482422,71.97000122070312,71.66999816894531,71.80500030517578,88314,0.0,0.0,0.0
2022-11-16 10:30:00-05:00,71.79000091552734,71.91999816894531,71.62999725341797,71.77780151367188,82907,0.0,0.0,0.0
2022-11-16 11:30:00-05:00,71.76000213623047,71.79399871826172,71.58000183105469,71.63999938964844,72301,0.0,0.0,0.0
2022-11-16 12:30:00-05:00,71.6500015258789,71.79000091552734,71.56999969482422,71.5999984741211,75040,0.0,0.0,0.0
2022-11-16 13:30:00-05:00,71.58000183105469,71.58999633789062,71.42500305175781,71.53939819335938,123842,0.0,0.0,0.0
2022-11-16 14:30:00-05:00,71.55000305175781,71.65869903564453,71.43000030517578,71.55000305175781,102906,0.0,0.0,0.0
2022-11-16 15:30:00-05:00,71.55000305175781,71.6500015258789,71.48999786376953,71.54000091552734,102397,0.0,0.0,0.0
2022-11-17 09:30:00-05:00,70.77999877929688,70.91000366210938,70.65029907226562,70.8949966430664,131474,0.0,0.0,0.0
2022-11-17 10:30:00-05:00,70.86019897460938,70.86499786376953,70.63500213623047,70.76940155029297,73932,0.0,0.0,0.0
2022-11-17 11:30:00-05:00,70.73049926757812,71.08999633789062,70.7249984741211,71.05999755859375,74345,0.0,0.0,0.0
2022-11-17 12:30:00-05:00,71.05999755859375,71.31999969482422,71.02890014648438,71.25,96157,0.0,0.0,0.0
2022-11-17 13:30:00-05:00,71.25530242919922,71.30500030517578,71.08529663085938,71.1500015258789,80461,0.0,0.0,0.0
2022-11-17 14:30:00-05:00,71.15599822998047,71.20999908447266,70.956298828125,71.01940155029297,144214,0.0,0.0,0.0
2022-11-17 15:30:00-05:00,71.01000213623047,71.38999938964844,71.01000213623047,71.37000274658203,40582,0.0,0.0,0.0
2022-11-18 09:30:00-05:00,71.88999938964844,72.0022964477539,71.61029815673828,71.78900146484375,147647,0.0,0.0,0.0
2022-11-18 10:30:00-05:00,71.79499816894531,71.8843994140625,71.63999938964844,71.8499984741211,74068,0.0,0.0,0.0
2022-11-18 11:30:00-05:00,71.86609649658203,71.8843994140625,71.4800033569336,71.59329986572266,20062,0.0,0.0,0.0
2022-11-18 12:30:00-05:00,71.58170318603516,71.70449829101562,71.5199966430664,71.70449829101562,52827,0.0,0.0,0.0
2022-11-18 13:30:00-05:00,71.69339752197266,71.7300033569336,71.49980163574219,71.71099853515625,36643,0.0,0.0,0.0
2022-11-18 14:30:00-05:00,71.73999786376953,71.88999938964844,71.6249008178711,71.88999938964844,104211,0.0,0.0,0.0
2022-11-18 15:30:00-05:00,71.91999816894531,72.08000183105469,71.80999755859375,71.95999908447266,49049,0.0,0.0,0.0
2022-11-21 09:30:00-05:00,71.79000091552734,71.95999908447266,71.72029876708984,71.79000091552734,75927,0.0,0.0,0.0
2022-11-21 10:30:00-05:00,71.75499725341797,71.81999969482422,71.69999694824219,71.73500061035156,213572,0.0,0.0,0.0
2022-11-21 11:30:00-05:00,71.72000122070312,71.88089752197266,71.61000061035156,71.86009979248047,86365,0.0,0.0,0.0
2022-11-21 12:30:00-05:00,71.88999938964844,72.13999938964844,71.88999938964844,72.06999969482422,50131,0.0,0.0,0.0
2022-11-21 13:30:00-05:00,72.07260131835938,72.1500015258789,72.01000213623047,72.03500366210938,146894,0.0,0.0,0.0
2022-11-21 14:30:00-05:00,72.03600311279297,72.06659698486328,71.91000366210938,71.93000030517578,110867,0.0,0.0,0.0
2022-11-21 15:30:00-05:00,71.99500274658203,72.1050033569336,71.95999908447266,72.04000091552734,30907,0.0,0.0,0.0
2022-11-22 09:30:00-05:00,72.38999938964844,72.69499969482422,72.38999938964844,72.66000366210938,89743,0.0,0.0,0.0
2022-11-22 10:30:00-05:00,72.6500015258789,72.69000244140625,72.52999877929688,72.5999984741211,95777,0.0,0.0,0.0
2022-11-22 11:30:00-05:00,72.5999984741211,72.66999816894531,72.55000305175781,72.6050033569336,59267,0.0,0.0,0.0
2022-11-22 12:30:00-05:00,72.5999984741211,72.74919891357422,72.58450317382812,72.74919891357422,58542,0.0,0.0,0.0
2022-11-22 13:30:00-05:00,72.75,72.77999877929688,72.67330169677734,72.7699966430664,56711,0.0,0.0,0.0
2022-11-22 14:30:00-05:00,72.76499938964844,72.91999816894531,72.72039794921875,72.8947982788086,129901,0.0,0.0,0.0
2022-11-22 15:30:00-05:00,72.9000015258789,73.0,72.88999938964844,72.94999694824219,113843,0.0,0.0,0.0
2022-11-23 09:30:00-05:00,72.86000061035156,73.1449966430664,72.69000244140625,73.12000274658203,88802,0.0,0.0,0.0
2022-11-23 10:30:00-05:00,73.12999725341797,73.20999908447266,73.08499908447266,73.15879821777344,122622,0.0,0.0,0.0
2022-11-23 11:30:00-05:00,73.12449645996094,73.12449645996094,72.8499984741211,72.94999694824219,69466,0.0,0.0,0.0
2022-11-23 12:30:00-05:00,72.97000122070312,72.9800033569336,72.77999877929688,72.91999816894531,74968,0.0,0.0,0.0
2022-11-23 13:30:00-05:00,72.92330169677734,73.23999786376953,72.92330169677734,73.18000030517578,82920,0.0,0.0,0.0
2022-11-23 14:30:00-05:00,73.1500015258789,73.23999786376953,73.01000213623047,73.16999816894531,96431,0.0,0.0,0.0
2022-11-23 15:30:00-05:00,73.18000030517578,73.18000030517578,73.10749816894531,73.16999816894531,26817,0.0,0.0,0.0
2022-11-25 09:30:00-05:00,73.16999816894531,73.47000122070312,73.16999816894531,73.44000244140625,93825,0.0,0.0,0.0
2022-11-25 10:30:00-05:00,73.4397964477539,73.47930145263672,73.41000366210938,73.44000244140625,141100,0.0,0.0,0.0
2022-11-25 11:30:00-05:00,73.41500091552734,73.4749984741211,73.41500091552734,73.44000244140625,58904,0.0,0.0,0.0
2022-11-28 09:30:00-05:00,72.80000305175781,73.08999633789062,72.77999877929688,72.94000244140625,165240,0.0,0.0,0.0
2022-11-28 10:30:00-05:00,72.97000122070312,72.97000122070312,72.75499725341797,72.7699966430664,68398,0.0,0.0,0.0
2022-11-28 11:30:00-05:00,72.77960205078125,72.87999725341797,72.6500015258789,72.7699966430664,69712,0.0,0.0,0.0
2022-11-28 12:30:00-05:00,72.76000213623047,72.81999969482422,72.59980010986328,72.62999725341797,57190,0.0,0.0,0.0
2022-11-28 13:30:00-05:00,72.62000274658203,72.62999725341797,72.37000274658203,72.37999725341797,107969,0.0,0.0,0.0
2022-11-28 14:30:00-05:00,72.37999725341797,72.41130065917969,72.19999694824219,72.21849822998047,118005,0.0,0.0,0.0
2022-11-28 15:30:00-05:00,72.22000122070312,72.34500122070312,72.19999694824219,72.33000183105469,75741,0.0,0.0,0.0
2022-11-29 09:30:00-05:00,72.41000366210938,72.62000274658203,72.22000122070312,72.62000274658203,172974,0.0,0.0,0.0
2022-11-29 10:30:00-05:00,72.64129638671875,72.65139770507812,72.19000244140625,72.19499969482422,132840,0.0,0.0,0.0
2022-11-29 11:30:00-05:00,72.16999816894531,72.33879852294922,72.1500015258789,72.28500366210938,49499,0.0,0.0,0.0
2022-11-29 12:30:00-05:00,72.2699966430664,72.42500305175781,72.2699966430664,72.30999755859375,46879,0.0,0.0,0.0
2022-11-29 13:30:00-05:00,72.30999755859375,72.61000061035156,72.30999755859375,72.41999816894531,61615,0.0,0.0,0.0
2022-11-29 14:30:00-05:00,72.43000030517578,72.52999877929688,72.3499984741211,72.4749984741211,241645,0.0,0.0,0.0
2022-11-29 15:30:00-05:00,72.48500061035156,72.57499694824219,72.44999694824219,72.54000091552734,40243,0.0,0.0,0.0
2022-11-30 09:30:00-05:00,72.55000305175781,72.69999694824219,72.02999877929688,72.02999877929688,104149,0.0,0.0,0.0
2022-11-30 10:30:00-05:00,72.05000305175781,72.3395004272461,72.05000305175781,72.31999969482422,60383,0.0,0.0,0.0
2022-11-30 11:30:00-05:00,72.3499984741211,72.37999725341797,72.0199966430664,72.05999755859375,46584,0.0,0.0,0.0
2022-11-30 12:30:00-05:00,72.05999755859375,72.19010162353516,71.98259735107422,72.18000030517578,43853,0.0,0.0,0.0
2022-11-30 13:30:00-05:00,72.17330169677734,73.33799743652344,72.17330169677734,73.31999969482422,57875,0.0,0.0,0.0
2022-11-30 14:30:00-05:00,73.27999877929688,73.70999908447266,73.18599700927734,73.69999694824219,165649,0.0,0.0,0.0
2022-11-30 15:30:00-05:00,73.68389892578125,73.97000122070312,73.68389892578125,73.95999908447266,77144,0.0,0.0,0.0
2022-12-01 09:30:00-05:00,74.13999938964844,74.38999938964844,73.61499786376953,73.63600158691406,873437,0.0,0.0,0.0
2022-12-01 10:30:00-05:00,73.58999633789062,73.893798828125,73.55000305175781,73.7699966430664,68096,0.0,0.0,0.0
2022-12-01 11:30:00-05:00,73.77999877929688,73.87999725341797,73.5999984741211,73.80950164794922,62415,0.0,0.0,0.0
2022-12-01 12:30:00-05:00,73.80999755859375,73.94000244140625,73.70999908447266,73.72000122070312,45394,0.0,0.0,0.0
2022-12-01 13:30:00-05:00,73.71179962158203,73.83000183105469,73.63629913330078,73.81999969482422,1241093,0.0,0.0,0.0
2022-12-01 14:30:00-05:00,73.7864990234375,73.95500183105469,73.7699966430664,73.81999969482422,192063,0.0,0.0,0.0
2022-12-01 15:30:00-05:00,73.80999755859375,73.98999786376953,73.80999755859375,73.83000183105469,114913,0.0,0.0,0.0
2022-12-02 09:30:00-05:00,73.16999816894531,73.44999694824219,73.0999984741211,73.29000091552734,170775,0.0,0.0,0.0
2022-12-02 10:30:00-05:00,73.27999877929688,73.56999969482422,73.2699966430664,73.52999877929688,76571,0.0,0.0,0.0
2022-12-02 11:30:00-05:00,73.5250015258789,73.7699966430664,73.5,73.68000030517578,52763,0.0,0.0,0.0
2022-12-02 12:30:00-05:00,73.68499755859375,73.70999908447266,73.5,73.55000305175781,65290,0.0,0.0,0.0
2022-12-02 13:30:00-05:00,73.55999755859375,73.63999938964844,73.48999786376953,73.61000061035156,80268,0.0,0.0,0.0
2022-12-02 14:30:00-05:00,73.61000061035156,74.00669860839844,73.58999633789062,73.8375015258789,217151,0.0,0.0,0.0
2022-12-02 15:30:00-05:00,73.84500122070312,73.87999725341797,73.69999694824219,73.87000274658203,51166,0.0,0.0,0.0
2022-12-05 09:30:00-05:00,73.52999877929688,73.52999877929688,72.93000030517578,73.12999725341797,59751,0.0,0.0,0.0
2022-12-05 10:30:00-05:00,73.12999725341797,73.25,73.05000305175781,73.08499908447266,270358,0.0,0.0,0.0
2022-12-05 11:30:00-05:00,73.08000183105469,73.08999633789062,72.7699966430664,72.8949966430664,46440,0.0,0.0,0.0
2022-12-05 12:30:00-05:00,72.88009643554688,72.88529968261719,72.68000030517578,72.68000030517578,74435,0.0,0.0,0.0
2022-12-05 13:30:00-05:00,72.70999908447266,72.77999877929688,72.45999908447266,72.48500061035156,77931,0.0,0.0,0.0
2022-12-05 14:30:00-05:00,72.44999694824219,72.63999938964844,72.37989807128906,72.4800033569336,337296,0.0,0.0,0.0
2022-12-05 15:30:00-05:00,72.48500061035156,72.66000366210938,72.48500061035156,72.625,178547,0.0,0.0,0.0
2022-12-06 09:30:00-05:00,72.70999908447266,72.7698974609375,72.27010345458984,72.30999755859375,88006,0.0,0.0,0.0
2022-12-06 10:30:00-05:00,72.19000244140625,72.22000122070312,71.94999694824219,72.04000091552734,88931,0.0,0.0,0.0
2022-12-06 11:30:00-05:00,72.02999877929688,72.125,71.8499984741211,71.91999816894531,97313,0.0,0.0,0.0
2022-12-06 12:30:00-05:00,71.91000366210938,71.91999816894531,71.59030151367188,71.61000061035156,59446,0.0,0.0,0.0
2022-12-06 13:30:00-05:00,71.61009979248047,71.75,71.54499816894531,71.55010223388672,60441,0.0,0.0,0.0
2022-12-06 14:30:00-05:00,71.54000091552734,71.69999694824219,71.45999908447266,71.56999969482422,166971,0.0,0.0,0.0
2022-12-06 15:30:00-05:00,71.56999969482422,71.91000366210938,71.56999969482422,71.87999725341797,91784,0.0,0.0,0.0
2022-12-07 09:30:00-05:00,71.76000213623047,72.08999633789062,71.73500061035156,72.01000213623047,208476,0.0,0.0,0.0
2022-12-07 10:30:00-05:00,72.22000122070312,72.23999786376953,71.80000305175781,71.83000183105469,58484,0.0,0.0,0.0
2022-12-07 11:30:00-05:00,71.80000305175781,71.96170043945312,71.75,71.8499984741211,59590,0.0,0.0,0.0
2022-12-07 12:30:00-05:00,71.87000274658203,72.05999755859375,71.83999633789062,72.00559997558594,125865,0.0,0.0,0.0
2022-12-07 13:30:00-05:00,71.98999786376953,72.002197265625,71.70500183105469,71.81500244140625,213193,0.0,0.0,0.0
2022-12-07 14:30:00-05:00,71.81310272216797,71.91999816894531,71.68000030517578,71.78500366210938,129616,0.0,0.0,0.0
2022-12-07 15:30:00-05:00,71.80500030517578,71.88999938964844,71.76000213623047,71.83999633789062,122687,0.0,0.0,0.0
2022-12-08 09:30:00-05:00,72.26000213623047,72.44499969482422,72.03150177001953,72.4229965209961,149420,0.0,0.0,0.0
2022-12-08 10:30:00-05:00,72.41000366210938,72.44999694824219,72.12999725341797,72.22000122070312,141383,0.0,0.0,0.0
2022-12-08 11:30:00-05:00,72.23999786376953,72.29000091552734,72.16000366210938,72.18599700927734,54867,0.0,0.0,0.0
2022-12-08 12:30:00-05:00,72.18000030517578,72.25,72.06999969482422,72.25,45779,0.0,0.0,0.0
2022-12-08 13:30:00-05:00,72.2699966430664,72.3677978515625,71.98999786376953,72.03099822998047,97808,0.0,0.0,0.0
2022-12-08 14:30:00-05:00,72.01000213623047,72.18000030517578,71.96499633789062,72.1500015258789,150561,0.0,0.0,0.0
2022-12-08 15:30:00-05:00,72.19000244140625,72.19000244140625,71.98999786376953,72.19000244140625,51387,0.0,0.0,0.0
2022-12-09 09:30:00-05:00,72.04000091552734,72.27999877929688,71.93199920654297,72.11000061035156,108616,0.0,0.0,0.0
2022-12-09 10:30:00-05:00,72.13899993896484,72.22000122070312,72.02999877929688,72.17070007324219,211088,0.0,0.0,0.0
2022-12-09 11:30:00-05:00,72.20980072021484,72.30010223388672,72.12000274658203,72.13999938964844,60693,0.0,0.0,0.0
2022-12-09 12:30:00-05:00,72.125,72.20999908447266,72.0,72.02999877929688,48518,0.0,0.0,0.0
2022-12-09 13:30:00-05:00,72.0199966430664,72.08000183105469,71.88500213623047,72.0114974975586,152680,0.0,0.0,0.0
2022-12-09 14:30:00-05:00,71.9977035522461,72.08000183105469,71.94999694824219,71.95999908447266,217518,0.0,0.0,0.0
2022-12-09 15:30:00-05:00,71.94000244140625,71.95999908447266,71.62999725341797,71.63999938964844,66602,0.0,0.0,0.0
2022-12-12 09:30:00-05:00,71.75,71.87449645996094,71.66999816894531,71.84400177001953,117224,0.0,0.0,0.0
2022-12-12 10:30:00-05:00,71.87999725341797,72.12899780273438,71.87860107421875,72.09159851074219,314643,0.0,0.0,0.0
2022-12-12 11:30:00-05:00,72.09980010986328,72.18209838867188,72.02999877929688,72.11000061035156,71132,0.0,0.0,0.0
2022-12-12 12:30:00-05:00,72.0989990234375,72.22000122070312,72.08000183105469,72.11260223388672,52292,0.0,0.0,0.0
2022-12-12 13:30:00-05:00,72.131103515625,72.2499008178711,72.12999725341797,72.19499969482422,85171,0.0,0.0,0.0
2022-12-12 14:30:00-05:00,72.16519927978516,72.5999984741211,72.1500015258789,72.58000183105469,215794,0.0,0.0,0.0
2022-12-12 15:30:00-05:00,72.58000183105469,72.70999908447266,72.56999969482422,72.68000030517578,79386,0.0,0.0,0.0
2022-12-13 09:30:00-05:00,73.88999938964844,73.88999938964844,72.875,72.93000030517578,172615,0.0,0.0,0.0
2022-12-13 10:30:00-05:00,72.91000366210938,73.05000305175781,72.68000030517578,72.80500030517578,79451,0.0,0.0,0.0
2022-12-13 11:30:00-05:00,72.86000061035156,72.9800033569336,72.27999877929688,72.33000183105469,61022,0.0,0.0,0.0
2022-12-13 12:30:00-05:00,72.33000183105469,72.6084976196289,72.12999725341797,72.55000305175781,87052,0.0,0.0,0.0
2022-12-13 13:30:00-05:00,72.62999725341797,72.62999725341797,72.3949966430664,72.51000213623047,69020,0.0,0.0,0.0
2022-12-13 14:30:00-05:00,72.5,72.7300033569336,72.26000213623047,72.50990295410156,237218,0.0,0.0,0.0
2022-12-13 15:30:00-05:00,72.54000091552734,72.70999908447266,72.45500183105469,72.52999877929688,63411,0.0,0.0,0.0
2022-12-14 09:30:00-05:00,72.55999755859375,72.86000061035156,72.5199966430664,72.82599639892578,154292,0.0,0.0,0.0
2022-12-14 10:30:00-05:00,72.79000091552734,72.98789978027344,72.75,72.98789978027344,277625,0.0,0.0,0.0
2022-12-14 11:30:00-05:00,73.00869750976562,73.0199966430664,72.80999755859375,72.83999633789062,37099,0.0,0.0,0.0
2022-12-14 12:30:00-05:00,72.82630157470703,72.93920135498047,72.81539916992188,72.93000030517578,151057,0.0,0.0,0.0
2022-12-14 13:30:00-05:00,72.93000030517578,73.08000183105469,72.12000274658203,72.3499984741211,130598,0.0,0.0,0.0
2022-12-14 14:30:00-05:00,72.28209686279297,72.79000091552734,71.7300033569336,72.11000061035156,224754,0.0,0.0,0.0
2022-12-14 15:30:00-05:00,72.0199966430664,72.33999633789062,71.88999938964844,72.16999816894531,76684,0.0,0.0,0.0
2022-12-15 09:30:00-05:00,71.55999755859375,71.55999755859375,70.83000183105469,70.9000015258789,229002,0.0,0.0,0.0
2022-12-15 10:30:00-05:00,70.9000015258789,71.05999755859375,70.67140197753906,70.68000030517578,113400,0.0,0.0,0.0
2022-12-15 11:30:00-05:00,70.69999694824219,70.76000213623047,70.55999755859375,70.70999908447266,61371,0.0,0.0,0.0
2022-12-15 12:30:00-05:00,70.79000091552734,70.82890319824219,70.45999908447266,70.52999877929688,48007,0.0,0.0,0.0
2022-12-15 13:30:00-05:00,70.5199966430664,70.64009857177734,70.5,70.56999969482422,79996,0.0,0.0,0.0
2022-12-15 14:30:00-05:00,70.58999633789062,70.97989654541016,70.58999633789062,70.93000030517578,342814,0.0,0.0,0.0
2022-12-15 15:30:00-05:00,70.92330169677734,70.9800033569336,70.66999816894531,70.77999877929688,183321,0.0,0.0,0.0
2022-12-16 09:30:00-05:00,70.08999633789062,70.3010025024414,69.77999877929688,69.82499694824219,112042,0.0,0.0,0.0
2022-12-16 10:30:00-05:00,69.80000305175781,69.9800033569336,69.68000030517578,69.83999633789062,171256,0.0,0.0,0.0
2022-12-16 11:30:00-05:00,69.86000061035156,69.94999694824219,69.63999938964844,69.72949981689453,88362,0.0,0.0,0.0
2022-12-16 12:30:00-05:00,69.72010040283203,69.83000183105469,69.56500244140625,69.59860229492188,99204,0.0,0.0,0.0
2022-12-16 13:30:00-05:00,69.59870147705078,69.87799835205078,69.58999633789062,69.73999786376953,94201,0.0,0.0,0.0
2022-12-16 14:30:00-05:00,69.73999786376953,70.1698989868164,69.68000030517578,70.15499877929688,322844,0.0,0.0,0.0
2022-12-16 15:30:00-05:00,70.1500015258789,70.27999877929688,70.11000061035156,70.12000274658203,133754,0.0,0.0,0.0
2022-12-19 09:30:00-05:00,70.0999984741211,70.19000244140625,69.83000183105469,70.18000030517578,264915,0.0,0.0,0.0
2022-12-19 10:30:00-05:00,70.16999816894531,70.16999816894531,69.74490356445312,69.80809783935547,315077,0.0,0.0,0.0
2022-12-19 11:30:00-05:00,69.7947998046875,69.81999969482422,69.61000061035156,69.68000030517578,159001,0.0,0.0,0.0
2022-12-19 12:30:00-05:00,69.68109893798828,69.77999877929688,69.62000274658203,69.64009857177734,151121,0.0,0.0,0.0
2022-12-19 13:30:00-05:00,69.66000366210938,69.66000366210938,69.20999908447266,69.21009826660156,144858,0.0,0.0,0.0
2022-12-19 14:30:00-05:00,69.20999908447266,69.3290023803711,69.12999725341797,69.25,320575,0.0,0.0,0.0
2022-12-19 15:30:00-05:00,69.25,69.52999877929688,69.22000122070312,69.4800033569336,190308,0.0,0.0,0.0
2022-12-20 09:30:00-05:00,69.37999725341797,69.81999969482422,69.20999908447266,69.79499816894531,374761,0.0,0.0,0.0
2022-12-20 10:30:00-05:00,69.8147964477539,69.91000366210938,69.41000366210938,69.41999816894531,153090,0.0,0.0,0.0
2022-12-20 11:30:00-05:00,69.44000244140625,69.75499725341797,69.43569946289062,69.67500305175781,63408,0.0,0.0,0.0
2022-12-20 12:30:00-05:00,69.6500015258789,69.85649871826172,69.55999755859375,69.81999969482422,75119,0.0,0.0,0.0
2022-12-20 13:30:00-05:00,69.87000274658203,69.94000244140625,69.7699966430664,69.83999633789062,133469,0.0,0.0,0.0
2022-12-20 14:30:00-05:00,69.83000183105469,69.83000183105469,69.59310150146484,69.75,319916,0.0,0.0,0.0
2022-12-20 15:30:00-05:00,69.73999786376953,69.83999633789062,69.62999725341797,69.66000366210938,86783,0.0,0.0,0.0
2022-12-21 09:30:00-05:00,70.23999786376953,70.62000274658203,70.22000122070312,70.6144027709961,164668,0.0,0.0,0.0
2022-12-21 10:30:00-05:00,70.5999984741211,70.92500305175781,70.5697021484375,70.80000305175781,181234,0.0,0.0,0.0
2022-12-21 11:30:00-05:00,70.83999633789062,70.86000061035156,70.66000366210938,70.69000244140625,88569,0.0,0.0,0.0
2022-12-21 12:30:00-05:00,70.68990325927734,70.83000183105469,70.6449966430664,70.66999816894531,160860,0.0,0.0,0.0
2022-12-21 13:30:00-05:00,70.66069793701172,70.93000030517578,70.66069793701172,70.7699966430664,86051,0.0,0.0,0.0
2022-12-21 14:30:00-05:00,70.7582015991211,70.81999969482422,70.61000061035156,70.61000061035156,397456,0.0,0.0,0.0
2022-12-21 15:30:00-05:00,70.63999938964844,70.75,70.56999969482422,70.75,53286,0.0,0.0,0.0
2022-12-22 09:30:00-05:00,70.12000274658203,70.18000030517578,69.62000274658203,69.69000244140625,120323,0.0,0.0,0.0
2022-12-22 10:30:00-05:00,69.62999725341797,69.69999694824219,69.5199966430664,69.58000183105469,235154,0.0,0.0,0.0
2022-12-22 11:30:00-05:00,69.59500122070312,69.62000274658203,69.20999908447266,69.20999908447266,155325,0.0,0.0,0.0
2022-12-22 12:30:00-05:00,69.17230224609375,69.17230224609375,68.9000015258789,68.97730255126953,81217,0.0,0.0,0.0
2022-12-22 13:30:00-05:00,68.94599914550781,69.30000305175781,68.81999969482422,69.29499816894531,96124,0.0,0.0,0.0
2022-12-22 14:30:00-05:00,69.2699966430664,69.88240051269531,69.22000122070312,69.86509704589844,355881,0.0,0.0,0.0
2022-12-22 15:30:00-05:00,69.88999938964844,69.98999786376953,69.66999816894531,69.9800033569336,74701,0.0,0.0,0.0
2022-12-23 09:30:00-05:00,69.7699966430664,70.13999938964844,69.58499908447266,70.09919738769531,0,0.0,0.0,0.0
2022-12-23 10:30:00-05:00,70.12000274658203,70.30000305175781,69.91999816894531,70.0199966430664,173354,0.0,0.0,0.0
2022-12-23 11:30:00-05:00,70.03500366210938,70.33000183105469,70.0199966430664,70.30000305175781,56497,0.0,0.0,0.0
2022-12-23 12:30:00-05:00,70.27999877929688,70.37090301513672,70.19000244140625,70.27410125732422,48775,0.0,0.0,0.0
2022-12-23 13:30:00-05:00,70.30000305175781,70.30760192871094,70.08999633789062,70.22000122070312,56269,0.0,0.0,0.0
2022-12-23 14:30:00-05:00,70.25409698486328,70.44999694824219,70.23789978027344,70.2750015258789,136386,0.0,0.0,0.0
2022-12-23 15:30:00-05:00,70.30999755859375,70.45999908447266,70.20480346679688,70.45999908447266,68914,0.0,0.0,0.0
2022-12-27 09:30:00-05:00,70.4000015258789,70.58999633789062,70.01429748535156,70.51499938964844,288544,0.0,0.0,0.0
2022-12-27 10:30:00-05:00,70.49130249023438,70.63999938964844,70.44000244140625,70.55000305175781,105286,0.0,0.0,0.0
2022-12-27 11:30:00-05:00,70.54620361328125,70.70999908447266,70.5250015258789,70.55000305175781,67264,0.0,0.0,0.0
2022-12-27 12:30:00-05:00,70.55000305175781,70.60649871826172,70.44999694824219,70.5,65227,0.0,0.0,0.0
2022-12-27 13:30:00-05:00,70.4800033569336,70.49440002441406,70.24410247802734,70.26000213623047,89276,0.0,0.0,0.0
2022-12-27 14:30:00-05:00,70.25810241699219,70.52999877929688,70.22000122070312,70.5199966430664,189904,0.0,0.0,0.0
2022-12-27 15:30:00-05:00,70.5199966430664,70.58000183105469,70.38999938964844,70.38999938964844,49469,0.0,0.0,0.0
2022-12-28 09:30:00-05:00,70.47000122070312,70.73999786376953,70.25,70.27999877929688,142735,0.0,0.0,0.0
2022-12-28 10:30:00-05:00,70.26000213623047,70.33000183105469,69.97000122070312,70.04000091552734,170367,0.0,0.0,0.0
2022-12-28 11:30:00-05:00,70.04550170898438,70.06500244140625,69.70999908447266,69.79000091552734,81117,0.0,0.0,0.0
2022-12-28 12:30:00-05:00,69.81009674072266,70.19999694824219,69.80999755859375,70.08000183105469,79265,0.0,0.0,0.0
2022-12-28 13:30:00-05:00,70.06999969482422,70.06999969482422,69.87999725341797,69.94499969482422,118752,0.0,0.0,0.0
2022-12-28 14:30:00-05:00,69.91000366210938,70.08000183105469,69.6449966430664,69.68000030517578,244663,0.0,0.0,0.0
2022-12-28 15:30:00-05:00,69.69000244140625,69.76000213623047,69.58999633789062,69.62000274658203,0,0.0,0.0,0.0
2022-12-29 09:30:00-05:00,70.16000366210938,70.71160125732422,70.02999877929688,70.61630249023438,99959,0.0,0.0,0.0
2022-12-29 10:30:00-05:00,70.62999725341797,70.7500991821289,70.58999633789062,70.69000244140625,205070,0.0,0.0,0.0
2022-12-29 11:30:00-05:00,70.79889678955078,70.96520233154297,70.77999877929688,70.91999816894531,79154,0.0,0.0,0.0
2022-12-29 12:30:00-05:00,70.91000366210938,70.94000244140625,70.8499984741211,70.88500213623047,45779,0.0,0.0,0.0
2022-12-29 13:30:00-05:00,70.88999938964844,70.97000122070312,70.83999633789062,70.84500122070312,155846,0.0,0.0,0.0
2022-12-29 14:30:00-05:00,70.86000061035156,70.94000244140625,70.76000213623047,70.80000305175781,165483,0.0,0.0,0.0
2022-12-29 15:30:00-05:00,70.80770111083984,70.94000244140625,70.80770111083984,70.87000274658203,77272,0.0,0.0,0.0
2022-12-30 09:30:00-05:00,70.2699966430664,70.55799865722656,70.1500015258789,70.43499755859375,106935,0.0,0.0,0.0
2022-12-30 10:30:00-05:00,70.43000030517578,70.52999877929688,70.19999694824219,70.25270080566406,224293,0.0,0.0,0.0
2022-12-30 11:30:00-05:00,70.20339965820312,70.4177017211914,70.20339965820312,70.38719940185547,55084,0.0,0.0,0.0
2022-12-30 12:30:00-05:00,70.4000015258789,70.43000030517578,69.99500274658203,70.08999633789062,158790,0.0,0.0,0.0
2022-12-30 13:30:00-05:00,70.125,70.21849822998047,69.95999908447266,70.03790283203125,85152,0.0,0.0,0.0
2022-12-30 14:30:00-05:00,70.03959655761719,70.31999969482422,69.94000244140625,70.2249984741211,73285,0.0,0.0,0.0
2022-12-30 15:30:00-05:00,70.22000122070312,70.62000274658203,70.22000122070312,70.5999984741211,50114,0.0,0.0,0.0
2023-01-03 09:30:00-05:00,71.20999908447266,71.61000061035156,70.52040100097656,70.69999694824219,163319,0.0,0.0,0.0
2023-01-03 10:30:00-05:00,70.73999786376953,71.12000274658203,70.62000274658203,70.70500183105469,483416,0.0,0.0,0.0
2023-01-03 11:30:00-05:00,70.69999694824219,70.69999694824219,70.44000244140625,70.5199966430664,159532,0.0,0.0,0.0
2023-01-03 12:30:00-05:00,70.51010131835938,70.72000122070312,70.30999755859375,70.65460205078125,289266,0.0,0.0,0.0
2023-01-03 13:30:00-05:00,70.66999816894531,70.74500274658203,70.54000091552734,70.57949829101562,104789,0.0,0.0,0.0
2023-01-03 14:30:00-05:00,70.56999969482422,70.97000122070312,70.42500305175781,70.8550033569336,344826,0.0,0.0,0.0
2023-01-03 15:30:00-05:00,70.86499786376953,70.9800033569336,70.83499908447266,70.93000030517578,132993,0.0,0.0,0.0
2023-01-04 09:30:00-05:00,71.41000366210938,71.70999908447266,71.16000366210938,71.37310028076172,97025,0.0,0.0,0.0
2023-01-04 10:30:00-05:00,71.37000274658203,71.78009796142578,71.29000091552734,71.77989959716797,96626,0.0,0.0,0.0
2023-01-04 11:30:00-05:00,71.77999877929688,72.19000244140625,71.77999877929688,72.06169891357422,55549,0.0,0.0,0.0
2023-01-04 12:30:00-05:00,72.05999755859375,72.18000030517578,71.83000183105469,72.04000091552734,274966,0.0,0.0,0.0
2023-01-04 13:30:00-05:00,72.05999755859375,72.12999725341797,71.41500091552734,71.44999694824219,67293,0.0,0.0,0.0
2023-01-04 14:30:00-05:00,71.41000366210938,71.88999938964844,71.41000366210938,71.70999908447266,187852,0.0,0.0,0.0
2023-01-04 15:30:00-05:00,71.66999816894531,71.87000274658203,71.43000030517578,71.8499984741211,67501,0.0,0.0,0.0
2023-01-05 09:30:00-05:00,71.41000366210938,71.43000030517578,70.9209976196289,71.13500213623047,200660,0.0,0.0,0.0
2023-01-05 10:30:00-05:00,71.12999725341797,71.23860168457031,70.87000274658203,70.9000015258789,78332,0.0,0.0,0.0
2023-01-05 11:30:00-05:00,70.93000030517578,71.11000061035156,70.92849731445312,71.0250015258789,74160,0.0,0.0,0.0
2023-01-05 12:30:00-05:00,71.02999877929688,71.2699966430664,70.93499755859375,71.25489807128906,36338,0.0,0.0,0.0
2023-01-05 13:30:00-05:00,71.25,71.33979797363281,71.12999725341797,71.13999938964844,95823,0.0,0.0,0.0
2023-01-05 14:30:00-05:00,71.1500015258789,71.44999694824219,71.05000305175781,71.06950378417969,78990,0.0,0.0,0.0
2023-01-05 15:30:00-05:00,71.05010223388672,71.16000366210938,71.0,71.08999633789062,70121,0.0,0.0,0.0
2023-01-06 09:30:00-05:00,71.7300033569336,72.00810241699219,71.25,71.81529998779297,79874,0.0,0.0,0.0
2023-01-06 10:30:00-05:00,71.91000366210938,72.37000274658203,71.90080261230469,72.27999877929688,62753,0.0,0.0,0.0
2023-01-06 11:30:00-05:00,72.26000213623047,72.5199966430664,72.25,72.29000091552734,164944,0.0,0.0,0.0
2023-01-06 12:30:00-05:00,72.30999755859375,72.43000030517578,72.23999786376953,72.41999816894531,48375,0.0,0.0,0.0
2023-01-06 13:30:00-05:00,72.43000030517578,72.75,72.42630004882812,72.70999908447266,123322,0.0,0.0,0.0
2023-01-06 14:30:00-05:00,72.70999908447266,72.94999694824219,72.70999908447266,72.7822036743164,57349,0.0,0.0,0.0
2023-01-06 15:30:00-05:00,72.80999755859375,72.91999816894531,72.69000244140625,72.7300033569336,43764,0.0,0.0,0.0
2023-01-09 09:30:00-05:00,73.0999984741211,73.32440185546875,72.86399841308594,73.20999908447266,107621,0.0,0.0,0.0
2023-01-09 10:30:00-05:00,73.2300033569336,73.62999725341797,73.2300033569336,73.5999984741211,127882,0.0,0.0,0.0
2023-01-09 11:30:00-05:00,73.5999984741211,73.62999725341797,73.45500183105469,73.51000213623047,536042,0.0,0.0,0.0
2023-01-09 12:30:00-05:00,73.51000213623047,73.51000213623047,73.29000091552734,73.35310363769531,125795,0.0,0.0,0.0
2023-01-09 13:30:00-05:00,73.37409973144531,73.39779663085938,73.02999877929688,73.1698989868164,83178,0.0,0.0,0.0
2023-01-09 14:30:00-05:00,73.15010070800781,73.15010070800781,72.77999877929688,72.81999969482422,146667,0.0,0.0,0.0
2023-01-09 15:30:00-05:00,72.80999755859375,72.81999969482422,72.68000030517578,72.69999694824219,49909,0.0,0.0,0.0
2023-01-10 09:30:00-05:00,72.62999725341797,73.01499938964844,72.61499786376953,72.77999877929688,150346,0.0,0.0,0.0
2023-01-10 10:30:00-05:00,72.80000305175781,72.94999694824219,72.48999786376953,72.81999969482422,63293,0.0,0.0,0.0
2023-01-10 11:30:00-05:00,72.8207015991211,72.96499633789062,72.76000213623047,72.85980224609375,46400,0.0,0.0,0.0
2023-01-10 12:30:00-05:00,72.87999725341797,73.05000305175781,72.87999725341797,73.00499725341797,38984,0.0,0.0,0.0
2023-01-10 13:30:00-05:00,73.0344009399414,73.19499969482422,73.0,73.16500091552734,74993,0.0,0.0,0.0
2023-01-10 14:30:00-05:00,73.17500305175781,73.20999908447266,73.0000991821289,73.0999984741211,62007,0.0,0.0,0.0
2023-01-10 15:30:00-05:00,73.08000183105469,73.27999877929688,73.06500244140625,73.2699966430664,69976,0.0,0.0,0.0
2023-01-11 09:30:00-05:00,73.58000183105469,73.78309631347656,73.55000305175781,73.65570068359375,67833,0.0,0.0,0.0
2023-01-11 10:30:00-05:00,73.66999816894531,73.68000030517578,73.44660186767578,73.66000366210938,35804,0.0,0.0,0.0
2023-01-11 11:30:00-05:00,73.68499755859375,73.81999969482422,73.6344985961914,73.76000213623047,23345,0.0,0.0,0.0
2023-01-11 12:30:00-05:00,73.80000305175781,73.93000030517578,73.72000122070312,73.88999938964844,72270,0.0,0.0,0.0
2023-01-11 13:30:00-05:00,73.88999938964844,73.94960021972656,73.76000213623047,73.88500213623047,138273,0.0,0.0,0.0
2023-01-11 14:30:00-05:00,73.91000366210938,74.05000305175781,73.91000366210938,73.98999786376953,59080,0.0,0.0,0.0
2023-01-11 15:30:00-05:00,73.95500183105469,74.1449966430664,73.9000015258789,74.13999938964844,51703,0.0,0.0,0.0
2023-01-12 09:30:00-05:00,74.37999725341797,74.45999908447266,73.75,74.33000183105469,103467,0.0,0.0,0.0
2023-01-12 10:30:00-05:00,74.2874984741211,74.47000122070312,74.05000305175781,74.29000091552734,198099,0.0,0.0,0.0
2023-01-12 11:30:00-05:00,74.30000305175781,74.6500015258789,74.12000274658203,74.6500015258789,43118,0.0,0.0,0.0
2023-01-12 12:30:00-05:00,74.63780212402344,74.7300033569336,74.33000183105469,74.3499984741211,60926,0.0,0.0,0.0
2023-01-12 13:30:00-05:00,74.33999633789062,74.75,74.27999877929688,74.64019775390625,96933,0.0,0.0,0.0
2023-01-12 14:30:00-05:00,74.55999755859375,74.67980194091797,74.38999938964844,74.44000244140625,132867,0.0,0.0,0.0
2023-01-12 15:30:00-05:00,74.43499755859375,74.5,74.29000091552734,74.4749984741211,32703,0.0,0.0,0.0
2023-01-13 09:30:00-05:00,73.95999908447266,74.2699966430664,73.72000122070312,74.26000213623047,130604,0.0,0.0,0.0
2023-01-13 10:30:00-05:00,74.30999755859375,74.33000183105469,74.13999938964844,74.2699966430664,189997,0.0,0.0,0.0
2023-01-13 11:30:00-05:00,74.2699966430664,74.4000015258789,74.16500091552734,74.37000274658203,41076,0.0,0.0,0.0
2023-01-13 12:30:00-05:00,74.37999725341797,74.4800033569336,74.31999969482422,74.40480041503906,24472,0.0,0.0,0.0
2023-01-13 13:30:00-05:00,74.39790344238281,74.6415023803711,74.39790344238281,74.60810089111328,160590,0.0,0.0,0.0
2023-01-13 14:30:00-05:00,74.62000274658203,74.71640014648438,74.55999755859375,74.70469665527344,61356,0.0,0.0,0.0
2023-01-13 15:30:00-05:00,74.72000122070312,74.8550033569336,74.69000244140625,74.73999786376953,48950,0.0,0.0,0.0
2023-01-17 09:30:00-05:00,74.69000244140625,74.83999633789062,74.5199966430664,74.73999786376953,103968,0.0,0.0,0.0
2023-01-17 10:30:00-05:00,74.77999877929688,74.77999877929688,74.30000305175781,74.37020111083984,419614,0.0,0.0,0.0
2023-01-17 11:30:00-05:00,74.38300323486328,74.55000305175781,74.3499984741211,74.375,302616,0.0,0.0,0.0
2023-01-17 12:30:00-05:00,74.3550033569336,74.51000213623047,74.3550033569336,74.48999786376953,80440,0.0,0.0,0.0
2023-01-17 13:30:00-05:00,74.4800033569336,74.61000061035156,74.37000274658203,74.41000366210938,149576,0.0,0.0,0.0
2023-01-17 14:30:00-05:00,74.43000030517578,74.55999755859375,74.43000030517578,74.45500183105469,436807,0.0,0.0,0.0
2023-01-17 15:30:00-05:00,74.47000122070312,74.49500274658203,74.30999755859375,74.37999725341797,80298,0.0,0.0,0.0
2023-01-18 09:30:00-05:00,74.45999908447266,74.66999816894531,74.40180206298828,74.5999984741211,50750,0.0,0.0,0.0
2023-01-18 10:30:00-05:00,74.52999877929688,74.54000091552734,73.75,73.83000183105469,47965,0.0,0.0,0.0
2023-01-18 11:30:00-05:00,73.76000213623047,73.7699966430664,73.5199966430664,73.52999877929688,43110,0.0,0.0,0.0
2023-01-18 12:30:00-05:00,73.51000213623047,73.56999969482422,73.29720306396484,73.4301986694336,349054,0.0,0.0,0.0
2023-01-18 13:30:00-05:00,73.45140075683594,73.58999633789062,73.41999816894531,73.51000213623047,92865,0.0,0.0,0.0
2023-01-18 14:30:00-05:00,73.51000213623047,73.55000305175781,73.3499984741211,73.36499786376953,66317,0.0,0.0,0.0
2023-01-18 15:30:00-05:00,73.33999633789062,73.3499984741211,73.08000183105469,73.0999984741211,203058,0.0,0.0,0.0
2023-01-19 09:30:00-05:00,72.54000091552734,72.69380187988281,72.41999816894531,72.43000030517578,43249,0.0,0.0,0.0
2023-01-19 10:30:00-05:00,72.44229888916016,72.44229888916016,72.16999816894531,72.19000244140625,46844,0.0,0.0,0.0
2023-01-19 11:30:00-05:00,72.19000244140625,72.43000030517578,72.12999725341797,72.30000305175781,121452,0.0,0.0,0.0
2023-01-19 12:30:00-05:00,72.31999969482422,72.55999755859375,72.27999877929688,72.4800033569336,68302,0.0,0.0,0.0
2023-01-19 13:30:00-05:00,72.51000213623047,72.7699966430664,72.50499725341797,72.76000213623047,754704,0.0,0.0,0.0
2023-01-19 14:30:00-05:00,72.7300033569336,72.80999755859375,72.61000061035156,72.654296875,114528,0.0,0.0,0.0
2023-01-19 15:30:00-05:00,72.58000183105469,72.6500015258789,72.3550033569336,72.37999725341797,157501,0.0,0.0,0.0
2023-01-20 09:30:00-05:00,72.61000061035156,72.77999877929688,72.28209686279297,72.77999877929688,53834,0.0,0.0,0.0
2023-01-20 10:30:00-05:00,72.80000305175781,73.01959991455078,72.69000244140625,73.01959991455078,24121,0.0,0.0,0.0
2023-01-20 11:30:00-05:00,73.0199966430664,73.0199966430664,72.8949966430664,72.95059967041016,26315,0.0,0.0,0.0
2023-01-20 12:30:00-05:00,72.966796875,73.01000213623047,72.80999755859375,72.9000015258789,116321,0.0,0.0,0.0
2023-01-20 13:30:00-05:00,72.91000366210938,73.29000091552734,72.91000366210938,73.29000091552734,2295550,0.0,0.0,0.0
2023-01-20 14:30:00-05:00,73.31700134277344,73.59940338134766,73.2699966430664,73.5199966430664,116264,0.0,0.0,0.0
2023-01-20 15:30:00-05:00,73.51000213623047,73.66999816894531,73.45500183105469,73.63999938964844,412667,0.0,0.0,0.0
2023-01-23 09:30:00-05:00,73.6500015258789,74.19390106201172,73.61830139160156,74.18730163574219,41264,0.0,0.0,0.0
2023-01-23 10:30:00-05:00,74.22090148925781,74.6500015258789,74.12000274658203,74.48999786376953,204825,0.0,0.0,0.0
2023-01-23 11:30:00-05:00,74.4729995727539,74.56500244140625,74.37999725341797,74.4800033569336,54787,0.0,0.0,0.0
2023-01-23 12:30:00-05:00,74.49500274658203,74.72000122070312,74.44000244140625,74.69499969482422,579352,0.0,0.0,0.0
2023-01-23 13:30:00-05:00,74.72000122070312,74.87000274658203,74.45999908447266,74.4717025756836,288634,0.0,0.0,0.0
2023-01-23 14:30:00-05:00,74.5,74.52999877929688,74.18000030517578,74.37000274658203,375279,0.0,0.0,0.0
2023-01-23 15:30:00-05:00,74.36000061035156,74.58999633789062,74.31999969482422,74.5199966430664,95445,0.0,0.0,0.0
2023-01-24 09:30:00-05:00,74.23999786376953,74.39900207519531,73.98999786376953,74.30000305175781,85040,0.0,0.0,0.0
2023-01-24 10:30:00-05:00,74.30999755859375,74.58000183105469,74.23539733886719,74.56999969482422,61982,0.0,0.0,0.0
2023-01-24 11:30:00-05:00,74.56999969482422,74.56999969482422,74.33000183105469,74.5199966430664,49838,0.0,0.0,0.0
2023-01-24 12:30:00-05:00,74.47789764404297,74.55999755859375,74.4000015258789,74.54000091552734,34911,0.0,0.0,0.0
2023-01-24 13:30:00-05:00,74.54000091552734,74.6404037475586,74.45010375976562,74.52899932861328,45305,0.0,0.0,0.0
2023-01-24 14:30:00-05:00,74.54000091552734,74.62999725341797,74.5,74.55000305175781,67306,0.0,0.0,0.0
2023-01-24 15:30:00-05:00,74.5,74.5,74.31999969482422,74.44499969482422,51381,0.0,0.0,0.0
2023-01-25 09:30:00-05:00,73.70999908447266,73.83000183105469,73.44999694824219,73.54000091552734,69317,0.0,0.0,0.0
2023-01-25 10:30:00-05:00,73.58280181884766,73.80999755859375,73.36000061035156,73.7699966430664,81422,0.0,0.0,0.0
2023-01-25 11:30:00-05:00,73.7699966430664,74.02999877929688,73.76000213623047,73.86000061035156,53843,0.0,0.0,0.0
2023-01-25 12:30:00-05:00,73.91000366210938,74.29000091552734,73.91000366210938,74.27999877929688,43086,0.0,0.0,0.0
2023-01-25 13:30:00-05:00,74.27999877929688,74.54000091552734,74.24500274658203,74.36380004882812,46401,0.0,0.0,0.0
2023-01-25 14:30:00-05:00,74.34100341796875,74.5999984741211,74.28500366210938,74.47000122070312,106926,0.0,0.0,0.0
2023-01-25 15:30:00-05:00,74.49569702148438,74.55000305175781,74.37999725341797,74.52999877929688,27490,0.0,0.0,0.0
2023-01-26 09:30:00-05:00,74.83000183105469,75.02760314941406,74.51000213623047,74.83999633789062,72289,0.0,0.0,0.0
2023-01-26 10:30:00-05:00,74.88999938964844,74.88999938964844,74.37999725341797,74.5199966430664,44417,0.0,0.0,0.0
2023-01-26 11:30:00-05:00,74.60559844970703,74.83999633789062,74.52999877929688,74.7699966430664,43085,0.0,0.0,0.0
2023-01-26 12:30:00-05:00,74.75959777832031,74.82099914550781,74.63999938964844,74.73100280761719,61658,0.0,0.0,0.0
2023-01-26 13:30:00-05:00,74.79000091552734,74.94999694824219,74.7699966430664,74.84010314941406,65262,0.0,0.0,0.0
2023-01-26 14:30:00-05:00,74.86039733886719,75.08000183105469,74.86039733886719,75.05000305175781,235508,0.0,0.0,0.0
2023-01-26 15:30:00-05:00,75.0,75.20999908447266,74.9800033569336,75.16999816894531,84488,0.0,0.0,0.0
2023-01-27 09:30:00-05:00,74.93000030517578,75.44999694824219,74.93000030517578,75.32039642333984,191922,0.0,0.0,0.0
2023-01-27 10:30:00-05:00,75.33000183105469,75.34500122070312,74.97000122070312,75.1801986694336,52945,0.0,0.0,0.0
2023-01-27 11:30:00-05:00,75.20999908447266,75.45999908447266,75.20999908447266,75.33999633789062,58250,0.0,0.0,0.0
2023-01-27 12:30:00-05:00,75.35009765625,75.5,75.34010314941406,75.38999938964844,118298,0.0,0.0,0.0
2023-01-27 13:30:00-05:00,75.38999938964844,75.56999969482422,75.37000274658203,75.55000305175781,155996,0.0,0.0,0.0
2023-01-27 14:30:00-05:00,75.55000305175781,75.76000213623047,75.55000305175781,75.63999938964844,62535,0.0,0.0,0.0
2023-01-27 15:30:00-05:00,75.66000366210938,75.69999694824219,75.32499694824219,75.36000061035156,78006,0.0,0.0,0.0
2023-01-30 09:30:00-05:00,74.77999877929688,75.33499908447266,74.70999908447266,75.125,107570,0.0,0.0,0.0
2023-01-30 10:30:00-05:00,75.16000366210938,75.16999816894531,74.80000305175781,75.05999755859375,554335,0.0,0.0,0.0
2023-01-30 11:30:00-05:00,75.07499694824219,75.10900115966797,74.83999633789062,74.99520111083984,285693,0.0,0.0,0.0
2023-01-30 12:30:00-05:00,75.01000213623047,75.06939697265625,74.83000183105469,74.98069763183594,63408,0.0,0.0,0.0
2023-01-30 13:30:00-05:00,74.95230102539062,74.97000122070312,74.80000305175781,74.80000305175781,51343,0.0,0.0,0.0
2023-01-30 14:30:00-05:00,74.79499816894531,74.84500122070312,74.63999938964844,74.63999938964844,211347,0.0,0.0,0.0
2023-01-30 15:30:00-05:00,74.62999725341797,74.79499816894531,74.56500244140625,74.61000061035156,24333,0.0,0.0,0.0
2023-01-31 09:30:00-05:00,74.80999755859375,74.94000244140625,74.63999938964844,74.94000244140625,101792,0.0,0.0,0.0
2023-01-31 10:30:00-05:00,74.95999908447266,75.0999984741211,74.91000366210938,75.02999877929688,43184,0.0,0.0,0.0
2023-01-31 11:30:00-05:00,75.04000091552734,75.16000366210938,75.0009994506836,75.12010192871094,62354,0.0,0.0,0.0
2023-01-31 12:30:00-05:00,75.12000274658203,75.23999786376953,75.0999984741211,75.19999694824219,77625,0.0,0.0,0.0
2023-01-31 13:30:00-05:00,75.20999908447266,75.37000274658203,75.16999816894531,75.33499908447266,44556,0.0,0.0,0.0
2023-01-31 14:30:00-05:00,75.3499984741211,75.41000366210938,75.2300033569336,75.26000213623047,60044,0.0,0.0,0.0
2023-01-31 15:30:00-05:00,75.29000091552734,75.76000213623047,75.29000091552734,75.7300033569336,70774,0.0,0.0,0.0
2023-02-01 09:30:00-05:00,75.44999694824219,75.73989868164062,75.44000244140625,75.62999725341797,428704,0.0,0.0,0.0
2023-02-01 10:30:00-05:00,75.64949798583984,75.66500091552734,75.36000061035156,75.60780334472656,104930,0.0,0.0,0.0
2023-02-01 11:30:00-05:00,75.58260345458984,75.6500015258789,75.36499786376953,75.47000122070312,228067,0.0,0.0,0.0
2023-02-01 12:30:00-05:00,75.44999694824219,75.47139739990234,75.36000061035156,75.44000244140625,489554,0.0,0.0,0.0
2023-02-01 13:30:00-05:00,75.44999694824219,75.63500213623047,75.22000122070312,75.4623031616211,211137,0.0,0.0,0.0
2023-02-01 14:30:00-05:00,75.45999908447266,76.68949890136719,75.04000091552734,76.61000061035156,160430,0.0,0.0,0.0
2023-02-01 15:30:00-05:00,76.62999725341797,77.04000091552734,76.37999725341797,76.52999877929688,146382,0.0,0.0,0.0
2023-02-02 09:30:00-05:00,77.3499984741211,77.51000213623047,77.0999984741211,77.48999786376953,582050,0.0,0.0,0.0
2023-02-02 10:30:00-05:00,77.4800033569336,78.0199966430664,77.4800033569336,77.93000030517578,125519,0.0,0.0,0.0
2023-02-02 11:30:00-05:00,77.91000366210938,78.0,77.80000305175781,77.95099639892578,203186,0.0,0.0,0.0
2023-02-02 12:30:00-05:00,77.95999908447266,78.13999938964844,77.9000015258789,78.0199966430664,61892,0.0,0.0,0.0
2023-02-02 13:30:00-05:00,78.01000213623047,78.24849700927734,77.73999786376953,77.75,89588,0.0,0.0,0.0
2023-02-02 14:30:00-05:00,77.77999877929688,77.77999877929688,77.33999633789062,77.6449966430664,83077,0.0,0.0,0.0
2023-02-02 15:30:00-05:00,77.68000030517578,77.86000061035156,77.55000305175781,77.86000061035156,61980,0.0,0.0,0.0
2023-02-03 09:30:00-05:00,76.9000015258789,77.28970336914062,76.8499984741211,77.22000122070312,87776,0.0,0.0,0.0
2023-02-03 10:30:00-05:00,77.16999816894531,77.41999816894531,77.1500015258789,77.37000274658203,77667,0.0,0.0,0.0
2023-02-03 11:30:00-05:00,77.41999816894531,77.51000213623047,77.1449966430664,77.45050048828125,141924,0.0,0.0,0.0
2023-02-03 12:30:00-05:00,77.44539642333984,77.4927978515625,76.83999633789062,76.83999633789062,41750,0.0,0.0,0.0
2023-02-03 13:30:00-05:00,76.77999877929688,76.9000015258789,76.66999816894531,76.8145980834961,57172,0.0,0.0,0.0
2023-02-03 14:30:00-05:00,76.81999969482422,76.92330169677734,76.55999755859375,76.77999877929688,55202,0.0,0.0,0.0
2023-02-03 15:30:00-05:00,76.8490982055664,76.8490982055664,76.6001968383789,76.80999755859375,43829,0.0,0.0,0.0
2023-02-06 09:30:00-05:00,76.3499984741211,76.4000015258789,76.00029754638672,76.05000305175781,62267,0.0,0.0,0.0
2023-02-06 10:30:00-05:00,75.95999908447266,76.41999816894531,75.91000366210938,76.37000274658203,127440,0.0,0.0,0.0
2023-02-06 11:30:00-05:00,76.39649963378906,76.39649963378906,76.11000061035156,76.15499877929688,75098,0.0,0.0,0.0
2023-02-06 12:30:00-05:00,76.19000244140625,76.31420135498047,76.11000061035156,76.19999694824219,31389,0.0,0.0,0.0
2023-02-06 13:30:00-05:00,76.19999694824219,76.41999816894531,76.13999938964844,76.30000305175781,40166,0.0,0.0,0.0
2023-02-06 14:30:00-05:00,76.30970001220703,76.31999969482422,76.12999725341797,76.15280151367188,72611,0.0,0.0,0.0
2023-02-06 15:30:00-05:00,76.12999725341797,76.33000183105469,76.08000183105469,76.29000091552734,59572,0.0,0.0,0.0
2023-02-07 09:30:00-05:00,76.01000213623047,76.06999969482422,75.8499984741211,75.8499984741211,46900,0.0,0.0,0.0
2023-02-07 10:30:00-05:00,75.9000015258789,76.05999755859375,75.89189910888672,76.02999877929688,61792,0.0,0.0,0.0
2023-02-07 11:30:00-05:00,76.05999755859375,76.2384033203125,76.05380249023438,76.114501953125,60091,0.0,0.0,0.0
2023-02-07 12:30:00-05:00,76.13999938964844,77.04000091552734,76.0999984741211,76.16000366210938,103822,0.0,0.0,0.0
2023-02-07 13:30:00-05:00,75.98500061035156,76.58000183105469,75.70800018310547,76.4800033569336,70199,0.0,0.0,0.0
2023-02-07 14:30:00-05:00,76.5,76.9000015258789,76.48999786376953,76.9000015258789,111640,0.0,0.0,0.0
2023-02-07 15:30:00-05:00,76.88999938964844,77.19000244140625,76.80999755859375,76.95999908447266,73605,0.0,0.0,0.0
2023-02-08 09:30:00-05:00,76.62999725341797,76.87000274658203,76.55380249023438,76.66500091552734,74627,0.0,0.0,0.0
2023-02-08 10:30:00-05:00,76.66500091552734,76.66500091552734,76.20999908447266,76.27950286865234,77506,0.0,0.0,0.0
2023-02-08 11:30:00-05:00,76.25,76.4000015258789,76.16000366210938,76.4000015258789,62281,0.0,0.0,0.0
2023-02-08 12:30:00-05:00,76.41000366210938,76.55999755859375,76.2699966430664,76.44000244140625,19740,0.0,0.0,0.0
2023-02-08 13:30:00-05:00,76.37999725341797,76.46900177001953,76.26000213623047,76.28299713134766,68337,0.0,0.0,0.0
2023-02-08 14:30:00-05:00,76.30000305175781,76.33999633789062,76.0999984741211,76.19999694824219,102412,0.0,0.0,0.0
2023-02-08 15:30:00-05:00,76.19999694824219,76.29000091552734,76.13999938964844,76.20999908447266,69235,0.0,0.0,0.0
2023-02-09 09:30:00-05:00,76.80000305175781,76.90730285644531,76.38999938964844,76.41500091552734,34215,0.0,0.0,0.0
2023-02-09 10:30:00-05:00,76.41500091552734,76.56839752197266,76.20999908447266,76.2698974609375,59965,0.0,0.0,0.0
2023-02-09 11:30:00-05:00,76.2488021850586,76.33000183105469,76.16000366210938,76.19999694824219,71736,0.0,0.0,0.0
2023-02-09 12:30:00-05:00,76.19000244140625,76.20999908447266,75.83000183105469,75.91999816894531,38127,0.0,0.0,0.0
2023-02-09 13:30:00-05:00,75.9219970703125,76.0094985961914,75.61000061035156,75.61000061035156,42036,0.0,0.0,0.0
2023-02-09 14:30:00-05:00,75.6500015258789,75.72000122070312,75.27999877929688,75.31999969482422,51228,0.0,0.0,0.0
2023-02-09 15:30:00-05:00,75.30000305175781,75.54000091552734,75.16999816894531,75.37000274658203,51565,0.0,0.0,0.0
2023-02-10 09:30:00-05:00,75.1500015258789,75.47989654541016,74.94999694824219,75.43000030517578,66102,0.0,0.0,0.0
2023-02-10 10:30:00-05:00,75.4490966796875,75.4749984741211,75.0999984741211,75.31999969482422,81566,0.0,0.0,0.0
2023-02-10 11:30:00-05:00,75.27999877929688,75.3499984741211,75.06990051269531,75.0999984741211,182506,0.0,0.0,0.0
2023-02-10 12:30:00-05:00,75.12000274658203,75.5199966430664,75.12000274658203,75.47000122070312,15889,0.0,0.0,0.0
2023-02-10 13:30:00-05:00,75.4291000366211,75.4291000366211,75.20999908447266,75.22000122070312,58204,0.0,0.0,0.0
2023-02-10 14:30:00-05:00,75.197998046875,75.44999694824219,75.197998046875,75.33000183105469,59327,0.0,0.0,0.0
2023-02-10 15:30:00-05:00,75.36499786376953,75.58689880371094,75.36499786376953,75.5,41122,0.0,0.0,0.0
2023-02-13 09:30:00-05:00,75.69000244140625,76.16120147705078,75.5999984741211,76.16120147705078,100702,0.0,0.0,0.0
2023-02-13 10:30:00-05:00,76.16999816894531,76.31999969482422,76.12999725341797,76.25479888916016,47696,0.0,0.0,0.0
2023-02-13 11:30:00-05:00,76.2698974609375,76.4000015258789,76.16999816894531,76.33000183105469,103957,0.0,0.0,0.0
2023-02-13 12:30:00-05:00,76.33499908447266,76.4000015258789,76.26000213623047,76.38179779052734,39283,0.0,0.0,0.0
2023-02-13 13:30:00-05:00,76.41000366210938,76.48999786376953,76.3499984741211,76.35800170898438,165597,0.0,0.0,0.0
2023-02-13 14:30:00-05:00,76.33000183105469,76.3499984741211,76.21630096435547,76.33000183105469,127963,0.0,0.0,0.0
2023-02-13 15:30:00-05:00,76.36000061035156,76.4800033569336,76.3550033569336,76.4800033569336,36303,0.0,0.0,0.0
2023-02-14 09:30:00-05:00,76.4000015258789,76.87000274658203,75.99500274658203,76.56629943847656,56909,0.0,0.0,0.0
2023-02-14 10:30:00-05:00,76.61000061035156,76.61000061035156,75.87999725341797,75.91999816894531,117432,0.0,0.0,0.0
2023-02-14 11:30:00-05:00,75.91999816894531,76.10970306396484,75.67230224609375,76.04000091552734,57621,0.0,0.0,0.0
2023-02-14 12:30:00-05:00,76.05999755859375,76.47000122070312,76.00270080566406,76.33049774169922,37556,0.0,0.0,0.0
2023-02-14 13:30:00-05:00,76.37069702148438,76.43000030517578,76.1500015258789,76.3499984741211,74311,0.0,0.0,0.0
2023-02-14 14:30:00-05:00,76.37000274658203,76.54000091552734,76.3499984741211,76.42310333251953,37646,0.0,0.0,0.0
2023-02-14 15:30:00-05:00,76.4094009399414,76.51000213623047,76.30999755859375,76.33000183105469,220343,0.0,0.0,0.0
2023-02-15 09:30:00-05:00,75.81999969482422,76.13999938964844,75.81999969482422,76.08000183105469,32132,0.0,0.0,0.0
2023-02-15 10:30:00-05:00,76.08000183105469,76.2490005493164,75.98999786376953,76.2300033569336,53863,0.0,0.0,0.0
2023-02-15 11:30:00-05:00,76.26000213623047,76.3499984741211,76.060302734375,76.1050033569336,61548,0.0,0.0,0.0
2023-02-15 12:30:00-05:00,76.05000305175781,76.31999969482422,76.05000305175781,76.31999969482422,63046,0.0,0.0,0.0
2023-02-15 13:30:00-05:00,76.33219909667969,76.51000213623047,76.29000091552734,76.48500061035156,47107,0.0,0.0,0.0
2023-02-15 14:30:00-05:00,76.5,76.54000091552734,76.3510971069336,76.44000244140625,56994,0.0,0.0,0.0
2023-02-15 15:30:00-05:00,76.44999694824219,76.62999725341797,76.44000244140625,76.61000061035156,47154,0.0,0.0,0.0
2023-02-16 09:30:00-05:00,75.76000213623047,75.97000122070312,75.55000305175781,75.88839721679688,0,0.0,0.0,0.0
2023-02-16 10:30:00-05:00,76.01460266113281,76.19000244140625,75.9800033569336,76.16999816894531,62442,0.0,0.0,0.0
2023-02-16 11:30:00-05:00,76.19000244140625,76.30000305175781,76.11000061035156,76.28500366210938,39390,0.0,0.0,0.0
2023-02-16 12:30:00-05:00,76.27999877929688,76.41000366210938,76.2323989868164,76.2323989868164,38442,0.0,0.0,0.0
2023-02-16 13:30:00-05:00,76.21379852294922,76.43499755859375,76.18830108642578,76.41999816894531,51036,0.0,0.0,0.0
2023-02-16 14:30:00-05:00,76.4260025024414,76.45999908447266,75.91639709472656,75.91639709472656,49886,0.0,0.0,0.0
2023-02-16 15:30:00-05:00,75.86000061035156,75.91999816894531,75.72000122070312,75.73500061035156,51817,0.0,0.0,0.0
2023-02-17 09:30:00-05:00,75.31999969482422,75.53500366210938,75.0199966430664,75.44000244140625,52457,0.0,0.0,0.0
2023-02-17 10:30:00-05:00,75.38999938964844,75.55999755859375,75.12000274658203,75.1500015258789,116805,0.0,0.0,0.0
2023-02-17 11:30:00-05:00,75.16000366210938,75.44000244140625,75.11129760742188,75.40910339355469,56948,0.0,0.0,0.0
2023-02-17 12:30:00-05:00,75.3499984741211,75.37989807128906,75.1500015258789,75.27120208740234,53421,0.0,0.0,0.0
2023-02-17 13:30:00-05:00,75.23179626464844,75.53009796142578,75.23179626464844,75.48999786376953,48391,0.0,0.0,0.0
2023-02-17 14:30:00-05:00,75.5,75.70999908447266,75.4800033569336,75.56999969482422,76169,0.0,0.0,0.0
2023-02-17 15:30:00-05:00,75.55999755859375,75.7300033569336,75.54000091552734,75.63999938964844,34437,0.0,0.0,0.0
2023-02-21 09:30:00-05:00,74.97000122070312,75.0199966430664,74.47000122070312,74.4800033569336,104925,0.0,0.0,0.0
2023-02-21 10:30:00-05:00,74.48999786376953,74.62999725341797,74.30000305175781,74.30000305175781,66680,0.0,0.0,0.0
2023-02-21 11:30:00-05:00,74.30000305175781,74.3499984741211,74.16999816894531,74.20999908447266,49464,0.0,0.0,0.0
2023-02-21 12:30:00-05:00,74.17019653320312,74.30000305175781,74.11000061035156,74.11250305175781,60715,0.0,0.0,0.0
2023-02-21 13:30:00-05:00,74.12000274658203,74.13990020751953,73.91300201416016,73.9999008178711,37349,0.0,0.0,0.0
2023-02-21 14:30:00-05:00,74.0082015991211,74.19999694824219,73.98690032958984,74.1050033569336,96943,0.0,0.0,0.0
2023-02-21 15:30:00-05:00,74.1500015258789,74.2300033569336,74.0199966430664,74.04000091552734,78370,0.0,0.0,0.0
2023-02-22 09:30:00-05:00,74.06999969482422,74.34639739990234,73.97100067138672,74.08450317382812,71495,0.0,0.0,0.0
2023-02-22 10:30:00-05:00,74.00910186767578,74.19000244140625,73.87999725341797,74.10310363769531,56989,0.0,0.0,0.0
2023-02-22 11:30:00-05:00,74.11000061035156,74.27999877929688,74.09310150146484,74.26000213623047,54912,0.0,0.0,0.0
2023-02-22 12:30:00-05:00,74.2699966430664,74.36199951171875,74.20999908447266,74.36000061035156,43094,0.0,0.0,0.0
2023-02-22 13:30:00-05:00,74.3386001586914,74.35449981689453,74.02999877929688,74.05999755859375,34513,0.0,0.0,0.0
2023-02-22 14:30:00-05:00,74.03199768066406,74.05000305175781,73.69000244140625,73.74530029296875,56490,0.0,0.0,0.0
2023-02-22 15:30:00-05:00,73.73269653320312,73.91000366210938,73.62879943847656,73.91000366210938,27370,0.0,0.0,0.0
2023-02-23 09:30:00-05:00,74.22000122070312,74.41999816894531,74.12000274658203,74.19000244140625,0,0.0,0.0,0.0
2023-02-23 10:30:00-05:00,74.11000061035156,74.20989990234375,73.6500015258789,73.6500015258789,83957,0.0,0.0,0.0
2023-02-23 11:30:00-05:00,73.66000366210938,73.69000244140625,73.29000091552734,73.4000015258789,47262,0.0,0.0,0.0
2023-02-23 12:30:00-05:00,73.38999938964844,73.58999633789062,73.36000061035156,73.55999755859375,39968,0.0,0.0,0.0
2023-02-23 13:30:00-05:00,73.55999755859375,73.93000030517578,73.497802734375,73.90190124511719,43610,0.0,0.0,0.0
2023-02-23 14:30:00-05:00,73.9646987915039,74.23999786376953,73.95999908447266,74.22000122070312,65488,0.0,0.0,0.0
2023-02-23 15:30:00-05:00,74.21260070800781,74.2500991821289,74.05000305175781,74.08999633789062,32661,0.0,0.0,0.0
2023-02-24 09:30:00-05:00,73.19000244140625,73.30500030517578,72.94190216064453,73.01499938964844,101682,0.0,0.0,0.0
2023-02-24 10:30:00-05:00,73.00499725341797,73.25499725341797,72.91000366210938,73.24870300292969,43402,0.0,0.0,0.0
2023-02-24 11:30:00-05:00,73.20500183105469,73.43949890136719,73.16500091552734,73.30500030517578,18901,0.0,0.0,0.0
2023-02-24 12:30:00-05:00,73.30999755859375,73.30999755859375,73.09989929199219,73.20999908447266,25519,0.0,0.0,0.0
2023-02-24 13:30:00-05:00,73.19999694824219,73.41999816894531,73.13800048828125,73.37000274658203,42411,0.0,0.0,0.0
2023-02-24 14:30:00-05:00,73.31919860839844,73.62000274658203,73.2593002319336,73.55999755859375,35396,0.0,0.0,0.0
2023-02-24 15:30:00-05:00,73.45880126953125,73.48999786376953,73.24500274658203,73.47000122070312,36701,0.0,0.0,0.0
2023-02-27 09:30:00-05:00,74.16999816894531,74.34249877929688,73.95709991455078,74.30000305175781,67656,0.0,0.0,0.0
2023-02-27 10:30:00-05:00,74.26000213623047,74.29000091552734,73.84140014648438,73.8499984741211,71470,0.0,0.0,0.0
2023-02-27 11:30:00-05:00,73.83000183105469,73.8499984741211,73.62999725341797,73.72000122070312,56434,0.0,0.0,0.0
2023-02-27 12:30:00-05:00,73.74720001220703,73.87000274658203,73.74720001220703,73.8031997680664,51688,0.0,0.0,0.0
2023-02-27 13:30:00-05:00,73.80000305175781,73.91999816894531,73.70999908447266,73.77999877929688,24906,0.0,0.0,0.0
2023-02-27 14:30:00-05:00,73.76200103759766,73.79000091552734,73.51000213623047,73.54000091552734,99646,0.0,0.0,0.0
2023-02-27 15:30:00-05:00,73.58000183105469,73.61000061035156,73.42479705810547,73.61000061035156,52020,0.0,0.0,0.0
2023-02-28 09:30:00-05:00,73.69999694824219,73.77220153808594,73.43000030517578,73.69999694824219,124545,0.0,0.0,0.0
2023-02-28 10:30:00-05:00,73.59500122070312,73.86000061035156,73.56999969482422,73.83000183105469,59957,0.0,0.0,0.0
2023-02-28 11:30:00-05:00,73.81990051269531,73.87000274658203,73.67500305175781,73.83280181884766,36205,0.0,0.0,0.0
2023-02-28 12:30:00-05:00,73.87000274658203,73.94999694824219,73.7698974609375,73.91000366210938,58957,0.0,0.0,0.0
2023-02-28 13:30:00-05:00,73.94999694824219,73.95999908447266,73.79789733886719,73.80000305175781,129584,0.0,0.0,0.0
2023-02-28 14:30:00-05:00,73.81999969482422,73.87999725341797,73.60990142822266,73.62000274658203,113899,0.0,0.0,0.0
2023-02-28 15:30:00-05:00,73.62999725341797,73.6500015258789,73.48999786376953,73.48999786376953,40352,0.0,0.0,0.0
2023-03-01 09:30:00-05:00,73.16999816894531,73.5,73.05370330810547,73.19999694824219,54807,0.0,0.0,0.0
2023-03-01 10:30:00-05:00,73.13999938964844,73.44999694824219,72.94000244140625,73.12999725341797,86816,0.0,0.0,0.0
2023-03-01 11:30:00-05:00,73.11669921875,73.45999908447266,73.11669921875,73.37000274658203,68969,0.0,0.0,0.0
2023-03-01 12:30:00-05:00,73.4000015258789,73.44000244140625,73.19999694824219,73.21990203857422,30008,0.0,0.0,0.0
2023-03-01 13:30:00-05:00,73.16259765625,73.19010162353516,73.01000213623047,73.01000213623047,50548,0.0,0.0,0.0
2023-03-01 14:30:00-05:00,72.98999786376953,73.1365966796875,72.927001953125,73.04000091552734,80351,0.0,0.0,0.0
2023-03-01 15:30:00-05:00,73.03800201416016,73.2300033569336,73.02999877929688,73.1500015258789,64775,0.0,0.0,0.0
2023-03-02 09:30:00-05:00,72.87000274658203,73.05000305175781,72.79000091552734,73.0457992553711,51976,0.0,0.0,0.0
2023-03-02 10:30:00-05:00,73.0156021118164,73.1500015258789,72.97000122070312,73.0,82930,0.0,0.0,0.0
2023-03-02 11:30:00-05:00,73.0,73.04000091552734,72.94300079345703,73.04000091552734,25148,0.0,0.0,0.0
2023-03-02 12:30:00-05:00,73.05999755859375,73.13999938964844,73.04000091552734,73.05500030517578,30545,0.0,0.0,0.0
2023-03-02 13:30:00-05:00,73.05000305175781,73.5770034790039,73.04019927978516,73.54000091552734,39027,0.0,0.0,0.0
2023-03-02 14:30:00-05:00,73.58049774169922,73.66000366210938,73.43000030517578,73.62999725341797,37833,0.0,0.0,0.0
2023-03-02 15:30:00-05:00,73.6500015258789,73.83999633789062,73.6500015258789,73.72000122070312,28351,0.0,0.0,0.0
2023-03-03 09:30:00-05:00,74.16000366210938,74.3115005493164,73.95099639892578,74.302001953125,78544,0.0,0.0,0.0
2023-03-03 10:30:00-05:00,74.33999633789062,74.37999725341797,74.19999694824219,74.33000183105469,69487,0.0,0.0,0.0
2023-03-03 11:30:00-05:00,74.3499984741211,74.58000183105469,74.31999969482422,74.51000213623047,73307,0.0,0.0,0.0
2023-03-03 12:30:00-05:00,74.52999877929688,74.68910217285156,74.5,74.6500015258789,54484,0.0,0.0,0.0
2023-03-03 13:30:00-05:00,74.66000366210938,74.77999877929688,74.59500122070312,74.77999877929688,41454,0.0,0.0,0.0
2023-03-03 14:30:00-05:00,74.7699966430664,74.93000030517578,74.76000213623047,74.82949829101562,58468,0.0,0.0,0.0
2023-03-03 15:30:00-05:00,74.83000183105469,74.87000274658203,74.73999786376953,74.8499984741211,27718,0.0,0.0,0.0
2023-03-06 09:30:00-05:00,75.0,75.33000183105469,74.94000244140625,75.25,51761,0.0,0.0,0.0
2023-03-06 10:30:00-05:00,75.23999786376953,75.30000305175781,75.07019805908203,75.08000183105469,145216,0.0,0.0,0.0
2023-03-06 11:30:00-05:00,75.08769989013672,75.18000030517578,75.0250015258789,75.08589935302734,71098,0.0,0.0,0.0
2023-03-06 12:30:00-05:00,75.06999969482422,75.06999969482422,74.80999755859375,74.83000183105469,36211,0.0,0.0,0.0
2023-03-06 13:30:00-05:00,74.83000183105469,74.83000183105469,74.66000366210938,74.71499633789062,60513,0.0,0.0,0.0
2023-03-06 14:30:00-05:00,74.75,74.75969696044922,74.58540344238281,74.58930206298828,47832,0.0,0.0,0.0
2023-03-06 15:30:00-05:00,74.58999633789062,74.69999694824219,74.58999633789062,74.6500015258789,0,0.0,0.0,0.0
2023-03-07 09:30:00-05:00,74.58000183105469,74.70999908447266,74.06880187988281,74.1500015258789,53079,0.0,0.0,0.0
2023-03-07 10:30:00-05:00,74.12999725341797,74.37999725341797,73.80999755859375,73.85160064697266,72583,0.0,0.0,0.0
2023-03-07 11:30:00-05:00,73.7699966430664,74.11150360107422,73.70050048828125,73.9302978515625,38150,0.0,0.0,0.0
2023-03-07 12:30:00-05:00,73.91999816894531,73.97000122070312,73.58000183105469,73.58999633789062,48308,0.0,0.0,0.0
2023-03-07 13:30:00-05:00,73.58899688720703,73.63999938964844,73.3718032836914,73.40019989013672,117662,0.0,0.0,0.0
2023-03-07 14:30:00-05:00,73.40350341796875,73.51110076904297,73.30000305175781,73.43000030517578,57356,0.0,0.0,0.0
2023-03-07 15:30:00-05:00,73.43589782714844,73.5999984741211,73.4000015258789,73.43000030517578,28757,0.0,0.0,0.0
2023-03-08 09:30:00-05:00,73.30999755859375,73.58000183105469,73.16000366210938,73.45809936523438,59333,0.0,0.0,0.0
2023-03-08 10:30:00-05:00,73.47000122070312,73.63999938964844,73.37020111083984,73.44000244140625,115985,0.0,0.0,0.0
2023-03-08 11:30:00-05:00,73.47000122070312,73.63999938964844,73.30999755859375,73.3499984741211,134536,0.0,0.0,0.0
2023-03-08 12:30:00-05:00,73.2300033569336,73.4000015258789,73.1343994140625,73.1343994140625,67793,0.0,0.0,0.0
2023-03-08 13:30:00-05:00,73.11000061035156,73.27999877929688,73.08380126953125,73.26499938964844,227732,0.0,0.0,0.0
2023-03-08 14:30:00-05:00,73.26499938964844,73.29000091552734,73.13999938964844,73.20050048828125,55932,0.0,0.0,0.0
2023-03-08 15:30:00-05:00,73.20999908447266,73.5353012084961,73.19999694824219,73.51000213623047,106604,0.0,0.0,0.0
2023-03-09 09:30:00-05:00,73.62000274658203,73.80999755859375,73.47000122070312,73.54000091552734,63297,0.0,0.0,0.0
2023-03-09 10:30:00-05:00,73.58000183105469,73.70999908447266,73.33999633789062,73.33999633789062,82610,0.0,0.0,0.0
2023-03-09 11:30:00-05:00,73.37000274658203,73.37999725341797,73.11000061035156,73.30000305175781,36157,0.0,0.0,0.0
2023-03-09 12:30:00-05:00,73.29000091552734,73.30169677734375,72.76000213623047,72.79180145263672,43108,0.0,0.0,0.0
2023-03-09 13:30:00-05:00,72.78500366210938,72.80000305175781,72.43949890136719,72.54000091552734,41272,0.0,0.0,0.0
2023-03-09 14:30:00-05:00,72.54000091552734,72.55999755859375,71.79000091552734,71.94999694824219,61062,0.0,0.0,0.0
2023-03-09 15:30:00-05:00,71.9800033569336,72.16999816894531,71.91000366210938,71.94999694824219,46049,0.0,0.0,0.0
2023-03-10 09:30:00-05:00,71.72000122070312,71.72000122070312,70.9000015258789,71.26000213623047,87622,0.0,0.0,0.0
2023-03-10 10:30:00-05:00,71.33999633789062,72.0199966430664,71.15709686279297,72.0199966430664,32120,0.0,0.0,0.0
2023-03-10 11:30:00-05:00,72.04000091552734,72.13999938964844,71.1500015258789,71.1500015258789,39163,0.0,0.0,0.0
2023-03-10 12:30:00-05:00,71.29499816894531,71.48999786376953,70.61499786376953,70.6500015258789,30512,0.0,0.0,0.0
2023-03-10 13:30:00-05:00,70.65799713134766,71.01000213623047,70.37000274658203,70.66999816894531,97158,0.0,0.0,0.0
2023-03-10 14:30:00-05:00,70.76000213623047,71.18000030517578,70.75,70.94000244140625,77971,0.0,0.0,0.0
2023-03-10 15:30:00-05:00,70.88809967041016,70.93000030517578,70.55000305175781,70.7699966430664,30981,0.0,0.0,0.0
2023-03-13 09:30:00-04:00,69.83999633789062,70.51000213623047,69.37999725341797,69.86399841308594,86271,0.0,0.0,0.0
2023-03-13 10:30:00-04:00,69.99919891357422,70.96499633789062,69.97989654541016,70.91000366210938,80987,0.0,0.0,0.0
2023-03-13 11:30:00-04:00,71.01000213623047,71.12999725341797,70.4800033569336,70.64929962158203,67192,0.0,0.0,0.0
2023-03-13 12:30:00-04:00,70.64219665527344,70.77400207519531,70.19989776611328,70.41000366210938,42748,0.0,0.0,0.0
2023-03-13 13:30:00-04:00,70.37999725341797,70.91500091552734,70.20999908447266,70.73619842529297,42334,0.0,0.0,0.0
2023-03-13 14:30:00-04:00,70.86000061035156,70.98999786376953,70.23809814453125,70.27999877929688,259251,0.0,0.0,0.0
2023-03-13 15:30:00-04:00,70.34010314941406,70.61000061035156,70.1697998046875,70.22000122070312,36018,0.0,0.0,0.0
2023-03-14 09:30:00-04:00,71.3499984741211,71.55999755859375,71.16999816894531,71.51000213623047,88208,0.0,0.0,0.0
2023-03-14 10:30:00-04:00,71.5199966430664,71.78450012207031,71.49549865722656,71.72000122070312,83230,0.0,0.0,0.0
2023-03-14 11:30:00-04:00,71.7300033569336,71.7699966430664,71.45999908447266,71.45999908447266,86790,0.0,0.0,0.0
2023-03-14 12:30:00-04:00,71.45999908447266,71.55999755859375,70.77999877929688,71.00430297851562,33726,0.0,0.0,0.0
2023-03-14 13:30:00-04:00,70.97000122070312,71.07499694824219,70.66999816894531,70.94999694824219,80562,0.0,0.0,0.0
2023-03-14 14:30:00-04:00,70.94000244140625,71.05000305175781,70.55999755859375,70.75,98812,0.0,0.0,0.0
2023-03-14 15:30:00-04:00,70.73999786376953,71.4000015258789,70.70999908447266,71.31999969482422,52487,0.0,0.0,0.0
2023-03-15 09:30:00-04:00,70.27999877929688,70.42960357666016,69.94499969482422,70.11000061035156,136149,0.0,0.0,0.0
2023-03-15 10:30:00-04:00,70.0999984741211,70.4000015258789,69.8499984741211,70.20999908447266,67830,0.0,0.0,0.0
2023-03-15 11:30:00-04:00,70.20999908447266,70.30000305175781,69.81999969482422,69.91169738769531,76074,0.0,0.0,0.0
2023-03-15 12:30:00-04:00,69.97000122070312,70.12000274658203,69.63999938964844,70.12000274658203,50522,0.0,0.0,0.0
2023-03-15 13:30:00-04:00,70.08999633789062,70.68000030517578,69.87999725341797,70.5,61756,0.0,0.0,0.0
2023-03-15 14:30:00-04:00,70.52950286865234,70.63999938964844,70.29000091552734,70.56999969482422,93885,0.0,0.0,0.0
2023-03-15 15:30:00-04:00,70.62000274658203,70.62999725341797,70.2300033569336,70.62999725341797,50770,0.0,0.0,0.0
2023-03-16 09:30:00-04:00,70.19999694824219,70.54000091552734,70.08000183105469,70.25990295410156,218105,0.0,0.0,0.0
2023-03-16 10:30:00-04:00,70.25,71.38999938964844,70.25,71.30999755859375,68865,0.0,0.0,0.0
2023-03-16 11:30:00-04:00,71.33190155029297,71.55999755859375,71.22000122070312,71.41999816894531,99424,0.0,0.0,0.0
2023-03-16 12:30:00-04:00,71.43890380859375,71.94000244140625,71.28009796142578,71.72000122070312,60510,0.0,0.0,0.0
2023-03-16 13:30:00-04:00,71.72000122070312,71.7300033569336,71.44000244140625,71.52999877929688,60722,0.0,0.0,0.0
2023-03-16 14:30:00-04:00,71.5,71.80000305175781,71.3499984741211,71.80000305175781,1050770,0.0,0.0,0.0
2023-03-16 15:30:00-04:00,71.76000213623047,71.872802734375,71.66999816894531,71.80000305175781,57805,0.0,0.0,0.0
2023-03-17 09:30:00-04:00,71.4800033569336,71.4800033569336,70.72000122070312,70.83000183105469,84506,0.0,0.0,0.0
2023-03-17 10:30:00-04:00,70.83999633789062,70.86000061035156,70.4800033569336,70.54019927978516,58844,0.0,0.0,0.0
2023-03-17 11:30:00-04:00,70.55999755859375,70.76000213623047,70.43000030517578,70.7300033569336,36124,0.0,0.0,0.0
2023-03-17 12:30:00-04:00,70.79010009765625,70.95999908447266,70.62999725341797,70.77999877929688,29200,0.0,0.0,0.0
2023-03-17 13:30:00-04:00,70.7699966430664,70.86869812011719,70.41329956054688,70.43009948730469,117405,0.0,0.0,0.0
2023-03-17 14:30:00-04:00,70.43000030517578,70.77999877929688,70.36109924316406,70.76000213623047,53019,0.0,0.0,0.0
2023-03-17 15:30:00-04:00,70.69000244140625,70.72000122070312,70.51000213623047,70.62999725341797,42272,0.0,0.0,0.0
2023-03-20 09:30:00-04:00,70.80999755859375,71.34989929199219,70.80999755859375,71.2300033569336,68514,0.0,0.0,0.0
2023-03-20 10:30:00-04:00,71.24040222167969,71.51000213623047,71.13999938964844,71.5,121105,0.0,0.0,0.0
2023-03-20 11:30:00-04:00,71.4800033569336,71.4800033569336,70.82119750976562,70.9800033569336,96834,0.0,0.0,0.0
2023-03-20 12:30:00-04:00,70.98999786376953,71.37999725341797,70.96260070800781,71.27999877929688,148067,0.0,0.0,0.0
2023-03-20 13:30:00-04:00,71.31999969482422,71.31999969482422,71.0199966430664,71.15910339355469,39777,0.0,0.0,0.0
2023-03-20 14:30:00-04:00,71.15989685058594,71.18499755859375,70.97000122070312,71.16500091552734,77473,0.0,0.0,0.0
2023-03-20 15:30:00-04:00,71.16000366210938,71.36000061035156,71.15499877929688,71.30999755859375,0,0.0,0.0,0.0
2023-03-21 09:30:00-04:00,71.97000122070312,72.23989868164062,71.87000274658203,71.9000015258789,99210,0.0,0.0,0.0
2023-03-21 10:30:00-04:00,71.93000030517578,72.12999725341797,71.87000274658203,72.08830261230469,52999,0.0,0.0,0.0
2023-03-21 11:30:00-04:00,72.06999969482422,72.0999984741211,71.79000091552734,71.91999816894531,49735,0.0,0.0,0.0
2023-03-21 12:30:00-04:00,71.93000030517578,71.95700073242188,71.7699966430664,71.87999725341797,34967,0.0,0.0,0.0
2023-03-21 13:30:00-04:00,71.90499877929688,71.95999908447266,71.73999786376953,71.91000366210938,32772,0.0,0.0,0.0
2023-03-21 14:30:00-04:00,71.92739868164062,72.1500015258789,71.86000061035156,72.06999969482422,414773,0.0,0.0,0.0
2023-03-21 15:30:00-04:00,72.08499908447266,72.29499816894531,72.05000305175781,72.12999725341797,27405,0.0,0.0,0.0
2023-03-22 09:30:00-04:00,72.12999725341797,72.25,71.93340301513672,72.25,58560,0.0,0.0,0.0
2023-03-22 10:30:00-04:00,72.26000213623047,72.26000213623047,71.97010040283203,71.97010040283203,46366,0.0,0.0,0.0
2023-03-22 11:30:00-04:00,71.97100067138672,72.01000213623047,71.84729766845703,71.9136962890625,90683,0.0,0.0,0.0
2023-03-22 12:30:00-04:00,71.89420318603516,71.89820098876953,71.7300033569336,71.86000061035156,26354,0.0,0.0,0.0
2023-03-22 13:30:00-04:00,71.8749008178711,72.5,71.81999969482422,72.10900115966797,85314,0.0,0.0,0.0
2023-03-22 14:30:00-04:00,72.152099609375,72.58000183105469,71.37999725341797,71.95999908447266,165332,0.0,0.0,0.0
2023-03-22 15:30:00-04:00,71.87999725341797,71.87999725341797,70.70999908447266,70.70999908447266,56761,0.0,0.0,0.0
2023-03-23 09:30:00-04:00,70.81999969482422,71.12000274658203,70.73500061035156,71.0250015258789,101961,0.0,0.0,0.0
2023-03-23 10:30:00-04:00,71.06999969482422,71.5176010131836,70.98999786376953,71.28839874267578,55580,0.0,0.0,0.0
2023-03-23 11:30:00-04:00,71.29000091552734,71.41999816894531,71.11979675292969,71.16999816894531,66802,0.0,0.0,0.0
2023-03-23 12:30:00-04:00,71.21800231933594,71.21800231933594,70.66999816894531,70.76439666748047,32990,0.0,0.0,0.0
2023-03-23 13:30:00-04:00,70.73999786376953,70.9000015258789,70.33000183105469,70.33000183105469,107291,0.0,0.0,0.0
2023-03-23 14:30:00-04:00,70.33989715576172,70.61000061035156,69.8499984741211,70.05000305175781,110749,0.0,0.0,0.0
2023-03-23 15:30:00-04:00,70.01830291748047,70.62999725341797,70.0,70.31999969482422,46232,0.0,0.0,0.0
2023-03-24 09:30:00-04:00,69.95999908447266,70.20999908447266,69.61009979248047,70.19779968261719,173874,0.0,0.0,0.0
2023-03-24 10:30:00-04:00,70.22000122070312,70.29000091552734,69.75,69.93419647216797,69470,0.0,0.0,0.0
2023-03-24 11:30:00-04:00,69.92780303955078,70.45999908447266,69.9000015258789,70.19200134277344,81661,0.0,0.0,0.0
2023-03-24 12:30:00-04:00,70.2490005493164,70.55000305175781,70.17459869384766,70.44000244140625,33510,0.0,0.0,0.0
2023-03-24 13:30:00-04:00,70.47669982910156,70.62300109863281,70.35330200195312,70.55999755859375,58514,0.0,0.0,0.0
2023-03-24 14:30:00-04:00,70.58000183105469,70.8324966430664,70.55999755859375,70.82170104980469,51616,0.0,0.0,0.0
2023-03-24 15:30:00-04:00,70.85579681396484,70.8904037475586,70.65499877929688,70.86000061035156,52279,0.0,0.0,0.0
2023-03-27 09:30:00-04:00,71.55000305175781,71.5999984741211,71.24079895019531,71.25,297247,0.0,0.0,0.0
2023-03-27 10:30:00-04:00,71.19000244140625,71.2300033569336,71.0199966430664,71.19000244140625,104933,0.0,0.0,0.0
2023-03-27 11:30:00-04:00,71.22989654541016,71.31500244140625,71.0645980834961,71.2699966430664,48631,0.0,0.0,0.0
2023-03-27 12:30:00-04:00,71.30000305175781,71.4000015258789,71.20999908447266,71.35890197753906,31583,0.0,0.0,0.0
2023-03-27 13:30:00-04:00,71.37999725341797,71.45999908447266,71.2699966430664,71.44999694824219,76271,0.0,0.0,0.0
2023-03-27 14:30:00-04:00,71.44000244140625,71.56999969482422,71.41000366210938,71.5199966430664,79373,0.0,0.0,0.0
2023-03-27 15:30:00-04:00,71.48030090332031,71.5199966430664,71.16999816894531,71.23999786376953,29629,0.0,0.0,0.0
2023-03-28 09:30:00-04:00,71.05999755859375,71.45999908447266,71.01000213623047,71.33000183105469,89207,0.0,0.0,0.0
2023-03-28 10:30:00-04:00,71.37999725341797,71.37999725341797,71.11000061035156,71.30590057373047,55038,0.0,0.0,0.0
2023-03-28 11:30:00-04:00,71.33619689941406,71.41000366210938,71.24030303955078,71.27999877929688,47157,0.0,0.0,0.0
2023-03-28 12:30:00-04:00,71.26000213623047,71.28009796142578,71.0999984741211,71.10800170898438,43386,0.0,0.0,0.0
2023-03-28 13:30:00-04:00,71.11000061035156,71.11000061035156,70.91999816894531,71.03949737548828,160063,0.0,0.0,0.0
2023-03-28 14:30:00-04:00,71.02999877929688,71.20999908447266,70.9813003540039,71.08450317382812,89757,0.0,0.0,0.0
2023-03-28 15:30:00-04:00,71.07499694824219,71.27999877929688,71.04000091552734,71.25,60914,0.0,0.0,0.0
2023-03-29 09:30:00-04:00,71.98999786376953,72.11000061035156,71.91999816894531,71.99849700927734,329449,0.0,0.0,0.0
2023-03-29 10:30:00-04:00,72.02999877929688,72.03279876708984,71.85990142822266,71.95999908447266,73686,0.0,0.0,0.0
2023-03-29 11:30:00-04:00,71.97000122070312,72.1395034790039,71.97000122070312,72.12999725341797,74325,0.0,0.0,0.0
2023-03-29 12:30:00-04:00,72.0999984741211,72.19000244140625,72.0199966430664,72.19000244140625,62553,0.0,0.0,0.0
2023-03-29 13:30:00-04:00,72.16999816894531,72.16999816894531,72.01000213623047,72.08499908447266,62428,0.0,0.0,0.0
2023-03-29 14:30:00-04:00,72.08999633789062,72.3499984741211,72.06999969482422,72.33999633789062,801688,0.0,0.0,0.0
2023-03-29 15:30:00-04:00,72.30999755859375,72.41000366210938,72.25,72.3499984741211,112680,0.0,0.0,0.0
2023-03-30 09:30:00-04:00,72.95999908447266,73.0,72.73999786376953,72.88829803466797,371209,0.0,0.0,0.0
2023-03-30 10:30:00-04:00,72.88999938964844,72.9583969116211,72.72139739990234,72.78520202636719,62736,0.0,0.0,0.0
2023-03-30 11:30:00-04:00,72.79830169677734,72.79830169677734,72.62000274658203,72.62999725341797,22425,0.0,0.0,0.0
2023-03-30 12:30:00-04:00,72.56999969482422,72.61900329589844,72.47000122070312,72.54000091552734,47185,0.0,0.0,0.0
2023-03-30 13:30:00-04:00,72.5199966430664,72.66999816894531,72.41000366210938,72.66000366210938,59473,0.0,0.0,0.0
2023-03-30 14:30:00-04:00,72.67169952392578,72.73899841308594,72.59739685058594,72.69000244140625,140035,0.0,0.0,0.0
2023-03-30 15:30:00-04:00,72.66999816894531,72.7699966430664,72.66999816894531,72.76000213623047,62827,0.0,0.0,0.0
2023-03-31 09:30:00-04:00,73.02999877929688,73.19110107421875,73.0199966430664,73.15399932861328,62610,0.0,0.0,0.0
2023-03-31 10:30:00-04:00,73.19999694824219,73.41010284423828,73.1488037109375,73.36000061035156,74457,0.0,0.0,0.0
2023-03-31 11:30:00-04:00,73.36000061035156,73.47000122070312,73.33999633789062,73.41000366210938,32976,0.0,0.0,0.0
2023-03-31 12:30:00-04:00,73.43939971923828,73.43939971923828,73.30000305175781,73.30000305175781,30600,0.0,0.0,0.0
2023-03-31 13:30:00-04:00,73.27989959716797,73.4000015258789,73.23999786376953,73.33999633789062,35395,0.0,0.0,0.0
2023-03-31 14:30:00-04:00,73.31999969482422,73.66999816894531,73.30999755859375,73.63999938964844,68052,0.0,0.0,0.0
2023-03-31 15:30:00-04:00,73.6500015258789,73.80000305175781,73.51000213623047,73.75,30667,0.0,0.0,0.0
2023-04-03 09:30:00-04:00,73.5999984741211,74.02999877929688,73.58999633789062,74.01020050048828,259678,0.0,0.0,0.0
2023-04-03 10:30:00-04:00,74.04000091552734,74.04000091552734,73.44000244140625,73.52999877929688,320902,0.0,0.0,0.0
2023-04-03 11:30:00-04:00,73.5199966430664,73.72000122070312,73.5199966430664,73.69499969482422,58153,0.0,0.0,0.0
2023-04-03 12:30:00-04:00,73.68990325927734,73.70999908447266,73.55000305175781,73.5999984741211,396559,0.0,0.0,0.0
2023-04-03 13:30:00-04:00,73.55999755859375,73.63999938964844,73.49500274658203,73.62000274658203,161993,0.0,0.0,0.0
2023-04-03 14:30:00-04:00,73.61990356445312,73.80000305175781,73.6050033569336,73.76000213623047,278082,0.0,0.0,0.0
2023-04-03 15:30:00-04:00,73.76000213623047,73.8198013305664,73.72000122070312,73.7699966430664,50637,0.0,0.0,0.0
2023-04-04 09:30:00-04:00,73.94000244140625,73.94000244140625,73.5199966430664,73.53949737548828,107535,0.0,0.0,0.0
2023-04-04 10:30:00-04:00,73.56990051269531,73.62999725341797,73.0999984741211,73.22000122070312,103393,0.0,0.0,0.0
2023-04-04 11:30:00-04:00,73.20999908447266,73.24140167236328,72.95770263671875,73.12999725341797,254086,0.0,0.0,0.0
2023-04-04 12:30:00-04:00,73.13809967041016,73.2699966430664,73.06999969482422,73.25499725341797,26536,0.0,0.0,0.0
2023-04-04 13:30:00-04:00,73.29000091552734,73.30000305175781,73.05549621582031,73.05549621582031,111988,0.0,0.0,0.0
2023-04-04 14:30:00-04:00,73.05000305175781,73.22000122070312,73.0199966430664,73.09989929199219,346648,0.0,0.0,0.0
2023-04-04 15:30:00-04:00,73.09989929199219,73.2699966430664,73.05000305175781,73.2699966430664,43111,0.0,0.0,0.0
2023-04-05 09:30:00-04:00,73.04000091552734,73.30999755859375,73.00039672851562,73.02999877929688,125609,0.0,0.0,0.0
2023-04-05 10:30:00-04:00,73.0250015258789,73.11000061035156,72.83999633789062,72.88999938964844,61485,0.0,0.0,0.0
2023-04-05 11:30:00-04:00,72.9000015258789,73.05000305175781,72.82260131835938,72.8510971069336,50747,0.0,0.0,0.0
2023-04-05 12:30:00-04:00,72.85810089111328,73.04229736328125,72.81500244140625,73.0198974609375,82895,0.0,0.0,0.0
2023-04-05 13:30:00-04:00,73.0479965209961,73.11000061035156,72.93170166015625,73.01000213623047,48752,0.0,0.0,0.0
2023-04-05 14:30:00-04:00,73.0,73.08999633789062,72.95989990234375,73.01000213623047,61434,0.0,0.0,0.0
2023-04-05 15:30:00-04:00,73.0199966430664,73.11499786376953,73.01499938964844,73.08999633789062,45733,0.0,0.0,0.0
2023-04-06 09:30:00-04:00,72.88999938964844,73.05999755859375,72.79840087890625,72.9000015258789,99285,0.0,0.0,0.0
2023-04-06 10:30:00-04:00,72.93409729003906,72.98429870605469,72.79000091552734,72.95500183105469,51081,0.0,0.0,0.0
2023-04-06 11:30:00-04:00,72.9352035522461,73.17369842529297,72.92009735107422,73.1604995727539,64518,0.0,0.0,0.0
2023-04-06 12:30:00-04:00,73.18000030517578,73.33000183105469,73.18000030517578,73.29679870605469,70126,0.0,0.0,0.0
2023-04-06 13:30:00-04:00,73.32350158691406,73.32350158691406,73.19999694824219,73.2699966430664,50089,0.0,0.0,0.0
2023-04-06 14:30:00-04:00,73.29499816894531,73.30789947509766,73.16010284423828,73.23989868164062,111383,0.0,0.0,0.0
2023-04-06 15:30:00-04:00,73.24659729003906,73.30000305175781,73.22000122070312,73.29000091552734,39442,0.0,0.0,0.0
2023-04-10 09:30:00-04:00,72.9800033569336,73.20999908447266,72.864501953125,73.08000183105469,105473,0.0,0.0,0.0
2023-04-10 10:30:00-04:00,73.08999633789062,73.2300033569336,73.08999633789062,73.1417007446289,73512,0.0,0.0,0.0
2023-04-10 11:30:00-04:00,73.16000366210938,73.20999908447266,72.94999694824219,73.05000305175781,39271,0.0,0.0,0.0
2023-04-10 12:30:00-04:00,73.05999755859375,73.40599822998047,73.05999755859375,73.36000061035156,70529,0.0,0.0,0.0
2023-04-10 13:30:00-04:00,73.36710357666016,73.43990325927734,73.30000305175781,73.37000274658203,66627,0.0,0.0,0.0
2023-04-10 14:30:00-04:00,73.41560363769531,73.47000122070312,73.3301010131836,73.37999725341797,43056,0.0,0.0,0.0
2023-04-10 15:30:00-04:00,73.38999938964844,73.54000091552734,73.38990020751953,73.52999877929688,45483,0.0,0.0,0.0
2023-04-11 09:30:00-04:00,73.62999725341797,73.7699966430664,73.60009765625,73.7699966430664,49021,0.0,0.0,0.0
2023-04-11 10:30:00-04:00,73.79989624023438,73.79989624023438,73.58000183105469,73.75,76456,0.0,0.0,0.0
2023-04-11 11:30:00-04:00,73.75,73.87000274658203,73.69000244140625,73.83000183105469,62820,0.0,0.0,0.0
2023-04-11 12:30:00-04:00,73.82489776611328,73.87000274658203,73.76000213623047,73.83499908447266,60951,0.0,0.0,0.0
2023-04-11 13:30:00-04:00,73.83999633789062,73.94000244140625,73.80560302734375,73.92150115966797,55224,0.0,0.0,0.0
2023-04-11 14:30:00-04:00,73.93000030517578,73.98999786376953,73.89089965820312,73.96829986572266,123606,0.0,0.0,0.0
2023-04-11 15:30:00-04:00,73.97000122070312,73.98829650878906,73.65499877929688,73.72000122070312,107695,0.0,0.0,0.0
2023-04-12 09:30:00-04:00,74.05999755859375,74.21829986572266,73.9000015258789,74.02999877929688,60807,0.0,0.0,0.0
2023-04-12 10:30:00-04:00,74.02999877929688,74.03500366210938,73.44999694824219,73.68080139160156,97368,0.0,0.0,0.0
2023-04-12 11:30:00-04:00,73.68000030517578,73.864501953125,73.64189910888672,73.86000061035156,57297,0.0,0.0,0.0
2023-04-12 12:30:00-04:00,73.86000061035156,73.99829864501953,73.77999877929688,73.98999786376953,111381,0.0,0.0,0.0
2023-04-12 13:30:00-04:00,74.01000213623047,74.03829956054688,73.69000244140625,73.70999908447266,50816,0.0,0.0,0.0
2023-04-12 14:30:00-04:00,73.69000244140625,73.69000244140625,73.30999755859375,73.33999633789062,118809,0.0,0.0,0.0
2023-04-12 15:30:00-04:00,73.30999755859375,73.47000122070312,73.30000305175781,73.4000015258789,65677,0.0,0.0,0.0
2023-04-13 09:30:00-04:00,73.5999984741211,73.69000244140625,73.33999633789062,73.68499755859375,82127,0.0,0.0,0.0
2023-04-13 10:30:00-04:00,73.69000244140625,73.69000244140625,73.58000183105469,73.63999938964844,83274,0.0,0.0,0.0
2023-04-13 11:30:00-04:00,73.63999938964844,73.80000305175781,73.58999633789062,73.7947006225586,28180,0.0,0.0,0.0
2023-04-13 12:30:00-04:00,73.80000305175781,73.94000244140625,73.73989868164062,73.91000366210938,55652,0.0,0.0,0.0
2023-04-13 13:30:00-04:00,73.8916015625,74.13999938964844,73.87999725341797,74.10980224609375,35284,0.0,0.0,0.0
2023-04-13 14:30:00-04:00,74.10310363769531,74.21119689941406,74.08000183105469,74.16000366210938,83288,0.0,0.0,0.0
2023-04-13 15:30:00-04:00,74.14810180664062,74.19989776611328,74.08000183105469,74.12000274658203,39046,0.0,0.0,0.0
2023-04-14 09:30:00-04:00,74.2300033569336,74.5779037475586,74.05999755859375,74.08999633789062,112558,0.0,0.0,0.0
2023-04-14 10:30:00-04:00,74.08999633789062,74.12999725341797,73.88999938964844,73.9000015258789,54949,0.0,0.0,0.0
2023-04-14 11:30:00-04:00,73.89839935302734,73.95999908447266,73.81500244140625,73.84809875488281,38339,0.0,0.0,0.0
2023-04-14 12:30:00-04:00,73.80999755859375,73.86990356445312,73.6500015258789,73.74500274658203,40134,0.0,0.0,0.0
2023-04-14 13:30:00-04:00,73.63999938964844,73.9000015258789,73.63719940185547,73.88999938964844,32712,0.0,0.0,0.0
2023-04-14 14:30:00-04:00,73.91999816894531,73.94000244140625,73.69000244140625,73.86039733886719,37628,0.0,0.0,0.0
2023-04-14 15:30:00-04:00,73.84760284423828,74.05000305175781,73.84760284423828,74.0199966430664,47096,0.0,0.0,0.0
2023-04-17 09:30:00-04:00,74.0999984741211,74.27999877929688,74.06909942626953,74.25,185870,0.0,0.0,0.0
2023-04-17 10:30:00-04:00,74.25,74.33000183105469,74.14099884033203,74.19000244140625,145257,0.0,0.0,0.0
2023-04-17 11:30:00-04:00,74.19000244140625,74.19000244140625,74.01000213623047,74.13999938964844,75394,0.0,0.0,0.0
2023-04-17 12:30:00-04:00,74.16999816894531,74.20690155029297,74.08999633789062,74.16999816894531,49292,0.0,0.0,0.0
2023-04-17 13:30:00-04:00,74.16999816894531,74.19010162353516,74.0,74.12480163574219,867950,0.0,0.0,0.0
2023-04-17 14:30:00-04:00,74.12000274658203,74.49939727783203,74.12000274658203,74.48999786376953,72103,0.0,0.0,0.0
2023-04-17 15:30:00-04:00,74.4800033569336,74.55999755859375,74.37409973144531,74.55999755859375,85983,0.0,0.0,0.0
2023-04-18 09:30:00-04:00,74.79000091552734,74.83000183105469,74.47000122070312,74.47000122070312,0,0.0,0.0,0.0
2023-04-18 10:30:00-04:00,74.37000274658203,74.48400115966797,74.30110168457031,74.38739776611328,54430,0.0,0.0,0.0
2023-04-18 11:30:00-04:00,74.4000015258789,74.51010131835938,74.29499816894531,74.51010131835938,94527,0.0,0.0,0.0
2023-04-18 12:30:00-04:00,74.54000091552734,74.56999969482422,74.44999694824219,74.46050262451172,29379,0.0,0.0,0.0
2023-04-18 13:30:00-04:00,74.4800033569336,74.62000274658203,74.4800033569336,74.60820007324219,40233,0.0,0.0,0.0
2023-04-18 14:30:00-04:00,74.5999984741211,74.63999938964844,74.41000366210938,74.58999633789062,54432,0.0,0.0,0.0
2023-04-18 15:30:00-04:00,74.58000183105469,74.66999816894531,74.56999969482422,74.62000274658203,43220,0.0,0.0,0.0
2023-04-19 09:30:00-04:00,74.19000244140625,74.45999908447266,74.19000244140625,74.43000030517578,92173,0.0,0.0,0.0
2023-04-19 10:30:00-04:00,74.42250061035156,74.5282974243164,74.41000366210938,74.43499755859375,47312,0.0,0.0,0.0
2023-04-19 11:30:00-04:00,74.44000244140625,74.54830169677734,74.39009857177734,74.54830169677734,40405,0.0,0.0,0.0
2023-04-19 12:30:00-04:00,74.54000091552734,74.66000366210938,74.52999877929688,74.62999725341797,29853,0.0,0.0,0.0
2023-04-19 13:30:00-04:00,74.63030242919922,74.7699966430664,74.5885009765625,74.7300033569336,41106,0.0,0.0,0.0
2023-04-19 14:30:00-04:00,74.73999786376953,74.77410125732422,74.66999816894531,74.73999786376953,72370,0.0,0.0,0.0
2023-04-19 15:30:00-04:00,74.73100280761719,74.75499725341797,74.55999755859375,74.66000366210938,35014,0.0,0.0,0.0
2023-04-20 09:30:00-04:00,74.11000061035156,74.33999633789062,74.11000061035156,74.33200073242188,63833,0.0,0.0,0.0
2023-04-20 10:30:00-04:00,74.3499984741211,74.44000244140625,74.2699966430664,74.28800201416016,66936,0.0,0.0,0.0
2023-04-20 11:30:00-04:00,74.2301025390625,74.33000183105469,74.19450378417969,74.31999969482422,29098,0.0,0.0,0.0
2023-04-20 12:30:00-04:00,74.32009887695312,74.4800033569336,74.30000305175781,74.4800033569336,23800,0.0,0.0,0.0
2023-04-20 13:30:00-04:00,74.5,74.50769805908203,74.33499908447266,74.33499908447266,73148,0.0,0.0,0.0
2023-04-20 14:30:00-04:00,74.33000183105469,74.33000183105469,73.94000244140625,73.95999908447266,49585,0.0,0.0,0.0
2023-04-20 15:30:00-04:00,74.0,74.19000244140625,73.97000122070312,74.18000030517578,39725,0.0,0.0,0.0
2023-04-21 09:30:00-04:00,74.23999786376953,74.25779724121094,73.9646987915039,74.2300033569336,252712,0.0,0.0,0.0
2023-04-21 10:30:00-04:00,74.20709991455078,74.239501953125,73.9000015258789,74.052001953125,45661,0.0,0.0,0.0
2023-04-21 11:30:00-04:00,74.09609985351562,74.19000244140625,74.01000213623047,74.08100128173828,51687,0.0,0.0,0.0
2023-04-21 12:30:00-04:00,74.08879852294922,74.19889831542969,74.06849670410156,74.12999725341797,17257,0.0,0.0,0.0
2023-04-21 13:30:00-04:00,74.12000274658203,74.37000274658203,74.12000274658203,74.30999755859375,50364,0.0,0.0,0.0
2023-04-21 14:30:00-04:00,74.3136978149414,74.33000183105469,74.17009735107422,74.2300033569336,45306,0.0,0.0,0.0
2023-04-21 15:30:00-04:00,74.2300033569336,74.30999755859375,74.16999816894531,74.2699966430664,21036,0.0,0.0,0.0
2023-04-24 09:30:00-04:00,74.25,74.41829681396484,74.25,74.38999938964844,99179,0.0,0.0,0.0
2023-04-24 10:30:00-04:00,74.44000244140625,74.44000244140625,74.08000183105469,74.12000274658203,38550,0.0,0.0,0.0
2023-04-24 11:30:00-04:00,74.12000274658203,74.12999725341797,74.0,74.12999725341797,66461,0.0,0.0,0.0
2023-04-24 12:30:00-04:00,74.13999938964844,74.18000030517578,74.11000061035156,74.1760025024414,35032,0.0,0.0,0.0
2023-04-24 13:30:00-04:00,74.17500305175781,74.26090240478516,74.12000274658203,74.1500015258789,33874,0.0,0.0,0.0
2023-04-24 14:30:00-04:00,74.15499877929688,74.25,74.10990142822266,74.2300033569336,38818,0.0,0.0,0.0
2023-04-24 15:30:00-04:00,74.22000122070312,74.30000305175781,74.19000244140625,74.27999877929688,68979,0.0,0.0,0.0
2023-04-25 09:30:00-04:00,73.83000183105469,73.91999816894531,73.63999938964844,73.66999816894531,41245,0.0,0.0,0.0
2023-04-25 10:30:00-04:00,73.65180206298828,73.81999969482422,73.58999633789062,73.69000244140625,142238,0.0,0.0,0.0
2023-04-25 11:30:00-04:00,73.62010192871094,73.63999938964844,73.53759765625,73.54429626464844,49850,0.0,0.0,0.0
2023-04-25 12:30:00-04:00,73.55000305175781,73.5791015625,73.16010284423828,73.26000213623047,33913,0.0,0.0,0.0
2023-04-25 13:30:00-04:00,73.25,73.2593994140625,73.12000274658203,73.21289825439453,82093,0.0,0.0,0.0
2023-04-25 14:30:00-04:00,73.22000122070312,73.2699966430664,73.12000274658203,73.19730377197266,81586,0.0,0.0,0.0
2023-04-25 15:30:00-04:00,73.19999694824219,73.23999786376953,73.05000305175781,73.05999755859375,45966,0.0,0.0,0.0
2023-04-26 09:30:00-04:00,73.23999786376953,73.31999969482422,72.9000015258789,72.94999694824219,0,0.0,0.0,0.0
2023-04-26 10:30:00-04:00,72.95999908447266,73.23999786376953,72.95999908447266,73.22000122070312,30035,0.0,0.0,0.0
2023-04-26 11:30:00-04:00,73.24259948730469,73.31999969482422,73.1615982055664,73.17539978027344,38801,0.0,0.0,0.0
2023-04-26 12:30:00-04:00,73.1395034790039,73.18000030517578,73.01000213623047,73.01000213623047,261903,0.0,0.0,0.0
2023-04-26 13:30:00-04:00,73.04499816894531,73.06939697265625,72.70999908447266,72.83999633789062,37139,0.0,0.0,0.0
2023-04-26 14:30:00-04:00,72.83999633789062,72.83999633789062,72.56800079345703,72.61000061035156,71061,0.0,0.0,0.0
2023-04-26 15:30:00-04:00,72.625,72.7300033569336,72.5426025390625,72.66999816894531,43050,0.0,0.0,0.0
2023-04-27 09:30:00-04:00,73.25,73.5999984741211,73.25,73.5199966430664,78494,0.0,0.0,0.0
2023-04-27 10:30:00-04:00,73.55999755859375,73.60990142822266,73.3499984741211,73.59339904785156,62643,0.0,0.0,0.0
2023-04-27 11:30:00-04:00,73.6041030883789,73.83889770507812,73.57099914550781,73.81500244140625,42998,0.0,0.0,0.0
2023-04-27 12:30:00-04:00,73.80000305175781,73.83999633789062,73.76000213623047,73.82879638671875,26504,0.0,0.0,0.0
2023-04-27 13:30:00-04:00,73.8644027709961,74.18000030517578,73.86219787597656,74.18000030517578,42362,0.0,0.0,0.0
2023-04-27 14:30:00-04:00,74.18990325927734,74.31999969482422,74.1500015258789,74.24019622802734,43923,0.0,0.0,0.0
2023-04-27 15:30:00-04:00,74.22000122070312,74.27999877929688,74.19499969482422,74.25830078125,30914,0.0,0.0,0.0
2023-04-28 09:30:00-04:00,74.18000030517578,74.79000091552734,74.18000030517578,74.72100067138672,114045,0.0,0.0,0.0
2023-04-28 10:30:00-04:00,74.73999786376953,74.83000183105469,74.40010070800781,74.65010070800781,42798,0.0,0.0,0.0
2023-04-28 11:30:00-04:00,74.71849822998047,74.81999969482422,74.67900085449219,74.79060363769531,17673,0.0,0.0,0.0
2023-04-28 12:30:00-04:00,74.80999755859375,74.87999725341797,74.7583999633789,74.8499984741211,31892,0.0,0.0,0.0
2023-04-28 13:30:00-04:00,74.87000274658203,74.881103515625,74.72000122070312,74.74500274658203,94837,0.0,0.0,0.0
2023-04-28 14:30:00-04:00,74.75,74.87000274658203,74.63999938964844,74.75,39400,0.0,0.0,0.0
2023-04-28 15:30:00-04:00,74.77999877929688,74.91999816894531,74.7218017578125,74.91000366210938,127189,0.0,0.0,0.0
2023-05-01 09:30:00-04:00,74.97000122070312,75.1500015258789,74.9000015258789,75.0,236286,0.0,0.0,0.0
2023-05-01 10:30:00-04:00,75.0199966430664,75.20999908447266,74.87000274658203,74.93000030517578,213824,0.0,0.0,0.0
2023-05-01 11:30:00-04:00,74.91000366210938,75.12799835205078,74.88999938964844,75.11499786376953,61741,0.0,0.0,0.0
2023-05-01 12:30:00-04:00,75.12000274658203,75.23999786376953,75.02999877929688,75.02999877929688,26796,0.0,0.0,0.0
2023-05-01 13:30:00-04:00,75.0,75.08000183105469,74.95999908447266,74.97000122070312,79173,0.0,0.0,0.0
2023-05-01 14:30:00-04:00,74.97000122070312,74.97000122070312,74.77899932861328,74.80999755859375,62031,0.0,0.0,0.0
2023-05-01 15:30:00-04:00,74.83999633789062,74.88999938964844,74.73999786376953,74.81999969482422,75976,0.0,0.0,0.0
2023-05-02 09:30:00-04:00,74.63999938964844,74.63999938964844,73.80500030517578,73.81230163574219,85111,0.0,0.0,0.0
2023-05-02 10:30:00-04:00,73.75,73.76000213623047,73.30000305175781,73.36250305175781,69302,0.0,0.0,0.0
2023-05-02 11:30:00-04:00,73.3936996459961,73.58999633789062,73.24579620361328,73.56999969482422,55815,0.0,0.0,0.0
2023-05-02 12:30:00-04:00,73.56999969482422,73.71980285644531,73.54000091552734,73.71980285644531,27784,0.0,0.0,0.0
2023-05-02 13:30:00-04:00,73.7300033569336,73.88500213623047,73.62000274658203,73.66000366210938,40549,0.0,0.0,0.0
2023-05-02 14:30:00-04:00,73.69999694824219,73.95040130615234,73.66999816894531,73.93470001220703,57907,0.0,0.0,0.0
2023-05-02 15:30:00-04:00,73.8949966430664,73.94000244140625,73.80999755859375,73.86000061035156,0,0.0,0.0,0.0
2023-05-03 09:30:00-04:00,73.9000015258789,74.18000030517578,73.83999633789062,74.01000213623047,91758,0.0,0.0,0.0
2023-05-03 10:30:00-04:00,74.00959777832031,74.02999877929688,73.75,73.84989929199219,63963,0.0,0.0,0.0
2023-05-03 11:30:00-04:00,73.81990051269531,74.02999877929688,73.81990051269531,74.02999877929688,79753,0.0,0.0,0.0
2023-05-03 12:30:00-04:00,74.04000091552734,74.1500015258789,73.99230194091797,74.1500015258789,56716,0.0,0.0,0.0
2023-05-03 13:30:00-04:00,74.16000366210938,74.27999877929688,73.94000244140625,74.13710021972656,50026,0.0,0.0,0.0
2023-05-03 14:30:00-04:00,74.11000061035156,74.31880187988281,73.48780059814453,73.61000061035156,67024,0.0,0.0,0.0
2023-05-03 15:30:00-04:00,73.36399841308594,73.41999816894531,73.26000213623047,73.30000305175781,46213,0.0,0.0,0.0
2023-05-04 09:30:00-04:00,73.13999938964844,73.1698989868164,72.44000244140625,72.45999908447266,73140,0.0,0.0,0.0
2023-05-04 10:30:00-04:00,72.43000030517578,72.87000274658203,72.38999938964844,72.62000274658203,47464,0.0,0.0,0.0
2023-05-04 11:30:00-04:00,72.65989685058594,72.70999908447266,72.375,72.68499755859375,59503,0.0,0.0,0.0
2023-05-04 12:30:00-04:00,72.75,73.01000213623047,72.58999633789062,72.87000274658203,41949,0.0,0.0,0.0
2023-05-04 13:30:00-04:00,72.91999816894531,72.98280334472656,72.68499755859375,72.68499755859375,45508,0.0,0.0,0.0
2023-05-04 14:30:00-04:00,72.62000274658203,72.87000274658203,72.55999755859375,72.69499969482422,47905,0.0,0.0,0.0
2023-05-04 15:30:00-04:00,72.69999694824219,72.8499984741211,72.5999984741211,72.6500015258789,42217,0.0,0.0,0.0
2023-05-05 09:30:00-04:00,73.30000305175781,73.55789947509766,73.25,73.4800033569336,75181,0.0,0.0,0.0
2023-05-05 10:30:00-04:00,73.52999877929688,73.5999984741211,73.45999908447266,73.53500366210938,35743,0.0,0.0,0.0
2023-05-05 11:30:00-04:00,73.52999877929688,73.55000305175781,73.4552993774414,73.52999877929688,48437,0.0,0.0,0.0
2023-05-05 12:30:00-04:00,73.51570129394531,73.62000274658203,73.37000274658203,73.62000274658203,14925,0.0,0.0,0.0
2023-05-05 13:30:00-04:00,73.64830017089844,73.81999969482422,73.63240051269531,73.79450225830078,28302,0.0,0.0,0.0
2023-05-05 14:30:00-04:00,73.81999969482422,74.01000213623047,73.79000091552734,73.90290069580078,52516,0.0,0.0,0.0
2023-05-05 15:30:00-04:00,73.88999938964844,73.91999816894531,73.7699966430664,73.80000305175781,29676,0.0,0.0,0.0
2023-05-08 09:30:00-04:00,73.87999725341797,74.0199966430664,73.63999938964844,73.63999938964844,70350,0.0,0.0,0.0
2023-05-08 10:30:00-04:00,73.66000366210938,73.8499984741211,73.66000366210938,73.70570373535156,66381,0.0,0.0,0.0
2023-05-08 11:30:00-04:00,73.65029907226562,73.80000305175781,73.65029907226562,73.70999908447266,87304,0.0,0.0,0.0
2023-05-08 12:30:00-04:00,73.69000244140625,73.7500991821289,73.62220001220703,73.70999908447266,15844,0.0,0.0,0.0
2023-05-08 13:30:00-04:00,73.72689819335938,73.8499984741211,73.58999633789062,73.81999969482422,51860,0.0,0.0,0.0
2023-05-08 14:30:00-04:00,73.86000061035156,73.9000015258789,73.75499725341797,73.76210021972656,43936,0.0,0.0,0.0
2023-05-08 15:30:00-04:00,73.76370239257812,73.85990142822266,73.76000213623047,73.7699966430664,106074,0.0,0.0,0.0
2023-05-09 09:30:00-04:00,73.47979736328125,73.5199966430664,73.30229949951172,73.48999786376953,43871,0.0,0.0,0.0
2023-05-09 10:30:00-04:00,73.48999786376953,73.597900390625,73.43219757080078,73.52989959716797,65817,0.0,0.0,0.0
2023-05-09 11:30:00-04:00,73.55000305175781,73.59839630126953,73.44000244140625,73.45500183105469,78743,0.0,0.0,0.0
2023-05-09 12:30:00-04:00,73.46499633789062,73.56990051269531,73.44999694824219,73.55999755859375,17693,0.0,0.0,0.0
2023-05-09 13:30:00-04:00,73.58499908447266,73.72850036621094,73.54519653320312,73.66000366210938,39770,0.0,0.0,0.0
2023-05-09 14:30:00-04:00,73.65010070800781,73.68170166015625,73.56999969482422,73.62999725341797,61942,0.0,0.0,0.0
2023-05-09 15:30:00-04:00,73.62000274658203,73.66819763183594,73.5,73.5,32929,0.0,0.0,0.0
2023-05-10 09:30:00-04:00,74.01000213623047,74.15609741210938,73.51000213623047,73.5999984741211,50269,0.0,0.0,0.0
2023-05-10 10:30:00-04:00,73.55999755859375,73.6500015258789,73.33999633789062,73.59989929199219,56247,0.0,0.0,0.0
2023-05-10 11:30:00-04:00,73.58999633789062,73.66999816894531,73.38999938964844,73.44999694824219,25839,0.0,0.0,0.0
2023-05-10 12:30:00-04:00,73.45169830322266,73.45960235595703,72.9800033569336,73.04000091552734,25979,0.0,0.0,0.0
2023-05-10 13:30:00-04:00,73.04000091552734,73.3499984741211,72.97000122070312,73.31999969482422,60870,0.0,0.0,0.0
2023-05-10 14:30:00-04:00,73.36949920654297,73.76290130615234,73.36150360107422,73.70570373535156,74627,0.0,0.0,0.0
2023-05-10 15:30:00-04:00,73.68219757080078,73.80999755859375,73.62000274658203,73.63999938964844,29983,0.0,0.0,0.0
2023-05-11 09:30:00-04:00,73.30000305175781,73.3499984741211,73.0,73.16000366210938,65114,0.0,0.0,0.0
2023-05-11 10:30:00-04:00,73.19999694824219,73.30500030517578,73.06199645996094,73.15239715576172,43341,0.0,0.0,0.0
2023-05-11 11:30:00-04:00,73.26000213623047,73.38710021972656,73.23030090332031,73.33999633789062,41949,0.0,0.0,0.0
2023-05-11 12:30:00-04:00,73.33979797363281,73.37000274658203,73.23999786376953,73.2499008178711,36520,0.0,0.0,0.0
2023-05-11 13:30:00-04:00,73.24690246582031,73.30999755859375,73.07009887695312,73.25,50038,0.0,0.0,0.0
2023-05-11 14:30:00-04:00,73.26000213623047,73.38999938964844,73.21510314941406,73.30999755859375,1513378,0.0,0.0,0.0
2023-05-11 15:30:00-04:00,73.30500030517578,73.38999938964844,73.23999786376953,73.3499984741211,107425,0.0,0.0,0.0
2023-05-12 09:30:00-04:00,73.48999786376953,73.55000305175781,73.25,73.33000183105469,43248,0.0,0.0,0.0
2023-05-12 10:30:00-04:00,73.25869750976562,73.2699966430664,73.05000305175781,73.05000305175781,29689,0.0,0.0,0.0
2023-05-12 11:30:00-04:00,73.04000091552734,73.16999816894531,72.89129638671875,72.94000244140625,64488,0.0,0.0,0.0
2023-05-12 12:30:00-04:00,72.88999938964844,73.02999877929688,72.80000305175781,72.98500061035156,35372,0.0,0.0,0.0
2023-05-12 13:30:00-04:00,73.0,73.0,72.75,72.83000183105469,40884,0.0,0.0,0.0
2023-05-12 14:30:00-04:00,72.83999633789062,72.97000122070312,72.72000122070312,72.97000122070312,97067,0.0,0.0,0.0
2023-05-12 15:30:00-04:00,72.98870086669922,73.19999694824219,72.98870086669922,73.19999694824219,28457,0.0,0.0,0.0
2023-05-15 09:30:00-04:00,73.30000305175781,73.3499984741211,73.05010223388672,73.23999786376953,94578,0.0,0.0,0.0
2023-05-15 10:30:00-04:00,73.3030014038086,73.45999908447266,73.29000091552734,73.44499969482422,30737,0.0,0.0,0.0
2023-05-15 11:30:00-04:00,73.42500305175781,73.44000244140625,73.31999969482422,73.42859649658203,71698,0.0,0.0,0.0
2023-05-15 12:30:00-04:00,73.41000366210938,73.71739959716797,73.4000015258789,73.55999755859375,34571,0.0,0.0,0.0
2023-05-15 13:30:00-04:00,73.5199966430664,73.56999969482422,73.3949966430664,73.48359680175781,60275,0.0,0.0,0.0
2023-05-15 14:30:00-04:00,73.49500274658203,73.61000061035156,73.4800033569336,73.58999633789062,70885,0.0,0.0,0.0
2023-05-15 15:30:00-04:00,73.57150268554688,73.62359619140625,73.52359771728516,73.5999984741211,46900,0.0,0.0,0.0
2023-05-16 09:30:00-04:00,73.36000061035156,73.47000122070312,73.04740142822266,73.13999938964844,54034,0.0,0.0,0.0
2023-05-16 10:30:00-04:00,73.19999694824219,73.20999908447266,73.0510025024414,73.20780181884766,74137,0.0,0.0,0.0
2023-05-16 11:30:00-04:00,73.19999694824219,73.20999908447266,73.04000091552734,73.18000030517578,39776,0.0,0.0,0.0
2023-05-16 12:30:00-04:00,73.18000030517578,73.25859832763672,73.0999984741211,73.0999984741211,28338,0.0,0.0,0.0
2023-05-16 13:30:00-04:00,73.08499908447266,73.13099670410156,73.0,73.04000091552734,44303,0.0,0.0,0.0
2023-05-16 14:30:00-04:00,73.02999877929688,73.15989685058594,72.98799896240234,73.12039947509766,82262,0.0,0.0,0.0
2023-05-16 15:30:00-04:00,73.11419677734375,73.12000274658203,72.8499984741211,72.87000274658203,0,0.0,0.0,0.0
2023-05-17 09:30:00-04:00,73.30999755859375,73.33999633789062,73.06009674072266,73.29000091552734,42046,0.0,0.0,0.0
2023-05-17 10:30:00-04:00,73.29000091552734,73.44999694824219,73.26000213623047,73.38999938964844,74328,0.0,0.0,0.0
2023-05-17 11:30:00-04:00,73.41999816894531,73.5199966430664,73.38099670410156,73.5199966430664,49952,0.0,0.0,0.0
2023-05-17 12:30:00-04:00,73.56999969482422,73.98880004882812,73.55999755859375,73.95600128173828,71772,0.0,0.0,0.0
2023-05-17 13:30:00-04:00,73.97000122070312,74.02999877929688,73.9000015258789,73.91500091552734,40519,0.0,0.0,0.0
2023-05-17 14:30:00-04:00,73.91000366210938,73.95899963378906,73.7699966430664,73.80999755859375,279937,0.0,0.0,0.0
2023-05-17 15:30:00-04:00,73.81999969482422,73.98999786376953,73.77999877929688,73.94000244140625,241963,0.0,0.0,0.0
2023-05-18 09:30:00-04:00,73.79000091552734,74.21050262451172,73.75,74.18000030517578,65664,0.0,0.0,0.0
2023-05-18 10:30:00-04:00,74.26000213623047,74.36000061035156,74.15499877929688,74.19010162353516,43421,0.0,0.0,0.0
2023-05-18 11:30:00-04:00,74.18000030517578,74.30000305175781,73.88999938964844,73.93000030517578,87166,0.0,0.0,0.0
2023-05-18 12:30:00-04:00,74.01000213623047,74.15499877929688,73.89129638671875,74.05000305175781,52495,0.0,0.0,0.0
2023-05-18 13:30:00-04:00,73.9801025390625,74.12999725341797,73.85900115966797,74.0999984741211,106859,0.0,0.0,0.0
2023-05-18 14:30:00-04:00,74.0999984741211,74.30000305175781,74.0999984741211,74.27999877929688,56514,0.0,0.0,0.0
2023-05-18 15:30:00-04:00,74.27999877929688,74.63999938964844,74.27469635009766,74.56999969482422,54232,0.0,0.0,0.0
2023-05-19 09:30:00-04:00,74.66000366210938,74.73989868164062,74.61000061035156,74.69999694824219,55056,0.0,0.0,0.0
2023-05-19 10:30:00-04:00,74.70999908447266,74.7300033569336,74.25,74.25,40537,0.0,0.0,0.0
2023-05-19 11:30:00-04:00,74.2300033569336,74.33000183105469,74.04000091552734,74.22000122070312,138879,0.0,0.0,0.0
2023-05-19 12:30:00-04:00,74.08999633789062,74.37989807128906,74.06120300292969,74.30220031738281,24090,0.0,0.0,0.0
2023-05-19 13:30:00-04:00,74.31500244140625,74.31500244140625,74.11000061035156,74.14969635009766,41249,0.0,0.0,0.0
2023-05-19 14:30:00-04:00,74.1500015258789,74.33000183105469,74.13009643554688,74.2300033569336,60759,0.0,0.0,0.0
2023-05-19 15:30:00-04:00,74.2300033569336,74.3499984741211,74.19000244140625,74.29000091552734,60787,0.0,0.0,0.0
2023-05-22 09:30:00-04:00,74.33000183105469,74.5999984741211,74.04499816894531,74.40450286865234,42715,0.0,0.0,0.0
2023-05-22 10:30:00-04:00,74.37999725341797,74.43000030517578,74.19000244140625,74.4000015258789,138499,0.0,0.0,0.0
2023-05-22 11:30:00-04:00,74.40010070800781,74.5199966430664,74.33999633789062,74.37999725341797,47183,0.0,0.0,0.0
2023-05-22 12:30:00-04:00,74.43000030517578,74.4800033569336,74.2699966430664,74.38999938964844,44828,0.0,0.0,0.0
2023-05-22 13:30:00-04:00,74.3949966430664,74.51270294189453,74.38999938964844,74.51270294189453,38696,0.0,0.0,0.0
2023-05-22 14:30:00-04:00,74.5199966430664,74.62999725341797,74.39299774169922,74.40029907226562,41891,0.0,0.0,0.0
2023-05-22 15:30:00-04:00,74.41329956054688,74.42839813232422,74.31999969482422,74.33000183105469,110930,0.0,0.0,0.0
2023-05-23 09:30:00-04:00,74.04000091552734,74.36000061035156,74.04000091552734,74.30000305175781,51578,0.0,0.0,0.0
2023-05-23 10:30:00-04:00,74.31500244140625,74.37999725341797,74.2249984741211,74.37000274658203,52202,0.0,0.0,0.0
2023-05-23 11:30:00-04:00,74.3550033569336,74.41000366210938,74.19000244140625,74.19000244140625,80923,0.0,0.0,0.0
2023-05-23 12:30:00-04:00,74.18000030517578,74.20999908447266,73.91000366210938,73.93000030517578,36012,0.0,0.0,0.0
2023-05-23 13:30:00-04:00,73.88999938964844,74.01000213623047,73.55999755859375,73.65730285644531,54750,0.0,0.0,0.0
2023-05-23 14:30:00-04:00,73.6449966430664,73.73999786376953,73.56999969482422,73.68000030517578,55779,0.0,0.0,0.0
2023-05-23 15:30:00-04:00,73.69999694824219,73.73999786376953,73.52999877929688,73.52999877929688,51189,0.0,0.0,0.0
2023-05-24 09:30:00-04:00,73.19999694824219,73.2300033569336,72.80999755859375,72.9000015258789,68020,0.0,0.0,0.0
2023-05-24 10:30:00-04:00,72.94999694824219,73.0999984741211,72.8010025024414,72.9800033569336,115141,0.0,0.0,0.0
2023-05-24 11:30:00-04:00,72.95349884033203,72.95500183105469,72.7300033569336,72.76000213623047,46726,0.0,0.0,0.0
2023-05-24 12:30:00-04:00,72.73999786376953,72.87999725341797,72.73999786376953,72.77999877929688,53252,0.0,0.0,0.0
2023-05-24 13:30:00-04:00,72.83999633789062,72.9800033569336,72.78389739990234,72.78389739990234,53799,0.0,0.0,0.0
2023-05-24 14:30:00-04:00,72.7750015258789,73.11000061035156,72.76000213623047,73.07649993896484,44648,0.0,0.0,0.0
2023-05-24 15:30:00-04:00,73.14900207519531,73.19000244140625,72.84500122070312,72.88999938964844,33138,0.0,0.0,0.0
2023-05-25 09:30:00-04:00,73.05000305175781,73.05000305175781,72.62439727783203,72.77410125732422,81039,0.0,0.0,0.0
2023-05-25 10:30:00-04:00,72.80000305175781,72.88999938964844,72.63030242919922,72.63999938964844,49349,0.0,0.0,0.0
2023-05-25 11:30:00-04:00,72.64250183105469,72.83000183105469,72.4800033569336,72.73500061035156,41965,0.0,0.0,0.0
2023-05-25 12:30:00-04:00,72.73999786376953,72.93000030517578,72.63800048828125,72.93000030517578,32525,0.0,0.0,0.0
2023-05-25 13:30:00-04:00,72.93219757080078,73.14569854736328,72.88600158691406,73.03929901123047,32411,0.0,0.0,0.0
2023-05-25 14:30:00-04:00,73.01899719238281,73.06999969482422,72.80079650878906,73.05999755859375,65091,0.0,0.0,0.0
2023-05-25 15:30:00-04:00,73.0167007446289,73.11479949951172,72.91000366210938,72.91000366210938,65136,0.0,0.0,0.0
2023-05-26 09:30:00-04:00,73.0199966430664,73.7300033569336,73.0199966430664,73.7300033569336,0,0.0,0.0,0.0
2023-05-26 10:30:00-04:00,73.69519805908203,73.81500244140625,73.55999755859375,73.58999633789062,91648,0.0,0.0,0.0
2023-05-26 11:30:00-04:00,73.55999755859375,73.8573989868164,73.55999755859375,73.82219696044922,71815,0.0,0.0,0.0
2023-05-26 12:30:00-04:00,73.86000061035156,73.86000061035156,73.74919891357422,73.76000213623047,48456,0.0,0.0,0.0
2023-05-26 13:30:00-04:00,73.78189849853516,73.86000061035156,73.69940185546875,73.84660339355469,36268,0.0,0.0,0.0
2023-05-26 14:30:00-04:00,73.84140014648438,73.99130249023438,73.84140014648438,73.88500213623047,54452,0.0,0.0,0.0
2023-05-26 15:30:00-04:00,73.89929962158203,73.95999908447266,73.86000061035156,73.9000015258789,20101,0.0,0.0,0.0
2023-05-30 09:30:00-04:00,74.12999725341797,74.30000305175781,73.82579803466797,73.87999725341797,134950,0.0,0.0,0.0
2023-05-30 10:30:00-04:00,73.8594970703125,73.9800033569336,73.7300033569336,73.80999755859375,100253,0.0,0.0,0.0
2023-05-30 11:30:00-04:00,73.83999633789062,73.94000244140625,73.81999969482422,73.8499984741211,62711,0.0,0.0,0.0
2023-05-30 12:30:00-04:00,73.83000183105469,73.9198989868164,73.70999908447266,73.75499725341797,43012,0.0,0.0,0.0
2023-05-30 13:30:00-04:00,73.72000122070312,73.8499984741211,73.62000274658203,73.83999633789062,38560,0.0,0.0,0.0
2023-05-30 14:30:00-04:00,73.84500122070312,74.00800323486328,73.82579803466797,73.9000015258789,71590,0.0,0.0,0.0
2023-05-30 15:30:00-04:00,73.88009643554688,73.94000244140625,73.79000091552734,73.86000061035156,37019,0.0,0.0,0.0
2023-05-31 09:30:00-04:00,73.62000274658203,73.62000274658203,73.13999938964844,73.13999938964844,63962,0.0,0.0,0.0
2023-05-31 10:30:00-04:00,73.16539764404297,73.20899963378906,73.06379699707031,73.06379699707031,91854,0.0,0.0,0.0
2023-05-31 11:30:00-04:00,73.05999755859375,73.17900085449219,73.05000305175781,73.17109680175781,18260,0.0,0.0,0.0
2023-05-31 12:30:00-04:00,73.18990325927734,73.33000183105469,73.1500015258789,73.30999755859375,42421,0.0,0.0,0.0
2023-05-31 13:30:00-04:00,73.33999633789062,73.529296875,73.29000091552734,73.5238037109375,46753,0.0,0.0,0.0
2023-05-31 14:30:00-04:00,73.5,73.5199966430664,73.3489990234375,73.43000030517578,119681,0.0,0.0,0.0
2023-05-31 15:30:00-04:00,73.4301986694336,73.56999969482422,73.41999816894531,73.44000244140625,44135,0.0,0.0,0.0
2023-06-01 09:30:00-04:00,73.5199966430664,73.55549621582031,73.23519897460938,73.52999877929688,107186,0.0,0.0,0.0
2023-06-01 10:30:00-04:00,73.45999908447266,73.81999969482422,73.45999908447266,73.80000305175781,116161,0.0,0.0,0.0
2023-06-01 11:30:00-04:00,73.81880187988281,74.05999755859375,73.80000305175781,74.05999755859375,304746,0.0,0.0,0.0
2023-06-01 12:30:00-04:00,74.05000305175781,74.06999969482422,73.94000244140625,73.99469757080078,70363,0.0,0.0,0.0
2023-06-01 13:30:00-04:00,73.96279907226562,74.11000061035156,73.95999908447266,74.06310272216797,267369,0.0,0.0,0.0
2023-06-01 14:30:00-04:00,74.07009887695312,74.23999786376953,74.03579711914062,74.14099884033203,73826,0.0,0.0,0.0
2023-06-01 15:30:00-04:00,74.0802001953125,74.08899688720703,73.91000366210938,74.01000213623047,43372,0.0,0.0,0.0
2023-06-02 09:30:00-04:00,74.58999633789062,74.93000030517578,74.41000366210938,74.91680145263672,100234,0.0,0.0,0.0
2023-06-02 10:30:00-04:00,74.9198989868164,75.33999633789062,74.86000061035156,75.31759643554688,129129,0.0,0.0,0.0
2023-06-02 11:30:00-04:00,75.31999969482422,75.33999633789062,75.15010070800781,75.31999969482422,79791,0.0,0.0,0.0
2023-06-02 12:30:00-04:00,75.33000183105469,75.5176010131836,75.33000183105469,75.49230194091797,48776,0.0,0.0,0.0
2023-06-02 13:30:00-04:00,75.48799896240234,75.48999786376953,75.36000061035156,75.44989776611328,50358,0.0,0.0,0.0
2023-06-02 14:30:00-04:00,75.42250061035156,75.58000183105469,75.42250061035156,75.44000244140625,62079,0.0,0.0,0.0
2023-06-02 15:30:00-04:00,75.45210266113281,75.51000213623047,75.4000015258789,75.4000015258789,38110,0.0,0.0,0.0
2023-06-05 09:30:00-04:00,75.47000122070312,75.47000122070312,75.09010314941406,75.18000030517578,59271,0.0,0.0,0.0
2023-06-05 10:30:00-04:00,75.16999816894531,75.33000183105469,75.16999816894531,75.31999969482422,182094,0.0,0.0,0.0
2023-06-05 11:30:00-04:00,75.30999755859375,75.42859649658203,75.2699966430664,75.4000015258789,50784,0.0,0.0,0.0
2023-06-05 12:30:00-04:00,75.4000015258789,75.44129943847656,75.20500183105469,75.23310089111328,76669,0.0,0.0,0.0
2023-06-05 13:30:00-04:00,75.19409942626953,75.29000091552734,75.16999816894531,75.20999908447266,42633,0.0,0.0,0.0
2023-06-05 14:30:00-04:00,75.22000122070312,75.2300033569336,75.0199966430664,75.16999816894531,107462,0.0,0.0,0.0
2023-06-05 15:30:00-04:00,75.15989685058594,75.26000213623047,75.12000274658203,75.12000274658203,0,0.0,0.0,0.0
2023-06-06 09:30:00-04:00,75.0199966430664,75.5199966430664,75.0199966430664,75.4800033569336,55761,0.0,0.0,0.0
2023-06-06 10:30:00-04:00,75.53350067138672,75.69999694824219,75.44999694824219,75.55999755859375,88600,0.0,0.0,0.0
2023-06-06 11:30:00-04:00,75.5999984741211,75.70999908447266,75.55999755859375,75.5999984741211,56430,0.0,0.0,0.0
2023-06-06 12:30:00-04:00,75.5999984741211,75.61000061035156,75.41999816894531,75.47000122070312,28422,0.0,0.0,0.0
2023-06-06 13:30:00-04:00,75.45999908447266,75.4906997680664,75.32759857177734,75.4906997680664,46573,0.0,0.0,0.0
2023-06-06 14:30:00-04:00,75.4800033569336,75.62000274658203,75.45719909667969,75.60199737548828,54549,0.0,0.0,0.0
2023-06-06 15:30:00-04:00,75.62999725341797,75.70500183105469,75.54000091552734,75.63999938964844,25165,0.0,0.0,0.0
2023-06-07 09:30:00-04:00,75.54000091552734,75.58899688720703,75.3313980102539,75.5114974975586,69191,0.0,0.0,0.0
2023-06-07 10:30:00-04:00,75.54000091552734,75.57949829101562,75.35320281982422,75.51010131835938,110107,0.0,0.0,0.0
2023-06-07 11:30:00-04:00,75.56220245361328,75.63909912109375,75.37570190429688,75.5,41254,0.0,0.0,0.0
2023-06-07 12:30:00-04:00,75.48999786376953,75.61990356445312,75.41010284423828,75.4800033569336,35357,0.0,0.0,0.0
2023-06-07 13:30:00-04:00,75.44999694824219,75.58000183105469,75.38500213623047,75.55989837646484,14191,0.0,0.0,0.0
2023-06-07 14:30:00-04:00,75.52999877929688,75.63999938964844,75.4800033569336,75.59269714355469,50627,0.0,0.0,0.0
2023-06-07 15:30:00-04:00,75.59970092773438,75.6500015258789,75.48999786376953,75.5999984741211,57814,0.0,0.0,0.0
2023-06-08 09:30:00-04:00,75.47000122070312,75.56999969482422,75.25499725341797,75.47329711914062,79496,0.0,0.0,0.0
2023-06-08 10:30:00-04:00,75.52999877929688,75.56999969482422,75.44999694824219,75.56999969482422,53086,0.0,0.0,0.0
2023-06-08 11:30:00-04:00,75.5740966796875,75.69000244140625,75.48999786376953,75.69000244140625,121499,0.0,0.0,0.0
2023-06-08 12:30:00-04:00,75.70500183105469,75.7239990234375,75.63760375976562,75.67259979248047,99196,0.0,0.0,0.0
2023-06-08 13:30:00-04:00,75.68599700927734,75.69999694824219,75.58000183105469,75.69999694824219,33065,0.0,0.0,0.0
2023-06-08 14:30:00-04:00,75.71980285644531,75.80000305175781,75.71499633789062,75.76000213623047,89678,0.0,0.0,0.0
2023-06-08 15:30:00-04:00,75.75,75.83000183105469,75.70449829101562,75.79000091552734,40828,0.0,0.0,0.0
2023-06-09 09:30:00-04:00,75.81999969482422,76.04000091552734,75.77999877929688,75.99520111083984,68915,0.0,0.0,0.0
2023-06-09 10:30:00-04:00,76.04000091552734,76.05000305175781,75.66000366210938,75.66649627685547,102946,0.0,0.0,0.0
2023-06-09 11:30:00-04:00,75.62999725341797,75.75,75.56009674072266,75.6343002319336,38753,0.0,0.0,0.0
2023-06-09 12:30:00-04:00,75.65499877929688,75.75,75.57610321044922,75.73999786376953,27397,0.0,0.0,0.0
2023-06-09 13:30:00-04:00,75.76799774169922,75.83999633789062,75.73999786376953,75.76850128173828,40699,0.0,0.0,0.0
2023-06-09 14:30:00-04:00,75.76139831542969,75.83000183105469,75.70999908447266,75.77999877929688,48092,0.0,0.0,0.0
2023-06-09 15:30:00-04:00,75.77999877929688,75.80999755859375,75.7300033569336,75.7699966430664,19416,0.0,0.0,0.0
2023-06-12 09:30:00-04:00,75.97000122070312,76.06999969482422,75.80000305175781,75.98999786376953,103978,0.0,0.0,0.0
2023-06-12 10:30:00-04:00,75.98999786376953,75.98999786376953,75.86000061035156,75.91999816894531,67365,0.0,0.0,0.0
2023-06-12 11:30:00-04:00,75.94000244140625,76.0,75.88529968261719,76.0,40638,0.0,0.0,0.0
2023-06-12 12:30:00-04:00,75.98179626464844,76.06999969482422,75.98179626464844,75.99700164794922,36298,0.0,0.0,0.0
2023-06-12 13:30:00-04:00,76.0,76.05000305175781,75.94779968261719,76.0,81153,0.0,0.0,0.0
2023-06-12 14:30:00-04:00,76.0,76.33999633789062,76.0,76.29000091552734,57611,0.0,0.0,0.0
2023-06-12 15:30:00-04:00,76.27999877929688,76.35870361328125,76.24150085449219,76.30000305175781,29343,0.0,0.0,0.0
2023-06-13 09:30:00-04:00,76.66999816894531,76.91709899902344,76.53559875488281,76.86000061035156,104123,0.0,0.0,0.0
2023-06-13 10:30:00-04:00,76.86000061035156,77.00499725341797,76.76850128173828,76.94000244140625,85218,0.0,0.0,0.0
2023-06-13 11:30:00-04:00,76.94300079345703,76.94300079345703,76.76229858398438,76.8499984741211,286588,0.0,0.0,0.0
2023-06-13 12:30:00-04:00,76.91899871826172,77.0,76.88870239257812,76.96499633789062,36869,0.0,0.0,0.0
2023-06-13 13:30:00-04:00,76.9749984741211,77.00900268554688,76.77999877929688,76.81999969482422,44461,0.0,0.0,0.0
2023-06-13 14:30:00-04:00,76.79879760742188,76.9198989868164,76.69000244140625,76.86499786376953,49418,0.0,0.0,0.0
2023-06-13 15:30:00-04:00,76.87000274658203,76.91000366210938,76.80999755859375,76.91000366210938,24199,0.0,0.0,0.0
2023-06-14 09:30:00-04:00,77.04000091552734,77.33899688720703,77.04000091552734,77.23500061035156,0,0.0,0.0,0.0
2023-06-14 10:30:00-04:00,77.23999786376953,77.5,77.23999786376953,77.43399810791016,62590,0.0,0.0,0.0
2023-06-14 11:30:00-04:00,77.44000244140625,77.46499633789062,77.27999877929688,77.37999725341797,33634,0.0,0.0,0.0
2023-06-14 12:30:00-04:00,77.36900329589844,77.36900329589844,77.16999816894531,77.19000244140625,57618,0.0,0.0,0.0
2023-06-14 13:30:00-04:00,77.17389678955078,77.22000122070312,76.47100067138672,76.5801010131836,36845,0.0,0.0,0.0
2023-06-14 14:30:00-04:00,76.62000274658203,77.20999908447266,76.56999969482422,77.00579833984375,44211,0.0,0.0,0.0
2023-06-14 15:30:00-04:00,76.97309875488281,77.00589752197266,76.66999816894531,76.95999908447266,33784,0.0,0.0,0.0
2023-06-15 09:30:00-04:00,76.80000305175781,77.33999633789062,76.77999877929688,77.31590270996094,120808,0.0,0.0,0.0
2023-06-15 10:30:00-04:00,77.25160217285156,77.54000091552734,77.11009979248047,77.54000091552734,41270,0.0,0.0,0.0
2023-06-15 11:30:00-04:00,77.5199966430664,77.65989685058594,77.44999694824219,77.61000061035156,66966,0.0,0.0,0.0
2023-06-15 12:30:00-04:00,77.63999938964844,77.66999816894531,77.51000213623047,77.56999969482422,89954,0.0,0.0,0.0
2023-06-15 13:30:00-04:00,77.61699676513672,77.79679870605469,77.59190368652344,77.77999877929688,33957,0.0,0.0,0.0
2023-06-15 14:30:00-04:00,77.8125991821289,78.15119934082031,77.8125991821289,78.02999877929688,72344,0.0,0.0,0.0
2023-06-15 15:30:00-04:00,78.05000305175781,78.12999725341797,77.91999816894531,77.9800033569336,31210,0.0,0.0,0.0
2023-06-16 09:30:00-04:00,78.2699966430664,78.36170196533203,78.02999877929688,78.19999694824219,159550,0.0,0.0,0.0
2023-06-16 10:30:00-04:00,78.18499755859375,78.22000122070312,77.88999938964844,77.94499969482422,95353,0.0,0.0,0.0
2023-06-16 11:30:00-04:00,77.9800033569336,78.08999633789062,77.87000274658203,78.08920288085938,24177,0.0,0.0,0.0
2023-06-16 12:30:00-04:00,78.11000061035156,78.19000244140625,78.00170135498047,78.00170135498047,34451,0.0,0.0,0.0
2023-06-16 13:30:00-04:00,78.01000213623047,78.02239990234375,77.92669677734375,77.95500183105469,46369,0.0,0.0,0.0
2023-06-16 14:30:00-04:00,77.89790344238281,77.91500091552734,77.71499633789062,77.7699966430664,48956,0.0,0.0,0.0
2023-06-16 15:30:00-04:00,77.81210327148438,77.9000015258789,77.70010375976562,77.7300033569336,33270,0.0,0.0,0.0
2023-06-20 09:30:00-04:00,77.43000030517578,77.43000030517578,76.83000183105469,76.83000183105469,119966,0.0,0.0,0.0
2023-06-20 10:30:00-04:00,76.86750030517578,77.07499694824219,76.84850311279297,76.9800033569336,58169,0.0,0.0,0.0
2023-06-20 11:30:00-04:00,77.0,77.20999908447266,76.98999786376953,77.20999908447266,51703,0.0,0.0,0.0
2023-06-20 12:30:00-04:00,77.19000244140625,77.33000183105469,77.17980194091797,77.33000183105469,42359,0.0,0.0,0.0
2023-06-20 13:30:00-04:00,77.30500030517578,77.30500030517578,77.20500183105469,77.28070068359375,24305,0.0,0.0,0.0
2023-06-20 14:30:00-04:00,77.29499816894531,77.30439758300781,77.16999816894531,77.21880340576172,86571,0.0,0.0,0.0
2023-06-20 15:30:00-04:00,77.19999694824219,77.26000213623047,77.13069915771484,77.16999816894531,33308,0.0,0.0,0.0
2023-06-21 09:30:00-04:00,77.02999877929688,77.02999877929688,76.70999908447266,76.85150146484375,0,0.0,0.0,0.0
2023-06-21 10:30:00-04:00,76.86009979248047,76.95829772949219,76.72000122070312,76.91999816894531,59310,0.0,0.0,0.0
2023-06-21 11:30:00-04:00,76.91999816894531,77.03289794921875,76.87439727783203,76.97000122070312,83747,0.0,0.0,0.0
2023-06-21 12:30:00-04:00,76.98500061035156,77.01830291748047,76.79550170898438,76.8324966430664,25040,0.0,0.0,0.0
2023-06-21 13:30:00-04:00,76.82360076904297,77.11000061035156,76.82360076904297,77.08999633789062,70709,0.0,0.0,0.0
2023-06-21 14:30:00-04:00,77.0999984741211,77.12999725341797,76.88999938964844,76.89469909667969,76425,0.0,0.0,0.0
2023-06-21 15:30:00-04:00,76.87310028076172,76.93000030517578,76.7489013671875,76.81999969482422,0,0.0,0.0,0.0
2023-06-22 09:30:00-04:00,76.62999725341797,76.77999877929688,76.4719009399414,76.69999694824219,100960,0.0,0.0,0.0
2023-06-22 10:30:00-04:00,76.67179870605469,76.73999786376953,76.43000030517578,76.4749984741211,78813,0.0,0.0,0.0
2023-06-22 11:30:00-04:00,76.5,76.62000274658203,76.48999786376953,76.56999969482422,62545,0.0,0.0,0.0
2023-06-22 12:30:00-04:00,76.55999755859375,76.62120056152344,76.44999694824219,76.5199966430664,34181,0.0,0.0,0.0
2023-06-22 13:30:00-04:00,76.51000213623047,76.67749786376953,76.48999786376953,76.66999816894531,38835,0.0,0.0,0.0
2023-06-22 14:30:00-04:00,76.71990203857422,76.74949645996094,76.5999984741211,76.5999984741211,47620,0.0,0.0,0.0
2023-06-22 15:30:00-04:00,76.57689666748047,76.69999694824219,76.55000305175781,76.69000244140625,31722,0.0,0.0,0.0
2023-06-23 09:30:00-04:00,76.08000183105469,76.36000061035156,76.02570343017578,76.29989624023438,80343,0.0,0.0,0.0
2023-06-23 10:30:00-04:00,76.33999633789062,76.36990356445312,76.13999938964844,76.13999938964844,59027,0.0,0.0,0.0
2023-06-23 11:30:00-04:00,76.16000366210938,76.35420227050781,76.16000366210938,76.3499984741211,34454,0.0,0.0,0.0
2023-06-23 12:30:00-04:00,76.36000061035156,76.37999725341797,76.29000091552734,76.37169647216797,23887,0.0,0.0,0.0
2023-06-23 13:30:00-04:00,76.37999725341797,76.41590118408203,76.19999694824219,76.21759796142578,30100,0.0,0.0,0.0
2023-06-23 14:30:00-04:00,76.20110321044922,76.22000122070312,75.98999786376953,76.0999984741211,48104,0.0,0.0,0.0
2023-06-23 15:30:00-04:00,76.09420013427734,76.25499725341797,76.09420013427734,76.12999725341797,28896,0.0,0.0,0.0
2023-06-26 09:30:00-04:00,76.08000183105469,76.51000213623047,76.08000183105469,76.4000015258789,119793,0.0,0.0,0.0
2023-06-26 10:30:00-04:00,76.27999877929688,76.35810089111328,76.12840270996094,76.2699966430664,69117,0.0,0.0,0.0
2023-06-26 11:30:00-04:00,76.2699966430664,76.44999694824219,76.2699966430664,76.37000274658203,47139,0.0,0.0,0.0
2023-06-26 12:30:00-04:00,76.37999725341797,76.4281997680664,76.27999877929688,76.41000366210938,40165,0.0,0.0,0.0
2023-06-26 13:30:00-04:00,76.42009735107422,76.44999694824219,76.27999877929688,76.33499908447266,61306,0.0,0.0,0.0
2023-06-26 14:30:00-04:00,76.33999633789062,76.47000122070312,76.33999633789062,76.43499755859375,51298,0.0,0.0,0.0
2023-06-26 15:30:00-04:00,76.42500305175781,76.47000122070312,76.19999694824219,76.23999786376953,46641,0.0,0.0,0.0
2023-06-27 09:30:00-04:00,76.44999694824219,76.62899780273438,76.38999938964844,76.59010314941406,52423,0.0,0.0,0.0
2023-06-27 10:30:00-04:00,76.58000183105469,76.81999969482422,76.58000183105469,76.81999969482422,93320,0.0,0.0,0.0
2023-06-27 11:30:00-04:00,76.81999969482422,76.95999908447266,76.8156967163086,76.94000244140625,34180,0.0,0.0,0.0
2023-06-27 12:30:00-04:00,76.95999908447266,77.12010192871094,76.94000244140625,77.12010192871094,43798,0.0,0.0,0.0
2023-06-27 13:30:00-04:00,77.13999938964844,77.23999786376953,77.12000274658203,77.23999786376953,72733,0.0,0.0,0.0
2023-06-27 14:30:00-04:00,77.24970245361328,77.25980377197266,77.16999816894531,77.25499725341797,37206,0.0,0.0,0.0
2023-06-27 15:30:00-04:00,77.25330352783203,77.25800323486328,77.12999725341797,77.1500015258789,58087,0.0,0.0,0.0
2023-06-28 09:30:00-04:00,77.01000213623047,77.04000091552734,76.81999969482422,76.97000122070312,128504,0.0,0.0,0.0
2023-06-28 10:30:00-04:00,77.02300262451172,77.11000061035156,76.91999816894531,77.02999877929688,99079,0.0,0.0,0.0
2023-06-28 11:30:00-04:00,77.02999877929688,77.21610260009766,77.02999877929688,77.08999633789062,31167,0.0,0.0,0.0
2023-06-28 12:30:00-04:00,77.09700012207031,77.12000274658203,76.77999877929688,76.89730072021484,60245,0.0,0.0,0.0
2023-06-28 13:30:00-04:00,76.95249938964844,76.97850036621094,76.86090087890625,76.94010162353516,37107,0.0,0.0,0.0
2023-06-28 14:30:00-04:00,76.96499633789062,77.0,76.80599975585938,76.93000030517578,93239,0.0,0.0,0.0
2023-06-28 15:30:00-04:00,76.91480255126953,77.08000183105469,76.90730285644531,77.08000183105469,27702,0.0,0.0,0.0
2023-06-29 09:30:00-04:00,77.0,77.36000061035156,76.97000122070312,77.30999755859375,129066,0.0,0.0,0.0
2023-06-29 10:30:00-04:00,77.2699966430664,77.34629821777344,77.16999816894531,77.33999633789062,25851,0.0,0.0,0.0
2023-06-29 11:30:00-04:00,77.36499786376953,77.53009796142578,77.32559967041016,77.53009796142578,37960,0.0,0.0,0.0
2023-06-29 12:30:00-04:00,77.51000213623047,77.55000305175781,77.3499984741211,77.45500183105469,18363,0.0,0.0,0.0
2023-06-29 13:30:00-04:00,77.44999694824219,77.47000122070312,77.25,77.37999725341797,58471,0.0,0.0,0.0
2023-06-29 14:30:00-04:00,77.37000274658203,77.47000122070312,77.33499908447266,77.45999908447266,39741,0.0,0.0,0.0
2023-06-29 15:30:00-04:00,77.44999694824219,77.54000091552734,77.37999725341797,77.51000213623047,81886,0.0,0.0,0.0
2023-06-30 09:30:00-04:00,77.94999694824219,78.30999755859375,77.94999694824219,78.25370025634766,106561,0.0,0.0,0.0
2023-06-30 10:30:00-04:00,78.26000213623047,78.2699966430664,78.04000091552734,78.12000274658203,38783,0.0,0.0,0.0
2023-06-30 11:30:00-04:00,78.13500213623047,78.2384033203125,78.05000305175781,78.2323989868164,51780,0.0,0.0,0.0
2023-06-30 12:30:00-04:00,78.25,78.33000183105469,78.22000122070312,78.33000183105469,62572,0.0,0.0,0.0
2023-06-30 13:30:00-04:00,78.33999633789062,78.41999816894531,78.31999969482422,78.41999816894531,171913,0.0,0.0,0.0
2023-06-30 14:30:00-04:00,78.41999816894531,78.4292984008789,78.3499984741211,78.39990234375,42523,0.0,0.0,0.0
2023-06-30 15:30:00-04:00,78.38999938964844,78.43000030517578,78.27999877929688,78.27999877929688,49015,0.0,0.0,0.0
2023-07-03 09:30:00-04:00,78.22000122070312,78.4000015258789,78.11949920654297,78.39900207519531,166150,0.0,0.0,0.0
2023-07-03 10:30:00-04:00,78.37000274658203,78.48999786376953,78.3499984741211,78.46099853515625,307067,0.0,0.0,0.0
2023-07-03 11:30:00-04:00,78.4677963256836,78.52999877929688,78.44999694824219,78.5199966430664,391497,0.0,0.0,0.0
2023-07-05 09:30:00-04:00,78.19000244140625,78.27999877929688,78.06500244140625,78.21880340576172,76657,0.0,0.0,0.0
2023-07-05 10:30:00-04:00,78.2300033569336,78.45999908447266,78.22010040283203,78.45500183105469,91607,0.0,0.0,0.0
2023-07-05 11:30:00-04:00,78.44000244140625,78.48999786376953,78.33999633789062,78.37000274658203,49893,0.0,0.0,0.0
2023-07-05 12:30:00-04:00,78.35990142822266,78.37989807128906,78.2697982788086,78.34030151367188,66689,0.0,0.0,0.0
2023-07-05 13:30:00-04:00,78.33999633789062,78.41999816894531,78.22720336914062,78.29000091552734,48345,0.0,0.0,0.0
2023-07-05 14:30:00-04:00,78.28009796142578,78.44000244140625,78.28009796142578,78.42040252685547,259796,0.0,0.0,0.0
2023-07-05 15:30:00-04:00,78.41999816894531,78.41999816894531,78.27999877929688,78.27999877929688,127508,0.0,0.0,0.0
2023-07-06 09:30:00-04:00,77.5999984741211,77.6416015625,77.2300033569336,77.23999786376953,141376,0.0,0.0,0.0
2023-07-06 10:30:00-04:00,77.25,77.27999877929688,77.13500213623047,77.19499969482422,86095,0.0,0.0,0.0
2023-07-06 11:30:00-04:00,77.19499969482422,77.4291000366211,77.19499969482422,77.4291000366211,76895,0.0,0.0,0.0
2023-07-06 12:30:00-04:00,77.4271011352539,77.55999755859375,77.37999725341797,77.51000213623047,35478,0.0,0.0,0.0
2023-07-06 13:30:00-04:00,77.5199966430664,77.60990142822266,77.5,77.55989837646484,38381,0.0,0.0,0.0
2023-07-06 14:30:00-04:00,77.56900024414062,77.67990112304688,77.56900024414062,77.6218032836914,53768,0.0,0.0,0.0
2023-07-06 15:30:00-04:00,77.61499786376953,77.66000366210938,77.57499694824219,77.61000061035156,30525,0.0,0.0,0.0
2023-07-07 09:30:00-04:00,77.55000305175781,77.7699966430664,77.5072021484375,77.7300033569336,73750,0.0,0.0,0.0
2023-07-07 10:30:00-04:00,77.69999694824219,77.88849639892578,77.62999725341797,77.88849639892578,67955,0.0,0.0,0.0
2023-07-07 11:30:00-04:00,77.88999938964844,78.02079772949219,77.85810089111328,78.02079772949219,26138,0.0,0.0,0.0
2023-07-07 12:30:00-04:00,78.04989624023438,78.3228988647461,78.04119873046875,78.30999755859375,38921,0.0,0.0,0.0
2023-07-07 13:30:00-04:00,78.29000091552734,78.29000091552734,78.11499786376953,78.16999816894531,79592,0.0,0.0,0.0
2023-07-07 14:30:00-04:00,78.16000366210938,78.16000366210938,77.93000030517578,77.93000030517578,67203,0.0,0.0,0.0
2023-07-07 15:30:00-04:00,77.91999816894531,77.95999908447266,77.58999633789062,77.62000274658203,38550,0.0,0.0,0.0
2023-07-10 09:30:00-04:00,77.71160125732422,78.12999725341797,77.71160125732422,77.96009826660156,88975,0.0,0.0,0.0
2023-07-10 10:30:00-04:00,77.9800033569336,77.9800033569336,77.80999755859375,77.91999816894531,53973,0.0,0.0,0.0
2023-07-10 11:30:00-04:00,77.93000030517578,77.95999908447266,77.77999877929688,77.91999816894531,61931,0.0,0.0,0.0
2023-07-10 12:30:00-04:00,77.91230010986328,78.0072021484375,77.88999938964844,78.00160217285156,34191,0.0,0.0,0.0
2023-07-10 13:30:00-04:00,78.00779724121094,78.04000091552734,77.92060089111328,78.02999877929688,47762,0.0,0.0,0.0
2023-07-10 14:30:00-04:00,78.01000213623047,78.01000213623047,77.91190338134766,77.94000244140625,52632,0.0,0.0,0.0
2023-07-10 15:30:00-04:00,77.95999908447266,78.08999633789062,77.91999816894531,78.08999633789062,23800,0.0,0.0,0.0
2023-07-11 09:30:00-04:00,78.20999908447266,78.41999816894531,78.20999908447266,78.4000015258789,100290,0.0,0.0,0.0
2023-07-11 10:30:00-04:00,78.38500213623047,78.53240203857422,78.33000183105469,78.47000122070312,24796,0.0,0.0,0.0
2023-07-11 11:30:00-04:00,78.45999908447266,78.66780090332031,78.45999908447266,78.55809783935547,43067,0.0,0.0,0.0
2023-07-11 12:30:00-04:00,78.5625991821289,78.63990020751953,78.54000091552734,78.57679748535156,37174,0.0,0.0,0.0
2023-07-11 13:30:00-04:00,78.56999969482422,78.61499786376953,78.4800033569336,78.51969909667969,19941,0.0,0.0,0.0
2023-07-11 14:30:00-04:00,78.58070373535156,78.76249694824219,78.5468978881836,78.75,35390,0.0,0.0,0.0
2023-07-11 15:30:00-04:00,78.7249984741211,78.97000122070312,78.69000244140625,78.88999938964844,29075,0.0,0.0,0.0
2023-07-12 09:30:00-04:00,79.48999786376953,79.66500091552734,79.46800231933594,79.5968017578125,58981,0.0,0.0,0.0
2023-07-12 10:30:00-04:00,79.64990234375,79.69000244140625,79.6104965209961,79.6167984008789,121150,0.0,0.0,0.0
2023-07-12 11:30:00-04:00,79.59390258789062,79.62000274658203,79.35710144042969,79.41000366210938,65749,0.0,0.0,0.0
2023-07-12 12:30:00-04:00,79.4000015258789,79.56990051269531,79.4000015258789,79.54000091552734,31718,0.0,0.0,0.0
2023-07-12 13:30:00-04:00,79.55020141601562,79.61000061035156,79.52999877929688,79.61000061035156,43707,0.0,0.0,0.0
2023-07-12 14:30:00-04:00,79.58999633789062,79.62000274658203,79.35199737548828,79.41000366210938,56374,0.0,0.0,0.0
2023-07-12 15:30:00-04:00,79.43730163574219,79.52999877929688,79.41110229492188,79.4800033569336,72025,0.0,0.0,0.0
2023-07-13 09:30:00-04:00,79.7300033569336,79.83999633789062,79.69000244140625,79.76000213623047,0,0.0,0.0,0.0
2023-07-13 10:30:00-04:00,79.80000305175781,79.8499984741211,79.72000122070312,79.7699966430664,43725,0.0,0.0,0.0
2023-07-13 11:30:00-04:00,79.75370025634766,79.87999725341797,79.74430084228516,79.85929870605469,26193,0.0,0.0,0.0
2023-07-13 12:30:00-04:00,79.8572006225586,79.9000015258789,79.79669952392578,79.8499984741211,57893,0.0,0.0,0.0
2023-07-13 13:30:00-04:00,79.87999725341797,79.9468994140625,79.8499984741211,79.88999938964844,30872,0.0,0.0,0.0
2023-07-13 14:30:00-04:00,79.89600372314453,80.00150299072266,79.87030029296875,79.98999786376953,62374,0.0,0.0,0.0
2023-07-13 15:30:00-04:00,79.9800033569336,80.0999984741211,79.97000122070312,79.97000122070312,31116,0.0,0.0,0.0
2023-07-14 09:30:00-04:00,80.11000061035156,80.18000030517578,79.69499969482422,79.69499969482422,107544,0.0,0.0,0.0
2023-07-14 10:30:00-04:00,79.68000030517578,79.70899963378906,79.55999755859375,79.68000030517578,23660,0.0,0.0,0.0
2023-07-14 11:30:00-04:00,79.73999786376953,79.7699966430664,79.61029815673828,79.62999725341797,235830,0.0,0.0,0.0
2023-07-14 12:30:00-04:00,79.61000061035156,79.66899871826172,79.56999969482422,79.62999725341797,54493,0.0,0.0,0.0
2023-07-14 13:30:00-04:00,79.6697006225586,79.75,79.66000366210938,79.68000030517578,35962,0.0,0.0,0.0
2023-07-14 14:30:00-04:00,79.66000366210938,79.69259643554688,79.51000213623047,79.55999755859375,57296,0.0,0.0,0.0
2023-07-14 15:30:00-04:00,79.58999633789062,79.58999633789062,79.46759796142578,79.58000183105469,46046,0.0,0.0,0.0
2023-07-17 09:30:00-04:00,79.47000122070312,79.5999984741211,79.30999755859375,79.52999877929688,58924,0.0,0.0,0.0
2023-07-17 10:30:00-04:00,79.51000213623047,79.63999938964844,79.4800033569336,79.63999938964844,50592,0.0,0.0,0.0
2023-07-17 11:30:00-04:00,79.66000366210938,79.75,79.6427001953125,79.69239807128906,50286,0.0,0.0,0.0
2023-07-17 12:30:00-04:00,79.69999694824219,79.73999786376953,79.68000030517578,79.68499755859375,29910,0.0,0.0,0.0
2023-07-17 13:30:00-04:00,79.71820068359375,79.75530242919922,79.69499969482422,79.75,42360,0.0,0.0,0.0
2023-07-17 14:30:00-04:00,79.73999786376953,79.85990142822266,79.69000244140625,79.77999877929688,62117,0.0,0.0,0.0
2023-07-17 15:30:00-04:00,79.7699966430664,79.78500366210938,79.62860107421875,79.63999938964844,37087,0.0,0.0,0.0
2023-07-18 09:30:00-04:00,79.69000244140625,80.05000305175781,79.55999755859375,80.0199966430664,85042,0.0,0.0,0.0
2023-07-18 10:30:00-04:00,79.99720001220703,80.15709686279297,79.98419952392578,80.0999984741211,420484,0.0,0.0,0.0
2023-07-18 11:30:00-04:00,80.11000061035156,80.15799713134766,80.0,80.05999755859375,63637,0.0,0.0,0.0
2023-07-18 12:30:00-04:00,80.04429626464844,80.11499786376953,80.0,80.08000183105469,35066,0.0,0.0,0.0
2023-07-18 13:30:00-04:00,80.07689666748047,80.279296875,80.05010223388672,80.279296875,33504,0.0,0.0,0.0
2023-07-18 14:30:00-04:00,80.26139831542969,80.37000274658203,80.19000244140625,80.32980346679688,48698,0.0,0.0,0.0
2023-07-18 15:30:00-04:00,80.30999755859375,80.37999725341797,80.2699966430664,80.30000305175781,0,0.0,0.0,0.0
2023-07-19 09:30:00-04:00,80.41000366210938,80.81999969482422,80.41000366210938,80.7300033569336,49974,0.0,0.0,0.0
2023-07-19 10:30:00-04:00,80.72000122070312,80.7300033569336,80.48999786376953,80.62999725341797,36432,0.0,0.0,0.0
2023-07-19 11:30:00-04:00,80.66790008544922,80.73999786376953,80.60009765625,80.61810302734375,27127,0.0,0.0,0.0
2023-07-19 12:30:00-04:00,80.58999633789062,80.67050170898438,80.51000213623047,80.64009857177734,230930,0.0,0.0,0.0
2023-07-19 13:30:00-04:00,80.64009857177734,80.66929626464844,80.5199966430664,80.5999984741211,60720,0.0,0.0,0.0
2023-07-19 14:30:00-04:00,80.61959838867188,80.80719757080078,80.61959838867188,80.79000091552734,36009,0.0,0.0,0.0
2023-07-19 15:30:00-04:00,80.7699966430664,80.77999877929688,80.67520141601562,80.70999908447266,20313,0.0,0.0,0.0
2023-07-20 09:30:00-04:00,80.61000061035156,80.66000366210938,80.4000015258789,80.41000366210938,35778,0.0,0.0,0.0
2023-07-20 10:30:00-04:00,80.41000366210938,80.5198974609375,80.36000061035156,80.48999786376953,28628,0.0,0.0,0.0
2023-07-20 11:30:00-04:00,80.47200012207031,80.66500091552734,80.47200012207031,80.57009887695312,49674,0.0,0.0,0.0
2023-07-20 12:30:00-04:00,80.58999633789062,80.58999633789062,80.48999786376953,80.55999755859375,89906,0.0,0.0,0.0
2023-07-20 13:30:00-04:00,80.56999969482422,80.5979995727539,80.37999725341797,80.37999725341797,54948,0.0,0.0,0.0
2023-07-20 14:30:00-04:00,80.41999816894531,80.5199966430664,80.33499908447266,80.34989929199219,96103,0.0,0.0,0.0
2023-07-20 15:30:00-04:00,80.37000274658203,80.47000122070312,80.3499984741211,80.47000122070312,31240,0.0,0.0,0.0
2023-07-21 09:30:00-04:00,80.76000213623047,80.76000213623047,80.36000061035156,80.44999694824219,37084,0.0,0.0,0.0
2023-07-21 10:30:00-04:00,80.43000030517578,80.64939880371094,80.43000030517578,80.60009765625,1082915,0.0,0.0,0.0
2023-07-21 11:30:00-04:00,80.62000274658203,80.66960144042969,80.55000305175781,80.55000305175781,60773,0.0,0.0,0.0
2023-07-21 12:30:00-04:00,80.54499816894531,80.60990142822266,80.45999908447266,80.58999633789062,26997,0.0,0.0,0.0
2023-07-21 13:30:00-04:00,80.59729766845703,80.64900207519531,80.5177001953125,80.54229736328125,45513,0.0,0.0,0.0
2023-07-21 14:30:00-04:00,80.52999877929688,80.60929870605469,80.39800262451172,80.45220184326172,27526,0.0,0.0,0.0
2023-07-21 15:30:00-04:00,80.45999908447266,80.48999786376953,80.37999725341797,80.37999725341797,21002,0.0,0.0,0.0
2023-07-24 09:30:00-04:00,80.55000305175781,80.75830078125,80.44999694824219,80.62000274658203,52517,0.0,0.0,0.0
2023-07-24 10:30:00-04:00,80.61180114746094,80.69000244140625,80.55039978027344,80.6697006225586,47245,0.0,0.0,0.0
2023-07-24 11:30:00-04:00,80.66999816894531,80.76000213623047,80.63200378417969,80.7300033569336,57437,0.0,0.0,0.0
2023-07-24 12:30:00-04:00,80.76000213623047,80.76959991455078,80.67500305175781,80.75,67614,0.0,0.0,0.0
2023-07-24 13:30:00-04:00,80.73999786376953,80.80999755859375,80.7300033569336,80.74600219726562,32298,0.0,0.0,0.0
2023-07-24 14:30:00-04:00,80.73040008544922,80.73040008544922,80.54000091552734,80.54000091552734,44024,0.0,0.0,0.0
2023-07-24 15:30:00-04:00,80.55000305175781,80.67720031738281,80.55000305175781,80.66999816894531,26032,0.0,0.0,0.0
2023-07-25 09:30:00-04:00,80.52999877929688,80.65019989013672,80.5,80.6500015258789,39402,0.0,0.0,0.0
2023-07-25 10:30:00-04:00,80.62000274658203,80.68499755859375,80.59339904785156,80.64900207519531,27452,0.0,0.0,0.0
2023-07-25 11:30:00-04:00,80.6686019897461,80.75,80.6686019897461,80.69999694824219,65551,0.0,0.0,0.0
2023-07-25 12:30:00-04:00,80.70999908447266,80.80000305175781,80.69999694824219,80.7699966430664,44546,0.0,0.0,0.0
2023-07-25 13:30:00-04:00,80.77249908447266,80.86540222167969,80.7300033569336,80.85089874267578,151450,0.0,0.0,0.0
2023-07-25 14:30:00-04:00,80.90850067138672,80.93000030517578,80.75,80.76499938964844,109921,0.0,0.0,0.0
2023-07-25 15:30:00-04:00,80.7688980102539,80.77999877929688,80.69989776611328,80.69999694824219,46393,0.0,0.0,0.0
2023-07-26 09:30:00-04:00,80.58999633789062,80.77999877929688,80.55000305175781,80.58999633789062,54556,0.0,0.0,0.0
2023-07-26 10:30:00-04:00,80.58999633789062,80.58999633789062,80.45500183105469,80.54949951171875,72400,0.0,0.0,0.0
2023-07-26 11:30:00-04:00,80.53800201416016,80.66000366210938,80.52999877929688,80.61900329589844,24269,0.0,0.0,0.0
2023-07-26 12:30:00-04:00,80.6001968383789,80.61419677734375,80.51860046386719,80.5199966430664,23832,0.0,0.0,0.0
2023-07-26 13:30:00-04:00,80.5199966430664,80.61509704589844,80.4800033569336,80.54000091552734,44399,0.0,0.0,0.0
2023-07-26 14:30:00-04:00,80.55000305175781,80.95999908447266,80.43000030517578,80.58999633789062,87850,0.0,0.0,0.0
2023-07-26 15:30:00-04:00,80.56999969482422,80.79000091552734,80.55999755859375,80.79000091552734,50688,0.0,0.0,0.0
2023-07-27 09:30:00-04:00,81.2699966430664,81.44000244140625,81.1500015258789,81.16449737548828,51407,0.0,0.0,0.0
2023-07-27 10:30:00-04:00,81.20999908447266,81.2699966430664,81.01000213623047,81.04450225830078,57084,0.0,0.0,0.0
2023-07-27 11:30:00-04:00,81.0999984741211,81.13860321044922,81.0199966430664,81.13860321044922,29417,0.0,0.0,0.0
2023-07-27 12:30:00-04:00,81.15579986572266,81.16999816894531,80.79000091552734,80.80000305175781,93979,0.0,0.0,0.0
2023-07-27 13:30:00-04:00,80.78790283203125,80.80899810791016,80.44999694824219,80.44999694824219,59424,0.0,0.0,0.0
2023-07-27 14:30:00-04:00,80.44999694824219,80.48999786376953,80.21099853515625,80.25990295410156,54578,0.0,0.0,0.0
2023-07-27 15:30:00-04:00,80.27999877929688,80.32209777832031,80.08000183105469,80.2300033569336,43771,0.0,0.0,0.0
2023-07-28 09:30:00-04:00,80.79000091552734,80.9749984741211,80.72000122070312,80.85900115966797,0,0.0,0.0,0.0
2023-07-28 10:30:00-04:00,80.9000015258789,80.99949645996094,80.84739685058594,80.9800033569336,70109,0.0,0.0,0.0
2023-07-28 11:30:00-04:00,81.01000213623047,81.02999877929688,80.87049865722656,80.95999908447266,27491,0.0,0.0,0.0
2023-07-28 12:30:00-04:00,80.97000122070312,80.97949981689453,80.76840209960938,80.76840209960938,35160,0.0,0.0,0.0
2023-07-28 13:30:00-04:00,80.7699966430664,80.86000061035156,80.55999755859375,80.86000061035156,36644,0.0,0.0,0.0
2023-07-28 14:30:00-04:00,80.87000274658203,80.92500305175781,80.7699966430664,80.80999755859375,104993,0.0,0.0,0.0
2023-07-28 15:30:00-04:00,80.80999755859375,80.88500213623047,80.76190185546875,80.83999633789062,30270,0.0,0.0,0.0
2023-07-31 09:30:00-04:00,81.05000305175781,81.14900207519531,80.93669891357422,81.09919738769531,99615,0.0,0.0,0.0
2023-07-31 10:30:00-04:00,81.11199951171875,81.11199951171875,80.98999786376953,81.01499938964844,132829,0.0,0.0,0.0
2023-07-31 11:30:00-04:00,81.02999877929688,81.02999877929688,80.9000015258789,80.93250274658203,87820,0.0,0.0,0.0
2023-07-31 12:30:00-04:00,80.91719818115234,80.92500305175781,80.80000305175781,80.86000061035156,66660,0.0,0.0,0.0
2023-07-31 13:30:00-04:00,80.83999633789062,80.91999816894531,80.77999877929688,80.83000183105469,33889,0.0,0.0,0.0
2023-07-31 14:30:00-04:00,80.83000183105469,80.88300323486328,80.77249908447266,80.82499694824219,45633,0.0,0.0,0.0
2023-07-31 15:30:00-04:00,80.83999633789062,81.0199966430664,80.72010040283203,81.0,23816,0.0,0.0,0.0
2023-08-01 09:30:00-04:00,80.72000122070312,80.9198989868164,80.63999938964844,80.66999816894531,100223,0.0,0.0,0.0
2023-08-01 10:30:00-04:00,80.66000366210938,80.75,80.62999725341797,80.6500015258789,76783,0.0,0.0,0.0
2023-08-01 11:30:00-04:00,80.69999694824219,80.73999786376953,80.65170288085938,80.70269775390625,48487,0.0,0.0,0.0
2023-08-01 12:30:00-04:00,80.6874008178711,80.79720306396484,80.68000030517578,80.77020263671875,35396,0.0,0.0,0.0
2023-08-01 13:30:00-04:00,80.76000213623047,80.86000061035156,80.7343978881836,80.79000091552734,44634,0.0,0.0,0.0
2023-08-01 14:30:00-04:00,80.83000183105469,80.90989685058594,80.81999969482422,80.86160278320312,67422,0.0,0.0,0.0
2023-08-01 15:30:00-04:00,80.86000061035156,80.88400268554688,80.77010345458984,80.81999969482422,23896,0.0,0.0,0.0
2023-08-02 09:30:00-04:00,80.30999755859375,80.3499984741211,80.07710266113281,80.11000061035156,60243,0.0,0.0,0.0
2023-08-02 10:30:00-04:00,80.11139678955078,80.13500213623047,79.80999755859375,79.94999694824219,97935,0.0,0.0,0.0
2023-08-02 11:30:00-04:00,79.9708023071289,80.04000091552734,79.87999725341797,79.97000122070312,60139,0.0,0.0,0.0
2023-08-02 12:30:00-04:00,79.95999908447266,80.08999633789062,79.95020294189453,80.0199966430664,44032,0.0,0.0,0.0
2023-08-02 13:30:00-04:00,80.06999969482422,80.10140228271484,79.95999908447266,80.0,44243,0.0,0.0,0.0
2023-08-02 14:30:00-04:00,80.0,80.01499938964844,79.76000213623047,79.76000213623047,99000,0.0,0.0,0.0
2023-08-02 15:30:00-04:00,79.7699966430664,79.94999694824219,79.75,79.9000015258789,42946,0.0,0.0,0.0
2023-08-03 09:30:00-04:00,79.51000213623047,79.5199966430664,79.2699966430664,79.27999877929688,68612,0.0,0.0,0.0
2023-08-03 10:30:00-04:00,79.27999877929688,79.55000305175781,79.25,79.54000091552734,50885,0.0,0.0,0.0
2023-08-03 11:30:00-04:00,79.54000091552734,79.62000274658203,79.4800033569336,79.5999984741211,48063,0.0,0.0,0.0
2023-08-03 12:30:00-04:00,79.61000061035156,79.82569885253906,79.61000061035156,79.81009674072266,32027,0.0,0.0,0.0
2023-08-03 13:30:00-04:00,79.75689697265625,79.76000213623047,79.59010314941406,79.68499755859375,29358,0.0,0.0,0.0
2023-08-03 14:30:00-04:00,79.68309783935547,79.70899963378906,79.5199966430664,79.58000183105469,44007,0.0,0.0,0.0
2023-08-03 15:30:00-04:00,79.58000183105469,79.64009857177734,79.52999877929688,79.52999877929688,32374,0.0,0.0,0.0
2023-08-04 09:30:00-04:00,80.06159973144531,80.19999694824219,79.83000183105469,80.05999755859375,77295,0.0,0.0,0.0
2023-08-04 10:30:00-04:00,80.12999725341797,80.256103515625,80.12999725341797,80.256103515625,70690,0.0,0.0,0.0
2023-08-04 11:30:00-04:00,80.26899719238281,80.41899871826172,80.20079803466797,80.41000366210938,45178,0.0,0.0,0.0
2023-08-04 12:30:00-04:00,80.41999816894531,80.4800033569336,80.27300262451172,80.29810333251953,27375,0.0,0.0,0.0
2023-08-04 13:30:00-04:00,80.27369689941406,80.30999755859375,79.69000244140625,79.69000244140625,50128,0.0,0.0,0.0
2023-08-04 14:30:00-04:00,79.69000244140625,79.69000244140625,79.45999908447266,79.45999908447266,75401,0.0,0.0,0.0
2023-08-04 15:30:00-04:00,79.54560089111328,79.54560089111328,79.40010070800781,79.51000213623047,63276,0.0,0.0,0.0
2023-08-07 09:30:00-04:00,79.80999755859375,80.19000244140625,79.80999755859375,80.19000244140625,67553,0.0,0.0,0.0
2023-08-07 10:30:00-04:00,80.16000366210938,80.22000122070312,80.07499694824219,80.07499694824219,61585,0.0,0.0,0.0
2023-08-07 11:30:00-04:00,80.11499786376953,80.19999694824219,80.05000305175781,80.19000244140625,32633,0.0,0.0,0.0
2023-08-07 12:30:00-04:00,80.16999816894531,80.29000091552734,80.12989807128906,80.23719787597656,33666,0.0,0.0,0.0
2023-08-07 13:30:00-04:00,80.2300033569336,80.30999755859375,80.19100189208984,80.20999908447266,41305,0.0,0.0,0.0
2023-08-07 14:30:00-04:00,80.22000122070312,80.32990264892578,80.21099853515625,80.2300033569336,45435,0.0,0.0,0.0
2023-08-07 15:30:00-04:00,80.18000030517578,80.37960052490234,80.18000030517578,80.33999633789062,29038,0.0,0.0,0.0
2023-08-08 09:30:00-04:00,79.62000274658203,79.66999816894531,79.12999725341797,79.20999908447266,60736,0.0,0.0,0.0
2023-08-08 10:30:00-04:00,79.20500183105469,79.25910186767578,79.12020111083984,79.23999786376953,63186,0.0,0.0,0.0
2023-08-08 11:30:00-04:00,79.29989624023438,79.38890075683594,79.23999786376953,79.37000274658203,42605,0.0,0.0,0.0
2023-08-08 12:30:00-04:00,79.37999725341797,79.56520080566406,79.36990356445312,79.4800033569336,41489,0.0,0.0,0.0
2023-08-08 13:30:00-04:00,79.52010345458984,79.68000030517578,79.45999908447266,79.62999725341797,39650,0.0,0.0,0.0
2023-08-08 14:30:00-04:00,79.6449966430664,79.82969665527344,79.61499786376953,79.80500030517578,38719,0.0,0.0,0.0
2023-08-08 15:30:00-04:00,79.80000305175781,79.91000366210938,79.75,79.83999633789062,47551,0.0,0.0,0.0
2023-08-09 09:30:00-04:00,79.9000015258789,79.9000015258789,79.7300033569336,79.83000183105469,0,0.0,0.0,0.0
2023-08-09 10:30:00-04:00,79.82279968261719,79.87999725341797,79.41000366210938,79.41999816894531,52234,0.0,0.0,0.0
2023-08-09 11:30:00-04:00,79.39990234375,79.45999908447266,79.19000244140625,79.3499984741211,45373,0.0,0.0,0.0
2023-08-09 12:30:00-04:00,79.33000183105469,79.58999633789062,79.33000183105469,79.57170104980469,21042,0.0,0.0,0.0
2023-08-09 13:30:00-04:00,79.62000274658203,79.7699966430664,79.58049774169922,79.75,42517,0.0,0.0,0.0
2023-08-09 14:30:00-04:00,79.77999877929688,79.81999969482422,79.5999984741211,79.6500015258789,52450,0.0,0.0,0.0
2023-08-09 15:30:00-04:00,79.65840148925781,79.65840148925781,79.26260375976562,79.30000305175781,27725,0.0,0.0,0.0
2023-08-10 09:30:00-04:00,79.7300033569336,80.27320098876953,79.7300033569336,80.18000030517578,74203,0.0,0.0,0.0
2023-08-10 10:30:00-04:00,80.18000030517578,80.2074966430664,79.7155990600586,79.87000274658203,22674,0.0,0.0,0.0
2023-08-10 11:30:00-04:00,79.87000274658203,79.93000030517578,79.4000015258789,79.42510223388672,66081,0.0,0.0,0.0
2023-08-10 12:30:00-04:00,79.48989868164062,79.63839721679688,79.31990051269531,79.33999633789062,37057,0.0,0.0,0.0
2023-08-10 13:30:00-04:00,79.30000305175781,79.47000122070312,79.1489028930664,79.45220184326172,31693,0.0,0.0,0.0
2023-08-10 14:30:00-04:00,79.43000030517578,79.59989929199219,79.33000183105469,79.33000183105469,43687,0.0,0.0,0.0
2023-08-10 15:30:00-04:00,79.33989715576172,79.3499984741211,79.1500015258789,79.33000183105469,0,0.0,0.0,0.0
2023-08-11 09:30:00-04:00,78.9800033569336,79.44999694824219,78.9000015258789,79.37999725341797,56818,0.0,0.0,0.0
2023-08-11 10:30:00-04:00,79.37030029296875,79.4800033569336,79.11009979248047,79.11499786376953,51719,0.0,0.0,0.0
2023-08-11 11:30:00-04:00,79.16000366210938,79.36000061035156,79.12000274658203,79.2300033569336,70424,0.0,0.0,0.0
2023-08-11 12:30:00-04:00,79.2343978881836,79.27999877929688,79.13990020751953,79.27999877929688,22189,0.0,0.0,0.0
2023-08-11 13:30:00-04:00,79.29000091552734,79.33999633789062,79.11000061035156,79.31999969482422,35663,0.0,0.0,0.0
2023-08-11 14:30:00-04:00,79.38909912109375,79.41000366210938,79.23999786376953,79.3499984741211,55761,0.0,0.0,0.0
2023-08-11 15:30:00-04:00,79.3375015258789,79.37229919433594,79.20999908447266,79.2699966430664,26523,0.0,0.0,0.0
2023-08-14 09:30:00-04:00,79.19000244140625,79.2300033569336,78.95999908447266,79.12000274658203,67684,0.0,0.0,0.0
2023-08-14 10:30:00-04:00,79.12999725341797,79.33999633789062,79.12010192871094,79.27189636230469,77479,0.0,0.0,0.0
2023-08-14 11:30:00-04:00,79.30000305175781,79.38500213623047,79.23999786376953,79.24729919433594,28407,0.0,0.0,0.0
2023-08-14 12:30:00-04:00,79.23999786376953,79.37999725341797,79.2300033569336,79.33000183105469,55509,0.0,0.0,0.0
2023-08-14 13:30:00-04:00,79.36000061035156,79.37999725341797,79.20999908447266,79.22339630126953,32391,0.0,0.0,0.0
2023-08-14 14:30:00-04:00,79.20010375976562,79.30000305175781,79.18000030517578,79.23999786376953,48004,0.0,0.0,0.0
2023-08-14 15:30:00-04:00,79.26000213623047,79.43000030517578,79.252197265625,79.43000030517578,28543,0.0,0.0,0.0
2023-08-15 09:30:00-04:00,79.0199966430664,79.04499816894531,78.58000183105469,78.62660217285156,157142,0.0,0.0,0.0
2023-08-15 10:30:00-04:00,78.5999984741211,78.76380157470703,78.5,78.70999908447266,55730,0.0,0.0,0.0
2023-08-15 11:30:00-04:00,78.73100280761719,78.77999877929688,78.5999984741211,78.66000366210938,31556,0.0,0.0,0.0
2023-08-15 12:30:00-04:00,78.66000366210938,78.66000366210938,78.52999877929688,78.62999725341797,41272,0.0,0.0,0.0
2023-08-15 13:30:00-04:00,78.63999938964844,78.63999938964844,78.5,78.53500366210938,32204,0.0,0.0,0.0
2023-08-15 14:30:00-04:00,78.57499694824219,78.6500015258789,78.33999633789062,78.33999633789062,45553,0.0,0.0,0.0
2023-08-15 15:30:00-04:00,78.33000183105469,78.45999908447266,78.30130004882812,78.37999725341797,34150,0.0,0.0,0.0
2023-08-16 09:30:00-04:00,78.23999786376953,78.58999633789062,78.2300033569336,78.38970184326172,63281,0.0,0.0,0.0
2023-08-16 10:30:00-04:00,78.38719940185547,78.5,78.33499908447266,78.41000366210938,54469,0.0,0.0,0.0
2023-08-16 11:30:00-04:00,78.41899871826172,78.44000244140625,78.16999816894531,78.19999694824219,73207,0.0,0.0,0.0
2023-08-16 12:30:00-04:00,78.16999816894531,78.26529693603516,78.0199966430664,78.06999969482422,26147,0.0,0.0,0.0
2023-08-16 13:30:00-04:00,78.02999877929688,78.31639862060547,78.02999877929688,78.29000091552734,30138,0.0,0.0,0.0
2023-08-16 14:30:00-04:00,78.31269836425781,78.33000183105469,77.78510284423828,77.8499984741211,55911,0.0,0.0,0.0
2023-08-16 15:30:00-04:00,77.83000183105469,77.93000030517578,77.77999877929688,77.79000091552734,0,0.0,0.0,0.0
2023-08-17 09:30:00-04:00,77.94000244140625,78.05999755859375,77.80000305175781,77.8989028930664,85502,0.0,0.0,0.0
2023-08-17 10:30:00-04:00,77.86000061035156,77.91000366210938,77.67500305175781,77.68000030517578,53224,0.0,0.0,0.0
2023-08-17 11:30:00-04:00,77.68319702148438,77.81999969482422,77.58000183105469,77.80000305175781,46221,0.0,0.0,0.0
2023-08-17 12:30:00-04:00,77.81759643554688,77.81759643554688,77.62999725341797,77.63999938964844,33732,0.0,0.0,0.0
2023-08-17 13:30:00-04:00,77.62999725341797,77.63880157470703,77.44159698486328,77.48999786376953,41929,0.0,0.0,0.0
2023-08-17 14:30:00-04:00,77.48169708251953,77.48169708251953,77.02999877929688,77.16999816894531,57613,0.0,0.0,0.0
2023-08-17 15:30:00-04:00,77.19000244140625,77.23570251464844,77.05000305175781,77.08999633789062,25531,0.0,0.0,0.0
2023-08-18 09:30:00-04:00,76.55999755859375,77.0,76.41999816894531,76.80000305175781,87645,0.0,0.0,0.0
2023-08-18 10:30:00-04:00,76.81999969482422,77.1449966430664,76.81999969482422,77.06999969482422,39328,0.0,0.0,0.0
2023-08-18 11:30:00-04:00,77.04000091552734,77.22000122070312,76.95999908447266,77.07499694824219,27258,0.0,0.0,0.0
2023-08-18 12:30:00-04:00,77.04100036621094,77.177001953125,76.94499969482422,77.01000213623047,116949,0.0,0.0,0.0
2023-08-18 13:30:00-04:00,77.0199966430664,77.1050033569336,76.9800033569336,77.05000305175781,55811,0.0,0.0,0.0
2023-08-18 14:30:00-04:00,77.05950164794922,77.16000366210938,76.97949981689453,77.08000183105469,58261,0.0,0.0,0.0
2023-08-18 15:30:00-04:00,77.05999755859375,77.30999755859375,77.04499816894531,77.0999984741211,31297,0.0,0.0,0.0
2023-08-21 09:30:00-04:00,77.16999816894531,77.30999755859375,76.88999938964844,76.88999938964844,86361,0.0,0.0,0.0
2023-08-21 10:30:00-04:00,76.87999725341797,76.9800033569336,76.7500991821289,76.7500991821289,52594,0.0,0.0,0.0
2023-08-21 11:30:00-04:00,76.79000091552734,76.87000274658203,76.61000061035156,76.8311996459961,154571,0.0,0.0,0.0
2023-08-21 12:30:00-04:00,76.84629821777344,76.98739624023438,76.80999755859375,76.97119903564453,18852,0.0,0.0,0.0
2023-08-21 13:30:00-04:00,76.9822998046875,77.10990142822266,76.9822998046875,77.04010009765625,57918,0.0,0.0,0.0
2023-08-21 14:30:00-04:00,77.0886001586914,77.29989624023438,77.02999877929688,77.2699966430664,102948,0.0,0.0,0.0
2023-08-21 15:30:00-04:00,77.2572021484375,77.37999725341797,77.19999694824219,77.2300033569336,0,0.0,0.0,0.0
2023-08-22 09:30:00-04:00,77.4000015258789,77.51000213623047,77.16000366210938,77.20999908447266,47231,0.0,0.0,0.0
2023-08-22 10:30:00-04:00,77.18000030517578,77.18900299072266,77.0447006225586,77.12000274658203,62692,0.0,0.0,0.0
2023-08-22 11:30:00-04:00,77.0999984741211,77.16220092773438,76.91329956054688,77.0155029296875,43901,0.0,0.0,0.0
2023-08-22 12:30:00-04:00,77.00199890136719,77.08999633789062,76.8635025024414,76.94499969482422,29216,0.0,0.0,0.0
2023-08-22 13:30:00-04:00,76.94999694824219,76.9800033569336,76.86000061035156,76.9800033569336,51578,0.0,0.0,0.0
2023-08-22 14:30:00-04:00,77.01000213623047,77.14710235595703,76.91410064697266,77.01000213623047,48515,0.0,0.0,0.0
2023-08-22 15:30:00-04:00,76.9800033569336,76.9800033569336,76.83999633789062,76.94000244140625,28741,0.0,0.0,0.0
2023-08-23 09:30:00-04:00,77.06999969482422,77.33000183105469,77.02999877929688,77.29000091552734,0,0.0,0.0,0.0
2023-08-23 10:30:00-04:00,77.33000183105469,77.52349853515625,77.25,77.52349853515625,34210,0.0,0.0,0.0
2023-08-23 11:30:00-04:00,77.54989624023438,77.56999969482422,77.45999908447266,77.52989959716797,31475,0.0,0.0,0.0
2023-08-23 12:30:00-04:00,77.5022964477539,77.72000122070312,77.5022964477539,77.69999694824219,18659,0.0,0.0,0.0
2023-08-23 13:30:00-04:00,77.76000213623047,77.7699966430664,77.61990356445312,77.66940307617188,159957,0.0,0.0,0.0
2023-08-23 14:30:00-04:00,77.65190124511719,77.69999694824219,77.58999633789062,77.69989776611328,42051,0.0,0.0,0.0
2023-08-23 15:30:00-04:00,77.69000244140625,77.7300033569336,77.58000183105469,77.66000366210938,31373,0.0,0.0,0.0
2023-08-24 09:30:00-04:00,77.72000122070312,78.13999938964844,77.72000122070312,77.75,53187,0.0,0.0,0.0
2023-08-24 10:30:00-04:00,77.69670104980469,77.69999694824219,77.31999969482422,77.38999938964844,72003,0.0,0.0,0.0
2023-08-24 11:30:00-04:00,77.36119842529297,77.36119842529297,77.11849975585938,77.21700286865234,47169,0.0,0.0,0.0
2023-08-24 12:30:00-04:00,77.23670196533203,77.30999755859375,77.06999969482422,77.06999969482422,21749,0.0,0.0,0.0
2023-08-24 13:30:00-04:00,77.05010223388672,77.1438980102539,77.0199966430664,77.04229736328125,46624,0.0,0.0,0.0
2023-08-24 14:30:00-04:00,77.05000305175781,77.15989685058594,76.96109771728516,77.08830261230469,48521,0.0,0.0,0.0
2023-08-24 15:30:00-04:00,77.08000183105469,77.12000274658203,76.80000305175781,76.80999755859375,27860,0.0,0.0,0.0
2023-08-25 09:30:00-04:00,77.12999725341797,77.4198989868164,76.79100036621094,76.83000183105469,45610,0.0,0.0,0.0
2023-08-25 10:30:00-04:00,76.76000213623047,76.95999908447266,76.43730163574219,76.95999908447266,63009,0.0,0.0,0.0
2023-08-25 11:30:00-04:00,76.94609832763672,77.12000274658203,76.7699966430664,77.12000274658203,37737,0.0,0.0,0.0
2023-08-25 12:30:00-04:00,77.14009857177734,77.14009857177734,76.94499969482422,76.96499633789062,22469,0.0,0.0,0.0
2023-08-25 13:30:00-04:00,76.88500213623047,77.3499984741211,76.88500213623047,77.34049987792969,61878,0.0,0.0,0.0
2023-08-25 14:30:00-04:00,77.3634033203125,77.50499725341797,77.30999755859375,77.45909881591797,43694,0.0,0.0,0.0
2023-08-25 15:30:00-04:00,77.44499969482422,77.47989654541016,77.18000030517578,77.2300033569336,37467,0.0,0.0,0.0
2023-08-28 09:30:00-04:00,77.55000305175781,77.93000030517578,77.55000305175781,77.90010070800781,103012,0.0,0.0,0.0
2023-08-28 10:30:00-04:00,77.94999694824219,77.94999694824219,77.62000274658203,77.62000274658203,167044,0.0,0.0,0.0
2023-08-28 11:30:00-04:00,77.62999725341797,77.70359802246094,77.55999755859375,77.61239624023438,81269,0.0,0.0,0.0
2023-08-28 12:30:00-04:00,77.5999984741211,77.91000366210938,77.5999984741211,77.80000305175781,64407,0.0,0.0,0.0
2023-08-28 13:30:00-04:00,77.81999969482422,77.83000183105469,77.51000213623047,77.54979705810547,53774,0.0,0.0,0.0
2023-08-28 14:30:00-04:00,77.54000091552734,77.69999694824219,77.5,77.63999938964844,80493,0.0,0.0,0.0
2023-08-28 15:30:00-04:00,77.62999725341797,77.87000274658203,77.6134033203125,77.76000213623047,0,0.0,0.0,0.0
2023-08-29 09:30:00-04:00,77.69999694824219,78.19499969482422,77.69999694824219,78.19000244140625,74803,0.0,0.0,0.0
2023-08-29 10:30:00-04:00,78.20999908447266,78.32350158691406,78.07029724121094,78.30999755859375,49653,0.0,0.0,0.0
2023-08-29 11:30:00-04:00,78.30999755859375,78.56999969482422,78.30819702148438,78.56999969482422,54031,0.0,0.0,0.0
2023-08-29 12:30:00-04:00,78.57769775390625,78.5999984741211,78.44999694824219,78.59819793701172,97451,0.0,0.0,0.0
2023-08-29 13:30:00-04:00,78.56999969482422,78.63999938964844,78.50900268554688,78.53500366210938,116075,0.0,0.0,0.0
2023-08-29 14:30:00-04:00,78.55000305175781,78.67130279541016,78.5199966430664,78.67130279541016,60171,0.0,0.0,0.0
2023-08-29 15:30:00-04:00,78.66999816894531,78.73809814453125,78.62999725341797,78.69999694824219,0,0.0,0.0,0.0
2023-08-30 09:30:00-04:00,78.77999877929688,79.04000091552734,78.56089782714844,78.62000274658203,126367,0.0,0.0,0.0
2023-08-30 10:30:00-04:00,78.63999938964844,78.79000091552734,78.62999725341797,78.78500366210938,48084,0.0,0.0,0.0
2023-08-30 11:30:00-04:00,78.79000091552734,78.91000366210938,78.78350067138672,78.91000366210938,52447,0.0,0.0,0.0
2023-08-30 12:30:00-04:00,78.91190338134766,78.95500183105469,78.84809875488281,78.84809875488281,23904,0.0,0.0,0.0
2023-08-30 13:30:00-04:00,78.86000061035156,78.89900207519531,78.70999908447266,78.74500274658203,47597,0.0,0.0,0.0
2023-08-30 14:30:00-04:00,78.72010040283203,78.91000366210938,78.72000122070312,78.8593978881836,632360,0.0,0.0,0.0
2023-08-30 15:30:00-04:00,78.85870361328125,78.86209869384766,78.77999877929688,78.8499984741211,0,0.0,0.0,0.0
2023-08-31 09:30:00-04:00,79.06999969482422,79.18460083007812,78.91000366210938,79.16500091552734,58318,0.0,0.0,0.0
2023-08-31 10:30:00-04:00,79.1500015258789,79.18000030517578,79.01069641113281,79.0739974975586,40822,0.0,0.0,0.0
2023-08-31 11:30:00-04:00,79.04000091552734,79.06999969482422,78.91079711914062,78.9447021484375,27736,0.0,0.0,0.0
2023-08-31 12:30:00-04:00,78.93099975585938,79.00990295410156,78.80000305175781,78.98999786376953,45825,0.0,0.0,0.0
2023-08-31 13:30:00-04:00,79.01000213623047,79.05000305175781,78.94000244140625,79.0199966430664,47416,0.0,0.0,0.0
2023-08-31 14:30:00-04:00,79.01000213623047,79.01000213623047,78.7699966430664,78.80999755859375,58600,0.0,0.0,0.0
2023-08-31 15:30:00-04:00,78.83999633789062,78.91000366210938,78.7300033569336,78.7300033569336,47108,0.0,0.0,0.0
2023-09-01 09:30:00-04:00,79.1500015258789,79.33000183105469,79.0199966430664,79.26000213623047,87065,0.0,0.0,0.0
2023-09-01 10:30:00-04:00,79.22000122070312,79.22000122070312,78.94999694824219,78.94999694824219,62226,0.0,0.0,0.0
2023-09-01 11:30:00-04:00,78.95079803466797,78.95079803466797,78.75029754638672,78.87000274658203,31545,0.0,0.0,0.0
2023-09-01 12:30:00-04:00,78.87840270996094,78.92060089111328,78.81009674072266,78.83499908447266,31365,0.0,0.0,0.0
2023-09-01 13:30:00-04:00,78.8499984741211,78.9198989868164,78.79000091552734,78.83000183105469,19354,0.0,0.0,0.0
2023-09-01 14:30:00-04:00,78.83000183105469,78.97000122070312,78.79000091552734,78.97000122070312,30766,0.0,0.0,0.0
2023-09-01 15:30:00-04:00,78.95999908447266,79.00499725341797,78.91000366210938,78.94999694824219,23514,0.0,0.0,0.0
2023-09-05 09:30:00-04:00,78.93000030517578,78.95379638671875,78.44999694824219,78.52999877929688,43638,0.0,0.0,0.0
2023-09-05 10:30:00-04:00,78.4896011352539,78.70999908447266,78.41999816894531,78.60009765625,66465,0.0,0.0,0.0
2023-09-05 11:30:00-04:00,78.52189636230469,78.58149719238281,78.49320220947266,78.5438003540039,34038,0.0,0.0,0.0
2023-09-05 12:30:00-04:00,78.55000305175781,78.56999969482422,78.33999633789062,78.33999633789062,53738,0.0,0.0,0.0
2023-09-05 13:30:00-04:00,78.33999633789062,78.47869873046875,78.33999633789062,78.47000122070312,35888,0.0,0.0,0.0
2023-09-05 14:30:00-04:00,78.4529037475586,78.50379943847656,78.36019897460938,78.36019897460938,35895,0.0,0.0,0.0
2023-09-05 15:30:00-04:00,78.37139892578125,78.45999908447266,78.25,78.25,23108,0.0,0.0,0.0
2023-09-06 09:30:00-04:00,78.16000366210938,78.27469635009766,78.02999877929688,78.05999755859375,38794,0.0,0.0,0.0
2023-09-06 10:30:00-04:00,78.0999984741211,78.11810302734375,77.94000244140625,78.0199966430664,62876,0.0,0.0,0.0
2023-09-06 11:30:00-04:00,77.97000122070312,78.01000213623047,77.81999969482422,77.81999969482422,43809,0.0,0.0,0.0
2023-09-06 12:30:00-04:00,77.80999755859375,77.8385009765625,77.63999938964844,77.802001953125,42810,0.0,0.0,0.0
2023-09-06 13:30:00-04:00,77.82949829101562,78.0199966430664,77.80000305175781,78.00499725341797,75180,0.0,0.0,0.0
2023-09-06 14:30:00-04:00,78.01000213623047,78.08999633789062,77.94999694824219,78.05999755859375,26003,0.0,0.0,0.0
2023-09-06 15:30:00-04:00,78.08000183105469,78.12000274658203,78.02999877929688,78.08000183105469,0,0.0,0.0,0.0
2023-09-07 09:30:00-04:00,77.79000091552734,78.0199966430664,77.79000091552734,77.81999969482422,53796,0.0,0.0,0.0
2023-09-07 10:30:00-04:00,77.76570129394531,78.0199966430664,77.76570129394531,77.9800033569336,51991,0.0,0.0,0.0
2023-09-07 11:30:00-04:00,77.9800033569336,78.097900390625,77.87999725341797,78.05000305175781,37477,0.0,0.0,0.0
2023-09-07 12:30:00-04:00,78.03890228271484,78.05280303955078,77.94100189208984,78.02980041503906,25229,0.0,0.0,0.0
2023-09-07 13:30:00-04:00,78.05999755859375,78.06999969482422,77.91999816894531,77.93009948730469,32721,0.0,0.0,0.0
2023-09-07 14:30:00-04:00,77.91500091552734,77.95999908447266,77.84140014648438,77.94999694824219,47187,0.0,0.0,0.0
2023-09-07 15:30:00-04:00,77.94860076904297,78.02999877929688,77.87999725341797,77.95999908447266,26296,0.0,0.0,0.0
2023-09-08 09:30:00-04:00,77.98999786376953,78.21849822998047,77.91000366210938,78.20069885253906,46408,0.0,0.0,0.0
2023-09-08 10:30:00-04:00,78.2300033569336,78.2300033569336,78.08999633789062,78.16999816894531,294645,0.0,0.0,0.0
2023-09-08 11:30:00-04:00,78.1500015258789,78.19000244140625,78.04070281982422,78.09980010986328,61681,0.0,0.0,0.0
2023-09-08 12:30:00-04:00,78.04000091552734,78.12000274658203,78.01920318603516,78.0199966430664,220220,0.0,0.0,0.0
2023-09-08 13:30:00-04:00,78.05000305175781,78.0990982055664,77.96499633789062,77.98999786376953,33780,0.0,0.0,0.0
2023-09-08 14:30:00-04:00,77.98789978027344,78.00980377197266,77.88999938964844,77.9000015258789,64020,0.0,0.0,0.0
2023-09-08 15:30:00-04:00,77.9000015258789,78.05000305175781,77.9000015258789,78.05000305175781,18823,0.0,0.0,0.0
2023-09-11 09:30:00-04:00,78.38999938964844,78.58999633789062,78.31500244140625,78.49520111083984,0,0.0,0.0,0.0
2023-09-11 10:30:00-04:00,78.52999877929688,78.52999877929688,78.27989959716797,78.40850067138672,51930,0.0,0.0,0.0
2023-09-11 11:30:00-04:00,78.34490203857422,78.44000244140625,78.26000213623047,78.44000244140625,49348,0.0,0.0,0.0
2023-09-11 12:30:00-04:00,78.44000244140625,78.50990295410156,78.41850280761719,78.50509643554688,22278,0.0,0.0,0.0
2023-09-11 13:30:00-04:00,78.5199966430664,78.5519027709961,78.47000122070312,78.50969696044922,36340,0.0,0.0,0.0
2023-09-11 14:30:00-04:00,78.5199966430664,78.55000305175781,78.47989654541016,78.53150177001953,46465,0.0,0.0,0.0
2023-09-11 15:30:00-04:00,78.52999877929688,78.54000091552734,78.44999694824219,78.5199966430664,32815,0.0,0.0,0.0
2023-09-12 09:30:00-04:00,78.26000213623047,78.45770263671875,78.19000244140625,78.2499008178711,58696,0.0,0.0,0.0
2023-09-12 10:30:00-04:00,78.2300033569336,78.33999633789062,78.22940063476562,78.33999633789062,83658,0.0,0.0,0.0
2023-09-12 11:30:00-04:00,78.3499984741211,78.48999786376953,78.3499984741211,78.48570251464844,26803,0.0,0.0,0.0
2023-09-12 12:30:00-04:00,78.47000122070312,78.69000244140625,78.43000030517578,78.65989685058594,37173,0.0,0.0,0.0
2023-09-12 13:30:00-04:00,78.66000366210938,78.69000244140625,78.43000030517578,78.44869995117188,35724,0.0,0.0,0.0
2023-09-12 14:30:00-04:00,78.42579650878906,78.44999694824219,78.18879699707031,78.20500183105469,55799,0.0,0.0,0.0
2023-09-12 15:30:00-04:00,78.20010375976562,78.29000091552734,78.20010375976562,78.26000213623047,0,0.0,0.0,0.0
2023-09-13 09:30:00-04:00,78.36000061035156,78.47000122070312,78.09020233154297,78.16079711914062,53408,0.0,0.0,0.0
2023-09-13 10:30:00-04:00,78.2300033569336,78.44999694824219,78.2300033569336,78.44010162353516,55467,0.0,0.0,0.0
2023-09-13 11:30:00-04:00,78.4406967163086,78.45999908447266,78.29429626464844,78.37999725341797,21108,0.0,0.0,0.0
2023-09-13 12:30:00-04:00,78.38990020751953,78.4000015258789,78.28910064697266,78.37999725341797,28281,0.0,0.0,0.0
2023-09-13 13:30:00-04:00,78.37000274658203,78.37000274658203,78.22000122070312,78.2699966430664,37995,0.0,0.0,0.0
2023-09-13 14:30:00-04:00,78.26000213623047,78.29000091552734,77.97989654541016,78.05999755859375,40388,0.0,0.0,0.0
2023-09-13 15:30:00-04:00,78.08000183105469,78.2300033569336,78.08000183105469,78.19999694824219,0,0.0,0.0,0.0
2023-09-14 09:30:00-04:00,78.72000122070312,78.80999755859375,78.58999633789062,78.66600036621094,91004,0.0,0.0,0.0
2023-09-14 10:30:00-04:00,78.68370056152344,78.91000366210938,78.68370056152344,78.82499694824219,30891,0.0,0.0,0.0
2023-09-14 11:30:00-04:00,78.83390045166016,78.95999908447266,78.76799774169922,78.93319702148438,46710,0.0,0.0,0.0
2023-09-14 12:30:00-04:00,78.95580291748047,79.02999877929688,78.94190216064453,79.01000213623047,111489,0.0,0.0,0.0
2023-09-14 13:30:00-04:00,79.01219940185547,79.05889892578125,78.96769714355469,78.9800033569336,73608,0.0,0.0,0.0
2023-09-14 14:30:00-04:00,78.97570037841797,79.12999725341797,78.97570037841797,79.01000213623047,53757,0.0,0.0,0.0
2023-09-14 15:30:00-04:00,79.01000213623047,79.05999755859375,78.97989654541016,79.0199966430664,0,0.0,0.0,0.0
2023-09-15 09:30:00-04:00,78.77999877929688,78.77999877929688,78.58999633789062,78.63990020751953,141412,0.0,0.0,0.0
2023-09-15 10:30:00-04:00,78.61000061035156,78.62999725341797,78.32009887695312,78.44499969482422,45140,0.0,0.0,0.0
2023-09-15 11:30:00-04:00,78.46869659423828,78.51000213623047,78.41000366210938,78.42829895019531,66391,0.0,0.0,0.0
2023-09-15 12:30:00-04:00,78.45570373535156,78.4749984741211,78.1500015258789,78.16500091552734,43628,0.0,0.0,0.0
2023-09-15 13:30:00-04:00,78.12999725341797,78.31999969482422,78.12000274658203,78.19000244140625,35598,0.0,0.0,0.0
2023-09-15 14:30:00-04:00,78.18599700927734,78.30999755859375,78.1801986694336,78.25,478266,0.0,0.0,0.0
2023-09-15 15:30:00-04:00,78.2688980102539,78.27999877929688,78.11499786376953,78.18000030517578,76691,0.0,0.0,0.0
2023-09-18 09:30:00-04:00,78.16000366210938,78.16000366210938,77.94000244140625,78.12000274658203,75906,0.0,0.0,0.0
2023-09-18 10:30:00-04:00,78.12999725341797,78.22000122070312,78.0999984741211,78.20030212402344,80421,0.0,0.0,0.0
2023-09-18 11:30:00-04:00,78.22139739990234,78.33000183105469,78.22139739990234,78.30000305175781,37338,0.0,0.0,0.0
2023-09-18 12:30:00-04:00,78.30999755859375,78.33999633789062,78.22000122070312,78.26000213623047,47616,0.0,0.0,0.0
2023-09-18 13:30:00-04:00,78.27899932861328,78.30000305175781,78.19000244140625,78.1957015991211,54237,0.0,0.0,0.0
2023-09-18 14:30:00-04:00,78.19000244140625,78.21499633789062,78.05999755859375,78.10050201416016,79132,0.0,0.0,0.0
2023-09-18 15:30:00-04:00,78.0999984741211,78.12999725341797,78.05010223388672,78.12999725341797,38896,0.0,0.0,0.0
2023-09-19 09:30:00-04:00,78.06999969482422,78.08999633789062,77.73999786376953,77.79000091552734,71669,0.0,0.0,0.0
2023-09-19 10:30:00-04:00,77.7699966430664,77.7699966430664,77.55999755859375,77.6500015258789,326147,0.0,0.0,0.0
2023-09-19 11:30:00-04:00,77.6500015258789,77.69000244140625,77.53500366210938,77.56999969482422,33971,0.0,0.0,0.0
2023-09-19 12:30:00-04:00,77.55000305175781,77.66999816894531,77.47000122070312,77.63999938964844,39104,0.0,0.0,0.0
2023-09-19 13:30:00-04:00,77.6720962524414,77.8499984741211,77.6720962524414,77.80000305175781,54142,0.0,0.0,0.0
2023-09-19 14:30:00-04:00,77.8031005859375,78.0,77.80000305175781,77.9000015258789,50636,0.0,0.0,0.0
2023-09-19 15:30:00-04:00,77.9000015258789,77.993896484375,77.85260009765625,77.91000366210938,36503,0.0,0.0,0.0
2023-09-20 09:30:00-04:00,78.13999938964844,78.3499984741211,78.13999938964844,78.31909942626953,300596,0.0,0.0,0.0
2023-09-20 10:30:00-04:00,78.29409790039062,78.33499908447266,78.26000213623047,78.2699966430664,30325,0.0,0.0,0.0
2023-09-20 11:30:00-04:00,78.25,78.29930114746094,78.2300033569336,78.26499938964844,30492,0.0,0.0,0.0
2023-09-20 12:30:00-04:00,78.30909729003906,78.31999969482422,78.22630310058594,78.23999786376953,36105,0.0,0.0,0.0
2023-09-20 13:30:00-04:00,78.22000122070312,78.22000122070312,77.88999938964844,78.02999877929688,83454,0.0,0.0,0.0
2023-09-20 14:30:00-04:00,78.0,78.18000030517578,77.6050033569336,77.69999694824219,59787,0.0,0.0,0.0
2023-09-20 15:30:00-04:00,77.70999908447266,77.70999908447266,77.36000061035156,77.37999725341797,37987,0.0,0.0,0.0
2023-09-21 09:30:00-04:00,76.95999908447266,76.95999908447266,76.5801010131836,76.71739959716797,71800,0.0,0.0,0.0
2023-09-21 10:30:00-04:00,76.68000030517578,76.7699966430664,76.5199966430664,76.56999969482422,116568,0.0,0.0,0.0
2023-09-21 11:30:00-04:00,76.55999755859375,76.70999908447266,76.53739929199219,76.58000183105469,57777,0.0,0.0,0.0
2023-09-21 12:30:00-04:00,76.5739974975586,76.69989776611328,76.4749984741211,76.68000030517578,107058,0.0,0.0,0.0
2023-09-21 13:30:00-04:00,76.69000244140625,76.70570373535156,76.48999786376953,76.48999786376953,31430,0.0,0.0,0.0
2023-09-21 14:30:00-04:00,76.4749984741211,76.52050018310547,76.25740051269531,76.2699966430664,44583,0.0,0.0,0.0
2023-09-21 15:30:00-04:00,76.2699966430664,76.30000305175781,76.0999984741211,76.12999725341797,44908,0.0,0.0,0.0
2023-09-22 09:30:00-04:00,76.20999908447266,76.33000183105469,76.11000061035156,76.30000305175781,64524,0.0,0.0,0.0
2023-09-22 10:30:00-04:00,76.30500030517578,76.37999725341797,76.20999908447266,76.3499984741211,110388,0.0,0.0,0.0
2023-09-22 11:30:00-04:00,76.36000061035156,76.38999938964844,76.13999938964844,76.22000122070312,31222,0.0,0.0,0.0
2023-09-22 12:30:00-04:00,76.2249984741211,76.33000183105469,76.08000183105469,76.09529876708984,98632,0.0,0.0,0.0
2023-09-22 13:30:00-04:00,76.09989929199219,76.0999984741211,75.88999938964844,75.95999908447266,478249,0.0,0.0,0.0
2023-09-22 14:30:00-04:00,75.94989776611328,76.28389739990234,75.86990356445312,76.23999786376953,61627,0.0,0.0,0.0
2023-09-22 15:30:00-04:00,76.22000122070312,76.2300033569336,75.7699966430664,75.8499984741211,26652,0.0,0.0,0.0
2023-09-25 09:30:00-04:00,75.5999984741211,75.79499816894531,75.5199966430664,75.61499786376953,113613,0.0,0.0,0.0
2023-09-25 10:30:00-04:00,75.61000061035156,75.88999938964844,75.52269744873047,75.81999969482422,56909,0.0,0.0,0.0
2023-09-25 11:30:00-04:00,75.85759735107422,75.9800033569336,75.80999755859375,75.96499633789062,99387,0.0,0.0,0.0
2023-09-25 12:30:00-04:00,75.94000244140625,75.9800033569336,75.79039764404297,75.8385009765625,49970,0.0,0.0,0.0
2023-09-25 13:30:00-04:00,75.83000183105469,75.98500061035156,75.79000091552734,75.8989028930664,28971,0.0,0.0,0.0
2023-09-25 14:30:00-04:00,75.8740005493164,75.97000122070312,75.71050262451172,75.83999633789062,82217,0.0,0.0,0.0
2023-09-25 15:30:00-04:00,75.87999725341797,76.05000305175781,75.87999725341797,76.02999877929688,28474,0.0,0.0,0.0
2023-09-26 09:30:00-04:00,75.1500015258789,75.2249984741211,74.78500366210938,74.8655014038086,112112,0.0,0.0,0.0
2023-09-26 10:30:00-04:00,74.87000274658203,74.99009704589844,74.75050354003906,74.75050354003906,39018,0.0,0.0,0.0
2023-09-26 11:30:00-04:00,74.7300033569336,74.8499984741211,74.69000244140625,74.81999969482422,103506,0.0,0.0,0.0
2023-09-26 12:30:00-04:00,74.81909942626953,74.83999633789062,74.66480255126953,74.66999816894531,90295,0.0,0.0,0.0
2023-09-26 13:30:00-04:00,74.67900085449219,74.67900085449219,74.44390106201172,74.44930267333984,82126,0.0,0.0,0.0
2023-09-26 14:30:00-04:00,74.44239807128906,74.48500061035156,74.33300018310547,74.36170196533203,116256,0.0,0.0,0.0
2023-09-26 15:30:00-04:00,74.37000274658203,74.4800033569336,74.3499984741211,74.44999694824219,43169,0.0,0.0,0.0
2023-09-27 09:30:00-04:00,74.58999633789062,74.71880340576172,74.47370147705078,74.6500015258789,156969,0.0,0.0,0.0
2023-09-27 10:30:00-04:00,74.5999984741211,74.6500015258789,74.33000183105469,74.43000030517578,172967,0.0,0.0,0.0
2023-09-27 11:30:00-04:00,74.44059753417969,74.47160339355469,74.05999755859375,74.08000183105469,80836,0.0,0.0,0.0
2023-09-27 12:30:00-04:00,74.11000061035156,74.2699966430664,73.87000274658203,73.87999725341797,42265,0.0,0.0,0.0
2023-09-27 13:30:00-04:00,73.87000274658203,74.10990142822266,73.7699966430664,74.0999984741211,73638,0.0,0.0,0.0
2023-09-27 14:30:00-04:00,74.21990203857422,74.65499877929688,74.21990203857422,74.5,186529,0.0,0.0,0.0
2023-09-27 15:30:00-04:00,74.4800033569336,74.4800033569336,74.20279693603516,74.4000015258789,50103,0.0,0.0,0.0
2023-09-28 09:30:00-04:00,74.20999908447266,74.61000061035156,74.20999908447266,74.51399993896484,162765,0.0,0.0,0.0
2023-09-28 10:30:00-04:00,74.48999786376953,74.79879760742188,74.33000183105469,74.79000091552734,51799,0.0,0.0,0.0
2023-09-28 11:30:00-04:00,74.80999755859375,75.06999969482422,74.80999755859375,75.0604019165039,60320,0.0,0.0,0.0
2023-09-28 12:30:00-04:00,75.07990264892578,75.08999633789062,74.78199768066406,74.80999755859375,68042,0.0,0.0,0.0
2023-09-28 13:30:00-04:00,74.80999755859375,74.91000366210938,74.69000244140625,74.86000061035156,52912,0.0,0.0,0.0
2023-09-28 14:30:00-04:00,74.8499984741211,75.0386962890625,74.63999938964844,75.03829956054688,144705,0.0,0.0,0.0
2023-09-28 15:30:00-04:00,75.02999877929688,75.04000091552734,74.72000122070312,74.76000213623047,45288,0.0,0.0,0.0
2023-09-29 09:30:00-04:00,75.4000015258789,75.43000030517578,75.05999755859375,75.12999725341797,115710,0.0,0.0,0.0
2023-09-29 10:30:00-04:00,75.13999938964844,75.3499984741211,75.05010223388672,75.3009033203125,133924,0.0,0.0,0.0
2023-09-29 11:30:00-04:00,75.11000061035156,75.12860107421875,74.87000274658203,74.99500274658203,33315,0.0,0.0,0.0
2023-09-29 12:30:00-04:00,74.98999786376953,75.01000213623047,74.4800033569336,74.62010192871094,57456,0.0,0.0,0.0
2023-09-29 13:30:00-04:00,74.65460205078125,74.66000366210938,74.38999938964844,74.41000366210938,92650,0.0,0.0,0.0
2023-09-29 14:30:00-04:00,74.41000366210938,74.80000305175781,74.37999725341797,74.63259887695312,64883,0.0,0.0,0.0
2023-09-29 15:30:00-04:00,74.64009857177734,74.83999633789062,74.5,74.58000183105469,43335,0.0,0.0,0.0
2023-10-02 09:30:00-04:00,74.48999786376953,74.55999755859375,74.22000122070312,74.23999786376953,182850,0.0,0.0,0.0
2023-10-02 10:30:00-04:00,74.19000244140625,74.38999938964844,74.04000091552734,74.38999938964844,225938,0.0,0.0,0.0
2023-10-02 11:30:00-04:00,74.38999938964844,74.38999938964844,73.83000183105469,73.87000274658203,77694,0.0,0.0,0.0
2023-10-02 12:30:00-04:00,73.87000274658203,73.93990325927734,73.72000122070312,73.91000366210938,50432,0.0,0.0,0.0
2023-10-02 13:30:00-04:00,73.91999816894531,74.12000274658203,73.79000091552734,73.79000091552734,96187,0.0,0.0,0.0
2023-10-02 14:30:00-04:00,73.80000305175781,73.96150207519531,73.72000122070312,73.91419982910156,95958,0.0,0.0,0.0
2023-10-02 15:30:00-04:00,73.91000366210938,74.12999725341797,73.88999938964844,74.12000274658203,92504,0.0,0.0,0.0
2023-10-03 09:30:00-04:00,73.79000091552734,74.01000213623047,73.30000305175781,73.32499694824219,128669,0.0,0.0,0.0
2023-10-03 10:30:00-04:00,73.27999877929688,73.3989028930664,73.08709716796875,73.12999725341797,89994,0.0,0.0,0.0
2023-10-03 11:30:00-04:00,73.13390350341797,73.23999786376953,72.97959899902344,73.22000122070312,40883,0.0,0.0,0.0
2023-10-03 12:30:00-04:00,73.2761001586914,73.29000091552734,73.12999725341797,73.12999725341797,307974,0.0,0.0,0.0
2023-10-03 13:30:00-04:00,73.1500015258789,73.16000366210938,72.87940216064453,72.91439819335938,111546,0.0,0.0,0.0
2023-10-03 14:30:00-04:00,72.93000030517578,73.0999984741211,72.9219970703125,72.95030212402344,179067,0.0,0.0,0.0
2023-10-03 15:30:00-04:00,72.97000122070312,73.11000061035156,72.90499877929688,73.0999984741211,241520,0.0,0.0,0.0
2023-10-04 09:30:00-04:00,73.30000305175781,73.37999725341797,72.8499984741211,72.87000274658203,121952,0.0,0.0,0.0
2023-10-04 10:30:00-04:00,72.94999694824219,73.17320251464844,72.81790161132812,73.16609954833984,56656,0.0,0.0,0.0
2023-10-04 11:30:00-04:00,73.13999938964844,73.45999908447266,73.08000183105469,73.44000244140625,101632,0.0,0.0,0.0
2023-10-04 12:30:00-04:00,73.44999694824219,73.51000213623047,73.20999908447266,73.22010040283203,32090,0.0,0.0,0.0
2023-10-04 13:30:00-04:00,73.19000244140625,73.25,73.06500244140625,73.19039916992188,103709,0.0,0.0,0.0
2023-10-04 14:30:00-04:00,73.19499969482422,73.56999969482422,73.16000366210938,73.5,95481,0.0,0.0,0.0
2023-10-04 15:30:00-04:00,73.5291976928711,73.66999816894531,73.4800033569336,73.56999969482422,50085,0.0,0.0,0.0
2023-10-05 09:30:00-04:00,73.47000122070312,73.55999755859375,73.20999908447266,73.2699966430664,37159,0.0,0.0,0.0
2023-10-05 10:30:00-04:00,73.23999786376953,73.26000213623047,72.88999938964844,72.95999908447266,149281,0.0,0.0,0.0
2023-10-05 11:30:00-04:00,72.95500183105469,73.15010070800781,72.91000366210938,73.15010070800781,155378,0.0,0.0,0.0
2023-10-05 12:30:00-04:00,73.19000244140625,73.19000244140625,72.93000030517578,73.08000183105469,27029,0.0,0.0,0.0
2023-10-05 13:30:00-04:00,73.06880187988281,73.41000366210938,73.03359985351562,73.37000274658203,67404,0.0,0.0,0.0
2023-10-05 14:30:00-04:00,73.44000244140625,73.55819702148438,73.37999725341797,73.47000122070312,83837,0.0,0.0,0.0
2023-10-05 15:30:00-04:00,73.50759887695312,73.51860046386719,73.37000274658203,73.38999938964844,55857,0.0,0.0,0.0
2023-10-06 09:30:00-04:00,73.05999755859375,73.06999969482422,72.62999725341797,72.94999694824219,64302,0.0,0.0,0.0
2023-10-06 10:30:00-04:00,73.07499694824219,73.60659790039062,73.07499694824219,73.58000183105469,120178,0.0,0.0,0.0
2023-10-06 11:30:00-04:00,73.63469696044922,74.20999908447266,73.62999725341797,74.00160217285156,53199,0.0,0.0,0.0
2023-10-06 12:30:00-04:00,73.98100280761719,74.20999908447266,73.91000366210938,74.17500305175781,43638,0.0,0.0,0.0
2023-10-06 13:30:00-04:00,74.20130157470703,74.39559936523438,74.18000030517578,74.39559936523438,78584,0.0,0.0,0.0
2023-10-06 14:30:00-04:00,74.38990020751953,74.54000091552734,74.30999755859375,74.41999816894531,89329,0.0,0.0,0.0
2023-10-06 15:30:00-04:00,74.43000030517578,74.45999908447266,74.19000244140625,74.19000244140625,68325,0.0,0.0,0.0
2023-10-09 09:30:00-04:00,73.87000274658203,74.0999984741211,73.78109741210938,73.91999816894531,55411,0.0,0.0,0.0
2023-10-09 10:30:00-04:00,73.94000244140625,74.06999969482422,73.74949645996094,74.06999969482422,126965,0.0,0.0,0.0
2023-10-09 11:30:00-04:00,74.09020233154297,74.2300033569336,73.97000122070312,74.11000061035156,46783,0.0,0.0,0.0
2023-10-09 12:30:00-04:00,74.12570190429688,74.19999694824219,74.01000213623047,74.19999694824219,43799,0.0,0.0,0.0
2023-10-09 13:30:00-04:00,74.2300033569336,74.67720031738281,74.2300033569336,74.66210174560547,57398,0.0,0.0,0.0
2023-10-09 14:30:00-04:00,74.6500015258789,74.72000122070312,74.54109954833984,74.6095962524414,79946,0.0,0.0,0.0
2023-10-09 15:30:00-04:00,74.5999984741211,74.62999725341797,74.5,74.62000274658203,31263,0.0,0.0,0.0
2023-10-10 09:30:00-04:00,74.91000366210938,75.30000305175781,74.73999786376953,75.2699966430664,89315,0.0,0.0,0.0
2023-10-10 10:30:00-04:00,75.27999877929688,75.52999877929688,75.22000122070312,75.45010375976562,99394,0.0,0.0,0.0
2023-10-10 11:30:00-04:00,75.44000244140625,75.62000274658203,75.43000030517578,75.58999633789062,36227,0.0,0.0,0.0
2023-10-10 12:30:00-04:00,75.58000183105469,75.61000061035156,75.20999908447266,75.29000091552734,70080,0.0,0.0,0.0
2023-10-10 13:30:00-04:00,75.32119750976562,75.36499786376953,75.18009948730469,75.26000213623047,51263,0.0,0.0,0.0
2023-10-10 14:30:00-04:00,75.23999786376953,75.37000274658203,75.13999938964844,75.18000030517578,70532,0.0,0.0,0.0
2023-10-10 15:30:00-04:00,75.19059753417969,75.25,75.1500015258789,75.19000244140625,0,0.0,0.0,0.0
2023-10-11 09:30:00-04:00,75.47000122070312,75.58000183105469,75.2300033569336,75.27149963378906,94403,0.0,0.0,0.0
2023-10-11 10:30:00-04:00,75.30000305175781,75.39579772949219,75.08999633789062,75.12999725341797,86771,0.0,0.0,0.0
2023-10-11 11:30:00-04:00,75.12989807128906,75.22000122070312,74.95999908447266,74.97250366210938,58652,0.0,0.0,0.0
2023-10-11 12:30:00-04:00,74.98999786376953,75.08999633789062,74.94000244140625,75.00140380859375,50985,0.0,0.0,0.0
2023-10-11 13:30:00-04:00,74.98999786376953,75.25,74.91000366210938,75.1500015258789,36134,0.0,0.0,0.0
2023-10-11 14:30:00-04:00,75.1500015258789,75.30999755859375,75.1500015258789,75.30960083007812,75392,0.0,0.0,0.0
2023-10-11 15:30:00-04:00,75.29109954833984,75.4800033569336,75.27239990234375,75.4800033569336,33160,0.0,0.0,0.0
2023-10-12 09:30:00-04:00,75.55999755859375,75.55999755859375,74.93000030517578,75.08170318603516,110069,0.0,0.0,0.0
2023-10-12 10:30:00-04:00,75.0999984741211,75.18000030517578,75.0,75.17500305175781,73296,0.0,0.0,0.0
2023-10-12 11:30:00-04:00,75.12950134277344,75.30999755859375,75.05000305175781,75.28500366210938,29880,0.0,0.0,0.0
2023-10-12 12:30:00-04:00,75.27999877929688,75.30000305175781,74.67050170898438,74.67050170898438,22435,0.0,0.0,0.0
2023-10-12 13:30:00-04:00,74.5999984741211,74.67530059814453,74.27999877929688,74.49009704589844,40407,0.0,0.0,0.0
2023-10-12 14:30:00-04:00,74.4800033569336,74.72000122070312,74.47010040283203,74.62999725341797,79954,0.0,0.0,0.0
2023-10-12 15:30:00-04:00,74.63999938964844,74.79930114746094,74.63999938964844,74.70999908447266,0,0.0,0.0,0.0
2023-10-13 09:30:00-04:00,74.87000274658203,75.14330291748047,74.80999755859375,74.82579803466797,74265,0.0,0.0,0.0
2023-10-13 10:30:00-04:00,74.81999969482422,74.94239807128906,74.41960144042969,74.4749984741211,50739,0.0,0.0,0.0
2023-10-13 11:30:00-04:00,74.48280334472656,74.56890106201172,74.29000091552734,74.5199966430664,57642,0.0,0.0,0.0
2023-10-13 12:30:00-04:00,74.55000305175781,74.58999633789062,74.06379699707031,74.06379699707031,17155,0.0,0.0,0.0
2023-10-13 13:30:00-04:00,74.03890228271484,74.36000061035156,74.02230072021484,74.23999786376953,51148,0.0,0.0,0.0
2023-10-13 14:30:00-04:00,74.29000091552734,74.38999938964844,74.16999816894531,74.19499969482422,48968,0.0,0.0,0.0
2023-10-13 15:30:00-04:00,74.25,74.31999969482422,74.11499786376953,74.26499938964844,55724,0.0,0.0,0.0
2023-10-16 09:30:00-04:00,74.91999816894531,75.1500015258789,74.70349884033203,75.13999938964844,102568,0.0,0.0,0.0
2023-10-16 10:30:00-04:00,75.23290252685547,75.37799835205078,75.18789672851562,75.29000091552734,82513,0.0,0.0,0.0
2023-10-16 11:30:00-04:00,75.30000305175781,75.30000305175781,75.0999984741211,75.22000122070312,468553,0.0,0.0,0.0
2023-10-16 12:30:00-04:00,75.22000122070312,75.3499984741211,74.97000122070312,75.1500015258789,40037,0.0,0.0,0.0
2023-10-16 13:30:00-04:00,75.16999816894531,75.33000183105469,75.16000366210938,75.19000244140625,88730,0.0,0.0,0.0
2023-10-16 14:30:00-04:00,75.18930053710938,75.33000183105469,75.12999725341797,75.33000183105469,122153,0.0,0.0,0.0
2023-10-16 15:30:00-04:00,75.30999755859375,75.30999755859375,75.16000366210938,75.18000030517578,0,0.0,0.0,0.0
2023-10-17 09:30:00-04:00,74.79000091552734,75.31999969482422,74.79000091552734,75.23149871826172,48437,0.0,0.0,0.0
2023-10-17 10:30:00-04:00,75.22029876708984,75.48500061035156,75.2073974609375,75.45999908447266,49882,0.0,0.0,0.0
2023-10-17 11:30:00-04:00,75.4822006225586,75.81999969482422,75.4822006225586,75.81999969482422,26360,0.0,0.0,0.0
2023-10-17 12:30:00-04:00,75.83390045166016,75.83390045166016,75.48999786376953,75.5199966430664,59554,0.0,0.0,0.0
2023-10-17 13:30:00-04:00,75.48999786376953,75.48999786376953,75.20999908447266,75.2699966430664,118099,0.0,0.0,0.0
2023-10-17 14:30:00-04:00,75.2699966430664,75.38999938964844,75.13999938964844,75.36000061035156,93737,0.0,0.0,0.0
2023-10-17 15:30:00-04:00,75.37000274658203,75.43000030517578,75.26000213623047,75.43000030517578,54277,0.0,0.0,0.0
2023-10-18 09:30:00-04:00,75.16000366210938,75.20999908447266,74.81999969482422,75.0282974243164,46497,0.0,0.0,0.0
2023-10-18 10:30:00-04:00,74.8499984741211,74.9000015258789,74.62999725341797,74.72000122070312,33413,0.0,0.0,0.0
2023-10-18 11:30:00-04:00,74.72000122070312,74.79499816894531,74.54000091552734,74.56999969482422,42196,0.0,0.0,0.0
2023-10-18 12:30:00-04:00,74.55000305175781,74.87000274658203,74.4489974975586,74.75,27289,0.0,0.0,0.0
2023-10-18 13:30:00-04:00,74.70999908447266,74.83999633789062,74.48999786376953,74.62000274658203,56244,0.0,0.0,0.0
2023-10-18 14:30:00-04:00,74.62110137939453,74.69999694824219,74.31500244140625,74.33999633789062,119040,0.0,0.0,0.0
2023-10-18 15:30:00-04:00,74.3499984741211,74.40959930419922,74.13999938964844,74.27999877929688,40717,0.0,0.0,0.0
2023-10-19 09:30:00-04:00,74.61000061035156,74.62200164794922,74.30999755859375,74.30999755859375,31368,0.0,0.0,0.0
2023-10-19 10:30:00-04:00,74.2699966430664,74.38999938964844,74.20999908447266,74.37989807128906,72235,0.0,0.0,0.0
2023-10-19 11:30:00-04:00,74.4000015258789,74.8550033569336,74.33000183105469,74.44999694824219,64126,0.0,0.0,0.0
2023-10-19 12:30:00-04:00,74.45999908447266,74.86000061035156,74.08999633789062,74.76000213623047,842994,0.0,0.0,0.0
2023-10-19 13:30:00-04:00,74.72000122070312,74.72000122070312,74.22000122070312,74.26000213623047,99164,0.0,0.0,0.0
2023-10-19 14:30:00-04:00,74.19999694824219,74.20999908447266,73.7300033569336,73.76000213623047,251255,0.0,0.0,0.0
2023-10-19 15:30:00-04:00,73.79000091552734,73.88500213623047,73.62000274658203,73.69999694824219,0,0.0,0.0,0.0
2023-10-20 09:30:00-04:00,73.56999969482422,73.75,73.18499755859375,73.23999786376953,137959,0.0,0.0,0.0
2023-10-20 10:30:00-04:00,73.22000122070312,73.33000183105469,73.0999984741211,73.12999725341797,137663,0.0,0.0,0.0
2023-10-20 11:30:00-04:00,73.08000183105469,73.37999725341797,73.04000091552734,73.26000213623047,47023,0.0,0.0,0.0
2023-10-20 12:30:00-04:00,73.33000183105469,73.5,73.23999786376953,73.38999938964844,50141,0.0,0.0,0.0
2023-10-20 13:30:00-04:00,73.43000030517578,73.45999908447266,73.13999938964844,73.14550018310547,79921,0.0,0.0,0.0
2023-10-20 14:30:00-04:00,73.11000061035156,73.27999877929688,72.98500061035156,73.08499908447266,114152,0.0,0.0,0.0
2023-10-20 15:30:00-04:00,73.08499908447266,73.11000061035156,72.86000061035156,72.86000061035156,151000,0.0,0.0,0.0
2023-10-23 09:30:00-04:00,72.7300033569336,73.0199966430664,72.38999938964844,72.8949966430664,54689,0.0,0.0,0.0
2023-10-23 10:30:00-04:00,72.87000274658203,73.12000274658203,72.7300033569336,73.06999969482422,259752,0.0,0.0,0.0
2023-10-23 11:30:00-04:00,73.10880279541016,73.19869995117188,73.01000213623047,73.16000366210938,56925,0.0,0.0,0.0
2023-10-23 12:30:00-04:00,73.1500015258789,73.41999816894531,73.12000274658203,73.12129974365234,44793,0.0,0.0,0.0
2023-10-23 13:30:00-04:00,73.1500015258789,73.30989837646484,72.98999786376953,73.05000305175781,50051,0.0,0.0,0.0
2023-10-23 14:30:00-04:00,73.07499694824219,73.19000244140625,72.7300033569336,72.7300033569336,460808,0.0,0.0,0.0
2023-10-23 15:30:00-04:00,72.70999908447266,72.783203125,72.61000061035156,72.63999938964844,71212,0.0,0.0,0.0
2023-10-24 09:30:00-04:00,73.23999786376953,73.38999938964844,73.10009765625,73.38999938964844,133498,0.0,0.0,0.0
2023-10-24 10:30:00-04:00,73.39920043945312,73.47000122070312,73.13999938964844,73.13999938964844,86375,0.0,0.0,0.0
2023-10-24 11:30:00-04:00,73.13999938964844,73.22000122070312,72.94999694824219,72.97000122070312,52715,0.0,0.0,0.0
2023-10-24 12:30:00-04:00,72.90889739990234,73.04000091552734,72.8499984741211,73.03009796142578,90309,0.0,0.0,0.0
2023-10-24 13:30:00-04:00,73.06999969482422,73.13999938964844,72.9801025390625,73.13999938964844,113454,0.0,0.0,0.0
2023-10-24 14:30:00-04:00,73.1500015258789,73.33000183105469,73.1500015258789,73.31999969482422,136684,0.0,0.0,0.0
2023-10-24 15:30:00-04:00,73.31999969482422,73.33000183105469,73.25,73.25,72833,0.0,0.0,0.0
2023-10-25 09:30:00-04:00,73.16000366210938,73.20999908447266,72.62999725341797,72.66829681396484,129965,0.0,0.0,0.0
2023-10-25 10:30:00-04:00,72.68099975585938,73.01000213623047,72.68099975585938,73.01000213623047,89008,0.0,0.0,0.0
2023-10-25 11:30:00-04:00,72.98999786376953,72.98999786376953,72.62000274658203,72.66999816894531,47168,0.0,0.0,0.0
2023-10-25 12:30:00-04:00,72.66000366210938,72.76000213623047,72.44999694824219,72.48999786376953,54208,0.0,0.0,0.0
2023-10-25 13:30:00-04:00,72.4800033569336,72.54000091552734,72.33809661865234,72.44999694824219,120750,0.0,0.0,0.0
2023-10-25 14:30:00-04:00,72.44000244140625,72.5199966430664,72.36000061035156,72.4749984741211,100931,0.0,0.0,0.0
2023-10-25 15:30:00-04:00,72.4800033569336,72.54049682617188,72.38999938964844,72.41000366210938,42404,0.0,0.0,0.0
2023-10-26 09:30:00-04:00,72.33999633789062,72.47000122070312,72.08000183105469,72.30999755859375,129416,0.0,0.0,0.0
2023-10-26 10:30:00-04:00,72.30000305175781,72.55999755859375,72.12999725341797,72.23999786376953,156751,0.0,0.0,0.0
2023-10-26 11:30:00-04:00,72.25,72.31999969482422,71.88999938964844,71.97720336914062,90710,0.0,0.0,0.0
2023-10-26 12:30:00-04:00,71.9800033569336,72.01000213623047,71.80999755859375,71.87000274658203,84662,0.0,0.0,0.0
2023-10-26 13:30:00-04:00,71.8499984741211,72.19999694824219,71.79000091552734,72.17639923095703,87804,0.0,0.0,0.0
2023-10-26 14:30:00-04:00,72.18000030517578,72.50090026855469,72.15599822998047,72.20999908447266,222678,0.0,0.0,0.0
2023-10-26 15:30:00-04:00,72.19000244140625,72.22000122070312,71.90989685058594,71.94000244140625,0,0.0,0.0,0.0
2023-10-27 09:30:00-04:00,72.23999786376953,72.2699966430664,71.85009765625,71.98999786376953,77605,0.0,0.0,0.0
2023-10-27 10:30:00-04:00,71.96040344238281,72.2490005493164,71.83000183105469,72.19000244140625,201330,0.0,0.0,0.0
2023-10-27 11:30:00-04:00,72.16000366210938,72.16000366210938,71.80999755859375,71.87000274658203,53996,0.0,0.0,0.0
2023-10-27 12:30:00-04:00,71.88819885253906,71.94049835205078,71.51000213623047,71.56009674072266,105366,0.0,0.0,0.0
2023-10-27 13:30:00-04:00,71.52999877929688,71.61000061035156,71.33999633789062,71.34850311279297,69204,0.0,0.0,0.0
2023-10-27 14:30:00-04:00,71.33999633789062,71.5999984741211,71.29000091552734,71.45030212402344,174310,0.0,0.0,0.0
2023-10-27 15:30:00-04:00,71.47000122070312,71.51000213623047,71.2699966430664,71.47000122070312,56703,0.0,0.0,0.0
2023-10-30 09:30:00-04:00,72.01000213623047,72.22000122070312,71.83999633789062,71.87000274658203,64044,0.0,0.0,0.0
2023-10-30 10:30:00-04:00,71.86000061035156,72.10900115966797,71.80000305175781,71.88999938964844,402770,0.0,0.0,0.0
2023-10-30 11:30:00-04:00,71.94999694824219,72.16000366210938,71.94999694824219,72.05000305175781,96542,0.0,0.0,0.0
2023-10-30 12:30:00-04:00,72.0199966430664,72.36000061035156,71.93399810791016,72.36000061035156,85312,0.0,0.0,0.0
2023-10-30 13:30:00-04:00,72.38999938964844,72.45999908447266,72.29000091552734,72.41000366210938,87947,0.0,0.0,0.0
2023-10-30 14:30:00-04:00,72.4177017211914,72.6572036743164,72.41000366210938,72.59400177001953,153514,0.0,0.0,0.0
2023-10-30 15:30:00-04:00,72.58999633789062,72.6050033569336,72.44000244140625,72.44999694824219,66449,0.0,0.0,0.0
2023-10-31 09:30:00-04:00,72.56999969482422,72.7489013671875,72.40170288085938,72.5999984741211,139236,0.0,0.0,0.0
2023-10-31 10:30:00-04:00,72.625,72.80999755859375,72.5199966430664,72.72000122070312,62033,0.0,0.0,0.0
2023-10-31 11:30:00-04:00,72.75,72.83000183105469,72.6500015258789,72.70999908447266,52557,0.0,0.0,0.0
2023-10-31 12:30:00-04:00,72.7979965209961,72.95919799804688,72.68000030517578,72.9000015258789,58052,0.0,0.0,0.0
2023-10-31 13:30:00-04:00,72.91999816894531,73.04000091552734,72.91950225830078,72.91950225830078,68545,0.0,0.0,0.0
2023-10-31 14:30:00-04:00,72.90989685058594,73.1500015258789,72.90989685058594,73.11000061035156,134485,0.0,0.0,0.0
2023-10-31 15:30:00-04:00,73.0999984741211,73.12999725341797,72.98999786376953,73.11000061035156,84302,0.0,0.0,0.0
2023-11-01 09:30:00-04:00,73.16000366210938,73.64019775390625,73.02999877929688,73.58999633789062,100262,0.0,0.0,0.0
2023-11-01 10:30:00-04:00,73.61000061035156,73.69000244140625,73.40010070800781,73.41999816894531,152305,0.0,0.0,0.0
2023-11-01 11:30:00-04:00,73.41000366210938,73.4896011352539,73.29000091552734,73.30000305175781,42303,0.0,0.0,0.0
2023-11-01 12:30:00-04:00,73.31999969482422,73.3550033569336,73.16000366210938,73.19999694824219,323419,0.0,0.0,0.0
2023-11-01 13:30:00-04:00,73.18000030517578,73.4000015258789,73.13999938964844,73.34929656982422,53047,0.0,0.0,0.0
2023-11-01 14:30:00-04:00,73.3499984741211,73.80999755859375,73.11000061035156,73.74320220947266,152332,0.0,0.0,0.0
2023-11-01 15:30:00-04:00,73.70989990234375,73.83999633789062,73.69999694824219,73.72000122070312,109711,0.0,0.0,0.0
2023-11-02 09:30:00-04:00,74.29000091552734,74.6500015258789,74.29000091552734,74.6449966430664,73396,0.0,0.0,0.0
2023-11-02 10:30:00-04:00,74.66000366210938,74.87000274658203,74.6449966430664,74.79989624023438,196607,0.0,0.0,0.0
2023-11-02 11:30:00-04:00,74.78880310058594,74.88999938964844,74.72000122070312,74.75,97586,0.0,0.0,0.0
2023-11-02 12:30:00-04:00,74.77999877929688,74.95999908447266,74.76100158691406,74.91999816894531,77673,0.0,0.0,0.0
2023-11-02 13:30:00-04:00,74.93000030517578,75.08000183105469,74.93000030517578,75.03500366210938,89081,0.0,0.0,0.0
2023-11-02 14:30:00-04:00,75.01950073242188,75.08999633789062,74.99430084228516,75.06999969482422,185233,0.0,0.0,0.0
2023-11-02 15:30:00-04:00,75.06999969482422,75.16000366210938,75.05999755859375,75.13999938964844,0,0.0,0.0,0.0
2023-11-03 09:30:00-04:00,75.80000305175781,76.26000213623047,75.80000305175781,76.06999969482422,117418,0.0,0.0,0.0
2023-11-03 10:30:00-04:00,76.05999755859375,76.1500015258789,75.95999908447266,76.08000183105469,72996,0.0,0.0,0.0
2023-11-03 11:30:00-04:00,76.1698989868164,76.33999633789062,76.16000366210938,76.33999633789062,77455,0.0,0.0,0.0
2023-11-03 12:30:00-04:00,76.3301010131836,76.41000366210938,76.25,76.29989624023438,43149,0.0,0.0,0.0
2023-11-03 13:30:00-04:00,76.31999969482422,76.41999816894531,76.29000091552734,76.4000015258789,72911,0.0,0.0,0.0
2023-11-03 14:30:00-04:00,76.4000015258789,76.48909759521484,76.31999969482422,76.33000183105469,66008,0.0,0.0,0.0
2023-11-03 15:30:00-04:00,76.31999969482422,76.31999969482422,76.11100006103516,76.12000274658203,169545,0.0,0.0,0.0
2023-11-06 09:30:00-05:00,76.29000091552734,76.29000091552734,75.88999938964844,75.95999908447266,59799,0.0,0.0,0.0
2023-11-06 10:30:00-05:00,75.94999694824219,76.04000091552734,75.9000015258789,75.9801025390625,320632,0.0,0.0,0.0
2023-11-06 11:30:00-05:00,75.95999908447266,75.98500061035156,75.9000015258789,75.92970275878906,62439,0.0,0.0,0.0
2023-11-06 12:30:00-05:00,75.93499755859375,75.94000244140625,75.71089935302734,75.8396987915039,68205,0.0,0.0,0.0
2023-11-06 13:30:00-05:00,75.80999755859375,75.86000061035156,75.7249984741211,75.76000213623047,32119,0.0,0.0,0.0
2023-11-06 14:30:00-05:00,75.77989959716797,75.93000030517578,75.77330017089844,75.87000274658203,129787,0.0,0.0,0.0
2023-11-06 15:30:00-05:00,75.86499786376953,75.9800033569336,75.81999969482422,75.97000122070312,53943,0.0,0.0,0.0
2023-11-07 09:30:00-05:00,76.0199966430664,76.0999984741211,75.7301025390625,76.08999633789062,133285,0.0,0.0,0.0
2023-11-07 10:30:00-05:00,76.11000061035156,76.23999786376953,76.11000061035156,76.16000366210938,92873,0.0,0.0,0.0
2023-11-07 11:30:00-05:00,76.16400146484375,76.2300033569336,75.9800033569336,76.01000213623047,51209,0.0,0.0,0.0
2023-11-07 12:30:00-05:00,75.97000122070312,76.11000061035156,75.94000244140625,76.05999755859375,56317,0.0,0.0,0.0
2023-11-07 13:30:00-05:00,76.08999633789062,76.12110137939453,76.04000091552734,76.06999969482422,58591,0.0,0.0,0.0
2023-11-07 14:30:00-05:00,76.0863037109375,76.0999984741211,76.0,76.09030151367188,66654,0.0,0.0,0.0
2023-11-07 15:30:00-05:00,76.08159637451172,76.16000366210938,75.94999694824219,76.05000305175781,100788,0.0,0.0,0.0
2023-11-08 09:30:00-05:00,76.12999725341797,76.19000244140625,75.9437026977539,75.98999786376953,62633,0.0,0.0,0.0
2023-11-08 10:30:00-05:00,75.99009704589844,75.99019622802734,75.8499984741211,75.9000015258789,77137,0.0,0.0,0.0
2023-11-08 11:30:00-05:00,75.91999816894531,75.94000244140625,75.63009643554688,75.70999908447266,61593,0.0,0.0,0.0
2023-11-08 12:30:00-05:00,75.69390106201172,75.87999725341797,75.67870330810547,75.81009674072266,55167,0.0,0.0,0.0
2023-11-08 13:30:00-05:00,75.85900115966797,75.95999908447266,75.8499984741211,75.94999694824219,79811,0.0,0.0,0.0
2023-11-08 14:30:00-05:00,75.94999694824219,75.97000122070312,75.8499984741211,75.91999816894531,70393,0.0,0.0,0.0
2023-11-08 15:30:00-05:00,75.91000366210938,76.07879638671875,75.88420104980469,75.9800033569336,57410,0.0,0.0,0.0
2023-11-09 09:30:00-05:00,76.2300033569336,76.2300033569336,75.89630126953125,75.91000366210938,158299,0.0,0.0,0.0
2023-11-09 10:30:00-05:00,75.9000015258789,76.12000274658203,75.86499786376953,76.04000091552734,36353,0.0,0.0,0.0
2023-11-09 11:30:00-05:00,76.06999969482422,76.1697998046875,76.01020050048828,76.08000183105469,43512,0.0,0.0,0.0
2023-11-09 12:30:00-05:00,76.06999969482422,76.16000366210938,75.70999908447266,75.86799621582031,57179,0.0,0.0,0.0
2023-11-09 13:30:00-05:00,75.80999755859375,75.87000274658203,75.43000030517578,75.55999755859375,60865,0.0,0.0,0.0
2023-11-09 14:30:00-05:00,75.55999755859375,75.58999633789062,75.37000274658203,75.43000030517578,72576,0.0,0.0,0.0
2023-11-09 15:30:00-05:00,75.43000030517578,75.44999694824219,75.33999633789062,75.41999816894531,179967,0.0,0.0,0.0
2023-11-10 09:30:00-05:00,75.6500015258789,75.75,75.4800033569336,75.54000091552734,203669,0.0,0.0,0.0
2023-11-10 10:30:00-05:00,75.52999877929688,75.86000061035156,75.45999908447266,75.81500244140625,226033,0.0,0.0,0.0
2023-11-10 11:30:00-05:00,75.81999969482422,75.94000244140625,75.73999786376953,75.9000015258789,81375,0.0,0.0,0.0
2023-11-10 12:30:00-05:00,75.90499877929688,76.2300033569336,75.90499877929688,76.19999694824219,241711,0.0,0.0,0.0
2023-11-10 13:30:00-05:00,76.18499755859375,76.33999633789062,76.18499755859375,76.30999755859375,69649,0.0,0.0,0.0
2023-11-10 14:30:00-05:00,76.31500244140625,76.41500091552734,76.27999877929688,76.41500091552734,101048,0.0,0.0,0.0
2023-11-10 15:30:00-05:00,76.41999816894531,76.5,76.3949966430664,76.47000122070312,34946,0.0,0.0,0.0
2023-11-13 09:30:00-05:00,76.12999725341797,76.24500274658203,76.06999969482422,76.18000030517578,131495,0.0,0.0,0.0
2023-11-13 10:30:00-05:00,76.16999816894531,76.39140319824219,76.16999816894531,76.39140319824219,283354,0.0,0.0,0.0
2023-11-13 11:30:00-05:00,76.38999938964844,76.52999877929688,76.37020111083984,76.45999908447266,39557,0.0,0.0,0.0
2023-11-13 12:30:00-05:00,76.44000244140625,76.44000244140625,76.30999755859375,76.36000061035156,51538,0.0,0.0,0.0
2023-11-13 13:30:00-05:00,76.30000305175781,76.43949890136719,76.27050018310547,76.37999725341797,71910,0.0,0.0,0.0
2023-11-13 14:30:00-05:00,76.38999938964844,76.43000030517578,76.31990051269531,76.37000274658203,104350,0.0,0.0,0.0
2023-11-13 15:30:00-05:00,76.36499786376953,76.37699890136719,76.27999877929688,76.30000305175781,81392,0.0,0.0,0.0
2023-11-14 09:30:00-05:00,77.33000183105469,78.12999725341797,77.33000183105469,78.12999725341797,176289,0.0,0.0,0.0
2023-11-14 10:30:00-05:00,78.12000274658203,78.36000061035156,78.12000274658203,78.33999633789062,34801,0.0,0.0,0.0
2023-11-14 11:30:00-05:00,78.32009887695312,78.37000274658203,78.0199966430664,78.0999984741211,100515,0.0,0.0,0.0
2023-11-14 12:30:00-05:00,78.08000183105469,78.19200134277344,78.08000183105469,78.16519927978516,34550,0.0,0.0,0.0
2023-11-14 13:30:00-05:00,78.17970275878906,78.22000122070312,77.98999786376953,78.12000274658203,140360,0.0,0.0,0.0
2023-11-14 14:30:00-05:00,78.13999938964844,78.37999725341797,78.13999938964844,78.35919952392578,80741,0.0,0.0,0.0
2023-11-14 15:30:00-05:00,78.3550033569336,78.375,78.0999984741211,78.18000030517578,63349,0.0,0.0,0.0
2023-11-15 09:30:00-05:00,78.44000244140625,78.80999755859375,78.44000244140625,78.73049926757812,77428,0.0,0.0,0.0
2023-11-15 10:30:00-05:00,78.75,78.80000305175781,78.63999938964844,78.66999816894531,72328,0.0,0.0,0.0
2023-11-15 11:30:00-05:00,78.6698989868164,78.6698989868164,78.47000122070312,78.58000183105469,40768,0.0,0.0,0.0
2023-11-15 12:30:00-05:00,78.59369659423828,78.62000274658203,78.37989807128906,78.47840118408203,59386,0.0,0.0,0.0
2023-11-15 13:30:00-05:00,78.5,78.62999725341797,78.47689819335938,78.61000061035156,61131,0.0,0.0,0.0
2023-11-15 14:30:00-05:00,78.62999725341797,78.6500015258789,78.55000305175781,78.58999633789062,90537,0.0,0.0,0.0
2023-11-15 15:30:00-05:00,78.60389709472656,78.6449966430664,78.44999694824219,78.5199966430664,0,0.0,0.0,0.0
2023-11-16 09:30:00-05:00,78.25,78.5199966430664,78.22000122070312,78.38999938964844,104852,0.0,0.0,0.0
2023-11-16 10:30:00-05:00,78.4000015258789,78.45950317382812,78.16500091552734,78.16999816894531,80068,0.0,0.0,0.0
2023-11-16 11:30:00-05:00,78.1500015258789,78.30999755859375,78.1500015258789,78.30999755859375,59360,0.0,0.0,0.0
2023-11-16 12:30:00-05:00,78.29399871826172,78.40339660644531,78.2699966430664,78.37580108642578,63309,0.0,0.0,0.0
2023-11-16 13:30:00-05:00,78.37999725341797,78.39600372314453,78.23999786376953,78.2750015258789,53102,0.0,0.0,0.0
2023-11-16 14:30:00-05:00,78.29190063476562,78.44000244140625,78.29190063476562,78.43000030517578,180058,0.0,0.0,0.0
2023-11-16 15:30:00-05:00,78.41500091552734,78.5,78.37000274658203,78.4800033569336,100385,0.0,0.0,0.0
2023-11-17 09:30:00-05:00,78.72000122070312,78.72000122070312,78.51000213623047,78.67449951171875,129184,0.0,0.0,0.0
2023-11-17 10:30:00-05:00,78.6707992553711,78.68000030517578,78.53500366210938,78.5562973022461,83875,0.0,0.0,0.0
2023-11-17 11:30:00-05:00,78.55500030517578,78.70899963378906,78.51000213623047,78.61499786376953,55482,0.0,0.0,0.0
2023-11-17 12:30:00-05:00,78.62999725341797,78.70999908447266,78.62000274658203,78.66999816894531,58641,0.0,0.0,0.0
2023-11-17 13:30:00-05:00,78.66999816894531,78.79000091552734,78.66999816894531,78.71499633789062,92639,0.0,0.0,0.0
2023-11-17 14:30:00-05:00,78.72000122070312,78.80000305175781,78.68090057373047,78.7699966430664,126990,0.0,0.0,0.0
2023-11-17 15:30:00-05:00,78.7300033569336,78.73999786376953,78.61009979248047,78.73999786376953,43303,0.0,0.0,0.0
2023-11-20 09:30:00-05:00,78.63999938964844,78.8949966430664,78.63999938964844,78.87999725341797,139043,0.0,0.0,0.0
2023-11-20 10:30:00-05:00,78.87999725341797,79.0186996459961,78.84439849853516,79.01000213623047,155652,0.0,0.0,0.0
2023-11-20 11:30:00-05:00,79.00990295410156,79.05000305175781,78.98999786376953,79.02570343017578,120397,0.0,0.0,0.0
2023-11-20 12:30:00-05:00,79.01499938964844,79.1780014038086,78.95500183105469,79.15450286865234,172507,0.0,0.0,0.0
2023-11-20 13:30:00-05:00,79.17500305175781,79.2300033569336,79.16790008544922,79.20500183105469,64225,0.0,0.0,0.0
2023-11-20 14:30:00-05:00,79.21009826660156,79.38700103759766,79.21009826660156,79.37999725341797,72493,0.0,0.0,0.0
2023-11-20 15:30:00-05:00,79.37950134277344,79.37999725341797,79.18419647216797,79.20999908447266,35133,0.0,0.0,0.0
2023-11-21 09:30:00-05:00,78.94999694824219,79.08000183105469,78.80000305175781,78.82250213623047,146157,0.0,0.0,0.0
2023-11-21 10:30:00-05:00,78.83000183105469,78.94999694824219,78.80500030517578,78.91000366210938,280526,0.0,0.0,0.0
2023-11-21 11:30:00-05:00,78.90969848632812,78.98999786376953,78.83000183105469,78.98500061035156,283323,0.0,0.0,0.0
2023-11-21 12:30:00-05:00,78.98999786376953,79.06999969482422,78.91999816894531,78.95500183105469,252189,0.0,0.0,0.0
2023-11-21 13:30:00-05:00,78.95500183105469,79.05999755859375,78.94000244140625,78.9800033569336,292216,0.0,0.0,0.0
2023-11-21 14:30:00-05:00,78.9800033569336,79.02999877929688,78.9000015258789,78.97000122070312,425612,0.0,0.0,0.0
2023-11-21 15:30:00-05:00,78.96499633789062,78.9989013671875,78.91999816894531,78.94999694824219,51217,0.0,0.0,0.0
2023-11-22 09:30:00-05:00,79.2699966430664,79.54000091552734,79.2699966430664,79.44999694824219,98351,0.0,0.0,0.0
2023-11-22 10:30:00-05:00,79.5,79.54000091552734,79.38999938964844,79.42220306396484,71212,0.0,0.0,0.0
2023-11-22 11:30:00-05:00,79.44999694824219,79.61000061035156,79.43669891357422,79.47000122070312,50167,0.0,0.0,0.0
2023-11-22 12:30:00-05:00,79.4636001586914,79.47000122070312,79.34500122070312,79.4291000366211,171697,0.0,0.0,0.0
2023-11-22 13:30:00-05:00,79.44339752197266,79.44339752197266,79.37000274658203,79.44000244140625,101427,0.0,0.0,0.0
2023-11-22 14:30:00-05:00,79.43009948730469,79.43009948730469,79.20999908447266,79.4198989868164,66961,0.0,0.0,0.0
2023-11-22 15:30:00-05:00,79.41999816894531,79.45999908447266,79.38999938964844,79.41000366210938,31004,0.0,0.0,0.0
2023-11-24 09:30:00-05:00,79.44999694824219,79.54959869384766,79.3301010131836,79.54010009765625,90146,0.0,0.0,0.0
2023-11-24 10:30:00-05:00,79.54170227050781,79.56999969482422,79.47000122070312,79.47000122070312,186845,0.0,0.0,0.0
2023-11-24 11:30:00-05:00,79.49500274658203,79.5199966430664,79.44999694824219,79.4800033569336,68293,0.0,0.0,0.0
2023-11-27 09:30:00-05:00,79.47000122070312,79.52999877929688,79.33000183105469,79.50910186767578,103132,0.0,0.0,0.0
2023-11-27 10:30:00-05:00,79.48999786376953,79.55010223388672,79.43049621582031,79.55010223388672,374537,0.0,0.0,0.0
2023-11-27 11:30:00-05:00,79.55590057373047,79.5999984741211,79.4800033569336,79.5,111802,0.0,0.0,0.0
2023-11-27 12:30:00-05:00,79.52410125732422,79.57720184326172,79.48999786376953,79.54000091552734,59367,0.0,0.0,0.0
2023-11-27 13:30:00-05:00,79.5459976196289,79.58000183105469,79.51000213623047,79.51010131835938,53370,0.0,0.0,0.0
2023-11-27 14:30:00-05:00,79.51010131835938,79.5250015258789,79.38999938964844,79.51139831542969,134752,0.0,0.0,0.0
2023-11-27 15:30:00-05:00,79.52529907226562,79.56600189208984,79.41999816894531,79.44999694824219,26393,0.0,0.0,0.0
2023-11-28 09:30:00-05:00,79.37000274658203,79.41999816894531,79.2301025390625,79.37999725341797,115032,0.0,0.0,0.0
2023-11-28 10:30:00-05:00,79.37000274658203,79.63999938964844,79.37000274658203,79.61969757080078,86026,0.0,0.0,0.0
2023-11-28 11:30:00-05:00,79.62950134277344,79.74500274658203,79.5823974609375,79.58999633789062,59626,0.0,0.0,0.0
2023-11-28 12:30:00-05:00,79.5824966430664,79.5824966430664,79.32749938964844,79.45999908447266,199020,0.0,0.0,0.0
2023-11-28 13:30:00-05:00,79.47000122070312,79.48999786376953,79.38999938964844,79.41000366210938,87915,0.0,0.0,0.0
2023-11-28 14:30:00-05:00,79.41000366210938,79.53890228271484,79.36000061035156,79.46720123291016,143790,0.0,0.0,0.0
2023-11-28 15:30:00-05:00,79.47000122070312,79.57499694824219,79.43000030517578,79.48999786376953,48989,0.0,0.0,0.0
2023-11-29 09:30:00-05:00,79.83999633789062,80.1698989868164,79.80400085449219,79.83499908447266,107527,0.0,0.0,0.0
2023-11-29 10:30:00-05:00,79.86000061035156,79.94000244140625,79.66999816894531,79.69000244140625,90179,0.0,0.0,0.0
2023-11-29 11:30:00-05:00,79.68000030517578,79.83499908447266,79.63040161132812,79.82499694824219,51838,0.0,0.0,0.0
2023-11-29 12:30:00-05:00,79.84500122070312,79.91000366210938,79.83000183105469,79.91000366210938,45451,0.0,0.0,0.0
2023-11-29 13:30:00-05:00,79.91000366210938,79.91500091552734,79.81999969482422,79.8499984741211,48096,0.0,0.0,0.0
2023-11-29 14:30:00-05:00,79.82599639892578,79.82599639892578,79.58419799804688,79.58999633789062,148404,0.0,0.0,0.0
2023-11-29 15:30:00-05:00,79.58999633789062,79.61000061035156,79.52999877929688,79.58999633789062,0,0.0,0.0,0.0
2023-11-30 09:30:00-05:00,79.83999633789062,79.83999633789062,79.55780029296875,79.76090240478516,192433,0.0,0.0,0.0
2023-11-30 10:30:00-05:00,79.7699966430664,79.9000015258789,79.66899871826172,79.86000061035156,77776,0.0,0.0,0.0
2023-11-30 11:30:00-05:00,79.79000091552734,79.83000183105469,79.62010192871094,79.62059783935547,47294,0.0,0.0,0.0
2023-11-30 12:30:00-05:00,79.63999938964844,79.7699966430664,79.63999938964844,79.70999908447266,53339,0.0,0.0,0.0
2023-11-30 13:30:00-05:00,79.70899963378906,79.84049987792969,79.66190338134766,79.80999755859375,71265,0.0,0.0,0.0
2023-11-30 14:30:00-05:00,79.80699920654297,79.91000366210938,79.69999694824219,79.75,103605,0.0,0.0,0.0
2023-11-30 15:30:00-05:00,79.73999786376953,80.1500015258789,79.72239685058594,80.12999725341797,62655,0.0,0.0,0.0
2023-12-01 09:30:00-05:00,80.0199966430664,80.29000091552734,79.98500061035156,80.14839935302734,77822,0.0,0.0,0.0
2023-12-01 10:30:00-05:00,80.13729858398438,80.42500305175781,80.05000305175781,80.42500305175781,81577,0.0,0.0,0.0
2023-12-01 11:30:00-05:00,80.41999816894531,80.76000213623047,80.41000366210938,80.76000213623047,217837,0.0,0.0,0.0
2023-12-01 12:30:00-05:00,80.80000305175781,80.918701171875,80.7500991821289,80.77020263671875,53746,0.0,0.0,0.0
2023-12-01 13:30:00-05:00,80.73999786376953,80.83989715576172,80.72000122070312,80.79000091552734,52097,0.0,0.0,0.0
2023-12-01 14:30:00-05:00,80.81009674072266,80.88999938964844,80.77960205078125,80.875,87126,0.0,0.0,0.0
2023-12-01 15:30:00-05:00,80.875,80.91999816894531,80.83000183105469,80.87999725341797,59703,0.0,0.0,0.0
2023-12-04 09:30:00-05:00,80.26000213623047,80.72000122070312,80.26000213623047,80.36009979248047,82926,0.0,0.0,0.0
2023-12-04 10:30:00-05:00,80.38999938964844,80.45999908447266,80.30999755859375,80.44000244140625,579482,0.0,0.0,0.0
2023-12-04 11:30:00-05:00,80.43000030517578,80.70050048828125,80.4197006225586,80.69999694824219,68913,0.0,0.0,0.0
2023-12-04 12:30:00-05:00,80.73999786376953,80.75,80.5999984741211,80.5999984741211,68724,0.0,0.0,0.0
2023-12-04 13:30:00-05:00,80.5896987915039,80.6500015258789,80.54540252685547,80.58000183105469,158724,0.0,0.0,0.0
2023-12-04 14:30:00-05:00,80.58999633789062,80.66000366210938,80.56819915771484,80.58999633789062,268952,0.0,0.0,0.0
2023-12-04 15:30:00-05:00,80.62429809570312,80.76719665527344,80.58200073242188,80.7300033569336,40801,0.0,0.0,0.0
2023-12-05 09:30:00-05:00,80.3499984741211,80.45999908447266,80.16000366210938,80.30000305175781,102773,0.0,0.0,0.0
2023-12-05 10:30:00-05:00,80.30999755859375,80.41999816894531,80.15499877929688,80.29409790039062,72037,0.0,0.0,0.0
2023-12-05 11:30:00-05:00,80.30500030517578,80.34500122070312,80.1500015258789,80.2300033569336,138750,0.0,0.0,0.0
2023-12-05 12:30:00-05:00,80.22000122070312,80.31839752197266,80.08999633789062,80.27940368652344,72302,0.0,0.0,0.0
2023-12-05 13:30:00-05:00,80.29000091552734,80.36000061035156,80.2300033569336,80.31999969482422,59306,0.0,0.0,0.0
2023-12-05 14:30:00-05:00,80.33999633789062,80.36949920654297,80.25,80.31500244140625,60583,0.0,0.0,0.0
2023-12-05 15:30:00-05:00,80.31999969482422,80.33000183105469,80.2300033569336,80.29000091552734,41417,0.0,0.0,0.0
2023-12-06 09:30:00-05:00,80.61000061035156,80.86000061035156,80.59770202636719,80.64800262451172,111308,0.0,0.0,0.0
2023-12-06 10:30:00-05:00,80.67009735107422,80.72930145263672,80.5,80.53019714355469,80000,0.0,0.0,0.0
2023-12-06 11:30:00-05:00,80.52999877929688,80.52999877929688,80.4000015258789,80.4000015258789,64168,0.0,0.0,0.0
2023-12-06 12:30:00-05:00,80.42009735107422,80.51000213623047,80.30999755859375,80.45999908447266,106656,0.0,0.0,0.0
2023-12-06 13:30:00-05:00,80.44999694824219,80.46990203857422,80.3550033569336,80.3550033569336,72114,0.0,0.0,0.0
2023-12-06 14:30:00-05:00,80.36000061035156,80.42500305175781,80.14399719238281,80.1500015258789,110038,0.0,0.0,0.0
2023-12-06 15:30:00-05:00,80.16000366210938,80.19000244140625,80.05000305175781,80.13999938964844,0,0.0,0.0,0.0
2023-12-07 09:30:00-05:00,80.27999877929688,80.5999984741211,80.26000213623047,80.59500122070312,87301,0.0,0.0,0.0
2023-12-07 10:30:00-05:00,80.59500122070312,80.61000061035156,80.33000183105469,80.43000030517578,130038,0.0,0.0,0.0
2023-12-07 11:30:00-05:00,80.41999816894531,80.5801010131836,80.41999816894531,80.5199966430664,42705,0.0,0.0,0.0
2023-12-07 12:30:00-05:00,80.55110168457031,80.63999938964844,80.54499816894531,80.58899688720703,59008,0.0,0.0,0.0
2023-12-07 13:30:00-05:00,80.61000061035156,80.75,80.5989990234375,80.72000122070312,70636,0.0,0.0,0.0
2023-12-07 14:30:00-05:00,80.7300033569336,80.7300033569336,80.58999633789062,80.6500015258789,253335,0.0,0.0,0.0
2023-12-07 15:30:00-05:00,80.6500015258789,80.66500091552734,80.58999633789062,80.63999938964844,48116,0.0,0.0,0.0
2023-12-08 09:30:00-05:00,80.58000183105469,81.02999877929688,80.48999786376953,80.98600006103516,109570,0.0,0.0,0.0
2023-12-08 10:30:00-05:00,80.97000122070312,80.97000122070312,80.6500015258789,80.68080139160156,96693,0.0,0.0,0.0
2023-12-08 11:30:00-05:00,80.7499008178711,80.75689697265625,80.57990264892578,80.75,43053,0.0,0.0,0.0
2023-12-08 12:30:00-05:00,80.77970123291016,80.9000015258789,80.73999786376953,80.8949966430664,49096,0.0,0.0,0.0
2023-12-08 13:30:00-05:00,80.87770080566406,80.97000122070312,80.80999755859375,80.96499633789062,69779,0.0,0.0,0.0
2023-12-08 14:30:00-05:00,80.97000122070312,81.05999755859375,80.94000244140625,81.05500030517578,95596,0.0,0.0,0.0
2023-12-08 15:30:00-05:00,81.01499938964844,81.125,81.0,81.0,52994,0.0,0.0,0.0
2023-12-11 09:30:00-05:00,81.06999969482422,81.30999755859375,81.03269958496094,81.2300033569336,65762,0.0,0.0,0.0
2023-12-11 10:30:00-05:00,81.22000122070312,81.4800033569336,81.22000122070312,81.3949966430664,241387,0.0,0.0,0.0
2023-12-11 11:30:00-05:00,81.3905029296875,81.45999908447266,81.31500244140625,81.4375,131671,0.0,0.0,0.0
2023-12-11 12:30:00-05:00,81.44000244140625,81.58000183105469,81.41999816894531,81.55500030517578,252197,0.0,0.0,0.0
2023-12-11 13:30:00-05:00,81.55999755859375,81.57499694824219,81.51000213623047,81.55000305175781,129787,0.0,0.0,0.0
2023-12-11 14:30:00-05:00,81.55000305175781,81.55000305175781,81.45500183105469,81.4800033569336,512992,0.0,0.0,0.0
2023-12-11 15:30:00-05:00,81.47000122070312,81.58000183105469,81.46009826660156,81.56999969482422,34799,0.0,0.0,0.0
2023-12-12 09:30:00-05:00,81.48999786376953,81.62000274658203,81.30010223388672,81.61000061035156,119470,0.0,0.0,0.0
2023-12-12 10:30:00-05:00,81.62000274658203,81.7300033569336,81.6050033569336,81.66000366210938,78000,0.0,0.0,0.0
2023-12-12 11:30:00-05:00,81.67500305175781,81.75499725341797,81.63520050048828,81.75,76656,0.0,0.0,0.0
2023-12-12 12:30:00-05:00,81.76000213623047,81.80000305175781,81.68000030517578,81.75499725341797,48915,0.0,0.0,0.0
2023-12-12 13:30:00-05:00,81.75830078125,81.79000091552734,81.73999786376953,81.7699966430664,106455,0.0,0.0,0.0
2023-12-12 14:30:00-05:00,81.76799774169922,81.93000030517578,81.76799774169922,81.92500305175781,119704,0.0,0.0,0.0
2023-12-12 15:30:00-05:00,81.9208984375,81.92720031738281,81.81999969482422,81.87999725341797,43339,0.0,0.0,0.0
2023-12-13 09:30:00-05:00,81.9800033569336,81.9800033569336,81.81999969482422,81.9719009399414,159309,0.0,0.0,0.0
2023-12-13 10:30:00-05:00,81.97000122070312,82.05999755859375,81.97000122070312,82.0198974609375,42893,0.0,0.0,0.0
2023-12-13 11:30:00-05:00,82.01000213623047,82.0199966430664,81.88999938964844,81.9000015258789,68241,0.0,0.0,0.0
2023-12-13 12:30:00-05:00,81.88999938964844,81.92610168457031,81.80380249023438,81.83000183105469,35527,0.0,0.0,0.0
2023-12-13 13:30:00-05:00,81.80999755859375,82.58000183105469,81.80999755859375,82.55000305175781,77265,0.0,0.0,0.0
2023-12-13 14:30:00-05:00,82.56990051269531,83.26000213623047,82.48999786376953,82.93000030517578,206592,0.0,0.0,0.0
2023-12-13 15:30:00-05:00,82.93000030517578,83.22000122070312,82.91000366210938,83.19999694824219,107540,0.0,0.0,0.0
2023-12-14 09:30:00-05:00,83.68000030517578,84.19999694824219,83.68000030517578,83.96499633789062,148842,0.0,0.0,0.0
2023-12-14 10:30:00-05:00,83.98370361328125,84.04000091552734,83.8499984741211,83.94999694824219,249102,0.0,0.0,0.0
2023-12-14 11:30:00-05:00,83.96260070800781,84.25630187988281,83.91000366210938,84.2300033569336,56847,0.0,0.0,0.0
2023-12-14 12:30:00-05:00,84.23999786376953,84.27999877929688,83.88420104980469,83.88999938964844,46171,0.0,0.0,0.0
2023-12-14 13:30:00-05:00,83.85420227050781,83.87999725341797,83.58999633789062,83.8499984741211,194569,0.0,0.0,0.0
2023-12-14 14:30:00-05:00,83.83000183105469,83.9800033569336,83.82499694824219,83.91999816894531,107524,0.0,0.0,0.0
2023-12-14 15:30:00-05:00,83.91999816894531,83.97000122070312,83.81420135498047,83.97000122070312,0,0.0,0.0,0.0
2023-12-15 09:30:00-05:00,83.7699966430664,83.89600372314453,83.69000244140625,83.89600372314453,78921,0.0,0.0,0.0
2023-12-15 10:30:00-05:00,83.83999633789062,84.01000213623047,83.83999633789062,83.92559814453125,149129,0.0,0.0,0.0
2023-12-15 11:30:00-05:00,83.93000030517578,83.95999908447266,83.83999633789062,83.88999938964844,209713,0.0,0.0,0.0
2023-12-15 12:30:00-05:00,83.88999938964844,83.88999938964844,83.67379760742188,83.73999786376953,39980,0.0,0.0,0.0
2023-12-15 13:30:00-05:00,83.75,83.75,83.4800033569336,83.50019836425781,125908,0.0,0.0,0.0
2023-12-15 14:30:00-05:00,83.5,83.6500015258789,83.5,83.62000274658203,127264,0.0,0.0,0.0
2023-12-15 15:30:00-05:00,83.62999725341797,83.87000274658203,83.5199966430664,83.68000030517578,50649,0.0,0.0,0.0
2023-12-18 09:30:00-05:00,83.94999694824219,84.0999984741211,83.8499984741211,83.88999938964844,132723,0.0,0.0,0.0
2023-12-18 10:30:00-05:00,83.875,84.08000183105469,83.83999633789062,84.06999969482422,292990,0.0,0.0,0.0
2023-12-18 11:30:00-05:00,84.05999755859375,84.08999633789062,83.9800033569336,84.07499694824219,48669,0.0,0.0,0.0
2023-12-18 12:30:00-05:00,84.08000183105469,84.0999984741211,83.93199920654297,83.97000122070312,62038,0.0,0.0,0.0
2023-12-18 13:30:00-05:00,83.9800033569336,83.99929809570312,83.88999938964844,83.91000366210938,84523,0.0,0.0,0.0
2023-12-18 14:30:00-05:00,83.9000015258789,83.94999694824219,83.85009765625,83.91999816894531,183962,0.0,0.0,0.0
2023-12-18 15:30:00-05:00,83.91000366210938,83.93000030517578,83.8499984741211,83.86000061035156,0,0.0,0.0,0.0
2023-12-19 09:30:00-05:00,84.05000305175781,84.31069946289062,83.98999786376953,84.26000213623047,78415,0.0,0.0,0.0
2023-12-19 10:30:00-05:00,84.21009826660156,84.41999816894531,84.20230102539062,84.39649963378906,91036,0.0,0.0,0.0
2023-12-19 11:30:00-05:00,84.375,84.4000015258789,84.29000091552734,84.33000183105469,107252,0.0,0.0,0.0
2023-12-19 12:30:00-05:00,84.32559967041016,84.41999816894531,84.32559967041016,84.35040283203125,36092,0.0,0.0,0.0
2023-12-19 13:30:00-05:00,84.36000061035156,84.41919708251953,84.33000183105469,84.40049743652344,135026,0.0,0.0,0.0
2023-12-19 14:30:00-05:00,84.41000366210938,84.44000244140625,84.34500122070312,84.44000244140625,71625,0.0,0.0,0.0
2023-12-19 15:30:00-05:00,84.41999816894531,84.5199966430664,84.3904037475586,84.48999786376953,53075,0.0,0.0,0.0
2023-12-20 09:30:00-05:00,83.88999938964844,83.91999816894531,83.73999786376953,83.86000061035156,193832,0.0,0.0,0.0
2023-12-20 10:30:00-05:00,83.87899780273438,84.00990295410156,83.87670135498047,83.97470092773438,46704,0.0,0.0,0.0
2023-12-20 11:30:00-05:00,83.98999786376953,84.06230163574219,83.94000244140625,84.04940032958984,41338,0.0,0.0,0.0
2023-12-20 12:30:00-05:00,84.04979705810547,84.0999984741211,83.9927978515625,84.0,51041,0.0,0.0,0.0
2023-12-20 13:30:00-05:00,84.0199966430664,84.04029846191406,83.88999938964844,83.91000366210938,36965,0.0,0.0,0.0
2023-12-20 14:30:00-05:00,83.9177017211914,83.9177017211914,82.98999786376953,83.04000091552734,137611,0.0,0.0,0.0
2023-12-20 15:30:00-05:00,83.12999725341797,83.12999725341797,82.69999694824219,82.7300033569336,59973,0.0,0.0,0.0
2023-12-21 09:30:00-05:00,83.19999694824219,83.52999877929688,83.19999694824219,83.31999969482422,138842,0.0,0.0,0.0
2023-12-21 10:30:00-05:00,83.33000183105469,83.4301986694336,83.26439666748047,83.36219787597656,124943,0.0,0.0,0.0
2023-12-21 11:30:00-05:00,83.37010192871094,83.37010192871094,82.96150207519531,82.9749984741211,35279,0.0,0.0,0.0
2023-12-21 12:30:00-05:00,83.00029754638672,83.07939910888672,82.86080169677734,83.05049896240234,62792,0.0,0.0,0.0
2023-12-21 13:30:00-05:00,83.0999984741211,83.18000030517578,83.0250015258789,83.16010284423828,56094,0.0,0.0,0.0
2023-12-21 14:30:00-05:00,83.15979766845703,83.33999633789062,83.06999969482422,83.33999633789062,115652,0.0,0.0,0.0
2023-12-21 15:30:00-05:00,83.3584976196289,83.55999755859375,83.32499694824219,83.54000091552734,27369,0.0,0.0,0.0
2023-12-22 09:30:00-05:00,83.66999816894531,84.18000030517578,83.66999816894531,84.13999938964844,131553,0.0,0.0,0.0
2023-12-22 10:30:00-05:00,84.13500213623047,84.18000030517578,83.87999725341797,84.02010345458984,132801,0.0,0.0,0.0
2023-12-22 11:30:00-05:00,84.02999877929688,84.0875015258789,83.9000015258789,83.98999786376953,92141,0.0,0.0,0.0
2023-12-22 12:30:00-05:00,83.9800033569336,84.06999969482422,83.9446029663086,84.05000305175781,117633,0.0,0.0,0.0
2023-12-22 13:30:00-05:00,84.04499816894531,84.04949951171875,83.5999984741211,83.61000061035156,134565,0.0,0.0,0.0
2023-12-22 14:30:00-05:00,83.5999984741211,83.91999816894531,83.54949951171875,83.88999938964844,143622,0.0,0.0,0.0
2023-12-22 15:30:00-05:00,83.9000015258789,83.9000015258789,83.75,83.84140014648438,38774,0.0,0.0,0.0
2023-12-26 09:30:00-05:00,83.86000061035156,84.12000274658203,83.86000061035156,84.11000061035156,64717,0.0,0.0,0.0
2023-12-26 10:30:00-05:00,84.11000061035156,84.16999816894531,84.05999755859375,84.10900115966797,182739,0.0,0.0,0.0
2023-12-26 11:30:00-05:00,84.11940002441406,84.24659729003906,84.11750030517578,84.23600006103516,48197,0.0,0.0,0.0
2023-12-26 12:30:00-05:00,84.2249984741211,84.3052978515625,84.18000030517578,84.29000091552734,57232,0.0,0.0,0.0
2023-12-26 13:30:00-05:00,84.30000305175781,84.3499984741211,84.2699966430664,84.33499908447266,38703,0.0,0.0,0.0
2023-12-26 14:30:00-05:00,84.3499984741211,84.5000991821289,84.33999633789062,84.46499633789062,50988,0.0,0.0,0.0
2023-12-26 15:30:00-05:00,84.44000244140625,84.47010040283203,84.27999877929688,84.30000305175781,25486,0.0,0.0,0.0
2023-12-27 09:30:00-05:00,84.33000183105469,84.44000244140625,84.1144027709961,84.44000244140625,107738,0.0,0.0,0.0
2023-12-27 10:30:00-05:00,84.41999816894531,84.43000030517578,84.27999877929688,84.33499908447266,89602,0.0,0.0,0.0
2023-12-27 11:30:00-05:00,84.33999633789062,84.4000015258789,84.33499908447266,84.37999725341797,52312,0.0,0.0,0.0
2023-12-27 12:30:00-05:00,84.37000274658203,84.5,84.26000213623047,84.41500091552734,83370,0.0,0.0,0.0
2023-12-27 13:30:00-05:00,84.43000030517578,84.44999694824219,84.16000366210938,84.31999969482422,68235,0.0,0.0,0.0
2023-12-27 14:30:00-05:00,84.31999969482422,84.37000274658203,84.22370147705078,84.30999755859375,68360,0.0,0.0,0.0
2023-12-27 15:30:00-05:00,84.29000091552734,84.45999908447266,84.22000122070312,84.45999908447266,50461,0.0,0.0,0.0
2023-12-28 09:30:00-05:00,84.31999969482422,84.65979766845703,84.31999969482422,84.62999725341797,42987,0.0,0.0,0.0
2023-12-28 10:30:00-05:00,84.62999725341797,84.6449966430664,84.5,84.53019714355469,72148,0.0,0.0,0.0
2023-12-28 11:30:00-05:00,84.54000091552734,84.58599853515625,84.49500274658203,84.52629852294922,100730,0.0,0.0,0.0
2023-12-28 12:30:00-05:00,84.53500366210938,84.5999984741211,84.43000030517578,84.54499816894531,80556,0.0,0.0,0.0
2023-12-28 13:30:00-05:00,84.55500030517578,84.62999725341797,84.54000091552734,84.625,52779,0.0,0.0,0.0
2023-12-28 14:30:00-05:00,84.64600372314453,84.66000366210938,84.53900146484375,84.59049987792969,71537,0.0,0.0,0.0
2023-12-28 15:30:00-05:00,84.5999984741211,84.68000030517578,84.51000213623047,84.55999755859375,59550,0.0,0.0,0.0
2023-12-29 09:30:00-05:00,84.5199966430664,84.5999984741211,84.44999694824219,84.47000122070312,51116,0.0,0.0,0.0
2023-12-29 10:30:00-05:00,84.4749984741211,84.4800033569336,84.24600219726562,84.24600219726562,126666,0.0,0.0,0.0
2023-12-29 11:30:00-05:00,84.26000213623047,84.30000305175781,84.0999984741211,84.11940002441406,46271,0.0,0.0,0.0
2023-12-29 12:30:00-05:00,84.11910247802734,84.33000183105469,84.11910247802734,84.20999908447266,34401,0.0,0.0,0.0
2023-12-29 13:30:00-05:00,84.2323989868164,84.36000061035156,84.23049926757812,84.30500030517578,42048,0.0,0.0,0.0
2023-12-29 14:30:00-05:00,84.33000183105469,84.44000244140625,84.31999969482422,84.43800354003906,76131,0.0,0.0,0.0
2023-12-29 15:30:00-05:00,84.43000030517578,84.43000030517578,84.25,84.38999938964844,53360,0.0,0.0,0.0
2024-01-02 09:30:00-05:00,84.0999984741211,84.79450225830078,83.99259948730469,84.73999786376953,90586,0.0,0.0,0.0
2024-01-02 10:30:00-05:00,84.7249984741211,84.88980102539062,84.6500015258789,84.6958999633789,366578,0.0,0.0,0.0
2024-01-02 11:30:00-05:00,84.69999694824219,84.94979858398438,84.69000244140625,84.9343032836914,480369,0.0,0.0,0.0
2024-01-02 12:30:00-05:00,84.94309997558594,85.02999877929688,84.94000244140625,84.99500274658203,157087,0.0,0.0,0.0
2024-01-02 13:30:00-05:00,84.94000244140625,84.98999786376953,84.74500274658203,84.79000091552734,125441,0.0,0.0,0.0
2024-01-02 14:30:00-05:00,84.80000305175781,84.80999755859375,84.55000305175781,84.62000274658203,216628,0.0,0.0,0.0
2024-01-02 15:30:00-05:00,84.59970092773438,84.8499984741211,84.54000091552734,84.8499984741211,0,0.0,0.0,0.0
2024-01-03 09:30:00-05:00,84.5,84.63999938964844,84.13999938964844,84.26000213623047,94692,0.0,0.0,0.0
2024-01-03 10:30:00-05:00,84.2300033569336,84.26000213623047,84.0199966430664,84.23999786376953,93417,0.0,0.0,0.0
2024-01-03 11:30:00-05:00,84.24980163574219,84.28050231933594,84.1500015258789,84.21369934082031,43515,0.0,0.0,0.0
2024-01-03 12:30:00-05:00,84.22000122070312,84.44999694824219,84.22000122070312,84.43289947509766,45598,0.0,0.0,0.0
2024-01-03 13:30:00-05:00,84.43000030517578,84.55999755859375,84.22000122070312,84.52999877929688,65881,0.0,0.0,0.0
2024-01-03 14:30:00-05:00,84.56939697265625,84.56939697265625,84.08999633789062,84.13999938964844,77592,0.0,0.0,0.0
2024-01-03 15:30:00-05:00,84.12999725341797,84.23999786376953,83.9802017211914,84.06999969482422,127823,0.0,0.0,0.0
2024-01-04 09:30:00-05:00,84.18000030517578,84.46649932861328,84.05999755859375,84.41000366210938,147246,0.0,0.0,0.0
2024-01-04 10:30:00-05:00,84.38999938964844,84.53269958496094,84.36000061035156,84.5,84058,0.0,0.0,0.0
2024-01-04 11:30:00-05:00,84.51000213623047,84.5199966430664,84.27999877929688,84.31999969482422,52304,0.0,0.0,0.0
2024-01-04 12:30:00-05:00,84.31999969482422,84.31999969482422,84.16999816894531,84.23999786376953,41469,0.0,0.0,0.0
2024-01-04 13:30:00-05:00,84.25659942626953,84.29000091552734,84.16999816894531,84.19999694824219,81077,0.0,0.0,0.0
2024-01-04 14:30:00-05:00,84.18000030517578,84.27549743652344,84.12000274658203,84.1698989868164,68254,0.0,0.0,0.0
2024-01-04 15:30:00-05:00,84.18000030517578,84.2300033569336,83.9802017211914,84.00189971923828,33319,0.0,0.0,0.0
2024-01-05 09:30:00-05:00,83.91999816894531,84.5999984741211,83.91999816894531,84.40019989013672,144445,0.0,0.0,0.0
2024-01-05 10:30:00-05:00,84.41000366210938,84.55999755859375,84.30999755859375,84.33000183105469,54855,0.0,0.0,0.0
2024-01-05 11:30:00-05:00,84.33769989013672,84.34400177001953,84.0199966430664,84.04000091552734,58562,0.0,0.0,0.0
2024-01-05 12:30:00-05:00,84.01499938964844,84.08000183105469,83.8739013671875,84.08000183105469,55415,0.0,0.0,0.0
2024-01-05 13:30:00-05:00,84.08999633789062,84.33000183105469,84.08999633789062,84.2300033569336,116743,0.0,0.0,0.0
2024-01-05 14:30:00-05:00,84.22000122070312,84.26000213623047,83.95999908447266,84.08000183105469,212281,0.0,0.0,0.0
2024-01-05 15:30:00-05:00,84.06999969482422,84.23999786376953,83.9800033569336,84.19000244140625,84213,0.0,0.0,0.0
2024-01-08 09:30:00-05:00,84.0,84.19539642333984,83.86000061035156,84.08899688720703,84148,0.0,0.0,0.0
2024-01-08 10:30:00-05:00,84.15640258789062,84.29000091552734,84.11000061035156,84.22589874267578,186636,0.0,0.0,0.0
2024-01-08 11:30:00-05:00,84.24579620361328,84.31999969482422,84.16999816894531,84.20819854736328,149648,0.0,0.0,0.0
2024-01-08 12:30:00-05:00,84.2052993774414,84.3499984741211,84.19999694824219,84.30000305175781,156549,0.0,0.0,0.0
2024-01-08 13:30:00-05:00,84.27999877929688,84.55000305175781,84.2699966430664,84.52909851074219,112782,0.0,0.0,0.0
2024-01-08 14:30:00-05:00,84.54000091552734,84.68000030517578,84.54000091552734,84.62999725341797,96344,0.0,0.0,0.0
2024-01-08 15:30:00-05:00,84.62989807128906,84.80000305175781,84.61869812011719,84.7699966430664,46836,0.0,0.0,0.0
2024-01-09 09:30:00-05:00,84.30000305175781,84.37999725341797,84.13999938964844,84.31009674072266,63557,0.0,0.0,0.0
2024-01-09 10:30:00-05:00,84.33999633789062,84.37000274658203,84.19499969482422,84.31999969482422,86540,0.0,0.0,0.0
2024-01-09 11:30:00-05:00,84.36000061035156,84.43000030517578,84.30000305175781,84.4124984741211,47415,0.0,0.0,0.0
2024-01-09 12:30:00-05:00,84.43550109863281,84.47000122070312,84.23999786376953,84.2509994506836,37925,0.0,0.0,0.0
2024-01-09 13:30:00-05:00,84.25,84.44999694824219,84.18000030517578,84.2300033569336,51623,0.0,0.0,0.0
2024-01-09 14:30:00-05:00,84.23999786376953,84.33000183105469,84.16999816894531,84.27999877929688,56392,0.0,0.0,0.0
2024-01-09 15:30:00-05:00,84.24510192871094,84.3499984741211,84.22000122070312,84.31999969482422,0,0.0,0.0,0.0
2024-01-10 09:30:00-05:00,84.27999877929688,84.33999633789062,84.01100158691406,84.12999725341797,78663,0.0,0.0,0.0
2024-01-10 10:30:00-05:00,84.14330291748047,84.16699981689453,84.0199966430664,84.0999984741211,65825,0.0,0.0,0.0
2024-01-10 11:30:00-05:00,84.11990356445312,84.1500015258789,84.06999969482422,84.13680267333984,32404,0.0,0.0,0.0
2024-01-10 12:30:00-05:00,84.1500015258789,84.22000122070312,84.05159759521484,84.12999725341797,32292,0.0,0.0,0.0
2024-01-10 13:30:00-05:00,84.11979675292969,84.33000183105469,84.08930206298828,84.32499694824219,86336,0.0,0.0,0.0
2024-01-10 14:30:00-05:00,84.3406982421875,84.4749984741211,84.23999786376953,84.27249908447266,64636,0.0,0.0,0.0
2024-01-10 15:30:00-05:00,84.2699966430664,84.37999725341797,84.18000030517578,84.33999633789062,39870,0.0,0.0,0.0
2024-01-11 09:30:00-05:00,84.37000274658203,84.37000274658203,83.61000061035156,83.7499008178711,103904,0.0,0.0,0.0
2024-01-11 10:30:00-05:00,83.83000183105469,83.83000183105469,83.54000091552734,83.6050033569336,106592,0.0,0.0,0.0
2024-01-11 11:30:00-05:00,83.62999725341797,83.69999694824219,83.52999877929688,83.63999938964844,36644,0.0,0.0,0.0
2024-01-11 12:30:00-05:00,83.64620208740234,83.84269714355469,83.62999725341797,83.79000091552734,80662,0.0,0.0,0.0
2024-01-11 13:30:00-05:00,83.80000305175781,83.9800033569336,83.75,83.9800033569336,104382,0.0,0.0,0.0
2024-01-11 14:30:00-05:00,83.9800033569336,84.08149719238281,83.86000061035156,83.88999938964844,553328,0.0,0.0,0.0
2024-01-11 15:30:00-05:00,83.88500213623047,84.05000305175781,83.87000274658203,83.98999786376953,34937,0.0,0.0,0.0
2024-01-12 09:30:00-05:00,84.27999877929688,84.52999877929688,83.9800033569336,83.98999786376953,98842,0.0,0.0,0.0
2024-01-12 10:30:00-05:00,84.02100372314453,84.06999969482422,83.80500030517578,83.95330047607422,89237,0.0,0.0,0.0
2024-01-12 11:30:00-05:00,83.99500274658203,83.99500274658203,83.77010345458984,83.83000183105469,72750,0.0,0.0,0.0
2024-01-12 12:30:00-05:00,83.87740325927734,83.99199676513672,83.84500122070312,83.98999786376953,65986,0.0,0.0,0.0
2024-01-12 13:30:00-05:00,83.99169921875,84.09809875488281,83.96389770507812,84.07499694824219,106636,0.0,0.0,0.0
2024-01-12 14:30:00-05:00,84.05000305175781,84.05000305175781,83.875,83.92559814453125,35169,0.0,0.0,0.0
2024-01-12 15:30:00-05:00,83.96739959716797,84.02989959716797,83.94000244140625,83.98999786376953,27546,0.0,0.0,0.0
2024-01-16 09:30:00-05:00,83.66999816894531,83.66999816894531,83.30989837646484,83.59629821777344,122549,0.0,0.0,0.0
2024-01-16 10:30:00-05:00,83.58740234375,83.66999816894531,83.3479995727539,83.55999755859375,251512,0.0,0.0,0.0
2024-01-16 11:30:00-05:00,83.56109619140625,83.62999725341797,83.38999938964844,83.39240264892578,46372,0.0,0.0,0.0
2024-01-16 12:30:00-05:00,83.35639953613281,83.51000213623047,83.33000183105469,83.50579833984375,95338,0.0,0.0,0.0
2024-01-16 13:30:00-05:00,83.52010345458984,83.52999877929688,83.16000366210938,83.22119903564453,95377,0.0,0.0,0.0
2024-01-16 14:30:00-05:00,83.19999694824219,83.33000183105469,83.19000244140625,83.2406005859375,143159,0.0,0.0,0.0
2024-01-16 15:30:00-05:00,83.25,83.4000015258789,83.19499969482422,83.38999938964844,60468,0.0,0.0,0.0
2024-01-17 09:30:00-05:00,82.9000015258789,83.3489990234375,82.75,83.16500091552734,75607,0.0,0.0,0.0
2024-01-17 10:30:00-05:00,83.1500015258789,83.22000122070312,83.11000061035156,83.11100006103516,88717,0.0,0.0,0.0
2024-01-17 11:30:00-05:00,83.08000183105469,83.12539672851562,82.84010314941406,82.86000061035156,47721,0.0,0.0,0.0
2024-01-17 12:30:00-05:00,82.84040069580078,82.88990020751953,82.66000366210938,82.66500091552734,37740,0.0,0.0,0.0
2024-01-17 13:30:00-05:00,82.66840362548828,82.75,82.55000305175781,82.72000122070312,73865,0.0,0.0,0.0
2024-01-17 14:30:00-05:00,82.739501953125,82.76000213623047,82.62000274658203,82.66000366210938,53741,0.0,0.0,0.0
2024-01-17 15:30:00-05:00,82.6500015258789,82.88999938964844,82.6500015258789,82.81999969482422,44907,0.0,0.0,0.0
2024-01-18 09:30:00-05:00,82.87999725341797,82.87999725341797,82.5,82.69000244140625,172703,0.0,0.0,0.0
2024-01-18 10:30:00-05:00,82.69499969482422,82.7699966430664,82.47000122070312,82.58000183105469,140633,0.0,0.0,0.0
2024-01-18 11:30:00-05:00,82.58499908447266,82.63999938964844,82.43000030517578,82.48999786376953,173010,0.0,0.0,0.0
2024-01-18 12:30:00-05:00,82.48999786376953,82.56890106201172,82.41000366210938,82.5199966430664,132349,0.0,0.0,0.0
2024-01-18 13:30:00-05:00,82.5199966430664,82.89910125732422,82.51499938964844,82.88500213623047,172864,0.0,0.0,0.0
2024-01-18 14:30:00-05:00,82.88999938964844,83.0999984741211,82.7979965209961,83.08999633789062,193645,0.0,0.0,0.0
2024-01-18 15:30:00-05:00,83.11000061035156,83.16010284423828,83.04000091552734,83.0999984741211,74484,0.0,0.0,0.0
2024-01-19 09:30:00-05:00,83.30999755859375,83.30999755859375,82.86000061035156,83.12539672851562,182674,0.0,0.0,0.0
2024-01-19 10:30:00-05:00,83.11000061035156,83.33999633789062,83.07949829101562,83.28399658203125,31528,0.0,0.0,0.0
2024-01-19 11:30:00-05:00,83.25,83.33999633789062,83.19000244140625,83.33419799804688,37292,0.0,0.0,0.0
2024-01-19 12:30:00-05:00,83.34500122070312,83.63929748535156,83.30999755859375,83.63929748535156,52169,0.0,0.0,0.0
2024-01-19 13:30:00-05:00,83.64949798583984,83.91000366210938,83.62000274658203,83.81999969482422,47307,0.0,0.0,0.0
2024-01-19 14:30:00-05:00,83.80999755859375,83.8499984741211,83.72019958496094,83.7699966430664,73445,0.0,0.0,0.0
2024-01-19 15:30:00-05:00,83.75409698486328,83.80000305175781,83.70999908447266,83.73999786376953,36289,0.0,0.0,0.0
2024-01-22 09:30:00-05:00,83.97000122070312,84.28009796142578,83.8499984741211,84.2699966430664,0,0.0,0.0,0.0
2024-01-22 10:30:00-05:00,84.26000213623047,84.26899719238281,84.0,84.05049896240234,204926,0.0,0.0,0.0
2024-01-22 11:30:00-05:00,84.05999755859375,84.05999755859375,83.94000244140625,84.05000305175781,134148,0.0,0.0,0.0
2024-01-22 12:30:00-05:00,84.04000091552734,84.05000305175781,83.86199951171875,83.86199951171875,55086,0.0,0.0,0.0
2024-01-22 13:30:00-05:00,83.87999725341797,84.01000213623047,83.87000274658203,83.96859741210938,63318,0.0,0.0,0.0
2024-01-22 14:30:00-05:00,83.96499633789062,84.09249877929688,83.91999816894531,84.08689880371094,105855,0.0,0.0,0.0
2024-01-22 15:30:00-05:00,84.08999633789062,84.12000274658203,84.0199966430664,84.02999877929688,56256,0.0,0.0,0.0
2024-01-23 09:30:00-05:00,84.2300033569336,84.34410095214844,84.12229919433594,84.19830322265625,127940,0.0,0.0,0.0
2024-01-23 10:30:00-05:00,84.18000030517578,84.18000030517578,83.95500183105469,83.9800033569336,52744,0.0,0.0,0.0
2024-01-23 11:30:00-05:00,83.99549865722656,84.07759857177734,83.9749984741211,84.02999877929688,121513,0.0,0.0,0.0
2024-01-23 12:30:00-05:00,84.04499816894531,84.08000183105469,84.00969696044922,84.05999755859375,39508,0.0,0.0,0.0
2024-01-23 13:30:00-05:00,84.05879974365234,84.13970184326172,84.02999877929688,84.0999984741211,37538,0.0,0.0,0.0
2024-01-23 14:30:00-05:00,84.11000061035156,84.29499816894531,84.10929870605469,84.24949645996094,54079,0.0,0.0,0.0
2024-01-23 15:30:00-05:00,84.23390197753906,84.25,84.16999816894531,84.20999908447266,62258,0.0,0.0,0.0
2024-01-24 09:30:00-05:00,84.45999908447266,84.57029724121094,84.05999755859375,84.1489028930664,97885,0.0,0.0,0.0
2024-01-24 10:30:00-05:00,84.13999938964844,84.37789916992188,84.1050033569336,84.36000061035156,80342,0.0,0.0,0.0
2024-01-24 11:30:00-05:00,84.3499984741211,84.36000061035156,84.15499877929688,84.19120025634766,34534,0.0,0.0,0.0
2024-01-24 12:30:00-05:00,84.19860076904297,84.2300033569336,84.0199966430664,84.06999969482422,49800,0.0,0.0,0.0
2024-01-24 13:30:00-05:00,84.05359649658203,84.05359649658203,83.8917007446289,83.92620086669922,57933,0.0,0.0,0.0
2024-01-24 14:30:00-05:00,83.93000030517578,84.02999877929688,83.81999969482422,83.84600067138672,62814,0.0,0.0,0.0
2024-01-24 15:30:00-05:00,83.84500122070312,83.93289947509766,83.7699966430664,83.80000305175781,52748,0.0,0.0,0.0
2024-01-25 09:30:00-05:00,84.27999877929688,84.41999816894531,84.13999938964844,84.2699966430664,98514,0.0,0.0,0.0
2024-01-25 10:30:00-05:00,84.29000091552734,84.29000091552734,83.93000030517578,84.10990142822266,65788,0.0,0.0,0.0
2024-01-25 11:30:00-05:00,84.11000061035156,84.11000061035156,83.94249725341797,84.0,154254,0.0,0.0,0.0
2024-01-25 12:30:00-05:00,84.0,84.16999816894531,83.94000244140625,84.08000183105469,26834,0.0,0.0,0.0
2024-01-25 13:30:00-05:00,84.09429931640625,84.29000091552734,84.08999633789062,84.29000091552734,48744,0.0,0.0,0.0
2024-01-25 14:30:00-05:00,84.30000305175781,84.33000183105469,84.19000244140625,84.27999877929688,81059,0.0,0.0,0.0
2024-01-25 15:30:00-05:00,84.28119659423828,84.55999755859375,84.2782974243164,84.55999755859375,57478,0.0,0.0,0.0
2024-01-26 09:30:00-05:00,84.5,84.73999786376953,84.4800033569336,84.63999938964844,57634,0.0,0.0,0.0
2024-01-26 10:30:00-05:00,84.5999984741211,84.76000213623047,84.58999633789062,84.65989685058594,56259,0.0,0.0,0.0
2024-01-26 11:30:00-05:00,84.67500305175781,84.69999694824219,84.57630157470703,84.64019775390625,141443,0.0,0.0,0.0
2024-01-26 12:30:00-05:00,84.63999938964844,84.63999938964844,84.47000122070312,84.55010223388672,69153,0.0,0.0,0.0
2024-01-26 13:30:00-05:00,84.56999969482422,84.5999984741211,84.45230102539062,84.57499694824219,41894,0.0,0.0,0.0
2024-01-26 14:30:00-05:00,84.56999969482422,84.68000030517578,84.55000305175781,84.58999633789062,77396,0.0,0.0,0.0
2024-01-26 15:30:00-05:00,84.61000061035156,84.65499877929688,84.56999969482422,84.63999938964844,111924,0.0,0.0,0.0
2024-01-29 09:30:00-05:00,84.51000213623047,84.61000061035156,84.41999816894531,84.48429870605469,180126,0.0,0.0,0.0
2024-01-29 10:30:00-05:00,84.4800033569336,84.5199966430664,84.41000366210938,84.5,152970,0.0,0.0,0.0
2024-01-29 11:30:00-05:00,84.48999786376953,84.55000305175781,84.47000122070312,84.5,71705,0.0,0.0,0.0
2024-01-29 12:30:00-05:00,84.52999877929688,84.56950378417969,84.4198989868164,84.54000091552734,103523,0.0,0.0,0.0
2024-01-29 13:30:00-05:00,84.54000091552734,84.55999755859375,84.47000122070312,84.53500366210938,99121,0.0,0.0,0.0
2024-01-29 14:30:00-05:00,84.54779815673828,85.00499725341797,84.52999877929688,84.93000030517578,125217,0.0,0.0,0.0
2024-01-29 15:30:00-05:00,84.93000030517578,85.00499725341797,84.83709716796875,84.9800033569336,53006,0.0,0.0,0.0
2024-01-30 09:30:00-05:00,84.91000366210938,84.94999694824219,84.73999786376953,84.78369903564453,78786,0.0,0.0,0.0
2024-01-30 10:30:00-05:00,84.75990295410156,85.00969696044922,84.75,84.99500274658203,74674,0.0,0.0,0.0
2024-01-30 11:30:00-05:00,85.00250244140625,85.21620178222656,85.00250244140625,85.16419982910156,72001,0.0,0.0,0.0
2024-01-30 12:30:00-05:00,85.1541976928711,85.20999908447266,85.12409973144531,85.19999694824219,37903,0.0,0.0,0.0
2024-01-30 13:30:00-05:00,85.22000122070312,85.36499786376953,85.19400024414062,85.34500122070312,46942,0.0,0.0,0.0
2024-01-30 14:30:00-05:00,85.3499984741211,85.37999725341797,85.26499938964844,85.30989837646484,169049,0.0,0.0,0.0
2024-01-30 15:30:00-05:00,85.31500244140625,85.31500244140625,85.2300033569336,85.29000091552734,42122,0.0,0.0,0.0
2024-01-31 09:30:00-05:00,85.26000213623047,85.3656005859375,85.08999633789062,85.33000183105469,99881,0.0,0.0,0.0
2024-01-31 10:30:00-05:00,85.36000061035156,85.36000061035156,85.19999694824219,85.21499633789062,84811,0.0,0.0,0.0
2024-01-31 11:30:00-05:00,85.20999908447266,85.2300033569336,85.0,85.2300033569336,45246,0.0,0.0,0.0
2024-01-31 12:30:00-05:00,85.23999786376953,85.23999786376953,85.0999984741211,85.12999725341797,82243,0.0,0.0,0.0
2024-01-31 13:30:00-05:00,85.13919830322266,85.19999694824219,84.87999725341797,84.91999816894531,54557,0.0,0.0,0.0
2024-01-31 14:30:00-05:00,84.94999694824219,85.33999633789062,84.44999694824219,84.5999984741211,92825,0.0,0.0,0.0
2024-01-31 15:30:00-05:00,84.59429931640625,84.59429931640625,84.37000274658203,84.37000274658203,447767,0.0,0.0,0.0
2024-02-01 09:30:00-05:00,84.55000305175781,84.5999984741211,84.1511001586914,84.41999816894531,88048,0.0,0.0,0.0
2024-02-01 10:30:00-05:00,84.4219970703125,84.43000030517578,84.05000305175781,84.2300033569336,73398,0.0,0.0,0.0
2024-02-01 11:30:00-05:00,84.33000183105469,84.83149719238281,84.33000183105469,84.72579956054688,94687,0.0,0.0,0.0
2024-02-01 12:30:00-05:00,84.72989654541016,85.0,84.68920135498047,84.80999755859375,37694,0.0,0.0,0.0
2024-02-01 13:30:00-05:00,84.80000305175781,84.94000244140625,84.74960327148438,84.81400299072266,45707,0.0,0.0,0.0
2024-02-01 14:30:00-05:00,84.83000183105469,85.06999969482422,84.75469970703125,85.03500366210938,216853,0.0,0.0,0.0
2024-02-01 15:30:00-05:00,85.04000091552734,85.19000244140625,84.9800033569336,85.19000244140625,151645,0.0,0.0,0.0
2024-02-02 09:30:00-05:00,84.86000061035156,84.92980194091797,84.43000030517578,84.61920166015625,102670,0.0,0.0,0.0
2024-02-02 10:30:00-05:00,84.66999816894531,84.88999938964844,84.58000183105469,84.88999938964844,94204,0.0,0.0,0.0
2024-02-02 11:30:00-05:00,84.88999938964844,85.0198974609375,84.75080108642578,84.89800262451172,40272,0.0,0.0,0.0
2024-02-02 12:30:00-05:00,84.8781967163086,85.01509857177734,84.58999633789062,84.91000366210938,83410,0.0,0.0,0.0
2024-02-02 13:30:00-05:00,84.86009979248047,85.16000366210938,84.86009979248047,85.125,72418,0.0,0.0,0.0
2024-02-02 14:30:00-05:00,85.12000274658203,85.3949966430664,85.09200286865234,85.3949966430664,107978,0.0,0.0,0.0
2024-02-02 15:30:00-05:00,85.38619995117188,85.38619995117188,84.9800033569336,84.9800033569336,60367,0.0,0.0,0.0
2024-02-05 09:30:00-05:00,84.69999694824219,84.69999694824219,84.02999877929688,84.08999633789062,103686,0.0,0.0,0.0
2024-02-05 10:30:00-05:00,84.06999969482422,84.30000305175781,84.06999969482422,84.2500991821289,96077,0.0,0.0,0.0
2024-02-05 11:30:00-05:00,84.29859924316406,84.32270050048828,84.20999908447266,84.32270050048828,49292,0.0,0.0,0.0
2024-02-05 12:30:00-05:00,84.33000183105469,84.43000030517578,84.30999755859375,84.30999755859375,39707,0.0,0.0,0.0
2024-02-05 13:30:00-05:00,84.30999755859375,84.4625015258789,84.30000305175781,84.42060089111328,49340,0.0,0.0,0.0
2024-02-05 14:30:00-05:00,84.44999694824219,84.54000091552734,84.37999725341797,84.52999877929688,85245,0.0,0.0,0.0
2024-02-05 15:30:00-05:00,84.54000091552734,84.58999633789062,84.2300033569336,84.2300033569336,72506,0.0,0.0,0.0
2024-02-06 09:30:00-05:00,84.41000366210938,84.60449981689453,84.22579956054688,84.52880096435547,97802,0.0,0.0,0.0
2024-02-06 10:30:00-05:00,84.56999969482422,84.72000122070312,84.54989624023438,84.64009857177734,70624,0.0,0.0,0.0
2024-02-06 11:30:00-05:00,84.66960144042969,84.7699966430664,84.59010314941406,84.76290130615234,49470,0.0,0.0,0.0
2024-02-06 12:30:00-05:00,84.78710174560547,84.80889892578125,84.70500183105469,84.71089935302734,31027,0.0,0.0,0.0
2024-02-06 13:30:00-05:00,84.75499725341797,84.87000274658203,84.6449966430664,84.66500091552734,59450,0.0,0.0,0.0
2024-02-06 14:30:00-05:00,84.65779876708984,84.73999786376953,84.59369659423828,84.66000366210938,78566,0.0,0.0,0.0
2024-02-06 15:30:00-05:00,84.66999816894531,84.79000091552734,84.61000061035156,84.77999877929688,133409,0.0,0.0,0.0
2024-02-07 09:30:00-05:00,85.08000183105469,85.13870239257812,84.70939636230469,84.9749984741211,113077,0.0,0.0,0.0
2024-02-07 10:30:00-05:00,85.02909851074219,85.02909851074219,84.87000274658203,84.91500091552734,33890,0.0,0.0,0.0
2024-02-07 11:30:00-05:00,84.92949676513672,85.0,84.88999938964844,84.94960021972656,51654,0.0,0.0,0.0
2024-02-07 12:30:00-05:00,84.94999694824219,85.11000061035156,84.91999816894531,85.11000061035156,57655,0.0,0.0,0.0
2024-02-07 13:30:00-05:00,85.12000274658203,85.12000274658203,84.98999786376953,85.0199966430664,55440,0.0,0.0,0.0
2024-02-07 14:30:00-05:00,85.04000091552734,85.0999984741211,84.99009704589844,85.0,70878,0.0,0.0,0.0
2024-02-07 15:30:00-05:00,84.98799896240234,85.02999877929688,84.89299774169922,84.9800033569336,111930,0.0,0.0,0.0
2024-02-08 09:30:00-05:00,84.8499984741211,84.94760131835938,84.81999969482422,84.87999725341797,102507,0.0,0.0,0.0
2024-02-08 10:30:00-05:00,84.87899780273438,84.9000015258789,84.61000061035156,84.61000061035156,50231,0.0,0.0,0.0
2024-02-08 11:30:00-05:00,84.5999984741211,84.76000213623047,84.5999984741211,84.75,41630,0.0,0.0,0.0
2024-02-08 12:30:00-05:00,84.74600219726562,84.88999938964844,84.73259735107422,84.79199981689453,123506,0.0,0.0,0.0
2024-02-08 13:30:00-05:00,84.80999755859375,84.95010375976562,84.80999755859375,84.94000244140625,20720,0.0,0.0,0.0
2024-02-08 14:30:00-05:00,84.91000366210938,84.99749755859375,84.8677978515625,84.96150207519531,133896,0.0,0.0,0.0
2024-02-08 15:30:00-05:00,84.9749984741211,85.04499816894531,84.9000015258789,85.01000213623047,73345,0.0,0.0,0.0
2024-02-09 09:30:00-05:00,85.05000305175781,85.05000305175781,84.76029968261719,84.83000183105469,108176,0.0,0.0,0.0
2024-02-09 10:30:00-05:00,84.83999633789062,84.86000061035156,84.69419860839844,84.73999786376953,67103,0.0,0.0,0.0
2024-02-09 11:30:00-05:00,84.72160339355469,84.83000183105469,84.6240005493164,84.83000183105469,125494,0.0,0.0,0.0
2024-02-09 12:30:00-05:00,84.80999755859375,84.94000244140625,84.76000213623047,84.93499755859375,44578,0.0,0.0,0.0
2024-02-09 13:30:00-05:00,84.94960021972656,84.98500061035156,84.89009857177734,84.96980285644531,36987,0.0,0.0,0.0
2024-02-09 14:30:00-05:00,84.97000122070312,85.05000305175781,84.92330169677734,84.98999786376953,77895,0.0,0.0,0.0
2024-02-09 15:30:00-05:00,84.9999008178711,85.04499816894531,84.8843002319336,85.02999877929688,89733,0.0,0.0,0.0
2024-02-12 09:30:00-05:00,85.08000183105469,85.33999633789062,85.04010009765625,85.2699966430664,135330,0.0,0.0,0.0
2024-02-12 10:30:00-05:00,85.30999755859375,85.54000091552734,85.22000122070312,85.53500366210938,65326,0.0,0.0,0.0
2024-02-12 11:30:00-05:00,85.54000091552734,85.69000244140625,85.54000091552734,85.68000030517578,49959,0.0,0.0,0.0
2024-02-12 12:30:00-05:00,85.6449966430664,85.77999877929688,85.61000061035156,85.72209930419922,37839,0.0,0.0,0.0
2024-02-12 13:30:00-05:00,85.70069885253906,85.77999877929688,85.56990051269531,85.61920166015625,39368,0.0,0.0,0.0
2024-02-12 14:30:00-05:00,85.5990982055664,85.6500015258789,85.52999877929688,85.54000091552734,70144,0.0,0.0,0.0
2024-02-12 15:30:00-05:00,85.53199768066406,85.62999725341797,85.5199966430664,85.58000183105469,42255,0.0,0.0,0.0
2024-02-13 09:30:00-05:00,84.7699966430664,85.0199966430664,84.22000122070312,84.29000091552734,41754,0.0,0.0,0.0
2024-02-13 10:30:00-05:00,84.29000091552734,84.48999786376953,84.1500015258789,84.44999694824219,46588,0.0,0.0,0.0
2024-02-13 11:30:00-05:00,84.45999908447266,84.50499725341797,84.41000366210938,84.41000366210938,41809,0.0,0.0,0.0
2024-02-13 12:30:00-05:00,84.37349700927734,84.50789642333984,84.26000213623047,84.28990173339844,35925,0.0,0.0,0.0
2024-02-13 13:30:00-05:00,84.2885971069336,84.2885971069336,83.88999938964844,83.91999816894531,74743,0.0,0.0,0.0
2024-02-13 14:30:00-05:00,83.90019989013672,84.01399993896484,83.73999786376953,83.83499908447266,133600,0.0,0.0,0.0
2024-02-13 15:30:00-05:00,83.83999633789062,84.3499984741211,83.83999633789062,84.31999969482422,76652,0.0,0.0,0.0
2024-02-14 09:30:00-05:00,84.72000122070312,84.80889892578125,84.51000213623047,84.77639770507812,38524,0.0,0.0,0.0
2024-02-14 10:30:00-05:00,84.70999908447266,84.75,84.47000122070312,84.6449966430664,38603,0.0,0.0,0.0
2024-02-14 11:30:00-05:00,84.62999725341797,84.66000366210938,84.33999633789062,84.52010345458984,33209,0.0,0.0,0.0
2024-02-14 12:30:00-05:00,84.53890228271484,84.63410186767578,84.5,84.55500030517578,50138,0.0,0.0,0.0
2024-02-14 13:30:00-05:00,84.68000030517578,84.71990203857422,84.44000244140625,84.68699645996094,54710,0.0,0.0,0.0
2024-02-14 14:30:00-05:00,84.66470336914062,84.89830017089844,84.6500015258789,84.87000274658203,108727,0.0,0.0,0.0
2024-02-14 15:30:00-05:00,84.87000274658203,84.91000366210938,84.74500274658203,84.86000061035156,70103,0.0,0.0,0.0
2024-02-15 09:30:00-05:00,85.1500015258789,85.84269714355469,85.13999938964844,85.7300033569336,95656,0.0,0.0,0.0
2024-02-15 10:30:00-05:00,85.68329620361328,85.68329620361328,85.55030059814453,85.57009887695312,49811,0.0,0.0,0.0
2024-02-15 11:30:00-05:00,85.6073989868164,85.75980377197266,85.55000305175781,85.7249984741211,846527,0.0,0.0,0.0
2024-02-15 12:30:00-05:00,85.71990203857422,85.86000061035156,85.62059783935547,85.85639953613281,177278,0.0,0.0,0.0
2024-02-15 13:30:00-05:00,85.88999938964844,86.01000213623047,85.80500030517578,85.95999908447266,187010,0.0,0.0,0.0
2024-02-15 14:30:00-05:00,85.98500061035156,86.0999984741211,85.9561996459961,86.00749969482422,777894,0.0,0.0,0.0
2024-02-15 15:30:00-05:00,85.98999786376953,86.01000213623047,85.87999725341797,85.9800033569336,66161,0.0,0.0,0.0
2024-02-16 09:30:00-05:00,85.87999725341797,85.91000366210938,85.52999877929688,85.83989715576172,60940,0.0,0.0,0.0
2024-02-16 10:30:00-05:00,85.86000061035156,85.98809814453125,85.81800079345703,85.98809814453125,187042,0.0,0.0,0.0
2024-02-16 11:30:00-05:00,86.0,86.11509704589844,85.95999908447266,86.06999969482422,56519,0.0,0.0,0.0
2024-02-16 12:30:00-05:00,86.08789825439453,86.12999725341797,85.94000244140625,86.0999984741211,56332,0.0,0.0,0.0
2024-02-16 13:30:00-05:00,86.125,86.19259643554688,86.09249877929688,86.16999816894531,54618,0.0,0.0,0.0
2024-02-16 14:30:00-05:00,86.17009735107422,86.17009735107422,85.79000091552734,85.9000015258789,84673,0.0,0.0,0.0
2024-02-16 15:30:00-05:00,85.92749786376953,85.94000244140625,85.69000244140625,85.75,28562,0.0,0.0,0.0
2024-02-20 09:30:00-05:00,85.69000244140625,86.0,85.51499938964844,85.98999786376953,47757,0.0,0.0,0.0
2024-02-20 10:30:00-05:00,85.98999786376953,86.01010131835938,85.83999633789062,85.88999938964844,120417,0.0,0.0,0.0
2024-02-20 11:30:00-05:00,85.9000015258789,85.9000015258789,85.69519805908203,85.70500183105469,40617,0.0,0.0,0.0
2024-02-20 12:30:00-05:00,85.70999908447266,85.78260040283203,85.6500015258789,85.71499633789062,110945,0.0,0.0,0.0
2024-02-20 13:30:00-05:00,85.70999908447266,85.80989837646484,85.63849639892578,85.79039764404297,57740,0.0,0.0,0.0
2024-02-20 14:30:00-05:00,85.79000091552734,85.87879943847656,85.73999786376953,85.81580352783203,47797,0.0,0.0,0.0
2024-02-20 15:30:00-05:00,85.83000183105469,85.83000183105469,85.56500244140625,85.72000122070312,38850,0.0,0.0,0.0
2024-02-21 09:30:00-05:00,85.75,85.80999755859375,85.58000183105469,85.75990295410156,91951,0.0,0.0,0.0
2024-02-21 10:30:00-05:00,85.74500274658203,85.83499908447266,85.66500091552734,85.78990173339844,102019,0.0,0.0,0.0
2024-02-21 11:30:00-05:00,85.77999877929688,85.87000274658203,85.72000122070312,85.81500244140625,31613,0.0,0.0,0.0
2024-02-21 12:30:00-05:00,85.79499816894531,85.87999725341797,85.68000030517578,85.84519958496094,52654,0.0,0.0,0.0
2024-02-21 13:30:00-05:00,85.86000061035156,85.93499755859375,85.69000244140625,85.79499816894531,128358,0.0,0.0,0.0
2024-02-21 14:30:00-05:00,85.78500366210938,85.78500366210938,85.55999755859375,85.68499755859375,62559,0.0,0.0,0.0
2024-02-21 15:30:00-05:00,85.69499969482422,86.11000061035156,85.69499969482422,86.05999755859375,43512,0.0,0.0,0.0
2024-02-22 09:30:00-05:00,86.30999755859375,86.4000015258789,86.0728988647461,86.25019836425781,54205,0.0,0.0,0.0
2024-02-22 10:30:00-05:00,86.25,86.4000015258789,86.22769927978516,86.37010192871094,42733,0.0,0.0,0.0
2024-02-22 11:30:00-05:00,86.42990112304688,86.5,86.36000061035156,86.48750305175781,108706,0.0,0.0,0.0
2024-02-22 12:30:00-05:00,86.51000213623047,86.58499908447266,86.44999694824219,86.58499908447266,28509,0.0,0.0,0.0
2024-02-22 13:30:00-05:00,86.6146011352539,86.83999633789062,86.5999984741211,86.83000183105469,43854,0.0,0.0,0.0
2024-02-22 14:30:00-05:00,86.83000183105469,86.83940124511719,86.58000183105469,86.73500061035156,185015,0.0,0.0,0.0
2024-02-22 15:30:00-05:00,86.69499969482422,86.7699966430664,86.6449966430664,86.66000366210938,35592,0.0,0.0,0.0
2024-02-23 09:30:00-05:00,86.83000183105469,87.08999633789062,86.6978988647461,87.02999877929688,91046,0.0,0.0,0.0
2024-02-23 10:30:00-05:00,87.05000305175781,87.1500015258789,86.95999908447266,87.01000213623047,66441,0.0,0.0,0.0
2024-02-23 11:30:00-05:00,87.01000213623047,87.08999633789062,86.97000122070312,87.00499725341797,34397,0.0,0.0,0.0
2024-02-23 12:30:00-05:00,86.98500061035156,87.05999755859375,86.96009826660156,87.05480194091797,54367,0.0,0.0,0.0
2024-02-23 13:30:00-05:00,87.05000305175781,87.08429718017578,86.91999816894531,86.93319702148438,71571,0.0,0.0,0.0
2024-02-23 14:30:00-05:00,86.91999816894531,87.06890106201172,86.91999816894531,87.05419921875,103675,0.0,0.0,0.0
2024-02-23 15:30:00-05:00,87.0199966430664,87.08999633789062,86.94000244140625,86.94000244140625,24776,0.0,0.0,0.0
2024-02-26 09:30:00-05:00,87.0199966430664,87.13999938964844,86.77999877929688,86.85030364990234,118545,0.0,0.0,0.0
2024-02-26 10:30:00-05:00,86.8499984741211,86.87999725341797,86.70010375976562,86.76000213623047,114440,0.0,0.0,0.0
2024-02-26 11:30:00-05:00,86.73999786376953,86.76000213623047,86.68000030517578,86.74500274658203,122946,0.0,0.0,0.0
2024-02-26 12:30:00-05:00,86.7313003540039,86.73989868164062,86.51000213623047,86.5250015258789,70836,0.0,0.0,0.0
2024-02-26 13:30:00-05:00,86.51000213623047,86.5824966430664,86.44000244140625,86.55999755859375,62153,0.0,0.0,0.0
2024-02-26 14:30:00-05:00,86.55000305175781,86.66999816894531,86.5071029663086,86.625,74500,0.0,0.0,0.0
2024-02-26 15:30:00-05:00,86.62999725341797,86.66000366210938,86.45999908447266,86.45999908447266,32472,0.0,0.0,0.0
2024-02-27 09:30:00-05:00,86.68000030517578,86.79000091552734,86.46499633789062,86.56999969482422,89182,0.0,0.0,0.0
2024-02-27 10:30:00-05:00,86.58000183105469,86.58000183105469,86.48999786376953,86.55860137939453,121066,0.0,0.0,0.0
2024-02-27 11:30:00-05:00,86.56999969482422,86.57499694824219,86.51000213623047,86.54000091552734,40508,0.0,0.0,0.0
2024-02-27 12:30:00-05:00,86.52989959716797,86.63999938964844,86.52989959716797,86.6050033569336,158530,0.0,0.0,0.0
2024-02-27 13:30:00-05:00,86.58000183105469,86.62000274658203,86.54000091552734,86.55500030517578,52303,0.0,0.0,0.0
2024-02-27 14:30:00-05:00,86.55999755859375,86.6500015258789,86.4800033569336,86.62699890136719,69002,0.0,0.0,0.0
2024-02-27 15:30:00-05:00,86.61499786376953,86.73500061035156,86.5999984741211,86.69999694824219,49498,0.0,0.0,0.0
2024-02-28 09:30:00-05:00,86.55000305175781,86.82499694824219,86.5,86.80000305175781,189183,0.0,0.0,0.0
2024-02-28 10:30:00-05:00,86.79000091552734,86.9749984741211,86.79000091552734,86.80999755859375,51630,0.0,0.0,0.0
2024-02-28 11:30:00-05:00,86.80999755859375,86.83000183105469,86.70999908447266,86.76499938964844,83439,0.0,0.0,0.0
2024-02-28 12:30:00-05:00,86.75499725341797,86.87000274658203,86.72000122070312,86.86289978027344,27271,0.0,0.0,0.0
2024-02-28 13:30:00-05:00,86.88999938964844,86.89019775390625,86.69000244140625,86.73809814453125,49031,0.0,0.0,0.0
2024-02-28 14:30:00-05:00,86.70999908447266,86.77999877929688,86.63999938964844,86.75,127637,0.0,0.0,0.0
2024-02-28 15:30:00-05:00,86.73079681396484,86.76000213623047,86.66000366210938,86.75,39023,0.0,0.0,0.0
2024-02-29 09:30:00-05:00,87.04000091552734,87.19000244140625,86.76000213623047,86.91629791259766,314315,0.0,0.0,0.0
2024-02-29 10:30:00-05:00,86.91000366210938,86.92739868164062,86.79000091552734,86.875,88754,0.0,0.0,0.0
2024-02-29 11:30:00-05:00,86.84750366210938,86.86000061035156,86.6500015258789,86.7301025390625,44138,0.0,0.0,0.0
2024-02-29 12:30:00-05:00,86.73500061035156,86.88999938964844,86.72969818115234,86.86280059814453,44582,0.0,0.0,0.0
2024-02-29 13:30:00-05:00,86.86499786376953,86.96499633789062,86.86499786376953,86.88500213623047,63656,0.0,0.0,0.0
2024-02-29 14:30:00-05:00,86.8949966430664,86.91000366210938,86.77999877929688,86.87999725341797,44204,0.0,0.0,0.0
2024-02-29 15:30:00-05:00,86.90499877929688,87.04129791259766,86.8499984741211,86.8499984741211,61528,0.0,0.0,0.0
2024-03-01 09:30:00-05:00,87.0,87.02200317382812,86.5801010131836,87.0199966430664,115229,0.0,0.0,0.0
2024-03-01 10:30:00-05:00,87.04000091552734,87.14630126953125,86.95500183105469,86.97100067138672,135601,0.0,0.0,0.0
2024-03-01 11:30:00-05:00,86.94999694824219,87.1500015258789,86.87999725341797,87.12999725341797,57097,0.0,0.0,0.0
2024-03-01 12:30:00-05:00,87.11499786376953,87.15499877929688,87.03810119628906,87.08999633789062,83285,0.0,0.0,0.0
2024-03-01 13:30:00-05:00,87.08000183105469,87.22000122070312,87.04499816894531,87.22000122070312,86453,0.0,0.0,0.0
2024-03-01 14:30:00-05:00,87.20999908447266,87.21499633789062,87.11000061035156,87.19000244140625,40711,0.0,0.0,0.0
2024-03-01 15:30:00-05:00,87.19999694824219,87.23500061035156,87.15299987792969,87.20999908447266,48143,0.0,0.0,0.0
2024-03-04 09:30:00-05:00,87.13999938964844,87.3499984741211,87.11499786376953,87.3499984741211,96947,0.0,0.0,0.0
2024-03-04 10:30:00-05:00,87.36000061035156,87.36000061035156,87.25499725341797,87.31990051269531,232138,0.0,0.0,0.0
2024-03-04 11:30:00-05:00,87.31430053710938,87.4749984741211,87.31430053710938,87.44999694824219,94050,0.0,0.0,0.0
2024-03-04 12:30:00-05:00,87.45500183105469,87.49500274658203,87.4000015258789,87.4000015258789,1077611,0.0,0.0,0.0
2024-03-04 13:30:00-05:00,87.39510345458984,87.42500305175781,87.30999755859375,87.37999725341797,47914,0.0,0.0,0.0
2024-03-04 14:30:00-05:00,87.40390014648438,87.58999633789062,87.38829803466797,87.5,67676,0.0,0.0,0.0
2024-03-04 15:30:00-05:00,87.48500061035156,87.506103515625,87.37999725341797,87.4000015258789,117373,0.0,0.0,0.0
2024-03-05 09:30:00-05:00,87.43000030517578,87.7699966430664,87.38999938964844,87.6500015258789,72343,0.0,0.0,0.0
2024-03-05 10:30:00-05:00,87.66000366210938,87.76000213623047,87.47000122070312,87.4800033569336,56123,0.0,0.0,0.0
2024-03-05 11:30:00-05:00,87.59339904785156,87.59339904785156,87.37999725341797,87.5250015258789,77242,0.0,0.0,0.0
2024-03-05 12:30:00-05:00,87.47000122070312,87.55500030517578,87.41500091552734,87.5448989868164,33940,0.0,0.0,0.0
2024-03-05 13:30:00-05:00,87.56009674072266,87.57489776611328,87.35579681396484,87.40989685058594,52390,0.0,0.0,0.0
2024-03-05 14:30:00-05:00,87.41000366210938,87.41000366210938,86.95899963378906,86.95899963378906,100112,0.0,0.0,0.0
2024-03-05 15:30:00-05:00,86.94999694824219,87.26000213623047,86.94999694824219,87.23999786376953,103762,0.0,0.0,0.0
2024-03-06 09:30:00-05:00,87.63500213623047,87.80000305175781,87.5199966430664,87.6968994140625,92727,0.0,0.0,0.0
2024-03-06 10:30:00-05:00,87.67510223388672,88.01499938964844,87.66000366210938,88.01499938964844,44954,0.0,0.0,0.0
2024-03-06 11:30:00-05:00,87.99500274658203,88.04000091552734,87.83499908447266,87.96980285644531,209040,0.0,0.0,0.0
2024-03-06 12:30:00-05:00,87.9749984741211,87.98500061035156,87.8550033569336,87.95860290527344,53020,0.0,0.0,0.0
2024-03-06 13:30:00-05:00,87.94999694824219,87.94999694824219,87.45999908447266,87.67639923095703,43022,0.0,0.0,0.0
2024-03-06 14:30:00-05:00,87.69999694824219,87.70500183105469,87.54000091552734,87.63500213623047,88201,0.0,0.0,0.0
2024-03-06 15:30:00-05:00,87.6500015258789,87.79000091552734,87.56430053710938,87.70999908447266,114443,0.0,0.0,0.0
2024-03-07 09:30:00-05:00,88.1500015258789,88.3499984741211,88.1500015258789,88.27999877929688,85253,0.0,0.0,0.0
2024-03-07 10:30:00-05:00,88.2699966430664,88.33000183105469,88.08999633789062,88.13179779052734,70373,0.0,0.0,0.0
2024-03-07 11:30:00-05:00,88.08100128173828,88.13999938964844,88.0250015258789,88.0250015258789,42297,0.0,0.0,0.0
2024-03-07 12:30:00-05:00,88.02999877929688,88.13999938964844,87.98999786376953,88.13610076904297,199138,0.0,0.0,0.0
2024-03-07 13:30:00-05:00,88.13999938964844,88.24009704589844,88.08000183105469,88.08999633789062,64733,0.0,0.0,0.0
2024-03-07 14:30:00-05:00,88.08499908447266,88.11000061035156,87.99849700927734,88.05500030517578,78375,0.0,0.0,0.0
2024-03-07 15:30:00-05:00,88.05000305175781,88.2300033569336,88.05000305175781,88.11000061035156,47507,0.0,0.0,0.0
2024-03-08 09:30:00-05:00,88.2699966430664,88.52999877929688,88.16000366210938,88.2300033569336,70604,0.0,0.0,0.0
2024-03-08 10:30:00-05:00,88.18000030517578,88.36000061035156,88.16000366210938,88.31999969482422,131384,0.0,0.0,0.0
2024-03-08 11:30:00-05:00,88.33000183105469,88.38999938964844,88.23999786376953,88.33499908447266,71420,0.0,0.0,0.0
2024-03-08 12:30:00-05:00,88.35900115966797,88.38990020751953,88.1500015258789,88.2699966430664,47621,0.0,0.0,0.0
2024-03-08 13:30:00-05:00,88.25499725341797,88.32499694824219,88.05500030517578,88.32160186767578,70824,0.0,0.0,0.0
2024-03-08 14:30:00-05:00,88.33999633789062,88.41000366210938,88.08999633789062,88.11000061035156,58631,0.0,0.0,0.0
2024-03-08 15:30:00-05:00,88.11000061035156,88.20989990234375,88.08999633789062,88.12999725341797,43049,0.0,0.0,0.0
2024-03-11 09:30:00-04:00,87.93000030517578,88.37000274658203,87.83000183105469,87.8499984741211,87890,0.0,0.0,0.0
2024-03-11 10:30:00-04:00,87.86000061035156,88.05500030517578,87.80010223388672,87.9800033569336,80498,0.0,0.0,0.0
2024-03-11 11:30:00-04:00,87.95999908447266,88.18000030517578,87.94999694824219,88.1500015258789,70591,0.0,0.0,0.0
2024-03-11 12:30:00-04:00,88.17500305175781,88.33999633789062,88.16000366210938,88.3301010131836,78827,0.0,0.0,0.0
2024-03-11 13:30:00-04:00,88.32499694824219,88.36000061035156,88.25,88.30000305175781,162494,0.0,0.0,0.0
2024-03-11 14:30:00-04:00,88.31500244140625,88.44000244140625,88.29000091552734,88.38999938964844,162842,0.0,0.0,0.0
2024-03-11 15:30:00-04:00,88.37999725341797,88.4800033569336,88.3499984741211,88.45500183105469,104560,0.0,0.0,0.0
2024-03-12 09:30:00-04:00,88.56999969482422,88.6500015258789,88.19000244140625,88.6500015258789,73402,0.0,0.0,0.0
2024-03-12 10:30:00-04:00,88.63999938964844,88.80000305175781,88.5989990234375,88.63999938964844,64310,0.0,0.0,0.0
2024-03-12 11:30:00-04:00,88.56999969482422,88.67009735107422,88.42040252685547,88.42040252685547,78852,0.0,0.0,0.0
2024-03-12 12:30:00-04:00,88.42500305175781,88.42500305175781,88.22149658203125,88.36000061035156,34878,0.0,0.0,0.0
2024-03-12 13:30:00-04:00,88.3550033569336,88.58000183105469,88.35099792480469,88.58000183105469,70461,0.0,0.0,0.0
2024-03-12 14:30:00-04:00,88.59500122070312,88.72450256347656,88.5,88.72450256347656,66766,0.0,0.0,0.0
2024-03-12 15:30:00-04:00,88.72000122070312,88.72000122070312,88.56999969482422,88.5999984741211,50028,0.0,0.0,0.0
2024-03-13 09:30:00-04:00,88.66000366210938,89.03829956054688,88.66000366210938,89.02999877929688,69670,0.0,0.0,0.0
2024-03-13 10:30:00-04:00,89.02999877929688,89.02999877929688,88.81500244140625,88.90499877929688,77030,0.0,0.0,0.0
2024-03-13 11:30:00-04:00,88.9000015258789,88.9800033569336,88.9000015258789,88.91999816894531,61427,0.0,0.0,0.0
2024-03-13 12:30:00-04:00,88.91560363769531,88.98290252685547,88.87000274658203,88.94000244140625,37473,0.0,0.0,0.0
2024-03-13 13:30:00-04:00,88.94000244140625,88.94000244140625,88.83999633789062,88.83999633789062,42282,0.0,0.0,0.0
2024-03-13 14:30:00-04:00,88.8499984741211,88.86000061035156,88.47000122070312,88.55000305175781,41239,0.0,0.0,0.0
2024-03-13 15:30:00-04:00,88.55000305175781,88.75969696044922,88.55000305175781,88.75,49767,0.0,0.0,0.0
2024-03-14 09:30:00-04:00,88.80000305175781,88.80000305175781,88.01290130615234,88.01290130615234,91367,0.0,0.0,0.0
2024-03-14 10:30:00-04:00,88.04000091552734,88.12000274658203,87.91439819335938,87.94000244140625,71665,0.0,0.0,0.0
2024-03-14 11:30:00-04:00,87.97000122070312,88.17120361328125,87.93119812011719,88.16000366210938,34076,0.0,0.0,0.0
2024-03-14 12:30:00-04:00,88.15029907226562,88.17990112304688,87.81999969482422,87.81999969482422,243423,0.0,0.0,0.0
2024-03-14 13:30:00-04:00,87.79000091552734,88.01000213623047,87.7300033569336,87.97000122070312,92980,0.0,0.0,0.0
2024-03-14 14:30:00-04:00,87.91999816894531,87.9800033569336,87.67500305175781,87.72039794921875,78073,0.0,0.0,0.0
2024-03-14 15:30:00-04:00,87.72000122070312,88.11000061035156,87.60040283203125,88.11000061035156,63469,0.0,0.0,0.0
2024-03-15 09:30:00-04:00,87.68000030517578,88.19999694824219,87.68000030517578,88.06999969482422,96232,0.0,0.0,0.0
2024-03-15 10:30:00-04:00,88.04010009765625,88.23999786376953,88.04010009765625,88.16000366210938,46384,0.0,0.0,0.0
2024-03-15 11:30:00-04:00,88.13500213623047,88.14019775390625,87.97489929199219,87.98629760742188,27055,0.0,0.0,0.0
2024-03-15 12:30:00-04:00,87.98410034179688,88.03980255126953,87.84369659423828,87.9800033569336,40866,0.0,0.0,0.0
2024-03-15 13:30:00-04:00,87.98999786376953,88.0250015258789,87.91999816894531,87.93720245361328,32435,0.0,0.0,0.0
2024-03-15 14:30:00-04:00,87.9572982788086,88.11499786376953,87.92970275878906,88.07499694824219,44814,0.0,0.0,0.0
2024-03-15 15:30:00-04:00,88.07369995117188,88.07369995117188,87.94000244140625,87.99720001220703,26031,0.0,0.0,0.0
2024-03-18 09:30:00-04:00,88.1500015258789,88.37850189208984,87.94999694824219,88.22000122070312,0,0.0,0.0,0.0
2024-03-18 10:30:00-04:00,88.20999908447266,88.3396987915039,88.16570281982422,88.33000183105469,120017,0.0,0.0,0.0
2024-03-18 11:30:00-04:00,88.36000061035156,88.39900207519531,88.3197021484375,88.38500213623047,55636,0.0,0.0,0.0
2024-03-18 12:30:00-04:00,88.41500091552734,88.46759796142578,88.3550033569336,88.41719818115234,43066,0.0,0.0,0.0
2024-03-18 13:30:00-04:00,88.40470123291016,88.41000366210938,88.30000305175781,88.33999633789062,48568,0.0,0.0,0.0
2024-03-18 14:30:00-04:00,88.34310150146484,88.375,88.26000213623047,88.27999877929688,98784,0.0,0.0,0.0
2024-03-18 15:30:00-04:00,88.2615966796875,88.30999755859375,88.12000274658203,88.19999694824219,27084,0.0,0.0,0.0
2024-03-19 09:30:00-04:00,88.19000244140625,88.48999786376953,88.15499877929688,88.27999877929688,91776,0.0,0.0,0.0
2024-03-19 10:30:00-04:00,88.30000305175781,88.42259979248047,88.26499938964844,88.41999816894531,64169,0.0,0.0,0.0
2024-03-19 11:30:00-04:00,88.40010070800781,88.55999755859375,88.40010070800781,88.5199966430664,26262,0.0,0.0,0.0
2024-03-19 12:30:00-04:00,88.55000305175781,88.62000274658203,88.51000213623047,88.57050323486328,78693,0.0,0.0,0.0
2024-03-19 13:30:00-04:00,88.56999969482422,88.5989990234375,88.46499633789062,88.54000091552734,66519,0.0,0.0,0.0
2024-03-19 14:30:00-04:00,88.54000091552734,88.58999633789062,88.48999786376953,88.52999877929688,76755,0.0,0.0,0.0
2024-03-19 15:30:00-04:00,88.52200317382812,88.68000030517578,88.51110076904297,88.63999938964844,37875,0.0,0.0,0.0
2024-03-20 09:30:00-04:00,88.61000061035156,88.7699966430664,88.45999908447266,88.7699966430664,91229,0.0,0.0,0.0
2024-03-20 10:30:00-04:00,88.76319885253906,88.8290023803711,88.70999908447266,88.76499938964844,97002,0.0,0.0,0.0
2024-03-20 11:30:00-04:00,88.76499938964844,88.77899932861328,88.66500091552734,88.67500305175781,34029,0.0,0.0,0.0
2024-03-20 12:30:00-04:00,88.6500015258789,88.7300033569336,88.59500122070312,88.625,116423,0.0,0.0,0.0
2024-03-20 13:30:00-04:00,88.62000274658203,88.94999694824219,88.55010223388672,88.7750015258789,78035,0.0,0.0,0.0
2024-03-20 14:30:00-04:00,88.83999633789062,89.3499984741211,88.58999633789062,89.33390045166016,94412,0.0,0.0,0.0
2024-03-20 15:30:00-04:00,89.33000183105469,89.3499984741211,89.0999984741211,89.27999877929688,50399,0.0,0.0,0.0
2024-03-21 09:30:00-04:00,89.0999984741211,89.52999877929688,89.0999984741211,89.52999877929688,54830,0.0,0.0,0.0
2024-03-21 10:30:00-04:00,89.52690124511719,89.62999725341797,89.44499969482422,89.44999694824219,88332,0.0,0.0,0.0
2024-03-21 11:30:00-04:00,89.44999694824219,89.5250015258789,89.43190002441406,89.48100280761719,24476,0.0,0.0,0.0
2024-03-21 12:30:00-04:00,89.47000122070312,89.47000122070312,89.38020324707031,89.44000244140625,35855,0.0,0.0,0.0
2024-03-21 13:30:00-04:00,89.41999816894531,89.48999786376953,89.41000366210938,89.47049713134766,92003,0.0,0.0,0.0
2024-03-21 14:30:00-04:00,89.48500061035156,89.52999877929688,89.41999816894531,89.5199966430664,58613,0.0,0.0,0.0
2024-03-21 15:30:00-04:00,89.5250015258789,89.55989837646484,89.41000366210938,89.43000030517578,46019,0.0,0.0,0.0
2024-03-22 09:30:00-04:00,89.36000061035156,89.58000183105469,89.19000244140625,89.21499633789062,86409,0.0,0.0,0.0
2024-03-22 10:30:00-04:00,89.19000244140625,89.19149780273438,89.04000091552734,89.06999969482422,83697,0.0,0.0,0.0
2024-03-22 11:30:00-04:00,89.08999633789062,89.0999984741211,88.92230224609375,88.9457015991211,39262,0.0,0.0,0.0
2024-03-22 12:30:00-04:00,88.9551010131836,88.9800033569336,88.89569854736328,88.97039794921875,25106,0.0,0.0,0.0
2024-03-22 13:30:00-04:00,88.97000122070312,89.05500030517578,88.95500183105469,89.05000305175781,91110,0.0,0.0,0.0
2024-03-22 14:30:00-04:00,89.04609680175781,89.04740142822266,88.86380004882812,88.95259857177734,66016,0.0,0.0,0.0
2024-03-22 15:30:00-04:00,88.95999908447266,89.01000213623047,88.83999633789062,88.83999633789062,41530,0.0,0.0,0.0
2024-03-25 09:30:00-04:00,88.88999938964844,89.08999633789062,88.77999877929688,88.81999969482422,82460,0.0,0.0,0.0
2024-03-25 10:30:00-04:00,88.80500030517578,88.875,88.75,88.87000274658203,139910,0.0,0.0,0.0
2024-03-25 11:30:00-04:00,88.85220336914062,88.87799835205078,88.81600189208984,88.8499984741211,34554,0.0,0.0,0.0
2024-03-25 12:30:00-04:00,88.84010314941406,88.8550033569336,88.71499633789062,88.76499938964844,38080,0.0,0.0,0.0
2024-03-25 13:30:00-04:00,88.75,88.81500244140625,88.73999786376953,88.80500030517578,44322,0.0,0.0,0.0
2024-03-25 14:30:00-04:00,88.80000305175781,88.81999969482422,88.69010162353516,88.71029663085938,77620,0.0,0.0,0.0
2024-03-25 15:30:00-04:00,88.72989654541016,88.76000213623047,88.67990112304688,88.73999786376953,34562,0.0,0.0,0.0
2024-03-26 09:30:00-04:00,88.77999877929688,88.91000366210938,88.77999877929688,88.91000366210938,0,0.0,0.0,0.0
2024-03-26 10:30:00-04:00,88.91000366210938,88.94999694824219,88.83999633789062,88.8499984741211,115729,0.0,0.0,0.0
2024-03-26 11:30:00-04:00,88.8499984741211,88.88849639892578,88.79000091552734,88.88359832763672,49202,0.0,0.0,0.0
2024-03-26 12:30:00-04:00,88.875,88.88999938964844,88.82869720458984,88.8499984741211,29050,0.0,0.0,0.0
2024-03-26 13:30:00-04:00,88.84100341796875,88.86499786376953,88.80000305175781,88.8499984741211,44220,0.0,0.0,0.0
2024-03-26 14:30:00-04:00,88.84429931640625,88.88999938964844,88.80500030517578,88.80999755859375,84078,0.0,0.0,0.0
2024-03-26 15:30:00-04:00,88.83999633789062,88.83999633789062,88.66000366210938,88.69000244140625,35844,0.0,0.0,0.0
2024-03-27 09:30:00-04:00,89.19000244140625,89.54000091552734,89.19000244140625,89.47000122070312,121372,0.0,0.0,0.0
2024-03-27 10:30:00-04:00,89.4749984741211,89.50640106201172,89.38999938964844,89.5,29397,0.0,0.0,0.0
2024-03-27 11:30:00-04:00,89.5,89.51499938964844,89.40299987792969,89.44999694824219,56824,0.0,0.0,0.0
2024-03-27 12:30:00-04:00,89.47000122070312,89.55439758300781,89.45559692382812,89.54519653320312,43864,0.0,0.0,0.0
2024-03-27 13:30:00-04:00,89.54000091552734,89.61499786376953,89.46260070800781,89.6104965209961,57814,0.0,0.0,0.0
2024-03-27 14:30:00-04:00,89.62999725341797,89.73999786376953,89.56999969482422,89.72000122070312,60329,0.0,0.0,0.0
2024-03-27 15:30:00-04:00,89.7300033569336,90.06999969482422,89.72000122070312,90.05999755859375,72132,0.0,0.0,0.0
2024-03-28 09:30:00-04:00,90.2300033569336,90.4000015258789,90.1500015258789,90.27999877929688,64719,0.0,0.0,0.0
2024-03-28 10:30:00-04:00,90.30000305175781,90.37999725341797,90.26499938964844,90.37000274658203,64977,0.0,0.0,0.0
2024-03-28 11:30:00-04:00,90.38999938964844,90.44000244140625,90.36299896240234,90.44000244140625,73131,0.0,0.0,0.0
2024-03-28 12:30:00-04:00,90.4020004272461,90.4020004272461,90.35030364990234,90.38939666748047,52951,0.0,0.0,0.0
2024-03-28 13:30:00-04:00,90.37370300292969,90.47989654541016,90.3499984741211,90.46499633789062,31901,0.0,0.0,0.0
2024-03-28 14:30:00-04:00,90.44999694824219,90.61000061035156,90.37010192871094,90.58999633789062,63686,0.0,0.0,0.0
2024-03-28 15:30:00-04:00,90.625,90.63999938964844,90.41999816894531,90.41999816894531,206395,0.0,0.0,0.0
2024-04-01 09:30:00-04:00,90.54000091552734,90.54000091552734,89.9718017578125,89.9800033569336,0,0.0,0.0,0.0
2024-04-01 10:30:00-04:00,89.96060180664062,90.00990295410156,89.90499877929688,89.97090148925781,179916,0.0,0.0,0.0
2024-04-01 11:30:00-04:00,89.97010040283203,89.97010040283203,89.84259796142578,89.94999694824219,51789,0.0,0.0,0.0
2024-04-01 12:30:00-04:00,89.93070220947266,89.95999908447266,89.82969665527344,89.88009643554688,58346,0.0,0.0,0.0
2024-04-01 13:30:00-04:00,89.85189819335938,89.93000030517578,89.85189819335938,89.92790222167969,52480,0.0,0.0,0.0
2024-04-01 14:30:00-04:00,89.9197998046875,89.97000122070312,89.8949966430664,89.91999816894531,277093,0.0,0.0,0.0
2024-04-01 15:30:00-04:00,89.91999816894531,90.01000213623047,89.9000015258789,89.93000030517578,53895,0.0,0.0,0.0
2024-04-02 09:30:00-04:00,89.52999877929688,89.52999877929688,89.25499725341797,89.30999755859375,0,0.0,0.0,0.0
2024-04-02 10:30:00-04:00,89.32499694824219,89.38500213623047,89.23999786376953,89.23999786376953,181315,0.0,0.0,0.0
2024-04-02 11:30:00-04:00,89.24500274658203,89.25509643554688,89.09130096435547,89.16999816894531,57985,0.0,0.0,0.0
2024-04-02 12:30:00-04:00,89.16000366210938,89.19999694824219,89.05999755859375,89.08999633789062,34609,0.0,0.0,0.0
2024-04-02 13:30:00-04:00,89.0730972290039,89.18000030517578,89.04000091552734,89.18000030517578,47920,0.0,0.0,0.0
2024-04-02 14:30:00-04:00,89.16239929199219,89.26000213623047,89.1500015258789,89.2490005493164,67737,0.0,0.0,0.0
2024-04-02 15:30:00-04:00,89.21990203857422,89.30999755859375,89.21499633789062,89.30000305175781,55881,0.0,0.0,0.0
2024-04-03 09:30:00-04:00,89.26000213623047,89.44000244140625,89.17990112304688,89.29029846191406,43574,0.0,0.0,0.0
2024-04-03 10:30:00-04:00,89.32009887695312,89.37999725341797,89.25,89.2938003540039,94051,0.0,0.0,0.0
2024-04-03 11:30:00-04:00,89.30500030517578,89.31999969482422,89.20999908447266,89.31179809570312,48158,0.0,0.0,0.0
2024-04-03 12:30:00-04:00,89.33910369873047,89.34609985351562,89.18000030517578,89.31500244140625,50645,0.0,0.0,0.0
2024-04-03 13:30:00-04:00,89.31580352783203,89.31999969482422,89.19999694824219,89.20829772949219,64167,0.0,0.0,0.0
2024-04-03 14:30:00-04:00,89.1957015991211,89.22000122070312,88.93000030517578,89.0,96322,0.0,0.0,0.0
2024-04-03 15:30:00-04:00,89.0199966430664,89.24569702148438,89.0199966430664,89.16999816894531,44030,0.0,0.0,0.0
2024-04-04 09:30:00-04:00,89.69000244140625,89.82450103759766,89.55500030517578,89.70439910888672,64661,0.0,0.0,0.0
2024-04-04 10:30:00-04:00,89.69999694824219,89.71610260009766,89.58999633789062,89.63970184326172,78559,0.0,0.0,0.0
2024-04-04 11:30:00-04:00,89.63500213623047,89.72000122070312,89.62000274658203,89.63259887695312,44467,0.0,0.0,0.0
2024-04-04 12:30:00-04:00,89.61530303955078,89.61990356445312,89.57009887695312,89.57369995117188,246892,0.0,0.0,0.0
2024-04-04 13:30:00-04:00,89.55000305175781,89.55000305175781,88.80999755859375,88.81199645996094,49802,0.0,0.0,0.0
2024-04-04 14:30:00-04:00,88.75,88.80000305175781,88.31999969482422,88.31999969482422,88849,0.0,0.0,0.0
2024-04-04 15:30:00-04:00,88.3740005493164,88.44999694824219,88.16999816894531,88.33000183105469,52062,0.0,0.0,0.0
2024-04-05 09:30:00-04:00,88.41000366210938,88.5,88.22000122070312,88.27999877929688,47906,0.0,0.0,0.0
2024-04-05 10:30:00-04:00,88.2750015258789,88.66500091552734,88.26000213623047,88.66500091552734,90158,0.0,0.0,0.0
2024-04-05 11:30:00-04:00,88.69499969482422,89.0,88.6500015258789,88.97949981689453,213957,0.0,0.0,0.0
2024-04-05 12:30:00-04:00,88.95500183105469,89.04000091552734,88.7750015258789,88.81999969482422,55095,0.0,0.0,0.0
2024-04-05 13:30:00-04:00,88.8499984741211,88.93000030517578,88.62000274658203,88.80999755859375,138540,0.0,0.0,0.0
2024-04-05 14:30:00-04:00,88.75,88.8499984741211,88.63999938964844,88.80059814453125,122385,0.0,0.0,0.0
2024-04-05 15:30:00-04:00,88.7750015258789,88.91999816894531,88.7750015258789,88.83000183105469,34274,0.0,0.0,0.0
2024-04-08 09:30:00-04:00,88.83000183105469,89.0873031616211,88.83000183105469,88.98639678955078,56536,0.0,0.0,0.0
2024-04-08 10:30:00-04:00,88.97000122070312,89.12999725341797,88.97000122070312,89.03500366210938,59892,0.0,0.0,0.0
2024-04-08 11:30:00-04:00,89.02999877929688,89.02999877929688,88.90070343017578,89.0156021118164,144476,0.0,0.0,0.0
2024-04-08 12:30:00-04:00,89.0199966430664,89.0999984741211,89.00499725341797,89.0896987915039,28172,0.0,0.0,0.0
2024-04-08 13:30:00-04:00,89.09010314941406,89.15499877929688,89.05000305175781,89.09500122070312,44607,0.0,0.0,0.0
2024-04-08 14:30:00-04:00,89.07499694824219,89.08000183105469,88.98999786376953,89.03520202636719,82775,0.0,0.0,0.0
2024-04-08 15:30:00-04:00,89.05000305175781,89.0999984741211,88.87999725341797,88.94000244140625,28948,0.0,0.0,0.0
2024-04-09 09:30:00-04:00,89.04000091552734,89.29000091552734,88.90010070800781,88.95999908447266,51830,0.0,0.0,0.0
2024-04-09 10:30:00-04:00,88.90499877929688,88.91000366210938,88.50540161132812,88.77999877929688,92352,0.0,0.0,0.0
2024-04-09 11:30:00-04:00,88.75,88.94000244140625,88.73999786376953,88.90039825439453,39987,0.0,0.0,0.0
2024-04-09 12:30:00-04:00,88.91500091552734,88.9749984741211,88.79499816894531,88.875,46644,0.0,0.0,0.0
2024-04-09 13:30:00-04:00,88.91000366210938,88.9448013305664,88.79000091552734,88.8584976196289,54148,0.0,0.0,0.0
2024-04-09 14:30:00-04:00,88.84600067138672,89.16000366210938,88.76000213623047,89.16000366210938,92340,0.0,0.0,0.0
2024-04-09 15:30:00-04:00,89.12999725341797,89.22000122070312,88.9800033569336,89.19999694824219,36046,0.0,0.0,0.0
2024-04-10 09:30:00-04:00,88.18000030517578,88.26119995117188,87.80999755859375,88.19499969482422,105843,0.0,0.0,0.0
2024-04-10 10:30:00-04:00,88.18000030517578,88.38999938964844,87.93000030517578,87.98999786376953,70329,0.0,0.0,0.0
2024-04-10 11:30:00-04:00,88.01499938964844,88.01499938964844,87.7750015258789,87.80899810791016,43265,0.0,0.0,0.0
2024-04-10 12:30:00-04:00,87.79499816894531,87.9800033569336,87.5282974243164,87.80999755859375,93321,0.0,0.0,0.0
2024-04-10 13:30:00-04:00,87.82170104980469,87.93329620361328,87.61039733886719,87.7249984741211,59025,0.0,0.0,0.0
2024-04-10 14:30:00-04:00,87.70999908447266,89.19999694824219,87.6270980834961,87.95999908447266,136028,0.0,0.0,0.0
2024-04-10 15:30:00-04:00,87.95500183105469,88.05000305175781,87.83999633789062,87.91999816894531,1979752,0.0,0.0,0.0
2024-04-11 09:30:00-04:00,88.19999694824219,88.19999694824219,87.23999786376953,87.23999786376953,56230,0.0,0.0,0.0
2024-04-11 10:30:00-04:00,87.25,87.375,87.23999786376953,87.33000183105469,121779,0.0,0.0,0.0
2024-04-11 11:30:00-04:00,87.30999755859375,87.5999984741211,87.28500366210938,87.5,61623,0.0,0.0,0.0
2024-04-11 12:30:00-04:00,87.5197982788086,87.93000030517578,87.4999008178711,87.88099670410156,68963,0.0,0.0,0.0
2024-04-11 13:30:00-04:00,87.87000274658203,88.1156997680664,87.79550170898438,88.0,75592,0.0,0.0,0.0
2024-04-11 14:30:00-04:00,87.99500274658203,88.07499694824219,87.88999938964844,87.94999694824219,303205,0.0,0.0,0.0
2024-04-11 15:30:00-04:00,87.90499877929688,87.93150329589844,87.69999694824219,87.69999694824219,40702,0.0,0.0,0.0
2024-04-12 09:30:00-04:00,87.26000213623047,87.3949966430664,86.98999786376953,87.04000091552734,66013,0.0,0.0,0.0
2024-04-12 10:30:00-04:00,87.02999877929688,87.06999969482422,86.83999633789062,86.9000015258789,120911,0.0,0.0,0.0
2024-04-12 11:30:00-04:00,86.88500213623047,86.93229675292969,86.68560028076172,86.68560028076172,40238,0.0,0.0,0.0
2024-04-12 12:30:00-04:00,86.69999694824219,86.69999694824219,86.30000305175781,86.30870056152344,52768,0.0,0.0,0.0
2024-04-12 13:30:00-04:00,86.30000305175781,86.5989990234375,86.25,86.45500183105469,66095,0.0,0.0,0.0
2024-04-12 14:30:00-04:00,86.42880249023438,86.42880249023438,86.17420196533203,86.22570037841797,85726,0.0,0.0,0.0
2024-04-12 15:30:00-04:00,86.2249984741211,86.41580200195312,86.17500305175781,86.38999938964844,69929,0.0,0.0,0.0
2024-04-15 09:30:00-04:00,87.16999816894531,87.41999816894531,86.70999908447266,86.7300033569336,72986,0.0,0.0,0.0
2024-04-15 10:30:00-04:00,86.72000122070312,86.78500366210938,86.54499816894531,86.58999633789062,150798,0.0,0.0,0.0
2024-04-15 11:30:00-04:00,86.64009857177734,86.85669708251953,86.56999969482422,86.60369873046875,120063,0.0,0.0,0.0
2024-04-15 12:30:00-04:00,86.5999984741211,86.5999984741211,86.08999633789062,86.08999633789062,153808,0.0,0.0,0.0
2024-04-15 13:30:00-04:00,86.08999633789062,86.4529037475586,85.9000015258789,85.91829681396484,302425,0.0,0.0,0.0
2024-04-15 14:30:00-04:00,85.91500091552734,86.08999633789062,85.68379974365234,85.81999969482422,88986,0.0,0.0,0.0
2024-04-15 15:30:00-04:00,85.81500244140625,85.98999786376953,85.79000091552734,85.91000366210938,46627,0.0,0.0,0.0
2024-04-16 09:30:00-04:00,85.95999908447266,85.98999786376953,85.42530059814453,85.43000030517578,0,0.0,0.0,0.0
2024-04-16 10:30:00-04:00,85.44000244140625,85.57649993896484,85.33999633789062,85.57649993896484,62396,0.0,0.0,0.0
2024-04-16 11:30:00-04:00,85.58000183105469,85.82499694824219,85.51000213623047,85.77850341796875,81472,0.0,0.0,0.0
2024-04-16 12:30:00-04:00,85.74140167236328,85.76000213623047,85.58000183105469,85.63999938964844,69715,0.0,0.0,0.0
2024-04-16 13:30:00-04:00,85.58999633789062,85.93000030517578,85.33979797363281,85.37000274658203,91834,0.0,0.0,0.0
2024-04-16 14:30:00-04:00,85.43489837646484,85.85990142822266,85.43150329589844,85.82099914550781,103656,0.0,0.0,0.0
2024-04-16 15:30:00-04:00,85.73999786376953,85.73999786376953,85.47000122070312,85.51000213623047,64019,0.0,0.0,0.0
2024-04-17 09:30:00-04:00,85.8499984741211,85.91999816894531,85.66000366210938,85.69999694824219,95153,0.0,0.0,0.0
2024-04-17 10:30:00-04:00,85.69989776611328,85.69989776611328,85.40499877929688,85.43299865722656,67131,0.0,0.0,0.0
2024-04-17 11:30:00-04:00,85.33000183105469,85.41999816894531,85.16500091552734,85.27749633789062,58242,0.0,0.0,0.0
2024-04-17 12:30:00-04:00,85.22840118408203,85.5115966796875,85.1688003540039,85.48989868164062,58222,0.0,0.0,0.0
2024-04-17 13:30:00-04:00,85.55999755859375,85.66000366210938,85.44999694824219,85.61000061035156,86468,0.0,0.0,0.0
2024-04-17 14:30:00-04:00,85.55000305175781,85.86499786376953,85.33999633789062,85.44999694824219,81626,0.0,0.0,0.0
2024-04-17 15:30:00-04:00,85.45999908447266,85.55999755859375,85.41000366210938,85.41999816894531,53123,0.0,0.0,0.0
2024-04-18 09:30:00-04:00,85.75,85.8499984741211,85.4800033569336,85.83999633789062,108193,0.0,0.0,0.0
2024-04-18 10:30:00-04:00,85.85690307617188,86.07009887695312,85.8499984741211,85.95140075683594,70051,0.0,0.0,0.0
2024-04-18 11:30:00-04:00,85.93000030517578,85.94999694824219,85.79239654541016,85.83000183105469,26295,0.0,0.0,0.0
2024-04-18 12:30:00-04:00,85.80449676513672,85.81210327148438,85.3667984008789,85.55999755859375,46919,0.0,0.0,0.0
2024-04-18 13:30:00-04:00,85.49909973144531,85.58439636230469,85.37989807128906,85.56439971923828,63788,0.0,0.0,0.0
2024-04-18 14:30:00-04:00,85.44560241699219,85.61720275878906,85.33999633789062,85.58999633789062,58799,0.0,0.0,0.0
2024-04-18 15:30:00-04:00,85.60549926757812,85.73999786376953,85.54830169677734,85.55999755859375,33245,0.0,0.0,0.0
2024-04-19 09:30:00-04:00,85.7300033569336,86.19000244140625,85.7300033569336,86.19000244140625,131432,0.0,0.0,0.0
2024-04-19 10:30:00-04:00,86.23999786376953,86.27999877929688,86.0698013305664,86.12000274658203,307163,0.0,0.0,0.0
2024-04-19 11:30:00-04:00,86.13999938964844,86.20099639892578,85.94000244140625,85.98970031738281,38659,0.0,0.0,0.0
2024-04-19 12:30:00-04:00,85.96379852294922,86.29129791259766,85.94000244140625,86.16999816894531,41342,0.0,0.0,0.0
2024-04-19 13:30:00-04:00,86.18000030517578,86.36000061035156,86.0999984741211,86.16999816894531,71971,0.0,0.0,0.0
2024-04-19 14:30:00-04:00,86.1050033569336,86.19000244140625,86.0,86.18499755859375,94805,0.0,0.0,0.0
2024-04-19 15:30:00-04:00,86.17220306396484,86.2699966430664,86.05000305175781,86.25,76708,0.0,0.0,0.0
2024-04-22 09:30:00-04:00,86.52999877929688,86.5999984741211,86.19000244140625,86.58999633789062,72452,0.0,0.0,0.0
2024-04-22 10:30:00-04:00,86.5999984741211,86.6500015258789,86.26000213623047,86.51000213623047,45791,0.0,0.0,0.0
2024-04-22 11:30:00-04:00,86.55000305175781,86.74500274658203,86.44999694824219,86.66999816894531,78365,0.0,0.0,0.0
2024-04-22 12:30:00-04:00,86.66000366210938,87.05000305175781,86.6500015258789,87.05000305175781,25266,0.0,0.0,0.0
2024-04-22 13:30:00-04:00,87.05000305175781,87.375,87.0,87.36499786376953,54694,0.0,0.0,0.0
2024-04-22 14:30:00-04:00,87.33190155029297,87.35169982910156,87.0,87.04139709472656,83149,0.0,0.0,0.0
2024-04-22 15:30:00-04:00,87.02999877929688,87.04499816894531,86.83499908447266,86.91999816894531,55146,0.0,0.0,0.0
2024-04-23 09:30:00-04:00,87.06999969482422,87.4635009765625,87.06999969482422,87.44999694824219,58406,0.0,0.0,0.0
2024-04-23 10:30:00-04:00,87.47000122070312,87.60009765625,87.43499755859375,87.5374984741211,89083,0.0,0.0,0.0
2024-04-23 11:30:00-04:00,87.51029968261719,87.5999984741211,87.45010375976562,87.5999984741211,61809,0.0,0.0,0.0
2024-04-23 12:30:00-04:00,87.61000061035156,87.68000030517578,87.55580139160156,87.65370178222656,33336,0.0,0.0,0.0
2024-04-23 13:30:00-04:00,87.65270233154297,87.71489715576172,87.5999984741211,87.62010192871094,33979,0.0,0.0,0.0
2024-04-23 14:30:00-04:00,87.62000274658203,87.6449966430664,87.4800033569336,87.49500274658203,55409,0.0,0.0,0.0
2024-04-23 15:30:00-04:00,87.46549987792969,87.56580352783203,87.45459747314453,87.54000091552734,29968,0.0,0.0,0.0
2024-04-24 09:30:00-04:00,87.4000015258789,87.4000015258789,87.13999938964844,87.37999725341797,65314,0.0,0.0,0.0
2024-04-24 10:30:00-04:00,87.36000061035156,87.36000061035156,87.08999633789062,87.17050170898438,67077,0.0,0.0,0.0
2024-04-24 11:30:00-04:00,87.19000244140625,87.25080108642578,87.12000274658203,87.25080108642578,42529,0.0,0.0,0.0
2024-04-24 12:30:00-04:00,87.24500274658203,87.375,87.13999938964844,87.36499786376953,45802,0.0,0.0,0.0
2024-04-24 13:30:00-04:00,87.41999816894531,87.5999984741211,87.4000015258789,87.45999908447266,80882,0.0,0.0,0.0
2024-04-24 14:30:00-04:00,87.45999908447266,87.63420104980469,87.38999938964844,87.6050033569336,108873,0.0,0.0,0.0
2024-04-24 15:30:00-04:00,87.59500122070312,87.66000366210938,87.55010223388672,87.55999755859375,50451,0.0,0.0,0.0
2024-04-25 09:30:00-04:00,87.13999938964844,87.44000244140625,86.58000183105469,86.73979949951172,88503,0.0,0.0,0.0
2024-04-25 10:30:00-04:00,86.73999786376953,86.8833999633789,86.65989685058594,86.87249755859375,52129,0.0,0.0,0.0
2024-04-25 11:30:00-04:00,86.87999725341797,87.08509826660156,86.82009887695312,87.07839965820312,62095,0.0,0.0,0.0
2024-04-25 12:30:00-04:00,87.06420135498047,87.1500015258789,87.0,87.05999755859375,69259,0.0,0.0,0.0
2024-04-25 13:30:00-04:00,87.06500244140625,87.375,87.06500244140625,87.18000030517578,47160,0.0,0.0,0.0
2024-04-25 14:30:00-04:00,87.08999633789062,87.41999816894531,87.08999633789062,87.38009643554688,53952,0.0,0.0,0.0
2024-04-25 15:30:00-04:00,87.40499877929688,87.40499877929688,87.20020294189453,87.2699966430664,72529,0.0,0.0,0.0
2024-04-26 09:30:00-04:00,87.05000305175781,87.36000061035156,86.9000015258789,87.23999786376953,112631,0.0,0.0,0.0
2024-04-26 10:30:00-04:00,87.2260971069336,87.29000091552734,87.01499938964844,87.05000305175781,33233,0.0,0.0,0.0
2024-04-26 11:30:00-04:00,87.02999877929688,87.23899841308594,87.02999877929688,87.22000122070312,36905,0.0,0.0,0.0
2024-04-26 12:30:00-04:00,87.24500274658203,87.31500244140625,87.2261962890625,87.30989837646484,45669,0.0,0.0,0.0
2024-04-26 13:30:00-04:00,87.28500366210938,87.38999938964844,87.27580261230469,87.33989715576172,61716,0.0,0.0,0.0
2024-04-26 14:30:00-04:00,87.33999633789062,87.41000366210938,87.28500366210938,87.375,75131,0.0,0.0,0.0
2024-04-26 15:30:00-04:00,87.33650207519531,87.33650207519531,87.16000366210938,87.16000366210938,36665,0.0,0.0,0.0
2024-04-29 09:30:00-04:00,87.33000183105469,87.63999938964844,87.33000183105469,87.5999984741211,189033,0.0,0.0,0.0
2024-04-29 10:30:00-04:00,87.5811996459961,87.5999984741211,87.48500061035156,87.54010009765625,161748,0.0,0.0,0.0
2024-04-29 11:30:00-04:00,87.52420043945312,87.5999984741211,87.45999908447266,87.5999984741211,43004,0.0,0.0,0.0
2024-04-29 12:30:00-04:00,87.61109924316406,87.63580322265625,87.52010345458984,87.55560302734375,23900,0.0,0.0,0.0
2024-04-29 13:30:00-04:00,87.52999877929688,87.58989715576172,87.48999786376953,87.50199890136719,49203,0.0,0.0,0.0
2024-04-29 14:30:00-04:00,87.4800033569336,87.5,87.18009948730469,87.33499908447266,90017,0.0,0.0,0.0
2024-04-29 15:30:00-04:00,87.33999633789062,87.5199966430664,87.31999969482422,87.5199966430664,44379,0.0,0.0,0.0
2024-04-30 09:30:00-04:00,87.33000183105469,87.33000183105469,87.02330017089844,87.08999633789062,98950,0.0,0.0,0.0
2024-04-30 10:30:00-04:00,87.0199966430664,87.22000122070312,86.8687973022461,86.91999816894531,42213,0.0,0.0,0.0
2024-04-30 11:30:00-04:00,86.86499786376953,86.96499633789062,86.84500122070312,86.91000366210938,36267,0.0,0.0,0.0
2024-04-30 12:30:00-04:00,86.86090087890625,86.86090087890625,86.69709777832031,86.7699966430664,33050,0.0,0.0,0.0
2024-04-30 13:30:00-04:00,86.76349639892578,86.9656982421875,86.76349639892578,86.77899932861328,35655,0.0,0.0,0.0
2024-04-30 14:30:00-04:00,86.77580261230469,86.84980010986328,86.62999725341797,86.68499755859375,108408,0.0,0.0,0.0
2024-04-30 15:30:00-04:00,86.66999816894531,86.72419738769531,86.4749984741211,86.4800033569336,179086,0.0,0.0,0.0
2024-05-01 09:30:00-04:00,86.3499984741211,86.50679779052734,86.18879699707031,86.26499938964844,96181,0.0,0.0,0.0
2024-05-01 10:30:00-04:00,86.26000213623047,86.4000015258789,86.1500015258789,86.37010192871094,93619,0.0,0.0,0.0
2024-05-01 11:30:00-04:00,86.37999725341797,86.48999786376953,86.33000183105469,86.46420288085938,58167,0.0,0.0,0.0
2024-05-01 12:30:00-04:00,86.45140075683594,86.46990203857422,86.33499908447266,86.42539978027344,33221,0.0,0.0,0.0
2024-05-01 13:30:00-04:00,86.44000244140625,86.6050033569336,86.33999633789062,86.6050033569336,63184,0.0,0.0,0.0
2024-05-01 14:30:00-04:00,86.61000061035156,87.28919982910156,86.30999755859375,87.01000213623047,226496,0.0,0.0,0.0
2024-05-01 15:30:00-04:00,86.97149658203125,86.98999786376953,86.30999755859375,86.30999755859375,96071,0.0,0.0,0.0
2024-05-02 09:30:00-04:00,86.80999755859375,86.91000366210938,86.16000366210938,86.47000122070312,77352,0.0,0.0,0.0
2024-05-02 10:30:00-04:00,86.46040344238281,86.5645980834961,86.24590301513672,86.43000030517578,93541,0.0,0.0,0.0
2024-05-02 11:30:00-04:00,86.36499786376953,86.4697036743164,86.32009887695312,86.41500091552734,31101,0.0,0.0,0.0
2024-05-02 12:30:00-04:00,86.4000015258789,86.66999816894531,86.31999969482422,86.66899871826172,46744,0.0,0.0,0.0
2024-05-02 13:30:00-04:00,86.69000244140625,86.76110076904297,86.5999984741211,86.75,57822,0.0,0.0,0.0
2024-05-02 14:30:00-04:00,86.75499725341797,86.97000122070312,86.75499725341797,86.8550033569336,34743,0.0,0.0,0.0
2024-05-02 15:30:00-04:00,86.80999755859375,86.8396987915039,86.63500213623047,86.81999969482422,74532,0.0,0.0,0.0
2024-05-03 09:30:00-04:00,87.41999816894531,87.5,86.94989776611328,87.05000305175781,0,0.0,0.0,0.0
2024-05-03 10:30:00-04:00,87.08999633789062,87.0999984741211,86.85089874267578,87.01010131835938,35918,0.0,0.0,0.0
2024-05-03 11:30:00-04:00,87.0199966430664,87.22000122070312,87.00499725341797,87.20169830322266,35657,0.0,0.0,0.0
2024-05-03 12:30:00-04:00,87.22000122070312,87.25499725341797,87.131103515625,87.20600128173828,27321,0.0,0.0,0.0
2024-05-03 13:30:00-04:00,87.18360137939453,87.3196029663086,87.1500015258789,87.30999755859375,51061,0.0,0.0,0.0
2024-05-03 14:30:00-04:00,87.28900146484375,87.30000305175781,87.20999908447266,87.29000091552734,66171,0.0,0.0,0.0
2024-05-03 15:30:00-04:00,87.27010345458984,87.33000183105469,87.22000122070312,87.30999755859375,37045,0.0,0.0,0.0
2024-05-06 09:30:00-04:00,87.5999984741211,87.87999725341797,87.5999984741211,87.74009704589844,108911,0.0,0.0,0.0
2024-05-06 10:30:00-04:00,87.69889831542969,87.74960327148438,87.27999877929688,87.53340148925781,63527,0.0,0.0,0.0
2024-05-06 11:30:00-04:00,87.51570129394531,87.58899688720703,87.51429748535156,87.58899688720703,35631,0.0,0.0,0.0
2024-05-06 12:30:00-04:00,87.58889770507812,87.66999816894531,87.57499694824219,87.66500091552734,22522,0.0,0.0,0.0
2024-05-06 13:30:00-04:00,87.66999816894531,87.80000305175781,87.6500015258789,87.77999877929688,86467,0.0,0.0,0.0
2024-05-06 14:30:00-04:00,87.78410339355469,87.79000091552734,87.625,87.62999725341797,66187,0.0,0.0,0.0
2024-05-06 15:30:00-04:00,87.62999725341797,87.83499908447266,87.61000061035156,87.83000183105469,71423,0.0,0.0,0.0
2024-05-07 09:30:00-04:00,87.93000030517578,88.23470306396484,87.93000030517578,88.21499633789062,93525,0.0,0.0,0.0
2024-05-07 10:30:00-04:00,88.19000244140625,88.26969909667969,88.16609954833984,88.2197036743164,38263,0.0,0.0,0.0
2024-05-07 11:30:00-04:00,88.20089721679688,88.22000122070312,88.12429809570312,88.16429901123047,34520,0.0,0.0,0.0
2024-05-07 12:30:00-04:00,88.16500091552734,88.20999908447266,88.08000183105469,88.19969940185547,33216,0.0,0.0,0.0
2024-05-07 13:30:00-04:00,88.20999908447266,88.20999908447266,88.0199966430664,88.07499694824219,71549,0.0,0.0,0.0
2024-05-07 14:30:00-04:00,88.06999969482422,88.11000061035156,88.0250015258789,88.0999984741211,74566,0.0,0.0,0.0
2024-05-07 15:30:00-04:00,88.12000274658203,88.193603515625,88.0907974243164,88.12000274658203,79058,0.0,0.0,0.0
2024-05-08 09:30:00-04:00,87.88999938964844,88.04900360107422,87.87000274658203,88.0250015258789,100986,0.0,0.0,0.0
2024-05-08 10:30:00-04:00,88.01000213623047,88.14530181884766,87.98999786376953,88.13999938964844,65693,0.0,0.0,0.0
2024-05-08 11:30:00-04:00,88.11810302734375,88.1500015258789,88.05249786376953,88.05249786376953,41764,0.0,0.0,0.0
2024-05-08 12:30:00-04:00,88.05000305175781,88.08999633789062,88.0,88.06590270996094,37691,0.0,0.0,0.0
2024-05-08 13:30:00-04:00,88.05000305175781,88.185302734375,88.03130340576172,88.185302734375,53862,0.0,0.0,0.0
2024-05-08 14:30:00-04:00,88.16000366210938,88.22000122070312,88.08999633789062,88.19989776611328,67918,0.0,0.0,0.0
2024-05-08 15:30:00-04:00,88.19010162353516,88.30000305175781,88.19000244140625,88.20999908447266,48726,0.0,0.0,0.0
2024-05-09 09:30:00-04:00,88.2699966430664,88.67009735107422,88.17500305175781,88.6500015258789,80198,0.0,0.0,0.0
2024-05-09 10:30:00-04:00,88.66000366210938,88.73899841308594,88.64080047607422,88.65489959716797,78045,0.0,0.0,0.0
2024-05-09 11:30:00-04:00,88.66000366210938,88.66000366210938,88.58999633789062,88.64939880371094,32266,0.0,0.0,0.0
2024-05-09 12:30:00-04:00,88.63999938964844,88.7300033569336,88.62419891357422,88.69499969482422,65071,0.0,0.0,0.0
2024-05-09 13:30:00-04:00,88.7300033569336,88.7699966430664,88.69989776611328,88.7699966430664,42703,0.0,0.0,0.0
2024-05-09 14:30:00-04:00,88.7699966430664,88.87999725341797,88.75,88.87999725341797,55076,0.0,0.0,0.0
2024-05-09 15:30:00-04:00,88.85060119628906,88.98999786376953,88.85060119628906,88.98500061035156,29304,0.0,0.0,0.0
2024-05-10 09:30:00-04:00,89.20999908447266,89.30999755859375,89.14420318603516,89.19999694824219,40944,0.0,0.0,0.0
2024-05-10 10:30:00-04:00,89.19499969482422,89.29399871826172,89.0602035522461,89.12999725341797,77651,0.0,0.0,0.0
2024-05-10 11:30:00-04:00,89.13009643554688,89.16999816894531,89.0625,89.1176986694336,40458,0.0,0.0,0.0
2024-05-10 12:30:00-04:00,89.13999938964844,89.18000030517578,89.06069946289062,89.08000183105469,38684,0.0,0.0,0.0
2024-05-10 13:30:00-04:00,89.08999633789062,89.1500015258789,89.07340240478516,89.125,41695,0.0,0.0,0.0
2024-05-10 14:30:00-04:00,89.11419677734375,89.2301025390625,89.07420349121094,89.20999908447266,64025,0.0,0.0,0.0
2024-05-10 15:30:00-04:00,89.20999908447266,89.27999877929688,89.19419860839844,89.19999694824219,33191,0.0,0.0,0.0
2024-05-13 09:30:00-04:00,89.52999877929688,89.7699966430664,89.51000213623047,89.58989715576172,93604,0.0,0.0,0.0
2024-05-13 10:30:00-04:00,89.58000183105469,89.58000183105469,89.37999725341797,89.38990020751953,67123,0.0,0.0,0.0
2024-05-13 11:30:00-04:00,89.33000183105469,89.3501968383789,89.29000091552734,89.31839752197266,33963,0.0,0.0,0.0
2024-05-13 12:30:00-04:00,89.30000305175781,89.30509948730469,89.16000366210938,89.16819763183594,63889,0.0,0.0,0.0
2024-05-13 13:30:00-04:00,89.17279815673828,89.21499633789062,89.12999725341797,89.20500183105469,38018,0.0,0.0,0.0
2024-05-13 14:30:00-04:00,89.20999908447266,89.25990295410156,89.14610290527344,89.18000030517578,52119,0.0,0.0,0.0
2024-05-13 15:30:00-04:00,89.17900085449219,89.22419738769531,89.16000366210938,89.19999694824219,27406,0.0,0.0,0.0
2024-05-14 09:30:00-04:00,89.33000183105469,89.63999938964844,89.2300033569336,89.4800033569336,75587,0.0,0.0,0.0
2024-05-14 10:30:00-04:00,89.47000122070312,89.47000122070312,89.30000305175781,89.31079864501953,58050,0.0,0.0,0.0
2024-05-14 11:30:00-04:00,89.30169677734375,89.30999755859375,89.21910095214844,89.24340057373047,49326,0.0,0.0,0.0
2024-05-14 12:30:00-04:00,89.2300033569336,89.23999786376953,89.08049774169922,89.12999725341797,48081,0.0,0.0,0.0
2024-05-14 13:30:00-04:00,89.13999938964844,89.29000091552734,89.12999725341797,89.27999877929688,38393,0.0,0.0,0.0
2024-05-14 14:30:00-04:00,89.27999877929688,89.47000122070312,89.27999877929688,89.42140197753906,52134,0.0,0.0,0.0
2024-05-14 15:30:00-04:00,89.41999816894531,89.52999877929688,89.3998031616211,89.47000122070312,20574,0.0,0.0,0.0
2024-05-15 09:30:00-04:00,89.94000244140625,90.05000305175781,89.75499725341797,89.79000091552734,93879,0.0,0.0,0.0
2024-05-15 10:30:00-04:00,89.7750015258789,89.94999694824219,89.7750015258789,89.94999694824219,57231,0.0,0.0,0.0
2024-05-15 11:30:00-04:00,89.95590209960938,89.9800033569336,89.8499984741211,89.91000366210938,36818,0.0,0.0,0.0
2024-05-15 12:30:00-04:00,89.90170288085938,90.05500030517578,89.90170288085938,90.0,48441,0.0,0.0,0.0
2024-05-15 13:30:00-04:00,89.99009704589844,90.01399993896484,89.88999938964844,89.96900177001953,52839,0.0,0.0,0.0
2024-05-15 14:30:00-04:00,89.96499633789062,89.99400329589844,89.90339660644531,89.95500183105469,88130,0.0,0.0,0.0
2024-05-15 15:30:00-04:00,89.94000244140625,90.16999816894531,89.93499755859375,90.08999633789062,72225,0.0,0.0,0.0
2024-05-16 09:30:00-04:00,90.19000244140625,90.31099700927734,90.06999969482422,90.29000091552734,94928,0.0,0.0,0.0
2024-05-16 10:30:00-04:00,90.29989624023438,90.41000366210938,90.26000213623047,90.38500213623047,55618,0.0,0.0,0.0
2024-05-16 11:30:00-04:00,90.37999725341797,90.41000366210938,90.35009765625,90.38089752197266,65168,0.0,0.0,0.0
2024-05-16 12:30:00-04:00,90.33999633789062,90.4198989868164,90.27999877929688,90.30220031738281,34502,0.0,0.0,0.0
2024-05-16 13:30:00-04:00,90.31999969482422,90.33899688720703,90.18499755859375,90.24980163574219,74365,0.0,0.0,0.0
2024-05-16 14:30:00-04:00,90.25650024414062,90.3499984741211,90.2490005493164,90.30999755859375,44185,0.0,0.0,0.0
2024-05-16 15:30:00-04:00,90.31500244140625,90.3550033569336,90.16999816894531,90.16999816894531,25698,0.0,0.0,0.0
2024-05-17 09:30:00-04:00,90.20999908447266,90.20999908447266,90.02999877929688,90.1947021484375,69572,0.0,0.0,0.0
2024-05-17 10:30:00-04:00,90.19999694824219,90.19999694824219,90.12220001220703,90.12220001220703,70169,0.0,0.0,0.0
2024-05-17 11:30:00-04:00,90.11100006103516,90.20999908447266,90.0999984741211,90.15499877929688,59939,0.0,0.0,0.0
2024-05-17 12:30:00-04:00,90.19000244140625,90.2499008178711,90.15499877929688,90.24220275878906,31076,0.0,0.0,0.0
2024-05-17 13:30:00-04:00,90.24150085449219,90.26000213623047,90.1500015258789,90.20809936523438,73144,0.0,0.0,0.0
2024-05-17 14:30:00-04:00,90.23999786376953,90.3499984741211,90.20269775390625,90.3416976928711,39347,0.0,0.0,0.0
2024-05-17 15:30:00-04:00,90.3550033569336,90.4000015258789,90.30619812011719,90.38999938964844,61545,0.0,0.0,0.0
2024-05-20 09:30:00-04:00,90.4000015258789,90.4000015258789,90.13999938964844,90.30130004882812,98183,0.0,0.0,0.0
2024-05-20 10:30:00-04:00,90.33499908447266,90.42459869384766,90.30000305175781,90.41010284423828,74106,0.0,0.0,0.0
2024-05-20 11:30:00-04:00,90.41000366210938,90.43920135498047,90.22360229492188,90.22360229492188,34332,0.0,0.0,0.0
2024-05-20 12:30:00-04:00,90.23989868164062,90.24120330810547,90.12999725341797,90.12999725341797,33497,0.0,0.0,0.0
2024-05-20 13:30:00-04:00,90.12000274658203,90.13420104980469,89.91000366210938,90.0,27995,0.0,0.0,0.0
2024-05-20 14:30:00-04:00,90.01719665527344,90.04000091552734,89.93000030517578,89.94000244140625,57882,0.0,0.0,0.0
2024-05-20 15:30:00-04:00,89.94000244140625,89.98709869384766,89.87000274658203,89.94000244140625,27651,0.0,0.0,0.0
2024-05-21 09:30:00-04:00,89.91999816894531,90.05000305175781,89.8594970703125,89.94969940185547,53281,0.0,0.0,0.0
2024-05-21 10:30:00-04:00,89.95480346679688,90.0,89.8821029663086,89.9800033569336,94099,0.0,0.0,0.0
2024-05-21 11:30:00-04:00,89.93000030517578,89.94960021972656,89.7500991821289,89.80000305175781,33211,0.0,0.0,0.0
2024-05-21 12:30:00-04:00,89.8239974975586,89.87000274658203,89.79180145263672,89.83000183105469,46608,0.0,0.0,0.0
2024-05-21 13:30:00-04:00,89.86000061035156,89.93000030517578,89.83709716796875,89.90010070800781,51247,0.0,0.0,0.0
2024-05-21 14:30:00-04:00,89.91000366210938,89.97000122070312,89.83999633789062,89.94999694824219,57263,0.0,0.0,0.0
2024-05-21 15:30:00-04:00,89.95999908447266,90.04000091552734,89.94999694824219,90.0,36683,0.0,0.0,0.0
2024-05-22 09:30:00-04:00,89.87999725341797,90.0199966430664,89.75,89.94999694824219,73096,0.0,0.0,0.0
2024-05-22 10:30:00-04:00,89.97000122070312,90.02999877929688,89.91000366210938,89.91010284423828,51092,0.0,0.0,0.0
2024-05-22 11:30:00-04:00,89.89009857177734,90.01210021972656,89.83999633789062,90.01210021972656,49743,0.0,0.0,0.0
2024-05-22 12:30:00-04:00,90.0000991821289,90.08999633789062,89.98999786376953,90.0199966430664,39762,0.0,0.0,0.0
2024-05-22 13:30:00-04:00,90.0199966430664,90.02999877929688,89.56230163574219,89.56230163574219,55692,0.0,0.0,0.0
2024-05-22 14:30:00-04:00,89.56500244140625,89.69999694824219,89.5199966430664,89.62999725341797,58964,0.0,0.0,0.0
2024-05-22 15:30:00-04:00,89.63700103759766,89.76000213623047,89.52999877929688,89.73999786376953,29902,0.0,0.0,0.0
2024-05-23 09:30:00-04:00,89.80999755859375,89.80999755859375,89.0873031616211,89.1500015258789,0,0.0,0.0,0.0
2024-05-23 10:30:00-04:00,89.125,89.21019744873047,89.02010345458984,89.10070037841797,44662,0.0,0.0,0.0
2024-05-23 11:30:00-04:00,89.11170196533203,89.2300033569336,89.08000183105469,89.15160369873047,24546,0.0,0.0,0.0
2024-05-23 12:30:00-04:00,89.16500091552734,89.19999694824219,88.83000183105469,88.85250091552734,44352,0.0,0.0,0.0
2024-05-23 13:30:00-04:00,88.87120056152344,88.87120056152344,88.38999938964844,88.41000366210938,45975,0.0,0.0,0.0
2024-05-23 14:30:00-04:00,88.4000015258789,88.52999877929688,88.38999938964844,88.4719009399414,65071,0.0,0.0,0.0
2024-05-23 15:30:00-04:00,88.4800033569336,88.51000213623047,88.38999938964844,88.45999908447266,37608,0.0,0.0,0.0
2024-05-24 09:30:00-04:00,88.68000030517578,88.95999908447266,88.68000030517578,88.87999725341797,110038,0.0,0.0,0.0
2024-05-24 10:30:00-04:00,88.87989807128906,88.99960327148438,88.6500015258789,88.90499877929688,31350,0.0,0.0,0.0
2024-05-24 11:30:00-04:00,88.91100311279297,88.94000244140625,88.7699966430664,88.88999938964844,139968,0.0,0.0,0.0
2024-05-24 12:30:00-04:00,88.9000015258789,88.9000015258789,88.73999786376953,88.83000183105469,63617,0.0,0.0,0.0
2024-05-24 13:30:00-04:00,88.81999969482422,88.8499984741211,88.73100280761719,88.739501953125,32035,0.0,0.0,0.0
2024-05-24 14:30:00-04:00,88.73500061035156,88.81999969482422,88.6500015258789,88.69999694824219,32835,0.0,0.0,0.0
2024-05-24 15:30:00-04:00,88.69000244140625,88.80999755859375,88.67829895019531,88.80999755859375,25553,0.0,0.0,0.0
2024-05-28 09:30:00-04:00,88.7300033569336,88.73719787597656,88.42009735107422,88.44499969482422,0,0.0,0.0,0.0
2024-05-28 10:30:00-04:00,88.44499969482422,88.45999908447266,88.33499908447266,88.41000366210938,57945,0.0,0.0,0.0
2024-05-28 11:30:00-04:00,88.41999816894531,88.45570373535156,88.36000061035156,88.37000274658203,22476,0.0,0.0,0.0
2024-05-28 12:30:00-04:00,88.36699676513672,88.41840362548828,88.19159698486328,88.19159698486328,34967,0.0,0.0,0.0
2024-05-28 13:30:00-04:00,88.16000366210938,88.19000244140625,87.97039794921875,87.9800033569336,43617,0.0,0.0,0.0
2024-05-28 14:30:00-04:00,87.95999908447266,88.03990173339844,87.87039947509766,87.97000122070312,61255,0.0,0.0,0.0
2024-05-28 15:30:00-04:00,88.0199966430664,88.15499877929688,88.0199966430664,88.12999725341797,88305,0.0,0.0,0.0
2024-05-29 09:30:00-04:00,87.5,87.5,87.20999908447266,87.29940032958984,81523,0.0,0.0,0.0
2024-05-29 10:30:00-04:00,87.30999755859375,87.33000183105469,87.19000244140625,87.2301025390625,27661,0.0,0.0,0.0
2024-05-29 11:30:00-04:00,87.23500061035156,87.29000091552734,87.13999938964844,87.2699966430664,41629,0.0,0.0,0.0
2024-05-29 12:30:00-04:00,87.30999755859375,87.33000183105469,87.20999908447266,87.30500030517578,47731,0.0,0.0,0.0
2024-05-29 13:30:00-04:00,87.30999755859375,87.31999969482422,87.19999694824219,87.20999908447266,31425,0.0,0.0,0.0
2024-05-29 14:30:00-04:00,87.20999908447266,87.33000183105469,87.14420318603516,87.29499816894531,42331,0.0,0.0,0.0
2024-05-29 15:30:00-04:00,87.2699966430664,87.3499984741211,87.16999816894531,87.16999816894531,27701,0.0,0.0,0.0
2024-05-30 09:30:00-04:00,87.2300033569336,87.5,87.19999694824219,87.38200378417969,85223,0.0,0.0,0.0
2024-05-30 10:30:00-04:00,87.375,87.63159942626953,87.375,87.63159942626953,59965,0.0,0.0,0.0
2024-05-30 11:30:00-04:00,87.62000274658203,87.69000244140625,87.51840209960938,87.61000061035156,31700,0.0,0.0,0.0
2024-05-30 12:30:00-04:00,87.58499908447266,87.77400207519531,87.58499908447266,87.74500274658203,19784,0.0,0.0,0.0
2024-05-30 13:30:00-04:00,87.75,87.79190063476562,87.63999938964844,87.72000122070312,36664,0.0,0.0,0.0
2024-05-30 14:30:00-04:00,87.71499633789062,87.78500366210938,87.66000366210938,87.76629638671875,56864,0.0,0.0,0.0
2024-05-30 15:30:00-04:00,87.7699966430664,87.779296875,87.56430053710938,87.75,36873,0.0,0.0,0.0
2024-05-31 09:30:00-04:00,87.80000305175781,88.24949645996094,87.7750015258789,88.0,81011,0.0,0.0,0.0
2024-05-31 10:30:00-04:00,87.94999694824219,88.12999725341797,87.94000244140625,88.04000091552734,75799,0.0,0.0,0.0
2024-05-31 11:30:00-04:00,88.05699920654297,88.0698013305664,87.91000366210938,87.9800033569336,41752,0.0,0.0,0.0
2024-05-31 12:30:00-04:00,87.98999786376953,88.1709976196289,87.95010375976562,88.16999816894531,45886,0.0,0.0,0.0
2024-05-31 13:30:00-04:00,88.19000244140625,88.40149688720703,88.18000030517578,88.33100128173828,35466,0.0,0.0,0.0
2024-05-31 14:30:00-04:00,88.36499786376953,88.5199966430664,88.31999969482422,88.45159912109375,60275,0.0,0.0,0.0
2024-05-31 15:30:00-04:00,88.43000030517578,89.22000122070312,88.41999816894531,89.19999694824219,89090,0.0,0.0,0.0
2024-06-03 09:30:00-04:00,89.30999755859375,89.30999755859375,88.93000030517578,89.02189636230469,224672,0.0,0.0,0.0
2024-06-03 10:30:00-04:00,88.96289825439453,88.96289825439453,88.68000030517578,88.68000030517578,72378,0.0,0.0,0.0
2024-06-03 11:30:00-04:00,88.69999694824219,88.69999694824219,88.30999755859375,88.3469009399414,49938,0.0,0.0,0.0
2024-06-03 12:30:00-04:00,88.3218994140625,88.37999725341797,88.1500015258789,88.37999725341797,79458,0.0,0.0,0.0
2024-06-03 13:30:00-04:00,88.37999725341797,88.60350036621094,88.37999725341797,88.55000305175781,50877,0.0,0.0,0.0
2024-06-03 14:30:00-04:00,88.58000183105469,88.71499633789062,88.58000183105469,88.66100311279297,66446,0.0,0.0,0.0
2024-06-03 15:30:00-04:00,88.6698989868164,88.73500061035156,88.58100128173828,88.73500061035156,48147,0.0,0.0,0.0
2024-06-04 09:30:00-04:00,88.5199966430664,88.75,88.38999938964844,88.68049621582031,87056,0.0,0.0,0.0
2024-06-04 10:30:00-04:00,88.68499755859375,88.6875991821289,88.37999725341797,88.41000366210938,59204,0.0,0.0,0.0
2024-06-04 11:30:00-04:00,88.37590026855469,88.38600158691406,88.19000244140625,88.37100219726562,37016,0.0,0.0,0.0
2024-06-04 12:30:00-04:00,88.37000274658203,88.51020050048828,88.33190155029297,88.50499725341797,43731,0.0,0.0,0.0
2024-06-04 13:30:00-04:00,88.56009674072266,88.79900360107422,88.47000122070312,88.76000213623047,48562,0.0,0.0,0.0
2024-06-04 14:30:00-04:00,88.80000305175781,88.80000305175781,88.49629974365234,88.56999969482422,39930,0.0,0.0,0.0
2024-06-04 15:30:00-04:00,88.55000305175781,88.66999816894531,88.51000213623047,88.58999633789062,39724,0.0,0.0,0.0
2024-06-05 09:30:00-04:00,88.87999725341797,88.87999725341797,88.27999877929688,88.32499694824219,65192,0.0,0.0,0.0
2024-06-05 10:30:00-04:00,88.3998031616211,88.62999725341797,88.3949966430664,88.62999725341797,68598,0.0,0.0,0.0
2024-06-05 11:30:00-04:00,88.61740112304688,88.70999908447266,88.5999984741211,88.63829803466797,55966,0.0,0.0,0.0
2024-06-05 12:30:00-04:00,88.62999725341797,88.73500061035156,88.60420227050781,88.6698989868164,69921,0.0,0.0,0.0
2024-06-05 13:30:00-04:00,88.68299865722656,88.7699966430664,88.63999938964844,88.7699966430664,54119,0.0,0.0,0.0
2024-06-05 14:30:00-04:00,88.77999877929688,88.86000061035156,88.76950073242188,88.77999877929688,57995,0.0,0.0,0.0
2024-06-05 15:30:00-04:00,88.7699966430664,88.87999725341797,88.72000122070312,88.87000274658203,28891,0.0,0.0,0.0
2024-06-06 09:30:00-04:00,88.86000061035156,89.08999633789062,88.5823974609375,88.93000030517578,59870,0.0,0.0,0.0
2024-06-06 10:30:00-04:00,88.94000244140625,88.94000244140625,88.75,88.93229675292969,96587,0.0,0.0,0.0
2024-06-06 11:30:00-04:00,88.93000030517578,88.9489974975586,88.70999908447266,88.73999786376953,29431,0.0,0.0,0.0
2024-06-06 12:30:00-04:00,88.7520980834961,88.78340148925781,88.6802978515625,88.7750015258789,23017,0.0,0.0,0.0
2024-06-06 13:30:00-04:00,88.79000091552734,88.8499984741211,88.61000061035156,88.7300033569336,44899,0.0,0.0,0.0
2024-06-06 14:30:00-04:00,88.70999908447266,88.94000244140625,88.70999908447266,88.91999816894531,59539,0.0,0.0,0.0
2024-06-06 15:30:00-04:00,88.88999938964844,88.90170288085938,88.7874984741211,88.8499984741211,50008,0.0,0.0,0.0
2024-06-07 09:30:00-04:00,88.62999725341797,89.00910186767578,88.42769622802734,88.99130249023438,100216,0.0,0.0,0.0
2024-06-07 10:30:00-04:00,88.91000366210938,89.23999786376953,88.8833999633789,88.91739654541016,26376,0.0,0.0,0.0
2024-06-07 11:30:00-04:00,88.97000122070312,88.98500061035156,88.8949966430664,88.9697036743164,92198,0.0,0.0,0.0
2024-06-07 12:30:00-04:00,89.0177001953125,89.05999755859375,88.86000061035156,89.01010131835938,61060,0.0,0.0,0.0
2024-06-07 13:30:00-04:00,89.0,89.0,88.6989974975586,88.86000061035156,22276,0.0,0.0,0.0
2024-06-07 14:30:00-04:00,88.87999725341797,88.93000030517578,88.7300033569336,88.77290344238281,57670,0.0,0.0,0.0
2024-06-07 15:30:00-04:00,88.79000091552734,88.81999969482422,88.62100219726562,88.62100219726562,42394,0.0,0.0,0.0
2024-06-10 09:30:00-04:00,88.54000091552734,88.66840362548828,88.20770263671875,88.52799987792969,64900,0.0,0.0,0.0
2024-06-10 10:30:00-04:00,88.5199966430664,88.54000091552734,88.33830261230469,88.44000244140625,86234,0.0,0.0,0.0
2024-06-10 11:30:00-04:00,88.48999786376953,88.5697021484375,88.44999694824219,88.55999755859375,55388,0.0,0.0,0.0
2024-06-10 12:30:00-04:00,88.55500030517578,88.58979797363281,88.46640014648438,88.57499694824219,24010,0.0,0.0,0.0
2024-06-10 13:30:00-04:00,88.57109832763672,88.81739807128906,88.57109832763672,88.7699966430664,38110,0.0,0.0,0.0
2024-06-10 14:30:00-04:00,88.81999969482422,88.83999633789062,88.75,88.79450225830078,52589,0.0,0.0,0.0
2024-06-10 15:30:00-04:00,88.78040313720703,88.80000305175781,88.69999694824219,88.80000305175781,21037,0.0,0.0,0.0
2024-06-11 09:30:00-04:00,88.05000305175781,88.05000305175781,87.41999816894531,87.60569763183594,47887,0.0,0.0,0.0
2024-06-11 10:30:00-04:00,87.57009887695312,87.7249984741211,87.57009887695312,87.70570373535156,81079,0.0,0.0,0.0
2024-06-11 11:30:00-04:00,87.7300033569336,87.77140045166016,87.62000274658203,87.63500213623047,24418,0.0,0.0,0.0
2024-06-11 12:30:00-04:00,87.62010192871094,87.73979949951172,87.58999633789062,87.62529754638672,26810,0.0,0.0,0.0
2024-06-11 13:30:00-04:00,87.63999938964844,87.87000274658203,87.63999938964844,87.87000274658203,24033,0.0,0.0,0.0
2024-06-11 14:30:00-04:00,87.8781967163086,87.91000366210938,87.7699966430664,87.7699966430664,56442,0.0,0.0,0.0
2024-06-11 15:30:00-04:00,87.76499938964844,87.81999969482422,87.69999694824219,87.81999969482422,24957,0.0,0.0,0.0
2024-06-12 09:30:00-04:00,88.70999908447266,88.73999786376953,88.27999877929688,88.38500213623047,87192,0.0,0.0,0.0
2024-06-12 10:30:00-04:00,88.37000274658203,88.52999877929688,88.12000274658203,88.16999816894531,43363,0.0,0.0,0.0
2024-06-12 11:30:00-04:00,88.2300033569336,88.2300033569336,88.11000061035156,88.1500015258789,48841,0.0,0.0,0.0
2024-06-12 12:30:00-04:00,88.1500015258789,88.16000366210938,88.08000183105469,88.10369873046875,31921,0.0,0.0,0.0
2024-06-12 13:30:00-04:00,88.09500122070312,88.10269927978516,87.7750015258789,88.0,37489,0.0,0.0,0.0
2024-06-12 14:30:00-04:00,88.01000213623047,88.06999969482422,87.63999938964844,87.66000366210938,59454,0.0,0.0,0.0
2024-06-12 15:30:00-04:00,87.69499969482422,87.93990325927734,87.6500015258789,87.81999969482422,46862,0.0,0.0,0.0
2024-06-13 09:30:00-04:00,87.79000091552734,87.79000091552734,87.1405029296875,87.18000030517578,90090,0.0,0.0,0.0
2024-06-13 10:30:00-04:00,87.17669677734375,87.27970123291016,87.05999755859375,87.27970123291016,87016,0.0,0.0,0.0
2024-06-13 11:30:00-04:00,87.29000091552734,87.3290023803711,87.18499755859375,87.23500061035156,47002,0.0,0.0,0.0
2024-06-13 12:30:00-04:00,87.22000122070312,87.51000213623047,87.22000122070312,87.5,35962,0.0,0.0,0.0
2024-06-13 13:30:00-04:00,87.4800033569336,87.55999755859375,87.45010375976562,87.52559661865234,57218,0.0,0.0,0.0
2024-06-13 14:30:00-04:00,87.5354995727539,87.66999816894531,87.51000213623047,87.58499908447266,139123,0.0,0.0,0.0
2024-06-13 15:30:00-04:00,87.57499694824219,87.68900299072266,87.55000305175781,87.58999633789062,56734,0.0,0.0,0.0
2024-06-14 09:30:00-04:00,87.20999908447266,87.31500244140625,86.72319793701172,86.77999877929688,89179,0.0,0.0,0.0
2024-06-14 10:30:00-04:00,86.77999877929688,87.0999984741211,86.69999694824219,87.0999984741211,74520,0.0,0.0,0.0
2024-06-14 11:30:00-04:00,87.14450073242188,87.17500305175781,87.0250015258789,87.0999984741211,36433,0.0,0.0,0.0
2024-06-14 12:30:00-04:00,87.08000183105469,87.26000213623047,87.07029724121094,87.154296875,220441,0.0,0.0,0.0
2024-06-14 13:30:00-04:00,87.14009857177734,87.14430236816406,87.0,87.08000183105469,56678,0.0,0.0,0.0
2024-06-14 14:30:00-04:00,87.08000183105469,87.20999908447266,87.04570007324219,87.20500183105469,40588,0.0,0.0,0.0
2024-06-14 15:30:00-04:00,87.19999694824219,87.25499725341797,87.1498031616211,87.25499725341797,50327,0.0,0.0,0.0
2024-06-17 09:30:00-04:00,87.08999633789062,87.18000030517578,86.86499786376953,87.08999633789062,142916,0.0,0.0,0.0
2024-06-17 10:30:00-04:00,87.08000183105469,87.35900115966797,87.02999877929688,87.3499984741211,72527,0.0,0.0,0.0
2024-06-17 11:30:00-04:00,87.30010223388672,87.5,87.26080322265625,87.5,60618,0.0,0.0,0.0
2024-06-17 12:30:00-04:00,87.55000305175781,87.55999755859375,87.46009826660156,87.5,46761,0.0,0.0,0.0
2024-06-17 13:30:00-04:00,87.51000213623047,87.79119873046875,87.51000213623047,87.7699966430664,54533,0.0,0.0,0.0
2024-06-17 14:30:00-04:00,87.79000091552734,87.79000091552734,87.62020111083984,87.73030090332031,115733,0.0,0.0,0.0
2024-06-17 15:30:00-04:00,87.71499633789062,87.79000091552734,87.64510345458984,87.70999908447266,42417,0.0,0.0,0.0
2024-06-18 09:30:00-04:00,87.79000091552734,88.22000122070312,87.7155990600586,87.86000061035156,98603,0.0,0.0,0.0
2024-06-18 10:30:00-04:00,87.86009979248047,87.98500061035156,87.81999969482422,87.92500305175781,93203,0.0,0.0,0.0
2024-06-18 11:30:00-04:00,87.93000030517578,88.05999755859375,87.91639709472656,87.94999694824219,50546,0.0,0.0,0.0
2024-06-18 12:30:00-04:00,87.94000244140625,88.0,87.87329864501953,87.9010009765625,75156,0.0,0.0,0.0
2024-06-18 13:30:00-04:00,87.9000015258789,88.0,87.87999725341797,87.95469665527344,107507,0.0,0.0,0.0
2024-06-18 14:30:00-04:00,87.95010375976562,87.98999786376953,87.83100128173828,87.87200164794922,493993,0.0,0.0,0.0
2024-06-18 15:30:00-04:00,87.87039947509766,88.01000213623047,87.86000061035156,88.01000213623047,50094,0.0,0.0,0.0
2024-06-20 09:30:00-04:00,87.93000030517578,88.2699966430664,87.80020141601562,88.20339965820312,0,0.0,0.0,0.0
2024-06-20 10:30:00-04:00,88.19999694824219,88.19999694824219,88.01000213623047,88.04679870605469,104438,0.0,0.0,0.0
2024-06-20 11:30:00-04:00,88.04000091552734,88.20999908447266,88.01899719238281,88.15840148925781,71897,0.0,0.0,0.0
2024-06-20 12:30:00-04:00,88.1355972290039,88.23999786376953,88.08059692382812,88.17009735107422,59484,0.0,0.0,0.0
2024-06-20 13:30:00-04:00,88.19999694824219,88.46900177001953,88.18000030517578,88.44999694824219,74847,0.0,0.0,0.0
2024-06-20 14:30:00-04:00,88.45999908447266,88.49500274658203,88.28479766845703,88.37000274658203,57635,0.0,0.0,0.0
2024-06-20 15:30:00-04:00,88.37999725341797,88.41000366210938,88.27999877929688,88.31999969482422,31120,0.0,0.0,0.0
2024-06-21 09:30:00-04:00,88.37999725341797,88.45999908447266,88.04010009765625,88.45500183105469,80446,0.0,0.0,0.0
2024-06-21 10:30:00-04:00,88.41999816894531,88.44000244140625,88.18000030517578,88.19000244140625,95758,0.0,0.0,0.0
2024-06-21 11:30:00-04:00,88.18000030517578,88.19499969482422,88.08609771728516,88.18550109863281,36344,0.0,0.0,0.0
2024-06-21 12:30:00-04:00,88.1989974975586,88.28800201416016,88.16999816894531,88.2500991821289,28834,0.0,0.0,0.0
2024-06-21 13:30:00-04:00,88.2249984741211,88.37000274658203,88.21289825439453,88.35579681396484,77102,0.0,0.0,0.0
2024-06-21 14:30:00-04:00,88.34149932861328,88.36000061035156,88.26000213623047,88.27799987792969,87132,0.0,0.0,0.0
2024-06-21 15:30:00-04:00,88.2699966430664,88.44049835205078,88.2699966430664,88.31999969482422,59542,0.0,0.0,0.0
2024-06-24 09:30:00-04:00,88.56999969482422,89.19999694824219,88.48500061035156,89.12999725341797,57740,0.0,0.0,0.0
2024-06-24 10:30:00-04:00,89.18000030517578,89.42500305175781,89.16000366210938,89.31109619140625,88119,0.0,0.0,0.0
2024-06-24 11:30:00-04:00,89.30999755859375,89.33999633789062,89.19000244140625,89.28820037841797,48100,0.0,0.0,0.0
2024-06-24 12:30:00-04:00,89.26010131835938,89.26010131835938,89.09259796142578,89.13500213623047,57575,0.0,0.0,0.0
2024-06-24 13:30:00-04:00,89.12999725341797,89.19999694824219,89.05000305175781,89.19499969482422,48800,0.0,0.0,0.0
2024-06-24 14:30:00-04:00,89.20989990234375,89.24009704589844,89.07009887695312,89.11000061035156,49874,0.0,0.0,0.0
2024-06-24 15:30:00-04:00,89.11990356445312,89.20500183105469,89.05000305175781,89.05000305175781,34336,0.0,0.0,0.0
2024-06-25 09:30:00-04:00,89.01000213623047,89.01000213623047,88.52999877929688,88.60569763183594,67524,0.0,0.0,0.0
2024-06-25 10:30:00-04:00,88.62000274658203,88.62000274658203,88.33999633789062,88.3489990234375,85542,0.0,0.0,0.0
2024-06-25 11:30:00-04:00,88.3499984741211,88.37000274658203,88.19090270996094,88.21589660644531,204460,0.0,0.0,0.0
2024-06-25 12:30:00-04:00,88.18000030517578,88.30000305175781,88.05999755859375,88.30000305175781,67644,0.0,0.0,0.0
2024-06-25 13:30:00-04:00,88.28109741210938,88.36000061035156,88.23999786376953,88.36000061035156,70125,0.0,0.0,0.0
2024-06-25 14:30:00-04:00,88.34870147705078,88.37000274658203,88.26000213623047,88.33000183105469,95557,0.0,0.0,0.0
2024-06-25 15:30:00-04:00,88.31999969482422,88.37000274658203,88.24259948730469,88.33999633789062,44450,0.0,0.0,0.0
2024-06-26 09:30:00-04:00,88.05000305175781,88.05059814453125,87.78369903564453,87.83999633789062,89423,0.0,0.0,0.0
2024-06-26 10:30:00-04:00,87.80000305175781,87.90989685058594,87.71009826660156,87.881103515625,142110,0.0,0.0,0.0
2024-06-26 11:30:00-04:00,87.88009643554688,88.06990051269531,87.86019897460938,87.97329711914062,36835,0.0,0.0,0.0
2024-06-26 12:30:00-04:00,87.94999694824219,87.99500274658203,87.88999938964844,87.9020004272461,38394,0.0,0.0,0.0
2024-06-26 13:30:00-04:00,87.93000030517578,87.95500183105469,87.85559844970703,87.93499755859375,47529,0.0,0.0,0.0
2024-06-26 14:30:00-04:00,87.93250274658203,88.00399780273438,87.90969848632812,87.94999694824219,74289,0.0,0.0,0.0
2024-06-26 15:30:00-04:00,87.94219970703125,88.0999984741211,87.91000366210938,88.01000213623047,70732,0.0,0.0,0.0
2024-06-27 09:30:00-04:00,87.91999816894531,87.9800033569336,87.7699966430664,87.88999938964844,50571,0.0,0.0,0.0
2024-06-27 10:30:00-04:00,87.91999816894531,88.0,87.81999969482422,87.83000183105469,84456,0.0,0.0,0.0
2024-06-27 11:30:00-04:00,87.8550033569336,87.90989685058594,87.8147964477539,87.82499694824219,90768,0.0,0.0,0.0
2024-06-27 12:30:00-04:00,87.81590270996094,87.86000061035156,87.73829650878906,87.8499984741211,220449,0.0,0.0,0.0
2024-06-27 13:30:00-04:00,87.84049987792969,87.84049987792969,87.5906982421875,87.5999984741211,26325,0.0,0.0,0.0
2024-06-27 14:30:00-04:00,87.56500244140625,87.7699966430664,87.55999755859375,87.76499938964844,68510,0.0,0.0,0.0
2024-06-27 15:30:00-04:00,87.79000091552734,87.97000122070312,87.7750015258789,87.95999908447266,36937,0.0,0.0,0.0
2024-06-28 09:30:00-04:00,88.08999633789062,88.44999694824219,88.08999633789062,88.3812026977539,97754,0.0,0.0,0.0
2024-06-28 10:30:00-04:00,88.38999938964844,88.5,88.19000244140625,88.20999908447266,43688,0.0,0.0,0.0
2024-06-28 11:30:00-04:00,88.18000030517578,88.26499938964844,88.0530014038086,88.18000030517578,145375,0.0,0.0,0.0
2024-06-28 12:30:00-04:00,88.17859649658203,88.21900177001953,88.05999755859375,88.05999755859375,32576,0.0,0.0,0.0
2024-06-28 13:30:00-04:00,88.04000091552734,88.05120086669922,87.88999938964844,87.94000244140625,32636,0.0,0.0,0.0
2024-06-28 14:30:00-04:00,87.91000366210938,87.91690063476562,87.73999786376953,87.81999969482422,29149,0.0,0.0,0.0
2024-06-28 15:30:00-04:00,87.83999633789062,88.05000305175781,87.68000030517578,88.05000305175781,40982,0.0,0.0,0.0
2024-07-01 09:30:00-04:00,88.19999694824219,88.5999984741211,87.90399932861328,87.91010284423828,101410,0.0,0.0,0.0
2024-07-01 10:30:00-04:00,87.89230346679688,87.89230346679688,87.61319732666016,87.67169952392578,151344,0.0,0.0,0.0
2024-07-01 11:30:00-04:00,87.70999908447266,87.72000122070312,87.55999755859375,87.70860290527344,71204,0.0,0.0,0.0
2024-07-01 12:30:00-04:00,87.70159912109375,87.70999908447266,87.57569885253906,87.70999908447266,58971,0.0,0.0,0.0
2024-07-01 13:30:00-04:00,87.67500305175781,87.7300033569336,87.61000061035156,87.62999725341797,44594,0.0,0.0,0.0
2024-07-01 14:30:00-04:00,87.58999633789062,87.62999725341797,87.44000244140625,87.46920013427734,371351,0.0,0.0,0.0
2024-07-01 15:30:00-04:00,87.46659851074219,87.62889862060547,87.46659851074219,87.56500244140625,53100,0.0,0.0,0.0
2024-07-02 09:30:00-04:00,87.55000305175781,87.83999633789062,87.49150085449219,87.625,71272,0.0,0.0,0.0
2024-07-02 10:30:00-04:00,87.63999938964844,87.68000030517578,87.51000213623047,87.61000061035156,117703,0.0,0.0,0.0
2024-07-02 11:30:00-04:00,87.62000274658203,87.63999938964844,87.5199966430664,87.55000305175781,146607,0.0,0.0,0.0
2024-07-02 12:30:00-04:00,87.54000091552734,87.55999755859375,87.45999908447266,87.5,56648,0.0,0.0,0.0
2024-07-02 13:30:00-04:00,87.5,87.68000030517578,87.4999008178711,87.66999816894531,54960,0.0,0.0,0.0
2024-07-02 14:30:00-04:00,87.66000366210938,87.80000305175781,87.66000366210938,87.80000305175781,77342,0.0,0.0,0.0
2024-07-02 15:30:00-04:00,87.7699966430664,87.91999816894531,87.7699966430664,87.91000366210938,42292,0.0,0.0,0.0
2024-07-03 09:30:00-04:00,88.0199966430664,88.16000366210938,87.86000061035156,88.08999633789062,76972,0.0,0.0,0.0
2024-07-03 10:30:00-04:00,88.07559967041016,88.12000274658203,87.77999877929688,87.77999877929688,114624,0.0,0.0,0.0
2024-07-03 11:30:00-04:00,87.8156967163086,87.88999938964844,87.7300033569336,87.81999969482422,56597,0.0,0.0,0.0
2024-07-05 09:30:00-04:00,87.80999755859375,87.81999969482422,87.32250213623047,87.3499984741211,90261,0.0,0.0,0.0
2024-07-05 10:30:00-04:00,87.37960052490234,87.58000183105469,87.37960052490234,87.5165023803711,38276,0.0,0.0,0.0
2024-07-05 11:30:00-04:00,87.49500274658203,87.61000061035156,87.49009704589844,87.5,89813,0.0,0.0,0.0
2024-07-05 12:30:00-04:00,87.48999786376953,87.58999633789062,87.45999908447266,87.55999755859375,81097,0.0,0.0,0.0
2024-07-05 13:30:00-04:00,87.55999755859375,87.72000122070312,87.55999755859375,87.66709899902344,31134,0.0,0.0,0.0
2024-07-05 14:30:00-04:00,87.67980194091797,87.75759887695312,87.66999816894531,87.68000030517578,27279,0.0,0.0,0.0
2024-07-05 15:30:00-04:00,87.68000030517578,87.86990356445312,87.68000030517578,87.80500030517578,22905,0.0,0.0,0.0
2024-07-08 09:30:00-04:00,88.0,88.28510284423828,88.0,88.04940032958984,0,0.0,0.0,0.0
2024-07-08 10:30:00-04:00,88.02999877929688,88.11640167236328,87.86430358886719,87.8676986694336,87547,0.0,0.0,0.0
2024-07-08 11:30:00-04:00,87.83000183105469,87.83000183105469,87.66000366210938,87.7699966430664,44428,0.0,0.0,0.0
2024-07-08 12:30:00-04:00,87.77999877929688,87.87999725341797,87.7332992553711,87.7750015258789,70673,0.0,0.0,0.0
2024-07-08 13:30:00-04:00,87.7699966430664,87.87129974365234,87.7699966430664,87.84500122070312,46919,0.0,0.0,0.0
2024-07-08 14:30:00-04:00,87.8386001586914,87.86000061035156,87.73999786376953,87.83429718017578,43367,0.0,0.0,0.0
2024-07-08 15:30:00-04:00,87.83000183105469,87.86499786376953,87.80999755859375,87.83000183105469,51948,0.0,0.0,0.0
2024-07-09 09:30:00-04:00,87.81999969482422,87.81999969482422,87.57499694824219,87.69499969482422,90892,0.0,0.0,0.0
2024-07-09 10:30:00-04:00,87.68000030517578,87.86900329589844,87.68000030517578,87.80000305175781,73313,0.0,0.0,0.0
2024-07-09 11:30:00-04:00,87.80999755859375,88.06510162353516,87.80470275878906,88.06510162353516,60248,0.0,0.0,0.0
2024-07-09 12:30:00-04:00,88.06210327148438,88.30899810791016,88.05149841308594,88.20999908447266,41864,0.0,0.0,0.0
2024-07-09 13:30:00-04:00,88.19429779052734,88.20570373535156,87.99500274658203,87.99500274658203,38151,0.0,0.0,0.0
2024-07-09 14:30:00-04:00,87.98419952392578,88.01969909667969,87.84500122070312,87.89579772949219,57126,0.0,0.0,0.0
2024-07-09 15:30:00-04:00,87.91000366210938,87.97000122070312,87.86000061035156,87.87000274658203,28550,0.0,0.0,0.0
2024-07-10 09:30:00-04:00,88.01000213623047,88.05000305175781,87.87999725341797,87.9999008178711,60958,0.0,0.0,0.0
2024-07-10 10:30:00-04:00,87.95999908447266,88.16000366210938,87.95999908447266,88.13500213623047,69415,0.0,0.0,0.0
2024-07-10 11:30:00-04:00,88.14790344238281,88.2697982788086,88.09010314941406,88.22589874267578,38328,0.0,0.0,0.0
2024-07-10 12:30:00-04:00,88.20999908447266,88.33000183105469,88.1449966430664,88.25430297851562,45219,0.0,0.0,0.0
2024-07-10 13:30:00-04:00,88.26029968261719,88.30000305175781,88.22000122070312,88.24500274658203,42356,0.0,0.0,0.0
2024-07-10 14:30:00-04:00,88.24500274658203,88.41000366210938,88.24500274658203,88.3949966430664,54633,0.0,0.0,0.0
2024-07-10 15:30:00-04:00,88.43499755859375,88.6500015258789,88.3949966430664,88.63999938964844,27622,0.0,0.0,0.0
2024-07-11 09:30:00-04:00,88.81999969482422,89.52999877929688,88.81999969482422,89.38999938964844,70436,0.0,0.0,0.0
2024-07-11 10:30:00-04:00,89.3550033569336,89.5031967163086,89.31999969482422,89.5,107449,0.0,0.0,0.0
2024-07-11 11:30:00-04:00,89.5,89.5999984741211,89.30999755859375,89.36499786376953,70601,0.0,0.0,0.0
2024-07-11 12:30:00-04:00,89.36000061035156,89.45999908447266,89.30000305175781,89.44000244140625,42576,0.0,0.0,0.0
2024-07-11 13:30:00-04:00,89.41999816894531,89.60569763183594,89.38999938964844,89.49500274658203,56627,0.0,0.0,0.0
2024-07-11 14:30:00-04:00,89.51000213623047,89.55000305175781,89.4000015258789,89.44999694824219,72121,0.0,0.0,0.0
2024-07-11 15:30:00-04:00,89.47000122070312,89.58000183105469,89.44999694824219,89.5,77310,0.0,0.0,0.0
2024-07-12 09:30:00-04:00,89.83000183105469,90.12000274658203,89.69999694824219,90.0999984741211,103370,0.0,0.0,0.0
2024-07-12 10:30:00-04:00,90.11000061035156,90.2311019897461,89.9749984741211,90.20999908447266,45513,0.0,0.0,0.0
2024-07-12 11:30:00-04:00,90.2249984741211,90.26570129394531,90.16000366210938,90.19000244140625,52560,0.0,0.0,0.0
2024-07-12 12:30:00-04:00,90.20899963378906,90.38999938964844,90.16999816894531,90.38999938964844,33005,0.0,0.0,0.0
2024-07-12 13:30:00-04:00,90.37999725341797,90.5010986328125,90.37999725341797,90.39250183105469,33689,0.0,0.0,0.0
2024-07-12 14:30:00-04:00,90.38899993896484,90.44989776611328,90.35009765625,90.42539978027344,39314,0.0,0.0,0.0
2024-07-12 15:30:00-04:00,90.42900085449219,90.42900085449219,89.9800033569336,90.0,37510,0.0,0.0,0.0
2024-07-15 09:30:00-04:00,90.41000366210938,90.41000366210938,90.12000274658203,90.23999786376953,71506,0.0,0.0,0.0
2024-07-15 10:30:00-04:00,90.23999786376953,90.52999877929688,90.23500061035156,90.45999908447266,122867,0.0,0.0,0.0
2024-07-15 11:30:00-04:00,90.47000122070312,90.7217025756836,90.47000122070312,90.62999725341797,55825,0.0,0.0,0.0
2024-07-15 12:30:00-04:00,90.55000305175781,90.55989837646484,90.40480041503906,90.44000244140625,38473,0.0,0.0,0.0
2024-07-15 13:30:00-04:00,90.40499877929688,90.5,90.31999969482422,90.5,57661,0.0,0.0,0.0
2024-07-15 14:30:00-04:00,90.5,90.55999755859375,90.47010040283203,90.47010040283203,103830,0.0,0.0,0.0
2024-07-15 15:30:00-04:00,90.48500061035156,90.48500061035156,90.19999694824219,90.31999969482422,25555,0.0,0.0,0.0
2024-07-16 09:30:00-04:00,90.5999984741211,91.26000213623047,90.47000122070312,91.20999908447266,107613,0.0,0.0,0.0
2024-07-16 10:30:00-04:00,91.1532974243164,91.39119720458984,91.1532974243164,91.3196029663086,106968,0.0,0.0,0.0
2024-07-16 11:30:00-04:00,91.3104019165039,91.46109771728516,91.16500091552734,91.41999816894531,90375,0.0,0.0,0.0
2024-07-16 12:30:00-04:00,91.44000244140625,91.51499938964844,91.34290313720703,91.35420227050781,37171,0.0,0.0,0.0
2024-07-16 13:30:00-04:00,91.36000061035156,91.58000183105469,91.35910034179688,91.52010345458984,39419,0.0,0.0,0.0
2024-07-16 14:30:00-04:00,91.51000213623047,91.69499969482422,91.51000213623047,91.69000244140625,53201,0.0,0.0,0.0
2024-07-16 15:30:00-04:00,91.66999816894531,91.75499725341797,91.62999725341797,91.71499633789062,49369,0.0,0.0,0.0
2024-07-17 09:30:00-04:00,91.38999938964844,92.43000030517578,91.38999938964844,92.36000061035156,91149,0.0,0.0,0.0
2024-07-17 10:30:00-04:00,92.31999969482422,92.3499984741211,92.12000274658203,92.18000030517578,77188,0.0,0.0,0.0
2024-07-17 11:30:00-04:00,92.1500015258789,92.30000305175781,92.12110137939453,92.22000122070312,57176,0.0,0.0,0.0
2024-07-17 12:30:00-04:00,92.19999694824219,92.31999969482422,92.09120178222656,92.16000366210938,52662,0.0,0.0,0.0
2024-07-17 13:30:00-04:00,92.19999694824219,92.2249984741211,92.08999633789062,92.22109985351562,50261,0.0,0.0,0.0
2024-07-17 14:30:00-04:00,92.23999786376953,92.27999877929688,92.17220306396484,92.2699966430664,78297,0.0,0.0,0.0
2024-07-17 15:30:00-04:00,92.2699966430664,92.30999755859375,92.12249755859375,92.19000244140625,43388,0.0,0.0,0.0
2024-07-18 09:30:00-04:00,91.91999816894531,92.69000244140625,91.76000213623047,92.69000244140625,111854,0.0,0.0,0.0
2024-07-18 10:30:00-04:00,92.70999908447266,92.70999908447266,92.3499984741211,92.3499984741211,61006,0.0,0.0,0.0
2024-07-18 11:30:00-04:00,92.37000274658203,92.38269805908203,91.9000015258789,91.9000015258789,43459,0.0,0.0,0.0
2024-07-18 12:30:00-04:00,91.91000366210938,92.02989959716797,91.91000366210938,91.94000244140625,48537,0.0,0.0,0.0
2024-07-18 13:30:00-04:00,91.96109771728516,91.96610260009766,91.4749984741211,91.4749984741211,42263,0.0,0.0,0.0
2024-07-18 14:30:00-04:00,91.44999694824219,91.50499725341797,91.16449737548828,91.25,53990,0.0,0.0,0.0
2024-07-18 15:30:00-04:00,91.25,91.45999908447266,91.23989868164062,91.27999877929688,54143,0.0,0.0,0.0
2024-07-19 09:30:00-04:00,91.30000305175781,91.30000305175781,90.87000274658203,90.87000274658203,62529,0.0,0.0,0.0
2024-07-19 10:30:00-04:00,90.9000015258789,90.97000122070312,90.67430114746094,90.69010162353516,19722,0.0,0.0,0.0
2024-07-19 11:30:00-04:00,90.62000274658203,91.0199966430664,90.5999984741211,90.79340362548828,423507,0.0,0.0,0.0
2024-07-19 12:30:00-04:00,90.77860260009766,90.83000183105469,90.58000183105469,90.63999938964844,58810,0.0,0.0,0.0
2024-07-19 13:30:00-04:00,90.61000061035156,90.79000091552734,90.60569763183594,90.63999938964844,135838,0.0,0.0,0.0
2024-07-19 14:30:00-04:00,90.66999816894531,90.87000274658203,90.56189727783203,90.81999969482422,39379,0.0,0.0,0.0
2024-07-19 15:30:00-04:00,90.78990173339844,90.79000091552734,90.56999969482422,90.6500015258789,26945,0.0,0.0,0.0
2024-07-22 09:30:00-04:00,90.91999816894531,91.02130126953125,90.33499908447266,90.6344985961914,61711,0.0,0.0,0.0
2024-07-22 10:30:00-04:00,90.6511001586914,91.02559661865234,90.6511001586914,90.8499984741211,116200,0.0,0.0,0.0
2024-07-22 11:30:00-04:00,90.83999633789062,90.85260009765625,90.7300033569336,90.73999786376953,41264,0.0,0.0,0.0
2024-07-22 12:30:00-04:00,90.70110321044922,91.01899719238281,90.68000030517578,90.98999786376953,27438,0.0,0.0,0.0
2024-07-22 13:30:00-04:00,90.9832992553711,91.04499816894531,90.82959747314453,90.89969635009766,135383,0.0,0.0,0.0
2024-07-22 14:30:00-04:00,90.87120056152344,91.04989624023438,90.87120056152344,91.01000213623047,58790,0.0,0.0,0.0
2024-07-22 15:30:00-04:00,91.03500366210938,91.0999984741211,90.99500274658203,91.09500122070312,49588,0.0,0.0,0.0
2024-07-23 09:30:00-04:00,91.08999633789062,91.10990142822266,90.80000305175781,90.95500183105469,115918,0.0,0.0,0.0
2024-07-23 10:30:00-04:00,91.00990295410156,91.05699920654297,90.7426986694336,90.85870361328125,40942,0.0,0.0,0.0
2024-07-23 11:30:00-04:00,90.86000061035156,91.01899719238281,90.8292007446289,90.86000061035156,52139,0.0,0.0,0.0
2024-07-23 12:30:00-04:00,90.79989624023438,90.88009643554688,90.79000091552734,90.83409881591797,27271,0.0,0.0,0.0
2024-07-23 13:30:00-04:00,90.81999969482422,91.00900268554688,90.78500366210938,90.94999694824219,25912,0.0,0.0,0.0
2024-07-23 14:30:00-04:00,90.9749984741211,91.04499816894531,90.90249633789062,90.97109985351562,68541,0.0,0.0,0.0
2024-07-23 15:30:00-04:00,90.92500305175781,90.93000030517578,90.68000030517578,90.72640228271484,28928,0.0,0.0,0.0
2024-07-24 09:30:00-04:00,90.58999633789062,90.93000030517578,90.2699966430664,90.36000061035156,86001,0.0,0.0,0.0
2024-07-24 10:30:00-04:00,90.41000366210938,90.69000244140625,90.37999725341797,90.55999755859375,38293,0.0,0.0,0.0
2024-07-24 11:30:00-04:00,90.58000183105469,90.91999816894531,90.58000183105469,90.8593978881836,47901,0.0,0.0,0.0
2024-07-24 12:30:00-04:00,90.84919738769531,90.87000274658203,90.73989868164062,90.73989868164062,33361,0.0,0.0,0.0
2024-07-24 13:30:00-04:00,90.70999908447266,90.83270263671875,90.64920043945312,90.68000030517578,46154,0.0,0.0,0.0
2024-07-24 14:30:00-04:00,90.689697265625,90.72000122070312,90.48169708251953,90.51000213623047,66960,0.0,0.0,0.0
2024-07-24 15:30:00-04:00,90.5199966430664,90.58000183105469,90.28500366210938,90.37999725341797,37192,0.0,0.0,0.0
2024-07-25 09:30:00-04:00,90.37000274658203,91.33000183105469,90.3499984741211,91.21009826660156,56590,0.0,0.0,0.0
2024-07-25 10:30:00-04:00,91.19000244140625,91.25,90.8499984741211,91.16000366210938,104004,0.0,0.0,0.0
2024-07-25 11:30:00-04:00,91.19509887695312,91.51000213623047,91.19000244140625,91.5,55130,0.0,0.0,0.0
2024-07-25 12:30:00-04:00,91.49500274658203,91.63099670410156,91.35810089111328,91.35810089111328,38544,0.0,0.0,0.0
2024-07-25 13:30:00-04:00,91.36000061035156,91.37000274658203,91.0199966430664,91.0199966430664,47988,0.0,0.0,0.0
2024-07-25 14:30:00-04:00,91.05000305175781,91.11000061035156,90.73179626464844,91.08999633789062,38511,0.0,0.0,0.0
2024-07-25 15:30:00-04:00,91.07250213623047,91.08999633789062,90.58999633789062,90.58999633789062,34868,0.0,0.0,0.0
2024-07-26 09:30:00-04:00,91.02999877929688,91.74500274658203,91.02999877929688,91.74500274658203,0,0.0,0.0,0.0
2024-07-26 10:30:00-04:00,91.6500015258789,91.69999694824219,91.3949966430664,91.64089965820312,69211,0.0,0.0,0.0
2024-07-26 11:30:00-04:00,91.6500015258789,92.0,91.59159851074219,91.88500213623047,54949,0.0,0.0,0.0
2024-07-26 12:30:00-04:00,91.87999725341797,92.07129669189453,91.8030014038086,92.07129669189453,31169,0.0,0.0,0.0
2024-07-26 13:30:00-04:00,92.06069946289062,92.06069946289062,91.72560119628906,91.8499984741211,43561,0.0,0.0,0.0
2024-07-26 14:30:00-04:00,91.79010009765625,91.91000366210938,91.64720153808594,91.87999725341797,46170,0.0,0.0,0.0
2024-07-26 15:30:00-04:00,91.80999755859375,91.86000061035156,91.66000366210938,91.79000091552734,36203,0.0,0.0,0.0
2024-07-29 09:30:00-04:00,91.97000122070312,91.97000122070312,91.43499755859375,91.58000183105469,143386,0.0,0.0,0.0
2024-07-29 10:30:00-04:00,91.38999938964844,91.62779998779297,91.30400085449219,91.62310028076172,104163,0.0,0.0,0.0
2024-07-29 11:30:00-04:00,91.58000183105469,91.88009643554688,91.51000213623047,91.74729919433594,58348,0.0,0.0,0.0
2024-07-29 12:30:00-04:00,91.76899719238281,91.82869720458984,91.7249984741211,91.7249984741211,34140,0.0,0.0,0.0
2024-07-29 13:30:00-04:00,91.68000030517578,91.76840209960938,91.6500015258789,91.75399780273438,69382,0.0,0.0,0.0
2024-07-29 14:30:00-04:00,91.76000213623047,91.83899688720703,91.70999908447266,91.81999969482422,59584,0.0,0.0,0.0
2024-07-29 15:30:00-04:00,91.81999969482422,91.95999908447266,91.75,91.77999877929688,34625,0.0,0.0,0.0
2024-07-30 09:30:00-04:00,91.93000030517578,92.38909912109375,91.93000030517578,92.16000366210938,74213,0.0,0.0,0.0
2024-07-30 10:30:00-04:00,92.17500305175781,92.22599792480469,91.93609619140625,92.0,105186,0.0,0.0,0.0
2024-07-30 11:30:00-04:00,91.98999786376953,92.06999969482422,91.85359954833984,91.97000122070312,41480,0.0,0.0,0.0
2024-07-30 12:30:00-04:00,92.0000991821289,92.08999633789062,91.91010284423828,91.94999694824219,26493,0.0,0.0,0.0
2024-07-30 13:30:00-04:00,91.96420288085938,92.16999816894531,91.96420288085938,92.05000305175781,50295,0.0,0.0,0.0
2024-07-30 14:30:00-04:00,92.08000183105469,92.16999816894531,91.95999908447266,92.1511001586914,46460,0.0,0.0,0.0
2024-07-30 15:30:00-04:00,92.13999938964844,92.44719696044922,92.13999938964844,92.2300033569336,55264,0.0,0.0,0.0
2024-07-31 09:30:00-04:00,92.66000366210938,92.66000366210938,92.20059967041016,92.62999725341797,0,0.0,0.0,0.0
2024-07-31 10:30:00-04:00,92.63500213623047,92.80010223388672,92.58999633789062,92.75,89745,0.0,0.0,0.0
2024-07-31 11:30:00-04:00,92.73999786376953,92.83899688720703,92.6946029663086,92.80000305175781,50185,0.0,0.0,0.0
2024-07-31 12:30:00-04:00,92.80999755859375,92.88999938964844,92.63999938964844,92.63999938964844,47777,0.0,0.0,0.0
2024-07-31 13:30:00-04:00,92.5999984741211,92.7739028930664,92.55999755859375,92.72779846191406,23408,0.0,0.0,0.0
2024-07-31 14:30:00-04:00,92.77999877929688,93.08000183105469,92.44740295410156,92.50350189208984,42148,0.0,0.0,0.0
2024-07-31 15:30:00-04:00,92.45999908447266,92.71050262451172,92.37000274658203,92.38500213623047,37979,0.0,0.0,0.0
2024-08-01 09:30:00-04:00,92.62999725341797,92.81999969482422,91.90010070800781,91.92500305175781,76670,0.0,0.0,0.0
2024-08-01 10:30:00-04:00,91.92990112304688,91.92990112304688,91.46499633789062,91.5199966430664,82449,0.0,0.0,0.0
2024-08-01 11:30:00-04:00,91.52999877929688,91.72000122070312,91.46499633789062,91.6050033569336,148785,0.0,0.0,0.0
2024-08-01 12:30:00-04:00,91.64969635009766,91.64969635009766,91.40789794921875,91.51000213623047,52244,0.0,0.0,0.0
2024-08-01 13:30:00-04:00,91.44640350341797,91.52999877929688,91.31999969482422,91.37000274658203,41956,0.0,0.0,0.0
2024-08-01 14:30:00-04:00,91.35089874267578,91.48999786376953,91.26000213623047,91.46949768066406,66677,0.0,0.0,0.0
2024-08-01 15:30:00-04:00,91.48989868164062,91.75,91.48989868164062,91.66999816894531,366850,0.0,0.0,0.0
2024-08-02 09:30:00-04:00,90.97000122070312,91.31999969482422,90.15070343017578,90.1803970336914,104630,0.0,0.0,0.0
2024-08-02 10:30:00-04:00,90.11000061035156,90.19999694824219,89.48999786376953,89.55000305175781,93430,0.0,0.0,0.0
2024-08-02 11:30:00-04:00,89.56999969482422,90.11730194091797,89.54000091552734,90.11080169677734,58164,0.0,0.0,0.0
2024-08-02 12:30:00-04:00,90.11000061035156,90.20999908447266,89.91000366210938,89.93009948730469,58870,0.0,0.0,0.0
2024-08-02 13:30:00-04:00,89.87999725341797,89.98999786376953,89.67980194091797,89.98629760742188,36665,0.0,0.0,0.0
2024-08-02 14:30:00-04:00,89.9917984008789,90.19000244140625,89.90499877929688,90.16999816894531,84836,0.0,0.0,0.0
2024-08-02 15:30:00-04:00,90.2051010131836,90.38999938964844,90.0199966430664,90.38999938964844,40097,0.0,0.0,0.0
2024-08-05 09:30:00-04:00,88.7782974243164,88.83000183105469,87.94000244140625,87.9800033569336,200703,0.0,0.0,0.0
2024-08-05 10:30:00-04:00,88.02999877929688,88.39920043945312,87.93499755859375,88.33999633789062,89991,0.0,0.0,0.0
2024-08-05 11:30:00-04:00,88.37000274658203,88.91500091552734,88.36029815673828,88.87999725341797,61744,0.0,0.0,0.0
2024-08-05 12:30:00-04:00,88.88999938964844,88.88999938964844,88.33499908447266,88.49500274658203,55372,0.0,0.0,0.0
2024-08-05 13:30:00-04:00,88.41999816894531,88.5436019897461,88.26000213623047,88.53070068359375,71231,0.0,0.0,0.0
2024-08-05 14:30:00-04:00,88.51000213623047,88.5199966430664,88.11150360107422,88.13150024414062,67816,0.0,0.0,0.0
2024-08-05 15:30:00-04:00,88.13999938964844,88.16000366210938,87.93949890136719,88.16000366210938,86617,0.0,0.0,0.0
2024-08-06 09:30:00-04:00,88.38999938964844,89.4800033569336,88.125,89.30999755859375,65653,0.0,0.0,0.0
2024-08-06 10:30:00-04:00,89.2300033569336,89.55000305175781,88.93000030517578,88.94999694824219,130978,0.0,0.0,0.0
2024-08-06 11:30:00-04:00,88.9280014038086,89.47000122070312,88.91000366210938,89.38990020751953,103995,0.0,0.0,0.0
2024-08-06 12:30:00-04:00,89.37999725341797,89.58989715576172,89.27069854736328,89.56990051269531,47349,0.0,0.0,0.0
2024-08-06 13:30:00-04:00,89.58999633789062,89.75,89.4801025390625,89.75,86121,0.0,0.0,0.0
2024-08-06 14:30:00-04:00,89.76000213623047,89.87989807128906,89.26000213623047,89.55999755859375,115592,0.0,0.0,0.0
2024-08-06 15:30:00-04:00,89.4800033569336,89.51000213623047,88.86000061035156,88.86000061035156,106904,0.0,0.0,0.0
2024-08-07 09:30:00-04:00,89.54000091552734,90.10369873046875,89.3499984741211,89.7300033569336,141021,0.0,0.0,0.0
2024-08-07 10:30:00-04:00,89.75,90.01969909667969,89.70999908447266,89.91999816894531,66067,0.0,0.0,0.0
2024-08-07 11:30:00-04:00,89.92900085449219,90.0,89.53739929199219,89.70570373535156,64605,0.0,0.0,0.0
2024-08-07 12:30:00-04:00,89.68000030517578,89.70999908447266,89.01000213623047,89.19259643554688,40824,0.0,0.0,0.0
2024-08-07 13:30:00-04:00,89.19000244140625,89.34980010986328,88.62000274658203,88.7300033569336,51500,0.0,0.0,0.0
2024-08-07 14:30:00-04:00,88.71949768066406,88.87000274658203,88.56330108642578,88.81900024414062,41162,0.0,0.0,0.0
2024-08-07 15:30:00-04:00,88.79499816894531,88.90850067138672,88.41500091552734,88.4800033569336,37906,0.0,0.0,0.0
2024-08-08 09:30:00-04:00,88.81999969482422,89.60399627685547,88.72010040283203,89.5999984741211,99912,0.0,0.0,0.0
2024-08-08 10:30:00-04:00,89.51270294189453,89.68000030517578,89.4800033569336,89.67120361328125,58435,0.0,0.0,0.0
2024-08-08 11:30:00-04:00,89.5999984741211,89.63999938964844,89.45999908447266,89.57990264892578,48780,0.0,0.0,0.0
2024-08-08 12:30:00-04:00,89.5,89.72709655761719,89.31999969482422,89.72109985351562,32184,0.0,0.0,0.0
2024-08-08 13:30:00-04:00,89.7300033569336,89.87000274658203,89.67500305175781,89.77999877929688,60445,0.0,0.0,0.0
2024-08-08 14:30:00-04:00,89.77999877929688,89.87000274658203,89.66000366210938,89.80000305175781,70701,0.0,0.0,0.0
2024-08-08 15:30:00-04:00,89.76000213623047,89.87999725341797,89.6050033569336,89.83000183105469,47461,0.0,0.0,0.0
2024-08-09 09:30:00-04:00,89.66349792480469,89.75,89.25,89.68499755859375,130135,0.0,0.0,0.0
2024-08-09 10:30:00-04:00,89.66999816894531,89.87999725341797,89.54000091552734,89.80999755859375,35055,0.0,0.0,0.0
2024-08-09 11:30:00-04:00,89.69999694824219,89.78849792480469,89.59709930419922,89.62999725341797,42462,0.0,0.0,0.0
2024-08-09 12:30:00-04:00,89.6698989868164,89.98999786376953,89.6698989868164,89.98999786376953,32126,0.0,0.0,0.0
2024-08-09 13:30:00-04:00,90.12999725341797,90.12999725341797,89.73999786376953,89.74330139160156,24611,0.0,0.0,0.0
2024-08-09 14:30:00-04:00,89.75990295410156,89.94000244140625,89.69999694824219,89.91999816894531,34544,0.0,0.0,0.0
2024-08-09 15:30:00-04:00,89.91000366210938,89.97989654541016,89.78500366210938,89.9000015258789,29524,0.0,0.0,0.0
2024-08-12 09:30:00-04:00,90.0999984741211,90.0999984741211,89.41000366210938,89.67009735107422,76797,0.0,0.0,0.0
2024-08-12 10:30:00-04:00,89.68350219726562,89.9219970703125,89.49359893798828,89.55180358886719,94867,0.0,0.0,0.0
2024-08-12 11:30:00-04:00,89.52999877929688,89.81999969482422,89.52999877929688,89.65689849853516,36879,0.0,0.0,0.0
2024-08-12 12:30:00-04:00,89.63999938964844,89.6500015258789,89.4000015258789,89.54910278320312,45282,0.0,0.0,0.0
2024-08-12 13:30:00-04:00,89.57279968261719,89.5999984741211,89.36000061035156,89.43000030517578,78311,0.0,0.0,0.0
2024-08-12 14:30:00-04:00,89.41999816894531,89.53900146484375,89.41560363769531,89.52899932861328,70152,0.0,0.0,0.0
2024-08-12 15:30:00-04:00,89.52899932861328,89.52899932861328,89.37000274658203,89.5199966430664,66107,0.0,0.0,0.0
2024-08-13 09:30:00-04:00,89.91000366210938,89.98999786376953,89.51000213623047,89.6500015258789,101621,0.0,0.0,0.0
2024-08-13 10:30:00-04:00,89.581298828125,89.875,89.5801010131836,89.83999633789062,90082,0.0,0.0,0.0
2024-08-13 11:30:00-04:00,89.81009674072266,90.08450317382812,89.81009674072266,89.9989013671875,33509,0.0,0.0,0.0
2024-08-13 12:30:00-04:00,89.9800033569336,90.19999694824219,89.94000244140625,90.08000183105469,54432,0.0,0.0,0.0
2024-08-13 13:30:00-04:00,90.03340148925781,90.16899871826172,89.96029663085938,90.1500015258789,37573,0.0,0.0,0.0
2024-08-13 14:30:00-04:00,90.13999938964844,90.28250122070312,90.1238021850586,90.26609802246094,63300,0.0,0.0,0.0
2024-08-13 15:30:00-04:00,90.26000213623047,90.4083023071289,90.22010040283203,90.3499984741211,48175,0.0,0.0,0.0
2024-08-14 09:30:00-04:00,90.33999633789062,90.58000183105469,90.33999633789062,90.5636978149414,56822,0.0,0.0,0.0
2024-08-14 10:30:00-04:00,90.54010009765625,90.57019805908203,90.4000015258789,90.57019805908203,67975,0.0,0.0,0.0
2024-08-14 11:30:00-04:00,90.591796875,90.80000305175781,90.54000091552734,90.55919647216797,64779,0.0,0.0,0.0
2024-08-14 12:30:00-04:00,90.56999969482422,90.73989868164062,90.55999755859375,90.69000244140625,28938,0.0,0.0,0.0
2024-08-14 13:30:00-04:00,90.68000030517578,90.80000305175781,90.67890167236328,90.7300033569336,39463,0.0,0.0,0.0
2024-08-14 14:30:00-04:00,90.7311019897461,90.95999908447266,90.7311019897461,90.79109954833984,62378,0.0,0.0,0.0
2024-08-14 15:30:00-04:00,90.73999786376953,90.83000183105469,90.69499969482422,90.75,53618,0.0,0.0,0.0
2024-08-15 09:30:00-04:00,91.60800170898438,91.80500030517578,91.31009674072266,91.40370178222656,80255,0.0,0.0,0.0
2024-08-15 10:30:00-04:00,91.45999908447266,91.73149871826172,91.41000366210938,91.66999816894531,71424,0.0,0.0,0.0
2024-08-15 11:30:00-04:00,91.66480255126953,91.77159881591797,91.62059783935547,91.77159881591797,44780,0.0,0.0,0.0
2024-08-15 12:30:00-04:00,91.75,91.77999877929688,91.5999984741211,91.72000122070312,277270,0.0,0.0,0.0
2024-08-15 13:30:00-04:00,91.72989654541016,91.75,91.66999816894531,91.73999786376953,68631,0.0,0.0,0.0
2024-08-15 14:30:00-04:00,91.7300033569336,91.83999633789062,91.72000122070312,91.83999633789062,68371,0.0,0.0,0.0
2024-08-15 15:30:00-04:00,91.83000183105469,91.86000061035156,91.62000274658203,91.70999908447266,79444,0.0,0.0,0.0
2024-08-16 09:30:00-04:00,91.73999786376953,91.94499969482422,91.67500305175781,91.68000030517578,75388,0.0,0.0,0.0
2024-08-16 10:30:00-04:00,91.68000030517578,91.86000061035156,91.625,91.85690307617188,43944,0.0,0.0,0.0
2024-08-16 11:30:00-04:00,91.83999633789062,91.93000030517578,91.7500991821289,91.86990356445312,34859,0.0,0.0,0.0
2024-08-16 12:30:00-04:00,91.87000274658203,92.04850006103516,91.87000274658203,91.98999786376953,25547,0.0,0.0,0.0
2024-08-16 13:30:00-04:00,91.99500274658203,92.05000305175781,91.95999908447266,92.01850128173828,35645,0.0,0.0,0.0
2024-08-16 14:30:00-04:00,92.01000213623047,92.12000274658203,92.0,92.04499816894531,60455,0.0,0.0,0.0
2024-08-16 15:30:00-04:00,92.0199966430664,92.09500122070312,92.0,92.08999633789062,37034,0.0,0.0,0.0
