Datetime,Open,High,Low,Close,Volume,Dividends,Stock Splits
2022-08-18 09:30:00-04:00,6.730000019073486,7.199999809265137,6.440000057220459,7.170000076293945,88429,0.0,0.0
2022-08-18 10:30:00-04:00,7.184999942779541,7.25,7.010000228881836,7.21999979019165,50364,0.0,0.0
2022-08-18 11:30:00-04:00,7.21999979019165,7.297299861907959,6.889999866485596,6.900000095367432,30657,0.0,0.0
2022-08-18 12:30:00-04:00,6.914999961853027,7.070000171661377,6.914999961853027,7.019999980926514,15421,0.0,0.0
2022-08-18 13:30:00-04:00,7.008900165557861,7.210000038146973,7.008900165557861,7.079999923706055,31876,0.0,0.0
2022-08-18 14:30:00-04:00,7.090000152587891,7.300000190734863,7.085000038146973,7.235000133514404,35839,0.0,0.0
2022-08-18 15:30:00-04:00,7.21999979019165,7.244999885559082,7.079999923706055,7.099999904632568,40345,0.0,0.0
2022-08-19 09:30:00-04:00,6.96999979019165,7.070000171661377,6.510000228881836,6.664999961853027,68422,0.0,0.0
2022-08-19 10:30:00-04:00,6.659999847412109,6.880000114440918,6.610000133514404,6.699999809265137,40402,0.0,0.0
2022-08-19 11:30:00-04:00,6.679999828338623,6.769999980926514,6.659999847412109,6.715000152587891,23574,0.0,0.0
2022-08-19 12:30:00-04:00,6.699999809265137,6.829999923706055,6.650000095367432,6.781000137329102,28863,0.0,0.0
2022-08-19 13:30:00-04:00,6.809999942779541,7.03000020980835,6.809999942779541,6.920199871063232,59631,0.0,0.0
2022-08-19 14:30:00-04:00,6.869999885559082,7.0,6.869999885559082,6.949999809265137,36557,0.0,0.0
2022-08-19 15:30:00-04:00,6.989999771118164,7.0,6.829999923706055,6.900000095367432,86377,0.0,0.0
2022-08-22 09:30:00-04:00,6.71999979019165,6.789999961853027,6.329999923706055,6.71999979019165,43300,0.0,0.0
2022-08-22 10:30:00-04:00,6.71999979019165,6.71999979019165,6.559999942779541,6.571400165557861,22210,0.0,0.0
2022-08-22 11:30:00-04:00,6.570000171661377,6.639999866485596,6.460000038146973,6.5808000564575195,40526,0.0,0.0
2022-08-22 12:30:00-04:00,6.579999923706055,6.659999847412109,6.570000171661377,6.610000133514404,20279,0.0,0.0
2022-08-22 13:30:00-04:00,6.610000133514404,6.610000133514404,6.5,6.545000076293945,34960,0.0,0.0
2022-08-22 14:30:00-04:00,6.550000190734863,6.550000190734863,6.380000114440918,6.429999828338623,29855,0.0,0.0
2022-08-22 15:30:00-04:00,6.439899921417236,6.440000057220459,6.25,6.360000133514404,57146,0.0,0.0
2022-08-23 09:30:00-04:00,6.389999866485596,6.769999980926514,6.389999866485596,6.5,55243,0.0,0.0
2022-08-23 10:30:00-04:00,6.5,6.659999847412109,6.5,6.519999980926514,35190,0.0,0.0
2022-08-23 11:30:00-04:00,6.519999980926514,6.550000190734863,6.5,6.519999980926514,10524,0.0,0.0
2022-08-23 12:30:00-04:00,6.5,6.539999961853027,6.400000095367432,6.514999866485596,60366,0.0,0.0
2022-08-23 13:30:00-04:00,6.559999942779541,6.690000057220459,6.514999866485596,6.59499979019165,25504,0.0,0.0
2022-08-23 14:30:00-04:00,6.599999904632568,6.679999828338623,6.570000171661377,6.619999885559082,25336,0.0,0.0
2022-08-23 15:30:00-04:00,6.610000133514404,6.610000133514404,6.510000228881836,6.539999961853027,27253,0.0,0.0
2022-08-24 09:30:00-04:00,6.630000114440918,6.639999866485596,6.420000076293945,6.519999980926514,18283,0.0,0.0
2022-08-24 10:30:00-04:00,6.489999771118164,6.710000038146973,6.360000133514404,6.610000133514404,40828,0.0,0.0
2022-08-24 11:30:00-04:00,6.599999904632568,6.639999866485596,6.510000228881836,6.610000133514404,24222,0.0,0.0
2022-08-24 12:30:00-04:00,6.590000152587891,6.590000152587891,6.460000038146973,6.460000038146973,26315,0.0,0.0
2022-08-24 13:30:00-04:00,6.460000038146973,6.590000152587891,6.460000038146973,6.590000152587891,23227,0.0,0.0
2022-08-24 14:30:00-04:00,6.580599784851074,6.630000114440918,6.550000190734863,6.550000190734863,24708,0.0,0.0
2022-08-24 15:30:00-04:00,6.550000190734863,6.599999904632568,6.519999980926514,6.539999961853027,37409,0.0,0.0
2022-08-25 09:30:00-04:00,6.639999866485596,6.842700004577637,6.519999980926514,6.610000133514404,34177,0.0,0.0
2022-08-25 10:30:00-04:00,6.610000133514404,6.690000057220459,6.517499923706055,6.574999809265137,15877,0.0,0.0
2022-08-25 11:30:00-04:00,6.550000190734863,6.659999847412109,6.519999980926514,6.610000133514404,16134,0.0,0.0
2022-08-25 12:30:00-04:00,6.628900051116943,6.659999847412109,6.480000019073486,6.525000095367432,21395,0.0,0.0
2022-08-25 13:30:00-04:00,6.544000148773193,6.610000133514404,6.449999809265137,6.554999828338623,24061,0.0,0.0
2022-08-25 14:30:00-04:00,6.559999942779541,6.590000152587891,6.4608001708984375,6.570000171661377,18821,0.0,0.0
2022-08-25 15:30:00-04:00,6.559999942779541,6.659999847412109,6.489999771118164,6.619999885559082,40842,0.0,0.0
2022-08-26 09:30:00-04:00,6.75,6.840000152587891,6.619999885559082,6.699999809265137,54125,0.0,0.0
2022-08-26 10:30:00-04:00,6.670000076293945,6.760000228881836,6.610000133514404,6.65500020980835,39984,0.0,0.0
2022-08-26 11:30:00-04:00,6.659999847412109,6.710000038146973,6.635000228881836,6.65500020980835,16492,0.0,0.0
2022-08-26 12:30:00-04:00,6.670000076293945,6.755000114440918,6.644999980926514,6.699999809265137,27803,0.0,0.0
2022-08-26 13:30:00-04:00,6.690000057220459,6.710000038146973,6.619999885559082,6.639999866485596,31074,0.0,0.0
2022-08-26 14:30:00-04:00,6.614999771118164,6.829999923706055,6.613999843597412,6.800000190734863,38543,0.0,0.0
2022-08-26 15:30:00-04:00,6.795000076293945,6.860000133514404,6.760000228881836,6.849999904632568,46495,0.0,0.0
2022-08-29 09:30:00-04:00,6.78000020980835,7.039999961853027,6.699999809265137,7.039999961853027,38943,0.0,0.0
2022-08-29 10:30:00-04:00,7.059999942779541,7.150000095367432,6.849999904632568,6.900000095367432,25574,0.0,0.0
2022-08-29 11:30:00-04:00,6.880000114440918,6.889999866485596,6.699999809265137,6.739999771118164,21713,0.0,0.0
2022-08-29 12:30:00-04:00,6.78000020980835,6.989999771118164,6.769999980926514,6.980000019073486,20732,0.0,0.0
2022-08-29 13:30:00-04:00,6.980000019073486,6.996699810028076,6.849999904632568,6.925000190734863,18976,0.0,0.0
2022-08-29 14:30:00-04:00,6.929999828338623,6.940000057220459,6.849999904632568,6.909999847412109,28339,0.0,0.0
2022-08-29 15:30:00-04:00,6.904900074005127,6.904900074005127,6.78000020980835,6.789999961853027,35192,0.0,0.0
2022-08-30 09:30:00-04:00,6.78000020980835,6.820000171661377,6.639999866485596,6.710000038146973,19615,0.0,0.0
2022-08-30 10:30:00-04:00,6.710000038146973,6.730000019073486,6.576399803161621,6.590000152587891,46670,0.0,0.0
2022-08-30 11:30:00-04:00,6.610000133514404,6.71999979019165,6.610000133514404,6.690000057220459,23794,0.0,0.0
2022-08-30 12:30:00-04:00,6.670000076293945,6.670000076293945,6.5,6.590000152587891,24895,0.0,0.0
2022-08-30 13:30:00-04:00,6.570000171661377,6.670000076293945,6.559999942779541,6.650000095367432,18785,0.0,0.0
2022-08-30 14:30:00-04:00,6.670000076293945,6.829999923706055,6.670000076293945,6.789999961853027,24881,0.0,0.0
2022-08-30 15:30:00-04:00,6.7993998527526855,6.800000190734863,6.730000019073486,6.75,45703,0.0,0.0
2022-08-31 09:30:00-04:00,6.860000133514404,7.085000038146973,6.614999771118164,6.659999847412109,33056,0.0,0.0
2022-08-31 10:30:00-04:00,6.670000076293945,6.71999979019165,6.519999980926514,6.591300010681152,17558,0.0,0.0
2022-08-31 11:30:00-04:00,6.610000133514404,6.613999843597412,6.510000228881836,6.534999847412109,18220,0.0,0.0
2022-08-31 12:30:00-04:00,6.550000190734863,6.590000152587891,6.420000076293945,6.440000057220459,18843,0.0,0.0
2022-08-31 13:30:00-04:00,6.449999809265137,6.599999904632568,6.409999847412109,6.480000019073486,25207,0.0,0.0
2022-08-31 14:30:00-04:00,6.480000019073486,6.480000019073486,6.360000133514404,6.360000133514404,20983,0.0,0.0
2022-08-31 15:30:00-04:00,6.360000133514404,6.394999980926514,6.320000171661377,6.380000114440918,28876,0.0,0.0
2022-09-01 09:30:00-04:00,6.400000095367432,6.400000095367432,5.889999866485596,6.019999980926514,47680,0.0,0.0
2022-09-01 10:30:00-04:00,5.96999979019165,5.989999771118164,5.829999923706055,5.880000114440918,43235,0.0,0.0
2022-09-01 11:30:00-04:00,5.880000114440918,5.949999809265137,5.869999885559082,5.909999847412109,24438,0.0,0.0
2022-09-01 12:30:00-04:00,5.889999866485596,5.949999809265137,5.860000133514404,5.949999809265137,30687,0.0,0.0
2022-09-01 13:30:00-04:00,5.940000057220459,5.949999809265137,5.900000095367432,5.93720006942749,16530,0.0,0.0
2022-09-01 14:30:00-04:00,5.940000057220459,6.079999923706055,5.940000057220459,6.03000020980835,22298,0.0,0.0
2022-09-01 15:30:00-04:00,6.03000020980835,6.090000152587891,5.989999771118164,6.070000171661377,28271,0.0,0.0
2022-09-02 09:30:00-04:00,6.260000228881836,6.260000228881836,5.960000038146973,6.070000171661377,49661,0.0,0.0
2022-09-02 10:30:00-04:00,6.090000152587891,6.139999866485596,6.070000171661377,6.090000152587891,20175,0.0,0.0
2022-09-02 11:30:00-04:00,6.059999942779541,6.119999885559082,6.059999942779541,6.099999904632568,12436,0.0,0.0
2022-09-02 12:30:00-04:00,6.099999904632568,6.139999866485596,6.039999961853027,6.119999885559082,28098,0.0,0.0
2022-09-02 13:30:00-04:00,6.130000114440918,6.150000095367432,6.079999923706055,6.150000095367432,24392,0.0,0.0
2022-09-02 14:30:00-04:00,6.139999866485596,6.190000057220459,6.119999885559082,6.159999847412109,25237,0.0,0.0
2022-09-02 15:30:00-04:00,6.175000190734863,6.190000057220459,6.132500171661377,6.179999828338623,37405,0.0,0.0
2022-09-06 09:30:00-04:00,6.239999771118164,6.579999923706055,6.019999980926514,6.150000095367432,45986,0.0,0.0
2022-09-06 10:30:00-04:00,6.170000076293945,6.300000190734863,6.139999866485596,6.184999942779541,25030,0.0,0.0
2022-09-06 11:30:00-04:00,6.175000190734863,6.260000228881836,6.170000076293945,6.199999809265137,18798,0.0,0.0
2022-09-06 12:30:00-04:00,6.199999809265137,6.25,6.119999885559082,6.135000228881836,21473,0.0,0.0
2022-09-06 13:30:00-04:00,6.150000095367432,6.230000019073486,6.150000095367432,6.159999847412109,29865,0.0,0.0
2022-09-06 14:30:00-04:00,6.130000114440918,6.21999979019165,6.109000205993652,6.164999961853027,33893,0.0,0.0
2022-09-06 15:30:00-04:00,6.179999828338623,6.210000038146973,6.150000095367432,6.170000076293945,39908,0.0,0.0
2022-09-07 09:30:00-04:00,6.300000190734863,6.460000038146973,6.199999809265137,6.369999885559082,24426,0.0,0.0
2022-09-07 10:30:00-04:00,6.400000095367432,6.420000076293945,6.320000171661377,6.394999980926514,15118,0.0,0.0
2022-09-07 11:30:00-04:00,6.394999980926514,6.400000095367432,6.300000190734863,6.394999980926514,13152,0.0,0.0
2022-09-07 12:30:00-04:00,6.394999980926514,6.429999828338623,6.349999904632568,6.400000095367432,15049,0.0,0.0
2022-09-07 13:30:00-04:00,6.400000095367432,6.429999828338623,6.369999885559082,6.409999847412109,16511,0.0,0.0
2022-09-07 14:30:00-04:00,6.409999847412109,6.449999809265137,6.380000114440918,6.440000057220459,17296,0.0,0.0
2022-09-07 15:30:00-04:00,6.46999979019165,6.610000133514404,6.46999979019165,6.599999904632568,33799,0.0,0.0
2022-09-08 09:30:00-04:00,6.449999809265137,6.579999923706055,6.300000190734863,6.429999828338623,19502,0.0,0.0
2022-09-08 10:30:00-04:00,6.429999828338623,6.460000038146973,6.360000133514404,6.440000057220459,11761,0.0,0.0
2022-09-08 11:30:00-04:00,6.460000038146973,6.460000038146973,6.239999771118164,6.269999980926514,11706,0.0,0.0
2022-09-08 12:30:00-04:00,6.239999771118164,6.380000114440918,6.239999771118164,6.369999885559082,19123,0.0,0.0
2022-09-08 13:30:00-04:00,6.340000152587891,6.389999866485596,6.320000171661377,6.34499979019165,9926,0.0,0.0
2022-09-08 14:30:00-04:00,6.340400218963623,6.429999828338623,6.300000190734863,6.429999828338623,14032,0.0,0.0
2022-09-08 15:30:00-04:00,6.409999847412109,6.449999809265137,6.340400218963623,6.440000057220459,21510,0.0,0.0
2022-09-09 09:30:00-04:00,6.489999771118164,6.734000205993652,6.489999771118164,6.601099967956543,15011,0.0,0.0
2022-09-09 10:30:00-04:00,6.650000095367432,6.710000038146973,6.610000133514404,6.610000133514404,24668,0.0,0.0
2022-09-09 11:30:00-04:00,6.610000133514404,6.630000114440918,6.534999847412109,6.550000190734863,19639,0.0,0.0
2022-09-09 12:30:00-04:00,6.550000190734863,6.619999885559082,6.494999885559082,6.525000095367432,20413,0.0,0.0
2022-09-09 13:30:00-04:00,6.539999961853027,6.550000190734863,6.409999847412109,6.440000057220459,15240,0.0,0.0
2022-09-09 14:30:00-04:00,6.434999942779541,6.440000057220459,6.380000114440918,6.440000057220459,17702,0.0,0.0
2022-09-09 15:30:00-04:00,6.429999828338623,6.519999980926514,6.389999866485596,6.440000057220459,42741,0.0,0.0
2022-09-12 09:30:00-04:00,6.53000020980835,6.789999961853027,6.53000020980835,6.730000019073486,22746,0.0,0.0
2022-09-12 10:30:00-04:00,6.730000019073486,6.75,6.5,6.534999847412109,21477,0.0,0.0
2022-09-12 11:30:00-04:00,6.519999980926514,6.519999980926514,6.340000152587891,6.445000171661377,22655,0.0,0.0
2022-09-12 12:30:00-04:00,6.440000057220459,6.460000038146973,6.320000171661377,6.338699817657471,22577,0.0,0.0
2022-09-12 13:30:00-04:00,6.324999809265137,6.380000114440918,6.289999961853027,6.34499979019165,23045,0.0,0.0
2022-09-12 14:30:00-04:00,6.329999923706055,6.554999828338623,6.260000228881836,6.539999961853027,74091,0.0,0.0
2022-09-12 15:30:00-04:00,6.550000190734863,6.559999942779541,6.480000019073486,6.489999771118164,49420,0.0,0.0
2022-09-13 09:30:00-04:00,6.300000190734863,6.480000019073486,6.190000057220459,6.335000038146973,27953,0.0,0.0
2022-09-13 10:30:00-04:00,6.320000171661377,6.380000114440918,6.199999809265137,6.260000228881836,26181,0.0,0.0
2022-09-13 11:30:00-04:00,6.260000228881836,6.340000152587891,6.235000133514404,6.28000020980835,19950,0.0,0.0
2022-09-13 12:30:00-04:00,6.28000020980835,6.320000171661377,6.210000038146973,6.21999979019165,16217,0.0,0.0
2022-09-13 13:30:00-04:00,6.25,6.260000228881836,6.125,6.125,24555,0.0,0.0
2022-09-13 14:30:00-04:00,6.123899936676025,6.139999866485596,5.920000076293945,5.925000190734863,21797,0.0,0.0
2022-09-13 15:30:00-04:00,5.920000076293945,5.960000038146973,5.889999866485596,5.909999847412109,37985,0.0,0.0
2022-09-14 09:30:00-04:00,5.900000095367432,5.929999828338623,5.599999904632568,5.929999828338623,49955,0.0,0.0
2022-09-14 10:30:00-04:00,5.90500020980835,6.110000133514404,5.880000114440918,6.0,35675,0.0,0.0
2022-09-14 11:30:00-04:00,6.0,6.099999904632568,5.991399765014648,6.010000228881836,21548,0.0,0.0
2022-09-14 12:30:00-04:00,6.010000228881836,6.099999904632568,5.980000019073486,6.09499979019165,20769,0.0,0.0
2022-09-14 13:30:00-04:00,6.079999923706055,6.090000152587891,5.989999771118164,6.019999980926514,21498,0.0,0.0
2022-09-14 14:30:00-04:00,6.050000190734863,6.090000152587891,6.019999980926514,6.03000020980835,23239,0.0,0.0
2022-09-14 15:30:00-04:00,6.019999980926514,6.09499979019165,6.010000228881836,6.059999942779541,43051,0.0,0.0
2022-09-15 09:30:00-04:00,6.019999980926514,6.320000171661377,6.019999980926514,6.25,30552,0.0,0.0
2022-09-15 10:30:00-04:00,6.230000019073486,6.230000019073486,5.949999809265137,6.03000020980835,34049,0.0,0.0
2022-09-15 11:30:00-04:00,6.039999961853027,6.130000114440918,5.929999828338623,5.929999828338623,27823,0.0,0.0
2022-09-15 12:30:00-04:00,5.934999942779541,6.079999923706055,5.929999828338623,6.079999923706055,24717,0.0,0.0
2022-09-15 13:30:00-04:00,6.074999809265137,6.074999809265137,5.920000076293945,6.0,22906,0.0,0.0
2022-09-15 14:30:00-04:00,6.010000228881836,6.019999980926514,5.90500020980835,5.90500020980835,29202,0.0,0.0
2022-09-15 15:30:00-04:00,5.909999847412109,5.949999809265137,5.900000095367432,5.900000095367432,31836,0.0,0.0
2022-09-16 09:30:00-04:00,5.769999980926514,5.789999961853027,5.679999828338623,5.690000057220459,25767,0.0,0.0
2022-09-16 10:30:00-04:00,5.699999809265137,5.820000171661377,5.690000057220459,5.730000019073486,18464,0.0,0.0
2022-09-16 11:30:00-04:00,5.724999904632568,5.739999771118164,5.659999847412109,5.739999771118164,15356,0.0,0.0
2022-09-16 12:30:00-04:00,5.739999771118164,5.789999961853027,5.71999979019165,5.71999979019165,14883,0.0,0.0
2022-09-16 13:30:00-04:00,5.710000038146973,5.739999771118164,5.670000076293945,5.677999973297119,15379,0.0,0.0
2022-09-16 14:30:00-04:00,5.639999866485596,5.639999866485596,5.570000171661377,5.616000175476074,32840,0.0,0.0
2022-09-16 15:30:00-04:00,5.590000152587891,5.690000057220459,5.440000057220459,5.440000057220459,145872,0.0,0.0
2022-09-19 09:30:00-04:00,5.349999904632568,5.744999885559082,5.349999904632568,5.489999771118164,50135,0.0,0.0
2022-09-19 10:30:00-04:00,5.449999809265137,5.550000190734863,5.429999828338623,5.429999828338623,34710,0.0,0.0
2022-09-19 11:30:00-04:00,5.429999828338623,5.519999980926514,5.420000076293945,5.420000076293945,29323,0.0,0.0
2022-09-19 12:30:00-04:00,5.440000057220459,5.519999980926514,5.440000057220459,5.445000171661377,31352,0.0,0.0
2022-09-19 13:30:00-04:00,5.460000038146973,5.559999942779541,5.449999809265137,5.559999942779541,26898,0.0,0.0
2022-09-19 14:30:00-04:00,5.550000190734863,5.570000171661377,5.449999809265137,5.510000228881836,47626,0.0,0.0
2022-09-19 15:30:00-04:00,5.510000228881836,5.619999885559082,5.480000019073486,5.579999923706055,68679,0.0,0.0
2022-09-20 09:30:00-04:00,5.519999980926514,5.630000114440918,5.489999771118164,5.590000152587891,10840,0.0,0.0
2022-09-20 10:30:00-04:00,5.53000020980835,5.534999847412109,5.389999866485596,5.409999847412109,26250,0.0,0.0
2022-09-20 11:30:00-04:00,5.409999847412109,5.420000076293945,5.309999942779541,5.320000171661377,13457,0.0,0.0
2022-09-20 12:30:00-04:00,5.320000171661377,5.349999904632568,5.159999847412109,5.159999847412109,29893,0.0,0.0
2022-09-20 13:30:00-04:00,5.150000095367432,5.429999828338623,5.130000114440918,5.420000076293945,43086,0.0,0.0
2022-09-20 14:30:00-04:00,5.409999847412109,5.5,5.409999847412109,5.480000019073486,32831,0.0,0.0
2022-09-20 15:30:00-04:00,5.46999979019165,5.519999980926514,5.309999942779541,5.335000038146973,52212,0.0,0.0
2022-09-21 09:30:00-04:00,5.349999904632568,5.349999904632568,5.159999847412109,5.201300144195557,11764,0.0,0.0
2022-09-21 10:30:00-04:00,5.199999809265137,5.25,5.144999980926514,5.25,15108,0.0,0.0
2022-09-21 11:30:00-04:00,5.239999771118164,5.400000095367432,5.210000038146973,5.400000095367432,17876,0.0,0.0
2022-09-21 12:30:00-04:00,5.394999980926514,5.429999828338623,5.360000133514404,5.385000228881836,21586,0.0,0.0
2022-09-21 13:30:00-04:00,5.375,5.409999847412109,5.249800205230713,5.309999942779541,21128,0.0,0.0
2022-09-21 14:30:00-04:00,5.300000190734863,5.489999771118164,5.25,5.369999885559082,40195,0.0,0.0
2022-09-21 15:30:00-04:00,5.369999885559082,5.375,5.284999847412109,5.289999961853027,37519,0.0,0.0
2022-09-22 09:30:00-04:00,5.269999980926514,5.28000020980835,5.150000095367432,5.239999771118164,18337,0.0,0.0
2022-09-22 10:30:00-04:00,5.255000114440918,5.269999980926514,5.119999885559082,5.130000114440918,28917,0.0,0.0
2022-09-22 11:30:00-04:00,5.139999866485596,5.150000095367432,5.019999980926514,5.019999980926514,29598,0.0,0.0
2022-09-22 12:30:00-04:00,5.019999980926514,5.039999961853027,4.880000114440918,5.03000020980835,63330,0.0,0.0
2022-09-22 13:30:00-04:00,5.03000020980835,5.03000020980835,4.869999885559082,4.920000076293945,36164,0.0,0.0
2022-09-22 14:30:00-04:00,4.909999847412109,4.96999979019165,4.88100004196167,4.920000076293945,30742,0.0,0.0
2022-09-22 15:30:00-04:00,4.920000076293945,4.980000019073486,4.909999847412109,4.960000038146973,32578,0.0,0.0
2022-09-23 09:30:00-04:00,5.059999942779541,5.059999942779541,4.849999904632568,5.03000020980835,29221,0.0,0.0
2022-09-23 10:30:00-04:00,5.050000190734863,5.059999942779541,4.96999979019165,5.039999961853027,14082,0.0,0.0
2022-09-23 11:30:00-04:00,5.03000020980835,5.039999961853027,4.980000019073486,4.980000019073486,10645,0.0,0.0
2022-09-23 12:30:00-04:00,4.971399784088135,5.03000020980835,4.96999979019165,5.0,11942,0.0,0.0
2022-09-23 13:30:00-04:00,5.019999980926514,5.03000020980835,4.900000095367432,4.929999828338623,10069,0.0,0.0
2022-09-23 14:30:00-04:00,4.920000076293945,4.940000057220459,4.889999866485596,4.909999847412109,26371,0.0,0.0
2022-09-23 15:30:00-04:00,4.920000076293945,5.059999942779541,4.914999961853027,4.96999979019165,44052,0.0,0.0
2022-09-26 09:30:00-04:00,4.960000038146973,5.150000095367432,4.960000038146973,5.119999885559082,13652,0.0,0.0
2022-09-26 10:30:00-04:00,5.090000152587891,5.130000114440918,5.054999828338623,5.070000171661377,15434,0.0,0.0
2022-09-26 11:30:00-04:00,5.070000171661377,5.099999904632568,4.96999979019165,4.96999979019165,13713,0.0,0.0
2022-09-26 12:30:00-04:00,4.978300094604492,4.980000019073486,4.920000076293945,4.920000076293945,7842,0.0,0.0
2022-09-26 13:30:00-04:00,4.929999828338623,4.949999809265137,4.889999866485596,4.949999809265137,13660,0.0,0.0
2022-09-26 14:30:00-04:00,4.949999809265137,4.960000038146973,4.900000095367432,4.909999847412109,11592,0.0,0.0
2022-09-26 15:30:00-04:00,4.889999866485596,4.929999828338623,4.880000114440918,4.900000095367432,23346,0.0,0.0
2022-09-27 09:30:00-04:00,4.96999979019165,5.119999885559082,4.960000038146973,5.079999923706055,14822,0.0,0.0
2022-09-27 10:30:00-04:00,5.090000152587891,5.176000118255615,5.090000152587891,5.139999866485596,12458,0.0,0.0
2022-09-27 11:30:00-04:00,5.139999866485596,5.139999866485596,5.010000228881836,5.050000190734863,11307,0.0,0.0
2022-09-27 12:30:00-04:00,5.059999942779541,5.070000171661377,5.019999980926514,5.03000020980835,8102,0.0,0.0
2022-09-27 13:30:00-04:00,5.019999980926514,5.025000095367432,4.96999979019165,4.96999979019165,7702,0.0,0.0
2022-09-27 14:30:00-04:00,4.989999771118164,5.059999942779541,4.96999979019165,5.03000020980835,12817,0.0,0.0
2022-09-27 15:30:00-04:00,5.019999980926514,5.050000190734863,4.989999771118164,5.03000020980835,17401,0.0,0.0
2022-09-28 09:30:00-04:00,5.050000190734863,5.110000133514404,4.929999828338623,5.110000133514404,20295,0.0,0.0
2022-09-28 10:30:00-04:00,5.130000114440918,5.139999866485596,5.050000190734863,5.079999923706055,0,0.0,0.0
2022-09-28 11:30:00-04:00,5.083000183105469,5.119999885559082,5.059999942779541,5.111599922180176,39344,0.0,0.0
2022-09-28 12:30:00-04:00,5.110000133514404,5.130000114440918,5.079999923706055,5.090000152587891,8803,0.0,0.0
2022-09-28 13:30:00-04:00,5.099999904632568,5.099999904632568,5.059999942779541,5.09499979019165,6224,0.0,0.0
2022-09-28 14:30:00-04:00,5.079999923706055,5.110000133514404,5.074999809265137,5.09499979019165,9800,0.0,0.0
2022-09-28 15:30:00-04:00,5.090000152587891,5.119999885559082,5.050000190734863,5.050000190734863,17829,0.0,0.0
2022-09-29 09:30:00-04:00,4.96999979019165,4.96999979019165,4.679999828338623,4.739999771118164,24861,0.0,0.0
2022-09-29 10:30:00-04:00,4.730000019073486,4.809999942779541,4.690000057220459,4.769999980926514,47133,0.0,0.0
2022-09-29 11:30:00-04:00,4.760000228881836,4.819900035858154,4.699999809265137,4.699999809265137,20295,0.0,0.0
2022-09-29 12:30:00-04:00,4.699999809265137,4.726399898529053,4.590000152587891,4.590000152587891,18651,0.0,0.0
2022-09-29 13:30:00-04:00,4.599999904632568,4.619999885559082,4.579999923706055,4.590000152587891,12926,0.0,0.0
2022-09-29 14:30:00-04:00,4.590000152587891,4.840000152587891,4.590000152587891,4.739999771118164,58129,0.0,0.0
2022-09-29 15:30:00-04:00,4.730000019073486,4.740699768066406,4.695000171661377,4.710000038146973,15242,0.0,0.0
2022-09-30 09:30:00-04:00,4.690000057220459,4.880000114440918,4.571199893951416,4.880000114440918,29563,0.0,0.0
2022-09-30 10:30:00-04:00,4.900000095367432,4.920000076293945,4.840000152587891,4.869999885559082,11518,0.0,0.0
2022-09-30 11:30:00-04:00,4.864999771118164,4.864999771118164,4.800000190734863,4.820000171661377,6755,0.0,0.0
2022-09-30 12:30:00-04:00,4.809999942779541,4.849999904632568,4.789999961853027,4.809999942779541,7480,0.0,0.0
2022-09-30 13:30:00-04:00,4.820000171661377,4.829999923706055,4.75,4.760000228881836,15144,0.0,0.0
2022-09-30 14:30:00-04:00,4.75,4.75,4.679999828338623,4.679999828338623,13695,0.0,0.0
2022-09-30 15:30:00-04:00,4.679999828338623,4.679999828338623,4.639999866485596,4.650000095367432,18661,0.0,0.0
2022-10-03 09:30:00-04:00,4.690000057220459,4.690000057220459,4.570000171661377,4.690000057220459,13928,0.0,0.0
2022-10-03 10:30:00-04:00,4.699999809265137,4.739999771118164,4.690000057220459,4.690000057220459,11664,0.0,0.0
2022-10-03 11:30:00-04:00,4.679999828338623,4.699999809265137,4.619999885559082,4.639999866485596,9285,0.0,0.0
2022-10-03 12:30:00-04:00,4.619999885559082,4.71999979019165,4.619999885559082,4.699999809265137,16523,0.0,0.0
2022-10-03 13:30:00-04:00,4.699999809265137,4.769999980926514,4.690000057220459,4.769999980926514,14756,0.0,0.0
2022-10-03 14:30:00-04:00,4.764999866485596,4.860000133514404,4.764999866485596,4.820000171661377,21850,0.0,0.0
2022-10-03 15:30:00-04:00,4.820000171661377,4.900000095367432,4.809999942779541,4.869999885559082,28969,0.0,0.0
2022-10-04 09:30:00-04:00,4.940000057220459,5.139999866485596,4.800000190734863,4.90500020980835,52206,0.0,0.0
2022-10-04 10:30:00-04:00,4.889999866485596,4.980000019073486,4.880000114440918,4.889999866485596,23660,0.0,0.0
2022-10-04 11:30:00-04:00,4.889999866485596,4.949999809265137,4.880000114440918,4.949999809265137,33533,0.0,0.0
2022-10-04 12:30:00-04:00,4.959099769592285,5.050000190734863,4.925000190734863,5.010000228881836,28091,0.0,0.0
2022-10-04 13:30:00-04:00,5.019999980926514,5.039999961853027,4.96999979019165,4.96999979019165,22802,0.0,0.0
2022-10-04 14:30:00-04:00,4.974999904632568,5.005000114440918,4.960000038146973,4.960000038146973,17855,0.0,0.0
2022-10-04 15:30:00-04:00,4.949999809265137,4.974999904632568,4.929999828338623,4.940000057220459,37805,0.0,0.0
2022-10-05 09:30:00-04:00,4.869999885559082,4.880000114440918,4.71999979019165,4.800000190734863,14627,0.0,0.0
2022-10-05 10:30:00-04:00,4.800000190734863,4.880000114440918,4.800000190734863,4.880000114440918,5572,0.0,0.0
2022-10-05 11:30:00-04:00,4.880000114440918,4.909999847412109,4.829999923706055,4.829999923706055,13728,0.0,0.0
2022-10-05 12:30:00-04:00,4.820000171661377,4.880000114440918,4.800000190734863,4.880000114440918,13299,0.0,0.0
2022-10-05 13:30:00-04:00,4.880000114440918,4.889999866485596,4.789999961853027,4.849999904632568,14742,0.0,0.0
2022-10-05 14:30:00-04:00,4.864999771118164,4.965000152587891,4.849999904632568,4.965000152587891,8020,0.0,0.0
2022-10-05 15:30:00-04:00,4.965000152587891,5.005000114440918,4.929999828338623,4.96999979019165,24084,0.0,0.0
2022-10-06 09:30:00-04:00,4.929999828338623,5.074999809265137,4.860000133514404,5.050000190734863,19333,0.0,0.0
2022-10-06 10:30:00-04:00,5.050000190734863,5.28000020980835,4.989999771118164,5.239999771118164,12698,0.0,0.0
2022-10-06 11:30:00-04:00,5.260000228881836,5.269999980926514,5.190100193023682,5.260000228881836,7897,0.0,0.0
2022-10-06 12:30:00-04:00,5.269999980926514,5.409999847412109,5.25,5.360000133514404,18865,0.0,0.0
2022-10-06 13:30:00-04:00,5.360000133514404,5.380000114440918,5.059999942779541,5.079999923706055,13852,0.0,0.0
2022-10-06 14:30:00-04:00,5.085000038146973,5.119999885559082,5.039999961853027,5.050000190734863,17235,0.0,0.0
2022-10-06 15:30:00-04:00,5.050000190734863,5.059999942779541,5.039999961853027,5.050000190734863,21310,0.0,0.0
2022-10-07 09:30:00-04:00,5.119999885559082,5.199999809265137,4.840000152587891,4.840000152587891,21071,0.0,0.0
2022-10-07 10:30:00-04:00,4.809999942779541,4.840099811553955,4.769999980926514,4.809999942779541,8674,0.0,0.0
2022-10-07 11:30:00-04:00,4.789999961853027,4.889999866485596,4.78000020980835,4.889999866485596,12729,0.0,0.0
2022-10-07 12:30:00-04:00,4.875,5.0,4.849999904632568,4.985000133514404,16183,0.0,0.0
2022-10-07 13:30:00-04:00,4.985000133514404,5.110000133514404,4.96999979019165,5.090000152587891,10701,0.0,0.0
2022-10-07 14:30:00-04:00,5.074399948120117,5.21999979019165,5.059999942779541,5.150000095367432,14698,0.0,0.0
2022-10-07 15:30:00-04:00,5.130000114440918,5.139999866485596,5.110000133514404,5.130000114440918,17566,0.0,0.0
2022-10-10 09:30:00-04:00,5.059999942779541,5.309999942779541,4.860099792480469,5.309999942779541,14613,0.0,0.0
2022-10-10 10:30:00-04:00,5.320000171661377,5.53000020980835,5.215000152587891,5.429999828338623,54924,0.0,0.0
2022-10-10 11:30:00-04:00,5.429999828338623,5.454999923706055,5.300000190734863,5.309999942779541,24111,0.0,0.0
2022-10-10 12:30:00-04:00,5.309999942779541,5.369999885559082,5.284999847412109,5.289999961853027,16304,0.0,0.0
2022-10-10 13:30:00-04:00,5.289999961853027,5.349999904632568,5.239999771118164,5.329999923706055,42823,0.0,0.0
2022-10-10 14:30:00-04:00,5.340000152587891,5.380000114440918,5.320000171661377,5.349999904632568,21491,0.0,0.0
2022-10-10 15:30:00-04:00,5.340000152587891,5.349999904632568,5.25,5.269999980926514,59536,0.0,0.0
2022-10-11 09:30:00-04:00,5.260000228881836,5.260000228881836,4.949999809265137,5.230000019073486,20505,0.0,0.0
2022-10-11 10:30:00-04:00,5.260000228881836,5.599999904632568,5.260000228881836,5.559999942779541,31043,0.0,0.0
2022-10-11 11:30:00-04:00,5.570000171661377,5.639999866485596,5.489999771118164,5.539999961853027,33710,0.0,0.0
2022-10-11 12:30:00-04:00,5.610000133514404,5.630000114440918,5.460000038146973,5.610000133514404,40878,0.0,0.0
2022-10-11 13:30:00-04:00,5.610000133514404,5.675000190734863,5.5,5.534999847412109,66484,0.0,0.0
2022-10-11 14:30:00-04:00,5.545000076293945,5.545000076293945,5.389999866485596,5.409999847412109,25068,0.0,0.0
2022-10-11 15:30:00-04:00,5.401199817657471,5.480000019073486,5.369999885559082,5.460000038146973,39962,0.0,0.0
2022-10-12 09:30:00-04:00,5.449999809265137,5.550000190734863,5.0,5.144999980926514,17812,0.0,0.0
2022-10-12 10:30:00-04:00,5.130000114440918,5.53000020980835,5.074999809265137,5.489999771118164,23333,0.0,0.0
2022-10-12 11:30:00-04:00,5.510000228881836,5.679999828338623,5.5,5.519999980926514,29634,0.0,0.0
2022-10-12 12:30:00-04:00,5.514999866485596,5.53000020980835,5.414999961853027,5.429999828338623,9218,0.0,0.0
2022-10-12 13:30:00-04:00,5.429599761962891,5.429599761962891,5.320000171661377,5.349999904632568,18077,0.0,0.0
2022-10-12 14:30:00-04:00,5.340000152587891,5.349999904632568,5.28000020980835,5.349999904632568,14681,0.0,0.0
2022-10-12 15:30:00-04:00,5.349999904632568,5.369999885559082,5.309999942779541,5.329999923706055,18997,0.0,0.0
2022-10-13 09:30:00-04:00,5.179999828338623,5.519999980926514,5.070000171661377,5.355000019073486,17404,0.0,0.0
2022-10-13 10:30:00-04:00,5.300000190734863,5.539999961853027,5.28000020980835,5.519999980926514,16561,0.0,0.0
2022-10-13 11:30:00-04:00,5.53000020980835,5.579999923706055,5.329999923706055,5.329999923706055,18357,0.0,0.0
2022-10-13 12:30:00-04:00,5.315000057220459,5.510000228881836,5.309999942779541,5.5,18604,0.0,0.0
2022-10-13 13:30:00-04:00,5.5,5.570000171661377,5.420000076293945,5.449999809265137,14628,0.0,0.0
2022-10-13 14:30:00-04:00,5.449999809265137,5.550000190734863,5.409999847412109,5.510000228881836,31742,0.0,0.0
2022-10-13 15:30:00-04:00,5.5,5.510000228881836,5.409999847412109,5.440000057220459,31635,0.0,0.0
2022-10-14 09:30:00-04:00,5.460000038146973,5.460000038146973,5.046000003814697,5.179999828338623,54739,0.0,0.0
2022-10-14 10:30:00-04:00,5.15500020980835,5.329999923706055,5.15500020980835,5.289999961853027,28515,0.0,0.0
2022-10-14 11:30:00-04:00,5.275000095367432,5.309999942779541,5.184999942779541,5.210000038146973,10056,0.0,0.0
2022-10-14 12:30:00-04:00,5.21999979019165,5.230000019073486,5.150400161743164,5.190000057220459,10155,0.0,0.0
2022-10-14 13:30:00-04:00,5.170000076293945,5.239999771118164,5.144999980926514,5.144999980926514,10422,0.0,0.0
2022-10-14 14:30:00-04:00,5.1479997634887695,5.1483001708984375,5.03000020980835,5.03000020980835,11651,0.0,0.0
2022-10-14 15:30:00-04:00,5.03000020980835,5.03000020980835,4.940000057220459,4.960000038146973,15720,0.0,0.0
2022-10-17 09:30:00-04:00,5.090000152587891,5.730000019073486,5.079999923706055,5.730000019073486,37127,0.0,0.0
2022-10-17 10:30:00-04:00,5.75,5.800000190734863,5.510000228881836,5.579999923706055,58403,0.0,0.0
2022-10-17 11:30:00-04:00,5.610000133514404,5.760000228881836,5.610000133514404,5.659999847412109,20644,0.0,0.0
2022-10-17 12:30:00-04:00,5.639999866485596,5.699999809265137,5.599999904632568,5.699999809265137,20231,0.0,0.0
2022-10-17 13:30:00-04:00,5.699999809265137,5.699999809265137,5.545000076293945,5.545000076293945,16808,0.0,0.0
2022-10-17 14:30:00-04:00,5.539999961853027,5.550000190734863,5.440000057220459,5.494999885559082,20541,0.0,0.0
2022-10-17 15:30:00-04:00,5.489999771118164,5.559999942779541,5.46999979019165,5.539999961853027,22233,0.0,0.0
2022-10-18 09:30:00-04:00,5.820000171661377,5.860000133514404,5.699999809265137,5.739999771118164,15330,0.0,0.0
2022-10-18 10:30:00-04:00,5.789999961853027,5.789999961853027,5.510000228881836,5.639999866485596,27027,0.0,0.0
2022-10-18 11:30:00-04:00,5.670000076293945,5.675000190734863,5.590000152587891,5.639999866485596,8099,0.0,0.0
2022-10-18 12:30:00-04:00,5.659999847412109,5.679999828338623,5.630000114440918,5.650000095367432,6468,0.0,0.0
2022-10-18 13:30:00-04:00,5.659999847412109,5.78000020980835,5.659999847412109,5.775199890136719,11217,0.0,0.0
2022-10-18 14:30:00-04:00,5.78000020980835,5.78000020980835,5.71999979019165,5.77400016784668,11461,0.0,0.0
2022-10-18 15:30:00-04:00,5.769999980926514,5.800000190734863,5.760000228881836,5.800000190734863,12388,0.0,0.0
2022-10-19 09:30:00-04:00,5.730000019073486,5.730000019073486,5.519999980926514,5.570000171661377,15584,0.0,0.0
2022-10-19 10:30:00-04:00,5.539999961853027,5.539999961853027,5.329999923706055,5.329999923706055,18018,0.0,0.0
2022-10-19 11:30:00-04:00,5.300000190734863,5.300000190734863,5.179999828338623,5.179999828338623,12688,0.0,0.0
2022-10-19 12:30:00-04:00,5.179999828338623,5.289999961853027,5.179999828338623,5.269999980926514,22443,0.0,0.0
2022-10-19 13:30:00-04:00,5.275000095367432,5.300000190734863,5.260000228881836,5.289999961853027,6573,0.0,0.0
2022-10-19 14:30:00-04:00,5.289999961853027,5.369999885559082,5.289999961853027,5.304999828338623,20139,0.0,0.0
2022-10-19 15:30:00-04:00,5.304999828338623,5.309999942779541,5.199999809265137,5.21999979019165,17035,0.0,0.0
2022-10-20 09:30:00-04:00,5.199999809265137,5.409999847412109,5.199999809265137,5.400000095367432,17517,0.0,0.0
2022-10-20 10:30:00-04:00,5.409999847412109,5.409999847412109,5.340000152587891,5.380000114440918,3551,0.0,0.0
2022-10-20 11:30:00-04:00,5.409900188446045,5.409900188446045,5.320000171661377,5.324999809265137,4699,0.0,0.0
2022-10-20 12:30:00-04:00,5.32919979095459,5.32919979095459,5.199999809265137,5.21999979019165,8576,0.0,0.0
2022-10-20 13:30:00-04:00,5.21999979019165,5.230000019073486,5.199999809265137,5.211599826812744,5185,0.0,0.0
2022-10-20 14:30:00-04:00,5.230000019073486,5.230000019073486,5.215000152587891,5.230000019073486,4467,0.0,0.0
2022-10-20 15:30:00-04:00,5.230000019073486,5.28000020980835,5.224999904632568,5.260000228881836,8609,0.0,0.0
2022-10-21 09:30:00-04:00,5.400000095367432,5.400000095367432,5.190000057220459,5.199999809265137,6839,0.0,0.0
2022-10-21 10:30:00-04:00,5.21999979019165,5.239999771118164,5.150000095367432,5.235000133514404,14299,0.0,0.0
2022-10-21 11:30:00-04:00,5.235000133514404,5.409999847412109,5.204999923706055,5.389999866485596,10586,0.0,0.0
2022-10-21 12:30:00-04:00,5.349999904632568,5.451000213623047,5.349999904632568,5.409999847412109,11245,0.0,0.0
2022-10-21 13:30:00-04:00,5.409999847412109,5.480000019073486,5.409999847412109,5.440000057220459,7285,0.0,0.0
2022-10-21 14:30:00-04:00,5.420000076293945,5.5,5.409999847412109,5.489999771118164,4503,0.0,0.0
2022-10-21 15:30:00-04:00,5.480000019073486,5.559999942779541,5.480000019073486,5.510000228881836,10050,0.0,0.0
2022-10-24 09:30:00-04:00,5.550000190734863,5.550000190734863,5.261000156402588,5.400000095367432,4922,0.0,0.0
2022-10-24 10:30:00-04:00,5.28000020980835,5.510000228881836,5.28000020980835,5.510000228881836,10260,0.0,0.0
2022-10-24 11:30:00-04:00,5.550000190734863,5.619999885559082,5.5,5.619999885559082,4484,0.0,0.0
2022-10-24 12:30:00-04:00,5.599999904632568,5.619999885559082,5.550000190734863,5.610000133514404,5981,0.0,0.0
2022-10-24 13:30:00-04:00,5.599999904632568,5.599999904632568,5.539999961853027,5.570000171661377,2399,0.0,0.0
2022-10-24 14:30:00-04:00,5.545000076293945,5.660399913787842,5.545000076293945,5.630000114440918,10811,0.0,0.0
2022-10-24 15:30:00-04:00,5.639999866485596,5.690000057220459,5.59499979019165,5.639999866485596,19604,0.0,0.0
2022-10-25 09:30:00-04:00,5.619999885559082,5.840000152587891,5.619999885559082,5.829999923706055,7179,0.0,0.0
2022-10-25 10:30:00-04:00,5.820000171661377,5.849999904632568,5.699999809265137,5.820000171661377,9948,0.0,0.0
2022-10-25 11:30:00-04:00,5.820000171661377,5.829999923706055,5.777699947357178,5.820000171661377,7406,0.0,0.0
2022-10-25 12:30:00-04:00,5.809999942779541,5.929999828338623,5.781499862670898,5.929999828338623,17062,0.0,0.0
2022-10-25 13:30:00-04:00,5.900000095367432,6.0,5.880799770355225,5.980000019073486,6054,0.0,0.0
2022-10-25 14:30:00-04:00,5.96999979019165,6.019999980926514,5.849999904632568,5.869999885559082,23601,0.0,0.0
2022-10-25 15:30:00-04:00,5.880000114440918,5.880000114440918,5.824999809265137,5.869999885559082,16075,0.0,0.0
2022-10-26 09:30:00-04:00,5.920000076293945,6.059999942779541,5.920000076293945,5.960000038146973,6606,0.0,0.0
2022-10-26 10:30:00-04:00,6.119999885559082,6.224999904632568,6.099999904632568,6.205900192260742,12489,0.0,0.0
2022-10-26 11:30:00-04:00,6.179999828338623,6.260000228881836,6.130000114440918,6.1529998779296875,8369,0.0,0.0
2022-10-26 12:30:00-04:00,6.170000076293945,6.289999961853027,6.010000228881836,6.090000152587891,24463,0.0,0.0
2022-10-26 13:30:00-04:00,6.070000171661377,6.110000133514404,6.039999961853027,6.070000171661377,6292,0.0,0.0
2022-10-26 14:30:00-04:00,6.053500175476074,6.074999809265137,5.949999809265137,6.010000228881836,9990,0.0,0.0
2022-10-26 15:30:00-04:00,5.980000019073486,6.019999980926514,5.949999809265137,5.989999771118164,16795,0.0,0.0
2022-10-27 09:30:00-04:00,6.050000190734863,6.610000133514404,6.050000190734863,6.449999809265137,20284,0.0,0.0
2022-10-27 10:30:00-04:00,6.393799781799316,6.489999771118164,6.320000171661377,6.329999923706055,14962,0.0,0.0
2022-10-27 11:30:00-04:00,6.322199821472168,6.322199821472168,6.099999904632568,6.21999979019165,6629,0.0,0.0
2022-10-27 12:30:00-04:00,6.260000228881836,6.349999904632568,6.190000057220459,6.329999923706055,8727,0.0,0.0
2022-10-27 13:30:00-04:00,6.315000057220459,6.369999885559082,6.150000095367432,6.150000095367432,10500,0.0,0.0
2022-10-27 14:30:00-04:00,6.21999979019165,6.21999979019165,6.039999961853027,6.070000171661377,7972,0.0,0.0
2022-10-27 15:30:00-04:00,6.059999942779541,6.099999904632568,5.965000152587891,6.019999980926514,36609,0.0,0.0
2022-10-28 09:30:00-04:00,6.110000133514404,6.110000133514404,5.800000190734863,5.860000133514404,7031,0.0,0.0
2022-10-28 10:30:00-04:00,5.829999923706055,5.929999828338623,5.71999979019165,5.849999904632568,8368,0.0,0.0
2022-10-28 11:30:00-04:00,5.880000114440918,6.005000114440918,5.831500053405762,5.880000114440918,6731,0.0,0.0
2022-10-28 12:30:00-04:00,5.920000076293945,6.139999866485596,5.920000076293945,6.119999885559082,12614,0.0,0.0
2022-10-28 13:30:00-04:00,6.114999771118164,6.184999942779541,6.099999904632568,6.129899978637695,10189,0.0,0.0
2022-10-28 14:30:00-04:00,6.119999885559082,6.21999979019165,6.119999885559082,6.139999866485596,10646,0.0,0.0
2022-10-28 15:30:00-04:00,6.150000095367432,6.190000057220459,6.135000228881836,6.139999866485596,14917,0.0,0.0
2022-10-31 09:30:00-04:00,6.099999904632568,6.559999942779541,6.099999904632568,6.480000019073486,20289,0.0,0.0
2022-10-31 10:30:00-04:00,6.474999904632568,6.474999904632568,6.199999809265137,6.215000152587891,9778,0.0,0.0
2022-10-31 11:30:00-04:00,6.239999771118164,6.309999942779541,6.199999809265137,6.25,8105,0.0,0.0
2022-10-31 12:30:00-04:00,6.230000019073486,6.239999771118164,6.190000057220459,6.239999771118164,2987,0.0,0.0
2022-10-31 13:30:00-04:00,6.260000228881836,6.260000228881836,6.110000133514404,6.130000114440918,11807,0.0,0.0
2022-10-31 14:30:00-04:00,6.110000133514404,6.420000076293945,6.105000019073486,6.389999866485596,19154,0.0,0.0
2022-10-31 15:30:00-04:00,6.389999866485596,6.409999847412109,6.25,6.269999980926514,34916,0.0,0.0
2022-11-01 09:30:00-04:00,6.409999847412109,6.800000190734863,6.320000171661377,6.46999979019165,44609,0.0,0.0
2022-11-01 10:30:00-04:00,6.449999809265137,6.449999809265137,6.260000228881836,6.284999847412109,6438,0.0,0.0
2022-11-01 11:30:00-04:00,6.295000076293945,6.46999979019165,6.295000076293945,6.440000057220459,11701,0.0,0.0
2022-11-01 12:30:00-04:00,6.420000076293945,6.619999885559082,6.420000076293945,6.579999923706055,6794,0.0,0.0
2022-11-01 13:30:00-04:00,6.579999923706055,6.590000152587891,6.460000038146973,6.545000076293945,12088,0.0,0.0
2022-11-01 14:30:00-04:00,6.510000228881836,6.519999980926514,6.409999847412109,6.409999847412109,7435,0.0,0.0
2022-11-01 15:30:00-04:00,6.414999961853027,6.429999828338623,6.329999923706055,6.349999904632568,20021,0.0,0.0
2022-11-02 09:30:00-04:00,6.289999961853027,6.619999885559082,6.105000019073486,6.28000020980835,4520,0.0,0.0
2022-11-02 10:30:00-04:00,6.300000190734863,6.309999942779541,6.099999904632568,6.119999885559082,8087,0.0,0.0
2022-11-02 11:30:00-04:00,6.085000038146973,6.190000057220459,6.039999961853027,6.190000057220459,11073,0.0,0.0
2022-11-02 12:30:00-04:00,6.179999828338623,6.25,6.130000114440918,6.25,8251,0.0,0.0
2022-11-02 13:30:00-04:00,6.25,6.440000057220459,6.230000019073486,6.440000057220459,13920,0.0,0.0
2022-11-02 14:30:00-04:00,6.460000038146973,6.519999980926514,6.110000133514404,6.110000133514404,24670,0.0,0.0
2022-11-02 15:30:00-04:00,6.034999847412109,6.139999866485596,6.029900074005127,6.105000019073486,22285,0.0,0.0
2022-11-03 09:30:00-04:00,6.079999923706055,6.170000076293945,5.869999885559082,5.95550012588501,8096,0.0,0.0
2022-11-03 10:30:00-04:00,5.953000068664551,6.179999828338623,5.929999828338623,6.119999885559082,9412,0.0,0.0
2022-11-03 11:30:00-04:00,6.099999904632568,6.21999979019165,6.010000228881836,6.21999979019165,6364,0.0,0.0
2022-11-03 12:30:00-04:00,6.199999809265137,6.28000020980835,6.159999847412109,6.260000228881836,3452,0.0,0.0
2022-11-03 13:30:00-04:00,6.239999771118164,6.269999980926514,6.159999847412109,6.21999979019165,9443,0.0,0.0
2022-11-03 14:30:00-04:00,6.21999979019165,6.239999771118164,6.179999828338623,6.230000019073486,9873,0.0,0.0
2022-11-03 15:30:00-04:00,6.230000019073486,6.260000228881836,6.179999828338623,6.179999828338623,31492,0.0,0.0
2022-11-04 09:30:00-04:00,6.349999904632568,6.349999904632568,6.090000152587891,6.309999942779541,5628,0.0,0.0
2022-11-04 10:30:00-04:00,6.320000171661377,6.409999847412109,6.25,6.309999942779541,9442,0.0,0.0
2022-11-04 11:30:00-04:00,6.269999980926514,6.269999980926514,6.159999847412109,6.170000076293945,3760,0.0,0.0
2022-11-04 12:30:00-04:00,6.150000095367432,6.175000190734863,6.050000190734863,6.070000171661377,3336,0.0,0.0
2022-11-04 13:30:00-04:00,6.070000171661377,6.085000038146973,5.980000019073486,6.059999942779541,9646,0.0,0.0
2022-11-04 14:30:00-04:00,6.077099800109863,6.170000076293945,6.070000171661377,6.170000076293945,3563,0.0,0.0
2022-11-04 15:30:00-04:00,6.159999847412109,6.190000057220459,6.130000114440918,6.159999847412109,7259,0.0,0.0
2022-11-07 09:30:00-05:00,6.21999979019165,6.21999979019165,6.0,6.09499979019165,7255,0.0,0.0
2022-11-07 10:30:00-05:00,6.110000133514404,6.369999885559082,6.110000133514404,6.309999942779541,8365,0.0,0.0
2022-11-07 11:30:00-05:00,6.320000171661377,6.329999923706055,6.150000095367432,6.190000057220459,6927,0.0,0.0
2022-11-07 12:30:00-05:00,6.179999828338623,6.21999979019165,6.139999866485596,6.190000057220459,6511,0.0,0.0
2022-11-07 13:30:00-05:00,6.179999828338623,6.239999771118164,6.135000228881836,6.230000019073486,7732,0.0,0.0
2022-11-07 14:30:00-05:00,6.230000019073486,6.28000020980835,6.199999809265137,6.21999979019165,7892,0.0,0.0
2022-11-07 15:30:00-05:00,6.199999809265137,6.199999809265137,6.059999942779541,6.079999923706055,10950,0.0,0.0
2022-11-08 09:30:00-05:00,6.119999885559082,6.119999885559082,5.760000228881836,5.980000019073486,9788,0.0,0.0
2022-11-08 10:30:00-05:00,6.010000228881836,6.054999828338623,5.909999847412109,5.925000190734863,14010,0.0,0.0
2022-11-08 11:30:00-05:00,5.940000057220459,5.940000057220459,5.670000076293945,5.690000057220459,12311,0.0,0.0
2022-11-08 12:30:00-05:00,5.679999828338623,5.70989990234375,5.409999847412109,5.409999847412109,13248,0.0,0.0
2022-11-08 13:30:00-05:00,5.409999847412109,5.480000019073486,5.28000020980835,5.284999847412109,30295,0.0,0.0
2022-11-08 14:30:00-05:00,5.269999980926514,5.480000019073486,5.190000057220459,5.400000095367432,30558,0.0,0.0
2022-11-08 15:30:00-05:00,5.434999942779541,5.5,5.38100004196167,5.485000133514404,19461,0.0,0.0
2022-11-09 09:30:00-05:00,5.409999847412109,5.420000076293945,5.170000076293945,5.400000095367432,5871,0.0,0.0
2022-11-09 10:30:00-05:00,5.400000095367432,5.400000095367432,5.300000190734863,5.369999885559082,8832,0.0,0.0
2022-11-09 11:30:00-05:00,5.369999885559082,5.429999828338623,5.199999809265137,5.199999809265137,13298,0.0,0.0
2022-11-09 12:30:00-05:00,5.210000038146973,5.21999979019165,5.144999980926514,5.21999979019165,10498,0.0,0.0
2022-11-09 13:30:00-05:00,5.204999923706055,5.230000019073486,5.135000228881836,5.135000228881836,9248,0.0,0.0
2022-11-09 14:30:00-05:00,5.090000152587891,5.099999904632568,5.0,5.010000228881836,13513,0.0,0.0
2022-11-09 15:30:00-05:00,5.010000228881836,5.059999942779541,5.0,5.039999961853027,25684,0.0,0.0
2022-11-10 09:30:00-05:00,5.309999942779541,5.630000114440918,5.300000190734863,5.5,0,0.0,0.0
2022-11-10 10:30:00-05:00,5.46999979019165,5.46999979019165,5.119999885559082,5.179999828338623,26301,0.0,0.0
2022-11-10 11:30:00-05:00,5.150000095367432,5.21999979019165,5.059999942779541,5.130000114440918,24208,0.0,0.0
2022-11-10 12:30:00-05:00,5.144999980926514,5.175000190734863,5.070000171661377,5.170000076293945,12953,0.0,0.0
2022-11-10 13:30:00-05:00,5.210000038146973,5.389999866485596,5.195000171661377,5.369999885559082,18712,0.0,0.0
2022-11-10 14:30:00-05:00,5.360000133514404,5.375999927520752,5.260000228881836,5.349999904632568,12437,0.0,0.0
2022-11-10 15:30:00-05:00,5.349999904632568,5.360000133514404,5.239999771118164,5.260000228881836,28689,0.0,0.0
2022-11-11 09:30:00-05:00,5.25,5.800000190734863,5.25,5.690000057220459,11110,0.0,0.0
2022-11-11 10:30:00-05:00,5.71999979019165,5.929999828338623,5.71999979019165,5.920000076293945,42796,0.0,0.0
2022-11-11 11:30:00-05:00,5.920000076293945,5.980000019073486,5.783100128173828,5.783100128173828,12578,0.0,0.0
2022-11-11 12:30:00-05:00,5.820000171661377,5.940000057220459,5.809999942779541,5.940000057220459,6892,0.0,0.0
2022-11-11 13:30:00-05:00,5.960000038146973,5.96999979019165,5.909999847412109,5.965000152587891,8460,0.0,0.0
2022-11-11 14:30:00-05:00,5.980000019073486,6.03000020980835,5.739999771118164,5.829999923706055,35730,0.0,0.0
2022-11-11 15:30:00-05:00,5.84499979019165,5.880000114440918,5.760000228881836,5.789999961853027,24766,0.0,0.0
2022-11-14 09:30:00-05:00,5.699999809265137,5.78000020980835,5.550000190734863,5.587500095367432,62099,0.0,0.0
2022-11-14 10:30:00-05:00,5.559999942779541,5.650000095367432,5.5,5.519999980926514,9939,0.0,0.0
2022-11-14 11:30:00-05:00,5.519999980926514,5.78000020980835,5.519999980926514,5.670000076293945,31540,0.0,0.0
2022-11-14 12:30:00-05:00,5.659999847412109,5.724999904632568,5.619999885559082,5.670000076293945,11251,0.0,0.0
2022-11-14 13:30:00-05:00,5.670000076293945,5.809999942779541,5.659999847412109,5.739999771118164,26932,0.0,0.0
2022-11-14 14:30:00-05:00,5.78000020980835,5.809999942779541,5.71999979019165,5.760000228881836,22385,0.0,0.0
2022-11-14 15:30:00-05:00,5.75,5.769999980926514,5.679999828338623,5.690000057220459,36287,0.0,0.0
2022-11-15 09:30:00-05:00,5.889999866485596,6.210000038146973,5.764999866485596,6.144999980926514,31503,0.0,0.0
2022-11-15 10:30:00-05:00,6.123000144958496,6.159900188446045,5.809999942779541,6.059999942779541,40638,0.0,0.0
2022-11-15 11:30:00-05:00,6.034999847412109,6.28000020980835,6.034999847412109,6.199999809265137,22414,0.0,0.0
2022-11-15 12:30:00-05:00,6.195000171661377,6.239999771118164,6.050000190734863,6.059999942779541,12694,0.0,0.0
2022-11-15 13:30:00-05:00,6.065000057220459,6.210000038146973,6.03000020980835,6.184999942779541,24083,0.0,0.0
2022-11-15 14:30:00-05:00,6.170000076293945,6.264999866485596,6.119999885559082,6.170000076293945,33020,0.0,0.0
2022-11-15 15:30:00-05:00,6.179999828338623,6.309999942779541,6.159999847412109,6.309999942779541,102026,0.0,0.0
2022-11-16 09:30:00-05:00,4.900000095367432,5.75,4.5,5.159200191497803,247499,0.0,0.0
2022-11-16 10:30:00-05:00,5.130000114440918,5.260000228881836,5.0,5.198599815368652,37982,0.0,0.0
2022-11-16 11:30:00-05:00,5.199999809265137,5.300000190734863,5.135000228881836,5.28000020980835,62762,0.0,0.0
2022-11-16 12:30:00-05:00,5.28000020980835,5.519999980926514,5.263800144195557,5.380000114440918,42662,0.0,0.0
2022-11-16 13:30:00-05:00,5.380000114440918,5.630000114440918,5.369999885559082,5.534999847412109,62958,0.0,0.0
2022-11-16 14:30:00-05:00,5.519999980926514,5.590000152587891,5.420000076293945,5.519999980926514,38846,0.0,0.0
2022-11-16 15:30:00-05:00,5.550000190734863,5.845200061798096,5.489999771118164,5.534999847412109,73055,0.0,0.0
2022-11-17 09:30:00-05:00,5.349999904632568,5.349999904632568,4.980000019073486,5.079999923706055,59108,0.0,0.0
2022-11-17 10:30:00-05:00,5.084400177001953,5.084400177001953,4.800000190734863,4.885000228881836,72985,0.0,0.0
2022-11-17 11:30:00-05:00,4.880000114440918,4.900000095367432,4.760000228881836,4.840000152587891,36260,0.0,0.0
2022-11-17 12:30:00-05:00,4.869999885559082,4.940000057220459,4.78000020980835,4.928800106048584,23741,0.0,0.0
2022-11-17 13:30:00-05:00,4.889999866485596,4.940000057220459,4.820000171661377,4.820000171661377,33087,0.0,0.0
2022-11-17 14:30:00-05:00,4.835000038146973,4.880000114440918,4.78000020980835,4.860000133514404,43029,0.0,0.0
2022-11-17 15:30:00-05:00,4.860000133514404,5.059999942779541,4.847899913787842,5.059999942779541,36577,0.0,0.0
2022-11-18 09:30:00-05:00,5.090000152587891,5.090000152587891,4.90500020980835,4.991000175476074,19151,0.0,0.0
2022-11-18 10:30:00-05:00,5.019999980926514,5.059999942779541,4.860000133514404,4.949999809265137,15189,0.0,0.0
2022-11-18 11:30:00-05:00,4.945000171661377,4.960000038146973,4.909999847412109,4.920000076293945,7184,0.0,0.0
2022-11-18 12:30:00-05:00,4.949999809265137,4.96999979019165,4.910099983215332,4.960000038146973,4357,0.0,0.0
2022-11-18 13:30:00-05:00,4.934999942779541,4.960000038146973,4.920000076293945,4.949999809265137,4240,0.0,0.0
2022-11-18 14:30:00-05:00,4.940000057220459,4.949999809265137,4.891900062561035,4.891900062561035,9057,0.0,0.0
2022-11-18 15:30:00-05:00,4.89769983291626,4.900000095367432,4.809999942779541,4.869999885559082,32650,0.0,0.0
2022-11-21 09:30:00-05:00,4.840000152587891,4.840000152587891,4.510000228881836,4.53000020980835,38547,0.0,0.0
2022-11-21 10:30:00-05:00,4.510000228881836,4.552999973297119,4.409999847412109,4.454999923706055,56378,0.0,0.0
2022-11-21 11:30:00-05:00,4.4679999351501465,4.760000228881836,4.360000133514404,4.650000095367432,26936,0.0,0.0
2022-11-21 12:30:00-05:00,4.625,4.710000038146973,4.5,4.659999847412109,20274,0.0,0.0
2022-11-21 13:30:00-05:00,4.659999847412109,4.695000171661377,4.599999904632568,4.620100021362305,22379,0.0,0.0
2022-11-21 14:30:00-05:00,4.619999885559082,4.619999885559082,4.510000228881836,4.539999961853027,21803,0.0,0.0
2022-11-21 15:30:00-05:00,4.554999828338623,4.559999942779541,4.460000038146973,4.489999771118164,37050,0.0,0.0
2022-11-22 09:30:00-05:00,4.489999771118164,4.559999942779541,4.199999809265137,4.309999942779541,107081,0.0,0.0
2022-11-22 10:30:00-05:00,4.309999942779541,4.4415998458862305,4.309999942779541,4.369999885559082,18263,0.0,0.0
2022-11-22 11:30:00-05:00,4.389999866485596,4.400000095367432,4.329999923706055,4.380000114440918,6244,0.0,0.0
2022-11-22 12:30:00-05:00,4.420000076293945,4.5,4.3719000816345215,4.480000019073486,8037,0.0,0.0
2022-11-22 13:30:00-05:00,4.480000019073486,4.494999885559082,4.360000133514404,4.40500020980835,9212,0.0,0.0
2022-11-22 14:30:00-05:00,4.400000095367432,4.429999828338623,4.350100040435791,4.360000133514404,20797,0.0,0.0
2022-11-22 15:30:00-05:00,4.360000133514404,4.360000133514404,4.25,4.329999923706055,53661,0.0,0.0
2022-11-23 09:30:00-05:00,4.110000133514404,4.360000133514404,4.050000190734863,4.269999980926514,60932,0.0,0.0
2022-11-23 10:30:00-05:00,4.244999885559082,4.305699825286865,4.190000057220459,4.190000057220459,16268,0.0,0.0
2022-11-23 11:30:00-05:00,4.179999828338623,4.199999809265137,4.019999980926514,4.150000095367432,57333,0.0,0.0
2022-11-23 12:30:00-05:00,4.130000114440918,4.15500020980835,4.070000171661377,4.142399787902832,50688,0.0,0.0
2022-11-23 13:30:00-05:00,4.150000095367432,4.179999828338623,4.09499979019165,4.150000095367432,8876,0.0,0.0
2022-11-23 14:30:00-05:00,4.139999866485596,4.210000038146973,4.110000133514404,4.139999866485596,50369,0.0,0.0
2022-11-23 15:30:00-05:00,4.159999847412109,4.199999809265137,4.059999942779541,4.090000152587891,37185,0.0,0.0
2022-11-25 09:30:00-05:00,4.079999923706055,4.179999828338623,4.0,4.079999923706055,20428,0.0,0.0
2022-11-25 10:30:00-05:00,4.059999942779541,4.059999942779541,4.0,4.039999961853027,15926,0.0,0.0
2022-11-25 11:30:00-05:00,4.025000095367432,4.069499969482422,4.0,4.050000190734863,11572,0.0,0.0
2022-11-28 09:30:00-05:00,4.019999980926514,4.119999885559082,3.998800039291382,4.03000020980835,14914,0.0,0.0
2022-11-28 10:30:00-05:00,3.9700000286102295,4.0,3.924999952316284,3.930000066757202,24237,0.0,0.0
2022-11-28 11:30:00-05:00,3.9600000381469727,4.045000076293945,3.930000066757202,4.045000076293945,17513,0.0,0.0
2022-11-28 12:30:00-05:00,4.050000190734863,4.179999828338623,3.9700000286102295,4.0,19778,0.0,0.0
2022-11-28 13:30:00-05:00,3.9800000190734863,4.070000171661377,3.9800000190734863,4.039999961853027,7938,0.0,0.0
2022-11-28 14:30:00-05:00,4.019999980926514,4.159999847412109,4.010000228881836,4.010000228881836,10690,0.0,0.0
2022-11-28 15:30:00-05:00,4.039999961853027,4.050000190734863,3.990000009536743,3.990000009536743,26286,0.0,0.0
2022-11-29 09:30:00-05:00,4.010000228881836,4.010000228881836,3.761199951171875,3.880000114440918,23721,0.0,0.0
2022-11-29 10:30:00-05:00,3.875,3.875,3.759999990463257,3.7699999809265137,14211,0.0,0.0
2022-11-29 11:30:00-05:00,3.7699999809265137,3.8350000381469727,3.7699999809265137,3.7899999618530273,22701,0.0,0.0
2022-11-29 12:30:00-05:00,3.7950000762939453,3.815000057220459,3.759999990463257,3.7699999809265137,10820,0.0,0.0
2022-11-29 13:30:00-05:00,3.759999990463257,3.819999933242798,3.734999895095825,3.7899999618530273,75304,0.0,0.0
2022-11-29 14:30:00-05:00,3.7799999713897705,3.809999942779541,3.640000104904175,3.740000009536743,137697,0.0,0.0
2022-11-29 15:30:00-05:00,3.7300000190734863,3.740000009536743,3.6700000762939453,3.7300000190734863,44316,0.0,0.0
2022-11-30 09:30:00-05:00,3.8299999237060547,3.890000104904175,3.7404000759124756,3.809999942779541,25788,0.0,0.0
2022-11-30 10:30:00-05:00,3.7899999618530273,3.7899999618530273,3.7100000381469727,3.744999885559082,13829,0.0,0.0
2022-11-30 11:30:00-05:00,3.7750000953674316,3.7750000953674316,3.690000057220459,3.690000057220459,6969,0.0,0.0
2022-11-30 12:30:00-05:00,3.7049999237060547,3.7799999713897705,3.669600009918213,3.7100000381469727,23032,0.0,0.0
2022-11-30 13:30:00-05:00,3.700000047683716,3.869999885559082,3.700000047683716,3.8499999046325684,15479,0.0,0.0
2022-11-30 14:30:00-05:00,3.8299999237060547,3.8299999237060547,3.75,3.8299999237060547,17464,0.0,0.0
2022-11-30 15:30:00-05:00,3.8399999141693115,3.859999895095825,3.819999933242798,3.8499999046325684,28359,0.0,0.0
2022-12-01 09:30:00-05:00,3.869999885559082,3.9149999618530273,3.7699999809265137,3.7699999809265137,12239,0.0,0.0
2022-12-01 10:30:00-05:00,3.7899999618530273,3.7899999618530273,3.700000047683716,3.759999990463257,14876,0.0,0.0
2022-12-01 11:30:00-05:00,3.75,3.7899999618530273,3.740000009536743,3.740000009536743,6259,0.0,0.0
2022-12-01 12:30:00-05:00,3.740000009536743,3.7799999713897705,3.7300000190734863,3.7300000190734863,15107,0.0,0.0
2022-12-01 13:30:00-05:00,3.7300000190734863,3.740000009536743,3.700000047683716,3.700000047683716,13887,0.0,0.0
2022-12-01 14:30:00-05:00,3.700000047683716,3.7799999713897705,3.680000066757202,3.690000057220459,81279,0.0,0.0
2022-12-01 15:30:00-05:00,3.7049999237060547,3.7200000286102295,3.680000066757202,3.690000057220459,40938,0.0,0.0
2022-12-02 09:30:00-05:00,3.700000047683716,3.825000047683716,3.680000066757202,3.7950000762939453,22486,0.0,0.0
2022-12-02 10:30:00-05:00,3.765000104904175,3.7699999809265137,3.700000047683716,3.7200000286102295,4935,0.0,0.0
2022-12-02 11:30:00-05:00,3.7318999767303467,3.7799999713897705,3.700000047683716,3.7300000190734863,13734,0.0,0.0
2022-12-02 12:30:00-05:00,3.734999895095825,3.75,3.7100000381469727,3.7100000381469727,13632,0.0,0.0
2022-12-02 13:30:00-05:00,3.700000047683716,3.7300000190734863,3.700000047683716,3.7200000286102295,7546,0.0,0.0
2022-12-02 14:30:00-05:00,3.7100000381469727,3.7100000381469727,3.619999885559082,3.630000114440918,48163,0.0,0.0
2022-12-02 15:30:00-05:00,3.630000114440918,3.6600000858306885,3.5999999046325684,3.6500000953674316,41827,0.0,0.0
2022-12-05 09:30:00-05:00,3.6600000858306885,3.7899999618530273,3.5950000286102295,3.6500000953674316,34266,0.0,0.0
2022-12-05 10:30:00-05:00,3.6600000858306885,3.680000066757202,3.609999895095825,3.609999895095825,19219,0.0,0.0
2022-12-05 11:30:00-05:00,3.614300012588501,3.630000114440918,3.5999999046325684,3.630000114440918,5531,0.0,0.0
2022-12-05 12:30:00-05:00,3.640000104904175,3.640000104904175,3.5799999237060547,3.5799999237060547,50869,0.0,0.0
2022-12-05 13:30:00-05:00,3.5799999237060547,3.5799999237060547,3.509999990463257,3.5199999809265137,9494,0.0,0.0
2022-12-05 14:30:00-05:00,3.5199999809265137,3.5299999713897705,3.4000000953674316,3.4149999618530273,52882,0.0,0.0
2022-12-05 15:30:00-05:00,3.4149999618530273,3.5,3.390000104904175,3.5,73492,0.0,0.0
2022-12-06 09:30:00-05:00,3.490000009536743,3.5950000286102295,3.4000000953674316,3.4800000190734863,27517,0.0,0.0
2022-12-06 10:30:00-05:00,3.4600000381469727,3.490000009536743,3.440000057220459,3.440000057220459,4394,0.0,0.0
2022-12-06 11:30:00-05:00,3.450000047683716,3.450000047683716,3.359999895095825,3.380000114440918,7064,0.0,0.0
2022-12-06 12:30:00-05:00,3.375,3.390000104904175,3.25,3.2799999713897705,24366,0.0,0.0
2022-12-06 13:30:00-05:00,3.2799999713897705,3.2799999713897705,3.200000047683716,3.2200000286102295,25083,0.0,0.0
2022-12-06 14:30:00-05:00,3.2100000381469727,3.244999885559082,3.200000047683716,3.2200000286102295,17019,0.0,0.0
2022-12-06 15:30:00-05:00,3.2200000286102295,3.2699999809265137,3.2200000286102295,3.25,29803,0.0,0.0
2022-12-07 09:30:00-05:00,3.25,3.25,3.124000072479248,3.1600000858306885,23008,0.0,0.0
2022-12-07 10:30:00-05:00,3.2100000381469727,3.240000009536743,3.1405999660491943,3.200000047683716,4253,0.0,0.0
2022-12-07 11:30:00-05:00,3.200000047683716,3.200000047683716,3.130000114440918,3.1500000953674316,8685,0.0,0.0
2022-12-07 12:30:00-05:00,3.1600000858306885,3.2100000381469727,3.1500000953674316,3.204900026321411,10008,0.0,0.0
2022-12-07 13:30:00-05:00,3.180000066757202,3.2100000381469727,3.119999885559082,3.140000104904175,14813,0.0,0.0
2022-12-07 14:30:00-05:00,3.1500000953674316,3.1700000762939453,3.130000114440918,3.1700000762939453,10063,0.0,0.0
2022-12-07 15:30:00-05:00,3.1600000858306885,3.190000057220459,3.1500000953674316,3.1700000762939453,16645,0.0,0.0
2022-12-08 09:30:00-05:00,3.2300000190734863,3.2300000190734863,3.0999999046325684,3.109999895095825,10935,0.0,0.0
2022-12-08 10:30:00-05:00,3.109999895095825,3.109999895095825,3.0399999618530273,3.0799999237060547,20010,0.0,0.0
2022-12-08 11:30:00-05:00,3.0899999141693115,3.0950000286102295,3.069999933242798,3.0799999237060547,13345,0.0,0.0
2022-12-08 12:30:00-05:00,3.0799999237060547,3.119999885559082,3.059999942779541,3.080899953842163,23428,0.0,0.0
2022-12-08 13:30:00-05:00,3.0899999141693115,3.119999885559082,3.069999933242798,3.109999895095825,17063,0.0,0.0
2022-12-08 14:30:00-05:00,3.0999999046325684,3.200000047683716,3.0999999046325684,3.134999990463257,111724,0.0,0.0
2022-12-08 15:30:00-05:00,3.130000114440918,3.1449999809265137,3.0350000858306885,3.059999942779541,77799,0.0,0.0
2022-12-09 09:30:00-05:00,3.0399999618530273,3.309999942779541,2.990000009536743,3.109999895095825,22769,0.0,0.0
2022-12-09 10:30:00-05:00,3.0999999046325684,3.109999895095825,3.0199999809265137,3.0899999141693115,15290,0.0,0.0
2022-12-09 11:30:00-05:00,3.0999999046325684,3.119999885559082,3.0799999237060547,3.109999895095825,7210,0.0,0.0
2022-12-09 12:30:00-05:00,3.130000114440918,3.259999990463257,3.0999999046325684,3.130000114440918,21032,0.0,0.0
2022-12-09 13:30:00-05:00,3.130000114440918,3.190000057220459,3.130000114440918,3.190000057220459,7482,0.0,0.0
2022-12-09 14:30:00-05:00,3.1805999279022217,3.25,3.1805999279022217,3.2100000381469727,16740,0.0,0.0
2022-12-09 15:30:00-05:00,3.200000047683716,3.2300000190734863,3.190000057220459,3.2100000381469727,24992,0.0,0.0
2022-12-12 09:30:00-05:00,3.240000009536743,3.265000104904175,3.130000114440918,3.140000104904175,20806,0.0,0.0
2022-12-12 10:30:00-05:00,3.1500000953674316,3.1700000762939453,3.0999999046325684,3.1700000762939453,6025,0.0,0.0
2022-12-12 11:30:00-05:00,3.200000047683716,3.200000047683716,3.130000114440918,3.130000114440918,5273,0.0,0.0
2022-12-12 12:30:00-05:00,3.130000114440918,3.130000114440918,3.0,3.0,20053,0.0,0.0
2022-12-12 13:30:00-05:00,3.0199999809265137,3.0399999618530273,3.0,3.0299999713897705,17053,0.0,0.0
2022-12-12 14:30:00-05:00,3.0299999713897705,3.119999885559082,3.0299999713897705,3.119999885559082,12675,0.0,0.0
2022-12-12 15:30:00-05:00,3.119999885559082,3.1600000858306885,3.069999933242798,3.130000114440918,24292,0.0,0.0
2022-12-13 09:30:00-05:00,3.2799999713897705,3.378499984741211,3.190000057220459,3.200000047683716,14597,0.0,0.0
2022-12-13 10:30:00-05:00,3.197999954223633,3.2799999713897705,3.1600000858306885,3.240000009536743,13926,0.0,0.0
2022-12-13 11:30:00-05:00,3.240000009536743,3.253499984741211,3.140000104904175,3.140000104904175,4060,0.0,0.0
2022-12-13 12:30:00-05:00,3.119999885559082,3.1500000953674316,3.0999999046325684,3.130000114440918,6584,0.0,0.0
2022-12-13 13:30:00-05:00,3.1449999809265137,3.1530001163482666,3.0999999046325684,3.0999999046325684,14563,0.0,0.0
2022-12-13 14:30:00-05:00,3.0999999046325684,3.125,3.0399999618530273,3.0799999237060547,19063,0.0,0.0
2022-12-13 15:30:00-05:00,3.0799999237060547,3.119999885559082,3.049999952316284,3.0999999046325684,32678,0.0,0.0
2022-12-14 09:30:00-05:00,3.0899999141693115,3.134999990463257,3.0299999713897705,3.049999952316284,6892,0.0,0.0
2022-12-14 10:30:00-05:00,3.0618999004364014,3.0799999237060547,3.049999952316284,3.059999942779541,5168,0.0,0.0
2022-12-14 11:30:00-05:00,3.069999933242798,3.075000047683716,3.069999933242798,3.075000047683716,1248,0.0,0.0
2022-12-14 12:30:00-05:00,3.0601000785827637,3.0601000785827637,2.990000009536743,3.009999990463257,15096,0.0,0.0
2022-12-14 13:30:00-05:00,3.0,3.1380999088287354,2.9700000286102295,2.984999895095825,29168,0.0,0.0
2022-12-14 14:30:00-05:00,2.9700000286102295,2.9846999645233154,2.890000104904175,2.934999942779541,34261,0.0,0.0
2022-12-14 15:30:00-05:00,2.9200000762939453,2.930000066757202,2.869999885559082,2.9200000762939453,46180,0.0,0.0
2022-12-15 09:30:00-05:00,2.869999885559082,2.9100000858306885,2.809999942779541,2.880000114440918,12126,0.0,0.0
2022-12-15 10:30:00-05:00,2.890000104904175,2.890000104904175,2.799999952316284,2.819999933242798,14284,0.0,0.0
2022-12-15 11:30:00-05:00,2.819999933242798,2.880000114440918,2.809999942779541,2.8499999046325684,6379,0.0,0.0
2022-12-15 12:30:00-05:00,2.880000114440918,2.880000114440918,2.7799999713897705,2.809999942779541,16313,0.0,0.0
2022-12-15 13:30:00-05:00,2.799999952316284,2.799999952316284,2.7100000381469727,2.740000009536743,21406,0.0,0.0
2022-12-15 14:30:00-05:00,2.740000009536743,2.7799999713897705,2.6600000858306885,2.700000047683716,55561,0.0,0.0
2022-12-15 15:30:00-05:00,2.7200000286102295,2.75,2.6600000858306885,2.7100000381469727,27708,0.0,0.0
2022-12-16 09:30:00-05:00,2.7200000286102295,2.759999990463257,2.6600000858306885,2.680000066757202,35504,0.0,0.0
2022-12-16 10:30:00-05:00,2.698899984359741,2.7899999618530273,2.6898999214172363,2.75,18845,0.0,0.0
2022-12-16 11:30:00-05:00,2.75,3.009999990463257,2.75,2.849900007247925,11554,0.0,0.0
2022-12-16 12:30:00-05:00,2.8350000381469727,2.8499999046325684,2.75,2.819999933242798,27526,0.0,0.0
2022-12-16 13:30:00-05:00,2.815000057220459,2.930000066757202,2.8089001178741455,2.875,32941,0.0,0.0
2022-12-16 14:30:00-05:00,2.875,2.9600000381469727,2.8550000190734863,2.940000057220459,22573,0.0,0.0
2022-12-16 15:30:00-05:00,2.930000066757202,3.059999942779541,2.924999952316284,2.9800000190734863,69731,0.0,0.0
2022-12-19 09:30:00-05:00,2.9700000286102295,2.9700000286102295,2.880000114440918,2.9000000953674316,11840,0.0,0.0
2022-12-19 10:30:00-05:00,2.880000114440918,2.9070000648498535,2.6500000953674316,2.7100000381469727,32365,0.0,0.0
2022-12-19 11:30:00-05:00,2.7100000381469727,2.7100000381469727,2.5799999237060547,2.5899999141693115,15884,0.0,0.0
2022-12-19 12:30:00-05:00,2.5899999141693115,2.609999895095825,2.509999990463257,2.569999933242798,35775,0.0,0.0
2022-12-19 13:30:00-05:00,2.5699000358581543,2.569999933242798,2.505000114440918,2.555000066757202,19136,0.0,0.0
2022-12-19 14:30:00-05:00,2.569999933242798,2.569999933242798,2.509999990463257,2.509999990463257,15398,0.0,0.0
2022-12-19 15:30:00-05:00,2.509999990463257,2.509999990463257,2.440000057220459,2.4549999237060547,24004,0.0,0.0
2022-12-20 09:30:00-05:00,2.490000009536743,2.5885000228881836,2.4700000286102295,2.5885000228881836,18605,0.0,0.0
2022-12-20 10:30:00-05:00,2.5899999141693115,2.640000104904175,2.5,2.505000114440918,8371,0.0,0.0
2022-12-20 11:30:00-05:00,2.505000114440918,2.5299999713897705,2.505000114440918,2.5299999713897705,3007,0.0,0.0
2022-12-20 12:30:00-05:00,2.549999952316284,2.575000047683716,2.524399995803833,2.549999952316284,9756,0.0,0.0
2022-12-20 13:30:00-05:00,2.5399999618530273,2.5999999046325684,2.5299999713897705,2.5799999237060547,13229,0.0,0.0
2022-12-20 14:30:00-05:00,2.5850000381469727,2.5977001190185547,2.565000057220459,2.5977001190185547,9043,0.0,0.0
2022-12-20 15:30:00-05:00,2.5999999046325684,2.5999999046325684,2.550100088119507,2.559999942779541,11539,0.0,0.0
2022-12-21 09:30:00-05:00,2.5399999618530273,2.6500000953674316,2.5199999809265137,2.568000078201294,9321,0.0,0.0
2022-12-21 10:30:00-05:00,2.503200054168701,2.6600000858306885,2.503200054168701,2.6600000858306885,10570,0.0,0.0
2022-12-21 11:30:00-05:00,2.640000104904175,2.6410999298095703,2.575000047683716,2.575000047683716,8537,0.0,0.0
2022-12-21 12:30:00-05:00,2.5799999237060547,2.6500000953674316,2.569999933242798,2.5799999237060547,20961,0.0,0.0
2022-12-21 13:30:00-05:00,2.5799999237060547,2.5899999141693115,2.559999942779541,2.569999933242798,9276,0.0,0.0
2022-12-21 14:30:00-05:00,2.569999933242798,2.5799999237060547,2.555000066757202,2.5799999237060547,8246,0.0,0.0
2022-12-21 15:30:00-05:00,2.572999954223633,2.5899999141693115,2.5299999713897705,2.569999933242798,21479,0.0,0.0
2022-12-22 09:30:00-05:00,2.5199999809265137,2.690000057220459,2.430000066757202,2.5199999809265137,27678,0.0,0.0
2022-12-22 10:30:00-05:00,2.5,2.5799999237060547,2.430000066757202,2.430000066757202,49976,0.0,0.0
2022-12-22 11:30:00-05:00,2.4100000858306885,2.440000057220459,2.319999933242798,2.3299999237060547,29338,0.0,0.0
2022-12-22 12:30:00-05:00,2.3601999282836914,2.3601999282836914,2.2799999713897705,2.315000057220459,34237,0.0,0.0
2022-12-22 13:30:00-05:00,2.3108999729156494,2.315000057220459,2.2899999618530273,2.2899999618530273,14974,0.0,0.0
2022-12-22 14:30:00-05:00,2.2950000762939453,2.315000057220459,2.259999990463257,2.305000066757202,27610,0.0,0.0
2022-12-22 15:30:00-05:00,2.299999952316284,2.380000114440918,2.299999952316284,2.359999895095825,35109,0.0,0.0
2022-12-23 09:30:00-05:00,2.380000114440918,2.430000066757202,2.3399999141693115,2.400099992752075,3144,0.0,0.0
2022-12-23 10:30:00-05:00,2.440000057220459,2.4728000164031982,2.3399999141693115,2.380000114440918,15999,0.0,0.0
2022-12-23 11:30:00-05:00,2.369999885559082,2.4100000858306885,2.369999885559082,2.3949999809265137,2890,0.0,0.0
2022-12-23 12:30:00-05:00,2.390000104904175,2.390000104904175,2.3701000213623047,2.3701000213623047,4466,0.0,0.0
2022-12-23 13:30:00-05:00,2.375,2.390000104904175,2.375,2.3810999393463135,4950,0.0,0.0
2022-12-23 14:30:00-05:00,2.384999990463257,2.387500047683716,2.380000114440918,2.3801000118255615,8704,0.0,0.0
2022-12-23 15:30:00-05:00,2.387500047683716,2.387500047683716,2.3399999141693115,2.359999895095825,46634,0.0,0.0
2022-12-27 09:30:00-05:00,2.3299999237060547,2.3299999237060547,2.2300000190734863,2.2899999618530273,8750,0.0,0.0
2022-12-27 10:30:00-05:00,2.315000057220459,2.319999933242798,2.25,2.2699999809265137,61865,0.0,0.0
2022-12-27 11:30:00-05:00,2.2899999618530273,2.311300039291382,2.26990008354187,2.2799999713897705,6611,0.0,0.0
2022-12-27 12:30:00-05:00,2.2750000953674316,2.2899999618530273,2.265000104904175,2.265000104904175,5397,0.0,0.0
2022-12-27 13:30:00-05:00,2.26990008354187,2.2850000858306885,2.2149999141693115,2.2200000286102295,64414,0.0,0.0
2022-12-27 14:30:00-05:00,2.2249999046325684,2.2300000190734863,2.180000066757202,2.190000057220459,17557,0.0,0.0
2022-12-27 15:30:00-05:00,2.190000057220459,2.200000047683716,2.1700000762939453,2.190000057220459,22439,0.0,0.0
2022-12-28 09:30:00-05:00,2.1700000762939453,2.2750000953674316,2.1600000858306885,2.180000066757202,11314,0.0,0.0
2022-12-28 10:30:00-05:00,2.160399913787842,2.2699999809265137,2.160399913787842,2.2200000286102295,17038,0.0,0.0
2022-12-28 11:30:00-05:00,2.2200000286102295,2.234999895095825,2.2100000381469727,2.2249999046325684,6239,0.0,0.0
2022-12-28 12:30:00-05:00,2.2200000286102295,2.2699999809265137,2.184999942779541,2.200000047683716,53226,0.0,0.0
2022-12-28 13:30:00-05:00,2.200000047683716,2.369999885559082,2.190000057220459,2.2799999713897705,27233,0.0,0.0
2022-12-28 14:30:00-05:00,2.2850000858306885,2.299999952316284,2.259999990463257,2.2850000858306885,13362,0.0,0.0
2022-12-28 15:30:00-05:00,2.2699999809265137,2.3499999046325684,2.2699999809265137,2.299999952316284,32659,0.0,0.0
2022-12-29 09:30:00-05:00,2.380000114440918,2.5,2.3299999237060547,2.4700000286102295,30206,0.0,0.0
2022-12-29 10:30:00-05:00,2.4649999141693115,2.4800000190734863,2.430000066757202,2.450000047683716,10730,0.0,0.0
2022-12-29 11:30:00-05:00,2.4414000511169434,2.444999933242798,2.309999942779541,2.3299999237060547,19263,0.0,0.0
2022-12-29 12:30:00-05:00,2.4200000762939453,2.4200000762939453,2.390000104904175,2.390000104904175,1697,0.0,0.0
2022-12-29 13:30:00-05:00,2.390000104904175,2.490000009536743,2.369999885559082,2.369999885559082,24313,0.0,0.0
2022-12-29 14:30:00-05:00,2.380000114440918,2.430000066757202,2.309999942779541,2.4200000762939453,20712,0.0,0.0
2022-12-29 15:30:00-05:00,2.4200000762939453,2.4800000190734863,2.4100000858306885,2.430000066757202,36861,0.0,0.0
2022-12-30 09:30:00-05:00,2.390000104904175,2.4600000381469727,2.369999885559082,2.440000057220459,4036,0.0,0.0
2022-12-30 10:30:00-05:00,2.448499917984009,2.559999942779541,2.440000057220459,2.4800000190734863,11242,0.0,0.0
2022-12-30 11:30:00-05:00,2.4800000190734863,2.559999942779541,2.450000047683716,2.515000104904175,21713,0.0,0.0
2022-12-30 12:30:00-05:00,2.5299999713897705,2.569999933242798,2.430000066757202,2.4649999141693115,16083,0.0,0.0
2022-12-30 13:30:00-05:00,2.5,2.5399999618530273,2.430000066757202,2.4600000381469727,11908,0.0,0.0
2022-12-30 14:30:00-05:00,2.4570999145507812,2.5,2.4019999504089355,2.4700000286102295,31583,0.0,0.0
2022-12-30 15:30:00-05:00,2.4800000190734863,2.5299999713897705,2.4700000286102295,2.5,61647,0.0,0.0
2023-01-03 09:30:00-05:00,2.509999990463257,2.569999933242798,2.4749999046325684,2.4749999046325684,12706,0.0,0.0
2023-01-03 10:30:00-05:00,2.490000009536743,2.530100107192993,2.490000009536743,2.5199999809265137,11573,0.0,0.0
2023-01-03 11:30:00-05:00,2.4700000286102295,2.494999885559082,2.450000047683716,2.450000047683716,1079,0.0,0.0
2023-01-03 12:30:00-05:00,2.4700000286102295,2.4700000286102295,2.4556000232696533,2.4649999141693115,2687,0.0,0.0
2023-01-03 13:30:00-05:00,2.4623000621795654,2.4800000190734863,2.4623000621795654,2.4700000286102295,607,0.0,0.0
2023-01-03 14:30:00-05:00,2.4800000190734863,2.5,2.4800000190734863,2.5,1906,0.0,0.0
2023-01-03 15:30:00-05:00,2.5,2.5,2.430000066757202,2.450000047683716,12620,0.0,0.0
2023-01-04 09:30:00-05:00,2.5,2.5,2.3350000381469727,2.359999895095825,2444,0.0,0.0
2023-01-04 10:30:00-05:00,2.409899950027466,2.4700000286102295,2.380000114440918,2.4700000286102295,8020,0.0,0.0
2023-01-04 11:30:00-05:00,2.4700000286102295,2.5,2.390000104904175,2.434999942779541,57964,0.0,0.0
2023-01-04 12:30:00-05:00,2.4200000762939453,2.4323999881744385,2.380000114440918,2.380000114440918,7379,0.0,0.0
2023-01-04 13:30:00-05:00,2.369999885559082,2.380000114440918,2.299999952316284,2.309999942779541,17129,0.0,0.0
2023-01-04 14:30:00-05:00,2.319999933242798,2.380000114440918,2.319999933242798,2.343899965286255,11114,0.0,0.0
2023-01-04 15:30:00-05:00,2.3299999237060547,2.365799903869629,2.319999933242798,2.3299999237060547,19854,0.0,0.0
2023-01-05 09:30:00-05:00,2.3299999237060547,2.3399999141693115,2.259999990463257,2.2799999713897705,7828,0.0,0.0
2023-01-05 10:30:00-05:00,2.2899999618530273,2.291800022125244,2.255000114440918,2.2681000232696533,22047,0.0,0.0
2023-01-05 11:30:00-05:00,2.259999990463257,2.2799999713897705,2.259999990463257,2.2799999713897705,7295,0.0,0.0
2023-01-05 12:30:00-05:00,2.2899999618530273,2.356600046157837,2.2899999618530273,2.309499979019165,11733,0.0,0.0
2023-01-05 13:30:00-05:00,2.309999942779541,2.3299999237060547,2.299999952316284,2.309999942779541,33710,0.0,0.0
2023-01-05 14:30:00-05:00,2.305000066757202,2.305000066757202,2.2799999713897705,2.283900022506714,7248,0.0,0.0
2023-01-05 15:30:00-05:00,2.2899999618530273,2.2950000762939453,2.2799999713897705,2.2799999713897705,29929,0.0,0.0
2023-01-06 09:30:00-05:00,2.299999952316284,2.299999952316284,2.2100000381469727,2.2799999713897705,20785,0.0,0.0
2023-01-06 10:30:00-05:00,2.2699999809265137,2.2899999618530273,2.25,2.259999990463257,10379,0.0,0.0
2023-01-06 11:30:00-05:00,2.2783000469207764,2.2783000469207764,2.2699999809265137,2.2699999809265137,1209,0.0,0.0
2023-01-06 12:30:00-05:00,2.272599935531616,2.2764999866485596,2.259999990463257,2.2699999809265137,2272,0.0,0.0
2023-01-06 13:30:00-05:00,2.2699999809265137,2.3499999046325684,2.259999990463257,2.3299999237060547,21257,0.0,0.0
2023-01-06 14:30:00-05:00,2.3299999237060547,2.380000114440918,2.321899890899658,2.3798999786376953,15225,0.0,0.0
2023-01-06 15:30:00-05:00,2.369999885559082,2.390000104904175,2.369999885559082,2.390000104904175,51882,0.0,0.0
2023-01-09 09:30:00-05:00,2.4100000858306885,2.4200000762939453,2.319999933242798,2.3350000381469727,21825,0.0,0.0
2023-01-09 10:30:00-05:00,2.319999933242798,2.3399999141693115,2.319999933242798,2.3399999141693115,12114,0.0,0.0
2023-01-09 11:30:00-05:00,2.325000047683716,2.3299999237060547,2.299999952316284,2.299999952316284,6221,0.0,0.0
2023-01-09 12:30:00-05:00,2.299999952316284,2.3399999141693115,2.299999952316284,2.3399999141693115,13030,0.0,0.0
2023-01-09 13:30:00-05:00,2.3399999141693115,2.3499999046325684,2.319999933242798,2.319999933242798,14756,0.0,0.0
2023-01-09 14:30:00-05:00,2.319999933242798,2.3299999237060547,2.2699999809265137,2.3299999237060547,13716,0.0,0.0
2023-01-09 15:30:00-05:00,2.299999952316284,2.299999952316284,2.240000009536743,2.255000114440918,12278,0.0,0.0
2023-01-10 09:30:00-05:00,2.2699999809265137,2.3399999141693115,2.240000009536743,2.299999952316284,22038,0.0,0.0
2023-01-10 10:30:00-05:00,2.2799999713897705,2.289900064468384,2.259999990463257,2.2699999809265137,2629,0.0,0.0
2023-01-10 11:30:00-05:00,2.265000104904175,2.2699999809265137,2.265000104904175,2.2699999809265137,1043,0.0,0.0
2023-01-10 12:30:00-05:00,2.2899999618530273,2.319999933242798,2.2899999618530273,2.305000066757202,3824,0.0,0.0
2023-01-10 13:30:00-05:00,2.299999952316284,2.369999885559082,2.2899999618530273,2.3499999046325684,10677,0.0,0.0
2023-01-10 14:30:00-05:00,2.3499999046325684,2.424999952316284,2.3499999046325684,2.3949999809265137,18865,0.0,0.0
2023-01-10 15:30:00-05:00,2.3949999809265137,2.4600000381469727,2.380000114440918,2.430000066757202,23993,0.0,0.0
2023-01-11 09:30:00-05:00,2.4600000381469727,2.6145999431610107,2.4600000381469727,2.5799999237060547,14531,0.0,0.0
2023-01-11 10:30:00-05:00,2.569999933242798,2.5899999141693115,2.549999952316284,2.549999952316284,2484,0.0,0.0
2023-01-11 11:30:00-05:00,2.5399999618530273,2.617300033569336,2.5399999618530273,2.609999895095825,4978,0.0,0.0
2023-01-11 12:30:00-05:00,2.619999885559082,2.6600000858306885,2.5999999046325684,2.654599905014038,11938,0.0,0.0
2023-01-11 13:30:00-05:00,2.630000114440918,2.634999990463257,2.575000047683716,2.5799999237060547,9278,0.0,0.0
2023-01-11 14:30:00-05:00,2.5850000381469727,2.6191999912261963,2.569999933242798,2.6191999912261963,4778,0.0,0.0
2023-01-11 15:30:00-05:00,2.601799964904785,2.609999895095825,2.559999942779541,2.5899999141693115,12192,0.0,0.0
2023-01-12 09:30:00-05:00,2.6600000858306885,2.7084999084472656,2.5215001106262207,2.569999933242798,31072,0.0,0.0
2023-01-12 10:30:00-05:00,2.5836000442504883,2.5836000442504883,2.5299999713897705,2.5364999771118164,3068,0.0,0.0
2023-01-12 11:30:00-05:00,2.5299999713897705,2.619999885559082,2.5299999713897705,2.619999885559082,3510,0.0,0.0
2023-01-12 12:30:00-05:00,2.634999990463257,2.690000057220459,2.619999885559082,2.6700000762939453,12089,0.0,0.0
2023-01-12 13:30:00-05:00,2.6600000858306885,2.822999954223633,2.6549999713897705,2.7300000190734863,17702,0.0,0.0
2023-01-12 14:30:00-05:00,2.7100000381469727,2.765000104904175,2.700000047683716,2.7499001026153564,11317,0.0,0.0
2023-01-12 15:30:00-05:00,2.759999990463257,2.759999990463257,2.680000066757202,2.7300000190734863,37985,0.0,0.0
2023-01-13 09:30:00-05:00,2.680000066757202,2.7750000953674316,2.680000066757202,2.725800037384033,18449,0.0,0.0
2023-01-13 10:30:00-05:00,2.734999895095825,2.75,2.734299898147583,2.740000009536743,6714,0.0,0.0
2023-01-13 11:30:00-05:00,2.740000009536743,2.819999933242798,2.7300000190734863,2.819999933242798,8494,0.0,0.0
2023-01-13 12:30:00-05:00,2.825000047683716,2.8299999237060547,2.809999942779541,2.8101000785827637,4481,0.0,0.0
2023-01-13 13:30:00-05:00,2.809999942779541,2.8199000358581543,2.759999990463257,2.76990008354187,3473,0.0,0.0
2023-01-13 14:30:00-05:00,2.759999990463257,2.809999942779541,2.759999990463257,2.805000066757202,3303,0.0,0.0
2023-01-13 15:30:00-05:00,2.805000066757202,2.819999933242798,2.7699999809265137,2.7899999618530273,10678,0.0,0.0
2023-01-17 09:30:00-05:00,2.7899999618530273,2.799999952316284,2.7300000190734863,2.799999952316284,5868,0.0,0.0
2023-01-17 10:30:00-05:00,2.7799999713897705,2.8359999656677246,2.7799999713897705,2.815000057220459,14983,0.0,0.0
2023-01-17 11:30:00-05:00,2.809999942779541,2.819999933242798,2.809999942779541,2.819999933242798,2755,0.0,0.0
2023-01-17 12:30:00-05:00,2.8299999237060547,2.869999885559082,2.8299999237060547,2.8550000190734863,6334,0.0,0.0
2023-01-17 13:30:00-05:00,2.8550000190734863,2.8550000190734863,2.75,2.75,20926,0.0,0.0
2023-01-17 14:30:00-05:00,2.765000104904175,2.7750000953674316,2.759999990463257,2.7750000953674316,7013,0.0,0.0
2023-01-17 15:30:00-05:00,2.7750000953674316,2.7750000953674316,2.75,2.75,7866,0.0,0.0
2023-01-18 09:30:00-05:00,2.799999952316284,2.9798998832702637,2.799999952316284,2.940000057220459,30995,0.0,0.0
2023-01-18 10:30:00-05:00,2.940200090408325,2.990000009536743,2.8708999156951904,2.9600000381469727,17156,0.0,0.0
2023-01-18 11:30:00-05:00,2.950000047683716,2.9649999141693115,2.890000104904175,2.890000104904175,12176,0.0,0.0
2023-01-18 12:30:00-05:00,2.9200000762939453,2.9600000381469727,2.9100000858306885,2.9600000381469727,8823,0.0,0.0
2023-01-18 13:30:00-05:00,2.9549999237060547,2.9800000190734863,2.950000047683716,2.950000047683716,4348,0.0,0.0
2023-01-18 14:30:00-05:00,2.930000066757202,2.940999984741211,2.869999885559082,2.924999952316284,2050,0.0,0.0
2023-01-18 15:30:00-05:00,2.9100000858306885,3.0399999618530273,2.9100000858306885,3.0299999713897705,31195,0.0,0.0
2023-01-19 09:30:00-05:00,3.0,3.0401999950408936,2.9158999919891357,2.9600000381469727,11735,0.0,0.0
2023-01-19 10:30:00-05:00,2.9600000381469727,2.9600000381469727,2.880000114440918,2.930000066757202,7392,0.0,0.0
2023-01-19 11:30:00-05:00,2.9000000953674316,2.9200000762939453,2.9000000953674316,2.9200000762939453,366,0.0,0.0
2023-01-19 12:30:00-05:00,2.9198999404907227,2.990000009536743,2.9049999713897705,2.9700000286102295,5950,0.0,0.0
2023-01-19 13:30:00-05:00,2.9800000190734863,3.0399999618530273,2.950000047683716,3.0399999618530273,4609,0.0,0.0
2023-01-19 14:30:00-05:00,3.0399999618530273,3.0399999618530273,2.9830000400543213,2.9939000606536865,12419,0.0,0.0
2023-01-19 15:30:00-05:00,2.9800000190734863,3.0199999809265137,2.9700000286102295,3.0,17459,0.0,0.0
2023-01-20 09:30:00-05:00,3.049999952316284,3.059999942779541,2.9100000858306885,3.0250000953674316,26421,0.0,0.0
2023-01-20 10:30:00-05:00,3.0250000953674316,3.0299999713897705,3.0,3.0199999809265137,2697,0.0,0.0
2023-01-20 11:30:00-05:00,3.0299999713897705,3.0850000381469727,3.015000104904175,3.049999952316284,3983,0.0,0.0
2023-01-20 12:30:00-05:00,3.049999952316284,3.049999952316284,3.001300096511841,3.001300096511841,16296,0.0,0.0
2023-01-20 13:30:00-05:00,3.0,3.059999942779541,3.0,3.0299999713897705,5270,0.0,0.0
2023-01-20 14:30:00-05:00,3.009999990463257,3.009999990463257,2.950000047683716,2.950000047683716,8984,0.0,0.0
2023-01-20 15:30:00-05:00,2.944999933242798,2.9600000381469727,2.9100000858306885,2.940000057220459,12701,0.0,0.0
2023-01-23 09:30:00-05:00,2.9700000286102295,2.9700000286102295,2.9100000858306885,2.9100000858306885,3017,0.0,0.0
2023-01-23 10:30:00-05:00,2.940000057220459,2.940000057220459,2.811000108718872,2.9096999168395996,13968,0.0,0.0
2023-01-23 11:30:00-05:00,2.9149999618530273,2.955399990081787,2.9149999618530273,2.9200000762939453,6182,0.0,0.0
2023-01-23 12:30:00-05:00,2.9200000762939453,2.990000009536743,2.9200000762939453,2.990000009536743,3563,0.0,0.0
2023-01-23 13:30:00-05:00,2.990000009536743,3.006500005722046,2.920099973678589,2.920099973678589,3316,0.0,0.0
2023-01-23 14:30:00-05:00,2.924999952316284,2.940000057220459,2.924999952316284,2.940000057220459,5093,0.0,0.0
2023-01-23 15:30:00-05:00,2.940000057220459,2.9700000286102295,2.930000066757202,2.940000057220459,6742,0.0,0.0
2023-01-24 09:30:00-05:00,2.950000047683716,3.0,2.890000104904175,2.9000000953674316,5408,0.0,0.0
2023-01-24 10:30:00-05:00,2.9000000953674316,2.9149999618530273,2.8499999046325684,2.9149999618530273,4314,0.0,0.0
2023-01-24 11:30:00-05:00,2.9110000133514404,2.950000047683716,2.9000000953674316,2.950000047683716,7881,0.0,0.0
2023-01-24 12:30:00-05:00,2.9549999237060547,2.9549999237060547,2.9372000694274902,2.9372000694274902,4255,0.0,0.0
2023-01-24 13:30:00-05:00,2.930000066757202,2.9665000438690186,2.9123001098632812,2.9123001098632812,15045,0.0,0.0
2023-01-24 14:30:00-05:00,2.9200000762939453,2.9200000762939453,2.859999895095825,2.859999895095825,11520,0.0,0.0
2023-01-24 15:30:00-05:00,2.8499999046325684,2.8499999046325684,2.7799999713897705,2.7799999713897705,34954,0.0,0.0
2023-01-25 09:30:00-05:00,2.7799999713897705,2.815000057220459,2.6700000762939453,2.815000057220459,13176,0.0,0.0
2023-01-25 10:30:00-05:00,2.740000009536743,2.809999942779541,2.7200000286102295,2.7699999809265137,28908,0.0,0.0
2023-01-25 11:30:00-05:00,2.7899999618530273,2.8010001182556152,2.7799999713897705,2.786600112915039,3416,0.0,0.0
2023-01-25 12:30:00-05:00,2.792799949645996,2.950000047683716,2.792799949645996,2.891200065612793,24607,0.0,0.0
2023-01-25 13:30:00-05:00,2.9200000762939453,2.9700000286102295,2.9000000953674316,2.9000000953674316,7703,0.0,0.0
2023-01-25 14:30:00-05:00,2.9200000762939453,2.9200000762939453,2.8399999141693115,2.860100030899048,4855,0.0,0.0
2023-01-25 15:30:00-05:00,2.865000009536743,2.880000114440918,2.8350000381469727,2.869999885559082,10038,0.0,0.0
2023-01-26 09:30:00-05:00,2.9600000381469727,2.9800000190734863,2.8512001037597656,2.8512001037597656,2062,0.0,0.0
2023-01-26 10:30:00-05:00,2.916800022125244,2.916800022125244,2.859999895095825,2.880000114440918,3530,0.0,0.0
2023-01-26 11:30:00-05:00,2.890000104904175,2.8917999267578125,2.860100030899048,2.875,4670,0.0,0.0
2023-01-26 12:30:00-05:00,2.9000000953674316,2.9200000762939453,2.8499999046325684,2.8499999046325684,3143,0.0,0.0
2023-01-26 13:30:00-05:00,2.8499999046325684,2.8499999046325684,2.7300000190734863,2.7300000190734863,18388,0.0,0.0
2023-01-26 14:30:00-05:00,2.7300000190734863,2.7799999713897705,2.680000066757202,2.740000009536743,22490,0.0,0.0
2023-01-26 15:30:00-05:00,2.7750000953674316,2.8550000190734863,2.740000009536743,2.75,7863,0.0,0.0
2023-01-27 09:30:00-05:00,2.7799999713897705,2.8399999141693115,2.759999990463257,2.8299999237060547,15607,0.0,0.0
2023-01-27 10:30:00-05:00,2.8499999046325684,2.8499999046325684,2.7699999809265137,2.799999952316284,3895,0.0,0.0
2023-01-27 11:30:00-05:00,2.8285999298095703,2.940000057220459,2.819999933242798,2.9000000953674316,6134,0.0,0.0
2023-01-27 12:30:00-05:00,2.9200000762939453,3.005000114440918,2.9200000762939453,3.005000114440918,14215,0.0,0.0
2023-01-27 13:30:00-05:00,3.0299999713897705,3.0799999237060547,3.009999990463257,3.059999942779541,14114,0.0,0.0
2023-01-27 14:30:00-05:00,3.0799999237060547,3.115000009536743,3.0199999809265137,3.0999999046325684,17594,0.0,0.0
2023-01-27 15:30:00-05:00,3.0999999046325684,3.109999895095825,3.0,3.0299999713897705,9745,0.0,0.0
2023-01-30 09:30:00-05:00,2.930000066757202,3.2100000381469727,2.8499999046325684,3.059999942779541,23428,0.0,0.0
2023-01-30 10:30:00-05:00,3.059999942779541,3.059999942779541,2.930000066757202,3.009999990463257,9767,0.0,0.0
2023-01-30 11:30:00-05:00,3.009999990463257,3.0399999618530273,2.9800000190734863,3.0399999618530273,2918,0.0,0.0
2023-01-30 12:30:00-05:00,3.049999952316284,3.119999885559082,3.0399999618530273,3.075000047683716,8064,0.0,0.0
2023-01-30 13:30:00-05:00,3.0799999237060547,3.0799999237060547,3.0399999618530273,3.0799999237060547,4466,0.0,0.0
2023-01-30 14:30:00-05:00,3.035399913787842,3.059999942779541,3.010999917984009,3.0199999809265137,7357,0.0,0.0
2023-01-30 15:30:00-05:00,3.0199999809265137,3.0299999713897705,2.9800000190734863,3.009999990463257,5276,0.0,0.0
2023-01-31 09:30:00-05:00,3.0299999713897705,3.0999999046325684,3.0299999713897705,3.0999999046325684,1448,0.0,0.0
2023-01-31 10:30:00-05:00,3.119999885559082,3.200000047683716,3.0999999046325684,3.119999885559082,21581,0.0,0.0
2023-01-31 11:30:00-05:00,3.109999895095825,3.119999885559082,3.0799999237060547,3.0850000381469727,2203,0.0,0.0
2023-01-31 12:30:00-05:00,3.0799999237060547,3.119999885559082,3.0799999237060547,3.0999999046325684,3099,0.0,0.0
2023-01-31 13:30:00-05:00,3.0999999046325684,3.180000066757202,3.0999999046325684,3.1700000762939453,12114,0.0,0.0
2023-01-31 14:30:00-05:00,3.1500000953674316,3.3073999881744385,3.1449999809265137,3.25,50856,0.0,0.0
2023-01-31 15:30:00-05:00,3.2149999141693115,3.2300000190734863,3.1700000762939453,3.2300000190734863,28068,0.0,0.0
2023-02-01 09:30:00-05:00,3.1600000858306885,3.1600000858306885,3.119999885559082,3.1600000858306885,9228,0.0,0.0
2023-02-01 10:30:00-05:00,3.1600000858306885,3.1700000762939453,3.049999952316284,3.1700000762939453,20962,0.0,0.0
2023-02-01 11:30:00-05:00,3.1700000762939453,3.1700000762939453,3.130000114440918,3.1500000953674316,3655,0.0,0.0
2023-02-01 12:30:00-05:00,3.125,3.1600000858306885,3.0999999046325684,3.1500000953674316,3593,0.0,0.0
2023-02-01 13:30:00-05:00,3.1600000858306885,3.259999990463257,3.140000104904175,3.25,25048,0.0,0.0
2023-02-01 14:30:00-05:00,3.2200000286102295,3.390000104904175,3.2200000286102295,3.390000104904175,33240,0.0,0.0
2023-02-01 15:30:00-05:00,3.359999895095825,3.440000057220459,3.3329999446868896,3.390000104904175,25475,0.0,0.0
2023-02-02 09:30:00-05:00,3.3299999237060547,3.5999999046325684,3.3299999237060547,3.4800000190734863,32730,0.0,0.0
2023-02-02 10:30:00-05:00,3.483799934387207,3.5999999046325684,3.437999963760376,3.437999963760376,9805,0.0,0.0
2023-02-02 11:30:00-05:00,3.5,3.5399999618530273,3.5,3.5250000953674316,1828,0.0,0.0
2023-02-02 12:30:00-05:00,3.5250000953674316,3.569999933242798,3.5234999656677246,3.569999933242798,3648,0.0,0.0
2023-02-02 13:30:00-05:00,3.5799999237060547,3.5799999237060547,3.5,3.509999990463257,5748,0.0,0.0
2023-02-02 14:30:00-05:00,3.4800000190734863,3.4800000190734863,3.3399999141693115,3.4100000858306885,19164,0.0,0.0
2023-02-02 15:30:00-05:00,3.390000104904175,3.3903000354766846,3.299999952316284,3.3499999046325684,20046,0.0,0.0
2023-02-03 09:30:00-05:00,3.309999942779541,3.398699998855591,3.2300000190734863,3.398699998855591,6834,0.0,0.0
2023-02-03 10:30:00-05:00,3.4100000858306885,3.5299999713897705,3.380000114440918,3.4656999111175537,2962,0.0,0.0
2023-02-03 11:30:00-05:00,3.433500051498413,3.559999942779541,3.433500051498413,3.5299999713897705,10859,0.0,0.0
2023-02-03 12:30:00-05:00,3.5250000953674316,3.5299999713897705,3.319999933242798,3.359999895095825,6327,0.0,0.0
2023-02-03 13:30:00-05:00,3.3450000286102295,3.390000104904175,3.327199935913086,3.390000104904175,5136,0.0,0.0
2023-02-03 14:30:00-05:00,3.4000000953674316,3.5999999046325684,3.380000114440918,3.444999933242798,36623,0.0,0.0
2023-02-03 15:30:00-05:00,3.440000057220459,3.4800000190734863,3.430000066757202,3.450000047683716,4780,0.0,0.0
2023-02-06 09:30:00-05:00,3.440000057220459,3.7799999713897705,3.3499999046325684,3.7493999004364014,19019,0.0,0.0
2023-02-06 10:30:00-05:00,3.75,3.75,3.4774999618530273,3.640000104904175,21475,0.0,0.0
2023-02-06 11:30:00-05:00,3.638000011444092,3.6700000762939453,3.5399999618530273,3.540800094604492,12453,0.0,0.0
2023-02-06 12:30:00-05:00,3.5799999237060547,3.6500000953674316,3.569999933242798,3.630000114440918,7138,0.0,0.0
2023-02-06 13:30:00-05:00,3.630000114440918,3.75,3.5899999141693115,3.7100000381469727,14745,0.0,0.0
2023-02-06 14:30:00-05:00,3.7100000381469727,3.7300000190734863,3.619999885559082,3.7300000190734863,18113,0.0,0.0
2023-02-06 15:30:00-05:00,3.740000009536743,3.75,3.680000066757202,3.7100000381469727,21882,0.0,0.0
2023-02-07 09:30:00-05:00,3.759999990463257,3.759999990463257,3.6700000762939453,3.692699909210205,13664,0.0,0.0
2023-02-07 10:30:00-05:00,3.694999933242798,3.7799999713897705,3.640000104904175,3.690000057220459,7890,0.0,0.0
2023-02-07 11:30:00-05:00,3.7300000190734863,3.880000114440918,3.7100000381469727,3.7750000953674316,12474,0.0,0.0
2023-02-07 12:30:00-05:00,3.7750000953674316,3.9649999141693115,3.7750000953674316,3.875,20282,0.0,0.0
2023-02-07 13:30:00-05:00,3.869999885559082,3.9298999309539795,3.799999952316284,3.8949999809265137,25801,0.0,0.0
2023-02-07 14:30:00-05:00,3.8949999809265137,3.940000057220459,3.869999885559082,3.938699960708618,11676,0.0,0.0
2023-02-07 15:30:00-05:00,3.924999952316284,4.039999961853027,3.9200000762939453,4.0,30795,0.0,0.0
2023-02-08 09:30:00-05:00,3.940000057220459,3.9800000190734863,3.799999952316284,3.9000000953674316,15935,0.0,0.0
2023-02-08 10:30:00-05:00,3.9000000953674316,3.930000066757202,3.7300000190734863,3.7699999809265137,13888,0.0,0.0
2023-02-08 11:30:00-05:00,3.7799999713897705,3.7799999713897705,3.740000009536743,3.755000114440918,13280,0.0,0.0
2023-02-08 12:30:00-05:00,3.740000009536743,3.759999990463257,3.5999999046325684,3.759999990463257,27817,0.0,0.0
2023-02-08 13:30:00-05:00,3.759999990463257,3.759999990463257,3.6649999618530273,3.7200000286102295,6484,0.0,0.0
2023-02-08 14:30:00-05:00,3.759999990463257,3.7899999618530273,3.740000009536743,3.7899999618530273,6257,0.0,0.0
2023-02-08 15:30:00-05:00,3.7699999809265137,3.7699999809265137,3.700000047683716,3.7200000286102295,25533,0.0,0.0
2023-02-09 09:30:00-05:00,3.7100000381469727,3.7899999618530273,3.6500000953674316,3.7100000381469727,12909,0.0,0.0
2023-02-09 10:30:00-05:00,3.694999933242798,3.7200000286102295,3.6700000762939453,3.7200000286102295,8578,0.0,0.0
2023-02-09 11:30:00-05:00,3.7102999687194824,3.7200000286102295,3.6600000858306885,3.694999933242798,8040,0.0,0.0
2023-02-09 12:30:00-05:00,3.690000057220459,3.7100000381469727,3.630000114440918,3.7100000381469727,11737,0.0,0.0
2023-02-09 13:30:00-05:00,3.7049999237060547,3.7332000732421875,3.630000114440918,3.7100000381469727,10559,0.0,0.0
2023-02-09 14:30:00-05:00,3.700000047683716,3.759999990463257,3.6600000858306885,3.690000057220459,19394,0.0,0.0
2023-02-09 15:30:00-05:00,3.690000057220459,3.700000047683716,3.5399999618530273,3.5399999618530273,22312,0.0,0.0
2023-02-10 09:30:00-05:00,3.509999990463257,3.509999990463257,3.150099992752075,3.210099935531616,34132,0.0,0.0
2023-02-10 10:30:00-05:00,3.2100000381469727,3.2100000381469727,3.0850000381469727,3.130000114440918,16670,0.0,0.0
2023-02-10 11:30:00-05:00,3.130000114440918,3.1600000858306885,3.0999999046325684,3.130000114440918,13059,0.0,0.0
2023-02-10 12:30:00-05:00,3.130000114440918,3.180000066757202,3.130000114440918,3.1649999618530273,8163,0.0,0.0
2023-02-10 13:30:00-05:00,3.180000066757202,3.180000066757202,3.134999990463257,3.140000104904175,4317,0.0,0.0
2023-02-10 14:30:00-05:00,3.140000104904175,3.140000104904175,3.0999999046325684,3.1092000007629395,2898,0.0,0.0
2023-02-10 15:30:00-05:00,3.1089999675750732,3.109999895095825,2.8901000022888184,2.9800000190734863,48592,0.0,0.0
2023-02-13 09:30:00-05:00,3.0899999141693115,3.0899999141693115,2.884999990463257,2.930000066757202,16921,0.0,0.0
2023-02-13 10:30:00-05:00,2.884999990463257,2.940000057220459,2.7899999618530273,2.8229000568389893,25114,0.0,0.0
2023-02-13 11:30:00-05:00,2.825000047683716,3.009999990463257,2.825000047683716,3.0,18531,0.0,0.0
2023-02-13 12:30:00-05:00,3.0,3.009999990463257,2.950000047683716,2.9535000324249268,9234,0.0,0.0
2023-02-13 13:30:00-05:00,2.9600000381469727,2.9700000286102295,2.9110000133514404,2.9600000381469727,13146,0.0,0.0
2023-02-13 14:30:00-05:00,2.968899965286255,3.009999990463257,2.930000066757202,2.952399969100952,6796,0.0,0.0
2023-02-13 15:30:00-05:00,2.9549999237060547,3.0199999809265137,2.950000047683716,3.0199999809265137,16225,0.0,0.0
2023-02-14 09:30:00-05:00,2.990000009536743,3.140000104904175,2.944999933242798,3.069999933242798,10476,0.0,0.0
2023-02-14 10:30:00-05:00,3.005500078201294,3.0999999046325684,3.005500078201294,3.0999999046325684,9172,0.0,0.0
2023-02-14 11:30:00-05:00,3.1050000190734863,3.1600000858306885,3.0899999141693115,3.1600000858306885,9322,0.0,0.0
2023-02-14 12:30:00-05:00,3.1698999404907227,3.2699999809265137,3.1698999404907227,3.240000009536743,9677,0.0,0.0
2023-02-14 13:30:00-05:00,3.239000082015991,3.239000082015991,3.180000066757202,3.200000047683716,6435,0.0,0.0
2023-02-14 14:30:00-05:00,3.200000047683716,3.2100000381469727,3.150099992752075,3.1600000858306885,7357,0.0,0.0
2023-02-14 15:30:00-05:00,3.1600000858306885,3.240000009536743,3.1600000858306885,3.240000009536743,13833,0.0,0.0
2023-02-15 09:30:00-05:00,3.0799999237060547,3.1600000858306885,3.005000114440918,3.1600000858306885,10385,0.0,0.0
2023-02-15 10:30:00-05:00,3.1500000953674316,3.1500000953674316,3.0799999237060547,3.109999895095825,4539,0.0,0.0
2023-02-15 11:30:00-05:00,3.1098999977111816,3.1098999977111816,3.0299999713897705,3.059999942779541,7509,0.0,0.0
2023-02-15 12:30:00-05:00,3.0399999618530273,3.1085000038146973,3.0399999618530273,3.081700086593628,4649,0.0,0.0
2023-02-15 13:30:00-05:00,3.109999895095825,3.1600000858306885,3.0899999141693115,3.130000114440918,8451,0.0,0.0
2023-02-15 14:30:00-05:00,3.1600000858306885,3.25,3.1505000591278076,3.240000009536743,10531,0.0,0.0
2023-02-15 15:30:00-05:00,3.2249999046325684,3.2699999809265137,3.2200000286102295,3.259999990463257,10122,0.0,0.0
2023-02-16 09:30:00-05:00,3.180000066757202,3.240000009536743,3.160099983215332,3.240000009536743,2237,0.0,0.0
2023-02-16 10:30:00-05:00,3.240000009536743,3.240000009536743,3.1900999546051025,3.240000009536743,1218,0.0,0.0
2023-02-16 12:30:00-05:00,3.200000047683716,3.215100049972534,3.180000066757202,3.192500114440918,4704,0.0,0.0
2023-02-16 13:30:00-05:00,3.194999933242798,3.2300000190734863,3.190000057220459,3.2300000190734863,6103,0.0,0.0
2023-02-16 14:30:00-05:00,3.2149999141693115,3.2149999141693115,3.1500000953674316,3.1500000953674316,12751,0.0,0.0
2023-02-16 15:30:00-05:00,3.1449999809265137,3.1500000953674316,3.0999999046325684,3.0999999046325684,16021,0.0,0.0
2023-02-17 09:30:00-05:00,3.140000104904175,3.200000047683716,3.140000104904175,3.200000047683716,19762,0.0,0.0
2023-02-17 10:30:00-05:00,3.174999952316284,3.190000057220459,3.130000114440918,3.1700000762939453,4598,0.0,0.0
2023-02-17 11:30:00-05:00,3.1500000953674316,3.1500000953674316,3.122499942779541,3.134999990463257,1585,0.0,0.0
2023-02-17 12:30:00-05:00,3.140000104904175,3.190000057220459,3.140000104904175,3.190000057220459,11073,0.0,0.0
2023-02-17 13:30:00-05:00,3.2100000381469727,3.2100000381469727,3.1649999618530273,3.2100000381469727,3476,0.0,0.0
2023-02-17 14:30:00-05:00,3.2100000381469727,3.3499999046325684,3.2100000381469727,3.299999952316284,23534,0.0,0.0
2023-02-17 15:30:00-05:00,3.309999942779541,3.309999942779541,3.25,3.2950000762939453,12220,0.0,0.0
2023-02-21 09:30:00-05:00,3.2100000381469727,3.244999885559082,3.1700000762939453,3.1700000762939453,2774,0.0,0.0
2023-02-21 10:30:00-05:00,3.1700000762939453,3.200000047683716,3.0999999046325684,3.130000114440918,5779,0.0,0.0
2023-02-21 11:30:00-05:00,3.0999999046325684,3.109999895095825,3.0950000286102295,3.109999895095825,3157,0.0,0.0
2023-02-21 12:30:00-05:00,3.119999885559082,3.119999885559082,3.119999885559082,3.119999885559082,1370,0.0,0.0
2023-02-21 13:30:00-05:00,3.109999895095825,3.109999895095825,3.0899999141693115,3.0999999046325684,2297,0.0,0.0
2023-02-21 14:30:00-05:00,3.0999999046325684,3.109999895095825,3.049999952316284,3.055000066757202,3657,0.0,0.0
2023-02-21 15:30:00-05:00,3.059999942779541,3.059999942779541,3.0,3.0,5457,0.0,0.0
2023-02-22 09:30:00-05:00,3.0299999713897705,3.1089999675750732,2.953900098800659,2.953900098800659,4702,0.0,0.0
2023-02-22 10:30:00-05:00,2.950000047683716,3.0799999237060547,2.950000047683716,3.069999933242798,5866,0.0,0.0
2023-02-22 11:30:00-05:00,3.0,3.119999885559082,3.0,3.075000047683716,2522,0.0,0.0
2023-02-22 12:30:00-05:00,3.0799999237060547,3.0799999237060547,3.049999952316284,3.0641000270843506,2206,0.0,0.0
2023-02-22 13:30:00-05:00,3.0299999713897705,3.0299999713897705,2.990000009536743,3.009999990463257,1552,0.0,0.0
2023-02-22 14:30:00-05:00,3.0399999618530273,3.109999895095825,3.0399999618530273,3.109999895095825,4127,0.0,0.0
2023-02-22 15:30:00-05:00,3.109999895095825,3.109999895095825,3.0201001167297363,3.0799999237060547,10413,0.0,0.0
2023-02-23 09:30:00-05:00,3.0999999046325684,3.25,3.0399999618530273,3.0799999237060547,6738,0.0,0.0
2023-02-23 10:30:00-05:00,3.009999990463257,3.058500051498413,3.0,3.0299999713897705,1804,0.0,0.0
2023-02-23 11:30:00-05:00,3.0299999713897705,3.0299999713897705,3.0,3.0199999809265137,3959,0.0,0.0
2023-02-23 12:30:00-05:00,3.009999990463257,3.0799999237060547,3.009999990463257,3.075000047683716,7287,0.0,0.0
2023-02-23 13:30:00-05:00,3.0399999618530273,3.0799999237060547,3.0399999618530273,3.059999942779541,1215,0.0,0.0
2023-02-23 14:30:00-05:00,3.065000057220459,3.075000047683716,3.065000057220459,3.075000047683716,1776,0.0,0.0
2023-02-23 15:30:00-05:00,3.0799999237060547,3.1500000953674316,3.069999933242798,3.130000114440918,11924,0.0,0.0
2023-02-24 09:30:00-05:00,3.0399999618530273,3.0399999618530273,2.9800000190734863,2.9800000190734863,3841,0.0,0.0
2023-02-24 10:30:00-05:00,2.9700000286102295,2.998199939727783,2.9600000381469727,2.9951999187469482,2621,0.0,0.0
2023-02-24 11:30:00-05:00,3.009999990463257,3.009999990463257,3.0,3.009999990463257,1882,0.0,0.0
2023-02-24 12:30:00-05:00,3.0299999713897705,3.0399999618530273,3.009999990463257,3.0299999713897705,2757,0.0,0.0
2023-02-24 13:30:00-05:00,3.009999990463257,3.0299999713897705,2.9700000286102295,3.0299999713897705,5954,0.0,0.0
2023-02-24 14:30:00-05:00,3.069999933242798,3.119999885559082,3.0350000858306885,3.0683000087738037,5595,0.0,0.0
2023-02-24 15:30:00-05:00,3.109999895095825,3.109999895095825,3.0299999713897705,3.049999952316284,8389,0.0,0.0
2023-02-27 09:30:00-05:00,3.109999895095825,3.1886000633239746,3.0899999141693115,3.1700000762939453,9342,0.0,0.0
2023-02-27 10:30:00-05:00,3.1600000858306885,3.1700000762939453,3.125,3.125,3661,0.0,0.0
2023-02-27 11:30:00-05:00,3.0999999046325684,3.109999895095825,3.0950000286102295,3.0999999046325684,5943,0.0,0.0
2023-02-27 12:30:00-05:00,3.059999942779541,3.0699000358581543,2.940000057220459,3.0111000537872314,3825,0.0,0.0
2023-02-27 13:30:00-05:00,2.950000047683716,3.0,2.950000047683716,3.0,2102,0.0,0.0
2023-02-27 14:30:00-05:00,3.0299999713897705,3.069999933242798,2.9800000190734863,2.990000009536743,2813,0.0,0.0
2023-02-27 15:30:00-05:00,2.9700000286102295,3.049999952316284,2.9700000286102295,3.0299999713897705,9830,0.0,0.0
2023-02-28 09:30:00-05:00,3.009999990463257,3.25,3.009999990463257,3.0999999046325684,993,0.0,0.0
2023-02-28 10:30:00-05:00,3.0190000534057617,3.0799999237060547,3.0190000534057617,3.059999942779541,3108,0.0,0.0
2023-02-28 11:30:00-05:00,3.109999895095825,3.109999895095825,3.069999933242798,3.0999999046325684,2061,0.0,0.0
2023-02-28 12:30:00-05:00,3.0899999141693115,3.130000114440918,3.0899999141693115,3.130000114440918,3613,0.0,0.0
2023-02-28 13:30:00-05:00,3.1612000465393066,3.180000066757202,3.140000104904175,3.140000104904175,3385,0.0,0.0
2023-02-28 14:30:00-05:00,3.119999885559082,3.119999885559082,3.109999895095825,3.119999885559082,693,0.0,0.0
2023-02-28 15:30:00-05:00,3.0999999046325684,3.0999999046325684,3.059999942779541,3.059999942779541,3594,0.0,0.0
2023-03-01 09:30:00-05:00,3.059999942779541,3.0799999237060547,3.009999990463257,3.0799999237060547,3282,0.0,0.0
2023-03-01 10:30:00-05:00,3.009999990463257,3.0199999809265137,3.0,3.0000998973846436,4363,0.0,0.0
2023-03-01 11:30:00-05:00,3.015000104904175,3.049999952316284,3.015000104904175,3.049999952316284,2202,0.0,0.0
2023-03-01 12:30:00-05:00,3.059999942779541,3.240999937057495,3.049999952316284,3.119999885559082,60525,0.0,0.0
2023-03-01 13:30:00-05:00,3.069999933242798,3.200000047683716,3.069999933242798,3.110300064086914,24179,0.0,0.0
2023-03-01 14:30:00-05:00,3.0,3.1500000953674316,3.0,3.0899999141693115,11785,0.0,0.0
2023-03-01 15:30:00-05:00,3.109999895095825,3.180000066757202,3.0601000785827637,3.180000066757202,9985,0.0,0.0
2023-03-02 09:30:00-05:00,3.049999952316284,3.140000104904175,3.005000114440918,3.059999942779541,2527,0.0,0.0
2023-03-02 10:30:00-05:00,3.059999942779541,3.2300000190734863,3.059999942779541,3.119999885559082,5393,0.0,0.0
2023-03-02 11:30:00-05:00,3.0950000286102295,3.0950000286102295,3.069999933242798,3.0950000286102295,1281,0.0,0.0
2023-03-02 12:30:00-05:00,3.0999999046325684,3.109999895095825,3.0850000381469727,3.0899999141693115,4457,0.0,0.0
2023-03-02 13:30:00-05:00,3.0899999141693115,3.0999999046325684,3.049999952316284,3.0999999046325684,6334,0.0,0.0
2023-03-02 14:30:00-05:00,3.0999999046325684,3.109999895095825,3.059999942779541,3.059999942779541,3094,0.0,0.0
2023-03-02 15:30:00-05:00,3.049999952316284,3.0999999046325684,3.009999990463257,3.069999933242798,13078,0.0,0.0
2023-03-03 09:30:00-05:00,3.130000114440918,3.130000114440918,3.0799999237060547,3.0999999046325684,1878,0.0,0.0
2023-03-03 10:30:00-05:00,3.1700000762939453,3.200000047683716,3.131700038909912,3.131700038909912,5526,0.0,0.0
2023-03-03 12:30:00-05:00,3.140000104904175,3.1700000762939453,3.115000009536743,3.1700000762939453,4003,0.0,0.0
2023-03-03 13:30:00-05:00,3.1700000762939453,3.200000047683716,3.1700000762939453,3.200000047683716,1603,0.0,0.0
2023-03-03 14:30:00-05:00,3.1700000762939453,3.1700000762939453,3.0999999046325684,3.130000114440918,5903,0.0,0.0
2023-03-03 15:30:00-05:00,3.119999885559082,3.1500000953674316,3.0999999046325684,3.0999999046325684,3565,0.0,0.0
2023-03-06 09:30:00-05:00,3.180000066757202,3.4000000953674316,3.180000066757202,3.307499885559082,3432,0.0,0.0
2023-03-06 10:30:00-05:00,3.301500082015991,3.3399999141693115,3.190000057220459,3.190000057220459,7871,0.0,0.0
2023-03-06 11:30:00-05:00,3.2200000286102295,3.2200000286102295,3.0999999046325684,3.130000114440918,14279,0.0,0.0
2023-03-06 12:30:00-05:00,3.130000114440918,3.1500000953674316,3.0899999141693115,3.130000114440918,7670,0.0,0.0
2023-03-06 13:30:00-05:00,3.140000104904175,3.140000104904175,3.0799999237060547,3.109999895095825,6868,0.0,0.0
2023-03-06 14:30:00-05:00,3.109999895095825,3.119999885559082,3.0799999237060547,3.0999999046325684,8485,0.0,0.0
2023-03-06 15:30:00-05:00,3.0999999046325684,3.0999999046325684,3.0250000953674316,3.0999999046325684,7035,0.0,0.0
2023-03-07 09:30:00-05:00,3.1500000953674316,3.1500000953674316,3.0250000953674316,3.0250000953674316,7895,0.0,0.0
2023-03-07 10:30:00-05:00,3.0931999683380127,3.0931999683380127,3.015000104904175,3.059999942779541,3343,0.0,0.0
2023-03-07 11:30:00-05:00,3.059999942779541,3.0799999237060547,3.049999952316284,3.049999952316284,1923,0.0,0.0
2023-03-07 12:30:00-05:00,3.0799999237060547,3.0799999237060547,3.055000066757202,3.055000066757202,3485,0.0,0.0
2023-03-07 13:30:00-05:00,3.059999942779541,3.069999933242798,3.0299999713897705,3.0450000762939453,1627,0.0,0.0
2023-03-07 14:30:00-05:00,3.049999952316284,3.049999952316284,2.950000047683716,2.950000047683716,17654,0.0,0.0
2023-03-07 15:30:00-05:00,2.9600000381469727,2.9600000381469727,2.9200000762939453,2.9200000762939453,13123,0.0,0.0
2023-03-08 09:30:00-05:00,2.930000066757202,2.9574999809265137,2.5350000858306885,2.6600000858306885,57985,0.0,0.0
2023-03-08 10:30:00-05:00,2.694200038909912,2.700000047683716,2.509999990463257,2.5636000633239746,24596,0.0,0.0
2023-03-08 11:30:00-05:00,2.569999933242798,2.569999933242798,2.5299999713897705,2.549999952316284,5618,0.0,0.0
2023-03-08 12:30:00-05:00,2.559999942779541,2.559999942779541,2.5250000953674316,2.5250000953674316,11348,0.0,0.0
2023-03-08 13:30:00-05:00,2.528700113296509,2.5299999713897705,2.4049999713897705,2.509999990463257,24492,0.0,0.0
2023-03-08 14:30:00-05:00,2.509999990463257,2.509999990463257,2.4500999450683594,2.4549999237060547,12651,0.0,0.0
2023-03-08 15:30:00-05:00,2.4549999237060547,2.4600000381469727,2.4000000953674316,2.434999942779541,28667,0.0,0.0
2023-03-09 09:30:00-05:00,2.440000057220459,2.5399999618530273,2.440000057220459,2.4649999141693115,14794,0.0,0.0
2023-03-09 10:30:00-05:00,2.45989990234375,2.4700000286102295,2.4100000858306885,2.440000057220459,14589,0.0,0.0
2023-03-09 11:30:00-05:00,2.4100000858306885,2.4100000858306885,2.3499999046325684,2.3540000915527344,10082,0.0,0.0
2023-03-09 12:30:00-05:00,2.3499999046325684,2.3515000343322754,2.240000009536743,2.240000009536743,18703,0.0,0.0
2023-03-09 13:30:00-05:00,2.244999885559082,2.2499001026153564,2.2200000286102295,2.2200000286102295,10532,0.0,0.0
2023-03-09 14:30:00-05:00,2.228800058364868,2.25,2.2100000381469727,2.2149999141693115,12941,0.0,0.0
2023-03-09 15:30:00-05:00,2.2149999141693115,2.2300000190734863,2.200000047683716,2.200000047683716,20349,0.0,0.0
2023-03-10 09:30:00-05:00,2.200000047683716,2.3397998809814453,2.109999895095825,2.109999895095825,22141,0.0,0.0
2023-03-10 10:30:00-05:00,2.1500000953674316,2.178499937057495,2.0899999141693115,2.109999895095825,24123,0.0,0.0
2023-03-10 11:30:00-05:00,2.119999885559082,2.259999990463257,2.0399999618530273,2.1700000762939453,23061,0.0,0.0
2023-03-10 12:30:00-05:00,2.194200038909912,2.194200038909912,2.0299999713897705,2.0299999713897705,7237,0.0,0.0
2023-03-10 13:30:00-05:00,2.0299999713897705,2.0399999618530273,2.0,2.03629994392395,13720,0.0,0.0
2023-03-10 14:30:00-05:00,2.044600009918213,2.0599000453948975,1.934999942779541,1.934999942779541,27095,0.0,0.0
2023-03-10 15:30:00-05:00,1.940000057220459,2.0199999809265137,1.940000057220459,2.0,32871,0.0,0.0
2023-03-13 09:30:00-04:00,2.049999952316284,2.109999895095825,2.0299999713897705,2.0373001098632812,21447,0.0,0.0
2023-03-13 10:30:00-04:00,2.0350000858306885,2.0399999618530273,2.0299999713897705,2.0350000858306885,6421,0.0,0.0
2023-03-13 11:30:00-04:00,2.039900064468384,2.069999933242798,2.0299999713897705,2.059999942779541,15494,0.0,0.0
2023-03-13 12:30:00-04:00,2.049999952316284,2.059999942779541,2.049999952316284,2.049999952316284,11996,0.0,0.0
2023-03-13 13:30:00-04:00,2.055000066757202,2.055000066757202,2.030100107192993,2.0350000858306885,5310,0.0,0.0
2023-03-13 14:30:00-04:00,2.0350000858306885,2.055000066757202,2.0299999713897705,2.0350000858306885,12320,0.0,0.0
2023-03-13 15:30:00-04:00,2.0350000858306885,2.0399999618530273,2.0,2.0320000648498535,10262,0.0,0.0
2023-03-14 09:30:00-04:00,2.0999999046325684,2.0999999046325684,1.9800000190734863,2.0199999809265137,22486,0.0,0.0
2023-03-14 10:30:00-04:00,2.0399999618530273,2.1700000762939453,2.0399999618530273,2.1649999618530273,13658,0.0,0.0
2023-03-14 11:30:00-04:00,2.1626999378204346,2.25,2.1600000858306885,2.219899892807007,12494,0.0,0.0
2023-03-14 12:30:00-04:00,2.2098000049591064,2.2098000049591064,2.0799999237060547,2.109999895095825,14387,0.0,0.0
2023-03-14 13:30:00-04:00,2.140000104904175,2.1600000858306885,2.0299999713897705,2.0299999713897705,25820,0.0,0.0
2023-03-14 14:30:00-04:00,2.0199999809265137,2.0759999752044678,2.0,2.0759999752044678,18941,0.0,0.0
2023-03-14 15:30:00-04:00,2.109999895095825,2.139899969100952,2.0450000762939453,2.130000114440918,29010,0.0,0.0
2023-03-15 09:30:00-04:00,2.240000009536743,2.359999895095825,2.140000104904175,2.190000057220459,68709,0.0,0.0
2023-03-15 10:30:00-04:00,2.1900999546051025,2.440000057220459,2.1900999546051025,2.4000000953674316,50758,0.0,0.0
2023-03-15 11:30:00-04:00,2.369999885559082,2.4149999618530273,2.2692999839782715,2.365000009536743,17273,0.0,0.0
2023-03-15 12:30:00-04:00,2.369999885559082,2.430000066757202,2.350100040435791,2.375,24887,0.0,0.0
2023-03-15 13:30:00-04:00,2.430000066757202,2.440000057220459,2.359999895095825,2.440000057220459,23876,0.0,0.0
2023-03-15 14:30:00-04:00,2.440000057220459,2.490000009536743,2.430000066757202,2.4700000286102295,26034,0.0,0.0
2023-03-15 15:30:00-04:00,2.4700000286102295,2.5,2.452699899673462,2.5,31176,0.0,0.0
2023-03-16 09:30:00-04:00,2.5,2.7200000286102295,2.5,2.6549999713897705,59150,0.0,0.0
2023-03-16 10:30:00-04:00,2.6459999084472656,2.950000047683716,2.6459999084472656,2.7699999809265137,45925,0.0,0.0
2023-03-16 11:30:00-04:00,2.7785000801086426,2.7785000801086426,2.640000104904175,2.6649999618530273,21613,0.0,0.0
2023-03-16 12:30:00-04:00,2.6649999618530273,2.680000066757202,2.650099992752075,2.669600009918213,12551,0.0,0.0
2023-03-16 13:30:00-04:00,2.6700000762939453,2.7100000381469727,2.6549999713897705,2.690000057220459,17480,0.0,0.0
2023-03-16 14:30:00-04:00,2.7100000381469727,2.759999990463257,2.690000057220459,2.700000047683716,32694,0.0,0.0
2023-03-16 15:30:00-04:00,2.7200000286102295,2.7200000286102295,2.6500000953674316,2.7100000381469727,19760,0.0,0.0
2023-03-17 09:30:00-04:00,2.640000104904175,2.809999942779541,2.420099973678589,2.440000057220459,43837,0.0,0.0
2023-03-17 10:30:00-04:00,2.4700000286102295,2.490000009536743,2.4000000953674316,2.4114999771118164,17610,0.0,0.0
2023-03-17 11:30:00-04:00,2.4100000858306885,2.4200000762939453,2.3101000785827637,2.315000057220459,17024,0.0,0.0
2023-03-17 12:30:00-04:00,2.309999942779541,2.3499999046325684,2.299999952316284,2.3499999046325684,12339,0.0,0.0
2023-03-17 13:30:00-04:00,2.3499999046325684,2.369999885559082,2.299999952316284,2.315000057220459,3714,0.0,0.0
2023-03-17 14:30:00-04:00,2.3299999237060547,2.3499999046325684,2.319999933242798,2.3285000324249268,13346,0.0,0.0
2023-03-17 15:30:00-04:00,2.319999933242798,2.3299999237060547,2.299999952316284,2.319999933242798,22146,0.0,0.0
2023-03-20 09:30:00-04:00,2.319999933242798,2.3499999046325684,2.2950000762939453,2.311500072479248,6160,0.0,0.0
2023-03-20 10:30:00-04:00,2.3299999237060547,2.3499999046325684,2.319999933242798,2.3350000381469727,10504,0.0,0.0
2023-03-20 11:30:00-04:00,2.325000047683716,2.3299999237060547,2.299999952316284,2.299999952316284,3989,0.0,0.0
2023-03-20 12:30:00-04:00,2.299999952316284,2.369999885559082,2.299999952316284,2.365000009536743,10348,0.0,0.0
2023-03-20 13:30:00-04:00,2.365000009536743,2.365000009536743,2.3399999141693115,2.3450000286102295,6632,0.0,0.0
2023-03-20 14:30:00-04:00,2.3450000286102295,2.3499999046325684,2.3399999141693115,2.3450000286102295,5125,0.0,0.0
2023-03-20 15:30:00-04:00,2.3399999141693115,2.359999895095825,2.3299999237060547,2.359999895095825,9708,0.0,0.0
2023-03-21 09:30:00-04:00,2.359999895095825,2.627000093460083,2.3299999237060547,2.509999990463257,10628,0.0,0.0
2023-03-21 10:30:00-04:00,2.4700000286102295,2.555000066757202,2.4630000591278076,2.5,8483,0.0,0.0
2023-03-21 11:30:00-04:00,2.490000009536743,2.537400007247925,2.490000009536743,2.5199999809265137,5159,0.0,0.0
2023-03-21 12:30:00-04:00,2.5299999713897705,2.6700000762939453,2.5250000953674316,2.6700000762939453,13304,0.0,0.0
2023-03-21 13:30:00-04:00,2.6600000858306885,2.6700000762939453,2.630000114440918,2.634999990463257,5729,0.0,0.0
2023-03-21 14:30:00-04:00,2.640000104904175,2.799999952316284,2.630000114440918,2.690000057220459,16113,0.0,0.0
2023-03-21 15:30:00-04:00,2.6700000762939453,2.6700000762939453,2.5899999141693115,2.5999999046325684,7131,0.0,0.0
2023-03-22 09:30:00-04:00,2.640000104904175,2.640000104904175,2.640000104904175,2.640000104904175,1322,0.0,0.0
2023-03-22 10:30:00-04:00,2.509999990463257,2.5399999618530273,2.4600000381469727,2.484999895095825,4655,0.0,0.0
2023-03-22 11:30:00-04:00,2.4600000381469727,2.484999895095825,2.359999895095825,2.3940000534057617,6252,0.0,0.0
2023-03-22 12:30:00-04:00,2.4100000858306885,2.4800000190734863,2.4000000953674316,2.450000047683716,4663,0.0,0.0
2023-03-22 13:30:00-04:00,2.444999933242798,2.5299999713897705,2.4200000762939453,2.4800000190734863,21558,0.0,0.0
2023-03-22 14:30:00-04:00,2.4800000190734863,2.549999952316284,2.4800000190734863,2.5399999618530273,25210,0.0,0.0
2023-03-22 15:30:00-04:00,2.5399999618530273,2.5999999046325684,2.5399999618530273,2.5899999141693115,25721,0.0,0.0
2023-03-23 09:30:00-04:00,2.5999999046325684,2.6549999713897705,2.575000047683716,2.6149001121520996,4372,0.0,0.0
2023-03-23 10:30:00-04:00,2.609999895095825,2.6184000968933105,2.5199999809265137,2.5199999809265137,3257,0.0,0.0
2023-03-23 11:30:00-04:00,2.5199999809265137,2.5350000858306885,2.4700000286102295,2.4862000942230225,2144,0.0,0.0
2023-03-23 12:30:00-04:00,2.4700000286102295,2.4700000286102295,2.3794000148773193,2.4149999618530273,4670,0.0,0.0
2023-03-23 13:30:00-04:00,2.390000104904175,2.4356000423431396,2.3299999237060547,2.3299999237060547,4076,0.0,0.0
2023-03-23 14:30:00-04:00,2.369999885559082,2.369999885559082,2.299999952316284,2.3550000190734863,10653,0.0,0.0
2023-03-23 15:30:00-04:00,2.3550000190734863,2.4049999713897705,2.3450000286102295,2.359999895095825,7773,0.0,0.0
2023-03-24 09:30:00-04:00,2.3399999141693115,2.4049999713897705,2.3399999141693115,2.4049999713897705,1772,0.0,0.0
2023-03-24 10:30:00-04:00,2.4100000858306885,2.4100000858306885,2.3299999237060547,2.3299999237060547,1923,0.0,0.0
2023-03-24 11:30:00-04:00,2.3399999141693115,2.369999885559082,2.3350000381469727,2.3659000396728516,6489,0.0,0.0
2023-03-24 12:30:00-04:00,2.380000114440918,2.390000104904175,2.369999885559082,2.369999885559082,1979,0.0,0.0
2023-03-24 13:30:00-04:00,2.380000114440918,2.450000047683716,2.380000114440918,2.43179988861084,2774,0.0,0.0
2023-03-24 14:30:00-04:00,2.4321000576019287,2.4800000190734863,2.4321000576019287,2.4600000381469727,2035,0.0,0.0
2023-03-24 15:30:00-04:00,2.444999933242798,2.450000047683716,2.380000114440918,2.4200000762939453,10789,0.0,0.0
2023-03-27 09:30:00-04:00,2.4000000953674316,2.4600000381469727,2.390000104904175,2.440000057220459,3879,0.0,0.0
2023-03-27 10:30:00-04:00,2.450000047683716,2.450000047683716,2.3499999046325684,2.390000104904175,4895,0.0,0.0
2023-03-27 11:30:00-04:00,2.4200000762939453,2.4200000762939453,2.369999885559082,2.369999885559082,3754,0.0,0.0
2023-03-27 12:30:00-04:00,2.4200000762939453,2.4200000762939453,2.359999895095825,2.390000104904175,2920,0.0,0.0
2023-03-27 13:30:00-04:00,2.3617000579833984,2.4000000953674316,2.359999895095825,2.390000104904175,8198,0.0,0.0
2023-03-27 14:30:00-04:00,2.3949999809265137,2.4600000381469727,2.369999885559082,2.3949999809265137,7616,0.0,0.0
2023-03-27 15:30:00-04:00,2.3949999809265137,2.4200000762939453,2.3499999046325684,2.377000093460083,9846,0.0,0.0
2023-03-28 09:30:00-04:00,2.359999895095825,2.359999895095825,2.359999895095825,2.359999895095825,423,0.0,0.0
2023-03-28 10:30:00-04:00,2.359999895095825,2.509999990463257,2.359999895095825,2.509999990463257,414,0.0,0.0
2023-03-28 11:30:00-04:00,2.359999895095825,2.4100000858306885,2.359999895095825,2.4100000858306885,547,0.0,0.0
2023-03-28 12:30:00-04:00,2.448499917984009,2.448499917984009,2.319999933242798,2.3399999141693115,5420,0.0,0.0
2023-03-28 13:30:00-04:00,2.299999952316284,2.309999942779541,2.2799999713897705,2.309999942779541,10141,0.0,0.0
2023-03-28 14:30:00-04:00,2.309999942779541,2.450000047683716,2.309999942779541,2.450000047683716,5370,0.0,0.0
2023-03-28 15:30:00-04:00,2.447499990463257,2.447499990463257,2.3499999046325684,2.359999895095825,2967,0.0,0.0
2023-03-29 09:30:00-04:00,2.4000000953674316,2.4000000953674316,2.3499999046325684,2.3499999046325684,2829,0.0,0.0
2023-03-29 10:30:00-04:00,2.3380000591278076,2.4170000553131104,2.309999942779541,2.379499912261963,12665,0.0,0.0
2023-03-29 11:30:00-04:00,2.390000104904175,2.4100000858306885,2.390000104904175,2.390000104904175,912,0.0,0.0
2023-03-29 12:30:00-04:00,2.390000104904175,2.4140000343322754,2.390000104904175,2.4000000953674316,801,0.0,0.0
2023-03-29 13:30:00-04:00,2.359999895095825,2.4274001121520996,2.359999895095825,2.4274001121520996,2522,0.0,0.0
2023-03-29 14:30:00-04:00,2.390000104904175,2.4000000953674316,2.319999933242798,2.3299999237060547,7219,0.0,0.0
2023-03-29 15:30:00-04:00,2.3299999237060547,2.369999885559082,2.3299999237060547,2.3399999141693115,5276,0.0,0.0
2023-03-30 09:30:00-04:00,2.380000114440918,2.380000114440918,2.380000114440918,2.380000114440918,600,0.0,0.0
2023-03-30 10:30:00-04:00,2.390000104904175,2.3901000022888184,2.359999895095825,2.380000114440918,5697,0.0,0.0
2023-03-30 12:30:00-04:00,2.299999952316284,2.3399999141693115,2.299999952316284,2.3399999141693115,1771,0.0,0.0
2023-03-30 13:30:00-04:00,2.365000009536743,2.365000009536743,2.365000009536743,2.365000009536743,928,0.0,0.0
2023-03-30 15:30:00-04:00,2.3399999141693115,2.380000114440918,2.3399999141693115,2.359999895095825,1442,0.0,0.0
2023-03-31 09:30:00-04:00,2.380000114440918,2.4200000762939453,2.3173000812530518,2.369999885559082,6837,0.0,0.0
2023-03-31 10:30:00-04:00,2.359999895095825,2.440000057220459,2.359999895095825,2.440000057220459,1265,0.0,0.0
2023-03-31 11:30:00-04:00,2.4600000381469727,2.490000009536743,2.4600000381469727,2.4749999046325684,1970,0.0,0.0
2023-03-31 12:30:00-04:00,2.440000057220459,2.4800000190734863,2.369999885559082,2.440000057220459,29202,0.0,0.0
2023-03-31 13:30:00-04:00,2.4149999618530273,2.4149999618530273,2.4000000953674316,2.4000000953674316,1009,0.0,0.0
2023-03-31 14:30:00-04:00,2.380000114440918,2.390000104904175,2.369999885559082,2.369999885559082,2864,0.0,0.0
2023-03-31 15:30:00-04:00,2.369999885559082,2.4000000953674316,2.3299999237060547,2.369999885559082,15515,0.0,0.0
2023-04-03 09:30:00-04:00,2.380000114440918,2.6700000762939453,2.380000114440918,2.609999895095825,8675,0.0,0.0
2023-04-03 10:30:00-04:00,2.5095999240875244,2.5095999240875244,2.380000114440918,2.380000114440918,2971,0.0,0.0
2023-04-03 11:30:00-04:00,2.4000000953674316,2.4200000762939453,2.3973000049591064,2.4000000953674316,3093,0.0,0.0
2023-04-03 12:30:00-04:00,2.4000000953674316,2.4000000953674316,2.3399999141693115,2.3399999141693115,2869,0.0,0.0
2023-04-03 13:30:00-04:00,2.377700090408325,2.377700090408325,2.299999952316284,2.299999952316284,4033,0.0,0.0
2023-04-03 14:30:00-04:00,2.319999933242798,2.3399999141693115,2.299999952316284,2.3399999141693115,5855,0.0,0.0
2023-04-03 15:30:00-04:00,2.325000047683716,2.359999895095825,2.309999942779541,2.3450000286102295,5183,0.0,0.0
2023-04-04 09:30:00-04:00,2.359999895095825,2.390000104904175,2.309999942779541,2.390000104904175,1727,0.0,0.0
2023-04-04 10:30:00-04:00,2.299999952316284,2.3299999237060547,2.299999952316284,2.3264000415802,1169,0.0,0.0
2023-04-04 11:30:00-04:00,2.299999952316284,2.3399999141693115,2.299999952316284,2.3399999141693115,2764,0.0,0.0
2023-04-04 12:30:00-04:00,2.3499999046325684,2.359999895095825,2.3499999046325684,2.359999895095825,847,0.0,0.0
2023-04-04 13:30:00-04:00,2.324199914932251,2.324199914932251,2.299999952316284,2.315000057220459,5495,0.0,0.0
2023-04-04 14:30:00-04:00,2.299999952316284,2.319999933242798,2.299999952316284,2.319999933242798,3722,0.0,0.0
2023-04-04 15:30:00-04:00,2.299999952316284,2.319999933242798,2.2200000286102295,2.2200000286102295,26404,0.0,0.0
2023-04-05 09:30:00-04:00,2.2699999809265137,2.339900016784668,2.2699999809265137,2.2699999809265137,8197,0.0,0.0
2023-04-05 10:30:00-04:00,2.2799999713897705,2.2799999713897705,2.1500000953674316,2.1500000953674316,13046,0.0,0.0
2023-04-05 11:30:00-04:00,2.1500000953674316,2.1600000858306885,2.109999895095825,2.1500000953674316,5920,0.0,0.0
2023-04-05 12:30:00-04:00,2.150099992752075,2.162400007247925,2.1500000953674316,2.1500000953674316,2411,0.0,0.0
2023-04-05 13:30:00-04:00,2.1500000953674316,2.1549999713897705,2.1110999584198,2.140000104904175,14331,0.0,0.0
2023-04-05 14:30:00-04:00,2.134999990463257,2.1500000953674316,2.109999895095825,2.115000009536743,7874,0.0,0.0
2023-04-05 15:30:00-04:00,2.119999885559082,2.140000104904175,2.109999895095825,2.109999895095825,7129,0.0,0.0
2023-04-06 09:30:00-04:00,2.140000104904175,2.25,2.119999885559082,2.1500000953674316,7913,0.0,0.0
2023-04-06 10:30:00-04:00,2.1758999824523926,2.1758999824523926,2.1740000247955322,2.1740000247955322,871,0.0,0.0
2023-04-06 11:30:00-04:00,2.180000066757202,2.25,2.140000104904175,2.25,2989,0.0,0.0
2023-04-06 12:30:00-04:00,2.25,2.25,2.130000114440918,2.2100000381469727,4930,0.0,0.0
2023-04-06 13:30:00-04:00,2.2200000286102295,2.2200000286102295,2.1500000953674316,2.200000047683716,3104,0.0,0.0
2023-04-06 14:30:00-04:00,2.1500000953674316,2.180000066757202,2.0999999046325684,2.0999999046325684,7921,0.0,0.0
2023-04-06 15:30:00-04:00,2.130000114440918,2.130000114440918,2.059999942779541,2.0799999237060547,8923,0.0,0.0
2023-04-10 09:30:00-04:00,2.0899999141693115,2.0999999046325684,2.0899999141693115,2.0999999046325684,1312,0.0,0.0
2023-04-10 10:30:00-04:00,2.069999933242798,2.090399980545044,2.049999952316284,2.049999952316284,11240,0.0,0.0
2023-04-10 11:30:00-04:00,2.022900104522705,2.0399999618530273,1.9299999475479126,2.0399999618530273,10304,0.0,0.0
2023-04-10 12:30:00-04:00,2.0199999809265137,2.0499000549316406,2.0,2.0,5180,0.0,0.0
2023-04-10 13:30:00-04:00,2.009999990463257,2.1700000762939453,1.9500000476837158,2.005000114440918,31044,0.0,0.0
2023-04-10 14:30:00-04:00,1.9800000190734863,2.0325000286102295,1.9800000190734863,1.9900000095367432,16542,0.0,0.0
2023-04-10 15:30:00-04:00,1.9900000095367432,2.0399999618530273,1.9900000095367432,2.0,8981,0.0,0.0
2023-04-11 09:30:00-04:00,2.0399999618530273,2.1500000953674316,2.0199999809265137,2.0199999809265137,4881,0.0,0.0
2023-04-11 10:30:00-04:00,2.0199999809265137,2.0450000762939453,2.0199999809265137,2.0450000762939453,1334,0.0,0.0
2023-04-11 11:30:00-04:00,2.0237998962402344,2.0399999618530273,2.0199999809265137,2.0399999618530273,3876,0.0,0.0
2023-04-11 12:30:00-04:00,2.0199999809265137,2.119999885559082,1.9800000190734863,2.0899999141693115,16520,0.0,0.0
2023-04-11 13:30:00-04:00,2.069999933242798,2.0899999141693115,2.0399999618530273,2.0899999141693115,2591,0.0,0.0
2023-04-11 14:30:00-04:00,2.069999933242798,2.120800018310547,2.069999933242798,2.120800018310547,2613,0.0,0.0
2023-04-11 15:30:00-04:00,2.059999942779541,2.0799999237060547,2.0299999713897705,2.059999942779541,6615,0.0,0.0
2023-04-12 09:30:00-04:00,2.0799999237060547,2.0799999237060547,2.0799999237060547,2.0799999237060547,959,0.0,0.0
2023-04-12 10:30:00-04:00,2.0350000858306885,2.069999933242798,2.029599905014038,2.029599905014038,997,0.0,0.0
2023-04-12 11:30:00-04:00,2.0299999713897705,2.0299999713897705,1.9600000381469727,2.0,3773,0.0,0.0
2023-04-12 12:30:00-04:00,2.0,2.0234999656677246,1.9500000476837158,1.9900000095367432,17627,0.0,0.0
2023-04-12 13:30:00-04:00,1.9950000047683716,1.9950000047683716,1.965000033378601,1.965000033378601,3625,0.0,0.0
2023-04-12 14:30:00-04:00,1.9759000539779663,1.9800000190734863,1.9299999475479126,1.9299999475479126,6061,0.0,0.0
2023-04-12 15:30:00-04:00,1.899999976158142,1.9700000286102295,1.899999976158142,1.9700000286102295,10176,0.0,0.0
2023-04-13 09:30:00-04:00,1.9700000286102295,1.9700000286102295,1.909999966621399,1.9299999475479126,1867,0.0,0.0
2023-04-13 10:30:00-04:00,1.9299999475479126,2.0899999141693115,1.9299999475479126,2.059999942779541,11693,0.0,0.0
2023-04-13 11:30:00-04:00,2.0199999809265137,2.0899999141693115,2.009999990463257,2.0899999141693115,9173,0.0,0.0
2023-04-13 12:30:00-04:00,2.0999999046325684,2.130000114440918,2.0999999046325684,2.130000114440918,2102,0.0,0.0
2023-04-13 13:30:00-04:00,2.147700071334839,2.1500000953674316,2.134999990463257,2.1500000953674316,5082,0.0,0.0
2023-04-13 14:30:00-04:00,2.131500005722046,2.131500005722046,2.119999885559082,2.119999885559082,2909,0.0,0.0
2023-04-13 15:30:00-04:00,2.119999885559082,2.2799999713897705,2.119999885559082,2.2100000381469727,30712,0.0,0.0
2023-04-14 09:30:00-04:00,2.2300000190734863,2.259999990463257,2.2000999450683594,2.2300000190734863,4518,0.0,0.0
2023-04-14 10:30:00-04:00,2.190000057220459,2.190000057220459,2.069999933242798,2.0899999141693115,8670,0.0,0.0
2023-04-14 11:30:00-04:00,2.075000047683716,2.0899999141693115,2.0399999618530273,2.0399999618530273,3085,0.0,0.0
2023-04-14 12:30:00-04:00,2.0999999046325684,2.0999999046325684,2.049999952316284,2.049999952316284,4245,0.0,0.0
2023-04-14 13:30:00-04:00,2.065000057220459,2.0799999237060547,2.0299999713897705,2.0450000762939453,4985,0.0,0.0
2023-04-14 14:30:00-04:00,2.049999952316284,2.0799999237060547,2.0299999713897705,2.069999933242798,4867,0.0,0.0
2023-04-14 15:30:00-04:00,2.049999952316284,2.0799999237060547,2.049999952316284,2.0799999237060547,3424,0.0,0.0
2023-04-17 09:30:00-04:00,2.059999942779541,2.0899999141693115,2.0371999740600586,2.0371999740600586,3917,0.0,0.0
2023-04-17 10:30:00-04:00,2.0799999237060547,2.130000114440918,2.0399999618530273,2.130000114440918,1889,0.0,0.0
2023-04-17 11:30:00-04:00,2.0999999046325684,2.130000114440918,2.0899999141693115,2.0899999141693115,6634,0.0,0.0
2023-04-17 12:30:00-04:00,2.065000057220459,2.109999895095825,2.065000057220459,2.109999895095825,2354,0.0,0.0
2023-04-17 13:30:00-04:00,2.0799999237060547,2.130000114440918,2.049999952316284,2.0999999046325684,7226,0.0,0.0
2023-04-17 14:30:00-04:00,2.0899999141693115,2.109999895095825,2.0799999237060547,2.0999999046325684,2645,0.0,0.0
2023-04-17 15:30:00-04:00,2.0899999141693115,2.130000114440918,2.0899999141693115,2.119999885559082,5064,0.0,0.0
2023-04-18 09:30:00-04:00,2.1600000858306885,2.1700000762939453,2.140000104904175,2.140000104904175,3223,0.0,0.0
2023-04-18 10:30:00-04:00,2.130000114440918,2.130000114440918,2.0999999046325684,2.112799882888794,7801,0.0,0.0
2023-04-18 11:30:00-04:00,2.115000009536743,2.140000104904175,2.115000009536743,2.140000104904175,3100,0.0,0.0
2023-04-18 12:30:00-04:00,2.1500000953674316,2.1500000953674316,2.130000114440918,2.140000104904175,2764,0.0,0.0
2023-04-18 13:30:00-04:00,2.119999885559082,2.125,2.0999999046325684,2.115000009536743,1794,0.0,0.0
2023-04-18 14:30:00-04:00,2.0999999046325684,2.119999885559082,2.0999999046325684,2.119999885559082,2314,0.0,0.0
2023-04-18 15:30:00-04:00,2.1080000400543213,2.1500000953674316,2.1080000400543213,2.1500000953674316,8777,0.0,0.0
2023-04-19 09:30:00-04:00,2.140000104904175,2.2300000190734863,2.125,2.1449999809265137,5116,0.0,0.0
2023-04-19 10:30:00-04:00,2.1600000858306885,2.3399999141693115,2.119999885559082,2.2899999618530273,19414,0.0,0.0
2023-04-19 11:30:00-04:00,2.299999952316284,2.4649999141693115,2.299999952316284,2.450000047683716,25431,0.0,0.0
2023-04-19 12:30:00-04:00,2.440000057220459,2.5899999141693115,2.4200000762939453,2.5085999965667725,55235,0.0,0.0
2023-04-19 13:30:00-04:00,2.5199999809265137,2.5199999809265137,2.440000057220459,2.490000009536743,6215,0.0,0.0
2023-04-19 14:30:00-04:00,2.4800000190734863,2.4800000190734863,2.4200000762939453,2.434999942779541,8026,0.0,0.0
2023-04-19 15:30:00-04:00,2.450000047683716,2.450000047683716,2.369999885559082,2.4200000762939453,9543,0.0,0.0
2023-04-20 09:30:00-04:00,2.380000114440918,2.421299934387207,2.3306000232696533,2.3306000232696533,1912,0.0,0.0
2023-04-20 10:30:00-04:00,2.3299999237060547,2.3299999237060547,2.302999973297119,2.302999973297119,2052,0.0,0.0
2023-04-20 11:30:00-04:00,2.299999952316284,2.299999952316284,2.2899999618530273,2.2899999618530273,3367,0.0,0.0
2023-04-20 12:30:00-04:00,2.2899999618530273,2.299999952316284,2.2614998817443848,2.2799999713897705,3689,0.0,0.0
2023-04-20 13:30:00-04:00,2.259999990463257,2.2699999809265137,2.2200000286102295,2.2200000286102295,1842,0.0,0.0
2023-04-20 14:30:00-04:00,2.2200000286102295,2.2300000190734863,2.200000047683716,2.2149999141693115,1515,0.0,0.0
2023-04-20 15:30:00-04:00,2.2239999771118164,2.2300000190734863,2.200000047683716,2.200000047683716,5642,0.0,0.0
2023-04-21 09:30:00-04:00,2.200000047683716,2.2850000858306885,2.150099992752075,2.1577999591827393,13553,0.0,0.0
2023-04-21 10:30:00-04:00,2.190000057220459,2.190000057220459,2.1500000953674316,2.180000066757202,1135,0.0,0.0
2023-04-21 11:30:00-04:00,2.180000066757202,2.180000066757202,2.140000104904175,2.140000104904175,6690,0.0,0.0
2023-04-21 12:30:00-04:00,2.1500000953674316,2.1500000953674316,2.0899999141693115,2.109999895095825,3311,0.0,0.0
2023-04-21 13:30:00-04:00,2.130000114440918,2.1649999618530273,2.119999885559082,2.1649999618530273,3957,0.0,0.0
2023-04-21 14:30:00-04:00,2.2200000286102295,2.2385001182556152,2.2200000286102295,2.2385001182556152,2281,0.0,0.0
2023-04-21 15:30:00-04:00,2.190000057220459,2.240000009536743,2.190000057220459,2.200000047683716,5570,0.0,0.0
2023-04-24 09:30:00-04:00,2.1600000858306885,2.2300000190734863,2.1500000953674316,2.2300000190734863,7683,0.0,0.0
2023-04-24 10:30:00-04:00,2.2300000190734863,2.2899999618530273,2.2300000190734863,2.259999990463257,3300,0.0,0.0
2023-04-24 11:30:00-04:00,2.234999895095825,2.25,2.2100000381469727,2.25,2299,0.0,0.0
2023-04-24 12:30:00-04:00,2.240000009536743,2.25,2.2200000286102295,2.25,1568,0.0,0.0
2023-04-24 13:30:00-04:00,2.25,2.259999990463257,2.233799934387207,2.259999990463257,2885,0.0,0.0
2023-04-24 14:30:00-04:00,2.259999990463257,2.2699999809265137,2.234999895095825,2.234999895095825,2095,0.0,0.0
2023-04-24 15:30:00-04:00,2.2274999618530273,2.240000009536743,2.1500000953674316,2.1700000762939453,10884,0.0,0.0
2023-04-25 09:30:00-04:00,2.180000066757202,2.2799999713897705,2.180000066757202,2.2100000381469727,1091,0.0,0.0
2023-04-25 10:30:00-04:00,2.2049999237060547,2.25,2.1500000953674316,2.2100000381469727,4375,0.0,0.0
2023-04-25 11:30:00-04:00,2.1600000858306885,2.1700000762939453,2.1500000953674316,2.1600000858306885,4836,0.0,0.0
2023-04-25 12:30:00-04:00,2.1700000762939453,2.180000066757202,2.1500000953674316,2.180000066757202,3734,0.0,0.0
2023-04-25 13:30:00-04:00,2.1649999618530273,2.190000057220459,2.1500000953674316,2.190000057220459,3762,0.0,0.0
2023-04-25 14:30:00-04:00,2.2100000381469727,2.359999895095825,2.200000047683716,2.359999895095825,8179,0.0,0.0
2023-04-25 15:30:00-04:00,2.390000104904175,2.390000104904175,2.3499999046325684,2.369999885559082,24450,0.0,0.0
2023-04-26 09:30:00-04:00,2.299999952316284,2.390000104904175,2.2100000381469727,2.2200000286102295,12697,0.0,0.0
2023-04-26 10:30:00-04:00,2.2200000286102295,2.3399999141693115,2.2200000286102295,2.3399999141693115,6737,0.0,0.0
2023-04-26 11:30:00-04:00,2.240000009536743,2.2918999195098877,2.2200000286102295,2.2462000846862793,2725,0.0,0.0
2023-04-26 12:30:00-04:00,2.240000009536743,2.240000009536743,2.2300000190734863,2.2300000190734863,830,0.0,0.0
2023-04-26 13:30:00-04:00,2.259999990463257,2.299999952316284,2.2300000190734863,2.299999952316284,10320,0.0,0.0
2023-04-26 14:30:00-04:00,2.259999990463257,2.259999990463257,2.2100000381469727,2.2300000190734863,6284,0.0,0.0
2023-04-26 15:30:00-04:00,2.234999895095825,2.2799999713897705,2.2300000190734863,2.25,23498,0.0,0.0
2023-04-27 09:30:00-04:00,2.2799999713897705,2.2799999713897705,2.184999942779541,2.2049999237060547,7891,0.0,0.0
2023-04-27 10:30:00-04:00,2.2049999237060547,2.2049999237060547,2.180000066757202,2.180000066757202,1818,0.0,0.0
2023-04-27 11:30:00-04:00,2.200000047683716,2.2100000381469727,2.194999933242798,2.200000047683716,2105,0.0,0.0
2023-04-27 12:30:00-04:00,2.2249999046325684,2.2249999046325684,2.2100000381469727,2.2100000381469727,2006,0.0,0.0
2023-04-27 13:30:00-04:00,2.2249999046325684,2.240000009536743,2.2100000381469727,2.240000009536743,2154,0.0,0.0
2023-04-27 14:30:00-04:00,2.2249999046325684,2.2249999046325684,2.190000057220459,2.190000057220459,2839,0.0,0.0
2023-04-27 15:30:00-04:00,2.1700000762939453,2.2100000381469727,2.1500000953674316,2.180000066757202,10170,0.0,0.0
2023-04-28 09:30:00-04:00,2.200000047683716,2.244999885559082,2.200000047683716,2.244999885559082,4248,0.0,0.0
2023-04-28 10:30:00-04:00,2.244999885559082,2.2799999713897705,2.2081000804901123,2.2081000804901123,3756,0.0,0.0
2023-04-28 11:30:00-04:00,2.2100000381469727,2.240000009536743,2.2100000381469727,2.240000009536743,1736,0.0,0.0
2023-04-28 12:30:00-04:00,2.2249999046325684,2.25,2.2200000286102295,2.25,4411,0.0,0.0
2023-04-28 13:30:00-04:00,2.2699999809265137,2.299999952316284,2.2300000190734863,2.2699999809265137,7377,0.0,0.0
2023-04-28 14:30:00-04:00,2.240000009536743,2.259999990463257,2.180000066757202,2.240000009536743,3194,0.0,0.0
2023-04-28 15:30:00-04:00,2.2699999809265137,2.2699999809265137,2.2100000381469727,2.2699999809265137,5441,0.0,0.0
2023-05-01 09:30:00-04:00,2.259999990463257,2.315000057220459,2.259999990463257,2.315000057220459,1114,0.0,0.0
2023-05-01 10:30:00-04:00,2.2699999809265137,2.2699999809265137,2.234999895095825,2.234999895095825,4823,0.0,0.0
2023-05-01 11:30:00-04:00,2.2100000381469727,2.2300000190734863,2.1500000953674316,2.2300000190734863,3647,0.0,0.0
2023-05-01 12:30:00-04:00,2.2300000190734863,2.2899999618530273,2.2300000190734863,2.259999990463257,2806,0.0,0.0
2023-05-01 13:30:00-04:00,2.2249999046325684,2.240000009536743,2.206700086593628,2.2149999141693115,2003,0.0,0.0
2023-05-01 14:30:00-04:00,2.2149999141693115,2.259999990463257,2.2149999141693115,2.25,2533,0.0,0.0
2023-05-01 15:30:00-04:00,2.2100000381469727,2.2799999713897705,2.2100000381469727,2.25,5162,0.0,0.0
2023-05-02 09:30:00-04:00,2.200000047683716,2.240000009536743,2.110599994659424,2.110599994659424,3578,0.0,0.0
2023-05-02 10:30:00-04:00,2.1700000762939453,2.200000047683716,2.101099967956543,2.200000047683716,0,0.0,0.0
2023-05-02 11:30:00-04:00,2.1600000858306885,2.160099983215332,2.1600000858306885,2.160099983215332,7345,0.0,0.0
2023-05-02 12:30:00-04:00,2.1659998893737793,2.190000057220459,2.1600000858306885,2.1600000858306885,748,0.0,0.0
2023-05-02 13:30:00-04:00,2.190000057220459,2.190000057220459,2.1600000858306885,2.180000066757202,594,0.0,0.0
2023-05-02 14:30:00-04:00,2.180000066757202,2.190000057220459,2.174999952316284,2.190000057220459,1581,0.0,0.0
2023-05-02 15:30:00-04:00,2.180000066757202,2.3399999141693115,2.180000066757202,2.3299999237060547,6050,0.0,0.0
2023-05-03 09:30:00-04:00,2.3299999237060547,2.430000066757202,2.319999933242798,2.359999895095825,4091,0.0,0.0
2023-05-03 10:30:00-04:00,2.430000066757202,2.430000066757202,2.430000066757202,2.430000066757202,1962,0.0,0.0
2023-05-03 11:30:00-04:00,2.4200000762939453,2.440000057220459,2.3610999584198,2.440000057220459,4268,0.0,0.0
2023-05-03 12:30:00-04:00,2.430000066757202,2.440000057220459,2.4100000858306885,2.430000066757202,3557,0.0,0.0
2023-05-03 13:30:00-04:00,2.4202001094818115,2.430000066757202,2.411600112915039,2.430000066757202,2586,0.0,0.0
2023-05-03 14:30:00-04:00,2.4149999618530273,2.740000009536743,2.4149999618530273,2.54010009765625,43247,0.0,0.0
2023-05-03 15:30:00-04:00,2.5899999141693115,2.609999895095825,2.549999952316284,2.5999999046325684,9503,0.0,0.0
2023-05-04 09:30:00-04:00,2.5299999713897705,2.5399999618530273,2.4214999675750732,2.5299999713897705,3844,0.0,0.0
2023-05-04 10:30:00-04:00,2.5199999809265137,2.559999942779541,2.5199999809265137,2.559999942779541,1634,0.0,0.0
2023-05-04 11:30:00-04:00,2.5799999237060547,2.75,2.5799999237060547,2.7300000190734863,5041,0.0,0.0
2023-05-04 12:30:00-04:00,2.7100000381469727,2.7100000381469727,2.6600000858306885,2.684999942779541,12193,0.0,0.0
2023-05-04 13:30:00-04:00,2.6700000762939453,2.7100000381469727,2.6500000953674316,2.6500000953674316,4307,0.0,0.0
2023-05-04 14:30:00-04:00,2.6700000762939453,2.690000057220459,2.559999942779541,2.5899999141693115,18388,0.0,0.0
2023-05-04 15:30:00-04:00,2.555799961090088,2.5899999141693115,2.5309998989105225,2.5899999141693115,3497,0.0,0.0
2023-05-05 09:30:00-04:00,2.609999895095825,2.640000104904175,2.2699999809265137,2.640000104904175,2129,0.0,0.0
2023-05-05 10:30:00-04:00,2.6398000717163086,2.6500000953674316,2.552799940109253,2.640000104904175,3098,0.0,0.0
2023-05-05 11:30:00-04:00,2.549999952316284,2.569999933242798,2.549999952316284,2.569999933242798,0,0.0,0.0
2023-05-05 12:30:00-04:00,2.559999942779541,2.569999933242798,2.549999952316284,2.549999952316284,7974,0.0,0.0
2023-05-05 13:30:00-04:00,2.549999952316284,2.559999942779541,2.549999952316284,2.549999952316284,1522,0.0,0.0
2023-05-05 15:30:00-04:00,2.565000057220459,2.5999999046325684,2.5399999618530273,2.5399999618530273,2735,0.0,0.0
2023-05-08 09:30:00-04:00,2.5899999141693115,2.6500000953674316,2.4800000190734863,2.6500000953674316,9969,0.0,0.0
2023-05-08 10:30:00-04:00,2.7599000930786133,2.7799999713897705,2.5799999237060547,2.5799999237060547,7782,0.0,0.0
2023-05-08 11:30:00-04:00,2.569999933242798,2.5799999237060547,2.5299999713897705,2.5799999237060547,2228,0.0,0.0
2023-05-08 12:30:00-04:00,2.5399999618530273,2.5899999141693115,2.509999990463257,2.5799999237060547,4210,0.0,0.0
2023-05-08 13:30:00-04:00,2.5950000286102295,2.7578999996185303,2.549999952316284,2.680000066757202,3820,0.0,0.0
2023-05-08 14:30:00-04:00,2.6600000858306885,2.6600000858306885,2.630000114440918,2.630000114440918,1310,0.0,0.0
2023-05-08 15:30:00-04:00,2.630000114440918,2.690000057220459,2.6198999881744385,2.6549999713897705,4815,0.0,0.0
2023-05-09 09:30:00-04:00,2.630000114440918,2.699899911880493,2.571500062942505,2.680000066757202,5303,0.0,0.0
2023-05-09 10:30:00-04:00,2.640000104904175,2.640000104904175,2.575000047683716,2.5799999237060547,1903,0.0,0.0
2023-05-09 11:30:00-04:00,2.569999933242798,2.5899999141693115,2.549999952316284,2.551500082015991,5862,0.0,0.0
2023-05-09 12:30:00-04:00,2.549999952316284,2.5799999237060547,2.3499999046325684,2.380000114440918,21384,0.0,0.0
2023-05-09 13:30:00-04:00,2.390000104904175,2.4999001026153564,2.3499999046325684,2.4200000762939453,7665,0.0,0.0
2023-05-09 14:30:00-04:00,2.413300037384033,2.5179998874664307,2.413300037384033,2.424999952316284,9805,0.0,0.0
2023-05-09 15:30:00-04:00,2.4200000762939453,2.4800000190734863,2.400099992752075,2.400099992752075,23462,0.0,0.0
2023-05-10 09:30:00-04:00,2.4100000858306885,2.5,2.319999933242798,2.3399999141693115,0,0.0,0.0
2023-05-10 10:30:00-04:00,2.359999895095825,2.4058001041412354,2.359999895095825,2.4010000228881836,6628,0.0,0.0
2023-05-10 11:30:00-04:00,2.380000114440918,2.4100000858306885,2.359999895095825,2.390000104904175,4850,0.0,0.0
2023-05-10 12:30:00-04:00,2.390000104904175,2.4000000953674316,2.390000104904175,2.3949999809265137,985,0.0,0.0
2023-05-10 13:30:00-04:00,2.3949999809265137,2.4200000762939453,2.3949999809265137,2.4100000858306885,4256,0.0,0.0
2023-05-10 14:30:00-04:00,2.449899911880493,2.450000047683716,2.3905999660491943,2.4100000858306885,3760,0.0,0.0
2023-05-10 15:30:00-04:00,2.4149999618530273,2.509999990463257,2.4049999713897705,2.440000057220459,12999,0.0,0.0
2023-05-11 09:30:00-04:00,2.5,2.6700000762939453,2.4200000762939453,2.579900026321411,17603,0.0,0.0
2023-05-11 10:30:00-04:00,2.5199999809265137,2.5199999809265137,2.490000009536743,2.490000009536743,350,0.0,0.0
2023-05-11 11:30:00-04:00,2.4749999046325684,2.569999933242798,2.430000066757202,2.509999990463257,4593,0.0,0.0
2023-05-11 12:30:00-04:00,2.5,2.5399999618530273,2.440000057220459,2.450000047683716,4270,0.0,0.0
2023-05-11 13:30:00-04:00,2.505000114440918,2.5450000762939453,2.440000057220459,2.4600000381469727,3709,0.0,0.0
2023-05-11 14:30:00-04:00,2.430000066757202,2.430000066757202,2.319999933242798,2.380000114440918,2950,0.0,0.0
2023-05-11 15:30:00-04:00,2.380000114440918,2.5199999809265137,2.359999895095825,2.440000057220459,5528,0.0,0.0
2023-05-12 09:30:00-04:00,2.430000066757202,2.490000009536743,2.430000066757202,2.490000009536743,3220,0.0,0.0
2023-05-12 10:30:00-04:00,2.4100000858306885,2.430000066757202,2.4100000858306885,2.4100000858306885,1351,0.0,0.0
2023-05-12 11:30:00-04:00,2.4100000858306885,2.430000066757202,2.319999933242798,2.319999933242798,6960,0.0,0.0
2023-05-12 12:30:00-04:00,2.4100000858306885,2.4100000858306885,2.319999933242798,2.3550000190734863,2680,0.0,0.0
2023-05-12 13:30:00-04:00,2.390000104904175,2.4000000953674316,2.3499999046325684,2.3499999046325684,1566,0.0,0.0
2023-05-12 14:30:00-04:00,2.3450000286102295,2.380000114440918,2.319999933242798,2.380000114440918,3914,0.0,0.0
2023-05-12 15:30:00-04:00,2.399199962615967,2.4000000953674316,2.369999885559082,2.369999885559082,2670,0.0,0.0
2023-05-15 09:30:00-04:00,2.369999885559082,2.440000057220459,2.321500062942505,2.440000057220459,957,0.0,0.0
2023-05-15 10:30:00-04:00,2.341099977493286,2.4200000762939453,2.341099977493286,2.4200000762939453,853,0.0,0.0
2023-05-15 11:30:00-04:00,2.4100000858306885,2.430000066757202,2.380000114440918,2.390000104904175,5049,0.0,0.0
2023-05-15 12:30:00-04:00,2.450000047683716,2.4600000381469727,2.4200000762939453,2.4200000762939453,1426,0.0,0.0
2023-05-15 13:30:00-04:00,2.430000066757202,2.430000066757202,2.430000066757202,2.430000066757202,308,0.0,0.0
2023-05-15 14:30:00-04:00,2.430000066757202,2.430000066757202,2.4000000953674316,2.430000066757202,1772,0.0,0.0
2023-05-15 15:30:00-04:00,2.4200000762939453,2.4200000762939453,2.4000000953674316,2.4000000953674316,1416,0.0,0.0
2023-05-16 09:30:00-04:00,2.380000114440918,2.4149999618530273,2.3780999183654785,2.4149999618530273,0,0.0,0.0
2023-05-16 10:30:00-04:00,2.4200000762939453,2.4700000286102295,2.390000104904175,2.390000104904175,3405,0.0,0.0
2023-05-16 12:30:00-04:00,2.424999952316284,2.4900999069213867,2.380000114440918,2.4700000286102295,13108,0.0,0.0
2023-05-16 13:30:00-04:00,2.477299928665161,2.5,2.450000047683716,2.4600000381469727,3315,0.0,0.0
2023-05-16 14:30:00-04:00,2.5,2.5,2.4700000286102295,2.4700000286102295,1331,0.0,0.0
2023-05-16 15:30:00-04:00,2.434999942779541,2.4800000190734863,2.424999952316284,2.4800000190734863,5819,0.0,0.0
2023-05-17 09:30:00-04:00,2.4600000381469727,2.5,2.430000066757202,2.430000066757202,716,0.0,0.0
2023-05-17 10:30:00-04:00,2.4700000286102295,2.5,2.4700000286102295,2.5,1279,0.0,0.0
2023-05-17 11:30:00-04:00,2.4600000381469727,2.5199999809265137,2.361599922180176,2.5199999809265137,3633,0.0,0.0
2023-05-17 12:30:00-04:00,2.5199999809265137,2.6700000762939453,2.5199999809265137,2.6050000190734863,3999,0.0,0.0
2023-05-17 13:30:00-04:00,2.6166999340057373,2.619999885559082,2.5299999713897705,2.5999999046325684,3355,0.0,0.0
2023-05-17 14:30:00-04:00,2.5999999046325684,2.5999999046325684,2.5362000465393066,2.5999999046325684,5082,0.0,0.0
2023-05-17 15:30:00-04:00,2.559999942779541,2.619999885559082,2.549999952316284,2.5799999237060547,4657,0.0,0.0
2023-05-18 09:30:00-04:00,2.5799999237060547,2.609999895095825,2.4000000953674316,2.5999999046325684,3430,0.0,0.0
2023-05-18 10:30:00-04:00,2.494999885559082,2.6700000762939453,2.494999885559082,2.625,5244,0.0,0.0
2023-05-18 11:30:00-04:00,2.6700000762939453,2.6700000762939453,2.609999895095825,2.633699893951416,6858,0.0,0.0
2023-05-18 12:30:00-04:00,2.6700000762939453,2.6700000762939453,2.549999952316284,2.5999999046325684,14847,0.0,0.0
2023-05-18 13:30:00-04:00,2.559999942779541,2.640000104904175,2.555000066757202,2.5899999141693115,8391,0.0,0.0
2023-05-18 14:30:00-04:00,2.609999895095825,2.630000114440918,2.5701000690460205,2.630000114440918,9427,0.0,0.0
2023-05-18 15:30:00-04:00,2.6500000953674316,2.75,2.5855000019073486,2.75,22422,0.0,0.0
2023-05-19 09:30:00-04:00,2.799999952316284,2.799999952316284,2.619999885559082,2.799999952316284,24974,0.0,0.0
2023-05-19 10:30:00-04:00,2.75,2.759999990463257,2.6600000858306885,2.700000047683716,2798,0.0,0.0
2023-05-19 11:30:00-04:00,2.700000047683716,2.700000047683716,2.6500000953674316,2.6649999618530273,2572,0.0,0.0
2023-05-19 12:30:00-04:00,2.6600000858306885,2.680000066757202,2.549999952316284,2.559999942779541,16386,0.0,0.0
2023-05-19 13:30:00-04:00,2.559999942779541,2.559999942779541,2.4800000190734863,2.4800000190734863,4443,0.0,0.0
2023-05-19 14:30:00-04:00,2.490000009536743,2.549999952316284,2.420099973678589,2.549999952316284,14857,0.0,0.0
2023-05-19 15:30:00-04:00,2.569999933242798,2.8399999141693115,2.559999942779541,2.7899999618530273,59832,0.0,0.0
2023-05-22 09:30:00-04:00,2.8299999237060547,2.8299999237060547,2.7899999618530273,2.7899999618530273,1906,0.0,0.0
2023-05-22 10:30:00-04:00,2.799999952316284,2.815000057220459,2.7950000762939453,2.799999952316284,13758,0.0,0.0
2023-05-22 11:30:00-04:00,2.799999952316284,2.8499999046325684,2.700000047683716,2.8499999046325684,24002,0.0,0.0
2023-05-22 12:30:00-04:00,2.859999895095825,2.869999885559082,2.7899999618530273,2.859999895095825,9843,0.0,0.0
2023-05-22 13:30:00-04:00,2.859999895095825,2.9000000953674316,2.8350000381469727,2.840100049972534,10254,0.0,0.0
2023-05-22 14:30:00-04:00,2.8450000286102295,2.869999885559082,2.5999999046325684,2.799999952316284,30040,0.0,0.0
2023-05-22 15:30:00-04:00,2.809999942779541,2.8499999046325684,2.700000047683716,2.7699999809265137,10026,0.0,0.0
2023-05-23 09:30:00-04:00,2.759999990463257,2.950000047683716,2.755000114440918,2.841200113296509,0,0.0,0.0
2023-05-23 10:30:00-04:00,2.9100000858306885,2.9149999618530273,2.8499999046325684,2.8550000190734863,13506,0.0,0.0
2023-05-23 11:30:00-04:00,2.8399999141693115,2.8399999141693115,2.815000057220459,2.819999933242798,7237,0.0,0.0
2023-05-23 12:30:00-04:00,2.819999933242798,2.8399999141693115,2.7799999713897705,2.7799999713897705,9395,0.0,0.0
2023-05-23 13:30:00-04:00,2.7899999618530273,2.7899999618530273,2.680000066757202,2.684999942779541,3275,0.0,0.0
2023-05-23 14:30:00-04:00,2.7799999713897705,2.799999952316284,2.7799999713897705,2.799999952316284,9123,0.0,0.0
2023-05-23 15:30:00-04:00,2.8499999046325684,2.869999885559082,2.7699999809265137,2.8299999237060547,9513,0.0,0.0
2023-05-24 09:30:00-04:00,2.7049999237060547,2.7049999237060547,2.7049999237060547,2.7049999237060547,1545,0.0,0.0
2023-05-24 10:30:00-04:00,2.7606000900268555,2.8499999046325684,2.703900098800659,2.8499999046325684,8758,0.0,0.0
2023-05-24 11:30:00-04:00,2.815000057220459,2.815000057220459,2.75,2.7500998973846436,7909,0.0,0.0
2023-05-24 12:30:00-04:00,2.75,2.8575000762939453,2.75,2.8499999046325684,11084,0.0,0.0
2023-05-24 13:30:00-04:00,2.8499999046325684,2.865000009536743,2.8499999046325684,2.8499999046325684,9875,0.0,0.0
2023-05-24 14:30:00-04:00,2.8499999046325684,2.9000000953674316,2.8499999046325684,2.8761000633239746,4335,0.0,0.0
2023-05-24 15:30:00-04:00,2.869999885559082,3.0199999809265137,2.869999885559082,2.950000047683716,8476,0.0,0.0
2023-05-25 09:30:00-04:00,3.0,3.0,2.890000104904175,2.940000057220459,4314,0.0,0.0
2023-05-25 10:30:00-04:00,2.940000057220459,3.0250000953674316,2.890000104904175,2.9000000953674316,38944,0.0,0.0
2023-05-25 11:30:00-04:00,2.9200000762939453,2.9800000190734863,2.9000000953674316,2.950000047683716,3074,0.0,0.0
2023-05-25 12:30:00-04:00,2.9600000381469727,3.0,2.950000047683716,3.0,5123,0.0,0.0
2023-05-25 13:30:00-04:00,3.0250000953674316,3.049999952316284,3.0,3.0,1345,0.0,0.0
2023-05-25 14:30:00-04:00,3.0,3.069999933242798,2.950000047683716,2.9600000381469727,12474,0.0,0.0
2023-05-25 15:30:00-04:00,2.990000009536743,3.0799999237060547,2.9600000381469727,2.990000009536743,20582,0.0,0.0
2023-05-26 09:30:00-04:00,2.990000009536743,3.069999933242798,2.950000047683716,2.9600000381469727,2748,0.0,0.0
2023-05-26 10:30:00-04:00,2.9200000762939453,2.9200000762939453,2.9024999141693115,2.9024999141693115,1011,0.0,0.0
2023-05-26 11:30:00-04:00,2.9000000953674316,2.9100000858306885,2.869999885559082,2.869999885559082,6588,0.0,0.0
2023-05-26 12:30:00-04:00,2.889899969100952,2.889899969100952,2.8299999237060547,2.8299999237060547,4119,0.0,0.0
2023-05-26 13:30:00-04:00,2.8499999046325684,2.8499999046325684,2.799999952316284,2.799999952316284,4558,0.0,0.0
2023-05-26 14:30:00-04:00,2.7699999809265137,2.799999952316284,2.7149999141693115,2.734999895095825,1951,0.0,0.0
2023-05-26 15:30:00-04:00,2.690000057220459,2.7300000190734863,2.690000057220459,2.7300000190734863,1002,0.0,0.0
2023-05-30 09:30:00-04:00,2.7300000190734863,2.8299999237060547,2.710700035095215,2.8299999237060547,3748,0.0,0.0
2023-05-30 10:30:00-04:00,2.744999885559082,2.744999885559082,2.700000047683716,2.744999885559082,2214,0.0,0.0
2023-05-30 11:30:00-04:00,2.7100000381469727,2.7100000381469727,2.549999952316284,2.5899999141693115,12627,0.0,0.0
2023-05-30 13:30:00-04:00,2.619999885559082,2.6654999256134033,2.549999952316284,2.5999999046325684,5733,0.0,0.0
2023-05-30 14:30:00-04:00,2.549099922180176,2.5799999237060547,2.549099922180176,2.565000057220459,1918,0.0,0.0
2023-05-30 15:30:00-04:00,2.550100088119507,2.550100088119507,2.5199999809265137,2.5250000953674316,4229,0.0,0.0
2023-05-31 09:30:00-04:00,2.549999952316284,2.549999952316284,2.5,2.5114998817443848,5275,0.0,0.0
2023-05-31 10:30:00-04:00,2.5125999450683594,2.5199999809265137,2.430000066757202,2.4800000190734863,5146,0.0,0.0
2023-05-31 11:30:00-04:00,2.4600000381469727,2.4600000381469727,2.4000000953674316,2.4000000953674316,8491,0.0,0.0
2023-05-31 12:30:00-04:00,2.4000000953674316,2.4198999404907227,2.3499999046325684,2.3499999046325684,11855,0.0,0.0
2023-05-31 13:30:00-04:00,2.359999895095825,2.4200000762939453,2.359999895095825,2.4200000762939453,4417,0.0,0.0
2023-05-31 14:30:00-04:00,2.4100000858306885,2.4200000762939453,2.4100000858306885,2.4200000762939453,1606,0.0,0.0
2023-05-31 15:30:00-04:00,2.400099992752075,2.440000057220459,2.390000104904175,2.4200000762939453,4811,0.0,0.0
2023-06-01 09:30:00-04:00,2.4000000953674316,2.418299913406372,2.3499999046325684,2.380000114440918,3979,0.0,0.0
2023-06-01 10:30:00-04:00,2.369999885559082,2.369999885559082,2.3499999046325684,2.359999895095825,4544,0.0,0.0
2023-06-01 11:30:00-04:00,2.4100000858306885,2.4200000762939453,2.359999895095825,2.3701000213623047,12625,0.0,0.0
2023-06-01 12:30:00-04:00,2.440000057220459,2.4600000381469727,2.430000066757202,2.430000066757202,2061,0.0,0.0
2023-06-01 13:30:00-04:00,2.450000047683716,2.450000047683716,2.4000000953674316,2.4000000953674316,1765,0.0,0.0
2023-06-01 14:30:00-04:00,2.4651999473571777,2.4651999473571777,2.385499954223633,2.385499954223633,1582,0.0,0.0
2023-06-01 15:30:00-04:00,2.380000114440918,2.4000000953674316,2.369999885559082,2.369999885559082,5964,0.0,0.0
2023-06-02 09:30:00-04:00,2.4600000381469727,2.4800000190734863,2.380000114440918,2.4600000381469727,13889,0.0,0.0
2023-06-02 10:30:00-04:00,2.4100000858306885,2.449899911880493,2.4000000953674316,2.4100000858306885,2525,0.0,0.0
2023-06-02 11:30:00-04:00,2.4100000858306885,2.4249000549316406,2.359999895095825,2.359999895095825,10943,0.0,0.0
2023-06-02 12:30:00-04:00,2.3842999935150146,2.390000104904175,2.369999885559082,2.384999990463257,6568,0.0,0.0
2023-06-02 13:30:00-04:00,2.380000114440918,2.430000066757202,2.380000114440918,2.430000066757202,6747,0.0,0.0
2023-06-02 14:30:00-04:00,2.4200000762939453,2.549999952316284,2.4200000762939453,2.5299999713897705,6975,0.0,0.0
2023-06-02 15:30:00-04:00,2.5299999713897705,2.5299999713897705,2.430000066757202,2.4800000190734863,9596,0.0,0.0
2023-06-05 09:30:00-04:00,2.4600000381469727,2.494999885559082,2.440000057220459,2.440000057220459,3544,0.0,0.0
2023-06-05 10:30:00-04:00,2.434999942779541,2.4800000190734863,2.4000000953674316,2.4100000858306885,2588,0.0,0.0
2023-06-05 11:30:00-04:00,2.4000000953674316,2.5199999809265137,2.4000000953674316,2.5199999809265137,8131,0.0,0.0
2023-06-05 12:30:00-04:00,2.505000114440918,2.5399999618530273,2.4700000286102295,2.5199999809265137,3505,0.0,0.0
2023-06-05 13:30:00-04:00,2.549999952316284,2.549999952316284,2.5,2.5,4678,0.0,0.0
2023-06-05 14:30:00-04:00,2.450000047683716,2.450000047683716,2.4100000858306885,2.440000057220459,1686,0.0,0.0
2023-06-05 15:30:00-04:00,2.4100000858306885,2.4800000190734863,2.4100000858306885,2.4800000190734863,5031,0.0,0.0
2023-06-06 09:30:00-04:00,2.4700000286102295,2.5899999141693115,2.4049999713897705,2.509999990463257,3154,0.0,0.0
2023-06-06 10:30:00-04:00,2.5299999713897705,2.75,2.450000047683716,2.7200000286102295,8355,0.0,0.0
2023-06-06 11:30:00-04:00,2.759999990463257,2.799999952316284,2.680000066757202,2.690000057220459,11414,0.0,0.0
2023-06-06 12:30:00-04:00,2.6900999546051025,2.6967999935150146,2.630000114440918,2.640000104904175,3064,0.0,0.0
2023-06-06 13:30:00-04:00,2.630000114440918,2.630000114440918,2.5399999618530273,2.5399999618530273,3602,0.0,0.0
2023-06-06 14:30:00-04:00,2.5399999618530273,2.5899999141693115,2.5,2.5299999713897705,7493,0.0,0.0
2023-06-06 15:30:00-04:00,2.559999942779541,2.569999933242798,2.5,2.569999933242798,13356,0.0,0.0
2023-06-07 09:30:00-04:00,2.630000114440918,2.6600000858306885,2.509999990463257,2.5399999618530273,6509,0.0,0.0
2023-06-07 10:30:00-04:00,2.5299999713897705,2.565000057220459,2.4800000190734863,2.509999990463257,4208,0.0,0.0
2023-06-07 11:30:00-04:00,2.5,2.5299999713897705,2.450000047683716,2.4600000381469727,4152,0.0,0.0
2023-06-07 12:30:00-04:00,2.4600000381469727,2.5199999809265137,2.4100000858306885,2.4100000858306885,5530,0.0,0.0
2023-06-07 13:30:00-04:00,2.4600000381469727,2.5299999713897705,2.4600000381469727,2.5,7399,0.0,0.0
2023-06-07 14:30:00-04:00,2.5,2.630000114440918,2.4800000190734863,2.5899999141693115,4499,0.0,0.0
2023-06-07 15:30:00-04:00,2.619999885559082,2.619999885559082,2.4700000286102295,2.509999990463257,14470,0.0,0.0
2023-06-08 09:30:00-04:00,2.5199999809265137,2.549999952316284,2.430000066757202,2.440000057220459,4293,0.0,0.0
2023-06-08 10:30:00-04:00,2.440000057220459,2.440000057220459,2.430000066757202,2.430000066757202,2711,0.0,0.0
2023-06-08 11:30:00-04:00,2.430000066757202,2.469899892807007,2.4200000762939453,2.4200000762939453,6980,0.0,0.0
2023-06-08 12:30:00-04:00,2.4200000762939453,2.420099973678589,2.369999885559082,2.369999885559082,9343,0.0,0.0
2023-06-08 13:30:00-04:00,2.4000000953674316,2.569999933242798,2.369999885559082,2.569999933242798,16117,0.0,0.0
2023-06-08 14:30:00-04:00,2.549999952316284,2.5799999237060547,2.5199999809265137,2.5199999809265137,4437,0.0,0.0
2023-06-08 15:30:00-04:00,2.5199999809265137,2.559999942779541,2.4200000762939453,2.4800000190734863,9415,0.0,0.0
2023-06-09 09:30:00-04:00,2.549999952316284,2.549999952316284,2.4200000762939453,2.430000066757202,2328,0.0,0.0
2023-06-09 10:30:00-04:00,2.4200000762939453,2.430000066757202,2.4000000953674316,2.4000000953674316,4556,0.0,0.0
2023-06-09 11:30:00-04:00,2.4000000953674316,2.418800115585327,2.359999895095825,2.4000000953674316,11951,0.0,0.0
2023-06-09 12:30:00-04:00,2.4049999713897705,2.490000009536743,2.390000104904175,2.4800000190734863,3552,0.0,0.0
2023-06-09 13:30:00-04:00,2.430000066757202,2.450000047683716,2.430000066757202,2.430000066757202,1411,0.0,0.0
2023-06-09 14:30:00-04:00,2.4560000896453857,2.4560000896453857,2.4000000953674316,2.430000066757202,10759,0.0,0.0
2023-06-09 15:30:00-04:00,2.4200000762939453,2.450000047683716,2.380000114440918,2.390000104904175,12615,0.0,0.0
2023-06-12 09:30:00-04:00,2.4700000286102295,2.5399999618530273,2.380000114440918,2.430000066757202,11521,0.0,0.0
2023-06-12 10:30:00-04:00,2.509999990463257,2.539900064468384,2.430000066757202,2.494999885559082,7150,0.0,0.0
2023-06-12 11:30:00-04:00,2.5,2.5999999046325684,2.5,2.5985000133514404,10698,0.0,0.0
2023-06-12 12:30:00-04:00,2.5999999046325684,2.5999999046325684,2.551500082015991,2.5999999046325684,4157,0.0,0.0
2023-06-12 13:30:00-04:00,2.5799999237060547,2.609999895095825,2.569999933242798,2.569999933242798,5268,0.0,0.0
2023-06-12 14:30:00-04:00,2.5850000381469727,2.5850000381469727,2.509999990463257,2.5250000953674316,6159,0.0,0.0
2023-06-12 15:30:00-04:00,2.509999990463257,2.569999933242798,2.509999990463257,2.509999990463257,8638,0.0,0.0
2023-06-13 09:30:00-04:00,2.559999942779541,2.6050000190734863,2.5299999713897705,2.5299999713897705,2997,0.0,0.0
2023-06-13 10:30:00-04:00,2.5299999713897705,2.5299999713897705,2.4000000953674316,2.4200000762939453,15818,0.0,0.0
2023-06-13 11:30:00-04:00,2.4149999618530273,2.559999942779541,2.4149999618530273,2.490000009536743,4180,0.0,0.0
2023-06-13 12:30:00-04:00,2.515000104904175,2.559999942779541,2.5,2.509999990463257,5393,0.0,0.0
2023-06-13 13:30:00-04:00,2.4800000190734863,2.4800000190734863,2.4000000953674316,2.430000066757202,9258,0.0,0.0
2023-06-13 14:30:00-04:00,2.444999933242798,2.4553000926971436,2.430000066757202,2.444999933242798,2788,0.0,0.0
2023-06-13 15:30:00-04:00,2.4600000381469727,2.5399999618530273,2.440000057220459,2.5,16798,0.0,0.0
2023-06-14 09:30:00-04:00,2.4700000286102295,2.4800000190734863,2.4700000286102295,2.4800000190734863,908,0.0,0.0
2023-06-14 10:30:00-04:00,2.4800000190734863,2.4800000190734863,2.440000057220459,2.450000047683716,3983,0.0,0.0
2023-06-14 11:30:00-04:00,2.450000047683716,2.4800000190734863,2.440000057220459,2.4600000381469727,2148,0.0,0.0
2023-06-14 12:30:00-04:00,2.4600000381469727,2.4600000381469727,2.430000066757202,2.440000057220459,5501,0.0,0.0
2023-06-14 13:30:00-04:00,2.440000057220459,2.450000047683716,2.430000066757202,2.450000047683716,10314,0.0,0.0
2023-06-14 14:30:00-04:00,2.444999933242798,2.509999990463257,2.444999933242798,2.4800000190734863,5889,0.0,0.0
2023-06-14 15:30:00-04:00,2.450000047683716,2.509999990463257,2.440000057220459,2.509999990463257,5082,0.0,0.0
2023-06-15 09:30:00-04:00,2.4200000762939453,2.440000057220459,2.380000114440918,2.440000057220459,11149,0.0,0.0
2023-06-15 10:30:00-04:00,2.440000057220459,2.440000057220459,2.4200000762939453,2.434999942779541,3796,0.0,0.0
2023-06-15 11:30:00-04:00,2.4200000762939453,2.4600000381469727,2.4200000762939453,2.4600000381469727,5247,0.0,0.0
2023-06-15 12:30:00-04:00,2.450000047683716,2.5199999809265137,2.450000047683716,2.490000009536743,3142,0.0,0.0
2023-06-15 13:30:00-04:00,2.490000009536743,2.549999952316284,2.440000057220459,2.440000057220459,13115,0.0,0.0
2023-06-15 14:30:00-04:00,2.430000066757202,2.490000009536743,2.4200000762939453,2.430000066757202,10899,0.0,0.0
2023-06-15 15:30:00-04:00,2.4200000762939453,2.509999990463257,2.4200000762939453,2.490000009536743,5103,0.0,0.0
2023-06-16 09:30:00-04:00,2.559999942779541,2.559999942779541,2.4100000858306885,2.4100000858306885,32534,0.0,0.0
2023-06-16 10:30:00-04:00,2.430000066757202,2.479099988937378,2.3499999046325684,2.375,13364,0.0,0.0
2023-06-16 11:30:00-04:00,2.375,2.390000104904175,2.2899999618530273,2.3299999237060547,31198,0.0,0.0
2023-06-16 12:30:00-04:00,2.299999952316284,2.309999942779541,2.259999990463257,2.2699999809265137,19617,0.0,0.0
2023-06-16 13:30:00-04:00,2.302500009536743,2.302500009536743,2.2699999809265137,2.2899999618530273,4175,0.0,0.0
2023-06-16 14:30:00-04:00,2.2950000762939453,2.309999942779541,2.2699999809265137,2.2799999713897705,6190,0.0,0.0
2023-06-16 15:30:00-04:00,2.2899999618530273,2.3499999046325684,2.2899999618530273,2.319999933242798,9090,0.0,0.0
2023-06-20 09:30:00-04:00,2.319999933242798,2.319999933242798,2.1700000762939453,2.180000066757202,16995,0.0,0.0
2023-06-20 10:30:00-04:00,2.180000066757202,2.2200000286102295,2.180000066757202,2.200000047683716,14665,0.0,0.0
2023-06-20 11:30:00-04:00,2.190000057220459,2.200000047683716,2.130000114440918,2.1449999809265137,16229,0.0,0.0
2023-06-20 12:30:00-04:00,2.119999885559082,2.1600000858306885,2.109999895095825,2.1449999809265137,11338,0.0,0.0
2023-06-20 13:30:00-04:00,2.1700000762939453,2.234800100326538,2.1649999618530273,2.194999933242798,12403,0.0,0.0
2023-06-20 14:30:00-04:00,2.200000047683716,2.215399980545044,2.174999952316284,2.200000047683716,9992,0.0,0.0
2023-06-20 15:30:00-04:00,2.200000047683716,2.200000047683716,2.1600000858306885,2.1649999618530273,11900,0.0,0.0
2023-06-21 09:30:00-04:00,2.140000104904175,2.190000057220459,2.140000104904175,2.190000057220459,3781,0.0,0.0
2023-06-21 10:30:00-04:00,2.180000066757202,2.190000057220459,2.1500000953674316,2.1549999713897705,5012,0.0,0.0
2023-06-21 11:30:00-04:00,2.1549999713897705,2.1600000858306885,2.1500000953674316,2.1549999713897705,6681,0.0,0.0
2023-06-21 12:30:00-04:00,2.1500000953674316,2.1600000858306885,2.1500000953674316,2.1549999713897705,1670,0.0,0.0
2023-06-21 13:30:00-04:00,2.1600000858306885,2.1600000858306885,2.1549999713897705,2.1549999713897705,7329,0.0,0.0
2023-06-21 14:30:00-04:00,2.1600000858306885,2.174999952316284,2.1549999713897705,2.1600000858306885,7518,0.0,0.0
2023-06-21 15:30:00-04:00,2.1600000858306885,2.1600000858306885,2.130000114440918,2.130000114440918,5567,0.0,0.0
2023-06-22 09:30:00-04:00,2.130000114440918,2.1600000858306885,2.130000114440918,2.1500000953674316,7195,0.0,0.0
2023-06-22 10:30:00-04:00,2.1700000762939453,2.1700000762939453,2.1500000953674316,2.1500000953674316,2330,0.0,0.0
2023-06-22 11:30:00-04:00,2.140000104904175,2.1600000858306885,2.130000114440918,2.140000104904175,6209,0.0,0.0
2023-06-22 12:30:00-04:00,2.140000104904175,2.1700000762939453,2.130000114440918,2.130000114440918,10730,0.0,0.0
2023-06-22 13:30:00-04:00,2.1500000953674316,2.1698999404907227,2.119999885559082,2.119999885559082,4412,0.0,0.0
2023-06-22 14:30:00-04:00,2.1500000953674316,2.1500000953674316,2.119999885559082,2.119999885559082,4243,0.0,0.0
2023-06-22 15:30:00-04:00,2.119999885559082,2.134999990463257,2.0999999046325684,2.0999999046325684,14323,0.0,0.0
2023-06-23 09:30:00-04:00,2.0999999046325684,2.1500000953674316,2.0999999046325684,2.119999885559082,1110,0.0,0.0
2023-06-23 10:30:00-04:00,2.119999885559082,2.1549999713897705,2.0999999046325684,2.119999885559082,9981,0.0,0.0
2023-06-23 11:30:00-04:00,2.115000009536743,2.130000114440918,2.059999942779541,2.0950000286102295,10581,0.0,0.0
2023-06-23 12:30:00-04:00,2.0799999237060547,2.109999895095825,2.059999942779541,2.059999942779541,8749,0.0,0.0
2023-06-23 13:30:00-04:00,2.059999942779541,2.0899999141693115,2.0399999618530273,2.0399999618530273,14189,0.0,0.0
2023-06-23 14:30:00-04:00,2.0399999618530273,2.069999933242798,2.0,2.069999933242798,29781,0.0,0.0
2023-06-23 15:30:00-04:00,2.069999933242798,3.259999990463257,2.0299999713897705,3.0899999141693115,1026297,0.0,0.0
2023-06-26 09:30:00-04:00,2.5,2.7100000381469727,2.4800000190734863,2.640000104904175,289822,0.0,0.0
2023-06-26 10:30:00-04:00,2.619999885559082,2.700000047683716,2.5999999046325684,2.700000047683716,91617,0.0,0.0
2023-06-26 11:30:00-04:00,2.690000057220459,2.700000047683716,2.630000114440918,2.6500000953674316,31172,0.0,0.0
2023-06-26 12:30:00-04:00,2.630000114440918,2.6500000953674316,2.609999895095825,2.6500000953674316,27133,0.0,0.0
2023-06-26 13:30:00-04:00,2.6201000213623047,2.6500000953674316,2.5799999237060547,2.5799999237060547,34361,0.0,0.0
2023-06-26 14:30:00-04:00,2.5850000381469727,2.6700000762939453,2.569999933242798,2.640000104904175,66514,0.0,0.0
2023-06-26 15:30:00-04:00,2.640000104904175,2.740000009536743,2.619999885559082,2.7100000381469727,35825,0.0,0.0
2023-06-27 09:30:00-04:00,2.700000047683716,2.805000066757202,2.6201000213623047,2.703000068664551,28457,0.0,0.0
2023-06-27 10:30:00-04:00,2.700000047683716,2.7100000381469727,2.700000047683716,2.7100000381469727,3777,0.0,0.0
2023-06-27 11:30:00-04:00,2.7100000381469727,2.890000104904175,2.700000047683716,2.8150999546051025,27374,0.0,0.0
2023-06-27 12:30:00-04:00,2.809999942779541,2.8299999237060547,2.700000047683716,2.809999942779541,9235,0.0,0.0
2023-06-27 13:30:00-04:00,2.809999942779541,2.8499999046325684,2.700000047683716,2.700000047683716,17100,0.0,0.0
2023-06-27 14:30:00-04:00,2.700000047683716,2.740000009536743,2.700000047683716,2.700000047683716,8472,0.0,0.0
2023-06-27 15:30:00-04:00,2.700000047683716,2.740000009536743,2.690000057220459,2.690000057220459,12057,0.0,0.0
2023-06-28 09:30:00-04:00,2.7200000286102295,2.940000057220459,2.549999952316284,2.9200000762939453,26005,0.0,0.0
2023-06-28 10:30:00-04:00,2.9200000762939453,3.049999952316284,2.875,3.0,42093,0.0,0.0
2023-06-28 11:30:00-04:00,2.990000009536743,3.049999952316284,2.9300999641418457,3.0299999713897705,22721,0.0,0.0
2023-06-28 12:30:00-04:00,3.0299999713897705,3.0799999237060547,2.990000009536743,3.0199999809265137,43148,0.0,0.0
2023-06-28 13:30:00-04:00,3.009999990463257,3.0399999618530273,2.9800000190734863,3.0399999618530273,13239,0.0,0.0
2023-06-28 14:30:00-04:00,3.0399999618530273,3.0399999618530273,2.9017999172210693,2.9100000858306885,29451,0.0,0.0
2023-06-28 15:30:00-04:00,2.9000000953674316,2.9200000762939453,2.809999942779541,2.880000114440918,23741,0.0,0.0
2023-06-29 09:30:00-04:00,2.819999933242798,3.0,2.819999933242798,2.970400094985962,20616,0.0,0.0
2023-06-29 10:30:00-04:00,2.990000009536743,3.0,2.890000104904175,2.890000104904175,6930,0.0,0.0
2023-06-29 11:30:00-04:00,2.9149999618530273,2.9149999618530273,2.809999942779541,2.809999942779541,7760,0.0,0.0
2023-06-29 12:30:00-04:00,2.799999952316284,2.8299999237060547,2.7799999713897705,2.799999952316284,14054,0.0,0.0
2023-06-29 13:30:00-04:00,2.819999933242798,2.819999933242798,2.7200000286102295,2.7300000190734863,16645,0.0,0.0
2023-06-29 14:30:00-04:00,2.7309999465942383,2.7699999809265137,2.5999999046325684,2.5999999046325684,26122,0.0,0.0
2023-06-29 15:30:00-04:00,2.619999885559082,2.630000114440918,2.565000057220459,2.5999999046325684,23607,0.0,0.0
2023-06-30 09:30:00-04:00,2.700000047683716,2.700000047683716,2.559999942779541,2.5850000381469727,17898,0.0,0.0
2023-06-30 10:30:00-04:00,2.5799999237060547,2.609999895095825,2.569999933242798,2.609999895095825,9638,0.0,0.0
2023-06-30 11:30:00-04:00,2.609999895095825,2.609999895095825,2.5399999618530273,2.5399999618530273,19939,0.0,0.0
2023-06-30 12:30:00-04:00,2.5399999618530273,2.559999942779541,2.509999990463257,2.5199999809265137,8417,0.0,0.0
2023-06-30 13:30:00-04:00,2.5299999713897705,2.549999952316284,2.509999990463257,2.5399999618530273,12723,0.0,0.0
2023-06-30 14:30:00-04:00,2.5399999618530273,2.5687999725341797,2.509999990463257,2.509999990463257,8612,0.0,0.0
2023-06-30 15:30:00-04:00,2.5199999809265137,2.5399999618530273,2.5199999809265137,2.5299999713897705,11923,0.0,0.0
2023-07-03 09:30:00-04:00,2.430000066757202,2.5297000408172607,2.430000066757202,2.5297000408172607,11976,0.0,0.0
2023-07-03 10:30:00-04:00,2.555000066757202,2.555000066757202,2.5,2.5244998931884766,2461,0.0,0.0
2023-07-03 11:30:00-04:00,2.5299999713897705,2.5899999141693115,2.5199999809265137,2.5799999237060547,5770,0.0,0.0
2023-07-05 09:30:00-04:00,2.640000104904175,2.6898999214172363,2.634999990463257,2.6600000858306885,18456,0.0,0.0
2023-07-05 10:30:00-04:00,2.619999885559082,2.6449999809265137,2.5999999046325684,2.630000114440918,3856,0.0,0.0
2023-07-05 11:30:00-04:00,2.630000114440918,2.680000066757202,2.630000114440918,2.680000066757202,1561,0.0,0.0
2023-07-05 12:30:00-04:00,2.6700000762939453,2.690000057220459,2.6528000831604004,2.6700000762939453,1551,0.0,0.0
2023-07-05 13:30:00-04:00,2.690000057220459,2.690000057220459,2.690000057220459,2.690000057220459,734,0.0,0.0
2023-07-05 14:30:00-04:00,2.690000057220459,2.799999952316284,2.6700000762939453,2.799999952316284,10938,0.0,0.0
2023-07-05 15:30:00-04:00,2.799999952316284,2.799999952316284,2.7100000381469727,2.759999990463257,4515,0.0,0.0
2023-07-06 09:30:00-04:00,2.6700000762939453,2.6700000762939453,2.6600000858306885,2.6600000858306885,1877,0.0,0.0
2023-07-06 10:30:00-04:00,2.619999885559082,2.6500000953674316,2.609999895095825,2.630000114440918,4524,0.0,0.0
2023-07-06 11:30:00-04:00,2.609999895095825,2.619999885559082,2.5999999046325684,2.619999885559082,922,0.0,0.0
2023-07-06 12:30:00-04:00,2.619999885559082,2.619999885559082,2.505000114440918,2.505000114440918,3323,0.0,0.0
2023-07-06 13:30:00-04:00,2.509999990463257,2.639899969100952,2.509999990463257,2.630000114440918,9768,0.0,0.0
2023-07-06 14:30:00-04:00,2.609999895095825,2.609999895095825,2.5299999713897705,2.549999952316284,1661,0.0,0.0
2023-07-06 15:30:00-04:00,2.609999895095825,2.609999895095825,2.5450000762939453,2.559999942779541,5546,0.0,0.0
2023-07-07 09:30:00-04:00,2.5299999713897705,2.5999999046325684,2.5299999713897705,2.5999999046325684,937,0.0,0.0
2023-07-07 10:30:00-04:00,2.5799999237060547,2.625,2.571000099182129,2.571000099182129,4624,0.0,0.0
2023-07-07 11:30:00-04:00,2.569999933242798,2.630000114440918,2.569999933242798,2.5899999141693115,9936,0.0,0.0
2023-07-07 12:30:00-04:00,2.5799999237060547,2.5799999237060547,2.5799999237060547,2.5799999237060547,460,0.0,0.0
2023-07-07 13:30:00-04:00,2.569999933242798,2.5978000164031982,2.569999933242798,2.5799999237060547,1652,0.0,0.0
2023-07-07 14:30:00-04:00,2.5799999237060547,2.5799999237060547,2.5,2.5199999809265137,10059,0.0,0.0
2023-07-07 15:30:00-04:00,2.5,2.5299999713897705,2.490000009536743,2.5299999713897705,4084,0.0,0.0
2023-07-10 09:30:00-04:00,2.5199999809265137,2.6500000953674316,2.430000066757202,2.640000104904175,4203,0.0,0.0
2023-07-10 10:30:00-04:00,2.609999895095825,2.700000047683716,2.57669997215271,2.700000047683716,2327,0.0,0.0
2023-07-10 11:30:00-04:00,2.7200000286102295,2.7699999809265137,2.700000047683716,2.700000047683716,5148,0.0,0.0
2023-07-10 12:30:00-04:00,2.5399999618530273,2.7200000286102295,2.5199999809265137,2.690000057220459,11004,0.0,0.0
2023-07-10 13:30:00-04:00,2.7100000381469727,2.7100000381469727,2.569999933242798,2.5999999046325684,7940,0.0,0.0
2023-07-10 14:30:00-04:00,2.619999885559082,2.619999885559082,2.619999885559082,2.619999885559082,655,0.0,0.0
2023-07-10 15:30:00-04:00,2.7200000286102295,2.7200000286102295,2.619999885559082,2.619999885559082,3807,0.0,0.0
2023-07-11 09:30:00-04:00,2.680000066757202,2.700000047683716,2.680000066757202,2.700000047683716,685,0.0,0.0
2023-07-11 10:30:00-04:00,2.6700000762939453,2.719399929046631,2.6500000953674316,2.6600000858306885,5647,0.0,0.0
2023-07-11 11:30:00-04:00,2.6500000953674316,2.6700000762939453,2.619999885559082,2.630000114440918,1480,0.0,0.0
2023-07-11 12:30:00-04:00,2.6700000762939453,2.6700000762939453,2.619999885559082,2.619999885559082,1720,0.0,0.0
2023-07-11 13:30:00-04:00,2.619999885559082,2.6700000762939453,2.5799999237060547,2.5999999046325684,3692,0.0,0.0
2023-07-11 14:30:00-04:00,2.569999933242798,2.630000114440918,2.5399999618530273,2.5399999618530273,7683,0.0,0.0
2023-07-11 15:30:00-04:00,2.549999952316284,2.609999895095825,2.5399999618530273,2.5899999141693115,4121,0.0,0.0
2023-07-12 09:30:00-04:00,2.640000104904175,2.640000104904175,2.5999999046325684,2.5999999046325684,1482,0.0,0.0
2023-07-12 10:30:00-04:00,2.640000104904175,2.640000104904175,2.569999933242798,2.569999933242798,6760,0.0,0.0
2023-07-12 11:30:00-04:00,2.630000114440918,2.640000104904175,2.6050000190734863,2.640000104904175,3453,0.0,0.0
2023-07-12 13:30:00-04:00,2.6600000858306885,2.7200000286102295,2.6600000858306885,2.6700000762939453,3660,0.0,0.0
2023-07-12 14:30:00-04:00,2.680000066757202,2.7200000286102295,2.680000066757202,2.7200000286102295,1583,0.0,0.0
2023-07-12 15:30:00-04:00,2.7100000381469727,2.75,2.700000047683716,2.75,5087,0.0,0.0
2023-07-13 09:30:00-04:00,2.6500000953674316,2.6500000953674316,2.640000104904175,2.640000104904175,2776,0.0,0.0
2023-07-13 10:30:00-04:00,2.680000066757202,2.700000047683716,2.640000104904175,2.640000104904175,7949,0.0,0.0
2023-07-13 11:30:00-04:00,2.6649999618530273,2.690000057220459,2.6500000953674316,2.6500000953674316,1431,0.0,0.0
2023-07-13 12:30:00-04:00,2.6689999103546143,2.690000057220459,2.5999999046325684,2.5999999046325684,7210,0.0,0.0
2023-07-13 13:30:00-04:00,2.674999952316284,2.7399001121520996,2.609999895095825,2.7200000286102295,5753,0.0,0.0
2023-07-13 14:30:00-04:00,2.690000057220459,2.7100000381469727,2.6600000858306885,2.6700000762939453,2150,0.0,0.0
2023-07-13 15:30:00-04:00,2.700000047683716,2.7300000190734863,2.619999885559082,2.690000057220459,8194,0.0,0.0
2023-07-14 09:30:00-04:00,2.619999885559082,2.619999885559082,2.619999885559082,2.619999885559082,302,0.0,0.0
2023-07-14 10:30:00-04:00,2.609999895095825,2.619999885559082,2.575000047683716,2.5799999237060547,6270,0.0,0.0
2023-07-14 11:30:00-04:00,2.5999999046325684,2.5999999046325684,2.559999942779541,2.559999942779541,2608,0.0,0.0
2023-07-14 12:30:00-04:00,2.5899999141693115,2.5999999046325684,2.559999942779541,2.5899999141693115,1259,0.0,0.0
2023-07-14 13:30:00-04:00,2.609999895095825,2.609999895095825,2.549999952316284,2.549999952316284,2406,0.0,0.0
2023-07-14 14:30:00-04:00,2.549999952316284,2.565700054168701,2.5,2.565700054168701,7602,0.0,0.0
2023-07-14 15:30:00-04:00,2.569999933242798,2.640000104904175,2.554800033569336,2.640000104904175,5374,0.0,0.0
2023-07-17 09:30:00-04:00,2.559999942779541,2.559999942779541,2.549999952316284,2.559999942779541,1566,0.0,0.0
2023-07-17 10:30:00-04:00,2.619999885559082,2.6700000762939453,2.609999895095825,2.619999885559082,5995,0.0,0.0
2023-07-17 11:30:00-04:00,2.6600000858306885,2.700000047683716,2.6600000858306885,2.6600000858306885,7116,0.0,0.0
2023-07-17 13:30:00-04:00,2.630000114440918,2.7144999504089355,2.569999933242798,2.7144999504089355,9108,0.0,0.0
2023-07-17 14:30:00-04:00,2.739000082015991,2.739000082015991,2.7047998905181885,2.739000082015991,3765,0.0,0.0
2023-07-17 15:30:00-04:00,2.736599922180176,2.736599922180176,2.7100000381469727,2.714200019836426,2632,0.0,0.0
2023-07-18 09:30:00-04:00,2.7200000286102295,2.7249999046325684,2.680000066757202,2.7200000286102295,6851,0.0,0.0
2023-07-18 10:30:00-04:00,2.740000009536743,2.740000009536743,2.630000114440918,2.700000047683716,4155,0.0,0.0
2023-07-18 11:30:00-04:00,2.700000047683716,2.75,2.700000047683716,2.75,4075,0.0,0.0
2023-07-18 12:30:00-04:00,2.75,2.7799999713897705,2.7300000190734863,2.759999990463257,8309,0.0,0.0
2023-07-18 13:30:00-04:00,2.759999990463257,2.765000104904175,2.75,2.75219988822937,2405,0.0,0.0
2023-07-18 14:30:00-04:00,2.75,2.75,2.7402000427246094,2.7402000427246094,930,0.0,0.0
2023-07-18 15:30:00-04:00,2.755000114440918,2.7799999713897705,2.7100000381469727,2.7100000381469727,4412,0.0,0.0
2023-07-19 09:30:00-04:00,2.7699999809265137,2.7899999618530273,2.75,2.7799999713897705,1197,0.0,0.0
2023-07-19 10:30:00-04:00,2.7799999713897705,2.7899999618530273,2.75,2.7899999618530273,6440,0.0,0.0
2023-07-19 11:30:00-04:00,2.7899999618530273,2.7899999618530273,2.720099925994873,2.7799999713897705,11014,0.0,0.0
2023-07-19 12:30:00-04:00,2.759999990463257,2.7899999618530273,2.759999990463257,2.7899999618530273,6068,0.0,0.0
2023-07-19 13:30:00-04:00,2.7899999618530273,2.8399999141693115,2.7699999809265137,2.7899999618530273,13341,0.0,0.0
2023-07-19 14:30:00-04:00,2.8499999046325684,2.8499999046325684,2.814500093460083,2.815000057220459,2834,0.0,0.0
2023-07-19 15:30:00-04:00,2.8299999237060547,2.8399999141693115,2.7899999618530273,2.8399999141693115,3574,0.0,0.0
2023-07-20 09:30:00-04:00,2.75,2.890000104904175,2.75,2.819999933242798,4089,0.0,0.0
2023-07-20 10:30:00-04:00,2.8550000190734863,2.8550000190734863,2.799999952316284,2.815000057220459,993,0.0,0.0
2023-07-20 11:30:00-04:00,2.8399999141693115,2.8499999046325684,2.815000057220459,2.815000057220459,2905,0.0,0.0
2023-07-20 12:30:00-04:00,2.815000057220459,2.819999933242798,2.7200000286102295,2.819999933242798,8589,0.0,0.0
2023-07-20 13:30:00-04:00,2.809999942779541,2.819999933242798,2.7200000286102295,2.7200000286102295,2671,0.0,0.0
2023-07-20 14:30:00-04:00,2.7799999713897705,2.7899999618530273,2.740000009536743,2.7899999618530273,704,0.0,0.0
2023-07-20 15:30:00-04:00,2.8399999141693115,2.8399999141693115,2.7699999809265137,2.7899999618530273,4031,0.0,0.0
2023-07-21 09:30:00-04:00,2.809999942779541,2.809999942779541,2.690000057220459,2.7200000286102295,2033,0.0,0.0
2023-07-21 10:30:00-04:00,2.76990008354187,2.8499999046325684,2.76990008354187,2.8499999046325684,3024,0.0,0.0
2023-07-21 11:30:00-04:00,2.809999942779541,2.809999942779541,2.6500000953674316,2.7300000190734863,6405,0.0,0.0
2023-07-21 12:30:00-04:00,2.6600000858306885,2.7149999141693115,2.624300003051758,2.7149999141693115,2135,0.0,0.0
2023-07-21 13:30:00-04:00,2.7799999713897705,2.7799999713897705,2.700000047683716,2.7748000621795654,9614,0.0,0.0
2023-07-21 14:30:00-04:00,2.8299999237060547,2.8499999046325684,2.75,2.7699999809265137,10986,0.0,0.0
2023-07-21 15:30:00-04:00,2.7799999713897705,2.7899999618530273,2.7200000286102295,2.7699999809265137,5430,0.0,0.0
2023-07-24 09:30:00-04:00,2.75,2.75,2.75,2.75,736,0.0,0.0
2023-07-24 10:30:00-04:00,2.75,2.75,2.75,2.75,611,0.0,0.0
2023-07-24 11:30:00-04:00,2.759999990463257,2.759999990463257,2.619999885559082,2.759999990463257,7599,0.0,0.0
2023-07-24 12:30:00-04:00,2.684999942779541,2.8299999237060547,2.684999942779541,2.7899999618530273,4035,0.0,0.0
2023-07-24 13:30:00-04:00,2.7850000858306885,2.799999952316284,2.7699999809265137,2.7699999809265137,1485,0.0,0.0
2023-07-24 14:30:00-04:00,2.809999942779541,2.809999942779541,2.690000057220459,2.690000057220459,3972,0.0,0.0
2023-07-24 15:30:00-04:00,2.7200000286102295,2.740000009536743,2.680000066757202,2.740000009536743,3483,0.0,0.0
2023-07-25 09:30:00-04:00,2.180000066757202,2.5199999809265137,2.180000066757202,2.5199999809265137,51973,0.0,0.0
2023-07-25 10:30:00-04:00,2.517400026321411,2.609999895095825,2.5,2.5,16436,0.0,0.0
2023-07-25 11:30:00-04:00,2.5899999141693115,2.5899999141693115,2.5199999809265137,2.5899999141693115,2141,0.0,0.0
2023-07-25 12:30:00-04:00,2.5799999237060547,2.5799999237060547,2.5,2.509999990463257,5555,0.0,0.0
2023-07-25 13:30:00-04:00,2.559999942779541,2.569999933242798,2.5199999809265137,2.569999933242798,1669,0.0,0.0
2023-07-25 14:30:00-04:00,2.569999933242798,2.5799999237060547,2.5450000762939453,2.5450000762939453,3539,0.0,0.0
2023-07-25 15:30:00-04:00,2.559999942779541,2.5799999237060547,2.5199999809265137,2.549999952316284,24124,0.0,0.0
2023-07-26 09:30:00-04:00,2.4200000762939453,2.4700000286102295,2.359999895095825,2.4600000381469727,11400,0.0,0.0
2023-07-26 10:30:00-04:00,2.4600000381469727,2.490000009536743,2.4100000858306885,2.4200000762939453,11505,0.0,0.0
2023-07-26 11:30:00-04:00,2.4200000762939453,2.490000009536743,2.4200000762939453,2.4600000381469727,3771,0.0,0.0
2023-07-26 12:30:00-04:00,2.4200000762939453,2.4600000381469727,2.4200000762939453,2.4600000381469727,2946,0.0,0.0
2023-07-26 13:30:00-04:00,2.490000009536743,2.490000009536743,2.4200000762939453,2.4200000762939453,5933,0.0,0.0
2023-07-26 14:30:00-04:00,2.4200000762939453,2.4600000381469727,2.4200000762939453,2.4600000381469727,4459,0.0,0.0
2023-07-26 15:30:00-04:00,2.4600000381469727,2.4972000122070312,2.430000066757202,2.4800000190734863,9152,0.0,0.0
2023-07-27 09:30:00-04:00,2.430000066757202,2.450000047683716,2.357599973678589,2.450000047683716,3241,0.0,0.0
2023-07-27 10:30:00-04:00,2.490000009536743,2.509999990463257,2.4175000190734863,2.490000009536743,1856,0.0,0.0
2023-07-27 11:30:00-04:00,2.490000009536743,2.490000009536743,2.4200000762939453,2.4200000762939453,2720,0.0,0.0
2023-07-27 12:30:00-04:00,2.4700000286102295,2.4800000190734863,2.400099992752075,2.400099992752075,2400,0.0,0.0
2023-07-27 13:30:00-04:00,2.430000066757202,2.4549999237060547,2.360100030899048,2.3664000034332275,2716,0.0,0.0
2023-07-27 14:30:00-04:00,2.390000104904175,2.390000104904175,2.3299999237060547,2.380000114440918,4457,0.0,0.0
2023-07-27 15:30:00-04:00,2.390000104904175,2.390000104904175,2.3301000595092773,2.390000104904175,10632,0.0,0.0
2023-07-28 09:30:00-04:00,2.4000000953674316,2.4679999351501465,2.4000000953674316,2.4679999351501465,3260,0.0,0.0
2023-07-28 10:30:00-04:00,2.4600000381469727,2.4600000381469727,2.4200000762939453,2.440000057220459,1221,0.0,0.0
2023-07-28 11:30:00-04:00,2.4100000858306885,2.450000047683716,2.408799886703491,2.450000047683716,3918,0.0,0.0
2023-07-28 12:30:00-04:00,2.440000057220459,2.440000057220459,2.440000057220459,2.440000057220459,721,0.0,0.0
2023-07-28 13:30:00-04:00,2.433199882507324,2.448899984359741,2.3399999141693115,2.3399999141693115,4171,0.0,0.0
2023-07-28 14:30:00-04:00,2.3608999252319336,2.4200000762939453,2.3608999252319336,2.4100000858306885,1632,0.0,0.0
2023-07-28 15:30:00-04:00,2.4200000762939453,2.4700000286102295,2.4200000762939453,2.4700000286102295,2451,0.0,0.0
2023-07-31 09:30:00-04:00,2.4100000858306885,2.5250000953674316,2.4100000858306885,2.5250000953674316,5158,0.0,0.0
2023-07-31 10:30:00-04:00,2.5618999004364014,2.569999933242798,2.559999942779541,2.559999942779541,2486,0.0,0.0
2023-07-31 11:30:00-04:00,2.559999942779541,2.559999942779541,2.509999990463257,2.509999990463257,4423,0.0,0.0
2023-07-31 12:30:00-04:00,2.4902000427246094,2.5399999618530273,2.4902000427246094,2.5399999618530273,415,0.0,0.0
2023-07-31 13:30:00-04:00,2.515000104904175,2.5199999809265137,2.509700059890747,2.5199999809265137,3088,0.0,0.0
2023-07-31 14:30:00-04:00,2.5199999809265137,2.5199999809265137,2.430000066757202,2.430000066757202,6933,0.0,0.0
2023-07-31 15:30:00-04:00,2.450000047683716,2.490000009536743,2.450000047683716,2.450000047683716,1864,0.0,0.0
2023-08-01 09:30:00-04:00,2.4700000286102295,2.4700000286102295,2.430000066757202,2.430000066757202,1883,0.0,0.0
2023-08-01 10:30:00-04:00,2.450000047683716,2.5199999809265137,2.4460999965667725,2.4700000286102295,2909,0.0,0.0
2023-08-01 11:30:00-04:00,2.490000009536743,2.490000009536743,2.4899001121520996,2.490000009536743,4741,0.0,0.0
2023-08-01 12:30:00-04:00,2.4800000190734863,2.4800000190734863,2.4800000190734863,2.4800000190734863,600,0.0,0.0
2023-08-01 13:30:00-04:00,2.4723000526428223,2.4723000526428223,2.4723000526428223,2.4723000526428223,910,0.0,0.0
2023-08-01 14:30:00-04:00,2.482300043106079,2.5,2.482300043106079,2.5,2110,0.0,0.0
2023-08-01 15:30:00-04:00,2.5,2.5,2.494999885559082,2.494999885559082,2536,0.0,0.0
2023-08-02 09:30:00-04:00,2.4800000190734863,2.5899999141693115,2.4800000190734863,2.5423998832702637,2441,0.0,0.0
2023-08-02 10:30:00-04:00,2.4700000286102295,2.4700000286102295,2.380000114440918,2.380000114440918,2836,0.0,0.0
2023-08-02 11:30:00-04:00,2.4800000190734863,2.5,2.4800000190734863,2.5,6698,0.0,0.0
2023-08-02 12:30:00-04:00,2.4749999046325684,2.5,2.4749999046325684,2.5,489,0.0,0.0
2023-08-02 13:30:00-04:00,2.5,2.5,2.5,2.5,1312,0.0,0.0
2023-08-02 14:30:00-04:00,2.5,2.5,2.5,2.5,257,0.0,0.0
2023-08-02 15:30:00-04:00,2.4700000286102295,2.5,2.4000000953674316,2.5,3811,0.0,0.0
2023-08-03 11:30:00-04:00,2.4200000762939453,2.5,2.4200000762939453,2.5,3468,0.0,0.0
2023-08-03 12:30:00-04:00,2.5,2.5,2.5,2.5,1521,0.0,0.0
2023-08-03 13:30:00-04:00,2.4742000102996826,2.5,2.4742000102996826,2.5,1397,0.0,0.0
2023-08-03 14:30:00-04:00,2.5,2.5,2.5,2.5,794,0.0,0.0
2023-08-03 15:30:00-04:00,2.450000047683716,2.4800000190734863,2.430000066757202,2.430000066757202,2282,0.0,0.0
2023-08-04 09:30:00-04:00,2.490000009536743,2.490000009536743,2.490000009536743,2.490000009536743,1995,0.0,0.0
2023-08-04 10:30:00-04:00,2.4549999237060547,2.569999933242798,2.430000066757202,2.5399999618530273,31806,0.0,0.0
2023-08-04 11:30:00-04:00,2.4749999046325684,2.5999999046325684,2.4700000286102295,2.474900007247925,18846,0.0,0.0
2023-08-04 12:30:00-04:00,2.509999990463257,2.5399999618530273,2.509999990463257,2.5399999618530273,1858,0.0,0.0
2023-08-04 13:30:00-04:00,2.494999885559082,2.5399999618530273,2.494999885559082,2.5399999618530273,1615,0.0,0.0
2023-08-04 14:30:00-04:00,2.4709999561309814,2.5299999713897705,2.450000047683716,2.5299999713897705,4532,0.0,0.0
2023-08-04 15:30:00-04:00,2.5,2.5399999618530273,2.490000009536743,2.5399999618530273,2276,0.0,0.0
2023-08-07 09:30:00-04:00,2.509999990463257,2.509999990463257,2.4800000190734863,2.490000009536743,2624,0.0,0.0
2023-08-07 12:30:00-04:00,2.474299907684326,2.474299907684326,2.474299907684326,2.474299907684326,787,0.0,0.0
2023-08-07 13:30:00-04:00,2.4832000732421875,2.484999895095825,2.4832000732421875,2.484999895095825,1133,0.0,0.0
2023-08-07 14:30:00-04:00,2.5199999809265137,2.5199999809265137,2.450000047683716,2.450000047683716,4188,0.0,0.0
2023-08-07 15:30:00-04:00,2.484999895095825,2.5199999809265137,2.450000047683716,2.5199999809265137,3273,0.0,0.0
2023-08-08 09:30:00-04:00,2.450000047683716,2.450000047683716,2.450000047683716,2.450000047683716,422,0.0,0.0
2023-08-08 10:30:00-04:00,2.4100000858306885,2.4100000858306885,2.4100000858306885,2.4100000858306885,599,0.0,0.0
2023-08-08 11:30:00-04:00,2.450000047683716,2.450000047683716,2.4000000953674316,2.4103000164031982,2910,0.0,0.0
2023-08-08 13:30:00-04:00,2.450000047683716,2.450000047683716,2.450000047683716,2.450000047683716,270,0.0,0.0
2023-08-08 15:30:00-04:00,2.450000047683716,2.450000047683716,2.450000047683716,2.450000047683716,2252,0.0,0.0
2023-08-09 09:30:00-04:00,2.319999933242798,2.3736000061035156,2.299999952316284,2.3736000061035156,3170,0.0,0.0
2023-08-09 10:30:00-04:00,2.3276000022888184,2.380000114440918,2.2699999809265137,2.2699999809265137,7598,0.0,0.0
2023-08-09 11:30:00-04:00,2.2950000762939453,2.319999933242798,2.2699999809265137,2.309999942779541,5153,0.0,0.0
2023-08-09 13:30:00-04:00,2.2929000854492188,2.319999933242798,2.2699999809265137,2.2699999809265137,6139,0.0,0.0
2023-08-09 14:30:00-04:00,2.299999952316284,2.3160998821258545,2.2799999713897705,2.3160998821258545,2618,0.0,0.0
2023-08-09 15:30:00-04:00,2.299999952316284,2.319999933242798,2.2799999713897705,2.2799999713897705,3323,0.0,0.0
2023-08-10 09:30:00-04:00,2.319999933242798,2.319999933242798,2.319999933242798,2.319999933242798,1559,0.0,0.0
2023-08-10 10:30:00-04:00,2.3101000785827637,2.3162999153137207,2.3101000785827637,2.3162999153137207,1192,0.0,0.0
2023-08-10 11:30:00-04:00,2.3399999141693115,2.3499999046325684,2.313199996948242,2.3499999046325684,3083,0.0,0.0
2023-08-10 12:30:00-04:00,2.327500104904175,2.327500104904175,2.327500104904175,2.327500104904175,252,0.0,0.0
2023-08-10 13:30:00-04:00,2.3299999237060547,2.3299999237060547,2.299999952316284,2.3148000240325928,2127,0.0,0.0
2023-08-10 14:30:00-04:00,2.315000057220459,2.3499999046325684,2.315000057220459,2.319999933242798,1157,0.0,0.0
2023-08-10 15:30:00-04:00,2.2899999618530273,2.3499999046325684,2.2899999618530273,2.3399999141693115,1666,0.0,0.0
2023-08-11 09:30:00-04:00,2.25,2.2799999713897705,2.25,2.2799999713897705,0,0.0,0.0
2023-08-11 10:30:00-04:00,2.301300048828125,2.303999900817871,2.25,2.2799999713897705,7260,0.0,0.0
2023-08-11 11:30:00-04:00,2.267899990081787,2.267899990081787,2.259999990463257,2.259999990463257,2202,0.0,0.0
2023-08-11 12:30:00-04:00,2.259999990463257,2.299999952316284,2.259999990463257,2.299999952316284,753,0.0,0.0
2023-08-11 13:30:00-04:00,2.2799999713897705,2.299999952316284,2.2750000953674316,2.2799999713897705,18536,0.0,0.0
2023-08-11 14:30:00-04:00,2.3299999237060547,2.3299999237060547,2.2699999809265137,2.2699999809265137,6078,0.0,0.0
2023-08-11 15:30:00-04:00,2.2699999809265137,2.2899999618530273,2.2200000286102295,2.2699999809265137,9753,0.0,0.0
2023-08-14 09:30:00-04:00,2.2300000190734863,2.359999895095825,2.200000047683716,2.3454999923706055,0,0.0,0.0
2023-08-14 10:30:00-04:00,2.3090999126434326,2.3090999126434326,2.2019999027252197,2.2019999027252197,1909,0.0,0.0
2023-08-14 11:30:00-04:00,2.299999952316284,2.299999952316284,2.119999885559082,2.119999885559082,17117,0.0,0.0
2023-08-14 12:30:00-04:00,2.1259000301361084,2.2397000789642334,2.1259000301361084,2.1700000762939453,3062,0.0,0.0
2023-08-14 13:30:00-04:00,2.160099983215332,2.200000047683716,2.1600000858306885,2.1600000858306885,5587,0.0,0.0
2023-08-14 14:30:00-04:00,2.2100000381469727,2.2200000286102295,2.1600000858306885,2.190000057220459,8919,0.0,0.0
2023-08-14 15:30:00-04:00,2.1600000858306885,2.180000066757202,2.130000114440918,2.130000114440918,3788,0.0,0.0
2023-08-15 09:30:00-04:00,2.2298998832702637,2.2298998832702637,2.140000104904175,2.140000104904175,5181,0.0,0.0
2023-08-15 11:30:00-04:00,2.1700000762939453,2.1700000762939453,2.1700000762939453,2.1700000762939453,398,0.0,0.0
2023-08-15 12:30:00-04:00,2.200000047683716,2.219899892807007,2.140000104904175,2.140000104904175,9185,0.0,0.0
2023-08-15 13:30:00-04:00,2.140000104904175,2.1882998943328857,2.140000104904175,2.140000104904175,1498,0.0,0.0
2023-08-15 14:30:00-04:00,2.140000104904175,2.199700117111206,2.130000114440918,2.130000114440918,4351,0.0,0.0
2023-08-15 15:30:00-04:00,2.130000114440918,2.1649999618530273,2.119999885559082,2.140000104904175,4186,0.0,0.0
2023-08-16 09:30:00-04:00,2.190000057220459,2.200000047683716,2.1600000858306885,2.190000057220459,3179,0.0,0.0
2023-08-16 10:30:00-04:00,2.1798999309539795,2.1798999309539795,2.1798999309539795,2.1798999309539795,363,0.0,0.0
2023-08-16 11:30:00-04:00,2.1600000858306885,2.164099931716919,2.0999999046325684,2.1600000858306885,6084,0.0,0.0
2023-08-16 12:30:00-04:00,2.109999895095825,2.109999895095825,2.109999895095825,2.109999895095825,1174,0.0,0.0
2023-08-16 13:30:00-04:00,2.109999895095825,2.109999895095825,2.109999895095825,2.109999895095825,381,0.0,0.0
2023-08-16 14:30:00-04:00,2.180000066757202,2.180000066757202,2.140000104904175,2.180000066757202,1534,0.0,0.0
2023-08-16 15:30:00-04:00,2.1500000953674316,2.180000066757202,2.140000104904175,2.1500000953674316,2554,0.0,0.0
2023-08-17 09:30:00-04:00,2.180000066757202,2.180000066757202,2.109999895095825,2.109999895095825,987,0.0,0.0
2023-08-17 10:30:00-04:00,2.100100040435791,2.180000066757202,2.100100040435791,2.1700000762939453,6086,0.0,0.0
2023-08-17 11:30:00-04:00,2.1700000762939453,2.1700000762939453,2.1700000762939453,2.1700000762939453,144,0.0,0.0
2023-08-17 12:30:00-04:00,2.1533000469207764,2.1700000762939453,2.1533000469207764,2.1549999713897705,1057,0.0,0.0
2023-08-17 13:30:00-04:00,2.1700000762939453,2.180000066757202,2.1700000762939453,2.180000066757202,379,0.0,0.0
2023-08-17 14:30:00-04:00,2.1700000762939453,2.1700000762939453,2.130000114440918,2.130000114440918,5028,0.0,0.0
2023-08-17 15:30:00-04:00,2.1600000858306885,2.1700000762939453,2.130000114440918,2.130000114440918,2167,0.0,0.0
2023-08-18 09:30:00-04:00,2.130000114440918,2.1910998821258545,2.1087000370025635,2.1087000370025635,1366,0.0,0.0
2023-08-18 10:30:00-04:00,2.140000104904175,2.140000104904175,2.1189000606536865,2.1189000606536865,1494,0.0,0.0
2023-08-18 11:30:00-04:00,2.0999999046325684,2.140000104904175,2.069999933242798,2.069999933242798,13867,0.0,0.0
2023-08-18 12:30:00-04:00,2.140000104904175,2.140000104904175,2.140000104904175,2.140000104904175,1623,0.0,0.0
2023-08-18 13:30:00-04:00,2.140000104904175,2.140000104904175,2.1050000190734863,2.1050000190734863,439,0.0,0.0
2023-08-18 14:30:00-04:00,2.109999895095825,2.130000114440918,2.0999999046325684,2.130000114440918,1674,0.0,0.0
2023-08-18 15:30:00-04:00,2.109999895095825,2.1700000762939453,2.109999895095825,2.1700000762939453,2100,0.0,0.0
2023-08-21 09:30:00-04:00,2.140000104904175,2.140000104904175,2.140000104904175,2.140000104904175,0,0.0,0.0
2023-08-21 10:30:00-04:00,2.059999942779541,2.174999952316284,2.059999942779541,2.1689999103546143,715,0.0,0.0
2023-08-21 11:30:00-04:00,2.1700000762939453,2.1700000762939453,2.0799999237060547,2.109999895095825,423,0.0,0.0
2023-08-21 12:30:00-04:00,2.130000114440918,2.130000114440918,2.069999933242798,2.0701000690460205,5383,0.0,0.0
2023-08-21 13:30:00-04:00,2.0701000690460205,2.119800090789795,2.0701000690460205,2.119800090789795,1150,0.0,0.0
2023-08-21 14:30:00-04:00,2.140000104904175,2.140000104904175,2.0899999141693115,2.0899999141693115,4563,0.0,0.0
2023-08-21 15:30:00-04:00,2.049999952316284,2.049999952316284,2.0,2.0,4974,0.0,0.0
2023-08-22 09:30:00-04:00,2.1798999309539795,2.1798999309539795,2.049999952316284,2.1407999992370605,1117,0.0,0.0
2023-08-22 10:30:00-04:00,2.069999933242798,2.069999933242798,2.0687999725341797,2.0687999725341797,414,0.0,0.0
2023-08-22 11:30:00-04:00,2.049999952316284,2.119800090789795,2.049999952316284,2.119800090789795,4786,0.0,0.0
2023-08-22 12:30:00-04:00,2.050100088119507,2.109999895095825,2.049999952316284,2.0850000381469727,6823,0.0,0.0
2023-08-22 13:30:00-04:00,2.1098999977111816,2.1098999977111816,2.0201001167297363,2.0201001167297363,1333,0.0,0.0
2023-08-22 14:30:00-04:00,2.0,2.0999999046325684,2.0,2.0899999141693115,1086,0.0,0.0
2023-08-22 15:30:00-04:00,2.0950000286102295,2.0999999046325684,2.0799999237060547,2.0899999141693115,0,0.0,0.0
2023-08-23 09:30:00-04:00,2.015700101852417,2.0799999237060547,2.015700101852417,2.035099983215332,1619,0.0,0.0
2023-08-23 10:30:00-04:00,2.0201001167297363,2.0201001167297363,2.0201001167297363,2.0201001167297363,926,0.0,0.0
2023-08-23 11:30:00-04:00,2.0199999809265137,2.130000114440918,2.0199999809265137,2.039099931716919,10621,0.0,0.0
2023-08-23 12:30:00-04:00,2.119999885559082,2.130000114440918,2.109999895095825,2.130000114440918,4752,0.0,0.0
2023-08-23 13:30:00-04:00,2.084700107574463,2.130000114440918,2.084700107574463,2.1050000190734863,997,0.0,0.0
2023-08-23 14:30:00-04:00,2.1298999786376953,2.130000114440918,2.115000009536743,2.130000114440918,29483,0.0,0.0
2023-08-23 15:30:00-04:00,2.140000104904175,2.140000104904175,2.0299999713897705,2.049999952316284,14543,0.0,0.0
2023-08-24 09:30:00-04:00,2.0666000843048096,2.0666000843048096,2.009999990463257,2.009999990463257,0,0.0,0.0
2023-08-24 10:30:00-04:00,2.049999952316284,2.049999952316284,2.049999952316284,2.049999952316284,2788,0.0,0.0
2023-08-24 11:30:00-04:00,2.069999933242798,2.130000114440918,2.069999933242798,2.119999885559082,8758,0.0,0.0
2023-08-24 14:30:00-04:00,2.0199999809265137,2.0199999809265137,2.0199999809265137,2.0199999809265137,459,0.0,0.0
2023-08-24 15:30:00-04:00,2.059999942779541,2.115000009536743,2.0199999809265137,2.0999999046325684,2588,0.0,0.0
2023-08-25 09:30:00-04:00,2.0999999046325684,2.119999885559082,2.049999952316284,2.049999952316284,1417,0.0,0.0
2023-08-25 10:30:00-04:00,2.0510001182556152,2.0999999046325684,2.009999990463257,2.009999990463257,6184,0.0,0.0
2023-08-25 11:30:00-04:00,2.009999990463257,2.0199999809265137,2.009999990463257,2.009999990463257,5635,0.0,0.0
2023-08-25 12:30:00-04:00,2.065000057220459,2.109999895095825,2.009999990463257,2.009999990463257,3125,0.0,0.0
2023-08-25 13:30:00-04:00,2.009999990463257,2.0199999809265137,2.0,2.0,2758,0.0,0.0
2023-08-25 14:30:00-04:00,2.0999999046325684,2.0999999046325684,2.0,2.0,5163,0.0,0.0
2023-08-25 15:30:00-04:00,2.0399999618530273,2.0999999046325684,2.0,2.0,5540,0.0,0.0
2023-08-28 09:30:00-04:00,2.0799999237060547,2.1098999977111816,2.0799999237060547,2.1098999977111816,972,0.0,0.0
2023-08-28 10:30:00-04:00,2.109999895095825,2.109999895095825,2.0399999618530273,2.0399999618530273,858,0.0,0.0
2023-08-28 11:30:00-04:00,2.069999933242798,2.0999999046325684,2.030100107192993,2.0999999046325684,2952,0.0,0.0
2023-08-28 12:30:00-04:00,2.0999999046325684,2.0999999046325684,2.0999999046325684,2.0999999046325684,950,0.0,0.0
2023-08-28 13:30:00-04:00,2.0,2.0799999237060547,2.0,2.0799999237060547,2035,0.0,0.0
2023-08-28 14:30:00-04:00,2.039900064468384,2.0799999237060547,2.020699977874756,2.0399999618530273,5161,0.0,0.0
2023-08-28 15:30:00-04:00,2.0892999172210693,2.0899999141693115,2.0199999809265137,2.0199999809265137,1566,0.0,0.0
2023-08-29 09:30:00-04:00,2.059999942779541,2.059999942779541,2.059999942779541,2.059999942779541,297,0.0,0.0
2023-08-29 10:30:00-04:00,2.0399999618530273,2.0899999141693115,2.0399999618530273,2.0799999237060547,2759,0.0,0.0
2023-08-29 11:30:00-04:00,2.0799999237060547,2.109999895095825,2.0799999237060547,2.109999895095825,1616,0.0,0.0
2023-08-29 12:30:00-04:00,2.1050000190734863,2.130000114440918,2.1050000190734863,2.130000114440918,2466,0.0,0.0
2023-08-29 13:30:00-04:00,2.134999990463257,2.140000104904175,2.049999952316284,2.140000104904175,4820,0.0,0.0
2023-08-29 14:30:00-04:00,2.130000114440918,2.130000114440918,2.0899999141693115,2.0899999141693115,627,0.0,0.0
2023-08-29 15:30:00-04:00,2.0810000896453857,2.140000104904175,2.059999942779541,2.140000104904175,4496,0.0,0.0
2023-08-30 09:30:00-04:00,2.0799999237060547,2.140000104904175,2.0618999004364014,2.140000104904175,2367,0.0,0.0
2023-08-30 10:30:00-04:00,2.140000104904175,2.140000104904175,2.109999895095825,2.119999885559082,995,0.0,0.0
2023-08-30 11:30:00-04:00,2.1010000705718994,2.1010000705718994,2.0999999046325684,2.0999999046325684,1061,0.0,0.0
2023-08-30 12:30:00-04:00,2.140000104904175,2.140000104904175,2.109999895095825,2.109999895095825,2244,0.0,0.0
2023-08-30 14:30:00-04:00,2.130000114440918,2.130000114440918,2.130000114440918,2.130000114440918,403,0.0,0.0
2023-08-30 15:30:00-04:00,2.130000114440918,2.1600000858306885,2.059999942779541,2.1600000858306885,26091,0.0,0.0
2023-08-31 09:30:00-04:00,2.109999895095825,2.125,2.0399999618530273,2.125,4810,0.0,0.0
2023-08-31 13:30:00-04:00,2.130000114440918,2.130000114440918,2.130000114440918,2.130000114440918,134,0.0,0.0
2023-08-31 14:30:00-04:00,2.119999885559082,2.140000104904175,2.063999891281128,2.063999891281128,3824,0.0,0.0
2023-08-31 15:30:00-04:00,2.0799999237060547,2.0899999141693115,2.069999933242798,2.069999933242798,6699,0.0,0.0
2023-09-01 09:30:00-04:00,2.0899999141693115,2.1600000858306885,2.0899999141693115,2.1600000858306885,451,0.0,0.0
2023-09-01 10:30:00-04:00,2.119999885559082,2.1600000858306885,2.119999885559082,2.1600000858306885,519,0.0,0.0
2023-09-01 11:30:00-04:00,2.1600000858306885,2.1600000858306885,2.059999942779541,2.1500000953674316,4079,0.0,0.0
2023-09-01 12:30:00-04:00,2.130000114440918,2.1600000858306885,2.130000114440918,2.1600000858306885,8542,0.0,0.0
2023-09-01 13:30:00-04:00,2.152899980545044,2.1600000858306885,2.1449999809265137,2.1566998958587646,2107,0.0,0.0
2023-09-01 14:30:00-04:00,2.1600000858306885,2.1600000858306885,2.140000104904175,2.1429998874664307,3820,0.0,0.0
2023-09-01 15:30:00-04:00,2.1500000953674316,2.1500000953674316,2.0999999046325684,2.1500000953674316,14581,0.0,0.0
2023-09-05 09:30:00-04:00,2.119999885559082,2.161900043487549,2.119999885559082,2.130000114440918,0,0.0,0.0
2023-09-05 10:30:00-04:00,2.109999895095825,2.119999885559082,2.109999895095825,2.119999885559082,1037,0.0,0.0
2023-09-05 12:30:00-04:00,2.16129994392395,2.1700000762939453,2.1600000858306885,2.1700000762939453,1763,0.0,0.0
2023-09-05 13:30:00-04:00,2.1600000858306885,2.1700000762939453,2.130000114440918,2.130000114440918,5909,0.0,0.0
2023-09-05 14:30:00-04:00,2.1600000858306885,2.1600000858306885,2.0510001182556152,2.1600000858306885,5954,0.0,0.0
2023-09-05 15:30:00-04:00,2.1600000858306885,2.1700000762939453,2.1600000858306885,2.1700000762939453,1458,0.0,0.0
2023-09-06 09:30:00-04:00,2.1700000762939453,2.1700000762939453,2.059999942779541,2.071000099182129,3374,0.0,0.0
2023-09-06 10:30:00-04:00,2.0820000171661377,2.1700000762939453,2.0799999237060547,2.1700000762939453,4901,0.0,0.0
2023-09-06 11:30:00-04:00,2.140000104904175,2.140000104904175,2.140000104904175,2.140000104904175,680,0.0,0.0
2023-09-06 12:30:00-04:00,2.0899999141693115,2.140000104904175,2.0899999141693115,2.119999885559082,1604,0.0,0.0
2023-09-06 13:30:00-04:00,2.119999885559082,2.1500000953674316,2.0899999141693115,2.125,2957,0.0,0.0
2023-09-06 14:30:00-04:00,2.1500000953674316,2.1500000953674316,2.069999933242798,2.1500000953674316,4712,0.0,0.0
2023-09-06 15:30:00-04:00,2.130000114440918,2.140000104904175,2.130000114440918,2.140000104904175,1967,0.0,0.0
2023-09-07 09:30:00-04:00,2.130000114440918,2.130000114440918,2.130000114440918,2.130000114440918,951,0.0,0.0
2023-09-07 10:30:00-04:00,2.140000104904175,2.140000104904175,2.0899999141693115,2.130000114440918,2493,0.0,0.0
2023-09-07 11:30:00-04:00,2.119999885559082,2.119999885559082,2.0799999237060547,2.0799999237060547,1959,0.0,0.0
2023-09-07 12:30:00-04:00,2.119999885559082,2.119999885559082,2.119999885559082,2.119999885559082,1784,0.0,0.0
2023-09-07 13:30:00-04:00,2.119999885559082,2.119999885559082,2.119999885559082,2.119999885559082,320,0.0,0.0
2023-09-07 14:30:00-04:00,2.130000114440918,2.140000104904175,2.0799999237060547,2.140000104904175,2584,0.0,0.0
2023-09-07 15:30:00-04:00,2.119999885559082,2.1500000953674316,2.109999895095825,2.109999895095825,4135,0.0,0.0
2023-09-08 09:30:00-04:00,2.109999895095825,2.109999895095825,2.109999895095825,2.109999895095825,127,0.0,0.0
2023-09-08 10:30:00-04:00,2.04010009765625,2.04010009765625,2.04010009765625,2.04010009765625,2852,0.0,0.0
2023-09-08 12:30:00-04:00,2.119999885559082,2.119999885559082,2.119999885559082,2.119999885559082,154,0.0,0.0
2023-09-08 13:30:00-04:00,2.111799955368042,2.111799955368042,2.111799955368042,2.111799955368042,300,0.0,0.0
2023-09-08 14:30:00-04:00,2.0999999046325684,2.0999999046325684,2.078000068664551,2.078000068664551,604,0.0,0.0
2023-09-08 15:30:00-04:00,2.0999999046325684,2.0999999046325684,2.069999933242798,2.0850000381469727,5344,0.0,0.0
2023-09-11 09:30:00-04:00,2.0799999237060547,2.140000104904175,2.0399999618530273,2.140000104904175,3373,0.0,0.0
2023-09-11 10:30:00-04:00,2.0999999046325684,2.140000104904175,2.0999999046325684,2.140000104904175,1654,0.0,0.0
2023-09-11 11:30:00-04:00,2.140000104904175,2.1500000953674316,2.140000104904175,2.1500000953674316,2473,0.0,0.0
2023-09-11 12:30:00-04:00,2.123199939727783,2.1700000762939453,2.123199939727783,2.1600000858306885,29473,0.0,0.0
2023-09-11 13:30:00-04:00,2.1700000762939453,2.1700000762939453,2.109999895095825,2.1500000953674316,11210,0.0,0.0
2023-09-11 14:30:00-04:00,2.0999999046325684,2.1600000858306885,2.0999999046325684,2.1500000953674316,1903,0.0,0.0
2023-09-11 15:30:00-04:00,2.119999885559082,2.1549999713897705,2.109999895095825,2.109999895095825,2318,0.0,0.0
2023-09-12 09:30:00-04:00,2.130000114440918,2.1500000953674316,2.0999999046325684,2.1500000953674316,2904,0.0,0.0
2023-09-12 10:30:00-04:00,2.1500000953674316,2.1500000953674316,2.119999885559082,2.1500000953674316,1987,0.0,0.0
2023-09-12 11:30:00-04:00,2.140000104904175,2.1500000953674316,2.130000114440918,2.147700071334839,1101,0.0,0.0
2023-09-12 12:30:00-04:00,2.1500000953674316,2.1500000953674316,2.130000114440918,2.1500000953674316,2936,0.0,0.0
2023-09-12 13:30:00-04:00,2.1500000953674316,2.1500000953674316,2.1500000953674316,2.1500000953674316,665,0.0,0.0
2023-09-12 14:30:00-04:00,2.130000114440918,2.1500000953674316,2.130000114440918,2.140000104904175,3532,0.0,0.0
2023-09-12 15:30:00-04:00,2.1500000953674316,2.1500000953674316,2.0799999237060547,2.1500000953674316,3942,0.0,0.0
2023-09-13 09:30:00-04:00,2.119999885559082,2.119999885559082,2.04010009765625,2.103300094604492,10789,0.0,0.0
2023-09-13 11:30:00-04:00,2.140000104904175,2.180000066757202,2.140000104904175,2.1700000762939453,1164,0.0,0.0
2023-09-13 12:30:00-04:00,2.1500000953674316,2.1700000762939453,2.1500000953674316,2.1700000762939453,2171,0.0,0.0
2023-09-13 13:30:00-04:00,2.1500000953674316,2.1600000858306885,2.130000114440918,2.1500000953674316,5207,0.0,0.0
2023-09-13 14:30:00-04:00,2.1600000858306885,2.1600000858306885,2.0999999046325684,2.119999885559082,2652,0.0,0.0
2023-09-13 15:30:00-04:00,2.119999885559082,2.119999885559082,2.0850000381469727,2.119999885559082,3004,0.0,0.0
2023-09-14 09:30:00-04:00,2.049999952316284,2.049999952316284,2.049999952316284,2.049999952316284,420,0.0,0.0
2023-09-14 10:30:00-04:00,2.1050000190734863,2.1050000190734863,2.1050000190734863,2.1050000190734863,621,0.0,0.0
2023-09-14 12:30:00-04:00,2.050100088119507,2.155100107192993,2.050100088119507,2.155100107192993,21040,0.0,0.0
2023-09-14 13:30:00-04:00,2.1389000415802,2.1389000415802,2.1389000415802,2.1389000415802,580,0.0,0.0
2023-09-14 14:30:00-04:00,2.069999933242798,2.140000104904175,2.069999933242798,2.069999933242798,5272,0.0,0.0
2023-09-14 15:30:00-04:00,2.059999942779541,2.0899999141693115,2.049999952316284,2.059999942779541,2923,0.0,0.0
2023-09-15 09:30:00-04:00,2.049999952316284,2.050100088119507,2.0,2.0,2411,0.0,0.0
2023-09-15 10:30:00-04:00,2.009999990463257,2.049999952316284,2.0002999305725098,2.049999952316284,618,0.0,0.0
2023-09-15 12:30:00-04:00,2.0144999027252197,2.0144999027252197,2.0100998878479004,2.0100998878479004,548,0.0,0.0
2023-09-15 14:30:00-04:00,2.0464999675750732,2.049999952316284,2.0299999713897705,2.0299999713897705,1473,0.0,0.0
2023-09-15 15:30:00-04:00,2.0199999809265137,2.0299999713897705,2.009999990463257,2.009999990463257,9424,0.0,0.0
2023-09-18 09:30:00-04:00,2.009999990463257,2.0202999114990234,2.0,2.0202999114990234,4035,0.0,0.0
2023-09-18 10:30:00-04:00,2.0199999809265137,2.0290000438690186,2.0199999809265137,2.0290000438690186,740,0.0,0.0
2023-09-18 12:30:00-04:00,2.009999990463257,2.009999990463257,2.009999990463257,2.009999990463257,394,0.0,0.0
2023-09-18 13:30:00-04:00,2.019399881362915,2.019399881362915,2.019399881362915,2.019399881362915,617,0.0,0.0
2023-09-18 15:30:00-04:00,2.0250000953674316,2.0250000953674316,1.9800000190734863,1.9800000190734863,2436,0.0,0.0
2023-09-19 09:30:00-04:00,1.9600000381469727,2.022200107574463,1.9500999450683594,2.022200107574463,2429,0.0,0.0
2023-09-19 10:30:00-04:00,2.0,2.059999942779541,2.0,2.0299999713897705,2837,0.0,0.0
2023-09-19 11:30:00-04:00,2.0299999713897705,2.0299999713897705,2.0299999713897705,2.0299999713897705,618,0.0,0.0
2023-09-19 12:30:00-04:00,2.0453999042510986,2.069999933242798,2.0100998878479004,2.0199999809265137,5191,0.0,0.0
2023-09-19 13:30:00-04:00,2.054800033569336,2.059999942779541,2.049999952316284,2.049999952316284,1024,0.0,0.0
2023-09-19 14:30:00-04:00,2.0332999229431152,2.049999952316284,2.0332999229431152,2.049999952316284,1556,0.0,0.0
2023-09-19 15:30:00-04:00,2.0548999309539795,2.069999933242798,2.0399999618530273,2.069999933242798,3865,0.0,0.0
2023-09-20 10:30:00-04:00,2.0199999809265137,2.0199999809265137,2.0199999809265137,2.0199999809265137,253,0.0,0.0
2023-09-20 11:30:00-04:00,2.0199999809265137,2.049999952316284,1.9900000095367432,2.049999952316284,3496,0.0,0.0
2023-09-20 13:30:00-04:00,2.065700054168701,2.065700054168701,1.9997999668121338,1.9997999668121338,1064,0.0,0.0
2023-09-20 15:30:00-04:00,2.069999933242798,2.069999933242798,2.069999933242798,2.069999933242798,851,0.0,0.0
2023-09-21 09:30:00-04:00,2.0199999809265137,2.0299999713897705,1.9700000286102295,2.0299999713897705,0,0.0,0.0
2023-09-21 10:30:00-04:00,2.0745999813079834,2.0745999813079834,2.065200090408325,2.065200090408325,531,0.0,0.0
2023-09-21 11:30:00-04:00,2.030100107192993,2.030100107192993,2.030100107192993,2.030100107192993,514,0.0,0.0
2023-09-21 14:30:00-04:00,2.059999942779541,2.059999942779541,2.059999942779541,2.059999942779541,197,0.0,0.0
2023-09-21 15:30:00-04:00,2.049999952316284,2.049999952316284,2.0299999713897705,2.0299999713897705,6684,0.0,0.0
2023-09-22 09:30:00-04:00,2.0399999618530273,2.0399999618530273,2.0399999618530273,2.0399999618530273,747,0.0,0.0
2023-09-22 11:30:00-04:00,2.049999952316284,2.049999952316284,2.0399999618530273,2.0399999618530273,640,0.0,0.0
2023-09-22 12:30:00-04:00,2.059999942779541,2.059999942779541,2.059999942779541,2.059999942779541,1869,0.0,0.0
2023-09-22 13:30:00-04:00,2.04010009765625,2.04010009765625,2.04010009765625,2.04010009765625,399,0.0,0.0
2023-09-22 15:30:00-04:00,2.059999942779541,2.059999942779541,2.0399999618530273,2.059999942779541,4754,0.0,0.0
2023-09-25 09:30:00-04:00,2.0199999809265137,2.0899999141693115,2.0199999809265137,2.059999942779541,9321,0.0,0.0
2023-09-25 11:30:00-04:00,2.0399999618530273,2.042799949645996,2.0299999713897705,2.0299999713897705,1778,0.0,0.0
2023-09-25 12:30:00-04:00,2.0199999809265137,2.0299999713897705,2.015199899673462,2.015199899673462,3334,0.0,0.0
2023-09-25 13:30:00-04:00,2.0299999713897705,2.0299999713897705,2.0299999713897705,2.0299999713897705,395,0.0,0.0
2023-09-25 14:30:00-04:00,2.009999990463257,2.0399999618530273,2.009999990463257,2.0399999618530273,2089,0.0,0.0
2023-09-25 15:30:00-04:00,2.0327000617980957,2.0327000617980957,1.9900000095367432,2.009999990463257,2563,0.0,0.0
2023-09-26 09:30:00-04:00,2.0399999618530273,2.0399999618530273,2.0399999618530273,2.0399999618530273,233,0.0,0.0
2023-09-26 10:30:00-04:00,2.0799999237060547,2.0799999237060547,2.0799999237060547,2.0799999237060547,500,0.0,0.0
2023-09-26 11:30:00-04:00,2.0799999237060547,2.0799999237060547,2.0799999237060547,2.0799999237060547,988,0.0,0.0
2023-09-26 12:30:00-04:00,2.065000057220459,2.065000057220459,2.065000057220459,2.065000057220459,125,0.0,0.0
2023-09-26 13:30:00-04:00,2.0624001026153564,2.069999933242798,2.0624001026153564,2.069999933242798,600,0.0,0.0
2023-09-26 14:30:00-04:00,2.062999963760376,2.062999963760376,2.062999963760376,2.062999963760376,309,0.0,0.0
2023-09-26 15:30:00-04:00,2.0799999237060547,2.0799999237060547,2.059999942779541,2.069999933242798,5228,0.0,0.0
2023-09-27 09:30:00-04:00,2.069999933242798,2.0799999237060547,2.069999933242798,2.0799999237060547,1361,0.0,0.0
2023-09-27 10:30:00-04:00,2.0899999141693115,2.1050000190734863,2.075000047683716,2.0799999237060547,8899,0.0,0.0
2023-09-27 11:30:00-04:00,2.069999933242798,2.070199966430664,2.069999933242798,2.069999933242798,7419,0.0,0.0
2023-09-27 12:30:00-04:00,2.0332999229431152,2.0332999229431152,2.0332999229431152,2.0332999229431152,644,0.0,0.0
2023-09-27 14:30:00-04:00,2.050100088119507,2.050100088119507,2.050100088119507,2.050100088119507,2179,0.0,0.0
2023-09-27 15:30:00-04:00,2.069999933242798,2.069999933242798,2.069999933242798,2.069999933242798,3220,0.0,0.0
2023-09-28 09:30:00-04:00,2.069999933242798,2.0799999237060547,2.065000057220459,2.065000057220459,2372,0.0,0.0
2023-09-28 10:30:00-04:00,2.0541999340057373,2.0541999340057373,2.0541999340057373,2.0541999340057373,940,0.0,0.0
2023-09-28 11:30:00-04:00,2.049999952316284,2.052000045776367,2.0,2.0350000858306885,6253,0.0,0.0
2023-09-28 12:30:00-04:00,2.049999952316284,2.049999952316284,2.049999952316284,2.049999952316284,170,0.0,0.0
2023-09-28 13:30:00-04:00,2.0485999584198,2.0485999584198,2.0485999584198,2.0485999584198,152,0.0,0.0
2023-09-28 14:30:00-04:00,2.049999952316284,2.049999952316284,1.9900000095367432,1.9900000095367432,4351,0.0,0.0
2023-09-28 15:30:00-04:00,1.9900000095367432,2.0,1.9800000190734863,1.9800000190734863,2742,0.0,0.0
2023-09-29 10:30:00-04:00,1.9670000076293945,1.9670000076293945,1.9670000076293945,1.9670000076293945,1230,0.0,0.0
2023-09-29 11:30:00-04:00,1.9800000190734863,1.9900000095367432,1.9600000381469727,1.9900000095367432,4878,0.0,0.0
2023-09-29 13:30:00-04:00,2.0199999809265137,2.0199999809265137,2.0199999809265137,2.0199999809265137,425,0.0,0.0
2023-09-29 14:30:00-04:00,2.0299999713897705,2.0299999713897705,2.005000114440918,2.005000114440918,772,0.0,0.0
2023-09-29 15:30:00-04:00,2.0,2.069999933242798,2.0,2.0399999618530273,6700,0.0,0.0
2023-10-02 11:30:00-04:00,2.0,2.0,1.9600000381469727,1.9600000381469727,1094,0.0,0.0
2023-10-02 12:30:00-04:00,1.9700000286102295,2.0,1.9600000381469727,2.0,2609,0.0,0.0
2023-10-02 13:30:00-04:00,1.9600000381469727,2.049999952316284,1.9600000381469727,2.0399999618530273,1783,0.0,0.0
2023-10-02 14:30:00-04:00,1.9600000381469727,2.0064001083374023,1.9600000381469727,2.0064001083374023,614,0.0,0.0
2023-10-02 15:30:00-04:00,2.009999990463257,2.0199999809265137,1.9800000190734863,2.0199999809265137,866,0.0,0.0
2023-10-03 09:30:00-04:00,2.0483999252319336,2.0599000453948975,1.9989999532699585,2.0599000453948975,3120,0.0,0.0
2023-10-03 10:30:00-04:00,2.0216000080108643,2.0216000080108643,2.0216000080108643,2.0216000080108643,305,0.0,0.0
2023-10-03 11:30:00-04:00,1.9800000190734863,2.0299999713897705,1.9800000190734863,2.0299999713897705,256,0.0,0.0
2023-10-03 12:30:00-04:00,2.0299999713897705,2.0299999713897705,2.0299999713897705,2.0299999713897705,321,0.0,0.0
2023-10-03 14:30:00-04:00,2.0299999713897705,2.0299999713897705,2.005000114440918,2.0299999713897705,5080,0.0,0.0
2023-10-03 15:30:00-04:00,2.0299999713897705,2.0299999713897705,2.0048000812530518,2.0299999713897705,9260,0.0,0.0
2023-10-04 10:30:00-04:00,2.049999952316284,2.164900064468384,2.049999952316284,2.1517999172210693,126628,0.0,0.0
2023-10-04 11:30:00-04:00,2.190000057220459,2.449899911880493,2.190000057220459,2.309999942779541,38797,0.0,0.0
2023-10-04 12:30:00-04:00,2.3299999237060547,2.4100000858306885,2.319999933242798,2.4000000953674316,7807,0.0,0.0
2023-10-04 13:30:00-04:00,2.380000114440918,2.390000104904175,2.3399999141693115,2.3598999977111816,5362,0.0,0.0
2023-10-04 14:30:00-04:00,2.3299999237060547,2.397599935531616,2.309999942779541,2.309999942779541,7385,0.0,0.0
2023-10-04 15:30:00-04:00,2.305000066757202,2.3399999141693115,2.174999952316284,2.309999942779541,19985,0.0,0.0
2023-10-05 09:30:00-04:00,2.2899999618530273,2.2899999618530273,2.1702001094818115,2.1702001094818115,3774,0.0,0.0
2023-10-05 10:30:00-04:00,2.2950000762939453,2.2950000762939453,2.2249999046325684,2.2249999046325684,600,0.0,0.0
2023-10-05 11:30:00-04:00,2.309999942779541,2.309999942779541,2.309999942779541,2.309999942779541,671,0.0,0.0
2023-10-05 12:30:00-04:00,2.309999942779541,2.309999942779541,2.309999942779541,2.309999942779541,236,0.0,0.0
2023-10-05 13:30:00-04:00,2.319999933242798,2.372999906539917,2.319999933242798,2.319999933242798,9026,0.0,0.0
2023-10-05 14:30:00-04:00,2.3550000190734863,2.359999895095825,2.0899999141693115,2.174499988555908,26871,0.0,0.0
2023-10-05 15:30:00-04:00,2.2799999713897705,2.3399999141693115,2.2049999237060547,2.259999990463257,8373,0.0,0.0
2023-10-06 09:30:00-04:00,2.2300000190734863,2.2300000190734863,2.2300000190734863,2.2300000190734863,321,0.0,0.0
2023-10-06 10:30:00-04:00,2.240000009536743,2.240000009536743,2.180000066757202,2.2200000286102295,8224,0.0,0.0
2023-10-06 11:30:00-04:00,2.25,2.2939999103546143,2.25,2.2699999809265137,2423,0.0,0.0
2023-10-06 12:30:00-04:00,2.2699999809265137,2.2699999809265137,2.2699999809265137,2.2699999809265137,356,0.0,0.0
2023-10-06 13:30:00-04:00,2.299999952316284,2.299999952316284,2.2799999713897705,2.2799999713897705,1483,0.0,0.0
2023-10-06 14:30:00-04:00,2.3213000297546387,2.3213000297546387,2.3213000297546387,2.3213000297546387,538,0.0,0.0
2023-10-06 15:30:00-04:00,2.319999933242798,2.3299999237060547,2.319999933242798,2.3299999237060547,804,0.0,0.0
2023-10-09 09:30:00-04:00,2.2899999618530273,2.2899999618530273,2.140700101852417,2.140700101852417,2139,0.0,0.0
2023-10-09 10:30:00-04:00,2.255000114440918,2.255000114440918,2.255000114440918,2.255000114440918,575,0.0,0.0
2023-10-09 11:30:00-04:00,2.305000066757202,2.305000066757202,2.302299976348877,2.302299976348877,479,0.0,0.0
2023-10-09 13:30:00-04:00,2.2899999618530273,2.319999933242798,2.2899999618530273,2.309999942779541,3533,0.0,0.0
2023-10-09 14:30:00-04:00,2.299999952316284,2.299999952316284,2.1600000858306885,2.1600000858306885,3654,0.0,0.0
2023-10-09 15:30:00-04:00,2.1500000953674316,2.2300000190734863,2.1500000953674316,2.2300000190734863,3559,0.0,0.0
2023-10-10 09:30:00-04:00,2.2300000190734863,2.2300000190734863,2.140000104904175,2.2200000286102295,4494,0.0,0.0
2023-10-10 10:30:00-04:00,2.1700000762939453,2.2799999713897705,2.1500000953674316,2.2799999713897705,4000,0.0,0.0
2023-10-10 11:30:00-04:00,2.2125000953674316,2.2699999809265137,2.2125000953674316,2.2699999809265137,565,0.0,0.0
2023-10-10 12:30:00-04:00,2.259999990463257,2.259999990463257,2.2300000190734863,2.2300000190734863,1830,0.0,0.0
2023-10-10 13:30:00-04:00,2.2716000080108643,2.2799999713897705,2.2716000080108643,2.2799999713897705,884,0.0,0.0
2023-10-10 14:30:00-04:00,2.2699999809265137,2.2699999809265137,2.2300000190734863,2.2300000190734863,1225,0.0,0.0
2023-10-10 15:30:00-04:00,2.234999895095825,2.234999895095825,2.130000114440918,2.130000114440918,3658,0.0,0.0
2023-10-11 09:30:00-04:00,2.140000104904175,2.268699884414673,2.063499927520752,2.268699884414673,2284,0.0,0.0
2023-10-11 10:30:00-04:00,2.2899999618530273,2.2899999618530273,2.2100000381469727,2.2100000381469727,1142,0.0,0.0
2023-10-11 11:30:00-04:00,2.200000047683716,2.2899999618530273,2.190000057220459,2.190000057220459,723,0.0,0.0
2023-10-11 12:30:00-04:00,2.130000114440918,2.190000057220459,2.130000114440918,2.130000114440918,657,0.0,0.0
2023-10-11 13:30:00-04:00,2.190000057220459,2.190000057220459,2.190000057220459,2.190000057220459,426,0.0,0.0
2023-10-11 14:30:00-04:00,2.145699977874756,2.2100000381469727,2.119999885559082,2.1600000858306885,27448,0.0,0.0
2023-10-11 15:30:00-04:00,2.180000066757202,2.240000009536743,2.140000104904175,2.240000009536743,3602,0.0,0.0
2023-10-12 09:30:00-04:00,2.180000066757202,2.180000066757202,2.109999895095825,2.109999895095825,1383,0.0,0.0
2023-10-12 10:30:00-04:00,2.109999895095825,2.2100000381469727,2.109999895095825,2.119999885559082,6383,0.0,0.0
2023-10-12 11:30:00-04:00,2.140000104904175,2.140000104904175,2.140000104904175,2.140000104904175,189,0.0,0.0
2023-10-12 12:30:00-04:00,2.1700000762939453,2.2100000381469727,2.1700000762939453,2.2100000381469727,832,0.0,0.0
2023-10-12 13:30:00-04:00,2.180000066757202,2.190000057220459,2.1791000366210938,2.1791000366210938,1173,0.0,0.0
2023-10-12 14:30:00-04:00,2.1600000858306885,2.1600000858306885,2.1500000953674316,2.1500000953674316,1639,0.0,0.0
2023-10-12 15:30:00-04:00,2.130000114440918,2.130000114440918,2.059999942779541,2.059999942779541,2007,0.0,0.0
2023-10-13 09:30:00-04:00,2.049999952316284,2.049999952316284,2.049999952316284,2.049999952316284,1119,0.0,0.0
2023-10-13 10:30:00-04:00,2.049999952316284,2.069999933242798,2.049999952316284,2.069999933242798,721,0.0,0.0
2023-10-13 12:30:00-04:00,2.244999885559082,2.244999885559082,2.244999885559082,2.244999885559082,138,0.0,0.0
2023-10-13 13:30:00-04:00,2.2298998832702637,2.2298998832702637,2.200000047683716,2.200000047683716,440,0.0,0.0
2023-10-13 14:30:00-04:00,2.200000047683716,2.2000999450683594,2.1658999919891357,2.1658999919891357,3042,0.0,0.0
2023-10-13 15:30:00-04:00,2.2100000381469727,2.2200000286102295,2.180000066757202,2.180000066757202,1935,0.0,0.0
2023-10-16 09:30:00-04:00,2.2100000381469727,2.2100000381469727,2.2100000381469727,2.2100000381469727,1209,0.0,0.0
2023-10-16 10:30:00-04:00,2.240000009536743,2.240000009536743,2.2200000286102295,2.240000009536743,2160,0.0,0.0
2023-10-16 11:30:00-04:00,2.2200000286102295,2.240000009536743,2.2200000286102295,2.2300000190734863,483,0.0,0.0
2023-10-16 12:30:00-04:00,2.2200000286102295,2.256700038909912,2.190000057220459,2.190000057220459,3070,0.0,0.0
2023-10-16 13:30:00-04:00,2.190000057220459,2.240000009536743,2.190000057220459,2.190000057220459,1893,0.0,0.0
2023-10-16 14:30:00-04:00,2.1600000858306885,2.25,2.119999885559082,2.25,7427,0.0,0.0
2023-10-16 15:30:00-04:00,2.25,2.25,2.1649999618530273,2.25,2475,0.0,0.0
2023-10-17 10:30:00-04:00,2.240000009536743,2.240000009536743,2.2300000190734863,2.2300000190734863,2071,0.0,0.0
2023-10-17 11:30:00-04:00,2.259999990463257,2.309999942779541,2.259999990463257,2.309999942779541,6297,0.0,0.0
2023-10-17 12:30:00-04:00,2.319999933242798,2.3499999046325684,2.319999933242798,2.3499999046325684,2758,0.0,0.0
2023-10-17 13:30:00-04:00,2.3499999046325684,2.359999895095825,2.3350000381469727,2.3350000381469727,4366,0.0,0.0
2023-10-17 14:30:00-04:00,2.3399999141693115,2.365000009536743,2.3399999141693115,2.365000009536743,1698,0.0,0.0
2023-10-17 15:30:00-04:00,2.390000104904175,2.390000104904175,2.309999942779541,2.309999942779541,6469,0.0,0.0
2023-10-18 09:30:00-04:00,2.2300000190734863,2.2300000190734863,2.1600000858306885,2.1600000858306885,1699,0.0,0.0
2023-10-18 10:30:00-04:00,2.200000047683716,2.200000047683716,2.194999933242798,2.194999933242798,656,0.0,0.0
2023-10-18 11:30:00-04:00,2.190000057220459,2.200000047683716,2.184999942779541,2.200000047683716,4083,0.0,0.0
2023-10-18 12:30:00-04:00,2.180000066757202,2.180000066757202,2.180000066757202,2.180000066757202,226,0.0,0.0
2023-10-18 13:30:00-04:00,2.1800999641418457,2.1800999641418457,2.1800999641418457,2.1800999641418457,252,0.0,0.0
2023-10-18 14:30:00-04:00,2.200000047683716,2.200000047683716,2.180000066757202,2.200000047683716,942,0.0,0.0
2023-10-18 15:30:00-04:00,2.200000047683716,2.200000047683716,2.1700000762939453,2.1700000762939453,3485,0.0,0.0
2023-10-19 09:30:00-04:00,2.200000047683716,2.200000047683716,2.1846001148223877,2.1846001148223877,681,0.0,0.0
2023-10-19 10:30:00-04:00,2.1500000953674316,2.1500000953674316,2.109999895095825,2.109999895095825,1307,0.0,0.0
2023-10-19 11:30:00-04:00,2.1972999572753906,2.1972999572753906,2.1972999572753906,2.1972999572753906,0,0.0,0.0
2023-10-19 12:30:00-04:00,2.199899911880493,2.200000047683716,2.199899911880493,2.200000047683716,3070,0.0,0.0
2023-10-19 13:30:00-04:00,2.200000047683716,2.200000047683716,2.200000047683716,2.200000047683716,1320,0.0,0.0
2023-10-19 15:30:00-04:00,2.190000057220459,2.190000057220459,2.140000104904175,2.140000104904175,2609,0.0,0.0
2023-10-20 09:30:00-04:00,2.1700000762939453,2.1700000762939453,2.1700000762939453,2.1700000762939453,0,0.0,0.0
2023-10-20 12:30:00-04:00,2.190000057220459,2.190000057220459,2.130000114440918,2.1301000118255615,1869,0.0,0.0
2023-10-20 13:30:00-04:00,2.109999895095825,2.109999895095825,2.109999895095825,2.109999895095825,477,0.0,0.0
2023-10-20 14:30:00-04:00,2.109999895095825,2.110100030899048,2.0999999046325684,2.0999999046325684,2794,0.0,0.0
2023-10-20 15:30:00-04:00,2.109999895095825,2.109999895095825,2.0999999046325684,2.109999895095825,6015,0.0,0.0
2023-10-23 09:30:00-04:00,2.0899999141693115,2.0899999141693115,2.0899999141693115,2.0899999141693115,205,0.0,0.0
2023-10-23 10:30:00-04:00,2.084199905395508,2.0899999141693115,2.084199905395508,2.0899999141693115,8075,0.0,0.0
2023-10-23 11:30:00-04:00,2.0899999141693115,2.200000047683716,2.0894999504089355,2.190000057220459,2096,0.0,0.0
2023-10-23 12:30:00-04:00,2.1798999309539795,2.180000066757202,2.1700000762939453,2.180000066757202,8023,0.0,0.0
2023-10-23 13:30:00-04:00,2.190000057220459,2.190000057220459,2.0799999237060547,2.0801000595092773,4130,0.0,0.0
2023-10-23 14:30:00-04:00,2.109999895095825,2.109999895095825,2.109999895095825,2.109999895095825,577,0.0,0.0
2023-10-23 15:30:00-04:00,2.190000057220459,2.200000047683716,2.1700000762939453,2.1700000762939453,0,0.0,0.0
2023-10-24 09:30:00-04:00,2.1700000762939453,2.1700000762939453,2.1700000762939453,2.1700000762939453,562,0.0,0.0
2023-10-24 11:30:00-04:00,2.2200000286102295,2.255000114440918,2.200000047683716,2.244999885559082,3701,0.0,0.0
2023-10-24 12:30:00-04:00,2.2200000286102295,2.2200000286102295,2.216099977493286,2.216099977493286,942,0.0,0.0
2023-10-24 13:30:00-04:00,2.2200000286102295,2.2200000286102295,1.899999976158142,1.9199999570846558,26944,0.0,0.0
2023-10-24 14:30:00-04:00,1.9900000095367432,2.0,1.940000057220459,1.940000057220459,4701,0.0,0.0
2023-10-24 15:30:00-04:00,1.9900000095367432,1.9900000095367432,1.909999966621399,1.909999966621399,0,0.0,0.0
2023-10-25 09:30:00-04:00,2.0,2.0,1.9500000476837158,1.9550000429153442,3763,0.0,0.0
2023-10-25 10:30:00-04:00,1.955899953842163,2.119999885559082,1.9500000476837158,1.9900000095367432,7783,0.0,0.0
2023-10-25 11:30:00-04:00,2.0799999237060547,2.0799999237060547,2.057499885559082,2.057499885559082,1349,0.0,0.0
2023-10-25 12:30:00-04:00,2.0799999237060547,2.0799999237060547,2.0201001167297363,2.0299999713897705,1259,0.0,0.0
2023-10-25 13:30:00-04:00,2.0850000381469727,2.130000114440918,2.0399999618530273,2.0399999618530273,2440,0.0,0.0
2023-10-25 14:30:00-04:00,2.0371999740600586,2.059999942779541,2.0346999168395996,2.0346999168395996,2166,0.0,0.0
2023-10-25 15:30:00-04:00,2.0799999237060547,2.0799999237060547,2.069999933242798,2.0799999237060547,1863,0.0,0.0
2023-10-26 10:30:00-04:00,2.049999952316284,2.049999952316284,2.0399999618530273,2.0399999618530273,1016,0.0,0.0
2023-10-26 11:30:00-04:00,2.0899999141693115,2.109999895095825,2.0899999141693115,2.109999895095825,743,0.0,0.0
2023-10-26 12:30:00-04:00,2.071199893951416,2.0850000381469727,2.071199893951416,2.0850000381469727,2644,0.0,0.0
2023-10-26 13:30:00-04:00,2.095400094985962,2.109999895095825,2.0950000286102295,2.109999895095825,1782,0.0,0.0
2023-10-26 14:30:00-04:00,2.1700000762939453,2.1700000762939453,2.1700000762939453,2.1700000762939453,404,0.0,0.0
2023-10-26 15:30:00-04:00,2.240000009536743,2.240000009536743,2.1600000858306885,2.2100000381469727,1561,0.0,0.0
2023-10-27 09:30:00-04:00,2.190000057220459,2.190000057220459,2.1700000762939453,2.190000057220459,1661,0.0,0.0
2023-10-27 10:30:00-04:00,2.1700000762939453,2.1700000762939453,2.1500000953674316,2.1500000953674316,466,0.0,0.0
2023-10-27 11:30:00-04:00,2.174999952316284,2.200000047683716,2.109999895095825,2.200000047683716,815,0.0,0.0
2023-10-27 12:30:00-04:00,2.0999999046325684,2.1549999713897705,2.0999999046325684,2.1500000953674316,874,0.0,0.0
2023-10-27 13:30:00-04:00,2.109999895095825,2.1600000858306885,2.109999895095825,2.130000114440918,926,0.0,0.0
2023-10-27 14:30:00-04:00,2.134999990463257,2.134999990463257,2.0799999237060547,2.0999999046325684,856,0.0,0.0
2023-10-27 15:30:00-04:00,2.0799999237060547,2.0999999046325684,2.009999990463257,2.0899999141693115,10975,0.0,0.0
2023-10-30 09:30:00-04:00,2.059999942779541,2.0999999046325684,2.059999942779541,2.0799999237060547,0,0.0,0.0
2023-10-30 10:30:00-04:00,2.065000057220459,2.079900026321411,1.9700000286102295,2.079699993133545,18126,0.0,0.0
2023-10-30 11:30:00-04:00,2.075000047683716,2.0799999237060547,2.075000047683716,2.0799999237060547,533,0.0,0.0
2023-10-30 12:30:00-04:00,2.059999942779541,2.140000104904175,2.059999942779541,2.140000104904175,5020,0.0,0.0
2023-10-30 13:30:00-04:00,2.1500000953674316,2.200000047683716,2.1500000953674316,2.199899911880493,2225,0.0,0.0
2023-10-30 14:30:00-04:00,2.200000047683716,2.200000047683716,2.1649999618530273,2.180000066757202,1935,0.0,0.0
2023-10-30 15:30:00-04:00,2.180000066757202,2.200000047683716,2.180000066757202,2.200000047683716,3670,0.0,0.0
2023-10-31 10:30:00-04:00,2.1500000953674316,2.1700000762939453,2.140000104904175,2.1700000762939453,1080,0.0,0.0
2023-10-31 11:30:00-04:00,2.200000047683716,2.200000047683716,2.200000047683716,2.200000047683716,167,0.0,0.0
2023-10-31 13:30:00-04:00,2.199899911880493,2.200000047683716,2.109999895095825,2.115000009536743,43752,0.0,0.0
2023-10-31 14:30:00-04:00,2.119999885559082,2.130000114440918,2.0000998973846436,2.119999885559082,1875,0.0,0.0
2023-10-31 15:30:00-04:00,2.130000114440918,2.130000114440918,2.069999933242798,2.0799999237060547,0,0.0,0.0
2023-11-01 09:30:00-04:00,2.0199999809265137,2.0299999713897705,2.0,2.0,2223,0.0,0.0
2023-11-01 10:30:00-04:00,2.0504000186920166,2.0999999046325684,2.0504000186920166,2.069999933242798,2707,0.0,0.0
2023-11-01 11:30:00-04:00,2.059999942779541,2.0899999141693115,2.009999990463257,2.0899999141693115,4735,0.0,0.0
2023-11-01 14:30:00-04:00,2.102099895477295,2.200000047683716,2.102099895477295,2.190000057220459,7025,0.0,0.0
2023-11-01 15:30:00-04:00,2.190000057220459,2.200000047683716,2.140000104904175,2.1500000953674316,8277,0.0,0.0
2023-11-02 09:30:00-04:00,2.1445000171661377,2.1898999214172363,2.1445000171661377,2.1898999214172363,1612,0.0,0.0
2023-11-02 10:30:00-04:00,2.190000057220459,2.190000057220459,2.190000057220459,2.190000057220459,224,0.0,0.0
2023-11-02 11:30:00-04:00,2.180000066757202,2.180000066757202,2.1301000118255615,2.1500000953674316,5616,0.0,0.0
2023-11-02 12:30:00-04:00,2.1700000762939453,2.180000066757202,2.1700000762939453,2.180000066757202,327,0.0,0.0
2023-11-02 13:30:00-04:00,2.180000066757202,2.180000066757202,2.180000066757202,2.180000066757202,681,0.0,0.0
2023-11-02 14:30:00-04:00,2.180000066757202,2.180000066757202,2.075000047683716,2.075000047683716,8924,0.0,0.0
2023-11-02 15:30:00-04:00,2.0899999141693115,2.190000057220459,2.059999942779541,2.059999942779541,7322,0.0,0.0
2023-11-03 09:30:00-04:00,2.119999885559082,2.1500000953674316,2.119999885559082,2.1500000953674316,711,0.0,0.0
2023-11-03 10:30:00-04:00,2.1700000762939453,2.190000057220459,2.0999999046325684,2.190000057220459,8821,0.0,0.0
2023-11-03 11:30:00-04:00,2.184999942779541,2.184999942779541,2.109999895095825,2.140000104904175,10396,0.0,0.0
2023-11-03 13:30:00-04:00,2.180000066757202,2.180000066757202,2.1700000762939453,2.1700000762939453,1120,0.0,0.0
2023-11-03 14:30:00-04:00,2.180000066757202,2.200000047683716,2.0999999046325684,2.1059000492095947,9263,0.0,0.0
2023-11-03 15:30:00-04:00,2.1549999713897705,2.200000047683716,2.140000104904175,2.200000047683716,1855,0.0,0.0
2023-11-06 10:30:00-05:00,2.1342999935150146,2.25,2.1342999935150146,2.25,29130,0.0,0.0
2023-11-06 11:30:00-05:00,2.190000057220459,2.2599000930786133,2.0999999046325684,2.1914000511169434,10021,0.0,0.0
2023-11-06 12:30:00-05:00,2.174999952316284,2.2100000381469727,2.0999999046325684,2.2100000381469727,6616,0.0,0.0
2023-11-06 13:30:00-05:00,2.190000057220459,2.190000057220459,2.140000104904175,2.1500000953674316,1791,0.0,0.0
2023-11-06 14:30:00-05:00,2.1600000858306885,2.1600000858306885,2.130000114440918,2.130000114440918,705,0.0,0.0
2023-11-06 15:30:00-05:00,2.190000057220459,2.2100000381469727,2.1500000953674316,2.2049999237060547,3276,0.0,0.0
2023-11-07 10:30:00-05:00,2.1600000858306885,2.1600000858306885,2.1389999389648438,2.1389999389648438,2774,0.0,0.0
2023-11-07 11:30:00-05:00,2.2049999237060547,2.2100000381469727,2.1465001106262207,2.1465001106262207,2050,0.0,0.0
2023-11-07 12:30:00-05:00,2.1500000953674316,2.1500000953674316,2.130000114440918,2.1500000953674316,4043,0.0,0.0
2023-11-07 13:30:00-05:00,2.1500000953674316,2.190000057220459,2.1500000953674316,2.1600000858306885,1071,0.0,0.0
2023-11-07 14:30:00-05:00,2.200000047683716,2.2100000381469727,2.1700000762939453,2.1700000762939453,2810,0.0,0.0
2023-11-07 15:30:00-05:00,2.180000066757202,2.200000047683716,2.1700000762939453,2.200000047683716,2645,0.0,0.0
2023-11-08 10:30:00-05:00,2.1700000762939453,2.1700000762939453,2.140000104904175,2.1700000762939453,497,0.0,0.0
2023-11-08 11:30:00-05:00,2.1700000762939453,2.174999952316284,2.0999999046325684,2.1500000953674316,1740,0.0,0.0
2023-11-08 12:30:00-05:00,2.2049999237060547,2.2049999237060547,2.2049999237060547,2.2049999237060547,302,0.0,0.0
2023-11-08 13:30:00-05:00,2.200000047683716,2.2049999237060547,2.1605000495910645,2.200000047683716,647,0.0,0.0
2023-11-08 14:30:00-05:00,2.2100000381469727,2.2100000381469727,2.2100000381469727,2.2100000381469727,477,0.0,0.0
2023-11-08 15:30:00-05:00,2.2100000381469727,2.2100000381469727,2.0899999141693115,2.0899999141693115,4376,0.0,0.0
2023-11-09 09:30:00-05:00,2.0799999237060547,2.0999999046325684,2.0092999935150146,2.0399999618530273,8141,0.0,0.0
2023-11-09 10:30:00-05:00,2.0201001167297363,2.0999999046325684,2.0199999809265137,2.055000066757202,2911,0.0,0.0
2023-11-09 11:30:00-05:00,2.055000066757202,2.055000066757202,2.055000066757202,2.055000066757202,566,0.0,0.0
2023-11-09 12:30:00-05:00,2.0199999809265137,2.055000066757202,1.75,1.9299999475479126,29331,0.0,0.0
2023-11-09 13:30:00-05:00,1.9299999475479126,2.0399999618530273,1.9299999475479126,1.9900000095367432,1201,0.0,0.0
2023-11-09 14:30:00-05:00,1.9600000381469727,1.9600000381469727,1.9199999570846558,1.9500000476837158,1910,0.0,0.0
2023-11-09 15:30:00-05:00,1.9500000476837158,1.9900000095367432,1.9500000476837158,1.9500000476837158,3832,0.0,0.0
2023-11-10 09:30:00-05:00,1.9500000476837158,1.9850000143051147,1.8600000143051147,1.8799999952316284,2611,0.0,0.0
2023-11-10 10:30:00-05:00,1.8899999856948853,1.8964999914169312,1.8899999856948853,1.8964999914169312,366,0.0,0.0
2023-11-10 11:30:00-05:00,1.8899999856948853,1.9149999618530273,1.8899999856948853,1.9149999618530273,2543,0.0,0.0
2023-11-10 12:30:00-05:00,1.940000057220459,1.9500000476837158,1.940000057220459,1.940000057220459,927,0.0,0.0
2023-11-10 13:30:00-05:00,1.940000057220459,2.0199999809265137,1.934999942779541,2.0,11455,0.0,0.0
2023-11-10 14:30:00-05:00,2.0,2.069999933242798,2.0,2.059999942779541,1909,0.0,0.0
2023-11-10 15:30:00-05:00,2.059999942779541,2.0999999046325684,2.0299999713897705,2.0299999713897705,7203,0.0,0.0
2023-11-13 10:30:00-05:00,2.055000066757202,2.0799999237060547,2.055000066757202,2.072700023651123,230,0.0,0.0
2023-11-13 11:30:00-05:00,2.0799999237060547,2.0799999237060547,2.049999952316284,2.0799999237060547,2356,0.0,0.0
2023-11-13 12:30:00-05:00,2.0799999237060547,2.0999999046325684,1.9550000429153442,2.055000066757202,24575,0.0,0.0
2023-11-13 13:30:00-05:00,2.0799999237060547,2.0999999046325684,2.0250000953674316,2.069999933242798,10788,0.0,0.0
2023-11-13 14:30:00-05:00,2.0799999237060547,2.0799999237060547,2.069999933242798,2.075000047683716,1590,0.0,0.0
2023-11-13 15:30:00-05:00,2.0899999141693115,2.0899999141693115,2.065000057220459,2.065000057220459,3090,0.0,0.0
2023-11-14 09:30:00-05:00,2.119999885559082,2.119999885559082,2.0999999046325684,2.0999999046325684,529,0.0,0.0
2023-11-14 10:30:00-05:00,2.121000051498413,2.121000051498413,2.0999999046325684,2.119999885559082,2022,0.0,0.0
2023-11-14 11:30:00-05:00,2.119999885559082,2.1500000953674316,2.049999952316284,2.0840001106262207,4546,0.0,0.0
2023-11-14 12:30:00-05:00,2.1364998817443848,2.1449999809265137,2.077500104904175,2.0950000286102295,1954,0.0,0.0
2023-11-14 13:30:00-05:00,2.1050000190734863,2.1075000762939453,2.069999933242798,2.1075000762939453,844,0.0,0.0
2023-11-14 14:30:00-05:00,2.058000087738037,2.058000087738037,1.9600000381469727,1.9600000381469727,3729,0.0,0.0
2023-11-14 15:30:00-05:00,1.940000057220459,1.9950000047683716,1.850000023841858,1.9299999475479126,7074,0.0,0.0
2023-11-15 09:30:00-05:00,1.7999999523162842,1.8981000185012817,1.6699999570846558,1.7000999450683594,56794,0.0,0.0
2023-11-15 10:30:00-05:00,1.7200000286102295,1.909999966621399,1.690000057220459,1.7400000095367432,45429,0.0,0.0
2023-11-15 11:30:00-05:00,1.7345999479293823,1.7400000095367432,1.6699999570846558,1.7100000381469727,22379,0.0,0.0
2023-11-15 12:30:00-05:00,1.6799999475479126,1.7799999713897705,1.5800000429153442,1.6201000213623047,94038,0.0,0.0
2023-11-15 13:30:00-05:00,1.6699999570846558,1.7200000286102295,1.5,1.500100016593933,56652,0.0,0.0
2023-11-15 14:30:00-05:00,1.4900000095367432,1.6025999784469604,1.440000057220459,1.5399999618530273,78434,0.0,0.0
2023-11-15 15:30:00-05:00,1.5399999618530273,1.600000023841858,1.5399999618530273,1.5499999523162842,82120,0.0,0.0
2023-11-16 09:30:00-05:00,1.659999966621399,1.7000000476837158,1.5735000371932983,1.6399999856948853,20736,0.0,0.0
2023-11-16 10:30:00-05:00,1.6799999475479126,1.7300000190734863,1.6514999866485596,1.698199987411499,19096,0.0,0.0
2023-11-16 11:30:00-05:00,1.7400000095367432,1.75,1.7000000476837158,1.75,12895,0.0,0.0
2023-11-16 12:30:00-05:00,1.7450000047683716,1.850000023841858,1.7400000095367432,1.850000023841858,27681,0.0,0.0
2023-11-16 13:30:00-05:00,1.8300000429153442,1.9600000381469727,1.8200000524520874,1.899999976158142,12862,0.0,0.0
2023-11-16 14:30:00-05:00,1.899999976158142,1.899999976158142,1.8600000143051147,1.899999976158142,11940,0.0,0.0
2023-11-16 15:30:00-05:00,1.899999976158142,2.0,1.8700000047683716,2.0,19941,0.0,0.0
2023-11-17 09:30:00-05:00,1.9900000095367432,2.009999990463257,1.9850000143051147,2.005000114440918,30610,0.0,0.0
2023-11-17 10:30:00-05:00,2.0399999618530273,2.080199956893921,2.0399999618530273,2.059999942779541,8857,0.0,0.0
2023-11-17 11:30:00-05:00,2.049999952316284,2.059999942779541,2.0199999809265137,2.0299999713897705,6365,0.0,0.0
2023-11-17 12:30:00-05:00,2.059999942779541,2.059999942779541,1.9900000095367432,2.015000104904175,22620,0.0,0.0
2023-11-17 13:30:00-05:00,2.0,2.0276999473571777,1.9900000095367432,2.0,5747,0.0,0.0
2023-11-17 14:30:00-05:00,2.0,2.0,1.9901000261306763,2.0,7791,0.0,0.0
2023-11-17 15:30:00-05:00,2.0,2.059999942779541,1.9500000476837158,2.059999942779541,34508,0.0,0.0
2023-11-20 09:30:00-05:00,2.009999990463257,2.049999952316284,2.0,2.049999952316284,0,0.0,0.0
2023-11-20 10:30:00-05:00,2.0208001136779785,2.049999952316284,2.0,2.005000114440918,14621,0.0,0.0
2023-11-20 11:30:00-05:00,1.9900000095367432,2.015000104904175,1.9900000095367432,2.015000104904175,3016,0.0,0.0
2023-11-20 12:30:00-05:00,2.0,2.015000104904175,1.9900000095367432,2.0,1843,0.0,0.0
2023-11-20 13:30:00-05:00,2.0,2.015000104904175,2.0,2.015000104904175,9548,0.0,0.0
2023-11-20 14:30:00-05:00,2.0199999809265137,2.0199999809265137,2.009999990463257,2.0199999809265137,9883,0.0,0.0
2023-11-20 15:30:00-05:00,2.009999990463257,2.0799999237060547,2.009999990463257,2.0799999237060547,6352,0.0,0.0
2023-11-21 09:30:00-05:00,2.0,2.0,2.0,2.0,738,0.0,0.0
2023-11-21 10:30:00-05:00,2.0000998973846436,2.0000998973846436,2.0000998973846436,2.0000998973846436,508,0.0,0.0
2023-11-21 13:30:00-05:00,2.0999999046325684,2.0999999046325684,2.059999942779541,2.0999999046325684,6163,0.0,0.0
2023-11-21 14:30:00-05:00,2.200000047683716,2.2100000381469727,2.1500000953674316,2.2100000381469727,9568,0.0,0.0
2023-11-21 15:30:00-05:00,2.2100000381469727,2.259999990463257,2.200000047683716,2.259999990463257,8046,0.0,0.0
2023-11-22 09:30:00-05:00,2.2100000381469727,2.2125000953674316,2.0899999141693115,2.2125000953674316,2102,0.0,0.0
2023-11-22 10:30:00-05:00,2.1839001178741455,2.25,2.183000087738037,2.2200000286102295,8063,0.0,0.0
2023-11-22 11:30:00-05:00,2.2304000854492188,2.265000104904175,2.2304000854492188,2.265000104904175,2070,0.0,0.0
2023-11-22 12:30:00-05:00,2.259999990463257,2.259999990463257,2.240000009536743,2.2500998973846436,1507,0.0,0.0
2023-11-22 13:30:00-05:00,2.259999990463257,2.259999990463257,2.25,2.259999990463257,1622,0.0,0.0
2023-11-22 14:30:00-05:00,2.259999990463257,2.2699999809265137,2.180000066757202,2.240499973297119,28190,0.0,0.0
2023-11-22 15:30:00-05:00,2.25,2.25,2.200000047683716,2.25,2773,0.0,0.0
2023-11-24 09:30:00-05:00,2.180000066757202,2.25,2.180000066757202,2.25,6910,0.0,0.0
2023-11-24 10:30:00-05:00,2.25,2.2899999618530273,2.24780011177063,2.2899999618530273,5427,0.0,0.0
2023-11-24 11:30:00-05:00,2.2899999618530273,2.299999952316284,2.259999990463257,2.2699999809265137,9750,0.0,0.0
2023-11-27 09:30:00-05:00,2.2300000190734863,2.325000047683716,2.2300000190734863,2.309999942779541,1896,0.0,0.0
2023-11-27 10:30:00-05:00,2.3018999099731445,2.440000057220459,2.2950000762939453,2.411400079727173,21633,0.0,0.0
2023-11-27 11:30:00-05:00,2.440000057220459,2.4800000190734863,2.440000057220459,2.4800000190734863,3887,0.0,0.0
2023-11-27 12:30:00-05:00,2.490000009536743,2.490000009536743,2.460099935531616,2.490000009536743,2804,0.0,0.0
2023-11-27 13:30:00-05:00,2.490000009536743,2.509999990463257,2.4791998863220215,2.4900999069213867,24747,0.0,0.0
2023-11-27 14:30:00-05:00,2.4549999237060547,2.5,2.4549999237060547,2.5,2658,0.0,0.0
2023-11-27 15:30:00-05:00,2.5,2.5,2.384700059890747,2.430000066757202,13116,0.0,0.0
2023-11-28 09:30:00-05:00,2.4200000762939453,2.4798998832702637,2.408099889755249,2.408099889755249,2821,0.0,0.0
2023-11-28 10:30:00-05:00,2.4000000953674316,2.4100000858306885,2.384999990463257,2.4100000858306885,5636,0.0,0.0
2023-11-28 11:30:00-05:00,2.4100000858306885,2.484999895095825,2.4000000953674316,2.4549999237060547,6566,0.0,0.0
2023-11-28 12:30:00-05:00,2.4800000190734863,2.4800000190734863,2.450000047683716,2.4600000381469727,3866,0.0,0.0
2023-11-28 13:30:00-05:00,2.4600000381469727,2.490000009536743,2.4600000381469727,2.490000009536743,933,0.0,0.0
2023-11-28 14:30:00-05:00,2.490000009536743,2.5,2.484999895095825,2.5,8330,0.0,0.0
2023-11-28 15:30:00-05:00,2.5,2.5199999809265137,2.490000009536743,2.5199999809265137,3390,0.0,0.0
2023-11-29 09:30:00-05:00,2.5799999237060547,2.5799999237060547,2.3949999809265137,2.555000066757202,7059,0.0,0.0
2023-11-29 10:30:00-05:00,2.559999942779541,2.6600000858306885,2.559999942779541,2.6301000118255615,10759,0.0,0.0
2023-11-29 11:30:00-05:00,2.700000047683716,2.759999990463257,2.6700000762939453,2.7200000286102295,19313,0.0,0.0
2023-11-29 12:30:00-05:00,2.75,2.799999952316284,2.7000999450683594,2.7899999618530273,1382,0.0,0.0
2023-11-29 13:30:00-05:00,2.7899999618530273,2.8399999141693115,2.6303000450134277,2.6500000953674316,8079,0.0,0.0
2023-11-29 14:30:00-05:00,2.6401000022888184,2.7899999618530273,2.6401000022888184,2.7899999618530273,1100,0.0,0.0
2023-11-29 15:30:00-05:00,2.7300000190734863,2.799999952316284,2.700000047683716,2.7300000190734863,6446,0.0,0.0
2023-11-30 09:30:00-05:00,2.7100000381469727,2.7100000381469727,2.7100000381469727,2.7100000381469727,547,0.0,0.0
2023-11-30 10:30:00-05:00,2.731100082397461,2.7699999809265137,2.731100082397461,2.7699999809265137,406,0.0,0.0
2023-11-30 11:30:00-05:00,2.759999990463257,2.7750000953674316,2.759999990463257,2.7750000953674316,1415,0.0,0.0
2023-11-30 12:30:00-05:00,2.75,2.75,2.684999942779541,2.7499001026153564,2338,0.0,0.0
2023-11-30 13:30:00-05:00,2.7899999618530273,2.7899999618530273,2.7155001163482666,2.7799999713897705,1358,0.0,0.0
2023-11-30 14:30:00-05:00,2.75,2.75,2.75,2.75,396,0.0,0.0
2023-11-30 15:30:00-05:00,2.7799999713897705,2.799999952316284,2.7300000190734863,2.7799999713897705,3683,0.0,0.0
2023-12-01 09:30:00-05:00,2.7200000286102295,2.819999933242798,2.680000066757202,2.700000047683716,9072,0.0,0.0
2023-12-01 10:30:00-05:00,2.710400104522705,2.727099895477295,2.710400104522705,2.727099895477295,2268,0.0,0.0
2023-12-01 11:30:00-05:00,2.7100000381469727,2.7100000381469727,2.7100000381469727,2.7100000381469727,132,0.0,0.0
2023-12-01 12:30:00-05:00,2.7200000286102295,2.7200000286102295,2.7200000286102295,2.7200000286102295,414,0.0,0.0
2023-12-01 13:30:00-05:00,2.75,2.7699999809265137,2.7300000190734863,2.7300000190734863,971,0.0,0.0
2023-12-01 14:30:00-05:00,2.7300000190734863,2.740000009536743,2.6919000148773193,2.740000009536743,416,0.0,0.0
2023-12-01 15:30:00-05:00,2.690000057220459,2.700000047683716,2.619999885559082,2.619999885559082,5049,0.0,0.0
2023-12-04 09:30:00-05:00,2.630000114440918,2.659899950027466,2.380000114440918,2.5204999446868896,15915,0.0,0.0
2023-12-04 10:30:00-05:00,2.4242000579833984,2.5399999618530273,2.4242000579833984,2.448699951171875,3280,0.0,0.0
2023-12-04 11:30:00-05:00,2.520699977874756,2.520699977874756,2.440000057220459,2.440000057220459,351,0.0,0.0
2023-12-04 12:30:00-05:00,2.5248000621795654,2.5248000621795654,2.4509999752044678,2.4600000381469727,4742,0.0,0.0
2023-12-04 13:30:00-05:00,2.494999885559082,2.5199999809265137,2.440000057220459,2.509999990463257,7303,0.0,0.0
2023-12-04 14:30:00-05:00,2.440000057220459,2.4744999408721924,2.430000066757202,2.450000047683716,2879,0.0,0.0
2023-12-04 15:30:00-05:00,2.450000047683716,2.450000047683716,2.4100000858306885,2.4100000858306885,1318,0.0,0.0
2023-12-05 09:30:00-05:00,2.4200000762939453,2.4927000999450684,2.4200000762939453,2.457200050354004,942,0.0,0.0
2023-12-05 10:30:00-05:00,2.440000057220459,2.440000057220459,2.410099983215332,2.440000057220459,1452,0.0,0.0
2023-12-05 11:30:00-05:00,2.424999952316284,2.440000057220459,2.4100000858306885,2.440000057220459,777,0.0,0.0
2023-12-05 12:30:00-05:00,2.440000057220459,2.440000057220459,2.4159998893737793,2.440000057220459,317,0.0,0.0
2023-12-05 13:30:00-05:00,2.440000057220459,2.440000057220459,2.424999952316284,2.440000057220459,1085,0.0,0.0
2023-12-05 14:30:00-05:00,2.440000057220459,2.440000057220459,2.440000057220459,2.440000057220459,566,0.0,0.0
2023-12-05 15:30:00-05:00,2.440000057220459,2.440000057220459,2.440000057220459,2.440000057220459,302,0.0,0.0
2023-12-06 09:30:00-05:00,2.430000066757202,2.5,2.430000066757202,2.5,1973,0.0,0.0
2023-12-06 10:30:00-05:00,2.430000066757202,2.4700000286102295,2.4200000762939453,2.4700000286102295,1799,0.0,0.0
2023-12-06 11:30:00-05:00,2.4600000381469727,2.4600000381469727,2.4600000381469727,2.4600000381469727,207,0.0,0.0
2023-12-06 12:30:00-05:00,2.4600000381469727,2.4749999046325684,2.444999933242798,2.460200071334839,2983,0.0,0.0
2023-12-06 13:30:00-05:00,2.4600000381469727,2.4742000102996826,2.369999885559082,2.4049999713897705,23187,0.0,0.0
2023-12-06 14:30:00-05:00,2.3550000190734863,2.430000066757202,2.3550000190734863,2.430000066757202,2299,0.0,0.0
2023-12-06 15:30:00-05:00,2.430000066757202,2.5199999809265137,2.3949999809265137,2.514400005340576,11280,0.0,0.0
2023-12-07 09:30:00-05:00,2.5,2.5399999618530273,2.5,2.5,1837,0.0,0.0
2023-12-07 10:30:00-05:00,2.490000009536743,2.490000009536743,2.490000009536743,2.490000009536743,242,0.0,0.0
2023-12-07 12:30:00-05:00,2.4535000324249268,2.4700000286102295,2.4535000324249268,2.4600000381469727,1001,0.0,0.0
2023-12-07 13:30:00-05:00,2.450000047683716,2.450000047683716,2.4200000762939453,2.4200000762939453,763,0.0,0.0
2023-12-07 14:30:00-05:00,2.4200000762939453,2.4200000762939453,2.4000000953674316,2.4049999713897705,3762,0.0,0.0
2023-12-07 15:30:00-05:00,2.4049999713897705,2.4200000762939453,2.369999885559082,2.4100000858306885,4233,0.0,0.0
2023-12-08 10:30:00-05:00,2.4100000858306885,2.4100000858306885,2.4100000858306885,2.4100000858306885,246,0.0,0.0
2023-12-08 11:30:00-05:00,2.2899999618530273,2.390899896621704,2.196199893951416,2.196199893951416,1451,0.0,0.0
2023-12-08 12:30:00-05:00,2.213200092315674,2.325700044631958,2.213200092315674,2.319999933242798,3780,0.0,0.0
2023-12-08 13:30:00-05:00,2.25,2.259999990463257,2.240000009536743,2.240000009536743,1469,0.0,0.0
2023-12-08 14:30:00-05:00,2.3889000415802,2.4000000953674316,2.240000009536743,2.259999990463257,5066,0.0,0.0
2023-12-08 15:30:00-05:00,2.25,2.3299999237060547,2.25,2.3299999237060547,5086,0.0,0.0
2023-12-11 09:30:00-05:00,2.384999990463257,2.384999990463257,2.2699999809265137,2.2699999809265137,0,0.0,0.0
2023-12-11 10:30:00-05:00,2.2699999809265137,2.2699999809265137,2.2200000286102295,2.2421000003814697,3060,0.0,0.0
2023-12-11 11:30:00-05:00,2.2200000286102295,2.309999942779541,2.190000057220459,2.2200000286102295,4528,0.0,0.0
2023-12-11 12:30:00-05:00,2.240000009536743,2.2620999813079834,2.200000047683716,2.2620999813079834,1429,0.0,0.0
2023-12-11 13:30:00-05:00,2.2100000381469727,2.240000009536743,2.130000114440918,2.130000114440918,4145,0.0,0.0
2023-12-11 14:30:00-05:00,2.190000057220459,2.2897000312805176,2.140000104904175,2.1500000953674316,2523,0.0,0.0
2023-12-11 15:30:00-05:00,2.1600000858306885,2.1700000762939453,2.1500000953674316,2.1700000762939453,9846,0.0,0.0
2023-12-12 09:30:00-05:00,2.190000057220459,2.3125,2.190000057220459,2.2300000190734863,1129,0.0,0.0
2023-12-12 10:30:00-05:00,2.2300000190734863,2.259999990463257,2.200000047683716,2.2100000381469727,3085,0.0,0.0
2023-12-12 11:30:00-05:00,2.2100000381469727,2.259999990463257,2.2100000381469727,2.244999885559082,3282,0.0,0.0
2023-12-12 12:30:00-05:00,2.259999990463257,2.259999990463257,2.1600000858306885,2.1600000858306885,2860,0.0,0.0
2023-12-12 13:30:00-05:00,2.1600000858306885,2.200000047683716,2.119999885559082,2.200000047683716,15852,0.0,0.0
2023-12-12 14:30:00-05:00,2.1951000690460205,2.259999990463257,2.190000057220459,2.259999990463257,6014,0.0,0.0
2023-12-12 15:30:00-05:00,2.25,2.259999990463257,2.180000066757202,2.180000066757202,8330,0.0,0.0
2023-12-13 09:30:00-05:00,2.180000066757202,2.180000066757202,2.1500000953674316,2.180000066757202,2678,0.0,0.0
2023-12-13 10:30:00-05:00,2.180000066757202,2.180000066757202,2.180000066757202,2.180000066757202,883,0.0,0.0
2023-12-13 11:30:00-05:00,2.2200000286102295,2.2200000286102295,2.1700000762939453,2.1700000762939453,3504,0.0,0.0
2023-12-13 12:30:00-05:00,2.1600000858306885,2.1798999309539795,2.140000104904175,2.1500000953674316,4215,0.0,0.0
2023-12-13 13:30:00-05:00,2.190000057220459,2.2100000381469727,2.190000057220459,2.2100000381469727,2711,0.0,0.0
2023-12-13 14:30:00-05:00,2.2100000381469727,2.2125000953674316,2.1700000762939453,2.1700000762939453,872,0.0,0.0
2023-12-13 15:30:00-05:00,2.180000066757202,2.2100000381469727,2.049999952316284,2.049999952316284,13634,0.0,0.0
2023-12-14 09:30:00-05:00,2.130000114440918,2.219099998474121,2.0908000469207764,2.1700000762939453,9175,0.0,0.0
2023-12-14 10:30:00-05:00,2.1700000762939453,2.1700000762939453,2.119999885559082,2.1649999618530273,5177,0.0,0.0
2023-12-14 11:30:00-05:00,2.1700000762939453,2.1700000762939453,2.119999885559082,2.130000114440918,4912,0.0,0.0
2023-12-14 12:30:00-05:00,2.130000114440918,2.199899911880493,2.119999885559082,2.1500000953674316,3744,0.0,0.0
2023-12-14 13:30:00-05:00,2.119999885559082,2.119999885559082,2.0601000785827637,2.069999933242798,4686,0.0,0.0
2023-12-14 14:30:00-05:00,2.059999942779541,2.109999895095825,2.0199999809265137,2.0299999713897705,18905,0.0,0.0
2023-12-14 15:30:00-05:00,2.0299999713897705,2.0299999713897705,2.009999990463257,2.009999990463257,15422,0.0,0.0
2023-12-15 09:30:00-05:00,2.049999952316284,2.3099000453948975,2.049999952316284,2.1600000858306885,1926,0.0,0.0
2023-12-15 10:30:00-05:00,2.0799999237060547,2.140000104904175,2.0299999713897705,2.0299999713897705,5846,0.0,0.0
2023-12-15 11:30:00-05:00,2.049999952316284,2.0880000591278076,2.0299999713897705,2.030100107192993,2272,0.0,0.0
2023-12-15 12:30:00-05:00,2.059999942779541,2.059999942779541,2.0299999713897705,2.0350000858306885,2055,0.0,0.0
2023-12-15 13:30:00-05:00,2.059999942779541,2.059999942779541,2.038599967956543,2.038599967956543,729,0.0,0.0
2023-12-15 14:30:00-05:00,2.069999933242798,2.069999933242798,2.0199999809265137,2.059999942779541,1000,0.0,0.0
2023-12-15 15:30:00-05:00,2.049999952316284,2.059999942779541,2.009999990463257,2.009999990463257,7906,0.0,0.0
2023-12-18 09:30:00-05:00,2.0299999713897705,2.0899999141693115,2.0299999713897705,2.0899999141693115,2230,0.0,0.0
2023-12-18 10:30:00-05:00,2.069999933242798,2.069999933242798,2.069999933242798,2.069999933242798,100,0.0,0.0
2023-12-18 11:30:00-05:00,2.075000047683716,2.075000047683716,2.049999952316284,2.049999952316284,337,0.0,0.0
2023-12-18 12:30:00-05:00,2.049999952316284,2.049999952316284,2.009999990463257,2.049999952316284,1133,0.0,0.0
2023-12-18 13:30:00-05:00,2.046299934387207,2.046299934387207,2.046299934387207,2.046299934387207,235,0.0,0.0
2023-12-18 14:30:00-05:00,2.049999952316284,2.049999952316284,1.9800000190734863,1.9800000190734863,8657,0.0,0.0
2023-12-18 15:30:00-05:00,1.9900000095367432,2.009999990463257,1.9800000190734863,1.9800000190734863,3485,0.0,0.0
2023-12-19 09:30:00-05:00,2.049999952316284,2.049999952316284,1.940000057220459,1.940000057220459,7854,0.0,0.0
2023-12-19 10:30:00-05:00,2.0490000247955322,2.0490000247955322,1.9500000476837158,2.0299999713897705,1974,0.0,0.0
2023-12-19 11:30:00-05:00,1.9600000381469727,1.975000023841858,1.909999966621399,1.909999966621399,3356,0.0,0.0
2023-12-19 12:30:00-05:00,1.9199999570846558,1.9299999475479126,1.9049999713897705,1.909999966621399,4231,0.0,0.0
2023-12-19 13:30:00-05:00,1.909999966621399,1.909999966621399,1.909999966621399,1.909999966621399,1232,0.0,0.0
2023-12-19 14:30:00-05:00,1.909999966621399,1.940000057220459,1.909999966621399,1.940000057220459,4117,0.0,0.0
2023-12-19 15:30:00-05:00,1.909999966621399,2.0299999713897705,1.909999966621399,2.0299999713897705,11703,0.0,0.0
2023-12-20 09:30:00-05:00,2.0299999713897705,2.0299999713897705,2.029900074005127,2.029900074005127,590,0.0,0.0
2023-12-20 10:30:00-05:00,2.024399995803833,2.024399995803833,2.0199999809265137,2.0199999809265137,393,0.0,0.0
2023-12-20 11:30:00-05:00,2.0299999713897705,2.0450000762939453,1.9900000095367432,2.01990008354187,4516,0.0,0.0
2023-12-20 12:30:00-05:00,2.009999990463257,2.0251998901367188,1.9638999700546265,2.015000104904175,3202,0.0,0.0
2023-12-20 14:30:00-05:00,2.0299999713897705,2.0299999713897705,1.9800000190734863,1.9800000190734863,1770,0.0,0.0
2023-12-20 15:30:00-05:00,1.9900000095367432,1.9900000095367432,1.9199999570846558,1.9199999570846558,10697,0.0,0.0
2023-12-21 09:30:00-05:00,2.0,2.0199999809265137,1.909999966621399,2.0199999809265137,2223,0.0,0.0
2023-12-21 11:30:00-05:00,1.9900000095367432,2.009999990463257,1.9800000190734863,2.009999990463257,934,0.0,0.0
2023-12-21 12:30:00-05:00,1.9800000190734863,2.0,1.9800000190734863,1.9950000047683716,1533,0.0,0.0
2023-12-21 13:30:00-05:00,1.9800000190734863,1.9800000190734863,1.9800000190734863,1.9800000190734863,1561,0.0,0.0
2023-12-21 14:30:00-05:00,1.9800000190734863,1.9800000190734863,1.9500000476837158,1.9500000476837158,2586,0.0,0.0
2023-12-21 15:30:00-05:00,1.9450000524520874,2.0,1.9450000524520874,1.9500000476837158,4279,0.0,0.0
2023-12-22 09:30:00-05:00,1.9500000476837158,2.006700038909912,1.9199999570846558,2.006700038909912,3554,0.0,0.0
2023-12-22 10:30:00-05:00,1.9627000093460083,2.0399999618530273,1.9627000093460083,2.0299999713897705,6694,0.0,0.0
2023-12-22 11:30:00-05:00,2.049999952316284,2.049999952316284,2.0399999618530273,2.0399999618530273,821,0.0,0.0
2023-12-22 12:30:00-05:00,2.0199999809265137,2.0199999809265137,2.0,2.0,1742,0.0,0.0
2023-12-22 13:30:00-05:00,2.0,2.0,2.0,2.0,292,0.0,0.0
2023-12-22 14:30:00-05:00,2.0,2.0,2.0,2.0,530,0.0,0.0
2023-12-22 15:30:00-05:00,2.0,2.0799999237060547,2.0,2.0799999237060547,5110,0.0,0.0
2023-12-26 09:30:00-05:00,2.0199999809265137,2.069999933242798,2.0199999809265137,2.069999933242798,1617,0.0,0.0
2023-12-26 10:30:00-05:00,2.0,2.0999999046325684,2.0,2.0999999046325684,1130,0.0,0.0
2023-12-26 11:30:00-05:00,2.0899999141693115,2.0999999046325684,2.078000068664551,2.078000068664551,3134,0.0,0.0
2023-12-26 12:30:00-05:00,2.068000078201294,2.1600000858306885,2.068000078201294,2.1500000953674316,3679,0.0,0.0
2023-12-26 13:30:00-05:00,2.1600000858306885,2.190000057220459,2.1500000953674316,2.190000057220459,9250,0.0,0.0
2023-12-26 14:30:00-05:00,2.1500000953674316,2.1600000858306885,2.119999885559082,2.1500000953674316,2086,0.0,0.0
2023-12-26 15:30:00-05:00,2.1500000953674316,2.1500000953674316,2.1449999809265137,2.1500000953674316,4098,0.0,0.0
2023-12-27 09:30:00-05:00,2.1500000953674316,2.200000047683716,2.1500000953674316,2.1500000953674316,11438,0.0,0.0
2023-12-27 10:30:00-05:00,2.149899959564209,2.1500000953674316,2.134999990463257,2.1500000953674316,818,0.0,0.0
2023-12-27 11:30:00-05:00,2.1484999656677246,2.180000066757202,2.140000104904175,2.180000066757202,4037,0.0,0.0
2023-12-27 12:30:00-05:00,2.180000066757202,2.2200000286102295,2.152400016784668,2.2100000381469727,18005,0.0,0.0
2023-12-27 13:30:00-05:00,2.140000104904175,2.1700000762939453,2.049999952316284,2.049999952316284,12649,0.0,0.0
2023-12-27 14:30:00-05:00,2.069999933242798,2.069999933242798,2.0,2.0,8479,0.0,0.0
2023-12-27 15:30:00-05:00,1.9800000190734863,1.9800000190734863,1.9500000476837158,1.9600000381469727,20028,0.0,0.0
2023-12-28 09:30:00-05:00,2.0,2.0,2.0,2.0,1561,0.0,0.0
2023-12-28 10:30:00-05:00,2.0,2.0899999141693115,2.0,2.0899999141693115,8594,0.0,0.0
2023-12-28 11:30:00-05:00,2.0899999141693115,2.0899999141693115,2.0,2.009999990463257,4384,0.0,0.0
2023-12-28 12:30:00-05:00,2.009999990463257,2.0199999809265137,1.9299999475479126,1.9499000310897827,33155,0.0,0.0
2023-12-28 13:30:00-05:00,1.9500000476837158,1.9500000476837158,1.9465999603271484,1.9500000476837158,13833,0.0,0.0
2023-12-28 14:30:00-05:00,1.9500000476837158,1.9500000476837158,1.5199999809265137,1.7300000190734863,138744,0.0,0.0
2023-12-28 15:30:00-05:00,1.7300000190734863,1.8480000495910645,1.659999966621399,1.7000000476837158,45783,0.0,0.0
2023-12-29 09:30:00-05:00,1.6200000047683716,1.9499000310897827,1.6200000047683716,1.8949999809265137,39335,0.0,0.0
2023-12-29 10:30:00-05:00,1.8799999952316284,1.8799999952316284,1.7878999710083008,1.7899999618530273,6048,0.0,0.0
2023-12-29 11:30:00-05:00,1.7799999713897705,1.7899999618530273,1.7100000381469727,1.7232999801635742,46874,0.0,0.0
2023-12-29 12:30:00-05:00,1.7102999687194824,1.7899999618530273,1.7000999450683594,1.7710000276565552,32920,0.0,0.0
2023-12-29 13:30:00-05:00,1.767799973487854,1.7999999523162842,1.759600043296814,1.7599999904632568,15146,0.0,0.0
2023-12-29 14:30:00-05:00,1.8200000524520874,1.850000023841858,1.7900999784469604,1.8250000476837158,4589,0.0,0.0
2023-12-29 15:30:00-05:00,1.8250000476837158,1.8899999856948853,1.7599999904632568,1.850000023841858,9966,0.0,0.0
2024-01-02 09:30:00-05:00,1.8300000429153442,1.9150999784469604,1.8300000429153442,1.850000023841858,10022,0.0,0.0
2024-01-02 10:30:00-05:00,1.88510000705719,1.899999976158142,1.850000023841858,1.8600000143051147,1440,0.0,0.0
2024-01-02 11:30:00-05:00,1.850000023841858,1.850000023841858,1.8313000202178955,1.8313000202178955,691,0.0,0.0
2024-01-02 12:30:00-05:00,1.8300000429153442,1.8359999656677246,1.8300000429153442,1.8359999656677246,1283,0.0,0.0
2024-01-02 15:30:00-05:00,1.850000023841858,1.850000023841858,1.840000033378601,1.840000033378601,234,0.0,0.0
2024-01-03 09:30:00-05:00,1.8300000429153442,1.8700000047683716,1.8005000352859497,1.8700000047683716,789,0.0,0.0
2024-01-03 10:30:00-05:00,1.8307000398635864,1.850000023841858,1.7942999601364136,1.809999942779541,1534,0.0,0.0
2024-01-03 11:30:00-05:00,1.840000033378601,1.8799999952316284,1.7899999618530273,1.820099949836731,6502,0.0,0.0
2024-01-03 12:30:00-05:00,1.958299994468689,1.958299994468689,1.958299994468689,1.958299994468689,101,0.0,0.0
2024-01-03 13:30:00-05:00,1.9700000286102295,1.9700000286102295,1.9049999713897705,1.9600000381469727,3176,0.0,0.0
2024-01-03 14:30:00-05:00,1.9500000476837158,1.9500000476837158,1.7999999523162842,1.8650000095367432,14174,0.0,0.0
2024-01-03 15:30:00-05:00,1.8700000047683716,1.9500000476837158,1.8700000047683716,1.9500000476837158,7538,0.0,0.0
2024-01-04 09:30:00-05:00,1.8899999856948853,1.9500000476837158,1.840000033378601,1.9249999523162842,3820,0.0,0.0
2024-01-04 10:30:00-05:00,1.9292000532150269,1.9292000532150269,1.8849999904632568,1.8849999904632568,4112,0.0,0.0
2024-01-04 11:30:00-05:00,1.8806999921798706,1.8806999921798706,1.8806999921798706,1.8806999921798706,225,0.0,0.0
2024-01-04 12:30:00-05:00,1.899999976158142,1.899999976158142,1.899999976158142,1.899999976158142,232,0.0,0.0
2024-01-04 13:30:00-05:00,1.9199999570846558,1.9199999570846558,1.899999976158142,1.899999976158142,716,0.0,0.0
2024-01-04 14:30:00-05:00,1.9299999475479126,1.9299999475479126,1.9299999475479126,1.9299999475479126,163,0.0,0.0
2024-01-04 15:30:00-05:00,1.9199999570846558,1.9199999570846558,1.899999976158142,1.899999976158142,1687,0.0,0.0
2024-01-05 09:30:00-05:00,1.8899999856948853,1.899999976158142,1.8600000143051147,1.8799999952316284,1690,0.0,0.0
2024-01-05 10:30:00-05:00,1.878600001335144,1.9198999404907227,1.878600001335144,1.9198999404907227,4774,0.0,0.0
2024-01-05 11:30:00-05:00,1.9157999753952026,1.9800000190734863,1.899999976158142,1.934999942779541,8211,0.0,0.0
2024-01-05 12:30:00-05:00,1.9500000476837158,1.9500000476837158,1.9500000476837158,1.9500000476837158,921,0.0,0.0
2024-01-05 13:30:00-05:00,1.9500000476837158,1.975000023841858,1.9500000476837158,1.9600000381469727,2713,0.0,0.0
2024-01-05 14:30:00-05:00,1.9700000286102295,1.9700000286102295,1.8899999856948853,1.9299999475479126,21316,0.0,0.0
2024-01-05 15:30:00-05:00,1.940000057220459,1.9700000286102295,1.940000057220459,1.9700000286102295,4738,0.0,0.0
2024-01-08 09:30:00-05:00,2.0,2.0,1.9200999736785889,1.9226000308990479,4713,0.0,0.0
2024-01-08 11:30:00-05:00,1.9199999570846558,2.0,1.9199999570846558,2.0,2398,0.0,0.0
2024-01-08 12:30:00-05:00,1.9900000095367432,1.9900000095367432,1.9600000381469727,1.9600000381469727,506,0.0,0.0
2024-01-08 13:30:00-05:00,1.9700000286102295,1.9700000286102295,1.9700000286102295,1.9700000286102295,825,0.0,0.0
2024-01-08 14:30:00-05:00,2.0,2.0,1.9900000095367432,1.9900000095367432,1623,0.0,0.0
2024-01-08 15:30:00-05:00,2.0199999809265137,2.0299999713897705,2.0199999809265137,2.0199999809265137,2889,0.0,0.0
2024-01-09 09:30:00-05:00,1.9900000095367432,2.0899999141693115,1.9900000095367432,1.9900000095367432,7674,0.0,0.0
2024-01-09 10:30:00-05:00,1.9852999448776245,1.9852999448776245,1.9852999448776245,1.9852999448776245,333,0.0,0.0
2024-01-09 11:30:00-05:00,2.065000057220459,2.065000057220459,2.065000057220459,2.065000057220459,170,0.0,0.0
2024-01-09 12:30:00-05:00,2.01990008354187,2.01990008354187,2.01990008354187,2.01990008354187,486,0.0,0.0
2024-01-09 13:30:00-05:00,2.0299999713897705,2.049999952316284,2.0299999713897705,2.049999952316284,537,0.0,0.0
2024-01-09 15:30:00-05:00,2.049999952316284,2.049999952316284,2.0199999809265137,2.049999952316284,3216,0.0,0.0
2024-01-10 09:30:00-05:00,1.9900000095367432,2.019700050354004,1.9199999570846558,2.019700050354004,5217,0.0,0.0
2024-01-10 11:30:00-05:00,1.9700000286102295,2.0,1.9300999641418457,2.0,2116,0.0,0.0
2024-01-10 12:30:00-05:00,1.9900000095367432,1.9900000095367432,1.9900000095367432,1.9900000095367432,165,0.0,0.0
2024-01-10 13:30:00-05:00,1.9800000190734863,2.0399999618530273,1.9658000469207764,2.0399999618530273,6886,0.0,0.0
2024-01-10 14:30:00-05:00,2.0399999618530273,2.0899999141693115,2.009999990463257,2.0899999141693115,9204,0.0,0.0
2024-01-10 15:30:00-05:00,2.0999999046325684,2.119999885559082,2.0601999759674072,2.109999895095825,970,0.0,0.0
2024-01-11 09:30:00-05:00,2.0850000381469727,2.0850000381469727,2.0850000381469727,2.0850000381469727,508,0.0,0.0
2024-01-11 10:30:00-05:00,2.0399999618530273,2.1500000953674316,2.0327000617980957,2.0799999237060547,1921,0.0,0.0
2024-01-11 11:30:00-05:00,2.119999885559082,2.119999885559082,2.045599937438965,2.045599937438965,406,0.0,0.0
2024-01-11 13:30:00-05:00,2.0710999965667725,2.0710999965667725,2.0710999965667725,2.0710999965667725,195,0.0,0.0
2024-01-11 14:30:00-05:00,2.0517001152038574,2.109999895095825,2.0517001152038574,2.109999895095825,214,0.0,0.0
2024-01-12 13:30:00-05:00,2.0250000953674316,2.0799999237060547,2.0250000953674316,2.0799999237060547,2318,0.0,0.0
2024-01-12 15:30:00-05:00,2.0799999237060547,2.0899999141693115,1.9700000286102295,2.049999952316284,18919,0.0,0.0
2024-01-16 09:30:00-05:00,2.0199999809265137,2.069999933242798,1.9607000350952148,2.062999963760376,1763,0.0,0.0
2024-01-16 10:30:00-05:00,2.0,2.0,2.0,2.0,608,0.0,0.0
2024-01-16 11:30:00-05:00,2.0299999713897705,2.0299999713897705,1.9752999544143677,2.0285000801086426,624,0.0,0.0
2024-01-16 13:30:00-05:00,2.0,2.0199999809265137,2.0,2.0199999809265137,563,0.0,0.0
2024-01-16 14:30:00-05:00,2.0172998905181885,2.0172998905181885,2.0172998905181885,2.0172998905181885,568,0.0,0.0
2024-01-16 15:30:00-05:00,2.0199999809265137,2.0399999618530273,2.0199999809265137,2.0299999713897705,900,0.0,0.0
2024-01-17 09:30:00-05:00,2.0399999618530273,2.0399999618530273,1.9991999864578247,1.9991999864578247,1972,0.0,0.0
2024-01-17 13:30:00-05:00,2.0,2.069999933242798,2.0,2.069999933242798,980,0.0,0.0
2024-01-17 15:30:00-05:00,2.0399999618530273,2.049999952316284,1.9900000095367432,1.9900000095367432,12579,0.0,0.0
2024-01-18 09:30:00-05:00,1.9009000062942505,2.0399999618530273,1.9000999927520752,1.9000999927520752,1499,0.0,0.0
2024-01-18 10:30:00-05:00,2.0399999618530273,2.0399999618530273,2.0399999618530273,2.0399999618530273,215,0.0,0.0
2024-01-18 12:30:00-05:00,1.9776999950408936,1.9776999950408936,1.9776999950408936,1.9776999950408936,346,0.0,0.0
2024-01-18 13:30:00-05:00,2.0199999809265137,2.049999952316284,2.0199999809265137,2.049999952316284,2309,0.0,0.0
2024-01-18 14:30:00-05:00,2.0799999237060547,2.0799999237060547,2.04010009765625,2.04010009765625,779,0.0,0.0
2024-01-18 15:30:00-05:00,2.049999952316284,2.049999952316284,2.0299999713897705,2.0299999713897705,699,0.0,0.0
2024-01-19 09:30:00-05:00,1.9900000095367432,1.9950000047683716,1.9900000095367432,1.9950000047683716,271,0.0,0.0
2024-01-19 11:30:00-05:00,2.0199999809265137,2.0455000400543213,2.0199999809265137,2.0455000400543213,1653,0.0,0.0
2024-01-19 14:30:00-05:00,2.009999990463257,2.0399999618530273,2.009999990463257,2.0399999618530273,243,0.0,0.0
2024-01-19 15:30:00-05:00,2.009999990463257,2.049999952316284,2.009999990463257,2.049999952316284,881,0.0,0.0
2024-01-22 09:30:00-05:00,2.0399999618530273,2.0399999618530273,2.0399999618530273,2.0399999618530273,340,0.0,0.0
2024-01-22 11:30:00-05:00,2.009999990463257,2.0299999713897705,2.0000998973846436,2.0299999713897705,849,0.0,0.0
2024-01-22 13:30:00-05:00,2.0250000953674316,2.049999952316284,2.0,2.0199999809265137,4888,0.0,0.0
2024-01-22 14:30:00-05:00,2.0199999809265137,2.0199999809265137,2.0199999809265137,2.0199999809265137,276,0.0,0.0
2024-01-22 15:30:00-05:00,2.0350000858306885,2.0350000858306885,2.0199999809265137,2.0299999713897705,1499,0.0,0.0
2024-01-23 09:30:00-05:00,2.0299999713897705,2.059999942779541,2.012200117111206,2.0399999618530273,6322,0.0,0.0
2024-01-23 12:30:00-05:00,2.0450000762939453,2.0450000762939453,2.0450000762939453,2.0450000762939453,142,0.0,0.0
2024-01-23 13:30:00-05:00,2.049999952316284,2.049999952316284,2.0499000549316406,2.0499000549316406,1402,0.0,0.0
2024-01-23 14:30:00-05:00,2.0401999950408936,2.0401999950408936,2.0401999950408936,2.0401999950408936,731,0.0,0.0
2024-01-23 15:30:00-05:00,2.0399999618530273,2.0399999618530273,2.0299999713897705,2.0299999713897705,960,0.0,0.0
2024-01-24 09:30:00-05:00,2.0399999618530273,2.0450000762939453,2.0299999713897705,2.0450000762939453,894,0.0,0.0
2024-01-24 10:30:00-05:00,2.0483999252319336,2.059999942779541,2.0452001094818115,2.0524001121520996,2540,0.0,0.0
2024-01-24 11:30:00-05:00,2.0520999431610107,2.069999933242798,2.049999952316284,2.050100088119507,2092,0.0,0.0
2024-01-24 12:30:00-05:00,2.0699000358581543,2.069999933242798,2.049999952316284,2.049999952316284,8420,0.0,0.0
2024-01-24 13:30:00-05:00,2.059999942779541,2.059999942779541,2.0399999618530273,2.0399999618530273,1530,0.0,0.0
2024-01-24 15:30:00-05:00,2.0299999713897705,2.0299999713897705,2.0299999713897705,2.0299999713897705,843,0.0,0.0
2024-01-25 09:30:00-05:00,2.059999942779541,2.059999942779541,2.0457000732421875,2.049999952316284,1103,0.0,0.0
2024-01-25 10:30:00-05:00,2.049999952316284,2.0601000785827637,2.030100107192993,2.0436999797821045,3568,0.0,0.0
2024-01-25 11:30:00-05:00,2.0399999618530273,2.0399999618530273,2.0399999618530273,2.0399999618530273,835,0.0,0.0
2024-01-25 12:30:00-05:00,2.0399999618530273,2.0399999618530273,2.009999990463257,2.015000104904175,17091,0.0,0.0
2024-01-25 13:30:00-05:00,2.0299999713897705,2.069999933242798,2.0299999713897705,2.055000066757202,4319,0.0,0.0
2024-01-25 14:30:00-05:00,2.0899999141693115,2.0899999141693115,2.0899999141693115,2.0899999141693115,807,0.0,0.0
2024-01-25 15:30:00-05:00,2.0899999141693115,2.0899999141693115,2.0299999713897705,2.0299999713897705,4519,0.0,0.0
2024-01-26 09:30:00-05:00,2.069999933242798,2.0799999237060547,2.009999990463257,2.009999990463257,5515,0.0,0.0
2024-01-26 10:30:00-05:00,2.0199999809265137,2.0199999809265137,2.009999990463257,2.0199999809265137,16654,0.0,0.0
2024-01-26 11:30:00-05:00,2.0450000762939453,2.049999952316284,2.0399999618530273,2.049999952316284,1429,0.0,0.0
2024-01-26 13:30:00-05:00,2.046099901199341,2.046099901199341,2.046099901199341,2.046099901199341,105,0.0,0.0
2024-01-26 14:30:00-05:00,2.049999952316284,2.049999952316284,2.0199999809265137,2.0199999809265137,3109,0.0,0.0
2024-01-26 15:30:00-05:00,1.9900000095367432,2.0789999961853027,1.9900000095367432,2.042799949645996,7823,0.0,0.0
2024-01-29 09:30:00-05:00,2.049999952316284,2.049999952316284,2.049999952316284,2.049999952316284,346,0.0,0.0
2024-01-29 10:30:00-05:00,2.049999952316284,2.049999952316284,2.049999952316284,2.049999952316284,305,0.0,0.0
2024-01-29 11:30:00-05:00,2.049999952316284,2.0899999141693115,2.049999952316284,2.0899999141693115,378,0.0,0.0
2024-01-29 12:30:00-05:00,2.065000057220459,2.065000057220459,2.065000057220459,2.065000057220459,390,0.0,0.0
2024-01-29 14:30:00-05:00,2.0899999141693115,2.0899999141693115,2.0899999141693115,2.0899999141693115,194,0.0,0.0
2024-01-29 15:30:00-05:00,2.0399999618530273,2.0399999618530273,1.9700000286102295,1.9700000286102295,0,0.0,0.0
2024-01-30 09:30:00-05:00,1.9699000120162964,1.9700000286102295,1.9699000120162964,1.9700000286102295,5896,0.0,0.0
2024-01-30 12:30:00-05:00,2.059999942779541,2.086400032043457,1.9802000522613525,2.086400032043457,11644,0.0,0.0
2024-01-30 13:30:00-05:00,2.059999942779541,2.059999942779541,2.059999942779541,2.059999942779541,817,0.0,0.0
2024-01-30 15:30:00-05:00,2.049999952316284,2.069999933242798,2.0299999713897705,2.069999933242798,857,0.0,0.0
2024-01-31 11:30:00-05:00,2.0350000858306885,2.0350000858306885,1.9900000095367432,2.0299999713897705,5424,0.0,0.0
2024-01-31 12:30:00-05:00,2.066800117492676,2.066800117492676,2.0018999576568604,2.0018999576568604,479,0.0,0.0
2024-01-31 15:30:00-05:00,2.0,2.069999933242798,2.0,2.069999933242798,1896,0.0,0.0
2024-02-01 09:30:00-05:00,2.0299999713897705,2.0299999713897705,2.0299999713897705,2.0299999713897705,0,0.0,0.0
2024-02-01 15:30:00-05:00,2.069999933242798,2.069999933242798,2.0299999713897705,2.0299999713897705,495,0.0,0.0
2024-02-02 09:30:00-05:00,2.049999952316284,2.049999952316284,2.049999952316284,2.049999952316284,822,0.0,0.0
2024-02-02 10:30:00-05:00,2.0899999141693115,2.0899999141693115,2.075000047683716,2.075000047683716,1879,0.0,0.0
2024-02-02 11:30:00-05:00,2.065000057220459,2.0799999237060547,2.065000057220459,2.0799999237060547,663,0.0,0.0
2024-02-02 15:30:00-05:00,2.049999952316284,2.049999952316284,2.049999952316284,2.049999952316284,1422,0.0,0.0
2024-02-05 09:30:00-05:00,2.0299999713897705,2.0299999713897705,2.0199999809265137,2.0299999713897705,1449,0.0,0.0
2024-02-05 12:30:00-05:00,2.0510001182556152,2.0899999141693115,2.0199999809265137,2.049999952316284,3031,0.0,0.0
2024-02-05 13:30:00-05:00,2.0399999618530273,2.089900016784668,2.0399999618530273,2.089900016784668,705,0.0,0.0
2024-02-05 15:30:00-05:00,2.0220000743865967,2.069999933242798,2.009999990463257,2.009999990463257,2144,0.0,0.0
2024-02-06 09:30:00-05:00,2.0299999713897705,2.0450000762939453,1.9980000257492065,2.009999990463257,0,0.0,0.0
2024-02-06 10:30:00-05:00,2.0799999237060547,2.0799999237060547,2.0799999237060547,2.0799999237060547,391,0.0,0.0
2024-02-06 13:30:00-05:00,2.069999933242798,2.069999933242798,2.069999933242798,2.069999933242798,110,0.0,0.0
2024-02-06 15:30:00-05:00,2.009999990463257,2.069999933242798,2.009999990463257,2.0199999809265137,1957,0.0,0.0
2024-02-07 09:30:00-05:00,2.0399999618530273,2.0399999618530273,2.0299999713897705,2.0299999713897705,0,0.0,0.0
2024-02-07 11:30:00-05:00,2.0399999618530273,2.0399999618530273,2.0399999618530273,2.0399999618530273,1365,0.0,0.0
2024-02-07 13:30:00-05:00,2.059999942779541,2.059999942779541,2.0399999618530273,2.0399999618530273,2429,0.0,0.0
2024-02-07 14:30:00-05:00,2.0399999618530273,2.0399999618530273,2.0399999618530273,2.0399999618530273,461,0.0,0.0
2024-02-07 15:30:00-05:00,2.0299999713897705,2.049999952316284,2.009999990463257,2.010499954223633,1729,0.0,0.0
2024-02-08 09:30:00-05:00,2.0517001152038574,2.07669997215271,2.0517001152038574,2.07669997215271,1315,0.0,0.0
2024-02-08 10:30:00-05:00,2.082200050354004,2.082200050354004,2.030100107192993,2.055000066757202,1054,0.0,0.0
2024-02-08 11:30:00-05:00,2.059999942779541,2.069999933242798,2.059999942779541,2.069999933242798,849,0.0,0.0
2024-02-08 12:30:00-05:00,2.059999942779541,2.059999942779541,2.059999942779541,2.059999942779541,201,0.0,0.0
2024-02-08 13:30:00-05:00,2.0409998893737793,2.059999942779541,2.0409998893737793,2.059999942779541,1407,0.0,0.0
2024-02-08 15:30:00-05:00,2.059999942779541,2.059999942779541,2.0399999618530273,2.0399999618530273,1468,0.0,0.0
2024-02-09 09:30:00-05:00,2.0299999713897705,2.0399999618530273,2.0299999713897705,2.0399999618530273,913,0.0,0.0
2024-02-09 10:30:00-05:00,2.04010009765625,2.04010009765625,2.04010009765625,2.04010009765625,332,0.0,0.0
2024-02-09 11:30:00-05:00,2.0399999618530273,2.069999933242798,2.009999990463257,2.069999933242798,1670,0.0,0.0
2024-02-09 12:30:00-05:00,2.059999942779541,2.069999933242798,2.0399999618530273,2.069999933242798,5266,0.0,0.0
2024-02-09 13:30:00-05:00,2.0678000450134277,2.0999999046325684,2.059999942779541,2.0899999141693115,6888,0.0,0.0
2024-02-09 14:30:00-05:00,2.109999895095825,2.109999895095825,2.0899999141693115,2.0999999046325684,5196,0.0,0.0
2024-02-09 15:30:00-05:00,2.0850000381469727,2.109999895095825,2.0799999237060547,2.0827999114990234,4052,0.0,0.0
2024-02-12 09:30:00-05:00,2.0515999794006348,2.059999942779541,2.0515999794006348,2.059999942779541,0,0.0,0.0
2024-02-12 11:30:00-05:00,2.0999999046325684,2.0999999046325684,2.0999999046325684,2.0999999046325684,163,0.0,0.0
2024-02-12 12:30:00-05:00,2.109999895095825,2.109999895095825,2.109999895095825,2.109999895095825,695,0.0,0.0
2024-02-12 13:30:00-05:00,2.0999999046325684,2.0999999046325684,2.0999999046325684,2.0999999046325684,689,0.0,0.0
2024-02-12 14:30:00-05:00,2.109999895095825,2.109999895095825,2.098099946975708,2.0999999046325684,1658,0.0,0.0
2024-02-12 15:30:00-05:00,2.109999895095825,2.109999895095825,2.0899999141693115,2.109999895095825,1310,0.0,0.0
2024-02-13 11:30:00-05:00,2.109999895095825,2.119999885559082,2.0799999237060547,2.0799999237060547,621,0.0,0.0
2024-02-13 12:30:00-05:00,2.119999885559082,2.119999885559082,2.119999885559082,2.119999885559082,469,0.0,0.0
2024-02-13 13:30:00-05:00,2.1050000190734863,2.119999885559082,2.1050000190734863,2.119999885559082,744,0.0,0.0
2024-02-13 14:30:00-05:00,2.0999999046325684,2.0999999046325684,2.0999999046325684,2.0999999046325684,295,0.0,0.0
2024-02-13 15:30:00-05:00,2.119999885559082,2.119999885559082,2.119999885559082,2.119999885559082,0,0.0,0.0
2024-02-14 10:30:00-05:00,2.130000114440918,2.130000114440918,2.0899999141693115,2.0899999141693115,902,0.0,0.0
2024-02-14 11:30:00-05:00,2.119999885559082,2.119999885559082,2.0799999237060547,2.0999999046325684,5501,0.0,0.0
2024-02-14 12:30:00-05:00,2.109999895095825,2.109999895095825,2.081199884414673,2.081199884414673,365,0.0,0.0
2024-02-14 13:30:00-05:00,2.119999885559082,2.119999885559082,2.0799999237060547,2.0799999237060547,2596,0.0,0.0
2024-02-14 14:30:00-05:00,2.049999952316284,2.0999999046325684,2.049999952316284,2.0999999046325684,3450,0.0,0.0
2024-02-14 15:30:00-05:00,2.0799999237060547,2.0850000381469727,2.0501999855041504,2.0850000381469727,3839,0.0,0.0
2024-02-15 09:30:00-05:00,2.0799999237060547,2.119999885559082,2.0799999237060547,2.119999885559082,737,0.0,0.0
2024-02-15 10:30:00-05:00,2.069999933242798,2.119999885559082,2.069999933242798,2.119999885559082,294,0.0,0.0
2024-02-15 11:30:00-05:00,2.0999999046325684,2.119999885559082,2.0999999046325684,2.109999895095825,899,0.0,0.0
2024-02-15 12:30:00-05:00,2.119999885559082,2.130000114440918,2.109999895095825,2.130000114440918,6632,0.0,0.0
2024-02-15 13:30:00-05:00,2.119999885559082,2.1277999877929688,2.119999885559082,2.1277999877929688,807,0.0,0.0
2024-02-15 14:30:00-05:00,2.109999895095825,2.109999895095825,2.0799999237060547,2.0799999237060547,1137,0.0,0.0
2024-02-15 15:30:00-05:00,2.119999885559082,2.119999885559082,2.059999942779541,2.059999942779541,1874,0.0,0.0
2024-02-16 09:30:00-05:00,2.0799999237060547,2.0799999237060547,2.0799999237060547,2.0799999237060547,0,0.0,0.0
2024-02-16 11:30:00-05:00,2.0899999141693115,2.0899999141693115,2.069999933242798,2.069999933242798,604,0.0,0.0
2024-02-16 13:30:00-05:00,2.069999933242798,2.0899999141693115,2.049999952316284,2.0785999298095703,1156,0.0,0.0
2024-02-16 15:30:00-05:00,2.0850000381469727,2.0850000381469727,2.059999942779541,2.059999942779541,584,0.0,0.0
2024-02-20 09:30:00-05:00,2.0299999713897705,2.0399999618530273,2.0299999713897705,2.0299999713897705,1469,0.0,0.0
2024-02-20 10:30:00-05:00,2.0299999713897705,2.0399999618530273,2.009999990463257,2.0299999713897705,2137,0.0,0.0
2024-02-20 12:30:00-05:00,2.0299999713897705,2.0299999713897705,2.0299999713897705,2.0299999713897705,245,0.0,0.0
2024-02-20 13:30:00-05:00,2.0299999713897705,2.0399999618530273,2.009999990463257,2.0399999618530273,2093,0.0,0.0
2024-02-20 14:30:00-05:00,2.0299999713897705,2.0299999713897705,2.0299999713897705,2.0299999713897705,4890,0.0,0.0
2024-02-20 15:30:00-05:00,2.0299999713897705,2.0399999618530273,2.009999990463257,2.0299999713897705,13969,0.0,0.0
2024-02-21 09:30:00-05:00,2.0299999713897705,2.0299999713897705,2.0299999713897705,2.0299999713897705,467,0.0,0.0
2024-02-21 10:30:00-05:00,2.0910000801086426,2.0910000801086426,2.0450000762939453,2.0450000762939453,598,0.0,0.0
2024-02-21 12:30:00-05:00,2.0494000911712646,2.0494000911712646,2.0299999713897705,2.0302000045776367,1240,0.0,0.0
2024-02-21 13:30:00-05:00,2.0299999713897705,2.0899999141693115,2.0299999713897705,2.0899999141693115,1201,0.0,0.0
2024-02-21 14:30:00-05:00,2.0299999713897705,2.0299999713897705,2.0299999713897705,2.0299999713897705,688,0.0,0.0
2024-02-21 15:30:00-05:00,2.069999933242798,2.0899999141693115,2.069999933242798,2.0889999866485596,0,0.0,0.0
2024-02-22 09:30:00-05:00,2.055000066757202,2.099900007247925,2.009999990463257,2.0899999141693115,5537,0.0,0.0
2024-02-22 11:30:00-05:00,2.069999933242798,2.069999933242798,2.069999933242798,2.069999933242798,105,0.0,0.0
2024-02-22 13:30:00-05:00,2.0548999309539795,2.0548999309539795,2.0199999809265137,2.049999952316284,3768,0.0,0.0
2024-02-22 14:30:00-05:00,2.0299999713897705,2.0299999713897705,1.9800000190734863,2.009999990463257,22065,0.0,0.0
2024-02-22 15:30:00-05:00,2.009999990463257,2.0399999618530273,2.009999990463257,2.0299999713897705,2927,0.0,0.0
2024-02-23 09:30:00-05:00,2.0299999713897705,2.069999933242798,2.0299999713897705,2.069999933242798,540,0.0,0.0
2024-02-23 11:30:00-05:00,2.0597000122070312,2.062700033187866,2.030100107192993,2.0499000549316406,961,0.0,0.0
2024-02-23 12:30:00-05:00,2.035799980163574,2.035799980163574,2.0299999713897705,2.0299999713897705,1203,0.0,0.0
2024-02-23 14:30:00-05:00,2.030400037765503,2.030400037765503,2.030400037765503,2.030400037765503,979,0.0,0.0
2024-02-23 15:30:00-05:00,2.0399999618530273,2.0399999618530273,2.0299999713897705,2.0299999713897705,2042,0.0,0.0
2024-02-26 09:30:00-05:00,2.009999990463257,2.0799999237060547,2.009999990463257,2.0799999237060547,0,0.0,0.0
2024-02-26 12:30:00-05:00,2.0415000915527344,2.066499948501587,2.009999990463257,2.066499948501587,1366,0.0,0.0
2024-02-26 13:30:00-05:00,2.065000057220459,2.065000057220459,2.065000057220459,2.065000057220459,1033,0.0,0.0
2024-02-26 14:30:00-05:00,2.049999952316284,2.065000057220459,2.049999952316284,2.049999952316284,5537,0.0,0.0
2024-02-26 15:30:00-05:00,2.0020999908447266,2.015000104904175,1.9500000476837158,1.9500000476837158,5969,0.0,0.0
2024-02-27 09:30:00-05:00,1.9199999570846558,1.9199999570846558,1.9199999570846558,1.9199999570846558,302,0.0,0.0
2024-02-27 11:30:00-05:00,2.0250000953674316,2.0250000953674316,2.0250000953674316,2.0250000953674316,540,0.0,0.0
2024-02-27 12:30:00-05:00,2.0250000953674316,2.0250000953674316,2.0250000953674316,2.0250000953674316,271,0.0,0.0
2024-02-27 13:30:00-05:00,1.975000023841858,1.9950000047683716,1.975000023841858,1.9950000047683716,2924,0.0,0.0
2024-02-27 15:30:00-05:00,1.9500000476837158,1.9500000476837158,1.9500000476837158,1.9500000476837158,320,0.0,0.0
2024-02-28 09:30:00-05:00,1.9500000476837158,1.9500999450683594,1.940000057220459,1.9500000476837158,7321,0.0,0.0
2024-02-28 10:30:00-05:00,1.9270000457763672,1.9270000457763672,1.9199999570846558,1.9199999570846558,3081,0.0,0.0
2024-02-28 11:30:00-05:00,1.9199999570846558,1.929800033569336,1.9199999570846558,1.9278000593185425,491,0.0,0.0
2024-02-28 12:30:00-05:00,1.9717999696731567,1.9717999696731567,1.9717999696731567,1.9717999696731567,640,0.0,0.0
2024-02-28 14:30:00-05:00,2.0299999713897705,2.0299999713897705,2.0,2.0,326,0.0,0.0
2024-02-28 15:30:00-05:00,1.9299999475479126,1.9299999475479126,1.9199999570846558,1.9199999570846558,0,0.0,0.0
2024-02-29 09:30:00-05:00,1.8700000047683716,1.8899999856948853,1.8250000476837158,1.8899999856948853,18149,0.0,0.0
2024-02-29 10:30:00-05:00,1.975000023841858,1.975000023841858,1.975000023841858,1.975000023841858,759,0.0,0.0
2024-02-29 12:30:00-05:00,1.9249999523162842,1.9249999523162842,1.9249999523162842,1.9249999523162842,583,0.0,0.0
2024-02-29 13:30:00-05:00,1.9349000453948975,1.9349000453948975,1.9349000453948975,1.9349000453948975,254,0.0,0.0
2024-02-29 15:30:00-05:00,1.9286999702453613,1.9700000286102295,1.9199999570846558,1.9199999570846558,1901,0.0,0.0
2024-03-01 09:30:00-05:00,1.8799999952316284,1.8898999691009521,1.8300000429153442,1.875,1217,0.0,0.0
2024-03-01 10:30:00-05:00,1.875,1.8899999856948853,1.850000023841858,1.850000023841858,0,0.0,0.0
2024-03-01 11:30:00-05:00,1.8687000274658203,1.909999966621399,1.8687000274658203,1.909999966621399,6174,0.0,0.0
2024-03-01 12:30:00-05:00,1.899999976158142,2.099900007247925,1.899999976158142,2.099900007247925,22820,0.0,0.0
2024-03-01 13:30:00-05:00,2.009999990463257,2.009999990463257,2.009999990463257,2.009999990463257,904,0.0,0.0
2024-03-01 14:30:00-05:00,2.003000020980835,2.003000020980835,2.003000020980835,2.003000020980835,333,0.0,0.0
2024-03-01 15:30:00-05:00,1.9400999546051025,1.9850000143051147,1.9400999546051025,1.9850000143051147,254,0.0,0.0
2024-03-04 09:30:00-05:00,1.9900000095367432,1.9900000095367432,1.9801000356674194,1.9801000356674194,483,0.0,0.0
2024-03-04 10:30:00-05:00,2.0,2.0,2.0,2.0,1781,0.0,0.0
2024-03-04 12:30:00-05:00,2.0399999618530273,2.0399999618530273,1.9900000095367432,2.009999990463257,1791,0.0,0.0
2024-03-04 13:30:00-05:00,2.009999990463257,2.0299999713897705,1.9809999465942383,1.9809999465942383,1642,0.0,0.0
2024-03-04 14:30:00-05:00,1.9850000143051147,1.9850000143051147,1.9808000326156616,1.9808000326156616,235,0.0,0.0
2024-03-04 15:30:00-05:00,2.0250000953674316,2.0250000953674316,2.005000114440918,2.005000114440918,2463,0.0,0.0
2024-03-05 09:30:00-05:00,2.009999990463257,2.009999990463257,2.009999990463257,2.009999990463257,322,0.0,0.0
2024-03-05 10:30:00-05:00,2.009999990463257,2.009999990463257,2.009999990463257,2.009999990463257,0,0.0,0.0
2024-03-05 12:30:00-05:00,2.049999952316284,2.049999952316284,1.9900000095367432,1.9900000095367432,1621,0.0,0.0
2024-03-05 13:30:00-05:00,1.9700000286102295,1.9700000286102295,1.9700000286102295,1.9700000286102295,344,0.0,0.0
2024-03-05 14:30:00-05:00,2.009999990463257,2.0199999809265137,1.9700000286102295,1.9900000095367432,55087,0.0,0.0
2024-03-05 15:30:00-05:00,1.9700000286102295,1.9700000286102295,1.9700000286102295,1.9700000286102295,2787,0.0,0.0
2024-03-06 09:30:00-05:00,1.940000057220459,2.019399881362915,1.940000057220459,2.019399881362915,3301,0.0,0.0
2024-03-06 11:30:00-05:00,2.0,2.0,2.0,2.0,5626,0.0,0.0
2024-03-06 12:30:00-05:00,2.029900074005127,2.125499963760376,2.0201001167297363,2.0201001167297363,13057,0.0,0.0
2024-03-06 13:30:00-05:00,2.0299999713897705,2.094099998474121,1.9500000476837158,1.9600000381469727,3172,0.0,0.0
2024-03-06 14:30:00-05:00,1.9900000095367432,1.9900000095367432,1.9500000476837158,1.9500000476837158,2454,0.0,0.0
2024-03-06 15:30:00-05:00,1.9500000476837158,2.0099000930786133,1.9500000476837158,2.0058999061584473,9769,0.0,0.0
2024-03-07 09:30:00-05:00,1.9500000476837158,1.965000033378601,1.9129999876022339,1.9129999876022339,3193,0.0,0.0
2024-03-07 10:30:00-05:00,1.9279999732971191,1.9279999732971191,1.9279999732971191,1.9279999732971191,1171,0.0,0.0
2024-03-07 11:30:00-05:00,1.8799999952316284,1.8799999952316284,1.8300000429153442,1.840000033378601,1962,0.0,0.0
2024-03-07 12:30:00-05:00,1.850000023841858,1.8898999691009521,1.850000023841858,1.8756999969482422,4226,0.0,0.0
2024-03-07 13:30:00-05:00,1.8798999786376953,1.8799999952316284,1.8600000143051147,1.8600000143051147,3424,0.0,0.0
2024-03-07 14:30:00-05:00,1.8600000143051147,1.8600000143051147,1.7899999618530273,1.805400013923645,4569,0.0,0.0
2024-03-07 15:30:00-05:00,1.8299000263214111,1.8839000463485718,1.8299000263214111,1.8839000463485718,11990,0.0,0.0
2024-03-08 09:30:00-05:00,1.8700000047683716,1.8700000047683716,1.7100000381469727,1.809999942779541,7505,0.0,0.0
2024-03-08 10:30:00-05:00,1.809999942779541,1.8100999593734741,1.7101000547409058,1.7699999809265137,24726,0.0,0.0
2024-03-08 11:30:00-05:00,1.7649999856948853,1.8200000524520874,1.75,1.75,6637,0.0,0.0
2024-03-08 12:30:00-05:00,1.75,1.8049999475479126,1.7400000095367432,1.7999999523162842,5748,0.0,0.0
2024-03-08 13:30:00-05:00,1.7999999523162842,1.7999999523162842,1.7999999523162842,1.7999999523162842,1205,0.0,0.0
2024-03-08 14:30:00-05:00,1.7421000003814697,1.7421000003814697,1.7100000381469727,1.715000033378601,8257,0.0,0.0
2024-03-08 15:30:00-05:00,1.7050000429153442,1.7400000095367432,1.7000000476837158,1.715000033378601,3914,0.0,0.0
2024-03-11 09:30:00-04:00,1.75,1.75,1.75,1.75,626,0.0,0.0
2024-03-11 11:30:00-04:00,1.75,1.850000023841858,1.75,1.8450000286102295,6518,0.0,0.0
2024-03-11 12:30:00-04:00,1.7999999523162842,1.8300000429153442,1.7999999523162842,1.8250000476837158,1402,0.0,0.0
2024-03-11 13:30:00-04:00,1.8250000476837158,1.8300000429153442,1.8250000476837158,1.8300000429153442,425,0.0,0.0
2024-03-11 14:30:00-04:00,1.7799999713897705,1.7899999618530273,1.75,1.7899999618530273,7480,0.0,0.0
2024-03-11 15:30:00-04:00,1.7899999618530273,1.7899999618530273,1.7699999809265137,1.7699999809265137,11242,0.0,0.0
2024-03-12 11:30:00-04:00,1.7000000476837158,1.7899999618530273,1.690000057220459,1.7510000467300415,12742,0.0,0.0
2024-03-12 12:30:00-04:00,1.7949999570846558,1.8049999475479126,1.70169997215271,1.8049999475479126,1385,0.0,0.0
2024-03-12 13:30:00-04:00,1.7949999570846558,1.7949999570846558,1.690000057220459,1.7000000476837158,5116,0.0,0.0
2024-03-12 14:30:00-04:00,1.6999000310897827,1.6999000310897827,1.6500999927520752,1.690000057220459,6637,0.0,0.0
2024-03-12 15:30:00-04:00,1.690000057220459,1.7300000190734863,1.6799999475479126,1.725000023841858,2403,0.0,0.0
2024-03-13 11:30:00-04:00,1.7640000581741333,1.7640000581741333,1.7640000581741333,1.7640000581741333,884,0.0,0.0
2024-03-13 12:30:00-04:00,1.75,1.75,1.7000000476837158,1.7400000095367432,10268,0.0,0.0
2024-03-13 13:30:00-04:00,1.7300000190734863,1.7877000570297241,1.7300000190734863,1.7877000570297241,4973,0.0,0.0
2024-03-13 14:30:00-04:00,1.8300000429153442,1.850000023841858,1.690000057220459,1.690000057220459,7410,0.0,0.0
2024-03-13 15:30:00-04:00,1.7200000286102295,1.7400000095367432,1.7200000286102295,1.7400000095367432,209,0.0,0.0
2024-03-14 09:30:00-04:00,1.690000057220459,1.7000000476837158,1.6100000143051147,1.6100000143051147,11524,0.0,0.0
2024-03-14 10:30:00-04:00,1.620300054550171,1.6799999475479126,1.6200000047683716,1.6799999475479126,1783,0.0,0.0
2024-03-14 11:30:00-04:00,1.6699999570846558,1.6699999570846558,1.6200000047683716,1.6200000047683716,2220,0.0,0.0
2024-03-14 12:30:00-04:00,1.649999976158142,1.6699999570846558,1.6299999952316284,1.6299999952316284,2791,0.0,0.0
2024-03-14 13:30:00-04:00,1.6799999475479126,1.6799999475479126,1.6563999652862549,1.6563999652862549,311,0.0,0.0
2024-03-14 14:30:00-04:00,1.6677000522613525,1.6677000522613525,1.6677000522613525,1.6677000522613525,1248,0.0,0.0
2024-03-14 15:30:00-04:00,1.6399999856948853,1.6399999856948853,1.6200000047683716,1.6200000047683716,3345,0.0,0.0
2024-03-15 09:30:00-04:00,1.590000033378601,1.6598999500274658,1.5850000381469727,1.6449999809265137,1576,0.0,0.0
2024-03-15 10:30:00-04:00,1.6299999952316284,1.6299999952316284,1.6299999952316284,1.6299999952316284,1043,0.0,0.0
2024-03-15 11:30:00-04:00,1.659999966621399,1.659999966621399,1.6299999952316284,1.6299999952316284,481,0.0,0.0
2024-03-15 12:30:00-04:00,1.6399999856948853,1.684399962425232,1.6299999952316284,1.6299999952316284,2088,0.0,0.0
2024-03-15 13:30:00-04:00,1.6299999952316284,1.6299999952316284,1.6299999952316284,1.6299999952316284,498,0.0,0.0
2024-03-15 14:30:00-04:00,1.6100000143051147,1.6100000143051147,1.559999942779541,1.5746999979019165,1249,0.0,0.0
2024-03-15 15:30:00-04:00,1.5751999616622925,1.6299999952316284,1.5751999616622925,1.5800000429153442,6310,0.0,0.0
2024-03-18 09:30:00-04:00,1.649999976158142,1.649999976158142,1.600100040435791,1.601199984550476,0,0.0,0.0
2024-03-18 10:30:00-04:00,1.649999976158142,1.649999976158142,1.6100000143051147,1.6100000143051147,835,0.0,0.0
2024-03-18 11:30:00-04:00,1.6100000143051147,1.625,1.6100000143051147,1.625,8811,0.0,0.0
2024-03-18 12:30:00-04:00,1.6398999691009521,1.6399999856948853,1.5499999523162842,1.5499999523162842,7373,0.0,0.0
2024-03-18 13:30:00-04:00,1.590000033378601,1.590000033378601,1.590000033378601,1.590000033378601,377,0.0,0.0
2024-03-18 14:30:00-04:00,1.5800000429153442,1.6100000143051147,1.5800000429153442,1.6100000143051147,2805,0.0,0.0
2024-03-18 15:30:00-04:00,1.6299999952316284,1.6299999952316284,1.5700000524520874,1.5700000524520874,6818,0.0,0.0
2024-03-19 09:30:00-04:00,1.559999942779541,1.659999966621399,1.559999942779541,1.559999942779541,1399,0.0,0.0
2024-03-19 10:30:00-04:00,1.5950000286102295,1.6749999523162842,1.559999942779541,1.6749999523162842,3107,0.0,0.0
2024-03-19 11:30:00-04:00,1.5549999475479126,1.6749999523162842,1.5549999475479126,1.559999942779541,649,0.0,0.0
2024-03-19 12:30:00-04:00,1.6749999523162842,1.6749999523162842,1.6749999523162842,1.6749999523162842,152,0.0,0.0
2024-03-19 13:30:00-04:00,1.5700000524520874,1.6749999523162842,1.559999942779541,1.559999942779541,418,0.0,0.0
2024-03-19 14:30:00-04:00,1.6649999618530273,1.6649999618530273,1.5800000429153442,1.6649999618530273,315,0.0,0.0
2024-03-19 15:30:00-04:00,1.6649999618530273,1.6649999618530273,1.5800000429153442,1.590000033378601,790,0.0,0.0
2024-03-20 09:30:00-04:00,1.6100000143051147,1.649999976158142,1.6100000143051147,1.649999976158142,4709,0.0,0.0
2024-03-20 11:30:00-04:00,1.600000023841858,1.600000023841858,1.600000023841858,1.600000023841858,2234,0.0,0.0
2024-03-20 12:30:00-04:00,1.559999942779541,1.5700000524520874,1.559999942779541,1.5683000087738037,2210,0.0,0.0
2024-03-20 13:30:00-04:00,1.5515999794006348,1.5700000524520874,1.5499999523162842,1.565000057220459,2004,0.0,0.0
2024-03-20 14:30:00-04:00,1.5513999462127686,1.590000033378601,1.5513999462127686,1.590000033378601,3978,0.0,0.0
2024-03-20 15:30:00-04:00,1.5700000524520874,1.5700000524520874,1.5199999809265137,1.5199999809265137,23933,0.0,0.0
2024-03-21 09:30:00-04:00,1.5099999904632568,1.5480999946594238,1.5099999904632568,1.5199999809265137,1802,0.0,0.0
2024-03-21 10:30:00-04:00,1.5499999523162842,1.5499999523162842,1.5499999523162842,1.5499999523162842,1200,0.0,0.0
2024-03-21 12:30:00-04:00,1.5299999713897705,1.5299999713897705,1.5299999713897705,1.5299999713897705,385,0.0,0.0
2024-03-21 13:30:00-04:00,1.5299999713897705,1.5299999713897705,1.5299999713897705,1.5299999713897705,221,0.0,0.0
2024-03-21 14:30:00-04:00,1.5299999713897705,1.5299999713897705,1.5099999904632568,1.5099999904632568,14122,0.0,0.0
2024-03-21 15:30:00-04:00,1.5299999713897705,1.5399999618530273,1.5,1.5,17923,0.0,0.0
2024-03-22 09:30:00-04:00,1.5,1.5499999523162842,1.5,1.5499999523162842,1391,0.0,0.0
2024-03-22 10:30:00-04:00,1.4700000286102295,1.4700000286102295,1.4450000524520874,1.4450000524520874,1197,0.0,0.0
2024-03-22 11:30:00-04:00,1.4204000234603882,1.442199945449829,1.3899999856948853,1.3899999856948853,11721,0.0,0.0
2024-03-22 12:30:00-04:00,1.3949999809265137,1.3949999809265137,1.3600000143051147,1.3882999420166016,3991,0.0,0.0
2024-03-22 13:30:00-04:00,1.3899999856948853,1.3899999856948853,1.3849999904632568,1.3899999856948853,2929,0.0,0.0
2024-03-22 14:30:00-04:00,1.4049999713897705,1.419700026512146,1.3650000095367432,1.3650000095367432,15780,0.0,0.0
2024-03-22 15:30:00-04:00,1.3898999691009521,1.4700000286102295,1.340000033378601,1.3417999744415283,32222,0.0,0.0
2024-03-25 09:30:00-04:00,1.392799973487854,1.4850000143051147,1.3650000095367432,1.4700000286102295,12351,0.0,0.0
2024-03-25 10:30:00-04:00,1.475000023841858,1.475000023841858,1.4400999546051025,1.4699000120162964,7220,0.0,0.0
2024-03-25 11:30:00-04:00,1.4600000381469727,1.4600000381469727,1.4550000429153442,1.4600000381469727,2169,0.0,0.0
2024-03-25 12:30:00-04:00,1.4800000190734863,1.4850000143051147,1.4500000476837158,1.4500000476837158,1432,0.0,0.0
2024-03-25 13:30:00-04:00,1.4742000102996826,1.4742000102996826,1.4500000476837158,1.4500000476837158,805,0.0,0.0
2024-03-25 14:30:00-04:00,1.434999942779541,1.434999942779541,1.410099983215332,1.410099983215332,5986,0.0,0.0
2024-03-25 15:30:00-04:00,1.440000057220459,1.440000057220459,1.399999976158142,1.399999976158142,493,0.0,0.0
2024-03-26 09:30:00-04:00,1.4134999513626099,1.4134999513626099,1.4134999513626099,1.4134999513626099,632,0.0,0.0
2024-03-26 10:30:00-04:00,1.4149999618530273,1.5499999523162842,1.4149999618530273,1.4299999475479126,12926,0.0,0.0
2024-03-26 12:30:00-04:00,1.4600000381469727,1.4600000381469727,1.399999976158142,1.4600000381469727,502,0.0,0.0
2024-03-26 14:30:00-04:00,1.4500000476837158,1.4566999673843384,1.4500000476837158,1.4566999673843384,466,0.0,0.0
2024-03-26 15:30:00-04:00,1.4500000476837158,1.4500000476837158,1.440000057220459,1.440000057220459,2363,0.0,0.0
2024-03-27 09:30:00-04:00,1.4700000286102295,1.5399999618530273,1.4700000286102295,1.5399999618530273,1724,0.0,0.0
2024-03-27 10:30:00-04:00,1.5,1.5,1.4700000286102295,1.4700000286102295,0,0.0,0.0
2024-03-27 11:30:00-04:00,1.4600000381469727,1.4600000381469727,1.2999999523162842,1.4342000484466553,8174,0.0,0.0
2024-03-27 12:30:00-04:00,1.4182000160217285,1.4182000160217285,1.4182000160217285,1.4182000160217285,329,0.0,0.0
2024-03-27 13:30:00-04:00,1.4299999475479126,1.4299999475479126,1.4299999475479126,1.4299999475479126,1169,0.0,0.0
2024-03-27 15:30:00-04:00,1.4500000476837158,1.4500000476837158,1.350000023841858,1.3949999809265137,13709,0.0,0.0
2024-03-28 09:30:00-04:00,1.4800000190734863,1.4800000190734863,1.465000033378601,1.465000033378601,1160,0.0,0.0
2024-03-28 10:30:00-04:00,1.4700000286102295,1.4800000190734863,1.4700000286102295,1.4800000190734863,955,0.0,0.0
2024-03-28 11:30:00-04:00,1.4946999549865723,1.4946999549865723,1.4946999549865723,1.4946999549865723,572,0.0,0.0
2024-03-28 12:30:00-04:00,1.4363000392913818,1.4363000392913818,1.4363000392913818,1.4363000392913818,1941,0.0,0.0
2024-03-28 14:30:00-04:00,1.4600000381469727,1.5099999904632568,1.4596999883651733,1.465000033378601,6864,0.0,0.0
2024-03-28 15:30:00-04:00,1.4900000095367432,1.4900000095367432,1.409999966621399,1.409999966621399,6960,0.0,0.0
2024-04-01 09:30:00-04:00,1.4199999570846558,1.4199999570846558,1.4199999570846558,1.4199999570846558,0,0.0,0.0
2024-04-01 11:30:00-04:00,1.4199999570846558,1.4199999570846558,1.4199999570846558,1.4199999570846558,327,0.0,0.0
2024-04-01 12:30:00-04:00,1.4600000381469727,1.4800000190734863,1.4600000381469727,1.4800000190734863,1007,0.0,0.0
2024-04-01 13:30:00-04:00,1.4900000095367432,1.5199999809265137,1.4900000095367432,1.5199999809265137,2022,0.0,0.0
2024-04-01 14:30:00-04:00,1.5003000497817993,1.500599980354309,1.4299999475479126,1.4503999948501587,10209,0.0,0.0
2024-04-01 15:30:00-04:00,1.4491000175476074,1.4900000095367432,1.445199966430664,1.4900000095367432,15872,0.0,0.0
2024-04-02 09:30:00-04:00,1.4789999723434448,1.4789999723434448,1.4789999723434448,1.4789999723434448,939,0.0,0.0
2024-04-02 10:30:00-04:00,1.475000023841858,1.565000057220459,1.4600000381469727,1.5010000467300415,3879,0.0,0.0
2024-04-02 11:30:00-04:00,1.5099999904632568,1.5099999904632568,1.4800000190734863,1.4800000190734863,1735,0.0,0.0
2024-04-02 13:30:00-04:00,1.4500000476837158,1.4780000448226929,1.4500000476837158,1.4780000448226929,363,0.0,0.0
2024-04-02 14:30:00-04:00,1.4500000476837158,1.4800000190734863,1.4500000476837158,1.475000023841858,2870,0.0,0.0
2024-04-02 15:30:00-04:00,1.4850000143051147,1.5,1.4600000381469727,1.5,2736,0.0,0.0
2024-04-03 11:30:00-04:00,1.5235999822616577,1.5235999822616577,1.5049999952316284,1.520900011062622,3575,0.0,0.0
2024-04-03 12:30:00-04:00,1.5049999952316284,1.5299999713897705,1.4800000190734863,1.5299999713897705,6582,0.0,0.0
2024-04-03 13:30:00-04:00,1.4884999990463257,1.5199999809265137,1.4801000356674194,1.4871000051498413,3018,0.0,0.0
2024-04-03 14:30:00-04:00,1.5099999904632568,1.5099999904632568,1.4800000190734863,1.4941999912261963,3818,0.0,0.0
2024-04-03 15:30:00-04:00,1.4800000190734863,1.5399999618530273,1.4800000190734863,1.5399999618530273,1788,0.0,0.0
2024-04-04 09:30:00-04:00,1.559999942779541,1.559999942779541,1.4900000095367432,1.4900000095367432,4840,0.0,0.0
2024-04-04 10:30:00-04:00,1.475000023841858,1.475000023841858,1.475000023841858,1.475000023841858,16255,0.0,0.0
2024-04-04 11:30:00-04:00,1.5149999856948853,1.544800043106079,1.5149999856948853,1.5182000398635864,1913,0.0,0.0
2024-04-04 12:30:00-04:00,1.5449999570846558,1.5449999570846558,1.5,1.5099999904632568,824,0.0,0.0
2024-04-04 13:30:00-04:00,1.4900000095367432,1.4900000095367432,1.4900000095367432,1.4900000095367432,121,0.0,0.0
2024-04-04 14:30:00-04:00,1.4801000356674194,1.4801000356674194,1.4801000356674194,1.4801000356674194,3571,0.0,0.0
2024-04-04 15:30:00-04:00,1.4850000143051147,1.5099999904632568,1.4520000219345093,1.4600000381469727,2807,0.0,0.0
2024-04-05 10:30:00-04:00,1.4900000095367432,1.4900000095367432,1.4800000190734863,1.4800000190734863,4206,0.0,0.0
2024-04-05 13:30:00-04:00,1.4500000476837158,1.4500000476837158,1.38919997215271,1.4299999475479126,7401,0.0,0.0
2024-04-05 14:30:00-04:00,1.4299999475479126,1.4299999475479126,1.399999976158142,1.399999976158142,17439,0.0,0.0
2024-04-05 15:30:00-04:00,1.409999966621399,1.4450000524520874,1.392699956893921,1.440000057220459,6699,0.0,0.0
2024-04-08 09:30:00-04:00,1.4299999475479126,1.4299999475479126,1.4299999475479126,1.4299999475479126,705,0.0,0.0
2024-04-08 10:30:00-04:00,1.4199999570846558,1.4199999570846558,1.4049999713897705,1.4149999618530273,3921,0.0,0.0
2024-04-08 12:30:00-04:00,1.409999966621399,1.409999966621399,1.4000999927520752,1.4000999927520752,5051,0.0,0.0
2024-04-08 13:30:00-04:00,1.399999976158142,1.399999976158142,1.399999976158142,1.399999976158142,580,0.0,0.0
2024-04-08 14:30:00-04:00,1.399999976158142,1.399999976158142,1.399999976158142,1.399999976158142,855,0.0,0.0
2024-04-08 15:30:00-04:00,1.399999976158142,1.409999966621399,1.3899999856948853,1.3899999856948853,2537,0.0,0.0
2024-04-09 09:30:00-04:00,1.399999976158142,1.399999976158142,1.3799999952316284,1.3799999952316284,3489,0.0,0.0
2024-04-09 10:30:00-04:00,1.3799999952316284,1.3799999952316284,1.3600000143051147,1.3600000143051147,2869,0.0,0.0
2024-04-09 11:30:00-04:00,1.399999976158142,1.399999976158142,1.399999976158142,1.399999976158142,2701,0.0,0.0
2024-04-09 12:30:00-04:00,1.3600000143051147,1.3600000143051147,1.3473999500274658,1.3473999500274658,3819,0.0,0.0
2024-04-09 14:30:00-04:00,1.3799999952316284,1.3799999952316284,1.3799999952316284,1.3799999952316284,1643,0.0,0.0
2024-04-10 09:30:00-04:00,1.3650000095367432,1.3650000095367432,1.3650000095367432,1.3650000095367432,568,0.0,0.0
2024-04-10 10:30:00-04:00,1.350000023841858,1.3700000047683716,1.2999999523162842,1.2999999523162842,7385,0.0,0.0
2024-04-10 11:30:00-04:00,1.2898999452590942,1.2999999523162842,1.25,1.2899999618530273,13242,0.0,0.0
2024-04-10 12:30:00-04:00,1.285099983215332,1.285099983215332,1.285099983215332,1.285099983215332,223,0.0,0.0
2024-04-10 13:30:00-04:00,1.2599999904632568,1.2899999618530273,1.25,1.2799999713897705,17697,0.0,0.0
2024-04-10 14:30:00-04:00,1.3300000429153442,1.3799999952316284,1.3300000429153442,1.3300000429153442,355,0.0,0.0
2024-04-10 15:30:00-04:00,1.2899999618530273,1.315000057220459,1.2899999618530273,1.309999942779541,9535,0.0,0.0
2024-04-11 09:30:00-04:00,1.2599999904632568,1.3823000192642212,1.2599999904632568,1.315000057220459,2323,0.0,0.0
2024-04-11 11:30:00-04:00,1.3179999589920044,1.3300000429153442,1.3179999589920044,1.3300000429153442,458,0.0,0.0
2024-04-11 12:30:00-04:00,1.3351999521255493,1.3351999521255493,1.2799999713897705,1.3300000429153442,10187,0.0,0.0
2024-04-11 13:30:00-04:00,1.2999999523162842,1.2999999523162842,1.2999999523162842,1.2999999523162842,640,0.0,0.0
2024-04-11 14:30:00-04:00,1.3300000429153442,1.3300000429153442,1.3300000429153442,1.3300000429153442,256,0.0,0.0
2024-04-11 15:30:00-04:00,1.3300000429153442,1.3300000429153442,1.3200000524520874,1.3200000524520874,867,0.0,0.0
2024-04-12 09:30:00-04:00,1.440000057220459,1.440000057220459,1.2200000286102295,1.2200000286102295,19985,0.0,0.0
2024-04-12 10:30:00-04:00,1.2999999523162842,1.3043999671936035,1.2999999523162842,1.3043999671936035,8100,0.0,0.0
2024-04-12 11:30:00-04:00,1.309999942779541,1.3299000263214111,1.309999942779541,1.309999942779541,472,0.0,0.0
2024-04-12 12:30:00-04:00,1.3200000524520874,1.3300000429153442,1.3200000524520874,1.3300000429153442,566,0.0,0.0
2024-04-12 13:30:00-04:00,1.315000057220459,1.315000057220459,1.315000057220459,1.315000057220459,488,0.0,0.0
2024-04-12 14:30:00-04:00,1.2905000448226929,1.2905000448226929,1.2899999618530273,1.2899999618530273,1261,0.0,0.0
2024-04-15 09:30:00-04:00,1.3799999952316284,1.3799999952316284,1.3799999952316284,1.3799999952316284,471,0.0,0.0
2024-04-15 10:30:00-04:00,1.3600000143051147,1.3600000143051147,1.340000033378601,1.340000033378601,1325,0.0,0.0
2024-04-15 11:30:00-04:00,1.350000023841858,1.350000023841858,1.3210999965667725,1.340000033378601,852,0.0,0.0
2024-04-15 13:30:00-04:00,1.340000033378601,1.340000033378601,1.340000033378601,1.340000033378601,950,0.0,0.0
2024-04-15 14:30:00-04:00,1.3300000429153442,1.3300000429153442,1.2999999523162842,1.3200000524520874,1765,0.0,0.0
2024-04-15 15:30:00-04:00,1.2999999523162842,1.309999942779541,1.2999999523162842,1.309999942779541,1421,0.0,0.0
2024-04-16 09:30:00-04:00,1.2100000381469727,1.2597999572753906,1.2100000381469727,1.2400000095367432,11651,0.0,0.0
2024-04-16 10:30:00-04:00,1.225000023841858,1.2400000095367432,1.225000023841858,1.2371000051498413,3191,0.0,0.0
2024-04-16 11:30:00-04:00,1.2350000143051147,1.2350000143051147,1.2300000190734863,1.2300000190734863,1061,0.0,0.0
2024-04-16 12:30:00-04:00,1.225600004196167,1.2400000095367432,1.225000023841858,1.225000023841858,4973,0.0,0.0
2024-04-16 13:30:00-04:00,1.225000023841858,1.2300000190734863,1.225000023841858,1.2289999723434448,1228,0.0,0.0
2024-04-16 14:30:00-04:00,1.2100000381469727,1.215000033378601,1.2000000476837158,1.204800009727478,1258,0.0,0.0
2024-04-16 15:30:00-04:00,1.211300015449524,1.211300015449524,1.211300015449524,1.211300015449524,556,0.0,0.0
2024-04-17 09:30:00-04:00,1.1799999475479126,1.2000000476837158,1.1799999475479126,1.2000000476837158,2537,0.0,0.0
2024-04-17 10:30:00-04:00,1.2000000476837158,1.2000000476837158,1.2000000476837158,1.2000000476837158,315,0.0,0.0
2024-04-17 11:30:00-04:00,1.2000000476837158,1.2100000381469727,1.2000000476837158,1.2000000476837158,624,0.0,0.0
2024-04-17 12:30:00-04:00,1.2000000476837158,1.2000000476837158,1.1799999475479126,1.1799999475479126,1007,0.0,0.0
2024-04-17 13:30:00-04:00,1.1799999475479126,1.1847000122070312,1.1799999475479126,1.1847000122070312,321,0.0,0.0
2024-04-17 14:30:00-04:00,1.1699999570846558,1.1699999570846558,1.0989999771118164,1.1100000143051147,21879,0.0,0.0
2024-04-18 09:30:00-04:00,1.159999966621399,1.159999966621399,1.159999966621399,1.159999966621399,1193,0.0,0.0
2024-04-18 10:30:00-04:00,1.3899999856948853,1.3899999856948853,1.159999966621399,1.1799999475479126,2060,0.0,0.0
2024-04-18 11:30:00-04:00,1.2030999660491943,1.2030999660491943,1.2030999660491943,1.2030999660491943,340,0.0,0.0
2024-04-18 12:30:00-04:00,1.159999966621399,1.159999966621399,1.159999966621399,1.159999966621399,325,0.0,0.0
2024-04-18 13:30:00-04:00,1.1799999475479126,1.1950000524520874,1.159999966621399,1.1950000524520874,4990,0.0,0.0
2024-04-18 14:30:00-04:00,1.190000057220459,1.190000057220459,1.190000057220459,1.190000057220459,622,0.0,0.0
2024-04-18 15:30:00-04:00,1.2000000476837158,1.2000000476837158,1.190000057220459,1.190000057220459,589,0.0,0.0
2024-04-19 12:30:00-04:00,1.1349999904632568,1.1687999963760376,1.1349999904632568,1.1687999963760376,2518,0.0,0.0
2024-04-19 13:30:00-04:00,1.159999966621399,1.1994999647140503,1.159999966621399,1.198799967765808,2116,0.0,0.0
2024-04-19 14:30:00-04:00,1.1531000137329102,1.1749999523162842,1.1531000137329102,1.1749999523162842,1128,0.0,0.0
2024-04-19 15:30:00-04:00,1.182800054550171,1.182800054550171,1.159999966621399,1.159999966621399,711,0.0,0.0
2024-04-22 09:30:00-04:00,1.149999976158142,1.2450000047683716,1.149999976158142,1.2450000047683716,0,0.0,0.0
2024-04-22 10:30:00-04:00,1.190000057220459,1.2200000286102295,1.159999966621399,1.2200000286102295,897,0.0,0.0
2024-04-22 13:30:00-04:00,1.2200000286102295,1.2200000286102295,1.2200000286102295,1.2200000286102295,509,0.0,0.0
2024-04-22 14:30:00-04:00,1.2000000476837158,1.215000033378601,1.2000000476837158,1.215000033378601,423,0.0,0.0
2024-04-22 15:30:00-04:00,1.1937999725341797,1.1937999725341797,1.1937999725341797,1.1937999725341797,301,0.0,0.0
2024-04-23 09:30:00-04:00,1.2200000286102295,1.2200000286102295,1.2200000286102295,1.2200000286102295,4843,0.0,0.0
2024-04-23 10:30:00-04:00,1.2000000476837158,1.2000000476837158,1.2000000476837158,1.2000000476837158,318,0.0,0.0
2024-04-23 12:30:00-04:00,1.1901999711990356,1.1901999711990356,1.190000057220459,1.190000057220459,896,0.0,0.0
2024-04-23 13:30:00-04:00,1.2300000190734863,1.2300000190734863,1.214900016784668,1.214900016784668,475,0.0,0.0
2024-04-23 14:30:00-04:00,1.2300000190734863,1.2383999824523926,1.2300000190734863,1.2383999824523926,774,0.0,0.0
2024-04-24 13:30:00-04:00,1.190000057220459,1.2000000476837158,1.087499976158142,1.1669000387191772,13704,0.0,0.0
2024-04-24 14:30:00-04:00,1.149999976158142,1.184999942779541,1.149999976158142,1.184999942779541,585,0.0,0.0
2024-04-24 15:30:00-04:00,1.159999966621399,1.159999966621399,1.1399999856948853,1.1399999856948853,1081,0.0,0.0
2024-04-25 09:30:00-04:00,1.100000023841858,1.1299999952316284,1.100000023841858,1.1299999952316284,1176,0.0,0.0
2024-04-25 10:30:00-04:00,1.149999976158142,1.149999976158142,1.149999976158142,1.149999976158142,621,0.0,0.0
2024-04-25 11:30:00-04:00,1.1449999809265137,1.1449999809265137,1.1449999809265137,1.1449999809265137,1437,0.0,0.0
2024-04-25 15:30:00-04:00,1.1299999952316284,1.1299999952316284,1.1299999952316284,1.1299999952316284,455,0.0,0.0
2024-04-26 09:30:00-04:00,1.1699999570846558,1.1699999570846558,1.1101000308990479,1.1101000308990479,2507,0.0,0.0
2024-04-26 10:30:00-04:00,1.1649999618530273,1.190000057220459,1.1649999618530273,1.190000057220459,4085,0.0,0.0
2024-04-26 12:30:00-04:00,1.1670000553131104,1.1899000406265259,1.1513999700546265,1.1899000406265259,3122,0.0,0.0
2024-04-26 13:30:00-04:00,1.1792999505996704,1.1792999505996704,1.1792999505996704,1.1792999505996704,252,0.0,0.0
2024-04-26 15:30:00-04:00,1.1634999513626099,1.2200000286102295,1.1634999513626099,1.2200000286102295,2358,0.0,0.0
2024-04-29 09:30:00-04:00,1.2000000476837158,1.2000000476837158,1.1799999475479126,1.1799999475479126,742,0.0,0.0
2024-04-29 10:30:00-04:00,1.2000000476837158,1.2000000476837158,1.2000000476837158,1.2000000476837158,522,0.0,0.0
2024-04-29 12:30:00-04:00,1.1900999546051025,1.1900999546051025,1.1900999546051025,1.1900999546051025,806,0.0,0.0
2024-04-29 15:30:00-04:00,1.215000033378601,1.215000033378601,1.215000033378601,1.215000033378601,651,0.0,0.0
2024-04-30 09:30:00-04:00,1.2200000286102295,1.2599999904632568,1.2200000286102295,1.2599999904632568,3809,0.0,0.0
2024-04-30 10:30:00-04:00,1.2549999952316284,1.2549999952316284,1.252500057220459,1.252500057220459,1020,0.0,0.0
2024-04-30 11:30:00-04:00,1.1800999641418457,1.3300000429153442,1.1800999641418457,1.284999966621399,5133,0.0,0.0
2024-04-30 14:30:00-04:00,1.2799999713897705,1.350000023841858,1.2799999713897705,1.284999966621399,3246,0.0,0.0
2024-04-30 15:30:00-04:00,1.284999966621399,1.4800000190734863,1.284999966621399,1.4800000190734863,20337,0.0,0.0
2024-05-01 09:30:00-04:00,1.5399999618530273,1.6200000047683716,1.5399999618530273,1.559999942779541,30014,0.0,0.0
2024-05-01 10:30:00-04:00,1.590000033378601,1.6699999570846558,1.5850000381469727,1.6198999881744385,7134,0.0,0.0
2024-05-01 11:30:00-04:00,1.690000057220459,1.7999999523162842,1.5800000429153442,1.600000023841858,65194,0.0,0.0
2024-05-01 12:30:00-04:00,1.600000023841858,1.600100040435791,1.5120999813079834,1.5306999683380127,5674,0.0,0.0
2024-05-01 14:30:00-04:00,1.5299999713897705,1.5393999814987183,1.5299999713897705,1.5393999814987183,627,0.0,0.0
2024-05-01 15:30:00-04:00,1.5419000387191772,1.5543999671936035,1.5299999713897705,1.5299999713897705,3289,0.0,0.0
2024-05-02 09:30:00-04:00,1.690000057220459,1.690000057220459,1.590000033378601,1.6150000095367432,6426,0.0,0.0
2024-05-02 10:30:00-04:00,1.625,1.625,1.6239999532699585,1.6239999532699585,1057,0.0,0.0
2024-05-02 11:30:00-04:00,1.6200000047683716,1.6200000047683716,1.600000023841858,1.600000023841858,1445,0.0,0.0
2024-05-02 12:30:00-04:00,1.6002999544143677,1.6200000047683716,1.5499999523162842,1.6200000047683716,2411,0.0,0.0
2024-05-02 13:30:00-04:00,1.649999976158142,1.649999976158142,1.6349999904632568,1.6349999904632568,917,0.0,0.0
2024-05-02 14:30:00-04:00,1.649999976158142,1.659999966621399,1.6200000047683716,1.649999976158142,3721,0.0,0.0
2024-05-02 15:30:00-04:00,1.659999966621399,1.6799999475479126,1.6399999856948853,1.659999966621399,10481,0.0,0.0
2024-05-03 09:30:00-04:00,1.6200000047683716,1.6399999856948853,1.6100000143051147,1.6100000143051147,1752,0.0,0.0
2024-05-03 10:30:00-04:00,1.6399999856948853,1.6399999856948853,1.6399999856948853,1.6399999856948853,235,0.0,0.0
2024-05-03 11:30:00-04:00,1.6223000288009644,1.6399999856948853,1.5500999689102173,1.6115000247955322,5307,0.0,0.0
2024-05-03 12:30:00-04:00,1.5793999433517456,1.5793999433517456,1.5793999433517456,1.5793999433517456,293,0.0,0.0
2024-05-03 13:30:00-04:00,1.600000023841858,1.600000023841858,1.600000023841858,1.600000023841858,1606,0.0,0.0
2024-05-03 14:30:00-04:00,1.5959999561309814,1.5959999561309814,1.570099949836731,1.570099949836731,1708,0.0,0.0
2024-05-03 15:30:00-04:00,1.5932999849319458,1.600000023841858,1.5499999523162842,1.600000023841858,7687,0.0,0.0
2024-05-06 10:30:00-04:00,1.5318000316619873,1.5800000429153442,1.4600000381469727,1.4793000221252441,2619,0.0,0.0
2024-05-06 11:30:00-04:00,1.4900000095367432,1.4900000095367432,1.4723000526428223,1.48989999294281,5045,0.0,0.0
2024-05-06 13:30:00-04:00,1.4700000286102295,1.4700000286102295,1.4700000286102295,1.4700000286102295,1054,0.0,0.0
2024-05-06 14:30:00-04:00,1.4600000381469727,1.4600000381469727,1.4299999475479126,1.4299999475479126,2818,0.0,0.0
2024-05-06 15:30:00-04:00,1.409999966621399,1.409999966621399,1.409999966621399,1.409999966621399,385,0.0,0.0
2024-05-07 09:30:00-04:00,1.5099999904632568,1.6399999856948853,1.5,1.6138999462127686,8675,0.0,0.0
2024-05-07 10:30:00-04:00,1.6399999856948853,1.649999976158142,1.600000023841858,1.600000023841858,14328,0.0,0.0
2024-05-07 11:30:00-04:00,1.6100000143051147,1.649999976158142,1.600000023841858,1.6100000143051147,3280,0.0,0.0
2024-05-07 12:30:00-04:00,1.6100000143051147,1.6399999856948853,1.6100000143051147,1.6100000143051147,1412,0.0,0.0
2024-05-07 13:30:00-04:00,1.6325000524520874,1.659999966621399,1.6325000524520874,1.6549999713897705,7717,0.0,0.0
2024-05-07 14:30:00-04:00,1.6449999809265137,1.6799999475479126,1.6399999856948853,1.6549999713897705,3234,0.0,0.0
2024-05-07 15:30:00-04:00,1.6799999475479126,1.6799999475479126,1.6301000118255615,1.6699999570846558,1581,0.0,0.0
2024-05-08 09:30:00-04:00,1.6699999570846558,1.6699999570846558,1.6699999570846558,1.6699999570846558,2578,0.0,0.0
2024-05-08 11:30:00-04:00,1.6030999422073364,1.6030999422073364,1.6030999422073364,1.6030999422073364,366,0.0,0.0
2024-05-08 14:30:00-04:00,1.5700000524520874,1.5800000429153442,1.5,1.5,1592,0.0,0.0
2024-05-08 15:30:00-04:00,1.559999942779541,1.559999942779541,1.5199999809265137,1.5499999523162842,4993,0.0,0.0
2024-05-09 09:30:00-04:00,1.690000057220459,1.75,1.600000023841858,1.7000000476837158,196456,0.0,0.0
2024-05-09 10:30:00-04:00,1.7000000476837158,1.742799997329712,1.662500023841858,1.7000000476837158,8441,0.0,0.0
2024-05-09 11:30:00-04:00,1.6955000162124634,1.7000000476837158,1.649999976158142,1.649999976158142,13704,0.0,0.0
2024-05-09 12:30:00-04:00,1.659999966621399,1.659999966621399,1.649999976158142,1.655400037765503,3367,0.0,0.0
2024-05-09 13:30:00-04:00,1.6799999475479126,1.7000000476837158,1.6699999570846558,1.690000057220459,5028,0.0,0.0
2024-05-09 14:30:00-04:00,1.676200032234192,1.7200000286102295,1.676200032234192,1.7200000286102295,14413,0.0,0.0
2024-05-09 15:30:00-04:00,1.7100000381469727,1.743399977684021,1.7000000476837158,1.743399977684021,14894,0.0,0.0
2024-05-10 09:30:00-04:00,1.7999999523162842,1.7999999523162842,1.6200000047683716,1.6200000047683716,23911,0.0,0.0
2024-05-10 10:30:00-04:00,1.6892999410629272,1.6892999410629272,1.6299999952316284,1.6399999856948853,3394,0.0,0.0
2024-05-10 11:30:00-04:00,1.6749999523162842,1.6749999523162842,1.6100000143051147,1.649999976158142,7699,0.0,0.0
2024-05-10 12:30:00-04:00,1.6378999948501587,1.7059999704360962,1.6019999980926514,1.7050000429153442,6541,0.0,0.0
2024-05-10 13:30:00-04:00,1.6699999570846558,1.6749999523162842,1.617900013923645,1.659999966621399,3067,0.0,0.0
2024-05-10 14:30:00-04:00,1.659999966621399,1.7400000095367432,1.6500999927520752,1.7300000190734863,7647,0.0,0.0
2024-05-10 15:30:00-04:00,1.7300000190734863,1.7599999904632568,1.7100000381469727,1.7599999904632568,13153,0.0,0.0
2024-05-13 09:30:00-04:00,1.7400000095367432,1.7400000095367432,1.6614999771118164,1.6614999771118164,9438,0.0,0.0
2024-05-13 10:30:00-04:00,1.7400000095367432,1.75,1.7400000095367432,1.75,1584,0.0,0.0
2024-05-13 11:30:00-04:00,1.7699999809265137,1.7699999809265137,1.7200000286102295,1.7599999904632568,5286,0.0,0.0
2024-05-13 12:30:00-04:00,1.7599999904632568,1.7599999904632568,1.6842999458312988,1.7100000381469727,4377,0.0,0.0
2024-05-13 13:30:00-04:00,1.7000999450683594,1.7100000381469727,1.690000057220459,1.690000057220459,3069,0.0,0.0
2024-05-13 14:30:00-04:00,1.690000057220459,1.7000000476837158,1.690000057220459,1.690000057220459,1736,0.0,0.0
2024-05-13 15:30:00-04:00,1.7000000476837158,1.7000000476837158,1.6800999641418457,1.7000000476837158,4444,0.0,0.0
2024-05-14 09:30:00-04:00,1.7400000095367432,1.7400000095367432,1.649999976158142,1.649999976158142,15227,0.0,0.0
2024-05-14 10:30:00-04:00,1.6150000095367432,1.659999966621399,1.6150000095367432,1.6299999952316284,2657,0.0,0.0
2024-05-14 11:30:00-04:00,1.6299999952316284,1.75,1.6299999952316284,1.659999966621399,20619,0.0,0.0
2024-05-14 12:30:00-04:00,1.75,1.75,1.6799999475479126,1.7400000095367432,3765,0.0,0.0
2024-05-14 13:30:00-04:00,1.7100000381469727,1.7200000286102295,1.7100000381469727,1.7200000286102295,1832,0.0,0.0
2024-05-14 14:30:00-04:00,1.7200000286102295,1.7200000286102295,1.6799999475479126,1.6799999475479126,4515,0.0,0.0
2024-05-14 15:30:00-04:00,1.7100000381469727,1.7200000286102295,1.7100000381469727,1.7200000286102295,3630,0.0,0.0
2024-05-15 09:30:00-04:00,1.75,1.75,1.649999976158142,1.6699999570846558,6836,0.0,0.0
2024-05-15 10:30:00-04:00,1.7000000476837158,1.75,1.7000000476837158,1.7301000356674194,15269,0.0,0.0
2024-05-15 11:30:00-04:00,1.7300000190734863,1.7799999713897705,1.7300000190734863,1.7649999856948853,6347,0.0,0.0
2024-05-15 12:30:00-04:00,1.7699999809265137,1.7799999713897705,1.7400000095367432,1.7799999713897705,11566,0.0,0.0
2024-05-15 13:30:00-04:00,1.7799999713897705,1.7799999713897705,1.6806000471115112,1.7400000095367432,4546,0.0,0.0
2024-05-15 14:30:00-04:00,1.75,1.75,1.7130999565124512,1.75,2524,0.0,0.0
2024-05-16 09:30:00-04:00,1.7799999713897705,1.7799999713897705,1.7000000476837158,1.7100000381469727,6778,0.0,0.0
2024-05-16 10:30:00-04:00,1.746399998664856,1.7799999713897705,1.7400000095367432,1.7599999904632568,6671,0.0,0.0
2024-05-16 11:30:00-04:00,1.7300000190734863,1.7450000047683716,1.7300000190734863,1.7400000095367432,2724,0.0,0.0
2024-05-16 13:30:00-04:00,1.749899983406067,1.749899983406067,1.749899983406067,1.749899983406067,891,0.0,0.0
2024-05-16 14:30:00-04:00,1.75,1.774999976158142,1.75,1.774999976158142,3038,0.0,0.0
2024-05-17 09:30:00-04:00,1.7599999904632568,1.7599999904632568,1.7599999904632568,1.7599999904632568,654,0.0,0.0
2024-05-17 10:30:00-04:00,1.7400000095367432,1.746000051498413,1.7200000286102295,1.722000002861023,1387,0.0,0.0
2024-05-17 11:30:00-04:00,1.7200000286102295,1.7204999923706055,1.7200000286102295,1.7204999923706055,457,0.0,0.0
2024-05-17 12:30:00-04:00,1.75,1.75,1.7201000452041626,1.7201000452041626,466,0.0,0.0
2024-05-17 13:30:00-04:00,1.7400000095367432,1.7649999856948853,1.7400000095367432,1.75,2543,0.0,0.0
2024-05-17 14:30:00-04:00,1.7699999809265137,1.774999976158142,1.7450000047683716,1.75,9088,0.0,0.0
2024-05-17 15:30:00-04:00,1.7599999904632568,1.7599999904632568,1.7599999904632568,1.7599999904632568,2335,0.0,0.0
2024-05-20 09:30:00-04:00,1.7100000381469727,1.7400000095367432,1.7100000381469727,1.7400000095367432,0,0.0,0.0
2024-05-20 10:30:00-04:00,1.7450000047683716,1.7450000047683716,1.7450000047683716,1.7450000047683716,1114,0.0,0.0
2024-05-20 11:30:00-04:00,1.749500036239624,1.749500036239624,1.7301000356674194,1.7301000356674194,2824,0.0,0.0
2024-05-20 12:30:00-04:00,1.7350000143051147,1.7350000143051147,1.690000057220459,1.7199000120162964,5550,0.0,0.0
2024-05-20 13:30:00-04:00,1.7200000286102295,1.7300000190734863,1.7200000286102295,1.7300000190734863,1166,0.0,0.0
2024-05-20 14:30:00-04:00,1.7400000095367432,1.7400000095367432,1.7350000143051147,1.7350000143051147,3113,0.0,0.0
2024-05-20 15:30:00-04:00,1.7350000143051147,1.7400000095367432,1.7300000190734863,1.7300000190734863,4577,0.0,0.0
2024-05-21 09:30:00-04:00,1.7400000095367432,1.7999999523162842,1.7400000095367432,1.7999999523162842,2252,0.0,0.0
2024-05-21 10:30:00-04:00,1.714400053024292,1.7999999523162842,1.714400053024292,1.7869000434875488,1812,0.0,0.0
2024-05-21 11:30:00-04:00,1.7999000549316406,1.7999999523162842,1.7549999952316284,1.7999999523162842,1575,0.0,0.0
2024-05-21 12:30:00-04:00,1.7549999952316284,1.7999999523162842,1.7549999952316284,1.7999999523162842,2491,0.0,0.0
2024-05-21 13:30:00-04:00,1.7898000478744507,1.7999999523162842,1.7898000478744507,1.7999999523162842,1093,0.0,0.0
2024-05-21 14:30:00-04:00,1.711400032043457,1.7999999523162842,1.711400032043457,1.7999999523162842,1515,0.0,0.0
2024-05-21 15:30:00-04:00,1.7999999523162842,1.7999999523162842,1.7999999523162842,1.7999999523162842,1641,0.0,0.0
2024-05-22 09:30:00-04:00,1.7999999523162842,1.7999999523162842,1.659999966621399,1.739400029182434,5220,0.0,0.0
2024-05-22 10:30:00-04:00,1.75,1.7799999713897705,1.75,1.7799999713897705,4270,0.0,0.0
2024-05-22 11:30:00-04:00,1.7799999713897705,1.7799999713897705,1.7699999809265137,1.7699999809265137,300,0.0,0.0
2024-05-22 12:30:00-04:00,1.7699999809265137,1.7699999809265137,1.7699999809265137,1.7699999809265137,1054,0.0,0.0
2024-05-22 14:30:00-04:00,1.7350000143051147,1.7350000143051147,1.7101000547409058,1.7101000547409058,3481,0.0,0.0
2024-05-22 15:30:00-04:00,1.7599999904632568,1.7699999809265137,1.7599999904632568,1.7699999809265137,791,0.0,0.0
2024-05-23 09:30:00-04:00,1.7799999713897705,1.7999999523162842,1.7699999809265137,1.799399971961975,6068,0.0,0.0
2024-05-23 10:30:00-04:00,1.7899999618530273,1.8693000078201294,1.7699999809265137,1.8693000078201294,28825,0.0,0.0
2024-05-23 11:30:00-04:00,1.850000023841858,1.9550000429153442,1.8300000429153442,1.9550000429153442,7729,0.0,0.0
2024-05-23 12:30:00-04:00,1.9500999450683594,1.9500999450683594,1.899999976158142,1.9500000476837158,7859,0.0,0.0
2024-05-23 13:30:00-04:00,1.9500000476837158,1.9883999824523926,1.9500000476837158,1.9500000476837158,3054,0.0,0.0
2024-05-23 14:30:00-04:00,1.9500000476837158,1.9500000476837158,1.9199999570846558,1.9392000436782837,2577,0.0,0.0
2024-05-23 15:30:00-04:00,1.9599000215530396,1.9900000095367432,1.9500000476837158,1.98989999294281,4097,0.0,0.0
2024-05-24 09:30:00-04:00,1.850000023841858,1.8870999813079834,1.7999999523162842,1.809999942779541,13640,0.0,0.0
2024-05-24 10:30:00-04:00,1.934999942779541,1.940000057220459,1.8401000499725342,1.850100040435791,2653,0.0,0.0
2024-05-24 11:30:00-04:00,1.8949999809265137,1.934999942779541,1.8949999809265137,1.929900050163269,8378,0.0,0.0
2024-05-24 12:30:00-04:00,1.909999966621399,1.909999966621399,1.8309999704360962,1.8309999704360962,4758,0.0,0.0
2024-05-24 13:30:00-04:00,1.8105000257492065,1.9299999475479126,1.8105000257492065,1.9299999475479126,1810,0.0,0.0
2024-05-24 14:30:00-04:00,1.8899999856948853,1.9149999618530273,1.840000033378601,1.9149999618530273,4088,0.0,0.0
2024-05-24 15:30:00-04:00,1.9149999618530273,1.9149999618530273,1.909999966621399,1.9149999618530273,1275,0.0,0.0
2024-05-28 09:30:00-04:00,1.8700000047683716,1.9199999570846558,1.8700000047683716,1.9027999639511108,2274,0.0,0.0
2024-05-28 10:30:00-04:00,1.8600000143051147,1.8600000143051147,1.8600000143051147,1.8600000143051147,1812,0.0,0.0
2024-05-28 11:30:00-04:00,1.850000023841858,1.850000023841858,1.8499000072479248,1.8499000072479248,1184,0.0,0.0
2024-05-28 12:30:00-04:00,1.840000033378601,1.840000033378601,1.8306000232696533,1.8306000232696533,2209,0.0,0.0
2024-05-28 14:30:00-04:00,1.8396999835968018,1.8396999835968018,1.8300000429153442,1.8300000429153442,2255,0.0,0.0
2024-05-28 15:30:00-04:00,1.875,1.899999976158142,1.8700000047683716,1.899999976158142,1118,0.0,0.0
2024-05-29 09:30:00-04:00,1.8700000047683716,1.8700000047683716,1.840000033378601,1.8450000286102295,13576,0.0,0.0
2024-05-29 10:30:00-04:00,1.8401000499725342,1.8401000499725342,1.840000033378601,1.840000033378601,1040,0.0,0.0
2024-05-29 11:30:00-04:00,1.840000033378601,1.8450000286102295,1.840000033378601,1.8450000286102295,1446,0.0,0.0
2024-05-29 12:30:00-04:00,1.8450000286102295,1.8450000286102295,1.840000033378601,1.840000033378601,1884,0.0,0.0
2024-05-29 13:30:00-04:00,1.7999999523162842,1.7999999523162842,1.7999999523162842,1.7999999523162842,1408,0.0,0.0
2024-05-29 15:30:00-04:00,1.7999999523162842,1.7999999523162842,1.7999999523162842,1.7999999523162842,2416,0.0,0.0
2024-05-30 09:30:00-04:00,1.7899999618530273,1.7899999618530273,1.649999976158142,1.6800999641418457,3597,0.0,0.0
2024-05-30 11:30:00-04:00,1.8200000524520874,1.8350000381469727,1.7101000547409058,1.7899999618530273,17906,0.0,0.0
2024-05-30 13:30:00-04:00,1.7899999618530273,1.7899999618530273,1.7899999618530273,1.7899999618530273,683,0.0,0.0
2024-05-30 14:30:00-04:00,1.7985999584197998,1.8200000524520874,1.7899999618530273,1.8200000524520874,4239,0.0,0.0
2024-05-30 15:30:00-04:00,1.8200000524520874,1.8200000524520874,1.7999999523162842,1.7999999523162842,4034,0.0,0.0
2024-05-31 09:30:00-04:00,1.7925000190734863,1.7925000190734863,1.7925000190734863,1.7925000190734863,742,0.0,0.0
2024-05-31 10:30:00-04:00,1.7832000255584717,1.7832000255584717,1.7450000047683716,1.7450000047683716,1216,0.0,0.0
2024-05-31 11:30:00-04:00,1.8092000484466553,1.8092000484466553,1.8092000484466553,1.8092000484466553,766,0.0,0.0
2024-05-31 12:30:00-04:00,1.8300000429153442,1.8300000429153442,1.8300000429153442,1.8300000429153442,264,0.0,0.0
2024-05-31 13:30:00-04:00,1.75,1.7599999904632568,1.7300000190734863,1.7300000190734863,4361,0.0,0.0
2024-05-31 14:30:00-04:00,1.75,1.7942999601364136,1.75,1.7942999601364136,1632,0.0,0.0
2024-05-31 15:30:00-04:00,1.8300000429153442,1.8300000429153442,1.784999966621399,1.8200000524520874,3409,0.0,0.0
2024-06-03 09:30:00-04:00,1.7999999523162842,1.8799999952316284,1.7790000438690186,1.8799999952316284,5010,0.0,0.0
2024-06-03 10:30:00-04:00,1.850000023841858,1.8600000143051147,1.850000023841858,1.8600000143051147,3408,0.0,0.0
2024-06-03 11:30:00-04:00,1.850000023841858,1.8600000143051147,1.809999942779541,1.8300000429153442,2495,0.0,0.0
2024-06-03 12:30:00-04:00,1.8300000429153442,1.840000033378601,1.809999942779541,1.8300000429153442,2451,0.0,0.0
2024-06-03 13:30:00-04:00,1.8350000381469727,1.8350000381469727,1.809999942779541,1.809999942779541,3476,0.0,0.0
2024-06-03 14:30:00-04:00,1.8049999475479126,1.8200000524520874,1.774999976158142,1.7999999523162842,1752,0.0,0.0
2024-06-03 15:30:00-04:00,1.809999942779541,1.8200000524520874,1.809999942779541,1.8200000524520874,1834,0.0,0.0
2024-06-04 09:30:00-04:00,1.850000023841858,1.8849999904632568,1.8300000429153442,1.8308000564575195,1674,0.0,0.0
2024-06-04 10:30:00-04:00,1.8600000143051147,1.8609000444412231,1.8300000429153442,1.8450000286102295,2415,0.0,0.0
2024-06-04 11:30:00-04:00,1.840000033378601,1.8600000143051147,1.7502000331878662,1.8600000143051147,157,0.0,0.0
2024-06-04 12:30:00-04:00,1.7949999570846558,1.7949999570846558,1.7949999570846558,1.7949999570846558,722,0.0,0.0
2024-06-04 13:30:00-04:00,1.8700000047683716,1.8700000047683716,1.8700000047683716,1.8700000047683716,366,0.0,0.0
2024-06-04 14:30:00-04:00,1.840000033378601,1.840000033378601,1.840000033378601,1.840000033378601,356,0.0,0.0
2024-06-05 09:30:00-04:00,1.809999942779541,1.8700000047683716,1.7201000452041626,1.8700000047683716,3293,0.0,0.0
2024-06-05 10:30:00-04:00,1.840000033378601,1.840000033378601,1.840000033378601,1.840000033378601,1287,0.0,0.0
2024-06-05 11:30:00-04:00,1.8698999881744385,1.8698999881744385,1.8401000499725342,1.8550000190734863,1209,0.0,0.0
2024-06-05 12:30:00-04:00,1.867300033569336,1.8899999856948853,1.8401000499725342,1.8401000499725342,20761,0.0,0.0
2024-06-05 14:30:00-04:00,1.850000023841858,1.9299999475479126,1.840000033378601,1.9299999475479126,7949,0.0,0.0
2024-06-05 15:30:00-04:00,1.8700000047683716,1.8700000047683716,1.7699999809265137,1.7699999809265137,2291,0.0,0.0
2024-06-06 09:30:00-04:00,1.7400000095367432,1.7599999904632568,1.7400000095367432,1.75,1015,0.0,0.0
2024-06-06 10:30:00-04:00,1.75,1.7899999618530273,1.75,1.7898999452590942,1650,0.0,0.0
2024-06-06 11:30:00-04:00,1.784600019454956,1.784600019454956,1.7799999713897705,1.7799999713897705,908,0.0,0.0
2024-06-06 12:30:00-04:00,1.7899999618530273,1.7899999618530273,1.7899999618530273,1.7899999618530273,518,0.0,0.0
2024-06-06 13:30:00-04:00,1.7503999471664429,1.7503999471664429,1.75,1.75,7000,0.0,0.0
2024-06-06 14:30:00-04:00,1.7999999523162842,1.7999999523162842,1.7999999523162842,1.7999999523162842,1036,0.0,0.0
2024-06-06 15:30:00-04:00,1.8200000524520874,1.8200000524520874,1.809999942779541,1.8149000406265259,830,0.0,0.0
2024-06-07 09:30:00-04:00,1.8600000143051147,1.8600000143051147,1.8550000190734863,1.8550000190734863,1523,0.0,0.0
2024-06-07 10:30:00-04:00,1.8700000047683716,1.8901000022888184,1.8600000143051147,1.86899995803833,2401,0.0,0.0
2024-06-07 11:30:00-04:00,1.9199999570846558,1.940000057220459,1.8499000072479248,1.850000023841858,930,0.0,0.0
2024-06-07 12:30:00-04:00,1.8849999904632568,1.9299999475479126,1.8799999952316284,1.8799999952316284,21222,0.0,0.0
2024-06-07 13:30:00-04:00,1.9199999570846558,1.9199999570846558,1.9199999570846558,1.9199999570846558,102,0.0,0.0
2024-06-07 14:30:00-04:00,1.8899999856948853,1.8949999809265137,1.8600000143051147,1.8600000143051147,2855,0.0,0.0
2024-06-07 15:30:00-04:00,1.850000023841858,1.8550000190734863,1.7200000286102295,1.7721999883651733,19723,0.0,0.0
2024-06-10 09:30:00-04:00,1.7200000286102295,1.7200000286102295,1.7200000286102295,1.7200000286102295,3494,0.0,0.0
2024-06-10 11:30:00-04:00,1.7999999523162842,1.7999999523162842,1.7999999523162842,1.7999999523162842,497,0.0,0.0
2024-06-10 12:30:00-04:00,1.7899999618530273,1.839900016784668,1.7799999713897705,1.839900016784668,882,0.0,0.0
2024-06-10 13:30:00-04:00,1.8300000429153442,1.8300000429153442,1.8300000429153442,1.8300000429153442,290,0.0,0.0
2024-06-10 14:30:00-04:00,1.7999999523162842,1.8300000429153442,1.7999999523162842,1.8300000429153442,715,0.0,0.0
2024-06-11 09:30:00-04:00,1.7799999713897705,1.7999999523162842,1.7799999713897705,1.7999999523162842,2196,0.0,0.0
2024-06-11 10:30:00-04:00,1.809999942779541,1.809999942779541,1.7728999853134155,1.7728999853134155,492,0.0,0.0
2024-06-11 11:30:00-04:00,1.8049999475479126,1.8200000524520874,1.8049999475479126,1.8200000524520874,487,0.0,0.0
2024-06-11 12:30:00-04:00,1.8300000429153442,1.840000033378601,1.8300000429153442,1.8300000429153442,850,0.0,0.0
2024-06-11 13:30:00-04:00,1.840000033378601,1.840000033378601,1.840000033378601,1.840000033378601,795,0.0,0.0
2024-06-11 14:30:00-04:00,1.840000033378601,1.840000033378601,1.8300000429153442,1.8300000429153442,1075,0.0,0.0
2024-06-11 15:30:00-04:00,1.7999999523162842,1.840000033378601,1.7999999523162842,1.840000033378601,1606,0.0,0.0
2024-06-12 09:30:00-04:00,1.809999942779541,1.809999942779541,1.809999942779541,1.809999942779541,685,0.0,0.0
2024-06-12 10:30:00-04:00,1.808899998664856,1.809999942779541,1.7977999448776245,1.7977999448776245,8725,0.0,0.0
2024-06-12 11:30:00-04:00,1.7999999523162842,1.7999999523162842,1.7999999523162842,1.7999999523162842,452,0.0,0.0
2024-06-12 12:30:00-04:00,1.7999999523162842,1.840000033378601,1.7999999523162842,1.840000033378601,1215,0.0,0.0
2024-06-12 13:30:00-04:00,1.8300000429153442,1.840000033378601,1.809999942779541,1.840000033378601,1667,0.0,0.0
2024-06-12 14:30:00-04:00,1.840000033378601,1.840000033378601,1.840000033378601,1.840000033378601,900,0.0,0.0
2024-06-12 15:30:00-04:00,1.8200000524520874,1.8200000524520874,1.8200000524520874,1.8200000524520874,255,0.0,0.0
2024-06-13 09:30:00-04:00,1.780900001525879,1.8199000358581543,1.780900001525879,1.8199000358581543,2008,0.0,0.0
2024-06-13 10:30:00-04:00,1.7999999523162842,1.7999999523162842,1.7999999523162842,1.7999999523162842,369,0.0,0.0
2024-06-13 11:30:00-04:00,1.7999999523162842,1.850000023841858,1.7999999523162842,1.850000023841858,3563,0.0,0.0
2024-06-13 12:30:00-04:00,1.815000057220459,1.840000033378601,1.7699999809265137,1.840000033378601,1704,0.0,0.0
2024-06-13 13:30:00-04:00,1.7964999675750732,1.7964999675750732,1.7964999675750732,1.7964999675750732,1385,0.0,0.0
2024-06-13 14:30:00-04:00,1.809999942779541,1.809999942779541,1.7761000394821167,1.7761000394821167,1332,0.0,0.0
2024-06-14 09:30:00-04:00,1.7699999809265137,1.8299000263214111,1.7699999809265137,1.8299000263214111,981,0.0,0.0
2024-06-14 10:30:00-04:00,1.7999999523162842,1.8300000429153442,1.7999999523162842,1.8200000524520874,2211,0.0,0.0
2024-06-14 11:30:00-04:00,1.8049999475479126,1.8300000429153442,1.7699999809265137,1.8049999475479126,9933,0.0,0.0
2024-06-14 14:30:00-04:00,1.8015999794006348,1.8015999794006348,1.8015999794006348,1.8015999794006348,985,0.0,0.0
2024-06-14 15:30:00-04:00,1.7799999713897705,1.7799999713897705,1.7799999713897705,1.7799999713897705,284,0.0,0.0
2024-06-17 09:30:00-04:00,1.7699999809265137,1.7999999523162842,1.7699999809265137,1.7999999523162842,1682,0.0,0.0
2024-06-17 10:30:00-04:00,1.8300000429153442,1.8300000429153442,1.8300000429153442,1.8300000429153442,1310,0.0,0.0
2024-06-17 12:30:00-04:00,1.8200000524520874,1.8300000429153442,1.8200000524520874,1.8300000429153442,907,0.0,0.0
2024-06-17 14:30:00-04:00,1.7999999523162842,1.7999999523162842,1.7999999523162842,1.7999999523162842,581,0.0,0.0
2024-06-18 09:30:00-04:00,1.7799999713897705,1.8250000476837158,1.7799999713897705,1.8250000476837158,1339,0.0,0.0
2024-06-18 10:30:00-04:00,1.8250000476837158,1.840000033378601,1.8250000476837158,1.8250000476837158,1029,0.0,0.0
2024-06-18 11:30:00-04:00,1.809999942779541,1.809999942779541,1.809999942779541,1.809999942779541,548,0.0,0.0
2024-06-18 12:30:00-04:00,1.7742999792099,1.7799999713897705,1.7742999792099,1.7799999713897705,1996,0.0,0.0
2024-06-18 14:30:00-04:00,1.7699999809265137,1.7699999809265137,1.7699999809265137,1.7699999809265137,465,0.0,0.0
2024-06-18 15:30:00-04:00,1.7899999618530273,1.7899999618530273,1.7699999809265137,1.7699999809265137,3768,0.0,0.0
2024-06-20 09:30:00-04:00,1.7899999618530273,1.850000023841858,1.7201000452041626,1.833899974822998,5119,0.0,0.0
2024-06-20 10:30:00-04:00,1.7653000354766846,1.8300000429153442,1.7653000354766846,1.8300000429153442,983,0.0,0.0
2024-06-20 11:30:00-04:00,1.8300000429153442,1.8300000429153442,1.8300000429153442,1.8300000429153442,1008,0.0,0.0
2024-06-20 12:30:00-04:00,1.7999999523162842,1.7999999523162842,1.7999999523162842,1.7999999523162842,386,0.0,0.0
2024-06-20 13:30:00-04:00,1.7999999523162842,1.7999999523162842,1.7999999523162842,1.7999999523162842,248,0.0,0.0
2024-06-20 14:30:00-04:00,1.7999999523162842,1.8300000429153442,1.7999999523162842,1.8300000429153442,2036,0.0,0.0
2024-06-20 15:30:00-04:00,1.8200000524520874,1.8200000524520874,1.8200000524520874,1.8200000524520874,446,0.0,0.0
2024-06-21 10:30:00-04:00,1.843000054359436,1.843000054359436,1.7609000205993652,1.7901999950408936,2141,0.0,0.0
2024-06-21 11:30:00-04:00,1.8009999990463257,1.809999942779541,1.7999999523162842,1.809999942779541,1402,0.0,0.0
2024-06-21 12:30:00-04:00,1.7644000053405762,1.7999999523162842,1.7599999904632568,1.7999999523162842,1679,0.0,0.0
2024-06-21 13:30:00-04:00,1.7899999618530273,1.7899999618530273,1.7899999618530273,1.7899999618530273,729,0.0,0.0
2024-06-21 14:30:00-04:00,1.7999999523162842,1.7999999523162842,1.7999999523162842,1.7999999523162842,732,0.0,0.0
2024-06-21 15:30:00-04:00,1.7999999523162842,1.840000033378601,1.7999999523162842,1.8300000429153442,2522,0.0,0.0
2024-06-24 09:30:00-04:00,1.8300000429153442,1.850000023841858,1.7200000286102295,1.809999942779541,1647,0.0,0.0
2024-06-24 10:30:00-04:00,1.7710000276565552,1.7899999618530273,1.7710000276565552,1.7710000276565552,1431,0.0,0.0
2024-06-24 11:30:00-04:00,1.850000023841858,1.850000023841858,1.7699999809265137,1.7799999713897705,2712,0.0,0.0
2024-06-24 12:30:00-04:00,1.815000057220459,1.850000023841858,1.7699999809265137,1.8300000429153442,1714,0.0,0.0
2024-06-24 13:30:00-04:00,1.8049999475479126,1.8049999475479126,1.7610000371932983,1.7699999809265137,1380,0.0,0.0
2024-06-24 14:30:00-04:00,1.8049999475479126,1.840000033378601,1.7610000371932983,1.7610000371932983,1503,0.0,0.0
2024-06-24 15:30:00-04:00,1.7999999523162842,1.8200000524520874,1.7549999952316284,1.8200000524520874,1336,0.0,0.0
2024-06-25 09:30:00-04:00,1.7599999904632568,1.7599999904632568,1.7599999904632568,1.7599999904632568,478,0.0,0.0
2024-06-25 10:30:00-04:00,1.8799999952316284,1.899899959564209,1.8200000524520874,1.8200000524520874,2015,0.0,0.0
2024-06-25 11:30:00-04:00,1.8899999856948853,1.8899999856948853,1.7699999809265137,1.7699999809265137,6810,0.0,0.0
2024-06-25 13:30:00-04:00,1.8600000143051147,1.8600000143051147,1.8600000143051147,1.8600000143051147,1100,0.0,0.0
2024-06-25 14:30:00-04:00,1.940000057220459,1.9499000310897827,1.8700000047683716,1.9299999475479126,3422,0.0,0.0
2024-06-25 15:30:00-04:00,1.899999976158142,1.899999976158142,1.809999942779541,1.809999942779541,2395,0.0,0.0
2024-06-26 09:30:00-04:00,1.940000057220459,1.940000057220459,1.940000057220459,1.940000057220459,737,0.0,0.0
2024-06-26 11:30:00-04:00,1.8799999952316284,1.8799999952316284,1.850000023841858,1.8725999593734741,2560,0.0,0.0
2024-06-26 13:30:00-04:00,1.8650000095367432,1.8650000095367432,1.8650000095367432,1.8650000095367432,619,0.0,0.0
2024-06-26 14:30:00-04:00,1.8700000047683716,1.8700000047683716,1.8600000143051147,1.8600000143051147,1347,0.0,0.0
2024-06-26 15:30:00-04:00,1.8650000095367432,1.8650000095367432,1.850000023841858,1.850000023841858,1350,0.0,0.0
2024-06-27 09:30:00-04:00,1.7999999523162842,1.875,1.7999999523162842,1.875,1367,0.0,0.0
2024-06-27 11:30:00-04:00,1.840000033378601,1.840000033378601,1.7699999809265137,1.809999942779541,931,0.0,0.0
2024-06-27 12:30:00-04:00,1.7699999809265137,1.7799999713897705,1.7699999809265137,1.7799999713897705,3155,0.0,0.0
2024-06-27 13:30:00-04:00,1.809999942779541,1.809999942779541,1.809999942779541,1.809999942779541,1200,0.0,0.0
2024-06-27 15:30:00-04:00,1.840999960899353,1.840999960899353,1.840999960899353,1.840999960899353,358,0.0,0.0
2024-06-28 09:30:00-04:00,1.8300000429153442,1.8300000429153442,1.8300000429153442,1.8300000429153442,329,0.0,0.0
2024-06-28 10:30:00-04:00,1.7792999744415283,1.7792999744415283,1.7792999744415283,1.7792999744415283,1180,0.0,0.0
2024-06-28 12:30:00-04:00,1.7549999952316284,1.7799999713897705,1.7549999952316284,1.7799999713897705,3403,0.0,0.0
2024-06-28 13:30:00-04:00,1.815000057220459,1.815000057220459,1.815000057220459,1.815000057220459,1091,0.0,0.0
2024-06-28 14:30:00-04:00,1.8209999799728394,1.8300000429153442,1.8209999799728394,1.8300000429153442,1377,0.0,0.0
2024-06-28 15:30:00-04:00,1.840000033378601,1.850000023841858,1.840000033378601,1.850000023841858,1460,0.0,0.0
2024-07-01 09:30:00-04:00,1.9127999544143677,1.9127999544143677,1.8350000381469727,1.8350000381469727,0,0.0,0.0
2024-07-01 10:30:00-04:00,1.8899999856948853,1.8899999856948853,1.8899999856948853,1.8899999856948853,2499,0.0,0.0
2024-07-01 13:30:00-04:00,1.8700000047683716,1.8700000047683716,1.8700000047683716,1.8700000047683716,1806,0.0,0.0
2024-07-01 14:30:00-04:00,1.8799999952316284,1.8799999952316284,1.8600000143051147,1.8600000143051147,730,0.0,0.0
2024-07-01 15:30:00-04:00,1.8650000095367432,1.8899999856948853,1.8650000095367432,1.8899999856948853,2460,0.0,0.0
2024-07-02 09:30:00-04:00,1.909999966621399,1.909999966621399,1.909999966621399,1.909999966621399,0,0.0,0.0
2024-07-02 11:30:00-04:00,1.8758000135421753,1.9039000272750854,1.8758000135421753,1.8899999856948853,1833,0.0,0.0
2024-07-02 12:30:00-04:00,1.899999976158142,1.899999976158142,1.8899999856948853,1.8899999856948853,1311,0.0,0.0
2024-07-02 15:30:00-04:00,1.8660000562667847,1.8660000562667847,1.8660000562667847,1.8660000562667847,149,0.0,0.0
2024-07-03 09:30:00-04:00,1.8300000429153442,1.8300000429153442,1.7899999618530273,1.7999999523162842,1337,0.0,0.0
2024-07-03 10:30:00-04:00,1.8200000524520874,1.839400053024292,1.7699999809265137,1.839400053024292,4595,0.0,0.0
2024-07-03 11:30:00-04:00,1.8300000429153442,1.8300000429153442,1.7400000095367432,1.7400000095367432,4713,0.0,0.0
2024-07-03 12:30:00-04:00,1.7799999713897705,1.7799999713897705,1.7699999809265137,1.7699999809265137,559,0.0,0.0
2024-07-05 09:30:00-04:00,1.7799999713897705,1.809999942779541,1.7799999713897705,1.781000018119812,3515,0.0,0.0
2024-07-05 11:30:00-04:00,1.8009999990463257,1.8301000595092773,1.8009999990463257,1.8138999938964844,1953,0.0,0.0
2024-07-05 15:30:00-04:00,1.8049999475479126,1.8049999475479126,1.7799999713897705,1.7799999713897705,529,0.0,0.0
2024-07-08 09:30:00-04:00,1.809999942779541,1.809999942779541,1.7699999809265137,1.7899999618530273,0,0.0,0.0
2024-07-08 11:30:00-04:00,1.774999976158142,1.7899999618530273,1.774999976158142,1.7899999618530273,1135,0.0,0.0
2024-07-08 12:30:00-04:00,1.7799999713897705,1.7799999713897705,1.7649999856948853,1.7649999856948853,530,0.0,0.0
2024-07-08 13:30:00-04:00,1.7649999856948853,1.7699999809265137,1.7649999856948853,1.7699999809265137,3985,0.0,0.0
2024-07-08 15:30:00-04:00,1.7699999809265137,1.7699999809265137,1.7699999809265137,1.7699999809265137,225,0.0,0.0
2024-07-09 09:30:00-04:00,1.7999999523162842,1.850000023841858,1.7999999523162842,1.850000023841858,851,0.0,0.0
2024-07-09 10:30:00-04:00,1.850000023841858,1.850000023841858,1.774999976158142,1.774999976158142,5709,0.0,0.0
2024-07-09 11:30:00-04:00,1.7928999662399292,1.7949999570846558,1.7928999662399292,1.7949999570846558,604,0.0,0.0
2024-07-09 12:30:00-04:00,1.7904000282287598,1.7904000282287598,1.7904000282287598,1.7904000282287598,551,0.0,0.0
2024-07-09 14:30:00-04:00,1.7899999618530273,1.7899999618530273,1.7899999618530273,1.7899999618530273,1004,0.0,0.0
2024-07-09 15:30:00-04:00,1.7899999618530273,1.7899999618530273,1.7200000286102295,1.7200000286102295,5290,0.0,0.0
2024-07-10 09:30:00-04:00,1.7899999618530273,1.7899999618530273,1.7400000095367432,1.7400000095367432,2395,0.0,0.0
2024-07-10 12:30:00-04:00,1.7400000095367432,1.7400000095367432,1.7400000095367432,1.7400000095367432,425,0.0,0.0
2024-07-10 13:30:00-04:00,1.7490999698638916,1.7490999698638916,1.7490999698638916,1.7490999698638916,352,0.0,0.0
2024-07-10 14:30:00-04:00,1.7400000095367432,1.7400000095367432,1.7200000286102295,1.7200000286102295,2019,0.0,0.0
2024-07-11 09:30:00-04:00,1.7999000549316406,1.7999000549316406,1.7599999904632568,1.7599999904632568,1836,0.0,0.0
2024-07-11 10:30:00-04:00,1.75,1.75,1.7100000381469727,1.7300000190734863,7606,0.0,0.0
2024-07-11 11:30:00-04:00,1.6799999475479126,1.7000000476837158,1.649999976158142,1.7000000476837158,2511,0.0,0.0
2024-07-11 13:30:00-04:00,1.670199990272522,1.670199990272522,1.670199990272522,1.670199990272522,644,0.0,0.0
2024-07-11 14:30:00-04:00,1.690000057220459,1.690000057220459,1.6699999570846558,1.6799999475479126,2309,0.0,0.0
2024-07-11 15:30:00-04:00,1.690000057220459,1.690000057220459,1.649999976158142,1.649999976158142,353,0.0,0.0
2024-07-12 09:30:00-04:00,1.7599999904632568,1.7999999523162842,1.649999976158142,1.7575000524520874,11350,0.0,0.0
2024-07-12 10:30:00-04:00,1.7300000190734863,1.7599999904632568,1.7300000190734863,1.7599999904632568,2083,0.0,0.0
2024-07-12 11:30:00-04:00,1.6799999475479126,1.7200000286102295,1.6700999736785889,1.7200000286102295,6168,0.0,0.0
2024-07-12 12:30:00-04:00,1.7599999904632568,1.7599999904632568,1.75,1.7599999904632568,929,0.0,0.0
2024-07-12 13:30:00-04:00,1.7529000043869019,1.7529000043869019,1.7529000043869019,1.7529000043869019,1166,0.0,0.0
2024-07-12 14:30:00-04:00,1.7400000095367432,1.7599999904632568,1.7400000095367432,1.7599999904632568,860,0.0,0.0
2024-07-12 15:30:00-04:00,1.7699999809265137,1.7699999809265137,1.75,1.75,479,0.0,0.0
2024-07-15 09:30:00-04:00,1.7649999856948853,1.784999966621399,1.7649999856948853,1.784999966621399,1225,0.0,0.0
2024-07-15 10:30:00-04:00,1.784999966621399,1.784999966621399,1.649999976158142,1.6500999927520752,17890,0.0,0.0
2024-07-15 11:30:00-04:00,1.6749999523162842,1.6799999475479126,1.659999966621399,1.6699999570846558,7150,0.0,0.0
2024-07-15 12:30:00-04:00,1.6799999475479126,1.690000057220459,1.6749999523162842,1.6892000436782837,4758,0.0,0.0
2024-07-15 13:30:00-04:00,1.6891000270843506,1.6899000406265259,1.6749999523162842,1.6899000406265259,689,0.0,0.0
2024-07-15 14:30:00-04:00,1.690000057220459,1.690000057220459,1.690000057220459,1.690000057220459,1049,0.0,0.0
2024-07-15 15:30:00-04:00,1.7400000095367432,1.7400000095367432,1.7400000095367432,1.7400000095367432,1889,0.0,0.0
2024-07-16 09:30:00-04:00,1.7999999523162842,1.8799999952316284,1.7100000381469727,1.8049999475479126,6225,0.0,0.0
2024-07-16 10:30:00-04:00,1.8049999475479126,1.8300000429153442,1.8049999475479126,1.8300000429153442,291,0.0,0.0
2024-07-16 11:30:00-04:00,1.7599999904632568,1.7599999904632568,1.7400000095367432,1.75,3308,0.0,0.0
2024-07-16 12:30:00-04:00,1.7599999904632568,1.7599999904632568,1.659999966621399,1.659999966621399,5309,0.0,0.0
2024-07-16 13:30:00-04:00,1.75,1.75,1.75,1.75,564,0.0,0.0
2024-07-16 14:30:00-04:00,1.7350000143051147,1.7350000143051147,1.7200000286102295,1.7200000286102295,526,0.0,0.0
2024-07-16 15:30:00-04:00,1.6799999475479126,1.6799999475479126,1.6799999475479126,1.6799999475479126,463,0.0,0.0
2024-07-17 09:30:00-04:00,1.7000000476837158,1.7599999904632568,1.7000000476837158,1.7599999904632568,972,0.0,0.0
2024-07-17 10:30:00-04:00,1.7999999523162842,1.7999999523162842,1.7999999523162842,1.7999999523162842,1497,0.0,0.0
2024-07-17 11:30:00-04:00,1.7400000095367432,1.7400000095367432,1.7100000381469727,1.7400000095367432,4200,0.0,0.0
2024-07-17 12:30:00-04:00,1.7000000476837158,1.7000000476837158,1.649999976158142,1.6799999475479126,3456,0.0,0.0
2024-07-17 13:30:00-04:00,1.7100000381469727,1.7100000381469727,1.7100000381469727,1.7100000381469727,1199,0.0,0.0
2024-07-17 14:30:00-04:00,1.7100000381469727,1.7100000381469727,1.7100000381469727,1.7100000381469727,1600,0.0,0.0
2024-07-17 15:30:00-04:00,1.7100000381469727,1.7100000381469727,1.7100000381469727,1.7100000381469727,1416,0.0,0.0
2024-07-18 09:30:00-04:00,1.7200000286102295,1.774999976158142,1.7200000286102295,1.774999976158142,1139,0.0,0.0
2024-07-18 10:30:00-04:00,1.7649999856948853,1.7649999856948853,1.7599999904632568,1.7599999904632568,903,0.0,0.0
2024-07-18 11:30:00-04:00,1.690000057220459,1.690000057220459,1.690000057220459,1.690000057220459,700,0.0,0.0
2024-07-18 12:30:00-04:00,1.6799999475479126,1.6799999475479126,1.6799999475479126,1.6799999475479126,150,0.0,0.0
2024-07-18 13:30:00-04:00,1.725000023841858,1.7400000095367432,1.725000023841858,1.7300000190734863,1443,0.0,0.0
2024-07-18 15:30:00-04:00,1.7000000476837158,1.7000000476837158,1.7000000476837158,1.7000000476837158,217,0.0,0.0
2024-07-19 09:30:00-04:00,1.6699999570846558,1.6812000274658203,1.6699999570846558,1.6812000274658203,1980,0.0,0.0
2024-07-19 13:30:00-04:00,1.7000000476837158,1.7000000476837158,1.690000057220459,1.690000057220459,1721,0.0,0.0
2024-07-19 15:30:00-04:00,1.7904000282287598,1.809999942779541,1.7100000381469727,1.7999999523162842,4016,0.0,0.0
2024-07-22 09:30:00-04:00,1.75,1.75,1.75,1.75,609,0.0,0.0
2024-07-22 12:30:00-04:00,1.7305999994277954,1.7400000095367432,1.7305999994277954,1.7400000095367432,1695,0.0,0.0
2024-07-22 14:30:00-04:00,1.7436000108718872,1.7447999715805054,1.7400000095367432,1.7400000095367432,1822,0.0,0.0
2024-07-22 15:30:00-04:00,1.7400000095367432,1.75,1.7400000095367432,1.7480000257492065,6665,0.0,0.0
2024-07-23 09:30:00-04:00,1.7699999809265137,1.7699999809265137,1.7599999904632568,1.7599999904632568,2493,0.0,0.0
2024-07-23 10:30:00-04:00,1.7400000095367432,1.7592999935150146,1.7400000095367432,1.7592999935150146,3477,0.0,0.0
2024-07-23 11:30:00-04:00,1.75,1.75,1.75,1.75,1514,0.0,0.0
2024-07-23 13:30:00-04:00,1.7450000047683716,1.7450000047683716,1.7450000047683716,1.7450000047683716,952,0.0,0.0
2024-07-23 14:30:00-04:00,1.7400000095367432,1.7400000095367432,1.7400000095367432,1.7400000095367432,1585,0.0,0.0
2024-07-23 15:30:00-04:00,1.7400000095367432,1.75,1.659999966621399,1.75,4497,0.0,0.0
2024-07-24 10:30:00-04:00,1.7005000114440918,1.7005000114440918,1.7005000114440918,1.7005000114440918,1233,0.0,0.0
2024-07-24 14:30:00-04:00,1.7657999992370605,1.7796000242233276,1.75,1.75,1571,0.0,0.0
2024-07-24 15:30:00-04:00,1.75,1.75,1.75,1.75,248,0.0,0.0
2024-07-25 09:30:00-04:00,1.75,1.75,1.7100000381469727,1.7318999767303467,1785,0.0,0.0
2024-07-25 10:30:00-04:00,1.7401000261306763,1.7401000261306763,1.7100000381469727,1.7100000381469727,2992,0.0,0.0
2024-07-25 15:30:00-04:00,1.7200000286102295,1.7200000286102295,1.7000000476837158,1.7000000476837158,1643,0.0,0.0
2024-07-26 09:30:00-04:00,1.6799999475479126,1.6799999475479126,1.659999966621399,1.6699999570846558,4175,0.0,0.0
2024-07-26 10:30:00-04:00,1.7200000286102295,1.7200000286102295,1.6699999570846558,1.6699999570846558,1922,0.0,0.0
2024-07-26 11:30:00-04:00,1.7400000095367432,1.7400000095367432,1.7400000095367432,1.7400000095367432,1027,0.0,0.0
2024-07-26 13:30:00-04:00,1.6950000524520874,1.6950000524520874,1.6950000524520874,1.6950000524520874,1542,0.0,0.0
2024-07-26 15:30:00-04:00,1.7200000286102295,1.7200000286102295,1.7109999656677246,1.7109999656677246,2193,0.0,0.0
2024-07-29 09:30:00-04:00,1.7100000381469727,1.7699999809265137,1.7100000381469727,1.7699999809265137,1781,0.0,0.0
2024-07-29 11:30:00-04:00,1.6858999729156494,1.6858999729156494,1.6799999475479126,1.6799999475479126,4065,0.0,0.0
2024-07-29 12:30:00-04:00,1.684999942779541,1.684999942779541,1.684999942779541,1.684999942779541,818,0.0,0.0
2024-07-29 13:30:00-04:00,1.7000000476837158,1.7000000476837158,1.659999966621399,1.659999966621399,2389,0.0,0.0
2024-07-30 09:30:00-04:00,1.6399999856948853,1.6399999856948853,1.6399999856948853,1.6399999856948853,1008,0.0,0.0
2024-07-30 10:30:00-04:00,1.6299999952316284,1.6299999952316284,1.625,1.625,0,0.0,0.0
2024-07-30 11:30:00-04:00,1.6197999715805054,1.6200000047683716,1.6196999549865723,1.6198999881744385,4914,0.0,0.0
2024-07-30 12:30:00-04:00,1.6200000047683716,1.6200000047683716,1.6198999881744385,1.6198999881744385,1988,0.0,0.0
2024-07-30 13:30:00-04:00,1.6200000047683716,1.6200000047683716,1.5950000286102295,1.5950000286102295,3338,0.0,0.0
2024-07-30 14:30:00-04:00,1.5801000595092773,1.5801000595092773,1.5801000595092773,1.5801000595092773,892,0.0,0.0
2024-07-30 15:30:00-04:00,1.5800000429153442,1.5800000429153442,1.5800000429153442,1.5800000429153442,370,0.0,0.0
2024-07-31 09:30:00-04:00,1.5800000429153442,1.5850000381469727,1.5800000429153442,1.5800000429153442,2597,0.0,0.0
2024-07-31 12:30:00-04:00,1.5800000429153442,1.5800000429153442,1.5700000524520874,1.5700000524520874,5500,0.0,0.0
2024-07-31 14:30:00-04:00,1.590000033378601,1.590000033378601,1.5399999618530273,1.5399999618530273,1204,0.0,0.0
2024-08-01 09:30:00-04:00,1.649899959564209,1.649899959564209,1.6399999856948853,1.6399999856948853,1749,0.0,0.0
2024-08-01 11:30:00-04:00,1.5199999809265137,1.5199999809265137,1.5113999843597412,1.5113999843597412,2144,0.0,0.0
2024-08-01 12:30:00-04:00,1.5399999618530273,1.5399999618530273,1.5399999618530273,1.5399999618530273,867,0.0,0.0
2024-08-01 14:30:00-04:00,1.590000033378601,1.590000033378601,1.590000033378601,1.590000033378601,190,0.0,0.0
2024-08-01 15:30:00-04:00,1.559999942779541,1.559999942779541,1.559999942779541,1.559999942779541,421,0.0,0.0
2024-08-02 09:30:00-04:00,1.2699999809265137,1.350000023841858,1.1299999952316284,1.3370000123977661,43189,0.0,0.0
2024-08-02 10:30:00-04:00,1.2999999523162842,1.3049999475479126,1.25,1.2798999547958374,19077,0.0,0.0
2024-08-02 11:30:00-04:00,1.2699999809265137,1.2699999809265137,1.215000033378601,1.2599999904632568,11969,0.0,0.0
2024-08-02 12:30:00-04:00,1.263800024986267,1.302299976348877,1.2604999542236328,1.302299976348877,4428,0.0,0.0
2024-08-02 13:30:00-04:00,1.2922999858856201,1.2922999858856201,1.2922999858856201,1.2922999858856201,1376,0.0,0.0
2024-08-02 14:30:00-04:00,1.2898999452590942,1.3949999809265137,1.2799999713897705,1.2999999523162842,11173,0.0,0.0
2024-08-02 15:30:00-04:00,1.3799999952316284,1.5,1.3600000143051147,1.4500000476837158,13991,0.0,0.0
2024-08-05 09:30:00-04:00,1.25,1.3799999952316284,1.2200000286102295,1.3600000143051147,16251,0.0,0.0
2024-08-05 10:30:00-04:00,1.3600000143051147,1.4199999570846558,1.3600000143051147,1.4199999570846558,4844,0.0,0.0
2024-08-05 11:30:00-04:00,1.4199999570846558,1.4199999570846558,1.3899999856948853,1.399999976158142,1549,0.0,0.0
2024-08-05 12:30:00-04:00,1.409999966621399,1.409999966621399,1.409999966621399,1.409999966621399,531,0.0,0.0
2024-08-05 13:30:00-04:00,1.4299999475479126,1.4299999475479126,1.4299999475479126,1.4299999475479126,312,0.0,0.0
2024-08-05 14:30:00-04:00,1.4149999618530273,1.4900000095367432,1.4149999618530273,1.4900000095367432,3907,0.0,0.0
2024-08-05 15:30:00-04:00,1.475000023841858,1.475000023841858,1.3899999856948853,1.4700000286102295,35751,0.0,0.0
2024-08-06 10:30:00-04:00,1.3700000047683716,1.3700000047683716,1.3700000047683716,1.3700000047683716,0,0.0,0.0
2024-08-06 11:30:00-04:00,1.4249999523162842,1.534999966621399,1.4249999523162842,1.534999966621399,1530,0.0,0.0
2024-08-06 12:30:00-04:00,1.410099983215332,1.4600000381469727,1.3200000524520874,1.399999976158142,3601,0.0,0.0
2024-08-06 13:30:00-04:00,1.4600000381469727,1.4600000381469727,1.399999976158142,1.4299999475479126,1220,0.0,0.0
2024-08-06 14:30:00-04:00,1.440000057220459,1.440000057220459,1.4199999570846558,1.4199999570846558,667,0.0,0.0
2024-08-06 15:30:00-04:00,1.4299999475479126,1.6399999856948853,1.4299999475479126,1.6399999856948853,6143,0.0,0.0
2024-08-07 09:30:00-04:00,1.559999942779541,1.559999942779541,1.4950000047683716,1.5499000549316406,7679,0.0,0.0
2024-08-07 10:30:00-04:00,1.4800000190734863,1.4800000190734863,1.4800000190734863,1.4800000190734863,1112,0.0,0.0
2024-08-07 11:30:00-04:00,1.4299999475479126,1.4600000381469727,1.3901000022888184,1.4500000476837158,4178,0.0,0.0
2024-08-07 13:30:00-04:00,1.4500999450683594,1.4500999450683594,1.4500999450683594,1.4500999450683594,1038,0.0,0.0
2024-08-07 14:30:00-04:00,1.440000057220459,1.440000057220459,1.420799970626831,1.420799970626831,1336,0.0,0.0
2024-08-07 15:30:00-04:00,1.409999966621399,1.4800000190734863,1.340000033378601,1.440000057220459,7942,0.0,0.0
2024-08-08 09:30:00-04:00,1.4500000476837158,1.4500000476837158,1.4500000476837158,1.4500000476837158,613,0.0,0.0
2024-08-08 10:30:00-04:00,1.4199999570846558,1.4199999570846558,1.4199999570846558,1.4199999570846558,715,0.0,0.0
2024-08-08 11:30:00-04:00,1.445099949836731,1.445099949836731,1.434999942779541,1.440000057220459,3529,0.0,0.0
2024-08-08 13:30:00-04:00,1.4544999599456787,1.4550000429153442,1.440000057220459,1.4500000476837158,1922,0.0,0.0
2024-08-08 14:30:00-04:00,1.440000057220459,1.440000057220459,1.440000057220459,1.440000057220459,787,0.0,0.0
2024-08-08 15:30:00-04:00,1.440000057220459,1.440000057220459,1.440000057220459,1.440000057220459,151,0.0,0.0
2024-08-09 09:30:00-04:00,1.399999976158142,1.4600000381469727,1.399999976158142,1.4600000381469727,0,0.0,0.0
2024-08-09 10:30:00-04:00,1.4800000190734863,1.559999942779541,1.4800000190734863,1.5299999713897705,2008,0.0,0.0
2024-08-09 12:30:00-04:00,1.559999942779541,1.559999942779541,1.5449999570846558,1.5449999570846558,711,0.0,0.0
2024-08-09 13:30:00-04:00,1.5499999523162842,1.5499999523162842,1.4600000381469727,1.4600000381469727,2224,0.0,0.0
2024-08-09 14:30:00-04:00,1.4210000038146973,1.440000057220459,1.190000057220459,1.2050000429153442,27814,0.0,0.0
2024-08-09 15:30:00-04:00,1.2100000381469727,1.2100000381469727,1.1699999570846558,1.2000000476837158,10916,0.0,0.0
2024-08-12 09:30:00-04:00,1.2400000095367432,1.2799999713897705,1.2200000286102295,1.2799999713897705,8232,0.0,0.0
2024-08-12 10:30:00-04:00,1.3701000213623047,1.3849999904632568,1.3701000213623047,1.3849999904632568,2559,0.0,0.0
2024-08-12 11:30:00-04:00,1.3100999593734741,1.3650000095367432,1.3100999593734741,1.3499000072479248,2360,0.0,0.0
2024-08-12 12:30:00-04:00,1.344599962234497,1.350000023841858,1.344599962234497,1.350000023841858,915,0.0,0.0
2024-08-12 13:30:00-04:00,1.274999976158142,1.274999976158142,1.1900999546051025,1.1900999546051025,15973,0.0,0.0
2024-08-12 14:30:00-04:00,1.2300000190734863,1.24399995803833,1.225000023841858,1.24399995803833,2726,0.0,0.0
2024-08-12 15:30:00-04:00,1.2300000190734863,1.2300000190734863,1.2300000190734863,1.2300000190734863,275,0.0,0.0
2024-08-13 09:30:00-04:00,1.2799999713897705,1.2799999713897705,1.2799999713897705,1.2799999713897705,2011,0.0,0.0
2024-08-13 10:30:00-04:00,1.3600000143051147,1.3600000143051147,1.25,1.250100016593933,12180,0.0,0.0
2024-08-13 11:30:00-04:00,1.309999942779541,1.309999942779541,1.309999942779541,1.309999942779541,1118,0.0,0.0
2024-08-13 13:30:00-04:00,1.2699999809265137,1.288100004196167,1.2699999809265137,1.288100004196167,4041,0.0,0.0
2024-08-13 14:30:00-04:00,1.2705999612808228,1.2705999612808228,1.2705999612808228,1.2705999612808228,1082,0.0,0.0
2024-08-14 09:30:00-04:00,1.3381999731063843,1.3396999835968018,1.2999999523162842,1.2999999523162842,4290,0.0,0.0
2024-08-14 10:30:00-04:00,1.2999999523162842,1.2999999523162842,1.2799999713897705,1.2799999713897705,630,0.0,0.0
2024-08-14 11:30:00-04:00,1.2899999618530273,1.2899999618530273,1.2799999713897705,1.2799999713897705,1219,0.0,0.0
2024-08-14 12:30:00-04:00,1.2899999618530273,1.2899999618530273,1.2683000564575195,1.2683000564575195,2474,0.0,0.0
2024-08-14 13:30:00-04:00,1.2699999809265137,1.2699999809265137,1.2513999938964844,1.2513999938964844,2427,0.0,0.0
2024-08-14 14:30:00-04:00,1.25,1.2503999471664429,1.2300000190734863,1.2300000190734863,5485,0.0,0.0
2024-08-14 15:30:00-04:00,1.2300000190734863,1.2345000505447388,1.2300000190734863,1.2343000173568726,2554,0.0,0.0
2024-08-15 09:30:00-04:00,1.2300000190734863,1.25,1.2200000286102295,1.25,7397,0.0,0.0
2024-08-15 10:30:00-04:00,1.2799999713897705,1.2799999713897705,1.2799999713897705,1.2799999713897705,0,0.0,0.0
2024-08-15 11:30:00-04:00,1.2649999856948853,1.2649999856948853,1.25,1.25,9645,0.0,0.0
2024-08-15 12:30:00-04:00,1.2400000095367432,1.25,1.2310999631881714,1.2310999631881714,3843,0.0,0.0
2024-08-15 15:30:00-04:00,1.2400000095367432,1.2400000095367432,1.2309999465942383,1.2309999465942383,530,0.0,0.0
2024-08-16 09:30:00-04:00,1.2450000047683716,1.2450000047683716,1.159999966621399,1.160099983215332,12886,0.0,0.0
2024-08-16 10:30:00-04:00,1.159999966621399,1.1699999570846558,1.159999966621399,1.1699999570846558,0,0.0,0.0
2024-08-16 11:30:00-04:00,1.190000057220459,1.2200000286102295,1.190000057220459,1.2200000286102295,16320,0.0,0.0
2024-08-16 12:30:00-04:00,1.2200000286102295,1.2200000286102295,1.2200000286102295,1.2200000286102295,3330,0.0,0.0
2024-08-16 13:30:00-04:00,1.2000000476837158,1.2000000476837158,1.2000000476837158,1.2000000476837158,2566,0.0,0.0
2024-08-16 14:30:00-04:00,1.2000000476837158,1.2295000553131104,1.2000000476837158,1.215000033378601,1320,0.0,0.0
2024-08-16 15:30:00-04:00,1.2000000476837158,1.2000000476837158,1.2000000476837158,1.2000000476837158,322,0.0,0.0
