Datetime,Open,High,Low,Close,Volume,Dividends,Stock Splits,Capital Gains
2022-08-24 09:30:00-04:00,30.799999237060547,30.799999237060547,30.799999237060547,30.799999237060547,0,0.0,0.0,0.0
2022-08-24 10:30:00-04:00,30.14900016784668,30.14900016784668,30.14900016784668,30.14900016784668,526,0.0,0.0,0.0
2022-08-24 11:30:00-04:00,30.149999618530273,30.149999618530273,30.149999618530273,30.149999618530273,140,0.0,0.0,0.0
2022-08-24 12:30:00-04:00,30.200000762939453,30.2549991607666,30.18000030517578,30.2549991607666,0,0.0,0.0,0.0
2022-08-25 09:30:00-04:00,30.3799991607666,30.3799991607666,30.229999542236328,30.229999542236328,434,0.0,0.0,0.0
2022-08-25 10:30:00-04:00,30.25,30.25,30.25,30.25,441,0.0,0.0,0.0
2022-08-25 12:30:00-04:00,30.170000076293945,30.170000076293945,30.170000076293945,30.170000076293945,200,0.0,0.0,0.0
2022-08-25 13:30:00-04:00,30.149999618530273,30.149999618530273,30.149999618530273,30.149999618530273,200,0.0,0.0,0.0
2022-08-25 15:30:00-04:00,30.089000701904297,30.089000701904297,30.059999465942383,30.059999465942383,500,0.0,0.0,0.0
2022-08-26 09:30:00-04:00,30.385000228881836,30.385000228881836,30.385000228881836,30.385000228881836,0,0.0,0.0,0.0
2022-08-26 10:30:00-04:00,30.229999542236328,30.229999542236328,30.229999542236328,30.229999542236328,516,0.0,0.0,0.0
2022-08-26 11:30:00-04:00,30.3799991607666,30.399999618530273,30.3799991607666,30.389999389648438,1695,0.0,0.0,0.0
2022-08-26 13:30:00-04:00,30.389999389648438,30.389999389648438,30.389999389648438,30.389999389648438,719,0.0,0.0,0.0
2022-08-26 14:30:00-04:00,30.459999084472656,30.459999084472656,30.415700912475586,30.415700912475586,1546,0.0,0.0,0.0
2022-08-26 15:30:00-04:00,30.45989990234375,30.45989990234375,30.424999237060547,30.449100494384766,325,0.0,0.0,0.0
2022-08-29 09:30:00-04:00,30.399999618530273,30.40999984741211,30.299800872802734,30.3700008392334,0,0.0,0.0,0.0
2022-08-29 10:30:00-04:00,30.371299743652344,30.45989990234375,30.344900131225586,30.45989990234375,1169,0.0,0.0,0.0
2022-08-29 11:30:00-04:00,30.420000076293945,30.548999786376953,30.420000076293945,30.548999786376953,1432,0.0,0.0,0.0
2022-08-29 12:30:00-04:00,30.459999084472656,30.5,30.454999923706055,30.5,310,0.0,0.0,0.0
2022-08-29 13:30:00-04:00,30.520000457763672,30.530000686645508,30.5049991607666,30.510000228881836,2260,0.0,0.0,0.0
2022-08-29 14:30:00-04:00,30.548999786376953,30.548999786376953,30.548999786376953,30.548999786376953,628,0.0,0.0,0.0
2022-08-29 15:30:00-04:00,30.50629997253418,30.520000457763672,30.50629997253418,30.520000457763672,0,0.0,0.0,0.0
2022-08-30 09:30:00-04:00,30.40999984741211,30.40999984741211,30.329999923706055,30.329999923706055,3871,0.0,0.0,0.0
2022-08-30 10:30:00-04:00,30.34000015258789,30.3700008392334,30.329999923706055,30.33289909362793,923,0.0,0.0,0.0
2022-08-30 11:30:00-04:00,30.360000610351562,30.3700008392334,30.299999237060547,30.299999237060547,1051,0.0,0.0,0.0
2022-08-30 12:30:00-04:00,30.270000457763672,30.270000457763672,30.270000457763672,30.270000457763672,167,0.0,0.0,0.0
2022-08-30 14:30:00-04:00,30.399999618530273,30.399999618530273,30.387500762939453,30.395000457763672,0,0.0,0.0,0.0
2022-08-31 09:30:00-04:00,30.290000915527344,30.290000915527344,30.200000762939453,30.25,4201,0.0,0.0,0.0
2022-08-31 10:30:00-04:00,30.25,30.25,30.25,30.25,101,0.0,0.0,0.0
2022-08-31 11:30:00-04:00,30.20870018005371,30.309999465942383,30.20870018005371,30.282499313354492,1118,0.0,0.0,0.0
2022-08-31 12:30:00-04:00,30.280000686645508,30.290000915527344,30.280000686645508,30.290000915527344,662,0.0,0.0,0.0
2022-08-31 13:30:00-04:00,30.290000915527344,30.290000915527344,30.259700775146484,30.259700775146484,570,0.0,0.0,0.0
2022-08-31 14:30:00-04:00,30.309999465942383,30.31999969482422,30.290000915527344,30.290000915527344,1551,0.0,0.0,0.0
2022-09-01 09:30:00-04:00,30.09000015258789,30.149999618530273,30.09000015258789,30.149999618530273,0,0.0,0.0,0.0
2022-09-01 10:30:00-04:00,30.18000030517578,30.18000030517578,30.0,30.0,1941,0.0,0.0,0.0
2022-09-01 11:30:00-04:00,29.899999618530273,29.899999618530273,29.863300323486328,29.863300323486328,550,0.0,0.0,0.0
2022-09-01 13:30:00-04:00,29.828100204467773,29.828100204467773,29.799999237060547,29.800100326538086,651,0.0,0.0,0.0
2022-09-01 14:30:00-04:00,29.821500778198242,29.83880043029785,29.821500778198242,29.83880043029785,1721,0.0,0.0,0.0
2022-09-01 15:30:00-04:00,29.809999465942383,29.825000762939453,29.809999465942383,29.825000762939453,200,0.0,0.0,0.0
2022-09-02 09:30:00-04:00,30.049999237060547,30.049999237060547,30.049999237060547,30.049999237060547,0,0.0,0.0,0.0
2022-09-02 10:30:00-04:00,30.079999923706055,30.079999923706055,30.079999923706055,30.079999923706055,241,0.0,0.0,0.0
2022-09-02 11:30:00-04:00,30.020000457763672,30.020000457763672,30.020000457763672,30.020000457763672,115,0.0,0.0,0.0
2022-09-02 14:30:00-04:00,29.979999542236328,29.979999542236328,29.979999542236328,29.979999542236328,100,0.0,0.0,0.0
2022-09-02 15:30:00-04:00,29.969999313354492,29.969999313354492,29.94499969482422,29.94499969482422,268,0.0,0.0,0.0
2022-09-06 09:30:00-04:00,29.850000381469727,29.90999984741211,29.850000381469727,29.90999984741211,342,0.0,0.0,0.0
2022-09-06 11:30:00-04:00,29.940000534057617,29.940000534057617,29.940000534057617,29.940000534057617,100,0.0,0.0,0.0
2022-09-06 13:30:00-04:00,29.950000762939453,29.950000762939453,29.950000762939453,29.950000762939453,100,0.0,0.0,0.0
2022-09-06 14:30:00-04:00,30.030000686645508,30.030000686645508,30.020000457763672,30.020000457763672,300,0.0,0.0,0.0
2022-09-07 09:30:00-04:00,30.200000762939453,30.260000228881836,30.200000762939453,30.260000228881836,1354,0.0,0.0,0.0
2022-09-07 10:30:00-04:00,30.329999923706055,30.329999923706055,30.201000213623047,30.201000213623047,633,0.0,0.0,0.0
2022-09-07 11:30:00-04:00,30.030000686645508,30.040000915527344,30.0,30.0,1714,0.0,0.0,0.0
2022-09-07 14:30:00-04:00,29.801000595092773,29.860000610351562,29.801000595092773,29.860000610351562,300,0.0,0.0,0.0
2022-09-08 09:30:00-04:00,29.850000381469727,29.850000381469727,29.700000762939453,29.700000762939453,0,0.0,0.0,0.0
2022-09-08 10:30:00-04:00,29.670000076293945,29.670000076293945,29.660999298095703,29.660999298095703,630,0.0,0.0,0.0
2022-09-08 11:30:00-04:00,29.709999084472656,29.709999084472656,29.709999084472656,29.709999084472656,170,0.0,0.0,0.0
2022-09-08 13:30:00-04:00,29.77899932861328,29.780000686645508,29.77899932861328,29.780000686645508,0,0.0,0.0,0.0
2022-09-09 09:30:00-04:00,30.049999237060547,30.049999237060547,30.049999237060547,30.049999237060547,339,0.0,0.0,0.0
2022-09-09 11:30:00-04:00,30.239999771118164,30.239999771118164,30.239999771118164,30.239999771118164,110,0.0,0.0,0.0
2022-09-09 12:30:00-04:00,30.299999237060547,30.334999084472656,30.298999786376953,30.334999084472656,250,0.0,0.0,0.0
2022-09-12 09:30:00-04:00,30.219999313354492,30.219999313354492,30.219999313354492,30.219999313354492,0,0.0,0.0,0.0
2022-09-12 10:30:00-04:00,30.201000213623047,30.201000213623047,30.201000213623047,30.201000213623047,443,0.0,0.0,0.0
2022-09-12 11:30:00-04:00,30.270000457763672,30.329999923706055,30.270000457763672,30.329999923706055,654,0.0,0.0,0.0
2022-09-12 14:30:00-04:00,30.538999557495117,30.540000915527344,30.510000228881836,30.510000228881836,3000,0.0,0.0,0.0
2022-09-13 09:30:00-04:00,30.26490020751953,30.391000747680664,30.26490020751953,30.391000747680664,0,0.0,0.0,0.0
2022-09-13 11:30:00-04:00,30.3799991607666,30.3799991607666,30.350000381469727,30.360000610351562,2605,0.0,0.0,0.0
2022-09-13 13:30:00-04:00,30.429100036621094,30.429100036621094,30.429100036621094,30.429100036621094,1832,0.0,0.0,0.0
2022-09-13 14:30:00-04:00,30.43000030517578,30.440000534057617,30.43000030517578,30.440000534057617,7816,0.0,0.0,0.0
2022-09-13 15:30:00-04:00,30.3700008392334,30.395000457763672,30.353599548339844,30.353599548339844,10500,0.0,0.0,0.0
2022-09-14 11:30:00-04:00,30.179000854492188,30.179000854492188,30.144899368286133,30.170000076293945,675,0.0,0.0,0.0
2022-09-14 15:30:00-04:00,30.229000091552734,30.229000091552734,30.209999084472656,30.209999084472656,0,0.0,0.0,0.0
2022-09-15 09:30:00-04:00,30.329999923706055,30.329999923706055,30.329999923706055,30.329999923706055,247,0.0,0.0,0.0
2022-09-15 10:30:00-04:00,30.239999771118164,30.239999771118164,30.18000030517578,30.18000030517578,1657,0.0,0.0,0.0
2022-09-15 11:30:00-04:00,30.209999084472656,30.209999084472656,30.209999084472656,30.209999084472656,100,0.0,0.0,0.0
2022-09-15 12:30:00-04:00,30.260000228881836,30.260000228881836,30.260000228881836,30.260000228881836,150,0.0,0.0,0.0
2022-09-15 15:30:00-04:00,30.200000762939453,30.200000762939453,30.184999465942383,30.184999465942383,100,0.0,0.0,0.0
2022-09-16 09:30:00-04:00,29.90060043334961,29.940000534057617,29.88010025024414,29.940000534057617,0,0.0,0.0,0.0
2022-09-16 11:30:00-04:00,30.030000686645508,30.100099563598633,30.030000686645508,30.100099563598633,376,0.0,0.0,0.0
2022-09-16 14:30:00-04:00,30.170000076293945,30.170000076293945,30.170000076293945,30.170000076293945,546,0.0,0.0,0.0
2022-09-16 15:30:00-04:00,30.111299514770508,30.145000457763672,30.111299514770508,30.145000457763672,100,0.0,0.0,0.0
2022-09-19 09:30:00-04:00,29.950000762939453,29.950000762939453,29.92099952697754,29.92099952697754,8507,0.0,0.0,0.0
2022-09-19 10:30:00-04:00,29.959999084472656,29.959999084472656,29.959999084472656,29.959999084472656,100,0.0,0.0,0.0
2022-09-19 11:30:00-04:00,30.06999969482422,30.06999969482422,30.06999969482422,30.06999969482422,149,0.0,0.0,0.0
2022-09-19 13:30:00-04:00,30.14900016784668,30.149999618530273,30.12190055847168,30.12190055847168,794,0.0,0.0,0.0
2022-09-20 09:30:00-04:00,30.299999237060547,30.299999237060547,30.299999237060547,30.299999237060547,0,0.0,0.0,0.0
2022-09-20 10:30:00-04:00,30.415000915527344,30.510000228881836,30.415000915527344,30.510000228881836,103,0.0,0.0,0.0
2022-09-21 09:30:00-04:00,30.649999618530273,30.649999618530273,30.540000915527344,30.540000915527344,988,0.0,0.0,0.0
2022-09-21 10:30:00-04:00,30.375,30.3799991607666,30.375,30.3799991607666,300,0.0,0.0,0.0
2022-09-21 12:30:00-04:00,30.3700008392334,30.3700008392334,30.3700008392334,30.3700008392334,100,0.0,0.0,0.0
2022-09-21 13:30:00-04:00,30.31999969482422,30.31999969482422,30.31999969482422,30.31999969482422,516,0.0,0.0,0.0
2022-09-21 15:30:00-04:00,30.34000015258789,30.34000015258789,30.289100646972656,30.289100646972656,0,0.0,0.0,0.0
2022-09-22 09:30:00-04:00,30.34000015258789,30.350000381469727,30.34000015258789,30.350000381469727,1016,0.0,0.0,0.0
2022-09-23 09:30:00-04:00,29.778600692749023,29.778600692749023,29.704999923706055,29.704999923706055,573,0.0,0.0,0.0
2022-09-23 13:30:00-04:00,29.709999084472656,29.725000381469727,29.709999084472656,29.725000381469727,123,0.0,0.0,0.0
2022-09-26 09:30:00-04:00,29.920000076293945,29.920000076293945,29.34000015258789,29.34000015258789,0,0.0,0.0,0.0
2022-09-27 10:30:00-04:00,29.690000534057617,29.690000534057617,29.690000534057617,29.690000534057617,0,0.0,0.0,0.0
2022-09-27 12:30:00-04:00,29.469999313354492,29.469999313354492,29.3700008392334,29.3700008392334,181,0.0,0.0,0.0
2022-09-28 13:30:00-04:00,29.57900047302246,29.579999923706055,29.57900047302246,29.579999923706055,187,0.0,0.0,0.0
2022-09-29 10:30:00-04:00,29.559999465942383,29.59000015258789,29.559999465942383,29.59000015258789,348,0.0,0.0,0.0
2022-09-30 15:30:00-04:00,29.459999084472656,29.459999084472656,29.434999465942383,29.434999465942383,144,0.0,0.0,0.0
2022-10-03 11:30:00-04:00,29.399999618530273,29.434999465942383,29.399999618530273,29.434999465942383,261,0.0,0.0,0.0
2022-10-04 09:30:00-04:00,29.709999084472656,29.709999084472656,29.530000686645508,29.530000686645508,0,0.0,0.0,0.0
2022-10-05 09:30:00-04:00,29.579999923706055,29.579999923706055,29.559999465942383,29.56999969482422,996,0.0,0.0,0.0
2022-10-05 10:30:00-04:00,29.735000610351562,29.769500732421875,29.735000610351562,29.769500732421875,5805,0.0,0.0,0.0
2022-10-05 11:30:00-04:00,29.770000457763672,29.770000457763672,29.770000457763672,29.770000457763672,254,0.0,0.0,0.0
2022-10-05 14:30:00-04:00,29.75,29.760000228881836,29.75,29.760000228881836,233,0.0,0.0,0.0
2022-10-06 09:30:00-04:00,29.584999084472656,29.584999084472656,29.584999084472656,29.584999084472656,0,0.0,0.0,0.0
2022-10-06 10:30:00-04:00,29.540000915527344,29.540000915527344,29.540000915527344,29.540000915527344,862,0.0,0.0,0.0
2022-10-06 14:30:00-04:00,29.58930015563965,29.58930015563965,29.58930015563965,29.58930015563965,421,0.0,0.0,0.0
2022-10-06 15:30:00-04:00,29.59000015258789,29.59000015258789,29.565000534057617,29.59000015258789,844,0.0,0.0,0.0
2022-10-07 11:30:00-04:00,29.651399612426758,29.665000915527344,29.651399612426758,29.665000915527344,0,0.0,0.0,0.0
2022-10-07 12:30:00-04:00,29.633100509643555,29.670000076293945,29.633100509643555,29.633100509643555,160,0.0,0.0,0.0
2022-10-10 10:30:00-04:00,30.010000228881836,30.010000228881836,30.010000228881836,30.010000228881836,0,0.0,0.0,0.0
2022-10-10 15:30:00-04:00,29.961000442504883,29.975000381469727,29.961000442504883,29.975000381469727,0,0.0,0.0,0.0
2022-10-11 12:30:00-04:00,29.868999481201172,29.889999389648438,29.868999481201172,29.8799991607666,16725,0.0,0.0,0.0
2022-10-11 13:30:00-04:00,29.90999984741211,29.93000030517578,29.89900016784668,29.920000076293945,22600,0.0,0.0,0.0
2022-10-11 14:30:00-04:00,29.91900062561035,29.920000076293945,29.81999969482422,29.84000015258789,28513,0.0,0.0,0.0
2022-10-11 15:30:00-04:00,29.84000015258789,29.8700008392334,29.674999237060547,29.844999313354492,13992,0.0,0.0,0.0
2022-10-13 09:30:00-04:00,29.65999984741211,29.65999984741211,29.434999465942383,29.490999221801758,0,0.0,0.0,0.0
2022-10-13 10:30:00-04:00,29.5,29.600000381469727,29.5,29.600000381469727,7274,0.0,0.0,0.0
2022-10-13 11:30:00-04:00,29.68000030517578,29.729700088500977,29.68000030517578,29.705799102783203,16474,0.0,0.0,0.0
2022-10-13 12:30:00-04:00,29.650999069213867,29.70949935913086,29.650999069213867,29.70949935913086,814,0.0,0.0,0.0
2022-10-13 13:30:00-04:00,29.711000442504883,29.711000442504883,29.674999237060547,29.674999237060547,505,0.0,0.0,0.0
2022-10-14 09:30:00-04:00,29.65999984741211,29.65999984741211,29.65999984741211,29.65999984741211,0,0.0,0.0,0.0
2022-10-14 12:30:00-04:00,29.46940040588379,29.46940040588379,29.44499969482422,29.465099334716797,957,0.0,0.0,0.0
2022-10-17 12:30:00-04:00,29.520000457763672,29.520000457763672,29.459999084472656,29.510000228881836,201,0.0,0.0,0.0
2022-10-17 13:30:00-04:00,29.530000686645508,29.530000686645508,29.5,29.5,515,0.0,0.0,0.0
2022-10-17 14:30:00-04:00,29.5,29.5,29.438100814819336,29.5,533,0.0,0.0,0.0
2022-10-17 15:30:00-04:00,29.5,29.5,29.46500015258789,29.46500015258789,400,0.0,0.0,0.0
2022-10-18 09:30:00-04:00,29.299999237060547,29.31999969482422,29.299999237060547,29.309999465942383,2201,0.0,0.0,0.0
2022-10-18 12:30:00-04:00,29.354999542236328,29.440000534057617,29.354999542236328,29.440000534057617,17223,0.0,0.0,0.0
2022-10-19 09:30:00-04:00,29.31999969482422,29.31999969482422,29.31999969482422,29.31999969482422,0,0.0,0.0,0.0
2022-10-19 10:30:00-04:00,29.360000610351562,29.360000610351562,29.360000610351562,29.360000610351562,240,0.0,0.0,0.0
2022-10-19 12:30:00-04:00,29.34000015258789,29.3700008392334,29.329999923706055,29.3700008392334,320,0.0,0.0,0.0
2022-10-20 12:30:00-04:00,29.396499633789062,29.412399291992188,29.396499633789062,29.412399291992188,373,0.0,0.0,0.0
2022-10-20 13:30:00-04:00,29.429899215698242,29.43000030517578,29.41900062561035,29.420000076293945,1959,0.0,0.0,0.0
2022-10-20 14:30:00-04:00,29.427499771118164,29.510000228881836,29.415000915527344,29.415000915527344,135,0.0,0.0,0.0
2022-10-24 13:30:00-04:00,29.371000289916992,29.371000289916992,29.371000289916992,29.371000289916992,0,0.0,0.0,0.0
2022-10-24 14:30:00-04:00,29.370100021362305,29.370100021362305,29.370100021362305,29.370100021362305,350,0.0,0.0,0.0
2022-10-24 15:30:00-04:00,29.399999618530273,29.399999618530273,29.399999618530273,29.399999618530273,353,0.0,0.0,0.0
2022-10-25 09:30:00-04:00,29.219999313354492,29.29789924621582,29.219999313354492,29.29789924621582,0,0.0,0.0,0.0
2022-10-25 11:30:00-04:00,29.268999099731445,29.280000686645508,29.268999099731445,29.268999099731445,102,0.0,0.0,0.0
2022-10-26 10:30:00-04:00,29.290000915527344,29.290000915527344,29.290000915527344,29.290000915527344,0,0.0,0.0,0.0
2022-10-26 13:30:00-04:00,29.174999237060547,29.184999465942383,29.174999237060547,29.184999465942383,520,0.0,0.0,0.0
2022-10-27 09:30:00-04:00,29.1299991607666,29.1299991607666,29.1299991607666,29.1299991607666,0,0.0,0.0,0.0
2022-10-27 10:30:00-04:00,29.109899520874023,29.110000610351562,29.045000076293945,29.045000076293945,9886,0.0,0.0,0.0
2022-10-27 12:30:00-04:00,28.959999084472656,28.979999542236328,28.959999084472656,28.979999542236328,1095,0.0,0.0,0.0
2022-10-27 13:30:00-04:00,29.018999099731445,29.018999099731445,29.018999099731445,29.018999099731445,170,0.0,0.0,0.0
2022-10-27 15:30:00-04:00,29.0,29.0,28.979999542236328,28.979999542236328,280,0.0,0.0,0.0
2022-10-28 10:30:00-04:00,28.75,28.75,28.639999389648438,28.670000076293945,875,0.0,0.0,0.0
2022-10-28 11:30:00-04:00,28.809999465942383,28.844999313354492,28.809999465942383,28.844999313354492,4701,0.0,0.0,0.0
2022-10-31 09:30:00-04:00,29.079999923706055,29.135000228881836,29.079999923706055,29.135000228881836,0,0.0,0.0,0.0
2022-10-31 10:30:00-04:00,29.051000595092773,29.051000595092773,29.051000595092773,29.051000595092773,127,0.0,0.0,0.0
2022-10-31 11:30:00-04:00,28.990999221801758,29.170000076293945,28.990999221801758,28.990999221801758,422,0.0,0.0,0.0
2022-11-01 09:30:00-04:00,29.299999237060547,29.350000381469727,29.260000228881836,29.290000915527344,0,0.0,0.0,0.0
2022-11-01 10:30:00-04:00,29.270000457763672,29.440000534057617,29.270000457763672,29.3700008392334,2005,0.0,0.0,0.0
2022-11-01 11:30:00-04:00,29.3700008392334,29.420000076293945,29.31999969482422,29.420000076293945,1900,0.0,0.0,0.0
2022-11-01 12:30:00-04:00,29.420000076293945,29.454999923706055,29.389999389648438,29.454999923706055,2100,0.0,0.0,0.0
2022-11-01 13:30:00-04:00,29.42009925842285,29.514999389648438,29.42009925842285,29.485000610351562,3691,0.0,0.0,0.0
2022-11-01 14:30:00-04:00,29.485000610351562,29.489999771118164,29.484500885009766,29.485000610351562,3264,0.0,0.0,0.0
2022-11-01 15:30:00-04:00,29.485000610351562,29.485000610351562,29.459999084472656,29.459999084472656,1232,0.0,0.0,0.0
2022-11-02 09:30:00-04:00,29.299999237060547,29.299999237060547,29.299999237060547,29.299999237060547,0,0.0,0.0,0.0
2022-11-02 14:30:00-04:00,29.34000015258789,29.34000015258789,29.34000015258789,29.34000015258789,10100,0.0,0.0,0.0
2022-11-02 15:30:00-04:00,29.34000015258789,29.360000610351562,29.325000762939453,29.325000762939453,7668,0.0,0.0,0.0
2022-11-03 12:30:00-04:00,29.184999465942383,29.19499969482422,29.184999465942383,29.19499969482422,2,0.0,0.0,0.0
2022-11-04 11:30:00-04:00,29.518999099731445,29.518999099731445,29.518999099731445,29.518999099731445,114,0.0,0.0,0.0
2022-11-04 13:30:00-04:00,29.520000457763672,29.520000457763672,29.509000778198242,29.509000778198242,393,0.0,0.0,0.0
2022-11-04 14:30:00-04:00,29.5,29.5,29.485000610351562,29.485000610351562,100,0.0,0.0,0.0
2022-11-07 09:30:00-05:00,29.4950008392334,29.509000778198242,29.4950008392334,29.499900817871094,2211,0.0,0.0,0.0
2022-11-07 13:30:00-05:00,29.610000610351562,29.610000610351562,29.610000610351562,29.610000610351562,857,0.0,0.0,0.0
2022-11-07 14:30:00-05:00,29.628999710083008,29.628999710083008,29.600000381469727,29.600000381469727,626,0.0,0.0,0.0
2022-11-08 09:30:00-05:00,29.530000686645508,29.530000686645508,29.530000686645508,29.530000686645508,0,0.0,0.0,0.0
2022-11-08 12:30:00-05:00,29.48900032043457,29.489999771118164,29.46500015258789,29.469999313354492,0,0.0,0.0,0.0
2022-11-09 12:30:00-05:00,29.459999084472656,29.459999084472656,29.395000457763672,29.395000457763672,2394,0.0,0.0,0.0
2022-11-10 10:30:00-05:00,29.299999237060547,29.299999237060547,29.299999237060547,29.299999237060547,0,0.0,0.0,0.0
2022-11-10 13:30:00-05:00,29.469999313354492,29.469999313354492,29.440000534057617,29.469999313354492,223,0.0,0.0,0.0
2022-11-11 10:30:00-05:00,29.550100326538086,29.550100326538086,29.53499984741211,29.53499984741211,0,0.0,0.0,0.0
2022-11-14 13:30:00-05:00,29.47100067138672,29.47100067138672,29.461000442504883,29.461000442504883,250,0.0,0.0,0.0
2022-11-14 14:30:00-05:00,29.450000762939453,29.450000762939453,29.450000762939453,29.450000762939453,100,0.0,0.0,0.0
2022-11-14 15:30:00-05:00,29.459999084472656,29.469999313354492,29.459999084472656,29.469999313354492,148,0.0,0.0,0.0
2022-11-15 10:30:00-05:00,29.40999984741211,29.40999984741211,29.385000228881836,29.385000228881836,6187,0.0,0.0,0.0
2022-11-15 11:30:00-05:00,29.3799991607666,29.3799991607666,29.3799991607666,29.3799991607666,3610,0.0,0.0,0.0
2022-11-15 12:30:00-05:00,29.549999237060547,29.549999237060547,29.549999237060547,29.549999237060547,235,0.0,0.0,0.0
2022-11-15 13:30:00-05:00,29.62809944152832,29.62809944152832,29.610000610351562,29.610000610351562,1004,0.0,0.0,0.0
2022-11-16 10:30:00-05:00,29.38949966430664,29.38949966430664,29.38949966430664,29.38949966430664,0,0.0,0.0,0.0
2022-11-16 11:30:00-05:00,29.458499908447266,29.479999542236328,29.458499908447266,29.479999542236328,56,0.0,0.0,0.0
2022-11-17 09:30:00-05:00,29.209999084472656,29.209999084472656,29.209999084472656,29.209999084472656,917,0.0,0.0,0.0
2022-11-17 10:30:00-05:00,29.189899444580078,29.189899444580078,29.189899444580078,29.189899444580078,435,0.0,0.0,0.0
2022-11-17 12:30:00-05:00,29.229999542236328,29.229999542236328,29.229999542236328,29.229999542236328,100,0.0,0.0,0.0
2022-11-17 13:30:00-05:00,29.25,29.25,29.209999084472656,29.209999084472656,6389,0.0,0.0,0.0
2022-11-17 14:30:00-05:00,29.259000778198242,29.259000778198242,29.259000778198242,29.259000778198242,356,0.0,0.0,0.0
2022-11-17 15:30:00-05:00,29.260000228881836,29.260000228881836,29.239999771118164,29.239999771118164,206,0.0,0.0,0.0
2022-11-18 09:30:00-05:00,29.25,29.25,29.239999771118164,29.239999771118164,0,0.0,0.0,0.0
2022-11-18 14:30:00-05:00,29.288999557495117,29.288999557495117,29.2549991607666,29.2549991607666,334,0.0,0.0,0.0
2022-11-21 09:30:00-05:00,29.1200008392334,29.346900939941406,29.1200008392334,29.346900939941406,0,0.0,0.0,0.0
2022-11-23 10:30:00-05:00,29.23900032043457,29.23900032043457,29.198999404907227,29.200000762939453,932,0.0,0.0,0.0
2022-11-23 12:30:00-05:00,29.229999542236328,29.239999771118164,29.229999542236328,29.239999771118164,601,0.0,0.0,0.0
2022-11-25 10:30:00-05:00,29.40999984741211,29.40999984741211,29.209299087524414,29.40999984741211,0,0.0,0.0,0.0
2022-11-28 09:30:00-05:00,29.110000610351562,29.110000610351562,29.010000228881836,29.010000228881836,677,0.0,0.0,0.0
2022-11-28 14:30:00-05:00,29.07900047302246,29.07900047302246,29.059999465942383,29.059999465942383,200,0.0,0.0,0.0
2022-11-29 10:30:00-05:00,29.229999542236328,29.229999542236328,29.225000381469727,29.229999542236328,446,0.0,0.0,0.0
2022-11-29 12:30:00-05:00,29.160999298095703,29.174999237060547,29.160999298095703,29.174999237060547,101,0.0,0.0,0.0
2022-11-30 11:30:00-05:00,29.360000610351562,29.360000610351562,29.350000381469727,29.350000381469727,0,0.0,0.0,0.0
2022-11-30 12:30:00-05:00,29.360000610351562,29.360000610351562,29.360000610351562,29.360000610351562,200,0.0,0.0,0.0
2022-11-30 13:30:00-05:00,29.3700008392334,29.3700008392334,29.3700008392334,29.3700008392334,1564,0.0,0.0,0.0
2022-11-30 15:30:00-05:00,29.43899917602539,29.440000534057617,29.415000915527344,29.415000915527344,941,0.0,0.0,0.0
2022-12-01 09:30:00-05:00,29.360000610351562,29.360000610351562,29.360000610351562,29.360000610351562,0,0.0,0.0,0.0
2022-12-01 11:30:00-05:00,29.27400016784668,29.27400016784668,29.27400016784668,29.27400016784668,732,0.0,0.0,0.0
2022-12-01 13:30:00-05:00,29.3700008392334,29.3700008392334,29.329999923706055,29.329999923706055,389,0.0,0.0,0.0
2022-12-02 09:30:00-05:00,29.1299991607666,29.1299991607666,29.1299991607666,29.1299991607666,394,0.0,0.0,0.0
2022-12-02 13:30:00-05:00,29.208599090576172,29.208599090576172,29.149999618530273,29.149999618530273,353,0.0,0.0,0.0
2022-12-05 09:30:00-05:00,29.170000076293945,29.170000076293945,29.170000076293945,29.170000076293945,0,0.0,0.0,0.0
2022-12-05 10:30:00-05:00,29.135000228881836,29.135000228881836,29.135000228881836,29.135000228881836,104,0.0,0.0,0.0
2022-12-05 11:30:00-05:00,29.049999237060547,29.049999237060547,29.049999237060547,29.049999237060547,1620,0.0,0.0,0.0
2022-12-05 12:30:00-05:00,29.051300048828125,29.06999969482422,28.885000228881836,28.885000228881836,0,0.0,0.0,0.0
2022-12-07 11:30:00-05:00,28.81100082397461,28.860000610351562,28.801300048828125,28.860000610351562,16650,0.0,0.0,0.0
2022-12-07 14:30:00-05:00,28.929000854492188,28.929000854492188,28.929000854492188,28.929000854492188,340,0.0,0.0,0.0
2022-12-07 15:30:00-05:00,28.929000854492188,28.93000030517578,28.8799991607666,28.93000030517578,0,0.0,0.0,0.0
2022-12-12 09:30:00-05:00,28.790000915527344,28.790000915527344,28.790000915527344,28.790000915527344,0,0.0,0.0,0.0
2022-12-12 13:30:00-05:00,29.049999237060547,29.049999237060547,29.03499984741211,29.03499984741211,1830,0.0,0.0,0.0
2022-12-13 10:30:00-05:00,29.299999237060547,29.299999237060547,29.200000762939453,29.290000915527344,962,0.0,0.0,0.0
2022-12-14 10:30:00-05:00,29.135000228881836,29.135000228881836,29.135000228881836,29.135000228881836,0,0.0,0.0,0.0
2022-12-14 11:30:00-05:00,29.200000762939453,29.200000762939453,29.200000762939453,29.200000762939453,459,0.0,0.0,0.0
2022-12-14 12:30:00-05:00,29.190000534057617,29.190000534057617,29.18000030517578,29.18000030517578,615,0.0,0.0,0.0
2022-12-14 14:30:00-05:00,29.170000076293945,29.200000762939453,29.170000076293945,29.181499481201172,10800,0.0,0.0,0.0
2022-12-15 09:30:00-05:00,29.239999771118164,29.239999771118164,29.239999771118164,29.239999771118164,0,0.0,0.0,0.0
2022-12-15 11:30:00-05:00,29.15999984741211,29.15999984741211,29.084999084472656,29.145000457763672,374,0.0,0.0,0.0
2022-12-19 12:30:00-05:00,28.878999710083008,28.878999710083008,28.878999710083008,28.878999710083008,0,0.0,0.0,0.0
2022-12-19 13:30:00-05:00,28.888999938964844,29.010000228881836,28.8799991607666,28.8799991607666,274,0.0,0.0,0.0
2022-12-21 13:30:00-05:00,29.3799991607666,29.395000457763672,29.3799991607666,29.395000457763672,2283,0.0,0.0,0.0
2022-12-22 09:30:00-05:00,29.354999542236328,29.454999923706055,29.354999542236328,29.454999923706055,0,0.0,0.0,0.0
2022-12-23 09:30:00-05:00,29.55500030517578,29.55500030517578,29.548099517822266,29.548099517822266,582,0.0,0.0,0.0
2022-12-23 11:30:00-05:00,29.579999923706055,29.579999923706055,29.579999923706055,29.579999923706055,136,0.0,0.0,0.0
2022-12-23 12:30:00-05:00,29.594100952148438,29.594100952148438,29.594100952148438,29.594100952148438,459,0.0,0.0,0.0
2022-12-23 14:30:00-05:00,29.64900016784668,29.64900016784668,29.64900016784668,29.64900016784668,185,0.0,0.0,0.0
2022-12-23 15:30:00-05:00,29.63249969482422,29.63249969482422,29.61009979248047,29.625,363,0.0,0.0,0.0
2022-12-27 09:30:00-05:00,29.670000076293945,29.670000076293945,29.639999389648438,29.639999389648438,397,0.0,0.0,0.0
2022-12-27 10:30:00-05:00,29.549999237060547,29.56999969482422,29.549999237060547,29.56999969482422,878,0.0,0.0,0.0
2022-12-27 11:30:00-05:00,29.53499984741211,29.53499984741211,29.53499984741211,29.53499984741211,2670,0.0,0.0,0.0
2022-12-27 14:30:00-05:00,29.525299072265625,29.525299072265625,29.525299072265625,29.525299072265625,270,0.0,0.0,0.0
2022-12-27 15:30:00-05:00,29.59000015258789,29.59000015258789,29.545000076293945,29.545000076293945,9000,0.0,0.0,0.0
2022-12-28 09:30:00-05:00,29.68000030517578,29.68000030517578,29.68000030517578,29.68000030517578,0,0.0,0.0,0.0
2022-12-28 11:30:00-05:00,29.68000030517578,29.68000030517578,29.68000030517578,29.68000030517578,371,0.0,0.0,0.0
2022-12-28 12:30:00-05:00,29.70240020751953,29.70240020751953,29.70240020751953,29.70240020751953,278,0.0,0.0,0.0
2022-12-28 14:30:00-05:00,29.790000915527344,29.790000915527344,29.7549991607666,29.7549991607666,1500,0.0,0.0,0.0
2022-12-29 11:30:00-05:00,29.6200008392334,29.6200008392334,29.559999465942383,29.559999465942383,13,0.0,0.0,0.0
2022-12-30 11:30:00-05:00,29.5,29.545000076293945,29.5,29.545000076293945,1488,0.0,0.0,0.0
2023-01-03 09:30:00-05:00,29.459999084472656,29.459999084472656,29.440000534057617,29.440000534057617,0,0.0,0.0,0.0
2023-01-03 10:30:00-05:00,29.420000076293945,29.420000076293945,29.399999618530273,29.399999618530273,2168,0.0,0.0,0.0
2023-01-03 12:30:00-05:00,29.155000686645508,29.155000686645508,29.141000747680664,29.141000747680664,200,0.0,0.0,0.0
2023-01-03 13:30:00-05:00,29.170000076293945,29.175600051879883,29.170000076293945,29.170000076293945,5230,0.0,0.0,0.0
2023-01-03 14:30:00-05:00,29.219999313354492,29.260000228881836,29.212099075317383,29.229999542236328,1387,0.0,0.0,0.0
2023-01-04 09:30:00-05:00,29.190000534057617,29.190000534057617,29.190000534057617,29.190000534057617,0,0.0,0.0,0.0
2023-01-04 10:30:00-05:00,28.89900016784668,28.899999618530273,28.889999389648438,28.889999389648438,1103,0.0,0.0,0.0
2023-01-04 13:30:00-05:00,28.899999618530273,28.899999618530273,28.889999389648438,28.889999389648438,100,0.0,0.0,0.0
2023-01-05 10:30:00-05:00,28.780000686645508,28.780000686645508,28.780000686645508,28.780000686645508,0,0.0,0.0,0.0
2023-01-05 12:30:00-05:00,28.770000457763672,28.84000015258789,28.770000457763672,28.84000015258789,689,0.0,0.0,0.0
2023-01-06 09:30:00-05:00,28.760000228881836,28.760000228881836,28.760000228881836,28.760000228881836,0,0.0,0.0,0.0
2023-01-06 13:30:00-05:00,28.719999313354492,28.719999313354492,28.719999313354492,28.719999313354492,105,0.0,0.0,0.0
2023-01-09 09:30:00-05:00,28.829999923706055,28.878299713134766,28.829999923706055,28.86240005493164,6281,0.0,0.0,0.0
2023-01-09 10:30:00-05:00,28.94969940185547,28.94969940185547,28.790000915527344,28.790000915527344,332,0.0,0.0,0.0
2023-01-10 10:30:00-05:00,28.579999923706055,28.579999923706055,28.579999923706055,28.579999923706055,0,0.0,0.0,0.0
2023-01-10 11:30:00-05:00,28.639999389648438,28.639999389648438,28.610000610351562,28.610000610351562,1581,0.0,0.0,0.0
2023-01-10 12:30:00-05:00,28.610000610351562,28.610000610351562,28.56999969482422,28.56999969482422,3389,0.0,0.0,0.0
2023-01-10 13:30:00-05:00,28.559999465942383,28.559999465942383,28.479999542236328,28.479999542236328,316,0.0,0.0,0.0
2023-01-11 11:30:00-05:00,28.399999618530273,28.399999618530273,28.399999618530273,28.399999618530273,34,0.0,0.0,0.0
2023-01-11 12:30:00-05:00,28.440000534057617,28.448999404907227,28.389999389648438,28.389999389648438,453,0.0,0.0,0.0
2023-01-12 09:30:00-05:00,28.3700008392334,28.3700008392334,28.366100311279297,28.366100311279297,0,0.0,0.0,0.0
2023-01-12 11:30:00-05:00,28.565000534057617,28.65999984741211,28.565000534057617,28.65999984741211,0,0.0,0.0,0.0
2023-01-17 09:30:00-05:00,28.638099670410156,28.638099670410156,28.638099670410156,28.638099670410156,702,0.0,0.0,0.0
2023-01-17 10:30:00-05:00,28.700000762939453,28.790000915527344,28.700000762939453,28.790000915527344,547,0.0,0.0,0.0
2023-01-18 10:30:00-05:00,28.834999084472656,28.834999084472656,28.780000686645508,28.780000686645508,701,0.0,0.0,0.0
2023-01-18 11:30:00-05:00,28.740100860595703,28.740100860595703,28.740100860595703,28.740100860595703,365,0.0,0.0,0.0
2023-01-18 13:30:00-05:00,28.679100036621094,28.679100036621094,28.645000457763672,28.645000457763672,0,0.0,0.0,0.0
2023-01-19 12:30:00-05:00,28.43000030517578,28.43000030517578,28.399999618530273,28.399999618530273,431,0.0,0.0,0.0
2023-01-20 09:30:00-05:00,28.290000915527344,28.299999237060547,28.290000915527344,28.299999237060547,1582,0.0,0.0,0.0
2023-01-20 10:30:00-05:00,28.450000762939453,28.49839973449707,28.441999435424805,28.49839973449707,1260,0.0,0.0,0.0
2023-01-20 11:30:00-05:00,28.475000381469727,28.475000381469727,28.475000381469727,28.475000381469727,350,0.0,0.0,0.0
2023-01-20 13:30:00-05:00,28.485000610351562,28.485000610351562,28.479999542236328,28.485000610351562,243,0.0,0.0,0.0
2023-01-23 10:30:00-05:00,28.459999084472656,28.48900032043457,28.459999084472656,28.48900032043457,401,0.0,0.0,0.0
2023-01-23 11:30:00-05:00,28.44099998474121,28.44099998474121,28.44099998474121,28.44099998474121,447,0.0,0.0,0.0
2023-01-23 12:30:00-05:00,28.440000534057617,28.440000534057617,28.440000534057617,28.440000534057617,101,0.0,0.0,0.0
2023-01-23 15:30:00-05:00,28.475000381469727,28.475000381469727,28.475000381469727,28.475000381469727,175,0.0,0.0,0.0
2023-01-24 09:30:00-05:00,28.59000015258789,28.600000381469727,28.520000457763672,28.579999923706055,8935,0.0,0.0,0.0
2023-01-24 14:30:00-05:00,28.639999389648438,28.639999389648438,28.639999389648438,28.639999389648438,100,0.0,0.0,0.0
2023-01-24 15:30:00-05:00,28.645000457763672,28.645000457763672,28.645000457763672,28.645000457763672,0,0.0,0.0,0.0
2023-01-25 11:30:00-05:00,28.739999771118164,28.739999771118164,28.739999771118164,28.739999771118164,114,0.0,0.0,0.0
2023-01-25 12:30:00-05:00,28.739999771118164,28.739999771118164,28.739999771118164,28.739999771118164,192,0.0,0.0,0.0
2023-01-25 13:30:00-05:00,28.75,28.75,28.75,28.75,175,0.0,0.0,0.0
2023-01-25 15:30:00-05:00,28.760000228881836,28.760000228881836,28.735000610351562,28.760000228881836,700,0.0,0.0,0.0
2023-01-26 09:30:00-05:00,29.020000457763672,29.020000457763672,29.020000457763672,29.020000457763672,0,0.0,0.0,0.0
2023-01-26 10:30:00-05:00,29.020000457763672,29.020000457763672,28.999000549316406,28.999000549316406,433,0.0,0.0,0.0
2023-01-26 12:30:00-05:00,29.099000930786133,29.099000930786133,29.099000930786133,29.099000930786133,233,0.0,0.0,0.0
2023-01-26 15:30:00-05:00,29.05470085144043,29.084999084472656,29.05470085144043,29.084999084472656,175,0.0,0.0,0.0
2023-01-27 10:30:00-05:00,29.138999938964844,29.138999938964844,29.138999938964844,29.138999938964844,5,0.0,0.0,0.0
2023-01-27 11:30:00-05:00,29.149999618530273,29.149999618530273,29.149999618530273,29.149999618530273,103,0.0,0.0,0.0
2023-01-27 15:30:00-05:00,29.199399948120117,29.199399948120117,29.165000915527344,29.165000915527344,4350,0.0,0.0,0.0
2023-01-30 09:30:00-05:00,29.31999969482422,29.360000610351562,29.31999969482422,29.360000610351562,0,0.0,0.0,0.0
2023-01-30 10:30:00-05:00,29.30500030517578,29.30500030517578,29.290000915527344,29.290000915527344,270,0.0,0.0,0.0
2023-01-30 13:30:00-05:00,29.388999938964844,29.388999938964844,29.364999771118164,29.364999771118164,512,0.0,0.0,0.0
2023-01-31 09:30:00-05:00,29.399999618530273,29.399999618530273,29.399999618530273,29.399999618530273,0,0.0,0.0,0.0
2023-01-31 10:30:00-05:00,29.559999465942383,29.594999313354492,29.559999465942383,29.594999313354492,2032,0.0,0.0,0.0
2023-01-31 12:30:00-05:00,29.670000076293945,29.699899673461914,29.668100357055664,29.690000534057617,560,0.0,0.0,0.0
2023-01-31 14:30:00-05:00,29.67620086669922,29.700000762939453,29.669300079345703,29.669300079345703,2635,0.0,0.0,0.0
2023-01-31 15:30:00-05:00,29.650100708007812,29.68000030517578,29.650100708007812,29.68000030517578,340,0.0,0.0,0.0
2023-02-01 09:30:00-05:00,29.559999465942383,29.559999465942383,29.559999465942383,29.559999465942383,0,0.0,0.0,0.0
2023-02-01 10:30:00-05:00,29.540000915527344,29.540000915527344,29.540000915527344,29.540000915527344,519,0.0,0.0,0.0
2023-02-01 14:30:00-05:00,29.450000762939453,29.48900032043457,29.450000762939453,29.48900032043457,2828,0.0,0.0,0.0
2023-02-01 15:30:00-05:00,29.5,29.5,29.469999313354492,29.469999313354492,100,0.0,0.0,0.0
2023-02-02 09:30:00-05:00,29.65999984741211,29.65999984741211,29.56999969482422,29.655000686645508,0,0.0,0.0,0.0
2023-02-03 09:30:00-05:00,29.489999771118164,29.489999771118164,29.489999771118164,29.489999771118164,0,0.0,0.0,0.0
2023-02-03 11:30:00-05:00,29.489999771118164,29.489999771118164,29.489999771118164,29.489999771118164,424,0.0,0.0,0.0
2023-02-03 12:30:00-05:00,29.489999771118164,29.489999771118164,29.450000762939453,29.450000762939453,100,0.0,0.0,0.0
2023-02-06 09:30:00-05:00,29.459999084472656,29.459999084472656,29.459999084472656,29.459999084472656,0,0.0,0.0,0.0
2023-02-06 11:30:00-05:00,29.339000701904297,29.3799991607666,29.339000701904297,29.339000701904297,441,0.0,0.0,0.0
2023-02-07 09:30:00-05:00,29.360000610351562,29.360000610351562,29.360000610351562,29.360000610351562,0,0.0,0.0,0.0
2023-02-07 10:30:00-05:00,29.34000015258789,29.360000610351562,29.34000015258789,29.360000610351562,2605,0.0,0.0,0.0
2023-02-07 11:30:00-05:00,29.450000762939453,29.450000762939453,29.450000762939453,29.450000762939453,110,0.0,0.0,0.0
2023-02-07 14:30:00-05:00,29.47439956665039,29.47439956665039,29.46500015258789,29.46500015258789,250,0.0,0.0,0.0
2023-02-08 09:30:00-05:00,29.3799991607666,29.3799991607666,29.34000015258789,29.34000015258789,10499,0.0,0.0,0.0
2023-02-08 10:30:00-05:00,29.489999771118164,29.489999771118164,29.450000762939453,29.450000762939453,1009,0.0,0.0,0.0
2023-02-08 12:30:00-05:00,29.479999542236328,29.520000457763672,29.479999542236328,29.520000457763672,226,0.0,0.0,0.0
2023-02-09 09:30:00-05:00,29.469999313354492,29.469999313354492,29.469999313354492,29.469999313354492,0,0.0,0.0,0.0
2023-02-09 11:30:00-05:00,29.43000030517578,29.43000030517578,29.43000030517578,29.43000030517578,329,0.0,0.0,0.0
2023-02-09 12:30:00-05:00,29.479999542236328,29.479999542236328,29.377099990844727,29.377099990844727,100,0.0,0.0,0.0
2023-02-10 09:30:00-05:00,29.399999618530273,29.399999618530273,29.399999618530273,29.399999618530273,2329,0.0,0.0,0.0
2023-02-10 13:30:00-05:00,29.610000610351562,29.610000610351562,29.58099937438965,29.58099937438965,262,0.0,0.0,0.0
2023-02-10 14:30:00-05:00,29.65999984741211,29.670000076293945,29.635000228881836,29.635000228881836,0,0.0,0.0,0.0
2023-02-13 09:30:00-05:00,29.667299270629883,29.667299270629883,29.667299270629883,29.667299270629883,1003,0.0,0.0,0.0
2023-02-13 10:30:00-05:00,29.739999771118164,29.739999771118164,29.739999771118164,29.739999771118164,102,0.0,0.0,0.0
2023-02-13 11:30:00-05:00,29.75,29.850000381469727,29.75,29.850000381469727,219,0.0,0.0,0.0
2023-02-14 09:30:00-05:00,29.790000915527344,29.979999542236328,29.790000915527344,29.979999542236328,0,0.0,0.0,0.0
2023-02-14 11:30:00-05:00,29.99850082397461,30.030000686645508,29.99850082397461,30.030000686645508,2100,0.0,0.0,0.0
2023-02-14 12:30:00-05:00,30.010000228881836,30.010000228881836,30.010000228881836,30.010000228881836,100,0.0,0.0,0.0
2023-02-14 14:30:00-05:00,30.010000228881836,30.020000457763672,30.010000228881836,30.020000457763672,196,0.0,0.0,0.0
2023-02-15 09:30:00-05:00,29.8799991607666,29.8799991607666,29.8799991607666,29.8799991607666,0,0.0,0.0,0.0
2023-02-15 12:30:00-05:00,29.80900001525879,29.81999969482422,29.780000686645508,29.780000686645508,338,0.0,0.0,0.0
2023-02-16 09:30:00-05:00,29.809999465942383,29.809999465942383,29.809999465942383,29.809999465942383,0,0.0,0.0,0.0
2023-02-16 11:30:00-05:00,29.90999984741211,29.90999984741211,29.90999984741211,29.90999984741211,103,0.0,0.0,0.0
2023-02-16 12:30:00-05:00,29.93899917602539,29.93899917602539,29.93899917602539,29.93899917602539,247,0.0,0.0,0.0
2023-02-16 14:30:00-05:00,29.950000762939453,29.950000762939453,29.950000762939453,29.950000762939453,10722,0.0,0.0,0.0
2023-02-16 15:30:00-05:00,29.940000534057617,29.940000534057617,29.920000076293945,29.920000076293945,0,0.0,0.0,0.0
2023-02-17 09:30:00-05:00,30.040000915527344,30.100000381469727,30.040000915527344,30.040000915527344,105,0.0,0.0,0.0
2023-02-21 09:30:00-05:00,30.40999984741211,30.40999984741211,30.36009979248047,30.36009979248047,1060,0.0,0.0,0.0
2023-02-21 10:30:00-05:00,30.299999237060547,30.299999237060547,30.299999237060547,30.299999237060547,100,0.0,0.0,0.0
2023-02-21 11:30:00-05:00,30.25,30.27899932861328,30.25,30.27899932861328,573,0.0,0.0,0.0
2023-02-21 13:30:00-05:00,30.334999084472656,30.360000610351562,30.334999084472656,30.360000610351562,182,0.0,0.0,0.0
2023-02-22 09:30:00-05:00,30.260000228881836,30.260000228881836,30.239900588989258,30.239900588989258,0,0.0,0.0,0.0
2023-02-22 13:30:00-05:00,30.225000381469727,30.225000381469727,30.225000381469727,30.225000381469727,105,0.0,0.0,0.0
2023-02-23 09:30:00-05:00,30.200000762939453,30.200000762939453,30.200000762939453,30.200000762939453,0,0.0,0.0,0.0
2023-02-23 10:30:00-05:00,30.18000030517578,30.18000030517578,30.15999984741211,30.15999984741211,259,0.0,0.0,0.0
2023-02-24 09:30:00-05:00,29.858699798583984,29.858699798583984,29.84000015258789,29.84000015258789,766,0.0,0.0,0.0
2023-02-24 11:30:00-05:00,29.829999923706055,29.829999923706055,29.829999923706055,29.829999923706055,421,0.0,0.0,0.0
2023-02-24 13:30:00-05:00,29.729999542236328,29.7450008392334,29.729999542236328,29.729999542236328,1001,0.0,0.0,0.0
2023-02-27 09:30:00-05:00,29.770000457763672,29.770000457763672,29.65999984741211,29.65999984741211,0,0.0,0.0,0.0
2023-02-27 11:30:00-05:00,29.73310089111328,29.7450008392334,29.719999313354492,29.7450008392334,3987,0.0,0.0,0.0
2023-02-28 09:30:00-05:00,29.719999313354492,29.719999313354492,29.68000030517578,29.68000030517578,0,0.0,0.0,0.0
2023-02-28 11:30:00-05:00,29.71500015258789,29.71500015258789,29.71500015258789,29.71500015258789,292,0.0,0.0,0.0
2023-02-28 12:30:00-05:00,29.670000076293945,29.670000076293945,29.649999618530273,29.649999618530273,2254,0.0,0.0,0.0
2023-03-01 09:30:00-05:00,29.65999984741211,29.65999984741211,29.6299991607666,29.6299991607666,0,0.0,0.0,0.0
2023-03-01 10:30:00-05:00,29.75,29.760000228881836,29.75,29.760000228881836,2188,0.0,0.0,0.0
2023-03-01 14:30:00-05:00,29.81100082397461,29.844999313354492,29.809999465942383,29.844999313354492,16596,0.0,0.0,0.0
2023-03-02 09:30:00-05:00,29.698999404907227,29.698999404907227,29.698999404907227,29.698999404907227,0,0.0,0.0,0.0
2023-03-02 10:30:00-05:00,29.734899520874023,29.734899520874023,29.734899520874023,29.734899520874023,100,0.0,0.0,0.0
2023-03-02 11:30:00-05:00,29.639999389648438,29.639999389648438,29.639999389648438,29.639999389648438,156,0.0,0.0,0.0
2023-03-02 12:30:00-05:00,29.608999252319336,29.6200008392334,29.608999252319336,29.6200008392334,305,0.0,0.0,0.0
2023-03-03 10:30:00-05:00,29.708999633789062,29.708999633789062,29.68000030517578,29.68000030517578,2,0.0,0.0,0.0
2023-03-07 09:30:00-05:00,29.59000015258789,29.59000015258789,29.59000015258789,29.59000015258789,0,0.0,0.0,0.0
2023-03-07 10:30:00-05:00,29.646900177001953,29.646900177001953,29.640100479125977,29.640100479125977,1285,0.0,0.0,0.0
2023-03-07 13:30:00-05:00,29.688100814819336,29.69499969482422,29.688100814819336,29.69499969482422,203,0.0,0.0,0.0
2023-03-08 09:30:00-05:00,29.530000686645508,29.530000686645508,29.489999771118164,29.489999771118164,0,0.0,0.0,0.0
2023-03-08 11:30:00-05:00,29.481000900268555,29.481000900268555,29.440000534057617,29.440000534057617,544,0.0,0.0,0.0
2023-03-09 09:30:00-05:00,29.520000457763672,29.520000457763672,29.299999237060547,29.299999237060547,0,0.0,0.0,0.0
2023-03-10 10:30:00-05:00,29.290000915527344,29.290000915527344,29.290000915527344,29.290000915527344,754,0.0,0.0,0.0
2023-03-10 13:30:00-05:00,29.360000610351562,29.3700008392334,29.350000381469727,29.3700008392334,6835,0.0,0.0,0.0
2023-03-13 09:30:00-04:00,29.239999771118164,29.239999771118164,29.239999771118164,29.239999771118164,0,0.0,0.0,0.0
2023-03-13 12:30:00-04:00,29.300100326538086,29.300100326538086,29.300100326538086,29.300100326538086,215,0.0,0.0,0.0
2023-03-13 13:30:00-04:00,29.31999969482422,29.31999969482422,29.31999969482422,29.31999969482422,183,0.0,0.0,0.0
2023-03-13 15:30:00-04:00,29.260000228881836,29.280000686645508,29.260000228881836,29.280000686645508,464,0.0,0.0,0.0
2023-03-14 09:30:00-04:00,29.1299991607666,29.1299991607666,29.1299991607666,29.1299991607666,0,0.0,0.0,0.0
2023-03-14 14:30:00-04:00,29.239999771118164,29.239999771118164,29.229999542236328,29.229999542236328,2428,0.0,0.0,0.0
2023-03-15 09:30:00-04:00,29.030000686645508,29.030000686645508,28.940000534057617,28.940000534057617,2718,0.0,0.0,0.0
2023-03-16 09:30:00-04:00,29.059999465942383,29.09000015258789,29.04010009765625,29.09000015258789,2137,0.0,0.0,0.0
2023-03-16 10:30:00-04:00,29.040000915527344,29.09000015258789,29.040000915527344,29.09000015258789,397,0.0,0.0,0.0
2023-03-16 11:30:00-04:00,29.1299991607666,29.1299991607666,29.084999084472656,29.084999084472656,178,0.0,0.0,0.0
2023-03-17 09:30:00-04:00,29.1200008392334,29.1200008392334,29.059999465942383,29.059999465942383,0,0.0,0.0,0.0
2023-03-17 10:30:00-04:00,29.040000915527344,29.049999237060547,28.989999771118164,29.020000457763672,1900,0.0,0.0,0.0
2023-03-17 11:30:00-04:00,28.979999542236328,29.100000381469727,28.979999542236328,29.079999923706055,2484,0.0,0.0,0.0
2023-03-17 12:30:00-04:00,29.110000610351562,29.110000610351562,29.047300338745117,29.047300338745117,892,0.0,0.0,0.0
2023-03-17 15:30:00-04:00,29.139999389648438,29.149999618530273,29.127399444580078,29.1299991607666,3204,0.0,0.0,0.0
2023-03-20 09:30:00-04:00,29.0,29.010000228881836,28.940000534057617,29.010000228881836,0,0.0,0.0,0.0
2023-03-20 10:30:00-04:00,29.010000228881836,29.030000686645508,28.989999771118164,29.010000228881836,6255,0.0,0.0,0.0
2023-03-20 11:30:00-04:00,28.979999542236328,28.979999542236328,28.979999542236328,28.979999542236328,366,0.0,0.0,0.0
2023-03-20 14:30:00-04:00,29.110000610351562,29.1200008392334,29.020000457763672,29.020000457763672,441,0.0,0.0,0.0
2023-03-21 09:30:00-04:00,29.25,29.299999237060547,29.040000915527344,29.040000915527344,0,0.0,0.0,0.0
2023-03-22 09:30:00-04:00,28.989999771118164,28.989999771118164,28.81999969482422,28.90999984741211,0,0.0,0.0,0.0
2023-03-23 09:30:00-04:00,28.899999618530273,28.899999618530273,28.899999618530273,28.899999618530273,0,0.0,0.0,0.0
2023-03-23 11:30:00-04:00,28.77899932861328,28.77899932861328,28.770000457763672,28.77899932861328,319,0.0,0.0,0.0
2023-03-24 12:30:00-04:00,29.170000076293945,29.18939971923828,29.170000076293945,29.18939971923828,199,0.0,0.0,0.0
2023-03-24 13:30:00-04:00,29.2189998626709,29.219999313354492,29.18000030517578,29.18000030517578,655,0.0,0.0,0.0
2023-03-28 09:30:00-04:00,29.5,29.5,29.5,29.5,0,0.0,0.0,0.0
2023-03-28 10:30:00-04:00,29.5,29.600000381469727,29.5,29.600000381469727,341,0.0,0.0,0.0
2023-03-29 10:30:00-04:00,29.559999465942383,29.559999465942383,29.559999465942383,29.559999465942383,0,0.0,0.0,0.0
2023-03-29 13:30:00-04:00,29.52899932861328,29.52899932861328,29.52899932861328,29.52899932861328,1615,0.0,0.0,0.0
2023-03-29 14:30:00-04:00,29.480499267578125,29.489999771118164,29.480499267578125,29.489999771118164,403,0.0,0.0,0.0
2023-03-30 09:30:00-04:00,29.670000076293945,29.670000076293945,29.670000076293945,29.670000076293945,0,0.0,0.0,0.0
2023-03-30 10:30:00-04:00,29.639999389648438,29.700000762939453,29.639999389648438,29.700000762939453,310,0.0,0.0,0.0
2023-03-31 09:30:00-04:00,29.649999618530273,29.700000762939453,29.649999618530273,29.700000762939453,464,0.0,0.0,0.0
2023-03-31 11:30:00-04:00,29.870100021362305,29.871200561523438,29.850000381469727,29.850000381469727,1633,0.0,0.0,0.0
2023-04-03 09:30:00-04:00,30.110000610351562,30.110000610351562,29.940000534057617,30.100000381469727,0,0.0,0.0,0.0
2023-04-04 09:30:00-04:00,29.969999313354492,29.975000381469727,29.864999771118164,29.864999771118164,990,0.0,0.0,0.0
2023-04-05 09:30:00-04:00,29.91010093688965,29.979999542236328,29.91010093688965,29.979999542236328,207,0.0,0.0,0.0
2023-04-05 12:30:00-04:00,29.959999084472656,30.200000762939453,29.94099998474121,29.950000762939453,1371,0.0,0.0,0.0
2023-04-10 09:30:00-04:00,30.280000686645508,30.280000686645508,30.280000686645508,30.280000686645508,0,0.0,0.0,0.0
2023-04-10 12:30:00-04:00,30.200000762939453,30.329999923706055,30.200000762939453,30.329999923706055,0,0.0,0.0,0.0
2023-04-11 09:30:00-04:00,30.469999313354492,30.469999313354492,30.469999313354492,30.469999313354492,375,0.0,0.0,0.0
2023-04-11 10:30:00-04:00,30.509000778198242,30.509000778198242,30.509000778198242,30.509000778198242,185,0.0,0.0,0.0
2023-04-11 13:30:00-04:00,30.559999465942383,30.56999969482422,30.559999465942383,30.56999969482422,900,0.0,0.0,0.0
2023-04-11 14:30:00-04:00,30.530099868774414,30.530099868774414,30.530099868774414,30.530099868774414,230,0.0,0.0,0.0
2023-04-11 15:30:00-04:00,30.579500198364258,30.579500198364258,30.559999465942383,30.559999465942383,165,0.0,0.0,0.0
2023-04-12 09:30:00-04:00,30.469999313354492,30.469999313354492,30.420000076293945,30.450000762939453,0,0.0,0.0,0.0
2023-04-13 09:30:00-04:00,30.75,30.759000778198242,30.74250030517578,30.74250030517578,0,0.0,0.0,0.0
2023-04-13 10:30:00-04:00,30.740999221801758,30.740999221801758,30.740999221801758,30.740999221801758,178,0.0,0.0,0.0
2023-04-13 14:30:00-04:00,30.540199279785156,30.540199279785156,30.540199279785156,30.540199279785156,100,0.0,0.0,0.0
2023-04-13 15:30:00-04:00,30.550100326538086,30.59000015258789,30.550100326538086,30.550100326538086,500,0.0,0.0,0.0
2023-04-14 09:30:00-04:00,30.58009910583496,30.623699188232422,30.58009910583496,30.623699188232422,609,0.0,0.0,0.0
2023-04-14 10:30:00-04:00,30.579999923706055,30.579999923706055,30.5,30.5,10518,0.0,0.0,0.0
2023-04-14 11:30:00-04:00,30.500099182128906,30.649999618530273,30.500099182128906,30.649999618530273,127,0.0,0.0,0.0
2023-04-17 10:30:00-04:00,30.84000015258789,30.84000015258789,30.84000015258789,30.84000015258789,0,0.0,0.0,0.0
2023-04-17 12:30:00-04:00,30.989999771118164,31.018800735473633,30.986499786376953,30.986499786376953,1080,0.0,0.0,0.0
2023-04-17 14:30:00-04:00,31.040000915527344,31.049999237060547,31.040000915527344,31.04990005493164,1278,0.0,0.0,0.0
2023-04-17 15:30:00-04:00,31.049999237060547,31.049999237060547,31.024999618530273,31.024999618530273,1130,0.0,0.0,0.0
2023-04-18 09:30:00-04:00,30.940000534057617,30.940000534057617,30.940000534057617,30.940000534057617,0,0.0,0.0,0.0
2023-04-18 12:30:00-04:00,31.206499099731445,31.206499099731445,31.206499099731445,31.206499099731445,400,0.0,0.0,0.0
2023-04-18 14:30:00-04:00,31.190000534057617,31.208999633789062,31.170000076293945,31.170000076293945,360,0.0,0.0,0.0
2023-04-19 09:30:00-04:00,30.989999771118164,31.0310001373291,30.989999771118164,31.0310001373291,0,0.0,0.0,0.0
2023-04-19 10:30:00-04:00,31.1299991607666,31.1299991607666,31.1299991607666,31.1299991607666,310,0.0,0.0,0.0
2023-04-19 12:30:00-04:00,31.040000915527344,31.040000915527344,31.040000915527344,31.040000915527344,105,0.0,0.0,0.0
2023-04-19 13:30:00-04:00,30.975000381469727,30.975000381469727,30.93000030517578,30.93000030517578,156,0.0,0.0,0.0
2023-04-20 09:30:00-04:00,30.739999771118164,30.739999771118164,30.739999771118164,30.739999771118164,0,0.0,0.0,0.0
2023-04-20 10:30:00-04:00,30.77079963684082,30.790000915527344,30.77079963684082,30.790000915527344,1070,0.0,0.0,0.0
2023-04-20 11:30:00-04:00,30.780000686645508,30.780000686645508,30.780000686645508,30.780000686645508,568,0.0,0.0,0.0
2023-04-20 15:30:00-04:00,30.850000381469727,30.909099578857422,30.850000381469727,30.850000381469727,520,0.0,0.0,0.0
2023-04-21 09:30:00-04:00,30.75,30.75,30.611900329589844,30.611900329589844,0,0.0,0.0,0.0
2023-04-21 11:30:00-04:00,30.63990020751953,30.63990020751953,30.63990020751953,30.63990020751953,0,0.0,0.0,0.0
2023-04-21 13:30:00-04:00,30.641000747680664,30.690000534057617,30.641000747680664,30.670000076293945,179884,0.0,0.0,0.0
2023-04-21 15:30:00-04:00,30.709999084472656,30.709999084472656,30.649999618530273,30.649999618530273,0,0.0,0.0,0.0
2023-04-24 09:30:00-04:00,30.729999542236328,30.860000610351562,30.729999542236328,30.860000610351562,5140,0.0,0.0,0.0
2023-04-24 10:30:00-04:00,30.895000457763672,30.895000457763672,30.895000457763672,30.895000457763672,0,0.0,0.0,0.0
2023-04-24 11:30:00-04:00,30.958499908447266,30.969999313354492,30.958499908447266,30.969999313354492,5980,0.0,0.0,0.0
2023-04-24 12:30:00-04:00,30.8700008392334,30.8700008392334,30.8700008392334,30.8700008392334,335,0.0,0.0,0.0
2023-04-24 13:30:00-04:00,30.83009910583496,30.83009910583496,30.83009910583496,30.83009910583496,0,0.0,0.0,0.0
2023-04-24 14:30:00-04:00,30.8169002532959,30.8700008392334,30.8169002532959,30.8700008392334,0,0.0,0.0,0.0
2023-04-25 09:30:00-04:00,30.649999618530273,30.649999618530273,30.549999237060547,30.549999237060547,0,0.0,0.0,0.0
2023-04-25 10:30:00-04:00,30.56999969482422,30.56999969482422,30.540000915527344,30.540000915527344,746,0.0,0.0,0.0
2023-04-25 11:30:00-04:00,30.559999465942383,30.559999465942383,30.559999465942383,30.559999465942383,229,0.0,0.0,0.0
2023-04-25 12:30:00-04:00,30.719999313354492,30.719999313354492,30.719999313354492,30.719999313354492,180,0.0,0.0,0.0
2023-04-25 13:30:00-04:00,30.71500015258789,30.71500015258789,30.71500015258789,30.71500015258789,214,0.0,0.0,0.0
2023-04-25 14:30:00-04:00,30.770000457763672,30.770000457763672,30.729999542236328,30.729999542236328,541,0.0,0.0,0.0
2023-04-26 09:30:00-04:00,30.760000228881836,30.760000228881836,30.760000228881836,30.760000228881836,2191,0.0,0.0,0.0
2023-04-26 10:30:00-04:00,30.749000549316406,30.829999923706055,30.749000549316406,30.829999923706055,737,0.0,0.0,0.0
2023-04-26 11:30:00-04:00,30.770000457763672,30.770000457763672,30.770000457763672,30.770000457763672,0,0.0,0.0,0.0
2023-04-26 13:30:00-04:00,30.799999237060547,30.799999237060547,30.799999237060547,30.799999237060547,7903,0.0,0.0,0.0
2023-04-26 14:30:00-04:00,30.780000686645508,30.780000686645508,30.774999618530273,30.780000686645508,160,0.0,0.0,0.0
2023-04-27 09:30:00-04:00,30.889999389648438,30.889999389648438,30.889999389648438,30.889999389648438,0,0.0,0.0,0.0
2023-04-27 10:30:00-04:00,30.770000457763672,30.770000457763672,30.708999633789062,30.708999633789062,397,0.0,0.0,0.0
2023-04-27 12:30:00-04:00,30.75,30.75,30.71500015258789,30.71500015258789,945,0.0,0.0,0.0
2023-04-27 14:30:00-04:00,30.729999542236328,30.729999542236328,30.70009994506836,30.729999542236328,110,0.0,0.0,0.0
2023-04-28 09:30:00-04:00,30.56999969482422,30.56999969482422,30.56999969482422,30.56999969482422,0,0.0,0.0,0.0
2023-04-28 13:30:00-04:00,30.75,30.780000686645508,30.75,30.780000686645508,470,0.0,0.0,0.0
2023-04-28 14:30:00-04:00,30.711000442504883,30.719999313354492,30.711000442504883,30.719999313354492,103,0.0,0.0,0.0
2023-05-01 09:30:00-04:00,30.59000015258789,30.601999282836914,30.59000015258789,30.601999282836914,0,0.0,0.0,0.0
2023-05-01 11:30:00-04:00,30.424999237060547,30.450000762939453,30.424999237060547,30.450000762939453,3659,0.0,0.0,0.0
2023-05-01 15:30:00-04:00,30.36199951171875,30.36199951171875,30.350000381469727,30.350000381469727,120,0.0,0.0,0.0
2023-05-02 09:30:00-04:00,30.469999313354492,30.469999313354492,30.469999313354492,30.469999313354492,0,0.0,0.0,0.0
2023-05-02 10:30:00-04:00,30.290000915527344,30.290000915527344,30.290000915527344,30.290000915527344,0,0.0,0.0,0.0
2023-05-02 14:30:00-04:00,30.159799575805664,30.200000762939453,30.079999923706055,30.079999923706055,19,0.0,0.0,0.0
2023-05-03 13:30:00-04:00,30.174999237060547,30.219999313354492,30.174999237060547,30.174999237060547,2403,0.0,0.0,0.0
2023-05-04 10:30:00-04:00,30.239999771118164,30.239999771118164,30.239999771118164,30.239999771118164,100,0.0,0.0,0.0
2023-05-04 11:30:00-04:00,30.319000244140625,30.319000244140625,30.260000228881836,30.260000228881836,759,0.0,0.0,0.0
2023-05-04 12:30:00-04:00,30.299999237060547,30.3700008392334,30.280000686645508,30.280000686645508,4459,0.0,0.0,0.0
2023-05-05 09:30:00-04:00,30.5,30.610000610351562,30.5,30.610000610351562,0,0.0,0.0,0.0
2023-05-05 10:30:00-04:00,30.719999313354492,30.770000457763672,30.719999313354492,30.770000457763672,0,0.0,0.0,0.0
2023-05-08 09:30:00-04:00,30.739999771118164,30.739999771118164,30.739999771118164,30.739999771118164,2425,0.0,0.0,0.0
2023-05-08 11:30:00-04:00,30.66900062561035,30.670000076293945,30.655000686645508,30.669200897216797,0,0.0,0.0,0.0
2023-05-08 12:30:00-04:00,30.700000762939453,30.700000762939453,30.679000854492188,30.68000030517578,0,0.0,0.0,0.0
2023-05-08 14:30:00-04:00,30.65999984741211,30.65999984741211,30.65999984741211,30.65999984741211,0,0.0,0.0,0.0
2023-05-08 15:30:00-04:00,30.65999984741211,30.65999984741211,30.639999389648438,30.649999618530273,1,0.0,0.0,0.0
2023-05-09 09:30:00-04:00,30.549999237060547,30.549999237060547,30.549999237060547,30.549999237060547,157,0.0,0.0,0.0
2023-05-09 12:30:00-04:00,30.709999084472656,30.709999084472656,30.709999084472656,30.709999084472656,330,0.0,0.0,0.0
2023-05-09 13:30:00-04:00,30.7549991607666,30.7549991607666,30.719999313354492,30.719999313354492,0,0.0,0.0,0.0
2023-05-10 14:30:00-04:00,30.810100555419922,30.81999969482422,30.810100555419922,30.81999969482422,1513,0.0,0.0,0.0
2023-05-11 09:30:00-04:00,30.6200008392334,30.6200008392334,30.559999465942383,30.559999465942383,799,0.0,0.0,0.0
2023-05-11 10:30:00-04:00,30.66010093688965,30.66010093688965,30.66010093688965,30.66010093688965,0,0.0,0.0,0.0
2023-05-11 13:30:00-04:00,30.518999099731445,30.518999099731445,30.469999313354492,30.469999313354492,1142,0.0,0.0,0.0
2023-05-12 09:30:00-04:00,30.600000381469727,30.600000381469727,30.600000381469727,30.600000381469727,0,0.0,0.0,0.0
2023-05-12 11:30:00-04:00,30.5,30.5,30.5,30.5,0,0.0,0.0,0.0
2023-05-12 12:30:00-04:00,30.5,30.5,30.5,30.5,864,0.0,0.0,0.0
2023-05-12 13:30:00-04:00,30.510000228881836,30.56999969482422,30.510000228881836,30.56999969482422,140,0.0,0.0,0.0
2023-05-15 09:30:00-04:00,30.760000228881836,30.760000228881836,30.760000228881836,30.760000228881836,0,0.0,0.0,0.0
2023-05-15 12:30:00-04:00,30.899999618530273,30.93000030517578,30.899999618530273,30.93000030517578,275,0.0,0.0,0.0
2023-05-16 09:30:00-04:00,30.969999313354492,30.969999313354492,30.969999313354492,30.969999313354492,0,0.0,0.0,0.0
2023-05-16 10:30:00-04:00,30.799999237060547,30.799999237060547,30.799999237060547,30.799999237060547,626,0.0,0.0,0.0
2023-05-16 13:30:00-04:00,30.700000762939453,30.700000762939453,30.700000762939453,30.700000762939453,0,0.0,0.0,0.0
2023-05-17 09:30:00-04:00,30.700000762939453,30.700000762939453,30.700000762939453,30.700000762939453,177,0.0,0.0,0.0
2023-05-17 10:30:00-04:00,30.410999298095703,30.410999298095703,30.410999298095703,30.410999298095703,104,0.0,0.0,0.0
2023-05-17 11:30:00-04:00,30.469999313354492,30.475000381469727,30.469999313354492,30.469999313354492,511,0.0,0.0,0.0
2023-05-18 09:30:00-04:00,30.299999237060547,30.299999237060547,30.299999237060547,30.299999237060547,0,0.0,0.0,0.0
2023-05-18 12:30:00-04:00,30.368099212646484,30.368099212646484,30.361000061035156,30.361000061035156,0,0.0,0.0,0.0
2023-05-18 15:30:00-04:00,30.389999389648438,30.389999389648438,30.350000381469727,30.350000381469727,75,0.0,0.0,0.0
2023-05-19 09:30:00-04:00,30.670000076293945,30.670000076293945,30.670000076293945,30.670000076293945,4950,0.0,0.0,0.0
2023-05-19 11:30:00-04:00,30.610000610351562,30.610000610351562,30.610000610351562,30.610000610351562,263,0.0,0.0,0.0
2023-05-19 12:30:00-04:00,30.479999542236328,30.479999542236328,30.479999542236328,30.479999542236328,0,0.0,0.0,0.0
2023-05-22 09:30:00-04:00,30.44179916381836,30.44179916381836,30.44179916381836,30.44179916381836,558,0.0,0.0,0.0
2023-05-22 13:30:00-04:00,30.46299934387207,30.4950008392334,30.46299934387207,30.4950008392334,0,0.0,0.0,0.0
2023-05-23 11:30:00-04:00,30.458999633789062,30.458999633789062,30.458999633789062,30.458999633789062,326,0.0,0.0,0.0
2023-05-23 15:30:00-04:00,30.42840003967285,30.469999313354492,30.42840003967285,30.469999313354492,1017,0.0,0.0,0.0
2023-05-24 11:30:00-04:00,30.339599609375,30.339599609375,30.339599609375,30.339599609375,0,0.0,0.0,0.0
2023-05-24 12:30:00-04:00,30.350000381469727,30.350000381469727,30.230100631713867,30.230100631713867,2947,0.0,0.0,0.0
2023-05-24 15:30:00-04:00,30.28580093383789,30.28580093383789,30.270000457763672,30.270000457763672,0,0.0,0.0,0.0
2023-05-25 09:30:00-04:00,30.170000076293945,30.170000076293945,30.06999969482422,30.06999969482422,0,0.0,0.0,0.0
2023-05-25 10:30:00-04:00,30.05500030517578,30.05500030517578,30.05500030517578,30.05500030517578,2125,0.0,0.0,0.0
2023-05-25 11:30:00-04:00,30.030000686645508,30.040000915527344,29.899999618530273,29.899999618530273,2364,0.0,0.0,0.0
2023-05-25 12:30:00-04:00,29.899999618530273,29.989999771118164,29.899999618530273,29.989999771118164,1692,0.0,0.0,0.0
2023-05-25 13:30:00-04:00,30.0,30.010000228881836,29.979999542236328,30.0,1971,0.0,0.0,0.0
2023-05-25 14:30:00-04:00,30.0,30.0,29.93000030517578,29.93000030517578,0,0.0,0.0,0.0
2023-05-26 09:30:00-04:00,30.190000534057617,30.190000534057617,30.190000534057617,30.190000534057617,363,0.0,0.0,0.0
2023-05-30 09:30:00-04:00,30.030000686645508,30.030000686645508,30.020000457763672,30.020000457763672,1760,0.0,0.0,0.0
2023-05-30 10:30:00-04:00,29.958999633789062,29.958999633789062,29.958999633789062,29.958999633789062,0,0.0,0.0,0.0
2023-05-30 13:30:00-04:00,30.005199432373047,30.005199432373047,30.005199432373047,30.005199432373047,0,0.0,0.0,0.0
2023-05-30 15:30:00-04:00,29.989999771118164,30.040000915527344,29.989999771118164,29.989999771118164,3855,0.0,0.0,0.0
2023-05-31 13:30:00-04:00,30.07990074157715,30.07990074157715,30.063199996948242,30.063199996948242,0,0.0,0.0,0.0
2023-05-31 15:30:00-04:00,30.040000915527344,30.040000915527344,30.020000457763672,30.020000457763672,0,0.0,0.0,0.0
2023-06-01 12:30:00-04:00,30.395000457763672,30.395000457763672,30.395000457763672,30.395000457763672,514,0.0,0.0,0.0
2023-06-01 13:30:00-04:00,30.459999084472656,30.459999084472656,30.459999084472656,30.459999084472656,142,0.0,0.0,0.0
2023-06-01 15:30:00-04:00,30.5,30.5,30.440000534057617,30.440000534057617,0,0.0,0.0,0.0
2023-06-02 11:30:00-04:00,30.479299545288086,30.56999969482422,30.479299545288086,30.56999969482422,474,0.0,0.0,0.0
2023-06-05 09:30:00-04:00,30.690000534057617,30.690000534057617,30.690000534057617,30.690000534057617,0,0.0,0.0,0.0
2023-06-05 10:30:00-04:00,30.690000534057617,30.700000762939453,30.59000015258789,30.59000015258789,2143,0.0,0.0,0.0
2023-06-05 11:30:00-04:00,30.649999618530273,30.65999984741211,30.649999618530273,30.65999984741211,201,0.0,0.0,0.0
2023-06-05 12:30:00-04:00,30.65999984741211,30.65999984741211,30.65999984741211,30.65999984741211,344,0.0,0.0,0.0
2023-06-05 13:30:00-04:00,30.659000396728516,30.65999984741211,30.639999389648438,30.639999389648438,614,0.0,0.0,0.0
2023-06-05 14:30:00-04:00,30.639999389648438,30.639999389648438,30.604999542236328,30.604999542236328,400,0.0,0.0,0.0
2023-06-05 15:30:00-04:00,30.6299991607666,30.639999389648438,30.56999969482422,30.56999969482422,0,0.0,0.0,0.0
2023-06-06 11:30:00-04:00,30.694900512695312,30.770000457763672,30.69029998779297,30.770000457763672,7243,0.0,0.0,0.0
2023-06-06 14:30:00-04:00,30.801000595092773,30.801000595092773,30.799999237060547,30.799999237060547,0,0.0,0.0,0.0
2023-06-07 09:30:00-04:00,30.809999465942383,30.809999465942383,30.799999237060547,30.799999237060547,892,0.0,0.0,0.0
2023-06-07 13:30:00-04:00,30.631399154663086,30.631399154663086,30.631399154663086,30.631399154663086,354,0.0,0.0,0.0
2023-06-07 14:30:00-04:00,30.61009979248047,30.645000457763672,30.610000610351562,30.645000457763672,0,0.0,0.0,0.0
2023-06-08 09:30:00-04:00,30.75,31.155000686645508,30.75,31.155000686645508,554,0.0,0.0,0.0
2023-06-09 15:30:00-04:00,31.030000686645508,31.076099395751953,31.030000686645508,31.076099395751953,193,0.0,0.0,0.0
2023-06-12 12:30:00-04:00,31.2185001373291,31.2185001373291,31.2185001373291,31.2185001373291,460,0.0,0.0,0.0
2023-06-12 14:30:00-04:00,31.20989990234375,31.20989990234375,31.20989990234375,31.20989990234375,161,0.0,0.0,0.0
2023-06-12 15:30:00-04:00,31.200000762939453,31.200000762939453,31.18000030517578,31.18000030517578,0,0.0,0.0,0.0
2023-06-13 09:30:00-04:00,31.190000534057617,31.190000534057617,31.190000534057617,31.190000534057617,324,0.0,0.0,0.0
2023-06-13 12:30:00-04:00,31.270000457763672,31.270000457763672,31.239999771118164,31.239999771118164,0,0.0,0.0,0.0
2023-06-14 09:30:00-04:00,31.239999771118164,31.239999771118164,31.239999771118164,31.239999771118164,343,0.0,0.0,0.0
2023-06-14 13:30:00-04:00,31.325000762939453,31.325000762939453,31.325000762939453,31.325000762939453,0,0.0,0.0,0.0
2023-06-15 11:30:00-04:00,31.63010025024414,31.646699905395508,31.6299991607666,31.646699905395508,1915,0.0,0.0,0.0
2023-06-15 12:30:00-04:00,31.69499969482422,31.767900466918945,31.69499969482422,31.767900466918945,8277,0.0,0.0,0.0
2023-06-15 13:30:00-04:00,31.850000381469727,31.8799991607666,31.809999465942383,31.809999465942383,0,0.0,0.0,0.0
2023-06-16 09:30:00-04:00,32.060001373291016,32.19900131225586,32.060001373291016,32.17499923706055,856,0.0,0.0,0.0
2023-06-16 10:30:00-04:00,32.275001525878906,32.275001525878906,32.27000045776367,32.27000045776367,487,0.0,0.0,0.0
2023-06-16 11:30:00-04:00,32.150001525878906,32.150001525878906,32.150001525878906,32.150001525878906,200,0.0,0.0,0.0
2023-06-16 12:30:00-04:00,32.15999984741211,32.15999984741211,32.13999938964844,32.13999938964844,596,0.0,0.0,0.0
2023-06-16 13:30:00-04:00,32.209999084472656,32.21009826660156,32.209999084472656,32.21009826660156,656,0.0,0.0,0.0
2023-06-16 14:30:00-04:00,32.209999084472656,32.2400016784668,32.209999084472656,32.2400016784668,170607,0.0,0.0,0.0
2023-06-16 15:30:00-04:00,32.21099853515625,32.25,32.209999084472656,32.2400016784668,1659,0.0,0.0,0.0
2023-06-20 09:30:00-04:00,32.209999084472656,32.25,32.07099914550781,32.07099914550781,0,0.0,0.0,0.0
2023-06-20 11:30:00-04:00,32.029998779296875,32.029998779296875,32.029998779296875,32.029998779296875,4821,0.0,0.0,0.0
2023-06-20 14:30:00-04:00,32.119998931884766,32.14680099487305,32.119998931884766,32.119998931884766,2801,0.0,0.0,0.0
2023-06-21 09:30:00-04:00,32.27000045776367,32.43000030517578,32.27000045776367,32.43000030517578,533,0.0,0.0,0.0
2023-06-22 09:30:00-04:00,32.15999984741211,32.15999984741211,32.15999984741211,32.15999984741211,656,0.0,0.0,0.0
2023-06-22 10:30:00-04:00,32.08000183105469,32.08000183105469,32.0099983215332,32.0099983215332,1378,0.0,0.0,0.0
2023-06-22 11:30:00-04:00,32.08000183105469,32.08000183105469,32.08000183105469,32.08000183105469,0,0.0,0.0,0.0
2023-06-22 12:30:00-04:00,32.13999938964844,32.140098571777344,32.13999938964844,32.140098571777344,2602,0.0,0.0,0.0
2023-06-22 13:30:00-04:00,32.119998931884766,32.119998931884766,32.119998931884766,32.119998931884766,0,0.0,0.0,0.0
2023-06-23 10:30:00-04:00,31.707000732421875,31.7189998626709,31.707000732421875,31.7189998626709,1140,0.0,0.0,0.0
2023-06-23 11:30:00-04:00,31.65999984741211,31.66010093688965,31.551000595092773,31.551000595092773,800,0.0,0.0,0.0
2023-06-23 12:30:00-04:00,31.639999389648438,31.639999389648438,31.639999389648438,31.639999389648438,300,0.0,0.0,0.0
2023-06-23 14:30:00-04:00,31.56999969482422,31.610000610351562,31.56999969482422,31.610000610351562,109,0.0,0.0,0.0
2023-06-26 14:30:00-04:00,31.628999710083008,31.628999710083008,31.559999465942383,31.559999465942383,619,0.0,0.0,0.0
2023-06-27 09:30:00-04:00,31.239999771118164,31.309999465942383,31.239999771118164,31.239999771118164,0,0.0,0.0,0.0
2023-06-28 11:30:00-04:00,30.979999542236328,30.979999542236328,30.979999542236328,30.979999542236328,396,0.0,0.0,0.0
2023-06-28 14:30:00-04:00,30.950000762939453,30.958999633789062,30.950000762939453,30.958999633789062,471,0.0,0.0,0.0
2023-06-28 15:30:00-04:00,30.89080047607422,30.89080047607422,30.889999389648438,30.889999389648438,0,0.0,0.0,0.0
2023-06-29 10:30:00-04:00,30.61199951171875,30.639999389648438,30.61199951171875,30.639999389648438,456,0.0,0.0,0.0
2023-06-29 11:30:00-04:00,30.68000030517578,30.68000030517578,30.68000030517578,30.68000030517578,145,0.0,0.0,0.0
2023-06-29 12:30:00-04:00,30.75,30.75469970703125,30.739999771118164,30.739999771118164,305,0.0,0.0,0.0
2023-06-29 13:30:00-04:00,30.75,30.75,30.709999084472656,30.709999084472656,0,0.0,0.0,0.0
2023-06-30 09:30:00-04:00,31.020000457763672,31.020000457763672,31.020000457763672,31.020000457763672,905,0.0,0.0,0.0
2023-06-30 11:30:00-04:00,31.030000686645508,31.030000686645508,31.030000686645508,31.030000686645508,224,0.0,0.0,0.0
2023-06-30 13:30:00-04:00,30.989999771118164,30.990100860595703,30.989999771118164,30.990100860595703,239,0.0,0.0,0.0
2023-07-03 09:30:00-04:00,31.229999542236328,31.229999542236328,31.229999542236328,31.229999542236328,0,0.0,0.0,0.0
2023-07-03 10:30:00-04:00,31.300100326538086,31.328500747680664,31.299999237060547,31.328500747680664,1340,0.0,0.0,0.0
2023-07-03 11:30:00-04:00,31.329999923706055,31.329999923706055,31.270000457763672,31.329999923706055,257,0.0,0.0,0.0
2023-07-05 13:30:00-04:00,31.329999923706055,31.329999923706055,31.18000030517578,31.18000030517578,473,0.0,0.0,0.0
2023-07-06 11:30:00-04:00,31.149999618530273,31.149999618530273,31.149999618530273,31.149999618530273,0,0.0,0.0,0.0
2023-07-06 12:30:00-04:00,31.1200008392334,31.14900016784668,31.1200008392334,31.14900016784668,853,0.0,0.0,0.0
2023-07-06 15:30:00-04:00,31.121599197387695,31.15999984741211,31.121599197387695,31.15999984741211,0,0.0,0.0,0.0
2023-07-07 09:30:00-04:00,31.15999984741211,31.15999984741211,31.15999984741211,31.15999984741211,150,0.0,0.0,0.0
2023-07-07 13:30:00-04:00,31.07900047302246,31.07900047302246,31.040000915527344,31.040000915527344,594,0.0,0.0,0.0
2023-07-10 11:30:00-04:00,31.180999755859375,31.180999755859375,31.180999755859375,31.180999755859375,0,0.0,0.0,0.0
2023-07-10 12:30:00-04:00,31.15999984741211,31.15999984741211,31.15999984741211,31.15999984741211,215,0.0,0.0,0.0
2023-07-10 13:30:00-04:00,31.18000030517578,31.18000030517578,31.18000030517578,31.18000030517578,1612,0.0,0.0,0.0
2023-07-10 15:30:00-04:00,31.09000015258789,31.15999984741211,31.09000015258789,31.15999984741211,0,0.0,0.0,0.0
2023-07-11 12:30:00-04:00,31.381000518798828,31.381000518798828,31.18000030517578,31.18000030517578,439,0.0,0.0,0.0
2023-07-13 10:30:00-04:00,31.131000518798828,31.131000518798828,31.131000518798828,31.131000518798828,270,0.0,0.0,0.0
2023-07-13 11:30:00-04:00,31.149999618530273,31.329999923706055,31.149999618530273,31.16990089416504,559,0.0,0.0,0.0
2023-07-14 10:30:00-04:00,31.65999984741211,31.65999984741211,31.640100479125977,31.65999984741211,447,0.0,0.0,0.0
2023-07-14 11:30:00-04:00,31.64900016784668,31.68000030517578,31.64900016784668,31.68000030517578,346,0.0,0.0,0.0
2023-07-14 14:30:00-04:00,31.778400421142578,31.778400421142578,31.770000457763672,31.770000457763672,240,0.0,0.0,0.0
2023-07-17 10:30:00-04:00,31.59000015258789,31.600000381469727,31.59000015258789,31.600000381469727,247,0.0,0.0,0.0
2023-07-17 11:30:00-04:00,31.559999465942383,31.600000381469727,31.559999465942383,31.600000381469727,916,0.0,0.0,0.0
2023-07-17 12:30:00-04:00,31.559900283813477,31.559900283813477,31.559900283813477,31.559900283813477,219,0.0,0.0,0.0
2023-07-17 13:30:00-04:00,31.50040054321289,31.50040054321289,31.50040054321289,31.50040054321289,188,0.0,0.0,0.0
2023-07-17 15:30:00-04:00,31.530000686645508,31.530000686645508,31.530000686645508,31.530000686645508,0,0.0,0.0,0.0
2023-07-18 09:30:00-04:00,31.75,31.75,31.75,31.75,231,0.0,0.0,0.0
2023-07-18 11:30:00-04:00,31.81999969482422,31.8799991607666,31.81999969482422,31.866600036621094,2315,0.0,0.0,0.0
2023-07-18 12:30:00-04:00,31.905000686645508,32.290000915527344,31.905000686645508,32.290000915527344,0,0.0,0.0,0.0
2023-07-20 14:30:00-04:00,32.389198303222656,32.389198303222656,32.369998931884766,32.369998931884766,0,0.0,0.0,0.0
2023-07-21 09:30:00-04:00,32.369998931884766,32.369998931884766,32.279998779296875,32.279998779296875,0,0.0,0.0,0.0
2023-07-21 11:30:00-04:00,32.369998931884766,32.369998931884766,32.369998931884766,32.369998931884766,594,0.0,0.0,0.0
2023-07-21 12:30:00-04:00,32.34000015258789,32.34000015258789,32.34000015258789,32.34000015258789,100,0.0,0.0,0.0
2023-07-21 13:30:00-04:00,32.380001068115234,32.380001068115234,32.380001068115234,32.380001068115234,190,0.0,0.0,0.0
2023-07-24 12:30:00-04:00,32.84000015258789,32.849998474121094,32.79999923706055,32.83000183105469,1003,0.0,0.0,0.0
2023-07-24 13:30:00-04:00,32.8489990234375,32.8489990234375,32.8489990234375,32.8489990234375,168,0.0,0.0,0.0
2023-07-24 14:30:00-04:00,32.77000045776367,32.84000015258789,32.77000045776367,32.84000015258789,0,0.0,0.0,0.0
2023-07-25 09:30:00-04:00,32.689998626708984,32.689998626708984,32.689998626708984,32.689998626708984,325,0.0,0.0,0.0
2023-07-25 10:30:00-04:00,32.79999923706055,32.79999923706055,32.79999923706055,32.79999923706055,0,0.0,0.0,0.0
2023-07-25 11:30:00-04:00,32.790000915527344,32.790000915527344,32.790000915527344,32.790000915527344,2191,0.0,0.0,0.0
2023-07-25 13:30:00-04:00,32.79209899902344,32.86000061035156,32.79209899902344,32.810001373291016,2460,0.0,0.0,0.0
2023-07-25 14:30:00-04:00,32.85499954223633,32.880001068115234,32.85499954223633,32.880001068115234,0,0.0,0.0,0.0
2023-07-26 09:30:00-04:00,32.75,32.75,32.75,32.75,255,0.0,0.0,0.0
2023-07-26 10:30:00-04:00,32.75,32.75,32.75,32.75,258,0.0,0.0,0.0
2023-07-26 11:30:00-04:00,32.56999969482422,32.5890007019043,32.56999969482422,32.5890007019043,291,0.0,0.0,0.0
2023-07-26 13:30:00-04:00,32.78200149536133,32.78200149536133,32.7599983215332,32.7599983215332,450,0.0,0.0,0.0
2023-07-27 09:30:00-04:00,32.720001220703125,32.720001220703125,32.720001220703125,32.720001220703125,0,0.0,0.0,0.0
2023-07-27 10:30:00-04:00,32.66899871826172,32.66899871826172,32.611000061035156,32.611000061035156,1100,0.0,0.0,0.0
2023-07-27 11:30:00-04:00,32.47999954223633,32.47999954223633,32.47999954223633,32.47999954223633,0,0.0,0.0,0.0
2023-07-28 09:30:00-04:00,32.31999969482422,32.31999969482422,32.30509948730469,32.30509948730469,0,0.0,0.0,0.0
2023-07-31 09:30:00-04:00,32.2400016784668,32.2400016784668,32.20000076293945,32.20000076293945,0,0.0,0.0,0.0
2023-07-31 11:30:00-04:00,32.099998474121094,32.150001525878906,32.07099914550781,32.150001525878906,2,0.0,0.0,0.0
2023-08-01 09:30:00-04:00,32.14500045776367,32.14500045776367,32.14500045776367,32.14500045776367,140,0.0,0.0,0.0
2023-08-01 12:30:00-04:00,32.25,32.25,32.25,32.25,0,0.0,0.0,0.0
2023-08-02 09:30:00-04:00,32.119998931884766,32.119998931884766,32.119998931884766,32.119998931884766,502,0.0,0.0,0.0
2023-08-02 12:30:00-04:00,32.023799896240234,32.13999938964844,32.023799896240234,32.13999938964844,0,0.0,0.0,0.0
2023-08-02 14:30:00-04:00,32.04010009765625,32.04010009765625,32.040000915527344,32.040000915527344,0,0.0,0.0,0.0
2023-08-03 10:30:00-04:00,31.760000228881836,31.760099411010742,31.760000228881836,31.760099411010742,492,0.0,0.0,0.0
2023-08-03 11:30:00-04:00,31.709999084472656,31.709999084472656,31.709999084472656,31.709999084472656,100,0.0,0.0,0.0
2023-08-03 12:30:00-04:00,31.860000610351562,31.860000610351562,31.860000610351562,31.860000610351562,301,0.0,0.0,0.0
2023-08-03 13:30:00-04:00,31.760000228881836,31.760000228881836,31.760000228881836,31.760000228881836,0,0.0,0.0,0.0
2023-08-04 10:30:00-04:00,31.86549949645996,31.86549949645996,31.86549949645996,31.86549949645996,1041,0.0,0.0,0.0
2023-08-04 15:30:00-04:00,31.81999969482422,31.84000015258789,31.809999465942383,31.84000015258789,6963,0.0,0.0,0.0
2023-08-07 12:30:00-04:00,31.809999465942383,31.809999465942383,31.809999465942383,31.809999465942383,0,0.0,0.0,0.0
2023-08-08 09:30:00-04:00,31.540000915527344,31.540000915527344,31.540000915527344,31.540000915527344,0,0.0,0.0,0.0
2023-08-08 15:30:00-04:00,31.540000915527344,31.540000915527344,31.540000915527344,31.540000915527344,0,0.0,0.0,0.0
2023-08-09 09:30:00-04:00,31.489999771118164,31.489999771118164,31.489999771118164,31.489999771118164,6132,0.0,0.0,0.0
2023-08-10 09:30:00-04:00,31.57900047302246,31.57900047302246,31.510000228881836,31.510000228881836,0,0.0,0.0,0.0
2023-08-10 10:30:00-04:00,31.608999252319336,31.608999252319336,31.608999252319336,31.608999252319336,237,0.0,0.0,0.0
2023-08-10 15:30:00-04:00,31.522300720214844,31.522300720214844,31.522300720214844,31.522300720214844,0,0.0,0.0,0.0
2023-08-11 10:30:00-04:00,31.520000457763672,31.520000457763672,31.459999084472656,31.46500015258789,862,0.0,0.0,0.0
2023-08-11 11:30:00-04:00,31.600000381469727,31.600000381469727,31.579999923706055,31.579999923706055,0,0.0,0.0,0.0
2023-08-11 13:30:00-04:00,31.510000228881836,31.510000228881836,31.488500595092773,31.488500595092773,1585,0.0,0.0,0.0
2023-08-11 15:30:00-04:00,31.520000457763672,31.520000457763672,31.520000457763672,31.520000457763672,158,0.0,0.0,0.0
2023-08-14 09:30:00-04:00,31.3799991607666,31.3799991607666,31.290000915527344,31.290000915527344,0,0.0,0.0,0.0
2023-08-14 14:30:00-04:00,31.25,31.25,31.210399627685547,31.210399627685547,1599,0.0,0.0,0.0
2023-08-14 15:30:00-04:00,31.219999313354492,31.219999313354492,31.219999313354492,31.219999313354492,0,0.0,0.0,0.0
2023-08-15 09:30:00-04:00,31.25,31.25,31.25,31.25,215,0.0,0.0,0.0
2023-08-15 10:30:00-04:00,31.139999389648438,31.18000030517578,31.135000228881836,31.18000030517578,576,0.0,0.0,0.0
2023-08-15 11:30:00-04:00,31.100000381469727,31.100000381469727,31.100000381469727,31.100000381469727,259,0.0,0.0,0.0
2023-08-15 13:30:00-04:00,31.075000762939453,31.075000762939453,31.075000762939453,31.075000762939453,235,0.0,0.0,0.0
2023-08-15 15:30:00-04:00,31.030000686645508,31.09000015258789,31.030000686645508,31.09000015258789,0,0.0,0.0,0.0
2023-08-16 09:30:00-04:00,31.200300216674805,31.200300216674805,31.200300216674805,31.200300216674805,0,0.0,0.0,0.0
2023-08-16 15:30:00-04:00,31.200000762939453,31.200000762939453,31.200000762939453,31.200000762939453,662,0.0,0.0,0.0
2023-08-17 11:30:00-04:00,31.250999450683594,31.250999450683594,31.19059944152832,31.19059944152832,1621,0.0,0.0,0.0
2023-08-17 15:30:00-04:00,31.219999313354492,31.219999313354492,31.17729949951172,31.17729949951172,0,0.0,0.0,0.0
2023-08-21 09:30:00-04:00,31.469999313354492,31.469999313354492,31.469999313354492,31.469999313354492,178,0.0,0.0,0.0
2023-08-21 11:30:00-04:00,31.3799991607666,31.3799991607666,31.34000015258789,31.34000015258789,0,0.0,0.0,0.0
2023-08-22 09:30:00-04:00,31.228099822998047,31.228099822998047,31.200000762939453,31.200000762939453,486,0.0,0.0,0.0
2023-08-22 10:30:00-04:00,31.18000030517578,31.190000534057617,31.15999984741211,31.170000076293945,1815,0.0,0.0,0.0
2023-08-22 11:30:00-04:00,31.190000534057617,31.190000534057617,31.1200008392334,31.1299991607666,2086,0.0,0.0,0.0
2023-08-22 12:30:00-04:00,31.1299991607666,31.149999618530273,31.1200008392334,31.1200008392334,1800,0.0,0.0,0.0
2023-08-22 13:30:00-04:00,31.139999389648438,31.190000534057617,31.139999389648438,31.18000030517578,1800,0.0,0.0,0.0
2023-08-22 14:30:00-04:00,31.18000030517578,31.18000030517578,31.18000030517578,31.18000030517578,1800,0.0,0.0,0.0
2023-08-22 15:30:00-04:00,31.18000030517578,31.18000030517578,31.145000457763672,31.145000457763672,0,0.0,0.0,0.0
2023-08-23 11:30:00-04:00,31.399999618530273,31.469900131225586,31.399999618530273,31.469900131225586,401,0.0,0.0,0.0
2023-08-23 12:30:00-04:00,31.450000762939453,31.450000762939453,31.450000762939453,31.450000762939453,409,0.0,0.0,0.0
2023-08-23 15:30:00-04:00,31.530000686645508,31.530000686645508,31.530000686645508,31.530000686645508,0,0.0,0.0,0.0
2023-08-24 09:30:00-04:00,31.471099853515625,31.5231990814209,31.471099853515625,31.5231990814209,1451,0.0,0.0,0.0
2023-08-24 12:30:00-04:00,31.698999404907227,31.698999404907227,31.698999404907227,31.698999404907227,365,0.0,0.0,0.0
2023-08-24 13:30:00-04:00,31.673200607299805,31.7189998626709,31.673200607299805,31.7189998626709,925,0.0,0.0,0.0
2023-08-24 15:30:00-04:00,31.704999923706055,31.704999923706055,31.704999923706055,31.704999923706055,0,0.0,0.0,0.0
2023-08-25 09:30:00-04:00,31.81999969482422,31.81999969482422,31.809999465942383,31.809999465942383,225,0.0,0.0,0.0
2023-08-25 10:30:00-04:00,31.680599212646484,31.780000686645508,31.680599212646484,31.780000686645508,8487,0.0,0.0,0.0
2023-08-25 11:30:00-04:00,31.875,31.875,31.875,31.875,150,0.0,0.0,0.0
2023-08-25 14:30:00-04:00,31.790000915527344,31.829999923706055,31.790000915527344,31.829999923706055,398,0.0,0.0,0.0
2023-08-28 09:30:00-04:00,31.959999084472656,32.02000045776367,31.90999984741211,32.02000045776367,0,0.0,0.0,0.0
2023-08-28 10:30:00-04:00,32.029998779296875,32.04999923706055,31.989999771118164,32.0,3810,0.0,0.0,0.0
2023-08-28 11:30:00-04:00,32.0099983215332,32.040000915527344,31.979999542236328,32.0,5100,0.0,0.0,0.0
2023-08-28 12:30:00-04:00,32.02000045776367,32.09000015258789,31.989999771118164,32.08000183105469,3300,0.0,0.0,0.0
2023-08-28 13:30:00-04:00,32.09000015258789,32.119998931884766,32.08000183105469,32.119998931884766,4006,0.0,0.0,0.0
2023-08-28 14:30:00-04:00,32.119998931884766,32.119998931884766,32.119998931884766,32.119998931884766,3948,0.0,0.0,0.0
2023-08-28 15:30:00-04:00,32.119998931884766,32.119998931884766,32.11000061035156,32.119998931884766,0,0.0,0.0,0.0
2023-08-29 09:30:00-04:00,32.095001220703125,32.095001220703125,32.095001220703125,32.095001220703125,217,0.0,0.0,0.0
2023-08-29 10:30:00-04:00,32.099998474121094,32.099998474121094,32.099998474121094,32.099998474121094,175,0.0,0.0,0.0
2023-08-29 11:30:00-04:00,32.029998779296875,32.029998779296875,32.029998779296875,32.029998779296875,0,0.0,0.0,0.0
2023-08-30 09:30:00-04:00,32.099998474121094,32.099998474121094,32.099998474121094,32.099998474121094,124,0.0,0.0,0.0
2023-08-30 10:30:00-04:00,32.040000915527344,32.11000061035156,32.040000915527344,32.11000061035156,0,0.0,0.0,0.0
2023-09-01 10:30:00-04:00,31.989999771118164,31.989999771118164,31.98870086669922,31.98870086669922,11909,0.0,0.0,0.0
2023-09-01 14:30:00-04:00,32.005001068115234,32.005001068115234,32.005001068115234,32.005001068115234,316,0.0,0.0,0.0
2023-09-05 09:30:00-04:00,32.040000915527344,32.040000915527344,32.040000915527344,32.040000915527344,0,0.0,0.0,0.0
2023-09-05 10:30:00-04:00,32.220001220703125,32.33000183105469,32.20000076293945,32.33000183105469,785,0.0,0.0,0.0
2023-09-05 11:30:00-04:00,32.229000091552734,32.22999954223633,32.229000091552734,32.22999954223633,375,0.0,0.0,0.0
2023-09-05 12:30:00-04:00,32.22999954223633,32.2400016784668,32.21900177001953,32.21900177001953,500,0.0,0.0,0.0
2023-09-05 13:30:00-04:00,32.22999954223633,32.22999954223633,32.22999954223633,32.22999954223633,340,0.0,0.0,0.0
2023-09-05 14:30:00-04:00,32.2599983215332,32.2599983215332,32.2599983215332,32.2599983215332,552,0.0,0.0,0.0
2023-09-05 15:30:00-04:00,32.20669937133789,32.2598991394043,32.18000030517578,32.25,0,0.0,0.0,0.0
2023-09-06 09:30:00-04:00,32.2599983215332,32.32609939575195,32.2599983215332,32.32609939575195,2824,0.0,0.0,0.0
2023-09-06 10:30:00-04:00,32.25,32.25,32.25,32.25,241,0.0,0.0,0.0
2023-09-06 12:30:00-04:00,32.279998779296875,32.279998779296875,32.279998779296875,32.279998779296875,110,0.0,0.0,0.0
2023-09-06 13:30:00-04:00,32.29899978637695,32.29899978637695,32.29899978637695,32.29899978637695,172,0.0,0.0,0.0
2023-09-06 14:30:00-04:00,32.290000915527344,32.290000915527344,32.290000915527344,32.290000915527344,145,0.0,0.0,0.0
2023-09-07 09:30:00-04:00,32.220001220703125,32.220001220703125,32.13999938964844,32.14390182495117,0,0.0,0.0,0.0
2023-09-07 10:30:00-04:00,32.23899841308594,32.23899841308594,32.23899841308594,32.23899841308594,176,0.0,0.0,0.0
2023-09-07 11:30:00-04:00,32.21900177001953,32.220001220703125,32.21900177001953,32.220001220703125,1552,0.0,0.0,0.0
2023-09-07 12:30:00-04:00,32.180999755859375,32.2400016784668,32.18000030517578,32.18000030517578,396,0.0,0.0,0.0
2023-09-08 09:30:00-04:00,32.18000030517578,32.18000030517578,32.18000030517578,32.18000030517578,0,0.0,0.0,0.0
2023-09-11 09:30:00-04:00,32.32809829711914,32.32809829711914,32.32809829711914,32.32809829711914,110,0.0,0.0,0.0
2023-09-11 11:30:00-04:00,32.34000015258789,32.40999984741211,32.34000015258789,32.40999984741211,0,0.0,0.0,0.0
2023-09-12 09:30:00-04:00,32.33000183105469,32.33000183105469,32.33000183105469,32.33000183105469,100,0.0,0.0,0.0
2023-09-12 11:30:00-04:00,32.380001068115234,32.380001068115234,32.34000015258789,32.34000015258789,0,0.0,0.0,0.0
2023-09-13 09:30:00-04:00,32.41899871826172,32.41899871826172,32.41899871826172,32.41899871826172,340,0.0,0.0,0.0
2023-09-13 10:30:00-04:00,32.40999984741211,32.40999984741211,32.400001525878906,32.40999984741211,400,0.0,0.0,0.0
2023-09-13 14:30:00-04:00,32.47710037231445,32.47710037231445,32.47710037231445,32.47710037231445,500,0.0,0.0,0.0
2023-09-13 15:30:00-04:00,32.529998779296875,32.538700103759766,32.509700775146484,32.509700775146484,0,0.0,0.0,0.0
2023-09-14 10:30:00-04:00,32.630001068115234,32.630001068115234,32.630001068115234,32.630001068115234,5886,0.0,0.0,0.0
2023-09-14 15:30:00-04:00,32.689998626708984,32.689998626708984,32.682498931884766,32.682498931884766,0,0.0,0.0,0.0
2023-09-15 09:30:00-04:00,32.8400993347168,32.88999938964844,32.84000015258789,32.88999938964844,398,0.0,0.0,0.0
2023-09-15 11:30:00-04:00,32.88999938964844,32.88999938964844,32.880001068115234,32.880001068115234,359,0.0,0.0,0.0
2023-09-18 09:30:00-04:00,32.779998779296875,32.779998779296875,32.779998779296875,32.779998779296875,0,0.0,0.0,0.0
2023-09-18 10:30:00-04:00,32.56959915161133,32.56959915161133,32.56959915161133,32.56959915161133,0,0.0,0.0,0.0
2023-09-18 12:30:00-04:00,32.595001220703125,32.61989974975586,32.595001220703125,32.599998474121094,2463,0.0,0.0,0.0
2023-09-19 09:30:00-04:00,32.75,32.750099182128906,32.72999954223633,32.730499267578125,2100,0.0,0.0,0.0
2023-09-19 10:30:00-04:00,32.760101318359375,32.760101318359375,32.7400016784668,32.7400016784668,454,0.0,0.0,0.0
2023-09-19 13:30:00-04:00,32.7400016784668,32.7400016784668,32.68000030517578,32.68000030517578,21383,0.0,0.0,0.0
2023-09-19 14:30:00-04:00,32.749900817871094,32.75,32.7400016784668,32.75,3110,0.0,0.0,0.0
2023-09-19 15:30:00-04:00,32.68000030517578,32.720001220703125,32.68000030517578,32.720001220703125,100,0.0,0.0,0.0
2023-09-20 09:30:00-04:00,32.52000045776367,32.630001068115234,32.52000045776367,32.630001068115234,0,0.0,0.0,0.0
2023-09-20 10:30:00-04:00,32.630001068115234,32.630001068115234,32.58000183105469,32.58000183105469,538,0.0,0.0,0.0
2023-09-20 11:30:00-04:00,32.56999969482422,32.56999969482422,32.5,32.52000045776367,617,0.0,0.0,0.0
2023-09-20 12:30:00-04:00,32.560001373291016,32.61000061035156,32.560001373291016,32.599998474121094,600,0.0,0.0,0.0
2023-09-20 13:30:00-04:00,32.599998474121094,32.599998474121094,32.58000183105469,32.58000183105469,500,0.0,0.0,0.0
2023-09-20 14:30:00-04:00,32.59000015258789,32.59000015258789,32.56999969482422,32.56999969482422,631,0.0,0.0,0.0
2023-09-20 15:30:00-04:00,32.58000183105469,32.58000183105469,32.56999969482422,32.56999969482422,0,0.0,0.0,0.0
2023-09-21 09:30:00-04:00,32.36000061035156,32.369998931884766,32.29999923706055,32.29999923706055,6606,0.0,0.0,0.0
2023-09-21 11:30:00-04:00,32.220001220703125,32.24399948120117,32.189998626708984,32.189998626708984,0,0.0,0.0,0.0
2023-09-22 09:30:00-04:00,32.17499923706055,32.17499923706055,32.17499923706055,32.17499923706055,293,0.0,0.0,0.0
2023-09-25 10:30:00-04:00,31.899999618530273,31.950000762939453,31.899999618530273,31.950000762939453,0,0.0,0.0,0.0
2023-09-26 09:30:00-04:00,32.0,32.0,32.0,32.0,271,0.0,0.0,0.0
2023-09-26 10:30:00-04:00,31.979999542236328,31.979999542236328,31.93000030517578,31.93670082092285,3953,0.0,0.0,0.0
2023-09-26 12:30:00-04:00,31.8700008392334,31.8700008392334,31.8700008392334,31.8700008392334,105,0.0,0.0,0.0
2023-09-26 13:30:00-04:00,31.84000015258789,31.84000015258789,31.84000015258789,31.84000015258789,1984,0.0,0.0,0.0
2023-09-26 14:30:00-04:00,31.84000015258789,31.84000015258789,31.84000015258789,31.84000015258789,286,0.0,0.0,0.0
2023-09-26 15:30:00-04:00,31.840200424194336,31.90999984741211,31.84000015258789,31.869699478149414,0,0.0,0.0,0.0
2023-09-27 09:30:00-04:00,31.829999923706055,31.829999923706055,31.829999923706055,31.829999923706055,1175,0.0,0.0,0.0
2023-09-27 12:30:00-04:00,31.81999969482422,31.81999969482422,31.81999969482422,31.81999969482422,20060,0.0,0.0,0.0
2023-09-27 14:30:00-04:00,31.81999969482422,31.81999969482422,31.760000228881836,31.760000228881836,0,0.0,0.0,0.0
2023-09-28 15:30:00-04:00,31.989999771118164,32.025001525878906,31.989999771118164,32.025001525878906,6679,0.0,0.0,0.0
2023-09-29 09:30:00-04:00,31.690000534057617,31.690000534057617,31.690000534057617,31.690000534057617,471,0.0,0.0,0.0
2023-09-29 11:30:00-04:00,31.56999969482422,31.56999969482422,31.530000686645508,31.530000686645508,8580,0.0,0.0,0.0
2023-09-29 14:30:00-04:00,31.510000228881836,31.510000228881836,31.459999084472656,31.459999084472656,5045,0.0,0.0,0.0
2023-09-29 15:30:00-04:00,31.450000762939453,31.450000762939453,31.450000762939453,31.450000762939453,112,0.0,0.0,0.0
2023-10-02 09:30:00-04:00,31.670000076293945,31.670000076293945,31.645000457763672,31.645000457763672,0,0.0,0.0,0.0
2023-10-02 13:30:00-04:00,31.700000762939453,31.70009994506836,31.700000762939453,31.70009994506836,347,0.0,0.0,0.0
2023-10-02 15:30:00-04:00,31.790000915527344,31.790000915527344,31.76020050048828,31.76020050048828,0,0.0,0.0,0.0
2023-10-03 13:30:00-04:00,31.43000030517578,31.43000030517578,31.43000030517578,31.43000030517578,201,0.0,0.0,0.0
2023-10-03 14:30:00-04:00,31.450000762939453,31.450000762939453,31.450000762939453,31.450000762939453,451,0.0,0.0,0.0
2023-10-03 15:30:00-04:00,31.450000762939453,31.450000762939453,31.450000762939453,31.450000762939453,0,0.0,0.0,0.0
2023-10-04 09:30:00-04:00,31.3700008392334,31.3700008392334,31.3700008392334,31.3700008392334,165,0.0,0.0,0.0
2023-10-04 10:30:00-04:00,31.344999313354492,31.344999313354492,31.3302001953125,31.3302001953125,656,0.0,0.0,0.0
2023-10-04 11:30:00-04:00,31.399999618530273,31.399999618530273,31.344999313354492,31.344999313354492,0,0.0,0.0,0.0
2023-10-05 11:30:00-04:00,31.48200035095215,31.489999771118164,31.481000900268555,31.481000900268555,1223,0.0,0.0,0.0
2023-10-05 14:30:00-04:00,31.5,31.5,31.5,31.5,0,0.0,0.0,0.0
2023-10-06 09:30:00-04:00,31.52989959716797,31.52989959716797,31.52989959716797,31.52989959716797,287,0.0,0.0,0.0
2023-10-09 11:30:00-04:00,31.65999984741211,31.690000534057617,31.65999984741211,31.690000534057617,0,0.0,0.0,0.0
2023-10-10 09:30:00-04:00,31.709999084472656,31.729999542236328,31.709999084472656,31.729999542236328,495,0.0,0.0,0.0
2023-10-10 10:30:00-04:00,31.729999542236328,31.739999771118164,31.640100479125977,31.719999313354492,1217,0.0,0.0,0.0
2023-10-10 11:30:00-04:00,31.729999542236328,31.760000228881836,31.700000762939453,31.700000762939453,1084,0.0,0.0,0.0
2023-10-10 12:30:00-04:00,31.690000534057617,31.709999084472656,31.670000076293945,31.709999084472656,821,0.0,0.0,0.0
2023-10-10 13:30:00-04:00,31.729999542236328,31.729999542236328,31.704999923706055,31.704999923706055,0,0.0,0.0,0.0
2023-10-11 09:30:00-04:00,31.550100326538086,31.550100326538086,31.550100326538086,31.550100326538086,237,0.0,0.0,0.0
2023-10-11 12:30:00-04:00,31.510000228881836,31.510000228881836,31.5,31.5,545,0.0,0.0,0.0
2023-10-12 09:30:00-04:00,31.559999465942383,31.56999969482422,31.559999465942383,31.56999969482422,2819,0.0,0.0,0.0
2023-10-12 10:30:00-04:00,31.600000381469727,31.600000381469727,31.600000381469727,31.600000381469727,700,0.0,0.0,0.0
2023-10-12 11:30:00-04:00,31.530000686645508,31.59000015258789,31.530000686645508,31.59000015258789,1456,0.0,0.0,0.0
2023-10-12 13:30:00-04:00,31.760000228881836,31.790000915527344,31.760000228881836,31.789899826049805,608,0.0,0.0,0.0
2023-10-12 14:30:00-04:00,31.78499984741211,31.78499984741211,31.78499984741211,31.78499984741211,0,0.0,0.0,0.0
2023-10-13 09:30:00-04:00,31.899999618530273,31.899999618530273,31.899999618530273,31.899999618530273,366,0.0,0.0,0.0
2023-10-13 10:30:00-04:00,31.860000610351562,31.860000610351562,31.860000610351562,31.860000610351562,125,0.0,0.0,0.0
2023-10-13 11:30:00-04:00,31.950000762939453,31.950000762939453,31.950000762939453,31.950000762939453,837,0.0,0.0,0.0
2023-10-13 14:30:00-04:00,31.989200592041016,31.989200592041016,31.989200592041016,31.989200592041016,351,0.0,0.0,0.0
2023-10-13 15:30:00-04:00,31.985000610351562,31.985000610351562,31.95009994506836,31.95009994506836,1671,0.0,0.0,0.0
2023-10-16 09:30:00-04:00,32.005001068115234,32.005001068115234,31.979999542236328,31.979999542236328,0,0.0,0.0,0.0
2023-10-16 10:30:00-04:00,31.979999542236328,31.979999542236328,31.979900360107422,31.979900360107422,1270,0.0,0.0,0.0
2023-10-16 11:30:00-04:00,31.9768009185791,31.989999771118164,31.9768009185791,31.989999771118164,2105,0.0,0.0,0.0
2023-10-16 12:30:00-04:00,31.950000762939453,31.950000762939453,31.950000762939453,31.950000762939453,212,0.0,0.0,0.0
2023-10-16 15:30:00-04:00,32.0,32.0,31.97439956665039,31.97439956665039,0,0.0,0.0,0.0
2023-10-17 10:30:00-04:00,32.16999816894531,32.16999816894531,32.16999816894531,32.16999816894531,158,0.0,0.0,0.0
2023-10-17 11:30:00-04:00,32.21839904785156,32.21839904785156,32.21839904785156,32.21839904785156,218,0.0,0.0,0.0
2023-10-17 12:30:00-04:00,32.20000076293945,32.20000076293945,32.16999816894531,32.16999816894531,0,0.0,0.0,0.0
2023-10-18 09:30:00-04:00,32.314998626708984,32.338401794433594,32.29499816894531,32.31990051269531,4765,0.0,0.0,0.0
2023-10-18 10:30:00-04:00,32.2400016784668,32.2400016784668,32.2400016784668,32.2400016784668,440,0.0,0.0,0.0
2023-10-18 12:30:00-04:00,32.2400016784668,32.2400016784668,32.2400016784668,32.2400016784668,119,0.0,0.0,0.0
2023-10-18 13:30:00-04:00,32.2599983215332,32.2599983215332,32.2599983215332,32.2599983215332,200,0.0,0.0,0.0
2023-10-18 14:30:00-04:00,32.290000915527344,32.290000915527344,32.290000915527344,32.290000915527344,200,0.0,0.0,0.0
2023-10-18 15:30:00-04:00,32.290000915527344,32.290000915527344,32.209999084472656,32.209999084472656,0,0.0,0.0,0.0
2023-10-19 09:30:00-04:00,32.25,32.35900115966797,32.2400016784668,32.29999923706055,5482,0.0,0.0,0.0
2023-10-19 10:30:00-04:00,32.26499938964844,32.29999923706055,32.26499938964844,32.29999923706055,523,0.0,0.0,0.0
2023-10-19 11:30:00-04:00,32.220001220703125,32.26499938964844,32.220001220703125,32.26499938964844,935,0.0,0.0,0.0
2023-10-19 12:30:00-04:00,32.29999923706055,32.33000183105469,32.29999923706055,32.33000183105469,892,0.0,0.0,0.0
2023-10-19 13:30:00-04:00,32.31999969482422,32.380001068115234,32.310001373291016,32.380001068115234,700,0.0,0.0,0.0
2023-10-19 14:30:00-04:00,32.380001068115234,32.380001068115234,32.36800003051758,32.36800003051758,895,0.0,0.0,0.0
2023-10-19 15:30:00-04:00,32.29999923706055,32.334999084472656,32.29999923706055,32.334999084472656,0,0.0,0.0,0.0
2023-10-20 09:30:00-04:00,32.279998779296875,32.369998931884766,32.27000045776367,32.33000183105469,1501,0.0,0.0,0.0
2023-10-20 10:30:00-04:00,32.33000183105469,32.459999084472656,32.33000183105469,32.459999084472656,2193,0.0,0.0,0.0
2023-10-20 11:30:00-04:00,32.41999816894531,32.43899917602539,32.290000915527344,32.290000915527344,14035,0.0,0.0,0.0
2023-10-20 12:30:00-04:00,32.29999923706055,32.369998931884766,32.22999954223633,32.22999954223633,1641,0.0,0.0,0.0
2023-10-20 13:30:00-04:00,32.220001220703125,32.2400016784668,32.18000030517578,32.18000030517578,1190,0.0,0.0,0.0
2023-10-20 14:30:00-04:00,32.18000030517578,32.18000030517578,32.18000030517578,32.18000030517578,1304,0.0,0.0,0.0
2023-10-20 15:30:00-04:00,32.18000030517578,32.279998779296875,32.18000030517578,32.279998779296875,1031,0.0,0.0,0.0
2023-10-23 10:30:00-04:00,32.27000045776367,32.27000045776367,32.27000045776367,32.27000045776367,0,0.0,0.0,0.0
2023-10-23 12:30:00-04:00,32.314701080322266,32.314701080322266,32.255001068115234,32.255001068115234,0,0.0,0.0,0.0
2023-10-24 09:30:00-04:00,32.189998626708984,32.2599983215332,32.119998931884766,32.2599983215332,1212,0.0,0.0,0.0
2023-10-24 10:30:00-04:00,32.22999954223633,32.279998779296875,32.20000076293945,32.20000076293945,567,0.0,0.0,0.0
2023-10-24 11:30:00-04:00,32.18000030517578,32.20000076293945,32.150001525878906,32.18000030517578,802,0.0,0.0,0.0
2023-10-24 12:30:00-04:00,32.189998626708984,32.27000045776367,32.189998626708984,32.220001220703125,868,0.0,0.0,0.0
2023-10-24 13:30:00-04:00,32.20000076293945,32.220001220703125,32.18000030517578,32.18000030517578,817,0.0,0.0,0.0
2023-10-24 14:30:00-04:00,32.18000030517578,32.2140007019043,32.18000030517578,32.18000030517578,979,0.0,0.0,0.0
2023-10-24 15:30:00-04:00,32.18000030517578,32.21889877319336,32.18000030517578,32.21889877319336,0,0.0,0.0,0.0
2023-10-25 14:30:00-04:00,32.06999969482422,32.06999969482422,32.060001373291016,32.060001373291016,0,0.0,0.0,0.0
2023-10-26 09:30:00-04:00,32.11000061035156,32.130001068115234,32.11000061035156,32.130001068115234,1821,0.0,0.0,0.0
2023-10-26 12:30:00-04:00,32.16999816894531,32.16999816894531,32.16999816894531,32.16999816894531,936,0.0,0.0,0.0
2023-10-27 10:30:00-04:00,32.2599983215332,32.2599983215332,32.2599983215332,32.2599983215332,0,0.0,0.0,0.0
2023-10-27 14:30:00-04:00,32.39250183105469,32.39250183105469,32.38999938964844,32.38999938964844,407,0.0,0.0,0.0
2023-10-30 09:30:00-04:00,32.29999923706055,32.34000015258789,32.29999923706055,32.34000015258789,3178,0.0,0.0,0.0
2023-10-30 11:30:00-04:00,32.279998779296875,32.279998779296875,32.279998779296875,32.279998779296875,311,0.0,0.0,0.0
2023-10-30 13:30:00-04:00,32.21580123901367,32.21580123901367,32.21500015258789,32.21580123901367,100,0.0,0.0,0.0
2023-10-31 09:30:00-04:00,32.310001373291016,32.314998626708984,32.310001373291016,32.314998626708984,0,0.0,0.0,0.0
2023-10-31 10:30:00-04:00,32.33000183105469,32.43000030517578,32.33000183105469,32.34000015258789,1802,0.0,0.0,0.0
2023-10-31 11:30:00-04:00,32.400001525878906,32.41999816894531,32.400001525878906,32.41999816894531,617,0.0,0.0,0.0
2023-10-31 12:30:00-04:00,32.369998931884766,32.41999816894531,32.369998931884766,32.38999938964844,1302,0.0,0.0,0.0
2023-10-31 13:30:00-04:00,32.369998931884766,32.380001068115234,32.349998474121094,32.349998474121094,1627,0.0,0.0,0.0
2023-10-31 14:30:00-04:00,32.36000061035156,32.36000061035156,32.36000061035156,32.36000061035156,1713,0.0,0.0,0.0
2023-10-31 15:30:00-04:00,32.36000061035156,32.36000061035156,32.36000061035156,32.36000061035156,402,0.0,0.0,0.0
2023-11-01 09:30:00-04:00,32.2859992980957,32.2859992980957,32.2859992980957,32.2859992980957,300,0.0,0.0,0.0
2023-11-01 10:30:00-04:00,32.290000915527344,32.290000915527344,32.290000915527344,32.290000915527344,106,0.0,0.0,0.0
2023-11-01 11:30:00-04:00,32.310001373291016,32.31999969482422,32.310001373291016,32.31999969482422,834,0.0,0.0,0.0
2023-11-01 12:30:00-04:00,32.2599983215332,32.2599983215332,32.2599983215332,32.2599983215332,100,0.0,0.0,0.0
2023-11-01 13:30:00-04:00,32.31999969482422,32.31999969482422,32.29999923706055,32.310001373291016,9024,0.0,0.0,0.0
2023-11-01 15:30:00-04:00,32.33000183105469,32.33000183105469,32.279998779296875,32.279998779296875,0,0.0,0.0,0.0
2023-11-02 09:30:00-04:00,32.470001220703125,32.47999954223633,32.470001220703125,32.47999954223633,11628,0.0,0.0,0.0
2023-11-02 10:30:00-04:00,32.52859878540039,32.52859878540039,32.52859878540039,32.52859878540039,511,0.0,0.0,0.0
2023-11-02 13:30:00-04:00,32.640201568603516,32.93000030517578,32.640201568603516,32.93000030517578,0,0.0,0.0,0.0
2023-11-06 09:30:00-05:00,32.959999084472656,33.0099983215332,32.959999084472656,32.9900016784668,6796,0.0,0.0,0.0
2023-11-06 10:30:00-05:00,33.029998779296875,33.029998779296875,33.029998779296875,33.029998779296875,462,0.0,0.0,0.0
2023-11-06 14:30:00-05:00,33.03960037231445,33.06999969482422,33.03499984741211,33.06999969482422,4286,0.0,0.0,0.0
2023-11-06 15:30:00-05:00,33.06999969482422,33.06999969482422,33.03499984741211,33.06999969482422,6392,0.0,0.0,0.0
2023-11-07 09:30:00-05:00,32.939998626708984,32.939998626708984,32.8656005859375,32.8656005859375,0,0.0,0.0,0.0
2023-11-07 10:30:00-05:00,32.89500045776367,32.89500045776367,32.79029846191406,32.79029846191406,827,0.0,0.0,0.0
2023-11-07 11:30:00-05:00,32.77000045776367,32.77000045776367,32.77000045776367,32.77000045776367,555,0.0,0.0,0.0
2023-11-07 12:30:00-05:00,32.63999938964844,32.63999938964844,32.61000061035156,32.61000061035156,1164,0.0,0.0,0.0
2023-11-07 13:30:00-05:00,32.6150016784668,32.6150016784668,32.60350036621094,32.60820007324219,4016,0.0,0.0,0.0
2023-11-07 14:30:00-05:00,32.58000183105469,32.58000183105469,32.56999969482422,32.56999969482422,249,0.0,0.0,0.0
2023-11-07 15:30:00-05:00,32.56999969482422,32.584999084472656,32.56999969482422,32.584999084472656,3100,0.0,0.0,0.0
2023-11-08 09:30:00-05:00,32.619998931884766,32.71580123901367,32.619998931884766,32.71580123901367,1157,0.0,0.0,0.0
2023-11-08 11:30:00-05:00,32.790000915527344,32.790000915527344,32.790000915527344,32.790000915527344,267,0.0,0.0,0.0
2023-11-08 13:30:00-05:00,32.650001525878906,32.72999954223633,32.650001525878906,32.72999954223633,171733,0.0,0.0,0.0
2023-11-08 14:30:00-05:00,32.584999084472656,32.705101013183594,32.584999084472656,32.584999084472656,0,0.0,0.0,0.0
2023-11-10 09:30:00-05:00,32.44770050048828,32.44770050048828,32.44770050048828,32.44770050048828,534,0.0,0.0,0.0
2023-11-10 14:30:00-05:00,32.380001068115234,32.42499923706055,32.380001068115234,32.380001068115234,394,0.0,0.0,0.0
2023-11-13 09:30:00-05:00,32.547000885009766,32.547000885009766,32.540000915527344,32.540000915527344,0,0.0,0.0,0.0
2023-11-13 10:30:00-05:00,32.720001220703125,32.720001220703125,32.720001220703125,32.720001220703125,300,0.0,0.0,0.0
2023-11-13 11:30:00-05:00,32.77000045776367,32.810001373291016,32.77000045776367,32.810001373291016,596,0.0,0.0,0.0
2023-11-13 12:30:00-05:00,32.79600143432617,32.79600143432617,32.79600143432617,32.79600143432617,560,0.0,0.0,0.0
2023-11-13 14:30:00-05:00,32.88999938964844,32.88999938964844,32.869998931884766,32.869998931884766,0,0.0,0.0,0.0
2023-11-14 09:30:00-05:00,32.869998931884766,32.869998931884766,32.83000183105469,32.83000183105469,317,0.0,0.0,0.0
2023-11-14 10:30:00-05:00,32.81999969482422,32.81999969482422,32.650001525878906,32.650001525878906,0,0.0,0.0,0.0
2023-11-15 09:30:00-05:00,32.740299224853516,32.740299224853516,32.740299224853516,32.740299224853516,306,0.0,0.0,0.0
2023-11-15 12:30:00-05:00,32.7400016784668,32.7400016784668,32.7400016784668,32.7400016784668,17319,0.0,0.0,0.0
2023-11-15 15:30:00-05:00,32.81999969482422,32.83000183105469,32.81999969482422,32.83000183105469,0,0.0,0.0,0.0
2023-11-16 14:30:00-05:00,32.58000183105469,32.59000015258789,32.54800033569336,32.560001373291016,0,0.0,0.0,0.0
2023-11-17 12:30:00-05:00,32.49980163574219,32.49980163574219,32.49980163574219,32.49980163574219,801,0.0,0.0,0.0
2023-11-17 13:30:00-05:00,32.47999954223633,32.519901275634766,32.47990036010742,32.47999954223633,6966,0.0,0.0,0.0
2023-11-17 14:30:00-05:00,32.4900016784668,32.4900016784668,32.4900016784668,32.4900016784668,159947,0.0,0.0,0.0
2023-11-17 15:30:00-05:00,32.5099983215332,32.529998779296875,32.45000076293945,32.45000076293945,9665,0.0,0.0,0.0
2023-11-20 10:30:00-05:00,32.52000045776367,32.52000045776367,32.52000045776367,32.52000045776367,0,0.0,0.0,0.0
2023-11-20 11:30:00-05:00,32.47999954223633,32.47999954223633,32.47999954223633,32.47999954223633,186,0.0,0.0,0.0
2023-11-20 13:30:00-05:00,32.56999969482422,32.58000183105469,32.54999923706055,32.54999923706055,16551,0.0,0.0,0.0
2023-11-20 14:30:00-05:00,32.59000015258789,32.59000015258789,32.59000015258789,32.59000015258789,103,0.0,0.0,0.0
2023-11-20 15:30:00-05:00,32.589900970458984,32.59000015258789,32.565799713134766,32.565799713134766,0,0.0,0.0,0.0
2023-11-21 10:30:00-05:00,32.52000045776367,32.52000045776367,32.52000045776367,32.52000045776367,320,0.0,0.0,0.0
2023-11-21 11:30:00-05:00,32.560001373291016,32.560001373291016,32.560001373291016,32.560001373291016,228,0.0,0.0,0.0
2023-11-21 13:30:00-05:00,32.595001220703125,32.599998474121094,32.56999969482422,32.599998474121094,0,0.0,0.0,0.0
2023-11-22 09:30:00-05:00,32.47999954223633,32.505001068115234,32.47999954223633,32.505001068115234,782,0.0,0.0,0.0
2023-11-22 12:30:00-05:00,32.47999954223633,32.47999954223633,32.400001525878906,32.45989990234375,1036,0.0,0.0,0.0
2023-11-22 13:30:00-05:00,32.459999084472656,32.459999084472656,32.439998626708984,32.439998626708984,610,0.0,0.0,0.0
2023-11-22 15:30:00-05:00,32.400001525878906,32.439998626708984,32.400001525878906,32.439998626708984,210,0.0,0.0,0.0
2023-11-24 09:30:00-05:00,32.2400016784668,32.2400016784668,32.220001220703125,32.220001220703125,0,0.0,0.0,0.0
2023-11-24 12:30:00-05:00,31.998899459838867,31.998899459838867,31.978500366210938,31.989999771118164,0,0.0,0.0,0.0
2023-11-27 09:30:00-05:00,32.029998779296875,32.099998474121094,31.969999313354492,31.969999313354492,714,0.0,0.0,0.0
2023-11-27 11:30:00-05:00,31.81999969482422,31.81999969482422,31.81999969482422,31.81999969482422,1515,0.0,0.0,0.0
2023-11-27 12:30:00-05:00,31.850000381469727,31.850000381469727,31.850000381469727,31.850000381469727,276,0.0,0.0,0.0
2023-11-27 13:30:00-05:00,31.770000457763672,31.770000457763672,31.770000457763672,31.770000457763672,233,0.0,0.0,0.0
2023-11-27 15:30:00-05:00,31.81999969482422,31.81999969482422,31.809999465942383,31.809999465942383,0,0.0,0.0,0.0
2023-11-28 09:30:00-05:00,31.84000015258789,31.979999542236328,31.84000015258789,31.979999542236328,2870,0.0,0.0,0.0
2023-11-28 13:30:00-05:00,32.25,32.31999969482422,32.25,32.31999969482422,10910,0.0,0.0,0.0
2023-11-28 14:30:00-05:00,32.31999969482422,32.31999969482422,32.31999969482422,32.31999969482422,200,0.0,0.0,0.0
2023-11-28 15:30:00-05:00,32.31999969482422,32.31999969482422,32.28499984741211,32.28499984741211,402,0.0,0.0,0.0
2023-11-29 09:30:00-05:00,32.279998779296875,32.310001373291016,32.279998779296875,32.310001373291016,0,0.0,0.0,0.0
2023-11-29 10:30:00-05:00,32.35879898071289,32.380001068115234,32.35879898071289,32.37990188598633,854,0.0,0.0,0.0
2023-11-29 12:30:00-05:00,32.48500061035156,32.48500061035156,32.48500061035156,32.48500061035156,350,0.0,0.0,0.0
2023-11-30 09:30:00-05:00,32.560001373291016,32.58000183105469,32.560001373291016,32.58000183105469,0,0.0,0.0,0.0
2023-11-30 10:30:00-05:00,32.5099983215332,32.62900161743164,32.5099983215332,32.62900161743164,2878,0.0,0.0,0.0
2023-11-30 11:30:00-05:00,32.69860076904297,32.69860076904297,32.69860076904297,32.69860076904297,513,0.0,0.0,0.0
2023-11-30 13:30:00-05:00,32.69200134277344,32.810001373291016,32.69200134277344,32.809898376464844,3258,0.0,0.0,0.0
2023-11-30 14:30:00-05:00,32.77000045776367,32.77000045776367,32.7599983215332,32.7599983215332,241,0.0,0.0,0.0
2023-11-30 15:30:00-05:00,32.773399353027344,32.773399353027344,32.7682991027832,32.7682991027832,0,0.0,0.0,0.0
2023-12-01 09:30:00-05:00,32.56999969482422,32.56999969482422,32.56999969482422,32.56999969482422,552,0.0,0.0,0.0
2023-12-01 10:30:00-05:00,32.56999969482422,32.599998474121094,32.56999969482422,32.599998474121094,1120,0.0,0.0,0.0
2023-12-01 11:30:00-05:00,32.529998779296875,32.529998779296875,32.529998779296875,32.529998779296875,200,0.0,0.0,0.0
2023-12-01 12:30:00-05:00,32.59000015258789,32.59000015258789,32.54999923706055,32.54999923706055,333,0.0,0.0,0.0
2023-12-01 13:30:00-05:00,32.45000076293945,32.45000076293945,32.432498931884766,32.432498931884766,832,0.0,0.0,0.0
2023-12-01 14:30:00-05:00,32.398101806640625,32.40190124511719,32.38999938964844,32.38999938964844,672,0.0,0.0,0.0
2023-12-01 15:30:00-05:00,32.40999984741211,32.40999984741211,32.349998474121094,32.349998474121094,23608,0.0,0.0,0.0
2023-12-04 09:30:00-05:00,32.279998779296875,32.38999938964844,32.2599983215332,32.369998931884766,4300,0.0,0.0,0.0
2023-12-04 10:30:00-05:00,32.40999984741211,32.470001220703125,32.40999984741211,32.470001220703125,200,0.0,0.0,0.0
2023-12-04 11:30:00-05:00,32.540000915527344,32.540000915527344,32.540000915527344,32.540000915527344,233,0.0,0.0,0.0
2023-12-04 12:30:00-05:00,32.345001220703125,32.37950134277344,32.345001220703125,32.36869812011719,1314,0.0,0.0,0.0
2023-12-04 13:30:00-05:00,32.36159896850586,32.38999938964844,32.36000061035156,32.378501892089844,2026,0.0,0.0,0.0
2023-12-04 14:30:00-05:00,32.35499954223633,32.380001068115234,32.338401794433594,32.380001068115234,2784,0.0,0.0,0.0
2023-12-04 15:30:00-05:00,32.37009811401367,32.380001068115234,32.33000183105469,32.380001068115234,0,0.0,0.0,0.0
2023-12-05 09:30:00-05:00,32.22999954223633,32.22999954223633,32.22999954223633,32.22999954223633,133,0.0,0.0,0.0
2023-12-05 10:30:00-05:00,32.31999969482422,32.31999969482422,32.31999969482422,32.31999969482422,1051,0.0,0.0,0.0
2023-12-05 11:30:00-05:00,32.33000183105469,32.33000183105469,32.33000183105469,32.33000183105469,1802,0.0,0.0,0.0
2023-12-05 13:30:00-05:00,32.36000061035156,32.37099838256836,32.349998474121094,32.349998474121094,0,0.0,0.0,0.0
2023-12-06 09:30:00-05:00,32.18000030517578,32.180999755859375,32.130001068115234,32.130001068115234,1083,0.0,0.0,0.0
2023-12-06 12:30:00-05:00,31.801000595092773,31.801000595092773,31.801000595092773,31.801000595092773,764,0.0,0.0,0.0
2023-12-06 14:30:00-05:00,31.71500015258789,31.739999771118164,31.71500015258789,31.739999771118164,0,0.0,0.0,0.0
2023-12-07 12:30:00-05:00,31.940000534057617,31.950000762939453,31.939899444580078,31.949899673461914,11212,0.0,0.0,0.0
2023-12-07 13:30:00-05:00,31.940000534057617,31.940000534057617,31.93000030517578,31.93000030517578,285,0.0,0.0,0.0
2023-12-07 14:30:00-05:00,31.940000534057617,31.940000534057617,31.940000534057617,31.940000534057617,300,0.0,0.0,0.0
2023-12-07 15:30:00-05:00,31.940000534057617,31.940000534057617,31.905000686645508,31.905000686645508,0,0.0,0.0,0.0
2023-12-08 11:30:00-05:00,32.02289962768555,32.02289962768555,32.02289962768555,32.02289962768555,365,0.0,0.0,0.0
2023-12-08 12:30:00-05:00,32.03839874267578,32.04999923706055,32.03839874267578,32.04999923706055,1589,0.0,0.0,0.0
2023-12-08 15:30:00-05:00,32.095001220703125,32.095001220703125,32.060001373291016,32.060001373291016,650,0.0,0.0,0.0
2023-12-11 09:30:00-05:00,32.0,32.0,32.0,32.0,0,0.0,0.0,0.0
2023-12-11 10:30:00-05:00,31.875,31.8799991607666,31.81999969482422,31.81999969482422,1202,0.0,0.0,0.0
2023-12-11 12:30:00-05:00,31.859800338745117,31.979999542236328,31.859800338745117,31.979999542236328,0,0.0,0.0,0.0
2023-12-12 14:30:00-05:00,32.189998626708984,32.189998626708984,32.18000030517578,32.18000030517578,1073,0.0,0.0,0.0
2023-12-12 15:30:00-05:00,32.154998779296875,32.154998779296875,32.154998779296875,32.154998779296875,0,0.0,0.0,0.0
2023-12-13 11:30:00-05:00,31.98900032043457,31.98900032043457,31.889999389648438,31.889999389648438,0,0.0,0.0,0.0
2023-12-14 09:30:00-05:00,32.05009841918945,32.09000015258789,32.05009841918945,32.09000015258789,1124,0.0,0.0,0.0
2023-12-14 10:30:00-05:00,32.17499923706055,32.17499923706055,32.17499923706055,32.17499923706055,240,0.0,0.0,0.0
2023-12-14 12:30:00-05:00,32.17499923706055,32.22999954223633,32.17499923706055,32.22999954223633,454,0.0,0.0,0.0
2023-12-14 15:30:00-05:00,32.239898681640625,32.239898681640625,32.20000076293945,32.20000076293945,0,0.0,0.0,0.0
2023-12-15 11:30:00-05:00,32.099998474121094,32.099998474121094,32.099998474121094,32.099998474121094,431,0.0,0.0,0.0
2023-12-15 12:30:00-05:00,32.27000045776367,32.27000045776367,32.27000045776367,32.27000045776367,344,0.0,0.0,0.0
2023-12-15 13:30:00-05:00,32.327701568603516,32.327701568603516,32.327701568603516,32.327701568603516,163,0.0,0.0,0.0
2023-12-15 14:30:00-05:00,32.36989974975586,32.36989974975586,32.36989974975586,32.36989974975586,260,0.0,0.0,0.0
2023-12-18 10:30:00-05:00,30.270000457763672,30.270000457763672,30.209999084472656,30.209999084472656,1503,0.0,0.0,0.0
2023-12-18 11:30:00-05:00,30.239999771118164,30.239999771118164,30.15999984741211,30.15999984741211,1456,0.0,0.0,0.0
2023-12-18 15:30:00-05:00,30.209999084472656,30.280000686645508,30.190000534057617,30.280000686645508,18150,0.0,0.0,0.0
2023-12-19 10:30:00-05:00,30.228099822998047,30.228099822998047,30.228099822998047,30.228099822998047,472,0.0,0.0,0.0
2023-12-19 11:30:00-05:00,30.30109977722168,30.399999618530273,30.30109977722168,30.395000457763672,8726,0.0,0.0,0.0
2023-12-19 12:30:00-05:00,30.389999389648438,30.43000030517578,30.389999389648438,30.43000030517578,470,0.0,0.0,0.0
2023-12-19 13:30:00-05:00,30.420000076293945,30.420000076293945,30.420000076293945,30.420000076293945,417,0.0,0.0,0.0
2023-12-19 14:30:00-05:00,30.389999389648438,30.40999984741211,30.389999389648438,30.40999984741211,1024,0.0,0.0,0.0
2023-12-19 15:30:00-05:00,30.40999984741211,30.40999984741211,30.399999618530273,30.399999618530273,342,0.0,0.0,0.0
2023-12-20 09:30:00-05:00,30.290000915527344,30.290000915527344,30.15999984741211,30.170000076293945,0,0.0,0.0,0.0
2023-12-20 10:30:00-05:00,30.174999237060547,30.174999237060547,30.040000915527344,30.040000915527344,1158,0.0,0.0,0.0
2023-12-20 11:30:00-05:00,30.045000076293945,30.079999923706055,30.030000686645508,30.030000686645508,1218,0.0,0.0,0.0
2023-12-20 12:30:00-05:00,30.049999237060547,30.93000030517578,29.979999542236328,30.040000915527344,1328,0.0,0.0,0.0
2023-12-20 13:30:00-05:00,30.049999237060547,30.110000610351562,30.024999618530273,30.110000610351562,1105,0.0,0.0,0.0
2023-12-20 14:30:00-05:00,30.09000015258789,30.09000015258789,30.020000457763672,30.079999923706055,2086,0.0,0.0,0.0
2023-12-20 15:30:00-05:00,30.06999969482422,30.06999969482422,30.0,30.0,0,0.0,0.0,0.0
2023-12-21 09:30:00-05:00,30.040000915527344,30.049999237060547,29.989999771118164,29.989999771118164,1006,0.0,0.0,0.0
2023-12-21 10:30:00-05:00,29.90999984741211,29.969999313354492,29.90999984741211,29.969999313354492,325,0.0,0.0,0.0
2023-12-21 11:30:00-05:00,30.0093994140625,30.0093994140625,30.0093994140625,30.0093994140625,217,0.0,0.0,0.0
2023-12-21 12:30:00-05:00,29.989999771118164,30.030000686645508,29.979999542236328,30.0,15326,0.0,0.0,0.0
2023-12-21 13:30:00-05:00,29.989999771118164,30.030000686645508,29.940000534057617,30.020000457763672,6696,0.0,0.0,0.0
2023-12-21 14:30:00-05:00,29.940000534057617,30.020000457763672,29.93000030517578,29.93000030517578,1981,0.0,0.0,0.0
2023-12-21 15:30:00-05:00,29.940000534057617,30.020000457763672,29.93000030517578,29.975000381469727,0,0.0,0.0,0.0
2023-12-22 11:30:00-05:00,30.090999603271484,30.130399703979492,30.09000015258789,30.130399703979492,1314,0.0,0.0,0.0
2023-12-22 12:30:00-05:00,30.139999389648438,30.139999389648438,30.139999389648438,30.139999389648438,169759,0.0,0.0,0.0
2023-12-22 13:30:00-05:00,30.100000381469727,30.100000381469727,30.059999465942383,30.070100784301758,8389,0.0,0.0,0.0
2023-12-22 14:30:00-05:00,30.149999618530273,30.149999618530273,30.149999618530273,30.149999618530273,300,0.0,0.0,0.0
2023-12-22 15:30:00-05:00,30.15999984741211,30.15999984741211,30.079999923706055,30.079999923706055,268266,0.0,0.0,0.0
2023-12-26 09:30:00-05:00,30.079999923706055,30.149999618530273,30.079999923706055,30.149900436401367,0,0.0,0.0,0.0
2023-12-26 14:30:00-05:00,30.280000686645508,30.280000686645508,30.270000457763672,30.280000686645508,6721,0.0,0.0,0.0
2023-12-26 15:30:00-05:00,30.2450008392334,30.280000686645508,30.239999771118164,30.239999771118164,0,0.0,0.0,0.0
2023-12-27 09:30:00-05:00,30.264999389648438,30.264999389648438,30.240999221801758,30.240999221801758,1962,0.0,0.0,0.0
2023-12-27 10:30:00-05:00,30.201900482177734,30.25,30.201900482177734,30.219999313354492,1645,0.0,0.0,0.0
2023-12-27 11:30:00-05:00,30.229999542236328,30.229999542236328,30.229999542236328,30.229999542236328,333,0.0,0.0,0.0
2023-12-27 12:30:00-05:00,30.260499954223633,30.260499954223633,30.260499954223633,30.260499954223633,603,0.0,0.0,0.0
2023-12-27 14:30:00-05:00,30.270000457763672,30.270000457763672,30.270000457763672,30.270000457763672,204,0.0,0.0,0.0
2023-12-27 15:30:00-05:00,30.280000686645508,30.280000686645508,30.26490020751953,30.26490020751953,0,0.0,0.0,0.0
2023-12-28 09:30:00-05:00,30.299999237060547,30.299999237060547,30.299999237060547,30.299999237060547,445,0.0,0.0,0.0
2023-12-28 10:30:00-05:00,30.405000686645508,30.405000686645508,30.405000686645508,30.405000686645508,232,0.0,0.0,0.0
2023-12-28 11:30:00-05:00,30.356000900268555,30.356000900268555,30.356000900268555,30.356000900268555,226,0.0,0.0,0.0
2023-12-28 12:30:00-05:00,30.30500030517578,30.30500030517578,30.290000915527344,30.290000915527344,8764,0.0,0.0,0.0
2023-12-28 13:30:00-05:00,30.34000015258789,30.34000015258789,30.34000015258789,30.34000015258789,492,0.0,0.0,0.0
2023-12-28 14:30:00-05:00,30.326000213623047,30.326000213623047,30.326000213623047,30.326000213623047,418,0.0,0.0,0.0
2023-12-28 15:30:00-05:00,30.361000061035156,30.361000061035156,30.2992000579834,30.329999923706055,0,0.0,0.0,0.0
2023-12-29 10:30:00-05:00,29.959999084472656,29.959999084472656,29.90999984741211,29.90999984741211,977,0.0,0.0,0.0
2023-12-29 11:30:00-05:00,29.89859962463379,29.89859962463379,29.84000015258789,29.8799991607666,1015,0.0,0.0,0.0
2023-12-29 12:30:00-05:00,29.899999618530273,29.899999618530273,29.850000381469727,29.850000381469727,226,0.0,0.0,0.0
2024-01-02 09:30:00-05:00,30.010000228881836,30.040000915527344,29.969999313354492,29.969999313354492,969,0.0,0.0,0.0
2024-01-02 10:30:00-05:00,29.969999313354492,29.969999313354492,29.920000076293945,29.920000076293945,368,0.0,0.0,0.0
2024-01-02 11:30:00-05:00,29.88909912109375,29.920000076293945,29.8700008392334,29.8700008392334,2274,0.0,0.0,0.0
2024-01-02 12:30:00-05:00,29.860000610351562,29.860000610351562,29.860000610351562,29.860000610351562,829,0.0,0.0,0.0
2024-01-02 13:30:00-05:00,29.780000686645508,29.780000686645508,29.780000686645508,29.780000686645508,834,0.0,0.0,0.0
2024-01-02 14:30:00-05:00,29.850000381469727,29.860000610351562,29.790000915527344,29.790000915527344,1809,0.0,0.0,0.0
2024-01-02 15:30:00-05:00,29.829999923706055,29.860000610351562,29.790000915527344,29.860000610351562,9131,0.0,0.0,0.0
2024-01-03 09:30:00-05:00,29.739999771118164,29.739999771118164,29.704999923706055,29.704999923706055,0,0.0,0.0,0.0
2024-01-03 10:30:00-05:00,29.641599655151367,29.68000030517578,29.641599655151367,29.68000030517578,22249,0.0,0.0,0.0
2024-01-03 11:30:00-05:00,29.655000686645508,29.655000686645508,29.581300735473633,29.581300735473633,1251,0.0,0.0,0.0
2024-01-03 13:30:00-05:00,29.684799194335938,29.684799194335938,29.684799194335938,29.684799194335938,258,0.0,0.0,0.0
2024-01-03 14:30:00-05:00,29.700000762939453,29.700000762939453,29.700000762939453,29.700000762939453,185,0.0,0.0,0.0
2024-01-03 15:30:00-05:00,29.690000534057617,29.690000534057617,29.639999389648438,29.639999389648438,0,0.0,0.0,0.0
2024-01-04 09:30:00-05:00,29.600000381469727,29.600000381469727,29.600000381469727,29.600000381469727,137,0.0,0.0,0.0
2024-01-04 10:30:00-05:00,29.7549991607666,29.7549991607666,29.700700759887695,29.700700759887695,1308,0.0,0.0,0.0
2024-01-04 13:30:00-05:00,29.81999969482422,29.81999969482422,29.809999465942383,29.809999465942383,2294,0.0,0.0,0.0
2024-01-04 14:30:00-05:00,29.82979965209961,29.82979965209961,29.82979965209961,29.82979965209961,363,0.0,0.0,0.0
2024-01-04 15:30:00-05:00,29.799999237060547,29.828699111938477,29.799999237060547,29.828699111938477,0,0.0,0.0,0.0
2024-01-05 09:30:00-05:00,29.68589973449707,29.799999237060547,29.68589973449707,29.799999237060547,427,0.0,0.0,0.0
2024-01-05 10:30:00-05:00,29.799999237060547,29.799999237060547,29.799999237060547,29.799999237060547,266,0.0,0.0,0.0
2024-01-05 11:30:00-05:00,29.68000030517578,29.68000030517578,29.674999237060547,29.674999237060547,830,0.0,0.0,0.0
2024-01-05 15:30:00-05:00,29.65999984741211,29.670000076293945,29.65999984741211,29.670000076293945,105,0.0,0.0,0.0
2024-01-08 09:30:00-05:00,29.40999984741211,29.40999984741211,29.40999984741211,29.40999984741211,0,0.0,0.0,0.0
2024-01-08 10:30:00-05:00,29.479999542236328,29.479999542236328,29.424999237060547,29.424999237060547,1070,0.0,0.0,0.0
2024-01-08 11:30:00-05:00,29.500099182128906,29.500099182128906,29.500099182128906,29.500099182128906,457,0.0,0.0,0.0
2024-01-08 12:30:00-05:00,29.510000228881836,29.579999923706055,29.5,29.570100784301758,11620,0.0,0.0,0.0
2024-01-08 13:30:00-05:00,29.609899520874023,29.610000610351562,29.56130027770996,29.56130027770996,6712,0.0,0.0,0.0
2024-01-08 15:30:00-05:00,29.56999969482422,29.5939998626709,29.56999969482422,29.5939998626709,0,0.0,0.0,0.0
2024-01-09 09:30:00-05:00,29.752599716186523,29.752599716186523,29.752599716186523,29.752599716186523,252,0.0,0.0,0.0
2024-01-09 10:30:00-05:00,29.860000610351562,29.860000610351562,29.860000610351562,29.860000610351562,113,0.0,0.0,0.0
2024-01-09 12:30:00-05:00,29.790000915527344,29.809999465942383,29.790000915527344,29.809999465942383,220,0.0,0.0,0.0
2024-01-09 13:30:00-05:00,29.81999969482422,29.81999969482422,29.81999969482422,29.81999969482422,205,0.0,0.0,0.0
2024-01-09 14:30:00-05:00,29.809999465942383,29.809999465942383,29.75,29.774999618530273,0,0.0,0.0,0.0
2024-01-10 09:30:00-05:00,29.709999084472656,29.709999084472656,29.709999084472656,29.709999084472656,128,0.0,0.0,0.0
2024-01-10 12:30:00-05:00,29.75,29.75,29.690000534057617,29.725000381469727,0,0.0,0.0,0.0
2024-01-11 09:30:00-05:00,29.93000030517578,29.93000030517578,29.93000030517578,29.93000030517578,747,0.0,0.0,0.0
2024-01-11 14:30:00-05:00,29.850099563598633,29.850099563598633,29.850099563598633,29.850099563598633,706,0.0,0.0,0.0
2024-01-11 15:30:00-05:00,29.885000228881836,29.885000228881836,29.860000610351562,29.860000610351562,0,0.0,0.0,0.0
2024-01-12 09:30:00-05:00,29.948999404907227,29.950000762939453,29.948999404907227,29.950000762939453,246,0.0,0.0,0.0
2024-01-12 10:30:00-05:00,29.850000381469727,29.850000381469727,29.750999450683594,29.750999450683594,638,0.0,0.0,0.0
2024-01-12 11:30:00-05:00,29.76099967956543,29.76099967956543,29.760000228881836,29.760000228881836,1063,0.0,0.0,0.0
2024-01-12 14:30:00-05:00,29.759899139404297,29.759899139404297,29.759899139404297,29.759899139404297,146,0.0,0.0,0.0
2024-01-12 15:30:00-05:00,29.719999313354492,29.719999313354492,29.719999313354492,29.719999313354492,4300,0.0,0.0,0.0
2024-01-16 09:30:00-05:00,29.93000030517578,29.983999252319336,29.920000076293945,29.983999252319336,3111,0.0,0.0,0.0
2024-01-16 10:30:00-05:00,29.868099212646484,29.8700008392334,29.860000610351562,29.8700008392334,1396,0.0,0.0,0.0
2024-01-16 11:30:00-05:00,29.854999542236328,29.854999542236328,29.854999542236328,29.854999542236328,468,0.0,0.0,0.0
2024-01-16 12:30:00-05:00,29.909900665283203,29.909900665283203,29.909900665283203,29.909900665283203,100,0.0,0.0,0.0
2024-01-16 13:30:00-05:00,29.920000076293945,29.950000762939453,29.899999618530273,29.899999618530273,0,0.0,0.0,0.0
2024-01-17 09:30:00-05:00,29.838199615478516,29.838199615478516,29.838199615478516,29.838199615478516,292,0.0,0.0,0.0
2024-01-17 10:30:00-05:00,29.850000381469727,29.850000381469727,29.829999923706055,29.829999923706055,601,0.0,0.0,0.0
2024-01-17 11:30:00-05:00,29.749000549316406,29.75,29.735700607299805,29.735700607299805,372,0.0,0.0,0.0
2024-01-17 12:30:00-05:00,29.75,29.75,29.75,29.75,804,0.0,0.0,0.0
2024-01-17 13:30:00-05:00,29.770000457763672,29.770000457763672,29.770000457763672,29.770000457763672,253,0.0,0.0,0.0
2024-01-17 14:30:00-05:00,29.770000457763672,29.770000457763672,29.719999313354492,29.719999313354492,0,0.0,0.0,0.0
2024-01-18 10:30:00-05:00,29.75,29.75,29.740999221801758,29.740999221801758,1000,0.0,0.0,0.0
2024-01-18 11:30:00-05:00,29.979999542236328,29.979999542236328,29.979999542236328,29.979999542236328,175,0.0,0.0,0.0
2024-01-18 12:30:00-05:00,30.036300659179688,30.036300659179688,30.020599365234375,30.020599365234375,306,0.0,0.0,0.0
2024-01-18 13:30:00-05:00,30.100000381469727,30.100000381469727,30.100000381469727,30.100000381469727,214,0.0,0.0,0.0
2024-01-18 14:30:00-05:00,30.0310001373291,30.0310001373291,30.0310001373291,30.0310001373291,1823,0.0,0.0,0.0
2024-01-18 15:30:00-05:00,30.03580093383789,30.03580093383789,30.03580093383789,30.03580093383789,356,0.0,0.0,0.0
2024-01-19 09:30:00-05:00,30.329999923706055,30.420000076293945,30.329999923706055,30.420000076293945,853,0.0,0.0,0.0
2024-01-19 10:30:00-05:00,30.405000686645508,30.405000686645508,30.34000015258789,30.34000015258789,202,0.0,0.0,0.0
2024-01-19 12:30:00-05:00,30.329999923706055,30.329999923706055,30.329999923706055,30.329999923706055,120,0.0,0.0,0.0
2024-01-19 14:30:00-05:00,30.260000228881836,30.299999237060547,30.260000228881836,30.299999237060547,1084,0.0,0.0,0.0
2024-01-19 15:30:00-05:00,30.315000534057617,30.319900512695312,30.309999465942383,30.309999465942383,1712,0.0,0.0,0.0
2024-01-22 09:30:00-05:00,30.329999923706055,30.329999923706055,30.299999237060547,30.299999237060547,0,0.0,0.0,0.0
2024-01-22 10:30:00-05:00,30.350000381469727,30.354999542236328,30.350000381469727,30.350000381469727,4635,0.0,0.0,0.0
2024-01-22 12:30:00-05:00,30.450000762939453,30.450000762939453,30.450000762939453,30.450000762939453,193,0.0,0.0,0.0
2024-01-22 13:30:00-05:00,30.479999542236328,30.479999542236328,30.479999542236328,30.479999542236328,150,0.0,0.0,0.0
2024-01-22 14:30:00-05:00,30.479999542236328,30.479999542236328,30.420000076293945,30.42009925842285,264,0.0,0.0,0.0
2024-01-23 09:30:00-05:00,30.719999313354492,30.739999771118164,30.639999389648438,30.639999389648438,1578,0.0,0.0,0.0
2024-01-23 10:30:00-05:00,30.780000686645508,30.780000686645508,30.780000686645508,30.780000686645508,825,0.0,0.0,0.0
2024-01-23 14:30:00-05:00,30.799999237060547,30.799999237060547,30.790000915527344,30.799999237060547,640,0.0,0.0,0.0
2024-01-24 09:30:00-05:00,30.809999465942383,30.8700008392334,30.801000595092773,30.8700008392334,1694,0.0,0.0,0.0
2024-01-24 11:30:00-05:00,31.019899368286133,31.019899368286133,31.019899368286133,31.019899368286133,112,0.0,0.0,0.0
2024-01-24 12:30:00-05:00,31.019500732421875,31.019500732421875,31.019500732421875,31.019500732421875,150,0.0,0.0,0.0
2024-01-24 13:30:00-05:00,31.01799964904785,31.055500030517578,31.01799964904785,31.055500030517578,654,0.0,0.0,0.0
2024-01-24 14:30:00-05:00,31.05780029296875,31.06999969482422,31.037900924682617,31.069000244140625,959,0.0,0.0,0.0
2024-01-24 15:30:00-05:00,31.069000244140625,31.09000015258789,31.04599952697754,31.09000015258789,0,0.0,0.0,0.0
2024-01-25 09:30:00-05:00,30.889999389648438,30.889999389648438,30.86989974975586,30.86989974975586,1298,0.0,0.0,0.0
2024-01-25 13:30:00-05:00,30.90999984741211,30.90999984741211,30.860700607299805,30.860700607299805,985,0.0,0.0,0.0
2024-01-25 15:30:00-05:00,30.920000076293945,31.010000228881836,30.889999389648438,31.010000228881836,0,0.0,0.0,0.0
2024-01-29 10:30:00-05:00,30.739999771118164,30.739999771118164,30.739999771118164,30.739999771118164,0,0.0,0.0,0.0
2024-01-29 12:30:00-05:00,30.780000686645508,30.780000686645508,30.773500442504883,30.773500442504883,1106,0.0,0.0,0.0
2024-01-29 14:30:00-05:00,30.80500030517578,30.80500030517578,30.80500030517578,30.80500030517578,194,0.0,0.0,0.0
2024-01-29 15:30:00-05:00,30.799999237060547,30.799999237060547,30.790000915527344,30.790000915527344,0,0.0,0.0,0.0
2024-01-30 09:30:00-05:00,30.829999923706055,30.940000534057617,30.829999923706055,30.940000534057617,707,0.0,0.0,0.0
2024-01-30 10:30:00-05:00,31.200000762939453,31.200000762939453,31.200000762939453,31.200000762939453,105,0.0,0.0,0.0
2024-01-30 11:30:00-05:00,31.204700469970703,31.204700469970703,31.204700469970703,31.204700469970703,189,0.0,0.0,0.0
2024-01-30 12:30:00-05:00,31.200000762939453,31.200899124145508,31.200000762939453,31.200899124145508,0,0.0,0.0,0.0
2024-01-30 13:30:00-05:00,31.260000228881836,31.260000228881836,31.220300674438477,31.220300674438477,2795,0.0,0.0,0.0
2024-01-30 14:30:00-05:00,31.260000228881836,31.260000228881836,31.259899139404297,31.259899139404297,200,0.0,0.0,0.0
2024-01-30 15:30:00-05:00,31.239999771118164,31.239999771118164,31.228099822998047,31.228099822998047,150,0.0,0.0,0.0
2024-01-31 09:30:00-05:00,31.18000030517578,31.18000030517578,31.149999618530273,31.16550064086914,3829,0.0,0.0,0.0
2024-01-31 10:30:00-05:00,31.179500579833984,31.179500579833984,31.179500579833984,31.179500579833984,202,0.0,0.0,0.0
2024-01-31 12:30:00-05:00,31.16010093688965,31.16010093688965,31.16010093688965,31.16010093688965,112,0.0,0.0,0.0
2024-01-31 13:30:00-05:00,31.170000076293945,31.209999084472656,31.170000076293945,31.19540023803711,606,0.0,0.0,0.0
2024-01-31 14:30:00-05:00,31.209999084472656,31.209999084472656,31.189800262451172,31.189800262451172,706,0.0,0.0,0.0
2024-01-31 15:30:00-05:00,31.170000076293945,31.190000534057617,31.170000076293945,31.190000534057617,0,0.0,0.0,0.0
2024-02-01 09:30:00-05:00,31.229999542236328,31.229999542236328,31.229999542236328,31.229999542236328,439,0.0,0.0,0.0
2024-02-01 15:30:00-05:00,31.290000915527344,31.329999923706055,31.290000915527344,31.29949951171875,0,0.0,0.0,0.0
2024-02-02 14:30:00-05:00,31.349899291992188,31.349899291992188,31.31999969482422,31.31999969482422,1890,0.0,0.0,0.0
2024-02-02 15:30:00-05:00,31.34000015258789,31.34000015258789,31.34000015258789,31.34000015258789,202,0.0,0.0,0.0
2024-02-05 09:30:00-05:00,31.252300262451172,31.252300262451172,31.252300262451172,31.252300262451172,0,0.0,0.0,0.0
2024-02-05 10:30:00-05:00,31.270000457763672,31.3799991607666,31.270000457763672,31.3700008392334,1407,0.0,0.0,0.0
2024-02-05 14:30:00-05:00,31.289499282836914,31.289499282836914,31.289499282836914,31.289499282836914,537,0.0,0.0,0.0
2024-02-05 15:30:00-05:00,31.286300659179688,31.295000076293945,31.270000457763672,31.295000076293945,1443,0.0,0.0,0.0
2024-02-06 09:30:00-05:00,31.280000686645508,31.280000686645508,31.267900466918945,31.267900466918945,257,0.0,0.0,0.0
2024-02-06 10:30:00-05:00,31.209999084472656,31.209999084472656,31.209999084472656,31.209999084472656,100,0.0,0.0,0.0
2024-02-06 11:30:00-05:00,31.277599334716797,31.277599334716797,31.274999618530273,31.274999618530273,206,0.0,0.0,0.0
2024-02-06 12:30:00-05:00,31.360000610351562,31.360000610351562,31.360000610351562,31.360000610351562,175,0.0,0.0,0.0
2024-02-06 13:30:00-05:00,31.379899978637695,31.379899978637695,31.379899978637695,31.379899978637695,457,0.0,0.0,0.0
2024-02-06 14:30:00-05:00,31.3799991607666,31.3799991607666,31.329999923706055,31.33009910583496,543,0.0,0.0,0.0
2024-02-06 15:30:00-05:00,31.33099937438965,31.354999542236328,31.329999923706055,31.354999542236328,0,0.0,0.0,0.0
2024-02-07 10:30:00-05:00,31.690000534057617,31.700000762939453,31.690000534057617,31.700000762939453,361,0.0,0.0,0.0
2024-02-07 11:30:00-05:00,31.6200008392334,31.639999389648438,31.59910011291504,31.59910011291504,1616,0.0,0.0,0.0
2024-02-07 14:30:00-05:00,31.56999969482422,31.59000015258789,31.56999969482422,31.59000015258789,0,0.0,0.0,0.0
2024-02-08 09:30:00-05:00,31.829999923706055,31.829999923706055,31.829999923706055,31.829999923706055,246,0.0,0.0,0.0
2024-02-08 10:30:00-05:00,31.68899917602539,31.68899917602539,31.68899917602539,31.68899917602539,169,0.0,0.0,0.0
2024-02-08 11:30:00-05:00,31.729999542236328,31.770000457763672,31.729999542236328,31.770000457763672,1079,0.0,0.0,0.0
2024-02-08 13:30:00-05:00,31.793399810791016,31.829999923706055,31.793399810791016,31.829999923706055,1127,0.0,0.0,0.0
2024-02-08 14:30:00-05:00,31.792299270629883,31.799999237060547,31.792299270629883,31.799999237060547,531,0.0,0.0,0.0
2024-02-08 15:30:00-05:00,31.795000076293945,31.850000381469727,31.795000076293945,31.802799224853516,0,0.0,0.0,0.0
2024-02-09 11:30:00-05:00,31.899999618530273,31.930999755859375,31.899999618530273,31.930999755859375,750,0.0,0.0,0.0
2024-02-09 12:30:00-05:00,31.930999755859375,31.930999755859375,31.90559959411621,31.90559959411621,1161,0.0,0.0,0.0
2024-02-12 09:30:00-05:00,31.93630027770996,31.93630027770996,31.93630027770996,31.93630027770996,272,0.0,0.0,0.0
2024-02-12 15:30:00-05:00,31.790000915527344,31.8799991607666,31.790000915527344,31.8799991607666,1665,0.0,0.0,0.0
2024-02-13 09:30:00-05:00,31.799999237060547,31.799999237060547,31.640100479125977,31.640100479125977,0,0.0,0.0,0.0
2024-02-13 10:30:00-05:00,31.670000076293945,31.670000076293945,31.65999984741211,31.65999984741211,2160,0.0,0.0,0.0
2024-02-13 11:30:00-05:00,31.83989906311035,31.83989906311035,31.83989906311035,31.83989906311035,271,0.0,0.0,0.0
2024-02-13 13:30:00-05:00,31.716699600219727,31.760000228881836,31.716699600219727,31.760000228881836,635,0.0,0.0,0.0
2024-02-13 14:30:00-05:00,31.690000534057617,31.730100631713867,31.690000534057617,31.730100631713867,0,0.0,0.0,0.0
2024-02-14 09:30:00-05:00,31.541000366210938,31.541000366210938,31.540599822998047,31.540599822998047,1208,0.0,0.0,0.0
2024-02-14 10:30:00-05:00,31.559999465942383,31.610000610351562,31.559999465942383,31.591400146484375,1224,0.0,0.0,0.0
2024-02-14 13:30:00-05:00,31.59000015258789,31.59000015258789,31.59000015258789,31.59000015258789,800,0.0,0.0,0.0
2024-02-14 14:30:00-05:00,31.58989906311035,31.58989906311035,31.58989906311035,31.58989906311035,217,0.0,0.0,0.0
2024-02-14 15:30:00-05:00,31.530000686645508,31.530000686645508,31.530000686645508,31.530000686645508,100,0.0,0.0,0.0
2024-02-15 09:30:00-05:00,31.510000228881836,31.560300827026367,31.510000228881836,31.560300827026367,0,0.0,0.0,0.0
2024-02-15 10:30:00-05:00,31.5,31.5,31.5,31.5,693,0.0,0.0,0.0
2024-02-15 11:30:00-05:00,31.489999771118164,31.540000915527344,31.489999771118164,31.489999771118164,828,0.0,0.0,0.0
2024-02-15 13:30:00-05:00,31.420000076293945,31.420000076293945,31.420000076293945,31.420000076293945,672,0.0,0.0,0.0
2024-02-15 14:30:00-05:00,31.424999237060547,31.424999237060547,31.424999237060547,31.424999237060547,328,0.0,0.0,0.0
2024-02-16 10:30:00-05:00,31.390199661254883,31.430400848388672,31.360000610351562,31.360000610351562,400,0.0,0.0,0.0
2024-02-16 11:30:00-05:00,31.289899826049805,31.325000762939453,31.289899826049805,31.325000762939453,981,0.0,0.0,0.0
2024-02-16 12:30:00-05:00,31.31999969482422,31.31999969482422,31.31999969482422,31.31999969482422,383,0.0,0.0,0.0
2024-02-16 15:30:00-05:00,31.25,31.329999923706055,31.25,31.329999923706055,490,0.0,0.0,0.0
2024-02-20 10:30:00-05:00,31.600000381469727,31.600000381469727,31.55500030517578,31.55500030517578,768,0.0,0.0,0.0
2024-02-20 12:30:00-05:00,31.6200008392334,31.729999542236328,31.611000061035156,31.729999542236328,1109,0.0,0.0,0.0
2024-02-20 14:30:00-05:00,31.725000381469727,31.725000381469727,31.715299606323242,31.715299606323242,837,0.0,0.0,0.0
2024-02-20 15:30:00-05:00,31.75,31.75,31.72410011291504,31.72410011291504,1054,0.0,0.0,0.0
2024-02-21 09:30:00-05:00,31.8700008392334,31.8700008392334,31.859899520874023,31.859899520874023,1591,0.0,0.0,0.0
2024-02-21 10:30:00-05:00,31.90999984741211,31.90999984741211,31.90999984741211,31.90999984741211,0,0.0,0.0,0.0
2024-02-22 11:30:00-05:00,31.84000015258789,31.84000015258789,31.84000015258789,31.84000015258789,255,0.0,0.0,0.0
2024-02-22 13:30:00-05:00,31.770000457763672,31.770000457763672,31.770000457763672,31.770000457763672,4911,0.0,0.0,0.0
2024-02-22 14:30:00-05:00,31.801599502563477,31.84000015258789,31.801599502563477,31.80500030517578,0,0.0,0.0,0.0
2024-02-23 09:30:00-05:00,31.817899703979492,31.817899703979492,31.760000228881836,31.760000228881836,660,0.0,0.0,0.0
2024-02-23 11:30:00-05:00,32.0,32.0,32.0,32.0,779,0.0,0.0,0.0
2024-02-23 14:30:00-05:00,31.940000534057617,31.979999542236328,31.940000534057617,31.979999542236328,335,0.0,0.0,0.0
2024-02-26 09:30:00-05:00,32.0,32.0,31.93000030517578,31.94499969482422,1654,0.0,0.0,0.0
2024-02-26 12:30:00-05:00,32.23759841918945,32.25,32.23320007324219,32.23320007324219,914,0.0,0.0,0.0
2024-02-26 13:30:00-05:00,32.220001220703125,32.220001220703125,32.220001220703125,32.220001220703125,200,0.0,0.0,0.0
2024-02-26 14:30:00-05:00,32.23500061035156,32.23500061035156,32.229000091552734,32.229000091552734,1169,0.0,0.0,0.0
2024-02-26 15:30:00-05:00,32.234798431396484,32.279998779296875,32.234798431396484,32.279998779296875,0,0.0,0.0,0.0
2024-02-27 09:30:00-05:00,32.310001373291016,32.43009948730469,32.310001373291016,32.40999984741211,757,0.0,0.0,0.0
2024-02-27 10:30:00-05:00,32.439998626708984,32.439998626708984,32.40999984741211,32.40999984741211,200,0.0,0.0,0.0
2024-02-27 11:30:00-05:00,32.45000076293945,32.45000076293945,32.41999816894531,32.41999816894531,200,0.0,0.0,0.0
2024-02-27 12:30:00-05:00,32.38180160522461,32.38180160522461,32.38180160522461,32.38180160522461,376,0.0,0.0,0.0
2024-02-27 14:30:00-05:00,32.35499954223633,32.35499954223633,32.35499954223633,32.35499954223633,213,0.0,0.0,0.0
2024-02-27 15:30:00-05:00,32.360801696777344,32.360801696777344,32.33000183105469,32.33000183105469,230,0.0,0.0,0.0
2024-02-28 09:30:00-05:00,32.15999984741211,32.15999984741211,32.08000183105469,32.08000183105469,0,0.0,0.0,0.0
2024-02-28 10:30:00-05:00,32.02000045776367,32.02000045776367,32.02000045776367,32.02000045776367,217,0.0,0.0,0.0
2024-02-28 11:30:00-05:00,32.06999969482422,32.06999969482422,32.04999923706055,32.04999923706055,200,0.0,0.0,0.0
2024-02-28 12:30:00-05:00,32.029998779296875,32.029998779296875,32.029998779296875,32.029998779296875,0,0.0,0.0,0.0
2024-02-28 14:30:00-05:00,32.0099983215332,32.0099983215332,31.940000534057617,31.940000534057617,0,0.0,0.0,0.0
2024-02-29 09:30:00-05:00,31.809999465942383,31.84000015258789,31.750099182128906,31.75160026550293,1679,0.0,0.0,0.0
2024-02-29 11:30:00-05:00,31.950000762939453,31.950000762939453,31.950000762939453,31.950000762939453,141,0.0,0.0,0.0
2024-02-29 13:30:00-05:00,31.950199127197266,32.0,31.950199127197266,31.999900817871094,0,0.0,0.0,0.0
2024-02-29 15:30:00-05:00,32.0,32.0,31.973100662231445,31.973100662231445,2540,0.0,0.0,0.0
2024-03-01 10:30:00-05:00,31.829999923706055,31.829999923706055,31.750099182128906,31.750099182128906,50,0.0,0.0,0.0
2024-03-01 11:30:00-05:00,31.959999084472656,31.959999084472656,31.959999084472656,31.959999084472656,102,0.0,0.0,0.0
2024-03-01 12:30:00-05:00,31.920000076293945,31.920000076293945,31.920000076293945,31.920000076293945,141,0.0,0.0,0.0
2024-03-01 13:30:00-05:00,31.930999755859375,32.02000045776367,31.930999755859375,32.02000045776367,0,0.0,0.0,0.0
2024-03-01 14:30:00-05:00,31.9955997467041,32.03990173339844,31.9955997467041,32.03990173339844,1553,0.0,0.0,0.0
2024-03-04 09:30:00-05:00,32.310001373291016,32.439998626708984,32.310001373291016,32.41189956665039,526,0.0,0.0,0.0
2024-03-04 10:30:00-05:00,32.3849983215332,32.3849983215332,32.3849983215332,32.3849983215332,14,0.0,0.0,0.0
2024-03-04 13:30:00-05:00,32.34000015258789,32.34000015258789,32.32099914550781,32.32099914550781,663,0.0,0.0,0.0
2024-03-04 14:30:00-05:00,32.369998931884766,32.380001068115234,32.29999923706055,32.380001068115234,325,0.0,0.0,0.0
2024-03-05 09:30:00-05:00,32.012001037597656,32.040000915527344,32.012001037597656,32.040000915527344,0,0.0,0.0,0.0
2024-03-05 11:30:00-05:00,31.975000381469727,31.975000381469727,31.975000381469727,31.975000381469727,213,0.0,0.0,0.0
2024-03-05 14:30:00-05:00,31.96579933166504,31.96579933166504,31.96579933166504,31.96579933166504,1104,0.0,0.0,0.0
2024-03-05 15:30:00-05:00,31.995399475097656,31.995399475097656,31.995399475097656,31.995399475097656,409,0.0,0.0,0.0
2024-03-06 09:30:00-05:00,32.13999938964844,32.13999938964844,32.13999938964844,32.13999938964844,123,0.0,0.0,0.0
2024-03-06 10:30:00-05:00,32.16999816894531,32.16999816894531,32.16999816894531,32.16999816894531,0,0.0,0.0,0.0
2024-03-06 11:30:00-05:00,32.15999984741211,32.15999984741211,32.15999984741211,32.15999984741211,2757,0.0,0.0,0.0
2024-03-06 15:30:00-05:00,32.18000030517578,32.18000030517578,32.18000030517578,32.18000030517578,208,0.0,0.0,0.0
2024-03-07 09:30:00-05:00,32.290000915527344,32.290000915527344,32.290000915527344,32.290000915527344,201,0.0,0.0,0.0
2024-03-07 14:30:00-05:00,32.40999984741211,32.40999984741211,32.34000015258789,32.34000015258789,0,0.0,0.0,0.0
2024-03-08 10:30:00-05:00,32.08100128173828,32.130001068115234,32.08100128173828,32.11009979248047,500,0.0,0.0,0.0
2024-03-08 11:30:00-05:00,32.220001220703125,32.220001220703125,32.220001220703125,32.220001220703125,410,0.0,0.0,0.0
2024-03-08 14:30:00-05:00,32.349998474121094,32.349998474121094,32.27000045776367,32.27000045776367,1228,0.0,0.0,0.0
2024-03-12 09:30:00-04:00,32.850101470947266,32.8661994934082,32.83000183105469,32.8661994934082,0,0.0,0.0,0.0
2024-03-12 12:30:00-04:00,33.130001068115234,33.1349983215332,33.130001068115234,33.1349983215332,0,0.0,0.0,0.0
2024-03-13 09:30:00-04:00,33.029998779296875,33.029998779296875,33.02000045776367,33.02000045776367,632,0.0,0.0,0.0
2024-03-13 10:30:00-04:00,32.94499969482422,33.0,32.94499969482422,33.0,2680,0.0,0.0,0.0
2024-03-13 14:30:00-04:00,33.099998474121094,33.099998474121094,33.060001373291016,33.060001373291016,0,0.0,0.0,0.0
2024-03-14 09:30:00-04:00,33.36000061035156,33.5099983215332,33.349998474121094,33.5,9763,0.0,0.0,0.0
2024-03-14 12:30:00-04:00,33.22740173339844,33.22740173339844,33.22740173339844,33.22740173339844,560,0.0,0.0,0.0
2024-03-14 14:30:00-04:00,33.34809875488281,33.34809875488281,33.279998779296875,33.33000183105469,1119,0.0,0.0,0.0
2024-03-15 09:30:00-04:00,33.5099983215332,33.58000183105469,33.5099983215332,33.5099983215332,13724,0.0,0.0,0.0
2024-03-15 10:30:00-04:00,33.61000061035156,33.61000061035156,33.61000061035156,33.61000061035156,209,0.0,0.0,0.0
2024-03-15 12:30:00-04:00,33.88999938964844,33.88999938964844,33.88999938964844,33.88999938964844,150,0.0,0.0,0.0
2024-03-15 13:30:00-04:00,33.95719909667969,33.95719909667969,33.95719909667969,33.95719909667969,844,0.0,0.0,0.0
2024-03-15 15:30:00-04:00,33.8916015625,33.8916015625,33.8916015625,33.8916015625,935,0.0,0.0,0.0
2024-03-18 09:30:00-04:00,33.93000030517578,33.93000030517578,33.72200012207031,33.72200012207031,0,0.0,0.0,0.0
2024-03-18 11:30:00-04:00,33.900001525878906,33.90999984741211,33.900001525878906,33.90999984741211,3454,0.0,0.0,0.0
2024-03-18 12:30:00-04:00,33.994998931884766,34.150001525878906,33.970001220703125,34.150001525878906,13603,0.0,0.0,0.0
2024-03-18 13:30:00-04:00,34.11000061035156,34.11000061035156,34.11000061035156,34.11000061035156,1745,0.0,0.0,0.0
2024-03-18 15:30:00-04:00,34.22999954223633,34.22999954223633,34.22999954223633,34.22999954223633,400,0.0,0.0,0.0
2024-03-19 11:30:00-04:00,33.875,33.875,33.875,33.875,266,0.0,0.0,0.0
2024-03-19 13:30:00-04:00,34.0099983215332,34.0099983215332,34.0099983215332,34.0099983215332,503,0.0,0.0,0.0
2024-03-19 14:30:00-04:00,33.9827995300293,33.9827995300293,33.9827995300293,33.9827995300293,118,0.0,0.0,0.0
2024-03-20 11:30:00-04:00,33.790000915527344,34.0,33.790000915527344,34.0,1759,0.0,0.0,0.0
2024-03-20 12:30:00-04:00,34.13999938964844,34.298500061035156,34.13999938964844,34.298500061035156,1185,0.0,0.0,0.0
2024-03-20 15:30:00-04:00,34.27009963989258,34.27009963989258,34.27009963989258,34.27009963989258,295,0.0,0.0,0.0
2024-03-21 09:30:00-04:00,34.22999954223633,34.22999954223633,34.189701080322266,34.189701080322266,1580,0.0,0.0,0.0
2024-03-21 12:30:00-04:00,34.45000076293945,34.45000076293945,34.45000076293945,34.45000076293945,771,0.0,0.0,0.0
2024-03-21 13:30:00-04:00,34.38999938964844,34.44499969482422,34.38999938964844,34.38999938964844,845,0.0,0.0,0.0
2024-03-21 14:30:00-04:00,34.38999938964844,34.38999938964844,34.38999938964844,34.38999938964844,346,0.0,0.0,0.0
2024-03-21 15:30:00-04:00,34.38999938964844,34.39039993286133,34.38999938964844,34.38999938964844,1239,0.0,0.0,0.0
2024-03-22 09:30:00-04:00,34.599998474121094,34.63990020751953,34.560001373291016,34.560001373291016,2150,0.0,0.0,0.0
2024-03-25 09:30:00-04:00,35.18000030517578,35.18000030517578,35.08000183105469,35.15999984741211,1823,0.0,0.0,0.0
2024-03-25 11:30:00-04:00,35.29999923706055,35.45500183105469,35.29999923706055,35.44499969482422,1080,0.0,0.0,0.0
2024-03-25 12:30:00-04:00,35.43000030517578,35.43000030517578,35.43000030517578,35.43000030517578,943,0.0,0.0,0.0
2024-03-25 13:30:00-04:00,35.54990005493164,35.54990005493164,35.54990005493164,35.54990005493164,621,0.0,0.0,0.0
2024-03-26 09:30:00-04:00,35.709999084472656,35.709999084472656,35.70000076293945,35.709999084472656,2702,0.0,0.0,0.0
2024-03-26 10:30:00-04:00,35.66999816894531,35.7400016784668,35.64350128173828,35.7400016784668,1185,0.0,0.0,0.0
2024-03-26 11:30:00-04:00,35.459999084472656,35.494998931884766,35.459999084472656,35.494998931884766,1521,0.0,0.0,0.0
2024-03-26 12:30:00-04:00,35.4900016784668,35.4900016784668,35.4900016784668,35.4900016784668,294,0.0,0.0,0.0
2024-03-26 13:30:00-04:00,35.44990158081055,35.44990158081055,35.372798919677734,35.372798919677734,1280,0.0,0.0,0.0
2024-03-26 15:30:00-04:00,35.40999984741211,35.40999984741211,35.40999984741211,35.40999984741211,200,0.0,0.0,0.0
2024-03-27 09:30:00-04:00,35.25,35.25,35.21670150756836,35.21670150756836,1884,0.0,0.0,0.0
2024-03-27 14:30:00-04:00,35.65999984741211,35.65999984741211,35.540000915527344,35.540000915527344,571,0.0,0.0,0.0
2024-03-27 15:30:00-04:00,35.6150016784668,35.6150016784668,35.6150016784668,35.6150016784668,143,0.0,0.0,0.0
2024-03-28 09:30:00-04:00,35.470001220703125,35.470001220703125,35.470001220703125,35.470001220703125,103,0.0,0.0,0.0
2024-03-28 10:30:00-04:00,35.40999984741211,35.40999984741211,35.40999984741211,35.40999984741211,125,0.0,0.0,0.0
2024-03-28 11:30:00-04:00,35.5,35.749000549316406,35.5,35.709999084472656,789,0.0,0.0,0.0
2024-03-28 12:30:00-04:00,35.68000030517578,35.68000030517578,35.68000030517578,35.68000030517578,139,0.0,0.0,0.0
2024-03-28 13:30:00-04:00,35.61000061035156,35.7047004699707,35.61000061035156,35.7047004699707,2119,0.0,0.0,0.0
2024-03-28 14:30:00-04:00,35.7400016784668,35.7400016784668,35.7400016784668,35.7400016784668,529,0.0,0.0,0.0
2024-04-01 09:30:00-04:00,35.900001525878906,36.09000015258789,35.900001525878906,36.006099700927734,0,0.0,0.0,0.0
2024-04-01 10:30:00-04:00,35.97010040283203,36.06999969482422,35.97010040283203,36.006500244140625,3537,0.0,0.0,0.0
2024-04-01 12:30:00-04:00,36.154998779296875,36.154998779296875,36.154998779296875,36.154998779296875,334,0.0,0.0,0.0
2024-04-01 13:30:00-04:00,36.24879837036133,36.24879837036133,36.24879837036133,36.24879837036133,1704,0.0,0.0,0.0
2024-04-01 15:30:00-04:00,36.16999816894531,36.20000076293945,36.16999816894531,36.20000076293945,18045,0.0,0.0,0.0
2024-04-02 11:30:00-04:00,35.81999969482422,35.81999969482422,35.779998779296875,35.779998779296875,253,0.0,0.0,0.0
2024-04-02 12:30:00-04:00,35.74869918823242,35.74869918823242,35.71500015258789,35.71500015258789,2737,0.0,0.0,0.0
2024-04-02 13:30:00-04:00,35.650001525878906,35.70000076293945,35.650001525878906,35.70000076293945,850,0.0,0.0,0.0
2024-04-02 14:30:00-04:00,35.7599983215332,35.7599983215332,35.66999816894531,35.66999816894531,28754,0.0,0.0,0.0
2024-04-02 15:30:00-04:00,35.760501861572266,35.760501861572266,35.760501861572266,35.760501861572266,3527,0.0,0.0,0.0
2024-04-03 09:30:00-04:00,35.52000045776367,35.52000045776367,35.459999084472656,35.52000045776367,4347,0.0,0.0,0.0
2024-04-03 10:30:00-04:00,35.689998626708984,35.689998626708984,35.689998626708984,35.689998626708984,267,0.0,0.0,0.0
2024-04-03 11:30:00-04:00,35.5099983215332,35.56999969482422,35.49549865722656,35.56999969482422,1360,0.0,0.0,0.0
2024-04-03 12:30:00-04:00,35.517398834228516,35.619998931884766,35.517398834228516,35.600799560546875,1128,0.0,0.0,0.0
2024-04-03 13:30:00-04:00,35.630001068115234,35.630001068115234,35.5099983215332,35.52000045776367,893,0.0,0.0,0.0
2024-04-03 14:30:00-04:00,35.52000045776367,35.619998931884766,35.52000045776367,35.619998931884766,774,0.0,0.0,0.0
2024-04-03 15:30:00-04:00,35.61000061035156,35.619998931884766,35.58000183105469,35.619998931884766,4569,0.0,0.0,0.0
2024-04-04 09:30:00-04:00,35.47169876098633,35.59000015258789,35.47169876098633,35.59000015258789,1088,0.0,0.0,0.0
2024-04-04 10:30:00-04:00,35.599998474121094,35.599998474121094,35.599998474121094,35.599998474121094,1455,0.0,0.0,0.0
2024-04-04 11:30:00-04:00,35.65999984741211,35.77000045776367,35.65999984741211,35.77000045776367,925,0.0,0.0,0.0
2024-04-04 13:30:00-04:00,35.80870056152344,35.80870056152344,35.80870056152344,35.80870056152344,309,0.0,0.0,0.0
2024-04-04 15:30:00-04:00,35.720001220703125,35.799400329589844,35.720001220703125,35.799400329589844,1882,0.0,0.0,0.0
2024-04-05 09:30:00-04:00,35.849998474121094,35.849998474121094,35.819000244140625,35.819000244140625,1838,0.0,0.0,0.0
2024-04-05 10:30:00-04:00,35.86000061035156,35.95000076293945,35.86000061035156,35.95000076293945,2771,0.0,0.0,0.0
2024-04-05 11:30:00-04:00,35.95009994506836,36.04999923706055,35.95009994506836,36.04999923706055,928,0.0,0.0,0.0
2024-04-05 14:30:00-04:00,36.1442985534668,36.14500045776367,36.1442985534668,36.14500045776367,934,0.0,0.0,0.0
2024-04-05 15:30:00-04:00,36.176998138427734,36.176998138427734,36.176998138427734,36.176998138427734,235,0.0,0.0,0.0
2024-04-08 09:30:00-04:00,36.47999954223633,36.47999954223633,36.29999923706055,36.37860107421875,2812,0.0,0.0,0.0
2024-04-08 10:30:00-04:00,36.42900085449219,36.42900085449219,36.2599983215332,36.2599983215332,708,0.0,0.0,0.0
2024-04-08 11:30:00-04:00,36.08000183105469,36.08000183105469,35.8921012878418,35.8921012878418,1033,0.0,0.0,0.0
2024-04-08 12:30:00-04:00,36.0,36.0,35.93000030517578,35.95000076293945,1557,0.0,0.0,0.0
2024-04-08 13:30:00-04:00,35.95000076293945,35.95000076293945,35.935001373291016,35.935001373291016,1417,0.0,0.0,0.0
2024-04-08 14:30:00-04:00,35.90999984741211,35.90999984741211,35.90999984741211,35.90999984741211,344,0.0,0.0,0.0
2024-04-08 15:30:00-04:00,35.915000915527344,35.93880081176758,35.86000061035156,35.93880081176758,7035,0.0,0.0,0.0
2024-04-09 09:30:00-04:00,36.099998474121094,36.290000915527344,36.099998474121094,36.21500015258789,3109,0.0,0.0,0.0
2024-04-09 10:30:00-04:00,36.220001220703125,36.220001220703125,36.099998474121094,36.099998474121094,2797,0.0,0.0,0.0
2024-04-09 11:30:00-04:00,36.224998474121094,36.23500061035156,36.224998474121094,36.22999954223633,1198,0.0,0.0,0.0
2024-04-09 14:30:00-04:00,36.18989944458008,36.18989944458008,36.099998474121094,36.099998474121094,4482,0.0,0.0,0.0
2024-04-09 15:30:00-04:00,36.18000030517578,36.18000030517578,36.18000030517578,36.18000030517578,0,0.0,0.0,0.0
2024-04-10 09:30:00-04:00,36.220001220703125,36.25,36.220001220703125,36.2400016784668,1031,0.0,0.0,0.0
2024-04-10 10:30:00-04:00,36.255001068115234,36.4900016784668,36.240699768066406,36.36000061035156,3766,0.0,0.0,0.0
2024-04-10 11:30:00-04:00,36.369998931884766,36.56999969482422,36.36000061035156,36.54999923706055,6678,0.0,0.0,0.0
2024-04-10 12:30:00-04:00,36.56999969482422,36.56999969482422,36.345001220703125,36.400001525878906,6787,0.0,0.0,0.0
2024-04-10 13:30:00-04:00,36.375,36.45000076293945,36.18000030517578,36.18000030517578,1831,0.0,0.0,0.0
2024-04-10 14:30:00-04:00,36.414798736572266,36.414798736572266,36.414798736572266,36.414798736572266,248,0.0,0.0,0.0
2024-04-10 15:30:00-04:00,36.45000076293945,36.47999954223633,36.41999816894531,36.41999816894531,2038,0.0,0.0,0.0
2024-04-11 09:30:00-04:00,36.4900016784668,36.56010055541992,36.400001525878906,36.529998779296875,16623,0.0,0.0,0.0
2024-04-11 10:30:00-04:00,36.400001525878906,36.46799850463867,36.400001525878906,36.46799850463867,402,0.0,0.0,0.0
2024-04-11 11:30:00-04:00,36.45000076293945,36.45000076293945,36.45000076293945,36.45000076293945,307,0.0,0.0,0.0
2024-04-11 12:30:00-04:00,36.400001525878906,36.41999816894531,36.38999938964844,36.41899871826172,870,0.0,0.0,0.0
2024-04-12 09:30:00-04:00,36.899898529052734,36.944000244140625,36.899898529052734,36.944000244140625,3487,0.0,0.0,0.0
2024-04-12 10:30:00-04:00,37.02000045776367,37.02000045776367,36.869998931884766,36.869998931884766,1135,0.0,0.0,0.0
2024-04-12 11:30:00-04:00,36.769798278808594,36.86000061035156,36.769798278808594,36.86000061035156,897,0.0,0.0,0.0
2024-04-12 12:30:00-04:00,36.77000045776367,36.77000045776367,36.560001373291016,36.650001525878906,2669,0.0,0.0,0.0
2024-04-12 14:30:00-04:00,36.60060119628906,36.63119888305664,36.60060119628906,36.63119888305664,998,0.0,0.0,0.0
2024-04-15 09:30:00-04:00,37.099998474121094,37.150001525878906,37.09000015258789,37.09000015258789,2029,0.0,0.0,0.0
2024-04-15 10:30:00-04:00,37.060001373291016,37.09000015258789,37.04499816894531,37.08000183105469,4440,0.0,0.0,0.0
2024-04-15 11:30:00-04:00,37.04610061645508,37.119998931884766,37.04610061645508,37.11989974975586,3220,0.0,0.0,0.0
2024-04-15 14:30:00-04:00,37.0,37.0,37.0,37.0,234,0.0,0.0,0.0
2024-04-15 15:30:00-04:00,37.04499816894531,37.04499816894531,37.04499816894531,37.04499816894531,365,0.0,0.0,0.0
2024-04-16 09:30:00-04:00,36.790000915527344,36.790000915527344,36.59000015258789,36.59000015258789,744,0.0,0.0,0.0
2024-04-16 10:30:00-04:00,36.58000183105469,36.58000183105469,36.451499938964844,36.4922981262207,1144,0.0,0.0,0.0
2024-04-16 11:30:00-04:00,36.250099182128906,36.250099182128906,36.21099853515625,36.2400016784668,1720,0.0,0.0,0.0
2024-04-16 12:30:00-04:00,36.1510009765625,36.1510009765625,36.11389923095703,36.11389923095703,995,0.0,0.0,0.0
2024-04-16 13:30:00-04:00,36.150001525878906,36.150001525878906,36.150001525878906,36.150001525878906,4690,0.0,0.0,0.0
2024-04-16 14:30:00-04:00,36.18000030517578,36.20000076293945,36.18000030517578,36.20000076293945,984,0.0,0.0,0.0
2024-04-16 15:30:00-04:00,36.10200119018555,36.11000061035156,36.10200119018555,36.11000061035156,561,0.0,0.0,0.0
2024-04-17 09:30:00-04:00,36.6609992980957,36.679901123046875,36.6599006652832,36.679901123046875,1459,0.0,0.0,0.0
2024-04-17 10:30:00-04:00,36.692501068115234,36.79990005493164,36.692501068115234,36.79990005493164,978,0.0,0.0,0.0
2024-04-17 11:30:00-04:00,36.70009994506836,36.70009994506836,36.63119888305664,36.63999938964844,884,0.0,0.0,0.0
2024-04-17 12:30:00-04:00,36.61000061035156,36.6974983215332,36.61000061035156,36.6974983215332,1337,0.0,0.0,0.0
2024-04-17 13:30:00-04:00,36.62179946899414,36.62179946899414,36.62179946899414,36.62179946899414,178,0.0,0.0,0.0
2024-04-18 09:30:00-04:00,37.25,37.25,37.11000061035156,37.11899948120117,2471,0.0,0.0,0.0
2024-04-18 10:30:00-04:00,37.07809829711914,37.21900177001953,37.07809829711914,37.217201232910156,3013,0.0,0.0,0.0
2024-04-18 11:30:00-04:00,37.369998931884766,37.43000030517578,37.369998931884766,37.375,2129,0.0,0.0,0.0
2024-04-18 14:30:00-04:00,37.40700149536133,37.40700149536133,37.40700149536133,37.40700149536133,518,0.0,0.0,0.0
2024-04-18 15:30:00-04:00,37.3650016784668,37.43000030517578,37.3650016784668,37.43000030517578,2319,0.0,0.0,0.0
2024-04-19 09:30:00-04:00,37.310001373291016,37.665000915527344,37.310001373291016,37.59000015258789,2321,0.0,0.0,0.0
2024-04-19 10:30:00-04:00,38.04499816894531,38.11000061035156,37.935001373291016,38.019100189208984,6198,0.0,0.0,0.0
2024-04-19 11:30:00-04:00,37.900001525878906,38.008399963378906,37.900001525878906,37.91239929199219,1163,0.0,0.0,0.0
2024-04-19 12:30:00-04:00,38.118499755859375,38.118499755859375,38.118499755859375,38.118499755859375,665,0.0,0.0,0.0
2024-04-19 13:30:00-04:00,38.224998474121094,38.224998474121094,38.224998474121094,38.224998474121094,197,0.0,0.0,0.0
2024-04-19 14:30:00-04:00,38.22010040283203,38.27000045776367,38.220001220703125,38.27000045776367,1470,0.0,0.0,0.0
2024-04-19 15:30:00-04:00,38.27000045776367,38.27000045776367,38.230098724365234,38.25149917602539,4356,0.0,0.0,0.0
2024-04-22 09:30:00-04:00,37.849998474121094,38.04999923706055,37.849998474121094,38.04999923706055,4706,0.0,0.0,0.0
2024-04-22 10:30:00-04:00,38.2599983215332,38.2599983215332,38.189998626708984,38.189998626708984,1055,0.0,0.0,0.0
2024-04-22 11:30:00-04:00,38.099998474121094,38.099998474121094,37.810001373291016,37.81999969482422,7574,0.0,0.0,0.0
2024-04-22 12:30:00-04:00,37.77980041503906,37.79999923706055,37.77980041503906,37.79999923706055,533,0.0,0.0,0.0
2024-04-22 13:30:00-04:00,37.83000183105469,37.86989974975586,37.79999923706055,37.84000015258789,1978,0.0,0.0,0.0
2024-04-22 14:30:00-04:00,37.84000015258789,37.84000015258789,37.83000183105469,37.83000183105469,1733,0.0,0.0,0.0
2024-04-22 15:30:00-04:00,37.814998626708984,37.814998626708984,37.814998626708984,37.814998626708984,457,0.0,0.0,0.0
2024-04-23 09:30:00-04:00,36.9900016784668,37.2400016784668,36.900001525878906,37.16999816894531,73729,0.0,0.0,0.0
2024-04-23 10:30:00-04:00,37.19139862060547,37.26499938964844,37.19139862060547,37.26499938964844,401,0.0,0.0,0.0
2024-04-23 11:30:00-04:00,37.279998779296875,37.310001373291016,37.21500015258789,37.22380065917969,2463,0.0,0.0,0.0
2024-04-23 12:30:00-04:00,37.31489944458008,37.349998474121094,37.31489944458008,37.349998474121094,3021,0.0,0.0,0.0
2024-04-23 15:30:00-04:00,37.48970031738281,37.540000915527344,37.48780059814453,37.48780059814453,5409,0.0,0.0,0.0
2024-04-24 09:30:00-04:00,37.65999984741211,37.65999984741211,37.60499954223633,37.60499954223633,1834,0.0,0.0,0.0
2024-04-24 10:30:00-04:00,37.7151985168457,37.89789962768555,37.7151985168457,37.89789962768555,2198,0.0,0.0,0.0
2024-04-24 11:30:00-04:00,38.029998779296875,38.029998779296875,38.029998779296875,38.029998779296875,1092,0.0,0.0,0.0
2024-04-24 12:30:00-04:00,38.275001525878906,38.29999923706055,38.275001525878906,38.29999923706055,239,0.0,0.0,0.0
2024-04-24 13:30:00-04:00,38.400001525878906,38.400001525878906,38.400001525878906,38.400001525878906,360,0.0,0.0,0.0
2024-04-24 14:30:00-04:00,38.4099006652832,38.4099006652832,38.4099006652832,38.4099006652832,585,0.0,0.0,0.0
2024-04-24 15:30:00-04:00,38.38999938964844,38.38999938964844,38.38999938964844,38.38999938964844,1239,0.0,0.0,0.0
2024-04-25 09:30:00-04:00,38.18000030517578,38.220001220703125,38.10499954223633,38.220001220703125,2405,0.0,0.0,0.0
2024-04-25 10:30:00-04:00,38.23970031738281,38.29999923706055,38.150001525878906,38.150001525878906,1078,0.0,0.0,0.0
2024-04-25 11:30:00-04:00,38.040000915527344,38.040000915527344,37.47890090942383,37.689998626708984,2146,0.0,0.0,0.0
2024-04-25 12:30:00-04:00,37.720001220703125,37.77000045776367,37.69499969482422,37.77000045776367,754,0.0,0.0,0.0
2024-04-25 13:30:00-04:00,37.779998779296875,37.79499816894531,37.72200012207031,37.79499816894531,766,0.0,0.0,0.0
2024-04-25 14:30:00-04:00,37.779998779296875,37.83000183105469,37.779998779296875,37.83000183105469,856,0.0,0.0,0.0
2024-04-25 15:30:00-04:00,37.83000183105469,37.83000183105469,37.83000183105469,37.83000183105469,1407,0.0,0.0,0.0
2024-04-26 09:30:00-04:00,37.82229995727539,38.0,37.77000045776367,37.77000045776367,2031,0.0,0.0,0.0
2024-04-26 10:30:00-04:00,37.76499938964844,37.76499938964844,37.698299407958984,37.698299407958984,3361,0.0,0.0,0.0
2024-04-26 13:30:00-04:00,37.69219970703125,37.70000076293945,37.6349983215332,37.70000076293945,8018,0.0,0.0,0.0
2024-04-26 15:30:00-04:00,37.66999816894531,37.68000030517578,37.66999816894531,37.68000030517578,305,0.0,0.0,0.0
2024-04-29 09:30:00-04:00,37.0099983215332,37.0099983215332,36.755001068115234,36.83000183105469,5893,0.0,0.0,0.0
2024-04-29 10:30:00-04:00,36.69649887084961,36.69649887084961,36.33000183105469,36.33000183105469,6494,0.0,0.0,0.0
2024-04-29 11:30:00-04:00,36.02050018310547,36.150001525878906,35.900001525878906,36.13999938964844,976,0.0,0.0,0.0
2024-04-29 12:30:00-04:00,36.02000045776367,36.208099365234375,36.010101318359375,36.208099365234375,51235,0.0,0.0,0.0
2024-04-29 13:30:00-04:00,36.18009948730469,36.279998779296875,36.18009948730469,36.27000045776367,667,0.0,0.0,0.0
2024-04-29 15:30:00-04:00,36.23500061035156,36.23500061035156,36.23500061035156,36.23500061035156,124,0.0,0.0,0.0
2024-04-30 09:30:00-04:00,35.90999984741211,35.90999984741211,35.691001892089844,35.744998931884766,3294,0.0,0.0,0.0
2024-04-30 10:30:00-04:00,35.779998779296875,35.90999984741211,35.77000045776367,35.90999984741211,2956,0.0,0.0,0.0
2024-04-30 11:30:00-04:00,36.029998779296875,36.029998779296875,35.70000076293945,35.70000076293945,1625,0.0,0.0,0.0
2024-04-30 12:30:00-04:00,35.68259811401367,35.68259811401367,35.630001068115234,35.630001068115234,1083,0.0,0.0,0.0
2024-04-30 14:30:00-04:00,35.70000076293945,35.70000076293945,35.70000076293945,35.70000076293945,424,0.0,0.0,0.0
2024-05-01 09:30:00-04:00,35.12220001220703,35.12220001220703,34.93009948730469,34.960601806640625,3312,0.0,0.0,0.0
2024-05-01 10:30:00-04:00,34.92169952392578,34.9900016784668,34.8849983215332,34.9900016784668,7426,0.0,0.0,0.0
2024-05-01 11:30:00-04:00,35.040000915527344,35.040000915527344,34.83000183105469,34.90999984741211,4087,0.0,0.0,0.0
2024-05-01 12:30:00-04:00,34.75,34.75,34.75,34.75,905,0.0,0.0,0.0
2024-05-01 13:30:00-04:00,34.415000915527344,34.494998931884766,34.400001525878906,34.4827995300293,2435,0.0,0.0,0.0
2024-05-01 14:30:00-04:00,34.540000915527344,34.540000915527344,34.470001220703125,34.470001220703125,11679,0.0,0.0,0.0
2024-05-01 15:30:00-04:00,34.494998931884766,34.52000045776367,34.41999816894531,34.44990158081055,13316,0.0,0.0,0.0
2024-05-02 09:30:00-04:00,34.560001373291016,34.560001373291016,34.5099983215332,34.5099983215332,846,0.0,0.0,0.0
2024-05-02 10:30:00-04:00,34.53499984741211,34.53499984741211,34.53499984741211,34.53499984741211,532,0.0,0.0,0.0
2024-05-02 12:30:00-04:00,33.77000045776367,33.970001220703125,33.77000045776367,33.970001220703125,1468,0.0,0.0,0.0
2024-05-02 14:30:00-04:00,33.89500045776367,33.89500045776367,33.880001068115234,33.880001068115234,1014,0.0,0.0,0.0
2024-05-02 15:30:00-04:00,33.87099838256836,33.93000030517578,33.87099838256836,33.93000030517578,2281,0.0,0.0,0.0
2024-05-03 09:30:00-04:00,34.36000061035156,34.36000061035156,34.36000061035156,34.36000061035156,921,0.0,0.0,0.0
2024-05-03 10:30:00-04:00,34.380001068115234,34.599998474121094,34.33000183105469,34.599998474121094,2602,0.0,0.0,0.0
2024-05-03 11:30:00-04:00,34.67499923706055,34.75,34.67499923706055,34.68000030517578,10445,0.0,0.0,0.0
2024-05-03 12:30:00-04:00,34.625,34.625,34.625,34.625,502,0.0,0.0,0.0
2024-05-03 13:30:00-04:00,34.60639953613281,34.60639953613281,34.60639953613281,34.60639953613281,98,0.0,0.0,0.0
2024-05-03 14:30:00-04:00,34.650001525878906,34.650001525878906,34.64500045776367,34.64500045776367,821,0.0,0.0,0.0
2024-05-03 15:30:00-04:00,34.650001525878906,34.669898986816406,34.62009811401367,34.650001525878906,4309,0.0,0.0,0.0
2024-05-06 09:30:00-04:00,34.25,34.65999984741211,34.25,34.310001373291016,12756,0.0,0.0,0.0
2024-05-06 11:30:00-04:00,34.279998779296875,34.36000061035156,34.279998779296875,34.36000061035156,2489,0.0,0.0,0.0
2024-05-06 13:30:00-04:00,34.28120040893555,34.28120040893555,34.28120040893555,34.28120040893555,4376,0.0,0.0,0.0
2024-05-06 14:30:00-04:00,34.279998779296875,34.400001525878906,34.279998779296875,34.33000183105469,2740,0.0,0.0,0.0
2024-05-06 15:30:00-04:00,34.33000183105469,34.33000183105469,34.31999969482422,34.33000183105469,444,0.0,0.0,0.0
2024-05-07 09:30:00-04:00,34.97999954223633,35.22999954223633,34.97999954223633,35.22999954223633,2568,0.0,0.0,0.0
2024-05-07 10:30:00-04:00,35.349998474121094,35.54999923706055,35.34000015258789,35.54999923706055,2575,0.0,0.0,0.0
2024-05-07 11:30:00-04:00,35.5099983215332,35.5099983215332,35.470001220703125,35.470001220703125,873,0.0,0.0,0.0
2024-05-07 12:30:00-04:00,35.415000915527344,35.42499923706055,35.415000915527344,35.42499923706055,349,0.0,0.0,0.0
2024-05-07 13:30:00-04:00,35.435001373291016,35.435001373291016,35.43000030517578,35.43000030517578,831,0.0,0.0,0.0
2024-05-07 14:30:00-04:00,35.435001373291016,35.47999954223633,35.435001373291016,35.44499969482422,6294,0.0,0.0,0.0
2024-05-07 15:30:00-04:00,35.44499969482422,35.47999954223633,35.380001068115234,35.380001068115234,7213,0.0,0.0,0.0
2024-05-08 09:30:00-04:00,35.34000015258789,35.439998626708984,35.34000015258789,35.40999984741211,6543,0.0,0.0,0.0
2024-05-08 10:30:00-04:00,35.36009979248047,35.40999984741211,35.349998474121094,35.40999984741211,4663,0.0,0.0,0.0
2024-05-08 14:30:00-04:00,35.36000061035156,35.36000061035156,35.25,35.25,1813,0.0,0.0,0.0
2024-05-08 15:30:00-04:00,35.31999969482422,35.31999969482422,35.31999969482422,35.31999969482422,255,0.0,0.0,0.0
2024-05-09 09:30:00-04:00,35.34000015258789,35.42499923706055,35.220001220703125,35.220001220703125,2162,0.0,0.0,0.0
2024-05-09 11:30:00-04:00,35.2599983215332,35.2599983215332,35.2599983215332,35.2599983215332,737,0.0,0.0,0.0
2024-05-09 14:30:00-04:00,35.29610061645508,35.29610061645508,35.22100067138672,35.2599983215332,6404,0.0,0.0,0.0
2024-05-09 15:30:00-04:00,35.290000915527344,35.33000183105469,35.290000915527344,35.290000915527344,2195,0.0,0.0,0.0
2024-05-10 09:30:00-04:00,35.35499954223633,35.400001525878906,35.35499954223633,35.400001525878906,2113,0.0,0.0,0.0
2024-05-10 12:30:00-04:00,35.53129959106445,35.53129959106445,35.53129959106445,35.53129959106445,127,0.0,0.0,0.0
2024-05-10 13:30:00-04:00,35.601200103759766,35.601200103759766,35.601200103759766,35.601200103759766,280,0.0,0.0,0.0
2024-05-10 14:30:00-04:00,35.58000183105469,35.58000183105469,35.54999923706055,35.58000183105469,1773,0.0,0.0,0.0
2024-05-13 09:30:00-04:00,35.15999984741211,35.29999923706055,35.09000015258789,35.09000015258789,2369,0.0,0.0,0.0
2024-05-13 10:30:00-04:00,34.86000061035156,34.86000061035156,34.22999954223633,34.22999954223633,1109,0.0,0.0,0.0
2024-05-13 11:30:00-04:00,34.02000045776367,34.02000045776367,33.9900016784668,33.9900016784668,913,0.0,0.0,0.0
2024-05-13 12:30:00-04:00,33.969200134277344,33.969200134277344,33.810001373291016,33.84280014038086,6686,0.0,0.0,0.0
2024-05-13 13:30:00-04:00,33.89759826660156,33.89759826660156,33.89759826660156,33.89759826660156,665,0.0,0.0,0.0
2024-05-13 14:30:00-04:00,33.970001220703125,33.970001220703125,33.970001220703125,33.970001220703125,1212,0.0,0.0,0.0
2024-05-13 15:30:00-04:00,33.84000015258789,33.84000015258789,33.83000183105469,33.83000183105469,4901,0.0,0.0,0.0
2024-05-14 09:30:00-04:00,34.630001068115234,34.6349983215332,34.630001068115234,34.6349983215332,903,0.0,0.0,0.0
2024-05-14 10:30:00-04:00,34.18000030517578,34.18000030517578,34.04999923706055,34.04999923706055,1553,0.0,0.0,0.0
2024-05-14 11:30:00-04:00,34.151100158691406,34.151100158691406,34.151100158691406,34.151100158691406,362,0.0,0.0,0.0
2024-05-14 12:30:00-04:00,34.28990173339844,34.28990173339844,34.28990173339844,34.28990173339844,413,0.0,0.0,0.0
2024-05-14 14:30:00-04:00,34.22999954223633,34.22999954223633,34.22999954223633,34.22999954223633,615,0.0,0.0,0.0
2024-05-14 15:30:00-04:00,34.29990005493164,34.29990005493164,34.29990005493164,34.29990005493164,200,0.0,0.0,0.0
2024-05-15 09:30:00-04:00,34.33000183105469,34.5099983215332,34.33000183105469,34.5098991394043,3796,0.0,0.0,0.0
2024-05-15 11:30:00-04:00,34.54999923706055,34.54999923706055,34.54999923706055,34.54999923706055,17875,0.0,0.0,0.0
2024-05-15 12:30:00-04:00,34.4900016784668,34.5099983215332,34.4900016784668,34.5099983215332,801,0.0,0.0,0.0
2024-05-15 13:30:00-04:00,34.47999954223633,34.47999954223633,34.47999954223633,34.47999954223633,1103,0.0,0.0,0.0
2024-05-15 14:30:00-04:00,34.46860122680664,34.519901275634766,34.459999084472656,34.519901275634766,2300,0.0,0.0,0.0
2024-05-15 15:30:00-04:00,34.474998474121094,34.474998474121094,34.4640998840332,34.4640998840332,685,0.0,0.0,0.0
2024-05-16 09:30:00-04:00,34.31999969482422,34.31999969482422,33.91999816894531,34.16999816894531,2065,0.0,0.0,0.0
2024-05-16 10:30:00-04:00,34.0,34.119998931884766,34.0,34.029998779296875,7993,0.0,0.0,0.0
2024-05-16 11:30:00-04:00,34.029998779296875,34.060001373291016,33.9900016784668,34.060001373291016,1795,0.0,0.0,0.0
2024-05-16 12:30:00-04:00,33.9900016784668,33.9900016784668,33.9900016784668,33.9900016784668,215,0.0,0.0,0.0
2024-05-16 13:30:00-04:00,33.939998626708984,33.959999084472656,33.91999816894531,33.956199645996094,1922,0.0,0.0,0.0
2024-05-16 14:30:00-04:00,33.964298248291016,34.028900146484375,33.964298248291016,34.028900146484375,4555,0.0,0.0,0.0
2024-05-17 09:30:00-04:00,34.13999938964844,34.13999938964844,33.9900016784668,33.9900016784668,5099,0.0,0.0,0.0
2024-05-17 10:30:00-04:00,33.9900016784668,33.9900016784668,33.900001525878906,33.90999984741211,903,0.0,0.0,0.0
2024-05-17 11:30:00-04:00,34.06999969482422,34.06999969482422,33.970001220703125,34.029998779296875,1410,0.0,0.0,0.0
2024-05-17 12:30:00-04:00,34.02000045776367,34.02000045776367,33.97999954223633,33.97999954223633,1055,0.0,0.0,0.0
2024-05-17 13:30:00-04:00,33.95500183105469,33.95500183105469,33.95500183105469,33.95500183105469,229,0.0,0.0,0.0
2024-05-17 14:30:00-04:00,33.93939971923828,33.97850036621094,33.91999816894531,33.93000030517578,2868,0.0,0.0,0.0
2024-05-17 15:30:00-04:00,34.0098991394043,34.0098991394043,34.0098991394043,34.0098991394043,100,0.0,0.0,0.0
2024-05-20 09:30:00-04:00,33.689998626708984,34.0098991394043,33.689998626708984,34.0098991394043,5010,0.0,0.0,0.0
2024-05-20 10:30:00-04:00,34.13999938964844,34.27000045776367,34.13999938964844,34.255001068115234,2054,0.0,0.0,0.0
2024-05-20 11:30:00-04:00,34.349998474121094,34.400001525878906,34.349998474121094,34.36000061035156,3005,0.0,0.0,0.0
2024-05-20 12:30:00-04:00,34.279998779296875,34.3291015625,34.26940155029297,34.32210159301758,845,0.0,0.0,0.0
2024-05-20 13:30:00-04:00,34.39929962158203,34.39929962158203,34.39929962158203,34.39929962158203,457,0.0,0.0,0.0
2024-05-21 09:30:00-04:00,34.5536003112793,34.689998626708984,34.5536003112793,34.59360122680664,2482,0.0,0.0,0.0
2024-05-21 10:30:00-04:00,34.52000045776367,34.52000045776367,34.52000045776367,34.52000045776367,4034,0.0,0.0,0.0
2024-05-21 11:30:00-04:00,34.70000076293945,34.70000076293945,34.54999923706055,34.65999984741211,789,0.0,0.0,0.0
2024-05-21 12:30:00-04:00,34.65999984741211,34.65999984741211,34.65999984741211,34.65999984741211,329,0.0,0.0,0.0
2024-05-21 15:30:00-04:00,34.6870002746582,34.6870002746582,34.6870002746582,34.6870002746582,453,0.0,0.0,0.0
2024-05-22 09:30:00-04:00,34.970001220703125,34.970001220703125,34.77000045776367,34.77000045776367,1166,0.0,0.0,0.0
2024-05-22 10:30:00-04:00,34.88999938964844,34.88999938964844,34.88999938964844,34.88999938964844,356,0.0,0.0,0.0
2024-05-22 11:30:00-04:00,34.880001068115234,34.880001068115234,34.880001068115234,34.880001068115234,1950,0.0,0.0,0.0
2024-05-22 12:30:00-04:00,34.959999084472656,34.959999084472656,34.88999938964844,34.900001525878906,1733,0.0,0.0,0.0
2024-05-22 14:30:00-04:00,34.86000061035156,34.88999938964844,34.820098876953125,34.820098876953125,1884,0.0,0.0,0.0
2024-05-22 15:30:00-04:00,34.790000915527344,34.84000015258789,34.790000915527344,34.84000015258789,1312,0.0,0.0,0.0
2024-05-23 09:30:00-04:00,35.02000045776367,35.22999954223633,35.02000045776367,35.22999954223633,2218,0.0,0.0,0.0
2024-05-23 10:30:00-04:00,35.29610061645508,35.5099983215332,35.29610061645508,35.43000030517578,9707,0.0,0.0,0.0
2024-05-23 11:30:00-04:00,35.56990051269531,35.56990051269531,35.5,35.5,495,0.0,0.0,0.0
2024-05-23 12:30:00-04:00,35.709999084472656,35.709999084472656,35.599998474121094,35.60499954223633,862,0.0,0.0,0.0
2024-05-23 13:30:00-04:00,35.57500076293945,35.57500076293945,35.54999923706055,35.54999923706055,288,0.0,0.0,0.0
2024-05-23 15:30:00-04:00,35.54499816894531,35.54999923706055,35.540000915527344,35.54499816894531,4904,0.0,0.0,0.0
2024-05-24 09:30:00-04:00,35.54999923706055,35.54999923706055,35.349998474121094,35.349998474121094,1696,0.0,0.0,0.0
2024-05-24 10:30:00-04:00,35.33000183105469,35.38999938964844,35.33000183105469,35.38999938964844,966,0.0,0.0,0.0
2024-05-24 11:30:00-04:00,35.709999084472656,35.709999084472656,35.709999084472656,35.709999084472656,2646,0.0,0.0,0.0
2024-05-24 12:30:00-04:00,35.70000076293945,35.70000076293945,35.66999816894531,35.66999816894531,1049,0.0,0.0,0.0
2024-05-24 14:30:00-04:00,35.64310073852539,35.679901123046875,35.599998474121094,35.679901123046875,3424,0.0,0.0,0.0
2024-05-24 15:30:00-04:00,35.619998931884766,35.68000030517578,35.619998931884766,35.68000030517578,2704,0.0,0.0,0.0
2024-05-28 09:30:00-04:00,36.119998931884766,36.130001068115234,35.970001220703125,36.130001068115234,4110,0.0,0.0,0.0
2024-05-28 10:30:00-04:00,36.189998626708984,36.28499984741211,36.060001373291016,36.2599983215332,1123,0.0,0.0,0.0
2024-05-28 11:30:00-04:00,36.36000061035156,36.599998474121094,36.349998474121094,36.47909927368164,4661,0.0,0.0,0.0
2024-05-28 12:30:00-04:00,36.459999084472656,36.5099983215332,36.380001068115234,36.380001068115234,779,0.0,0.0,0.0
2024-05-28 13:30:00-04:00,36.369998931884766,36.369998931884766,36.369998931884766,36.369998931884766,996,0.0,0.0,0.0
2024-05-28 14:30:00-04:00,36.43000030517578,36.439998626708984,36.43000030517578,36.439998626708984,912,0.0,0.0,0.0
2024-05-28 15:30:00-04:00,36.439998626708984,36.439998626708984,36.375,36.375,566,0.0,0.0,0.0
2024-05-29 09:30:00-04:00,36.97999954223633,36.97999954223633,36.86009979248047,36.95000076293945,3907,0.0,0.0,0.0
2024-05-29 10:30:00-04:00,37.060001373291016,37.16999816894531,37.060001373291016,37.16999816894531,2030,0.0,0.0,0.0
2024-05-29 11:30:00-04:00,36.970001220703125,36.970001220703125,36.970001220703125,36.970001220703125,821,0.0,0.0,0.0
2024-05-29 12:30:00-04:00,36.77000045776367,36.77000045776367,36.73500061035156,36.73500061035156,3460,0.0,0.0,0.0
2024-05-29 13:30:00-04:00,36.72999954223633,36.72999954223633,36.72999954223633,36.72999954223633,380,0.0,0.0,0.0
2024-05-29 14:30:00-04:00,36.77370071411133,36.77370071411133,36.77370071411133,36.77370071411133,532,0.0,0.0,0.0
2024-05-29 15:30:00-04:00,36.7400016784668,36.7400016784668,36.7400016784668,36.7400016784668,173,0.0,0.0,0.0
2024-05-30 09:30:00-04:00,36.5099983215332,36.869998931884766,36.5099983215332,36.869998931884766,1412,0.0,0.0,0.0
2024-05-30 10:30:00-04:00,36.799198150634766,36.799198150634766,36.799198150634766,36.799198150634766,318,0.0,0.0,0.0
2024-05-30 15:30:00-04:00,36.5099983215332,36.55419921875,36.5099983215332,36.55419921875,401,0.0,0.0,0.0
2024-05-31 09:30:00-04:00,36.45000076293945,36.46500015258789,36.34000015258789,36.34000015258789,1313,0.0,0.0,0.0
2024-05-31 10:30:00-04:00,36.31999969482422,36.31999969482422,36.31999969482422,36.31999969482422,766,0.0,0.0,0.0
2024-05-31 11:30:00-04:00,36.38999938964844,36.38999938964844,36.38999938964844,36.38999938964844,330,0.0,0.0,0.0
2024-05-31 12:30:00-04:00,36.38999938964844,36.43000030517578,36.38999938964844,36.43000030517578,1444,0.0,0.0,0.0
2024-05-31 13:30:00-04:00,36.29389953613281,36.29389953613281,36.29389953613281,36.29389953613281,1069,0.0,0.0,0.0
2024-06-03 09:30:00-04:00,37.06999969482422,37.06999969482422,36.844600677490234,36.96649932861328,0,0.0,0.0,0.0
2024-06-03 11:30:00-04:00,36.72999954223633,36.72999954223633,36.72999954223633,36.72999954223633,1911,0.0,0.0,0.0
2024-06-03 12:30:00-04:00,36.56999969482422,36.56999969482422,36.56999969482422,36.56999969482422,523,0.0,0.0,0.0
2024-06-03 14:30:00-04:00,36.38119888305664,36.38119888305664,36.38119888305664,36.38119888305664,122,0.0,0.0,0.0
2024-06-03 15:30:00-04:00,36.4900016784668,36.4900016784668,36.45500183105469,36.45500183105469,23430,0.0,0.0,0.0
2024-06-04 09:30:00-04:00,36.41999816894531,36.45000076293945,36.41999816894531,36.45000076293945,5221,0.0,0.0,0.0
2024-06-04 10:30:00-04:00,36.5,36.5,36.369998931884766,36.369998931884766,6292,0.0,0.0,0.0
2024-06-04 11:30:00-04:00,36.59000015258789,36.59000015258789,36.59000015258789,36.59000015258789,524,0.0,0.0,0.0
2024-06-04 12:30:00-04:00,36.60879898071289,36.60879898071289,36.599998474121094,36.599998474121094,7833,0.0,0.0,0.0
2024-06-05 09:30:00-04:00,36.31999969482422,36.31999969482422,36.310001373291016,36.31999969482422,4852,0.0,0.0,0.0
2024-06-05 10:30:00-04:00,36.27000045776367,36.29999923706055,36.2599983215332,36.2599983215332,18945,0.0,0.0,0.0
2024-06-05 13:30:00-04:00,36.457698822021484,36.45949935913086,36.439998626708984,36.439998626708984,3231,0.0,0.0,0.0
2024-06-05 14:30:00-04:00,36.439998626708984,36.439998626708984,36.439998626708984,36.439998626708984,15496,0.0,0.0,0.0
2024-06-05 15:30:00-04:00,36.43870162963867,36.43870162963867,36.43870162963867,36.43870162963867,0,0.0,0.0,0.0
2024-06-06 09:30:00-04:00,36.709999084472656,36.86000061035156,36.709999084472656,36.86000061035156,2385,0.0,0.0,0.0
2024-06-06 10:30:00-04:00,36.72999954223633,36.72999954223633,36.72999954223633,36.72999954223633,630,0.0,0.0,0.0
2024-06-06 11:30:00-04:00,36.88999938964844,36.97999954223633,36.88999938964844,36.97999954223633,550,0.0,0.0,0.0
2024-06-06 12:30:00-04:00,36.904998779296875,36.959999084472656,36.869998931884766,36.959999084472656,7247,0.0,0.0,0.0
2024-06-06 14:30:00-04:00,36.869998931884766,36.869998931884766,36.869998931884766,36.869998931884766,1700,0.0,0.0,0.0
2024-06-06 15:30:00-04:00,36.844200134277344,36.900001525878906,36.844200134277344,36.88999938964844,504,0.0,0.0,0.0
2024-06-07 09:30:00-04:00,36.75,36.75,36.43000030517578,36.43000030517578,7089,0.0,0.0,0.0
2024-06-07 10:30:00-04:00,36.65999984741211,36.65999984741211,36.65719985961914,36.65719985961914,906,0.0,0.0,0.0
2024-06-07 11:30:00-04:00,36.45009994506836,36.63999938964844,36.45009994506836,36.63999938964844,17918,0.0,0.0,0.0
2024-06-07 12:30:00-04:00,36.653900146484375,36.673099517822266,36.653900146484375,36.667598724365234,555,0.0,0.0,0.0
2024-06-07 13:30:00-04:00,36.68989944458008,36.68989944458008,36.66999816894531,36.66999816894531,7013,0.0,0.0,0.0
2024-06-07 14:30:00-04:00,36.61629867553711,36.630001068115234,36.61629867553711,36.630001068115234,1145,0.0,0.0,0.0
2024-06-07 15:30:00-04:00,36.57099914550781,36.57099914550781,36.57099914550781,36.57099914550781,2,0.0,0.0,0.0
2024-06-10 09:30:00-04:00,36.52000045776367,36.52000045776367,36.35499954223633,36.419898986816406,5852,0.0,0.0,0.0
2024-06-10 10:30:00-04:00,36.299198150634766,36.299198150634766,36.299198150634766,36.299198150634766,300,0.0,0.0,0.0
2024-06-10 11:30:00-04:00,36.249900817871094,36.249900817871094,35.9650993347168,35.9650993347168,2723,0.0,0.0,0.0
2024-06-10 12:30:00-04:00,36.04759979248047,36.04759979248047,36.000099182128906,36.000099182128906,1705,0.0,0.0,0.0
2024-06-10 14:30:00-04:00,35.980098724365234,35.980098724365234,35.948001861572266,35.97999954223633,1993,0.0,0.0,0.0
2024-06-11 09:30:00-04:00,36.43000030517578,36.51499938964844,36.43000030517578,36.51499938964844,2233,0.0,0.0,0.0
2024-06-11 10:30:00-04:00,36.689998626708984,36.689998626708984,36.689998626708984,36.689998626708984,737,0.0,0.0,0.0
2024-06-12 09:30:00-04:00,36.83000183105469,36.875,36.71889877319336,36.71889877319336,1175,0.0,0.0,0.0
2024-06-12 11:30:00-04:00,37.150001525878906,37.239898681640625,37.150001525878906,37.239898681640625,664,0.0,0.0,0.0
2024-06-12 12:30:00-04:00,37.25,37.25,37.21500015258789,37.21500015258789,383,0.0,0.0,0.0
2024-06-12 14:30:00-04:00,37.17340087890625,37.2598991394043,37.17319869995117,37.189998626708984,3031,0.0,0.0,0.0
2024-06-12 15:30:00-04:00,37.21269989013672,37.21269989013672,37.21269989013672,37.21269989013672,403,0.0,0.0,0.0
2024-06-13 09:30:00-04:00,37.61980056762695,37.61980056762695,37.61980056762695,37.61980056762695,3232,0.0,0.0,0.0
2024-06-13 15:30:00-04:00,37.349998474121094,37.349998474121094,37.32619857788086,37.32619857788086,1493,0.0,0.0,0.0
2024-06-14 09:30:00-04:00,37.380001068115234,37.400001525878906,37.349998474121094,37.400001525878906,1871,0.0,0.0,0.0
2024-06-14 10:30:00-04:00,37.15999984741211,37.15999984741211,36.90999984741211,36.90999984741211,17207,0.0,0.0,0.0
2024-06-14 11:30:00-04:00,37.065101623535156,37.065101623535156,37.065101623535156,37.065101623535156,521,0.0,0.0,0.0
2024-06-14 15:30:00-04:00,37.002498626708984,37.002498626708984,37.002498626708984,37.002498626708984,406,0.0,0.0,0.0
2024-06-17 09:30:00-04:00,36.77000045776367,36.77000045776367,36.70000076293945,36.70000076293945,2217,0.0,0.0,0.0
2024-06-17 10:30:00-04:00,36.3400993347168,36.39500045776367,36.3400993347168,36.36000061035156,3099,0.0,0.0,0.0
2024-06-17 11:30:00-04:00,36.38999938964844,36.38999938964844,36.38999938964844,36.38999938964844,1928,0.0,0.0,0.0
2024-06-18 09:30:00-04:00,36.72999954223633,36.72999954223633,36.619998931884766,36.619998931884766,3201,0.0,0.0,0.0
2024-06-18 10:30:00-04:00,36.4900016784668,36.494998931884766,36.4900016784668,36.494998931884766,1580,0.0,0.0,0.0
2024-06-18 13:30:00-04:00,36.510101318359375,36.510101318359375,36.510101318359375,36.510101318359375,834,0.0,0.0,0.0
2024-06-18 15:30:00-04:00,36.52000045776367,36.58000183105469,36.504600524902344,36.504600524902344,961,0.0,0.0,0.0
2024-06-20 09:30:00-04:00,36.61000061035156,36.88999938964844,36.61000061035156,36.810001373291016,3499,0.0,0.0,0.0
2024-06-20 10:30:00-04:00,36.63999938964844,36.65999984741211,36.290000915527344,36.290000915527344,4624,0.0,0.0,0.0
2024-06-20 11:30:00-04:00,36.29990005493164,36.29990005493164,35.83000183105469,35.83000183105469,4962,0.0,0.0,0.0
2024-06-20 12:30:00-04:00,35.84000015258789,35.849998474121094,35.83000183105469,35.849998474121094,2692,0.0,0.0,0.0
2024-06-20 13:30:00-04:00,35.900001525878906,35.92399978637695,35.900001525878906,35.92399978637695,52550,0.0,0.0,0.0
2024-06-20 15:30:00-04:00,35.84000015258789,35.84000015258789,35.790000915527344,35.790000915527344,2891,0.0,0.0,0.0
2024-06-21 09:30:00-04:00,36.470001220703125,36.470001220703125,36.279998779296875,36.279998779296875,1014,0.0,0.0,0.0
2024-06-21 10:30:00-04:00,36.4286994934082,36.4286994934082,36.30500030517578,36.30500030517578,1581,0.0,0.0,0.0
2024-06-21 11:30:00-04:00,35.849998474121094,35.849998474121094,35.56999969482422,35.56999969482422,25687,0.0,0.0,0.0
2024-06-21 12:30:00-04:00,35.54999923706055,35.54999923706055,35.43000030517578,35.50130081176758,0,0.0,0.0,0.0
2024-06-21 13:30:00-04:00,35.48889923095703,35.48889923095703,35.48889923095703,35.48889923095703,369,0.0,0.0,0.0
2024-06-21 15:30:00-04:00,35.494998931884766,35.494998931884766,35.439998626708984,35.439998626708984,752,0.0,0.0,0.0
2024-06-24 09:30:00-04:00,34.88999938964844,34.90999984741211,34.654998779296875,34.654998779296875,5072,0.0,0.0,0.0
2024-06-24 10:30:00-04:00,34.76100158691406,34.76100158691406,34.72999954223633,34.72999954223633,1711,0.0,0.0,0.0
2024-06-24 13:30:00-04:00,35.04499816894531,35.04499816894531,35.04499816894531,35.04499816894531,378,0.0,0.0,0.0
2024-06-24 14:30:00-04:00,35.07500076293945,35.07500076293945,35.07500076293945,35.07500076293945,683,0.0,0.0,0.0
2024-06-24 15:30:00-04:00,35.07500076293945,35.099998474121094,35.07500076293945,35.099998474121094,771,0.0,0.0,0.0
2024-06-25 09:30:00-04:00,34.5,34.519901275634766,34.29999923706055,34.519901275634766,4599,0.0,0.0,0.0
2024-06-25 10:30:00-04:00,34.7599983215332,34.76499938964844,34.68000030517578,34.68000030517578,1681,0.0,0.0,0.0
2024-06-25 11:30:00-04:00,34.68479919433594,34.689300537109375,34.68479919433594,34.689300537109375,400,0.0,0.0,0.0
2024-06-25 12:30:00-04:00,34.650001525878906,34.67219924926758,34.650001525878906,34.67219924926758,1650,0.0,0.0,0.0
2024-06-25 14:30:00-04:00,34.630001068115234,34.630001068115234,34.630001068115234,34.630001068115234,317,0.0,0.0,0.0
2024-06-25 15:30:00-04:00,34.595699310302734,34.595699310302734,34.595699310302734,34.595699310302734,237,0.0,0.0,0.0
2024-06-26 09:30:00-04:00,34.45840072631836,34.45840072631836,34.119998931884766,34.40010070800781,0,0.0,0.0,0.0
2024-06-26 10:30:00-04:00,34.720001220703125,34.72999954223633,34.54999923706055,34.54999923706055,3954,0.0,0.0,0.0
2024-06-26 11:30:00-04:00,34.560001373291016,34.75,34.560001373291016,34.6349983215332,4075,0.0,0.0,0.0
2024-06-26 12:30:00-04:00,34.59939956665039,34.650001525878906,34.560001373291016,34.619998931884766,2632,0.0,0.0,0.0
2024-06-26 13:30:00-04:00,34.596099853515625,34.596099853515625,34.596099853515625,34.596099853515625,2075,0.0,0.0,0.0
2024-06-26 15:30:00-04:00,34.564998626708984,34.63999938964844,34.564998626708984,34.63999938964844,1950,0.0,0.0,0.0
2024-06-27 09:30:00-04:00,34.625,34.625,34.6156005859375,34.6156005859375,876,0.0,0.0,0.0
2024-06-27 10:30:00-04:00,34.560001373291016,34.560001373291016,34.560001373291016,34.560001373291016,303,0.0,0.0,0.0
2024-06-27 11:30:00-04:00,34.1349983215332,34.1349983215332,34.1349983215332,34.1349983215332,2959,0.0,0.0,0.0
2024-06-27 12:30:00-04:00,34.16999816894531,34.16999816894531,34.119998931884766,34.119998931884766,0,0.0,0.0,0.0
2024-06-27 13:30:00-04:00,34.1525993347168,34.1525993347168,34.1525993347168,34.1525993347168,2173,0.0,0.0,0.0
2024-06-27 14:30:00-04:00,34.15489959716797,34.15489959716797,34.15489959716797,34.15489959716797,114,0.0,0.0,0.0
2024-06-28 09:30:00-04:00,34.33000183105469,34.41429901123047,34.33000183105469,34.41429901123047,643,0.0,0.0,0.0
2024-06-28 11:30:00-04:00,34.630001068115234,34.630001068115234,34.630001068115234,34.630001068115234,1254,0.0,0.0,0.0
2024-06-28 15:30:00-04:00,34.35499954223633,34.41999816894531,34.35499954223633,34.41999816894531,302,0.0,0.0,0.0
2024-07-01 09:30:00-04:00,34.0099983215332,34.0099983215332,33.63999938964844,33.63999938964844,3031,0.0,0.0,0.0
2024-07-01 10:30:00-04:00,33.5718994140625,33.849998474121094,33.5718994140625,33.84000015258789,1069,0.0,0.0,0.0
2024-07-01 11:30:00-04:00,33.9900016784668,34.02000045776367,33.9900016784668,34.00740051269531,3316,0.0,0.0,0.0
2024-07-01 13:30:00-04:00,34.1150016784668,34.1150016784668,34.04999923706055,34.04999923706055,4735,0.0,0.0,0.0
2024-07-01 14:30:00-04:00,34.08000183105469,34.1150016784668,34.050498962402344,34.11370086669922,21239,0.0,0.0,0.0
2024-07-01 15:30:00-04:00,34.150001525878906,34.189998626708984,34.150001525878906,34.16659927368164,34880,0.0,0.0,0.0
2024-07-02 09:30:00-04:00,34.15999984741211,34.3849983215332,34.15999984741211,34.36000061035156,8995,0.0,0.0,0.0
2024-07-02 10:30:00-04:00,34.34389877319336,34.709999084472656,34.310001373291016,34.709999084472656,913,0.0,0.0,0.0
2024-07-02 11:30:00-04:00,34.78900146484375,34.78900146484375,34.6349983215332,34.6349983215332,1369,0.0,0.0,0.0
2024-07-02 12:30:00-04:00,34.65999984741211,34.65999984741211,34.60179901123047,34.60179901123047,222,0.0,0.0,0.0
2024-07-02 13:30:00-04:00,34.6349983215332,34.6349983215332,34.6349983215332,34.6349983215332,1041,0.0,0.0,0.0
2024-07-03 09:30:00-04:00,34.84000015258789,34.86000061035156,34.744998931884766,34.82500076293945,11855,0.0,0.0,0.0
2024-07-03 10:30:00-04:00,34.93000030517578,34.97999954223633,34.810001373291016,34.810001373291016,1694,0.0,0.0,0.0
2024-07-03 11:30:00-04:00,34.640098571777344,34.70000076293945,34.640098571777344,34.70000076293945,570,0.0,0.0,0.0
2024-07-05 09:30:00-04:00,34.720001220703125,34.720001220703125,34.676300048828125,34.676300048828125,0,0.0,0.0,0.0
2024-07-05 11:30:00-04:00,34.79199981689453,34.970001220703125,34.79199981689453,34.970001220703125,1783,0.0,0.0,0.0
2024-07-05 12:30:00-04:00,35.03820037841797,35.03820037841797,34.93000030517578,34.93000030517578,1475,0.0,0.0,0.0
2024-07-05 13:30:00-04:00,34.9552001953125,35.03990173339844,34.9552001953125,35.03990173339844,990,0.0,0.0,0.0
2024-07-05 14:30:00-04:00,34.96500015258789,34.9744987487793,34.96500015258789,34.9744987487793,754,0.0,0.0,0.0
2024-07-08 09:30:00-04:00,34.959999084472656,34.970001220703125,34.810001373291016,34.83000183105469,2530,0.0,0.0,0.0
2024-07-08 10:30:00-04:00,34.86330032348633,34.86330032348633,34.47999954223633,34.47999954223633,990,0.0,0.0,0.0
2024-07-08 11:30:00-04:00,34.59000015258789,34.62300109863281,34.5099983215332,34.62300109863281,2194,0.0,0.0,0.0
2024-07-08 12:30:00-04:00,34.689998626708984,34.689998626708984,34.689998626708984,34.689998626708984,214,0.0,0.0,0.0
2024-07-08 13:30:00-04:00,34.665000915527344,34.779998779296875,34.665000915527344,34.75,2066,0.0,0.0,0.0
2024-07-08 15:30:00-04:00,34.77000045776367,34.77000045776367,34.77000045776367,34.77000045776367,1909,0.0,0.0,0.0
2024-07-09 09:30:00-04:00,34.86899948120117,34.93000030517578,34.86899948120117,34.881500244140625,1179,0.0,0.0,0.0
2024-07-09 10:30:00-04:00,35.08000183105469,35.08000183105469,35.08000183105469,35.08000183105469,211,0.0,0.0,0.0
2024-07-09 11:30:00-04:00,35.224998474121094,35.29999923706055,35.224998474121094,35.29999923706055,2882,0.0,0.0,0.0
2024-07-09 12:30:00-04:00,35.32500076293945,35.33000183105469,35.32500076293945,35.33000183105469,617,0.0,0.0,0.0
2024-07-09 14:30:00-04:00,35.22999954223633,35.22999954223633,35.22999954223633,35.22999954223633,153,0.0,0.0,0.0
2024-07-09 15:30:00-04:00,35.189998626708984,35.220001220703125,35.16999816894531,35.220001220703125,13170,0.0,0.0,0.0
2024-07-10 09:30:00-04:00,34.97999954223633,34.97999954223633,34.70899963378906,34.70899963378906,860,0.0,0.0,0.0
2024-07-10 10:30:00-04:00,34.9900016784668,34.9900016784668,34.98500061035156,34.98500061035156,828,0.0,0.0,0.0
2024-07-10 11:30:00-04:00,34.869998931884766,34.869998931884766,34.869998931884766,34.869998931884766,285,0.0,0.0,0.0
2024-07-10 12:30:00-04:00,34.77799987792969,34.77799987792969,34.77799987792969,34.77799987792969,329,0.0,0.0,0.0
2024-07-10 13:30:00-04:00,34.834999084472656,34.85499954223633,34.834999084472656,34.834999084472656,654,0.0,0.0,0.0
2024-07-10 14:30:00-04:00,34.849998474121094,34.849998474121094,34.849998474121094,34.849998474121094,177,0.0,0.0,0.0
2024-07-10 15:30:00-04:00,34.80500030517578,34.80500030517578,34.80500030517578,34.80500030517578,373,0.0,0.0,0.0
2024-07-11 09:30:00-04:00,35.22679901123047,35.22679901123047,35.150001525878906,35.150001525878906,0,0.0,0.0,0.0
2024-07-11 10:30:00-04:00,35.18730163574219,35.20500183105469,35.11000061035156,35.11000061035156,1683,0.0,0.0,0.0
2024-07-11 11:30:00-04:00,35.459999084472656,35.459999084472656,35.459999084472656,35.459999084472656,1223,0.0,0.0,0.0
2024-07-11 12:30:00-04:00,35.310001373291016,35.310001373291016,35.310001373291016,35.310001373291016,760,0.0,0.0,0.0
2024-07-11 13:30:00-04:00,35.380001068115234,35.380001068115234,35.3671989440918,35.3671989440918,555,0.0,0.0,0.0
2024-07-11 15:30:00-04:00,35.40999984741211,35.40999984741211,35.40999984741211,35.40999984741211,257,0.0,0.0,0.0
2024-07-12 09:30:00-04:00,35.029998779296875,35.089900970458984,35.01499938964844,35.04499816894531,3023,0.0,0.0,0.0
2024-07-12 11:30:00-04:00,35.079898834228516,35.079898834228516,35.079898834228516,35.079898834228516,710,0.0,0.0,0.0
2024-07-12 12:30:00-04:00,35.255001068115234,35.27000045776367,35.255001068115234,35.27000045776367,1030,0.0,0.0,0.0
2024-07-12 13:30:00-04:00,35.26530075073242,35.26530075073242,35.26530075073242,35.26530075073242,400,0.0,0.0,0.0
2024-07-12 14:30:00-04:00,35.2239990234375,35.2239990234375,35.2239990234375,35.2239990234375,91,0.0,0.0,0.0
2024-07-15 09:30:00-04:00,34.810001373291016,34.810001373291016,34.810001373291016,34.810001373291016,10286,0.0,0.0,0.0
2024-07-15 10:30:00-04:00,34.7400016784668,34.7400016784668,34.7400016784668,34.7400016784668,249,0.0,0.0,0.0
2024-07-15 11:30:00-04:00,35.13010025024414,35.13999938964844,35.13010025024414,35.13999938964844,493,0.0,0.0,0.0
2024-07-15 12:30:00-04:00,35.07059860229492,35.07059860229492,35.07059860229492,35.07059860229492,0,0.0,0.0,0.0
2024-07-15 15:30:00-04:00,35.06999969482422,35.12889862060547,35.06999969482422,35.12889862060547,12478,0.0,0.0,0.0
2024-07-16 09:30:00-04:00,34.63130187988281,34.66999816894531,34.63130187988281,34.66999816894531,1678,0.0,0.0,0.0
2024-07-16 10:30:00-04:00,34.490299224853516,34.490299224853516,34.490299224853516,34.490299224853516,736,0.0,0.0,0.0
2024-07-16 11:30:00-04:00,34.497501373291016,34.497501373291016,34.497501373291016,34.497501373291016,568,0.0,0.0,0.0
2024-07-16 12:30:00-04:00,34.560001373291016,34.57849884033203,34.560001373291016,34.57849884033203,576,0.0,0.0,0.0
2024-07-16 13:30:00-04:00,34.521400451660156,34.521400451660156,34.521400451660156,34.521400451660156,383,0.0,0.0,0.0
2024-07-16 15:30:00-04:00,34.529998779296875,34.529998779296875,34.4901008605957,34.4901008605957,25329,0.0,0.0,0.0
2024-07-17 11:30:00-04:00,34.38999938964844,34.38999938964844,34.38999938964844,34.38999938964844,1751,0.0,0.0,0.0
2024-07-17 12:30:00-04:00,34.589900970458984,34.589900970458984,34.589900970458984,34.589900970458984,550,0.0,0.0,0.0
2024-07-17 13:30:00-04:00,34.53499984741211,34.59000015258789,34.4900016784668,34.59000015258789,720,0.0,0.0,0.0
2024-07-18 09:30:00-04:00,34.556400299072266,34.556400299072266,34.556400299072266,34.556400299072266,1349,0.0,0.0,0.0
2024-07-18 11:30:00-04:00,34.650001525878906,34.689998626708984,34.650001525878906,34.689998626708984,1411,0.0,0.0,0.0
2024-07-18 12:30:00-04:00,34.64500045776367,34.64500045776367,34.64500045776367,34.64500045776367,566,0.0,0.0,0.0
2024-07-18 13:30:00-04:00,34.630001068115234,34.630001068115234,34.630001068115234,34.630001068115234,1624,0.0,0.0,0.0
2024-07-18 14:30:00-04:00,34.6151008605957,34.6151008605957,34.6151008605957,34.6151008605957,1547,0.0,0.0,0.0
2024-07-19 09:30:00-04:00,34.640098571777344,34.640098571777344,34.640098571777344,34.640098571777344,1443,0.0,0.0,0.0
2024-07-19 13:30:00-04:00,34.11000061035156,34.11000061035156,34.11000061035156,34.11000061035156,397,0.0,0.0,0.0
2024-07-19 15:30:00-04:00,34.16059875488281,34.16059875488281,34.16059875488281,34.16059875488281,1432,0.0,0.0,0.0
2024-07-22 09:30:00-04:00,34.880001068115234,34.880001068115234,34.880001068115234,34.880001068115234,255,0.0,0.0,0.0
2024-07-22 10:30:00-04:00,34.92499923706055,34.92499923706055,34.875,34.875,688,0.0,0.0,0.0
2024-07-22 15:30:00-04:00,35.0,35.0,35.0,35.0,401,0.0,0.0,0.0
2024-07-23 09:30:00-04:00,35.150001525878906,35.150001525878906,35.13130187988281,35.13130187988281,601,0.0,0.0,0.0
2024-07-23 10:30:00-04:00,35.0,35.0,35.0,35.0,790,0.0,0.0,0.0
2024-07-24 10:30:00-04:00,35.13999938964844,35.13999938964844,34.993099212646484,34.993099212646484,438,0.0,0.0,0.0
2024-07-24 11:30:00-04:00,34.79999923706055,34.79999923706055,34.79999923706055,34.79999923706055,247,0.0,0.0,0.0
2024-07-24 12:30:00-04:00,34.76499938964844,34.77000045776367,34.7307014465332,34.7307014465332,951,0.0,0.0,0.0
2024-07-24 13:30:00-04:00,34.70000076293945,34.70000076293945,34.70000076293945,34.70000076293945,425,0.0,0.0,0.0
2024-07-24 14:30:00-04:00,34.68000030517578,34.68009948730469,34.68000030517578,34.68009948730469,6822,0.0,0.0,0.0
2024-07-24 15:30:00-04:00,34.74760055541992,34.81890106201172,34.74760055541992,34.81890106201172,423,0.0,0.0,0.0
2024-07-26 09:30:00-04:00,34.540000915527344,34.540000915527344,34.540000915527344,34.540000915527344,1381,0.0,0.0,0.0
2024-07-29 09:30:00-04:00,34.28929901123047,34.28929901123047,34.099998474121094,34.099998474121094,1514,0.0,0.0,0.0
2024-07-29 10:30:00-04:00,34.040000915527344,34.040000915527344,34.040000915527344,34.040000915527344,146,0.0,0.0,0.0
2024-07-29 11:30:00-04:00,34.11000061035156,34.11000061035156,34.11000061035156,34.11000061035156,1280,0.0,0.0,0.0
2024-07-29 14:30:00-04:00,34.13999938964844,34.13999938964844,34.13999938964844,34.13999938964844,668,0.0,0.0,0.0
2024-07-30 09:30:00-04:00,34.220001220703125,34.220001220703125,34.220001220703125,34.220001220703125,450,0.0,0.0,0.0
2024-07-30 11:30:00-04:00,34.334999084472656,34.369998931884766,34.334999084472656,34.369998931884766,1437,0.0,0.0,0.0
2024-07-31 09:30:00-04:00,34.345001220703125,34.38999938964844,34.29999923706055,34.38999938964844,951,0.0,0.0,0.0
2024-07-31 10:30:00-04:00,34.31999969482422,34.31999969482422,34.31999969482422,34.31999969482422,809,0.0,0.0,0.0
2024-07-31 13:30:00-04:00,34.310001373291016,34.310001373291016,34.310001373291016,34.310001373291016,502,0.0,0.0,0.0
2024-08-01 09:30:00-04:00,34.029998779296875,34.029998779296875,34.029998779296875,34.029998779296875,382,0.0,0.0,0.0
2024-08-01 10:30:00-04:00,33.739601135253906,33.739601135253906,33.739601135253906,33.739601135253906,1131,0.0,0.0,0.0
2024-08-01 11:30:00-04:00,33.689998626708984,33.689998626708984,33.689998626708984,33.689998626708984,1149,0.0,0.0,0.0
2024-08-02 09:30:00-04:00,33.54999923706055,33.54999923706055,33.54999923706055,33.54999923706055,1781,0.0,0.0,0.0
2024-08-02 10:30:00-04:00,33.61000061035156,33.61000061035156,33.529998779296875,33.529998779296875,2416,0.0,0.0,0.0
2024-08-02 12:30:00-04:00,33.59000015258789,33.65999984741211,33.59000015258789,33.65999984741211,2458,0.0,0.0,0.0
2024-08-05 09:30:00-04:00,33.11000061035156,33.499900817871094,33.11000061035156,33.499900817871094,3051,0.0,0.0,0.0
2024-08-05 10:30:00-04:00,33.56999969482422,33.56999969482422,33.56999969482422,33.56999969482422,258,0.0,0.0,0.0
2024-08-05 11:30:00-04:00,33.7599983215332,33.77000045776367,33.720001220703125,33.744998931884766,1811,0.0,0.0,0.0
2024-08-05 12:30:00-04:00,33.779998779296875,33.779998779296875,33.779998779296875,33.779998779296875,2597,0.0,0.0,0.0
2024-08-05 15:30:00-04:00,33.99480056762695,34.040000915527344,33.99480056762695,34.0,783,0.0,0.0,0.0
2024-08-06 09:30:00-04:00,33.994998931884766,34.04999923706055,33.994998931884766,34.04999923706055,1195,0.0,0.0,0.0
2024-08-06 10:30:00-04:00,34.18009948730469,34.18009948730469,34.18009948730469,34.18009948730469,917,0.0,0.0,0.0
2024-08-06 15:30:00-04:00,34.31999969482422,34.31999969482422,34.24700164794922,34.24700164794922,1666,0.0,0.0,0.0
2024-08-07 11:30:00-04:00,34.82400131225586,34.900001525878906,34.689998626708984,34.900001525878906,2488,0.0,0.0,0.0
2024-08-07 14:30:00-04:00,34.779998779296875,34.779998779296875,34.72999954223633,34.72999954223633,812,0.0,0.0,0.0
2024-08-08 09:30:00-04:00,34.253501892089844,34.253501892089844,34.253501892089844,34.253501892089844,922,0.0,0.0,0.0
2024-08-08 12:30:00-04:00,34.33000183105469,34.34270095825195,34.33000183105469,34.334999084472656,5638,0.0,0.0,0.0
2024-08-08 13:30:00-04:00,34.31999969482422,34.31999969482422,34.31999969482422,34.31999969482422,39740,0.0,0.0,0.0
2024-08-08 14:30:00-04:00,34.38999938964844,34.38999938964844,34.38999938964844,34.38999938964844,14915,0.0,0.0,0.0
2024-08-08 15:30:00-04:00,34.29499816894531,34.29499816894531,34.29499816894531,34.29499816894531,197,0.0,0.0,0.0
2024-08-09 09:30:00-04:00,34.88999938964844,34.88999938964844,34.654998779296875,34.654998779296875,2120,0.0,0.0,0.0
2024-08-09 10:30:00-04:00,34.749900817871094,34.749900817871094,34.72990036010742,34.72990036010742,1706,0.0,0.0,0.0
2024-08-09 14:30:00-04:00,34.880001068115234,34.90999984741211,34.875,34.875,899,0.0,0.0,0.0
2024-08-09 15:30:00-04:00,34.880001068115234,34.90999984741211,34.861698150634766,34.861698150634766,1215,0.0,0.0,0.0
2024-08-12 09:30:00-04:00,34.6864013671875,34.6864013671875,34.6864013671875,34.6864013671875,426,0.0,0.0,0.0
2024-08-12 10:30:00-04:00,34.55099868774414,34.55099868774414,34.55099868774414,34.55099868774414,561,0.0,0.0,0.0
2024-08-12 13:30:00-04:00,34.472599029541016,34.525001525878906,34.470001220703125,34.470001220703125,2753,0.0,0.0,0.0
2024-08-12 14:30:00-04:00,34.51499938964844,34.52799987792969,34.51499938964844,34.52799987792969,1960,0.0,0.0,0.0
2024-08-13 10:30:00-04:00,34.364601135253906,34.364601135253906,34.364601135253906,34.364601135253906,764,0.0,0.0,0.0
2024-08-13 11:30:00-04:00,34.099998474121094,34.290000915527344,34.040000915527344,34.290000915527344,2723,0.0,0.0,0.0
2024-08-13 12:30:00-04:00,34.297698974609375,34.297698974609375,34.297698974609375,34.297698974609375,333,0.0,0.0,0.0
2024-08-14 11:30:00-04:00,34.2599983215332,34.2599983215332,34.2599983215332,34.2599983215332,262,0.0,0.0,0.0
2024-08-14 13:30:00-04:00,34.25,34.25,34.25,34.25,361,0.0,0.0,0.0
2024-08-14 15:30:00-04:00,34.31760025024414,34.31760025024414,34.31760025024414,34.31760025024414,558,0.0,0.0,0.0
2024-08-15 09:30:00-04:00,34.540000915527344,34.59000015258789,34.49509811401367,34.584999084472656,1924,0.0,0.0,0.0
2024-08-15 10:30:00-04:00,34.599998474121094,34.599998474121094,34.599998474121094,34.599998474121094,17,0.0,0.0,0.0
2024-08-15 11:30:00-04:00,34.310001373291016,34.3650016784668,34.310001373291016,34.3650016784668,0,0.0,0.0,0.0
2024-08-15 14:30:00-04:00,34.36819839477539,34.36819839477539,34.36819839477539,34.36819839477539,4976,0.0,0.0,0.0
2024-08-15 15:30:00-04:00,34.29499816894531,34.36949920654297,34.29499816894531,34.36949920654297,1380,0.0,0.0,0.0
2024-08-16 09:30:00-04:00,34.470001220703125,34.52000045776367,34.470001220703125,34.5,2233,0.0,0.0,0.0
2024-08-16 10:30:00-04:00,34.459999084472656,34.459999084472656,34.459999084472656,34.459999084472656,10081,0.0,0.0,0.0
2024-08-16 12:30:00-04:00,34.50210189819336,34.50210189819336,34.50210189819336,34.50210189819336,256,0.0,0.0,0.0
2024-08-16 13:30:00-04:00,34.45000076293945,34.45000076293945,34.45000076293945,34.45000076293945,284,0.0,0.0,0.0
2024-08-16 15:30:00-04:00,34.41460037231445,34.41460037231445,34.41460037231445,34.41460037231445,245,0.0,0.0,0.0
