Datetime,Open,High,Low,Close,Volume,Dividends,Stock Splits
2024-10-10 09:00:00+09:00,1057.0,1085.0,1057.0,1073.0,0,0.0,0.0
2024-10-10 09:05:00+09:00,1055.0,1075.0,1055.0,1075.0,583,0.0,0.0
2024-10-10 09:10:00+09:00,1056.0,1079.0,1056.0,1077.0,127,0.0,0.0
2024-10-10 09:15:00+09:00,1077.0,1077.0,1058.0,1074.0,0,0.0,0.0
2024-10-10 09:20:00+09:00,1057.0,1057.0,1057.0,1057.0,4,0.0,0.0
2024-10-10 09:25:00+09:00,1058.0,1058.0,1058.0,1058.0,8,0.0,0.0
2024-10-10 09:30:00+09:00,1058.0,1067.0,1058.0,1067.0,2,0.0,0.0
2024-10-10 09:35:00+09:00,1059.0,1067.0,1059.0,1067.0,6,0.0,0.0
2024-10-10 09:40:00+09:00,1067.0,1067.0,1056.0,1057.0,640,0.0,0.0
2024-10-10 09:45:00+09:00,1058.0,1067.0,1055.0,1067.0,507,0.0,0.0
2024-10-10 09:50:00+09:00,1057.0,1057.0,1057.0,1057.0,3,0.0,0.0
2024-10-10 09:55:00+09:00,1057.0,1057.0,1057.0,1057.0,4,0.0,0.0
2024-10-10 10:00:00+09:00,1058.0,1066.0,1058.0,1066.0,444,0.0,0.0
2024-10-10 10:05:00+09:00,1059.0,1066.0,1059.0,1066.0,56,0.0,0.0
2024-10-10 10:10:00+09:00,1066.0,1066.0,1058.0,1058.0,372,0.0,0.0
2024-10-10 10:15:00+09:00,1057.0,1062.0,1055.0,1062.0,3313,0.0,0.0
2024-10-10 10:20:00+09:00,1062.0,1062.0,1057.0,1057.0,58,0.0,0.0
2024-10-10 10:30:00+09:00,1057.0,1057.0,1057.0,1057.0,4,0.0,0.0
2024-10-10 10:35:00+09:00,1059.0,1059.0,1059.0,1059.0,2,0.0,0.0
2024-10-10 10:40:00+09:00,1061.0,1062.0,1061.0,1062.0,177,0.0,0.0
2024-10-10 10:45:00+09:00,1062.0,1062.0,1062.0,1062.0,0,0.0,0.0
2024-10-10 10:50:00+09:00,1062.0,1062.0,1060.0,1060.0,131,0.0,0.0
2024-10-10 10:55:00+09:00,1060.0,1060.0,1060.0,1060.0,0,0.0,0.0
2024-10-10 11:00:00+09:00,1061.0,1061.0,1061.0,1061.0,0,0.0,0.0
2024-10-10 11:05:00+09:00,1060.0,1060.0,1060.0,1060.0,552,0.0,0.0
2024-10-10 11:10:00+09:00,1061.0,1061.0,1061.0,1061.0,0,0.0,0.0
2024-10-10 11:20:00+09:00,1061.0,1065.0,1060.0,1065.0,4,0.0,0.0
2024-10-10 11:25:00+09:00,1061.0,1061.0,1061.0,1061.0,6,0.0,0.0
2024-10-10 11:30:00+09:00,1061.0,1061.0,1060.0,1060.0,1,0.0,0.0
2024-10-10 11:35:00+09:00,1060.0,1060.0,1060.0,1060.0,2,0.0,0.0
2024-10-10 11:40:00+09:00,1060.0,1060.0,1060.0,1060.0,6,0.0,0.0
2024-10-10 11:45:00+09:00,1060.0,1060.0,1060.0,1060.0,3,0.0,0.0
2024-10-10 11:55:00+09:00,1061.0,1065.0,1061.0,1065.0,128,0.0,0.0
2024-10-10 12:00:00+09:00,1066.0,1066.0,1066.0,1066.0,0,0.0,0.0
2024-10-10 12:05:00+09:00,1066.0,1066.0,1066.0,1066.0,57,0.0,0.0
2024-10-10 12:10:00+09:00,1066.0,1066.0,1066.0,1066.0,0,0.0,0.0
2024-10-10 12:15:00+09:00,1066.0,1067.0,1066.0,1067.0,285,0.0,0.0
2024-10-10 12:20:00+09:00,1066.0,1066.0,1066.0,1066.0,1033,0.0,0.0
2024-10-10 12:25:00+09:00,1066.0,1080.0,1066.0,1080.0,5268,0.0,0.0
2024-10-10 12:30:00+09:00,1079.0,1079.0,1064.0,1064.0,0,0.0,0.0
2024-10-10 12:35:00+09:00,1075.0,1075.0,1075.0,1075.0,5,0.0,0.0
2024-10-10 12:40:00+09:00,1075.0,1075.0,1075.0,1075.0,37,0.0,0.0
2024-10-10 12:50:00+09:00,1074.0,1074.0,1074.0,1074.0,22,0.0,0.0
2024-10-10 12:55:00+09:00,1067.0,1067.0,1067.0,1067.0,0,0.0,0.0
2024-10-10 13:05:00+09:00,1075.0,1075.0,1075.0,1075.0,1,0.0,0.0
2024-10-10 13:15:00+09:00,1075.0,1077.0,1071.0,1077.0,129,0.0,0.0
2024-10-10 13:30:00+09:00,1076.0,1076.0,1076.0,1076.0,3,0.0,0.0
2024-10-10 13:35:00+09:00,1076.0,1077.0,1055.0,1071.0,3187,0.0,0.0
2024-10-10 13:50:00+09:00,1072.0,1074.0,1072.0,1074.0,29,0.0,0.0
2024-10-10 13:55:00+09:00,1074.0,1074.0,1074.0,1074.0,12,0.0,0.0
2024-10-10 14:10:00+09:00,1073.0,1074.0,1073.0,1074.0,217,0.0,0.0
2024-10-10 14:20:00+09:00,1063.0,1070.0,1060.0,1070.0,81,0.0,0.0
2024-10-10 14:25:00+09:00,1070.0,1073.0,1070.0,1073.0,381,0.0,0.0
2024-10-10 14:30:00+09:00,1073.0,1073.0,1073.0,1073.0,0,0.0,0.0
2024-10-10 14:35:00+09:00,1070.0,1070.0,1070.0,1070.0,271,0.0,0.0
2024-10-10 14:40:00+09:00,1070.0,1070.0,1063.0,1063.0,936,0.0,0.0
2024-10-10 14:45:00+09:00,1070.0,1071.0,1070.0,1070.0,1703,0.0,0.0
2024-10-10 14:50:00+09:00,1070.0,1071.0,1070.0,1070.0,255,0.0,0.0
2024-10-10 14:55:00+09:00,1070.0,1070.0,1069.0,1069.0,2,0.0,0.0
2024-10-11 09:00:00+09:00,1071.0,1087.0,1071.0,1087.0,205,0.0,0.0
2024-10-11 09:05:00+09:00,1084.0,1084.0,1084.0,1084.0,37,0.0,0.0
2024-10-11 09:10:00+09:00,1072.0,1083.0,1072.0,1083.0,11,0.0,0.0
2024-10-11 09:15:00+09:00,1072.0,1082.0,1072.0,1082.0,5,0.0,0.0
2024-10-11 09:20:00+09:00,1079.0,1082.0,1064.0,1064.0,924,0.0,0.0
2024-10-11 09:25:00+09:00,1079.0,1079.0,1068.0,1068.0,0,0.0,0.0
2024-10-11 09:30:00+09:00,1078.0,1078.0,1068.0,1077.0,8,0.0,0.0
2024-10-11 09:35:00+09:00,1077.0,1077.0,1068.0,1076.0,302,0.0,0.0
2024-10-11 09:40:00+09:00,1076.0,1077.0,1068.0,1068.0,40,0.0,0.0
2024-10-11 09:45:00+09:00,1076.0,1076.0,1076.0,1076.0,0,0.0,0.0
2024-10-11 09:50:00+09:00,1069.0,1077.0,1069.0,1077.0,541,0.0,0.0
2024-10-11 09:55:00+09:00,1077.0,1079.0,1069.0,1078.0,619,0.0,0.0
2024-10-11 10:00:00+09:00,1069.0,1078.0,1069.0,1078.0,1990,0.0,0.0
2024-10-11 10:05:00+09:00,1071.0,1071.0,1070.0,1070.0,59,0.0,0.0
2024-10-11 10:10:00+09:00,1077.0,1078.0,1070.0,1070.0,1013,0.0,0.0
2024-10-11 10:15:00+09:00,1077.0,1079.0,1071.0,1079.0,0,0.0,0.0
2024-10-11 10:20:00+09:00,1078.0,1078.0,1071.0,1071.0,106,0.0,0.0
2024-10-11 10:25:00+09:00,1077.0,1078.0,1073.0,1073.0,7,0.0,0.0
2024-10-11 10:30:00+09:00,1077.0,1077.0,1077.0,1077.0,7,0.0,0.0
2024-10-11 10:35:00+09:00,1073.0,1073.0,1073.0,1073.0,0,0.0,0.0
2024-10-11 10:40:00+09:00,1073.0,1073.0,1073.0,1073.0,7,0.0,0.0
2024-10-11 10:45:00+09:00,1073.0,1073.0,1071.0,1071.0,350,0.0,0.0
2024-10-11 10:50:00+09:00,1071.0,1071.0,1071.0,1071.0,238,0.0,0.0
2024-10-11 10:55:00+09:00,1072.0,1072.0,1071.0,1071.0,1001,0.0,0.0
2024-10-11 11:00:00+09:00,1071.0,1071.0,1071.0,1071.0,0,0.0,0.0
2024-10-11 11:05:00+09:00,1072.0,1072.0,1072.0,1072.0,3,0.0,0.0
2024-10-11 11:10:00+09:00,1076.0,1077.0,1076.0,1077.0,184,0.0,0.0
2024-10-11 11:15:00+09:00,1072.0,1072.0,1072.0,1072.0,1,0.0,0.0
2024-10-11 11:20:00+09:00,1072.0,1078.0,1072.0,1078.0,15,0.0,0.0
2024-10-11 11:25:00+09:00,1073.0,1073.0,1072.0,1072.0,1530,0.0,0.0
2024-10-11 11:30:00+09:00,1071.0,1072.0,1071.0,1072.0,1650,0.0,0.0
2024-10-11 11:35:00+09:00,1078.0,1078.0,1072.0,1078.0,11,0.0,0.0
2024-10-11 11:40:00+09:00,1072.0,1072.0,1072.0,1072.0,4,0.0,0.0
2024-10-11 11:45:00+09:00,1072.0,1072.0,1072.0,1072.0,3,0.0,0.0
2024-10-11 11:50:00+09:00,1073.0,1073.0,1071.0,1071.0,282,0.0,0.0
2024-10-11 11:55:00+09:00,1071.0,1078.0,1071.0,1078.0,96,0.0,0.0
2024-10-11 12:20:00+09:00,1076.0,1076.0,1072.0,1072.0,8,0.0,0.0
2024-10-11 12:30:00+09:00,1072.0,1072.0,1069.0,1069.0,1072,0.0,0.0
2024-10-11 12:40:00+09:00,1075.0,1076.0,1075.0,1076.0,1558,0.0,0.0
2024-10-11 12:45:00+09:00,1076.0,1078.0,1076.0,1078.0,0,0.0,0.0
2024-10-11 13:05:00+09:00,1078.0,1078.0,1071.0,1078.0,195,0.0,0.0
2024-10-11 13:15:00+09:00,1075.0,1075.0,1075.0,1075.0,1,0.0,0.0
2024-10-11 13:20:00+09:00,1076.0,1076.0,1076.0,1076.0,9,0.0,0.0
2024-10-11 13:25:00+09:00,1076.0,1076.0,1076.0,1076.0,4,0.0,0.0
2024-10-11 13:30:00+09:00,1076.0,1080.0,1076.0,1076.0,81,0.0,0.0
2024-10-11 13:35:00+09:00,1076.0,1076.0,1076.0,1076.0,847,0.0,0.0
2024-10-11 13:40:00+09:00,1071.0,1071.0,1068.0,1068.0,155,0.0,0.0
2024-10-11 13:45:00+09:00,1068.0,1076.0,1068.0,1076.0,2947,0.0,0.0
2024-10-11 13:55:00+09:00,1075.0,1075.0,1075.0,1075.0,9,0.0,0.0
2024-10-11 14:00:00+09:00,1075.0,1075.0,1075.0,1075.0,55,0.0,0.0
2024-10-11 14:10:00+09:00,1075.0,1075.0,1075.0,1075.0,0,0.0,0.0
2024-10-11 14:25:00+09:00,1075.0,1075.0,1075.0,1075.0,2282,0.0,0.0
2024-10-11 14:30:00+09:00,1067.0,1067.0,1058.0,1058.0,0,0.0,0.0
2024-10-11 14:35:00+09:00,1067.0,1073.0,1067.0,1073.0,0,0.0,0.0
2024-10-11 14:45:00+09:00,1061.0,1065.0,1058.0,1065.0,2113,0.0,0.0
2024-10-11 14:50:00+09:00,1065.0,1065.0,1065.0,1065.0,1,0.0,0.0
2024-10-11 14:55:00+09:00,1065.0,1069.0,1065.0,1069.0,3180,0.0,0.0
2024-10-14 09:00:00+09:00,1074.0,1074.0,1074.0,1074.0,0,0.0,0.0
2024-10-14 09:05:00+09:00,1067.0,1073.0,1067.0,1073.0,30,0.0,0.0
2024-10-14 09:10:00+09:00,1068.0,1068.0,1061.0,1061.0,451,0.0,0.0
2024-10-14 09:15:00+09:00,1062.0,1069.0,1062.0,1069.0,628,0.0,0.0
2024-10-14 09:20:00+09:00,1062.0,1062.0,1062.0,1062.0,4,0.0,0.0
2024-10-14 09:25:00+09:00,1062.0,1068.0,1062.0,1068.0,55,0.0,0.0
2024-10-14 09:30:00+09:00,1067.0,1067.0,1062.0,1062.0,39,0.0,0.0
2024-10-14 09:35:00+09:00,1063.0,1063.0,1063.0,1063.0,5,0.0,0.0
2024-10-14 09:40:00+09:00,1063.0,1066.0,1063.0,1066.0,4,0.0,0.0
2024-10-14 09:45:00+09:00,1066.0,1069.0,1063.0,1063.0,970,0.0,0.0
2024-10-14 09:50:00+09:00,1063.0,1063.0,1063.0,1063.0,4,0.0,0.0
2024-10-14 09:55:00+09:00,1063.0,1063.0,1063.0,1063.0,8,0.0,0.0
2024-10-14 10:00:00+09:00,1070.0,1070.0,1063.0,1063.0,8,0.0,0.0
2024-10-14 10:05:00+09:00,1063.0,1063.0,1063.0,1063.0,3,0.0,0.0
2024-10-14 10:10:00+09:00,1063.0,1063.0,1063.0,1063.0,6,0.0,0.0
2024-10-14 10:15:00+09:00,1065.0,1065.0,1065.0,1065.0,3,0.0,0.0
2024-10-14 10:20:00+09:00,1070.0,1070.0,1065.0,1065.0,15,0.0,0.0
2024-10-14 10:25:00+09:00,1069.0,1069.0,1065.0,1065.0,5,0.0,0.0
2024-10-14 10:30:00+09:00,1065.0,1069.0,1065.0,1069.0,2,0.0,0.0
2024-10-14 10:35:00+09:00,1065.0,1065.0,1065.0,1065.0,9,0.0,0.0
2024-10-14 10:40:00+09:00,1065.0,1065.0,1065.0,1065.0,5,0.0,0.0
2024-10-14 10:45:00+09:00,1065.0,1069.0,1065.0,1065.0,30,0.0,0.0
2024-10-14 10:50:00+09:00,1065.0,1067.0,1065.0,1067.0,23,0.0,0.0
2024-10-14 10:55:00+09:00,1065.0,1065.0,1065.0,1065.0,6,0.0,0.0
2024-10-14 11:00:00+09:00,1066.0,1067.0,1062.0,1062.0,482,0.0,0.0
2024-10-14 11:05:00+09:00,1067.0,1067.0,1067.0,1067.0,118,0.0,0.0
2024-10-14 11:10:00+09:00,1069.0,1069.0,1069.0,1069.0,424,0.0,0.0
2024-10-14 11:15:00+09:00,1067.0,1067.0,1067.0,1067.0,0,0.0,0.0
2024-10-14 11:20:00+09:00,1067.0,1069.0,1067.0,1069.0,503,0.0,0.0
2024-10-14 11:25:00+09:00,1067.0,1067.0,1067.0,1067.0,6,0.0,0.0
2024-10-14 11:30:00+09:00,1067.0,1069.0,1062.0,1069.0,50,0.0,0.0
2024-10-14 11:35:00+09:00,1062.0,1062.0,1062.0,1062.0,119,0.0,0.0
2024-10-14 11:40:00+09:00,1062.0,1062.0,1060.0,1060.0,71,0.0,0.0
2024-10-14 11:45:00+09:00,1068.0,1068.0,1061.0,1061.0,4,0.0,0.0
2024-10-14 11:50:00+09:00,1061.0,1061.0,1061.0,1061.0,0,0.0,0.0
2024-10-14 12:05:00+09:00,1061.0,1061.0,1061.0,1061.0,124,0.0,0.0
2024-10-14 12:10:00+09:00,1061.0,1069.0,1060.0,1060.0,117,0.0,0.0
2024-10-14 12:15:00+09:00,1069.0,1069.0,1069.0,1069.0,0,0.0,0.0
2024-10-14 12:25:00+09:00,1067.0,1067.0,1067.0,1067.0,282,0.0,0.0
2024-10-14 12:30:00+09:00,1061.0,1061.0,1061.0,1061.0,2,0.0,0.0
2024-10-14 12:40:00+09:00,1061.0,1061.0,1061.0,1061.0,999,0.0,0.0
2024-10-14 13:25:00+09:00,1062.0,1062.0,1062.0,1062.0,0,0.0,0.0
2024-10-14 13:30:00+09:00,1062.0,1062.0,1062.0,1062.0,0,0.0,0.0
2024-10-14 13:45:00+09:00,1066.0,1066.0,1066.0,1066.0,0,0.0,0.0
2024-10-14 13:50:00+09:00,1066.0,1067.0,1066.0,1067.0,90,0.0,0.0
2024-10-14 13:55:00+09:00,1067.0,1068.0,1067.0,1067.0,98,0.0,0.0
2024-10-14 14:00:00+09:00,1067.0,1067.0,1066.0,1066.0,178,0.0,0.0
2024-10-14 14:05:00+09:00,1067.0,1070.0,1066.0,1066.0,10054,0.0,0.0
2024-10-14 14:15:00+09:00,1069.0,1070.0,1069.0,1070.0,461,0.0,0.0
2024-10-14 14:20:00+09:00,1070.0,1070.0,1070.0,1070.0,6,0.0,0.0
2024-10-14 14:25:00+09:00,1070.0,1074.0,1070.0,1074.0,4,0.0,0.0
2024-10-14 14:30:00+09:00,1073.0,1073.0,1073.0,1073.0,66,0.0,0.0
2024-10-14 14:50:00+09:00,1070.0,1074.0,1070.0,1074.0,781,0.0,0.0
2024-10-14 14:55:00+09:00,1074.0,1074.0,1070.0,1070.0,476,0.0,0.0
2024-10-15 09:00:00+09:00,1063.0,1088.0,1063.0,1085.0,174,0.0,0.0
2024-10-15 09:05:00+09:00,1070.0,1085.0,1064.0,1085.0,242,0.0,0.0
2024-10-15 09:10:00+09:00,1066.0,1098.0,1066.0,1082.0,7233,0.0,0.0
2024-10-15 09:15:00+09:00,1093.0,1094.0,1072.0,1086.0,2158,0.0,0.0
2024-10-15 09:20:00+09:00,1084.0,1085.0,1065.0,1084.0,4599,0.0,0.0
2024-10-15 09:25:00+09:00,1084.0,1084.0,1071.0,1084.0,16,0.0,0.0
2024-10-15 09:30:00+09:00,1084.0,1091.0,1084.0,1085.0,1874,0.0,0.0
2024-10-15 09:35:00+09:00,1085.0,1089.0,1077.0,1089.0,390,0.0,0.0
2024-10-15 09:40:00+09:00,1089.0,1096.0,1081.0,1081.0,2084,0.0,0.0
2024-10-15 09:45:00+09:00,1095.0,1096.0,1095.0,1096.0,38,0.0,0.0
2024-10-15 09:50:00+09:00,1084.0,1096.0,1084.0,1096.0,0,0.0,0.0
2024-10-15 09:55:00+09:00,1084.0,1090.0,1084.0,1090.0,122,0.0,0.0
2024-10-15 10:00:00+09:00,1084.0,1084.0,1084.0,1084.0,865,0.0,0.0
2024-10-15 10:05:00+09:00,1084.0,1084.0,1080.0,1080.0,0,0.0,0.0
2024-10-15 10:10:00+09:00,1080.0,1080.0,1080.0,1080.0,8,0.0,0.0
2024-10-15 10:15:00+09:00,1084.0,1084.0,1080.0,1080.0,575,0.0,0.0
2024-10-15 10:20:00+09:00,1077.0,1084.0,1077.0,1084.0,0,0.0,0.0
2024-10-15 10:25:00+09:00,1077.0,1077.0,1077.0,1077.0,8,0.0,0.0
2024-10-15 10:30:00+09:00,1077.0,1084.0,1075.0,1075.0,8879,0.0,0.0
2024-10-15 10:35:00+09:00,1076.0,1076.0,1076.0,1076.0,0,0.0,0.0
2024-10-15 10:40:00+09:00,1076.0,1088.0,1076.0,1087.0,27,0.0,0.0
2024-10-15 10:45:00+09:00,1077.0,1077.0,1077.0,1077.0,1,0.0,0.0
2024-10-15 10:50:00+09:00,1078.0,1078.0,1077.0,1077.0,3,0.0,0.0
2024-10-15 10:55:00+09:00,1078.0,1078.0,1078.0,1078.0,6,0.0,0.0
2024-10-15 11:00:00+09:00,1078.0,1087.0,1078.0,1087.0,4,0.0,0.0
2024-10-15 11:05:00+09:00,1085.0,1085.0,1078.0,1078.0,40,0.0,0.0
2024-10-15 11:10:00+09:00,1078.0,1078.0,1078.0,1078.0,0,0.0,0.0
2024-10-15 11:15:00+09:00,1078.0,1078.0,1078.0,1078.0,3,0.0,0.0
2024-10-15 11:20:00+09:00,1078.0,1078.0,1078.0,1078.0,57,0.0,0.0
2024-10-15 11:25:00+09:00,1078.0,1078.0,1078.0,1078.0,6,0.0,0.0
2024-10-15 11:30:00+09:00,1078.0,1078.0,1071.0,1071.0,10003,0.0,0.0
2024-10-15 11:35:00+09:00,1083.0,1083.0,1071.0,1071.0,3,0.0,0.0
2024-10-15 11:40:00+09:00,1071.0,1071.0,1071.0,1071.0,1967,0.0,0.0
2024-10-15 11:45:00+09:00,1071.0,1071.0,1071.0,1071.0,0,0.0,0.0
2024-10-15 11:55:00+09:00,1071.0,1083.0,1071.0,1083.0,2,0.0,0.0
2024-10-15 12:00:00+09:00,1083.0,1083.0,1083.0,1083.0,11,0.0,0.0
2024-10-15 12:10:00+09:00,1071.0,1080.0,1071.0,1072.0,118,0.0,0.0
2024-10-15 12:15:00+09:00,1072.0,1072.0,1071.0,1071.0,1070,0.0,0.0
2024-10-15 12:20:00+09:00,1079.0,1079.0,1070.0,1070.0,1805,0.0,0.0
2024-10-15 12:25:00+09:00,1079.0,1079.0,1071.0,1071.0,0,0.0,0.0
2024-10-15 12:40:00+09:00,1071.0,1071.0,1071.0,1071.0,80,0.0,0.0
2024-10-15 12:50:00+09:00,1071.0,1071.0,1071.0,1071.0,10,0.0,0.0
2024-10-15 12:55:00+09:00,1071.0,1071.0,1071.0,1071.0,100,0.0,0.0
2024-10-15 13:00:00+09:00,1071.0,1071.0,1071.0,1071.0,100,0.0,0.0
2024-10-15 13:05:00+09:00,1071.0,1071.0,1071.0,1071.0,9,0.0,0.0
2024-10-15 13:20:00+09:00,1071.0,1071.0,1071.0,1071.0,2,0.0,0.0
2024-10-15 13:25:00+09:00,1071.0,1071.0,1071.0,1071.0,199,0.0,0.0
2024-10-15 13:30:00+09:00,1070.0,1070.0,1063.0,1063.0,1200,0.0,0.0
2024-10-15 13:35:00+09:00,1071.0,1071.0,1070.0,1070.0,11,0.0,0.0
2024-10-15 13:50:00+09:00,1070.0,1070.0,1070.0,1070.0,0,0.0,0.0
2024-10-15 13:55:00+09:00,1068.0,1070.0,1068.0,1070.0,5722,0.0,0.0
2024-10-15 14:00:00+09:00,1065.0,1065.0,1062.0,1062.0,0,0.0,0.0
2024-10-15 14:05:00+09:00,1069.0,1070.0,1069.0,1070.0,1401,0.0,0.0
2024-10-15 14:15:00+09:00,1070.0,1070.0,1070.0,1070.0,297,0.0,0.0
2024-10-15 14:20:00+09:00,1070.0,1076.0,1070.0,1076.0,917,0.0,0.0
2024-10-15 14:25:00+09:00,1076.0,1077.0,1076.0,1077.0,277,0.0,0.0
2024-10-15 14:30:00+09:00,1076.0,1077.0,1076.0,1076.0,528,0.0,0.0
2024-10-15 14:35:00+09:00,1070.0,1070.0,1070.0,1070.0,0,0.0,0.0
2024-10-15 14:40:00+09:00,1077.0,1077.0,1077.0,1077.0,1,0.0,0.0
2024-10-15 14:45:00+09:00,1077.0,1077.0,1077.0,1077.0,170,0.0,0.0
2024-10-15 14:50:00+09:00,1077.0,1077.0,1077.0,1077.0,124,0.0,0.0
2024-10-16 09:00:00+09:00,1081.0,1081.0,1073.0,1073.0,528,0.0,0.0
2024-10-16 09:05:00+09:00,1080.0,1083.0,1080.0,1083.0,2229,0.0,0.0
2024-10-16 09:10:00+09:00,1073.0,1073.0,1069.0,1069.0,124,0.0,0.0
2024-10-16 09:15:00+09:00,1069.0,1071.0,1069.0,1071.0,221,0.0,0.0
2024-10-16 09:20:00+09:00,1071.0,1071.0,1071.0,1071.0,88,0.0,0.0
2024-10-16 09:25:00+09:00,1071.0,1071.0,1071.0,1071.0,8,0.0,0.0
2024-10-16 09:30:00+09:00,1071.0,1071.0,1063.0,1063.0,2,0.0,0.0
2024-10-16 09:35:00+09:00,1062.0,1073.0,1062.0,1073.0,180,0.0,0.0
2024-10-16 09:40:00+09:00,1073.0,1073.0,1070.0,1070.0,132,0.0,0.0
2024-10-16 09:50:00+09:00,1070.0,1070.0,1070.0,1070.0,4,0.0,0.0
2024-10-16 09:55:00+09:00,1070.0,1070.0,1070.0,1070.0,29,0.0,0.0
2024-10-16 10:00:00+09:00,1070.0,1070.0,1070.0,1070.0,0,0.0,0.0
2024-10-16 10:05:00+09:00,1073.0,1073.0,1070.0,1070.0,5,0.0,0.0
2024-10-16 10:10:00+09:00,1073.0,1073.0,1070.0,1073.0,15,0.0,0.0
2024-10-16 10:15:00+09:00,1073.0,1091.0,1070.0,1091.0,2505,0.0,0.0
2024-10-16 10:20:00+09:00,1083.0,1083.0,1070.0,1070.0,11,0.0,0.0
2024-10-16 10:25:00+09:00,1070.0,1070.0,1070.0,1070.0,2,0.0,0.0
2024-10-16 10:30:00+09:00,1082.0,1082.0,1082.0,1082.0,0,0.0,0.0
2024-10-16 10:35:00+09:00,1089.0,1089.0,1070.0,1070.0,22,0.0,0.0
2024-10-16 10:40:00+09:00,1070.0,1070.0,1070.0,1070.0,298,0.0,0.0
2024-10-16 10:45:00+09:00,1070.0,1081.0,1070.0,1081.0,4,0.0,0.0
2024-10-16 10:50:00+09:00,1066.0,1066.0,1066.0,1066.0,0,0.0,0.0
2024-10-16 10:55:00+09:00,1067.0,1067.0,1067.0,1067.0,6549,0.0,0.0
2024-10-16 11:00:00+09:00,1067.0,1067.0,1067.0,1067.0,4,0.0,0.0
2024-10-16 11:05:00+09:00,1067.0,1067.0,1067.0,1067.0,3,0.0,0.0
2024-10-16 11:10:00+09:00,1067.0,1067.0,1056.0,1056.0,2899,0.0,0.0
2024-10-16 11:15:00+09:00,1058.0,1074.0,1058.0,1074.0,0,0.0,0.0
2024-10-16 11:20:00+09:00,1062.0,1074.0,1062.0,1074.0,7,0.0,0.0
2024-10-16 11:25:00+09:00,1062.0,1069.0,1062.0,1069.0,7,0.0,0.0
2024-10-16 11:30:00+09:00,1062.0,1062.0,1062.0,1062.0,4,0.0,0.0
2024-10-16 11:35:00+09:00,1062.0,1062.0,1056.0,1056.0,1933,0.0,0.0
2024-10-16 11:40:00+09:00,1058.0,1058.0,1058.0,1058.0,73,0.0,0.0
2024-10-16 11:45:00+09:00,1068.0,1068.0,1058.0,1058.0,1,0.0,0.0
2024-10-16 11:50:00+09:00,1058.0,1058.0,1058.0,1058.0,500,0.0,0.0
2024-10-16 11:55:00+09:00,1058.0,1068.0,1058.0,1068.0,208,0.0,0.0
2024-10-16 12:00:00+09:00,1068.0,1068.0,1068.0,1068.0,105,0.0,0.0
2024-10-16 12:35:00+09:00,1068.0,1068.0,1068.0,1068.0,417,0.0,0.0
2024-10-16 13:00:00+09:00,1060.0,1060.0,1060.0,1060.0,1,0.0,0.0
2024-10-16 13:10:00+09:00,1066.0,1066.0,1066.0,1066.0,186,0.0,0.0
2024-10-16 13:15:00+09:00,1065.0,1065.0,1065.0,1065.0,0,0.0,0.0
2024-10-16 13:20:00+09:00,1065.0,1065.0,1065.0,1065.0,50,0.0,0.0
2024-10-16 13:30:00+09:00,1065.0,1066.0,1065.0,1066.0,971,0.0,0.0
2024-10-16 13:35:00+09:00,1060.0,1067.0,1060.0,1067.0,0,0.0,0.0
2024-10-16 13:40:00+09:00,1066.0,1066.0,1066.0,1066.0,1,0.0,0.0
2024-10-16 13:55:00+09:00,1066.0,1066.0,1066.0,1066.0,27,0.0,0.0
2024-10-16 14:15:00+09:00,1064.0,1064.0,1058.0,1058.0,2224,0.0,0.0
2024-10-16 14:20:00+09:00,1061.0,1066.0,1061.0,1066.0,4235,0.0,0.0
2024-10-16 14:35:00+09:00,1064.0,1064.0,1064.0,1064.0,2,0.0,0.0
2024-10-16 14:40:00+09:00,1064.0,1064.0,1064.0,1064.0,599,0.0,0.0
2024-10-16 14:45:00+09:00,1064.0,1064.0,1064.0,1064.0,0,0.0,0.0
2024-10-17 09:00:00+09:00,1064.0,1064.0,1064.0,1064.0,99,0.0,0.0
2024-10-17 09:05:00+09:00,1060.0,1060.0,1060.0,1060.0,0,0.0,0.0
2024-10-17 09:10:00+09:00,1060.0,1060.0,1060.0,1060.0,1168,0.0,0.0
2024-10-17 09:15:00+09:00,1053.0,1053.0,1051.0,1051.0,0,0.0,0.0
2024-10-17 09:20:00+09:00,1052.0,1059.0,1052.0,1052.0,892,0.0,0.0
2024-10-17 09:25:00+09:00,1055.0,1055.0,1052.0,1052.0,601,0.0,0.0
2024-10-17 09:30:00+09:00,1055.0,1055.0,1055.0,1055.0,0,0.0,0.0
2024-10-17 09:35:00+09:00,1055.0,1055.0,1055.0,1055.0,5,0.0,0.0
2024-10-17 09:40:00+09:00,1059.0,1059.0,1055.0,1055.0,15,0.0,0.0
2024-10-17 09:45:00+09:00,1056.0,1056.0,1055.0,1055.0,75,0.0,0.0
2024-10-17 09:50:00+09:00,1055.0,1055.0,1055.0,1055.0,16,0.0,0.0
2024-10-17 09:55:00+09:00,1055.0,1070.0,1055.0,1070.0,1101,0.0,0.0
2024-10-17 10:00:00+09:00,1070.0,1090.0,1056.0,1081.0,1175,0.0,0.0
2024-10-17 10:05:00+09:00,1062.0,1062.0,1062.0,1062.0,4,0.0,0.0
2024-10-17 10:10:00+09:00,1065.0,1065.0,1065.0,1065.0,8,0.0,0.0
2024-10-17 10:15:00+09:00,1075.0,1090.0,1066.0,1066.0,1047,0.0,0.0
2024-10-17 10:20:00+09:00,1067.0,1067.0,1067.0,1067.0,0,0.0,0.0
2024-10-17 10:25:00+09:00,1068.0,1089.0,1068.0,1089.0,65,0.0,0.0
2024-10-17 10:30:00+09:00,1068.0,1089.0,1066.0,1066.0,2539,0.0,0.0
2024-10-17 10:35:00+09:00,1074.0,1088.0,1074.0,1088.0,0,0.0,0.0
2024-10-17 10:40:00+09:00,1074.0,1074.0,1074.0,1074.0,612,0.0,0.0
2024-10-17 10:45:00+09:00,1066.0,1066.0,1066.0,1066.0,0,0.0,0.0
2024-10-17 10:50:00+09:00,1081.0,1081.0,1068.0,1081.0,5,0.0,0.0
2024-10-17 10:55:00+09:00,1079.0,1083.0,1068.0,1070.0,560,0.0,0.0
2024-10-17 11:00:00+09:00,1083.0,1084.0,1070.0,1070.0,302,0.0,0.0
2024-10-17 11:05:00+09:00,1084.0,1084.0,1070.0,1070.0,8,0.0,0.0
2024-10-17 11:10:00+09:00,1084.0,1084.0,1070.0,1070.0,6,0.0,0.0
2024-10-17 11:15:00+09:00,1082.0,1082.0,1082.0,1082.0,0,0.0,0.0
2024-10-17 11:20:00+09:00,1070.0,1080.0,1069.0,1080.0,5,0.0,0.0
2024-10-17 11:25:00+09:00,1070.0,1070.0,1070.0,1070.0,6,0.0,0.0
2024-10-17 11:30:00+09:00,1078.0,1078.0,1070.0,1070.0,100,0.0,0.0
2024-10-17 11:35:00+09:00,1072.0,1080.0,1072.0,1080.0,6,0.0,0.0
2024-10-17 11:40:00+09:00,1072.0,1072.0,1072.0,1072.0,5,0.0,0.0
2024-10-17 11:45:00+09:00,1080.0,1085.0,1072.0,1085.0,452,0.0,0.0
2024-10-17 11:50:00+09:00,1085.0,1085.0,1085.0,1085.0,400,0.0,0.0
2024-10-17 11:55:00+09:00,1072.0,1084.0,1072.0,1084.0,5,0.0,0.0
2024-10-17 12:05:00+09:00,1084.0,1084.0,1084.0,1084.0,70,0.0,0.0
2024-10-17 12:30:00+09:00,1083.0,1084.0,1083.0,1084.0,2,0.0,0.0
2024-10-17 12:40:00+09:00,1084.0,1090.0,1076.0,1090.0,12102,0.0,0.0
2024-10-17 12:45:00+09:00,1090.0,1090.0,1080.0,1080.0,7,0.0,0.0
2024-10-17 12:50:00+09:00,1090.0,1090.0,1090.0,1090.0,111,0.0,0.0
2024-10-17 13:05:00+09:00,1081.0,1081.0,1081.0,1081.0,200,0.0,0.0
2024-10-17 13:10:00+09:00,1088.0,1089.0,1088.0,1089.0,13,0.0,0.0
2024-10-17 13:25:00+09:00,1089.0,1089.0,1089.0,1089.0,5238,0.0,0.0
2024-10-17 13:30:00+09:00,1090.0,1090.0,1090.0,1090.0,0,0.0,0.0
2024-10-17 13:35:00+09:00,1090.0,1090.0,1090.0,1090.0,3,0.0,0.0
2024-10-17 13:45:00+09:00,1090.0,1090.0,1090.0,1090.0,10,0.0,0.0
2024-10-17 13:55:00+09:00,1090.0,1090.0,1090.0,1090.0,844,0.0,0.0
2024-10-17 14:00:00+09:00,1083.0,1083.0,1083.0,1083.0,0,0.0,0.0
2024-10-17 14:05:00+09:00,1082.0,1082.0,1081.0,1081.0,151,0.0,0.0
2024-10-17 14:10:00+09:00,1080.0,1080.0,1080.0,1080.0,398,0.0,0.0
2024-10-17 14:15:00+09:00,1082.0,1082.0,1082.0,1082.0,0,0.0,0.0
2024-10-17 14:20:00+09:00,1078.0,1078.0,1078.0,1078.0,202,0.0,0.0
2024-10-17 14:25:00+09:00,1076.0,1076.0,1067.0,1067.0,1080,0.0,0.0
2024-10-17 14:30:00+09:00,1067.0,1078.0,1066.0,1077.0,0,0.0,0.0
2024-10-17 14:35:00+09:00,1068.0,1068.0,1066.0,1066.0,3148,0.0,0.0
2024-10-17 14:40:00+09:00,1066.0,1077.0,1066.0,1077.0,0,0.0,0.0
2024-10-17 14:55:00+09:00,1077.0,1077.0,1077.0,1077.0,7,0.0,0.0
2024-10-18 09:00:00+09:00,1070.0,1078.0,1070.0,1070.0,1895,0.0,0.0
2024-10-18 09:05:00+09:00,1068.0,1068.0,1068.0,1068.0,0,0.0,0.0
2024-10-18 09:10:00+09:00,1068.0,1068.0,1067.0,1067.0,295,0.0,0.0
2024-10-18 09:15:00+09:00,1067.0,1067.0,1061.0,1065.0,3826,0.0,0.0
2024-10-18 09:20:00+09:00,1062.0,1063.0,1054.0,1063.0,3641,0.0,0.0
2024-10-18 09:25:00+09:00,1063.0,1063.0,1063.0,1063.0,15,0.0,0.0
2024-10-18 09:30:00+09:00,1063.0,1073.0,1063.0,1073.0,96,0.0,0.0
2024-10-18 09:35:00+09:00,1073.0,1073.0,1070.0,1070.0,15,0.0,0.0
2024-10-18 09:40:00+09:00,1063.0,1081.0,1054.0,1078.0,4805,0.0,0.0
2024-10-18 09:55:00+09:00,1077.0,1077.0,1077.0,1077.0,0,0.0,0.0
2024-10-18 10:05:00+09:00,1076.0,1081.0,1076.0,1081.0,1056,0.0,0.0
2024-10-18 10:15:00+09:00,1079.0,1079.0,1079.0,1079.0,0,0.0,0.0
2024-10-18 10:20:00+09:00,1079.0,1079.0,1079.0,1079.0,0,0.0,0.0
2024-10-18 10:30:00+09:00,1070.0,1079.0,1070.0,1079.0,179,0.0,0.0
2024-10-18 10:45:00+09:00,1079.0,1079.0,1079.0,1079.0,190,0.0,0.0
2024-10-18 10:50:00+09:00,1078.0,1078.0,1078.0,1078.0,4,0.0,0.0
2024-10-18 11:10:00+09:00,1069.0,1075.0,1069.0,1075.0,3,0.0,0.0
2024-10-18 11:25:00+09:00,1075.0,1079.0,1075.0,1079.0,11,0.0,0.0
2024-10-18 11:40:00+09:00,1078.0,1079.0,1075.0,1075.0,1411,0.0,0.0
2024-10-18 11:50:00+09:00,1079.0,1079.0,1079.0,1079.0,2,0.0,0.0
2024-10-18 11:55:00+09:00,1079.0,1079.0,1079.0,1079.0,4,0.0,0.0
2024-10-18 12:20:00+09:00,1079.0,1081.0,1079.0,1081.0,292,0.0,0.0
2024-10-18 12:40:00+09:00,1080.0,1080.0,1080.0,1080.0,119,0.0,0.0
2024-10-18 12:45:00+09:00,1080.0,1080.0,1080.0,1080.0,274,0.0,0.0
2024-10-18 13:05:00+09:00,1070.0,1070.0,1069.0,1069.0,118,0.0,0.0
2024-10-18 13:20:00+09:00,1066.0,1066.0,1065.0,1065.0,1103,0.0,0.0
2024-10-18 13:25:00+09:00,1069.0,1069.0,1069.0,1069.0,0,0.0,0.0
2024-10-18 13:40:00+09:00,1065.0,1065.0,1063.0,1063.0,398,0.0,0.0
2024-10-18 13:45:00+09:00,1060.0,1060.0,1051.0,1051.0,1433,0.0,0.0
2024-10-18 14:00:00+09:00,1062.0,1062.0,1062.0,1062.0,0,0.0,0.0
2024-10-18 14:15:00+09:00,1061.0,1061.0,1061.0,1061.0,3,0.0,0.0
2024-10-18 14:25:00+09:00,1061.0,1069.0,1061.0,1069.0,828,0.0,0.0
2024-10-18 14:35:00+09:00,1060.0,1060.0,1060.0,1060.0,100,0.0,0.0
2024-10-18 14:40:00+09:00,1060.0,1061.0,1058.0,1061.0,116,0.0,0.0
2024-10-18 14:45:00+09:00,1068.0,1080.0,1068.0,1080.0,2540,0.0,0.0
2024-10-18 14:50:00+09:00,1079.0,1080.0,1079.0,1079.0,1973,0.0,0.0
2024-10-21 09:00:00+09:00,1078.0,1078.0,1062.0,1067.0,0,0.0,0.0
2024-10-21 09:05:00+09:00,1077.0,1077.0,1077.0,1077.0,69,0.0,0.0
2024-10-21 09:10:00+09:00,1066.0,1066.0,1066.0,1066.0,73,0.0,0.0
2024-10-21 09:15:00+09:00,1066.0,1066.0,1065.0,1066.0,3914,0.0,0.0
2024-10-21 09:20:00+09:00,1066.0,1066.0,1065.0,1065.0,1327,0.0,0.0
2024-10-21 09:25:00+09:00,1065.0,1066.0,1065.0,1065.0,961,0.0,0.0
2024-10-21 09:30:00+09:00,1066.0,1066.0,1065.0,1066.0,7,0.0,0.0
2024-10-21 09:35:00+09:00,1065.0,1066.0,1064.0,1066.0,1505,0.0,0.0
2024-10-21 09:40:00+09:00,1066.0,1066.0,1064.0,1064.0,1241,0.0,0.0
2024-10-21 09:45:00+09:00,1066.0,1066.0,1066.0,1066.0,837,0.0,0.0
2024-10-21 09:50:00+09:00,1064.0,1064.0,1064.0,1064.0,104,0.0,0.0
2024-10-21 09:55:00+09:00,1063.0,1066.0,1063.0,1066.0,6,0.0,0.0
2024-10-21 10:00:00+09:00,1064.0,1064.0,1063.0,1064.0,28,0.0,0.0
2024-10-21 10:05:00+09:00,1064.0,1064.0,1063.0,1063.0,516,0.0,0.0
2024-10-21 10:10:00+09:00,1063.0,1066.0,1062.0,1066.0,1256,0.0,0.0
2024-10-21 10:15:00+09:00,1066.0,1078.0,1066.0,1077.0,1713,0.0,0.0
2024-10-21 10:20:00+09:00,1078.0,1078.0,1066.0,1066.0,11,0.0,0.0
2024-10-21 10:25:00+09:00,1078.0,1078.0,1078.0,1078.0,32,0.0,0.0
2024-10-21 10:30:00+09:00,1066.0,1078.0,1066.0,1078.0,0,0.0,0.0
2024-10-21 10:35:00+09:00,1068.0,1078.0,1068.0,1078.0,153,0.0,0.0
2024-10-21 10:40:00+09:00,1073.0,1078.0,1073.0,1078.0,0,0.0,0.0
2024-10-21 10:45:00+09:00,1076.0,1076.0,1076.0,1076.0,0,0.0,0.0
2024-10-21 10:50:00+09:00,1076.0,1076.0,1075.0,1076.0,32,0.0,0.0
2024-10-21 10:55:00+09:00,1076.0,1076.0,1075.0,1076.0,2,0.0,0.0
2024-10-21 11:00:00+09:00,1075.0,1075.0,1075.0,1075.0,4,0.0,0.0
2024-10-21 11:05:00+09:00,1075.0,1075.0,1075.0,1075.0,3,0.0,0.0
2024-10-21 11:10:00+09:00,1076.0,1076.0,1073.0,1073.0,760,0.0,0.0
2024-10-21 11:15:00+09:00,1072.0,1073.0,1072.0,1073.0,0,0.0,0.0
2024-10-21 11:20:00+09:00,1073.0,1073.0,1072.0,1072.0,218,0.0,0.0
2024-10-21 11:25:00+09:00,1072.0,1073.0,1072.0,1073.0,185,0.0,0.0
2024-10-21 11:30:00+09:00,1076.0,1076.0,1075.0,1076.0,0,0.0,0.0
2024-10-21 11:35:00+09:00,1075.0,1075.0,1075.0,1075.0,0,0.0,0.0
2024-10-21 11:40:00+09:00,1076.0,1076.0,1075.0,1075.0,4,0.0,0.0
2024-10-21 11:45:00+09:00,1075.0,1075.0,1072.0,1072.0,400,0.0,0.0
2024-10-21 11:50:00+09:00,1076.0,1076.0,1076.0,1076.0,4,0.0,0.0
2024-10-21 11:55:00+09:00,1072.0,1072.0,1072.0,1072.0,4,0.0,0.0
2024-10-21 12:00:00+09:00,1075.0,1076.0,1075.0,1076.0,168,0.0,0.0
2024-10-21 12:05:00+09:00,1076.0,1076.0,1076.0,1076.0,151,0.0,0.0
2024-10-21 12:10:00+09:00,1076.0,1076.0,1075.0,1076.0,195,0.0,0.0
2024-10-21 12:15:00+09:00,1076.0,1076.0,1076.0,1076.0,30,0.0,0.0
2024-10-21 12:30:00+09:00,1076.0,1076.0,1076.0,1076.0,0,0.0,0.0
2024-10-21 12:45:00+09:00,1075.0,1075.0,1075.0,1075.0,1,0.0,0.0
2024-10-21 12:55:00+09:00,1074.0,1075.0,1074.0,1075.0,2289,0.0,0.0
2024-10-21 13:00:00+09:00,1075.0,1075.0,1075.0,1075.0,0,0.0,0.0
2024-10-21 13:05:00+09:00,1075.0,1075.0,1075.0,1075.0,520,0.0,0.0
2024-10-21 13:10:00+09:00,1075.0,1075.0,1075.0,1075.0,0,0.0,0.0
2024-10-21 13:15:00+09:00,1075.0,1076.0,1075.0,1076.0,690,0.0,0.0
2024-10-21 13:20:00+09:00,1076.0,1076.0,1071.0,1071.0,1754,0.0,0.0
2024-10-21 13:25:00+09:00,1071.0,1071.0,1071.0,1071.0,3,0.0,0.0
2024-10-21 13:30:00+09:00,1075.0,1075.0,1075.0,1075.0,4,0.0,0.0
2024-10-21 13:35:00+09:00,1075.0,1075.0,1074.0,1075.0,49,0.0,0.0
2024-10-21 13:45:00+09:00,1074.0,1075.0,1074.0,1074.0,25,0.0,0.0
2024-10-21 13:50:00+09:00,1075.0,1075.0,1075.0,1075.0,14,0.0,0.0
2024-10-21 13:55:00+09:00,1074.0,1075.0,1074.0,1075.0,211,0.0,0.0
2024-10-21 14:00:00+09:00,1075.0,1075.0,1075.0,1075.0,0,0.0,0.0
2024-10-21 14:05:00+09:00,1075.0,1075.0,1075.0,1075.0,97,0.0,0.0
2024-10-21 14:10:00+09:00,1075.0,1075.0,1075.0,1075.0,0,0.0,0.0
2024-10-21 14:15:00+09:00,1075.0,1075.0,1075.0,1075.0,10,0.0,0.0
2024-10-21 14:20:00+09:00,1074.0,1077.0,1074.0,1077.0,2616,0.0,0.0
2024-10-21 14:25:00+09:00,1077.0,1077.0,1077.0,1077.0,79,0.0,0.0
2024-10-21 14:30:00+09:00,1077.0,1088.0,1077.0,1088.0,607,0.0,0.0
2024-10-21 14:35:00+09:00,1088.0,1088.0,1088.0,1088.0,10,0.0,0.0
2024-10-21 14:40:00+09:00,1082.0,1082.0,1082.0,1082.0,2,0.0,0.0
2024-10-21 14:55:00+09:00,1083.0,1083.0,1083.0,1083.0,21,0.0,0.0
2024-10-22 09:00:00+09:00,1085.0,1094.0,1085.0,1085.0,621,0.0,0.0
2024-10-22 09:05:00+09:00,1094.0,1094.0,1093.0,1093.0,6,0.0,0.0
2024-10-22 09:10:00+09:00,1093.0,1093.0,1093.0,1093.0,24,0.0,0.0
2024-10-22 09:15:00+09:00,1092.0,1093.0,1092.0,1093.0,87,0.0,0.0
2024-10-22 09:20:00+09:00,1093.0,1094.0,1093.0,1094.0,2323,0.0,0.0
2024-10-22 09:25:00+09:00,1093.0,1103.0,1093.0,1103.0,1253,0.0,0.0
2024-10-22 09:30:00+09:00,1103.0,1103.0,1100.0,1100.0,953,0.0,0.0
2024-10-22 09:40:00+09:00,1099.0,1099.0,1088.0,1089.0,106,0.0,0.0
2024-10-22 09:45:00+09:00,1087.0,1090.0,1083.0,1090.0,4628,0.0,0.0
2024-10-22 09:50:00+09:00,1089.0,1090.0,1089.0,1090.0,2714,0.0,0.0
2024-10-22 09:55:00+09:00,1090.0,1090.0,1085.0,1086.0,0,0.0,0.0
2024-10-22 10:00:00+09:00,1090.0,1090.0,1085.0,1085.0,202,0.0,0.0
2024-10-22 10:05:00+09:00,1085.0,1085.0,1083.0,1083.0,1061,0.0,0.0
2024-10-22 10:10:00+09:00,1083.0,1084.0,1080.0,1080.0,1049,0.0,0.0
2024-10-22 10:15:00+09:00,1084.0,1090.0,1080.0,1090.0,509,0.0,0.0
2024-10-22 10:20:00+09:00,1090.0,1090.0,1090.0,1090.0,95,0.0,0.0
2024-10-22 10:25:00+09:00,1083.0,1083.0,1083.0,1083.0,270,0.0,0.0
2024-10-22 10:30:00+09:00,1083.0,1083.0,1083.0,1083.0,0,0.0,0.0
2024-10-22 10:35:00+09:00,1082.0,1082.0,1082.0,1082.0,35,0.0,0.0
2024-10-22 10:40:00+09:00,1083.0,1083.0,1083.0,1083.0,12,0.0,0.0
2024-10-22 10:45:00+09:00,1082.0,1082.0,1081.0,1081.0,410,0.0,0.0
2024-10-22 10:50:00+09:00,1080.0,1080.0,1080.0,1080.0,600,0.0,0.0
2024-10-22 11:00:00+09:00,1081.0,1081.0,1080.0,1080.0,0,0.0,0.0
2024-10-22 11:05:00+09:00,1081.0,1081.0,1081.0,1081.0,0,0.0,0.0
2024-10-22 11:10:00+09:00,1081.0,1083.0,1081.0,1082.0,694,0.0,0.0
2024-10-22 11:15:00+09:00,1082.0,1083.0,1082.0,1083.0,0,0.0,0.0
2024-10-22 11:25:00+09:00,1082.0,1082.0,1082.0,1082.0,19,0.0,0.0
2024-10-22 11:35:00+09:00,1083.0,1083.0,1083.0,1083.0,18,0.0,0.0
2024-10-22 11:40:00+09:00,1083.0,1089.0,1083.0,1089.0,499,0.0,0.0
2024-10-22 12:00:00+09:00,1087.0,1087.0,1055.0,1080.0,5015,0.0,0.0
2024-10-22 12:10:00+09:00,1077.0,1078.0,1077.0,1078.0,632,0.0,0.0
2024-10-22 12:25:00+09:00,1078.0,1078.0,1078.0,1078.0,126,0.0,0.0
2024-10-22 12:30:00+09:00,1087.0,1087.0,1087.0,1087.0,2,0.0,0.0
2024-10-22 12:35:00+09:00,1087.0,1088.0,1082.0,1082.0,703,0.0,0.0
2024-10-22 12:40:00+09:00,1088.0,1088.0,1088.0,1088.0,1,0.0,0.0
2024-10-22 13:00:00+09:00,1085.0,1085.0,1085.0,1085.0,159,0.0,0.0
2024-10-22 13:05:00+09:00,1081.0,1081.0,1081.0,1081.0,5,0.0,0.0
2024-10-22 13:10:00+09:00,1080.0,1080.0,1078.0,1078.0,152,0.0,0.0
2024-10-22 13:35:00+09:00,1080.0,1080.0,1080.0,1080.0,262,0.0,0.0
2024-10-22 13:40:00+09:00,1080.0,1080.0,1080.0,1080.0,580,0.0,0.0
2024-10-22 14:00:00+09:00,1075.0,1078.0,1051.0,1078.0,3245,0.0,0.0
2024-10-22 14:25:00+09:00,1075.0,1079.0,1075.0,1079.0,2009,0.0,0.0
2024-10-22 14:45:00+09:00,1076.0,1076.0,1076.0,1076.0,0,0.0,0.0
2024-10-22 14:55:00+09:00,1073.0,1073.0,1064.0,1064.0,4138,0.0,0.0
2024-10-23 09:00:00+09:00,1062.0,1076.0,1062.0,1076.0,59,0.0,0.0
2024-10-23 09:05:00+09:00,1066.0,1066.0,1066.0,1066.0,268,0.0,0.0
2024-10-23 09:10:00+09:00,1066.0,1066.0,1062.0,1062.0,308,0.0,0.0
2024-10-23 09:15:00+09:00,1061.0,1061.0,1052.0,1052.0,0,0.0,0.0
2024-10-23 09:20:00+09:00,1052.0,1052.0,1051.0,1051.0,748,0.0,0.0
2024-10-23 09:25:00+09:00,1051.0,1051.0,1049.0,1051.0,5067,0.0,0.0
2024-10-23 09:30:00+09:00,1051.0,1059.0,1051.0,1052.0,1059,0.0,0.0
2024-10-23 09:35:00+09:00,1052.0,1052.0,1052.0,1052.0,558,0.0,0.0
2024-10-23 09:40:00+09:00,1058.0,1059.0,1058.0,1059.0,216,0.0,0.0
2024-10-23 09:45:00+09:00,1052.0,1059.0,1052.0,1058.0,384,0.0,0.0
2024-10-23 09:50:00+09:00,1058.0,1058.0,1058.0,1058.0,236,0.0,0.0
2024-10-23 09:55:00+09:00,1057.0,1058.0,1057.0,1058.0,8,0.0,0.0
2024-10-23 10:00:00+09:00,1059.0,1059.0,1059.0,1059.0,4,0.0,0.0
2024-10-23 10:15:00+09:00,1059.0,1059.0,1056.0,1059.0,27,0.0,0.0
2024-10-23 10:20:00+09:00,1059.0,1060.0,1059.0,1060.0,3,0.0,0.0
2024-10-23 10:25:00+09:00,1054.0,1060.0,1053.0,1060.0,931,0.0,0.0
2024-10-23 10:30:00+09:00,1053.0,1053.0,1053.0,1053.0,126,0.0,0.0
2024-10-23 10:35:00+09:00,1053.0,1053.0,1051.0,1051.0,13,0.0,0.0
2024-10-23 10:40:00+09:00,1051.0,1051.0,1051.0,1051.0,1695,0.0,0.0
2024-10-23 10:45:00+09:00,1051.0,1051.0,1051.0,1051.0,0,0.0,0.0
2024-10-23 11:05:00+09:00,1053.0,1057.0,1053.0,1057.0,0,0.0,0.0
2024-10-23 11:15:00+09:00,1053.0,1053.0,1053.0,1053.0,245,0.0,0.0
2024-10-23 11:20:00+09:00,1053.0,1053.0,1053.0,1053.0,98,0.0,0.0
2024-10-23 11:30:00+09:00,1053.0,1053.0,1053.0,1053.0,1216,0.0,0.0
2024-10-23 11:40:00+09:00,1054.0,1056.0,1054.0,1056.0,0,0.0,0.0
2024-10-23 11:45:00+09:00,1056.0,1058.0,1056.0,1058.0,2281,0.0,0.0
2024-10-23 11:50:00+09:00,1054.0,1054.0,1052.0,1052.0,1000,0.0,0.0
2024-10-23 12:00:00+09:00,1053.0,1053.0,1052.0,1052.0,1383,0.0,0.0
2024-10-23 12:05:00+09:00,1052.0,1058.0,1051.0,1051.0,0,0.0,0.0
2024-10-23 12:10:00+09:00,1051.0,1051.0,1051.0,1051.0,20,0.0,0.0
2024-10-23 12:15:00+09:00,1050.0,1050.0,1050.0,1050.0,212,0.0,0.0
2024-10-23 12:35:00+09:00,1051.0,1051.0,1051.0,1051.0,110,0.0,0.0
2024-10-23 12:40:00+09:00,1051.0,1058.0,1050.0,1050.0,2601,0.0,0.0
2024-10-23 12:45:00+09:00,1050.0,1050.0,1049.0,1050.0,265,0.0,0.0
2024-10-23 12:50:00+09:00,1050.0,1050.0,1050.0,1050.0,10,0.0,0.0
2024-10-23 12:55:00+09:00,1057.0,1057.0,1057.0,1057.0,2,0.0,0.0
2024-10-23 13:00:00+09:00,1057.0,1057.0,1057.0,1057.0,399,0.0,0.0
2024-10-23 13:05:00+09:00,1057.0,1057.0,1057.0,1057.0,31,0.0,0.0
2024-10-23 13:10:00+09:00,1057.0,1057.0,1055.0,1055.0,379,0.0,0.0
2024-10-23 13:15:00+09:00,1058.0,1058.0,1058.0,1058.0,0,0.0,0.0
2024-10-23 13:25:00+09:00,1055.0,1058.0,1055.0,1058.0,300,0.0,0.0
2024-10-23 13:35:00+09:00,1058.0,1058.0,1051.0,1051.0,1709,0.0,0.0
2024-10-23 13:45:00+09:00,1058.0,1058.0,1058.0,1058.0,0,0.0,0.0
2024-10-23 13:50:00+09:00,1059.0,1059.0,1058.0,1058.0,260,0.0,0.0
2024-10-23 13:55:00+09:00,1058.0,1058.0,1058.0,1058.0,682,0.0,0.0
2024-10-23 14:05:00+09:00,1058.0,1058.0,1058.0,1058.0,0,0.0,0.0
2024-10-23 14:20:00+09:00,1058.0,1058.0,1058.0,1058.0,325,0.0,0.0
2024-10-23 14:30:00+09:00,1054.0,1060.0,1054.0,1055.0,106,0.0,0.0
2024-10-23 14:35:00+09:00,1056.0,1056.0,1056.0,1056.0,2,0.0,0.0
2024-10-23 14:45:00+09:00,1057.0,1057.0,1057.0,1057.0,95,0.0,0.0
2024-10-23 14:50:00+09:00,1057.0,1057.0,1050.0,1050.0,4008,0.0,0.0
2024-10-23 14:55:00+09:00,1055.0,1055.0,1055.0,1055.0,101,0.0,0.0
2024-10-24 09:00:00+09:00,1066.0,1066.0,1058.0,1062.0,112,0.0,0.0
2024-10-24 09:05:00+09:00,1058.0,1063.0,1042.0,1063.0,627,0.0,0.0
2024-10-24 09:15:00+09:00,1059.0,1059.0,1059.0,1059.0,2,0.0,0.0
2024-10-24 09:20:00+09:00,1059.0,1059.0,1059.0,1059.0,19,0.0,0.0
2024-10-24 09:25:00+09:00,1059.0,1059.0,1059.0,1059.0,0,0.0,0.0
2024-10-24 09:30:00+09:00,1059.0,1063.0,1059.0,1063.0,106,0.0,0.0
2024-10-24 09:40:00+09:00,1050.0,1062.0,1050.0,1062.0,62,0.0,0.0
2024-10-24 09:45:00+09:00,1062.0,1062.0,1062.0,1062.0,170,0.0,0.0
2024-10-24 09:50:00+09:00,1062.0,1062.0,1062.0,1062.0,0,0.0,0.0
2024-10-24 09:55:00+09:00,1062.0,1062.0,1062.0,1062.0,87,0.0,0.0
2024-10-24 10:10:00+09:00,1056.0,1062.0,1056.0,1062.0,47,0.0,0.0
2024-10-24 10:15:00+09:00,1062.0,1062.0,1054.0,1054.0,0,0.0,0.0
2024-10-24 10:20:00+09:00,1054.0,1061.0,1053.0,1061.0,519,0.0,0.0
2024-10-24 10:25:00+09:00,1053.0,1053.0,1000.0,1035.0,10002,0.0,0.0
2024-10-24 10:30:00+09:00,1035.0,1036.0,1030.0,1034.0,3712,0.0,0.0
2024-10-24 10:35:00+09:00,1034.0,1035.0,1034.0,1035.0,0,0.0,0.0
2024-10-24 10:40:00+09:00,1036.0,1036.0,1036.0,1036.0,0,0.0,0.0
2024-10-24 10:45:00+09:00,1034.0,1040.0,1033.0,1035.0,1140,0.0,0.0
2024-10-24 10:50:00+09:00,1039.0,1040.0,1039.0,1040.0,52,0.0,0.0
2024-10-24 11:00:00+09:00,1037.0,1037.0,1037.0,1037.0,2,0.0,0.0
2024-10-24 11:10:00+09:00,1038.0,1038.0,1038.0,1038.0,2,0.0,0.0
2024-10-24 11:15:00+09:00,1038.0,1039.0,1038.0,1039.0,500,0.0,0.0
2024-10-24 11:20:00+09:00,1035.0,1035.0,1035.0,1035.0,410,0.0,0.0
2024-10-24 11:30:00+09:00,1034.0,1034.0,1027.0,1027.0,3986,0.0,0.0
2024-10-24 11:35:00+09:00,1027.0,1027.0,1027.0,1027.0,0,0.0,0.0
2024-10-24 11:40:00+09:00,1029.0,1029.0,1028.0,1028.0,3912,0.0,0.0
2024-10-24 11:50:00+09:00,1030.0,1030.0,1030.0,1030.0,0,0.0,0.0
2024-10-24 11:55:00+09:00,1030.0,1036.0,1030.0,1036.0,10,0.0,0.0
2024-10-24 12:05:00+09:00,1036.0,1036.0,1036.0,1036.0,9,0.0,0.0
2024-10-24 12:10:00+09:00,1036.0,1036.0,1034.0,1034.0,11,0.0,0.0
2024-10-24 12:25:00+09:00,1034.0,1034.0,1034.0,1034.0,1,0.0,0.0
2024-10-24 12:35:00+09:00,1033.0,1033.0,1028.0,1028.0,16,0.0,0.0
2024-10-24 12:40:00+09:00,1029.0,1033.0,1028.0,1033.0,106,0.0,0.0
2024-10-24 12:45:00+09:00,1033.0,1033.0,1033.0,1033.0,499,0.0,0.0
2024-10-24 13:05:00+09:00,1029.0,1032.0,1029.0,1032.0,5,0.0,0.0
2024-10-24 13:10:00+09:00,1032.0,1032.0,1032.0,1032.0,100,0.0,0.0
2024-10-24 13:20:00+09:00,1031.0,1031.0,1031.0,1031.0,19,0.0,0.0
2024-10-24 13:25:00+09:00,1029.0,1029.0,1027.0,1027.0,1004,0.0,0.0
2024-10-24 13:35:00+09:00,1031.0,1031.0,1031.0,1031.0,0,0.0,0.0
2024-10-24 13:40:00+09:00,1030.0,1030.0,1030.0,1030.0,366,0.0,0.0
2024-10-24 13:45:00+09:00,1028.0,1028.0,1028.0,1028.0,0,0.0,0.0
2024-10-24 13:50:00+09:00,1031.0,1031.0,1030.0,1030.0,6,0.0,0.0
2024-10-24 13:55:00+09:00,1031.0,1031.0,1031.0,1031.0,0,0.0,0.0
2024-10-24 14:00:00+09:00,1028.0,1028.0,1028.0,1028.0,126,0.0,0.0
2024-10-24 14:05:00+09:00,1028.0,1028.0,1028.0,1028.0,737,0.0,0.0
2024-10-24 14:10:00+09:00,1028.0,1028.0,1011.0,1016.0,9740,0.0,0.0
2024-10-24 14:15:00+09:00,1019.0,1020.0,1019.0,1020.0,572,0.0,0.0
2024-10-24 14:20:00+09:00,1020.0,1020.0,1020.0,1020.0,29,0.0,0.0
2024-10-24 14:30:00+09:00,1020.0,1030.0,1014.0,1030.0,2634,0.0,0.0
2024-10-24 14:35:00+09:00,1029.0,1030.0,1029.0,1030.0,334,0.0,0.0
2024-10-24 14:40:00+09:00,1029.0,1030.0,1029.0,1030.0,11195,0.0,0.0
2024-10-24 14:45:00+09:00,1030.0,1046.0,1030.0,1046.0,1572,0.0,0.0
2024-10-24 14:50:00+09:00,1046.0,1055.0,1046.0,1055.0,2786,0.0,0.0
2024-10-24 14:55:00+09:00,1055.0,1055.0,1055.0,1055.0,2,0.0,0.0
2024-10-25 09:00:00+09:00,1050.0,1090.0,1050.0,1067.0,825,0.0,0.0
2024-10-25 09:05:00+09:00,1066.0,1066.0,1066.0,1066.0,0,0.0,0.0
2024-10-25 09:15:00+09:00,1062.0,1062.0,1062.0,1062.0,512,0.0,0.0
2024-10-25 09:30:00+09:00,1062.0,1062.0,1062.0,1062.0,11,0.0,0.0
2024-10-25 09:35:00+09:00,1051.0,1062.0,1051.0,1062.0,10,0.0,0.0
2024-10-25 09:40:00+09:00,1051.0,1062.0,1051.0,1061.0,26,0.0,0.0
2024-10-25 09:45:00+09:00,1061.0,1061.0,1061.0,1061.0,17,0.0,0.0
2024-10-25 10:15:00+09:00,1061.0,1061.0,1061.0,1061.0,11,0.0,0.0
2024-10-25 10:40:00+09:00,1051.0,1051.0,1050.0,1050.0,97,0.0,0.0
2024-10-25 10:45:00+09:00,1061.0,1061.0,1061.0,1061.0,0,0.0,0.0
2024-10-25 10:50:00+09:00,1061.0,1061.0,1061.0,1061.0,6,0.0,0.0
2024-10-25 11:25:00+09:00,1061.0,1061.0,1061.0,1061.0,5,0.0,0.0
2024-10-25 11:35:00+09:00,1061.0,1061.0,1061.0,1061.0,1,0.0,0.0
2024-10-25 11:40:00+09:00,1061.0,1061.0,1061.0,1061.0,20,0.0,0.0
2024-10-25 12:10:00+09:00,1059.0,1060.0,1059.0,1060.0,36,0.0,0.0
2024-10-25 12:15:00+09:00,1054.0,1061.0,1052.0,1061.0,0,0.0,0.0
2024-10-25 12:30:00+09:00,1061.0,1061.0,1051.0,1051.0,175,0.0,0.0
2024-10-25 12:35:00+09:00,1061.0,1061.0,1061.0,1061.0,1,0.0,0.0
2024-10-25 13:10:00+09:00,1050.0,1056.0,1040.0,1056.0,5005,0.0,0.0
2024-10-25 13:25:00+09:00,1053.0,1053.0,1053.0,1053.0,4,0.0,0.0
2024-10-25 13:35:00+09:00,1053.0,1062.0,1053.0,1062.0,3002,0.0,0.0
2024-10-25 13:45:00+09:00,1061.0,1062.0,1049.0,1049.0,1189,0.0,0.0
2024-10-25 13:50:00+09:00,1060.0,1062.0,1060.0,1062.0,407,0.0,0.0
2024-10-25 13:55:00+09:00,1050.0,1062.0,1050.0,1062.0,4,0.0,0.0
2024-10-25 14:00:00+09:00,1062.0,1067.0,1062.0,1067.0,845,0.0,0.0
2024-10-25 14:25:00+09:00,1050.0,1050.0,1049.0,1049.0,0,0.0,0.0
2024-10-25 14:30:00+09:00,1056.0,1056.0,1056.0,1056.0,0,0.0,0.0
2024-10-25 14:40:00+09:00,1055.0,1055.0,1045.0,1045.0,452,0.0,0.0
2024-10-25 14:45:00+09:00,1044.0,1055.0,1044.0,1055.0,358,0.0,0.0
2024-10-28 09:00:00+09:00,1048.0,1048.0,1048.0,1048.0,0,0.0,0.0
2024-10-28 09:05:00+09:00,1047.0,1047.0,1040.0,1040.0,613,0.0,0.0
2024-10-28 09:10:00+09:00,1041.0,1046.0,1041.0,1046.0,6,0.0,0.0
2024-10-28 09:15:00+09:00,1046.0,1047.0,1041.0,1041.0,450,0.0,0.0
2024-10-28 09:20:00+09:00,1041.0,1047.0,1040.0,1043.0,652,0.0,0.0
2024-10-28 09:25:00+09:00,1042.0,1042.0,1034.0,1034.0,1701,0.0,0.0
2024-10-28 09:30:00+09:00,1047.0,1047.0,1032.0,1032.0,292,0.0,0.0
2024-10-28 09:35:00+09:00,1047.0,1047.0,1032.0,1032.0,234,0.0,0.0
2024-10-28 09:40:00+09:00,1032.0,1046.0,1032.0,1032.0,1453,0.0,0.0
2024-10-28 09:45:00+09:00,1031.0,1046.0,1031.0,1046.0,31,0.0,0.0
2024-10-28 09:50:00+09:00,1032.0,1032.0,1032.0,1032.0,5,0.0,0.0
2024-10-28 09:55:00+09:00,1046.0,1046.0,1032.0,1032.0,6,0.0,0.0
2024-10-28 10:00:00+09:00,1032.0,1032.0,1029.0,1029.0,2603,0.0,0.0
2024-10-28 10:05:00+09:00,1039.0,1040.0,1030.0,1040.0,0,0.0,0.0
2024-10-28 10:10:00+09:00,1031.0,1031.0,1031.0,1031.0,8228,0.0,0.0
2024-10-28 10:15:00+09:00,1031.0,1041.0,1031.0,1041.0,101,0.0,0.0
2024-10-28 10:20:00+09:00,1041.0,1041.0,1031.0,1031.0,56,0.0,0.0
2024-10-28 10:25:00+09:00,1041.0,1047.0,1041.0,1047.0,1547,0.0,0.0
2024-10-28 10:30:00+09:00,1032.0,1032.0,1032.0,1032.0,4,0.0,0.0
2024-10-28 10:35:00+09:00,1032.0,1046.0,1032.0,1046.0,5,0.0,0.0
2024-10-28 10:40:00+09:00,1032.0,1046.0,1032.0,1032.0,649,0.0,0.0
2024-10-28 10:45:00+09:00,1032.0,1046.0,1032.0,1044.0,670,0.0,0.0
2024-10-28 10:50:00+09:00,1034.0,1034.0,1034.0,1034.0,4,0.0,0.0
2024-10-28 10:55:00+09:00,1034.0,1034.0,1034.0,1034.0,8,0.0,0.0
2024-10-28 11:00:00+09:00,1043.0,1043.0,1034.0,1034.0,90,0.0,0.0
2024-10-28 11:05:00+09:00,1034.0,1034.0,1034.0,1034.0,4,0.0,0.0
2024-10-28 11:15:00+09:00,1034.0,1034.0,1034.0,1034.0,0,0.0,0.0
2024-10-28 11:20:00+09:00,1034.0,1034.0,1031.0,1031.0,295,0.0,0.0
2024-10-28 11:25:00+09:00,1030.0,1030.0,1027.0,1027.0,495,0.0,0.0
2024-10-28 11:30:00+09:00,1027.0,1027.0,1025.0,1027.0,869,0.0,0.0
2024-10-28 11:35:00+09:00,1027.0,1027.0,1025.0,1025.0,467,0.0,0.0
2024-10-28 11:40:00+09:00,1025.0,1025.0,1025.0,1025.0,6,0.0,0.0
2024-10-28 11:45:00+09:00,1025.0,1025.0,1025.0,1025.0,0,0.0,0.0
2024-10-28 11:50:00+09:00,1027.0,1027.0,1025.0,1026.0,360,0.0,0.0
2024-10-28 11:55:00+09:00,1027.0,1032.0,1027.0,1032.0,1347,0.0,0.0
2024-10-28 12:00:00+09:00,1032.0,1032.0,1030.0,1031.0,478,0.0,0.0
2024-10-28 12:05:00+09:00,1031.0,1032.0,1031.0,1032.0,63,0.0,0.0
2024-10-28 12:10:00+09:00,1032.0,1032.0,1032.0,1032.0,12,0.0,0.0
2024-10-28 12:15:00+09:00,1032.0,1032.0,1032.0,1032.0,32,0.0,0.0
2024-10-28 12:20:00+09:00,1032.0,1032.0,1031.0,1032.0,7,0.0,0.0
2024-10-28 12:25:00+09:00,1032.0,1032.0,1031.0,1031.0,670,0.0,0.0
2024-10-28 12:35:00+09:00,1031.0,1032.0,1030.0,1032.0,113,0.0,0.0
2024-10-28 12:40:00+09:00,1031.0,1032.0,1031.0,1032.0,4,0.0,0.0
2024-10-28 12:45:00+09:00,1030.0,1032.0,1030.0,1032.0,1141,0.0,0.0
2024-10-28 12:50:00+09:00,1033.0,1033.0,1033.0,1033.0,3,0.0,0.0
2024-10-28 13:00:00+09:00,1033.0,1033.0,1033.0,1033.0,1,0.0,0.0
2024-10-28 13:05:00+09:00,1032.0,1033.0,1030.0,1030.0,3052,0.0,0.0
2024-10-28 13:10:00+09:00,1030.0,1030.0,1027.0,1028.0,2189,0.0,0.0
2024-10-28 13:15:00+09:00,1030.0,1030.0,1029.0,1029.0,0,0.0,0.0
2024-10-28 13:35:00+09:00,1029.0,1029.0,1029.0,1029.0,70,0.0,0.0
2024-10-28 13:40:00+09:00,1033.0,1034.0,1033.0,1034.0,697,0.0,0.0
2024-10-28 13:45:00+09:00,1037.0,1059.0,1037.0,1059.0,2882,0.0,0.0
2024-10-28 13:50:00+09:00,1059.0,1085.0,1028.0,1039.0,10881,0.0,0.0
2024-10-28 13:55:00+09:00,1033.0,1033.0,1033.0,1033.0,322,0.0,0.0
2024-10-28 14:00:00+09:00,1032.0,1035.0,1030.0,1035.0,2224,0.0,0.0
2024-10-28 14:05:00+09:00,1034.0,1034.0,1034.0,1034.0,0,0.0,0.0
2024-10-28 14:10:00+09:00,1034.0,1034.0,1032.0,1032.0,196,0.0,0.0
2024-10-28 14:15:00+09:00,1032.0,1032.0,1032.0,1032.0,9,0.0,0.0
2024-10-28 14:20:00+09:00,1032.0,1034.0,1032.0,1034.0,16,0.0,0.0
2024-10-28 14:25:00+09:00,1032.0,1035.0,1032.0,1035.0,884,0.0,0.0
2024-10-28 14:30:00+09:00,1041.0,1041.0,1041.0,1041.0,22,0.0,0.0
2024-10-28 14:35:00+09:00,1040.0,1041.0,1040.0,1041.0,110,0.0,0.0
2024-10-28 14:40:00+09:00,1041.0,1041.0,1041.0,1041.0,100,0.0,0.0
2024-10-28 14:45:00+09:00,1041.0,1041.0,1041.0,1041.0,50,0.0,0.0
2024-10-28 14:50:00+09:00,1040.0,1040.0,1036.0,1036.0,59,0.0,0.0
2024-10-28 14:55:00+09:00,1040.0,1040.0,1040.0,1040.0,6,0.0,0.0
2024-10-29 09:00:00+09:00,1071.0,1071.0,1017.0,1045.0,4162,0.0,0.0
2024-10-29 09:05:00+09:00,1066.0,1066.0,1044.0,1044.0,521,0.0,0.0
2024-10-29 09:10:00+09:00,1050.0,1066.0,1050.0,1066.0,15,0.0,0.0
2024-10-29 09:15:00+09:00,1066.0,1067.0,1050.0,1050.0,1409,0.0,0.0
2024-10-29 09:20:00+09:00,1047.0,1047.0,1043.0,1045.0,1249,0.0,0.0
2024-10-29 09:25:00+09:00,1043.0,1059.0,1043.0,1059.0,0,0.0,0.0
2024-10-29 09:30:00+09:00,1059.0,1060.0,1036.0,1060.0,43,0.0,0.0
2024-10-29 09:35:00+09:00,1060.0,1060.0,1042.0,1042.0,23,0.0,0.0
2024-10-29 09:40:00+09:00,1060.0,1060.0,1042.0,1042.0,24,0.0,0.0
2024-10-29 09:50:00+09:00,1042.0,1058.0,1042.0,1058.0,5,0.0,0.0
2024-10-29 09:55:00+09:00,1042.0,1058.0,1031.0,1058.0,0,0.0,0.0
2024-10-29 10:00:00+09:00,1040.0,1040.0,1040.0,1040.0,7476,0.0,0.0
2024-10-29 10:05:00+09:00,1040.0,1058.0,1040.0,1058.0,5,0.0,0.0
2024-10-29 10:10:00+09:00,1040.0,1058.0,1040.0,1058.0,4,0.0,0.0
2024-10-29 10:15:00+09:00,1058.0,1058.0,1040.0,1040.0,9,0.0,0.0
2024-10-29 10:20:00+09:00,1057.0,1057.0,1040.0,1057.0,7,0.0,0.0
2024-10-29 10:25:00+09:00,1040.0,1040.0,1040.0,1040.0,3,0.0,0.0
2024-10-29 10:35:00+09:00,1040.0,1057.0,1040.0,1057.0,5,0.0,0.0
2024-10-29 10:40:00+09:00,1040.0,1057.0,1040.0,1057.0,8,0.0,0.0
2024-10-29 10:45:00+09:00,1040.0,1058.0,1040.0,1058.0,4,0.0,0.0
2024-10-29 10:50:00+09:00,1040.0,1058.0,1040.0,1058.0,5,0.0,0.0
2024-10-29 10:55:00+09:00,1040.0,1058.0,1031.0,1031.0,181,0.0,0.0
2024-10-29 11:00:00+09:00,1058.0,1058.0,1031.0,1031.0,5,0.0,0.0
2024-10-29 11:05:00+09:00,1037.0,1037.0,1037.0,1037.0,3,0.0,0.0
2024-10-29 11:10:00+09:00,1058.0,1058.0,1058.0,1058.0,0,0.0,0.0
2024-10-29 11:15:00+09:00,1037.0,1058.0,1037.0,1058.0,3,0.0,0.0
2024-10-29 11:20:00+09:00,1045.0,1045.0,1045.0,1045.0,3,0.0,0.0
2024-10-29 11:25:00+09:00,1045.0,1057.0,1045.0,1057.0,5,0.0,0.0
2024-10-29 11:30:00+09:00,1045.0,1058.0,1045.0,1058.0,595,0.0,0.0
2024-10-29 11:35:00+09:00,1038.0,1038.0,1038.0,1038.0,6,0.0,0.0
2024-10-29 11:40:00+09:00,1038.0,1038.0,1038.0,1038.0,3,0.0,0.0
2024-10-29 11:45:00+09:00,1057.0,1059.0,1039.0,1039.0,500,0.0,0.0
2024-10-29 11:50:00+09:00,1039.0,1039.0,1039.0,1039.0,3,0.0,0.0
2024-10-29 11:55:00+09:00,1039.0,1039.0,1037.0,1038.0,0,0.0,0.0
2024-10-29 12:00:00+09:00,1059.0,1059.0,1059.0,1059.0,9270,0.0,0.0
2024-10-29 12:15:00+09:00,1058.0,1058.0,1058.0,1058.0,0,0.0,0.0
2024-10-29 12:25:00+09:00,1055.0,1055.0,1055.0,1055.0,2,0.0,0.0
2024-10-29 12:40:00+09:00,1053.0,1059.0,1053.0,1059.0,1888,0.0,0.0
2024-10-29 12:50:00+09:00,1058.0,1058.0,1058.0,1058.0,0,0.0,0.0
2024-10-29 13:15:00+09:00,1058.0,1058.0,1044.0,1057.0,192,0.0,0.0
2024-10-29 13:25:00+09:00,1057.0,1057.0,1057.0,1057.0,13,0.0,0.0
2024-10-29 13:35:00+09:00,1057.0,1057.0,1057.0,1057.0,0,0.0,0.0
2024-10-29 13:50:00+09:00,1043.0,1055.0,1042.0,1042.0,441,0.0,0.0
2024-10-29 13:55:00+09:00,1041.0,1041.0,1038.0,1040.0,217,0.0,0.0
2024-10-29 14:00:00+09:00,1047.0,1047.0,1039.0,1039.0,36,0.0,0.0
2024-10-29 14:05:00+09:00,1047.0,1047.0,1047.0,1047.0,0,0.0,0.0
2024-10-29 14:10:00+09:00,1045.0,1045.0,1035.0,1035.0,691,0.0,0.0
2024-10-29 14:15:00+09:00,1033.0,1033.0,1020.0,1020.0,16095,0.0,0.0
2024-10-29 14:20:00+09:00,1023.0,1033.0,1023.0,1033.0,537,0.0,0.0
2024-10-29 14:25:00+09:00,1033.0,1034.0,1029.0,1029.0,2989,0.0,0.0
2024-10-29 14:30:00+09:00,1029.0,1034.0,1026.0,1034.0,0,0.0,0.0
2024-10-29 14:45:00+09:00,1032.0,1032.0,1028.0,1028.0,1386,0.0,0.0
2024-10-29 14:50:00+09:00,1032.0,1032.0,1032.0,1032.0,9,0.0,0.0
2024-10-29 14:55:00+09:00,1030.0,1032.0,1030.0,1032.0,1,0.0,0.0
2024-10-30 09:00:00+09:00,1026.0,1049.0,1026.0,1049.0,89,0.0,0.0
2024-10-30 09:05:00+09:00,1038.0,1047.0,1038.0,1047.0,24,0.0,0.0
2024-10-30 09:10:00+09:00,1047.0,1047.0,1045.0,1045.0,118,0.0,0.0
2024-10-30 09:15:00+09:00,1045.0,1048.0,1040.0,1048.0,1440,0.0,0.0
2024-10-30 09:20:00+09:00,1048.0,1050.0,1048.0,1050.0,1030,0.0,0.0
2024-10-30 09:30:00+09:00,1047.0,1047.0,1042.0,1042.0,161,0.0,0.0
2024-10-30 09:35:00+09:00,1042.0,1050.0,1042.0,1050.0,0,0.0,0.0
2024-10-30 09:40:00+09:00,1050.0,1050.0,1050.0,1050.0,23,0.0,0.0
2024-10-30 09:45:00+09:00,1050.0,1050.0,1050.0,1050.0,6,0.0,0.0
2024-10-30 09:50:00+09:00,1050.0,1050.0,1032.0,1049.0,291,0.0,0.0
2024-10-30 09:55:00+09:00,1050.0,1050.0,1050.0,1050.0,899,0.0,0.0
2024-10-30 10:00:00+09:00,1048.0,1048.0,1048.0,1048.0,0,0.0,0.0
2024-10-30 10:05:00+09:00,1048.0,1048.0,1033.0,1033.0,0,0.0,0.0
2024-10-30 10:10:00+09:00,1047.0,1048.0,1047.0,1048.0,4098,0.0,0.0
2024-10-30 10:15:00+09:00,1048.0,1048.0,1033.0,1047.0,15,0.0,0.0
2024-10-30 10:20:00+09:00,1047.0,1048.0,1047.0,1048.0,70,0.0,0.0
2024-10-30 10:40:00+09:00,1047.0,1048.0,1047.0,1048.0,64,0.0,0.0
2024-10-30 10:50:00+09:00,1047.0,1047.0,1047.0,1047.0,2,0.0,0.0
2024-10-30 11:20:00+09:00,1036.0,1036.0,1036.0,1036.0,526,0.0,0.0
2024-10-30 11:30:00+09:00,1048.0,1048.0,1048.0,1048.0,0,0.0,0.0
2024-10-30 11:40:00+09:00,1037.0,1048.0,1037.0,1048.0,1116,0.0,0.0
2024-10-30 11:45:00+09:00,1048.0,1048.0,1048.0,1048.0,0,0.0,0.0
2024-10-30 11:50:00+09:00,1039.0,1039.0,1039.0,1039.0,90,0.0,0.0
2024-10-30 11:55:00+09:00,1048.0,1048.0,1039.0,1047.0,0,0.0,0.0
2024-10-30 12:10:00+09:00,1039.0,1039.0,1039.0,1039.0,3,0.0,0.0
2024-10-30 12:20:00+09:00,1039.0,1039.0,1039.0,1039.0,405,0.0,0.0
2024-10-30 12:25:00+09:00,1046.0,1046.0,1046.0,1046.0,0,0.0,0.0
2024-10-30 12:45:00+09:00,1040.0,1040.0,1038.0,1038.0,48,0.0,0.0
2024-10-30 12:50:00+09:00,1046.0,1046.0,1046.0,1046.0,2,0.0,0.0
2024-10-30 13:00:00+09:00,1046.0,1046.0,1038.0,1038.0,77,0.0,0.0
2024-10-30 13:05:00+09:00,1037.0,1037.0,1037.0,1037.0,2,0.0,0.0
2024-10-30 13:10:00+09:00,1036.0,1036.0,1033.0,1033.0,411,0.0,0.0
2024-10-30 13:15:00+09:00,1034.0,1040.0,1033.0,1040.0,157,0.0,0.0
2024-10-30 13:30:00+09:00,1040.0,1040.0,1040.0,1040.0,1,0.0,0.0
2024-10-30 13:45:00+09:00,1040.0,1040.0,1040.0,1040.0,133,0.0,0.0
2024-10-30 13:55:00+09:00,1036.0,1040.0,1032.0,1040.0,987,0.0,0.0
2024-10-30 14:15:00+09:00,1032.0,1032.0,1032.0,1032.0,107,0.0,0.0
2024-10-30 14:20:00+09:00,1031.0,1031.0,1029.0,1029.0,1307,0.0,0.0
2024-10-30 14:25:00+09:00,1029.0,1039.0,1029.0,1039.0,1420,0.0,0.0
2024-10-30 14:35:00+09:00,1030.0,1040.0,1028.0,1040.0,504,0.0,0.0
2024-10-30 14:40:00+09:00,1039.0,1040.0,1039.0,1040.0,196,0.0,0.0
2024-10-30 14:50:00+09:00,1029.0,1029.0,1028.0,1028.0,0,0.0,0.0
2024-10-30 14:55:00+09:00,1029.0,1029.0,1027.0,1027.0,2662,0.0,0.0
2024-10-31 09:00:00+09:00,1032.0,1035.0,1027.0,1027.0,2526,0.0,0.0
2024-10-31 09:05:00+09:00,1028.0,1033.0,1026.0,1028.0,329,0.0,0.0
2024-10-31 09:10:00+09:00,1028.0,1033.0,1027.0,1030.0,14,0.0,0.0
2024-10-31 09:15:00+09:00,1030.0,1030.0,1028.0,1030.0,238,0.0,0.0
2024-10-31 09:20:00+09:00,1029.0,1029.0,1029.0,1029.0,19,0.0,0.0
2024-10-31 09:25:00+09:00,1029.0,1030.0,1022.0,1023.0,1614,0.0,0.0
2024-10-31 09:30:00+09:00,1023.0,1023.0,1023.0,1023.0,33,0.0,0.0
2024-10-31 09:35:00+09:00,1023.0,1028.0,1023.0,1023.0,16,0.0,0.0
2024-10-31 09:40:00+09:00,1028.0,1028.0,1024.0,1024.0,56,0.0,0.0
2024-10-31 09:45:00+09:00,1027.0,1029.0,1027.0,1029.0,290,0.0,0.0
2024-10-31 09:50:00+09:00,1028.0,1031.0,1028.0,1031.0,26,0.0,0.0
2024-10-31 09:55:00+09:00,1031.0,1031.0,1024.0,1029.0,5148,0.0,0.0
2024-10-31 10:00:00+09:00,1030.0,1031.0,1024.0,1031.0,154,0.0,0.0
2024-10-31 10:05:00+09:00,1031.0,1031.0,1024.0,1024.0,975,0.0,0.0
2024-10-31 10:10:00+09:00,1031.0,1031.0,1026.0,1031.0,0,0.0,0.0
2024-10-31 10:15:00+09:00,1031.0,1031.0,1025.0,1031.0,69,0.0,0.0
2024-10-31 10:20:00+09:00,1026.0,1026.0,1026.0,1026.0,7,0.0,0.0
2024-10-31 10:25:00+09:00,1031.0,1031.0,1026.0,1026.0,228,0.0,0.0
2024-10-31 10:30:00+09:00,1031.0,1031.0,1027.0,1027.0,103,0.0,0.0
2024-10-31 10:35:00+09:00,1030.0,1030.0,1027.0,1027.0,14,0.0,0.0
2024-10-31 10:40:00+09:00,1028.0,1030.0,1028.0,1030.0,26,0.0,0.0
2024-10-31 10:45:00+09:00,1030.0,1030.0,1030.0,1030.0,72,0.0,0.0
2024-10-31 10:50:00+09:00,1030.0,1030.0,1029.0,1029.0,4,0.0,0.0
2024-10-31 10:55:00+09:00,1029.0,1031.0,1029.0,1031.0,7,0.0,0.0
2024-10-31 11:00:00+09:00,1031.0,1031.0,1029.0,1029.0,221,0.0,0.0
2024-10-31 11:05:00+09:00,1031.0,1033.0,1031.0,1033.0,450,0.0,0.0
2024-10-31 11:10:00+09:00,1035.0,1035.0,1034.0,1034.0,4,0.0,0.0
2024-10-31 11:15:00+09:00,1033.0,1035.0,1033.0,1035.0,2,0.0,0.0
2024-10-31 11:20:00+09:00,1033.0,1033.0,1033.0,1033.0,50,0.0,0.0
2024-10-31 11:25:00+09:00,1031.0,1035.0,1031.0,1035.0,18,0.0,0.0
2024-10-31 11:30:00+09:00,1035.0,1039.0,1035.0,1039.0,1401,0.0,0.0
2024-10-31 11:35:00+09:00,1039.0,1039.0,1035.0,1039.0,224,0.0,0.0
2024-10-31 11:40:00+09:00,1039.0,1042.0,1038.0,1042.0,1352,0.0,0.0
2024-10-31 11:45:00+09:00,1042.0,1042.0,1041.0,1041.0,98,0.0,0.0
2024-10-31 11:50:00+09:00,1041.0,1042.0,1039.0,1039.0,9876,0.0,0.0
2024-10-31 11:55:00+09:00,1039.0,1039.0,1036.0,1036.0,0,0.0,0.0
2024-10-31 12:10:00+09:00,1035.0,1036.0,1020.0,1036.0,3001,0.0,0.0
2024-10-31 12:25:00+09:00,1033.0,1033.0,1033.0,1033.0,309,0.0,0.0
2024-10-31 12:30:00+09:00,1033.0,1036.0,1033.0,1036.0,0,0.0,0.0
2024-10-31 12:35:00+09:00,1036.0,1036.0,1036.0,1036.0,113,0.0,0.0
2024-10-31 12:40:00+09:00,1036.0,1037.0,1036.0,1036.0,136,0.0,0.0
2024-10-31 12:45:00+09:00,1037.0,1037.0,1037.0,1037.0,29,0.0,0.0
2024-10-31 12:50:00+09:00,1036.0,1037.0,1036.0,1037.0,77,0.0,0.0
2024-10-31 13:00:00+09:00,1033.0,1037.0,1033.0,1037.0,61,0.0,0.0
2024-10-31 13:05:00+09:00,1033.0,1033.0,1033.0,1033.0,304,0.0,0.0
2024-10-31 13:10:00+09:00,1028.0,1028.0,1027.0,1027.0,6,0.0,0.0
2024-10-31 13:15:00+09:00,1027.0,1028.0,1025.0,1028.0,16552,0.0,0.0
2024-10-31 13:20:00+09:00,1028.0,1028.0,1028.0,1028.0,1555,0.0,0.0
2024-10-31 13:30:00+09:00,1033.0,1033.0,1033.0,1033.0,10,0.0,0.0
2024-10-31 13:35:00+09:00,1033.0,1033.0,1033.0,1033.0,185,0.0,0.0
2024-10-31 13:45:00+09:00,1037.0,1039.0,1037.0,1039.0,2509,0.0,0.0
2024-10-31 13:50:00+09:00,1038.0,1038.0,1038.0,1038.0,0,0.0,0.0
2024-10-31 14:00:00+09:00,1038.0,1039.0,1038.0,1038.0,0,0.0,0.0
2024-10-31 14:05:00+09:00,1038.0,1038.0,1038.0,1038.0,150,0.0,0.0
2024-10-31 14:25:00+09:00,1038.0,1038.0,1038.0,1038.0,0,0.0,0.0
2024-10-31 14:35:00+09:00,1038.0,1038.0,1038.0,1038.0,118,0.0,0.0
2024-10-31 14:40:00+09:00,1039.0,1039.0,1029.0,1029.0,1044,0.0,0.0
2024-10-31 14:45:00+09:00,1038.0,1038.0,1038.0,1038.0,0,0.0,0.0
2024-10-31 14:50:00+09:00,1031.0,1031.0,1031.0,1031.0,5,0.0,0.0
2024-11-01 09:00:00+09:00,1028.0,1028.0,1028.0,1028.0,438,0.0,0.0
2024-11-01 09:05:00+09:00,1023.0,1023.0,1023.0,1023.0,40,0.0,0.0
2024-11-01 09:10:00+09:00,1023.0,1039.0,1023.0,1039.0,20,0.0,0.0
2024-11-01 09:15:00+09:00,1030.0,1031.0,1030.0,1030.0,187,0.0,0.0
2024-11-01 09:20:00+09:00,1026.0,1026.0,1026.0,1026.0,4,0.0,0.0
2024-11-01 09:25:00+09:00,1035.0,1035.0,1026.0,1026.0,17,0.0,0.0
2024-11-01 09:30:00+09:00,1035.0,1035.0,1025.0,1025.0,369,0.0,0.0
2024-11-01 09:35:00+09:00,1025.0,1025.0,1024.0,1025.0,167,0.0,0.0
2024-11-01 09:40:00+09:00,1025.0,1025.0,1025.0,1025.0,7,0.0,0.0
2024-11-01 09:45:00+09:00,1034.0,1034.0,1030.0,1034.0,15,0.0,0.0
2024-11-01 09:50:00+09:00,1030.0,1034.0,1030.0,1034.0,74,0.0,0.0
2024-11-01 09:55:00+09:00,1025.0,1038.0,1023.0,1024.0,1257,0.0,0.0
2024-11-01 10:00:00+09:00,1025.0,1025.0,1023.0,1023.0,91,0.0,0.0
2024-11-01 10:05:00+09:00,1023.0,1032.0,1021.0,1021.0,672,0.0,0.0
2024-11-01 10:10:00+09:00,1021.0,1021.0,1021.0,1021.0,0,0.0,0.0
2024-11-01 10:15:00+09:00,1032.0,1032.0,1021.0,1031.0,9,0.0,0.0
2024-11-01 10:20:00+09:00,1031.0,1031.0,1022.0,1022.0,122,0.0,0.0
2024-11-01 10:25:00+09:00,1023.0,1023.0,1023.0,1023.0,0,0.0,0.0
2024-11-01 10:30:00+09:00,1031.0,1031.0,1031.0,1031.0,0,0.0,0.0
2024-11-01 10:35:00+09:00,1023.0,1023.0,1023.0,1023.0,3,0.0,0.0
2024-11-01 10:40:00+09:00,1023.0,1031.0,1021.0,1031.0,520,0.0,0.0
2024-11-01 10:45:00+09:00,1022.0,1031.0,1022.0,1031.0,90,0.0,0.0
2024-11-01 10:50:00+09:00,1022.0,1022.0,1022.0,1022.0,3,0.0,0.0
2024-11-01 10:55:00+09:00,1022.0,1022.0,1022.0,1022.0,15,0.0,0.0
2024-11-01 11:00:00+09:00,1031.0,1031.0,1022.0,1022.0,1,0.0,0.0
2024-11-01 11:05:00+09:00,1029.0,1029.0,1023.0,1023.0,7,0.0,0.0
2024-11-01 11:15:00+09:00,1029.0,1031.0,1023.0,1023.0,123,0.0,0.0
2024-11-01 11:20:00+09:00,1023.0,1023.0,1023.0,1023.0,3,0.0,0.0
2024-11-01 11:25:00+09:00,1023.0,1023.0,1023.0,1023.0,6,0.0,0.0
2024-11-01 11:30:00+09:00,1023.0,1023.0,1023.0,1023.0,0,0.0,0.0
2024-11-01 11:35:00+09:00,1024.0,1024.0,1024.0,1024.0,3,0.0,0.0
2024-11-01 11:40:00+09:00,1031.0,1031.0,1024.0,1024.0,103,0.0,0.0
2024-11-01 11:45:00+09:00,1031.0,1031.0,1024.0,1024.0,5,0.0,0.0
2024-11-01 11:50:00+09:00,1024.0,1024.0,1024.0,1024.0,0,0.0,0.0
2024-11-01 12:05:00+09:00,1030.0,1030.0,1030.0,1030.0,176,0.0,0.0
2024-11-01 12:20:00+09:00,1030.0,1030.0,1025.0,1025.0,0,0.0,0.0
2024-11-01 12:25:00+09:00,1030.0,1030.0,1030.0,1030.0,0,0.0,0.0
2024-11-01 12:30:00+09:00,1030.0,1031.0,1030.0,1031.0,136,0.0,0.0
2024-11-01 12:35:00+09:00,1025.0,1025.0,1025.0,1025.0,0,0.0,0.0
2024-11-01 12:40:00+09:00,1025.0,1026.0,1025.0,1026.0,30,0.0,0.0
2024-11-01 12:45:00+09:00,1026.0,1026.0,1026.0,1026.0,15,0.0,0.0
2024-11-01 12:50:00+09:00,1026.0,1026.0,1024.0,1024.0,117,0.0,0.0
2024-11-01 12:55:00+09:00,1025.0,1031.0,1025.0,1031.0,460,0.0,0.0
2024-11-01 13:00:00+09:00,1024.0,1024.0,1024.0,1024.0,13,0.0,0.0
2024-11-01 13:05:00+09:00,1024.0,1024.0,1023.0,1024.0,328,0.0,0.0
2024-11-01 13:10:00+09:00,1024.0,1025.0,1024.0,1025.0,908,0.0,0.0
2024-11-01 13:15:00+09:00,1025.0,1025.0,1021.0,1021.0,2084,0.0,0.0
2024-11-01 13:20:00+09:00,1022.0,1022.0,1022.0,1022.0,0,0.0,0.0
2024-11-01 13:35:00+09:00,1022.0,1022.0,1022.0,1022.0,1100,0.0,0.0
2024-11-01 13:45:00+09:00,1023.0,1023.0,1023.0,1023.0,160,0.0,0.0
2024-11-01 13:55:00+09:00,1023.0,1023.0,1023.0,1023.0,34,0.0,0.0
2024-11-01 14:05:00+09:00,1025.0,1025.0,1025.0,1025.0,1,0.0,0.0
2024-11-01 14:10:00+09:00,1025.0,1025.0,1025.0,1025.0,400,0.0,0.0
2024-11-01 14:15:00+09:00,1022.0,1022.0,1022.0,1022.0,0,0.0,0.0
2024-11-01 14:20:00+09:00,1023.0,1025.0,1022.0,1022.0,187,0.0,0.0
2024-11-01 14:40:00+09:00,1022.0,1022.0,1021.0,1021.0,849,0.0,0.0
2024-11-01 14:45:00+09:00,1021.0,1021.0,1021.0,1021.0,133,0.0,0.0
2024-11-01 14:50:00+09:00,1021.0,1021.0,1020.0,1020.0,3767,0.0,0.0
2024-11-04 09:00:00+09:00,1012.0,1024.0,1012.0,1024.0,0,0.0,0.0
2024-11-04 09:05:00+09:00,1024.0,1024.0,1024.0,1024.0,0,0.0,0.0
2024-11-04 09:10:00+09:00,1020.0,1020.0,1020.0,1020.0,7,0.0,0.0
2024-11-04 09:15:00+09:00,1021.0,1021.0,1010.0,1010.0,3611,0.0,0.0
2024-11-04 09:20:00+09:00,1010.0,1020.0,1010.0,1020.0,665,0.0,0.0
2024-11-04 09:25:00+09:00,1020.0,1020.0,1010.0,1010.0,106,0.0,0.0
2024-11-04 09:30:00+09:00,1018.0,1018.0,1014.0,1014.0,504,0.0,0.0
2024-11-04 09:35:00+09:00,1017.0,1017.0,1014.0,1014.0,401,0.0,0.0
2024-11-04 09:40:00+09:00,1014.0,1018.0,1014.0,1018.0,5281,0.0,0.0
2024-11-04 09:45:00+09:00,1018.0,1018.0,1018.0,1018.0,13,0.0,0.0
2024-11-04 09:50:00+09:00,1014.0,1020.0,1014.0,1020.0,1762,0.0,0.0
2024-11-04 09:55:00+09:00,1017.0,1017.0,1017.0,1017.0,0,0.0,0.0
2024-11-04 10:00:00+09:00,1017.0,1024.0,1017.0,1024.0,11,0.0,0.0
2024-11-04 10:05:00+09:00,1024.0,1024.0,1017.0,1024.0,35,0.0,0.0
2024-11-04 10:10:00+09:00,1017.0,1024.0,1017.0,1024.0,0,0.0,0.0
2024-11-04 10:15:00+09:00,1024.0,1025.0,1018.0,1025.0,55,0.0,0.0
2024-11-04 10:20:00+09:00,1020.0,1025.0,1020.0,1025.0,3,0.0,0.0
2024-11-04 10:25:00+09:00,1020.0,1025.0,1020.0,1025.0,85,0.0,0.0
2024-11-04 10:30:00+09:00,1025.0,1040.0,1025.0,1040.0,265,0.0,0.0
2024-11-04 10:35:00+09:00,1040.0,1040.0,1034.0,1040.0,1054,0.0,0.0
2024-11-04 10:40:00+09:00,1028.0,1039.0,1028.0,1039.0,25,0.0,0.0
2024-11-04 10:45:00+09:00,1028.0,1039.0,1028.0,1039.0,0,0.0,0.0
2024-11-04 10:50:00+09:00,1028.0,1040.0,1028.0,1040.0,193,0.0,0.0
2024-11-04 10:55:00+09:00,1030.0,1030.0,1030.0,1030.0,0,0.0,0.0
2024-11-04 11:00:00+09:00,1030.0,1030.0,1030.0,1030.0,100,0.0,0.0
2024-11-04 11:05:00+09:00,1039.0,1039.0,1022.0,1022.0,296,0.0,0.0
2024-11-04 11:10:00+09:00,1039.0,1039.0,1027.0,1027.0,99,0.0,0.0
2024-11-04 11:15:00+09:00,1027.0,1027.0,1027.0,1027.0,0,0.0,0.0
2024-11-04 11:20:00+09:00,1027.0,1027.0,1027.0,1027.0,3,0.0,0.0
2024-11-04 11:25:00+09:00,1032.0,1032.0,1031.0,1031.0,7,0.0,0.0
2024-11-04 11:30:00+09:00,1032.0,1032.0,1021.0,1021.0,2418,0.0,0.0
2024-11-04 11:35:00+09:00,1021.0,1029.0,1014.0,1015.0,8166,0.0,0.0
2024-11-04 11:40:00+09:00,1023.0,1023.0,1017.0,1017.0,6,0.0,0.0
2024-11-04 11:45:00+09:00,1017.0,1017.0,1014.0,1014.0,10060,0.0,0.0
2024-11-04 11:50:00+09:00,1019.0,1019.0,1014.0,1014.0,7,0.0,0.0
2024-11-04 12:00:00+09:00,1019.0,1019.0,1017.0,1017.0,259,0.0,0.0
2024-11-04 12:05:00+09:00,1021.0,1021.0,1021.0,1021.0,0,0.0,0.0
2024-11-04 12:15:00+09:00,1021.0,1021.0,1021.0,1021.0,184,0.0,0.0
2024-11-04 12:20:00+09:00,1021.0,1021.0,1021.0,1021.0,20,0.0,0.0
2024-11-04 12:25:00+09:00,1019.0,1019.0,1019.0,1019.0,20,0.0,0.0
2024-11-04 12:30:00+09:00,1021.0,1021.0,1021.0,1021.0,0,0.0,0.0
2024-11-04 12:35:00+09:00,1021.0,1022.0,1021.0,1022.0,84,0.0,0.0
2024-11-04 12:40:00+09:00,1022.0,1028.0,1022.0,1028.0,405,0.0,0.0
2024-11-04 12:45:00+09:00,1019.0,1025.0,1019.0,1025.0,0,0.0,0.0
2024-11-04 12:50:00+09:00,1025.0,1025.0,1025.0,1025.0,29,0.0,0.0
2024-11-04 13:25:00+09:00,1024.0,1028.0,1019.0,1019.0,1701,0.0,0.0
2024-11-04 13:30:00+09:00,1027.0,1027.0,1027.0,1027.0,0,0.0,0.0
2024-11-04 13:40:00+09:00,1027.0,1029.0,1027.0,1029.0,920,0.0,0.0
2024-11-04 13:45:00+09:00,1029.0,1029.0,1029.0,1029.0,0,0.0,0.0
2024-11-04 13:55:00+09:00,1026.0,1026.0,1023.0,1024.0,399,0.0,0.0
2024-11-04 14:00:00+09:00,1024.0,1024.0,1024.0,1024.0,51,0.0,0.0
2024-11-04 14:10:00+09:00,1027.0,1027.0,1027.0,1027.0,0,0.0,0.0
2024-11-04 14:20:00+09:00,1022.0,1022.0,1022.0,1022.0,350,0.0,0.0
2024-11-04 14:25:00+09:00,1027.0,1027.0,1027.0,1027.0,4,0.0,0.0
2024-11-04 14:30:00+09:00,1022.0,1022.0,1022.0,1022.0,2,0.0,0.0
2024-11-04 14:40:00+09:00,1022.0,1022.0,1022.0,1022.0,98,0.0,0.0
2024-11-04 14:45:00+09:00,1027.0,1027.0,1027.0,1027.0,0,0.0,0.0
2024-11-04 14:55:00+09:00,1022.0,1022.0,1022.0,1022.0,98,0.0,0.0
2024-11-05 09:00:00+09:00,1027.0,1048.0,1025.0,1035.0,1215,0.0,0.0
2024-11-05 09:05:00+09:00,1029.0,1029.0,1029.0,1029.0,10,0.0,0.0
2024-11-05 09:10:00+09:00,1022.0,1100.0,1020.0,1100.0,5242,0.0,0.0
2024-11-05 09:15:00+09:00,1100.0,1118.0,1057.0,1110.0,18773,0.0,0.0
2024-11-05 09:20:00+09:00,1110.0,1110.0,1066.0,1099.0,8396,0.0,0.0
2024-11-05 09:25:00+09:00,1098.0,1099.0,1082.0,1095.0,7230,0.0,0.0
2024-11-05 09:30:00+09:00,1095.0,1095.0,1074.0,1075.0,5542,0.0,0.0
2024-11-05 09:35:00+09:00,1089.0,1089.0,1076.0,1086.0,0,0.0,0.0
2024-11-05 09:40:00+09:00,1085.0,1086.0,1085.0,1086.0,0,0.0,0.0
2024-11-05 09:45:00+09:00,1084.0,1086.0,1082.0,1083.0,2044,0.0,0.0
2024-11-05 09:50:00+09:00,1082.0,1086.0,1082.0,1086.0,2013,0.0,0.0
2024-11-05 09:55:00+09:00,1085.0,1085.0,1084.0,1085.0,7,0.0,0.0
2024-11-05 10:00:00+09:00,1079.0,1084.0,1072.0,1080.0,652,0.0,0.0
2024-11-05 10:05:00+09:00,1080.0,1084.0,1079.0,1084.0,74,0.0,0.0
2024-11-05 10:10:00+09:00,1084.0,1085.0,1084.0,1085.0,50,0.0,0.0
2024-11-05 10:15:00+09:00,1084.0,1084.0,1077.0,1083.0,124,0.0,0.0
2024-11-05 10:25:00+09:00,1076.0,1076.0,1066.0,1066.0,1033,0.0,0.0
2024-11-05 10:30:00+09:00,1063.0,1066.0,1061.0,1063.0,670,0.0,0.0
2024-11-05 10:35:00+09:00,1063.0,1065.0,1063.0,1065.0,58,0.0,0.0
2024-11-05 10:40:00+09:00,1062.0,1062.0,1061.0,1061.0,785,0.0,0.0
2024-11-05 10:45:00+09:00,1059.0,1061.0,1058.0,1061.0,312,0.0,0.0
2024-11-05 10:50:00+09:00,1059.0,1059.0,1058.0,1058.0,604,0.0,0.0
2024-11-05 10:55:00+09:00,1059.0,1059.0,1058.0,1058.0,202,0.0,0.0
2024-11-05 11:00:00+09:00,1061.0,1061.0,1061.0,1061.0,0,0.0,0.0
2024-11-05 11:05:00+09:00,1058.0,1059.0,1054.0,1054.0,923,0.0,0.0
2024-11-05 11:25:00+09:00,1054.0,1054.0,1050.0,1050.0,786,0.0,0.0
2024-11-05 11:30:00+09:00,1054.0,1054.0,1054.0,1054.0,1,0.0,0.0
2024-11-05 11:55:00+09:00,1052.0,1052.0,1052.0,1052.0,0,0.0,0.0
2024-11-05 12:00:00+09:00,1052.0,1052.0,1052.0,1052.0,2,0.0,0.0
2024-11-05 12:10:00+09:00,1053.0,1053.0,1053.0,1053.0,1,0.0,0.0
2024-11-05 12:25:00+09:00,1053.0,1059.0,1053.0,1059.0,172,0.0,0.0
2024-11-05 12:40:00+09:00,1059.0,1059.0,1059.0,1059.0,19,0.0,0.0
2024-11-05 12:55:00+09:00,1059.0,1059.0,1059.0,1059.0,10,0.0,0.0
2024-11-05 13:00:00+09:00,1053.0,1053.0,1052.0,1052.0,57,0.0,0.0
2024-11-05 13:05:00+09:00,1052.0,1052.0,1052.0,1052.0,66,0.0,0.0
2024-11-05 13:20:00+09:00,1058.0,1058.0,1052.0,1052.0,78,0.0,0.0
2024-11-05 13:35:00+09:00,1052.0,1058.0,1052.0,1058.0,502,0.0,0.0
2024-11-05 13:45:00+09:00,1052.0,1058.0,1051.0,1058.0,153,0.0,0.0
2024-11-05 13:55:00+09:00,1051.0,1058.0,1050.0,1058.0,1029,0.0,0.0
2024-11-05 14:15:00+09:00,1056.0,1056.0,1056.0,1056.0,0,0.0,0.0
2024-11-05 14:20:00+09:00,1050.0,1050.0,1047.0,1047.0,900,0.0,0.0
2024-11-05 14:25:00+09:00,1050.0,1050.0,1049.0,1049.0,24,0.0,0.0
2024-11-05 14:30:00+09:00,1049.0,1049.0,1046.0,1046.0,575,0.0,0.0
2024-11-05 14:35:00+09:00,1045.0,1045.0,1020.0,1044.0,1607,0.0,0.0
2024-11-05 14:40:00+09:00,1044.0,1044.0,1044.0,1044.0,10,0.0,0.0
2024-11-05 14:45:00+09:00,1044.0,1044.0,1039.0,1044.0,1639,0.0,0.0
2024-11-05 14:50:00+09:00,1044.0,1044.0,1040.0,1040.0,521,0.0,0.0
2024-11-05 14:55:00+09:00,1038.0,1040.0,1036.0,1040.0,681,0.0,0.0
2024-11-06 09:00:00+09:00,1057.0,1120.0,1057.0,1085.0,4617,0.0,0.0
2024-11-06 09:05:00+09:00,1099.0,1099.0,1082.0,1084.0,1374,0.0,0.0
2024-11-06 09:10:00+09:00,1084.0,1095.0,1073.0,1073.0,1062,0.0,0.0
2024-11-06 09:15:00+09:00,1074.0,1089.0,1067.0,1071.0,3184,0.0,0.0
2024-11-06 09:20:00+09:00,1071.0,1077.0,1057.0,1057.0,3084,0.0,0.0
2024-11-06 09:25:00+09:00,1058.0,1068.0,1057.0,1060.0,3338,0.0,0.0
2024-11-06 09:30:00+09:00,1060.0,1060.0,1060.0,1060.0,170,0.0,0.0
2024-11-06 09:35:00+09:00,1065.0,1082.0,1061.0,1080.0,2938,0.0,0.0
2024-11-06 09:40:00+09:00,1080.0,1090.0,1080.0,1089.0,3762,0.0,0.0
2024-11-06 09:45:00+09:00,1088.0,1092.0,1084.0,1092.0,1303,0.0,0.0
2024-11-06 09:50:00+09:00,1092.0,1102.0,1092.0,1101.0,8770,0.0,0.0
2024-11-06 09:55:00+09:00,1096.0,1102.0,1096.0,1101.0,3405,0.0,0.0
2024-11-06 10:00:00+09:00,1101.0,1107.0,1100.0,1106.0,3179,0.0,0.0
2024-11-06 10:05:00+09:00,1097.0,1097.0,1093.0,1093.0,2605,0.0,0.0
2024-11-06 10:10:00+09:00,1104.0,1110.0,1104.0,1110.0,5049,0.0,0.0
2024-11-06 10:15:00+09:00,1106.0,1106.0,1106.0,1106.0,1299,0.0,0.0
2024-11-06 10:20:00+09:00,1106.0,1106.0,1099.0,1099.0,572,0.0,0.0
2024-11-06 10:25:00+09:00,1105.0,1114.0,1104.0,1104.0,5543,0.0,0.0
2024-11-06 10:30:00+09:00,1104.0,1104.0,1104.0,1104.0,0,0.0,0.0
2024-11-06 10:35:00+09:00,1109.0,1110.0,1109.0,1110.0,134,0.0,0.0
2024-11-06 10:40:00+09:00,1109.0,1109.0,1100.0,1109.0,1311,0.0,0.0
2024-11-06 10:45:00+09:00,1107.0,1108.0,1107.0,1108.0,142,0.0,0.0
2024-11-06 10:50:00+09:00,1108.0,1114.0,1108.0,1114.0,7566,0.0,0.0
2024-11-06 10:55:00+09:00,1114.0,1146.0,1114.0,1141.0,35120,0.0,0.0
2024-11-06 11:00:00+09:00,1136.0,1145.0,1132.0,1132.0,17514,0.0,0.0
2024-11-06 11:05:00+09:00,1132.0,1134.0,1119.0,1125.0,780,0.0,0.0
2024-11-06 11:10:00+09:00,1125.0,1136.0,1125.0,1135.0,250,0.0,0.0
2024-11-06 11:15:00+09:00,1134.0,1139.0,1130.0,1139.0,10935,0.0,0.0
2024-11-06 11:20:00+09:00,1138.0,1146.0,1132.0,1145.0,10385,0.0,0.0
2024-11-06 11:25:00+09:00,1141.0,1146.0,1127.0,1127.0,5678,0.0,0.0
2024-11-06 11:30:00+09:00,1128.0,1134.0,1127.0,1134.0,2362,0.0,0.0
2024-11-06 11:35:00+09:00,1134.0,1134.0,1119.0,1119.0,5194,0.0,0.0
2024-11-06 11:40:00+09:00,1125.0,1131.0,1119.0,1120.0,522,0.0,0.0
2024-11-06 11:45:00+09:00,1120.0,1124.0,1105.0,1114.0,3724,0.0,0.0
2024-11-06 11:50:00+09:00,1110.0,1110.0,1107.0,1107.0,792,0.0,0.0
2024-11-06 11:55:00+09:00,1107.0,1111.0,1106.0,1106.0,674,0.0,0.0
2024-11-06 12:00:00+09:00,1106.0,1110.0,1104.0,1110.0,266,0.0,0.0
2024-11-06 12:10:00+09:00,1110.0,1110.0,1110.0,1110.0,4,0.0,0.0
2024-11-06 12:15:00+09:00,1105.0,1105.0,1089.0,1090.0,10445,0.0,0.0
2024-11-06 12:20:00+09:00,1090.0,1095.0,1090.0,1090.0,5,0.0,0.0
2024-11-06 12:25:00+09:00,1095.0,1095.0,1091.0,1095.0,3348,0.0,0.0
2024-11-06 12:30:00+09:00,1092.0,1092.0,1089.0,1089.0,1920,0.0,0.0
2024-11-06 12:35:00+09:00,1089.0,1090.0,1089.0,1089.0,2743,0.0,0.0
2024-11-06 12:40:00+09:00,1094.0,1094.0,1088.0,1089.0,199,0.0,0.0
2024-11-06 12:50:00+09:00,1091.0,1094.0,1088.0,1094.0,2406,0.0,0.0
2024-11-06 12:55:00+09:00,1094.0,1095.0,1094.0,1095.0,513,0.0,0.0
2024-11-06 13:00:00+09:00,1099.0,1099.0,1094.0,1094.0,41,0.0,0.0
2024-11-06 13:05:00+09:00,1091.0,1091.0,1088.0,1089.0,8509,0.0,0.0
2024-11-06 13:10:00+09:00,1089.0,1095.0,1089.0,1095.0,1505,0.0,0.0
2024-11-06 13:20:00+09:00,1093.0,1093.0,1093.0,1093.0,0,0.0,0.0
2024-11-06 13:25:00+09:00,1093.0,1104.0,1093.0,1104.0,2735,0.0,0.0
2024-11-06 13:30:00+09:00,1103.0,1104.0,1103.0,1104.0,0,0.0,0.0
2024-11-06 13:35:00+09:00,1097.0,1101.0,1091.0,1101.0,1077,0.0,0.0
2024-11-06 13:40:00+09:00,1091.0,1091.0,1090.0,1090.0,838,0.0,0.0
2024-11-06 13:45:00+09:00,1091.0,1091.0,1091.0,1091.0,0,0.0,0.0
2024-11-06 13:50:00+09:00,1098.0,1098.0,1098.0,1098.0,4,0.0,0.0
2024-11-06 13:55:00+09:00,1094.0,1098.0,1094.0,1098.0,125,0.0,0.0
2024-11-06 14:00:00+09:00,1094.0,1098.0,1094.0,1098.0,62,0.0,0.0
2024-11-06 14:05:00+09:00,1097.0,1098.0,1097.0,1098.0,6,0.0,0.0
2024-11-06 14:10:00+09:00,1098.0,1104.0,1098.0,1104.0,2402,0.0,0.0
2024-11-06 14:15:00+09:00,1104.0,1105.0,1097.0,1105.0,867,0.0,0.0
2024-11-06 14:20:00+09:00,1103.0,1104.0,1103.0,1104.0,4,0.0,0.0
2024-11-06 14:25:00+09:00,1097.0,1097.0,1089.0,1096.0,10054,0.0,0.0
2024-11-06 14:35:00+09:00,1089.0,1095.0,1083.0,1095.0,2000,0.0,0.0
2024-11-06 14:40:00+09:00,1091.0,1103.0,1091.0,1103.0,2301,0.0,0.0
2024-11-06 14:50:00+09:00,1103.0,1103.0,1103.0,1103.0,3,0.0,0.0
2024-11-06 14:55:00+09:00,1092.0,1092.0,1090.0,1090.0,1198,0.0,0.0
2024-11-07 09:00:00+09:00,1052.0,1096.0,1052.0,1093.0,1999,0.0,0.0
2024-11-07 09:05:00+09:00,1066.0,1092.0,1050.0,1059.0,17019,0.0,0.0
2024-11-07 09:10:00+09:00,1052.0,1059.0,1050.0,1050.0,6155,0.0,0.0
2024-11-07 09:15:00+09:00,1059.0,1059.0,1059.0,1059.0,0,0.0,0.0
2024-11-07 09:20:00+09:00,1058.0,1058.0,1051.0,1057.0,1489,0.0,0.0
2024-11-07 09:25:00+09:00,1052.0,1052.0,1051.0,1051.0,3603,0.0,0.0
2024-11-07 09:30:00+09:00,1050.0,1057.0,1050.0,1057.0,0,0.0,0.0
2024-11-07 09:40:00+09:00,1057.0,1077.0,1057.0,1077.0,6415,0.0,0.0
2024-11-07 09:45:00+09:00,1077.0,1080.0,1077.0,1080.0,1922,0.0,0.0
2024-11-07 09:50:00+09:00,1069.0,1069.0,1066.0,1068.0,1451,0.0,0.0
2024-11-07 09:55:00+09:00,1066.0,1066.0,1060.0,1064.0,1940,0.0,0.0
2024-11-07 10:00:00+09:00,1060.0,1060.0,1054.0,1058.0,3319,0.0,0.0
2024-11-07 10:05:00+09:00,1058.0,1064.0,1058.0,1058.0,3037,0.0,0.0
2024-11-07 10:10:00+09:00,1063.0,1063.0,1063.0,1063.0,0,0.0,0.0
2024-11-07 10:15:00+09:00,1063.0,1063.0,1058.0,1063.0,471,0.0,0.0
2024-11-07 10:20:00+09:00,1063.0,1063.0,1063.0,1063.0,100,0.0,0.0
2024-11-07 10:30:00+09:00,1063.0,1063.0,1063.0,1063.0,40,0.0,0.0
2024-11-07 10:35:00+09:00,1061.0,1061.0,1061.0,1061.0,10,0.0,0.0
2024-11-07 10:40:00+09:00,1058.0,1058.0,1057.0,1057.0,58,0.0,0.0
2024-11-07 10:45:00+09:00,1060.0,1060.0,1060.0,1060.0,0,0.0,0.0
2024-11-07 10:55:00+09:00,1060.0,1060.0,1060.0,1060.0,5,0.0,0.0
2024-11-07 11:00:00+09:00,1060.0,1060.0,1060.0,1060.0,0,0.0,0.0
2024-11-07 11:05:00+09:00,1060.0,1060.0,1060.0,1060.0,4,0.0,0.0
2024-11-07 11:10:00+09:00,1060.0,1060.0,1060.0,1060.0,4,0.0,0.0
2024-11-07 11:15:00+09:00,1060.0,1060.0,1060.0,1060.0,1368,0.0,0.0
2024-11-07 11:20:00+09:00,1061.0,1063.0,1061.0,1063.0,197,0.0,0.0
2024-11-07 11:30:00+09:00,1063.0,1063.0,1063.0,1063.0,446,0.0,0.0
2024-11-07 11:35:00+09:00,1061.0,1064.0,1061.0,1064.0,227,0.0,0.0
2024-11-07 11:40:00+09:00,1064.0,1064.0,1064.0,1064.0,4,0.0,0.0
2024-11-07 11:45:00+09:00,1064.0,1064.0,1064.0,1064.0,2,0.0,0.0
2024-11-07 11:50:00+09:00,1064.0,1064.0,1064.0,1064.0,2,0.0,0.0
2024-11-07 12:00:00+09:00,1064.0,1064.0,1064.0,1064.0,0,0.0,0.0
2024-11-07 12:05:00+09:00,1063.0,1063.0,1059.0,1059.0,1257,0.0,0.0
2024-11-07 12:10:00+09:00,1063.0,1063.0,1063.0,1063.0,0,0.0,0.0
2024-11-07 12:15:00+09:00,1063.0,1063.0,1063.0,1063.0,2,0.0,0.0
2024-11-07 12:20:00+09:00,1063.0,1063.0,1063.0,1063.0,2,0.0,0.0
2024-11-07 12:30:00+09:00,1063.0,1063.0,1063.0,1063.0,0,0.0,0.0
2024-11-07 12:35:00+09:00,1063.0,1063.0,1063.0,1063.0,2,0.0,0.0
2024-11-07 12:40:00+09:00,1063.0,1063.0,1063.0,1063.0,4,0.0,0.0
2024-11-07 12:45:00+09:00,1063.0,1063.0,1063.0,1063.0,2,0.0,0.0
2024-11-07 12:50:00+09:00,1063.0,1063.0,1063.0,1063.0,2,0.0,0.0
2024-11-07 13:00:00+09:00,1063.0,1063.0,1063.0,1063.0,182,0.0,0.0
2024-11-07 13:05:00+09:00,1062.0,1062.0,1062.0,1062.0,2,0.0,0.0
2024-11-07 13:10:00+09:00,1062.0,1062.0,1062.0,1062.0,4,0.0,0.0
2024-11-07 13:15:00+09:00,1061.0,1062.0,1061.0,1062.0,1,0.0,0.0
2024-11-07 13:20:00+09:00,1062.0,1062.0,1062.0,1062.0,5,0.0,0.0
2024-11-07 13:25:00+09:00,1060.0,1060.0,1060.0,1060.0,0,0.0,0.0
2024-11-07 13:30:00+09:00,1061.0,1062.0,1061.0,1062.0,2,0.0,0.0
2024-11-07 13:35:00+09:00,1062.0,1062.0,1058.0,1058.0,529,0.0,0.0
2024-11-07 13:40:00+09:00,1062.0,1062.0,1057.0,1057.0,447,0.0,0.0
2024-11-07 13:45:00+09:00,1055.0,1057.0,1055.0,1057.0,377,0.0,0.0
2024-11-07 13:50:00+09:00,1055.0,1062.0,1055.0,1062.0,503,0.0,0.0
2024-11-07 14:05:00+09:00,1056.0,1056.0,1055.0,1056.0,473,0.0,0.0
2024-11-07 14:10:00+09:00,1055.0,1056.0,1055.0,1055.0,4689,0.0,0.0
2024-11-07 14:15:00+09:00,1061.0,1061.0,1061.0,1061.0,0,0.0,0.0
2024-11-07 14:20:00+09:00,1061.0,1062.0,1061.0,1062.0,98,0.0,0.0
2024-11-07 14:35:00+09:00,1061.0,1061.0,1052.0,1060.0,2002,0.0,0.0
2024-11-07 14:40:00+09:00,1052.0,1057.0,1052.0,1057.0,3,0.0,0.0
2024-11-07 14:45:00+09:00,1052.0,1057.0,1051.0,1057.0,680,0.0,0.0
2024-11-07 14:50:00+09:00,1051.0,1051.0,1050.0,1050.0,570,0.0,0.0
2024-11-08 09:00:00+09:00,1060.0,1060.0,1054.0,1060.0,1481,0.0,0.0
2024-11-08 09:05:00+09:00,1055.0,1069.0,1055.0,1068.0,1023,0.0,0.0
2024-11-08 09:10:00+09:00,1068.0,1068.0,1064.0,1064.0,278,0.0,0.0
2024-11-08 09:15:00+09:00,1068.0,1068.0,1068.0,1068.0,127,0.0,0.0
2024-11-08 09:30:00+09:00,1066.0,1066.0,1066.0,1066.0,6,0.0,0.0
2024-11-08 09:35:00+09:00,1058.0,1066.0,1058.0,1066.0,15,0.0,0.0
2024-11-08 09:40:00+09:00,1065.0,1065.0,1065.0,1065.0,125,0.0,0.0
2024-11-08 09:45:00+09:00,1065.0,1067.0,1061.0,1067.0,405,0.0,0.0
2024-11-08 09:50:00+09:00,1067.0,1067.0,1065.0,1067.0,95,0.0,0.0
2024-11-08 09:55:00+09:00,1067.0,1067.0,1067.0,1067.0,0,0.0,0.0
2024-11-08 10:00:00+09:00,1061.0,1066.0,1058.0,1066.0,544,0.0,0.0
2024-11-08 10:05:00+09:00,1060.0,1064.0,1055.0,1064.0,339,0.0,0.0
2024-11-08 10:10:00+09:00,1054.0,1062.0,1054.0,1062.0,52,0.0,0.0
2024-11-08 10:15:00+09:00,1062.0,1063.0,1062.0,1063.0,8,0.0,0.0
2024-11-08 10:20:00+09:00,1054.0,1054.0,1054.0,1054.0,50,0.0,0.0
2024-11-08 10:25:00+09:00,1053.0,1053.0,1053.0,1053.0,200,0.0,0.0
2024-11-08 10:35:00+09:00,1061.0,1061.0,1061.0,1061.0,0,0.0,0.0
2024-11-08 10:45:00+09:00,1055.0,1055.0,1055.0,1055.0,169,0.0,0.0
2024-11-08 10:50:00+09:00,1061.0,1061.0,1061.0,1061.0,0,0.0,0.0
2024-11-08 11:00:00+09:00,1055.0,1061.0,1055.0,1061.0,147,0.0,0.0
2024-11-08 11:05:00+09:00,1056.0,1061.0,1055.0,1061.0,104,0.0,0.0
2024-11-08 11:10:00+09:00,1055.0,1062.0,1053.0,1062.0,2166,0.0,0.0
2024-11-08 11:20:00+09:00,1062.0,1063.0,1062.0,1063.0,53,0.0,0.0
2024-11-08 11:30:00+09:00,1063.0,1063.0,1062.0,1062.0,5,0.0,0.0
2024-11-08 11:35:00+09:00,1062.0,1062.0,1053.0,1055.0,2252,0.0,0.0
2024-11-08 11:40:00+09:00,1055.0,1055.0,1050.0,1050.0,0,0.0,0.0
2024-11-08 11:45:00+09:00,1055.0,1061.0,1055.0,1061.0,0,0.0,0.0
2024-11-08 11:50:00+09:00,1061.0,1061.0,1060.0,1061.0,5,0.0,0.0
2024-11-08 11:55:00+09:00,1055.0,1061.0,1055.0,1061.0,103,0.0,0.0
2024-11-08 12:00:00+09:00,1061.0,1061.0,1055.0,1055.0,102,0.0,0.0
2024-11-08 12:05:00+09:00,1055.0,1057.0,1052.0,1057.0,2504,0.0,0.0
2024-11-08 12:10:00+09:00,1057.0,1057.0,1057.0,1057.0,4,0.0,0.0
2024-11-08 12:15:00+09:00,1057.0,1061.0,1057.0,1061.0,137,0.0,0.0
2024-11-08 12:20:00+09:00,1061.0,1061.0,1061.0,1061.0,120,0.0,0.0
2024-11-08 12:25:00+09:00,1061.0,1061.0,1060.0,1060.0,1280,0.0,0.0
2024-11-08 12:30:00+09:00,1060.0,1060.0,1060.0,1060.0,0,0.0,0.0
2024-11-08 12:35:00+09:00,1060.0,1060.0,1060.0,1060.0,6,0.0,0.0
2024-11-08 12:40:00+09:00,1059.0,1062.0,1059.0,1062.0,151,0.0,0.0
2024-11-08 12:45:00+09:00,1062.0,1062.0,1062.0,1062.0,4,0.0,0.0
2024-11-08 12:50:00+09:00,1062.0,1062.0,1062.0,1062.0,2,0.0,0.0
2024-11-08 13:00:00+09:00,1062.0,1062.0,1062.0,1062.0,0,0.0,0.0
2024-11-08 13:05:00+09:00,1062.0,1062.0,1062.0,1062.0,6,0.0,0.0
2024-11-08 13:10:00+09:00,1062.0,1062.0,1062.0,1062.0,2,0.0,0.0
2024-11-08 13:15:00+09:00,1062.0,1062.0,1062.0,1062.0,2,0.0,0.0
2024-11-08 13:20:00+09:00,1061.0,1061.0,1061.0,1061.0,2,0.0,0.0
2024-11-08 13:25:00+09:00,1061.0,1062.0,1061.0,1062.0,800,0.0,0.0
2024-11-08 13:30:00+09:00,1062.0,1063.0,1062.0,1063.0,0,0.0,0.0
2024-11-08 13:35:00+09:00,1063.0,1063.0,1060.0,1060.0,33,0.0,0.0
2024-11-08 13:40:00+09:00,1060.0,1064.0,1060.0,1064.0,814,0.0,0.0
2024-11-08 13:45:00+09:00,1064.0,1068.0,1064.0,1067.0,2303,0.0,0.0
2024-11-08 13:50:00+09:00,1067.0,1067.0,1067.0,1067.0,3,0.0,0.0
2024-11-08 14:00:00+09:00,1067.0,1067.0,1063.0,1063.0,150,0.0,0.0
2024-11-08 14:05:00+09:00,1067.0,1067.0,1067.0,1067.0,9,0.0,0.0
2024-11-08 14:10:00+09:00,1067.0,1067.0,1067.0,1067.0,4,0.0,0.0
2024-11-08 14:15:00+09:00,1067.0,1067.0,1063.0,1063.0,18,0.0,0.0
2024-11-08 14:20:00+09:00,1059.0,1067.0,1059.0,1067.0,490,0.0,0.0
2024-11-08 14:25:00+09:00,1059.0,1059.0,1059.0,1059.0,741,0.0,0.0
2024-11-08 14:30:00+09:00,1058.0,1058.0,1057.0,1057.0,0,0.0,0.0
2024-11-08 14:35:00+09:00,1065.0,1065.0,1065.0,1065.0,1,0.0,0.0
2024-11-08 14:40:00+09:00,1065.0,1065.0,1065.0,1065.0,2000,0.0,0.0
