Datetime,Open,High,Low,Close,Volume,Dividends,Stock Splits
2024-07-18 09:00:00+09:00,6430.0,6430.0,6330.0,6330.0,0,0.0,0.0
2024-07-18 09:05:00+09:00,6340.0,6340.0,6320.0,6320.0,450,0.0,0.0
2024-07-18 09:10:00+09:00,6310.0,6320.0,6310.0,6320.0,56,0.0,0.0
2024-07-18 09:20:00+09:00,6310.0,6320.0,6310.0,6320.0,79,0.0,0.0
2024-07-18 09:30:00+09:00,6320.0,6330.0,6320.0,6330.0,62,0.0,0.0
2024-07-18 09:40:00+09:00,6340.0,6340.0,6340.0,6340.0,0,0.0,0.0
2024-07-18 09:45:00+09:00,6340.0,6340.0,6340.0,6340.0,10,0.0,0.0
2024-07-18 09:50:00+09:00,6330.0,6330.0,6330.0,6330.0,73,0.0,0.0
2024-07-18 09:55:00+09:00,6330.0,6330.0,6310.0,6310.0,0,0.0,0.0
2024-07-18 10:00:00+09:00,6340.0,6340.0,6320.0,6320.0,1936,0.0,0.0
2024-07-18 10:05:00+09:00,6330.0,6330.0,6320.0,6320.0,26,0.0,0.0
2024-07-18 10:10:00+09:00,6320.0,6320.0,6320.0,6320.0,217,0.0,0.0
2024-07-18 10:15:00+09:00,6320.0,6320.0,6320.0,6320.0,89,0.0,0.0
2024-07-18 10:20:00+09:00,6310.0,6330.0,6310.0,6330.0,0,0.0,0.0
2024-07-18 10:25:00+09:00,6320.0,6330.0,6320.0,6320.0,8,0.0,0.0
2024-07-18 10:30:00+09:00,6310.0,6310.0,6310.0,6310.0,660,0.0,0.0
2024-07-18 10:35:00+09:00,6320.0,6320.0,6310.0,6310.0,0,0.0,0.0
2024-07-18 10:40:00+09:00,6320.0,6320.0,6320.0,6320.0,317,0.0,0.0
2024-07-18 10:45:00+09:00,6330.0,6330.0,6330.0,6330.0,0,0.0,0.0
2024-07-18 11:05:00+09:00,6330.0,6330.0,6320.0,6330.0,103,0.0,0.0
2024-07-18 11:15:00+09:00,6320.0,6320.0,6320.0,6320.0,0,0.0,0.0
2024-07-18 11:25:00+09:00,6320.0,6320.0,6320.0,6320.0,0,0.0,0.0
2024-07-18 11:35:00+09:00,6330.0,6330.0,6330.0,6330.0,18,0.0,0.0
2024-07-18 11:45:00+09:00,6330.0,6330.0,6330.0,6330.0,10,0.0,0.0
2024-07-18 11:50:00+09:00,6330.0,6330.0,6330.0,6330.0,15,0.0,0.0
2024-07-18 12:05:00+09:00,6330.0,6330.0,6330.0,6330.0,27,0.0,0.0
2024-07-18 12:15:00+09:00,6330.0,6340.0,6330.0,6340.0,6,0.0,0.0
2024-07-18 12:25:00+09:00,6340.0,6340.0,6340.0,6340.0,32,0.0,0.0
2024-07-18 12:30:00+09:00,6340.0,6340.0,6340.0,6340.0,0,0.0,0.0
2024-07-18 12:40:00+09:00,6340.0,6340.0,6340.0,6340.0,0,0.0,0.0
2024-07-18 13:00:00+09:00,6340.0,6340.0,6340.0,6340.0,193,0.0,0.0
2024-07-18 13:25:00+09:00,6330.0,6330.0,6330.0,6330.0,0,0.0,0.0
2024-07-18 13:30:00+09:00,6340.0,6340.0,6330.0,6340.0,127,0.0,0.0
2024-07-18 13:50:00+09:00,6340.0,6370.0,6340.0,6370.0,912,0.0,0.0
2024-07-18 14:15:00+09:00,6360.0,6380.0,6360.0,6380.0,765,0.0,0.0
2024-07-18 14:20:00+09:00,6380.0,6390.0,6370.0,6390.0,389,0.0,0.0
2024-07-18 14:25:00+09:00,6380.0,6400.0,6380.0,6400.0,6193,0.0,0.0
2024-07-18 14:30:00+09:00,6390.0,6400.0,6370.0,6370.0,6555,0.0,0.0
2024-07-18 14:45:00+09:00,6370.0,6370.0,6370.0,6370.0,0,0.0,0.0
2024-07-18 14:50:00+09:00,6370.0,6380.0,6330.0,6330.0,7903,0.0,0.0
2024-07-18 14:55:00+09:00,6330.0,6330.0,6320.0,6320.0,4613,0.0,0.0
2024-07-19 09:00:00+09:00,6320.0,6440.0,6310.0,6390.0,8902,0.0,0.0
2024-07-19 09:05:00+09:00,6400.0,6420.0,6350.0,6400.0,3679,0.0,0.0
2024-07-19 09:10:00+09:00,6400.0,6570.0,6400.0,6500.0,29149,0.0,0.0
2024-07-19 09:15:00+09:00,6500.0,6530.0,6410.0,6500.0,7609,0.0,0.0
2024-07-19 09:20:00+09:00,6490.0,6500.0,6400.0,6410.0,6062,0.0,0.0
2024-07-19 09:25:00+09:00,6420.0,6430.0,6410.0,6410.0,1112,0.0,0.0
2024-07-19 09:30:00+09:00,6410.0,6420.0,6410.0,6420.0,59,0.0,0.0
2024-07-19 09:35:00+09:00,6420.0,6420.0,6410.0,6410.0,1173,0.0,0.0
2024-07-19 09:40:00+09:00,6410.0,6420.0,6410.0,6410.0,78,0.0,0.0
2024-07-19 09:45:00+09:00,6420.0,6430.0,6400.0,6400.0,1140,0.0,0.0
2024-07-19 09:50:00+09:00,6410.0,6410.0,6400.0,6400.0,196,0.0,0.0
2024-07-19 09:55:00+09:00,6400.0,6430.0,6400.0,6430.0,1466,0.0,0.0
2024-07-19 10:00:00+09:00,6400.0,6430.0,6400.0,6410.0,47,0.0,0.0
2024-07-19 10:05:00+09:00,6410.0,6430.0,6410.0,6410.0,157,0.0,0.0
2024-07-19 10:10:00+09:00,6420.0,6430.0,6420.0,6420.0,9,0.0,0.0
2024-07-19 10:15:00+09:00,6420.0,6430.0,6420.0,6420.0,252,0.0,0.0
2024-07-19 10:20:00+09:00,6410.0,6410.0,6410.0,6410.0,19,0.0,0.0
2024-07-19 10:25:00+09:00,6410.0,6410.0,6410.0,6410.0,18,0.0,0.0
2024-07-19 10:30:00+09:00,6420.0,6430.0,6420.0,6420.0,477,0.0,0.0
2024-07-19 10:35:00+09:00,6430.0,6430.0,6420.0,6430.0,283,0.0,0.0
2024-07-19 10:40:00+09:00,6430.0,6490.0,6430.0,6450.0,1888,0.0,0.0
2024-07-19 10:45:00+09:00,6440.0,6440.0,6420.0,6420.0,61,0.0,0.0
2024-07-19 10:50:00+09:00,6440.0,6440.0,6430.0,6430.0,48,0.0,0.0
2024-07-19 10:55:00+09:00,6440.0,6440.0,6430.0,6440.0,25,0.0,0.0
2024-07-19 11:00:00+09:00,6440.0,6440.0,6430.0,6430.0,41,0.0,0.0
2024-07-19 11:05:00+09:00,6430.0,6430.0,6430.0,6430.0,66,0.0,0.0
2024-07-19 11:10:00+09:00,6440.0,6450.0,6430.0,6440.0,43,0.0,0.0
2024-07-19 11:15:00+09:00,6450.0,6500.0,6450.0,6450.0,2686,0.0,0.0
2024-07-19 11:20:00+09:00,6440.0,6470.0,6440.0,6440.0,346,0.0,0.0
2024-07-19 11:25:00+09:00,6440.0,6440.0,6440.0,6440.0,62,0.0,0.0
2024-07-19 11:30:00+09:00,6440.0,6450.0,6440.0,6440.0,61,0.0,0.0
2024-07-19 11:35:00+09:00,6440.0,6490.0,6430.0,6490.0,649,0.0,0.0
2024-07-19 11:40:00+09:00,6440.0,6440.0,6420.0,6420.0,895,0.0,0.0
2024-07-19 11:45:00+09:00,6430.0,6440.0,6420.0,6420.0,0,0.0,0.0
2024-07-19 11:50:00+09:00,6420.0,6430.0,6410.0,6410.0,333,0.0,0.0
2024-07-19 12:00:00+09:00,6410.0,6410.0,6400.0,6410.0,1854,0.0,0.0
2024-07-19 12:05:00+09:00,6410.0,6410.0,6400.0,6400.0,1842,0.0,0.0
2024-07-19 12:10:00+09:00,6400.0,6400.0,6390.0,6400.0,361,0.0,0.0
2024-07-19 12:15:00+09:00,6410.0,6410.0,6410.0,6410.0,4,0.0,0.0
2024-07-19 12:20:00+09:00,6410.0,6410.0,6410.0,6410.0,6,0.0,0.0
2024-07-19 12:25:00+09:00,6410.0,6410.0,6410.0,6410.0,143,0.0,0.0
2024-07-19 12:40:00+09:00,6410.0,6410.0,6410.0,6410.0,162,0.0,0.0
2024-07-19 12:45:00+09:00,6400.0,6400.0,6400.0,6400.0,0,0.0,0.0
2024-07-19 12:55:00+09:00,6400.0,6400.0,6390.0,6390.0,1139,0.0,0.0
2024-07-19 13:00:00+09:00,6390.0,6390.0,6390.0,6390.0,0,0.0,0.0
2024-07-19 13:05:00+09:00,6400.0,6400.0,6390.0,6390.0,534,0.0,0.0
2024-07-19 13:15:00+09:00,6390.0,6390.0,6380.0,6380.0,2952,0.0,0.0
2024-07-19 13:20:00+09:00,6380.0,6380.0,6380.0,6380.0,24,0.0,0.0
2024-07-19 13:30:00+09:00,6390.0,6400.0,6390.0,6400.0,1078,0.0,0.0
2024-07-19 13:35:00+09:00,6400.0,6410.0,6390.0,6390.0,181,0.0,0.0
2024-07-19 13:40:00+09:00,6410.0,6410.0,6390.0,6390.0,28,0.0,0.0
2024-07-19 13:45:00+09:00,6400.0,6400.0,6400.0,6400.0,26,0.0,0.0
2024-07-19 13:55:00+09:00,6400.0,6400.0,6380.0,6380.0,401,0.0,0.0
2024-07-19 14:05:00+09:00,6390.0,6390.0,6380.0,6390.0,0,0.0,0.0
2024-07-19 14:10:00+09:00,6400.0,6400.0,6390.0,6390.0,56,0.0,0.0
2024-07-19 14:15:00+09:00,6400.0,6400.0,6390.0,6390.0,54,0.0,0.0
2024-07-19 14:20:00+09:00,6400.0,6400.0,6400.0,6400.0,0,0.0,0.0
2024-07-19 14:25:00+09:00,6410.0,6420.0,6410.0,6410.0,33,0.0,0.0
2024-07-19 14:30:00+09:00,6420.0,6420.0,6410.0,6410.0,9,0.0,0.0
2024-07-19 14:35:00+09:00,6420.0,6430.0,6410.0,6410.0,117,0.0,0.0
2024-07-19 14:40:00+09:00,6410.0,6410.0,6390.0,6400.0,396,0.0,0.0
2024-07-19 14:45:00+09:00,6400.0,6430.0,6400.0,6430.0,1230,0.0,0.0
2024-07-19 14:50:00+09:00,6430.0,6430.0,6430.0,6430.0,0,0.0,0.0
2024-07-19 14:55:00+09:00,6430.0,6430.0,6430.0,6430.0,81619,0.0,0.0
2024-07-22 09:00:00+09:00,6440.0,6440.0,6380.0,6420.0,0,0.0,0.0
2024-07-22 09:05:00+09:00,6410.0,6410.0,6390.0,6400.0,744,0.0,0.0
2024-07-22 09:10:00+09:00,6430.0,6430.0,6380.0,6380.0,679,0.0,0.0
2024-07-22 09:15:00+09:00,6410.0,6410.0,6380.0,6380.0,911,0.0,0.0
2024-07-22 09:20:00+09:00,6390.0,6390.0,6350.0,6380.0,2092,0.0,0.0
2024-07-22 09:25:00+09:00,6360.0,6370.0,6360.0,6370.0,51,0.0,0.0
2024-07-22 09:30:00+09:00,6360.0,6370.0,6340.0,6350.0,254,0.0,0.0
2024-07-22 09:35:00+09:00,6370.0,6370.0,6360.0,6360.0,852,0.0,0.0
2024-07-22 09:40:00+09:00,6370.0,6370.0,6360.0,6360.0,0,0.0,0.0
2024-07-22 09:45:00+09:00,6360.0,6360.0,6360.0,6360.0,467,0.0,0.0
2024-07-22 09:50:00+09:00,6360.0,6360.0,6360.0,6360.0,270,0.0,0.0
2024-07-22 09:55:00+09:00,6350.0,6350.0,6350.0,6350.0,893,0.0,0.0
2024-07-22 10:00:00+09:00,6350.0,6350.0,6340.0,6340.0,131,0.0,0.0
2024-07-22 10:05:00+09:00,6340.0,6360.0,6340.0,6360.0,136,0.0,0.0
2024-07-22 10:10:00+09:00,6360.0,6360.0,6350.0,6350.0,26,0.0,0.0
2024-07-22 10:15:00+09:00,6350.0,6350.0,6320.0,6320.0,2473,0.0,0.0
2024-07-22 10:20:00+09:00,6340.0,6340.0,6340.0,6340.0,0,0.0,0.0
2024-07-22 10:25:00+09:00,6340.0,6340.0,6340.0,6340.0,1352,0.0,0.0
2024-07-22 10:30:00+09:00,6350.0,6350.0,6350.0,6350.0,0,0.0,0.0
2024-07-22 10:35:00+09:00,6350.0,6350.0,6350.0,6350.0,34,0.0,0.0
2024-07-22 10:40:00+09:00,6350.0,6350.0,6350.0,6350.0,0,0.0,0.0
2024-07-22 10:45:00+09:00,6350.0,6350.0,6340.0,6340.0,24,0.0,0.0
2024-07-22 10:50:00+09:00,6360.0,6360.0,6350.0,6350.0,2,0.0,0.0
2024-07-22 10:55:00+09:00,6340.0,6340.0,6340.0,6340.0,9,0.0,0.0
2024-07-22 11:00:00+09:00,6350.0,6350.0,6350.0,6350.0,24,0.0,0.0
2024-07-22 11:20:00+09:00,6340.0,6350.0,6340.0,6350.0,13,0.0,0.0
2024-07-22 11:35:00+09:00,6340.0,6340.0,6340.0,6340.0,333,0.0,0.0
2024-07-22 11:40:00+09:00,6340.0,6350.0,6340.0,6350.0,1,0.0,0.0
2024-07-22 11:50:00+09:00,6340.0,6360.0,6340.0,6360.0,106,0.0,0.0
2024-07-22 11:55:00+09:00,6350.0,6350.0,6350.0,6350.0,4,0.0,0.0
2024-07-22 12:05:00+09:00,6350.0,6350.0,6350.0,6350.0,4,0.0,0.0
2024-07-22 12:10:00+09:00,6350.0,6350.0,6350.0,6350.0,9,0.0,0.0
2024-07-22 12:20:00+09:00,6350.0,6350.0,6350.0,6350.0,534,0.0,0.0
2024-07-22 12:30:00+09:00,6350.0,6350.0,6350.0,6350.0,0,0.0,0.0
2024-07-22 12:45:00+09:00,6360.0,6360.0,6350.0,6350.0,153,0.0,0.0
2024-07-22 12:50:00+09:00,6360.0,6360.0,6360.0,6360.0,2,0.0,0.0
2024-07-22 13:10:00+09:00,6360.0,6360.0,6360.0,6360.0,20,0.0,0.0
2024-07-22 13:20:00+09:00,6360.0,6360.0,6360.0,6360.0,200,0.0,0.0
2024-07-22 13:25:00+09:00,6360.0,6380.0,6360.0,6380.0,75,0.0,0.0
2024-07-22 13:35:00+09:00,6380.0,6380.0,6370.0,6370.0,0,0.0,0.0
2024-07-22 13:45:00+09:00,6370.0,6370.0,6360.0,6360.0,3942,0.0,0.0
2024-07-22 13:50:00+09:00,6360.0,6360.0,6360.0,6360.0,80,0.0,0.0
2024-07-22 13:55:00+09:00,6360.0,6360.0,6350.0,6350.0,395,0.0,0.0
2024-07-22 14:00:00+09:00,6360.0,6360.0,6360.0,6360.0,921,0.0,0.0
2024-07-22 14:05:00+09:00,6360.0,6360.0,6340.0,6340.0,3754,0.0,0.0
2024-07-22 14:10:00+09:00,6340.0,6340.0,6340.0,6340.0,0,0.0,0.0
2024-07-22 14:15:00+09:00,6350.0,6350.0,6350.0,6350.0,0,0.0,0.0
2024-07-22 14:20:00+09:00,6360.0,6360.0,6360.0,6360.0,796,0.0,0.0
2024-07-22 14:25:00+09:00,6350.0,6350.0,6350.0,6350.0,389,0.0,0.0
2024-07-22 14:30:00+09:00,6360.0,6360.0,6360.0,6360.0,0,0.0,0.0
2024-07-22 14:35:00+09:00,6340.0,6340.0,6340.0,6340.0,4,0.0,0.0
2024-07-22 14:40:00+09:00,6350.0,6370.0,6350.0,6370.0,593,0.0,0.0
2024-07-22 14:45:00+09:00,6370.0,6370.0,6360.0,6360.0,701,0.0,0.0
2024-07-22 14:50:00+09:00,6370.0,6390.0,6370.0,6390.0,348,0.0,0.0
2024-07-22 14:55:00+09:00,6390.0,6400.0,6390.0,6400.0,697,0.0,0.0
2024-07-23 09:00:00+09:00,6390.0,6390.0,6390.0,6390.0,547,0.0,0.0
2024-07-23 09:10:00+09:00,6420.0,6430.0,6400.0,6400.0,330,0.0,0.0
2024-07-23 09:15:00+09:00,6420.0,6420.0,6390.0,6390.0,337,0.0,0.0
2024-07-23 09:20:00+09:00,6430.0,6430.0,6420.0,6420.0,3,0.0,0.0
2024-07-23 09:25:00+09:00,6420.0,6420.0,6420.0,6420.0,9,0.0,0.0
2024-07-23 09:30:00+09:00,6410.0,6410.0,6410.0,6410.0,3,0.0,0.0
2024-07-23 09:35:00+09:00,6410.0,6410.0,6410.0,6410.0,100,0.0,0.0
2024-07-23 09:40:00+09:00,6410.0,6410.0,6400.0,6410.0,269,0.0,0.0
2024-07-23 09:45:00+09:00,6410.0,6410.0,6410.0,6410.0,4,0.0,0.0
2024-07-23 09:50:00+09:00,6400.0,6400.0,6400.0,6400.0,50,0.0,0.0
2024-07-23 09:55:00+09:00,6400.0,6400.0,6400.0,6400.0,11,0.0,0.0
2024-07-23 10:00:00+09:00,6400.0,6400.0,6400.0,6400.0,110,0.0,0.0
2024-07-23 10:05:00+09:00,6410.0,6410.0,6400.0,6410.0,9,0.0,0.0
2024-07-23 10:10:00+09:00,6410.0,6410.0,6410.0,6410.0,7,0.0,0.0
2024-07-23 10:15:00+09:00,6390.0,6390.0,6390.0,6390.0,0,0.0,0.0
2024-07-23 10:25:00+09:00,6390.0,6390.0,6390.0,6390.0,23,0.0,0.0
2024-07-23 10:30:00+09:00,6390.0,6390.0,6390.0,6390.0,511,0.0,0.0
2024-07-23 10:40:00+09:00,6390.0,6390.0,6390.0,6390.0,0,0.0,0.0
2024-07-23 10:45:00+09:00,6380.0,6380.0,6380.0,6380.0,193,0.0,0.0
2024-07-23 11:00:00+09:00,6380.0,6380.0,6380.0,6380.0,1,0.0,0.0
2024-07-23 11:10:00+09:00,6380.0,6380.0,6310.0,6350.0,11470,0.0,0.0
2024-07-23 11:15:00+09:00,6340.0,6350.0,6340.0,6350.0,1099,0.0,0.0
2024-07-23 11:20:00+09:00,6350.0,6350.0,6340.0,6340.0,0,0.0,0.0
2024-07-23 11:25:00+09:00,6360.0,6360.0,6360.0,6360.0,1155,0.0,0.0
2024-07-23 11:35:00+09:00,6370.0,6370.0,6370.0,6370.0,0,0.0,0.0
2024-07-23 11:50:00+09:00,6370.0,6370.0,6370.0,6370.0,0,0.0,0.0
2024-07-23 12:00:00+09:00,6370.0,6370.0,6370.0,6370.0,1,0.0,0.0
2024-07-23 12:10:00+09:00,6370.0,6370.0,6360.0,6360.0,118,0.0,0.0
2024-07-23 12:15:00+09:00,6350.0,6380.0,6330.0,6380.0,1949,0.0,0.0
2024-07-23 12:25:00+09:00,6350.0,6350.0,6350.0,6350.0,3,0.0,0.0
2024-07-23 12:35:00+09:00,6350.0,6350.0,6350.0,6350.0,67,0.0,0.0
2024-07-23 12:40:00+09:00,6340.0,6340.0,6340.0,6340.0,988,0.0,0.0
2024-07-23 12:50:00+09:00,6340.0,6340.0,6340.0,6340.0,300,0.0,0.0
2024-07-23 12:55:00+09:00,6350.0,6360.0,6350.0,6360.0,1454,0.0,0.0
2024-07-23 13:00:00+09:00,6340.0,6360.0,6320.0,6360.0,2028,0.0,0.0
2024-07-23 13:15:00+09:00,6370.0,6390.0,6370.0,6390.0,0,0.0,0.0
2024-07-23 13:35:00+09:00,6380.0,6380.0,6380.0,6380.0,3,0.0,0.0
2024-07-23 13:40:00+09:00,6380.0,6380.0,6380.0,6380.0,194,0.0,0.0
2024-07-23 13:50:00+09:00,6380.0,6380.0,6380.0,6380.0,78,0.0,0.0
2024-07-23 13:55:00+09:00,6380.0,6380.0,6380.0,6380.0,0,0.0,0.0
2024-07-23 14:10:00+09:00,6390.0,6390.0,6390.0,6390.0,1,0.0,0.0
2024-07-23 14:20:00+09:00,6380.0,6380.0,6380.0,6380.0,191,0.0,0.0
2024-07-23 14:25:00+09:00,6390.0,6390.0,6380.0,6380.0,0,0.0,0.0
2024-07-23 14:30:00+09:00,6380.0,6380.0,6380.0,6380.0,55,0.0,0.0
2024-07-23 14:40:00+09:00,6380.0,6380.0,6380.0,6380.0,10,0.0,0.0
2024-07-23 14:45:00+09:00,6370.0,6390.0,6360.0,6390.0,954,0.0,0.0
2024-07-23 14:55:00+09:00,6390.0,6400.0,6390.0,6400.0,474,0.0,0.0
2024-07-24 09:00:00+09:00,6390.0,6390.0,6390.0,6390.0,497,0.0,0.0
2024-07-24 09:05:00+09:00,6380.0,6410.0,6380.0,6410.0,0,0.0,0.0
2024-07-24 09:10:00+09:00,6410.0,6410.0,6370.0,6370.0,1054,0.0,0.0
2024-07-24 09:25:00+09:00,6380.0,6400.0,6370.0,6400.0,0,0.0,0.0
2024-07-24 09:40:00+09:00,6390.0,6400.0,6390.0,6400.0,10,0.0,0.0
2024-07-24 09:50:00+09:00,6400.0,6400.0,6400.0,6400.0,17,0.0,0.0
2024-07-24 09:55:00+09:00,6400.0,6400.0,6390.0,6400.0,34,0.0,0.0
2024-07-24 10:05:00+09:00,6400.0,6400.0,6390.0,6390.0,335,0.0,0.0
2024-07-24 10:10:00+09:00,6390.0,6400.0,6390.0,6400.0,275,0.0,0.0
2024-07-24 10:20:00+09:00,6390.0,6390.0,6390.0,6390.0,1,0.0,0.0
2024-07-24 10:30:00+09:00,6400.0,6400.0,6400.0,6400.0,737,0.0,0.0
2024-07-24 10:35:00+09:00,6390.0,6400.0,6380.0,6380.0,125,0.0,0.0
2024-07-24 10:40:00+09:00,6400.0,6400.0,6400.0,6400.0,1,0.0,0.0
2024-07-24 11:15:00+09:00,6390.0,6390.0,6390.0,6390.0,99,0.0,0.0
2024-07-24 11:20:00+09:00,6380.0,6390.0,6380.0,6390.0,370,0.0,0.0
2024-07-24 11:25:00+09:00,6400.0,6400.0,6400.0,6400.0,272,0.0,0.0
2024-07-24 11:30:00+09:00,6400.0,6400.0,6400.0,6400.0,0,0.0,0.0
2024-07-24 11:50:00+09:00,6400.0,6410.0,6400.0,6410.0,3689,0.0,0.0
2024-07-24 11:55:00+09:00,6420.0,6420.0,6420.0,6420.0,0,0.0,0.0
2024-07-24 12:05:00+09:00,6410.0,6420.0,6410.0,6420.0,266,0.0,0.0
2024-07-24 12:10:00+09:00,6420.0,6430.0,6420.0,6430.0,1323,0.0,0.0
2024-07-24 12:20:00+09:00,6420.0,6430.0,6420.0,6430.0,3,0.0,0.0
2024-07-24 12:30:00+09:00,6420.0,6420.0,6410.0,6410.0,5,0.0,0.0
2024-07-24 12:40:00+09:00,6410.0,6410.0,6410.0,6410.0,1,0.0,0.0
2024-07-24 12:45:00+09:00,6410.0,6410.0,6410.0,6410.0,1,0.0,0.0
2024-07-24 12:50:00+09:00,6410.0,6410.0,6410.0,6410.0,1,0.0,0.0
2024-07-24 12:55:00+09:00,6420.0,6420.0,6410.0,6420.0,660,0.0,0.0
2024-07-24 13:00:00+09:00,6420.0,6420.0,6420.0,6420.0,259,0.0,0.0
2024-07-24 13:05:00+09:00,6430.0,6430.0,6420.0,6420.0,107,0.0,0.0
2024-07-24 13:15:00+09:00,6430.0,6430.0,6430.0,6430.0,0,0.0,0.0
2024-07-24 13:20:00+09:00,6420.0,6430.0,6420.0,6430.0,505,0.0,0.0
2024-07-24 13:25:00+09:00,6420.0,6420.0,6410.0,6410.0,347,0.0,0.0
2024-07-24 13:35:00+09:00,6410.0,6420.0,6410.0,6420.0,1270,0.0,0.0
2024-07-24 13:40:00+09:00,6420.0,6420.0,6410.0,6410.0,220,0.0,0.0
2024-07-24 13:45:00+09:00,6410.0,6410.0,6410.0,6410.0,10,0.0,0.0
2024-07-24 13:50:00+09:00,6410.0,6420.0,6400.0,6400.0,311,0.0,0.0
2024-07-24 13:55:00+09:00,6410.0,6410.0,6380.0,6380.0,12010,0.0,0.0
2024-07-24 14:00:00+09:00,6380.0,6380.0,6380.0,6380.0,1657,0.0,0.0
2024-07-24 14:05:00+09:00,6380.0,6400.0,6380.0,6380.0,1010,0.0,0.0
2024-07-24 14:10:00+09:00,6380.0,6380.0,6380.0,6380.0,376,0.0,0.0
2024-07-24 14:25:00+09:00,6380.0,6380.0,6380.0,6380.0,0,0.0,0.0
2024-07-24 14:30:00+09:00,6380.0,6380.0,6380.0,6380.0,2,0.0,0.0
2024-07-24 14:45:00+09:00,6380.0,6380.0,6380.0,6380.0,2,0.0,0.0
2024-07-24 14:50:00+09:00,6380.0,6380.0,6380.0,6380.0,2,0.0,0.0
2024-07-24 14:55:00+09:00,6380.0,6390.0,6380.0,6390.0,3,0.0,0.0
2024-07-25 09:00:00+09:00,6340.0,6380.0,6340.0,6380.0,509,0.0,0.0
2024-07-25 09:05:00+09:00,6380.0,6380.0,6350.0,6350.0,614,0.0,0.0
2024-07-25 09:10:00+09:00,6360.0,6360.0,6320.0,6320.0,5770,0.0,0.0
2024-07-25 09:15:00+09:00,6330.0,6330.0,6330.0,6330.0,0,0.0,0.0
2024-07-25 09:20:00+09:00,6330.0,6370.0,6310.0,6370.0,5131,0.0,0.0
2024-07-25 09:25:00+09:00,6370.0,6370.0,6370.0,6370.0,0,0.0,0.0
2024-07-25 09:30:00+09:00,6360.0,6360.0,6360.0,6360.0,100,0.0,0.0
2024-07-25 09:35:00+09:00,6350.0,6350.0,6350.0,6350.0,27,0.0,0.0
2024-07-25 09:40:00+09:00,6360.0,6360.0,6310.0,6310.0,2660,0.0,0.0
2024-07-25 09:45:00+09:00,6360.0,6360.0,6310.0,6310.0,2442,0.0,0.0
2024-07-25 09:50:00+09:00,6310.0,6310.0,6310.0,6310.0,81,0.0,0.0
2024-07-25 09:55:00+09:00,6350.0,6350.0,6350.0,6350.0,20,0.0,0.0
2024-07-25 10:00:00+09:00,6330.0,6330.0,6330.0,6330.0,0,0.0,0.0
2024-07-25 10:10:00+09:00,6320.0,6330.0,6320.0,6330.0,110,0.0,0.0
2024-07-25 10:15:00+09:00,6330.0,6330.0,6320.0,6320.0,29,0.0,0.0
2024-07-25 10:20:00+09:00,6330.0,6340.0,6320.0,6340.0,658,0.0,0.0
2024-07-25 10:25:00+09:00,6340.0,6340.0,6340.0,6340.0,346,0.0,0.0
2024-07-25 10:30:00+09:00,6330.0,6340.0,6330.0,6340.0,0,0.0,0.0
2024-07-25 10:35:00+09:00,6350.0,6350.0,6330.0,6330.0,1753,0.0,0.0
2024-07-25 10:40:00+09:00,6340.0,6340.0,6330.0,6330.0,70,0.0,0.0
2024-07-25 10:45:00+09:00,6320.0,6320.0,6320.0,6320.0,677,0.0,0.0
2024-07-25 10:50:00+09:00,6310.0,6310.0,6310.0,6310.0,726,0.0,0.0
2024-07-25 10:55:00+09:00,6320.0,6340.0,6320.0,6340.0,2459,0.0,0.0
2024-07-25 11:00:00+09:00,6330.0,6330.0,6330.0,6330.0,0,0.0,0.0
2024-07-25 11:05:00+09:00,6330.0,6330.0,6330.0,6330.0,1,0.0,0.0
2024-07-25 11:15:00+09:00,6330.0,6330.0,6330.0,6330.0,221,0.0,0.0
2024-07-25 11:20:00+09:00,6340.0,6370.0,6340.0,6360.0,2779,0.0,0.0
2024-07-25 11:25:00+09:00,6350.0,6350.0,6350.0,6350.0,0,0.0,0.0
2024-07-25 11:30:00+09:00,6350.0,6360.0,6350.0,6360.0,2,0.0,0.0
2024-07-25 11:40:00+09:00,6360.0,6360.0,6340.0,6340.0,70,0.0,0.0
2024-07-25 11:45:00+09:00,6350.0,6360.0,6350.0,6360.0,0,0.0,0.0
2024-07-25 11:50:00+09:00,6350.0,6350.0,6350.0,6350.0,2,0.0,0.0
2024-07-25 11:55:00+09:00,6360.0,6370.0,6360.0,6370.0,8144,0.0,0.0
2024-07-25 12:00:00+09:00,6350.0,6380.0,6350.0,6380.0,269,0.0,0.0
2024-07-25 12:10:00+09:00,6380.0,6380.0,6360.0,6360.0,550,0.0,0.0
2024-07-25 12:15:00+09:00,6360.0,6380.0,6350.0,6380.0,973,0.0,0.0
2024-07-25 12:20:00+09:00,6380.0,6380.0,6350.0,6380.0,36,0.0,0.0
2024-07-25 12:30:00+09:00,6370.0,6380.0,6370.0,6380.0,3,0.0,0.0
2024-07-25 12:35:00+09:00,6350.0,6350.0,6350.0,6350.0,3000,0.0,0.0
2024-07-25 12:40:00+09:00,6370.0,6370.0,6370.0,6370.0,0,0.0,0.0
2024-07-25 12:55:00+09:00,6360.0,6360.0,6360.0,6360.0,1,0.0,0.0
2024-07-25 13:05:00+09:00,6370.0,6370.0,6370.0,6370.0,1,0.0,0.0
2024-07-25 13:30:00+09:00,6370.0,6380.0,6370.0,6380.0,490,0.0,0.0
2024-07-25 13:35:00+09:00,6370.0,6380.0,6370.0,6380.0,815,0.0,0.0
2024-07-25 13:40:00+09:00,6380.0,6380.0,6380.0,6380.0,1068,0.0,0.0
2024-07-25 13:45:00+09:00,6380.0,6380.0,6380.0,6380.0,0,0.0,0.0
2024-07-25 13:50:00+09:00,6370.0,6380.0,6370.0,6380.0,82,0.0,0.0
2024-07-25 13:55:00+09:00,6380.0,6380.0,6360.0,6380.0,2093,0.0,0.0
2024-07-25 14:00:00+09:00,6370.0,6380.0,6370.0,6380.0,1922,0.0,0.0
2024-07-25 14:05:00+09:00,6380.0,6380.0,6380.0,6380.0,8,0.0,0.0
2024-07-25 14:10:00+09:00,6380.0,6390.0,6380.0,6390.0,548,0.0,0.0
2024-07-25 14:15:00+09:00,6390.0,6390.0,6380.0,6390.0,0,0.0,0.0
2024-07-25 14:25:00+09:00,6380.0,6380.0,6380.0,6380.0,5,0.0,0.0
2024-07-25 14:30:00+09:00,6380.0,6390.0,6370.0,6390.0,32,0.0,0.0
2024-07-25 14:35:00+09:00,6370.0,6380.0,6370.0,6380.0,50,0.0,0.0
2024-07-25 14:40:00+09:00,6370.0,6380.0,6370.0,6380.0,314,0.0,0.0
2024-07-25 14:45:00+09:00,6360.0,6380.0,6360.0,6380.0,32,0.0,0.0
2024-07-25 14:50:00+09:00,6360.0,6390.0,6360.0,6390.0,416,0.0,0.0
2024-07-25 14:55:00+09:00,6390.0,6400.0,6390.0,6400.0,3253,0.0,0.0
2024-07-26 09:00:00+09:00,6350.0,6410.0,6350.0,6400.0,663,0.0,0.0
2024-07-26 09:05:00+09:00,6400.0,6410.0,6380.0,6410.0,581,0.0,0.0
2024-07-26 09:15:00+09:00,6400.0,6410.0,6390.0,6410.0,2,0.0,0.0
2024-07-26 09:20:00+09:00,6410.0,6410.0,6390.0,6390.0,37,0.0,0.0
2024-07-26 09:30:00+09:00,6410.0,6410.0,6360.0,6360.0,288,0.0,0.0
2024-07-26 09:35:00+09:00,6400.0,6410.0,6400.0,6410.0,5,0.0,0.0
2024-07-26 09:40:00+09:00,6410.0,6410.0,6410.0,6410.0,32,0.0,0.0
2024-07-26 09:45:00+09:00,6390.0,6390.0,6350.0,6350.0,0,0.0,0.0
2024-07-26 09:50:00+09:00,6380.0,6380.0,6370.0,6370.0,19,0.0,0.0
2024-07-26 09:55:00+09:00,6370.0,6370.0,6370.0,6370.0,6,0.0,0.0
2024-07-26 10:00:00+09:00,6370.0,6370.0,6350.0,6370.0,345,0.0,0.0
2024-07-26 10:05:00+09:00,6370.0,6370.0,6360.0,6370.0,65,0.0,0.0
2024-07-26 10:10:00+09:00,6360.0,6360.0,6360.0,6360.0,49,0.0,0.0
2024-07-26 10:15:00+09:00,6370.0,6380.0,6370.0,6380.0,255,0.0,0.0
2024-07-26 10:20:00+09:00,6380.0,6390.0,6380.0,6390.0,75,0.0,0.0
2024-07-26 10:30:00+09:00,6390.0,6390.0,6390.0,6390.0,133,0.0,0.0
2024-07-26 10:40:00+09:00,6390.0,6400.0,6390.0,6400.0,0,0.0,0.0
2024-07-26 10:45:00+09:00,6390.0,6400.0,6390.0,6400.0,5,0.0,0.0
2024-07-26 10:50:00+09:00,6380.0,6390.0,6370.0,6390.0,341,0.0,0.0
2024-07-26 10:55:00+09:00,6390.0,6390.0,6390.0,6390.0,2,0.0,0.0
2024-07-26 11:15:00+09:00,6380.0,6380.0,6380.0,6380.0,30,0.0,0.0
2024-07-26 11:20:00+09:00,6380.0,6380.0,6360.0,6360.0,3990,0.0,0.0
2024-07-26 11:30:00+09:00,6360.0,6360.0,6360.0,6360.0,0,0.0,0.0
2024-07-26 11:35:00+09:00,6370.0,6380.0,6370.0,6380.0,9,0.0,0.0
2024-07-26 11:45:00+09:00,6370.0,6380.0,6370.0,6380.0,2,0.0,0.0
2024-07-26 11:50:00+09:00,6380.0,6380.0,6380.0,6380.0,108,0.0,0.0
2024-07-26 12:15:00+09:00,6370.0,6370.0,6370.0,6370.0,270,0.0,0.0
2024-07-26 12:20:00+09:00,6370.0,6370.0,6370.0,6370.0,0,0.0,0.0
2024-07-26 12:25:00+09:00,6370.0,6370.0,6370.0,6370.0,320,0.0,0.0
2024-07-26 12:40:00+09:00,6380.0,6380.0,6380.0,6380.0,748,0.0,0.0
2024-07-26 12:50:00+09:00,6390.0,6390.0,6390.0,6390.0,1746,0.0,0.0
2024-07-26 13:00:00+09:00,6390.0,6400.0,6390.0,6400.0,409,0.0,0.0
2024-07-26 13:20:00+09:00,6380.0,6380.0,6380.0,6380.0,43,0.0,0.0
2024-07-26 13:25:00+09:00,6380.0,6390.0,6380.0,6390.0,17,0.0,0.0
2024-07-26 13:30:00+09:00,6390.0,6400.0,6390.0,6400.0,1019,0.0,0.0
2024-07-26 13:45:00+09:00,6400.0,6400.0,6400.0,6400.0,69,0.0,0.0
2024-07-26 13:50:00+09:00,6400.0,6400.0,6400.0,6400.0,543,0.0,0.0
2024-07-26 13:55:00+09:00,6390.0,6390.0,6390.0,6390.0,2266,0.0,0.0
2024-07-26 14:00:00+09:00,6390.0,6390.0,6380.0,6380.0,313,0.0,0.0
2024-07-26 14:05:00+09:00,6410.0,6410.0,6410.0,6410.0,2492,0.0,0.0
2024-07-26 14:10:00+09:00,6400.0,6400.0,6400.0,6400.0,0,0.0,0.0
2024-07-26 14:15:00+09:00,6410.0,6410.0,6410.0,6410.0,359,0.0,0.0
2024-07-26 14:20:00+09:00,6410.0,6420.0,6390.0,6420.0,4032,0.0,0.0
2024-07-26 14:25:00+09:00,6400.0,6400.0,6400.0,6400.0,15,0.0,0.0
2024-07-26 14:30:00+09:00,6410.0,6410.0,6410.0,6410.0,762,0.0,0.0
2024-07-26 14:35:00+09:00,6410.0,6410.0,6400.0,6410.0,0,0.0,0.0
2024-07-26 14:40:00+09:00,6420.0,6420.0,6420.0,6420.0,0,0.0,0.0
2024-07-26 14:50:00+09:00,6410.0,6410.0,6400.0,6400.0,503,0.0,0.0
2024-07-26 14:55:00+09:00,6400.0,6410.0,6400.0,6410.0,794,0.0,0.0
2024-07-29 09:00:00+09:00,6450.0,6450.0,6420.0,6420.0,0,0.0,0.0
2024-07-29 09:05:00+09:00,6450.0,6450.0,6450.0,6450.0,0,0.0,0.0
2024-07-29 09:10:00+09:00,6450.0,6450.0,6450.0,6450.0,81,0.0,0.0
2024-07-29 09:15:00+09:00,6450.0,6450.0,6450.0,6450.0,200,0.0,0.0
2024-07-29 09:20:00+09:00,6460.0,6460.0,6440.0,6440.0,721,0.0,0.0
2024-07-29 09:25:00+09:00,6440.0,6450.0,6440.0,6450.0,191,0.0,0.0
2024-07-29 09:30:00+09:00,6450.0,6450.0,6450.0,6450.0,982,0.0,0.0
2024-07-29 09:35:00+09:00,6440.0,6440.0,6440.0,6440.0,710,0.0,0.0
2024-07-29 09:45:00+09:00,6440.0,6440.0,6440.0,6440.0,88,0.0,0.0
2024-07-29 09:50:00+09:00,6440.0,6440.0,6440.0,6440.0,0,0.0,0.0
2024-07-29 09:55:00+09:00,6440.0,6440.0,6440.0,6440.0,44,0.0,0.0
2024-07-29 10:05:00+09:00,6440.0,6440.0,6430.0,6440.0,100,0.0,0.0
2024-07-29 10:10:00+09:00,6440.0,6440.0,6440.0,6440.0,57,0.0,0.0
2024-07-29 10:15:00+09:00,6430.0,6430.0,6420.0,6420.0,1409,0.0,0.0
2024-07-29 10:30:00+09:00,6430.0,6430.0,6420.0,6420.0,219,0.0,0.0
2024-07-29 10:40:00+09:00,6430.0,6430.0,6430.0,6430.0,1,0.0,0.0
2024-07-29 10:45:00+09:00,6430.0,6430.0,6430.0,6430.0,1,0.0,0.0
2024-07-29 10:50:00+09:00,6430.0,6430.0,6420.0,6420.0,59,0.0,0.0
2024-07-29 10:55:00+09:00,6420.0,6420.0,6420.0,6420.0,1,0.0,0.0
2024-07-29 11:05:00+09:00,6420.0,6420.0,6420.0,6420.0,16,0.0,0.0
2024-07-29 11:20:00+09:00,6420.0,6420.0,6420.0,6420.0,2,0.0,0.0
2024-07-29 11:45:00+09:00,6420.0,6420.0,6410.0,6410.0,313,0.0,0.0
2024-07-29 11:50:00+09:00,6420.0,6420.0,6420.0,6420.0,0,0.0,0.0
2024-07-29 12:10:00+09:00,6420.0,6420.0,6420.0,6420.0,100,0.0,0.0
2024-07-29 12:15:00+09:00,6410.0,6410.0,6400.0,6400.0,396,0.0,0.0
2024-07-29 12:20:00+09:00,6400.0,6400.0,6400.0,6400.0,444,0.0,0.0
2024-07-29 12:25:00+09:00,6400.0,6410.0,6370.0,6410.0,65,0.0,0.0
2024-07-29 12:30:00+09:00,6380.0,6410.0,6380.0,6410.0,88,0.0,0.0
2024-07-29 12:45:00+09:00,6390.0,6400.0,6390.0,6390.0,79,0.0,0.0
2024-07-29 12:50:00+09:00,6380.0,6390.0,6380.0,6390.0,141,0.0,0.0
2024-07-29 13:00:00+09:00,6390.0,6390.0,6390.0,6390.0,1,0.0,0.0
2024-07-29 13:05:00+09:00,6390.0,6390.0,6390.0,6390.0,1,0.0,0.0
2024-07-29 13:10:00+09:00,6380.0,6380.0,6380.0,6380.0,699,0.0,0.0
2024-07-29 13:20:00+09:00,6380.0,6380.0,6380.0,6380.0,155,0.0,0.0
2024-07-29 13:30:00+09:00,6390.0,6390.0,6390.0,6390.0,16,0.0,0.0
2024-07-29 13:40:00+09:00,6390.0,6390.0,6390.0,6390.0,16,0.0,0.0
2024-07-29 13:45:00+09:00,6390.0,6400.0,6390.0,6400.0,1516,0.0,0.0
2024-07-29 13:50:00+09:00,6380.0,6380.0,6380.0,6380.0,1339,0.0,0.0
2024-07-29 13:55:00+09:00,6380.0,6400.0,6370.0,6380.0,0,0.0,0.0
2024-07-29 14:10:00+09:00,6390.0,6390.0,6390.0,6390.0,0,0.0,0.0
2024-07-29 14:15:00+09:00,6380.0,6380.0,6380.0,6380.0,236,0.0,0.0
2024-07-29 14:20:00+09:00,6370.0,6370.0,6370.0,6370.0,184,0.0,0.0
2024-07-29 14:25:00+09:00,6380.0,6380.0,6380.0,6380.0,0,0.0,0.0
2024-07-29 14:30:00+09:00,6390.0,6390.0,6390.0,6390.0,35,0.0,0.0
2024-07-29 14:35:00+09:00,6400.0,6400.0,6390.0,6390.0,8,0.0,0.0
2024-07-29 14:40:00+09:00,6390.0,6390.0,6360.0,6360.0,2545,0.0,0.0
2024-07-29 14:45:00+09:00,6360.0,6390.0,6340.0,6340.0,2638,0.0,0.0
2024-07-29 14:50:00+09:00,6350.0,6360.0,6350.0,6350.0,310,0.0,0.0
2024-07-30 09:00:00+09:00,6390.0,6390.0,6370.0,6370.0,15,0.0,0.0
2024-07-30 09:05:00+09:00,6380.0,6380.0,6360.0,6360.0,57,0.0,0.0
2024-07-30 09:10:00+09:00,6350.0,6350.0,6320.0,6320.0,1503,0.0,0.0
2024-07-30 09:15:00+09:00,6360.0,6360.0,6360.0,6360.0,0,0.0,0.0
2024-07-30 09:20:00+09:00,6320.0,6320.0,6320.0,6320.0,582,0.0,0.0
2024-07-30 09:25:00+09:00,6320.0,6320.0,6320.0,6320.0,0,0.0,0.0
2024-07-30 09:30:00+09:00,6320.0,6320.0,6310.0,6320.0,824,0.0,0.0
2024-07-30 09:35:00+09:00,6320.0,6330.0,6320.0,6330.0,339,0.0,0.0
2024-07-30 09:40:00+09:00,6330.0,6350.0,6320.0,6350.0,1574,0.0,0.0
2024-07-30 09:45:00+09:00,6340.0,6340.0,6340.0,6340.0,234,0.0,0.0
2024-07-30 09:55:00+09:00,6340.0,6340.0,6340.0,6340.0,0,0.0,0.0
2024-07-30 10:20:00+09:00,6340.0,6340.0,6340.0,6340.0,3,0.0,0.0
2024-07-30 10:30:00+09:00,6330.0,6330.0,6330.0,6330.0,3,0.0,0.0
2024-07-30 10:50:00+09:00,6320.0,6320.0,6320.0,6320.0,1,0.0,0.0
2024-07-30 10:55:00+09:00,6320.0,6320.0,6320.0,6320.0,176,0.0,0.0
2024-07-30 11:00:00+09:00,6320.0,6320.0,6310.0,6310.0,221,0.0,0.0
2024-07-30 11:05:00+09:00,6330.0,6330.0,6330.0,6330.0,0,0.0,0.0
2024-07-30 11:25:00+09:00,6320.0,6320.0,6320.0,6320.0,196,0.0,0.0
2024-07-30 11:30:00+09:00,6320.0,6320.0,6300.0,6320.0,1826,0.0,0.0
2024-07-30 11:35:00+09:00,6310.0,6310.0,6290.0,6310.0,971,0.0,0.0
2024-07-30 11:40:00+09:00,6310.0,6310.0,6310.0,6310.0,152,0.0,0.0
2024-07-30 11:55:00+09:00,6310.0,6310.0,6300.0,6300.0,40,0.0,0.0
2024-07-30 12:10:00+09:00,6310.0,6310.0,6310.0,6310.0,0,0.0,0.0
2024-07-30 12:15:00+09:00,6310.0,6310.0,6310.0,6310.0,8,0.0,0.0
2024-07-30 12:20:00+09:00,6310.0,6310.0,6310.0,6310.0,0,0.0,0.0
2024-07-30 12:30:00+09:00,6300.0,6300.0,6300.0,6300.0,246,0.0,0.0
2024-07-30 12:35:00+09:00,6310.0,6310.0,6310.0,6310.0,100,0.0,0.0
2024-07-30 12:40:00+09:00,6300.0,6310.0,6300.0,6310.0,522,0.0,0.0
2024-07-30 12:45:00+09:00,6300.0,6300.0,6290.0,6290.0,2030,0.0,0.0
2024-07-30 12:55:00+09:00,6290.0,6290.0,6290.0,6290.0,0,0.0,0.0
2024-07-30 13:05:00+09:00,6300.0,6300.0,6290.0,6290.0,168,0.0,0.0
2024-07-30 13:10:00+09:00,6280.0,6290.0,6280.0,6280.0,30,0.0,0.0
2024-07-30 13:25:00+09:00,6280.0,6290.0,6280.0,6290.0,949,0.0,0.0
2024-07-30 13:35:00+09:00,6290.0,6290.0,6290.0,6290.0,1,0.0,0.0
2024-07-30 13:45:00+09:00,6290.0,6290.0,6290.0,6290.0,48,0.0,0.0
2024-07-30 13:50:00+09:00,6290.0,6290.0,6290.0,6290.0,6,0.0,0.0
2024-07-30 14:00:00+09:00,6290.0,6290.0,6290.0,6290.0,7,0.0,0.0
2024-07-30 14:05:00+09:00,6290.0,6300.0,6290.0,6300.0,277,0.0,0.0
2024-07-30 14:10:00+09:00,6290.0,6300.0,6290.0,6300.0,0,0.0,0.0
2024-07-30 14:20:00+09:00,6280.0,6290.0,6280.0,6290.0,3,0.0,0.0
2024-07-30 14:25:00+09:00,6280.0,6290.0,6280.0,6290.0,2,0.0,0.0
2024-07-30 14:30:00+09:00,6290.0,6290.0,6260.0,6260.0,1802,0.0,0.0
2024-07-30 14:35:00+09:00,6290.0,6290.0,6290.0,6290.0,1,0.0,0.0
2024-07-30 14:40:00+09:00,6290.0,6290.0,6290.0,6290.0,30,0.0,0.0
2024-07-30 14:45:00+09:00,6280.0,6280.0,6280.0,6280.0,0,0.0,0.0
2024-07-31 09:00:00+09:00,6290.0,6300.0,6290.0,6300.0,59,0.0,0.0
2024-07-31 09:15:00+09:00,6300.0,6300.0,6300.0,6300.0,1,0.0,0.0
2024-07-31 09:25:00+09:00,6300.0,6300.0,6250.0,6250.0,1187,0.0,0.0
2024-07-31 09:35:00+09:00,6250.0,6270.0,6250.0,6270.0,250,0.0,0.0
2024-07-31 09:40:00+09:00,6270.0,6280.0,6270.0,6280.0,905,0.0,0.0
2024-07-31 09:45:00+09:00,6290.0,6300.0,6290.0,6300.0,47,0.0,0.0
2024-07-31 09:50:00+09:00,6300.0,6350.0,6300.0,6350.0,110,0.0,0.0
2024-07-31 10:00:00+09:00,6300.0,6320.0,6280.0,6320.0,255,0.0,0.0
2024-07-31 10:05:00+09:00,6320.0,6320.0,6320.0,6320.0,0,0.0,0.0
2024-07-31 10:25:00+09:00,6270.0,6300.0,6260.0,6300.0,185,0.0,0.0
2024-07-31 10:35:00+09:00,6300.0,6300.0,6300.0,6300.0,13,0.0,0.0
2024-07-31 10:40:00+09:00,6300.0,6300.0,6300.0,6300.0,72,0.0,0.0
2024-07-31 10:45:00+09:00,6290.0,6290.0,6290.0,6290.0,0,0.0,0.0
2024-07-31 11:00:00+09:00,6280.0,6280.0,6280.0,6280.0,0,0.0,0.0
2024-07-31 11:05:00+09:00,6280.0,6300.0,6280.0,6290.0,102,0.0,0.0
2024-07-31 11:10:00+09:00,6290.0,6290.0,6290.0,6290.0,1,0.0,0.0
2024-07-31 11:15:00+09:00,6280.0,6280.0,6280.0,6280.0,0,0.0,0.0
2024-07-31 11:20:00+09:00,6280.0,6280.0,6250.0,6250.0,1500,0.0,0.0
2024-07-31 11:25:00+09:00,6250.0,6260.0,6230.0,6260.0,3740,0.0,0.0
2024-07-31 11:30:00+09:00,6260.0,6260.0,6260.0,6260.0,376,0.0,0.0
2024-07-31 11:35:00+09:00,6260.0,6260.0,6260.0,6260.0,62,0.0,0.0
2024-07-31 11:55:00+09:00,6270.0,6270.0,6270.0,6270.0,0,0.0,0.0
2024-07-31 12:10:00+09:00,6270.0,6270.0,6270.0,6270.0,20,0.0,0.0
2024-07-31 12:15:00+09:00,6260.0,6270.0,6220.0,6270.0,958,0.0,0.0
2024-07-31 12:25:00+09:00,6250.0,6260.0,6250.0,6260.0,14,0.0,0.0
2024-07-31 12:30:00+09:00,6250.0,6250.0,6250.0,6250.0,0,0.0,0.0
2024-07-31 12:35:00+09:00,6240.0,6240.0,6240.0,6240.0,871,0.0,0.0
2024-07-31 12:40:00+09:00,6240.0,6260.0,6240.0,6260.0,0,0.0,0.0
2024-07-31 12:50:00+09:00,6240.0,6240.0,6240.0,6240.0,259,0.0,0.0
2024-07-31 13:00:00+09:00,6250.0,6250.0,6250.0,6250.0,0,0.0,0.0
2024-07-31 13:15:00+09:00,6250.0,6250.0,6250.0,6250.0,0,0.0,0.0
2024-07-31 13:20:00+09:00,6250.0,6250.0,6250.0,6250.0,41,0.0,0.0
2024-07-31 13:25:00+09:00,6240.0,6240.0,6240.0,6240.0,218,0.0,0.0
2024-07-31 13:30:00+09:00,6240.0,6240.0,6240.0,6240.0,0,0.0,0.0
2024-07-31 13:35:00+09:00,6230.0,6240.0,6230.0,6240.0,38,0.0,0.0
2024-07-31 13:40:00+09:00,6230.0,6230.0,6230.0,6230.0,100,0.0,0.0
2024-07-31 13:45:00+09:00,6240.0,6250.0,6240.0,6250.0,553,0.0,0.0
2024-07-31 13:55:00+09:00,6240.0,6250.0,6230.0,6250.0,437,0.0,0.0
2024-07-31 14:00:00+09:00,6240.0,6250.0,6240.0,6250.0,0,0.0,0.0
2024-07-31 14:20:00+09:00,6250.0,6250.0,6250.0,6250.0,81,0.0,0.0
2024-07-31 14:25:00+09:00,6250.0,6250.0,6240.0,6240.0,82,0.0,0.0
2024-07-31 14:35:00+09:00,6240.0,6240.0,6240.0,6240.0,118,0.0,0.0
2024-07-31 14:40:00+09:00,6240.0,6240.0,6240.0,6240.0,1,0.0,0.0
2024-07-31 14:45:00+09:00,6240.0,6240.0,6240.0,6240.0,1,0.0,0.0
2024-07-31 14:55:00+09:00,6240.0,6240.0,6240.0,6240.0,3,0.0,0.0
2024-08-01 09:00:00+09:00,6390.0,6390.0,6370.0,6370.0,26,0.0,0.0
2024-08-01 09:05:00+09:00,6350.0,6390.0,6350.0,6390.0,75,0.0,0.0
2024-08-01 09:10:00+09:00,6380.0,6380.0,6370.0,6380.0,10,0.0,0.0
2024-08-01 09:20:00+09:00,6370.0,6380.0,6370.0,6380.0,170,0.0,0.0
2024-08-01 09:25:00+09:00,6360.0,6380.0,6360.0,6380.0,13,0.0,0.0
2024-08-01 09:35:00+09:00,6350.0,6350.0,6340.0,6340.0,17,0.0,0.0
2024-08-01 09:40:00+09:00,6350.0,6380.0,6350.0,6380.0,519,0.0,0.0
2024-08-01 10:05:00+09:00,6370.0,6380.0,6370.0,6370.0,23,0.0,0.0
2024-08-01 10:10:00+09:00,6360.0,6360.0,6360.0,6360.0,30,0.0,0.0
2024-08-01 10:15:00+09:00,6350.0,6350.0,6340.0,6350.0,685,0.0,0.0
2024-08-01 10:20:00+09:00,6380.0,6380.0,6380.0,6380.0,580,0.0,0.0
2024-08-01 10:35:00+09:00,6340.0,6340.0,6340.0,6340.0,0,0.0,0.0
2024-08-01 10:40:00+09:00,6380.0,6380.0,6380.0,6380.0,0,0.0,0.0
2024-08-01 10:45:00+09:00,6380.0,6410.0,6360.0,6410.0,1517,0.0,0.0
2024-08-01 10:55:00+09:00,6400.0,6400.0,6400.0,6400.0,49,0.0,0.0
2024-08-01 11:05:00+09:00,6400.0,6400.0,6400.0,6400.0,1,0.0,0.0
2024-08-01 11:10:00+09:00,6390.0,6410.0,6390.0,6410.0,65,0.0,0.0
2024-08-01 11:25:00+09:00,6370.0,6410.0,6370.0,6410.0,0,0.0,0.0
2024-08-01 12:15:00+09:00,6360.0,6360.0,6360.0,6360.0,1,0.0,0.0
2024-08-01 12:20:00+09:00,6390.0,6390.0,6390.0,6390.0,1,0.0,0.0
2024-08-01 12:25:00+09:00,6360.0,6360.0,6360.0,6360.0,19,0.0,0.0
2024-08-01 12:30:00+09:00,6360.0,6360.0,6340.0,6340.0,622,0.0,0.0
2024-08-01 12:40:00+09:00,6340.0,6350.0,6340.0,6350.0,340,0.0,0.0
2024-08-01 12:50:00+09:00,6340.0,6350.0,6340.0,6350.0,39,0.0,0.0
2024-08-01 12:55:00+09:00,6340.0,6340.0,6340.0,6340.0,199,0.0,0.0
2024-08-01 13:00:00+09:00,6350.0,6350.0,6340.0,6340.0,45,0.0,0.0
2024-08-01 13:05:00+09:00,6340.0,6360.0,6340.0,6360.0,916,0.0,0.0
2024-08-01 13:10:00+09:00,6390.0,6390.0,6390.0,6390.0,2,0.0,0.0
2024-08-01 13:15:00+09:00,6390.0,6390.0,6390.0,6390.0,5,0.0,0.0
2024-08-01 13:25:00+09:00,6380.0,6390.0,6380.0,6380.0,517,0.0,0.0
2024-08-01 13:30:00+09:00,6370.0,6370.0,6370.0,6370.0,0,0.0,0.0
2024-08-01 13:45:00+09:00,6380.0,6390.0,6370.0,6390.0,1599,0.0,0.0
2024-08-01 13:55:00+09:00,6390.0,6390.0,6390.0,6390.0,0,0.0,0.0
2024-08-01 14:00:00+09:00,6380.0,6390.0,6380.0,6390.0,88,0.0,0.0
2024-08-01 14:15:00+09:00,6390.0,6390.0,6390.0,6390.0,5,0.0,0.0
2024-08-01 14:25:00+09:00,6390.0,6390.0,6390.0,6390.0,1234,0.0,0.0
2024-08-01 14:35:00+09:00,6400.0,6400.0,6400.0,6400.0,0,0.0,0.0
2024-08-01 14:45:00+09:00,6400.0,6400.0,6400.0,6400.0,0,0.0,0.0
2024-08-01 14:55:00+09:00,6380.0,6380.0,6360.0,6360.0,196,0.0,0.0
2024-08-02 09:00:00+09:00,6290.0,6380.0,6290.0,6380.0,205,0.0,0.0
2024-08-02 09:10:00+09:00,6320.0,6320.0,6280.0,6280.0,1643,0.0,0.0
2024-08-02 09:15:00+09:00,6270.0,6290.0,6230.0,6260.0,2798,0.0,0.0
2024-08-02 09:20:00+09:00,6260.0,6260.0,6240.0,6240.0,44,0.0,0.0
2024-08-02 09:25:00+09:00,6240.0,6240.0,6220.0,6220.0,1893,0.0,0.0
2024-08-02 09:30:00+09:00,6230.0,6240.0,6230.0,6240.0,1317,0.0,0.0
2024-08-02 09:35:00+09:00,6250.0,6250.0,6250.0,6250.0,0,0.0,0.0
2024-08-02 09:40:00+09:00,6250.0,6260.0,6250.0,6260.0,90,0.0,0.0
2024-08-02 09:45:00+09:00,6250.0,6250.0,6250.0,6250.0,88,0.0,0.0
2024-08-02 09:50:00+09:00,6250.0,6250.0,6250.0,6250.0,330,0.0,0.0
2024-08-02 09:55:00+09:00,6260.0,6260.0,6260.0,6260.0,24,0.0,0.0
2024-08-02 10:00:00+09:00,6260.0,6260.0,6260.0,6260.0,0,0.0,0.0
2024-08-02 10:05:00+09:00,6260.0,6270.0,6260.0,6270.0,719,0.0,0.0
2024-08-02 10:10:00+09:00,6270.0,6270.0,6270.0,6270.0,18,0.0,0.0
2024-08-02 10:15:00+09:00,6270.0,6270.0,6260.0,6270.0,31,0.0,0.0
2024-08-02 10:20:00+09:00,6270.0,6270.0,6270.0,6270.0,16,0.0,0.0
2024-08-02 10:25:00+09:00,6270.0,6270.0,6270.0,6270.0,15,0.0,0.0
2024-08-02 10:30:00+09:00,6270.0,6270.0,6270.0,6270.0,7,0.0,0.0
2024-08-02 10:35:00+09:00,6270.0,6270.0,6270.0,6270.0,17,0.0,0.0
2024-08-02 10:40:00+09:00,6270.0,6270.0,6270.0,6270.0,8,0.0,0.0
2024-08-02 10:45:00+09:00,6270.0,6270.0,6270.0,6270.0,11,0.0,0.0
2024-08-02 10:50:00+09:00,6260.0,6270.0,6260.0,6270.0,18,0.0,0.0
2024-08-02 10:55:00+09:00,6270.0,6270.0,6270.0,6270.0,13,0.0,0.0
2024-08-02 11:00:00+09:00,6270.0,6300.0,6270.0,6290.0,31,0.0,0.0
2024-08-02 11:05:00+09:00,6290.0,6290.0,6270.0,6280.0,154,0.0,0.0
2024-08-02 11:10:00+09:00,6280.0,6280.0,6280.0,6280.0,12,0.0,0.0
2024-08-02 11:15:00+09:00,6280.0,6280.0,6280.0,6280.0,7,0.0,0.0
2024-08-02 11:20:00+09:00,6280.0,6280.0,6280.0,6280.0,17,0.0,0.0
2024-08-02 11:25:00+09:00,6280.0,6280.0,6260.0,6270.0,198,0.0,0.0
2024-08-02 11:30:00+09:00,6270.0,6270.0,6270.0,6270.0,6,0.0,0.0
2024-08-02 11:35:00+09:00,6250.0,6270.0,6250.0,6270.0,642,0.0,0.0
2024-08-02 11:40:00+09:00,6260.0,6260.0,6260.0,6260.0,41,0.0,0.0
2024-08-02 11:45:00+09:00,6260.0,6260.0,6260.0,6260.0,132,0.0,0.0
2024-08-02 11:50:00+09:00,6260.0,6260.0,6230.0,6230.0,1250,0.0,0.0
2024-08-02 11:55:00+09:00,6250.0,6260.0,6230.0,6260.0,425,0.0,0.0
2024-08-02 12:00:00+09:00,6260.0,6260.0,6230.0,6230.0,199,0.0,0.0
2024-08-02 12:05:00+09:00,6260.0,6260.0,6260.0,6260.0,0,0.0,0.0
2024-08-02 12:10:00+09:00,6260.0,6260.0,6260.0,6260.0,1,0.0,0.0
2024-08-02 12:15:00+09:00,6250.0,6250.0,6250.0,6250.0,1,0.0,0.0
2024-08-02 12:20:00+09:00,6240.0,6240.0,6240.0,6240.0,9,0.0,0.0
2024-08-02 12:25:00+09:00,6240.0,6240.0,6230.0,6230.0,262,0.0,0.0
2024-08-02 12:35:00+09:00,6230.0,6230.0,6230.0,6230.0,180,0.0,0.0
2024-08-02 12:40:00+09:00,6220.0,6240.0,6220.0,6240.0,582,0.0,0.0
2024-08-02 12:50:00+09:00,6220.0,6220.0,6220.0,6220.0,158,0.0,0.0
2024-08-02 12:55:00+09:00,6230.0,6230.0,6230.0,6230.0,6,0.0,0.0
2024-08-02 13:00:00+09:00,6230.0,6230.0,6230.0,6230.0,1,0.0,0.0
2024-08-02 13:10:00+09:00,6220.0,6220.0,6210.0,6210.0,377,0.0,0.0
2024-08-02 13:15:00+09:00,6210.0,6210.0,6210.0,6210.0,790,0.0,0.0
2024-08-02 13:20:00+09:00,6210.0,6230.0,6200.0,6200.0,5008,0.0,0.0
2024-08-02 13:25:00+09:00,6200.0,6200.0,6190.0,6200.0,1305,0.0,0.0
2024-08-02 13:30:00+09:00,6220.0,6230.0,6220.0,6230.0,68,0.0,0.0
2024-08-02 13:35:00+09:00,6220.0,6220.0,6220.0,6220.0,31,0.0,0.0
2024-08-02 13:40:00+09:00,6220.0,6220.0,6220.0,6220.0,0,0.0,0.0
2024-08-02 13:50:00+09:00,6220.0,6220.0,6210.0,6210.0,602,0.0,0.0
2024-08-02 13:55:00+09:00,6200.0,6200.0,6200.0,6200.0,265,0.0,0.0
2024-08-02 14:00:00+09:00,6200.0,6200.0,6200.0,6200.0,1401,0.0,0.0
2024-08-02 14:05:00+09:00,6190.0,6190.0,6190.0,6190.0,2000,0.0,0.0
2024-08-02 14:10:00+09:00,6190.0,6190.0,6190.0,6190.0,123,0.0,0.0
2024-08-02 14:15:00+09:00,6190.0,6190.0,6180.0,6180.0,1218,0.0,0.0
2024-08-02 14:20:00+09:00,6180.0,6180.0,6180.0,6180.0,984,0.0,0.0
2024-08-02 14:25:00+09:00,6180.0,6180.0,6170.0,6170.0,1885,0.0,0.0
2024-08-02 14:35:00+09:00,6190.0,6190.0,6190.0,6190.0,0,0.0,0.0
2024-08-02 14:40:00+09:00,6190.0,6190.0,6190.0,6190.0,312,0.0,0.0
2024-08-02 14:45:00+09:00,6180.0,6180.0,6170.0,6170.0,1176,0.0,0.0
2024-08-02 14:50:00+09:00,6190.0,6200.0,6190.0,6200.0,564,0.0,0.0
2024-08-02 14:55:00+09:00,6200.0,6200.0,6180.0,6180.0,1121,0.0,0.0
2024-08-05 09:00:00+09:00,6180.0,6180.0,6060.0,6060.0,0,0.0,0.0
2024-08-05 09:05:00+09:00,6050.0,6070.0,6040.0,6040.0,2004,0.0,0.0
2024-08-05 09:10:00+09:00,6030.0,6170.0,6020.0,6170.0,3117,0.0,0.0
2024-08-05 09:15:00+09:00,6100.0,6100.0,6090.0,6090.0,1965,0.0,0.0
2024-08-05 09:20:00+09:00,6110.0,6110.0,6060.0,6070.0,3411,0.0,0.0
2024-08-05 09:25:00+09:00,6080.0,6080.0,6040.0,6070.0,1497,0.0,0.0
2024-08-05 09:30:00+09:00,6070.0,6070.0,6070.0,6070.0,0,0.0,0.0
2024-08-05 09:35:00+09:00,6070.0,6070.0,6070.0,6070.0,170,0.0,0.0
2024-08-05 09:40:00+09:00,6050.0,6080.0,6040.0,6040.0,2085,0.0,0.0
2024-08-05 09:45:00+09:00,6040.0,6040.0,6030.0,6030.0,1464,0.0,0.0
2024-08-05 09:50:00+09:00,6040.0,6060.0,6020.0,6030.0,11489,0.0,0.0
2024-08-05 09:55:00+09:00,6040.0,6040.0,6010.0,6010.0,1774,0.0,0.0
2024-08-05 10:00:00+09:00,6020.0,6030.0,5990.0,6000.0,2937,0.0,0.0
2024-08-05 10:05:00+09:00,6000.0,6020.0,5990.0,5990.0,1134,0.0,0.0
2024-08-05 10:10:00+09:00,5990.0,6000.0,5960.0,6000.0,2654,0.0,0.0
2024-08-05 10:15:00+09:00,5970.0,6000.0,5970.0,6000.0,2880,0.0,0.0
2024-08-05 10:20:00+09:00,6000.0,6000.0,5980.0,5980.0,552,0.0,0.0
2024-08-05 10:25:00+09:00,5970.0,5980.0,5960.0,5980.0,431,0.0,0.0
2024-08-05 10:30:00+09:00,5960.0,5960.0,5910.0,5940.0,6345,0.0,0.0
2024-08-05 10:35:00+09:00,5930.0,5940.0,5920.0,5940.0,1701,0.0,0.0
2024-08-05 10:40:00+09:00,5940.0,5940.0,5940.0,5940.0,364,0.0,0.0
2024-08-05 10:45:00+09:00,5940.0,5960.0,5940.0,5960.0,598,0.0,0.0
2024-08-05 10:50:00+09:00,5960.0,5980.0,5960.0,5960.0,540,0.0,0.0
2024-08-05 10:55:00+09:00,5960.0,5960.0,5960.0,5960.0,2,0.0,0.0
2024-08-05 11:00:00+09:00,5950.0,5950.0,5950.0,5950.0,0,0.0,0.0
2024-08-05 11:05:00+09:00,5950.0,5950.0,5950.0,5950.0,152,0.0,0.0
2024-08-05 11:10:00+09:00,5940.0,5940.0,5940.0,5940.0,778,0.0,0.0
2024-08-05 11:15:00+09:00,5930.0,5930.0,5930.0,5930.0,81,0.0,0.0
2024-08-05 11:20:00+09:00,5930.0,5930.0,5930.0,5930.0,210,0.0,0.0
2024-08-05 11:25:00+09:00,5940.0,5940.0,5940.0,5940.0,253,0.0,0.0
2024-08-05 11:30:00+09:00,5940.0,5940.0,5940.0,5940.0,56,0.0,0.0
2024-08-05 11:35:00+09:00,5930.0,5930.0,5920.0,5920.0,3549,0.0,0.0
2024-08-05 11:40:00+09:00,5920.0,5930.0,5920.0,5930.0,0,0.0,0.0
2024-08-05 11:45:00+09:00,5920.0,5920.0,5920.0,5920.0,229,0.0,0.0
2024-08-05 11:50:00+09:00,5910.0,5910.0,5910.0,5910.0,3,0.0,0.0
2024-08-05 11:55:00+09:00,5920.0,5920.0,5920.0,5920.0,12,0.0,0.0
2024-08-05 12:00:00+09:00,5930.0,5930.0,5930.0,5930.0,0,0.0,0.0
2024-08-05 12:05:00+09:00,5920.0,5940.0,5910.0,5910.0,1852,0.0,0.0
2024-08-05 12:10:00+09:00,5900.0,5900.0,5900.0,5900.0,1907,0.0,0.0
2024-08-05 12:15:00+09:00,5890.0,5900.0,5870.0,5890.0,189,0.0,0.0
2024-08-05 12:20:00+09:00,5880.0,5890.0,5820.0,5890.0,4359,0.0,0.0
2024-08-05 12:25:00+09:00,5890.0,5890.0,5890.0,5890.0,31,0.0,0.0
2024-08-05 12:30:00+09:00,5830.0,5880.0,5820.0,5850.0,1637,0.0,0.0
2024-08-05 12:35:00+09:00,5840.0,5870.0,5840.0,5870.0,0,0.0,0.0
2024-08-05 12:40:00+09:00,5840.0,5870.0,5840.0,5870.0,72,0.0,0.0
2024-08-05 12:45:00+09:00,5870.0,5870.0,5870.0,5870.0,0,0.0,0.0
2024-08-05 12:50:00+09:00,5860.0,5870.0,5860.0,5870.0,692,0.0,0.0
2024-08-05 12:55:00+09:00,5860.0,5860.0,5850.0,5860.0,372,0.0,0.0
2024-08-05 13:00:00+09:00,5860.0,5870.0,5860.0,5870.0,529,0.0,0.0
2024-08-05 13:05:00+09:00,5870.0,5880.0,5870.0,5880.0,524,0.0,0.0
2024-08-05 13:15:00+09:00,5880.0,5900.0,5880.0,5900.0,65,0.0,0.0
2024-08-05 13:20:00+09:00,5900.0,5920.0,5900.0,5920.0,329,0.0,0.0
2024-08-05 13:30:00+09:00,5900.0,5900.0,5900.0,5900.0,47,0.0,0.0
2024-08-05 13:35:00+09:00,5890.0,5920.0,5890.0,5920.0,661,0.0,0.0
2024-08-05 13:40:00+09:00,5910.0,5910.0,5860.0,5880.0,4173,0.0,0.0
2024-08-05 13:45:00+09:00,5880.0,5880.0,5860.0,5880.0,188,0.0,0.0
2024-08-05 13:50:00+09:00,5880.0,5880.0,5860.0,5880.0,371,0.0,0.0
2024-08-05 13:55:00+09:00,5880.0,5880.0,5870.0,5870.0,13,0.0,0.0
2024-08-05 14:25:00+09:00,5860.0,5860.0,5860.0,5860.0,1720,0.0,0.0
2024-08-05 14:30:00+09:00,5860.0,5860.0,5740.0,5760.0,65423,0.0,0.0
2024-08-05 14:35:00+09:00,5770.0,5770.0,5730.0,5760.0,1333,0.0,0.0
2024-08-05 14:40:00+09:00,5760.0,5760.0,5700.0,5720.0,4598,0.0,0.0
2024-08-05 14:45:00+09:00,5720.0,5750.0,5720.0,5720.0,4325,0.0,0.0
2024-08-05 14:50:00+09:00,5710.0,5710.0,5640.0,5640.0,2792,0.0,0.0
2024-08-05 14:55:00+09:00,5640.0,5760.0,5640.0,5760.0,2972,0.0,0.0
2024-08-06 09:00:00+09:00,5500.0,5900.0,5500.0,5870.0,27039,0.0,0.0
2024-08-06 09:05:00+09:00,5810.0,5810.0,5700.0,5700.0,5439,0.0,0.0
2024-08-06 09:10:00+09:00,5700.0,5800.0,5700.0,5800.0,6137,0.0,0.0
2024-08-06 09:15:00+09:00,5780.0,5880.0,5780.0,5870.0,2932,0.0,0.0
2024-08-06 09:20:00+09:00,5870.0,5870.0,5720.0,5840.0,656,0.0,0.0
2024-08-06 09:25:00+09:00,5840.0,5850.0,5810.0,5850.0,3003,0.0,0.0
2024-08-06 09:30:00+09:00,5830.0,5840.0,5830.0,5830.0,71,0.0,0.0
2024-08-06 09:35:00+09:00,5850.0,5860.0,5850.0,5850.0,13,0.0,0.0
2024-08-06 09:40:00+09:00,5840.0,5840.0,5830.0,5830.0,190,0.0,0.0
2024-08-06 09:45:00+09:00,5850.0,5850.0,5830.0,5830.0,581,0.0,0.0
2024-08-06 09:50:00+09:00,5830.0,5850.0,5830.0,5850.0,224,0.0,0.0
2024-08-06 09:55:00+09:00,5850.0,5860.0,5850.0,5860.0,461,0.0,0.0
2024-08-06 10:00:00+09:00,5860.0,5890.0,5860.0,5890.0,2207,0.0,0.0
2024-08-06 10:05:00+09:00,5900.0,5910.0,5880.0,5890.0,1182,0.0,0.0
2024-08-06 10:10:00+09:00,5910.0,5990.0,5910.0,5930.0,1097,0.0,0.0
2024-08-06 10:15:00+09:00,5920.0,5920.0,5870.0,5870.0,2696,0.0,0.0
2024-08-06 10:20:00+09:00,5860.0,5860.0,5800.0,5820.0,3325,0.0,0.0
2024-08-06 10:25:00+09:00,5870.0,5870.0,5870.0,5870.0,3,0.0,0.0
2024-08-06 10:30:00+09:00,5870.0,5870.0,5870.0,5870.0,1,0.0,0.0
2024-08-06 10:35:00+09:00,5820.0,5820.0,5820.0,5820.0,333,0.0,0.0
2024-08-06 10:40:00+09:00,5820.0,5820.0,5790.0,5790.0,1462,0.0,0.0
2024-08-06 10:45:00+09:00,5820.0,5840.0,5780.0,5840.0,1139,0.0,0.0
2024-08-06 10:50:00+09:00,5830.0,5830.0,5830.0,5830.0,229,0.0,0.0
2024-08-06 11:00:00+09:00,5810.0,5820.0,5810.0,5820.0,882,0.0,0.0
2024-08-06 11:10:00+09:00,5820.0,5850.0,5820.0,5840.0,4834,0.0,0.0
2024-08-06 11:20:00+09:00,5820.0,5820.0,5820.0,5820.0,263,0.0,0.0
2024-08-06 11:25:00+09:00,5820.0,5820.0,5820.0,5820.0,87,0.0,0.0
2024-08-06 11:40:00+09:00,5810.0,5810.0,5810.0,5810.0,127,0.0,0.0
2024-08-06 11:45:00+09:00,5810.0,5810.0,5780.0,5780.0,1609,0.0,0.0
2024-08-06 11:50:00+09:00,5780.0,5800.0,5740.0,5800.0,4023,0.0,0.0
2024-08-06 11:55:00+09:00,5780.0,5800.0,5770.0,5800.0,413,0.0,0.0
2024-08-06 12:00:00+09:00,5770.0,5780.0,5740.0,5770.0,512,0.0,0.0
2024-08-06 12:05:00+09:00,5770.0,5790.0,5770.0,5770.0,795,0.0,0.0
2024-08-06 12:15:00+09:00,5760.0,5760.0,5740.0,5740.0,734,0.0,0.0
2024-08-06 12:20:00+09:00,5780.0,5780.0,5780.0,5780.0,1003,0.0,0.0
2024-08-06 12:30:00+09:00,5800.0,5800.0,5800.0,5800.0,80,0.0,0.0
2024-08-06 12:35:00+09:00,5800.0,5800.0,5790.0,5790.0,154,0.0,0.0
2024-08-06 12:40:00+09:00,5790.0,5790.0,5790.0,5790.0,0,0.0,0.0
2024-08-06 12:45:00+09:00,5800.0,5830.0,5800.0,5830.0,171,0.0,0.0
2024-08-06 12:55:00+09:00,5800.0,5800.0,5800.0,5800.0,63,0.0,0.0
2024-08-06 13:00:00+09:00,5830.0,5830.0,5830.0,5830.0,333,0.0,0.0
2024-08-06 13:10:00+09:00,5810.0,5830.0,5810.0,5830.0,1408,0.0,0.0
2024-08-06 13:20:00+09:00,5830.0,5830.0,5830.0,5830.0,0,0.0,0.0
2024-08-06 13:40:00+09:00,5820.0,5820.0,5820.0,5820.0,91,0.0,0.0
2024-08-06 13:55:00+09:00,5830.0,5830.0,5830.0,5830.0,0,0.0,0.0
2024-08-06 14:00:00+09:00,5830.0,5830.0,5830.0,5830.0,735,0.0,0.0
2024-08-06 14:15:00+09:00,5820.0,5830.0,5810.0,5810.0,537,0.0,0.0
2024-08-06 14:20:00+09:00,5810.0,5810.0,5800.0,5800.0,711,0.0,0.0
2024-08-06 14:30:00+09:00,5820.0,5880.0,5820.0,5880.0,5094,0.0,0.0
2024-08-06 14:35:00+09:00,5880.0,5900.0,5880.0,5890.0,1603,0.0,0.0
2024-08-06 14:40:00+09:00,5880.0,5910.0,5880.0,5910.0,3188,0.0,0.0
2024-08-06 14:45:00+09:00,5920.0,5920.0,5920.0,5920.0,0,0.0,0.0
2024-08-06 14:50:00+09:00,5920.0,5950.0,5920.0,5950.0,924,0.0,0.0
2024-08-06 14:55:00+09:00,5940.0,5980.0,5940.0,5980.0,1812,0.0,0.0
2024-08-07 09:00:00+09:00,5940.0,6090.0,5940.0,5960.0,1237,0.0,0.0
2024-08-07 09:05:00+09:00,5960.0,6040.0,5960.0,6040.0,848,0.0,0.0
2024-08-07 09:10:00+09:00,6040.0,6040.0,6040.0,6040.0,0,0.0,0.0
2024-08-07 09:15:00+09:00,6030.0,6030.0,6020.0,6030.0,167,0.0,0.0
2024-08-07 09:20:00+09:00,6020.0,6100.0,6020.0,6040.0,3287,0.0,0.0
2024-08-07 09:25:00+09:00,6040.0,6040.0,6020.0,6040.0,2065,0.0,0.0
2024-08-07 09:30:00+09:00,6040.0,6040.0,6000.0,6030.0,0,0.0,0.0
2024-08-07 09:35:00+09:00,6030.0,6030.0,6030.0,6030.0,2,0.0,0.0
2024-08-07 09:50:00+09:00,6030.0,6030.0,6030.0,6030.0,99,0.0,0.0
2024-08-07 09:55:00+09:00,6020.0,6020.0,6020.0,6020.0,30,0.0,0.0
2024-08-07 10:00:00+09:00,6020.0,6020.0,6020.0,6020.0,0,0.0,0.0
2024-08-07 10:05:00+09:00,6020.0,6020.0,6020.0,6020.0,291,0.0,0.0
2024-08-07 10:10:00+09:00,6020.0,6020.0,6020.0,6020.0,0,0.0,0.0
2024-08-07 10:25:00+09:00,6020.0,6020.0,6020.0,6020.0,98,0.0,0.0
2024-08-07 10:50:00+09:00,6040.0,6040.0,6040.0,6040.0,21,0.0,0.0
2024-08-07 10:55:00+09:00,6040.0,6040.0,6040.0,6040.0,218,0.0,0.0
2024-08-07 11:00:00+09:00,6040.0,6040.0,6040.0,6040.0,0,0.0,0.0
2024-08-07 11:20:00+09:00,6040.0,6040.0,6040.0,6040.0,22,0.0,0.0
2024-08-07 11:55:00+09:00,6040.0,6040.0,6040.0,6040.0,96,0.0,0.0
2024-08-07 12:20:00+09:00,6040.0,6040.0,6040.0,6040.0,17,0.0,0.0
2024-08-07 12:25:00+09:00,6020.0,6040.0,6020.0,6040.0,995,0.0,0.0
2024-08-07 12:30:00+09:00,6030.0,6030.0,6030.0,6030.0,294,0.0,0.0
2024-08-07 12:35:00+09:00,6030.0,6030.0,6030.0,6030.0,102,0.0,0.0
2024-08-07 12:45:00+09:00,6030.0,6030.0,6030.0,6030.0,198,0.0,0.0
2024-08-07 13:25:00+09:00,6040.0,6070.0,6040.0,6070.0,1599,0.0,0.0
2024-08-07 13:30:00+09:00,6080.0,6080.0,6060.0,6060.0,207,0.0,0.0
2024-08-07 13:35:00+09:00,6090.0,6090.0,6090.0,6090.0,1,0.0,0.0
2024-08-07 13:40:00+09:00,6080.0,6080.0,6080.0,6080.0,12,0.0,0.0
2024-08-07 13:45:00+09:00,6090.0,6090.0,6090.0,6090.0,528,0.0,0.0
2024-08-07 13:50:00+09:00,6090.0,6090.0,6090.0,6090.0,55,0.0,0.0
2024-08-07 13:55:00+09:00,6120.0,6120.0,6120.0,6120.0,1919,0.0,0.0
2024-08-07 14:00:00+09:00,6090.0,6110.0,6090.0,6110.0,0,0.0,0.0
2024-08-07 14:05:00+09:00,6100.0,6110.0,6100.0,6110.0,2,0.0,0.0
2024-08-07 14:10:00+09:00,6090.0,6130.0,6090.0,6130.0,3049,0.0,0.0
2024-08-07 14:15:00+09:00,6130.0,6170.0,6130.0,6140.0,585,0.0,0.0
2024-08-07 14:20:00+09:00,6140.0,6160.0,6130.0,6160.0,1927,0.0,0.0
2024-08-07 14:25:00+09:00,6130.0,6130.0,6130.0,6130.0,0,0.0,0.0
2024-08-07 14:30:00+09:00,6130.0,6130.0,6130.0,6130.0,5,0.0,0.0
2024-08-07 14:35:00+09:00,6130.0,6170.0,6130.0,6170.0,657,0.0,0.0
2024-08-07 14:40:00+09:00,6140.0,6160.0,6140.0,6150.0,105,0.0,0.0
2024-08-07 14:45:00+09:00,6150.0,6160.0,6150.0,6160.0,199,0.0,0.0
2024-08-07 14:50:00+09:00,6160.0,6160.0,6130.0,6130.0,20,0.0,0.0
2024-08-07 14:55:00+09:00,6160.0,6160.0,6160.0,6160.0,20,0.0,0.0
2024-08-08 09:00:00+09:00,6050.0,6090.0,6050.0,6090.0,59,0.0,0.0
2024-08-08 09:10:00+09:00,6090.0,6090.0,6090.0,6090.0,1,0.0,0.0
2024-08-08 09:20:00+09:00,6100.0,6100.0,6100.0,6100.0,5,0.0,0.0
2024-08-08 09:40:00+09:00,6100.0,6100.0,6010.0,6020.0,115,0.0,0.0
2024-08-08 09:45:00+09:00,6010.0,6010.0,6000.0,6000.0,320,0.0,0.0
2024-08-08 09:55:00+09:00,6060.0,6060.0,6060.0,6060.0,0,0.0,0.0
2024-08-08 10:00:00+09:00,6060.0,6060.0,6060.0,6060.0,5,0.0,0.0
2024-08-08 10:05:00+09:00,6010.0,6010.0,6010.0,6010.0,0,0.0,0.0
2024-08-08 10:20:00+09:00,6030.0,6030.0,6030.0,6030.0,2,0.0,0.0
2024-08-08 10:30:00+09:00,6020.0,6020.0,6010.0,6010.0,670,0.0,0.0
2024-08-08 10:35:00+09:00,6040.0,6040.0,6040.0,6040.0,2,0.0,0.0
2024-08-08 11:00:00+09:00,6010.0,6010.0,6010.0,6010.0,4,0.0,0.0
2024-08-08 11:05:00+09:00,6010.0,6040.0,6010.0,6040.0,19,0.0,0.0
2024-08-08 11:25:00+09:00,6010.0,6040.0,6010.0,6040.0,20,0.0,0.0
2024-08-08 11:40:00+09:00,6030.0,6030.0,6030.0,6030.0,171,0.0,0.0
2024-08-08 12:00:00+09:00,6040.0,6040.0,6040.0,6040.0,90,0.0,0.0
2024-08-08 12:10:00+09:00,6030.0,6030.0,6030.0,6030.0,100,0.0,0.0
2024-08-08 12:15:00+09:00,6030.0,6030.0,6020.0,6020.0,83,0.0,0.0
2024-08-08 12:20:00+09:00,6040.0,6050.0,6040.0,6050.0,0,0.0,0.0
2024-08-08 12:45:00+09:00,6050.0,6060.0,6050.0,6060.0,662,0.0,0.0
2024-08-08 12:50:00+09:00,6060.0,6060.0,6060.0,6060.0,0,0.0,0.0
2024-08-08 12:55:00+09:00,6070.0,6070.0,6070.0,6070.0,189,0.0,0.0
2024-08-08 13:05:00+09:00,6070.0,6070.0,6070.0,6070.0,0,0.0,0.0
2024-08-08 13:15:00+09:00,6060.0,6060.0,6060.0,6060.0,1299,0.0,0.0
2024-08-08 13:20:00+09:00,6070.0,6070.0,6070.0,6070.0,0,0.0,0.0
2024-08-08 13:25:00+09:00,6070.0,6080.0,6070.0,6080.0,296,0.0,0.0
2024-08-08 13:30:00+09:00,6080.0,6080.0,6080.0,6080.0,1,0.0,0.0
2024-08-08 13:55:00+09:00,6080.0,6080.0,6080.0,6080.0,27,0.0,0.0
2024-08-08 14:00:00+09:00,6090.0,6090.0,6090.0,6090.0,93,0.0,0.0
2024-08-08 14:10:00+09:00,6090.0,6160.0,6090.0,6160.0,1911,0.0,0.0
2024-08-08 14:15:00+09:00,6150.0,6150.0,6150.0,6150.0,0,0.0,0.0
2024-08-08 14:25:00+09:00,6140.0,6140.0,6090.0,6090.0,34,0.0,0.0
2024-08-08 14:30:00+09:00,6130.0,6150.0,6090.0,6090.0,34,0.0,0.0
2024-08-08 14:35:00+09:00,6140.0,6140.0,6140.0,6140.0,0,0.0,0.0
2024-08-08 14:45:00+09:00,6110.0,6110.0,6110.0,6110.0,140,0.0,0.0
2024-08-08 14:50:00+09:00,6140.0,6140.0,6110.0,6110.0,69,0.0,0.0
2024-08-08 14:55:00+09:00,6110.0,6140.0,6110.0,6140.0,52,0.0,0.0
2024-08-09 09:00:00+09:00,6230.0,6230.0,6180.0,6180.0,884,0.0,0.0
2024-08-09 09:05:00+09:00,6200.0,6200.0,6200.0,6200.0,0,0.0,0.0
2024-08-09 09:10:00+09:00,6190.0,6190.0,6190.0,6190.0,9,0.0,0.0
2024-08-09 09:15:00+09:00,6150.0,6150.0,6150.0,6150.0,15,0.0,0.0
2024-08-09 09:20:00+09:00,6170.0,6170.0,6170.0,6170.0,1,0.0,0.0
2024-08-09 09:25:00+09:00,6160.0,6170.0,6160.0,6170.0,22,0.0,0.0
2024-08-09 09:30:00+09:00,6170.0,6170.0,6170.0,6170.0,0,0.0,0.0
2024-08-09 09:40:00+09:00,6140.0,6140.0,6130.0,6130.0,977,0.0,0.0
2024-08-09 09:55:00+09:00,6160.0,6160.0,6130.0,6130.0,0,0.0,0.0
2024-08-09 10:05:00+09:00,6130.0,6130.0,6120.0,6120.0,9,0.0,0.0
2024-08-09 10:10:00+09:00,6110.0,6110.0,6110.0,6110.0,63,0.0,0.0
2024-08-09 10:25:00+09:00,6120.0,6120.0,6120.0,6120.0,0,0.0,0.0
2024-08-09 10:35:00+09:00,6120.0,6130.0,6120.0,6130.0,18,0.0,0.0
2024-08-09 10:45:00+09:00,6130.0,6130.0,6130.0,6130.0,40,0.0,0.0
2024-08-09 10:55:00+09:00,6130.0,6130.0,6130.0,6130.0,0,0.0,0.0
2024-08-09 11:05:00+09:00,6110.0,6120.0,6070.0,6120.0,1002,0.0,0.0
2024-08-09 11:15:00+09:00,6080.0,6120.0,6080.0,6120.0,41,0.0,0.0
2024-08-09 12:25:00+09:00,6080.0,6080.0,6080.0,6080.0,1,0.0,0.0
2024-08-09 12:30:00+09:00,6100.0,6100.0,6090.0,6090.0,49,0.0,0.0
2024-08-09 12:35:00+09:00,6100.0,6100.0,6100.0,6100.0,1,0.0,0.0
2024-08-09 12:40:00+09:00,6090.0,6090.0,6090.0,6090.0,2,0.0,0.0
2024-08-09 12:45:00+09:00,6090.0,6090.0,6060.0,6070.0,314,0.0,0.0
2024-08-09 12:55:00+09:00,6070.0,6080.0,6070.0,6070.0,14,0.0,0.0
2024-08-09 13:00:00+09:00,6080.0,6090.0,6080.0,6080.0,54,0.0,0.0
2024-08-09 13:05:00+09:00,6090.0,6090.0,6080.0,6080.0,6,0.0,0.0
2024-08-09 13:10:00+09:00,6090.0,6090.0,6070.0,6090.0,755,0.0,0.0
2024-08-09 13:15:00+09:00,6080.0,6080.0,6080.0,6080.0,7,0.0,0.0
2024-08-09 13:30:00+09:00,6080.0,6080.0,6080.0,6080.0,0,0.0,0.0
2024-08-09 13:35:00+09:00,6070.0,6070.0,6070.0,6070.0,183,0.0,0.0
2024-08-09 13:45:00+09:00,6080.0,6110.0,6080.0,6110.0,1403,0.0,0.0
2024-08-09 13:50:00+09:00,6110.0,6110.0,6060.0,6060.0,1614,0.0,0.0
2024-08-09 13:55:00+09:00,6070.0,6080.0,6030.0,6030.0,45815,0.0,0.0
2024-08-09 14:05:00+09:00,6090.0,6090.0,6090.0,6090.0,0,0.0,0.0
2024-08-09 14:15:00+09:00,6090.0,6090.0,6090.0,6090.0,1,0.0,0.0
2024-08-09 14:20:00+09:00,6060.0,6060.0,6060.0,6060.0,3,0.0,0.0
2024-08-09 14:25:00+09:00,6050.0,6080.0,6050.0,6080.0,2,0.0,0.0
2024-08-09 14:50:00+09:00,6070.0,6070.0,6050.0,6060.0,509,0.0,0.0
2024-08-09 14:55:00+09:00,6060.0,6060.0,6060.0,6060.0,90,0.0,0.0
2024-08-12 09:00:00+09:00,6200.0,6200.0,6180.0,6180.0,0,0.0,0.0
2024-08-12 09:10:00+09:00,6180.0,6180.0,6180.0,6180.0,0,0.0,0.0
2024-08-12 09:15:00+09:00,6120.0,6120.0,6110.0,6110.0,1207,0.0,0.0
2024-08-12 09:20:00+09:00,6110.0,6140.0,6020.0,6140.0,1189,0.0,0.0
2024-08-12 09:30:00+09:00,6070.0,6070.0,6070.0,6070.0,189,0.0,0.0
2024-08-12 09:35:00+09:00,6060.0,6060.0,6060.0,6060.0,0,0.0,0.0
2024-08-12 09:40:00+09:00,6060.0,6060.0,6060.0,6060.0,1,0.0,0.0
2024-08-12 09:45:00+09:00,6080.0,6080.0,6080.0,6080.0,0,0.0,0.0
2024-08-12 09:50:00+09:00,6060.0,6080.0,6060.0,6080.0,1618,0.0,0.0
2024-08-12 09:55:00+09:00,6080.0,6100.0,6050.0,6050.0,289,0.0,0.0
2024-08-12 10:00:00+09:00,6060.0,6080.0,6060.0,6080.0,705,0.0,0.0
2024-08-12 10:05:00+09:00,6070.0,6080.0,6070.0,6070.0,76,0.0,0.0
2024-08-12 10:10:00+09:00,6070.0,6080.0,6070.0,6080.0,169,0.0,0.0
2024-08-12 10:30:00+09:00,6050.0,6050.0,6040.0,6040.0,1201,0.0,0.0
2024-08-12 10:35:00+09:00,6050.0,6050.0,6030.0,6030.0,1225,0.0,0.0
2024-08-12 10:40:00+09:00,6050.0,6050.0,6040.0,6040.0,1124,0.0,0.0
2024-08-12 10:45:00+09:00,6050.0,6060.0,6050.0,6060.0,938,0.0,0.0
2024-08-12 10:55:00+09:00,6060.0,6060.0,6060.0,6060.0,0,0.0,0.0
2024-08-12 11:00:00+09:00,6060.0,6060.0,6060.0,6060.0,0,0.0,0.0
2024-08-12 11:05:00+09:00,6060.0,6060.0,6060.0,6060.0,1230,0.0,0.0
2024-08-12 11:10:00+09:00,6060.0,6080.0,6050.0,6080.0,0,0.0,0.0
2024-08-12 11:15:00+09:00,6080.0,6080.0,6080.0,6080.0,9,0.0,0.0
2024-08-12 11:20:00+09:00,6050.0,6050.0,6050.0,6050.0,175,0.0,0.0
2024-08-12 11:30:00+09:00,6050.0,6070.0,6050.0,6050.0,555,0.0,0.0
2024-08-12 11:35:00+09:00,6070.0,6070.0,6070.0,6070.0,0,0.0,0.0
2024-08-12 11:40:00+09:00,6070.0,6070.0,6060.0,6070.0,344,0.0,0.0
2024-08-12 11:45:00+09:00,6080.0,6080.0,6080.0,6080.0,0,0.0,0.0
2024-08-12 11:55:00+09:00,6080.0,6080.0,6080.0,6080.0,0,0.0,0.0
2024-08-12 12:15:00+09:00,6070.0,6070.0,6070.0,6070.0,602,0.0,0.0
2024-08-12 12:20:00+09:00,6070.0,6070.0,6070.0,6070.0,0,0.0,0.0
2024-08-12 12:30:00+09:00,6070.0,6070.0,6060.0,6070.0,10,0.0,0.0
2024-08-12 12:35:00+09:00,6060.0,6060.0,6060.0,6060.0,1,0.0,0.0
2024-08-12 12:40:00+09:00,6070.0,6070.0,6070.0,6070.0,451,0.0,0.0
2024-08-12 12:45:00+09:00,6060.0,6060.0,6060.0,6060.0,1680,0.0,0.0
2024-08-12 12:50:00+09:00,6080.0,6080.0,6080.0,6080.0,0,0.0,0.0
2024-08-12 13:00:00+09:00,6080.0,6080.0,6080.0,6080.0,40,0.0,0.0
2024-08-12 13:15:00+09:00,6070.0,6070.0,6060.0,6070.0,2,0.0,0.0
2024-08-12 13:20:00+09:00,6070.0,6070.0,6070.0,6070.0,72,0.0,0.0
2024-08-12 13:35:00+09:00,6080.0,6080.0,6060.0,6060.0,346,0.0,0.0
2024-08-12 13:40:00+09:00,6080.0,6080.0,6080.0,6080.0,0,0.0,0.0
2024-08-12 13:45:00+09:00,6080.0,6080.0,6060.0,6060.0,14,0.0,0.0
2024-08-12 13:50:00+09:00,6080.0,6080.0,6080.0,6080.0,1,0.0,0.0
2024-08-12 14:15:00+09:00,6080.0,6080.0,6080.0,6080.0,30,0.0,0.0
2024-08-12 14:25:00+09:00,6080.0,6080.0,6080.0,6080.0,0,0.0,0.0
2024-08-12 14:30:00+09:00,6080.0,6080.0,6080.0,6080.0,8,0.0,0.0
2024-08-12 14:45:00+09:00,6080.0,6090.0,6080.0,6090.0,1251,0.0,0.0
2024-08-12 14:50:00+09:00,6090.0,6110.0,6090.0,6110.0,707,0.0,0.0
2024-08-12 14:55:00+09:00,6110.0,6140.0,6110.0,6120.0,1379,0.0,0.0
2024-08-13 09:00:00+09:00,6170.0,6170.0,6150.0,6150.0,31,0.0,0.0
2024-08-13 09:15:00+09:00,6100.0,6140.0,6100.0,6140.0,11,0.0,0.0
2024-08-13 09:20:00+09:00,6130.0,6140.0,6100.0,6140.0,658,0.0,0.0
2024-08-13 09:30:00+09:00,6100.0,6100.0,6100.0,6100.0,3,0.0,0.0
2024-08-13 09:35:00+09:00,6090.0,6110.0,6080.0,6080.0,32,0.0,0.0
2024-08-13 09:40:00+09:00,6070.0,6100.0,6070.0,6100.0,0,0.0,0.0
2024-08-13 09:45:00+09:00,6090.0,6090.0,6090.0,6090.0,21,0.0,0.0
2024-08-13 10:00:00+09:00,6080.0,6090.0,6060.0,6080.0,743,0.0,0.0
2024-08-13 10:05:00+09:00,6080.0,6080.0,6050.0,6070.0,303,0.0,0.0
2024-08-13 10:15:00+09:00,6070.0,6070.0,6070.0,6070.0,97,0.0,0.0
2024-08-13 10:20:00+09:00,6070.0,6070.0,6060.0,6060.0,0,0.0,0.0
2024-08-13 10:25:00+09:00,6050.0,6070.0,6050.0,6070.0,1,0.0,0.0
2024-08-13 10:30:00+09:00,6070.0,6070.0,6070.0,6070.0,13,0.0,0.0
2024-08-13 10:35:00+09:00,6080.0,6120.0,6080.0,6120.0,93,0.0,0.0
2024-08-13 10:40:00+09:00,6090.0,6120.0,6090.0,6120.0,201,0.0,0.0
2024-08-13 10:50:00+09:00,6120.0,6130.0,6120.0,6130.0,1125,0.0,0.0
2024-08-13 10:55:00+09:00,6130.0,6150.0,6130.0,6150.0,1001,0.0,0.0
2024-08-13 11:00:00+09:00,6120.0,6150.0,6120.0,6150.0,50,0.0,0.0
2024-08-13 11:05:00+09:00,6150.0,6150.0,6150.0,6150.0,1,0.0,0.0
2024-08-13 11:10:00+09:00,6150.0,6150.0,6150.0,6150.0,324,0.0,0.0
2024-08-13 11:25:00+09:00,6100.0,6100.0,6100.0,6100.0,1169,0.0,0.0
2024-08-13 11:30:00+09:00,6140.0,6140.0,6140.0,6140.0,0,0.0,0.0
2024-08-13 11:35:00+09:00,6140.0,6140.0,6140.0,6140.0,1,0.0,0.0
2024-08-13 11:40:00+09:00,6090.0,6090.0,6050.0,6080.0,946,0.0,0.0
2024-08-13 11:45:00+09:00,6090.0,6120.0,6090.0,6120.0,550,0.0,0.0
2024-08-13 12:10:00+09:00,6120.0,6120.0,6120.0,6120.0,9,0.0,0.0
2024-08-13 12:45:00+09:00,6100.0,6100.0,6080.0,6080.0,20,0.0,0.0
2024-08-13 12:50:00+09:00,6120.0,6120.0,6120.0,6120.0,0,0.0,0.0
2024-08-13 13:05:00+09:00,6120.0,6120.0,6120.0,6120.0,2,0.0,0.0
2024-08-13 13:10:00+09:00,6120.0,6120.0,6120.0,6120.0,3,0.0,0.0
2024-08-13 13:20:00+09:00,6090.0,6120.0,6070.0,6120.0,11000,0.0,0.0
2024-08-13 13:40:00+09:00,6090.0,6090.0,6070.0,6070.0,10467,0.0,0.0
2024-08-13 13:55:00+09:00,6120.0,6120.0,6120.0,6120.0,0,0.0,0.0
2024-08-13 14:00:00+09:00,6110.0,6110.0,6110.0,6110.0,0,0.0,0.0
2024-08-13 14:15:00+09:00,6110.0,6110.0,6110.0,6110.0,13,0.0,0.0
2024-08-13 14:20:00+09:00,6090.0,6090.0,6090.0,6090.0,332,0.0,0.0
2024-08-13 14:25:00+09:00,6110.0,6130.0,6110.0,6120.0,822,0.0,0.0
2024-08-13 14:30:00+09:00,6120.0,6130.0,6120.0,6130.0,0,0.0,0.0
2024-08-13 14:35:00+09:00,6130.0,6130.0,6130.0,6130.0,366,0.0,0.0
2024-08-13 14:40:00+09:00,6100.0,6120.0,6070.0,6120.0,2051,0.0,0.0
2024-08-13 14:50:00+09:00,6120.0,6120.0,6120.0,6120.0,5,0.0,0.0
2024-08-13 14:55:00+09:00,6120.0,6120.0,6080.0,6120.0,261,0.0,0.0
2024-08-14 09:00:00+09:00,6070.0,6100.0,6030.0,6100.0,2988,0.0,0.0
2024-08-14 09:05:00+09:00,6100.0,6100.0,6070.0,6070.0,1315,0.0,0.0
2024-08-14 09:10:00+09:00,6080.0,6080.0,6070.0,6070.0,843,0.0,0.0
2024-08-14 09:15:00+09:00,6070.0,6100.0,6060.0,6100.0,0,0.0,0.0
2024-08-14 09:25:00+09:00,6080.0,6080.0,6060.0,6060.0,863,0.0,0.0
2024-08-14 09:30:00+09:00,6060.0,6080.0,6040.0,6080.0,809,0.0,0.0
2024-08-14 09:40:00+09:00,6060.0,6080.0,6060.0,6060.0,438,0.0,0.0
2024-08-14 09:45:00+09:00,6080.0,6080.0,6060.0,6060.0,126,0.0,0.0
2024-08-14 09:50:00+09:00,6080.0,6080.0,6060.0,6080.0,26,0.0,0.0
2024-08-14 10:00:00+09:00,6080.0,6080.0,6060.0,6080.0,1140,0.0,0.0
2024-08-14 10:10:00+09:00,6060.0,6080.0,6060.0,6080.0,125,0.0,0.0
2024-08-14 10:15:00+09:00,6060.0,6060.0,6060.0,6060.0,999,0.0,0.0
2024-08-14 10:20:00+09:00,6070.0,6090.0,6070.0,6090.0,0,0.0,0.0
2024-08-14 10:30:00+09:00,6080.0,6090.0,6080.0,6090.0,122,0.0,0.0
2024-08-14 10:40:00+09:00,6080.0,6090.0,6080.0,6080.0,469,0.0,0.0
2024-08-14 10:55:00+09:00,6090.0,6090.0,6090.0,6090.0,0,0.0,0.0
2024-08-14 11:20:00+09:00,6080.0,6080.0,6070.0,6070.0,57,0.0,0.0
2024-08-14 11:25:00+09:00,6080.0,6090.0,6080.0,6090.0,402,0.0,0.0
2024-08-14 11:30:00+09:00,6070.0,6070.0,6070.0,6070.0,22,0.0,0.0
2024-08-14 11:35:00+09:00,6090.0,6090.0,6090.0,6090.0,1,0.0,0.0
2024-08-14 12:00:00+09:00,6090.0,6100.0,6090.0,6100.0,246,0.0,0.0
2024-08-14 12:15:00+09:00,6090.0,6090.0,6090.0,6090.0,107,0.0,0.0
2024-08-14 12:30:00+09:00,6090.0,6090.0,6090.0,6090.0,155,0.0,0.0
2024-08-14 12:35:00+09:00,6090.0,6100.0,6090.0,6090.0,0,0.0,0.0
2024-08-14 12:45:00+09:00,6090.0,6100.0,6090.0,6100.0,126,0.0,0.0
2024-08-14 12:55:00+09:00,6100.0,6100.0,6100.0,6100.0,757,0.0,0.0
2024-08-14 13:10:00+09:00,6110.0,6110.0,6110.0,6110.0,0,0.0,0.0
2024-08-14 13:15:00+09:00,6110.0,6110.0,6110.0,6110.0,811,0.0,0.0
2024-08-14 13:20:00+09:00,6120.0,6120.0,6120.0,6120.0,196,0.0,0.0
2024-08-14 13:30:00+09:00,6130.0,6130.0,6130.0,6130.0,0,0.0,0.0
2024-08-14 13:50:00+09:00,6130.0,6140.0,6130.0,6140.0,893,0.0,0.0
2024-08-14 13:55:00+09:00,6140.0,6140.0,6140.0,6140.0,74,0.0,0.0
2024-08-14 14:05:00+09:00,6130.0,6130.0,6120.0,6120.0,238,0.0,0.0
2024-08-14 14:10:00+09:00,6140.0,6140.0,6140.0,6140.0,27,0.0,0.0
2024-08-14 14:15:00+09:00,6120.0,6140.0,6120.0,6140.0,60,0.0,0.0
2024-08-14 14:45:00+09:00,6140.0,6140.0,6140.0,6140.0,99,0.0,0.0
2024-08-14 14:50:00+09:00,6140.0,6140.0,6120.0,6120.0,1381,0.0,0.0
2024-08-14 14:55:00+09:00,6140.0,6140.0,6140.0,6140.0,0,0.0,0.0
2024-08-16 09:00:00+09:00,6200.0,6240.0,6110.0,6230.0,0,0.0,0.0
2024-08-16 09:05:00+09:00,6220.0,6220.0,6220.0,6220.0,9,0.0,0.0
2024-08-16 09:10:00+09:00,6160.0,6210.0,6150.0,6150.0,1401,0.0,0.0
2024-08-16 09:15:00+09:00,6150.0,6150.0,6150.0,6150.0,1,0.0,0.0
2024-08-16 09:20:00+09:00,6140.0,6150.0,6120.0,6120.0,103,0.0,0.0
2024-08-16 09:25:00+09:00,6150.0,6150.0,6150.0,6150.0,2,0.0,0.0
2024-08-16 09:30:00+09:00,6140.0,6140.0,6120.0,6130.0,13,0.0,0.0
2024-08-16 09:35:00+09:00,6130.0,6130.0,6130.0,6130.0,0,0.0,0.0
2024-08-16 09:40:00+09:00,6130.0,6130.0,6130.0,6130.0,75,0.0,0.0
2024-08-16 09:45:00+09:00,6130.0,6170.0,6110.0,6170.0,1199,0.0,0.0
2024-08-16 09:50:00+09:00,6170.0,6170.0,6170.0,6170.0,79,0.0,0.0
2024-08-16 10:05:00+09:00,6160.0,6160.0,6120.0,6120.0,231,0.0,0.0
2024-08-16 10:10:00+09:00,6120.0,6160.0,6120.0,6160.0,68,0.0,0.0
2024-08-16 10:25:00+09:00,6150.0,6150.0,6150.0,6150.0,164,0.0,0.0
2024-08-16 10:30:00+09:00,6160.0,6160.0,6160.0,6160.0,0,0.0,0.0
2024-08-16 10:55:00+09:00,6150.0,6170.0,6150.0,6170.0,39,0.0,0.0
2024-08-16 11:40:00+09:00,6140.0,6140.0,6140.0,6140.0,1,0.0,0.0
2024-08-16 11:50:00+09:00,6140.0,6140.0,6090.0,6090.0,1620,0.0,0.0
2024-08-16 11:55:00+09:00,6120.0,6150.0,6120.0,6150.0,121,0.0,0.0
2024-08-16 12:10:00+09:00,6150.0,6150.0,6120.0,6140.0,709,0.0,0.0
2024-08-16 12:15:00+09:00,6120.0,6120.0,6110.0,6120.0,723,0.0,0.0
2024-08-16 12:20:00+09:00,6140.0,6170.0,6120.0,6170.0,1510,0.0,0.0
2024-08-16 12:25:00+09:00,6140.0,6170.0,6140.0,6170.0,23,0.0,0.0
2024-08-16 12:50:00+09:00,6150.0,6150.0,6150.0,6150.0,3,0.0,0.0
2024-08-16 12:55:00+09:00,6150.0,6160.0,6150.0,6160.0,1001,0.0,0.0
2024-08-16 13:00:00+09:00,6160.0,6170.0,6160.0,6170.0,3,0.0,0.0
2024-08-16 13:10:00+09:00,6140.0,6170.0,6130.0,6170.0,29,0.0,0.0
2024-08-16 13:15:00+09:00,6170.0,6170.0,6170.0,6170.0,4,0.0,0.0
2024-08-16 13:20:00+09:00,6160.0,6160.0,6120.0,6120.0,1810,0.0,0.0
2024-08-16 13:25:00+09:00,6120.0,6170.0,6120.0,6170.0,255,0.0,0.0
2024-08-16 13:30:00+09:00,6150.0,6160.0,6150.0,6160.0,1430,0.0,0.0
2024-08-16 13:35:00+09:00,6120.0,6170.0,6120.0,6170.0,261,0.0,0.0
2024-08-16 13:55:00+09:00,6160.0,6160.0,6160.0,6160.0,0,0.0,0.0
2024-08-16 14:00:00+09:00,6150.0,6150.0,6150.0,6150.0,117,0.0,0.0
2024-08-16 14:05:00+09:00,6150.0,6150.0,6150.0,6150.0,96,0.0,0.0
2024-08-16 14:20:00+09:00,6150.0,6170.0,6150.0,6160.0,116,0.0,0.0
2024-08-16 14:25:00+09:00,6160.0,6170.0,6150.0,6150.0,217,0.0,0.0
2024-08-16 14:30:00+09:00,6150.0,6170.0,6140.0,6170.0,397,0.0,0.0
2024-08-16 14:35:00+09:00,6170.0,6170.0,6170.0,6170.0,2,0.0,0.0
2024-08-16 14:40:00+09:00,6150.0,6150.0,6150.0,6150.0,44,0.0,0.0
2024-08-16 14:45:00+09:00,6160.0,6160.0,6150.0,6160.0,34,0.0,0.0
2024-08-16 14:50:00+09:00,6150.0,6160.0,6150.0,6160.0,139,0.0,0.0
2024-08-16 14:55:00+09:00,6160.0,6170.0,6150.0,6160.0,1454,0.0,0.0
