Datetime,Open,High,Low,Close,Volume,Dividends,Stock Splits
2024-08-15 09:00:00+08:00,0.25,0.2549999952316284,0.24500000476837158,0.24500000476837158,8600,0.0,0.0
2024-08-15 09:05:00+08:00,0.24500000476837158,0.25,0.24500000476837158,0.25,115800,0.0,0.0
2024-08-15 09:10:00+08:00,0.25,0.25,0.25,0.25,189800,0.0,0.0
2024-08-15 09:15:00+08:00,0.25,0.25,0.25,0.25,10600,0.0,0.0
2024-08-15 09:20:00+08:00,0.25,0.25,0.25,0.25,57900,0.0,0.0
2024-08-15 09:25:00+08:00,0.25,0.25,0.25,0.25,30100,0.0,0.0
2024-08-15 09:30:00+08:00,0.25,0.2549999952316284,0.25,0.2549999952316284,64300,0.0,0.0
2024-08-15 09:50:00+08:00,0.2549999952316284,0.25999999046325684,0.2549999952316284,0.25999999046325684,887000,0.0,0.0
2024-08-15 09:55:00+08:00,0.25999999046325684,0.25999999046325684,0.2549999952316284,0.25999999046325684,45500,0.0,0.0
2024-08-15 10:00:00+08:00,0.25999999046325684,0.25999999046325684,0.25999999046325684,0.25999999046325684,100000,0.0,0.0
2024-08-15 10:05:00+08:00,0.25999999046325684,0.25999999046325684,0.25999999046325684,0.25999999046325684,20500,0.0,0.0
2024-08-15 10:10:00+08:00,0.25999999046325684,0.26499998569488525,0.25999999046325684,0.26499998569488525,322700,0.0,0.0
2024-08-15 10:15:00+08:00,0.26499998569488525,0.27000001072883606,0.26499998569488525,0.27000001072883606,895200,0.0,0.0
2024-08-15 10:20:00+08:00,0.27000001072883606,0.27000001072883606,0.27000001072883606,0.27000001072883606,214000,0.0,0.0
2024-08-15 10:25:00+08:00,0.27000001072883606,0.27000001072883606,0.27000001072883606,0.27000001072883606,160000,0.0,0.0
2024-08-15 10:30:00+08:00,0.27000001072883606,0.2800000011920929,0.26499998569488525,0.2800000011920929,447300,0.0,0.0
2024-08-15 10:35:00+08:00,0.2800000011920929,0.2849999964237213,0.2800000011920929,0.2849999964237213,1215400,0.0,0.0
2024-08-15 10:40:00+08:00,0.2849999964237213,0.28999999165534973,0.2849999964237213,0.28999999165534973,176600,0.0,0.0
2024-08-15 10:45:00+08:00,0.28999999165534973,0.28999999165534973,0.2849999964237213,0.2849999964237213,122900,0.0,0.0
2024-08-15 10:50:00+08:00,0.2849999964237213,0.2849999964237213,0.2849999964237213,0.2849999964237213,134700,0.0,0.0
2024-08-15 10:55:00+08:00,0.2849999964237213,0.2849999964237213,0.2849999964237213,0.2849999964237213,10000,0.0,0.0
2024-08-15 11:00:00+08:00,0.2849999964237213,0.2849999964237213,0.2849999964237213,0.2849999964237213,108700,0.0,0.0
2024-08-15 11:05:00+08:00,0.2849999964237213,0.2849999964237213,0.2800000011920929,0.2800000011920929,70600,0.0,0.0
2024-08-15 11:10:00+08:00,0.2800000011920929,0.2849999964237213,0.2800000011920929,0.2849999964237213,125000,0.0,0.0
2024-08-15 11:15:00+08:00,0.2849999964237213,0.2849999964237213,0.2849999964237213,0.2849999964237213,357100,0.0,0.0
2024-08-15 11:20:00+08:00,0.2849999964237213,0.2849999964237213,0.2849999964237213,0.2849999964237213,1000,0.0,0.0
2024-08-15 11:25:00+08:00,0.2849999964237213,0.28999999165534973,0.2849999964237213,0.28999999165534973,5300,0.0,0.0
2024-08-15 11:30:00+08:00,0.28999999165534973,0.28999999165534973,0.2849999964237213,0.2849999964237213,12000,0.0,0.0
2024-08-15 11:35:00+08:00,0.2849999964237213,0.28999999165534973,0.2849999964237213,0.28999999165534973,5000,0.0,0.0
2024-08-15 11:45:00+08:00,0.28999999165534973,0.28999999165534973,0.28999999165534973,0.28999999165534973,2000,0.0,0.0
2024-08-15 11:50:00+08:00,0.28999999165534973,0.28999999165534973,0.2849999964237213,0.28999999165534973,225000,0.0,0.0
2024-08-15 13:00:00+08:00,0.28999999165534973,0.28999999165534973,0.28999999165534973,0.28999999165534973,1000,0.0,0.0
2024-08-15 13:15:00+08:00,0.28999999165534973,0.28999999165534973,0.2849999964237213,0.2849999964237213,50200,0.0,0.0
2024-08-15 13:20:00+08:00,0.2849999964237213,0.28999999165534973,0.2849999964237213,0.2849999964237213,58100,0.0,0.0
2024-08-15 13:35:00+08:00,0.2849999964237213,0.28999999165534973,0.2849999964237213,0.28999999165534973,5000,0.0,0.0
2024-08-15 13:40:00+08:00,0.28999999165534973,0.28999999165534973,0.2849999964237213,0.28999999165534973,153000,0.0,0.0
2024-08-15 13:50:00+08:00,0.28999999165534973,0.28999999165534973,0.28999999165534973,0.28999999165534973,15000,0.0,0.0
2024-08-15 13:55:00+08:00,0.28999999165534973,0.28999999165534973,0.28999999165534973,0.28999999165534973,7000,0.0,0.0
2024-08-15 14:05:00+08:00,0.2849999964237213,0.2849999964237213,0.2849999964237213,0.2849999964237213,0,0.0,0.0
2024-08-15 14:10:00+08:00,0.2849999964237213,0.2849999964237213,0.2849999964237213,0.2849999964237213,6709600,0.0,0.0
2024-08-15 14:15:00+08:00,0.2849999964237213,0.2849999964237213,0.2800000011920929,0.2800000011920929,104100,0.0,0.0
2024-08-15 14:30:00+08:00,0.2800000011920929,0.2800000011920929,0.2800000011920929,0.2800000011920929,154400,0.0,0.0
2024-08-15 14:35:00+08:00,0.2800000011920929,0.2800000011920929,0.2800000011920929,0.2800000011920929,4700,0.0,0.0
2024-08-15 14:45:00+08:00,0.2800000011920929,0.2800000011920929,0.2800000011920929,0.2800000011920929,34700,0.0,0.0
2024-08-15 14:50:00+08:00,0.2800000011920929,0.2800000011920929,0.2800000011920929,0.2800000011920929,176500,0.0,0.0
2024-08-15 14:55:00+08:00,0.2800000011920929,0.2849999964237213,0.2800000011920929,0.2800000011920929,45500,0.0,0.0
2024-08-15 15:05:00+08:00,0.2800000011920929,0.2800000011920929,0.2800000011920929,0.2800000011920929,250000,0.0,0.0
2024-08-15 15:10:00+08:00,0.2800000011920929,0.2800000011920929,0.2800000011920929,0.2800000011920929,19400,0.0,0.0
2024-08-15 15:15:00+08:00,0.2800000011920929,0.2800000011920929,0.2750000059604645,0.2750000059604645,12500,0.0,0.0
2024-08-15 15:30:00+08:00,0.2750000059604645,0.2800000011920929,0.2750000059604645,0.2800000011920929,175800,0.0,0.0
2024-08-15 15:40:00+08:00,0.2800000011920929,0.2800000011920929,0.2800000011920929,0.2800000011920929,215700,0.0,0.0
2024-08-15 16:25:00+08:00,0.2800000011920929,0.2800000011920929,0.2800000011920929,0.2800000011920929,56000,0.0,0.0
2024-08-15 16:30:00+08:00,0.2800000011920929,0.2849999964237213,0.2800000011920929,0.2849999964237213,7500,0.0,0.0
2024-08-15 16:40:00+08:00,0.2849999964237213,0.28999999165534973,0.2849999964237213,0.28999999165534973,330600,0.0,0.0
2024-08-15 16:45:00+08:00,0.28999999165534973,0.29499998688697815,0.28999999165534973,0.28999999165534973,674300,0.0,0.0
2024-08-15 16:50:00+08:00,0.28999999165534973,0.28999999165534973,0.2849999964237213,0.2849999964237213,20000,0.0,0.0
2024-08-15 16:55:00+08:00,0.2849999964237213,0.2849999964237213,0.2849999964237213,0.2849999964237213,278600,0.0,0.0
2024-08-16 09:00:00+08:00,0.2849999964237213,0.28999999165534973,0.2849999964237213,0.2849999964237213,92000,0.0,0.0
2024-08-16 09:05:00+08:00,0.2849999964237213,0.2849999964237213,0.2849999964237213,0.2849999964237213,310300,0.0,0.0
2024-08-16 09:10:00+08:00,0.2849999964237213,0.28999999165534973,0.2849999964237213,0.2849999964237213,80100,0.0,0.0
2024-08-16 09:15:00+08:00,0.2849999964237213,0.2849999964237213,0.2800000011920929,0.2849999964237213,59300,0.0,0.0
2024-08-16 09:20:00+08:00,0.2849999964237213,0.2849999964237213,0.2849999964237213,0.2849999964237213,35000,0.0,0.0
2024-08-16 09:25:00+08:00,0.2849999964237213,0.28999999165534973,0.2849999964237213,0.28999999165534973,135000,0.0,0.0
2024-08-16 09:30:00+08:00,0.28999999165534973,0.28999999165534973,0.28999999165534973,0.28999999165534973,50000,0.0,0.0
2024-08-16 09:45:00+08:00,0.28999999165534973,0.28999999165534973,0.2849999964237213,0.28999999165534973,112000,0.0,0.0
2024-08-16 09:50:00+08:00,0.28999999165534973,0.28999999165534973,0.2849999964237213,0.2849999964237213,63400,0.0,0.0
2024-08-16 09:55:00+08:00,0.2849999964237213,0.28999999165534973,0.2849999964237213,0.28999999165534973,36500,0.0,0.0
2024-08-16 10:00:00+08:00,0.28999999165534973,0.30000001192092896,0.28999999165534973,0.30000001192092896,1007600,0.0,0.0
2024-08-16 10:05:00+08:00,0.30000001192092896,0.30000001192092896,0.29499998688697815,0.29499998688697815,227100,0.0,0.0
2024-08-16 10:10:00+08:00,0.29499998688697815,0.30000001192092896,0.29499998688697815,0.30000001192092896,200200,0.0,0.0
2024-08-16 10:15:00+08:00,0.30000001192092896,0.30000001192092896,0.29499998688697815,0.30000001192092896,798600,0.0,0.0
2024-08-16 10:20:00+08:00,0.30000001192092896,0.30000001192092896,0.28999999165534973,0.28999999165534973,262700,0.0,0.0
2024-08-16 10:30:00+08:00,0.28999999165534973,0.28999999165534973,0.28999999165534973,0.28999999165534973,1300,0.0,0.0
2024-08-16 10:40:00+08:00,0.28999999165534973,0.28999999165534973,0.28999999165534973,0.28999999165534973,133000,0.0,0.0
2024-08-16 10:45:00+08:00,0.28999999165534973,0.28999999165534973,0.28999999165534973,0.28999999165534973,100,0.0,0.0
2024-08-16 10:50:00+08:00,0.28999999165534973,0.28999999165534973,0.2849999964237213,0.2849999964237213,49600,0.0,0.0
2024-08-16 10:55:00+08:00,0.2849999964237213,0.28999999165534973,0.2849999964237213,0.28999999165534973,2000,0.0,0.0
2024-08-16 11:00:00+08:00,0.28999999165534973,0.28999999165534973,0.28999999165534973,0.28999999165534973,100,0.0,0.0
2024-08-16 11:10:00+08:00,0.28999999165534973,0.28999999165534973,0.28999999165534973,0.28999999165534973,100,0.0,0.0
2024-08-16 11:15:00+08:00,0.28999999165534973,0.28999999165534973,0.28999999165534973,0.28999999165534973,6000,0.0,0.0
2024-08-16 13:05:00+08:00,0.28999999165534973,0.28999999165534973,0.2849999964237213,0.2849999964237213,112800,0.0,0.0
2024-08-16 13:10:00+08:00,0.2849999964237213,0.2849999964237213,0.2849999964237213,0.2849999964237213,35000,0.0,0.0
2024-08-16 13:15:00+08:00,0.2849999964237213,0.2849999964237213,0.2800000011920929,0.2800000011920929,300,0.0,0.0
2024-08-16 13:20:00+08:00,0.2800000011920929,0.2800000011920929,0.2800000011920929,0.2800000011920929,97700,0.0,0.0
2024-08-16 13:25:00+08:00,0.2800000011920929,0.2849999964237213,0.2800000011920929,0.2849999964237213,94000,0.0,0.0
2024-08-16 14:05:00+08:00,0.2849999964237213,0.2849999964237213,0.2849999964237213,0.2849999964237213,100,0.0,0.0
2024-08-16 14:10:00+08:00,0.2849999964237213,0.28999999165534973,0.2849999964237213,0.2849999964237213,139500,0.0,0.0
2024-08-16 14:20:00+08:00,0.2849999964237213,0.2849999964237213,0.2849999964237213,0.2849999964237213,22900,0.0,0.0
2024-08-16 14:25:00+08:00,0.2849999964237213,0.28999999165534973,0.2849999964237213,0.28999999165534973,77200,0.0,0.0
2024-08-16 14:30:00+08:00,0.28999999165534973,0.28999999165534973,0.2849999964237213,0.2849999964237213,100,0.0,0.0
2024-08-16 14:35:00+08:00,0.2849999964237213,0.28999999165534973,0.2849999964237213,0.2849999964237213,2200,0.0,0.0
2024-08-16 14:40:00+08:00,0.2849999964237213,0.28999999165534973,0.2849999964237213,0.2849999964237213,25100,0.0,0.0
2024-08-16 14:45:00+08:00,0.2849999964237213,0.28999999165534973,0.2849999964237213,0.28999999165534973,22200,0.0,0.0
2024-08-16 14:50:00+08:00,0.28999999165534973,0.28999999165534973,0.2750000059604645,0.2750000059604645,45300,0.0,0.0
2024-08-16 15:20:00+08:00,0.2849999964237213,0.2849999964237213,0.2750000059604645,0.2800000011920929,540000,0.0,0.0
2024-08-16 15:25:00+08:00,0.2800000011920929,0.2800000011920929,0.2800000011920929,0.2800000011920929,5800,0.0,0.0
2024-08-16 15:30:00+08:00,0.2800000011920929,0.2800000011920929,0.2800000011920929,0.2800000011920929,19600,0.0,0.0
2024-08-16 15:35:00+08:00,0.2800000011920929,0.2800000011920929,0.2750000059604645,0.2750000059604645,60100,0.0,0.0
2024-08-16 15:40:00+08:00,0.2750000059604645,0.2800000011920929,0.2750000059604645,0.2750000059604645,235800,0.0,0.0
2024-08-16 15:45:00+08:00,0.2750000059604645,0.2800000011920929,0.2750000059604645,0.2750000059604645,106200,0.0,0.0
2024-08-16 15:50:00+08:00,0.2750000059604645,0.2800000011920929,0.2750000059604645,0.2800000011920929,68500,0.0,0.0
2024-08-16 15:55:00+08:00,0.2800000011920929,0.2800000011920929,0.2800000011920929,0.2800000011920929,159600,0.0,0.0
2024-08-16 16:00:00+08:00,0.2800000011920929,0.2800000011920929,0.2800000011920929,0.2800000011920929,24700,0.0,0.0
2024-08-16 16:05:00+08:00,0.2800000011920929,0.2849999964237213,0.2800000011920929,0.2849999964237213,213000,0.0,0.0
2024-08-16 16:10:00+08:00,0.2849999964237213,0.28999999165534973,0.2849999964237213,0.2849999964237213,8400,0.0,0.0
2024-08-16 16:15:00+08:00,0.2849999964237213,0.2849999964237213,0.2800000011920929,0.2800000011920929,11400,0.0,0.0
2024-08-16 16:20:00+08:00,0.2800000011920929,0.2800000011920929,0.2800000011920929,0.2800000011920929,87200,0.0,0.0
2024-08-16 16:25:00+08:00,0.2800000011920929,0.2800000011920929,0.2800000011920929,0.2800000011920929,25000,0.0,0.0
2024-08-16 16:35:00+08:00,0.2800000011920929,0.2800000011920929,0.2800000011920929,0.2800000011920929,10000,0.0,0.0
2024-08-16 16:40:00+08:00,0.2800000011920929,0.2800000011920929,0.2800000011920929,0.2800000011920929,34200,0.0,0.0
2024-08-16 16:45:00+08:00,0.2800000011920929,0.2800000011920929,0.2800000011920929,0.2800000011920929,5000,0.0,0.0
2024-08-16 16:50:00+08:00,0.2800000011920929,0.2800000011920929,0.2800000011920929,0.2800000011920929,45700,0.0,0.0
2024-08-16 16:55:00+08:00,0.2800000011920929,0.2800000011920929,0.2800000011920929,0.2800000011920929,60800,0.0,0.0
2024-08-19 09:00:00+08:00,0.2849999964237213,0.2849999964237213,0.2849999964237213,0.2849999964237213,62300,0.0,0.0
2024-08-19 09:10:00+08:00,0.2849999964237213,0.28999999165534973,0.2849999964237213,0.2849999964237213,130300,0.0,0.0
2024-08-19 09:20:00+08:00,0.2849999964237213,0.2849999964237213,0.2849999964237213,0.2849999964237213,161300,0.0,0.0
2024-08-19 09:25:00+08:00,0.2849999964237213,0.28999999165534973,0.2849999964237213,0.2849999964237213,33100,0.0,0.0
2024-08-19 09:30:00+08:00,0.2849999964237213,0.28999999165534973,0.2849999964237213,0.28999999165534973,496400,0.0,0.0
2024-08-19 09:35:00+08:00,0.28999999165534973,0.28999999165534973,0.28999999165534973,0.28999999165534973,15000,0.0,0.0
2024-08-19 09:40:00+08:00,0.28999999165534973,0.28999999165534973,0.28999999165534973,0.28999999165534973,3000,0.0,0.0
2024-08-19 09:45:00+08:00,0.28999999165534973,0.28999999165534973,0.28999999165534973,0.28999999165534973,2700,0.0,0.0
2024-08-19 09:50:00+08:00,0.28999999165534973,0.28999999165534973,0.28999999165534973,0.28999999165534973,193400,0.0,0.0
2024-08-19 10:00:00+08:00,0.28999999165534973,0.28999999165534973,0.28999999165534973,0.28999999165534973,0,0.0,0.0
2024-08-19 10:10:00+08:00,0.28999999165534973,0.28999999165534973,0.2849999964237213,0.2849999964237213,1232900,0.0,0.0
2024-08-19 10:20:00+08:00,0.2849999964237213,0.2849999964237213,0.2849999964237213,0.2849999964237213,271800,0.0,0.0
2024-08-19 10:30:00+08:00,0.2849999964237213,0.2849999964237213,0.2849999964237213,0.2849999964237213,29800,0.0,0.0
2024-08-19 10:35:00+08:00,0.2849999964237213,0.2849999964237213,0.2849999964237213,0.2849999964237213,64000,0.0,0.0
2024-08-19 10:45:00+08:00,0.2849999964237213,0.2849999964237213,0.2849999964237213,0.2849999964237213,500,0.0,0.0
2024-08-19 10:50:00+08:00,0.2849999964237213,0.2849999964237213,0.2800000011920929,0.2800000011920929,200900,0.0,0.0
2024-08-19 10:55:00+08:00,0.2800000011920929,0.2800000011920929,0.2800000011920929,0.2800000011920929,10700,0.0,0.0
2024-08-19 11:00:00+08:00,0.2800000011920929,0.2849999964237213,0.2800000011920929,0.2849999964237213,19000,0.0,0.0
2024-08-19 11:05:00+08:00,0.2849999964237213,0.2849999964237213,0.2849999964237213,0.2849999964237213,100,0.0,0.0
2024-08-19 11:10:00+08:00,0.2849999964237213,0.2849999964237213,0.2849999964237213,0.2849999964237213,8800,0.0,0.0
2024-08-19 11:30:00+08:00,0.2849999964237213,0.2849999964237213,0.2800000011920929,0.2800000011920929,133000,0.0,0.0
2024-08-19 11:35:00+08:00,0.2800000011920929,0.2800000011920929,0.2800000011920929,0.2800000011920929,100,0.0,0.0
2024-08-19 11:40:00+08:00,0.2800000011920929,0.2800000011920929,0.2800000011920929,0.2800000011920929,100,0.0,0.0
2024-08-19 11:50:00+08:00,0.2800000011920929,0.2800000011920929,0.2800000011920929,0.2800000011920929,600,0.0,0.0
2024-08-19 11:55:00+08:00,0.2800000011920929,0.2800000011920929,0.2800000011920929,0.2800000011920929,15000,0.0,0.0
2024-08-19 12:55:00+08:00,0.2800000011920929,0.2800000011920929,0.2800000011920929,0.2800000011920929,3500,0.0,0.0
2024-08-19 13:05:00+08:00,0.2800000011920929,0.2849999964237213,0.2800000011920929,0.2849999964237213,57900,0.0,0.0
2024-08-19 13:10:00+08:00,0.2849999964237213,0.2849999964237213,0.2800000011920929,0.2849999964237213,600,0.0,0.0
2024-08-19 13:20:00+08:00,0.2849999964237213,0.2849999964237213,0.2800000011920929,0.2800000011920929,14900,0.0,0.0
2024-08-19 13:30:00+08:00,0.2800000011920929,0.2800000011920929,0.2800000011920929,0.2800000011920929,73800,0.0,0.0
2024-08-19 13:40:00+08:00,0.2800000011920929,0.2849999964237213,0.2800000011920929,0.2800000011920929,59100,0.0,0.0
2024-08-19 13:50:00+08:00,0.2800000011920929,0.2800000011920929,0.2800000011920929,0.2800000011920929,100700,0.0,0.0
2024-08-19 13:55:00+08:00,0.2800000011920929,0.2800000011920929,0.2800000011920929,0.2800000011920929,400,0.0,0.0
2024-08-19 14:30:00+08:00,0.2800000011920929,0.2800000011920929,0.2750000059604645,0.2750000059604645,11500,0.0,0.0
2024-08-19 14:50:00+08:00,0.2750000059604645,0.2750000059604645,0.2750000059604645,0.2750000059604645,201400,0.0,0.0
2024-08-19 14:55:00+08:00,0.2750000059604645,0.2800000011920929,0.2750000059604645,0.2800000011920929,100,0.0,0.0
2024-08-19 15:05:00+08:00,0.2800000011920929,0.2800000011920929,0.2800000011920929,0.2800000011920929,8400,0.0,0.0
2024-08-19 15:20:00+08:00,0.2800000011920929,0.2800000011920929,0.2750000059604645,0.2750000059604645,24000,0.0,0.0
2024-08-19 15:25:00+08:00,0.2750000059604645,0.2750000059604645,0.2750000059604645,0.2750000059604645,100000,0.0,0.0
2024-08-19 15:30:00+08:00,0.2750000059604645,0.2750000059604645,0.2750000059604645,0.2750000059604645,11600,0.0,0.0
2024-08-19 15:35:00+08:00,0.2750000059604645,0.2750000059604645,0.2750000059604645,0.2750000059604645,54800,0.0,0.0
2024-08-19 15:40:00+08:00,0.2750000059604645,0.2800000011920929,0.2750000059604645,0.2800000011920929,700,0.0,0.0
2024-08-19 15:45:00+08:00,0.2800000011920929,0.2800000011920929,0.2750000059604645,0.2750000059604645,100,0.0,0.0
2024-08-19 16:05:00+08:00,0.2750000059604645,0.2800000011920929,0.2750000059604645,0.2800000011920929,12600,0.0,0.0
2024-08-19 16:10:00+08:00,0.2800000011920929,0.2800000011920929,0.2800000011920929,0.2800000011920929,100,0.0,0.0
2024-08-19 16:20:00+08:00,0.2800000011920929,0.2800000011920929,0.27000001072883606,0.27000001072883606,6100,0.0,0.0
2024-08-19 16:25:00+08:00,0.27000001072883606,0.2750000059604645,0.27000001072883606,0.27000001072883606,103600,0.0,0.0
2024-08-19 16:30:00+08:00,0.27000001072883606,0.2750000059604645,0.27000001072883606,0.27000001072883606,25100,0.0,0.0
2024-08-19 16:35:00+08:00,0.27000001072883606,0.2750000059604645,0.27000001072883606,0.2750000059604645,5100,0.0,0.0
2024-08-19 16:40:00+08:00,0.2750000059604645,0.2750000059604645,0.2750000059604645,0.2750000059604645,3800,0.0,0.0
2024-08-19 16:45:00+08:00,0.2750000059604645,0.2750000059604645,0.2750000059604645,0.2750000059604645,100,0.0,0.0
2024-08-19 16:55:00+08:00,0.2750000059604645,0.2750000059604645,0.2750000059604645,0.2750000059604645,15300,0.0,0.0
2024-08-20 09:00:00+08:00,0.2800000011920929,0.2800000011920929,0.2750000059604645,0.2750000059604645,51300,0.0,0.0
2024-08-20 09:05:00+08:00,0.2750000059604645,0.2800000011920929,0.2750000059604645,0.2800000011920929,35600,0.0,0.0
2024-08-20 09:10:00+08:00,0.2800000011920929,0.2800000011920929,0.2750000059604645,0.2800000011920929,108800,0.0,0.0
2024-08-20 09:15:00+08:00,0.2800000011920929,0.2800000011920929,0.2800000011920929,0.2800000011920929,200,0.0,0.0
2024-08-20 09:20:00+08:00,0.2800000011920929,0.2800000011920929,0.2800000011920929,0.2800000011920929,305000,0.0,0.0
2024-08-20 09:25:00+08:00,0.2800000011920929,0.2800000011920929,0.2800000011920929,0.2800000011920929,11300,0.0,0.0
2024-08-20 09:30:00+08:00,0.2800000011920929,0.2800000011920929,0.2800000011920929,0.2800000011920929,26300,0.0,0.0
2024-08-20 09:35:00+08:00,0.2800000011920929,0.2800000011920929,0.2800000011920929,0.2800000011920929,10300,0.0,0.0
2024-08-20 09:40:00+08:00,0.2800000011920929,0.2800000011920929,0.2800000011920929,0.2800000011920929,34200,0.0,0.0
2024-08-20 09:50:00+08:00,0.2800000011920929,0.2849999964237213,0.2800000011920929,0.2849999964237213,10100,0.0,0.0
2024-08-20 09:55:00+08:00,0.2849999964237213,0.2849999964237213,0.2800000011920929,0.2849999964237213,41000,0.0,0.0
2024-08-20 10:00:00+08:00,0.2849999964237213,0.2849999964237213,0.2800000011920929,0.2800000011920929,16800,0.0,0.0
2024-08-20 10:05:00+08:00,0.2800000011920929,0.2800000011920929,0.2800000011920929,0.2800000011920929,5000,0.0,0.0
2024-08-20 10:10:00+08:00,0.2800000011920929,0.2800000011920929,0.2800000011920929,0.2800000011920929,130300,0.0,0.0
2024-08-20 10:15:00+08:00,0.2800000011920929,0.2800000011920929,0.2800000011920929,0.2800000011920929,14000,0.0,0.0
2024-08-20 10:25:00+08:00,0.2800000011920929,0.2800000011920929,0.2800000011920929,0.2800000011920929,0,0.0,0.0
2024-08-20 10:30:00+08:00,0.2800000011920929,0.2849999964237213,0.2800000011920929,0.2849999964237213,991600,0.0,0.0
2024-08-20 10:35:00+08:00,0.2849999964237213,0.28999999165534973,0.2849999964237213,0.2849999964237213,285200,0.0,0.0
2024-08-20 10:40:00+08:00,0.2849999964237213,0.2849999964237213,0.2849999964237213,0.2849999964237213,22400,0.0,0.0
2024-08-20 10:45:00+08:00,0.2849999964237213,0.28999999165534973,0.2849999964237213,0.28999999165534973,52800,0.0,0.0
2024-08-20 10:50:00+08:00,0.28999999165534973,0.28999999165534973,0.28999999165534973,0.28999999165534973,30000,0.0,0.0
2024-08-20 10:55:00+08:00,0.28999999165534973,0.28999999165534973,0.28999999165534973,0.28999999165534973,100,0.0,0.0
2024-08-20 11:00:00+08:00,0.28999999165534973,0.28999999165534973,0.28999999165534973,0.28999999165534973,100000,0.0,0.0
2024-08-20 11:15:00+08:00,0.28999999165534973,0.28999999165534973,0.28999999165534973,0.28999999165534973,6000,0.0,0.0
2024-08-20 11:20:00+08:00,0.28999999165534973,0.28999999165534973,0.28999999165534973,0.28999999165534973,11700,0.0,0.0
2024-08-20 11:25:00+08:00,0.28999999165534973,0.28999999165534973,0.28999999165534973,0.28999999165534973,15400,0.0,0.0
2024-08-20 11:30:00+08:00,0.29499998688697815,0.29499998688697815,0.28999999165534973,0.29499998688697815,0,0.0,0.0
2024-08-20 11:40:00+08:00,0.29499998688697815,0.3050000071525574,0.28999999165534973,0.3050000071525574,4042200,0.0,0.0
2024-08-20 11:45:00+08:00,0.3050000071525574,0.3100000023841858,0.30000001192092896,0.3050000071525574,645400,0.0,0.0
2024-08-20 11:50:00+08:00,0.3050000071525574,0.3050000071525574,0.30000001192092896,0.3050000071525574,107500,0.0,0.0
2024-08-20 11:55:00+08:00,0.3050000071525574,0.3100000023841858,0.3050000071525574,0.3100000023841858,211100,0.0,0.0
2024-08-20 12:55:00+08:00,0.3100000023841858,0.3100000023841858,0.3100000023841858,0.3100000023841858,198200,0.0,0.0
2024-08-20 13:00:00+08:00,0.3100000023841858,0.3100000023841858,0.3050000071525574,0.3100000023841858,849100,0.0,0.0
2024-08-20 13:05:00+08:00,0.3100000023841858,0.3149999976158142,0.3100000023841858,0.3100000023841858,80600,0.0,0.0
2024-08-20 13:10:00+08:00,0.3100000023841858,0.3100000023841858,0.3050000071525574,0.3100000023841858,163300,0.0,0.0
2024-08-20 13:15:00+08:00,0.3100000023841858,0.3149999976158142,0.3050000071525574,0.3100000023841858,332700,0.0,0.0
2024-08-20 13:20:00+08:00,0.3100000023841858,0.3100000023841858,0.3050000071525574,0.3050000071525574,218800,0.0,0.0
2024-08-20 13:25:00+08:00,0.3050000071525574,0.3100000023841858,0.3050000071525574,0.3100000023841858,230000,0.0,0.0
2024-08-20 13:30:00+08:00,0.3100000023841858,0.3100000023841858,0.3050000071525574,0.3050000071525574,258100,0.0,0.0
2024-08-20 13:40:00+08:00,0.3050000071525574,0.3050000071525574,0.3050000071525574,0.3050000071525574,1500,0.0,0.0
2024-08-20 13:45:00+08:00,0.3050000071525574,0.3100000023841858,0.3050000071525574,0.3100000023841858,299200,0.0,0.0
2024-08-20 13:50:00+08:00,0.3100000023841858,0.3100000023841858,0.3100000023841858,0.3100000023841858,227700,0.0,0.0
2024-08-20 14:00:00+08:00,0.3100000023841858,0.3149999976158142,0.3100000023841858,0.3149999976158142,99200,0.0,0.0
2024-08-20 14:05:00+08:00,0.3149999976158142,0.3149999976158142,0.3100000023841858,0.3100000023841858,130000,0.0,0.0
2024-08-20 14:10:00+08:00,0.3100000023841858,0.3100000023841858,0.3100000023841858,0.3100000023841858,28500,0.0,0.0
2024-08-20 14:15:00+08:00,0.3100000023841858,0.3149999976158142,0.3100000023841858,0.3149999976158142,163500,0.0,0.0
2024-08-20 14:20:00+08:00,0.3149999976158142,0.3149999976158142,0.3100000023841858,0.3100000023841858,100,0.0,0.0
2024-08-20 14:25:00+08:00,0.3100000023841858,0.3100000023841858,0.3100000023841858,0.3100000023841858,2000,0.0,0.0
2024-08-20 14:30:00+08:00,0.3100000023841858,0.3149999976158142,0.3100000023841858,0.3149999976158142,101000,0.0,0.0
2024-08-20 14:35:00+08:00,0.3149999976158142,0.3149999976158142,0.3100000023841858,0.3100000023841858,26100,0.0,0.0
2024-08-20 14:40:00+08:00,0.3100000023841858,0.3100000023841858,0.3100000023841858,0.3100000023841858,2300,0.0,0.0
2024-08-20 14:45:00+08:00,0.3100000023841858,0.3100000023841858,0.3100000023841858,0.3100000023841858,700,0.0,0.0
2024-08-20 14:50:00+08:00,0.3100000023841858,0.3100000023841858,0.3100000023841858,0.3100000023841858,0,0.0,0.0
2024-08-20 14:55:00+08:00,0.3100000023841858,0.3149999976158142,0.3100000023841858,0.3149999976158142,8498000,0.0,0.0
2024-08-20 15:10:00+08:00,0.3149999976158142,0.3199999928474426,0.3149999976158142,0.3199999928474426,400400,0.0,0.0
2024-08-20 15:15:00+08:00,0.3199999928474426,0.32499998807907104,0.3149999976158142,0.3149999976158142,636300,0.0,0.0
2024-08-20 15:20:00+08:00,0.3149999976158142,0.3149999976158142,0.3100000023841858,0.3149999976158142,84000,0.0,0.0
2024-08-20 15:35:00+08:00,0.3149999976158142,0.3199999928474426,0.3149999976158142,0.3199999928474426,51100,0.0,0.0
2024-08-20 15:40:00+08:00,0.3199999928474426,0.3199999928474426,0.3149999976158142,0.3149999976158142,100,0.0,0.0
2024-08-20 15:50:00+08:00,0.3149999976158142,0.3149999976158142,0.3149999976158142,0.3149999976158142,147200,0.0,0.0
2024-08-20 16:05:00+08:00,0.3149999976158142,0.3149999976158142,0.3149999976158142,0.3149999976158142,21000,0.0,0.0
2024-08-20 16:15:00+08:00,0.3149999976158142,0.3149999976158142,0.3149999976158142,0.3149999976158142,8000,0.0,0.0
2024-08-20 16:25:00+08:00,0.3149999976158142,0.3149999976158142,0.3100000023841858,0.3100000023841858,22300,0.0,0.0
2024-08-20 16:30:00+08:00,0.3100000023841858,0.3149999976158142,0.3100000023841858,0.3100000023841858,63900,0.0,0.0
2024-08-20 16:35:00+08:00,0.3100000023841858,0.3100000023841858,0.3100000023841858,0.3100000023841858,10000,0.0,0.0
2024-08-20 16:40:00+08:00,0.3100000023841858,0.3100000023841858,0.30000001192092896,0.3050000071525574,910900,0.0,0.0
2024-08-20 16:45:00+08:00,0.3050000071525574,0.3050000071525574,0.3050000071525574,0.3050000071525574,97800,0.0,0.0
2024-08-20 16:50:00+08:00,0.3050000071525574,0.3050000071525574,0.30000001192092896,0.30000001192092896,868600,0.0,0.0
2024-08-20 16:55:00+08:00,0.30000001192092896,0.3050000071525574,0.30000001192092896,0.3050000071525574,95000,0.0,0.0
2024-08-21 09:00:00+08:00,0.3050000071525574,0.3100000023841858,0.3050000071525574,0.3100000023841858,304400,0.0,0.0
2024-08-21 09:05:00+08:00,0.3100000023841858,0.3100000023841858,0.3050000071525574,0.3050000071525574,80200,0.0,0.0
2024-08-21 09:10:00+08:00,0.3050000071525574,0.3100000023841858,0.3050000071525574,0.3100000023841858,152800,0.0,0.0
2024-08-21 09:15:00+08:00,0.3100000023841858,0.3100000023841858,0.3100000023841858,0.3100000023841858,10000,0.0,0.0
2024-08-21 09:20:00+08:00,0.3100000023841858,0.3100000023841858,0.3100000023841858,0.3100000023841858,106100,0.0,0.0
2024-08-21 09:25:00+08:00,0.3100000023841858,0.3149999976158142,0.3100000023841858,0.3100000023841858,65000,0.0,0.0
2024-08-21 09:30:00+08:00,0.3100000023841858,0.3199999928474426,0.3100000023841858,0.3149999976158142,532300,0.0,0.0
2024-08-21 09:35:00+08:00,0.3149999976158142,0.3199999928474426,0.3149999976158142,0.3149999976158142,222600,0.0,0.0
2024-08-21 09:40:00+08:00,0.3149999976158142,0.3149999976158142,0.3149999976158142,0.3149999976158142,6400,0.0,0.0
2024-08-21 09:45:00+08:00,0.3149999976158142,0.3149999976158142,0.3100000023841858,0.3100000023841858,154900,0.0,0.0
2024-08-21 09:50:00+08:00,0.3100000023841858,0.3100000023841858,0.3050000071525574,0.3050000071525574,127700,0.0,0.0
2024-08-21 09:55:00+08:00,0.3050000071525574,0.3100000023841858,0.3050000071525574,0.3100000023841858,33500,0.0,0.0
2024-08-21 10:05:00+08:00,0.3100000023841858,0.3100000023841858,0.3050000071525574,0.3050000071525574,1400,0.0,0.0
2024-08-21 10:15:00+08:00,0.3050000071525574,0.3050000071525574,0.3050000071525574,0.3050000071525574,76600,0.0,0.0
2024-08-21 10:20:00+08:00,0.3050000071525574,0.3050000071525574,0.3050000071525574,0.3050000071525574,40000,0.0,0.0
2024-08-21 10:25:00+08:00,0.3050000071525574,0.3100000023841858,0.3050000071525574,0.3100000023841858,15000,0.0,0.0
2024-08-21 10:40:00+08:00,0.3100000023841858,0.3100000023841858,0.3050000071525574,0.3050000071525574,1000,0.0,0.0
2024-08-21 10:50:00+08:00,0.3050000071525574,0.3050000071525574,0.3050000071525574,0.3050000071525574,82100,0.0,0.0
2024-08-21 10:55:00+08:00,0.3050000071525574,0.3050000071525574,0.30000001192092896,0.30000001192092896,138000,0.0,0.0
2024-08-21 11:00:00+08:00,0.30000001192092896,0.30000001192092896,0.30000001192092896,0.30000001192092896,34200,0.0,0.0
2024-08-21 11:05:00+08:00,0.30000001192092896,0.3050000071525574,0.30000001192092896,0.3050000071525574,204000,0.0,0.0
2024-08-21 11:10:00+08:00,0.3050000071525574,0.3050000071525574,0.3050000071525574,0.3050000071525574,4300,0.0,0.0
2024-08-21 11:30:00+08:00,0.3050000071525574,0.3050000071525574,0.3050000071525574,0.3050000071525574,3400,0.0,0.0
2024-08-21 13:35:00+08:00,0.3050000071525574,0.3050000071525574,0.3050000071525574,0.3050000071525574,104300,0.0,0.0
2024-08-21 13:40:00+08:00,0.3050000071525574,0.3050000071525574,0.3050000071525574,0.3050000071525574,3400,0.0,0.0
2024-08-21 13:55:00+08:00,0.3050000071525574,0.3050000071525574,0.3050000071525574,0.3050000071525574,36800,0.0,0.0
2024-08-21 14:05:00+08:00,0.3050000071525574,0.3050000071525574,0.3050000071525574,0.3050000071525574,86100,0.0,0.0
2024-08-21 14:10:00+08:00,0.3050000071525574,0.3050000071525574,0.3050000071525574,0.3050000071525574,14000,0.0,0.0
2024-08-21 14:15:00+08:00,0.3050000071525574,0.3100000023841858,0.3050000071525574,0.3050000071525574,22000,0.0,0.0
2024-08-21 14:40:00+08:00,0.3050000071525574,0.3050000071525574,0.3050000071525574,0.3050000071525574,11000,0.0,0.0
2024-08-21 14:50:00+08:00,0.3050000071525574,0.3100000023841858,0.3050000071525574,0.3100000023841858,109000,0.0,0.0
2024-08-21 14:55:00+08:00,0.3100000023841858,0.3100000023841858,0.3050000071525574,0.3050000071525574,150000,0.0,0.0
2024-08-21 15:00:00+08:00,0.3050000071525574,0.3100000023841858,0.3050000071525574,0.3100000023841858,100000,0.0,0.0
2024-08-21 15:15:00+08:00,0.3100000023841858,0.3100000023841858,0.3100000023841858,0.3100000023841858,242600,0.0,0.0
2024-08-21 15:50:00+08:00,0.3100000023841858,0.3100000023841858,0.3100000023841858,0.3100000023841858,100000,0.0,0.0
2024-08-21 16:00:00+08:00,0.3100000023841858,0.3149999976158142,0.3100000023841858,0.3100000023841858,54000,0.0,0.0
2024-08-21 16:05:00+08:00,0.3100000023841858,0.3100000023841858,0.3100000023841858,0.3100000023841858,10000,0.0,0.0
2024-08-21 16:15:00+08:00,0.3100000023841858,0.3100000023841858,0.3100000023841858,0.3100000023841858,76000,0.0,0.0
2024-08-21 16:20:00+08:00,0.3100000023841858,0.3100000023841858,0.3100000023841858,0.3100000023841858,40000,0.0,0.0
2024-08-21 16:25:00+08:00,0.3100000023841858,0.3100000023841858,0.3100000023841858,0.3100000023841858,2000,0.0,0.0
2024-08-21 16:35:00+08:00,0.3100000023841858,0.3100000023841858,0.3050000071525574,0.3050000071525574,182000,0.0,0.0
2024-08-21 16:40:00+08:00,0.3050000071525574,0.3050000071525574,0.30000001192092896,0.3050000071525574,800000,0.0,0.0
2024-08-21 16:45:00+08:00,0.3050000071525574,0.3050000071525574,0.30000001192092896,0.3050000071525574,200300,0.0,0.0
2024-08-21 16:50:00+08:00,0.3050000071525574,0.3100000023841858,0.30000001192092896,0.30000001192092896,161900,0.0,0.0
2024-08-21 16:55:00+08:00,0.30000001192092896,0.3100000023841858,0.30000001192092896,0.3100000023841858,82800,0.0,0.0
2024-08-22 09:00:00+08:00,0.3100000023841858,0.3149999976158142,0.3050000071525574,0.3149999976158142,188300,0.0,0.0
2024-08-22 09:05:00+08:00,0.3149999976158142,0.3149999976158142,0.3149999976158142,0.3149999976158142,65900,0.0,0.0
2024-08-22 09:10:00+08:00,0.3149999976158142,0.3149999976158142,0.3149999976158142,0.3149999976158142,6500,0.0,0.0
2024-08-22 09:15:00+08:00,0.3149999976158142,0.3199999928474426,0.3149999976158142,0.3199999928474426,213500,0.0,0.0
2024-08-22 09:20:00+08:00,0.3199999928474426,0.3199999928474426,0.3199999928474426,0.3199999928474426,459000,0.0,0.0
2024-08-22 09:25:00+08:00,0.3199999928474426,0.32499998807907104,0.3199999928474426,0.32499998807907104,89300,0.0,0.0
2024-08-22 09:30:00+08:00,0.32499998807907104,0.33000001311302185,0.32499998807907104,0.33000001311302185,538000,0.0,0.0
2024-08-22 09:35:00+08:00,0.33000001311302185,0.33000001311302185,0.32499998807907104,0.32499998807907104,100100,0.0,0.0
2024-08-22 09:40:00+08:00,0.32499998807907104,0.32499998807907104,0.3199999928474426,0.32499998807907104,706200,0.0,0.0
2024-08-22 09:45:00+08:00,0.32499998807907104,0.32499998807907104,0.3199999928474426,0.32499998807907104,201000,0.0,0.0
2024-08-22 09:50:00+08:00,0.32499998807907104,0.32499998807907104,0.3199999928474426,0.3199999928474426,399600,0.0,0.0
2024-08-22 10:00:00+08:00,0.3199999928474426,0.3199999928474426,0.3199999928474426,0.3199999928474426,365000,0.0,0.0
2024-08-22 10:05:00+08:00,0.3199999928474426,0.3199999928474426,0.3199999928474426,0.3199999928474426,100000,0.0,0.0
2024-08-22 10:10:00+08:00,0.3199999928474426,0.32499998807907104,0.3199999928474426,0.32499998807907104,5000,0.0,0.0
2024-08-22 10:30:00+08:00,0.32499998807907104,0.32499998807907104,0.32499998807907104,0.32499998807907104,55000,0.0,0.0
2024-08-22 10:35:00+08:00,0.32499998807907104,0.32499998807907104,0.3199999928474426,0.3199999928474426,10000,0.0,0.0
2024-08-22 10:50:00+08:00,0.3199999928474426,0.32499998807907104,0.3199999928474426,0.32499998807907104,60000,0.0,0.0
2024-08-22 11:00:00+08:00,0.32499998807907104,0.32499998807907104,0.3199999928474426,0.3199999928474426,173900,0.0,0.0
2024-08-22 11:05:00+08:00,0.3199999928474426,0.33000001311302185,0.3199999928474426,0.33000001311302185,10500,0.0,0.0
2024-08-22 11:20:00+08:00,0.33000001311302185,0.33000001311302185,0.33000001311302185,0.33000001311302185,2700,0.0,0.0
2024-08-22 11:25:00+08:00,0.33000001311302185,0.33000001311302185,0.32499998807907104,0.32499998807907104,51800,0.0,0.0
2024-08-22 11:30:00+08:00,0.32499998807907104,0.33000001311302185,0.3199999928474426,0.32499998807907104,94200,0.0,0.0
2024-08-22 11:35:00+08:00,0.32499998807907104,0.32499998807907104,0.3199999928474426,0.32499998807907104,75900,0.0,0.0
2024-08-22 11:40:00+08:00,0.32499998807907104,0.32499998807907104,0.3199999928474426,0.32499998807907104,1600,0.0,0.0
2024-08-22 11:45:00+08:00,0.32499998807907104,0.32499998807907104,0.32499998807907104,0.32499998807907104,100,0.0,0.0
2024-08-22 11:50:00+08:00,0.32499998807907104,0.32499998807907104,0.32499998807907104,0.32499998807907104,4000,0.0,0.0
2024-08-22 11:55:00+08:00,0.32499998807907104,0.32499998807907104,0.3199999928474426,0.3199999928474426,148400,0.0,0.0
2024-08-22 12:55:00+08:00,0.3199999928474426,0.3199999928474426,0.3199999928474426,0.3199999928474426,30000,0.0,0.0
2024-08-22 13:05:00+08:00,0.32499998807907104,0.32499998807907104,0.32499998807907104,0.32499998807907104,0,0.0,0.0
2024-08-22 13:10:00+08:00,0.32499998807907104,0.32499998807907104,0.32499998807907104,0.32499998807907104,4189800,0.0,0.0
2024-08-22 13:15:00+08:00,0.32499998807907104,0.32499998807907104,0.32499998807907104,0.32499998807907104,10000,0.0,0.0
2024-08-22 13:25:00+08:00,0.32499998807907104,0.32499998807907104,0.32499998807907104,0.32499998807907104,100,0.0,0.0
2024-08-22 13:35:00+08:00,0.32499998807907104,0.32499998807907104,0.32499998807907104,0.32499998807907104,20000,0.0,0.0
2024-08-22 13:55:00+08:00,0.32499998807907104,0.32499998807907104,0.32499998807907104,0.32499998807907104,2500,0.0,0.0
2024-08-22 14:15:00+08:00,0.32499998807907104,0.32499998807907104,0.32499998807907104,0.32499998807907104,55000,0.0,0.0
2024-08-22 14:40:00+08:00,0.32499998807907104,0.32499998807907104,0.3199999928474426,0.3199999928474426,56000,0.0,0.0
2024-08-22 14:45:00+08:00,0.3199999928474426,0.32499998807907104,0.3199999928474426,0.3199999928474426,300,0.0,0.0
2024-08-22 14:50:00+08:00,0.3199999928474426,0.32499998807907104,0.3199999928474426,0.32499998807907104,5700,0.0,0.0
2024-08-22 15:00:00+08:00,0.32499998807907104,0.32499998807907104,0.3199999928474426,0.3199999928474426,100,0.0,0.0
2024-08-22 15:05:00+08:00,0.3199999928474426,0.32499998807907104,0.3199999928474426,0.32499998807907104,29800,0.0,0.0
2024-08-22 15:10:00+08:00,0.32499998807907104,0.32499998807907104,0.3199999928474426,0.3199999928474426,100,0.0,0.0
2024-08-22 15:15:00+08:00,0.3199999928474426,0.32499998807907104,0.3199999928474426,0.32499998807907104,125000,0.0,0.0
2024-08-22 15:35:00+08:00,0.32499998807907104,0.32499998807907104,0.32499998807907104,0.32499998807907104,8400,0.0,0.0
2024-08-22 16:05:00+08:00,0.32499998807907104,0.32499998807907104,0.3199999928474426,0.3199999928474426,3000,0.0,0.0
2024-08-22 16:25:00+08:00,0.3199999928474426,0.3199999928474426,0.3199999928474426,0.3199999928474426,25000,0.0,0.0
2024-08-22 16:35:00+08:00,0.3199999928474426,0.3199999928474426,0.3199999928474426,0.3199999928474426,25000,0.0,0.0
2024-08-22 16:40:00+08:00,0.3199999928474426,0.3199999928474426,0.3199999928474426,0.3199999928474426,27000,0.0,0.0
2024-08-22 16:45:00+08:00,0.3199999928474426,0.3199999928474426,0.3199999928474426,0.3199999928474426,230600,0.0,0.0
2024-08-22 16:55:00+08:00,0.3199999928474426,0.3199999928474426,0.3199999928474426,0.3199999928474426,300,0.0,0.0
2024-08-23 09:00:00+08:00,0.33000001311302185,0.33000001311302185,0.32499998807907104,0.32499998807907104,17500,0.0,0.0
2024-08-23 09:10:00+08:00,0.32499998807907104,0.32499998807907104,0.32499998807907104,0.32499998807907104,75000,0.0,0.0
2024-08-23 09:15:00+08:00,0.32499998807907104,0.32499998807907104,0.32499998807907104,0.32499998807907104,93000,0.0,0.0
2024-08-23 09:25:00+08:00,0.32499998807907104,0.32499998807907104,0.32499998807907104,0.32499998807907104,300,0.0,0.0
2024-08-23 09:30:00+08:00,0.32499998807907104,0.32499998807907104,0.32499998807907104,0.32499998807907104,188000,0.0,0.0
2024-08-23 09:45:00+08:00,0.32499998807907104,0.32499998807907104,0.32499998807907104,0.32499998807907104,18000,0.0,0.0
2024-08-23 09:50:00+08:00,0.32499998807907104,0.32499998807907104,0.32499998807907104,0.32499998807907104,69000,0.0,0.0
2024-08-23 09:55:00+08:00,0.32499998807907104,0.32499998807907104,0.3199999928474426,0.3199999928474426,71000,0.0,0.0
2024-08-23 10:00:00+08:00,0.3199999928474426,0.3199999928474426,0.3199999928474426,0.3199999928474426,4100,0.0,0.0
2024-08-23 10:05:00+08:00,0.3199999928474426,0.32499998807907104,0.3199999928474426,0.32499998807907104,5000,0.0,0.0
2024-08-23 10:20:00+08:00,0.32499998807907104,0.32499998807907104,0.3199999928474426,0.3199999928474426,100,0.0,0.0
2024-08-23 11:05:00+08:00,0.3199999928474426,0.32499998807907104,0.3199999928474426,0.32499998807907104,10000,0.0,0.0
2024-08-23 11:30:00+08:00,0.32499998807907104,0.32499998807907104,0.32499998807907104,0.32499998807907104,2000,0.0,0.0
2024-08-23 11:40:00+08:00,0.32499998807907104,0.32499998807907104,0.3199999928474426,0.3199999928474426,80900,0.0,0.0
2024-08-23 13:30:00+08:00,0.3199999928474426,0.3199999928474426,0.3199999928474426,0.3199999928474426,10000,0.0,0.0
2024-08-23 13:55:00+08:00,0.3199999928474426,0.32499998807907104,0.3199999928474426,0.32499998807907104,10100,0.0,0.0
2024-08-23 14:35:00+08:00,0.32499998807907104,0.32499998807907104,0.3149999976158142,0.3149999976158142,1700,0.0,0.0
2024-08-23 14:40:00+08:00,0.3199999928474426,0.3199999928474426,0.3149999976158142,0.3199999928474426,204100,0.0,0.0
2024-08-23 15:20:00+08:00,0.3199999928474426,0.3199999928474426,0.3199999928474426,0.3199999928474426,300,0.0,0.0
2024-08-23 15:35:00+08:00,0.3199999928474426,0.3199999928474426,0.3199999928474426,0.3199999928474426,22300,0.0,0.0
2024-08-23 15:40:00+08:00,0.3199999928474426,0.3199999928474426,0.3100000023841858,0.3100000023841858,1200,0.0,0.0
2024-08-23 15:45:00+08:00,0.3149999976158142,0.3149999976158142,0.3100000023841858,0.3149999976158142,386300,0.0,0.0
2024-08-23 15:50:00+08:00,0.3149999976158142,0.3199999928474426,0.3149999976158142,0.3199999928474426,20000,0.0,0.0
2024-08-23 16:25:00+08:00,0.3199999928474426,0.3199999928474426,0.3149999976158142,0.3149999976158142,400,0.0,0.0
2024-08-23 16:45:00+08:00,0.3149999976158142,0.3149999976158142,0.3149999976158142,0.3149999976158142,22100,0.0,0.0
2024-08-26 09:00:00+08:00,0.3149999976158142,0.3149999976158142,0.3149999976158142,0.3149999976158142,19500,0.0,0.0
2024-08-26 09:05:00+08:00,0.3149999976158142,0.3149999976158142,0.3149999976158142,0.3149999976158142,0,0.0,0.0
2024-08-26 09:10:00+08:00,0.3149999976158142,0.3199999928474426,0.3149999976158142,0.3199999928474426,161900,0.0,0.0
2024-08-26 09:15:00+08:00,0.3199999928474426,0.32499998807907104,0.3199999928474426,0.32499998807907104,200000,0.0,0.0
2024-08-26 09:20:00+08:00,0.32499998807907104,0.32499998807907104,0.3199999928474426,0.3199999928474426,102200,0.0,0.0
2024-08-26 09:25:00+08:00,0.3199999928474426,0.3199999928474426,0.3199999928474426,0.3199999928474426,9000,0.0,0.0
2024-08-26 09:35:00+08:00,0.3199999928474426,0.3199999928474426,0.3149999976158142,0.3149999976158142,20000,0.0,0.0
2024-08-26 09:45:00+08:00,0.3149999976158142,0.3149999976158142,0.3149999976158142,0.3149999976158142,416300,0.0,0.0
2024-08-26 10:10:00+08:00,0.3149999976158142,0.3149999976158142,0.3100000023841858,0.3100000023841858,100000,0.0,0.0
2024-08-26 10:15:00+08:00,0.3100000023841858,0.3100000023841858,0.3100000023841858,0.3100000023841858,204800,0.0,0.0
2024-08-26 10:25:00+08:00,0.3100000023841858,0.3100000023841858,0.3100000023841858,0.3100000023841858,35000,0.0,0.0
2024-08-26 10:30:00+08:00,0.3100000023841858,0.3100000023841858,0.3100000023841858,0.3100000023841858,40000,0.0,0.0
2024-08-26 10:40:00+08:00,0.3100000023841858,0.3100000023841858,0.3100000023841858,0.3100000023841858,10000,0.0,0.0
2024-08-26 10:50:00+08:00,0.3100000023841858,0.3100000023841858,0.3100000023841858,0.3100000023841858,208400,0.0,0.0
2024-08-26 10:55:00+08:00,0.3100000023841858,0.3100000023841858,0.3100000023841858,0.3100000023841858,4200,0.0,0.0
2024-08-26 11:00:00+08:00,0.3100000023841858,0.3100000023841858,0.3100000023841858,0.3100000023841858,67900,0.0,0.0
2024-08-26 11:20:00+08:00,0.3100000023841858,0.3100000023841858,0.3100000023841858,0.3100000023841858,4000,0.0,0.0
2024-08-26 12:55:00+08:00,0.3100000023841858,0.3100000023841858,0.3100000023841858,0.3100000023841858,1000,0.0,0.0
2024-08-26 13:25:00+08:00,0.3100000023841858,0.3100000023841858,0.3100000023841858,0.3100000023841858,15000,0.0,0.0
2024-08-26 13:30:00+08:00,0.3100000023841858,0.3149999976158142,0.3100000023841858,0.3149999976158142,439000,0.0,0.0
2024-08-26 13:35:00+08:00,0.3149999976158142,0.3149999976158142,0.3149999976158142,0.3149999976158142,10000,0.0,0.0
2024-08-26 13:40:00+08:00,0.3149999976158142,0.3149999976158142,0.3149999976158142,0.3149999976158142,10000,0.0,0.0
2024-08-26 14:00:00+08:00,0.3149999976158142,0.3149999976158142,0.3149999976158142,0.3149999976158142,10800,0.0,0.0
2024-08-26 14:20:00+08:00,0.3149999976158142,0.3149999976158142,0.3149999976158142,0.3149999976158142,50000,0.0,0.0
2024-08-26 14:25:00+08:00,0.3149999976158142,0.3199999928474426,0.3149999976158142,0.3199999928474426,215000,0.0,0.0
2024-08-26 14:40:00+08:00,0.3199999928474426,0.3199999928474426,0.3149999976158142,0.3199999928474426,120000,0.0,0.0
2024-08-26 15:00:00+08:00,0.3199999928474426,0.3199999928474426,0.3149999976158142,0.3149999976158142,100,0.0,0.0
2024-08-26 15:05:00+08:00,0.3149999976158142,0.3149999976158142,0.3149999976158142,0.3149999976158142,7100,0.0,0.0
2024-08-26 15:10:00+08:00,0.3149999976158142,0.3149999976158142,0.3149999976158142,0.3149999976158142,52900,0.0,0.0
2024-08-26 15:20:00+08:00,0.3149999976158142,0.3199999928474426,0.3149999976158142,0.3199999928474426,20000,0.0,0.0
2024-08-26 15:45:00+08:00,0.3199999928474426,0.3199999928474426,0.3100000023841858,0.3100000023841858,100,0.0,0.0
2024-08-26 16:00:00+08:00,0.3100000023841858,0.3149999976158142,0.3100000023841858,0.3149999976158142,450000,0.0,0.0
2024-08-26 16:10:00+08:00,0.3149999976158142,0.3149999976158142,0.3100000023841858,0.3100000023841858,50000,0.0,0.0
2024-08-26 16:25:00+08:00,0.3100000023841858,0.3149999976158142,0.3100000023841858,0.3149999976158142,300100,0.0,0.0
2024-08-26 16:35:00+08:00,0.3149999976158142,0.3149999976158142,0.3149999976158142,0.3149999976158142,7900,0.0,0.0
2024-08-26 16:45:00+08:00,0.3149999976158142,0.3149999976158142,0.3100000023841858,0.3100000023841858,30200,0.0,0.0
2024-08-26 16:55:00+08:00,0.3100000023841858,0.3149999976158142,0.3100000023841858,0.3149999976158142,55100,0.0,0.0
2024-08-27 09:00:00+08:00,0.3149999976158142,0.3149999976158142,0.3149999976158142,0.3149999976158142,250100,0.0,0.0
2024-08-27 09:05:00+08:00,0.3149999976158142,0.3199999928474426,0.3149999976158142,0.3199999928474426,30100,0.0,0.0
2024-08-27 09:10:00+08:00,0.3199999928474426,0.32499998807907104,0.3199999928474426,0.32499998807907104,474600,0.0,0.0
2024-08-27 09:15:00+08:00,0.32499998807907104,0.33000001311302185,0.32499998807907104,0.33000001311302185,1254600,0.0,0.0
2024-08-27 09:20:00+08:00,0.33000001311302185,0.33500000834465027,0.33000001311302185,0.33000001311302185,419000,0.0,0.0
2024-08-27 09:25:00+08:00,0.33000001311302185,0.33500000834465027,0.32499998807907104,0.32499998807907104,272200,0.0,0.0
2024-08-27 09:30:00+08:00,0.32499998807907104,0.33000001311302185,0.32499998807907104,0.33000001311302185,60800,0.0,0.0
2024-08-27 09:40:00+08:00,0.33000001311302185,0.33000001311302185,0.32499998807907104,0.32499998807907104,4100,0.0,0.0
2024-08-27 09:45:00+08:00,0.32499998807907104,0.32499998807907104,0.3199999928474426,0.3199999928474426,200,0.0,0.0
2024-08-27 09:50:00+08:00,0.3199999928474426,0.3199999928474426,0.3199999928474426,0.3199999928474426,200000,0.0,0.0
2024-08-27 09:55:00+08:00,0.3199999928474426,0.3199999928474426,0.3199999928474426,0.3199999928474426,55000,0.0,0.0
2024-08-27 10:00:00+08:00,0.32499998807907104,0.32499998807907104,0.32499998807907104,0.32499998807907104,40000,0.0,0.0
2024-08-27 10:05:00+08:00,0.32499998807907104,0.32499998807907104,0.32499998807907104,0.32499998807907104,20000,0.0,0.0
2024-08-27 10:10:00+08:00,0.32499998807907104,0.32499998807907104,0.3199999928474426,0.3199999928474426,60900,0.0,0.0
2024-08-27 10:20:00+08:00,0.3199999928474426,0.3199999928474426,0.3199999928474426,0.3199999928474426,202600,0.0,0.0
2024-08-27 10:25:00+08:00,0.3199999928474426,0.3199999928474426,0.3199999928474426,0.3199999928474426,30000,0.0,0.0
2024-08-27 10:40:00+08:00,0.3199999928474426,0.3199999928474426,0.3199999928474426,0.3199999928474426,100000,0.0,0.0
2024-08-27 10:45:00+08:00,0.3199999928474426,0.3199999928474426,0.3199999928474426,0.3199999928474426,8500,0.0,0.0
2024-08-27 11:20:00+08:00,0.3199999928474426,0.3199999928474426,0.3199999928474426,0.3199999928474426,31200,0.0,0.0
2024-08-27 11:25:00+08:00,0.3199999928474426,0.3199999928474426,0.3199999928474426,0.3199999928474426,123800,0.0,0.0
2024-08-27 11:35:00+08:00,0.3199999928474426,0.3199999928474426,0.3199999928474426,0.3199999928474426,50000,0.0,0.0
2024-08-27 12:55:00+08:00,0.3199999928474426,0.3199999928474426,0.3199999928474426,0.3199999928474426,50200,0.0,0.0
2024-08-27 13:00:00+08:00,0.3199999928474426,0.32499998807907104,0.3199999928474426,0.32499998807907104,22200,0.0,0.0
2024-08-27 13:05:00+08:00,0.32499998807907104,0.32499998807907104,0.3199999928474426,0.3199999928474426,100,0.0,0.0
2024-08-27 13:30:00+08:00,0.3199999928474426,0.3199999928474426,0.3199999928474426,0.3199999928474426,32400,0.0,0.0
2024-08-27 13:40:00+08:00,0.3199999928474426,0.3199999928474426,0.3199999928474426,0.3199999928474426,51600,0.0,0.0
2024-08-27 13:45:00+08:00,0.3199999928474426,0.32499998807907104,0.3199999928474426,0.32499998807907104,11400,0.0,0.0
2024-08-27 13:55:00+08:00,0.32499998807907104,0.32499998807907104,0.3199999928474426,0.3199999928474426,100,0.0,0.0
2024-08-27 14:00:00+08:00,0.3199999928474426,0.3199999928474426,0.3149999976158142,0.3149999976158142,115300,0.0,0.0
2024-08-27 14:10:00+08:00,0.3149999976158142,0.3149999976158142,0.3100000023841858,0.3149999976158142,417600,0.0,0.0
2024-08-27 14:15:00+08:00,0.3149999976158142,0.3149999976158142,0.3149999976158142,0.3149999976158142,24700,0.0,0.0
2024-08-27 14:20:00+08:00,0.3149999976158142,0.3149999976158142,0.3149999976158142,0.3149999976158142,15400,0.0,0.0
2024-08-27 14:25:00+08:00,0.3149999976158142,0.3149999976158142,0.3149999976158142,0.3149999976158142,29600,0.0,0.0
2024-08-27 14:55:00+08:00,0.3149999976158142,0.3149999976158142,0.3149999976158142,0.3149999976158142,119000,0.0,0.0
2024-08-27 15:00:00+08:00,0.3149999976158142,0.3149999976158142,0.3149999976158142,0.3149999976158142,45000,0.0,0.0
2024-08-27 15:05:00+08:00,0.3149999976158142,0.3199999928474426,0.3149999976158142,0.3199999928474426,84300,0.0,0.0
2024-08-27 15:10:00+08:00,0.3199999928474426,0.3199999928474426,0.3199999928474426,0.3199999928474426,100,0.0,0.0
2024-08-27 15:15:00+08:00,0.3199999928474426,0.3199999928474426,0.3199999928474426,0.3199999928474426,10000,0.0,0.0
2024-08-27 15:20:00+08:00,0.3199999928474426,0.3199999928474426,0.3149999976158142,0.3149999976158142,1400,0.0,0.0
2024-08-27 15:25:00+08:00,0.3149999976158142,0.3199999928474426,0.3149999976158142,0.3199999928474426,1800,0.0,0.0
2024-08-27 15:40:00+08:00,0.3199999928474426,0.3199999928474426,0.3149999976158142,0.3149999976158142,70200,0.0,0.0
2024-08-27 16:15:00+08:00,0.3149999976158142,0.3199999928474426,0.3149999976158142,0.3149999976158142,183400,0.0,0.0
2024-08-27 16:20:00+08:00,0.3149999976158142,0.3149999976158142,0.3149999976158142,0.3149999976158142,105100,0.0,0.0
2024-08-27 16:25:00+08:00,0.3149999976158142,0.3149999976158142,0.3149999976158142,0.3149999976158142,75000,0.0,0.0
2024-08-27 16:30:00+08:00,0.3149999976158142,0.3149999976158142,0.3149999976158142,0.3149999976158142,25100,0.0,0.0
2024-08-27 16:35:00+08:00,0.3149999976158142,0.3149999976158142,0.3149999976158142,0.3149999976158142,33000,0.0,0.0
2024-08-27 16:40:00+08:00,0.3149999976158142,0.3149999976158142,0.3149999976158142,0.3149999976158142,88000,0.0,0.0
2024-08-28 09:00:00+08:00,0.3149999976158142,0.3199999928474426,0.3149999976158142,0.3149999976158142,23800,0.0,0.0
2024-08-28 09:25:00+08:00,0.3149999976158142,0.3149999976158142,0.3149999976158142,0.3149999976158142,53500,0.0,0.0
2024-08-28 09:35:00+08:00,0.3149999976158142,0.3149999976158142,0.3149999976158142,0.3149999976158142,8200,0.0,0.0
2024-08-28 09:40:00+08:00,0.3149999976158142,0.3149999976158142,0.3149999976158142,0.3149999976158142,4200,0.0,0.0
2024-08-28 09:45:00+08:00,0.3149999976158142,0.3149999976158142,0.3149999976158142,0.3149999976158142,54100,0.0,0.0
2024-08-28 09:50:00+08:00,0.3149999976158142,0.3149999976158142,0.3149999976158142,0.3149999976158142,4400,0.0,0.0
2024-08-28 09:55:00+08:00,0.3149999976158142,0.3149999976158142,0.3149999976158142,0.3149999976158142,4400,0.0,0.0
2024-08-28 10:00:00+08:00,0.3149999976158142,0.3149999976158142,0.3149999976158142,0.3149999976158142,4200,0.0,0.0
2024-08-28 10:05:00+08:00,0.3149999976158142,0.3149999976158142,0.3149999976158142,0.3149999976158142,78700,0.0,0.0
2024-08-28 10:10:00+08:00,0.3149999976158142,0.3199999928474426,0.3149999976158142,0.3199999928474426,3700,0.0,0.0
2024-08-28 10:15:00+08:00,0.3199999928474426,0.3199999928474426,0.3199999928474426,0.3199999928474426,4500,0.0,0.0
2024-08-28 10:25:00+08:00,0.3199999928474426,0.3199999928474426,0.3199999928474426,0.3199999928474426,31900,0.0,0.0
2024-08-28 10:30:00+08:00,0.3199999928474426,0.3199999928474426,0.3199999928474426,0.3199999928474426,3800,0.0,0.0
2024-08-28 10:35:00+08:00,0.3199999928474426,0.3199999928474426,0.3199999928474426,0.3199999928474426,4200,0.0,0.0
2024-08-28 10:40:00+08:00,0.3199999928474426,0.3199999928474426,0.3149999976158142,0.3199999928474426,14800,0.0,0.0
2024-08-28 10:45:00+08:00,0.3199999928474426,0.3199999928474426,0.3199999928474426,0.3199999928474426,3600,0.0,0.0
2024-08-28 10:50:00+08:00,0.3199999928474426,0.3199999928474426,0.3149999976158142,0.3149999976158142,4000,0.0,0.0
2024-08-28 10:55:00+08:00,0.3149999976158142,0.3149999976158142,0.3149999976158142,0.3149999976158142,4500,0.0,0.0
2024-08-28 11:00:00+08:00,0.3149999976158142,0.3149999976158142,0.3149999976158142,0.3149999976158142,3700,0.0,0.0
2024-08-28 11:05:00+08:00,0.3149999976158142,0.3149999976158142,0.3149999976158142,0.3149999976158142,4200,0.0,0.0
2024-08-28 11:10:00+08:00,0.3149999976158142,0.3149999976158142,0.3149999976158142,0.3149999976158142,3600,0.0,0.0
2024-08-28 11:15:00+08:00,0.3149999976158142,0.3199999928474426,0.3149999976158142,0.3199999928474426,53700,0.0,0.0
2024-08-28 11:20:00+08:00,0.3199999928474426,0.3199999928474426,0.3199999928474426,0.3199999928474426,3900,0.0,0.0
2024-08-28 11:25:00+08:00,0.3199999928474426,0.3199999928474426,0.3199999928474426,0.3199999928474426,3800,0.0,0.0
2024-08-28 11:30:00+08:00,0.3199999928474426,0.3199999928474426,0.3199999928474426,0.3199999928474426,4400,0.0,0.0
2024-08-28 11:40:00+08:00,0.3199999928474426,0.3199999928474426,0.3149999976158142,0.3149999976158142,3500,0.0,0.0
2024-08-28 11:50:00+08:00,0.3149999976158142,0.3149999976158142,0.3149999976158142,0.3149999976158142,7400,0.0,0.0
2024-08-28 11:55:00+08:00,0.3149999976158142,0.3149999976158142,0.3149999976158142,0.3149999976158142,10000,0.0,0.0
2024-08-28 12:55:00+08:00,0.3149999976158142,0.3149999976158142,0.3149999976158142,0.3149999976158142,55400,0.0,0.0
2024-08-28 13:00:00+08:00,0.3149999976158142,0.3149999976158142,0.3149999976158142,0.3149999976158142,13800,0.0,0.0
2024-08-28 13:10:00+08:00,0.3149999976158142,0.3149999976158142,0.3149999976158142,0.3149999976158142,4700,0.0,0.0
2024-08-28 13:25:00+08:00,0.3149999976158142,0.3199999928474426,0.3149999976158142,0.3199999928474426,15400,0.0,0.0
2024-08-28 13:30:00+08:00,0.3199999928474426,0.3199999928474426,0.3199999928474426,0.3199999928474426,3500,0.0,0.0
2024-08-28 13:35:00+08:00,0.3199999928474426,0.3199999928474426,0.3199999928474426,0.3199999928474426,3300,0.0,0.0
2024-08-28 13:40:00+08:00,0.3199999928474426,0.3199999928474426,0.3199999928474426,0.3199999928474426,3500,0.0,0.0
2024-08-28 13:45:00+08:00,0.3199999928474426,0.3199999928474426,0.3149999976158142,0.3199999928474426,23500,0.0,0.0
2024-08-28 13:50:00+08:00,0.3199999928474426,0.3199999928474426,0.3199999928474426,0.3199999928474426,3400,0.0,0.0
2024-08-28 13:55:00+08:00,0.3199999928474426,0.3199999928474426,0.3199999928474426,0.3199999928474426,3400,0.0,0.0
2024-08-28 14:00:00+08:00,0.3199999928474426,0.3199999928474426,0.3199999928474426,0.3199999928474426,3500,0.0,0.0
2024-08-28 14:05:00+08:00,0.3199999928474426,0.3199999928474426,0.3199999928474426,0.3199999928474426,6700,0.0,0.0
2024-08-28 14:10:00+08:00,0.3199999928474426,0.3199999928474426,0.3199999928474426,0.3199999928474426,3300,0.0,0.0
2024-08-28 14:15:00+08:00,0.3199999928474426,0.3199999928474426,0.3199999928474426,0.3199999928474426,3400,0.0,0.0
2024-08-28 14:20:00+08:00,0.3199999928474426,0.3199999928474426,0.3199999928474426,0.3199999928474426,3300,0.0,0.0
2024-08-28 14:25:00+08:00,0.3199999928474426,0.3199999928474426,0.3199999928474426,0.3199999928474426,3300,0.0,0.0
2024-08-28 14:30:00+08:00,0.3199999928474426,0.3199999928474426,0.3199999928474426,0.3199999928474426,3400,0.0,0.0
2024-08-28 14:35:00+08:00,0.3199999928474426,0.3199999928474426,0.3199999928474426,0.3199999928474426,3600,0.0,0.0
2024-08-28 14:40:00+08:00,0.3199999928474426,0.3199999928474426,0.3199999928474426,0.3199999928474426,3600,0.0,0.0
2024-08-28 14:45:00+08:00,0.3199999928474426,0.3199999928474426,0.3199999928474426,0.3199999928474426,3600,0.0,0.0
2024-08-28 14:50:00+08:00,0.3199999928474426,0.3199999928474426,0.3199999928474426,0.3199999928474426,3600,0.0,0.0
2024-08-28 14:55:00+08:00,0.3199999928474426,0.3199999928474426,0.3199999928474426,0.3199999928474426,3500,0.0,0.0
2024-08-28 15:00:00+08:00,0.3199999928474426,0.3199999928474426,0.3199999928474426,0.3199999928474426,3300,0.0,0.0
2024-08-28 15:05:00+08:00,0.3199999928474426,0.3199999928474426,0.3199999928474426,0.3199999928474426,6600,0.0,0.0
2024-08-28 15:10:00+08:00,0.3199999928474426,0.3199999928474426,0.3199999928474426,0.3199999928474426,3300,0.0,0.0
2024-08-28 15:15:00+08:00,0.3199999928474426,0.3199999928474426,0.3149999976158142,0.3149999976158142,166500,0.0,0.0
2024-08-28 15:20:00+08:00,0.3149999976158142,0.3149999976158142,0.3050000071525574,0.3050000071525574,1365100,0.0,0.0
2024-08-28 15:25:00+08:00,0.3050000071525574,0.3050000071525574,0.3050000071525574,0.3050000071525574,83800,0.0,0.0
2024-08-28 15:30:00+08:00,0.3050000071525574,0.3050000071525574,0.3050000071525574,0.3050000071525574,337900,0.0,0.0
2024-08-28 15:35:00+08:00,0.3050000071525574,0.3050000071525574,0.3050000071525574,0.3050000071525574,100200,0.0,0.0
2024-08-28 15:40:00+08:00,0.3050000071525574,0.3050000071525574,0.30000001192092896,0.30000001192092896,10800,0.0,0.0
2024-08-28 15:45:00+08:00,0.30000001192092896,0.30000001192092896,0.29499998688697815,0.29499998688697815,743600,0.0,0.0
2024-08-28 15:50:00+08:00,0.29499998688697815,0.30000001192092896,0.29499998688697815,0.30000001192092896,219400,0.0,0.0
2024-08-28 15:55:00+08:00,0.30000001192092896,0.30000001192092896,0.30000001192092896,0.30000001192092896,84000,0.0,0.0
2024-08-28 16:00:00+08:00,0.30000001192092896,0.30000001192092896,0.30000001192092896,0.30000001192092896,50000,0.0,0.0
2024-08-28 16:10:00+08:00,0.30000001192092896,0.30000001192092896,0.29499998688697815,0.30000001192092896,343400,0.0,0.0
2024-08-28 16:15:00+08:00,0.30000001192092896,0.30000001192092896,0.30000001192092896,0.30000001192092896,112900,0.0,0.0
2024-08-28 16:20:00+08:00,0.30000001192092896,0.3050000071525574,0.30000001192092896,0.3050000071525574,50000,0.0,0.0
2024-08-28 16:40:00+08:00,0.3050000071525574,0.3050000071525574,0.3050000071525574,0.3050000071525574,4400,0.0,0.0
2024-08-28 16:45:00+08:00,0.3050000071525574,0.3050000071525574,0.3050000071525574,0.3050000071525574,11200,0.0,0.0
2024-08-28 16:50:00+08:00,0.3050000071525574,0.3050000071525574,0.3050000071525574,0.3050000071525574,5000,0.0,0.0
2024-08-28 16:55:00+08:00,0.3050000071525574,0.3050000071525574,0.3050000071525574,0.3050000071525574,4700,0.0,0.0
2024-08-29 09:05:00+08:00,0.30000001192092896,0.30000001192092896,0.30000001192092896,0.30000001192092896,92900,0.0,0.0
2024-08-29 09:15:00+08:00,0.30000001192092896,0.30000001192092896,0.30000001192092896,0.30000001192092896,50000,0.0,0.0
2024-08-29 09:30:00+08:00,0.30000001192092896,0.3050000071525574,0.30000001192092896,0.3050000071525574,15000,0.0,0.0
2024-08-29 09:35:00+08:00,0.3050000071525574,0.3050000071525574,0.3050000071525574,0.3050000071525574,10200,0.0,0.0
2024-08-29 09:40:00+08:00,0.3050000071525574,0.3050000071525574,0.3050000071525574,0.3050000071525574,171700,0.0,0.0
2024-08-29 09:50:00+08:00,0.3050000071525574,0.3050000071525574,0.3050000071525574,0.3050000071525574,30600,0.0,0.0
2024-08-29 10:00:00+08:00,0.3050000071525574,0.3100000023841858,0.3050000071525574,0.3100000023841858,7200,0.0,0.0
2024-08-29 10:15:00+08:00,0.3100000023841858,0.3100000023841858,0.3100000023841858,0.3100000023841858,78000,0.0,0.0
2024-08-29 10:40:00+08:00,0.3100000023841858,0.3100000023841858,0.3050000071525574,0.3050000071525574,42000,0.0,0.0
2024-08-29 10:55:00+08:00,0.3050000071525574,0.3050000071525574,0.3050000071525574,0.3050000071525574,500,0.0,0.0
2024-08-29 11:00:00+08:00,0.3050000071525574,0.3050000071525574,0.3050000071525574,0.3050000071525574,3000,0.0,0.0
2024-08-29 11:20:00+08:00,0.3050000071525574,0.3050000071525574,0.3050000071525574,0.3050000071525574,300,0.0,0.0
2024-08-29 11:25:00+08:00,0.3050000071525574,0.3050000071525574,0.3050000071525574,0.3050000071525574,654700,0.0,0.0
2024-08-29 11:40:00+08:00,0.3050000071525574,0.3050000071525574,0.3050000071525574,0.3050000071525574,209300,0.0,0.0
2024-08-29 11:45:00+08:00,0.3050000071525574,0.3050000071525574,0.3050000071525574,0.3050000071525574,500,0.0,0.0
2024-08-29 11:55:00+08:00,0.3050000071525574,0.3050000071525574,0.3050000071525574,0.3050000071525574,32600,0.0,0.0
2024-08-29 12:55:00+08:00,0.3100000023841858,0.3100000023841858,0.3050000071525574,0.3050000071525574,50000,0.0,0.0
2024-08-29 13:40:00+08:00,0.3050000071525574,0.3050000071525574,0.3050000071525574,0.3050000071525574,50000,0.0,0.0
2024-08-29 13:45:00+08:00,0.3050000071525574,0.3050000071525574,0.3050000071525574,0.3050000071525574,20000,0.0,0.0
2024-08-29 13:55:00+08:00,0.3050000071525574,0.3050000071525574,0.3050000071525574,0.3050000071525574,7000,0.0,0.0
2024-08-29 14:00:00+08:00,0.3050000071525574,0.3050000071525574,0.3050000071525574,0.3050000071525574,0,0.0,0.0
2024-08-29 14:10:00+08:00,0.3050000071525574,0.3050000071525574,0.3050000071525574,0.3050000071525574,1621800,0.0,0.0
2024-08-29 14:15:00+08:00,0.3050000071525574,0.3050000071525574,0.3050000071525574,0.3050000071525574,300,0.0,0.0
2024-08-29 14:30:00+08:00,0.3050000071525574,0.3050000071525574,0.3050000071525574,0.3050000071525574,0,0.0,0.0
2024-08-29 15:05:00+08:00,0.3050000071525574,0.3050000071525574,0.3050000071525574,0.3050000071525574,0,0.0,0.0
2024-08-29 15:45:00+08:00,0.3050000071525574,0.3050000071525574,0.3050000071525574,0.3050000071525574,1735500,0.0,0.0
2024-08-29 15:55:00+08:00,0.3050000071525574,0.3050000071525574,0.3050000071525574,0.3050000071525574,8000,0.0,0.0
2024-08-29 16:00:00+08:00,0.3050000071525574,0.3050000071525574,0.3050000071525574,0.3050000071525574,11600,0.0,0.0
2024-08-29 16:05:00+08:00,0.3050000071525574,0.3100000023841858,0.3050000071525574,0.3100000023841858,168300,0.0,0.0
2024-08-29 16:10:00+08:00,0.3100000023841858,0.3100000023841858,0.3100000023841858,0.3100000023841858,257300,0.0,0.0
2024-08-29 16:15:00+08:00,0.3100000023841858,0.3100000023841858,0.3100000023841858,0.3100000023841858,31400,0.0,0.0
2024-08-29 16:20:00+08:00,0.3100000023841858,0.3100000023841858,0.3100000023841858,0.3100000023841858,127800,0.0,0.0
2024-08-29 16:25:00+08:00,0.3100000023841858,0.3100000023841858,0.3100000023841858,0.3100000023841858,9600,0.0,0.0
2024-08-29 16:50:00+08:00,0.3100000023841858,0.3100000023841858,0.3100000023841858,0.3100000023841858,5000,0.0,0.0
2024-08-29 16:55:00+08:00,0.3100000023841858,0.3100000023841858,0.3100000023841858,0.3100000023841858,10000,0.0,0.0
2024-08-30 09:00:00+08:00,0.3149999976158142,0.3149999976158142,0.3100000023841858,0.3100000023841858,0,0.0,0.0
2024-08-30 09:10:00+08:00,0.3100000023841858,0.3100000023841858,0.3100000023841858,0.3100000023841858,70000,0.0,0.0
2024-08-30 09:15:00+08:00,0.3100000023841858,0.3100000023841858,0.3100000023841858,0.3100000023841858,30000,0.0,0.0
2024-08-30 09:25:00+08:00,0.3100000023841858,0.3100000023841858,0.3100000023841858,0.3100000023841858,21100,0.0,0.0
2024-08-30 09:35:00+08:00,0.3100000023841858,0.3100000023841858,0.3100000023841858,0.3100000023841858,50000,0.0,0.0
2024-08-30 09:40:00+08:00,0.3100000023841858,0.3100000023841858,0.3100000023841858,0.3100000023841858,15000,0.0,0.0
2024-08-30 10:00:00+08:00,0.3100000023841858,0.3100000023841858,0.3100000023841858,0.3100000023841858,20000,0.0,0.0
2024-08-30 10:35:00+08:00,0.3100000023841858,0.3100000023841858,0.3100000023841858,0.3100000023841858,50500,0.0,0.0
2024-08-30 11:00:00+08:00,0.3100000023841858,0.3100000023841858,0.3100000023841858,0.3100000023841858,9500,0.0,0.0
2024-08-30 11:10:00+08:00,0.3100000023841858,0.3100000023841858,0.3100000023841858,0.3100000023841858,15000,0.0,0.0
2024-08-30 11:25:00+08:00,0.3100000023841858,0.3100000023841858,0.3050000071525574,0.3050000071525574,100000,0.0,0.0
2024-08-30 11:35:00+08:00,0.3050000071525574,0.3100000023841858,0.3050000071525574,0.3100000023841858,476800,0.0,0.0
2024-08-30 11:40:00+08:00,0.3100000023841858,0.3100000023841858,0.3050000071525574,0.3100000023841858,190000,0.0,0.0
2024-08-30 11:50:00+08:00,0.3100000023841858,0.3100000023841858,0.3100000023841858,0.3100000023841858,36300,0.0,0.0
2024-08-30 13:00:00+08:00,0.3100000023841858,0.3100000023841858,0.3100000023841858,0.3100000023841858,50000,0.0,0.0
2024-08-30 13:30:00+08:00,0.3100000023841858,0.3100000023841858,0.3100000023841858,0.3100000023841858,20000,0.0,0.0
2024-08-30 13:40:00+08:00,0.3100000023841858,0.3100000023841858,0.3100000023841858,0.3100000023841858,34200,0.0,0.0
2024-08-30 13:45:00+08:00,0.3100000023841858,0.3100000023841858,0.3100000023841858,0.3100000023841858,7500,0.0,0.0
2024-08-30 13:50:00+08:00,0.3100000023841858,0.3100000023841858,0.3100000023841858,0.3100000023841858,2500,0.0,0.0
2024-08-30 14:20:00+08:00,0.3100000023841858,0.3100000023841858,0.3050000071525574,0.3050000071525574,6000,0.0,0.0
2024-08-30 14:30:00+08:00,0.3050000071525574,0.3100000023841858,0.3050000071525574,0.3100000023841858,500,0.0,0.0
2024-08-30 14:35:00+08:00,0.3100000023841858,0.3100000023841858,0.3100000023841858,0.3100000023841858,20000,0.0,0.0
2024-08-30 14:40:00+08:00,0.3100000023841858,0.3100000023841858,0.3100000023841858,0.3100000023841858,44000,0.0,0.0
2024-08-30 15:05:00+08:00,0.3050000071525574,0.3100000023841858,0.3050000071525574,0.3100000023841858,0,0.0,0.0
2024-08-30 15:10:00+08:00,0.3100000023841858,0.3100000023841858,0.3100000023841858,0.3100000023841858,1281000,0.0,0.0
2024-08-30 15:20:00+08:00,0.3100000023841858,0.3100000023841858,0.3100000023841858,0.3100000023841858,2700,0.0,0.0
2024-08-30 15:25:00+08:00,0.3100000023841858,0.3100000023841858,0.3050000071525574,0.3050000071525574,80000,0.0,0.0
2024-08-30 15:35:00+08:00,0.3050000071525574,0.3100000023841858,0.3050000071525574,0.3100000023841858,500,0.0,0.0
2024-08-30 15:40:00+08:00,0.3100000023841858,0.3100000023841858,0.3100000023841858,0.3100000023841858,90000,0.0,0.0
2024-08-30 15:45:00+08:00,0.3100000023841858,0.3100000023841858,0.3100000023841858,0.3100000023841858,60000,0.0,0.0
2024-08-30 16:00:00+08:00,0.3100000023841858,0.3100000023841858,0.3100000023841858,0.3100000023841858,7000,0.0,0.0
2024-08-30 16:10:00+08:00,0.3100000023841858,0.3100000023841858,0.3100000023841858,0.3100000023841858,55100,0.0,0.0
2024-08-30 16:15:00+08:00,0.3100000023841858,0.3100000023841858,0.3100000023841858,0.3100000023841858,18000,0.0,0.0
2024-08-30 16:20:00+08:00,0.3100000023841858,0.3100000023841858,0.3100000023841858,0.3100000023841858,100000,0.0,0.0
2024-08-30 16:30:00+08:00,0.3100000023841858,0.3100000023841858,0.3100000023841858,0.3100000023841858,10000,0.0,0.0
2024-08-30 16:35:00+08:00,0.3100000023841858,0.3100000023841858,0.3100000023841858,0.3100000023841858,30000,0.0,0.0
2024-08-30 16:55:00+08:00,0.3100000023841858,0.3100000023841858,0.3100000023841858,0.3100000023841858,8700,0.0,0.0
2024-09-02 09:00:00+08:00,0.3100000023841858,0.3100000023841858,0.3100000023841858,0.3100000023841858,108100,0.0,0.0
2024-09-02 09:05:00+08:00,0.3100000023841858,0.3100000023841858,0.3100000023841858,0.3100000023841858,33800,0.0,0.0
2024-09-02 09:15:00+08:00,0.3100000023841858,0.3100000023841858,0.3100000023841858,0.3100000023841858,30000,0.0,0.0
2024-09-02 09:20:00+08:00,0.3100000023841858,0.3100000023841858,0.3100000023841858,0.3100000023841858,30000,0.0,0.0
2024-09-02 09:35:00+08:00,0.3100000023841858,0.3100000023841858,0.3100000023841858,0.3100000023841858,50500,0.0,0.0
2024-09-02 11:15:00+08:00,0.3100000023841858,0.3100000023841858,0.3100000023841858,0.3100000023841858,87900,0.0,0.0
2024-09-02 11:55:00+08:00,0.3100000023841858,0.3100000023841858,0.3100000023841858,0.3100000023841858,20000,0.0,0.0
2024-09-02 13:10:00+08:00,0.3100000023841858,0.3100000023841858,0.3050000071525574,0.3100000023841858,25000,0.0,0.0
2024-09-02 13:20:00+08:00,0.3100000023841858,0.3100000023841858,0.3100000023841858,0.3100000023841858,53000,0.0,0.0
2024-09-02 14:00:00+08:00,0.3100000023841858,0.3100000023841858,0.3100000023841858,0.3100000023841858,68200,0.0,0.0
2024-09-02 14:05:00+08:00,0.3100000023841858,0.3199999928474426,0.3100000023841858,0.3199999928474426,153200,0.0,0.0
2024-09-02 14:10:00+08:00,0.3199999928474426,0.3199999928474426,0.3149999976158142,0.3149999976158142,386300,0.0,0.0
2024-09-02 14:15:00+08:00,0.3149999976158142,0.3149999976158142,0.3149999976158142,0.3149999976158142,16700,0.0,0.0
2024-09-02 14:20:00+08:00,0.3149999976158142,0.3149999976158142,0.3149999976158142,0.3149999976158142,40000,0.0,0.0
2024-09-02 14:45:00+08:00,0.3149999976158142,0.3149999976158142,0.3149999976158142,0.3149999976158142,200,0.0,0.0
2024-09-02 14:50:00+08:00,0.3149999976158142,0.3149999976158142,0.3149999976158142,0.3149999976158142,19800,0.0,0.0
2024-09-02 15:05:00+08:00,0.3149999976158142,0.3149999976158142,0.3149999976158142,0.3149999976158142,96400,0.0,0.0
2024-09-02 15:10:00+08:00,0.3149999976158142,0.3149999976158142,0.3149999976158142,0.3149999976158142,2900,0.0,0.0
2024-09-02 15:20:00+08:00,0.3149999976158142,0.3149999976158142,0.3149999976158142,0.3149999976158142,50000,0.0,0.0
2024-09-02 15:25:00+08:00,0.3149999976158142,0.3199999928474426,0.3149999976158142,0.3199999928474426,34500,0.0,0.0
2024-09-02 15:30:00+08:00,0.3199999928474426,0.3199999928474426,0.3149999976158142,0.3149999976158142,2200,0.0,0.0
2024-09-02 15:40:00+08:00,0.3149999976158142,0.3149999976158142,0.3100000023841858,0.3100000023841858,100000,0.0,0.0
2024-09-02 16:00:00+08:00,0.3100000023841858,0.3100000023841858,0.3100000023841858,0.3100000023841858,10000,0.0,0.0
2024-09-02 16:05:00+08:00,0.3100000023841858,0.3149999976158142,0.3100000023841858,0.3149999976158142,350000,0.0,0.0
2024-09-02 16:20:00+08:00,0.3149999976158142,0.3149999976158142,0.3149999976158142,0.3149999976158142,100000,0.0,0.0
2024-09-02 16:40:00+08:00,0.3149999976158142,0.3149999976158142,0.3100000023841858,0.3100000023841858,20400,0.0,0.0
2024-09-02 16:55:00+08:00,0.3100000023841858,0.3100000023841858,0.3100000023841858,0.3100000023841858,122000,0.0,0.0
2024-09-03 09:00:00+08:00,0.3149999976158142,0.3149999976158142,0.3149999976158142,0.3149999976158142,94900,0.0,0.0
2024-09-03 09:05:00+08:00,0.3149999976158142,0.3149999976158142,0.3149999976158142,0.3149999976158142,15100,0.0,0.0
2024-09-03 09:20:00+08:00,0.3149999976158142,0.3149999976158142,0.3149999976158142,0.3149999976158142,10000,0.0,0.0
2024-09-03 09:25:00+08:00,0.3149999976158142,0.3149999976158142,0.3149999976158142,0.3149999976158142,47600,0.0,0.0
2024-09-03 09:35:00+08:00,0.3149999976158142,0.3149999976158142,0.3149999976158142,0.3149999976158142,8000,0.0,0.0
2024-09-03 09:40:00+08:00,0.3149999976158142,0.3199999928474426,0.3149999976158142,0.3199999928474426,740100,0.0,0.0
2024-09-03 09:45:00+08:00,0.3199999928474426,0.33000001311302185,0.3199999928474426,0.33000001311302185,957900,0.0,0.0
2024-09-03 09:50:00+08:00,0.33000001311302185,0.33000001311302185,0.33000001311302185,0.33000001311302185,25000,0.0,0.0
2024-09-03 10:05:00+08:00,0.33000001311302185,0.33000001311302185,0.33000001311302185,0.33000001311302185,4500,0.0,0.0
2024-09-03 10:10:00+08:00,0.33000001311302185,0.33500000834465027,0.33000001311302185,0.33500000834465027,120000,0.0,0.0
2024-09-03 10:15:00+08:00,0.33500000834465027,0.33500000834465027,0.33000001311302185,0.33000001311302185,40000,0.0,0.0
2024-09-03 10:20:00+08:00,0.33000001311302185,0.33000001311302185,0.33000001311302185,0.33000001311302185,50000,0.0,0.0
2024-09-03 10:25:00+08:00,0.33000001311302185,0.33000001311302185,0.33000001311302185,0.33000001311302185,20000,0.0,0.0
2024-09-03 10:30:00+08:00,0.33000001311302185,0.33000001311302185,0.33000001311302185,0.33000001311302185,13600,0.0,0.0
2024-09-03 10:35:00+08:00,0.33000001311302185,0.33500000834465027,0.32499998807907104,0.33500000834465027,99900,0.0,0.0
2024-09-03 10:50:00+08:00,0.33500000834465027,0.33500000834465027,0.32499998807907104,0.33000001311302185,16200,0.0,0.0
2024-09-03 10:55:00+08:00,0.32499998807907104,0.33000001311302185,0.32499998807907104,0.33000001311302185,500,0.0,0.0
2024-09-03 11:10:00+08:00,0.33000001311302185,0.33000001311302185,0.33000001311302185,0.33000001311302185,100,0.0,0.0
2024-09-03 11:15:00+08:00,0.33000001311302185,0.33000001311302185,0.32499998807907104,0.32499998807907104,70500,0.0,0.0
2024-09-03 11:20:00+08:00,0.32499998807907104,0.33000001311302185,0.32499998807907104,0.32499998807907104,2200,0.0,0.0
2024-09-03 11:25:00+08:00,0.32499998807907104,0.33000001311302185,0.32499998807907104,0.33000001311302185,200,0.0,0.0
2024-09-03 11:30:00+08:00,0.33000001311302185,0.33000001311302185,0.33000001311302185,0.33000001311302185,100,0.0,0.0
2024-09-03 11:40:00+08:00,0.33000001311302185,0.33000001311302185,0.33000001311302185,0.33000001311302185,100,0.0,0.0
2024-09-03 11:45:00+08:00,0.33000001311302185,0.33000001311302185,0.33000001311302185,0.33000001311302185,100,0.0,0.0
2024-09-03 11:50:00+08:00,0.33000001311302185,0.33000001311302185,0.33000001311302185,0.33000001311302185,2000,0.0,0.0
2024-09-03 11:55:00+08:00,0.33000001311302185,0.33000001311302185,0.32499998807907104,0.32499998807907104,48100,0.0,0.0
2024-09-03 12:55:00+08:00,0.33500000834465027,0.33500000834465027,0.33500000834465027,0.33500000834465027,100000,0.0,0.0
2024-09-03 13:00:00+08:00,0.33500000834465027,0.33500000834465027,0.33000001311302185,0.33000001311302185,490400,0.0,0.0
2024-09-03 13:10:00+08:00,0.33000001311302185,0.33000001311302185,0.33000001311302185,0.33000001311302185,400,0.0,0.0
2024-09-03 13:30:00+08:00,0.33000001311302185,0.33000001311302185,0.32499998807907104,0.33000001311302185,285800,0.0,0.0
2024-09-03 13:35:00+08:00,0.33000001311302185,0.33000001311302185,0.33000001311302185,0.33000001311302185,15100,0.0,0.0
2024-09-03 13:40:00+08:00,0.33000001311302185,0.33000001311302185,0.33000001311302185,0.33000001311302185,9900,0.0,0.0
2024-09-03 13:50:00+08:00,0.33000001311302185,0.33000001311302185,0.33000001311302185,0.33000001311302185,127800,0.0,0.0
2024-09-03 14:50:00+08:00,0.33000001311302185,0.33500000834465027,0.33000001311302185,0.33500000834465027,0,0.0,0.0
2024-09-03 15:25:00+08:00,0.33500000834465027,0.3400000035762787,0.33500000834465027,0.3400000035762787,3671600,0.0,0.0
2024-09-03 15:30:00+08:00,0.3400000035762787,0.3400000035762787,0.33500000834465027,0.3400000035762787,419500,0.0,0.0
2024-09-03 15:35:00+08:00,0.3400000035762787,0.3449999988079071,0.3400000035762787,0.3449999988079071,22200,0.0,0.0
2024-09-03 15:40:00+08:00,0.3449999988079071,0.3449999988079071,0.3400000035762787,0.3400000035762787,56000,0.0,0.0
2024-09-03 15:45:00+08:00,0.3400000035762787,0.3400000035762787,0.3400000035762787,0.3400000035762787,10400,0.0,0.0
2024-09-03 15:50:00+08:00,0.3400000035762787,0.3499999940395355,0.3400000035762787,0.3449999988079071,408900,0.0,0.0
2024-09-03 15:55:00+08:00,0.3449999988079071,0.3499999940395355,0.3449999988079071,0.3499999940395355,9200,0.0,0.0
2024-09-03 16:00:00+08:00,0.3499999940395355,0.3499999940395355,0.3449999988079071,0.3499999940395355,103400,0.0,0.0
2024-09-03 16:05:00+08:00,0.3499999940395355,0.3499999940395355,0.3449999988079071,0.3449999988079071,33200,0.0,0.0
2024-09-03 16:10:00+08:00,0.3449999988079071,0.35499998927116394,0.3449999988079071,0.35499998927116394,293000,0.0,0.0
2024-09-03 16:15:00+08:00,0.35499998927116394,0.35499998927116394,0.3499999940395355,0.3499999940395355,101700,0.0,0.0
2024-09-03 16:20:00+08:00,0.3499999940395355,0.35499998927116394,0.3499999940395355,0.35499998927116394,30200,0.0,0.0
2024-09-03 16:25:00+08:00,0.35499998927116394,0.35499998927116394,0.3499999940395355,0.35499998927116394,78300,0.0,0.0
2024-09-03 16:30:00+08:00,0.35499998927116394,0.35499998927116394,0.35499998927116394,0.35499998927116394,166300,0.0,0.0
2024-09-03 16:35:00+08:00,0.35499998927116394,0.35499998927116394,0.3499999940395355,0.3499999940395355,309900,0.0,0.0
2024-09-03 16:40:00+08:00,0.3499999940395355,0.35499998927116394,0.3499999940395355,0.35499998927116394,15000,0.0,0.0
2024-09-03 16:45:00+08:00,0.35499998927116394,0.35499998927116394,0.3499999940395355,0.3499999940395355,50700,0.0,0.0
2024-09-03 16:50:00+08:00,0.3499999940395355,0.35499998927116394,0.3499999940395355,0.35499998927116394,1300,0.0,0.0
2024-09-03 16:55:00+08:00,0.35499998927116394,0.35499998927116394,0.3499999940395355,0.35499998927116394,118500,0.0,0.0
2024-09-04 09:00:00+08:00,0.3449999988079071,0.3499999940395355,0.3449999988079071,0.3499999940395355,141000,0.0,0.0
2024-09-04 09:05:00+08:00,0.3499999940395355,0.35499998927116394,0.3499999940395355,0.35499998927116394,50000,0.0,0.0
2024-09-04 09:10:00+08:00,0.35499998927116394,0.36000001430511475,0.3499999940395355,0.35499998927116394,383200,0.0,0.0
2024-09-04 09:15:00+08:00,0.35499998927116394,0.36000001430511475,0.35499998927116394,0.36000001430511475,47400,0.0,0.0
2024-09-04 09:20:00+08:00,0.36000001430511475,0.36000001430511475,0.35499998927116394,0.36000001430511475,51500,0.0,0.0
2024-09-04 09:25:00+08:00,0.36000001430511475,0.36000001430511475,0.35499998927116394,0.36000001430511475,50900,0.0,0.0
2024-09-04 09:30:00+08:00,0.36000001430511475,0.36000001430511475,0.35499998927116394,0.35499998927116394,10200,0.0,0.0
2024-09-04 09:40:00+08:00,0.35499998927116394,0.35499998927116394,0.3499999940395355,0.3499999940395355,48400,0.0,0.0
2024-09-04 09:45:00+08:00,0.3499999940395355,0.3499999940395355,0.3449999988079071,0.3499999940395355,309600,0.0,0.0
2024-09-04 09:50:00+08:00,0.3499999940395355,0.3499999940395355,0.3499999940395355,0.3499999940395355,20000,0.0,0.0
2024-09-04 10:05:00+08:00,0.3499999940395355,0.35499998927116394,0.3499999940395355,0.35499998927116394,600,0.0,0.0
2024-09-04 10:10:00+08:00,0.35499998927116394,0.35499998927116394,0.3499999940395355,0.3499999940395355,200000,0.0,0.0
2024-09-04 10:15:00+08:00,0.3499999940395355,0.35499998927116394,0.3499999940395355,0.35499998927116394,1200,0.0,0.0
2024-09-04 10:30:00+08:00,0.35499998927116394,0.35499998927116394,0.35499998927116394,0.35499998927116394,5300,0.0,0.0
2024-09-04 10:40:00+08:00,0.35499998927116394,0.35499998927116394,0.35499998927116394,0.35499998927116394,1500,0.0,0.0
2024-09-04 10:45:00+08:00,0.35499998927116394,0.35499998927116394,0.35499998927116394,0.35499998927116394,10000,0.0,0.0
2024-09-04 11:05:00+08:00,0.35499998927116394,0.36000001430511475,0.35499998927116394,0.36000001430511475,202600,0.0,0.0
2024-09-04 11:20:00+08:00,0.36000001430511475,0.36500000953674316,0.36000001430511475,0.36500000953674316,95000,0.0,0.0
2024-09-04 11:25:00+08:00,0.36500000953674316,0.375,0.36500000953674316,0.375,362900,0.0,0.0
2024-09-04 11:30:00+08:00,0.375,0.375,0.3700000047683716,0.3700000047683716,198100,0.0,0.0
2024-09-04 11:35:00+08:00,0.3700000047683716,0.3700000047683716,0.36500000953674316,0.36500000953674316,10000,0.0,0.0
2024-09-04 11:45:00+08:00,0.36500000953674316,0.36500000953674316,0.36500000953674316,0.36500000953674316,40000,0.0,0.0
2024-09-04 11:50:00+08:00,0.36500000953674316,0.3700000047683716,0.36500000953674316,0.36500000953674316,25000,0.0,0.0
2024-09-04 11:55:00+08:00,0.36500000953674316,0.36500000953674316,0.36500000953674316,0.36500000953674316,7500,0.0,0.0
2024-09-04 13:00:00+08:00,0.36500000953674316,0.3700000047683716,0.36000001430511475,0.3700000047683716,51000,0.0,0.0
2024-09-04 13:10:00+08:00,0.36500000953674316,0.36500000953674316,0.36500000953674316,0.36500000953674316,0,0.0,0.0
2024-09-04 13:15:00+08:00,0.36500000953674316,0.36500000953674316,0.36000001430511475,0.36500000953674316,2455400,0.0,0.0
2024-09-04 13:30:00+08:00,0.36500000953674316,0.3700000047683716,0.36500000953674316,0.36500000953674316,41100,0.0,0.0
2024-09-04 13:50:00+08:00,0.36500000953674316,0.36500000953674316,0.36500000953674316,0.36500000953674316,11400,0.0,0.0
2024-09-04 13:55:00+08:00,0.36500000953674316,0.36500000953674316,0.36500000953674316,0.36500000953674316,600,0.0,0.0
2024-09-04 14:00:00+08:00,0.36500000953674316,0.36500000953674316,0.36000001430511475,0.36000001430511475,123400,0.0,0.0
2024-09-04 14:05:00+08:00,0.36000001430511475,0.36000001430511475,0.35499998927116394,0.35499998927116394,109300,0.0,0.0
2024-09-04 14:10:00+08:00,0.35499998927116394,0.36000001430511475,0.35499998927116394,0.36000001430511475,65900,0.0,0.0
2024-09-04 14:15:00+08:00,0.36000001430511475,0.36000001430511475,0.35499998927116394,0.36000001430511475,92700,0.0,0.0
2024-09-04 14:20:00+08:00,0.36000001430511475,0.36000001430511475,0.35499998927116394,0.36000001430511475,19000,0.0,0.0
2024-09-04 14:35:00+08:00,0.36000001430511475,0.36000001430511475,0.36000001430511475,0.36000001430511475,1500,0.0,0.0
2024-09-04 14:55:00+08:00,0.36000001430511475,0.36000001430511475,0.35499998927116394,0.35499998927116394,102800,0.0,0.0
2024-09-04 15:00:00+08:00,0.35499998927116394,0.36000001430511475,0.35499998927116394,0.36000001430511475,200,0.0,0.0
2024-09-04 15:10:00+08:00,0.36000001430511475,0.36000001430511475,0.36000001430511475,0.36000001430511475,53200,0.0,0.0
2024-09-04 15:35:00+08:00,0.36000001430511475,0.36500000953674316,0.36000001430511475,0.36500000953674316,50000,0.0,0.0
2024-09-04 15:55:00+08:00,0.36500000953674316,0.36500000953674316,0.36000001430511475,0.36000001430511475,121400,0.0,0.0
2024-09-04 16:00:00+08:00,0.36000001430511475,0.3700000047683716,0.36000001430511475,0.36500000953674316,9900,0.0,0.0
2024-09-04 16:05:00+08:00,0.36500000953674316,0.36500000953674316,0.36000001430511475,0.36500000953674316,15400,0.0,0.0
2024-09-04 16:10:00+08:00,0.36500000953674316,0.36500000953674316,0.36500000953674316,0.36500000953674316,12000,0.0,0.0
2024-09-04 16:15:00+08:00,0.36500000953674316,0.36500000953674316,0.36500000953674316,0.36500000953674316,2100,0.0,0.0
2024-09-04 16:20:00+08:00,0.36500000953674316,0.3700000047683716,0.36500000953674316,0.3700000047683716,0,0.0,0.0
2024-09-04 16:35:00+08:00,0.3700000047683716,0.3700000047683716,0.36500000953674316,0.36500000953674316,3414400,0.0,0.0
2024-09-04 16:40:00+08:00,0.36500000953674316,0.3700000047683716,0.36500000953674316,0.3700000047683716,1000,0.0,0.0
2024-09-04 16:45:00+08:00,0.3700000047683716,0.3700000047683716,0.3700000047683716,0.3700000047683716,100,0.0,0.0
2024-09-04 16:50:00+08:00,0.3700000047683716,0.3700000047683716,0.36500000953674316,0.3700000047683716,30200,0.0,0.0
2024-09-04 16:55:00+08:00,0.3700000047683716,0.3700000047683716,0.36500000953674316,0.36500000953674316,41800,0.0,0.0
2024-09-05 09:00:00+08:00,0.3799999952316284,0.38499999046325684,0.3700000047683716,0.3799999952316284,82700,0.0,0.0
2024-09-05 09:05:00+08:00,0.3799999952316284,0.3799999952316284,0.3700000047683716,0.375,197400,0.0,0.0
2024-09-05 09:10:00+08:00,0.375,0.3799999952316284,0.375,0.3799999952316284,135900,0.0,0.0
2024-09-05 09:20:00+08:00,0.3799999952316284,0.3799999952316284,0.375,0.375,203200,0.0,0.0
2024-09-05 09:25:00+08:00,0.375,0.375,0.375,0.375,1600,0.0,0.0
2024-09-05 09:30:00+08:00,0.375,0.3799999952316284,0.375,0.3799999952316284,0,0.0,0.0
2024-09-05 09:45:00+08:00,0.3799999952316284,0.3799999952316284,0.375,0.3799999952316284,741200,0.0,0.0
2024-09-05 09:50:00+08:00,0.3799999952316284,0.3799999952316284,0.375,0.375,56000,0.0,0.0
2024-09-05 09:55:00+08:00,0.375,0.375,0.375,0.375,1000,0.0,0.0
2024-09-05 10:05:00+08:00,0.375,0.3799999952316284,0.375,0.3799999952316284,13300,0.0,0.0
2024-09-05 10:10:00+08:00,0.3799999952316284,0.3799999952316284,0.375,0.3799999952316284,31500,0.0,0.0
2024-09-05 10:15:00+08:00,0.3799999952316284,0.3799999952316284,0.375,0.3799999952316284,20900,0.0,0.0
2024-09-05 10:20:00+08:00,0.3799999952316284,0.3799999952316284,0.375,0.375,15200,0.0,0.0
2024-09-05 10:25:00+08:00,0.375,0.3799999952316284,0.375,0.375,89800,0.0,0.0
2024-09-05 10:30:00+08:00,0.375,0.375,0.3700000047683716,0.375,440500,0.0,0.0
2024-09-05 10:35:00+08:00,0.375,0.375,0.3700000047683716,0.3700000047683716,24500,0.0,0.0
2024-09-05 10:40:00+08:00,0.3700000047683716,0.375,0.3700000047683716,0.375,500,0.0,0.0
2024-09-05 10:45:00+08:00,0.375,0.375,0.375,0.375,100,0.0,0.0
2024-09-05 10:55:00+08:00,0.375,0.375,0.375,0.375,500,0.0,0.0
2024-09-05 11:00:00+08:00,0.375,0.375,0.3700000047683716,0.3700000047683716,100,0.0,0.0
2024-09-05 11:05:00+08:00,0.3700000047683716,0.3700000047683716,0.3700000047683716,0.3700000047683716,200,0.0,0.0
2024-09-05 11:10:00+08:00,0.3700000047683716,0.375,0.3700000047683716,0.375,400,0.0,0.0
2024-09-05 11:25:00+08:00,0.375,0.375,0.3700000047683716,0.375,101300,0.0,0.0
2024-09-05 11:30:00+08:00,0.375,0.375,0.3700000047683716,0.3700000047683716,40600,0.0,0.0
2024-09-05 11:35:00+08:00,0.3700000047683716,0.375,0.3700000047683716,0.375,6000,0.0,0.0
2024-09-05 11:45:00+08:00,0.3700000047683716,0.3700000047683716,0.3700000047683716,0.3700000047683716,0,0.0,0.0
2024-09-05 12:55:00+08:00,0.3700000047683716,0.375,0.3700000047683716,0.375,1609300,0.0,0.0
2024-09-05 13:00:00+08:00,0.375,0.375,0.375,0.375,7600,0.0,0.0
2024-09-05 13:05:00+08:00,0.375,0.375,0.3700000047683716,0.3700000047683716,100,0.0,0.0
2024-09-05 13:10:00+08:00,0.3700000047683716,0.3700000047683716,0.36500000953674316,0.36500000953674316,273100,0.0,0.0
2024-09-05 13:15:00+08:00,0.36500000953674316,0.36500000953674316,0.36000001430511475,0.36500000953674316,45500,0.0,0.0
2024-09-05 13:20:00+08:00,0.36500000953674316,0.36500000953674316,0.36500000953674316,0.36500000953674316,10100,0.0,0.0
2024-09-05 13:25:00+08:00,0.36500000953674316,0.3700000047683716,0.36000001430511475,0.36500000953674316,25300,0.0,0.0
2024-09-05 13:30:00+08:00,0.36500000953674316,0.36500000953674316,0.36000001430511475,0.36000001430511475,200,0.0,0.0
2024-09-05 13:35:00+08:00,0.36000001430511475,0.3700000047683716,0.36000001430511475,0.3700000047683716,600,0.0,0.0
2024-09-05 13:40:00+08:00,0.3700000047683716,0.3700000047683716,0.36500000953674316,0.3700000047683716,60600,0.0,0.0
2024-09-05 13:50:00+08:00,0.3700000047683716,0.3700000047683716,0.3700000047683716,0.3700000047683716,300,0.0,0.0
2024-09-05 13:55:00+08:00,0.3700000047683716,0.3700000047683716,0.3700000047683716,0.3700000047683716,100,0.0,0.0
2024-09-05 14:10:00+08:00,0.3700000047683716,0.3700000047683716,0.3700000047683716,0.3700000047683716,21000,0.0,0.0
2024-09-05 14:20:00+08:00,0.3700000047683716,0.3700000047683716,0.36500000953674316,0.3700000047683716,10200,0.0,0.0
2024-09-05 14:25:00+08:00,0.3700000047683716,0.3700000047683716,0.3700000047683716,0.3700000047683716,400,0.0,0.0
2024-09-05 14:30:00+08:00,0.3700000047683716,0.3700000047683716,0.3700000047683716,0.3700000047683716,100,0.0,0.0
2024-09-05 15:10:00+08:00,0.3700000047683716,0.3700000047683716,0.3700000047683716,0.3700000047683716,100,0.0,0.0
2024-09-05 15:45:00+08:00,0.3700000047683716,0.3700000047683716,0.36500000953674316,0.36500000953674316,100,0.0,0.0
2024-09-05 15:50:00+08:00,0.36500000953674316,0.36500000953674316,0.36000001430511475,0.36000001430511475,130600,0.0,0.0
2024-09-05 15:55:00+08:00,0.36000001430511475,0.36500000953674316,0.36000001430511475,0.36500000953674316,38000,0.0,0.0
2024-09-05 16:00:00+08:00,0.36500000953674316,0.36500000953674316,0.36500000953674316,0.36500000953674316,50100,0.0,0.0
2024-09-05 16:05:00+08:00,0.36500000953674316,0.3700000047683716,0.36500000953674316,0.3700000047683716,58900,0.0,0.0
2024-09-05 16:10:00+08:00,0.3700000047683716,0.3700000047683716,0.3700000047683716,0.3700000047683716,200,0.0,0.0
2024-09-05 16:15:00+08:00,0.3700000047683716,0.3700000047683716,0.3700000047683716,0.3700000047683716,10000,0.0,0.0
2024-09-05 16:20:00+08:00,0.3700000047683716,0.3700000047683716,0.3700000047683716,0.3700000047683716,100,0.0,0.0
2024-09-05 16:25:00+08:00,0.3700000047683716,0.3700000047683716,0.36500000953674316,0.3700000047683716,700,0.0,0.0
2024-09-05 16:30:00+08:00,0.3700000047683716,0.3700000047683716,0.36500000953674316,0.36500000953674316,300,0.0,0.0
2024-09-05 16:40:00+08:00,0.36500000953674316,0.3700000047683716,0.36500000953674316,0.3700000047683716,10100,0.0,0.0
2024-09-05 16:55:00+08:00,0.3700000047683716,0.3700000047683716,0.3700000047683716,0.3700000047683716,30100,0.0,0.0
2024-09-06 09:00:00+08:00,0.36500000953674316,0.36500000953674316,0.36500000953674316,0.36500000953674316,5000,0.0,0.0
2024-09-06 09:10:00+08:00,0.36500000953674316,0.36500000953674316,0.36500000953674316,0.36500000953674316,91800,0.0,0.0
2024-09-06 09:20:00+08:00,0.36500000953674316,0.3700000047683716,0.36500000953674316,0.3700000047683716,48200,0.0,0.0
2024-09-06 09:25:00+08:00,0.3700000047683716,0.3700000047683716,0.36500000953674316,0.36500000953674316,5000,0.0,0.0
2024-09-06 09:40:00+08:00,0.36500000953674316,0.36500000953674316,0.36000001430511475,0.36000001430511475,61800,0.0,0.0
2024-09-06 10:05:00+08:00,0.36000001430511475,0.36000001430511475,0.36000001430511475,0.36000001430511475,132100,0.0,0.0
2024-09-06 10:10:00+08:00,0.36000001430511475,0.36000001430511475,0.35499998927116394,0.35499998927116394,20000,0.0,0.0
2024-09-06 10:20:00+08:00,0.35499998927116394,0.35499998927116394,0.35499998927116394,0.35499998927116394,500000,0.0,0.0
2024-09-06 10:25:00+08:00,0.35499998927116394,0.35499998927116394,0.35499998927116394,0.35499998927116394,75500,0.0,0.0
2024-09-06 10:30:00+08:00,0.35499998927116394,0.35499998927116394,0.35499998927116394,0.35499998927116394,5000,0.0,0.0
2024-09-06 10:35:00+08:00,0.35499998927116394,0.35499998927116394,0.35499998927116394,0.35499998927116394,10000,0.0,0.0
2024-09-06 10:40:00+08:00,0.35499998927116394,0.35499998927116394,0.35499998927116394,0.35499998927116394,30000,0.0,0.0
2024-09-06 10:45:00+08:00,0.35499998927116394,0.35499998927116394,0.35499998927116394,0.35499998927116394,10000,0.0,0.0
2024-09-06 10:55:00+08:00,0.35499998927116394,0.35499998927116394,0.3499999940395355,0.3499999940395355,10000,0.0,0.0
2024-09-06 11:15:00+08:00,0.3499999940395355,0.3499999940395355,0.3499999940395355,0.3499999940395355,22700,0.0,0.0
2024-09-06 11:20:00+08:00,0.3499999940395355,0.3499999940395355,0.3499999940395355,0.3499999940395355,55000,0.0,0.0
2024-09-06 11:25:00+08:00,0.3499999940395355,0.3499999940395355,0.3499999940395355,0.3499999940395355,518400,0.0,0.0
2024-09-06 11:30:00+08:00,0.3499999940395355,0.3499999940395355,0.3499999940395355,0.3499999940395355,58300,0.0,0.0
2024-09-06 11:35:00+08:00,0.3499999940395355,0.3499999940395355,0.3449999988079071,0.3449999988079071,91800,0.0,0.0
2024-09-06 11:40:00+08:00,0.3449999988079071,0.3449999988079071,0.3449999988079071,0.3449999988079071,95400,0.0,0.0
2024-09-06 11:45:00+08:00,0.3449999988079071,0.3449999988079071,0.3449999988079071,0.3449999988079071,10000,0.0,0.0
2024-09-06 13:00:00+08:00,0.3449999988079071,0.35499998927116394,0.3449999988079071,0.35499998927116394,25900,0.0,0.0
2024-09-06 13:10:00+08:00,0.35499998927116394,0.35499998927116394,0.35499998927116394,0.35499998927116394,50000,0.0,0.0
2024-09-06 13:15:00+08:00,0.35499998927116394,0.35499998927116394,0.35499998927116394,0.35499998927116394,117700,0.0,0.0
2024-09-06 13:20:00+08:00,0.35499998927116394,0.35499998927116394,0.35499998927116394,0.35499998927116394,15000,0.0,0.0
2024-09-06 13:35:00+08:00,0.35499998927116394,0.35499998927116394,0.35499998927116394,0.35499998927116394,7000,0.0,0.0
2024-09-06 13:40:00+08:00,0.35499998927116394,0.35499998927116394,0.35499998927116394,0.35499998927116394,1000,0.0,0.0
2024-09-06 13:55:00+08:00,0.35499998927116394,0.36000001430511475,0.35499998927116394,0.36000001430511475,2700,0.0,0.0
2024-09-06 14:05:00+08:00,0.36000001430511475,0.36500000953674316,0.36000001430511475,0.36500000953674316,131800,0.0,0.0
2024-09-06 14:15:00+08:00,0.36500000953674316,0.36500000953674316,0.36500000953674316,0.36500000953674316,102400,0.0,0.0
2024-09-06 14:20:00+08:00,0.36500000953674316,0.36500000953674316,0.36000001430511475,0.36000001430511475,14600,0.0,0.0
2024-09-06 14:25:00+08:00,0.36000001430511475,0.3700000047683716,0.36000001430511475,0.36500000953674316,28200,0.0,0.0
2024-09-06 14:30:00+08:00,0.36500000953674316,0.3700000047683716,0.36500000953674316,0.36500000953674316,10700,0.0,0.0
2024-09-06 14:35:00+08:00,0.36500000953674316,0.3700000047683716,0.36500000953674316,0.3700000047683716,300,0.0,0.0
2024-09-06 14:40:00+08:00,0.3700000047683716,0.3700000047683716,0.36500000953674316,0.36500000953674316,100,0.0,0.0
2024-09-06 14:45:00+08:00,0.36500000953674316,0.3700000047683716,0.36500000953674316,0.36500000953674316,400,0.0,0.0
2024-09-06 14:50:00+08:00,0.36500000953674316,0.3700000047683716,0.36500000953674316,0.3700000047683716,1500,0.0,0.0
2024-09-06 14:55:00+08:00,0.3700000047683716,0.3700000047683716,0.36500000953674316,0.36500000953674316,900,0.0,0.0
2024-09-06 15:00:00+08:00,0.36500000953674316,0.3700000047683716,0.36500000953674316,0.3700000047683716,300,0.0,0.0
2024-09-06 15:15:00+08:00,0.3700000047683716,0.3700000047683716,0.36500000953674316,0.3700000047683716,500,0.0,0.0
2024-09-06 15:25:00+08:00,0.3700000047683716,0.3700000047683716,0.3700000047683716,0.3700000047683716,100,0.0,0.0
2024-09-06 15:30:00+08:00,0.3700000047683716,0.3700000047683716,0.3700000047683716,0.3700000047683716,100,0.0,0.0
2024-09-06 15:40:00+08:00,0.3700000047683716,0.3700000047683716,0.36500000953674316,0.36500000953674316,103300,0.0,0.0
2024-09-06 15:50:00+08:00,0.36500000953674316,0.36500000953674316,0.36000001430511475,0.36500000953674316,45600,0.0,0.0
2024-09-06 15:55:00+08:00,0.36500000953674316,0.36500000953674316,0.36000001430511475,0.36000001430511475,7300,0.0,0.0
2024-09-06 16:00:00+08:00,0.36000001430511475,0.36500000953674316,0.36000001430511475,0.36500000953674316,12300,0.0,0.0
2024-09-06 16:05:00+08:00,0.36500000953674316,0.36500000953674316,0.36000001430511475,0.36000001430511475,63200,0.0,0.0
2024-09-06 16:10:00+08:00,0.36000001430511475,0.36500000953674316,0.36000001430511475,0.36500000953674316,2600,0.0,0.0
2024-09-06 16:15:00+08:00,0.36500000953674316,0.3700000047683716,0.36500000953674316,0.3700000047683716,300,0.0,0.0
2024-09-06 16:25:00+08:00,0.3700000047683716,0.3700000047683716,0.3700000047683716,0.3700000047683716,100,0.0,0.0
2024-09-06 16:35:00+08:00,0.3700000047683716,0.3700000047683716,0.3700000047683716,0.3700000047683716,100,0.0,0.0
2024-09-06 16:40:00+08:00,0.3700000047683716,0.3700000047683716,0.3700000047683716,0.3700000047683716,100,0.0,0.0
2024-09-06 16:50:00+08:00,0.3700000047683716,0.3700000047683716,0.36500000953674316,0.36500000953674316,40100,0.0,0.0
2024-09-06 16:55:00+08:00,0.36500000953674316,0.3700000047683716,0.36500000953674316,0.3700000047683716,16500,0.0,0.0
2024-09-09 09:00:00+08:00,0.3700000047683716,0.3700000047683716,0.36500000953674316,0.36500000953674316,4300,0.0,0.0
2024-09-09 09:05:00+08:00,0.36500000953674316,0.36500000953674316,0.36500000953674316,0.36500000953674316,3000,0.0,0.0
2024-09-09 09:10:00+08:00,0.36500000953674316,0.36500000953674316,0.36500000953674316,0.36500000953674316,1600,0.0,0.0
2024-09-09 09:15:00+08:00,0.36500000953674316,0.36500000953674316,0.36000001430511475,0.36000001430511475,6000,0.0,0.0
2024-09-09 09:20:00+08:00,0.36500000953674316,0.36500000953674316,0.36000001430511475,0.36500000953674316,101000,0.0,0.0
2024-09-09 09:25:00+08:00,0.36500000953674316,0.3700000047683716,0.36500000953674316,0.3700000047683716,60000,0.0,0.0
2024-09-09 09:40:00+08:00,0.3700000047683716,0.3700000047683716,0.36500000953674316,0.36500000953674316,56500,0.0,0.0
2024-09-09 09:50:00+08:00,0.3700000047683716,0.3700000047683716,0.36500000953674316,0.36500000953674316,100000,0.0,0.0
2024-09-09 10:50:00+08:00,0.36500000953674316,0.36500000953674316,0.36000001430511475,0.36000001430511475,6000,0.0,0.0
2024-09-09 11:00:00+08:00,0.36000001430511475,0.36000001430511475,0.36000001430511475,0.36000001430511475,40000,0.0,0.0
2024-09-09 11:30:00+08:00,0.36000001430511475,0.36500000953674316,0.36000001430511475,0.36500000953674316,30000,0.0,0.0
2024-09-09 11:35:00+08:00,0.36500000953674316,0.36500000953674316,0.36000001430511475,0.36000001430511475,40000,0.0,0.0
2024-09-09 11:40:00+08:00,0.36000001430511475,0.36000001430511475,0.36000001430511475,0.36000001430511475,2000,0.0,0.0
2024-09-09 13:25:00+08:00,0.36000001430511475,0.36000001430511475,0.35499998927116394,0.35499998927116394,122100,0.0,0.0
2024-09-09 13:30:00+08:00,0.35499998927116394,0.35499998927116394,0.35499998927116394,0.35499998927116394,30000,0.0,0.0
2024-09-09 13:35:00+08:00,0.35499998927116394,0.36000001430511475,0.35499998927116394,0.36000001430511475,120000,0.0,0.0
2024-09-09 13:40:00+08:00,0.36000001430511475,0.36000001430511475,0.35499998927116394,0.35499998927116394,22800,0.0,0.0
2024-09-09 13:45:00+08:00,0.35499998927116394,0.35499998927116394,0.35499998927116394,0.35499998927116394,18000,0.0,0.0
2024-09-09 13:50:00+08:00,0.35499998927116394,0.35499998927116394,0.35499998927116394,0.35499998927116394,23200,0.0,0.0
2024-09-09 13:55:00+08:00,0.35499998927116394,0.35499998927116394,0.35499998927116394,0.35499998927116394,54000,0.0,0.0
2024-09-09 14:00:00+08:00,0.35499998927116394,0.35499998927116394,0.35499998927116394,0.35499998927116394,0,0.0,0.0
2024-09-09 14:05:00+08:00,0.35499998927116394,0.35499998927116394,0.35499998927116394,0.35499998927116394,880500,0.0,0.0
2024-09-09 14:10:00+08:00,0.35499998927116394,0.35499998927116394,0.35499998927116394,0.35499998927116394,81000,0.0,0.0
2024-09-09 14:20:00+08:00,0.35499998927116394,0.35499998927116394,0.35499998927116394,0.35499998927116394,37300,0.0,0.0
2024-09-09 14:25:00+08:00,0.35499998927116394,0.35499998927116394,0.3499999940395355,0.3499999940395355,113000,0.0,0.0
2024-09-09 14:30:00+08:00,0.3499999940395355,0.3499999940395355,0.3499999940395355,0.3499999940395355,195900,0.0,0.0
2024-09-09 14:35:00+08:00,0.3499999940395355,0.3499999940395355,0.3499999940395355,0.3499999940395355,15000,0.0,0.0
2024-09-09 14:40:00+08:00,0.3499999940395355,0.35499998927116394,0.3499999940395355,0.35499998927116394,15000,0.0,0.0
2024-09-09 14:45:00+08:00,0.35499998927116394,0.36000001430511475,0.35499998927116394,0.36000001430511475,10000,0.0,0.0
2024-09-09 14:55:00+08:00,0.36000001430511475,0.36000001430511475,0.36000001430511475,0.36000001430511475,10000,0.0,0.0
2024-09-09 15:05:00+08:00,0.36000001430511475,0.36000001430511475,0.36000001430511475,0.36000001430511475,0,0.0,0.0
2024-09-09 15:30:00+08:00,0.36000001430511475,0.36000001430511475,0.35499998927116394,0.35499998927116394,1379700,0.0,0.0
2024-09-09 15:50:00+08:00,0.35499998927116394,0.35499998927116394,0.35499998927116394,0.35499998927116394,62000,0.0,0.0
2024-09-09 15:55:00+08:00,0.35499998927116394,0.35499998927116394,0.35499998927116394,0.35499998927116394,28000,0.0,0.0
2024-09-09 16:05:00+08:00,0.35499998927116394,0.35499998927116394,0.35499998927116394,0.35499998927116394,50500,0.0,0.0
2024-09-09 16:10:00+08:00,0.35499998927116394,0.35499998927116394,0.35499998927116394,0.35499998927116394,60000,0.0,0.0
2024-09-09 16:15:00+08:00,0.35499998927116394,0.35499998927116394,0.35499998927116394,0.35499998927116394,18100,0.0,0.0
2024-09-09 16:20:00+08:00,0.35499998927116394,0.35499998927116394,0.35499998927116394,0.35499998927116394,30000,0.0,0.0
2024-09-09 16:35:00+08:00,0.35499998927116394,0.35499998927116394,0.35499998927116394,0.35499998927116394,6000,0.0,0.0
2024-09-09 16:40:00+08:00,0.35499998927116394,0.35499998927116394,0.35499998927116394,0.35499998927116394,68000,0.0,0.0
2024-09-09 16:45:00+08:00,0.35499998927116394,0.36000001430511475,0.35499998927116394,0.36000001430511475,66300,0.0,0.0
2024-09-09 16:50:00+08:00,0.36000001430511475,0.36000001430511475,0.36000001430511475,0.36000001430511475,10000,0.0,0.0
2024-09-09 16:55:00+08:00,0.36000001430511475,0.36000001430511475,0.36000001430511475,0.36000001430511475,210000,0.0,0.0
2024-09-10 09:00:00+08:00,0.36500000953674316,0.36500000953674316,0.36000001430511475,0.36000001430511475,9500,0.0,0.0
2024-09-10 09:10:00+08:00,0.36000001430511475,0.36000001430511475,0.36000001430511475,0.36000001430511475,100800,0.0,0.0
2024-09-10 09:15:00+08:00,0.36000001430511475,0.36500000953674316,0.36000001430511475,0.36000001430511475,86100,0.0,0.0
2024-09-10 09:20:00+08:00,0.36000001430511475,0.36000001430511475,0.36000001430511475,0.36000001430511475,125900,0.0,0.0
2024-09-10 09:45:00+08:00,0.36000001430511475,0.36000001430511475,0.36000001430511475,0.36000001430511475,10000,0.0,0.0
2024-09-10 10:15:00+08:00,0.36000001430511475,0.36000001430511475,0.35499998927116394,0.35499998927116394,10000,0.0,0.0
2024-09-10 10:25:00+08:00,0.35499998927116394,0.35499998927116394,0.3499999940395355,0.3499999940395355,428800,0.0,0.0
2024-09-10 10:30:00+08:00,0.3499999940395355,0.35499998927116394,0.3499999940395355,0.35499998927116394,10000,0.0,0.0
2024-09-10 10:40:00+08:00,0.3499999940395355,0.35499998927116394,0.3499999940395355,0.3499999940395355,130000,0.0,0.0
2024-09-10 10:45:00+08:00,0.3499999940395355,0.3499999940395355,0.3499999940395355,0.3499999940395355,40000,0.0,0.0
2024-09-10 13:05:00+08:00,0.3499999940395355,0.3499999940395355,0.3449999988079071,0.3449999988079071,195700,0.0,0.0
2024-09-10 13:15:00+08:00,0.3449999988079071,0.3499999940395355,0.3449999988079071,0.3499999940395355,130000,0.0,0.0
2024-09-10 13:25:00+08:00,0.3499999940395355,0.3499999940395355,0.3499999940395355,0.3499999940395355,34000,0.0,0.0
2024-09-10 13:50:00+08:00,0.3499999940395355,0.3499999940395355,0.3499999940395355,0.3499999940395355,20000,0.0,0.0
2024-09-10 13:55:00+08:00,0.3499999940395355,0.3499999940395355,0.3499999940395355,0.3499999940395355,20000,0.0,0.0
2024-09-10 14:15:00+08:00,0.3499999940395355,0.35499998927116394,0.3499999940395355,0.35499998927116394,10500,0.0,0.0
2024-09-10 14:25:00+08:00,0.35499998927116394,0.35499998927116394,0.3499999940395355,0.3499999940395355,64000,0.0,0.0
2024-09-10 14:45:00+08:00,0.3499999940395355,0.3499999940395355,0.3499999940395355,0.3499999940395355,30000,0.0,0.0
2024-09-10 14:55:00+08:00,0.3499999940395355,0.35499998927116394,0.3499999940395355,0.35499998927116394,96500,0.0,0.0
2024-09-10 15:00:00+08:00,0.35499998927116394,0.35499998927116394,0.3499999940395355,0.3499999940395355,1000,0.0,0.0
2024-09-10 15:20:00+08:00,0.3499999940395355,0.3499999940395355,0.3499999940395355,0.3499999940395355,100000,0.0,0.0
2024-09-10 15:25:00+08:00,0.3499999940395355,0.3499999940395355,0.3499999940395355,0.3499999940395355,102000,0.0,0.0
2024-09-10 15:30:00+08:00,0.3499999940395355,0.3499999940395355,0.3499999940395355,0.3499999940395355,90000,0.0,0.0
2024-09-10 15:35:00+08:00,0.3499999940395355,0.3499999940395355,0.3499999940395355,0.3499999940395355,10000,0.0,0.0
2024-09-10 15:45:00+08:00,0.3499999940395355,0.3499999940395355,0.3499999940395355,0.3499999940395355,5000,0.0,0.0
2024-09-10 16:20:00+08:00,0.3499999940395355,0.3499999940395355,0.3449999988079071,0.3499999940395355,79100,0.0,0.0
2024-09-10 16:25:00+08:00,0.3499999940395355,0.3499999940395355,0.3499999940395355,0.3499999940395355,60000,0.0,0.0
2024-09-10 16:30:00+08:00,0.3499999940395355,0.3499999940395355,0.3449999988079071,0.3449999988079071,1100,0.0,0.0
2024-09-10 16:45:00+08:00,0.3449999988079071,0.3499999940395355,0.3449999988079071,0.3499999940395355,7000,0.0,0.0
2024-09-10 16:50:00+08:00,0.3499999940395355,0.35499998927116394,0.3499999940395355,0.35499998927116394,4100,0.0,0.0
2024-09-10 16:55:00+08:00,0.35499998927116394,0.35499998927116394,0.35499998927116394,0.35499998927116394,19100,0.0,0.0
2024-09-11 09:00:00+08:00,0.3400000035762787,0.3400000035762787,0.33500000834465027,0.33500000834465027,34000,0.0,0.0
2024-09-11 09:05:00+08:00,0.33500000834465027,0.3400000035762787,0.33500000834465027,0.3400000035762787,4000,0.0,0.0
2024-09-11 09:10:00+08:00,0.3400000035762787,0.3400000035762787,0.3400000035762787,0.3400000035762787,36100,0.0,0.0
2024-09-11 09:15:00+08:00,0.3400000035762787,0.3400000035762787,0.3400000035762787,0.3400000035762787,11000,0.0,0.0
2024-09-11 09:20:00+08:00,0.3400000035762787,0.3400000035762787,0.3400000035762787,0.3400000035762787,9000,0.0,0.0
2024-09-11 09:30:00+08:00,0.3400000035762787,0.3400000035762787,0.3400000035762787,0.3400000035762787,20000,0.0,0.0
2024-09-11 09:45:00+08:00,0.3400000035762787,0.3400000035762787,0.3400000035762787,0.3400000035762787,80000,0.0,0.0
2024-09-11 09:50:00+08:00,0.3400000035762787,0.3400000035762787,0.3400000035762787,0.3400000035762787,10000,0.0,0.0
2024-09-11 09:55:00+08:00,0.3400000035762787,0.3400000035762787,0.33500000834465027,0.33500000834465027,900,0.0,0.0
2024-09-11 10:55:00+08:00,0.33500000834465027,0.3400000035762787,0.33500000834465027,0.3400000035762787,1400,0.0,0.0
2024-09-11 11:25:00+08:00,0.3400000035762787,0.3400000035762787,0.3400000035762787,0.3400000035762787,6700,0.0,0.0
2024-09-11 11:30:00+08:00,0.3400000035762787,0.3400000035762787,0.33500000834465027,0.33500000834465027,0,0.0,0.0
2024-09-11 11:45:00+08:00,0.33500000834465027,0.33500000834465027,0.33500000834465027,0.33500000834465027,429500,0.0,0.0
2024-09-11 11:55:00+08:00,0.33500000834465027,0.33500000834465027,0.33500000834465027,0.33500000834465027,50000,0.0,0.0
2024-09-11 12:55:00+08:00,0.33500000834465027,0.33500000834465027,0.33500000834465027,0.33500000834465027,40000,0.0,0.0
2024-09-11 13:00:00+08:00,0.33500000834465027,0.33500000834465027,0.33500000834465027,0.33500000834465027,7600,0.0,0.0
2024-09-11 13:05:00+08:00,0.33500000834465027,0.3400000035762787,0.33500000834465027,0.3400000035762787,100400,0.0,0.0
2024-09-11 13:10:00+08:00,0.3400000035762787,0.3400000035762787,0.33500000834465027,0.33500000834465027,5800,0.0,0.0
2024-09-11 13:20:00+08:00,0.33500000834465027,0.3400000035762787,0.33500000834465027,0.3400000035762787,1500,0.0,0.0
2024-09-11 13:25:00+08:00,0.3400000035762787,0.3400000035762787,0.33500000834465027,0.33500000834465027,5000,0.0,0.0
2024-09-11 13:35:00+08:00,0.33500000834465027,0.33500000834465027,0.33500000834465027,0.33500000834465027,400,0.0,0.0
2024-09-11 13:40:00+08:00,0.33500000834465027,0.3400000035762787,0.33500000834465027,0.3400000035762787,51500,0.0,0.0
2024-09-11 14:10:00+08:00,0.3400000035762787,0.3400000035762787,0.3400000035762787,0.3400000035762787,72400,0.0,0.0
2024-09-11 14:40:00+08:00,0.3400000035762787,0.3449999988079071,0.3400000035762787,0.3449999988079071,400,0.0,0.0
2024-09-11 15:20:00+08:00,0.3449999988079071,0.3449999988079071,0.3449999988079071,0.3449999988079071,600,0.0,0.0
2024-09-11 15:30:00+08:00,0.3449999988079071,0.3449999988079071,0.33500000834465027,0.33500000834465027,6200,0.0,0.0
2024-09-11 15:50:00+08:00,0.3400000035762787,0.3400000035762787,0.33500000834465027,0.33500000834465027,500000,0.0,0.0
2024-09-11 16:05:00+08:00,0.33500000834465027,0.33500000834465027,0.33500000834465027,0.33500000834465027,59500,0.0,0.0
2024-09-11 16:10:00+08:00,0.33500000834465027,0.3400000035762787,0.33500000834465027,0.3400000035762787,168500,0.0,0.0
2024-09-11 16:25:00+08:00,0.3400000035762787,0.3400000035762787,0.3400000035762787,0.3400000035762787,10000,0.0,0.0
2024-09-11 16:35:00+08:00,0.3400000035762787,0.3400000035762787,0.3400000035762787,0.3400000035762787,1000,0.0,0.0
2024-09-11 16:40:00+08:00,0.3400000035762787,0.3400000035762787,0.3400000035762787,0.3400000035762787,7000,0.0,0.0
2024-09-11 16:50:00+08:00,0.3400000035762787,0.3400000035762787,0.3400000035762787,0.3400000035762787,48000,0.0,0.0
2024-09-12 09:00:00+08:00,0.35499998927116394,0.35499998927116394,0.3449999988079071,0.3499999940395355,237600,0.0,0.0
2024-09-12 09:05:00+08:00,0.3499999940395355,0.3499999940395355,0.3499999940395355,0.3499999940395355,18300,0.0,0.0
2024-09-12 09:20:00+08:00,0.3499999940395355,0.3499999940395355,0.3499999940395355,0.3499999940395355,1700,0.0,0.0
2024-09-12 09:30:00+08:00,0.3499999940395355,0.3499999940395355,0.3499999940395355,0.3499999940395355,500,0.0,0.0
2024-09-12 09:35:00+08:00,0.3499999940395355,0.3499999940395355,0.3499999940395355,0.3499999940395355,29200,0.0,0.0
2024-09-12 09:40:00+08:00,0.3499999940395355,0.3499999940395355,0.3499999940395355,0.3499999940395355,400,0.0,0.0
2024-09-12 09:45:00+08:00,0.3499999940395355,0.3499999940395355,0.3499999940395355,0.3499999940395355,3100,0.0,0.0
2024-09-12 09:50:00+08:00,0.3499999940395355,0.35499998927116394,0.3499999940395355,0.35499998927116394,164800,0.0,0.0
2024-09-12 09:55:00+08:00,0.35499998927116394,0.36000001430511475,0.35499998927116394,0.36000001430511475,13700,0.0,0.0
2024-09-12 10:00:00+08:00,0.36000001430511475,0.36000001430511475,0.36000001430511475,0.36000001430511475,1100,0.0,0.0
2024-09-12 10:05:00+08:00,0.36000001430511475,0.36000001430511475,0.36000001430511475,0.36000001430511475,7000,0.0,0.0
2024-09-12 10:10:00+08:00,0.36000001430511475,0.36000001430511475,0.36000001430511475,0.36000001430511475,400,0.0,0.0
2024-09-12 10:15:00+08:00,0.36000001430511475,0.36000001430511475,0.36000001430511475,0.36000001430511475,2100,0.0,0.0
2024-09-12 10:30:00+08:00,0.36000001430511475,0.36000001430511475,0.35499998927116394,0.35499998927116394,12700,0.0,0.0
2024-09-12 10:35:00+08:00,0.35499998927116394,0.36000001430511475,0.35499998927116394,0.36000001430511475,1000,0.0,0.0
2024-09-12 10:40:00+08:00,0.36000001430511475,0.36000001430511475,0.36000001430511475,0.36000001430511475,4000,0.0,0.0
2024-09-12 10:45:00+08:00,0.36000001430511475,0.36500000953674316,0.36000001430511475,0.36000001430511475,109400,0.0,0.0
2024-09-12 10:50:00+08:00,0.36000001430511475,0.36500000953674316,0.36000001430511475,0.36500000953674316,45100,0.0,0.0
2024-09-12 10:55:00+08:00,0.36500000953674316,0.3700000047683716,0.36500000953674316,0.3700000047683716,140100,0.0,0.0
2024-09-12 11:00:00+08:00,0.3700000047683716,0.3700000047683716,0.3700000047683716,0.3700000047683716,7700,0.0,0.0
2024-09-12 11:05:00+08:00,0.3700000047683716,0.3700000047683716,0.36500000953674316,0.36500000953674316,104000,0.0,0.0
2024-09-12 11:10:00+08:00,0.36500000953674316,0.3700000047683716,0.36500000953674316,0.3700000047683716,1800,0.0,0.0
2024-09-12 11:15:00+08:00,0.3700000047683716,0.3700000047683716,0.36500000953674316,0.36500000953674316,18400,0.0,0.0
2024-09-12 11:20:00+08:00,0.36500000953674316,0.36500000953674316,0.36500000953674316,0.36500000953674316,32500,0.0,0.0
2024-09-12 11:25:00+08:00,0.36500000953674316,0.36500000953674316,0.36500000953674316,0.36500000953674316,33500,0.0,0.0
2024-09-12 11:40:00+08:00,0.36500000953674316,0.36500000953674316,0.36500000953674316,0.36500000953674316,6500,0.0,0.0
2024-09-12 11:45:00+08:00,0.36500000953674316,0.36500000953674316,0.36500000953674316,0.36500000953674316,5500,0.0,0.0
2024-09-12 11:50:00+08:00,0.36500000953674316,0.3700000047683716,0.36500000953674316,0.3700000047683716,0,0.0,0.0
2024-09-12 11:55:00+08:00,0.3700000047683716,0.3700000047683716,0.3700000047683716,0.3700000047683716,1184500,0.0,0.0
2024-09-12 12:55:00+08:00,0.36500000953674316,0.36500000953674316,0.36500000953674316,0.36500000953674316,8700,0.0,0.0
2024-09-12 13:05:00+08:00,0.36500000953674316,0.36500000953674316,0.36500000953674316,0.36500000953674316,50000,0.0,0.0
2024-09-12 13:10:00+08:00,0.36500000953674316,0.36500000953674316,0.36500000953674316,0.36500000953674316,20000,0.0,0.0
2024-09-12 13:15:00+08:00,0.36500000953674316,0.3700000047683716,0.36500000953674316,0.3700000047683716,10000,0.0,0.0
2024-09-12 13:20:00+08:00,0.3700000047683716,0.3700000047683716,0.3700000047683716,0.3700000047683716,60000,0.0,0.0
2024-09-12 13:30:00+08:00,0.3700000047683716,0.3700000047683716,0.3700000047683716,0.3700000047683716,102100,0.0,0.0
2024-09-12 13:35:00+08:00,0.3700000047683716,0.3700000047683716,0.3700000047683716,0.3700000047683716,50000,0.0,0.0
2024-09-12 13:40:00+08:00,0.3700000047683716,0.3700000047683716,0.3700000047683716,0.3700000047683716,50000,0.0,0.0
2024-09-12 13:50:00+08:00,0.3700000047683716,0.3700000047683716,0.3700000047683716,0.3700000047683716,103500,0.0,0.0
2024-09-12 13:55:00+08:00,0.3700000047683716,0.3700000047683716,0.3700000047683716,0.3700000047683716,56100,0.0,0.0
2024-09-12 14:00:00+08:00,0.3700000047683716,0.375,0.3700000047683716,0.375,50000,0.0,0.0
2024-09-12 14:05:00+08:00,0.375,0.375,0.375,0.375,100,0.0,0.0
2024-09-12 14:20:00+08:00,0.375,0.375,0.375,0.375,222700,0.0,0.0
2024-09-12 14:25:00+08:00,0.375,0.375,0.3700000047683716,0.375,20800,0.0,0.0
2024-09-12 14:35:00+08:00,0.375,0.375,0.375,0.375,4000,0.0,0.0
2024-09-12 14:40:00+08:00,0.375,0.375,0.375,0.375,100,0.0,0.0
2024-09-12 14:45:00+08:00,0.375,0.375,0.375,0.375,100,0.0,0.0
2024-09-12 14:55:00+08:00,0.375,0.375,0.375,0.375,100,0.0,0.0
2024-09-12 15:10:00+08:00,0.375,0.375,0.36500000953674316,0.375,119300,0.0,0.0
2024-09-12 15:15:00+08:00,0.375,0.375,0.3700000047683716,0.3700000047683716,100,0.0,0.0
2024-09-12 15:25:00+08:00,0.3700000047683716,0.3700000047683716,0.36500000953674316,0.3700000047683716,30000,0.0,0.0
2024-09-12 15:30:00+08:00,0.3700000047683716,0.375,0.3700000047683716,0.3700000047683716,51800,0.0,0.0
2024-09-12 15:40:00+08:00,0.3700000047683716,0.3700000047683716,0.3700000047683716,0.3700000047683716,10000,0.0,0.0
2024-09-12 15:45:00+08:00,0.3700000047683716,0.3700000047683716,0.3700000047683716,0.3700000047683716,30000,0.0,0.0
2024-09-12 16:00:00+08:00,0.3700000047683716,0.3700000047683716,0.3700000047683716,0.3700000047683716,25000,0.0,0.0
2024-09-12 16:10:00+08:00,0.3700000047683716,0.375,0.3700000047683716,0.375,125000,0.0,0.0
2024-09-12 16:20:00+08:00,0.375,0.375,0.3700000047683716,0.3700000047683716,700,0.0,0.0
2024-09-12 16:25:00+08:00,0.3700000047683716,0.3700000047683716,0.3700000047683716,0.3700000047683716,22900,0.0,0.0
2024-09-12 16:30:00+08:00,0.3700000047683716,0.375,0.3700000047683716,0.3700000047683716,83100,0.0,0.0
2024-09-12 16:35:00+08:00,0.3700000047683716,0.3700000047683716,0.3700000047683716,0.3700000047683716,200000,0.0,0.0
2024-09-12 16:45:00+08:00,0.3700000047683716,0.3700000047683716,0.3700000047683716,0.3700000047683716,50000,0.0,0.0
2024-09-12 16:50:00+08:00,0.3700000047683716,0.3700000047683716,0.3700000047683716,0.3700000047683716,20000,0.0,0.0
2024-09-12 16:55:00+08:00,0.3700000047683716,0.375,0.3700000047683716,0.375,7000,0.0,0.0
2024-09-13 09:00:00+08:00,0.3700000047683716,0.3799999952316284,0.3700000047683716,0.375,0,0.0,0.0
2024-09-13 09:10:00+08:00,0.375,0.3799999952316284,0.375,0.3799999952316284,1700,0.0,0.0
2024-09-13 09:15:00+08:00,0.3799999952316284,0.3799999952316284,0.3799999952316284,0.3799999952316284,150500,0.0,0.0
2024-09-13 09:20:00+08:00,0.3799999952316284,0.3799999952316284,0.375,0.375,131800,0.0,0.0
2024-09-13 09:25:00+08:00,0.375,0.3799999952316284,0.375,0.375,63200,0.0,0.0
2024-09-13 09:35:00+08:00,0.375,0.375,0.3700000047683716,0.3700000047683716,49100,0.0,0.0
2024-09-13 09:40:00+08:00,0.3700000047683716,0.3700000047683716,0.3700000047683716,0.3700000047683716,20000,0.0,0.0
2024-09-13 09:55:00+08:00,0.3700000047683716,0.375,0.3700000047683716,0.375,12000,0.0,0.0
2024-09-13 10:05:00+08:00,0.375,0.375,0.375,0.375,7500,0.0,0.0
2024-09-13 10:10:00+08:00,0.375,0.375,0.3700000047683716,0.3700000047683716,20000,0.0,0.0
2024-09-13 10:25:00+08:00,0.3700000047683716,0.3700000047683716,0.3700000047683716,0.3700000047683716,6700,0.0,0.0
2024-09-13 10:35:00+08:00,0.3700000047683716,0.3700000047683716,0.3700000047683716,0.3700000047683716,4500,0.0,0.0
2024-09-13 10:40:00+08:00,0.3700000047683716,0.3700000047683716,0.3700000047683716,0.3700000047683716,143800,0.0,0.0
2024-09-13 11:05:00+08:00,0.3700000047683716,0.3700000047683716,0.36500000953674316,0.36500000953674316,400,0.0,0.0
2024-09-13 13:45:00+08:00,0.36500000953674316,0.36500000953674316,0.35499998927116394,0.35499998927116394,352000,0.0,0.0
2024-09-13 14:00:00+08:00,0.35499998927116394,0.35499998927116394,0.35499998927116394,0.35499998927116394,80000,0.0,0.0
2024-09-13 14:05:00+08:00,0.35499998927116394,0.36000001430511475,0.3499999940395355,0.3499999940395355,80000,0.0,0.0
2024-09-13 14:25:00+08:00,0.35499998927116394,0.35499998927116394,0.3499999940395355,0.35499998927116394,151900,0.0,0.0
2024-09-13 14:35:00+08:00,0.35499998927116394,0.35499998927116394,0.35499998927116394,0.35499998927116394,400,0.0,0.0
2024-09-13 14:45:00+08:00,0.35499998927116394,0.35499998927116394,0.35499998927116394,0.35499998927116394,93000,0.0,0.0
2024-09-13 15:00:00+08:00,0.35499998927116394,0.36000001430511475,0.35499998927116394,0.36000001430511475,7000,0.0,0.0
2024-09-13 15:10:00+08:00,0.36000001430511475,0.36500000953674316,0.36000001430511475,0.36500000953674316,10400,0.0,0.0
2024-09-13 15:15:00+08:00,0.36500000953674316,0.36500000953674316,0.36000001430511475,0.36000001430511475,10000,0.0,0.0
2024-09-13 15:25:00+08:00,0.36000001430511475,0.36000001430511475,0.36000001430511475,0.36000001430511475,130200,0.0,0.0
2024-09-13 15:35:00+08:00,0.36000001430511475,0.36000001430511475,0.36000001430511475,0.36000001430511475,40000,0.0,0.0
2024-09-13 15:45:00+08:00,0.36000001430511475,0.36000001430511475,0.35499998927116394,0.35499998927116394,20000,0.0,0.0
2024-09-13 15:50:00+08:00,0.35499998927116394,0.36000001430511475,0.35499998927116394,0.36000001430511475,4000,0.0,0.0
2024-09-13 15:55:00+08:00,0.36000001430511475,0.36000001430511475,0.36000001430511475,0.36000001430511475,20000,0.0,0.0
2024-09-13 16:10:00+08:00,0.36000001430511475,0.36000001430511475,0.35499998927116394,0.35499998927116394,10000,0.0,0.0
2024-09-13 16:30:00+08:00,0.35499998927116394,0.36000001430511475,0.35499998927116394,0.36000001430511475,52000,0.0,0.0
2024-09-13 16:35:00+08:00,0.36000001430511475,0.36000001430511475,0.36000001430511475,0.36000001430511475,10000,0.0,0.0
2024-09-13 16:55:00+08:00,0.36000001430511475,0.36000001430511475,0.36000001430511475,0.36000001430511475,30000,0.0,0.0
