Datetime,Open,High,Low,Close,Volume,Dividends,Stock Splits
2022-06-23 09:30:00-04:00,134.55999755859375,136.02000427246094,134.38999938964844,134.6300048828125,51672,0.0,0.0
2022-06-23 10:30:00-04:00,134.74000549316406,135.0399932861328,133.4550018310547,133.58999633789062,27179,0.0,0.0
2022-06-23 11:30:00-04:00,133.19000244140625,133.19000244140625,131.73500061035156,131.73500061035156,14882,0.0,0.0
2022-06-23 12:30:00-04:00,131.5,131.51170349121094,130.91000366210938,131.22999572753906,12001,0.0,0.0
2022-06-23 13:30:00-04:00,131.10000610351562,131.15499877929688,130.67999267578125,131.15499877929688,11638,0.0,0.0
2022-06-23 14:30:00-04:00,131.22999572753906,131.73500061035156,131.1699981689453,131.73500061035156,15614,0.0,0.0
2022-06-23 15:30:00-04:00,131.75999450683594,132.0998992919922,131.55099487304688,131.82000732421875,45506,0.0,0.0
2022-06-24 09:30:00-04:00,133.0,136.39999389648438,132.91690063476562,135.8800048828125,35911,0.0,0.0
2022-06-24 10:30:00-04:00,135.8800048828125,137.14999389648438,135.77000427246094,137.08999633789062,22997,0.0,0.0
2022-06-24 11:30:00-04:00,137.2458953857422,137.5399932861328,136.66000366210938,136.68499755859375,31906,0.0,0.0
2022-06-24 12:30:00-04:00,136.6999969482422,137.5399932861328,136.61000061035156,137.19500732421875,28368,0.0,0.0
2022-06-24 13:30:00-04:00,137.19000244140625,137.67999267578125,137.0449981689453,137.32000732421875,21515,0.0,0.0
2022-06-24 14:30:00-04:00,137.30999755859375,137.66000366210938,137.10000610351562,137.47999572753906,23611,0.0,0.0
2022-06-24 15:30:00-04:00,137.52499389648438,138.0399932861328,137.3000030517578,137.52999877929688,122268,0.0,0.0
2022-06-27 09:30:00-04:00,137.85000610351562,137.85000610351562,136.05999755859375,136.8800048828125,26598,0.0,0.0
2022-06-27 10:30:00-04:00,137.0500030517578,137.625,136.6649932861328,137.38999938964844,18001,0.0,0.0
2022-06-27 11:30:00-04:00,137.25,137.5800018310547,136.86000061035156,137.18499755859375,32762,0.0,0.0
2022-06-27 12:30:00-04:00,137.22000122070312,138.16000366210938,137.2100067138672,137.4499969482422,16208,0.0,0.0
2022-06-27 13:30:00-04:00,137.36000061035156,137.8249969482422,137.05999755859375,137.4149932861328,16076,0.0,0.0
2022-06-27 14:30:00-04:00,137.50999450683594,137.72999572753906,137.27999877929688,137.55999755859375,23648,0.0,0.0
2022-06-27 15:30:00-04:00,137.52000427246094,137.5399932861328,137.00999450683594,137.52999877929688,63238,0.0,0.0
2022-06-28 09:30:00-04:00,138.19000244140625,140.60000610351562,138.19000244140625,139.97999572753906,24233,0.0,0.0
2022-06-28 10:30:00-04:00,139.9199981689453,140.0,139.16000366210938,139.16000366210938,14540,0.0,0.0
2022-06-28 11:30:00-04:00,139.14999389648438,139.6699981689453,139.0500030517578,139.64500427246094,13298,0.0,0.0
2022-06-28 12:30:00-04:00,139.40499877929688,139.52999877929688,138.6199951171875,138.85000610351562,16437,0.0,0.0
2022-06-28 13:30:00-04:00,138.9199981689453,139.1199951171875,138.14999389648438,138.24000549316406,19762,0.0,0.0
2022-06-28 14:30:00-04:00,138.25,138.47300720214844,137.82000732421875,138.32000732421875,21202,0.0,0.0
2022-06-28 15:30:00-04:00,138.16000366210938,138.4550018310547,137.58999633789062,137.58999633789062,94064,0.0,0.0
2022-06-29 09:30:00-04:00,137.7899932861328,138.32000732421875,136.65499877929688,137.1999969482422,24598,0.0,0.0
2022-06-29 10:30:00-04:00,137.2550048828125,137.47000122070312,136.38499450683594,136.4600067138672,21838,0.0,0.0
2022-06-29 11:30:00-04:00,136.38999938964844,136.6999969482422,135.77000427246094,135.92999267578125,24676,0.0,0.0
2022-06-29 12:30:00-04:00,135.85000610351562,136.5800018310547,135.85000610351562,136.5399932861328,22401,0.0,0.0
2022-06-29 13:30:00-04:00,136.52000427246094,137.55999755859375,136.25,137.07000732421875,24454,0.0,0.0
2022-06-29 14:30:00-04:00,137.16000366210938,137.16000366210938,136.2100067138672,136.47999572753906,26424,0.0,0.0
2022-06-29 15:30:00-04:00,136.50999450683594,136.50999450683594,135.5850067138672,135.99000549316406,80173,0.0,0.0
2022-06-30 09:30:00-04:00,134.5399932861328,135.9199981689453,134.0050048828125,135.63999938964844,26477,0.0,0.0
2022-06-30 10:30:00-04:00,135.8000030517578,136.375,135.4499969482422,136.19000244140625,45494,0.0,0.0
2022-06-30 11:30:00-04:00,136.13499450683594,137.3101043701172,136.13499450683594,137.3101043701172,15079,0.0,0.0
2022-06-30 12:30:00-04:00,137.5500030517578,138.25999450683594,137.5500030517578,138.05999755859375,27612,0.0,0.0
2022-06-30 13:30:00-04:00,138.02000427246094,138.57000732421875,137.98500061035156,138.2949981689453,18277,0.0,0.0
2022-06-30 14:30:00-04:00,138.17999267578125,138.27999877929688,137.0399932861328,137.55999755859375,15250,0.0,0.0
2022-06-30 15:30:00-04:00,137.67999267578125,139.00999450683594,137.58999633789062,138.80999755859375,117448,0.0,0.0
2022-07-01 09:30:00-04:00,139.11000061035156,141.22999572753906,138.47000122070312,139.30999755859375,89682,0.0,0.0
2022-07-01 10:30:00-04:00,139.3000030517578,140.9600067138672,139.19000244140625,140.47000122070312,29959,0.0,0.0
2022-07-01 11:30:00-04:00,140.52999877929688,140.5399932861328,139.60000610351562,140.33999633789062,37458,0.0,0.0
2022-07-01 12:30:00-04:00,140.36000061035156,140.41000366210938,139.82000732421875,140.30999755859375,10584,0.0,0.0
2022-07-01 13:30:00-04:00,140.69000244140625,141.8699951171875,140.5500030517578,141.64999389648438,26662,0.0,0.0
2022-07-01 14:30:00-04:00,141.57000732421875,142.72999572753906,141.57000732421875,142.6699981689453,33961,0.0,0.0
2022-07-01 15:30:00-04:00,142.74000549316406,143.31500244140625,142.42999267578125,142.61000061035156,77908,0.0,0.0
2022-07-05 09:30:00-04:00,140.3000030517578,140.63499450683594,135.82000732421875,135.92999267578125,65346,0.0,0.0
2022-07-05 10:30:00-04:00,135.90499877929688,136.2899932861328,134.72000122070312,136.17999267578125,59889,0.0,0.0
2022-07-05 11:30:00-04:00,136.22999572753906,136.97999572753906,135.89999389648438,136.7100067138672,33750,0.0,0.0
2022-07-05 12:30:00-04:00,136.61000061035156,136.70289611816406,136.05499267578125,136.27000427246094,37342,0.0,0.0
2022-07-05 13:30:00-04:00,136.17999267578125,137.3800048828125,136.1199951171875,137.3800048828125,29745,0.0,0.0
2022-07-05 14:30:00-04:00,137.39999389648438,138.25999450683594,137.33999633789062,138.17999267578125,34483,0.0,0.0
2022-07-05 15:30:00-04:00,138.05999755859375,138.66000366210938,137.85000610351562,138.57000732421875,86730,0.0,0.0
2022-07-06 09:30:00-04:00,137.99000549316406,139.2050018310547,137.07000732421875,138.2899932861328,25448,0.0,0.0
2022-07-06 10:30:00-04:00,138.27999877929688,138.36000061035156,136.56500244140625,137.07000732421875,20729,0.0,0.0
2022-07-06 11:30:00-04:00,137.26499938964844,137.6999969482422,136.97850036621094,137.5050048828125,16465,0.0,0.0
2022-07-06 12:30:00-04:00,137.47999572753906,138.64999389648438,137.47999572753906,138.44000244140625,20347,0.0,0.0
2022-07-06 13:30:00-04:00,138.39500427246094,139.05999755859375,138.1999969482422,138.94000244140625,19374,0.0,0.0
2022-07-06 14:30:00-04:00,139.32000732421875,140.1199951171875,139.25999450683594,139.97999572753906,34225,0.0,0.0
2022-07-06 15:30:00-04:00,139.9499969482422,140.25,139.2050018310547,139.44000244140625,49351,0.0,0.0
2022-07-07 09:30:00-04:00,140.32000732421875,141.40660095214844,140.17999267578125,140.6199951171875,25166,0.0,0.0
2022-07-07 10:30:00-04:00,140.97999572753906,141.35000610351562,140.5,140.84890747070312,20487,0.0,0.0
2022-07-07 11:30:00-04:00,140.72000122070312,141.0,140.52999877929688,140.8000030517578,12064,0.0,0.0
2022-07-07 12:30:00-04:00,140.66000366210938,140.76499938964844,140.0,140.0,16162,0.0,0.0
2022-07-07 13:30:00-04:00,140.00999450683594,140.2899932861328,139.75,139.7899932861328,14854,0.0,0.0
2022-07-07 14:30:00-04:00,139.77999877929688,139.92999267578125,138.94500732421875,139.00790405273438,50595,0.0,0.0
2022-07-07 15:30:00-04:00,138.99000549316406,139.22000122070312,138.33999633789062,138.39999389648438,80731,0.0,0.0
2022-07-08 09:30:00-04:00,139.30999755859375,139.9698944091797,138.0,138.91000366210938,34840,0.0,0.0
2022-07-08 10:30:00-04:00,139.02000427246094,139.17999267578125,138.42999267578125,138.80499267578125,25356,0.0,0.0
2022-07-08 11:30:00-04:00,138.77000427246094,138.8800048828125,138.2949981689453,138.3000030517578,27669,0.0,0.0
2022-07-08 12:30:00-04:00,138.25999450683594,138.25999450683594,137.97000122070312,138.08999633789062,10968,0.0,0.0
2022-07-08 13:30:00-04:00,138.1300048828125,138.66859436035156,138.07000732421875,138.61500549316406,19493,0.0,0.0
2022-07-08 14:30:00-04:00,138.66000366210938,138.7899932861328,138.19000244140625,138.19000244140625,26834,0.0,0.0
2022-07-08 15:30:00-04:00,138.19000244140625,138.3699951171875,137.83999633789062,137.8800048828125,73670,0.0,0.0
2022-07-11 09:30:00-04:00,137.02000427246094,139.8199005126953,137.00999450683594,138.72000122070312,22769,0.0,0.0
2022-07-11 10:30:00-04:00,138.52999877929688,138.74000549316406,137.89999389648438,138.22000122070312,15779,0.0,0.0
2022-07-11 11:30:00-04:00,138.3000030517578,138.3000030517578,137.57000732421875,137.72000122070312,13593,0.0,0.0
2022-07-11 12:30:00-04:00,137.8300018310547,138.4683074951172,137.8300018310547,138.25,12742,0.0,0.0
2022-07-11 13:30:00-04:00,138.3699951171875,138.38999938964844,137.77000427246094,137.82879638671875,14480,0.0,0.0
2022-07-11 14:30:00-04:00,137.8699951171875,138.3300018310547,137.6802978515625,137.7899932861328,17902,0.0,0.0
2022-07-11 15:30:00-04:00,137.8300018310547,138.1300048828125,137.6999969482422,137.8800048828125,30430,0.0,0.0
2022-07-12 09:30:00-04:00,137.22000122070312,139.8699951171875,137.22000122070312,139.8300018310547,30922,0.0,0.0
2022-07-12 10:30:00-04:00,139.6999969482422,140.2449951171875,139.4600067138672,140.00999450683594,37678,0.0,0.0
2022-07-12 11:30:00-04:00,140.16000366210938,140.16000366210938,139.75999450683594,139.97999572753906,19015,0.0,0.0
2022-07-12 12:30:00-04:00,140.0,140.39999389648438,139.99000549316406,140.17999267578125,25820,0.0,0.0
2022-07-12 13:30:00-04:00,140.2324981689453,140.3000030517578,139.67999267578125,139.6999969482422,24706,0.0,0.0
2022-07-12 14:30:00-04:00,139.72999572753906,139.79989624023438,138.75,138.75,54977,0.0,0.0
2022-07-12 15:30:00-04:00,138.67999267578125,139.0449981689453,137.85000610351562,137.9499969482422,93662,0.0,0.0
2022-07-13 09:30:00-04:00,137.38999938964844,138.47000122070312,136.30499267578125,136.60499572753906,47325,0.0,0.0
2022-07-13 10:30:00-04:00,136.97000122070312,137.72000122070312,136.47500610351562,137.26499938964844,29456,0.0,0.0
2022-07-13 11:30:00-04:00,137.25,137.39999389648438,136.8699951171875,137.25999450683594,18864,0.0,0.0
2022-07-13 12:30:00-04:00,137.47000122070312,137.97000122070312,137.4600067138672,137.63250732421875,27501,0.0,0.0
2022-07-13 13:30:00-04:00,137.6649932861328,138.08999633789062,136.4199981689453,137.3800048828125,40495,0.0,0.0
2022-07-13 14:30:00-04:00,137.42999267578125,137.7899932861328,136.7899932861328,137.5399932861328,46179,0.0,0.0
2022-07-13 15:30:00-04:00,137.5500030517578,137.72000122070312,137.0399932861328,137.1199951171875,73494,0.0,0.0
2022-07-14 09:30:00-04:00,133.7899932861328,134.42999267578125,131.75999450683594,132.32000732421875,67678,0.0,0.0
2022-07-14 10:30:00-04:00,132.3300018310547,132.52999877929688,131.57000732421875,131.85000610351562,23150,0.0,0.0
2022-07-14 11:30:00-04:00,131.82000732421875,133.1999969482422,131.82000732421875,132.48500061035156,38026,0.0,0.0
2022-07-14 12:30:00-04:00,132.49000549316406,132.55999755859375,131.16000366210938,131.6199951171875,45713,0.0,0.0
2022-07-14 13:30:00-04:00,131.60499572753906,133.17999267578125,131.4149932861328,133.0800018310547,25105,0.0,0.0
2022-07-14 14:30:00-04:00,133.0399932861328,133.2899932861328,132.8227996826172,133.06500244140625,26455,0.0,0.0
2022-07-14 15:30:00-04:00,133.0399932861328,133.0399932861328,132.25999450683594,132.44000244140625,48843,0.0,0.0
2022-07-15 09:30:00-04:00,133.22000122070312,134.0,132.02000427246094,134.0,27913,0.0,0.0
2022-07-15 10:30:00-04:00,133.9499969482422,134.50999450683594,133.2899932861328,134.46499633789062,30298,0.0,0.0
2022-07-15 11:30:00-04:00,134.36000061035156,134.66000366210938,133.86000061035156,133.86000061035156,11263,0.0,0.0
2022-07-15 12:30:00-04:00,133.9600067138672,134.16000366210938,133.72999572753906,133.86000061035156,11977,0.0,0.0
2022-07-15 13:30:00-04:00,133.69000244140625,133.75,133.1300048828125,133.1300048828125,13982,0.0,0.0
2022-07-15 14:30:00-04:00,133.19500732421875,133.44000244140625,133.0,133.24000549316406,24631,0.0,0.0
2022-07-15 15:30:00-04:00,133.24000549316406,133.4199981689453,132.72999572753906,132.92999267578125,71103,0.0,0.0
2022-07-18 09:30:00-04:00,134.00999450683594,134.70919799804688,132.83999633789062,134.0050048828125,26869,0.0,0.0
2022-07-18 10:30:00-04:00,134.1199951171875,134.1699981689453,133.47250366210938,133.7949981689453,30100,0.0,0.0
2022-07-18 11:30:00-04:00,133.6999969482422,133.72999572753906,132.8699951171875,133.00999450683594,25632,0.0,0.0
2022-07-18 12:30:00-04:00,133.00999450683594,133.1699981689453,132.69500732421875,132.92999267578125,21583,0.0,0.0
2022-07-18 13:30:00-04:00,132.92999267578125,133.24000549316406,132.06500244140625,132.06500244140625,18503,0.0,0.0
2022-07-18 14:30:00-04:00,131.97999572753906,132.02999877929688,131.30999755859375,131.30999755859375,39326,0.0,0.0
2022-07-18 15:30:00-04:00,131.1999969482422,131.2100067138672,130.10000610351562,130.32000732421875,98010,0.0,0.0
2022-07-19 09:30:00-04:00,131.88999938964844,133.6199951171875,131.88999938964844,133.17999267578125,50265,0.0,0.0
2022-07-19 10:30:00-04:00,133.25,133.25,132.60000610351562,132.94000244140625,26259,0.0,0.0
2022-07-19 11:30:00-04:00,132.99000549316406,133.14999389648438,132.5,132.9499969482422,17653,0.0,0.0
2022-07-19 12:30:00-04:00,133.0,133.3267059326172,132.88999938964844,133.2949981689453,27615,0.0,0.0
2022-07-19 13:30:00-04:00,133.24000549316406,134.0,133.19000244140625,133.66000366210938,23834,0.0,0.0
2022-07-19 14:30:00-04:00,133.69900512695312,134.15499877929688,133.61000061035156,134.0749969482422,32792,0.0,0.0
2022-07-19 15:30:00-04:00,134.11500549316406,134.7050018310547,133.9600067138672,134.11000061035156,75217,0.0,0.0
2022-07-20 09:30:00-04:00,133.80999755859375,133.80999755859375,132.48500061035156,132.5,23628,0.0,0.0
2022-07-20 10:30:00-04:00,132.625,133.72999572753906,132.625,133.1199951171875,15137,0.0,0.0
2022-07-20 11:30:00-04:00,133.16000366210938,133.39999389648438,132.92999267578125,133.00999450683594,20654,0.0,0.0
2022-07-20 12:30:00-04:00,132.9600067138672,133.0399932861328,132.42999267578125,132.57000732421875,15181,0.0,0.0
2022-07-20 13:30:00-04:00,132.77499389648438,132.86000061035156,132.22000122070312,132.86000061035156,15254,0.0,0.0
2022-07-20 14:30:00-04:00,132.77999877929688,132.97999572753906,132.64999389648438,132.97999572753906,20280,0.0,0.0
2022-07-20 15:30:00-04:00,132.9550018310547,133.00999450683594,132.6300048828125,132.8800048828125,47812,0.0,0.0
2022-07-21 09:30:00-04:00,133.07000732421875,133.13999938964844,131.0500030517578,131.14500427246094,22206,0.0,0.0
2022-07-21 10:30:00-04:00,131.24000549316406,131.9499969482422,131.24000549316406,131.88999938964844,16972,0.0,0.0
2022-07-21 11:30:00-04:00,131.9600067138672,132.8289031982422,131.92999267578125,132.8289031982422,22039,0.0,0.0
2022-07-21 12:30:00-04:00,133.0,133.17999267578125,132.8000030517578,133.17999267578125,12282,0.0,0.0
2022-07-21 13:30:00-04:00,133.14999389648438,133.14999389648438,132.8000030517578,133.00999450683594,19540,0.0,0.0
2022-07-21 14:30:00-04:00,133.08120727539062,133.3000030517578,132.8300018310547,133.0850067138672,26321,0.0,0.0
2022-07-21 15:30:00-04:00,133.08999633789062,134.08999633789062,133.08999633789062,134.07000732421875,87645,0.0,0.0
2022-07-22 09:30:00-04:00,134.14999389648438,134.52000427246094,132.98500061035156,133.6699981689453,27966,0.0,0.0
2022-07-22 10:30:00-04:00,133.81500244140625,134.02499389648438,133.4199981689453,133.58999633789062,72292,0.0,0.0
2022-07-22 11:30:00-04:00,133.58999633789062,133.64500427246094,132.89999389648438,133.47000122070312,32484,0.0,0.0
2022-07-22 12:30:00-04:00,133.6199951171875,133.88499450683594,132.52000427246094,132.52000427246094,14460,0.0,0.0
2022-07-22 13:30:00-04:00,132.52999877929688,132.52999877929688,131.6699981689453,131.96499633789062,20836,0.0,0.0
2022-07-22 14:30:00-04:00,131.8800048828125,132.10000610351562,131.69000244140625,131.80999755859375,30793,0.0,0.0
2022-07-22 15:30:00-04:00,131.76499938964844,131.97000122070312,131.34500122070312,131.91000366210938,101755,0.0,0.0
2022-07-25 09:30:00-04:00,132.97999572753906,135.4499969482422,131.85000610351562,135.0500030517578,36851,0.0,0.0
2022-07-25 10:30:00-04:00,135.0050048828125,135.1378936767578,134.07000732421875,134.22999572753906,26429,0.0,0.0
2022-07-25 11:30:00-04:00,134.1999969482422,134.74000549316406,133.8209991455078,133.91940307617188,18060,0.0,0.0
2022-07-25 12:30:00-04:00,133.97000122070312,134.19000244140625,133.375,133.43499755859375,20849,0.0,0.0
2022-07-25 13:30:00-04:00,133.43499755859375,133.60000610351562,133.07000732421875,133.2100067138672,19857,0.0,0.0
2022-07-25 14:30:00-04:00,133.14999389648438,133.36000061035156,132.99000549316406,133.1199951171875,35368,0.0,0.0
2022-07-25 15:30:00-04:00,133.16000366210938,133.5399932861328,133.01499938964844,133.11000061035156,131993,0.0,0.0
2022-07-26 09:30:00-04:00,133.83999633789062,134.6199951171875,133.4199981689453,134.35000610351562,25966,0.0,0.0
2022-07-26 10:30:00-04:00,134.60000610351562,134.8300018310547,134.0500030517578,134.13999938964844,19160,0.0,0.0
2022-07-26 11:30:00-04:00,134.02999877929688,134.1300048828125,133.47000122070312,133.6999969482422,19000,0.0,0.0
2022-07-26 12:30:00-04:00,133.5800018310547,133.97000122070312,133.3300018310547,133.67999267578125,21672,0.0,0.0
2022-07-26 13:30:00-04:00,133.66000366210938,133.75,133.3300018310547,133.3300018310547,26557,0.0,0.0
2022-07-26 14:30:00-04:00,133.37489318847656,133.77000427246094,133.25999450683594,133.6999969482422,34607,0.0,0.0
2022-07-26 15:30:00-04:00,133.69000244140625,134.27000427246094,133.69000244140625,134.11000061035156,77086,0.0,0.0
2022-07-27 09:30:00-04:00,133.99000549316406,134.86000061035156,132.88999938964844,133.4949951171875,22920,0.0,0.0
2022-07-27 10:30:00-04:00,133.48500061035156,133.73500061035156,132.73500061035156,132.7899932861328,19796,0.0,0.0
2022-07-27 11:30:00-04:00,133.00999450683594,133.0800018310547,132.44000244140625,132.49000549316406,26587,0.0,0.0
2022-07-27 12:30:00-04:00,132.44000244140625,132.66000366210938,132.00999450683594,132.22500610351562,21755,0.0,0.0
2022-07-27 13:30:00-04:00,132.22000122070312,132.82000732421875,132.02999877929688,132.1699981689453,37752,0.0,0.0
2022-07-27 14:30:00-04:00,132.11000061035156,133.49000549316406,131.99000549316406,133.41000366210938,56493,0.0,0.0
2022-07-27 15:30:00-04:00,133.39999389648438,133.5,132.55999755859375,132.64999389648438,133301,0.0,0.0
2022-07-28 09:30:00-04:00,132.91000366210938,133.5500030517578,128.69000244140625,129.1699981689453,57692,0.0,0.0
2022-07-28 10:30:00-04:00,129.1750030517578,130.33999633789062,128.97999572753906,130.22999572753906,55721,0.0,0.0
2022-07-28 11:30:00-04:00,130.1999969482422,130.5,129.66000366210938,129.91000366210938,53044,0.0,0.0
2022-07-28 12:30:00-04:00,129.92999267578125,130.69000244140625,129.72000122070312,130.6699981689453,44393,0.0,0.0
2022-07-28 13:30:00-04:00,130.7100067138672,131.1999969482422,130.5800018310547,131.1999969482422,36112,0.0,0.0
2022-07-28 14:30:00-04:00,131.13499450683594,131.27499389648438,130.75999450683594,131.08999633789062,42596,0.0,0.0
2022-07-28 15:30:00-04:00,131.09500122070312,131.61000061035156,130.9550018310547,131.3000030517578,119534,0.0,0.0
2022-07-29 09:30:00-04:00,131.61000061035156,132.8300018310547,131.16000366210938,132.4499969482422,30041,0.0,0.0
2022-07-29 10:30:00-04:00,132.36000061035156,132.9499969482422,132.19000244140625,132.24000549316406,34829,0.0,0.0
2022-07-29 11:30:00-04:00,132.30999755859375,133.02999877929688,132.24000549316406,132.47999572753906,27074,0.0,0.0
2022-07-29 12:30:00-04:00,132.49000549316406,132.83999633789062,131.9600067138672,132.01499938964844,33637,0.0,0.0
2022-07-29 13:30:00-04:00,132.05999755859375,133.02999877929688,132.0050048828125,132.83999633789062,36455,0.0,0.0
2022-07-29 14:30:00-04:00,132.84500122070312,134.1699981689453,132.84500122070312,134.11500549316406,48855,0.0,0.0
2022-07-29 15:30:00-04:00,134.05999755859375,134.14500427246094,133.3209991455078,133.77999877929688,102798,0.0,0.0
2022-08-01 09:30:00-04:00,132.61000061035156,132.9199981689453,130.52999877929688,130.7100067138672,35336,0.0,0.0
2022-08-01 10:30:00-04:00,130.5749969482422,131.6199951171875,130.3800048828125,131.41000366210938,30156,0.0,0.0
2022-08-01 11:30:00-04:00,131.3800048828125,131.4600067138672,130.77999877929688,131.14999389648438,40400,0.0,0.0
2022-08-01 12:30:00-04:00,131.1199951171875,131.5,130.57699584960938,130.64999389648438,51612,0.0,0.0
2022-08-01 13:30:00-04:00,130.52000427246094,130.74000549316406,130.26499938964844,130.5399932861328,37873,0.0,0.0
2022-08-01 14:30:00-04:00,130.5500030517578,131.67999267578125,130.4149932861328,131.10000610351562,97762,0.0,0.0
2022-08-01 15:30:00-04:00,131.08999633789062,131.57000732421875,130.82000732421875,131.02999877929688,67721,0.0,0.0
2022-08-02 09:30:00-04:00,131.6199951171875,132.1999969482422,130.24000549316406,131.17999267578125,21032,0.0,0.0
2022-08-02 10:30:00-04:00,131.22999572753906,131.97999572753906,130.97000122070312,131.97999572753906,24221,0.0,0.0
2022-08-02 11:30:00-04:00,131.91000366210938,131.91000366210938,131.4199981689453,131.69000244140625,15983,0.0,0.0
2022-08-02 12:30:00-04:00,131.8000030517578,132.11000061035156,131.24200439453125,131.3300018310547,16268,0.0,0.0
2022-08-02 13:30:00-04:00,131.18499755859375,131.63999938964844,130.80999755859375,131.63999938964844,24158,0.0,0.0
2022-08-02 14:30:00-04:00,131.72999572753906,131.77000427246094,130.74000549316406,131.0850067138672,42324,0.0,0.0
2022-08-02 15:30:00-04:00,131.08999633789062,131.14999389648438,130.0500030517578,130.22999572753906,80892,0.0,0.0
2022-08-03 09:30:00-04:00,130.3300018310547,130.5,128.4499969482422,128.6199951171875,46098,0.0,0.0
2022-08-03 10:30:00-04:00,128.6199951171875,128.77499389648438,127.98500061035156,128.56500244140625,75494,0.0,0.0
2022-08-03 11:30:00-04:00,128.5449981689453,129.19749450683594,128.36000061035156,128.72000122070312,32608,0.0,0.0
2022-08-03 12:30:00-04:00,128.7550048828125,129.34750366210938,128.7550048828125,129.0749969482422,36619,0.0,0.0
2022-08-03 13:30:00-04:00,129.0800018310547,129.35000610351562,128.9250030517578,129.25,57358,0.0,0.0
2022-08-03 14:30:00-04:00,129.22000122070312,129.26499938964844,128.52999877929688,129.26499938964844,57477,0.0,0.0
2022-08-03 15:30:00-04:00,129.26499938964844,129.27999877929688,128.57000732421875,129.00999450683594,166695,0.0,0.0
2022-08-04 09:30:00-04:00,130.2899932861328,130.72999572753906,126.79000091552734,129.77999877929688,70506,0.0,0.0
2022-08-04 10:30:00-04:00,129.88999938964844,130.47000122070312,128.86000061035156,129.44500732421875,52840,0.0,0.0
2022-08-04 11:30:00-04:00,129.47000122070312,129.80999755859375,128.55999755859375,128.55999755859375,46019,0.0,0.0
2022-08-04 12:30:00-04:00,128.57000732421875,128.9600067138672,127.66999816894531,127.94000244140625,33033,0.0,0.0
2022-08-04 13:30:00-04:00,127.86000061035156,128.1300048828125,127.62000274658203,128.08999633789062,60552,0.0,0.0
2022-08-04 14:30:00-04:00,128.0800018310547,128.0800018310547,126.86000061035156,126.95999908447266,62486,0.0,0.0
2022-08-04 15:30:00-04:00,126.8499984741211,126.94000244140625,125.69999694824219,125.7699966430664,193566,0.0,0.0
2022-08-05 09:30:00-04:00,126.0,127.0,124.75,126.48999786376953,55174,0.0,0.0
2022-08-05 10:30:00-04:00,126.69000244140625,127.44999694824219,126.4000015258789,127.12000274658203,31642,0.0,0.0
2022-08-05 11:30:00-04:00,127.01000213623047,127.13500213623047,126.6500015258789,126.91699981689453,29030,0.0,0.0
2022-08-05 12:30:00-04:00,126.91699981689453,127.58499908447266,126.91699981689453,127.23999786376953,31605,0.0,0.0
2022-08-05 13:30:00-04:00,127.33999633789062,127.48529815673828,126.91000366210938,126.98999786376953,23872,0.0,0.0
2022-08-05 14:30:00-04:00,126.94999694824219,127.58000183105469,126.88999938964844,127.5199966430664,30687,0.0,0.0
2022-08-05 15:30:00-04:00,127.48999786376953,128.1199951171875,127.38999938964844,128.05999755859375,110842,0.0,0.0
2022-08-08 09:30:00-04:00,128.3000030517578,129.2989959716797,128.2100067138672,128.9600067138672,26987,0.0,0.0
2022-08-08 10:30:00-04:00,128.91000366210938,129.61500549316406,128.8300018310547,129.61500549316406,20715,0.0,0.0
2022-08-08 11:30:00-04:00,129.57000732421875,129.57000732421875,128.35000610351562,128.4600067138672,22738,0.0,0.0
2022-08-08 12:30:00-04:00,128.41000366210938,128.92269897460938,128.41000366210938,128.80999755859375,13080,0.0,0.0
2022-08-08 13:30:00-04:00,128.75999450683594,128.77499389648438,128.1199951171875,128.1199951171875,21074,0.0,0.0
2022-08-08 14:30:00-04:00,128.1300048828125,128.1300048828125,127.81999969482422,128.0,34234,0.0,0.0
2022-08-08 15:30:00-04:00,127.9800033569336,128.0850067138672,127.58999633789062,127.69999694824219,76453,0.0,0.0
2022-08-09 09:30:00-04:00,128.36000061035156,128.99000549316406,127.36000061035156,128.16000366210938,48671,0.0,0.0
2022-08-09 10:30:00-04:00,128.0399932861328,128.25,126.86000061035156,127.1500015258789,46064,0.0,0.0
2022-08-09 11:30:00-04:00,127.06999969482422,127.2699966430664,126.86000061035156,127.0,40325,0.0,0.0
2022-08-09 12:30:00-04:00,127.05000305175781,127.30999755859375,126.80999755859375,127.23999786376953,28732,0.0,0.0
2022-08-09 13:30:00-04:00,127.23999786376953,127.56999969482422,126.83999633789062,126.86000061035156,30430,0.0,0.0
2022-08-09 14:30:00-04:00,126.8499984741211,127.30999755859375,126.66000366210938,127.23999786376953,37949,0.0,0.0
2022-08-09 15:30:00-04:00,127.25499725341797,127.80000305175781,127.18000030517578,127.75,62751,0.0,0.0
2022-08-10 09:30:00-04:00,128.2899932861328,130.1649932861328,128.2899932861328,129.39999389648438,40784,0.0,0.0
2022-08-10 10:30:00-04:00,129.3000030517578,129.9199981689453,129.23500061035156,129.75999450683594,26159,0.0,0.0
2022-08-10 11:30:00-04:00,129.8300018310547,130.27999877929688,129.6300048828125,130.2550048828125,27107,0.0,0.0
2022-08-10 12:30:00-04:00,130.3699951171875,130.52000427246094,130.05499267578125,130.25999450683594,28840,0.0,0.0
2022-08-10 13:30:00-04:00,130.24000549316406,130.3699951171875,129.9149932861328,130.1199951171875,19356,0.0,0.0
2022-08-10 14:30:00-04:00,130.16000366210938,130.20230102539062,129.6300048828125,129.7100067138672,35497,0.0,0.0
2022-08-10 15:30:00-04:00,129.64999389648438,129.88499450683594,129.52000427246094,129.60000610351562,88812,0.0,0.0
2022-08-11 09:30:00-04:00,130.60000610351562,131.35000610351562,130.32000732421875,131.11000061035156,20334,0.0,0.0
2022-08-11 10:30:00-04:00,131.1999969482422,132.0,131.1199951171875,131.88999938964844,26219,0.0,0.0
2022-08-11 11:30:00-04:00,131.80999755859375,132.30499267578125,131.5,132.1199951171875,17734,0.0,0.0
2022-08-11 12:30:00-04:00,132.25999450683594,132.64999389648438,132.08999633789062,132.5500030517578,20612,0.0,0.0
2022-08-11 13:30:00-04:00,132.5850067138672,132.85000610351562,132.35000610351562,132.69000244140625,31790,0.0,0.0
2022-08-11 14:30:00-04:00,132.61000061035156,132.63499450683594,132.19000244140625,132.25,29693,0.0,0.0
2022-08-11 15:30:00-04:00,132.3000030517578,132.94000244140625,132.25999450683594,132.80999755859375,95503,0.0,0.0
2022-08-12 09:30:00-04:00,133.14999389648438,134.00999450683594,133.14999389648438,133.6999969482422,32245,0.0,0.0
2022-08-12 10:30:00-04:00,133.77499389648438,134.1699981689453,133.74000549316406,134.0,15438,0.0,0.0
2022-08-12 11:30:00-04:00,133.99000549316406,134.61000061035156,133.89999389648438,134.4499969482422,18490,0.0,0.0
2022-08-12 12:30:00-04:00,134.3800048828125,134.5399932861328,134.3000030517578,134.3300018310547,13150,0.0,0.0
2022-08-12 13:30:00-04:00,134.3300018310547,134.52000427246094,134.22999572753906,134.47999572753906,16642,0.0,0.0
2022-08-12 14:30:00-04:00,134.49000549316406,134.91000366210938,134.49000549316406,134.77000427246094,23958,0.0,0.0
2022-08-12 15:30:00-04:00,134.72000122070312,134.8699951171875,134.5500030517578,134.75999450683594,44836,0.0,0.0
2022-08-15 09:30:00-04:00,133.69000244140625,133.85000610351562,133.30999755859375,133.3350067138672,18128,0.0,0.0
2022-08-15 10:30:00-04:00,133.47500610351562,133.5500030517578,132.8300018310547,132.92999267578125,33788,0.0,0.0
2022-08-15 11:30:00-04:00,132.97439575195312,134.21499633789062,132.82000732421875,134.17999267578125,25694,0.0,0.0
2022-08-15 12:30:00-04:00,134.22999572753906,134.35000610351562,133.9499969482422,134.0050048828125,12222,0.0,0.0
2022-08-15 13:30:00-04:00,133.93499755859375,133.99000549316406,133.7819061279297,133.99000549316406,13001,0.0,0.0
2022-08-15 14:30:00-04:00,134.00999450683594,134.22999572753906,133.88499450683594,134.11000061035156,20009,0.0,0.0
2022-08-15 15:30:00-04:00,134.1300048828125,134.24000549316406,133.8000030517578,133.91000366210938,50513,0.0,0.0
2022-08-16 09:30:00-04:00,133.50999450683594,135.34500122070312,133.50999450683594,135.11000061035156,21008,0.0,0.0
2022-08-16 10:30:00-04:00,135.00999450683594,135.56500244140625,134.91000366210938,135.34500122070312,22818,0.0,0.0
2022-08-16 11:30:00-04:00,135.4149932861328,135.82000732421875,135.30999755859375,135.74000549316406,15022,0.0,0.0
2022-08-16 12:30:00-04:00,135.80999755859375,135.82000732421875,135.38499450683594,135.56500244140625,16621,0.0,0.0
2022-08-16 13:30:00-04:00,135.5800018310547,135.60000610351562,135.25,135.25,15757,0.0,0.0
2022-08-16 14:30:00-04:00,135.16000366210938,135.18499755859375,134.52999877929688,134.8350067138672,25640,0.0,0.0
2022-08-16 15:30:00-04:00,134.83999633789062,135.17999267578125,134.7899932861328,135.0500030517578,47934,0.0,0.0
2022-08-17 09:30:00-04:00,134.2899932861328,135.08999633789062,134.27999877929688,134.80999755859375,16757,0.0,0.0
2022-08-17 10:30:00-04:00,135.0399932861328,135.27999877929688,134.52999877929688,135.11000061035156,16933,0.0,0.0
2022-08-17 11:30:00-04:00,135.38999938964844,135.38999938964844,134.7100067138672,135.0,26100,0.0,0.0
2022-08-17 12:30:00-04:00,135.0399932861328,135.49000549316406,135.02999877929688,135.49000549316406,19205,0.0,0.0
2022-08-17 13:30:00-04:00,135.6300048828125,135.97000122070312,135.30999755859375,135.97000122070312,20453,0.0,0.0
2022-08-17 14:30:00-04:00,135.9250030517578,136.10000610351562,135.5,135.9499969482422,23199,0.0,0.0
2022-08-17 15:30:00-04:00,136.05999755859375,136.38999938964844,135.9499969482422,136.3699951171875,78838,0.0,0.0
2022-08-18 09:30:00-04:00,137.08999633789062,137.97000122070312,136.6300048828125,137.97000122070312,22918,0.0,0.0
2022-08-18 10:30:00-04:00,137.77999877929688,137.77999877929688,136.80999755859375,137.0,19817,0.0,0.0
2022-08-18 11:30:00-04:00,137.0800018310547,138.10000610351562,137.0800018310547,137.75,35380,0.0,0.0
2022-08-18 12:30:00-04:00,137.8000030517578,138.0500030517578,137.701904296875,137.97999572753906,27165,0.0,0.0
2022-08-18 13:30:00-04:00,137.97999572753906,138.1999969482422,137.49000549316406,137.5399932861328,40010,0.0,0.0
2022-08-18 14:30:00-04:00,137.49000549316406,138.1999969482422,137.3300018310547,138.09500122070312,61134,0.0,0.0
2022-08-18 15:30:00-04:00,138.05999755859375,138.05999755859375,137.4199981689453,137.60000610351562,52918,0.0,0.0
2022-08-19 09:30:00-04:00,136.2100067138672,136.6750030517578,135.22000122070312,135.61000061035156,25520,0.0,0.0
2022-08-19 10:30:00-04:00,135.56500244140625,135.83999633789062,135.24000549316406,135.25,28234,0.0,0.0
2022-08-19 11:30:00-04:00,135.30999755859375,135.47000122070312,135.0800018310547,135.39999389648438,13937,0.0,0.0
2022-08-19 12:30:00-04:00,135.44000244140625,135.75999450683594,135.42999267578125,135.55999755859375,13218,0.0,0.0
2022-08-19 13:30:00-04:00,135.57000732421875,135.61000061035156,135.33999633789062,135.52999877929688,14785,0.0,0.0
2022-08-19 14:30:00-04:00,135.52999877929688,135.6999969482422,134.9149932861328,135.10000610351562,25935,0.0,0.0
2022-08-19 15:30:00-04:00,135.0399932861328,135.6699981689453,134.83999633789062,135.08999633789062,78494,0.0,0.0
2022-08-22 09:30:00-04:00,133.52000427246094,133.52000427246094,132.25,132.27999877929688,19958,0.0,0.0
2022-08-22 10:30:00-04:00,132.32000732421875,133.07000732421875,132.3000030517578,132.50999450683594,26084,0.0,0.0
2022-08-22 11:30:00-04:00,132.49000549316406,132.63999938964844,131.94000244140625,132.0749969482422,17799,0.0,0.0
2022-08-22 12:30:00-04:00,132.00999450683594,132.05999755859375,131.3300018310547,131.3300018310547,18623,0.0,0.0
2022-08-22 13:30:00-04:00,131.27000427246094,131.85000610351562,130.9600067138672,131.03939819335938,33086,0.0,0.0
2022-08-22 14:30:00-04:00,131.0500030517578,131.2449951171875,130.74620056152344,130.74620056152344,20896,0.0,0.0
2022-08-22 15:30:00-04:00,130.74169921875,131.3000030517578,130.7100067138672,130.91000366210938,57844,0.0,0.0
2022-08-23 09:30:00-04:00,131.2100067138672,131.88999938964844,130.74000549316406,130.77000427246094,29432,0.0,0.0
2022-08-23 10:30:00-04:00,130.83999633789062,131.16000366210938,130.3699951171875,130.5399932861328,19946,0.0,0.0
2022-08-23 11:30:00-04:00,130.5399932861328,130.75999450683594,130.27000427246094,130.4199981689453,19799,0.0,0.0
2022-08-23 12:30:00-04:00,130.4600067138672,130.52999877929688,130.32000732421875,130.5,12628,0.0,0.0
2022-08-23 13:30:00-04:00,130.48500061035156,130.55999755859375,129.91000366210938,130.27000427246094,15637,0.0,0.0
2022-08-23 14:30:00-04:00,130.25,131.07000732421875,130.25,131.07000732421875,24118,0.0,0.0
2022-08-23 15:30:00-04:00,131.05999755859375,131.38999938964844,131.02000427246094,131.16000366210938,67610,0.0,0.0
2022-08-24 09:30:00-04:00,130.97999572753906,131.07000732421875,130.24000549316406,130.72999572753906,14085,0.0,0.0
2022-08-24 10:30:00-04:00,130.72000122070312,131.07000732421875,130.6199951171875,130.89999389648438,21929,0.0,0.0
2022-08-24 11:30:00-04:00,131.00999450683594,131.25,130.8000030517578,130.85000610351562,12882,0.0,0.0
2022-08-24 12:30:00-04:00,130.91000366210938,130.91000366210938,129.6999969482422,129.99000549316406,23614,0.0,0.0
2022-08-24 13:30:00-04:00,130.0,130.25,129.9499969482422,130.25,13419,0.0,0.0
2022-08-24 14:30:00-04:00,130.24000549316406,131.16000366210938,130.1999969482422,130.92999267578125,34854,0.0,0.0
2022-08-24 15:30:00-04:00,131.0,131.72500610351562,131.0,131.47000122070312,114656,0.0,0.0
2022-08-25 09:30:00-04:00,132.4600067138672,133.05999755859375,131.97999572753906,133.05999755859375,23751,0.0,0.0
2022-08-25 10:30:00-04:00,133.0500030517578,133.5800018310547,133.0500030517578,133.3000030517578,16961,0.0,0.0
2022-08-25 11:30:00-04:00,133.3800048828125,133.58799743652344,133.1699981689453,133.2899932861328,11324,0.0,0.0
2022-08-25 12:30:00-04:00,133.27000427246094,133.32000732421875,133.0399932861328,133.1300048828125,11088,0.0,0.0
2022-08-25 13:30:00-04:00,133.1199951171875,133.27999877929688,132.60000610351562,132.94000244140625,13762,0.0,0.0
2022-08-25 14:30:00-04:00,132.90499877929688,133.1699981689453,132.6199951171875,133.0850067138672,18254,0.0,0.0
2022-08-25 15:30:00-04:00,133.05499267578125,133.63999938964844,133.02999877929688,133.63999938964844,46313,0.0,0.0
2022-08-26 09:30:00-04:00,133.66000366210938,133.66000366210938,131.89999389648438,131.89999389648438,0,0.0,0.0
2022-08-26 10:30:00-04:00,131.81500244140625,132.0,131.32000732421875,131.33999633789062,31675,0.0,0.0
2022-08-26 11:30:00-04:00,131.5399932861328,132.07000732421875,131.41000366210938,131.77499389648438,41258,0.0,0.0
2022-08-26 12:30:00-04:00,131.67999267578125,132.44000244140625,131.49000549316406,132.44000244140625,20733,0.0,0.0
2022-08-26 13:30:00-04:00,132.3000030517578,132.5,132.11000061035156,132.27999877929688,19916,0.0,0.0
2022-08-26 14:30:00-04:00,132.32000732421875,132.4600067138672,131.80999755859375,132.27499389648438,19154,0.0,0.0
2022-08-26 15:30:00-04:00,132.14999389648438,132.2550048828125,131.6699981689453,131.72000122070312,73034,0.0,0.0
2022-08-29 09:30:00-04:00,130.66000366210938,130.66000366210938,129.30999755859375,130.06500244140625,25818,0.0,0.0
2022-08-29 10:30:00-04:00,130.1300048828125,130.22999572753906,129.67999267578125,129.97000122070312,20674,0.0,0.0
2022-08-29 11:30:00-04:00,129.97999572753906,130.50999450683594,129.8000030517578,130.19769287109375,20699,0.0,0.0
2022-08-29 12:30:00-04:00,130.28500366210938,130.99000549316406,130.16000366210938,130.88999938964844,14746,0.0,0.0
2022-08-29 13:30:00-04:00,130.9550018310547,131.5500030517578,130.8800048828125,131.35000610351562,18212,0.0,0.0
2022-08-29 14:30:00-04:00,131.3699951171875,131.60000610351562,130.8000030517578,130.8990020751953,15419,0.0,0.0
2022-08-29 15:30:00-04:00,130.84500122070312,131.27999877929688,130.67999267578125,130.8800048828125,46498,0.0,0.0
2022-08-30 09:30:00-04:00,131.07000732421875,131.28500366210938,129.8300018310547,130.3800048828125,18467,0.0,0.0
2022-08-30 10:30:00-04:00,130.19000244140625,130.6300048828125,129.67999267578125,130.48500061035156,29361,0.0,0.0
2022-08-30 11:30:00-04:00,130.39999389648438,130.6199951171875,130.3350067138672,130.52999877929688,17215,0.0,0.0
2022-08-30 12:30:00-04:00,130.44000244140625,130.47500610351562,130.00999450683594,130.32699584960938,17796,0.0,0.0
2022-08-30 13:30:00-04:00,130.27000427246094,130.46499633789062,129.8125,130.14999389648438,26322,0.0,0.0
2022-08-30 14:30:00-04:00,130.19000244140625,130.25,129.69000244140625,130.19000244140625,24784,0.0,0.0
2022-08-30 15:30:00-04:00,130.1750030517578,130.1750030517578,129.75999450683594,129.88999938964844,57259,0.0,0.0
2022-08-31 09:30:00-04:00,129.9499969482422,130.38499450683594,129.27000427246094,129.27000427246094,12531,0.0,0.0
2022-08-31 10:30:00-04:00,129.22000122070312,129.89999389648438,129.0800018310547,129.36500549316406,12126,0.0,0.0
2022-08-31 11:30:00-04:00,129.1999969482422,129.3800048828125,128.52999877929688,128.52999877929688,14193,0.0,0.0
2022-08-31 12:30:00-04:00,128.52999877929688,128.72000122070312,128.25,128.52000427246094,18596,0.0,0.0
2022-08-31 13:30:00-04:00,128.52999877929688,128.60989379882812,128.18499755859375,128.2100067138672,20527,0.0,0.0
2022-08-31 14:30:00-04:00,128.1300048828125,128.77000427246094,127.75,128.24000549316406,46541,0.0,0.0
2022-08-31 15:30:00-04:00,128.32000732421875,128.32000732421875,127.55999755859375,127.69000244140625,60354,0.0,0.0
2022-09-01 09:30:00-04:00,127.5,128.39999389648438,127.2699966430664,128.02999877929688,40894,0.0,0.0
2022-09-01 10:30:00-04:00,128.1300048828125,128.5399932861328,127.47000122070312,128.52000427246094,34754,0.0,0.0
2022-09-01 11:30:00-04:00,128.6699981689453,129.16000366210938,128.47000122070312,128.91000366210938,23576,0.0,0.0
2022-09-01 12:30:00-04:00,128.86000061035156,129.16000366210938,128.25,129.0,55406,0.0,0.0
2022-09-01 13:30:00-04:00,128.92999267578125,128.99000549316406,127.77999877929688,128.15499877929688,30587,0.0,0.0
2022-09-01 14:30:00-04:00,128.2449951171875,128.64999389648438,127.9800033569336,128.1300048828125,39351,0.0,0.0
2022-09-01 15:30:00-04:00,128.00999450683594,128.61000061035156,127.94999694824219,128.52999877929688,93524,0.0,0.0
2022-09-02 09:30:00-04:00,129.55999755859375,130.31500244140625,129.30999755859375,130.31500244140625,21819,0.0,0.0
2022-09-02 10:30:00-04:00,130.34500122070312,130.41000366210938,129.92999267578125,130.02000427246094,36635,0.0,0.0
2022-09-02 11:30:00-04:00,130.07000732421875,130.27999877929688,129.80999755859375,129.88999938964844,25739,0.0,0.0
2022-09-02 12:30:00-04:00,129.8249969482422,129.89999389648438,127.93000030517578,127.93000030517578,20140,0.0,0.0
2022-09-02 13:30:00-04:00,127.94599914550781,128.25999450683594,127.56999969482422,127.77999877929688,19139,0.0,0.0
2022-09-02 14:30:00-04:00,127.7699966430664,127.81999969482422,126.91999816894531,127.01000213623047,28425,0.0,0.0
2022-09-02 15:30:00-04:00,127.0199966430664,127.43000030517578,126.41999816894531,127.23999786376953,89199,0.0,0.0
2022-09-06 09:30:00-04:00,127.81999969482422,128.25999450683594,125.19000244140625,126.5250015258789,50008,0.0,0.0
2022-09-06 10:30:00-04:00,126.51750183105469,127.16999816894531,126.21009826660156,126.93000030517578,28074,0.0,0.0
2022-09-06 11:30:00-04:00,126.84719848632812,127.22000122070312,126.04499816894531,126.13999938964844,18907,0.0,0.0
2022-09-06 12:30:00-04:00,125.94000244140625,126.38999938964844,125.54000091552734,125.7300033569336,21331,0.0,0.0
2022-09-06 13:30:00-04:00,125.74500274658203,126.05000305175781,125.4800033569336,125.8499984741211,18817,0.0,0.0
2022-09-06 14:30:00-04:00,125.86000061035156,125.94000244140625,125.33999633789062,125.69000244140625,31487,0.0,0.0
2022-09-06 15:30:00-04:00,125.55999755859375,126.26000213623047,125.26000213623047,126.19000244140625,101009,0.0,0.0
2022-09-07 09:30:00-04:00,126.37000274658203,128.05999755859375,126.2300033569336,127.9800033569336,35954,0.0,0.0
2022-09-07 10:30:00-04:00,128.05999755859375,129.16000366210938,128.0500030517578,128.97500610351562,54317,0.0,0.0
2022-09-07 11:30:00-04:00,128.97500610351562,129.1199951171875,128.0,128.39999389648438,29218,0.0,0.0
2022-09-07 12:30:00-04:00,128.41000366210938,129.1199951171875,128.41000366210938,128.83999633789062,16602,0.0,0.0
2022-09-07 13:30:00-04:00,128.77999877929688,129.67999267578125,128.77999877929688,129.3800048828125,19426,0.0,0.0
2022-09-07 14:30:00-04:00,129.3300018310547,129.55999755859375,129.00999450683594,129.30999755859375,25675,0.0,0.0
2022-09-07 15:30:00-04:00,129.3300018310547,129.4600067138672,128.91000366210938,129.1300048828125,62793,0.0,0.0
2022-09-08 09:30:00-04:00,128.32000732421875,129.8800048828125,128.32000732421875,129.85000610351562,28869,0.0,0.0
2022-09-08 10:30:00-04:00,129.6699981689453,130.30999755859375,129.6699981689453,130.11000061035156,24351,0.0,0.0
2022-09-08 11:30:00-04:00,130.1999969482422,130.5449981689453,129.5800018310547,129.9199981689453,43676,0.0,0.0
2022-09-08 12:30:00-04:00,129.88999938964844,131.2899932861328,129.88999938964844,131.25999450683594,46855,0.0,0.0
2022-09-08 13:30:00-04:00,131.2949981689453,132.5,131.22999572753906,132.125,98132,0.0,0.0
2022-09-08 14:30:00-04:00,132.13999938964844,132.27999877929688,131.3699951171875,131.3699951171875,43439,0.0,0.0
2022-09-08 15:30:00-04:00,131.39500427246094,131.86500549316406,131.02000427246094,131.72999572753906,79624,0.0,0.0
2022-09-09 09:30:00-04:00,132.0500030517578,133.1649932861328,131.72000122070312,132.91000366210938,22504,0.0,0.0
2022-09-09 10:30:00-04:00,132.86419677734375,133.41000366210938,132.6300048828125,132.6300048828125,21817,0.0,0.0
2022-09-09 11:30:00-04:00,132.43499755859375,132.77499389648438,132.3300018310547,132.46499633789062,18735,0.0,0.0
2022-09-09 12:30:00-04:00,132.4499969482422,132.72000122070312,132.2899932861328,132.66000366210938,18288,0.0,0.0
2022-09-09 13:30:00-04:00,132.72000122070312,132.88999938964844,132.47999572753906,132.8699951171875,20135,0.0,0.0
2022-09-09 14:30:00-04:00,132.7899932861328,132.9600067138672,132.5399932861328,132.64999389648438,26134,0.0,0.0
2022-09-09 15:30:00-04:00,132.60000610351562,132.6300048828125,131.89999389648438,131.99000549316406,90128,0.0,0.0
2022-09-12 09:30:00-04:00,132.60000610351562,134.5,132.0500030517578,134.4499969482422,42048,0.0,0.0
2022-09-12 10:30:00-04:00,134.5,134.57000732421875,133.49000549316406,133.71499633789062,22763,0.0,0.0
2022-09-12 11:30:00-04:00,133.69000244140625,133.85000610351562,132.83999633789062,133.14500427246094,23640,0.0,0.0
2022-09-12 12:30:00-04:00,133.2100067138672,133.7050018310547,133.1999969482422,133.65029907226562,22219,0.0,0.0
2022-09-12 13:30:00-04:00,133.6475067138672,133.75,133.42100524902344,133.5449981689453,20604,0.0,0.0
2022-09-12 14:30:00-04:00,133.3800048828125,133.81500244140625,133.2949981689453,133.58999633789062,21101,0.0,0.0
2022-09-12 15:30:00-04:00,133.49000549316406,133.64999389648438,133.1699981689453,133.38999938964844,57769,0.0,0.0
2022-09-13 09:30:00-04:00,131.5500030517578,132.61000061035156,130.52520751953125,131.89500427246094,24208,0.0,0.0
2022-09-13 10:30:00-04:00,131.89999389648438,132.38999938964844,131.80299377441406,132.22999572753906,19601,0.0,0.0
2022-09-13 11:30:00-04:00,132.1999969482422,132.41000366210938,132.07000732421875,132.22000122070312,19114,0.0,0.0
2022-09-13 12:30:00-04:00,131.87010192871094,132.0800018310547,131.74000549316406,132.07000732421875,15134,0.0,0.0
2022-09-13 13:30:00-04:00,132.07000732421875,132.17999267578125,130.7100067138672,130.7100067138672,40517,0.0,0.0
2022-09-13 14:30:00-04:00,130.67999267578125,130.72999572753906,129.97000122070312,129.97000122070312,42156,0.0,0.0
2022-09-13 15:30:00-04:00,129.97999572753906,130.1999969482422,129.42999267578125,129.8800048828125,72966,0.0,0.0
2022-09-14 09:30:00-04:00,130.4499969482422,130.97000122070312,129.2899932861328,129.2899932861328,28173,0.0,0.0
2022-09-14 10:30:00-04:00,129.30999755859375,130.5449981689453,129.30999755859375,130.4499969482422,20817,0.0,0.0
2022-09-14 11:30:00-04:00,130.4499969482422,130.88999938964844,130.43499755859375,130.6699981689453,16693,0.0,0.0
2022-09-14 12:30:00-04:00,130.6699981689453,131.17999267578125,130.52000427246094,130.80999755859375,27506,0.0,0.0
2022-09-14 13:30:00-04:00,130.8000030517578,130.83999633789062,130.3000030517578,130.36000061035156,21835,0.0,0.0
2022-09-14 14:30:00-04:00,130.4199981689453,130.64999389648438,129.67999267578125,130.03500366210938,37581,0.0,0.0
2022-09-14 15:30:00-04:00,130.0500030517578,131.0800018310547,129.61000061035156,130.77999877929688,90351,0.0,0.0
2022-09-15 09:30:00-04:00,130.10000610351562,132.94000244140625,129.77499389648438,132.0449981689453,47792,0.0,0.0
2022-09-15 10:30:00-04:00,132.05999755859375,132.60000610351562,131.85000610351562,132.50999450683594,41053,0.0,0.0
2022-09-15 11:30:00-04:00,132.47000122070312,132.6300048828125,131.89500427246094,132.27999877929688,29656,0.0,0.0
2022-09-15 12:30:00-04:00,132.3000030517578,133.2899932861328,132.25999450683594,133.17999267578125,24744,0.0,0.0
2022-09-15 13:30:00-04:00,133.16000366210938,133.27000427246094,132.02999877929688,132.27000427246094,30785,0.0,0.0
2022-09-15 14:30:00-04:00,132.25999450683594,132.41000366210938,130.99000549316406,131.02000427246094,37889,0.0,0.0
2022-09-15 15:30:00-04:00,131.0800018310547,131.24000549316406,130.87100219726562,130.9600067138672,66553,0.0,0.0
2022-09-16 09:30:00-04:00,129.86000061035156,130.05999755859375,128.6699981689453,129.2899932861328,90905,0.0,0.0
2022-09-16 10:30:00-04:00,129.30999755859375,129.7899932861328,128.91000366210938,129.2899932861328,18672,0.0,0.0
2022-09-16 11:30:00-04:00,129.33999633789062,129.33999633789062,128.33999633789062,128.3800048828125,35851,0.0,0.0
2022-09-16 12:30:00-04:00,128.35000610351562,128.5,128.1938934326172,128.27000427246094,24178,0.0,0.0
2022-09-16 13:30:00-04:00,128.3300018310547,128.82000732421875,128.25999450683594,128.6999969482422,23808,0.0,0.0
2022-09-16 14:30:00-04:00,128.68499755859375,129.1300048828125,128.5,128.97000122070312,30382,0.0,0.0
2022-09-16 15:30:00-04:00,128.91000366210938,129.27499389648438,128.49000549316406,128.63999938964844,101609,0.0,0.0
2022-09-19 09:30:00-04:00,127.5199966430664,129.8000030517578,127.5199966430664,129.8000030517578,18512,0.0,0.0
2022-09-19 10:30:00-04:00,129.9149932861328,130.42999267578125,129.55999755859375,129.55999755859375,20726,0.0,0.0
2022-09-19 11:30:00-04:00,129.6699981689453,129.77999877929688,129.32000732421875,129.52999877929688,17464,0.0,0.0
2022-09-19 12:30:00-04:00,129.5,130.10499572753906,129.5,130.02999877929688,16024,0.0,0.0
2022-09-19 13:30:00-04:00,129.7899932861328,129.9600067138672,129.42999267578125,129.47999572753906,14992,0.0,0.0
2022-09-19 14:30:00-04:00,129.5399932861328,130.52000427246094,129.39999389648438,130.33999633789062,22709,0.0,0.0
2022-09-19 15:30:00-04:00,130.44000244140625,130.5758056640625,130.05999755859375,130.19000244140625,48929,0.0,0.0
2022-09-20 09:30:00-04:00,129.2100067138672,129.4499969482422,127.62000274658203,127.73999786376953,19914,0.0,0.0
2022-09-20 10:30:00-04:00,127.8499984741211,128.49000549316406,127.73999786376953,128.13999938964844,24779,0.0,0.0
2022-09-20 11:30:00-04:00,128.07000732421875,128.36500549316406,127.83999633789062,128.14999389648438,13781,0.0,0.0
2022-09-20 12:30:00-04:00,128.0449981689453,128.0449981689453,127.1449966430664,127.16000366210938,16081,0.0,0.0
2022-09-20 13:30:00-04:00,127.01000213623047,127.4000015258789,126.83999633789062,127.34500122070312,21808,0.0,0.0
2022-09-20 14:30:00-04:00,127.25,127.58999633789062,126.80000305175781,127.5199966430664,22177,0.0,0.0
2022-09-20 15:30:00-04:00,127.38999938964844,128.22000122070312,127.31999969482422,127.80000305175781,76220,0.0,0.0
2022-09-21 09:30:00-04:00,128.5800018310547,130.83999633789062,128.5800018310547,130.6699981689453,72572,0.0,0.0
2022-09-21 10:30:00-04:00,130.74000549316406,131.07000732421875,130.11000061035156,130.25999450683594,63562,0.0,0.0
2022-09-21 11:30:00-04:00,130.30999755859375,130.38999938964844,129.26499938964844,129.3699951171875,32846,0.0,0.0
2022-09-21 12:30:00-04:00,129.3000030517578,129.3699951171875,128.8800048828125,129.02000427246094,19515,0.0,0.0
2022-09-21 13:30:00-04:00,129.02000427246094,129.08999633789062,127.2699966430664,127.2699966430664,21369,0.0,0.0
2022-09-21 14:30:00-04:00,127.02999877929688,129.3800048828125,127.0,127.31999969482422,31746,0.0,0.0
2022-09-21 15:30:00-04:00,127.2750015258789,127.37999725341797,125.70999908447266,125.70999908447266,62754,0.0,0.0
2022-09-22 09:30:00-04:00,125.55000305175781,126.143798828125,123.79000091552734,124.5,38475,0.0,0.0
2022-09-22 10:30:00-04:00,124.55000305175781,124.75,124.02999877929688,124.75,30102,0.0,0.0
2022-09-22 11:30:00-04:00,124.79000091552734,125.30000305175781,124.375,124.94999694824219,17401,0.0,0.0
2022-09-22 12:30:00-04:00,124.79000091552734,124.94999694824219,124.47000122070312,124.68000030517578,22486,0.0,0.0
2022-09-22 13:30:00-04:00,124.76000213623047,124.94999694824219,124.37000274658203,124.58000183105469,32691,0.0,0.0
2022-09-22 14:30:00-04:00,124.57499694824219,125.33000183105469,124.45999908447266,125.04000091552734,27165,0.0,0.0
2022-09-22 15:30:00-04:00,125.11000061035156,125.69999694824219,124.87999725341797,124.94999694824219,49278,0.0,0.0
2022-09-23 09:30:00-04:00,123.80000305175781,124.1500015258789,123.12000274658203,124.04499816894531,56478,0.0,0.0
2022-09-23 10:30:00-04:00,124.00499725341797,124.13999938964844,123.51010131835938,123.94000244140625,23111,0.0,0.0
2022-09-23 11:30:00-04:00,123.78500366210938,123.78500366210938,123.12999725341797,123.29499816894531,21260,0.0,0.0
2022-09-23 12:30:00-04:00,123.2300033569336,123.79000091552734,123.20999908447266,123.33999633789062,17166,0.0,0.0
2022-09-23 13:30:00-04:00,123.33000183105469,123.44999694824219,122.45500183105469,122.4800033569336,24521,0.0,0.0
2022-09-23 14:30:00-04:00,122.27999877929688,123.30999755859375,122.03500366210938,123.18499755859375,52724,0.0,0.0
2022-09-23 15:30:00-04:00,123.5199966430664,123.73899841308594,122.93000030517578,123.41000366210938,89951,0.0,0.0
2022-09-26 09:30:00-04:00,122.37000274658203,123.37999725341797,120.4000015258789,121.68000030517578,46840,0.0,0.0
2022-09-26 10:30:00-04:00,121.70500183105469,122.05999755859375,120.58000183105469,120.58000183105469,28710,0.0,0.0
2022-09-26 11:30:00-04:00,120.63999938964844,121.16000366210938,120.31999969482422,120.31999969482422,26077,0.0,0.0
2022-09-26 12:30:00-04:00,120.0999984741211,120.37000274658203,119.01000213623047,119.01000213623047,19295,0.0,0.0
2022-09-26 13:30:00-04:00,119.20999908447266,120.48999786376953,119.13999938964844,120.0250015258789,26852,0.0,0.0
2022-09-26 14:30:00-04:00,119.72000122070312,120.94000244140625,119.62000274658203,120.3499984741211,52162,0.0,0.0
2022-09-26 15:30:00-04:00,120.27999877929688,121.0250015258789,119.9800033569336,120.12000274658203,58704,0.0,0.0
2022-09-27 09:30:00-04:00,121.0999984741211,121.33999633789062,120.2300033569336,120.75,27831,0.0,0.0
2022-09-27 10:30:00-04:00,120.86000061035156,122.05999755859375,120.55500030517578,120.56999969482422,25721,0.0,0.0
2022-09-27 11:30:00-04:00,120.63500213623047,120.84500122070312,119.47000122070312,119.66000366210938,21255,0.0,0.0
2022-09-27 12:30:00-04:00,119.88999938964844,119.91999816894531,119.3998031616211,119.56999969482422,18993,0.0,0.0
2022-09-27 13:30:00-04:00,119.61000061035156,120.2300033569336,119.0999984741211,120.2300033569336,27573,0.0,0.0
2022-09-27 14:30:00-04:00,120.19999694824219,121.19999694824219,120.19999694824219,120.81999969482422,28667,0.0,0.0
2022-09-27 15:30:00-04:00,120.97000122070312,121.68000030517578,120.5999984741211,121.6500015258789,75549,0.0,0.0
2022-09-28 09:30:00-04:00,122.33999633789062,122.5999984741211,121.4800033569336,122.45999908447266,32556,0.0,0.0
2022-09-28 10:30:00-04:00,122.50830078125,123.44999694824219,122.23999786376953,123.20999908447266,38894,0.0,0.0
2022-09-28 11:30:00-04:00,123.19999694824219,123.79499816894531,122.7699966430664,123.47000122070312,22454,0.0,0.0
2022-09-28 12:30:00-04:00,123.37000274658203,123.9000015258789,123.33999633789062,123.61000061035156,14541,0.0,0.0
2022-09-28 13:30:00-04:00,123.44999694824219,123.70999908447266,123.30000305175781,123.48999786376953,22360,0.0,0.0
2022-09-28 14:30:00-04:00,123.58999633789062,124.25,123.58999633789062,124.13999938964844,30814,0.0,0.0
2022-09-28 15:30:00-04:00,124.08000183105469,124.41000366210938,123.4800033569336,123.56999969482422,61859,0.0,0.0
2022-09-29 09:30:00-04:00,122.9800033569336,122.9800033569336,121.3499984741211,121.80999755859375,26917,0.0,0.0
2022-09-29 10:30:00-04:00,121.72000122070312,122.87000274658203,121.62000274658203,122.44999694824219,18443,0.0,0.0
2022-09-29 11:30:00-04:00,122.55000305175781,123.37999725341797,122.38999938964844,123.08999633789062,16192,0.0,0.0
2022-09-29 12:30:00-04:00,123.12000274658203,123.33999633789062,122.54000091552734,122.88999938964844,17990,0.0,0.0
2022-09-29 13:30:00-04:00,122.8499984741211,123.16999816894531,122.66000366210938,122.95999908447266,20478,0.0,0.0
2022-09-29 14:30:00-04:00,122.91000366210938,123.30999755859375,122.80000305175781,122.97000122070312,27193,0.0,0.0
2022-09-29 15:30:00-04:00,122.95999908447266,123.58999633789062,122.93000030517578,123.27999877929688,41202,0.0,0.0
2022-09-30 09:30:00-04:00,123.9800033569336,124.91999816894531,122.86000061035156,124.16999816894531,32782,0.0,0.0
2022-09-30 10:30:00-04:00,124.15499877929688,125.19999694824219,124.15499877929688,125.05000305175781,31545,0.0,0.0
2022-09-30 11:30:00-04:00,125.1500015258789,125.1500015258789,124.05000305175781,124.36000061035156,22982,0.0,0.0
2022-09-30 12:30:00-04:00,124.37000274658203,124.78500366210938,124.30999755859375,124.48999786376953,35659,0.0,0.0
2022-09-30 13:30:00-04:00,124.56999969482422,124.56999969482422,123.58999633789062,123.58999633789062,30553,0.0,0.0
2022-09-30 14:30:00-04:00,123.66000366210938,123.87999725341797,123.2699966430664,123.54000091552734,49289,0.0,0.0
2022-09-30 15:30:00-04:00,123.66000366210938,123.66999816894531,122.73999786376953,122.95999908447266,108369,0.0,0.0
2022-10-03 09:30:00-04:00,124.27999877929688,124.9800033569336,122.7699966430664,124.9800033569336,24074,0.0,0.0
2022-10-03 10:30:00-04:00,124.6500015258789,125.32649993896484,124.22000122070312,124.94000244140625,22010,0.0,0.0
2022-10-03 11:30:00-04:00,125.16000366210938,125.47000122070312,125.08000183105469,125.1500015258789,16981,0.0,0.0
2022-10-03 12:30:00-04:00,125.0999984741211,125.55999755859375,124.83000183105469,125.31999969482422,26046,0.0,0.0
2022-10-03 13:30:00-04:00,125.50499725341797,126.13999938964844,125.48500061035156,126.13999938964844,18197,0.0,0.0
2022-10-03 14:30:00-04:00,126.11000061035156,126.30000305175781,125.80999755859375,125.9000015258789,24879,0.0,0.0
2022-10-03 15:30:00-04:00,125.875,125.97000122070312,125.55999755859375,125.79000091552734,75484,0.0,0.0
2022-10-04 09:30:00-04:00,126.79000091552734,129.38999938964844,126.27999877929688,129.3000030517578,25590,0.0,0.0
2022-10-04 10:30:00-04:00,129.25,129.3300018310547,128.61000061035156,129.22999572753906,26322,0.0,0.0
2022-10-04 11:30:00-04:00,129.31869506835938,130.1300048828125,129.10000610351562,130.02999877929688,17365,0.0,0.0
2022-10-04 12:30:00-04:00,130.00999450683594,130.1300048828125,129.16000366210938,129.57000732421875,26625,0.0,0.0
2022-10-04 13:30:00-04:00,129.64259338378906,129.8000030517578,129.16000366210938,129.52999877929688,20306,0.0,0.0
2022-10-04 14:30:00-04:00,129.5,129.88999938964844,129.30999755859375,129.83999633789062,22320,0.0,0.0
2022-10-04 15:30:00-04:00,129.8300018310547,130.44000244140625,129.72999572753906,130.4199981689453,54125,0.0,0.0
2022-10-05 09:30:00-04:00,128.6199951171875,130.14999389648438,128.6199951171875,129.2100067138672,27225,0.0,0.0
2022-10-05 10:30:00-04:00,129.08999633789062,129.5,128.8000030517578,129.3699951171875,23342,0.0,0.0
2022-10-05 11:30:00-04:00,129.41000366210938,129.99000549316406,129.36000061035156,129.99000549316406,22031,0.0,0.0
2022-10-05 12:30:00-04:00,129.783203125,130.3000030517578,129.58999633789062,130.03500366210938,19207,0.0,0.0
2022-10-05 13:30:00-04:00,129.94000244140625,130.16000366210938,129.52000427246094,129.6300048828125,34149,0.0,0.0
2022-10-05 14:30:00-04:00,129.6199951171875,129.9600067138672,129.30999755859375,129.8300018310547,30299,0.0,0.0
2022-10-05 15:30:00-04:00,129.9499969482422,129.97799682617188,129.16000366210938,129.35000610351562,86261,0.0,0.0
2022-10-06 09:30:00-04:00,128.75,129.14999389648438,127.97000122070312,128.49000549316406,34805,0.0,0.0
2022-10-06 10:30:00-04:00,128.30999755859375,128.872802734375,128.1999969482422,128.7899932861328,36707,0.0,0.0
2022-10-06 11:30:00-04:00,128.8300018310547,128.88999938964844,128.41000366210938,128.7100067138672,8432,0.0,0.0
2022-10-06 12:30:00-04:00,128.6999969482422,129.1999969482422,128.67999267578125,128.86500549316406,24641,0.0,0.0
2022-10-06 13:30:00-04:00,128.7899932861328,128.7899932861328,128.30999755859375,128.38999938964844,7411,0.0,0.0
2022-10-06 14:30:00-04:00,128.41000366210938,128.75999450683594,128.1999969482422,128.71499633789062,19952,0.0,0.0
2022-10-06 15:30:00-04:00,128.83900451660156,129.0800018310547,128.5,128.74000549316406,42365,0.0,0.0
2022-10-07 09:30:00-04:00,128.44000244140625,128.5800018310547,126.375,127.5,30513,0.0,0.0
2022-10-07 10:30:00-04:00,127.29000091552734,127.77999877929688,127.1500015258789,127.43000030517578,31975,0.0,0.0
2022-10-07 11:30:00-04:00,127.19100189208984,127.58000183105469,126.93000030517578,127.41999816894531,27990,0.0,0.0
2022-10-07 12:30:00-04:00,127.08000183105469,127.23500061035156,126.74019622802734,127.23500061035156,10965,0.0,0.0
2022-10-07 13:30:00-04:00,127.19000244140625,127.38999938964844,127.1500015258789,127.1500015258789,10178,0.0,0.0
2022-10-07 14:30:00-04:00,126.79499816894531,127.04000091552734,126.30000305175781,126.33499908447266,24140,0.0,0.0
2022-10-07 15:30:00-04:00,126.33000183105469,127.23999786376953,126.1500015258789,127.01000213623047,39788,0.0,0.0
2022-10-10 09:30:00-04:00,127.68000030517578,128.77999877929688,127.41999816894531,128.75,30547,0.0,0.0
2022-10-10 10:30:00-04:00,128.6199951171875,128.74000549316406,127.94999694824219,128.18499755859375,36522,0.0,0.0
2022-10-10 11:30:00-04:00,128.1999969482422,128.1999969482422,127.125,127.125,31083,0.0,0.0
2022-10-10 12:30:00-04:00,127.19999694824219,127.20999908447266,126.55999755859375,126.94000244140625,13282,0.0,0.0
2022-10-10 13:30:00-04:00,126.83499908447266,127.8949966430664,126.83499908447266,127.30999755859375,35594,0.0,0.0
2022-10-10 14:30:00-04:00,127.36000061035156,128.02999877929688,127.2750015258789,127.56999969482422,28460,0.0,0.0
2022-10-10 15:30:00-04:00,127.55999755859375,128.0500030517578,127.5,127.5199966430664,43777,0.0,0.0
2022-10-11 09:30:00-04:00,127.29000091552734,128.8699951171875,127.29000091552734,127.80000305175781,49457,0.0,0.0
2022-10-11 10:30:00-04:00,127.61000061035156,128.6199951171875,127.37999725341797,128.5,27051,0.0,0.0
2022-10-11 11:30:00-04:00,128.56500244140625,129.02000427246094,128.21499633789062,128.97000122070312,70514,0.0,0.0
2022-10-11 12:30:00-04:00,128.86000061035156,129.15499877929688,128.35000610351562,128.4499969482422,38473,0.0,0.0
2022-10-11 13:30:00-04:00,128.38999938964844,128.80999755859375,127.97000122070312,128.3249969482422,64171,0.0,0.0
2022-10-11 14:30:00-04:00,128.4199981689453,128.49000549316406,126.26000213623047,126.72000122070312,68647,0.0,0.0
2022-10-11 15:30:00-04:00,126.75,126.95999908447266,126.5,126.66999816894531,95633,0.0,0.0
2022-10-12 09:30:00-04:00,126.7300033569336,126.91000366210938,126.26000213623047,126.55000305175781,45688,0.0,0.0
2022-10-12 10:30:00-04:00,126.52999877929688,126.88500213623047,126.12999725341797,126.25,59213,0.0,0.0
2022-10-12 11:30:00-04:00,126.29000091552734,126.77999877929688,126.2750015258789,126.38999938964844,27201,0.0,0.0
2022-10-12 12:30:00-04:00,126.33000183105469,126.37000274658203,126.0,126.26000213623047,25871,0.0,0.0
2022-10-12 13:30:00-04:00,126.16000366210938,126.48999786376953,125.95999908447266,126.45999908447266,28359,0.0,0.0
2022-10-12 14:30:00-04:00,126.45999908447266,126.45999908447266,125.875,125.9000015258789,38006,0.0,0.0
2022-10-12 15:30:00-04:00,126.11000061035156,126.5,125.01000213623047,125.06999969482422,101471,0.0,0.0
2022-10-13 09:30:00-04:00,122.79000091552734,124.55500030517578,122.18000030517578,123.73999786376953,40538,0.0,0.0
2022-10-13 10:30:00-04:00,123.9800033569336,126.43000030517578,123.62000274658203,126.0199966430664,36106,0.0,0.0
2022-10-13 11:30:00-04:00,126.11000061035156,128.01499938964844,126.11000061035156,127.91000366210938,24975,0.0,0.0
2022-10-13 12:30:00-04:00,128.0,130.08999633789062,127.79000091552734,130.08999633789062,50065,0.0,0.0
2022-10-13 13:30:00-04:00,130.14999389648438,130.8800048828125,130.01229858398438,130.22999572753906,27994,0.0,0.0
2022-10-13 14:30:00-04:00,130.22999572753906,131.05999755859375,130.0,130.4149932861328,120149,0.0,0.0
2022-10-13 15:30:00-04:00,130.35000610351562,130.88250732421875,129.99000549316406,130.5,81991,0.0,0.0
2022-10-14 09:30:00-04:00,131.2100067138672,131.99000549316406,129.33999633789062,129.46499633789062,25921,0.0,0.0
2022-10-14 10:30:00-04:00,129.72999572753906,130.1649932861328,129.4199981689453,129.7100067138672,19365,0.0,0.0
2022-10-14 11:30:00-04:00,129.77000427246094,129.80999755859375,129.02999877929688,129.51319885253906,28376,0.0,0.0
2022-10-14 12:30:00-04:00,129.55999755859375,130.0050048828125,128.99000549316406,129.1699981689453,14582,0.0,0.0
2022-10-14 13:30:00-04:00,129.1750030517578,129.18499755859375,128.0800018310547,128.16000366210938,21767,0.0,0.0
2022-10-14 14:30:00-04:00,128.1300048828125,128.3300018310547,127.66000366210938,128.1199951171875,31645,0.0,0.0
2022-10-14 15:30:00-04:00,128.02999877929688,128.68899536132812,127.94000244140625,128.32000732421875,66880,0.0,0.0
2022-10-17 09:30:00-04:00,130.02000427246094,131.3800048828125,129.9600067138672,130.81500244140625,34171,0.0,0.0
2022-10-17 10:30:00-04:00,130.72000122070312,130.9550018310547,129.88999938964844,130.27000427246094,34092,0.0,0.0
2022-10-17 11:30:00-04:00,130.1999969482422,131.22000122070312,130.10000610351562,130.85499572753906,23347,0.0,0.0
2022-10-17 12:30:00-04:00,130.83999633789062,130.96859741210938,130.2100067138672,130.96859741210938,17048,0.0,0.0
2022-10-17 13:30:00-04:00,131.11500549316406,131.13999938964844,130.13999938964844,130.39999389648438,28210,0.0,0.0
2022-10-17 14:30:00-04:00,130.40499877929688,130.73500061035156,130.27999877929688,130.57000732421875,33961,0.0,0.0
2022-10-17 15:30:00-04:00,130.58999633789062,131.30999755859375,130.58999633789062,131.16000366210938,85651,0.0,0.0
2022-10-18 09:30:00-04:00,133.0,134.0,131.52000427246094,131.8704071044922,70252,0.0,0.0
2022-10-18 10:30:00-04:00,131.77000427246094,131.9499969482422,130.1300048828125,130.53500366210938,109477,0.0,0.0
2022-10-18 11:30:00-04:00,130.49000549316406,131.64500427246094,130.44000244140625,131.36000061035156,23102,0.0,0.0
2022-10-18 12:30:00-04:00,131.3350067138672,132.36000061035156,131.3350067138672,132.22999572753906,22393,0.0,0.0
2022-10-18 13:30:00-04:00,132.22999572753906,132.8300018310547,131.94000244140625,132.0800018310547,37139,0.0,0.0
2022-10-18 14:30:00-04:00,132.10000610351562,132.375,131.35000610351562,131.60499572753906,36188,0.0,0.0
2022-10-18 15:30:00-04:00,131.52999877929688,132.05999755859375,131.41000366210938,131.94000244140625,103674,0.0,0.0
2022-10-19 09:30:00-04:00,131.41000366210938,133.24000549316406,131.2899932861328,132.47999572753906,44242,0.0,0.0
2022-10-19 10:30:00-04:00,132.6999969482422,132.77000427246094,131.9499969482422,132.16000366210938,42839,0.0,0.0
2022-10-19 11:30:00-04:00,131.89999389648438,132.02000427246094,131.08999633789062,131.1654052734375,28125,0.0,0.0
2022-10-19 12:30:00-04:00,131.1199951171875,131.14999389648438,130.22000122070312,130.58999633789062,19182,0.0,0.0
2022-10-19 13:30:00-04:00,130.67999267578125,130.91000366210938,130.1999969482422,130.6199951171875,32885,0.0,0.0
2022-10-19 14:30:00-04:00,130.6199951171875,131.50999450683594,130.58999633789062,131.2100067138672,39794,0.0,0.0
2022-10-19 15:30:00-04:00,131.2050018310547,131.69000244140625,131.2050018310547,131.6300048828125,51800,0.0,0.0
2022-10-20 09:30:00-04:00,129.66000366210938,130.2100067138672,128.33999633789062,130.02000427246094,26144,0.0,0.0
2022-10-20 10:30:00-04:00,129.82000732421875,129.82000732421875,128.69000244140625,128.7899932861328,13163,0.0,0.0
2022-10-20 11:30:00-04:00,128.7899932861328,129.17999267578125,127.80000305175781,127.80000305175781,15788,0.0,0.0
2022-10-20 12:30:00-04:00,127.88999938964844,127.88999938964844,127.1531982421875,127.2750015258789,18476,0.0,0.0
2022-10-20 13:30:00-04:00,127.07319641113281,127.45999908447266,126.73999786376953,126.79000091552734,22007,0.0,0.0
2022-10-20 14:30:00-04:00,126.7699966430664,127.61000061035156,126.62000274658203,126.87000274658203,36051,0.0,0.0
2022-10-20 15:30:00-04:00,127.01000213623047,127.97000122070312,126.80000305175781,127.4000015258789,72248,0.0,0.0
2022-10-21 09:30:00-04:00,128.02000427246094,129.7100067138672,127.25,127.8550033569336,16038,0.0,0.0
2022-10-21 10:30:00-04:00,127.86499786376953,129.13999938964844,127.68000030517578,128.88999938964844,31931,0.0,0.0
2022-10-21 11:30:00-04:00,128.89500427246094,129.3000030517578,128.5449981689453,128.56500244140625,62023,0.0,0.0
2022-10-21 12:30:00-04:00,128.64999389648438,129.7899932861328,128.55499267578125,129.42999267578125,15555,0.0,0.0
2022-10-21 13:30:00-04:00,129.61000061035156,130.1300048828125,129.1199951171875,129.5800018310547,46886,0.0,0.0
2022-10-21 14:30:00-04:00,129.53500366210938,130.0500030517578,129.11000061035156,130.0399932861328,30554,0.0,0.0
2022-10-21 15:30:00-04:00,130.1699981689453,130.42999267578125,129.69000244140625,129.82000732421875,64876,0.0,0.0
2022-10-24 09:30:00-04:00,130.61000061035156,132.11000061035156,130.61000061035156,131.55999755859375,27382,0.0,0.0
2022-10-24 10:30:00-04:00,131.93499755859375,132.5,131.58999633789062,132.3300018310547,31184,0.0,0.0
2022-10-24 11:30:00-04:00,132.22000122070312,132.74000549316406,132.1199951171875,132.46499633789062,33522,0.0,0.0
2022-10-24 12:30:00-04:00,132.36000061035156,132.47999572753906,132.02499389648438,132.11000061035156,26365,0.0,0.0
2022-10-24 13:30:00-04:00,132.1699981689453,132.7050018310547,132.11500549316406,132.6999969482422,26508,0.0,0.0
2022-10-24 14:30:00-04:00,132.72000122070312,133.3800048828125,132.69000244140625,132.94000244140625,35650,0.0,0.0
2022-10-24 15:30:00-04:00,132.9499969482422,133.0399932861328,132.60000610351562,132.83999633789062,81002,0.0,0.0
2022-10-25 09:30:00-04:00,131.8300018310547,131.84750366210938,130.55850219726562,131.6750030517578,35868,0.0,0.0
2022-10-25 10:30:00-04:00,131.69500732421875,132.02999877929688,131.00999450683594,131.4149932861328,47221,0.0,0.0
2022-10-25 11:30:00-04:00,131.47000122070312,132.33999633789062,131.35000610351562,132.08999633789062,52786,0.0,0.0
2022-10-25 12:30:00-04:00,132.0749969482422,132.8000030517578,132.0749969482422,132.5500030517578,25022,0.0,0.0
2022-10-25 13:30:00-04:00,132.6199951171875,132.81500244140625,132.2100067138672,132.77999877929688,32893,0.0,0.0
2022-10-25 14:30:00-04:00,132.9550018310547,133.17999267578125,132.80999755859375,133.14500427246094,50080,0.0,0.0
2022-10-25 15:30:00-04:00,133.08999633789062,133.27000427246094,132.9709930419922,133.2100067138672,89636,0.0,0.0
2022-10-26 09:30:00-04:00,134.55999755859375,135.42999267578125,134.05999755859375,135.25,65413,0.0,0.0
2022-10-26 10:30:00-04:00,135.25999450683594,135.7449951171875,134.69500732421875,135.25,74223,0.0,0.0
2022-10-26 11:30:00-04:00,135.44000244140625,135.55999755859375,135.25,135.34500122070312,23421,0.0,0.0
2022-10-26 12:30:00-04:00,135.30999755859375,135.42999267578125,135.00999450683594,135.32000732421875,29903,0.0,0.0
2022-10-26 13:30:00-04:00,135.2100067138672,135.6999969482422,135.14500427246094,135.32000732421875,42508,0.0,0.0
2022-10-26 14:30:00-04:00,135.375,135.60499572753906,135.1300048828125,135.36000061035156,54887,0.0,0.0
2022-10-26 15:30:00-04:00,135.30999755859375,135.6300048828125,134.9774932861328,135.1699981689453,115956,0.0,0.0
2022-10-27 09:30:00-04:00,135.92999267578125,137.89999389648438,135.24000549316406,137.8300018310547,46578,0.0,0.0
2022-10-27 10:30:00-04:00,137.67999267578125,137.80999755859375,136.11000061035156,136.375,42872,0.0,0.0
2022-10-27 11:30:00-04:00,136.38999938964844,136.97999572753906,136.16000366210938,136.2899932861328,32351,0.0,0.0
2022-10-27 12:30:00-04:00,136.25,137.19000244140625,136.25,136.60000610351562,43390,0.0,0.0
2022-10-27 13:30:00-04:00,136.56500244140625,136.72999572753906,136.27999877929688,136.47000122070312,73549,0.0,0.0
2022-10-27 14:30:00-04:00,136.47000122070312,136.6199951171875,136.16000366210938,136.40499877929688,32762,0.0,0.0
2022-10-27 15:30:00-04:00,136.35000610351562,136.66000366210938,135.94000244140625,136.0800018310547,92780,0.0,0.0
2022-10-28 09:30:00-04:00,137.33999633789062,139.78500366210938,136.88999938964844,139.78500366210938,55774,0.0,0.0
2022-10-28 10:30:00-04:00,139.8000030517578,141.0,139.77999877929688,140.7050018310547,76060,0.0,0.0
2022-10-28 11:30:00-04:00,140.80999755859375,142.00999450683594,140.7100067138672,141.83999633789062,35855,0.0,0.0
2022-10-28 12:30:00-04:00,141.94000244140625,142.57000732421875,141.8800048828125,141.98500061035156,28075,0.0,0.0
2022-10-28 13:30:00-04:00,142.0,142.64500427246094,142.0,142.51499938964844,49269,0.0,0.0
2022-10-28 14:30:00-04:00,142.5,143.27000427246094,142.4199981689453,143.25999450683594,52378,0.0,0.0
2022-10-28 15:30:00-04:00,143.26499938964844,143.9499969482422,143.25999450683594,143.77000427246094,101650,0.0,0.0
2022-10-31 09:30:00-04:00,142.5,143.0,141.92999267578125,142.93499755859375,41758,0.0,0.0
2022-10-31 10:30:00-04:00,142.94000244140625,143.07989501953125,142.3000030517578,142.8300018310547,54672,0.0,0.0
2022-10-31 11:30:00-04:00,142.91000366210938,143.3699951171875,142.75,143.02499389648438,66513,0.0,0.0
2022-10-31 12:30:00-04:00,143.0,143.86500549316406,142.97999572753906,143.86500549316406,27622,0.0,0.0
2022-10-31 13:30:00-04:00,144.00999450683594,144.48500061035156,143.8800048828125,144.44000244140625,36332,0.0,0.0
2022-10-31 14:30:00-04:00,144.5,144.88499450683594,144.125,144.86000061035156,51673,0.0,0.0
2022-10-31 15:30:00-04:00,144.85000610351562,145.39999389648438,144.83999633789062,145.2100067138672,109076,0.0,0.0
2022-11-01 09:30:00-04:00,145.99000549316406,146.58999633789062,145.0,146.2899932861328,32820,0.0,0.0
2022-11-01 10:30:00-04:00,146.52499389648438,146.75999450683594,145.14999389648438,145.2100067138672,35978,0.0,0.0
2022-11-01 11:30:00-04:00,145.35780334472656,145.61000061035156,144.86000061035156,145.0500030517578,28658,0.0,0.0
2022-11-01 12:30:00-04:00,145.1699981689453,145.8800048828125,144.97000122070312,145.61000061035156,40255,0.0,0.0
2022-11-01 13:30:00-04:00,145.63499450683594,146.01499938964844,145.53750610351562,145.7270965576172,35117,0.0,0.0
2022-11-01 14:30:00-04:00,145.77000427246094,145.8249969482422,144.90499877929688,144.9199981689453,55373,0.0,0.0
2022-11-01 15:30:00-04:00,144.9199981689453,145.36000061035156,144.77000427246094,145.09500122070312,113396,0.0,0.0
2022-11-02 09:30:00-04:00,144.27999877929688,144.27999877929688,142.91000366210938,143.49000549316406,86940,0.0,0.0
2022-11-02 10:30:00-04:00,143.64999389648438,143.71499633789062,142.85000610351562,142.91000366210938,48791,0.0,0.0
2022-11-02 11:30:00-04:00,142.9250030517578,143.3800048828125,142.5500030517578,142.66000366210938,47356,0.0,0.0
2022-11-02 12:30:00-04:00,142.4499969482422,142.72999572753906,141.88999938964844,142.5399932861328,65530,0.0,0.0
2022-11-02 13:30:00-04:00,142.57000732421875,143.5399932861328,142.22999572753906,143.47999572753906,86633,0.0,0.0
2022-11-02 14:30:00-04:00,143.57000732421875,143.61000061035156,140.19000244140625,140.41000366210938,105176,0.0,0.0
2022-11-02 15:30:00-04:00,140.47999572753906,141.0500030517578,140.0800018310547,140.4600067138672,94716,0.0,0.0
2022-11-03 09:30:00-04:00,140.55999755859375,145.11000061035156,140.0,144.99000549316406,66350,0.0,0.0
2022-11-03 10:30:00-04:00,145.00999450683594,145.89999389648438,144.39999389648438,145.67999267578125,77849,0.0,0.0
2022-11-03 11:30:00-04:00,145.5500030517578,147.6300048828125,145.25999450683594,147.2050018310547,60235,0.0,0.0
2022-11-03 12:30:00-04:00,147.25999450683594,148.0449981689453,146.80999755859375,146.9011993408203,44967,0.0,0.0
2022-11-03 13:30:00-04:00,147.02999877929688,147.66160583496094,146.69500732421875,147.66160583496094,56654,0.0,0.0
2022-11-03 14:30:00-04:00,146.86000061035156,146.86000061035156,146.08999633789062,146.27499389648438,87549,0.0,0.0
2022-11-03 15:30:00-04:00,146.32000732421875,146.41000366210938,145.10000610351562,145.5500030517578,111760,0.0,0.0
2022-11-04 09:30:00-04:00,146.42999267578125,147.86000061035156,146.39999389648438,147.0399932861328,0,0.0,0.0
2022-11-04 10:30:00-04:00,147.07000732421875,147.5,146.47000122070312,146.47000122070312,30960,0.0,0.0
2022-11-04 11:30:00-04:00,146.61000061035156,146.64999389648438,145.19000244140625,146.2449951171875,26465,0.0,0.0
2022-11-04 12:30:00-04:00,146.1300048828125,146.1300048828125,145.21499633789062,145.72000122070312,27904,0.0,0.0
2022-11-04 13:30:00-04:00,145.7899932861328,145.86000061035156,145.22500610351562,145.80999755859375,32752,0.0,0.0
2022-11-04 14:30:00-04:00,145.80999755859375,145.89999389648438,144.80999755859375,144.97999572753906,67830,0.0,0.0
2022-11-04 15:30:00-04:00,144.9199981689453,146.0500030517578,144.6999969482422,145.88499450683594,107293,0.0,0.0
2022-11-07 09:30:00-05:00,146.91000366210938,147.0,145.42999267578125,146.72999572753906,17165,0.0,0.0
2022-11-07 10:30:00-05:00,146.8000030517578,146.9199981689453,145.5399932861328,146.13999938964844,24330,0.0,0.0
2022-11-07 11:30:00-05:00,146.06500244140625,146.81500244140625,145.67999267578125,146.81500244140625,13816,0.0,0.0
2022-11-07 12:30:00-05:00,146.8625030517578,147.0850067138672,146.6699981689453,146.82000732421875,16770,0.0,0.0
2022-11-07 13:30:00-05:00,146.72999572753906,147.42999267578125,146.67999267578125,147.3000030517578,15158,0.0,0.0
2022-11-07 14:30:00-05:00,147.36000061035156,147.50999450683594,146.97140502929688,147.1999969482422,49760,0.0,0.0
2022-11-07 15:30:00-05:00,147.13499450683594,148.1300048828125,147.10000610351562,148.00999450683594,110489,0.0,0.0
2022-11-08 09:30:00-05:00,148.1199951171875,149.02999877929688,147.57000732421875,148.86500549316406,26510,0.0,0.0
2022-11-08 10:30:00-05:00,148.77999877929688,149.35499572753906,148.77000427246094,149.02000427246094,36315,0.0,0.0
2022-11-08 11:30:00-05:00,148.89999389648438,149.1699981689453,148.8000030517578,149.00999450683594,31434,0.0,0.0
2022-11-08 12:30:00-05:00,149.10000610351562,149.5500030517578,148.24000549316406,148.24000549316406,28729,0.0,0.0
2022-11-08 13:30:00-05:00,148.13999938964844,148.13999938964844,146.4600067138672,146.55999755859375,20887,0.0,0.0
2022-11-08 14:30:00-05:00,146.17999267578125,147.82000732421875,146.17999267578125,147.82000732421875,29123,0.0,0.0
2022-11-08 15:30:00-05:00,147.9250030517578,148.4199981689453,147.75,148.11000061035156,89292,0.0,0.0
2022-11-09 09:30:00-05:00,146.8699951171875,147.99000549316406,146.11459350585938,147.5449981689453,26309,0.0,0.0
2022-11-09 10:30:00-05:00,147.6999969482422,147.9499969482422,147.0,147.9499969482422,26961,0.0,0.0
2022-11-09 11:30:00-05:00,147.77000427246094,148.0500030517578,147.13999938964844,147.39999389648438,17336,0.0,0.0
2022-11-09 12:30:00-05:00,147.27999877929688,147.47000122070312,146.97000122070312,146.97000122070312,17744,0.0,0.0
2022-11-09 13:30:00-05:00,146.75,146.80999755859375,146.2100067138672,146.2550048828125,19969,0.0,0.0
2022-11-09 14:30:00-05:00,146.16000366210938,146.1999969482422,145.16000366210938,145.58999633789062,35050,0.0,0.0
2022-11-09 15:30:00-05:00,145.5,145.9600067138672,145.2899932861328,145.8800048828125,60857,0.0,0.0
2022-11-10 09:30:00-05:00,148.61000061035156,149.41000366210938,147.5800018310547,148.89999389648438,60239,0.0,0.0
2022-11-10 10:30:00-05:00,149.00999450683594,150.97999572753906,149.00999450683594,150.0500030517578,31656,0.0,0.0
2022-11-10 11:30:00-05:00,150.25,150.7100067138672,149.4499969482422,149.4499969482422,64996,0.0,0.0
2022-11-10 12:30:00-05:00,149.38499450683594,149.38499450683594,148.33999633789062,148.86000061035156,23549,0.0,0.0
2022-11-10 13:30:00-05:00,148.86000061035156,149.58999633789062,148.77000427246094,149.0800018310547,26125,0.0,0.0
2022-11-10 14:30:00-05:00,149.0749969482422,149.1300048828125,148.14999389648438,148.47999572753906,66059,0.0,0.0
2022-11-10 15:30:00-05:00,148.4600067138672,148.8000030517578,148.1999969482422,148.64999389648438,97901,0.0,0.0
2022-11-11 09:30:00-05:00,149.7899932861328,149.92999267578125,146.69000244140625,146.83999633789062,73590,0.0,0.0
2022-11-11 10:30:00-05:00,146.85000610351562,146.99000549316406,145.82000732421875,146.17999267578125,46891,0.0,0.0
2022-11-11 11:30:00-05:00,146.0749969482422,146.72999572753906,146.0749969482422,146.10000610351562,36242,0.0,0.0
2022-11-11 12:30:00-05:00,146.07000732421875,146.0800018310547,144.14999389648438,144.47999572753906,49679,0.0,0.0
2022-11-11 13:30:00-05:00,144.52499389648438,144.52499389648438,143.5800018310547,143.5800018310547,73289,0.0,0.0
2022-11-11 14:30:00-05:00,143.5399932861328,143.5399932861328,141.9499969482422,142.63999938964844,109029,0.0,0.0
2022-11-11 15:30:00-05:00,142.69000244140625,142.86000061035156,141.69000244140625,141.72000122070312,154792,0.0,0.0
2022-11-14 09:30:00-05:00,140.3699951171875,141.07000732421875,139.42999267578125,140.5800018310547,35900,0.0,0.0
2022-11-14 10:30:00-05:00,140.5500030517578,141.0,140.27999877929688,140.35499572753906,31199,0.0,0.0
2022-11-14 11:30:00-05:00,140.2100067138672,140.74000549316406,140.1300048828125,140.47999572753906,20951,0.0,0.0
2022-11-14 12:30:00-05:00,140.49000549316406,140.91000366210938,140.33999633789062,140.76499938964844,24518,0.0,0.0
2022-11-14 13:30:00-05:00,140.72000122070312,140.80999755859375,140.05999755859375,140.05999755859375,27831,0.0,0.0
2022-11-14 14:30:00-05:00,140.19000244140625,140.2899932861328,139.67999267578125,139.97000122070312,43127,0.0,0.0
2022-11-14 15:30:00-05:00,140.0,140.22000122070312,139.14999389648438,139.16000366210938,107821,0.0,0.0
2022-11-15 09:30:00-05:00,140.0,140.0850067138672,139.05999755859375,139.52999877929688,17515,0.0,0.0
2022-11-15 10:30:00-05:00,139.70750427246094,140.0800018310547,138.60499572753906,138.74000549316406,61438,0.0,0.0
2022-11-15 11:30:00-05:00,138.72999572753906,139.17999267578125,138.2899932861328,138.5500030517578,198942,0.0,0.0
2022-11-15 12:30:00-05:00,138.4499969482422,138.66000366210938,137.1199951171875,137.1999969482422,43203,0.0,0.0
2022-11-15 13:30:00-05:00,137.16000366210938,138.55999755859375,137.02000427246094,138.4199981689453,40360,0.0,0.0
2022-11-15 14:30:00-05:00,138.47999572753906,139.00999450683594,138.22999572753906,138.74000549316406,42813,0.0,0.0
2022-11-15 15:30:00-05:00,138.6699981689453,138.8800048828125,138.38999938964844,138.66000366210938,121124,0.0,0.0
2022-11-16 09:30:00-05:00,138.61000061035156,139.75999450683594,137.6999969482422,139.27000427246094,144118,0.0,0.0
2022-11-16 10:30:00-05:00,139.1999969482422,139.97779846191406,139.1999969482422,139.96499633789062,27384,0.0,0.0
2022-11-16 11:30:00-05:00,139.88999938964844,140.16000366210938,139.5,140.0399932861328,37545,0.0,0.0
2022-11-16 12:30:00-05:00,140.02000427246094,141.0,140.02000427246094,140.69000244140625,24034,0.0,0.0
2022-11-16 13:30:00-05:00,140.66000366210938,140.77999877929688,140.11000061035156,140.44000244140625,28278,0.0,0.0
2022-11-16 14:30:00-05:00,140.50999450683594,141.05999755859375,140.3000030517578,140.6699981689453,34742,0.0,0.0
2022-11-16 15:30:00-05:00,140.74000549316406,140.92999267578125,140.1300048828125,140.1699981689453,60996,0.0,0.0
2022-11-17 09:30:00-05:00,138.7899932861328,140.6999969482422,138.7100067138672,140.42999267578125,0,0.0,0.0
2022-11-17 10:30:00-05:00,140.41000366210938,140.83999633789062,140.1999969482422,140.52000427246094,21034,0.0,0.0
2022-11-17 11:30:00-05:00,140.67999267578125,140.9149932861328,140.27000427246094,140.91000366210938,11873,0.0,0.0
2022-11-17 12:30:00-05:00,140.82420349121094,141.06500244140625,140.22999572753906,140.3249969482422,24013,0.0,0.0
2022-11-17 13:30:00-05:00,140.3000030517578,140.50999450683594,140.17999267578125,140.4600067138672,12033,0.0,0.0
2022-11-17 14:30:00-05:00,140.4199981689453,140.6999969482422,140.13999938964844,140.1999969482422,19412,0.0,0.0
2022-11-17 15:30:00-05:00,140.27000427246094,140.5,140.10000610351562,140.22000122070312,56176,0.0,0.0
2022-11-18 09:30:00-05:00,141.85000610351562,143.02999877929688,141.58999633789062,143.0,26841,0.0,0.0
2022-11-18 10:30:00-05:00,142.91000366210938,143.1999969482422,142.4600067138672,143.07000732421875,31677,0.0,0.0
2022-11-18 11:30:00-05:00,143.08999633789062,143.27999877929688,141.02000427246094,141.02499389648438,28515,0.0,0.0
2022-11-18 12:30:00-05:00,140.94000244140625,141.0175018310547,140.36000061035156,140.7100067138672,39148,0.0,0.0
2022-11-18 13:30:00-05:00,140.8249969482422,141.19500732421875,139.80250549316406,141.11000061035156,93185,0.0,0.0
2022-11-18 14:30:00-05:00,141.1750030517578,142.17999267578125,140.9499969482422,142.1750030517578,37881,0.0,0.0
2022-11-18 15:30:00-05:00,142.2100067138672,142.72000122070312,142.02000427246094,142.14999389648438,79255,0.0,0.0
2022-11-21 09:30:00-05:00,142.47999572753906,144.0,142.47999572753906,142.7899932861328,52385,0.0,0.0
2022-11-21 10:30:00-05:00,142.9199981689453,143.1300048828125,141.99000549316406,142.0800018310547,40977,0.0,0.0
2022-11-21 11:30:00-05:00,142.10000610351562,142.64999389648438,142.00999450683594,142.3000030517578,28801,0.0,0.0
2022-11-21 12:30:00-05:00,142.33999633789062,143.35000610351562,142.33999633789062,143.1199951171875,27184,0.0,0.0
2022-11-21 13:30:00-05:00,143.10499572753906,143.16000366210938,142.22000122070312,142.22000122070312,31384,0.0,0.0
2022-11-21 14:30:00-05:00,142.22999572753906,142.5800018310547,142.13999938964844,142.27000427246094,39399,0.0,0.0
2022-11-21 15:30:00-05:00,142.2949981689453,142.6699981689453,142.2100067138672,142.22999572753906,90762,0.0,0.0
2022-11-22 09:30:00-05:00,143.22999572753906,144.47999572753906,142.77999877929688,144.00999450683594,45675,0.0,0.0
2022-11-22 10:30:00-05:00,144.09500122070312,144.3260955810547,143.0399932861328,143.1750030517578,38761,0.0,0.0
2022-11-22 11:30:00-05:00,143.125,143.33999633789062,142.52999877929688,142.52999877929688,25132,0.0,0.0
2022-11-22 12:30:00-05:00,142.52999877929688,142.8300018310547,142.39500427246094,142.6999969482422,30800,0.0,0.0
2022-11-22 13:30:00-05:00,142.69000244140625,143.02000427246094,142.3800048828125,143.01499938964844,41738,0.0,0.0
2022-11-22 14:30:00-05:00,143.02000427246094,143.11000061035156,142.69000244140625,143.02000427246094,46712,0.0,0.0
2022-11-22 15:30:00-05:00,143.00999450683594,143.00999450683594,142.5800018310547,142.72999572753906,94341,0.0,0.0
2022-11-23 09:30:00-05:00,142.77000427246094,143.91000366210938,142.77000427246094,143.91000366210938,57194,0.0,0.0
2022-11-23 10:30:00-05:00,143.94000244140625,144.0,142.80999755859375,142.80999755859375,59339,0.0,0.0
2022-11-23 11:30:00-05:00,142.8249969482422,142.8800048828125,142.47999572753906,142.49000549316406,78157,0.0,0.0
2022-11-23 12:30:00-05:00,142.4499969482422,142.72999572753906,142.4499969482422,142.72999572753906,26276,0.0,0.0
2022-11-23 13:30:00-05:00,142.72500610351562,143.1699981689453,142.38999938964844,142.91000366210938,43462,0.0,0.0
2022-11-23 14:30:00-05:00,142.91000366210938,142.99000549316406,142.5800018310547,142.9199981689453,48228,0.0,0.0
2022-11-23 15:30:00-05:00,142.8800048828125,142.8800048828125,142.4600067138672,142.4600067138672,100987,0.0,0.0
2022-11-25 09:30:00-05:00,143.24000549316406,144.6199951171875,142.61000061035156,143.58999633789062,51772,0.0,0.0
2022-11-25 10:30:00-05:00,143.52000427246094,143.92999267578125,143.42999267578125,143.60000610351562,64919,0.0,0.0
2022-11-25 11:30:00-05:00,143.6999969482422,143.8000030517578,143.4499969482422,143.58999633789062,49013,0.0,0.0
2022-11-28 09:30:00-05:00,142.35000610351562,143.693603515625,142.3000030517578,142.76499938964844,41432,0.0,0.0
2022-11-28 10:30:00-05:00,142.75999450683594,142.80999755859375,142.17999267578125,142.3699951171875,35892,0.0,0.0
2022-11-28 11:30:00-05:00,142.3800048828125,142.38999938964844,141.86000061035156,141.99000549316406,42348,0.0,0.0
2022-11-28 12:30:00-05:00,142.02000427246094,142.02000427246094,141.47000122070312,141.60000610351562,39395,0.0,0.0
2022-11-28 13:30:00-05:00,141.5,141.6199951171875,140.80999755859375,140.83999633789062,39633,0.0,0.0
2022-11-28 14:30:00-05:00,140.80999755859375,141.40499877929688,140.6199951171875,141.33999633789062,66589,0.0,0.0
2022-11-28 15:30:00-05:00,141.33999633789062,141.64999389648438,141.02999877929688,141.25,112654,0.0,0.0
2022-11-29 09:30:00-05:00,140.6199951171875,141.42250061035156,140.27000427246094,140.85000610351562,40297,0.0,0.0
2022-11-29 10:30:00-05:00,140.72000122070312,140.8000030517578,140.08999633789062,140.08999633789062,35130,0.0,0.0
2022-11-29 11:30:00-05:00,140.14999389648438,140.6999969482422,139.85000610351562,139.91000366210938,36324,0.0,0.0
2022-11-29 12:30:00-05:00,139.9199981689453,140.5500030517578,139.86000061035156,140.39999389648438,53529,0.0,0.0
2022-11-29 13:30:00-05:00,140.39999389648438,140.83999633789062,140.22000122070312,140.22000122070312,35423,0.0,0.0
2022-11-29 14:30:00-05:00,140.22000122070312,140.22000122070312,139.60000610351562,139.7100067138672,68785,0.0,0.0
2022-11-29 15:30:00-05:00,139.6699981689453,140.10000610351562,139.63999938964844,139.97999572753906,107467,0.0,0.0
2022-11-30 09:30:00-05:00,139.49000549316406,139.89999389648438,138.31500244140625,139.19000244140625,0,0.0,0.0
2022-11-30 10:30:00-05:00,139.00999450683594,140.19000244140625,139.00999450683594,140.01499938964844,33897,0.0,0.0
2022-11-30 11:30:00-05:00,140.00999450683594,140.07000732421875,139.7100067138672,139.91000366210938,46902,0.0,0.0
2022-11-30 12:30:00-05:00,139.89999389648438,140.6649932861328,139.75999450683594,140.47999572753906,52653,0.0,0.0
2022-11-30 13:30:00-05:00,140.39999389648438,142.6300048828125,140.39999389648438,142.52999877929688,73092,0.0,0.0
2022-11-30 14:30:00-05:00,142.58999633789062,143.5500030517578,142.44000244140625,143.30999755859375,87136,0.0,0.0
2022-11-30 15:30:00-05:00,143.3300018310547,144.07000732421875,142.0500030517578,142.3800048828125,317275,0.0,0.0
2022-12-01 09:30:00-05:00,143.02999877929688,143.30999755859375,141.69500732421875,141.9250030517578,48118,0.0,0.0
2022-12-01 10:30:00-05:00,141.9550018310547,142.55999755859375,141.77999877929688,142.1649932861328,49353,0.0,0.0
2022-12-01 11:30:00-05:00,142.10000610351562,142.17999267578125,141.2100067138672,141.6999969482422,38348,0.0,0.0
2022-12-01 12:30:00-05:00,141.69000244140625,142.16000366210938,141.5500030517578,141.5500030517578,38579,0.0,0.0
2022-12-01 13:30:00-05:00,141.5449981689453,141.9550018310547,141.35499572753906,141.89500427246094,42753,0.0,0.0
2022-12-01 14:30:00-05:00,141.89999389648438,142.5500030517578,141.85000610351562,142.3000030517578,59590,0.0,0.0
2022-12-01 15:30:00-05:00,142.25999450683594,142.5216064453125,142.1699981689453,142.39999389648438,103853,0.0,0.0
2022-12-02 09:30:00-05:00,141.05999755859375,142.83389282226562,141.05999755859375,141.72999572753906,32605,0.0,0.0
2022-12-02 10:30:00-05:00,141.75,142.3000030517578,141.75,141.97500610351562,42907,0.0,0.0
2022-12-02 11:30:00-05:00,142.0399932861328,142.2899932861328,141.85000610351562,141.85000610351562,35583,0.0,0.0
2022-12-02 12:30:00-05:00,141.89999389648438,141.92999267578125,141.52999877929688,141.5850067138672,26978,0.0,0.0
2022-12-02 13:30:00-05:00,141.66000366210938,142.00999450683594,141.63999938964844,141.97999572753906,28028,0.0,0.0
2022-12-02 14:30:00-05:00,141.9600067138672,142.24000549316406,141.88999938964844,142.0,46847,0.0,0.0
2022-12-02 15:30:00-05:00,142.0,142.02000427246094,141.5449981689453,141.72999572753906,123587,0.0,0.0
2022-12-05 09:30:00-05:00,140.14999389648438,140.22000122070312,137.19000244140625,137.5399932861328,44516,0.0,0.0
2022-12-05 10:30:00-05:00,137.63999938964844,137.8699951171875,136.92999267578125,137.0749969482422,28607,0.0,0.0
2022-12-05 11:30:00-05:00,137.11000061035156,137.3800048828125,136.5,137.3300018310547,39905,0.0,0.0
2022-12-05 12:30:00-05:00,137.3800048828125,137.77000427246094,137.0399932861328,137.47500610351562,27218,0.0,0.0
2022-12-05 13:30:00-05:00,137.52000427246094,137.63999938964844,137.02000427246094,137.1300048828125,23424,0.0,0.0
2022-12-05 14:30:00-05:00,137.1280059814453,137.5500030517578,137.0,137.05999755859375,25774,0.0,0.0
2022-12-05 15:30:00-05:00,137.02499389648438,137.42999267578125,136.9600067138672,137.10000610351562,87607,0.0,0.0
2022-12-06 09:30:00-05:00,137.5500030517578,138.66000366210938,136.38999938964844,138.25999450683594,31670,0.0,0.0
2022-12-06 10:30:00-05:00,138.19000244140625,138.30999755859375,137.30999755859375,137.33999633789062,25603,0.0,0.0
2022-12-06 11:30:00-05:00,137.44000244140625,137.92999267578125,137.44000244140625,137.7899932861328,21542,0.0,0.0
2022-12-06 12:30:00-05:00,137.8000030517578,138.0,137.22999572753906,137.25999450683594,24664,0.0,0.0
2022-12-06 13:30:00-05:00,137.2899932861328,137.61000061035156,137.19000244140625,137.47999572753906,24474,0.0,0.0
2022-12-06 14:30:00-05:00,137.47999572753906,138.02000427246094,137.24000549316406,137.8300018310547,40711,0.0,0.0
2022-12-06 15:30:00-05:00,137.88999938964844,139.05999755859375,137.88999938964844,138.9199981689453,119801,0.0,0.0
2022-12-07 09:30:00-05:00,138.36000061035156,139.63999938964844,138.36000061035156,139.63999938964844,22789,0.0,0.0
2022-12-07 10:30:00-05:00,139.66000366210938,139.69000244140625,139.0399932861328,139.06500244140625,20635,0.0,0.0
2022-12-07 11:30:00-05:00,139.00999450683594,139.07749938964844,138.33999633789062,138.33999633789062,14854,0.0,0.0
2022-12-07 12:30:00-05:00,138.30999755859375,138.3800048828125,137.9499969482422,138.07000732421875,18981,0.0,0.0
2022-12-07 13:30:00-05:00,138.1300048828125,138.6699981689453,137.99000549316406,138.0399932861328,18050,0.0,0.0
2022-12-07 14:30:00-05:00,138.0500030517578,138.3800048828125,137.66000366210938,137.72999572753906,29052,0.0,0.0
2022-12-07 15:30:00-05:00,137.69000244140625,137.80499267578125,137.5050048828125,137.74000549316406,89591,0.0,0.0
2022-12-08 09:30:00-05:00,138.1199951171875,139.3300018310547,137.4600067138672,138.77000427246094,119911,0.0,0.0
2022-12-08 10:30:00-05:00,138.64500427246094,138.65750122070312,137.83999633789062,138.27699279785156,30870,0.0,0.0
2022-12-08 11:30:00-05:00,138.3300018310547,138.63900756835938,138.24000549316406,138.36000061035156,18748,0.0,0.0
2022-12-08 12:30:00-05:00,138.4499969482422,138.52000427246094,138.01499938964844,138.52000427246094,16037,0.0,0.0
2022-12-08 13:30:00-05:00,138.60000610351562,138.64500427246094,137.75999450683594,137.75999450683594,18055,0.0,0.0
2022-12-08 14:30:00-05:00,137.74000549316406,138.0500030517578,137.63999938964844,138.0399932861328,23301,0.0,0.0
2022-12-08 15:30:00-05:00,138.08999633789062,138.3000030517578,137.8000030517578,138.3000030517578,62561,0.0,0.0
2022-12-09 09:30:00-05:00,137.9499969482422,138.7899932861328,137.22999572753906,137.22999572753906,21293,0.0,0.0
2022-12-09 10:30:00-05:00,137.40499877929688,137.5,136.77000427246094,136.96499633789062,25260,0.0,0.0
2022-12-09 11:30:00-05:00,136.96499633789062,137.10000610351562,136.5124969482422,136.7100067138672,24918,0.0,0.0
2022-12-09 12:30:00-05:00,136.6699981689453,136.88499450683594,136.47000122070312,136.63999938964844,19645,0.0,0.0
2022-12-09 13:30:00-05:00,136.66000366210938,136.77000427246094,136.2899932861328,136.4600067138672,26065,0.0,0.0
2022-12-09 14:30:00-05:00,136.44000244140625,136.85000610351562,136.44000244140625,136.64999389648438,29249,0.0,0.0
2022-12-09 15:30:00-05:00,136.64999389648438,136.77999877929688,135.9499969482422,135.99000549316406,70040,0.0,0.0
2022-12-12 09:30:00-05:00,135.8000030517578,135.99000549316406,135.02999877929688,135.99000549316406,22375,0.0,0.0
2022-12-12 10:30:00-05:00,135.97999572753906,136.07000732421875,135.61000061035156,136.00999450683594,22789,0.0,0.0
2022-12-12 11:30:00-05:00,136.0,136.0399932861328,135.69500732421875,135.69500732421875,31105,0.0,0.0
2022-12-12 12:30:00-05:00,135.66000366210938,136.0,135.58999633789062,135.8300018310547,27522,0.0,0.0
2022-12-12 13:30:00-05:00,135.94000244140625,136.16000366210938,135.89999389648438,136.00999450683594,34034,0.0,0.0
2022-12-12 14:30:00-05:00,135.9600067138672,136.76499938964844,135.94000244140625,136.72999572753906,39424,0.0,0.0
2022-12-12 15:30:00-05:00,136.72999572753906,136.7899932861328,136.24000549316406,136.72000122070312,81330,0.0,0.0
2022-12-13 09:30:00-05:00,138.67999267578125,138.67999267578125,135.61000061035156,135.91000366210938,38989,0.0,0.0
2022-12-13 10:30:00-05:00,135.8000030517578,136.80499267578125,135.8000030517578,136.36000061035156,37165,0.0,0.0
2022-12-13 11:30:00-05:00,136.4499969482422,136.75,135.39999389648438,135.5500030517578,25763,0.0,0.0
2022-12-13 12:30:00-05:00,135.4199981689453,136.10000610351562,135.2100067138672,136.10000610351562,28689,0.0,0.0
2022-12-13 13:30:00-05:00,136.07000732421875,136.27999877929688,135.66000366210938,136.05999755859375,24976,0.0,0.0
2022-12-13 14:30:00-05:00,135.9199981689453,136.39500427246094,135.6199951171875,135.98500061035156,30592,0.0,0.0
2022-12-13 15:30:00-05:00,136.02999877929688,136.4499969482422,135.8800048828125,136.0500030517578,70008,0.0,0.0
2022-12-14 09:30:00-05:00,136.10000610351562,136.75,136.10000610351562,136.6199951171875,13402,0.0,0.0
2022-12-14 10:30:00-05:00,136.5970001220703,136.72999572753906,136.3699951171875,136.72999572753906,25540,0.0,0.0
2022-12-14 11:30:00-05:00,136.7899932861328,136.83999633789062,136.27999877929688,136.5800018310547,23860,0.0,0.0
2022-12-14 12:30:00-05:00,136.52999877929688,136.77000427246094,136.39999389648438,136.64999389648438,21036,0.0,0.0
2022-12-14 13:30:00-05:00,136.69000244140625,137.02999877929688,135.27000427246094,135.8300018310547,22931,0.0,0.0
2022-12-14 14:30:00-05:00,135.67999267578125,136.24000549316406,134.89999389648438,134.97999572753906,30771,0.0,0.0
2022-12-14 15:30:00-05:00,134.97999572753906,135.5399932861328,134.4499969482422,135.0,91061,0.0,0.0
2022-12-15 09:30:00-05:00,133.75,134.2899932861328,133.07000732421875,133.67999267578125,40085,0.0,0.0
2022-12-15 10:30:00-05:00,133.77999877929688,134.3800048828125,133.64999389648438,133.64999389648438,28504,0.0,0.0
2022-12-15 11:30:00-05:00,133.83999633789062,134.08999633789062,133.50999450683594,133.75999450683594,21418,0.0,0.0
2022-12-15 12:30:00-05:00,133.83999633789062,133.9149932861328,132.6750030517578,132.74000549316406,28862,0.0,0.0
2022-12-15 13:30:00-05:00,132.77999877929688,132.8000030517578,132.3000030517578,132.50999450683594,53754,0.0,0.0
2022-12-15 14:30:00-05:00,132.5500030517578,133.38999938964844,132.5500030517578,133.16000366210938,52031,0.0,0.0
2022-12-15 15:30:00-05:00,133.11000061035156,133.22999572753906,132.39999389648438,132.5,128446,0.0,0.0
2022-12-16 09:30:00-05:00,131.27000427246094,132.26499938964844,131.1300048828125,131.69000244140625,72801,0.0,0.0
2022-12-16 10:30:00-05:00,131.6199951171875,132.02999877929688,131.3300018310547,131.75999450683594,22656,0.0,0.0
2022-12-16 11:30:00-05:00,131.83999633789062,132.13999938964844,130.9199981689453,131.16000366210938,19607,0.0,0.0
2022-12-16 12:30:00-05:00,131.1699981689453,131.27000427246094,130.4600067138672,130.625,44957,0.0,0.0
2022-12-16 13:30:00-05:00,130.5800018310547,131.36000061035156,130.51449584960938,131.30999755859375,23958,0.0,0.0
2022-12-16 14:30:00-05:00,131.3000030517578,132.05999755859375,131.11000061035156,132.02000427246094,24240,0.0,0.0
2022-12-16 15:30:00-05:00,132.00999450683594,132.80999755859375,131.97999572753906,132.1699981689453,100784,0.0,0.0
2022-12-19 09:30:00-05:00,132.25,134.0,132.25,133.69500732421875,26238,0.0,0.0
2022-12-19 10:30:00-05:00,133.72000122070312,133.80999755859375,132.9499969482422,133.0850067138672,29137,0.0,0.0
2022-12-19 11:30:00-05:00,133.1300048828125,133.13999938964844,132.13999938964844,132.3000030517578,32368,0.0,0.0
2022-12-19 12:30:00-05:00,132.30999755859375,132.49000549316406,132.10000610351562,132.2949981689453,18471,0.0,0.0
2022-12-19 13:30:00-05:00,132.2834014892578,132.32000732421875,131.49000549316406,131.49000549316406,19774,0.0,0.0
2022-12-19 14:30:00-05:00,131.52000427246094,132.27999877929688,131.31500244140625,132.25999450683594,32107,0.0,0.0
2022-12-19 15:30:00-05:00,132.24000549316406,132.69500732421875,132.24000549316406,132.42999267578125,87247,0.0,0.0
2022-12-20 09:30:00-05:00,133.1999969482422,134.39999389648438,132.7899932861328,133.72500610351562,32551,0.0,0.0
2022-12-20 10:30:00-05:00,133.69000244140625,133.97999572753906,133.39999389648438,133.5449981689453,34264,0.0,0.0
2022-12-20 11:30:00-05:00,133.59500122070312,134.6199951171875,133.55499267578125,134.50999450683594,36000,0.0,0.0
2022-12-20 12:30:00-05:00,134.4600067138672,135.02999877929688,134.3000030517578,134.8800048828125,29757,0.0,0.0
2022-12-20 13:30:00-05:00,134.88169860839844,135.2899932861328,134.47999572753906,134.47999572753906,30615,0.0,0.0
2022-12-20 14:30:00-05:00,134.5,134.8699951171875,134.38999938964844,134.74000549316406,40592,0.0,0.0
2022-12-20 15:30:00-05:00,134.72000122070312,135.0500030517578,134.4199981689453,134.4199981689453,69313,0.0,0.0
2022-12-21 09:30:00-05:00,135.5800018310547,136.31500244140625,134.59010314941406,136.31500244140625,32264,0.0,0.0
2022-12-21 10:30:00-05:00,136.22999572753906,137.0,136.22999572753906,136.8000030517578,22199,0.0,0.0
2022-12-21 11:30:00-05:00,136.80499267578125,136.9499969482422,136.60009765625,136.88999938964844,20487,0.0,0.0
2022-12-21 12:30:00-05:00,136.89999389648438,137.60000610351562,136.89999389648438,137.0800018310547,25865,0.0,0.0
2022-12-21 13:30:00-05:00,137.0850067138672,137.5,137.0399932861328,137.07000732421875,28035,0.0,0.0
2022-12-21 14:30:00-05:00,136.92999267578125,136.9600067138672,136.39999389648438,136.66000366210938,34490,0.0,0.0
2022-12-21 15:30:00-05:00,136.6300048828125,137.02999877929688,136.5,136.83999633789062,83665,0.0,0.0
2022-12-22 09:30:00-05:00,136.39999389648438,136.51499938964844,135.52099609375,135.78500366210938,18018,0.0,0.0
2022-12-22 10:30:00-05:00,135.7100067138672,135.88999938964844,135.1300048828125,135.44000244140625,13544,0.0,0.0
2022-12-22 11:30:00-05:00,135.45089721679688,135.6199951171875,134.97999572753906,134.97999572753906,11659,0.0,0.0
2022-12-22 12:30:00-05:00,134.92999267578125,134.93499755859375,134.50999450683594,134.89999389648438,17836,0.0,0.0
2022-12-22 13:30:00-05:00,134.91000366210938,135.5,134.75,135.47999572753906,56209,0.0,0.0
2022-12-22 14:30:00-05:00,135.5399932861328,136.2550048828125,135.52999877929688,136.22000122070312,34851,0.0,0.0
2022-12-22 15:30:00-05:00,136.3699951171875,136.5399932861328,136.02000427246094,136.11000061035156,51451,0.0,0.0
2022-12-23 09:30:00-05:00,136.19000244140625,136.7050018310547,135.4600067138672,136.6300048828125,14470,0.0,0.0
2022-12-23 10:30:00-05:00,136.74000549316406,136.77000427246094,136.3800048828125,136.5399932861328,10838,0.0,0.0
2022-12-23 11:30:00-05:00,136.61000061035156,137.27000427246094,136.55999755859375,137.22999572753906,11552,0.0,0.0
2022-12-23 12:30:00-05:00,137.30999755859375,137.39340209960938,137.17999267578125,137.3000030517578,8388,0.0,0.0
2022-12-23 13:30:00-05:00,137.27000427246094,137.40499877929688,137.1750030517578,137.40499877929688,14316,0.0,0.0
2022-12-23 14:30:00-05:00,137.3699951171875,137.7449951171875,137.26499938964844,137.4600067138672,16903,0.0,0.0
2022-12-23 15:30:00-05:00,137.42999267578125,137.82000732421875,137.3000030517578,137.7899932861328,39973,0.0,0.0
2022-12-27 09:30:00-05:00,137.91000366210938,138.3000030517578,137.44000244140625,138.13999938964844,9500,0.0,0.0
2022-12-27 10:30:00-05:00,138.0800018310547,138.36000061035156,137.81500244140625,137.89999389648438,22098,0.0,0.0
2022-12-27 11:30:00-05:00,138.0,138.5800018310547,137.95249938964844,138.5800018310547,13716,0.0,0.0
2022-12-27 12:30:00-05:00,138.64999389648438,139.02999877929688,138.36000061035156,139.02999877929688,16481,0.0,0.0
2022-12-27 13:30:00-05:00,138.97000122070312,138.97000122070312,137.8972930908203,137.8972930908203,17322,0.0,0.0
2022-12-27 14:30:00-05:00,137.91000366210938,138.5449981689453,137.85000610351562,138.4149932861328,14018,0.0,0.0
2022-12-27 15:30:00-05:00,138.4600067138672,138.55999755859375,138.11000061035156,138.3300018310547,43515,0.0,0.0
2022-12-28 09:30:00-05:00,138.38999938964844,138.6699981689453,137.73500061035156,137.73500061035156,8131,0.0,0.0
2022-12-28 10:30:00-05:00,137.72500610351562,137.9199981689453,137.25,137.52000427246094,8091,0.0,0.0
2022-12-28 11:30:00-05:00,137.52000427246094,137.55999755859375,136.8699951171875,136.94000244140625,4589,0.0,0.0
2022-12-28 12:30:00-05:00,137.0,137.82000732421875,137.0,137.6199951171875,18943,0.0,0.0
2022-12-28 13:30:00-05:00,137.6992950439453,137.6992950439453,137.1699981689453,137.27999877929688,11454,0.0,0.0
2022-12-28 14:30:00-05:00,137.38999938964844,137.75999450683594,136.86000061035156,136.9199981689453,15653,0.0,0.0
2022-12-28 15:30:00-05:00,136.83999633789062,137.1300048828125,136.33999633789062,136.33999633789062,51092,0.0,0.0
2022-12-29 09:30:00-05:00,136.91000366210938,137.61000061035156,136.60499572753906,137.47999572753906,15589,0.0,0.0
2022-12-29 10:30:00-05:00,137.57000732421875,137.8249969482422,137.3000030517578,137.39010620117188,14956,0.0,0.0
2022-12-29 11:30:00-05:00,137.50999450683594,138.32000732421875,137.5,138.3000030517578,13318,0.0,0.0
2022-12-29 12:30:00-05:00,138.27000427246094,138.66000366210938,138.27000427246094,138.3300018310547,14988,0.0,0.0
2022-12-29 13:30:00-05:00,138.25,138.32000732421875,137.86500549316406,137.88999938964844,18378,0.0,0.0
2022-12-29 14:30:00-05:00,137.8419952392578,138.10000610351562,137.56919860839844,137.69000244140625,16528,0.0,0.0
2022-12-29 15:30:00-05:00,137.67999267578125,138.02499389648438,137.50999450683594,137.61000061035156,59062,0.0,0.0
2022-12-30 09:30:00-05:00,137.25999450683594,137.3249969482422,136.50999450683594,137.21499633789062,16686,0.0,0.0
2022-12-30 10:30:00-05:00,137.14999389648438,137.16000366210938,136.72999572753906,136.72999572753906,9370,0.0,0.0
2022-12-30 11:30:00-05:00,136.6488037109375,137.1199951171875,136.6488037109375,136.92999267578125,10358,0.0,0.0
2022-12-30 12:30:00-05:00,136.92539978027344,137.13499450683594,136.3800048828125,136.66000366210938,11073,0.0,0.0
2022-12-30 13:30:00-05:00,136.71670532226562,136.85499572753906,136.25,136.38999938964844,13198,0.0,0.0
2022-12-30 14:30:00-05:00,136.47999572753906,136.8699951171875,136.24000549316406,136.53500366210938,14641,0.0,0.0
2022-12-30 15:30:00-05:00,136.49000549316406,137.60000610351562,136.49000549316406,137.27999877929688,43015,0.0,0.0
2023-01-03 09:30:00-05:00,137.49000549316406,137.52000427246094,136.4199981689453,137.25,23317,0.0,0.0
2023-01-03 10:30:00-05:00,137.1999969482422,138.7550048828125,137.1999969482422,138.3000030517578,29974,0.0,0.0
2023-01-03 11:30:00-05:00,138.14999389648438,138.17999267578125,137.18499755859375,137.30999755859375,20502,0.0,0.0
2023-01-03 12:30:00-05:00,137.3000030517578,137.77999877929688,137.02749633789062,137.22000122070312,20869,0.0,0.0
2023-01-03 13:30:00-05:00,137.16000366210938,137.1699981689453,136.30999755859375,136.30999755859375,31554,0.0,0.0
2023-01-03 14:30:00-05:00,136.2949981689453,136.74000549316406,136.02000427246094,136.42999267578125,40085,0.0,0.0
2023-01-03 15:30:00-05:00,136.39999389648438,137.02000427246094,136.39999389648438,136.8699951171875,53242,0.0,0.0
2023-01-04 09:30:00-05:00,137.30999755859375,138.80999755859375,137.30999755859375,138.42999267578125,16916,0.0,0.0
2023-01-04 10:30:00-05:00,138.5500030517578,138.6999969482422,138.25,138.50999450683594,16553,0.0,0.0
2023-01-04 11:30:00-05:00,138.74000549316406,139.4600067138672,138.69000244140625,139.07000732421875,17773,0.0,0.0
2023-01-04 12:30:00-05:00,139.16000366210938,139.5449981689453,139.0500030517578,139.52000427246094,19673,0.0,0.0
2023-01-04 13:30:00-05:00,139.47000122070312,139.56500244140625,138.16000366210938,138.17999267578125,26885,0.0,0.0
2023-01-04 14:30:00-05:00,138.22000122070312,139.08999633789062,138.22000122070312,138.80499267578125,37305,0.0,0.0
2023-01-04 15:30:00-05:00,138.77000427246094,139.74000549316406,138.6300048828125,139.6300048828125,151841,0.0,0.0
2023-01-05 09:30:00-05:00,139.14999389648438,139.14999389648438,137.9149932861328,138.47000122070312,34269,0.0,0.0
2023-01-05 10:30:00-05:00,138.52000427246094,138.57000732421875,137.2050018310547,137.3300018310547,23370,0.0,0.0
2023-01-05 11:30:00-05:00,137.30999755859375,138.25999450683594,137.3000030517578,138.1999969482422,28129,0.0,0.0
2023-01-05 12:30:00-05:00,138.32000732421875,138.77000427246094,138.30960083007812,138.6999969482422,17311,0.0,0.0
2023-01-05 13:30:00-05:00,138.625,138.72000122070312,138.2100067138672,138.2100067138672,24919,0.0,0.0
2023-01-05 14:30:00-05:00,138.2899932861328,138.80499267578125,138.05520629882812,138.1300048828125,26776,0.0,0.0
2023-01-05 15:30:00-05:00,138.07000732421875,138.375,138.0,138.11000061035156,45226,0.0,0.0
2023-01-06 09:30:00-05:00,139.05999755859375,141.03970336914062,139.05999755859375,140.86000061035156,19702,0.0,0.0
2023-01-06 10:30:00-05:00,140.92999267578125,141.47000122070312,140.8699951171875,141.33999633789062,13086,0.0,0.0
2023-01-06 11:30:00-05:00,141.25999450683594,141.72000122070312,141.2100067138672,141.24000549316406,13805,0.0,0.0
2023-01-06 12:30:00-05:00,141.14999389648438,141.14999389648438,140.41000366210938,140.75770568847656,28038,0.0,0.0
2023-01-06 13:30:00-05:00,140.77499389648438,141.72000122070312,140.77499389648438,141.5399932861328,19376,0.0,0.0
2023-01-06 14:30:00-05:00,141.50999450683594,141.74000549316406,141.27000427246094,141.6199951171875,25657,0.0,0.0
2023-01-06 15:30:00-05:00,141.6199951171875,141.75999450683594,141.07000732421875,141.13999938964844,82372,0.0,0.0
2023-01-09 09:30:00-05:00,140.64999389648438,141.81500244140625,140.0,141.00250244140625,38026,0.0,0.0
2023-01-09 10:30:00-05:00,141.11000061035156,141.67999267578125,141.11000061035156,141.52999877929688,10894,0.0,0.0
2023-01-09 11:30:00-05:00,141.50999450683594,141.50999450683594,140.125,140.3300018310547,18747,0.0,0.0
2023-01-09 12:30:00-05:00,140.33529663085938,140.36000061035156,139.3350067138672,139.61000061035156,13342,0.0,0.0
2023-01-09 13:30:00-05:00,139.69000244140625,140.4499969482422,139.5399932861328,140.1300048828125,38942,0.0,0.0
2023-01-09 14:30:00-05:00,140.17999267578125,140.47000122070312,139.9600067138672,139.98500061035156,34574,0.0,0.0
2023-01-09 15:30:00-05:00,139.97999572753906,140.13999938964844,139.8000030517578,139.97999572753906,90873,0.0,0.0
2023-01-10 09:30:00-05:00,140.9499969482422,141.02000427246094,139.2449951171875,139.2449951171875,23032,0.0,0.0
2023-01-10 10:30:00-05:00,139.4600067138672,140.0500030517578,139.10000610351562,139.80999755859375,27790,0.0,0.0
2023-01-10 11:30:00-05:00,139.8800048828125,139.8800048828125,139.4499969482422,139.83999633789062,21152,0.0,0.0
2023-01-10 12:30:00-05:00,139.875,140.63999938964844,139.77999877929688,140.42999267578125,30770,0.0,0.0
2023-01-10 13:30:00-05:00,140.49000549316406,141.01499938964844,140.49000549316406,140.72999572753906,34834,0.0,0.0
2023-01-10 14:30:00-05:00,140.72999572753906,140.85000610351562,140.4199981689453,140.6199951171875,36128,0.0,0.0
2023-01-10 15:30:00-05:00,140.6199951171875,141.02000427246094,140.50999450683594,141.00999450683594,70628,0.0,0.0
2023-01-11 09:30:00-05:00,141.24000549316406,141.66000366210938,140.44000244140625,140.5800018310547,17766,0.0,0.0
2023-01-11 10:30:00-05:00,140.57000732421875,140.77999877929688,140.4199981689453,140.44000244140625,23814,0.0,0.0
2023-01-11 11:30:00-05:00,140.5,140.8300018310547,140.22999572753906,140.4199981689453,21312,0.0,0.0
2023-01-11 12:30:00-05:00,140.4600067138672,140.60000610351562,140.16009521484375,140.60000610351562,28330,0.0,0.0
2023-01-11 13:30:00-05:00,140.61000061035156,140.63999938964844,140.16000366210938,140.63999938964844,26292,0.0,0.0
2023-01-11 14:30:00-05:00,140.7100067138672,141.3800048828125,140.66000366210938,141.19000244140625,64611,0.0,0.0
2023-01-11 15:30:00-05:00,141.14999389648438,141.14999389648438,140.80999755859375,140.86000061035156,99417,0.0,0.0
2023-01-12 09:30:00-05:00,141.02999877929688,141.1300048828125,139.3800048828125,141.07000732421875,21500,0.0,0.0
2023-01-12 10:30:00-05:00,140.97000122070312,141.83999633789062,140.97000122070312,141.8300018310547,21384,0.0,0.0
2023-01-12 11:30:00-05:00,141.77000427246094,141.92999267578125,141.19830322265625,141.89999389648438,24169,0.0,0.0
2023-01-12 12:30:00-05:00,141.92999267578125,142.27999877929688,141.7100067138672,141.7100067138672,25162,0.0,0.0
2023-01-12 13:30:00-05:00,141.74000549316406,141.94000244140625,141.52999877929688,141.65499877929688,20741,0.0,0.0
2023-01-12 14:30:00-05:00,141.5800018310547,141.8000030517578,141.08999633789062,141.3300018310547,24930,0.0,0.0
2023-01-12 15:30:00-05:00,141.25,141.48800659179688,141.0500030517578,141.3300018310547,67869,0.0,0.0
2023-01-13 09:30:00-05:00,140.7899932861328,141.05999755859375,140.52999877929688,141.0500030517578,16429,0.0,0.0
2023-01-13 10:30:00-05:00,141.00999450683594,141.63999938964844,141.00999450683594,141.6300048828125,19237,0.0,0.0
2023-01-13 11:30:00-05:00,141.6199951171875,142.23500061035156,141.56500244140625,142.19000244140625,12897,0.0,0.0
2023-01-13 12:30:00-05:00,142.2100067138672,142.39999389648438,141.9499969482422,141.9499969482422,16653,0.0,0.0
2023-01-13 13:30:00-05:00,141.9199981689453,142.35499572753906,141.9199981689453,142.17999267578125,13979,0.0,0.0
2023-01-13 14:30:00-05:00,142.13499450683594,142.6199951171875,141.9320068359375,142.375,35028,0.0,0.0
2023-01-13 15:30:00-05:00,142.39999389648438,143.14999389648438,142.38999938964844,143.14999389648438,56546,0.0,0.0
2023-01-17 09:30:00-05:00,142.75,142.968994140625,140.82000732421875,141.1999969482422,21923,0.0,0.0
2023-01-17 10:30:00-05:00,141.35899353027344,141.42999267578125,140.66000366210938,141.24000549316406,22492,0.0,0.0
2023-01-17 11:30:00-05:00,141.17999267578125,141.17999267578125,140.4499969482422,140.82000732421875,20222,0.0,0.0
2023-01-17 12:30:00-05:00,140.6699981689453,141.41000366210938,140.58999633789062,141.22000122070312,39874,0.0,0.0
2023-01-17 13:30:00-05:00,141.17999267578125,141.9499969482422,140.74000549316406,140.8000030517578,44301,0.0,0.0
2023-01-17 14:30:00-05:00,140.86000061035156,141.17999267578125,140.85000610351562,140.97000122070312,21099,0.0,0.0
2023-01-17 15:30:00-05:00,141.03900146484375,141.14500427246094,140.72000122070312,140.75,59526,0.0,0.0
2023-01-18 09:30:00-05:00,141.0399932861328,141.5500030517578,140.4149932861328,141.25999450683594,24366,0.0,0.0
2023-01-18 10:30:00-05:00,141.22000122070312,141.27999877929688,140.1199951171875,140.21499633789062,16588,0.0,0.0
2023-01-18 11:30:00-05:00,140.1199951171875,140.1199951171875,139.42999267578125,139.8300018310547,26631,0.0,0.0
2023-01-18 12:30:00-05:00,139.76499938964844,139.82000732421875,139.3300018310547,139.74000549316406,19959,0.0,0.0
2023-01-18 13:30:00-05:00,139.86000061035156,140.64999389648438,139.86000061035156,140.24000549316406,24758,0.0,0.0
2023-01-18 14:30:00-05:00,140.24000549316406,140.30499267578125,139.69000244140625,139.88999938964844,25857,0.0,0.0
2023-01-18 15:30:00-05:00,139.9199981689453,139.9199981689453,139.25999450683594,139.33999633789062,52326,0.0,0.0
2023-01-19 09:30:00-05:00,138.08999633789062,138.44500732421875,136.99000549316406,137.0850067138672,21520,0.0,0.0
2023-01-19 10:30:00-05:00,136.97000122070312,137.33999633789062,136.58999633789062,136.86000061035156,12818,0.0,0.0
2023-01-19 11:30:00-05:00,136.98500061035156,137.49000549316406,136.25,137.44000244140625,56816,0.0,0.0
2023-01-19 12:30:00-05:00,137.4600067138672,137.82000732421875,137.1300048828125,137.65499877929688,25104,0.0,0.0
2023-01-19 13:30:00-05:00,137.66000366210938,138.39999389648438,137.5749969482422,138.2899932861328,34297,0.0,0.0
2023-01-19 14:30:00-05:00,138.25999450683594,138.4199981689453,137.69000244140625,137.91000366210938,24217,0.0,0.0
2023-01-19 15:30:00-05:00,137.918701171875,138.02000427246094,137.25,137.25999450683594,84282,0.0,0.0
2023-01-20 09:30:00-05:00,137.41000366210938,137.41000366210938,134.9600067138672,136.6750030517578,23396,0.0,0.0
2023-01-20 10:30:00-05:00,136.5500030517578,137.57000732421875,136.5050048828125,137.47000122070312,12628,0.0,0.0
2023-01-20 11:30:00-05:00,137.4199981689453,137.4199981689453,136.85499572753906,136.85499572753906,14601,0.0,0.0
2023-01-20 12:30:00-05:00,136.81539916992188,136.81539916992188,136.1300048828125,136.21499633789062,14665,0.0,0.0
2023-01-20 13:30:00-05:00,136.22999572753906,136.75999450683594,136.11000061035156,136.11000061035156,20973,0.0,0.0
2023-01-20 14:30:00-05:00,136.1750030517578,136.80999755859375,135.6199951171875,136.30499267578125,60015,0.0,0.0
2023-01-20 15:30:00-05:00,136.31500244140625,136.8000030517578,136.0050048828125,136.67999267578125,83101,0.0,0.0
2023-01-23 09:30:00-05:00,137.07000732421875,138.11000061035156,136.34500122070312,137.81539916992188,15505,0.0,0.0
2023-01-23 10:30:00-05:00,137.8000030517578,138.77000427246094,137.77999877929688,138.3000030517578,24783,0.0,0.0
2023-01-23 11:30:00-05:00,138.36000061035156,138.52000427246094,137.8000030517578,138.07000732421875,10129,0.0,0.0
2023-01-23 12:30:00-05:00,138.0,138.1374969482422,137.83999633789062,137.99000549316406,13676,0.0,0.0
2023-01-23 13:30:00-05:00,137.99000549316406,138.39999389648438,137.13999938964844,137.13999938964844,28677,0.0,0.0
2023-01-23 14:30:00-05:00,137.0850067138672,137.49000549316406,136.8699951171875,137.375,25198,0.0,0.0
2023-01-23 15:30:00-05:00,137.3300018310547,137.8699951171875,137.22999572753906,137.74000549316406,51223,0.0,0.0
2023-01-24 09:30:00-05:00,137.52000427246094,138.5399932861328,136.77999877929688,138.4499969482422,19429,0.0,0.0
2023-01-24 10:30:00-05:00,138.4499969482422,138.82000732421875,138.4199981689453,138.74000549316406,20418,0.0,0.0
2023-01-24 11:30:00-05:00,138.55999755859375,138.55999755859375,137.97999572753906,138.15499877929688,40033,0.0,0.0
2023-01-24 12:30:00-05:00,138.1999969482422,138.3300018310547,137.99000549316406,138.32000732421875,21689,0.0,0.0
2023-01-24 13:30:00-05:00,138.25,138.3300018310547,137.9499969482422,138.08999633789062,30704,0.0,0.0
2023-01-24 14:30:00-05:00,138.10499572753906,138.83999633789062,138.10499572753906,138.4499969482422,32610,0.0,0.0
2023-01-24 15:30:00-05:00,138.3800048828125,138.44000244140625,137.97999572753906,138.19000244140625,65664,0.0,0.0
2023-01-25 09:30:00-05:00,138.2100067138672,139.38999938964844,138.2100067138672,138.38999938964844,36409,0.0,0.0
2023-01-25 10:30:00-05:00,138.31500244140625,139.0800018310547,138.1699981689453,138.99000549316406,19383,0.0,0.0
2023-01-25 11:30:00-05:00,139.0,139.1699981689453,138.83999633789062,138.83999633789062,18370,0.0,0.0
2023-01-25 12:30:00-05:00,138.9199981689453,139.12989807128906,138.8699951171875,139.02999877929688,18073,0.0,0.0
2023-01-25 13:30:00-05:00,139.02999877929688,139.22999572753906,138.75,138.7550048828125,27729,0.0,0.0
2023-01-25 14:30:00-05:00,138.80999755859375,139.11000061035156,138.64500427246094,139.11000061035156,26016,0.0,0.0
2023-01-25 15:30:00-05:00,139.07000732421875,139.11000061035156,138.75999450683594,138.8300018310547,55121,0.0,0.0
2023-01-26 09:30:00-05:00,139.2899932861328,140.3699951171875,139.0399932861328,140.19500732421875,27479,0.0,0.0
2023-01-26 10:30:00-05:00,140.4199981689453,140.76499938964844,139.75,140.03500366210938,20697,0.0,0.0
2023-01-26 11:30:00-05:00,140.0399932861328,140.2949981689453,139.86000061035156,140.2949981689453,48120,0.0,0.0
2023-01-26 12:30:00-05:00,140.30499267578125,140.8800048828125,140.13999938964844,140.8800048828125,16432,0.0,0.0
2023-01-26 13:30:00-05:00,140.85000610351562,140.97999572753906,140.6300048828125,140.72500610351562,30060,0.0,0.0
2023-01-26 14:30:00-05:00,140.72999572753906,140.94500732421875,140.53280639648438,140.84500122070312,59074,0.0,0.0
2023-01-26 15:30:00-05:00,140.80999755859375,142.02999877929688,140.72000122070312,142.00999450683594,111316,0.0,0.0
2023-01-27 09:30:00-05:00,141.64999389648438,141.97000122070312,139.91000366210938,140.8582000732422,47272,0.0,0.0
2023-01-27 10:30:00-05:00,140.89999389648438,141.1999969482422,140.44000244140625,141.1999969482422,29553,0.0,0.0
2023-01-27 11:30:00-05:00,141.14999389648438,141.4499969482422,140.60000610351562,140.69500732421875,32379,0.0,0.0
2023-01-27 12:30:00-05:00,140.72000122070312,141.25999450683594,140.72000122070312,140.8000030517578,20066,0.0,0.0
2023-01-27 13:30:00-05:00,140.8000030517578,140.97000122070312,140.55999755859375,140.85000610351562,17668,0.0,0.0
2023-01-27 14:30:00-05:00,140.9199981689453,141.06500244140625,140.58999633789062,140.77999877929688,18398,0.0,0.0
2023-01-27 15:30:00-05:00,140.82000732421875,140.85000610351562,140.01100158691406,140.24000549316406,48608,0.0,0.0
2023-01-30 09:30:00-05:00,140.47000122070312,142.02999877929688,140.19000244140625,141.6300048828125,32306,0.0,0.0
2023-01-30 10:30:00-05:00,141.74000549316406,141.89500427246094,140.92999267578125,141.14500427246094,19221,0.0,0.0
2023-01-30 11:30:00-05:00,141.13999938964844,141.13999938964844,140.24000549316406,140.33999633789062,11661,0.0,0.0
2023-01-30 12:30:00-05:00,140.4199981689453,141.0800018310547,140.22999572753906,141.00999450683594,21802,0.0,0.0
2023-01-30 13:30:00-05:00,140.97999572753906,141.1199951171875,140.85000610351562,140.96499633789062,22997,0.0,0.0
2023-01-30 14:30:00-05:00,140.96499633789062,141.10000610351562,140.6699981689453,140.7949981689453,30572,0.0,0.0
2023-01-30 15:30:00-05:00,140.7899932861328,141.1750030517578,140.625,140.74000549316406,82127,0.0,0.0
2023-01-31 09:30:00-05:00,141.05999755859375,141.05999755859375,139.66000366210938,140.30999755859375,18202,0.0,0.0
2023-01-31 10:30:00-05:00,140.38999938964844,141.1199951171875,140.1999969482422,141.0850067138672,23868,0.0,0.0
2023-01-31 11:30:00-05:00,141.08999633789062,141.22000122070312,140.77999877929688,141.0500030517578,15514,0.0,0.0
2023-01-31 12:30:00-05:00,141.10000610351562,141.4199981689453,140.97999572753906,141.3800048828125,14831,0.0,0.0
2023-01-31 13:30:00-05:00,141.35000610351562,141.61500549316406,141.3000030517578,141.4499969482422,31891,0.0,0.0
2023-01-31 14:30:00-05:00,141.4250030517578,141.42999267578125,140.8000030517578,141.14999389648438,35633,0.0,0.0
2023-01-31 15:30:00-05:00,141.10000610351562,142.6300048828125,141.10000610351562,142.6300048828125,57527,0.0,0.0
2023-02-01 09:30:00-05:00,141.30999755859375,141.83999633789062,135.82000732421875,136.9499969482422,94490,0.0,0.0
2023-02-01 10:30:00-05:00,136.9499969482422,138.6999969482422,136.8262939453125,138.40499877929688,56919,0.0,0.0
2023-02-01 11:30:00-05:00,138.36500549316406,138.55999755859375,137.50999450683594,137.52000427246094,39961,0.0,0.0
2023-02-01 12:30:00-05:00,137.61000061035156,137.67999267578125,136.52000427246094,136.52000427246094,51043,0.0,0.0
2023-02-01 13:30:00-05:00,136.5500030517578,137.58999633789062,136.49000549316406,136.86500549316406,81434,0.0,0.0
2023-02-01 14:30:00-05:00,136.86500549316406,138.77000427246094,136.41000366210938,138.41000366210938,85825,0.0,0.0
2023-02-01 15:30:00-05:00,138.47000122070312,139.4600067138672,137.59500122070312,138.02999877929688,134784,0.0,0.0
2023-02-02 09:30:00-05:00,142.17999267578125,142.88999938964844,134.58999633789062,134.84500122070312,115924,0.0,0.0
2023-02-02 10:30:00-05:00,134.86000061035156,134.99000549316406,133.1699981689453,134.42999267578125,87383,0.0,0.0
2023-02-02 11:30:00-05:00,134.5800018310547,135.94000244140625,134.5800018310547,135.5500030517578,79258,0.0,0.0
2023-02-02 12:30:00-05:00,135.51499938964844,136.2100067138672,134.75,134.94000244140625,35451,0.0,0.0
2023-02-02 13:30:00-05:00,134.97999572753906,135.69000244140625,134.30999755859375,134.76499938964844,44824,0.0,0.0
2023-02-02 14:30:00-05:00,134.9199981689453,135.21499633789062,134.3300018310547,134.55999755859375,65831,0.0,0.0
2023-02-02 15:30:00-05:00,134.6699981689453,134.8800048828125,134.11000061035156,134.8800048828125,147610,0.0,0.0
2023-02-03 09:30:00-05:00,134.5,135.10000610351562,131.5399932861328,132.7100067138672,72056,0.0,0.0
2023-02-03 10:30:00-05:00,132.8800048828125,134.33999633789062,132.8800048828125,133.6300048828125,43572,0.0,0.0
2023-02-03 11:30:00-05:00,133.55999755859375,134.57000732421875,133.35000610351562,134.57000732421875,30418,0.0,0.0
2023-02-03 12:30:00-05:00,134.71499633789062,134.9250030517578,133.7899932861328,133.8300018310547,22726,0.0,0.0
2023-02-03 13:30:00-05:00,133.77000427246094,134.47999572753906,133.77000427246094,134.42999267578125,31896,0.0,0.0
2023-02-03 14:30:00-05:00,134.38999938964844,135.41000366210938,134.24000549316406,135.0850067138672,49544,0.0,0.0
2023-02-03 15:30:00-05:00,135.0399932861328,135.26499938964844,134.5500030517578,135.08999633789062,89333,0.0,0.0
2023-02-06 09:30:00-05:00,135.1199951171875,136.32000732421875,133.5850067138672,135.52000427246094,55958,0.0,0.0
2023-02-06 10:30:00-05:00,135.39999389648438,135.69000244140625,134.7899932861328,135.3000030517578,31848,0.0,0.0
2023-02-06 11:30:00-05:00,135.38999938964844,135.6699981689453,135.1300048828125,135.6199951171875,30168,0.0,0.0
2023-02-06 12:30:00-05:00,135.6300048828125,135.8300018310547,135.42999267578125,135.69000244140625,27620,0.0,0.0
2023-02-06 13:30:00-05:00,135.64999389648438,136.82000732421875,135.52000427246094,136.69000244140625,34297,0.0,0.0
2023-02-06 14:30:00-05:00,136.75999450683594,137.11000061035156,136.3800048828125,136.44000244140625,42949,0.0,0.0
2023-02-06 15:30:00-05:00,136.4199981689453,136.8699951171875,136.35000610351562,136.5800018310547,65591,0.0,0.0
2023-02-07 09:30:00-05:00,135.94000244140625,136.52000427246094,135.52000427246094,136.13999938964844,24645,0.0,0.0
2023-02-07 10:30:00-05:00,136.02000427246094,136.5500030517578,135.70750427246094,136.43499755859375,27641,0.0,0.0
2023-02-07 11:30:00-05:00,136.5,137.3800048828125,136.5,137.02000427246094,22194,0.0,0.0
2023-02-07 12:30:00-05:00,137.10000610351562,138.15499877929688,137.06170654296875,137.33999633789062,37745,0.0,0.0
2023-02-07 13:30:00-05:00,137.08999633789062,138.19500732421875,136.50999450683594,138.19500732421875,33839,0.0,0.0
2023-02-07 14:30:00-05:00,138.30999755859375,138.7899932861328,137.9550018310547,138.52000427246094,59549,0.0,0.0
2023-02-07 15:30:00-05:00,138.47000122070312,138.69000244140625,138.1699981689453,138.27999877929688,70059,0.0,0.0
2023-02-08 09:30:00-05:00,137.72999572753906,138.33250427246094,137.45010375976562,137.90499877929688,33838,0.0,0.0
2023-02-08 10:30:00-05:00,137.89720153808594,138.39999389648438,137.55999755859375,137.6699981689453,43820,0.0,0.0
2023-02-08 11:30:00-05:00,137.64999389648438,137.9499969482422,137.2100067138672,137.8800048828125,35740,0.0,0.0
2023-02-08 12:30:00-05:00,137.97000122070312,138.07000732421875,137.55999755859375,137.94000244140625,26411,0.0,0.0
2023-02-08 13:30:00-05:00,137.8300018310547,137.8300018310547,137.2449951171875,137.3300018310547,23181,0.0,0.0
2023-02-08 14:30:00-05:00,137.3000030517578,137.35000610351562,136.82000732421875,137.19000244140625,53175,0.0,0.0
2023-02-08 15:30:00-05:00,137.197998046875,137.4499969482422,136.8699951171875,137.2100067138672,84841,0.0,0.0
2023-02-09 09:30:00-05:00,137.38999938964844,138.63999938964844,137.1999969482422,137.41000366210938,32107,0.0,0.0
2023-02-09 10:30:00-05:00,137.61000061035156,137.8800048828125,137.39999389648438,137.41000366210938,15883,0.0,0.0
2023-02-09 11:30:00-05:00,137.36000061035156,137.36000061035156,136.58999633789062,136.58999633789062,26102,0.0,0.0
2023-02-09 12:30:00-05:00,136.57000732421875,136.57000732421875,136.0,136.0,19037,0.0,0.0
2023-02-09 13:30:00-05:00,135.75,135.94000244140625,135.35000610351562,135.41000366210938,19493,0.0,0.0
2023-02-09 14:30:00-05:00,135.40499877929688,136.1300048828125,135.40499877929688,136.0,30895,0.0,0.0
2023-02-09 15:30:00-05:00,135.9600067138672,136.52000427246094,135.75999450683594,135.8300018310547,56456,0.0,0.0
2023-02-10 09:30:00-05:00,135.8000030517578,136.64019775390625,135.8000030517578,136.64019775390625,27802,0.0,0.0
2023-02-10 10:30:00-05:00,136.72000122070312,136.83200073242188,136.24000549316406,136.47999572753906,29559,0.0,0.0
2023-02-10 11:30:00-05:00,136.25999450683594,136.52999877929688,136.1199951171875,136.1699981689453,19424,0.0,0.0
2023-02-10 12:30:00-05:00,136.2899932861328,136.8000030517578,136.25660705566406,136.6199951171875,23321,0.0,0.0
2023-02-10 13:30:00-05:00,136.5500030517578,136.77999877929688,136.41000366210938,136.49839782714844,26086,0.0,0.0
2023-02-10 14:30:00-05:00,136.5699005126953,137.1750030517578,136.5699005126953,136.9720001220703,42899,0.0,0.0
2023-02-10 15:30:00-05:00,136.89999389648438,137.52999877929688,136.89999389648438,137.5,66994,0.0,0.0
2023-02-13 09:30:00-05:00,138.02999877929688,139.3000030517578,137.6300048828125,138.2100067138672,97011,0.0,0.0
2023-02-13 10:30:00-05:00,138.18870544433594,138.50999450683594,137.64999389648438,137.9011993408203,29984,0.0,0.0
2023-02-13 11:30:00-05:00,137.97500610351562,138.33990478515625,137.83920288085938,138.24000549316406,28830,0.0,0.0
2023-02-13 12:30:00-05:00,138.3159942626953,138.50999450683594,138.1300048828125,138.3000030517578,32701,0.0,0.0
2023-02-13 13:30:00-05:00,138.36000061035156,138.77499389648438,138.36000061035156,138.6199951171875,34902,0.0,0.0
2023-02-13 14:30:00-05:00,138.6199951171875,138.66000366210938,138.1999969482422,138.52000427246094,48143,0.0,0.0
2023-02-13 15:30:00-05:00,138.50999450683594,138.82000732421875,138.28500366210938,138.80999755859375,81079,0.0,0.0
2023-02-14 09:30:00-05:00,134.64999389648438,134.8300018310547,133.89500427246094,133.89500427246094,41385,0.0,0.0
2023-02-14 10:30:00-05:00,133.7050018310547,133.9698944091797,132.8000030517578,132.8000030517578,34230,0.0,0.0
2023-02-14 11:30:00-05:00,132.64999389648438,132.75,131.9199981689453,132.30999755859375,24261,0.0,0.0
2023-02-14 12:30:00-05:00,132.14999389648438,132.58999633789062,132.0,132.39999389648438,14040,0.0,0.0
2023-02-14 13:30:00-05:00,132.25,132.44000244140625,131.6999969482422,131.85000610351562,23267,0.0,0.0
2023-02-14 14:30:00-05:00,131.9499969482422,132.22000122070312,131.81350708007812,132.11000061035156,24869,0.0,0.0
2023-02-14 15:30:00-05:00,131.91000366210938,132.1300048828125,131.4600067138672,131.52000427246094,116139,0.0,0.0
2023-02-15 09:30:00-05:00,131.08999633789062,132.10499572753906,131.08999633789062,132.0,27913,0.0,0.0
2023-02-15 10:30:00-05:00,132.17999267578125,132.30999755859375,131.74000549316406,132.19000244140625,27589,0.0,0.0
2023-02-15 11:30:00-05:00,132.16000366210938,132.16000366210938,131.47000122070312,131.47999572753906,55192,0.0,0.0
2023-02-15 12:30:00-05:00,131.3988037109375,132.0749969482422,131.3988037109375,132.0749969482422,28613,0.0,0.0
2023-02-15 13:30:00-05:00,132.07000732421875,132.07000732421875,131.52499389648438,131.94500732421875,32337,0.0,0.0
2023-02-15 14:30:00-05:00,131.94500732421875,132.6300048828125,131.6300048828125,132.59500122070312,51638,0.0,0.0
2023-02-15 15:30:00-05:00,132.60499572753906,132.6750030517578,132.00999450683594,132.0800018310547,87173,0.0,0.0
2023-02-16 09:30:00-05:00,130.75999450683594,131.50999450683594,130.75999450683594,131.3699951171875,25613,0.0,0.0
2023-02-16 10:30:00-05:00,131.50999450683594,131.55999755859375,131.16000366210938,131.27000427246094,15214,0.0,0.0
2023-02-16 11:30:00-05:00,131.2949981689453,131.82000732421875,131.1199951171875,131.77000427246094,34651,0.0,0.0
2023-02-16 12:30:00-05:00,131.69000244140625,132.10000610351562,131.6199951171875,131.7449951171875,30865,0.0,0.0
2023-02-16 13:30:00-05:00,131.65499877929688,132.47999572753906,131.65499877929688,132.41000366210938,22906,0.0,0.0
2023-02-16 14:30:00-05:00,132.39999389648438,132.4550018310547,131.52999877929688,131.55499267578125,37395,0.0,0.0
2023-02-16 15:30:00-05:00,131.55999755859375,131.7100067138672,131.14999389648438,131.25999450683594,80007,0.0,0.0
2023-02-17 09:30:00-05:00,131.52999877929688,132.59190368652344,131.0345001220703,132.47500610351562,38936,0.0,0.0
2023-02-17 10:30:00-05:00,132.3800048828125,132.77000427246094,132.11000061035156,132.42999267578125,42150,0.0,0.0
2023-02-17 11:30:00-05:00,132.50999450683594,133.20899963378906,132.50999450683594,133.1699981689453,25246,0.0,0.0
2023-02-17 12:30:00-05:00,133.2050018310547,133.50999450683594,132.5200958251953,133.27000427246094,30287,0.0,0.0
2023-02-17 13:30:00-05:00,133.2899932861328,133.67999267578125,133.1999969482422,133.52000427246094,66267,0.0,0.0
2023-02-17 14:30:00-05:00,133.55499267578125,133.84500122070312,133.25999450683594,133.4600067138672,56248,0.0,0.0
2023-02-17 15:30:00-05:00,133.4499969482422,133.94000244140625,133.14999389648438,133.86000061035156,127517,0.0,0.0
2023-02-21 09:30:00-05:00,133.30999755859375,133.53990173339844,131.96499633789062,132.22000122070312,47887,0.0,0.0
2023-02-21 10:30:00-05:00,132.3300018310547,132.5399932861328,131.39999389648438,131.66000366210938,27603,0.0,0.0
2023-02-21 11:30:00-05:00,131.63999938964844,131.69000244140625,131.3800048828125,131.47000122070312,23279,0.0,0.0
2023-02-21 12:30:00-05:00,131.39999389648438,131.66000366210938,131.29150390625,131.34500122070312,19908,0.0,0.0
2023-02-21 13:30:00-05:00,131.17999267578125,131.35000610351562,130.92999267578125,131.22999572753906,31036,0.0,0.0
2023-02-21 14:30:00-05:00,131.25999450683594,132.22000122070312,131.25999450683594,132.22000122070312,33966,0.0,0.0
2023-02-21 15:30:00-05:00,132.24000549316406,132.4600067138672,132.02999877929688,132.19000244140625,65155,0.0,0.0
2023-02-22 09:30:00-05:00,131.27999877929688,133.05999755859375,131.27999877929688,133.05999755859375,28694,0.0,0.0
2023-02-22 10:30:00-05:00,132.96499633789062,132.99000549316406,132.6300048828125,132.85000610351562,25819,0.0,0.0
2023-02-22 11:30:00-05:00,132.85000610351562,133.07000732421875,132.74000549316406,133.0,25922,0.0,0.0
2023-02-22 12:30:00-05:00,132.83999633789062,133.02999877929688,132.5800018310547,132.64999389648438,32293,0.0,0.0
2023-02-22 13:30:00-05:00,132.61000061035156,132.63999938964844,131.6699981689453,132.05499267578125,43001,0.0,0.0
2023-02-22 14:30:00-05:00,132.02000427246094,132.0500030517578,131.3300018310547,131.6199951171875,24284,0.0,0.0
2023-02-22 15:30:00-05:00,131.6199951171875,132.11000061035156,131.38999938964844,131.75999450683594,79658,0.0,0.0
2023-02-23 09:30:00-05:00,132.17999267578125,133.27999877929688,131.36000061035156,132.72000122070312,16592,0.0,0.0
2023-02-23 10:30:00-05:00,132.6699981689453,132.77000427246094,131.44000244140625,131.52000427246094,16991,0.0,0.0
2023-02-23 11:30:00-05:00,131.44500732421875,131.44500732421875,130.31500244140625,130.32000732421875,14814,0.0,0.0
2023-02-23 12:30:00-05:00,130.22000122070312,130.39999389648438,130.0500030517578,130.3000030517578,19333,0.0,0.0
2023-02-23 13:30:00-05:00,130.30999755859375,130.88999938964844,129.86000061035156,130.71499633789062,65345,0.0,0.0
2023-02-23 14:30:00-05:00,130.74000549316406,131.0399932861328,130.65499877929688,130.8699951171875,46887,0.0,0.0
2023-02-23 15:30:00-05:00,130.83999633789062,131.0449981689453,130.0500030517578,130.11000061035156,76904,0.0,0.0
2023-02-24 09:30:00-05:00,130.19000244140625,131.63499450683594,129.52999877929688,131.3699951171875,55240,0.0,0.0
2023-02-24 10:30:00-05:00,131.3000030517578,132.30999755859375,131.14999389648438,132.1699981689453,51316,0.0,0.0
2023-02-24 11:30:00-05:00,132.08999633789062,132.4199981689453,131.76499938964844,131.97000122070312,34765,0.0,0.0
2023-02-24 12:30:00-05:00,131.99000549316406,132.38999938964844,131.88999938964844,132.33999633789062,51938,0.0,0.0
2023-02-24 13:30:00-05:00,132.1699981689453,132.7899932861328,131.99000549316406,132.5050048828125,45548,0.0,0.0
2023-02-24 14:30:00-05:00,132.5050048828125,133.10000610351562,132.2899932861328,132.61000061035156,60271,0.0,0.0
2023-02-24 15:30:00-05:00,132.5800018310547,133.19000244140625,132.50369262695312,132.9499969482422,153922,0.0,0.0
2023-02-27 09:30:00-05:00,133.50999450683594,135.13999938964844,133.39999389648438,134.8000030517578,44718,0.0,0.0
2023-02-27 10:30:00-05:00,134.74000549316406,134.8000030517578,133.47500610351562,133.52000427246094,45042,0.0,0.0
2023-02-27 11:30:00-05:00,133.52000427246094,133.75999450683594,133.25,133.44000244140625,39211,0.0,0.0
2023-02-27 12:30:00-05:00,133.46499633789062,133.52999877929688,132.85000610351562,133.11000061035156,32775,0.0,0.0
2023-02-27 13:30:00-05:00,133.14500427246094,133.6300048828125,132.7899932861328,133.35499572753906,81896,0.0,0.0
2023-02-27 14:30:00-05:00,133.4600067138672,133.8699951171875,133.02499389648438,133.0500030517578,73677,0.0,0.0
2023-02-27 15:30:00-05:00,133.02000427246094,133.2899932861328,132.72500610351562,133.07000732421875,103782,0.0,0.0
2023-02-28 09:30:00-05:00,133.19000244140625,134.3300018310547,133.1699981689453,134.08999633789062,48379,0.0,0.0
2023-02-28 10:30:00-05:00,134.10000610351562,134.32000732421875,133.92999267578125,134.16000366210938,43442,0.0,0.0
2023-02-28 11:30:00-05:00,134.10499572753906,134.2100067138672,133.89999389648438,134.14999389648438,40072,0.0,0.0
2023-02-28 12:30:00-05:00,134.1999969482422,134.22500610351562,133.82000732421875,134.0449981689453,30385,0.0,0.0
2023-02-28 13:30:00-05:00,134.00999450683594,134.22000122070312,133.8300018310547,134.08999633789062,34592,0.0,0.0
2023-02-28 14:30:00-05:00,134.05999755859375,134.1300048828125,133.78500366210938,134.1199951171875,46238,0.0,0.0
2023-02-28 15:30:00-05:00,134.0500030517578,134.50999450683594,133.74000549316406,134.11000061035156,132211,0.0,0.0
2023-03-01 09:30:00-05:00,133.8300018310547,136.13999938964844,133.75,135.8000030517578,102702,0.0,0.0
2023-03-01 10:30:00-05:00,135.610107421875,135.71499633789062,134.74000549316406,134.97500610351562,88663,0.0,0.0
2023-03-01 11:30:00-05:00,134.97000122070312,135.9499969482422,134.80999755859375,135.63499450683594,90036,0.0,0.0
2023-03-01 12:30:00-05:00,135.6699981689453,136.25999450683594,135.5,135.7899932861328,43142,0.0,0.0
2023-03-01 13:30:00-05:00,135.6999969482422,136.19000244140625,135.61000061035156,135.9149932861328,83949,0.0,0.0
2023-03-01 14:30:00-05:00,135.80999755859375,136.2449951171875,135.5500030517578,135.80999755859375,83673,0.0,0.0
2023-03-01 15:30:00-05:00,135.75,136.61000061035156,135.72000122070312,136.5500030517578,146843,0.0,0.0
2023-03-02 09:30:00-05:00,136.0,136.0,134.0399932861328,135.10000610351562,49536,0.0,0.0
2023-03-02 10:30:00-05:00,134.89999389648438,135.63999938964844,134.89999389648438,135.24000549316406,46126,0.0,0.0
2023-03-02 11:30:00-05:00,135.1999969482422,135.5399932861328,135.0,135.10000610351562,33849,0.0,0.0
2023-03-02 12:30:00-05:00,135.1300048828125,135.30999755859375,134.47999572753906,134.49000549316406,40173,0.0,0.0
2023-03-02 13:30:00-05:00,134.5500030517578,135.1699981689453,134.44000244140625,135.07000732421875,34747,0.0,0.0
2023-03-02 14:30:00-05:00,135.00999450683594,135.03500366210938,134.33999633789062,134.53700256347656,48948,0.0,0.0
2023-03-02 15:30:00-05:00,134.55250549316406,135.02999877929688,134.25,134.5399932861328,131929,0.0,0.0
2023-03-03 09:30:00-05:00,134.08999633789062,134.38999938964844,132.61000061035156,132.81500244140625,39056,0.0,0.0
2023-03-03 10:30:00-05:00,132.74000549316406,133.52000427246094,132.4499969482422,133.2100067138672,33657,0.0,0.0
2023-03-03 11:30:00-05:00,133.13999938964844,133.21499633789062,132.64999389648438,132.72000122070312,33619,0.0,0.0
2023-03-03 12:30:00-05:00,132.74000549316406,132.94000244140625,132.22000122070312,132.42999267578125,46715,0.0,0.0
2023-03-03 13:30:00-05:00,132.42999267578125,132.75,132.27999877929688,132.7449951171875,35517,0.0,0.0
2023-03-03 14:30:00-05:00,132.8249969482422,132.9600067138672,132.5,132.61500549316406,43027,0.0,0.0
2023-03-03 15:30:00-05:00,132.60499572753906,132.83999633789062,132.43499755859375,132.77000427246094,85845,0.0,0.0
2023-03-06 09:30:00-05:00,133.16000366210938,133.58999633789062,133.00999450683594,133.32000732421875,23202,0.0,0.0
2023-03-06 10:30:00-05:00,133.3000030517578,133.3000030517578,132.36000061035156,132.4600067138672,23359,0.0,0.0
2023-03-06 11:30:00-05:00,132.47999572753906,132.77999877929688,132.3699951171875,132.51499938964844,22138,0.0,0.0
2023-03-06 12:30:00-05:00,132.48500061035156,132.6699981689453,132.27000427246094,132.4199981689453,19311,0.0,0.0
2023-03-06 13:30:00-05:00,132.39999389648438,132.39999389648438,131.85000610351562,132.16000366210938,24148,0.0,0.0
2023-03-06 14:30:00-05:00,132.1999969482422,132.5,131.25999450683594,131.3000030517578,82176,0.0,0.0
2023-03-06 15:30:00-05:00,131.30499267578125,131.9199981689453,131.22000122070312,131.88999938964844,128920,0.0,0.0
2023-03-07 09:30:00-05:00,131.89999389648438,132.18499755859375,131.32940673828125,131.52439880371094,21811,0.0,0.0
2023-03-07 10:30:00-05:00,131.2899932861328,131.5500030517578,130.19000244140625,130.3699951171875,26915,0.0,0.0
2023-03-07 11:30:00-05:00,130.2100067138672,130.27999877929688,129.61000061035156,129.91000366210938,21315,0.0,0.0
2023-03-07 12:30:00-05:00,129.72999572753906,129.7550048828125,128.8800048828125,129.09649658203125,32869,0.0,0.0
2023-03-07 13:30:00-05:00,129.02999877929688,129.08999633789062,128.52999877929688,128.8699951171875,19449,0.0,0.0
2023-03-07 14:30:00-05:00,128.8000946044922,129.46499633789062,128.74000549316406,129.4600067138672,31235,0.0,0.0
2023-03-07 15:30:00-05:00,129.51499938964844,129.67999267578125,128.1999969482422,128.3000030517578,110986,0.0,0.0
2023-03-08 09:30:00-05:00,128.41000366210938,128.7899932861328,128.1300048828125,128.2899932861328,30315,0.0,0.0
2023-03-08 10:30:00-05:00,128.25,128.5500030517578,127.67440032958984,127.80000305175781,16095,0.0,0.0
2023-03-08 11:30:00-05:00,127.77999877929688,127.82589721679688,127.05000305175781,127.12000274658203,17840,0.0,0.0
2023-03-08 12:30:00-05:00,127.0,127.19999694824219,126.44000244140625,126.44000244140625,19897,0.0,0.0
2023-03-08 13:30:00-05:00,126.45999908447266,126.55000305175781,126.08999633789062,126.27999877929688,22160,0.0,0.0
2023-03-08 14:30:00-05:00,126.40499877929688,126.61000061035156,126.13999938964844,126.61000061035156,31955,0.0,0.0
2023-03-08 15:30:00-05:00,126.72000122070312,127.30999755859375,126.68000030517578,127.2300033569336,54129,0.0,0.0
2023-03-09 09:30:00-05:00,127.12000274658203,127.12000274658203,125.11499786376953,125.31999969482422,27440,0.0,0.0
2023-03-09 10:30:00-05:00,125.5250015258789,126.0199966430664,125.25,125.5,41225,0.0,0.0
2023-03-09 11:30:00-05:00,125.55000305175781,125.68499755859375,125.0,125.61000061035156,34073,0.0,0.0
2023-03-09 12:30:00-05:00,125.66000366210938,125.91500091552734,124.73999786376953,124.84500122070312,43469,0.0,0.0
2023-03-09 13:30:00-05:00,124.83999633789062,125.52999877929688,124.58540344238281,125.06999969482422,56641,0.0,0.0
2023-03-09 14:30:00-05:00,125.02999877929688,125.02999877929688,123.62999725341797,124.02999877929688,59884,0.0,0.0
2023-03-09 15:30:00-05:00,124.0,124.51000213623047,123.91000366210938,124.33999633789062,92981,0.0,0.0
2023-03-10 09:30:00-05:00,123.33000183105469,124.56999969482422,122.53500366210938,123.83999633789062,63831,0.0,0.0
2023-03-10 10:30:00-05:00,123.55000305175781,124.44000244140625,122.76000213623047,124.41000366210938,35087,0.0,0.0
2023-03-10 11:30:00-05:00,124.36499786376953,124.4800033569336,122.98999786376953,123.22000122070312,38251,0.0,0.0
2023-03-10 12:30:00-05:00,123.2699966430664,123.7300033569336,122.58999633789062,122.83000183105469,37820,0.0,0.0
2023-03-10 13:30:00-05:00,122.73999786376953,123.38999938964844,122.33000183105469,122.88999938964844,42229,0.0,0.0
2023-03-10 14:30:00-05:00,122.91999816894531,123.51000213623047,122.19999694824219,122.61000061035156,54454,0.0,0.0
2023-03-10 15:30:00-05:00,122.56999969482422,122.62999725341797,121.94999694824219,122.2699966430664,110685,0.0,0.0
2023-03-13 09:30:00-04:00,119.93000030517578,120.6500015258789,116.71499633789062,116.91400146484375,81719,0.0,0.0
2023-03-13 10:30:00-04:00,116.74500274658203,119.48999786376953,116.69999694824219,119.48999786376953,68750,0.0,0.0
2023-03-13 11:30:00-04:00,119.4000015258789,119.69049835205078,118.36000061035156,118.48999786376953,56316,0.0,0.0
2023-03-13 12:30:00-04:00,118.36000061035156,118.66000366210938,117.48999786376953,117.62000274658203,43035,0.0,0.0
2023-03-13 13:30:00-04:00,117.44999694824219,118.77999877929688,117.29000091552734,118.66000366210938,38724,0.0,0.0
2023-03-13 14:30:00-04:00,118.58000183105469,118.7300033569336,117.76000213623047,117.96499633789062,36008,0.0,0.0
2023-03-13 15:30:00-04:00,117.94999694824219,118.02999877929688,117.58000183105469,117.83999633789062,76390,0.0,0.0
2023-03-14 09:30:00-04:00,120.19999694824219,120.48500061035156,118.94999694824219,120.02980041503906,84382,0.0,0.0
2023-03-14 10:30:00-04:00,120.0,120.83000183105469,120.0,120.42500305175781,24528,0.0,0.0
2023-03-14 11:30:00-04:00,120.47000122070312,120.7699966430664,120.08999633789062,120.30750274658203,21915,0.0,0.0
2023-03-14 12:30:00-04:00,120.25,120.54000091552734,119.23999786376953,119.25,26490,0.0,0.0
2023-03-14 13:30:00-04:00,119.20500183105469,119.44999694824219,118.83999633789062,119.26499938964844,30768,0.0,0.0
2023-03-14 14:30:00-04:00,119.38999938964844,119.48670196533203,118.70999908447266,119.2699966430664,26377,0.0,0.0
2023-03-14 15:30:00-04:00,119.29499816894531,119.97000122070312,119.23999786376953,119.72000122070312,81835,0.0,0.0
2023-03-15 09:30:00-04:00,117.43000030517578,118.0250015258789,116.2300033569336,116.87999725341797,59425,0.0,0.0
2023-03-15 10:30:00-04:00,116.97000122070312,117.27999877929688,116.12999725341797,116.9000015258789,34135,0.0,0.0
2023-03-15 11:30:00-04:00,116.77999877929688,116.87999725341797,114.5999984741211,114.87000274658203,63798,0.0,0.0
2023-03-15 12:30:00-04:00,114.84809875488281,115.04000091552734,114.33999633789062,114.50540161132812,28550,0.0,0.0
2023-03-15 13:30:00-04:00,114.6500015258789,115.51000213623047,113.84500122070312,115.19000244140625,55050,0.0,0.0
2023-03-15 14:30:00-04:00,115.23500061035156,115.63999938964844,114.91999816894531,115.51000213623047,62731,0.0,0.0
2023-03-15 15:30:00-04:00,115.50499725341797,116.0,115.18000030517578,116.0,105599,0.0,0.0
2023-03-16 09:30:00-04:00,115.54000091552734,116.83000183105469,114.56700134277344,116.05999755859375,72551,0.0,0.0
2023-03-16 10:30:00-04:00,116.08999633789062,118.2300033569336,116.06999969482422,118.12000274658203,51697,0.0,0.0
2023-03-16 11:30:00-04:00,118.2300033569336,119.0,117.98999786376953,118.47000122070312,58243,0.0,0.0
2023-03-16 12:30:00-04:00,118.5,120.95999908447266,118.33999633789062,120.44999694824219,58457,0.0,0.0
2023-03-16 13:30:00-04:00,120.52999877929688,120.52999877929688,119.48999786376953,119.6500015258789,42501,0.0,0.0
2023-03-16 14:30:00-04:00,119.61000061035156,120.19999694824219,119.19999694824219,120.01000213623047,50040,0.0,0.0
2023-03-16 15:30:00-04:00,120.02999877929688,120.25,119.8499984741211,120.02999877929688,108705,0.0,0.0
2023-03-17 09:30:00-04:00,119.30000305175781,119.30000305175781,116.06999969482422,116.51000213623047,111715,0.0,0.0
2023-03-17 10:30:00-04:00,116.58999633789062,117.01000213623047,115.81999969482422,116.43499755859375,75947,0.0,0.0
2023-03-17 11:30:00-04:00,116.44249725341797,117.51000213623047,116.44249725341797,117.16000366210938,58635,0.0,0.0
2023-03-17 12:30:00-04:00,117.31999969482422,117.5,116.8499984741211,117.19850158691406,42596,0.0,0.0
2023-03-17 13:30:00-04:00,117.18000030517578,117.19000244140625,115.94000244140625,115.95999908447266,42163,0.0,0.0
2023-03-17 14:30:00-04:00,116.06999969482422,116.71499633789062,116.0,116.70999908447266,54169,0.0,0.0
2023-03-17 15:30:00-04:00,116.7300033569336,116.88999938964844,116.22000122070312,116.23999786376953,138627,0.0,0.0
2023-03-20 09:30:00-04:00,117.41999816894531,119.75,117.41999816894531,119.75,25572,0.0,0.0
2023-03-20 10:30:00-04:00,119.70670318603516,120.05000305175781,119.37999725341797,120.05000305175781,37945,0.0,0.0
2023-03-20 11:30:00-04:00,120.08000183105469,120.0999984741211,119.1500015258789,119.41000366210938,18099,0.0,0.0
2023-03-20 12:30:00-04:00,119.63999938964844,120.51000213623047,119.62999725341797,120.41000366210938,24539,0.0,0.0
2023-03-20 13:30:00-04:00,120.51000213623047,120.51000213623047,119.52999877929688,119.9800033569336,73136,0.0,0.0
2023-03-20 14:30:00-04:00,119.91000366210938,119.98999786376953,119.55000305175781,119.98999786376953,34400,0.0,0.0
2023-03-20 15:30:00-04:00,119.91999816894531,120.18000030517578,119.58999633789062,119.68000030517578,78602,0.0,0.0
2023-03-21 09:30:00-04:00,121.97000122070312,122.77999877929688,121.97000122070312,122.55000305175781,24670,0.0,0.0
2023-03-21 10:30:00-04:00,122.63999938964844,123.02999877929688,122.5,122.72000122070312,27165,0.0,0.0
2023-03-21 11:30:00-04:00,122.76000213623047,122.84500122070312,122.29000091552734,122.45999908447266,19083,0.0,0.0
2023-03-21 12:30:00-04:00,122.5,122.56999969482422,122.17500305175781,122.55000305175781,33682,0.0,0.0
2023-03-21 13:30:00-04:00,122.5999984741211,122.5999984741211,121.45999908447266,122.20500183105469,42525,0.0,0.0
2023-03-21 14:30:00-04:00,122.20999908447266,122.44000244140625,122.11000061035156,122.39900207519531,41215,0.0,0.0
2023-03-21 15:30:00-04:00,122.38999938964844,122.6500015258789,122.26000213623047,122.3499984741211,75028,0.0,0.0
2023-03-22 09:30:00-04:00,122.06999969482422,122.8499984741211,121.66000366210938,122.36000061035156,22434,0.0,0.0
2023-03-22 10:30:00-04:00,122.5,122.5,121.13999938964844,121.19000244140625,17110,0.0,0.0
2023-03-22 11:30:00-04:00,121.05999755859375,121.20999908447266,120.61000061035156,120.83999633789062,20064,0.0,0.0
2023-03-22 12:30:00-04:00,120.81999969482422,120.86620330810547,120.4800033569336,120.66500091552734,12560,0.0,0.0
2023-03-22 13:30:00-04:00,120.74500274658203,121.88999938964844,120.66000366210938,121.0999984741211,21945,0.0,0.0
2023-03-22 14:30:00-04:00,121.0,121.58999633789062,119.6050033569336,120.33999633789062,29896,0.0,0.0
2023-03-22 15:30:00-04:00,120.40499877929688,120.40499877929688,118.54000091552734,118.54000091552734,50962,0.0,0.0
2023-03-23 09:30:00-04:00,118.62999725341797,118.75499725341797,117.76000213623047,118.12000274658203,23171,0.0,0.0
2023-03-23 10:30:00-04:00,117.87000274658203,118.61139678955078,117.55000305175781,118.30999755859375,16744,0.0,0.0
2023-03-23 11:30:00-04:00,118.44989776611328,118.44999694824219,117.55000305175781,117.63999938964844,19996,0.0,0.0
2023-03-23 12:30:00-04:00,117.69999694824219,117.81999969482422,116.80999755859375,116.80999755859375,31204,0.0,0.0
2023-03-23 13:30:00-04:00,117.0199966430664,117.18000030517578,116.19999694824219,116.19999694824219,30648,0.0,0.0
2023-03-23 14:30:00-04:00,116.19000244140625,116.93000030517578,115.80000305175781,116.08000183105469,40076,0.0,0.0
2023-03-23 15:30:00-04:00,115.97000122070312,116.87999725341797,115.84500122070312,116.29000091552734,55684,0.0,0.0
2023-03-24 09:30:00-04:00,115.04000091552734,115.47000122070312,114.13009643554688,115.30000305175781,36515,0.0,0.0
2023-03-24 10:30:00-04:00,116.21170043945312,116.375,115.70999908447266,116.18000030517578,20555,0.0,0.0
2023-03-24 11:30:00-04:00,116.05000305175781,117.13999938964844,116.05000305175781,116.76000213623047,20032,0.0,0.0
2023-03-24 12:30:00-04:00,116.81999969482422,117.7750015258789,116.80000305175781,117.7750015258789,36118,0.0,0.0
2023-03-24 13:30:00-04:00,117.79000091552734,118.1050033569336,117.62220001220703,117.94000244140625,29209,0.0,0.0
2023-03-24 14:30:00-04:00,117.95999908447266,118.08999633789062,117.73999786376953,118.02999877929688,37928,0.0,0.0
2023-03-24 15:30:00-04:00,118.04499816894531,118.20999908447266,117.62999725341797,118.05999755859375,109977,0.0,0.0
2023-03-27 09:30:00-04:00,119.5,120.44000244140625,118.66999816894531,118.8499984741211,20815,0.0,0.0
2023-03-27 10:30:00-04:00,118.63999938964844,119.18000030517578,118.28500366210938,119.12999725341797,23443,0.0,0.0
2023-03-27 11:30:00-04:00,119.21499633789062,120.11160278320312,119.16999816894531,119.80000305175781,28163,0.0,0.0
2023-03-27 12:30:00-04:00,119.81999969482422,119.95999908447266,119.66000366210938,119.875,12454,0.0,0.0
2023-03-27 13:30:00-04:00,119.87000274658203,119.95999908447266,119.23999786376953,119.41500091552734,24532,0.0,0.0
2023-03-27 14:30:00-04:00,119.51000213623047,119.61000061035156,119.18000030517578,119.47000122070312,36204,0.0,0.0
2023-03-27 15:30:00-04:00,119.51000213623047,119.57499694824219,118.62000274658203,118.80999755859375,72470,0.0,0.0
2023-03-28 09:30:00-04:00,118.44999694824219,119.45999908447266,118.0199966430664,118.88999938964844,26016,0.0,0.0
2023-03-28 10:30:00-04:00,118.91500091552734,118.91999816894531,118.4800033569336,118.62999725341797,32550,0.0,0.0
2023-03-28 11:30:00-04:00,118.62999725341797,119.0199966430664,118.5999984741211,118.80999755859375,22007,0.0,0.0
2023-03-28 12:30:00-04:00,118.80999755859375,118.80999755859375,118.0,118.11000061035156,23858,0.0,0.0
2023-03-28 13:30:00-04:00,118.12999725341797,118.12999725341797,117.9000015258789,117.99500274658203,25061,0.0,0.0
2023-03-28 14:30:00-04:00,118.08000183105469,118.37000274658203,117.97000122070312,118.09500122070312,27364,0.0,0.0
2023-03-28 15:30:00-04:00,118.04000091552734,118.62999725341797,118.04000091552734,118.43000030517578,71720,0.0,0.0
2023-03-29 09:30:00-04:00,120.0199966430664,120.05999755859375,118.70899963378906,119.69000244140625,23768,0.0,0.0
2023-03-29 10:30:00-04:00,119.66999816894531,119.87999725341797,119.19000244140625,119.34500122070312,20016,0.0,0.0
2023-03-29 11:30:00-04:00,119.33000183105469,119.63999938964844,119.12999725341797,119.55999755859375,28556,0.0,0.0
2023-03-29 12:30:00-04:00,119.56500244140625,119.62000274658203,119.37000274658203,119.61499786376953,24788,0.0,0.0
2023-03-29 13:30:00-04:00,119.66000366210938,119.66500091552734,119.16999816894531,119.27999877929688,24448,0.0,0.0
2023-03-29 14:30:00-04:00,119.30999755859375,119.6500015258789,119.25,119.5999984741211,32375,0.0,0.0
2023-03-29 15:30:00-04:00,119.5999984741211,119.7300033569336,119.36499786376953,119.7300033569336,105029,0.0,0.0
2023-03-30 09:30:00-04:00,120.37000274658203,120.5999984741211,119.33999633789062,119.6500015258789,26708,0.0,0.0
2023-03-30 10:30:00-04:00,119.77999877929688,119.91999816894531,119.31999969482422,119.69499969482422,17220,0.0,0.0
2023-03-30 11:30:00-04:00,119.61000061035156,119.75,119.44999694824219,119.75,15664,0.0,0.0
2023-03-30 12:30:00-04:00,119.68499755859375,119.84500122070312,119.47000122070312,119.62000274658203,22715,0.0,0.0
2023-03-30 13:30:00-04:00,119.6500015258789,119.83000183105469,119.4800033569336,119.81999969482422,15742,0.0,0.0
2023-03-30 14:30:00-04:00,119.79000091552734,119.81999969482422,119.52999877929688,119.58999633789062,26006,0.0,0.0
2023-03-30 15:30:00-04:00,119.6050033569336,119.83999633789062,119.5999984741211,119.69999694824219,66323,0.0,0.0
2023-03-31 09:30:00-04:00,120.73999786376953,120.87999725341797,120.12999725341797,120.875,25677,0.0,0.0
2023-03-31 10:30:00-04:00,120.83499908447266,121.44000244140625,120.80000305175781,121.31999969482422,17847,0.0,0.0
2023-03-31 11:30:00-04:00,121.37999725341797,121.37999725341797,120.80000305175781,121.19999694824219,29173,0.0,0.0
2023-03-31 12:30:00-04:00,121.08000183105469,121.20500183105469,120.91500091552734,120.9800033569336,18370,0.0,0.0
2023-03-31 13:30:00-04:00,120.97000122070312,121.0199966430664,120.7300033569336,120.94999694824219,36879,0.0,0.0
2023-03-31 14:30:00-04:00,120.94999694824219,121.4800033569336,120.94000244140625,121.29000091552734,47895,0.0,0.0
2023-03-31 15:30:00-04:00,121.33999633789062,121.79000091552734,121.0999984741211,121.48999786376953,109949,0.0,0.0
2023-04-03 09:30:00-04:00,121.79000091552734,123.0,121.0999984741211,122.62000274658203,18425,0.0,0.0
2023-04-03 10:30:00-04:00,122.80999755859375,122.87000274658203,121.44999694824219,121.5999984741211,28712,0.0,0.0
2023-04-03 11:30:00-04:00,121.66999816894531,122.19999694824219,121.63999938964844,122.19999694824219,20126,0.0,0.0
2023-04-03 12:30:00-04:00,122.22000122070312,122.30999755859375,122.1500015258789,122.19999694824219,20402,0.0,0.0
2023-04-03 13:30:00-04:00,122.19999694824219,122.27999877929688,122.02580261230469,122.2300033569336,30014,0.0,0.0
2023-04-03 14:30:00-04:00,122.26000213623047,122.79499816894531,122.26000213623047,122.68000030517578,34493,0.0,0.0
2023-04-03 15:30:00-04:00,122.70999908447266,122.70999908447266,122.13999938964844,122.30999755859375,56899,0.0,0.0
2023-04-04 09:30:00-04:00,123.5999984741211,123.5999984741211,121.75499725341797,121.9574966430664,62939,0.0,0.0
2023-04-04 10:30:00-04:00,122.06999969482422,122.0999984741211,120.12999725341797,120.32499694824219,43207,0.0,0.0
2023-04-04 11:30:00-04:00,120.16999816894531,120.25,119.69499969482422,120.19000244140625,41019,0.0,0.0
2023-04-04 12:30:00-04:00,120.23999786376953,120.7249984741211,120.19999694824219,120.44000244140625,19745,0.0,0.0
2023-04-04 13:30:00-04:00,120.44999694824219,120.79499816894531,120.0,120.01000213623047,91696,0.0,0.0
2023-04-04 14:30:00-04:00,120.0199966430664,121.05000305175781,120.0199966430664,120.68000030517578,32398,0.0,0.0
2023-04-04 15:30:00-04:00,120.58999633789062,121.41999816894531,120.52999877929688,121.19999694824219,90188,0.0,0.0
2023-04-05 09:30:00-04:00,120.41000366210938,121.6500015258789,120.302001953125,121.1050033569336,32686,0.0,0.0
2023-04-05 10:30:00-04:00,121.19000244140625,121.46489715576172,120.375,120.375,25029,0.0,0.0
2023-04-05 11:30:00-04:00,120.47000122070312,120.9000015258789,120.47000122070312,120.5999984741211,19118,0.0,0.0
2023-04-05 12:30:00-04:00,120.64749908447266,121.01249694824219,120.3949966430664,120.95999908447266,19761,0.0,0.0
2023-04-05 13:30:00-04:00,120.87999725341797,120.88999938964844,120.4000015258789,120.69499969482422,23257,0.0,0.0
2023-04-05 14:30:00-04:00,120.70999908447266,120.98999786376953,120.70999908447266,120.94000244140625,21962,0.0,0.0
2023-04-05 15:30:00-04:00,120.98999786376953,121.31999969482422,120.84500122070312,121.2699966430664,56759,0.0,0.0
2023-04-06 09:30:00-04:00,121.98999786376953,123.12999725341797,121.98999786376953,122.2322998046875,23536,0.0,0.0
2023-04-06 10:30:00-04:00,122.375,122.5999984741211,121.70999908447266,121.70999908447266,16968,0.0,0.0
2023-04-06 11:30:00-04:00,121.7300033569336,121.76000213623047,121.16999816894531,121.69499969482422,13991,0.0,0.0
2023-04-06 12:30:00-04:00,121.69499969482422,122.0,121.69499969482422,121.87000274658203,12350,0.0,0.0
2023-04-06 13:30:00-04:00,121.81999969482422,121.81999969482422,121.3550033569336,121.69000244140625,7527,0.0,0.0
2023-04-06 14:30:00-04:00,121.70999908447266,121.76000213623047,121.19000244140625,121.2699966430664,31277,0.0,0.0
2023-04-06 15:30:00-04:00,121.31500244140625,121.9800033569336,121.31500244140625,121.94000244140625,68468,0.0,0.0
2023-04-10 09:30:00-04:00,121.9000015258789,122.75,121.6500015258789,121.9800033569336,14660,0.0,0.0
2023-04-10 10:30:00-04:00,122.05999755859375,122.13999938964844,121.70999908447266,121.8499984741211,29898,0.0,0.0
2023-04-10 11:30:00-04:00,121.875,122.12000274658203,121.68000030517578,121.73999786376953,21683,0.0,0.0
2023-04-10 12:30:00-04:00,121.83000183105469,122.11000061035156,121.7300033569336,121.8499984741211,22743,0.0,0.0
2023-04-10 13:30:00-04:00,121.91000366210938,122.0,121.70999908447266,121.7300033569336,22753,0.0,0.0
2023-04-10 14:30:00-04:00,121.77999877929688,121.91000366210938,121.5999984741211,121.91000366210938,18259,0.0,0.0
2023-04-10 15:30:00-04:00,121.87000274658203,122.1500015258789,121.80999755859375,122.0,66360,0.0,0.0
2023-04-11 09:30:00-04:00,122.41999816894531,122.66000366210938,121.8499984741211,122.3499984741211,63251,0.0,0.0
2023-04-11 10:30:00-04:00,122.53500366210938,123.01499938964844,122.25499725341797,123.01499938964844,13655,0.0,0.0
2023-04-11 11:30:00-04:00,122.98999786376953,123.05000305175781,122.66000366210938,122.875,21295,0.0,0.0
2023-04-11 12:30:00-04:00,122.91500091552734,122.97000122070312,122.7300033569336,122.83999633789062,38692,0.0,0.0
2023-04-11 13:30:00-04:00,122.8499984741211,122.88999938964844,122.19000244140625,122.30999755859375,46611,0.0,0.0
2023-04-11 14:30:00-04:00,122.3499984741211,122.63999938964844,122.33000183105469,122.62000274658203,34473,0.0,0.0
2023-04-11 15:30:00-04:00,122.73999786376953,122.79000091552734,121.9800033569336,122.1500015258789,57733,0.0,0.0
2023-04-12 09:30:00-04:00,122.1500015258789,122.75,121.7750015258789,122.24500274658203,0,0.0,0.0
2023-04-12 10:30:00-04:00,122.1449966430664,122.30000305175781,121.77999877929688,122.24199676513672,25363,0.0,0.0
2023-04-12 11:30:00-04:00,122.23500061035156,122.44999694824219,122.18000030517578,122.44999694824219,12435,0.0,0.0
2023-04-12 12:30:00-04:00,122.45500183105469,122.9000015258789,122.44999694824219,122.82499694824219,18176,0.0,0.0
2023-04-12 13:30:00-04:00,122.76000213623047,123.0,122.44999694824219,122.44999694824219,24562,0.0,0.0
2023-04-12 14:30:00-04:00,122.44999694824219,122.44999694824219,121.68000030517578,121.94999694824219,29885,0.0,0.0
2023-04-12 15:30:00-04:00,121.9000015258789,122.38999938964844,121.88999938964844,122.30999755859375,72202,0.0,0.0
2023-04-13 09:30:00-04:00,120.79000091552734,121.46499633789062,120.15499877929688,121.3499984741211,36712,0.0,0.0
2023-04-13 10:30:00-04:00,121.4800033569336,121.4800033569336,120.87000274658203,121.20500183105469,17137,0.0,0.0
2023-04-13 11:30:00-04:00,121.16999816894531,121.29989624023438,120.94000244140625,121.03500366210938,19684,0.0,0.0
2023-04-13 12:30:00-04:00,121.03500366210938,121.75,120.94999694824219,121.5,24827,0.0,0.0
2023-04-13 13:30:00-04:00,121.48999786376953,122.02999877929688,121.44499969482422,121.9717025756836,22021,0.0,0.0
2023-04-13 14:30:00-04:00,121.98999786376953,122.05500030517578,121.47000122070312,121.58999633789062,40366,0.0,0.0
2023-04-13 15:30:00-04:00,121.5999984741211,121.66999816894531,121.27999877929688,121.5999984741211,108523,0.0,0.0
2023-04-14 09:30:00-04:00,121.7300033569336,121.7300033569336,120.33000183105469,120.33000183105469,20063,0.0,0.0
2023-04-14 10:30:00-04:00,120.5199966430664,120.72000122070312,120.18499755859375,120.26000213623047,14421,0.0,0.0
2023-04-14 11:30:00-04:00,120.20999908447266,120.53500366210938,119.93000030517578,119.93000030517578,16080,0.0,0.0
2023-04-14 12:30:00-04:00,119.9000015258789,120.19000244140625,119.66000366210938,120.02999877929688,15064,0.0,0.0
2023-04-14 13:30:00-04:00,119.95999908447266,119.95999908447266,119.44999694824219,119.51000213623047,21699,0.0,0.0
2023-04-14 14:30:00-04:00,119.52999877929688,119.62000274658203,119.12000274658203,119.44000244140625,19088,0.0,0.0
2023-04-14 15:30:00-04:00,119.38999938964844,120.20999908447266,119.38999938964844,120.0199966430664,61197,0.0,0.0
2023-04-17 09:30:00-04:00,119.91999816894531,120.23999786376953,119.08999633789062,119.76499938964844,27559,0.0,0.0
2023-04-17 10:30:00-04:00,119.79000091552734,120.00499725341797,119.48999786376953,119.95999908447266,20967,0.0,0.0
2023-04-17 11:30:00-04:00,119.97000122070312,120.36000061035156,119.80999755859375,120.30999755859375,23366,0.0,0.0
2023-04-17 12:30:00-04:00,120.3499984741211,120.3499984741211,119.48999786376953,119.91999816894531,21766,0.0,0.0
2023-04-17 13:30:00-04:00,119.95999908447266,120.24500274658203,119.79499816894531,120.24500274658203,19213,0.0,0.0
2023-04-17 14:30:00-04:00,120.2300033569336,120.62999725341797,120.16999816894531,120.58999633789062,21281,0.0,0.0
2023-04-17 15:30:00-04:00,120.62000274658203,121.20999908447266,120.26000213623047,121.16999816894531,92546,0.0,0.0
2023-04-18 09:30:00-04:00,121.4800033569336,121.62999725341797,120.83000183105469,121.11000061035156,25828,0.0,0.0
2023-04-18 10:30:00-04:00,121.11000061035156,121.2300033569336,120.8949966430664,121.2300033569336,25407,0.0,0.0
2023-04-18 11:30:00-04:00,121.19999694824219,121.52249908447266,121.19999694824219,121.41000366210938,24301,0.0,0.0
2023-04-18 12:30:00-04:00,121.44000244140625,121.61000061035156,121.24500274658203,121.38999938964844,50410,0.0,0.0
2023-04-18 13:30:00-04:00,121.44999694824219,122.08999633789062,121.44999694824219,122.08999633789062,38812,0.0,0.0
2023-04-18 14:30:00-04:00,122.05999755859375,122.4800033569336,121.85690307617188,122.44000244140625,52970,0.0,0.0
2023-04-18 15:30:00-04:00,122.47000122070312,123.26000213623047,122.47000122070312,123.13999938964844,111830,0.0,0.0
2023-04-19 09:30:00-04:00,124.0,124.47000122070312,122.75,123.87000274658203,55111,0.0,0.0
2023-04-19 10:30:00-04:00,123.70999908447266,123.94000244140625,123.31999969482422,123.87999725341797,31617,0.0,0.0
2023-04-19 11:30:00-04:00,123.76000213623047,123.81999969482422,123.58000183105469,123.67500305175781,18774,0.0,0.0
2023-04-19 12:30:00-04:00,123.76000213623047,123.9800033569336,123.76000213623047,123.87000274658203,18390,0.0,0.0
2023-04-19 13:30:00-04:00,123.80000305175781,124.49500274658203,123.7699966430664,124.36000061035156,19839,0.0,0.0
2023-04-19 14:30:00-04:00,124.33619689941406,124.33619689941406,123.8550033569336,124.20999908447266,24876,0.0,0.0
2023-04-19 15:30:00-04:00,124.26000213623047,124.26000213623047,123.55999755859375,123.91999816894531,57060,0.0,0.0
2023-04-20 09:30:00-04:00,123.91000366210938,124.06999969482422,122.88999938964844,123.08000183105469,24288,0.0,0.0
2023-04-20 10:30:00-04:00,123.0199966430664,123.5,122.80000305175781,122.8499984741211,25921,0.0,0.0
2023-04-20 11:30:00-04:00,122.80000305175781,123.05000305175781,122.44000244140625,122.52999877929688,18044,0.0,0.0
2023-04-20 12:30:00-04:00,122.51000213623047,122.52999877929688,122.13999938964844,122.36000061035156,32689,0.0,0.0
2023-04-20 13:30:00-04:00,122.37999725341797,123.01000213623047,122.36000061035156,122.93000030517578,28002,0.0,0.0
2023-04-20 14:30:00-04:00,122.87999725341797,122.87999725341797,122.33999633789062,122.62000274658203,32409,0.0,0.0
2023-04-20 15:30:00-04:00,122.66000366210938,123.13999938964844,122.51000213623047,123.08999633789062,67594,0.0,0.0
2023-04-21 09:30:00-04:00,122.68000030517578,122.68000030517578,120.05999755859375,120.68000030517578,93865,0.0,0.0
2023-04-21 10:30:00-04:00,120.37999725341797,120.51000213623047,118.75,119.6449966430664,61237,0.0,0.0
2023-04-21 11:30:00-04:00,119.55500030517578,120.06999969482422,119.25,119.91000366210938,19410,0.0,0.0
2023-04-21 12:30:00-04:00,119.8499984741211,120.1500015258789,119.79000091552734,120.04499816894531,15202,0.0,0.0
2023-04-21 13:30:00-04:00,120.12999725341797,120.58000183105469,120.12999725341797,120.4800033569336,19527,0.0,0.0
2023-04-21 14:30:00-04:00,120.48500061035156,120.69999694824219,120.26000213623047,120.54000091552734,34437,0.0,0.0
2023-04-21 15:30:00-04:00,120.55000305175781,120.8499984741211,120.44999694824219,120.83999633789062,74230,0.0,0.0
2023-04-24 09:30:00-04:00,120.97000122070312,121.70999908447266,120.56999969482422,121.58999633789062,11800,0.0,0.0
2023-04-24 10:30:00-04:00,121.69000244140625,121.72000122070312,120.80999755859375,120.80999755859375,10473,0.0,0.0
2023-04-24 11:30:00-04:00,120.80000305175781,120.86000061035156,120.51000213623047,120.79000091552734,10487,0.0,0.0
2023-04-24 12:30:00-04:00,120.81999969482422,120.94499969482422,120.69010162353516,120.86000061035156,8407,0.0,0.0
2023-04-24 13:30:00-04:00,120.875,120.98999786376953,120.5199966430664,120.52999877929688,10134,0.0,0.0
2023-04-24 14:30:00-04:00,120.48999786376953,120.69000244140625,120.48999786376953,120.69000244140625,23380,0.0,0.0
2023-04-24 15:30:00-04:00,120.58999633789062,120.75,120.27999877929688,120.36000061035156,77138,0.0,0.0
2023-04-25 09:30:00-04:00,119.79000091552734,120.66089630126953,119.54000091552734,120.51000213623047,19042,0.0,0.0
2023-04-25 10:30:00-04:00,120.50859832763672,120.86499786376953,120.22000122070312,120.5999984741211,22864,0.0,0.0
2023-04-25 11:30:00-04:00,120.56999969482422,120.62000274658203,120.19000244140625,120.25,15705,0.0,0.0
2023-04-25 12:30:00-04:00,120.29000091552734,120.46499633789062,119.59500122070312,119.87000274658203,15357,0.0,0.0
2023-04-25 13:30:00-04:00,119.91000366210938,120.4000015258789,119.91000366210938,120.4000015258789,35015,0.0,0.0
2023-04-25 14:30:00-04:00,120.4000015258789,120.54000091552734,120.0999984741211,120.23999786376953,36283,0.0,0.0
2023-04-25 15:30:00-04:00,120.23500061035156,120.37999725341797,119.81999969482422,119.83000183105469,69071,0.0,0.0
2023-04-26 09:30:00-04:00,119.37000274658203,121.0199966430664,119.37000274658203,120.58999633789062,42896,0.0,0.0
2023-04-26 10:30:00-04:00,120.56999969482422,120.68000030517578,119.95999908447266,120.41000366210938,53673,0.0,0.0
2023-04-26 11:30:00-04:00,120.43000030517578,120.5,119.9000015258789,119.94999694824219,34045,0.0,0.0
2023-04-26 12:30:00-04:00,120.01000213623047,120.3949966430664,119.94000244140625,120.18499755859375,26965,0.0,0.0
2023-04-26 13:30:00-04:00,120.11000061035156,120.23999786376953,119.27999877929688,119.58499908447266,27647,0.0,0.0
2023-04-26 14:30:00-04:00,119.51000213623047,119.53500366210938,119.08000183105469,119.34500122070312,35046,0.0,0.0
2023-04-26 15:30:00-04:00,119.38999938964844,120.0,119.33000183105469,119.7699966430664,107047,0.0,0.0
2023-04-27 09:30:00-04:00,119.38999938964844,120.3949966430664,119.37999725341797,120.33999633789062,32245,0.0,0.0
2023-04-27 10:30:00-04:00,120.33999633789062,120.3499984741211,119.80999755859375,120.30000305175781,17254,0.0,0.0
2023-04-27 11:30:00-04:00,120.33999633789062,121.20500183105469,120.33999633789062,120.90499877929688,16961,0.0,0.0
2023-04-27 12:30:00-04:00,120.83999633789062,121.11000061035156,120.69999694824219,121.04499816894531,19363,0.0,0.0
2023-04-27 13:30:00-04:00,121.05000305175781,121.87999725341797,121.05000305175781,121.87000274658203,28511,0.0,0.0
2023-04-27 14:30:00-04:00,121.83999633789062,122.125,121.69499969482422,121.69499969482422,29780,0.0,0.0
2023-04-27 15:30:00-04:00,121.6500015258789,121.69000244140625,121.20999908447266,121.47000122070312,74839,0.0,0.0
2023-04-28 09:30:00-04:00,121.45999908447266,122.56500244140625,121.45999908447266,122.12000274658203,22344,0.0,0.0
2023-04-28 10:30:00-04:00,122.09500122070312,122.33999633789062,121.75,122.16000366210938,46344,0.0,0.0
2023-04-28 11:30:00-04:00,122.19999694824219,122.4800033569336,122.16500091552734,122.36499786376953,24122,0.0,0.0
2023-04-28 12:30:00-04:00,122.37000274658203,122.68499755859375,122.22000122070312,122.52999877929688,8997,0.0,0.0
2023-04-28 13:30:00-04:00,122.5999984741211,122.70500183105469,122.30500030517578,122.30500030517578,25741,0.0,0.0
2023-04-28 14:30:00-04:00,122.30500030517578,122.62000274658203,122.02999877929688,122.6050033569336,33674,0.0,0.0
2023-04-28 15:30:00-04:00,122.62999725341797,122.75499725341797,122.3499984741211,122.69000244140625,100250,0.0,0.0
2023-05-01 09:30:00-04:00,122.52999877929688,123.57499694824219,122.4749984741211,123.12999725341797,22763,0.0,0.0
2023-05-01 10:30:00-04:00,123.31999969482422,123.73999786376953,123.22000122070312,123.43000030517578,12030,0.0,0.0
2023-05-01 11:30:00-04:00,123.36000061035156,123.55000305175781,123.32499694824219,123.38999938964844,12995,0.0,0.0
2023-05-01 12:30:00-04:00,123.4000015258789,123.70500183105469,123.1500015258789,123.16000366210938,21973,0.0,0.0
2023-05-01 13:30:00-04:00,123.11000061035156,123.55999755859375,123.0,123.37000274658203,26613,0.0,0.0
2023-05-01 14:30:00-04:00,123.3499984741211,123.43000030517578,122.92500305175781,123.33499908447266,40780,0.0,0.0
2023-05-01 15:30:00-04:00,123.41000366210938,123.58989715576172,123.02999877929688,123.0999984741211,71316,0.0,0.0
2023-05-02 09:30:00-04:00,122.36000061035156,122.47000122070312,120.54000091552734,120.55000305175781,45483,0.0,0.0
2023-05-02 10:30:00-04:00,120.5999984741211,120.6500015258789,119.6449966430664,119.72000122070312,38842,0.0,0.0
2023-05-02 11:30:00-04:00,119.77999877929688,119.91000366210938,119.19999694824219,119.88500213623047,30385,0.0,0.0
2023-05-02 12:30:00-04:00,119.98999786376953,120.43000030517578,119.93499755859375,120.43000030517578,20160,0.0,0.0
2023-05-02 13:30:00-04:00,120.44999694824219,121.08000183105469,120.37000274658203,120.57499694824219,32190,0.0,0.0
2023-05-02 14:30:00-04:00,120.61000061035156,121.30000305175781,120.47000122070312,121.30000305175781,40367,0.0,0.0
2023-05-02 15:30:00-04:00,121.2300033569336,121.55000305175781,121.0999984741211,121.19999694824219,117644,0.0,0.0
2023-05-03 09:30:00-04:00,119.37999725341797,119.5,113.4800033569336,117.54000091552734,156068,0.0,0.0
2023-05-03 10:30:00-04:00,117.44000244140625,117.91000366210938,116.4000015258789,116.61000061035156,69337,0.0,0.0
2023-05-03 11:30:00-04:00,116.93000030517578,117.23500061035156,116.24500274658203,117.18000030517578,45934,0.0,0.0
2023-05-03 12:30:00-04:00,117.16999816894531,117.63999938964844,117.16000366210938,117.56999969482422,50709,0.0,0.0
2023-05-03 13:30:00-04:00,117.62000274658203,118.0,116.9800033569336,117.43499755859375,81530,0.0,0.0
2023-05-03 14:30:00-04:00,117.43000030517578,118.0,116.20500183105469,116.20500183105469,83551,0.0,0.0
2023-05-03 15:30:00-04:00,116.20999908447266,116.6500015258789,115.86000061035156,115.91999816894531,147551,0.0,0.0
2023-05-04 09:30:00-04:00,115.31999969482422,115.86499786376953,114.4800033569336,114.53970336914062,78530,0.0,0.0
2023-05-04 10:30:00-04:00,114.51000213623047,114.83999633789062,113.94000244140625,114.45999908447266,49834,0.0,0.0
2023-05-04 11:30:00-04:00,114.29000091552734,114.63999938964844,113.43000030517578,114.4800033569336,28564,0.0,0.0
2023-05-04 12:30:00-04:00,114.66999816894531,115.4281997680664,114.26000213623047,115.05000305175781,21135,0.0,0.0
2023-05-04 13:30:00-04:00,115.11000061035156,115.26000213623047,114.75,114.75,32808,0.0,0.0
2023-05-04 14:30:00-04:00,114.62000274658203,115.2750015258789,114.5199966430664,114.91999816894531,36730,0.0,0.0
2023-05-04 15:30:00-04:00,114.81999969482422,115.08000183105469,114.58000183105469,114.6500015258789,96854,0.0,0.0
2023-05-05 09:30:00-04:00,116.58999633789062,117.87999725341797,115.5199966430664,116.79000091552734,21496,0.0,0.0
2023-05-05 10:30:00-04:00,116.76000213623047,116.87000274658203,116.44619750976562,116.44619750976562,14521,0.0,0.0
2023-05-05 11:30:00-04:00,116.4800033569336,116.55999755859375,116.30999755859375,116.33999633789062,11322,0.0,0.0
2023-05-05 12:30:00-04:00,116.31999969482422,116.41000366210938,116.0322036743164,116.2488021850586,12218,0.0,0.0
2023-05-05 13:30:00-04:00,116.16999816894531,116.54499816894531,116.02999877929688,116.25,29123,0.0,0.0
2023-05-05 14:30:00-04:00,116.2300033569336,116.5,116.08000183105469,116.08000183105469,16888,0.0,0.0
2023-05-05 15:30:00-04:00,116.08000183105469,116.14250183105469,115.69499969482422,115.83000183105469,48295,0.0,0.0
2023-05-08 09:30:00-04:00,116.0199966430664,116.77690124511719,115.80000305175781,115.87999725341797,17627,0.0,0.0
2023-05-08 10:30:00-04:00,116.0,116.38140106201172,115.86000061035156,116.36000061035156,11101,0.0,0.0
2023-05-08 11:30:00-04:00,116.27999877929688,116.41999816894531,115.94999694824219,116.4000015258789,12789,0.0,0.0
2023-05-08 12:30:00-04:00,116.38999938964844,116.42500305175781,115.8499984741211,115.87000274658203,17123,0.0,0.0
2023-05-08 13:30:00-04:00,115.79010009765625,116.1863021850586,115.79010009765625,116.12000274658203,26829,0.0,0.0
2023-05-08 14:30:00-04:00,116.16500091552734,116.31500244140625,115.9800033569336,116.05999755859375,35948,0.0,0.0
2023-05-08 15:30:00-04:00,116.11000061035156,116.2699966430664,115.73999786376953,115.7699966430664,61367,0.0,0.0
2023-05-09 09:30:00-04:00,115.4800033569336,116.06999969482422,115.0,115.44000244140625,16189,0.0,0.0
2023-05-09 10:30:00-04:00,115.43000030517578,116.08000183105469,115.2699966430664,115.94000244140625,16367,0.0,0.0
2023-05-09 11:30:00-04:00,116.0999984741211,116.44989776611328,116.0999984741211,116.29499816894531,11217,0.0,0.0
2023-05-09 12:30:00-04:00,116.36000061035156,116.54000091552734,116.16999816894531,116.54000091552734,13398,0.0,0.0
2023-05-09 13:30:00-04:00,116.58499908447266,117.0,116.45120239257812,116.45120239257812,19547,0.0,0.0
2023-05-09 14:30:00-04:00,116.48999786376953,116.58999633789062,116.01000213623047,116.31999969482422,30790,0.0,0.0
2023-05-09 15:30:00-04:00,116.25,116.35900115966797,115.80999755859375,115.93000030517578,98231,0.0,0.0
2023-05-10 09:30:00-04:00,116.33999633789062,116.5999984741211,114.76000213623047,115.18000030517578,28092,0.0,0.0
2023-05-10 10:30:00-04:00,115.26000213623047,116.33999633789062,115.05999755859375,116.15499877929688,15077,0.0,0.0
2023-05-10 11:30:00-04:00,116.11000061035156,116.15499877929688,115.75,115.91999816894531,12735,0.0,0.0
2023-05-10 12:30:00-04:00,115.7750015258789,115.77999877929688,114.86000061035156,114.86000061035156,18437,0.0,0.0
2023-05-10 13:30:00-04:00,114.92500305175781,115.13500213623047,114.72000122070312,115.01000213623047,13493,0.0,0.0
2023-05-10 14:30:00-04:00,115.11000061035156,115.65149688720703,115.02999877929688,115.51499938964844,16714,0.0,0.0
2023-05-10 15:30:00-04:00,115.41999816894531,115.7699966430664,115.31999969482422,115.4800033569336,61234,0.0,0.0
2023-05-11 09:30:00-04:00,114.41000366210938,114.95500183105469,114.29000091552734,114.41999816894531,24182,0.0,0.0
2023-05-11 10:30:00-04:00,114.77999877929688,114.77999877929688,114.25,114.31289672851562,16183,0.0,0.0
2023-05-11 11:30:00-04:00,114.25,115.13999938964844,114.25,115.09500122070312,14697,0.0,0.0
2023-05-11 12:30:00-04:00,115.03500366210938,115.37999725341797,115.03500366210938,115.16000366210938,17666,0.0,0.0
2023-05-11 13:30:00-04:00,115.13500213623047,115.75,115.08999633789062,115.75,18989,0.0,0.0
2023-05-11 14:30:00-04:00,115.75,116.01499938964844,115.75,115.94000244140625,37254,0.0,0.0
2023-05-11 15:30:00-04:00,115.94000244140625,116.20999908447266,115.91000366210938,116.05000305175781,77568,0.0,0.0
2023-05-12 09:30:00-04:00,116.70999908447266,117.30000305175781,115.9749984741211,116.2300033569336,15169,0.0,0.0
2023-05-12 10:30:00-04:00,116.18000030517578,116.24500274658203,115.67350006103516,115.70999908447266,13399,0.0,0.0
2023-05-12 11:30:00-04:00,115.62000274658203,115.8499984741211,115.25360107421875,115.30999755859375,15578,0.0,0.0
2023-05-12 12:30:00-04:00,115.34249877929688,115.77999877929688,115.33999633789062,115.7249984741211,20091,0.0,0.0
2023-05-12 13:30:00-04:00,115.72000122070312,115.83000183105469,115.47000122070312,115.77999877929688,22658,0.0,0.0
2023-05-12 14:30:00-04:00,115.74500274658203,115.88999938964844,115.54000091552734,115.80999755859375,31588,0.0,0.0
2023-05-12 15:30:00-04:00,115.83000183105469,116.16999816894531,115.7300033569336,116.05000305175781,39610,0.0,0.0
2023-05-15 09:30:00-04:00,116.38999938964844,116.45999908447266,115.9000015258789,116.2300033569336,19150,0.0,0.0
2023-05-15 10:30:00-04:00,116.37000274658203,116.47000122070312,116.01000213623047,116.16000366210938,22251,0.0,0.0
2023-05-15 11:30:00-04:00,116.13999938964844,116.22000122070312,115.67500305175781,116.03500366210938,19519,0.0,0.0
2023-05-15 12:30:00-04:00,116.16000366210938,116.80000305175781,115.9800033569336,116.6449966430664,21255,0.0,0.0
2023-05-15 13:30:00-04:00,116.6449966430664,117.05999755859375,116.44999694824219,116.98999786376953,33439,0.0,0.0
2023-05-15 14:30:00-04:00,117.02999877929688,117.5999984741211,117.00499725341797,117.4749984741211,45079,0.0,0.0
2023-05-15 15:30:00-04:00,117.48500061035156,117.73999786376953,117.18000030517578,117.63999938964844,76054,0.0,0.0
2023-05-16 09:30:00-04:00,116.58000183105469,117.4000015258789,115.44000244140625,115.63500213623047,34437,0.0,0.0
2023-05-16 10:30:00-04:00,115.73999786376953,115.9000015258789,115.48999786376953,115.75,22084,0.0,0.0
2023-05-16 11:30:00-04:00,115.93000030517578,116.20500183105469,115.7699966430664,116.0,19844,0.0,0.0
2023-05-16 12:30:00-04:00,116.03500366210938,116.38500213623047,115.70999908447266,115.76000213623047,29490,0.0,0.0
2023-05-16 13:30:00-04:00,115.7699966430664,116.19999694824219,115.56500244140625,116.09500122070312,45398,0.0,0.0
2023-05-16 14:30:00-04:00,115.98919677734375,116.5999984741211,115.98919677734375,116.44999694824219,29860,0.0,0.0
2023-05-16 15:30:00-04:00,116.45999908447266,116.55000305175781,115.83000183105469,115.83000183105469,75996,0.0,0.0
2023-05-17 09:30:00-04:00,116.55999755859375,116.58000183105469,115.93000030517578,116.13500213623047,16343,0.0,0.0
2023-05-17 10:30:00-04:00,116.11000061035156,116.25,115.66999816894531,116.18000030517578,15404,0.0,0.0
2023-05-17 11:30:00-04:00,116.16999816894531,116.29000091552734,115.91629791259766,116.11000061035156,17263,0.0,0.0
2023-05-17 12:30:00-04:00,116.16000366210938,116.80500030517578,116.0999984741211,116.37999725341797,11894,0.0,0.0
2023-05-17 13:30:00-04:00,116.48500061035156,116.7300033569336,116.01000213623047,116.01000213623047,15033,0.0,0.0
2023-05-17 14:30:00-04:00,115.73999786376953,116.2699966430664,115.73999786376953,115.86000061035156,35311,0.0,0.0
2023-05-17 15:30:00-04:00,115.9000015258789,115.99500274658203,115.55999755859375,115.55999755859375,73123,0.0,0.0
2023-05-18 09:30:00-04:00,115.44999694824219,115.63500213623047,114.60009765625,115.55000305175781,14882,0.0,0.0
2023-05-18 10:30:00-04:00,115.54000091552734,116.0999984741211,115.54000091552734,115.93000030517578,11780,0.0,0.0
2023-05-18 11:30:00-04:00,115.80000305175781,116.30000305175781,115.75,116.20999908447266,17692,0.0,0.0
2023-05-18 12:30:00-04:00,116.19999694824219,116.27999877929688,116.02999877929688,116.23500061035156,16239,0.0,0.0
2023-05-18 13:30:00-04:00,116.23500061035156,116.79000091552734,116.12000274658203,116.76000213623047,19990,0.0,0.0
2023-05-18 14:30:00-04:00,116.76000213623047,117.08499908447266,116.76000213623047,117.01750183105469,34676,0.0,0.0
2023-05-18 15:30:00-04:00,117.05000305175781,117.9000015258789,116.98500061035156,117.77999877929688,89372,0.0,0.0
2023-05-19 09:30:00-04:00,118.54000091552734,118.98999786376953,118.17500305175781,118.55999755859375,15963,0.0,0.0
2023-05-19 10:30:00-04:00,118.58999633789062,118.81999969482422,117.58999633789062,117.58999633789062,15286,0.0,0.0
2023-05-19 11:30:00-04:00,117.38999938964844,117.58000183105469,117.04000091552734,117.25,7082,0.0,0.0
2023-05-19 12:30:00-04:00,117.11000061035156,117.58999633789062,116.9000015258789,117.3499984741211,26922,0.0,0.0
2023-05-19 13:30:00-04:00,117.41000366210938,117.41000366210938,117.02999877929688,117.0999984741211,11302,0.0,0.0
2023-05-19 14:30:00-04:00,117.05000305175781,117.44000244140625,117.05000305175781,117.19999694824219,13909,0.0,0.0
2023-05-19 15:30:00-04:00,117.20999908447266,117.56500244140625,117.0999984741211,117.16999816894531,48054,0.0,0.0
2023-05-22 09:30:00-04:00,116.97000122070312,117.36000061035156,115.54389953613281,115.95999908447266,37068,0.0,0.0
2023-05-22 10:30:00-04:00,115.91000366210938,116.36000061035156,115.20999908447266,116.36000061035156,29646,0.0,0.0
2023-05-22 11:30:00-04:00,116.27999877929688,116.69499969482422,116.05999755859375,116.20850372314453,18158,0.0,0.0
2023-05-22 12:30:00-04:00,116.22119903564453,116.27999877929688,115.70230102539062,116.16000366210938,21877,0.0,0.0
2023-05-22 13:30:00-04:00,116.16999816894531,116.48500061035156,116.1050033569336,116.4800033569336,21841,0.0,0.0
2023-05-22 14:30:00-04:00,116.55000305175781,116.68000030517578,116.3499984741211,116.5,29793,0.0,0.0
2023-05-22 15:30:00-04:00,116.48500061035156,116.66000366210938,116.23999786376953,116.62999725341797,58490,0.0,0.0
2023-05-23 09:30:00-04:00,116.69000244140625,116.94999694824219,115.75,116.62999725341797,28078,0.0,0.0
2023-05-23 10:30:00-04:00,116.72000122070312,116.87999725341797,116.37000274658203,116.37000274658203,22508,0.0,0.0
2023-05-23 11:30:00-04:00,116.40499877929688,116.51000213623047,115.75,115.98999786376953,38834,0.0,0.0
2023-05-23 12:30:00-04:00,116.08999633789062,116.87000274658203,116.01000213623047,116.20999908447266,38654,0.0,0.0
2023-05-23 13:30:00-04:00,116.04000091552734,116.44000244140625,115.7300033569336,115.7300033569336,36226,0.0,0.0
2023-05-23 14:30:00-04:00,115.76000213623047,116.30899810791016,115.62000274658203,116.30899810791016,42117,0.0,0.0
2023-05-23 15:30:00-04:00,116.2699966430664,116.51000213623047,115.9000015258789,115.94000244140625,100789,0.0,0.0
2023-05-24 09:30:00-04:00,115.54000091552734,115.54000091552734,114.19999694824219,114.47000122070312,28129,0.0,0.0
2023-05-24 10:30:00-04:00,114.58999633789062,114.61499786376953,113.80999755859375,114.26000213623047,22688,0.0,0.0
2023-05-24 11:30:00-04:00,114.25,114.27999877929688,113.8499984741211,113.94999694824219,19256,0.0,0.0
2023-05-24 12:30:00-04:00,113.87000274658203,114.3499984741211,113.69999694824219,114.1500015258789,16078,0.0,0.0
2023-05-24 13:30:00-04:00,114.1500015258789,114.25,113.72000122070312,113.72000122070312,20755,0.0,0.0
2023-05-24 14:30:00-04:00,113.5999984741211,114.31500244140625,113.5999984741211,114.08999633789062,29427,0.0,0.0
2023-05-24 15:30:00-04:00,114.12999725341797,114.32749938964844,113.22000122070312,113.29000091552734,117231,0.0,0.0
2023-05-25 09:30:00-04:00,112.73999786376953,113.43000030517578,112.4000015258789,112.81829833984375,28463,0.0,0.0
2023-05-25 10:30:00-04:00,112.94960021972656,112.94960021972656,111.87000274658203,112.02999877929688,20952,0.0,0.0
2023-05-25 11:30:00-04:00,111.8949966430664,113.0199966430664,111.54499816894531,112.69000244140625,34664,0.0,0.0
2023-05-25 12:30:00-04:00,112.7300033569336,113.56999969482422,112.70999908447266,113.4800033569336,23143,0.0,0.0
2023-05-25 13:30:00-04:00,113.5374984741211,113.93000030517578,113.30000305175781,113.30000305175781,36744,0.0,0.0
2023-05-25 14:30:00-04:00,113.4000015258789,113.45999908447266,113.08000183105469,113.29000091552734,34152,0.0,0.0
2023-05-25 15:30:00-04:00,113.16999816894531,113.45999908447266,113.02999877929688,113.33999633789062,65214,0.0,0.0
2023-05-26 09:30:00-04:00,113.18000030517578,114.69999694824219,112.94000244140625,114.66999816894531,49894,0.0,0.0
2023-05-26 10:30:00-04:00,114.69000244140625,114.9000015258789,113.125,113.125,30274,0.0,0.0
2023-05-26 11:30:00-04:00,113.22000122070312,113.67500305175781,112.83000183105469,113.62000274658203,27205,0.0,0.0
2023-05-26 12:30:00-04:00,113.70999908447266,113.73500061035156,113.33999633789062,113.58000183105469,54076,0.0,0.0
2023-05-26 13:30:00-04:00,113.6500015258789,114.31500244140625,113.51000213623047,114.30999755859375,31057,0.0,0.0
2023-05-26 14:30:00-04:00,114.29000091552734,114.6449966430664,114.16000366210938,114.19000244140625,46451,0.0,0.0
2023-05-26 15:30:00-04:00,114.19000244140625,114.26000213623047,113.80999755859375,113.83000183105469,70617,0.0,0.0
2023-05-30 09:30:00-04:00,113.30999755859375,114.4800033569336,112.83999633789062,114.1500015258789,28566,0.0,0.0
2023-05-30 10:30:00-04:00,114.04000091552734,114.20999908447266,113.58999633789062,113.66000366210938,31021,0.0,0.0
2023-05-30 11:30:00-04:00,113.66259765625,114.27999877929688,113.62999725341797,114.27999877929688,30811,0.0,0.0
2023-05-30 12:30:00-04:00,114.27670288085938,114.37000274658203,113.77999877929688,114.22000122070312,31498,0.0,0.0
2023-05-30 13:30:00-04:00,114.15750122070312,114.70500183105469,114.08000183105469,114.5199966430664,26490,0.0,0.0
2023-05-30 14:30:00-04:00,114.55999755859375,114.95999908447266,114.4000015258789,114.9000015258789,29148,0.0,0.0
2023-05-30 15:30:00-04:00,115.0,115.20999908447266,114.94999694824219,115.01000213623047,53591,0.0,0.0
2023-05-31 09:30:00-04:00,114.5999984741211,114.83499908447266,113.5199966430664,113.80000305175781,37883,0.0,0.0
2023-05-31 10:30:00-04:00,113.80000305175781,113.80000305175781,112.93000030517578,113.18000030517578,34570,0.0,0.0
2023-05-31 11:30:00-04:00,113.19750213623047,113.5,112.97000122070312,113.44000244140625,24842,0.0,0.0
2023-05-31 12:30:00-04:00,113.44000244140625,113.47599792480469,113.16000366210938,113.29499816894531,22429,0.0,0.0
2023-05-31 13:30:00-04:00,113.2300033569336,113.33000183105469,113.0,113.16999816894531,28327,0.0,0.0
2023-05-31 14:30:00-04:00,113.08000183105469,113.1500015258789,112.70999908447266,113.05000305175781,36067,0.0,0.0
2023-05-31 15:30:00-04:00,113.07499694824219,113.07499694824219,111.95500183105469,112.25,146927,0.0,0.0
2023-06-01 09:30:00-04:00,112.72000122070312,113.55999755859375,112.2699966430664,112.47000122070312,25889,0.0,0.0
2023-06-01 10:30:00-04:00,112.38999938964844,112.87999725341797,112.33000183105469,112.52999877929688,19807,0.0,0.0
2023-06-01 11:30:00-04:00,112.61000061035156,113.0999984741211,112.37999725341797,113.0999984741211,19805,0.0,0.0
2023-06-01 12:30:00-04:00,113.08999633789062,113.12999725341797,112.81999969482422,112.94000244140625,18331,0.0,0.0
2023-06-01 13:30:00-04:00,112.94000244140625,112.97000122070312,112.7300033569336,112.86000061035156,25983,0.0,0.0
2023-06-01 14:30:00-04:00,112.79000091552734,113.0,112.41000366210938,112.91000366210938,43869,0.0,0.0
2023-06-01 15:30:00-04:00,112.87000274658203,112.87000274658203,112.53089904785156,112.80000305175781,75828,0.0,0.0
2023-06-02 09:30:00-04:00,113.38999938964844,114.77999877929688,113.15599822998047,114.63999938964844,29068,0.0,0.0
2023-06-02 10:30:00-04:00,114.8499984741211,115.83000183105469,114.8499984741211,115.78500366210938,14116,0.0,0.0
2023-06-02 11:30:00-04:00,115.77999877929688,115.91999816894531,115.52999877929688,115.55000305175781,23002,0.0,0.0
2023-06-02 12:30:00-04:00,115.63500213623047,115.94000244140625,115.43499755859375,115.83999633789062,14958,0.0,0.0
2023-06-02 13:30:00-04:00,115.9000015258789,116.01000213623047,115.5999984741211,115.93000030517578,29302,0.0,0.0
2023-06-02 14:30:00-04:00,115.9800033569336,116.58000183105469,115.9800033569336,116.40499877929688,34022,0.0,0.0
2023-06-02 15:30:00-04:00,116.43000030517578,116.76000213623047,116.31500244140625,116.66000366210938,86433,0.0,0.0
2023-06-05 09:30:00-04:00,115.8499984741211,116.44000244140625,115.08550262451172,115.17500305175781,28510,0.0,0.0
2023-06-05 10:30:00-04:00,115.26000213623047,115.95500183105469,115.00499725341797,115.95500183105469,24229,0.0,0.0
2023-06-05 11:30:00-04:00,116.125,116.31999969482422,115.9800033569336,115.9800033569336,17286,0.0,0.0
2023-06-05 12:30:00-04:00,116.12470245361328,116.26750183105469,115.5199966430664,115.5199966430664,22423,0.0,0.0
2023-06-05 13:30:00-04:00,115.46499633789062,115.69999694824219,115.22010040283203,115.38999938964844,35701,0.0,0.0
2023-06-05 14:30:00-04:00,115.38500213623047,115.44999694824219,114.77999877929688,114.9000015258789,25534,0.0,0.0
2023-06-05 15:30:00-04:00,114.91999816894531,115.27249908447266,114.81999969482422,114.97000122070312,47810,0.0,0.0
2023-06-06 09:30:00-04:00,115.30000305175781,116.44499969482422,115.26000213623047,116.31999969482422,16575,0.0,0.0
2023-06-06 10:30:00-04:00,116.48999786376953,116.6500015258789,116.33999633789062,116.51499938964844,10596,0.0,0.0
2023-06-06 11:30:00-04:00,116.58000183105469,116.8550033569336,116.30999755859375,116.37999725341797,11124,0.0,0.0
2023-06-06 12:30:00-04:00,116.32499694824219,116.41000366210938,115.98999786376953,116.01000213623047,14247,0.0,0.0
2023-06-06 13:30:00-04:00,116.02999877929688,116.38500213623047,115.98999786376953,116.38500213623047,18524,0.0,0.0
2023-06-06 14:30:00-04:00,116.45500183105469,116.47000122070312,115.80999755859375,116.20999908447266,37391,0.0,0.0
2023-06-06 15:30:00-04:00,116.2300033569336,116.70999908447266,116.2300033569336,116.66999816894531,50634,0.0,0.0
2023-06-07 09:30:00-04:00,116.8499984741211,117.3499984741211,115.75,117.17500305175781,19865,0.0,0.0
2023-06-07 10:30:00-04:00,117.3499984741211,117.8582992553711,117.30000305175781,117.71499633789062,13044,0.0,0.0
2023-06-07 11:30:00-04:00,117.72000122070312,118.0,117.58000183105469,118.0,19108,0.0,0.0
2023-06-07 12:30:00-04:00,118.04000091552734,118.11000061035156,117.62000274658203,117.76000213623047,19977,0.0,0.0
2023-06-07 13:30:00-04:00,117.62000274658203,118.24500274658203,117.62000274658203,118.18499755859375,19163,0.0,0.0
2023-06-07 14:30:00-04:00,118.18000030517578,118.5,118.18000030517578,118.40499877929688,26725,0.0,0.0
2023-06-07 15:30:00-04:00,118.42500305175781,118.46499633789062,117.81999969482422,117.88999938964844,111122,0.0,0.0
2023-06-08 09:30:00-04:00,117.68000030517578,117.74500274658203,116.6500015258789,117.44000244140625,39087,0.0,0.0
2023-06-08 10:30:00-04:00,117.54000091552734,117.54000091552734,116.55000305175781,116.99500274658203,34039,0.0,0.0
2023-06-08 11:30:00-04:00,117.0199966430664,117.16000366210938,116.66000366210938,116.83000183105469,23519,0.0,0.0
2023-06-08 12:30:00-04:00,116.7699966430664,116.8949966430664,116.63999938964844,116.83999633789062,19251,0.0,0.0
2023-06-08 13:30:00-04:00,116.88999938964844,117.31500244140625,116.73999786376953,117.18000030517578,44601,0.0,0.0
2023-06-08 14:30:00-04:00,117.22000122070312,117.37000274658203,116.98999786376953,117.05999755859375,25805,0.0,0.0
2023-06-08 15:30:00-04:00,117.12000274658203,117.33999633789062,116.76000213623047,116.80000305175781,58958,0.0,0.0
2023-06-09 09:30:00-04:00,116.16999816894531,116.62000274658203,115.75,116.58000183105469,25397,0.0,0.0
2023-06-09 10:30:00-04:00,116.68000030517578,116.94999694824219,116.30000305175781,116.41000366210938,69373,0.0,0.0
2023-06-09 11:30:00-04:00,116.16000366210938,116.37000274658203,116.05000305175781,116.23500061035156,13262,0.0,0.0
2023-06-09 12:30:00-04:00,116.33499908447266,116.5,116.19000244140625,116.26499938964844,13454,0.0,0.0
2023-06-09 13:30:00-04:00,116.27999877929688,116.36609649658203,116.05000305175781,116.19999694824219,18664,0.0,0.0
2023-06-09 14:30:00-04:00,116.19999694824219,116.41999816894531,115.98999786376953,116.05999755859375,34449,0.0,0.0
2023-06-09 15:30:00-04:00,116.0199966430664,116.26000213623047,115.80000305175781,116.12000274658203,85770,0.0,0.0
2023-06-12 09:30:00-04:00,116.0,116.63999938964844,115.04000091552734,115.81999969482422,40814,0.0,0.0
2023-06-12 10:30:00-04:00,115.75250244140625,116.19000244140625,115.41999816894531,115.72000122070312,26268,0.0,0.0
2023-06-12 11:30:00-04:00,115.69999694824219,116.04000091552734,115.37000274658203,115.95999908447266,14903,0.0,0.0
2023-06-12 12:30:00-04:00,115.98500061035156,116.0999984741211,115.80000305175781,115.84400177001953,19718,0.0,0.0
2023-06-12 13:30:00-04:00,115.87000274658203,116.05000305175781,115.83999633789062,116.01000213623047,24257,0.0,0.0
2023-06-12 14:30:00-04:00,116.00499725341797,116.18000030517578,115.80999755859375,115.94999694824219,41241,0.0,0.0
2023-06-12 15:30:00-04:00,115.9800033569336,116.02999877929688,115.69999694824219,115.83999633789062,80840,0.0,0.0
2023-06-13 09:30:00-04:00,115.98999786376953,117.4000015258789,115.5999984741211,117.05999755859375,25201,0.0,0.0
2023-06-13 10:30:00-04:00,117.37999725341797,117.37999725341797,116.2699966430664,116.38999938964844,21438,0.0,0.0
2023-06-13 11:30:00-04:00,116.4000015258789,116.59500122070312,116.0999984741211,116.58000183105469,103650,0.0,0.0
2023-06-13 12:30:00-04:00,116.5,116.63999938964844,116.04000091552734,116.61000061035156,22018,0.0,0.0
2023-06-13 13:30:00-04:00,116.66999816894531,116.72000122070312,116.26000213623047,116.37999725341797,24936,0.0,0.0
2023-06-13 14:30:00-04:00,116.38999938964844,116.5,116.05999755859375,116.16999816894531,32707,0.0,0.0
2023-06-13 15:30:00-04:00,116.25,116.26000213623047,115.98999786376953,116.05000305175781,62041,0.0,0.0
2023-06-14 09:30:00-04:00,116.0,116.5999984741211,115.62000274658203,115.94000244140625,26334,0.0,0.0
2023-06-14 10:30:00-04:00,115.94000244140625,116.4800033569336,115.91500091552734,116.30000305175781,21451,0.0,0.0
2023-06-14 11:30:00-04:00,116.31999969482422,116.33000183105469,115.93499755859375,116.21499633789062,27547,0.0,0.0
2023-06-14 12:30:00-04:00,116.13999938964844,116.1500015258789,115.72000122070312,115.83499908447266,16422,0.0,0.0
2023-06-14 13:30:00-04:00,115.75,116.01850128173828,114.52999877929688,114.5999984741211,44652,0.0,0.0
2023-06-14 14:30:00-04:00,114.68000030517578,115.19000244140625,114.48999786376953,114.63999938964844,38568,0.0,0.0
2023-06-14 15:30:00-04:00,114.66999816894531,114.72000122070312,114.00499725341797,114.41999816894531,61894,0.0,0.0
2023-06-15 09:30:00-04:00,114.47000122070312,115.44000244140625,114.12000274658203,114.88999938964844,23433,0.0,0.0
2023-06-15 10:30:00-04:00,114.80000305175781,115.18000030517578,114.2300033569336,115.18000030517578,23086,0.0,0.0
2023-06-15 11:30:00-04:00,115.20999908447266,115.4800033569336,114.94999694824219,115.42500305175781,24331,0.0,0.0
2023-06-15 12:30:00-04:00,115.41999816894531,115.41999816894531,114.76000213623047,115.0,42673,0.0,0.0
2023-06-15 13:30:00-04:00,115.02999877929688,115.37000274658203,114.95999908447266,115.05000305175781,38577,0.0,0.0
2023-06-15 14:30:00-04:00,115.06999969482422,115.56999969482422,115.03500366210938,115.30000305175781,39715,0.0,0.0
2023-06-15 15:30:00-04:00,115.31999969482422,115.41000366210938,115.05000305175781,115.25,75616,0.0,0.0
2023-06-16 09:30:00-04:00,115.69999694824219,116.12000274658203,114.96499633789062,115.75499725341797,77049,0.0,0.0
2023-06-16 10:30:00-04:00,115.70999908447266,115.88999938964844,115.33999633789062,115.80000305175781,20718,0.0,0.0
2023-06-16 11:30:00-04:00,115.79499816894531,116.2699966430664,115.50499725341797,116.2699966430664,37171,0.0,0.0
2023-06-16 12:30:00-04:00,116.2699966430664,116.47000122070312,116.0999984741211,116.0999984741211,39434,0.0,0.0
2023-06-16 13:30:00-04:00,116.05000305175781,116.51000213623047,116.0,116.41000366210938,33135,0.0,0.0
2023-06-16 14:30:00-04:00,116.37999725341797,116.37999725341797,115.99500274658203,116.04000091552734,41411,0.0,0.0
2023-06-16 15:30:00-04:00,116.0250015258789,116.72000122070312,116.0,116.41999816894531,110546,0.0,0.0
2023-06-20 09:30:00-04:00,115.87999725341797,115.91000366210938,114.41999816894531,114.98999786376953,51661,0.0,0.0
2023-06-20 10:30:00-04:00,115.02999877929688,115.41999816894531,114.91000366210938,115.30000305175781,45812,0.0,0.0
2023-06-20 11:30:00-04:00,115.36000061035156,116.0250015258789,115.36000061035156,115.91000366210938,25064,0.0,0.0
2023-06-20 12:30:00-04:00,115.70999908447266,116.0,115.38999938964844,115.38999938964844,19104,0.0,0.0
2023-06-20 13:30:00-04:00,115.46499633789062,115.56500244140625,115.12999725341797,115.45999908447266,26828,0.0,0.0
2023-06-20 14:30:00-04:00,115.45500183105469,115.76000213623047,115.41000366210938,115.54000091552734,31874,0.0,0.0
2023-06-20 15:30:00-04:00,115.50499725341797,115.72000122070312,115.30000305175781,115.47000122070312,62564,0.0,0.0
2023-06-21 09:30:00-04:00,115.1500015258789,115.5999984741211,114.43000030517578,115.48999786376953,61524,0.0,0.0
2023-06-21 10:30:00-04:00,115.5,116.58000183105469,115.47000122070312,116.48999786376953,36613,0.0,0.0
2023-06-21 11:30:00-04:00,116.51090240478516,116.52999877929688,115.82499694824219,116.19000244140625,56615,0.0,0.0
2023-06-21 12:30:00-04:00,116.23999786376953,116.33999633789062,115.66000366210938,115.83000183105469,21343,0.0,0.0
2023-06-21 13:30:00-04:00,115.83000183105469,116.0199966430664,115.70500183105469,115.98999786376953,38866,0.0,0.0
2023-06-21 14:30:00-04:00,115.98999786376953,116.0999984741211,115.7750015258789,115.87999725341797,29682,0.0,0.0
2023-06-21 15:30:00-04:00,115.87999725341797,116.58000183105469,115.86000061035156,116.19999694824219,119536,0.0,0.0
2023-06-22 09:30:00-04:00,116.55000305175781,116.55000305175781,115.70999908447266,116.50499725341797,29605,0.0,0.0
2023-06-22 10:30:00-04:00,116.5,116.58999633789062,115.31700134277344,115.87999725341797,40712,0.0,0.0
2023-06-22 11:30:00-04:00,115.98999786376953,116.4800033569336,115.77999877929688,116.43499755859375,35628,0.0,0.0
2023-06-22 12:30:00-04:00,116.5,116.5999984741211,116.2300033569336,116.44999694824219,22872,0.0,0.0
2023-06-22 13:30:00-04:00,116.37999725341797,116.93000030517578,116.37999725341797,116.93000030517578,24183,0.0,0.0
2023-06-22 14:30:00-04:00,116.94000244140625,117.02999877929688,116.71499633789062,116.77999877929688,24260,0.0,0.0
2023-06-22 15:30:00-04:00,116.77999877929688,117.25,116.72000122070312,117.11000061035156,82940,0.0,0.0
2023-06-23 09:30:00-04:00,116.3499984741211,117.18000030517578,116.11000061035156,116.19000244140625,22613,0.0,0.0
2023-06-23 10:30:00-04:00,116.16000366210938,116.63999938964844,116.12999725341797,116.44000244140625,31920,0.0,0.0
2023-06-23 11:30:00-04:00,116.36000061035156,116.83999633789062,116.23500061035156,116.83999633789062,27406,0.0,0.0
2023-06-23 12:30:00-04:00,116.83499908447266,116.91999816894531,116.5199966430664,116.58000183105469,23054,0.0,0.0
2023-06-23 13:30:00-04:00,116.58999633789062,116.88999938964844,116.41000366210938,116.41000366210938,35053,0.0,0.0
2023-06-23 14:30:00-04:00,116.41500091552734,116.51000213623047,116.01000213623047,116.19000244140625,64267,0.0,0.0
2023-06-23 15:30:00-04:00,116.20999908447266,116.36499786376953,115.81999969482422,116.04000091552734,126424,0.0,0.0
2023-06-26 09:30:00-04:00,116.18000030517578,117.06999969482422,115.98999786376953,116.2750015258789,25885,0.0,0.0
2023-06-26 10:30:00-04:00,116.26000213623047,117.02999877929688,116.06999969482422,116.91999816894531,27292,0.0,0.0
2023-06-26 11:30:00-04:00,116.9800033569336,117.68499755859375,116.87000274658203,117.62999725341797,28517,0.0,0.0
2023-06-26 12:30:00-04:00,117.68000030517578,117.75,117.4800033569336,117.62000274658203,26259,0.0,0.0
2023-06-26 13:30:00-04:00,117.63500213623047,117.63500213623047,116.79000091552734,117.0999984741211,25892,0.0,0.0
2023-06-26 14:30:00-04:00,117.0999984741211,117.5,117.0999984741211,117.5,39546,0.0,0.0
2023-06-26 15:30:00-04:00,117.4800033569336,117.69000244140625,117.25299835205078,117.4000015258789,89470,0.0,0.0
2023-06-27 09:30:00-04:00,117.3499984741211,118.0,116.43000030517578,117.73999786376953,21078,0.0,0.0
2023-06-27 10:30:00-04:00,117.74500274658203,118.20500183105469,117.68900299072266,117.76000213623047,14128,0.0,0.0
2023-06-27 11:30:00-04:00,117.69999694824219,117.7239990234375,117.3499984741211,117.4000015258789,12413,0.0,0.0
2023-06-27 12:30:00-04:00,117.3949966430664,117.63999938964844,117.3499984741211,117.5250015258789,14044,0.0,0.0
2023-06-27 13:30:00-04:00,117.56999969482422,117.9384994506836,117.56999969482422,117.9384994506836,15294,0.0,0.0
2023-06-27 14:30:00-04:00,117.86000061035156,118.0,117.62010192871094,117.75,70916,0.0,0.0
2023-06-27 15:30:00-04:00,117.75,118.01000213623047,117.50499725341797,117.86000061035156,66454,0.0,0.0
2023-06-28 09:30:00-04:00,117.27999877929688,117.38999938964844,115.82499694824219,115.87000274658203,45700,0.0,0.0
2023-06-28 10:30:00-04:00,115.9000015258789,116.29000091552734,115.55500030517578,116.29000091552734,38994,0.0,0.0
2023-06-28 11:30:00-04:00,116.2699966430664,116.51000213623047,115.9800033569336,116.51000213623047,28985,0.0,0.0
2023-06-28 12:30:00-04:00,116.48999786376953,116.56500244140625,115.8499984741211,115.98999786376953,23059,0.0,0.0
2023-06-28 13:30:00-04:00,116.04000091552734,116.27999877929688,115.80999755859375,116.21499633789062,26422,0.0,0.0
2023-06-28 14:30:00-04:00,116.2300033569336,116.44000244140625,116.20999908447266,116.2699966430664,29195,0.0,0.0
2023-06-28 15:30:00-04:00,116.25499725341797,116.49500274658203,116.12000274658203,116.4000015258789,82481,0.0,0.0
2023-06-29 09:30:00-04:00,116.45999908447266,117.75,116.3499984741211,117.3949966430664,51904,0.0,0.0
2023-06-29 10:30:00-04:00,117.43000030517578,117.5199966430664,116.84500122070312,116.84500122070312,27859,0.0,0.0
2023-06-29 11:30:00-04:00,117.01000213623047,117.53500366210938,116.97000122070312,117.51000213623047,16938,0.0,0.0
2023-06-29 12:30:00-04:00,117.55999755859375,118.12999725341797,117.5199966430664,118.05999755859375,18856,0.0,0.0
2023-06-29 13:30:00-04:00,117.95999908447266,118.03500366210938,117.66999816894531,117.81999969482422,32936,0.0,0.0
2023-06-29 14:30:00-04:00,117.83999633789062,118.05999755859375,117.70999908447266,118.04000091552734,35382,0.0,0.0
2023-06-29 15:30:00-04:00,117.98999786376953,118.11000061035156,117.75,117.93000030517578,102812,0.0,0.0
2023-06-30 09:30:00-04:00,118.51000213623047,118.91999816894531,118.18499755859375,118.58999633789062,38560,0.0,0.0
2023-06-30 10:30:00-04:00,118.61000061035156,118.79000091552734,118.13999938964844,118.71739959716797,29226,0.0,0.0
2023-06-30 11:30:00-04:00,118.80000305175781,119.32499694824219,118.80000305175781,119.26000213623047,33378,0.0,0.0
2023-06-30 12:30:00-04:00,119.22000122070312,119.22000122070312,118.95999908447266,119.11000061035156,13050,0.0,0.0
2023-06-30 13:30:00-04:00,119.1500015258789,119.3499984741211,118.98999786376953,119.06999969482422,37334,0.0,0.0
2023-06-30 14:30:00-04:00,119.0999984741211,119.37999725341797,119.08999633789062,119.20999908447266,32069,0.0,0.0
2023-06-30 15:30:00-04:00,119.22000122070312,119.2249984741211,118.6500015258789,118.79000091552734,66588,0.0,0.0
2023-07-03 09:30:00-04:00,118.68000030517578,119.66999816894531,118.4800033569336,119.66999816894531,50408,0.0,0.0
2023-07-03 10:30:00-04:00,119.66999816894531,120.4000015258789,119.55000305175781,119.86000061035156,28014,0.0,0.0
2023-07-03 11:30:00-04:00,119.79000091552734,119.91500091552734,119.56500244140625,119.57499694824219,20572,0.0,0.0
2023-07-05 09:30:00-04:00,118.26000213623047,118.26000213623047,116.04000091552734,117.37999725341797,53205,0.0,0.0
2023-07-05 10:30:00-04:00,117.4800033569336,118.04000091552734,117.37999725341797,118.02999877929688,35138,0.0,0.0
2023-07-05 11:30:00-04:00,118.0999984741211,118.12999725341797,117.41000366210938,117.52999877929688,33992,0.0,0.0
2023-07-05 12:30:00-04:00,117.48999786376953,117.57499694824219,117.2699966430664,117.48999786376953,22953,0.0,0.0
2023-07-05 13:30:00-04:00,117.58000183105469,117.75,117.30000305175781,117.55000305175781,24411,0.0,0.0
2023-07-05 14:30:00-04:00,117.5,117.87999725341797,117.47000122070312,117.66000366210938,51874,0.0,0.0
2023-07-05 15:30:00-04:00,117.66000366210938,117.79000091552734,117.30000305175781,117.54000091552734,89325,0.0,0.0
2023-07-06 09:30:00-04:00,116.97000122070312,117.58999633789062,116.43000030517578,117.08000183105469,44803,0.0,0.0
2023-07-06 10:30:00-04:00,117.0,117.42790222167969,116.80000305175781,117.0199966430664,28978,0.0,0.0
2023-07-06 11:30:00-04:00,117.0999984741211,117.3499984741211,116.94499969482422,117.05000305175781,16998,0.0,0.0
2023-07-06 12:30:00-04:00,117.05000305175781,117.5719985961914,116.9800033569336,117.5719985961914,17531,0.0,0.0
2023-07-06 13:30:00-04:00,117.56500244140625,117.56500244140625,117.27999877929688,117.30999755859375,17327,0.0,0.0
2023-07-06 14:30:00-04:00,117.38999938964844,117.58000183105469,117.33000183105469,117.38500213623047,28941,0.0,0.0
2023-07-06 15:30:00-04:00,117.33000183105469,117.6449966430664,117.1500015258789,117.41000366210938,62963,0.0,0.0
2023-07-07 09:30:00-04:00,116.91000366210938,118.75,116.91000366210938,118.7300033569336,44155,0.0,0.0
2023-07-07 10:30:00-04:00,118.63999938964844,119.26000213623047,118.56999969482422,119.05000305175781,65417,0.0,0.0
2023-07-07 11:30:00-04:00,118.9800033569336,119.45999908447266,118.83999633789062,119.42400360107422,33564,0.0,0.0
2023-07-07 12:30:00-04:00,119.5,120.27999877929688,119.37000274658203,120.16000366210938,45116,0.0,0.0
2023-07-07 13:30:00-04:00,120.1500015258789,120.1500015258789,119.70999908447266,119.94999694824219,38981,0.0,0.0
2023-07-07 14:30:00-04:00,119.94000244140625,120.05999755859375,119.62999725341797,119.69499969482422,32992,0.0,0.0
2023-07-07 15:30:00-04:00,119.75,119.875,119.25,119.45999908447266,99039,0.0,0.0
2023-07-10 09:30:00-04:00,119.3499984741211,120.36000061035156,119.0,119.51000213623047,12626,0.0,0.0
2023-07-10 10:30:00-04:00,119.41500091552734,119.41500091552734,118.51499938964844,118.51499938964844,17610,0.0,0.0
2023-07-10 11:30:00-04:00,118.5,119.13999938964844,118.41999816894531,118.80000305175781,29873,0.0,0.0
2023-07-10 12:30:00-04:00,118.7300033569336,118.76000213623047,118.30000305175781,118.33000183105469,15901,0.0,0.0
2023-07-10 13:30:00-04:00,118.3499984741211,118.37999725341797,117.93000030517578,118.13999938964844,21957,0.0,0.0
2023-07-10 14:30:00-04:00,118.05999755859375,118.0999984741211,117.84010314941406,118.02999877929688,28012,0.0,0.0
2023-07-10 15:30:00-04:00,118.0199966430664,118.0199966430664,117.63999938964844,117.70999908447266,74739,0.0,0.0
2023-07-11 09:30:00-04:00,117.56999969482422,118.63999938964844,117.56999969482422,117.98999786376953,17411,0.0,0.0
2023-07-11 10:30:00-04:00,117.87999725341797,118.30999755859375,117.83999633789062,118.08999633789062,17304,0.0,0.0
2023-07-11 11:30:00-04:00,118.06999969482422,118.20500183105469,117.94000244140625,117.94000244140625,10201,0.0,0.0
2023-07-11 12:30:00-04:00,117.87999725341797,117.98999786376953,117.77999877929688,117.94000244140625,11972,0.0,0.0
2023-07-11 13:30:00-04:00,117.9000015258789,117.9000015258789,117.66999816894531,117.83999633789062,13845,0.0,0.0
2023-07-11 14:30:00-04:00,117.87000274658203,117.93499755859375,117.70149993896484,117.91999816894531,19548,0.0,0.0
2023-07-11 15:30:00-04:00,117.93000030517578,117.94000244140625,117.69000244140625,117.69000244140625,54799,0.0,0.0
2023-07-12 09:30:00-04:00,118.5999984741211,118.91999816894531,117.66999816894531,117.91000366210938,14172,0.0,0.0
2023-07-12 10:30:00-04:00,117.87999725341797,118.0199966430664,117.73999786376953,117.90499877929688,13676,0.0,0.0
2023-07-12 11:30:00-04:00,117.80999755859375,117.98999786376953,117.47000122070312,117.62000274658203,15900,0.0,0.0
2023-07-12 12:30:00-04:00,117.61499786376953,117.91000366210938,117.55999755859375,117.61000061035156,13327,0.0,0.0
2023-07-12 13:30:00-04:00,117.66999816894531,117.70999908447266,117.54000091552734,117.6500015258789,18046,0.0,0.0
2023-07-12 14:30:00-04:00,117.66999816894531,117.66999816894531,117.22000122070312,117.30999755859375,19962,0.0,0.0
2023-07-12 15:30:00-04:00,117.30500030517578,117.56999969482422,117.27999877929688,117.36000061035156,45531,0.0,0.0
2023-07-13 09:30:00-04:00,115.76000213623047,116.6500015258789,115.6050033569336,116.30999755859375,33143,0.0,0.0
2023-07-13 10:30:00-04:00,116.31999969482422,116.58999633789062,116.03500366210938,116.44000244140625,24654,0.0,0.0
2023-07-13 11:30:00-04:00,116.37999725341797,116.37999725341797,116.16000366210938,116.23999786376953,19009,0.0,0.0
2023-07-13 12:30:00-04:00,116.33000183105469,116.45999908447266,116.04000091552734,116.04000091552734,15330,0.0,0.0
2023-07-13 13:30:00-04:00,116.08000183105469,116.44499969482422,116.08000183105469,116.3949966430664,16685,0.0,0.0
2023-07-13 14:30:00-04:00,116.46499633789062,116.81999969482422,116.44000244140625,116.70999908447266,25944,0.0,0.0
2023-07-13 15:30:00-04:00,116.7300033569336,117.0,116.69000244140625,116.97000122070312,69436,0.0,0.0
2023-07-14 09:30:00-04:00,117.27999877929688,117.27999877929688,114.87000274658203,114.9000015258789,30087,0.0,0.0
2023-07-14 10:30:00-04:00,114.9749984741211,115.36000061035156,114.7300033569336,114.7300033569336,23659,0.0,0.0
2023-07-14 11:30:00-04:00,114.71499633789062,114.93000030517578,114.22000122070312,114.7300033569336,40675,0.0,0.0
2023-07-14 12:30:00-04:00,114.7300033569336,115.16999816894531,114.55000305175781,114.94000244140625,17842,0.0,0.0
2023-07-14 13:30:00-04:00,114.9800033569336,115.12000274658203,114.94000244140625,115.12000274658203,17442,0.0,0.0
2023-07-14 14:30:00-04:00,115.18499755859375,115.23999786376953,114.94000244140625,114.97000122070312,25450,0.0,0.0
2023-07-14 15:30:00-04:00,114.9800033569336,114.99500274658203,114.6500015258789,114.77999877929688,66931,0.0,0.0
2023-07-17 09:30:00-04:00,114.88999938964844,116.77999877929688,114.13999938964844,116.44999694824219,25522,0.0,0.0
2023-07-17 10:30:00-04:00,116.3949966430664,117.0199966430664,116.3949966430664,116.70999908447266,14693,0.0,0.0
2023-07-17 11:30:00-04:00,116.70999908447266,117.05000305175781,116.70999908447266,117.01000213623047,13707,0.0,0.0
2023-07-17 12:30:00-04:00,116.97000122070312,116.9800033569336,116.33000183105469,116.42500305175781,15177,0.0,0.0
2023-07-17 13:30:00-04:00,116.43000030517578,116.48500061035156,116.16000366210938,116.2699966430664,15418,0.0,0.0
2023-07-17 14:30:00-04:00,116.26000213623047,116.43000030517578,116.19000244140625,116.2249984741211,20876,0.0,0.0
2023-07-17 15:30:00-04:00,116.16999816894531,116.37999725341797,116.12999725341797,116.19000244140625,44445,0.0,0.0
2023-07-18 09:30:00-04:00,115.9800033569336,117.79499816894531,115.9800033569336,117.65499877929688,40391,0.0,0.0
2023-07-18 10:30:00-04:00,117.72000122070312,117.7249984741211,116.96499633789062,117.72000122070312,16488,0.0,0.0
2023-07-18 11:30:00-04:00,117.7300033569336,117.87999725341797,117.48999786376953,117.61000061035156,33935,0.0,0.0
2023-07-18 12:30:00-04:00,117.61000061035156,117.86499786376953,117.51000213623047,117.69999694824219,23502,0.0,0.0
2023-07-18 13:30:00-04:00,117.75,118.06999969482422,117.62000274658203,117.79000091552734,27139,0.0,0.0
2023-07-18 14:30:00-04:00,117.83499908447266,117.87000274658203,117.18000030517578,117.52749633789062,54577,0.0,0.0
2023-07-18 15:30:00-04:00,117.54000091552734,117.68000030517578,117.28500366210938,117.41000366210938,66633,0.0,0.0
2023-07-19 09:30:00-04:00,117.58000183105469,118.23999786376953,117.27999877929688,117.81999969482422,20610,0.0,0.0
2023-07-19 10:30:00-04:00,117.80999755859375,117.90499877929688,117.05000305175781,117.12000274658203,30818,0.0,0.0
2023-07-19 11:30:00-04:00,117.08999633789062,118.1449966430664,117.08999633789062,118.06999969482422,29063,0.0,0.0
2023-07-19 12:30:00-04:00,118.05500030517578,118.36000061035156,117.96499633789062,118.33999633789062,19745,0.0,0.0
2023-07-19 13:30:00-04:00,118.37999725341797,118.56999969482422,118.19999694824219,118.31999969482422,25448,0.0,0.0
2023-07-19 14:30:00-04:00,118.30999755859375,118.47000122070312,118.0,118.37000274658203,32380,0.0,0.0
2023-07-19 15:30:00-04:00,118.36000061035156,118.37999725341797,117.73999786376953,118.16999816894531,78508,0.0,0.0
2023-07-20 09:30:00-04:00,119.0,120.18000030517578,118.3949966430664,119.38999938964844,19684,0.0,0.0
2023-07-20 10:30:00-04:00,119.51000213623047,119.69499969482422,118.87000274658203,119.18000030517578,62390,0.0,0.0
2023-07-20 11:30:00-04:00,119.13500213623047,119.69999694824219,119.04499816894531,119.6500015258789,15736,0.0,0.0
2023-07-20 12:30:00-04:00,119.66000366210938,119.66000366210938,119.16999816894531,119.45999908447266,14511,0.0,0.0
2023-07-20 13:30:00-04:00,119.3499984741211,119.36250305175781,118.81999969482422,119.08000183105469,26869,0.0,0.0
2023-07-20 14:30:00-04:00,119.01000213623047,119.76000213623047,119.01000213623047,119.75,20289,0.0,0.0
2023-07-20 15:30:00-04:00,119.75,119.94000244140625,119.62999725341797,119.80999755859375,72231,0.0,0.0
2023-07-21 09:30:00-04:00,120.73999786376953,120.73999786376953,119.38999938964844,120.08499908447266,24845,0.0,0.0
2023-07-21 10:30:00-04:00,120.08999633789062,120.22000122070312,119.5,119.62000274658203,16429,0.0,0.0
2023-07-21 11:30:00-04:00,119.80000305175781,120.08499908447266,119.62999725341797,119.91000366210938,12402,0.0,0.0
2023-07-21 12:30:00-04:00,119.98500061035156,120.0999984741211,119.54000091552734,119.72000122070312,24052,0.0,0.0
2023-07-21 13:30:00-04:00,119.80000305175781,120.0999984741211,119.68499755859375,120.0199966430664,16926,0.0,0.0
2023-07-21 14:30:00-04:00,120.01000213623047,120.16999816894531,119.97000122070312,120.0,23541,0.0,0.0
2023-07-21 15:30:00-04:00,120.08499908447266,120.4800033569336,120.01000213623047,120.19999694824219,65803,0.0,0.0
2023-07-24 09:30:00-04:00,119.87000274658203,120.62000274658203,119.87000274658203,120.26000213623047,17716,0.0,0.0
2023-07-24 10:30:00-04:00,119.86499786376953,120.0739974975586,119.70999908447266,119.94000244140625,23123,0.0,0.0
2023-07-24 11:30:00-04:00,120.19000244140625,120.98999786376953,120.08000183105469,120.98999786376953,24672,0.0,0.0
2023-07-24 12:30:00-04:00,120.88999938964844,120.88999938964844,120.15249633789062,120.29000091552734,23215,0.0,0.0
2023-07-24 13:30:00-04:00,120.51000213623047,120.51000213623047,120.1500015258789,120.41000366210938,11880,0.0,0.0
2023-07-24 14:30:00-04:00,120.40499877929688,120.40499877929688,120.1500015258789,120.16999816894531,17957,0.0,0.0
2023-07-24 15:30:00-04:00,120.16999816894531,120.51000213623047,120.16999816894531,120.41999816894531,43653,0.0,0.0
2023-07-25 09:30:00-04:00,120.19000244140625,120.23500061035156,119.29000091552734,120.06999969482422,27381,0.0,0.0
2023-07-25 10:30:00-04:00,119.96499633789062,120.20500183105469,119.77999877929688,120.03500366210938,16882,0.0,0.0
2023-07-25 11:30:00-04:00,120.0999984741211,120.19499969482422,119.88999938964844,119.92500305175781,15867,0.0,0.0
2023-07-25 12:30:00-04:00,119.93000030517578,120.41999816894531,119.93000030517578,120.36499786376953,17719,0.0,0.0
2023-07-25 13:30:00-04:00,120.43000030517578,120.8499984741211,120.37999725341797,120.8499984741211,31726,0.0,0.0
2023-07-25 14:30:00-04:00,120.87999725341797,120.96499633789062,120.55000305175781,120.80999755859375,45853,0.0,0.0
2023-07-25 15:30:00-04:00,120.80000305175781,120.9800033569336,120.71099853515625,120.80000305175781,81005,0.0,0.0
2023-07-26 09:30:00-04:00,121.41000366210938,123.18000030517578,120.73500061035156,122.55010223388672,70450,0.0,0.0
2023-07-26 10:30:00-04:00,122.55999755859375,123.37000274658203,122.20999908447266,123.23999786376953,27099,0.0,0.0
2023-07-26 11:30:00-04:00,123.23179626464844,123.30000305175781,122.5999984741211,122.70999908447266,54848,0.0,0.0
2023-07-26 12:30:00-04:00,122.70999908447266,123.11000061035156,122.50499725341797,123.08999633789062,29113,0.0,0.0
2023-07-26 13:30:00-04:00,122.98999786376953,123.63999938964844,122.87000274658203,123.23999786376953,46775,0.0,0.0
2023-07-26 14:30:00-04:00,123.1500015258789,123.5,122.73999786376953,122.77999877929688,36263,0.0,0.0
2023-07-26 15:30:00-04:00,122.7300033569336,122.80000305175781,122.4749984741211,122.69000244140625,58470,0.0,0.0
2023-07-27 09:30:00-04:00,123.0,123.3499984741211,122.29000091552734,123.19000244140625,20779,0.0,0.0
2023-07-27 10:30:00-04:00,123.40589904785156,123.5,122.5425033569336,122.5425033569336,21219,0.0,0.0
2023-07-27 11:30:00-04:00,122.43000030517578,122.77999877929688,122.43000030517578,122.70999908447266,17766,0.0,0.0
2023-07-27 12:30:00-04:00,122.62000274658203,122.84249877929688,122.58000183105469,122.62879943847656,17309,0.0,0.0
2023-07-27 13:30:00-04:00,122.5999984741211,122.80000305175781,122.5199966430664,122.63999938964844,24000,0.0,0.0
2023-07-27 14:30:00-04:00,122.61000061035156,123.02999877929688,122.5999984741211,122.76000213623047,29435,0.0,0.0
2023-07-27 15:30:00-04:00,122.72000122070312,122.98750305175781,122.3499984741211,122.37000274658203,70542,0.0,0.0
2023-07-28 09:30:00-04:00,123.2699966430664,123.37999725341797,121.9800033569336,123.37999725341797,37610,0.0,0.0
2023-07-28 10:30:00-04:00,123.18000030517578,123.25,122.6500015258789,122.73999786376953,26611,0.0,0.0
2023-07-28 11:30:00-04:00,122.6500015258789,122.91000366210938,122.56999969482422,122.79499816894531,31788,0.0,0.0
2023-07-28 12:30:00-04:00,122.80999755859375,123.02999877929688,122.42500305175781,122.42500305175781,27423,0.0,0.0
2023-07-28 13:30:00-04:00,122.48999786376953,122.61000061035156,122.20999908447266,122.3499984741211,17967,0.0,0.0
2023-07-28 14:30:00-04:00,122.33000183105469,122.43000030517578,122.0999984741211,122.13999938964844,30062,0.0,0.0
2023-07-28 15:30:00-04:00,122.16000366210938,122.23999786376953,121.97000122070312,122.05000305175781,62081,0.0,0.0
2023-07-31 09:30:00-04:00,122.12999725341797,122.91000366210938,122.12999725341797,122.63500213623047,21022,0.0,0.0
2023-07-31 10:30:00-04:00,122.8499984741211,123.0199966430664,122.36000061035156,122.55000305175781,20001,0.0,0.0
2023-07-31 11:30:00-04:00,122.66000366210938,122.66000366210938,122.16999816894531,122.32499694824219,29407,0.0,0.0
2023-07-31 12:30:00-04:00,122.33000183105469,122.33000183105469,121.87000274658203,122.0779037475586,21962,0.0,0.0
2023-07-31 13:30:00-04:00,122.0999984741211,122.13999938964844,121.77999877929688,122.13999938964844,23814,0.0,0.0
2023-07-31 14:30:00-04:00,122.0999984741211,122.0999984741211,121.6050033569336,121.76000213623047,42093,0.0,0.0
2023-07-31 15:30:00-04:00,121.76000213623047,121.77999877929688,121.41999816894531,121.61000061035156,77538,0.0,0.0
2023-08-01 09:30:00-04:00,121.72000122070312,122.43499755859375,121.56999969482422,121.80999755859375,23267,0.0,0.0
2023-08-01 10:30:00-04:00,121.88990020751953,122.07499694824219,121.25,122.01000213623047,13551,0.0,0.0
2023-08-01 11:30:00-04:00,121.92500305175781,122.14990234375,121.68000030517578,122.04000091552734,16260,0.0,0.0
2023-08-01 12:30:00-04:00,122.04000091552734,122.3499984741211,121.97000122070312,122.19999694824219,16518,0.0,0.0
2023-08-01 13:30:00-04:00,122.2300033569336,122.41999816894531,122.1500015258789,122.31999969482422,14593,0.0,0.0
2023-08-01 14:30:00-04:00,122.26000213623047,122.51000213623047,122.12999725341797,122.18000030517578,22403,0.0,0.0
2023-08-01 15:30:00-04:00,122.25430297851562,122.29000091552734,122.0199966430664,122.08000183105469,51965,0.0,0.0
2023-08-02 09:30:00-04:00,121.70999908447266,122.93000030517578,121.33999633789062,122.55999755859375,27930,0.0,0.0
2023-08-02 10:30:00-04:00,122.5999984741211,122.69000244140625,121.5999984741211,122.08499908447266,62656,0.0,0.0
2023-08-02 11:30:00-04:00,122.08999633789062,123.33000183105469,122.0,123.12999725341797,36249,0.0,0.0
2023-08-02 12:30:00-04:00,123.13999938964844,123.37999725341797,122.61000061035156,122.62999725341797,18751,0.0,0.0
2023-08-02 13:30:00-04:00,122.65499877929688,122.80999755859375,122.50689697265625,122.66999816894531,16833,0.0,0.0
2023-08-02 14:30:00-04:00,122.7300033569336,122.93499755859375,122.43000030517578,122.73999786376953,43083,0.0,0.0
2023-08-02 15:30:00-04:00,122.75,122.9800033569336,122.44999694824219,122.80999755859375,96141,0.0,0.0
2023-08-03 09:30:00-04:00,114.0199966430664,115.55999755859375,111.8499984741211,112.42900085449219,241849,0.0,0.0
2023-08-03 10:30:00-04:00,112.26499938964844,112.31999969482422,109.98500061035156,110.77999877929688,234423,0.0,0.0
2023-08-03 11:30:00-04:00,110.61000061035156,111.93000030517578,110.0199966430664,111.93000030517578,120043,0.0,0.0
2023-08-03 12:30:00-04:00,111.98999786376953,113.22000122070312,111.61000061035156,112.83999633789062,108881,0.0,0.0
2023-08-03 13:30:00-04:00,112.83999633789062,113.41000366210938,112.06500244140625,112.91000366210938,96625,0.0,0.0
2023-08-03 14:30:00-04:00,112.8949966430664,113.26000213623047,111.94000244140625,113.05750274658203,177392,0.0,0.0
2023-08-03 15:30:00-04:00,113.08999633789062,113.18900299072266,112.7300033569336,112.73999786376953,186005,0.0,0.0
2023-08-04 09:30:00-04:00,112.7699966430664,113.91999816894531,112.16000366210938,112.62000274658203,65980,0.0,0.0
2023-08-04 10:30:00-04:00,112.62999725341797,112.63999938964844,111.62999725341797,111.93000030517578,52834,0.0,0.0
2023-08-04 11:30:00-04:00,112.02999877929688,112.125,111.52999877929688,111.63249969482422,47159,0.0,0.0
2023-08-04 12:30:00-04:00,111.68000030517578,112.30000305175781,111.63999938964844,112.01000213623047,37597,0.0,0.0
2023-08-04 13:30:00-04:00,112.01010131835938,112.25,111.11499786376953,111.16999816894531,93376,0.0,0.0
2023-08-04 14:30:00-04:00,111.1500015258789,111.57569885253906,111.08999633789062,111.16000366210938,61069,0.0,0.0
2023-08-04 15:30:00-04:00,111.12999725341797,111.63999938964844,111.11000061035156,111.48999786376953,151819,0.0,0.0
2023-08-07 09:30:00-04:00,112.5,113.95500183105469,112.5,113.88999938964844,43189,0.0,0.0
2023-08-07 10:30:00-04:00,113.91999816894531,115.08000183105469,113.70999908447266,115.0,48952,0.0,0.0
2023-08-07 11:30:00-04:00,114.98999786376953,115.0,113.6449966430664,114.00499725341797,33563,0.0,0.0
2023-08-07 12:30:00-04:00,114.0,114.37999725341797,113.83499908447266,114.37999725341797,34170,0.0,0.0
2023-08-07 13:30:00-04:00,114.33999633789062,114.70999908447266,114.0999984741211,114.11000061035156,32845,0.0,0.0
2023-08-07 14:30:00-04:00,114.16999816894531,114.23999786376953,114.0,114.08000183105469,34364,0.0,0.0
2023-08-07 15:30:00-04:00,114.05000305175781,114.13999938964844,113.76000213623047,113.83999633789062,63265,0.0,0.0
2023-08-08 09:30:00-04:00,112.70999908447266,113.51499938964844,112.2699966430664,112.61000061035156,52276,0.0,0.0
2023-08-08 10:30:00-04:00,112.5,112.71499633789062,111.9800033569336,112.12000274658203,34743,0.0,0.0
2023-08-08 11:30:00-04:00,112.04000091552734,112.56999969482422,111.9800033569336,112.43499755859375,19272,0.0,0.0
2023-08-08 12:30:00-04:00,112.41999816894531,112.69999694824219,112.37000274658203,112.51000213623047,24265,0.0,0.0
2023-08-08 13:30:00-04:00,112.55000305175781,112.68000030517578,112.20999908447266,112.66999816894531,28929,0.0,0.0
2023-08-08 14:30:00-04:00,112.72000122070312,113.41000366210938,112.72000122070312,113.4000015258789,42429,0.0,0.0
2023-08-08 15:30:00-04:00,113.3499984741211,113.56999969482422,113.2699966430664,113.38999938964844,91999,0.0,0.0
2023-08-09 09:30:00-04:00,113.29000091552734,113.80999755859375,113.0510025024414,113.45999908447266,19533,0.0,0.0
2023-08-09 10:30:00-04:00,113.47000122070312,113.80999755859375,113.08000183105469,113.08000183105469,26783,0.0,0.0
2023-08-09 11:30:00-04:00,113.0,113.13999938964844,112.5,112.68070220947266,35135,0.0,0.0
2023-08-09 12:30:00-04:00,112.69000244140625,113.20999908447266,112.62999725341797,113.16000366210938,18228,0.0,0.0
2023-08-09 13:30:00-04:00,113.16000366210938,113.44000244140625,113.15010070800781,113.36000061035156,17141,0.0,0.0
2023-08-09 14:30:00-04:00,113.40499877929688,113.40499877929688,112.95500183105469,113.02999877929688,25094,0.0,0.0
2023-08-09 15:30:00-04:00,113.02999877929688,113.02999877929688,112.58000183105469,112.80599975585938,55926,0.0,0.0
2023-08-10 09:30:00-04:00,113.0199966430664,113.38999938964844,112.45999908447266,112.6050033569336,49741,0.0,0.0
2023-08-10 10:30:00-04:00,112.58940124511719,113.08499908447266,112.19999694824219,112.91999816894531,49396,0.0,0.0
2023-08-10 11:30:00-04:00,112.9800033569336,113.11499786376953,112.23999786376953,112.41999816894531,32694,0.0,0.0
2023-08-10 12:30:00-04:00,112.48719787597656,112.55999755859375,111.9800033569336,112.11000061035156,29489,0.0,0.0
2023-08-10 13:30:00-04:00,112.1500015258789,112.44000244140625,112.06999969482422,112.3499984741211,17213,0.0,0.0
2023-08-10 14:30:00-04:00,112.3499984741211,112.3499984741211,112.04000091552734,112.12000274658203,33237,0.0,0.0
2023-08-10 15:30:00-04:00,112.11000061035156,112.38999938964844,111.79000091552734,112.19000244140625,116083,0.0,0.0
2023-08-11 09:30:00-04:00,112.13999938964844,113.27999877929688,111.9000015258789,113.26699829101562,38053,0.0,0.0
2023-08-11 10:30:00-04:00,113.27999877929688,113.7699966430664,113.13739776611328,113.40499877929688,39459,0.0,0.0
2023-08-11 11:30:00-04:00,113.47599792480469,113.61000061035156,113.00499725341797,113.00499725341797,14203,0.0,0.0
2023-08-11 12:30:00-04:00,113.05999755859375,113.19999694824219,113.01000213623047,113.19999694824219,18759,0.0,0.0
2023-08-11 13:30:00-04:00,113.22000122070312,113.37999725341797,112.80000305175781,113.20249938964844,26658,0.0,0.0
2023-08-11 14:30:00-04:00,113.19499969482422,113.43000030517578,113.02999877929688,113.41999816894531,25025,0.0,0.0
2023-08-11 15:30:00-04:00,113.38999938964844,113.73999786376953,113.37000274658203,113.4800033569336,77145,0.0,0.0
2023-08-14 09:30:00-04:00,113.61000061035156,113.69999694824219,112.52999877929688,112.80000305175781,33490,0.0,0.0
2023-08-14 10:30:00-04:00,112.79000091552734,113.19999694824219,112.79000091552734,113.0999984741211,18942,0.0,0.0
2023-08-14 11:30:00-04:00,113.18000030517578,113.31500244140625,112.94999694824219,113.07499694824219,11277,0.0,0.0
2023-08-14 12:30:00-04:00,113.05000305175781,113.27999877929688,112.84500122070312,112.84500122070312,13925,0.0,0.0
2023-08-14 13:30:00-04:00,112.91500091552734,113.12000274658203,112.9009017944336,112.98999786376953,14147,0.0,0.0
2023-08-14 14:30:00-04:00,112.95999908447266,113.17440032958984,112.93000030517578,113.12999725341797,31073,0.0,0.0
2023-08-14 15:30:00-04:00,113.12999725341797,113.29000091552734,112.95999908447266,113.02999877929688,73498,0.0,0.0
2023-08-15 09:30:00-04:00,112.47000122070312,112.83000183105469,111.76000213623047,111.95999908447266,47431,0.0,0.0
2023-08-15 10:30:00-04:00,112.06999969482422,112.5,111.95999908447266,112.28500366210938,28632,0.0,0.0
2023-08-15 11:30:00-04:00,112.25499725341797,112.33999633789062,111.55000305175781,111.99500274658203,56919,0.0,0.0
2023-08-15 12:30:00-04:00,111.97000122070312,112.16999816894531,111.75,112.02999877929688,50132,0.0,0.0
2023-08-15 13:30:00-04:00,111.9800033569336,112.2699966430664,111.92500305175781,112.2699966430664,25899,0.0,0.0
2023-08-15 14:30:00-04:00,112.26000213623047,112.29000091552734,112.0250015258789,112.08999633789062,51495,0.0,0.0
2023-08-15 15:30:00-04:00,112.08000183105469,112.2300033569336,111.86000061035156,111.94999694824219,115504,0.0,0.0
2023-08-16 09:30:00-04:00,111.87999725341797,113.12999725341797,111.87999725341797,112.58000183105469,13726,0.0,0.0
2023-08-16 10:30:00-04:00,112.5,112.91000366210938,112.4000015258789,112.87000274658203,19711,0.0,0.0
2023-08-16 11:30:00-04:00,112.875,113.16519927978516,112.80999755859375,113.16519927978516,23937,0.0,0.0
2023-08-16 12:30:00-04:00,113.16000366210938,113.16000366210938,112.80999755859375,112.8499984741211,16329,0.0,0.0
2023-08-16 13:30:00-04:00,112.8499984741211,113.08000183105469,112.80000305175781,113.06999969482422,23349,0.0,0.0
2023-08-16 14:30:00-04:00,113.18000030517578,113.18499755859375,112.80000305175781,113.04000091552734,27861,0.0,0.0
2023-08-16 15:30:00-04:00,112.9800033569336,113.2300033569336,112.97000122070312,113.16000366210938,88761,0.0,0.0
2023-08-17 09:30:00-04:00,113.5,114.2300033569336,113.5,114.12999725341797,84174,0.0,0.0
2023-08-17 10:30:00-04:00,114.20999908447266,114.41000366210938,113.95999908447266,114.05000305175781,18152,0.0,0.0
2023-08-17 11:30:00-04:00,114.01499938964844,114.27999877929688,113.3499984741211,114.0,74072,0.0,0.0
2023-08-17 12:30:00-04:00,113.7750015258789,113.9000015258789,113.12999725341797,113.12999725341797,60239,0.0,0.0
2023-08-17 13:30:00-04:00,113.16000366210938,113.83000183105469,113.08999633789062,113.75,55727,0.0,0.0
2023-08-17 14:30:00-04:00,113.75,114.04000091552734,113.6050033569336,113.86000061035156,60614,0.0,0.0
2023-08-17 15:30:00-04:00,113.9000015258789,113.94999694824219,113.58000183105469,113.58000183105469,81100,0.0,0.0
2023-08-18 09:30:00-04:00,113.29000091552734,113.75,113.0,113.41000366210938,59774,0.0,0.0
2023-08-18 10:30:00-04:00,113.375,113.79000091552734,113.375,113.77999877929688,13144,0.0,0.0
2023-08-18 11:30:00-04:00,113.66999816894531,114.0,113.63999938964844,113.91000366210938,19700,0.0,0.0
2023-08-18 12:30:00-04:00,113.86000061035156,113.8949966430664,113.56500244140625,113.69999694824219,27651,0.0,0.0
2023-08-18 13:30:00-04:00,113.66999816894531,114.11000061035156,113.66999816894531,114.01000213623047,28194,0.0,0.0
2023-08-18 14:30:00-04:00,113.98999786376953,114.13999938964844,113.8499984741211,114.08999633789062,26685,0.0,0.0
2023-08-18 15:30:00-04:00,114.11499786376953,114.25,113.97000122070312,114.20999908447266,68798,0.0,0.0
2023-08-21 09:30:00-04:00,114.25,114.25,113.55500030517578,113.88999938964844,25266,0.0,0.0
2023-08-21 10:30:00-04:00,113.83999633789062,114.51000213623047,113.44999694824219,114.51000213623047,31418,0.0,0.0
2023-08-21 11:30:00-04:00,114.44499969482422,114.54000091552734,113.97000122070312,114.3949966430664,49130,0.0,0.0
2023-08-21 12:30:00-04:00,114.36000061035156,114.62000274658203,114.24500274658203,114.62000274658203,22086,0.0,0.0
2023-08-21 13:30:00-04:00,114.62999725341797,114.83499908447266,114.45999908447266,114.69999694824219,23828,0.0,0.0
2023-08-21 14:30:00-04:00,114.79000091552734,115.16999816894531,114.79000091552734,115.07499694824219,39995,0.0,0.0
2023-08-21 15:30:00-04:00,115.04000091552734,115.06999969482422,114.36000061035156,114.4000015258789,101116,0.0,0.0
2023-08-22 09:30:00-04:00,113.95999908447266,114.54000091552734,113.36000061035156,113.44999694824219,61749,0.0,0.0
2023-08-22 10:30:00-04:00,113.54499816894531,113.93460083007812,113.2699966430664,113.55999755859375,30595,0.0,0.0
2023-08-22 11:30:00-04:00,113.61000061035156,113.66000366210938,113.37999725341797,113.5199966430664,15754,0.0,0.0
2023-08-22 12:30:00-04:00,113.55000305175781,113.58999633789062,113.08000183105469,113.20999908447266,14051,0.0,0.0
2023-08-22 13:30:00-04:00,113.25499725341797,113.41500091552734,113.05000305175781,113.36000061035156,23552,0.0,0.0
2023-08-22 14:30:00-04:00,113.38999938964844,113.48999786376953,113.20999908447266,113.2699966430664,19982,0.0,0.0
2023-08-22 15:30:00-04:00,113.2699966430664,113.2699966430664,112.8499984741211,112.86000061035156,85819,0.0,0.0
2023-08-23 09:30:00-04:00,112.98999786376953,113.56999969482422,112.98999786376953,113.41809844970703,25571,0.0,0.0
2023-08-23 10:30:00-04:00,113.27999877929688,113.63500213623047,113.27999877929688,113.52999877929688,16657,0.0,0.0
2023-08-23 11:30:00-04:00,113.61000061035156,113.66000366210938,113.41000366210938,113.61000061035156,12338,0.0,0.0
2023-08-23 12:30:00-04:00,113.63999938964844,113.84500122070312,113.58000183105469,113.82499694824219,11465,0.0,0.0
2023-08-23 13:30:00-04:00,113.79000091552734,113.83999633789062,113.63999938964844,113.71499633789062,15931,0.0,0.0
2023-08-23 14:30:00-04:00,113.75,113.98999786376953,113.72000122070312,113.98999786376953,24499,0.0,0.0
2023-08-23 15:30:00-04:00,113.98999786376953,114.0999984741211,113.54000091552734,113.7699966430664,58451,0.0,0.0
2023-08-24 09:30:00-04:00,114.01000213623047,115.69999694824219,113.44000244140625,115.58499908447266,23071,0.0,0.0
2023-08-24 10:30:00-04:00,115.44000244140625,115.44000244140625,114.87000274658203,114.94609832763672,15086,0.0,0.0
2023-08-24 11:30:00-04:00,114.87000274658203,115.18000030517578,114.8550033569336,115.18000030517578,13271,0.0,0.0
2023-08-24 12:30:00-04:00,115.125,115.22000122070312,114.76000213623047,114.7750015258789,18251,0.0,0.0
2023-08-24 13:30:00-04:00,114.73249816894531,114.80500030517578,114.44999694824219,114.62999725341797,14545,0.0,0.0
2023-08-24 14:30:00-04:00,114.5999984741211,115.05000305175781,114.47000122070312,114.97000122070312,25907,0.0,0.0
2023-08-24 15:30:00-04:00,114.94499969482422,115.01000213623047,114.66999816894531,114.66999816894531,58530,0.0,0.0
2023-08-25 09:30:00-04:00,115.29000091552734,115.29000091552734,114.22000122070312,114.26000213623047,17727,0.0,0.0
2023-08-25 10:30:00-04:00,114.22000122070312,115.125,114.16999816894531,115.0999984741211,13132,0.0,0.0
2023-08-25 11:30:00-04:00,115.1812973022461,115.3550033569336,114.91000366210938,115.33999633789062,10758,0.0,0.0
2023-08-25 12:30:00-04:00,115.41999816894531,115.44270324707031,115.12000274658203,115.25,11521,0.0,0.0
2023-08-25 13:30:00-04:00,115.20500183105469,115.23999786376953,114.97000122070312,115.1500015258789,12284,0.0,0.0
2023-08-25 14:30:00-04:00,115.19999694824219,115.30000305175781,114.9800033569336,115.12000274658203,21383,0.0,0.0
2023-08-25 15:30:00-04:00,115.11000061035156,115.26000213623047,114.62000274658203,114.75,44126,0.0,0.0
2023-08-28 09:30:00-04:00,114.62000274658203,116.41999816894531,114.62000274658203,115.56999969482422,21283,0.0,0.0
2023-08-28 10:30:00-04:00,115.57499694824219,115.95999908447266,115.57499694824219,115.58000183105469,22953,0.0,0.0
2023-08-28 11:30:00-04:00,115.66500091552734,115.93000030517578,115.52999877929688,115.5999984741211,20889,0.0,0.0
2023-08-28 12:30:00-04:00,115.69999694824219,115.91699981689453,115.55999755859375,115.69000244140625,21980,0.0,0.0
2023-08-28 13:30:00-04:00,115.68000030517578,115.75,115.29499816894531,115.29499816894531,23665,0.0,0.0
2023-08-28 14:30:00-04:00,115.25499725341797,115.69999694824219,115.25499725341797,115.6989974975586,25699,0.0,0.0
2023-08-28 15:30:00-04:00,115.66000366210938,116.05999755859375,115.63999938964844,115.97000122070312,47319,0.0,0.0
2023-08-29 09:30:00-04:00,116.26000213623047,116.9000015258789,115.7750015258789,115.93499755859375,18004,0.0,0.0
2023-08-29 10:30:00-04:00,115.98500061035156,115.98500061035156,115.5,115.93000030517578,20475,0.0,0.0
2023-08-29 11:30:00-04:00,115.94999694824219,116.36000061035156,115.91000366210938,116.36000061035156,14123,0.0,0.0
2023-08-29 12:30:00-04:00,116.33000183105469,116.43000030517578,116.18000030517578,116.33999633789062,14742,0.0,0.0
2023-08-29 13:30:00-04:00,116.37999725341797,116.48999786376953,116.05999755859375,116.26270294189453,17565,0.0,0.0
2023-08-29 14:30:00-04:00,116.31999969482422,116.38999938964844,116.05999755859375,116.29499816894531,15982,0.0,0.0
2023-08-29 15:30:00-04:00,116.3280029296875,116.55999755859375,116.1500015258789,116.54000091552734,49477,0.0,0.0
2023-08-30 09:30:00-04:00,116.54000091552734,117.38999938964844,116.54000091552734,116.88999938964844,10639,0.0,0.0
2023-08-30 10:30:00-04:00,116.94000244140625,117.2699966430664,116.76499938964844,117.20500183105469,13333,0.0,0.0
2023-08-30 11:30:00-04:00,117.36000061035156,117.95899963378906,117.33000183105469,117.81999969482422,57836,0.0,0.0
2023-08-30 12:30:00-04:00,117.83000183105469,117.9020004272461,117.19000244140625,117.30500030517578,36814,0.0,0.0
2023-08-30 13:30:00-04:00,117.27999877929688,117.52999877929688,117.27999877929688,117.45500183105469,21162,0.0,0.0
2023-08-30 14:30:00-04:00,117.44999694824219,117.70999908447266,117.37000274658203,117.5999984741211,21225,0.0,0.0
2023-08-30 15:30:00-04:00,117.63999938964844,117.79000091552734,117.55000305175781,117.66999816894531,51177,0.0,0.0
2023-08-31 09:30:00-04:00,118.0,118.2699966430664,117.54499816894531,117.80000305175781,15652,0.0,0.0
2023-08-31 10:30:00-04:00,117.66999816894531,117.69000244140625,117.02999877929688,117.13999938964844,21264,0.0,0.0
2023-08-31 11:30:00-04:00,117.05999755859375,117.25,116.87000274658203,117.25,20875,0.0,0.0
2023-08-31 12:30:00-04:00,117.18000030517578,117.18000030517578,116.81999969482422,117.08999633789062,13171,0.0,0.0
2023-08-31 13:30:00-04:00,117.04000091552734,117.08000183105469,116.44000244140625,116.55000305175781,22844,0.0,0.0
2023-08-31 14:30:00-04:00,116.5,116.56999969482422,115.93000030517578,115.93000030517578,39273,0.0,0.0
2023-08-31 15:30:00-04:00,116.01000213623047,116.08999633789062,115.83000183105469,115.88999938964844,113736,0.0,0.0
2023-09-01 09:30:00-04:00,116.9800033569336,117.82499694824219,116.9800033569336,117.82499694824219,17562,0.0,0.0
2023-09-01 10:30:00-04:00,117.87000274658203,117.98999786376953,117.62000274658203,117.91000366210938,21087,0.0,0.0
2023-09-01 11:30:00-04:00,117.93000030517578,117.94999694824219,117.66999816894531,117.69999694824219,14071,0.0,0.0
2023-09-01 12:30:00-04:00,117.66000366210938,117.81999969482422,117.52999877929688,117.81999969482422,19183,0.0,0.0
2023-09-01 13:30:00-04:00,117.79000091552734,117.79000091552734,117.41000366210938,117.56999969482422,22893,0.0,0.0
2023-09-01 14:30:00-04:00,117.55999755859375,117.82990264892578,117.44999694824219,117.6500015258789,21372,0.0,0.0
2023-09-01 15:30:00-04:00,117.63999938964844,117.87000274658203,117.52999877929688,117.62999725341797,57343,0.0,0.0
2023-09-05 09:30:00-04:00,116.30999755859375,116.30999755859375,114.6500015258789,115.06999969482422,67603,0.0,0.0
2023-09-05 10:30:00-04:00,115.05000305175781,115.69000244140625,114.63500213623047,115.48999786376953,43309,0.0,0.0
2023-09-05 11:30:00-04:00,115.48999786376953,115.56999969482422,114.9000015258789,114.9000015258789,26046,0.0,0.0
2023-09-05 12:30:00-04:00,114.90229797363281,115.06999969482422,114.32499694824219,114.38999938964844,38151,0.0,0.0
2023-09-05 13:30:00-04:00,114.38999938964844,114.69000244140625,113.94000244140625,114.0999984741211,45791,0.0,0.0
2023-09-05 14:30:00-04:00,114.02999877929688,114.51000213623047,113.98999786376953,114.05000305175781,58691,0.0,0.0
2023-09-05 15:30:00-04:00,114.0,114.08499908447266,113.6500015258789,113.7300033569336,108043,0.0,0.0
2023-09-06 09:30:00-04:00,113.25,114.375,113.25,113.97000122070312,71080,0.0,0.0
2023-09-06 10:30:00-04:00,114.0199966430664,114.09049987792969,113.33000183105469,113.74500274658203,36409,0.0,0.0
2023-09-06 11:30:00-04:00,113.77999877929688,114.1531982421875,113.62999725341797,113.83000183105469,55233,0.0,0.0
2023-09-06 12:30:00-04:00,113.8499984741211,113.8499984741211,113.30000305175781,113.52999877929688,65245,0.0,0.0
2023-09-06 13:30:00-04:00,113.5250015258789,113.72000122070312,113.27999877929688,113.63249969482422,23153,0.0,0.0
2023-09-06 14:30:00-04:00,113.62000274658203,113.80000305175781,113.37000274658203,113.4800033569336,40263,0.0,0.0
2023-09-06 15:30:00-04:00,113.47000122070312,113.76000213623047,113.36000061035156,113.37999725341797,103582,0.0,0.0
2023-09-07 09:30:00-04:00,113.01000213623047,114.06999969482422,112.33499908447266,112.54499816894531,77439,0.0,0.0
2023-09-07 10:30:00-04:00,112.5,113.125,112.49130249023438,112.96949768066406,52739,0.0,0.0
2023-09-07 11:30:00-04:00,112.97000122070312,113.27999877929688,112.86499786376953,112.94920349121094,44927,0.0,0.0
2023-09-07 12:30:00-04:00,112.9800033569336,113.0,112.73999786376953,112.80999755859375,31539,0.0,0.0
2023-09-07 13:30:00-04:00,112.80500030517578,113.08000183105469,112.34500122070312,112.41999816894531,48423,0.0,0.0
2023-09-07 14:30:00-04:00,112.44999694824219,112.48999786376953,111.7300033569336,111.7300033569336,59436,0.0,0.0
2023-09-07 15:30:00-04:00,111.76499938964844,112.0,111.58999633789062,111.70999908447266,122262,0.0,0.0
2023-09-08 09:30:00-04:00,112.26000213623047,112.2699966430664,110.41000366210938,111.44999694824219,78855,0.0,0.0
2023-09-08 10:30:00-04:00,111.4000015258789,111.58000183105469,111.06999969482422,111.06999969482422,72259,0.0,0.0
2023-09-08 11:30:00-04:00,111.11000061035156,111.19999694824219,110.66999816894531,110.66999816894531,67807,0.0,0.0
2023-09-08 12:30:00-04:00,110.68000030517578,111.23989868164062,110.51000213623047,110.93000030517578,65098,0.0,0.0
2023-09-08 13:30:00-04:00,110.91999816894531,110.91999816894531,110.18399810791016,110.26000213623047,71480,0.0,0.0
2023-09-08 14:30:00-04:00,110.2300033569336,110.48999786376953,109.93000030517578,110.01000213623047,74502,0.0,0.0
2023-09-08 15:30:00-04:00,109.98999786376953,110.24500274658203,109.625,110.0,183801,0.0,0.0
2023-09-11 09:30:00-04:00,110.48999786376953,111.03500366210938,109.86000061035156,109.9800033569336,100941,0.0,0.0
2023-09-11 10:30:00-04:00,110.0250015258789,110.12000274658203,109.2699966430664,109.33999633789062,99087,0.0,0.0
2023-09-11 11:30:00-04:00,109.31999969482422,109.55000305175781,109.05000305175781,109.3949966430664,60101,0.0,0.0
2023-09-11 12:30:00-04:00,109.36000061035156,109.52999877929688,109.06500244140625,109.06999969482422,61647,0.0,0.0
2023-09-11 13:30:00-04:00,109.12999725341797,109.41999816894531,108.8499984741211,108.8499984741211,89071,0.0,0.0
2023-09-11 14:30:00-04:00,108.81999969482422,109.09500122070312,108.81999969482422,108.86000061035156,57645,0.0,0.0
2023-09-11 15:30:00-04:00,108.83000183105469,108.9000015258789,108.58000183105469,108.8499984741211,135474,0.0,0.0
2023-09-12 09:30:00-04:00,109.08999633789062,109.98999786376953,109.08999633789062,109.72000122070312,64581,0.0,0.0
2023-09-12 10:30:00-04:00,109.7300033569336,111.2699966430664,109.7300033569336,110.62999725341797,69884,0.0,0.0
2023-09-12 11:30:00-04:00,110.7699966430664,111.30000305175781,110.41999816894531,111.25,59454,0.0,0.0
2023-09-12 12:30:00-04:00,111.22000122070312,111.36000061035156,111.08999633789062,111.13999938964844,38556,0.0,0.0
2023-09-12 13:30:00-04:00,111.11000061035156,111.37000274658203,110.99500274658203,111.08999633789062,45134,0.0,0.0
2023-09-12 14:30:00-04:00,111.12999725341797,111.18000030517578,110.9749984741211,111.16000366210938,76607,0.0,0.0
2023-09-12 15:30:00-04:00,111.17500305175781,111.5999984741211,111.0,111.5,113713,0.0,0.0
2023-09-13 09:30:00-04:00,111.19999694824219,111.61000061035156,110.69999694824219,111.33499908447266,32605,0.0,0.0
2023-09-13 10:30:00-04:00,111.38999938964844,111.7699966430664,110.95999908447266,111.23999786376953,36357,0.0,0.0
2023-09-13 11:30:00-04:00,111.22000122070312,111.29000091552734,111.02999877929688,111.02999877929688,32643,0.0,0.0
2023-09-13 12:30:00-04:00,111.08000183105469,111.55500030517578,111.05000305175781,111.27999877929688,27040,0.0,0.0
2023-09-13 13:30:00-04:00,111.12999725341797,111.26000213623047,111.05999755859375,111.08999633789062,27331,0.0,0.0
2023-09-13 14:30:00-04:00,111.06999969482422,111.0999984741211,110.66000366210938,110.85900115966797,49126,0.0,0.0
2023-09-13 15:30:00-04:00,110.8499984741211,111.31999969482422,110.8499984741211,111.29000091552734,75871,0.0,0.0
2023-09-14 09:30:00-04:00,111.9800033569336,112.41999816894531,111.63359832763672,112.12000274658203,33251,0.0,0.0
2023-09-14 10:30:00-04:00,112.1500015258789,112.2750015258789,111.9800033569336,112.19999694824219,29987,0.0,0.0
2023-09-14 11:30:00-04:00,112.2750015258789,112.58000183105469,112.11499786376953,112.58000183105469,25025,0.0,0.0
2023-09-14 12:30:00-04:00,112.5999984741211,112.71499633789062,112.37999725341797,112.61000061035156,29205,0.0,0.0
2023-09-14 13:30:00-04:00,112.63999938964844,112.97000122070312,112.62999725341797,112.91999816894531,33953,0.0,0.0
2023-09-14 14:30:00-04:00,112.9000015258789,113.125,112.83999633789062,113.05000305175781,47003,0.0,0.0
2023-09-14 15:30:00-04:00,113.06999969482422,113.43000030517578,113.02999877929688,113.4000015258789,89348,0.0,0.0
2023-09-15 09:30:00-04:00,112.9800033569336,113.56999969482422,112.9800033569336,113.12999725341797,73108,0.0,0.0
2023-09-15 10:30:00-04:00,113.19000244140625,113.31999969482422,112.69999694824219,113.27999877929688,37394,0.0,0.0
2023-09-15 11:30:00-04:00,113.3550033569336,113.41999816894531,113.11000061035156,113.26499938964844,21318,0.0,0.0
2023-09-15 12:30:00-04:00,113.2750015258789,113.27999877929688,112.87999725341797,113.05000305175781,29160,0.0,0.0
2023-09-15 13:30:00-04:00,113.05999755859375,113.37999725341797,113.04000091552734,113.26000213623047,28829,0.0,0.0
2023-09-15 14:30:00-04:00,113.26499938964844,113.48999786376953,113.2300033569336,113.375,41868,0.0,0.0
2023-09-15 15:30:00-04:00,113.37000274658203,113.44000244140625,112.87000274658203,113.38999938964844,105736,0.0,0.0
2023-09-18 09:30:00-04:00,113.94000244140625,113.94000244140625,112.47000122070312,113.08000183105469,41522,0.0,0.0
2023-09-18 10:30:00-04:00,113.20500183105469,113.62000274658203,113.13999938964844,113.56999969482422,36526,0.0,0.0
2023-09-18 11:30:00-04:00,113.58000183105469,113.62999725341797,113.20999908447266,113.26000213623047,30869,0.0,0.0
2023-09-18 12:30:00-04:00,113.25,113.75,113.25,113.72000122070312,43964,0.0,0.0
2023-09-18 13:30:00-04:00,113.7699966430664,113.86000061035156,113.0199966430664,113.06390380859375,35699,0.0,0.0
2023-09-18 14:30:00-04:00,113.05999755859375,113.48999786376953,113.02999877929688,113.3949966430664,33590,0.0,0.0
2023-09-18 15:30:00-04:00,113.37079620361328,113.66999816894531,113.3499984741211,113.5199966430664,63190,0.0,0.0
2023-09-19 09:30:00-04:00,113.79000091552734,114.56500244140625,113.79000091552734,114.36000061035156,21586,0.0,0.0
2023-09-19 10:30:00-04:00,114.37999725341797,114.55000305175781,114.05249786376953,114.19000244140625,15310,0.0,0.0
2023-09-19 11:30:00-04:00,114.22000122070312,114.37999725341797,114.16000366210938,114.33000183105469,17361,0.0,0.0
2023-09-19 12:30:00-04:00,114.29000091552734,114.29000091552734,113.87000274658203,114.13999938964844,13926,0.0,0.0
2023-09-19 13:30:00-04:00,114.22000122070312,114.4000015258789,114.12000274658203,114.27999877929688,13875,0.0,0.0
2023-09-19 14:30:00-04:00,114.29000091552734,114.66000366210938,114.29000091552734,114.55000305175781,23181,0.0,0.0
2023-09-19 15:30:00-04:00,114.55999755859375,114.83499908447266,114.44000244140625,114.47000122070312,54592,0.0,0.0
2023-09-20 09:30:00-04:00,114.70999908447266,115.47000122070312,114.5250015258789,115.46499633789062,17737,0.0,0.0
2023-09-20 10:30:00-04:00,115.44999694824219,115.62000274658203,115.1500015258789,115.44999694824219,22854,0.0,0.0
2023-09-20 11:30:00-04:00,115.44999694824219,115.66000366210938,115.26000213623047,115.62000274658203,13595,0.0,0.0
2023-09-20 12:30:00-04:00,115.58999633789062,115.72000122070312,115.5,115.59500122070312,16014,0.0,0.0
2023-09-20 13:30:00-04:00,115.5199966430664,115.5199966430664,114.91500091552734,115.0199966430664,19753,0.0,0.0
2023-09-20 14:30:00-04:00,114.91999816894531,115.04000091552734,114.6449966430664,115.04000091552734,34318,0.0,0.0
2023-09-20 15:30:00-04:00,115.06999969482422,115.12999725341797,114.3499984741211,114.37000274658203,56762,0.0,0.0
2023-09-21 09:30:00-04:00,114.13999938964844,114.69999694824219,113.57499694824219,114.29000091552734,40759,0.0,0.0
2023-09-21 10:30:00-04:00,114.15499877929688,114.15499877929688,113.5250015258789,113.7300033569336,31736,0.0,0.0
2023-09-21 11:30:00-04:00,113.73500061035156,113.75,113.27999877929688,113.4000015258789,31529,0.0,0.0
2023-09-21 12:30:00-04:00,113.38999938964844,113.51000213623047,113.2699966430664,113.33999633789062,30014,0.0,0.0
2023-09-21 13:30:00-04:00,113.30000305175781,113.322998046875,113.06999969482422,113.0999984741211,45834,0.0,0.0
2023-09-21 14:30:00-04:00,113.13999938964844,113.74500274658203,112.8499984741211,113.66999816894531,36905,0.0,0.0
2023-09-21 15:30:00-04:00,113.67500305175781,113.7300033569336,113.37000274658203,113.37999725341797,70399,0.0,0.0
2023-09-22 09:30:00-04:00,113.38999938964844,113.86000061035156,113.16999816894531,113.73500061035156,14514,0.0,0.0
2023-09-22 10:30:00-04:00,113.80000305175781,113.8499984741211,113.3499984741211,113.56999969482422,16698,0.0,0.0
2023-09-22 11:30:00-04:00,113.52999877929688,113.52999877929688,113.26000213623047,113.3949966430664,13069,0.0,0.0
2023-09-22 12:30:00-04:00,113.37999725341797,113.68000030517578,113.37999725341797,113.58999633789062,13401,0.0,0.0
2023-09-22 13:30:00-04:00,113.55000305175781,113.83999633789062,113.29499816894531,113.69499969482422,18120,0.0,0.0
2023-09-22 14:30:00-04:00,113.68000030517578,114.05000305175781,113.55999755859375,113.94999694824219,20837,0.0,0.0
2023-09-22 15:30:00-04:00,113.9800033569336,113.98999786376953,113.20999908447266,113.29000091552734,55229,0.0,0.0
2023-09-25 09:30:00-04:00,112.83999633789062,113.31999969482422,112.5199966430664,112.62000274658203,15258,0.0,0.0
2023-09-25 10:30:00-04:00,112.61000061035156,112.94999694824219,112.38500213623047,112.91000366210938,19736,0.0,0.0
2023-09-25 11:30:00-04:00,112.97000122070312,113.16000366210938,112.83000183105469,113.05000305175781,18504,0.0,0.0
2023-09-25 12:30:00-04:00,113.05999755859375,113.61000061035156,113.02999877929688,113.4800033569336,22076,0.0,0.0
2023-09-25 13:30:00-04:00,113.43499755859375,113.7300033569336,113.43000030517578,113.56500244140625,23189,0.0,0.0
2023-09-25 14:30:00-04:00,113.58000183105469,113.58000183105469,113.30000305175781,113.38999938964844,24291,0.0,0.0
2023-09-25 15:30:00-04:00,113.41999816894531,113.51000213623047,113.19999694824219,113.33999633789062,59498,0.0,0.0
2023-09-26 09:30:00-04:00,112.87999725341797,113.30000305175781,112.83999633789062,112.9749984741211,26403,0.0,0.0
2023-09-26 10:30:00-04:00,112.88999938964844,112.88999938964844,112.43499755859375,112.43499755859375,15464,0.0,0.0
2023-09-26 11:30:00-04:00,112.36000061035156,112.44999694824219,112.12000274658203,112.30999755859375,16316,0.0,0.0
2023-09-26 12:30:00-04:00,112.3499984741211,112.48999786376953,112.25,112.30999755859375,16763,0.0,0.0
2023-09-26 13:30:00-04:00,112.25,112.41000366210938,111.66500091552734,111.7699966430664,20581,0.0,0.0
2023-09-26 14:30:00-04:00,111.69999694824219,112.17500305175781,111.69999694824219,112.17500305175781,36541,0.0,0.0
2023-09-26 15:30:00-04:00,112.19499969482422,112.19999694824219,111.69000244140625,111.69000244140625,79886,0.0,0.0
2023-09-27 09:30:00-04:00,111.4000015258789,112.12999725341797,111.19999694824219,111.87999725341797,30691,0.0,0.0
2023-09-27 10:30:00-04:00,111.75,111.87999725341797,111.29000091552734,111.29000091552734,23959,0.0,0.0
2023-09-27 11:30:00-04:00,111.37000274658203,111.63079833984375,111.26000213623047,111.55999755859375,23199,0.0,0.0
2023-09-27 12:30:00-04:00,111.61499786376953,112.01000213623047,111.47000122070312,111.52999877929688,20043,0.0,0.0
2023-09-27 13:30:00-04:00,111.50499725341797,112.2300033569336,111.50499725341797,112.2300033569336,32108,0.0,0.0
2023-09-27 14:30:00-04:00,112.38999938964844,112.77300262451172,112.37999725341797,112.66000366210938,40914,0.0,0.0
2023-09-27 15:30:00-04:00,112.66000366210938,112.66000366210938,112.31999969482422,112.4000015258789,50886,0.0,0.0
2023-09-28 09:30:00-04:00,112.79000091552734,113.31999969482422,112.79000091552734,113.27999877929688,22885,0.0,0.0
2023-09-28 10:30:00-04:00,113.18000030517578,113.18000030517578,112.88500213623047,112.97000122070312,12951,0.0,0.0
2023-09-28 11:30:00-04:00,112.98999786376953,113.19000244140625,112.91000366210938,113.06999969482422,19012,0.0,0.0
2023-09-28 12:30:00-04:00,113.04000091552734,113.12000274658203,112.69999694824219,112.75499725341797,20992,0.0,0.0
2023-09-28 13:30:00-04:00,112.69000244140625,112.82499694824219,112.56999969482422,112.66500091552734,14984,0.0,0.0
2023-09-28 14:30:00-04:00,112.66000366210938,113.0999984741211,112.56999969482422,113.08000183105469,25127,0.0,0.0
2023-09-28 15:30:00-04:00,113.08999633789062,113.08999633789062,112.54000091552734,112.5999984741211,55141,0.0,0.0
2023-09-29 09:30:00-04:00,112.94000244140625,113.30000305175781,112.3949966430664,112.7300033569336,19196,0.0,0.0
2023-09-29 10:30:00-04:00,112.80999755859375,113.0999984741211,112.6500015258789,113.07499694824219,19043,0.0,0.0
2023-09-29 11:30:00-04:00,113.08000183105469,113.13999938964844,112.80000305175781,112.97000122070312,22881,0.0,0.0
2023-09-29 12:30:00-04:00,112.95999908447266,112.95999908447266,112.06999969482422,112.26000213623047,15302,0.0,0.0
2023-09-29 13:30:00-04:00,112.19999694824219,112.4000015258789,111.81999969482422,111.93000030517578,26223,0.0,0.0
2023-09-29 14:30:00-04:00,111.88999938964844,112.2699966430664,111.73149871826172,111.7699966430664,17904,0.0,0.0
2023-09-29 15:30:00-04:00,111.76000213623047,111.93000030517578,111.58999633789062,111.66999816894531,83059,0.0,0.0
2023-10-02 09:30:00-04:00,111.79000091552734,111.93000030517578,110.97000122070312,111.16999816894531,29951,0.0,0.0
2023-10-02 10:30:00-04:00,111.13999938964844,111.20999908447266,110.31999969482422,110.37999725341797,35595,0.0,0.0
2023-10-02 11:30:00-04:00,110.38999938964844,110.58999633789062,109.87999725341797,110.12999725341797,21292,0.0,0.0
2023-10-02 12:30:00-04:00,109.9832992553711,110.45999908447266,109.81999969482422,110.45500183105469,17963,0.0,0.0
2023-10-02 13:30:00-04:00,110.37000274658203,110.5999984741211,110.16999816894531,110.19999694824219,11804,0.0,0.0
2023-10-02 14:30:00-04:00,110.19000244140625,110.30500030517578,109.93000030517578,110.13999938964844,20034,0.0,0.0
2023-10-02 15:30:00-04:00,110.0999984741211,110.22000122070312,109.91999816894531,110.0,82553,0.0,0.0
2023-10-03 09:30:00-04:00,109.55000305175781,110.38500213623047,109.47000122070312,109.47000122070312,50479,0.0,0.0
2023-10-03 10:30:00-04:00,109.41000366210938,109.63999938964844,109.26000213623047,109.47000122070312,37927,0.0,0.0
2023-10-03 11:30:00-04:00,109.56500244140625,109.56999969482422,108.83000183105469,109.23500061035156,27859,0.0,0.0
2023-10-03 12:30:00-04:00,109.29000091552734,109.29000091552734,108.94999694824219,109.15499877929688,35862,0.0,0.0
2023-10-03 13:30:00-04:00,109.16500091552734,109.26000213623047,108.45999908447266,108.6500015258789,29943,0.0,0.0
2023-10-03 14:30:00-04:00,108.69999694824219,108.69999694824219,108.41999816894531,108.5,56698,0.0,0.0
2023-10-03 15:30:00-04:00,108.51000213623047,108.95999908447266,108.4800033569336,108.81999969482422,95303,0.0,0.0
2023-10-04 09:30:00-04:00,108.86000061035156,109.08000183105469,108.19000244140625,108.51000213623047,28175,0.0,0.0
2023-10-04 10:30:00-04:00,108.72000122070312,109.44999694824219,108.51000213623047,109.43499755859375,19878,0.0,0.0
2023-10-04 11:30:00-04:00,109.36000061035156,110.69499969482422,109.2300033569336,110.69000244140625,36722,0.0,0.0
2023-10-04 12:30:00-04:00,110.73500061035156,110.95999908447266,110.40499877929688,110.40499877929688,30435,0.0,0.0
2023-10-04 13:30:00-04:00,110.3550033569336,110.58999633789062,110.30000305175781,110.47000122070312,26007,0.0,0.0
2023-10-04 14:30:00-04:00,110.42649841308594,110.83499908447266,110.30999755859375,110.76000213623047,29820,0.0,0.0
2023-10-04 15:30:00-04:00,110.77999877929688,111.13999938964844,110.75,111.08000183105469,66384,0.0,0.0
2023-10-05 09:30:00-04:00,110.97000122070312,112.45999908447266,110.97000122070312,112.2300033569336,37928,0.0,0.0
2023-10-05 10:30:00-04:00,112.30000305175781,112.30000305175781,111.43000030517578,111.54000091552734,9989,0.0,0.0
2023-10-05 11:30:00-04:00,111.44000244140625,111.7300033569336,111.41000366210938,111.63999938964844,15852,0.0,0.0
2023-10-05 12:30:00-04:00,111.66000366210938,111.66000366210938,111.2699966430664,111.5,16647,0.0,0.0
2023-10-05 13:30:00-04:00,111.4800033569336,112.19000244140625,111.4800033569336,111.91999816894531,20197,0.0,0.0
2023-10-05 14:30:00-04:00,111.9800033569336,112.2300033569336,111.96499633789062,112.22799682617188,17736,0.0,0.0
2023-10-05 15:30:00-04:00,112.30000305175781,112.5,112.2300033569336,112.30999755859375,47473,0.0,0.0
2023-10-06 09:30:00-04:00,112.2699966430664,112.81999969482422,112.2699966430664,112.27290344238281,22303,0.0,0.0
2023-10-06 10:30:00-04:00,112.44000244140625,112.69999694824219,111.98999786376953,112.69999694824219,27340,0.0,0.0
2023-10-06 11:30:00-04:00,112.77999877929688,113.44000244140625,112.7300033569336,112.87000274658203,21413,0.0,0.0
2023-10-06 12:30:00-04:00,112.81999969482422,113.0199966430664,112.76000213623047,112.94999694824219,12816,0.0,0.0
2023-10-06 13:30:00-04:00,112.97000122070312,113.0999984741211,112.83000183105469,112.9114990234375,19041,0.0,0.0
2023-10-06 14:30:00-04:00,113.0,113.1050033569336,112.93000030517578,113.08300018310547,23056,0.0,0.0
2023-10-06 15:30:00-04:00,113.05000305175781,113.05000305175781,112.44000244140625,112.48999786376953,66002,0.0,0.0
2023-10-09 09:30:00-04:00,112.2300033569336,112.77999877929688,112.0199966430664,112.21499633789062,16943,0.0,0.0
2023-10-09 10:30:00-04:00,112.31999969482422,112.81999969482422,112.31999969482422,112.70500183105469,12415,0.0,0.0
2023-10-09 11:30:00-04:00,112.75,112.80500030517578,112.375,112.54000091552734,17906,0.0,0.0
2023-10-09 12:30:00-04:00,112.44000244140625,112.52999877929688,112.19000244140625,112.25,10597,0.0,0.0
2023-10-09 13:30:00-04:00,112.3499984741211,112.98999786376953,112.3499984741211,112.98999786376953,15981,0.0,0.0
2023-10-09 14:30:00-04:00,112.94000244140625,113.06999969482422,112.69999694824219,112.80000305175781,17771,0.0,0.0
2023-10-09 15:30:00-04:00,112.7249984741211,112.75,112.37000274658203,112.68000030517578,42339,0.0,0.0
2023-10-10 09:30:00-04:00,112.9800033569336,113.45999908447266,111.97000122070312,112.0,47941,0.0,0.0
2023-10-10 10:30:00-04:00,111.80000305175781,112.0,111.4800033569336,111.63999938964844,39211,0.0,0.0
2023-10-10 11:30:00-04:00,111.58000183105469,111.93000030517578,111.48059844970703,111.72000122070312,28292,0.0,0.0
2023-10-10 12:30:00-04:00,111.7300033569336,111.77999877929688,110.94999694824219,110.97000122070312,81214,0.0,0.0
2023-10-10 13:30:00-04:00,110.93000030517578,111.0,110.56999969482422,110.69499969482422,55408,0.0,0.0
2023-10-10 14:30:00-04:00,110.70999908447266,110.94000244140625,110.48999786376953,110.5999984741211,48264,0.0,0.0
2023-10-10 15:30:00-04:00,110.58000183105469,110.77999877929688,110.33000183105469,110.7699966430664,96408,0.0,0.0
2023-10-11 09:30:00-04:00,110.44000244140625,111.80000305175781,110.44000244140625,111.38999938964844,57943,0.0,0.0
2023-10-11 10:30:00-04:00,111.45999908447266,111.5199966430664,110.69999694824219,110.82499694824219,38714,0.0,0.0
2023-10-11 11:30:00-04:00,110.8499984741211,111.02999877929688,110.44999694824219,110.47000122070312,29233,0.0,0.0
2023-10-11 12:30:00-04:00,110.47000122070312,110.5199966430664,110.08999633789062,110.16999816894531,51980,0.0,0.0
2023-10-11 13:30:00-04:00,110.11000061035156,110.34249877929688,110.01000213623047,110.2300033569336,27370,0.0,0.0
2023-10-11 14:30:00-04:00,110.26000213623047,110.43499755859375,110.11000061035156,110.29499816894531,41063,0.0,0.0
2023-10-11 15:30:00-04:00,110.27999877929688,110.8949966430664,110.26000213623047,110.6500015258789,86768,0.0,0.0
2023-10-12 09:30:00-04:00,109.9800033569336,110.37999725341797,108.98999786376953,109.5250015258789,60354,0.0,0.0
2023-10-12 10:30:00-04:00,109.58000183105469,109.72000122070312,109.0,109.58999633789062,54968,0.0,0.0
2023-10-12 11:30:00-04:00,109.6146011352539,109.83000183105469,109.2300033569336,109.82499694824219,15268,0.0,0.0
2023-10-12 12:30:00-04:00,109.76499938964844,109.76499938964844,108.98999786376953,108.98999786376953,19909,0.0,0.0
2023-10-12 13:30:00-04:00,108.98999786376953,109.05999755859375,108.45999908447266,108.87999725341797,37096,0.0,0.0
2023-10-12 14:30:00-04:00,108.97000122070312,109.4000015258789,108.86499786376953,109.33999633789062,31409,0.0,0.0
2023-10-12 15:30:00-04:00,109.36000061035156,109.75,109.36000061035156,109.5,79933,0.0,0.0
2023-10-13 09:30:00-04:00,110.29000091552734,111.44000244140625,110.29000091552734,110.7249984741211,38150,0.0,0.0
2023-10-13 10:30:00-04:00,110.70500183105469,111.02999877929688,110.08999633789062,110.31999969482422,34849,0.0,0.0
2023-10-13 11:30:00-04:00,110.41999816894531,110.63999938964844,110.12000274658203,110.61000061035156,18043,0.0,0.0
2023-10-13 12:30:00-04:00,110.66000366210938,110.7300033569336,109.61000061035156,109.61000061035156,26740,0.0,0.0
2023-10-13 13:30:00-04:00,109.54000091552734,109.87000274658203,109.45999908447266,109.4749984741211,73872,0.0,0.0
2023-10-13 14:30:00-04:00,109.4749984741211,109.61000061035156,108.9800033569336,109.04000091552734,107120,0.0,0.0
2023-10-13 15:30:00-04:00,109.08999633789062,109.22000122070312,108.75,109.08999633789062,124066,0.0,0.0
2023-10-16 09:30:00-04:00,110.12999725341797,110.94000244140625,109.91999816894531,110.69499969482422,72521,0.0,0.0
2023-10-16 10:30:00-04:00,110.73500061035156,111.41999816894531,110.51000213623047,110.88999938964844,51114,0.0,0.0
2023-10-16 11:30:00-04:00,110.98999786376953,110.98999786376953,110.55000305175781,110.76000213623047,32651,0.0,0.0
2023-10-16 12:30:00-04:00,110.7699966430664,110.85250091552734,110.5197982788086,110.69000244140625,27482,0.0,0.0
2023-10-16 13:30:00-04:00,110.66500091552734,110.8125,110.41000366210938,110.41000366210938,27561,0.0,0.0
2023-10-16 14:30:00-04:00,110.52999877929688,110.80500030517578,110.48999786376953,110.66999816894531,45564,0.0,0.0
2023-10-16 15:30:00-04:00,110.66999816894531,110.95999908447266,110.62000274658203,110.80000305175781,120746,0.0,0.0
2023-10-17 09:30:00-04:00,110.7699966430664,111.61000061035156,110.53500366210938,111.61000061035156,163152,0.0,0.0
2023-10-17 10:30:00-04:00,111.63999938964844,112.12999725341797,111.2300033569336,112.08000183105469,69184,0.0,0.0
2023-10-17 11:30:00-04:00,112.13999938964844,112.5199966430664,111.91999816894531,112.33499908447266,80729,0.0,0.0
2023-10-17 12:30:00-04:00,112.33499908447266,112.41000366210938,111.68000030517578,111.68000030517578,55375,0.0,0.0
2023-10-17 13:30:00-04:00,111.7249984741211,111.81999969482422,111.37000274658203,111.55000305175781,42835,0.0,0.0
2023-10-17 14:30:00-04:00,111.4800033569336,111.95099639892578,111.43000030517578,111.91500091552734,63885,0.0,0.0
2023-10-17 15:30:00-04:00,111.91999816894531,112.1500015258789,111.70999908447266,112.1500015258789,136916,0.0,0.0
2023-10-18 09:30:00-04:00,111.87000274658203,112.1072006225586,111.37999725341797,111.66000366210938,27110,0.0,0.0
2023-10-18 10:30:00-04:00,111.66000366210938,111.83999633789062,111.19200134277344,111.44499969482422,37637,0.0,0.0
2023-10-18 11:30:00-04:00,111.43499755859375,111.56999969482422,110.98999786376953,111.05000305175781,21393,0.0,0.0
2023-10-18 12:30:00-04:00,111.1500015258789,111.54000091552734,111.00499725341797,111.33999633789062,12116,0.0,0.0
2023-10-18 13:30:00-04:00,111.38999938964844,111.61000061035156,111.27999877929688,111.37999725341797,13275,0.0,0.0
2023-10-18 14:30:00-04:00,111.43000030517578,111.51000213623047,110.94000244140625,111.29000091552734,31280,0.0,0.0
2023-10-18 15:30:00-04:00,111.31999969482422,111.33999633789062,110.9000015258789,111.04000091552734,68334,0.0,0.0
2023-10-19 09:30:00-04:00,110.56999969482422,111.33000183105469,109.75,109.80999755859375,52999,0.0,0.0
2023-10-19 10:30:00-04:00,109.75,110.36000061035156,109.62999725341797,110.26000213623047,26792,0.0,0.0
2023-10-19 11:30:00-04:00,110.19499969482422,110.72000122070312,110.08999633789062,110.51000213623047,31617,0.0,0.0
2023-10-19 12:30:00-04:00,110.30000305175781,111.0199966430664,109.66000366210938,110.7699966430664,31699,0.0,0.0
2023-10-19 13:30:00-04:00,110.70999908447266,110.77999877929688,109.66000366210938,109.70870208740234,34935,0.0,0.0
2023-10-19 14:30:00-04:00,109.41999816894531,109.6500015258789,109.01000213623047,109.04000091552734,36131,0.0,0.0
2023-10-19 15:30:00-04:00,109.16000366210938,109.23999786376953,108.79000091552734,109.06999969482422,72370,0.0,0.0
2023-10-20 09:30:00-04:00,109.26000213623047,109.88999938964844,107.18000030517578,107.66500091552734,32788,0.0,0.0
2023-10-20 10:30:00-04:00,107.66500091552734,108.45999908447266,107.66500091552734,108.33999633789062,21129,0.0,0.0
2023-10-20 11:30:00-04:00,108.20999908447266,108.7249984741211,108.16010284423828,108.5,23939,0.0,0.0
2023-10-20 12:30:00-04:00,108.48999786376953,108.7300033569336,108.40499877929688,108.6500015258789,12710,0.0,0.0
2023-10-20 13:30:00-04:00,108.54000091552734,108.58999633789062,107.96499633789062,108.18000030517578,21741,0.0,0.0
2023-10-20 14:30:00-04:00,108.13500213623047,108.30000305175781,107.43000030517578,107.68499755859375,41426,0.0,0.0
2023-10-20 15:30:00-04:00,107.69000244140625,107.74500274658203,106.88999938964844,107.08000183105469,101928,0.0,0.0
2023-10-23 09:30:00-04:00,106.87000274658203,106.87000274658203,105.43000030517578,105.43000030517578,33001,0.0,0.0
2023-10-23 10:30:00-04:00,105.48999786376953,105.77999877929688,105.22000122070312,105.61000061035156,28227,0.0,0.0
2023-10-23 11:30:00-04:00,105.62000274658203,105.88500213623047,105.43499755859375,105.62999725341797,22885,0.0,0.0
2023-10-23 12:30:00-04:00,105.6500015258789,106.05000305175781,105.55000305175781,105.61499786376953,21316,0.0,0.0
2023-10-23 13:30:00-04:00,105.66000366210938,106.1500015258789,105.58000183105469,106.08999633789062,26993,0.0,0.0
2023-10-23 14:30:00-04:00,106.08000183105469,106.36000061035156,105.94999694824219,106.33999633789062,55173,0.0,0.0
2023-10-23 15:30:00-04:00,106.27999877929688,106.45999908447266,105.88500213623047,106.11000061035156,139841,0.0,0.0
2023-10-24 09:30:00-04:00,106.63999938964844,107.58000183105469,106.45999908447266,107.58000183105469,26677,0.0,0.0
2023-10-24 10:30:00-04:00,107.58000183105469,107.87999725341797,107.08000183105469,107.17500305175781,22626,0.0,0.0
2023-10-24 11:30:00-04:00,107.25,107.83999633789062,107.23999786376953,107.47000122070312,36237,0.0,0.0
2023-10-24 12:30:00-04:00,107.50499725341797,108.62000274658203,107.31500244140625,108.05000305175781,88561,0.0,0.0
2023-10-24 13:30:00-04:00,108.13999938964844,108.25,107.87000274658203,108.11000061035156,29723,0.0,0.0
2023-10-24 14:30:00-04:00,108.12000274658203,108.54000091552734,108.12000274658203,108.54000091552734,36706,0.0,0.0
2023-10-24 15:30:00-04:00,108.55999755859375,108.7300033569336,108.37999725341797,108.54000091552734,77600,0.0,0.0
2023-10-25 09:30:00-04:00,108.58999633789062,108.94999694824219,107.44999694824219,107.51000213623047,59412,0.0,0.0
2023-10-25 10:30:00-04:00,107.41999816894531,108.31500244140625,107.41999816894531,108.30999755859375,42333,0.0,0.0
2023-10-25 11:30:00-04:00,108.2699966430664,108.63500213623047,108.08999633789062,108.22000122070312,23735,0.0,0.0
2023-10-25 12:30:00-04:00,108.2699966430664,108.27999877929688,107.5999984741211,107.5999984741211,20438,0.0,0.0
2023-10-25 13:30:00-04:00,107.58999633789062,107.69999694824219,107.41110229492188,107.48999786376953,17286,0.0,0.0
2023-10-25 14:30:00-04:00,107.48999786376953,107.76000213623047,107.31500244140625,107.67500305175781,27167,0.0,0.0
2023-10-25 15:30:00-04:00,107.75,108.52999877929688,107.69000244140625,108.4800033569336,109498,0.0,0.0
2023-10-26 09:30:00-04:00,109.11000061035156,111.16999816894531,109.11000061035156,110.99749755859375,66790,0.0,0.0
2023-10-26 10:30:00-04:00,110.87999725341797,111.19000244140625,110.51000213623047,110.95999908447266,28763,0.0,0.0
2023-10-26 11:30:00-04:00,110.8949966430664,111.20999908447266,110.56999969482422,110.56999969482422,26437,0.0,0.0
2023-10-26 12:30:00-04:00,110.62000274658203,110.79000091552734,110.37999725341797,110.4800033569336,24151,0.0,0.0
2023-10-26 13:30:00-04:00,110.41000366210938,110.5999984741211,110.30000305175781,110.49500274658203,26227,0.0,0.0
2023-10-26 14:30:00-04:00,110.47000122070312,110.69000244140625,110.15499877929688,110.16999816894531,21793,0.0,0.0
2023-10-26 15:30:00-04:00,110.04000091552734,110.04000091552734,109.63999938964844,109.76000213623047,55281,0.0,0.0
2023-10-27 09:30:00-04:00,109.33999633789062,109.33999633789062,107.72000122070312,107.99819946289062,20590,0.0,0.0
2023-10-27 10:30:00-04:00,107.88999938964844,108.05000305175781,107.41999816894531,107.73650360107422,20706,0.0,0.0
2023-10-27 11:30:00-04:00,107.60820007324219,107.60820007324219,106.94000244140625,107.0,16626,0.0,0.0
2023-10-27 12:30:00-04:00,107.05500030517578,107.08999633789062,106.6500015258789,106.80000305175781,13989,0.0,0.0
2023-10-27 13:30:00-04:00,106.66000366210938,107.01000213623047,106.62000274658203,106.83999633789062,23217,0.0,0.0
2023-10-27 14:30:00-04:00,106.81999969482422,107.30000305175781,106.73999786376953,107.26000213623047,42268,0.0,0.0
2023-10-27 15:30:00-04:00,107.31999969482422,107.56999969482422,107.06500244140625,107.37999725341797,67389,0.0,0.0
2023-10-30 09:30:00-04:00,108.0999984741211,108.47000122070312,107.61000061035156,107.62999725341797,13064,0.0,0.0
2023-10-30 10:30:00-04:00,107.73999786376953,107.91000366210938,107.4800033569336,107.62799835205078,19633,0.0,0.0
2023-10-30 11:30:00-04:00,107.75,108.0,107.75,107.87999725341797,12903,0.0,0.0
2023-10-30 12:30:00-04:00,107.98999786376953,108.22000122070312,107.68000030517578,108.22000122070312,20400,0.0,0.0
2023-10-30 13:30:00-04:00,108.27799987792969,108.29499816894531,107.97000122070312,108.06710052490234,22050,0.0,0.0
2023-10-30 14:30:00-04:00,108.1449966430664,108.4800033569336,108.08000183105469,108.33999633789062,23988,0.0,0.0
2023-10-30 15:30:00-04:00,108.42500305175781,108.6500015258789,108.13999938964844,108.1500015258789,47491,0.0,0.0
2023-10-31 09:30:00-04:00,108.2699966430664,108.98999786376953,108.2699966430664,108.80000305175781,14519,0.0,0.0
2023-10-31 10:30:00-04:00,108.70500183105469,108.9000015258789,108.54000091552734,108.9000015258789,14888,0.0,0.0
2023-10-31 11:30:00-04:00,108.90499877929688,108.97000122070312,108.4800033569336,108.5,12269,0.0,0.0
2023-10-31 12:30:00-04:00,108.51499938964844,108.83000183105469,108.5,108.80999755859375,14955,0.0,0.0
2023-10-31 13:30:00-04:00,108.81999969482422,108.91999816894531,108.56500244140625,108.58000183105469,35070,0.0,0.0
2023-10-31 14:30:00-04:00,108.55999755859375,109.33000183105469,108.45999908447266,109.21499633789062,32041,0.0,0.0
2023-10-31 15:30:00-04:00,109.25,109.6500015258789,108.8499984741211,109.36000061035156,92972,0.0,0.0
2023-11-01 09:30:00-04:00,109.7699966430664,110.23500061035156,109.42579650878906,110.16500091552734,16377,0.0,0.0
2023-11-01 10:30:00-04:00,110.20999908447266,110.41000366210938,109.81999969482422,110.23999786376953,25123,0.0,0.0
2023-11-01 11:30:00-04:00,110.22000122070312,110.54000091552734,109.58999633789062,109.59500122070312,29159,0.0,0.0
2023-11-01 12:30:00-04:00,109.5999984741211,110.05999755859375,109.54530334472656,109.93000030517578,34137,0.0,0.0
2023-11-01 13:30:00-04:00,109.9000015258789,110.66999816894531,109.76000213623047,110.58000183105469,29344,0.0,0.0
2023-11-01 14:30:00-04:00,110.5999984741211,111.30999755859375,110.41999816894531,111.1500015258789,56477,0.0,0.0
2023-11-01 15:30:00-04:00,111.13999938964844,111.16999816894531,110.80000305175781,111.04000091552734,87304,0.0,0.0
2023-11-02 09:30:00-04:00,110.0199966430664,111.08000183105469,107.9800033569336,108.40499877929688,53123,0.0,0.0
2023-11-02 10:30:00-04:00,108.37000274658203,109.19000244140625,107.13999938964844,108.2300033569336,51220,0.0,0.0
2023-11-02 11:30:00-04:00,108.0,108.2699966430664,106.62000274658203,107.1500015258789,53730,0.0,0.0
2023-11-02 12:30:00-04:00,107.16000366210938,107.80000305175781,106.76000213623047,107.3949966430664,39857,0.0,0.0
2023-11-02 13:30:00-04:00,107.4000015258789,108.11000061035156,107.30999755859375,107.63999938964844,23342,0.0,0.0
2023-11-02 14:30:00-04:00,107.63520050048828,108.44999694824219,107.58999633789062,108.34500122070312,35598,0.0,0.0
2023-11-02 15:30:00-04:00,108.37000274658203,108.83999633789062,108.27999877929688,108.83999633789062,77553,0.0,0.0
2023-11-03 09:30:00-04:00,109.86000061035156,110.16500091552734,108.9800033569336,109.80000305175781,43611,0.0,0.0
2023-11-03 10:30:00-04:00,109.73999786376953,110.0999984741211,109.47000122070312,109.97000122070312,31477,0.0,0.0
2023-11-03 11:30:00-04:00,110.05999755859375,110.69999694824219,109.83999633789062,110.63999938964844,26807,0.0,0.0
2023-11-03 12:30:00-04:00,110.52999877929688,110.62999725341797,110.2750015258789,110.27999877929688,18595,0.0,0.0
2023-11-03 13:30:00-04:00,110.29000091552734,110.30999755859375,110.0,110.16999816894531,25531,0.0,0.0
2023-11-03 14:30:00-04:00,110.18000030517578,110.19889831542969,109.76000213623047,109.83000183105469,51017,0.0,0.0
2023-11-03 15:30:00-04:00,109.7750015258789,110.12999725341797,109.7750015258789,109.80000305175781,88626,0.0,0.0
2023-11-06 09:30:00-05:00,110.05000305175781,110.05000305175781,109.19999694824219,109.98999786376953,31588,0.0,0.0
2023-11-06 10:30:00-05:00,109.95999908447266,110.69000244140625,109.91999816894531,110.44499969482422,18130,0.0,0.0
2023-11-06 11:30:00-05:00,110.44000244140625,110.69000244140625,110.33000183105469,110.4749984741211,16815,0.0,0.0
2023-11-06 12:30:00-05:00,110.52999877929688,110.52999877929688,110.0999984741211,110.2699966430664,32439,0.0,0.0
2023-11-06 13:30:00-05:00,110.11499786376953,110.13500213623047,109.9000015258789,110.08999633789062,17239,0.0,0.0
2023-11-06 14:30:00-05:00,110.16500091552734,110.55000305175781,110.11000061035156,110.37000274658203,31902,0.0,0.0
2023-11-06 15:30:00-05:00,110.27999877929688,110.68000030517578,110.26000213623047,110.37999725341797,59965,0.0,0.0
2023-11-07 09:30:00-05:00,110.0999984741211,110.4000015258789,109.56999969482422,110.25,15711,0.0,0.0
2023-11-07 10:30:00-05:00,110.36499786376953,110.44999694824219,109.95500183105469,110.20999908447266,26823,0.0,0.0
2023-11-07 11:30:00-05:00,110.26000213623047,110.62000274658203,110.16500091552734,110.27870178222656,17195,0.0,0.0
2023-11-07 12:30:00-05:00,110.30000305175781,110.64820098876953,110.04499816894531,110.64820098876953,14063,0.0,0.0
2023-11-07 13:30:00-05:00,110.66999816894531,111.01000213623047,110.66999816894531,110.94499969482422,13200,0.0,0.0
2023-11-07 14:30:00-05:00,110.95110321044922,111.2300033569336,110.91000366210938,111.2300033569336,32475,0.0,0.0
2023-11-07 15:30:00-05:00,111.2699966430664,111.38999938964844,111.00499725341797,111.2300033569336,79196,0.0,0.0
2023-11-08 09:30:00-05:00,111.05000305175781,111.56500244140625,110.01000213623047,110.23500061035156,21420,0.0,0.0
2023-11-08 10:30:00-05:00,110.11000061035156,110.37000274658203,109.9800033569336,110.08000183105469,18871,0.0,0.0
2023-11-08 11:30:00-05:00,109.99199676513672,110.04499816894531,109.63500213623047,109.97000122070312,34677,0.0,0.0
2023-11-08 12:30:00-05:00,109.97000122070312,110.08000183105469,109.77999877929688,109.8499984741211,15832,0.0,0.0
2023-11-08 13:30:00-05:00,109.75,109.94000244140625,109.61499786376953,109.81999969482422,17907,0.0,0.0
2023-11-08 14:30:00-05:00,109.87000274658203,109.87000274658203,109.33399963378906,109.33399963378906,25693,0.0,0.0
2023-11-08 15:30:00-05:00,109.26000213623047,109.52999877929688,109.0999984741211,109.19999694824219,84739,0.0,0.0
2023-11-09 09:30:00-05:00,109.54000091552734,109.54000091552734,108.68000030517578,108.87000274658203,25615,0.0,0.0
2023-11-09 10:30:00-05:00,108.70999908447266,108.9800033569336,108.62999725341797,108.94000244140625,15728,0.0,0.0
2023-11-09 11:30:00-05:00,108.98500061035156,109.18000030517578,108.81009674072266,109.18000030517578,17637,0.0,0.0
2023-11-09 12:30:00-05:00,109.1500015258789,109.36000061035156,108.7300033569336,108.80999755859375,19831,0.0,0.0
2023-11-09 13:30:00-05:00,108.80999755859375,108.83000183105469,108.22000122070312,108.37000274658203,30206,0.0,0.0
2023-11-09 14:30:00-05:00,108.34500122070312,108.47000122070312,108.18000030517578,108.36499786376953,27687,0.0,0.0
2023-11-09 15:30:00-05:00,108.4000015258789,108.5199966430664,108.1500015258789,108.30000305175781,60699,0.0,0.0
2023-11-10 09:30:00-05:00,107.5,107.6500015258789,107.11000061035156,107.31999969482422,15412,0.0,0.0
2023-11-10 10:30:00-05:00,107.19499969482422,107.95999908447266,107.19499969482422,107.76499938964844,17533,0.0,0.0
2023-11-10 11:30:00-05:00,107.75,107.93000030517578,107.61380004882812,107.91000366210938,24887,0.0,0.0
2023-11-10 12:30:00-05:00,107.91000366210938,108.19499969482422,107.8550033569336,108.1500015258789,14300,0.0,0.0
2023-11-10 13:30:00-05:00,108.19000244140625,108.27999877929688,108.06999969482422,108.19000244140625,13620,0.0,0.0
2023-11-10 14:30:00-05:00,108.23500061035156,108.30000305175781,107.94999694824219,108.23999786376953,23892,0.0,0.0
2023-11-10 15:30:00-05:00,108.43000030517578,108.69999694824219,108.43000030517578,108.4749984741211,68778,0.0,0.0
2023-11-13 09:30:00-05:00,108.44999694824219,108.7699966430664,107.7300033569336,108.58000183105469,14217,0.0,0.0
2023-11-13 10:30:00-05:00,108.5999984741211,108.5999984741211,107.91999816894531,108.18000030517578,25961,0.0,0.0
2023-11-13 11:30:00-05:00,108.01000213623047,108.30999755859375,107.93000030517578,108.22599792480469,19850,0.0,0.0
2023-11-13 12:30:00-05:00,108.1500015258789,108.15399932861328,107.86000061035156,107.90499877929688,20618,0.0,0.0
2023-11-13 13:30:00-05:00,107.8499984741211,108.05999755859375,107.73999786376953,107.83499908447266,19908,0.0,0.0
2023-11-13 14:30:00-05:00,107.8499984741211,108.02999877929688,107.8499984741211,108.01000213623047,18399,0.0,0.0
2023-11-13 15:30:00-05:00,107.98999786376953,108.22000122070312,107.88999938964844,107.91000366210938,79242,0.0,0.0
2023-11-14 09:30:00-05:00,108.44000244140625,109.37999725341797,108.19999694824219,109.30000305175781,48944,0.0,0.0
2023-11-14 10:30:00-05:00,109.29499816894531,109.33999633789062,108.9000015258789,109.16500091552734,36744,0.0,0.0
2023-11-14 11:30:00-05:00,109.2249984741211,109.93000030517578,109.2249984741211,109.91999816894531,51461,0.0,0.0
2023-11-14 12:30:00-05:00,109.88999938964844,110.29499816894531,109.74620056152344,109.74620056152344,23018,0.0,0.0
2023-11-14 13:30:00-05:00,109.80999755859375,110.2249984741211,109.80999755859375,110.0999984741211,15615,0.0,0.0
2023-11-14 14:30:00-05:00,110.09200286865234,111.16000366210938,110.09200286865234,110.98999786376953,63019,0.0,0.0
2023-11-14 15:30:00-05:00,110.97000122070312,111.63999938964844,110.91500091552734,111.56999969482422,159180,0.0,0.0
2023-11-15 09:30:00-05:00,111.63999938964844,111.86100006103516,111.19000244140625,111.59500122070312,50226,0.0,0.0
2023-11-15 10:30:00-05:00,111.5199966430664,111.7750015258789,111.13999938964844,111.41000366210938,27495,0.0,0.0
2023-11-15 11:30:00-05:00,111.41000366210938,111.68000030517578,110.9800033569336,111.32499694824219,26568,0.0,0.0
2023-11-15 12:30:00-05:00,111.20500183105469,111.49500274658203,111.05000305175781,111.12000274658203,36729,0.0,0.0
2023-11-15 13:30:00-05:00,111.08999633789062,111.08999633789062,110.47000122070312,110.47000122070312,58563,0.0,0.0
2023-11-15 14:30:00-05:00,110.44000244140625,110.53500366210938,110.20999908447266,110.37999725341797,28902,0.0,0.0
2023-11-15 15:30:00-05:00,110.30000305175781,110.55000305175781,110.1050033569336,110.33999633789062,65198,0.0,0.0
2023-11-16 09:30:00-05:00,110.70999908447266,110.77999877929688,110.13999938964844,110.41000366210938,25668,0.0,0.0
2023-11-16 10:30:00-05:00,110.41000366210938,110.45500183105469,109.70999908447266,110.05999755859375,34300,0.0,0.0
2023-11-16 11:30:00-05:00,110.11499786376953,110.18930053710938,109.83999633789062,110.12000274658203,22093,0.0,0.0
2023-11-16 12:30:00-05:00,109.88999938964844,110.26000213623047,109.81999969482422,110.15740203857422,34828,0.0,0.0
2023-11-16 13:30:00-05:00,110.13999938964844,110.1500015258789,109.77999877929688,109.86000061035156,47044,0.0,0.0
2023-11-16 14:30:00-05:00,109.83000183105469,110.05000305175781,109.76000213623047,109.88999938964844,50063,0.0,0.0
2023-11-16 15:30:00-05:00,109.88999938964844,110.08000183105469,109.56999969482422,109.58999633789062,107314,0.0,0.0
2023-11-17 09:30:00-05:00,109.81999969482422,110.65489959716797,109.62999725341797,110.41000366210938,24312,0.0,0.0
2023-11-17 10:30:00-05:00,110.41999816894531,110.52999877929688,110.19499969482422,110.19499969482422,14637,0.0,0.0
2023-11-17 11:30:00-05:00,110.19999694824219,110.23999786376953,109.8499984741211,109.95999908447266,15602,0.0,0.0
2023-11-17 12:30:00-05:00,109.97000122070312,110.0,109.5999984741211,109.79000091552734,24170,0.0,0.0
2023-11-17 13:30:00-05:00,109.83999633789062,109.9000015258789,109.47000122070312,109.52999877929688,31662,0.0,0.0
2023-11-17 14:30:00-05:00,109.54000091552734,109.55999755859375,109.2750015258789,109.41000366210938,38382,0.0,0.0
2023-11-17 15:30:00-05:00,109.41000366210938,109.41999816894531,108.98999786376953,109.13999938964844,66467,0.0,0.0
2023-11-20 09:30:00-05:00,108.55999755859375,109.47000122070312,108.3949966430664,109.47000122070312,54463,0.0,0.0
2023-11-20 10:30:00-05:00,109.51000213623047,109.77999877929688,109.41999816894531,109.47000122070312,22356,0.0,0.0
2023-11-20 11:30:00-05:00,109.54000091552734,109.77999877929688,109.50550079345703,109.55999755859375,13045,0.0,0.0
2023-11-20 12:30:00-05:00,109.55000305175781,109.6050033569336,109.12000274658203,109.38999938964844,18931,0.0,0.0
2023-11-20 13:30:00-05:00,109.4000015258789,109.54000091552734,109.36000061035156,109.4000015258789,16825,0.0,0.0
2023-11-20 14:30:00-05:00,109.5199966430664,109.62989807128906,109.28500366210938,109.52989959716797,22971,0.0,0.0
2023-11-20 15:30:00-05:00,109.48999786376953,109.51000213623047,108.98059844970703,109.0,42682,0.0,0.0
2023-11-21 09:30:00-05:00,109.06999969482422,110.30000305175781,109.06999969482422,110.30000305175781,29904,0.0,0.0
2023-11-21 10:30:00-05:00,110.30500030517578,110.46499633789062,109.97000122070312,110.16999816894531,17207,0.0,0.0
2023-11-21 11:30:00-05:00,110.16999816894531,110.50499725341797,110.02999877929688,110.2300033569336,19712,0.0,0.0
2023-11-21 12:30:00-05:00,110.3499984741211,110.87999725341797,110.28849792480469,110.7300033569336,15263,0.0,0.0
2023-11-21 13:30:00-05:00,110.75499725341797,110.91999816894531,110.58000183105469,110.75980377197266,16791,0.0,0.0
2023-11-21 14:30:00-05:00,110.72000122070312,110.83000183105469,110.30999755859375,110.31999969482422,13162,0.0,0.0
2023-11-21 15:30:00-05:00,110.29000091552734,110.41000366210938,110.2249984741211,110.29000091552734,37442,0.0,0.0
2023-11-22 09:30:00-05:00,110.87999725341797,111.79000091552734,110.43499755859375,111.4000015258789,30401,0.0,0.0
2023-11-22 10:30:00-05:00,111.25,111.36000061035156,110.94000244140625,110.99500274658203,20275,0.0,0.0
2023-11-22 11:30:00-05:00,110.98999786376953,111.37000274658203,110.94499969482422,111.05999755859375,22143,0.0,0.0
2023-11-22 12:30:00-05:00,111.05999755859375,111.12000274658203,110.79000091552734,110.8550033569336,18309,0.0,0.0
2023-11-22 13:30:00-05:00,110.86499786376953,111.30999755859375,110.86000061035156,111.23999786376953,22269,0.0,0.0
2023-11-22 14:30:00-05:00,111.23500061035156,111.56999969482422,111.00499725341797,111.56999969482422,39494,0.0,0.0
2023-11-22 15:30:00-05:00,111.61000061035156,111.69000244140625,111.4749984741211,111.6500015258789,49511,0.0,0.0
2023-11-24 09:30:00-05:00,112.70999908447266,113.75,112.60749816894531,113.75,62370,0.0,0.0
2023-11-24 10:30:00-05:00,113.77999877929688,114.05000305175781,113.54000091552734,113.54000091552734,47713,0.0,0.0
2023-11-24 11:30:00-05:00,113.51000213623047,113.80000305175781,113.36499786376953,113.62999725341797,44427,0.0,0.0
2023-11-27 09:30:00-05:00,113.08000183105469,113.33999633789062,112.95999908447266,113.0,17484,0.0,0.0
2023-11-27 10:30:00-05:00,113.0199966430664,113.04000091552734,112.73999786376953,112.95999908447266,22285,0.0,0.0
2023-11-27 11:30:00-05:00,113.06999969482422,113.06999969482422,112.80000305175781,112.95999908447266,21731,0.0,0.0
2023-11-27 12:30:00-05:00,112.98999786376953,113.54499816894531,112.97000122070312,113.51000213623047,27452,0.0,0.0
2023-11-27 13:30:00-05:00,113.52999877929688,113.8499984741211,113.36000061035156,113.75,31750,0.0,0.0
2023-11-27 14:30:00-05:00,113.72000122070312,114.08000183105469,113.70999908447266,113.99749755859375,46905,0.0,0.0
2023-11-27 15:30:00-05:00,114.01000213623047,114.19000244140625,113.88999938964844,113.88999938964844,100567,0.0,0.0
2023-11-28 09:30:00-05:00,113.5,113.58999633789062,112.8499984741211,112.87999725341797,14612,0.0,0.0
2023-11-28 10:30:00-05:00,112.9000015258789,113.2300033569336,112.63899993896484,112.66500091552734,11718,0.0,0.0
2023-11-28 11:30:00-05:00,112.76499938964844,112.88999938964844,112.29000091552734,112.5,13201,0.0,0.0
2023-11-28 12:30:00-05:00,112.44000244140625,112.44000244140625,111.68000030517578,112.05999755859375,12897,0.0,0.0
2023-11-28 13:30:00-05:00,112.0,112.01000213623047,111.51000213623047,111.51000213623047,20197,0.0,0.0
2023-11-28 14:30:00-05:00,111.5,111.55000305175781,111.36940002441406,111.5199966430664,34916,0.0,0.0
2023-11-28 15:30:00-05:00,111.58000183105469,111.69000244140625,111.19999694824219,111.27999877929688,60287,0.0,0.0
2023-11-29 09:30:00-05:00,111.1500015258789,111.57499694824219,110.66999816894531,110.83999633789062,26950,0.0,0.0
2023-11-29 10:30:00-05:00,110.98999786376953,111.55500030517578,110.87999725341797,111.28250122070312,25964,0.0,0.0
2023-11-29 11:30:00-05:00,111.36499786376953,111.36499786376953,110.9800033569336,111.08999633789062,37248,0.0,0.0
2023-11-29 12:30:00-05:00,111.06999969482422,111.27999877929688,111.05999755859375,111.18000030517578,19607,0.0,0.0
2023-11-29 13:30:00-05:00,111.12000274658203,111.36000061035156,110.94000244140625,111.09500122070312,28863,0.0,0.0
2023-11-29 14:30:00-05:00,110.9801025390625,111.13300323486328,110.75,110.75,31023,0.0,0.0
2023-11-29 15:30:00-05:00,110.76499938964844,110.91999816894531,110.52999877929688,110.9000015258789,63758,0.0,0.0
2023-11-30 09:30:00-05:00,111.12000274658203,112.40499877929688,110.87000274658203,112.20999908447266,38995,0.0,0.0
2023-11-30 10:30:00-05:00,112.30999755859375,113.19000244140625,112.30999755859375,112.91999816894531,22293,0.0,0.0
2023-11-30 11:30:00-05:00,113.08999633789062,113.20999908447266,112.66000366210938,112.80000305175781,23491,0.0,0.0
2023-11-30 12:30:00-05:00,112.77999877929688,113.55999755859375,112.74500274658203,113.50499725341797,46042,0.0,0.0
2023-11-30 13:30:00-05:00,113.43000030517578,113.95999908447266,113.4000015258789,113.91999816894531,32849,0.0,0.0
2023-11-30 14:30:00-05:00,113.95999908447266,114.43000030517578,113.8499984741211,114.18499755859375,42893,0.0,0.0
2023-11-30 15:30:00-05:00,114.20999908447266,114.55000305175781,114.13500213623047,114.36000061035156,104340,0.0,0.0
2023-12-01 09:30:00-05:00,113.80000305175781,114.68000030517578,113.45999908447266,114.63999938964844,15154,0.0,0.0
2023-12-01 10:30:00-05:00,114.7249984741211,115.375,114.45500183105469,115.375,30728,0.0,0.0
2023-12-01 11:30:00-05:00,115.33000183105469,115.94999694824219,115.23269653320312,115.91000366210938,25512,0.0,0.0
2023-12-01 12:30:00-05:00,115.91000366210938,116.2249984741211,115.68000030517578,115.88500213623047,38813,0.0,0.0
2023-12-01 13:30:00-05:00,115.88500213623047,116.12999725341797,115.75,115.83999633789062,26763,0.0,0.0
2023-12-01 14:30:00-05:00,115.83999633789062,116.06999969482422,115.83000183105469,116.0199966430664,55397,0.0,0.0
2023-12-01 15:30:00-05:00,115.98999786376953,116.55000305175781,115.97000122070312,116.47000122070312,132088,0.0,0.0
2023-12-04 09:30:00-05:00,116.45999908447266,118.1500015258789,116.38999938964844,118.1500015258789,23188,0.0,0.0
2023-12-04 10:30:00-05:00,118.12999725341797,118.30000305175781,117.91999816894531,117.98999786376953,42723,0.0,0.0
2023-12-04 11:30:00-05:00,118.07499694824219,118.25749969482422,117.72000122070312,117.8499984741211,62514,0.0,0.0
2023-12-04 12:30:00-05:00,117.87000274658203,117.99500274658203,117.41000366210938,117.78500366210938,62888,0.0,0.0
2023-12-04 13:30:00-05:00,117.70999908447266,117.91999816894531,117.47000122070312,117.5199966430664,60251,0.0,0.0
2023-12-04 14:30:00-05:00,117.55999755859375,117.76499938964844,116.80000305175781,116.86499786376953,68896,0.0,0.0
2023-12-04 15:30:00-05:00,116.86499786376953,117.12000274658203,116.4800033569336,116.73999786376953,204640,0.0,0.0
2023-12-05 09:30:00-05:00,116.81999969482422,116.88999938964844,116.0999984741211,116.76000213623047,68332,0.0,0.0
2023-12-05 10:30:00-05:00,116.7699966430664,117.13999938964844,116.31500244140625,117.00749969482422,31643,0.0,0.0
2023-12-05 11:30:00-05:00,116.97000122070312,117.38999938964844,116.71499633789062,117.19000244140625,33350,0.0,0.0
2023-12-05 12:30:00-05:00,117.2300033569336,117.68000030517578,117.0,117.45999908447266,342201,0.0,0.0
2023-12-05 13:30:00-05:00,117.5199966430664,117.83999633789062,117.37999725341797,117.5199966430664,92138,0.0,0.0
2023-12-05 14:30:00-05:00,117.51499938964844,117.6050033569336,116.95500183105469,117.0009994506836,45661,0.0,0.0
2023-12-05 15:30:00-05:00,116.95999908447266,117.0,116.44999694824219,116.51000213623047,106432,0.0,0.0
2023-12-06 09:30:00-05:00,116.94000244140625,117.44000244140625,116.5,116.76000213623047,19358,0.0,0.0
2023-12-06 10:30:00-05:00,116.70999908447266,116.70999908447266,115.31999969482422,115.81500244140625,23026,0.0,0.0
2023-12-06 11:30:00-05:00,115.8499984741211,116.27999877929688,115.63999938964844,115.63999938964844,32516,0.0,0.0
2023-12-06 12:30:00-05:00,115.56999969482422,115.9800033569336,115.4115982055664,115.93000030517578,21553,0.0,0.0
2023-12-06 13:30:00-05:00,115.91000366210938,116.01499938964844,115.6500015258789,115.66999816894531,26587,0.0,0.0
2023-12-06 14:30:00-05:00,115.75,115.87000274658203,115.52999877929688,115.55999755859375,37906,0.0,0.0
2023-12-06 15:30:00-05:00,115.53500366210938,115.61499786376953,115.33999633789062,115.38999938964844,75564,0.0,0.0
2023-12-07 09:30:00-05:00,115.68000030517578,116.45500183105469,114.97000122070312,116.18000030517578,28077,0.0,0.0
2023-12-07 10:30:00-05:00,116.19999694824219,116.2300033569336,115.20999908447266,115.45999908447266,43819,0.0,0.0
2023-12-07 11:30:00-05:00,115.15249633789062,115.41500091552734,114.81999969482422,114.81999969482422,29719,0.0,0.0
2023-12-07 12:30:00-05:00,114.80000305175781,115.30000305175781,114.7300033569336,115.2249984741211,30628,0.0,0.0
2023-12-07 13:30:00-05:00,115.19499969482422,115.51000213623047,115.19499969482422,115.375,36325,0.0,0.0
2023-12-07 14:30:00-05:00,115.3949966430664,115.41999816894531,114.91000366210938,115.1500015258789,51818,0.0,0.0
2023-12-07 15:30:00-05:00,115.1500015258789,115.37999725341797,115.12000274658203,115.37000274658203,106551,0.0,0.0
2023-12-08 09:30:00-05:00,115.56999969482422,115.6050033569336,114.7300033569336,114.95999908447266,57993,0.0,0.0
2023-12-08 10:30:00-05:00,114.95999908447266,115.27999877929688,114.7699966430664,114.91000366210938,18438,0.0,0.0
2023-12-08 11:30:00-05:00,115.0,115.12000274658203,114.91000366210938,114.97250366210938,19773,0.0,0.0
2023-12-08 12:30:00-05:00,114.98799896240234,115.18000030517578,114.94000244140625,115.05999755859375,26509,0.0,0.0
2023-12-08 13:30:00-05:00,115.01000213623047,115.22000122070312,114.87000274658203,115.19000244140625,15784,0.0,0.0
2023-12-08 14:30:00-05:00,115.18000030517578,115.69000244140625,115.18000030517578,115.69000244140625,23011,0.0,0.0
2023-12-08 15:30:00-05:00,115.69000244140625,115.92500305175781,115.56999969482422,115.83000183105469,54103,0.0,0.0
2023-12-11 09:30:00-05:00,115.83000183105469,116.19999694824219,115.44999694824219,116.06999969482422,31144,0.0,0.0
2023-12-11 10:30:00-05:00,116.05500030517578,116.33999633789062,116.04000091552734,116.11750030517578,18403,0.0,0.0
2023-12-11 11:30:00-05:00,116.11000061035156,116.34500122070312,115.93000030517578,116.19000244140625,13324,0.0,0.0
2023-12-11 12:30:00-05:00,116.18000030517578,116.33999633789062,116.18000030517578,116.2249984741211,13044,0.0,0.0
2023-12-11 13:30:00-05:00,116.13999938964844,116.375,116.0,116.29000091552734,16778,0.0,0.0
2023-12-11 14:30:00-05:00,116.33000183105469,116.48500061035156,116.17500305175781,116.44000244140625,28201,0.0,0.0
2023-12-11 15:30:00-05:00,116.37999725341797,116.47000122070312,116.22000122070312,116.41000366210938,53603,0.0,0.0
2023-12-12 09:30:00-05:00,116.47000122070312,117.69000244140625,116.47000122070312,117.69000244140625,11396,0.0,0.0
2023-12-12 10:30:00-05:00,117.54000091552734,117.6500015258789,117.26000213623047,117.44999694824219,12073,0.0,0.0
2023-12-12 11:30:00-05:00,117.3949966430664,117.91500091552734,117.3949966430664,117.82499694824219,14056,0.0,0.0
2023-12-12 12:30:00-05:00,117.75959777832031,117.86000061035156,117.5999984741211,117.83000183105469,21587,0.0,0.0
2023-12-12 13:30:00-05:00,117.83000183105469,117.83000183105469,117.3386001586914,117.68000030517578,15340,0.0,0.0
2023-12-12 14:30:00-05:00,117.69999694824219,117.7699966430664,117.52999877929688,117.7300033569336,16188,0.0,0.0
2023-12-12 15:30:00-05:00,117.7699966430664,117.93499755859375,117.54499816894531,117.91999816894531,55149,0.0,0.0
2023-12-13 09:30:00-05:00,117.41999816894531,117.87999725341797,117.31500244140625,117.87999725341797,13517,0.0,0.0
2023-12-13 10:30:00-05:00,118.0,118.23999786376953,117.7249984741211,118.0999984741211,12979,0.0,0.0
2023-12-13 11:30:00-05:00,118.18000030517578,118.54000091552734,118.01000213623047,118.0999984741211,21720,0.0,0.0
2023-12-13 12:30:00-05:00,118.12000274658203,118.37999725341797,118.04000091552734,118.18000030517578,35848,0.0,0.0
2023-12-13 13:30:00-05:00,118.19000244140625,118.83999633789062,117.94999694824219,118.625,24581,0.0,0.0
2023-12-13 14:30:00-05:00,118.69999694824219,119.69000244140625,118.69999694824219,119.45999908447266,45061,0.0,0.0
2023-12-13 15:30:00-05:00,119.45999908447266,119.75,119.32099914550781,119.5999984741211,73416,0.0,0.0
2023-12-14 09:30:00-05:00,120.56999969482422,121.72000122070312,120.3499984741211,121.58499908447266,132591,0.0,0.0
2023-12-14 10:30:00-05:00,121.63999938964844,121.86000061035156,121.19999694824219,121.54000091552734,54913,0.0,0.0
2023-12-14 11:30:00-05:00,121.5999984741211,121.73500061035156,120.91999816894531,121.18000030517578,48359,0.0,0.0
2023-12-14 12:30:00-05:00,120.94000244140625,121.62999725341797,120.54000091552734,121.55000305175781,55422,0.0,0.0
2023-12-14 13:30:00-05:00,121.54000091552734,121.84500122070312,121.19000244140625,121.58499908447266,37050,0.0,0.0
2023-12-14 14:30:00-05:00,121.66999816894531,122.44999694824219,121.62000274658203,122.06999969482422,106006,0.0,0.0
2023-12-14 15:30:00-05:00,122.04000091552734,122.05999755859375,121.79000091552734,121.8499984741211,110908,0.0,0.0
2023-12-15 09:30:00-05:00,120.58999633789062,121.61000061035156,119.66000366210938,120.9000015258789,97501,0.0,0.0
2023-12-15 10:30:00-05:00,120.83999633789062,120.83999633789062,120.16999816894531,120.2699966430664,36051,0.0,0.0
2023-12-15 11:30:00-05:00,120.36000061035156,120.37000274658203,119.87000274658203,120.13999938964844,26775,0.0,0.0
2023-12-15 12:30:00-05:00,120.17500305175781,120.2300033569336,119.27999877929688,119.27999877929688,24210,0.0,0.0
2023-12-15 13:30:00-05:00,119.20999908447266,119.21499633789062,118.29000091552734,118.61000061035156,38637,0.0,0.0
2023-12-15 14:30:00-05:00,118.52999877929688,118.56999969482422,118.05000305175781,118.51000213623047,39358,0.0,0.0
2023-12-15 15:30:00-05:00,118.55000305175781,119.05000305175781,118.30500030517578,118.97000122070312,113214,0.0,0.0
2023-12-18 09:30:00-05:00,119.5,119.64990234375,118.56999969482422,119.44000244140625,27868,0.0,0.0
2023-12-18 10:30:00-05:00,119.4000015258789,119.5,118.785400390625,119.5,16575,0.0,0.0
2023-12-18 11:30:00-05:00,119.43000030517578,119.91000366210938,119.2300033569336,119.80999755859375,18215,0.0,0.0
2023-12-18 12:30:00-05:00,119.80999755859375,119.9000015258789,119.19000244140625,119.4000015258789,17539,0.0,0.0
2023-12-18 13:30:00-05:00,119.4000015258789,119.68000030517578,119.27999877929688,119.66999816894531,18551,0.0,0.0
2023-12-18 14:30:00-05:00,119.55999755859375,120.0,119.47000122070312,120.0,21354,0.0,0.0
2023-12-18 15:30:00-05:00,119.99500274658203,120.37000274658203,119.99250030517578,120.06999969482422,97722,0.0,0.0
2023-12-19 09:30:00-05:00,120.5999984741211,121.01000213623047,120.3949966430664,120.4800033569336,26273,0.0,0.0
2023-12-19 10:30:00-05:00,120.56999969482422,121.20500183105469,120.56999969482422,120.68000030517578,27084,0.0,0.0
2023-12-19 11:30:00-05:00,120.54000091552734,120.7300033569336,120.37999725341797,120.41000366210938,8145,0.0,0.0
2023-12-19 12:30:00-05:00,120.30500030517578,121.06999969482422,120.30500030517578,120.87000274658203,36090,0.0,0.0
2023-12-19 13:30:00-05:00,120.8949966430664,121.0999984741211,120.80000305175781,120.875,9656,0.0,0.0
2023-12-19 14:30:00-05:00,120.83999633789062,120.8499984741211,120.47000122070312,120.69499969482422,22824,0.0,0.0
2023-12-19 15:30:00-05:00,120.76000213623047,120.95999908447266,120.58000183105469,120.66999816894531,72224,0.0,0.0
2023-12-20 09:30:00-05:00,120.30000305175781,120.51000213623047,119.33999633789062,120.08499908447266,16187,0.0,0.0
2023-12-20 10:30:00-05:00,120.07499694824219,120.44000244140625,119.75140380859375,120.05000305175781,18774,0.0,0.0
2023-12-20 11:30:00-05:00,120.16000366210938,120.5999984741211,120.16000366210938,120.53500366210938,12229,0.0,0.0
2023-12-20 12:30:00-05:00,120.53500366210938,120.87000274658203,120.33999633789062,120.43499755859375,12704,0.0,0.0
2023-12-20 13:30:00-05:00,120.53720092773438,120.5999984741211,120.22000122070312,120.52999877929688,17725,0.0,0.0
2023-12-20 14:30:00-05:00,120.58000183105469,120.69989776611328,119.45999908447266,119.91000366210938,24850,0.0,0.0
2023-12-20 15:30:00-05:00,119.94000244140625,119.94000244140625,118.56999969482422,118.58000183105469,86038,0.0,0.0
2023-12-21 09:30:00-05:00,118.69999694824219,118.9800033569336,118.0,118.2699966430664,14017,0.0,0.0
2023-12-21 10:30:00-05:00,118.16999816894531,118.41000366210938,117.875,118.21499633789062,16742,0.0,0.0
2023-12-21 11:30:00-05:00,118.05000305175781,118.15989685058594,117.2300033569336,117.56999969482422,15838,0.0,0.0
2023-12-21 12:30:00-05:00,117.75499725341797,117.86000061035156,117.5,117.7300033569336,10928,0.0,0.0
2023-12-21 13:30:00-05:00,117.83000183105469,117.9000015258789,117.5999984741211,117.82499694824219,11627,0.0,0.0
2023-12-21 14:30:00-05:00,118.05999755859375,118.0999984741211,117.62000274658203,118.0999984741211,24387,0.0,0.0
2023-12-21 15:30:00-05:00,118.2300033569336,118.80000305175781,118.1500015258789,118.5999984741211,69480,0.0,0.0
2023-12-22 09:30:00-05:00,119.0199966430664,119.66999816894531,118.33000183105469,118.9800033569336,21051,0.0,0.0
2023-12-22 10:30:00-05:00,119.01000213623047,119.12999725341797,118.43000030517578,118.76000213623047,21444,0.0,0.0
2023-12-22 11:30:00-05:00,118.7699966430664,118.7699966430664,118.44000244140625,118.44000244140625,18501,0.0,0.0
2023-12-22 12:30:00-05:00,118.43000030517578,118.97000122070312,118.43000030517578,118.76000213623047,16987,0.0,0.0
2023-12-22 13:30:00-05:00,118.69499969482422,118.99729919433594,118.44999694824219,118.44999694824219,23332,0.0,0.0
2023-12-22 14:30:00-05:00,118.41000366210938,118.90499877929688,118.3499984741211,118.77999877929688,16271,0.0,0.0
2023-12-22 15:30:00-05:00,118.80000305175781,118.81999969482422,118.51000213623047,118.65499877929688,42522,0.0,0.0
2023-12-26 09:30:00-05:00,118.23999786376953,118.69999694824219,117.97000122070312,118.55500030517578,12745,0.0,0.0
2023-12-26 10:30:00-05:00,118.7300033569336,118.94999694824219,118.7300033569336,118.73999786376953,10678,0.0,0.0
2023-12-26 11:30:00-05:00,118.78479766845703,119.13999938964844,118.76000213623047,119.13999938964844,10647,0.0,0.0
2023-12-26 12:30:00-05:00,119.05999755859375,119.36000061035156,119.05000305175781,119.19000244140625,11463,0.0,0.0
2023-12-26 13:30:00-05:00,119.23500061035156,119.34500122070312,119.1500015258789,119.2300033569336,6974,0.0,0.0
2023-12-26 14:30:00-05:00,119.22000122070312,119.38999938964844,119.18499755859375,119.29000091552734,12570,0.0,0.0
2023-12-26 15:30:00-05:00,119.20999908447266,119.30500030517578,118.7699966430664,118.81999969482422,46976,0.0,0.0
2023-12-27 09:30:00-05:00,117.8499984741211,118.41999816894531,117.63999938964844,118.15499877929688,35405,0.0,0.0
2023-12-27 10:30:00-05:00,118.12999725341797,118.18000030517578,117.9000015258789,118.05999755859375,16744,0.0,0.0
2023-12-27 11:30:00-05:00,118.06999969482422,118.45960235595703,117.9000015258789,118.19999694824219,13388,0.0,0.0
2023-12-27 12:30:00-05:00,118.19000244140625,118.66000366210938,118.0,118.66000366210938,13608,0.0,0.0
2023-12-27 13:30:00-05:00,118.6050033569336,118.77999877929688,118.42500305175781,118.6449966430664,17349,0.0,0.0
2023-12-27 14:30:00-05:00,118.67500305175781,118.88999938964844,118.52999877929688,118.7249984741211,17122,0.0,0.0
2023-12-27 15:30:00-05:00,118.73999786376953,119.0999984741211,118.66000366210938,119.05000305175781,46258,0.0,0.0
2023-12-28 09:30:00-05:00,119.08000183105469,119.86689758300781,119.08000183105469,119.31999969482422,14876,0.0,0.0
2023-12-28 10:30:00-05:00,119.41000366210938,119.46990203857422,119.04499816894531,119.37999725341797,11970,0.0,0.0
2023-12-28 11:30:00-05:00,119.3499984741211,119.3499984741211,119.11000061035156,119.13999938964844,10019,0.0,0.0
2023-12-28 12:30:00-05:00,119.12999725341797,119.30999755859375,118.95010375976562,119.30000305175781,13793,0.0,0.0
2023-12-28 13:30:00-05:00,119.30000305175781,119.4124984741211,119.11000061035156,119.38500213623047,16711,0.0,0.0
2023-12-28 14:30:00-05:00,119.44000244140625,119.4749984741211,119.18499755859375,119.18499755859375,14503,0.0,0.0
2023-12-28 15:30:00-05:00,119.16999816894531,119.4800033569336,119.16000366210938,119.4000015258789,43156,0.0,0.0
2023-12-29 09:30:00-05:00,118.87999725341797,119.29759979248047,118.37999725341797,119.01000213623047,12286,0.0,0.0
2023-12-29 10:30:00-05:00,118.93499755859375,119.24199676513672,118.77999877929688,118.87999725341797,12903,0.0,0.0
2023-12-29 11:30:00-05:00,118.875,118.97000122070312,118.56999969482422,118.62999725341797,8013,0.0,0.0
2023-12-29 12:30:00-05:00,118.625,118.94000244140625,118.625,118.88500213623047,10672,0.0,0.0
2023-12-29 13:30:00-05:00,118.93000030517578,118.94000244140625,118.79499816894531,118.9000015258789,9787,0.0,0.0
2023-12-29 14:30:00-05:00,118.82140350341797,119.13999938964844,118.82140350341797,119.11000061035156,18300,0.0,0.0
2023-12-29 15:30:00-05:00,119.08000183105469,119.27999877929688,118.88999938964844,118.98999786376953,46669,0.0,0.0
2024-01-02 09:30:00-05:00,119.0,119.77999877929688,118.43000030517578,119.68000030517578,13018,0.0,0.0
2024-01-02 10:30:00-05:00,119.68499755859375,119.99500274658203,119.52999877929688,119.625,13670,0.0,0.0
2024-01-02 11:30:00-05:00,119.70999908447266,119.91000366210938,119.59500122070312,119.71499633789062,18009,0.0,0.0
2024-01-02 12:30:00-05:00,119.8499984741211,120.1500015258789,119.69000244140625,119.69000244140625,24082,0.0,0.0
2024-01-02 13:30:00-05:00,119.66999816894531,119.8499984741211,119.30000305175781,119.44000244140625,14535,0.0,0.0
2024-01-02 14:30:00-05:00,119.38999938964844,119.38999938964844,118.88999938964844,119.19000244140625,32548,0.0,0.0
2024-01-02 15:30:00-05:00,119.12000274658203,119.48999786376953,119.12000274658203,119.30999755859375,57404,0.0,0.0
2024-01-03 09:30:00-05:00,119.18000030517578,119.37999725341797,118.16999816894531,118.93000030517578,28149,0.0,0.0
2024-01-03 10:30:00-05:00,118.83000183105469,119.0,118.62000274658203,118.86000061035156,23425,0.0,0.0
2024-01-03 11:30:00-05:00,118.87000274658203,119.0999984741211,118.77999877929688,118.97000122070312,29336,0.0,0.0
2024-01-03 12:30:00-05:00,119.0,119.08499908447266,118.88999938964844,118.99500274658203,41758,0.0,0.0
2024-01-03 13:30:00-05:00,118.97000122070312,119.05000305175781,118.41500091552734,118.67500305175781,40499,0.0,0.0
2024-01-03 14:30:00-05:00,118.68000030517578,118.7249984741211,117.88999938964844,117.98999786376953,52635,0.0,0.0
2024-01-03 15:30:00-05:00,118.0199966430664,118.16000366210938,117.73999786376953,117.75,114049,0.0,0.0
2024-01-04 09:30:00-05:00,118.33999633789062,120.22000122070312,118.33999633789062,120.1500015258789,37520,0.0,0.0
2024-01-04 10:30:00-05:00,120.00499725341797,120.54499816894531,119.93000030517578,120.5,24836,0.0,0.0
2024-01-04 11:30:00-05:00,120.4749984741211,120.62999725341797,120.1500015258789,120.5999984741211,19637,0.0,0.0
2024-01-04 12:30:00-05:00,120.41999816894531,120.69000244140625,120.30500030517578,120.68000030517578,21834,0.0,0.0
2024-01-04 13:30:00-05:00,120.61499786376953,121.01000213623047,120.5250015258789,120.72000122070312,21229,0.0,0.0
2024-01-04 14:30:00-05:00,120.73999786376953,120.87000274658203,120.26499938964844,120.41999816894531,32637,0.0,0.0
2024-01-04 15:30:00-05:00,120.41000366210938,120.6500015258789,120.27999877929688,120.58000183105469,68765,0.0,0.0
2024-01-05 09:30:00-05:00,120.66999816894531,121.9000015258789,120.55500030517578,121.4000015258789,25563,0.0,0.0
2024-01-05 10:30:00-05:00,121.31999969482422,121.44000244140625,121.04000091552734,121.05999755859375,12437,0.0,0.0
2024-01-05 11:30:00-05:00,121.0199966430664,121.13999938964844,120.69999694824219,120.80999755859375,11904,0.0,0.0
2024-01-05 12:30:00-05:00,120.8499984741211,121.04000091552734,120.62000274658203,120.97000122070312,15558,0.0,0.0
2024-01-05 13:30:00-05:00,121.09500122070312,121.33000183105469,121.02999877929688,121.16999816894531,10461,0.0,0.0
2024-01-05 14:30:00-05:00,121.18000030517578,121.2699966430664,120.875,121.19999694824219,26408,0.0,0.0
2024-01-05 15:30:00-05:00,121.13999938964844,121.20999908447266,120.80000305175781,121.18000030517578,90250,0.0,0.0
2024-01-08 09:30:00-05:00,121.0,121.83999633789062,120.47000122070312,120.6050033569336,21306,0.0,0.0
2024-01-08 10:30:00-05:00,120.66500091552734,120.79000091552734,120.1500015258789,120.33999633789062,14966,0.0,0.0
2024-01-08 11:30:00-05:00,120.30000305175781,120.34220123291016,119.87000274658203,119.87000274658203,17020,0.0,0.0
2024-01-08 12:30:00-05:00,119.9000015258789,119.9000015258789,119.4000015258789,119.44999694824219,15356,0.0,0.0
2024-01-08 13:30:00-05:00,119.4000015258789,119.55989837646484,119.1500015258789,119.5199966430664,16196,0.0,0.0
2024-01-08 14:30:00-05:00,119.61000061035156,120.02999877929688,119.48999786376953,119.90499877929688,26050,0.0,0.0
2024-01-08 15:30:00-05:00,119.88999938964844,120.44000244140625,119.70500183105469,120.31999969482422,67198,0.0,0.0
2024-01-09 09:30:00-05:00,119.75,119.80999755859375,118.0,118.4000015258789,17532,0.0,0.0
2024-01-09 10:30:00-05:00,118.2699966430664,118.8499984741211,118.09500122070312,118.8499984741211,13857,0.0,0.0
2024-01-09 11:30:00-05:00,118.9000015258789,118.95999908447266,118.625,118.87000274658203,10713,0.0,0.0
2024-01-09 12:30:00-05:00,118.86000061035156,118.95999908447266,118.46009826660156,118.46009826660156,9965,0.0,0.0
2024-01-09 13:30:00-05:00,118.44999694824219,118.77999877929688,118.31500244140625,118.33000183105469,13655,0.0,0.0
2024-01-09 14:30:00-05:00,118.44999694824219,119.06999969482422,118.37999725341797,118.91999816894531,16152,0.0,0.0
2024-01-09 15:30:00-05:00,118.95999908447266,119.2699966430664,118.94000244140625,119.12000274658203,35406,0.0,0.0
2024-01-10 09:30:00-05:00,118.94000244140625,119.13059997558594,118.44000244140625,118.51499938964844,14459,0.0,0.0
2024-01-10 10:30:00-05:00,118.66000366210938,118.72000122070312,118.2699966430664,118.27999877929688,23721,0.0,0.0
2024-01-10 11:30:00-05:00,118.29000091552734,118.43000030517578,118.06999969482422,118.12000274658203,23095,0.0,0.0
2024-01-10 12:30:00-05:00,118.08000183105469,118.51000213623047,118.01000213623047,118.41999816894531,20287,0.0,0.0
2024-01-10 13:30:00-05:00,118.42500305175781,118.66000366210938,118.2300033569336,118.62000274658203,22053,0.0,0.0
2024-01-10 14:30:00-05:00,118.68000030517578,118.9800033569336,118.61499786376953,118.6500015258789,25489,0.0,0.0
2024-01-10 15:30:00-05:00,118.62000274658203,118.83000183105469,118.58000183105469,118.58000183105469,41102,0.0,0.0
2024-01-11 09:30:00-05:00,118.25,118.46499633789062,117.9000015258789,118.2699966430664,27933,0.0,0.0
2024-01-11 10:30:00-05:00,118.32499694824219,118.72000122070312,118.03900146484375,118.0999984741211,31520,0.0,0.0
2024-01-11 11:30:00-05:00,118.24500274658203,118.24500274658203,117.74500274658203,117.91999816894531,34658,0.0,0.0
2024-01-11 12:30:00-05:00,117.87999725341797,118.54000091552734,117.87999725341797,118.54000091552734,20119,0.0,0.0
2024-01-11 13:30:00-05:00,118.48500061035156,118.87999725341797,118.4800033569336,118.87999725341797,18959,0.0,0.0
2024-01-11 14:30:00-05:00,118.97000122070312,119.43000030517578,118.87000274658203,119.427001953125,25803,0.0,0.0
2024-01-11 15:30:00-05:00,119.43000030517578,119.9365005493164,119.43000030517578,119.5199966430664,89544,0.0,0.0
2024-01-12 09:30:00-05:00,120.55999755859375,120.94999694824219,118.70999908447266,119.13999938964844,18862,0.0,0.0
2024-01-12 10:30:00-05:00,119.06300354003906,119.06300354003906,118.58999633789062,118.7249984741211,15397,0.0,0.0
2024-01-12 11:30:00-05:00,118.8499984741211,118.98999786376953,118.51000213623047,118.70500183105469,14011,0.0,0.0
2024-01-12 12:30:00-05:00,118.70500183105469,118.8550033569336,118.59500122070312,118.80000305175781,12515,0.0,0.0
2024-01-12 13:30:00-05:00,118.77999877929688,119.08000183105469,118.77999877929688,119.05000305175781,15542,0.0,0.0
2024-01-12 14:30:00-05:00,118.98999786376953,118.98999786376953,118.5,118.62999725341797,23316,0.0,0.0
2024-01-12 15:30:00-05:00,118.5999984741211,118.83999633789062,118.55999755859375,118.83999633789062,47630,0.0,0.0
2024-01-16 09:30:00-05:00,118.58000183105469,118.5999984741211,117.94999694824219,117.96499633789062,17877,0.0,0.0
2024-01-16 10:30:00-05:00,118.02999877929688,118.19000244140625,117.37000274658203,117.37000274658203,45351,0.0,0.0
2024-01-16 11:30:00-05:00,117.4000015258789,117.48999786376953,116.98999786376953,117.13999938964844,23534,0.0,0.0
2024-01-16 12:30:00-05:00,117.0999984741211,117.2300033569336,116.89779663085938,117.22000122070312,24305,0.0,0.0
2024-01-16 13:30:00-05:00,117.33000183105469,117.33000183105469,116.81999969482422,116.9800033569336,23469,0.0,0.0
2024-01-16 14:30:00-05:00,117.0,117.01000213623047,116.83499908447266,116.91500091552734,26751,0.0,0.0
2024-01-16 15:30:00-05:00,116.94000244140625,117.40499877929688,116.9000015258789,117.25,55585,0.0,0.0
2024-01-17 09:30:00-05:00,116.63999938964844,118.44999694824219,116.63999938964844,117.72000122070312,10371,0.0,0.0
2024-01-17 10:30:00-05:00,117.62000274658203,117.67500305175781,117.2300033569336,117.26000213623047,20412,0.0,0.0
2024-01-17 11:30:00-05:00,117.24500274658203,117.25,116.9800033569336,117.01000213623047,16090,0.0,0.0
2024-01-17 12:30:00-05:00,117.0999984741211,117.26499938964844,117.0199966430664,117.05999755859375,14695,0.0,0.0
2024-01-17 13:30:00-05:00,117.0199966430664,117.12000274658203,116.7699966430664,117.01000213623047,16051,0.0,0.0
2024-01-17 14:30:00-05:00,116.95999908447266,117.01000213623047,116.62999725341797,116.69999694824219,18893,0.0,0.0
2024-01-17 15:30:00-05:00,116.69000244140625,117.01000213623047,116.61000061035156,116.72000122070312,53403,0.0,0.0
2024-01-18 09:30:00-05:00,116.44000244140625,116.98999786376953,115.93000030517578,116.38999938964844,23847,0.0,0.0
2024-01-18 10:30:00-05:00,116.54000091552734,116.91000366210938,116.41999816894531,116.83000183105469,20374,0.0,0.0
2024-01-18 11:30:00-05:00,116.7699966430664,116.95249938964844,116.56999969482422,116.62999725341797,16466,0.0,0.0
2024-01-18 12:30:00-05:00,116.58000183105469,117.01000213623047,116.52999877929688,116.91999816894531,16415,0.0,0.0
2024-01-18 13:30:00-05:00,116.8949966430664,117.44999694824219,116.87999725341797,117.44999694824219,19972,0.0,0.0
2024-01-18 14:30:00-05:00,117.44999694824219,117.91000366210938,117.19000244140625,117.91000366210938,25078,0.0,0.0
2024-01-18 15:30:00-05:00,117.93000030517578,118.05999755859375,117.68000030517578,117.8499984741211,87294,0.0,0.0
2024-01-19 09:30:00-05:00,119.0,119.5999984741211,118.68499755859375,119.0,23184,0.0,0.0
2024-01-19 10:30:00-05:00,118.9800033569336,119.05000305175781,118.44499969482422,118.99500274658203,17491,0.0,0.0
2024-01-19 11:30:00-05:00,118.9000015258789,119.2300033569336,118.80500030517578,119.2249984741211,17622,0.0,0.0
2024-01-19 12:30:00-05:00,119.25,119.6449966430664,119.18000030517578,119.55290222167969,29488,0.0,0.0
2024-01-19 13:30:00-05:00,119.61499786376953,119.74500274658203,119.44000244140625,119.72000122070312,13426,0.0,0.0
2024-01-19 14:30:00-05:00,119.66000366210938,119.66000366210938,119.02999877929688,119.08000183105469,23346,0.0,0.0
2024-01-19 15:30:00-05:00,119.02999877929688,119.44000244140625,119.01000213623047,119.43000030517578,42525,0.0,0.0
2024-01-22 09:30:00-05:00,119.55999755859375,120.7699966430664,119.52999877929688,120.7300033569336,20106,0.0,0.0
2024-01-22 10:30:00-05:00,120.8499984741211,120.8499984741211,120.29000091552734,120.5199966430664,16959,0.0,0.0
2024-01-22 11:30:00-05:00,120.54000091552734,120.62000274658203,120.37999725341797,120.45999908447266,9841,0.0,0.0
2024-01-22 12:30:00-05:00,120.44999694824219,120.83999633789062,120.30000305175781,120.68000030517578,13759,0.0,0.0
2024-01-22 13:30:00-05:00,120.63800048828125,120.63999938964844,120.41000366210938,120.51000213623047,14485,0.0,0.0
2024-01-22 14:30:00-05:00,120.51000213623047,120.63999938964844,120.3499984741211,120.37999725341797,20087,0.0,0.0
2024-01-22 15:30:00-05:00,120.45500183105469,120.91999816894531,120.43000030517578,120.87999725341797,42683,0.0,0.0
2024-01-23 09:30:00-05:00,120.88999938964844,121.31999969482422,120.43000030517578,120.62999725341797,31279,0.0,0.0
2024-01-23 10:30:00-05:00,120.37000274658203,120.37999725341797,119.91000366210938,119.91000366210938,16812,0.0,0.0
2024-01-23 11:30:00-05:00,119.88999938964844,119.94000244140625,119.5250015258789,119.52999877929688,26225,0.0,0.0
2024-01-23 12:30:00-05:00,119.51000213623047,119.58000183105469,119.34500122070312,119.34500122070312,16930,0.0,0.0
2024-01-23 13:30:00-05:00,119.4000015258789,119.55999755859375,119.29000091552734,119.3499984741211,16872,0.0,0.0
2024-01-23 14:30:00-05:00,119.43499755859375,119.66999816894531,119.2300033569336,119.26000213623047,24655,0.0,0.0
2024-01-23 15:30:00-05:00,119.24500274658203,119.25,118.78500366210938,118.9000015258789,54548,0.0,0.0
2024-01-24 09:30:00-05:00,119.81999969482422,120.55999755859375,119.81999969482422,120.50499725341797,20084,0.0,0.0
2024-01-24 10:30:00-05:00,120.58000183105469,120.81999969482422,120.47000122070312,120.81999969482422,15882,0.0,0.0
2024-01-24 11:30:00-05:00,120.86000061035156,120.86000061035156,120.41000366210938,120.41000366210938,16140,0.0,0.0
2024-01-24 12:30:00-05:00,120.42500305175781,120.69999694824219,120.37000274658203,120.48999786376953,22294,0.0,0.0
2024-01-24 13:30:00-05:00,120.44000244140625,120.54000091552734,120.35250091552734,120.38999938964844,18010,0.0,0.0
2024-01-24 14:30:00-05:00,120.37999725341797,120.51000213623047,120.19999694824219,120.33000183105469,23702,0.0,0.0
2024-01-24 15:30:00-05:00,120.31999969482422,120.43000030517578,120.2300033569336,120.31999969482422,63895,0.0,0.0
2024-01-25 09:30:00-05:00,121.0,121.44000244140625,120.16609954833984,120.5,25276,0.0,0.0
2024-01-25 10:30:00-05:00,120.38999938964844,120.44499969482422,119.72000122070312,119.87000274658203,16758,0.0,0.0
2024-01-25 11:30:00-05:00,119.86000061035156,119.91999816894531,119.30999755859375,119.44999694824219,20127,0.0,0.0
2024-01-25 12:30:00-05:00,119.51000213623047,119.7699966430664,119.38500213623047,119.62000274658203,17928,0.0,0.0
2024-01-25 13:30:00-05:00,119.66999816894531,120.12000274658203,119.66999816894531,120.12000274658203,29904,0.0,0.0
2024-01-25 14:30:00-05:00,120.16000366210938,120.31819915771484,119.95999908447266,120.26000213623047,21825,0.0,0.0
2024-01-25 15:30:00-05:00,120.25,120.37000274658203,120.12000274658203,120.2699966430664,45726,0.0,0.0
2024-01-26 09:30:00-05:00,120.83999633789062,120.83999633789062,119.69010162353516,120.55999755859375,26336,0.0,0.0
2024-01-26 10:30:00-05:00,120.44000244140625,120.9800033569336,120.37000274658203,120.94000244140625,18469,0.0,0.0
2024-01-26 11:30:00-05:00,120.92500305175781,121.08999633789062,120.61000061035156,120.78600311279297,18413,0.0,0.0
2024-01-26 12:30:00-05:00,120.75,120.75,120.3499984741211,120.4800033569336,14061,0.0,0.0
2024-01-26 13:30:00-05:00,120.45500183105469,120.77999877929688,120.33000183105469,120.7249984741211,13335,0.0,0.0
2024-01-26 14:30:00-05:00,120.73999786376953,120.8499984741211,120.36000061035156,120.4000015258789,28258,0.0,0.0
2024-01-26 15:30:00-05:00,120.44999694824219,120.58499908447266,120.23999786376953,120.2699966430664,48868,0.0,0.0
2024-01-29 09:30:00-05:00,119.88999938964844,120.58000183105469,119.88999938964844,120.55000305175781,11456,0.0,0.0
2024-01-29 10:30:00-05:00,120.54989624023438,120.63999938964844,120.16000366210938,120.26000213623047,20109,0.0,0.0
2024-01-29 11:30:00-05:00,120.30999755859375,120.45999908447266,120.12999725341797,120.26000213623047,21792,0.0,0.0
2024-01-29 12:30:00-05:00,120.2300033569336,120.68000030517578,120.2300033569336,120.58999633789062,31135,0.0,0.0
2024-01-29 13:30:00-05:00,120.5824966430664,120.6050033569336,120.37999725341797,120.55999755859375,14783,0.0,0.0
2024-01-29 14:30:00-05:00,120.55000305175781,121.06999969482422,120.53500366210938,120.87999725341797,24634,0.0,0.0
2024-01-29 15:30:00-05:00,121.00499725341797,121.20500183105469,120.93000030517578,121.12000274658203,39546,0.0,0.0
2024-01-30 09:30:00-05:00,121.2300033569336,121.4000015258789,120.52999877929688,120.52999877929688,10877,0.0,0.0
2024-01-30 10:30:00-05:00,120.52999877929688,121.7699966430664,120.52999877929688,121.70999908447266,19936,0.0,0.0
2024-01-30 11:30:00-05:00,121.77999877929688,122.38999938964844,121.77999877929688,122.2300033569336,22598,0.0,0.0
2024-01-30 12:30:00-05:00,122.23999786376953,122.30000305175781,122.06099700927734,122.09500122070312,18486,0.0,0.0
2024-01-30 13:30:00-05:00,122.12999725341797,122.2699966430664,122.0,122.05000305175781,20576,0.0,0.0
2024-01-30 14:30:00-05:00,122.05999755859375,122.1082992553711,121.7509994506836,121.94999694824219,24412,0.0,0.0
2024-01-30 15:30:00-05:00,121.9800033569336,122.11499786376953,121.83000183105469,121.83999633789062,54800,0.0,0.0
2024-01-31 09:30:00-05:00,122.13999938964844,122.62999725341797,121.87000274658203,122.61000061035156,18313,0.0,0.0
2024-01-31 10:30:00-05:00,122.58499908447266,122.6500015258789,121.9000015258789,122.16000366210938,28359,0.0,0.0
2024-01-31 11:30:00-05:00,122.12999725341797,122.12999725341797,121.61100006103516,122.08999633789062,23278,0.0,0.0
2024-01-31 12:30:00-05:00,122.08499908447266,122.0999984741211,121.43000030517578,121.58000183105469,22442,0.0,0.0
2024-01-31 13:30:00-05:00,121.51000213623047,121.80000305175781,121.04499816894531,121.53500366210938,33432,0.0,0.0
2024-01-31 14:30:00-05:00,121.5250015258789,121.93779754638672,120.51000213623047,120.93000030517578,31885,0.0,0.0
2024-01-31 15:30:00-05:00,120.88999938964844,120.88999938964844,120.37999725341797,120.4000015258789,79860,0.0,0.0
2024-02-01 09:30:00-05:00,119.76000213623047,120.5988998413086,117.61499786376953,117.76000213623047,66661,0.0,0.0
2024-02-01 10:30:00-05:00,117.80999755859375,118.02999877929688,116.29499816894531,117.05999755859375,79316,0.0,0.0
2024-02-01 11:30:00-05:00,117.05999755859375,117.32769775390625,116.56999969482422,117.16500091552734,50513,0.0,0.0
2024-02-01 12:30:00-05:00,117.2300033569336,117.68000030517578,117.11000061035156,117.25499725341797,104202,0.0,0.0
2024-02-01 13:30:00-05:00,117.25499725341797,117.33999633789062,116.73999786376953,117.01000213623047,61141,0.0,0.0
2024-02-01 14:30:00-05:00,116.98999786376953,117.68000030517578,116.75,117.53500366210938,90989,0.0,0.0
2024-02-01 15:30:00-05:00,117.48999786376953,117.66999816894531,117.16999816894531,117.4800033569336,85306,0.0,0.0
2024-02-02 09:30:00-05:00,118.19000244140625,118.79000091552734,118.0,118.62000274658203,40167,0.0,0.0
2024-02-02 10:30:00-05:00,118.6500015258789,119.30999755859375,118.4800033569336,119.30000305175781,42884,0.0,0.0
2024-02-02 11:30:00-05:00,119.37000274658203,119.5199966430664,118.66000366210938,118.87000274658203,35916,0.0,0.0
2024-02-02 12:30:00-05:00,118.94499969482422,119.12999725341797,118.18499755859375,118.37000274658203,33362,0.0,0.0
2024-02-02 13:30:00-05:00,118.37000274658203,118.69999694824219,118.37000274658203,118.58999633789062,36205,0.0,0.0
2024-02-02 14:30:00-05:00,118.58999633789062,118.7699966430664,118.45500183105469,118.7699966430664,54549,0.0,0.0
2024-02-02 15:30:00-05:00,118.83000183105469,118.83000183105469,118.20500183105469,118.41000366210938,88662,0.0,0.0
2024-02-05 09:30:00-05:00,117.81999969482422,117.81999969482422,117.2699966430664,117.62000274658203,17245,0.0,0.0
2024-02-05 10:30:00-05:00,117.77999877929688,118.7300033569336,117.7699966430664,118.7300033569336,29639,0.0,0.0
2024-02-05 11:30:00-05:00,118.75,118.87999725341797,118.18499755859375,118.2750015258789,32425,0.0,0.0
2024-02-05 12:30:00-05:00,118.30000305175781,118.48999786376953,118.01000213623047,118.01499938964844,20906,0.0,0.0
2024-02-05 13:30:00-05:00,117.9000015258789,118.56999969482422,117.83000183105469,118.51000213623047,18296,0.0,0.0
2024-02-05 14:30:00-05:00,118.51010131835938,118.87999725341797,118.51010131835938,118.8499984741211,29206,0.0,0.0
2024-02-05 15:30:00-05:00,118.91000366210938,119.10199737548828,118.45999908447266,118.62000274658203,62363,0.0,0.0
2024-02-06 09:30:00-05:00,118.37000274658203,119.81500244140625,117.44999694824219,119.71499633789062,48900,0.0,0.0
2024-02-06 10:30:00-05:00,119.74500274658203,120.01000213623047,119.71800231933594,119.9000015258789,41106,0.0,0.0
2024-02-06 11:30:00-05:00,119.8949966430664,120.30999755859375,119.875,120.20999908447266,42863,0.0,0.0
2024-02-06 12:30:00-05:00,120.22000122070312,120.28500366210938,119.79000091552734,119.98999786376953,41420,0.0,0.0
2024-02-06 13:30:00-05:00,119.98999786376953,120.03500366210938,119.3550033569336,119.4749984741211,60784,0.0,0.0
2024-02-06 14:30:00-05:00,119.43499755859375,119.58999633789062,119.19999694824219,119.19999694824219,60433,0.0,0.0
2024-02-06 15:30:00-05:00,119.23500061035156,119.75,119.2300033569336,119.71499633789062,132456,0.0,0.0
2024-02-07 09:30:00-05:00,120.43000030517578,120.8550033569336,115.63999938964844,116.27539825439453,136919,0.0,0.0
2024-02-07 10:30:00-05:00,116.37999725341797,117.61599731445312,116.0,117.01000213623047,94280,0.0,0.0
2024-02-07 11:30:00-05:00,117.09750366210938,119.56999969482422,117.05999755859375,119.55999755859375,64518,0.0,0.0
2024-02-07 12:30:00-05:00,119.57499694824219,121.2300033569336,119.2699966430664,120.88500213623047,67541,0.0,0.0
2024-02-07 13:30:00-05:00,120.94000244140625,122.98999786376953,120.94000244140625,121.73999786376953,120312,0.0,0.0
2024-02-07 14:30:00-05:00,121.80000305175781,122.16999816894531,121.55999755859375,122.12999725341797,107737,0.0,0.0
2024-02-07 15:30:00-05:00,122.12999725341797,122.5199966430664,121.76000213623047,122.23999786376953,152478,0.0,0.0
2024-02-08 09:30:00-05:00,119.68000030517578,121.33000183105469,117.55999755859375,120.31999969482422,79361,0.0,0.0
2024-02-08 10:30:00-05:00,120.37000274658203,120.44999694824219,119.08999633789062,119.91000366210938,55071,0.0,0.0
2024-02-08 11:30:00-05:00,119.75499725341797,120.1500015258789,119.55000305175781,119.61499786376953,37827,0.0,0.0
2024-02-08 12:30:00-05:00,119.55000305175781,119.8019027709961,119.0199966430664,119.12000274658203,33146,0.0,0.0
2024-02-08 13:30:00-05:00,119.16000366210938,119.87999725341797,119.06999969482422,119.83000183105469,32983,0.0,0.0
2024-02-08 14:30:00-05:00,119.76000213623047,120.41999816894531,119.68499755859375,120.30999755859375,43199,0.0,0.0
2024-02-08 15:30:00-05:00,120.33999633789062,121.0,120.25,120.68000030517578,152748,0.0,0.0
2024-02-09 09:30:00-05:00,120.44999694824219,121.2300033569336,120.2300033569336,121.0250015258789,34821,0.0,0.0
2024-02-09 10:30:00-05:00,121.13999938964844,121.30999755859375,121.02999877929688,121.25489807128906,19358,0.0,0.0
2024-02-09 11:30:00-05:00,121.21499633789062,121.30000305175781,120.96499633789062,121.19000244140625,21369,0.0,0.0
2024-02-09 12:30:00-05:00,121.18000030517578,121.37000274658203,120.96499633789062,121.37000274658203,25581,0.0,0.0
2024-02-09 13:30:00-05:00,121.41999816894531,122.5,121.4000015258789,122.46749877929688,50454,0.0,0.0
2024-02-09 14:30:00-05:00,122.48999786376953,122.66899871826172,122.06999969482422,122.66000366210938,85961,0.0,0.0
2024-02-09 15:30:00-05:00,122.625,122.88999938964844,122.25,122.87000274658203,109996,0.0,0.0
2024-02-12 09:30:00-05:00,122.94999694824219,123.76000213623047,122.71499633789062,123.73999786376953,24075,0.0,0.0
2024-02-12 10:30:00-05:00,123.73500061035156,124.44499969482422,123.73500061035156,124.44000244140625,53754,0.0,0.0
2024-02-12 11:30:00-05:00,124.38999938964844,124.80500030517578,124.30999755859375,124.30999755859375,91787,0.0,0.0
2024-02-12 12:30:00-05:00,124.20999908447266,124.45999908447266,124.02909851074219,124.36000061035156,44504,0.0,0.0
2024-02-12 13:30:00-05:00,124.37999725341797,124.62000274658203,123.44000244140625,123.61000061035156,27397,0.0,0.0
2024-02-12 14:30:00-05:00,123.66999816894531,123.80500030517578,123.2300033569336,123.24500274658203,70267,0.0,0.0
2024-02-12 15:30:00-05:00,123.3499984741211,123.3499984741211,122.55000305175781,122.62999725341797,79335,0.0,0.0
2024-02-13 09:30:00-05:00,122.62999725341797,123.12000274658203,120.98999786376953,121.5250015258789,62485,0.0,0.0
2024-02-13 10:30:00-05:00,121.58999633789062,121.95999908447266,121.0,121.70999908447266,73806,0.0,0.0
2024-02-13 11:30:00-05:00,121.7300033569336,121.9800033569336,121.36499786376953,121.76419830322266,35531,0.0,0.0
2024-02-13 12:30:00-05:00,121.7249984741211,121.7699966430664,120.80500030517578,121.04000091552734,32493,0.0,0.0
2024-02-13 13:30:00-05:00,120.9800033569336,121.12999725341797,120.55500030517578,120.57499694824219,34383,0.0,0.0
2024-02-13 14:30:00-05:00,120.5459976196289,120.73999786376953,120.05000305175781,120.44000244140625,70296,0.0,0.0
2024-02-13 15:30:00-05:00,120.41999816894531,120.8499984741211,120.29000091552734,120.68000030517578,129549,0.0,0.0
2024-02-14 09:30:00-05:00,121.08999633789062,122.37999725341797,121.08999633789062,122.12000274658203,22014,0.0,0.0
2024-02-14 10:30:00-05:00,122.30999755859375,122.51000213623047,122.02999877929688,122.22000122070312,19621,0.0,0.0
2024-02-14 11:30:00-05:00,122.19599914550781,122.2300033569336,121.41000366210938,121.58999633789062,20897,0.0,0.0
2024-02-14 12:30:00-05:00,121.58999633789062,122.29000091552734,121.58999633789062,122.29000091552734,43327,0.0,0.0
2024-02-14 13:30:00-05:00,122.31999969482422,122.44999694824219,121.97000122070312,122.43000030517578,42801,0.0,0.0
2024-02-14 14:30:00-05:00,122.45999908447266,123.05999755859375,122.37000274658203,123.05000305175781,43375,0.0,0.0
2024-02-14 15:30:00-05:00,123.01000213623047,123.13999938964844,122.68000030517578,122.98999786376953,96914,0.0,0.0
2024-02-15 09:30:00-05:00,120.70999908447266,122.44999694824219,120.70999908447266,121.74500274658203,16092,0.0,0.0
2024-02-15 10:30:00-05:00,121.66999816894531,122.18000030517578,121.5165023803711,121.83999633789062,23485,0.0,0.0
2024-02-15 11:30:00-05:00,121.91999816894531,122.37999725341797,121.91000366210938,122.31999969482422,17327,0.0,0.0
2024-02-15 12:30:00-05:00,122.3499984741211,122.80000305175781,122.3499984741211,122.66999816894531,24104,0.0,0.0
2024-02-15 13:30:00-05:00,122.69139862060547,123.4990005493164,122.62550354003906,123.4990005493164,36299,0.0,0.0
2024-02-15 14:30:00-05:00,123.51000213623047,123.7699966430664,123.29499816894531,123.30999755859375,55918,0.0,0.0
2024-02-15 15:30:00-05:00,123.37000274658203,123.54000091552734,123.08999633789062,123.5199966430664,86677,0.0,0.0
2024-02-16 09:30:00-05:00,123.5,124.16999816894531,122.7699966430664,123.68000030517578,39616,0.0,0.0
2024-02-16 10:30:00-05:00,123.53500366210938,124.2300033569336,123.33000183105469,123.96499633789062,52609,0.0,0.0
2024-02-16 11:30:00-05:00,123.80000305175781,124.55000305175781,123.80000305175781,124.08999633789062,36592,0.0,0.0
2024-02-16 12:30:00-05:00,124.1050033569336,124.5,124.01000213623047,124.43499755859375,27413,0.0,0.0
2024-02-16 13:30:00-05:00,124.41999816894531,124.5999984741211,124.31500244140625,124.5,39158,0.0,0.0
2024-02-16 14:30:00-05:00,124.54000091552734,124.56999969482422,123.7699966430664,123.80000305175781,51734,0.0,0.0
2024-02-16 15:30:00-05:00,123.80500030517578,123.87999725341797,123.11000061035156,123.5199966430664,205314,0.0,0.0
2024-02-20 09:30:00-05:00,122.44000244140625,125.2699966430664,122.41000366210938,125.22000122070312,43575,0.0,0.0
2024-02-20 10:30:00-05:00,125.26000213623047,125.4800033569336,124.58999633789062,124.75,52563,0.0,0.0
2024-02-20 11:30:00-05:00,124.7699966430664,124.7699966430664,124.0801010131836,124.56999969482422,23807,0.0,0.0
2024-02-20 12:30:00-05:00,124.56999969482422,124.58000183105469,124.1449966430664,124.25,36203,0.0,0.0
2024-02-20 13:30:00-05:00,124.1500015258789,124.37000274658203,124.11000061035156,124.2300033569336,25142,0.0,0.0
2024-02-20 14:30:00-05:00,124.18000030517578,124.37000274658203,123.98999786376953,124.19999694824219,36839,0.0,0.0
2024-02-20 15:30:00-05:00,124.16999816894531,124.16999816894531,123.52999877929688,123.5999984741211,75369,0.0,0.0
2024-02-21 09:30:00-05:00,123.7699966430664,124.62000274658203,123.31999969482422,124.62000274658203,29155,0.0,0.0
2024-02-21 10:30:00-05:00,124.62999725341797,124.7699966430664,124.33999633789062,124.47000122070312,33337,0.0,0.0
2024-02-21 11:30:00-05:00,124.41000366210938,124.88999938964844,124.33999633789062,124.70999908447266,33069,0.0,0.0
2024-02-21 12:30:00-05:00,124.66500091552734,124.92500305175781,124.4800033569336,124.5,31379,0.0,0.0
2024-02-21 13:30:00-05:00,124.51000213623047,124.87999725341797,124.47000122070312,124.80500030517578,27964,0.0,0.0
2024-02-21 14:30:00-05:00,124.79499816894531,124.875,124.2300033569336,124.30500030517578,42571,0.0,0.0
2024-02-21 15:30:00-05:00,124.31999969482422,124.70999908447266,124.30999755859375,124.69000244140625,62246,0.0,0.0
2024-02-22 09:30:00-05:00,124.75,126.22000122070312,124.74500274658203,125.33000183105469,32629,0.0,0.0
2024-02-22 10:30:00-05:00,125.33999633789062,125.41000366210938,124.93000030517578,125.4000015258789,18764,0.0,0.0
2024-02-22 11:30:00-05:00,125.4000015258789,125.61000061035156,125.20999908447266,125.49250030517578,14307,0.0,0.0
2024-02-22 12:30:00-05:00,125.55000305175781,125.70999908447266,125.32499694824219,125.69999694824219,15730,0.0,0.0
2024-02-22 13:30:00-05:00,125.75,126.37000274658203,125.6500015258789,126.2699966430664,28177,0.0,0.0
2024-02-22 14:30:00-05:00,126.29499816894531,126.6050033569336,126.08499908447266,126.54000091552734,40702,0.0,0.0
2024-02-22 15:30:00-05:00,126.51000213623047,126.83999633789062,126.43000030517578,126.48999786376953,78526,0.0,0.0
2024-02-23 09:30:00-05:00,126.81999969482422,127.05000305175781,126.1500015258789,127.04000091552734,30039,0.0,0.0
2024-02-23 10:30:00-05:00,126.94999694824219,127.38999938964844,126.80500030517578,127.38999938964844,24573,0.0,0.0
2024-02-23 11:30:00-05:00,127.26499938964844,127.26499938964844,126.80999755859375,126.93000030517578,22668,0.0,0.0
2024-02-23 12:30:00-05:00,126.80500030517578,126.83000183105469,126.45999908447266,126.5,16811,0.0,0.0
2024-02-23 13:30:00-05:00,126.58999633789062,126.69000244140625,126.15499877929688,126.15499877929688,23832,0.0,0.0
2024-02-23 14:30:00-05:00,126.16000366210938,126.4000015258789,125.87000274658203,126.12999725341797,33435,0.0,0.0
2024-02-23 15:30:00-05:00,126.11499786376953,126.44000244140625,126.0,126.0,75748,0.0,0.0
2024-02-26 09:30:00-05:00,126.0,126.97000122070312,125.77300262451172,126.52999877929688,40956,0.0,0.0
2024-02-26 10:30:00-05:00,126.44999694824219,126.79499816894531,126.26000213623047,126.38999938964844,27818,0.0,0.0
2024-02-26 11:30:00-05:00,126.36000061035156,126.76499938964844,126.36000061035156,126.375,23068,0.0,0.0
2024-02-26 12:30:00-05:00,126.37000274658203,126.51000213623047,126.125,126.25499725341797,14822,0.0,0.0
2024-02-26 13:30:00-05:00,126.24500274658203,126.62000274658203,126.19499969482422,126.61000061035156,19172,0.0,0.0
2024-02-26 14:30:00-05:00,126.62000274658203,126.9000015258789,126.4800033569336,126.9000015258789,38073,0.0,0.0
2024-02-26 15:30:00-05:00,126.9000015258789,126.91000366210938,126.58999633789062,126.80999755859375,62958,0.0,0.0
2024-02-27 09:30:00-05:00,126.5199966430664,126.80000305175781,125.87000274658203,126.15499877929688,17947,0.0,0.0
2024-02-27 10:30:00-05:00,126.38500213623047,126.6050033569336,125.86209869384766,126.52999877929688,20344,0.0,0.0
2024-02-27 11:30:00-05:00,126.41999816894531,126.43000030517578,125.80000305175781,125.93000030517578,16420,0.0,0.0
2024-02-27 12:30:00-05:00,125.9000015258789,126.1500015258789,125.81999969482422,125.94999694824219,20680,0.0,0.0
2024-02-27 13:30:00-05:00,125.8499984741211,126.0999984741211,125.83999633789062,125.91500091552734,19123,0.0,0.0
2024-02-27 14:30:00-05:00,125.9175033569336,125.9800033569336,125.68499755859375,125.87999725341797,27277,0.0,0.0
2024-02-27 15:30:00-05:00,125.83999633789062,126.62000274658203,125.83999633789062,126.58999633789062,64091,0.0,0.0
2024-02-28 09:30:00-05:00,126.44999694824219,127.52999877929688,126.09950256347656,127.27999877929688,31533,0.0,0.0
2024-02-28 10:30:00-05:00,127.19000244140625,127.36000061035156,126.55000305175781,126.55000305175781,17843,0.0,0.0
2024-02-28 11:30:00-05:00,126.63999938964844,126.87999725341797,126.53500366210938,126.62999725341797,9634,0.0,0.0
2024-02-28 12:30:00-05:00,126.6050033569336,127.33000183105469,126.6050033569336,127.2300033569336,20800,0.0,0.0
2024-02-28 13:30:00-05:00,127.24500274658203,127.37000274658203,126.91999816894531,127.22000122070312,18161,0.0,0.0
2024-02-28 14:30:00-05:00,127.22000122070312,127.22000122070312,126.73999786376953,126.86000061035156,29161,0.0,0.0
2024-02-28 15:30:00-05:00,126.87000274658203,127.18000030517578,126.77999877929688,126.94000244140625,64617,0.0,0.0
2024-02-29 09:30:00-05:00,127.81999969482422,127.95999908447266,126.9749984741211,127.38999938964844,59442,0.0,0.0
2024-02-29 10:30:00-05:00,127.37999725341797,127.88999938964844,127.19000244140625,127.37000274658203,53326,0.0,0.0
2024-02-29 11:30:00-05:00,127.37999725341797,127.58999633789062,127.0199966430664,127.5199966430664,31831,0.0,0.0
2024-02-29 12:30:00-05:00,127.56999969482422,127.93000030517578,127.23999786376953,127.30999755859375,38427,0.0,0.0
2024-02-29 13:30:00-05:00,127.26499938964844,127.86000061035156,127.26499938964844,127.63999938964844,28317,0.0,0.0
2024-02-29 14:30:00-05:00,127.625,127.75,127.41999816894531,127.62999725341797,36427,0.0,0.0
2024-02-29 15:30:00-05:00,127.80000305175781,128.1199951171875,127.5999984741211,127.63999938964844,76633,0.0,0.0
2024-03-01 09:30:00-05:00,127.13999938964844,128.4600067138672,126.80500030517578,127.52680206298828,39972,0.0,0.0
2024-03-01 10:30:00-05:00,127.62999725341797,127.75,126.75,126.77999877929688,17169,0.0,0.0
2024-03-01 11:30:00-05:00,126.83499908447266,127.30999755859375,126.76499938964844,127.08999633789062,16401,0.0,0.0
2024-03-01 12:30:00-05:00,126.80999755859375,127.05000305175781,126.70999908447266,127.0199966430664,14571,0.0,0.0
2024-03-01 13:30:00-05:00,126.94000244140625,127.33000183105469,126.58000183105469,127.05000305175781,18000,0.0,0.0
2024-03-01 14:30:00-05:00,127.18499755859375,127.22000122070312,126.72000122070312,126.76499938964844,29383,0.0,0.0
2024-03-01 15:30:00-05:00,126.70999908447266,127.42500305175781,126.70999908447266,127.37000274658203,78761,0.0,0.0
2024-03-04 09:30:00-05:00,127.47000122070312,127.87000274658203,126.80000305175781,127.29000091552734,28608,0.0,0.0
2024-03-04 10:30:00-05:00,127.29000091552734,127.30249786376953,126.98999786376953,127.02999877929688,19515,0.0,0.0
2024-03-04 11:30:00-05:00,127.0999984741211,127.2300033569336,127.04499816894531,127.2300033569336,17032,0.0,0.0
2024-03-04 12:30:00-05:00,127.31999969482422,127.41000366210938,127.20500183105469,127.26000213623047,18686,0.0,0.0
2024-03-04 13:30:00-05:00,127.20999908447266,127.52999877929688,127.0999984741211,127.36000061035156,30294,0.0,0.0
2024-03-04 14:30:00-05:00,127.31999969482422,127.91000366210938,127.31999969482422,127.46499633789062,56593,0.0,0.0
2024-03-04 15:30:00-05:00,127.4800033569336,127.62000274658203,127.13500213623047,127.38999938964844,82604,0.0,0.0
2024-03-05 09:30:00-05:00,127.26000213623047,128.3300018310547,126.18000030517578,127.86000061035156,17081,0.0,0.0
2024-03-05 10:30:00-05:00,127.86000061035156,127.87000274658203,127.06999969482422,127.30500030517578,23296,0.0,0.0
2024-03-05 11:30:00-05:00,127.30000305175781,128.139892578125,127.30000305175781,128.0800018310547,28156,0.0,0.0
2024-03-05 12:30:00-05:00,128.0399932861328,128.0399932861328,127.54499816894531,127.76000213623047,18305,0.0,0.0
2024-03-05 13:30:00-05:00,127.81500244140625,127.88999938964844,127.42449951171875,127.56999969482422,23863,0.0,0.0
2024-03-05 14:30:00-05:00,127.57499694824219,127.57499694824219,126.79499816894531,126.79499816894531,38438,0.0,0.0
2024-03-05 15:30:00-05:00,126.87239837646484,127.37999725341797,126.5,127.33999633789062,83655,0.0,0.0
2024-03-06 09:30:00-05:00,127.69999694824219,128.22000122070312,127.12000274658203,127.77999877929688,18898,0.0,0.0
2024-03-06 10:30:00-05:00,127.61000061035156,128.6199951171875,127.5199966430664,128.6199951171875,29831,0.0,0.0
2024-03-06 11:30:00-05:00,128.49000549316406,128.52499389648438,127.6050033569336,127.94999694824219,23424,0.0,0.0
2024-03-06 12:30:00-05:00,127.91999816894531,128.1199951171875,127.8499984741211,128.11000061035156,23008,0.0,0.0
2024-03-06 13:30:00-05:00,128.0749969482422,128.0800018310547,127.55999755859375,128.0800018310547,30700,0.0,0.0
2024-03-06 14:30:00-05:00,128.11500549316406,128.4199981689453,127.83000183105469,127.95999908447266,30791,0.0,0.0
2024-03-06 15:30:00-05:00,128.00999450683594,128.75999450683594,127.87999725341797,128.52999877929688,89374,0.0,0.0
2024-03-07 09:30:00-05:00,128.8000030517578,129.75999450683594,128.77499389648438,129.21429443359375,28231,0.0,0.0
2024-03-07 10:30:00-05:00,129.27999877929688,129.3350067138672,128.72000122070312,128.82000732421875,17294,0.0,0.0
2024-03-07 11:30:00-05:00,128.7449951171875,128.8000030517578,128.27000427246094,128.52000427246094,17827,0.0,0.0
2024-03-07 12:30:00-05:00,128.5,128.69000244140625,128.33999633789062,128.44500732421875,19127,0.0,0.0
2024-03-07 13:30:00-05:00,128.56500244140625,128.57000732421875,128.1199951171875,128.18499755859375,19079,0.0,0.0
2024-03-07 14:30:00-05:00,128.30999755859375,128.51499938964844,128.10000610351562,128.47999572753906,24899,0.0,0.0
2024-03-07 15:30:00-05:00,128.44000244140625,128.97999572753906,128.44000244140625,128.50999450683594,95575,0.0,0.0
2024-03-08 09:30:00-05:00,128.74000549316406,129.4149932861328,128.19200134277344,129.00999450683594,24216,0.0,0.0
2024-03-08 10:30:00-05:00,128.94000244140625,129.36000061035156,128.86000061035156,129.1699981689453,16711,0.0,0.0
2024-03-08 11:30:00-05:00,129.16000366210938,129.63999938964844,128.97999572753906,129.3300018310547,20120,0.0,0.0
2024-03-08 12:30:00-05:00,129.25999450683594,129.3699951171875,128.75999450683594,128.76499938964844,16089,0.0,0.0
2024-03-08 13:30:00-05:00,128.74000549316406,128.9499969482422,128.2899932861328,128.9499969482422,35314,0.0,0.0
2024-03-08 14:30:00-05:00,128.9499969482422,129.39999389648438,128.86000061035156,128.8699951171875,40057,0.0,0.0
2024-03-08 15:30:00-05:00,128.8350067138672,129.13999938964844,128.69000244140625,128.6999969482422,77584,0.0,0.0
2024-03-11 09:30:00-04:00,128.47999572753906,129.33999633789062,128.47999572753906,128.5399932861328,24043,0.0,0.0
2024-03-11 10:30:00-04:00,128.65499877929688,128.69000244140625,128.22000122070312,128.5800018310547,22998,0.0,0.0
2024-03-11 11:30:00-04:00,128.50999450683594,128.9093017578125,128.47999572753906,128.75,23284,0.0,0.0
2024-03-11 12:30:00-04:00,128.77000427246094,128.92999267578125,128.58999633789062,128.91000366210938,26158,0.0,0.0
2024-03-11 13:30:00-04:00,128.91000366210938,129.0850067138672,128.77999877929688,128.89999389648438,37038,0.0,0.0
2024-03-11 14:30:00-04:00,128.92999267578125,129.30499267578125,128.8800048828125,129.0800018310547,54575,0.0,0.0
2024-03-11 15:30:00-04:00,129.07000732421875,129.52999877929688,128.90499877929688,129.5,77956,0.0,0.0
2024-03-12 09:30:00-04:00,129.19000244140625,129.6699981689453,128.94000244140625,129.5,38070,0.0,0.0
2024-03-12 10:30:00-04:00,129.41000366210938,129.66000366210938,129.14999389648438,129.27999877929688,40477,0.0,0.0
2024-03-12 11:30:00-04:00,129.22999572753906,129.4250030517578,128.86000061035156,128.91000366210938,24143,0.0,0.0
2024-03-12 12:30:00-04:00,128.9499969482422,129.0500030517578,128.43499755859375,128.67999267578125,23032,0.0,0.0
2024-03-12 13:30:00-04:00,128.68499755859375,129.61000061035156,128.68499755859375,129.38999938964844,43982,0.0,0.0
2024-03-12 14:30:00-04:00,129.4250030517578,129.5500030517578,129.07000732421875,129.22999572753906,34991,0.0,0.0
2024-03-12 15:30:00-04:00,129.19000244140625,129.9600067138672,129.10000610351562,129.8699951171875,71073,0.0,0.0
2024-03-13 09:30:00-04:00,130.0,131.0,129.97000122070312,130.3800048828125,35520,0.0,0.0
2024-03-13 10:30:00-04:00,130.25,130.25,129.7449951171875,129.99000549316406,16709,0.0,0.0
2024-03-13 11:30:00-04:00,129.9600067138672,130.04249572753906,129.77000427246094,129.99000549316406,16008,0.0,0.0
2024-03-13 12:30:00-04:00,129.94500732421875,130.67999267578125,129.94500732421875,130.4376983642578,24561,0.0,0.0
2024-03-13 13:30:00-04:00,130.44500732421875,130.5500030517578,130.24000549316406,130.25,16923,0.0,0.0
2024-03-13 14:30:00-04:00,130.3000030517578,130.35000610351562,129.9199981689453,129.97000122070312,22476,0.0,0.0
2024-03-13 15:30:00-04:00,129.99249267578125,130.52999877929688,129.99249267578125,130.3800048828125,53729,0.0,0.0
2024-03-14 09:30:00-04:00,129.97999572753906,130.77999877929688,129.94000244140625,130.05499267578125,16658,0.0,0.0
2024-03-14 10:30:00-04:00,130.16000366210938,130.41000366210938,130.10000610351562,130.2899932861328,15722,0.0,0.0
2024-03-14 11:30:00-04:00,130.2449951171875,131.0800018310547,130.2100067138672,131.0800018310547,26547,0.0,0.0
2024-03-14 12:30:00-04:00,131.02000427246094,131.02999877929688,130.74000549316406,130.97500610351562,21346,0.0,0.0
2024-03-14 13:30:00-04:00,130.97500610351562,131.30999755859375,130.8800048828125,131.2299041748047,32563,0.0,0.0
2024-03-14 14:30:00-04:00,131.19000244140625,131.5500030517578,130.9199981689453,131.5,50339,0.0,0.0
2024-03-14 15:30:00-04:00,131.4600067138672,131.63999938964844,131.2100067138672,131.52000427246094,113620,0.0,0.0
2024-03-15 09:30:00-04:00,130.42999267578125,131.9199981689453,130.42999267578125,131.63999938964844,43380,0.0,0.0
2024-03-15 10:30:00-04:00,131.5500030517578,131.56500244140625,131.1300048828125,131.22999572753906,11165,0.0,0.0
2024-03-15 11:30:00-04:00,131.0749969482422,131.22000122070312,130.64999389648438,130.68499755859375,15038,0.0,0.0
2024-03-15 12:30:00-04:00,130.63999938964844,131.24000549316406,130.63999938964844,131.1699981689453,15957,0.0,0.0
2024-03-15 13:30:00-04:00,131.22999572753906,131.76499938964844,131.18499755859375,131.57000732421875,24255,0.0,0.0
2024-03-15 14:30:00-04:00,131.57000732421875,132.1199951171875,131.4949951171875,131.7949981689453,31397,0.0,0.0
2024-03-15 15:30:00-04:00,131.80499267578125,132.47000122070312,131.6300048828125,132.4600067138672,116224,0.0,0.0
2024-03-18 09:30:00-04:00,132.47999572753906,132.7899932861328,131.92999267578125,131.97500610351562,15132,0.0,0.0
2024-03-18 10:30:00-04:00,131.6649932861328,132.15499877929688,131.52999877929688,132.09500122070312,14456,0.0,0.0
2024-03-18 11:30:00-04:00,131.92999267578125,131.94000244140625,131.3300018310547,131.42999267578125,27503,0.0,0.0
2024-03-18 12:30:00-04:00,131.50999450683594,131.60000610351562,131.25,131.39500427246094,12353,0.0,0.0
2024-03-18 13:30:00-04:00,131.4199981689453,131.4199981689453,130.80499267578125,130.88999938964844,21241,0.0,0.0
2024-03-18 14:30:00-04:00,130.94000244140625,131.0800018310547,130.4499969482422,130.5050048828125,24047,0.0,0.0
2024-03-18 15:30:00-04:00,130.50999450683594,130.64999389648438,130.07000732421875,130.14999389648438,80207,0.0,0.0
2024-03-19 09:30:00-04:00,130.44000244140625,132.0399932861328,130.44000244140625,131.5500030517578,10057,0.0,0.0
2024-03-19 10:30:00-04:00,131.55999755859375,131.86500549316406,131.24000549316406,131.6114959716797,16387,0.0,0.0
2024-03-19 11:30:00-04:00,131.63999938964844,132.1199951171875,131.63999938964844,131.8800048828125,16393,0.0,0.0
2024-03-19 12:30:00-04:00,131.8800048828125,131.97999572753906,131.6999969482422,131.94749450683594,16259,0.0,0.0
2024-03-19 13:30:00-04:00,131.94000244140625,132.0399932861328,131.5800018310547,131.5800018310547,17818,0.0,0.0
2024-03-19 14:30:00-04:00,131.7100067138672,131.8300018310547,131.44000244140625,131.44000244140625,21582,0.0,0.0
2024-03-19 15:30:00-04:00,131.38999938964844,131.7949981689453,131.22999572753906,131.58999633789062,74321,0.0,0.0
2024-03-20 09:30:00-04:00,131.27000427246094,131.74000549316406,131.0800018310547,131.74000549316406,8371,0.0,0.0
2024-03-20 10:30:00-04:00,131.66000366210938,132.00999450683594,131.47000122070312,131.97999572753906,21359,0.0,0.0
2024-03-20 11:30:00-04:00,132.00999450683594,132.02000427246094,131.80999755859375,132.02000427246094,9179,0.0,0.0
2024-03-20 12:30:00-04:00,132.0850067138672,132.30999755859375,131.86500549316406,131.97999572753906,12746,0.0,0.0
2024-03-20 13:30:00-04:00,131.99000549316406,132.38999938964844,131.83999633789062,131.99000549316406,21372,0.0,0.0
2024-03-20 14:30:00-04:00,132.0399932861328,133.2100067138672,131.86000061035156,133.2100067138672,35127,0.0,0.0
2024-03-20 15:30:00-04:00,133.13999938964844,133.40499877929688,132.6199951171875,132.9499969482422,97627,0.0,0.0
2024-03-21 09:30:00-04:00,133.1300048828125,133.32000732421875,131.91000366210938,132.89999389648438,21139,0.0,0.0
2024-03-21 10:30:00-04:00,133.25,133.47000122070312,133.11000061035156,133.21499633789062,24765,0.0,0.0
2024-03-21 11:30:00-04:00,133.23500061035156,133.52000427246094,132.74000549316406,132.94000244140625,23610,0.0,0.0
2024-03-21 12:30:00-04:00,133.0449981689453,133.35000610351562,132.80999755859375,133.32000732421875,16847,0.0,0.0
2024-03-21 13:30:00-04:00,133.25,133.5050048828125,133.25,133.41000366210938,21101,0.0,0.0
2024-03-21 14:30:00-04:00,133.38999938964844,133.8800048828125,133.38999938964844,133.64999389648438,26272,0.0,0.0
2024-03-21 15:30:00-04:00,133.66000366210938,133.72000122070312,133.11000061035156,133.1199951171875,61759,0.0,0.0
2024-03-22 09:30:00-04:00,133.47000122070312,133.47000122070312,132.77999877929688,133.08999633789062,15742,0.0,0.0
2024-03-22 10:30:00-04:00,133.2071990966797,133.2071990966797,132.5050048828125,132.51499938964844,15204,0.0,0.0
2024-03-22 11:30:00-04:00,132.61000061035156,132.64500427246094,132.0,132.05250549316406,18608,0.0,0.0
2024-03-22 12:30:00-04:00,131.99000549316406,132.12249755859375,131.8699951171875,132.11000061035156,18609,0.0,0.0
2024-03-22 13:30:00-04:00,132.0399932861328,132.11000061035156,131.8699951171875,132.11000061035156,16771,0.0,0.0
2024-03-22 14:30:00-04:00,132.0399932861328,132.1199951171875,131.44000244140625,131.5,34734,0.0,0.0
2024-03-22 15:30:00-04:00,131.52000427246094,131.5574951171875,130.97999572753906,131.16000366210938,93119,0.0,0.0
2024-03-25 09:30:00-04:00,132.0800018310547,133.27000427246094,132.0800018310547,133.27000427246094,51018,0.0,0.0
2024-03-25 10:30:00-04:00,133.10000610351562,133.92999267578125,133.0399932861328,133.92999267578125,17634,0.0,0.0
2024-03-25 11:30:00-04:00,133.9199981689453,134.0399932861328,133.60499572753906,134.02000427246094,18811,0.0,0.0
2024-03-25 12:30:00-04:00,134.0449981689453,134.25,133.8300018310547,134.25,16203,0.0,0.0
2024-03-25 13:30:00-04:00,134.2899932861328,134.375,134.0800018310547,134.375,21732,0.0,0.0
2024-03-25 14:30:00-04:00,134.41000366210938,134.50999450683594,134.05999755859375,134.11000061035156,27688,0.0,0.0
2024-03-25 15:30:00-04:00,134.08999633789062,134.30999755859375,133.8300018310547,134.0800018310547,62184,0.0,0.0
2024-03-26 09:30:00-04:00,134.0,134.50999450683594,133.9499969482422,134.50999450683594,42065,0.0,0.0
2024-03-26 10:30:00-04:00,134.5,134.89999389648438,134.41000366210938,134.82000732421875,27341,0.0,0.0
2024-03-26 11:30:00-04:00,134.8300018310547,134.8300018310547,134.3800048828125,134.75,35460,0.0,0.0
2024-03-26 12:30:00-04:00,134.75,134.7550048828125,133.9199981689453,134.00999450683594,23486,0.0,0.0
2024-03-26 13:30:00-04:00,133.96499633789062,134.2550048828125,133.93499755859375,134.17999267578125,16616,0.0,0.0
2024-03-26 14:30:00-04:00,134.2050018310547,134.69000244140625,133.9600067138672,134.63499450683594,38611,0.0,0.0
2024-03-26 15:30:00-04:00,134.5500030517578,134.5800018310547,133.91000366210938,134.02000427246094,67308,0.0,0.0
2024-03-27 09:30:00-04:00,134.74000549316406,135.75,134.74000549316406,135.46499633789062,20026,0.0,0.0
2024-03-27 10:30:00-04:00,135.72999572753906,136.2899932861328,135.66050720214844,136.00999450683594,12851,0.0,0.0
2024-03-27 11:30:00-04:00,136.02999877929688,136.02999877929688,135.5,135.5050048828125,17690,0.0,0.0
2024-03-27 12:30:00-04:00,135.5449981689453,135.5449981689453,135.30999755859375,135.4600067138672,13052,0.0,0.0
2024-03-27 13:30:00-04:00,135.60000610351562,135.7469940185547,135.5500030517578,135.6199951171875,15581,0.0,0.0
2024-03-27 14:30:00-04:00,135.7100067138672,136.00999450683594,135.610107421875,136.0,20936,0.0,0.0
2024-03-27 15:30:00-04:00,136.0,137.02999877929688,135.99000549316406,136.8000030517578,75445,0.0,0.0
2024-03-28 09:30:00-04:00,137.25,137.71499633789062,136.55999755859375,137.32000732421875,12116,0.0,0.0
2024-03-28 10:30:00-04:00,137.11000061035156,137.25,136.9199981689453,136.99000549316406,10703,0.0,0.0
2024-03-28 11:30:00-04:00,136.97000122070312,137.05999755859375,136.82000732421875,136.82000732421875,12858,0.0,0.0
2024-03-28 12:30:00-04:00,136.86000061035156,137.11380004882812,136.625,137.08999633789062,9251,0.0,0.0
2024-03-28 13:30:00-04:00,136.97999572753906,136.97999572753906,136.65499877929688,136.66000366210938,11326,0.0,0.0
2024-03-28 14:30:00-04:00,136.64500427246094,136.9199981689453,136.53500366210938,136.77000427246094,21177,0.0,0.0
2024-03-28 15:30:00-04:00,136.75999450683594,136.85000610351562,136.36000061035156,136.36000061035156,44437,0.0,0.0
2024-04-01 09:30:00-04:00,136.49000549316406,136.97999572753906,134.86000061035156,135.7899932861328,16363,0.0,0.0
2024-04-01 10:30:00-04:00,135.58999633789062,136.10000610351562,135.47000122070312,135.47000122070312,16067,0.0,0.0
2024-04-01 11:30:00-04:00,135.4199981689453,135.44000244140625,134.9600067138672,135.35499572753906,15424,0.0,0.0
2024-04-01 12:30:00-04:00,135.375,135.58900451660156,135.33999633789062,135.34500122070312,11713,0.0,0.0
2024-04-01 13:30:00-04:00,135.47000122070312,135.47999572753906,134.99000549316406,135.09500122070312,24068,0.0,0.0
2024-04-01 14:30:00-04:00,135.0,135.2100067138672,134.8300018310547,134.85499572753906,32998,0.0,0.0
2024-04-01 15:30:00-04:00,134.8800048828125,135.1199951171875,134.61000061035156,134.6999969482422,99405,0.0,0.0
2024-04-02 09:30:00-04:00,134.6999969482422,135.52999877929688,134.33999633789062,134.35000610351562,17730,0.0,0.0
2024-04-02 10:30:00-04:00,134.5050048828125,135.3699951171875,134.5050048828125,134.9149932861328,26991,0.0,0.0
2024-04-02 11:30:00-04:00,134.9149932861328,135.0800018310547,134.50999450683594,134.9600067138672,22560,0.0,0.0
2024-04-02 12:30:00-04:00,134.97000122070312,135.0500030517578,134.59500122070312,134.77499389648438,16732,0.0,0.0
2024-04-02 13:30:00-04:00,134.80999755859375,135.0,134.4801025390625,134.80999755859375,18881,0.0,0.0
2024-04-02 14:30:00-04:00,134.72000122070312,135.00999450683594,134.58999633789062,134.94000244140625,27388,0.0,0.0
2024-04-02 15:30:00-04:00,134.88999938964844,135.47999572753906,134.88999938964844,135.33999633789062,85012,0.0,0.0
2024-04-03 09:30:00-04:00,135.13999938964844,135.41000366210938,134.6199951171875,135.16000366210938,25902,0.0,0.0
2024-04-03 10:30:00-04:00,134.7899932861328,134.7899932861328,133.83999633789062,133.97000122070312,16473,0.0,0.0
2024-04-03 11:30:00-04:00,134.08999633789062,134.57000732421875,133.97999572753906,134.35000610351562,20731,0.0,0.0
2024-04-03 12:30:00-04:00,134.4499969482422,134.8000030517578,134.35000610351562,134.6699981689453,21301,0.0,0.0
2024-04-03 13:30:00-04:00,134.63999938964844,134.64999389648438,133.8350067138672,133.8350067138672,51028,0.0,0.0
2024-04-03 14:30:00-04:00,133.9149932861328,133.9499969482422,133.30999755859375,133.55999755859375,36665,0.0,0.0
2024-04-03 15:30:00-04:00,133.5800018310547,133.6999969482422,133.08999633789062,133.1300048828125,69673,0.0,0.0
2024-04-04 09:30:00-04:00,133.91000366210938,134.0399932861328,133.5800018310547,133.6750030517578,12545,0.0,0.0
2024-04-04 10:30:00-04:00,133.67999267578125,133.9499969482422,133.67999267578125,133.89500427246094,19165,0.0,0.0
2024-04-04 11:30:00-04:00,133.86500549316406,133.88499450683594,133.67999267578125,133.80499267578125,23245,0.0,0.0
2024-04-04 12:30:00-04:00,133.80499267578125,133.96499633789062,133.6699981689453,133.89999389648438,15939,0.0,0.0
2024-04-04 13:30:00-04:00,133.88999938964844,133.9550018310547,132.6199951171875,132.67999267578125,17985,0.0,0.0
2024-04-04 14:30:00-04:00,132.5449981689453,132.6699981689453,131.92999267578125,131.92999267578125,40520,0.0,0.0
2024-04-04 15:30:00-04:00,132.08999633789062,132.55999755859375,131.8000030517578,132.33999633789062,63988,0.0,0.0
2024-04-05 09:30:00-04:00,132.32000732421875,132.50369262695312,131.72000122070312,131.94000244140625,51111,0.0,0.0
2024-04-05 10:30:00-04:00,131.99000549316406,132.8800048828125,131.92999267578125,132.83999633789062,13382,0.0,0.0
2024-04-05 11:30:00-04:00,132.92999267578125,133.22999572753906,132.6475067138672,133.13999938964844,18929,0.0,0.0
2024-04-05 12:30:00-04:00,133.10000610351562,133.1699981689453,132.57000732421875,132.6199951171875,10876,0.0,0.0
2024-04-05 13:30:00-04:00,132.63999938964844,132.72000122070312,132.3188934326172,132.55999755859375,15453,0.0,0.0
2024-04-05 14:30:00-04:00,132.67999267578125,132.85499572753906,132.38999938964844,132.72000122070312,22532,0.0,0.0
2024-04-05 15:30:00-04:00,132.6699981689453,132.77000427246094,132.48500061035156,132.5500030517578,39518,0.0,0.0
2024-04-08 09:30:00-04:00,132.83999633789062,133.33999633789062,132.35000610351562,133.3300018310547,12092,0.0,0.0
2024-04-08 10:30:00-04:00,133.36500549316406,133.83999633789062,133.36500549316406,133.66000366210938,15364,0.0,0.0
2024-04-08 11:30:00-04:00,133.6649932861328,133.97000122070312,133.58999633789062,133.97000122070312,12046,0.0,0.0
2024-04-08 12:30:00-04:00,134.0,134.26499938964844,134.0,134.23500061035156,11755,0.0,0.0
2024-04-08 13:30:00-04:00,134.24000549316406,134.36000061035156,134.11000061035156,134.27999877929688,15594,0.0,0.0
2024-04-08 14:30:00-04:00,134.22000122070312,134.24000549316406,133.53500366210938,133.92999267578125,24487,0.0,0.0
2024-04-08 15:30:00-04:00,133.89999389648438,134.02999877929688,133.4250030517578,133.4600067138672,40091,0.0,0.0
2024-04-09 09:30:00-04:00,133.75,133.9499969482422,132.2100067138672,132.3000030517578,19937,0.0,0.0
2024-04-09 10:30:00-04:00,132.1300048828125,132.1300048828125,131.22000122070312,131.66000366210938,8906,0.0,0.0
2024-04-09 11:30:00-04:00,131.44000244140625,132.00999450683594,131.25999450683594,131.96499633789062,13334,0.0,0.0
2024-04-09 12:30:00-04:00,132.0500030517578,132.0500030517578,131.36500549316406,131.86500549316406,24692,0.0,0.0
2024-04-09 13:30:00-04:00,131.9199981689453,132.02999877929688,131.36000061035156,131.3699951171875,14398,0.0,0.0
2024-04-09 14:30:00-04:00,131.3249969482422,131.75999450683594,131.1199951171875,131.7449951171875,18540,0.0,0.0
2024-04-09 15:30:00-04:00,131.74000549316406,131.7949981689453,130.92999267578125,131.02999877929688,46850,0.0,0.0
2024-04-10 09:30:00-04:00,130.14999389648438,130.74000549316406,129.47999572753906,130.41000366210938,14897,0.0,0.0
2024-04-10 10:30:00-04:00,130.5,130.55499267578125,130.22000122070312,130.53500366210938,16317,0.0,0.0
2024-04-10 11:30:00-04:00,130.62600708007812,130.62600708007812,130.1199951171875,130.36000061035156,13867,0.0,0.0
2024-04-10 12:30:00-04:00,130.24000549316406,130.24000549316406,129.6699981689453,129.8350067138672,13992,0.0,0.0
2024-04-10 13:30:00-04:00,129.67999267578125,129.94000244140625,129.41000366210938,129.65499877929688,16046,0.0,0.0
2024-04-10 14:30:00-04:00,129.66000366210938,129.8800048828125,129.3800048828125,129.75,17114,0.0,0.0
2024-04-10 15:30:00-04:00,129.72000122070312,129.77999877929688,129.25999450683594,129.27999877929688,70314,0.0,0.0
2024-04-11 09:30:00-04:00,129.10000610351562,129.10000610351562,127.79000091552734,128.27499389648438,12173,0.0,0.0
2024-04-11 10:30:00-04:00,128.11500549316406,128.6699981689453,128.11500549316406,128.49000549316406,12340,0.0,0.0
2024-04-11 11:30:00-04:00,128.49000549316406,129.2100067138672,128.49000549316406,129.0800018310547,15689,0.0,0.0
2024-04-11 12:30:00-04:00,129.05999755859375,129.52999877929688,128.9600067138672,129.24000549316406,17081,0.0,0.0
2024-04-11 13:30:00-04:00,129.30999755859375,129.47000122070312,128.97999572753906,129.0399932861328,29325,0.0,0.0
2024-04-11 14:30:00-04:00,129.1699981689453,129.22000122070312,128.8699951171875,128.97000122070312,30687,0.0,0.0
2024-04-11 15:30:00-04:00,129.00999450683594,129.11000061035156,128.61000061035156,129.05999755859375,79645,0.0,0.0
2024-04-12 09:30:00-04:00,128.2100067138672,128.92999267578125,128.0500030517578,128.0500030517578,6545,0.0,0.0
2024-04-12 10:30:00-04:00,128.02000427246094,128.36500549316406,127.95999908447266,128.16000366210938,15317,0.0,0.0
2024-04-12 11:30:00-04:00,128.1699981689453,128.4199981689453,128.1199951171875,128.39990234375,10624,0.0,0.0
2024-04-12 12:30:00-04:00,128.2100067138672,128.2100067138672,127.29000091552734,127.29000091552734,17273,0.0,0.0
2024-04-12 13:30:00-04:00,127.23999786376953,127.6500015258789,127.22000122070312,127.43499755859375,17472,0.0,0.0
2024-04-12 14:30:00-04:00,127.43499755859375,127.47000122070312,126.8949966430664,127.29499816894531,26167,0.0,0.0
2024-04-12 15:30:00-04:00,127.2699966430664,127.47000122070312,127.12000274658203,127.30999755859375,61822,0.0,0.0
2024-04-15 09:30:00-04:00,129.1300048828125,129.1300048828125,127.56999969482422,127.68499755859375,7929,0.0,0.0
2024-04-15 10:30:00-04:00,127.58999633789062,127.94999694824219,127.2300033569336,127.53500366210938,12170,0.0,0.0
2024-04-15 11:30:00-04:00,127.5999984741211,127.76000213623047,127.16999816894531,127.16999816894531,10476,0.0,0.0
2024-04-15 12:30:00-04:00,127.16999816894531,127.26000213623047,126.7300033569336,126.7300033569336,21236,0.0,0.0
2024-04-15 13:30:00-04:00,126.72000122070312,126.72000122070312,126.08000183105469,126.0999984741211,20273,0.0,0.0
2024-04-15 14:30:00-04:00,126.07499694824219,126.22000122070312,125.51000213623047,125.80899810791016,30286,0.0,0.0
2024-04-15 15:30:00-04:00,125.80999755859375,126.27899932861328,125.68000030517578,126.16000366210938,69860,0.0,0.0
2024-04-16 09:30:00-04:00,126.2699966430664,126.3687973022461,125.13500213623047,125.13500213623047,26651,0.0,0.0
2024-04-16 10:30:00-04:00,125.15499877929688,125.91999816894531,125.05999755859375,125.80000305175781,31297,0.0,0.0
2024-04-16 11:30:00-04:00,125.66000366210938,126.22000122070312,125.61000061035156,126.03559875488281,27462,0.0,0.0
2024-04-16 12:30:00-04:00,126.12000274658203,126.62000274658203,125.87999725341797,126.41000366210938,21971,0.0,0.0
2024-04-16 13:30:00-04:00,126.25,126.77999877929688,125.94499969482422,126.2300033569336,52029,0.0,0.0
2024-04-16 14:30:00-04:00,126.21499633789062,127.5250015258789,126.19499969482422,127.19000244140625,63125,0.0,0.0
2024-04-16 15:30:00-04:00,127.1500015258789,127.62000274658203,126.72000122070312,126.93000030517578,105273,0.0,0.0
2024-04-17 09:30:00-04:00,126.6500015258789,127.48999786376953,125.06999969482422,125.12999725341797,36377,0.0,0.0
2024-04-17 10:30:00-04:00,125.11000061035156,125.12000274658203,124.5,124.94000244140625,31332,0.0,0.0
2024-04-17 11:30:00-04:00,124.91999816894531,125.04000091552734,124.38500213623047,124.96890258789062,23715,0.0,0.0
2024-04-17 12:30:00-04:00,124.94000244140625,125.20999908447266,124.69999694824219,125.09500122070312,12294,0.0,0.0
2024-04-17 13:30:00-04:00,125.19000244140625,125.26000213623047,124.91429901123047,125.11000061035156,22224,0.0,0.0
2024-04-17 14:30:00-04:00,125.05000305175781,125.4000015258789,124.45999908447266,124.63999938964844,23254,0.0,0.0
2024-04-17 15:30:00-04:00,124.75,125.0199966430664,124.44000244140625,124.44999694824219,67000,0.0,0.0
2024-04-18 09:30:00-04:00,125.47000122070312,126.33999633789062,124.95999908447266,125.58000183105469,14506,0.0,0.0
2024-04-18 10:30:00-04:00,125.87999725341797,125.87999725341797,125.30999755859375,125.70999908447266,15479,0.0,0.0
2024-04-18 11:30:00-04:00,125.625,125.69999694824219,125.38999938964844,125.58000183105469,13476,0.0,0.0
2024-04-18 12:30:00-04:00,125.59500122070312,125.59500122070312,124.94499969482422,125.24500274658203,12347,0.0,0.0
2024-04-18 13:30:00-04:00,125.19000244140625,125.23999786376953,124.8499984741211,125.08999633789062,13921,0.0,0.0
2024-04-18 14:30:00-04:00,125.05500030517578,125.44000244140625,124.9800033569336,125.32499694824219,14917,0.0,0.0
2024-04-18 15:30:00-04:00,125.44999694824219,125.62000274658203,125.30999755859375,125.37000274658203,49645,0.0,0.0
2024-04-19 09:30:00-04:00,126.38999938964844,127.04499816894531,125.88999938964844,127.01000213623047,10207,0.0,0.0
2024-04-19 10:30:00-04:00,127.16000366210938,127.63500213623047,126.98999786376953,127.37999725341797,9276,0.0,0.0
2024-04-19 11:30:00-04:00,127.56500244140625,127.7699966430664,127.30000305175781,127.43000030517578,10388,0.0,0.0
2024-04-19 12:30:00-04:00,127.4800033569336,128.22000122070312,127.4800033569336,127.83999633789062,13603,0.0,0.0
2024-04-19 13:30:00-04:00,127.87999725341797,128.2899932861328,127.75499725341797,127.87999725341797,12447,0.0,0.0
2024-04-19 14:30:00-04:00,127.62999725341797,128.0399932861328,127.62999725341797,127.94999694824219,17163,0.0,0.0
2024-04-19 15:30:00-04:00,127.9000015258789,128.0,127.58999633789062,127.87000274658203,48691,0.0,0.0
2024-04-22 09:30:00-04:00,128.55999755859375,128.55999755859375,127.5199966430664,128.4199981689453,16930,0.0,0.0
2024-04-22 10:30:00-04:00,128.47999572753906,128.55999755859375,128.1750030517578,128.1750030517578,17390,0.0,0.0
2024-04-22 11:30:00-04:00,128.14999389648438,128.53500366210938,127.83499908447266,128.48500061035156,14290,0.0,0.0
2024-04-22 12:30:00-04:00,128.52999877929688,128.99000549316406,128.52999877929688,128.99000549316406,69245,0.0,0.0
2024-04-22 13:30:00-04:00,129.33999633789062,129.80999755859375,129.18499755859375,129.5500030517578,12758,0.0,0.0
2024-04-22 14:30:00-04:00,129.42999267578125,129.4600067138672,129.08999633789062,129.14999389648438,22213,0.0,0.0
2024-04-22 15:30:00-04:00,129.10000610351562,129.4600067138672,128.80999755859375,128.85000610351562,43029,0.0,0.0
2024-04-23 09:30:00-04:00,129.14999389648438,130.0449981689453,129.0,129.69000244140625,13051,0.0,0.0
2024-04-23 10:30:00-04:00,129.8000030517578,130.0500030517578,129.52000427246094,129.9499969482422,17102,0.0,0.0
2024-04-23 11:30:00-04:00,129.7899932861328,129.9199981689453,129.67999267578125,129.8699951171875,14165,0.0,0.0
2024-04-23 12:30:00-04:00,129.92999267578125,130.22999572753906,129.72000122070312,130.00999450683594,14475,0.0,0.0
2024-04-23 13:30:00-04:00,129.9199981689453,130.10499572753906,129.38999938964844,129.4499969482422,14891,0.0,0.0
2024-04-23 14:30:00-04:00,129.4600067138672,129.66000366210938,129.39999389648438,129.47999572753906,19261,0.0,0.0
2024-04-23 15:30:00-04:00,129.2899932861328,130.0,129.2899932861328,129.72000122070312,69478,0.0,0.0
2024-04-24 09:30:00-04:00,128.99000549316406,129.51499938964844,127.88999938964844,128.77999877929688,49014,0.0,0.0
2024-04-24 10:30:00-04:00,128.80999755859375,129.02999877929688,128.22999572753906,128.3699951171875,33181,0.0,0.0
2024-04-24 11:30:00-04:00,128.40499877929688,129.3249969482422,128.3699951171875,129.3249969482422,20444,0.0,0.0
2024-04-24 12:30:00-04:00,129.22000122070312,129.3249969482422,128.75,128.8249969482422,28212,0.0,0.0
2024-04-24 13:30:00-04:00,128.91000366210938,129.3300018310547,128.8350067138672,129.22999572753906,14692,0.0,0.0
2024-04-24 14:30:00-04:00,129.22999572753906,129.30999755859375,128.75999450683594,129.2100067138672,34323,0.0,0.0
2024-04-24 15:30:00-04:00,129.24000549316406,130.07000732421875,129.24000549316406,129.6699981689453,73085,0.0,0.0
2024-04-25 09:30:00-04:00,129.61000061035156,130.19000244140625,128.2899932861328,128.6199951171875,106514,0.0,0.0
2024-04-25 10:30:00-04:00,128.80999755859375,129.63999938964844,128.5500030517578,129.25999450683594,16443,0.0,0.0
2024-04-25 11:30:00-04:00,129.125,129.24000549316406,129.05999755859375,129.14999389648438,6137,0.0,0.0
2024-04-25 12:30:00-04:00,128.99229431152344,129.22500610351562,128.36000061035156,128.3699951171875,13797,0.0,0.0
2024-04-25 13:30:00-04:00,128.4250030517578,129.21499633789062,128.4250030517578,129.0500030517578,9974,0.0,0.0
2024-04-25 14:30:00-04:00,128.9199981689453,129.02499389648438,128.6699981689453,128.97999572753906,16697,0.0,0.0
2024-04-25 15:30:00-04:00,128.88999938964844,128.9199981689453,128.5050048828125,128.77999877929688,53281,0.0,0.0
2024-04-26 09:30:00-04:00,128.25,128.36500549316406,127.125,127.25,25869,0.0,0.0
2024-04-26 10:30:00-04:00,127.24500274658203,127.68499755859375,127.24500274658203,127.25,23677,0.0,0.0
2024-04-26 11:30:00-04:00,127.31999969482422,127.31999969482422,126.6050033569336,127.04000091552734,23485,0.0,0.0
2024-04-26 12:30:00-04:00,127.21499633789062,127.33999633789062,126.98999786376953,127.2699966430664,16226,0.0,0.0
2024-04-26 13:30:00-04:00,127.27999877929688,127.79000091552734,127.19000244140625,127.625,16933,0.0,0.0
2024-04-26 14:30:00-04:00,127.54000091552734,127.6500015258789,127.41000366210938,127.52999877929688,22115,0.0,0.0
2024-04-26 15:30:00-04:00,127.4800033569336,127.55999755859375,126.93000030517578,127.27999877929688,75626,0.0,0.0
2024-04-29 09:30:00-04:00,127.70999908447266,128.7100067138672,127.70999908447266,128.3249969482422,19070,0.0,0.0
2024-04-29 10:30:00-04:00,128.25,128.61000061035156,128.04209899902344,128.49000549316406,23392,0.0,0.0
2024-04-29 11:30:00-04:00,128.49000549316406,128.72999572753906,128.0500030517578,128.7100067138672,21599,0.0,0.0
2024-04-29 12:30:00-04:00,128.72000122070312,128.83999633789062,128.3800048828125,128.52999877929688,16031,0.0,0.0
2024-04-29 13:30:00-04:00,128.60000610351562,128.64999389648438,127.95999908447266,128.5,24597,0.0,0.0
2024-04-29 14:30:00-04:00,128.35000610351562,128.4199981689453,127.66000366210938,127.87999725341797,35930,0.0,0.0
2024-04-29 15:30:00-04:00,127.95500183105469,128.0050048828125,127.58499908447266,127.70999908447266,75176,0.0,0.0
2024-04-30 09:30:00-04:00,127.5,127.66999816894531,127.16000366210938,127.20500183105469,12250,0.0,0.0
2024-04-30 10:30:00-04:00,127.06999969482422,127.06999969482422,126.45999908447266,126.57499694824219,21085,0.0,0.0
2024-04-30 11:30:00-04:00,126.51000213623047,127.20999908447266,126.43000030517578,127.06999969482422,19818,0.0,0.0
2024-04-30 12:30:00-04:00,127.05999755859375,127.13999938964844,126.81999969482422,127.12999725341797,16372,0.0,0.0
2024-04-30 13:30:00-04:00,127.43000030517578,127.54000091552734,127.24150085449219,127.29000091552734,17802,0.0,0.0
2024-04-30 14:30:00-04:00,127.4000015258789,127.44000244140625,127.1500015258789,127.3010025024414,24124,0.0,0.0
2024-04-30 15:30:00-04:00,127.29000091552734,127.91999816894531,127.26499938964844,127.75499725341797,75648,0.0,0.0
2024-05-01 09:30:00-04:00,127.56999969482422,129.13999938964844,127.41010284423828,128.3300018310547,17635,0.0,0.0
2024-05-01 10:30:00-04:00,128.82000732421875,129.44000244140625,128.67999267578125,129.22000122070312,11635,0.0,0.0
2024-05-01 11:30:00-04:00,129.16000366210938,129.27999877929688,128.85000610351562,129.1699981689453,9537,0.0,0.0
2024-05-01 12:30:00-04:00,129.1750030517578,129.48500061035156,128.64500427246094,129.06500244140625,18574,0.0,0.0
2024-05-01 13:30:00-04:00,128.98500061035156,129.31500244140625,128.6649932861328,129.17999267578125,26150,0.0,0.0
2024-05-01 14:30:00-04:00,129.22999572753906,130.19000244140625,128.88999938964844,129.82000732421875,28525,0.0,0.0
2024-05-01 15:30:00-04:00,129.66000366210938,129.66000366210938,128.55999755859375,128.57000732421875,37152,0.0,0.0
2024-05-02 09:30:00-04:00,129.85000610351562,130.4600067138672,129.0,129.47000122070312,32861,0.0,0.0
2024-05-02 10:30:00-04:00,129.1300048828125,129.13999938964844,127.87000274658203,128.77499389648438,46439,0.0,0.0
2024-05-02 11:30:00-04:00,128.7949981689453,129.7050018310547,128.52000427246094,128.52000427246094,26725,0.0,0.0
2024-05-02 12:30:00-04:00,128.50999450683594,128.80999755859375,128.30999755859375,128.33999633789062,22705,0.0,0.0
2024-05-02 13:30:00-04:00,128.52000427246094,128.6999969482422,127.79000091552734,128.4499969482422,35263,0.0,0.0
2024-05-02 14:30:00-04:00,128.57000732421875,129.17999267578125,126.73999786376953,126.80000305175781,84598,0.0,0.0
2024-05-02 15:30:00-04:00,126.81999969482422,127.69000244140625,126.5199966430664,127.68000030517578,128325,0.0,0.0
2024-05-03 09:30:00-04:00,127.41999816894531,128.13499450683594,126.06999969482422,126.37999725341797,24415,0.0,0.0
2024-05-03 10:30:00-04:00,126.29000091552734,126.29000091552734,125.57499694824219,126.19000244140625,21363,0.0,0.0
2024-05-03 11:30:00-04:00,126.19999694824219,127.0,125.48500061035156,127.0,23383,0.0,0.0
2024-05-03 12:30:00-04:00,127.0999984741211,127.3499984741211,126.88999938964844,127.18990325927734,15783,0.0,0.0
2024-05-03 13:30:00-04:00,127.18000030517578,127.66000366210938,127.05999755859375,127.19999694824219,17260,0.0,0.0
2024-05-03 14:30:00-04:00,127.08999633789062,127.31999969482422,126.7699966430664,126.80000305175781,28399,0.0,0.0
2024-05-03 15:30:00-04:00,126.86000061035156,127.44000244140625,126.84500122070312,127.37000274658203,57757,0.0,0.0
2024-05-06 09:30:00-04:00,128.02999877929688,129.02000427246094,128.02999877929688,128.9199981689453,17163,0.0,0.0
2024-05-06 10:30:00-04:00,128.7899932861328,128.9600067138672,128.5399932861328,128.8350067138672,16015,0.0,0.0
2024-05-06 11:30:00-04:00,128.84500122070312,129.3800048828125,128.84500122070312,129.375,15657,0.0,0.0
2024-05-06 12:30:00-04:00,129.27000427246094,129.58999633789062,129.24000549316406,129.58999633789062,17321,0.0,0.0
2024-05-06 13:30:00-04:00,129.58999633789062,129.77000427246094,129.4499969482422,129.75,21796,0.0,0.0
2024-05-06 14:30:00-04:00,129.72000122070312,129.85000610351562,129.3699951171875,129.3699951171875,27431,0.0,0.0
2024-05-06 15:30:00-04:00,129.4499969482422,130.14999389648438,129.3000030517578,130.11000061035156,61176,0.0,0.0
2024-05-07 09:30:00-04:00,129.9600067138672,130.52999877929688,129.74000549316406,130.52999877929688,13152,0.0,0.0
2024-05-07 10:30:00-04:00,130.55499267578125,130.88999938964844,129.5,129.56500244140625,33351,0.0,0.0
2024-05-07 11:30:00-04:00,129.5749969482422,129.86000061035156,129.27999877929688,129.7050018310547,13348,0.0,0.0
2024-05-07 12:30:00-04:00,129.85000610351562,130.0050048828125,129.6999969482422,129.8800048828125,13040,0.0,0.0
2024-05-07 13:30:00-04:00,129.90499877929688,129.91000366210938,129.7050018310547,129.8699951171875,12805,0.0,0.0
2024-05-07 14:30:00-04:00,129.89999389648438,130.1199951171875,129.5399932861328,129.8000030517578,23689,0.0,0.0
2024-05-07 15:30:00-04:00,129.90499877929688,129.9149932861328,129.1199951171875,129.30999755859375,81538,0.0,0.0
2024-05-08 09:30:00-04:00,129.4600067138672,130.08999633789062,128.25,130.0500030517578,25145,0.0,0.0
2024-05-08 10:30:00-04:00,129.7100067138672,130.27999877929688,129.7100067138672,130.0800018310547,12282,0.0,0.0
2024-05-08 11:30:00-04:00,130.11000061035156,130.13999938964844,129.75,129.86000061035156,13718,0.0,0.0
2024-05-08 12:30:00-04:00,129.85000610351562,130.08999633789062,129.77000427246094,129.9499969482422,11873,0.0,0.0
2024-05-08 13:30:00-04:00,129.9600067138672,130.24000549316406,129.94000244140625,130.24000549316406,14521,0.0,0.0
2024-05-08 14:30:00-04:00,130.24000549316406,130.34500122070312,129.83999633789062,130.07330322265625,20471,0.0,0.0
2024-05-08 15:30:00-04:00,130.0399932861328,130.77000427246094,130.00999450683594,130.58999633789062,77437,0.0,0.0
2024-05-09 09:30:00-04:00,130.1199951171875,131.2100067138672,130.1199951171875,131.17999267578125,10429,0.0,0.0
2024-05-09 10:30:00-04:00,131.3800048828125,131.3800048828125,130.7899932861328,130.79820251464844,12670,0.0,0.0
2024-05-09 11:30:00-04:00,130.78500366210938,131.25,130.78500366210938,131.0,9939,0.0,0.0
2024-05-09 12:30:00-04:00,130.94000244140625,131.1199951171875,130.89999389648438,131.10499572753906,8607,0.0,0.0
2024-05-09 13:30:00-04:00,131.02999877929688,131.0399932861328,130.67999267578125,130.82000732421875,13519,0.0,0.0
2024-05-09 14:30:00-04:00,130.8300018310547,131.0,130.8000030517578,130.93600463867188,14837,0.0,0.0
2024-05-09 15:30:00-04:00,130.9375,131.27000427246094,130.8699951171875,131.16000366210938,34659,0.0,0.0
2024-05-10 09:30:00-04:00,131.85000610351562,131.85000610351562,129.97000122070312,131.5,25979,0.0,0.0
2024-05-10 10:30:00-04:00,131.69000244140625,131.82000732421875,131.02479553222656,131.02479553222656,11830,0.0,0.0
2024-05-10 11:30:00-04:00,131.22000122070312,131.80999755859375,131.1300048828125,131.56500244140625,15759,0.0,0.0
2024-05-10 12:30:00-04:00,131.61000061035156,131.75,131.38999938964844,131.49000549316406,7019,0.0,0.0
2024-05-10 13:30:00-04:00,131.6699981689453,131.6699981689453,131.3800048828125,131.46499633789062,8635,0.0,0.0
2024-05-10 14:30:00-04:00,131.47000122070312,131.6999969482422,131.36500549316406,131.41000366210938,15554,0.0,0.0
2024-05-10 15:30:00-04:00,131.41000366210938,131.61000061035156,131.1999969482422,131.3000030517578,46124,0.0,0.0
2024-05-13 09:30:00-04:00,131.77999877929688,132.47999572753906,131.6300048828125,132.3350067138672,9654,0.0,0.0
2024-05-13 10:30:00-04:00,132.27000427246094,132.27000427246094,131.60000610351562,131.7899932861328,9104,0.0,0.0
2024-05-13 11:30:00-04:00,131.8000030517578,131.8699951171875,131.6199951171875,131.82000732421875,15646,0.0,0.0
2024-05-13 12:30:00-04:00,131.8000030517578,132.05999755859375,131.7100067138672,131.8800048828125,16222,0.0,0.0
2024-05-13 13:30:00-04:00,131.92999267578125,132.1199951171875,131.7100067138672,131.72999572753906,18423,0.0,0.0
2024-05-13 14:30:00-04:00,131.7449951171875,131.97000122070312,131.52000427246094,131.58999633789062,24767,0.0,0.0
2024-05-13 15:30:00-04:00,131.5800018310547,131.6199951171875,131.0399932861328,131.3300018310547,58888,0.0,0.0
2024-05-14 09:30:00-04:00,131.77000427246094,131.77000427246094,130.49000549316406,130.97999572753906,11232,0.0,0.0
2024-05-14 10:30:00-04:00,130.9600067138672,131.07000732421875,130.3300018310547,130.41000366210938,16191,0.0,0.0
2024-05-14 11:30:00-04:00,130.5,130.90499877929688,130.38499450683594,130.5800018310547,21338,0.0,0.0
2024-05-14 12:30:00-04:00,130.66000366210938,130.66000366210938,130.2729949951172,130.32000732421875,11732,0.0,0.0
2024-05-14 13:30:00-04:00,130.3350067138672,130.4199981689453,130.0,130.24000549316406,18663,0.0,0.0
2024-05-14 14:30:00-04:00,130.22500610351562,130.5019989013672,130.07550048828125,130.35499572753906,29502,0.0,0.0
2024-05-14 15:30:00-04:00,130.3800048828125,130.8000030517578,130.2570037841797,130.75999450683594,42921,0.0,0.0
2024-05-15 09:30:00-04:00,130.80999755859375,131.91000366210938,130.80999755859375,131.53500366210938,25987,0.0,0.0
2024-05-15 10:30:00-04:00,131.6199951171875,131.77999877929688,130.97999572753906,131.47999572753906,40423,0.0,0.0
2024-05-15 11:30:00-04:00,131.39500427246094,131.5500030517578,130.75999450683594,130.9199981689453,22877,0.0,0.0
2024-05-15 12:30:00-04:00,131.00999450683594,131.1999969482422,130.80999755859375,130.97000122070312,19875,0.0,0.0
2024-05-15 13:30:00-04:00,130.91000366210938,131.22999572753906,130.8300018310547,131.22000122070312,18432,0.0,0.0
2024-05-15 14:30:00-04:00,131.25999450683594,131.3114013671875,130.64999389648438,131.03500366210938,27488,0.0,0.0
2024-05-15 15:30:00-04:00,131.08999633789062,131.4600067138672,130.9600067138672,131.17999267578125,81071,0.0,0.0
2024-05-16 09:30:00-04:00,131.9600067138672,133.4600067138672,131.91749572753906,132.9600067138672,28085,0.0,0.0
2024-05-16 10:30:00-04:00,132.9499969482422,133.36000061035156,132.88999938964844,133.14999389648438,21622,0.0,0.0
2024-05-16 11:30:00-04:00,133.11300659179688,133.4600067138672,132.89999389648438,133.36000061035156,22982,0.0,0.0
2024-05-16 12:30:00-04:00,133.3300018310547,133.6999969482422,133.3300018310547,133.50999450683594,31721,0.0,0.0
2024-05-16 13:30:00-04:00,133.41000366210938,133.5749969482422,133.3000030517578,133.4600067138672,23038,0.0,0.0
2024-05-16 14:30:00-04:00,133.4550018310547,133.8000030517578,133.4499969482422,133.6750030517578,36277,0.0,0.0
2024-05-16 15:30:00-04:00,133.67999267578125,133.9600067138672,133.44500732421875,133.52999877929688,67661,0.0,0.0
2024-05-17 09:30:00-04:00,133.97999572753906,134.14999389648438,133.5800018310547,133.97000122070312,13989,0.0,0.0
2024-05-17 10:30:00-04:00,133.86000061035156,134.0500030517578,133.74420166015625,133.75,15117,0.0,0.0
2024-05-17 11:30:00-04:00,133.8699951171875,133.9600067138672,133.22999572753906,133.22999572753906,14641,0.0,0.0
2024-05-17 12:30:00-04:00,133.5800018310547,133.7550048828125,133.52999877929688,133.64999389648438,13158,0.0,0.0
2024-05-17 13:30:00-04:00,133.63999938964844,133.85000610351562,133.4600067138672,133.5050048828125,16253,0.0,0.0
2024-05-17 14:30:00-04:00,133.57000732421875,133.77000427246094,133.3800048828125,133.57000732421875,28538,0.0,0.0
2024-05-17 15:30:00-04:00,133.59100341796875,133.81500244140625,133.5,133.5500030517578,61776,0.0,0.0
2024-05-20 09:30:00-04:00,133.6300048828125,133.6300048828125,132.49000549316406,132.49000549316406,16700,0.0,0.0
2024-05-20 10:30:00-04:00,132.47000122070312,133.67999267578125,132.47000122070312,133.38499450683594,19750,0.0,0.0
2024-05-20 11:30:00-04:00,133.36000061035156,133.44000244140625,132.8800048828125,132.92999267578125,13735,0.0,0.0
2024-05-20 12:30:00-04:00,133.00999450683594,133.0749969482422,132.63999938964844,132.63999938964844,10473,0.0,0.0
2024-05-20 13:30:00-04:00,132.5500030517578,132.71499633789062,132.02999877929688,132.3699951171875,17062,0.0,0.0
2024-05-20 14:30:00-04:00,132.25999450683594,132.34519958496094,132.17999267578125,132.18499755859375,12375,0.0,0.0
2024-05-20 15:30:00-04:00,132.13900756835938,132.4600067138672,132.1199951171875,132.35000610351562,32340,0.0,0.0
2024-05-21 09:30:00-04:00,132.4600067138672,133.0800018310547,132.27999877929688,133.02999877929688,10042,0.0,0.0
2024-05-21 10:30:00-04:00,132.91000366210938,134.02000427246094,132.77999877929688,133.02999877929688,28264,0.0,0.0
2024-05-21 11:30:00-04:00,133.0399932861328,133.0399932861328,132.72000122070312,132.8800048828125,8452,0.0,0.0
2024-05-21 12:30:00-04:00,132.89999389648438,133.13999938964844,132.8800048828125,132.96499633789062,6702,0.0,0.0
2024-05-21 13:30:00-04:00,132.8699951171875,132.89999389648438,132.69000244140625,132.69000244140625,10063,0.0,0.0
2024-05-21 14:30:00-04:00,132.5399932861328,132.72000122070312,132.4199981689453,132.5850067138672,9011,0.0,0.0
2024-05-21 15:30:00-04:00,132.6199951171875,132.72999572753906,132.1999969482422,132.5500030517578,36147,0.0,0.0
2024-05-22 09:30:00-04:00,132.05999755859375,132.98170471191406,132.05999755859375,132.77999877929688,7670,0.0,0.0
2024-05-22 10:30:00-04:00,132.52000427246094,132.52000427246094,132.08999633789062,132.08999633789062,5454,0.0,0.0
2024-05-22 11:30:00-04:00,132.19500732421875,132.65499877929688,132.19500732421875,132.65499877929688,4698,0.0,0.0
2024-05-22 12:30:00-04:00,132.66000366210938,132.74000549316406,132.34500122070312,132.34500122070312,7371,0.0,0.0
2024-05-22 13:30:00-04:00,132.34750366210938,132.43499755859375,131.72000122070312,131.72000122070312,11391,0.0,0.0
2024-05-22 14:30:00-04:00,131.51499938964844,131.64999389648438,131.05999755859375,131.05999755859375,34442,0.0,0.0
2024-05-22 15:30:00-04:00,131.1699981689453,131.4600067138672,131.02999877929688,131.35000610351562,43801,0.0,0.0
2024-05-23 09:30:00-04:00,131.1699981689453,131.18499755859375,130.0,130.4969024658203,9788,0.0,0.0
2024-05-23 10:30:00-04:00,130.1649932861328,130.41000366210938,129.86000061035156,129.86000061035156,37986,0.0,0.0
2024-05-23 11:30:00-04:00,129.75999450683594,129.97500610351562,129.6999969482422,129.7100067138672,7555,0.0,0.0
2024-05-23 12:30:00-04:00,129.8000030517578,129.85000610351562,128.9949951171875,129.25,16207,0.0,0.0
2024-05-23 13:30:00-04:00,129.1300048828125,129.14999389648438,128.5449981689453,128.77999877929688,13757,0.0,0.0
2024-05-23 14:30:00-04:00,128.8000030517578,129.11000061035156,128.56500244140625,129.05999755859375,29342,0.0,0.0
2024-05-23 15:30:00-04:00,129.1300048828125,129.1300048828125,128.4499969482422,128.57000732421875,50642,0.0,0.0
2024-05-24 09:30:00-04:00,128.99000549316406,129.2451934814453,128.17999267578125,128.58999633789062,6943,0.0,0.0
2024-05-24 10:30:00-04:00,128.42999267578125,128.5800018310547,128.22000122070312,128.5500030517578,9483,0.0,0.0
2024-05-24 11:30:00-04:00,128.5500030517578,128.9600067138672,128.42999267578125,128.91000366210938,11639,0.0,0.0
2024-05-24 12:30:00-04:00,128.94000244140625,129.05999755859375,128.72000122070312,128.80999755859375,10109,0.0,0.0
2024-05-24 13:30:00-04:00,128.7476043701172,128.8699951171875,128.625,128.625,7154,0.0,0.0
2024-05-24 14:30:00-04:00,128.67999267578125,128.9199981689453,128.5850067138672,128.5850067138672,11012,0.0,0.0
2024-05-24 15:30:00-04:00,128.66000366210938,129.0800018310547,128.66000366210938,129.05999755859375,22094,0.0,0.0
2024-05-28 09:30:00-04:00,128.7100067138672,129.2899932861328,127.66000366210938,127.66000366210938,8217,0.0,0.0
2024-05-28 10:30:00-04:00,127.63999938964844,128.0399932861328,127.4000015258789,127.94000244140625,14257,0.0,0.0
2024-05-28 11:30:00-04:00,127.69999694824219,128.02999877929688,127.69999694824219,128.02000427246094,7984,0.0,0.0
2024-05-28 12:30:00-04:00,127.94039916992188,127.94039916992188,127.33999633789062,127.33999633789062,10885,0.0,0.0
2024-05-28 13:30:00-04:00,127.20999908447266,127.30999755859375,127.0,127.03500366210938,12265,0.0,0.0
2024-05-28 14:30:00-04:00,126.94999694824219,126.94999694824219,126.56999969482422,126.62000274658203,18664,0.0,0.0
2024-05-28 15:30:00-04:00,126.68000030517578,126.79000091552734,126.44999694824219,126.48999786376953,56901,0.0,0.0
2024-05-29 09:30:00-04:00,125.91000366210938,126.29000091552734,125.43000030517578,125.43000030517578,6640,0.0,0.0
2024-05-29 10:30:00-04:00,125.18180084228516,125.3499984741211,125.1050033569336,125.19999694824219,11716,0.0,0.0
2024-05-29 11:30:00-04:00,125.16999816894531,125.20500183105469,124.87139892578125,125.11499786376953,12752,0.0,0.0
2024-05-29 12:30:00-04:00,125.09500122070312,125.29000091552734,124.83000183105469,125.2699966430664,14423,0.0,0.0
2024-05-29 13:30:00-04:00,125.27999877929688,125.33650207519531,124.94999694824219,125.20999908447266,17835,0.0,0.0
2024-05-29 14:30:00-04:00,125.12999725341797,125.4800033569336,125.12000274658203,125.3499984741211,23619,0.0,0.0
2024-05-29 15:30:00-04:00,125.31999969482422,125.80999755859375,125.30999755859375,125.33999633789062,42411,0.0,0.0
2024-05-30 09:30:00-04:00,125.83000183105469,126.83000183105469,125.13999938964844,126.83000183105469,18209,0.0,0.0
2024-05-30 10:30:00-04:00,126.75,127.62999725341797,126.69999694824219,127.62999725341797,18630,0.0,0.0
2024-05-30 11:30:00-04:00,127.66380310058594,127.7699966430664,127.5,127.75,16051,0.0,0.0
2024-05-30 12:30:00-04:00,127.6449966430664,127.98999786376953,127.62000274658203,127.62999725341797,18041,0.0,0.0
2024-05-30 13:30:00-04:00,127.61000061035156,127.79000091552734,127.51000213623047,127.66999816894531,12308,0.0,0.0
2024-05-30 14:30:00-04:00,127.69999694824219,128.02999877929688,127.4800033569336,128.02999877929688,20606,0.0,0.0
2024-05-30 15:30:00-04:00,127.9749984741211,127.9749984741211,127.50499725341797,127.62000274658203,41564,0.0,0.0
2024-05-31 09:30:00-04:00,128.22999572753906,129.0998992919922,128.19500732421875,128.35000610351562,13279,0.0,0.0
2024-05-31 10:30:00-04:00,128.3300018310547,128.7899932861328,128.1414031982422,128.60499572753906,16183,0.0,0.0
2024-05-31 11:30:00-04:00,128.6300048828125,128.8300018310547,128.2292938232422,128.47000122070312,10867,0.0,0.0
2024-05-31 12:30:00-04:00,128.39999389648438,128.67999267578125,128.39999389648438,128.44000244140625,7494,0.0,0.0
2024-05-31 13:30:00-04:00,128.4949951171875,129.0,128.39280700683594,128.9600067138672,8551,0.0,0.0
2024-05-31 14:30:00-04:00,128.8699951171875,128.99000549316406,128.6199951171875,128.6199951171875,14282,0.0,0.0
2024-05-31 15:30:00-04:00,128.6999969482422,129.9199981689453,128.51499938964844,129.82000732421875,66057,0.0,0.0
2024-06-03 09:30:00-04:00,129.91000366210938,129.91000366210938,128.00999450683594,128.00999450683594,17096,0.0,0.0
2024-06-03 10:30:00-04:00,127.7249984741211,128.13999938964844,127.16000366210938,127.66000366210938,9255,0.0,0.0
2024-06-03 11:30:00-04:00,127.56999969482422,128.49000549316406,127.56999969482422,128.13999938964844,10503,0.0,0.0
2024-06-03 12:30:00-04:00,128.13999938964844,128.55999755859375,128.07000732421875,128.19000244140625,12027,0.0,0.0
2024-06-03 13:30:00-04:00,128.1999969482422,128.6699981689453,128.19000244140625,128.44000244140625,12665,0.0,0.0
2024-06-03 14:30:00-04:00,128.46499633789062,128.75999450683594,128.3524932861328,128.5,17964,0.0,0.0
2024-06-03 15:30:00-04:00,128.41000366210938,128.82000732421875,128.25,128.8000030517578,47160,0.0,0.0
2024-06-04 09:30:00-04:00,128.0800018310547,128.625,128.0800018310547,128.15499877929688,8363,0.0,0.0
2024-06-04 10:30:00-04:00,128.16000366210938,128.22999572753906,127.47000122070312,127.80999755859375,23690,0.0,0.0
2024-06-04 11:30:00-04:00,127.71499633789062,127.71499633789062,127.08499908447266,127.58999633789062,14418,0.0,0.0
2024-06-04 12:30:00-04:00,127.54000091552734,127.875,127.38999938964844,127.82499694824219,11683,0.0,0.0
2024-06-04 13:30:00-04:00,127.70999908447266,128.16000366210938,127.70999908447266,128.0449981689453,11219,0.0,0.0
2024-06-04 14:30:00-04:00,128.02999877929688,128.25,127.87999725341797,127.92559814453125,27495,0.0,0.0
2024-06-04 15:30:00-04:00,128.00999450683594,128.11000061035156,127.61000061035156,127.87000274658203,84605,0.0,0.0
2024-06-05 09:30:00-04:00,128.1300048828125,128.1551971435547,125.5,126.29000091552734,13692,0.0,0.0
2024-06-05 10:30:00-04:00,126.55000305175781,127.2699966430664,126.55000305175781,127.0199966430664,16365,0.0,0.0
2024-06-05 11:30:00-04:00,127.11000061035156,127.69499969482422,127.0,127.52999877929688,19527,0.0,0.0
2024-06-05 12:30:00-04:00,127.44000244140625,127.50499725341797,126.94000244140625,127.05000305175781,16770,0.0,0.0
2024-06-05 13:30:00-04:00,127.01000213623047,127.6449966430664,127.01000213623047,127.4000015258789,16606,0.0,0.0
2024-06-05 14:30:00-04:00,127.48999786376953,127.7300033569336,127.4800033569336,127.62999725341797,26341,0.0,0.0
2024-06-05 15:30:00-04:00,127.5999984741211,128.01499938964844,127.5999984741211,127.73999786376953,70561,0.0,0.0
2024-06-06 09:30:00-04:00,128.0800018310547,128.2899932861328,127.94999694824219,127.94999694824219,6835,0.0,0.0
2024-06-06 10:30:00-04:00,127.94999694824219,128.2100067138672,127.19999694824219,128.02000427246094,12908,0.0,0.0
2024-06-06 11:30:00-04:00,127.8499984741211,128.19000244140625,127.73999786376953,127.94000244140625,11814,0.0,0.0
2024-06-06 12:30:00-04:00,127.83999633789062,127.95490264892578,127.54000091552734,127.7699966430664,15752,0.0,0.0
2024-06-06 13:30:00-04:00,127.77999877929688,127.87999725341797,127.26000213623047,127.54000091552734,12418,0.0,0.0
2024-06-06 14:30:00-04:00,127.61000061035156,127.98999786376953,127.5,127.86000061035156,18425,0.0,0.0
2024-06-06 15:30:00-04:00,127.9990005493164,128.75999450683594,127.83999633789062,128.7100067138672,77490,0.0,0.0
2024-06-07 09:30:00-04:00,128.91000366210938,129.57000732421875,128.5,129.57000732421875,6814,0.0,0.0
2024-06-07 10:30:00-04:00,129.61000061035156,130.10000610351562,128.50999450683594,128.50999450683594,14560,0.0,0.0
2024-06-07 11:30:00-04:00,128.67999267578125,129.10000610351562,128.67999267578125,129.10000610351562,11856,0.0,0.0
2024-06-07 12:30:00-04:00,129.1300048828125,129.22999572753906,128.63499450683594,128.9250030517578,14734,0.0,0.0
2024-06-07 13:30:00-04:00,128.9250030517578,128.9250030517578,128.52000427246094,128.85000610351562,15512,0.0,0.0
2024-06-07 14:30:00-04:00,128.7989959716797,129.0500030517578,128.7100067138672,128.83999633789062,31202,0.0,0.0
2024-06-07 15:30:00-04:00,128.83999633789062,128.83999633789062,128.1300048828125,128.22999572753906,64409,0.0,0.0
2024-06-10 09:30:00-04:00,127.29000091552734,127.41000366210938,126.71499633789062,126.81999969482422,13246,0.0,0.0
2024-06-10 10:30:00-04:00,127.00150299072266,127.23999786376953,126.45999908447266,127.23999786376953,15617,0.0,0.0
2024-06-10 11:30:00-04:00,127.20999908447266,127.42500305175781,126.83000183105469,126.83000183105469,8697,0.0,0.0
2024-06-10 12:30:00-04:00,126.83999633789062,127.30000305175781,126.68000030517578,127.12000274658203,19935,0.0,0.0
2024-06-10 13:30:00-04:00,127.3499984741211,127.95500183105469,127.26499938964844,127.77999877929688,17561,0.0,0.0
2024-06-10 14:30:00-04:00,127.83999633789062,127.9000015258789,127.49500274658203,127.86000061035156,17069,0.0,0.0
2024-06-10 15:30:00-04:00,127.81500244140625,127.88999938964844,127.18000030517578,127.2699966430664,48032,0.0,0.0
2024-06-11 09:30:00-04:00,126.75,126.75,125.11499786376953,125.19000244140625,11252,0.0,0.0
2024-06-11 10:30:00-04:00,125.0,125.48500061035156,124.91999816894531,125.29000091552734,9889,0.0,0.0
2024-06-11 11:30:00-04:00,125.55989837646484,125.55999755859375,125.04000091552734,125.06999969482422,14498,0.0,0.0
2024-06-11 12:30:00-04:00,125.22000122070312,125.54000091552734,124.95999908447266,125.0199966430664,15050,0.0,0.0
2024-06-11 13:30:00-04:00,125.08499908447266,125.5199966430664,124.98999786376953,125.37999725341797,14101,0.0,0.0
2024-06-11 14:30:00-04:00,125.38999938964844,125.49500274658203,125.1500015258789,125.2300033569336,16834,0.0,0.0
2024-06-11 15:30:00-04:00,125.30000305175781,125.62000274658203,125.0999984741211,125.37000274658203,63383,0.0,0.0
2024-06-12 09:30:00-04:00,126.05000305175781,126.88999938964844,125.6500015258789,126.88999938964844,8023,0.0,0.0
2024-06-12 10:30:00-04:00,126.67500305175781,127.02999877929688,126.55789947509766,126.7699966430664,14340,0.0,0.0
2024-06-12 11:30:00-04:00,126.73500061035156,126.9000015258789,126.43499755859375,126.87999725341797,8104,0.0,0.0
2024-06-12 12:30:00-04:00,126.7300033569336,126.9000015258789,126.37999725341797,126.37999725341797,8381,0.0,0.0
2024-06-12 13:30:00-04:00,126.37999725341797,126.5,125.12999725341797,125.77999877929688,17920,0.0,0.0
2024-06-12 14:30:00-04:00,125.97000122070312,126.18000030517578,125.0999984741211,125.12999725341797,21392,0.0,0.0
2024-06-12 15:30:00-04:00,125.38999938964844,125.81999969482422,125.19999694824219,125.37999725341797,46256,0.0,0.0
2024-06-13 09:30:00-04:00,125.12000274658203,125.12000274658203,124.0,124.44000244140625,7384,0.0,0.0
2024-06-13 10:30:00-04:00,124.02999877929688,124.2699966430664,123.66000366210938,124.04499816894531,10594,0.0,0.0
2024-06-13 11:30:00-04:00,124.25,124.37000274658203,123.83000183105469,124.05999755859375,7449,0.0,0.0
2024-06-13 12:30:00-04:00,124.2699966430664,124.5,124.26000213623047,124.29499816894531,9499,0.0,0.0
2024-06-13 13:30:00-04:00,124.1500015258789,124.4000015258789,124.13999938964844,124.23999786376953,11844,0.0,0.0
2024-06-13 14:30:00-04:00,124.45999908447266,124.80000305175781,124.44999694824219,124.73999786376953,15397,0.0,0.0
2024-06-13 15:30:00-04:00,124.66000366210938,125.2699966430664,124.5,124.98999786376953,46743,0.0,0.0
2024-06-14 09:30:00-04:00,123.88999938964844,124.80999755859375,123.16999816894531,123.6050033569336,11031,0.0,0.0
2024-06-14 10:30:00-04:00,123.37000274658203,124.05999755859375,123.37000274658203,123.84500122070312,12545,0.0,0.0
2024-06-14 11:30:00-04:00,124.06999969482422,124.06999969482422,123.5199966430664,123.71499633789062,7700,0.0,0.0
2024-06-14 12:30:00-04:00,123.69999694824219,124.0999984741211,123.69999694824219,123.83999633789062,10824,0.0,0.0
2024-06-14 13:30:00-04:00,123.93000030517578,124.08999633789062,123.73999786376953,124.0199966430664,9994,0.0,0.0
2024-06-14 14:30:00-04:00,123.88500213623047,123.94000244140625,123.78500366210938,123.91000366210938,19020,0.0,0.0
2024-06-14 15:30:00-04:00,123.83999633789062,124.22000122070312,123.80999755859375,124.13999938964844,47310,0.0,0.0
2024-06-17 09:30:00-04:00,124.19000244140625,124.87999725341797,123.97000122070312,124.0250015258789,12168,0.0,0.0
2024-06-17 10:30:00-04:00,124.08999633789062,124.27999877929688,123.11499786376953,124.19999694824219,23887,0.0,0.0
2024-06-17 11:30:00-04:00,124.44999694824219,124.44999694824219,124.01000213623047,124.3499984741211,12844,0.0,0.0
2024-06-17 12:30:00-04:00,124.41999816894531,124.52999877929688,124.33999633789062,124.45999908447266,9526,0.0,0.0
2024-06-17 13:30:00-04:00,124.55000305175781,124.70999908447266,124.45999908447266,124.67500305175781,11204,0.0,0.0
2024-06-17 14:30:00-04:00,124.70500183105469,124.7249984741211,124.44000244140625,124.44499969482422,16526,0.0,0.0
2024-06-17 15:30:00-04:00,124.48999786376953,125.06999969482422,124.46499633789062,125.05000305175781,48019,0.0,0.0
2024-06-18 09:30:00-04:00,125.18000030517578,126.18000030517578,124.98999786376953,125.76499938964844,13653,0.0,0.0
2024-06-18 10:30:00-04:00,125.80999755859375,126.16999816894531,125.42500305175781,126.05999755859375,12457,0.0,0.0
2024-06-18 11:30:00-04:00,126.19000244140625,126.61000061035156,126.08000183105469,126.61000061035156,11627,0.0,0.0
2024-06-18 12:30:00-04:00,126.5,126.52999877929688,126.26000213623047,126.36499786376953,13154,0.0,0.0
2024-06-18 13:30:00-04:00,126.36499786376953,126.48999786376953,126.2699966430664,126.36000061035156,11709,0.0,0.0
2024-06-18 14:30:00-04:00,126.36499786376953,126.41000366210938,125.7249984741211,125.86499786376953,20610,0.0,0.0
2024-06-18 15:30:00-04:00,125.87999725341797,126.44999694824219,125.87999725341797,126.44999694824219,49765,0.0,0.0
2024-06-20 09:30:00-04:00,125.66999816894531,126.5999984741211,125.66999816894531,126.51000213623047,40020,0.0,0.0
2024-06-20 10:30:00-04:00,126.5199966430664,126.5199966430664,126.01000213623047,126.32499694824219,14013,0.0,0.0
2024-06-20 11:30:00-04:00,126.32499694824219,126.7699966430664,126.29000091552734,126.61499786376953,20019,0.0,0.0
2024-06-20 12:30:00-04:00,126.55500030517578,126.95999908447266,126.55500030517578,126.95999908447266,10950,0.0,0.0
2024-06-20 13:30:00-04:00,127.04000091552734,127.61000061035156,127.04000091552734,127.50499725341797,11157,0.0,0.0
2024-06-20 14:30:00-04:00,127.51139831542969,127.84960174560547,127.5,127.6050033569336,18038,0.0,0.0
2024-06-20 15:30:00-04:00,127.62999725341797,127.7249984741211,127.27999877929688,127.51000213623047,35621,0.0,0.0
2024-06-21 09:30:00-04:00,127.83000183105469,127.83000183105469,126.94000244140625,127.58000183105469,41016,0.0,0.0
2024-06-21 10:30:00-04:00,127.43000030517578,127.5999984741211,127.11000061035156,127.11000061035156,15007,0.0,0.0
2024-06-21 11:30:00-04:00,126.91000366210938,127.04000091552734,126.0199966430664,126.31999969482422,46637,0.0,0.0
2024-06-21 12:30:00-04:00,126.30500030517578,126.58999633789062,126.30500030517578,126.44000244140625,10846,0.0,0.0
2024-06-21 13:30:00-04:00,126.41000366210938,126.68360137939453,126.375,126.52999877929688,13747,0.0,0.0
2024-06-21 14:30:00-04:00,126.4800033569336,126.60990142822266,126.25,126.3499984741211,19951,0.0,0.0
2024-06-21 15:30:00-04:00,126.33000183105469,126.48999786376953,125.95999908447266,126.20999908447266,91887,0.0,0.0
