Datetime,Open,High,Low,Close,Volume,Dividends,Stock Splits,Capital Gains
2022-06-23 10:30:00-04:00,16.399999618530273,16.399999618530273,16.399999618530273,16.399999618530273,0,0.0,0.0,0.0
2022-06-23 11:30:00-04:00,16.479999542236328,16.479999542236328,16.384899139404297,16.42840003967285,587,0.0,0.0,0.0
2022-06-23 13:30:00-04:00,16.40999984741211,16.440000534057617,16.40999984741211,16.440000534057617,1244,0.0,0.0,0.0
2022-06-23 14:30:00-04:00,16.520000457763672,16.586599349975586,16.513399124145508,16.520000457763672,1319,0.0,0.0,0.0
2022-06-24 09:30:00-04:00,16.84000015258789,17.81999969482422,16.84000015258789,17.114999771118164,15049,0.0,0.0,0.0
2022-06-24 10:30:00-04:00,17.049999237060547,17.170000076293945,17.030000686645508,17.030000686645508,2757,0.0,0.0,0.0
2022-06-24 11:30:00-04:00,17.045000076293945,17.045000076293945,17.045000076293945,17.045000076293945,250,0.0,0.0,0.0
2022-06-24 13:30:00-04:00,17.12529945373535,17.145000457763672,17.12529945373535,17.145000457763672,763,0.0,0.0,0.0
2022-06-27 09:30:00-04:00,17.43000030517578,17.43000030517578,17.079999923706055,17.079999923706055,0,0.0,0.0,0.0
2022-06-27 10:30:00-04:00,17.209999084472656,17.209999084472656,17.209999084472656,17.209999084472656,165,0.0,0.0,0.0
2022-06-27 11:30:00-04:00,17.209999084472656,17.209999084472656,17.06999969482422,17.06999969482422,323,0.0,0.0,0.0
2022-06-27 13:30:00-04:00,17.1299991607666,17.1299991607666,17.110000610351562,17.125,1838,0.0,0.0,0.0
2022-06-27 14:30:00-04:00,17.110000610351562,17.110000610351562,17.10849952697754,17.110000610351562,822,0.0,0.0,0.0
2022-06-27 15:30:00-04:00,17.04789924621582,17.079999923706055,17.04789924621582,17.079999923706055,335,0.0,0.0,0.0
2022-06-28 09:30:00-04:00,17.1476993560791,17.1476993560791,16.989700317382812,16.989700317382812,0,0.0,0.0,0.0
2022-06-28 10:30:00-04:00,16.90999984741211,16.920000076293945,16.90999984741211,16.920000076293945,1053,0.0,0.0,0.0
2022-06-28 11:30:00-04:00,16.631000518798828,16.670000076293945,16.620100021362305,16.620100021362305,4567,0.0,0.0,0.0
2022-06-28 12:30:00-04:00,16.6200008392334,16.655000686645508,16.6200008392334,16.6200008392334,1103,0.0,0.0,0.0
2022-06-28 13:30:00-04:00,16.450000762939453,16.450000762939453,16.424999237060547,16.424999237060547,460,0.0,0.0,0.0
2022-06-28 14:30:00-04:00,16.389999389648438,16.432199478149414,16.389999389648438,16.432199478149414,0,0.0,0.0,0.0
2022-06-29 09:30:00-04:00,16.25,16.25,16.25,16.25,509,0.0,0.0,0.0
2022-06-29 10:30:00-04:00,16.239999771118164,16.239999771118164,16.239999771118164,16.239999771118164,223,0.0,0.0,0.0
2022-06-29 11:30:00-04:00,16.31999969482422,16.320100784301758,16.229999542236328,16.229999542236328,1558,0.0,0.0,0.0
2022-06-29 12:30:00-04:00,16.25,16.25,16.25,16.25,567,0.0,0.0,0.0
2022-06-29 14:30:00-04:00,16.209999084472656,16.209999084472656,16.209999084472656,16.209999084472656,224,0.0,0.0,0.0
2022-06-29 15:30:00-04:00,16.249900817871094,16.280000686645508,16.239999771118164,16.280000686645508,0,0.0,0.0,0.0
2022-06-30 09:30:00-04:00,16.0,16.0,15.64579963684082,15.649999618530273,1323,0.0,0.0,0.0
2022-06-30 10:30:00-04:00,15.710000038146973,15.918499946594238,15.710000038146973,15.918499946594238,906,0.0,0.0,0.0
2022-06-30 11:30:00-04:00,15.960000038146973,15.960000038146973,15.960000038146973,15.960000038146973,111,0.0,0.0,0.0
2022-06-30 12:30:00-04:00,16.09000015258789,16.09000015258789,16.0,16.002599716186523,2344,0.0,0.0,0.0
2022-06-30 13:30:00-04:00,16.030000686645508,16.049999237060547,16.030000686645508,16.049999237060547,285,0.0,0.0,0.0
2022-06-30 14:30:00-04:00,15.9399995803833,15.9399995803833,15.829999923706055,15.84000015258789,1736,0.0,0.0,0.0
2022-06-30 15:30:00-04:00,15.899999618530273,15.899999618530273,15.890000343322754,15.890000343322754,357,0.0,0.0,0.0
2022-07-01 09:30:00-04:00,15.9399995803833,16.239999771118164,15.864999771118164,16.18000030517578,0,0.0,0.0,0.0
2022-07-01 10:30:00-04:00,15.920000076293945,15.920000076293945,15.920000076293945,15.920000076293945,100,0.0,0.0,0.0
2022-07-01 11:30:00-04:00,16.110000610351562,16.110000610351562,16.110000610351562,16.110000610351562,180,0.0,0.0,0.0
2022-07-01 12:30:00-04:00,15.949999809265137,16.03890037536621,15.949999809265137,15.989999771118164,1467,0.0,0.0,0.0
2022-07-01 15:30:00-04:00,16.190000534057617,16.200000762939453,16.190000534057617,16.200000762939453,2300,0.0,0.0,0.0
2022-07-05 09:30:00-04:00,16.109899520874023,16.25,16.0,16.25,0,0.0,0.0,0.0
2022-07-05 10:30:00-04:00,16.469999313354492,16.469999313354492,16.469999313354492,16.469999313354492,218,0.0,0.0,0.0
2022-07-05 11:30:00-04:00,16.280000686645508,16.40999984741211,16.264999389648438,16.399999618530273,6906,0.0,0.0,0.0
2022-07-05 12:30:00-04:00,16.420000076293945,16.420000076293945,16.350000381469727,16.350000381469727,1364,0.0,0.0,0.0
2022-07-05 13:30:00-04:00,16.579999923706055,16.579999923706055,16.559999465942383,16.559999465942383,556,0.0,0.0,0.0
2022-07-05 14:30:00-04:00,16.635000228881836,16.643199920654297,16.635000228881836,16.643199920654297,318,0.0,0.0,0.0
2022-07-05 15:30:00-04:00,16.700000762939453,16.700000762939453,16.700000762939453,16.700000762939453,0,0.0,0.0,0.0
2022-07-06 09:30:00-04:00,16.68000030517578,16.760099411010742,16.584999084472656,16.584999084472656,1080,0.0,0.0,0.0
2022-07-06 10:30:00-04:00,16.59000015258789,16.59000015258789,16.59000015258789,16.59000015258789,309,0.0,0.0,0.0
2022-07-06 12:30:00-04:00,16.565000534057617,16.59939956665039,16.565000534057617,16.570499420166016,816,0.0,0.0,0.0
2022-07-06 14:30:00-04:00,16.649999618530273,16.649999618530273,16.649999618530273,16.649999618530273,1100,0.0,0.0,0.0
2022-07-06 15:30:00-04:00,16.639999389648438,16.676700592041016,16.5674991607666,16.5674991607666,7830,0.0,0.0,0.0
2022-07-07 09:30:00-04:00,16.690000534057617,16.886999130249023,16.690000534057617,16.886999130249023,0,0.0,0.0,0.0
2022-07-07 10:30:00-04:00,16.790000915527344,16.853300094604492,16.790000915527344,16.853300094604492,5262,0.0,0.0,0.0
2022-07-07 11:30:00-04:00,16.93000030517578,16.93000030517578,16.93000030517578,16.93000030517578,108,0.0,0.0,0.0
2022-07-07 12:30:00-04:00,16.959999084472656,16.979999542236328,16.95509910583496,16.971099853515625,2672,0.0,0.0,0.0
2022-07-07 13:30:00-04:00,17.009899139404297,17.030000686645508,17.009899139404297,17.01930046081543,1837,0.0,0.0,0.0
2022-07-07 14:30:00-04:00,17.0,17.068199157714844,17.0,17.068199157714844,4368,0.0,0.0,0.0
2022-07-07 15:30:00-04:00,17.014999389648438,17.014999389648438,17.014999389648438,17.014999389648438,537,0.0,0.0,0.0
2022-07-08 09:30:00-04:00,16.950000762939453,16.950000762939453,16.769899368286133,16.809999465942383,0,0.0,0.0,0.0
2022-07-08 12:30:00-04:00,16.868499755859375,16.8799991607666,16.868499755859375,16.8799991607666,215,0.0,0.0,0.0
2022-07-08 13:30:00-04:00,16.9325008392334,16.9325008392334,16.929000854492188,16.929000854492188,1222,0.0,0.0,0.0
2022-07-08 14:30:00-04:00,16.949899673461914,16.949899673461914,16.949899673461914,16.949899673461914,133,0.0,0.0,0.0
2022-07-08 15:30:00-04:00,16.940000534057617,16.974700927734375,16.940000534057617,16.974700927734375,100,0.0,0.0,0.0
2022-07-11 09:30:00-04:00,16.780000686645508,16.780000686645508,16.780000686645508,16.780000686645508,419,0.0,0.0,0.0
2022-07-11 10:30:00-04:00,16.56999969482422,16.56999969482422,16.56999969482422,16.56999969482422,105,0.0,0.0,0.0
2022-07-11 11:30:00-04:00,16.600000381469727,16.600000381469727,16.600000381469727,16.600000381469727,205,0.0,0.0,0.0
2022-07-11 12:30:00-04:00,16.540000915527344,16.607500076293945,16.540000915527344,16.607500076293945,824,0.0,0.0,0.0
2022-07-11 13:30:00-04:00,16.621000289916992,16.621000289916992,16.621000289916992,16.621000289916992,250,0.0,0.0,0.0
2022-07-11 14:30:00-04:00,16.600000381469727,16.600000381469727,16.510000228881836,16.510000228881836,1410,0.0,0.0,0.0
2022-07-11 15:30:00-04:00,16.549999237060547,16.549999237060547,16.5049991607666,16.514799118041992,0,0.0,0.0,0.0
2022-07-12 09:30:00-04:00,16.530000686645508,16.530000686645508,16.190000534057617,16.190000534057617,0,0.0,0.0,0.0
2022-07-12 10:30:00-04:00,16.040000915527344,16.139999389648438,16.020000457763672,16.020000457763672,2603,0.0,0.0,0.0
2022-07-12 11:30:00-04:00,16.1299991607666,16.1299991607666,15.916600227355957,15.916600227355957,2782,0.0,0.0,0.0
2022-07-13 09:30:00-04:00,15.75,15.75,15.5649995803833,15.65999984741211,0,0.0,0.0,0.0
2022-07-13 10:30:00-04:00,15.809900283813477,16.010000228881836,15.809900283813477,16.010000228881836,2050,0.0,0.0,0.0
2022-07-13 12:30:00-04:00,15.94279956817627,15.94279956817627,15.94279956817627,15.94279956817627,193,0.0,0.0,0.0
2022-07-13 14:30:00-04:00,15.9399995803833,15.9399995803833,15.9399995803833,15.9399995803833,485,0.0,0.0,0.0
2022-07-14 09:30:00-04:00,15.524700164794922,15.524700164794922,15.350000381469727,15.350000381469727,0,0.0,0.0,0.0
2022-07-14 10:30:00-04:00,15.399999618530273,15.583999633789062,15.399999618530273,15.583999633789062,531,0.0,0.0,0.0
2022-07-14 11:30:00-04:00,15.589900016784668,15.589900016784668,15.589900016784668,15.589900016784668,1328,0.0,0.0,0.0
2022-07-14 12:30:00-04:00,15.470000267028809,15.520000457763672,15.470000267028809,15.520000457763672,473,0.0,0.0,0.0
2022-07-14 14:30:00-04:00,15.689499855041504,15.689499855041504,15.53499984741211,15.53499984741211,0,0.0,0.0,0.0
2022-07-15 09:30:00-04:00,15.571399688720703,15.619999885559082,15.571399688720703,15.619999885559082,329,0.0,0.0,0.0
2022-07-15 10:30:00-04:00,15.720000267028809,15.720000267028809,15.720000267028809,15.720000267028809,520,0.0,0.0,0.0
2022-07-15 11:30:00-04:00,15.789999961853027,15.845000267028809,15.789999961853027,15.845000267028809,328,0.0,0.0,0.0
2022-07-18 09:30:00-04:00,16.114999771118164,16.270000457763672,16.110000610351562,16.110000610351562,2674,0.0,0.0,0.0
2022-07-18 10:30:00-04:00,16.1299991607666,16.1299991607666,16.040000915527344,16.040000915527344,1516,0.0,0.0,0.0
2022-07-18 11:30:00-04:00,16.15999984741211,16.15999984741211,16.139999389648438,16.139999389648438,1149,0.0,0.0,0.0
2022-07-18 12:30:00-04:00,16.25,16.25,16.121000289916992,16.121000289916992,1097,0.0,0.0,0.0
2022-07-18 13:30:00-04:00,16.102100372314453,16.102100372314453,16.100000381469727,16.100000381469727,566,0.0,0.0,0.0
2022-07-18 14:30:00-04:00,16.0,16.010000228881836,15.9399995803833,15.9399995803833,416,0.0,0.0,0.0
2022-07-18 15:30:00-04:00,15.880000114440918,15.884099960327148,15.880000114440918,15.884099960327148,165,0.0,0.0,0.0
2022-07-19 09:30:00-04:00,16.010000228881836,16.010000228881836,15.899999618530273,15.899999618530273,0,0.0,0.0,0.0
2022-07-19 11:30:00-04:00,16.190000534057617,16.190000534057617,16.15719985961914,16.185699462890625,2103,0.0,0.0,0.0
2022-07-19 12:30:00-04:00,16.180999755859375,16.200300216674805,16.174999237060547,16.200000762939453,7761,0.0,0.0,0.0
2022-07-19 13:30:00-04:00,16.239500045776367,16.239500045776367,16.239500045776367,16.239500045776367,251,0.0,0.0,0.0
2022-07-19 15:30:00-04:00,16.299999237060547,16.299999237060547,16.293399810791016,16.293399810791016,300,0.0,0.0,0.0
2022-07-20 09:30:00-04:00,16.399999618530273,16.770000457763672,16.399999618530273,16.739999771118164,0,0.0,0.0,0.0
2022-07-20 10:30:00-04:00,16.899999618530273,17.010000228881836,16.899900436401367,16.969999313354492,4087,0.0,0.0,0.0
2022-07-20 11:30:00-04:00,16.989999771118164,16.989999771118164,16.989999771118164,16.989999771118164,184,0.0,0.0,0.0
2022-07-20 12:30:00-04:00,17.017499923706055,17.030000686645508,16.780000686645508,17.000499725341797,0,0.0,0.0,0.0
2022-07-21 09:30:00-04:00,16.989999771118164,16.989999771118164,16.989999771118164,16.989999771118164,258,0.0,0.0,0.0
2022-07-21 10:30:00-04:00,16.84000015258789,17.020000457763672,16.84000015258789,17.020000457763672,1295,0.0,0.0,0.0
2022-07-21 11:30:00-04:00,17.040000915527344,17.06999969482422,17.030000686645508,17.049999237060547,848,0.0,0.0,0.0
2022-07-21 12:30:00-04:00,17.15999984741211,17.15999984741211,17.15999984741211,17.15999984741211,321,0.0,0.0,0.0
2022-07-21 13:30:00-04:00,17.079999923706055,17.1200008392334,17.079999923706055,17.100000381469727,1338,0.0,0.0,0.0
2022-07-21 14:30:00-04:00,17.100000381469727,17.100000381469727,17.091999053955078,17.094999313354492,726,0.0,0.0,0.0
2022-07-22 09:30:00-04:00,17.399999618530273,17.399999618530273,17.059999465942383,17.06999969482422,0,0.0,0.0,0.0
2022-07-22 10:30:00-04:00,17.020000457763672,17.020000457763672,16.898799896240234,16.898799896240234,274,0.0,0.0,0.0
2022-07-22 11:30:00-04:00,16.75,16.75,16.69070053100586,16.69070053100586,801,0.0,0.0,0.0
2022-07-22 12:30:00-04:00,16.640199661254883,16.640199661254883,16.6200008392334,16.6200008392334,1365,0.0,0.0,0.0
2022-07-22 13:30:00-04:00,16.600000381469727,16.600000381469727,16.600000381469727,16.600000381469727,616,0.0,0.0,0.0
2022-07-25 09:30:00-04:00,16.469999313354492,16.47010040283203,16.40999984741211,16.40999984741211,0,0.0,0.0,0.0
2022-07-25 10:30:00-04:00,16.420000076293945,16.420000076293945,16.420000076293945,16.420000076293945,541,0.0,0.0,0.0
2022-07-25 11:30:00-04:00,16.450000762939453,16.450000762939453,16.449800491333008,16.449800491333008,1009,0.0,0.0,0.0
2022-07-25 12:30:00-04:00,16.49880027770996,16.49880027770996,16.49880027770996,16.49880027770996,160,0.0,0.0,0.0
2022-07-25 13:30:00-04:00,16.38920021057129,16.405500411987305,16.38920021057129,16.405500411987305,332,0.0,0.0,0.0
2022-07-26 09:30:00-04:00,16.280000686645508,16.280000686645508,16.280000686645508,16.280000686645508,0,0.0,0.0,0.0
2022-07-26 11:30:00-04:00,16.0,16.0,15.890000343322754,15.890000343322754,1468,0.0,0.0,0.0
2022-07-26 12:30:00-04:00,15.930000305175781,15.949999809265137,15.876999855041504,15.876999855041504,0,0.0,0.0,0.0
2022-07-27 09:30:00-04:00,16.210800170898438,16.211999893188477,16.210800170898438,16.211999893188477,1868,0.0,0.0,0.0
2022-07-27 10:30:00-04:00,16.189899444580078,16.229999542236328,16.189899444580078,16.229999542236328,622,0.0,0.0,0.0
2022-07-27 14:30:00-04:00,16.509000778198242,16.509000778198242,16.509000778198242,16.509000778198242,183,0.0,0.0,0.0
2022-07-27 15:30:00-04:00,16.59000015258789,16.610000610351562,16.549100875854492,16.549100875854492,300,0.0,0.0,0.0
2022-07-28 09:30:00-04:00,16.31909942626953,16.31909942626953,16.31909942626953,16.31909942626953,0,0.0,0.0,0.0
2022-07-28 10:30:00-04:00,16.350000381469727,16.549999237060547,16.350000381469727,16.549999237060547,327,0.0,0.0,0.0
2022-07-28 12:30:00-04:00,16.670000076293945,16.670000076293945,16.670000076293945,16.670000076293945,121,0.0,0.0,0.0
2022-07-28 13:30:00-04:00,16.75,16.75,16.733400344848633,16.737699508666992,1204,0.0,0.0,0.0
2022-07-28 14:30:00-04:00,16.739999771118164,16.739999771118164,16.73509979248047,16.73509979248047,303,0.0,0.0,0.0
2022-07-29 09:30:00-04:00,16.790000915527344,16.860000610351562,16.73550033569336,16.809999465942383,1816,0.0,0.0,0.0
2022-07-29 10:30:00-04:00,16.709999084472656,16.709999084472656,16.709999084472656,16.709999084472656,258,0.0,0.0,0.0
2022-07-29 11:30:00-04:00,16.690000534057617,16.690000534057617,16.65999984741211,16.65999984741211,750,0.0,0.0,0.0
2022-07-29 12:30:00-04:00,16.670000076293945,16.709999084472656,16.670000076293945,16.709999084472656,1475,0.0,0.0,0.0
2022-07-29 14:30:00-04:00,16.809999465942383,16.829999923706055,16.809999465942383,16.809999465942383,3247,0.0,0.0,0.0
2022-07-29 15:30:00-04:00,16.879600524902344,16.899999618530273,16.869800567626953,16.869800567626953,1215,0.0,0.0,0.0
2022-08-01 09:30:00-04:00,16.799999237060547,16.90999984741211,16.75,16.90999984741211,0,0.0,0.0,0.0
2022-08-01 10:30:00-04:00,17.0,17.07550048828125,17.0,17.059600830078125,1843,0.0,0.0,0.0
2022-08-01 11:30:00-04:00,17.0,17.04599952697754,16.99970054626465,17.04599952697754,1681,0.0,0.0,0.0
2022-08-01 12:30:00-04:00,16.969999313354492,16.969999313354492,16.95680046081543,16.95680046081543,1328,0.0,0.0,0.0
2022-08-01 13:30:00-04:00,16.84000015258789,16.850099563598633,16.84000015258789,16.850099563598633,357,0.0,0.0,0.0
2022-08-01 14:30:00-04:00,16.898500442504883,16.898500442504883,16.898500442504883,16.898500442504883,100,0.0,0.0,0.0
2022-08-01 15:30:00-04:00,16.920000076293945,16.950000762939453,16.909500122070312,16.909500122070312,0,0.0,0.0,0.0
2022-08-02 09:30:00-04:00,16.8799991607666,16.946399688720703,16.8799991607666,16.946399688720703,1357,0.0,0.0,0.0
2022-08-02 10:30:00-04:00,16.949600219726562,17.040000915527344,16.920000076293945,17.013399124145508,25641,0.0,0.0,0.0
2022-08-02 11:30:00-04:00,17.1200008392334,17.1200008392334,17.11009979248047,17.11009979248047,1345,0.0,0.0,0.0
2022-08-02 12:30:00-04:00,17.219999313354492,17.219999313354492,17.219999313354492,17.219999313354492,200,0.0,0.0,0.0
2022-08-02 13:30:00-04:00,17.100000381469727,17.118200302124023,17.100000381469727,17.118200302124023,833,0.0,0.0,0.0
2022-08-02 14:30:00-04:00,17.139999389648438,17.139999389648438,17.139999389648438,17.139999389648438,204,0.0,0.0,0.0
2022-08-02 15:30:00-04:00,17.100000381469727,17.100000381469727,17.059999465942383,17.059999465942383,395,0.0,0.0,0.0
2022-08-03 09:30:00-04:00,17.209999084472656,17.59000015258789,17.209999084472656,17.59000015258789,0,0.0,0.0,0.0
2022-08-03 10:30:00-04:00,17.450000762939453,17.5,17.440000534057617,17.5,12921,0.0,0.0,0.0
2022-08-03 11:30:00-04:00,17.6299991607666,17.64240074157715,17.6299991607666,17.639999389648438,973,0.0,0.0,0.0
2022-08-03 12:30:00-04:00,17.64859962463379,17.729999542236328,17.644899368286133,17.729999542236328,2378,0.0,0.0,0.0
2022-08-03 13:30:00-04:00,17.704999923706055,17.70829963684082,17.704999923706055,17.70829963684082,299,0.0,0.0,0.0
2022-08-03 14:30:00-04:00,17.70009994506836,17.70009994506836,17.681299209594727,17.681299209594727,4855,0.0,0.0,0.0
2022-08-03 15:30:00-04:00,17.729999542236328,17.739200592041016,17.700000762939453,17.700000762939453,1126,0.0,0.0,0.0
2022-08-04 09:30:00-04:00,17.75,17.75,17.670000076293945,17.670000076293945,0,0.0,0.0,0.0
2022-08-04 10:30:00-04:00,17.559900283813477,17.559900283813477,17.559900283813477,17.559900283813477,181,0.0,0.0,0.0
2022-08-04 11:30:00-04:00,17.600000381469727,17.600000381469727,17.600000381469727,17.600000381469727,180,0.0,0.0,0.0
2022-08-04 12:30:00-04:00,17.68000030517578,17.68000030517578,17.62420082092285,17.661800384521484,935,0.0,0.0,0.0
2022-08-04 13:30:00-04:00,17.739999771118164,17.75,17.739999771118164,17.743200302124023,3041,0.0,0.0,0.0
2022-08-04 14:30:00-04:00,17.719999313354492,17.719999313354492,17.719999313354492,17.719999313354492,111,0.0,0.0,0.0
2022-08-04 15:30:00-04:00,17.81999969482422,17.850000381469727,17.81999969482422,17.850000381469727,862,0.0,0.0,0.0
2022-08-05 09:30:00-04:00,17.600000381469727,17.943099975585938,17.520999908447266,17.943099975585938,0,0.0,0.0,0.0
2022-08-05 10:30:00-04:00,17.93000030517578,17.93000030517578,17.860000610351562,17.860000610351562,1012,0.0,0.0,0.0
2022-08-05 11:30:00-04:00,17.729999542236328,17.76580047607422,17.729999542236328,17.76580047607422,560,0.0,0.0,0.0
2022-08-05 12:30:00-04:00,17.97760009765625,17.989999771118164,17.97760009765625,17.989999771118164,899,0.0,0.0,0.0
2022-08-05 13:30:00-04:00,18.0049991607666,18.009000778198242,18.0,18.0,2917,0.0,0.0,0.0
2022-08-05 14:30:00-04:00,17.950000762939453,17.95989990234375,17.928300857543945,17.928300857543945,4081,0.0,0.0,0.0
2022-08-05 15:30:00-04:00,17.93000030517578,17.97800064086914,17.93000030517578,17.97800064086914,161,0.0,0.0,0.0
2022-08-08 09:30:00-04:00,18.059999465942383,18.41860008239746,18.059999465942383,18.41860008239746,0,0.0,0.0,0.0
2022-08-08 10:30:00-04:00,18.44339942932129,18.450000762939453,18.399900436401367,18.399900436401367,1126,0.0,0.0,0.0
2022-08-08 11:30:00-04:00,18.358400344848633,18.358400344848633,18.219999313354492,18.219999313354492,5048,0.0,0.0,0.0
2022-08-08 12:30:00-04:00,18.215999603271484,18.26799964904785,18.215999603271484,18.26129913330078,1493,0.0,0.0,0.0
2022-08-08 13:30:00-04:00,18.290000915527344,18.290000915527344,18.289899826049805,18.289899826049805,1769,0.0,0.0,0.0
2022-08-08 14:30:00-04:00,18.233400344848633,18.25,18.18000030517578,18.18000030517578,2427,0.0,0.0,0.0
2022-08-08 15:30:00-04:00,18.19499969482422,18.19499969482422,18.19499969482422,18.19499969482422,0,0.0,0.0,0.0
2022-08-09 09:30:00-04:00,18.0,18.0,17.739999771118164,17.739999771118164,1344,0.0,0.0,0.0
2022-08-09 10:30:00-04:00,17.75510025024414,17.75510025024414,17.690000534057617,17.690000534057617,1175,0.0,0.0,0.0
2022-08-09 11:30:00-04:00,17.69770050048828,17.69770050048828,17.649999618530273,17.649999618530273,1250,0.0,0.0,0.0
2022-08-09 12:30:00-04:00,17.6200008392334,17.670000076293945,17.6200008392334,17.641599655151367,7296,0.0,0.0,0.0
2022-08-09 14:30:00-04:00,17.710599899291992,17.710599899291992,17.710599899291992,17.710599899291992,113,0.0,0.0,0.0
2022-08-09 15:30:00-04:00,17.69099998474121,17.717300415039062,17.690000534057617,17.717300415039062,900,0.0,0.0,0.0
2022-08-10 09:30:00-04:00,18.431499481201172,18.514999389648438,18.431499481201172,18.514999389648438,0,0.0,0.0,0.0
2022-08-10 10:30:00-04:00,18.454999923706055,18.540000915527344,18.454999923706055,18.523399353027344,4362,0.0,0.0,0.0
2022-08-10 11:30:00-04:00,18.51740074157715,18.51740074157715,18.51740074157715,18.51740074157715,170,0.0,0.0,0.0
2022-08-10 12:30:00-04:00,18.469999313354492,18.469999313354492,18.454999923706055,18.454999923706055,575,0.0,0.0,0.0
2022-08-10 13:30:00-04:00,18.510000228881836,18.510000228881836,18.49799919128418,18.49799919128418,569,0.0,0.0,0.0
2022-08-10 14:30:00-04:00,18.520000457763672,18.520000457763672,18.450000762939453,18.456199645996094,940,0.0,0.0,0.0
2022-08-10 15:30:00-04:00,18.5,18.5,18.459999084472656,18.459999084472656,23523,0.0,0.0,0.0
2022-08-11 09:30:00-04:00,18.608999252319336,18.76460075378418,18.522899627685547,18.729999542236328,0,0.0,0.0,0.0
2022-08-11 10:30:00-04:00,18.709999084472656,18.709999084472656,18.3799991607666,18.420000076293945,3076,0.0,0.0,0.0
2022-08-11 11:30:00-04:00,18.405000686645508,18.405000686645508,18.223400115966797,18.223400115966797,1898,0.0,0.0,0.0
2022-08-11 12:30:00-04:00,18.280099868774414,18.30139923095703,18.280099868774414,18.299999237060547,581,0.0,0.0,0.0
2022-08-11 13:30:00-04:00,18.26099967956543,18.277999877929688,18.260000228881836,18.260000228881836,2175,0.0,0.0,0.0
2022-08-11 14:30:00-04:00,18.1200008392334,18.15049934387207,18.1200008392334,18.15049934387207,678,0.0,0.0,0.0
2022-08-11 15:30:00-04:00,18.15999984741211,18.15999984741211,18.15180015563965,18.15180015563965,0,0.0,0.0,0.0
2022-08-12 10:30:00-04:00,18.180099487304688,18.329999923706055,18.18000030517578,18.329999923706055,3661,0.0,0.0,0.0
2022-08-12 11:30:00-04:00,18.34000015258789,18.34000015258789,18.30500030517578,18.30500030517578,967,0.0,0.0,0.0
2022-08-12 12:30:00-04:00,18.389999389648438,18.389999389648438,18.340700149536133,18.340700149536133,1694,0.0,0.0,0.0
2022-08-12 13:30:00-04:00,18.43000030517578,18.440000534057617,18.420000076293945,18.420000076293945,4004,0.0,0.0,0.0
2022-08-12 14:30:00-04:00,18.434999465942383,18.478500366210938,18.434999465942383,18.46269989013672,3187,0.0,0.0,0.0
2022-08-15 09:30:00-04:00,18.43000030517578,18.75,18.43000030517578,18.488300323486328,0,0.0,0.0,0.0
2022-08-15 10:30:00-04:00,18.437400817871094,18.437400817871094,18.437400817871094,18.437400817871094,220,0.0,0.0,0.0
2022-08-15 11:30:00-04:00,18.459999084472656,18.5,18.459999084472656,18.479999542236328,14776,0.0,0.0,0.0
2022-08-15 12:30:00-04:00,18.449899673461914,18.499799728393555,18.449899673461914,18.489900588989258,1277,0.0,0.0,0.0
2022-08-15 13:30:00-04:00,18.489999771118164,18.489999771118164,18.489700317382812,18.489999771118164,403,0.0,0.0,0.0
2022-08-15 14:30:00-04:00,18.549999237060547,18.559999465942383,18.543399810791016,18.559999465942383,1885,0.0,0.0,0.0
2022-08-15 15:30:00-04:00,18.56999969482422,18.56999969482422,18.520000457763672,18.520000457763672,0,0.0,0.0,0.0
2022-08-16 09:30:00-04:00,18.399999618530273,18.399999618530273,18.209999084472656,18.209999084472656,918,0.0,0.0,0.0
2022-08-16 10:30:00-04:00,18.170000076293945,18.269800186157227,18.059999465942383,18.269800186157227,4366,0.0,0.0,0.0
2022-08-16 11:30:00-04:00,18.280000686645508,18.324100494384766,18.280000686645508,18.322900772094727,826,0.0,0.0,0.0
2022-08-16 12:30:00-04:00,18.31999969482422,18.31999969482422,18.24090003967285,18.24090003967285,395,0.0,0.0,0.0
2022-08-16 13:30:00-04:00,18.359899520874023,18.449899673461914,18.33799934387207,18.449899673461914,6984,0.0,0.0,0.0
2022-08-16 14:30:00-04:00,18.389999389648438,18.389999389648438,18.290000915527344,18.309999465942383,1330,0.0,0.0,0.0
2022-08-16 15:30:00-04:00,18.385499954223633,18.388399124145508,18.385499954223633,18.388399124145508,277,0.0,0.0,0.0
2022-08-17 09:30:00-04:00,18.110000610351562,18.110000610351562,18.009899139404297,18.009899139404297,0,0.0,0.0,0.0
2022-08-17 10:30:00-04:00,17.950000762939453,17.950000762939453,17.909900665283203,17.909900665283203,1787,0.0,0.0,0.0
2022-08-17 11:30:00-04:00,17.905000686645508,17.905000686645508,17.809999465942383,17.859899520874023,1317,0.0,0.0,0.0
2022-08-17 12:30:00-04:00,17.93000030517578,17.93000030517578,17.929800033569336,17.93000030517578,1578,0.0,0.0,0.0
2022-08-17 13:30:00-04:00,17.915000915527344,18.03499984741211,17.915000915527344,18.03499984741211,259,0.0,0.0,0.0
2022-08-17 14:30:00-04:00,18.06999969482422,18.09000015258789,17.950000762939453,17.950000762939453,9352,0.0,0.0,0.0
2022-08-17 15:30:00-04:00,17.93000030517578,17.950000762939453,17.93000030517578,17.93000030517578,0,0.0,0.0,0.0
2022-08-18 09:30:00-04:00,19.0,19.0,17.780000686645508,17.850000381469727,1826,0.0,0.0,0.0
2022-08-18 10:30:00-04:00,17.906999588012695,17.906999588012695,17.889999389648438,17.889999389648438,302,0.0,0.0,0.0
2022-08-18 11:30:00-04:00,17.940000534057617,17.959999084472656,17.940000534057617,17.959999084472656,3357,0.0,0.0,0.0
2022-08-18 12:30:00-04:00,17.96500015258789,17.96500015258789,17.959999084472656,17.959999084472656,12400,0.0,0.0,0.0
2022-08-18 13:30:00-04:00,17.95989990234375,17.95989990234375,17.95989990234375,17.95989990234375,363,0.0,0.0,0.0
2022-08-18 14:30:00-04:00,17.959999084472656,17.975000381469727,17.959999084472656,17.975000381469727,0,0.0,0.0,0.0
2022-08-19 09:30:00-04:00,17.489999771118164,17.691099166870117,17.43670082092285,17.43670082092285,2158,0.0,0.0,0.0
2022-08-19 10:30:00-04:00,17.431499481201172,17.440000534057617,17.344999313354492,17.344999313354492,1819,0.0,0.0,0.0
2022-08-19 11:30:00-04:00,17.35610008239746,17.399900436401367,17.35610008239746,17.38450050354004,1060,0.0,0.0,0.0
2022-08-19 12:30:00-04:00,17.379899978637695,17.379899978637695,17.379899978637695,17.379899978637695,559,0.0,0.0,0.0
2022-08-19 13:30:00-04:00,17.39900016784668,17.420000076293945,17.39900016784668,17.420000076293945,279,0.0,0.0,0.0
2022-08-19 14:30:00-04:00,17.440000534057617,17.440000534057617,17.440000534057617,17.440000534057617,1144,0.0,0.0,0.0
2022-08-19 15:30:00-04:00,17.43000030517578,17.450000762939453,17.43000030517578,17.434999465942383,1126,0.0,0.0,0.0
2022-08-22 09:30:00-04:00,17.3700008392334,17.3700008392334,17.0,17.0,0,0.0,0.0,0.0
2022-08-22 10:30:00-04:00,16.895000457763672,16.95009994506836,16.895000457763672,16.934999465942383,1016,0.0,0.0,0.0
2022-08-22 11:30:00-04:00,17.0,17.0,16.969999313354492,16.969999313354492,1312,0.0,0.0,0.0
2022-08-22 12:30:00-04:00,16.940000534057617,16.969999313354492,16.940000534057617,16.969999313354492,759,0.0,0.0,0.0
2022-08-22 13:30:00-04:00,16.94499969482422,16.979999542236328,16.94499969482422,16.979999542236328,357,0.0,0.0,0.0
2022-08-22 14:30:00-04:00,16.975000381469727,16.975000381469727,16.975000381469727,16.975000381469727,440,0.0,0.0,0.0
2022-08-22 15:30:00-04:00,16.90999984741211,16.959999084472656,16.90999984741211,16.959999084472656,0,0.0,0.0,0.0
2022-08-23 09:30:00-04:00,16.889999389648438,16.940000534057617,16.889999389648438,16.940000534057617,472,0.0,0.0,0.0
2022-08-23 10:30:00-04:00,16.989999771118164,16.989999771118164,16.979999542236328,16.979999542236328,760,0.0,0.0,0.0
2022-08-23 11:30:00-04:00,16.850000381469727,17.020000457763672,16.829999923706055,16.829999923706055,28650,0.0,0.0,0.0
2022-08-23 12:30:00-04:00,16.889999389648438,16.889999389648438,16.889999389648438,16.889999389648438,517,0.0,0.0,0.0
2022-08-23 13:30:00-04:00,16.834999084472656,16.8799991607666,16.834999084472656,16.8799991607666,310,0.0,0.0,0.0
2022-08-24 09:30:00-04:00,16.889999389648438,16.934999465942383,16.81999969482422,16.860700607299805,0,0.0,0.0,0.0
2022-08-24 10:30:00-04:00,17.15999984741211,17.15999984741211,17.15999984741211,17.15999984741211,431,0.0,0.0,0.0
2022-08-24 11:30:00-04:00,17.145000457763672,17.15959930419922,17.145000457763672,17.15959930419922,540,0.0,0.0,0.0
2022-08-24 12:30:00-04:00,17.06999969482422,17.06999969482422,17.06999969482422,17.06999969482422,132,0.0,0.0,0.0
2022-08-24 13:30:00-04:00,17.06209945678711,17.06209945678711,17.060800552368164,17.060800552368164,787,0.0,0.0,0.0
2022-08-24 15:30:00-04:00,17.049999237060547,17.059999465942383,17.036699295043945,17.036699295043945,239,0.0,0.0,0.0
2022-08-25 09:30:00-04:00,17.149999618530273,17.28499984741211,17.149999618530273,17.28499984741211,0,0.0,0.0,0.0
2022-08-25 10:30:00-04:00,17.350000381469727,17.350000381469727,17.350000381469727,17.350000381469727,526,0.0,0.0,0.0
2022-08-25 11:30:00-04:00,17.309999465942383,17.309999465942383,17.309999465942383,17.309999465942383,155,0.0,0.0,0.0
2022-08-25 12:30:00-04:00,17.280000686645508,17.3080997467041,17.280000686645508,17.3080997467041,266,0.0,0.0,0.0
2022-08-25 13:30:00-04:00,17.350000381469727,17.350000381469727,17.34819984436035,17.350000381469727,525,0.0,0.0,0.0
2022-08-25 14:30:00-04:00,17.3700008392334,17.40999984741211,17.329999923706055,17.399999618530273,2440,0.0,0.0,0.0
2022-08-25 15:30:00-04:00,17.399999618530273,17.44849967956543,17.386499404907227,17.44849967956543,981,0.0,0.0,0.0
2022-08-26 09:30:00-04:00,19.0,19.0,17.280000686645508,17.280000686645508,0,0.0,0.0,0.0
2022-08-26 10:30:00-04:00,17.15999984741211,17.15999984741211,16.950000762939453,17.020000457763672,1934,0.0,0.0,0.0
2022-08-26 12:30:00-04:00,17.0,17.0,17.0,17.0,109,0.0,0.0,0.0
2022-08-26 13:30:00-04:00,16.970699310302734,16.970699310302734,16.899999618530273,16.899999618530273,1927,0.0,0.0,0.0
2022-08-26 14:30:00-04:00,16.917999267578125,16.917999267578125,16.899999618530273,16.905000686645508,1645,0.0,0.0,0.0
2022-08-26 15:30:00-04:00,16.875,16.889999389648438,16.875,16.889999389648438,643,0.0,0.0,0.0
2022-08-29 09:30:00-04:00,16.799999237060547,16.799999237060547,16.709999084472656,16.799999237060547,11705,0.0,0.0,0.0
2022-08-29 10:30:00-04:00,16.670000076293945,16.670000076293945,16.670000076293945,16.670000076293945,223,0.0,0.0,0.0
2022-08-29 11:30:00-04:00,16.649999618530273,16.655000686645508,16.639999389648438,16.655000686645508,1052,0.0,0.0,0.0
2022-08-29 12:30:00-04:00,16.68000030517578,16.68000030517578,16.65999984741211,16.68000030517578,704,0.0,0.0,0.0
2022-08-29 13:30:00-04:00,16.719999313354492,16.770000457763672,16.719900131225586,16.770000457763672,2132,0.0,0.0,0.0
2022-08-29 15:30:00-04:00,16.649999618530273,16.649999618530273,16.649999618530273,16.649999618530273,0,0.0,0.0,0.0
2022-08-30 09:30:00-04:00,16.709999084472656,16.709999084472656,16.5,16.5049991607666,1534,0.0,0.0,0.0
2022-08-30 10:30:00-04:00,16.3700008392334,16.461700439453125,16.3700008392334,16.388099670410156,873,0.0,0.0,0.0
2022-08-30 11:30:00-04:00,16.434999465942383,16.489999771118164,16.43000030517578,16.43000030517578,887,0.0,0.0,0.0
2022-08-30 13:30:00-04:00,16.389999389648438,16.389999389648438,16.389999389648438,16.389999389648438,449,0.0,0.0,0.0
2022-08-30 14:30:00-04:00,16.513700485229492,16.520000457763672,16.5,16.5,5219,0.0,0.0,0.0
2022-08-30 15:30:00-04:00,16.489999771118164,16.493600845336914,16.489999771118164,16.493600845336914,0,0.0,0.0,0.0
2022-08-31 09:30:00-04:00,16.549999237060547,16.760000228881836,16.549999237060547,16.690000534057617,2643,0.0,0.0,0.0
2022-08-31 10:30:00-04:00,16.59000015258789,16.59000015258789,16.489999771118164,16.489999771118164,507,0.0,0.0,0.0
2022-08-31 11:30:00-04:00,16.469999313354492,16.469999313354492,16.469999313354492,16.469999313354492,224,0.0,0.0,0.0
2022-08-31 12:30:00-04:00,16.440000534057617,16.440000534057617,16.440000534057617,16.440000534057617,178,0.0,0.0,0.0
2022-08-31 13:30:00-04:00,16.34040069580078,16.34040069580078,16.329999923706055,16.329999923706055,832,0.0,0.0,0.0
2022-08-31 14:30:00-04:00,16.329999923706055,16.397499084472656,16.329999923706055,16.397499084472656,671,0.0,0.0,0.0
2022-09-01 09:30:00-04:00,16.397499084472656,16.397499084472656,15.760000228881836,15.828100204467773,0,0.0,0.0,0.0
2022-09-01 10:30:00-04:00,15.670000076293945,15.670000076293945,15.592499732971191,15.60949993133545,17309,0.0,0.0,0.0
2022-09-01 11:30:00-04:00,15.640000343322754,15.640000343322754,15.61970043182373,15.61970043182373,5720,0.0,0.0,0.0
2022-09-01 12:30:00-04:00,15.638099670410156,15.680000305175781,15.616399765014648,15.680000305175781,4297,0.0,0.0,0.0
2022-09-01 13:30:00-04:00,15.718400001525879,15.770000457763672,15.640000343322754,15.770000457763672,4455,0.0,0.0,0.0
2022-09-01 14:30:00-04:00,15.800000190734863,15.800000190734863,15.800000190734863,15.800000190734863,123,0.0,0.0,0.0
2022-09-01 15:30:00-04:00,15.760000228881836,15.847900390625,15.739999771118164,15.847900390625,1277,0.0,0.0,0.0
2022-09-02 09:30:00-04:00,16.049999237060547,16.049999237060547,15.789999961853027,15.789999961853027,0,0.0,0.0,0.0
2022-09-02 10:30:00-04:00,16.14150047302246,16.14150047302246,16.1299991607666,16.1299991607666,903,0.0,0.0,0.0
2022-09-02 11:30:00-04:00,16.049999237060547,16.049999237060547,16.049999237060547,16.049999237060547,205,0.0,0.0,0.0
2022-09-02 12:30:00-04:00,15.740099906921387,15.740099906921387,15.740099906921387,15.740099906921387,663,0.0,0.0,0.0
2022-09-02 13:30:00-04:00,15.734999656677246,15.734999656677246,15.710000038146973,15.710000038146973,490,0.0,0.0,0.0
2022-09-02 14:30:00-04:00,15.800000190734863,15.800000190734863,15.6899995803833,15.6899995803833,1404,0.0,0.0,0.0
2022-09-02 15:30:00-04:00,15.630000114440918,15.6899995803833,15.619999885559082,15.670000076293945,12570,0.0,0.0,0.0
2022-09-06 09:30:00-04:00,15.640000343322754,15.640000343322754,15.600000381469727,15.600000381469727,844,0.0,0.0,0.0
2022-09-06 10:30:00-04:00,15.699999809265137,15.699999809265137,15.6899995803833,15.6899995803833,1088,0.0,0.0,0.0
2022-09-06 13:30:00-04:00,15.603300094604492,15.603300094604492,15.600000381469727,15.600000381469727,458,0.0,0.0,0.0
2022-09-06 14:30:00-04:00,15.670000076293945,15.670100212097168,15.621000289916992,15.651000022888184,1290,0.0,0.0,0.0
2022-09-06 15:30:00-04:00,15.579999923706055,15.595000267028809,15.579999923706055,15.588000297546387,0,0.0,0.0,0.0
2022-09-07 09:30:00-04:00,15.729999542236328,15.73009967803955,15.510000228881836,15.510000228881836,1660,0.0,0.0,0.0
2022-09-07 10:30:00-04:00,15.633500099182129,15.633500099182129,15.633500099182129,15.633500099182129,1093,0.0,0.0,0.0
2022-09-07 11:30:00-04:00,15.640000343322754,15.720000267028809,15.640000343322754,15.6899995803833,975,0.0,0.0,0.0
2022-09-07 13:30:00-04:00,15.740099906921387,15.922800064086914,15.740099906921387,15.922800064086914,0,0.0,0.0,0.0
2022-09-08 09:30:00-04:00,15.743300437927246,15.970000267028809,15.743300437927246,15.970000267028809,1193,0.0,0.0,0.0
2022-09-08 11:30:00-04:00,16.06999969482422,16.06999969482422,15.895000457763672,15.895000457763672,943,0.0,0.0,0.0
2022-09-08 12:30:00-04:00,16.0049991607666,16.0049991607666,16.0049991607666,16.0049991607666,299,0.0,0.0,0.0
2022-09-08 15:30:00-04:00,16.059999465942383,16.059999465942383,16.059999465942383,16.059999465942383,201,0.0,0.0,0.0
2022-09-09 09:30:00-04:00,16.3700008392334,16.459999084472656,16.3700008392334,16.459999084472656,0,0.0,0.0,0.0
2022-09-09 10:30:00-04:00,16.500900268554688,16.52589988708496,16.500900268554688,16.52589988708496,436,0.0,0.0,0.0
2022-09-09 11:30:00-04:00,16.540000915527344,16.540000915527344,16.5,16.513700485229492,1445,0.0,0.0,0.0
2022-09-09 12:30:00-04:00,16.649999618530273,16.649999618530273,16.649999618530273,16.649999618530273,386,0.0,0.0,0.0
2022-09-09 14:30:00-04:00,16.618799209594727,16.618799209594727,16.618799209594727,16.618799209594727,130,0.0,0.0,0.0
2022-09-09 15:30:00-04:00,16.6200008392334,16.625699996948242,16.59000015258789,16.625699996948242,2338,0.0,0.0,0.0
2022-09-12 09:30:00-04:00,16.770000457763672,16.91900062561035,16.770000457763672,16.875,0,0.0,0.0,0.0
2022-09-12 10:30:00-04:00,16.83329963684082,16.83329963684082,16.829999923706055,16.829999923706055,2018,0.0,0.0,0.0
2022-09-12 11:30:00-04:00,16.790000915527344,16.790000915527344,16.721500396728516,16.721500396728516,816,0.0,0.0,0.0
2022-09-12 12:30:00-04:00,16.8799991607666,16.8799991607666,16.8799991607666,16.8799991607666,524,0.0,0.0,0.0
2022-09-12 13:30:00-04:00,16.875,16.88409996032715,16.875,16.88409996032715,1999,0.0,0.0,0.0
2022-09-12 14:30:00-04:00,16.899999618530273,16.955900192260742,16.899999618530273,16.955900192260742,0,0.0,0.0,0.0
2022-09-13 09:30:00-04:00,16.950000762939453,16.950000762939453,16.209999084472656,16.360000610351562,1287,0.0,0.0,0.0
2022-09-13 10:30:00-04:00,16.438899993896484,16.438899993896484,16.149999618530273,16.16029930114746,2131,0.0,0.0,0.0
2022-09-13 11:30:00-04:00,16.26449966430664,16.26449966430664,16.26449966430664,16.26449966430664,550,0.0,0.0,0.0
2022-09-13 12:30:00-04:00,16.31999969482422,16.31999969482422,16.280000686645508,16.280000686645508,3402,0.0,0.0,0.0
2022-09-13 13:30:00-04:00,16.295000076293945,16.295000076293945,16.295000076293945,16.295000076293945,262,0.0,0.0,0.0
2022-09-13 14:30:00-04:00,16.274999618530273,16.274999618530273,16.18000030517578,16.18000030517578,482,0.0,0.0,0.0
2022-09-13 15:30:00-04:00,16.10689926147461,16.1299991607666,16.049999237060547,16.1299991607666,0,0.0,0.0,0.0
2022-09-14 09:30:00-04:00,16.049999237060547,16.049999237060547,15.944999694824219,16.049999237060547,1714,0.0,0.0,0.0
2022-09-14 12:30:00-04:00,16.209999084472656,16.209999084472656,16.209999084472656,16.209999084472656,322,0.0,0.0,0.0
2022-09-14 14:30:00-04:00,16.118499755859375,16.118499755859375,16.118499755859375,16.118499755859375,1200,0.0,0.0,0.0
2022-09-14 15:30:00-04:00,16.06999969482422,16.18280029296875,16.049999237060547,16.18280029296875,333,0.0,0.0,0.0
2022-09-15 09:30:00-04:00,16.309900283813477,16.309900283813477,16.25,16.280000686645508,0,0.0,0.0,0.0
2022-09-15 10:30:00-04:00,16.09000015258789,16.09000015258789,15.939599990844727,15.939599990844727,2389,0.0,0.0,0.0
2022-09-15 11:30:00-04:00,16.020000457763672,16.020000457763672,15.930000305175781,15.930000305175781,393,0.0,0.0,0.0
2022-09-15 12:30:00-04:00,16.0,16.030000686645508,16.0,16.030000686645508,1338,0.0,0.0,0.0
2022-09-15 13:30:00-04:00,16.020000457763672,16.020000457763672,16.020000457763672,16.020000457763672,656,0.0,0.0,0.0
2022-09-15 14:30:00-04:00,16.010000228881836,16.010000228881836,15.880000114440918,15.93280029296875,0,0.0,0.0,0.0
2022-09-16 09:30:00-04:00,15.579999923706055,15.59000015258789,15.5,15.5600004196167,3640,0.0,0.0,0.0
2022-09-16 11:30:00-04:00,15.520299911499023,15.520299911499023,15.470000267028809,15.470000267028809,761,0.0,0.0,0.0
2022-09-16 12:30:00-04:00,15.470000267028809,15.470000267028809,15.470000267028809,15.470000267028809,452,0.0,0.0,0.0
2022-09-16 13:30:00-04:00,15.430000305175781,15.430000305175781,15.430000305175781,15.430000305175781,201,0.0,0.0,0.0
2022-09-16 14:30:00-04:00,15.425000190734863,15.550600051879883,15.425000190734863,15.550600051879883,2356,0.0,0.0,0.0
2022-09-19 09:30:00-04:00,15.489999771118164,15.489999771118164,15.354999542236328,15.359999656677246,0,0.0,0.0,0.0
2022-09-19 10:30:00-04:00,15.390000343322754,15.390000343322754,15.390000343322754,15.390000343322754,311,0.0,0.0,0.0
2022-09-19 11:30:00-04:00,15.34000015258789,15.34000015258789,15.34000015258789,15.34000015258789,212,0.0,0.0,0.0
2022-09-19 12:30:00-04:00,15.430000305175781,15.430000305175781,15.430000305175781,15.430000305175781,360,0.0,0.0,0.0
2022-09-19 13:30:00-04:00,15.404999732971191,15.404999732971191,15.404999732971191,15.404999732971191,1383,0.0,0.0,0.0
2022-09-19 14:30:00-04:00,15.479999542236328,15.479999542236328,15.479999542236328,15.479999542236328,458,0.0,0.0,0.0
2022-09-19 15:30:00-04:00,15.54010009765625,15.555500030517578,15.539999961853027,15.555500030517578,601,0.0,0.0,0.0
2022-09-20 09:30:00-04:00,15.430000305175781,15.430000305175781,15.329999923706055,15.329999923706055,1834,0.0,0.0,0.0
2022-09-20 10:30:00-04:00,15.3233003616333,15.419899940490723,15.3233003616333,15.419899940490723,1304,0.0,0.0,0.0
2022-09-20 11:30:00-04:00,15.380000114440918,15.380000114440918,15.380000114440918,15.380000114440918,247,0.0,0.0,0.0
2022-09-20 12:30:00-04:00,15.300000190734863,15.300000190734863,15.300000190734863,15.300000190734863,1058,0.0,0.0,0.0
2022-09-20 14:30:00-04:00,15.233099937438965,15.300000190734863,15.233099937438965,15.300000190734863,109,0.0,0.0,0.0
2022-09-21 09:30:00-04:00,15.234999656677246,15.350000381469727,15.234999656677246,15.34000015258789,0,0.0,0.0,0.0
2022-09-21 12:30:00-04:00,15.369999885559082,15.369999885559082,15.369999885559082,15.369999885559082,516,0.0,0.0,0.0
2022-09-21 14:30:00-04:00,15.52810001373291,15.52810001373291,15.470000267028809,15.470000267028809,452,0.0,0.0,0.0
2022-09-21 15:30:00-04:00,15.149999618530273,15.149999618530273,15.093000411987305,15.093000411987305,1358,0.0,0.0,0.0
2022-09-22 09:30:00-04:00,15.069999694824219,15.069999694824219,14.829999923706055,14.829999923706055,1492,0.0,0.0,0.0
2022-09-22 10:30:00-04:00,14.8100004196167,14.8100004196167,14.779999732971191,14.80840015411377,422,0.0,0.0,0.0
2022-09-22 11:30:00-04:00,14.7677001953125,14.7677001953125,14.75,14.75,576,0.0,0.0,0.0
2022-09-22 12:30:00-04:00,14.65999984741211,14.65999984741211,14.65999984741211,14.65999984741211,175,0.0,0.0,0.0
2022-09-22 13:30:00-04:00,14.6899995803833,14.710000038146973,14.680000305175781,14.700699806213379,1535,0.0,0.0,0.0
2022-09-22 14:30:00-04:00,14.680000305175781,14.680000305175781,14.680000305175781,14.680000305175781,414,0.0,0.0,0.0
2022-09-22 15:30:00-04:00,14.760000228881836,14.770000457763672,14.702300071716309,14.702300071716309,401,0.0,0.0,0.0
2022-09-23 09:30:00-04:00,14.5,14.5,14.3100004196167,14.3100004196167,0,0.0,0.0,0.0
2022-09-23 10:30:00-04:00,14.3681001663208,14.3681001663208,14.364999771118164,14.364999771118164,616,0.0,0.0,0.0
2022-09-23 11:30:00-04:00,14.369999885559082,14.369999885559082,14.319899559020996,14.319899559020996,813,0.0,0.0,0.0
2022-09-23 12:30:00-04:00,14.295999526977539,14.300200462341309,14.295999526977539,14.300200462341309,714,0.0,0.0,0.0
2022-09-23 13:30:00-04:00,14.329999923706055,14.329999923706055,14.291600227355957,14.291600227355957,798,0.0,0.0,0.0
2022-09-23 14:30:00-04:00,14.270000457763672,14.350000381469727,14.260000228881836,14.339200019836426,3073,0.0,0.0,0.0
2022-09-23 15:30:00-04:00,14.364999771118164,14.388400077819824,14.364999771118164,14.388400077819824,263,0.0,0.0,0.0
2022-09-26 09:30:00-04:00,14.3100004196167,14.600000381469727,14.3100004196167,14.569999694824219,0,0.0,0.0,0.0
2022-09-26 10:30:00-04:00,14.40999984741211,14.40999984741211,14.40999984741211,14.40999984741211,255,0.0,0.0,0.0
2022-09-26 11:30:00-04:00,14.300000190734863,14.300000190734863,14.239999771118164,14.239999771118164,1317,0.0,0.0,0.0
2022-09-26 12:30:00-04:00,14.234999656677246,14.234999656677246,14.234999656677246,14.234999656677246,150,0.0,0.0,0.0
2022-09-26 13:30:00-04:00,14.264300346374512,14.264300346374512,14.264300346374512,14.264300346374512,856,0.0,0.0,0.0
2022-09-26 14:30:00-04:00,14.342599868774414,14.342599868774414,14.338199615478516,14.338199615478516,0,0.0,0.0,0.0
2022-09-26 15:30:00-04:00,14.3100004196167,14.3100004196167,14.25,14.279999732971191,6657,0.0,0.0,0.0
2022-09-27 09:30:00-04:00,14.539999961853027,14.539999961853027,14.369999885559082,14.410099983215332,29759,0.0,0.0,0.0
2022-09-27 10:30:00-04:00,14.510000228881836,14.510000228881836,14.489999771118164,14.489999771118164,1122,0.0,0.0,0.0
2022-09-27 11:30:00-04:00,14.350000381469727,14.350000381469727,14.219499588012695,14.219499588012695,962,0.0,0.0,0.0
2022-09-27 12:30:00-04:00,14.244000434875488,14.244000434875488,14.244000434875488,14.244000434875488,1133,0.0,0.0,0.0
2022-09-27 14:30:00-04:00,14.34000015258789,14.34000015258789,14.34000015258789,14.34000015258789,155,0.0,0.0,0.0
2022-09-27 15:30:00-04:00,14.329999923706055,14.354700088500977,14.329999923706055,14.354700088500977,2092,0.0,0.0,0.0
2022-09-28 09:30:00-04:00,14.470000267028809,14.470000267028809,14.460000038146973,14.460000038146973,0,0.0,0.0,0.0
2022-09-28 10:30:00-04:00,14.510000228881836,14.555000305175781,14.5,14.555000305175781,579,0.0,0.0,0.0
2022-09-28 11:30:00-04:00,14.640000343322754,14.640000343322754,14.640000343322754,14.640000343322754,110,0.0,0.0,0.0
2022-09-28 12:30:00-04:00,14.59000015258789,14.619999885559082,14.59000015258789,14.59000015258789,0,0.0,0.0,0.0
2022-09-28 13:30:00-04:00,14.609999656677246,14.609999656677246,14.609999656677246,14.609999656677246,4955,0.0,0.0,0.0
2022-09-28 14:30:00-04:00,14.609999656677246,14.680100440979004,14.609999656677246,14.680100440979004,1468,0.0,0.0,0.0
2022-09-29 09:30:00-04:00,14.720000267028809,14.720000267028809,14.239999771118164,14.239999771118164,22290,0.0,0.0,0.0
2022-09-29 10:30:00-04:00,14.329999923706055,14.390000343322754,14.329999923706055,14.390000343322754,1248,0.0,0.0,0.0
2022-09-29 11:30:00-04:00,14.449999809265137,14.460000038146973,14.369999885559082,14.369999885559082,406,0.0,0.0,0.0
2022-09-29 12:30:00-04:00,14.390000343322754,14.404999732971191,14.390000343322754,14.404999732971191,775,0.0,0.0,0.0
2022-09-29 13:30:00-04:00,14.347299575805664,14.347299575805664,14.329999923706055,14.329999923706055,667,0.0,0.0,0.0
2022-09-29 14:30:00-04:00,14.332099914550781,14.371199607849121,14.3100004196167,14.348199844360352,2429,0.0,0.0,0.0
2022-09-29 15:30:00-04:00,14.390000343322754,14.449999809265137,14.390000343322754,14.449999809265137,5519,0.0,0.0,0.0
2022-09-30 09:30:00-04:00,14.710000038146973,14.710000038146973,14.710000038146973,14.710000038146973,0,0.0,0.0,0.0
2022-09-30 10:30:00-04:00,14.699999809265137,14.699999809265137,14.699999809265137,14.699999809265137,856,0.0,0.0,0.0
2022-09-30 11:30:00-04:00,14.580599784851074,14.580599784851074,14.580599784851074,14.580599784851074,1108,0.0,0.0,0.0
2022-09-30 15:30:00-04:00,14.550000190734863,14.550000190734863,14.449999809265137,14.449999809265137,1393,0.0,0.0,0.0
2022-10-03 09:30:00-04:00,14.579999923706055,14.579999923706055,14.579999923706055,14.579999923706055,0,0.0,0.0,0.0
2022-10-03 10:30:00-04:00,14.510000228881836,14.569999694824219,14.470000267028809,14.569999694824219,7172,0.0,0.0,0.0
2022-10-03 12:30:00-04:00,14.550000190734863,14.550000190734863,14.550000190734863,14.550000190734863,143,0.0,0.0,0.0
2022-10-03 13:30:00-04:00,14.5600004196167,14.630000114440918,14.5600004196167,14.630000114440918,1031,0.0,0.0,0.0
2022-10-03 14:30:00-04:00,14.699999809265137,14.710000038146973,14.680000305175781,14.710000038146973,3266,0.0,0.0,0.0
2022-10-03 15:30:00-04:00,14.710000038146973,14.71500015258789,14.585000038146973,14.640000343322754,2611,0.0,0.0,0.0
2022-10-04 09:30:00-04:00,14.739999771118164,15.249300003051758,14.739999771118164,15.229999542236328,0,0.0,0.0,0.0
2022-10-04 10:30:00-04:00,15.329999923706055,15.390000343322754,15.329999923706055,15.369999885559082,11962,0.0,0.0,0.0
2022-10-04 11:30:00-04:00,15.380000114440918,15.380000114440918,15.380000114440918,15.380000114440918,400,0.0,0.0,0.0
2022-10-04 12:30:00-04:00,15.350000381469727,15.350000381469727,15.3149995803833,15.329400062561035,475,0.0,0.0,0.0
2022-10-04 13:30:00-04:00,15.308099746704102,15.308099746704102,15.308099746704102,15.308099746704102,342,0.0,0.0,0.0
2022-10-04 15:30:00-04:00,15.398699760437012,15.40999984741211,15.398699760437012,15.40999984741211,3700,0.0,0.0,0.0
2022-10-05 09:30:00-04:00,15.149999618530273,15.170000076293945,15.109999656677246,15.109999656677246,0,0.0,0.0,0.0
2022-10-05 10:30:00-04:00,15.029999732971191,15.029999732971191,15.005000114440918,15.005000114440918,317,0.0,0.0,0.0
2022-10-05 13:30:00-04:00,15.350000381469727,15.350000381469727,15.350000381469727,15.350000381469727,242,0.0,0.0,0.0
2022-10-05 15:30:00-04:00,15.440099716186523,15.440099716186523,15.399299621582031,15.399299621582031,0,0.0,0.0,0.0
2022-10-06 09:30:00-04:00,15.25,15.25,15.25,15.25,115,0.0,0.0,0.0
2022-10-06 10:30:00-04:00,15.329999923706055,15.329999923706055,15.329999923706055,15.329999923706055,257,0.0,0.0,0.0
2022-10-06 12:30:00-04:00,15.380000114440918,15.380000114440918,15.353799819946289,15.353799819946289,353,0.0,0.0,0.0
2022-10-06 13:30:00-04:00,15.3681001663208,15.3681001663208,15.319999694824219,15.325499534606934,1728,0.0,0.0,0.0
2022-10-06 14:30:00-04:00,15.260000228881836,15.30519962310791,15.260000228881836,15.30519962310791,533,0.0,0.0,0.0
2022-10-07 09:30:00-04:00,15.0,15.0,14.90999984741211,14.920000076293945,0,0.0,0.0,0.0
2022-10-07 10:30:00-04:00,14.873299598693848,14.895000457763672,14.819999694824219,14.819999694824219,3127,0.0,0.0,0.0
2022-10-07 11:30:00-04:00,14.789999961853027,14.789999961853027,14.75,14.75,1365,0.0,0.0,0.0
2022-10-07 13:30:00-04:00,14.65999984741211,14.6850004196167,14.649999618530273,14.649999618530273,1100,0.0,0.0,0.0
2022-10-07 14:30:00-04:00,14.625,14.625,14.625,14.625,237,0.0,0.0,0.0
2022-10-07 15:30:00-04:00,14.619999885559082,14.680000305175781,14.609999656677246,14.66569995880127,864,0.0,0.0,0.0
2022-10-10 09:30:00-04:00,14.600000381469727,14.600000381469727,14.350000381469727,14.350000381469727,0,0.0,0.0,0.0
2022-10-10 10:30:00-04:00,14.300000190734863,14.300000190734863,14.199999809265137,14.199999809265137,647,0.0,0.0,0.0
2022-10-10 11:30:00-04:00,14.199999809265137,14.199999809265137,14.106599807739258,14.106599807739258,460,0.0,0.0,0.0
2022-10-10 12:30:00-04:00,14.0600004196167,14.0600004196167,14.0,14.0,1221,0.0,0.0,0.0
2022-10-10 13:30:00-04:00,14.107999801635742,14.107999801635742,14.107999801635742,14.107999801635742,539,0.0,0.0,0.0
2022-10-10 14:30:00-04:00,14.139900207519531,14.139900207519531,14.119999885559082,14.119999885559082,229,0.0,0.0,0.0
2022-10-10 15:30:00-04:00,14.157899856567383,14.159299850463867,14.140000343322754,14.159299850463867,1435,0.0,0.0,0.0
2022-10-11 10:30:00-04:00,13.770000457763672,13.890000343322754,13.770000457763672,13.82509994506836,12291,0.0,0.0,0.0
2022-10-11 11:30:00-04:00,13.928999900817871,14.010000228881836,13.880000114440918,14.010000228881836,1786,0.0,0.0,0.0
2022-10-11 13:30:00-04:00,13.885000228881836,13.885000228881836,13.885000228881836,13.885000228881836,708,0.0,0.0,0.0
2022-10-11 15:30:00-04:00,13.765000343322754,13.803899765014648,13.765000343322754,13.803899765014648,0,0.0,0.0,0.0
2022-10-12 10:30:00-04:00,13.641799926757812,13.641799926757812,13.641799926757812,13.641799926757812,902,0.0,0.0,0.0
2022-10-12 11:30:00-04:00,13.699999809265137,13.699999809265137,13.699999809265137,13.699999809265137,836,0.0,0.0,0.0
2022-10-12 14:30:00-04:00,13.75,13.781700134277344,13.720000267028809,13.781700134277344,1238,0.0,0.0,0.0
2022-10-12 15:30:00-04:00,13.816900253295898,13.816900253295898,13.789999961853027,13.789999961853027,200,0.0,0.0,0.0
2022-10-13 09:30:00-04:00,13.65999984741211,13.65999984741211,13.194999694824219,13.444899559020996,0,0.0,0.0,0.0
2022-10-13 10:30:00-04:00,13.449999809265137,13.669899940490723,13.449999809265137,13.669899940490723,1311,0.0,0.0,0.0
2022-10-13 11:30:00-04:00,13.850000381469727,13.850000381469727,13.850000381469727,13.850000381469727,606,0.0,0.0,0.0
2022-10-13 12:30:00-04:00,13.85569953918457,13.85569953918457,13.826600074768066,13.826600074768066,805,0.0,0.0,0.0
2022-10-13 14:30:00-04:00,13.954000473022461,13.95989990234375,13.954000473022461,13.95989990234375,2000,0.0,0.0,0.0
2022-10-13 15:30:00-04:00,13.899999618530273,13.910699844360352,13.899999618530273,13.910699844360352,222,0.0,0.0,0.0
2022-10-14 09:30:00-04:00,14.0600004196167,14.0600004196167,13.880000114440918,13.880000114440918,0,0.0,0.0,0.0
2022-10-14 10:30:00-04:00,13.890000343322754,13.890000343322754,13.890000343322754,13.890000343322754,165,0.0,0.0,0.0
2022-10-14 11:30:00-04:00,13.75,13.75,13.75,13.75,106,0.0,0.0,0.0
2022-10-14 12:30:00-04:00,13.699999809265137,13.704999923706055,13.699999809265137,13.699999809265137,823,0.0,0.0,0.0
2022-10-14 14:30:00-04:00,13.649999618530273,13.649999618530273,13.649999618530273,13.649999618530273,1026,0.0,0.0,0.0
2022-10-14 15:30:00-04:00,13.65999984741211,13.65999984741211,13.622300148010254,13.622300148010254,100,0.0,0.0,0.0
2022-10-17 09:30:00-04:00,14.050000190734863,14.275699615478516,14.050000190734863,14.25,1676,0.0,0.0,0.0
2022-10-17 10:30:00-04:00,14.271900177001953,14.275199890136719,14.199999809265137,14.199999809265137,3310,0.0,0.0,0.0
2022-10-17 11:30:00-04:00,14.345000267028809,14.345000267028809,14.319999694824219,14.319999694824219,1037,0.0,0.0,0.0
2022-10-17 14:30:00-04:00,14.25,14.279999732971191,14.239999771118164,14.279999732971191,2371,0.0,0.0,0.0
2022-10-17 15:30:00-04:00,14.283900260925293,14.283900260925293,14.245100021362305,14.245100021362305,209,0.0,0.0,0.0
2022-10-18 09:30:00-04:00,14.760000228881836,14.84000015258789,14.640000343322754,14.640000343322754,0,0.0,0.0,0.0
2022-10-18 10:30:00-04:00,14.630000114440918,14.65999984741211,14.505000114440918,14.510000228881836,2992,0.0,0.0,0.0
2022-10-18 11:30:00-04:00,14.46500015258789,14.5,14.46500015258789,14.5,303,0.0,0.0,0.0
2022-10-18 12:30:00-04:00,14.560799598693848,14.560799598693848,14.560799598693848,14.560799598693848,307,0.0,0.0,0.0
2022-10-18 13:30:00-04:00,14.559399604797363,14.559399604797363,14.559399604797363,14.559399604797363,207,0.0,0.0,0.0
2022-10-18 14:30:00-04:00,14.4399995803833,14.4399995803833,14.4399995803833,14.4399995803833,162,0.0,0.0,0.0
2022-10-18 15:30:00-04:00,14.512900352478027,14.539999961853027,14.512900352478027,14.539999961853027,494,0.0,0.0,0.0
2022-10-19 09:30:00-04:00,14.430000305175781,14.430000305175781,14.430000305175781,14.430000305175781,0,0.0,0.0,0.0
2022-10-19 10:30:00-04:00,14.399999618530273,14.399999618530273,14.399999618530273,14.399999618530273,239,0.0,0.0,0.0
2022-10-19 11:30:00-04:00,14.378899574279785,14.378899574279785,14.279999732971191,14.279999732971191,614,0.0,0.0,0.0
2022-10-19 12:30:00-04:00,14.170000076293945,14.170000076293945,14.153400421142578,14.153400421142578,450,0.0,0.0,0.0
2022-10-19 13:30:00-04:00,14.15999984741211,14.15999984741211,14.149999618530273,14.149999618530273,478,0.0,0.0,0.0
2022-10-19 14:30:00-04:00,14.181599617004395,14.181599617004395,14.165900230407715,14.180000305175781,758,0.0,0.0,0.0
2022-10-19 15:30:00-04:00,14.15999984741211,14.199999809265137,14.15999984741211,14.199999809265137,289,0.0,0.0,0.0
2022-10-20 09:30:00-04:00,14.270000457763672,14.65999984741211,14.270000457763672,14.65999984741211,0,0.0,0.0,0.0
2022-10-20 10:30:00-04:00,14.630000114440918,14.664999961853027,14.604999542236328,14.664999961853027,907,0.0,0.0,0.0
2022-10-20 11:30:00-04:00,14.619999885559082,14.619999885559082,14.619999885559082,14.619999885559082,135,0.0,0.0,0.0
2022-10-20 12:30:00-04:00,14.473400115966797,14.473400115966797,14.473400115966797,14.473400115966797,264,0.0,0.0,0.0
2022-10-20 13:30:00-04:00,14.34000015258789,14.34000015258789,14.28499984741211,14.28499984741211,1734,0.0,0.0,0.0
2022-10-20 14:30:00-04:00,14.277899742126465,14.277899742126465,14.270099639892578,14.270099639892578,2417,0.0,0.0,0.0
2022-10-20 15:30:00-04:00,14.3100004196167,14.390000343322754,14.3100004196167,14.359999656677246,1689,0.0,0.0,0.0
2022-10-21 09:30:00-04:00,14.239999771118164,14.450499534606934,14.210000038146973,14.40999984741211,0,0.0,0.0,0.0
2022-10-21 10:30:00-04:00,14.229999542236328,14.270000457763672,14.220000267028809,14.239999771118164,3129,0.0,0.0,0.0
2022-10-21 11:30:00-04:00,14.350000381469727,14.399999618530273,14.350000381469727,14.399999618530273,310,0.0,0.0,0.0
2022-10-21 12:30:00-04:00,14.430000305175781,14.524999618530273,14.420000076293945,14.499300003051758,5511,0.0,0.0,0.0
2022-10-21 13:30:00-04:00,14.535400390625,14.569999694824219,14.535400390625,14.539999961853027,5461,0.0,0.0,0.0
2022-10-21 15:30:00-04:00,14.630000114440918,14.661100387573242,14.630000114440918,14.661100387573242,100,0.0,0.0,0.0
2022-10-24 09:30:00-04:00,14.699999809265137,14.699999809265137,14.359999656677246,14.359999656677246,0,0.0,0.0,0.0
2022-10-24 10:30:00-04:00,14.479999542236328,14.5,14.40999984741211,14.5,5851,0.0,0.0,0.0
2022-10-24 11:30:00-04:00,14.5600004196167,14.609999656677246,14.557700157165527,14.594799995422363,515,0.0,0.0,0.0
2022-10-24 12:30:00-04:00,14.630000114440918,14.630000114440918,14.614999771118164,14.614999771118164,253,0.0,0.0,0.0
2022-10-24 13:30:00-04:00,14.555000305175781,14.560199737548828,14.555000305175781,14.560199737548828,3599,0.0,0.0,0.0
2022-10-24 14:30:00-04:00,14.635000228881836,14.65410041809082,14.600000381469727,14.65410041809082,7934,0.0,0.0,0.0
2022-10-24 15:30:00-04:00,14.652099609375,14.65719985961914,14.638899803161621,14.638899803161621,0,0.0,0.0,0.0
2022-10-25 09:30:00-04:00,15.140000343322754,15.149999618530273,15.079999923706055,15.098999977111816,7732,0.0,0.0,0.0
2022-10-25 11:30:00-04:00,15.149999618530273,15.180000305175781,15.140000343322754,15.154999732971191,2092,0.0,0.0,0.0
2022-10-25 12:30:00-04:00,15.175000190734863,15.175000190734863,15.157500267028809,15.157500267028809,858,0.0,0.0,0.0
2022-10-25 14:30:00-04:00,15.15999984741211,15.225000381469727,15.149999618530273,15.221699714660645,687,0.0,0.0,0.0
2022-10-25 15:30:00-04:00,15.25,15.25,15.229999542236328,15.241999626159668,232,0.0,0.0,0.0
2022-10-26 09:30:00-04:00,14.90999984741211,15.214900016784668,14.90999984741211,15.214900016784668,0,0.0,0.0,0.0
2022-10-26 10:30:00-04:00,15.380000114440918,15.455300331115723,15.380000114440918,15.455300331115723,317,0.0,0.0,0.0
2022-10-26 11:30:00-04:00,15.430000305175781,15.430100440979004,15.369999885559082,15.369999885559082,2326,0.0,0.0,0.0
2022-10-26 12:30:00-04:00,15.199999809265137,15.199999809265137,15.109999656677246,15.109999656677246,4155,0.0,0.0,0.0
2022-10-26 13:30:00-04:00,15.100000381469727,15.135000228881836,15.100000381469727,15.135000228881836,270,0.0,0.0,0.0
2022-10-26 14:30:00-04:00,15.102299690246582,15.119999885559082,15.09000015258789,15.09000015258789,790,0.0,0.0,0.0
2022-10-26 15:30:00-04:00,15.093099594116211,15.093099594116211,15.011099815368652,15.011099815368652,400,0.0,0.0,0.0
2022-10-27 09:30:00-04:00,15.010000228881836,15.399999618530273,15.010000228881836,15.279999732971191,2617,0.0,0.0,0.0
2022-10-27 10:30:00-04:00,15.459099769592285,15.5,15.270000457763672,15.279199600219727,2208,0.0,0.0,0.0
2022-10-27 12:30:00-04:00,15.191499710083008,15.234999656677246,15.177399635314941,15.234999656677246,1459,0.0,0.0,0.0
2022-10-27 14:30:00-04:00,15.140000343322754,15.140000343322754,15.130000114440918,15.130000114440918,775,0.0,0.0,0.0
2022-10-27 15:30:00-04:00,15.170000076293945,15.210000038146973,15.149999618530273,15.149999618530273,2072,0.0,0.0,0.0
2022-10-28 09:30:00-04:00,15.5,15.5,14.927499771118164,14.927499771118164,0,0.0,0.0,0.0
2022-10-28 10:30:00-04:00,15.084600448608398,15.084600448608398,15.079999923706055,15.079999923706055,316,0.0,0.0,0.0
2022-10-28 11:30:00-04:00,15.03499984741211,15.105600357055664,15.03499984741211,15.105600357055664,1508,0.0,0.0,0.0
2022-10-28 12:30:00-04:00,15.176400184631348,15.1899995803833,15.1274995803833,15.1899995803833,1373,0.0,0.0,0.0
2022-10-28 13:30:00-04:00,15.1766996383667,15.27560043334961,15.1766996383667,15.27560043334961,393,0.0,0.0,0.0
2022-10-31 09:30:00-04:00,15.154999732971191,15.229999542236328,15.150400161743164,15.150400161743164,0,0.0,0.0,0.0
2022-10-31 10:30:00-04:00,15.180000305175781,15.182499885559082,15.180000305175781,15.182499885559082,210,0.0,0.0,0.0
2022-10-31 11:30:00-04:00,15.3100004196167,15.3100004196167,15.3100004196167,15.3100004196167,130,0.0,0.0,0.0
2022-10-31 12:30:00-04:00,15.279999732971191,15.279999732971191,15.279999732971191,15.279999732971191,109,0.0,0.0,0.0
2022-10-31 13:30:00-04:00,15.301899909973145,15.301899909973145,15.301899909973145,15.301899909973145,439,0.0,0.0,0.0
2022-10-31 14:30:00-04:00,15.3100004196167,15.3100004196167,15.229999542236328,15.260000228881836,2682,0.0,0.0,0.0
2022-10-31 15:30:00-04:00,15.270000457763672,15.270000457763672,15.210000038146973,15.210000038146973,355,0.0,0.0,0.0
2022-11-01 09:30:00-04:00,15.390000343322754,15.532299995422363,15.350000381469727,15.350000381469727,1494,0.0,0.0,0.0
2022-11-01 10:30:00-04:00,15.280699729919434,15.280699729919434,15.260000228881836,15.260000228881836,1462,0.0,0.0,0.0
2022-11-01 11:30:00-04:00,15.1899995803833,15.1899995803833,15.1899995803833,15.1899995803833,307,0.0,0.0,0.0
2022-11-01 12:30:00-04:00,15.149999618530273,15.149999618530273,15.149999618530273,15.149999618530273,324,0.0,0.0,0.0
2022-11-01 13:30:00-04:00,15.175000190734863,15.175000190734863,15.175000190734863,15.175000190734863,163,0.0,0.0,0.0
2022-11-01 14:30:00-04:00,15.210000038146973,15.220000267028809,15.199999809265137,15.220000267028809,815,0.0,0.0,0.0
2022-11-01 15:30:00-04:00,15.197799682617188,15.197799682617188,15.167200088500977,15.167200088500977,0,0.0,0.0,0.0
2022-11-02 09:30:00-04:00,14.949999809265137,14.970000267028809,14.920000076293945,14.920000076293945,82195,0.0,0.0,0.0
2022-11-02 10:30:00-04:00,14.976900100708008,14.979999542236328,14.75,14.800000190734863,9102,0.0,0.0,0.0
2022-11-02 11:30:00-04:00,14.777600288391113,14.777600288391113,14.720000267028809,14.720000267028809,381,0.0,0.0,0.0
2022-11-02 12:30:00-04:00,14.720000267028809,14.720000267028809,14.720000267028809,14.720000267028809,568,0.0,0.0,0.0
2022-11-02 13:30:00-04:00,15.050000190734863,15.050000190734863,15.050000190734863,15.050000190734863,192,0.0,0.0,0.0
2022-11-02 14:30:00-04:00,14.800000190734863,14.800000190734863,14.760000228881836,14.760000228881836,421,0.0,0.0,0.0
2022-11-02 15:30:00-04:00,14.509699821472168,14.509699821472168,14.4576997756958,14.4576997756958,174,0.0,0.0,0.0
2022-11-03 09:30:00-04:00,14.3100004196167,14.400300025939941,14.270000457763672,14.340399742126465,0,0.0,0.0,0.0
2022-11-03 10:30:00-04:00,14.449999809265137,14.449999809265137,14.449999809265137,14.449999809265137,313,0.0,0.0,0.0
2022-11-03 11:30:00-04:00,14.490099906921387,14.534600257873535,14.470000267028809,14.479999542236328,2628,0.0,0.0,0.0
2022-11-03 12:30:00-04:00,14.479999542236328,14.5600004196167,14.479999542236328,14.5600004196167,3402,0.0,0.0,0.0
2022-11-03 13:30:00-04:00,14.4399995803833,14.4399995803833,14.420000076293945,14.420000076293945,577,0.0,0.0,0.0
2022-11-03 14:30:00-04:00,14.434100151062012,14.434100151062012,14.434100151062012,14.434100151062012,0,0.0,0.0,0.0
2022-11-03 15:30:00-04:00,14.399999618530273,14.399999618530273,14.359999656677246,14.359999656677246,14221,0.0,0.0,0.0
2022-11-04 09:30:00-04:00,14.4399995803833,14.4399995803833,13.819999694824219,13.859999656677246,0,0.0,0.0,0.0
2022-11-04 10:30:00-04:00,14.0,14.03499984741211,13.920000076293945,13.920000076293945,4315,0.0,0.0,0.0
2022-11-04 11:30:00-04:00,13.869999885559082,13.869999885559082,13.725899696350098,13.725899696350098,3100,0.0,0.0,0.0
2022-11-04 12:30:00-04:00,13.78499984741211,13.78499984741211,13.699999809265137,13.699999809265137,5532,0.0,0.0,0.0
2022-11-04 13:30:00-04:00,13.640000343322754,13.699999809265137,13.640000343322754,13.699999809265137,4931,0.0,0.0,0.0
2022-11-04 14:30:00-04:00,13.8100004196167,13.8100004196167,13.8100004196167,13.8100004196167,350,0.0,0.0,0.0
2022-11-04 15:30:00-04:00,13.859999656677246,13.894200325012207,13.859999656677246,13.894200325012207,119,0.0,0.0,0.0
2022-11-07 09:30:00-05:00,13.930000305175781,13.969900131225586,13.789999961853027,13.789999961853027,0,0.0,0.0,0.0
2022-11-07 10:30:00-05:00,13.820099830627441,13.90999984741211,13.805000305175781,13.90999984741211,657,0.0,0.0,0.0
2022-11-07 11:30:00-05:00,13.880000114440918,13.880000114440918,13.84000015258789,13.84000015258789,1030,0.0,0.0,0.0
2022-11-07 12:30:00-05:00,13.880000114440918,13.913999557495117,13.850000381469727,13.913999557495117,513,0.0,0.0,0.0
2022-11-07 13:30:00-05:00,13.899999618530273,13.899999618530273,13.899999618530273,13.899999618530273,185,0.0,0.0,0.0
2022-11-07 14:30:00-05:00,14.0,14.020600318908691,13.989999771118164,14.020000457763672,706,0.0,0.0,0.0
2022-11-07 15:30:00-05:00,14.023500442504883,14.023500442504883,13.96969985961914,13.96969985961914,243,0.0,0.0,0.0
2022-11-08 09:30:00-05:00,14.180000305175781,14.180000305175781,14.010000228881836,14.010000228881836,0,0.0,0.0,0.0
2022-11-08 10:30:00-05:00,14.15999984741211,14.286399841308594,14.15999984741211,14.286199569702148,848,0.0,0.0,0.0
2022-11-08 11:30:00-05:00,14.448200225830078,14.448200225830078,14.319999694824219,14.319999694824219,1627,0.0,0.0,0.0
2022-11-08 12:30:00-05:00,14.350000381469727,14.350000381469727,14.153499603271484,14.153499603271484,2116,0.0,0.0,0.0
2022-11-08 13:30:00-05:00,14.1899995803833,14.1899995803833,14.039999961853027,14.039999961853027,0,0.0,0.0,0.0
2022-11-08 14:30:00-05:00,14.140000343322754,14.140000343322754,14.140000343322754,14.140000343322754,8486,0.0,0.0,0.0
2022-11-08 15:30:00-05:00,14.180000305175781,14.180000305175781,14.127699851989746,14.180000305175781,258,0.0,0.0,0.0
2022-11-09 09:30:00-05:00,14.0,14.0,13.824999809265137,13.824999809265137,0,0.0,0.0,0.0
2022-11-09 10:30:00-05:00,13.829899787902832,13.829999923706055,13.8100004196167,13.8100004196167,3322,0.0,0.0,0.0
2022-11-09 11:30:00-05:00,13.869999885559082,13.869999885559082,13.807999610900879,13.807999610900879,739,0.0,0.0,0.0
2022-11-09 12:30:00-05:00,13.765000343322754,13.765000343322754,13.765000343322754,13.765000343322754,335,0.0,0.0,0.0
2022-11-09 14:30:00-05:00,13.720000267028809,13.744000434875488,13.720000267028809,13.744000434875488,1000,0.0,0.0,0.0
2022-11-09 15:30:00-05:00,13.75,13.75,13.70580005645752,13.70580005645752,229,0.0,0.0,0.0
2022-11-10 09:30:00-05:00,14.640000343322754,14.960000038146973,14.640000343322754,14.890000343322754,0,0.0,0.0,0.0
2022-11-10 10:30:00-05:00,14.859999656677246,14.946599960327148,14.84000015258789,14.944600105285645,5328,0.0,0.0,0.0
2022-11-10 11:30:00-05:00,14.989999771118164,15.03499984741211,14.9399995803833,14.962400436401367,6605,0.0,0.0,0.0
2022-11-10 12:30:00-05:00,14.945799827575684,14.945799827575684,14.890000343322754,14.890000343322754,352,0.0,0.0,0.0
2022-11-10 13:30:00-05:00,14.960000038146973,14.960000038146973,14.93529987335205,14.93529987335205,445,0.0,0.0,0.0
2022-11-10 14:30:00-05:00,14.920000076293945,14.989999771118164,14.90999984741211,14.989999771118164,2569,0.0,0.0,0.0
2022-11-10 15:30:00-05:00,15.0,15.05620002746582,14.989999771118164,15.05620002746582,0,0.0,0.0,0.0
2022-11-11 09:30:00-05:00,15.119999885559082,15.550100326538086,15.119999885559082,15.550100326538086,9824,0.0,0.0,0.0
2022-11-11 10:30:00-05:00,15.635000228881836,15.635000228881836,15.479999542236328,15.479999542236328,2489,0.0,0.0,0.0
2022-11-11 11:30:00-05:00,15.505000114440918,15.569999694824219,15.505000114440918,15.569999694824219,649,0.0,0.0,0.0
2022-11-11 12:30:00-05:00,15.600000381469727,15.654999732971191,15.600000381469727,15.654999732971191,472,0.0,0.0,0.0
2022-11-11 13:30:00-05:00,15.739899635314941,15.739899635314941,15.675000190734863,15.675000190734863,4006,0.0,0.0,0.0
2022-11-11 14:30:00-05:00,15.748299598693848,15.748299598693848,15.699999809265137,15.699999809265137,2300,0.0,0.0,0.0
2022-11-11 15:30:00-05:00,15.63479995727539,15.63479995727539,15.63479995727539,15.63479995727539,161,0.0,0.0,0.0
2022-11-14 09:30:00-05:00,15.510000228881836,15.510000228881836,15.329899787902832,15.430000305175781,2328,0.0,0.0,0.0
2022-11-14 10:30:00-05:00,15.369999885559082,15.369999885559082,15.350000381469727,15.350000381469727,3871,0.0,0.0,0.0
2022-11-14 11:30:00-05:00,15.369999885559082,15.369999885559082,15.369999885559082,15.369999885559082,407,0.0,0.0,0.0
2022-11-14 12:30:00-05:00,15.460000038146973,15.460000038146973,15.460000038146973,15.460000038146973,1102,0.0,0.0,0.0
2022-11-14 13:30:00-05:00,15.510700225830078,15.510700225830078,15.510700225830078,15.510700225830078,180,0.0,0.0,0.0
2022-11-14 14:30:00-05:00,15.510000228881836,15.510000228881836,15.340700149536133,15.340700149536133,557,0.0,0.0,0.0
2022-11-15 09:30:00-05:00,15.90999984741211,15.90999984741211,15.829999923706055,15.88029956817627,0,0.0,0.0,0.0
2022-11-15 10:30:00-05:00,15.88010025024414,15.899999618530273,15.8149995803833,15.890000343322754,2553,0.0,0.0,0.0
2022-11-15 11:30:00-05:00,15.9399995803833,15.960000038146973,15.895000457763672,15.90999984741211,1203,0.0,0.0,0.0
2022-11-15 12:30:00-05:00,15.90999984741211,15.947799682617188,15.829999923706055,15.829999923706055,3722,0.0,0.0,0.0
2022-11-15 13:30:00-05:00,15.645000457763672,15.645000457763672,15.645000457763672,15.645000457763672,380,0.0,0.0,0.0
2022-11-15 14:30:00-05:00,15.859999656677246,15.859999656677246,15.859999656677246,15.859999656677246,252,0.0,0.0,0.0
2022-11-15 15:30:00-05:00,15.800000190734863,15.800000190734863,15.754300117492676,15.754300117492676,327,0.0,0.0,0.0
2022-11-16 09:30:00-05:00,15.630000114440918,15.630000114440918,15.455100059509277,15.489999771118164,0,0.0,0.0,0.0
2022-11-16 10:30:00-05:00,15.377900123596191,15.377900123596191,15.377900123596191,15.377900123596191,273,0.0,0.0,0.0
2022-11-16 12:30:00-05:00,15.429900169372559,15.429900169372559,15.404999732971191,15.404999732971191,397,0.0,0.0,0.0
2022-11-16 13:30:00-05:00,15.385000228881836,15.385000228881836,15.315099716186523,15.315099716186523,1509,0.0,0.0,0.0
2022-11-16 14:30:00-05:00,15.270000457763672,15.28499984741211,15.270000457763672,15.28499984741211,4330,0.0,0.0,0.0
2022-11-16 15:30:00-05:00,15.270099639892578,15.350000381469727,15.270099639892578,15.329999923706055,1828,0.0,0.0,0.0
2022-11-17 09:30:00-05:00,14.989999771118164,14.989999771118164,14.970000267028809,14.970000267028809,0,0.0,0.0,0.0
2022-11-17 10:30:00-05:00,15.010000228881836,15.010000228881836,15.010000228881836,15.010000228881836,212,0.0,0.0,0.0
2022-11-17 11:30:00-05:00,14.960000038146973,14.972399711608887,14.9350004196167,14.9350004196167,813,0.0,0.0,0.0
2022-11-17 12:30:00-05:00,15.029999732971191,15.029999732971191,15.029999732971191,15.029999732971191,238,0.0,0.0,0.0
2022-11-17 13:30:00-05:00,15.119999885559082,15.119999885559082,15.119999885559082,15.119999885559082,127,0.0,0.0,0.0
2022-11-17 14:30:00-05:00,15.030400276184082,15.030400276184082,14.972000122070312,14.972000122070312,451,0.0,0.0,0.0
2022-11-17 15:30:00-05:00,14.949999809265137,14.998499870300293,14.949999809265137,14.998499870300293,1200,0.0,0.0,0.0
2022-11-18 09:30:00-05:00,14.850000381469727,14.850000381469727,14.850000381469727,14.850000381469727,0,0.0,0.0,0.0
2022-11-18 11:30:00-05:00,14.779999732971191,14.779999732971191,14.779999732971191,14.779999732971191,101,0.0,0.0,0.0
2022-11-18 12:30:00-05:00,14.800000190734863,14.800000190734863,14.800000190734863,14.800000190734863,388,0.0,0.0,0.0
2022-11-18 14:30:00-05:00,14.785099983215332,14.785099983215332,14.785099983215332,14.785099983215332,977,0.0,0.0,0.0
2022-11-18 15:30:00-05:00,14.84000015258789,14.850000381469727,14.829999923706055,14.835399627685547,1360,0.0,0.0,0.0
2022-11-21 09:30:00-05:00,14.75,14.75,14.649999618530273,14.649999618530273,715,0.0,0.0,0.0
2022-11-21 10:30:00-05:00,14.65999984741211,14.65999984741211,14.649999618530273,14.649999618530273,400,0.0,0.0,0.0
2022-11-21 11:30:00-05:00,14.619999885559082,14.619999885559082,14.557999610900879,14.557999610900879,302,0.0,0.0,0.0
2022-11-21 12:30:00-05:00,14.579999923706055,14.579999923706055,14.579999923706055,14.579999923706055,547,0.0,0.0,0.0
2022-11-21 13:30:00-05:00,14.579999923706055,14.649999618530273,14.579999923706055,14.649999618530273,588,0.0,0.0,0.0
2022-11-21 14:30:00-05:00,14.65999984741211,14.65999984741211,14.619999885559082,14.643099784851074,0,0.0,0.0,0.0
2022-11-22 09:30:00-05:00,14.5,14.520000457763672,14.420000076293945,14.520000457763672,1404,0.0,0.0,0.0
2022-11-22 11:30:00-05:00,14.582799911499023,14.582799911499023,14.582799911499023,14.582799911499023,402,0.0,0.0,0.0
2022-11-22 12:30:00-05:00,14.614999771118164,14.614999771118164,14.614999771118164,14.614999771118164,202,0.0,0.0,0.0
2022-11-22 13:30:00-05:00,14.670000076293945,14.670000076293945,14.619999885559082,14.659000396728516,565,0.0,0.0,0.0
2022-11-22 15:30:00-05:00,14.70259952545166,14.733400344848633,14.70259952545166,14.733400344848633,200,0.0,0.0,0.0
2022-11-23 09:30:00-05:00,14.699999809265137,14.699999809265137,14.699999809265137,14.699999809265137,0,0.0,0.0,0.0
2022-11-23 10:30:00-05:00,14.960000038146973,14.960000038146973,14.960000038146973,14.960000038146973,289,0.0,0.0,0.0
2022-11-23 12:30:00-05:00,14.896300315856934,14.896300315856934,14.890000343322754,14.890000343322754,2287,0.0,0.0,0.0
2022-11-23 14:30:00-05:00,15.079999923706055,15.079999923706055,15.079999923706055,15.079999923706055,952,0.0,0.0,0.0
2022-11-23 15:30:00-05:00,15.09000015258789,15.09000015258789,15.08810043334961,15.08810043334961,613,0.0,0.0,0.0
2022-11-25 09:30:00-05:00,15.039999961853027,15.039999961853027,15.039999961853027,15.039999961853027,0,0.0,0.0,0.0
2022-11-25 10:30:00-05:00,15.078200340270996,15.078200340270996,15.078200340270996,15.078200340270996,1361,0.0,0.0,0.0
2022-11-25 11:30:00-05:00,15.074999809265137,15.074999809265137,15.074999809265137,15.074999809265137,191,0.0,0.0,0.0
2022-11-25 12:30:00-05:00,15.069999694824219,15.069999694824219,15.069999694824219,15.069999694824219,0,0.0,0.0,0.0
2022-11-28 09:30:00-05:00,15.029999732971191,15.029999732971191,14.920000076293945,14.920000076293945,1389,0.0,0.0,0.0
2022-11-28 11:30:00-05:00,14.864999771118164,14.869999885559082,14.859999656677246,14.859999656677246,1765,0.0,0.0,0.0
2022-11-28 13:30:00-05:00,14.847599983215332,14.847599983215332,14.847599983215332,14.847599983215332,225,0.0,0.0,0.0
2022-11-28 14:30:00-05:00,14.720000267028809,14.756799697875977,14.720000267028809,14.756799697875977,0,0.0,0.0,0.0
2022-11-29 09:30:00-05:00,14.800000190734863,14.800000190734863,14.779999732971191,14.779999732971191,425,0.0,0.0,0.0
2022-11-29 10:30:00-05:00,14.829999923706055,14.829999923706055,14.789999961853027,14.789999961853027,331,0.0,0.0,0.0
2022-11-29 11:30:00-05:00,14.680000305175781,14.734999656677246,14.680000305175781,14.734999656677246,472,0.0,0.0,0.0
2022-11-29 12:30:00-05:00,14.720000267028809,14.720000267028809,14.709600448608398,14.709600448608398,906,0.0,0.0,0.0
2022-11-29 13:30:00-05:00,14.670000076293945,14.714799880981445,14.670000076293945,14.693499565124512,2079,0.0,0.0,0.0
2022-11-29 14:30:00-05:00,14.680000305175781,14.680000305175781,14.680000305175781,14.680000305175781,130,0.0,0.0,0.0
2022-11-29 15:30:00-05:00,14.65999984741211,14.661100387573242,14.65999984741211,14.661100387573242,229,0.0,0.0,0.0
2022-11-30 09:30:00-05:00,14.630000114440918,14.630000114440918,14.630000114440918,14.630000114440918,1198,0.0,0.0,0.0
2022-11-30 11:30:00-05:00,14.630000114440918,14.630000114440918,14.630000114440918,14.630000114440918,220,0.0,0.0,0.0
2022-11-30 12:30:00-05:00,14.609999656677246,14.649999618530273,14.609999656677246,14.649999618530273,258,0.0,0.0,0.0
2022-11-30 13:30:00-05:00,14.720000267028809,14.824999809265137,14.720000267028809,14.824999809265137,753,0.0,0.0,0.0
2022-11-30 14:30:00-05:00,15.069999694824219,15.069999694824219,15.069999694824219,15.069999694824219,376,0.0,0.0,0.0
2022-11-30 15:30:00-05:00,15.210000038146973,15.277799606323242,15.210000038146973,15.277799606323242,822,0.0,0.0,0.0
2022-12-01 09:30:00-05:00,15.350000381469727,15.523599624633789,15.350000381469727,15.5,0,0.0,0.0,0.0
2022-12-01 10:30:00-05:00,15.354999542236328,15.449700355529785,15.354999542236328,15.4399995803833,2182,0.0,0.0,0.0
2022-12-01 11:30:00-05:00,15.430000305175781,15.449000358581543,15.399999618530273,15.399999618530273,2285,0.0,0.0,0.0
2022-12-01 12:30:00-05:00,15.416299819946289,15.449299812316895,15.40999984741211,15.444999694824219,1835,0.0,0.0,0.0
2022-12-01 13:30:00-05:00,15.510000228881836,15.510000228881836,15.510000228881836,15.510000228881836,594,0.0,0.0,0.0
2022-12-01 14:30:00-05:00,15.516599655151367,15.550000190734863,15.5,15.550000190734863,2929,0.0,0.0,0.0
2022-12-01 15:30:00-05:00,15.550000190734863,15.569899559020996,15.550000190734863,15.569899559020996,201,0.0,0.0,0.0
2022-12-02 09:30:00-05:00,15.5,15.5,15.220000267028809,15.220000267028809,0,0.0,0.0,0.0
2022-12-02 10:30:00-05:00,15.350000381469727,15.350000381469727,15.350000381469727,15.350000381469727,608,0.0,0.0,0.0
2022-12-02 11:30:00-05:00,15.456999778747559,15.5,15.456999778747559,15.5,472,0.0,0.0,0.0
2022-12-02 12:30:00-05:00,15.44629955291748,15.44629955291748,15.44629955291748,15.44629955291748,228,0.0,0.0,0.0
2022-12-02 14:30:00-05:00,15.43179988861084,15.460000038146973,15.43179988861084,15.460000038146973,10485,0.0,0.0,0.0
2022-12-05 09:30:00-05:00,15.25,15.40999984741211,15.109999656677246,15.15999984741211,112125,0.0,0.0,0.0
2022-12-05 10:30:00-05:00,15.15999984741211,15.1899995803833,15.134699821472168,15.170000076293945,1468,0.0,0.0,0.0
2022-12-05 12:30:00-05:00,14.944999694824219,14.944999694824219,14.930000305175781,14.930000305175781,1868,0.0,0.0,0.0
2022-12-05 13:30:00-05:00,14.879899978637695,14.879899978637695,14.850000381469727,14.869999885559082,1029,0.0,0.0,0.0
2022-12-05 14:30:00-05:00,14.845000267028809,14.845000267028809,14.795000076293945,14.8100004196167,3241,0.0,0.0,0.0
2022-12-05 15:30:00-05:00,14.805000305175781,14.859999656677246,14.805000305175781,14.850000381469727,4528,0.0,0.0,0.0
2022-12-06 09:30:00-05:00,14.819999694824219,14.819999694824219,14.732500076293945,14.739999771118164,0,0.0,0.0,0.0
2022-12-06 11:30:00-05:00,14.760000228881836,14.760000228881836,14.760000228881836,14.760000228881836,371,0.0,0.0,0.0
2022-12-06 12:30:00-05:00,14.670000076293945,14.694999694824219,14.630000114440918,14.630000114440918,752,0.0,0.0,0.0
2022-12-06 13:30:00-05:00,14.630000114440918,14.6850004196167,14.630000114440918,14.65999984741211,2416,0.0,0.0,0.0
2022-12-06 14:30:00-05:00,14.649999618530273,14.6899995803833,14.649999618530273,14.6899995803833,739,0.0,0.0,0.0
2022-12-06 15:30:00-05:00,14.65999984741211,14.699999809265137,14.65999984741211,14.699999809265137,583,0.0,0.0,0.0
2022-12-07 09:30:00-05:00,14.75409984588623,14.770000457763672,14.699999809265137,14.726799964904785,0,0.0,0.0,0.0
2022-12-07 10:30:00-05:00,14.744999885559082,14.8100004196167,14.744999885559082,14.8100004196167,1104,0.0,0.0,0.0
2022-12-07 11:30:00-05:00,14.759900093078613,14.760000228881836,14.725000381469727,14.760000228881836,1141,0.0,0.0,0.0
2022-12-07 12:30:00-05:00,14.71500015258789,14.77869987487793,14.680000305175781,14.77869987487793,2511,0.0,0.0,0.0
2022-12-08 09:30:00-05:00,14.880000114440918,15.074999809265137,14.880000114440918,15.074999809265137,0,0.0,0.0,0.0
2022-12-08 10:30:00-05:00,15.169899940490723,15.169899940490723,15.079999923706055,15.079999923706055,241,0.0,0.0,0.0
2022-12-08 11:30:00-05:00,15.173199653625488,15.173199653625488,15.173199653625488,15.173199653625488,148,0.0,0.0,0.0
2022-12-08 12:30:00-05:00,15.135000228881836,15.135000228881836,15.135000228881836,15.135000228881836,152,0.0,0.0,0.0
2022-12-08 15:30:00-05:00,15.119999885559082,15.119999885559082,15.119999885559082,15.119999885559082,263,0.0,0.0,0.0
2022-12-09 09:30:00-05:00,15.119999885559082,15.210000038146973,15.119999885559082,15.210000038146973,294,0.0,0.0,0.0
2022-12-09 10:30:00-05:00,15.220000267028809,15.260100364685059,15.220000267028809,15.260000228881836,503,0.0,0.0,0.0
2022-12-09 11:30:00-05:00,15.25,15.25,15.220000267028809,15.220000267028809,5103,0.0,0.0,0.0
2022-12-09 12:30:00-05:00,15.234999656677246,15.25,15.175000190734863,15.175000190734863,864,0.0,0.0,0.0
2022-12-09 13:30:00-05:00,15.204999923706055,15.204999923706055,15.204999923706055,15.204999923706055,1508,0.0,0.0,0.0
2022-12-09 14:30:00-05:00,15.180000305175781,15.196100234985352,15.101400375366211,15.101400375366211,10009,0.0,0.0,0.0
2022-12-12 09:30:00-05:00,15.260000228881836,15.399999618530273,15.25,15.390000343322754,0,0.0,0.0,0.0
2022-12-12 10:30:00-05:00,15.39009952545166,15.399999618530273,15.39009952545166,15.399999618530273,610,0.0,0.0,0.0
2022-12-12 11:30:00-05:00,15.454000473022461,15.460000038146973,15.4399995803833,15.460000038146973,755,0.0,0.0,0.0
2022-12-12 12:30:00-05:00,15.449999809265137,15.470000267028809,15.449999809265137,15.470000267028809,694,0.0,0.0,0.0
2022-12-12 13:30:00-05:00,15.454999923706055,15.454999923706055,15.430000305175781,15.430000305175781,1173,0.0,0.0,0.0
2022-12-12 14:30:00-05:00,15.45009994506836,15.470000267028809,15.45009994506836,15.465800285339355,779,0.0,0.0,0.0
2022-12-12 15:30:00-05:00,15.463600158691406,15.46500015258789,15.454999923706055,15.460000038146973,1495,0.0,0.0,0.0
2022-12-13 09:30:00-05:00,16.06999969482422,16.328500747680664,16.049999237060547,16.22800064086914,5331,0.0,0.0,0.0
2022-12-13 10:30:00-05:00,15.9350004196167,15.9350004196167,15.9350004196167,15.9350004196167,738,0.0,0.0,0.0
2022-12-13 11:30:00-05:00,15.920000076293945,15.920000076293945,15.920000076293945,15.920000076293945,2027,0.0,0.0,0.0
2022-12-13 12:30:00-05:00,15.800000190734863,15.800000190734863,15.800000190734863,15.800000190734863,384,0.0,0.0,0.0
2022-12-13 13:30:00-05:00,15.829999923706055,15.829999923706055,15.802000045776367,15.802000045776367,656,0.0,0.0,0.0
2022-12-13 14:30:00-05:00,15.6899995803833,15.75,15.6899995803833,15.75,1104,0.0,0.0,0.0
2022-12-13 15:30:00-05:00,15.795000076293945,15.861100196838379,15.795000076293945,15.810700416564941,4203,0.0,0.0,0.0
2022-12-14 09:30:00-05:00,15.904999732971191,15.979999542236328,15.88860034942627,15.979999542236328,0,0.0,0.0,0.0
2022-12-14 11:30:00-05:00,16.024999618530273,16.024999618530273,16.024999618530273,16.024999618530273,217,0.0,0.0,0.0
2022-12-14 12:30:00-05:00,15.953300476074219,15.953300476074219,15.953300476074219,15.953300476074219,748,0.0,0.0,0.0
2022-12-14 13:30:00-05:00,15.800000190734863,15.841899871826172,15.800000190734863,15.841899871826172,405,0.0,0.0,0.0
2022-12-14 14:30:00-05:00,15.910099983215332,15.949999809265137,15.869999885559082,15.949999809265137,1261,0.0,0.0,0.0
2022-12-14 15:30:00-05:00,15.835000038146973,15.886699676513672,15.835000038146973,15.886699676513672,250,0.0,0.0,0.0
2022-12-15 09:30:00-05:00,15.619999885559082,15.619999885559082,15.539999961853027,15.539999961853027,0,0.0,0.0,0.0
2022-12-15 10:30:00-05:00,15.5,15.5,15.380000114440918,15.380000114440918,924,0.0,0.0,0.0
2022-12-15 11:30:00-05:00,15.40999984741211,15.422599792480469,15.40999984741211,15.422599792480469,1433,0.0,0.0,0.0
2022-12-15 12:30:00-05:00,15.380000114440918,15.380000114440918,15.380000114440918,15.380000114440918,3209,0.0,0.0,0.0
2022-12-15 13:30:00-05:00,15.308300018310547,15.3149995803833,15.308300018310547,15.3149995803833,496,0.0,0.0,0.0
2022-12-15 14:30:00-05:00,15.319999694824219,15.319999694824219,15.3100004196167,15.3100004196167,3259,0.0,0.0,0.0
2022-12-15 15:30:00-05:00,15.300000190734863,15.300000190734863,15.285900115966797,15.285900115966797,0,0.0,0.0,0.0
2022-12-16 09:30:00-05:00,15.25,15.255000114440918,15.125,15.125,4124,0.0,0.0,0.0
2022-12-16 10:30:00-05:00,15.0600004196167,15.0600004196167,15.0600004196167,15.0600004196167,225,0.0,0.0,0.0
2022-12-16 11:30:00-05:00,15.050000190734863,15.100000381469727,15.050000190734863,15.100000381469727,2111,0.0,0.0,0.0
2022-12-16 12:30:00-05:00,15.039999961853027,15.039999961853027,15.029999732971191,15.039999961853027,1182,0.0,0.0,0.0
2022-12-16 13:30:00-05:00,15.089900016784668,15.089900016784668,15.089900016784668,15.089900016784668,514,0.0,0.0,0.0
2022-12-16 14:30:00-05:00,15.055000305175781,15.152199745178223,15.055000305175781,15.152199745178223,994,0.0,0.0,0.0
2022-12-16 15:30:00-05:00,15.13539981842041,15.148300170898438,15.13539981842041,15.13539981842041,125,0.0,0.0,0.0
2022-12-19 09:30:00-05:00,16.5,16.5,14.989999771118164,15.029999732971191,3328,0.0,0.0,0.0
2022-12-19 10:30:00-05:00,14.970000267028809,14.970000267028809,14.890000343322754,14.896599769592285,1337,0.0,0.0,0.0
2022-12-19 11:30:00-05:00,14.850000381469727,14.899999618530273,14.850000381469727,14.899999618530273,386,0.0,0.0,0.0
2022-12-19 12:30:00-05:00,14.869999885559082,14.890899658203125,14.859999656677246,14.859999656677246,2917,0.0,0.0,0.0
2022-12-19 13:30:00-05:00,14.84000015258789,14.84000015258789,14.78499984741211,14.78499984741211,1646,0.0,0.0,0.0
2022-12-19 14:30:00-05:00,14.795000076293945,14.795000076293945,14.759900093078613,14.769100189208984,800,0.0,0.0,0.0
2022-12-19 15:30:00-05:00,14.75160026550293,14.75160026550293,14.75,14.75,412,0.0,0.0,0.0
2022-12-20 09:30:00-05:00,14.579999923706055,14.732500076293945,14.579999923706055,14.732500076293945,0,0.0,0.0,0.0
2022-12-20 11:30:00-05:00,14.829999923706055,14.859999656677246,14.829999923706055,14.859999656677246,861,0.0,0.0,0.0
2022-12-20 12:30:00-05:00,14.843099594116211,14.8681001663208,14.829999923706055,14.864299774169922,1654,0.0,0.0,0.0
2022-12-21 09:30:00-05:00,14.855299949645996,14.930000305175781,14.855299949645996,14.930000305175781,0,0.0,0.0,0.0
2022-12-21 10:30:00-05:00,15.029999732971191,15.029999732971191,15.020000457763672,15.029999732971191,921,0.0,0.0,0.0
2022-12-21 11:30:00-05:00,15.0649995803833,15.0649995803833,15.0649995803833,15.0649995803833,144,0.0,0.0,0.0
2022-12-21 12:30:00-05:00,15.013299942016602,15.020099639892578,15.013299942016602,15.020000457763672,536,0.0,0.0,0.0
2022-12-21 15:30:00-05:00,14.982000350952148,14.994999885559082,14.982000350952148,14.994999885559082,0,0.0,0.0,0.0
2022-12-22 09:30:00-05:00,14.760000228881836,14.760000228881836,14.619999885559082,14.619999885559082,1166,0.0,0.0,0.0
2022-12-22 10:30:00-05:00,14.627599716186523,14.627599716186523,14.627599716186523,14.627599716186523,187,0.0,0.0,0.0
2022-12-22 11:30:00-05:00,14.585200309753418,14.586600303649902,14.569999694824219,14.579999923706055,2289,0.0,0.0,0.0
2022-12-22 12:30:00-05:00,14.553999900817871,14.553999900817871,14.5,14.5,2766,0.0,0.0,0.0
2022-12-22 13:30:00-05:00,14.479999542236328,14.496600151062012,14.470000267028809,14.489999771118164,30329,0.0,0.0,0.0
2022-12-22 14:30:00-05:00,14.581000328063965,14.65999984741211,14.579999923706055,14.65999984741211,1562,0.0,0.0,0.0
2022-12-22 15:30:00-05:00,14.640000343322754,14.643899917602539,14.613499641418457,14.643899917602539,1576,0.0,0.0,0.0
2022-12-23 09:30:00-05:00,14.630000114440918,14.630000114440918,14.460000038146973,14.510000228881836,0,0.0,0.0,0.0
2022-12-23 10:30:00-05:00,14.550000190734863,14.579999923706055,14.550000190734863,14.579999923706055,485,0.0,0.0,0.0
2022-12-23 12:30:00-05:00,14.579999923706055,14.579999923706055,14.520000457763672,14.520000457763672,368,0.0,0.0,0.0
2022-12-23 14:30:00-05:00,14.609999656677246,14.623900413513184,14.569999694824219,14.623900413513184,1863,0.0,0.0,0.0
2022-12-27 09:30:00-05:00,14.680000305175781,14.680000305175781,14.35949993133545,14.550000190734863,647,0.0,0.0,0.0
2022-12-27 10:30:00-05:00,14.578399658203125,14.578399658203125,14.505000114440918,14.526800155639648,3567,0.0,0.0,0.0
2022-12-27 11:30:00-05:00,14.59000015258789,14.59000015258789,14.56410026550293,14.56410026550293,8230,0.0,0.0,0.0
2022-12-27 13:30:00-05:00,14.505900382995605,14.513199806213379,14.505900382995605,14.513199806213379,1957,0.0,0.0,0.0
2022-12-27 14:30:00-05:00,14.520000457763672,14.520000457763672,14.479999542236328,14.510000228881836,9595,0.0,0.0,0.0
2022-12-27 15:30:00-05:00,14.520000457763672,14.520000457763672,14.512499809265137,14.512499809265137,1200,0.0,0.0,0.0
2022-12-28 09:30:00-05:00,14.40999984741211,14.609999656677246,14.40999984741211,14.5600004196167,1835,0.0,0.0,0.0
2022-12-28 10:30:00-05:00,14.5,14.5,14.399999618530273,14.425000190734863,702,0.0,0.0,0.0
2022-12-28 11:30:00-05:00,14.425000190734863,14.425000190734863,14.392600059509277,14.392600059509277,614,0.0,0.0,0.0
2022-12-28 12:30:00-05:00,14.399999618530273,14.399999618530273,14.399999618530273,14.399999618530273,440,0.0,0.0,0.0
2022-12-28 13:30:00-05:00,14.449999809265137,14.449999809265137,14.359999656677246,14.385000228881836,1343,0.0,0.0,0.0
2022-12-29 09:30:00-05:00,14.5,14.750100135803223,14.5,14.750100135803223,5049,0.0,0.0,0.0
2022-12-29 10:30:00-05:00,14.789999961853027,14.890000343322754,14.789999961853027,14.850000381469727,14435,0.0,0.0,0.0
2022-12-29 11:30:00-05:00,14.864999771118164,14.899900436401367,14.864999771118164,14.88700008392334,3041,0.0,0.0,0.0
2022-12-29 12:30:00-05:00,14.864999771118164,14.878199577331543,14.84000015258789,14.878199577331543,1829,0.0,0.0,0.0
2022-12-29 13:30:00-05:00,14.869999885559082,14.880000114440918,14.869999885559082,14.879899978637695,18608,0.0,0.0,0.0
2022-12-29 14:30:00-05:00,14.880000114440918,14.880000114440918,14.880000114440918,14.880000114440918,6241,0.0,0.0,0.0
2022-12-29 15:30:00-05:00,14.930000305175781,14.930000305175781,14.87090015411377,14.893899917602539,1420,0.0,0.0,0.0
2022-12-30 09:30:00-05:00,14.710000038146973,14.770099639892578,14.710000038146973,14.739999771118164,0,0.0,0.0,0.0
2022-12-30 10:30:00-05:00,14.744999885559082,14.821999549865723,14.720000267028809,14.744999885559082,15276,0.0,0.0,0.0
2022-12-30 11:30:00-05:00,14.761899948120117,14.761899948120117,14.727999687194824,14.727999687194824,3669,0.0,0.0,0.0
2022-12-30 12:30:00-05:00,14.670000076293945,14.670000076293945,14.661499977111816,14.661499977111816,418,0.0,0.0,0.0
2022-12-30 13:30:00-05:00,14.675000190734863,14.675000190734863,14.661999702453613,14.670000076293945,1001,0.0,0.0,0.0
2022-12-30 14:30:00-05:00,14.680000305175781,14.770000457763672,14.680000305175781,14.770000457763672,1321,0.0,0.0,0.0
2022-12-30 15:30:00-05:00,14.778200149536133,14.789999961853027,14.778200149536133,14.789999961853027,890,0.0,0.0,0.0
2023-01-03 09:30:00-05:00,14.970000267028809,15.010000228881836,14.970000267028809,15.010000228881836,3474,0.0,0.0,0.0
2023-01-03 10:30:00-05:00,14.919899940490723,14.919899940490723,14.919899940490723,14.919899940490723,234,0.0,0.0,0.0
2023-01-03 11:30:00-05:00,14.79010009765625,14.79010009765625,14.79010009765625,14.79010009765625,501,0.0,0.0,0.0
2023-01-03 12:30:00-05:00,14.755000114440918,14.760000228881836,14.755000114440918,14.760000228881836,322,0.0,0.0,0.0
2023-01-03 13:30:00-05:00,14.779999732971191,14.779999732971191,14.779999732971191,14.779999732971191,147,0.0,0.0,0.0
2023-01-03 14:30:00-05:00,14.8681001663208,14.880900382995605,14.8681001663208,14.87559986114502,572,0.0,0.0,0.0
2023-01-04 09:30:00-05:00,15.010000228881836,15.010000228881836,14.980899810791016,15.010000228881836,0,0.0,0.0,0.0
2023-01-04 10:30:00-05:00,14.970000267028809,15.074799537658691,14.929900169372559,15.074799537658691,1604,0.0,0.0,0.0
2023-01-04 11:30:00-05:00,15.180000305175781,15.180000305175781,15.180000305175781,15.180000305175781,233,0.0,0.0,0.0
2023-01-04 12:30:00-05:00,15.130000114440918,15.130000114440918,15.119999885559082,15.130000114440918,1168,0.0,0.0,0.0
2023-01-04 13:30:00-05:00,15.139900207519531,15.139900207519531,15.139900207519531,15.139900207519531,253,0.0,0.0,0.0
2023-01-04 14:30:00-05:00,15.059900283813477,15.119999885559082,15.059900283813477,15.097999572753906,1479,0.0,0.0,0.0
2023-01-05 09:30:00-05:00,14.90999984741211,14.90999984741211,14.739999771118164,14.739999771118164,0,0.0,0.0,0.0
2023-01-05 10:30:00-05:00,14.692099571228027,14.692099571228027,14.692099571228027,14.692099571228027,420,0.0,0.0,0.0
2023-01-05 11:30:00-05:00,14.710000038146973,14.713199615478516,14.70989990234375,14.713199615478516,0,0.0,0.0,0.0
2023-01-05 12:30:00-05:00,14.640000343322754,14.640000343322754,14.595000267028809,14.640000343322754,3454,0.0,0.0,0.0
2023-01-05 14:30:00-05:00,14.616100311279297,14.616100311279297,14.616100311279297,14.616100311279297,674,0.0,0.0,0.0
2023-01-05 15:30:00-05:00,14.599200248718262,14.599200248718262,14.599200248718262,14.599200248718262,741,0.0,0.0,0.0
2023-01-06 09:30:00-05:00,14.449999809265137,14.57759952545166,14.34000015258789,14.57759952545166,0,0.0,0.0,0.0
2023-01-06 10:30:00-05:00,14.65999984741211,14.65999984741211,14.640000343322754,14.640000343322754,410,0.0,0.0,0.0
2023-01-06 11:30:00-05:00,14.675000190734863,14.675000190734863,14.675000190734863,14.675000190734863,296,0.0,0.0,0.0
2023-01-06 13:30:00-05:00,14.739999771118164,14.739999771118164,14.739999771118164,14.739999771118164,304,0.0,0.0,0.0
2023-01-06 14:30:00-05:00,14.770000457763672,14.78499984741211,14.770000457763672,14.78499984741211,336,0.0,0.0,0.0
2023-01-09 09:30:00-05:00,14.829999923706055,15.259699821472168,14.829999923706055,15.180000305175781,9691,0.0,0.0,0.0
2023-01-09 10:30:00-05:00,15.180000305175781,15.210000038146973,15.180000305175781,15.210000038146973,709,0.0,0.0,0.0
2023-01-09 11:30:00-05:00,15.210000038146973,15.274999618530273,15.210000038146973,15.229999542236328,786,0.0,0.0,0.0
2023-01-09 12:30:00-05:00,15.270000457763672,15.270000457763672,15.229999542236328,15.270000457763672,440,0.0,0.0,0.0
2023-01-09 13:30:00-05:00,15.25,15.274900436401367,15.180000305175781,15.1899995803833,658,0.0,0.0,0.0
2023-01-09 14:30:00-05:00,15.199999809265137,15.199999809265137,15.180000305175781,15.180000305175781,1678,0.0,0.0,0.0
2023-01-09 15:30:00-05:00,15.079999923706055,15.079999923706055,15.050000190734863,15.0600004196167,0,0.0,0.0,0.0
2023-01-10 09:30:00-05:00,15.010000228881836,15.039999961853027,15.010000228881836,15.039999961853027,874,0.0,0.0,0.0
2023-01-10 10:30:00-05:00,14.9399995803833,15.020000457763672,14.9350004196167,15.020000457763672,1751,0.0,0.0,0.0
2023-01-10 11:30:00-05:00,15.007399559020996,15.007399559020996,15.007399559020996,15.007399559020996,246,0.0,0.0,0.0
2023-01-10 12:30:00-05:00,15.020000457763672,15.020000457763672,15.020000457763672,15.020000457763672,2011,0.0,0.0,0.0
2023-01-10 13:30:00-05:00,15.057100296020508,15.079999923706055,15.057100296020508,15.074999809265137,1914,0.0,0.0,0.0
2023-01-10 14:30:00-05:00,15.135000228881836,15.135000228881836,15.135000228881836,15.135000228881836,1570,0.0,0.0,0.0
2023-01-10 15:30:00-05:00,15.09000015258789,15.155699729919434,15.09000015258789,15.155699729919434,1951,0.0,0.0,0.0
2023-01-11 09:30:00-05:00,15.229999542236328,15.3100004196167,15.229999542236328,15.3100004196167,0,0.0,0.0,0.0
2023-01-11 11:30:00-05:00,15.34000015258789,15.369999885559082,15.3100004196167,15.359999656677246,1258,0.0,0.0,0.0
2023-01-11 12:30:00-05:00,15.352100372314453,15.369999885559082,15.340100288391113,15.369999885559082,1513,0.0,0.0,0.0
2023-01-11 13:30:00-05:00,15.34000015258789,15.34000015258789,15.34000015258789,15.34000015258789,100,0.0,0.0,0.0
2023-01-11 14:30:00-05:00,15.34000015258789,15.34000015258789,15.34000015258789,15.34000015258789,844,0.0,0.0,0.0
2023-01-11 15:30:00-05:00,15.350000381469727,15.40999984741211,15.350000381469727,15.359999656677246,0,0.0,0.0,0.0
2023-01-12 09:30:00-05:00,15.319999694824219,15.319999694824219,15.1899995803833,15.239999771118164,2491,0.0,0.0,0.0
2023-01-12 10:30:00-05:00,15.34000015258789,15.34000015258789,15.25,15.25,489,0.0,0.0,0.0
2023-01-12 11:30:00-05:00,15.347299575805664,15.410099983215332,15.345000267028809,15.410099983215332,1686,0.0,0.0,0.0
2023-01-12 12:30:00-05:00,15.460000038146973,15.489999771118164,15.460000038146973,15.489999771118164,5751,0.0,0.0,0.0
2023-01-12 13:30:00-05:00,15.40999984741211,15.529999732971191,15.369999885559082,15.504400253295898,3402,0.0,0.0,0.0
2023-01-12 14:30:00-05:00,15.489999771118164,15.489999771118164,15.48169994354248,15.48169994354248,1938,0.0,0.0,0.0
2023-01-12 15:30:00-05:00,15.489999771118164,15.569999694824219,15.489999771118164,15.553400039672852,803,0.0,0.0,0.0
2023-01-13 09:30:00-05:00,15.520000457763672,15.520000457763672,15.520000457763672,15.520000457763672,0,0.0,0.0,0.0
2023-01-13 10:30:00-05:00,15.5600004196167,15.5733003616333,15.559399604797363,15.559399604797363,484,0.0,0.0,0.0
2023-01-13 11:30:00-05:00,15.520000457763672,15.569999694824219,15.520000457763672,15.545000076293945,3934,0.0,0.0,0.0
2023-01-13 12:30:00-05:00,15.59000015258789,15.59000015258789,15.59000015258789,15.59000015258789,388,0.0,0.0,0.0
2023-01-13 13:30:00-05:00,15.579999923706055,15.640000343322754,15.579999923706055,15.625100135803223,1149,0.0,0.0,0.0
2023-01-13 14:30:00-05:00,15.649499893188477,15.649499893188477,15.649499893188477,15.649499893188477,934,0.0,0.0,0.0
2023-01-13 15:30:00-05:00,15.649999618530273,15.67490005493164,15.649999618530273,15.67490005493164,200,0.0,0.0,0.0
2023-01-17 09:30:00-05:00,15.649999618530273,15.654999732971191,15.649999618530273,15.649999618530273,2442,0.0,0.0,0.0
2023-01-17 10:30:00-05:00,15.670000076293945,15.670000076293945,15.579999923706055,15.593400001525879,6228,0.0,0.0,0.0
2023-01-17 11:30:00-05:00,15.636799812316895,15.6899995803833,15.636799812316895,15.6899995803833,2126,0.0,0.0,0.0
2023-01-17 12:30:00-05:00,15.699999809265137,15.699999809265137,15.699999809265137,15.699999809265137,180,0.0,0.0,0.0
2023-01-17 13:30:00-05:00,15.804699897766113,15.804699897766113,15.804699897766113,15.804699897766113,396,0.0,0.0,0.0
2023-01-17 14:30:00-05:00,15.82289981842041,15.82289981842041,15.82289981842041,15.82289981842041,573,0.0,0.0,0.0
2023-01-18 09:30:00-05:00,15.953800201416016,16.109899520874023,15.953800201416016,16.049999237060547,0,0.0,0.0,0.0
2023-01-18 10:30:00-05:00,16.049999237060547,16.059999465942383,15.800000190734863,15.800000190734863,3353,0.0,0.0,0.0
2023-01-18 11:30:00-05:00,15.779999732971191,15.779999732971191,15.739999771118164,15.770000457763672,1318,0.0,0.0,0.0
2023-01-18 13:30:00-05:00,15.677499771118164,15.680000305175781,15.677499771118164,15.680000305175781,2129,0.0,0.0,0.0
2023-01-18 14:30:00-05:00,15.73859977722168,15.73859977722168,15.632499694824219,15.632499694824219,336,0.0,0.0,0.0
2023-01-19 09:30:00-05:00,15.529999732971191,15.595999717712402,15.470000267028809,15.59000015258789,0,0.0,0.0,0.0
2023-01-19 10:30:00-05:00,15.53969955444336,15.53969955444336,15.48009967803955,15.48009967803955,439,0.0,0.0,0.0
2023-01-19 11:30:00-05:00,15.420000076293945,15.420000076293945,15.420000076293945,15.420000076293945,110,0.0,0.0,0.0
2023-01-19 12:30:00-05:00,15.420000076293945,15.4350004196167,15.420000076293945,15.4350004196167,654,0.0,0.0,0.0
2023-01-19 13:30:00-05:00,15.5,15.5,15.5,15.5,122,0.0,0.0,0.0
2023-01-19 15:30:00-05:00,15.539999961853027,15.539999961853027,15.539999961853027,15.539999961853027,2071,0.0,0.0,0.0
2023-01-20 09:30:00-05:00,15.649999618530273,15.649999618530273,15.649999618530273,15.649999618530273,0,0.0,0.0,0.0
2023-01-20 10:30:00-05:00,15.649999618530273,15.65999984741211,15.635100364685059,15.65999984741211,1274,0.0,0.0,0.0
2023-01-20 12:30:00-05:00,15.779999732971191,15.779999732971191,15.779999732971191,15.779999732971191,242,0.0,0.0,0.0
2023-01-20 13:30:00-05:00,15.779999732971191,15.890000343322754,15.779999732971191,15.890000343322754,976,0.0,0.0,0.0
2023-01-20 14:30:00-05:00,15.9399995803833,15.9399995803833,15.9399995803833,15.9399995803833,600,0.0,0.0,0.0
2023-01-20 15:30:00-05:00,15.90999984741211,15.954999923706055,15.90999984741211,15.954999923706055,1315,0.0,0.0,0.0
2023-01-23 09:30:00-05:00,16.079999923706055,16.149999618530273,16.045000076293945,16.149999618530273,8596,0.0,0.0,0.0
2023-01-23 10:30:00-05:00,16.18600082397461,16.249000549316406,16.18600082397461,16.249000549316406,477,0.0,0.0,0.0
2023-01-23 11:30:00-05:00,16.280000686645508,16.329999923706055,16.280000686645508,16.299999237060547,9900,0.0,0.0,0.0
2023-01-23 12:30:00-05:00,16.27829933166504,16.290000915527344,16.25,16.25,4101,0.0,0.0,0.0
2023-01-23 13:30:00-05:00,16.28499984741211,16.309999465942383,16.28499984741211,16.309999465942383,1541,0.0,0.0,0.0
2023-01-23 14:30:00-05:00,16.300100326538086,16.3700008392334,16.260000228881836,16.3700008392334,6852,0.0,0.0,0.0
2023-01-23 15:30:00-05:00,16.420000076293945,16.420000076293945,16.420000076293945,16.420000076293945,265,0.0,0.0,0.0
2023-01-24 09:30:00-05:00,16.200000762939453,16.420000076293945,16.200000762939453,16.299999237060547,0,0.0,0.0,0.0
2023-01-24 10:30:00-05:00,16.31999969482422,16.31999969482422,16.25079917907715,16.25079917907715,803,0.0,0.0,0.0
2023-01-24 11:30:00-05:00,16.289899826049805,16.289899826049805,16.28689956665039,16.28689956665039,1110,0.0,0.0,0.0
2023-01-24 12:30:00-05:00,16.298999786376953,16.299999237060547,16.298999786376953,16.299999237060547,1202,0.0,0.0,0.0
2023-01-24 13:30:00-05:00,16.28499984741211,16.28499984741211,16.28499984741211,16.28499984741211,325,0.0,0.0,0.0
2023-01-24 14:30:00-05:00,16.309999465942383,16.31999969482422,16.28499984741211,16.28499984741211,1227,0.0,0.0,0.0
2023-01-24 15:30:00-05:00,16.2549991607666,16.260000228881836,16.209999084472656,16.209999084472656,905,0.0,0.0,0.0
2023-01-25 09:30:00-05:00,15.8100004196167,15.899999618530273,15.73840045928955,15.739999771118164,2507,0.0,0.0,0.0
2023-01-25 10:30:00-05:00,15.850000381469727,15.850000381469727,15.850000381469727,15.850000381469727,265,0.0,0.0,0.0
2023-01-25 12:30:00-05:00,15.989899635314941,15.989999771118164,15.989899635314941,15.989999771118164,572,0.0,0.0,0.0
2023-01-25 13:30:00-05:00,16.125,16.21500015258789,16.125,16.21500015258789,637,0.0,0.0,0.0
2023-01-25 14:30:00-05:00,16.209999084472656,16.283199310302734,16.209999084472656,16.229299545288086,1506,0.0,0.0,0.0
2023-01-26 09:30:00-05:00,16.56130027770996,16.670000076293945,16.5049991607666,16.670000076293945,0,0.0,0.0,0.0
2023-01-26 10:30:00-05:00,16.6200008392334,16.6200008392334,16.420000076293945,16.420000076293945,1510,0.0,0.0,0.0
2023-01-26 11:30:00-05:00,16.459999084472656,16.510000228881836,16.459999084472656,16.509899139404297,8430,0.0,0.0,0.0
2023-01-26 12:30:00-05:00,16.559999465942383,16.559999465942383,16.49169921875,16.540000915527344,1579,0.0,0.0,0.0
2023-01-26 13:30:00-05:00,16.600000381469727,16.61989974975586,16.59000015258789,16.610000610351562,1291,0.0,0.0,0.0
2023-01-26 14:30:00-05:00,16.6200008392334,16.6200008392334,16.614999771118164,16.6200008392334,1786,0.0,0.0,0.0
2023-01-26 15:30:00-05:00,16.665000915527344,16.73040008544922,16.665000915527344,16.73040008544922,2023,0.0,0.0,0.0
2023-01-27 09:30:00-05:00,16.690000534057617,16.86639976501465,16.690000534057617,16.831499099731445,3086,0.0,0.0,0.0
2023-01-27 10:30:00-05:00,16.739500045776367,16.739500045776367,16.739500045776367,16.739500045776367,1102,0.0,0.0,0.0
2023-01-27 11:30:00-05:00,16.864999771118164,16.950000762939453,16.864999771118164,16.926000595092773,4695,0.0,0.0,0.0
2023-01-27 12:30:00-05:00,16.979999542236328,16.979999542236328,16.90999984741211,16.90999984741211,4004,0.0,0.0,0.0
2023-01-27 13:30:00-05:00,17.02079963684082,17.02079963684082,17.02079963684082,17.02079963684082,100,0.0,0.0,0.0
2023-01-27 14:30:00-05:00,17.020000457763672,17.059999465942383,16.96419906616211,16.96419906616211,2659,0.0,0.0,0.0
2023-01-30 09:30:00-05:00,17.799999237060547,17.799999237060547,16.75,16.850000381469727,10057,0.0,0.0,0.0
2023-01-30 10:30:00-05:00,16.584999084472656,16.732999801635742,16.584999084472656,16.732999801635742,898,0.0,0.0,0.0
2023-01-30 11:30:00-05:00,16.68869972229004,16.68869972229004,16.68869972229004,16.68869972229004,306,0.0,0.0,0.0
2023-01-30 12:30:00-05:00,16.729999542236328,16.760000228881836,16.69499969482422,16.69499969482422,2330,0.0,0.0,0.0
2023-01-30 13:30:00-05:00,16.73900032043457,16.73900032043457,16.73900032043457,16.73900032043457,300,0.0,0.0,0.0
2023-01-30 14:30:00-05:00,16.68000030517578,16.68000030517578,16.6156005859375,16.6156005859375,837,0.0,0.0,0.0
2023-01-31 09:30:00-05:00,16.685199737548828,16.723600387573242,16.6200008392334,16.6200008392334,0,0.0,0.0,0.0
2023-01-31 10:30:00-05:00,16.770000457763672,16.850000381469727,16.741100311279297,16.799999237060547,4354,0.0,0.0,0.0
2023-01-31 11:30:00-05:00,16.819900512695312,16.819900512695312,16.811500549316406,16.811500549316406,1450,0.0,0.0,0.0
2023-01-31 12:30:00-05:00,16.839399337768555,16.84000015258789,16.822999954223633,16.822999954223633,1037,0.0,0.0,0.0
2023-01-31 13:30:00-05:00,16.813100814819336,16.8700008392334,16.813100814819336,16.86520004272461,2447,0.0,0.0,0.0
2023-01-31 14:30:00-05:00,16.8700008392334,16.8700008392334,16.825000762939453,16.829999923706055,1059,0.0,0.0,0.0
2023-01-31 15:30:00-05:00,16.790000915527344,16.88960075378418,16.790000915527344,16.88960075378418,596,0.0,0.0,0.0
2023-02-01 09:30:00-05:00,17.040000915527344,17.047300338745117,17.040000915527344,17.047300338745117,0,0.0,0.0,0.0
2023-02-01 10:30:00-05:00,17.020000457763672,17.020000457763672,16.959999084472656,16.969999313354492,1763,0.0,0.0,0.0
2023-02-01 11:30:00-05:00,17.049999237060547,17.059999465942383,17.049999237060547,17.059999465942383,904,0.0,0.0,0.0
2023-02-01 12:30:00-05:00,17.040000915527344,17.06999969482422,17.016199111938477,17.06999969482422,2673,0.0,0.0,0.0
2023-02-01 13:30:00-05:00,17.149999618530273,17.170000076293945,17.020000457763672,17.170000076293945,1563,0.0,0.0,0.0
2023-02-01 14:30:00-05:00,17.18000030517578,17.484699249267578,17.09000015258789,17.484699249267578,2264,0.0,0.0,0.0
2023-02-01 15:30:00-05:00,17.56999969482422,17.68000030517578,17.559999465942383,17.57200050354004,0,0.0,0.0,0.0
2023-02-02 09:30:00-05:00,17.950000762939453,18.138999938964844,17.889999389648438,18.079999923706055,8292,0.0,0.0,0.0
2023-02-02 10:30:00-05:00,18.171199798583984,18.259899139404297,18.1299991607666,18.1299991607666,6813,0.0,0.0,0.0
2023-02-02 11:30:00-05:00,18.200000762939453,18.200000762939453,18.149999618530273,18.149999618530273,8212,0.0,0.0,0.0
2023-02-02 12:30:00-05:00,18.259899139404297,18.31999969482422,18.259899139404297,18.295000076293945,1492,0.0,0.0,0.0
2023-02-02 13:30:00-05:00,18.299999237060547,18.350000381469727,18.237899780273438,18.249900817871094,0,0.0,0.0,0.0
2023-02-02 14:30:00-05:00,18.1200008392334,18.147600173950195,18.059999465942383,18.100000381469727,29835,0.0,0.0,0.0
2023-02-02 15:30:00-05:00,18.139999389648438,18.239999771118164,18.133100509643555,18.239999771118164,1110,0.0,0.0,0.0
2023-02-03 09:30:00-05:00,18.25,18.25,17.655000686645508,17.829999923706055,5164,0.0,0.0,0.0
2023-02-03 10:30:00-05:00,18.030000686645508,18.09000015258789,18.01889991760254,18.09000015258789,6860,0.0,0.0,0.0
2023-02-03 11:30:00-05:00,18.100000381469727,18.100000381469727,17.969999313354492,18.02989959716797,3886,0.0,0.0,0.0
2023-02-03 12:30:00-05:00,18.030000686645508,18.030000686645508,17.809999465942383,17.860000610351562,4147,0.0,0.0,0.0
2023-02-03 13:30:00-05:00,17.75,17.770000457763672,17.729999542236328,17.770000457763672,804,0.0,0.0,0.0
2023-02-03 14:30:00-05:00,17.739999771118164,17.739999771118164,17.700000762939453,17.700000762939453,559,0.0,0.0,0.0
2023-02-03 15:30:00-05:00,17.70009994506836,17.719999313354492,17.68199920654297,17.690000534057617,4740,0.0,0.0,0.0
2023-02-06 09:30:00-05:00,17.530000686645508,17.559999465942383,17.450000762939453,17.450000762939453,0,0.0,0.0,0.0
2023-02-06 10:30:00-05:00,17.42009925842285,17.55500030517578,17.42009925842285,17.55500030517578,757,0.0,0.0,0.0
2023-02-06 12:30:00-05:00,17.519899368286133,17.530000686645508,17.434200286865234,17.434200286865234,2932,0.0,0.0,0.0
2023-02-06 13:30:00-05:00,17.475000381469727,17.5,17.475000381469727,17.499900817871094,320,0.0,0.0,0.0
2023-02-06 14:30:00-05:00,17.415199279785156,17.420000076293945,17.415199279785156,17.420000076293945,2050,0.0,0.0,0.0
2023-02-06 15:30:00-05:00,17.3700008392334,17.40999984741211,17.3700008392334,17.40999984741211,0,0.0,0.0,0.0
2023-02-07 09:30:00-05:00,17.75,17.75,17.212900161743164,17.212900161743164,2776,0.0,0.0,0.0
2023-02-07 10:30:00-05:00,17.2549991607666,17.290000915527344,17.2549991607666,17.290000915527344,410,0.0,0.0,0.0
2023-02-07 11:30:00-05:00,17.31999969482422,17.354999542236328,17.31999969482422,17.354999542236328,521,0.0,0.0,0.0
2023-02-07 12:30:00-05:00,17.350000381469727,17.599899291992188,17.350000381469727,17.40999984741211,623,0.0,0.0,0.0
2023-02-07 13:30:00-05:00,17.280000686645508,17.31999969482422,17.229999542236328,17.229999542236328,658,0.0,0.0,0.0
2023-02-07 14:30:00-05:00,17.556100845336914,17.670000076293945,17.556100845336914,17.670000076293945,641,0.0,0.0,0.0
2023-02-07 15:30:00-05:00,17.675100326538086,17.784099578857422,17.675100326538086,17.770000457763672,3567,0.0,0.0,0.0
2023-02-08 09:30:00-05:00,17.6299991607666,17.860000610351562,17.6299991607666,17.860000610351562,810,0.0,0.0,0.0
2023-02-08 10:30:00-05:00,17.729999542236328,17.729999542236328,17.729999542236328,17.729999542236328,273,0.0,0.0,0.0
2023-02-08 11:30:00-05:00,17.549999237060547,17.649999618530273,17.549999237060547,17.649999618530273,1124,0.0,0.0,0.0
2023-02-08 12:30:00-05:00,17.639999389648438,17.639999389648438,17.639999389648438,17.639999389648438,195,0.0,0.0,0.0
2023-02-08 13:30:00-05:00,17.604999542236328,17.612499237060547,17.604999542236328,17.607799530029297,605,0.0,0.0,0.0
2023-02-08 14:30:00-05:00,17.66900062561035,17.670000076293945,17.628999710083008,17.628999710083008,1535,0.0,0.0,0.0
2023-02-08 15:30:00-05:00,17.625099182128906,17.625099182128906,17.625099182128906,17.625099182128906,321,0.0,0.0,0.0
2023-02-09 09:30:00-05:00,17.739999771118164,17.950000762939453,17.739999771118164,17.869300842285156,0,0.0,0.0,0.0
2023-02-09 10:30:00-05:00,17.799999237060547,17.799999237060547,17.780000686645508,17.780000686645508,401,0.0,0.0,0.0
2023-02-09 11:30:00-05:00,17.719999313354492,17.729999542236328,17.719999313354492,17.729999542236328,362,0.0,0.0,0.0
2023-02-09 12:30:00-05:00,17.68000030517578,17.68000030517578,17.653200149536133,17.653200149536133,835,0.0,0.0,0.0
2023-02-09 13:30:00-05:00,17.615999221801758,17.615999221801758,17.615999221801758,17.615999221801758,443,0.0,0.0,0.0
2023-02-09 14:30:00-05:00,17.59000015258789,17.59000015258789,17.5,17.5,268,0.0,0.0,0.0
2023-02-09 15:30:00-05:00,17.434999465942383,17.450000762939453,17.434999465942383,17.450000762939453,0,0.0,0.0,0.0
2023-02-10 09:30:00-05:00,17.389999389648438,17.389999389648438,17.270000457763672,17.299999237060547,1708,0.0,0.0,0.0
2023-02-10 10:30:00-05:00,17.25,17.2549991607666,17.249900817871094,17.25,974,0.0,0.0,0.0
2023-02-10 11:30:00-05:00,17.25,17.25,17.079999923706055,17.079999923706055,8871,0.0,0.0,0.0
2023-02-10 12:30:00-05:00,17.042699813842773,17.200000762939453,17.042699813842773,17.200000762939453,1751,0.0,0.0,0.0
2023-02-10 13:30:00-05:00,17.14150047302246,17.14150047302246,17.110000610351562,17.125,905,0.0,0.0,0.0
2023-02-10 14:30:00-05:00,17.100000381469727,17.100000381469727,17.100000381469727,17.100000381469727,210,0.0,0.0,0.0
2023-02-10 15:30:00-05:00,17.14430046081543,17.219999313354492,17.14430046081543,17.165000915527344,562,0.0,0.0,0.0
2023-02-13 09:30:00-05:00,17.329999923706055,17.329999923706055,17.170299530029297,17.329999923706055,0,0.0,0.0,0.0
2023-02-13 10:30:00-05:00,17.389999389648438,17.459999084472656,17.3799991607666,17.440000534057617,3583,0.0,0.0,0.0
2023-02-13 11:30:00-05:00,17.450000762939453,17.5,17.440000534057617,17.5,987,0.0,0.0,0.0
2023-02-13 12:30:00-05:00,17.454999923706055,17.5,17.454599380493164,17.5,1264,0.0,0.0,0.0
2023-02-13 13:30:00-05:00,17.5,17.510000228881836,17.460100173950195,17.510000228881836,1980,0.0,0.0,0.0
2023-02-13 14:30:00-05:00,17.479999542236328,17.479999542236328,17.424999237060547,17.43000030517578,579,0.0,0.0,0.0
2023-02-13 15:30:00-05:00,17.438499450683594,17.438499450683594,17.43000030517578,17.43199920654297,506,0.0,0.0,0.0
2023-02-14 09:30:00-05:00,17.399999618530273,17.75,17.302400588989258,17.75,0,0.0,0.0,0.0
2023-02-14 10:30:00-05:00,17.670900344848633,17.670900344848633,17.530000686645508,17.530000686645508,2044,0.0,0.0,0.0
2023-02-14 11:30:00-05:00,17.45359992980957,17.485000610351562,17.45009994506836,17.45009994506836,1617,0.0,0.0,0.0
2023-02-14 12:30:00-05:00,17.610000610351562,17.610000610351562,17.610000610351562,17.610000610351562,100,0.0,0.0,0.0
2023-02-14 13:30:00-05:00,17.6299991607666,17.6299991607666,17.549999237060547,17.549999237060547,1865,0.0,0.0,0.0
2023-02-14 14:30:00-05:00,17.638900756835938,17.695999145507812,17.638900756835938,17.695999145507812,1680,0.0,0.0,0.0
2023-02-14 15:30:00-05:00,17.709999084472656,17.729999542236328,17.709999084472656,17.71500015258789,3149,0.0,0.0,0.0
2023-02-15 09:30:00-05:00,17.6299991607666,17.749000549316406,17.6299991607666,17.676700592041016,0,0.0,0.0,0.0
2023-02-15 10:30:00-05:00,17.75,17.829999923706055,17.700000762939453,17.819900512695312,38018,0.0,0.0,0.0
2023-02-15 11:30:00-05:00,17.809999465942383,17.809999465942383,17.78619956970215,17.809999465942383,1256,0.0,0.0,0.0
2023-02-15 12:30:00-05:00,17.859899520874023,17.859899520874023,17.859899520874023,17.859899520874023,774,0.0,0.0,0.0
2023-02-15 13:30:00-05:00,17.929899215698242,17.929899215698242,17.929899215698242,17.929899215698242,1035,0.0,0.0,0.0
2023-02-15 14:30:00-05:00,17.96500015258789,17.979999542236328,17.93000030517578,17.934999465942383,1815,0.0,0.0,0.0
2023-02-15 15:30:00-05:00,17.961999893188477,17.961999893188477,17.95680046081543,17.95680046081543,292,0.0,0.0,0.0
2023-02-16 09:30:00-05:00,17.350000381469727,17.780000686645508,17.270000457763672,17.780000686645508,0,0.0,0.0,0.0
2023-02-16 10:30:00-05:00,17.899999618530273,17.910499572753906,17.899999618530273,17.910499572753906,240,0.0,0.0,0.0
2023-02-16 11:30:00-05:00,17.93000030517578,17.93000030517578,17.889999389648438,17.889999389648438,4867,0.0,0.0,0.0
2023-02-16 12:30:00-05:00,17.90999984741211,17.90999984741211,17.90999984741211,17.90999984741211,341,0.0,0.0,0.0
2023-02-16 13:30:00-05:00,17.90999984741211,17.920000076293945,17.90999984741211,17.920000076293945,535,0.0,0.0,0.0
2023-02-16 14:30:00-05:00,17.883399963378906,17.883399963378906,17.739999771118164,17.739999771118164,1939,0.0,0.0,0.0
2023-02-16 15:30:00-05:00,17.704999923706055,17.739999771118164,17.639999389648438,17.700000762939453,3023,0.0,0.0,0.0
2023-02-17 09:30:00-05:00,17.300100326538086,17.3799991607666,17.25,17.25,0,0.0,0.0,0.0
2023-02-17 10:30:00-05:00,17.359899520874023,17.359899520874023,17.359899520874023,17.359899520874023,360,0.0,0.0,0.0
2023-02-17 11:30:00-05:00,17.274999618530273,17.274999618530273,17.260000228881836,17.260000228881836,1725,0.0,0.0,0.0
2023-02-17 12:30:00-05:00,17.280000686645508,17.280000686645508,17.25,17.25,843,0.0,0.0,0.0
2023-02-17 13:30:00-05:00,17.25,17.25,17.229999542236328,17.229999542236328,3198,0.0,0.0,0.0
2023-02-17 14:30:00-05:00,17.25,17.350400924682617,17.25,17.315000534057617,979,0.0,0.0,0.0
2023-02-17 15:30:00-05:00,17.329999923706055,17.399999618530273,17.329999923706055,17.389999389648438,1132,0.0,0.0,0.0
2023-02-21 09:30:00-05:00,17.059999465942383,17.110000610351562,16.889999389648438,16.889999389648438,0,0.0,0.0,0.0
2023-02-21 10:30:00-05:00,16.940099716186523,16.989999771118164,16.93120002746582,16.93120002746582,1878,0.0,0.0,0.0
2023-02-21 11:30:00-05:00,16.90999984741211,16.90999984741211,16.90999984741211,16.90999984741211,141,0.0,0.0,0.0
2023-02-21 12:30:00-05:00,17.009899139404297,17.009899139404297,17.009899139404297,17.009899139404297,124,0.0,0.0,0.0
2023-02-21 13:30:00-05:00,16.940000534057617,16.940000534057617,16.90999984741211,16.90999984741211,574,0.0,0.0,0.0
2023-02-21 14:30:00-05:00,16.890100479125977,16.950000762939453,16.890100479125977,16.950000762939453,2509,0.0,0.0,0.0
2023-02-21 15:30:00-05:00,16.93000030517578,16.953699111938477,16.899999618530273,16.92169952392578,4001,0.0,0.0,0.0
2023-02-22 09:30:00-05:00,16.91390037536621,16.91390037536621,16.91390037536621,16.91390037536621,0,0.0,0.0,0.0
2023-02-22 10:30:00-05:00,16.920000076293945,16.989999771118164,16.920000076293945,16.959999084472656,874,0.0,0.0,0.0
2023-02-22 12:30:00-05:00,17.01219940185547,17.01219940185547,17.01219940185547,17.01219940185547,493,0.0,0.0,0.0
2023-02-22 14:30:00-05:00,16.979999542236328,16.979999542236328,16.979999542236328,16.979999542236328,314,0.0,0.0,0.0
2023-02-22 15:30:00-05:00,17.010000228881836,17.010000228881836,16.940000534057617,16.97559928894043,731,0.0,0.0,0.0
2023-02-23 09:30:00-05:00,17.014999389648438,17.014999389648438,17.010000228881836,17.010000228881836,0,0.0,0.0,0.0
2023-02-23 10:30:00-05:00,16.950000762939453,16.950000762939453,16.8700008392334,16.8700008392334,1022,0.0,0.0,0.0
2023-02-23 11:30:00-05:00,16.770000457763672,16.770000457763672,16.760000228881836,16.760000228881836,3023,0.0,0.0,0.0
2023-02-23 12:30:00-05:00,16.790000915527344,16.790000915527344,16.790000915527344,16.790000915527344,875,0.0,0.0,0.0
2023-02-23 15:30:00-05:00,17.059999465942383,17.059999465942383,17.018699645996094,17.018699645996094,0,0.0,0.0,0.0
2023-02-24 09:30:00-05:00,16.655000686645508,16.75,16.636699676513672,16.75,2276,0.0,0.0,0.0
2023-02-24 11:30:00-05:00,16.610000610351562,16.65999984741211,16.60409927368164,16.60409927368164,864,0.0,0.0,0.0
2023-02-24 13:30:00-05:00,16.643800735473633,16.643800735473633,16.643800735473633,16.643800735473633,102,0.0,0.0,0.0
2023-02-24 14:30:00-05:00,16.606000900268555,16.606000900268555,16.606000900268555,16.606000900268555,537,0.0,0.0,0.0
2023-02-24 15:30:00-05:00,16.6200008392334,16.650999069213867,16.6200008392334,16.650999069213867,500,0.0,0.0,0.0
2023-02-27 09:30:00-05:00,16.899999618530273,16.939899444580078,16.899999618530273,16.939899444580078,597,0.0,0.0,0.0
2023-02-27 10:30:00-05:00,16.76140022277832,16.83989906311035,16.740999221801758,16.78619956970215,1230,0.0,0.0,0.0
2023-02-27 12:30:00-05:00,16.78499984741211,16.78499984741211,16.78499984741211,16.78499984741211,594,0.0,0.0,0.0
2023-02-27 14:30:00-05:00,16.749900817871094,16.749900817871094,16.700000762939453,16.721099853515625,1866,0.0,0.0,0.0
2023-02-28 09:30:00-05:00,16.850000381469727,16.850000381469727,16.709999084472656,16.77039909362793,2129,0.0,0.0,0.0
2023-02-28 10:30:00-05:00,16.80579948425293,16.80579948425293,16.729999542236328,16.729999542236328,435,0.0,0.0,0.0
2023-02-28 13:30:00-05:00,16.790000915527344,16.790000915527344,16.719999313354492,16.719999313354492,2201,0.0,0.0,0.0
2023-02-28 14:30:00-05:00,16.766399383544922,16.766399383544922,16.709999084472656,16.719999313354492,526,0.0,0.0,0.0
2023-03-01 09:30:00-05:00,16.75,16.81999969482422,16.5,16.709999084472656,20101,0.0,0.0,0.0
2023-03-01 10:30:00-05:00,16.790000915527344,16.790000915527344,16.790000915527344,16.790000915527344,159,0.0,0.0,0.0
2023-03-01 11:30:00-05:00,16.75,16.75,16.75,16.75,763,0.0,0.0,0.0
2023-03-01 12:30:00-05:00,16.700000762939453,16.700000762939453,16.700000762939453,16.700000762939453,100,0.0,0.0,0.0
2023-03-01 15:30:00-05:00,16.709999084472656,16.709999084472656,16.709999084472656,16.709999084472656,0,0.0,0.0,0.0
2023-03-02 09:30:00-05:00,16.559999465942383,16.559999465942383,16.34000015258789,16.459999084472656,2493,0.0,0.0,0.0
2023-03-02 10:30:00-05:00,16.49139976501465,16.49139976501465,16.49139976501465,16.49139976501465,252,0.0,0.0,0.0
2023-03-02 11:30:00-05:00,16.492399215698242,16.530000686645508,16.492399215698242,16.530000686645508,2221,0.0,0.0,0.0
2023-03-03 09:30:00-05:00,16.920000076293945,17.079999923706055,16.920000076293945,17.079999923706055,37567,0.0,0.0,0.0
2023-03-03 10:30:00-05:00,17.030000686645508,17.079999923706055,17.030000686645508,17.079999923706055,442,0.0,0.0,0.0
2023-03-03 11:30:00-05:00,17.049999237060547,17.16990089416504,17.049999237060547,17.149999618530273,1535,0.0,0.0,0.0
2023-03-03 13:30:00-05:00,17.110000610351562,17.110000610351562,17.110000610351562,17.110000610351562,372,0.0,0.0,0.0
2023-03-03 15:30:00-05:00,17.190000534057617,17.190000534057617,17.190000534057617,17.190000534057617,383,0.0,0.0,0.0
2023-03-06 09:30:00-05:00,17.18000030517578,17.18000030517578,17.18000030517578,17.18000030517578,0,0.0,0.0,0.0
2023-03-06 10:30:00-05:00,17.31999969482422,17.3700008392334,17.31999969482422,17.36669921875,3816,0.0,0.0,0.0
2023-03-06 11:30:00-05:00,17.400400161743164,17.400400161743164,17.361600875854492,17.38990020751953,1198,0.0,0.0,0.0
2023-03-06 12:30:00-05:00,17.260000228881836,17.260000228881836,17.260000228881836,17.260000228881836,503,0.0,0.0,0.0
2023-03-06 13:30:00-05:00,17.27989959716797,17.280000686645508,17.170000076293945,17.19070053100586,1448,0.0,0.0,0.0
2023-03-06 15:30:00-05:00,17.079999923706055,17.13450050354004,17.079999923706055,17.13450050354004,3589,0.0,0.0,0.0
2023-03-07 09:30:00-05:00,17.149999618530273,17.17009925842285,17.03499984741211,17.03499984741211,1417,0.0,0.0,0.0
2023-03-07 13:30:00-05:00,16.954999923706055,16.954999923706055,16.8799991607666,16.936100006103516,1812,0.0,0.0,0.0
2023-03-07 14:30:00-05:00,16.8700008392334,16.91990089416504,16.8700008392334,16.8700008392334,0,0.0,0.0,0.0
2023-03-08 09:30:00-05:00,16.850000381469727,16.850000381469727,16.810300827026367,16.810300827026367,1647,0.0,0.0,0.0
2023-03-08 10:30:00-05:00,16.940000534057617,16.940000534057617,16.899999618530273,16.899999618530273,897,0.0,0.0,0.0
2023-03-08 12:30:00-05:00,16.934799194335938,16.934799194335938,16.934799194335938,16.934799194335938,2722,0.0,0.0,0.0
2023-03-08 13:30:00-05:00,16.847999572753906,16.847999572753906,16.790000915527344,16.790000915527344,330,0.0,0.0,0.0
2023-03-08 14:30:00-05:00,16.799999237060547,16.80660057067871,16.799999237060547,16.80660057067871,336,0.0,0.0,0.0
2023-03-08 15:30:00-05:00,16.850000381469727,16.850000381469727,16.850000381469727,16.850000381469727,315,0.0,0.0,0.0
2023-03-09 09:30:00-05:00,16.920000076293945,16.920000076293945,16.920000076293945,16.920000076293945,0,0.0,0.0,0.0
2023-03-09 11:30:00-05:00,16.75,16.75,16.690000534057617,16.690000534057617,350,0.0,0.0,0.0
2023-03-09 12:30:00-05:00,16.690000534057617,16.690000534057617,16.624000549316406,16.624000549316406,668,0.0,0.0,0.0
2023-03-09 15:30:00-05:00,16.360000610351562,16.360000610351562,16.290000915527344,16.34000015258789,0,0.0,0.0,0.0
2023-03-10 09:30:00-05:00,16.0,16.0,15.880000114440918,15.971400260925293,4042,0.0,0.0,0.0
2023-03-10 10:30:00-05:00,16.214500427246094,16.214500427246094,16.214500427246094,16.214500427246094,123,0.0,0.0,0.0
2023-03-10 11:30:00-05:00,16.21649932861328,16.21649932861328,16.049999237060547,16.049999237060547,1539,0.0,0.0,0.0
2023-03-10 12:30:00-05:00,15.949999809265137,15.949999809265137,15.949999809265137,15.949999809265137,485,0.0,0.0,0.0
2023-03-10 13:30:00-05:00,15.680000305175781,15.6899995803833,15.680000305175781,15.6899995803833,346,0.0,0.0,0.0
2023-03-10 14:30:00-05:00,15.720000267028809,15.84939956665039,15.710000038146973,15.84939956665039,4243,0.0,0.0,0.0
2023-03-10 15:30:00-05:00,15.800000190734863,15.800000190734863,15.760899543762207,15.760899543762207,338,0.0,0.0,0.0
2023-03-13 09:30:00-04:00,15.710000038146973,15.710000038146973,15.520000457763672,15.6850004196167,3831,0.0,0.0,0.0
2023-03-13 10:30:00-04:00,15.8100004196167,16.06920051574707,15.740099906921387,16.06920051574707,2247,0.0,0.0,0.0
2023-03-13 11:30:00-04:00,15.970000267028809,15.970000267028809,15.970000267028809,15.970000267028809,370,0.0,0.0,0.0
2023-03-13 12:30:00-04:00,15.95989990234375,15.95989990234375,15.95989990234375,15.95989990234375,432,0.0,0.0,0.0
2023-03-13 13:30:00-04:00,15.979999542236328,16.008499145507812,15.979999542236328,16.008499145507812,254,0.0,0.0,0.0
2023-03-13 14:30:00-04:00,15.989999771118164,16.06999969482422,15.989999771118164,15.989999771118164,713,0.0,0.0,0.0
2023-03-13 15:30:00-04:00,15.920000076293945,15.950799942016602,15.920000076293945,15.940099716186523,752,0.0,0.0,0.0
2023-03-14 09:30:00-04:00,16.100000381469727,16.100000381469727,15.979999542236328,15.979999542236328,0,0.0,0.0,0.0
2023-03-14 10:30:00-04:00,16.125,16.125,16.04990005493164,16.1200008392334,999,0.0,0.0,0.0
2023-03-14 12:30:00-04:00,16.040000915527344,16.040000915527344,15.989999771118164,15.989999771118164,1053,0.0,0.0,0.0
2023-03-14 14:30:00-04:00,16.02720069885254,16.02720069885254,15.92549991607666,15.92549991607666,6158,0.0,0.0,0.0
2023-03-14 15:30:00-04:00,16.059999465942383,16.059999465942383,16.059999465942383,16.059999465942383,129,0.0,0.0,0.0
2023-03-15 09:30:00-04:00,15.640000343322754,15.829999923706055,15.640000343322754,15.800000190734863,0,0.0,0.0,0.0
2023-03-15 10:30:00-04:00,15.899999618530273,15.90310001373291,15.899999618530273,15.90310001373291,649,0.0,0.0,0.0
2023-03-15 11:30:00-04:00,15.899999618530273,15.902299880981445,15.836299896240234,15.836299896240234,1503,0.0,0.0,0.0
2023-03-15 12:30:00-04:00,15.90369987487793,15.90369987487793,15.90369987487793,15.90369987487793,200,0.0,0.0,0.0
2023-03-15 14:30:00-04:00,16.020000457763672,16.029699325561523,16.020000457763672,16.020000457763672,304,0.0,0.0,0.0
2023-03-16 09:30:00-04:00,15.890000343322754,16.020000457763672,15.890000343322754,16.020000457763672,0,0.0,0.0,0.0
2023-03-16 10:30:00-04:00,16.059999465942383,16.21269989013672,16.059999465942383,16.21269989013672,435,0.0,0.0,0.0
2023-03-16 11:30:00-04:00,16.299999237060547,16.299999237060547,16.299999237060547,16.299999237060547,315,0.0,0.0,0.0
2023-03-16 12:30:00-04:00,16.270000457763672,16.270000457763672,16.270000457763672,16.270000457763672,258,0.0,0.0,0.0
2023-03-16 13:30:00-04:00,16.299999237060547,16.31999969482422,16.270000457763672,16.31999969482422,22993,0.0,0.0,0.0
2023-03-16 14:30:00-04:00,16.329299926757812,16.34000015258789,16.329299926757812,16.34000015258789,3300,0.0,0.0,0.0
2023-03-16 15:30:00-04:00,16.359100341796875,16.359100341796875,16.359100341796875,16.359100341796875,0,0.0,0.0,0.0
2023-03-17 09:30:00-04:00,16.290000915527344,16.364999771118164,16.200000762939453,16.329999923706055,24738,0.0,0.0,0.0
2023-03-17 10:30:00-04:00,16.18000030517578,16.18000030517578,16.18000030517578,16.18000030517578,310,0.0,0.0,0.0
2023-03-17 12:30:00-04:00,16.177900314331055,16.177900314331055,16.177900314331055,16.177900314331055,408,0.0,0.0,0.0
2023-03-17 13:30:00-04:00,16.219999313354492,16.229999542236328,16.200000762939453,16.200000762939453,1153,0.0,0.0,0.0
2023-03-17 15:30:00-04:00,16.239999771118164,16.239999771118164,16.239999771118164,16.239999771118164,184,0.0,0.0,0.0
2023-03-20 09:30:00-04:00,17.68000030517578,17.68000030517578,16.000099182128906,16.000099182128906,0,0.0,0.0,0.0
2023-03-20 10:30:00-04:00,16.099899291992188,16.100000381469727,16.099899291992188,16.100000381469727,831,0.0,0.0,0.0
2023-03-20 11:30:00-04:00,16.1200008392334,16.1200008392334,15.970000267028809,15.979999542236328,3174,0.0,0.0,0.0
2023-03-20 12:30:00-04:00,16.010000228881836,16.100000381469727,16.010000228881836,16.100000381469727,741,0.0,0.0,0.0
2023-03-20 13:30:00-04:00,16.10849952697754,16.1299991607666,16.0856990814209,16.1200008392334,6523,0.0,0.0,0.0
2023-03-20 14:30:00-04:00,16.079999923706055,16.079999923706055,16.079999923706055,16.079999923706055,1017,0.0,0.0,0.0
2023-03-20 15:30:00-04:00,16.129899978637695,16.13990020751953,16.09000015258789,16.136499404907227,544,0.0,0.0,0.0
2023-03-21 09:30:00-04:00,16.149999618530273,16.360000610351562,16.149999618530273,16.298200607299805,0,0.0,0.0,0.0
2023-03-21 10:30:00-04:00,16.3799991607666,16.3799991607666,16.3799991607666,16.3799991607666,161,0.0,0.0,0.0
2023-03-21 11:30:00-04:00,16.4281005859375,16.440000534057617,16.4281005859375,16.440000534057617,1723,0.0,0.0,0.0
2023-03-21 12:30:00-04:00,16.450000762939453,16.450000762939453,16.450000762939453,16.450000762939453,320,0.0,0.0,0.0
2023-03-21 13:30:00-04:00,16.450000762939453,16.479900360107422,16.450000762939453,16.479900360107422,567,0.0,0.0,0.0
2023-03-21 14:30:00-04:00,16.450000762939453,16.479999542236328,16.450000762939453,16.479999542236328,276,0.0,0.0,0.0
2023-03-21 15:30:00-04:00,16.59320068359375,16.59320068359375,16.56999969482422,16.56999969482422,1303,0.0,0.0,0.0
2023-03-22 09:30:00-04:00,16.33099937438965,16.33099937438965,16.33099937438965,16.33099937438965,0,0.0,0.0,0.0
2023-03-22 10:30:00-04:00,16.412599563598633,16.412599563598633,16.38800048828125,16.38800048828125,649,0.0,0.0,0.0
2023-03-22 11:30:00-04:00,16.34000015258789,16.34000015258789,16.34000015258789,16.34000015258789,101,0.0,0.0,0.0
2023-03-22 12:30:00-04:00,16.309999465942383,16.309999465942383,16.309999465942383,16.309999465942383,618,0.0,0.0,0.0
2023-03-22 13:30:00-04:00,16.51140022277832,16.51140022277832,16.459999084472656,16.459999084472656,461,0.0,0.0,0.0
2023-03-22 14:30:00-04:00,16.450000762939453,16.5,16.309999465942383,16.309999465942383,4687,0.0,0.0,0.0
2023-03-22 15:30:00-04:00,16.40999984741211,16.40999984741211,16.049999237060547,16.059999465942383,2595,0.0,0.0,0.0
2023-03-23 09:30:00-04:00,16.255199432373047,16.29520034790039,16.255199432373047,16.29520034790039,0,0.0,0.0,0.0
2023-03-23 11:30:00-04:00,16.440099716186523,16.459999084472656,16.440099716186523,16.459999084472656,586,0.0,0.0,0.0
2023-03-23 12:30:00-04:00,16.399999618530273,16.399999618530273,16.329999923706055,16.329999923706055,610,0.0,0.0,0.0
2023-03-23 13:30:00-04:00,16.280000686645508,16.280000686645508,16.280000686645508,16.280000686645508,125,0.0,0.0,0.0
2023-03-23 14:30:00-04:00,16.170000076293945,16.25,16.170000076293945,16.25,740,0.0,0.0,0.0
2023-03-23 15:30:00-04:00,16.290000915527344,16.290000915527344,16.290000915527344,16.290000915527344,0,0.0,0.0,0.0
2023-03-24 09:30:00-04:00,16.200000762939453,16.229900360107422,16.110000610351562,16.229900360107422,0,0.0,0.0,0.0
2023-03-24 11:30:00-04:00,16.149999618530273,16.149999618530273,16.149999618530273,16.149999618530273,4821,0.0,0.0,0.0
2023-03-24 12:30:00-04:00,16.085100173950195,16.104999542236328,16.085100173950195,16.104999542236328,750,0.0,0.0,0.0
2023-03-24 13:30:00-04:00,16.065799713134766,16.18269920349121,16.065799713134766,16.18269920349121,304,0.0,0.0,0.0
2023-03-27 09:30:00-04:00,16.23819923400879,16.270000457763672,16.23819923400879,16.270000457763672,0,0.0,0.0,0.0
2023-03-27 13:30:00-04:00,16.25,16.25,16.25,16.25,109,0.0,0.0,0.0
2023-03-27 14:30:00-04:00,16.33139991760254,16.33139991760254,16.30500030517578,16.30500030517578,200,0.0,0.0,0.0
2023-03-27 15:30:00-04:00,16.290000915527344,16.290000915527344,16.244600296020508,16.244600296020508,205,0.0,0.0,0.0
2023-03-28 09:30:00-04:00,16.290000915527344,16.290000915527344,16.209999084472656,16.212499618530273,0,0.0,0.0,0.0
2023-03-28 10:30:00-04:00,16.155000686645508,16.155000686645508,16.155000686645508,16.155000686645508,3773,0.0,0.0,0.0
2023-03-28 12:30:00-04:00,16.209999084472656,16.209999084472656,16.209999084472656,16.209999084472656,370,0.0,0.0,0.0
2023-03-28 14:30:00-04:00,16.1200008392334,16.1200008392334,16.1200008392334,16.1200008392334,225,0.0,0.0,0.0
2023-03-28 15:30:00-04:00,16.19860076904297,16.23270034790039,16.18000030517578,16.214399337768555,982,0.0,0.0,0.0
2023-03-29 09:30:00-04:00,16.31999969482422,16.5,16.31999969482422,16.485000610351562,0,0.0,0.0,0.0
2023-03-29 10:30:00-04:00,16.454999923706055,16.454999923706055,16.454999923706055,16.454999923706055,128,0.0,0.0,0.0
2023-03-29 12:30:00-04:00,16.490299224853516,16.490299224853516,16.490299224853516,16.490299224853516,226,0.0,0.0,0.0
2023-03-29 13:30:00-04:00,16.469999313354492,16.509899139404297,16.469999313354492,16.509899139404297,1321,0.0,0.0,0.0
2023-03-29 14:30:00-04:00,16.524799346923828,16.60449981689453,16.524799346923828,16.60449981689453,1151,0.0,0.0,0.0
2023-03-30 09:30:00-04:00,16.799999237060547,16.799999237060547,16.72010040283203,16.72010040283203,977,0.0,0.0,0.0
2023-03-30 10:30:00-04:00,16.83989906311035,16.83989906311035,16.780000686645508,16.780000686645508,419,0.0,0.0,0.0
2023-03-30 11:30:00-04:00,16.729999542236328,16.788999557495117,16.729999542236328,16.75,1116,0.0,0.0,0.0
2023-03-30 12:30:00-04:00,16.700000762939453,16.700000762939453,16.700000762939453,16.700000762939453,160,0.0,0.0,0.0
2023-03-30 13:30:00-04:00,16.700000762939453,16.700000762939453,16.700000762939453,16.700000762939453,112,0.0,0.0,0.0
2023-03-30 14:30:00-04:00,16.690099716186523,16.7460994720459,16.690099716186523,16.7460994720459,550,0.0,0.0,0.0
2023-03-31 09:30:00-04:00,16.81999969482422,17.06999969482422,16.81999969482422,17.06879997253418,0,0.0,0.0,0.0
2023-03-31 10:30:00-04:00,17.200000762939453,17.280000686645508,17.200000762939453,17.274999618530273,1004,0.0,0.0,0.0
2023-03-31 11:30:00-04:00,17.229999542236328,17.325700759887695,17.229999542236328,17.325700759887695,2023,0.0,0.0,0.0
2023-03-31 12:30:00-04:00,17.309999465942383,17.359899520874023,17.309999465942383,17.350000381469727,1087,0.0,0.0,0.0
2023-03-31 13:30:00-04:00,17.250099182128906,17.319900512695312,17.250099182128906,17.270000457763672,2218,0.0,0.0,0.0
2023-03-31 14:30:00-04:00,17.290000915527344,17.290000915527344,17.290000915527344,17.290000915527344,355,0.0,0.0,0.0
2023-03-31 15:30:00-04:00,17.350000381469727,17.38290023803711,17.314899444580078,17.38290023803711,751,0.0,0.0,0.0
2023-04-03 09:30:00-04:00,17.399999618530273,17.399999618530273,17.309999465942383,17.31999969482422,0,0.0,0.0,0.0
2023-04-03 10:30:00-04:00,17.299999237060547,17.299999237060547,17.200000762939453,17.200000762939453,1489,0.0,0.0,0.0
2023-04-03 12:30:00-04:00,17.209999084472656,17.229999542236328,17.190000534057617,17.190000534057617,494,0.0,0.0,0.0
2023-04-03 13:30:00-04:00,17.161500930786133,17.161500930786133,17.161500930786133,17.161500930786133,383,0.0,0.0,0.0
2023-04-03 14:30:00-04:00,17.229999542236328,17.26289939880371,17.219999313354492,17.26289939880371,0,0.0,0.0,0.0
2023-04-04 10:30:00-04:00,17.229999542236328,17.229999542236328,17.18790054321289,17.18790054321289,417,0.0,0.0,0.0
2023-04-04 11:30:00-04:00,17.19540023803711,17.19540023803711,17.170000076293945,17.170000076293945,893,0.0,0.0,0.0
2023-04-04 12:30:00-04:00,17.200000762939453,17.200000762939453,17.170000076293945,17.170000076293945,380,0.0,0.0,0.0
2023-04-04 13:30:00-04:00,17.200000762939453,17.200000762939453,17.17009925842285,17.17009925842285,630,0.0,0.0,0.0
2023-04-04 14:30:00-04:00,17.149999618530273,17.18000030517578,17.149999618530273,17.179899215698242,771,0.0,0.0,0.0
2023-04-04 15:30:00-04:00,17.200000762939453,17.200000762939453,17.200000762939453,17.200000762939453,418,0.0,0.0,0.0
2023-04-05 09:30:00-04:00,17.299999237060547,17.299999237060547,16.799999237060547,16.799999237060547,513,0.0,0.0,0.0
2023-04-05 10:30:00-04:00,16.809999465942383,16.809999465942383,16.650100708007812,16.67060089111328,1184,0.0,0.0,0.0
2023-04-05 11:30:00-04:00,16.68000030517578,16.709999084472656,16.68000030517578,16.68000030517578,658,0.0,0.0,0.0
2023-04-05 12:30:00-04:00,16.666400909423828,16.690000534057617,16.65999984741211,16.65999984741211,1886,0.0,0.0,0.0
2023-04-05 13:30:00-04:00,16.65999984741211,16.739700317382812,16.65999984741211,16.739700317382812,354,0.0,0.0,0.0
2023-04-05 14:30:00-04:00,16.670000076293945,16.670000076293945,16.670000076293945,16.670000076293945,321,0.0,0.0,0.0
2023-04-05 15:30:00-04:00,16.759899139404297,16.759899139404297,16.745399475097656,16.745399475097656,0,0.0,0.0,0.0
2023-04-06 09:30:00-04:00,16.530000686645508,16.530000686645508,16.530000686645508,16.530000686645508,326,0.0,0.0,0.0
2023-04-06 10:30:00-04:00,16.610000610351562,16.610000610351562,16.610000610351562,16.610000610351562,210,0.0,0.0,0.0
2023-04-06 11:30:00-04:00,16.799999237060547,16.799999237060547,16.799999237060547,16.799999237060547,487,0.0,0.0,0.0
2023-04-06 12:30:00-04:00,16.84000015258789,16.84000015258789,16.84000015258789,16.84000015258789,700,0.0,0.0,0.0
2023-04-06 13:30:00-04:00,16.829999923706055,16.84000015258789,16.799999237060547,16.799999237060547,2342,0.0,0.0,0.0
2023-04-06 14:30:00-04:00,16.819000244140625,16.84440040588379,16.799999237060547,16.84440040588379,852,0.0,0.0,0.0
2023-04-10 09:30:00-04:00,16.610000610351562,16.683700561523438,16.610000610351562,16.683700561523438,0,0.0,0.0,0.0
2023-04-10 10:30:00-04:00,16.750099182128906,16.750099182128906,16.750099182128906,16.750099182128906,1346,0.0,0.0,0.0
2023-04-10 11:30:00-04:00,16.6560001373291,16.689899444580078,16.6560001373291,16.689899444580078,280,0.0,0.0,0.0
2023-04-10 12:30:00-04:00,16.700000762939453,16.700000762939453,16.700000762939453,16.700000762939453,399,0.0,0.0,0.0
2023-04-10 13:30:00-04:00,16.837600708007812,16.86989974975586,16.837600708007812,16.86989974975586,666,0.0,0.0,0.0
2023-04-10 14:30:00-04:00,16.829999923706055,16.829999923706055,16.829999923706055,16.829999923706055,307,0.0,0.0,0.0
2023-04-10 15:30:00-04:00,16.850099563598633,16.89929962158203,16.850099563598633,16.89929962158203,203,0.0,0.0,0.0
2023-04-11 09:30:00-04:00,16.809999465942383,16.920000076293945,16.809999465942383,16.920000076293945,0,0.0,0.0,0.0
2023-04-11 10:30:00-04:00,16.889999389648438,16.889999389648438,16.753999710083008,16.753999710083008,885,0.0,0.0,0.0
2023-04-11 11:30:00-04:00,16.832300186157227,16.832300186157227,16.832300186157227,16.832300186157227,150,0.0,0.0,0.0
2023-04-11 12:30:00-04:00,16.81999969482422,16.8799991607666,16.81999969482422,16.8799991607666,2327,0.0,0.0,0.0
2023-04-11 13:30:00-04:00,16.93000030517578,16.93000030517578,16.8700008392334,16.889999389648438,1417,0.0,0.0,0.0
2023-04-11 14:30:00-04:00,16.90999984741211,16.91010093688965,16.899999618530273,16.899999618530273,899,0.0,0.0,0.0
2023-04-11 15:30:00-04:00,16.959999084472656,16.959999084472656,16.882400512695312,16.93000030517578,819,0.0,0.0,0.0
2023-04-12 09:30:00-04:00,17.0,17.168500900268555,16.90999984741211,17.0,0,0.0,0.0,0.0
2023-04-12 10:30:00-04:00,17.040000915527344,17.040000915527344,16.920000076293945,16.950000762939453,1282,0.0,0.0,0.0
2023-04-12 11:30:00-04:00,17.06920051574707,17.06920051574707,16.989999771118164,17.06369972229004,6301,0.0,0.0,0.0
2023-04-12 12:30:00-04:00,17.040000915527344,17.040000915527344,17.030000686645508,17.030000686645508,739,0.0,0.0,0.0
2023-04-12 13:30:00-04:00,16.969999313354492,16.969999313354492,16.950000762939453,16.969999313354492,3283,0.0,0.0,0.0
2023-04-12 14:30:00-04:00,16.909000396728516,16.90999984741211,16.81999969482422,16.843700408935547,0,0.0,0.0,0.0
2023-04-13 09:30:00-04:00,16.889999389648438,17.05500030517578,16.889999389648438,16.969999313354492,1105,0.0,0.0,0.0
2023-04-13 11:30:00-04:00,17.069799423217773,17.08989906311035,17.069799423217773,17.08989906311035,460,0.0,0.0,0.0
2023-04-13 12:30:00-04:00,17.13990020751953,17.13990020751953,17.079999923706055,17.079999923706055,471,0.0,0.0,0.0
2023-04-13 13:30:00-04:00,17.18000030517578,17.18000030517578,17.18000030517578,17.18000030517578,120,0.0,0.0,0.0
2023-04-13 14:30:00-04:00,17.100000381469727,17.100000381469727,17.079999923706055,17.079999923706055,568,0.0,0.0,0.0
2023-04-13 15:30:00-04:00,17.1299991607666,17.1299991607666,17.094999313354492,17.094999313354492,0,0.0,0.0,0.0
2023-04-14 09:30:00-04:00,16.899999618530273,17.049999237060547,16.899999618530273,17.049999237060547,2258,0.0,0.0,0.0
2023-04-14 12:30:00-04:00,16.825000762939453,16.825000762939453,16.81999969482422,16.81999969482422,213,0.0,0.0,0.0
2023-04-14 13:30:00-04:00,16.82900047302246,16.829999923706055,16.82900047302246,16.829999923706055,2176,0.0,0.0,0.0
2023-04-14 14:30:00-04:00,16.889999389648438,16.930200576782227,16.889999389648438,16.930200576782227,126,0.0,0.0,0.0
2023-04-17 09:30:00-04:00,16.969999313354492,16.969999313354492,16.934999465942383,16.934999465942383,0,0.0,0.0,0.0
2023-04-17 10:30:00-04:00,16.964399337768555,16.964399337768555,16.964399337768555,16.964399337768555,530,0.0,0.0,0.0
2023-04-17 11:30:00-04:00,16.979999542236328,17.010000228881836,16.979999542236328,16.989999771118164,2832,0.0,0.0,0.0
2023-04-17 12:30:00-04:00,17.0044002532959,17.010000228881836,16.969999313354492,17.010000228881836,3382,0.0,0.0,0.0
2023-04-17 14:30:00-04:00,16.963699340820312,17.069900512695312,16.963699340820312,17.046100616455078,1448,0.0,0.0,0.0
2023-04-18 09:30:00-04:00,17.100000381469727,17.100000381469727,17.09440040588379,17.09440040588379,0,0.0,0.0,0.0
2023-04-18 10:30:00-04:00,17.049999237060547,17.049999237060547,17.049999237060547,17.049999237060547,341,0.0,0.0,0.0
2023-04-18 11:30:00-04:00,17.00429916381836,17.020000457763672,17.00429916381836,17.020000457763672,1699,0.0,0.0,0.0
2023-04-18 13:30:00-04:00,17.09000015258789,17.09000015258789,17.057600021362305,17.057600021362305,579,0.0,0.0,0.0
2023-04-18 14:30:00-04:00,17.069000244140625,17.079999923706055,17.049999237060547,17.075700759887695,1368,0.0,0.0,0.0
2023-04-19 09:30:00-04:00,16.899999618530273,16.91939926147461,16.8799991607666,16.8799991607666,1665,0.0,0.0,0.0
2023-04-19 10:30:00-04:00,16.9158992767334,16.9158992767334,16.8700008392334,16.8700008392334,1592,0.0,0.0,0.0
2023-04-19 12:30:00-04:00,16.969999313354492,16.969999313354492,16.957000732421875,16.957000732421875,424,0.0,0.0,0.0
2023-04-19 13:30:00-04:00,16.96500015258789,16.979000091552734,16.96500015258789,16.979000091552734,1282,0.0,0.0,0.0
2023-04-19 15:30:00-04:00,16.940000534057617,16.940000534057617,16.905399322509766,16.905399322509766,100,0.0,0.0,0.0
2023-04-20 09:30:00-04:00,16.739999771118164,16.780000686645508,16.739999771118164,16.780000686645508,0,0.0,0.0,0.0
2023-04-20 10:30:00-04:00,16.790000915527344,16.790000915527344,16.65999984741211,16.65999984741211,2109,0.0,0.0,0.0
2023-04-20 11:30:00-04:00,16.65999984741211,16.65999984741211,16.65999984741211,16.65999984741211,435,0.0,0.0,0.0
2023-04-20 15:30:00-04:00,16.561199188232422,16.5856990814209,16.561199188232422,16.5856990814209,0,0.0,0.0,0.0
2023-04-21 09:30:00-04:00,16.639999389648438,16.639999389648438,16.639999389648438,16.639999389648438,314,0.0,0.0,0.0
2023-04-21 10:30:00-04:00,16.57229995727539,16.57229995727539,16.57229995727539,16.57229995727539,422,0.0,0.0,0.0
2023-04-21 11:30:00-04:00,16.63450050354004,16.649999618530273,16.63450050354004,16.649999618530273,599,0.0,0.0,0.0
2023-04-21 12:30:00-04:00,16.65999984741211,16.65999984741211,16.65999984741211,16.65999984741211,0,0.0,0.0,0.0
2023-04-21 14:30:00-04:00,16.670000076293945,16.67009925842285,16.6299991607666,16.6299991607666,4796,0.0,0.0,0.0
2023-04-21 15:30:00-04:00,16.65999984741211,16.663999557495117,16.640100479125977,16.640100479125977,514,0.0,0.0,0.0
2023-04-24 09:30:00-04:00,16.65999984741211,16.65999984741211,16.649999618530273,16.649999618530273,0,0.0,0.0,0.0
2023-04-24 10:30:00-04:00,16.510000228881836,16.510000228881836,16.389999389648438,16.389999389648438,1272,0.0,0.0,0.0
2023-04-24 11:30:00-04:00,16.329999923706055,16.350400924682617,16.31999969482422,16.31999969482422,1560,0.0,0.0,0.0
2023-04-24 13:30:00-04:00,16.42169952392578,16.42169952392578,16.42169952392578,16.42169952392578,1225,0.0,0.0,0.0
2023-04-24 14:30:00-04:00,16.3799991607666,16.420000076293945,16.3799991607666,16.399999618530273,1035,0.0,0.0,0.0
2023-04-24 15:30:00-04:00,16.399999618530273,16.43000030517578,16.399999618530273,16.43000030517578,388,0.0,0.0,0.0
2023-04-25 09:30:00-04:00,16.270000457763672,16.270000457763672,16.181499481201172,16.19540023803711,0,0.0,0.0,0.0
2023-04-25 10:30:00-04:00,16.11319923400879,16.11319923400879,16.11319923400879,16.11319923400879,203,0.0,0.0,0.0
2023-04-25 11:30:00-04:00,16.100000381469727,16.129100799560547,16.076200485229492,16.129100799560547,1891,0.0,0.0,0.0
2023-04-25 12:30:00-04:00,16.049999237060547,16.049999237060547,16.049999237060547,16.049999237060547,1097,0.0,0.0,0.0
2023-04-25 13:30:00-04:00,16.030000686645508,16.030000686645508,16.0,16.020000457763672,4970,0.0,0.0,0.0
2023-04-25 14:30:00-04:00,16.020000457763672,16.049999237060547,16.020000457763672,16.049999237060547,1221,0.0,0.0,0.0
2023-04-25 15:30:00-04:00,16.030000686645508,16.030000686645508,15.97189998626709,15.97189998626709,448,0.0,0.0,0.0
2023-04-26 09:30:00-04:00,15.850000381469727,16.344999313354492,15.850000381469727,16.344999313354492,0,0.0,0.0,0.0
2023-04-26 10:30:00-04:00,16.399999618530273,16.399999618530273,16.399999618530273,16.399999618530273,599,0.0,0.0,0.0
2023-04-26 11:30:00-04:00,16.410999298095703,16.410999298095703,16.40999984741211,16.40999984741211,308,0.0,0.0,0.0
2023-04-26 12:30:00-04:00,16.40999984741211,16.40999984741211,16.3799991607666,16.3799991607666,1859,0.0,0.0,0.0
2023-04-26 14:30:00-04:00,16.236299514770508,16.236299514770508,16.236299514770508,16.236299514770508,288,0.0,0.0,0.0
2023-04-26 15:30:00-04:00,16.16010093688965,16.226600646972656,16.16010093688965,16.226600646972656,120,0.0,0.0,0.0
2023-04-27 09:30:00-04:00,16.27989959716797,16.309999465942383,16.264999389648438,16.309999465942383,0,0.0,0.0,0.0
2023-04-27 10:30:00-04:00,16.239999771118164,16.239999771118164,16.239999771118164,16.239999771118164,429,0.0,0.0,0.0
2023-04-27 11:30:00-04:00,16.299999237060547,16.339000701904297,16.299999237060547,16.339000701904297,508,0.0,0.0,0.0
2023-04-27 12:30:00-04:00,16.399999618530273,16.399999618530273,16.389999389648438,16.399999618530273,1341,0.0,0.0,0.0
2023-04-27 13:30:00-04:00,16.420000076293945,16.444499969482422,16.420000076293945,16.444499969482422,3600,0.0,0.0,0.0
2023-04-27 15:30:00-04:00,16.450000762939453,16.450000762939453,16.450000762939453,16.450000762939453,341,0.0,0.0,0.0
2023-04-28 09:30:00-04:00,16.450000762939453,16.450000762939453,16.167400360107422,16.409900665283203,0,0.0,0.0,0.0
2023-04-28 10:30:00-04:00,16.358999252319336,16.358999252319336,16.298500061035156,16.339000701904297,1049,0.0,0.0,0.0
2023-04-28 11:30:00-04:00,16.260099411010742,16.299999237060547,16.260099411010742,16.299999237060547,1913,0.0,0.0,0.0
2023-04-28 12:30:00-04:00,16.309999465942383,16.3799991607666,16.309999465942383,16.378999710083008,525,0.0,0.0,0.0
2023-04-28 13:30:00-04:00,16.368999481201172,16.368999481201172,16.368999481201172,16.368999481201172,180,0.0,0.0,0.0
2023-04-28 14:30:00-04:00,16.350000381469727,16.350000381469727,16.280000686645508,16.334999084472656,708,0.0,0.0,0.0
2023-04-28 15:30:00-04:00,16.34950065612793,16.359800338745117,16.34950065612793,16.359800338745117,474,0.0,0.0,0.0
2023-05-01 09:30:00-04:00,16.280000686645508,16.33139991760254,16.260099411010742,16.315099716186523,0,0.0,0.0,0.0
2023-05-01 10:30:00-04:00,16.325000762939453,16.34000015258789,16.280000686645508,16.280000686645508,850,0.0,0.0,0.0
2023-05-01 11:30:00-04:00,16.260000228881836,16.29990005493164,16.25,16.29990005493164,2258,0.0,0.0,0.0
2023-05-01 13:30:00-04:00,16.348100662231445,16.350000381469727,16.261499404907227,16.261499404907227,1647,0.0,0.0,0.0
2023-05-01 14:30:00-04:00,16.285999298095703,16.299999237060547,16.28019905090332,16.299999237060547,842,0.0,0.0,0.0
2023-05-01 15:30:00-04:00,16.290000915527344,16.309999465942383,16.270000457763672,16.309999465942383,597,0.0,0.0,0.0
2023-05-02 09:30:00-04:00,16.209999084472656,16.209999084472656,16.170000076293945,16.170000076293945,0,0.0,0.0,0.0
2023-05-02 11:30:00-04:00,15.984999656677246,15.996299743652344,15.984999656677246,15.996299743652344,2375,0.0,0.0,0.0
2023-05-02 15:30:00-04:00,16.010000228881836,16.010000228881836,15.979999542236328,15.979999542236328,1802,0.0,0.0,0.0
2023-05-03 09:30:00-04:00,15.970000267028809,16.01580047607422,15.899999618530273,15.899999618530273,0,0.0,0.0,0.0
2023-05-03 11:30:00-04:00,15.919500350952148,15.919500350952148,15.919500350952148,15.919500350952148,911,0.0,0.0,0.0
2023-05-03 12:30:00-04:00,15.933699607849121,15.933699607849121,15.933699607849121,15.933699607849121,205,0.0,0.0,0.0
2023-05-03 13:30:00-04:00,15.9399995803833,16.049999237060547,15.9399995803833,16.049999237060547,2001,0.0,0.0,0.0
2023-05-03 14:30:00-04:00,15.989999771118164,16.0,15.970000267028809,15.970000267028809,2210,0.0,0.0,0.0
2023-05-03 15:30:00-04:00,15.84000015258789,15.857199668884277,15.84000015258789,15.857199668884277,0,0.0,0.0,0.0
2023-05-04 09:30:00-04:00,15.890000343322754,16.13010025024414,15.890000343322754,16.13010025024414,945,0.0,0.0,0.0
2023-05-04 10:30:00-04:00,16.121599197387695,16.121599197387695,16.121599197387695,16.121599197387695,122,0.0,0.0,0.0
2023-05-04 11:30:00-04:00,16.100000381469727,16.100000381469727,16.082399368286133,16.082399368286133,336,0.0,0.0,0.0
2023-05-04 12:30:00-04:00,16.110000610351562,16.1200008392334,16.110000610351562,16.1200008392334,0,0.0,0.0,0.0
2023-05-04 13:30:00-04:00,16.100000381469727,16.110000610351562,16.09000015258789,16.110000610351562,2934,0.0,0.0,0.0
2023-05-04 14:30:00-04:00,16.020000457763672,16.077499389648438,16.020000457763672,16.077499389648438,0,0.0,0.0,0.0
2023-05-05 10:30:00-04:00,16.338600158691406,16.338600158691406,16.338600158691406,16.338600158691406,1071,0.0,0.0,0.0
2023-05-05 11:30:00-04:00,16.342300415039062,16.342300415039062,16.34000015258789,16.34000015258789,1521,0.0,0.0,0.0
2023-05-05 13:30:00-04:00,16.299999237060547,16.315000534057617,16.299999237060547,16.315000534057617,778,0.0,0.0,0.0
2023-05-05 15:30:00-04:00,16.309999465942383,16.314699172973633,16.290000915527344,16.314699172973633,297,0.0,0.0,0.0
2023-05-08 09:30:00-04:00,16.389999389648438,16.389999389648438,16.389999389648438,16.389999389648438,0,0.0,0.0,0.0
2023-05-08 11:30:00-04:00,16.389999389648438,16.39900016784668,16.389999389648438,16.39900016784668,257,0.0,0.0,0.0
2023-05-08 12:30:00-04:00,16.389999389648438,16.389999389648438,16.389999389648438,16.389999389648438,225,0.0,0.0,0.0
2023-05-08 13:30:00-04:00,16.43000030517578,16.43000030517578,16.399999618530273,16.399999618530273,467,0.0,0.0,0.0
2023-05-08 14:30:00-04:00,16.40999984741211,16.42959976196289,16.40999984741211,16.42959976196289,0,0.0,0.0,0.0
2023-05-09 09:30:00-04:00,16.25,16.368000030517578,16.25,16.368000030517578,1153,0.0,0.0,0.0
2023-05-09 13:30:00-04:00,16.479999542236328,16.489999771118164,16.479999542236328,16.489999771118164,718,0.0,0.0,0.0
2023-05-09 14:30:00-04:00,16.540000915527344,16.540000915527344,16.487499237060547,16.487499237060547,416,0.0,0.0,0.0
2023-05-09 15:30:00-04:00,16.489999771118164,16.489999771118164,16.489999771118164,16.489999771118164,745,0.0,0.0,0.0
2023-05-10 09:30:00-04:00,16.610000610351562,16.610000610351562,16.610000610351562,16.610000610351562,0,0.0,0.0,0.0
2023-05-10 11:30:00-04:00,16.760000228881836,16.760000228881836,16.703699111938477,16.703699111938477,3308,0.0,0.0,0.0
2023-05-10 12:30:00-04:00,16.770000457763672,16.770000457763672,16.739999771118164,16.739999771118164,395,0.0,0.0,0.0
2023-05-10 13:30:00-04:00,16.651599884033203,16.651599884033203,16.651599884033203,16.651599884033203,1015,0.0,0.0,0.0
2023-05-10 14:30:00-04:00,16.770000457763672,16.770000457763672,16.74250030517578,16.74250030517578,0,0.0,0.0,0.0
2023-05-11 09:30:00-04:00,16.84000015258789,16.84000015258789,16.84000015258789,16.84000015258789,519,0.0,0.0,0.0
2023-05-11 10:30:00-04:00,16.579999923706055,16.579999923706055,16.579999923706055,16.579999923706055,171,0.0,0.0,0.0
2023-05-11 11:30:00-04:00,16.579999923706055,16.579999923706055,16.579999923706055,16.579999923706055,257,0.0,0.0,0.0
2023-05-11 13:30:00-04:00,16.59000015258789,16.59000015258789,16.59000015258789,16.59000015258789,450,0.0,0.0,0.0
2023-05-11 14:30:00-04:00,16.590299606323242,16.610000610351562,16.590299606323242,16.593799591064453,4715,0.0,0.0,0.0
2023-05-11 15:30:00-04:00,16.560100555419922,16.60540008544922,16.560100555419922,16.60540008544922,148,0.0,0.0,0.0
2023-05-12 09:30:00-04:00,16.549999237060547,16.618999481201172,16.524999618530273,16.524999618530273,0,0.0,0.0,0.0
2023-05-12 12:30:00-04:00,16.440000534057617,16.5,16.440000534057617,16.5,500,0.0,0.0,0.0
2023-05-12 14:30:00-04:00,16.5,16.52589988708496,16.5,16.52589988708496,135,0.0,0.0,0.0
2023-05-15 09:30:00-04:00,16.549999237060547,16.549999237060547,16.549999237060547,16.549999237060547,0,0.0,0.0,0.0
2023-05-15 10:30:00-04:00,16.709999084472656,16.729999542236328,16.709999084472656,16.729999542236328,636,0.0,0.0,0.0
2023-05-15 11:30:00-04:00,16.860000610351562,16.860000610351562,16.860000610351562,16.860000610351562,156,0.0,0.0,0.0
2023-05-15 12:30:00-04:00,16.8700008392334,16.979999542236328,16.8700008392334,16.979999542236328,2946,0.0,0.0,0.0
2023-05-15 13:30:00-04:00,16.934999465942383,16.950000762939453,16.90999984741211,16.90999984741211,1480,0.0,0.0,0.0
2023-05-15 14:30:00-04:00,16.970300674438477,16.979999542236328,16.968299865722656,16.979999542236328,608,0.0,0.0,0.0
2023-05-15 15:30:00-04:00,16.979999542236328,16.979999542236328,16.96500015258789,16.96500015258789,127,0.0,0.0,0.0
2023-05-16 09:30:00-04:00,16.8799991607666,16.920000076293945,16.8799991607666,16.920000076293945,0,0.0,0.0,0.0
2023-05-16 10:30:00-04:00,16.920000076293945,16.920000076293945,16.920000076293945,16.920000076293945,193,0.0,0.0,0.0
2023-05-16 11:30:00-04:00,16.848600387573242,16.889999389648438,16.848600387573242,16.889999389648438,406,0.0,0.0,0.0
2023-05-16 12:30:00-04:00,16.8700008392334,16.8700008392334,16.8700008392334,16.8700008392334,345,0.0,0.0,0.0
2023-05-16 14:30:00-04:00,16.860000610351562,16.93000030517578,16.860000610351562,16.929899215698242,1358,0.0,0.0,0.0
2023-05-16 15:30:00-04:00,16.860200881958008,16.90999984741211,16.854000091552734,16.854000091552734,523,0.0,0.0,0.0
2023-05-17 09:30:00-04:00,16.854000091552734,16.854000091552734,16.854000091552734,16.854000091552734,0,0.0,0.0,0.0
2023-05-17 10:30:00-04:00,17.049999237060547,17.049999237060547,17.049999237060547,17.049999237060547,157,0.0,0.0,0.0
2023-05-17 11:30:00-04:00,17.049999237060547,17.1299991607666,17.04520034790039,17.100000381469727,2971,0.0,0.0,0.0
2023-05-17 12:30:00-04:00,17.170000076293945,17.170000076293945,17.16990089416504,17.16990089416504,1095,0.0,0.0,0.0
2023-05-17 13:30:00-04:00,17.170000076293945,17.229999542236328,17.170000076293945,17.229999542236328,1665,0.0,0.0,0.0
2023-05-17 14:30:00-04:00,17.229999542236328,17.260000228881836,17.229999542236328,17.260000228881836,310,0.0,0.0,0.0
2023-05-17 15:30:00-04:00,17.269899368286133,17.290000915527344,17.229999542236328,17.287200927734375,1124,0.0,0.0,0.0
2023-05-18 09:30:00-04:00,17.389999389648438,17.389999389648438,17.260099411010742,17.291200637817383,2436,0.0,0.0,0.0
2023-05-18 10:30:00-04:00,17.530000686645508,17.530000686645508,17.40999984741211,17.52989959716797,2527,0.0,0.0,0.0
2023-05-18 11:30:00-04:00,17.540000915527344,17.54990005493164,17.50670051574707,17.530000686645508,2652,0.0,0.0,0.0
2023-05-18 12:30:00-04:00,17.447200775146484,17.489999771118164,17.447200775146484,17.450199127197266,7149,0.0,0.0,0.0
2023-05-18 13:30:00-04:00,17.440000534057617,17.469999313354492,17.42620086669922,17.440000534057617,1531,0.0,0.0,0.0
2023-05-18 14:30:00-04:00,17.5314998626709,17.5314998626709,17.5314998626709,17.5314998626709,219,0.0,0.0,0.0
2023-05-18 15:30:00-04:00,17.621999740600586,17.621999740600586,17.611900329589844,17.611900329589844,401,0.0,0.0,0.0
2023-05-19 09:30:00-04:00,17.6200008392334,17.6200008392334,17.55900001525879,17.55900001525879,0,0.0,0.0,0.0
2023-05-19 10:30:00-04:00,17.489999771118164,17.5,17.489999771118164,17.5,264,0.0,0.0,0.0
2023-05-19 11:30:00-04:00,17.42009925842285,17.489999771118164,17.42009925842285,17.489999771118164,776,0.0,0.0,0.0
2023-05-19 12:30:00-04:00,17.5,17.5,17.5,17.5,323,0.0,0.0,0.0
2023-05-19 13:30:00-04:00,17.469999313354492,17.469999313354492,17.459999084472656,17.459999084472656,1092,0.0,0.0,0.0
2023-05-19 15:30:00-04:00,17.43000030517578,17.479999542236328,17.43000030517578,17.4552001953125,580,0.0,0.0,0.0
2023-05-22 09:30:00-04:00,17.5,17.690000534057617,17.399999618530273,17.690000534057617,3427,0.0,0.0,0.0
2023-05-22 10:30:00-04:00,17.709999084472656,17.780000686645508,17.690099716186523,17.780000686645508,3731,0.0,0.0,0.0
2023-05-22 11:30:00-04:00,17.773399353027344,17.773399353027344,17.75,17.770000457763672,639,0.0,0.0,0.0
2023-05-22 12:30:00-04:00,17.768999099731445,17.768999099731445,17.768999099731445,17.768999099731445,103,0.0,0.0,0.0
2023-05-22 13:30:00-04:00,17.780000686645508,17.799999237060547,17.761499404907227,17.761499404907227,2859,0.0,0.0,0.0
2023-05-22 14:30:00-04:00,17.830900192260742,17.84000015258789,17.792499542236328,17.809900283813477,1970,0.0,0.0,0.0
2023-05-22 15:30:00-04:00,17.790000915527344,17.790000915527344,17.790000915527344,17.790000915527344,211,0.0,0.0,0.0
2023-05-23 09:30:00-04:00,17.700000762939453,17.790000915527344,17.700000762939453,17.790000915527344,1228,0.0,0.0,0.0
2023-05-23 11:30:00-04:00,17.821500778198242,17.850000381469727,17.760000228881836,17.760000228881836,1127,0.0,0.0,0.0
2023-05-23 12:30:00-04:00,17.719999313354492,17.719999313354492,17.596799850463867,17.6299991607666,1974,0.0,0.0,0.0
2023-05-23 13:30:00-04:00,17.618999481201172,17.6200008392334,17.618999481201172,17.6200008392334,0,0.0,0.0,0.0
2023-05-23 14:30:00-04:00,17.559999465942383,17.559999465942383,17.538999557495117,17.538999557495117,7291,0.0,0.0,0.0
2023-05-23 15:30:00-04:00,17.549999237060547,17.549999237060547,17.520000457763672,17.520000457763672,832,0.0,0.0,0.0
2023-05-24 09:30:00-04:00,17.399999618530273,17.399999618530273,17.350000381469727,17.350000381469727,0,0.0,0.0,0.0
2023-05-24 10:30:00-04:00,17.3799991607666,17.3799991607666,17.3799991607666,17.3799991607666,460,0.0,0.0,0.0
2023-05-24 12:30:00-04:00,17.420000076293945,17.420000076293945,17.36590003967285,17.36590003967285,455,0.0,0.0,0.0
2023-05-24 13:30:00-04:00,17.408899307250977,17.450000762939453,17.408899307250977,17.450000762939453,521,0.0,0.0,0.0
2023-05-24 14:30:00-04:00,17.440000534057617,17.487199783325195,17.440000534057617,17.469999313354492,2289,0.0,0.0,0.0
2023-05-24 15:30:00-04:00,17.469999313354492,17.469999313354492,17.420000076293945,17.420000076293945,1116,0.0,0.0,0.0
2023-05-25 09:30:00-04:00,17.43000030517578,17.549999237060547,17.301599502563477,17.301599502563477,2803,0.0,0.0,0.0
2023-05-25 10:30:00-04:00,17.31060028076172,17.321300506591797,17.31060028076172,17.321300506591797,618,0.0,0.0,0.0
2023-05-25 11:30:00-04:00,17.362699508666992,17.381500244140625,17.362699508666992,17.381500244140625,1377,0.0,0.0,0.0
2023-05-25 12:30:00-04:00,17.450000762939453,17.450000762939453,17.3700008392334,17.386999130249023,1579,0.0,0.0,0.0
2023-05-25 13:30:00-04:00,17.459999084472656,17.520000457763672,17.450000762939453,17.520000457763672,868,0.0,0.0,0.0
2023-05-25 14:30:00-04:00,17.489999771118164,17.489999771118164,17.489999771118164,17.489999771118164,826,0.0,0.0,0.0
2023-05-25 15:30:00-04:00,17.489999771118164,17.489999771118164,17.445199966430664,17.445199966430664,0,0.0,0.0,0.0
2023-05-26 09:30:00-04:00,17.670000076293945,17.80900001525879,17.65999984741211,17.80900001525879,1683,0.0,0.0,0.0
2023-05-26 10:30:00-04:00,17.98859977722168,18.040000915527344,17.98859977722168,18.028400421142578,740,0.0,0.0,0.0
2023-05-26 11:30:00-04:00,18.059999465942383,18.089500427246094,18.059999465942383,18.089500427246094,625,0.0,0.0,0.0
2023-05-26 12:30:00-04:00,18.07990074157715,18.07990074157715,18.06999969482422,18.06999969482422,1374,0.0,0.0,0.0
2023-05-26 13:30:00-04:00,18.049999237060547,18.049999237060547,17.979900360107422,18.010000228881836,3132,0.0,0.0,0.0
2023-05-26 14:30:00-04:00,18.010000228881836,18.010000228881836,17.933900833129883,17.933900833129883,1285,0.0,0.0,0.0
2023-05-30 09:30:00-04:00,18.260000228881836,18.375200271606445,18.010000228881836,18.169700622558594,0,0.0,0.0,0.0
2023-05-30 10:30:00-04:00,18.084999084472656,18.229999542236328,18.084999084472656,18.190000534057617,1403,0.0,0.0,0.0
2023-05-30 11:30:00-04:00,18.249900817871094,18.280000686645508,18.216699600219727,18.241500854492188,1962,0.0,0.0,0.0
2023-05-30 12:30:00-04:00,18.218700408935547,18.249000549316406,18.200000762939453,18.200000762939453,2809,0.0,0.0,0.0
2023-05-30 13:30:00-04:00,18.280000686645508,18.280000686645508,18.209999084472656,18.2189998626709,1218,0.0,0.0,0.0
2023-05-30 14:30:00-04:00,18.297500610351562,18.297500610351562,18.297500610351562,18.297500610351562,251,0.0,0.0,0.0
2023-05-30 15:30:00-04:00,18.310100555419922,18.329999923706055,18.269699096679688,18.269699096679688,433,0.0,0.0,0.0
2023-05-31 09:30:00-04:00,18.3700008392334,18.3700008392334,18.135299682617188,18.190000534057617,0,0.0,0.0,0.0
2023-05-31 10:30:00-04:00,18.253700256347656,18.253700256347656,18.253700256347656,18.253700256347656,112,0.0,0.0,0.0
2023-05-31 11:30:00-04:00,18.260000228881836,18.295000076293945,18.229999542236328,18.260000228881836,1216,0.0,0.0,0.0
2023-05-31 12:30:00-04:00,18.268999099731445,18.268999099731445,18.200199127197266,18.209999084472656,1480,0.0,0.0,0.0
2023-05-31 13:30:00-04:00,18.34000015258789,18.34000015258789,18.33989906311035,18.33989906311035,1330,0.0,0.0,0.0
2023-05-31 14:30:00-04:00,18.43000030517578,18.43000030517578,18.361099243164062,18.361099243164062,789,0.0,0.0,0.0
2023-05-31 15:30:00-04:00,18.469999313354492,18.5,18.469999313354492,18.5,956,0.0,0.0,0.0
2023-06-01 09:30:00-04:00,18.40999984741211,18.40999984741211,18.18000030517578,18.186199188232422,0,0.0,0.0,0.0
2023-06-01 10:30:00-04:00,18.349300384521484,18.569000244140625,18.349300384521484,18.520000457763672,5856,0.0,0.0,0.0
2023-06-01 11:30:00-04:00,18.594999313354492,18.689899444580078,18.579999923706055,18.689899444580078,2576,0.0,0.0,0.0
2023-06-01 12:30:00-04:00,18.61009979248047,18.670000076293945,18.61009979248047,18.670000076293945,5085,0.0,0.0,0.0
2023-06-01 13:30:00-04:00,18.670000076293945,18.670000076293945,18.670000076293945,18.670000076293945,493,0.0,0.0,0.0
2023-06-01 14:30:00-04:00,18.704999923706055,18.704999923706055,18.570899963378906,18.570899963378906,753,0.0,0.0,0.0
2023-06-02 09:30:00-04:00,18.850000381469727,19.100000381469727,18.850000381469727,18.93000030517578,0,0.0,0.0,0.0
2023-06-02 10:30:00-04:00,19.030000686645508,19.05900001525879,18.979999542236328,19.02199935913086,2375,0.0,0.0,0.0
2023-06-02 11:30:00-04:00,18.989900588989258,19.001800537109375,18.989900588989258,19.001800537109375,1453,0.0,0.0,0.0
2023-06-02 12:30:00-04:00,19.049800872802734,19.09000015258789,19.04199981689453,19.079999923706055,4767,0.0,0.0,0.0
2023-06-02 13:30:00-04:00,19.077999114990234,19.077999114990234,19.00079917907715,19.02910041809082,2861,0.0,0.0,0.0
2023-06-02 14:30:00-04:00,19.030000686645508,19.030000686645508,18.9950008392334,18.9950008392334,857,0.0,0.0,0.0
2023-06-02 15:30:00-04:00,19.0,19.020000457763672,19.0,19.020000457763672,933,0.0,0.0,0.0
2023-06-05 09:30:00-04:00,19.0,19.0,18.799999237060547,18.799999237060547,18364,0.0,0.0,0.0
2023-06-05 10:30:00-04:00,18.90999984741211,18.90999984741211,18.903799057006836,18.903799057006836,606,0.0,0.0,0.0
2023-06-05 11:30:00-04:00,18.954999923706055,19.059999465942383,18.954999923706055,19.03499984741211,1047,0.0,0.0,0.0
2023-06-05 12:30:00-04:00,19.049999237060547,19.110000610351562,19.049999237060547,19.075000762939453,1656,0.0,0.0,0.0
2023-06-05 13:30:00-04:00,19.050100326538086,19.050100326538086,18.9950008392334,18.9950008392334,2880,0.0,0.0,0.0
2023-06-05 14:30:00-04:00,18.969999313354492,19.06999969482422,18.940000534057617,19.06999969482422,1556,0.0,0.0,0.0
2023-06-05 15:30:00-04:00,19.049999237060547,19.239999771118164,19.0,19.049999237060547,0,0.0,0.0,0.0
2023-06-06 09:30:00-04:00,19.06999969482422,19.200000762939453,19.06999969482422,19.145200729370117,4879,0.0,0.0,0.0
2023-06-06 10:30:00-04:00,19.219999313354492,19.299999237060547,19.193199157714844,19.193199157714844,2118,0.0,0.0,0.0
2023-06-06 11:30:00-04:00,19.241600036621094,19.309999465942383,19.241600036621094,19.280000686645508,2419,0.0,0.0,0.0
2023-06-06 12:30:00-04:00,19.264999389648438,19.264999389648438,19.264999389648438,19.264999389648438,478,0.0,0.0,0.0
2023-06-06 13:30:00-04:00,19.260000228881836,19.260000228881836,19.22599983215332,19.22599983215332,3812,0.0,0.0,0.0
2023-06-06 14:30:00-04:00,19.229999542236328,19.229999542236328,19.229999542236328,19.229999542236328,334,0.0,0.0,0.0
2023-06-06 15:30:00-04:00,19.25,19.25,19.219999313354492,19.25,0,0.0,0.0,0.0
2023-06-07 09:30:00-04:00,19.280000686645508,19.299999237060547,19.020000457763672,19.020000457763672,7552,0.0,0.0,0.0
2023-06-07 10:30:00-04:00,19.089000701904297,19.089000701904297,18.885900497436523,18.885900497436523,2894,0.0,0.0,0.0
2023-06-07 11:30:00-04:00,18.915199279785156,18.915199279785156,18.75,18.75,2103,0.0,0.0,0.0
2023-06-07 12:30:00-04:00,18.708999633789062,18.709999084472656,18.649999618530273,18.68000030517578,4364,0.0,0.0,0.0
2023-06-07 13:30:00-04:00,18.579999923706055,18.719999313354492,18.579999923706055,18.68000030517578,1012,0.0,0.0,0.0
2023-06-07 14:30:00-04:00,18.674999237060547,18.709699630737305,18.639999389648438,18.689300537109375,1810,0.0,0.0,0.0
2023-06-07 15:30:00-04:00,18.68000030517578,18.68000030517578,18.59000015258789,18.639999389648438,2255,0.0,0.0,0.0
2023-06-08 09:30:00-04:00,18.559999465942383,18.559999465942383,18.559999465942383,18.559999465942383,0,0.0,0.0,0.0
2023-06-08 10:30:00-04:00,18.719999313354492,18.719999313354492,18.719999313354492,18.719999313354492,527,0.0,0.0,0.0
2023-06-08 11:30:00-04:00,18.850000381469727,18.85110092163086,18.833999633789062,18.833999633789062,2812,0.0,0.0,0.0
2023-06-08 12:30:00-04:00,18.77899932861328,18.795700073242188,18.770000457763672,18.795700073242188,1811,0.0,0.0,0.0
2023-06-08 13:30:00-04:00,18.709999084472656,18.729999542236328,18.700199127197266,18.729999542236328,3134,0.0,0.0,0.0
2023-06-08 14:30:00-04:00,18.809999465942383,18.83989906311035,18.809999465942383,18.83989906311035,738,0.0,0.0,0.0
2023-06-08 15:30:00-04:00,18.822500228881836,18.822500228881836,18.79159927368164,18.79159927368164,0,0.0,0.0,0.0
2023-06-09 09:30:00-04:00,18.8700008392334,19.09040069580078,18.8700008392334,19.09040069580078,1832,0.0,0.0,0.0
2023-06-09 10:30:00-04:00,18.979999542236328,18.98940086364746,18.940000534057617,18.940000534057617,1455,0.0,0.0,0.0
2023-06-09 11:30:00-04:00,18.799999237060547,18.809999465942383,18.795000076293945,18.799999237060547,1844,0.0,0.0,0.0
2023-06-09 12:30:00-04:00,18.815000534057617,18.815000534057617,18.799999237060547,18.799999237060547,836,0.0,0.0,0.0
2023-06-09 13:30:00-04:00,18.84000015258789,18.86989974975586,18.829999923706055,18.86989974975586,2833,0.0,0.0,0.0
2023-06-09 14:30:00-04:00,18.829999923706055,18.899999618530273,18.829999923706055,18.899999618530273,1501,0.0,0.0,0.0
2023-06-09 15:30:00-04:00,18.889999389648438,18.889999389648438,18.8700008392334,18.8700008392334,2171,0.0,0.0,0.0
2023-06-12 09:30:00-04:00,18.899999618530273,19.049100875854492,18.899999618530273,19.010000228881836,0,0.0,0.0,0.0
2023-06-12 10:30:00-04:00,19.049999237060547,19.09000015258789,19.0,19.0,1254,0.0,0.0,0.0
2023-06-12 11:30:00-04:00,19.06999969482422,19.159900665283203,19.06999969482422,19.09000015258789,17181,0.0,0.0,0.0
2023-06-12 12:30:00-04:00,19.1200008392334,19.143999099731445,19.09000015258789,19.139999389648438,2517,0.0,0.0,0.0
2023-06-12 13:30:00-04:00,19.159900665283203,19.18000030517578,19.11989974975586,19.11989974975586,4872,0.0,0.0,0.0
2023-06-12 14:30:00-04:00,19.141199111938477,19.209999084472656,19.09000015258789,19.17329978942871,3463,0.0,0.0,0.0
2023-06-12 15:30:00-04:00,19.170000076293945,19.219999313354492,19.170000076293945,19.219999313354492,2258,0.0,0.0,0.0
2023-06-13 09:30:00-04:00,19.469999313354492,19.469999313354492,19.229999542236328,19.229999542236328,0,0.0,0.0,0.0
2023-06-13 10:30:00-04:00,19.280000686645508,19.399999618530273,19.260099411010742,19.399999618530273,1516,0.0,0.0,0.0
2023-06-13 11:30:00-04:00,19.399999618530273,19.459999084472656,19.3799991607666,19.399900436401367,14829,0.0,0.0,0.0
2023-06-13 12:30:00-04:00,19.388399124145508,19.5,19.388399124145508,19.45829963684082,13793,0.0,0.0,0.0
2023-06-13 13:30:00-04:00,19.489999771118164,19.489999771118164,19.3799991607666,19.3799991607666,2025,0.0,0.0,0.0
2023-06-13 14:30:00-04:00,19.370399475097656,19.439899444580078,19.370399475097656,19.3799991607666,932,0.0,0.0,0.0
2023-06-13 15:30:00-04:00,19.3799991607666,19.469999313354492,19.3799991607666,19.469999313354492,1346,0.0,0.0,0.0
2023-06-14 09:30:00-04:00,19.5,19.999900817871094,19.360000610351562,19.399999618530273,0,0.0,0.0,0.0
2023-06-14 10:30:00-04:00,19.5,19.5,19.450000762939453,19.450000762939453,757,0.0,0.0,0.0
2023-06-14 11:30:00-04:00,19.56999969482422,19.609600067138672,19.559999465942383,19.59000015258789,6962,0.0,0.0,0.0
2023-06-14 12:30:00-04:00,19.559999465942383,19.610000610351562,19.5,19.530000686645508,4202,0.0,0.0,0.0
2023-06-14 13:30:00-04:00,19.510000228881836,19.559999465942383,19.360000610351562,19.3700008392334,0,0.0,0.0,0.0
2023-06-14 14:30:00-04:00,19.40999984741211,19.520000457763672,19.40999984741211,19.479999542236328,37225,0.0,0.0,0.0
2023-06-14 15:30:00-04:00,19.469999313354492,19.530000686645508,19.469999313354492,19.530000686645508,4269,0.0,0.0,0.0
2023-06-15 09:30:00-04:00,19.200000762939453,20.979999542236328,19.200000762939453,19.579999923706055,0,0.0,0.0,0.0
2023-06-15 10:30:00-04:00,19.59000015258789,19.655000686645508,19.549999237060547,19.655000686645508,2188,0.0,0.0,0.0
2023-06-15 11:30:00-04:00,19.674999237060547,19.724899291992188,19.674999237060547,19.704999923706055,1915,0.0,0.0,0.0
2023-06-15 12:30:00-04:00,19.70359992980957,19.780000686645508,19.658700942993164,19.780000686645508,2546,0.0,0.0,0.0
2023-06-15 13:30:00-04:00,19.719999313354492,19.839000701904297,19.719999313354492,19.780000686645508,6829,0.0,0.0,0.0
2023-06-15 14:30:00-04:00,19.799999237060547,20.040000915527344,19.790000915527344,19.969999313354492,184252,0.0,0.0,0.0
2023-06-15 15:30:00-04:00,19.969999313354492,20.0,19.829999923706055,19.860000610351562,19474,0.0,0.0,0.0
2023-06-16 09:30:00-04:00,19.864999771118164,19.8799991607666,19.649999618530273,19.797100067138672,12040,0.0,0.0,0.0
2023-06-16 10:30:00-04:00,19.770000457763672,19.797800064086914,19.649999618530273,19.649999618530273,6388,0.0,0.0,0.0
2023-06-16 11:30:00-04:00,19.670000076293945,19.68000030517578,19.625,19.68000030517578,2840,0.0,0.0,0.0
2023-06-16 12:30:00-04:00,19.689899444580078,19.708999633789062,19.6299991607666,19.6299991607666,641,0.0,0.0,0.0
2023-06-16 13:30:00-04:00,19.65920066833496,19.670000076293945,19.610000610351562,19.639999389648438,2316,0.0,0.0,0.0
2023-06-16 14:30:00-04:00,19.6299991607666,19.639999389648438,19.520000457763672,19.600000381469727,4190,0.0,0.0,0.0
2023-06-16 15:30:00-04:00,19.63800048828125,19.649999618530273,19.614999771118164,19.649999618530273,3201,0.0,0.0,0.0
2023-06-20 09:30:00-04:00,21.40999984741211,22.6200008392334,19.489999771118164,19.489999771118164,18769,0.0,0.0,0.0
2023-06-20 10:30:00-04:00,19.420000076293945,19.420000076293945,19.34000015258789,19.34000015258789,3156,0.0,0.0,0.0
2023-06-20 11:30:00-04:00,19.3799991607666,19.399999618530273,19.354999542236328,19.389999389648438,1559,0.0,0.0,0.0
2023-06-20 12:30:00-04:00,19.405000686645508,19.509899139404297,19.405000686645508,19.479999542236328,1068,0.0,0.0,0.0
2023-06-20 13:30:00-04:00,19.454999923706055,19.489999771118164,19.399999618530273,19.479999542236328,2074,0.0,0.0,0.0
2023-06-20 14:30:00-04:00,19.479999542236328,19.510000228881836,19.469999313354492,19.510000228881836,4259,0.0,0.0,0.0
2023-06-20 15:30:00-04:00,19.510000228881836,19.52090072631836,19.43000030517578,19.475000381469727,5602,0.0,0.0,0.0
2023-06-21 09:30:00-04:00,19.43000030517578,19.43000030517578,19.149999618530273,19.149999618530273,0,0.0,0.0,0.0
2023-06-21 10:30:00-04:00,19.219900131225586,19.219900131225586,18.978200912475586,18.978200912475586,3375,0.0,0.0,0.0
2023-06-21 11:30:00-04:00,19.099899291992188,19.099899291992188,19.024099349975586,19.040000915527344,5366,0.0,0.0,0.0
2023-06-21 12:30:00-04:00,19.059999465942383,19.059999465942383,19.040000915527344,19.052099227905273,1453,0.0,0.0,0.0
2023-06-21 13:30:00-04:00,19.09000015258789,19.142000198364258,19.052000045776367,19.142000198364258,1881,0.0,0.0,0.0
2023-06-21 14:30:00-04:00,19.17959976196289,19.17959976196289,19.1299991607666,19.149999618530273,1410,0.0,0.0,0.0
2023-06-21 15:30:00-04:00,19.100000381469727,19.100000381469727,19.040000915527344,19.064199447631836,2784,0.0,0.0,0.0
2023-06-22 09:30:00-04:00,18.850000381469727,19.050600051879883,18.850000381469727,19.050600051879883,3007,0.0,0.0,0.0
2023-06-22 10:30:00-04:00,18.969999313354492,18.979999542236328,18.969999313354492,18.969999313354492,509,0.0,0.0,0.0
2023-06-22 11:30:00-04:00,19.050899505615234,19.110000610351562,19.050899505615234,19.09000015258789,967,0.0,0.0,0.0
2023-06-22 13:30:00-04:00,19.049999237060547,19.049999237060547,19.049999237060547,19.049999237060547,166,0.0,0.0,0.0
2023-06-22 14:30:00-04:00,19.1200008392334,19.1200008392334,19.09000015258789,19.09000015258789,400,0.0,0.0,0.0
2023-06-22 15:30:00-04:00,19.10540008544922,19.112600326538086,19.09000015258789,19.112600326538086,0,0.0,0.0,0.0
2023-06-23 09:30:00-04:00,18.920000076293945,18.920000076293945,18.799999237060547,18.854999542236328,2483,0.0,0.0,0.0
2023-06-23 10:30:00-04:00,18.899999618530273,18.93320083618164,18.829999923706055,18.829999923706055,481,0.0,0.0,0.0
2023-06-23 11:30:00-04:00,18.829999923706055,18.8799991607666,18.81999969482422,18.8799991607666,376,0.0,0.0,0.0
2023-06-23 12:30:00-04:00,18.939699172973633,18.96500015258789,18.939699172973633,18.96500015258789,216,0.0,0.0,0.0
2023-06-23 13:30:00-04:00,18.93000030517578,18.948200225830078,18.93000030517578,18.93000030517578,1222,0.0,0.0,0.0
2023-06-23 14:30:00-04:00,18.93000030517578,18.93000030517578,18.909000396728516,18.909000396728516,1777,0.0,0.0,0.0
2023-06-23 15:30:00-04:00,18.860000610351562,18.8799991607666,18.860000610351562,18.8799991607666,540,0.0,0.0,0.0
2023-06-26 09:30:00-04:00,18.8799991607666,18.969999313354492,18.8799991607666,18.969999313354492,0,0.0,0.0,0.0
2023-06-26 10:30:00-04:00,18.959999084472656,18.959999084472656,18.959999084472656,18.959999084472656,286,0.0,0.0,0.0
2023-06-26 11:30:00-04:00,18.850000381469727,18.859500885009766,18.799999237060547,18.799999237060547,740,0.0,0.0,0.0
2023-06-26 12:30:00-04:00,18.75,18.75,18.65999984741211,18.65999984741211,732,0.0,0.0,0.0
2023-06-26 14:30:00-04:00,18.780000686645508,18.780000686645508,18.780000686645508,18.780000686645508,574,0.0,0.0,0.0
2023-06-26 15:30:00-04:00,18.760000228881836,18.760000228881836,18.69420051574707,18.69420051574707,662,0.0,0.0,0.0
2023-06-27 09:30:00-04:00,18.69420051574707,18.809999465942383,18.69420051574707,18.757099151611328,0,0.0,0.0,0.0
2023-06-27 10:30:00-04:00,18.825000762939453,18.84000015258789,18.790000915527344,18.790000915527344,671,0.0,0.0,0.0
2023-06-27 11:30:00-04:00,18.8799991607666,18.93000030517578,18.8799991607666,18.920000076293945,1939,0.0,0.0,0.0
2023-06-27 12:30:00-04:00,18.959999084472656,18.959999084472656,18.940000534057617,18.940000534057617,384,0.0,0.0,0.0
2023-06-27 13:30:00-04:00,19.0,19.088300704956055,19.0,19.059999465942383,1333,0.0,0.0,0.0
2023-06-27 14:30:00-04:00,19.07430076599121,19.100000381469727,19.06999969482422,19.06999969482422,2108,0.0,0.0,0.0
2023-06-27 15:30:00-04:00,19.112899780273438,19.112899780273438,19.020000457763672,19.028400421142578,2017,0.0,0.0,0.0
2023-06-28 09:30:00-04:00,19.030000686645508,19.290000915527344,19.030000686645508,19.290000915527344,2783,0.0,0.0,0.0
2023-06-28 10:30:00-04:00,19.309999465942383,19.309999465942383,19.290000915527344,19.290000915527344,783,0.0,0.0,0.0
2023-06-28 11:30:00-04:00,19.239999771118164,19.309999465942383,19.239999771118164,19.309999465942383,829,0.0,0.0,0.0
2023-06-28 12:30:00-04:00,19.239999771118164,19.239999771118164,19.190000534057617,19.190000534057617,525,0.0,0.0,0.0
2023-06-28 14:30:00-04:00,19.209999084472656,19.209999084472656,19.18000030517578,19.18000030517578,743,0.0,0.0,0.0
2023-06-28 15:30:00-04:00,19.235000610351562,19.25860023498535,19.209999084472656,19.209999084472656,790,0.0,0.0,0.0
2023-06-29 09:30:00-04:00,19.260000228881836,19.38990020751953,19.260000228881836,19.38990020751953,1550,0.0,0.0,0.0
2023-06-29 10:30:00-04:00,19.225299835205078,19.291200637817383,19.190000534057617,19.291200637817383,1586,0.0,0.0,0.0
2023-06-29 11:30:00-04:00,19.270000457763672,19.270000457763672,19.239900588989258,19.239900588989258,550,0.0,0.0,0.0
2023-06-29 12:30:00-04:00,19.274499893188477,19.27829933166504,19.170000076293945,19.25,1870,0.0,0.0,0.0
2023-06-29 13:30:00-04:00,19.190000534057617,19.190000534057617,19.190000534057617,19.190000534057617,339,0.0,0.0,0.0
2023-06-29 14:30:00-04:00,19.18079948425293,19.18079948425293,19.174999237060547,19.174999237060547,239,0.0,0.0,0.0
2023-06-29 15:30:00-04:00,19.149999618530273,19.22920036315918,19.149999618530273,19.22920036315918,562,0.0,0.0,0.0
2023-06-30 09:30:00-04:00,19.31999969482422,19.56060028076172,19.31999969482422,19.559999465942383,2150,0.0,0.0,0.0
2023-06-30 10:30:00-04:00,19.583599090576172,19.618099212646484,19.549999237060547,19.549999237060547,4465,0.0,0.0,0.0
2023-06-30 11:30:00-04:00,19.530000686645508,19.54400062561035,19.5,19.53230094909668,4357,0.0,0.0,0.0
2023-06-30 12:30:00-04:00,19.549999237060547,19.619800567626953,19.549999237060547,19.57200050354004,7323,0.0,0.0,0.0
2023-06-30 13:30:00-04:00,19.579999923706055,19.609899520874023,19.530000686645508,19.530000686645508,4237,0.0,0.0,0.0
2023-06-30 14:30:00-04:00,19.530000686645508,19.569799423217773,19.5,19.569799423217773,2504,0.0,0.0,0.0
2023-06-30 15:30:00-04:00,19.549999237060547,19.559900283813477,19.510000228881836,19.51689910888672,713,0.0,0.0,0.0
2023-07-03 09:30:00-04:00,19.5,19.530000686645508,19.464099884033203,19.520200729370117,9187,0.0,0.0,0.0
2023-07-03 10:30:00-04:00,19.52429962158203,19.52429962158203,19.49530029296875,19.496400833129883,1525,0.0,0.0,0.0
2023-07-03 11:30:00-04:00,19.453699111938477,19.453699111938477,19.43269920349121,19.43269920349121,1535,0.0,0.0,0.0
2023-07-03 12:30:00-04:00,19.540000915527344,19.540000915527344,19.540000915527344,19.540000915527344,0,0.0,0.0,0.0
2023-07-05 09:30:00-04:00,21.399999618530273,21.8700008392334,19.299999237060547,19.434999465942383,4861,0.0,0.0,0.0
2023-07-05 10:30:00-04:00,19.440000534057617,19.440000534057617,19.440000534057617,19.440000534057617,313,0.0,0.0,0.0
2023-07-05 11:30:00-04:00,19.399999618530273,19.399999618530273,19.350000381469727,19.350099563598633,565,0.0,0.0,0.0
2023-07-05 12:30:00-04:00,19.389999389648438,19.409900665283203,19.389999389648438,19.389999389648438,2749,0.0,0.0,0.0
2023-07-05 13:30:00-04:00,19.42009925842285,19.42009925842285,19.420000076293945,19.420000076293945,476,0.0,0.0,0.0
2023-07-05 14:30:00-04:00,19.530000686645508,19.579999923706055,19.489999771118164,19.530000686645508,3190,0.0,0.0,0.0
2023-07-06 09:30:00-04:00,19.280000686645508,19.280000686645508,19.035900115966797,19.035900115966797,0,0.0,0.0,0.0
2023-07-06 10:30:00-04:00,19.0,19.030000686645508,18.969999313354492,19.030000686645508,4389,0.0,0.0,0.0
2023-07-06 11:30:00-04:00,19.030000686645508,19.08769989013672,19.030000686645508,19.08769989013672,1223,0.0,0.0,0.0
2023-07-06 12:30:00-04:00,19.09000015258789,19.149999618530273,19.059999465942383,19.110000610351562,1002,0.0,0.0,0.0
2023-07-06 13:30:00-04:00,19.224300384521484,19.229999542236328,19.224300384521484,19.229999542236328,366,0.0,0.0,0.0
2023-07-06 14:30:00-04:00,19.149999618530273,19.213199615478516,19.138700485229492,19.213199615478516,0,0.0,0.0,0.0
2023-07-07 09:30:00-04:00,19.434999465942383,19.46139907836914,19.420000076293945,19.420000076293945,1136,0.0,0.0,0.0
2023-07-07 10:30:00-04:00,19.34000015258789,19.34000015258789,19.34000015258789,19.34000015258789,343,0.0,0.0,0.0
2023-07-07 11:30:00-04:00,19.41990089416504,19.41990089416504,19.41990089416504,19.41990089416504,191,0.0,0.0,0.0
2023-07-07 12:30:00-04:00,19.440000534057617,19.499000549316406,19.440000534057617,19.499000549316406,2789,0.0,0.0,0.0
2023-07-07 13:30:00-04:00,19.416000366210938,19.469499588012695,19.416000366210938,19.469499588012695,1325,0.0,0.0,0.0
2023-07-07 14:30:00-04:00,19.34000015258789,19.34000015258789,19.34000015258789,19.34000015258789,210,0.0,0.0,0.0
2023-07-07 15:30:00-04:00,19.329999923706055,19.329999923706055,19.246200561523438,19.246200561523438,434,0.0,0.0,0.0
2023-07-10 09:30:00-04:00,19.299999237060547,19.448400497436523,19.190000534057617,19.448400497436523,0,0.0,0.0,0.0
2023-07-10 10:30:00-04:00,19.450000762939453,19.450000762939453,19.3799991607666,19.3799991607666,443,0.0,0.0,0.0
2023-07-10 11:30:00-04:00,19.43000030517578,19.43280029296875,19.399999618530273,19.399999618530273,872,0.0,0.0,0.0
2023-07-10 12:30:00-04:00,19.459999084472656,19.510000228881836,19.459999084472656,19.510000228881836,1608,0.0,0.0,0.0
2023-07-10 13:30:00-04:00,19.530000686645508,19.53420066833496,19.530000686645508,19.53420066833496,811,0.0,0.0,0.0
2023-07-10 14:30:00-04:00,19.574399948120117,19.618999481201172,19.574399948120117,19.610000610351562,2407,0.0,0.0,0.0
2023-07-10 15:30:00-04:00,19.614999771118164,19.639999389648438,19.594999313354492,19.639999389648438,1914,0.0,0.0,0.0
2023-07-11 09:30:00-04:00,19.739999771118164,19.799999237060547,19.650699615478516,19.729999542236328,0,0.0,0.0,0.0
2023-07-11 10:30:00-04:00,19.829999923706055,19.88960075378418,19.75670051574707,19.81920051574707,4225,0.0,0.0,0.0
2023-07-11 11:30:00-04:00,19.79949951171875,19.8799991607666,19.75200080871582,19.8799991607666,970,0.0,0.0,0.0
2023-07-11 12:30:00-04:00,19.90839958190918,19.90839958190918,19.864999771118164,19.864999771118164,414,0.0,0.0,0.0
2023-07-11 13:30:00-04:00,19.878999710083008,19.878999710083008,19.818899154663086,19.818899154663086,1477,0.0,0.0,0.0
2023-07-11 14:30:00-04:00,19.8700008392334,19.90999984741211,19.8700008392334,19.899999618530273,3235,0.0,0.0,0.0
2023-07-11 15:30:00-04:00,19.93000030517578,19.93000030517578,19.915000915527344,19.915000915527344,358,0.0,0.0,0.0
2023-07-12 09:30:00-04:00,20.229999542236328,20.29990005493164,20.065000534057617,20.107500076293945,0,0.0,0.0,0.0
2023-07-12 10:30:00-04:00,20.059999465942383,20.09000015258789,20.012500762939453,20.079999923706055,2781,0.0,0.0,0.0
2023-07-12 11:30:00-04:00,20.020000457763672,20.049999237060547,19.86199951171875,19.889999389648438,2857,0.0,0.0,0.0
2023-07-12 12:30:00-04:00,19.95989990234375,20.040000915527344,19.95989990234375,20.040000915527344,3863,0.0,0.0,0.0
2023-07-12 13:30:00-04:00,20.059999465942383,20.059999465942383,20.040000915527344,20.059999465942383,1167,0.0,0.0,0.0
2023-07-12 14:30:00-04:00,20.09000015258789,20.09000015258789,20.010000228881836,20.010000228881836,1113,0.0,0.0,0.0
2023-07-12 15:30:00-04:00,20.04159927368164,20.04159927368164,19.990100860595703,20.028200149536133,0,0.0,0.0,0.0
2023-07-13 09:30:00-04:00,20.34000015258789,20.690000534057617,20.229999542236328,20.416099548339844,113165,0.0,0.0,0.0
2023-07-13 10:30:00-04:00,20.400100708007812,20.520000457763672,20.400100708007812,20.469999313354492,3004,0.0,0.0,0.0
2023-07-13 11:30:00-04:00,20.45009994506836,20.51889991760254,20.450000762939453,20.479999542236328,3340,0.0,0.0,0.0
2023-07-13 12:30:00-04:00,20.56999969482422,20.56999969482422,20.520000457763672,20.562299728393555,13722,0.0,0.0,0.0
2023-07-13 13:30:00-04:00,20.579999923706055,20.649099349975586,20.530000686645508,20.6200008392334,11514,0.0,0.0,0.0
2023-07-13 14:30:00-04:00,20.56999969482422,20.649900436401367,20.549999237060547,20.549999237060547,8679,0.0,0.0,0.0
2023-07-13 15:30:00-04:00,20.600000381469727,20.649900436401367,20.600000381469727,20.600000381469727,1628,0.0,0.0,0.0
2023-07-14 09:30:00-04:00,20.579999923706055,20.700000762939453,20.579999923706055,20.6200008392334,6655,0.0,0.0,0.0
2023-07-14 10:30:00-04:00,20.614999771118164,20.614999771118164,20.440000534057617,20.450000762939453,1336,0.0,0.0,0.0
2023-07-14 11:30:00-04:00,20.5049991607666,20.527799606323242,20.485000610351562,20.489999771118164,6488,0.0,0.0,0.0
2023-07-14 12:30:00-04:00,20.469999313354492,20.475000381469727,20.3700008392334,20.415000915527344,2972,0.0,0.0,0.0
2023-07-14 14:30:00-04:00,20.360000610351562,20.360000610351562,20.350000381469727,20.350000381469727,1449,0.0,0.0,0.0
2023-07-14 15:30:00-04:00,20.364999771118164,20.396299362182617,20.364999771118164,20.383800506591797,500,0.0,0.0,0.0
2023-07-17 09:30:00-04:00,20.469999313354492,20.5,20.350000381469727,20.5,0,0.0,0.0,0.0
2023-07-17 10:30:00-04:00,20.58679962158203,20.610000610351562,20.58679962158203,20.610000610351562,974,0.0,0.0,0.0
2023-07-17 11:30:00-04:00,20.697200775146484,20.709999084472656,20.661100387573242,20.67959976196289,5107,0.0,0.0,0.0
2023-07-17 12:30:00-04:00,20.71809959411621,20.71809959411621,20.670000076293945,20.698299407958984,4142,0.0,0.0,0.0
2023-07-17 13:30:00-04:00,20.6299991607666,20.70319938659668,20.6200008392334,20.6200008392334,2910,0.0,0.0,0.0
2023-07-17 14:30:00-04:00,20.645000457763672,20.732999801635742,20.6200008392334,20.672000885009766,2013,0.0,0.0,0.0
2023-07-17 15:30:00-04:00,20.649999618530273,20.649999618530273,20.6200008392334,20.6200008392334,777,0.0,0.0,0.0
2023-07-18 09:30:00-04:00,20.670000076293945,20.670000076293945,20.475000381469727,20.610000610351562,2465,0.0,0.0,0.0
2023-07-18 10:30:00-04:00,20.60540008544922,20.615999221801758,20.56999969482422,20.615999221801758,2411,0.0,0.0,0.0
2023-07-18 11:30:00-04:00,20.649999618530273,20.709999084472656,20.628700256347656,20.709999084472656,3922,0.0,0.0,0.0
2023-07-18 12:30:00-04:00,20.722200393676758,20.749000549316406,20.665000915527344,20.665000915527344,2599,0.0,0.0,0.0
2023-07-18 13:30:00-04:00,20.65999984741211,20.65999984741211,20.65999984741211,20.65999984741211,370,0.0,0.0,0.0
2023-07-18 14:30:00-04:00,20.774999618530273,20.809999465942383,20.774999618530273,20.809999465942383,664,0.0,0.0,0.0
2023-07-18 15:30:00-04:00,20.799999237060547,20.799999237060547,20.790000915527344,20.790000915527344,0,0.0,0.0,0.0
2023-07-19 09:30:00-04:00,20.950000762939453,21.100000381469727,20.950000762939453,21.063199996948242,6716,0.0,0.0,0.0
2023-07-19 10:30:00-04:00,21.089399337768555,21.170000076293945,21.06999969482422,21.153200149536133,3855,0.0,0.0,0.0
2023-07-19 11:30:00-04:00,21.18869972229004,21.18869972229004,20.950000762939453,20.950000762939453,14886,0.0,0.0,0.0
2023-07-19 12:30:00-04:00,20.89240074157715,20.89240074157715,20.809999465942383,20.84000015258789,4592,0.0,0.0,0.0
2023-07-19 13:30:00-04:00,20.829999923706055,20.8799991607666,20.81999969482422,20.81999969482422,4575,0.0,0.0,0.0
2023-07-19 14:30:00-04:00,20.84000015258789,20.950000762939453,20.799999237060547,20.915000915527344,5466,0.0,0.0,0.0
2023-07-19 15:30:00-04:00,20.90999984741211,20.920000076293945,20.892799377441406,20.892799377441406,0,0.0,0.0,0.0
2023-07-20 09:30:00-04:00,20.75,20.75,20.440000534057617,20.440000534057617,3432,0.0,0.0,0.0
2023-07-20 10:30:00-04:00,20.329999923706055,20.369800567626953,20.329999923706055,20.369800567626953,2544,0.0,0.0,0.0
2023-07-20 11:30:00-04:00,20.399999618530273,20.459299087524414,20.329999923706055,20.389999389648438,8399,0.0,0.0,0.0
2023-07-20 12:30:00-04:00,20.299999237060547,20.299999237060547,20.260000228881836,20.270000457763672,1495,0.0,0.0,0.0
2023-07-20 13:30:00-04:00,20.270099639892578,20.270099639892578,20.15999984741211,20.15999984741211,1647,0.0,0.0,0.0
2023-07-20 14:30:00-04:00,20.209999084472656,20.209999084472656,20.139999389648438,20.139999389648438,1834,0.0,0.0,0.0
2023-07-20 15:30:00-04:00,20.160999298095703,20.21500015258789,20.15999984741211,20.21500015258789,1993,0.0,0.0,0.0
2023-07-21 09:30:00-04:00,20.309999465942383,20.398300170898438,20.25,20.25,0,0.0,0.0,0.0
2023-07-21 10:30:00-04:00,20.269899368286133,20.31999969482422,20.269899368286133,20.31999969482422,1364,0.0,0.0,0.0
2023-07-21 11:30:00-04:00,20.305999755859375,20.305999755859375,20.305999755859375,20.305999755859375,173,0.0,0.0,0.0
2023-07-21 12:30:00-04:00,20.260000228881836,20.260000228881836,20.239999771118164,20.239999771118164,527,0.0,0.0,0.0
2023-07-21 13:30:00-04:00,20.25,20.31999969482422,20.239999771118164,20.239999771118164,1786,0.0,0.0,0.0
2023-07-21 14:30:00-04:00,20.25029945373535,20.29949951171875,20.170000076293945,20.170000076293945,2617,0.0,0.0,0.0
2023-07-21 15:30:00-04:00,20.149999618530273,20.174800872802734,20.149999618530273,20.174800872802734,0,0.0,0.0,0.0
2023-07-24 09:30:00-04:00,20.399999618530273,20.399999618530273,20.0,20.0,7550,0.0,0.0,0.0
2023-07-24 10:30:00-04:00,20.079999923706055,20.089000701904297,20.06999969482422,20.089000701904297,692,0.0,0.0,0.0
2023-07-24 11:30:00-04:00,20.030000686645508,20.099899291992188,20.030000686645508,20.07990074157715,1294,0.0,0.0,0.0
2023-07-24 12:30:00-04:00,20.030000686645508,20.110000610351562,20.030000686645508,20.110000610351562,2765,0.0,0.0,0.0
2023-07-24 13:30:00-04:00,20.114999771118164,20.148399353027344,20.079999923706055,20.148399353027344,1570,0.0,0.0,0.0
2023-07-24 14:30:00-04:00,20.114999771118164,20.114999771118164,20.114999771118164,20.114999771118164,310,0.0,0.0,0.0
2023-07-24 15:30:00-04:00,20.1200008392334,20.12660026550293,20.1200008392334,20.12660026550293,1548,0.0,0.0,0.0
2023-07-25 09:30:00-04:00,20.290000915527344,20.290000915527344,20.238300323486328,20.238300323486328,0,0.0,0.0,0.0
2023-07-25 10:30:00-04:00,20.299999237060547,20.316499710083008,20.299999237060547,20.316499710083008,1660,0.0,0.0,0.0
2023-07-25 11:30:00-04:00,20.357999801635742,20.39539909362793,20.357999801635742,20.39539909362793,639,0.0,0.0,0.0
2023-07-25 12:30:00-04:00,20.43000030517578,20.469999313354492,20.390100479125977,20.399999618530273,3993,0.0,0.0,0.0
2023-07-25 13:30:00-04:00,20.459999084472656,20.469999313354492,20.420000076293945,20.469999313354492,1842,0.0,0.0,0.0
2023-07-25 14:30:00-04:00,20.459999084472656,20.459999084472656,20.360000610351562,20.389699935913086,1305,0.0,0.0,0.0
2023-07-25 15:30:00-04:00,20.34000015258789,20.371999740600586,20.34000015258789,20.371999740600586,0,0.0,0.0,0.0
2023-07-26 09:30:00-04:00,20.280000686645508,20.280000686645508,20.280000686645508,20.280000686645508,1472,0.0,0.0,0.0
2023-07-26 10:30:00-04:00,20.280000686645508,20.280000686645508,20.18000030517578,20.18000030517578,443,0.0,0.0,0.0
2023-07-26 11:30:00-04:00,20.219999313354492,20.219999313354492,20.219999313354492,20.219999313354492,276,0.0,0.0,0.0
2023-07-26 12:30:00-04:00,20.14080047607422,20.14080047607422,20.14080047607422,20.14080047607422,473,0.0,0.0,0.0
2023-07-26 13:30:00-04:00,20.19499969482422,20.19499969482422,20.08060073852539,20.08060073852539,2745,0.0,0.0,0.0
2023-07-26 14:30:00-04:00,20.250099182128906,20.250099182128906,20.080699920654297,20.080699920654297,5731,0.0,0.0,0.0
2023-07-26 15:30:00-04:00,20.139999389648438,20.219999313354492,20.139999389648438,20.219999313354492,1919,0.0,0.0,0.0
2023-07-27 09:30:00-04:00,20.600000381469727,20.60099983215332,20.383800506591797,20.383800506591797,0,0.0,0.0,0.0
2023-07-27 10:30:00-04:00,20.383499145507812,20.43000030517578,20.31999969482422,20.31999969482422,2697,0.0,0.0,0.0
2023-07-27 11:30:00-04:00,20.43239974975586,20.443199157714844,20.389999389648438,20.443199157714844,3496,0.0,0.0,0.0
2023-07-27 12:30:00-04:00,20.46179962158203,20.46179962158203,20.3799991607666,20.389999389648438,0,0.0,0.0,0.0
2023-07-27 13:30:00-04:00,20.31999969482422,20.31999969482422,20.225000381469727,20.225000381469727,18735,0.0,0.0,0.0
2023-07-27 14:30:00-04:00,20.100000381469727,20.110000610351562,20.084999084472656,20.084999084472656,3577,0.0,0.0,0.0
2023-07-27 15:30:00-04:00,20.059999465942383,20.079999923706055,20.0,20.079999923706055,806,0.0,0.0,0.0
2023-07-28 09:30:00-04:00,20.469999313354492,20.469999313354492,20.469999313354492,20.469999313354492,0,0.0,0.0,0.0
2023-07-28 10:30:00-04:00,20.32029914855957,20.32029914855957,20.299999237060547,20.299999237060547,1096,0.0,0.0,0.0
2023-07-28 11:30:00-04:00,20.310199737548828,20.449899673461914,20.290000915527344,20.43829917907715,7510,0.0,0.0,0.0
2023-07-28 12:30:00-04:00,20.405000686645508,20.405000686645508,20.3799991607666,20.3799991607666,1346,0.0,0.0,0.0
2023-07-28 13:30:00-04:00,20.360000610351562,20.419200897216797,20.350299835205078,20.419200897216797,3149,0.0,0.0,0.0
2023-07-28 14:30:00-04:00,20.440000534057617,20.440000534057617,20.399999618530273,20.399999618530273,3036,0.0,0.0,0.0
2023-07-28 15:30:00-04:00,20.385000228881836,20.385000228881836,20.380699157714844,20.380699157714844,407,0.0,0.0,0.0
2023-07-31 09:30:00-04:00,20.5,20.81999969482422,20.5,20.76099967956543,6518,0.0,0.0,0.0
2023-07-31 10:30:00-04:00,20.719999313354492,20.770000457763672,20.700000762939453,20.700000762939453,3536,0.0,0.0,0.0
2023-07-31 11:30:00-04:00,20.790000915527344,20.799999237060547,20.751699447631836,20.751699447631836,2326,0.0,0.0,0.0
2023-07-31 12:30:00-04:00,20.735000610351562,20.735000610351562,20.670000076293945,20.670000076293945,3434,0.0,0.0,0.0
2023-07-31 13:30:00-04:00,20.670000076293945,20.770000457763672,20.670000076293945,20.76959991455078,2332,0.0,0.0,0.0
2023-07-31 14:30:00-04:00,20.735000610351562,20.751699447631836,20.735000610351562,20.751699447631836,283,0.0,0.0,0.0
2023-08-01 09:30:00-04:00,20.649999618530273,20.670000076293945,20.510000228881836,20.56999969482422,3298,0.0,0.0,0.0
2023-08-01 10:30:00-04:00,20.540000915527344,20.66990089416504,20.540000915527344,20.659299850463867,1557,0.0,0.0,0.0
2023-08-01 11:30:00-04:00,20.66550064086914,20.68000030517578,20.60070037841797,20.68000030517578,1426,0.0,0.0,0.0
2023-08-01 12:30:00-04:00,20.68000030517578,20.713699340820312,20.68000030517578,20.709999084472656,823,0.0,0.0,0.0
2023-08-01 13:30:00-04:00,20.75,20.770000457763672,20.700000762939453,20.700000762939453,4716,0.0,0.0,0.0
2023-08-01 14:30:00-04:00,20.75,20.75,20.700000762939453,20.700000762939453,928,0.0,0.0,0.0
2023-08-01 15:30:00-04:00,20.735000610351562,20.735000610351562,20.735000610351562,20.735000610351562,0,0.0,0.0,0.0
2023-08-02 09:30:00-04:00,20.399999618530273,20.450000762939453,20.06999969482422,20.06999969482422,12721,0.0,0.0,0.0
2023-08-02 10:30:00-04:00,20.209999084472656,20.209999084472656,20.0,20.0,958,0.0,0.0,0.0
2023-08-02 11:30:00-04:00,20.000099182128906,20.014999389648438,19.8700008392334,19.8700008392334,6409,0.0,0.0,0.0
2023-08-02 12:30:00-04:00,19.8700008392334,19.930099487304688,19.8700008392334,19.930099487304688,3617,0.0,0.0,0.0
2023-08-02 13:30:00-04:00,20.04990005493164,20.04990005493164,19.979999542236328,19.979999542236328,243,0.0,0.0,0.0
2023-08-02 14:30:00-04:00,20.00029945373535,20.00029945373535,19.950000762939453,19.979999542236328,2861,0.0,0.0,0.0
2023-08-02 15:30:00-04:00,19.900100708007812,19.939199447631836,19.900100708007812,19.939199447631836,200,0.0,0.0,0.0
2023-08-03 09:30:00-04:00,20.5,20.5,19.809999465942383,19.809999465942383,0,0.0,0.0,0.0
2023-08-03 10:30:00-04:00,19.87809944152832,19.999399185180664,19.87809944152832,19.999399185180664,8631,0.0,0.0,0.0
2023-08-03 11:30:00-04:00,19.885000228881836,19.885000228881836,19.885000228881836,19.885000228881836,248,0.0,0.0,0.0
2023-08-03 12:30:00-04:00,19.950000762939453,19.959999084472656,19.950000762939453,19.959999084472656,557,0.0,0.0,0.0
2023-08-03 13:30:00-04:00,19.979999542236328,19.979999542236328,19.959999084472656,19.959999084472656,433,0.0,0.0,0.0
2023-08-03 14:30:00-04:00,20.03380012512207,20.040000915527344,20.020000457763672,20.020000457763672,382,0.0,0.0,0.0
2023-08-03 15:30:00-04:00,19.979999542236328,20.030000686645508,19.979999542236328,20.030000686645508,368,0.0,0.0,0.0
2023-08-04 09:30:00-04:00,20.31999969482422,20.31999969482422,20.049999237060547,20.049999237060547,0,0.0,0.0,0.0
2023-08-04 10:30:00-04:00,20.149999618530273,20.229000091552734,20.149999618530273,20.219999313354492,2281,0.0,0.0,0.0
2023-08-04 11:30:00-04:00,20.234800338745117,20.269899368286133,20.234800338745117,20.269899368286133,619,0.0,0.0,0.0
2023-08-04 13:30:00-04:00,20.139999389648438,20.139999389648438,20.100000381469727,20.100000381469727,420,0.0,0.0,0.0
2023-08-04 14:30:00-04:00,20.099000930786133,20.099000930786133,20.0,20.0,3842,0.0,0.0,0.0
2023-08-04 15:30:00-04:00,20.010000228881836,20.03499984741211,19.943899154663086,19.943899154663086,3026,0.0,0.0,0.0
2023-08-07 09:30:00-04:00,20.170000076293945,20.170000076293945,19.889999389648438,19.950000762939453,2795,0.0,0.0,0.0
2023-08-07 10:30:00-04:00,19.9197998046875,19.950000762939453,19.832000732421875,19.851999282836914,1561,0.0,0.0,0.0
2023-08-07 11:30:00-04:00,19.8799991607666,19.8799991607666,19.8799991607666,19.8799991607666,100,0.0,0.0,0.0
2023-08-07 12:30:00-04:00,19.934999465942383,20.010000228881836,19.889999389648438,19.920000076293945,6343,0.0,0.0,0.0
2023-08-07 13:30:00-04:00,19.940000534057617,19.979999542236328,19.940000534057617,19.954999923706055,330,0.0,0.0,0.0
2023-08-07 14:30:00-04:00,20.049999237060547,20.049999237060547,19.979999542236328,19.989999771118164,1207,0.0,0.0,0.0
2023-08-07 15:30:00-04:00,19.989999771118164,20.059999465942383,19.989999771118164,20.059999465942383,0,0.0,0.0,0.0
2023-08-08 09:30:00-04:00,19.6299991607666,19.6299991607666,19.389999389648438,19.389999389648438,9179,0.0,0.0,0.0
2023-08-08 10:30:00-04:00,19.420000076293945,19.420000076293945,19.280000686645508,19.280000686645508,6450,0.0,0.0,0.0
2023-08-08 11:30:00-04:00,19.350000381469727,19.388200759887695,19.34000015258789,19.36520004272461,878,0.0,0.0,0.0
2023-08-08 12:30:00-04:00,19.350000381469727,19.43000030517578,19.350000381469727,19.43000030517578,4544,0.0,0.0,0.0
2023-08-08 13:30:00-04:00,19.410999298095703,19.548999786376953,19.410999298095703,19.548999786376953,2156,0.0,0.0,0.0
2023-08-08 14:30:00-04:00,19.559999465942383,19.567699432373047,19.510000228881836,19.567699432373047,19373,0.0,0.0,0.0
2023-08-08 15:30:00-04:00,19.540000915527344,19.549999237060547,19.510000228881836,19.549999237060547,0,0.0,0.0,0.0
2023-08-09 09:30:00-04:00,19.489999771118164,19.489999771118164,19.360000610351562,19.3799991607666,3657,0.0,0.0,0.0
2023-08-09 10:30:00-04:00,19.215299606323242,19.229999542236328,19.139999389648438,19.139999389648438,2460,0.0,0.0,0.0
2023-08-09 11:30:00-04:00,19.1200008392334,19.209999084472656,19.1200008392334,19.149999618530273,2940,0.0,0.0,0.0
2023-08-09 12:30:00-04:00,19.200000762939453,19.298200607299805,19.200000762939453,19.298200607299805,1675,0.0,0.0,0.0
2023-08-09 14:30:00-04:00,19.2810001373291,19.2810001373291,19.22100067138672,19.280000686645508,1789,0.0,0.0,0.0
2023-08-09 15:30:00-04:00,19.229999542236328,19.229999542236328,19.200000762939453,19.200000762939453,545,0.0,0.0,0.0
2023-08-10 09:30:00-04:00,19.31999969482422,19.579999923706055,19.31999969482422,19.520099639892578,3148,0.0,0.0,0.0
2023-08-10 10:30:00-04:00,19.510000228881836,19.510000228881836,19.510000228881836,19.510000228881836,331,0.0,0.0,0.0
2023-08-10 11:30:00-04:00,19.41990089416504,19.41990089416504,19.3799991607666,19.3799991607666,583,0.0,0.0,0.0
2023-08-10 12:30:00-04:00,19.40999984741211,19.40999984741211,19.301000595092773,19.350000381469727,546,0.0,0.0,0.0
2023-08-10 13:30:00-04:00,19.290000915527344,19.299999237060547,19.219999313354492,19.219999313354492,545,0.0,0.0,0.0
2023-08-10 14:30:00-04:00,19.3799991607666,19.3799991607666,19.3799991607666,19.3799991607666,311,0.0,0.0,0.0
2023-08-10 15:30:00-04:00,19.270000457763672,19.327999114990234,19.270000457763672,19.327999114990234,0,0.0,0.0,0.0
2023-08-11 09:30:00-04:00,19.319900512695312,19.319900512695312,19.299999237060547,19.299999237060547,1104,0.0,0.0,0.0
2023-08-11 10:30:00-04:00,19.270000457763672,19.270000457763672,19.25,19.25,591,0.0,0.0,0.0
2023-08-11 11:30:00-04:00,19.1200008392334,19.19849967956543,19.1200008392334,19.170000076293945,808,0.0,0.0,0.0
2023-08-11 12:30:00-04:00,19.15999984741211,19.15999984741211,19.15999984741211,19.15999984741211,308,0.0,0.0,0.0
2023-08-11 14:30:00-04:00,19.200000762939453,19.235000610351562,19.200000762939453,19.233200073242188,1379,0.0,0.0,0.0
2023-08-11 15:30:00-04:00,19.219999313354492,19.249900817871094,19.2091007232666,19.2091007232666,546,0.0,0.0,0.0
2023-08-14 09:30:00-04:00,19.25,19.25,19.030000686645508,19.2450008392334,2483,0.0,0.0,0.0
2023-08-14 10:30:00-04:00,19.399999618530273,19.399999618530273,19.399999618530273,19.399999618530273,300,0.0,0.0,0.0
2023-08-14 11:30:00-04:00,19.40999984741211,19.420000076293945,19.360000610351562,19.360000610351562,1703,0.0,0.0,0.0
2023-08-14 12:30:00-04:00,19.399999618530273,19.440000534057617,19.399999618530273,19.440000534057617,444,0.0,0.0,0.0
2023-08-14 13:30:00-04:00,19.43000030517578,19.440000534057617,19.360000610351562,19.360000610351562,511,0.0,0.0,0.0
2023-08-14 14:30:00-04:00,19.3799991607666,19.40999984741211,19.3799991607666,19.401100158691406,1344,0.0,0.0,0.0
2023-08-14 15:30:00-04:00,19.43000030517578,19.440000534057617,19.420000076293945,19.420000076293945,0,0.0,0.0,0.0
2023-08-15 09:30:00-04:00,19.420000076293945,19.420000076293945,19.329999923706055,19.329999923706055,1141,0.0,0.0,0.0
2023-08-15 10:30:00-04:00,19.270000457763672,19.35759925842285,19.270000457763672,19.33839988708496,6442,0.0,0.0,0.0
2023-08-15 11:30:00-04:00,19.350000381469727,19.360000610351562,19.344999313354492,19.344999313354492,4904,0.0,0.0,0.0
2023-08-15 12:30:00-04:00,19.309999465942383,19.325000762939453,19.309999465942383,19.31999969482422,564,0.0,0.0,0.0
2023-08-15 14:30:00-04:00,19.3125,19.31999969482422,19.241199493408203,19.241199493408203,0,0.0,0.0,0.0
2023-08-16 09:30:00-04:00,19.25,19.25,19.174999237060547,19.200000762939453,923,0.0,0.0,0.0
2023-08-16 10:30:00-04:00,19.255699157714844,19.255699157714844,19.255699157714844,19.255699157714844,401,0.0,0.0,0.0
2023-08-16 11:30:00-04:00,19.239999771118164,19.239999771118164,19.239999771118164,19.239999771118164,710,0.0,0.0,0.0
2023-08-16 12:30:00-04:00,19.125,19.125,19.125,19.125,156,0.0,0.0,0.0
2023-08-16 13:30:00-04:00,19.159900665283203,19.159900665283203,19.159900665283203,19.159900665283203,162,0.0,0.0,0.0
2023-08-16 14:30:00-04:00,19.209999084472656,19.209999084472656,19.0393009185791,19.0393009185791,1554,0.0,0.0,0.0
2023-08-17 09:30:00-04:00,19.059999465942383,19.059999465942383,18.924999237060547,18.924999237060547,0,0.0,0.0,0.0
2023-08-17 10:30:00-04:00,18.850000381469727,18.940000534057617,18.809999465942383,18.940000534057617,1011,0.0,0.0,0.0
2023-08-17 11:30:00-04:00,18.84000015258789,18.93440055847168,18.809999465942383,18.93440055847168,6456,0.0,0.0,0.0
2023-08-17 12:30:00-04:00,18.954999923706055,18.989999771118164,18.93000030517578,18.989999771118164,1688,0.0,0.0,0.0
2023-08-17 13:30:00-04:00,18.93000030517578,18.93000030517578,18.861900329589844,18.887399673461914,3218,0.0,0.0,0.0
2023-08-17 14:30:00-04:00,18.8799991607666,18.8799991607666,18.709999084472656,18.809999465942383,1940,0.0,0.0,0.0
2023-08-17 15:30:00-04:00,18.760000228881836,18.84000015258789,18.729999542236328,18.729999542236328,1164,0.0,0.0,0.0
2023-08-18 09:30:00-04:00,18.469999313354492,18.717500686645508,18.40999984741211,18.717500686645508,0,0.0,0.0,0.0
2023-08-18 10:30:00-04:00,18.650999069213867,18.75320053100586,18.649999618530273,18.75320053100586,3215,0.0,0.0,0.0
2023-08-18 11:30:00-04:00,18.690000534057617,18.690000534057617,18.690000534057617,18.690000534057617,175,0.0,0.0,0.0
2023-08-18 12:30:00-04:00,18.80500030517578,18.815799713134766,18.79159927368164,18.815799713134766,770,0.0,0.0,0.0
2023-08-21 09:30:00-04:00,18.829999923706055,18.9950008392334,18.829999923706055,18.970300674438477,0,0.0,0.0,0.0
2023-08-21 10:30:00-04:00,18.899999618530273,18.950000762939453,18.8799991607666,18.8799991607666,6544,0.0,0.0,0.0
2023-08-21 11:30:00-04:00,18.799999237060547,18.84000015258789,18.799999237060547,18.84000015258789,1362,0.0,0.0,0.0
2023-08-21 12:30:00-04:00,18.909900665283203,18.909900665283203,18.8700008392334,18.899999618530273,1100,0.0,0.0,0.0
2023-08-21 14:30:00-04:00,19.069900512695312,19.069900512695312,19.010099411010742,19.010099411010742,575,0.0,0.0,0.0
2023-08-21 15:30:00-04:00,19.069900512695312,19.069900512695312,19.01609992980957,19.01609992980957,178,0.0,0.0,0.0
2023-08-22 09:30:00-04:00,19.079999923706055,19.15999984741211,19.061399459838867,19.061399459838867,0,0.0,0.0,0.0
2023-08-22 10:30:00-04:00,19.079999923706055,19.079999923706055,19.040000915527344,19.040000915527344,911,0.0,0.0,0.0
2023-08-22 11:30:00-04:00,19.1200008392334,19.1200008392334,19.010000228881836,19.010000228881836,2039,0.0,0.0,0.0
2023-08-22 12:30:00-04:00,19.049999237060547,19.049999237060547,19.040000915527344,19.040000915527344,794,0.0,0.0,0.0
2023-08-22 13:30:00-04:00,19.062999725341797,19.11989974975586,19.040000915527344,19.040000915527344,704,0.0,0.0,0.0
2023-08-22 14:30:00-04:00,19.13990020751953,19.149999618530273,19.079999923706055,19.084400177001953,1219,0.0,0.0,0.0
2023-08-23 09:30:00-04:00,19.084400177001953,19.25,19.084400177001953,19.25,0,0.0,0.0,0.0
2023-08-23 10:30:00-04:00,19.280000686645508,19.329999923706055,19.280000686645508,19.329999923706055,612,0.0,0.0,0.0
2023-08-23 11:30:00-04:00,19.49650001525879,19.49650001525879,19.422000885009766,19.422000885009766,1127,0.0,0.0,0.0
2023-08-23 12:30:00-04:00,19.51959991455078,19.51959991455078,19.475000381469727,19.475000381469727,1766,0.0,0.0,0.0
2023-08-23 13:30:00-04:00,19.509899139404297,19.509899139404297,19.509899139404297,19.509899139404297,131,0.0,0.0,0.0
2023-08-23 14:30:00-04:00,19.4685001373291,19.4685001373291,19.4685001373291,19.4685001373291,533,0.0,0.0,0.0
2023-08-23 15:30:00-04:00,19.40999984741211,19.438899993896484,19.40999984741211,19.438899993896484,777,0.0,0.0,0.0
2023-08-24 09:30:00-04:00,19.42259979248047,19.42259979248047,19.299999237060547,19.306499481201172,0,0.0,0.0,0.0
2023-08-24 11:30:00-04:00,19.1200008392334,19.1200008392334,19.118200302124023,19.118200302124023,640,0.0,0.0,0.0
2023-08-24 12:30:00-04:00,19.15999984741211,19.189899444580078,19.1200008392334,19.1200008392334,2007,0.0,0.0,0.0
2023-08-24 13:30:00-04:00,19.139999389648438,19.139999389648438,19.139999389648438,19.139999389648438,326,0.0,0.0,0.0
2023-08-24 15:30:00-04:00,19.059999465942383,19.059999465942383,19.00149917602539,19.014999389648438,1016,0.0,0.0,0.0
2023-08-25 09:30:00-04:00,19.059999465942383,19.1299991607666,19.020000457763672,19.079999923706055,0,0.0,0.0,0.0
2023-08-25 10:30:00-04:00,18.885000228881836,18.89929962158203,18.885000228881836,18.89929962158203,1351,0.0,0.0,0.0
2023-08-25 11:30:00-04:00,18.993999481201172,18.993999481201172,18.993999481201172,18.993999481201172,364,0.0,0.0,0.0
2023-08-25 12:30:00-04:00,19.020000457763672,19.121400833129883,19.020000457763672,19.1023006439209,649,0.0,0.0,0.0
2023-08-25 13:30:00-04:00,19.020099639892578,19.239900588989258,19.020099639892578,19.239900588989258,3576,0.0,0.0,0.0
2023-08-25 14:30:00-04:00,19.248600006103516,19.270000457763672,19.185100555419922,19.185100555419922,1131,0.0,0.0,0.0
2023-08-28 09:30:00-04:00,19.40999984741211,19.43000030517578,19.3700008392334,19.3700008392334,1809,0.0,0.0,0.0
2023-08-28 10:30:00-04:00,19.3799991607666,19.38990020751953,19.34000015258789,19.354999542236328,5251,0.0,0.0,0.0
2023-08-28 11:30:00-04:00,19.360000610351562,19.364999771118164,19.31999969482422,19.34000015258789,911,0.0,0.0,0.0
2023-08-28 12:30:00-04:00,19.30500030517578,19.41900062561035,19.30500030517578,19.395000457763672,1171,0.0,0.0,0.0
2023-08-28 13:30:00-04:00,19.3799991607666,19.3799991607666,19.25,19.25,790,0.0,0.0,0.0
2023-08-28 14:30:00-04:00,19.264999389648438,19.31999969482422,19.264999389648438,19.290000915527344,1708,0.0,0.0,0.0
2023-08-28 15:30:00-04:00,19.28499984741211,19.31999969482422,19.28499984741211,19.299999237060547,1483,0.0,0.0,0.0
2023-08-29 09:30:00-04:00,19.299999237060547,19.43000030517578,19.299999237060547,19.43000030517578,0,0.0,0.0,0.0
2023-08-29 10:30:00-04:00,19.540000915527344,19.690000534057617,19.540000915527344,19.6200008392334,1007,0.0,0.0,0.0
2023-08-29 11:30:00-04:00,19.6200008392334,19.719900131225586,19.6200008392334,19.719900131225586,1257,0.0,0.0,0.0
2023-08-29 12:30:00-04:00,19.649999618530273,19.649999618530273,19.610000610351562,19.610000610351562,1667,0.0,0.0,0.0
2023-08-29 13:30:00-04:00,19.665000915527344,19.709999084472656,19.648399353027344,19.648399353027344,1203,0.0,0.0,0.0
2023-08-29 14:30:00-04:00,19.639999389648438,19.65290069580078,19.639999389648438,19.651399612426758,0,0.0,0.0,0.0
2023-08-30 09:30:00-04:00,19.6299991607666,19.725000381469727,19.579999923706055,19.719999313354492,4613,0.0,0.0,0.0
2023-08-30 10:30:00-04:00,19.684999465942383,19.75,19.684999465942383,19.75,4064,0.0,0.0,0.0
2023-08-30 11:30:00-04:00,19.849599838256836,19.849599838256836,19.777099609375,19.82859992980957,1695,0.0,0.0,0.0
2023-08-30 12:30:00-04:00,19.81879997253418,19.81879997253418,19.770000457763672,19.809999465942383,744,0.0,0.0,0.0
2023-08-30 13:30:00-04:00,19.84000015258789,19.84000015258789,19.759300231933594,19.759300231933594,448,0.0,0.0,0.0
2023-08-30 14:30:00-04:00,19.80820083618164,19.809799194335938,19.777099609375,19.777099609375,508,0.0,0.0,0.0
2023-08-31 09:30:00-04:00,19.90999984741211,20.0,19.90399932861328,20.0,0,0.0,0.0,0.0
2023-08-31 10:30:00-04:00,20.040000915527344,20.040000915527344,19.989999771118164,19.989999771118164,1520,0.0,0.0,0.0
2023-08-31 11:30:00-04:00,19.899999618530273,19.940000534057617,19.899999618530273,19.940000534057617,432,0.0,0.0,0.0
2023-08-31 12:30:00-04:00,19.8700008392334,19.94770050048828,19.8700008392334,19.94770050048828,821,0.0,0.0,0.0
2023-08-31 14:30:00-04:00,19.959999084472656,19.979999542236328,19.931499481201172,19.931499481201172,1412,0.0,0.0,0.0
2023-08-31 15:30:00-04:00,19.989999771118164,19.989999771118164,19.921499252319336,19.921499252319336,0,0.0,0.0,0.0
2023-09-01 09:30:00-04:00,20.270000457763672,20.270000457763672,20.190799713134766,20.25079917907715,4031,0.0,0.0,0.0
2023-09-01 10:30:00-04:00,20.309999465942383,20.309999465942383,20.262500762939453,20.262500762939453,1001,0.0,0.0,0.0
2023-09-01 11:30:00-04:00,20.261600494384766,20.290000915527344,20.217899322509766,20.268600463867188,2250,0.0,0.0,0.0
2023-09-01 12:30:00-04:00,20.20009994506836,20.259700775146484,20.200000762939453,20.200000762939453,722,0.0,0.0,0.0
2023-09-01 13:30:00-04:00,20.23979949951172,20.23979949951172,20.149999618530273,20.149999618530273,1352,0.0,0.0,0.0
2023-09-01 14:30:00-04:00,20.149999618530273,20.149999618530273,20.149999618530273,20.149999618530273,275,0.0,0.0,0.0
2023-09-01 15:30:00-04:00,20.170000076293945,20.209999084472656,20.170000076293945,20.209999084472656,681,0.0,0.0,0.0
2023-09-05 09:30:00-04:00,20.139999389648438,20.139999389648438,19.950000762939453,20.032800674438477,4052,0.0,0.0,0.0
2023-09-05 10:30:00-04:00,20.149999618530273,20.149999618530273,20.149999618530273,20.149999618530273,230,0.0,0.0,0.0
2023-09-05 11:30:00-04:00,20.114999771118164,20.149999618530273,20.114999771118164,20.1210994720459,1917,0.0,0.0,0.0
2023-09-05 12:30:00-04:00,20.149999618530273,20.149999618530273,20.079999923706055,20.079999923706055,2212,0.0,0.0,0.0
2023-09-05 13:30:00-04:00,20.149999618530273,20.149999618530273,20.11009979248047,20.149999618530273,5947,0.0,0.0,0.0
2023-09-05 14:30:00-04:00,20.149999618530273,20.200000762939453,20.149999618530273,20.200000762939453,785,0.0,0.0,0.0
2023-09-05 15:30:00-04:00,20.190000534057617,20.190000534057617,20.190000534057617,20.190000534057617,0,0.0,0.0,0.0
2023-09-06 09:30:00-04:00,20.120100021362305,20.135000228881836,20.120100021362305,20.135000228881836,1269,0.0,0.0,0.0
2023-09-06 10:30:00-04:00,20.110000610351562,20.18000030517578,20.100000381469727,20.18000030517578,2653,0.0,0.0,0.0
2023-09-06 11:30:00-04:00,20.1299991607666,20.1299991607666,20.100000381469727,20.100000381469727,4591,0.0,0.0,0.0
2023-09-06 12:30:00-04:00,20.033300399780273,20.033300399780273,20.033300399780273,20.033300399780273,407,0.0,0.0,0.0
2023-09-06 13:30:00-04:00,20.177499771118164,20.177499771118164,20.177499771118164,20.177499771118164,179,0.0,0.0,0.0
2023-09-06 14:30:00-04:00,20.18000030517578,20.18000030517578,20.18000030517578,20.18000030517578,461,0.0,0.0,0.0
2023-09-06 15:30:00-04:00,20.18000030517578,20.18000030517578,20.18000030517578,20.18000030517578,161,0.0,0.0,0.0
2023-09-07 09:30:00-04:00,20.06999969482422,20.06999969482422,19.75,19.829999923706055,0,0.0,0.0,0.0
2023-09-07 10:30:00-04:00,20.040000915527344,20.09000015258789,20.040000915527344,20.040000915527344,1217,0.0,0.0,0.0
2023-09-07 11:30:00-04:00,20.049999237060547,20.100000381469727,20.01140022277832,20.01140022277832,1143,0.0,0.0,0.0
2023-09-07 12:30:00-04:00,20.1200008392334,20.129899978637695,20.04010009765625,20.1200008392334,1469,0.0,0.0,0.0
2023-09-07 13:30:00-04:00,20.06999969482422,20.1299991607666,20.049999237060547,20.1200008392334,0,0.0,0.0,0.0
2023-09-07 14:30:00-04:00,20.100000381469727,20.139999389648438,20.049999237060547,20.110000610351562,15126,0.0,0.0,0.0
2023-09-07 15:30:00-04:00,20.118799209594727,20.118799209594727,20.049999237060547,20.049999237060547,1516,0.0,0.0,0.0
2023-09-08 09:30:00-04:00,20.149999618530273,20.16029930114746,20.149999618530273,20.16029930114746,0,0.0,0.0,0.0
2023-09-08 10:30:00-04:00,20.16230010986328,20.16230010986328,20.16230010986328,20.16230010986328,538,0.0,0.0,0.0
2023-09-08 11:30:00-04:00,20.114999771118164,20.114999771118164,20.079999923706055,20.087400436401367,1442,0.0,0.0,0.0
2023-09-08 12:30:00-04:00,20.049999237060547,20.049999237060547,20.049999237060547,20.049999237060547,182,0.0,0.0,0.0
2023-09-08 13:30:00-04:00,20.127399444580078,20.127399444580078,20.127399444580078,20.127399444580078,250,0.0,0.0,0.0
2023-09-08 14:30:00-04:00,20.145000457763672,20.149999618530273,20.09589958190918,20.09589958190918,1250,0.0,0.0,0.0
2023-09-11 09:30:00-04:00,20.309999465942383,20.309999465942383,20.100000381469727,20.100000381469727,0,0.0,0.0,0.0
2023-09-11 10:30:00-04:00,20.260000228881836,20.26799964904785,20.190000534057617,20.259899139404297,1348,0.0,0.0,0.0
2023-09-11 11:30:00-04:00,20.270000457763672,20.270000457763672,20.1299991607666,20.219900131225586,4155,0.0,0.0,0.0
2023-09-11 12:30:00-04:00,20.206499099731445,20.206499099731445,20.206499099731445,20.206499099731445,2812,0.0,0.0,0.0
2023-09-11 13:30:00-04:00,20.264400482177734,20.264400482177734,20.264400482177734,20.264400482177734,405,0.0,0.0,0.0
2023-09-11 15:30:00-04:00,20.260000228881836,20.280000686645508,20.246000289916992,20.280000686645508,2250,0.0,0.0,0.0
2023-09-12 09:30:00-04:00,20.040000915527344,20.099899291992188,19.900100708007812,20.099899291992188,3175,0.0,0.0,0.0
2023-09-12 10:30:00-04:00,20.010000228881836,20.010000228881836,19.899999618530273,19.899999618530273,965,0.0,0.0,0.0
2023-09-12 11:30:00-04:00,19.93000030517578,19.93000030517578,19.93000030517578,19.93000030517578,314,0.0,0.0,0.0
2023-09-12 13:30:00-04:00,19.93000030517578,19.940000534057617,19.84000015258789,19.883499145507812,2626,0.0,0.0,0.0
2023-09-12 15:30:00-04:00,19.868999481201172,19.8700008392334,19.829999923706055,19.850000381469727,0,0.0,0.0,0.0
2023-09-13 09:30:00-04:00,19.75,19.825000762939453,19.75,19.81999969482422,887,0.0,0.0,0.0
2023-09-13 12:30:00-04:00,19.772199630737305,19.772199630737305,19.772199630737305,19.772199630737305,275,0.0,0.0,0.0
2023-09-13 13:30:00-04:00,19.799999237060547,19.799999237060547,19.799999237060547,19.799999237060547,208,0.0,0.0,0.0
2023-09-13 14:30:00-04:00,19.75,19.7549991607666,19.71310043334961,19.71310043334961,0,0.0,0.0,0.0
2023-09-14 09:30:00-04:00,19.739999771118164,19.93000030517578,19.739999771118164,19.739999771118164,1022,0.0,0.0,0.0
2023-09-14 10:30:00-04:00,19.729999542236328,19.781200408935547,19.729999542236328,19.781200408935547,759,0.0,0.0,0.0
2023-09-14 11:30:00-04:00,19.7549991607666,19.7549991607666,19.7549991607666,19.7549991607666,1100,0.0,0.0,0.0
2023-09-14 12:30:00-04:00,19.725000381469727,19.725000381469727,19.690099716186523,19.690099716186523,599,0.0,0.0,0.0
2023-09-14 13:30:00-04:00,19.740100860595703,19.740100860595703,19.740100860595703,19.740100860595703,287,0.0,0.0,0.0
2023-09-14 14:30:00-04:00,19.829999923706055,19.829999923706055,19.829999923706055,19.829999923706055,200,0.0,0.0,0.0
2023-09-14 15:30:00-04:00,19.75320053100586,19.809999465942383,19.75320053100586,19.75320053100586,102,0.0,0.0,0.0
2023-09-15 09:30:00-04:00,19.600000381469727,19.719999313354492,19.510499954223633,19.510499954223633,2208,0.0,0.0,0.0
2023-09-15 12:30:00-04:00,19.479999542236328,19.5,19.40999984741211,19.489999771118164,1802,0.0,0.0,0.0
2023-09-15 13:30:00-04:00,19.420000076293945,19.420000076293945,19.420000076293945,19.420000076293945,311,0.0,0.0,0.0
2023-09-15 14:30:00-04:00,19.38010025024414,19.4689998626709,19.38010025024414,19.4689998626709,405,0.0,0.0,0.0
2023-09-18 09:30:00-04:00,19.469999313354492,19.469999313354492,19.469999313354492,19.469999313354492,0,0.0,0.0,0.0
2023-09-18 10:30:00-04:00,19.40999984741211,19.40999984741211,19.3700008392334,19.3700008392334,3681,0.0,0.0,0.0
2023-09-18 11:30:00-04:00,19.399999618530273,19.459999084472656,19.399999618530273,19.459999084472656,500,0.0,0.0,0.0
2023-09-18 12:30:00-04:00,19.434999465942383,19.459999084472656,19.434999465942383,19.459999084472656,3285,0.0,0.0,0.0
2023-09-18 13:30:00-04:00,19.5,19.5,19.5,19.5,418,0.0,0.0,0.0
2023-09-18 14:30:00-04:00,19.459999084472656,19.459999084472656,19.352100372314453,19.420000076293945,1279,0.0,0.0,0.0
2023-09-18 15:30:00-04:00,19.40999984741211,19.420000076293945,19.40999984741211,19.420000076293945,0,0.0,0.0,0.0
2023-09-19 09:30:00-04:00,19.29990005493164,19.29990005493164,19.29990005493164,19.29990005493164,373,0.0,0.0,0.0
2023-09-19 10:30:00-04:00,19.219999313354492,19.229900360107422,19.1299991607666,19.229900360107422,1791,0.0,0.0,0.0
2023-09-19 12:30:00-04:00,19.260000228881836,19.260000228881836,19.259899139404297,19.259899139404297,299,0.0,0.0,0.0
2023-09-19 14:30:00-04:00,19.309999465942383,19.360000610351562,19.260099411010742,19.30660057067871,1842,0.0,0.0,0.0
2023-09-19 15:30:00-04:00,19.290000915527344,19.293899536132812,19.290000915527344,19.293899536132812,2264,0.0,0.0,0.0
2023-09-20 09:30:00-04:00,19.350000381469727,19.549999237060547,19.350000381469727,19.549999237060547,0,0.0,0.0,0.0
2023-09-20 10:30:00-04:00,19.43790054321289,19.43790054321289,19.40999984741211,19.40999984741211,357,0.0,0.0,0.0
2023-09-20 11:30:00-04:00,19.459999084472656,19.510000228881836,19.40999984741211,19.510000228881836,1396,0.0,0.0,0.0
2023-09-20 12:30:00-04:00,19.459999084472656,19.474000930786133,19.459999084472656,19.474000930786133,332,0.0,0.0,0.0
2023-09-20 13:30:00-04:00,19.469999313354492,19.469999313354492,19.469999313354492,19.469999313354492,350,0.0,0.0,0.0
2023-09-20 15:30:00-04:00,19.29050064086914,19.29050064086914,19.25,19.25,1092,0.0,0.0,0.0
2023-09-21 09:30:00-04:00,19.09000015258789,19.091100692749023,18.90999984741211,18.979700088500977,0,0.0,0.0,0.0
2023-09-21 10:30:00-04:00,18.978099822998047,18.978099822998047,18.978099822998047,18.978099822998047,1376,0.0,0.0,0.0
2023-09-21 11:30:00-04:00,18.899999618530273,18.899999618530273,18.86750030517578,18.86750030517578,2151,0.0,0.0,0.0
2023-09-21 12:30:00-04:00,18.905000686645508,18.954999923706055,18.90180015563965,18.954999923706055,1915,0.0,0.0,0.0
2023-09-21 13:30:00-04:00,19.020000457763672,19.020000457763672,18.979999542236328,18.979999542236328,0,0.0,0.0,0.0
2023-09-21 14:30:00-04:00,18.950000762939453,18.950000762939453,18.950000762939453,18.950000762939453,11692,0.0,0.0,0.0
2023-09-21 15:30:00-04:00,18.879100799560547,18.879100799560547,18.829999923706055,18.829999923706055,657,0.0,0.0,0.0
2023-09-22 09:30:00-04:00,18.8700008392334,18.975000381469727,18.86090087890625,18.86090087890625,0,0.0,0.0,0.0
2023-09-22 10:30:00-04:00,19.010000228881836,19.059999465942383,19.010000228881836,19.059999465942383,1544,0.0,0.0,0.0
2023-09-22 11:30:00-04:00,19.100000381469727,19.110000610351562,19.040000915527344,19.040000915527344,1345,0.0,0.0,0.0
2023-09-22 14:30:00-04:00,18.899999618530273,18.940000534057617,18.899999618530273,18.930200576782227,3058,0.0,0.0,0.0
2023-09-25 09:30:00-04:00,18.75,18.84000015258789,18.5,18.84000015258789,0,0.0,0.0,0.0
2023-09-25 10:30:00-04:00,18.829999923706055,18.829999923706055,18.829999923706055,18.829999923706055,2536,0.0,0.0,0.0
2023-09-25 11:30:00-04:00,18.93000030517578,18.940000534057617,18.861299514770508,18.89929962158203,0,0.0,0.0,0.0
2023-09-26 09:30:00-04:00,18.81999969482422,18.860000610351562,18.703899383544922,18.703899383544922,3090,0.0,0.0,0.0
2023-09-26 10:30:00-04:00,18.780000686645508,18.780000686645508,18.690000534057617,18.690000534057617,2501,0.0,0.0,0.0
2023-09-26 11:30:00-04:00,18.58180046081543,18.649999618530273,18.58180046081543,18.649999618530273,5752,0.0,0.0,0.0
2023-09-26 12:30:00-04:00,18.591999053955078,18.591999053955078,18.591999053955078,18.591999053955078,593,0.0,0.0,0.0
2023-09-26 13:30:00-04:00,18.59280014038086,18.59280014038086,18.59280014038086,18.59280014038086,570,0.0,0.0,0.0
2023-09-26 14:30:00-04:00,18.579999923706055,18.609899520874023,18.57110023498535,18.609899520874023,1493,0.0,0.0,0.0
2023-09-26 15:30:00-04:00,18.56999969482422,18.59000015258789,18.540000915527344,18.59000015258789,1039,0.0,0.0,0.0
2023-09-27 09:30:00-04:00,18.579999923706055,18.729999542236328,18.579999923706055,18.729999542236328,0,0.0,0.0,0.0
2023-09-27 10:30:00-04:00,18.809999465942383,18.809999465942383,18.700000762939453,18.700000762939453,0,0.0,0.0,0.0
2023-09-27 11:30:00-04:00,18.708200454711914,18.708200454711914,18.67889976501465,18.67889976501465,68,0.0,0.0,0.0
2023-09-28 09:30:00-04:00,18.59000015258789,18.59000015258789,18.559999465942383,18.579999923706055,3322,0.0,0.0,0.0
2023-09-28 11:30:00-04:00,18.85810089111328,18.899999618530273,18.829999923706055,18.899999618530273,1129,0.0,0.0,0.0
2023-09-28 12:30:00-04:00,18.8887996673584,18.88909912109375,18.8887996673584,18.88909912109375,905,0.0,0.0,0.0
2023-09-28 13:30:00-04:00,18.879899978637695,18.879899978637695,18.879899978637695,18.879899978637695,141,0.0,0.0,0.0
2023-09-28 14:30:00-04:00,18.790000915527344,18.888900756835938,18.790000915527344,18.888900756835938,837,0.0,0.0,0.0
2023-09-28 15:30:00-04:00,18.8799991607666,18.8799991607666,18.863300323486328,18.863300323486328,161,0.0,0.0,0.0
2023-09-29 09:30:00-04:00,19.0,19.307600021362305,19.0,19.170000076293945,0,0.0,0.0,0.0
2023-09-29 10:30:00-04:00,19.1299991607666,19.1299991607666,19.110000610351562,19.11009979248047,921,0.0,0.0,0.0
2023-09-29 11:30:00-04:00,19.070100784301758,19.168699264526367,19.070100784301758,19.168699264526367,643,0.0,0.0,0.0
2023-09-29 12:30:00-04:00,19.122100830078125,19.122100830078125,19.030000686645508,19.030000686645508,944,0.0,0.0,0.0
2023-09-29 14:30:00-04:00,19.067100524902344,19.067100524902344,19.067100524902344,19.067100524902344,250,0.0,0.0,0.0
2023-09-29 15:30:00-04:00,18.979999542236328,18.984399795532227,18.969999313354492,18.984399795532227,674,0.0,0.0,0.0
2023-10-02 09:30:00-04:00,19.049999237060547,19.049999237060547,19.049999237060547,19.049999237060547,0,0.0,0.0,0.0
2023-10-02 12:30:00-04:00,18.940000534057617,18.940000534057617,18.940000534057617,18.940000534057617,1158,0.0,0.0,0.0
2023-10-02 13:30:00-04:00,18.920000076293945,18.940000534057617,18.899999618530273,18.940000534057617,1626,0.0,0.0,0.0
2023-10-02 14:30:00-04:00,18.934999465942383,18.979299545288086,18.934999465942383,18.979299545288086,100,0.0,0.0,0.0
2023-10-03 09:30:00-04:00,18.75,18.940000534057617,18.75,18.770000457763672,0,0.0,0.0,0.0
2023-10-03 10:30:00-04:00,18.59000015258789,18.59000015258789,18.549999237060547,18.549999237060547,726,0.0,0.0,0.0
2023-10-03 11:30:00-04:00,18.510000228881836,18.510000228881836,18.5,18.5,2367,0.0,0.0,0.0
2023-10-03 14:30:00-04:00,18.52989959716797,18.52989959716797,18.52989959716797,18.52989959716797,332,0.0,0.0,0.0
2023-10-03 15:30:00-04:00,18.399999618530273,18.479999542236328,18.399999618530273,18.440000534057617,2665,0.0,0.0,0.0
2023-10-04 09:30:00-04:00,18.399999618530273,18.60099983215332,18.399999618530273,18.412500381469727,0,0.0,0.0,0.0
2023-10-04 10:30:00-04:00,18.420000076293945,18.446800231933594,18.420000076293945,18.446800231933594,2391,0.0,0.0,0.0
2023-10-04 11:30:00-04:00,18.5,18.659900665283203,18.5,18.659900665283203,2288,0.0,0.0,0.0
2023-10-04 13:30:00-04:00,18.551599502563477,18.551599502563477,18.500099182128906,18.500099182128906,543,0.0,0.0,0.0
2023-10-04 14:30:00-04:00,18.63990020751953,18.660499572753906,18.63990020751953,18.660499572753906,0,0.0,0.0,0.0
2023-10-05 10:30:00-04:00,18.5,18.5,18.5,18.5,2666,0.0,0.0,0.0
2023-10-05 11:30:00-04:00,18.42009925842285,18.42009925842285,18.42009925842285,18.42009925842285,714,0.0,0.0,0.0
2023-10-05 13:30:00-04:00,18.60099983215332,18.60099983215332,18.60099983215332,18.60099983215332,1208,0.0,0.0,0.0
2023-10-05 15:30:00-04:00,18.635000228881836,18.635000228881836,18.63170051574707,18.63170051574707,0,0.0,0.0,0.0
2023-10-06 09:30:00-04:00,18.610000610351562,18.610000610351562,18.5939998626709,18.5939998626709,600,0.0,0.0,0.0
2023-10-06 11:30:00-04:00,19.010000228881836,19.1299991607666,19.010000228881836,19.07819938659668,774,0.0,0.0,0.0
2023-10-06 12:30:00-04:00,19.08650016784668,19.099899291992188,19.08650016784668,19.099899291992188,400,0.0,0.0,0.0
2023-10-06 13:30:00-04:00,19.09950065612793,19.09950065612793,19.09950065612793,19.09950065612793,451,0.0,0.0,0.0
2023-10-06 15:30:00-04:00,19.099899291992188,19.100000381469727,19.099899291992188,19.100000381469727,1606,0.0,0.0,0.0
2023-10-09 09:30:00-04:00,18.959999084472656,18.959999084472656,18.959999084472656,18.959999084472656,0,0.0,0.0,0.0
2023-10-09 10:30:00-04:00,18.959999084472656,18.960100173950195,18.90880012512207,18.90880012512207,1701,0.0,0.0,0.0
2023-10-09 11:30:00-04:00,18.93000030517578,18.989999771118164,18.920000076293945,18.989999771118164,2526,0.0,0.0,0.0
2023-10-09 12:30:00-04:00,19.040000915527344,19.049999237060547,19.040000915527344,19.049999237060547,610,0.0,0.0,0.0
2023-10-09 13:30:00-04:00,19.06399917602539,19.16990089416504,19.06399917602539,19.16990089416504,1271,0.0,0.0,0.0
2023-10-09 14:30:00-04:00,19.148300170898438,19.200000762939453,19.1299991607666,19.200000762939453,2035,0.0,0.0,0.0
2023-10-09 15:30:00-04:00,19.15999984741211,19.15999984741211,19.15999984741211,19.15999984741211,319,0.0,0.0,0.0
2023-10-10 09:30:00-04:00,19.200000762939453,19.3799991607666,19.200000762939453,19.3799991607666,0,0.0,0.0,0.0
2023-10-10 10:30:00-04:00,19.451799392700195,19.451799392700195,19.451799392700195,19.451799392700195,207,0.0,0.0,0.0
2023-10-10 11:30:00-04:00,19.450000762939453,19.479000091552734,19.450000762939453,19.478700637817383,1323,0.0,0.0,0.0
2023-10-10 12:30:00-04:00,19.420499801635742,19.420499801635742,19.25,19.25,1039,0.0,0.0,0.0
2023-10-10 13:30:00-04:00,19.270099639892578,19.299999237060547,19.270099639892578,19.299999237060547,1044,0.0,0.0,0.0
2023-10-10 14:30:00-04:00,19.329999923706055,19.329999923706055,19.31999969482422,19.31999969482422,701,0.0,0.0,0.0
2023-10-10 15:30:00-04:00,19.309999465942383,19.309999465942383,19.299999237060547,19.299999237060547,4976,0.0,0.0,0.0
2023-10-11 09:30:00-04:00,19.420000076293945,19.44499969482422,19.345699310302734,19.345699310302734,0,0.0,0.0,0.0
2023-10-11 10:30:00-04:00,19.37070083618164,19.37070083618164,19.37070083618164,19.37070083618164,1672,0.0,0.0,0.0
2023-10-11 11:30:00-04:00,19.329999923706055,19.349899291992188,19.299999237060547,19.299999237060547,1469,0.0,0.0,0.0
2023-10-11 12:30:00-04:00,19.230100631713867,19.230100631713867,19.230100631713867,19.230100631713867,268,0.0,0.0,0.0
2023-10-11 13:30:00-04:00,19.200000762939453,19.200000762939453,19.200000762939453,19.200000762939453,296,0.0,0.0,0.0
2023-10-11 14:30:00-04:00,19.260099411010742,19.260099411010742,19.260099411010742,19.260099411010742,322,0.0,0.0,0.0
2023-10-11 15:30:00-04:00,19.328800201416016,19.353099822998047,19.328800201416016,19.353099822998047,265,0.0,0.0,0.0
2023-10-12 09:30:00-04:00,19.43000030517578,19.43000030517578,19.389999389648438,19.389999389648438,0,0.0,0.0,0.0
2023-10-12 10:30:00-04:00,19.280099868774414,19.379899978637695,19.229999542236328,19.379899978637695,2098,0.0,0.0,0.0
2023-10-12 11:30:00-04:00,19.33769989013672,19.33769989013672,19.329999923706055,19.329999923706055,458,0.0,0.0,0.0
2023-10-12 12:30:00-04:00,19.34000015258789,19.34000015258789,19.1299991607666,19.1299991607666,4017,0.0,0.0,0.0
2023-10-12 13:30:00-04:00,19.110000610351562,19.110000610351562,19.0,19.0,2074,0.0,0.0,0.0
2023-10-12 14:30:00-04:00,19.033700942993164,19.09000015258789,19.033700942993164,19.09000015258789,1012,0.0,0.0,0.0
2023-10-12 15:30:00-04:00,19.1299991607666,19.1299991607666,19.1200008392334,19.1200008392334,930,0.0,0.0,0.0
2023-10-13 09:30:00-04:00,19.139999389648438,19.139999389648438,19.040300369262695,19.05470085144043,0,0.0,0.0,0.0
2023-10-13 10:30:00-04:00,19.022199630737305,19.022199630737305,18.860000610351562,18.8700008392334,3543,0.0,0.0,0.0
2023-10-13 12:30:00-04:00,18.959999084472656,18.959999084472656,18.959999084472656,18.959999084472656,327,0.0,0.0,0.0
2023-10-13 13:30:00-04:00,18.829999923706055,18.829999923706055,18.829999923706055,18.829999923706055,183,0.0,0.0,0.0
2023-10-13 14:30:00-04:00,18.8799991607666,18.90959930419922,18.809999465942383,18.83300018310547,843,0.0,0.0,0.0
2023-10-16 09:30:00-04:00,18.829999923706055,18.829999923706055,18.829999923706055,18.829999923706055,0,0.0,0.0,0.0
2023-10-16 11:30:00-04:00,19.170000076293945,19.18000030517578,19.110000610351562,19.11009979248047,1263,0.0,0.0,0.0
2023-10-16 12:30:00-04:00,19.170000076293945,19.170000076293945,19.170000076293945,19.170000076293945,367,0.0,0.0,0.0
2023-10-16 14:30:00-04:00,19.190000534057617,19.219999313354492,19.16160011291504,19.16160011291504,1577,0.0,0.0,0.0
2023-10-17 09:30:00-04:00,18.940000534057617,19.149499893188477,18.940000534057617,19.149499893188477,0,0.0,0.0,0.0
2023-10-17 10:30:00-04:00,19.239999771118164,19.239999771118164,19.239999771118164,19.239999771118164,109,0.0,0.0,0.0
2023-10-17 11:30:00-04:00,19.260000228881836,19.260000228881836,19.260000228881836,19.260000228881836,298,0.0,0.0,0.0
2023-10-17 13:30:00-04:00,19.299999237060547,19.299999237060547,19.20009994506836,19.20009994506836,2185,0.0,0.0,0.0
2023-10-17 14:30:00-04:00,19.200000762939453,19.222999572753906,19.17329978942871,19.200000762939453,1265,0.0,0.0,0.0
2023-10-17 15:30:00-04:00,19.194400787353516,19.229000091552734,19.190000534057617,19.21500015258789,1133,0.0,0.0,0.0
2023-10-18 09:30:00-04:00,18.940000534057617,19.090099334716797,18.940000534057617,19.090099334716797,0,0.0,0.0,0.0
2023-10-18 11:30:00-04:00,18.90999984741211,18.979999542236328,18.90999984741211,18.979900360107422,894,0.0,0.0,0.0
2023-10-18 12:30:00-04:00,18.8799991607666,18.946699142456055,18.8700008392334,18.946699142456055,2603,0.0,0.0,0.0
2023-10-18 13:30:00-04:00,18.950000762939453,18.950000762939453,18.920000076293945,18.940000534057617,1552,0.0,0.0,0.0
2023-10-18 15:30:00-04:00,18.844999313354492,18.844999313354492,18.809999465942383,18.809999465942383,842,0.0,0.0,0.0
2023-10-19 09:30:00-04:00,18.81999969482422,18.934999465942383,18.81999969482422,18.8799991607666,0,0.0,0.0,0.0
2023-10-19 10:30:00-04:00,18.790000915527344,18.8700008392334,18.780000686645508,18.800100326538086,5164,0.0,0.0,0.0
2023-10-19 11:30:00-04:00,18.860000610351562,18.940000534057617,18.860000610351562,18.940000534057617,484,0.0,0.0,0.0
2023-10-19 12:30:00-04:00,18.829999923706055,18.88010025024414,18.829999923706055,18.8799991607666,793,0.0,0.0,0.0
2023-10-19 13:30:00-04:00,18.84000015258789,18.84000015258789,18.819900512695312,18.819900512695312,900,0.0,0.0,0.0
2023-10-19 14:30:00-04:00,18.662700653076172,18.662700653076172,18.662700653076172,18.662700653076172,157,0.0,0.0,0.0
2023-10-19 15:30:00-04:00,18.638599395751953,18.66790008544922,18.638599395751953,18.638599395751953,110,0.0,0.0,0.0
2023-10-20 09:30:00-04:00,18.6200008392334,18.6200008392334,18.31999969482422,18.31999969482422,0,0.0,0.0,0.0
2023-10-20 10:30:00-04:00,18.309999465942383,18.309999465942383,18.0,18.06049919128418,131888,0.0,0.0,0.0
2023-10-20 11:30:00-04:00,18.06999969482422,18.229999542236328,18.06999969482422,18.1299991607666,5495,0.0,0.0,0.0
2023-10-20 12:30:00-04:00,18.296899795532227,18.325000762939453,18.296899795532227,18.325000762939453,2635,0.0,0.0,0.0
2023-10-20 13:30:00-04:00,18.289899826049805,18.289899826049805,18.289899826049805,18.289899826049805,135,0.0,0.0,0.0
2023-10-20 15:30:00-04:00,18.200000762939453,18.229999542236328,18.200000762939453,18.229999542236328,288,0.0,0.0,0.0
2023-10-23 09:30:00-04:00,18.1299991607666,18.1299991607666,17.900699615478516,18.049999237060547,0,0.0,0.0,0.0
2023-10-23 10:30:00-04:00,18.030000686645508,18.1299991607666,17.790000915527344,18.1299991607666,55034,0.0,0.0,0.0
2023-10-23 11:30:00-04:00,18.190000534057617,18.190000534057617,18.18000030517578,18.18000030517578,1964,0.0,0.0,0.0
2023-10-23 12:30:00-04:00,18.22010040283203,18.22010040283203,18.22010040283203,18.22010040283203,306,0.0,0.0,0.0
2023-10-23 14:30:00-04:00,18.18000030517578,18.18000030517578,18.18000030517578,18.18000030517578,293,0.0,0.0,0.0
2023-10-23 15:30:00-04:00,18.100000381469727,18.100000381469727,18.100000381469727,18.100000381469727,0,0.0,0.0,0.0
2023-10-24 09:30:00-04:00,18.399999618530273,18.449899673461914,18.399999618530273,18.449899673461914,1150,0.0,0.0,0.0
2023-10-24 10:30:00-04:00,18.472000122070312,18.472000122070312,18.43000030517578,18.43000030517578,758,0.0,0.0,0.0
2023-10-24 12:30:00-04:00,18.270000457763672,18.467599868774414,18.270000457763672,18.467599868774414,0,0.0,0.0,0.0
2023-10-25 09:30:00-04:00,18.450000762939453,18.530000686645508,18.1200008392334,18.199399948120117,3184,0.0,0.0,0.0
2023-10-25 10:30:00-04:00,18.190000534057617,18.264999389648438,18.184999465942383,18.264999389648438,3046,0.0,0.0,0.0
2023-10-25 11:30:00-04:00,18.125,18.125,18.125,18.125,683,0.0,0.0,0.0
2023-10-25 12:30:00-04:00,18.00510025024414,18.00510025024414,18.00510025024414,18.00510025024414,391,0.0,0.0,0.0
2023-10-25 13:30:00-04:00,17.8799991607666,17.90999984741211,17.860000610351562,17.90999984741211,943,0.0,0.0,0.0
2023-10-25 14:30:00-04:00,17.889999389648438,17.889999389648438,17.889999389648438,17.889999389648438,391,0.0,0.0,0.0
2023-10-25 15:30:00-04:00,17.850000381469727,17.850000381469727,17.850000381469727,17.850000381469727,0,0.0,0.0,0.0
2023-10-26 09:30:00-04:00,17.790000915527344,18.0,17.75,17.75,8973,0.0,0.0,0.0
2023-10-26 10:30:00-04:00,17.790000915527344,17.956600189208984,17.780000686645508,17.86989974975586,4922,0.0,0.0,0.0
2023-10-26 11:30:00-04:00,17.790000915527344,17.79330062866211,17.65999984741211,17.670000076293945,815,0.0,0.0,0.0
2023-10-26 12:30:00-04:00,17.659900665283203,17.684999465942383,17.639999389648438,17.684999465942383,8400,0.0,0.0,0.0
2023-10-26 13:30:00-04:00,17.68000030517578,17.770000457763672,17.68000030517578,17.770000457763672,668,0.0,0.0,0.0
2023-10-26 14:30:00-04:00,17.8700008392334,17.8799991607666,17.8700008392334,17.8799991607666,283,0.0,0.0,0.0
2023-10-26 15:30:00-04:00,17.770000457763672,17.770000457763672,17.752500534057617,17.760000228881836,432,0.0,0.0,0.0
2023-10-27 09:30:00-04:00,18.030000686645508,18.030000686645508,17.795000076293945,17.795000076293945,3433,0.0,0.0,0.0
2023-10-27 11:30:00-04:00,17.950000762939453,17.96500015258789,17.950000762939453,17.96500015258789,326,0.0,0.0,0.0
2023-10-27 12:30:00-04:00,17.895000457763672,17.895000457763672,17.81999969482422,17.81999969482422,223,0.0,0.0,0.0
2023-10-27 13:30:00-04:00,17.780000686645508,17.780000686645508,17.75,17.75,1111,0.0,0.0,0.0
2023-10-27 14:30:00-04:00,17.799999237060547,17.799999237060547,17.799999237060547,17.799999237060547,120,0.0,0.0,0.0
2023-10-27 15:30:00-04:00,17.780000686645508,17.790000915527344,17.760000228881836,17.790000915527344,609,0.0,0.0,0.0
2023-10-30 09:30:00-04:00,18.049999237060547,18.049999237060547,17.81999969482422,17.83370018005371,0,0.0,0.0,0.0
2023-10-30 10:30:00-04:00,17.84000015258789,17.84000015258789,17.809999465942383,17.809999465942383,716,0.0,0.0,0.0
2023-10-30 12:30:00-04:00,17.844999313354492,17.844999313354492,17.844999313354492,17.844999313354492,239,0.0,0.0,0.0
2023-10-30 13:30:00-04:00,17.8700008392334,17.975299835205078,17.8700008392334,17.975299835205078,1067,0.0,0.0,0.0
2023-10-30 15:30:00-04:00,18.00119972229004,18.00119972229004,17.93000030517578,17.93000030517578,700,0.0,0.0,0.0
2023-10-31 09:30:00-04:00,17.860000610351562,18.004600524902344,17.860000610351562,18.004600524902344,0,0.0,0.0,0.0
2023-10-31 10:30:00-04:00,18.079999923706055,18.079999923706055,18.079999923706055,18.079999923706055,299,0.0,0.0,0.0
2023-10-31 11:30:00-04:00,18.208999633789062,18.208999633789062,18.208999633789062,18.208999633789062,1603,0.0,0.0,0.0
2023-10-31 12:30:00-04:00,18.1200008392334,18.1200008392334,18.1200008392334,18.1200008392334,256,0.0,0.0,0.0
2023-10-31 13:30:00-04:00,18.139999389648438,18.193899154663086,18.139999389648438,18.193899154663086,5023,0.0,0.0,0.0
2023-11-01 09:30:00-04:00,18.1200008392334,18.139999389648438,18.1200008392334,18.139999389648438,980,0.0,0.0,0.0
2023-11-01 10:30:00-04:00,18.21500015258789,18.21500015258789,18.18000030517578,18.203699111938477,981,0.0,0.0,0.0
2023-11-01 11:30:00-04:00,18.09000015258789,18.15329933166504,18.09000015258789,18.15329933166504,3117,0.0,0.0,0.0
2023-11-01 12:30:00-04:00,18.1299991607666,18.15519905090332,18.129899978637695,18.15519905090332,0,0.0,0.0,0.0
2023-11-01 13:30:00-04:00,18.09000015258789,18.110000610351562,18.09000015258789,18.110000610351562,6046,0.0,0.0,0.0
2023-11-01 14:30:00-04:00,18.15999984741211,18.25510025024414,18.15999984741211,18.25510025024414,0,0.0,0.0,0.0
2023-11-02 09:30:00-04:00,18.729999542236328,18.729999542236328,18.444400787353516,18.444400787353516,2659,0.0,0.0,0.0
2023-11-02 10:30:00-04:00,18.340099334716797,18.448200225830078,18.340099334716797,18.4197998046875,1563,0.0,0.0,0.0
2023-11-02 11:30:00-04:00,18.447799682617188,18.447799682617188,18.447799682617188,18.447799682617188,583,0.0,0.0,0.0
2023-11-02 12:30:00-04:00,18.385000228881836,18.4197998046875,18.385000228881836,18.41939926147461,2741,0.0,0.0,0.0
2023-11-02 13:30:00-04:00,18.48979949951172,18.48979949951172,18.48979949951172,18.48979949951172,816,0.0,0.0,0.0
2023-11-02 14:30:00-04:00,18.489900588989258,18.489900588989258,18.454999923706055,18.458999633789062,2494,0.0,0.0,0.0
2023-11-03 09:30:00-04:00,18.458999633789062,18.815000534057617,18.458999633789062,18.719999313354492,0,0.0,0.0,0.0
2023-11-03 10:30:00-04:00,18.68000030517578,18.789199829101562,18.68000030517578,18.789199829101562,1237,0.0,0.0,0.0
2023-11-03 11:30:00-04:00,18.75,18.899599075317383,18.75,18.86479949951172,3823,0.0,0.0,0.0
2023-11-03 12:30:00-04:00,18.790000915527344,18.889999389648438,18.790000915527344,18.84000015258789,1965,0.0,0.0,0.0
2023-11-03 13:30:00-04:00,18.860000610351562,18.949899673461914,18.850099563598633,18.860000610351562,3677,0.0,0.0,0.0
2023-11-03 14:30:00-04:00,18.920000076293945,18.960100173950195,18.892900466918945,18.91939926147461,2685,0.0,0.0,0.0
2023-11-03 15:30:00-04:00,18.909000396728516,18.93790054321289,18.829999923706055,18.86520004272461,362,0.0,0.0,0.0
2023-11-06 09:30:00-05:00,19.200000762939453,19.200000762939453,18.70009994506836,18.73710060119629,0,0.0,0.0,0.0
2023-11-06 10:30:00-05:00,18.729999542236328,18.729999542236328,18.70669937133789,18.70669937133789,1357,0.0,0.0,0.0
2023-11-06 11:30:00-05:00,18.716400146484375,18.716400146484375,18.716400146484375,18.716400146484375,308,0.0,0.0,0.0
2023-11-06 12:30:00-05:00,18.649999618530273,18.649999618530273,18.649999618530273,18.649999618530273,303,0.0,0.0,0.0
2023-11-06 13:30:00-05:00,18.58009910583496,18.6299991607666,18.58009910583496,18.6299991607666,1046,0.0,0.0,0.0
2023-11-06 14:30:00-05:00,18.709999084472656,18.709999084472656,18.670000076293945,18.670000076293945,919,0.0,0.0,0.0
2023-11-06 15:30:00-05:00,18.75,18.760000228881836,18.75,18.760000228881836,1608,0.0,0.0,0.0
2023-11-07 09:30:00-05:00,19.049999237060547,19.310100555419922,19.03499984741211,19.310100555419922,7457,0.0,0.0,0.0
2023-11-07 10:30:00-05:00,19.399999618530273,19.450000762939453,19.375,19.375,3632,0.0,0.0,0.0
2023-11-07 11:30:00-05:00,19.34000015258789,19.34000015258789,19.290000915527344,19.290000915527344,1551,0.0,0.0,0.0
2023-11-07 13:30:00-05:00,19.329999923706055,19.359800338745117,19.280000686645508,19.359800338745117,4387,0.0,0.0,0.0
2023-11-07 14:30:00-05:00,19.33880043029785,19.33880043029785,19.229999542236328,19.270000457763672,2449,0.0,0.0,0.0
2023-11-08 09:30:00-05:00,19.342300415039062,19.342300415039062,19.239999771118164,19.239999771118164,660,0.0,0.0,0.0
2023-11-08 10:30:00-05:00,19.15999984741211,19.15999984741211,19.15999984741211,19.15999984741211,467,0.0,0.0,0.0
2023-11-08 12:30:00-05:00,19.250099182128906,19.250099182128906,19.239999771118164,19.239999771118164,2248,0.0,0.0,0.0
2023-11-08 14:30:00-05:00,19.270000457763672,19.329999923706055,19.270000457763672,19.302499771118164,7377,0.0,0.0,0.0
2023-11-09 09:30:00-05:00,19.31999969482422,19.399999618530273,19.31999969482422,19.3799991607666,1752,0.0,0.0,0.0
2023-11-09 10:30:00-05:00,19.358800888061523,19.450000762939453,19.299999237060547,19.450000762939453,1543,0.0,0.0,0.0
2023-11-09 11:30:00-05:00,19.469999313354492,19.469999313354492,19.399999618530273,19.399999618530273,2307,0.0,0.0,0.0
2023-11-09 12:30:00-05:00,19.390100479125977,19.390100479125977,19.390100479125977,19.390100479125977,368,0.0,0.0,0.0
2023-11-09 13:30:00-05:00,19.300100326538086,19.300100326538086,19.25,19.25,2250,0.0,0.0,0.0
2023-11-09 15:30:00-05:00,19.139799118041992,19.139799118041992,19.09000015258789,19.09000015258789,0,0.0,0.0,0.0
2023-11-10 09:30:00-05:00,19.252500534057617,19.252500534057617,19.239999771118164,19.239999771118164,1284,0.0,0.0,0.0
2023-11-10 10:30:00-05:00,19.219999313354492,19.42449951171875,19.219999313354492,19.42449951171875,414,0.0,0.0,0.0
2023-11-10 11:30:00-05:00,19.31089973449707,19.360000610351562,19.31089973449707,19.360000610351562,351,0.0,0.0,0.0
2023-11-10 12:30:00-05:00,19.3700008392334,19.420000076293945,19.3700008392334,19.399999618530273,900,0.0,0.0,0.0
2023-11-10 13:30:00-05:00,19.450000762939453,19.530000686645508,19.450000762939453,19.530000686645508,2001,0.0,0.0,0.0
2023-11-10 14:30:00-05:00,19.489999771118164,19.529600143432617,19.479999542236328,19.51099967956543,1949,0.0,0.0,0.0
2023-11-10 15:30:00-05:00,19.518999099731445,19.549999237060547,19.51099967956543,19.530000686645508,2408,0.0,0.0,0.0
2023-11-13 09:30:00-05:00,19.5,19.5,19.423599243164062,19.423599243164062,2635,0.0,0.0,0.0
2023-11-13 10:30:00-05:00,19.559999465942383,19.559999465942383,19.559999465942383,19.559999465942383,581,0.0,0.0,0.0
2023-11-13 12:30:00-05:00,19.5,19.56999969482422,19.490100860595703,19.490100860595703,4201,0.0,0.0,0.0
2023-11-13 13:30:00-05:00,19.5,19.5216007232666,19.5,19.5216007232666,999,0.0,0.0,0.0
2023-11-13 14:30:00-05:00,19.520000457763672,19.53499984741211,19.520000457763672,19.53499984741211,2498,0.0,0.0,0.0
2023-11-13 15:30:00-05:00,19.5,19.549999237060547,19.5,19.52519989013672,791,0.0,0.0,0.0
2023-11-14 09:30:00-05:00,20.049999237060547,20.125,19.990100860595703,19.990100860595703,4632,0.0,0.0,0.0
2023-11-14 10:30:00-05:00,20.19930076599121,20.199899673461914,20.1299991607666,20.149999618530273,4844,0.0,0.0,0.0
2023-11-14 11:30:00-05:00,20.190000534057617,20.200000762939453,20.100000381469727,20.100000381469727,3485,0.0,0.0,0.0
2023-11-14 12:30:00-05:00,20.110000610351562,20.229999542236328,20.109899520874023,20.229999542236328,2296,0.0,0.0,0.0
2023-11-14 13:30:00-05:00,20.209999084472656,20.209999084472656,20.138500213623047,20.170000076293945,3827,0.0,0.0,0.0
2023-11-14 14:30:00-05:00,20.139999389648438,20.219999313354492,20.139999389648438,20.206100463867188,1411,0.0,0.0,0.0
2023-11-14 15:30:00-05:00,20.219999313354492,20.288700103759766,20.219900131225586,20.257999420166016,0,0.0,0.0,0.0
2023-11-15 09:30:00-05:00,20.229999542236328,20.38960075378418,20.229999542236328,20.340099334716797,1924,0.0,0.0,0.0
2023-11-15 10:30:00-05:00,20.450000762939453,20.479000091552734,20.309999465942383,20.469200134277344,11166,0.0,0.0,0.0
2023-11-15 11:30:00-05:00,20.34000015258789,20.34000015258789,20.275699615478516,20.275699615478516,2797,0.0,0.0,0.0
2023-11-15 12:30:00-05:00,20.274999618530273,20.274999618530273,20.15999984741211,20.15999984741211,1417,0.0,0.0,0.0
2023-11-15 13:30:00-05:00,20.196300506591797,20.239900588989258,20.190000534057617,20.209999084472656,2663,0.0,0.0,0.0
2023-11-15 14:30:00-05:00,20.280000686645508,20.280000686645508,20.279499053955078,20.279499053955078,1293,0.0,0.0,0.0
2023-11-15 15:30:00-05:00,20.215700149536133,20.229999542236328,20.17799949645996,20.17799949645996,0,0.0,0.0,0.0
2023-11-16 09:30:00-05:00,20.139999389648438,20.17009925842285,20.139999389648438,20.17009925842285,2198,0.0,0.0,0.0
2023-11-16 10:30:00-05:00,20.1299991607666,20.1299991607666,20.084699630737305,20.084699630737305,3185,0.0,0.0,0.0
2023-11-16 11:30:00-05:00,20.020000457763672,20.020000457763672,20.019899368286133,20.019899368286133,244,0.0,0.0,0.0
2023-11-16 12:30:00-05:00,20.049999237060547,20.049999237060547,20.03569984436035,20.03569984436035,408,0.0,0.0,0.0
2023-11-16 13:30:00-05:00,20.079999923706055,20.079999923706055,19.989999771118164,20.020999908447266,1460,0.0,0.0,0.0
2023-11-16 14:30:00-05:00,20.010000228881836,20.06999969482422,20.010000228881836,20.049999237060547,3591,0.0,0.0,0.0
2023-11-16 15:30:00-05:00,20.049999237060547,20.08009910583496,20.049999237060547,20.08009910583496,333,0.0,0.0,0.0
2023-11-17 09:30:00-05:00,20.030000686645508,20.030000686645508,20.030000686645508,20.030000686645508,0,0.0,0.0,0.0
2023-11-17 10:30:00-05:00,20.170000076293945,20.170000076293945,20.150699615478516,20.150699615478516,882,0.0,0.0,0.0
2023-11-17 11:30:00-05:00,20.139999389648438,20.225000381469727,20.139999389648438,20.225000381469727,1746,0.0,0.0,0.0
2023-11-17 12:30:00-05:00,20.160999298095703,20.190000534057617,20.160999298095703,20.190000534057617,2519,0.0,0.0,0.0
2023-11-17 13:30:00-05:00,20.190000534057617,20.209999084472656,20.190000534057617,20.209999084472656,2512,0.0,0.0,0.0
2023-11-17 14:30:00-05:00,20.19969940185547,20.223499298095703,20.190000534057617,20.223499298095703,703,0.0,0.0,0.0
2023-11-17 15:30:00-05:00,20.190000534057617,20.19890022277832,20.1299991607666,20.19890022277832,1379,0.0,0.0,0.0
2023-11-20 09:30:00-05:00,20.19890022277832,20.350000381469727,20.19890022277832,20.350000381469727,0,0.0,0.0,0.0
2023-11-20 10:30:00-05:00,20.409900665283203,20.409900665283203,20.3799991607666,20.3799991607666,1693,0.0,0.0,0.0
2023-11-20 11:30:00-05:00,20.459999084472656,20.479999542236328,20.459999084472656,20.479999542236328,441,0.0,0.0,0.0
2023-11-20 12:30:00-05:00,20.520000457763672,20.600000381469727,20.5,20.5,2057,0.0,0.0,0.0
2023-11-20 13:30:00-05:00,20.540000915527344,20.540000915527344,20.479999542236328,20.479999542236328,924,0.0,0.0,0.0
2023-11-20 14:30:00-05:00,20.530399322509766,20.530399322509766,20.490100860595703,20.500499725341797,1859,0.0,0.0,0.0
2023-11-21 09:30:00-05:00,20.489999771118164,20.49839973449707,20.355499267578125,20.3700008392334,1093,0.0,0.0,0.0
2023-11-21 11:30:00-05:00,20.399999618530273,20.479999542236328,20.399999618530273,20.479999542236328,675,0.0,0.0,0.0
2023-11-21 12:30:00-05:00,20.390100479125977,20.559999465942383,20.389999389648438,20.49880027770996,11186,0.0,0.0,0.0
2023-11-21 13:30:00-05:00,20.42970085144043,20.489999771118164,20.42970085144043,20.489999771118164,2720,0.0,0.0,0.0
2023-11-21 14:30:00-05:00,20.510000228881836,20.510000228881836,20.389999389648438,20.389999389648438,378,0.0,0.0,0.0
2023-11-21 15:30:00-05:00,20.510000228881836,20.510000228881836,20.510000228881836,20.510000228881836,408,0.0,0.0,0.0
2023-11-22 09:30:00-05:00,20.75,20.75,20.510000228881836,20.510000228881836,0,0.0,0.0,0.0
2023-11-22 10:30:00-05:00,20.594999313354492,20.599899291992188,20.56999969482422,20.575000762939453,726,0.0,0.0,0.0
2023-11-22 11:30:00-05:00,20.639999389648438,20.649999618530273,20.600000381469727,20.600000381469727,1889,0.0,0.0,0.0
2023-11-22 12:30:00-05:00,20.614999771118164,20.639999389648438,20.614999771118164,20.62619972229004,1189,0.0,0.0,0.0
2023-11-22 13:30:00-05:00,20.610000610351562,20.639999389648438,20.610000610351562,20.610000610351562,5237,0.0,0.0,0.0
2023-11-22 14:30:00-05:00,20.600000381469727,20.600000381469727,20.600000381469727,20.600000381469727,214,0.0,0.0,0.0
2023-11-22 15:30:00-05:00,20.4950008392334,20.52199935913086,20.4950008392334,20.52199935913086,338,0.0,0.0,0.0
2023-11-24 09:30:00-05:00,20.57900047302246,20.59000015258789,20.57900047302246,20.59000015258789,0,0.0,0.0,0.0
2023-11-24 10:30:00-05:00,20.549999237060547,20.56999969482422,20.540000915527344,20.560100555419922,2217,0.0,0.0,0.0
2023-11-24 11:30:00-05:00,20.559999465942383,20.58009910583496,20.559999465942383,20.56999969482422,1991,0.0,0.0,0.0
2023-11-24 12:30:00-05:00,20.56730079650879,20.60219955444336,20.56730079650879,20.60219955444336,125,0.0,0.0,0.0
2023-11-27 09:30:00-05:00,20.6299991607666,20.685300827026367,20.510099411010742,20.649999618530273,533,0.0,0.0,0.0
2023-11-27 10:30:00-05:00,20.69729995727539,20.69729995727539,20.69729995727539,20.69729995727539,2704,0.0,0.0,0.0
2023-11-27 11:30:00-05:00,20.646400451660156,20.646400451660156,20.6200008392334,20.6200008392334,411,0.0,0.0,0.0
2023-11-27 12:30:00-05:00,20.72949981689453,20.72949981689453,20.686599731445312,20.71540069580078,1808,0.0,0.0,0.0
2023-11-27 13:30:00-05:00,20.65999984741211,20.65999984741211,20.65999984741211,20.65999984741211,417,0.0,0.0,0.0
2023-11-27 14:30:00-05:00,20.649999618530273,20.649999618530273,20.600000381469727,20.600000381469727,975,0.0,0.0,0.0
2023-11-27 15:30:00-05:00,20.645000457763672,20.645000457763672,20.645000457763672,20.645000457763672,109,0.0,0.0,0.0
2023-11-28 09:30:00-05:00,20.549999237060547,20.604999542236328,20.5,20.604999542236328,0,0.0,0.0,0.0
2023-11-28 10:30:00-05:00,20.600099563598633,20.706499099731445,20.600099563598633,20.706499099731445,556,0.0,0.0,0.0
2023-11-28 11:30:00-05:00,20.719999313354492,20.78230094909668,20.710500717163086,20.78230094909668,4437,0.0,0.0,0.0
2023-11-28 12:30:00-05:00,20.7549991607666,20.799999237060547,20.70949935913086,20.729900360107422,13035,0.0,0.0,0.0
2023-11-28 13:30:00-05:00,20.729999542236328,20.729999542236328,20.72800064086914,20.72800064086914,1533,0.0,0.0,0.0
2023-11-28 14:30:00-05:00,20.729999542236328,20.739999771118164,20.729999542236328,20.739999771118164,602,0.0,0.0,0.0
2023-11-28 15:30:00-05:00,20.74850082397461,20.74850082397461,20.74850082397461,20.74850082397461,440,0.0,0.0,0.0
2023-11-29 09:30:00-05:00,20.950000762939453,21.350000381469727,20.950000762939453,21.260000228881836,0,0.0,0.0,0.0
2023-11-29 10:30:00-05:00,21.24850082397461,21.309999465942383,21.200000762939453,21.209699630737305,2898,0.0,0.0,0.0
2023-11-29 11:30:00-05:00,21.294599533081055,21.34000015258789,21.294599533081055,21.29960060119629,5001,0.0,0.0,0.0
2023-11-29 12:30:00-05:00,21.31100082397461,21.36989974975586,21.23080062866211,21.29990005493164,12063,0.0,0.0,0.0
2023-11-29 13:30:00-05:00,21.210800170898438,21.32939910888672,21.210800170898438,21.281999588012695,13234,0.0,0.0,0.0
2023-11-29 14:30:00-05:00,21.309999465942383,21.309999465942383,21.239999771118164,21.281999588012695,1398,0.0,0.0,0.0
2023-11-29 15:30:00-05:00,21.20989990234375,21.20989990234375,21.180200576782227,21.180200576782227,4357,0.0,0.0,0.0
2023-11-30 09:30:00-05:00,21.389999389648438,21.47879981994629,21.210899353027344,21.210899353027344,0,0.0,0.0,0.0
2023-11-30 10:30:00-05:00,21.219999313354492,21.229999542236328,21.000200271606445,21.079999923706055,19751,0.0,0.0,0.0
2023-11-30 11:30:00-05:00,21.059999465942383,21.128799438476562,21.049999237060547,21.049999237060547,1428,0.0,0.0,0.0
2023-11-30 12:30:00-05:00,21.11440086364746,21.13990020751953,21.11440086364746,21.13990020751953,2137,0.0,0.0,0.0
2023-11-30 13:30:00-05:00,21.109699249267578,21.109699249267578,21.109699249267578,21.109699249267578,1613,0.0,0.0,0.0
2023-11-30 14:30:00-05:00,21.170000076293945,21.237499237060547,21.16990089416504,21.237499237060547,4203,0.0,0.0,0.0
2023-12-01 09:30:00-05:00,21.3799991607666,21.57990074157715,21.3799991607666,21.499900817871094,0,0.0,0.0,0.0
2023-12-01 10:30:00-05:00,21.540000915527344,21.660900115966797,21.489999771118164,21.59000015258789,2950,0.0,0.0,0.0
2023-12-01 11:30:00-05:00,21.6299991607666,21.700000762939453,21.6299991607666,21.69809913635254,2909,0.0,0.0,0.0
2023-12-01 12:30:00-05:00,21.75,21.812000274658203,21.75,21.77989959716797,5241,0.0,0.0,0.0
2023-12-01 13:30:00-05:00,21.739999771118164,21.82990074157715,21.709999084472656,21.82990074157715,2313,0.0,0.0,0.0
2023-12-01 14:30:00-05:00,21.800399780273438,21.81999969482422,21.791200637817383,21.81999969482422,6062,0.0,0.0,0.0
2023-12-01 15:30:00-05:00,21.84280014038086,21.848499298095703,21.84280014038086,21.848499298095703,615,0.0,0.0,0.0
2023-12-04 09:30:00-05:00,21.670000076293945,21.709999084472656,21.56999969482422,21.579999923706055,4767,0.0,0.0,0.0
2023-12-04 10:30:00-05:00,21.5,21.57990074157715,21.489999771118164,21.57990074157715,2086,0.0,0.0,0.0
2023-12-04 11:30:00-05:00,21.57990074157715,21.57990074157715,21.57990074157715,21.57990074157715,1685,0.0,0.0,0.0
2023-12-04 12:30:00-05:00,21.639999389648438,21.639999389648438,21.639999389648438,21.639999389648438,602,0.0,0.0,0.0
2023-12-04 13:30:00-05:00,21.639999389648438,21.639999389648438,21.600000381469727,21.600000381469727,1241,0.0,0.0,0.0
2023-12-04 14:30:00-05:00,21.639999389648438,21.715099334716797,21.59000015258789,21.71500015258789,2700,0.0,0.0,0.0
2023-12-04 15:30:00-05:00,21.70560073852539,21.75,21.690000534057617,21.739900588989258,4909,0.0,0.0,0.0
2023-12-05 09:30:00-05:00,21.700000762939453,21.778400421142578,21.58989906311035,21.690000534057617,23772,0.0,0.0,0.0
2023-12-05 10:30:00-05:00,21.649999618530273,21.709999084472656,21.596399307250977,21.596399307250977,15578,0.0,0.0,0.0
2023-12-05 11:30:00-05:00,21.598800659179688,21.598800659179688,21.54680061340332,21.54680061340332,1003,0.0,0.0,0.0
2023-12-05 12:30:00-05:00,21.524999618530273,21.639999389648438,21.524999618530273,21.639999389648438,752,0.0,0.0,0.0
2023-12-05 13:30:00-05:00,21.6200008392334,21.68000030517578,21.594999313354492,21.663799285888672,4393,0.0,0.0,0.0
2023-12-05 14:30:00-05:00,21.65999984741211,21.729999542236328,21.65999984741211,21.719999313354492,2724,0.0,0.0,0.0
2023-12-05 15:30:00-05:00,21.709999084472656,21.739999771118164,21.690000534057617,21.729999542236328,0,0.0,0.0,0.0
2023-12-06 09:30:00-05:00,21.717100143432617,21.7810001373291,21.639999389648438,21.780000686645508,6953,0.0,0.0,0.0
2023-12-06 10:30:00-05:00,21.70989990234375,21.70989990234375,21.690000534057617,21.690000534057617,878,0.0,0.0,0.0
2023-12-06 11:30:00-05:00,21.68000030517578,21.699600219726562,21.68000030517578,21.699600219726562,548,0.0,0.0,0.0
2023-12-06 12:30:00-05:00,21.69420051574707,21.69420051574707,21.68000030517578,21.68000030517578,1093,0.0,0.0,0.0
2023-12-06 13:30:00-05:00,21.559999465942383,21.589399337768555,21.540000915527344,21.54010009765625,1565,0.0,0.0,0.0
2023-12-06 14:30:00-05:00,21.56999969482422,21.56999969482422,21.549999237060547,21.549999237060547,858,0.0,0.0,0.0
2023-12-06 15:30:00-05:00,21.450000762939453,21.450000762939453,21.440500259399414,21.440500259399414,260,0.0,0.0,0.0
2023-12-07 09:30:00-05:00,21.510000228881836,21.510000228881836,21.395000457763672,21.459999084472656,0,0.0,0.0,0.0
2023-12-07 10:30:00-05:00,21.524999618530273,21.524999618530273,21.399999618530273,21.399999618530273,19666,0.0,0.0,0.0
2023-12-07 11:30:00-05:00,21.420000076293945,21.499900817871094,21.420000076293945,21.489900588989258,2391,0.0,0.0,0.0
2023-12-07 12:30:00-05:00,21.519899368286133,21.519899368286133,21.420000076293945,21.420000076293945,935,0.0,0.0,0.0
2023-12-07 13:30:00-05:00,21.420000076293945,21.420000076293945,21.420000076293945,21.420000076293945,523,0.0,0.0,0.0
2023-12-07 14:30:00-05:00,21.50629997253418,21.50629997253418,21.50629997253418,21.50629997253418,149,0.0,0.0,0.0
2023-12-07 15:30:00-05:00,21.510000228881836,21.510000228881836,21.5,21.5,822,0.0,0.0,0.0
2023-12-08 09:30:00-05:00,21.399999618530273,21.728700637817383,21.399999618530273,21.649999618530273,0,0.0,0.0,0.0
2023-12-08 10:30:00-05:00,21.68000030517578,21.683000564575195,21.550100326538086,21.560100555419922,5842,0.0,0.0,0.0
2023-12-08 11:30:00-05:00,21.599700927734375,21.649999618530273,21.599700927734375,21.6299991607666,882,0.0,0.0,0.0
2023-12-08 12:30:00-05:00,21.654399871826172,21.718900680541992,21.654399871826172,21.718900680541992,597,0.0,0.0,0.0
2023-12-08 13:30:00-05:00,21.639999389648438,21.75,21.639999389648438,21.73870086669922,2573,0.0,0.0,0.0
2023-12-08 14:30:00-05:00,21.780000686645508,21.780000686645508,21.729999542236328,21.729999542236328,2188,0.0,0.0,0.0
2023-12-08 15:30:00-05:00,21.75,21.780000686645508,21.709999084472656,21.780000686645508,2987,0.0,0.0,0.0
2023-12-11 09:30:00-05:00,21.739999771118164,21.899999618530273,21.739999771118164,21.868099212646484,0,0.0,0.0,0.0
2023-12-11 10:30:00-05:00,21.860000610351562,21.865800857543945,21.790000915527344,21.790000915527344,992,0.0,0.0,0.0
2023-12-11 11:30:00-05:00,21.815000534057617,21.899900436401367,21.815000534057617,21.899900436401367,1100,0.0,0.0,0.0
2023-12-11 12:30:00-05:00,21.899999618530273,21.950000762939453,21.8799991607666,21.8799991607666,5734,0.0,0.0,0.0
2023-12-11 14:30:00-05:00,21.899999618530273,21.899999618530273,21.888999938964844,21.899999618530273,511,0.0,0.0,0.0
2023-12-11 15:30:00-05:00,21.8700008392334,21.8700008392334,21.8700008392334,21.8700008392334,320,0.0,0.0,0.0
2023-12-12 09:30:00-05:00,21.90999984741211,21.90999984741211,21.709999084472656,21.89699935913086,0,0.0,0.0,0.0
2023-12-12 10:30:00-05:00,21.809999465942383,21.850000381469727,21.800100326538086,21.850000381469727,1155,0.0,0.0,0.0
2023-12-12 11:30:00-05:00,21.850000381469727,21.850000381469727,21.799999237060547,21.799999237060547,2649,0.0,0.0,0.0
2023-12-12 12:30:00-05:00,21.75,21.859899520874023,21.75,21.809999465942383,6515,0.0,0.0,0.0
2023-12-12 13:30:00-05:00,21.81999969482422,21.880599975585938,21.81999969482422,21.850000381469727,1337,0.0,0.0,0.0
2023-12-12 14:30:00-05:00,21.86870002746582,21.93000030517578,21.854999542236328,21.915000915527344,2616,0.0,0.0,0.0
2023-12-12 15:30:00-05:00,21.899999618530273,21.915300369262695,21.8799991607666,21.8799991607666,3046,0.0,0.0,0.0
2023-12-13 09:30:00-05:00,21.93000030517578,21.93000030517578,21.815000534057617,21.815000534057617,1134,0.0,0.0,0.0
2023-12-13 10:30:00-05:00,21.825000762939453,21.829999923706055,21.825000762939453,21.82990074157715,5159,0.0,0.0,0.0
2023-12-13 11:30:00-05:00,21.829999923706055,21.83690071105957,21.799999237060547,21.799999237060547,1622,0.0,0.0,0.0
2023-12-13 12:30:00-05:00,21.780000686645508,21.780099868774414,21.780000686645508,21.780099868774414,759,0.0,0.0,0.0
2023-12-13 13:30:00-05:00,21.780899047851562,21.999900817871094,21.780899047851562,21.979700088500977,4327,0.0,0.0,0.0
2023-12-13 14:30:00-05:00,21.979999542236328,22.180099487304688,21.979900360107422,22.146900177001953,2160,0.0,0.0,0.0
2023-12-13 15:30:00-05:00,22.150999069213867,22.254100799560547,22.139999389648438,22.254100799560547,966,0.0,0.0,0.0
2023-12-14 09:30:00-05:00,22.40999984741211,22.479999542236328,22.357099533081055,22.389999389648438,7044,0.0,0.0,0.0
2023-12-14 10:30:00-05:00,22.389999389648438,22.389999389648438,22.240100860595703,22.240100860595703,5219,0.0,0.0,0.0
2023-12-14 11:30:00-05:00,22.270000457763672,22.429500579833984,22.270000457763672,22.420000076293945,5940,0.0,0.0,0.0
2023-12-14 12:30:00-05:00,22.420000076293945,22.420000076293945,22.290000915527344,22.315000534057617,2789,0.0,0.0,0.0
2023-12-14 13:30:00-05:00,22.31089973449707,22.31089973449707,22.25,22.295000076293945,2346,0.0,0.0,0.0
2023-12-14 14:30:00-05:00,22.30970001220703,22.399999618530273,22.30970001220703,22.379499435424805,3494,0.0,0.0,0.0
2023-12-14 15:30:00-05:00,22.33839988708496,22.33839988708496,22.31999969482422,22.31999969482422,923,0.0,0.0,0.0
2023-12-15 09:30:00-05:00,22.459999084472656,22.459999084472656,22.302499771118164,22.43670082092285,0,0.0,0.0,0.0
2023-12-15 10:30:00-05:00,22.479999542236328,22.479999542236328,22.450000762939453,22.450000762939453,7616,0.0,0.0,0.0
2023-12-15 11:30:00-05:00,22.50979995727539,22.50979995727539,22.420000076293945,22.420000076293945,8848,0.0,0.0,0.0
2023-12-15 12:30:00-05:00,22.434999465942383,22.440000534057617,22.33009910583496,22.3799991607666,4564,0.0,0.0,0.0
2023-12-15 13:30:00-05:00,22.379600524902344,22.379600524902344,22.329999923706055,22.33989906311035,5706,0.0,0.0,0.0
2023-12-15 14:30:00-05:00,22.354999542236328,22.354999542236328,22.31999969482422,22.31999969482422,262,0.0,0.0,0.0
2023-12-15 15:30:00-05:00,22.375,22.459999084472656,22.36669921875,22.459999084472656,4834,0.0,0.0,0.0
2023-12-18 09:30:00-05:00,22.420000076293945,22.548900604248047,22.40999984741211,22.440000534057617,0,0.0,0.0,0.0
2023-12-18 10:30:00-05:00,22.4591007232666,22.469999313354492,22.364999771118164,22.449899673461914,2371,0.0,0.0,0.0
2023-12-18 11:30:00-05:00,22.47559928894043,22.514699935913086,22.460100173950195,22.460100173950195,3914,0.0,0.0,0.0
2023-12-18 12:30:00-05:00,22.52910041809082,22.569599151611328,22.469999313354492,22.559999465942383,5439,0.0,0.0,0.0
2023-12-18 13:30:00-05:00,22.56999969482422,22.63990020751953,22.56999969482422,22.63990020751953,13385,0.0,0.0,0.0
2023-12-18 14:30:00-05:00,22.530000686645508,22.615100860595703,22.530000686645508,22.59000015258789,2399,0.0,0.0,0.0
2023-12-18 15:30:00-05:00,22.540000915527344,22.579999923706055,22.540000915527344,22.54669952392578,0,0.0,0.0,0.0
2023-12-19 09:30:00-05:00,22.639999389648438,22.723100662231445,22.600000381469727,22.600000381469727,9293,0.0,0.0,0.0
2023-12-19 10:30:00-05:00,22.699199676513672,22.700000762939453,22.649999618530273,22.67799949645996,7501,0.0,0.0,0.0
2023-12-19 11:30:00-05:00,22.700000762939453,22.700000762939453,22.600000381469727,22.609899520874023,2252,0.0,0.0,0.0
2023-12-19 12:30:00-05:00,22.615699768066406,22.65999984741211,22.615699768066406,22.619600296020508,2819,0.0,0.0,0.0
2023-12-19 13:30:00-05:00,22.63610076904297,22.659900665283203,22.6343994140625,22.64189910888672,6130,0.0,0.0,0.0
2023-12-19 14:30:00-05:00,22.646499633789062,22.670000076293945,22.636699676513672,22.66990089416504,3701,0.0,0.0,0.0
2023-12-19 15:30:00-05:00,22.65999984741211,22.669599533081055,22.639999389648438,22.639999389648438,3371,0.0,0.0,0.0
2023-12-20 09:30:00-05:00,22.639999389648438,22.639999389648438,22.549999237060547,22.639999389648438,0,0.0,0.0,0.0
2023-12-20 10:30:00-05:00,22.65999984741211,22.679899215698242,22.6200008392334,22.639999389648438,3832,0.0,0.0,0.0
2023-12-20 11:30:00-05:00,22.639999389648438,22.670000076293945,22.639999389648438,22.649999618530273,2258,0.0,0.0,0.0
2023-12-20 12:30:00-05:00,22.6299991607666,22.719999313354492,22.625,22.700000762939453,13570,0.0,0.0,0.0
2023-12-20 13:30:00-05:00,22.700000762939453,22.709999084472656,22.65999984741211,22.65999984741211,7675,0.0,0.0,0.0
2023-12-20 14:30:00-05:00,22.6200008392334,22.625,22.315000534057617,22.3700008392334,7882,0.0,0.0,0.0
2023-12-20 15:30:00-05:00,22.350000381469727,22.360000610351562,22.270000457763672,22.270000457763672,3037,0.0,0.0,0.0
2023-12-21 09:30:00-05:00,22.420000076293945,22.579999923706055,22.4153995513916,22.520000457763672,0,0.0,0.0,0.0
2023-12-21 10:30:00-05:00,22.47949981689453,22.47949981689453,22.427900314331055,22.449199676513672,5653,0.0,0.0,0.0
2023-12-21 11:30:00-05:00,22.5,22.5,22.440000534057617,22.450000762939453,1685,0.0,0.0,0.0
2023-12-21 12:30:00-05:00,22.459999084472656,22.479999542236328,22.440000534057617,22.479900360107422,12153,0.0,0.0,0.0
2023-12-21 13:30:00-05:00,22.509700775146484,22.520000457763672,22.450000762939453,22.520000457763672,5894,0.0,0.0,0.0
2023-12-21 14:30:00-05:00,22.520000457763672,22.6200008392334,22.489999771118164,22.6200008392334,2712,0.0,0.0,0.0
2023-12-21 15:30:00-05:00,22.6200008392334,22.68000030517578,22.6200008392334,22.65999984741211,900,0.0,0.0,0.0
2023-12-22 09:30:00-05:00,22.770000457763672,22.770000457763672,22.65999984741211,22.665000915527344,0,0.0,0.0,0.0
2023-12-22 10:30:00-05:00,22.690000534057617,22.690000534057617,22.584999084472656,22.584999084472656,9550,0.0,0.0,0.0
2023-12-22 11:30:00-05:00,22.629600524902344,22.629600524902344,22.607500076293945,22.607500076293945,909,0.0,0.0,0.0
2023-12-22 12:30:00-05:00,22.59000015258789,22.65999984741211,22.559999465942383,22.65999984741211,2626,0.0,0.0,0.0
2023-12-22 13:30:00-05:00,22.600000381469727,22.659900665283203,22.579999923706055,22.584999084472656,6035,0.0,0.0,0.0
2023-12-22 14:30:00-05:00,22.549999237060547,22.606199264526367,22.520000457763672,22.606199264526367,544,0.0,0.0,0.0
2023-12-26 09:30:00-05:00,22.709999084472656,22.799999237060547,22.6299991607666,22.77989959716797,4371,0.0,0.0,0.0
2023-12-26 10:30:00-05:00,22.70599937438965,22.770000457763672,22.6200008392334,22.67889976501465,4679,0.0,0.0,0.0
2023-12-26 11:30:00-05:00,22.67959976196289,22.729900360107422,22.67959976196289,22.714599609375,5672,0.0,0.0,0.0
2023-12-26 12:30:00-05:00,22.719999313354492,22.73979949951172,22.68000030517578,22.700000762939453,1768,0.0,0.0,0.0
2023-12-26 13:30:00-05:00,22.744400024414062,22.779699325561523,22.700000762939453,22.709999084472656,5674,0.0,0.0,0.0
2023-12-26 14:30:00-05:00,22.775299072265625,22.81999969482422,22.719999313354492,22.81999969482422,7472,0.0,0.0,0.0
2023-12-26 15:30:00-05:00,22.875,22.875,22.770000457763672,22.80500030517578,719,0.0,0.0,0.0
2023-12-27 09:30:00-05:00,22.81999969482422,22.827600479125977,22.729999542236328,22.760000228881836,0,0.0,0.0,0.0
2023-12-27 10:30:00-05:00,22.729999542236328,22.75749969482422,22.729999542236328,22.739900588989258,5001,0.0,0.0,0.0
2023-12-27 11:30:00-05:00,22.77989959716797,22.790000915527344,22.75,22.75,3136,0.0,0.0,0.0
2023-12-27 12:30:00-05:00,22.780000686645508,22.817800521850586,22.760499954223633,22.817800521850586,4483,0.0,0.0,0.0
2023-12-27 13:30:00-05:00,22.792600631713867,22.792600631713867,22.729999542236328,22.730100631713867,2562,0.0,0.0,0.0
2023-12-27 14:30:00-05:00,22.765399932861328,22.765399932861328,22.765399932861328,22.765399932861328,647,0.0,0.0,0.0
2023-12-27 15:30:00-05:00,22.780000686645508,22.780000686645508,22.729999542236328,22.780000686645508,1956,0.0,0.0,0.0
2023-12-28 09:30:00-05:00,22.780000686645508,22.780000686645508,22.7549991607666,22.779499053955078,0,0.0,0.0,0.0
2023-12-28 10:30:00-05:00,22.780000686645508,22.850000381469727,22.780000686645508,22.799999237060547,10197,0.0,0.0,0.0
2023-12-28 11:30:00-05:00,22.860000610351562,22.878700256347656,22.83169937133789,22.868600845336914,2191,0.0,0.0,0.0
2023-12-28 12:30:00-05:00,22.847299575805664,22.8700008392334,22.84510040283203,22.86989974975586,795,0.0,0.0,0.0
2023-12-28 13:30:00-05:00,22.799999237060547,22.799999237060547,22.799999237060547,22.799999237060547,168,0.0,0.0,0.0
2023-12-28 14:30:00-05:00,22.814800262451172,22.81999969482422,22.814800262451172,22.81999969482422,901,0.0,0.0,0.0
2023-12-28 15:30:00-05:00,22.80500030517578,22.850000381469727,22.780000686645508,22.789600372314453,4790,0.0,0.0,0.0
2023-12-29 09:30:00-05:00,22.940000534057617,22.940000534057617,22.709999084472656,22.764999389648438,0,0.0,0.0,0.0
2023-12-29 10:30:00-05:00,22.729999542236328,22.779800415039062,22.540000915527344,22.540000915527344,7539,0.0,0.0,0.0
2023-12-29 11:30:00-05:00,22.540000915527344,22.6294002532959,22.540000915527344,22.579999923706055,1820,0.0,0.0,0.0
2023-12-29 12:30:00-05:00,22.59000015258789,22.6299991607666,22.579999923706055,22.625200271606445,2129,0.0,0.0,0.0
2023-12-29 13:30:00-05:00,22.690000534057617,22.690000534057617,22.61009979248047,22.649999618530273,3531,0.0,0.0,0.0
2023-12-29 14:30:00-05:00,22.65999984741211,22.66990089416504,22.610000610351562,22.649999618530273,3903,0.0,0.0,0.0
2023-12-29 15:30:00-05:00,22.625,22.6299991607666,22.540000915527344,22.59000015258789,3293,0.0,0.0,0.0
2024-01-02 09:30:00-05:00,22.5,22.5,22.0,22.010000228881836,0,0.0,0.0,0.0
2024-01-02 10:30:00-05:00,21.959999084472656,22.059999465942383,21.899999618530273,22.042999267578125,16798,0.0,0.0,0.0
2024-01-02 11:30:00-05:00,22.110000610351562,22.159000396728516,22.079999923706055,22.079999923706055,1288,0.0,0.0,0.0
2024-01-02 12:30:00-05:00,22.030000686645508,22.030000686645508,22.010000228881836,22.030000686645508,613,0.0,0.0,0.0
2024-01-02 13:30:00-05:00,22.010000228881836,22.030000686645508,21.989999771118164,21.989999771118164,2077,0.0,0.0,0.0
2024-01-02 14:30:00-05:00,21.979999542236328,21.979999542236328,21.900999069213867,21.94379997253418,2866,0.0,0.0,0.0
2024-01-02 15:30:00-05:00,21.934999465942383,22.018999099731445,21.8700008392334,22.018999099731445,9300,0.0,0.0,0.0
2024-01-03 09:30:00-05:00,21.84000015258789,21.84000015258789,21.649999618530273,21.684799194335938,0,0.0,0.0,0.0
2024-01-03 10:30:00-05:00,21.670000076293945,21.729999542236328,21.670000076293945,21.729999542236328,500,0.0,0.0,0.0
2024-01-03 11:30:00-05:00,21.709699630737305,21.709699630737305,21.613800048828125,21.65999984741211,3014,0.0,0.0,0.0
2024-01-03 12:30:00-05:00,21.670000076293945,21.68000030517578,21.6299991607666,21.674800872802734,1320,0.0,0.0,0.0
2024-01-03 13:30:00-05:00,21.68000030517578,21.68000030517578,21.59000015258789,21.59000015258789,3628,0.0,0.0,0.0
2024-01-03 14:30:00-05:00,21.6299991607666,21.68000030517578,21.559999465942383,21.56999969482422,2018,0.0,0.0,0.0
2024-01-03 15:30:00-05:00,21.604999542236328,21.604999542236328,21.56999969482422,21.579999923706055,0,0.0,0.0,0.0
2024-01-04 09:30:00-05:00,21.540000915527344,22.110000610351562,21.420000076293945,21.596900939941406,7807,0.0,0.0,0.0
2024-01-04 10:30:00-05:00,21.59000015258789,21.59000015258789,21.59000015258789,21.59000015258789,782,0.0,0.0,0.0
2024-01-04 11:30:00-05:00,21.579999923706055,21.579999923706055,21.579999923706055,21.579999923706055,373,0.0,0.0,0.0
2024-01-04 12:30:00-05:00,21.589099884033203,21.6200008392334,21.589099884033203,21.610000610351562,2852,0.0,0.0,0.0
2024-01-04 13:30:00-05:00,21.610000610351562,21.6200008392334,21.600000381469727,21.600299835205078,2581,0.0,0.0,0.0
2024-01-04 14:30:00-05:00,21.600000381469727,21.610700607299805,21.579999923706055,21.610700607299805,9765,0.0,0.0,0.0
2024-01-04 15:30:00-05:00,21.6200008392334,21.6200008392334,21.520000457763672,21.520000457763672,628,0.0,0.0,0.0
2024-01-05 09:30:00-05:00,21.5,21.703500747680664,21.5,21.703500747680664,974,0.0,0.0,0.0
2024-01-05 10:30:00-05:00,21.722999572753906,21.722999572753906,21.639999389648438,21.639999389648438,1888,0.0,0.0,0.0
2024-01-05 11:30:00-05:00,21.62649917602539,21.62649917602539,21.56999969482422,21.56999969482422,1898,0.0,0.0,0.0
2024-01-05 12:30:00-05:00,21.53730010986328,21.53730010986328,21.53730010986328,21.53730010986328,429,0.0,0.0,0.0
2024-01-05 13:30:00-05:00,21.600000381469727,21.600000381469727,21.600000381469727,21.600000381469727,429,0.0,0.0,0.0
2024-01-05 14:30:00-05:00,21.510000228881836,21.510000228881836,21.510000228881836,21.510000228881836,200,0.0,0.0,0.0
2024-01-05 15:30:00-05:00,21.5,21.524799346923828,21.5,21.524799346923828,538,0.0,0.0,0.0
2024-01-08 09:30:00-05:00,21.649999618530273,21.950000762939453,21.649999618530273,21.950000762939453,0,0.0,0.0,0.0
2024-01-08 10:30:00-05:00,22.02989959716797,22.02989959716797,21.947099685668945,21.947099685668945,1822,0.0,0.0,0.0
2024-01-08 11:30:00-05:00,21.950000762939453,22.0,21.950000762939453,22.0,897,0.0,0.0,0.0
2024-01-08 12:30:00-05:00,22.040000915527344,22.040000915527344,22.040000915527344,22.040000915527344,184,0.0,0.0,0.0
2024-01-08 13:30:00-05:00,22.05699920654297,22.139999389648438,22.05699920654297,22.139999389648438,2267,0.0,0.0,0.0
2024-01-08 14:30:00-05:00,22.14419937133789,22.14419937133789,22.110000610351562,22.125699996948242,1300,0.0,0.0,0.0
2024-01-08 15:30:00-05:00,22.139999389648438,22.159900665283203,22.136199951171875,22.159900665283203,4755,0.0,0.0,0.0
2024-01-09 09:30:00-05:00,21.93000030517578,22.128999710083008,21.93000030517578,22.128999710083008,1692,0.0,0.0,0.0
2024-01-09 10:30:00-05:00,22.104999542236328,22.104999542236328,22.104999542236328,22.104999542236328,442,0.0,0.0,0.0
2024-01-09 11:30:00-05:00,22.15999984741211,22.200000762939453,22.13319969177246,22.200000762939453,6110,0.0,0.0,0.0
2024-01-09 12:30:00-05:00,22.147600173950195,22.173099517822266,22.120100021362305,22.170000076293945,1382,0.0,0.0,0.0
2024-01-09 13:30:00-05:00,22.139999389648438,22.190000534057617,22.139999389648438,22.139999389648438,2785,0.0,0.0,0.0
2024-01-09 14:30:00-05:00,22.157400131225586,22.157400131225586,22.110000610351562,22.110000610351562,1059,0.0,0.0,0.0
2024-01-09 15:30:00-05:00,22.139999389648438,22.139999389648438,22.06999969482422,22.06999969482422,861,0.0,0.0,0.0
2024-01-10 09:30:00-05:00,22.139999389648438,22.269899368286133,22.110000610351562,22.200000762939453,0,0.0,0.0,0.0
2024-01-10 10:30:00-05:00,22.280000686645508,22.32990074157715,22.229999542236328,22.260000228881836,1022,0.0,0.0,0.0
2024-01-10 11:30:00-05:00,22.260000228881836,22.270000457763672,22.2549991607666,22.270000457763672,1778,0.0,0.0,0.0
2024-01-10 12:30:00-05:00,22.270000457763672,22.305200576782227,22.260000228881836,22.299999237060547,5544,0.0,0.0,0.0
2024-01-10 13:30:00-05:00,22.34000015258789,22.358999252319336,22.33989906311035,22.358999252319336,800,0.0,0.0,0.0
2024-01-10 14:30:00-05:00,22.3799991607666,22.409099578857422,22.304899215698242,22.350000381469727,1711,0.0,0.0,0.0
2024-01-10 15:30:00-05:00,22.321699142456055,22.321699142456055,22.260000228881836,22.3075008392334,0,0.0,0.0,0.0
2024-01-11 09:30:00-05:00,22.329999923706055,22.514999389648438,22.18000030517578,22.280000686645508,5348,0.0,0.0,0.0
2024-01-11 10:30:00-05:00,22.329999923706055,22.329999923706055,22.170000076293945,22.219900131225586,1983,0.0,0.0,0.0
2024-01-11 11:30:00-05:00,22.170000076293945,22.170000076293945,22.1200008392334,22.170000076293945,0,0.0,0.0,0.0
2024-01-11 12:30:00-05:00,22.18000030517578,22.299999237060547,22.179899215698242,22.281299591064453,11172,0.0,0.0,0.0
2024-01-11 13:30:00-05:00,22.329999923706055,22.389299392700195,22.299999237060547,22.309999465942383,6065,0.0,0.0,0.0
2024-01-11 14:30:00-05:00,22.360000610351562,22.40999984741211,22.360000610351562,22.409900665283203,2009,0.0,0.0,0.0
2024-01-11 15:30:00-05:00,22.399999618530273,22.420000076293945,22.399999618530273,22.420000076293945,1326,0.0,0.0,0.0
2024-01-12 09:30:00-05:00,22.40999984741211,22.539499282836914,22.40999984741211,22.43000030517578,3718,0.0,0.0,0.0
2024-01-12 10:30:00-05:00,22.450000762939453,22.450000762939453,22.36949920654297,22.36949920654297,818,0.0,0.0,0.0
2024-01-12 11:30:00-05:00,22.399999618530273,22.43950080871582,22.399999618530273,22.40999984741211,9985,0.0,0.0,0.0
2024-01-12 12:30:00-05:00,22.38949966430664,22.43000030517578,22.38949966430664,22.390100479125977,1843,0.0,0.0,0.0
2024-01-12 13:30:00-05:00,22.477800369262695,22.489999771118164,22.47319984436035,22.47319984436035,2042,0.0,0.0,0.0
2024-01-12 14:30:00-05:00,22.45989990234375,22.45989990234375,22.408100128173828,22.40999984741211,3410,0.0,0.0,0.0
2024-01-12 15:30:00-05:00,22.389999389648438,22.406999588012695,22.389999389648438,22.406999588012695,100,0.0,0.0,0.0
2024-01-16 09:30:00-05:00,22.399999618530273,22.399999618530273,22.209999084472656,22.347999572753906,5120,0.0,0.0,0.0
2024-01-16 10:30:00-05:00,22.45709991455078,22.45709991455078,22.351299285888672,22.399900436401367,2166,0.0,0.0,0.0
2024-01-16 11:30:00-05:00,22.43000030517578,22.43910026550293,22.34000015258789,22.34000015258789,2221,0.0,0.0,0.0
2024-01-16 12:30:00-05:00,22.299999237060547,22.34000015258789,22.299999237060547,22.34000015258789,1450,0.0,0.0,0.0
2024-01-16 13:30:00-05:00,22.329500198364258,22.329500198364258,22.299999237060547,22.299999237060547,2296,0.0,0.0,0.0
2024-01-16 14:30:00-05:00,22.239999771118164,22.309999465942383,22.239999771118164,22.309999465942383,689,0.0,0.0,0.0
2024-01-16 15:30:00-05:00,22.299999237060547,22.350000381469727,22.290000915527344,22.350000381469727,2728,0.0,0.0,0.0
2024-01-17 09:30:00-05:00,22.059999465942383,22.059999465942383,21.989999771118164,21.989999771118164,0,0.0,0.0,0.0
2024-01-17 10:30:00-05:00,22.030000686645508,22.158899307250977,22.030000686645508,22.158899307250977,758,0.0,0.0,0.0
2024-01-17 11:30:00-05:00,22.100000381469727,22.110000610351562,22.100000381469727,22.110000610351562,532,0.0,0.0,0.0
2024-01-17 12:30:00-05:00,22.12310028076172,22.12310028076172,22.12310028076172,22.12310028076172,371,0.0,0.0,0.0
2024-01-17 13:30:00-05:00,22.09000015258789,22.149700164794922,22.09000015258789,22.149700164794922,762,0.0,0.0,0.0
2024-01-17 14:30:00-05:00,22.181800842285156,22.260000228881836,22.181800842285156,22.199899673461914,1026,0.0,0.0,0.0
2024-01-17 15:30:00-05:00,22.200000762939453,22.229999542236328,22.200000762939453,22.229999542236328,1373,0.0,0.0,0.0
2024-01-18 09:30:00-05:00,22.520000457763672,22.520000457763672,22.200000762939453,22.3799991607666,0,0.0,0.0,0.0
2024-01-18 10:30:00-05:00,22.360000610351562,22.440000534057617,22.360000610351562,22.40999984741211,2088,0.0,0.0,0.0
2024-01-18 11:30:00-05:00,22.469900131225586,22.469900131225586,22.250099182128906,22.287799835205078,6782,0.0,0.0,0.0
2024-01-18 12:30:00-05:00,22.280000686645508,22.296199798583984,22.25,22.25,814,0.0,0.0,0.0
2024-01-18 13:30:00-05:00,22.25,22.309900283813477,22.229900360107422,22.280099868774414,6065,0.0,0.0,0.0
2024-01-18 14:30:00-05:00,22.385000228881836,22.439899444580078,22.3799991607666,22.431299209594727,2159,0.0,0.0,0.0
2024-01-19 09:30:00-05:00,22.520000457763672,22.719900131225586,22.520000457763672,22.65999984741211,0,0.0,0.0,0.0
2024-01-19 10:30:00-05:00,22.659500122070312,22.700000762939453,22.6299991607666,22.700000762939453,4653,0.0,0.0,0.0
2024-01-19 11:30:00-05:00,22.699899673461914,22.719999313354492,22.690000534057617,22.719999313354492,4966,0.0,0.0,0.0
2024-01-19 12:30:00-05:00,22.741899490356445,22.83810043334961,22.741899490356445,22.829999923706055,1989,0.0,0.0,0.0
2024-01-19 13:30:00-05:00,22.923799514770508,22.923799514770508,22.84000015258789,22.899999618530273,1348,0.0,0.0,0.0
2024-01-19 14:30:00-05:00,22.950000762939453,22.975000381469727,22.950000762939453,22.975000381469727,3203,0.0,0.0,0.0
2024-01-19 15:30:00-05:00,22.982500076293945,22.999900817871094,22.960100173950195,22.98419952392578,1667,0.0,0.0,0.0
2024-01-22 09:30:00-05:00,23.209999084472656,23.540000915527344,23.209999084472656,23.34000015258789,22735,0.0,0.0,0.0
2024-01-22 10:30:00-05:00,23.25,23.410600662231445,23.25,23.360000610351562,2892,0.0,0.0,0.0
2024-01-22 11:30:00-05:00,23.389999389648438,23.450000762939453,23.350000381469727,23.350000381469727,6050,0.0,0.0,0.0
2024-01-22 12:30:00-05:00,23.38949966430664,23.39900016784668,23.32990074157715,23.32990074157715,3973,0.0,0.0,0.0
2024-01-22 13:30:00-05:00,23.289899826049805,23.34000015258789,23.260000228881836,23.31999969482422,10143,0.0,0.0,0.0
2024-01-22 14:30:00-05:00,23.309999465942383,23.3700008392334,23.253299713134766,23.3700008392334,7716,0.0,0.0,0.0
2024-01-22 15:30:00-05:00,23.38640022277832,23.43000030517578,23.330400466918945,23.348400115966797,5436,0.0,0.0,0.0
2024-01-23 09:30:00-05:00,23.469999313354492,23.469999313354492,23.264999389648438,23.349000930786133,0,0.0,0.0,0.0
2024-01-23 10:30:00-05:00,23.399999618530273,23.43000030517578,23.270099639892578,23.33799934387207,10239,0.0,0.0,0.0
2024-01-23 11:30:00-05:00,23.34000015258789,23.345800399780273,23.34000015258789,23.345800399780273,707,0.0,0.0,0.0
2024-01-23 12:30:00-05:00,23.34000015258789,23.3799991607666,23.34000015258789,23.350000381469727,8958,0.0,0.0,0.0
2024-01-23 13:30:00-05:00,23.34000015258789,23.350000381469727,23.34000015258789,23.34000015258789,2954,0.0,0.0,0.0
2024-01-23 14:30:00-05:00,23.344999313354492,23.371400833129883,23.34000015258789,23.371400833129883,2463,0.0,0.0,0.0
2024-01-23 15:30:00-05:00,23.399999618530273,23.40999984741211,23.381000518798828,23.40999984741211,0,0.0,0.0,0.0
2024-01-24 09:30:00-05:00,23.760000228881836,23.760000228881836,23.459999084472656,23.6299991607666,14034,0.0,0.0,0.0
2024-01-24 10:30:00-05:00,23.598800659179688,23.70989990234375,23.579999923706055,23.6299991607666,5665,0.0,0.0,0.0
2024-01-24 11:30:00-05:00,23.638999938964844,23.670000076293945,23.590999603271484,23.670000076293945,2810,0.0,0.0,0.0
2024-01-24 12:30:00-05:00,23.670700073242188,23.68000030517578,23.59000015258789,23.59000015258789,3475,0.0,0.0,0.0
2024-01-24 13:30:00-05:00,23.55500030517578,23.559999465942383,23.41990089416504,23.41990089416504,5156,0.0,0.0,0.0
2024-01-24 14:30:00-05:00,23.420000076293945,23.440000534057617,23.399999618530273,23.399999618530273,6954,0.0,0.0,0.0
2024-01-24 15:30:00-05:00,23.40999984741211,23.40999984741211,23.31999969482422,23.329999923706055,3196,0.0,0.0,0.0
2024-01-25 09:30:00-05:00,23.639999389648438,23.780000686645508,23.450000762939453,23.499900817871094,0,0.0,0.0,0.0
2024-01-25 10:30:00-05:00,23.499900817871094,23.625699996948242,23.469999313354492,23.579999923706055,2490,0.0,0.0,0.0
2024-01-25 11:30:00-05:00,23.59000015258789,23.59000015258789,23.5,23.501300811767578,1562,0.0,0.0,0.0
2024-01-25 12:30:00-05:00,23.5,23.5,23.440000534057617,23.440000534057617,2007,0.0,0.0,0.0
2024-01-25 13:30:00-05:00,23.399999618530273,23.420000076293945,23.209999084472656,23.209999084472656,7429,0.0,0.0,0.0
2024-01-25 14:30:00-05:00,23.32859992980957,23.399999618530273,23.309999465942383,23.34000015258789,3118,0.0,0.0,0.0
2024-01-25 15:30:00-05:00,23.34000015258789,23.440000534057617,23.34000015258789,23.43000030517578,2581,0.0,0.0,0.0
2024-01-26 09:30:00-05:00,23.399999618530273,23.399999618530273,23.290000915527344,23.360000610351562,0,0.0,0.0,0.0
2024-01-26 10:30:00-05:00,23.5487003326416,23.5487003326416,23.48859977722168,23.507299423217773,3018,0.0,0.0,0.0
2024-01-26 11:30:00-05:00,23.5,23.510000228881836,23.469999313354492,23.5,4204,0.0,0.0,0.0
2024-01-26 12:30:00-05:00,23.40999984741211,23.420000076293945,23.360000610351562,23.389999389648438,1569,0.0,0.0,0.0
2024-01-26 13:30:00-05:00,23.434999465942383,23.469900131225586,23.360000610351562,23.401199340820312,4289,0.0,0.0,0.0
2024-01-26 14:30:00-05:00,23.3700008392334,23.43000030517578,23.360000610351562,23.399999618530273,8223,0.0,0.0,0.0
2024-01-26 15:30:00-05:00,23.3700008392334,23.3700008392334,23.3700008392334,23.3700008392334,300,0.0,0.0,0.0
2024-01-29 09:30:00-05:00,23.399999618530273,23.600000381469727,23.389999389648438,23.559999465942383,0,0.0,0.0,0.0
2024-01-29 10:30:00-05:00,23.579999923706055,23.59000015258789,23.489999771118164,23.5,6982,0.0,0.0,0.0
2024-01-29 11:30:00-05:00,23.56999969482422,23.610000610351562,23.549999237060547,23.60930061340332,2574,0.0,0.0,0.0
2024-01-29 12:30:00-05:00,23.649999618530273,23.649999618530273,23.610000610351562,23.618200302124023,782,0.0,0.0,0.0
2024-01-29 13:30:00-05:00,23.63920021057129,23.649999618530273,23.579999923706055,23.649999618530273,1178,0.0,0.0,0.0
2024-01-29 14:30:00-05:00,23.700000762939453,23.700000762939453,23.68000030517578,23.699100494384766,1493,0.0,0.0,0.0
2024-01-29 15:30:00-05:00,23.815000534057617,23.889999389648438,23.815000534057617,23.889999389648438,0,0.0,0.0,0.0
2024-01-30 09:30:00-05:00,23.969999313354492,23.969999313354492,23.889999389648438,23.889999389648438,6871,0.0,0.0,0.0
2024-01-30 10:30:00-05:00,23.949899673461914,23.95989990234375,23.825000762939453,23.825000762939453,3832,0.0,0.0,0.0
2024-01-30 11:30:00-05:00,23.829999923706055,23.84910011291504,23.799999237060547,23.799999237060547,5752,0.0,0.0,0.0
2024-01-30 12:30:00-05:00,23.770000457763672,23.780000686645508,23.704999923706055,23.780000686645508,6036,0.0,0.0,0.0
2024-01-30 13:30:00-05:00,23.809999465942383,23.809999465942383,23.760000228881836,23.780000686645508,14690,0.0,0.0,0.0
2024-01-30 14:30:00-05:00,23.809900283813477,23.809999465942383,23.799999237060547,23.804100036621094,2238,0.0,0.0,0.0
2024-01-30 15:30:00-05:00,23.809999465942383,23.829999923706055,23.799999237060547,23.829999923706055,1600,0.0,0.0,0.0
2024-01-31 09:30:00-05:00,23.6299991607666,23.6299991607666,23.45560073852539,23.510000228881836,4606,0.0,0.0,0.0
2024-01-31 10:30:00-05:00,23.5,23.5,23.350000381469727,23.459999084472656,2753,0.0,0.0,0.0
2024-01-31 11:30:00-05:00,23.440000534057617,23.520000457763672,23.38010025024414,23.520000457763672,2564,0.0,0.0,0.0
2024-01-31 12:30:00-05:00,23.479999542236328,23.520000457763672,23.46500015258789,23.489999771118164,2969,0.0,0.0,0.0
2024-01-31 13:30:00-05:00,23.510000228881836,23.54990005493164,23.459999084472656,23.459999084472656,4849,0.0,0.0,0.0
2024-01-31 14:30:00-05:00,23.5,23.639999389648438,23.30500030517578,23.401500701904297,8546,0.0,0.0,0.0
2024-01-31 15:30:00-05:00,23.349599838256836,23.349599838256836,23.259000778198242,23.309999465942383,0,0.0,0.0,0.0
2024-02-01 09:30:00-05:00,23.469999313354492,23.559999465942383,23.3799991607666,23.559999465942383,2558,0.0,0.0,0.0
2024-02-01 10:30:00-05:00,23.589799880981445,23.589799880981445,23.309999465942383,23.350000381469727,9633,0.0,0.0,0.0
2024-02-01 11:30:00-05:00,23.360000610351562,23.399999618530273,23.329999923706055,23.399999618530273,3142,0.0,0.0,0.0
2024-02-01 12:30:00-05:00,23.539899826049805,23.556900024414062,23.479999542236328,23.556900024414062,2912,0.0,0.0,0.0
2024-02-01 13:30:00-05:00,23.549999237060547,23.68910026550293,23.549999237060547,23.649999618530273,2933,0.0,0.0,0.0
2024-02-01 14:30:00-05:00,23.68000030517578,23.68000030517578,23.6200008392334,23.659000396728516,1620,0.0,0.0,0.0
2024-02-01 15:30:00-05:00,23.65999984741211,23.75,23.639799118041992,23.639799118041992,0,0.0,0.0,0.0
2024-02-02 09:30:00-05:00,23.75,23.75,23.59000015258789,23.600000381469727,7054,0.0,0.0,0.0
2024-02-02 10:30:00-05:00,23.611900329589844,23.804500579833984,23.611900329589844,23.7549991607666,5927,0.0,0.0,0.0
2024-02-02 11:30:00-05:00,23.850200653076172,23.9148006439209,23.80419921875,23.820100784301758,5874,0.0,0.0,0.0
2024-02-02 12:30:00-05:00,23.860000610351562,23.86989974975586,23.739999771118164,23.809999465942383,2745,0.0,0.0,0.0
2024-02-02 13:30:00-05:00,23.81410026550293,23.928800582885742,23.81410026550293,23.91230010986328,972,0.0,0.0,0.0
2024-02-02 14:30:00-05:00,23.920000076293945,23.949899673461914,23.851600646972656,23.91200065612793,5590,0.0,0.0,0.0
2024-02-02 15:30:00-05:00,23.8700008392334,23.909099578857422,23.864999771118164,23.864999771118164,8535,0.0,0.0,0.0
2024-02-05 09:30:00-05:00,23.90999984741211,23.90999984741211,23.59000015258789,23.6200008392334,7019,0.0,0.0,0.0
2024-02-05 10:30:00-05:00,23.679899215698242,23.68910026550293,23.5,23.649999618530273,2672,0.0,0.0,0.0
2024-02-05 11:30:00-05:00,23.639999389648438,23.669099807739258,23.6299991607666,23.6299991607666,800,0.0,0.0,0.0
2024-02-05 12:30:00-05:00,23.739999771118164,23.780000686645508,23.739999771118164,23.760000228881836,1910,0.0,0.0,0.0
2024-02-05 13:30:00-05:00,23.700000762939453,23.785499572753906,23.700000762939453,23.785499572753906,2892,0.0,0.0,0.0
2024-02-05 14:30:00-05:00,23.825000762939453,23.853599548339844,23.760000228881836,23.770000457763672,2717,0.0,0.0,0.0
2024-02-05 15:30:00-05:00,23.799999237060547,23.829999923706055,23.760000228881836,23.81999969482422,2448,0.0,0.0,0.0
2024-02-06 09:30:00-05:00,23.84000015258789,23.91990089416504,23.81999969482422,23.86520004272461,0,0.0,0.0,0.0
2024-02-06 10:30:00-05:00,23.8700008392334,23.907499313354492,23.790000915527344,23.907499313354492,2483,0.0,0.0,0.0
2024-02-06 11:30:00-05:00,23.829999923706055,23.829999923706055,23.600000381469727,23.600000381469727,1737,0.0,0.0,0.0
2024-02-06 12:30:00-05:00,23.59239959716797,23.739900588989258,23.59000015258789,23.700000762939453,1793,0.0,0.0,0.0
2024-02-06 13:30:00-05:00,23.719999313354492,23.799999237060547,23.68000030517578,23.68000030517578,2428,0.0,0.0,0.0
2024-02-06 14:30:00-05:00,23.719999313354492,23.829999923706055,23.719999313354492,23.829999923706055,1656,0.0,0.0,0.0
2024-02-06 15:30:00-05:00,23.809900283813477,23.8700008392334,23.729999542236328,23.8700008392334,1403,0.0,0.0,0.0
2024-02-07 09:30:00-05:00,23.90999984741211,24.020000457763672,23.760000228881836,24.020000457763672,0,0.0,0.0,0.0
2024-02-07 10:30:00-05:00,24.099899291992188,24.099899291992188,23.969999313354492,24.020000457763672,4281,0.0,0.0,0.0
2024-02-07 11:30:00-05:00,24.018199920654297,24.040000915527344,23.99169921875,24.0,5302,0.0,0.0,0.0
2024-02-07 12:30:00-05:00,23.950000762939453,24.072099685668945,23.950000762939453,24.072099685668945,2078,0.0,0.0,0.0
2024-02-07 13:30:00-05:00,24.079999923706055,24.139999389648438,24.06999969482422,24.1200008392334,4691,0.0,0.0,0.0
2024-02-07 14:30:00-05:00,24.139999389648438,24.18000030517578,24.1200008392334,24.145000457763672,3227,0.0,0.0,0.0
2024-02-07 15:30:00-05:00,24.149999618530273,24.149999618530273,24.079999923706055,24.079999923706055,0,0.0,0.0,0.0
2024-02-08 09:30:00-05:00,24.18000030517578,24.420000076293945,24.110000610351562,24.3700008392334,19825,0.0,0.0,0.0
2024-02-08 10:30:00-05:00,24.40999984741211,24.440000534057617,24.3799991607666,24.43000030517578,5663,0.0,0.0,0.0
2024-02-08 11:30:00-05:00,24.429800033569336,24.439599990844727,24.396799087524414,24.400400161743164,2610,0.0,0.0,0.0
2024-02-08 12:30:00-05:00,24.40999984741211,24.440000534057617,24.40999984741211,24.439199447631836,4649,0.0,0.0,0.0
2024-02-08 13:30:00-05:00,24.440000534057617,24.540000915527344,24.420000076293945,24.440000534057617,5304,0.0,0.0,0.0
2024-02-08 14:30:00-05:00,24.43000030517578,24.489900588989258,24.389999389648438,24.44499969482422,6022,0.0,0.0,0.0
2024-02-08 15:30:00-05:00,24.479900360107422,24.479900360107422,24.419300079345703,24.429500579833984,0,0.0,0.0,0.0
2024-02-09 09:30:00-05:00,24.770000457763672,24.939899444580078,24.610000610351562,24.920000076293945,15275,0.0,0.0,0.0
2024-02-09 10:30:00-05:00,24.924999237060547,24.959999084472656,24.8700008392334,24.88520050048828,10021,0.0,0.0,0.0
2024-02-09 11:30:00-05:00,24.885000228881836,24.9197998046875,24.770000457763672,24.90920066833496,6366,0.0,0.0,0.0
2024-02-09 12:30:00-05:00,24.92620086669922,24.979999542236328,24.84000015258789,24.969900131225586,11497,0.0,0.0,0.0
2024-02-09 13:30:00-05:00,24.989999771118164,24.994699478149414,24.90999984741211,24.95639991760254,5514,0.0,0.0,0.0
2024-02-09 14:30:00-05:00,24.979999542236328,25.013700485229492,24.899999618530273,24.940000534057617,7197,0.0,0.0,0.0
2024-02-09 15:30:00-05:00,24.950000762939453,24.950000762939453,24.90999984741211,24.94729995727539,2823,0.0,0.0,0.0
2024-02-12 09:30:00-05:00,25.010000228881836,25.07990074157715,24.899999618530273,25.023399353027344,0,0.0,0.0,0.0
2024-02-12 10:30:00-05:00,25.020000457763672,25.190000534057617,25.020000457763672,25.155000686645508,3471,0.0,0.0,0.0
2024-02-12 11:30:00-05:00,25.15999984741211,25.15999984741211,25.040000915527344,25.117900848388672,1971,0.0,0.0,0.0
2024-02-12 12:30:00-05:00,25.100000381469727,25.1299991607666,25.0,25.0,6973,0.0,0.0,0.0
2024-02-12 13:30:00-05:00,24.969999313354492,24.969999313354492,24.67009925842285,24.67009925842285,3548,0.0,0.0,0.0
2024-02-12 14:30:00-05:00,24.750099182128906,24.873699188232422,24.749300003051758,24.834999084472656,7748,0.0,0.0,0.0
2024-02-12 15:30:00-05:00,24.815000534057617,24.873899459838867,24.799999237060547,24.81909942626953,0,0.0,0.0,0.0
2024-02-13 09:30:00-05:00,24.100000381469727,24.309999465942383,23.780000686645508,24.309999465942383,14885,0.0,0.0,0.0
2024-02-13 10:30:00-05:00,24.295000076293945,24.329999923706055,24.25,24.32990074157715,3037,0.0,0.0,0.0
2024-02-13 11:30:00-05:00,24.32990074157715,24.329999923706055,24.229999542236328,24.229999542236328,5250,0.0,0.0,0.0
2024-02-13 12:30:00-05:00,24.20009994506836,24.239999771118164,24.200000762939453,24.239999771118164,2063,0.0,0.0,0.0
2024-02-13 13:30:00-05:00,24.278600692749023,24.27989959716797,24.125,24.125,5488,0.0,0.0,0.0
2024-02-13 14:30:00-05:00,24.170000076293945,24.170000076293945,24.0,24.0,4848,0.0,0.0,0.0
2024-02-13 15:30:00-05:00,23.950000762939453,24.149999618530273,23.950000762939453,24.149999618530273,1346,0.0,0.0,0.0
2024-02-14 09:30:00-05:00,24.420000076293945,24.719999313354492,24.329999923706055,24.719999313354492,0,0.0,0.0,0.0
2024-02-14 10:30:00-05:00,24.729900360107422,24.729900360107422,24.390100479125977,24.459999084472656,4247,0.0,0.0,0.0
2024-02-14 11:30:00-05:00,24.545000076293945,24.599599838256836,24.489999771118164,24.540000915527344,25195,0.0,0.0,0.0
2024-02-14 12:30:00-05:00,24.586299896240234,24.649900436401367,24.550100326538086,24.609899520874023,10086,0.0,0.0,0.0
2024-02-14 13:30:00-05:00,24.610000610351562,24.75,24.610000610351562,24.670000076293945,1999,0.0,0.0,0.0
2024-02-14 14:30:00-05:00,24.6299991607666,24.770000457763672,24.6299991607666,24.75,1561,0.0,0.0,0.0
2024-02-14 15:30:00-05:00,24.729999542236328,24.850000381469727,24.729999542236328,24.850000381469727,7640,0.0,0.0,0.0
2024-02-15 09:30:00-05:00,25.100000381469727,25.489999771118164,24.690000534057617,25.030399322509766,0,0.0,0.0,0.0
2024-02-15 10:30:00-05:00,24.959999084472656,25.067699432373047,24.899999618530273,24.959999084472656,2296,0.0,0.0,0.0
2024-02-15 11:30:00-05:00,24.950000762939453,24.999900817871094,24.925399780273438,24.950000762939453,5206,0.0,0.0,0.0
2024-02-15 12:30:00-05:00,24.969999313354492,25.040000915527344,24.969999313354492,24.989999771118164,2965,0.0,0.0,0.0
2024-02-15 13:30:00-05:00,25.045000076293945,25.1018009185791,24.979999542236328,25.040000915527344,15275,0.0,0.0,0.0
2024-02-15 14:30:00-05:00,25.06999969482422,25.07990074157715,24.989999771118164,25.030000686645508,5935,0.0,0.0,0.0
2024-02-15 15:30:00-05:00,24.979999542236328,25.03499984741211,24.969999313354492,25.03499984741211,612,0.0,0.0,0.0
2024-02-16 09:30:00-05:00,25.1299991607666,25.1299991607666,24.38010025024414,24.540000915527344,0,0.0,0.0,0.0
2024-02-16 10:30:00-05:00,24.399999618530273,24.68000030517578,24.399999618530273,24.600000381469727,4383,0.0,0.0,0.0
2024-02-16 11:30:00-05:00,24.635000228881836,24.65999984741211,24.559999465942383,24.59000015258789,3740,0.0,0.0,0.0
2024-02-16 12:30:00-05:00,24.6299991607666,24.6299991607666,24.411399841308594,24.46500015258789,3710,0.0,0.0,0.0
2024-02-16 13:30:00-05:00,24.44099998474121,24.519399642944336,24.390100479125977,24.454999923706055,4008,0.0,0.0,0.0
2024-02-16 14:30:00-05:00,24.454999923706055,24.454999923706055,24.25,24.291500091552734,2348,0.0,0.0,0.0
2024-02-16 15:30:00-05:00,24.295000076293945,24.295000076293945,24.235000610351562,24.25,2528,0.0,0.0,0.0
2024-02-20 09:30:00-05:00,24.0,24.049999237060547,23.540000915527344,23.540000915527344,23095,0.0,0.0,0.0
2024-02-20 10:30:00-05:00,23.510000228881836,23.576499938964844,23.390100479125977,23.576499938964844,3623,0.0,0.0,0.0
2024-02-20 11:30:00-05:00,23.550100326538086,23.550100326538086,23.420000076293945,23.420000076293945,1903,0.0,0.0,0.0
2024-02-20 12:30:00-05:00,23.518800735473633,23.587400436401367,23.459999084472656,23.530000686645508,7226,0.0,0.0,0.0
2024-02-20 13:30:00-05:00,23.545000076293945,23.6299991607666,23.520000457763672,23.6299991607666,1680,0.0,0.0,0.0
2024-02-20 14:30:00-05:00,23.659000396728516,23.691999435424805,23.639999389648438,23.68000030517578,3876,0.0,0.0,0.0
2024-02-20 15:30:00-05:00,23.700000762939453,23.780000686645508,23.652099609375,23.780000686645508,1646,0.0,0.0,0.0
2024-02-21 09:30:00-05:00,23.489999771118164,23.489999771118164,23.219999313354492,23.260000228881836,19285,0.0,0.0,0.0
2024-02-21 10:30:00-05:00,23.280000686645508,23.34000015258789,23.280000686645508,23.34000015258789,3146,0.0,0.0,0.0
2024-02-21 11:30:00-05:00,23.290000915527344,23.315000534057617,23.15999984741211,23.15999984741211,5464,0.0,0.0,0.0
2024-02-21 12:30:00-05:00,23.200000762939453,23.239999771118164,23.200000762939453,23.200000762939453,3816,0.0,0.0,0.0
2024-02-21 13:30:00-05:00,23.235000610351562,23.25,23.18000030517578,23.219999313354492,7035,0.0,0.0,0.0
2024-02-21 14:30:00-05:00,23.219999313354492,23.219999313354492,23.1299991607666,23.170000076293945,3829,0.0,0.0,0.0
2024-02-21 15:30:00-05:00,23.25,23.327999114990234,23.25,23.327999114990234,566,0.0,0.0,0.0
2024-02-22 09:30:00-05:00,23.93000030517578,24.242000579833984,23.93000030517578,24.135000228881836,0,0.0,0.0,0.0
2024-02-22 10:30:00-05:00,24.030000686645508,24.149999618530273,24.030000686645508,24.14940071105957,7680,0.0,0.0,0.0
2024-02-22 11:30:00-05:00,24.15999984741211,24.209800720214844,24.149999618530273,24.149999618530273,1498,0.0,0.0,0.0
2024-02-22 12:30:00-05:00,24.260000228881836,24.373899459838867,24.219999313354492,24.264999389648438,4026,0.0,0.0,0.0
2024-02-22 13:30:00-05:00,24.270000457763672,24.36989974975586,24.260000228881836,24.295000076293945,2565,0.0,0.0,0.0
2024-02-22 14:30:00-05:00,24.344999313354492,24.350000381469727,24.299999237060547,24.350000381469727,3270,0.0,0.0,0.0
2024-02-22 15:30:00-05:00,24.360000610351562,24.41230010986328,24.350000381469727,24.350000381469727,1816,0.0,0.0,0.0
2024-02-23 09:30:00-05:00,24.420000076293945,24.489999771118164,24.149999618530273,24.34000015258789,7687,0.0,0.0,0.0
2024-02-23 10:30:00-05:00,24.200000762939453,24.257699966430664,24.09000015258789,24.09000015258789,2657,0.0,0.0,0.0
2024-02-23 11:30:00-05:00,24.159799575805664,24.200000762939453,24.159799575805664,24.200000762939453,1913,0.0,0.0,0.0
2024-02-23 12:30:00-05:00,24.208200454711914,24.3218994140625,24.208200454711914,24.3218994140625,4442,0.0,0.0,0.0
2024-02-23 13:30:00-05:00,24.289899826049805,24.289899826049805,24.170000076293945,24.180099487304688,3687,0.0,0.0,0.0
2024-02-23 14:30:00-05:00,24.25,24.25,24.135000228881836,24.139999389648438,4419,0.0,0.0,0.0
2024-02-23 15:30:00-05:00,24.139999389648438,24.199899673461914,24.139999389648438,24.139999389648438,2352,0.0,0.0,0.0
2024-02-26 09:30:00-05:00,24.18000030517578,24.350000381469727,24.18000030517578,24.349899291992188,0,0.0,0.0,0.0
2024-02-26 10:30:00-05:00,24.429399490356445,24.429399490356445,24.350000381469727,24.3799991607666,5326,0.0,0.0,0.0
2024-02-26 11:30:00-05:00,24.429899215698242,24.568599700927734,24.429899215698242,24.568599700927734,2305,0.0,0.0,0.0
2024-02-26 12:30:00-05:00,24.568899154663086,24.568899154663086,24.433900833129883,24.433900833129883,6819,0.0,0.0,0.0
2024-02-26 13:30:00-05:00,24.400100708007812,24.507999420166016,24.400100708007812,24.475000381469727,2844,0.0,0.0,0.0
2024-02-26 14:30:00-05:00,24.489999771118164,24.520000457763672,24.445999145507812,24.450000762939453,2714,0.0,0.0,0.0
2024-02-26 15:30:00-05:00,24.43000030517578,24.43000030517578,24.3799991607666,24.389999389648438,1599,0.0,0.0,0.0
2024-02-27 09:30:00-05:00,24.40999984741211,24.56999969482422,24.40999984741211,24.520000457763672,5348,0.0,0.0,0.0
2024-02-27 10:30:00-05:00,24.524999618530273,24.559900283813477,24.445999145507812,24.559900283813477,3184,0.0,0.0,0.0
2024-02-27 11:30:00-05:00,24.559999465942383,24.559999465942383,24.475000381469727,24.475000381469727,1655,0.0,0.0,0.0
2024-02-27 12:30:00-05:00,24.479999542236328,24.5049991607666,24.44499969482422,24.44499969482422,4152,0.0,0.0,0.0
2024-02-27 13:30:00-05:00,24.485000610351562,24.510000228881836,24.485000610351562,24.510000228881836,653,0.0,0.0,0.0
2024-02-27 14:30:00-05:00,24.508499145507812,24.508499145507812,24.475000381469727,24.475000381469727,1476,0.0,0.0,0.0
2024-02-27 15:30:00-05:00,24.479999542236328,24.509899139404297,24.40999984741211,24.459999084472656,5779,0.0,0.0,0.0
2024-02-28 09:30:00-05:00,24.209999084472656,25.030000686645508,24.209999084472656,24.420000076293945,5279,0.0,0.0,0.0
2024-02-28 10:30:00-05:00,24.475000381469727,24.56999969482422,24.450000762939453,24.55500030517578,1215,0.0,0.0,0.0
2024-02-28 11:30:00-05:00,24.580699920654297,24.600000381469727,24.520000457763672,24.520000457763672,3778,0.0,0.0,0.0
2024-02-28 12:30:00-05:00,24.4950008392334,24.588199615478516,24.475900650024414,24.528400421142578,1625,0.0,0.0,0.0
2024-02-28 13:30:00-05:00,24.530000686645508,24.579999923706055,24.510000228881836,24.541500091552734,3867,0.0,0.0,0.0
2024-02-28 14:30:00-05:00,24.524999618530273,24.524999618530273,24.524999618530273,24.524999618530273,335,0.0,0.0,0.0
2024-02-28 15:30:00-05:00,24.520000457763672,24.520000457763672,24.450000762939453,24.489999771118164,0,0.0,0.0,0.0
2024-02-29 09:30:00-05:00,24.579999923706055,24.91189956665039,24.579999923706055,24.719999313354492,12828,0.0,0.0,0.0
2024-02-29 10:30:00-05:00,24.790000915527344,24.809999465942383,24.760000228881836,24.772199630737305,1814,0.0,0.0,0.0
2024-02-29 11:30:00-05:00,24.719999313354492,24.72879981994629,24.639999389648438,24.71500015258789,3459,0.0,0.0,0.0
2024-02-29 12:30:00-05:00,24.670000076293945,24.764999389648438,24.649999618530273,24.764999389648438,3024,0.0,0.0,0.0
2024-02-29 13:30:00-05:00,24.75,24.81999969482422,24.75,24.81999969482422,1361,0.0,0.0,0.0
2024-02-29 14:30:00-05:00,24.848400115966797,24.850000381469727,24.83810043334961,24.850000381469727,430,0.0,0.0,0.0
2024-02-29 15:30:00-05:00,24.860000610351562,24.891700744628906,24.860000610351562,24.891700744628906,996,0.0,0.0,0.0
2024-03-01 09:30:00-05:00,25.030000686645508,25.190000534057617,24.944700241088867,25.16309928894043,18007,0.0,0.0,0.0
2024-03-01 10:30:00-05:00,25.1299991607666,25.25,25.125,25.209999084472656,6952,0.0,0.0,0.0
2024-03-01 11:30:00-05:00,25.190000534057617,25.217300415039062,25.149999618530273,25.19499969482422,3148,0.0,0.0,0.0
2024-03-01 12:30:00-05:00,25.219999313354492,25.319900512695312,25.219999313354492,25.319900512695312,3424,0.0,0.0,0.0
2024-03-01 13:30:00-05:00,25.36989974975586,25.36989974975586,25.270000457763672,25.270000457763672,3890,0.0,0.0,0.0
2024-03-01 14:30:00-05:00,25.309999465942383,25.309999465942383,25.219999313354492,25.270000457763672,8945,0.0,0.0,0.0
2024-03-01 15:30:00-05:00,25.25,25.290000915527344,25.219999313354492,25.290000915527344,2228,0.0,0.0,0.0
2024-03-04 09:30:00-05:00,25.610000610351562,25.610000610351562,25.46500015258789,25.5,8796,0.0,0.0,0.0
2024-03-04 10:30:00-05:00,25.489999771118164,25.645599365234375,25.489999771118164,25.645599365234375,4275,0.0,0.0,0.0
2024-03-04 11:30:00-05:00,25.65999984741211,25.719999313354492,25.610000610351562,25.719999313354492,15895,0.0,0.0,0.0
2024-03-04 12:30:00-05:00,25.68000030517578,25.68000030517578,25.600000381469727,25.600000381469727,2624,0.0,0.0,0.0
2024-03-04 13:30:00-05:00,25.549999237060547,25.708099365234375,25.549999237060547,25.65999984741211,3441,0.0,0.0,0.0
2024-03-04 14:30:00-05:00,25.739999771118164,25.75,25.68000030517578,25.7450008392334,0,0.0,0.0,0.0
2024-03-04 15:30:00-05:00,25.739999771118164,25.75,25.535999298095703,25.59000015258789,3,0.0,0.0,0.0
2024-03-05 09:30:00-05:00,25.459999084472656,25.459999084472656,24.610000610351562,24.610000610351562,10366,0.0,0.0,0.0
2024-03-05 10:30:00-05:00,24.579999923706055,24.600000381469727,24.40999984741211,24.5,9443,0.0,0.0,0.0
2024-03-05 11:30:00-05:00,24.55500030517578,24.719900131225586,24.520000457763672,24.719900131225586,3193,0.0,0.0,0.0
2024-03-05 12:30:00-05:00,24.631200790405273,24.696199417114258,24.6299991607666,24.6299991607666,2084,0.0,0.0,0.0
2024-03-05 13:30:00-05:00,24.56999969482422,24.56999969482422,24.469999313354492,24.519899368286133,4273,0.0,0.0,0.0
2024-03-05 14:30:00-05:00,24.541500091552734,24.541500091552734,24.459999084472656,24.460100173950195,3586,0.0,0.0,0.0
2024-03-05 15:30:00-05:00,24.50749969482422,24.68000030517578,24.480100631713867,24.614999771118164,0,0.0,0.0,0.0
2024-03-06 09:30:00-05:00,25.0,25.12019920349121,24.770000457763672,24.885000228881836,13520,0.0,0.0,0.0
2024-03-06 10:30:00-05:00,24.966299057006836,25.1299991607666,24.966299057006836,25.09000015258789,2173,0.0,0.0,0.0
2024-03-06 11:30:00-05:00,25.09000015258789,25.189599990844727,25.09000015258789,25.149999618530273,4719,0.0,0.0,0.0
2024-03-06 12:30:00-05:00,25.19499969482422,25.19499969482422,25.18000030517578,25.18000030517578,858,0.0,0.0,0.0
2024-03-06 13:30:00-05:00,25.18000030517578,25.18000030517578,25.0,25.075000762939453,9741,0.0,0.0,0.0
2024-03-06 14:30:00-05:00,25.059999465942383,25.100000381469727,25.030000686645508,25.030000686645508,3686,0.0,0.0,0.0
2024-03-06 15:30:00-05:00,25.0,25.059999465942383,24.950000762939453,25.059999465942383,0,0.0,0.0,0.0
2024-03-07 09:30:00-05:00,25.079999923706055,25.100000381469727,24.950000762939453,24.975000381469727,11186,0.0,0.0,0.0
2024-03-07 10:30:00-05:00,24.950000762939453,25.100000381469727,24.950000762939453,25.05579948425293,3292,0.0,0.0,0.0
2024-03-07 11:30:00-05:00,25.059900283813477,25.149499893188477,25.059900283813477,25.149499893188477,2793,0.0,0.0,0.0
2024-03-07 12:30:00-05:00,25.168500900268555,25.170000076293945,25.11009979248047,25.16550064086914,1908,0.0,0.0,0.0
2024-03-07 13:30:00-05:00,25.24880027770996,25.25,25.22209930419922,25.225000381469727,4366,0.0,0.0,0.0
2024-03-07 14:30:00-05:00,25.25,25.25,25.176700592041016,25.176700592041016,5486,0.0,0.0,0.0
2024-03-07 15:30:00-05:00,25.184999465942383,25.219999313354492,25.170000076293945,25.219999313354492,2228,0.0,0.0,0.0
2024-03-08 09:30:00-05:00,25.360000610351562,25.649999618530273,25.360000610351562,25.6299991607666,3070,0.0,0.0,0.0
2024-03-08 10:30:00-05:00,25.6299991607666,25.6299991607666,25.219999313354492,25.278099060058594,5991,0.0,0.0,0.0
2024-03-08 11:30:00-05:00,25.049999237060547,25.229999542236328,25.049999237060547,25.170000076293945,2146,0.0,0.0,0.0
2024-03-08 12:30:00-05:00,25.21500015258789,25.21500015258789,25.0935001373291,25.0935001373291,4073,0.0,0.0,0.0
2024-03-08 13:30:00-05:00,25.02389907836914,25.165000915527344,25.0,25.165000915527344,2820,0.0,0.0,0.0
2024-03-08 14:30:00-05:00,25.139999389648438,25.299999237060547,25.139999389648438,25.299999237060547,4627,0.0,0.0,0.0
2024-03-08 15:30:00-05:00,25.184999465942383,25.26849937438965,25.184999465942383,25.19610023498535,2221,0.0,0.0,0.0
2024-03-11 09:30:00-04:00,25.200000762939453,25.200000762939453,24.875,24.899999618530273,11025,0.0,0.0,0.0
2024-03-11 10:30:00-04:00,25.170000076293945,25.19499969482422,25.06999969482422,25.094999313354492,1605,0.0,0.0,0.0
2024-03-11 11:30:00-04:00,25.09000015258789,25.170000076293945,25.09000015258789,25.170000076293945,926,0.0,0.0,0.0
2024-03-11 12:30:00-04:00,25.219999313354492,25.289100646972656,25.219999313354492,25.289100646972656,2528,0.0,0.0,0.0
2024-03-11 13:30:00-04:00,25.280000686645508,25.280000686645508,25.204999923706055,25.25,2477,0.0,0.0,0.0
2024-03-11 14:30:00-04:00,25.2549991607666,25.260000228881836,25.1299991607666,25.1299991607666,1652,0.0,0.0,0.0
2024-03-11 15:30:00-04:00,25.09000015258789,25.170000076293945,25.049999237060547,25.049999237060547,0,0.0,0.0,0.0
2024-03-12 09:30:00-04:00,25.479999542236328,26.305099487304688,25.219999313354492,25.45319938659668,9115,0.0,0.0,0.0
2024-03-12 10:30:00-04:00,25.600000381469727,25.639999389648438,25.540000915527344,25.639999389648438,5348,0.0,0.0,0.0
2024-03-12 11:30:00-04:00,25.56999969482422,25.61989974975586,25.540000915527344,25.540000915527344,1568,0.0,0.0,0.0
2024-03-12 12:30:00-04:00,25.5,25.510000228881836,25.487300872802734,25.487300872802734,6243,0.0,0.0,0.0
2024-03-12 13:30:00-04:00,25.485000610351562,25.485000610351562,25.485000610351562,25.485000610351562,496,0.0,0.0,0.0
2024-03-12 14:30:00-04:00,25.63990020751953,25.63990020751953,25.566299438476562,25.59000015258789,1555,0.0,0.0,0.0
2024-03-12 15:30:00-04:00,25.59000015258789,25.639999389648438,25.579999923706055,25.579999923706055,1813,0.0,0.0,0.0
2024-03-13 09:30:00-04:00,25.700000762939453,25.700000762939453,25.514999389648438,25.549999237060547,10562,0.0,0.0,0.0
2024-03-13 10:30:00-04:00,25.61840057373047,25.68000030517578,25.579999923706055,25.610000610351562,3091,0.0,0.0,0.0
2024-03-13 11:30:00-04:00,25.655000686645508,25.68000030517578,25.610000610351562,25.68000030517578,1322,0.0,0.0,0.0
2024-03-13 12:30:00-04:00,25.649999618530273,25.700000762939453,25.649999618530273,25.690000534057617,614,0.0,0.0,0.0
2024-03-13 13:30:00-04:00,25.702899932861328,25.71809959411621,25.674999237060547,25.690000534057617,1434,0.0,0.0,0.0
2024-03-13 14:30:00-04:00,25.749900817871094,25.75,25.649999618530273,25.649999618530273,8096,0.0,0.0,0.0
2024-03-13 15:30:00-04:00,25.610000610351562,25.65999984741211,25.600000381469727,25.65999984741211,0,0.0,0.0,0.0
2024-03-14 09:30:00-04:00,25.780000686645508,25.780000686645508,25.309999465942383,25.40999984741211,6052,0.0,0.0,0.0
2024-03-14 10:30:00-04:00,25.31999969482422,25.378400802612305,25.18000030517578,25.18000030517578,2350,0.0,0.0,0.0
2024-03-14 11:30:00-04:00,25.31999969482422,25.31999969482422,25.200000762939453,25.200000762939453,2312,0.0,0.0,0.0
2024-03-14 12:30:00-04:00,25.30500030517578,25.30500030517578,25.230899810791016,25.230899810791016,3234,0.0,0.0,0.0
2024-03-14 13:30:00-04:00,25.29829978942871,25.29829978942871,25.229999542236328,25.229999542236328,1110,0.0,0.0,0.0
2024-03-14 14:30:00-04:00,25.303300857543945,25.303300857543945,25.18000030517578,25.18000030517578,8306,0.0,0.0,0.0
2024-03-14 15:30:00-04:00,25.139999389648438,25.31999969482422,25.139999389648438,25.31999969482422,1297,0.0,0.0,0.0
2024-03-15 09:30:00-04:00,25.219999313354492,25.219999313354492,24.8700008392334,24.8700008392334,0,0.0,0.0,0.0
2024-03-15 10:30:00-04:00,24.975000381469727,24.975000381469727,24.940000534057617,24.940000534057617,1786,0.0,0.0,0.0
2024-03-15 11:30:00-04:00,24.854400634765625,24.854400634765625,24.844999313354492,24.844999313354492,405,0.0,0.0,0.0
2024-03-15 12:30:00-04:00,24.799999237060547,24.969999313354492,24.799999237060547,24.969999313354492,3221,0.0,0.0,0.0
2024-03-15 13:30:00-04:00,24.940000534057617,24.969999313354492,24.940000534057617,24.95319938659668,921,0.0,0.0,0.0
2024-03-15 14:30:00-04:00,24.96500015258789,25.010000228881836,24.96500015258789,25.010000228881836,520,0.0,0.0,0.0
2024-03-15 15:30:00-04:00,24.940000534057617,24.940000534057617,24.847000122070312,24.847000122070312,100,0.0,0.0,0.0
2024-03-18 09:30:00-04:00,25.260000228881836,25.65999984741211,24.85379981994629,25.049999237060547,8522,0.0,0.0,0.0
2024-03-18 10:30:00-04:00,25.049999237060547,25.049999237060547,24.90999984741211,24.975000381469727,3738,0.0,0.0,0.0
2024-03-18 11:30:00-04:00,24.950000762939453,24.969999313354492,24.8799991607666,24.969999313354492,2867,0.0,0.0,0.0
2024-03-18 12:30:00-04:00,24.940000534057617,24.940000534057617,24.799999237060547,24.844999313354492,1743,0.0,0.0,0.0
2024-03-18 13:30:00-04:00,24.920000076293945,24.959999084472656,24.81999969482422,24.90999984741211,2646,0.0,0.0,0.0
2024-03-18 14:30:00-04:00,24.940000534057617,24.9950008392334,24.920000076293945,24.9950008392334,1941,0.0,0.0,0.0
2024-03-18 15:30:00-04:00,24.954999923706055,24.954999923706055,24.850000381469727,24.850000381469727,1283,0.0,0.0,0.0
2024-03-19 09:30:00-04:00,24.639999389648438,24.639999389648438,24.360000610351562,24.41010093688965,11055,0.0,0.0,0.0
2024-03-19 10:30:00-04:00,24.40999984741211,24.514999389648438,24.370100021362305,24.513200759887695,5947,0.0,0.0,0.0
2024-03-19 11:30:00-04:00,24.619400024414062,24.649999618530273,24.59869956970215,24.63479995727539,5966,0.0,0.0,0.0
2024-03-19 12:30:00-04:00,24.760000228881836,24.790000915527344,24.729999542236328,24.790000915527344,6362,0.0,0.0,0.0
2024-03-19 13:30:00-04:00,24.790000915527344,24.790000915527344,24.757600784301758,24.790000915527344,1049,0.0,0.0,0.0
2024-03-19 14:30:00-04:00,24.770000457763672,24.790000915527344,24.71500015258789,24.75,2153,0.0,0.0,0.0
2024-03-19 15:30:00-04:00,24.780000686645508,24.860000610351562,24.750999450683594,24.780000686645508,0,0.0,0.0,0.0
2024-03-20 09:30:00-04:00,24.940000534057617,24.940000534057617,24.709999084472656,24.80500030517578,1978,0.0,0.0,0.0
2024-03-20 10:30:00-04:00,24.790000915527344,24.86989974975586,24.770000457763672,24.86989974975586,4900,0.0,0.0,0.0
2024-03-20 11:30:00-04:00,24.84869956970215,24.84869956970215,24.719999313354492,24.72010040283203,2403,0.0,0.0,0.0
2024-03-20 12:30:00-04:00,24.778600692749023,24.778600692749023,24.709999084472656,24.709999084472656,1440,0.0,0.0,0.0
2024-03-20 13:30:00-04:00,24.81999969482422,24.950000762939453,24.719999313354492,24.864999771118164,1745,0.0,0.0,0.0
2024-03-20 14:30:00-04:00,24.889999389648438,25.100000381469727,24.889999389648438,25.099899291992188,3011,0.0,0.0,0.0
2024-03-20 15:30:00-04:00,25.1299991607666,25.170000076293945,25.09000015258789,25.09000015258789,0,0.0,0.0,0.0
2024-03-21 09:30:00-04:00,25.469999313354492,25.572500228881836,25.420000076293945,25.520000457763672,8128,0.0,0.0,0.0
2024-03-21 10:30:00-04:00,25.489999771118164,25.579999923706055,25.479999542236328,25.530000686645508,5081,0.0,0.0,0.0
2024-03-21 11:30:00-04:00,25.530000686645508,25.53499984741211,25.50950050354004,25.520000457763672,2317,0.0,0.0,0.0
2024-03-21 12:30:00-04:00,25.549999237060547,25.568300247192383,25.549999237060547,25.568300247192383,868,0.0,0.0,0.0
2024-03-21 13:30:00-04:00,25.569400787353516,25.569400787353516,25.399999618530273,25.399999618530273,8317,0.0,0.0,0.0
2024-03-21 14:30:00-04:00,25.350000381469727,25.420000076293945,25.329999923706055,25.3700008392334,17854,0.0,0.0,0.0
2024-03-21 15:30:00-04:00,25.399900436401367,25.399900436401367,25.32859992980957,25.350000381469727,2399,0.0,0.0,0.0
2024-03-22 09:30:00-04:00,25.280000686645508,25.280000686645508,25.149999618530273,25.149999618530273,3839,0.0,0.0,0.0
2024-03-22 10:30:00-04:00,25.1200008392334,25.1200008392334,25.049999237060547,25.079999923706055,1152,0.0,0.0,0.0
2024-03-22 11:30:00-04:00,25.1200008392334,25.159700393676758,25.040000915527344,25.1299991607666,5108,0.0,0.0,0.0
2024-03-22 12:30:00-04:00,25.09709930419922,25.165199279785156,25.09709930419922,25.110000610351562,1191,0.0,0.0,0.0
2024-03-22 13:30:00-04:00,25.209999084472656,25.238399505615234,25.170000076293945,25.18000030517578,6526,0.0,0.0,0.0
2024-03-22 14:30:00-04:00,25.139999389648438,25.219999313354492,25.13050079345703,25.13050079345703,2534,0.0,0.0,0.0
2024-03-22 15:30:00-04:00,25.18000030517578,25.229900360107422,25.18000030517578,25.190000534057617,4976,0.0,0.0,0.0
2024-03-25 09:30:00-04:00,25.1200008392334,25.279699325561523,25.020000457763672,25.2450008392334,12946,0.0,0.0,0.0
2024-03-25 10:30:00-04:00,25.280000686645508,25.290000915527344,25.190000534057617,25.261999130249023,1768,0.0,0.0,0.0
2024-03-25 11:30:00-04:00,25.31999969482422,25.37820053100586,25.315000534057617,25.37820053100586,2244,0.0,0.0,0.0
2024-03-25 12:30:00-04:00,25.315200805664062,25.360000610351562,25.270000457763672,25.270000457763672,919,0.0,0.0,0.0
2024-03-25 13:30:00-04:00,25.344999313354492,25.3799991607666,25.344999313354492,25.3700008392334,3832,0.0,0.0,0.0
2024-03-25 14:30:00-04:00,25.360000610351562,25.399999618530273,25.350000381469727,25.350000381469727,2141,0.0,0.0,0.0
2024-03-25 15:30:00-04:00,25.334999084472656,25.3799991607666,25.299999237060547,25.299999237060547,4760,0.0,0.0,0.0
2024-03-26 09:30:00-04:00,25.510000228881836,25.56999969482422,25.479900360107422,25.5,4860,0.0,0.0,0.0
2024-03-26 10:30:00-04:00,25.391399383544922,25.479999542236328,25.391000747680664,25.428800582885742,5931,0.0,0.0,0.0
2024-03-26 11:30:00-04:00,25.48539924621582,25.513700485229492,25.459999084472656,25.479999542236328,4762,0.0,0.0,0.0
2024-03-26 12:30:00-04:00,25.479999542236328,25.489999771118164,25.450000762939453,25.46500015258789,2927,0.0,0.0,0.0
2024-03-26 13:30:00-04:00,25.48819923400879,25.510000228881836,25.450000762939453,25.510000228881836,1701,0.0,0.0,0.0
2024-03-26 14:30:00-04:00,25.559999465942383,25.559999465942383,25.454999923706055,25.454999923706055,4498,0.0,0.0,0.0
2024-03-26 15:30:00-04:00,25.420000076293945,25.420000076293945,25.334999084472656,25.360000610351562,5873,0.0,0.0,0.0
2024-03-27 09:30:00-04:00,25.469999313354492,25.699899673461914,25.18000030517578,25.184999465942383,7612,0.0,0.0,0.0
2024-03-27 10:30:00-04:00,25.210100173950195,25.338300704956055,25.18720054626465,25.18720054626465,3297,0.0,0.0,0.0
2024-03-27 11:30:00-04:00,25.1564998626709,25.177400588989258,25.135000228881836,25.135000228881836,492,0.0,0.0,0.0
2024-03-27 12:30:00-04:00,25.200000762939453,25.239999771118164,25.170000076293945,25.219999313354492,4792,0.0,0.0,0.0
2024-03-27 13:30:00-04:00,25.184499740600586,25.184499740600586,25.184499740600586,25.184499740600586,519,0.0,0.0,0.0
2024-03-27 14:30:00-04:00,25.239999771118164,25.270000457763672,25.149999618530273,25.229999542236328,8422,0.0,0.0,0.0
2024-03-27 15:30:00-04:00,25.289899826049805,25.34000015258789,25.280000686645508,25.34000015258789,21959,0.0,0.0,0.0
2024-03-28 09:30:00-04:00,25.639999389648438,25.639999389648438,25.309999465942383,25.406099319458008,4693,0.0,0.0,0.0
2024-03-28 10:30:00-04:00,25.485000610351562,25.529199600219727,25.270000457763672,25.270000457763672,8312,0.0,0.0,0.0
2024-03-28 11:30:00-04:00,25.299999237060547,25.299999237060547,25.299999237060547,25.299999237060547,1198,0.0,0.0,0.0
2024-03-28 12:30:00-04:00,25.34079933166504,25.353099822998047,25.34079933166504,25.353099822998047,719,0.0,0.0,0.0
2024-03-28 13:30:00-04:00,25.31999969482422,25.359899520874023,25.270000457763672,25.270000457763672,2101,0.0,0.0,0.0
2024-03-28 14:30:00-04:00,25.299999237060547,25.314300537109375,25.260000228881836,25.309999465942383,4056,0.0,0.0,0.0
2024-03-28 15:30:00-04:00,25.260000228881836,25.290000915527344,25.25,25.25,9746,0.0,0.0,0.0
2024-04-01 09:30:00-04:00,25.280000686645508,25.479999542236328,25.209999084472656,25.209999084472656,8963,0.0,0.0,0.0
2024-04-01 10:30:00-04:00,25.200000762939453,25.209999084472656,25.149999618530273,25.159900665283203,1730,0.0,0.0,0.0
2024-04-01 11:30:00-04:00,25.079999923706055,25.18000030517578,25.079999923706055,25.18000030517578,1047,0.0,0.0,0.0
2024-04-01 12:30:00-04:00,25.259300231933594,25.259300231933594,25.190000534057617,25.190000534057617,1830,0.0,0.0,0.0
2024-04-01 13:30:00-04:00,25.1200008392334,25.139999389648438,25.1200008392334,25.139999389648438,670,0.0,0.0,0.0
2024-04-01 14:30:00-04:00,25.11009979248047,25.11009979248047,25.11009979248047,25.11009979248047,200,0.0,0.0,0.0
2024-04-01 15:30:00-04:00,25.139999389648438,25.190000534057617,25.139999389648438,25.170000076293945,1500,0.0,0.0,0.0
2024-04-02 09:30:00-04:00,24.697999954223633,24.950000762939453,24.459999084472656,24.590099334716797,23899,0.0,0.0,0.0
2024-04-02 10:30:00-04:00,24.6299991607666,24.769899368286133,24.56800079345703,24.768199920654297,5788,0.0,0.0,0.0
2024-04-02 11:30:00-04:00,24.690000534057617,24.690000534057617,24.690000534057617,24.690000534057617,197,0.0,0.0,0.0
2024-04-02 12:30:00-04:00,24.756500244140625,24.774999618530273,24.719999313354492,24.723400115966797,3398,0.0,0.0,0.0
2024-04-02 13:30:00-04:00,24.729999542236328,24.774999618530273,24.729999542236328,24.774999618530273,750,0.0,0.0,0.0
2024-04-02 14:30:00-04:00,24.719999313354492,24.834999084472656,24.719999313354492,24.799999237060547,1851,0.0,0.0,0.0
2024-04-02 15:30:00-04:00,24.825000762939453,24.879899978637695,24.809999465942383,24.809999465942383,2404,0.0,0.0,0.0
2024-04-03 09:30:00-04:00,24.549999237060547,24.915000915527344,24.549999237060547,24.87380027770996,0,0.0,0.0,0.0
2024-04-03 10:30:00-04:00,24.989999771118164,24.989999771118164,24.950000762939453,24.989900588989258,3473,0.0,0.0,0.0
2024-04-03 11:30:00-04:00,24.950000762939453,24.950000762939453,24.950000762939453,24.950000762939453,551,0.0,0.0,0.0
2024-04-03 12:30:00-04:00,24.950000762939453,24.99959945678711,24.920000076293945,24.92009925842285,1020,0.0,0.0,0.0
2024-04-03 13:30:00-04:00,24.959999084472656,25.0,24.959999084472656,25.0,5878,0.0,0.0,0.0
2024-04-03 14:30:00-04:00,24.920000076293945,24.920000076293945,24.81999969482422,24.81999969482422,2657,0.0,0.0,0.0
2024-04-03 15:30:00-04:00,24.8700008392334,24.8700008392334,24.829999923706055,24.84000015258789,2136,0.0,0.0,0.0
2024-04-04 09:30:00-04:00,25.329999923706055,25.329999923706055,25.200000762939453,25.22010040283203,6129,0.0,0.0,0.0
2024-04-04 10:30:00-04:00,25.277799606323242,25.278099060058594,25.219999313354492,25.278099060058594,2151,0.0,0.0,0.0
2024-04-04 11:30:00-04:00,25.29990005493164,25.29990005493164,25.29990005493164,25.29990005493164,320,0.0,0.0,0.0
2024-04-04 12:30:00-04:00,25.299999237060547,25.299999237060547,25.280099868774414,25.290000915527344,5642,0.0,0.0,0.0
2024-04-04 13:30:00-04:00,25.290000915527344,25.290000915527344,25.1299991607666,25.1299991607666,1248,0.0,0.0,0.0
2024-04-04 14:30:00-04:00,24.93000030517578,25.030000686645508,24.780000686645508,24.780000686645508,5746,0.0,0.0,0.0
2024-04-04 15:30:00-04:00,24.809999465942383,24.809999465942383,24.6299991607666,24.6299991607666,3648,0.0,0.0,0.0
2024-04-05 09:30:00-04:00,24.68000030517578,24.854999542236328,24.68000030517578,24.760000228881836,4760,0.0,0.0,0.0
2024-04-05 10:30:00-04:00,24.770000457763672,24.899999618530273,24.710100173950195,24.81209945678711,4932,0.0,0.0,0.0
2024-04-05 11:30:00-04:00,24.97960090637207,24.97960090637207,24.889999389648438,24.957700729370117,2208,0.0,0.0,0.0
2024-04-05 12:30:00-04:00,24.959999084472656,24.969999313354492,24.950000762939453,24.969999313354492,1517,0.0,0.0,0.0
2024-04-05 13:30:00-04:00,24.8799991607666,24.8799991607666,24.8799991607666,24.8799991607666,493,0.0,0.0,0.0
2024-04-05 14:30:00-04:00,24.84000015258789,24.84000015258789,24.84000015258789,24.84000015258789,280,0.0,0.0,0.0
2024-04-05 15:30:00-04:00,24.84000015258789,24.88990020751953,24.81999969482422,24.81999969482422,1366,0.0,0.0,0.0
2024-04-08 09:30:00-04:00,24.920000076293945,25.005599975585938,24.81999969482422,24.979999542236328,3328,0.0,0.0,0.0
2024-04-08 10:30:00-04:00,25.0,25.0,24.93000030517578,24.93000030517578,10037,0.0,0.0,0.0
2024-04-08 12:30:00-04:00,24.8799991607666,24.989999771118164,24.8799991607666,24.950000762939453,1306,0.0,0.0,0.0
2024-04-08 13:30:00-04:00,24.969999313354492,24.969999313354492,24.969999313354492,24.969999313354492,201,0.0,0.0,0.0
2024-04-08 14:30:00-04:00,24.954999923706055,24.989999771118164,24.954999923706055,24.989999771118164,1261,0.0,0.0,0.0
2024-04-08 15:30:00-04:00,24.96500015258789,24.96500015258789,24.93000030517578,24.93000030517578,3301,0.0,0.0,0.0
2024-04-09 09:30:00-04:00,25.059999465942383,25.149999618530273,25.0,25.0,0,0.0,0.0,0.0
2024-04-09 10:30:00-04:00,24.799999237060547,24.799999237060547,24.799999237060547,24.799999237060547,564,0.0,0.0,0.0
2024-04-09 11:30:00-04:00,24.8700008392334,24.959999084472656,24.860000610351562,24.959999084472656,407,0.0,0.0,0.0
2024-04-09 12:30:00-04:00,24.950000762939453,24.950000762939453,24.90180015563965,24.950000762939453,5891,0.0,0.0,0.0
2024-04-09 13:30:00-04:00,24.940000534057617,24.940000534057617,24.900699615478516,24.900699615478516,890,0.0,0.0,0.0
2024-04-09 14:30:00-04:00,24.8700008392334,24.889999389648438,24.817399978637695,24.817399978637695,2025,0.0,0.0,0.0
2024-04-09 15:30:00-04:00,24.94930076599121,24.94930076599121,24.940000534057617,24.940000534057617,0,0.0,0.0,0.0
2024-04-10 09:30:00-04:00,24.530000686645508,24.68000030517578,24.454999923706055,24.665000915527344,6289,0.0,0.0,0.0
2024-04-10 10:30:00-04:00,24.610000610351562,24.729999542236328,24.549999237060547,24.610000610351562,0,0.0,0.0,0.0
2024-04-10 11:30:00-04:00,24.545400619506836,24.68000030517578,24.545400619506836,24.68000030517578,15245,0.0,0.0,0.0
2024-04-10 12:30:00-04:00,24.540000915527344,24.610000610351562,24.540000915527344,24.594999313354492,2047,0.0,0.0,0.0
2024-04-10 14:30:00-04:00,24.592899322509766,24.670000076293945,24.592899322509766,24.6299991607666,748,0.0,0.0,0.0
2024-04-10 15:30:00-04:00,24.65999984741211,24.719999313354492,24.65999984741211,24.719999313354492,2810,0.0,0.0,0.0
2024-04-11 09:30:00-04:00,24.920000076293945,24.959999084472656,24.639999389648438,24.639999389648438,0,0.0,0.0,0.0
2024-04-11 10:30:00-04:00,24.741899490356445,24.82990074157715,24.700000762939453,24.78580093383789,2974,0.0,0.0,0.0
2024-04-11 11:30:00-04:00,24.760000228881836,24.860000610351562,24.760000228881836,24.859699249267578,1726,0.0,0.0,0.0
2024-04-11 12:30:00-04:00,24.795000076293945,24.795000076293945,24.795000076293945,24.795000076293945,272,0.0,0.0,0.0
2024-04-11 13:30:00-04:00,24.8799991607666,24.959999084472656,24.84000015258789,24.950000762939453,4200,0.0,0.0,0.0
2024-04-11 14:30:00-04:00,24.940000534057617,24.954999923706055,24.940000534057617,24.940000534057617,1203,0.0,0.0,0.0
2024-04-11 15:30:00-04:00,24.959999084472656,25.010000228881836,24.900100708007812,25.010000228881836,2990,0.0,0.0,0.0
2024-04-12 09:30:00-04:00,24.760000228881836,24.780899047851562,24.57349967956543,24.760000228881836,12333,0.0,0.0,0.0
2024-04-12 10:30:00-04:00,24.530000686645508,24.6200008392334,24.530000686645508,24.540000915527344,4751,0.0,0.0,0.0
2024-04-12 12:30:00-04:00,24.5049991607666,24.579999923706055,24.3700008392334,24.415000915527344,3585,0.0,0.0,0.0
2024-04-12 13:30:00-04:00,24.399999618530273,24.399999618530273,24.350099563598633,24.3700008392334,2505,0.0,0.0,0.0
2024-04-12 14:30:00-04:00,24.320100784301758,24.399900436401367,24.309999465942383,24.350000381469727,2822,0.0,0.0,0.0
2024-04-12 15:30:00-04:00,24.389999389648438,24.399999618530273,24.329999923706055,24.329999923706055,1060,0.0,0.0,0.0
2024-04-15 09:30:00-04:00,24.3700008392334,24.510000228881836,24.140100479125977,24.140100479125977,7064,0.0,0.0,0.0
2024-04-15 10:30:00-04:00,24.149999618530273,24.18239974975586,24.06999969482422,24.104999542236328,2008,0.0,0.0,0.0
2024-04-15 11:30:00-04:00,24.09000015258789,24.229900360107422,24.056499481201172,24.094999313354492,9310,0.0,0.0,0.0
2024-04-15 12:30:00-04:00,24.040000915527344,24.049999237060547,23.841400146484375,23.841400146484375,6522,0.0,0.0,0.0
2024-04-15 13:30:00-04:00,23.825000762939453,23.8700008392334,23.797700881958008,23.797700881958008,814,0.0,0.0,0.0
2024-04-15 14:30:00-04:00,23.78499984741211,23.809900283813477,23.600000381469727,23.635000228881836,11012,0.0,0.0,0.0
2024-04-15 15:30:00-04:00,23.679899215698242,23.679899215698242,23.6200008392334,23.6200008392334,4729,0.0,0.0,0.0
2024-04-16 09:30:00-04:00,23.510000228881836,23.604999542236328,23.510000228881836,23.560100555419922,7332,0.0,0.0,0.0
2024-04-16 11:30:00-04:00,23.611299514770508,23.658100128173828,23.600000381469727,23.600000381469727,854,0.0,0.0,0.0
2024-04-16 12:30:00-04:00,23.674999237060547,23.674999237060547,23.654499053955078,23.654499053955078,1204,0.0,0.0,0.0
2024-04-16 13:30:00-04:00,23.541000366210938,23.729999542236328,23.541000366210938,23.690000534057617,2003,0.0,0.0,0.0
2024-04-16 14:30:00-04:00,23.68000030517578,23.746200561523438,23.68000030517578,23.746200561523438,600,0.0,0.0,0.0
2024-04-16 15:30:00-04:00,23.709999084472656,23.719999313354492,23.670000076293945,23.670000076293945,2071,0.0,0.0,0.0
2024-04-17 09:30:00-04:00,23.799999237060547,23.89550018310547,23.739999771118164,23.790000915527344,0,0.0,0.0,0.0
2024-04-17 10:30:00-04:00,23.789899826049805,23.789899826049805,23.600000381469727,23.704999923706055,4150,0.0,0.0,0.0
2024-04-17 11:30:00-04:00,23.6299991607666,23.635000228881836,23.6299991607666,23.635000228881836,479,0.0,0.0,0.0
2024-04-17 12:30:00-04:00,23.510000228881836,23.67140007019043,23.469999313354492,23.67140007019043,1994,0.0,0.0,0.0
2024-04-17 13:30:00-04:00,23.670000076293945,23.670000076293945,23.670000076293945,23.670000076293945,100,0.0,0.0,0.0
2024-04-17 14:30:00-04:00,23.65999984741211,23.77120018005371,23.549999237060547,23.58799934387207,3944,0.0,0.0,0.0
2024-04-17 15:30:00-04:00,23.574499130249023,23.574499130249023,23.5,23.5,1174,0.0,0.0,0.0
2024-04-18 09:30:00-04:00,23.559999465942383,23.649999618530273,23.34000015258789,23.530000686645508,4723,0.0,0.0,0.0
2024-04-18 10:30:00-04:00,23.690000534057617,23.770000457763672,23.649999618530273,23.770000457763672,1269,0.0,0.0,0.0
2024-04-18 11:30:00-04:00,23.68000030517578,23.700000762939453,23.649999618530273,23.649999618530273,2093,0.0,0.0,0.0
2024-04-18 12:30:00-04:00,23.600000381469727,23.600000381469727,23.450000762939453,23.45009994506836,1461,0.0,0.0,0.0
2024-04-18 13:30:00-04:00,23.450000762939453,23.510099411010742,23.3700008392334,23.448400497436523,4199,0.0,0.0,0.0
2024-04-18 14:30:00-04:00,23.3799991607666,23.38010025024414,23.3799991607666,23.38010025024414,356,0.0,0.0,0.0
2024-04-18 15:30:00-04:00,23.389999389648438,23.390100479125977,23.360000610351562,23.360000610351562,829,0.0,0.0,0.0
2024-04-19 09:30:00-04:00,23.299999237060547,23.316600799560547,23.09000015258789,23.090099334716797,7929,0.0,0.0,0.0
2024-04-19 10:30:00-04:00,23.209999084472656,23.209999084472656,23.040000915527344,23.040000915527344,2699,0.0,0.0,0.0
2024-04-19 11:30:00-04:00,23.139999389648438,23.139999389648438,22.90999984741211,22.934999465942383,4132,0.0,0.0,0.0
2024-04-19 12:30:00-04:00,22.8700008392334,23.0,22.860000610351562,23.0,5477,0.0,0.0,0.0
2024-04-19 13:30:00-04:00,22.989999771118164,23.055500030517578,22.989999771118164,23.010000228881836,1775,0.0,0.0,0.0
2024-04-19 14:30:00-04:00,22.854999542236328,22.924999237060547,22.8075008392334,22.858800888061523,7825,0.0,0.0,0.0
2024-04-19 15:30:00-04:00,22.860000610351562,22.8700008392334,22.790000915527344,22.850000381469727,1699,0.0,0.0,0.0
2024-04-22 09:30:00-04:00,23.010000228881836,23.200000762939453,22.994300842285156,23.1200008392334,0,0.0,0.0,0.0
2024-04-22 10:30:00-04:00,22.926799774169922,22.93000030517578,22.81999969482422,22.85409927368164,1762,0.0,0.0,0.0
2024-04-22 11:30:00-04:00,22.924999237060547,22.924999237060547,22.924999237060547,22.924999237060547,1237,0.0,0.0,0.0
2024-04-22 12:30:00-04:00,23.15999984741211,23.170000076293945,23.149999618530273,23.149999618530273,2219,0.0,0.0,0.0
2024-04-22 13:30:00-04:00,23.219999313354492,23.296499252319336,23.219999313354492,23.270000457763672,3510,0.0,0.0,0.0
2024-04-22 14:30:00-04:00,23.25,23.299999237060547,23.217300415039062,23.260000228881836,955,0.0,0.0,0.0
2024-04-22 15:30:00-04:00,23.150999069213867,23.2450008392334,23.135000228881836,23.149999618530273,1298,0.0,0.0,0.0
2024-04-23 09:30:00-04:00,23.360000610351562,23.65999984741211,23.360000610351562,23.649999618530273,8965,0.0,0.0,0.0
2024-04-23 10:30:00-04:00,23.649999618530273,23.739900588989258,23.600000381469727,23.739900588989258,9702,0.0,0.0,0.0
2024-04-23 11:30:00-04:00,23.581199645996094,23.581199645996094,23.58009910583496,23.58009910583496,1022,0.0,0.0,0.0
2024-04-23 13:30:00-04:00,23.65999984741211,23.736099243164062,23.65999984741211,23.736099243164062,302,0.0,0.0,0.0
2024-04-23 14:30:00-04:00,23.809999465942383,23.84000015258789,23.739099502563477,23.75,4470,0.0,0.0,0.0
2024-04-23 15:30:00-04:00,23.68000030517578,23.68000030517578,23.68000030517578,23.68000030517578,443,0.0,0.0,0.0
2024-04-24 09:30:00-04:00,24.3700008392334,25.600000381469727,23.8799991607666,23.899999618530273,12509,0.0,0.0,0.0
2024-04-24 10:30:00-04:00,23.774999618530273,23.774999618530273,23.6200008392334,23.6200008392334,550,0.0,0.0,0.0
2024-04-24 11:30:00-04:00,23.729999542236328,23.729999542236328,23.56999969482422,23.56999969482422,907,0.0,0.0,0.0
2024-04-24 12:30:00-04:00,23.729999542236328,23.729999542236328,23.729999542236328,23.729999542236328,250,0.0,0.0,0.0
2024-04-24 13:30:00-04:00,23.78499984741211,23.78499984741211,23.78499984741211,23.78499984741211,130,0.0,0.0,0.0
2024-04-24 14:30:00-04:00,23.729999542236328,23.799999237060547,23.729999542236328,23.799999237060547,9056,0.0,0.0,0.0
2024-04-24 15:30:00-04:00,23.760000228881836,23.760000228881836,23.760000228881836,23.760000228881836,463,0.0,0.0,0.0
2024-04-25 09:30:00-04:00,23.3700008392334,23.424999237060547,23.110000610351562,23.420000076293945,6496,0.0,0.0,0.0
2024-04-25 10:30:00-04:00,23.347299575805664,23.34760093688965,23.347299575805664,23.34760093688965,644,0.0,0.0,0.0
2024-04-25 11:30:00-04:00,23.38949966430664,23.389999389648438,23.360000610351562,23.389999389648438,4163,0.0,0.0,0.0
2024-04-25 12:30:00-04:00,23.469999313354492,23.520000457763672,23.469900131225586,23.520000457763672,1125,0.0,0.0,0.0
2024-04-25 13:30:00-04:00,23.70989990234375,23.70989990234375,23.70989990234375,23.70989990234375,404,0.0,0.0,0.0
2024-04-25 14:30:00-04:00,23.59000015258789,23.600000381469727,23.579999923706055,23.600000381469727,2950,0.0,0.0,0.0
2024-04-25 15:30:00-04:00,23.56999969482422,23.56999969482422,23.56999969482422,23.56999969482422,579,0.0,0.0,0.0
2024-04-26 09:30:00-04:00,23.729999542236328,23.84000015258789,23.729999542236328,23.84000015258789,4701,0.0,0.0,0.0
2024-04-26 10:30:00-04:00,23.989999771118164,23.989999771118164,23.924999237060547,23.924999237060547,680,0.0,0.0,0.0
2024-04-26 11:30:00-04:00,24.00429916381836,24.00429916381836,23.860000610351562,23.860000610351562,1446,0.0,0.0,0.0
2024-04-26 12:30:00-04:00,23.91160011291504,24.007400512695312,23.90999984741211,24.007400512695312,2008,0.0,0.0,0.0
2024-04-26 13:30:00-04:00,23.920000076293945,23.97010040283203,23.8700008392334,23.8700008392334,1401,0.0,0.0,0.0
2024-04-26 14:30:00-04:00,23.860000610351562,23.901399612426758,23.860000610351562,23.8799991607666,760,0.0,0.0,0.0
2024-04-26 15:30:00-04:00,23.989999771118164,23.989999771118164,23.899999618530273,23.899999618530273,3538,0.0,0.0,0.0
2024-04-29 09:30:00-04:00,24.049999237060547,24.049999237060547,23.829999923706055,23.899999618530273,4351,0.0,0.0,0.0
2024-04-29 10:30:00-04:00,23.950000762939453,24.029800415039062,23.940000534057617,23.969999313354492,2777,0.0,0.0,0.0
2024-04-29 11:30:00-04:00,23.9591007232666,23.9591007232666,23.900100708007812,23.90999984741211,1004,0.0,0.0,0.0
2024-04-29 12:30:00-04:00,23.934999465942383,23.934999465942383,23.8799991607666,23.899999618530273,1362,0.0,0.0,0.0
2024-04-29 13:30:00-04:00,23.989900588989258,23.989900588989258,23.932600021362305,23.932600021362305,2821,0.0,0.0,0.0
2024-04-29 14:30:00-04:00,23.809999465942383,23.825000762939453,23.809999465942383,23.825000762939453,600,0.0,0.0,0.0
2024-04-29 15:30:00-04:00,23.829999923706055,23.8799991607666,23.809999465942383,23.8799991607666,1722,0.0,0.0,0.0
2024-04-30 09:30:00-04:00,23.760000228881836,23.790000915527344,23.739999771118164,23.778099060058594,2000,0.0,0.0,0.0
2024-04-30 10:30:00-04:00,23.65999984741211,23.65999984741211,23.600000381469727,23.600000381469727,529,0.0,0.0,0.0
2024-04-30 11:30:00-04:00,23.485000610351562,23.54990005493164,23.479999542236328,23.510000228881836,1651,0.0,0.0,0.0
2024-04-30 12:30:00-04:00,23.360000610351562,23.3700008392334,23.360000610351562,23.3700008392334,1211,0.0,0.0,0.0
2024-04-30 14:30:00-04:00,23.43000030517578,23.43000030517578,23.3700008392334,23.3700008392334,855,0.0,0.0,0.0
2024-04-30 15:30:00-04:00,23.260900497436523,23.290000915527344,23.260900497436523,23.290000915527344,0,0.0,0.0,0.0
2024-05-01 09:30:00-04:00,23.18000030517578,23.200000762939453,23.0,23.104999542236328,6444,0.0,0.0,0.0
2024-05-01 12:30:00-04:00,23.20989990234375,23.219900131225586,23.1299991607666,23.219900131225586,1453,0.0,0.0,0.0
2024-05-01 13:30:00-04:00,23.299999237060547,23.299999237060547,23.290000915527344,23.299999237060547,1263,0.0,0.0,0.0
2024-05-01 14:30:00-04:00,23.670000076293945,23.670000076293945,23.589500427246094,23.589500427246094,2254,0.0,0.0,0.0
2024-05-01 15:30:00-04:00,23.559999465942383,23.559999465942383,23.139999389648438,23.139999389648438,1260,0.0,0.0,0.0
2024-05-02 09:30:00-04:00,23.350000381469727,23.382299423217773,23.100000381469727,23.149999618530273,0,0.0,0.0,0.0
2024-05-02 10:30:00-04:00,23.1200008392334,23.290000915527344,23.1200008392334,23.290000915527344,2246,0.0,0.0,0.0
2024-05-02 11:30:00-04:00,23.260000228881836,23.274999618530273,23.260000228881836,23.274999618530273,370,0.0,0.0,0.0
2024-05-02 12:30:00-04:00,23.186500549316406,23.281700134277344,23.186500549316406,23.25,1061,0.0,0.0,0.0
2024-05-02 13:30:00-04:00,23.360000610351562,23.360000610351562,23.309999465942383,23.344200134277344,1277,0.0,0.0,0.0
2024-05-02 15:30:00-04:00,23.34000015258789,23.34000015258789,23.34000015258789,23.34000015258789,515,0.0,0.0,0.0
2024-05-03 09:30:00-04:00,23.68000030517578,23.898700714111328,23.6299991607666,23.6299991607666,4117,0.0,0.0,0.0
2024-05-03 10:30:00-04:00,23.649999618530273,23.649999618530273,23.578399658203125,23.613399505615234,1430,0.0,0.0,0.0
2024-05-03 11:30:00-04:00,23.66990089416504,23.66990089416504,23.65530014038086,23.65530014038086,470,0.0,0.0,0.0
2024-05-03 12:30:00-04:00,23.690200805664062,23.690200805664062,23.6200008392334,23.6200008392334,541,0.0,0.0,0.0
2024-05-03 13:30:00-04:00,23.610000610351562,23.685300827026367,23.600000381469727,23.685300827026367,3396,0.0,0.0,0.0
2024-05-03 14:30:00-04:00,23.66550064086914,23.66550064086914,23.66550064086914,23.66550064086914,110,0.0,0.0,0.0
2024-05-03 15:30:00-04:00,23.655000686645508,23.655000686645508,23.6200008392334,23.6200008392334,1242,0.0,0.0,0.0
2024-05-06 09:30:00-04:00,23.670000076293945,23.954999923706055,23.670000076293945,23.954999923706055,6202,0.0,0.0,0.0
2024-05-06 10:30:00-04:00,23.989999771118164,23.989999771118164,23.899999618530273,23.899999618530273,1803,0.0,0.0,0.0
2024-05-06 11:30:00-04:00,23.94499969482422,23.94499969482422,23.899999618530273,23.899999618530273,1398,0.0,0.0,0.0
2024-05-06 12:30:00-04:00,23.950000762939453,23.989900588989258,23.899999618530273,23.899999618530273,4070,0.0,0.0,0.0
2024-05-06 13:30:00-04:00,23.899999618530273,23.950000762939453,23.899999618530273,23.913999557495117,16096,0.0,0.0,0.0
2024-05-06 14:30:00-04:00,23.989900588989258,23.989900588989258,23.8700008392334,23.8700008392334,1311,0.0,0.0,0.0
2024-05-06 15:30:00-04:00,23.889999389648438,23.989999771118164,23.889999389648438,23.989900588989258,778,0.0,0.0,0.0
2024-05-07 09:30:00-04:00,23.709999084472656,23.8700008392334,23.690000534057617,23.8700008392334,0,0.0,0.0,0.0
2024-05-07 10:30:00-04:00,23.81999969482422,23.889999389648438,23.799999237060547,23.859100341796875,3531,0.0,0.0,0.0
2024-05-07 11:30:00-04:00,23.86199951171875,23.86199951171875,23.829999923706055,23.86009979248047,4952,0.0,0.0,0.0
2024-05-07 12:30:00-04:00,23.909900665283203,23.909900665283203,23.809999465942383,23.809999465942383,2213,0.0,0.0,0.0
2024-05-07 13:30:00-04:00,23.843599319458008,23.8799991607666,23.809999465942383,23.819900512695312,1472,0.0,0.0,0.0
2024-05-07 14:30:00-04:00,23.748600006103516,23.829999923706055,23.748600006103516,23.829999923706055,850,0.0,0.0,0.0
2024-05-07 15:30:00-04:00,23.762399673461914,23.770000457763672,23.729999542236328,23.740100860595703,0,0.0,0.0,0.0
2024-05-08 09:30:00-04:00,23.549999237060547,23.719999313354492,23.549999237060547,23.639999389648438,0,0.0,0.0,0.0
2024-05-08 10:30:00-04:00,23.719200134277344,23.719200134277344,23.719200134277344,23.719200134277344,4068,0.0,0.0,0.0
2024-05-08 11:30:00-04:00,23.670000076293945,23.700000762939453,23.670000076293945,23.700000762939453,1265,0.0,0.0,0.0
2024-05-08 12:30:00-04:00,23.65999984741211,23.68549919128418,23.6200008392334,23.658199310302734,3863,0.0,0.0,0.0
2024-05-08 13:30:00-04:00,23.610000610351562,23.709999084472656,23.610000610351562,23.709999084472656,1199,0.0,0.0,0.0
2024-05-08 14:30:00-04:00,23.700000762939453,23.709999084472656,23.610000610351562,23.620100021362305,860,0.0,0.0,0.0
2024-05-08 15:30:00-04:00,23.68000030517578,23.68000030517578,23.670000076293945,23.670000076293945,693,0.0,0.0,0.0
2024-05-09 09:30:00-04:00,23.780000686645508,23.859899520874023,23.690000534057617,23.809999465942383,1977,0.0,0.0,0.0
2024-05-09 10:30:00-04:00,23.850000381469727,23.93000030517578,23.849000930786133,23.93000030517578,4355,0.0,0.0,0.0
2024-05-09 11:30:00-04:00,23.864999771118164,23.864999771118164,23.770000457763672,23.860000610351562,2541,0.0,0.0,0.0
2024-05-09 12:30:00-04:00,23.81170082092285,23.87660026550293,23.780000686645508,23.780000686645508,3678,0.0,0.0,0.0
2024-05-09 13:30:00-04:00,23.795000076293945,23.795000076293945,23.774499893188477,23.774499893188477,3057,0.0,0.0,0.0
2024-05-09 14:30:00-04:00,23.760000228881836,23.834999084472656,23.760000228881836,23.825000762939453,1418,0.0,0.0,0.0
2024-05-09 15:30:00-04:00,23.780000686645508,23.836299896240234,23.780000686645508,23.836299896240234,403,0.0,0.0,0.0
2024-05-10 09:30:00-04:00,23.90999984741211,24.0,23.8700008392334,23.8700008392334,3163,0.0,0.0,0.0
2024-05-10 10:30:00-04:00,23.809999465942383,23.809999465942383,23.809999465942383,23.809999465942383,267,0.0,0.0,0.0
2024-05-10 11:30:00-04:00,23.752899169921875,23.770000457763672,23.739999771118164,23.770000457763672,2746,0.0,0.0,0.0
2024-05-10 12:30:00-04:00,23.769899368286133,23.77989959716797,23.730100631713867,23.730100631713867,900,0.0,0.0,0.0
2024-05-10 13:30:00-04:00,23.739999771118164,23.77989959716797,23.739999771118164,23.77989959716797,1646,0.0,0.0,0.0
2024-05-10 14:30:00-04:00,23.748699188232422,23.7908992767334,23.748699188232422,23.7908992767334,2105,0.0,0.0,0.0
2024-05-13 09:30:00-04:00,23.84000015258789,23.93000030517578,23.84000015258789,23.889999389648438,7355,0.0,0.0,0.0
2024-05-13 11:30:00-04:00,23.920000076293945,23.93000030517578,23.920000076293945,23.93000030517578,2731,0.0,0.0,0.0
2024-05-13 12:30:00-04:00,23.979900360107422,23.979900360107422,23.979900360107422,23.979900360107422,151,0.0,0.0,0.0
2024-05-13 13:30:00-04:00,23.889999389648438,23.979999542236328,23.889999389648438,23.979999542236328,338,0.0,0.0,0.0
2024-05-13 14:30:00-04:00,23.886699676513672,23.979999542236328,23.870100021362305,23.920000076293945,3087,0.0,0.0,0.0
2024-05-13 15:30:00-04:00,23.918500900268555,23.937999725341797,23.889999389648438,23.899999618530273,1071,0.0,0.0,0.0
2024-05-14 09:30:00-04:00,23.829999923706055,24.1200008392334,23.829999923706055,24.1200008392334,0,0.0,0.0,0.0
2024-05-14 10:30:00-04:00,24.149999618530273,24.149999618530273,24.082399368286133,24.094100952148438,2077,0.0,0.0,0.0
2024-05-14 11:30:00-04:00,24.110000610351562,24.125,24.104999542236328,24.104999542236328,936,0.0,0.0,0.0
2024-05-14 12:30:00-04:00,24.060300827026367,24.129899978637695,24.060300827026367,24.09000015258789,890,0.0,0.0,0.0
2024-05-14 13:30:00-04:00,24.08449935913086,24.139299392700195,24.08449935913086,24.139299392700195,1194,0.0,0.0,0.0
2024-05-14 14:30:00-04:00,24.110000610351562,24.139999389648438,24.110000610351562,24.13520050048828,779,0.0,0.0,0.0
2024-05-14 15:30:00-04:00,24.13010025024414,24.170000076293945,24.1299991607666,24.170000076293945,5272,0.0,0.0,0.0
2024-05-15 09:30:00-04:00,24.469999313354492,24.5,24.400999069213867,24.453699111938477,6297,0.0,0.0,0.0
2024-05-15 10:30:00-04:00,24.549999237060547,24.639999389648438,24.549999237060547,24.639999389648438,4608,0.0,0.0,0.0
2024-05-15 11:30:00-04:00,24.63960075378418,24.649999618530273,24.63960075378418,24.649999618530273,2930,0.0,0.0,0.0
2024-05-15 12:30:00-04:00,24.700000762939453,24.790000915527344,24.69499969482422,24.790000915527344,5094,0.0,0.0,0.0
2024-05-15 13:30:00-04:00,24.780000686645508,24.818099975585938,24.729999542236328,24.818099975585938,2594,0.0,0.0,0.0
2024-05-15 14:30:00-04:00,24.790000915527344,24.864999771118164,24.760099411010742,24.83009910583496,4253,0.0,0.0,0.0
2024-05-15 15:30:00-04:00,24.850000381469727,24.881900787353516,24.850000381469727,24.881900787353516,5094,0.0,0.0,0.0
2024-05-16 09:30:00-04:00,24.90999984741211,24.90999984741211,24.68000030517578,24.84000015258789,0,0.0,0.0,0.0
2024-05-16 10:30:00-04:00,24.815000534057617,24.815000534057617,24.769100189208984,24.799999237060547,7755,0.0,0.0,0.0
2024-05-16 11:30:00-04:00,24.85650062561035,24.85650062561035,24.75,24.750099182128906,1235,0.0,0.0,0.0
2024-05-16 12:30:00-04:00,24.750099182128906,24.809999465942383,24.75,24.75,1508,0.0,0.0,0.0
2024-05-16 13:30:00-04:00,24.764999389648438,24.764999389648438,24.764999389648438,24.764999389648438,521,0.0,0.0,0.0
2024-05-16 14:30:00-04:00,24.710100173950195,24.774999618530273,24.710100173950195,24.774999618530273,516,0.0,0.0,0.0
2024-05-16 15:30:00-04:00,24.701200485229492,24.735000610351562,24.690000534057617,24.690000534057617,2062,0.0,0.0,0.0
2024-05-17 09:30:00-04:00,24.639999389648438,24.829999923706055,24.639999389648438,24.700000762939453,3961,0.0,0.0,0.0
2024-05-17 10:30:00-04:00,24.709999084472656,24.774999618530273,24.709999084472656,24.75,3500,0.0,0.0,0.0
2024-05-17 11:30:00-04:00,24.735000610351562,24.740699768066406,24.700000762939453,24.719999313354492,1538,0.0,0.0,0.0
2024-05-17 12:30:00-04:00,24.710399627685547,24.75,24.697200775146484,24.697200775146484,880,0.0,0.0,0.0
2024-05-17 13:30:00-04:00,24.672700881958008,24.686100006103516,24.559999465942383,24.559999465942383,4737,0.0,0.0,0.0
2024-05-17 14:30:00-04:00,24.639999389648438,24.640100479125977,24.639999389648438,24.640100479125977,209,0.0,0.0,0.0
2024-05-17 15:30:00-04:00,24.709999084472656,24.709999084472656,24.709999084472656,24.709999084472656,1425,0.0,0.0,0.0
2024-05-20 09:30:00-04:00,24.780000686645508,24.849300384521484,24.770000457763672,24.81999969482422,6553,0.0,0.0,0.0
2024-05-20 10:30:00-04:00,24.809999465942383,24.81999969482422,24.780000686645508,24.780000686645508,3034,0.0,0.0,0.0
2024-05-20 11:30:00-04:00,24.81999969482422,24.95989990234375,24.81999969482422,24.95989990234375,2027,0.0,0.0,0.0
2024-05-20 12:30:00-04:00,24.88330078125,24.88330078125,24.860000610351562,24.860000610351562,597,0.0,0.0,0.0
2024-05-20 13:30:00-04:00,24.929899215698242,24.929899215698242,24.929899215698242,24.929899215698242,492,0.0,0.0,0.0
2024-05-20 14:30:00-04:00,24.920000076293945,24.949899673461914,24.920000076293945,24.949899673461914,0,0.0,0.0,0.0
2024-05-20 15:30:00-04:00,24.93000030517578,24.94849967956543,24.920000076293945,24.920000076293945,15303,0.0,0.0,0.0
2024-05-21 09:30:00-04:00,24.8799991607666,24.8799991607666,24.770000457763672,24.780000686645508,1943,0.0,0.0,0.0
2024-05-21 10:30:00-04:00,24.959199905395508,24.959999084472656,24.860000610351562,24.959999084472656,6949,0.0,0.0,0.0
2024-05-21 11:30:00-04:00,24.8799991607666,24.8799991607666,24.8799991607666,24.8799991607666,481,0.0,0.0,0.0
2024-05-21 12:30:00-04:00,24.794099807739258,24.794099807739258,24.794099807739258,24.794099807739258,114,0.0,0.0,0.0
2024-05-21 13:30:00-04:00,24.82550048828125,24.89900016784668,24.770000457763672,24.770099639892578,2508,0.0,0.0,0.0
2024-05-21 14:30:00-04:00,24.82390022277832,24.86989974975586,24.81999969482422,24.829999923706055,1642,0.0,0.0,0.0
2024-05-21 15:30:00-04:00,24.780000686645508,24.790000915527344,24.760000228881836,24.780000686645508,4380,0.0,0.0,0.0
2024-05-22 09:30:00-04:00,24.770000457763672,24.899900436401367,24.770000457763672,24.854999542236328,0,0.0,0.0,0.0
2024-05-22 10:30:00-04:00,24.854999542236328,24.879899978637695,24.829999923706055,24.84000015258789,1570,0.0,0.0,0.0
2024-05-22 11:30:00-04:00,24.860000610351562,24.860000610351562,24.85099983215332,24.860000610351562,961,0.0,0.0,0.0
2024-05-22 13:30:00-04:00,24.809999465942383,24.809999465942383,24.6200008392334,24.6200008392334,2503,0.0,0.0,0.0
2024-05-22 14:30:00-04:00,24.611600875854492,24.70989990234375,24.611600875854492,24.620100021362305,2500,0.0,0.0,0.0
2024-05-22 15:30:00-04:00,24.674999237060547,24.700000762939453,24.6299991607666,24.700000762939453,951,0.0,0.0,0.0
2024-05-23 09:30:00-04:00,25.0,25.0,24.67009925842285,24.68000030517578,8982,0.0,0.0,0.0
2024-05-23 10:30:00-04:00,24.790000915527344,24.790000915527344,24.600000381469727,24.70319938659668,1691,0.0,0.0,0.0
2024-05-23 11:30:00-04:00,24.76289939880371,24.770000457763672,24.76289939880371,24.770000457763672,722,0.0,0.0,0.0
2024-05-23 12:30:00-04:00,24.68000030517578,24.739999771118164,24.68000030517578,24.696800231933594,4953,0.0,0.0,0.0
2024-05-23 13:30:00-04:00,24.549999237060547,24.549999237060547,24.43000030517578,24.43000030517578,1434,0.0,0.0,0.0
2024-05-23 14:30:00-04:00,24.399999618530273,24.399999618530273,24.280000686645508,24.280099868774414,3094,0.0,0.0,0.0
2024-05-23 15:30:00-04:00,24.325000762939453,24.3799991607666,24.309999465942383,24.3799991607666,1349,0.0,0.0,0.0
2024-05-24 09:30:00-04:00,24.1299991607666,24.670000076293945,23.959999084472656,24.049999237060547,4393,0.0,0.0,0.0
2024-05-24 10:30:00-04:00,24.049999237060547,24.18000030517578,24.049999237060547,24.170000076293945,5278,0.0,0.0,0.0
2024-05-24 11:30:00-04:00,24.140100479125977,24.170000076293945,24.11639976501465,24.146099090576172,4560,0.0,0.0,0.0
2024-05-24 12:30:00-04:00,24.141599655151367,24.16990089416504,24.079999923706055,24.100099563598633,2515,0.0,0.0,0.0
2024-05-24 13:30:00-04:00,24.1299991607666,24.209999084472656,24.1299991607666,24.209999084472656,769,0.0,0.0,0.0
2024-05-24 14:30:00-04:00,24.100000381469727,24.100099563598633,24.059999465942383,24.08009910583496,1939,0.0,0.0,0.0
2024-05-24 15:30:00-04:00,24.114999771118164,24.114999771118164,24.077499389648438,24.077499389648438,2755,0.0,0.0,0.0
2024-05-28 09:30:00-04:00,24.030000686645508,24.14900016784668,23.979999542236328,24.120100021362305,0,0.0,0.0,0.0
2024-05-28 10:30:00-04:00,24.149799346923828,24.20829963684082,24.1200008392334,24.199899673461914,1445,0.0,0.0,0.0
2024-05-28 11:30:00-04:00,24.149999618530273,24.149999618530273,24.070100784301758,24.104999542236328,4552,0.0,0.0,0.0
2024-05-28 12:30:00-04:00,24.079999923706055,24.094999313354492,24.020000457763672,24.030000686645508,1680,0.0,0.0,0.0
2024-05-28 13:30:00-04:00,24.030000686645508,24.040000915527344,23.979999542236328,24.020000457763672,5557,0.0,0.0,0.0
2024-05-28 14:30:00-04:00,23.92449951171875,23.971599578857422,23.899999618530273,23.959999084472656,2616,0.0,0.0,0.0
2024-05-28 15:30:00-04:00,23.959999084472656,24.059999465942383,23.959999084472656,24.03499984741211,0,0.0,0.0,0.0
2024-05-29 09:30:00-04:00,23.829999923706055,24.029699325561523,23.829999923706055,23.990100860595703,7026,0.0,0.0,0.0
2024-05-29 10:30:00-04:00,24.049999237060547,24.049999237060547,24.0,24.000099182128906,569,0.0,0.0,0.0
2024-05-29 11:30:00-04:00,24.069900512695312,24.069900512695312,24.049999237060547,24.059900283813477,1622,0.0,0.0,0.0
2024-05-29 12:30:00-04:00,24.028200149536133,24.030000686645508,23.95009994506836,24.010000228881836,3475,0.0,0.0,0.0
2024-05-29 14:30:00-04:00,23.90999984741211,23.989999771118164,23.90999984741211,23.989999771118164,1612,0.0,0.0,0.0
2024-05-29 15:30:00-04:00,23.984800338745117,23.984800338745117,23.984800338745117,23.984800338745117,0,0.0,0.0,0.0
2024-05-30 09:30:00-04:00,23.50149917602539,23.59000015258789,23.146499633789062,23.239900588989258,13169,0.0,0.0,0.0
2024-05-30 10:30:00-04:00,23.15999984741211,23.16010093688965,23.030000686645508,23.100000381469727,6946,0.0,0.0,0.0
2024-05-30 11:30:00-04:00,23.094999313354492,23.135000228881836,23.08930015563965,23.131200790405273,1915,0.0,0.0,0.0
2024-05-30 12:30:00-04:00,23.131399154663086,23.16990089416504,23.059999465942383,23.100000381469727,7127,0.0,0.0,0.0
2024-05-30 13:30:00-04:00,23.110000610351562,23.1299991607666,22.979999542236328,23.049999237060547,9070,0.0,0.0,0.0
2024-05-30 14:30:00-04:00,23.026500701904297,23.026500701904297,22.899999618530273,22.94890022277832,4083,0.0,0.0,0.0
2024-05-30 15:30:00-04:00,22.915000915527344,22.915000915527344,22.809999465942383,22.85770034790039,4190,0.0,0.0,0.0
2024-05-31 09:30:00-04:00,22.780000686645508,22.84950065612793,22.479999542236328,22.479999542236328,8006,0.0,0.0,0.0
2024-05-31 10:30:00-04:00,22.43000030517578,22.459999084472656,22.389999389648438,22.389999389648438,2781,0.0,0.0,0.0
2024-05-31 11:30:00-04:00,22.43000030517578,22.43000030517578,22.329999923706055,22.33009910583496,2773,0.0,0.0,0.0
2024-05-31 12:30:00-04:00,22.3700008392334,22.450000762939453,22.3700008392334,22.420000076293945,3339,0.0,0.0,0.0
2024-05-31 13:30:00-04:00,22.450000762939453,22.450000762939453,22.3799991607666,22.405799865722656,1347,0.0,0.0,0.0
2024-05-31 14:30:00-04:00,22.360000610351562,22.54990005493164,22.360000610351562,22.54990005493164,3345,0.0,0.0,0.0
2024-05-31 15:30:00-04:00,22.5,22.73819923400879,22.479999542236328,22.709999084472656,2008,0.0,0.0,0.0
2024-06-03 09:30:00-04:00,22.920000076293945,22.94499969482422,22.739999771118164,22.790000915527344,7845,0.0,0.0,0.0
2024-06-03 10:30:00-04:00,22.725299835205078,22.770000457763672,22.510000228881836,22.587499618530273,11366,0.0,0.0,0.0
2024-06-03 11:30:00-04:00,22.58009910583496,22.639999389648438,22.58009910583496,22.639999389648438,1082,0.0,0.0,0.0
2024-06-03 12:30:00-04:00,22.610000610351562,22.610000610351562,22.489999771118164,22.489999771118164,854,0.0,0.0,0.0
2024-06-03 13:30:00-04:00,22.541000366210938,22.587499618530273,22.540000915527344,22.540000915527344,0,0.0,0.0,0.0
2024-06-03 14:30:00-04:00,22.520000457763672,22.559999465942383,22.481000900268555,22.559999465942383,25943,0.0,0.0,0.0
2024-06-03 15:30:00-04:00,22.510000228881836,22.64889907836914,22.510000228881836,22.64889907836914,0,0.0,0.0,0.0
2024-06-04 09:30:00-04:00,22.59000015258789,22.738000869750977,22.59000015258789,22.690099716186523,9660,0.0,0.0,0.0
2024-06-04 10:30:00-04:00,22.670000076293945,22.81999969482422,22.65999984741211,22.729999542236328,1379,0.0,0.0,0.0
2024-06-04 11:30:00-04:00,22.600000381469727,22.631200790405273,22.570100784301758,22.570100784301758,5697,0.0,0.0,0.0
2024-06-04 13:30:00-04:00,22.65999984741211,22.65999984741211,22.59000015258789,22.59000015258789,3915,0.0,0.0,0.0
2024-06-04 14:30:00-04:00,22.700000762939453,22.700000762939453,22.700000762939453,22.700000762939453,508,0.0,0.0,0.0
2024-06-04 15:30:00-04:00,22.645000457763672,22.67639923095703,22.645000457763672,22.67639923095703,0,0.0,0.0,0.0
2024-06-05 09:30:00-04:00,22.850000381469727,22.889999389648438,22.75,22.75,3633,0.0,0.0,0.0
2024-06-05 10:30:00-04:00,22.850000381469727,23.0,22.850000381469727,23.0,2179,0.0,0.0,0.0
2024-06-05 11:30:00-04:00,22.95509910583496,22.989999771118164,22.93199920654297,22.989999771118164,4906,0.0,0.0,0.0
2024-06-05 12:30:00-04:00,22.940000534057617,23.040000915527344,22.940000534057617,23.0049991607666,10393,0.0,0.0,0.0
2024-06-05 13:30:00-04:00,23.010000228881836,23.039899826049805,22.989999771118164,23.010000228881836,3445,0.0,0.0,0.0
2024-06-05 14:30:00-04:00,23.011499404907227,23.039899826049805,23.010000228881836,23.030000686645508,3332,0.0,0.0,0.0
2024-06-05 15:30:00-04:00,23.03510093688965,23.079999923706055,23.020000457763672,23.079999923706055,0,0.0,0.0,0.0
2024-06-06 09:30:00-04:00,23.09000015258789,23.229999542236328,23.09000015258789,23.18000030517578,6771,0.0,0.0,0.0
2024-06-06 10:30:00-04:00,23.189699172973633,23.219999313354492,23.149999618530273,23.194599151611328,3550,0.0,0.0,0.0
2024-06-06 11:30:00-04:00,23.13450050354004,23.165000915527344,23.120100021362305,23.120100021362305,2106,0.0,0.0,0.0
2024-06-06 12:30:00-04:00,23.18000030517578,23.189899444580078,23.18000030517578,23.189899444580078,1637,0.0,0.0,0.0
2024-06-06 13:30:00-04:00,23.170000076293945,23.19260025024414,23.149999618530273,23.149999618530273,1132,0.0,0.0,0.0
2024-06-06 14:30:00-04:00,23.110000610351562,23.189899444580078,23.100000381469727,23.170000076293945,6806,0.0,0.0,0.0
2024-06-06 15:30:00-04:00,23.170000076293945,23.170000076293945,23.09000015258789,23.149999618530273,5574,0.0,0.0,0.0
2024-06-07 09:30:00-04:00,22.959999084472656,23.09000015258789,22.959999084472656,23.076000213623047,2142,0.0,0.0,0.0
2024-06-07 10:30:00-04:00,23.190000534057617,23.190000534057617,23.051300048828125,23.051300048828125,4453,0.0,0.0,0.0
2024-06-07 11:30:00-04:00,23.06999969482422,23.149900436401367,23.06999969482422,23.1299991607666,5550,0.0,0.0,0.0
2024-06-07 12:30:00-04:00,23.100000381469727,23.100099563598633,23.09760093688965,23.09760093688965,2606,0.0,0.0,0.0
2024-06-07 13:30:00-04:00,23.125,23.125,23.010000228881836,23.03499984741211,1622,0.0,0.0,0.0
2024-06-07 14:30:00-04:00,23.059999465942383,23.06089973449707,23.049999237060547,23.049999237060547,843,0.0,0.0,0.0
2024-06-07 15:30:00-04:00,23.051700592041016,23.051700592041016,23.030000686645508,23.030000686645508,1768,0.0,0.0,0.0
2024-06-10 09:30:00-04:00,22.90999984741211,23.09000015258789,22.90999984741211,23.09000015258789,0,0.0,0.0,0.0
2024-06-10 10:30:00-04:00,23.167999267578125,23.18000030517578,23.110000610351562,23.18000030517578,749,0.0,0.0,0.0
2024-06-10 11:30:00-04:00,23.21500015258789,23.21500015258789,23.21500015258789,23.21500015258789,754,0.0,0.0,0.0
2024-06-10 13:30:00-04:00,23.145000457763672,23.189899444580078,23.130599975585938,23.16010093688965,10665,0.0,0.0,0.0
2024-06-10 14:30:00-04:00,23.1968994140625,23.280000686645508,23.1968994140625,23.22010040283203,1714,0.0,0.0,0.0
2024-06-11 09:30:00-04:00,23.15999984741211,23.15999984741211,23.040000915527344,23.09000015258789,0,0.0,0.0,0.0
2024-06-11 10:30:00-04:00,23.120100021362305,23.149999618530273,23.120100021362305,23.149999618530273,855,0.0,0.0,0.0
2024-06-11 11:30:00-04:00,23.13170051574707,23.13170051574707,23.1200008392334,23.1200008392334,842,0.0,0.0,0.0
2024-06-11 12:30:00-04:00,23.1200008392334,23.150100708007812,23.1200008392334,23.150100708007812,904,0.0,0.0,0.0
2024-06-11 13:30:00-04:00,23.170000076293945,23.200000762939453,23.170000076293945,23.200000762939453,1210,0.0,0.0,0.0
2024-06-11 14:30:00-04:00,23.2549991607666,23.2549991607666,23.219999313354492,23.249900817871094,1117,0.0,0.0,0.0
2024-06-11 15:30:00-04:00,23.211299896240234,23.211299896240234,23.200000762939453,23.200000762939453,4118,0.0,0.0,0.0
2024-06-12 09:30:00-04:00,23.56999969482422,23.944499969482422,23.56999969482422,23.8302001953125,7989,0.0,0.0,0.0
2024-06-12 10:30:00-04:00,23.825000762939453,23.86989974975586,23.780000686645508,23.80579948425293,7152,0.0,0.0,0.0
2024-06-12 11:30:00-04:00,23.809900283813477,23.809900283813477,23.790000915527344,23.790000915527344,976,0.0,0.0,0.0
2024-06-12 12:30:00-04:00,23.809900283813477,23.809900283813477,23.780000686645508,23.780000686645508,1508,0.0,0.0,0.0
2024-06-12 13:30:00-04:00,23.809900283813477,23.809900283813477,23.770000457763672,23.79990005493164,1014,0.0,0.0,0.0
2024-06-12 14:30:00-04:00,23.709999084472656,23.799999237060547,23.709999084472656,23.799999237060547,2469,0.0,0.0,0.0
2024-06-12 15:30:00-04:00,23.682199478149414,23.682199478149414,23.6299991607666,23.65999984741211,2181,0.0,0.0,0.0
2024-06-13 09:30:00-04:00,23.40999984741211,23.692699432373047,23.40999984741211,23.670000076293945,0,0.0,0.0,0.0
2024-06-13 10:30:00-04:00,23.541099548339844,23.610000610351562,23.489999771118164,23.600000381469727,4730,0.0,0.0,0.0
2024-06-13 11:30:00-04:00,23.489999771118164,23.490100860595703,23.440000534057617,23.440000534057617,2220,0.0,0.0,0.0
2024-06-13 12:30:00-04:00,23.40019989013672,23.559999465942383,23.40019989013672,23.450000762939453,1772,0.0,0.0,0.0
2024-06-13 13:30:00-04:00,23.459999084472656,23.50749969482422,23.459999084472656,23.459999084472656,1001,0.0,0.0,0.0
2024-06-13 14:30:00-04:00,23.43000030517578,23.5049991607666,23.43000030517578,23.430099487304688,1834,0.0,0.0,0.0
2024-06-13 15:30:00-04:00,23.430099487304688,23.44700050354004,23.430099487304688,23.44700050354004,838,0.0,0.0,0.0
2024-06-14 09:30:00-04:00,23.350000381469727,23.454999923706055,23.329999923706055,23.454999923706055,0,0.0,0.0,0.0
2024-06-14 10:30:00-04:00,23.420000076293945,23.420000076293945,23.420000076293945,23.420000076293945,571,0.0,0.0,0.0
2024-06-14 11:30:00-04:00,23.3799991607666,23.395000457763672,23.360000610351562,23.395000457763672,667,0.0,0.0,0.0
2024-06-14 12:30:00-04:00,23.350000381469727,23.399999618530273,23.350000381469727,23.3700008392334,1019,0.0,0.0,0.0
2024-06-14 13:30:00-04:00,23.399999618530273,23.489999771118164,23.38010025024414,23.38010025024414,0,0.0,0.0,0.0
2024-06-14 14:30:00-04:00,23.3799991607666,23.434999465942383,23.3799991607666,23.434999465942383,18232,0.0,0.0,0.0
2024-06-14 15:30:00-04:00,23.3799991607666,23.425899505615234,23.3799991607666,23.40999984741211,2196,0.0,0.0,0.0
2024-06-17 09:30:00-04:00,23.399999618530273,23.399999618530273,23.219999313354492,23.270000457763672,7332,0.0,0.0,0.0
2024-06-17 10:30:00-04:00,23.200000762939453,23.232500076293945,23.190000534057617,23.219600677490234,3922,0.0,0.0,0.0
2024-06-17 11:30:00-04:00,23.32990074157715,23.32990074157715,23.32990074157715,23.32990074157715,124,0.0,0.0,0.0
2024-06-17 12:30:00-04:00,23.399999618530273,23.450000762939453,23.399999618530273,23.450000762939453,4080,0.0,0.0,0.0
2024-06-17 13:30:00-04:00,23.450000762939453,23.560100555419922,23.450000762939453,23.560100555419922,3020,0.0,0.0,0.0
2024-06-17 14:30:00-04:00,23.6200008392334,23.6200008392334,23.558799743652344,23.558799743652344,740,0.0,0.0,0.0
2024-06-17 15:30:00-04:00,23.554800033569336,23.579999923706055,23.469999313354492,23.469999313354492,1512,0.0,0.0,0.0
2024-06-18 09:30:00-04:00,23.510000228881836,23.594999313354492,23.506099700927734,23.594999313354492,0,0.0,0.0,0.0
2024-06-18 10:30:00-04:00,23.625,23.625,23.5,23.5,1837,0.0,0.0,0.0
2024-06-18 11:30:00-04:00,23.47010040283203,23.549999237060547,23.47010040283203,23.549999237060547,1531,0.0,0.0,0.0
2024-06-18 12:30:00-04:00,23.489999771118164,23.489999771118164,23.47100067138672,23.47100067138672,682,0.0,0.0,0.0
2024-06-18 13:30:00-04:00,23.5,23.5,23.450000762939453,23.489999771118164,10652,0.0,0.0,0.0
2024-06-18 14:30:00-04:00,23.450000762939453,23.450000762939453,23.40999984741211,23.40999984741211,1922,0.0,0.0,0.0
2024-06-18 15:30:00-04:00,23.40999984741211,23.530000686645508,23.399999618530273,23.399999618530273,4979,0.0,0.0,0.0
2024-06-20 09:30:00-04:00,23.559999465942383,23.579999923706055,23.36009979248047,23.539899826049805,6446,0.0,0.0,0.0
2024-06-20 10:30:00-04:00,23.47130012512207,23.527700424194336,23.430099487304688,23.468000411987305,8343,0.0,0.0,0.0
2024-06-20 11:30:00-04:00,23.42009925842285,23.440000534057617,23.360000610351562,23.440000534057617,3095,0.0,0.0,0.0
2024-06-20 12:30:00-04:00,23.399999618530273,23.399999618530273,23.270000457763672,23.33370018005371,1604,0.0,0.0,0.0
2024-06-20 13:30:00-04:00,23.270000457763672,23.375,23.260000228881836,23.3700008392334,6380,0.0,0.0,0.0
2024-06-20 14:30:00-04:00,23.37619972229004,23.37619972229004,23.299999237060547,23.299999237060547,2554,0.0,0.0,0.0
2024-06-20 15:30:00-04:00,23.31999969482422,23.43899917602539,23.31999969482422,23.43899917602539,3827,0.0,0.0,0.0
2024-06-21 09:30:00-04:00,23.25,23.292699813842773,23.25,23.25,0,0.0,0.0,0.0
2024-06-21 10:30:00-04:00,23.350000381469727,23.350000381469727,23.31999969482422,23.340099334716797,0,0.0,0.0,0.0
2024-06-21 11:30:00-04:00,23.350000381469727,23.440000534057617,23.329999923706055,23.440000534057617,7104,0.0,0.0,0.0
2024-06-21 12:30:00-04:00,23.385900497436523,23.399999618530273,23.385900497436523,23.399999618530273,464,0.0,0.0,0.0
2024-06-21 14:30:00-04:00,23.385000228881836,23.43000030517578,23.385000228881836,23.43000030517578,798,0.0,0.0,0.0
2024-06-21 15:30:00-04:00,23.530000686645508,23.530000686645508,23.530000686645508,23.530000686645508,320,0.0,0.0,0.0
