Datetime,Open,High,Low,Close,Volume,Dividends,Stock Splits
2022-06-23 10:30:00-04:00,0.9951000213623047,0.9951000213623047,0.9951000213623047,0.9951000213623047,0,0.0,0.0
2022-06-23 11:30:00-04:00,1.0399999618530273,1.0399999618530273,1.0399999618530273,1.0399999618530273,203,0.0,0.0
2022-06-23 12:30:00-04:00,1.0399999618530273,1.0399999618530273,1.0399999618530273,1.0399999618530273,234,0.0,0.0
2022-06-23 13:30:00-04:00,0.993399977684021,0.993399977684021,0.993399977684021,0.993399977684021,115,0.0,0.0
2022-06-23 14:30:00-04:00,1.0399999618530273,1.0399999618530273,1.0399999618530273,1.0399999618530273,647,0.0,0.0
2022-06-24 09:30:00-04:00,1.0199999809265137,1.0199999809265137,1.0199999809265137,1.0199999809265137,0,0.0,0.0
2022-06-24 10:30:00-04:00,1.037500023841858,1.037500023841858,1.037500023841858,1.037500023841858,147,0.0,0.0
2022-06-24 12:30:00-04:00,1.0199999809265137,1.0199999809265137,1.0199999809265137,1.0199999809265137,100,0.0,0.0
2022-06-27 09:30:00-04:00,1.059999942779541,1.100000023841858,1.0199999809265137,1.0199999809265137,11100,0.0,0.0
2022-06-27 10:30:00-04:00,1.0673999786376953,1.0673999786376953,1.0673999786376953,1.0673999786376953,462,0.0,0.0
2022-06-27 14:30:00-04:00,1.0199999809265137,1.0199999809265137,1.0199999809265137,1.0199999809265137,304,0.0,0.0
2022-06-27 15:30:00-04:00,1.0549999475479126,1.0549999475479126,1.0549999475479126,1.0549999475479126,187,0.0,0.0
2022-06-28 09:30:00-04:00,1.0,1.0099999904632568,1.0,1.0,0,0.0,0.0
2022-06-28 10:30:00-04:00,1.0384999513626099,1.0384999513626099,1.034999966621399,1.034999966621399,382,0.0,0.0
2022-06-28 13:30:00-04:00,1.0,1.0499999523162842,0.9921000003814697,1.0499999523162842,10361,0.0,0.0
2022-06-28 14:30:00-04:00,1.0199999809265137,1.0199999809265137,1.0,1.0,601,0.0,0.0
2022-06-28 15:30:00-04:00,0.9921000003814697,0.9940000176429749,0.9803000092506409,0.9940000176429749,1236,0.0,0.0
2022-06-29 10:30:00-04:00,0.9829999804496765,0.9829999804496765,0.9829999804496765,0.9829999804496765,0,0.0,0.0
2022-06-29 11:30:00-04:00,0.9800000190734863,0.9800000190734863,0.9772999882698059,0.9800000190734863,1970,0.0,0.0
2022-06-29 12:30:00-04:00,0.9829999804496765,0.9829999804496765,0.9829999804496765,0.9829999804496765,200,0.0,0.0
2022-06-29 13:30:00-04:00,0.9764490127563477,0.9764490127563477,0.9764490127563477,0.9764490127563477,103,0.0,0.0
2022-06-29 14:30:00-04:00,0.9800000190734863,0.9991000294685364,0.9800000190734863,0.9991000294685364,504,0.0,0.0
2022-06-29 15:30:00-04:00,0.9524000287055969,0.9990000128746033,0.9524000287055969,0.9990000128746033,405,0.0,0.0
2022-06-30 13:30:00-04:00,0.9745489954948425,0.9800000190734863,0.949999988079071,0.9629999995231628,6271,0.0,0.0
2022-06-30 14:30:00-04:00,0.9745000004768372,0.9745000004768372,0.9485999941825867,0.9485999941825867,9369,0.0,0.0
2022-06-30 15:30:00-04:00,0.9745000004768372,0.9745000004768372,0.9745000004768372,0.9745000004768372,273,0.0,0.0
2022-07-01 10:30:00-04:00,0.9599999785423279,0.9599999785423279,0.9599999785423279,0.9599999785423279,7623,0.0,0.0
2022-07-01 13:30:00-04:00,0.9599999785423279,0.9599999785423279,0.9240999817848206,0.9411500096321106,10599,0.0,0.0
2022-07-01 14:30:00-04:00,0.9350000023841858,0.9354000091552734,0.9350000023841858,0.9354000091552734,1045,0.0,0.0
2022-07-01 15:30:00-04:00,0.9355000257492065,0.949999988079071,0.9351999759674072,0.949999988079071,1227,0.0,0.0
2022-07-05 09:30:00-04:00,0.9710000157356262,0.9710000157356262,0.9710000157356262,0.9710000157356262,0,0.0,0.0
2022-07-05 10:30:00-04:00,0.9621999859809875,0.9800000190734863,0.9621999859809875,0.9755489826202393,1215,0.0,0.0
2022-07-05 11:30:00-04:00,0.9800000190734863,0.9800000190734863,0.9800000190734863,0.9800000190734863,1000,0.0,0.0
2022-07-05 12:30:00-04:00,1.0099999904632568,1.0099999904632568,1.0099999904632568,1.0099999904632568,396,0.0,0.0
2022-07-05 13:30:00-04:00,0.9602500200271606,0.9602500200271606,0.9602500200271606,0.9602500200271606,182,0.0,0.0
2022-07-05 14:30:00-04:00,1.0099999904632568,1.0099999904632568,0.9599999785423279,1.0099999904632568,548,0.0,0.0
2022-07-05 15:30:00-04:00,0.9599999785423279,0.9599999785423279,0.9599999785423279,0.9599999785423279,168,0.0,0.0
2022-07-06 09:30:00-04:00,1.0999000072479248,1.100000023841858,1.090000033378601,1.090000033378601,3081,0.0,0.0
2022-07-06 10:30:00-04:00,1.100000023841858,1.1160000562667847,1.0973999500274658,1.1160000562667847,582,0.0,0.0
2022-07-06 11:30:00-04:00,1.0099999904632568,1.0299999713897705,1.0099999904632568,1.0219999551773071,5156,0.0,0.0
2022-07-06 12:30:00-04:00,1.0699000358581543,1.0699000358581543,1.0399999618530273,1.041100025177002,10640,0.0,0.0
2022-07-06 13:30:00-04:00,1.0399999618530273,1.0400999784469604,1.0399999618530273,1.0399999618530273,5281,0.0,0.0
2022-07-06 14:30:00-04:00,1.0572999715805054,1.1100000143051147,1.0399999618530273,1.100000023841858,54189,0.0,0.0
2022-07-06 15:30:00-04:00,1.149999976158142,1.149999976158142,1.059999942779541,1.0700000524520874,25400,0.0,0.0
2022-07-07 09:30:00-04:00,1.0499999523162842,1.0700000524520874,1.0499999523162842,1.0700000524520874,577,0.0,0.0
2022-07-07 11:30:00-04:00,1.0499999523162842,1.0499999523162842,1.0378999710083008,1.0378999710083008,3000,0.0,0.0
2022-07-07 12:30:00-04:00,1.0413000583648682,1.0413000583648682,1.0400999784469604,1.0400999784469604,937,0.0,0.0
2022-07-07 14:30:00-04:00,1.0662000179290771,1.0700000524520874,1.0662000179290771,1.0700000524520874,343,0.0,0.0
2022-07-07 15:30:00-04:00,1.0501999855041504,1.0700000524520874,1.0501999855041504,1.0700000524520874,702,0.0,0.0
2022-07-08 12:30:00-04:00,1.090000033378601,1.090000033378601,1.090000033378601,1.090000033378601,267,0.0,0.0
2022-07-08 13:30:00-04:00,1.0920000076293945,1.0920000076293945,1.0920000076293945,1.0920000076293945,209,0.0,0.0
2022-07-08 14:30:00-04:00,1.100000023841858,1.100000023841858,1.100000023841858,1.100000023841858,144,0.0,0.0
2022-07-08 15:30:00-04:00,1.100000023841858,1.100000023841858,1.0914000272750854,1.0914000272750854,2589,0.0,0.0
2022-07-11 12:30:00-04:00,1.0600999593734741,1.0600999593734741,1.0600999593734741,1.0600999593734741,468,0.0,0.0
2022-07-11 13:30:00-04:00,1.0750000476837158,1.0800000429153442,1.0750000476837158,1.0799000263214111,1394,0.0,0.0
2022-07-11 15:30:00-04:00,1.0800000429153442,1.0800000429153442,1.0800000429153442,1.0800000429153442,138,0.0,0.0
2022-07-12 09:30:00-04:00,1.0399999618530273,1.0399999618530273,1.0399999618530273,1.0399999618530273,300,0.0,0.0
2022-07-12 10:30:00-04:00,1.0534000396728516,1.0534000396728516,1.0534000396728516,1.0534000396728516,837,0.0,0.0
2022-07-12 12:30:00-04:00,1.0592999458312988,1.059999942779541,1.0592999458312988,1.059999942779541,425,0.0,0.0
2022-07-12 13:30:00-04:00,1.059999942779541,1.059999942779541,1.0599000453948975,1.0599000453948975,3364,0.0,0.0
2022-07-12 14:30:00-04:00,1.059999942779541,1.059999942779541,1.059999942779541,1.059999942779541,1117,0.0,0.0
2022-07-12 15:30:00-04:00,1.059999942779541,1.059999942779541,1.059999942779541,1.059999942779541,235,0.0,0.0
2022-07-13 09:30:00-04:00,1.0700000524520874,1.0700000524520874,1.0700000524520874,1.0700000524520874,151,0.0,0.0
2022-07-13 11:30:00-04:00,1.0800000429153442,1.0927000045776367,1.0800000429153442,1.0927000045776367,1348,0.0,0.0
2022-07-13 12:30:00-04:00,1.0800000429153442,1.0800000429153442,1.0800000429153442,1.0800000429153442,1311,0.0,0.0
2022-07-15 09:30:00-04:00,1.0600999593734741,1.0600999593734741,1.0600999593734741,1.0600999593734741,963,0.0,0.0
2022-07-15 14:30:00-04:00,1.100000023841858,1.100000023841858,1.0950000286102295,1.100000023841858,2366,0.0,0.0
2022-07-15 15:30:00-04:00,1.100000023841858,1.100000023841858,1.100000023841858,1.100000023841858,580,0.0,0.0
2022-07-18 10:30:00-04:00,1.1200000047683716,1.1200000047683716,1.1100000143051147,1.1100000143051147,1444,0.0,0.0
2022-07-18 11:30:00-04:00,1.1200000047683716,1.1200000047683716,1.1200000047683716,1.1200000047683716,388,0.0,0.0
2022-07-18 14:30:00-04:00,1.1200000047683716,1.1200000047683716,1.1200000047683716,1.1200000047683716,545,0.0,0.0
2022-07-19 09:30:00-04:00,1.1299999952316284,1.1299999952316284,1.1299999952316284,1.1299999952316284,3547,0.0,0.0
2022-07-19 10:30:00-04:00,1.1495000123977661,1.1495000123977661,1.1495000123977661,1.1495000123977661,335,0.0,0.0
2022-07-19 11:30:00-04:00,1.1200000047683716,1.1200000047683716,1.100000023841858,1.100000023841858,2021,0.0,0.0
2022-07-19 12:30:00-04:00,1.1200000047683716,1.1200000047683716,1.1200000047683716,1.1200000047683716,2219,0.0,0.0
2022-07-19 13:30:00-04:00,1.1200000047683716,1.1549999713897705,1.1200000047683716,1.1299999952316284,19126,0.0,0.0
2022-07-19 14:30:00-04:00,1.1653000116348267,1.1799999475479126,1.1200000047683716,1.134600043296814,45715,0.0,0.0
2022-07-19 15:30:00-04:00,1.1299999952316284,1.1481000185012817,1.1200000047683716,1.1200000047683716,3040,0.0,0.0
2022-07-20 10:30:00-04:00,1.1200000047683716,1.1200000047683716,1.1200000047683716,1.1200000047683716,587,0.0,0.0
2022-07-20 12:30:00-04:00,1.1299999952316284,1.1449999809265137,1.1200000047683716,1.1200000047683716,12719,0.0,0.0
2022-07-20 14:30:00-04:00,1.1200000047683716,1.1200000047683716,1.1200000047683716,1.1200000047683716,370,0.0,0.0
2022-07-20 15:30:00-04:00,1.1200000047683716,1.1299999952316284,1.100000023841858,1.100000023841858,44165,0.0,0.0
2022-07-21 10:30:00-04:00,1.0950000286102295,1.159999966621399,1.0950000286102295,1.159999966621399,506526,0.0,0.0
2022-07-21 11:30:00-04:00,1.159999966621399,1.190000057220459,1.100000023841858,1.149999976158142,9747,0.0,0.0
2022-07-21 12:30:00-04:00,1.1299999952316284,1.1699999570846558,1.1299999952316284,1.1699999570846558,13576,0.0,0.0
2022-07-21 13:30:00-04:00,1.1699999570846558,1.190000057220459,1.149999976158142,1.1799999475479126,3200,0.0,0.0
2022-07-21 14:30:00-04:00,1.190000057220459,1.190000057220459,1.1699999570846558,1.1699999570846558,4020,0.0,0.0
2022-07-21 15:30:00-04:00,1.1607999801635742,1.1699999570846558,1.159999966621399,1.1649999618530273,1268,0.0,0.0
2022-07-22 09:30:00-04:00,1.1399999856948853,1.1549999713897705,1.1200000047683716,1.1200000047683716,10612,0.0,0.0
2022-07-22 10:30:00-04:00,1.1299999952316284,1.149999976158142,1.100000023841858,1.1200000047683716,3926,0.0,0.0
2022-07-22 11:30:00-04:00,1.117400050163269,1.1299999952316284,1.1150000095367432,1.1150000095367432,1632,0.0,0.0
2022-07-22 12:30:00-04:00,1.1299999952316284,1.1299999952316284,1.1299999952316284,1.1299999952316284,309,0.0,0.0
2022-07-22 13:30:00-04:00,1.1200000047683716,1.1299999952316284,1.100000023841858,1.1299999952316284,402,0.0,0.0
2022-07-22 14:30:00-04:00,1.100000023841858,1.1299999952316284,1.100000023841858,1.1298999786376953,862,0.0,0.0
2022-07-22 15:30:00-04:00,1.1299999952316284,1.1299999952316284,1.1200000047683716,1.1200000047683716,352,0.0,0.0
2022-07-25 09:30:00-04:00,1.0568000078201294,1.2000000476837158,1.0499999523162842,1.090000033378601,0,0.0,0.0
2022-07-25 10:30:00-04:00,1.1100000143051147,1.1100000143051147,1.059999942779541,1.059999942779541,419,0.0,0.0
2022-07-25 11:30:00-04:00,1.1100000143051147,1.1100000143051147,1.090000033378601,1.090000033378601,653,0.0,0.0
2022-07-25 13:30:00-04:00,1.100000023841858,1.100000023841858,1.090000033378601,1.090000033378601,354,0.0,0.0
2022-07-25 14:30:00-04:00,1.100000023841858,1.100000023841858,1.0979000329971313,1.100000023841858,1011,0.0,0.0
2022-07-25 15:30:00-04:00,1.1100000143051147,1.1299999952316284,1.100000023841858,1.100000023841858,2198,0.0,0.0
2022-07-26 09:30:00-04:00,1.2200000286102295,1.2300000190734863,1.0700000524520874,1.1799999475479126,1147477,0.0,0.0
2022-07-26 10:30:00-04:00,1.149999976158142,1.1699999570846558,1.1401000022888184,1.1401000022888184,54101,0.0,0.0
2022-07-26 11:30:00-04:00,1.1486999988555908,1.190000057220459,1.1399999856948853,1.149999976158142,55493,0.0,0.0
2022-07-26 12:30:00-04:00,1.149999976158142,1.1699999570846558,1.149999976158142,1.152500033378601,84870,0.0,0.0
2022-07-26 13:30:00-04:00,1.149999976158142,1.1549999713897705,1.1399999856948853,1.149999976158142,24268,0.0,0.0
2022-07-26 14:30:00-04:00,1.1425000429153442,1.1799999475479126,1.1399999856948853,1.1700999736785889,83136,0.0,0.0
2022-07-26 15:30:00-04:00,1.1749999523162842,1.1799999475479126,1.1399999856948853,1.149999976158142,111700,0.0,0.0
2022-07-27 09:30:00-04:00,1.1399999856948853,1.1500999927520752,1.1100000143051147,1.1349999904632568,75868,0.0,0.0
2022-07-27 10:30:00-04:00,1.1349999904632568,1.1399999856948853,1.0700000524520874,1.1299999952316284,40312,0.0,0.0
2022-07-27 11:30:00-04:00,1.1200000047683716,1.1299999952316284,1.1098999977111816,1.1100000143051147,23912,0.0,0.0
2022-07-27 12:30:00-04:00,1.1100000143051147,1.149999976158142,1.1100000143051147,1.1399999856948853,44143,0.0,0.0
2022-07-27 13:30:00-04:00,1.1399999856948853,1.25,1.1100000143051147,1.149999976158142,49832,0.0,0.0
2022-07-27 14:30:00-04:00,1.149999976158142,1.1699999570846558,1.149999976158142,1.159999966621399,19162,0.0,0.0
2022-07-27 15:30:00-04:00,1.159999966621399,1.1799999475479126,1.149999976158142,1.149999976158142,437957,0.0,0.0
2022-07-28 09:30:00-04:00,1.1301000118255615,1.1699999570846558,1.1200000047683716,1.1399999856948853,16150,0.0,0.0
2022-07-28 10:30:00-04:00,1.1399999856948853,1.190000057220459,1.1200000047683716,1.1699999570846558,18328,0.0,0.0
2022-07-28 11:30:00-04:00,1.1399999856948853,1.159999966621399,1.1399999856948853,1.1526999473571777,848,0.0,0.0
2022-07-28 12:30:00-04:00,1.1699999570846558,1.1699999570846558,1.1699999570846558,1.1699999570846558,641,0.0,0.0
2022-07-28 13:30:00-04:00,1.149999976158142,1.149999976158142,1.0099999904632568,1.0800000429153442,38017,0.0,0.0
2022-07-28 14:30:00-04:00,1.0866999626159668,1.1200000047683716,1.0399999618530273,1.100000023841858,16078,0.0,0.0
2022-07-28 15:30:00-04:00,1.090000033378601,1.0950000286102295,1.0700000524520874,1.0950000286102295,8191,0.0,0.0
2022-07-29 09:30:00-04:00,1.100000023841858,1.100000023841858,1.0499999523162842,1.05239999294281,10068,0.0,0.0
2022-07-29 10:30:00-04:00,1.0700000524520874,1.0700000524520874,1.0499999523162842,1.059999942779541,1117,0.0,0.0
2022-07-29 11:30:00-04:00,1.0700000524520874,1.0800000429153442,1.0699000358581543,1.0800000429153442,1609,0.0,0.0
2022-07-29 12:30:00-04:00,1.0700000524520874,1.0700000524520874,1.0499999523162842,1.0499999523162842,1150,0.0,0.0
2022-07-29 13:30:00-04:00,1.0799000263214111,1.0799000263214111,1.0199999809265137,1.0700000524520874,9168,0.0,0.0
2022-07-29 14:30:00-04:00,1.0499999523162842,1.059999942779541,1.0499999523162842,1.059999942779541,846,0.0,0.0
2022-07-29 15:30:00-04:00,1.059000015258789,1.059999942779541,1.0500999689102173,1.059999942779541,809,0.0,0.0
2022-08-01 09:30:00-04:00,1.0700000524520874,1.0700000524520874,1.0,1.029099941253662,16064,0.0,0.0
2022-08-01 10:30:00-04:00,1.0199999809265137,1.0199999809265137,0.9800999760627747,1.0099999904632568,6595,0.0,0.0
2022-08-01 11:30:00-04:00,1.0098999738693237,1.0099999904632568,1.0,1.0,7382,0.0,0.0
2022-08-01 12:30:00-04:00,1.0,1.0099999904632568,1.0,1.0,6306,0.0,0.0
2022-08-01 13:30:00-04:00,0.9900000095367432,0.9900000095367432,0.972000002861023,0.9900000095367432,7996,0.0,0.0
2022-08-01 14:30:00-04:00,0.9900000095367432,1.0099999904632568,0.984000027179718,1.0099999904632568,21689,0.0,0.0
2022-08-01 15:30:00-04:00,1.0099999904632568,1.0099999904632568,1.0,1.0099999904632568,4138,0.0,0.0
2022-08-02 09:30:00-04:00,0.984000027179718,0.984000027179718,0.9599999785423279,0.9800000190734863,10119,0.0,0.0
2022-08-02 10:30:00-04:00,0.9951000213623047,1.0,0.9800000190734863,1.0,7586,0.0,0.0
2022-08-02 11:30:00-04:00,0.9700999855995178,1.0,0.9700000286102295,1.0,16660,0.0,0.0
2022-08-02 12:30:00-04:00,1.0049999952316284,1.0049999952316284,1.0,1.0,556,0.0,0.0
2022-08-02 13:30:00-04:00,0.9900000095367432,0.9900000095367432,0.9800000190734863,0.9900000095367432,1453,0.0,0.0
2022-08-02 14:30:00-04:00,1.0,1.0049999952316284,1.0,1.0049999952316284,1752,0.0,0.0
2022-08-02 15:30:00-04:00,1.0099999904632568,1.0099999904632568,0.9900000095367432,1.0099999904632568,6971,0.0,0.0
2022-08-03 09:30:00-04:00,1.0,1.000100016593933,1.0,1.0,2224,0.0,0.0
2022-08-03 10:30:00-04:00,1.0,1.0099999904632568,0.9800000190734863,0.9800000190734863,14905,0.0,0.0
2022-08-03 11:30:00-04:00,1.0099999904632568,1.0099999904632568,1.0099999904632568,1.0099999904632568,472,0.0,0.0
2022-08-03 12:30:00-04:00,1.0,1.0099999904632568,0.9970999956130981,0.9973000288009644,5454,0.0,0.0
2022-08-03 13:30:00-04:00,1.0099999904632568,1.0399999618530273,1.0,1.0399999618530273,13106,0.0,0.0
2022-08-03 14:30:00-04:00,1.0449999570846558,1.059999942779541,1.0,1.0399999618530273,6173,0.0,0.0
2022-08-03 15:30:00-04:00,1.0149999856948853,1.0299999713897705,0.996999979019165,1.0199999809265137,13922,0.0,0.0
2022-08-04 09:30:00-04:00,1.0299999713897705,1.0399999618530273,1.0,1.0099999904632568,22029,0.0,0.0
2022-08-04 10:30:00-04:00,1.0,1.0099999904632568,1.0,1.0099999904632568,3217,0.0,0.0
2022-08-04 11:30:00-04:00,1.0119999647140503,1.059999942779541,0.9940000176429749,1.0399999618530273,10095,0.0,0.0
2022-08-04 13:30:00-04:00,1.0199999809265137,1.0199999809265137,1.0,1.0099999904632568,3423,0.0,0.0
2022-08-04 14:30:00-04:00,1.0099999904632568,1.0099999904632568,1.0,1.003100037574768,4031,0.0,0.0
2022-08-04 15:30:00-04:00,1.0099999904632568,1.0199999809265137,1.0099999904632568,1.0149999856948853,1545,0.0,0.0
2022-08-05 09:30:00-04:00,1.0299999713897705,1.0378999710083008,1.0199999809265137,1.0199999809265137,0,0.0,0.0
2022-08-05 10:30:00-04:00,1.0299999713897705,1.059999942779541,1.0199999809265137,1.059999942779541,7814,0.0,0.0
2022-08-05 11:30:00-04:00,1.059999942779541,1.0800000429153442,1.0449999570846558,1.059999942779541,2981,0.0,0.0
2022-08-05 12:30:00-04:00,1.059999942779541,1.0800000429153442,1.059999942779541,1.0800000429153442,5598,0.0,0.0
2022-08-05 13:30:00-04:00,1.0549999475479126,1.0700000524520874,1.0499999523162842,1.0700000524520874,3057,0.0,0.0
2022-08-05 14:30:00-04:00,1.059999942779541,1.0700000524520874,1.0499999523162842,1.0700000524520874,2066,0.0,0.0
2022-08-05 15:30:00-04:00,1.059999942779541,1.0700000524520874,1.0399999618530273,1.0499999523162842,3593,0.0,0.0
2022-08-08 09:30:00-04:00,1.0299999713897705,1.0700000524520874,1.0299999713897705,1.0425000190734863,15853,0.0,0.0
2022-08-08 10:30:00-04:00,1.0499999523162842,1.0700000524520874,1.0444999933242798,1.0549999475479126,1866,0.0,0.0
2022-08-08 11:30:00-04:00,1.0499999523162842,1.0800000429153442,1.0399999618530273,1.0800000429153442,7518,0.0,0.0
2022-08-08 12:30:00-04:00,1.0800000429153442,1.0800000429153442,1.059999942779541,1.0800000429153442,1551,0.0,0.0
2022-08-08 13:30:00-04:00,1.0800000429153442,1.0800000429153442,1.0700000524520874,1.0800000429153442,859,0.0,0.0
2022-08-08 14:30:00-04:00,1.0750000476837158,1.090000033378601,1.059999942779541,1.0800000429153442,6092,0.0,0.0
2022-08-08 15:30:00-04:00,1.0700000524520874,1.100000023841858,1.059999942779541,1.090000033378601,8061,0.0,0.0
2022-08-09 09:30:00-04:00,1.100000023841858,1.100000023841858,1.0700000524520874,1.0800000429153442,18150,0.0,0.0
2022-08-09 13:30:00-04:00,1.090000033378601,1.090000033378601,1.090000033378601,1.090000033378601,189,0.0,0.0
2022-08-09 14:30:00-04:00,1.090000033378601,1.090000033378601,1.0800000429153442,1.0801000595092773,6435,0.0,0.0
2022-08-10 09:30:00-04:00,1.0700000524520874,1.070099949836731,1.0700000524520874,1.0700000524520874,1948,0.0,0.0
2022-08-10 10:30:00-04:00,1.0700000524520874,1.0700000524520874,1.059999942779541,1.0700000524520874,7888,0.0,0.0
2022-08-10 11:30:00-04:00,1.059999942779541,1.059999942779541,1.059999942779541,1.059999942779541,1087,0.0,0.0
2022-08-10 12:30:00-04:00,1.059999942779541,1.059999942779541,1.059999942779541,1.059999942779541,333,0.0,0.0
2022-08-10 14:30:00-04:00,1.0500999689102173,1.159999966621399,1.0499999523162842,1.100000023841858,28155,0.0,0.0
2022-08-10 15:30:00-04:00,1.100000023841858,1.1200000047683716,1.0800000429153442,1.1200000047683716,15618,0.0,0.0
2022-08-11 09:30:00-04:00,1.090000033378601,1.100000023841858,1.0800000429153442,1.100000023841858,14277,0.0,0.0
2022-08-11 10:30:00-04:00,1.09660005569458,1.100000023841858,1.0938999652862549,1.100000023841858,7894,0.0,0.0
2022-08-11 11:30:00-04:00,1.0920000076293945,1.100000023841858,1.090000033378601,1.0901000499725342,1882,0.0,0.0
2022-08-11 12:30:00-04:00,1.1100000143051147,1.1158000230789185,1.100000023841858,1.100000023841858,1923,0.0,0.0
2022-08-11 13:30:00-04:00,1.100000023841858,1.1200000047683716,1.100000023841858,1.1150000095367432,2788,0.0,0.0
2022-08-11 14:30:00-04:00,1.1174999475479126,1.1200000047683716,1.090000033378601,1.0901000499725342,10944,0.0,0.0
2022-08-11 15:30:00-04:00,1.0950000286102295,1.0961999893188477,1.0800000429153442,1.090000033378601,2181,0.0,0.0
2022-08-12 09:30:00-04:00,1.0199999809265137,1.0300999879837036,1.0199999809265137,1.0300999879837036,0,0.0,0.0
2022-08-12 10:30:00-04:00,1.0399999618530273,1.0499999523162842,1.0399999618530273,1.0499999523162842,1901,0.0,0.0
2022-08-12 11:30:00-04:00,1.0499999523162842,1.059999942779541,1.0499999523162842,1.0549999475479126,17392,0.0,0.0
2022-08-12 12:30:00-04:00,1.0549999475479126,1.0549999475479126,1.0465999841690063,1.0465999841690063,13905,0.0,0.0
2022-08-12 13:30:00-04:00,1.0449999570846558,1.0499999523162842,1.0399999618530273,1.0499999523162842,1736,0.0,0.0
2022-08-12 14:30:00-04:00,1.0480999946594238,1.0480999946594238,1.034999966621399,1.0399999618530273,10696,0.0,0.0
2022-08-12 15:30:00-04:00,1.034999966621399,1.0499999523162842,1.034999966621399,1.0399999618530273,32803,0.0,0.0
2022-08-15 09:30:00-04:00,1.0399999618530273,1.0622999668121338,1.0399999618530273,1.0622999668121338,0,0.0,0.0
2022-08-15 11:30:00-04:00,1.0099999904632568,1.0499999523162842,1.0099999904632568,1.0499999523162842,640,0.0,0.0
2022-08-15 13:30:00-04:00,1.0399999618530273,1.0499999523162842,1.0099999904632568,1.0149999856948853,33195,0.0,0.0
2022-08-15 14:30:00-04:00,1.0198999643325806,1.0299999713897705,1.0198999643325806,1.0299999713897705,7938,0.0,0.0
2022-08-15 15:30:00-04:00,1.0299999713897705,1.0299999713897705,1.0,1.0,35361,0.0,0.0
2022-08-16 09:30:00-04:00,1.0,1.0,1.0,1.0,2201,0.0,0.0
2022-08-16 10:30:00-04:00,1.0199999809265137,1.0199999809265137,1.0199999809265137,1.0199999809265137,5391,0.0,0.0
2022-08-16 12:30:00-04:00,1.01010000705719,1.0298999547958374,1.01010000705719,1.0298999547958374,3274,0.0,0.0
2022-08-16 13:30:00-04:00,1.0200999975204468,1.0299999713897705,1.0099999904632568,1.0099999904632568,44920,0.0,0.0
2022-08-16 14:30:00-04:00,1.0199999809265137,1.0199999809265137,1.0199999809265137,1.0199999809265137,1121,0.0,0.0
2022-08-16 15:30:00-04:00,1.0199999809265137,1.0199999809265137,1.0,1.0,55881,0.0,0.0
2022-08-17 09:30:00-04:00,1.0,1.018399953842163,1.0,1.018399953842163,1531,0.0,0.0
2022-08-17 10:30:00-04:00,1.0,1.01010000705719,1.0,1.01010000705719,1387,0.0,0.0
2022-08-17 11:30:00-04:00,1.0198999643325806,1.0198999643325806,1.0099999904632568,1.0099999904632568,701,0.0,0.0
2022-08-17 13:30:00-04:00,1.0199999809265137,1.0199999809265137,1.0199999809265137,1.0199999809265137,428,0.0,0.0
2022-08-17 14:30:00-04:00,1.0,1.0099999904632568,1.0,1.0099999904632568,2188,0.0,0.0
2022-08-17 15:30:00-04:00,1.0099999904632568,1.0099999904632568,1.0,1.0099999904632568,32595,0.0,0.0
2022-08-18 09:30:00-04:00,1.0161000490188599,1.0161000490188599,1.0,1.0,10738,0.0,0.0
2022-08-18 11:30:00-04:00,1.0185999870300293,1.0199999809265137,1.0,1.0199999809265137,15998,0.0,0.0
2022-08-18 12:30:00-04:00,1.0199999809265137,1.0299999713897705,1.0198999643325806,1.0298999547958374,8950,0.0,0.0
2022-08-18 13:30:00-04:00,1.0199999809265137,1.0299999713897705,1.0,1.0299999713897705,6782,0.0,0.0
2022-08-18 14:30:00-04:00,1.0104000568389893,1.0299999713897705,1.0104000568389893,1.0299999713897705,705,0.0,0.0
2022-08-18 15:30:00-04:00,1.011299967765808,1.0199999809265137,1.0,1.0,42807,0.0,0.0
2022-08-19 09:30:00-04:00,1.0099999904632568,1.0099999904632568,1.0,1.000100016593933,230,0.0,0.0
2022-08-19 10:30:00-04:00,1.0,1.0,1.0,1.0,710,0.0,0.0
2022-08-19 11:30:00-04:00,1.0019999742507935,1.0026999711990356,1.0,1.0,1000,0.0,0.0
2022-08-19 12:30:00-04:00,1.0,1.0,1.0,1.0,487,0.0,0.0
2022-08-19 13:30:00-04:00,1.0,1.0099999904632568,1.0,1.0099999904632568,207,0.0,0.0
2022-08-19 15:30:00-04:00,1.0,1.0099999904632568,0.9840999841690063,0.9840999841690063,60372,0.0,0.0
2022-08-22 09:30:00-04:00,0.9860000014305115,0.9860000014305115,0.9860000014305115,0.9860000014305115,705,0.0,0.0
2022-08-22 10:30:00-04:00,0.9997990131378174,0.9997990131378174,0.989799976348877,0.989799976348877,810,0.0,0.0
2022-08-22 11:30:00-04:00,0.9800000190734863,0.9800000190734863,0.9800000190734863,0.9800000190734863,865,0.0,0.0
2022-08-22 12:30:00-04:00,0.989799976348877,0.989799976348877,0.9700000286102295,0.9700000286102295,2168,0.0,0.0
2022-08-22 13:30:00-04:00,0.9700000286102295,0.9700000286102295,0.9700000286102295,0.9700000286102295,700,0.0,0.0
2022-08-22 14:30:00-04:00,0.9769999980926514,0.9769999980926514,0.9769999980926514,0.9769999980926514,102,0.0,0.0
2022-08-22 15:30:00-04:00,0.9769999980926514,0.989799976348877,0.9760000109672546,0.9897000193595886,0,0.0,0.0
2022-08-23 09:30:00-04:00,1.0098999738693237,1.0098999738693237,1.0098999738693237,1.0098999738693237,0,0.0,0.0
2022-08-23 10:30:00-04:00,1.0099999904632568,1.0199999809265137,1.0002000331878662,1.0002000331878662,6100,0.0,0.0
2022-08-23 12:30:00-04:00,1.0199999809265137,1.0199999809265137,1.0199999809265137,1.0199999809265137,238,0.0,0.0
2022-08-23 13:30:00-04:00,0.9810000061988831,0.9811999797821045,0.9810000061988831,0.9811999797821045,1996,0.0,0.0
2022-08-23 14:30:00-04:00,0.9819999933242798,0.9819999933242798,0.9819999933242798,0.9819999933242798,400,0.0,0.0
2022-08-23 15:30:00-04:00,0.9819999933242798,0.984499990940094,0.9819999933242798,0.984499990940094,3217,0.0,0.0
2022-08-24 09:30:00-04:00,1.0,1.0198999643325806,0.9800000190734863,1.0198999643325806,6526,0.0,0.0
2022-08-24 11:30:00-04:00,0.9829999804496765,1.0199999809265137,0.9829999804496765,1.0099999904632568,2040,0.0,0.0
2022-08-24 12:30:00-04:00,0.9998999834060669,0.9998999834060669,0.9998999834060669,0.9998999834060669,106,0.0,0.0
2022-08-24 13:30:00-04:00,0.9961000084877014,0.9961000084877014,0.9961000084877014,0.9961000084877014,102,0.0,0.0
2022-08-24 14:30:00-04:00,1.0,1.0,1.0,1.0,170,0.0,0.0
2022-08-25 09:30:00-04:00,0.9900000095367432,0.9900000095367432,0.9800000190734863,0.9900000095367432,0,0.0,0.0
2022-08-25 11:30:00-04:00,0.9800000190734863,0.9800000190734863,0.9800000190734863,0.9800000190734863,581,0.0,0.0
2022-08-25 13:30:00-04:00,0.9925000071525574,0.9925000071525574,0.9800999760627747,0.9853000044822693,2009,0.0,0.0
2022-08-26 09:30:00-04:00,0.9800000190734863,0.9990000128746033,0.9800000190734863,0.9900000095367432,0,0.0,0.0
2022-08-26 10:30:00-04:00,0.9810010194778442,0.9810010194778442,0.9810010194778442,0.9810010194778442,358,0.0,0.0
2022-08-26 13:30:00-04:00,0.998199999332428,0.998199999332428,0.998199999332428,0.998199999332428,339,0.0,0.0
2022-08-26 15:30:00-04:00,0.9901000261306763,0.9973989725112915,0.9901000261306763,0.9973989725112915,300,0.0,0.0
2022-08-29 09:30:00-04:00,0.9975000023841858,0.9975000023841858,0.9975000023841858,0.9975000023841858,0,0.0,0.0
2022-08-29 10:30:00-04:00,0.9800000190734863,0.9800999760627747,0.9800000190734863,0.9800999760627747,600,0.0,0.0
2022-08-29 11:30:00-04:00,0.9800999760627747,0.9860000014305115,0.9800999760627747,0.9860000014305115,1206,0.0,0.0
2022-08-29 13:30:00-04:00,0.9879999756813049,0.9879999756813049,0.9879999756813049,0.9879999756813049,101,0.0,0.0
2022-08-29 14:30:00-04:00,0.9894999861717224,0.9978989958763123,0.9894999861717224,0.9898999929428101,3416,0.0,0.0
2022-08-29 15:30:00-04:00,0.989799976348877,0.9900000095367432,0.987500011920929,0.987500011920929,3864,0.0,0.0
2022-08-30 09:30:00-04:00,0.9800999760627747,0.9901000261306763,0.9800999760627747,0.9901000261306763,0,0.0,0.0
2022-08-30 12:30:00-04:00,0.984000027179718,0.9851999878883362,0.984000027179718,0.984000027179718,1172,0.0,0.0
2022-08-30 13:30:00-04:00,0.984000027179718,0.984000027179718,0.9801999926567078,0.9801999926567078,2956,0.0,0.0
2022-08-30 14:30:00-04:00,0.9898999929428101,0.9900000095367432,0.9898999929428101,0.9900000095367432,0,0.0,0.0
2022-08-31 09:30:00-04:00,0.9800000190734863,0.9900000095367432,0.9800000190734863,0.9900000095367432,722,0.0,0.0
2022-08-31 10:30:00-04:00,0.9800999760627747,0.984000027179718,0.9800000190734863,0.982699990272522,8657,0.0,0.0
2022-08-31 14:30:00-04:00,1.0,1.0,1.0,1.0,105,0.0,0.0
2022-08-31 15:30:00-04:00,0.9980000257492065,0.9980000257492065,0.9980000257492065,0.9980000257492065,5005,0.0,0.0
2022-09-01 09:30:00-04:00,0.9901000261306763,0.9901000261306763,0.9900000095367432,0.9901000261306763,730,0.0,0.0
2022-09-01 10:30:00-04:00,0.9998999834060669,1.0,0.9998999834060669,1.0,3340,0.0,0.0
2022-09-01 12:30:00-04:00,0.9998999834060669,1.0,0.9998999834060669,1.0,753,0.0,0.0
2022-09-01 13:30:00-04:00,0.9900000095367432,0.9900000095367432,0.9900000095367432,0.9900000095367432,241,0.0,0.0
2022-09-02 09:30:00-04:00,1.0,1.000100016593933,0.9998999834060669,1.0,0,0.0,0.0
2022-09-02 10:30:00-04:00,1.0099999904632568,1.0099999904632568,1.0099999904632568,1.0099999904632568,107,0.0,0.0
2022-09-02 12:30:00-04:00,1.0,1.0099999904632568,1.0,1.0099999904632568,618,0.0,0.0
2022-09-02 13:30:00-04:00,1.0053999423980713,1.0053999423980713,1.0053999423980713,1.0053999423980713,353,0.0,0.0
2022-09-02 14:30:00-04:00,1.0099999904632568,1.0199999809265137,1.0099999904632568,1.0199999809265137,1633,0.0,0.0
2022-09-02 15:30:00-04:00,1.0099999904632568,1.0199999809265137,1.0099999904632568,1.0199999809265137,3156,0.0,0.0
2022-09-06 09:30:00-04:00,1.0099999904632568,1.0099999904632568,0.9800000190734863,0.9800000190734863,0,0.0,0.0
2022-09-06 10:30:00-04:00,1.0299999713897705,1.0299999713897705,1.0299999713897705,1.0299999713897705,1001,0.0,0.0
2022-09-06 11:30:00-04:00,1.0216000080108643,1.0216000080108643,1.0216000080108643,1.0216000080108643,310,0.0,0.0
2022-09-06 12:30:00-04:00,0.9800000190734863,0.9807999730110168,0.9800000190734863,0.9807000160217285,3225,0.0,0.0
2022-09-06 13:30:00-04:00,0.9700999855995178,0.9800000190734863,0.9700999855995178,0.9800000190734863,5748,0.0,0.0
2022-09-06 14:30:00-04:00,0.9900000095367432,1.0049999952316284,0.9900000095367432,1.0049999952316284,346,0.0,0.0
2022-09-06 15:30:00-04:00,1.0,1.0049999952316284,0.9900000095367432,0.9900000095367432,1202,0.0,0.0
2022-09-07 09:30:00-04:00,0.9804999828338623,0.9900000095367432,0.9804999828338623,0.9900000095367432,2722,0.0,0.0
2022-09-07 10:30:00-04:00,1.0,1.0,1.0,1.0,2530,0.0,0.0
2022-09-07 12:30:00-04:00,0.9710000157356262,1.0069999694824219,0.9710000157356262,1.0069999694824219,918,0.0,0.0
2022-09-07 13:30:00-04:00,1.0199999809265137,1.0199999809265137,0.9796000123023987,1.0094000101089478,1361,0.0,0.0
2022-09-07 14:30:00-04:00,1.0099999904632568,1.0099999904632568,1.0,1.0099999904632568,1744,0.0,0.0
2022-09-07 15:30:00-04:00,1.0199999809265137,1.0199999809265137,1.0190000534057617,1.0190000534057617,968,0.0,0.0
2022-09-08 09:30:00-04:00,1.0399999618530273,1.0399999618530273,1.0099999904632568,1.0099999904632568,0,0.0,0.0
2022-09-08 10:30:00-04:00,1.0099999904632568,1.0099999904632568,1.0098999738693237,1.0098999738693237,919,0.0,0.0
2022-09-08 13:30:00-04:00,0.9703999757766724,0.9703999757766724,0.9703999757766724,0.9703999757766724,431,0.0,0.0
2022-09-08 14:30:00-04:00,1.0,1.0,1.0,1.0,686,0.0,0.0
2022-09-08 15:30:00-04:00,1.0,1.0099999904632568,1.0,1.0,1107,0.0,0.0
2022-09-09 09:30:00-04:00,0.9900000095367432,1.059999942779541,0.9900000095367432,1.0,2018,0.0,0.0
2022-09-09 10:30:00-04:00,1.0099999904632568,1.0099999904632568,1.0099999904632568,1.0099999904632568,629,0.0,0.0
2022-09-09 11:30:00-04:00,0.9900000095367432,0.9901000261306763,0.9800000190734863,0.9800000190734863,6080,0.0,0.0
2022-09-09 12:30:00-04:00,0.9800999760627747,0.9800999760627747,0.9800999760627747,0.9800999760627747,530,0.0,0.0
2022-09-09 13:30:00-04:00,0.9801999926567078,0.9801999926567078,0.9801999926567078,0.9801999926567078,1180,0.0,0.0
2022-09-09 14:30:00-04:00,0.9850000143051147,0.9850000143051147,0.9850000143051147,0.9850000143051147,2066,0.0,0.0
2022-09-09 15:30:00-04:00,0.9801999926567078,0.9901000261306763,0.9801999926567078,0.984000027179718,1628,0.0,0.0
2022-09-12 09:30:00-04:00,0.9703999757766724,1.0104999542236328,0.9703999757766724,1.0104999542236328,0,0.0,0.0
2022-09-12 10:30:00-04:00,1.0198999643325806,1.0199999809265137,1.0099999904632568,1.0099999904632568,2089,0.0,0.0
2022-09-12 11:30:00-04:00,1.0,1.0157999992370605,1.0,1.0157999992370605,919,0.0,0.0
2022-09-12 13:30:00-04:00,1.0,1.0,1.0,1.0,939,0.0,0.0
2022-09-12 14:30:00-04:00,1.0,1.0099999904632568,0.9900000095367432,0.9901999831199646,10637,0.0,0.0
2022-09-12 15:30:00-04:00,0.9900000095367432,0.9900000095367432,0.9900000095367432,0.9900000095367432,229,0.0,0.0
2022-09-13 09:30:00-04:00,0.9900000095367432,1.0126999616622925,0.9900000095367432,1.0099999904632568,8766,0.0,0.0
2022-09-13 10:30:00-04:00,1.0099999904632568,1.0099999904632568,1.0099999904632568,1.0099999904632568,627,0.0,0.0
2022-09-13 11:30:00-04:00,1.01010000705719,1.01010000705719,1.01010000705719,1.01010000705719,6906,0.0,0.0
2022-09-13 12:30:00-04:00,1.0099999904632568,1.018399953842163,1.0099999904632568,1.0099999904632568,41075,0.0,0.0
2022-09-13 13:30:00-04:00,1.0049999952316284,1.0099999904632568,1.0049999952316284,1.0049999952316284,3197,0.0,0.0
2022-09-13 14:30:00-04:00,1.0,1.0083999633789062,1.0,1.0083999633789062,661,0.0,0.0
2022-09-13 15:30:00-04:00,1.000100016593933,1.0099999904632568,1.0,1.0049999952316284,12785,0.0,0.0
2022-09-14 09:30:00-04:00,1.0,1.0,1.0,1.0,954,0.0,0.0
2022-09-14 10:30:00-04:00,1.0,1.0399999618530273,1.0,1.0241999626159668,7348,0.0,0.0
2022-09-14 11:30:00-04:00,1.0099999904632568,1.0099999904632568,1.0,1.0,10334,0.0,0.0
2022-09-14 12:30:00-04:00,1.0,1.0,0.9919999837875366,0.9919999837875366,9662,0.0,0.0
2022-09-14 13:30:00-04:00,1.0390000343322754,1.0390000343322754,1.0298999547958374,1.0298999547958374,691,0.0,0.0
2022-09-14 14:30:00-04:00,0.9900000095367432,0.9900000095367432,0.9900000095367432,0.9900000095367432,345,0.0,0.0
2022-09-14 15:30:00-04:00,1.0099999904632568,1.0099999904632568,1.0099999904632568,1.0099999904632568,123,0.0,0.0
2022-09-15 09:30:00-04:00,1.0099999904632568,1.0099999904632568,0.9900000095367432,0.9900000095367432,1097,0.0,0.0
2022-09-15 10:30:00-04:00,0.9900000095367432,0.9900000095367432,0.9900000095367432,0.9900000095367432,1786,0.0,0.0
2022-09-15 11:30:00-04:00,0.9900000095367432,0.9900000095367432,0.9900000095367432,0.9900000095367432,4817,0.0,0.0
2022-09-15 12:30:00-04:00,0.9900000095367432,0.9900000095367432,0.9900000095367432,0.9900000095367432,3239,0.0,0.0
2022-09-15 13:30:00-04:00,1.0099999904632568,1.0099999904632568,0.9900000095367432,0.9900000095367432,2140,0.0,0.0
2022-09-15 14:30:00-04:00,0.9900000095367432,0.991100013256073,0.9800000190734863,0.991100013256073,11350,0.0,0.0
2022-09-15 15:30:00-04:00,0.991100013256073,1.0,0.9800000190734863,0.9819999933242798,5229,0.0,0.0
2022-09-16 09:30:00-04:00,1.0099999904632568,1.0099999904632568,0.9703999757766724,0.9789999723434448,0,0.0,0.0
2022-09-16 10:30:00-04:00,0.9789999723434448,0.9789999723434448,0.9639999866485596,0.9639999866485596,3338,0.0,0.0
2022-09-16 11:30:00-04:00,0.9800000190734863,0.9800000190734863,0.9800000190734863,0.9800000190734863,1153,0.0,0.0
2022-09-16 12:30:00-04:00,0.9800000190734863,0.9900000095367432,0.9800000190734863,0.9800000190734863,3668,0.0,0.0
2022-09-16 13:30:00-04:00,0.9800000190734863,1.0,0.9800000190734863,0.9900000095367432,3451,0.0,0.0
2022-09-16 14:30:00-04:00,0.9800000190734863,0.9980000257492065,0.9800000190734863,0.9890000224113464,5434,0.0,0.0
2022-09-16 15:30:00-04:00,0.9800000190734863,1.0499999523162842,0.9800000190734863,0.982699990272522,11244,0.0,0.0
2022-09-19 09:30:00-04:00,1.0499999523162842,1.0499999523162842,0.9915000200271606,0.9915000200271606,0,0.0,0.0
2022-09-19 10:30:00-04:00,1.0,1.0199999809265137,0.9620000123977661,0.9900000095367432,1758,0.0,0.0
2022-09-19 11:30:00-04:00,0.9639999866485596,0.9639999866485596,0.9599999785423279,0.9599999785423279,4870,0.0,0.0
2022-09-19 14:30:00-04:00,0.9900000095367432,0.994949996471405,0.9699000120162964,0.9900000095367432,4366,0.0,0.0
2022-09-19 15:30:00-04:00,0.9800000190734863,0.9800000190734863,0.9700000286102295,0.9800000190734863,721,0.0,0.0
2022-09-20 09:30:00-04:00,0.9695000052452087,0.9695000052452087,0.960099995136261,0.9686999917030334,0,0.0,0.0
2022-09-20 10:30:00-04:00,0.9754999876022339,0.9900000095367432,0.9639999866485596,0.9680500030517578,11931,0.0,0.0
2022-09-20 11:30:00-04:00,0.984000027179718,0.984000027179718,0.9520999789237976,0.9520999789237976,4901,0.0,0.0
2022-09-20 12:30:00-04:00,0.9549999833106995,0.9549999833106995,0.9549999833106995,0.9549999833106995,100,0.0,0.0
2022-09-20 13:30:00-04:00,0.9719989895820618,0.9719989895820618,0.9599999785423279,0.9599999785423279,3248,0.0,0.0
2022-09-20 14:30:00-04:00,0.9696999788284302,0.9696999788284302,0.9599999785423279,0.964900016784668,2366,0.0,0.0
2022-09-21 09:30:00-04:00,0.9900000095367432,0.9900000095367432,0.9900000095367432,0.9900000095367432,0,0.0,0.0
2022-09-21 10:30:00-04:00,0.9509999752044678,0.9509999752044678,0.9509999752044678,0.9509999752044678,141,0.0,0.0
2022-09-21 13:30:00-04:00,0.9754989743232727,0.9754989743232727,0.9754989743232727,0.9754989743232727,136,0.0,0.0
2022-09-21 14:30:00-04:00,0.9509999752044678,0.9510999917984009,0.949999988079071,0.949999988079071,1938,0.0,0.0
2022-09-21 15:30:00-04:00,0.9745000004768372,0.9745000004768372,0.949999988079071,0.9745000004768372,7302,0.0,0.0
2022-09-22 09:30:00-04:00,0.9890000224113464,0.9890000224113464,0.968999981880188,0.968999981880188,386,0.0,0.0
2022-09-22 13:30:00-04:00,0.9599990248680115,0.9649999737739563,0.9200000166893005,0.9200000166893005,43143,0.0,0.0
2022-09-22 14:30:00-04:00,0.9200000166893005,0.9457989931106567,0.9200000166893005,0.9200000166893005,5702,0.0,0.0
2022-09-22 15:30:00-04:00,0.9200000166893005,0.9410499930381775,0.9100000262260437,0.9100000262260437,18949,0.0,0.0
2022-09-23 09:30:00-04:00,0.9399999976158142,0.9399999976158142,0.9100000262260437,0.9100000262260437,0,0.0,0.0
2022-09-23 10:30:00-04:00,0.9110999703407288,0.9244999885559082,0.9100000262260437,0.9100000262260437,1653,0.0,0.0
2022-09-23 11:30:00-04:00,0.9100000262260437,0.9100000262260437,0.7610999941825867,0.8176000118255615,44482,0.0,0.0
2022-09-23 12:30:00-04:00,0.8174999952316284,0.8314999938011169,0.7610999941825867,0.8314999938011169,21956,0.0,0.0
2022-09-23 13:30:00-04:00,0.8388500213623047,0.871399998664856,0.8356999754905701,0.8600000143051147,20131,0.0,0.0
2022-09-23 14:30:00-04:00,0.8600000143051147,0.8600999712944031,0.8299999833106995,0.8299999833106995,14009,0.0,0.0
2022-09-23 15:30:00-04:00,0.859000027179718,0.859000027179718,0.859000027179718,0.859000027179718,100,0.0,0.0
2022-09-26 09:30:00-04:00,0.810699999332428,0.810699999332428,0.762499988079071,0.762499988079071,1929,0.0,0.0
2022-09-26 10:30:00-04:00,0.8079000115394592,0.8098000288009644,0.800000011920929,0.800000011920929,22867,0.0,0.0
2022-09-26 11:30:00-04:00,0.800000011920929,0.800000011920929,0.800000011920929,0.800000011920929,14216,0.0,0.0
2022-09-26 12:30:00-04:00,0.800000011920929,0.8051000237464905,0.800000011920929,0.800000011920929,4310,0.0,0.0
2022-09-26 13:30:00-04:00,0.800000011920929,0.800000011920929,0.784500002861023,0.7900000214576721,3590,0.0,0.0
2022-09-26 14:30:00-04:00,0.7900000214576721,0.8009999990463257,0.7900000214576721,0.7900000214576721,4762,0.0,0.0
2022-09-26 15:30:00-04:00,0.7900000214576721,0.7954999804496765,0.7900000214576721,0.7900000214576721,5629,0.0,0.0
2022-09-27 09:30:00-04:00,0.8278999924659729,0.828000009059906,0.7799999713897705,0.8080000281333923,0,0.0,0.0
2022-09-27 10:30:00-04:00,0.8001000285148621,0.8001000285148621,0.7598990201950073,0.7599999904632568,17181,0.0,0.0
2022-09-27 11:30:00-04:00,0.75,0.7850000262260437,0.7400000095367432,0.7799999713897705,10729,0.0,0.0
2022-09-27 12:30:00-04:00,0.7799999713897705,0.8001000285148621,0.751800000667572,0.8001000285148621,9953,0.0,0.0
2022-09-27 13:30:00-04:00,0.8119999766349792,0.8220000267028809,0.8119999766349792,0.816100001335144,3440,0.0,0.0
2022-09-27 14:30:00-04:00,0.8162000179290771,0.8188999891281128,0.8162000179290771,0.8188999891281128,545,0.0,0.0
2022-09-27 15:30:00-04:00,0.8216000199317932,0.8399999737739563,0.8201000094413757,0.8399999737739563,6411,0.0,0.0
2022-09-28 09:30:00-04:00,0.8187999725341797,0.8188999891281128,0.8187999725341797,0.8187999725341797,2537,0.0,0.0
2022-09-28 10:30:00-04:00,0.8201000094413757,0.8201000094413757,0.8201000094413757,0.8201000094413757,670,0.0,0.0
2022-09-28 11:30:00-04:00,0.8271999955177307,0.8679999709129333,0.8271999955177307,0.8360999822616577,9723,0.0,0.0
2022-09-28 12:30:00-04:00,0.8680999875068665,0.8680999875068665,0.8680999875068665,0.8680999875068665,0,0.0,0.0
2022-09-28 14:30:00-04:00,0.8453999757766724,0.8740010261535645,0.8453999757766724,0.8500099778175354,15113,0.0,0.0
2022-09-28 15:30:00-04:00,0.8837000131607056,0.8837000131607056,0.7599999904632568,0.8399999737739563,18564,0.0,0.0
2022-09-29 09:30:00-04:00,0.7599999904632568,0.800000011920929,0.7599999904632568,0.7699999809265137,10877,0.0,0.0
2022-09-29 10:30:00-04:00,0.7700999975204468,0.7979999780654907,0.7699999809265137,0.7699999809265137,3202,0.0,0.0
2022-09-29 11:30:00-04:00,0.7699999809265137,0.8149999976158142,0.7699999809265137,0.8149999976158142,5364,0.0,0.0
2022-09-29 12:30:00-04:00,0.8149999976158142,0.8199999928474426,0.7699999809265137,0.8199999928474426,778,0.0,0.0
2022-09-29 13:30:00-04:00,0.7800999879837036,0.8479999899864197,0.7800999879837036,0.7900000214576721,3574,0.0,0.0
2022-09-29 14:30:00-04:00,0.8450000286102295,0.8450000286102295,0.8450000286102295,0.8450000286102295,480,0.0,0.0
2022-09-29 15:30:00-04:00,0.8450000286102295,0.8450000286102295,0.7901999950408936,0.7901999950408936,2343,0.0,0.0
2022-09-30 09:30:00-04:00,0.7799999713897705,0.8054999709129333,0.7799999713897705,0.8054999709129333,3831,0.0,0.0
2022-09-30 10:30:00-04:00,0.8054999709129333,0.8700000047683716,0.8047000169754028,0.8700000047683716,7372,0.0,0.0
2022-09-30 11:30:00-04:00,0.8700000047683716,0.8700000047683716,0.8700000047683716,0.8700000047683716,200,0.0,0.0
2022-09-30 12:30:00-04:00,0.8700000047683716,0.8700000047683716,0.8177000284194946,0.8177000284194946,2326,0.0,0.0
2022-09-30 13:30:00-04:00,0.8977000117301941,0.8977000117301941,0.8977000117301941,0.8977000117301941,200,0.0,0.0
2022-09-30 14:30:00-04:00,0.9200000166893005,0.9200000166893005,0.9200000166893005,0.9200000166893005,217,0.0,0.0
2022-09-30 15:30:00-04:00,0.9200000166893005,0.9200000166893005,0.8220000267028809,0.9200000166893005,857,0.0,0.0
2022-10-03 09:30:00-04:00,0.8999999761581421,0.900596022605896,0.8284000158309937,0.8769999742507935,12451,0.0,0.0
2022-10-03 10:30:00-04:00,0.8019999861717224,0.8212010264396667,0.8019999861717224,0.8212010264396667,3590,0.0,0.0
2022-10-03 14:30:00-04:00,0.8324000239372253,0.8324000239372253,0.8324000239372253,0.8324000239372253,270,0.0,0.0
2022-10-03 15:30:00-04:00,0.8377000093460083,0.8377000093460083,0.8377000093460083,0.8377000093460083,0,0.0,0.0
2022-10-04 09:30:00-04:00,0.8701000213623047,0.8701000213623047,0.8701000213623047,0.8701000213623047,947,0.0,0.0
2022-10-04 10:30:00-04:00,0.9079999923706055,0.9100000262260437,0.8950009942054749,0.8950009942054749,2825,0.0,0.0
2022-10-04 12:30:00-04:00,0.9200000166893005,0.9200000166893005,0.9200000166893005,0.9200000166893005,2342,0.0,0.0
2022-10-04 13:30:00-04:00,0.8740000128746033,0.8740000128746033,0.8740000128746033,0.8740000128746033,770,0.0,0.0
2022-10-04 14:30:00-04:00,0.8859999775886536,0.8859999775886536,0.8759999871253967,0.8759999871253967,1014,0.0,0.0
2022-10-04 15:30:00-04:00,0.8759999871253967,0.8759999871253967,0.8759999871253967,0.8759999871253967,450,0.0,0.0
2022-10-05 09:30:00-04:00,0.9200000166893005,0.9200000166893005,0.9200000166893005,0.9200000166893005,0,0.0,0.0
2022-10-05 10:30:00-04:00,0.8899999856948853,0.8899999856948853,0.8899999856948853,0.8899999856948853,100,0.0,0.0
2022-10-05 12:30:00-04:00,0.8700000047683716,0.8939999938011169,0.8700000047683716,0.8939999938011169,2156,0.0,0.0
2022-10-05 13:30:00-04:00,0.9200000166893005,0.9200000166893005,0.9200000166893005,0.9200000166893005,574,0.0,0.0
2022-10-05 14:30:00-04:00,0.9179999828338623,0.9179999828338623,0.9179999828338623,0.9179999828338623,126,0.0,0.0
2022-10-05 15:30:00-04:00,0.8883000016212463,0.9200000166893005,0.8883000016212463,0.9200000166893005,2088,0.0,0.0
2022-10-06 09:30:00-04:00,0.8720999956130981,0.8720999956130981,0.8720999956130981,0.8720999956130981,1150,0.0,0.0
2022-10-06 10:30:00-04:00,0.8399999737739563,0.8399999737739563,0.8399999737739563,0.8399999737739563,103,0.0,0.0
2022-10-06 12:30:00-04:00,0.8600000143051147,0.8600000143051147,0.8600000143051147,0.8600000143051147,3195,0.0,0.0
2022-10-06 13:30:00-04:00,0.8870000243186951,0.8870000243186951,0.8870000243186951,0.8870000243186951,493,0.0,0.0
2022-10-06 15:30:00-04:00,0.8870000243186951,0.917900025844574,0.8870000243186951,0.917900025844574,412,0.0,0.0
2022-10-07 09:30:00-04:00,0.8399999737739563,0.8399999737739563,0.8399999737739563,0.8399999737739563,0,0.0,0.0
2022-10-07 10:30:00-04:00,0.8700000047683716,0.8700000047683716,0.8700000047683716,0.8700000047683716,106,0.0,0.0
2022-10-07 11:30:00-04:00,0.8399999737739563,0.8399999737739563,0.8399999737739563,0.8399999737739563,2857,0.0,0.0
2022-10-07 12:30:00-04:00,0.8189489841461182,0.8299999833106995,0.8189489841461182,0.8299999833106995,2568,0.0,0.0
2022-10-07 14:30:00-04:00,0.8679999709129333,0.8679999709129333,0.8679999709129333,0.8679999709129333,1002,0.0,0.0
2022-10-07 15:30:00-04:00,0.8679999709129333,0.8679999709129333,0.8679999709129333,0.8679999709129333,122,0.0,0.0
2022-10-10 09:30:00-04:00,0.8320000171661377,0.8320000171661377,0.8320000171661377,0.8320000171661377,0,0.0,0.0
2022-10-10 10:30:00-04:00,0.8324999809265137,0.8324999809265137,0.8324999809265137,0.8324999809265137,272,0.0,0.0
2022-10-10 11:30:00-04:00,0.8320000171661377,0.8320000171661377,0.8320000171661377,0.8320000171661377,910,0.0,0.0
2022-10-11 10:30:00-04:00,0.8399999737739563,0.8399999737739563,0.8399999737739563,0.8399999737739563,0,0.0,0.0
2022-10-11 13:30:00-04:00,0.8999999761581421,0.8999999761581421,0.8999999761581421,0.8999999761581421,178,0.0,0.0
2022-10-11 14:30:00-04:00,0.878600001335144,0.8999999761581421,0.878600001335144,0.8892490267753601,974,0.0,0.0
2022-10-11 15:30:00-04:00,0.8999999761581421,0.8999999761581421,0.8784999847412109,0.8784999847412109,840,0.0,0.0
2022-10-12 09:30:00-04:00,0.8299999833106995,0.8399999737739563,0.8299999833106995,0.8299999833106995,0,0.0,0.0
2022-10-12 11:30:00-04:00,0.7760999798774719,0.7760999798774719,0.7760999798774719,0.7760999798774719,204,0.0,0.0
2022-10-12 12:30:00-04:00,0.7799999713897705,0.7900000214576721,0.7799999713897705,0.7900000214576721,4221,0.0,0.0
2022-10-12 13:30:00-04:00,0.8299999833106995,0.8500000238418579,0.8299999833106995,0.8500000238418579,270,0.0,0.0
2022-10-12 14:30:00-04:00,0.8500000238418579,0.8799999952316284,0.8500000238418579,0.8799999952316284,482,0.0,0.0
2022-10-13 09:30:00-04:00,0.8299999833106995,0.8299999833106995,0.8299999833106995,0.8299999833106995,0,0.0,0.0
2022-10-13 10:30:00-04:00,0.8399999737739563,0.8799999952316284,0.8299999833106995,0.8799999952316284,457,0.0,0.0
2022-10-13 12:30:00-04:00,0.8798999786376953,0.8798999786376953,0.8798999786376953,0.8798999786376953,522,0.0,0.0
2022-10-13 13:30:00-04:00,0.8799999952316284,0.8962000012397766,0.8799999952316284,0.8962000012397766,1491,0.0,0.0
2022-10-13 14:30:00-04:00,0.8999999761581421,0.8999999761581421,0.8999999761581421,0.8999999761581421,105,0.0,0.0
2022-10-14 09:30:00-04:00,0.8600000143051147,0.878000020980835,0.7799999713897705,0.878000020980835,5796,0.0,0.0
2022-10-14 10:30:00-04:00,0.871399998664856,0.871399998664856,0.871399998664856,0.871399998664856,719,0.0,0.0
2022-10-14 14:30:00-04:00,0.8799999952316284,0.8799999952316284,0.8799999952316284,0.8799999952316284,312,0.0,0.0
2022-10-17 10:30:00-04:00,0.8999999761581421,0.8999999761581421,0.8999999761581421,0.8999999761581421,0,0.0,0.0
2022-10-17 11:30:00-04:00,0.8100000023841858,0.8100000023841858,0.8001000285148621,0.8001000285148621,1200,0.0,0.0
2022-10-17 12:30:00-04:00,0.8001000285148621,0.8001000285148621,0.8001000285148621,0.8001000285148621,385,0.0,0.0
2022-10-17 13:30:00-04:00,0.8600000143051147,0.8600000143051147,0.8600000143051147,0.8600000143051147,342,0.0,0.0
2022-10-17 14:30:00-04:00,0.8600000143051147,0.8999999761581421,0.8600000143051147,0.864799976348877,26566,0.0,0.0
2022-10-17 15:30:00-04:00,0.8600000143051147,0.8600000143051147,0.8600000143051147,0.8600000143051147,380,0.0,0.0
2022-10-18 11:30:00-04:00,0.8841999769210815,0.8999999761581421,0.8841999769210815,0.8999999761581421,396,0.0,0.0
2022-10-18 12:30:00-04:00,0.8841999769210815,0.8870999813079834,0.7699999809265137,0.7900000214576721,5728,0.0,0.0
2022-10-18 13:30:00-04:00,0.8554990291595459,0.8554990291595459,0.8554990291595459,0.8554990291595459,663,0.0,0.0
2022-10-18 14:30:00-04:00,0.8855000138282776,0.8899999856948853,0.8855000138282776,0.8899999856948853,599,0.0,0.0
2022-10-19 10:30:00-04:00,0.8500000238418579,0.8500000238418579,0.8500000238418579,0.8500000238418579,0,0.0,0.0
2022-10-19 13:30:00-04:00,0.8012999892234802,0.8500000238418579,0.8012999892234802,0.8500000238418579,503,0.0,0.0
2022-10-19 14:30:00-04:00,0.8086000084877014,0.8086000084877014,0.8086000084877014,0.8086000084877014,412,0.0,0.0
2022-10-19 15:30:00-04:00,0.8499000072479248,0.8500000238418579,0.8499000072479248,0.8500000238418579,1320,0.0,0.0
2022-10-20 09:30:00-04:00,0.7699999809265137,0.7699999809265137,0.7699999809265137,0.7699999809265137,0,0.0,0.0
2022-10-20 10:30:00-04:00,0.8084999918937683,0.8084999918937683,0.8084999918937683,0.8084999918937683,258,0.0,0.0
2022-10-20 11:30:00-04:00,0.7900000214576721,0.7900000214576721,0.7900000214576721,0.7900000214576721,381,0.0,0.0
2022-10-20 15:30:00-04:00,0.8004999756813049,0.8004999756813049,0.800000011920929,0.800000011920929,300,0.0,0.0
2022-10-21 09:30:00-04:00,0.8299999833106995,0.8299999833106995,0.7699999809265137,0.7699999809265137,0,0.0,0.0
2022-10-21 10:30:00-04:00,0.7699999809265137,0.796999990940094,0.7699999809265137,0.796999990940094,566,0.0,0.0
2022-10-21 11:30:00-04:00,0.7799999713897705,0.8623999953269958,0.7799999713897705,0.8623999953269958,631,0.0,0.0
2022-10-21 12:30:00-04:00,0.8434010148048401,0.8434010148048401,0.8434010148048401,0.8434010148048401,119,0.0,0.0
2022-10-21 13:30:00-04:00,0.8399999737739563,0.8734999895095825,0.8399999737739563,0.8646299839019775,705,0.0,0.0
2022-10-21 14:30:00-04:00,0.8583999872207642,0.8762000203132629,0.8385000228881836,0.8385000228881836,945,0.0,0.0
2022-10-24 09:30:00-04:00,0.7929999828338623,0.7929999828338623,0.7929999828338623,0.7929999828338623,0,0.0,0.0
2022-10-24 10:30:00-04:00,0.7929999828338623,0.7929999828338623,0.7900000214576721,0.7900000214576721,359,0.0,0.0
2022-10-24 11:30:00-04:00,0.800000011920929,0.800000011920929,0.800000011920929,0.800000011920929,219,0.0,0.0
2022-10-24 13:30:00-04:00,0.8100000023841858,0.8100000023841858,0.8100000023841858,0.8100000023841858,160,0.0,0.0
2022-10-24 14:30:00-04:00,0.8500000238418579,0.8500000238418579,0.8500000238418579,0.8500000238418579,742,0.0,0.0
2022-10-24 15:30:00-04:00,0.8450000286102295,0.8999999761581421,0.800000011920929,0.800000011920929,645,0.0,0.0
2022-10-25 09:30:00-04:00,0.800000011920929,0.800000011920929,0.800000011920929,0.800000011920929,0,0.0,0.0
2022-10-25 10:30:00-04:00,0.8299999833106995,0.8299999833106995,0.8299999833106995,0.8299999833106995,105,0.0,0.0
2022-10-25 11:30:00-04:00,0.8100000023841858,0.8100000023841858,0.8100000023841858,0.8100000023841858,1454,0.0,0.0
2022-10-25 12:30:00-04:00,0.800000011920929,0.800000011920929,0.7904999852180481,0.7904999852180481,300,0.0,0.0
2022-10-25 13:30:00-04:00,0.7903000116348267,0.8295999765396118,0.7900000214576721,0.7929999828338623,5117,0.0,0.0
2022-10-25 14:30:00-04:00,0.7929999828338623,0.7929999828338623,0.7910000085830688,0.7910000085830688,5545,0.0,0.0
2022-10-26 09:30:00-04:00,0.7799999713897705,0.7799999713897705,0.7799999713897705,0.7799999713897705,0,0.0,0.0
2022-10-26 10:30:00-04:00,0.7900000214576721,0.7900000214576721,0.7799999713897705,0.7799999713897705,5275,0.0,0.0
2022-10-26 11:30:00-04:00,0.7799999713897705,0.7799999713897705,0.7799999713897705,0.7799999713897705,112,0.0,0.0
2022-10-26 12:30:00-04:00,0.8486999869346619,0.8899999856948853,0.8050000071525574,0.8899999856948853,10321,0.0,0.0
2022-10-26 13:30:00-04:00,0.8600000143051147,0.8600000143051147,0.8600000143051147,0.8600000143051147,200,0.0,0.0
2022-10-26 14:30:00-04:00,0.8600000143051147,0.8600000143051147,0.8349999785423279,0.8500000238418579,11413,0.0,0.0
2022-10-26 15:30:00-04:00,0.7904000282287598,0.7904000282287598,0.7904000282287598,0.7904000282287598,110,0.0,0.0
2022-10-27 11:30:00-04:00,0.8100000023841858,0.8100000023841858,0.8100000023841858,0.8100000023841858,0,0.0,0.0
2022-10-27 13:30:00-04:00,0.8297500014305115,0.8297500014305115,0.8100000023841858,0.8100000023841858,985,0.0,0.0
2022-10-27 15:30:00-04:00,0.8495000004768372,0.8500000238418579,0.8208000063896179,0.8208000063896179,1318,0.0,0.0
2022-10-28 09:30:00-04:00,0.8152999877929688,0.8152999877929688,0.8152999877929688,0.8152999877929688,0,0.0,0.0
2022-10-28 11:30:00-04:00,0.8199999928474426,0.8199999928474426,0.8199999928474426,0.8199999928474426,443,0.0,0.0
2022-10-28 12:30:00-04:00,0.8300999999046326,0.8300999999046326,0.8300999999046326,0.8300999999046326,158,0.0,0.0
2022-10-28 13:30:00-04:00,0.8299999833106995,0.8299999833106995,0.8299999833106995,0.8299999833106995,288,0.0,0.0
2022-10-28 14:30:00-04:00,0.8299999833106995,0.8299999833106995,0.8299999833106995,0.8299999833106995,390,0.0,0.0
2022-10-28 15:30:00-04:00,0.8895000219345093,0.8895000219345093,0.8895000219345093,0.8895000219345093,139,0.0,0.0
2022-10-31 11:30:00-04:00,0.8100000023841858,0.8100000023841858,0.8100000023841858,0.8100000023841858,1150,0.0,0.0
2022-10-31 14:30:00-04:00,0.8600000143051147,0.8600000143051147,0.8199999928474426,0.8199999928474426,612,0.0,0.0
2022-11-01 10:30:00-04:00,0.8999999761581421,0.8999999761581421,0.849399983882904,0.8500000238418579,29624,0.0,0.0
2022-11-01 11:30:00-04:00,0.8884999752044678,0.9358999729156494,0.8500000238418579,0.9358000159263611,24084,0.0,0.0
2022-11-01 12:30:00-04:00,0.8999999761581421,0.8999999761581421,0.8985999822616577,0.8999999761581421,14640,0.0,0.0
2022-11-01 13:30:00-04:00,0.8999999761581421,0.9300000071525574,0.8999999761581421,0.9150000214576721,1467,0.0,0.0
2022-11-01 14:30:00-04:00,0.8999999761581421,0.9300000071525574,0.8999999761581421,0.9300000071525574,2737,0.0,0.0
2022-11-01 15:30:00-04:00,0.9225000143051147,0.9300000071525574,0.9225000143051147,0.9300000071525574,251,0.0,0.0
2022-11-02 09:30:00-04:00,0.9700000286102295,0.9700000286102295,0.9050009846687317,0.9146199822425842,1118,0.0,0.0
2022-11-02 13:30:00-04:00,0.9200000166893005,0.9700000286102295,0.9200000166893005,0.9487509727478027,1566,0.0,0.0
2022-11-02 15:30:00-04:00,0.9399999976158142,0.9549999833106995,0.9399999976158142,0.9549999833106995,333,0.0,0.0
2022-11-03 09:30:00-04:00,0.8799999952316284,0.8799999952316284,0.8799999952316284,0.8799999952316284,0,0.0,0.0
2022-11-03 10:30:00-04:00,0.925000011920929,0.925000011920929,0.925000011920929,0.925000011920929,100,0.0,0.0
2022-11-03 12:30:00-04:00,0.925000011920929,0.925000011920929,0.925000011920929,0.925000011920929,6609,0.0,0.0
2022-11-03 13:30:00-04:00,0.925000011920929,0.925000011920929,0.925000011920929,0.925000011920929,500,0.0,0.0
2022-11-03 15:30:00-04:00,0.9248999953269958,0.9248999953269958,0.8944000005722046,0.8944000005722046,0,0.0,0.0
2022-11-04 09:30:00-04:00,0.8220000267028809,0.8930000066757202,0.8220000267028809,0.8930000066757202,2452,0.0,0.0
2022-11-04 10:30:00-04:00,0.8999999761581421,0.9000999927520752,0.8799999952316284,0.8799999952316284,1465,0.0,0.0
2022-11-04 13:30:00-04:00,0.9248999953269958,0.9248999953269958,0.9248999953269958,0.9248999953269958,191,0.0,0.0
2022-11-04 14:30:00-04:00,0.9187999963760376,0.925000011920929,0.8999999761581421,0.8999999761581421,693,0.0,0.0
2022-11-04 15:30:00-04:00,0.9100000262260437,0.9199000000953674,0.8999999761581421,0.8999999761581421,2303,0.0,0.0
2022-11-07 09:30:00-05:00,0.8299000263214111,0.8299000263214111,0.8299000263214111,0.8299000263214111,1190,0.0,0.0
2022-11-07 11:30:00-05:00,0.844726026058197,0.8999999761581421,0.8299999833106995,0.8823999762535095,11888,0.0,0.0
2022-11-07 12:30:00-05:00,0.8999999761581421,0.8999999761581421,0.8999999761581421,0.8999999761581421,614,0.0,0.0
2022-11-07 13:30:00-05:00,0.8999999761581421,0.8999999761581421,0.8999999761581421,0.8999999761581421,1506,0.0,0.0
2022-11-07 15:30:00-05:00,0.8999999761581421,0.8999999761581421,0.8999999761581421,0.8999999761581421,807,0.0,0.0
2022-11-08 09:30:00-05:00,0.8600000143051147,0.925000011920929,0.8600000143051147,0.925000011920929,0,0.0,0.0
2022-11-08 11:30:00-05:00,0.949999988079071,0.949999988079071,0.8999999761581421,0.9018999934196472,13800,0.0,0.0
2022-11-08 12:30:00-05:00,0.8999999761581421,0.9000999927520752,0.875,0.875,22030,0.0,0.0
2022-11-08 13:30:00-05:00,0.875,0.875,0.8500000238418579,0.8500000238418579,3005,0.0,0.0
2022-11-08 14:30:00-05:00,0.8199999928474426,0.8199999928474426,0.8199999928474426,0.8199999928474426,300,0.0,0.0
2022-11-08 15:30:00-05:00,0.8199999928474426,0.8299999833106995,0.8199999928474426,0.8299999833106995,1354,0.0,0.0
2022-11-09 14:30:00-05:00,0.8590999841690063,0.8590999841690063,0.8590999841690063,0.8590999841690063,2,0.0,0.0
2022-11-09 15:30:00-05:00,0.8278999924659729,0.8278999924659729,0.8278999924659729,0.8278999924659729,0,0.0,0.0
2022-11-10 09:30:00-05:00,0.8199999928474426,0.8999999761581421,0.8199999928474426,0.8999999761581421,2160,0.0,0.0
2022-11-10 10:30:00-05:00,0.8999999761581421,0.8999999761581421,0.8999999761581421,0.8999999761581421,489,0.0,0.0
2022-11-10 13:30:00-05:00,0.8999999761581421,0.8999999761581421,0.8650000095367432,0.8650000095367432,300,0.0,0.0
2022-11-10 14:30:00-05:00,0.8301010131835938,0.8301010131835938,0.8301010131835938,0.8301010131835938,2125,0.0,0.0
2022-11-10 15:30:00-05:00,0.8299999833106995,0.8299999833106995,0.8299999833106995,0.8299999833106995,500,0.0,0.0
2022-11-11 09:30:00-05:00,0.8299999833106995,0.8999999761581421,0.8299999833106995,0.8999999761581421,0,0.0,0.0
2022-11-11 12:30:00-05:00,0.8999999761581421,0.8999999761581421,0.8999999761581421,0.8999999761581421,100,0.0,0.0
2022-11-11 13:30:00-05:00,0.8999999761581421,0.8999999761581421,0.828000009059906,0.8650000095367432,300,0.0,0.0
2022-11-11 14:30:00-05:00,0.864998996257782,0.864998996257782,0.8299999833106995,0.8299999833106995,1847,0.0,0.0
2022-11-11 15:30:00-05:00,0.8277999758720398,0.8995000123977661,0.8277999758720398,0.8650000095367432,495,0.0,0.0
2022-11-14 09:30:00-05:00,0.8299999833106995,0.8999999761581421,0.8299999833106995,0.8899999856948853,604,0.0,0.0
2022-11-14 10:30:00-05:00,0.9172000288963318,0.9172000288963318,0.9172000288963318,0.9172000288963318,1121,0.0,0.0
2022-11-14 11:30:00-05:00,0.9154000282287598,0.9254000186920166,0.9154000282287598,0.9252989888191223,1379,0.0,0.0
2022-11-14 12:30:00-05:00,0.8899999856948853,0.8899999856948853,0.8873000144958496,0.8873000144958496,710,0.0,0.0
2022-11-14 13:30:00-05:00,0.8799999952316284,0.8799999952316284,0.8799999952316284,0.8799999952316284,102,0.0,0.0
2022-11-14 14:30:00-05:00,0.8799999952316284,0.8799999952316284,0.8799999952316284,0.8799999952316284,1025,0.0,0.0
2022-11-14 15:30:00-05:00,0.8799999952316284,0.8799999952316284,0.8625010251998901,0.8625010251998901,1214,0.0,0.0
2022-11-15 09:30:00-05:00,0.9498999714851379,0.9498999714851379,0.9300000071525574,0.9300000071525574,0,0.0,0.0
2022-11-15 10:30:00-05:00,0.8899999856948853,0.8899999856948853,0.8899999856948853,0.8899999856948853,1023,0.0,0.0
2022-11-15 11:30:00-05:00,0.8899999856948853,0.8899999856948853,0.8899999856948853,0.8899999856948853,110,0.0,0.0
2022-11-15 12:30:00-05:00,0.8799999952316284,0.8899999856948853,0.8799999952316284,0.8899999856948853,261,0.0,0.0
2022-11-15 14:30:00-05:00,0.8899999856948853,0.8899999856948853,0.8174999952316284,0.8184999823570251,0,0.0,0.0
2022-11-16 10:30:00-05:00,0.8080000281333923,0.8174999952316284,0.8080000281333923,0.8174999952316284,633,0.0,0.0
2022-11-16 12:30:00-05:00,0.8799999952316284,0.8799999952316284,0.8101009726524353,0.8101009726524353,7875,0.0,0.0
2022-11-16 13:30:00-05:00,0.8799999952316284,0.8799999952316284,0.8799999952316284,0.8799999952316284,102,0.0,0.0
2022-11-16 15:30:00-05:00,0.8230999708175659,0.8230999708175659,0.8230999708175659,0.8230999708175659,452,0.0,0.0
2022-11-17 09:30:00-05:00,0.8700000047683716,0.8899999856948853,0.8700000047683716,0.8899999856948853,0,0.0,0.0
2022-11-17 11:30:00-05:00,0.8799999952316284,0.8799999952316284,0.8799999952316284,0.8799999952316284,100,0.0,0.0
2022-11-17 12:30:00-05:00,0.8799999952316284,0.8799999952316284,0.8799999952316284,0.8799999952316284,100,0.0,0.0
2022-11-17 13:30:00-05:00,0.8100000023841858,0.8794999718666077,0.8100000023841858,0.8794999718666077,200,0.0,0.0
2022-11-17 14:30:00-05:00,0.8105999827384949,0.8799999952316284,0.8105999827384949,0.8783000111579895,778,0.0,0.0
2022-11-17 15:30:00-05:00,0.8799999952316284,0.8799999952316284,0.8799999952316284,0.8799999952316284,350,0.0,0.0
2022-11-18 09:30:00-05:00,0.9399999976158142,0.9399999976158142,0.9399999976158142,0.9399999976158142,0,0.0,0.0
2022-11-18 11:30:00-05:00,0.8999999761581421,0.8999999761581421,0.822700023651123,0.822700023651123,2163,0.0,0.0
2022-11-18 12:30:00-05:00,0.879800021648407,0.879800021648407,0.8600000143051147,0.8600000143051147,207,0.0,0.0
2022-11-18 13:30:00-05:00,0.8600000143051147,0.8600000143051147,0.8600000143051147,0.8600000143051147,103,0.0,0.0
2022-11-18 14:30:00-05:00,0.8500000238418579,0.8500000238418579,0.8500000238418579,0.8500000238418579,319,0.0,0.0
2022-11-18 15:30:00-05:00,0.879800021648407,0.879800021648407,0.879800021648407,0.879800021648407,111,0.0,0.0
2022-11-21 11:30:00-05:00,0.8399999737739563,0.9208999872207642,0.8399999737739563,0.9097999930381775,340,0.0,0.0
2022-11-21 12:30:00-05:00,0.9097999930381775,0.9097999930381775,0.8407999873161316,0.8407999873161316,840,0.0,0.0
2022-11-21 13:30:00-05:00,0.9100000262260437,0.9100000262260437,0.8999999761581421,0.8999999761581421,1134,0.0,0.0
2022-11-21 14:30:00-05:00,0.8999999761581421,0.8999999761581421,0.8999999761581421,0.8999999761581421,240,0.0,0.0
2022-11-22 10:30:00-05:00,0.8640000224113464,0.8999999761581421,0.8425999879837036,0.8999999761581421,1020,0.0,0.0
2022-11-22 14:30:00-05:00,0.8999999761581421,0.8999999761581421,0.8999999761581421,0.8999999761581421,301,0.0,0.0
2022-11-23 09:30:00-05:00,0.8507000207901001,0.8999999761581421,0.8500999808311462,0.8612509965896606,5811,0.0,0.0
2022-11-23 10:30:00-05:00,0.8507000207901001,0.8507000207901001,0.8507000207901001,0.8507000207901001,125,0.0,0.0
2022-11-23 12:30:00-05:00,0.8503999710083008,0.8503999710083008,0.8503999710083008,0.8503999710083008,201,0.0,0.0
2022-11-23 13:30:00-05:00,0.8981000185012817,0.8981000185012817,0.875,0.875,200,0.0,0.0
2022-11-23 14:30:00-05:00,0.8999999761581421,0.8999999761581421,0.8999999761581421,0.8999999761581421,3034,0.0,0.0
2022-11-23 15:30:00-05:00,0.8899999856948853,0.8899999856948853,0.8899999856948853,0.8899999856948853,509,0.0,0.0
2022-11-25 09:30:00-05:00,0.8500000238418579,0.8500000238418579,0.8500000238418579,0.8500000238418579,2597,0.0,0.0
2022-11-25 10:30:00-05:00,0.8896999955177307,0.8896999955177307,0.8896999955177307,0.8896999955177307,348,0.0,0.0
2022-11-25 11:30:00-05:00,0.8500000238418579,0.8500000238418579,0.8399999737739563,0.8399999737739563,8584,0.0,0.0
2022-11-28 09:30:00-05:00,0.8799999952316284,0.8799999952316284,0.8799999952316284,0.8799999952316284,409,0.0,0.0
2022-11-28 10:30:00-05:00,0.8700000047683716,0.8700000047683716,0.8399999737739563,0.8700000047683716,2300,0.0,0.0
2022-11-28 11:30:00-05:00,0.8700000047683716,0.8799999952316284,0.8700000047683716,0.8799999952316284,3900,0.0,0.0
2022-11-28 12:30:00-05:00,0.8799999952316284,0.8799999952316284,0.8700000047683716,0.8799999952316284,3500,0.0,0.0
2022-11-28 13:30:00-05:00,0.8799999952316284,0.9350000023841858,0.8650000095367432,0.9350000023841858,8226,0.0,0.0
2022-11-28 15:30:00-05:00,0.9164000153541565,0.9164000153541565,0.9164000153541565,0.9164000153541565,212,0.0,0.0
2022-11-29 09:30:00-05:00,0.8500999808311462,0.8500999808311462,0.8500999808311462,0.8500999808311462,0,0.0,0.0
2022-11-29 10:30:00-05:00,0.8500999808311462,0.8500999808311462,0.8500999808311462,0.8500999808311462,708,0.0,0.0
2022-11-29 14:30:00-05:00,0.9200000166893005,0.9200000166893005,0.9200000166893005,0.9200000166893005,117,0.0,0.0
2022-11-29 15:30:00-05:00,0.8687999844551086,0.8687999844551086,0.8687999844551086,0.8687999844551086,0,0.0,0.0
2022-11-30 09:30:00-05:00,0.8644999861717224,0.8644999861717224,0.8644999861717224,0.8644999861717224,323,0.0,0.0
2022-11-30 10:30:00-05:00,0.8500000238418579,0.8500000238418579,0.8500000238418579,0.8500000238418579,127,0.0,0.0
2022-11-30 11:30:00-05:00,0.8501999974250793,0.8501999974250793,0.8501999974250793,0.8501999974250793,2106,0.0,0.0
2022-11-30 12:30:00-05:00,0.8700000047683716,0.8700000047683716,0.8500999808311462,0.8500999808311462,802,0.0,0.0
2022-11-30 13:30:00-05:00,0.8650000095367432,0.8700000047683716,0.8500000238418579,0.8500000238418579,1410,0.0,0.0
2022-11-30 14:30:00-05:00,0.8700000047683716,0.8700000047683716,0.8510000109672546,0.8510000109672546,648,0.0,0.0
2022-11-30 15:30:00-05:00,0.8500009775161743,0.8500009775161743,0.8500009775161743,0.8500009775161743,0,0.0,0.0
2022-12-01 11:30:00-05:00,0.8500000238418579,0.8500000238418579,0.8500000238418579,0.8500000238418579,952,0.0,0.0
2022-12-01 12:30:00-05:00,0.8500000238418579,0.8500000238418579,0.8500000238418579,0.8500000238418579,307,0.0,0.0
2022-12-01 13:30:00-05:00,0.8550000190734863,0.8550000190734863,0.8550000190734863,0.8550000190734863,500,0.0,0.0
2022-12-01 15:30:00-05:00,0.8600000143051147,0.8600000143051147,0.8600000143051147,0.8600000143051147,0,0.0,0.0
2022-12-02 09:30:00-05:00,0.8500000238418579,0.8600010275840759,0.8500000238418579,0.8500000238418579,20389,0.0,0.0
2022-12-02 10:30:00-05:00,0.8700000047683716,0.8700000047683716,0.8700000047683716,0.8700000047683716,104,0.0,0.0
2022-12-02 12:30:00-05:00,0.8700000047683716,0.8700000047683716,0.8599990010261536,0.8700000047683716,872,0.0,0.0
2022-12-02 14:30:00-05:00,0.8600000143051147,0.8600000143051147,0.855201005935669,0.8587999939918518,896,0.0,0.0
2022-12-05 14:30:00-05:00,0.8532999753952026,0.8532999753952026,0.8532999753952026,0.8532999753952026,257,0.0,0.0
2022-12-05 15:30:00-05:00,0.8532999753952026,0.8532999753952026,0.8532999753952026,0.8532999753952026,105,0.0,0.0
2022-12-06 09:30:00-05:00,0.8500999808311462,0.8500999808311462,0.8500999808311462,0.8500999808311462,1261,0.0,0.0
2022-12-06 11:30:00-05:00,0.8500000238418579,0.8500000238418579,0.8500000238418579,0.8500000238418579,1514,0.0,0.0
2022-12-06 13:30:00-05:00,0.8500000238418579,0.8500000238418579,0.8500000238418579,0.8500000238418579,242,0.0,0.0
2022-12-07 10:30:00-05:00,0.8500999808311462,0.8500999808311462,0.8500999808311462,0.8500999808311462,158,0.0,0.0
2022-12-07 11:30:00-05:00,0.8925999999046326,0.8925999999046326,0.8925999999046326,0.8925999999046326,127,0.0,0.0
2022-12-07 12:30:00-05:00,0.8600000143051147,0.8600000143051147,0.8600000143051147,0.8600000143051147,381,0.0,0.0
2022-12-07 14:30:00-05:00,0.8919739723205566,0.8919739723205566,0.8919739723205566,0.8919739723205566,2119,0.0,0.0
2022-12-07 15:30:00-05:00,0.9024999737739563,0.9024999737739563,0.8600000143051147,0.8600000143051147,0,0.0,0.0
2022-12-08 10:30:00-05:00,0.8600000143051147,0.8600000143051147,0.8600000143051147,0.8600000143051147,258,0.0,0.0
2022-12-08 15:30:00-05:00,0.8600000143051147,0.8600000143051147,0.8600000143051147,0.8600000143051147,0,0.0,0.0
2022-12-09 09:30:00-05:00,0.9024999737739563,0.9024999737739563,0.9024999737739563,0.9024999737739563,501,0.0,0.0
2022-12-09 10:30:00-05:00,0.8500000238418579,0.8553000092506409,0.8500000238418579,0.8551999926567078,1858,0.0,0.0
2022-12-09 11:30:00-05:00,0.9024999737739563,0.9024999737739563,0.9024999737739563,0.9024999737739563,205,0.0,0.0
2022-12-09 12:30:00-05:00,0.9024999737739563,0.9024999737739563,0.9024999737739563,0.9024999737739563,104,0.0,0.0
2022-12-09 13:30:00-05:00,0.8999999761581421,0.8999999761581421,0.8999999761581421,0.8999999761581421,100,0.0,0.0
2022-12-12 09:30:00-05:00,0.8999999761581421,0.8999999761581421,0.8999999761581421,0.8999999761581421,0,0.0,0.0
2022-12-12 11:30:00-05:00,0.8500000238418579,0.8500000238418579,0.8500000238418579,0.8500000238418579,302,0.0,0.0
2022-12-12 12:30:00-05:00,0.8500000238418579,0.8924999833106995,0.8500000238418579,0.8924999833106995,1544,0.0,0.0
2022-12-12 13:30:00-05:00,0.8500000238418579,0.8500000238418579,0.8500000238418579,0.8500000238418579,144,0.0,0.0
2022-12-12 14:30:00-05:00,0.8842999935150146,0.8842999935150146,0.8777999877929688,0.8777999877929688,500,0.0,0.0
2022-12-13 09:30:00-05:00,0.8799999952316284,0.8999999761581421,0.8799999952316284,0.8822000026702881,0,0.0,0.0
2022-12-13 10:30:00-05:00,0.8999999761581421,0.8999999761581421,0.8900009989738464,0.8900009989738464,1787,0.0,0.0
2022-12-13 11:30:00-05:00,0.8799999952316284,0.8999999761581421,0.8799999952316284,0.8799999952316284,2335,0.0,0.0
2022-12-13 12:30:00-05:00,0.8924999833106995,0.8924999833106995,0.8924999833106995,0.8924999833106995,100,0.0,0.0
2022-12-13 13:30:00-05:00,0.8849999904632568,0.8849999904632568,0.8849999904632568,0.8849999904632568,20126,0.0,0.0
2022-12-13 15:30:00-05:00,0.8999999761581421,0.8999999761581421,0.8650000095367432,0.8650000095367432,500,0.0,0.0
2022-12-14 11:30:00-05:00,0.8899999856948853,0.8899999856948853,0.8399999737739563,0.8399999737739563,552,0.0,0.0
2022-12-14 12:30:00-05:00,0.8521999716758728,0.8521999716758728,0.8521999716758728,0.8521999716758728,600,0.0,0.0
2022-12-14 13:30:00-05:00,0.8500000238418579,0.8500000238418579,0.8399999737739563,0.8399999737739563,825,0.0,0.0
2022-12-14 14:30:00-05:00,0.8399999737739563,0.8399999737739563,0.8399999737739563,0.8399999737739563,140,0.0,0.0
2022-12-14 15:30:00-05:00,0.8999999761581421,0.8999999761581421,0.8700000047683716,0.8700000047683716,420,0.0,0.0
2022-12-15 09:30:00-05:00,0.8399999737739563,0.8399999737739563,0.8399999737739563,0.8399999737739563,0,0.0,0.0
2022-12-15 15:30:00-05:00,0.8750010132789612,0.8750010132789612,0.8750010132789612,0.8750010132789612,460,0.0,0.0
2022-12-16 09:30:00-05:00,0.8500000238418579,0.8500000238418579,0.8500000238418579,0.8500000238418579,0,0.0,0.0
2022-12-16 10:30:00-05:00,0.8999999761581421,0.8999999761581421,0.8500000238418579,0.8500000238418579,416,0.0,0.0
2022-12-16 13:30:00-05:00,0.8399999737739563,0.8399999737739563,0.8399999737739563,0.8399999737739563,267,0.0,0.0
2022-12-16 14:30:00-05:00,0.8399999737739563,0.8399999737739563,0.8399999737739563,0.8399999737739563,169,0.0,0.0
2022-12-19 09:30:00-05:00,0.8999999761581421,0.8999999761581421,0.8600000143051147,0.8600000143051147,754,0.0,0.0
2022-12-19 11:30:00-05:00,0.8399999737739563,0.8399999737739563,0.8399999737739563,0.8399999737739563,300,0.0,0.0
2022-12-19 12:30:00-05:00,0.8999999761581421,0.8999999761581421,0.8999999761581421,0.8999999761581421,1655,0.0,0.0
2022-12-19 13:30:00-05:00,0.8799999952316284,0.8799999952316284,0.8799999952316284,0.8799999952316284,203,0.0,0.0
2022-12-19 14:30:00-05:00,0.8400999903678894,0.8400999903678894,0.8399999737739563,0.8399999737739563,302,0.0,0.0
2022-12-19 15:30:00-05:00,0.8400999903678894,0.9089999794960022,0.8400999903678894,0.9059000015258789,15995,0.0,0.0
2022-12-20 09:30:00-05:00,0.8999999761581421,0.8999999761581421,0.8999999761581421,0.8999999761581421,0,0.0,0.0
2022-12-20 10:30:00-05:00,0.8399999737739563,0.8399999737739563,0.8399999737739563,0.8399999737739563,520,0.0,0.0
2022-12-20 11:30:00-05:00,0.8402000069618225,0.8999999761581421,0.8402000069618225,0.8999999761581421,835,0.0,0.0
2022-12-20 12:30:00-05:00,0.8849999904632568,0.8849999904632568,0.8849999904632568,0.8849999904632568,405,0.0,0.0
2022-12-20 13:30:00-05:00,0.8810999989509583,0.8810999989509583,0.8622999787330627,0.8622999787330627,776,0.0,0.0
2022-12-21 09:30:00-05:00,0.8399999737739563,0.8999999761581421,0.8399999737739563,0.8999999761581421,657,0.0,0.0
2022-12-21 10:30:00-05:00,0.8501999974250793,0.8999999761581421,0.8399999737739563,0.8401010036468506,6149,0.0,0.0
2022-12-21 11:30:00-05:00,0.8399999737739563,0.8399999737739563,0.8399999737739563,0.8399999737739563,142,0.0,0.0
2022-12-21 12:30:00-05:00,0.8995000123977661,0.8995000123977661,0.8700000047683716,0.8995000123977661,438,0.0,0.0
2022-12-21 13:30:00-05:00,0.8399999737739563,0.8399999737739563,0.8399999737739563,0.8399999737739563,266,0.0,0.0
2022-12-21 14:30:00-05:00,0.8995000123977661,0.8995000123977661,0.8995000123977661,0.8995000123977661,401,0.0,0.0
2022-12-22 09:30:00-05:00,0.8399999737739563,0.8399999737739563,0.8399999737739563,0.8399999737739563,0,0.0,0.0
2022-12-22 10:30:00-05:00,0.8510000109672546,0.8590009808540344,0.8399999737739563,0.8526999950408936,2230,0.0,0.0
2022-12-22 12:30:00-05:00,0.8399999737739563,0.8399999737739563,0.8399999737739563,0.8399999737739563,103,0.0,0.0
2022-12-22 13:30:00-05:00,0.8399999737739563,0.8399999737739563,0.8399999737739563,0.8399999737739563,104,0.0,0.0
2022-12-22 14:30:00-05:00,0.8399999737739563,0.8400999903678894,0.8399999737739563,0.8400999903678894,550,0.0,0.0
2022-12-23 09:30:00-05:00,0.8399999737739563,0.8500000238418579,0.8399999737739563,0.8399999737739563,0,0.0,0.0
2022-12-23 10:30:00-05:00,0.8410000205039978,0.8410000205039978,0.8399999737739563,0.8399999737739563,240,0.0,0.0
2022-12-23 12:30:00-05:00,0.8399999737739563,0.8655009865760803,0.8399999737739563,0.8400999903678894,10749,0.0,0.0
2022-12-23 15:30:00-05:00,0.8220999836921692,0.8220999836921692,0.8220999836921692,0.8220999836921692,985,0.0,0.0
2022-12-27 09:30:00-05:00,0.8201000094413757,0.8327509760856628,0.8199999928474426,0.8201010227203369,0,0.0,0.0
2022-12-27 10:30:00-05:00,0.8201000094413757,0.8201000094413757,0.8199999928474426,0.8199999928474426,273,0.0,0.0
2022-12-27 11:30:00-05:00,0.8199999928474426,0.8199999928474426,0.8199999928474426,0.8199999928474426,368,0.0,0.0
2022-12-27 12:30:00-05:00,0.8199999928474426,0.8199999928474426,0.8199999928474426,0.8199999928474426,240,0.0,0.0
2022-12-27 13:30:00-05:00,0.8220999836921692,0.8220999836921692,0.8220999836921692,0.8220999836921692,3024,0.0,0.0
2022-12-27 14:30:00-05:00,0.8199999928474426,0.841251015663147,0.8199999928474426,0.8199999928474426,4443,0.0,0.0
2022-12-27 15:30:00-05:00,0.8199999928474426,0.8199999928474426,0.7720000147819519,0.7720000147819519,10900,0.0,0.0
2022-12-28 09:30:00-05:00,0.7900000214576721,0.7900999784469604,0.7699999809265137,0.7900999784469604,0,0.0,0.0
2022-12-28 12:30:00-05:00,0.7799999713897705,0.7979999780654907,0.7799999713897705,0.7979999780654907,2000,0.0,0.0
2022-12-28 13:30:00-05:00,0.7799999713897705,0.8399999737739563,0.7799999713897705,0.8399999737739563,4165,0.0,0.0
2022-12-28 15:30:00-05:00,0.800000011920929,0.8220009803771973,0.800000011920929,0.8000010251998901,4900,0.0,0.0
2022-12-29 09:30:00-05:00,0.75,0.7699999809265137,0.75,0.7699000239372253,0,0.0,0.0
2022-12-29 10:30:00-05:00,0.800000011920929,0.800000011920929,0.800000011920929,0.800000011920929,135,0.0,0.0
2022-12-29 12:30:00-05:00,0.8700000047683716,0.8700000047683716,0.8134710192680359,0.8134710192680359,711,0.0,0.0
2022-12-29 13:30:00-05:00,0.8129000067710876,0.8129000067710876,0.8129000067710876,0.8129000067710876,129,0.0,0.0
2022-12-29 15:30:00-05:00,0.800000011920929,0.8001000285148621,0.800000011920929,0.800000011920929,7135,0.0,0.0
2022-12-30 09:30:00-05:00,0.7599999904632568,0.7599999904632568,0.7599999904632568,0.7599999904632568,0,0.0,0.0
2022-12-30 10:30:00-05:00,0.7800009846687317,0.7800009846687317,0.7800009846687317,0.7800009846687317,159,0.0,0.0
2022-12-30 11:30:00-05:00,0.7879999876022339,0.7879999876022339,0.7879999876022339,0.7879999876022339,111,0.0,0.0
2022-12-30 12:30:00-05:00,0.7879999876022339,0.7882000207901001,0.7879999876022339,0.7882000207901001,335,0.0,0.0
2022-12-30 13:30:00-05:00,0.7900000214576721,0.7900000214576721,0.7900000214576721,0.7900000214576721,645,0.0,0.0
2022-12-30 14:30:00-05:00,0.7983999848365784,0.8149999976158142,0.7983999848365784,0.8149999976158142,370,0.0,0.0
2022-12-30 15:30:00-05:00,0.7900000214576721,0.7900999784469604,0.7900000214576721,0.7900999784469604,1180,0.0,0.0
2023-01-03 09:30:00-05:00,0.8798999786376953,0.8798999786376953,0.8798999786376953,0.8798999786376953,0,0.0,0.0
2023-01-03 10:30:00-05:00,0.8335000276565552,0.8335000276565552,0.8335000276565552,0.8335000276565552,1011,0.0,0.0
2023-01-03 13:30:00-05:00,0.8199999928474426,0.8199999928474426,0.7900000214576721,0.7901999950408936,651,0.0,0.0
2023-01-03 14:30:00-05:00,0.7900000214576721,0.7900000214576721,0.7720000147819519,0.7799999713897705,3471,0.0,0.0
2023-01-03 15:30:00-05:00,0.800000011920929,0.8001999855041504,0.7799999713897705,0.8001999855041504,879,0.0,0.0
2023-01-04 09:30:00-05:00,0.7699999809265137,0.7699999809265137,0.7402009963989258,0.7599999904632568,0,0.0,0.0
2023-01-04 10:30:00-05:00,0.7699999809265137,0.7699999809265137,0.7699999809265137,0.7699999809265137,122,0.0,0.0
2023-01-04 11:30:00-05:00,0.8084999918937683,0.8084999918937683,0.8084999918937683,0.8084999918937683,215,0.0,0.0
2023-01-04 14:30:00-05:00,0.7799999713897705,0.7870000004768372,0.7799999713897705,0.7870000004768372,700,0.0,0.0
2023-01-04 15:30:00-05:00,0.7870000004768372,0.7870000004768372,0.7870000004768372,0.7870000004768372,572,0.0,0.0
2023-01-05 09:30:00-05:00,0.7803999781608582,0.8012499809265137,0.7799999713897705,0.8012499809265137,1886,0.0,0.0
2023-01-05 12:30:00-05:00,0.8012499809265137,0.8012499809265137,0.7825000286102295,0.7825000286102295,1105,0.0,0.0
2023-01-05 14:30:00-05:00,0.7900000214576721,0.7900000214576721,0.7900000214576721,0.7900000214576721,282,0.0,0.0
2023-01-05 15:30:00-05:00,0.8199999928474426,0.8199999928474426,0.7900000214576721,0.7900000214576721,1418,0.0,0.0
2023-01-06 10:30:00-05:00,0.7825000286102295,0.7825000286102295,0.7825000286102295,0.7825000286102295,203,0.0,0.0
2023-01-06 13:30:00-05:00,0.8500000238418579,0.8500000238418579,0.8199999928474426,0.8199999928474426,3548,0.0,0.0
2023-01-09 09:30:00-05:00,0.8399999737739563,0.8399999737739563,0.784500002861023,0.800000011920929,22512,0.0,0.0
2023-01-09 10:30:00-05:00,0.8198999762535095,0.8198999762535095,0.8198999762535095,0.8198999762535095,1002,0.0,0.0
2023-01-09 11:30:00-05:00,0.8100000023841858,0.8100000023841858,0.8050010204315186,0.8050010204315186,1243,0.0,0.0
2023-01-09 12:30:00-05:00,0.8001000285148621,0.8001000285148621,0.8001000285148621,0.8001000285148621,258,0.0,0.0
2023-01-09 13:30:00-05:00,0.8098999857902527,0.8098999857902527,0.8098999857902527,0.8098999857902527,1125,0.0,0.0
2023-01-09 14:30:00-05:00,0.8098999857902527,0.8098999857902527,0.8098989725112915,0.8098999857902527,401,0.0,0.0
2023-01-10 10:30:00-05:00,0.8149999976158142,0.8149999976158142,0.8149999976158142,0.8149999976158142,0,0.0,0.0
2023-01-10 12:30:00-05:00,0.8151000142097473,0.8176000118255615,0.8151000142097473,0.8176000118255615,420,0.0,0.0
2023-01-10 13:30:00-05:00,0.8176000118255615,0.8199999928474426,0.800000011920929,0.800000011920929,783,0.0,0.0
2023-01-10 14:30:00-05:00,0.800000011920929,0.8199999928474426,0.800000011920929,0.8198999762535095,4776,0.0,0.0
2023-01-11 09:30:00-05:00,0.8299999833106995,0.8299999833106995,0.8299999833106995,0.8299999833106995,0,0.0,0.0
2023-01-11 11:30:00-05:00,0.8162500262260437,0.8299999833106995,0.8162500262260437,0.8299999833106995,5256,0.0,0.0
2023-01-11 13:30:00-05:00,0.8199999928474426,0.8199999928474426,0.8199999928474426,0.8199999928474426,630,0.0,0.0
2023-01-11 14:30:00-05:00,0.8199999928474426,0.8199999928474426,0.8199999928474426,0.8199999928474426,100,0.0,0.0
2023-01-11 15:30:00-05:00,0.8199999928474426,0.8199999928474426,0.8199999928474426,0.8199999928474426,111,0.0,0.0
2023-01-12 10:30:00-05:00,0.8500000238418579,0.8500000238418579,0.8500000238418579,0.8500000238418579,321,0.0,0.0
2023-01-12 12:30:00-05:00,0.8500000238418579,0.8500000238418579,0.8500000238418579,0.8500000238418579,712,0.0,0.0
2023-01-12 15:30:00-05:00,0.8500000238418579,0.8500000238418579,0.8500000238418579,0.8500000238418579,0,0.0,0.0
2023-01-13 09:30:00-05:00,0.8500000238418579,0.8723490238189697,0.8500000238418579,0.8723490238189697,1452,0.0,0.0
2023-01-13 10:30:00-05:00,0.8799999952316284,0.8999999761581421,0.8799999952316284,0.8999999761581421,1680,0.0,0.0
2023-01-13 11:30:00-05:00,0.9176999926567078,0.9176999926567078,0.8999999761581421,0.9023000001907349,1102,0.0,0.0
2023-01-13 12:30:00-05:00,0.8701000213623047,0.9099000096321106,0.8701000213623047,0.9099000096321106,1824,0.0,0.0
2023-01-13 13:30:00-05:00,0.9000999927520752,0.9000999927520752,0.8999999761581421,0.8999999761581421,655,0.0,0.0
2023-01-13 15:30:00-05:00,0.9017000198364258,0.9017000198364258,0.9017000198364258,0.9017000198364258,2686,0.0,0.0
2023-01-17 09:30:00-05:00,0.9100000262260437,0.9100000262260437,0.8600000143051147,0.8899999856948853,5114,0.0,0.0
2023-01-17 11:30:00-05:00,0.8700000047683716,0.8700000047683716,0.8700000047683716,0.8700000047683716,200,0.0,0.0
2023-01-17 12:30:00-05:00,0.9337999820709229,0.9337999820709229,0.9337999820709229,0.9337999820709229,132,0.0,0.0
2023-01-17 13:30:00-05:00,0.9398990273475647,0.9398990273475647,0.8999999761581421,0.8999999761581421,430,0.0,0.0
2023-01-17 14:30:00-05:00,0.8675010204315186,0.8675010204315186,0.8675010204315186,0.8675010204315186,130,0.0,0.0
2023-01-18 11:30:00-05:00,0.8500000238418579,0.9300000071525574,0.8500000238418579,0.9300000071525574,3240,0.0,0.0
2023-01-18 12:30:00-05:00,0.8500000238418579,0.8500000238418579,0.8500000238418579,0.8500000238418579,217,0.0,0.0
2023-01-18 14:30:00-05:00,0.8500000238418579,0.8500000238418579,0.8500000238418579,0.8500000238418579,111,0.0,0.0
2023-01-18 15:30:00-05:00,0.8700000047683716,0.8700000047683716,0.8700000047683716,0.8700000047683716,100,0.0,0.0
2023-01-19 09:30:00-05:00,0.9240000247955322,0.9240000247955322,0.9240000247955322,0.9240000247955322,0,0.0,0.0
2023-01-19 10:30:00-05:00,0.9242010116577148,0.9270489811897278,0.9240000247955322,0.9270489811897278,3274,0.0,0.0
2023-01-19 11:30:00-05:00,0.9265000224113464,0.9265000224113464,0.9265000224113464,0.9265000224113464,100,0.0,0.0
2023-01-19 12:30:00-05:00,0.9240000247955322,0.9300000071525574,0.9240000247955322,0.9240000247955322,557,0.0,0.0
2023-01-19 13:30:00-05:00,0.9240000247955322,0.9240999817848206,0.9240000247955322,0.9240000247955322,2657,0.0,0.0
2023-01-19 14:30:00-05:00,0.9240999817848206,0.9269999861717224,0.9240000247955322,0.9240000247955322,800,0.0,0.0
2023-01-19 15:30:00-05:00,0.9284999966621399,0.9284999966621399,0.9200000166893005,0.9200000166893005,600,0.0,0.0
2023-01-20 09:30:00-05:00,0.8799999952316284,0.9150000214576721,0.8799999952316284,0.9150000214576721,0,0.0,0.0
2023-01-20 10:30:00-05:00,0.9299989938735962,0.9299989938735962,0.9290000200271606,0.9298989772796631,1224,0.0,0.0
2023-01-20 13:30:00-05:00,0.9200000166893005,0.9200000166893005,0.9200000166893005,0.9200000166893005,106,0.0,0.0
2023-01-20 15:30:00-05:00,0.9300000071525574,0.9300000071525574,0.9276999831199646,0.9298999905586243,1104,0.0,0.0
2023-01-23 09:30:00-05:00,0.9300000071525574,0.9300000071525574,0.9000009894371033,0.9246000051498413,3666,0.0,0.0
2023-01-23 10:30:00-05:00,0.9097999930381775,0.9200999736785889,0.9097999930381775,0.9200999736785889,5247,0.0,0.0
2023-01-23 11:30:00-05:00,0.9300000071525574,0.9300000071525574,0.9300000071525574,0.9300000071525574,261,0.0,0.0
2023-01-23 12:30:00-05:00,0.9200000166893005,0.9200000166893005,0.9200000166893005,0.9200000166893005,528,0.0,0.0
2023-01-23 14:30:00-05:00,0.9097999930381775,0.9097999930381775,0.9097999930381775,0.9097999930381775,545,0.0,0.0
2023-01-24 09:30:00-05:00,0.8799999952316284,0.880299985408783,0.8550000190734863,0.8698999881744385,0,0.0,0.0
2023-01-24 10:30:00-05:00,0.8600000143051147,0.8600999712944031,0.8600000143051147,0.8600999712944031,1065,0.0,0.0
2023-01-24 14:30:00-05:00,0.8700000047683716,0.8700000047683716,0.8700000047683716,0.8700000047683716,664,0.0,0.0
2023-01-24 15:30:00-05:00,0.869799017906189,0.869799017906189,0.8600000143051147,0.8600000143051147,1235,0.0,0.0
2023-01-25 09:30:00-05:00,0.8500000238418579,0.8750010132789612,0.8500000238418579,0.8500000238418579,0,0.0,0.0
2023-01-25 13:30:00-05:00,0.8525009751319885,0.8525009751319885,0.8525009751319885,0.8525009751319885,100,0.0,0.0
2023-01-25 14:30:00-05:00,0.8550000190734863,0.8550000190734863,0.8550000190734863,0.8550000190734863,100,0.0,0.0
2023-01-25 15:30:00-05:00,0.8550000190734863,0.8550000190734863,0.8550000190734863,0.8550000190734863,0,0.0,0.0
2023-01-26 09:30:00-05:00,0.8701009750366211,0.8701009750366211,0.8550000190734863,0.8550000190734863,702,0.0,0.0
2023-01-26 10:30:00-05:00,0.8550000190734863,0.8550000190734863,0.8550000190734863,0.8550000190734863,112,0.0,0.0
2023-01-26 11:30:00-05:00,0.8899999856948853,0.8910009860992432,0.8899999856948853,0.8910009860992432,200,0.0,0.0
2023-01-26 13:30:00-05:00,0.8550000190734863,0.8550000190734863,0.8550000190734863,0.8550000190734863,239,0.0,0.0
2023-01-26 14:30:00-05:00,0.8550000190734863,0.8550000190734863,0.8550000190734863,0.8550000190734863,351,0.0,0.0
2023-01-26 15:30:00-05:00,0.8550000190734863,0.8550000190734863,0.8550000190734863,0.8550000190734863,436,0.0,0.0
2023-01-27 09:30:00-05:00,0.8601009845733643,0.8601009845733643,0.8601009845733643,0.8601009845733643,0,0.0,0.0
2023-01-27 10:30:00-05:00,0.9300000071525574,0.9300000071525574,0.9298989772796631,0.9298989772796631,4030,0.0,0.0
2023-01-27 11:30:00-05:00,0.8635010123252869,0.8635010123252869,0.8635010123252869,0.8635010123252869,5172,0.0,0.0
2023-01-27 14:30:00-05:00,0.8650000095367432,0.8650000095367432,0.8650000095367432,0.8650000095367432,10327,0.0,0.0
2023-01-30 09:30:00-05:00,0.8650000095367432,0.8650000095367432,0.8500000238418579,0.8500000238418579,0,0.0,0.0
2023-01-30 11:30:00-05:00,0.8525000214576721,0.8525000214576721,0.8525000214576721,0.8525000214576721,221,0.0,0.0
2023-01-30 13:30:00-05:00,0.8700000047683716,0.8700000047683716,0.8700000047683716,0.8700000047683716,552,0.0,0.0
2023-01-30 14:30:00-05:00,0.8626000285148621,0.8626000285148621,0.8550000190734863,0.8550000190734863,328,0.0,0.0
2023-01-31 09:30:00-05:00,0.8799999952316284,0.8799999952316284,0.8799999952316284,0.8799999952316284,0,0.0,0.0
2023-01-31 11:30:00-05:00,0.8550000190734863,0.8550999760627747,0.8550000190734863,0.8550000190734863,1190,0.0,0.0
2023-01-31 12:30:00-05:00,0.8805000185966492,0.8805000185966492,0.8500000238418579,0.8500000238418579,5482,0.0,0.0
2023-01-31 14:30:00-05:00,0.8700000047683716,0.8700000047683716,0.8500000238418579,0.8600000143051147,2167,0.0,0.0
2023-01-31 15:30:00-05:00,0.9200000166893005,0.9200000166893005,0.9200000166893005,0.9200000166893005,0,0.0,0.0
2023-02-01 09:30:00-05:00,0.9300000071525574,0.9401000142097473,0.9261000156402588,0.9298999905586243,10223,0.0,0.0
2023-02-01 10:30:00-05:00,0.9290000200271606,0.9300000071525574,0.926800012588501,0.9300000071525574,30951,0.0,0.0
2023-02-01 11:30:00-05:00,0.9301999807357788,0.949999988079071,0.9279999732971191,0.949999988079071,11504,0.0,0.0
2023-02-01 12:30:00-05:00,0.9399999976158142,0.9800000190734863,0.9300000071525574,0.9800000190734863,3467,0.0,0.0
2023-02-01 13:30:00-05:00,0.9399999976158142,0.9399999976158142,0.9399999976158142,0.9399999976158142,2094,0.0,0.0
2023-02-01 14:30:00-05:00,0.9300000071525574,0.9300000071525574,0.9300000071525574,0.9300000071525574,534,0.0,0.0
2023-02-01 15:30:00-05:00,0.9524000287055969,0.9599000215530396,0.9524000287055969,0.9525009989738464,2291,0.0,0.0
2023-02-02 09:30:00-05:00,1.0,1.0017999410629272,0.9573000073432922,0.978600025177002,7962,0.0,0.0
2023-02-02 10:30:00-05:00,1.0,1.0,1.0,1.0,1070,0.0,0.0
2023-02-02 11:30:00-05:00,0.9700000286102295,1.0,0.9700000286102295,0.9991999864578247,1552,0.0,0.0
2023-02-02 12:30:00-05:00,1.0,1.0,0.9850000143051147,0.9850000143051147,7087,0.0,0.0
2023-02-02 13:30:00-05:00,0.984000027179718,0.984000027179718,0.9700000286102295,0.9700000286102295,2155,0.0,0.0
2023-02-02 14:30:00-05:00,0.984000027179718,0.984000027179718,0.9804999828338623,0.9839000105857849,2041,0.0,0.0
2023-02-02 15:30:00-05:00,0.9804999828338623,0.9839000105857849,0.9804999828338623,0.9839000105857849,1113,0.0,0.0
2023-02-03 09:30:00-05:00,0.984000027179718,0.984000027179718,0.9599999785423279,0.9599999785423279,0,0.0,0.0
2023-02-03 10:30:00-05:00,0.9771999716758728,0.9771999716758728,0.9599999785423279,0.9599999785423279,1120,0.0,0.0
2023-02-03 11:30:00-05:00,0.9800000190734863,0.984000027179718,0.9800000190734863,0.984000027179718,1231,0.0,0.0
2023-02-03 12:30:00-05:00,1.0,1.309999942779541,0.9998999834060669,1.2200000286102295,83093,0.0,0.0
2023-02-03 13:30:00-05:00,1.2000000476837158,1.25,1.125,1.2000000476837158,49647,0.0,0.0
2023-02-03 14:30:00-05:00,1.190000057220459,1.2000000476837158,1.1301000118255615,1.1301000118255615,10064,0.0,0.0
2023-02-03 15:30:00-05:00,1.1598999500274658,1.159999966621399,1.1200000047683716,1.1549999713897705,14230,0.0,0.0
2023-02-06 09:30:00-05:00,1.149999976158142,1.25,1.149999976158142,1.2192000150680542,6358,0.0,0.0
2023-02-06 10:30:00-05:00,1.2058000564575195,1.2300000190734863,1.1999000310897827,1.212499976158142,3296,0.0,0.0
2023-02-06 11:30:00-05:00,1.1800999641418457,1.1950000524520874,1.1500999927520752,1.1500999927520752,9898,0.0,0.0
2023-02-06 12:30:00-05:00,1.1541999578475952,1.1699999570846558,1.149999976158142,1.149999976158142,5009,0.0,0.0
2023-02-06 13:30:00-05:00,1.1507999897003174,1.1507999897003174,1.1299999952316284,1.1299999952316284,1702,0.0,0.0
2023-02-06 14:30:00-05:00,1.1200000047683716,1.1200000047683716,1.1200000047683716,1.1200000047683716,1506,0.0,0.0
2023-02-06 15:30:00-05:00,1.1399999856948853,1.1461999416351318,1.1338000297546387,1.1399999856948853,2000,0.0,0.0
2023-02-07 09:30:00-05:00,1.1200000047683716,1.1700999736785889,1.1200000047683716,1.1700999736785889,1635,0.0,0.0
2023-02-07 11:30:00-05:00,1.2009999752044678,1.2100000381469727,1.2000000476837158,1.2000000476837158,1526,0.0,0.0
2023-02-07 12:30:00-05:00,1.2000000476837158,1.2000000476837158,1.2000000476837158,1.2000000476837158,1127,0.0,0.0
2023-02-07 13:30:00-05:00,1.1699999570846558,1.1699999570846558,1.1200000047683716,1.1200000047683716,3311,0.0,0.0
2023-02-07 15:30:00-05:00,1.1629999876022339,1.2100000381469727,1.1299999952316284,1.2100000381469727,0,0.0,0.0
2023-02-08 09:30:00-05:00,1.1200000047683716,1.1779999732971191,1.1200000047683716,1.149999976158142,1981,0.0,0.0
2023-02-08 10:30:00-05:00,1.149999976158142,1.149999976158142,1.1399999856948853,1.1399999856948853,201,0.0,0.0
2023-02-08 11:30:00-05:00,1.145799994468689,1.149999976158142,1.145799994468689,1.149999976158142,308,0.0,0.0
2023-02-08 12:30:00-05:00,1.159999966621399,1.159999966621399,1.159999966621399,1.159999966621399,105,0.0,0.0
2023-02-08 13:30:00-05:00,1.1749999523162842,1.1749999523162842,1.149999976158142,1.149999976158142,2385,0.0,0.0
2023-02-08 15:30:00-05:00,1.2000000476837158,1.2000000476837158,1.2000000476837158,1.2000000476837158,0,0.0,0.0
2023-02-09 09:30:00-05:00,1.1200000047683716,1.1200000047683716,1.1200000047683716,1.1200000047683716,2890,0.0,0.0
2023-02-09 10:30:00-05:00,1.0700000524520874,1.1200000047683716,1.0700000524520874,1.1200000047683716,1327,0.0,0.0
2023-02-09 11:30:00-05:00,1.0928000211715698,1.0928000211715698,1.0928000211715698,1.0928000211715698,382,0.0,0.0
2023-02-09 13:30:00-05:00,1.1200000047683716,1.1200000047683716,1.1181999444961548,1.1181999444961548,2047,0.0,0.0
2023-02-09 14:30:00-05:00,1.0700000524520874,1.0700000524520874,1.0700000524520874,1.0700000524520874,262,0.0,0.0
2023-02-09 15:30:00-05:00,0.9652000069618225,1.0426000356674194,0.9652000069618225,1.0426000356674194,288,0.0,0.0
2023-02-10 09:30:00-05:00,1.149999976158142,1.1698999404907227,1.0029000043869019,1.0029000043869019,733,0.0,0.0
2023-02-10 10:30:00-05:00,1.1799999475479126,1.2100000381469727,1.1799999475479126,1.1974999904632568,27228,0.0,0.0
2023-02-10 11:30:00-05:00,1.1821999549865723,1.190000057220459,1.1819000244140625,1.190000057220459,2130,0.0,0.0
2023-02-10 12:30:00-05:00,1.190000057220459,1.1970000267028809,1.1799999475479126,1.1799999475479126,1277,0.0,0.0
2023-02-10 13:30:00-05:00,1.181399941444397,1.181399941444397,1.149999976158142,1.149999976158142,13817,0.0,0.0
2023-02-10 14:30:00-05:00,1.1399999856948853,1.1399999856948853,1.1399999856948853,1.1399999856948853,220,0.0,0.0
2023-02-10 15:30:00-05:00,1.1799999475479126,1.1799999475479126,1.1100000143051147,1.125,1625,0.0,0.0
2023-02-13 09:30:00-05:00,1.2300000190734863,1.2300000190734863,1.1799999475479126,1.1799999475479126,6482,0.0,0.0
2023-02-13 10:30:00-05:00,1.1699999570846558,1.1699999570846558,1.1699999570846558,1.1699999570846558,319,0.0,0.0
2023-02-13 11:30:00-05:00,1.1799999475479126,1.1799999475479126,1.1511000394821167,1.1511000394821167,707,0.0,0.0
2023-02-13 12:30:00-05:00,1.1799999475479126,1.1799999475479126,1.179900050163269,1.179900050163269,1496,0.0,0.0
2023-02-13 14:30:00-05:00,1.190000057220459,1.190000057220459,1.159999966621399,1.159999966621399,247,0.0,0.0
2023-02-13 15:30:00-05:00,1.159999966621399,1.1799999475479126,1.149999976158142,1.1799999475479126,0,0.0,0.0
2023-02-14 09:30:00-05:00,1.2100000381469727,1.340000033378601,1.2000000476837158,1.2699999809265137,68993,0.0,0.0
2023-02-14 10:30:00-05:00,1.2899999618530273,1.2999999523162842,1.2400000095367432,1.2400000095367432,22111,0.0,0.0
2023-02-14 11:30:00-05:00,1.2797000408172607,1.3834999799728394,1.2700999975204468,1.3704999685287476,46777,0.0,0.0
2023-02-14 12:30:00-05:00,1.3899999856948853,1.3899999856948853,1.1699999570846558,1.3121999502182007,75869,0.0,0.0
2023-02-14 13:30:00-05:00,1.284999966621399,1.3415000438690186,1.250599980354309,1.3415000438690186,7769,0.0,0.0
2023-02-14 14:30:00-05:00,1.25,1.308500051498413,1.190000057220459,1.2999999523162842,24955,0.0,0.0
2023-02-14 15:30:00-05:00,1.3075000047683716,1.339900016784668,1.2599999904632568,1.3300000429153442,4782,0.0,0.0
2023-02-15 09:30:00-05:00,1.3600000143051147,1.3600000143051147,1.25,1.25,34808,0.0,0.0
2023-02-15 10:30:00-05:00,1.2599999904632568,1.2999999523162842,1.2597999572753906,1.2597999572753906,9158,0.0,0.0
2023-02-15 11:30:00-05:00,1.2899999618530273,1.2999000549316406,1.25,1.2999000549316406,4699,0.0,0.0
2023-02-15 12:30:00-05:00,1.274999976158142,1.2999999523162842,1.2000000476837158,1.2999999523162842,8017,0.0,0.0
2023-02-15 13:30:00-05:00,1.219599962234497,1.2200000286102295,1.2100000381469727,1.2100000381469727,3645,0.0,0.0
2023-02-15 14:30:00-05:00,1.25,1.2999000549316406,1.2100000381469727,1.2999000549316406,3027,0.0,0.0
2023-02-15 15:30:00-05:00,1.274999976158142,1.274999976158142,1.274999976158142,1.274999976158142,215,0.0,0.0
2023-02-16 09:30:00-05:00,1.2699999809265137,1.2955000400543213,1.26010000705719,1.26010000705719,6931,0.0,0.0
2023-02-16 10:30:00-05:00,1.2101000547409058,1.2101000547409058,1.2101000547409058,1.2101000547409058,549,0.0,0.0
2023-02-16 12:30:00-05:00,1.2200000286102295,1.2200000286102295,1.1200000047683716,1.1383999586105347,17467,0.0,0.0
2023-02-16 13:30:00-05:00,1.1401000022888184,1.2300000190734863,1.1399999856948853,1.2300000190734863,859,0.0,0.0
2023-02-16 14:30:00-05:00,1.2050000429153442,1.2300000190734863,1.1399999856948853,1.190000057220459,20930,0.0,0.0
2023-02-16 15:30:00-05:00,1.190000057220459,1.190000057220459,1.149999976158142,1.149999976158142,402,0.0,0.0
2023-02-17 09:30:00-05:00,1.090000033378601,1.159999966621399,1.090000033378601,1.159999966621399,0,0.0,0.0
2023-02-17 10:30:00-05:00,1.1301000118255615,1.138100028038025,1.100000023841858,1.1299999952316284,5365,0.0,0.0
2023-02-17 11:30:00-05:00,1.1579999923706055,1.1592999696731567,1.1299999952316284,1.1299999952316284,2530,0.0,0.0
2023-02-17 12:30:00-05:00,1.1504000425338745,1.159999966621399,1.1504000425338745,1.159999966621399,390,0.0,0.0
2023-02-17 13:30:00-05:00,1.159999966621399,1.159999966621399,1.1100000143051147,1.159999966621399,1606,0.0,0.0
2023-02-17 14:30:00-05:00,1.1100000143051147,1.159999966621399,1.1100000143051147,1.159999966621399,1169,0.0,0.0
2023-02-17 15:30:00-05:00,1.149999976158142,1.149999976158142,1.125,1.125,806,0.0,0.0
2023-02-21 09:30:00-05:00,1.1299999952316284,1.1299999952316284,1.1299999952316284,1.1299999952316284,0,0.0,0.0
2023-02-21 10:30:00-05:00,1.1690000295639038,1.2450000047683716,1.149999976158142,1.149999976158142,1152,0.0,0.0
2023-02-21 11:30:00-05:00,1.20169997215271,1.20169997215271,1.20169997215271,1.20169997215271,392,0.0,0.0
2023-02-21 12:30:00-05:00,1.1699999570846558,1.1699999570846558,1.149999976158142,1.149999976158142,1296,0.0,0.0
2023-02-21 14:30:00-05:00,1.2000000476837158,1.2000000476837158,1.1200000047683716,1.1200000047683716,10642,0.0,0.0
2023-02-21 15:30:00-05:00,1.1799999475479126,1.1799999475479126,1.1299999952316284,1.1299999952316284,0,0.0,0.0
2023-02-22 09:30:00-05:00,1.1200000047683716,1.1399999856948853,1.1200000047683716,1.131500005722046,3714,0.0,0.0
2023-02-22 10:30:00-05:00,1.1346999406814575,1.1346999406814575,1.1299999952316284,1.1299999952316284,4693,0.0,0.0
2023-02-22 11:30:00-05:00,1.1299999952316284,1.1454999446868896,1.1299999952316284,1.1454999446868896,364,0.0,0.0
2023-02-22 12:30:00-05:00,1.1319999694824219,1.132699966430664,1.1299999952316284,1.1299999952316284,497,0.0,0.0
2023-02-22 13:30:00-05:00,1.1399999856948853,1.1399999856948853,1.1399999856948853,1.1399999856948853,283,0.0,0.0
2023-02-22 14:30:00-05:00,1.1699999570846558,1.1699999570846558,1.1699999570846558,1.1699999570846558,247,0.0,0.0
2023-02-22 15:30:00-05:00,1.1699999570846558,1.190000057220459,1.1699999570846558,1.190000057220459,360,0.0,0.0
2023-02-23 09:30:00-05:00,1.1699999570846558,1.1699999570846558,1.1200000047683716,1.162500023841858,10219,0.0,0.0
2023-02-23 10:30:00-05:00,1.121999979019165,1.1979999542236328,1.1200000047683716,1.1363999843597412,4007,0.0,0.0
2023-02-23 11:30:00-05:00,1.1299999952316284,1.1439000368118286,1.1299999952316284,1.1299999952316284,1416,0.0,0.0
2023-02-23 12:30:00-05:00,1.1299999952316284,1.1299999952316284,1.1299999952316284,1.1299999952316284,417,0.0,0.0
2023-02-23 14:30:00-05:00,1.1790000200271606,1.190000057220459,1.1790000200271606,1.190000057220459,783,0.0,0.0
2023-02-23 15:30:00-05:00,1.190000057220459,1.190000057220459,1.1299999952316284,1.190000057220459,353,0.0,0.0
2023-02-24 09:30:00-05:00,1.1299999952316284,1.25,1.1200000047683716,1.2400000095367432,10169,0.0,0.0
2023-02-24 10:30:00-05:00,1.226699948310852,1.226699948310852,1.1699999570846558,1.1887999773025513,920,0.0,0.0
2023-02-24 11:30:00-05:00,1.1917999982833862,1.1917999982833862,1.1699999570846558,1.1699999570846558,13294,0.0,0.0
2023-02-24 14:30:00-05:00,1.1899000406265259,1.1899000406265259,1.1799999475479126,1.1799999475479126,807,0.0,0.0
2023-02-24 15:30:00-05:00,1.190000057220459,1.190000057220459,1.1699999570846558,1.190000057220459,3884,0.0,0.0
2023-02-27 09:30:00-05:00,1.2100000381469727,1.2100000381469727,1.138100028038025,1.2100000381469727,2403,0.0,0.0
2023-02-27 10:30:00-05:00,1.2100000381469727,1.2115000486373901,1.1299999952316284,1.1399999856948853,3084,0.0,0.0
2023-02-27 12:30:00-05:00,1.1986000537872314,1.2000000476837158,1.1972999572753906,1.2000000476837158,1025,0.0,0.0
2023-02-27 13:30:00-05:00,1.1799999475479126,1.1799999475479126,1.1299999952316284,1.1299999952316284,217,0.0,0.0
2023-02-27 14:30:00-05:00,1.1201000213623047,1.1201000213623047,1.1201000213623047,1.1201000213623047,1502,0.0,0.0
2023-02-27 15:30:00-05:00,1.190000057220459,1.190000057220459,1.190000057220459,1.190000057220459,100,0.0,0.0
2023-02-28 09:30:00-05:00,1.159999966621399,1.159999966621399,1.1201000213623047,1.1201000213623047,0,0.0,0.0
2023-02-28 10:30:00-05:00,1.190000057220459,1.190000057220459,1.190000057220459,1.190000057220459,456,0.0,0.0
2023-02-28 13:30:00-05:00,1.149999976158142,1.149999976158142,1.1200000047683716,1.1200000047683716,1376,0.0,0.0
2023-02-28 15:30:00-05:00,1.1299999952316284,1.1299999952316284,1.1200000047683716,1.1200000047683716,659,0.0,0.0
2023-03-01 09:30:00-05:00,1.1200000047683716,1.1200000047683716,1.1200000047683716,1.1200000047683716,2298,0.0,0.0
2023-03-01 11:30:00-05:00,1.122499942779541,1.122499942779541,1.1200000047683716,1.1200000047683716,2317,0.0,0.0
2023-03-01 12:30:00-05:00,1.1200000047683716,1.1200000047683716,1.1200000047683716,1.1200000047683716,105,0.0,0.0
2023-03-01 13:30:00-05:00,1.1399999856948853,1.1399999856948853,1.1288000345230103,1.1288000345230103,1584,0.0,0.0
2023-03-01 14:30:00-05:00,1.1200000047683716,1.121000051498413,1.1200000047683716,1.1200000047683716,2108,0.0,0.0
2023-03-01 15:30:00-05:00,1.1201000213623047,1.1399999856948853,1.100000023841858,1.1201000213623047,2818,0.0,0.0
2023-03-02 09:30:00-05:00,1.1200000047683716,1.1200000047683716,1.1200000047683716,1.1200000047683716,315,0.0,0.0
2023-03-02 11:30:00-05:00,1.1200000047683716,1.1299999952316284,1.1200000047683716,1.1299999952316284,635,0.0,0.0
2023-03-02 12:30:00-05:00,1.1398999691009521,1.1398999691009521,1.1398999691009521,1.1398999691009521,152,0.0,0.0
2023-03-02 14:30:00-05:00,1.1398999691009521,1.1398999691009521,1.1200000047683716,1.1200000047683716,1438,0.0,0.0
2023-03-02 15:30:00-05:00,1.1200000047683716,1.1200000047683716,1.1200000047683716,1.1200000047683716,0,0.0,0.0
2023-03-03 10:30:00-05:00,1.1382999420166016,1.1382999420166016,1.1200000047683716,1.1200000047683716,1586,0.0,0.0
2023-03-03 11:30:00-05:00,1.1200000047683716,1.121000051498413,1.1200000047683716,1.1200000047683716,2535,0.0,0.0
2023-03-03 12:30:00-05:00,1.1200000047683716,1.1200000047683716,1.1166000366210938,1.1166000366210938,614,0.0,0.0
2023-03-03 13:30:00-05:00,1.100000023841858,1.100000023841858,1.100000023841858,1.100000023841858,286,0.0,0.0
2023-03-03 14:30:00-05:00,1.100000023841858,1.100000023841858,1.100000023841858,1.100000023841858,582,0.0,0.0
2023-03-03 15:30:00-05:00,1.100000023841858,1.100000023841858,1.100000023841858,1.100000023841858,150,0.0,0.0
2023-03-06 09:30:00-05:00,1.1299999952316284,1.1299999952316284,1.1299999952316284,1.1299999952316284,0,0.0,0.0
2023-03-06 10:30:00-05:00,1.0506999492645264,1.100000023841858,1.0500999689102173,1.0508999824523926,988,0.0,0.0
2023-03-06 11:30:00-05:00,1.0645999908447266,1.100000023841858,1.0645999908447266,1.100000023841858,476,0.0,0.0
2023-03-06 12:30:00-05:00,1.0499999523162842,1.0499999523162842,1.0499999523162842,1.0499999523162842,1602,0.0,0.0
2023-03-06 13:30:00-05:00,1.0499999523162842,1.1299999952316284,1.0499999523162842,1.0499999523162842,1871,0.0,0.0
2023-03-06 14:30:00-05:00,1.0700000524520874,1.0989999771118164,1.0700000524520874,1.0989999771118164,698,0.0,0.0
2023-03-06 15:30:00-05:00,1.1200000047683716,1.1200000047683716,1.0700000524520874,1.0700000524520874,0,0.0,0.0
2023-03-07 09:30:00-05:00,1.0499999523162842,1.0499999523162842,1.0499999523162842,1.0499999523162842,1167,0.0,0.0
2023-03-07 10:30:00-05:00,1.0700000524520874,1.0700000524520874,1.0700000524520874,1.0700000524520874,202,0.0,0.0
2023-03-07 12:30:00-05:00,1.0700000524520874,1.0700000524520874,1.0700000524520874,1.0700000524520874,152,0.0,0.0
2023-03-07 14:30:00-05:00,1.0700000524520874,1.090000033378601,1.0700000524520874,1.0700000524520874,898,0.0,0.0
2023-03-08 10:30:00-05:00,1.059999942779541,1.059999942779541,1.0500999689102173,1.0501999855041504,50,0.0,0.0
2023-03-08 11:30:00-05:00,1.059999942779541,1.1299999952316284,1.0499999523162842,1.1299999952316284,2540,0.0,0.0
2023-03-08 12:30:00-05:00,1.090000033378601,1.090000033378601,1.090000033378601,1.090000033378601,100,0.0,0.0
2023-03-08 13:30:00-05:00,1.0499999523162842,1.0499999523162842,1.0499999523162842,1.0499999523162842,165,0.0,0.0
2023-03-08 14:30:00-05:00,1.0499999523162842,1.0824999809265137,1.0499999523162842,1.0824999809265137,563,0.0,0.0
2023-03-08 15:30:00-05:00,1.090000033378601,1.104099988937378,1.0800000429153442,1.0911999940872192,0,0.0,0.0
2023-03-09 09:30:00-05:00,1.0844999551773071,1.0844999551773071,1.0844999551773071,1.0844999551773071,434,0.0,0.0
2023-03-09 10:30:00-05:00,1.059999942779541,1.059999942779541,1.059999942779541,1.059999942779541,131,0.0,0.0
2023-03-09 11:30:00-05:00,1.0866999626159668,1.0866999626159668,1.059999942779541,1.059999942779541,806,0.0,0.0
2023-03-09 12:30:00-05:00,1.062600016593933,1.062600016593933,1.059999942779541,1.059999942779541,701,0.0,0.0
2023-03-09 13:30:00-05:00,1.059999942779541,1.059999942779541,1.059999942779541,1.059999942779541,421,0.0,0.0
2023-03-09 14:30:00-05:00,1.059999942779541,1.059999942779541,1.059999942779541,1.059999942779541,405,0.0,0.0
2023-03-10 09:30:00-05:00,1.100000023841858,1.100000023841858,1.0418000221252441,1.0418000221252441,1658,0.0,0.0
2023-03-10 10:30:00-05:00,1.090000033378601,1.090000033378601,1.090000033378601,1.090000033378601,102,0.0,0.0
2023-03-10 13:30:00-05:00,1.0420000553131104,1.0499999523162842,0.910099983215332,0.910099983215332,5393,0.0,0.0
2023-03-10 14:30:00-05:00,0.9800000190734863,0.9800000190734863,0.9800000190734863,0.9800000190734863,210,0.0,0.0
2023-03-10 15:30:00-05:00,0.9501000046730042,0.9800000190734863,0.949999988079071,0.9800000190734863,6332,0.0,0.0
2023-03-13 09:30:00-04:00,0.8901000022888184,0.8999999761581421,0.8500000238418579,0.8899999856948853,4537,0.0,0.0
2023-03-13 10:30:00-04:00,1.0,1.0099999904632568,0.9700000286102295,1.0099999904632568,568,0.0,0.0
2023-03-13 11:30:00-04:00,1.0099999904632568,1.0099999904632568,1.0099999904632568,1.0099999904632568,207,0.0,0.0
2023-03-13 12:30:00-04:00,0.9700000286102295,1.0099999904632568,0.9700000286102295,1.0099999904632568,623,0.0,0.0
2023-03-13 13:30:00-04:00,0.9291999936103821,0.9291999936103821,0.9291999936103821,0.9291999936103821,100,0.0,0.0
2023-03-13 14:30:00-04:00,1.0,1.0,0.9391999840736389,0.9391999840736389,406,0.0,0.0
2023-03-13 15:30:00-04:00,0.9200000166893005,0.9200000166893005,0.9200000166893005,0.9200000166893005,352,0.0,0.0
2023-03-14 09:30:00-04:00,0.9764999747276306,1.1100000143051147,0.9764999747276306,0.9987999796867371,2665,0.0,0.0
2023-03-14 10:30:00-04:00,1.1200000047683716,1.1200000047683716,0.9764999747276306,1.090000033378601,885,0.0,0.0
2023-03-14 11:30:00-04:00,1.0499999523162842,1.059999942779541,1.0499999523162842,1.0499999523162842,658,0.0,0.0
2023-03-14 12:30:00-04:00,1.0499999523162842,1.090000033378601,1.0499999523162842,1.090000033378601,4526,0.0,0.0
2023-03-14 13:30:00-04:00,1.100000023841858,1.1200000047683716,1.0199999809265137,1.1200000047683716,1649,0.0,0.0
2023-03-14 14:30:00-04:00,1.1200000047683716,1.1200000047683716,1.0299999713897705,1.1200000047683716,14780,0.0,0.0
2023-03-14 15:30:00-04:00,1.1200000047683716,1.1200000047683716,0.9024999737739563,0.9550999999046326,17011,0.0,0.0
2023-03-15 09:30:00-04:00,0.949999988079071,1.0199999809265137,0.949999988079071,1.0199999809265137,1557,0.0,0.0
2023-03-15 10:30:00-04:00,0.9850000143051147,1.100000023841858,0.9800000190734863,0.9819999933242798,17323,0.0,0.0
2023-03-15 11:30:00-04:00,0.9599999785423279,0.9599999785423279,0.9599999785423279,0.9599999785423279,179,0.0,0.0
2023-03-15 13:30:00-04:00,0.9605000019073486,0.9605000019073486,0.9605000019073486,0.9605000019073486,110,0.0,0.0
2023-03-15 14:30:00-04:00,0.9700000286102295,0.972000002861023,0.9700000286102295,0.972000002861023,420,0.0,0.0
2023-03-15 15:30:00-04:00,0.9800000190734863,1.0299999713897705,0.9800000190734863,1.0299999713897705,210,0.0,0.0
2023-03-16 09:30:00-04:00,0.9300000071525574,0.9599999785423279,0.9200000166893005,0.9599999785423279,0,0.0,0.0
2023-03-16 10:30:00-04:00,0.9599999785423279,0.9599999785423279,0.9300000071525574,0.9449999928474426,3285,0.0,0.0
2023-03-16 11:30:00-04:00,0.9399999976158142,0.9599999785423279,0.9200999736785889,0.9200999736785889,9020,0.0,0.0
2023-03-16 12:30:00-04:00,0.9598000049591064,0.9598000049591064,0.9598000049591064,0.9598000049591064,131,0.0,0.0
2023-03-16 14:30:00-04:00,0.9200000166893005,0.9200000166893005,0.9200000166893005,0.9200000166893005,288,0.0,0.0
2023-03-16 15:30:00-04:00,0.9480000138282776,0.9480000138282776,0.9200000166893005,0.9200000166893005,1246,0.0,0.0
2023-03-17 09:30:00-04:00,0.8999999761581421,0.9200000166893005,0.8999999761581421,0.9200000166893005,916,0.0,0.0
2023-03-17 10:30:00-04:00,0.8899999856948853,0.9100000262260437,0.8899999856948853,0.9100000262260437,1365,0.0,0.0
2023-03-17 12:30:00-04:00,0.8899999856948853,0.8899999856948853,0.8899999856948853,0.8899999856948853,365,0.0,0.0
2023-03-17 13:30:00-04:00,0.8799999952316284,0.8799999952316284,0.8799999952316284,0.8799999952316284,209,0.0,0.0
2023-03-17 14:30:00-04:00,0.8899999856948853,0.9100000262260437,0.8899999856948853,0.9049999713897705,1875,0.0,0.0
2023-03-17 15:30:00-04:00,0.8999999761581421,0.9100000262260437,0.8999999761581421,0.8999999761581421,6524,0.0,0.0
2023-03-20 09:30:00-04:00,0.8700000047683716,0.8700000047683716,0.8700000047683716,0.8700000047683716,0,0.0,0.0
2023-03-20 11:30:00-04:00,0.8801000118255615,0.9478999972343445,0.8801000118255615,0.8899999856948853,3974,0.0,0.0
2023-03-20 13:30:00-04:00,0.9100000262260437,0.9100000262260437,0.9100000262260437,0.9100000262260437,637,0.0,0.0
2023-03-20 14:30:00-04:00,0.9200000166893005,0.9200000166893005,0.9200000166893005,0.9200000166893005,257,0.0,0.0
2023-03-20 15:30:00-04:00,0.9200000166893005,0.9229999780654907,0.8999999761581421,0.8999999761581421,2376,0.0,0.0
2023-03-21 09:30:00-04:00,0.9304999709129333,0.949999988079071,0.9304999709129333,0.949999988079071,4294,0.0,0.0
2023-03-21 10:30:00-04:00,0.9549999833106995,0.9549999833106995,0.9120000004768372,0.9301999807357788,13446,0.0,0.0
2023-03-21 11:30:00-04:00,1.0499999523162842,1.0599000453948975,0.9394000172615051,0.9394000172615051,1001,0.0,0.0
2023-03-21 12:30:00-04:00,0.9388999938964844,0.9388999938964844,0.9388999938964844,0.9388999938964844,560,0.0,0.0
2023-03-21 13:30:00-04:00,0.9388999938964844,0.9388999938964844,0.9388999938964844,0.9388999938964844,180,0.0,0.0
2023-03-22 11:30:00-04:00,1.0125000476837158,1.0125000476837158,1.0125000476837158,1.0125000476837158,252,0.0,0.0
2023-03-22 12:30:00-04:00,0.9800000190734863,0.9800000190734863,0.9419999718666077,0.9419999718666077,200,0.0,0.0
2023-03-22 13:30:00-04:00,0.9419999718666077,0.9419999718666077,0.9419999718666077,0.9419999718666077,120,0.0,0.0
2023-03-22 15:30:00-04:00,0.9420999884605408,0.9909999966621399,0.9420999884605408,0.9909999966621399,1485,0.0,0.0
2023-03-23 09:30:00-04:00,0.9399999976158142,1.0,0.9399999976158142,0.9998999834060669,39112,0.0,0.0
2023-03-23 10:30:00-04:00,0.9900000095367432,1.0199999809265137,0.9399999976158142,0.9401000142097473,9965,0.0,0.0
2023-03-23 11:30:00-04:00,0.9520000219345093,0.9520000219345093,0.9520000219345093,0.9520000219345093,128,0.0,0.0
2023-03-23 12:30:00-04:00,1.0,1.0,1.0,1.0,102,0.0,0.0
2023-03-23 13:30:00-04:00,1.000100016593933,1.000100016593933,1.000100016593933,1.000100016593933,114,0.0,0.0
2023-03-23 14:30:00-04:00,1.0499999523162842,1.0499999523162842,0.9539999961853027,0.9539999961853027,2716,0.0,0.0
2023-03-23 15:30:00-04:00,1.0,1.0,0.9700000286102295,0.9700000286102295,0,0.0,0.0
2023-03-24 10:30:00-04:00,0.9599999785423279,0.9599999785423279,0.949999988079071,0.949999988079071,1287,0.0,0.0
2023-03-24 11:30:00-04:00,0.9056000113487244,0.9056000113487244,0.9051010012626648,0.9051010012626648,4821,0.0,0.0
2023-03-24 12:30:00-04:00,0.9104999899864197,0.949999988079071,0.9104999899864197,0.949999988079071,405,0.0,0.0
2023-03-24 14:30:00-04:00,0.9599999785423279,1.0,0.9595000147819519,1.0,10746,0.0,0.0
2023-03-24 15:30:00-04:00,0.9950000047683716,1.059999942779541,0.9559999704360962,0.9950000047683716,9657,0.0,0.0
2023-03-27 09:30:00-04:00,1.0199999809265137,1.0199999809265137,0.9419999718666077,0.9419999718666077,2232,0.0,0.0
2023-03-27 10:30:00-04:00,1.059999942779541,1.0999000072479248,1.024999976158142,1.024999976158142,2412,0.0,0.0
2023-03-27 11:30:00-04:00,1.0199999809265137,1.0299999713897705,1.0199999809265137,1.0299999713897705,393,0.0,0.0
2023-03-27 12:30:00-04:00,1.0299999713897705,1.0299999713897705,1.0299999713897705,1.0299999713897705,180,0.0,0.0
2023-03-27 13:30:00-04:00,1.0700000524520874,1.0700000524520874,1.0700000524520874,1.0700000524520874,1018,0.0,0.0
2023-03-27 14:30:00-04:00,1.0699000358581543,1.0700000524520874,1.0699000358581543,1.0700000524520874,536,0.0,0.0
2023-03-27 15:30:00-04:00,1.0700000524520874,1.0700000524520874,1.0700000524520874,1.0700000524520874,160,0.0,0.0
2023-03-28 09:30:00-04:00,1.0463000535964966,1.0463000535964966,0.9819999933242798,0.9819999933242798,347,0.0,0.0
2023-03-28 10:30:00-04:00,1.059999942779541,1.059999942779541,1.059999942779541,1.059999942779541,0,0.0,0.0
2023-03-28 11:30:00-04:00,1.059999942779541,1.059999942779541,1.04830002784729,1.04830002784729,1894,0.0,0.0
2023-03-28 12:30:00-04:00,1.0399999618530273,1.0399999618530273,1.0399999618530273,1.0399999618530273,184,0.0,0.0
2023-03-28 13:30:00-04:00,1.0399999618530273,1.100000023841858,1.0299999713897705,1.0299999713897705,4342,0.0,0.0
2023-03-28 14:30:00-04:00,1.0799000263214111,1.0799000263214111,0.9871000051498413,1.0199999809265137,1741,0.0,0.0
2023-03-28 15:30:00-04:00,1.059999942779541,1.0999000072479248,1.0399999618530273,1.0571999549865723,4263,0.0,0.0
2023-03-29 09:30:00-04:00,1.0199999809265137,1.0199999809265137,1.0199999809265137,1.0199999809265137,1330,0.0,0.0
2023-03-29 10:30:00-04:00,1.0199999809265137,1.0199999809265137,1.0199999809265137,1.0199999809265137,496,0.0,0.0
2023-03-29 12:30:00-04:00,1.044600009918213,1.0499000549316406,1.044600009918213,1.0499000549316406,551,0.0,0.0
2023-03-29 13:30:00-04:00,1.0399999618530273,1.059999942779541,1.0399999618530273,1.0499999523162842,1706,0.0,0.0
2023-03-29 14:30:00-04:00,1.0549999475479126,1.100000023841858,1.0549999475479126,1.100000023841858,2159,0.0,0.0
2023-03-29 15:30:00-04:00,1.0999000072479248,1.0999000072479248,1.0700000524520874,1.090000033378601,3002,0.0,0.0
2023-03-30 09:30:00-04:00,1.1367000341415405,1.1367000341415405,1.1299999952316284,1.1299999952316284,637,0.0,0.0
2023-03-30 10:30:00-04:00,1.1299999952316284,1.149999976158142,1.1299999952316284,1.149899959564209,997,0.0,0.0
2023-03-30 11:30:00-04:00,1.1299999952316284,1.149999976158142,1.1299999952316284,1.149999976158142,3725,0.0,0.0
2023-03-30 12:30:00-04:00,1.1299999952316284,1.1299999952316284,1.100000023841858,1.1299999952316284,2096,0.0,0.0
2023-03-30 13:30:00-04:00,1.1168999671936035,1.1168999671936035,1.106600046157837,1.106600046157837,290,0.0,0.0
2023-03-30 14:30:00-04:00,1.100000023841858,1.100000023841858,1.100000023841858,1.100000023841858,177,0.0,0.0
2023-03-30 15:30:00-04:00,1.1299999952316284,1.149999976158142,1.1200000047683716,1.1349999904632568,0,0.0,0.0
2023-03-31 09:30:00-04:00,1.0499999523162842,1.1398999691009521,1.0499999523162842,1.1344000101089478,4468,0.0,0.0
2023-03-31 10:30:00-04:00,1.1299999952316284,1.1299999952316284,1.1299999952316284,1.1299999952316284,460,0.0,0.0
2023-03-31 11:30:00-04:00,1.1100000143051147,1.1399999856948853,1.1100000143051147,1.1399999856948853,4524,0.0,0.0
2023-03-31 12:30:00-04:00,1.1100000143051147,1.149999976158142,1.1100000143051147,1.149999976158142,5099,0.0,0.0
2023-03-31 13:30:00-04:00,1.149999976158142,1.149999976158142,1.0600999593734741,1.0999000072479248,14623,0.0,0.0
2023-03-31 14:30:00-04:00,1.0600999593734741,1.100000023841858,1.0600999593734741,1.100000023841858,1409,0.0,0.0
2023-03-31 15:30:00-04:00,1.0901000499725342,1.0901000499725342,1.0586999654769897,1.0586999654769897,4342,0.0,0.0
2023-04-03 10:30:00-04:00,1.0700000524520874,1.0700000524520874,1.0700000524520874,1.0700000524520874,0,0.0,0.0
2023-04-03 11:30:00-04:00,1.0700000524520874,1.0700000524520874,1.0700000524520874,1.0700000524520874,336,0.0,0.0
2023-04-03 12:30:00-04:00,1.0700000524520874,1.0700000524520874,1.059999942779541,1.059999942779541,908,0.0,0.0
2023-04-03 13:30:00-04:00,1.0499999523162842,1.0499999523162842,1.0231000185012817,1.0231000185012817,1478,0.0,0.0
2023-04-03 14:30:00-04:00,1.0110000371932983,1.059999942779541,1.0110000371932983,1.059999942779541,3467,0.0,0.0
2023-04-03 15:30:00-04:00,1.059999942779541,1.059999942779541,1.059999942779541,1.059999942779541,0,0.0,0.0
2023-04-04 09:30:00-04:00,1.0799000263214111,1.0799000263214111,1.0799000263214111,1.0799000263214111,308,0.0,0.0
2023-04-04 10:30:00-04:00,1.0200999975204468,1.0454000234603882,1.0099999904632568,1.0199999809265137,4414,0.0,0.0
2023-04-04 11:30:00-04:00,1.01010000705719,1.073199987411499,1.0099999904632568,1.073199987411499,4332,0.0,0.0
2023-04-04 12:30:00-04:00,1.0800000429153442,1.0800000429153442,1.0800000429153442,1.0800000429153442,109,0.0,0.0
2023-04-04 15:30:00-04:00,1.0099999904632568,1.0099999904632568,1.0,1.0049999952316284,21528,0.0,0.0
2023-04-05 09:30:00-04:00,1.0,1.0,1.0,1.0,275,0.0,0.0
2023-04-05 11:30:00-04:00,1.0299999713897705,1.0299999713897705,1.0299999713897705,1.0299999713897705,392,0.0,0.0
2023-04-05 12:30:00-04:00,1.0099999904632568,1.0104999542236328,1.0099999904632568,1.0104999542236328,702,0.0,0.0
2023-04-05 13:30:00-04:00,1.0099999904632568,1.0099999904632568,1.0099999904632568,1.0099999904632568,404,0.0,0.0
2023-04-05 14:30:00-04:00,1.0199999809265137,1.059999942779541,1.0199999809265137,1.059999942779541,207,0.0,0.0
2023-04-05 15:30:00-04:00,1.059999942779541,1.059999942779541,1.059999942779541,1.059999942779541,0,0.0,0.0
2023-04-06 13:30:00-04:00,1.0476000308990479,1.0599000453948975,1.0460000038146973,1.0460000038146973,1284,0.0,0.0
2023-04-06 14:30:00-04:00,1.0054999589920044,1.0054999589920044,1.0054999589920044,1.0054999589920044,101,0.0,0.0
2023-04-10 09:30:00-04:00,1.0139000415802002,1.0139000415802002,1.0099999904632568,1.0099999904632568,2965,0.0,0.0
2023-04-10 10:30:00-04:00,1.0156999826431274,1.0156999826431274,1.01010000705719,1.01010000705719,1503,0.0,0.0
2023-04-10 14:30:00-04:00,1.0199999809265137,1.0199999809265137,1.0199999809265137,1.0199999809265137,508,0.0,0.0
2023-04-10 15:30:00-04:00,1.0499999523162842,1.0499999523162842,1.0499999523162842,1.0499999523162842,0,0.0,0.0
2023-04-11 09:30:00-04:00,1.0099999904632568,1.017899990081787,1.0099999904632568,1.017899990081787,650,0.0,0.0
2023-04-11 10:30:00-04:00,1.034999966621399,1.034999966621399,1.034999966621399,1.034999966621399,186,0.0,0.0
2023-04-11 14:30:00-04:00,1.0514999628067017,1.0514999628067017,1.034999966621399,1.034999966621399,1056,0.0,0.0
2023-04-11 15:30:00-04:00,1.059999942779541,1.059999942779541,1.059999942779541,1.059999942779541,0,0.0,0.0
2023-04-12 09:30:00-04:00,1.0299999713897705,1.0398999452590942,1.0299999713897705,1.0371999740600586,2588,0.0,0.0
2023-04-12 10:30:00-04:00,1.0220999717712402,1.0220999717712402,1.0220999717712402,1.0220999717712402,535,0.0,0.0
2023-04-12 12:30:00-04:00,1.0399999618530273,1.0399999618530273,1.0399999618530273,1.0399999618530273,149,0.0,0.0
2023-04-12 14:30:00-04:00,1.0370999574661255,1.0370999574661255,1.0370999574661255,1.0370999574661255,665,0.0,0.0
2023-04-13 11:30:00-04:00,1.0218000411987305,1.0218000411987305,1.0218000411987305,1.0218000411987305,1284,0.0,0.0
2023-04-13 12:30:00-04:00,1.034999966621399,1.0398999452590942,1.0199999809265137,1.0384999513626099,2576,0.0,0.0
2023-04-13 13:30:00-04:00,1.0225000381469727,1.0225000381469727,1.0199999809265137,1.0199999809265137,231,0.0,0.0
2023-04-13 14:30:00-04:00,1.0199999809265137,1.0199999809265137,1.0199999809265137,1.0199999809265137,1578,0.0,0.0
2023-04-13 15:30:00-04:00,1.0199999809265137,1.0199999809265137,1.0199999809265137,1.0199999809265137,323,0.0,0.0
2023-04-14 09:30:00-04:00,1.0313999652862549,1.0313999652862549,1.0313999652862549,1.0313999652862549,0,0.0,0.0
2023-04-14 10:30:00-04:00,1.0200999975204468,1.0200999975204468,1.0200999975204468,1.0200999975204468,1088,0.0,0.0
2023-04-14 11:30:00-04:00,1.0199999809265137,1.0199999809265137,1.0099999904632568,1.0099999904632568,3078,0.0,0.0
2023-04-14 12:30:00-04:00,1.0099999904632568,1.0099999904632568,1.0099999904632568,1.0099999904632568,3648,0.0,0.0
2023-04-14 15:30:00-04:00,1.01010000705719,1.0149999856948853,1.01010000705719,1.0149999856948853,1354,0.0,0.0
2023-04-17 09:30:00-04:00,1.0399999618530273,1.0799000263214111,1.0398999452590942,1.069599986076355,14238,0.0,0.0
2023-04-17 10:30:00-04:00,1.059999942779541,1.0700000524520874,1.059999942779541,1.0700000524520874,582,0.0,0.0
2023-04-17 12:30:00-04:00,1.0800000429153442,1.090000033378601,1.0700000524520874,1.090000033378601,950,0.0,0.0
2023-04-17 13:30:00-04:00,1.0700000524520874,1.086899995803833,1.0700000524520874,1.086899995803833,350,0.0,0.0
2023-04-17 14:30:00-04:00,1.0700000524520874,1.0700000524520874,1.0700000524520874,1.0700000524520874,0,0.0,0.0
2023-04-18 10:30:00-04:00,1.010200023651123,1.0499999523162842,1.010200023651123,1.0499999523162842,2969,0.0,0.0
2023-04-18 11:30:00-04:00,1.0500999689102173,1.0500999689102173,1.0499999523162842,1.0499999523162842,3703,0.0,0.0
2023-04-18 12:30:00-04:00,1.0356999635696411,1.0356999635696411,1.0356999635696411,1.0356999635696411,496,0.0,0.0
2023-04-18 13:30:00-04:00,1.0700000524520874,1.0700000524520874,1.0700000524520874,1.0700000524520874,404,0.0,0.0
2023-04-18 14:30:00-04:00,1.0770000219345093,1.0770000219345093,1.0770000219345093,1.0770000219345093,100,0.0,0.0
2023-04-18 15:30:00-04:00,1.0700000524520874,1.0710999965667725,1.0700000524520874,1.0710999965667725,450,0.0,0.0
2023-04-19 09:30:00-04:00,1.090000033378601,1.090000033378601,1.090000033378601,1.090000033378601,1028,0.0,0.0
2023-04-19 10:30:00-04:00,1.1074999570846558,1.1074999570846558,1.090000033378601,1.090000033378601,319,0.0,0.0
2023-04-19 12:30:00-04:00,1.090000033378601,1.0949000120162964,1.080299973487854,1.090000033378601,2438,0.0,0.0
2023-04-19 13:30:00-04:00,1.1100000143051147,1.1100000143051147,1.1100000143051147,1.1100000143051147,416,0.0,0.0
2023-04-19 14:30:00-04:00,1.1050000190734863,1.1150000095367432,1.1050000190734863,1.1150000095367432,236,0.0,0.0
2023-04-19 15:30:00-04:00,1.1150000095367432,1.1200000047683716,1.1100000143051147,1.1200000047683716,0,0.0,0.0
2023-04-20 09:30:00-04:00,1.100000023841858,1.100000023841858,1.100000023841858,1.100000023841858,1035,0.0,0.0
2023-04-20 12:30:00-04:00,1.090000033378601,1.090000033378601,1.090000033378601,1.090000033378601,118,0.0,0.0
2023-04-20 15:30:00-04:00,1.149999976158142,1.149999976158142,1.149999976158142,1.149999976158142,0,0.0,0.0
2023-04-21 09:30:00-04:00,1.149999976158142,1.149999976158142,1.1200000047683716,1.1200000047683716,0,0.0,0.0
2023-04-21 10:30:00-04:00,1.090000033378601,1.1299999952316284,1.090000033378601,1.1299999952316284,1494,0.0,0.0
2023-04-24 10:30:00-04:00,1.100000023841858,1.100000023841858,1.09660005569458,1.09660005569458,308,0.0,0.0
2023-04-24 12:30:00-04:00,1.100000023841858,1.100000023841858,1.090000033378601,1.090000033378601,1366,0.0,0.0
2023-04-24 13:30:00-04:00,1.100000023841858,1.100000023841858,1.100000023841858,1.100000023841858,109,0.0,0.0
2023-04-24 14:30:00-04:00,1.0901000499725342,1.100000023841858,1.0471999645233154,1.0471999645233154,14424,0.0,0.0
2023-04-25 09:30:00-04:00,1.0399999618530273,1.0399999618530273,1.0399999618530273,1.0399999618530273,0,0.0,0.0
2023-04-25 10:30:00-04:00,1.0478999614715576,1.0478999614715576,1.0455000400543213,1.0455000400543213,670,0.0,0.0
2023-04-25 13:30:00-04:00,1.0399999618530273,1.0399999618530273,1.0,1.0,8910,0.0,0.0
2023-04-25 14:30:00-04:00,1.0199999809265137,1.0199999809265137,0.9900000095367432,0.9901000261306763,2872,0.0,0.0
2023-04-25 15:30:00-04:00,1.0198999643325806,1.0198999643325806,0.9900000095367432,1.0,0,0.0,0.0
2023-04-26 10:30:00-04:00,1.019700050354004,1.019700050354004,1.019700050354004,1.019700050354004,1000,0.0,0.0
2023-04-26 11:30:00-04:00,0.9800000190734863,0.9800000190734863,0.9800000190734863,0.9800000190734863,651,0.0,0.0
2023-04-26 12:30:00-04:00,0.9800000190734863,0.9801999926567078,0.9143000245094299,0.9751999974250793,9501,0.0,0.0
2023-04-26 13:30:00-04:00,0.9663680195808411,0.9663680195808411,0.9483000040054321,0.9483000040054321,1008,0.0,0.0
2023-04-26 15:30:00-04:00,0.960099995136261,0.960099995136261,0.9599999785423279,0.960099995136261,1247,0.0,0.0
2023-04-27 11:30:00-04:00,0.9485999941825867,0.9485999941825867,0.9485999941825867,0.9485999941825867,104,0.0,0.0
2023-04-27 14:30:00-04:00,0.9698989987373352,1.0,0.9549999833106995,0.9700000286102295,12494,0.0,0.0
2023-04-28 10:30:00-04:00,0.9900000095367432,0.9900000095367432,0.9850000143051147,0.9850000143051147,685,0.0,0.0
2023-04-28 11:30:00-04:00,1.0,1.0098999738693237,0.9733999967575073,1.0098999738693237,1996,0.0,0.0
2023-04-28 12:30:00-04:00,1.0049999952316284,1.0049999952316284,1.0,1.0,1927,0.0,0.0
2023-04-28 13:30:00-04:00,1.0299999713897705,1.0299999713897705,1.0299999713897705,1.0299999713897705,616,0.0,0.0
2023-04-28 15:30:00-04:00,1.059999942779541,1.0800000429153442,1.059999942779541,1.0800000429153442,4518,0.0,0.0
2023-05-01 09:30:00-04:00,1.0399999618530273,1.0399999618530273,1.0399999618530273,1.0399999618530273,288,0.0,0.0
2023-05-01 10:30:00-04:00,1.1121000051498413,1.1121000051498413,1.059999942779541,1.059999942779541,539,0.0,0.0
2023-05-01 11:30:00-04:00,1.0815000534057617,1.0815000534057617,1.0399999618530273,1.0399999618530273,10089,0.0,0.0
2023-05-01 12:30:00-04:00,1.034999966621399,1.034999966621399,1.034999966621399,1.034999966621399,100,0.0,0.0
2023-05-01 13:30:00-04:00,1.034999966621399,1.0499999523162842,1.034999966621399,1.0499000549316406,7450,0.0,0.0
2023-05-01 14:30:00-04:00,1.0300999879837036,1.0499999523162842,1.0299999713897705,1.0299999713897705,5802,0.0,0.0
2023-05-01 15:30:00-04:00,1.0299999713897705,1.0384999513626099,1.0299999713897705,1.0384999513626099,3511,0.0,0.0
2023-05-02 09:30:00-04:00,1.0800000429153442,1.0800000429153442,1.0520999431610107,1.0520999431610107,330,0.0,0.0
2023-05-02 10:30:00-04:00,1.0099999904632568,1.0499999523162842,1.0099999904632568,1.0099999904632568,3230,0.0,0.0
2023-05-02 11:30:00-04:00,1.0499999523162842,1.0499999523162842,1.0399999618530273,1.0399999618530273,231,0.0,0.0
2023-05-02 12:30:00-04:00,1.037500023841858,1.0449999570846558,1.037500023841858,1.0449999570846558,210,0.0,0.0
2023-05-02 13:30:00-04:00,1.0110000371932983,1.0110000371932983,1.0110000371932983,1.0110000371932983,240,0.0,0.0
2023-05-02 14:30:00-04:00,1.0399999618530273,1.0399999618530273,1.0399999618530273,1.0399999618530273,0,0.0,0.0
2023-05-03 09:30:00-04:00,1.058500051498413,1.059999942779541,1.0299999713897705,1.0299999713897705,1376,0.0,0.0
2023-05-03 10:30:00-04:00,1.047700047492981,1.047700047492981,1.0199999809265137,1.0199999809265137,4206,0.0,0.0
2023-05-03 11:30:00-04:00,1.0049999952316284,1.0298999547958374,1.0049999952316284,1.0049999952316284,4957,0.0,0.0
2023-05-03 12:30:00-04:00,0.9700000286102295,0.9700000286102295,0.9679999947547913,0.9679999947547913,1452,0.0,0.0
2023-05-03 14:30:00-04:00,1.0299999713897705,1.0299999713897705,1.0227999687194824,1.0227999687194824,1736,0.0,0.0
2023-05-03 15:30:00-04:00,1.0299999713897705,1.0299999713897705,0.9900000095367432,0.9900000095367432,675,0.0,0.0
2023-05-04 09:30:00-04:00,0.9800000190734863,0.9800000190734863,0.9800000190734863,0.9800000190734863,651,0.0,0.0
2023-05-04 10:30:00-04:00,1.0699000358581543,1.1399999856948853,1.0699000358581543,1.1200000047683716,39184,0.0,0.0
2023-05-04 11:30:00-04:00,1.1100000143051147,1.1100000143051147,1.0399999618530273,1.0399999618530273,0,0.0,0.0
2023-05-04 13:30:00-04:00,1.0799000263214111,1.0799000263214111,1.0658999681472778,1.0658999681472778,48097,0.0,0.0
2023-05-05 09:30:00-04:00,1.0499999523162842,1.100000023841858,1.0255999565124512,1.0255999565124512,0,0.0,0.0
2023-05-05 10:30:00-04:00,1.0592999458312988,1.0800000429153442,1.0199999809265137,1.0800000429153442,726,0.0,0.0
2023-05-05 11:30:00-04:00,1.0199999809265137,1.0199999809265137,1.0199999809265137,1.0199999809265137,1122,0.0,0.0
2023-05-05 12:30:00-04:00,1.0199999809265137,1.0199999809265137,1.0115000009536743,1.0166000127792358,4536,0.0,0.0
2023-05-05 14:30:00-04:00,1.0199999809265137,1.0499999523162842,1.0199999809265137,1.0499999523162842,462,0.0,0.0
2023-05-05 15:30:00-04:00,1.0240999460220337,1.0240999460220337,1.0240999460220337,1.0240999460220337,107,0.0,0.0
2023-05-08 09:30:00-04:00,1.0,1.0199999809265137,1.0,1.0199999809265137,485,0.0,0.0
2023-05-08 13:30:00-04:00,1.0199999809265137,1.0199999809265137,1.0199999809265137,1.0199999809265137,769,0.0,0.0
2023-05-08 15:30:00-04:00,1.0537999868392944,1.0537999868392944,1.0537999868392944,1.0537999868392944,0,0.0,0.0
2023-05-09 09:30:00-04:00,1.0449999570846558,1.0449999570846558,1.0449999570846558,1.0449999570846558,597,0.0,0.0
2023-05-09 10:30:00-04:00,1.0099999904632568,1.0099999904632568,1.0099999904632568,1.0099999904632568,149,0.0,0.0
2023-05-09 11:30:00-04:00,1.0499999523162842,1.0800000429153442,1.0099999904632568,1.0099999904632568,580,0.0,0.0
2023-05-09 12:30:00-04:00,1.0175000429153442,1.0192999839782715,1.0175000429153442,1.0192999839782715,1564,0.0,0.0
2023-05-09 15:30:00-04:00,1.0399999618530273,1.0399999618530273,1.0199999809265137,1.0399999618530273,878,0.0,0.0
2023-05-10 09:30:00-04:00,1.0140000581741333,1.0140000581741333,1.0099999904632568,1.0099999904632568,771,0.0,0.0
2023-05-10 11:30:00-04:00,1.0499999523162842,1.0499999523162842,1.0499999523162842,1.0499999523162842,0,0.0,0.0
2023-05-11 10:30:00-04:00,1.0546000003814697,1.0546000003814697,1.0546000003814697,1.0546000003814697,129,0.0,0.0
2023-05-11 11:30:00-04:00,1.0200999975204468,1.0990999937057495,1.0200999975204468,1.0990999937057495,1555,0.0,0.0
2023-05-11 12:30:00-04:00,1.0199999809265137,1.0199999809265137,1.0199999809265137,1.0199999809265137,334,0.0,0.0
2023-05-12 10:30:00-04:00,1.0199999809265137,1.0199999809265137,1.0199999809265137,1.0199999809265137,100,0.0,0.0
2023-05-12 11:30:00-04:00,1.0322999954223633,1.0322999954223633,1.0322999954223633,1.0322999954223633,314,0.0,0.0
2023-05-12 12:30:00-04:00,1.0199999809265137,1.0199999809265137,1.0199999809265137,1.0199999809265137,265,0.0,0.0
2023-05-15 10:30:00-04:00,1.0700000524520874,1.0700000524520874,1.0399999618530273,1.0535000562667847,3869,0.0,0.0
2023-05-15 11:30:00-04:00,1.044600009918213,1.0480999946594238,1.044600009918213,1.0480999946594238,434,0.0,0.0
2023-05-15 12:30:00-04:00,1.0399999618530273,1.0399999618530273,1.0399999618530273,1.0399999618530273,918,0.0,0.0
2023-05-15 13:30:00-04:00,1.0199999809265137,1.0399999618530273,1.0199999809265137,1.0399999618530273,787,0.0,0.0
2023-05-15 14:30:00-04:00,1.0399999618530273,1.0399999618530273,1.0399999618530273,1.0399999618530273,535,0.0,0.0
2023-05-15 15:30:00-04:00,1.0199999809265137,1.0599000453948975,1.0199999809265137,1.0499000549316406,3210,0.0,0.0
2023-05-16 09:30:00-04:00,1.0199999809265137,1.0199999809265137,0.9825000166893005,1.01010000705719,3021,0.0,0.0
2023-05-16 10:30:00-04:00,1.0099999904632568,1.0099999904632568,0.9900000095367432,1.0099999904632568,934,0.0,0.0
2023-05-16 11:30:00-04:00,1.0298999547958374,1.0298999547958374,1.0298999547958374,1.0298999547958374,893,0.0,0.0
2023-05-16 13:30:00-04:00,0.9900000095367432,1.0199999809265137,0.9900000095367432,1.0199999809265137,614,0.0,0.0
2023-05-16 15:30:00-04:00,0.9789000153541565,1.0199999809265137,0.9789000153541565,1.0199999809265137,0,0.0,0.0
2023-05-17 10:30:00-04:00,0.9900000095367432,1.0199999809265137,0.9900000095367432,1.0199999809265137,1439,0.0,0.0
2023-05-17 11:30:00-04:00,0.9900000095367432,0.9900000095367432,0.9700000286102295,0.9800000190734863,910,0.0,0.0
2023-05-17 12:30:00-04:00,1.0099999904632568,1.0099999904632568,0.9599999785423279,0.9599999785423279,4021,0.0,0.0
2023-05-17 13:30:00-04:00,0.9599999785423279,1.0,0.9348999857902527,0.9452000260353088,9853,0.0,0.0
2023-05-17 14:30:00-04:00,1.0,1.0,0.9900000095367432,0.9900000095367432,402,0.0,0.0
2023-05-17 15:30:00-04:00,0.949999988079071,0.949999988079071,0.949999988079071,0.949999988079071,126,0.0,0.0
2023-05-18 09:30:00-04:00,0.9800000190734863,0.9800000190734863,0.9800000190734863,0.9800000190734863,0,0.0,0.0
2023-05-18 11:30:00-04:00,0.949999988079071,0.949999988079071,0.949999988079071,0.949999988079071,100,0.0,0.0
2023-05-18 12:30:00-04:00,0.949999988079071,1.0199999809265137,0.949999988079071,1.0199999809265137,316,0.0,0.0
2023-05-18 13:30:00-04:00,0.9900000095367432,0.9900000095367432,0.9900000095367432,0.9900000095367432,110,0.0,0.0
2023-05-18 14:30:00-04:00,0.949999988079071,0.9599999785423279,0.949999988079071,0.949999988079071,3645,0.0,0.0
2023-05-19 09:30:00-04:00,0.949999988079071,0.949999988079071,0.949999988079071,0.949999988079071,0,0.0,0.0
2023-05-19 10:30:00-04:00,0.960099995136261,0.9800000190734863,0.960099995136261,0.9800000190734863,1257,0.0,0.0
2023-05-19 11:30:00-04:00,0.9800000190734863,0.9800000190734863,0.949999988079071,0.9750000238418579,3985,0.0,0.0
2023-05-19 12:30:00-04:00,0.949999988079071,0.9501000046730042,0.9350000023841858,0.949999988079071,2244,0.0,0.0
2023-05-19 13:30:00-04:00,0.9350000023841858,0.9350000023841858,0.9350000023841858,0.9350000023841858,342,0.0,0.0
2023-05-19 14:30:00-04:00,0.9200000166893005,0.9200000166893005,0.9200000166893005,0.9200000166893005,252,0.0,0.0
2023-05-22 10:30:00-04:00,0.949999988079071,0.949999988079071,0.949999988079071,0.949999988079071,0,0.0,0.0
2023-05-22 12:30:00-04:00,0.9607999920845032,1.0199999809265137,0.949999988079071,1.0199999809265137,4523,0.0,0.0
2023-05-22 13:30:00-04:00,0.9850000143051147,0.9850000143051147,0.9850000143051147,0.9850000143051147,505,0.0,0.0
2023-05-22 14:30:00-04:00,1.0199999809265137,1.0199999809265137,0.9599999785423279,0.9599999785423279,201,0.0,0.0
2023-05-22 15:30:00-04:00,1.0199999809265137,1.0199999809265137,1.0099999904632568,1.0099999904632568,0,0.0,0.0
2023-05-23 09:30:00-04:00,0.949999988079071,1.0199999809265137,0.949999988079071,1.0199999809265137,1275,0.0,0.0
2023-05-23 10:30:00-04:00,0.942300021648407,0.942300021648407,0.942300021648407,0.942300021648407,240,0.0,0.0
2023-05-23 11:30:00-04:00,1.0199999809265137,1.0199999809265137,1.0199999809265137,1.0199999809265137,0,0.0,0.0
2023-05-24 10:30:00-04:00,0.9897000193595886,0.9897000193595886,0.9897000193595886,0.9897000193595886,245,0.0,0.0
2023-05-24 11:30:00-04:00,1.0199999809265137,1.0199999809265137,1.0199999809265137,1.0199999809265137,224,0.0,0.0
2023-05-24 12:30:00-04:00,0.989799976348877,0.989799976348877,0.989799976348877,0.989799976348877,965,0.0,0.0
2023-05-24 13:30:00-04:00,0.989799976348877,0.989799976348877,0.989799976348877,0.989799976348877,314,0.0,0.0
2023-05-24 14:30:00-04:00,0.9897000193595886,0.9897000193595886,0.9897000193595886,0.9897000193595886,265,0.0,0.0
2023-05-25 09:30:00-04:00,0.949999988079071,0.949999988079071,0.9300000071525574,0.9300000071525574,1191,0.0,0.0
2023-05-25 10:30:00-04:00,0.9399999976158142,0.9399999976158142,0.9399999976158142,0.9399999976158142,100,0.0,0.0
2023-05-25 11:30:00-04:00,0.9613990187644958,0.9613990187644958,0.9613990187644958,0.9613990187644958,100,0.0,0.0
2023-05-25 12:30:00-04:00,0.9412000179290771,0.9412000179290771,0.9399999976158142,0.9399999976158142,2083,0.0,0.0
2023-05-25 13:30:00-04:00,0.9624999761581421,0.9625009894371033,0.9399999976158142,0.9399999976158142,2121,0.0,0.0
2023-05-25 15:30:00-04:00,0.9449999928474426,0.9449999928474426,0.9399999976158142,0.9399999976158142,1571,0.0,0.0
2023-05-26 09:30:00-04:00,0.9549999833106995,0.9599999785423279,0.9549999833106995,0.9599999785423279,0,0.0,0.0
2023-05-26 10:30:00-04:00,0.9057999849319458,0.9524999856948853,0.9050999879837036,0.9524999856948853,2507,0.0,0.0
2023-05-26 13:30:00-04:00,0.9377999901771545,0.9377999901771545,0.9377999901771545,0.9377999901771545,271,0.0,0.0
2023-05-30 09:30:00-04:00,0.890999972820282,0.9010999798774719,0.890999972820282,0.9010000228881836,8384,0.0,0.0
2023-05-30 11:30:00-04:00,0.9251000285148621,0.9251000285148621,0.9251000285148621,0.9251000285148621,653,0.0,0.0
2023-05-30 15:30:00-04:00,0.9301000237464905,0.9301000237464905,0.925000011920929,0.925000011920929,529,0.0,0.0
2023-05-31 11:30:00-04:00,0.9049999713897705,1.0098999738693237,0.9049999713897705,0.9921000003814697,1021,0.0,0.0
2023-05-31 13:30:00-04:00,0.9800000190734863,0.9800000190734863,0.9800000190734863,0.9800000190734863,100,0.0,0.0
2023-05-31 14:30:00-04:00,0.9698989987373352,0.9698989987373352,0.9698989987373352,0.9698989987373352,501,0.0,0.0
2023-05-31 15:30:00-04:00,0.8955000042915344,0.9200000166893005,0.8950999975204468,0.9200000166893005,1922,0.0,0.0
2023-06-01 09:30:00-04:00,0.8600000143051147,1.0099999904632568,0.8600000143051147,1.0099999904632568,0,0.0,0.0
2023-06-01 10:30:00-04:00,0.9398509860038757,0.9796000123023987,0.9398509860038757,0.9796000123023987,1313,0.0,0.0
2023-06-01 12:30:00-04:00,0.9004999995231628,0.9499989748001099,0.9004999995231628,0.9004999995231628,310,0.0,0.0
2023-06-01 13:30:00-04:00,0.9498999714851379,0.9498999714851379,0.9498999714851379,0.9498999714851379,246,0.0,0.0
2023-06-01 15:30:00-04:00,0.9498990178108215,0.9498990178108215,0.9000499844551086,0.9484000205993652,0,0.0,0.0
2023-06-02 09:30:00-04:00,0.949999988079071,0.949999988079071,0.949999988079071,0.949999988079071,208,0.0,0.0
2023-06-02 12:30:00-04:00,0.9100000262260437,0.9100000262260437,0.9100000262260437,0.9100000262260437,117,0.0,0.0
2023-06-02 13:30:00-04:00,0.9555000066757202,0.967199981212616,0.9555000066757202,0.9555000066757202,1789,0.0,0.0
2023-06-02 14:30:00-04:00,0.9100000262260437,0.9100000262260437,0.9100000262260437,0.9100000262260437,140,0.0,0.0
2023-06-02 15:30:00-04:00,0.9125999808311462,0.9125999808311462,0.9125999808311462,0.9125999808311462,105,0.0,0.0
2023-06-05 10:30:00-04:00,0.9700000286102295,0.9700000286102295,0.9200000166893005,0.9200000166893005,119,0.0,0.0
2023-06-05 11:30:00-04:00,0.9200000166893005,0.9200000166893005,0.9200000166893005,0.9200000166893005,176,0.0,0.0
2023-06-05 12:30:00-04:00,0.9013000130653381,0.9700000286102295,0.9013000130653381,0.9698989987373352,2354,0.0,0.0
2023-06-05 13:30:00-04:00,0.9699000120162964,0.9699000120162964,0.9190000295639038,0.9599000215530396,691,0.0,0.0
2023-06-05 14:30:00-04:00,0.9599999785423279,0.9599999785423279,0.9599999785423279,0.9599999785423279,0,0.0,0.0
2023-06-06 09:30:00-04:00,0.8700000047683716,0.949999988079071,0.8700000047683716,0.9004999995231628,1840,0.0,0.0
2023-06-06 10:30:00-04:00,0.9599999785423279,0.9599999785423279,0.9599999785423279,0.9599999785423279,115,0.0,0.0
2023-06-06 11:30:00-04:00,0.949999988079071,0.949999988079071,0.949999988079071,0.949999988079071,426,0.0,0.0
2023-06-06 12:30:00-04:00,0.949999988079071,0.949999988079071,0.949999988079071,0.949999988079071,483,0.0,0.0
2023-06-06 14:30:00-04:00,0.9004999995231628,0.949999988079071,0.9004999995231628,0.949999988079071,257,0.0,0.0
2023-06-06 15:30:00-04:00,0.9192500114440918,0.9300000071525574,0.8799999952316284,0.8799999952316284,5644,0.0,0.0
2023-06-07 09:30:00-04:00,0.8899999856948853,0.9350000023841858,0.8597999811172485,0.895999014377594,0,0.0,0.0
2023-06-07 10:30:00-04:00,0.8600000143051147,0.8601009845733643,0.8600000143051147,0.8600000143051147,3941,0.0,0.0
2023-06-07 12:30:00-04:00,0.8601009845733643,0.8601009845733643,0.8601009845733643,0.8601009845733643,156,0.0,0.0
2023-06-07 13:30:00-04:00,0.8815600275993347,0.8815600275993347,0.8815600275993347,0.8815600275993347,1283,0.0,0.0
2023-06-07 14:30:00-04:00,0.8899999856948853,0.8920109868049622,0.8899999856948853,0.8920109868049622,330,0.0,0.0
2023-06-07 15:30:00-04:00,0.8899999856948853,0.8899999856948853,0.8899999856948853,0.8899999856948853,0,0.0,0.0
2023-06-08 09:30:00-04:00,0.8700000047683716,0.8700000047683716,0.8700000047683716,0.8700000047683716,259,0.0,0.0
2023-06-08 10:30:00-04:00,0.9300000071525574,0.9300000071525574,0.9300000071525574,0.9300000071525574,324,0.0,0.0
2023-06-08 11:30:00-04:00,0.8700000047683716,0.8700000047683716,0.8700000047683716,0.8700000047683716,132,0.0,0.0
2023-06-08 13:30:00-04:00,0.8899999856948853,0.8899999856948853,0.8899999856948853,0.8899999856948853,262,0.0,0.0
2023-06-08 14:30:00-04:00,0.9200000166893005,0.9200000166893005,0.8999999761581421,0.9100000262260437,0,0.0,0.0
2023-06-09 09:30:00-04:00,0.9194999933242798,0.9194999933242798,0.8500000238418579,0.8500000238418579,580,0.0,0.0
2023-06-09 12:30:00-04:00,0.8924999833106995,0.914900004863739,0.8864489793777466,0.8864489793777466,930,0.0,0.0
2023-06-09 15:30:00-04:00,0.9177989959716797,0.9177989959716797,0.8902000188827515,0.8902000188827515,4534,0.0,0.0
2023-06-12 09:30:00-04:00,0.9100000262260437,0.9200000166893005,0.9100000262260437,0.9200000166893005,326,0.0,0.0
2023-06-12 10:30:00-04:00,0.8700000047683716,0.8899999856948853,0.8700000047683716,0.8899999856948853,3949,0.0,0.0
2023-06-12 12:30:00-04:00,0.8971490263938904,0.8996999859809875,0.8971490263938904,0.8996999859809875,436,0.0,0.0
2023-06-12 13:30:00-04:00,0.8999999761581421,0.8999999761581421,0.8812999725341797,0.8812999725341797,574,0.0,0.0
2023-06-12 14:30:00-04:00,0.8799999952316284,0.8998000025749207,0.8799999952316284,0.8998000025749207,4225,0.0,0.0
2023-06-12 15:30:00-04:00,0.8799999952316284,0.9200000166893005,0.8799999952316284,0.9200000166893005,558,0.0,0.0
2023-06-13 09:30:00-04:00,0.8999999761581421,0.8999999761581421,0.8700000047683716,0.8700000047683716,2183,0.0,0.0
2023-06-13 10:30:00-04:00,0.9200000166893005,0.9200000166893005,0.9200000166893005,0.9200000166893005,387,0.0,0.0
2023-06-13 11:30:00-04:00,0.9200000166893005,0.9200000166893005,0.8799999952316284,0.8800010085105896,5310,0.0,0.0
2023-06-13 12:30:00-04:00,0.8799999952316284,0.8799999952316284,0.8799999952316284,0.8799999952316284,299,0.0,0.0
2023-06-13 14:30:00-04:00,0.9199000000953674,0.9199000000953674,0.8799999952316284,0.8799999952316284,1019,0.0,0.0
2023-06-13 15:30:00-04:00,0.8799999952316284,0.8799999952316284,0.8799999952316284,0.8799999952316284,687,0.0,0.0
2023-06-14 09:30:00-04:00,0.9198989868164062,0.9200000166893005,0.9164999723434448,0.9200000166893005,0,0.0,0.0
2023-06-14 10:30:00-04:00,0.9031999707221985,0.9031999707221985,0.8952990174293518,0.8952990174293518,423,0.0,0.0
2023-06-14 11:30:00-04:00,0.8952000141143799,0.8952999711036682,0.8776490092277527,0.8952999711036682,1666,0.0,0.0
2023-06-14 12:30:00-04:00,0.8603000044822693,0.8899999856948853,0.8603000044822693,0.8899999856948853,4082,0.0,0.0
2023-06-14 14:30:00-04:00,0.8600000143051147,0.8656010031700134,0.8600000143051147,0.8656010031700134,1142,0.0,0.0
2023-06-14 15:30:00-04:00,0.8776000142097473,0.8776000142097473,0.8501009941101074,0.8501009941101074,1843,0.0,0.0
2023-06-15 10:30:00-04:00,0.8500000238418579,0.8650000095367432,0.8500000238418579,0.8500000238418579,2387,0.0,0.0
2023-06-15 11:30:00-04:00,0.8500000238418579,0.8648999929428101,0.8500000238418579,0.8648999929428101,898,0.0,0.0
2023-06-15 12:30:00-04:00,0.8648999929428101,0.8650000095367432,0.8500000238418579,0.8600000143051147,2499,0.0,0.0
2023-06-15 14:30:00-04:00,0.8769999742507935,0.8769999742507935,0.8769999742507935,0.8769999742507935,348,0.0,0.0
2023-06-15 15:30:00-04:00,0.8899999856948853,0.8899999856948853,0.8899999856948853,0.8899999856948853,233,0.0,0.0
2023-06-16 10:30:00-04:00,0.8504999876022339,0.8700000047683716,0.8500000238418579,0.8700000047683716,726,0.0,0.0
2023-06-16 11:30:00-04:00,0.8700000047683716,0.8700000047683716,0.8700000047683716,0.8700000047683716,274,0.0,0.0
2023-06-16 12:30:00-04:00,0.9049500226974487,0.975600004196167,0.8999999761581421,0.9100000262260437,5079,0.0,0.0
2023-06-16 14:30:00-04:00,0.9100000262260437,0.9198989868164062,0.9100000262260437,0.9198989868164062,459,0.0,0.0
2023-06-16 15:30:00-04:00,0.9125000238418579,0.9125000238418579,0.9100000262260437,0.9100000262260437,652,0.0,0.0
2023-06-20 09:30:00-04:00,0.8600000143051147,0.8999999761581421,0.8600000143051147,0.8999999761581421,5336,0.0,0.0
2023-06-20 11:30:00-04:00,0.9399999976158142,0.9399999976158142,0.9399999976158142,0.9399999976158142,167,0.0,0.0
2023-06-20 12:30:00-04:00,0.949999988079071,0.949999988079071,0.949999988079071,0.949999988079071,176,0.0,0.0
2023-06-20 13:30:00-04:00,0.9000999927520752,0.9000999927520752,0.9000999927520752,0.9000999927520752,199,0.0,0.0
2023-06-21 09:30:00-04:00,0.8700000047683716,0.8899999856948853,0.8700000047683716,0.8899999856948853,0,0.0,0.0
2023-06-21 13:30:00-04:00,0.8899999856948853,0.8899999856948853,0.8899999856948853,0.8899999856948853,222,0.0,0.0
2023-06-21 14:30:00-04:00,0.9150000214576721,0.9150000214576721,0.9150000214576721,0.9150000214576721,100,0.0,0.0
2023-06-22 09:30:00-04:00,0.8700000047683716,0.8999999761581421,0.8700000047683716,0.8999999761581421,416,0.0,0.0
2023-06-22 10:30:00-04:00,0.8999999761581421,0.8999999761581421,0.8799999952316284,0.8799999952316284,887,0.0,0.0
2023-06-22 12:30:00-04:00,0.8799999952316284,0.8799999952316284,0.8799999952316284,0.8799999952316284,362,0.0,0.0
2023-06-22 13:30:00-04:00,0.8799999952316284,0.8799999952316284,0.8799999952316284,0.8799999952316284,111,0.0,0.0
2023-06-22 14:30:00-04:00,0.9100000262260437,0.9100000262260437,0.9100000262260437,0.9100000262260437,228,0.0,0.0
2023-06-22 15:30:00-04:00,0.8999999761581421,0.9100000262260437,0.8799999952316284,0.9100000262260437,1402,0.0,0.0
2023-06-23 09:30:00-04:00,0.8799999952316284,0.8799999952316284,0.8799999952316284,0.8799999952316284,383,0.0,0.0
2023-06-23 10:30:00-04:00,0.8799999952316284,0.8799999952316284,0.8799999952316284,0.8799999952316284,100,0.0,0.0
2023-06-23 11:30:00-04:00,0.9200000166893005,0.9200000166893005,0.9200000166893005,0.9200000166893005,111,0.0,0.0
2023-06-23 13:30:00-04:00,0.8799999952316284,0.8799999952316284,0.8799999952316284,0.8799999952316284,150,0.0,0.0
2023-06-23 14:30:00-04:00,0.8999999761581421,0.9200000166893005,0.8999999761581421,0.9200000166893005,300,0.0,0.0
2023-06-23 15:30:00-04:00,0.9100000262260437,0.9100000262260437,0.9100000262260437,0.9100000262260437,100,0.0,0.0
2023-06-26 09:30:00-04:00,0.9100000262260437,0.9599999785423279,0.9100000262260437,0.949999988079071,10959,0.0,0.0
2023-06-26 10:30:00-04:00,0.9100000262260437,0.949999988079071,0.9100000262260437,0.9211000204086304,1170,0.0,0.0
2023-06-26 11:30:00-04:00,0.9300000071525574,0.9300000071525574,0.9300000071525574,0.9300000071525574,975,0.0,0.0
2023-06-26 14:30:00-04:00,0.9300000071525574,0.9300000071525574,0.9300000071525574,0.9300000071525574,447,0.0,0.0
2023-06-26 15:30:00-04:00,0.9302999973297119,0.9302999973297119,0.9302999973297119,0.9302999973297119,246,0.0,0.0
2023-06-27 11:30:00-04:00,0.9424999952316284,0.9424999952316284,0.9424999952316284,0.9424999952316284,0,0.0,0.0
2023-06-27 12:30:00-04:00,0.949999988079071,0.949999988079071,0.949999988079071,0.949999988079071,120,0.0,0.0
2023-06-27 13:30:00-04:00,0.9500010013580322,0.9500010013580322,0.9500010013580322,0.9500010013580322,437,0.0,0.0
2023-06-27 15:30:00-04:00,0.9549999833106995,1.0399999618530273,0.949999988079071,0.949999988079071,0,0.0,0.0
2023-06-28 09:30:00-04:00,0.9950000047683716,0.9950000047683716,0.949999988079071,0.949999988079071,5296,0.0,0.0
2023-06-28 11:30:00-04:00,0.949999988079071,0.9511250257492065,0.949999988079071,0.9511250257492065,2267,0.0,0.0
2023-06-28 12:30:00-04:00,0.8859999775886536,0.976822018623352,0.8849999904632568,0.9695000052452087,7484,0.0,0.0
2023-06-28 13:30:00-04:00,0.8820000290870667,0.949999988079071,0.8820000290870667,0.949999988079071,2500,0.0,0.0
2023-06-28 14:30:00-04:00,0.9599999785423279,0.9599999785423279,0.9259999990463257,0.9259999990463257,704,0.0,0.0
2023-06-28 15:30:00-04:00,0.9100000262260437,0.9100000262260437,0.9100000262260437,0.9100000262260437,400,0.0,0.0
2023-06-29 09:30:00-04:00,0.9700000286102295,0.9700000286102295,0.9200000166893005,0.9200000166893005,0,0.0,0.0
2023-06-29 10:30:00-04:00,0.9200000166893005,0.9800000190734863,0.9200000166893005,0.9800000190734863,1181,0.0,0.0
2023-06-29 11:30:00-04:00,0.9200000166893005,0.9800000190734863,0.9200000166893005,0.9800000190734863,300,0.0,0.0
2023-06-29 12:30:00-04:00,0.9200000166893005,0.9800000190734863,0.9200000166893005,0.9800000190734863,1500,0.0,0.0
2023-06-29 13:30:00-04:00,0.9200999736785889,0.949999988079071,0.9200999736785889,0.9200999736785889,2066,0.0,0.0
2023-06-29 15:30:00-04:00,0.949999988079071,0.949999988079071,0.9232000112533569,0.9232000112533569,1973,0.0,0.0
2023-06-30 09:30:00-04:00,0.925000011920929,0.925000011920929,0.925000011920929,0.925000011920929,824,0.0,0.0
2023-06-30 11:30:00-04:00,0.925000011920929,0.925000011920929,0.925000011920929,0.925000011920929,209,0.0,0.0
2023-06-30 13:30:00-04:00,0.9524999856948853,0.9524999856948853,0.9524999856948853,0.9524999856948853,108,0.0,0.0
2023-06-30 14:30:00-04:00,0.9799000024795532,0.9799000024795532,0.9524999856948853,0.9524999856948853,232,0.0,0.0
2023-06-30 15:30:00-04:00,0.925000011920929,0.9473999738693237,0.925000011920929,0.9473999738693237,202,0.0,0.0
2023-07-03 09:30:00-04:00,0.9350000023841858,0.9350000023841858,0.9350000023841858,0.9350000023841858,0,0.0,0.0
2023-07-05 09:30:00-04:00,0.9700000286102295,1.0363999605178833,0.9700000286102295,1.0363999605178833,1624,0.0,0.0
2023-07-05 10:30:00-04:00,1.0,1.0299999713897705,0.9599999785423279,1.0,3275,0.0,0.0
2023-07-05 11:30:00-04:00,0.9549999833106995,1.0299999713897705,0.9449999928474426,0.9449999928474426,1420,0.0,0.0
2023-07-05 13:30:00-04:00,1.0099999904632568,1.0099999904632568,0.9350000023841858,0.9817000031471252,868,0.0,0.0
2023-07-05 15:30:00-04:00,0.910099983215332,0.910099983215332,0.9100000262260437,0.9100000262260437,801,0.0,0.0
2023-07-06 09:30:00-04:00,0.9549999833106995,0.9550999999046326,0.9549999833106995,0.9549999833106995,0,0.0,0.0
2023-07-06 10:30:00-04:00,0.987500011920929,0.9933000206947327,0.9549999833106995,0.9549999833106995,540,0.0,0.0
2023-07-06 11:30:00-04:00,0.9596999883651733,0.9894999861717224,0.9596999883651733,0.9894999861717224,969,0.0,0.0
2023-07-06 13:30:00-04:00,0.9599999785423279,0.9890000224113464,0.9599999785423279,0.9599999785423279,800,0.0,0.0
2023-07-06 14:30:00-04:00,0.960099995136261,0.960099995136261,0.9599999785423279,0.9599999785423279,380,0.0,0.0
2023-07-06 15:30:00-04:00,0.989300012588501,0.989300012588501,0.9696999788284302,0.9696999788284302,0,0.0,0.0
2023-07-07 09:30:00-04:00,0.979200005531311,0.979200005531311,0.9185000061988831,0.9185000061988831,1026,0.0,0.0
2023-07-07 10:30:00-04:00,1.0049999952316284,1.0049999952316284,1.0049999952316284,1.0049999952316284,485,0.0,0.0
2023-07-07 12:30:00-04:00,0.983299970626831,1.0049999952316284,0.983299970626831,1.0049999952316284,2115,0.0,0.0
2023-07-10 09:30:00-04:00,0.9229999780654907,0.9843999743461609,0.9229999780654907,0.9843999743461609,0,0.0,0.0
2023-07-10 11:30:00-04:00,0.9900000095367432,0.9900000095367432,0.958899974822998,0.958899974822998,2413,0.0,0.0
2023-07-10 14:30:00-04:00,1.0099999904632568,1.0099999904632568,1.0099999904632568,1.0099999904632568,0,0.0,0.0
2023-07-11 10:30:00-04:00,0.949999988079071,0.949999988079071,0.949999988079071,0.949999988079071,1510,0.0,0.0
2023-07-11 11:30:00-04:00,0.9498990178108215,0.9499899744987488,0.9498990178108215,0.9499899744987488,450,0.0,0.0
2023-07-11 12:30:00-04:00,0.9498999714851379,0.9498999714851379,0.9498999714851379,0.9498999714851379,600,0.0,0.0
2023-07-11 13:30:00-04:00,0.9399999976158142,0.9399999976158142,0.75,0.9174500107765198,28651,0.0,0.0
2023-07-12 09:30:00-04:00,0.9449989795684814,0.9449989795684814,0.8801000118255615,0.8859999775886536,0,0.0,0.0
2023-07-12 10:30:00-04:00,0.939998984336853,0.939998984336853,0.8860009908676147,0.9398999810218811,0,0.0,0.0
2023-07-12 13:30:00-04:00,0.9399999976158142,0.9599999785423279,0.9399999976158142,0.9599999785423279,2733,0.0,0.0
2023-07-12 14:30:00-04:00,0.9399999976158142,0.9399999976158142,0.9042999744415283,0.9042999744415283,0,0.0,0.0
2023-07-13 09:30:00-04:00,0.9700000286102295,0.9700000286102295,0.9700000286102295,0.9700000286102295,371,0.0,0.0
2023-07-13 11:30:00-04:00,0.9700000286102295,0.9700000286102295,0.9595999717712402,0.9595999717712402,400,0.0,0.0
2023-07-13 12:30:00-04:00,0.9200000166893005,0.9998999834060669,0.8901000022888184,0.9495000243186951,712,0.0,0.0
2023-07-13 13:30:00-04:00,0.8906999826431274,0.9351999759674072,0.8903999924659729,0.8903999924659729,931,0.0,0.0
2023-07-13 15:30:00-04:00,0.9334909915924072,0.9334909915924072,0.9334909915924072,0.9334909915924072,500,0.0,0.0
2023-07-14 09:30:00-04:00,0.9998999834060669,0.9998999834060669,0.9800000190734863,0.9899489879608154,0,0.0,0.0
2023-07-14 10:30:00-04:00,0.9800000190734863,0.9900000095367432,0.9800000190734863,0.9900000095367432,452,0.0,0.0
2023-07-14 12:30:00-04:00,0.9900000095367432,0.9900000095367432,0.9700000286102295,0.9700000286102295,1178,0.0,0.0
2023-07-14 13:30:00-04:00,0.9523000121116638,0.9523000121116638,0.9523000121116638,0.9523000121116638,384,0.0,0.0
2023-07-14 14:30:00-04:00,0.9997990131378174,0.9997990131378174,0.9997990131378174,0.9997990131378174,125,0.0,0.0
2023-07-14 15:30:00-04:00,0.9725000262260437,0.9998000264167786,0.9725000262260437,0.9997000098228455,3115,0.0,0.0
2023-07-17 10:30:00-04:00,0.9404000043869019,0.9473999738693237,0.9099000096321106,0.9099000096321106,233,0.0,0.0
2023-07-17 11:30:00-04:00,0.9950000047683716,0.9950000047683716,0.9950000047683716,0.9950000047683716,624,0.0,0.0
2023-07-17 12:30:00-04:00,0.9950000047683716,0.9974510073661804,0.9950000047683716,0.9950000047683716,11035,0.0,0.0
2023-07-18 09:30:00-04:00,0.9898999929428101,0.9898999929428101,0.9800000190734863,0.9800999760627747,868,0.0,0.0
2023-07-18 10:30:00-04:00,0.9800000190734863,0.9898999929428101,0.9800000190734863,0.9898999929428101,246,0.0,0.0
2023-07-18 11:30:00-04:00,0.9800000190734863,0.9800000190734863,0.9800000190734863,0.9800000190734863,150,0.0,0.0
2023-07-18 12:30:00-04:00,0.9800000190734863,0.9900000095367432,0.9800000190734863,0.9898999929428101,604,0.0,0.0
2023-07-18 13:30:00-04:00,0.9800000190734863,0.9800000190734863,0.9567000269889832,0.9649500250816345,651,0.0,0.0
2023-07-18 15:30:00-04:00,0.9301000237464905,0.9301000237464905,0.9301000237464905,0.9301000237464905,100,0.0,0.0
2023-07-19 09:30:00-04:00,0.9800000190734863,0.9800000190734863,0.9394999742507935,0.9394999742507935,2127,0.0,0.0
2023-07-19 10:30:00-04:00,0.9394000172615051,0.9869999885559082,0.9394000172615051,0.9869999885559082,350,0.0,0.0
2023-07-19 11:30:00-04:00,0.9264000058174133,0.9729999899864197,0.9264000058174133,0.9726999998092651,1180,0.0,0.0
2023-07-19 13:30:00-04:00,0.97079998254776,0.97079998254776,0.97079998254776,0.97079998254776,170,0.0,0.0
2023-07-19 14:30:00-04:00,0.9498999714851379,0.949999988079071,0.9498999714851379,0.949999988079071,1276,0.0,0.0
2023-07-20 09:30:00-04:00,0.949999988079071,0.949999988079071,0.8999999761581421,0.8999999761581421,0,0.0,0.0
2023-07-20 10:30:00-04:00,0.949999988079071,0.949999988079071,0.9292010068893433,0.9292010068893433,673,0.0,0.0
2023-07-21 09:30:00-04:00,0.9300000071525574,0.949999988079071,0.9038000106811523,0.949999988079071,647,0.0,0.0
2023-07-21 10:30:00-04:00,0.9300000071525574,0.9300000071525574,0.9300000071525574,0.9300000071525574,120,0.0,0.0
2023-07-21 11:30:00-04:00,0.9300000071525574,0.9300000071525574,0.9238989949226379,0.9298999905586243,1100,0.0,0.0
2023-07-21 12:30:00-04:00,0.9100000262260437,0.9300000071525574,0.9100000262260437,0.9300000071525574,422,0.0,0.0
2023-07-21 13:30:00-04:00,0.9300000071525574,0.9300000071525574,0.9300000071525574,0.9300000071525574,1472,0.0,0.0
2023-07-21 14:30:00-04:00,0.949999988079071,0.949999988079071,0.949999988079071,0.949999988079071,100,0.0,0.0
2023-07-21 15:30:00-04:00,0.9499989748001099,0.9499989748001099,0.9380999803543091,0.9380999803543091,2308,0.0,0.0
2023-07-24 09:30:00-04:00,0.9300000071525574,0.9300000071525574,0.9100000262260437,0.9100000262260437,0,0.0,0.0
2023-07-24 10:30:00-04:00,0.949999988079071,0.949999988079071,0.949999988079071,0.949999988079071,110,0.0,0.0
2023-07-24 12:30:00-04:00,0.9275000095367432,0.9275000095367432,0.9100000262260437,0.9100000262260437,3414,0.0,0.0
2023-07-24 15:30:00-04:00,0.9211999773979187,0.9211999773979187,0.9211999773979187,0.9211999773979187,120,0.0,0.0
2023-07-25 09:30:00-04:00,0.8999000191688538,0.8999000191688538,0.8999000191688538,0.8999000191688538,359,0.0,0.0
2023-07-25 10:30:00-04:00,0.9449999928474426,0.9449999928474426,0.9200000166893005,0.9200000166893005,436,0.0,0.0
2023-07-25 11:30:00-04:00,0.9155769944190979,0.9155769944190979,0.9155769944190979,0.9155769944190979,606,0.0,0.0
2023-07-25 12:30:00-04:00,0.9275000095367432,0.9879990220069885,0.8999000191688538,0.9049999713897705,14996,0.0,0.0
2023-07-25 13:30:00-04:00,0.9879999756813049,0.9879999756813049,0.9879999756813049,0.9879999756813049,1510,0.0,0.0
2023-07-25 14:30:00-04:00,0.910099983215332,0.910099983215332,0.910099983215332,0.910099983215332,133,0.0,0.0
2023-07-26 09:30:00-04:00,0.9699000120162964,0.9699000120162964,0.9193000197410583,0.9193000197410583,706,0.0,0.0
2023-07-26 10:30:00-04:00,0.949999988079071,0.949999988079071,0.9100000262260437,0.9100000262260437,1847,0.0,0.0
2023-07-26 11:30:00-04:00,0.9429000020027161,0.9430000185966492,0.9429000020027161,0.9430000185966492,1588,0.0,0.0
2023-07-26 14:30:00-04:00,0.9501000046730042,0.9501000046730042,0.9430000185966492,0.9430000185966492,4345,0.0,0.0
2023-07-27 11:30:00-04:00,0.9514999985694885,0.9514999985694885,0.9514999985694885,0.9514999985694885,460,0.0,0.0
2023-07-27 12:30:00-04:00,0.9514999985694885,0.9699000120162964,0.9514999985694885,0.9699000120162964,2782,0.0,0.0
2023-07-27 13:30:00-04:00,0.954200029373169,0.954200029373169,0.953719973564148,0.953719973564148,0,0.0,0.0
2023-07-28 09:30:00-04:00,0.9789999723434448,0.9789999723434448,0.9399999976158142,0.9399999976158142,1900,0.0,0.0
2023-07-28 12:30:00-04:00,0.9399999976158142,0.9399999976158142,0.9399999976158142,0.9399999976158142,497,0.0,0.0
2023-07-28 15:30:00-04:00,0.968999981880188,0.9700000286102295,0.9588609933853149,0.968999981880188,1348,0.0,0.0
2023-07-31 09:30:00-04:00,0.9399999976158142,0.9399999976158142,0.9394500255584717,0.9394500255584717,631,0.0,0.0
2023-07-31 10:30:00-04:00,0.9399999976158142,0.9399999976158142,0.9399999976158142,0.9399999976158142,293,0.0,0.0
2023-07-31 11:30:00-04:00,0.9581999778747559,0.9581999778747559,0.9581999778747559,0.9581999778747559,222,0.0,0.0
2023-07-31 12:30:00-04:00,0.9399999976158142,0.9399999976158142,0.9399999976158142,0.9399999976158142,496,0.0,0.0
2023-07-31 14:30:00-04:00,0.9424999952316284,0.9599999785423279,0.9413130283355713,0.9599999785423279,1865,0.0,0.0
2023-07-31 15:30:00-04:00,0.9700000286102295,1.0,0.9627000093460083,1.0,10154,0.0,0.0
2023-08-01 09:30:00-04:00,0.9300000071525574,0.9300000071525574,0.9300000071525574,0.9300000071525574,562,0.0,0.0
2023-08-01 10:30:00-04:00,0.949999988079071,0.9900000095367432,0.949999988079071,0.9900000095367432,949,0.0,0.0
2023-08-01 11:30:00-04:00,0.9700000286102295,0.9900000095367432,0.9700000286102295,0.9900000095367432,316,0.0,0.0
2023-08-01 13:30:00-04:00,0.9700000286102295,0.9700000286102295,0.9700000286102295,0.9700000286102295,169,0.0,0.0
2023-08-01 14:30:00-04:00,0.9501000046730042,0.9649999737739563,0.9168999791145325,0.9399999976158142,4218,0.0,0.0
2023-08-01 15:30:00-04:00,0.9399999976158142,0.9399999976158142,0.9399999976158142,0.9399999976158142,100,0.0,0.0
2023-08-02 10:30:00-04:00,0.9850000143051147,0.9850000143051147,0.9850000143051147,0.9850000143051147,0,0.0,0.0
2023-08-02 11:30:00-04:00,0.9850000143051147,1.0199999809265137,0.9850000143051147,1.0199999809265137,260,0.0,0.0
2023-08-02 12:30:00-04:00,0.9750000238418579,0.9750000238418579,0.9399999976158142,0.9399999976158142,272,0.0,0.0
2023-08-02 14:30:00-04:00,0.949999988079071,1.0099999904632568,0.9283000230789185,1.0099999904632568,669,0.0,0.0
2023-08-02 15:30:00-04:00,0.9691500067710876,0.9691500067710876,0.9691500067710876,0.9691500067710876,144,0.0,0.0
2023-08-03 09:30:00-04:00,0.9599999785423279,0.9599999785423279,0.949999988079071,0.949999988079071,215,0.0,0.0
2023-08-03 10:30:00-04:00,0.9576500058174133,0.9576500058174133,0.9153000116348267,0.9200000166893005,2750,0.0,0.0
2023-08-03 11:30:00-04:00,0.9003000259399414,1.0,0.880299985408783,0.9200000166893005,3377,0.0,0.0
2023-08-03 12:30:00-04:00,0.9574999809265137,0.9750000238418579,0.9200000166893005,0.9200000166893005,1617,0.0,0.0
2023-08-03 13:30:00-04:00,0.9200000166893005,0.9300000071525574,0.9200000166893005,0.9200000166893005,1340,0.0,0.0
2023-08-03 14:30:00-04:00,0.9200000166893005,0.9275500178337097,0.9100000262260437,0.9100000262260437,2481,0.0,0.0
2023-08-03 15:30:00-04:00,0.9750000238418579,0.9750000238418579,0.9100000262260437,0.9100000262260437,3895,0.0,0.0
2023-08-04 09:30:00-04:00,0.9700000286102295,0.9700000286102295,0.9300000071525574,0.9300000071525574,0,0.0,0.0
2023-08-04 10:30:00-04:00,0.9100000262260437,0.9505000114440918,0.9100000262260437,0.9505000114440918,1260,0.0,0.0
2023-08-04 12:30:00-04:00,0.949999988079071,0.949999988079071,0.949999988079071,0.949999988079071,237,0.0,0.0
2023-08-04 14:30:00-04:00,0.9200000166893005,0.9300000071525574,0.9200000166893005,0.9300000071525574,460,0.0,0.0
2023-08-04 15:30:00-04:00,0.9100000262260437,0.9100000262260437,0.9100000262260437,0.9100000262260437,754,0.0,0.0
2023-08-07 09:30:00-04:00,0.8999999761581421,0.8999999761581421,0.8801000118255615,0.8801000118255615,1460,0.0,0.0
2023-08-07 10:30:00-04:00,0.8999999761581421,0.8999999761581421,0.8899999856948853,0.8899999856948853,2610,0.0,0.0
2023-08-07 11:30:00-04:00,0.8801000118255615,0.8999999761581421,0.8801000118255615,0.8899999856948853,8567,0.0,0.0
2023-08-07 12:30:00-04:00,0.8899999856948853,0.8999999761581421,0.8899999856948853,0.8999999761581421,289,0.0,0.0
2023-08-07 13:30:00-04:00,0.8999999761581421,0.8999999761581421,0.8999999761581421,0.8999999761581421,1333,0.0,0.0
2023-08-08 09:30:00-04:00,0.8700000047683716,0.8700000047683716,0.8299999833106995,0.8299999833106995,1918,0.0,0.0
2023-08-08 10:30:00-04:00,0.8700000047683716,0.8700000047683716,0.8692209720611572,0.8700000047683716,4638,0.0,0.0
2023-08-08 11:30:00-04:00,0.8989999890327454,0.8999999761581421,0.8989999890327454,0.8999000191688538,1054,0.0,0.0
2023-08-08 12:30:00-04:00,0.8715000152587891,0.8849999904632568,0.8700000047683716,0.8849999904632568,509,0.0,0.0
2023-08-08 13:30:00-04:00,0.8989999890327454,0.8989999890327454,0.8989999890327454,0.8989999890327454,115,0.0,0.0
2023-08-09 09:30:00-04:00,0.8999000191688538,0.9412000179290771,0.8447999954223633,0.8447999954223633,6067,0.0,0.0
2023-08-09 10:30:00-04:00,0.8999999761581421,0.8999999761581421,0.8999999761581421,0.8999999761581421,109,0.0,0.0
2023-08-09 13:30:00-04:00,0.8506010174751282,0.8999999761581421,0.8506010174751282,0.8799999952316284,11206,0.0,0.0
2023-08-10 09:30:00-04:00,0.8305000066757202,0.8306000232696533,0.6639999747276306,0.7321000099182129,113902,0.0,0.0
2023-08-10 10:30:00-04:00,0.6901000142097473,0.6901000142097473,0.6499999761581421,0.6499999761581421,56791,0.0,0.0
2023-08-10 11:30:00-04:00,0.6708999872207642,0.6708999872207642,0.5899999737739563,0.6000999808311462,50455,0.0,0.0
2023-08-10 12:30:00-04:00,0.6000000238418579,0.6800000071525574,0.6000000238418579,0.6700000166893005,57844,0.0,0.0
2023-08-10 13:30:00-04:00,0.6899999976158142,0.699999988079071,0.6700000166893005,0.6850000023841858,39735,0.0,0.0
2023-08-10 14:30:00-04:00,0.6949999928474426,0.7200000286102295,0.6299999952316284,0.6499999761581421,35841,0.0,0.0
2023-08-10 15:30:00-04:00,0.6399999856948853,0.6499999761581421,0.6299999952316284,0.6399999856948853,20881,0.0,0.0
2023-08-11 09:30:00-04:00,0.6000000238418579,0.6674990057945251,0.6000000238418579,0.6298999786376953,30547,0.0,0.0
2023-08-11 10:30:00-04:00,0.6299999952316284,0.6299999952316284,0.6050000190734863,0.6200000047683716,16100,0.0,0.0
2023-08-11 11:30:00-04:00,0.6299999952316284,0.6299999952316284,0.614998996257782,0.6150010228157043,1576,0.0,0.0
2023-08-11 12:30:00-04:00,0.6150000095367432,0.6172999739646912,0.597599983215332,0.609000027179718,225797,0.0,0.0
2023-08-11 13:30:00-04:00,0.6100000143051147,0.6299999952316284,0.6050000190734863,0.6299999952316284,9315,0.0,0.0
2023-08-11 14:30:00-04:00,0.6294999718666077,0.6294999718666077,0.5952000021934509,0.6000000238418579,43144,0.0,0.0
2023-08-11 15:30:00-04:00,0.6000000238418579,0.6000000238418579,0.5609999895095825,0.5849999785423279,19421,0.0,0.0
2023-08-14 09:30:00-04:00,0.589900016784668,0.626800000667572,0.589900016784668,0.6000999808311462,7740,0.0,0.0
2023-08-14 10:30:00-04:00,0.6000999808311462,0.6199989914894104,0.6000000238418579,0.614998996257782,6814,0.0,0.0
2023-08-14 11:30:00-04:00,0.6000000238418579,0.6100000143051147,0.6000000238418579,0.6100000143051147,5548,0.0,0.0
2023-08-14 12:30:00-04:00,0.6100000143051147,0.6200000047683716,0.6000999808311462,0.6098999977111816,5209,0.0,0.0
2023-08-14 13:30:00-04:00,0.6000999808311462,0.6100000143051147,0.5867999792098999,0.6000000238418579,49477,0.0,0.0
2023-08-14 14:30:00-04:00,0.5860000252723694,0.5877000093460083,0.5608999729156494,0.5800999999046326,14222,0.0,0.0
2023-08-14 15:30:00-04:00,0.5800999999046326,0.5809999704360962,0.5600000023841858,0.5608999729156494,0,0.0,0.0
2023-08-15 09:30:00-04:00,0.5609999895095825,0.5609999895095825,0.5609999895095825,0.5609999895095825,142,0.0,0.0
2023-08-15 10:30:00-04:00,0.5799999833106995,0.6123999953269958,0.5799999833106995,0.6112610101699829,6111,0.0,0.0
2023-08-15 11:30:00-04:00,0.6100000143051147,0.6177999973297119,0.5605999827384949,0.576200008392334,42916,0.0,0.0
2023-08-15 12:30:00-04:00,0.5516999959945679,0.5609999895095825,0.5516999959945679,0.5516999959945679,1999,0.0,0.0
2023-08-15 13:30:00-04:00,0.5799999833106995,0.5799999833106995,0.5504000186920166,0.5699999928474426,60902,0.0,0.0
2023-08-15 14:30:00-04:00,0.5799990296363831,0.5799990296363831,0.5637000203132629,0.5674999952316284,4084,0.0,0.0
2023-08-15 15:30:00-04:00,0.5503000020980835,0.5699999928474426,0.536300003528595,0.536300003528595,1509194,0.0,0.0
2023-08-16 09:30:00-04:00,0.5299999713897705,0.5540000200271606,0.4500899910926819,0.46000000834465027,1902280,0.0,0.0
2023-08-16 10:30:00-04:00,0.46000000834465027,0.5527999997138977,0.4505000114440918,0.5236999988555908,624353,0.0,0.0
2023-08-16 11:30:00-04:00,0.5300999879837036,0.6093999743461609,0.5300999879837036,0.5511000156402588,1683009,0.0,0.0
2023-08-16 12:30:00-04:00,0.5517249703407288,0.5679000020027161,0.5164999961853027,0.5540000200271606,42836,0.0,0.0
2023-08-16 13:30:00-04:00,0.550000011920929,0.5600000023841858,0.531000018119812,0.5600000023841858,52378,0.0,0.0
2023-08-16 14:30:00-04:00,0.5600000023841858,0.5799999833106995,0.550000011920929,0.574999988079071,86116,0.0,0.0
2023-08-16 15:30:00-04:00,0.574999988079071,0.5799999833106995,0.574999988079071,0.5799999833106995,0,0.0,0.0
2023-08-17 09:30:00-04:00,0.5049999952316284,0.5630000233650208,0.5049999952316284,0.5600000023841858,48060,0.0,0.0
2023-08-17 10:30:00-04:00,0.5600000023841858,0.5799999833106995,0.5595999956130981,0.5799999833106995,66950,0.0,0.0
2023-08-17 11:30:00-04:00,0.5799999833106995,0.5799999833106995,0.559499979019165,0.5799999833106995,10458,0.0,0.0
2023-08-17 12:30:00-04:00,0.5699999928474426,0.5799999833106995,0.5699999928474426,0.5799999833106995,2888,0.0,0.0
2023-08-17 13:30:00-04:00,0.5799999833106995,0.5900999903678894,0.559499979019165,0.5799999833106995,4735,0.0,0.0
2023-08-17 14:30:00-04:00,0.5595999956130981,0.5899999737739563,0.5595999956130981,0.5709999799728394,24230,0.0,0.0
2023-08-17 15:30:00-04:00,0.559499979019165,0.5899999737739563,0.559499979019165,0.5799999833106995,0,0.0,0.0
2023-08-18 09:30:00-04:00,0.5699999928474426,0.5699999928474426,0.550000011920929,0.5609999895095825,12858,0.0,0.0
2023-08-18 10:30:00-04:00,0.5421000123023987,0.5699999928474426,0.5421000123023987,0.5699999928474426,1574,0.0,0.0
2023-08-18 11:30:00-04:00,0.564300000667572,0.5705000162124634,0.564300000667572,0.5701000094413757,3157,0.0,0.0
2023-08-18 12:30:00-04:00,0.5699999928474426,0.5799999833106995,0.5699999928474426,0.5799999833106995,3617,0.0,0.0
2023-08-18 13:30:00-04:00,0.5799000263214111,0.6195999979972839,0.5699999928474426,0.6148499846458435,16508,0.0,0.0
2023-08-18 14:30:00-04:00,0.6013000011444092,0.6349999904632568,0.6013000011444092,0.6349999904632568,31835,0.0,0.0
2023-08-18 15:30:00-04:00,0.6349999904632568,0.67330002784729,0.633849024772644,0.6403999924659729,14926,0.0,0.0
2023-08-21 09:30:00-04:00,0.7770000100135803,1.0800000429153442,0.6700000166893005,0.7910000085830688,1762862,0.0,0.0
2023-08-21 10:30:00-04:00,0.7910000085830688,0.7979999780654907,0.7063000202178955,0.7063999772071838,143990,0.0,0.0
2023-08-21 11:30:00-04:00,0.7063999772071838,0.7297000288963318,0.7063990235328674,0.713699996471405,21025,0.0,0.0
2023-08-21 12:30:00-04:00,0.713699996471405,0.7139000296592712,0.6600000262260437,0.6850000023841858,44074,0.0,0.0
2023-08-21 13:30:00-04:00,0.6801000237464905,0.6899999976158142,0.6700000166893005,0.6799989938735962,14331,0.0,0.0
2023-08-21 14:30:00-04:00,0.675000011920929,0.8100000023841858,0.6700999736785889,0.7351009845733643,40222,0.0,0.0
2023-08-21 15:30:00-04:00,0.699999988079071,0.75,0.6819000244140625,0.6819000244140625,53622,0.0,0.0
2023-08-22 09:30:00-04:00,0.6320000290870667,0.6579999923706055,0.5005000233650208,0.609000027179718,119450,0.0,0.0
2023-08-22 10:30:00-04:00,0.5813000202178955,0.6169000267982483,0.5799999833106995,0.6169000267982483,30329,0.0,0.0
2023-08-22 11:30:00-04:00,0.6133999824523926,0.6133999824523926,0.6100000143051147,0.6100000143051147,6514,0.0,0.0
2023-08-22 12:30:00-04:00,0.6100000143051147,0.6316999793052673,0.5932999849319458,0.6208509802818298,27736,0.0,0.0
2023-08-22 13:30:00-04:00,0.6150000095367432,0.6200000047683716,0.6100000143051147,0.6100000143051147,5735,0.0,0.0
2023-08-22 14:30:00-04:00,0.6100999712944031,0.6150000095367432,0.6100000143051147,0.6150000095367432,5901,0.0,0.0
2023-08-22 15:30:00-04:00,0.623100996017456,0.6309999823570251,0.6151999831199646,0.6165000200271606,0,0.0,0.0
2023-08-23 09:30:00-04:00,0.6110000014305115,0.7300000190734863,0.6000000238418579,0.6699000000953674,17814,0.0,0.0
2023-08-23 10:30:00-04:00,0.6599990129470825,0.6599990129470825,0.6299999952316284,0.6500999927520752,9900,0.0,0.0
2023-08-23 11:30:00-04:00,0.6500999927520752,0.6650000214576721,0.6499999761581421,0.6499999761581421,11743,0.0,0.0
2023-08-23 12:30:00-04:00,0.6500999927520752,0.6500999927520752,0.6299999952316284,0.6301000118255615,19504,0.0,0.0
2023-08-23 13:30:00-04:00,0.6402000188827515,0.6503999829292297,0.6402000188827515,0.6503000259399414,1659,0.0,0.0
2023-08-23 14:30:00-04:00,0.6503000259399414,0.6503000259399414,0.6301000118255615,0.6301000118255615,523,0.0,0.0
2023-08-23 15:30:00-04:00,0.6399999856948853,0.6503999829292297,0.6399999856948853,0.6460000276565552,0,0.0,0.0
2023-08-24 09:30:00-04:00,0.6299999952316284,0.6399999856948853,0.5775009989738464,0.614998996257782,23178,0.0,0.0
2023-08-24 10:30:00-04:00,0.6100000143051147,0.6200000047683716,0.6100000143051147,0.6200000047683716,10950,0.0,0.0
2023-08-24 11:30:00-04:00,0.6100999712944031,0.6499999761581421,0.6100000143051147,0.6499999761581421,8170,0.0,0.0
2023-08-24 12:30:00-04:00,0.6300010085105896,0.6499999761581421,0.6299989819526672,0.6498990058898926,1829,0.0,0.0
2023-08-24 13:30:00-04:00,0.6110000014305115,0.6499999761581421,0.6110000014305115,0.6499999761581421,3442,0.0,0.0
2023-08-24 14:30:00-04:00,0.6499999761581421,0.6500009894371033,0.6499999761581421,0.6500009894371033,453,0.0,0.0
2023-08-24 15:30:00-04:00,0.6499999761581421,0.6499999761581421,0.6499999761581421,0.6499999761581421,425,0.0,0.0
2023-08-25 09:30:00-04:00,0.6470000147819519,0.6930999755859375,0.6101009845733643,0.6604999899864197,9270,0.0,0.0
2023-08-25 10:30:00-04:00,0.6990000009536743,0.7699999809265137,0.6449009776115417,0.7149999737739563,33494,0.0,0.0
2023-08-25 11:30:00-04:00,0.7099999785423279,0.7099999785423279,0.6600000262260437,0.6600000262260437,1662,0.0,0.0
2023-08-25 12:30:00-04:00,0.7012500166893005,0.7012500166893005,0.7012500166893005,0.7012500166893005,275,0.0,0.0
2023-08-25 13:30:00-04:00,0.660099983215332,0.699999988079071,0.660099983215332,0.699999988079071,4846,0.0,0.0
2023-08-25 14:30:00-04:00,0.660099983215332,0.699999988079071,0.6501010060310364,0.699999988079071,8529,0.0,0.0
2023-08-25 15:30:00-04:00,0.6510000228881836,0.6510000228881836,0.6510000228881836,0.6510000228881836,209,0.0,0.0
2023-08-28 09:30:00-04:00,0.6499999761581421,0.6499999761581421,0.6499999761581421,0.6499999761581421,5604,0.0,0.0
2023-08-28 10:30:00-04:00,0.7400000095367432,0.7400000095367432,0.6523000001907349,0.6800000071525574,647,0.0,0.0
2023-08-28 12:30:00-04:00,0.6340000033378601,0.6340000033378601,0.6340000033378601,0.6340000033378601,315,0.0,0.0
2023-08-28 13:30:00-04:00,0.6800000071525574,0.6800000071525574,0.6349999904632568,0.6349999904632568,400,0.0,0.0
2023-08-28 14:30:00-04:00,0.6798999905586243,0.6800000071525574,0.6574990153312683,0.6800000071525574,604,0.0,0.0
2023-08-28 15:30:00-04:00,0.6800000071525574,0.6800000071525574,0.6396999955177307,0.6396999955177307,0,0.0,0.0
2023-08-29 09:30:00-04:00,0.6100999712944031,0.6399999856948853,0.6100999712944031,0.6399999856948853,3196,0.0,0.0
2023-08-29 10:30:00-04:00,0.7020000219345093,0.7020000219345093,0.6320000290870667,0.6320000290870667,4249,0.0,0.0
2023-08-29 11:30:00-04:00,0.6384000182151794,0.7019000053405762,0.6299999952316284,0.6401000022888184,11184,0.0,0.0
2023-08-29 12:30:00-04:00,0.6499999761581421,0.6501010060310364,0.6499999761581421,0.6501010060310364,390,0.0,0.0
2023-08-29 13:30:00-04:00,0.6800000071525574,0.6800000071525574,0.6520000100135803,0.6520000100135803,10988,0.0,0.0
2023-08-29 14:30:00-04:00,0.6520000100135803,0.6990000009536743,0.6499999761581421,0.6990000009536743,3199,0.0,0.0
2023-08-29 15:30:00-04:00,0.6700000166893005,0.6899999976158142,0.6700000166893005,0.6899999976158142,3745,0.0,0.0
2023-08-30 09:30:00-04:00,0.6322000026702881,0.6499999761581421,0.6322000026702881,0.6499999761581421,0,0.0,0.0
2023-08-30 10:30:00-04:00,0.6898999810218811,0.6898999810218811,0.6499999761581421,0.6499999761581421,1614,0.0,0.0
2023-08-30 11:30:00-04:00,0.6899999976158142,0.6899999976158142,0.6899999976158142,0.6899999976158142,100,0.0,0.0
2023-08-30 12:30:00-04:00,0.6899999976158142,0.6899999976158142,0.6499999761581421,0.6499999761581421,208,0.0,0.0
2023-08-30 13:30:00-04:00,0.6800000071525574,0.6880000233650208,0.6800000071525574,0.6880000233650208,3386,0.0,0.0
2023-08-30 14:30:00-04:00,0.6499999761581421,0.6880000233650208,0.6499999761581421,0.6880000233650208,540,0.0,0.0
2023-08-31 09:30:00-04:00,0.6499999761581421,0.684499979019165,0.6172999739646912,0.6221010088920593,17860,0.0,0.0
2023-08-31 10:30:00-04:00,0.620199978351593,0.620199978351593,0.620199978351593,0.620199978351593,508,0.0,0.0
2023-08-31 12:30:00-04:00,0.6830000281333923,0.6830000281333923,0.6301000118255615,0.6302000284194946,15702,0.0,0.0
2023-08-31 13:30:00-04:00,0.6299999952316284,0.6299999952316284,0.6299999952316284,0.6299999952316284,351,0.0,0.0
2023-08-31 14:30:00-04:00,0.6539999842643738,0.6539999842643738,0.6402999758720398,0.6406000256538391,699,0.0,0.0
2023-09-01 09:30:00-04:00,0.6399999856948853,0.6410999894142151,0.6399999856948853,0.6410999894142151,1420,0.0,0.0
2023-09-01 10:30:00-04:00,0.640999972820282,0.640999972820282,0.640999972820282,0.640999972820282,100,0.0,0.0
2023-09-01 11:30:00-04:00,0.6779999732971191,0.6800000071525574,0.6570000052452087,0.6570000052452087,1147,0.0,0.0
2023-09-01 13:30:00-04:00,0.6639999747276306,0.6639999747276306,0.6499999761581421,0.6499999761581421,768,0.0,0.0
2023-09-01 15:30:00-04:00,0.6779999732971191,0.6779999732971191,0.6499999761581421,0.6499999761581421,533,0.0,0.0
2023-09-05 09:30:00-04:00,0.6370000243186951,0.6499999761581421,0.620199978351593,0.6291400194168091,1303,0.0,0.0
2023-09-05 10:30:00-04:00,0.6299999952316284,0.6299999952316284,0.6177999973297119,0.6240010261535645,2274,0.0,0.0
2023-09-05 11:30:00-04:00,0.6480000019073486,0.6480000019073486,0.6480000019073486,0.6480000019073486,225,0.0,0.0
2023-09-05 14:30:00-04:00,0.6200000047683716,0.6200000047683716,0.6200000047683716,0.6200000047683716,759,0.0,0.0
2023-09-05 15:30:00-04:00,0.6200000047683716,0.6200000047683716,0.5654000043869019,0.6026999950408936,7381,0.0,0.0
2023-09-06 09:30:00-04:00,0.6000000238418579,0.6000000238418579,0.579800009727478,0.5878000259399414,19788,0.0,0.0
2023-09-06 10:30:00-04:00,0.588699996471405,0.5979999899864197,0.5863999724388123,0.5979999899864197,3414,0.0,0.0
2023-09-06 11:30:00-04:00,0.597000002861023,0.597000002861023,0.597000002861023,0.597000002861023,700,0.0,0.0
2023-09-06 12:30:00-04:00,0.5759999752044678,0.5979999899864197,0.5559999942779541,0.5870000123977661,15230,0.0,0.0
2023-09-06 13:30:00-04:00,0.5715000033378601,0.5910000205039978,0.5570999979972839,0.5882999897003174,12950,0.0,0.0
2023-09-06 14:30:00-04:00,0.5909000039100647,0.5920000076293945,0.5752000212669373,0.5920000076293945,5084,0.0,0.0
2023-09-06 15:30:00-04:00,0.5920000076293945,0.5920000076293945,0.5899999737739563,0.5899999737739563,2600,0.0,0.0
2023-09-07 09:30:00-04:00,0.5999000072479248,0.5999000072479248,0.5999000072479248,0.5999000072479248,446,0.0,0.0
2023-09-07 10:30:00-04:00,0.5609999895095825,0.580049991607666,0.5609999895095825,0.580049991607666,324,0.0,0.0
2023-09-07 12:30:00-04:00,0.6000000238418579,0.6000000238418579,0.6000000238418579,0.6000000238418579,140,0.0,0.0
2023-09-07 14:30:00-04:00,0.5800999999046326,0.5900999903678894,0.5800999999046326,0.5900999903678894,1061,0.0,0.0
2023-09-07 15:30:00-04:00,0.5799999833106995,0.5799999833106995,0.5799999833106995,0.5799999833106995,0,0.0,0.0
2023-09-08 09:30:00-04:00,0.5720019936561584,0.5720019936561584,0.5720019936561584,0.5720019936561584,1530,0.0,0.0
2023-09-08 10:30:00-04:00,0.6200010180473328,0.6398990154266357,0.6200010180473328,0.6398990154266357,461,0.0,0.0
2023-09-08 12:30:00-04:00,0.6000999808311462,0.6294990181922913,0.6000999808311462,0.6294990181922913,300,0.0,0.0
2023-09-08 13:30:00-04:00,0.614799976348877,0.614799976348877,0.6001009941101074,0.6001009941101074,345,0.0,0.0
2023-09-08 14:30:00-04:00,0.6000999808311462,0.6000999808311462,0.6000999808311462,0.6000999808311462,100,0.0,0.0
2023-09-08 15:30:00-04:00,0.6294999718666077,0.6294999718666077,0.6000999808311462,0.6000999808311462,1468,0.0,0.0
2023-09-11 09:30:00-04:00,0.6000000238418579,0.6000000238418579,0.6000000238418579,0.6000000238418579,345,0.0,0.0
2023-09-11 10:30:00-04:00,0.6398990154266357,0.6399999856948853,0.5720000267028809,0.6399999856948853,1885,0.0,0.0
2023-09-11 12:30:00-04:00,0.6299999952316284,0.6299999952316284,0.6299999952316284,0.6299999952316284,436,0.0,0.0
2023-09-11 13:30:00-04:00,0.5820000171661377,0.6389999985694885,0.5820000171661377,0.6389999985694885,289,0.0,0.0
2023-09-11 14:30:00-04:00,0.6389999985694885,0.6389999985694885,0.5899999737739563,0.6150000095367432,674,0.0,0.0
2023-09-12 09:30:00-04:00,0.5730000138282776,0.5950000286102295,0.5730000138282776,0.5950000286102295,0,0.0,0.0
2023-09-12 11:30:00-04:00,0.5730000138282776,0.5730000138282776,0.5730000138282776,0.5730000138282776,136,0.0,0.0
2023-09-12 12:30:00-04:00,0.6000000238418579,0.6000000238418579,0.5892400145530701,0.5892400145530701,710,0.0,0.0
2023-09-12 15:30:00-04:00,0.5982000231742859,0.5982000231742859,0.5982000231742859,0.5982000231742859,229,0.0,0.0
2023-09-13 09:30:00-04:00,0.550000011920929,0.5820000171661377,0.550000011920929,0.574999988079071,11707,0.0,0.0
2023-09-13 10:30:00-04:00,0.593999981880188,0.5979999899864197,0.5885000228881836,0.5979999899864197,1444,0.0,0.0
2023-09-13 11:30:00-04:00,0.6099990010261536,0.6099990010261536,0.5899999737739563,0.5899999737739563,928,0.0,0.0
2023-09-13 13:30:00-04:00,0.6100000143051147,0.6100000143051147,0.5849999785423279,0.5849999785423279,1851,0.0,0.0
2023-09-13 14:30:00-04:00,0.599049985408783,0.5990999937057495,0.599049985408783,0.5990999937057495,932,0.0,0.0
2023-09-13 15:30:00-04:00,0.5781000256538391,0.5781000256538391,0.5781000256538391,0.5781000256538391,475,0.0,0.0
2023-09-14 09:30:00-04:00,0.6236000061035156,0.6236000061035156,0.6236000061035156,0.6236000061035156,471,0.0,0.0
2023-09-14 10:30:00-04:00,0.5899999737739563,0.5899999737739563,0.5899999737739563,0.5899999737739563,110,0.0,0.0
2023-09-14 11:30:00-04:00,0.5899999737739563,0.5899999737739563,0.5899999737739563,0.5899999737739563,530,0.0,0.0
2023-09-14 12:30:00-04:00,0.6200000047683716,0.6200000047683716,0.6200000047683716,0.6200000047683716,500,0.0,0.0
2023-09-14 13:30:00-04:00,0.5899999737739563,0.5899999737739563,0.5899999737739563,0.5899999737739563,196,0.0,0.0
2023-09-14 14:30:00-04:00,0.5899999737739563,0.6200000047683716,0.5899999737739563,0.6200000047683716,2262,0.0,0.0
2023-09-14 15:30:00-04:00,0.5899999737739563,0.5899999737739563,0.5899999737739563,0.5899999737739563,136,0.0,0.0
2023-09-15 09:30:00-04:00,0.5600000023841858,0.5799999833106995,0.5600000023841858,0.5799999833106995,0,0.0,0.0
2023-09-15 10:30:00-04:00,0.5899999737739563,0.595300018787384,0.5199999809265137,0.5650990009307861,33237,0.0,0.0
2023-09-15 11:30:00-04:00,0.5650990009307861,0.5933499932289124,0.5526000261306763,0.5932999849319458,4607,0.0,0.0
2023-09-15 12:30:00-04:00,0.5699999928474426,0.5699999928474426,0.5699999928474426,0.5699999928474426,207,0.0,0.0
2023-09-15 15:30:00-04:00,0.6200000047683716,0.760200023651123,0.6169999837875366,0.760200023651123,40958,0.0,0.0
2023-09-18 09:30:00-04:00,0.7300000190734863,0.75,0.6500999927520752,0.7009999752044678,95639,0.0,0.0
2023-09-18 10:30:00-04:00,0.7009000182151794,0.7149999737739563,0.7009000182151794,0.7149999737739563,20977,0.0,0.0
2023-09-18 11:30:00-04:00,0.7300000190734863,0.7300000190734863,0.6729999780654907,0.70660001039505,12309,0.0,0.0
2023-09-18 12:30:00-04:00,0.7067000269889832,0.7067000269889832,0.6729999780654907,0.6729999780654907,8338,0.0,0.0
2023-09-18 13:30:00-04:00,0.6997990012168884,0.7099999785423279,0.670199990272522,0.6947010159492493,15848,0.0,0.0
2023-09-18 14:30:00-04:00,0.6947000026702881,0.6947000026702881,0.6870999932289124,0.6870999932289124,2544,0.0,0.0
2023-09-18 15:30:00-04:00,0.6822999715805054,0.7081000208854675,0.6700000166893005,0.6710000038146973,7216,0.0,0.0
2023-09-19 09:30:00-04:00,0.6700000166893005,0.6700000166893005,0.6499999761581421,0.6499999761581421,19283,0.0,0.0
2023-09-19 10:30:00-04:00,0.6503999829292297,0.6599000096321106,0.6503999829292297,0.6599000096321106,3695,0.0,0.0
2023-09-19 11:30:00-04:00,0.6504999995231628,0.6504999995231628,0.6504999995231628,0.6504999995231628,384,0.0,0.0
2023-09-19 12:30:00-04:00,0.6528000235557556,0.6528000235557556,0.6504999995231628,0.650600016117096,1399,0.0,0.0
2023-09-19 13:30:00-04:00,0.650600016117096,0.650600016117096,0.650600016117096,0.650600016117096,203,0.0,0.0
2023-09-19 14:30:00-04:00,0.6504999995231628,0.6506999731063843,0.6504999995231628,0.6506999731063843,1410,0.0,0.0
2023-09-19 15:30:00-04:00,0.6506999731063843,0.75,0.6506999731063843,0.7099999785423279,25100,0.0,0.0
2023-09-20 09:30:00-04:00,0.7831000089645386,0.7831000089645386,0.6600000262260437,0.7139999866485596,24277,0.0,0.0
2023-09-20 10:30:00-04:00,0.7139999866485596,0.7141000032424927,0.6919999718666077,0.7139999866485596,13276,0.0,0.0
2023-09-20 11:30:00-04:00,0.7099999785423279,0.7099999785423279,0.7099999785423279,0.7099999785423279,100,0.0,0.0
2023-09-20 12:30:00-04:00,0.699999988079071,0.699999988079071,0.6600000262260437,0.6600000262260437,2060,0.0,0.0
2023-09-20 13:30:00-04:00,0.6899999976158142,0.6899999976158142,0.6899999976158142,0.6899999976158142,3275,0.0,0.0
2023-09-20 15:30:00-04:00,0.6751000285148621,0.6751000285148621,0.6608999967575073,0.6608999967575073,813,0.0,0.0
2023-09-21 09:30:00-04:00,0.6600000262260437,0.6608999967575073,0.6600000262260437,0.6600000262260437,5367,0.0,0.0
2023-09-21 10:30:00-04:00,0.6600000262260437,0.699999988079071,0.6600000262260437,0.660099983215332,11647,0.0,0.0
2023-09-21 11:30:00-04:00,0.6600099802017212,0.6600099802017212,0.6600099802017212,0.6600099802017212,213,0.0,0.0
2023-09-21 12:30:00-04:00,0.7400000095367432,0.7400000095367432,0.7400000095367432,0.7400000095367432,317,0.0,0.0
2023-09-21 13:30:00-04:00,0.7000499963760376,0.7000499963760376,0.7000499963760376,0.7000499963760376,365,0.0,0.0
2023-09-21 14:30:00-04:00,0.6610000133514404,0.7200000286102295,0.6610000133514404,0.7200000286102295,469,0.0,0.0
2023-09-21 15:30:00-04:00,0.6610999703407288,0.6809999942779541,0.6610999703407288,0.6809999942779541,875,0.0,0.0
2023-09-22 09:30:00-04:00,0.6818000078201294,0.7034000158309937,0.6818000078201294,0.6916999816894531,3317,0.0,0.0
2023-09-22 10:30:00-04:00,0.7034000158309937,0.7034000158309937,0.699999988079071,0.703000009059906,979,0.0,0.0
2023-09-22 11:30:00-04:00,0.718999981880188,0.718999981880188,0.718999981880188,0.718999981880188,178,0.0,0.0
2023-09-22 12:30:00-04:00,0.6949999928474426,0.7200000286102295,0.6899999976158142,0.6959999799728394,3577,0.0,0.0
2023-09-22 13:30:00-04:00,0.6600000262260437,0.7300000190734863,0.6600000262260437,0.7114999890327454,1098,0.0,0.0
2023-09-22 14:30:00-04:00,0.7099999785423279,0.7099999785423279,0.7099999785423279,0.7099999785423279,103,0.0,0.0
2023-09-22 15:30:00-04:00,0.7099999785423279,0.7099999785423279,0.6600000262260437,0.6600000262260437,724,0.0,0.0
2023-09-25 09:30:00-04:00,0.6100000143051147,0.675000011920929,0.48739999532699585,0.6439999938011169,37413,0.0,0.0
2023-09-25 10:30:00-04:00,0.6100000143051147,0.6100000143051147,0.6001009941101074,0.6002500057220459,1269,0.0,0.0
2023-09-25 11:30:00-04:00,0.6175000071525574,0.640500009059906,0.6050000190734863,0.6110000014305115,2252,0.0,0.0
2023-09-25 12:30:00-04:00,0.6790000200271606,0.6790000200271606,0.6100000143051147,0.6100000143051147,1314,0.0,0.0
2023-09-25 13:30:00-04:00,0.6554999947547913,0.6554999947547913,0.6425009965896606,0.6425009965896606,500,0.0,0.0
2023-09-25 15:30:00-04:00,0.6101999878883362,0.6732000112533569,0.6100000143051147,0.6100000143051147,3934,0.0,0.0
2023-09-26 09:30:00-04:00,0.5949990153312683,0.5949990153312683,0.5949990153312683,0.5949990153312683,438,0.0,0.0
2023-09-26 10:30:00-04:00,0.5805000066757202,0.6100000143051147,0.5805000066757202,0.6100000143051147,1576,0.0,0.0
2023-09-26 11:30:00-04:00,0.6100000143051147,0.6100000143051147,0.6100000143051147,0.6100000143051147,194,0.0,0.0
2023-09-26 12:30:00-04:00,0.590499997138977,0.6395000219345093,0.5799999833106995,0.6299999952316284,10694,0.0,0.0
2023-09-26 13:30:00-04:00,0.5809999704360962,0.5809999704360962,0.5809999704360962,0.5809999704360962,148,0.0,0.0
2023-09-26 14:30:00-04:00,0.6395000219345093,0.6395000219345093,0.5899999737739563,0.5899999737739563,254,0.0,0.0
2023-09-26 15:30:00-04:00,0.5899999737739563,0.6118000149726868,0.5899999737739563,0.5899999737739563,0,0.0,0.0
2023-09-27 09:30:00-04:00,0.5709999799728394,0.6748999953269958,0.5709999799728394,0.6574990153312683,3251,0.0,0.0
2023-09-27 10:30:00-04:00,0.6399999856948853,0.6399999856948853,0.6399999856948853,0.6399999856948853,284,0.0,0.0
2023-09-27 11:30:00-04:00,0.5837000012397766,0.6573989987373352,0.5837000012397766,0.6573989987373352,1516,0.0,0.0
2023-09-27 12:30:00-04:00,0.6399999856948853,0.6399999856948853,0.6399999856948853,0.6399999856948853,250,0.0,0.0
2023-09-27 13:30:00-04:00,0.6299999952316284,0.6299999952316284,0.6299999952316284,0.6299999952316284,185,0.0,0.0
2023-09-27 14:30:00-04:00,0.6299999952316284,0.6299999952316284,0.6299999952316284,0.6299999952316284,100,0.0,0.0
2023-09-27 15:30:00-04:00,0.6015999913215637,0.6299999952316284,0.5730999708175659,0.5799999833106995,6824,0.0,0.0
2023-09-28 09:30:00-04:00,0.6650000214576721,0.6650000214576721,0.565500020980835,0.6000000238418579,0,0.0,0.0
2023-09-28 10:30:00-04:00,0.5609999895095825,0.6000000238418579,0.5600000023841858,0.5774999856948853,4251,0.0,0.0
2023-09-28 11:30:00-04:00,0.5774999856948853,0.5850009918212891,0.5699999928474426,0.57989901304245,3420,0.0,0.0
2023-09-28 12:30:00-04:00,0.5712500214576721,0.5799999833106995,0.5712500214576721,0.5799000263214111,7209,0.0,0.0
2023-09-28 13:30:00-04:00,0.574999988079071,0.5823000073432922,0.5630000233650208,0.5630000233650208,4736,0.0,0.0
2023-09-28 14:30:00-04:00,0.6194999814033508,0.6445500254631042,0.6194999814033508,0.6445500254631042,3178,0.0,0.0
2023-09-28 15:30:00-04:00,0.6047000288963318,0.6047000288963318,0.6000000238418579,0.6000000238418579,0,0.0,0.0
2023-09-29 09:30:00-04:00,0.637499988079071,0.637499988079071,0.637499988079071,0.637499988079071,122,0.0,0.0
2023-09-29 10:30:00-04:00,0.5701000094413757,0.5928000211715698,0.5701000094413757,0.5928000211715698,5401,0.0,0.0
2023-09-29 11:30:00-04:00,0.593500018119812,0.593500018119812,0.593500018119812,0.593500018119812,254,0.0,0.0
2023-09-29 14:30:00-04:00,0.5950000286102295,0.5950000286102295,0.5950000286102295,0.5950000286102295,414,0.0,0.0
2023-10-02 09:30:00-04:00,0.5712000131607056,0.6052510142326355,0.5712000131607056,0.6052510142326355,1086,0.0,0.0
2023-10-02 11:30:00-04:00,0.5705000162124634,0.6052500009536743,0.5705000162124634,0.6000000238418579,2296,0.0,0.0
2023-10-02 12:30:00-04:00,0.5898990035057068,0.5899999737739563,0.5898990035057068,0.5899999737739563,1743,0.0,0.0
2023-10-02 13:30:00-04:00,0.5799999833106995,0.5899999737739563,0.5799999833106995,0.5899999737739563,1507,0.0,0.0
2023-10-02 14:30:00-04:00,0.5799999833106995,0.5799999833106995,0.5799999833106995,0.5799999833106995,149,0.0,0.0
2023-10-02 15:30:00-04:00,0.5799999833106995,0.5799999833106995,0.5799999833106995,0.5799999833106995,293,0.0,0.0
2023-10-03 09:30:00-04:00,0.6299999952316284,0.6299999952316284,0.600600004196167,0.600600004196167,1572,0.0,0.0
2023-10-03 10:30:00-04:00,0.6096000075340271,0.6096000075340271,0.6013000011444092,0.6013000011444092,3612,0.0,0.0
2023-10-03 12:30:00-04:00,0.6298999786376953,0.6298999786376953,0.6298999786376953,0.6298999786376953,5117,0.0,0.0
2023-10-03 13:30:00-04:00,0.6200000047683716,0.6200000047683716,0.600600004196167,0.600600004196167,2052,0.0,0.0
2023-10-03 14:30:00-04:00,0.5889999866485596,0.5889999866485596,0.5889999866485596,0.5889999866485596,421,0.0,0.0
2023-10-03 15:30:00-04:00,0.6044999957084656,0.6044999957084656,0.6044999957084656,0.6044999957084656,0,0.0,0.0
2023-10-04 09:30:00-04:00,0.6004999876022339,0.6004999876022339,0.5710999965667725,0.5710999965667725,2424,0.0,0.0
2023-10-04 10:30:00-04:00,0.5870000123977661,0.5870000123977661,0.5870000123977661,0.5870000123977661,202,0.0,0.0
2023-10-04 11:30:00-04:00,0.6050000190734863,0.6050000190734863,0.6050000190734863,0.6050000190734863,200,0.0,0.0
2023-10-04 12:30:00-04:00,0.6060000061988831,0.6118000149726868,0.6047999858856201,0.6118000149726868,865,0.0,0.0
2023-10-04 13:30:00-04:00,0.5900999903678894,0.6140000224113464,0.5900999903678894,0.6140000224113464,643,0.0,0.0
2023-10-04 14:30:00-04:00,0.6140000224113464,0.6240000128746033,0.6140000224113464,0.6240000128746033,748,0.0,0.0
2023-10-04 15:30:00-04:00,0.6240000128746033,0.6240000128746033,0.5899999737739563,0.5899999737739563,782,0.0,0.0
2023-10-05 09:30:00-04:00,0.5989999771118164,0.6000000238418579,0.5989999771118164,0.6000000238418579,2359,0.0,0.0
2023-10-05 10:30:00-04:00,0.6200000047683716,0.6200000047683716,0.5986999869346619,0.5986999869346619,2026,0.0,0.0
2023-10-05 13:30:00-04:00,0.625,0.625,0.5805500149726868,0.5809999704360962,1464,0.0,0.0
2023-10-05 15:30:00-04:00,0.5810999870300293,0.5820000171661377,0.5800999999046326,0.5800999999046326,5503,0.0,0.0
2023-10-06 10:30:00-04:00,0.635001003742218,0.6679999828338623,0.635001003742218,0.6679999828338623,1574,0.0,0.0
2023-10-06 11:30:00-04:00,0.6679999828338623,0.6679999828338623,0.6679999828338623,0.6679999828338623,100,0.0,0.0
2023-10-06 12:30:00-04:00,0.6301010251045227,0.6301010251045227,0.6100999712944031,0.6100999712944031,5101,0.0,0.0
2023-10-06 13:30:00-04:00,0.6100000143051147,0.6100000143051147,0.6100000143051147,0.6100000143051147,166,0.0,0.0
2023-10-06 14:30:00-04:00,0.6100000143051147,0.6499999761581421,0.6100000143051147,0.6380000114440918,575,0.0,0.0
2023-10-06 15:30:00-04:00,0.6349999904632568,0.6660000085830688,0.5960000157356262,0.621999979019165,1493,0.0,0.0
2023-10-09 09:30:00-04:00,0.614799976348877,0.614799976348877,0.5710999965667725,0.5974000096321106,928,0.0,0.0
2023-10-09 10:30:00-04:00,0.5800999999046326,0.5801010131835938,0.5799999833106995,0.5800009965896606,8455,0.0,0.0
2023-10-09 11:30:00-04:00,0.5799999833106995,0.5899999737739563,0.5799999833106995,0.5899999737739563,459,0.0,0.0
2023-10-09 12:30:00-04:00,0.5947999954223633,0.5947999954223633,0.5946999788284302,0.5946999788284302,497,0.0,0.0
2023-10-09 13:30:00-04:00,0.5821999907493591,0.5821999907493591,0.5821999907493591,0.5821999907493591,520,0.0,0.0
2023-10-09 14:30:00-04:00,0.5810999870300293,0.5810999870300293,0.5809999704360962,0.5809999704360962,290,0.0,0.0
2023-10-09 15:30:00-04:00,0.5820000171661377,0.5820000171661377,0.574999988079071,0.574999988079071,7478,0.0,0.0
2023-10-10 09:30:00-04:00,0.5699999928474426,0.6306999921798706,0.5699999928474426,0.6000000238418579,777,0.0,0.0
2023-10-10 10:30:00-04:00,0.6000000238418579,0.6100000143051147,0.6000000238418579,0.6100000143051147,307,0.0,0.0
2023-10-10 11:30:00-04:00,0.6299999952316284,0.6299999952316284,0.6113989949226379,0.6113989949226379,532,0.0,0.0
2023-10-10 12:30:00-04:00,0.5928000211715698,0.6000000238418579,0.5928000211715698,0.6000000238418579,511,0.0,0.0
2023-10-10 13:30:00-04:00,0.6299999952316284,0.6299999952316284,0.5928000211715698,0.5928000211715698,0,0.0,0.0
2023-10-11 09:30:00-04:00,0.5710999965667725,0.66839998960495,0.5710999965667725,0.6399999856948853,5117,0.0,0.0
2023-10-11 11:30:00-04:00,0.6200000047683716,0.6499999761581421,0.6200000047683716,0.6200000047683716,542,0.0,0.0
2023-10-11 12:30:00-04:00,0.6200000047683716,0.6200000047683716,0.6200000047683716,0.6200000047683716,585,0.0,0.0
2023-10-11 13:30:00-04:00,0.6200000047683716,0.6224259734153748,0.6200000047683716,0.6224259734153748,1973,0.0,0.0
2023-10-11 15:30:00-04:00,0.6100999712944031,0.6699000000953674,0.6100999712944031,0.6100999712944031,1238,0.0,0.0
2023-10-12 09:30:00-04:00,0.5777000188827515,0.5777000188827515,0.5777000188827515,0.5777000188827515,892,0.0,0.0
2023-10-12 12:30:00-04:00,0.5899999737739563,0.5899999737739563,0.5899999737739563,0.5899999737739563,119,0.0,0.0
2023-10-12 13:30:00-04:00,0.5899999737739563,0.5899999737739563,0.5899999737739563,0.5899999737739563,559,0.0,0.0
2023-10-12 15:30:00-04:00,0.5899999737739563,0.5899999737739563,0.5799999833106995,0.5799999833106995,0,0.0,0.0
2023-10-13 11:30:00-04:00,0.609000027179718,0.609000027179718,0.609000027179718,0.609000027179718,457,0.0,0.0
2023-10-13 12:30:00-04:00,0.5799999833106995,0.6169999837875366,0.5799999833106995,0.5799999833106995,1987,0.0,0.0
2023-10-13 13:30:00-04:00,0.5899999737739563,0.5899999737739563,0.5899999737739563,0.5899999737739563,129,0.0,0.0
2023-10-13 14:30:00-04:00,0.6200000047683716,0.6200000047683716,0.5899999737739563,0.5899999737739563,830,0.0,0.0
2023-10-13 15:30:00-04:00,0.5786010026931763,0.5786010026931763,0.5786010026931763,0.5786010026931763,100,0.0,0.0
2023-10-16 09:30:00-04:00,0.6017000079154968,0.6017000079154968,0.6017000079154968,0.6017000079154968,0,0.0,0.0
2023-10-16 10:30:00-04:00,0.6000000238418579,0.6000000238418579,0.5699999928474426,0.5699999928474426,1973,0.0,0.0
2023-10-16 11:30:00-04:00,0.5960000157356262,0.6000000238418579,0.5960000157356262,0.6000000238418579,328,0.0,0.0
2023-10-16 12:30:00-04:00,0.6050000190734863,0.6050000190734863,0.6000000238418579,0.6000000238418579,1552,0.0,0.0
2023-10-16 13:30:00-04:00,0.6050000190734863,0.609000027179718,0.5699999928474426,0.5849990248680115,5562,0.0,0.0
2023-10-16 14:30:00-04:00,0.5855010151863098,0.5920000076293945,0.5835000276565552,0.5920000076293945,2360,0.0,0.0
2023-10-16 15:30:00-04:00,0.5715000033378601,0.5799999833106995,0.5659999847412109,0.5799999833106995,5006,0.0,0.0
2023-10-17 09:30:00-04:00,0.5995000004768372,0.7099999785423279,0.5789999961853027,0.6039999723434448,0,0.0,0.0
2023-10-17 10:30:00-04:00,0.6700000166893005,0.6700000166893005,0.6100000143051147,0.6259999871253967,3358,0.0,0.0
2023-10-17 11:30:00-04:00,0.6100000143051147,0.6848999857902527,0.6100000143051147,0.6187499761581421,999,0.0,0.0
2023-10-17 12:30:00-04:00,0.6187499761581421,0.6187499761581421,0.6100000143051147,0.6179999709129333,873,0.0,0.0
2023-10-17 13:30:00-04:00,0.5979999899864197,0.6050000190734863,0.5979999899864197,0.6050000190734863,772,0.0,0.0
2023-10-17 14:30:00-04:00,0.6050000190734863,0.6100000143051147,0.6050000190734863,0.6100000143051147,1475,0.0,0.0
2023-10-17 15:30:00-04:00,0.6100000143051147,0.6100000143051147,0.6100000143051147,0.6100000143051147,105,0.0,0.0
2023-10-18 09:30:00-04:00,0.5839999914169312,0.595300018787384,0.5839999914169312,0.595300018787384,2869,0.0,0.0
2023-10-18 10:30:00-04:00,0.595300018787384,0.595300018787384,0.5710999965667725,0.5710999965667725,1918,0.0,0.0
2023-10-18 12:30:00-04:00,0.5710999965667725,0.5710999965667725,0.5699999928474426,0.5699999928474426,1038,0.0,0.0
2023-10-18 15:30:00-04:00,0.5659999847412109,0.5659999847412109,0.5659999847412109,0.5659999847412109,0,0.0,0.0
2023-10-19 10:30:00-04:00,0.5605000257492065,0.5899999737739563,0.550000011920929,0.5600000023841858,9261,0.0,0.0
2023-10-19 11:30:00-04:00,0.5600000023841858,0.5899999737739563,0.5400000214576721,0.550000011920929,22435,0.0,0.0
2023-10-19 13:30:00-04:00,0.550000011920929,0.550000011920929,0.5400000214576721,0.550000011920929,4414,0.0,0.0
2023-10-19 15:30:00-04:00,0.5400000214576721,0.5400000214576721,0.5400000214576721,0.5400000214576721,151,0.0,0.0
2023-10-20 09:30:00-04:00,0.5699999928474426,0.5699999928474426,0.5699999928474426,0.5699999928474426,364,0.0,0.0
2023-10-20 10:30:00-04:00,0.5699999928474426,0.6100000143051147,0.5400000214576721,0.5583000183105469,7647,0.0,0.0
2023-10-20 11:30:00-04:00,0.5400000214576721,0.5899999737739563,0.5299999713897705,0.5899999737739563,7162,0.0,0.0
2023-10-20 12:30:00-04:00,0.5649999976158142,0.5649999976158142,0.5649999976158142,0.5649999976158142,245,0.0,0.0
2023-10-20 13:30:00-04:00,0.550000011920929,0.550000011920929,0.550000011920929,0.550000011920929,500,0.0,0.0
2023-10-20 14:30:00-04:00,0.5600000023841858,0.5600000023841858,0.5400000214576721,0.5400000214576721,230,0.0,0.0
2023-10-20 15:30:00-04:00,0.550000011920929,0.5649999976158142,0.550000011920929,0.5649999976158142,411,0.0,0.0
2023-10-23 09:30:00-04:00,0.5400000214576721,0.5601000189781189,0.5400000214576721,0.5546500086784363,1927,0.0,0.0
2023-10-23 10:30:00-04:00,0.5509999990463257,0.5899999737739563,0.550000011920929,0.550000011920929,6528,0.0,0.0
2023-10-23 12:30:00-04:00,0.5410000085830688,0.5410000085830688,0.5410000085830688,0.5410000085830688,3402,0.0,0.0
2023-10-23 13:30:00-04:00,0.5410000085830688,0.5410000085830688,0.5410000085830688,0.5410000085830688,120,0.0,0.0
2023-10-24 09:30:00-04:00,0.6000000238418579,0.6000000238418579,0.5350000262260437,0.5350000262260437,0,0.0,0.0
2023-10-24 10:30:00-04:00,0.5540000200271606,0.5540000200271606,0.5540000200271606,0.5540000200271606,236,0.0,0.0
2023-10-24 11:30:00-04:00,0.550000011920929,0.5525000095367432,0.550000011920929,0.550000011920929,612,0.0,0.0
2023-10-24 12:30:00-04:00,0.5350000262260437,0.5350000262260437,0.5350000262260437,0.5350000262260437,168,0.0,0.0
2023-10-24 13:30:00-04:00,0.5360999703407288,0.5400000214576721,0.5360999703407288,0.5379999876022339,1677,0.0,0.0
2023-10-24 15:30:00-04:00,0.5379999876022339,0.5379999876022339,0.5379999876022339,0.5379999876022339,305,0.0,0.0
2023-10-25 09:30:00-04:00,0.5299999713897705,0.5299999713897705,0.5299999713897705,0.5299999713897705,0,0.0,0.0
2023-10-25 10:30:00-04:00,0.5299999713897705,0.5400000214576721,0.5299999713897705,0.5400000214576721,1504,0.0,0.0
2023-10-25 12:30:00-04:00,0.5509999990463257,0.5674999952316284,0.5350000262260437,0.5350000262260437,1283,0.0,0.0
2023-10-25 14:30:00-04:00,0.550000011920929,0.550000011920929,0.550000011920929,0.550000011920929,1086,0.0,0.0
2023-10-26 09:30:00-04:00,0.5199999809265137,0.5199999809265137,0.5199999809265137,0.5199999809265137,2665,0.0,0.0
2023-10-26 10:30:00-04:00,0.5199999809265137,0.5249999761581421,0.5199999809265137,0.5199999809265137,1500,0.0,0.0
2023-10-26 11:30:00-04:00,0.5199999809265137,0.531000018119812,0.5199999809265137,0.5299999713897705,11573,0.0,0.0
2023-10-26 12:30:00-04:00,0.5210000276565552,0.5709999799728394,0.5210000276565552,0.5446789860725403,4102,0.0,0.0
2023-10-26 14:30:00-04:00,0.5220000147819519,0.5320000052452087,0.5199999809265137,0.5199999809265137,7882,0.0,0.0
2023-10-26 15:30:00-04:00,0.5249999761581421,0.5550000071525574,0.515500009059906,0.550000011920929,1464,0.0,0.0
2023-10-27 10:30:00-04:00,0.531000018119812,0.531000018119812,0.5299999713897705,0.5299999713897705,1714,0.0,0.0
2023-10-27 11:30:00-04:00,0.531000018119812,0.531000018119812,0.5099999904632568,0.5099999904632568,6005,0.0,0.0
2023-10-27 13:30:00-04:00,0.5249999761581421,0.5249999761581421,0.5249999761581421,0.5249999761581421,166,0.0,0.0
2023-10-27 14:30:00-04:00,0.527999997138977,0.542900025844574,0.527999997138977,0.542900025844574,1141,0.0,0.0
2023-10-27 15:30:00-04:00,0.5199999809265137,0.5324000120162964,0.5199999809265137,0.5324000120162964,1144,0.0,0.0
2023-10-30 09:30:00-04:00,0.49050000309944153,0.5529999732971191,0.49050000309944153,0.49059998989105225,12385,0.0,0.0
2023-10-30 10:30:00-04:00,0.5049999952316284,0.5049999952316284,0.49050000309944153,0.491225004196167,5646,0.0,0.0
2023-10-30 11:30:00-04:00,0.4952000081539154,0.5051000118255615,0.49000000953674316,0.5051000118255615,7101,0.0,0.0
2023-10-30 12:30:00-04:00,0.49000000953674316,0.49000000953674316,0.49000000953674316,0.49000000953674316,582,0.0,0.0
2023-10-30 13:30:00-04:00,0.4909999966621399,0.4975000023841858,0.4909999966621399,0.4975000023841858,230,0.0,0.0
2023-10-30 14:30:00-04:00,0.5,0.5199999809265137,0.49000000953674316,0.5197499990463257,5962,0.0,0.0
2023-10-30 15:30:00-04:00,0.5149999856948853,0.5149999856948853,0.5,0.5,1528,0.0,0.0
2023-10-31 09:30:00-04:00,0.5,0.5001000165939331,0.49000000953674316,0.49000000953674316,4626,0.0,0.0
2023-10-31 10:30:00-04:00,0.49000000953674316,0.49000000953674316,0.49000000953674316,0.49000000953674316,425,0.0,0.0
2023-10-31 11:30:00-04:00,0.48500001430511475,0.48500001430511475,0.48500001430511475,0.48500001430511475,773,0.0,0.0
2023-10-31 12:30:00-04:00,0.5,0.5,0.5,0.5,1032,0.0,0.0
2023-10-31 14:30:00-04:00,0.4869999885559082,0.4869999885559082,0.4869999885559082,0.4869999885559082,300,0.0,0.0
2023-10-31 15:30:00-04:00,0.4880000054836273,0.4880000054836273,0.4869999885559082,0.4869999885559082,894,0.0,0.0
2023-11-01 09:30:00-04:00,0.48500001430511475,0.48500001430511475,0.48500001430511475,0.48500001430511475,555,0.0,0.0
2023-11-01 10:30:00-04:00,0.48500001430511475,0.5099999904632568,0.48500001430511475,0.5099999904632568,874,0.0,0.0
2023-11-01 11:30:00-04:00,0.5,0.5,0.48500001430511475,0.48500001430511475,234,0.0,0.0
2023-11-01 12:30:00-04:00,0.5,0.5,0.5,0.5,237,0.0,0.0
2023-11-01 13:30:00-04:00,0.48500001430511475,0.48500001430511475,0.48500001430511475,0.48500001430511475,208,0.0,0.0
2023-11-01 14:30:00-04:00,0.48500001430511475,0.48500001430511475,0.48500001430511475,0.48500001430511475,738,0.0,0.0
2023-11-01 15:30:00-04:00,0.48500001430511475,0.48829999566078186,0.48500001430511475,0.48829999566078186,1071,0.0,0.0
2023-11-02 09:30:00-04:00,0.47999998927116394,0.47999998927116394,0.47999998927116394,0.47999998927116394,0,0.0,0.0
2023-11-02 10:30:00-04:00,0.48100000619888306,0.5150009989738464,0.48100000619888306,0.5150009989738464,1083,0.0,0.0
2023-11-02 11:30:00-04:00,0.47999998927116394,0.47999998927116394,0.47999998927116394,0.47999998927116394,125,0.0,0.0
2023-11-02 12:30:00-04:00,0.5,0.5,0.470550000667572,0.47099998593330383,3708,0.0,0.0
2023-11-02 13:30:00-04:00,0.4749999940395355,0.48249998688697815,0.4749999940395355,0.47999998927116394,4572,0.0,0.0
2023-11-02 14:30:00-04:00,0.47699999809265137,0.47699999809265137,0.47699999809265137,0.47699999809265137,590,0.0,0.0
2023-11-02 15:30:00-04:00,0.47699999809265137,0.49000000953674316,0.47699999809265137,0.47699999809265137,1938,0.0,0.0
2023-11-03 09:30:00-04:00,0.48989999294281006,0.4948999881744385,0.48989900946617126,0.4948999881744385,8390,0.0,0.0
2023-11-03 10:30:00-04:00,0.4948999881744385,0.4948999881744385,0.4948999881744385,0.4948999881744385,162,0.0,0.0
2023-11-03 11:30:00-04:00,0.5199999809265137,0.5199999809265137,0.4943999946117401,0.4943999946117401,674,0.0,0.0
2023-11-03 12:30:00-04:00,0.49000000953674316,0.49000000953674316,0.47049999237060547,0.47049999237060547,1371,0.0,0.0
2023-11-03 13:30:00-04:00,0.4699999988079071,0.4699999988079071,0.4611009955406189,0.4699999988079071,3107,0.0,0.0
2023-11-03 14:30:00-04:00,0.46399998664855957,0.4650000035762787,0.46399998664855957,0.4650000035762787,217,0.0,0.0
2023-11-03 15:30:00-04:00,0.4650000035762787,0.4699999988079071,0.46399998664855957,0.46399998664855957,6908,0.0,0.0
2023-11-06 11:30:00-05:00,0.49000000953674316,0.49000000953674316,0.460999995470047,0.4611000120639801,713,0.0,0.0
2023-11-06 12:30:00-05:00,0.460999995470047,0.460999995470047,0.460999995470047,0.460999995470047,603,0.0,0.0
2023-11-06 13:30:00-05:00,0.460099995136261,0.460099995136261,0.460099995136261,0.460099995136261,1070,0.0,0.0
2023-11-06 14:30:00-05:00,0.46000000834465027,0.4645000100135803,0.46000000834465027,0.4645000100135803,444,0.0,0.0
2023-11-06 15:30:00-05:00,0.46000000834465027,0.460099995136261,0.46000000834465027,0.46000000834465027,1093,0.0,0.0
2023-11-07 09:30:00-05:00,0.4690000116825104,0.46950000524520874,0.45500001311302185,0.46000000834465027,2692,0.0,0.0
2023-11-07 11:30:00-05:00,0.45100000500679016,0.45100000500679016,0.45100000500679016,0.45100000500679016,161,0.0,0.0
2023-11-07 12:30:00-05:00,0.46000000834465027,0.46000000834465027,0.46000000834465027,0.46000000834465027,1635,0.0,0.0
2023-11-07 13:30:00-05:00,0.45100000500679016,0.45100000500679016,0.45100000500679016,0.45100000500679016,299,0.0,0.0
2023-11-07 14:30:00-05:00,0.45500001311302185,0.4560000002384186,0.45500001311302185,0.4560000002384186,483,0.0,0.0
2023-11-07 15:30:00-05:00,0.4560000002384186,0.4560000002384186,0.45500001311302185,0.4560000002384186,889,0.0,0.0
2023-11-08 09:30:00-05:00,0.45500001311302185,0.45500001311302185,0.4399999976158142,0.4410000145435333,15314,0.0,0.0
2023-11-08 10:30:00-05:00,0.4399999976158142,0.44999998807907104,0.4399999976158142,0.44999998807907104,1068,0.0,0.0
2023-11-08 11:30:00-05:00,0.44999998807907104,0.44999998807907104,0.42100000381469727,0.42100000381469727,1606,0.0,0.0
2023-11-08 12:30:00-05:00,0.42100000381469727,0.4399999976158142,0.42010000348091125,0.4300000071525574,11750,0.0,0.0
2023-11-08 13:30:00-05:00,0.4399999976158142,0.4399999976158142,0.42100000381469727,0.42500001192092896,1526,0.0,0.0
2023-11-08 14:30:00-05:00,0.421999990940094,0.421999990940094,0.4002000093460083,0.4002000093460083,16427,0.0,0.0
2023-11-08 15:30:00-05:00,0.4099999964237213,0.4099999964237213,0.4000000059604645,0.4000000059604645,16595,0.0,0.0
2023-11-09 09:30:00-05:00,0.4099999964237213,0.4099999964237213,0.3919999897480011,0.4000999927520752,839,0.0,0.0
2023-11-09 10:30:00-05:00,0.4000999927520752,0.4399999976158142,0.4000000059604645,0.4000999927520752,2712,0.0,0.0
2023-11-09 11:30:00-05:00,0.4000000059604645,0.4009999930858612,0.4000000059604645,0.4000000059604645,1750,0.0,0.0
2023-11-09 12:30:00-05:00,0.4000000059604645,0.4000999927520752,0.4000000059604645,0.4000000059604645,1183,0.0,0.0
2023-11-09 13:30:00-05:00,0.4000000059604645,0.4000000059604645,0.39500001072883606,0.39500001072883606,1131,0.0,0.0
2023-11-09 14:30:00-05:00,0.39559999108314514,0.39559999108314514,0.39500001072883606,0.39500001072883606,4145,0.0,0.0
2023-11-09 15:30:00-05:00,0.39500001072883606,0.39500001072883606,0.3714999854564667,0.3799999952316284,37059,0.0,0.0
2023-11-10 09:30:00-05:00,0.3799999952316284,0.3799999952316284,0.3799999952316284,0.3799999952316284,113,0.0,0.0
2023-11-10 10:30:00-05:00,0.3799999952316284,0.3799999952316284,0.3799999952316284,0.3799999952316284,116,0.0,0.0
2023-11-10 11:30:00-05:00,0.3801000118255615,0.38530001044273376,0.3499999940395355,0.3499999940395355,14731,0.0,0.0
2023-11-10 12:30:00-05:00,0.36000001430511475,0.36000001430511475,0.36000001430511475,0.36000001430511475,177,0.0,0.0
2023-11-10 13:30:00-05:00,0.36000001430511475,0.36000001430511475,0.3499999940395355,0.3499999940395355,344,0.0,0.0
2023-11-10 14:30:00-05:00,0.41999998688697815,0.4399999976158142,0.3499999940395355,0.3700000047683716,2163,0.0,0.0
2023-11-10 15:30:00-05:00,0.3499999940395355,0.3499999940395355,0.3199999928474426,0.33000001311302185,25854,0.0,0.0
2023-11-13 09:30:00-05:00,0.3100999891757965,0.3100999891757965,0.3100999891757965,0.3100999891757965,731,0.0,0.0
2023-11-13 10:30:00-05:00,0.3855000138282776,0.38999998569488525,0.3089999854564667,0.3089999854564667,8431,0.0,0.0
2023-11-13 11:30:00-05:00,0.3066689968109131,0.3100000023841858,0.30010101199150085,0.3052000105381012,6683,0.0,0.0
2023-11-13 12:30:00-05:00,0.3400000035762787,0.3400000035762787,0.3109999895095825,0.33799999952316284,6500,0.0,0.0
2023-11-13 13:30:00-05:00,0.33799999952316284,0.33799999952316284,0.3100999891757965,0.3100999891757965,1039,0.0,0.0
2023-11-13 14:30:00-05:00,0.30889999866485596,0.3799999952316284,0.30000001192092896,0.3199999928474426,62848,0.0,0.0
2023-11-13 15:30:00-05:00,0.3199999928474426,0.3799999952316284,0.30000001192092896,0.33869999647140503,22258,0.0,0.0
2023-11-14 09:30:00-05:00,0.3050000071525574,0.36000001430511475,0.29330000281333923,0.32339999079704285,41781,0.0,0.0
2023-11-14 10:30:00-05:00,0.36000001430511475,0.36000001430511475,0.28999999165534973,0.3140000104904175,62263,0.0,0.0
2023-11-14 11:30:00-05:00,0.29499998688697815,0.329800009727478,0.29499998688697815,0.3102000057697296,27164,0.0,0.0
2023-11-14 12:30:00-05:00,0.31204599142074585,0.323199987411499,0.3003000020980835,0.3050000071525574,20664,0.0,0.0
2023-11-14 13:30:00-05:00,0.3070000112056732,0.323199987411499,0.30160000920295715,0.3199999928474426,30398,0.0,0.0
2023-11-14 14:30:00-05:00,0.3151000142097473,0.3425000011920929,0.3151000142097473,0.32827499508857727,9903,0.0,0.0
2023-11-14 15:30:00-05:00,0.3151000142097473,0.3325499892234802,0.2619999945163727,0.2619999945163727,26813,0.0,0.0
2023-11-15 09:30:00-05:00,0.3199999928474426,0.4000000059604645,0.3199999928474426,0.3700009882450104,89448,0.0,0.0
2023-11-15 10:30:00-05:00,0.3700000047683716,0.3702000081539154,0.3700000047683716,0.3700000047683716,5765,0.0,0.0
2023-11-15 11:30:00-05:00,0.38999998569488525,0.38999998569488525,0.3700000047683716,0.38999998569488525,4578,0.0,0.0
2023-11-15 12:30:00-05:00,0.3815020024776459,0.390500009059906,0.3700000047683716,0.3700000047683716,12387,0.0,0.0
2023-11-15 13:30:00-05:00,0.38999998569488525,0.38999998569488525,0.36010000109672546,0.36010000109672546,1666,0.0,0.0
2023-11-15 14:30:00-05:00,0.36010000109672546,0.3774999976158142,0.35499998927116394,0.35499998927116394,22531,0.0,0.0
2023-11-15 15:30:00-05:00,0.35499998927116394,0.38989999890327454,0.35499998927116394,0.36500000953674316,43992,0.0,0.0
2023-11-16 09:30:00-05:00,0.30000001192092896,0.3889000117778778,0.30000001192092896,0.3889000117778778,20531,0.0,0.0
2023-11-16 10:30:00-05:00,0.38989999890327454,0.4083999991416931,0.3889999985694885,0.4083999991416931,9581,0.0,0.0
2023-11-16 11:30:00-05:00,0.41339999437332153,0.41339999437332153,0.3499999940395355,0.3749009966850281,28926,0.0,0.0
2023-11-16 12:30:00-05:00,0.3921999931335449,0.3921999931335449,0.36779001355171204,0.36980000138282776,1956,0.0,0.0
2023-11-16 13:30:00-05:00,0.3700000047683716,0.3700000047683716,0.33000001311302185,0.36500000953674316,44321,0.0,0.0
2023-11-16 14:30:00-05:00,0.36500000953674316,0.5,0.3569999933242798,0.41499999165534973,117384,0.0,0.0
2023-11-16 15:30:00-05:00,0.4168350100517273,0.46000000834465027,0.4168350100517273,0.4429999887943268,5400,0.0,0.0
2023-11-17 09:30:00-05:00,0.43939998745918274,0.46700000762939453,0.43939998745918274,0.46239998936653137,10467,0.0,0.0
2023-11-17 10:30:00-05:00,0.5,0.5,0.45399999618530273,0.49000000953674316,6311,0.0,0.0
2023-11-17 11:30:00-05:00,0.48499900102615356,0.49000000953674316,0.48499900102615356,0.49000000953674316,4088,0.0,0.0
2023-11-17 12:30:00-05:00,0.49050000309944153,0.5,0.47999998927116394,0.4900999963283539,1936,0.0,0.0
2023-11-17 13:30:00-05:00,0.5065010190010071,0.520101010799408,0.5065010190010071,0.520101010799408,1418,0.0,0.0
2023-11-17 14:30:00-05:00,0.539900004863739,0.5580000281333923,0.5300999879837036,0.5580000281333923,3483,0.0,0.0
2023-11-17 15:30:00-05:00,0.578000009059906,0.5899999737739563,0.5400000214576721,0.5525000095367432,19948,0.0,0.0
2023-11-20 09:30:00-05:00,0.5699999928474426,0.5699999928474426,0.5199999809265137,0.5199999809265137,8360,0.0,0.0
2023-11-20 10:30:00-05:00,0.5299999713897705,0.5329999923706055,0.49000000953674316,0.5325000286102295,1730,0.0,0.0
2023-11-20 11:30:00-05:00,0.5133500099182129,0.5404999852180481,0.4862000048160553,0.5400000214576721,2045,0.0,0.0
2023-11-20 12:30:00-05:00,0.5401290059089661,0.550000011920929,0.539900004863739,0.5450000166893005,14881,0.0,0.0
2023-11-20 13:30:00-05:00,0.491100013256073,0.5389999747276306,0.491100013256073,0.5389999747276306,404,0.0,0.0
2023-11-20 14:30:00-05:00,0.524599015712738,0.5299999713897705,0.524599015712738,0.5246000289916992,1451,0.0,0.0
2023-11-20 15:30:00-05:00,0.5299999713897705,0.5491999983787537,0.5199999809265137,0.5210000276565552,0,0.0,0.0
2023-11-21 09:30:00-05:00,0.5378789901733398,0.5378789901733398,0.5188999772071838,0.5188999772071838,3976,0.0,0.0
2023-11-21 10:30:00-05:00,0.5099999904632568,0.5099999904632568,0.5099999904632568,0.5099999904632568,5276,0.0,0.0
2023-11-21 11:30:00-05:00,0.5099999904632568,0.5099999904632568,0.5001999735832214,0.5001999735832214,704,0.0,0.0
2023-11-21 12:30:00-05:00,0.5389999747276306,0.5389999747276306,0.5001999735832214,0.5002009868621826,3628,0.0,0.0
2023-11-21 13:30:00-05:00,0.5200989842414856,0.5200989842414856,0.5200989842414856,0.5200989842414856,758,0.0,0.0
2023-11-21 15:30:00-05:00,0.503000020980835,0.5400000214576721,0.503000020980835,0.5181000232696533,604,0.0,0.0
2023-11-22 09:30:00-05:00,0.5235000252723694,0.5400000214576721,0.4700999855995178,0.49000000953674316,8916,0.0,0.0
2023-11-22 10:30:00-05:00,0.49000000953674316,0.510001003742218,0.4699999988079071,0.4699999988079071,14646,0.0,0.0
2023-11-22 11:30:00-05:00,0.5049999952316284,0.5339999794960022,0.502498984336853,0.502498984336853,4988,0.0,0.0
2023-11-22 12:30:00-05:00,0.4700010120868683,0.4700010120868683,0.4699999988079071,0.4699999988079071,2210,0.0,0.0
2023-11-22 14:30:00-05:00,0.48100000619888306,0.48100000619888306,0.48100000619888306,0.48100000619888306,148,0.0,0.0
2023-11-22 15:30:00-05:00,0.5024999976158142,0.5024999976158142,0.48100000619888306,0.48100000619888306,896,0.0,0.0
2023-11-24 10:30:00-05:00,0.5009999871253967,0.5099999904632568,0.5009999871253967,0.5099999904632568,294,0.0,0.0
2023-11-24 11:30:00-05:00,0.5099999904632568,0.5199000239372253,0.5,0.5,1880,0.0,0.0
2023-11-24 12:30:00-05:00,0.48100000619888306,0.48100000619888306,0.44999998807907104,0.44999998807907104,0,0.0,0.0
2023-11-27 09:30:00-05:00,0.46000000834465027,0.49000000953674316,0.44999998807907104,0.4560000002384186,13249,0.0,0.0
2023-11-27 10:30:00-05:00,0.46000000834465027,0.46000000834465027,0.4569999873638153,0.4569999873638153,346,0.0,0.0
2023-11-27 11:30:00-05:00,0.4560000002384186,0.47999998927116394,0.4560000002384186,0.47999998927116394,518,0.0,0.0
2023-11-27 12:30:00-05:00,0.47999998927116394,0.47999998927116394,0.44999998807907104,0.47999998927116394,6479,0.0,0.0
2023-11-27 13:30:00-05:00,0.47999998927116394,0.47999998927116394,0.47999998927116394,0.47999998927116394,463,0.0,0.0
2023-11-27 14:30:00-05:00,0.47999998927116394,0.47999998927116394,0.47999998927116394,0.47999998927116394,329,0.0,0.0
2023-11-27 15:30:00-05:00,0.4699999988079071,0.4699999988079071,0.4569999873638153,0.4699999988079071,1144,0.0,0.0
2023-11-28 09:30:00-05:00,0.4399999976158142,0.4399999976158142,0.4399999976158142,0.4399999976158142,239,0.0,0.0
2023-11-28 10:30:00-05:00,0.4401000142097473,0.4401000142097473,0.4401000142097473,0.4401000142097473,463,0.0,0.0
2023-11-28 12:30:00-05:00,0.4699999988079071,0.4699999988079071,0.4699999988079071,0.4699999988079071,797,0.0,0.0
2023-11-28 13:30:00-05:00,0.4699999988079071,0.4699999988079071,0.4401000142097473,0.4401000142097473,645,0.0,0.0
2023-11-28 14:30:00-05:00,0.4677000045776367,0.4677000045776367,0.46000000834465027,0.46000000834465027,471,0.0,0.0
2023-11-28 15:30:00-05:00,0.4677000045776367,0.5270000100135803,0.4401000142097473,0.4410000145435333,0,0.0,0.0
2023-11-29 09:30:00-05:00,0.5098999738693237,0.5098999738693237,0.460999995470047,0.460999995470047,3753,0.0,0.0
2023-11-29 10:30:00-05:00,0.460999995470047,0.460999995470047,0.44999998807907104,0.44999998807907104,6707,0.0,0.0
2023-11-29 11:30:00-05:00,0.4410000145435333,0.486952006816864,0.40220001339912415,0.4674589931964874,17966,0.0,0.0
2023-11-29 12:30:00-05:00,0.46000000834465027,0.46000000834465027,0.421438992023468,0.421438992023468,5278,0.0,0.0
2023-11-29 13:30:00-05:00,0.4399999976158142,0.49000000953674316,0.4300000071525574,0.48989999294281006,11935,0.0,0.0
2023-11-29 14:30:00-05:00,0.48989999294281006,0.48989999294281006,0.4399999976158142,0.46000000834465027,4518,0.0,0.0
2023-11-29 15:30:00-05:00,0.46000000834465027,0.46000000834465027,0.46000000834465027,0.46000000834465027,132,0.0,0.0
2023-11-30 09:30:00-05:00,0.5600000023841858,0.5600000023841858,0.4009000062942505,0.4499000012874603,5247,0.0,0.0
2023-11-30 10:30:00-05:00,0.4350000023841858,0.44200000166893005,0.4174000024795532,0.4301010072231293,1374,0.0,0.0
2023-11-30 12:30:00-05:00,0.4749999940395355,0.4998989999294281,0.4749999940395355,0.4998989999294281,1419,0.0,0.0
2023-11-30 13:30:00-05:00,0.49900001287460327,0.5199999809265137,0.4986779987812042,0.5188000202178955,27918,0.0,0.0
2023-11-30 14:30:00-05:00,0.5,0.5099999904632568,0.460099995136261,0.4699999988079071,3457,0.0,0.0
2023-11-30 15:30:00-05:00,0.47999998927116394,0.4999000132083893,0.46000000834465027,0.4999000132083893,15250,0.0,0.0
2023-12-01 09:30:00-05:00,0.47510001063346863,0.4799000024795532,0.47510001063346863,0.4799000024795532,939,0.0,0.0
2023-12-01 10:30:00-05:00,0.45249998569488525,0.45249998569488525,0.42879998683929443,0.4499000012874603,18231,0.0,0.0
2023-12-01 11:30:00-05:00,0.44999998807907104,0.4706999957561493,0.4449999928474426,0.4449999928474426,4731,0.0,0.0
2023-12-01 12:30:00-05:00,0.44999998807907104,0.44999998807907104,0.4449999928474426,0.4449999928474426,5575,0.0,0.0
2023-12-01 13:30:00-05:00,0.44999998807907104,0.44999998807907104,0.44999998807907104,0.44999998807907104,4226,0.0,0.0
2023-12-01 14:30:00-05:00,0.45304998755455017,0.4794999957084656,0.4359999895095825,0.4361000061035156,57458,0.0,0.0
2023-12-01 15:30:00-05:00,0.43619999289512634,0.4399999976158142,0.42879998683929443,0.4345239996910095,24528,0.0,0.0
2023-12-04 09:30:00-05:00,0.43860000371932983,0.44999998807907104,0.43860000371932983,0.44999998807907104,630,0.0,0.0
2023-12-04 10:30:00-05:00,0.4799000024795532,0.4799000024795532,0.44999998807907104,0.44999998807907104,410,0.0,0.0
2023-12-04 11:30:00-05:00,0.4668999910354614,0.4668999910354614,0.44999998807907104,0.46000000834465027,1900,0.0,0.0
2023-12-04 12:30:00-05:00,0.4699999988079071,0.4699999988079071,0.4699999988079071,0.4699999988079071,717,0.0,0.0
2023-12-04 13:30:00-05:00,0.4690000116825104,0.4796000123023987,0.45010000467300415,0.46000000834465027,5708,0.0,0.0
2023-12-04 14:30:00-05:00,0.4569999873638153,0.4796000123023987,0.44999998807907104,0.4796000123023987,488,0.0,0.0
2023-12-04 15:30:00-05:00,0.4625000059604645,0.47450000047683716,0.44999998807907104,0.44999998807907104,1966,0.0,0.0
2023-12-05 09:30:00-05:00,0.4271000027656555,0.46000000834465027,0.41999998688697815,0.4300000071525574,65719,0.0,0.0
2023-12-05 11:30:00-05:00,0.44940000772476196,0.44940000772476196,0.4309999942779541,0.44940000772476196,545,0.0,0.0
2023-12-05 12:30:00-05:00,0.4410000145435333,0.44940000772476196,0.43970000743865967,0.44940000772476196,1164,0.0,0.0
2023-12-05 13:30:00-05:00,0.45969998836517334,0.5395990014076233,0.45969998836517334,0.5099999904632568,19713,0.0,0.0
2023-12-05 14:30:00-05:00,0.4900999963283539,0.5145999789237976,0.49000000953674316,0.5145999789237976,7582,0.0,0.0
2023-12-05 15:30:00-05:00,0.490200012922287,0.49300000071525574,0.490200012922287,0.4902999997138977,0,0.0,0.0
2023-12-06 09:30:00-05:00,0.5001000165939331,0.5400000214576721,0.5001000165939331,0.5001999735832214,1718,0.0,0.0
2023-12-06 10:30:00-05:00,0.5001000165939331,0.5200999975204468,0.5,0.5,3751,0.0,0.0
2023-12-06 11:30:00-05:00,0.5,0.5001000165939331,0.5,0.5,1000,0.0,0.0
2023-12-06 12:30:00-05:00,0.515500009059906,0.515500009059906,0.5009999871253967,0.5009999871253967,1553,0.0,0.0
2023-12-06 13:30:00-05:00,0.5009999871253967,0.5009999871253967,0.4909999966621399,0.4909999966621399,5650,0.0,0.0
2023-12-06 14:30:00-05:00,0.5199999809265137,0.5199999809265137,0.5099999904632568,0.5099999904632568,376,0.0,0.0
2023-12-06 15:30:00-05:00,0.5099999904632568,0.5241000056266785,0.5,0.5,0,0.0,0.0
2023-12-07 09:30:00-05:00,0.5299999713897705,0.5299999713897705,0.5,0.5,18868,0.0,0.0
2023-12-07 10:30:00-05:00,0.5009999871253967,0.5260000228881836,0.5009999871253967,0.5200999975204468,7463,0.0,0.0
2023-12-07 11:30:00-05:00,0.5199999809265137,0.5770000219345093,0.5199999809265137,0.5299999713897705,7227,0.0,0.0
2023-12-07 12:30:00-05:00,0.5305010080337524,0.5404999852180481,0.5210000276565552,0.5404999852180481,5246,0.0,0.0
2023-12-07 13:30:00-05:00,0.5210000276565552,0.5210000276565552,0.5199999809265137,0.5199999809265137,4286,0.0,0.0
2023-12-07 14:30:00-05:00,0.550000011920929,0.6959999799728394,0.550000011920929,0.6899999976158142,121892,0.0,0.0
2023-12-07 15:30:00-05:00,0.6858999729156494,0.695900022983551,0.5796999931335449,0.6299989819526672,0,0.0,0.0
2023-12-08 09:30:00-05:00,0.6100999712944031,0.6600000262260437,0.6100999712944031,0.6600000262260437,2176,0.0,0.0
2023-12-08 10:30:00-05:00,0.6209999918937683,0.6520000100135803,0.6200000047683716,0.6208999752998352,5763,0.0,0.0
2023-12-08 11:30:00-05:00,0.6208999752998352,0.6399999856948853,0.6200000047683716,0.6201000213623047,2863,0.0,0.0
2023-12-08 12:30:00-05:00,0.6201000213623047,0.6299999952316284,0.6201000213623047,0.620199978351593,7330,0.0,0.0
2023-12-08 13:30:00-05:00,0.620199978351593,0.620199978351593,0.5702000260353088,0.5702000260353088,9137,0.0,0.0
2023-12-08 14:30:00-05:00,0.6000000238418579,0.6000000238418579,0.5354999899864197,0.5354999899864197,12433,0.0,0.0
2023-12-08 15:30:00-05:00,0.5699999928474426,0.5809000134468079,0.5235999822616577,0.5504000186920166,2972,0.0,0.0
2023-12-11 09:30:00-05:00,0.5310999751091003,0.5509999990463257,0.520101010799408,0.5509999990463257,1141,0.0,0.0
2023-12-11 10:30:00-05:00,0.5504000186920166,0.5504000186920166,0.5216000080108643,0.5216000080108643,489,0.0,0.0
2023-12-11 12:30:00-05:00,0.5809000134468079,0.5809999704360962,0.5457000136375427,0.550000011920929,1608,0.0,0.0
2023-12-11 13:30:00-05:00,0.5699999928474426,0.5699999928474426,0.5501000285148621,0.5501000285148621,734,0.0,0.0
2023-12-11 15:30:00-05:00,0.5303000211715698,0.573199987411499,0.5299999713897705,0.5299999713897705,9005,0.0,0.0
2023-12-12 09:30:00-05:00,0.5799999833106995,0.5799999833106995,0.5628949999809265,0.5628949999809265,0,0.0,0.0
2023-12-12 10:30:00-05:00,0.5600000023841858,0.5629000067710876,0.5600000023841858,0.5600000023841858,3060,0.0,0.0
2023-12-12 14:30:00-05:00,0.5550000071525574,0.5550000071525574,0.5550000071525574,0.5550000071525574,200,0.0,0.0
2023-12-12 15:30:00-05:00,0.5539000034332275,0.5778999924659729,0.5429999828338623,0.5600000023841858,6654,0.0,0.0
2023-12-13 09:30:00-05:00,0.5099999904632568,0.5405830144882202,0.5099999904632568,0.5405830144882202,1859,0.0,0.0
2023-12-13 10:30:00-05:00,0.5302000045776367,0.5302000045776367,0.5302000045776367,0.5302000045776367,131,0.0,0.0
2023-12-13 11:30:00-05:00,0.531000018119812,0.531000018119812,0.531000018119812,0.531000018119812,211,0.0,0.0
2023-12-13 12:30:00-05:00,0.5300999879837036,0.5300999879837036,0.5299999713897705,0.5299999713897705,1479,0.0,0.0
2023-12-13 13:30:00-05:00,0.5299999713897705,0.5299999713897705,0.5299999713897705,0.5299999713897705,176,0.0,0.0
2023-12-13 14:30:00-05:00,0.5333999991416931,0.5899999737739563,0.5299999713897705,0.5799000263214111,14272,0.0,0.0
2023-12-13 15:30:00-05:00,0.5775499939918518,0.5775499939918518,0.5775499939918518,0.5775499939918518,116,0.0,0.0
2023-12-14 09:30:00-05:00,0.5105999708175659,0.550000011920929,0.5099999904632568,0.550000011920929,4719,0.0,0.0
2023-12-14 10:30:00-05:00,0.550000011920929,0.5600000023841858,0.550000011920929,0.550000011920929,711,0.0,0.0
2023-12-14 11:30:00-05:00,0.5799999833106995,0.5799999833106995,0.550000011920929,0.550000011920929,1570,0.0,0.0
2023-12-14 12:30:00-05:00,0.550000011920929,0.5824999809265137,0.550000011920929,0.5824999809265137,738,0.0,0.0
2023-12-14 13:30:00-05:00,0.5501000285148621,0.6000000238418579,0.5501000285148621,0.6000000238418579,8947,0.0,0.0
2023-12-14 14:30:00-05:00,0.5979999899864197,0.6000000238418579,0.5979999899864197,0.6000000238418579,1955,0.0,0.0
2023-12-14 15:30:00-05:00,0.6000000238418579,0.6000000238418579,0.5501000285148621,0.5501000285148621,2598,0.0,0.0
2023-12-15 09:30:00-05:00,0.6200000047683716,0.6898990273475647,0.6018000245094299,0.6200000047683716,7418,0.0,0.0
2023-12-15 11:30:00-05:00,0.6299999952316284,0.6359509825706482,0.6018999814987183,0.6018999814987183,954,0.0,0.0
2023-12-15 14:30:00-05:00,0.6700000166893005,0.6700000166893005,0.6100000143051147,0.6100000143051147,604,0.0,0.0
2023-12-15 15:30:00-05:00,0.6399999856948853,0.6399999856948853,0.6399999856948853,0.6399999856948853,552,0.0,0.0
2023-12-18 09:30:00-05:00,0.5899999737739563,0.6000000238418579,0.5899999737739563,0.5900999903678894,2152,0.0,0.0
2023-12-18 10:30:00-05:00,0.5899999737739563,0.5910000205039978,0.5695000290870667,0.5720999836921692,3752,0.0,0.0
2023-12-18 12:30:00-05:00,0.5867999792098999,0.5867999792098999,0.5867999792098999,0.5867999792098999,203,0.0,0.0
2023-12-18 14:30:00-05:00,0.5550000071525574,0.5550000071525574,0.5550000071525574,0.5550000071525574,168,0.0,0.0
2023-12-19 09:30:00-05:00,0.6150000095367432,0.6150000095367432,0.6150000095367432,0.6150000095367432,342,0.0,0.0
2023-12-19 10:30:00-05:00,0.5849999785423279,0.5849999785423279,0.574999988079071,0.574999988079071,537,0.0,0.0
2023-12-19 11:30:00-05:00,0.5299999713897705,0.5299999713897705,0.5299999713897705,0.5299999713897705,100,0.0,0.0
2023-12-19 12:30:00-05:00,0.5649999976158142,0.5649999976158142,0.5649999976158142,0.5649999976158142,1888,0.0,0.0
2023-12-19 13:30:00-05:00,0.5609999895095825,0.5799999833106995,0.550000011920929,0.550000011920929,10763,0.0,0.0
2023-12-19 14:30:00-05:00,0.5799999833106995,0.5799999833106995,0.5509999990463257,0.5794029831886292,4700,0.0,0.0
2023-12-19 15:30:00-05:00,0.5735999941825867,0.6000000238418579,0.5501000285148621,0.6000000238418579,7107,0.0,0.0
2023-12-20 09:30:00-05:00,0.550000011920929,0.6399999856948853,0.5300999879837036,0.550000011920929,5951,0.0,0.0
2023-12-20 10:30:00-05:00,0.6399999856948853,0.6399999856948853,0.6399999856948853,0.6399999856948853,111,0.0,0.0
2023-12-20 11:30:00-05:00,0.5511000156402588,0.6399000287055969,0.5509999990463257,0.5509999990463257,4023,0.0,0.0
2023-12-20 14:30:00-05:00,0.5978999733924866,0.6399999856948853,0.5978999733924866,0.6000000238418579,2174,0.0,0.0
2023-12-20 15:30:00-05:00,0.6000000238418579,0.6399999856948853,0.6000000238418579,0.6200000047683716,10625,0.0,0.0
2023-12-21 09:30:00-05:00,0.6399999856948853,0.6399999856948853,0.6309999823570251,0.6399000287055969,10459,0.0,0.0
2023-12-21 10:30:00-05:00,0.6299999952316284,0.6299999952316284,0.6209999918937683,0.6209999918937683,423,0.0,0.0
2023-12-21 11:30:00-05:00,0.6209999918937683,0.6209999918937683,0.5899999737739563,0.6060000061988831,4528,0.0,0.0
2023-12-21 12:30:00-05:00,0.6000000238418579,0.6000000238418579,0.5899999737739563,0.5924999713897705,698,0.0,0.0
2023-12-21 13:30:00-05:00,0.5900499820709229,0.5950000286102295,0.5900499820709229,0.5900999903678894,833,0.0,0.0
2023-12-21 15:30:00-05:00,0.5960000157356262,0.5960999727249146,0.5960000157356262,0.5960999727249146,0,0.0,0.0
2023-12-22 09:30:00-05:00,0.6200000047683716,0.6226670145988464,0.6105009913444519,0.6226670145988464,3174,0.0,0.0
2023-12-22 10:30:00-05:00,0.5910000205039978,0.6295999884605408,0.5910000205039978,0.6295999884605408,1123,0.0,0.0
2023-12-22 11:30:00-05:00,0.5899999737739563,0.5899999737739563,0.5899999737739563,0.5899999737739563,444,0.0,0.0
2023-12-22 12:30:00-05:00,0.5943999886512756,0.5943999886512756,0.5924999713897705,0.5924999713897705,407,0.0,0.0
2023-12-22 13:30:00-05:00,0.593500018119812,0.5949500203132629,0.5899999737739563,0.5949500203132629,22898,0.0,0.0
2023-12-22 14:30:00-05:00,0.5949500203132629,0.6294999718666077,0.5302000045776367,0.6294999718666077,56512,0.0,0.0
2023-12-22 15:30:00-05:00,0.550000011920929,0.5691999793052673,0.5461000204086304,0.5619999766349792,11101,0.0,0.0
2023-12-26 09:30:00-05:00,0.6200000047683716,0.6200000047683716,0.6200000047683716,0.6200000047683716,0,0.0,0.0
2023-12-26 10:30:00-05:00,0.5860000252723694,0.6000999808311462,0.5860000252723694,0.6000999808311462,2887,0.0,0.0
2023-12-26 11:30:00-05:00,0.6003000140190125,0.6003000140190125,0.6003000140190125,0.6003000140190125,286,0.0,0.0
2023-12-26 12:30:00-05:00,0.6000000238418579,0.6000000238418579,0.5619999766349792,0.5799999833106995,7843,0.0,0.0
2023-12-26 13:30:00-05:00,0.5600000023841858,0.5600000023841858,0.5600000023841858,0.5600000023841858,210,0.0,0.0
2023-12-26 15:30:00-05:00,0.6000000238418579,0.6000000238418579,0.5989999771118164,0.599399983882904,0,0.0,0.0
2023-12-27 09:30:00-05:00,0.5,0.580594003200531,0.5,0.5400000214576721,16867,0.0,0.0
2023-12-27 10:30:00-05:00,0.5583199858665466,0.5856999754905701,0.5583199858665466,0.5856999754905701,804,0.0,0.0
2023-12-27 11:30:00-05:00,0.57989901304245,0.57989901304245,0.57989901304245,0.57989901304245,2059,0.0,0.0
2023-12-27 12:30:00-05:00,0.5600000023841858,0.5699999928474426,0.5600000023841858,0.5600000023841858,5804,0.0,0.0
2023-12-27 13:30:00-05:00,0.5764999985694885,0.5764999985694885,0.550000011920929,0.5654900074005127,5177,0.0,0.0
2023-12-27 14:30:00-05:00,0.565500020980835,0.565500020980835,0.5651909708976746,0.565500020980835,6082,0.0,0.0
2023-12-27 15:30:00-05:00,0.5606799721717834,0.5857999920845032,0.5600000023841858,0.5857999920845032,5828,0.0,0.0
2023-12-28 09:30:00-05:00,0.592199981212616,0.592199981212616,0.5699999928474426,0.5699999928474426,731,0.0,0.0
2023-12-28 10:30:00-05:00,0.5640000104904175,0.5640000104904175,0.5640000104904175,0.5640000104904175,771,0.0,0.0
2023-12-28 11:30:00-05:00,0.5699999928474426,0.5699999928474426,0.5554999709129333,0.5698999762535095,1747,0.0,0.0
2023-12-28 12:30:00-05:00,0.54100102186203,0.5699999928474426,0.54100102186203,0.5699999928474426,2076,0.0,0.0
2023-12-28 13:30:00-05:00,0.5698990225791931,0.5699999928474426,0.5419999957084656,0.5698999762535095,0,0.0,0.0
2023-12-28 14:30:00-05:00,0.5680000185966492,0.5680000185966492,0.5680000185966492,0.5680000185966492,10808,0.0,0.0
2023-12-28 15:30:00-05:00,0.5699999928474426,0.5699999928474426,0.5271009802818298,0.550000011920929,0,0.0,0.0
2023-12-29 09:30:00-05:00,0.585099995136261,0.585099995136261,0.5600000023841858,0.5600000023841858,10887,0.0,0.0
2023-12-29 10:30:00-05:00,0.5600000023841858,0.5600000023841858,0.550000011920929,0.550000011920929,2943,0.0,0.0
2023-12-29 11:30:00-05:00,0.550000011920929,0.550000011920929,0.550000011920929,0.550000011920929,10627,0.0,0.0
2023-12-29 12:30:00-05:00,0.550000011920929,0.5600000023841858,0.550000011920929,0.550000011920929,4962,0.0,0.0
2023-12-29 13:30:00-05:00,0.550000011920929,0.5501000285148621,0.550000011920929,0.550000011920929,4425,0.0,0.0
2023-12-29 14:30:00-05:00,0.550000011920929,0.5501000285148621,0.550000011920929,0.5501000285148621,6254,0.0,0.0
2023-12-29 15:30:00-05:00,0.5502009987831116,0.5600000023841858,0.5502009987831116,0.5600000023841858,1356,0.0,0.0
2024-01-02 09:30:00-05:00,0.5099999904632568,0.5148990154266357,0.4399999976158142,0.4800499975681305,229016,0.0,0.0
2024-01-02 10:30:00-05:00,0.4700999855995178,0.49000000953674316,0.4699999988079071,0.49000000953674316,18926,0.0,0.0
2024-01-02 11:30:00-05:00,0.4800499975681305,0.5199999809265137,0.47510001063346863,0.5,31171,0.0,0.0
2024-01-02 12:30:00-05:00,0.5019999742507935,0.513899028301239,0.49470001459121704,0.5119500160217285,12459,0.0,0.0
2024-01-02 13:30:00-05:00,0.5130000114440918,0.5400999784469604,0.47999998927116394,0.5195000171661377,89154,0.0,0.0
2024-01-02 14:30:00-05:00,0.5199999809265137,0.5400000214576721,0.5099999904632568,0.5286999940872192,17766,0.0,0.0
2024-01-02 15:30:00-05:00,0.5375000238418579,0.5375000238418579,0.5200999975204468,0.5200999975204468,0,0.0,0.0
2024-01-03 09:30:00-05:00,0.5044999718666077,0.5450000166893005,0.4844000041484833,0.5295000076293945,44799,0.0,0.0
2024-01-03 10:30:00-05:00,0.5214999914169312,0.5400000214576721,0.5131000280380249,0.5231000185012817,12639,0.0,0.0
2024-01-03 11:30:00-05:00,0.5230000019073486,0.5400000214576721,0.5142999887466431,0.5142999887466431,9026,0.0,0.0
2024-01-03 12:30:00-05:00,0.5299999713897705,0.5400000214576721,0.5131000280380249,0.5131000280380249,2170,0.0,0.0
2024-01-03 13:30:00-05:00,0.5139999985694885,0.5450000166893005,0.5130000114440918,0.5394999980926514,966,0.0,0.0
2024-01-03 14:30:00-05:00,0.5393999814987183,0.5600000023841858,0.5379999876022339,0.5600000023841858,13544,0.0,0.0
2024-01-03 15:30:00-05:00,0.5583999752998352,0.5697000026702881,0.5501000285148621,0.5600000023841858,19218,0.0,0.0
2024-01-04 09:30:00-05:00,0.5440000295639038,0.550000011920929,0.5320000052452087,0.5418000221252441,4989,0.0,0.0
2024-01-04 10:30:00-05:00,0.5418000221252441,0.550000011920929,0.5400000214576721,0.550000011920929,1970,0.0,0.0
2024-01-04 11:30:00-05:00,0.546999990940094,0.5993000268936157,0.5400999784469604,0.5544000267982483,8731,0.0,0.0
2024-01-04 12:30:00-05:00,0.554099977016449,0.5608000159263611,0.5450999736785889,0.550000011920929,3212,0.0,0.0
2024-01-04 13:30:00-05:00,0.5450000166893005,0.597000002861023,0.5450000166893005,0.5860000252723694,58635,0.0,0.0
2024-01-04 14:30:00-05:00,0.5876010060310364,0.6299999952316284,0.5812000036239624,0.6272000074386597,46842,0.0,0.0
2024-01-04 15:30:00-05:00,0.6299999952316284,0.6449999809265137,0.6190000176429749,0.6194999814033508,11273,0.0,0.0
2024-01-05 09:30:00-05:00,0.6057000160217285,0.6057000160217285,0.5701000094413757,0.6050000190734863,6198,0.0,0.0
2024-01-05 10:30:00-05:00,0.5805500149726868,0.5824999809265137,0.5626000165939331,0.5699999928474426,6961,0.0,0.0
2024-01-05 11:30:00-05:00,0.5649999976158142,0.579800009727478,0.5630000233650208,0.579800009727478,2704,0.0,0.0
2024-01-05 12:30:00-05:00,0.5849999785423279,0.6050000190734863,0.5849999785423279,0.6050000190734863,603,0.0,0.0
2024-01-05 13:30:00-05:00,0.585099995136261,0.585099995136261,0.585099995136261,0.585099995136261,432,0.0,0.0
2024-01-05 14:30:00-05:00,0.5651999711990356,0.5723000168800354,0.5651999711990356,0.5723000168800354,993,0.0,0.0
2024-01-05 15:30:00-05:00,0.5724999904632568,0.5724999904632568,0.5724999904632568,0.5724999904632568,203,0.0,0.0
2024-01-08 09:30:00-05:00,0.6013000011444092,0.6013000011444092,0.5690000057220459,0.5799999833106995,2791,0.0,0.0
2024-01-08 10:30:00-05:00,0.57989901304245,0.5799999833106995,0.5600000023841858,0.5657510161399841,11425,0.0,0.0
2024-01-08 11:30:00-05:00,0.5849999785423279,0.5849999785423279,0.5849999785423279,0.5849999785423279,1727,0.0,0.0
2024-01-08 12:30:00-05:00,0.5899999737739563,0.5899999737739563,0.5799999833106995,0.5799999833106995,872,0.0,0.0
2024-01-08 13:30:00-05:00,0.5801010131835938,0.5801010131835938,0.5600000023841858,0.5600000023841858,2088,0.0,0.0
2024-01-08 15:30:00-05:00,0.5605999827384949,0.580049991607666,0.5601000189781189,0.580049991607666,0,0.0,0.0
2024-01-09 09:30:00-05:00,0.5627009868621826,0.6113510131835938,0.5627009868621826,0.6113510131835938,3939,0.0,0.0
2024-01-09 10:30:00-05:00,0.6007289886474609,0.6007289886474609,0.5630000233650208,0.5630000233650208,2047,0.0,0.0
2024-01-09 11:30:00-05:00,0.5649999976158142,0.5649999976158142,0.5626999735832214,0.5626999735832214,2669,0.0,0.0
2024-01-09 12:30:00-05:00,0.5699999928474426,0.5699999928474426,0.5699999928474426,0.5699999928474426,1913,0.0,0.0
2024-01-09 13:30:00-05:00,0.5699999928474426,0.5699999928474426,0.5699999928474426,0.5699999928474426,1310,0.0,0.0
2024-01-09 14:30:00-05:00,0.6086379885673523,0.6086379885673523,0.6086379885673523,0.6086379885673523,0,0.0,0.0
2024-01-10 09:30:00-05:00,0.550000011920929,0.5938000082969666,0.5494210124015808,0.5938000082969666,17642,0.0,0.0
2024-01-10 10:30:00-05:00,0.5611000061035156,0.5612009763717651,0.5611000061035156,0.5611000061035156,994,0.0,0.0
2024-01-10 11:30:00-05:00,0.5760999917984009,0.5760999917984009,0.5759999752044678,0.5759999752044678,807,0.0,0.0
2024-01-10 12:30:00-05:00,0.5950000286102295,0.5950000286102295,0.5950000286102295,0.5950000286102295,1130,0.0,0.0
2024-01-10 13:30:00-05:00,0.5609999895095825,0.5609999895095825,0.5601000189781189,0.5601000189781189,673,0.0,0.0
2024-01-10 14:30:00-05:00,0.5601000189781189,0.5601000189781189,0.5601000189781189,0.5601000189781189,0,0.0,0.0
2024-01-11 09:30:00-05:00,0.5203999876976013,0.5845000147819519,0.5203999876976013,0.5573490262031555,3438,0.0,0.0
2024-01-11 10:30:00-05:00,0.5561000108718872,0.5561000108718872,0.5302000045776367,0.5302000045776367,778,0.0,0.0
2024-01-11 11:30:00-05:00,0.5601000189781189,0.5609999895095825,0.5601000189781189,0.5609999895095825,745,0.0,0.0
2024-01-11 12:30:00-05:00,0.5694000124931335,0.5774999856948853,0.5694000124931335,0.5694000124931335,2355,0.0,0.0
2024-01-11 14:30:00-05:00,0.5694000124931335,0.5694000124931335,0.5694000124931335,0.5694000124931335,2940,0.0,0.0
2024-01-12 09:30:00-05:00,0.5694000124931335,0.5769000053405762,0.5694000124931335,0.5769000053405762,12022,0.0,0.0
2024-01-12 10:30:00-05:00,0.5769000053405762,0.5769000053405762,0.5769000053405762,0.5769000053405762,364,0.0,0.0
2024-01-12 11:30:00-05:00,0.5769000053405762,0.5769000053405762,0.5769000053405762,0.5769000053405762,254,0.0,0.0
2024-01-12 12:30:00-05:00,0.6100000143051147,0.6100000143051147,0.5684999823570251,0.5684999823570251,1268,0.0,0.0
2024-01-12 13:30:00-05:00,0.6079999804496765,0.6079999804496765,0.6079999804496765,0.6079999804496765,199,0.0,0.0
2024-01-12 14:30:00-05:00,0.5699999928474426,0.5997999906539917,0.5687000155448914,0.5997999906539917,2636,0.0,0.0
2024-01-12 15:30:00-05:00,0.5685999989509583,0.5685999989509583,0.5685999989509583,0.5685999989509583,1006,0.0,0.0
2024-01-16 10:30:00-05:00,0.5303000211715698,0.5600000023841858,0.5303000211715698,0.5600000023841858,8165,0.0,0.0
2024-01-16 11:30:00-05:00,0.566100001335144,0.5687999725341797,0.566100001335144,0.5687999725341797,371,0.0,0.0
2024-01-16 12:30:00-05:00,0.566100001335144,0.566100001335144,0.5600000023841858,0.5600000023841858,735,0.0,0.0
2024-01-16 13:30:00-05:00,0.5609999895095825,0.5609999895095825,0.5600000023841858,0.5600000023841858,876,0.0,0.0
2024-01-16 14:30:00-05:00,0.5600000023841858,0.5600000023841858,0.5600000023841858,0.5600000023841858,1283,0.0,0.0
2024-01-16 15:30:00-05:00,0.5697000026702881,0.5699999928474426,0.5600000023841858,0.5600000023841858,681,0.0,0.0
2024-01-17 09:30:00-05:00,0.5680000185966492,0.5680000185966492,0.5303000211715698,0.5600000023841858,0,0.0,0.0
2024-01-17 10:30:00-05:00,0.5600000023841858,0.5600000023841858,0.5303000211715698,0.559499979019165,0,0.0,0.0
2024-01-17 11:30:00-05:00,0.5491999983787537,0.5491999983787537,0.5491999983787537,0.5491999983787537,6771,0.0,0.0
2024-01-17 12:30:00-05:00,0.5303999781608582,0.5314000248908997,0.5303999781608582,0.5314000248908997,626,0.0,0.0
2024-01-17 14:30:00-05:00,0.5546000003814697,0.566100001335144,0.5491999983787537,0.566100001335144,1708,0.0,0.0
2024-01-17 15:30:00-05:00,0.5678989887237549,0.5678989887237549,0.5509999990463257,0.5551999807357788,4066,0.0,0.0
2024-01-18 09:30:00-05:00,0.5843999981880188,0.5843999981880188,0.5390999913215637,0.5393999814987183,427,0.0,0.0
2024-01-18 10:30:00-05:00,0.5690000057220459,0.5799999833106995,0.5587999820709229,0.5799999833106995,15170,0.0,0.0
2024-01-18 11:30:00-05:00,0.5600000023841858,0.5600000023841858,0.5595999956130981,0.5595999956130981,8986,0.0,0.0
2024-01-18 12:30:00-05:00,0.5580999851226807,0.5580999851226807,0.5580999851226807,0.5580999851226807,17900,0.0,0.0
2024-01-18 14:30:00-05:00,0.5471000075340271,0.5471000075340271,0.5471000075340271,0.5471000075340271,219,0.0,0.0
2024-01-18 15:30:00-05:00,0.546500027179718,0.546500027179718,0.546500027179718,0.546500027179718,0,0.0,0.0
2024-01-19 09:30:00-05:00,0.531000018119812,0.5586000084877014,0.531000018119812,0.5335000157356262,2352,0.0,0.0
2024-01-19 10:30:00-05:00,0.531000018119812,0.531000018119812,0.531000018119812,0.531000018119812,627,0.0,0.0
2024-01-19 12:30:00-05:00,0.5310999751091003,0.5310999751091003,0.5310999751091003,0.5310999751091003,2420,0.0,0.0
2024-01-19 13:30:00-05:00,0.5310999751091003,0.5310999751091003,0.531000018119812,0.531000018119812,4175,0.0,0.0
2024-01-19 14:30:00-05:00,0.5350000262260437,0.5350000262260437,0.5350000262260437,0.5350000262260437,1005,0.0,0.0
2024-01-19 15:30:00-05:00,0.5210999846458435,0.5720000267028809,0.5210999846458435,0.5720000267028809,4040,0.0,0.0
2024-01-22 09:30:00-05:00,0.5361999869346619,0.5361999869346619,0.5299999713897705,0.5299999713897705,3435,0.0,0.0
2024-01-22 10:30:00-05:00,0.5550000071525574,0.5550000071525574,0.5550000071525574,0.5550000071525574,445,0.0,0.0
2024-01-22 11:30:00-05:00,0.550000011920929,0.550000011920929,0.5299999713897705,0.5299999713897705,1366,0.0,0.0
2024-01-22 12:30:00-05:00,0.5600000023841858,0.5699999928474426,0.5600000023841858,0.5699999928474426,1342,0.0,0.0
2024-01-22 13:30:00-05:00,0.5550000071525574,0.5550000071525574,0.5299999713897705,0.5299999713897705,802,0.0,0.0
2024-01-22 14:30:00-05:00,0.5799999833106995,0.5799999833106995,0.5299999713897705,0.5299999713897705,6038,0.0,0.0
2024-01-22 15:30:00-05:00,0.5565000176429749,0.5565000176429749,0.5200999975204468,0.5210000276565552,1450,0.0,0.0
2024-01-23 09:30:00-05:00,0.5099999904632568,0.5354999899864197,0.5099999904632568,0.5199999809265137,0,0.0,0.0
2024-01-23 10:30:00-05:00,0.5199999809265137,0.5199999809265137,0.5199999809265137,0.5199999809265137,562,0.0,0.0
2024-01-23 11:30:00-05:00,0.5494999885559082,0.5494999885559082,0.5494999885559082,0.5494999885559082,1889,0.0,0.0
2024-01-23 12:30:00-05:00,0.5,0.5199999809265137,0.5,0.5001000165939331,28168,0.0,0.0
2024-01-23 13:30:00-05:00,0.5001000165939331,0.5598999857902527,0.5,0.5293999910354614,5311,0.0,0.0
2024-01-23 15:30:00-05:00,0.5199999809265137,0.5199999809265137,0.5199999809265137,0.5199999809265137,577,0.0,0.0
2024-01-24 09:30:00-05:00,0.5600000023841858,0.5600000023841858,0.5600000023841858,0.5600000023841858,0,0.0,0.0
2024-01-24 10:30:00-05:00,0.5299999713897705,0.5299999713897705,0.5101000070571899,0.5101000070571899,1352,0.0,0.0
2024-01-24 11:30:00-05:00,0.5199999809265137,0.5199999809265137,0.5199999809265137,0.5199999809265137,208,0.0,0.0
2024-01-24 12:30:00-05:00,0.5326499938964844,0.5326499938964844,0.5326499938964844,0.5326499938964844,186,0.0,0.0
2024-01-24 13:30:00-05:00,0.5199999809265137,0.5199999809265137,0.5199999809265137,0.5199999809265137,814,0.0,0.0
2024-01-24 14:30:00-05:00,0.5101000070571899,0.5101000070571899,0.5101000070571899,0.5101000070571899,498,0.0,0.0
2024-01-24 15:30:00-05:00,0.5149999856948853,0.5199999809265137,0.5101000070571899,0.5199999809265137,850,0.0,0.0
2024-01-25 09:30:00-05:00,0.5199999809265137,0.5199999809265137,0.5199999809265137,0.5199999809265137,3842,0.0,0.0
2024-01-25 10:30:00-05:00,0.5550000071525574,0.5550000071525574,0.5550000071525574,0.5550000071525574,296,0.0,0.0
2024-01-25 11:30:00-05:00,0.5103999972343445,0.5103999972343445,0.5103999972343445,0.5103999972343445,2592,0.0,0.0
2024-01-25 12:30:00-05:00,0.5103999972343445,0.5231000185012817,0.5103999972343445,0.5231000185012817,1185,0.0,0.0
2024-01-25 13:30:00-05:00,0.5231000185012817,0.5231000185012817,0.5231000185012817,0.5231000185012817,405,0.0,0.0
2024-01-25 14:30:00-05:00,0.5105000138282776,0.5105000138282776,0.5105000138282776,0.5105000138282776,1302,0.0,0.0
2024-01-25 15:30:00-05:00,0.5105000138282776,0.5360000133514404,0.510200023651123,0.510200023651123,15887,0.0,0.0
2024-01-26 09:30:00-05:00,0.5507000088691711,0.5507000088691711,0.5507000088691711,0.5507000088691711,705,0.0,0.0
2024-01-26 10:30:00-05:00,0.5200999975204468,0.5200999975204468,0.5200999975204468,0.5200999975204468,227,0.0,0.0
2024-01-26 11:30:00-05:00,0.5202000141143799,0.5350009799003601,0.5199999809265137,0.5206009745597839,8731,0.0,0.0
2024-01-26 13:30:00-05:00,0.5206000208854675,0.5206000208854675,0.5206000208854675,0.5206000208854675,298,0.0,0.0
2024-01-26 14:30:00-05:00,0.5350000262260437,0.5490000247955322,0.5200999975204468,0.5200999975204468,2760,0.0,0.0
2024-01-26 15:30:00-05:00,0.5200999975204468,0.5200999975204468,0.5200999975204468,0.5200999975204468,581,0.0,0.0
2024-01-29 09:30:00-05:00,0.546999990940094,0.5475999712944031,0.5199999809265137,0.5199999809265137,0,0.0,0.0
2024-01-29 13:30:00-05:00,0.5199999809265137,0.5199999809265137,0.5199999809265137,0.5199999809265137,536,0.0,0.0
2024-01-29 14:30:00-05:00,0.5335000157356262,0.546999990940094,0.5335000157356262,0.546999990940094,5893,0.0,0.0
2024-01-29 15:30:00-05:00,0.5471000075340271,0.5471000075340271,0.5471000075340271,0.5471000075340271,0,0.0,0.0
2024-01-30 09:30:00-05:00,0.5335999727249146,0.546999990940094,0.5199999809265137,0.546999990940094,6492,0.0,0.0
2024-01-30 10:30:00-05:00,0.5470989942550659,0.5470989942550659,0.5470989942550659,0.5470989942550659,1179,0.0,0.0
2024-01-30 12:30:00-05:00,0.5400000214576721,0.5471000075340271,0.5400000214576721,0.5471000075340271,604,0.0,0.0
2024-01-30 13:30:00-05:00,0.5471000075340271,0.5471000075340271,0.5471000075340271,0.5471000075340271,334,0.0,0.0
2024-01-30 15:30:00-05:00,0.5199999809265137,0.5210000276565552,0.5199999809265137,0.5199999809265137,1848,0.0,0.0
2024-01-31 09:30:00-05:00,0.5199999809265137,0.5202999711036682,0.5199999809265137,0.5202999711036682,3568,0.0,0.0
2024-01-31 10:30:00-05:00,0.5202999711036682,0.5249999761581421,0.5202999711036682,0.5249999761581421,2300,0.0,0.0
2024-01-31 11:30:00-05:00,0.5249999761581421,0.5249999761581421,0.5249999761581421,0.5249999761581421,2501,0.0,0.0
2024-01-31 12:30:00-05:00,0.5249999761581421,0.5249999761581421,0.5249999761581421,0.5249999761581421,2373,0.0,0.0
2024-01-31 13:30:00-05:00,0.5249999761581421,0.5249999761581421,0.5249999761581421,0.5249999761581421,2500,0.0,0.0
2024-01-31 14:30:00-05:00,0.5249999761581421,0.5878999829292297,0.5249999761581421,0.5249999761581421,4670,0.0,0.0
2024-01-31 15:30:00-05:00,0.5202999711036682,0.5565000176429749,0.5202999711036682,0.5360000133514404,4382,0.0,0.0
2024-02-01 10:30:00-05:00,0.5180000066757202,0.5180000066757202,0.5099999904632568,0.5099999904632568,903,0.0,0.0
2024-02-01 11:30:00-05:00,0.5099999904632568,0.5249999761581421,0.5099999904632568,0.5249999761581421,2012,0.0,0.0
2024-02-01 14:30:00-05:00,0.5588669776916504,0.5588669776916504,0.5588669776916504,0.5588669776916504,1247,0.0,0.0
2024-02-01 15:30:00-05:00,0.5618000030517578,0.5618000030517578,0.5,0.5099999904632568,11564,0.0,0.0
2024-02-02 09:30:00-05:00,0.5,0.5,0.5,0.5,247,0.0,0.0
2024-02-02 10:30:00-05:00,0.5325000286102295,0.5325000286102295,0.5170000195503235,0.5170000195503235,659,0.0,0.0
2024-02-02 12:30:00-05:00,0.520101010799408,0.5270000100135803,0.5199999809265137,0.5270000100135803,858,0.0,0.0
2024-02-02 13:30:00-05:00,0.5199999809265137,0.5375000238418579,0.5199999809265137,0.5375000238418579,624,0.0,0.0
2024-02-02 14:30:00-05:00,0.5200999975204468,0.5385000109672546,0.5200999975204468,0.5385000109672546,1141,0.0,0.0
2024-02-02 15:30:00-05:00,0.5210000276565552,0.5400000214576721,0.5199999809265137,0.5199999809265137,1084,0.0,0.0
2024-02-05 09:30:00-05:00,0.5400000214576721,0.5400000214576721,0.5040000081062317,0.5339999794960022,6382,0.0,0.0
2024-02-05 10:30:00-05:00,0.5225009918212891,0.5339999794960022,0.5101000070571899,0.5101000070571899,711,0.0,0.0
2024-02-05 13:30:00-05:00,0.5349900126457214,0.5352010130882263,0.5339999794960022,0.5352010130882263,2572,0.0,0.0
2024-02-05 14:30:00-05:00,0.535099983215332,0.535099983215332,0.5285500288009644,0.5285500288009644,384,0.0,0.0
2024-02-05 15:30:00-05:00,0.5109999775886536,0.546999990940094,0.5101000070571899,0.546999990940094,0,0.0,0.0
2024-02-06 13:30:00-05:00,0.515999972820282,0.5299999713897705,0.515999972820282,0.5299999713897705,296,0.0,0.0
2024-02-06 14:30:00-05:00,0.5540000200271606,0.5540000200271606,0.5383999943733215,0.5383999943733215,1928,0.0,0.0
2024-02-06 15:30:00-05:00,0.5311999917030334,0.5320000052452087,0.5311999917030334,0.5320000052452087,0,0.0,0.0
2024-02-07 09:30:00-05:00,0.5320000052452087,0.5400000214576721,0.531000018119812,0.5400000214576721,11940,0.0,0.0
2024-02-07 10:30:00-05:00,0.5400000214576721,0.5400000214576721,0.5400000214576721,0.5400000214576721,6674,0.0,0.0
2024-02-07 11:30:00-05:00,0.5400000214576721,0.5400000214576721,0.531000018119812,0.531000018119812,5366,0.0,0.0
2024-02-07 12:30:00-05:00,0.531000018119812,0.5699999928474426,0.5299999713897705,0.5699999928474426,23800,0.0,0.0
2024-02-07 13:30:00-05:00,0.5799999833106995,0.5799999833106995,0.5699999928474426,0.5699999928474426,2408,0.0,0.0
2024-02-07 14:30:00-05:00,0.5701000094413757,0.5701000094413757,0.5699999928474426,0.5699999928474426,12251,0.0,0.0
2024-02-07 15:30:00-05:00,0.5300999879837036,0.5300999879837036,0.5300999879837036,0.5300999879837036,0,0.0,0.0
2024-02-08 09:30:00-05:00,0.5400999784469604,0.5400999784469604,0.5400999784469604,0.5400999784469604,456,0.0,0.0
2024-02-08 10:30:00-05:00,0.5400000214576721,0.5400000214576721,0.5400000214576721,0.5400000214576721,800,0.0,0.0
2024-02-08 11:30:00-05:00,0.5350000262260437,0.5350000262260437,0.5350000262260437,0.5350000262260437,329,0.0,0.0
2024-02-08 12:30:00-05:00,0.5360000133514404,0.5889999866485596,0.5350000262260437,0.5350000262260437,2266,0.0,0.0
2024-02-08 15:30:00-05:00,0.5400000214576721,0.5400000214576721,0.5400000214576721,0.5400000214576721,875,0.0,0.0
2024-02-09 09:30:00-05:00,0.5400000214576721,0.550000011920929,0.5199999809265137,0.5299999713897705,7668,0.0,0.0
2024-02-09 10:30:00-05:00,0.5299999713897705,0.5699999928474426,0.5199999809265137,0.5699999928474426,3693,0.0,0.0
2024-02-09 11:30:00-05:00,0.5299999713897705,0.5299999713897705,0.5249999761581421,0.5249999761581421,1975,0.0,0.0
2024-02-09 12:30:00-05:00,0.5299999713897705,0.5299999713897705,0.5299999713897705,0.5299999713897705,2142,0.0,0.0
2024-02-09 13:30:00-05:00,0.5299999713897705,0.5299999713897705,0.5299999713897705,0.5299999713897705,6186,0.0,0.0
2024-02-09 14:30:00-05:00,0.5299999713897705,0.531000018119812,0.5299999713897705,0.5299999713897705,6819,0.0,0.0
2024-02-09 15:30:00-05:00,0.5299999713897705,0.531000018119812,0.5299999713897705,0.5299999713897705,2776,0.0,0.0
2024-02-12 09:30:00-05:00,0.541700005531311,0.541700005531311,0.541700005531311,0.541700005531311,10623,0.0,0.0
2024-02-12 10:30:00-05:00,0.5418000221252441,0.5515000224113464,0.541700005531311,0.5515000224113464,7079,0.0,0.0
2024-02-12 11:30:00-05:00,0.550000011920929,0.550000011920929,0.550000011920929,0.550000011920929,694,0.0,0.0
2024-02-12 12:30:00-05:00,0.550000011920929,0.550000011920929,0.550000011920929,0.550000011920929,486,0.0,0.0
2024-02-12 14:30:00-05:00,0.5569999814033508,0.5569999814033508,0.5569999814033508,0.5569999814033508,175,0.0,0.0
2024-02-12 15:30:00-05:00,0.5569999814033508,0.5605000257492065,0.5509999990463257,0.5509999990463257,558,0.0,0.0
2024-02-13 09:30:00-05:00,0.550000011920929,0.5519999861717224,0.5400000214576721,0.5400000214576721,0,0.0,0.0
2024-02-13 10:30:00-05:00,0.5400000214576721,0.5400000214576721,0.5400000214576721,0.5400000214576721,2485,0.0,0.0
2024-02-13 11:30:00-05:00,0.5400000214576721,0.5400000214576721,0.5400000214576721,0.5400000214576721,2342,0.0,0.0
2024-02-13 12:30:00-05:00,0.5400000214576721,0.5400000214576721,0.5400000214576721,0.5400000214576721,2421,0.0,0.0
2024-02-13 13:30:00-05:00,0.5400000214576721,0.5527510046958923,0.5299999713897705,0.5299999713897705,2961,0.0,0.0
2024-02-13 15:30:00-05:00,0.5199999809265137,0.5270000100135803,0.5199999809265137,0.5270000100135803,0,0.0,0.0
2024-02-14 09:30:00-05:00,0.520101010799408,0.5450000166893005,0.5199999809265137,0.5199999809265137,3375,0.0,0.0
2024-02-14 10:30:00-05:00,0.5199999809265137,0.5199999809265137,0.5199999809265137,0.5199999809265137,4350,0.0,0.0
2024-02-14 11:30:00-05:00,0.5199999809265137,0.5199999809265137,0.5199999809265137,0.5199999809265137,4116,0.0,0.0
2024-02-14 12:30:00-05:00,0.5199999809265137,0.5199999809265137,0.5199999809265137,0.5199999809265137,980,0.0,0.0
2024-02-14 14:30:00-05:00,0.5099999904632568,0.5099999904632568,0.5099999904632568,0.5099999904632568,201,0.0,0.0
2024-02-14 15:30:00-05:00,0.5200499892234802,0.5200499892234802,0.5101000070571899,0.515749990940094,515,0.0,0.0
2024-02-15 09:30:00-05:00,0.529899001121521,0.529899001121521,0.5149999856948853,0.5149999856948853,2771,0.0,0.0
2024-02-15 10:30:00-05:00,0.529699981212616,0.529699981212616,0.529699981212616,0.529699981212616,168,0.0,0.0
2024-02-15 13:30:00-05:00,0.5109999775886536,0.5109999775886536,0.5109999775886536,0.5109999775886536,100,0.0,0.0
2024-02-15 14:30:00-05:00,0.5099999904632568,0.5101000070571899,0.5013999938964844,0.5101000070571899,4005,0.0,0.0
2024-02-15 15:30:00-05:00,0.5099999904632568,0.5199999809265137,0.5009999871253967,0.5080000162124634,0,0.0,0.0
2024-02-16 09:30:00-05:00,0.5019999742507935,0.5289999842643738,0.5,0.5149999856948853,2508,0.0,0.0
2024-02-16 10:30:00-05:00,0.5,0.5289999842643738,0.5,0.5101000070571899,3434,0.0,0.0
2024-02-16 11:30:00-05:00,0.5099999904632568,0.5195000171661377,0.5099999904632568,0.5099999904632568,2731,0.0,0.0
2024-02-16 12:30:00-05:00,0.5101000070571899,0.5144990086555481,0.5,0.5,2722,0.0,0.0
2024-02-16 13:30:00-05:00,0.5,0.5274999737739563,0.5,0.5,6754,0.0,0.0
2024-02-16 14:30:00-05:00,0.5,0.5009999871253967,0.5,0.5,2460,0.0,0.0
2024-02-16 15:30:00-05:00,0.5,0.5072000026702881,0.5,0.5072000026702881,3146,0.0,0.0
2024-02-20 09:30:00-05:00,0.47999998927116394,0.5270000100135803,0.47999998927116394,0.5,2271,0.0,0.0
2024-02-20 10:30:00-05:00,0.5,0.5270000100135803,0.5,0.5,2892,0.0,0.0
2024-02-20 11:30:00-05:00,0.5,0.5289999842643738,0.5,0.5,3190,0.0,0.0
2024-02-20 12:30:00-05:00,0.5,0.5001000165939331,0.5,0.5,2658,0.0,0.0
2024-02-20 13:30:00-05:00,0.5,0.5174000263214111,0.5,0.5145009756088257,3432,0.0,0.0
2024-02-20 14:30:00-05:00,0.5,0.5145000219345093,0.5,0.5001000165939331,12248,0.0,0.0
2024-02-20 15:30:00-05:00,0.5001000165939331,0.5108000040054321,0.5,0.5001999735832214,7126,0.0,0.0
2024-02-21 09:30:00-05:00,0.47519999742507935,0.5299000144004822,0.47519999742507935,0.5099999904632568,0,0.0,0.0
2024-02-21 10:30:00-05:00,0.5199999809265137,0.5289999842643738,0.5199999809265137,0.5289999842643738,1548,0.0,0.0
2024-02-21 11:30:00-05:00,0.5199999809265137,0.5199999809265137,0.5199999809265137,0.5199999809265137,1127,0.0,0.0
2024-02-21 13:30:00-05:00,0.5145000219345093,0.5145000219345093,0.5001000165939331,0.5001000165939331,0,0.0,0.0
2024-02-22 09:30:00-05:00,0.5001000165939331,0.5250999927520752,0.5001000165939331,0.5015000104904175,1334,0.0,0.0
2024-02-22 10:30:00-05:00,0.5,0.5249999761581421,0.5,0.5249999761581421,13506,0.0,0.0
2024-02-22 11:30:00-05:00,0.5138999819755554,0.5138999819755554,0.5101000070571899,0.5101000070571899,1540,0.0,0.0
2024-02-22 12:30:00-05:00,0.5101000070571899,0.5101000070571899,0.5101000070571899,0.5101000070571899,10001,0.0,0.0
2024-02-22 13:30:00-05:00,0.5184990167617798,0.5184990167617798,0.5099999904632568,0.5099999904632568,12307,0.0,0.0
2024-02-22 14:30:00-05:00,0.5099999904632568,0.5099999904632568,0.5099999904632568,0.5099999904632568,1760,0.0,0.0
2024-02-22 15:30:00-05:00,0.5099999904632568,0.5099999904632568,0.5099999904632568,0.5099999904632568,0,0.0,0.0
2024-02-23 09:30:00-05:00,0.5099999904632568,0.5099999904632568,0.5038179755210876,0.5038179755210876,2100,0.0,0.0
2024-02-23 10:30:00-05:00,0.5009999871253967,0.5009999871253967,0.5,0.5,1501,0.0,0.0
2024-02-23 11:30:00-05:00,0.5,0.5120000243186951,0.5,0.5,4174,0.0,0.0
2024-02-23 12:30:00-05:00,0.5,0.5,0.5,0.5,3053,0.0,0.0
2024-02-23 13:30:00-05:00,0.5,0.5,0.5,0.5,2674,0.0,0.0
2024-02-23 14:30:00-05:00,0.49300000071525574,0.5220999717712402,0.48500001430511475,0.5220999717712402,10517,0.0,0.0
2024-02-26 09:30:00-05:00,0.5,0.5199999809265137,0.5,0.5,2817,0.0,0.0
2024-02-26 10:30:00-05:00,0.5,0.5099999904632568,0.5,0.5099999904632568,2219,0.0,0.0
2024-02-26 11:30:00-05:00,0.5,0.5199999809265137,0.5,0.5,1902,0.0,0.0
2024-02-26 12:30:00-05:00,0.5,0.5189999938011169,0.5,0.5,2207,0.0,0.0
2024-02-26 13:30:00-05:00,0.5,0.5099999904632568,0.5,0.5099999904632568,3115,0.0,0.0
2024-02-26 14:30:00-05:00,0.5,0.5001000165939331,0.5,0.5,973,0.0,0.0
2024-02-26 15:30:00-05:00,0.5,0.511900007724762,0.5,0.5117999911308289,0,0.0,0.0
2024-02-27 09:30:00-05:00,0.5049999952316284,0.5049999952316284,0.5,0.5001999735832214,8426,0.0,0.0
2024-02-27 12:30:00-05:00,0.5024999976158142,0.5026000142097473,0.5024999976158142,0.5026000142097473,2513,0.0,0.0
2024-02-27 13:30:00-05:00,0.503000020980835,0.503000020980835,0.503000020980835,0.503000020980835,2129,0.0,0.0
2024-02-27 15:30:00-05:00,0.5400000214576721,0.5400000214576721,0.5026000142097473,0.527999997138977,564,0.0,0.0
2024-02-28 11:30:00-05:00,0.5200999975204468,0.539900004863739,0.5200999975204468,0.539900004863739,2262,0.0,0.0
2024-02-28 12:30:00-05:00,0.5389999747276306,0.5389999747276306,0.5199999809265137,0.5199999809265137,2265,0.0,0.0
2024-02-28 14:30:00-05:00,0.5134999752044678,0.5400000214576721,0.5134999752044678,0.539900004863739,863,0.0,0.0
2024-02-28 15:30:00-05:00,0.5390999913215637,0.5390999913215637,0.5099999904632568,0.5099999904632568,0,0.0,0.0
2024-02-29 09:30:00-05:00,0.5049999952316284,0.5127500295639038,0.5005000233650208,0.5127500295639038,10857,0.0,0.0
2024-02-29 10:30:00-05:00,0.5052499771118164,0.5099999904632568,0.5,0.5098999738693237,7133,0.0,0.0
2024-02-29 11:30:00-05:00,0.5101010203361511,0.539900004863739,0.5099999904632568,0.5099999904632568,7791,0.0,0.0
2024-02-29 12:30:00-05:00,0.5,0.5099999904632568,0.5,0.5099999904632568,14436,0.0,0.0
2024-02-29 13:30:00-05:00,0.5001000165939331,0.5001000165939331,0.5001000165939331,0.5001000165939331,102,0.0,0.0
2024-02-29 14:30:00-05:00,0.5400000214576721,0.5400000214576721,0.5001000165939331,0.5001000165939331,550,0.0,0.0
2024-02-29 15:30:00-05:00,0.5250999927520752,0.5250999927520752,0.5250999927520752,0.5250999927520752,280,0.0,0.0
2024-03-01 09:30:00-05:00,0.5,0.5,0.5,0.5,206,0.0,0.0
2024-03-01 11:30:00-05:00,0.5339999794960022,0.539900004863739,0.5249999761581421,0.539900004863739,750,0.0,0.0
2024-03-01 13:30:00-05:00,0.5400000214576721,0.5400000214576721,0.5389999747276306,0.5389999747276306,1077,0.0,0.0
2024-03-01 14:30:00-05:00,0.5389999747276306,0.5389999747276306,0.5389999747276306,0.5389999747276306,147,0.0,0.0
2024-03-01 15:30:00-05:00,0.5389000177383423,0.5389000177383423,0.5,0.5,603,0.0,0.0
2024-03-04 09:30:00-05:00,0.5299999713897705,0.5301010012626648,0.5199999809265137,0.5299999713897705,4534,0.0,0.0
2024-03-04 10:30:00-05:00,0.5117999911308289,0.5117999911308289,0.5,0.5117999911308289,1158,0.0,0.0
2024-03-04 11:30:00-05:00,0.5,0.5,0.5,0.5,110,0.0,0.0
2024-03-04 12:30:00-05:00,0.5,0.5199999809265137,0.5,0.5199999809265137,1369,0.0,0.0
2024-03-04 13:30:00-05:00,0.5400000214576721,0.5400000214576721,0.539900004863739,0.539900004863739,476,0.0,0.0
2024-03-04 14:30:00-05:00,0.5062000155448914,0.5062000155448914,0.5,0.5,10874,0.0,0.0
2024-03-04 15:30:00-05:00,0.5,0.5148509740829468,0.49000000953674316,0.504800021648407,9023,0.0,0.0
2024-03-05 09:30:00-05:00,0.5,0.5115000009536743,0.49149999022483826,0.5115000009536743,2321,0.0,0.0
2024-03-05 11:30:00-05:00,0.5115000009536743,0.5370000004768372,0.5115000009536743,0.5370000004768372,653,0.0,0.0
2024-03-05 12:30:00-05:00,0.5116000175476074,0.5116000175476074,0.5116000175476074,0.5116000175476074,259,0.0,0.0
2024-03-05 15:30:00-05:00,0.5115000009536743,0.5115000009536743,0.5115000009536743,0.5115000009536743,1096,0.0,0.0
2024-03-06 09:30:00-05:00,0.5299999713897705,0.5299999713897705,0.5001000165939331,0.5250999927520752,2356,0.0,0.0
2024-03-06 10:30:00-05:00,0.5001999735832214,0.5001999735832214,0.5001999735832214,0.5001999735832214,231,0.0,0.0
2024-03-06 12:30:00-05:00,0.5049999952316284,0.5049999952316284,0.5049999952316284,0.5049999952316284,2111,0.0,0.0
2024-03-06 13:30:00-05:00,0.5784000158309937,0.5784000158309937,0.5784000158309937,0.5784000158309937,1600,0.0,0.0
2024-03-06 14:30:00-05:00,0.5529999732971191,0.5698999762535095,0.550000011920929,0.5501000285148621,1285,0.0,0.0
2024-03-06 15:30:00-05:00,0.5302000045776367,0.5351999998092651,0.5120000243186951,0.5351999998092651,0,0.0,0.0
2024-03-07 10:30:00-05:00,0.5300989747047424,0.5300989747047424,0.5300989747047424,0.5300989747047424,415,0.0,0.0
2024-03-07 11:30:00-05:00,0.534949004650116,0.534949004650116,0.5349000096321106,0.5349000096321106,1110,0.0,0.0
2024-03-07 12:30:00-05:00,0.5382000207901001,0.539900004863739,0.5382000207901001,0.539900004863739,772,0.0,0.0
2024-03-07 14:30:00-05:00,0.5199999809265137,0.5199999809265137,0.5199999809265137,0.5199999809265137,0,0.0,0.0
2024-03-08 09:30:00-05:00,0.5198990106582642,0.538798987865448,0.5198990106582642,0.538798987865448,3333,0.0,0.0
2024-03-08 11:30:00-05:00,0.5519999861717224,0.5519999861717224,0.5299999713897705,0.5299999713897705,1746,0.0,0.0
2024-03-11 09:30:00-04:00,0.5690000057220459,0.6000000238418579,0.548799991607666,0.548799991607666,4203,0.0,0.0
2024-03-11 10:30:00-04:00,0.550000011920929,0.5674999952316284,0.5399640202522278,0.5399640202522278,5053,0.0,0.0
2024-03-11 12:30:00-04:00,0.5600000023841858,0.5600000023841858,0.5600000023841858,0.5600000023841858,2016,0.0,0.0
2024-03-11 13:30:00-04:00,0.5580000281333923,0.5580000281333923,0.5580000281333923,0.5580000281333923,191,0.0,0.0
2024-03-12 09:30:00-04:00,0.5200999975204468,0.5550000071525574,0.5099999904632568,0.5099999904632568,989,0.0,0.0
2024-03-12 10:30:00-04:00,0.5550000071525574,0.5550000071525574,0.5550000071525574,0.5550000071525574,224,0.0,0.0
2024-03-12 11:30:00-04:00,0.6000000238418579,0.6000000238418579,0.5550000071525574,0.5550000071525574,618,0.0,0.0
2024-03-12 12:30:00-04:00,0.5199999809265137,0.6000000238418579,0.5199999809265137,0.6000000238418579,799,0.0,0.0
2024-03-12 14:30:00-04:00,0.5895000100135803,0.5895000100135803,0.5699999928474426,0.5699999928474426,512,0.0,0.0
2024-03-12 15:30:00-04:00,0.5400000214576721,0.5425000190734863,0.5210000276565552,0.5210000276565552,1027,0.0,0.0
2024-03-13 10:30:00-04:00,0.5200999975204468,0.5200999975204468,0.5200999975204468,0.5200999975204468,649,0.0,0.0
2024-03-13 11:30:00-04:00,0.5400000214576721,0.5400000214576721,0.5199999809265137,0.5199999809265137,238,0.0,0.0
2024-03-13 13:30:00-04:00,0.5400000214576721,0.5400000214576721,0.5199999809265137,0.5199999809265137,3473,0.0,0.0
2024-03-13 15:30:00-04:00,0.5009999871253967,0.5009999871253967,0.5009999871253967,0.5009999871253967,126,0.0,0.0
2024-03-14 10:30:00-04:00,0.5015000104904175,0.5015000104904175,0.5015000104904175,0.5015000104904175,1798,0.0,0.0
2024-03-15 09:30:00-04:00,0.5,0.5001000165939331,0.49059998989105225,0.49059998989105225,10929,0.0,0.0
2024-03-15 10:30:00-04:00,0.5382000207901001,0.5385000109672546,0.5382000207901001,0.5385000109672546,2500,0.0,0.0
2024-03-15 11:30:00-04:00,0.4999000132083893,0.4999000132083893,0.49070000648498535,0.49070000648498535,3002,0.0,0.0
2024-03-15 13:30:00-04:00,0.4909999966621399,0.5,0.49059998989105225,0.5,710,0.0,0.0
2024-03-15 14:30:00-04:00,0.5,0.5,0.5,0.5,270,0.0,0.0
2024-03-15 15:30:00-04:00,0.4945000112056732,0.4945000112056732,0.4943999946117401,0.4943999946117401,313,0.0,0.0
2024-03-18 09:30:00-04:00,0.47200000286102295,0.49470001459121704,0.47200000286102295,0.49470001459121704,0,0.0,0.0
2024-03-18 10:30:00-04:00,0.5047000050544739,0.5047000050544739,0.49000000953674316,0.49000000953674316,1582,0.0,0.0
2024-03-18 13:30:00-04:00,0.5105999708175659,0.5105999708175659,0.5105999708175659,0.5105999708175659,1056,0.0,0.0
2024-03-18 14:30:00-04:00,0.5049999952316284,0.5049999952316284,0.5049999952316284,0.5049999952316284,820,0.0,0.0
2024-03-19 09:30:00-04:00,0.4909999966621399,0.4909999966621399,0.4909999966621399,0.4909999966621399,212,0.0,0.0
2024-03-19 10:30:00-04:00,0.4970000088214874,0.4970000088214874,0.47099998593330383,0.4848000109195709,8370,0.0,0.0
2024-03-19 11:30:00-04:00,0.5048999786376953,0.5049999952316284,0.5048999786376953,0.5049999952316284,3557,0.0,0.0
2024-03-19 13:30:00-04:00,0.4950000047683716,0.4950000047683716,0.4950000047683716,0.4950000047683716,1687,0.0,0.0
2024-03-20 15:30:00-04:00,0.492000013589859,0.492000013589859,0.48500001430511475,0.48590001463890076,9395,0.0,0.0
2024-03-21 09:30:00-04:00,0.49000000953674316,0.5,0.49000000953674316,0.5,629,0.0,0.0
2024-03-21 12:30:00-04:00,0.5,0.5,0.5,0.5,200,0.0,0.0
2024-03-21 13:30:00-04:00,0.49939998984336853,0.5321000218391418,0.49540001153945923,0.4968000054359436,5857,0.0,0.0
2024-03-21 15:30:00-04:00,0.49160000681877136,0.49160000681877136,0.49160000681877136,0.49160000681877136,276,0.0,0.0
2024-03-22 09:30:00-04:00,0.4970000088214874,0.4970000088214874,0.4970000088214874,0.4970000088214874,311,0.0,0.0
2024-03-22 10:30:00-04:00,0.49000000953674316,0.49000000953674316,0.48010000586509705,0.48010000586509705,2686,0.0,0.0
2024-03-22 12:30:00-04:00,0.511900007724762,0.511900007724762,0.511900007724762,0.511900007724762,501,0.0,0.0
2024-03-22 14:30:00-04:00,0.48500001430511475,0.48500001430511475,0.4749999940395355,0.47999998927116394,38145,0.0,0.0
2024-03-22 15:30:00-04:00,0.4699999988079071,0.4921000003814697,0.4699999988079071,0.48489999771118164,1014,0.0,0.0
2024-03-25 09:30:00-04:00,0.5,0.5023999810218811,0.49000000953674316,0.4966000020503998,0,0.0,0.0
2024-03-25 10:30:00-04:00,0.5005000233650208,0.5005000233650208,0.49000000953674316,0.49000000953674316,2768,0.0,0.0
2024-03-25 11:30:00-04:00,0.48100000619888306,0.48100000619888306,0.48100000619888306,0.48100000619888306,500,0.0,0.0
2024-03-25 12:30:00-04:00,0.4902999997138977,0.4902999997138977,0.4902999997138977,0.4902999997138977,215,0.0,0.0
2024-03-25 13:30:00-04:00,0.4925000071525574,0.4925000071525574,0.4925000071525574,0.4925000071525574,4193,0.0,0.0
2024-03-25 14:30:00-04:00,0.4950000047683716,0.4950000047683716,0.4950000047683716,0.4950000047683716,274,0.0,0.0
2024-03-25 15:30:00-04:00,0.49000000953674316,0.49000000953674316,0.49000000953674316,0.49000000953674316,132,0.0,0.0
2024-03-26 09:30:00-04:00,0.47999998927116394,0.47999998927116394,0.4699999988079071,0.4699999988079071,8580,0.0,0.0
2024-03-26 10:30:00-04:00,0.4740000069141388,0.4740000069141388,0.4740000069141388,0.4740000069141388,204,0.0,0.0
2024-03-26 13:30:00-04:00,0.47999998927116394,0.47999998927116394,0.4799000024795532,0.4799000024795532,4846,0.0,0.0
2024-03-26 14:30:00-04:00,0.47999998927116394,0.47999998927116394,0.47999998927116394,0.47999998927116394,0,0.0,0.0
2024-03-26 15:30:00-04:00,0.47099998593330383,0.47099998593330383,0.46000000834465027,0.46000000834465027,15917,0.0,0.0
2024-03-27 09:30:00-04:00,0.4699999988079071,0.48899999260902405,0.4699999988079071,0.47999998927116394,22120,0.0,0.0
2024-03-27 11:30:00-04:00,0.45010000467300415,0.45010000467300415,0.45010000467300415,0.45010000467300415,1466,0.0,0.0
2024-03-27 12:30:00-04:00,0.4738999903202057,0.4738999903202057,0.4399999976158142,0.44369998574256897,22978,0.0,0.0
2024-03-27 13:30:00-04:00,0.4401000142097473,0.47999998927116394,0.4399999976158142,0.47999998927116394,11559,0.0,0.0
2024-03-27 14:30:00-04:00,0.4790000021457672,0.47999998927116394,0.4399999976158142,0.4399999976158142,7089,0.0,0.0
2024-03-27 15:30:00-04:00,0.4399999976158142,0.4449999928474426,0.4399999976158142,0.4449000060558319,3283,0.0,0.0
2024-03-28 09:30:00-04:00,0.4399999976158142,0.4401000142097473,0.3799999952316284,0.3799999952316284,73228,0.0,0.0
2024-03-28 10:30:00-04:00,0.4399000108242035,0.4399000108242035,0.38100001215934753,0.390500009059906,13731,0.0,0.0
2024-03-28 11:30:00-04:00,0.39890000224113464,0.39890000224113464,0.38999998569488525,0.3944999873638153,1586,0.0,0.0
2024-03-28 12:30:00-04:00,0.38999998569488525,0.39010000228881836,0.3659999966621399,0.3693999946117401,11742,0.0,0.0
2024-03-28 13:30:00-04:00,0.3700000047683716,0.3700000047683716,0.3659999966621399,0.3659999966621399,3660,0.0,0.0
2024-03-28 14:30:00-04:00,0.3659999966621399,0.3944999873638153,0.36000001430511475,0.36000001430511475,26932,0.0,0.0
2024-03-28 15:30:00-04:00,0.36000001430511475,0.38929998874664307,0.36000001430511475,0.3779999911785126,5613,0.0,0.0
2024-04-01 09:30:00-04:00,0.3968999981880188,0.4172999858856201,0.3968999981880188,0.39750000834465027,5521,0.0,0.0
2024-04-01 10:30:00-04:00,0.4099999964237213,0.41100001335144043,0.3968999981880188,0.3968999981880188,4989,0.0,0.0
2024-04-01 11:30:00-04:00,0.3968999981880188,0.3968999981880188,0.3968999981880188,0.3968999981880188,1501,0.0,0.0
2024-04-01 12:30:00-04:00,0.3968999981880188,0.39800000190734863,0.3968999981880188,0.3978999853134155,2720,0.0,0.0
2024-04-01 13:30:00-04:00,0.41100001335144043,0.41110000014305115,0.3968999981880188,0.3968999981880188,10176,0.0,0.0
2024-04-01 14:30:00-04:00,0.4066999852657318,0.41110000014305115,0.4000000059604645,0.4000000059604645,11662,0.0,0.0
2024-04-01 15:30:00-04:00,0.40549999475479126,0.4390000104904175,0.4000000059604645,0.4000000059604645,5442,0.0,0.0
2024-04-02 09:30:00-04:00,0.382999986410141,0.4205000102519989,0.382999986410141,0.4205000102519989,4889,0.0,0.0
2024-04-02 10:30:00-04:00,0.4205000102519989,0.42100000381469727,0.39500001072883606,0.42100000381469727,5580,0.0,0.0
2024-04-02 11:30:00-04:00,0.4000999927520752,0.42100000381469727,0.4000000059604645,0.42100000381469727,1643,0.0,0.0
2024-04-02 12:30:00-04:00,0.42100000381469727,0.4390000104904175,0.41999998688697815,0.4390000104904175,4641,0.0,0.0
2024-04-02 13:30:00-04:00,0.4388999938964844,0.4388999938964844,0.4388999938964844,0.4388999938964844,430,0.0,0.0
2024-04-02 14:30:00-04:00,0.4050000011920929,0.4388999938964844,0.4050000011920929,0.4388999938964844,39900,0.0,0.0
2024-04-02 15:30:00-04:00,0.43799999356269836,0.5001000165939331,0.43799999356269836,0.44999998807907104,49727,0.0,0.0
2024-04-03 09:30:00-04:00,0.4650000035762787,0.4650000035762787,0.42500001192092896,0.43799999356269836,4366,0.0,0.0
2024-04-03 11:30:00-04:00,0.42500001192092896,0.42500001192092896,0.4009999930858612,0.4009999930858612,15061,0.0,0.0
2024-04-03 12:30:00-04:00,0.44999998807907104,0.44999998807907104,0.42660000920295715,0.44999998807907104,26510,0.0,0.0
2024-04-03 14:30:00-04:00,0.4499000012874603,0.44999998807907104,0.4494999945163727,0.44999998807907104,2655,0.0,0.0
2024-04-03 15:30:00-04:00,0.44999998807907104,0.44999998807907104,0.44999998807907104,0.44999998807907104,233,0.0,0.0
2024-04-04 10:30:00-04:00,0.4300000071525574,0.4300000071525574,0.42100000381469727,0.4284999966621399,20292,0.0,0.0
2024-04-04 11:30:00-04:00,0.42100000381469727,0.4499000012874603,0.41499999165534973,0.4499000012874603,0,0.0,0.0
2024-04-04 12:30:00-04:00,0.4101000130176544,0.44999998807907104,0.4101000130176544,0.4499000012874603,6478,0.0,0.0
2024-04-04 13:30:00-04:00,0.44999998807907104,0.44999998807907104,0.44999998807907104,0.44999998807907104,2924,0.0,0.0
2024-04-04 15:30:00-04:00,0.4487999975681305,0.49900001287460327,0.4487999975681305,0.4595000147819519,13355,0.0,0.0
2024-04-05 09:30:00-04:00,0.47699999809265137,0.49000000953674316,0.44999998807907104,0.49000000953674316,14123,0.0,0.0
2024-04-05 11:30:00-04:00,0.4830000102519989,0.4830000102519989,0.45410001277923584,0.45410001277923584,304,0.0,0.0
2024-04-05 12:30:00-04:00,0.45399999618530273,0.45399999618530273,0.45399999618530273,0.45399999618530273,197,0.0,0.0
2024-04-05 14:30:00-04:00,0.4767000079154968,0.4767000079154968,0.45399999618530273,0.45399999618530273,1373,0.0,0.0
2024-04-05 15:30:00-04:00,0.45500001311302185,0.5015000104904175,0.45500001311302185,0.47999998927116394,16606,0.0,0.0
2024-04-08 10:30:00-04:00,0.4749999940395355,0.4749999940395355,0.4749999940395355,0.4749999940395355,369,0.0,0.0
2024-04-08 12:30:00-04:00,0.4699999988079071,0.4699999988079071,0.4699999988079071,0.4699999988079071,173,0.0,0.0
2024-04-08 13:30:00-04:00,0.4699999988079071,0.5040000081062317,0.4699999988079071,0.5040000081062317,2201,0.0,0.0
2024-04-08 14:30:00-04:00,0.4700999855995178,0.48989999294281006,0.4700999855995178,0.48989999294281006,525,0.0,0.0
2024-04-08 15:30:00-04:00,0.47099998593330383,0.49000000953674316,0.4699999988079071,0.4837000072002411,7874,0.0,0.0
2024-04-09 09:30:00-04:00,0.5048999786376953,0.5049999952316284,0.49000000953674316,0.49000000953674316,0,0.0,0.0
2024-04-09 12:30:00-04:00,0.49869999289512634,0.49869999289512634,0.49869999289512634,0.49869999289512634,321,0.0,0.0
2024-04-09 13:30:00-04:00,0.49000000953674316,0.49000000953674316,0.49000000953674316,0.49000000953674316,998,0.0,0.0
2024-04-09 14:30:00-04:00,0.48080000281333923,0.48080000281333923,0.4749999940395355,0.4749999940395355,4541,0.0,0.0
2024-04-10 09:30:00-04:00,0.5040000081062317,0.5040000081062317,0.460099995136261,0.460099995136261,469,0.0,0.0
2024-04-10 10:30:00-04:00,0.5049999952316284,0.5049999952316284,0.48249998688697815,0.48249998688697815,54504,0.0,0.0
2024-04-10 11:30:00-04:00,0.5040000081062317,0.550000011920929,0.460099995136261,0.5199999809265137,3842,0.0,0.0
2024-04-10 12:30:00-04:00,0.49000000953674316,0.5490000247955322,0.49000000953674316,0.5199000239372253,0,0.0,0.0
2024-04-10 13:30:00-04:00,0.5199000239372253,0.5199000239372253,0.5199000239372253,0.5199000239372253,63591,0.0,0.0
2024-04-10 14:30:00-04:00,0.5049999952316284,0.5049999952316284,0.4749999940395355,0.5049999952316284,306,0.0,0.0
2024-04-10 15:30:00-04:00,0.5199999809265137,0.5199999809265137,0.5199999809265137,0.5199999809265137,383,0.0,0.0
2024-04-11 10:30:00-04:00,0.4964999854564667,0.4964999854564667,0.4959999918937683,0.4959999918937683,914,0.0,0.0
2024-04-11 11:30:00-04:00,0.5189999938011169,0.5189999938011169,0.5189999938011169,0.5189999938011169,2241,0.0,0.0
2024-04-11 12:30:00-04:00,0.5189999938011169,0.5189999938011169,0.5189999938011169,0.5189999938011169,357,0.0,0.0
2024-04-11 14:30:00-04:00,0.5059999823570251,0.5059999823570251,0.5059999823570251,0.5059999823570251,250,0.0,0.0
2024-04-11 15:30:00-04:00,0.539900004863739,0.539900004863739,0.5264999866485596,0.5264999866485596,2622,0.0,0.0
2024-04-12 15:30:00-04:00,0.5101000070571899,0.5101000070571899,0.5101000070571899,0.5101000070571899,3330,0.0,0.0
2024-04-15 09:30:00-04:00,0.5101000070571899,0.5101000070571899,0.5101000070571899,0.5101000070571899,2503,0.0,0.0
2024-04-15 12:30:00-04:00,0.48510000109672546,0.48510000109672546,0.48510000109672546,0.48510000109672546,1980,0.0,0.0
2024-04-15 13:30:00-04:00,0.512499988079071,0.512499988079071,0.48500001430511475,0.48510000109672546,8409,0.0,0.0
2024-04-15 14:30:00-04:00,0.5199999809265137,0.5199999809265137,0.5,0.5,5724,0.0,0.0
2024-04-15 15:30:00-04:00,0.5,0.5,0.4650000035762787,0.4650000035762787,0,0.0,0.0
2024-04-16 09:30:00-04:00,0.4650999903678894,0.4975000023841858,0.4650999903678894,0.4975000023841858,2103,0.0,0.0
2024-04-16 10:30:00-04:00,0.4975000023841858,0.4975000023841858,0.4975000023841858,0.4975000023841858,159,0.0,0.0
2024-04-16 12:30:00-04:00,0.4975000023841858,0.5,0.48730000853538513,0.5,14840,0.0,0.0
2024-04-16 14:30:00-04:00,0.5098999738693237,0.5189999938011169,0.5098999738693237,0.5149999856948853,3012,0.0,0.0
2024-04-16 15:30:00-04:00,0.5199000239372253,0.5199999809265137,0.5049999952316284,0.5049999952316284,29401,0.0,0.0
2024-04-17 11:30:00-04:00,0.49000000953674316,0.49000000953674316,0.49000000953674316,0.49000000953674316,524,0.0,0.0
2024-04-17 12:30:00-04:00,0.5289999842643738,0.5289999842643738,0.5289999842643738,0.5289999842643738,24,0.0,0.0
2024-04-17 13:30:00-04:00,0.5099999904632568,0.5099999904632568,0.5099999904632568,0.5099999904632568,1682,0.0,0.0
2024-04-17 14:30:00-04:00,0.5095000267028809,0.5099999904632568,0.5090000033378601,0.5099999904632568,5165,0.0,0.0
2024-04-17 15:30:00-04:00,0.5099999904632568,0.5297999978065491,0.49900001287460327,0.522599995136261,37722,0.0,0.0
2024-04-18 09:30:00-04:00,0.5059999823570251,0.5059999823570251,0.4819999933242798,0.4819999933242798,5983,0.0,0.0
2024-04-18 10:30:00-04:00,0.4851999878883362,0.5199999809265137,0.4851999878883362,0.5199999809265137,3892,0.0,0.0
2024-04-18 11:30:00-04:00,0.5199999809265137,0.5199999809265137,0.5133000016212463,0.5164999961853027,2097,0.0,0.0
2024-04-18 14:30:00-04:00,0.5690000057220459,0.5690000057220459,0.5449000000953674,0.5449000000953674,1921,0.0,0.0
2024-04-18 15:30:00-04:00,0.5692999958992004,0.5699999928474426,0.5324000120162964,0.5325999855995178,18376,0.0,0.0
2024-04-19 09:30:00-04:00,0.5299999713897705,0.5299999713897705,0.5299999713897705,0.5299999713897705,530,0.0,0.0
2024-04-19 10:30:00-04:00,0.5565000176429749,0.5565000176429749,0.5450000166893005,0.5450000166893005,516,0.0,0.0
2024-04-19 11:30:00-04:00,0.5425000190734863,0.5425000190734863,0.5425000190734863,0.5425000190734863,1097,0.0,0.0
2024-04-19 12:30:00-04:00,0.5559999942779541,0.5575000047683716,0.5450000166893005,0.5450000166893005,5096,0.0,0.0
2024-04-19 13:30:00-04:00,0.5600000023841858,0.5698999762535095,0.5600000023841858,0.5698999762535095,1248,0.0,0.0
2024-04-19 14:30:00-04:00,0.5899999737739563,0.5899999737739563,0.5450000166893005,0.5450999736785889,41702,0.0,0.0
2024-04-19 15:30:00-04:00,0.5450999736785889,0.5674999952316284,0.5450000166893005,0.5674999952316284,24403,0.0,0.0
2024-04-22 09:30:00-04:00,0.5583999752998352,0.5899999737739563,0.5450000166893005,0.5899999737739563,1134,0.0,0.0
2024-04-22 10:30:00-04:00,0.5600000023841858,0.5600000023841858,0.5600000023841858,0.5600000023841858,1096,0.0,0.0
2024-04-22 12:30:00-04:00,0.5400000214576721,0.5649999976158142,0.5400000214576721,0.5400000214576721,6828,0.0,0.0
2024-04-23 09:30:00-04:00,0.5400000214576721,0.5400000214576721,0.5400000214576721,0.5400000214576721,251,0.0,0.0
2024-04-23 10:30:00-04:00,0.550000011920929,0.5598999857902527,0.5424000024795532,0.5598999857902527,2508,0.0,0.0
2024-04-23 11:30:00-04:00,0.558899998664856,0.5600000023841858,0.5400000214576721,0.5400000214576721,670,0.0,0.0
2024-04-23 12:30:00-04:00,0.5400000214576721,0.5400000214576721,0.5400000214576721,0.5400000214576721,2,0.0,0.0
2024-04-23 13:30:00-04:00,0.5600000023841858,0.5600000023841858,0.5600000023841858,0.5600000023841858,110,0.0,0.0
2024-04-23 14:30:00-04:00,0.5400000214576721,0.5540000200271606,0.5400000214576721,0.5475000143051147,2450,0.0,0.0
2024-04-23 15:30:00-04:00,0.5600000023841858,0.5600000023841858,0.550000011920929,0.550000011920929,1312,0.0,0.0
2024-04-24 09:30:00-04:00,0.5600000023841858,0.5600000023841858,0.5600000023841858,0.5600000023841858,620,0.0,0.0
2024-04-24 12:30:00-04:00,0.5400000214576721,0.5400000214576721,0.5383999943733215,0.5383999943733215,2236,0.0,0.0
2024-04-24 13:30:00-04:00,0.5400000214576721,0.5400000214576721,0.5299999713897705,0.5299999713897705,765,0.0,0.0
2024-04-24 14:30:00-04:00,0.5300999879837036,0.5300999879837036,0.5300999879837036,0.5300999879837036,300,0.0,0.0
2024-04-24 15:30:00-04:00,0.5490000247955322,0.550000011920929,0.5396999716758728,0.5396999716758728,1511,0.0,0.0
2024-04-25 09:30:00-04:00,0.5419999957084656,0.5600000023841858,0.5419999957084656,0.5600000023841858,474,0.0,0.0
2024-04-25 10:30:00-04:00,0.5292999744415283,0.5292999744415283,0.52920001745224,0.52920001745224,1189,0.0,0.0
2024-04-25 13:30:00-04:00,0.5299999713897705,0.5299999713897705,0.5299999713897705,0.5299999713897705,224,0.0,0.0
2024-04-25 14:30:00-04:00,0.52920001745224,0.52920001745224,0.52920001745224,0.52920001745224,181,0.0,0.0
2024-04-25 15:30:00-04:00,0.52920001745224,0.52920001745224,0.52920001745224,0.52920001745224,158,0.0,0.0
2024-04-26 09:30:00-04:00,0.52920001745224,0.5299000144004822,0.52920001745224,0.5299000144004822,6396,0.0,0.0
2024-04-26 14:30:00-04:00,0.5228999853134155,0.5228999853134155,0.515999972820282,0.515999972820282,972,0.0,0.0
2024-04-26 15:30:00-04:00,0.5145000219345093,0.5145000219345093,0.5145000219345093,0.5145000219345093,314,0.0,0.0
2024-04-29 09:30:00-04:00,0.5099999904632568,0.5099999904632568,0.460099995136261,0.4611000120639801,14415,0.0,0.0
2024-04-29 10:30:00-04:00,0.445499986410141,0.445499986410141,0.42500001192092896,0.4250999987125397,20103,0.0,0.0
2024-04-29 11:30:00-04:00,0.4300000071525574,0.4300000071525574,0.42250001430511475,0.4300000071525574,13290,0.0,0.0
2024-04-29 12:30:00-04:00,0.4487000107765198,0.4487000107765198,0.4487000107765198,0.4487000107765198,1153,0.0,0.0
2024-04-29 13:30:00-04:00,0.44999998807907104,0.44999998807907104,0.44999998807907104,0.44999998807907104,2789,0.0,0.0
2024-04-29 14:30:00-04:00,0.4300000071525574,0.4399999976158142,0.4300000071525574,0.4399999976158142,6910,0.0,0.0
2024-04-29 15:30:00-04:00,0.4300999939441681,0.44999998807907104,0.4300999939441681,0.4300999939441681,4866,0.0,0.0
2024-04-30 09:30:00-04:00,0.44999998807907104,0.44999998807907104,0.44999998807907104,0.44999998807907104,1474,0.0,0.0
2024-04-30 10:30:00-04:00,0.4399999976158142,0.4399999976158142,0.41100001335144043,0.41100001335144043,3502,0.0,0.0
2024-04-30 11:30:00-04:00,0.41200000047683716,0.41200000047683716,0.41200000047683716,0.41200000047683716,370,0.0,0.0
2024-04-30 13:30:00-04:00,0.4099999964237213,0.4099999964237213,0.4099999964237213,0.4099999964237213,631,0.0,0.0
2024-04-30 14:30:00-04:00,0.41100001335144043,0.41100001335144043,0.4099999964237213,0.4099999964237213,1857,0.0,0.0
2024-05-01 09:30:00-04:00,0.4101000130176544,0.4101000130176544,0.4101000130176544,0.4101000130176544,1263,0.0,0.0
2024-05-01 10:30:00-04:00,0.4101000130176544,0.4101000130176544,0.4101000130176544,0.4101000130176544,743,0.0,0.0
2024-05-02 09:30:00-04:00,0.4099999964237213,0.45899999141693115,0.40950000286102295,0.40950000286102295,11967,0.0,0.0
2024-05-02 10:30:00-04:00,0.4099999964237213,0.45899999141693115,0.40950000286102295,0.4099999964237213,16368,0.0,0.0
2024-05-02 11:30:00-04:00,0.4099999964237213,0.43050000071525574,0.40950000286102295,0.40959998965263367,24508,0.0,0.0
2024-05-02 12:30:00-04:00,0.4099999964237213,0.4099999964237213,0.4099999964237213,0.4099999964237213,3154,0.0,0.0
2024-05-02 13:30:00-04:00,0.4106999933719635,0.41200000047683716,0.40950000286102295,0.40950000286102295,9093,0.0,0.0
2024-05-02 14:30:00-04:00,0.4000000059604645,0.420199990272522,0.4000000059604645,0.420199990272522,11339,0.0,0.0
2024-05-02 15:30:00-04:00,0.4000000059604645,0.4099999964237213,0.4000000059604645,0.4000000059604645,2240,0.0,0.0
2024-05-03 09:30:00-04:00,0.4099999964237213,0.4099999964237213,0.4099999964237213,0.4099999964237213,313,0.0,0.0
2024-05-03 10:30:00-04:00,0.41019999980926514,0.41019999980926514,0.41019999980926514,0.41019999980926514,8864,0.0,0.0
2024-05-03 14:30:00-04:00,0.4000999927520752,0.4000999927520752,0.4000999927520752,0.4000999927520752,895,0.0,0.0
2024-05-03 15:30:00-04:00,0.41999998688697815,0.41999998688697815,0.4099999964237213,0.41999998688697815,24323,0.0,0.0
2024-05-06 09:30:00-04:00,0.41999998688697815,0.41999998688697815,0.40950000286102295,0.4171000123023987,3174,0.0,0.0
2024-05-06 11:30:00-04:00,0.40470001101493835,0.40470001101493835,0.40470001101493835,0.40470001101493835,15693,0.0,0.0
2024-05-06 12:30:00-04:00,0.4049000144004822,0.41999998688697815,0.4049000144004822,0.41999998688697815,5084,0.0,0.0
2024-05-06 13:30:00-04:00,0.4099999964237213,0.41990000009536743,0.4099999964237213,0.4189999997615814,8687,0.0,0.0
2024-05-06 14:30:00-04:00,0.4490000009536743,0.4490000009536743,0.4339999854564667,0.4339999854564667,1274,0.0,0.0
2024-05-06 15:30:00-04:00,0.42660000920295715,0.42660000920295715,0.4259999990463257,0.4259999990463257,630,0.0,0.0
2024-05-07 09:30:00-04:00,0.4399000108242035,0.4399999976158142,0.4390000104904175,0.4399999976158142,5533,0.0,0.0
2024-05-07 10:30:00-04:00,0.44999998807907104,0.44999998807907104,0.41510000824928284,0.4399999976158142,1848,0.0,0.0
2024-05-07 11:30:00-04:00,0.4390000104904175,0.4390000104904175,0.42750000953674316,0.42750000953674316,0,0.0,0.0
2024-05-07 12:30:00-04:00,0.42750000953674316,0.4390000104904175,0.41499999165534973,0.41499999165534973,1076,0.0,0.0
2024-05-07 13:30:00-04:00,0.42750000953674316,0.42750000953674316,0.42750000953674316,0.42750000953674316,198,0.0,0.0
2024-05-07 14:30:00-04:00,0.41499999165534973,0.42750000953674316,0.41499999165534973,0.42750000953674316,10899,0.0,0.0
2024-05-07 15:30:00-04:00,0.4226999878883362,0.42750000953674316,0.41499999165534973,0.41499999165534973,2025,0.0,0.0
2024-05-08 10:30:00-04:00,0.41999998688697815,0.41999998688697815,0.41999998688697815,0.41999998688697815,1688,0.0,0.0
2024-05-08 11:30:00-04:00,0.4000000059604645,0.4000000059604645,0.4000000059604645,0.4000000059604645,8766,0.0,0.0
2024-05-08 12:30:00-04:00,0.41999998688697815,0.41999998688697815,0.41999998688697815,0.41999998688697815,249,0.0,0.0
2024-05-08 13:30:00-04:00,0.41999998688697815,0.41999998688697815,0.41999998688697815,0.41999998688697815,209,0.0,0.0
2024-05-08 14:30:00-04:00,0.41990000009536743,0.41990000009536743,0.38999998569488525,0.39010000228881836,17954,0.0,0.0
2024-05-09 09:30:00-04:00,0.39100000262260437,0.39100000262260437,0.39100000262260437,0.39100000262260437,800,0.0,0.0
2024-05-09 11:30:00-04:00,0.39100000262260437,0.39100000262260437,0.39100000262260437,0.39100000262260437,380,0.0,0.0
2024-05-09 12:30:00-04:00,0.4050000011920929,0.40549999475479126,0.4009999930858612,0.40549999475479126,3721,0.0,0.0
2024-05-09 13:30:00-04:00,0.39160001277923584,0.4099999964237213,0.38999998569488525,0.38999998569488525,13463,0.0,0.0
2024-05-09 14:30:00-04:00,0.38999998569488525,0.392300009727478,0.375,0.375,3705,0.0,0.0
2024-05-09 15:30:00-04:00,0.38100001215934753,0.38100001215934753,0.375,0.375,606,0.0,0.0
2024-05-10 09:30:00-04:00,0.4000000059604645,0.4000000059604645,0.38999998569488525,0.38999998569488525,1322,0.0,0.0
2024-05-10 10:30:00-04:00,0.38350000977516174,0.38350000977516174,0.37700000405311584,0.37700000405311584,7932,0.0,0.0
2024-05-10 11:30:00-04:00,0.37610000371932983,0.3799999952316284,0.37610000371932983,0.3799999952316284,5050,0.0,0.0
2024-05-10 13:30:00-04:00,0.38999998569488525,0.38999998569488525,0.382999986410141,0.382999986410141,3775,0.0,0.0
2024-05-10 15:30:00-04:00,0.375,0.375,0.375,0.375,125,0.0,0.0
2024-05-13 09:30:00-04:00,0.3869999945163727,0.3869999945163727,0.3869999945163727,0.3869999945163727,5051,0.0,0.0
2024-05-13 10:30:00-04:00,0.39899998903274536,0.39989998936653137,0.3804999887943268,0.39989998936653137,1345,0.0,0.0
2024-05-13 12:30:00-04:00,0.3700000047683716,0.3700000047683716,0.3675999939441681,0.3675999939441681,12107,0.0,0.0
2024-05-13 13:30:00-04:00,0.3774999976158142,0.3774999976158142,0.3774999976158142,0.3774999976158142,1028,0.0,0.0
2024-05-13 14:30:00-04:00,0.36800000071525574,0.3889999985694885,0.3650999963283539,0.3889999985694885,1104,0.0,0.0
2024-05-13 15:30:00-04:00,0.38989999890327454,0.38989999890327454,0.38429999351501465,0.38429999351501465,798,0.0,0.0
2024-05-14 09:30:00-04:00,0.4120999872684479,0.4120999872684479,0.4000000059604645,0.4000000059604645,8722,0.0,0.0
2024-05-14 10:30:00-04:00,0.38029998540878296,0.38029998540878296,0.38029998540878296,0.38029998540878296,2921,0.0,0.0
2024-05-14 11:30:00-04:00,0.3799999952316284,0.38499999046325684,0.3799999952316284,0.3801000118255615,950,0.0,0.0
2024-05-14 12:30:00-04:00,0.38499999046325684,0.38499999046325684,0.38499999046325684,0.38499999046325684,903,0.0,0.0
2024-05-14 13:30:00-04:00,0.38499999046325684,0.38499999046325684,0.38029998540878296,0.38499999046325684,3268,0.0,0.0
2024-05-14 14:30:00-04:00,0.3808000087738037,0.3828999996185303,0.3808000087738037,0.3828999996185303,976,0.0,0.0
2024-05-14 15:30:00-04:00,0.3828999996185303,0.3828999996185303,0.3765999972820282,0.3765999972820282,1769,0.0,0.0
2024-05-15 10:30:00-04:00,0.4000000059604645,0.42640000581741333,0.38999998569488525,0.42640000581741333,9933,0.0,0.0
2024-05-15 11:30:00-04:00,0.3828999996185303,0.3828999996185303,0.3828999996185303,0.3828999996185303,2723,0.0,0.0
2024-05-15 13:30:00-04:00,0.4699000120162964,0.4699000120162964,0.4309999942779541,0.45980000495910645,5979,0.0,0.0
2024-05-15 14:30:00-04:00,0.45969998836517334,0.45969998836517334,0.41100001335144043,0.41100001335144043,5839,0.0,0.0
2024-05-15 15:30:00-04:00,0.4099999964237213,0.41999998688697815,0.4059999883174896,0.41999998688697815,11167,0.0,0.0
2024-05-16 09:30:00-04:00,0.4099999964237213,0.4099999964237213,0.38999998569488525,0.4050000011920929,10511,0.0,0.0
2024-05-16 10:30:00-04:00,0.38999998569488525,0.3905999958515167,0.38999998569488525,0.3905999958515167,4851,0.0,0.0
2024-05-16 11:30:00-04:00,0.4099999964237213,0.4099999964237213,0.4099999964237213,0.4099999964237213,1463,0.0,0.0
2024-05-16 13:30:00-04:00,0.4090000092983246,0.4099999964237213,0.4090000092983246,0.4099999964237213,2026,0.0,0.0
2024-05-16 14:30:00-04:00,0.4000000059604645,0.4000000059604645,0.39989998936653137,0.39989998936653137,1703,0.0,0.0
2024-05-16 15:30:00-04:00,0.38580000400543213,0.3880999982357025,0.3815000057220459,0.3815000057220459,2915,0.0,0.0
2024-05-17 09:30:00-04:00,0.3831000030040741,0.3831000030040741,0.3831000030040741,0.3831000030040741,180,0.0,0.0
2024-05-17 10:30:00-04:00,0.41370001435279846,0.41370001435279846,0.3831999897956848,0.3831999897956848,3752,0.0,0.0
2024-05-17 11:30:00-04:00,0.3840999901294708,0.3970000147819519,0.3840000033378601,0.3970000147819519,1501,0.0,0.0
2024-05-17 12:30:00-04:00,0.3970000147819519,0.3970000147819519,0.3970000147819519,0.3970000147819519,530,0.0,0.0
2024-05-17 13:30:00-04:00,0.3970000147819519,0.3970000147819519,0.3970000147819519,0.3970000147819519,900,0.0,0.0
2024-05-17 14:30:00-04:00,0.3971000015735626,0.4099999964237213,0.3971000015735626,0.4099999964237213,1706,0.0,0.0
2024-05-17 15:30:00-04:00,0.4018999934196472,0.4018999934196472,0.4018999934196472,0.4018999934196472,1028,0.0,0.0
2024-05-20 09:30:00-04:00,0.41999998688697815,0.42730000615119934,0.3853999972343445,0.38929998874664307,13062,0.0,0.0
2024-05-20 10:30:00-04:00,0.38940000534057617,0.38999998569488525,0.38940000534057617,0.38999998569488525,578,0.0,0.0
2024-05-20 11:30:00-04:00,0.40630000829696655,0.40630000829696655,0.38609999418258667,0.38929998874664307,1387,0.0,0.0
2024-05-20 13:30:00-04:00,0.38999998569488525,0.41999998688697815,0.38999998569488525,0.38999998569488525,9328,0.0,0.0
2024-05-20 14:30:00-04:00,0.4050000011920929,0.41999998688697815,0.3894999921321869,0.38999998569488525,2192,0.0,0.0
2024-05-20 15:30:00-04:00,0.39100000262260437,0.40389999747276306,0.385699987411499,0.385699987411499,3743,0.0,0.0
2024-05-21 09:30:00-04:00,0.41110000014305115,0.41110000014305115,0.3869999945163727,0.39100000262260437,4282,0.0,0.0
2024-05-21 10:30:00-04:00,0.390500009059906,0.390500009059906,0.3862000107765198,0.38760000467300415,10200,0.0,0.0
2024-05-21 11:30:00-04:00,0.38760000467300415,0.39500001072883606,0.38499999046325684,0.38760000467300415,1965,0.0,0.0
2024-05-21 12:30:00-04:00,0.38499999046325684,0.39500001072883606,0.3801000118255615,0.3801000118255615,4811,0.0,0.0
2024-05-21 13:30:00-04:00,0.38100001215934753,0.39500001072883606,0.3709999918937683,0.39500001072883606,11378,0.0,0.0
2024-05-21 14:30:00-04:00,0.3521000146865845,0.39500001072883606,0.3521000146865845,0.3521000146865845,844,0.0,0.0
2024-05-21 15:30:00-04:00,0.3930000066757202,0.3930000066757202,0.36000001430511475,0.38999998569488525,1520,0.0,0.0
2024-05-22 09:30:00-04:00,0.36500000953674316,0.3831999897956848,0.36500000953674316,0.3831999897956848,1561,0.0,0.0
2024-05-22 11:30:00-04:00,0.39890000224113464,0.39890000224113464,0.388700008392334,0.388700008392334,418,0.0,0.0
2024-05-22 12:30:00-04:00,0.3874000012874603,0.3874000012874603,0.3874000012874603,0.3874000012874603,3138,0.0,0.0
2024-05-22 13:30:00-04:00,0.3799999952316284,0.3799999952316284,0.3799999952316284,0.3799999952316284,433,0.0,0.0
2024-05-22 15:30:00-04:00,0.37619999051094055,0.38100001215934753,0.37619999051094055,0.38100001215934753,244,0.0,0.0
2024-05-23 09:30:00-04:00,0.3799999952316284,0.3799999952316284,0.3799999952316284,0.3799999952316284,3052,0.0,0.0
2024-05-23 11:30:00-04:00,0.3650999963283539,0.3650999963283539,0.3650999963283539,0.3650999963283539,3707,0.0,0.0
2024-05-23 12:30:00-04:00,0.3776000142097473,0.3776000142097473,0.3776000142097473,0.3776000142097473,289,0.0,0.0
2024-05-23 14:30:00-04:00,0.3776000142097473,0.3776000142097473,0.3650999963283539,0.3776000142097473,5406,0.0,0.0
2024-05-24 09:30:00-04:00,0.382999986410141,0.4099999964237213,0.382999986410141,0.4099999964237213,30989,0.0,0.0
2024-05-24 10:30:00-04:00,0.4099999964237213,0.42989999055862427,0.4099999964237213,0.4189999997615814,8219,0.0,0.0
2024-05-24 11:30:00-04:00,0.41200000047683716,0.41839998960494995,0.4025000035762787,0.4025000035762787,9563,0.0,0.0
2024-05-24 12:30:00-04:00,0.3935000002384186,0.3935000002384186,0.38499999046325684,0.38499999046325684,2079,0.0,0.0
2024-05-28 09:30:00-04:00,0.4000000059604645,0.42899999022483826,0.38600000739097595,0.42899999022483826,8006,0.0,0.0
2024-05-28 10:30:00-04:00,0.42489999532699585,0.42489999532699585,0.4050000011920929,0.42489999532699585,1825,0.0,0.0
2024-05-28 11:30:00-04:00,0.38510000705718994,0.38510000705718994,0.38510000705718994,0.38510000705718994,1244,0.0,0.0
2024-05-28 12:30:00-04:00,0.4049000144004822,0.4099999964237213,0.38510000705718994,0.38510000705718994,1210,0.0,0.0
2024-05-28 13:30:00-04:00,0.38600000739097595,0.4099999964237213,0.3840000033378601,0.3840000033378601,5430,0.0,0.0
2024-05-28 14:30:00-04:00,0.42480000853538513,0.42480000853538513,0.3840999901294708,0.3840999901294708,26911,0.0,0.0
2024-05-28 15:30:00-04:00,0.3919999897480011,0.3919999897480011,0.3919999897480011,0.3919999897480011,2471,0.0,0.0
2024-05-29 09:30:00-04:00,0.3700000047683716,0.4099999964237213,0.3700000047683716,0.39100000262260437,6123,0.0,0.0
2024-05-29 10:30:00-04:00,0.4000000059604645,0.4000000059604645,0.4000000059604645,0.4000000059604645,518,0.0,0.0
2024-05-29 12:30:00-04:00,0.38999998569488525,0.38999998569488525,0.3700000047683716,0.38850000500679016,4706,0.0,0.0
2024-05-29 13:30:00-04:00,0.3776000142097473,0.38989999890327454,0.3776000142097473,0.3799999952316284,1294,0.0,0.0
2024-05-29 14:30:00-04:00,0.3799999952316284,0.3799999952316284,0.365200012922287,0.3776000142097473,1966,0.0,0.0
2024-05-29 15:30:00-04:00,0.3799999952316284,0.3799999952316284,0.3799999952316284,0.3799999952316284,351,0.0,0.0
2024-05-30 09:30:00-04:00,0.3659999966621399,0.3659999966621399,0.3659999966621399,0.3659999966621399,164,0.0,0.0
2024-05-30 10:30:00-04:00,0.36500000953674316,0.38499999046325684,0.36500000953674316,0.3765000104904175,6128,0.0,0.0
2024-05-30 12:30:00-04:00,0.38499999046325684,0.38499999046325684,0.38499999046325684,0.38499999046325684,105,0.0,0.0
2024-05-30 13:30:00-04:00,0.38499999046325684,0.39500001072883606,0.3695000112056732,0.3700000047683716,25682,0.0,0.0
2024-05-30 14:30:00-04:00,0.3824999928474426,0.3824999928474426,0.3824999928474426,0.3824999928474426,403,0.0,0.0
2024-05-30 15:30:00-04:00,0.3725000023841858,0.3725000023841858,0.3725000023841858,0.3725000023841858,1275,0.0,0.0
2024-05-31 09:30:00-04:00,0.36559998989105225,0.36559998989105225,0.36559998989105225,0.36559998989105225,497,0.0,0.0
2024-05-31 11:30:00-04:00,0.3700000047683716,0.3700000047683716,0.3700000047683716,0.3700000047683716,1043,0.0,0.0
2024-05-31 13:30:00-04:00,0.38690000772476196,0.3869999945163727,0.38690000772476196,0.3869999945163727,1304,0.0,0.0
2024-05-31 14:30:00-04:00,0.38609999418258667,0.3869999945163727,0.3804999887943268,0.3869999945163727,5893,0.0,0.0
2024-05-31 15:30:00-04:00,0.38589999079704285,0.3869999945163727,0.3831000030040741,0.3831000030040741,1965,0.0,0.0
2024-06-03 13:30:00-04:00,0.3709999918937683,0.3709999918937683,0.3700999915599823,0.3709999918937683,8019,0.0,0.0
2024-06-04 09:30:00-04:00,0.38199999928474426,0.38199999928474426,0.37119999527931213,0.37119999527931213,5663,0.0,0.0
2024-06-04 12:30:00-04:00,0.38199999928474426,0.38199999928474426,0.38199999928474426,0.38199999928474426,462,0.0,0.0
2024-06-04 13:30:00-04:00,0.3767000138759613,0.3767000138759613,0.3767000138759613,0.3767000138759613,1231,0.0,0.0
2024-06-04 15:30:00-04:00,0.3781999945640564,0.3781999945640564,0.3700000047683716,0.3700000047683716,14316,0.0,0.0
2024-06-05 09:30:00-04:00,0.38999998569488525,0.400299996137619,0.36010000109672546,0.36399999260902405,20796,0.0,0.0
2024-06-05 10:30:00-04:00,0.38100001215934753,0.4099999964237213,0.36000001430511475,0.4099999964237213,9639,0.0,0.0
2024-06-05 11:30:00-04:00,0.4011000096797943,0.4011000096797943,0.4011000096797943,0.4011000096797943,383,0.0,0.0
2024-06-05 12:30:00-04:00,0.3700000047683716,0.3700000047683716,0.36500000953674316,0.36500000953674316,534,0.0,0.0
2024-06-05 13:30:00-04:00,0.3749000132083893,0.375,0.3749000132083893,0.375,2075,0.0,0.0
2024-06-05 14:30:00-04:00,0.36500000953674316,0.3659999966621399,0.36500000953674316,0.3659999966621399,3808,0.0,0.0
2024-06-05 15:30:00-04:00,0.35510000586509705,0.35510000586509705,0.35510000586509705,0.35510000586509705,465,0.0,0.0
2024-06-06 09:30:00-04:00,0.3571999967098236,0.38769999146461487,0.3499999940395355,0.3499999940395355,9410,0.0,0.0
2024-06-06 10:30:00-04:00,0.36500000953674316,0.3698999881744385,0.3499999940395355,0.3537999987602234,4367,0.0,0.0
2024-06-06 11:30:00-04:00,0.3537999987602234,0.36489999294281006,0.3499999940395355,0.36000001430511475,2746,0.0,0.0
2024-06-06 12:30:00-04:00,0.3499999940395355,0.35499998927116394,0.3400000035762787,0.3449999988079071,9747,0.0,0.0
2024-06-06 13:30:00-04:00,0.34610000252723694,0.3479999899864197,0.32989999651908875,0.33000001311302185,24423,0.0,0.0
2024-06-06 14:30:00-04:00,0.33000001311302185,0.33000001311302185,0.32010000944137573,0.32330000400543213,66011,0.0,0.0
2024-06-06 15:30:00-04:00,0.3215999901294708,0.3215999901294708,0.30000001192092896,0.3009999990463257,52588,0.0,0.0
2024-06-07 09:30:00-04:00,3.3299999237060547,3.3299999237060547,2.907599925994873,2.907599925994873,15031,0.0,0.0
2024-06-07 10:30:00-04:00,3.0999999046325684,3.200000047683716,3.009999990463257,3.009999990463257,6024,0.0,0.0
2024-06-07 11:30:00-04:00,3.049999952316284,3.1500000953674316,3.049999952316284,3.0999999046325684,2026,0.0,0.0
2024-06-07 12:30:00-04:00,3.259999990463257,3.5381999015808105,3.119999885559082,3.299999952316284,8926,0.0,0.0
2024-06-07 13:30:00-04:00,3.180000066757202,3.180000066757202,3.0244998931884766,3.0244998931884766,2262,0.0,0.0
2024-06-07 14:30:00-04:00,3.0933001041412354,3.115000009536743,3.0933001041412354,3.115000009536743,504,0.0,0.0
2024-06-07 15:30:00-04:00,3.119999885559082,3.130000114440918,3.119999885559082,3.119999885559082,1092,0.0,0.0
2024-06-10 09:30:00-04:00,3.0999999046325684,3.1019999980926514,2.7701001167297363,2.7701001167297363,11177,0.0,0.0
2024-06-10 10:30:00-04:00,2.809999942779541,2.809999942779541,2.799999952316284,2.800100088119507,2129,0.0,0.0
2024-06-10 11:30:00-04:00,2.799999952316284,2.9100000858306885,2.799999952316284,2.799999952316284,3273,0.0,0.0
2024-06-10 12:30:00-04:00,2.799999952316284,2.9400999546051025,2.799999952316284,2.940000057220459,2296,0.0,0.0
2024-06-10 13:30:00-04:00,2.9400999546051025,2.9400999546051025,2.940000057220459,2.940000057220459,312,0.0,0.0
2024-06-10 14:30:00-04:00,2.9600000381469727,2.9600000381469727,2.9600000381469727,2.9600000381469727,1518,0.0,0.0
2024-06-11 09:30:00-04:00,2.8499999046325684,2.8499999046325684,2.8499999046325684,2.8499999046325684,583,0.0,0.0
2024-06-11 14:30:00-04:00,2.940000057220459,2.940000057220459,2.940000057220459,2.940000057220459,427,0.0,0.0
2024-06-12 11:30:00-04:00,3.0,3.0,3.0,3.0,1139,0.0,0.0
2024-06-12 13:30:00-04:00,3.0799999237060547,3.0799999237060547,3.0799999237060547,3.0799999237060547,272,0.0,0.0
2024-06-12 14:30:00-04:00,3.0790998935699463,3.0790998935699463,3.0790998935699463,3.0790998935699463,874,0.0,0.0
2024-06-12 15:30:00-04:00,3.0499000549316406,3.0499000549316406,3.0499000549316406,3.0499000549316406,185,0.0,0.0
2024-06-13 09:30:00-04:00,3.0,3.0,3.0,3.0,675,0.0,0.0
2024-06-13 10:30:00-04:00,3.0998001098632812,3.574199914932251,3.0899999141693115,3.1500000953674316,20033,0.0,0.0
2024-06-13 11:30:00-04:00,3.1600000858306885,3.1600000858306885,3.0399999618530273,3.0399999618530273,686,0.0,0.0
2024-06-13 12:30:00-04:00,3.0564000606536865,3.0696001052856445,3.0399999618530273,3.0399999618530273,1008,0.0,0.0
2024-06-13 13:30:00-04:00,3.0199999809265137,3.0199999809265137,3.0199999809265137,3.0199999809265137,323,0.0,0.0
2024-06-13 14:30:00-04:00,3.0199999809265137,3.0999999046325684,3.0199999809265137,3.0299999713897705,1331,0.0,0.0
2024-06-13 15:30:00-04:00,3.0950000286102295,3.0950000286102295,3.0299999713897705,3.0299999713897705,579,0.0,0.0
2024-06-14 09:30:00-04:00,3.0199999809265137,3.0199999809265137,3.0199999809265137,3.0199999809265137,393,0.0,0.0
2024-06-14 10:30:00-04:00,3.0199999809265137,3.0199999809265137,3.0199999809265137,3.0199999809265137,167,0.0,0.0
2024-06-14 13:30:00-04:00,3.0799999237060547,3.0799999237060547,3.0799999237060547,3.0799999237060547,0,0.0,0.0
2024-06-14 15:30:00-04:00,3.219899892807007,3.219899892807007,3.090100049972534,3.0999999046325684,1715,0.0,0.0
2024-06-17 09:30:00-04:00,3.580399990081787,3.580399990081787,3.119999885559082,3.4000000953674316,12392,0.0,0.0
2024-06-17 10:30:00-04:00,3.1600000858306885,3.160099983215332,3.130000114440918,3.130000114440918,2396,0.0,0.0
2024-06-17 11:30:00-04:00,3.130000114440918,3.140000104904175,3.130000114440918,3.140000104904175,825,0.0,0.0
2024-06-17 12:30:00-04:00,3.130000114440918,3.130000114440918,3.130000114440918,3.130000114440918,561,0.0,0.0
2024-06-17 14:30:00-04:00,3.25,3.25,3.25,3.25,1498,0.0,0.0
2024-06-18 09:30:00-04:00,3.109999895095825,3.1451001167297363,3.109999895095825,3.1451001167297363,5523,0.0,0.0
2024-06-18 10:30:00-04:00,3.119999885559082,3.119999885559082,3.119999885559082,3.119999885559082,220,0.0,0.0
2024-06-18 11:30:00-04:00,3.1500000953674316,3.3859000205993652,3.130000114440918,3.3859000205993652,1290,0.0,0.0
2024-06-18 12:30:00-04:00,3.130000114440918,3.2750000953674316,3.130000114440918,3.2750000953674316,219,0.0,0.0
2024-06-18 13:30:00-04:00,3.200000047683716,3.2723000049591064,3.200000047683716,3.2723000049591064,800,0.0,0.0
2024-06-18 14:30:00-04:00,3.194999933242798,3.194999933242798,3.1500000953674316,3.1500000953674316,1936,0.0,0.0
2024-06-18 15:30:00-04:00,3.1524999141693115,3.1524999141693115,3.109999895095825,3.109999895095825,6373,0.0,0.0
2024-06-20 09:30:00-04:00,3.0899999141693115,3.0899999141693115,3.0899999141693115,3.0899999141693115,1084,0.0,0.0
2024-06-20 10:30:00-04:00,3.04010009765625,3.04010009765625,3.04010009765625,3.04010009765625,2105,0.0,0.0
2024-06-20 12:30:00-04:00,3.200000047683716,3.200000047683716,3.200000047683716,3.200000047683716,334,0.0,0.0
2024-06-21 10:30:00-04:00,3.0999999046325684,3.1164000034332275,3.0801000595092773,3.0801000595092773,1169,0.0,0.0
2024-06-21 15:30:00-04:00,3.1500000953674316,3.1500000953674316,3.140000104904175,3.140000104904175,869,0.0,0.0
