Datetime,Open,High,Low,Close,Volume,Dividends,Stock Splits
2022-06-23 09:30:00-04:00,3.259999990463257,3.3499999046325684,3.1500000953674316,3.219899892807007,36840,0.0,0.0
2022-06-23 10:30:00-04:00,3.200000047683716,3.2200000286102295,3.130000114440918,3.2049999237060547,33871,0.0,0.0
2022-06-23 11:30:00-04:00,3.2049999237060547,3.2049999237060547,3.119999885559082,3.119999885559082,26276,0.0,0.0
2022-06-23 12:30:00-04:00,3.125,3.1700000762939453,3.069999933242798,3.119999885559082,12179,0.0,0.0
2022-06-23 13:30:00-04:00,3.0999999046325684,3.1500000953674316,3.0899999141693115,3.1500000953674316,3097,0.0,0.0
2022-06-23 14:30:00-04:00,3.1500000953674316,3.2100000381469727,3.1500000953674316,3.200000047683716,3857,0.0,0.0
2022-06-23 15:30:00-04:00,3.194999933242798,3.200000047683716,3.049999952316284,3.049999952316284,0,0.0,0.0
2022-06-24 09:30:00-04:00,3.0799999237060547,3.2300000190734863,3.0799999237060547,3.130000114440918,27949,0.0,0.0
2022-06-24 10:30:00-04:00,3.130000114440918,3.1600000858306885,3.0799999237060547,3.1500000953674316,14713,0.0,0.0
2022-06-24 11:30:00-04:00,3.1600000858306885,3.2249999046325684,3.130000114440918,3.2249999046325684,22860,0.0,0.0
2022-06-24 12:30:00-04:00,3.200000047683716,3.234999895095825,3.130000114440918,3.234999895095825,17307,0.0,0.0
2022-06-24 13:30:00-04:00,3.2100000381469727,3.25,3.200000047683716,3.210900068283081,3482,0.0,0.0
2022-06-24 14:30:00-04:00,3.2100000381469727,3.2699999809265137,3.194999933242798,3.2569000720977783,15191,0.0,0.0
2022-06-24 15:30:00-04:00,3.2739999294281006,3.2799999713897705,3.2200000286102295,3.2200000286102295,5852,0.0,0.0
2022-06-27 09:30:00-04:00,3.1600000858306885,3.2699999809265137,3.0,3.0799999237060547,0,0.0,0.0
2022-06-27 10:30:00-04:00,3.0799999237060547,3.1015000343322754,3.049999952316284,3.079699993133545,8340,0.0,0.0
2022-06-27 11:30:00-04:00,3.0785000324249268,3.0899999141693115,3.0134999752044678,3.029900074005127,14621,0.0,0.0
2022-06-27 12:30:00-04:00,3.0199999809265137,3.039900064468384,3.015000104904175,3.036099910736084,7479,0.0,0.0
2022-06-27 13:30:00-04:00,3.01200008392334,3.0299999713897705,3.009999990463257,3.009999990463257,5210,0.0,0.0
2022-06-27 14:30:00-04:00,3.0399999618530273,3.0399999618530273,3.0000998973846436,3.009999990463257,2843,0.0,0.0
2022-06-27 15:30:00-04:00,3.0,3.049999952316284,2.9800000190734863,2.9800000190734863,23618,0.0,0.0
2022-06-28 09:30:00-04:00,3.0,3.0999999046325684,2.930000066757202,2.9600000381469727,23438,0.0,0.0
2022-06-28 10:30:00-04:00,2.9700000286102295,2.990000009536743,2.809999942779541,2.809999942779541,32014,0.0,0.0
2022-06-28 11:30:00-04:00,2.799999952316284,2.8299999237060547,2.7699999809265137,2.8299999237060547,22816,0.0,0.0
2022-06-28 12:30:00-04:00,2.829900026321411,2.869999885559082,2.799999952316284,2.819999933242798,6359,0.0,0.0
2022-06-28 13:30:00-04:00,2.8299999237060547,2.869999885559082,2.8215999603271484,2.869999885559082,4766,0.0,0.0
2022-06-28 14:30:00-04:00,2.865000009536743,2.890000104904175,2.859999895095825,2.890000104904175,1113,0.0,0.0
2022-06-28 15:30:00-04:00,2.890000104904175,2.9000000953674316,2.859999895095825,2.9000000953674316,6590,0.0,0.0
2022-06-29 09:30:00-04:00,2.799999952316284,2.8499999046325684,2.7799999713897705,2.7799999713897705,8976,0.0,0.0
2022-06-29 10:30:00-04:00,2.819999933242798,2.8499999046325684,2.7699999809265137,2.7799999713897705,11334,0.0,0.0
2022-06-29 11:30:00-04:00,2.8099000453948975,2.8499999046325684,2.7899999618530273,2.809999942779541,12223,0.0,0.0
2022-06-29 12:30:00-04:00,2.8299999237060547,2.8299999237060547,2.7899999618530273,2.799999952316284,6756,0.0,0.0
2022-06-29 13:30:00-04:00,2.8299999237060547,2.8299999237060547,2.7899999618530273,2.809999942779541,3257,0.0,0.0
2022-06-29 14:30:00-04:00,2.8268001079559326,2.8499999046325684,2.799999952316284,2.8299999237060547,13332,0.0,0.0
2022-06-29 15:30:00-04:00,2.825000047683716,2.8499999046325684,2.819999933242798,2.8399999141693115,3847,0.0,0.0
2022-06-30 09:30:00-04:00,2.7899999618530273,2.865000009536743,2.7899999618530273,2.809999942779541,11519,0.0,0.0
2022-06-30 10:30:00-04:00,2.8299999237060547,2.934999942779541,2.819999933242798,2.934999942779541,3786,0.0,0.0
2022-06-30 11:30:00-04:00,2.944999933242798,2.9800000190734863,2.875,2.9800000190734863,3150,0.0,0.0
2022-06-30 12:30:00-04:00,2.9200000762939453,2.9800000190734863,2.8817999362945557,2.9700000286102295,5069,0.0,0.0
2022-06-30 13:30:00-04:00,2.9600000381469727,2.990000009536743,2.9000000953674316,2.9149999618530273,18287,0.0,0.0
2022-06-30 14:30:00-04:00,2.930000066757202,2.9800000190734863,2.859999895095825,2.880000114440918,7368,0.0,0.0
2022-06-30 15:30:00-04:00,2.9000000953674316,2.9000000953674316,2.8399999141693115,2.859999895095825,11094,0.0,0.0
2022-07-01 09:30:00-04:00,2.880000114440918,2.9000000953674316,2.880000114440918,2.880000114440918,0,0.0,0.0
2022-07-01 10:30:00-04:00,2.868000030517578,2.890000104904175,2.8550000190734863,2.880000114440918,2457,0.0,0.0
2022-07-01 11:30:00-04:00,2.880000114440918,2.880000114440918,2.7699999809265137,2.7799999713897705,12425,0.0,0.0
2022-07-01 12:30:00-04:00,2.799999952316284,2.819999933242798,2.7899999618530273,2.7899999618530273,2201,0.0,0.0
2022-07-01 13:30:00-04:00,2.819999933242798,2.819999933242798,2.819999933242798,2.819999933242798,419,0.0,0.0
2022-07-01 14:30:00-04:00,2.819999933242798,2.819999933242798,2.663800001144409,2.700000047683716,11496,0.0,0.0
2022-07-01 15:30:00-04:00,2.690000057220459,2.73799991607666,2.690000057220459,2.7200000286102295,7432,0.0,0.0
2022-07-05 09:30:00-04:00,2.740000009536743,2.740000009536743,2.5799999237060547,2.630000114440918,0,0.0,0.0
2022-07-05 10:30:00-04:00,2.6600000858306885,2.7699999809265137,2.640000104904175,2.680000066757202,16121,0.0,0.0
2022-07-05 11:30:00-04:00,2.6500000953674316,2.694999933242798,2.630000114440918,2.640000104904175,23624,0.0,0.0
2022-07-05 12:30:00-04:00,2.6549999713897705,2.6600000858306885,2.619999885559082,2.6600000858306885,5732,0.0,0.0
2022-07-05 13:30:00-04:00,2.6700000762939453,2.6700000762939453,2.6500000953674316,2.6500000953674316,1950,0.0,0.0
2022-07-05 14:30:00-04:00,2.680000066757202,2.716399908065796,2.6600000858306885,2.7049999237060547,15048,0.0,0.0
2022-07-05 15:30:00-04:00,2.7149999141693115,2.75600004196167,2.690000057220459,2.7200000286102295,23352,0.0,0.0
2022-07-06 09:30:00-04:00,2.6700000762939453,2.759999990463257,2.6700000762939453,2.740000009536743,976,0.0,0.0
2022-07-06 10:30:00-04:00,2.740999937057495,2.740999937057495,2.680000066757202,2.7049999237060547,5294,0.0,0.0
2022-07-06 11:30:00-04:00,2.7200000286102295,2.75,2.684000015258789,2.7200000286102295,5951,0.0,0.0
2022-07-06 12:30:00-04:00,2.725800037384033,2.7699999809265137,2.7200000286102295,2.759999990463257,6508,0.0,0.0
2022-07-06 13:30:00-04:00,2.75,2.755000114440918,2.7200000286102295,2.755000114440918,2259,0.0,0.0
2022-07-06 14:30:00-04:00,2.75,2.7899999618530273,2.75,2.7899999618530273,7026,0.0,0.0
2022-07-06 15:30:00-04:00,2.7899999618530273,2.799999952316284,2.75,2.759999990463257,7471,0.0,0.0
2022-07-07 09:30:00-04:00,2.819999933242798,2.990000009536743,2.819999933242798,2.859999895095825,0,0.0,0.0
2022-07-07 10:30:00-04:00,2.880000114440918,2.930000066757202,2.880000114440918,2.9245998859405518,645,0.0,0.0
2022-07-07 11:30:00-04:00,2.890000104904175,2.890000104904175,2.869999885559082,2.869999885559082,1518,0.0,0.0
2022-07-07 12:30:00-04:00,2.8910000324249268,2.9100000858306885,2.890000104904175,2.9100000858306885,5119,0.0,0.0
2022-07-07 13:30:00-04:00,2.940000057220459,2.950000047683716,2.924999952316284,2.950000047683716,1274,0.0,0.0
2022-07-07 14:30:00-04:00,2.950000047683716,2.9800000190734863,2.940000057220459,2.9800000190734863,1229,0.0,0.0
2022-07-07 15:30:00-04:00,2.959399938583374,2.9600000381469727,2.930000066757202,2.9600000381469727,3928,0.0,0.0
2022-07-08 09:30:00-04:00,2.940000057220459,2.940000057220459,2.869999885559082,2.880000114440918,2686,0.0,0.0
2022-07-08 10:30:00-04:00,2.890000104904175,2.9000000953674316,2.8499999046325684,2.8499999046325684,3962,0.0,0.0
2022-07-08 11:30:00-04:00,2.876800060272217,2.876800060272217,2.876800060272217,2.876800060272217,149,0.0,0.0
2022-07-08 12:30:00-04:00,2.8949999809265137,2.930000066757202,2.8499999046325684,2.884999990463257,1712,0.0,0.0
2022-07-08 13:30:00-04:00,2.8499999046325684,2.880000114440918,2.8499999046325684,2.880000114440918,352,0.0,0.0
2022-07-08 14:30:00-04:00,2.859999895095825,2.909899950027466,2.859999895095825,2.909899950027466,322,0.0,0.0
2022-07-08 15:30:00-04:00,2.8812999725341797,2.890000104904175,2.8499999046325684,2.859999895095825,3111,0.0,0.0
2022-07-11 09:30:00-04:00,2.8580000400543213,2.8580000400543213,2.640000104904175,2.690000057220459,6878,0.0,0.0
2022-07-11 10:30:00-04:00,2.7200000286102295,2.75,2.7100000381469727,2.75,2440,0.0,0.0
2022-07-11 11:30:00-04:00,2.700000047683716,2.700000047683716,2.6826999187469482,2.690000057220459,1070,0.0,0.0
2022-07-11 12:30:00-04:00,2.7100000381469727,2.7100000381469727,2.6700000762939453,2.7039999961853027,6707,0.0,0.0
2022-07-11 13:30:00-04:00,2.700000047683716,2.7100000381469727,2.690000057220459,2.690000057220459,1631,0.0,0.0
2022-07-11 14:30:00-04:00,2.680000066757202,2.7200000286102295,2.6700000762939453,2.690000057220459,5658,0.0,0.0
2022-07-11 15:30:00-04:00,2.690000057220459,2.7139999866485596,2.680000066757202,2.680000066757202,2539,0.0,0.0
2022-07-12 09:30:00-04:00,2.630000114440918,2.6549999713897705,2.5799999237060547,2.619999885559082,4080,0.0,0.0
2022-07-12 10:30:00-04:00,2.5899999141693115,2.6700000762939453,2.5799999237060547,2.6600000858306885,13503,0.0,0.0
2022-07-12 11:30:00-04:00,2.625999927520752,2.625999927520752,2.625999927520752,2.625999927520752,428,0.0,0.0
2022-07-12 12:30:00-04:00,2.6735999584198,2.6735999584198,2.6735999584198,2.6735999584198,719,0.0,0.0
2022-07-12 13:30:00-04:00,2.700000047683716,2.7100000381469727,2.659899950027466,2.659899950027466,3249,0.0,0.0
2022-07-12 14:30:00-04:00,2.659899950027466,2.659899950027466,2.549999952316284,2.5662999153137207,7765,0.0,0.0
2022-07-12 15:30:00-04:00,2.549999952316284,2.5850000381469727,2.5299999713897705,2.549999952316284,10439,0.0,0.0
2022-07-13 09:30:00-04:00,2.5,2.5947999954223633,2.450000047683716,2.4600000381469727,22542,0.0,0.0
2022-07-13 10:30:00-04:00,2.450000047683716,2.5999999046325684,2.430000066757202,2.450000047683716,20299,0.0,0.0
2022-07-13 11:30:00-04:00,2.490000009536743,2.490000009536743,2.430000066757202,2.4600000381469727,13953,0.0,0.0
2022-07-13 12:30:00-04:00,2.450000047683716,2.4800000190734863,2.440000057220459,2.440000057220459,5403,0.0,0.0
2022-07-13 13:30:00-04:00,2.4649999141693115,2.4649999141693115,2.430000066757202,2.4600000381469727,2985,0.0,0.0
2022-07-13 14:30:00-04:00,2.4600000381469727,2.4600000381469727,2.4600000381469727,2.4600000381469727,397,0.0,0.0
2022-07-13 15:30:00-04:00,2.4700000286102295,2.5,2.450000047683716,2.5,5222,0.0,0.0
2022-07-14 09:30:00-04:00,2.430000066757202,2.5399999618530273,2.430000066757202,2.490000009536743,6744,0.0,0.0
2022-07-14 10:30:00-04:00,2.5399999618530273,2.6298999786376953,2.4800000190734863,2.5999999046325684,8434,0.0,0.0
2022-07-14 11:30:00-04:00,2.619999885559082,2.6500000953674316,2.619999885559082,2.6500000953674316,678,0.0,0.0
2022-07-14 12:30:00-04:00,2.609999895095825,2.6466000080108643,2.5999999046325684,2.5999999046325684,3072,0.0,0.0
2022-07-14 13:30:00-04:00,2.6040000915527344,2.6040000915527344,2.5999999046325684,2.5999999046325684,678,0.0,0.0
2022-07-14 14:30:00-04:00,2.609999895095825,2.625,2.609999895095825,2.625,550,0.0,0.0
2022-07-14 15:30:00-04:00,2.609999895095825,2.640000104904175,2.5999999046325684,2.5999999046325684,0,0.0,0.0
2022-07-15 09:30:00-04:00,2.5092999935150146,2.52020001411438,2.5,2.52020001411438,874,0.0,0.0
2022-07-15 10:30:00-04:00,2.5899999141693115,2.6452999114990234,2.5899999141693115,2.5999999046325684,5276,0.0,0.0
2022-07-15 11:30:00-04:00,2.569999933242798,2.5999999046325684,2.569999933242798,2.5899999141693115,1452,0.0,0.0
2022-07-15 12:30:00-04:00,2.559999942779541,2.559999942779541,2.5399999618530273,2.5399999618530273,556,0.0,0.0
2022-07-15 13:30:00-04:00,2.5299999713897705,2.5390000343322754,2.5,2.5199999809265137,6982,0.0,0.0
2022-07-15 14:30:00-04:00,2.5,2.5199999809265137,2.4800000190734863,2.490000009536743,2652,0.0,0.0
2022-07-15 15:30:00-04:00,2.483799934387207,2.5399999618530273,2.4600000381469727,2.5399999618530273,12738,0.0,0.0
2022-07-18 09:30:00-04:00,2.549999952316284,2.6500000953674316,2.4700000286102295,2.5799999237060547,7285,0.0,0.0
2022-07-18 10:30:00-04:00,2.549999952316284,2.585900068283081,2.5299999713897705,2.5399999618530273,2211,0.0,0.0
2022-07-18 11:30:00-04:00,2.5299999713897705,2.638200044631958,2.5299999713897705,2.630000114440918,6652,0.0,0.0
2022-07-18 12:30:00-04:00,2.631200075149536,2.631200075149536,2.509999990463257,2.5100998878479004,5536,0.0,0.0
2022-07-18 13:30:00-04:00,2.553100109100342,2.5799999237060547,2.527400016784668,2.569999933242798,5035,0.0,0.0
2022-07-18 14:30:00-04:00,2.5799999237060547,2.5824999809265137,2.5299999713897705,2.565000057220459,1856,0.0,0.0
2022-07-18 15:30:00-04:00,2.5399999618530273,2.619999885559082,2.5399999618530273,2.569999933242798,13688,0.0,0.0
2022-07-19 09:30:00-04:00,2.630000114440918,2.7100000381469727,2.569999933242798,2.640000104904175,0,0.0,0.0
2022-07-19 10:30:00-04:00,2.630000114440918,2.630000114440918,2.5799999237060547,2.6298999786376953,2806,0.0,0.0
2022-07-19 11:30:00-04:00,2.5905001163482666,2.630000114440918,2.5905001163482666,2.630000114440918,2345,0.0,0.0
2022-07-19 12:30:00-04:00,2.5999999046325684,2.630000114440918,2.5999999046325684,2.630000114440918,763,0.0,0.0
2022-07-19 13:30:00-04:00,2.640000104904175,2.640000104904175,2.619999885559082,2.630000114440918,1138,0.0,0.0
2022-07-19 14:30:00-04:00,2.630000114440918,2.652600049972534,2.5999999046325684,2.609999895095825,2171,0.0,0.0
2022-07-19 15:30:00-04:00,2.609999895095825,2.6500000953674316,2.5999999046325684,2.5999999046325684,2389,0.0,0.0
2022-07-20 09:30:00-04:00,2.630000114440918,2.6700000762939453,2.630000114440918,2.630000114440918,0,0.0,0.0
2022-07-20 10:30:00-04:00,2.6301000118255615,2.8399999141693115,2.5999999046325684,2.75,139229,0.0,0.0
2022-07-20 11:30:00-04:00,2.759999990463257,2.8403000831604004,2.75,2.7899999618530273,12568,0.0,0.0
2022-07-20 12:30:00-04:00,2.799999952316284,2.9268999099731445,2.75,2.9268999099731445,38099,0.0,0.0
2022-07-20 13:30:00-04:00,2.9049999713897705,2.9100000858306885,2.8299999237060547,2.8299999237060547,105892,0.0,0.0
2022-07-20 14:30:00-04:00,2.859999895095825,3.130000114440918,2.859999895095825,3.0399999618530273,58482,0.0,0.0
2022-07-20 15:30:00-04:00,3.0799999237060547,3.0799999237060547,2.930000066757202,2.9649999141693115,27096,0.0,0.0
2022-07-21 09:30:00-04:00,2.950000047683716,2.988600015640259,2.7899999618530273,2.821199893951416,23581,0.0,0.0
2022-07-21 10:30:00-04:00,2.7899999618530273,2.799999952316284,2.700000047683716,2.7799999713897705,79527,0.0,0.0
2022-07-21 11:30:00-04:00,2.794600009918213,2.859999895095825,2.759999990463257,2.759999990463257,9221,0.0,0.0
2022-07-21 12:30:00-04:00,2.8299999237060547,2.8399999141693115,2.799999952316284,2.799999952316284,4113,0.0,0.0
2022-07-21 13:30:00-04:00,2.819999933242798,2.9000000953674316,2.799999952316284,2.799999952316284,23548,0.0,0.0
2022-07-21 14:30:00-04:00,2.799999952316284,2.9000000953674316,2.799999952316284,2.8399999141693115,8630,0.0,0.0
2022-07-21 15:30:00-04:00,2.8399999141693115,2.930000066757202,2.8299999237060547,2.930000066757202,12202,0.0,0.0
2022-07-22 09:30:00-04:00,2.809999942779541,3.0100998878479004,2.809999942779541,3.0100998878479004,23430,0.0,0.0
2022-07-22 10:30:00-04:00,2.9600000381469727,2.9800000190734863,2.9000000953674316,2.9000000953674316,7754,0.0,0.0
2022-07-22 11:30:00-04:00,2.880000114440918,2.880000114440918,2.799999952316284,2.819999933242798,11273,0.0,0.0
2022-07-22 12:30:00-04:00,2.8499999046325684,2.8499999046325684,2.759999990463257,2.809999942779541,3969,0.0,0.0
2022-07-22 13:30:00-04:00,2.857800006866455,2.869999885559082,2.7799999713897705,2.7799999713897705,28335,0.0,0.0
2022-07-22 14:30:00-04:00,2.7799999713897705,2.880000114440918,2.7799999713897705,2.7799999713897705,10578,0.0,0.0
2022-07-22 15:30:00-04:00,2.7799999713897705,2.780100107192993,2.759999990463257,2.759999990463257,6021,0.0,0.0
2022-07-25 09:30:00-04:00,2.7699999809265137,2.860100030899048,2.759999990463257,2.8064000606536865,4356,0.0,0.0
2022-07-25 10:30:00-04:00,2.7699999809265137,2.8399999141693115,2.759999990463257,2.8399999141693115,1787,0.0,0.0
2022-07-25 11:30:00-04:00,2.850800037384033,2.918100118637085,2.8399999141693115,2.9000000953674316,11024,0.0,0.0
2022-07-25 12:30:00-04:00,2.890000104904175,2.9658000469207764,2.890000104904175,2.934999942779541,10764,0.0,0.0
2022-07-25 13:30:00-04:00,2.934999942779541,2.934999942779541,2.9200000762939453,2.9200000762939453,1749,0.0,0.0
2022-07-25 14:30:00-04:00,2.940000057220459,3.0643999576568604,2.940000057220459,2.9800000190734863,12748,0.0,0.0
2022-07-25 15:30:00-04:00,3.0299999713897705,3.0899999141693115,2.9700000286102295,3.0399999618530273,20700,0.0,0.0
2022-07-26 09:30:00-04:00,3.0799999237060547,3.121500015258789,2.859999895095825,2.859999895095825,30496,0.0,0.0
2022-07-26 10:30:00-04:00,2.890000104904175,2.9000000953674316,2.7799999713897705,2.7899999618530273,26630,0.0,0.0
2022-07-26 11:30:00-04:00,2.7799999713897705,2.819999933242798,2.7100000381469727,2.7300000190734863,23665,0.0,0.0
2022-07-26 12:30:00-04:00,2.7850000858306885,2.7850000858306885,2.740000009536743,2.740000009536743,1134,0.0,0.0
2022-07-26 13:30:00-04:00,2.740000009536743,2.75,2.7300000190734863,2.740000009536743,14487,0.0,0.0
2022-07-26 14:30:00-04:00,2.7200000286102295,2.7200000286102295,2.680000066757202,2.690000057220459,7706,0.0,0.0
2022-07-26 15:30:00-04:00,2.6700000762939453,2.7012999057769775,2.609999895095825,2.609999895095825,12366,0.0,0.0
2022-07-27 09:30:00-04:00,2.890000104904175,2.890000104904175,2.700000047683716,2.7320001125335693,28520,0.0,0.0
2022-07-27 10:30:00-04:00,2.7300000190734863,2.7853000164031982,2.7200000286102295,2.7853000164031982,1519,0.0,0.0
2022-07-27 11:30:00-04:00,2.7899999618530273,2.7899999618530273,2.7899999618530273,2.7899999618530273,219,0.0,0.0
2022-07-27 12:30:00-04:00,2.7899999618530273,2.799999952316284,2.7799999713897705,2.7899999618530273,3120,0.0,0.0
2022-07-27 13:30:00-04:00,2.7899999618530273,2.7899999618530273,2.7799999713897705,2.7850000858306885,1114,0.0,0.0
2022-07-27 14:30:00-04:00,2.786600112915039,2.7950000762939453,2.7300000190734863,2.765000104904175,8417,0.0,0.0
2022-07-27 15:30:00-04:00,2.765000104904175,2.7999000549316406,2.765000104904175,2.7799999713897705,3548,0.0,0.0
2022-07-28 09:30:00-04:00,2.7699999809265137,2.8299999237060547,2.690000057220459,2.700000047683716,14763,0.0,0.0
2022-07-28 10:30:00-04:00,2.690000057220459,2.7200000286102295,2.680000066757202,2.7100000381469727,6208,0.0,0.0
2022-07-28 11:30:00-04:00,2.7200000286102295,2.740000009536743,2.7000999450683594,2.740000009536743,3483,0.0,0.0
2022-07-28 12:30:00-04:00,2.75,2.7799999713897705,2.75,2.7799999713897705,614,0.0,0.0
2022-07-28 13:30:00-04:00,2.7699999809265137,2.7713000774383545,2.7699999809265137,2.7713000774383545,1036,0.0,0.0
2022-07-28 14:30:00-04:00,2.759999990463257,2.809999942779541,2.755199909210205,2.805799961090088,2294,0.0,0.0
2022-07-28 15:30:00-04:00,2.7799999713897705,2.799999952316284,2.7699999809265137,2.7699999809265137,1397,0.0,0.0
2022-07-29 09:30:00-04:00,2.8399999141693115,2.8399999141693115,2.799999952316284,2.799999952316284,4610,0.0,0.0
2022-07-29 10:30:00-04:00,2.809999942779541,2.819999933242798,2.7100000381469727,2.752000093460083,12347,0.0,0.0
2022-07-29 11:30:00-04:00,2.7200000286102295,2.7699999809265137,2.7100000381469727,2.7699999809265137,2259,0.0,0.0
2022-07-29 12:30:00-04:00,2.75,2.755000114440918,2.7249999046325684,2.7249999046325684,1807,0.0,0.0
2022-07-29 13:30:00-04:00,2.7249999046325684,2.7750000953674316,2.7200000286102295,2.7750000953674316,1597,0.0,0.0
2022-07-29 14:30:00-04:00,2.7799999713897705,2.819999933242798,2.7300000190734863,2.7300000190734863,8662,0.0,0.0
2022-07-29 15:30:00-04:00,2.744999885559082,2.7899999618530273,2.7300000190734863,2.75,15100,0.0,0.0
2022-08-01 09:30:00-04:00,2.9700000286102295,2.9700000286102295,2.75,2.75,26866,0.0,0.0
2022-08-01 10:30:00-04:00,2.7799999713897705,2.8299999237060547,2.7799999713897705,2.7818000316619873,22495,0.0,0.0
2022-08-01 11:30:00-04:00,2.8299999237060547,2.890000104904175,2.799999952316284,2.859999895095825,23744,0.0,0.0
2022-08-01 12:30:00-04:00,2.890000104904175,2.9600000381469727,2.859999895095825,2.880000114440918,22834,0.0,0.0
2022-08-01 13:30:00-04:00,2.880000114440918,2.934999942779541,2.859999895095825,2.930000066757202,7895,0.0,0.0
2022-08-01 14:30:00-04:00,2.9000000953674316,2.950000047683716,2.890000104904175,2.940000057220459,17261,0.0,0.0
2022-08-01 15:30:00-04:00,2.940000057220459,2.9800000190734863,2.9100000858306885,2.940000057220459,0,0.0,0.0
2022-08-02 09:30:00-04:00,2.9502999782562256,3.0,2.9100000858306885,2.9200000762939453,11163,0.0,0.0
2022-08-02 10:30:00-04:00,2.990000009536743,3.069999933242798,2.869999885559082,3.0450000762939453,27958,0.0,0.0
2022-08-02 11:30:00-04:00,3.015000104904175,3.1500000953674316,2.9800000190734863,3.115000009536743,26020,0.0,0.0
2022-08-02 12:30:00-04:00,3.055000066757202,3.1698999404907227,3.0299999713897705,3.130000114440918,14388,0.0,0.0
2022-08-02 13:30:00-04:00,3.130000114440918,3.130000114440918,3.033099889755249,3.109999895095825,9597,0.0,0.0
2022-08-02 14:30:00-04:00,3.0899999141693115,3.0950000286102295,3.055000066757202,3.059999942779541,7408,0.0,0.0
2022-08-02 15:30:00-04:00,3.055000066757202,3.1500000953674316,3.055000066757202,3.1500000953674316,0,0.0,0.0
2022-08-03 09:30:00-04:00,3.2100000381469727,3.4000000953674316,3.200000047683716,3.200000047683716,11101,0.0,0.0
2022-08-03 10:30:00-04:00,3.240000009536743,3.25,3.200000047683716,3.25,3348,0.0,0.0
2022-08-03 11:30:00-04:00,3.2272000312805176,3.4700000286102295,3.2272000312805176,3.380000114440918,15936,0.0,0.0
2022-08-03 12:30:00-04:00,3.430000066757202,3.440000057220459,3.359999895095825,3.4200000762939453,5960,0.0,0.0
2022-08-03 13:30:00-04:00,3.4100000858306885,3.450000047683716,3.3499999046325684,3.359999895095825,4709,0.0,0.0
2022-08-03 14:30:00-04:00,3.4000000953674316,3.430000066757202,3.3399999141693115,3.380000114440918,1835,0.0,0.0
2022-08-03 15:30:00-04:00,3.3550000190734863,3.359999895095825,3.3299999237060547,3.359999895095825,3532,0.0,0.0
2022-08-04 09:30:00-04:00,3.4704999923706055,3.4800000190734863,3.25,3.3264999389648438,8538,0.0,0.0
2022-08-04 10:30:00-04:00,3.3399999141693115,3.3399999141693115,3.2300000190734863,3.289900064468384,6690,0.0,0.0
2022-08-04 11:30:00-04:00,3.255000114440918,3.3399999141693115,3.2300000190734863,3.240000009536743,7920,0.0,0.0
2022-08-04 12:30:00-04:00,3.265000104904175,3.4200000762939453,3.2300000190734863,3.369999885559082,29399,0.0,0.0
2022-08-04 13:30:00-04:00,3.369999885559082,3.430000066757202,3.3299999237060547,3.369999885559082,6768,0.0,0.0
2022-08-04 14:30:00-04:00,3.369999885559082,3.430000066757202,3.369999885559082,3.4000000953674316,6029,0.0,0.0
2022-08-04 15:30:00-04:00,3.375,3.375,3.319999933242798,3.3499999046325684,7682,0.0,0.0
2022-08-05 09:30:00-04:00,3.259999990463257,3.440000057220459,3.259999990463257,3.440000057220459,4097,0.0,0.0
2022-08-05 10:30:00-04:00,3.3299999237060547,3.4000000953674316,3.309999942779541,3.309999942779541,3244,0.0,0.0
2022-08-05 11:30:00-04:00,3.259999990463257,3.319999933242798,3.240000009536743,3.25,10235,0.0,0.0
2022-08-05 12:30:00-04:00,3.319999933242798,3.440000057220459,3.319999933242798,3.440000057220459,9680,0.0,0.0
2022-08-05 13:30:00-04:00,3.380000114440918,3.4100000858306885,3.369999885559082,3.369999885559082,1525,0.0,0.0
2022-08-05 14:30:00-04:00,3.3958001136779785,3.46589994430542,3.3958001136779785,3.430000066757202,8871,0.0,0.0
2022-08-05 15:30:00-04:00,3.4600000381469727,3.4600000381469727,3.430000066757202,3.4600000381469727,1881,0.0,0.0
2022-08-08 09:30:00-04:00,3.5,3.5,3.3499999046325684,3.4000000953674316,7768,0.0,0.0
2022-08-08 10:30:00-04:00,3.4277000427246094,3.5599000453948975,3.4000000953674316,3.4028000831604004,26700,0.0,0.0
2022-08-08 11:30:00-04:00,3.4000000953674316,3.4200000762939453,3.359999895095825,3.359999895095825,4468,0.0,0.0
2022-08-08 12:30:00-04:00,3.359999895095825,3.369999885559082,3.309999942779541,3.359999895095825,3848,0.0,0.0
2022-08-08 13:30:00-04:00,3.369999885559082,3.369999885559082,3.259999990463257,3.309999942779541,7161,0.0,0.0
2022-08-08 14:30:00-04:00,3.309999942779541,3.3399999141693115,3.2699999809265137,3.309999942779541,30279,0.0,0.0
2022-08-08 15:30:00-04:00,3.3399999141693115,3.369999885559082,3.25,3.25,0,0.0,0.0
2022-08-09 09:30:00-04:00,3.059999942779541,3.2300000190734863,3.059999942779541,3.180000066757202,20223,0.0,0.0
2022-08-09 10:30:00-04:00,3.319999933242798,3.3499999046325684,3.299999952316284,3.299999952316284,1287,0.0,0.0
2022-08-09 11:30:00-04:00,3.309999942779541,3.309999942779541,3.309999942779541,3.309999942779541,228,0.0,0.0
2022-08-09 12:30:00-04:00,3.262500047683716,3.2899999618530273,3.259999990463257,3.2799999713897705,1922,0.0,0.0
2022-08-09 13:30:00-04:00,3.240000009536743,3.279900074005127,3.180000066757202,3.279900074005127,2506,0.0,0.0
2022-08-09 14:30:00-04:00,3.25,3.267699956893921,3.2200000286102295,3.2200000286102295,3317,0.0,0.0
2022-08-09 15:30:00-04:00,3.255000114440918,3.299999952316284,3.25,3.25,12712,0.0,0.0
2022-08-10 09:30:00-04:00,3.380000114440918,3.4000000953674316,3.380000114440918,3.380000114440918,1883,0.0,0.0
2022-08-10 10:30:00-04:00,3.3801000118255615,3.390000104904175,3.312299966812134,3.312299966812134,5706,0.0,0.0
2022-08-10 11:30:00-04:00,3.3299999237060547,3.338399887084961,3.3299999237060547,3.338399887084961,3126,0.0,0.0
2022-08-10 12:30:00-04:00,3.3299999237060547,3.4800000190734863,3.3299999237060547,3.4800000190734863,2243,0.0,0.0
2022-08-10 13:30:00-04:00,3.4100000858306885,3.434999942779541,3.4100000858306885,3.4105000495910645,1831,0.0,0.0
2022-08-10 14:30:00-04:00,3.420099973678589,3.450000047683716,3.420099973678589,3.440000057220459,2185,0.0,0.0
2022-08-10 15:30:00-04:00,3.430000066757202,3.450000047683716,3.4084999561309814,3.450000047683716,3813,0.0,0.0
2022-08-11 09:30:00-04:00,3.569999933242798,3.569999933242798,3.380000114440918,3.441999912261963,1587,0.0,0.0
2022-08-11 10:30:00-04:00,3.4000000953674316,3.444999933242798,3.4000000953674316,3.4200000762939453,897,0.0,0.0
2022-08-11 11:30:00-04:00,3.390000104904175,3.4000000953674316,3.359999895095825,3.359999895095825,9564,0.0,0.0
2022-08-11 12:30:00-04:00,3.369999885559082,3.369999885559082,3.369999885559082,3.369999885559082,235,0.0,0.0
2022-08-11 13:30:00-04:00,3.380000114440918,3.4100000858306885,3.3724000453948975,3.4000000953674316,3165,0.0,0.0
2022-08-11 14:30:00-04:00,3.4000000953674316,3.4000000953674316,3.2799999713897705,3.3092000484466553,9726,0.0,0.0
2022-08-11 15:30:00-04:00,3.2841999530792236,3.2841999530792236,3.2841999530792236,3.2841999530792236,208,0.0,0.0
2022-08-12 09:30:00-04:00,3.2799999713897705,3.3740999698638916,3.2799999713897705,3.3740999698638916,964,0.0,0.0
2022-08-12 10:30:00-04:00,3.299999952316284,3.299999952316284,3.299999952316284,3.299999952316284,1017,0.0,0.0
2022-08-12 11:30:00-04:00,3.299999952316284,3.375,3.299999952316284,3.359999895095825,35224,0.0,0.0
2022-08-12 12:30:00-04:00,3.319999933242798,3.3499999046325684,3.319999933242798,3.3299999237060547,1332,0.0,0.0
2022-08-12 13:30:00-04:00,3.390000104904175,3.440000057220459,3.3299999237060547,3.3399999141693115,19949,0.0,0.0
2022-08-12 14:30:00-04:00,3.319999933242798,3.319999933242798,3.319999933242798,3.319999933242798,432,0.0,0.0
2022-08-12 15:30:00-04:00,3.338399887084961,3.3949999809265137,3.338399887084961,3.3399999141693115,8330,0.0,0.0
2022-08-15 09:30:00-04:00,3.390000104904175,3.390000104904175,3.240000009536743,3.240000009536743,0,0.0,0.0
2022-08-15 10:30:00-04:00,3.318000078201294,3.3452000617980957,3.238100051879883,3.25,5458,0.0,0.0
2022-08-15 11:30:00-04:00,3.240000009536743,3.319999933242798,3.2100000381469727,3.319999933242798,16543,0.0,0.0
2022-08-15 12:30:00-04:00,3.319999933242798,3.3752999305725098,3.319999933242798,3.3752999305725098,663,0.0,0.0
2022-08-15 13:30:00-04:00,3.3557000160217285,3.3557000160217285,3.299999952316284,3.309999942779541,1224,0.0,0.0
2022-08-15 14:30:00-04:00,3.313999891281128,3.3740999698638916,3.313999891281128,3.3740999698638916,484,0.0,0.0
2022-08-15 15:30:00-04:00,3.365000009536743,3.365000009536743,3.309999942779541,3.319999933242798,0,0.0,0.0
2022-08-16 09:30:00-04:00,3.5199999809265137,3.640000104904175,3.190000057220459,3.390000104904175,43532,0.0,0.0
2022-08-16 10:30:00-04:00,3.369999885559082,3.390000104904175,3.248500108718872,3.3499999046325684,23985,0.0,0.0
2022-08-16 11:30:00-04:00,3.3459999561309814,3.4100000858306885,3.2699999809265137,3.4033000469207764,7660,0.0,0.0
2022-08-16 12:30:00-04:00,3.4000000953674316,3.5,3.2799999713897705,3.369999885559082,24688,0.0,0.0
2022-08-16 13:30:00-04:00,3.3747000694274902,3.450000047683716,3.3747000694274902,3.450000047683716,532,0.0,0.0
2022-08-16 14:30:00-04:00,3.404400110244751,3.42549991607666,3.2699999809265137,3.309999942779541,44941,0.0,0.0
2022-08-16 15:30:00-04:00,3.309999942779541,3.3499999046325684,3.259999990463257,3.3399999141693115,12860,0.0,0.0
2022-08-17 09:30:00-04:00,3.25,3.2850000858306885,3.2100000381469727,3.2500998973846436,15182,0.0,0.0
2022-08-17 10:30:00-04:00,3.2200000286102295,3.2411999702453613,3.1500000953674316,3.180000066757202,9462,0.0,0.0
2022-08-17 11:30:00-04:00,3.1500000953674316,3.1500000953674316,3.138700008392334,3.140000104904175,1127,0.0,0.0
2022-08-17 12:30:00-04:00,3.175100088119507,3.2200000286102295,3.1600000858306885,3.2100000381469727,3254,0.0,0.0
2022-08-17 13:30:00-04:00,3.2100000381469727,3.359999895095825,3.2100000381469727,3.344599962234497,6118,0.0,0.0
2022-08-17 14:30:00-04:00,3.309999942779541,3.325000047683716,3.200000047683716,3.200000047683716,15949,0.0,0.0
2022-08-17 15:30:00-04:00,3.2072999477386475,3.2100000381469727,3.1700000762939453,3.180000066757202,0,0.0,0.0
2022-08-18 09:30:00-04:00,3.1600000858306885,3.184999942779541,3.1600000858306885,3.184999942779541,1165,0.0,0.0
2022-08-18 10:30:00-04:00,3.0999999046325684,3.180000066757202,3.0299999713897705,3.0299999713897705,23853,0.0,0.0
2022-08-18 11:30:00-04:00,3.109999895095825,3.140000104904175,3.0999999046325684,3.140000104904175,8160,0.0,0.0
2022-08-18 12:30:00-04:00,3.1143999099731445,3.1287999153137207,3.1143999099731445,3.1287999153137207,2962,0.0,0.0
2022-08-18 13:30:00-04:00,3.109999895095825,3.180000066757202,3.049999952316284,3.135999917984009,14065,0.0,0.0
2022-08-18 14:30:00-04:00,3.155100107192993,3.159899950027466,3.049999952316284,3.049999952316284,7031,0.0,0.0
2022-08-18 15:30:00-04:00,3.049999952316284,3.1298999786376953,3.0,3.059999942779541,4819,0.0,0.0
2022-08-19 09:30:00-04:00,3.049999952316284,3.076900005340576,2.890000104904175,2.900399923324585,52414,0.0,0.0
2022-08-19 10:30:00-04:00,2.8968000411987305,2.8968000411987305,2.819999933242798,2.8399999141693115,29303,0.0,0.0
2022-08-19 11:30:00-04:00,2.869999885559082,2.869999885559082,2.7899999618530273,2.819999933242798,15425,0.0,0.0
2022-08-19 12:30:00-04:00,2.809999942779541,2.8399999141693115,2.7899999618530273,2.8299999237060547,7464,0.0,0.0
2022-08-19 13:30:00-04:00,2.8299999237060547,2.880000114440918,2.7899999618530273,2.880000114440918,17883,0.0,0.0
2022-08-19 14:30:00-04:00,2.875,2.9000000953674316,2.869999885559082,2.884999990463257,3245,0.0,0.0
2022-08-19 15:30:00-04:00,2.846400022506714,2.846400022506714,2.819999933242798,2.819999933242798,1760,0.0,0.0
2022-08-22 09:30:00-04:00,2.75,2.8503000736236572,2.75,2.8503000736236572,8527,0.0,0.0
2022-08-22 10:30:00-04:00,2.9683001041412354,2.990000009536743,2.910099983215332,2.910099983215332,1118,0.0,0.0
2022-08-22 11:30:00-04:00,2.941999912261963,2.9758999347686768,2.940000057220459,2.9758999347686768,0,0.0,0.0
2022-08-22 12:30:00-04:00,2.930000066757202,2.950000047683716,2.9000000953674316,2.924999952316284,12081,0.0,0.0
2022-08-22 14:30:00-04:00,2.9528000354766846,2.9528000354766846,2.9528000354766846,2.9528000354766846,191,0.0,0.0
2022-08-22 15:30:00-04:00,2.9100000858306885,2.950000047683716,2.9000000953674316,2.950000047683716,0,0.0,0.0
2022-08-23 09:30:00-04:00,2.930000066757202,2.947999954223633,2.900099992752075,2.9398999214172363,4849,0.0,0.0
2022-08-23 10:30:00-04:00,2.940000057220459,2.9800000190734863,2.940000057220459,2.940000057220459,3161,0.0,0.0
2022-08-23 11:30:00-04:00,2.921999931335449,2.930000066757202,2.921999931335449,2.930000066757202,1084,0.0,0.0
2022-08-23 12:30:00-04:00,2.9200000762939453,2.9200000762939453,2.9000000953674316,2.9000000953674316,1394,0.0,0.0
2022-08-23 13:30:00-04:00,2.9000000953674316,2.9000000953674316,2.880000114440918,2.880000114440918,2719,0.0,0.0
2022-08-23 14:30:00-04:00,2.8949999809265137,2.940000057220459,2.880000114440918,2.930000066757202,4633,0.0,0.0
2022-08-23 15:30:00-04:00,2.9700000286102295,2.9800000190734863,2.880000114440918,2.880000114440918,0,0.0,0.0
2022-08-24 09:30:00-04:00,2.9700000286102295,2.9700000286102295,2.860100030899048,2.867000102996826,1733,0.0,0.0
2022-08-24 10:30:00-04:00,2.880000114440918,2.9149999618530273,2.880000114440918,2.9149999618530273,1065,0.0,0.0
2022-08-24 11:30:00-04:00,2.9346001148223877,2.9346001148223877,2.890000104904175,2.890199899673462,2035,0.0,0.0
2022-08-24 12:30:00-04:00,2.859999895095825,2.859999895095825,2.8499999046325684,2.8499999046325684,950,0.0,0.0
2022-08-24 13:30:00-04:00,2.880000114440918,2.9049999713897705,2.8798999786376953,2.9049999713897705,2507,0.0,0.0
2022-08-24 14:30:00-04:00,2.880000114440918,2.9600000381469727,2.880000114440918,2.9600000381469727,13029,0.0,0.0
2022-08-24 15:30:00-04:00,2.924999952316284,2.944999933242798,2.9100000858306885,2.944999933242798,2768,0.0,0.0
2022-08-25 09:30:00-04:00,2.9800000190734863,3.015199899673462,2.9000000953674316,2.9800000190734863,11375,0.0,0.0
2022-08-25 10:30:00-04:00,2.9700000286102295,2.990000009536743,2.9200000762939453,2.9700000286102295,4223,0.0,0.0
2022-08-25 11:30:00-04:00,2.9700000286102295,2.9800000190734863,2.9700000286102295,2.9800000190734863,312,0.0,0.0
2022-08-25 12:30:00-04:00,2.9800000190734863,2.9800000190734863,2.9231998920440674,2.9231998920440674,1741,0.0,0.0
2022-08-25 13:30:00-04:00,2.930000066757202,2.934999942779541,2.9200000762939453,2.934999942779541,0,0.0,0.0
2022-08-25 14:30:00-04:00,2.950000047683716,2.9600000381469727,2.950000047683716,2.9600000381469727,19819,0.0,0.0
2022-08-25 15:30:00-04:00,2.9800000190734863,3.009999990463257,2.9700000286102295,2.990000009536743,4679,0.0,0.0
2022-08-26 09:30:00-04:00,2.950000047683716,3.0292999744415283,2.950000047683716,3.0292999744415283,0,0.0,0.0
2022-08-26 10:30:00-04:00,3.009999990463257,3.009999990463257,2.9000000953674316,2.9000000953674316,4213,0.0,0.0
2022-08-26 11:30:00-04:00,2.8959999084472656,2.8959999084472656,2.8399999141693115,2.8733999729156494,8902,0.0,0.0
2022-08-26 12:30:00-04:00,2.8515000343322754,2.8515000343322754,2.8399999141693115,2.8399999141693115,1004,0.0,0.0
2022-08-26 13:30:00-04:00,2.8350000381469727,2.8750998973846436,2.8350000381469727,2.8499999046325684,4739,0.0,0.0
2022-08-26 14:30:00-04:00,2.865000009536743,2.865000009536743,2.7799999713897705,2.809999942779541,19916,0.0,0.0
2022-08-26 15:30:00-04:00,2.805000066757202,2.805000066757202,2.805000066757202,2.805000066757202,332,0.0,0.0
2022-08-29 09:30:00-04:00,2.799999952316284,2.819999933242798,2.799999952316284,2.819999933242798,1287,0.0,0.0
2022-08-29 10:30:00-04:00,2.809999942779541,2.862799882888794,2.809999942779541,2.8499999046325684,1451,0.0,0.0
2022-08-29 11:30:00-04:00,2.8685998916625977,2.869999885559082,2.8499999046325684,2.8519999980926514,1655,0.0,0.0
2022-08-29 12:30:00-04:00,2.860100030899048,2.869999885559082,2.859999895095825,2.8626999855041504,3060,0.0,0.0
2022-08-29 13:30:00-04:00,2.869999885559082,2.880000114440918,2.859999895095825,2.859999895095825,4216,0.0,0.0
2022-08-29 14:30:00-04:00,2.869999885559082,2.869999885559082,2.8499999046325684,2.8499999046325684,1993,0.0,0.0
2022-08-29 15:30:00-04:00,2.8399999141693115,2.8399999141693115,2.819999933242798,2.8299999237060547,0,0.0,0.0
2022-08-30 09:30:00-04:00,2.809999942779541,2.8299999237060547,2.809999942779541,2.819999933242798,4287,0.0,0.0
2022-08-30 10:30:00-04:00,2.819999933242798,2.819999933242798,2.799999952316284,2.805000066757202,10251,0.0,0.0
2022-08-30 11:30:00-04:00,2.801800012588501,2.801800012588501,2.7699999809265137,2.7699999809265137,1804,0.0,0.0
2022-08-30 12:30:00-04:00,2.7899999618530273,2.8299999237060547,2.7899999618530273,2.8299999237060547,4386,0.0,0.0
2022-08-30 13:30:00-04:00,2.8399999141693115,2.8798999786376953,2.8399999141693115,2.859999895095825,5106,0.0,0.0
2022-08-30 14:30:00-04:00,2.880000114440918,2.9000000953674316,2.880000114440918,2.8989999294281006,1582,0.0,0.0
2022-08-30 15:30:00-04:00,2.9000000953674316,2.9100000858306885,2.8299999237060547,2.859999895095825,6526,0.0,0.0
2022-08-31 09:30:00-04:00,2.9000000953674316,2.9000000953674316,2.9000000953674316,2.9000000953674316,0,0.0,0.0
2022-08-31 10:30:00-04:00,2.8299999237060547,2.873500108718872,2.8299999237060547,2.869999885559082,771,0.0,0.0
2022-08-31 13:30:00-04:00,2.8499999046325684,2.8989999294281006,2.8499999046325684,2.8989999294281006,1798,0.0,0.0
2022-08-31 14:30:00-04:00,2.859999895095825,2.8949999809265137,2.8299999237060547,2.8299999237060547,1051,0.0,0.0
2022-08-31 15:30:00-04:00,2.8299999237060547,2.8499999046325684,2.8299999237060547,2.8499999046325684,462,0.0,0.0
2022-09-01 09:30:00-04:00,2.8299999237060547,2.8299999237060547,2.8299999237060547,2.8299999237060547,2382,0.0,0.0
2022-09-01 10:30:00-04:00,2.7300000190734863,2.759999990463257,2.7300000190734863,2.7300000190734863,2514,0.0,0.0
2022-09-01 11:30:00-04:00,2.7376999855041504,2.8350000381469727,2.7376999855041504,2.8299999237060547,7947,0.0,0.0
2022-09-01 12:30:00-04:00,2.8299999237060547,2.8299999237060547,2.7200000286102295,2.759999990463257,6690,0.0,0.0
2022-09-01 13:30:00-04:00,2.7699999809265137,2.799999952316284,2.7200000286102295,2.799999952316284,14978,0.0,0.0
2022-09-01 14:30:00-04:00,2.805299997329712,2.805299997329712,2.740000009536743,2.7699999809265137,1834,0.0,0.0
2022-09-01 15:30:00-04:00,2.7750000953674316,2.7799999713897705,2.7699999809265137,2.7799999713897705,0,0.0,0.0
2022-09-02 09:30:00-04:00,2.8131000995635986,2.8131000995635986,2.720099925994873,2.7307000160217285,14470,0.0,0.0
2022-09-02 10:30:00-04:00,2.7699999809265137,2.8726999759674072,2.7200000286102295,2.753200054168701,5377,0.0,0.0
2022-09-02 11:30:00-04:00,2.790299892425537,2.8499999046325684,2.790299892425537,2.8499999046325684,2593,0.0,0.0
2022-09-02 12:30:00-04:00,2.7899999618530273,2.7899999618530273,2.7899999618530273,2.7899999618530273,170,0.0,0.0
2022-09-02 13:30:00-04:00,2.7983999252319336,2.7983999252319336,2.789900064468384,2.789900064468384,11780,0.0,0.0
2022-09-02 14:30:00-04:00,2.75,2.75,2.75,2.75,1926,0.0,0.0
2022-09-02 15:30:00-04:00,2.759999990463257,2.7750000953674316,2.75,2.759999990463257,794,0.0,0.0
2022-09-06 09:30:00-04:00,2.759999990463257,2.7799999713897705,2.7499001026153564,2.75,0,0.0,0.0
2022-09-06 11:30:00-04:00,2.75,2.75,2.7200000286102295,2.7200000286102295,2235,0.0,0.0
2022-09-06 12:30:00-04:00,2.7200000286102295,2.7300000190734863,2.700000047683716,2.7100000381469727,5693,0.0,0.0
2022-09-06 13:30:00-04:00,2.7100000381469727,2.7300000190734863,2.7091000080108643,2.7298998832702637,1922,0.0,0.0
2022-09-06 14:30:00-04:00,2.7227001190185547,2.737299919128418,2.700900077819824,2.737299919128418,3997,0.0,0.0
2022-09-06 15:30:00-04:00,2.740000009536743,2.75,2.700000047683716,2.75,1687,0.0,0.0
2022-09-07 09:30:00-04:00,2.7100000381469727,2.7100000381469727,2.700000047683716,2.700000047683716,18849,0.0,0.0
2022-09-07 10:30:00-04:00,2.704699993133545,2.727299928665161,2.704699993133545,2.7200000286102295,1002,0.0,0.0
2022-09-07 11:30:00-04:00,2.7200000286102295,2.7200000286102295,2.6500000953674316,2.6700000762939453,1270,0.0,0.0
2022-09-07 12:30:00-04:00,2.7263998985290527,2.7263998985290527,2.671299934387207,2.680000066757202,1435,0.0,0.0
2022-09-07 13:30:00-04:00,2.694700002670288,2.694700002670288,2.6500000953674316,2.650700092315674,1494,0.0,0.0
2022-09-07 14:30:00-04:00,2.6684999465942383,2.680000066757202,2.6600000858306885,2.6700000762939453,9883,0.0,0.0
2022-09-07 15:30:00-04:00,2.6700000762939453,2.7200000286102295,2.6700000762939453,2.700000047683716,0,0.0,0.0
2022-09-08 09:30:00-04:00,2.630000114440918,2.7300000190734863,2.630000114440918,2.680000066757202,8715,0.0,0.0
2022-09-08 10:30:00-04:00,2.740000009536743,2.740000009536743,2.690000057220459,2.690000057220459,2853,0.0,0.0
2022-09-08 11:30:00-04:00,2.680000066757202,2.680000066757202,2.680000066757202,2.680000066757202,165,0.0,0.0
2022-09-08 12:30:00-04:00,2.683300018310547,2.700000047683716,2.683300018310547,2.700000047683716,1604,0.0,0.0
2022-09-08 13:30:00-04:00,2.690000057220459,2.7151999473571777,2.690000057220459,2.7100000381469727,1862,0.0,0.0
2022-09-08 14:30:00-04:00,2.690000057220459,2.7100000381469727,2.690000057220459,2.690000057220459,1412,0.0,0.0
2022-09-08 15:30:00-04:00,2.690000057220459,2.700000047683716,2.6600000858306885,2.6600000858306885,0,0.0,0.0
2022-09-09 09:30:00-04:00,2.6600000858306885,2.75,2.640000104904175,2.73799991607666,5522,0.0,0.0
2022-09-09 10:30:00-04:00,2.710599899291992,2.7411000728607178,2.690000057220459,2.690000057220459,1316,0.0,0.0
2022-09-09 11:30:00-04:00,2.75,2.869999885559082,2.75,2.75,22411,0.0,0.0
2022-09-09 12:30:00-04:00,2.8099000453948975,2.8299999237060547,2.799999952316284,2.799999952316284,2975,0.0,0.0
2022-09-09 13:30:00-04:00,2.8399999141693115,2.8399999141693115,2.802999973297119,2.819999933242798,2145,0.0,0.0
2022-09-09 14:30:00-04:00,2.799999952316284,2.799999952316284,2.7799999713897705,2.7899999618530273,667,0.0,0.0
2022-09-09 15:30:00-04:00,2.7939000129699707,2.799999952316284,2.7939000129699707,2.799999952316284,1862,0.0,0.0
2022-09-12 09:30:00-04:00,2.8499999046325684,2.859999895095825,2.7200000286102295,2.7699999809265137,7319,0.0,0.0
2022-09-12 10:30:00-04:00,2.7699999809265137,2.7899999618530273,2.7200000286102295,2.7699999809265137,5685,0.0,0.0
2022-09-12 11:30:00-04:00,2.7300000190734863,2.7899999618530273,2.7300000190734863,2.789900064468384,58468,0.0,0.0
2022-09-12 12:30:00-04:00,2.75,2.990000009536743,2.75,2.990000009536743,50336,0.0,0.0
2022-09-12 13:30:00-04:00,2.9730000495910645,3.1500000953674316,2.9291000366210938,3.0999999046325684,49160,0.0,0.0
2022-09-12 14:30:00-04:00,3.0999999046325684,3.200000047683716,3.0799999237060547,3.099900007247925,56534,0.0,0.0
2022-09-12 15:30:00-04:00,3.0999999046325684,3.1500000953674316,3.0871999263763428,3.1500000953674316,29672,0.0,0.0
2022-09-13 09:30:00-04:00,3.299999952316284,3.299999952316284,3.0999999046325684,3.0999999046325684,12433,0.0,0.0
2022-09-13 10:30:00-04:00,3.0250000953674316,3.0850000381469727,3.0250000953674316,3.0850000381469727,7736,0.0,0.0
2022-09-13 11:30:00-04:00,3.0899999141693115,3.200000047683716,3.0799999237060547,3.1500000953674316,31693,0.0,0.0
2022-09-13 12:30:00-04:00,3.190000057220459,3.2200000286102295,3.059999942779541,3.2100000381469727,7831,0.0,0.0
2022-09-13 13:30:00-04:00,3.2100000381469727,3.2100000381469727,3.160099983215332,3.160099983215332,2439,0.0,0.0
2022-09-13 14:30:00-04:00,3.1449999809265137,3.1500000953674316,3.119999885559082,3.1496999263763428,4101,0.0,0.0
2022-09-13 15:30:00-04:00,3.130000114440918,3.130000114440918,3.0899999141693115,3.0899999141693115,6696,0.0,0.0
2022-09-14 09:30:00-04:00,3.0280001163482666,3.190000057220459,3.0,3.1115000247955322,25476,0.0,0.0
2022-09-14 10:30:00-04:00,3.0899999141693115,3.271399974822998,3.069999933242798,3.130000114440918,16432,0.0,0.0
2022-09-14 11:30:00-04:00,3.1500000953674316,3.200000047683716,3.0999999046325684,3.0999999046325684,694,0.0,0.0
2022-09-14 12:30:00-04:00,3.1566998958587646,3.200000047683716,3.119999885559082,3.119999885559082,6463,0.0,0.0
2022-09-14 13:30:00-04:00,3.119999885559082,3.1500000953674316,3.109999895095825,3.109999895095825,5919,0.0,0.0
2022-09-14 14:30:00-04:00,3.119999885559082,3.130000114440918,3.0999999046325684,3.130000114440918,3322,0.0,0.0
2022-09-14 15:30:00-04:00,3.1500000953674316,3.1500000953674316,3.119999885559082,3.119999885559082,4803,0.0,0.0
2022-09-15 09:30:00-04:00,3.140000104904175,3.1610000133514404,3.059999942779541,3.1610000133514404,0,0.0,0.0
2022-09-15 10:30:00-04:00,3.0625998973846436,3.0799999237060547,3.0625998973846436,3.065000057220459,7391,0.0,0.0
2022-09-15 11:30:00-04:00,3.049999952316284,3.068000078201294,3.049999952316284,3.059999942779541,2654,0.0,0.0
2022-09-15 12:30:00-04:00,3.0799999237060547,3.130000114440918,3.0799999237060547,3.130000114440918,1092,0.0,0.0
2022-09-15 13:30:00-04:00,3.142199993133545,3.142199993133545,3.1050000190734863,3.1050000190734863,4524,0.0,0.0
2022-09-15 15:30:00-04:00,3.049999952316284,3.049999952316284,3.049999952316284,3.049999952316284,1319,0.0,0.0
2022-09-16 09:30:00-04:00,3.0,3.0,3.0,3.0,0,0.0,0.0
2022-09-16 10:30:00-04:00,2.902100086212158,2.990000009536743,2.902100086212158,2.9798998832702637,1001,0.0,0.0
2022-09-16 11:30:00-04:00,2.9700000286102295,2.9700000286102295,2.950000047683716,2.9600000381469727,5416,0.0,0.0
2022-09-16 12:30:00-04:00,2.9700000286102295,2.9700000286102295,2.950000047683716,2.9649999141693115,1793,0.0,0.0
2022-09-16 13:30:00-04:00,2.9700000286102295,2.9700000286102295,2.9356000423431396,2.944999933242798,1620,0.0,0.0
2022-09-16 14:30:00-04:00,2.9600000381469727,2.9649999141693115,2.9100000858306885,2.9100000858306885,3034,0.0,0.0
2022-09-16 15:30:00-04:00,2.9121999740600586,2.9121999740600586,2.8399999141693115,2.8499999046325684,5763,0.0,0.0
2022-09-19 09:30:00-04:00,2.740000009536743,2.9000000953674316,2.740000009536743,2.819999933242798,17821,0.0,0.0
2022-09-19 10:30:00-04:00,2.825000047683716,2.8299999237060547,2.799999952316284,2.809999942779541,10783,0.0,0.0
2022-09-19 11:30:00-04:00,2.819999933242798,2.8299999237060547,2.799999952316284,2.809999942779541,6090,0.0,0.0
2022-09-19 12:30:00-04:00,2.819999933242798,2.825000047683716,2.7799999713897705,2.805000066757202,48605,0.0,0.0
2022-09-19 13:30:00-04:00,2.819999933242798,2.825000047683716,2.799999952316284,2.809999942779541,2770,0.0,0.0
2022-09-19 14:30:00-04:00,2.825000047683716,2.940000057220459,2.819999933242798,2.913300037384033,20797,0.0,0.0
2022-09-19 15:30:00-04:00,2.9100000858306885,3.0,2.9100000858306885,3.0,5733,0.0,0.0
2022-09-20 09:30:00-04:00,2.9100000858306885,2.9200000762939453,2.9100000858306885,2.9200000762939453,0,0.0,0.0
2022-09-20 10:30:00-04:00,2.9800000190734863,2.9800000190734863,2.9467999935150146,2.9467999935150146,1597,0.0,0.0
2022-09-20 11:30:00-04:00,2.9400999546051025,2.9400999546051025,2.940000057220459,2.940000057220459,2722,0.0,0.0
2022-09-20 12:30:00-04:00,2.930000066757202,2.950000047683716,2.930000066757202,2.950000047683716,3671,0.0,0.0
2022-09-20 13:30:00-04:00,2.9600000381469727,2.990000009536743,2.950000047683716,2.950000047683716,4079,0.0,0.0
2022-09-20 14:30:00-04:00,2.9400999546051025,2.950000047683716,2.940000057220459,2.940000057220459,0,0.0,0.0
2022-09-20 15:30:00-04:00,2.950000047683716,2.950000047683716,2.940000057220459,2.940000057220459,14228,0.0,0.0
2022-09-21 09:30:00-04:00,2.930000066757202,2.950000047683716,2.880000114440918,2.880000114440918,1592,0.0,0.0
2022-09-21 10:30:00-04:00,2.8622000217437744,2.8622000217437744,2.790299892425537,2.8499999046325684,2177,0.0,0.0
2022-09-21 11:30:00-04:00,2.8499999046325684,2.8499999046325684,2.8399999141693115,2.8499999046325684,3981,0.0,0.0
2022-09-21 13:30:00-04:00,2.9200000762939453,2.9200000762939453,2.890000104904175,2.890000104904175,3664,0.0,0.0
2022-09-21 14:30:00-04:00,2.869999885559082,2.9100000858306885,2.8299999237060547,2.869999885559082,3641,0.0,0.0
2022-09-21 15:30:00-04:00,2.9100000858306885,2.9100000858306885,2.819999933242798,2.819999933242798,11086,0.0,0.0
2022-09-22 09:30:00-04:00,2.800100088119507,2.800800085067749,2.690000057220459,2.700000047683716,8124,0.0,0.0
2022-09-22 10:30:00-04:00,2.700000047683716,2.765000104904175,2.6600000858306885,2.759999990463257,12211,0.0,0.0
2022-09-22 11:30:00-04:00,2.744999885559082,2.744999885559082,2.694999933242798,2.694999933242798,1446,0.0,0.0
2022-09-22 12:30:00-04:00,2.680000066757202,2.694999933242798,2.6700000762939453,2.6800999641418457,30618,0.0,0.0
2022-09-22 13:30:00-04:00,2.6726999282836914,2.674999952316284,2.630000114440918,2.670099973678589,25581,0.0,0.0
2022-09-22 14:30:00-04:00,2.6449999809265137,2.6700000762939453,2.5899999141693115,2.6700000762939453,23330,0.0,0.0
2022-09-22 15:30:00-04:00,2.6700000762939453,2.680000066757202,2.5799999237060547,2.5799999237060547,0,0.0,0.0
2022-09-23 09:30:00-04:00,2.4600000381469727,2.5666000843048096,2.450000047683716,2.490000009536743,34489,0.0,0.0
2022-09-23 10:30:00-04:00,2.509999990463257,2.5299999713897705,2.4700000286102295,2.4700000286102295,22268,0.0,0.0
2022-09-23 11:30:00-04:00,2.524899959564209,2.524899959564209,2.450000047683716,2.450000047683716,27751,0.0,0.0
2022-09-23 12:30:00-04:00,2.450000047683716,2.4500999450683594,2.3684000968933105,2.419100046157837,31080,0.0,0.0
2022-09-23 13:30:00-04:00,2.4100000858306885,2.4549999237060547,2.380000114440918,2.380000114440918,20540,0.0,0.0
2022-09-23 14:30:00-04:00,2.450000047683716,2.4600000381469727,2.359999895095825,2.4000000953674316,17558,0.0,0.0
2022-09-23 15:30:00-04:00,2.4100000858306885,2.424999952316284,2.369999885559082,2.369999885559082,9525,0.0,0.0
2022-09-26 09:30:00-04:00,2.369999885559082,2.586699962615967,2.369999885559082,2.440000057220459,0,0.0,0.0
2022-09-26 10:30:00-04:00,2.490000009536743,2.508500099182129,2.4000000953674316,2.4200000762939453,15872,0.0,0.0
2022-09-26 11:30:00-04:00,2.4200000762939453,2.430000066757202,2.3499999046325684,2.379699945449829,32730,0.0,0.0
2022-09-26 12:30:00-04:00,2.359999895095825,2.3666999340057373,2.3299999237060547,2.3399999141693115,9972,0.0,0.0
2022-09-26 13:30:00-04:00,2.3499999046325684,2.4433999061584473,2.3499999046325684,2.3701000213623047,14214,0.0,0.0
2022-09-26 14:30:00-04:00,2.3450000286102295,2.380000114440918,2.299999952316284,2.369999885559082,11930,0.0,0.0
2022-09-26 15:30:00-04:00,2.359999895095825,2.360100030899048,2.309999942779541,2.309999942779541,7996,0.0,0.0
2022-09-27 09:30:00-04:00,2.3399999141693115,2.3406999111175537,2.3399999141693115,2.3406999111175537,640,0.0,0.0
2022-09-27 10:30:00-04:00,2.369999885559082,2.369999885559082,2.3399999141693115,2.3399999141693115,9085,0.0,0.0
2022-09-27 11:30:00-04:00,2.3399999141693115,2.340100049972534,2.2200000286102295,2.2599000930786133,18863,0.0,0.0
2022-09-27 12:30:00-04:00,2.234999895095825,2.265000104904175,2.234999895095825,2.265000104904175,1925,0.0,0.0
2022-09-27 13:30:00-04:00,2.2699999809265137,2.319999933242798,2.2699999809265137,2.2899999618530273,2231,0.0,0.0
2022-09-27 14:30:00-04:00,2.2899999618530273,2.2899999618530273,2.2799999713897705,2.2799999713897705,2915,0.0,0.0
2022-09-27 15:30:00-04:00,2.259999990463257,2.2799999713897705,2.25,2.2799999713897705,1892,0.0,0.0
2022-09-28 09:30:00-04:00,2.3399999141693115,2.3499999046325684,2.309299945831299,2.3399999141693115,0,0.0,0.0
2022-09-28 10:30:00-04:00,2.361799955368042,2.440000057220459,2.361799955368042,2.440000057220459,44237,0.0,0.0
2022-09-28 11:30:00-04:00,2.4000000953674316,2.440000057220459,2.4000000953674316,2.430000066757202,1331,0.0,0.0
2022-09-28 12:30:00-04:00,2.430000066757202,2.4700000286102295,2.430000066757202,2.4700000286102295,16469,0.0,0.0
2022-09-28 13:30:00-04:00,2.5299999713897705,2.5299999713897705,2.5299999713897705,2.5299999713897705,413,0.0,0.0
2022-09-28 14:30:00-04:00,2.5350000858306885,2.610100030899048,2.5350000858306885,2.609999895095825,3261,0.0,0.0
2022-09-28 15:30:00-04:00,2.5799999237060547,2.630000114440918,2.5799999237060547,2.5799999237060547,3648,0.0,0.0
2022-09-29 09:30:00-04:00,2.5799999237060547,2.6545000076293945,2.5,2.521199941635132,13252,0.0,0.0
2022-09-29 10:30:00-04:00,2.5,2.539299964904785,2.450000047683716,2.450000047683716,19634,0.0,0.0
2022-09-29 11:30:00-04:00,2.5,2.5,2.5,2.5,708,0.0,0.0
2022-09-29 12:30:00-04:00,2.5,2.5,2.5,2.5,1995,0.0,0.0
2022-09-29 13:30:00-04:00,2.509999990463257,2.509999990463257,2.5,2.5,1541,0.0,0.0
2022-09-29 14:30:00-04:00,2.5,2.5,2.4600000381469727,2.5,2535,0.0,0.0
2022-09-29 15:30:00-04:00,2.5199999809265137,2.5199999809265137,2.506200075149536,2.506200075149536,0,0.0,0.0
2022-09-30 09:30:00-04:00,2.4000000953674316,2.526900053024292,2.4000000953674316,2.509999990463257,10285,0.0,0.0
2022-09-30 10:30:00-04:00,2.549999952316284,2.559999942779541,2.549999952316284,2.549999952316284,723,0.0,0.0
2022-09-30 11:30:00-04:00,2.5799999237060547,2.5799999237060547,2.509999990463257,2.5290000438690186,3394,0.0,0.0
2022-09-30 12:30:00-04:00,2.5299999713897705,2.5299999713897705,2.5299999713897705,2.5299999713897705,374,0.0,0.0
2022-09-30 13:30:00-04:00,2.531100034713745,2.531100034713745,2.4600000381469727,2.4600000381469727,5606,0.0,0.0
2022-09-30 14:30:00-04:00,2.4700000286102295,2.4700000286102295,2.4700000286102295,2.4700000286102295,2901,0.0,0.0
2022-09-30 15:30:00-04:00,2.440000057220459,2.4600000381469727,2.309999942779541,2.309999942779541,16147,0.0,0.0
2022-10-03 09:30:00-04:00,2.2699999809265137,2.3499999046325684,2.2699999809265137,2.3499999046325684,3074,0.0,0.0
2022-10-03 10:30:00-04:00,2.384999990463257,2.578000068664551,2.384999990463257,2.553299903869629,22750,0.0,0.0
2022-10-03 11:30:00-04:00,2.5,2.51200008392334,2.490000009536743,2.494999885559082,21784,0.0,0.0
2022-10-03 12:30:00-04:00,2.5,2.5,2.4000000953674316,2.4000000953674316,876,0.0,0.0
2022-10-03 13:30:00-04:00,2.440000057220459,2.5380001068115234,2.440000057220459,2.5,8421,0.0,0.0
2022-10-03 14:30:00-04:00,2.5000998973846436,2.509999990463257,2.5,2.509999990463257,1595,0.0,0.0
2022-10-03 15:30:00-04:00,2.5,2.5,2.5,2.5,318,0.0,0.0
2022-10-04 09:30:00-04:00,2.559999942779541,2.680000066757202,2.559999942779541,2.5999999046325684,2943,0.0,0.0
2022-10-04 10:30:00-04:00,2.619999885559082,2.648699998855591,2.5804998874664307,2.5804998874664307,3785,0.0,0.0
2022-10-04 11:30:00-04:00,2.5999999046325684,2.6089999675750732,2.599400043487549,2.5999999046325684,3742,0.0,0.0
2022-10-04 12:30:00-04:00,2.609999895095825,2.609999895095825,2.5999999046325684,2.5999999046325684,933,0.0,0.0
2022-10-04 13:30:00-04:00,2.549999952316284,2.549999952316284,2.5,2.5250000953674316,2561,0.0,0.0
2022-10-04 14:30:00-04:00,2.5499000549316406,2.680000066757202,2.5399999618530273,2.5999999046325684,43943,0.0,0.0
2022-10-04 15:30:00-04:00,2.5348000526428223,2.5999999046325684,2.5299999713897705,2.5999999046325684,975,0.0,0.0
2022-10-05 09:30:00-04:00,2.4700000286102295,2.505000114440918,2.440000057220459,2.450000047683716,0,0.0,0.0
2022-10-05 10:30:00-04:00,2.5199999809265137,2.5199999809265137,2.450000047683716,2.4600000381469727,0,0.0,0.0
2022-10-05 11:30:00-04:00,2.4600000381469727,2.4600000381469727,2.4600000381469727,2.4600000381469727,29642,0.0,0.0
2022-10-05 12:30:00-04:00,2.490000009536743,2.5199999809265137,2.490000009536743,2.5199999809265137,1076,0.0,0.0
2022-10-05 13:30:00-04:00,2.526400089263916,2.5299999713897705,2.523699998855591,2.5299999713897705,2193,0.0,0.0
2022-10-05 14:30:00-04:00,2.559999942779541,2.5799999237060547,2.549999952316284,2.5799999237060547,1341,0.0,0.0
2022-10-05 15:30:00-04:00,2.549999952316284,2.549999952316284,2.5,2.5399999618530273,18565,0.0,0.0
2022-10-06 09:30:00-04:00,2.450000047683716,2.509999990463257,2.450000047683716,2.4700000286102295,4884,0.0,0.0
2022-10-06 10:30:00-04:00,2.4700000286102295,2.51200008392334,2.430000066757202,2.4600000381469727,5812,0.0,0.0
2022-10-06 11:30:00-04:00,2.4600000381469727,2.4600000381469727,2.4000000953674316,2.4100000858306885,2651,0.0,0.0
2022-10-06 12:30:00-04:00,2.4100000858306885,2.4100000858306885,2.3399999141693115,2.3399999141693115,0,0.0,0.0
2022-10-06 13:30:00-04:00,2.3299999237060547,2.4100000858306885,2.3299999237060547,2.359999895095825,37868,0.0,0.0
2022-10-06 14:30:00-04:00,2.380000114440918,2.390000104904175,2.380000114440918,2.380000114440918,1937,0.0,0.0
2022-10-06 15:30:00-04:00,2.390000104904175,2.390000104904175,2.3399999141693115,2.3399999141693115,3282,0.0,0.0
2022-10-07 09:30:00-04:00,2.319999933242798,2.319999933242798,2.299999952316284,2.299999952316284,2567,0.0,0.0
2022-10-07 10:30:00-04:00,2.2899999618530273,2.3499999046325684,2.2850000858306885,2.3299999237060547,8365,0.0,0.0
2022-10-07 11:30:00-04:00,2.3701000213623047,2.4379000663757324,2.359999895095825,2.4379000663757324,1532,0.0,0.0
2022-10-07 12:30:00-04:00,2.4000000953674316,2.4000000953674316,2.369999885559082,2.380000114440918,3592,0.0,0.0
2022-10-07 13:30:00-04:00,2.375,2.390000104904175,2.375,2.390000104904175,1940,0.0,0.0
2022-10-07 14:30:00-04:00,2.423099994659424,2.423099994659424,2.4100000858306885,2.4100000858306885,3053,0.0,0.0
2022-10-07 15:30:00-04:00,2.4100000858306885,2.4200000762939453,2.380000114440918,2.380000114440918,5692,0.0,0.0
2022-10-10 09:30:00-04:00,2.430000066757202,2.430000066757202,2.4100000858306885,2.422100067138672,3267,0.0,0.0
2022-10-10 10:30:00-04:00,2.4200000762939453,2.4200000762939453,2.369999885559082,2.4100000858306885,2351,0.0,0.0
2022-10-10 11:30:00-04:00,2.410099983215332,2.410099983215332,2.3499999046325684,2.350100040435791,14804,0.0,0.0
2022-10-10 12:30:00-04:00,2.3201000690460205,2.357300043106079,2.3201000690460205,2.3201000690460205,1920,0.0,0.0
2022-10-10 13:30:00-04:00,2.3399999141693115,2.3399999141693115,2.319999933242798,2.319999933242798,2367,0.0,0.0
2022-10-10 14:30:00-04:00,2.3299999237060547,2.3399999141693115,2.319999933242798,2.319999933242798,2915,0.0,0.0
2022-10-10 15:30:00-04:00,2.3399999141693115,2.3499999046325684,2.3361001014709473,2.3499999046325684,2122,0.0,0.0
2022-10-11 09:30:00-04:00,2.3399999141693115,2.369999885559082,2.299999952316284,2.359999895095825,0,0.0,0.0
2022-10-11 10:30:00-04:00,2.299999952316284,2.299999952316284,2.299999952316284,2.299999952316284,424,0.0,0.0
2022-10-11 11:30:00-04:00,2.299999952316284,2.299999952316284,2.299999952316284,2.299999952316284,1502,0.0,0.0
2022-10-11 12:30:00-04:00,2.2899999618530273,2.2899999618530273,2.2799999713897705,2.2799999713897705,1161,0.0,0.0
2022-10-11 13:30:00-04:00,2.2799999713897705,2.2799999713897705,2.25,2.25,3178,0.0,0.0
2022-10-11 14:30:00-04:00,2.25,2.259999990463257,2.2300000190734863,2.2300000190734863,5638,0.0,0.0
2022-10-11 15:30:00-04:00,2.23799991607666,2.240000009536743,2.2200000286102295,2.2200000286102295,3780,0.0,0.0
2022-10-12 09:30:00-04:00,2.240000009536743,2.259999990463257,2.231800079345703,2.231800079345703,2376,0.0,0.0
2022-10-12 10:30:00-04:00,2.2200000286102295,2.2300000190734863,2.200000047683716,2.200000047683716,3171,0.0,0.0
2022-10-12 11:30:00-04:00,2.2100000381469727,2.2200000286102295,2.2100000381469727,2.2167000770568848,3058,0.0,0.0
2022-10-12 12:30:00-04:00,2.2300000190734863,2.2300000190734863,2.2100000381469727,2.2200000286102295,8134,0.0,0.0
2022-10-12 14:30:00-04:00,2.2200000286102295,2.240000009536743,2.2200000286102295,2.2300000190734863,1314,0.0,0.0
2022-10-12 15:30:00-04:00,2.2200000286102295,2.2200000286102295,2.2200000286102295,2.2200000286102295,436,0.0,0.0
2022-10-13 09:30:00-04:00,2.200000047683716,2.25,2.180000066757202,2.200000047683716,15372,0.0,0.0
2022-10-13 10:30:00-04:00,2.2399001121520996,2.2699999809265137,2.2300000190734863,2.259999990463257,4696,0.0,0.0
2022-10-13 11:30:00-04:00,2.240000009536743,2.2618000507354736,2.240000009536743,2.2618000507354736,1528,0.0,0.0
2022-10-13 12:30:00-04:00,2.2799999713897705,2.299999952316284,2.2799999713897705,2.299999952316284,1615,0.0,0.0
2022-10-13 14:30:00-04:00,2.2899999618530273,2.319999933242798,2.2899999618530273,2.309999942779541,3578,0.0,0.0
2022-10-13 15:30:00-04:00,2.3220999240875244,2.3220999240875244,2.2699999809265137,2.2699999809265137,2137,0.0,0.0
2022-10-14 09:30:00-04:00,2.259999990463257,2.2899999618530273,2.259999990463257,2.2799999713897705,7195,0.0,0.0
2022-10-14 10:30:00-04:00,2.2799999713897705,2.2799999713897705,2.2699999809265137,2.2699999809265137,396,0.0,0.0
2022-10-14 11:30:00-04:00,2.2699999809265137,2.273200035095215,2.259999990463257,2.2699999809265137,3138,0.0,0.0
2022-10-14 12:30:00-04:00,2.2699999809265137,2.2699999809265137,2.25,2.25,2134,0.0,0.0
2022-10-14 13:30:00-04:00,2.25,2.25,2.2300000190734863,2.2300000190734863,2728,0.0,0.0
2022-10-14 14:30:00-04:00,2.240000009536743,2.240000009536743,2.2200000286102295,2.2200000286102295,3581,0.0,0.0
2022-10-14 15:30:00-04:00,2.200000047683716,2.2200000286102295,2.1700000762939453,2.1700000762939453,6361,0.0,0.0
2022-10-17 09:30:00-04:00,2.2799999713897705,2.2799999713897705,2.180000066757202,2.2799999713897705,8514,0.0,0.0
2022-10-17 10:30:00-04:00,2.240000009536743,2.25,2.2300000190734863,2.2300000190734863,0,0.0,0.0
2022-10-17 11:30:00-04:00,2.2200000286102295,2.240000009536743,2.2200000286102295,2.2300000190734863,16336,0.0,0.0
2022-10-17 12:30:00-04:00,2.240000009536743,2.240000009536743,2.2300000190734863,2.240000009536743,3998,0.0,0.0
2022-10-17 13:30:00-04:00,2.240000009536743,2.240000009536743,2.200000047683716,2.200000047683716,1030,0.0,0.0
2022-10-17 14:30:00-04:00,2.200000047683716,2.240000009536743,2.200000047683716,2.2214999198913574,6277,0.0,0.0
2022-10-17 15:30:00-04:00,2.2200000286102295,2.2200000286102295,2.2200000286102295,2.2200000286102295,1111,0.0,0.0
2022-10-18 09:30:00-04:00,2.308199882507324,2.3499999046325684,2.2899999618530273,2.3499999046325684,8601,0.0,0.0
2022-10-18 10:30:00-04:00,2.3536999225616455,2.390000104904175,2.309999942779541,2.3399999141693115,17067,0.0,0.0
2022-10-18 11:30:00-04:00,2.3499999046325684,2.3499999046325684,2.3399999141693115,2.3399999141693115,2842,0.0,0.0
2022-10-18 12:30:00-04:00,2.3420000076293945,2.359999895095825,2.265000104904175,2.2699999809265137,15495,0.0,0.0
2022-10-18 13:30:00-04:00,2.2799999713897705,2.3399999141693115,2.2699999809265137,2.309999942779541,9715,0.0,0.0
2022-10-18 14:30:00-04:00,2.309999942779541,2.309999942779541,2.259999990463257,2.289900064468384,6492,0.0,0.0
2022-10-18 15:30:00-04:00,2.2850000858306885,2.287100076675415,2.2799999713897705,2.287100076675415,1309,0.0,0.0
2022-10-19 09:30:00-04:00,2.299999952316284,2.309999942779541,2.299999952316284,2.299999952316284,0,0.0,0.0
2022-10-19 10:30:00-04:00,2.3099000453948975,2.3099000453948975,2.2799999713897705,2.2799999713897705,5051,0.0,0.0
2022-10-19 11:30:00-04:00,2.2950000762939453,2.2950000762939453,2.2950000762939453,2.2950000762939453,979,0.0,0.0
2022-10-19 12:30:00-04:00,2.3080999851226807,2.309999942779541,2.2799999713897705,2.2799999713897705,6662,0.0,0.0
2022-10-19 13:30:00-04:00,2.2899999618530273,2.309999942779541,2.2899999618530273,2.309999942779541,915,0.0,0.0
2022-10-19 14:30:00-04:00,2.319999933242798,2.329900026321411,2.309999942779541,2.309999942779541,2740,0.0,0.0
2022-10-19 15:30:00-04:00,2.299999952316284,2.319999933242798,2.259999990463257,2.2899999618530273,9659,0.0,0.0
2022-10-20 09:30:00-04:00,2.3010001182556152,2.309999942779541,2.259999990463257,2.2699999809265137,0,0.0,0.0
2022-10-20 10:30:00-04:00,2.3234000205993652,2.3234000205993652,2.3234000205993652,2.3234000205993652,178,0.0,0.0
2022-10-20 11:30:00-04:00,2.329900026321411,2.440000057220459,2.2699999809265137,2.4000000953674316,101815,0.0,0.0
2022-10-20 12:30:00-04:00,2.4017999172210693,2.4100000858306885,2.3299999237060547,2.380000114440918,59201,0.0,0.0
2022-10-20 13:30:00-04:00,2.4000000953674316,2.4000000953674316,2.380000114440918,2.380000114440918,19743,0.0,0.0
2022-10-20 14:30:00-04:00,2.380000114440918,2.390000104904175,2.380000114440918,2.380000114440918,2252,0.0,0.0
2022-10-20 15:30:00-04:00,2.390000104904175,2.399899959564209,2.3299999237060547,2.3299999237060547,0,0.0,0.0
2022-10-21 09:30:00-04:00,2.3041999340057373,2.3399999141693115,2.2869999408721924,2.3399999141693115,1209,0.0,0.0
2022-10-21 10:30:00-04:00,2.3299999237060547,2.3499999046325684,2.3299999237060547,2.3350000381469727,1347,0.0,0.0
2022-10-21 11:30:00-04:00,2.3480000495910645,2.359999895095825,2.2799999713897705,2.2799999713897705,28260,0.0,0.0
2022-10-21 12:30:00-04:00,2.309999942779541,2.309999942779541,2.309999942779541,2.309999942779541,267,0.0,0.0
2022-10-21 13:30:00-04:00,2.3399999141693115,2.3399999141693115,2.2699999809265137,2.2799999713897705,19436,0.0,0.0
2022-10-21 14:30:00-04:00,2.2950000762939453,2.3499999046325684,2.2899999618530273,2.3499999046325684,5132,0.0,0.0
2022-10-21 15:30:00-04:00,2.3299999237060547,2.3499999046325684,2.328700065612793,2.3299999237060547,7571,0.0,0.0
2022-10-24 09:30:00-04:00,2.3499999046325684,2.3499999046325684,2.240000009536743,2.240000009536743,0,0.0,0.0
2022-10-24 10:30:00-04:00,2.259999990463257,2.2799999713897705,2.259999990463257,2.2799999713897705,4586,0.0,0.0
2022-10-24 11:30:00-04:00,2.2699999809265137,2.2999000549316406,2.2699999809265137,2.2699999809265137,1699,0.0,0.0
2022-10-24 12:30:00-04:00,2.299999952316284,2.3299999237060547,2.2799999713897705,2.3299999237060547,782,0.0,0.0
2022-10-24 13:30:00-04:00,2.3299999237060547,2.4000000953674316,2.3299999237060547,2.390000104904175,7260,0.0,0.0
2022-10-24 14:30:00-04:00,2.4000000953674316,2.4000000953674316,2.25,2.299999952316284,65815,0.0,0.0
2022-10-24 15:30:00-04:00,2.299999952316284,2.299999952316284,2.2699999809265137,2.2699999809265137,2761,0.0,0.0
2022-10-25 09:30:00-04:00,2.319999933242798,2.359999895095825,2.200000047683716,2.259999990463257,36934,0.0,0.0
2022-10-25 10:30:00-04:00,2.2799999713897705,2.284600019454956,2.259999990463257,2.278899908065796,9258,0.0,0.0
2022-10-25 11:30:00-04:00,2.2799999713897705,2.299999952316284,2.2699999809265137,2.299999952316284,12047,0.0,0.0
2022-10-25 12:30:00-04:00,2.309999942779541,2.309999942779541,2.299999952316284,2.299999952316284,7524,0.0,0.0
2022-10-25 13:30:00-04:00,2.2899999618530273,2.2999000549316406,2.2799999713897705,2.2999000549316406,4787,0.0,0.0
2022-10-25 14:30:00-04:00,2.2950000762939453,2.339600086212158,2.2950000762939453,2.319999933242798,27097,0.0,0.0
2022-10-25 15:30:00-04:00,2.2899999618530273,2.325000047683716,2.2899999618530273,2.2899999618530273,3010,0.0,0.0
2022-10-26 09:30:00-04:00,2.3499999046325684,2.416599988937378,2.3299999237060547,2.380000114440918,0,0.0,0.0
2022-10-26 10:30:00-04:00,2.4005000591278076,2.4005000591278076,2.389400005340576,2.389400005340576,3834,0.0,0.0
2022-10-26 11:30:00-04:00,2.369999885559082,2.390000104904175,2.359999895095825,2.376199960708618,3700,0.0,0.0
2022-10-26 12:30:00-04:00,2.390000104904175,2.390000104904175,2.3399999141693115,2.375,1357,0.0,0.0
2022-10-26 13:30:00-04:00,2.359999895095825,2.359999895095825,2.0,2.089900016784668,190016,0.0,0.0
2022-10-26 14:30:00-04:00,2.085200071334839,2.140000104904175,1.9700000286102295,2.0250000953674316,73401,0.0,0.0
2022-10-26 15:30:00-04:00,2.0,2.059999942779541,1.9500000476837158,2.009999990463257,39110,0.0,0.0
2022-10-27 09:30:00-04:00,1.8600000143051147,2.0199999809265137,1.8600000143051147,2.0,34693,0.0,0.0
2022-10-27 10:30:00-04:00,2.01990008354187,2.01990008354187,1.9900000095367432,2.009999990463257,2953,0.0,0.0
2022-10-27 11:30:00-04:00,2.009999990463257,2.0199999809265137,2.009999990463257,2.009999990463257,5033,0.0,0.0
2022-10-27 12:30:00-04:00,2.015000104904175,2.0299999713897705,2.015000104904175,2.0299999713897705,7761,0.0,0.0
2022-10-27 13:30:00-04:00,2.0250000953674316,2.069999933242798,2.0199999809265137,2.049999952316284,7159,0.0,0.0
2022-10-27 14:30:00-04:00,2.055000066757202,2.0999999046325684,2.055000066757202,2.0999999046325684,3645,0.0,0.0
2022-10-27 15:30:00-04:00,2.0999999046325684,2.0999999046325684,2.0799999237060547,2.0899999141693115,2879,0.0,0.0
2022-10-28 09:30:00-04:00,2.049999952316284,2.130000114440918,2.049999952316284,2.130000114440918,5303,0.0,0.0
2022-10-28 10:30:00-04:00,2.10479998588562,2.10479998588562,2.101900100708008,2.101900100708008,1383,0.0,0.0
2022-10-28 11:30:00-04:00,2.130000114440918,2.139899969100952,2.1208999156951904,2.139899969100952,1055,0.0,0.0
2022-10-28 12:30:00-04:00,2.125,2.130000114440918,2.109999895095825,2.109999895095825,3341,0.0,0.0
2022-10-28 13:30:00-04:00,2.119999885559082,2.130000114440918,2.119999885559082,2.119999885559082,4943,0.0,0.0
2022-10-28 14:30:00-04:00,2.130000114440918,2.130000114440918,2.109999895095825,2.109999895095825,1878,0.0,0.0
2022-10-28 15:30:00-04:00,2.119999885559082,2.119999885559082,2.069999933242798,2.0799999237060547,7780,0.0,0.0
2022-10-31 09:30:00-04:00,2.059999942779541,2.0999999046325684,2.0527000427246094,2.0999999046325684,18452,0.0,0.0
2022-10-31 10:30:00-04:00,2.123699903488159,2.1800999641418457,2.123699903488159,2.1500000953674316,13703,0.0,0.0
2022-10-31 11:30:00-04:00,2.1700000762939453,2.190000057220459,2.1500000953674316,2.1500000953674316,1894,0.0,0.0
2022-10-31 12:30:00-04:00,2.140000104904175,2.1405999660491943,2.130000114440918,2.1379001140594482,1499,0.0,0.0
2022-10-31 13:30:00-04:00,2.130000114440918,2.140000104904175,2.130000114440918,2.140000104904175,877,0.0,0.0
2022-10-31 14:30:00-04:00,2.128200054168701,2.130000114440918,2.119999885559082,2.128200054168701,1721,0.0,0.0
2022-10-31 15:30:00-04:00,2.119999885559082,2.1500000953674316,2.1133999824523926,2.1500000953674316,4696,0.0,0.0
2022-11-01 09:30:00-04:00,2.0999999046325684,2.1700000762939453,2.0899999141693115,2.1435999870300293,8395,0.0,0.0
2022-11-01 10:30:00-04:00,2.140000104904175,2.190000057220459,2.0999999046325684,2.1600000858306885,9156,0.0,0.0
2022-11-01 11:30:00-04:00,2.1600000858306885,2.160099983215332,2.069999933242798,2.069999933242798,10393,0.0,0.0
2022-11-01 12:30:00-04:00,2.084399938583374,2.130000114440918,2.0799999237060547,2.130000114440918,5817,0.0,0.0
2022-11-01 13:30:00-04:00,2.119999885559082,2.130000114440918,2.0799999237060547,2.115000009536743,10399,0.0,0.0
2022-11-01 14:30:00-04:00,2.109999895095825,2.109999895095825,2.069999933242798,2.069999933242798,9062,0.0,0.0
2022-11-01 15:30:00-04:00,2.049999952316284,2.059999942779541,1.9700000286102295,1.9700000286102295,23238,0.0,0.0
2022-11-02 09:30:00-04:00,2.0,2.0,1.9600000381469727,1.9644999504089355,11018,0.0,0.0
2022-11-02 10:30:00-04:00,1.9900000095367432,2.0139000415802,1.9600000381469727,2.009999990463257,7930,0.0,0.0
2022-11-02 11:30:00-04:00,2.0199999809265137,2.140000104904175,2.0,2.119999885559082,38706,0.0,0.0
2022-11-02 12:30:00-04:00,2.069999933242798,2.0899999141693115,1.9900000095367432,2.005000114440918,10405,0.0,0.0
2022-11-02 13:30:00-04:00,2.009999990463257,2.009999990463257,2.009999990463257,2.009999990463257,305,0.0,0.0
2022-11-02 14:30:00-04:00,2.034899950027466,2.0799999237060547,2.0299999713897705,2.049999952316284,6911,0.0,0.0
2022-11-02 15:30:00-04:00,2.049999952316284,2.069999933242798,2.009999990463257,2.0399999618530273,1904,0.0,0.0
2022-11-03 09:30:00-04:00,2.0399999618530273,2.089600086212158,2.009999990463257,2.0199999809265137,2156,0.0,0.0
2022-11-03 10:30:00-04:00,2.0,2.0000998973846436,2.0,2.0,659,0.0,0.0
2022-11-03 12:30:00-04:00,2.0727999210357666,2.0727999210357666,2.069999933242798,2.069999933242798,1733,0.0,0.0
2022-11-03 13:30:00-04:00,2.0299999713897705,2.0441999435424805,2.0299999713897705,2.0352001190185547,1120,0.0,0.0
2022-11-03 14:30:00-04:00,2.0299999713897705,2.140000104904175,2.0299999713897705,2.130000114440918,28025,0.0,0.0
2022-11-03 15:30:00-04:00,2.119999885559082,2.119999885559082,2.035099983215332,2.059999942779541,23392,0.0,0.0
2022-11-04 09:30:00-04:00,2.059999942779541,2.059999942779541,2.0350000858306885,2.0350000858306885,8687,0.0,0.0
2022-11-04 10:30:00-04:00,2.049999952316284,2.0899999141693115,2.0399999618530273,2.049999952316284,4400,0.0,0.0
2022-11-04 11:30:00-04:00,2.049999952316284,2.053299903869629,2.0399999618530273,2.053299903869629,1061,0.0,0.0
2022-11-04 12:30:00-04:00,2.0415000915527344,2.0450000762939453,2.0299999713897705,2.0299999713897705,2608,0.0,0.0
2022-11-04 13:30:00-04:00,2.0199999809265137,2.022200107574463,2.0,2.009999990463257,7166,0.0,0.0
2022-11-04 14:30:00-04:00,2.009999990463257,2.050600051879883,2.009999990463257,2.0383999347686768,6046,0.0,0.0
2022-11-04 15:30:00-04:00,2.0499000549316406,2.0499000549316406,2.0299999713897705,2.0299999713897705,206,0.0,0.0
2022-11-07 09:30:00-05:00,1.9800000190734863,2.049999952316284,1.9800000190734863,1.9838999509811401,9413,0.0,0.0
2022-11-07 10:30:00-05:00,2.0,2.009999990463257,2.0,2.009999990463257,1271,0.0,0.0
2022-11-07 11:30:00-05:00,2.009999990463257,2.0399999618530273,2.0,2.0399999618530273,6885,0.0,0.0
2022-11-07 12:30:00-05:00,2.0299999713897705,2.0299999713897705,2.0299999713897705,2.0299999713897705,263,0.0,0.0
2022-11-07 13:30:00-05:00,2.049999952316284,2.059999942779541,2.049999952316284,2.049999952316284,2368,0.0,0.0
2022-11-07 14:30:00-05:00,2.049999952316284,2.049999952316284,2.0299999713897705,2.0299999713897705,7853,0.0,0.0
2022-11-07 15:30:00-05:00,2.0450000762939453,2.0450000762939453,1.9800000190734863,1.9800000190734863,0,0.0,0.0
2022-11-08 09:30:00-05:00,1.9900000095367432,1.9986000061035156,1.9800000190734863,1.9909000396728516,5592,0.0,0.0
2022-11-08 10:30:00-05:00,1.9900000095367432,1.9900000095367432,1.9800000190734863,1.9800000190734863,3836,0.0,0.0
2022-11-08 11:30:00-05:00,1.9800000190734863,1.98989999294281,1.9800000190734863,1.9850000143051147,1922,0.0,0.0
2022-11-08 12:30:00-05:00,1.9800000190734863,1.9800000190734863,1.9800000190734863,1.9800000190734863,1692,0.0,0.0
2022-11-08 13:30:00-05:00,1.98989999294281,1.98989999294281,1.940000057220459,1.940000057220459,7372,0.0,0.0
2022-11-08 14:30:00-05:00,1.9429999589920044,1.9699000120162964,1.940000057220459,1.9699000120162964,2096,0.0,0.0
2022-11-08 15:30:00-05:00,1.9500000476837158,1.9559999704360962,1.9500000476837158,1.9500999450683594,947,0.0,0.0
2022-11-09 09:30:00-05:00,1.9500000476837158,1.9700000286102295,1.940000057220459,1.940000057220459,9192,0.0,0.0
2022-11-09 10:30:00-05:00,1.9500000476837158,1.9599000215530396,1.9319000244140625,1.9319000244140625,1415,0.0,0.0
2022-11-09 11:30:00-05:00,1.944000005722046,1.944000005722046,1.940000057220459,1.940000057220459,1831,0.0,0.0
2022-11-09 12:30:00-05:00,1.940000057220459,1.940000057220459,1.9257999658584595,1.9299999475479126,1581,0.0,0.0
2022-11-09 13:30:00-05:00,1.934399962425232,1.934399962425232,1.899999976158142,1.899999976158142,5631,0.0,0.0
2022-11-09 14:30:00-05:00,1.899999976158142,1.899999976158142,1.8799999952316284,1.899899959564209,3568,0.0,0.0
2022-11-09 15:30:00-05:00,1.8799999952316284,1.8899999856948853,1.8799999952316284,1.8799999952316284,0,0.0,0.0
2022-11-10 09:30:00-05:00,1.9500000476837158,2.0199999809265137,1.940000057220459,2.0,17180,0.0,0.0
2022-11-10 10:30:00-05:00,1.9521000385284424,1.999899983406067,1.9521000385284424,1.9919999837875366,5121,0.0,0.0
2022-11-10 11:30:00-05:00,1.9800000190734863,1.9800000190734863,1.9550000429153442,1.9550000429153442,4558,0.0,0.0
2022-11-10 12:30:00-05:00,1.940000057220459,1.940000057220459,1.8899999856948853,1.899999976158142,1764,0.0,0.0
2022-11-10 13:30:00-05:00,1.9138000011444092,1.9138000011444092,1.9138000011444092,1.9138000011444092,656,0.0,0.0
2022-11-10 14:30:00-05:00,1.9000999927520752,1.9139000177383423,1.899999976158142,1.909999966621399,3821,0.0,0.0
2022-11-10 15:30:00-05:00,1.9149999618530273,1.9149999618530273,1.909999966621399,1.909999966621399,1866,0.0,0.0
2022-11-11 09:30:00-05:00,1.940000057220459,2.0199999809265137,1.940000057220459,1.9800000190734863,6526,0.0,0.0
2022-11-11 10:30:00-05:00,1.9800000190734863,2.036400079727173,1.9800000190734863,1.9800000190734863,13244,0.0,0.0
2022-11-11 11:30:00-05:00,1.9819999933242798,2.0,1.9819999933242798,2.0,1805,0.0,0.0
2022-11-11 12:30:00-05:00,2.003499984741211,2.140000104904175,2.0000998973846436,2.140000104904175,0,0.0,0.0
2022-11-11 13:30:00-05:00,2.130000114440918,2.140000104904175,2.0799999237060547,2.0899999141693115,54862,0.0,0.0
2022-11-11 14:30:00-05:00,2.0992000102996826,2.0992000102996826,2.0799999237060547,2.0899999141693115,3984,0.0,0.0
2022-11-11 15:30:00-05:00,2.0899999141693115,2.130000114440918,2.070199966430664,2.130000114440918,24940,0.0,0.0
2022-11-14 09:30:00-05:00,2.180000066757202,2.2699999809265137,2.049999952316284,2.2699999809265137,0,0.0,0.0
2022-11-14 10:30:00-05:00,2.2699999809265137,2.2899999618530273,2.265000104904175,2.2899999618530273,8689,0.0,0.0
2022-11-14 11:30:00-05:00,2.294600009918213,2.299999952316284,2.289599895477295,2.2899999618530273,7915,0.0,0.0
2022-11-14 12:30:00-05:00,2.299999952316284,2.319999933242798,2.2899999618530273,2.315000057220459,15750,0.0,0.0
2022-11-14 13:30:00-05:00,2.309999942779541,2.319999933242798,2.309999942779541,2.309999942779541,3416,0.0,0.0
2022-11-14 14:30:00-05:00,2.319999933242798,2.319999933242798,2.299999952316284,2.299999952316284,2521,0.0,0.0
2022-11-14 15:30:00-05:00,2.2950000762939453,2.2950000762939453,2.240000009536743,2.2699999809265137,0,0.0,0.0
2022-11-15 09:30:00-05:00,2.6600000858306885,2.819999933242798,2.609999895095825,2.7799999713897705,211996,0.0,0.0
2022-11-15 10:30:00-05:00,2.7899999618530273,2.7950000762939453,2.430000066757202,2.430000066757202,116906,0.0,0.0
2022-11-15 11:30:00-05:00,2.440000057220459,2.490000009536743,2.3299999237060547,2.4700000286102295,30191,0.0,0.0
2022-11-15 12:30:00-05:00,2.4700000286102295,2.4700000286102295,2.309999942779541,2.319999933242798,11982,0.0,0.0
2022-11-15 13:30:00-05:00,2.3199000358581543,2.319999933242798,2.140000104904175,2.190000057220459,18108,0.0,0.0
2022-11-15 14:30:00-05:00,2.190000057220459,2.359999895095825,2.17549991607666,2.3215999603271484,39213,0.0,0.0
2022-11-15 15:30:00-05:00,2.326200008392334,2.326200008392334,2.2100000381469727,2.2100000381469727,14355,0.0,0.0
2022-11-16 09:30:00-05:00,2.319999933242798,2.390000104904175,2.2065999507904053,2.299999952316284,28268,0.0,0.0
2022-11-16 10:30:00-05:00,2.299999952316284,2.399899959564209,2.299999952316284,2.380000114440918,11352,0.0,0.0
2022-11-16 11:30:00-05:00,2.3940000534057617,2.4600000381469727,2.3499999046325684,2.380000114440918,32717,0.0,0.0
2022-11-16 12:30:00-05:00,2.3805999755859375,2.390000104904175,2.359999895095825,2.368299961090088,9544,0.0,0.0
2022-11-16 13:30:00-05:00,2.375,2.375,2.3299999237060547,2.3299999237060547,2973,0.0,0.0
2022-11-16 14:30:00-05:00,2.339900016784668,2.3994998931884766,2.309999942779541,2.365000009536743,24370,0.0,0.0
2022-11-16 15:30:00-05:00,2.359999895095825,2.390000104904175,2.3499999046325684,2.3499999046325684,12384,0.0,0.0
2022-11-17 09:30:00-05:00,2.319999933242798,2.3782999515533447,2.2200000286102295,2.299999952316284,18336,0.0,0.0
2022-11-17 10:30:00-05:00,2.309999942779541,2.3450000286102295,2.309999942779541,2.309999942779541,8276,0.0,0.0
2022-11-17 11:30:00-05:00,2.309999942779541,2.315000057220459,2.27620005607605,2.309999942779541,6695,0.0,0.0
2022-11-17 12:30:00-05:00,2.309999942779541,2.319999933242798,2.2899999618530273,2.3199000358581543,3396,0.0,0.0
2022-11-17 13:30:00-05:00,2.2799999713897705,2.319999933242798,2.2799999713897705,2.280100107192993,5082,0.0,0.0
2022-11-17 14:30:00-05:00,2.2799999713897705,2.28629994392395,2.259999990463257,2.259999990463257,1261,0.0,0.0
2022-11-17 15:30:00-05:00,2.3199000358581543,2.3199000358581543,2.2699999809265137,2.2699999809265137,2261,0.0,0.0
2022-11-18 09:30:00-05:00,2.2699999809265137,2.2799999713897705,2.2699999809265137,2.2799999713897705,6798,0.0,0.0
2022-11-18 10:30:00-05:00,2.3024001121520996,2.3499999046325684,2.3024001121520996,2.319999933242798,3110,0.0,0.0
2022-11-18 12:30:00-05:00,2.319999933242798,2.319999933242798,2.319999933242798,2.319999933242798,1005,0.0,0.0
2022-11-18 13:30:00-05:00,2.325000047683716,2.3399999141693115,2.319999933242798,2.3399999141693115,1804,0.0,0.0
2022-11-18 15:30:00-05:00,2.3438000679016113,2.349900007247925,2.319999933242798,2.3399999141693115,2327,0.0,0.0
2022-11-21 09:30:00-05:00,2.3299999237060547,2.3299999237060547,2.2899999618530273,2.299999952316284,12148,0.0,0.0
2022-11-21 10:30:00-05:00,2.299999952316284,2.299999952316284,2.2799999713897705,2.2950000762939453,2171,0.0,0.0
2022-11-21 11:30:00-05:00,2.2799999713897705,2.2799999713897705,2.2799999713897705,2.2799999713897705,967,0.0,0.0
2022-11-21 12:30:00-05:00,2.299999952316284,2.3013999462127686,2.2899999618530273,2.2899999618530273,1954,0.0,0.0
2022-11-21 13:30:00-05:00,2.299999952316284,2.299999952316284,2.25,2.259999990463257,4475,0.0,0.0
2022-11-21 14:30:00-05:00,2.259999990463257,2.272200107574463,2.259999990463257,2.272200107574463,2885,0.0,0.0
2022-11-21 15:30:00-05:00,2.2718000411987305,2.2718000411987305,2.2200000286102295,2.2200000286102295,9274,0.0,0.0
2022-11-22 09:30:00-05:00,2.240000009536743,2.2472000122070312,2.200200080871582,2.2472000122070312,3247,0.0,0.0
2022-11-22 10:30:00-05:00,2.240000009536743,2.2899999618530273,2.240000009536743,2.259999990463257,2016,0.0,0.0
2022-11-22 11:30:00-05:00,2.278599977493286,2.2799999713897705,2.2699999809265137,2.2699999809265137,625,0.0,0.0
2022-11-22 12:30:00-05:00,2.2843000888824463,2.3299999237060547,2.2843000888824463,2.299999952316284,7645,0.0,0.0
2022-11-22 13:30:00-05:00,2.3101000785827637,2.315000057220459,2.2699999809265137,2.2699999809265137,5678,0.0,0.0
2022-11-22 14:30:00-05:00,2.259999990463257,2.309999942779541,2.259999990463257,2.2899999618530273,9003,0.0,0.0
2022-11-22 15:30:00-05:00,2.2699999809265137,2.2899999618530273,2.25,2.273699998855591,949,0.0,0.0
2022-11-23 09:30:00-05:00,2.2200000286102295,2.2699999809265137,2.2200000286102295,2.240000009536743,0,0.0,0.0
2022-11-23 10:30:00-05:00,2.25,2.265000104904175,2.25,2.25,1100,0.0,0.0
2022-11-23 11:30:00-05:00,2.2500998973846436,2.2672998905181885,2.25,2.2672998905181885,1244,0.0,0.0
2022-11-23 12:30:00-05:00,2.2799999713897705,2.299999952316284,2.2699999809265137,2.2699999809265137,7800,0.0,0.0
2022-11-23 13:30:00-05:00,2.2699999809265137,2.299999952316284,2.2699999809265137,2.299999952316284,8533,0.0,0.0
2022-11-23 14:30:00-05:00,2.319999933242798,2.319999933242798,2.2799999713897705,2.299999952316284,27456,0.0,0.0
2022-11-23 15:30:00-05:00,2.2799999713897705,2.299999952316284,2.2600998878479004,2.299999952316284,9033,0.0,0.0
2022-11-25 09:30:00-05:00,2.259999990463257,2.3203999996185303,2.259999990463257,2.2699999809265137,0,0.0,0.0
2022-11-25 10:30:00-05:00,2.2780001163482666,2.3299999237060547,2.2780001163482666,2.310499906539917,4510,0.0,0.0
2022-11-25 11:30:00-05:00,2.309999942779541,2.309999942779541,2.299999952316284,2.299999952316284,1517,0.0,0.0
2022-11-28 09:30:00-05:00,2.2699999809265137,2.2899999618530273,2.2699999809265137,2.2899999618530273,720,0.0,0.0
2022-11-28 10:30:00-05:00,2.2799999713897705,2.2799999713897705,2.2799999713897705,2.2799999713897705,285,0.0,0.0
2022-11-28 11:30:00-05:00,2.2799999713897705,2.2799999713897705,2.25,2.2699999809265137,6607,0.0,0.0
2022-11-28 12:30:00-05:00,2.2772998809814453,2.2799999713897705,2.2772998809814453,2.2799999713897705,2187,0.0,0.0
2022-11-28 13:30:00-05:00,2.2701001167297363,2.2848000526428223,2.2300000190734863,2.2300000190734863,10913,0.0,0.0
2022-11-28 15:30:00-05:00,2.2300000190734863,2.2300000190734863,2.2200000286102295,2.2300000190734863,0,0.0,0.0
2022-11-29 09:30:00-05:00,2.3399999141693115,2.3399999141693115,2.299999952316284,2.3299999237060547,4310,0.0,0.0
2022-11-29 10:30:00-05:00,2.319999933242798,2.3299999237060547,2.309999942779541,2.309999942779541,1314,0.0,0.0
2022-11-29 11:30:00-05:00,2.315000057220459,2.319999933242798,2.309999942779541,2.319999933242798,4117,0.0,0.0
2022-11-29 12:30:00-05:00,2.319999933242798,2.3285000324249268,2.319999933242798,2.3285000324249268,4997,0.0,0.0
2022-11-29 13:30:00-05:00,2.309999942779541,2.309999942779541,2.309999942779541,2.309999942779541,378,0.0,0.0
2022-11-29 14:30:00-05:00,2.328900098800659,2.328900098800659,2.299999952316284,2.299999952316284,6610,0.0,0.0
2022-11-29 15:30:00-05:00,2.299999952316284,2.299999952316284,2.299999952316284,2.299999952316284,516,0.0,0.0
2022-11-30 09:30:00-05:00,2.3499999046325684,2.4000000953674316,2.309999942779541,2.319999933242798,10754,0.0,0.0
2022-11-30 10:30:00-05:00,2.3399999141693115,2.3399999141693115,2.319999933242798,2.3343000411987305,5845,0.0,0.0
2022-11-30 11:30:00-05:00,2.339900016784668,2.3499999046325684,2.325000047683716,2.3499999046325684,5750,0.0,0.0
2022-11-30 12:30:00-05:00,2.3499999046325684,2.3499999046325684,2.3399999141693115,2.3399999141693115,1693,0.0,0.0
2022-11-30 13:30:00-05:00,2.3499999046325684,2.3499999046325684,2.329200029373169,2.3399999141693115,3560,0.0,0.0
2022-11-30 14:30:00-05:00,2.3299999237060547,2.4049999713897705,2.3299999237060547,2.4000000953674316,7264,0.0,0.0
2022-11-30 15:30:00-05:00,2.4000000953674316,2.430000066757202,2.375,2.375,24884,0.0,0.0
2022-12-01 09:30:00-05:00,2.4800000190734863,2.4800000190734863,2.302000045776367,2.319999933242798,29039,0.0,0.0
2022-12-01 10:30:00-05:00,2.3499999046325684,2.3499999046325684,2.3399999141693115,2.3499999046325684,6127,0.0,0.0
2022-12-01 11:30:00-05:00,2.309499979019165,2.309499979019165,2.309499979019165,2.309499979019165,782,0.0,0.0
2022-12-01 12:30:00-05:00,2.369999885559082,2.380000114440918,2.369999885559082,2.369999885559082,5502,0.0,0.0
2022-12-01 13:30:00-05:00,2.369999885559082,2.369999885559082,2.369999885559082,2.369999885559082,310,0.0,0.0
2022-12-01 14:30:00-05:00,2.3499999046325684,2.3499999046325684,2.3399999141693115,2.3399999141693115,469,0.0,0.0
2022-12-01 15:30:00-05:00,2.390000104904175,2.390000104904175,2.3299999237060547,2.3299999237060547,0,0.0,0.0
2022-12-02 09:30:00-05:00,2.2699999809265137,2.3499999046325684,2.2699999809265137,2.3499999046325684,2956,0.0,0.0
2022-12-02 10:30:00-05:00,2.3606998920440674,2.3606998920440674,2.3499999046325684,2.3499999046325684,4311,0.0,0.0
2022-12-02 11:30:00-05:00,2.344599962234497,2.3499999046325684,2.344599962234497,2.3499999046325684,1283,0.0,0.0
2022-12-02 12:30:00-05:00,2.3499999046325684,2.359999895095825,2.3299999237060547,2.3450000286102295,5117,0.0,0.0
2022-12-02 13:30:00-05:00,2.345900058746338,2.345900058746338,2.345900058746338,2.345900058746338,317,0.0,0.0
2022-12-02 14:30:00-05:00,2.3550000190734863,2.3550000190734863,2.3550000190734863,2.3550000190734863,317,0.0,0.0
2022-12-02 15:30:00-05:00,2.3499999046325684,2.3550000190734863,2.309999942779541,2.309999942779541,3386,0.0,0.0
2022-12-05 09:30:00-05:00,2.3299999237060547,2.369999885559082,2.309999942779541,2.3499999046325684,11291,0.0,0.0
2022-12-05 10:30:00-05:00,2.380000114440918,2.389899969100952,2.3499999046325684,2.380000114440918,4941,0.0,0.0
2022-12-05 11:30:00-05:00,2.384999990463257,2.390000104904175,2.380000114440918,2.380000114440918,10858,0.0,0.0
2022-12-05 12:30:00-05:00,2.384999990463257,2.4000000953674316,2.380000114440918,2.380000114440918,10177,0.0,0.0
2022-12-05 13:30:00-05:00,2.384999990463257,2.390000104904175,2.3499999046325684,2.365000009536743,10149,0.0,0.0
2022-12-05 14:30:00-05:00,2.380000114440918,2.380000114440918,2.3399999141693115,2.3499999046325684,10971,0.0,0.0
2022-12-05 15:30:00-05:00,2.359999895095825,2.359999895095825,2.3350000381469727,2.3399999141693115,4945,0.0,0.0
2022-12-06 09:30:00-05:00,2.390000104904175,2.4070000648498535,2.2799999713897705,2.319999933242798,11998,0.0,0.0
2022-12-06 10:30:00-05:00,2.319999933242798,2.319999933242798,2.299999952316284,2.309999942779541,954,0.0,0.0
2022-12-06 11:30:00-05:00,2.299999952316284,2.309999942779541,2.2932000160217285,2.2932000160217285,1798,0.0,0.0
2022-12-06 12:30:00-05:00,2.2899999618530273,2.2939999103546143,2.2600998878479004,2.2899999618530273,7236,0.0,0.0
2022-12-06 13:30:00-05:00,2.2899999618530273,2.2899999618530273,2.2699999809265137,2.2699999809265137,3514,0.0,0.0
2022-12-06 14:30:00-05:00,2.259999990463257,2.2799999713897705,2.240000009536743,2.240000009536743,4256,0.0,0.0
2022-12-06 15:30:00-05:00,2.244999885559082,2.244999885559082,2.240000009536743,2.240000009536743,1054,0.0,0.0
2022-12-07 09:30:00-05:00,2.240000009536743,2.299999952316284,2.237499952316284,2.299999952316284,8225,0.0,0.0
2022-12-07 10:30:00-05:00,2.309999942779541,2.309999942779541,2.299999952316284,2.299999952316284,1247,0.0,0.0
2022-12-07 11:30:00-05:00,2.299999952316284,2.299999952316284,2.299999952316284,2.299999952316284,2459,0.0,0.0
2022-12-07 12:30:00-05:00,2.2950000762939453,2.3145999908447266,2.2950000762939453,2.3145999908447266,727,0.0,0.0
2022-12-07 13:30:00-05:00,2.2899999618530273,2.2899999618530273,2.2799999713897705,2.2799999713897705,720,0.0,0.0
2022-12-07 14:30:00-05:00,2.2799999713897705,2.2799999713897705,2.2699999809265137,2.2799999713897705,1270,0.0,0.0
2022-12-07 15:30:00-05:00,2.2799999713897705,2.2899999618530273,2.2699999809265137,2.2899999618530273,1850,0.0,0.0
2022-12-08 09:30:00-05:00,2.2799999713897705,2.2799999713897705,2.244800090789795,2.244800090789795,688,0.0,0.0
2022-12-08 10:30:00-05:00,2.25,2.359299898147583,2.25,2.299999952316284,11909,0.0,0.0
2022-12-08 11:30:00-05:00,2.319999933242798,2.319999933242798,2.302000045776367,2.302000045776367,432,0.0,0.0
2022-12-08 13:30:00-05:00,2.309999942779541,2.309999942779541,2.2899999618530273,2.2899999618530273,5294,0.0,0.0
2022-12-08 14:30:00-05:00,2.3099000453948975,2.309999942779541,2.2899999618530273,2.309999942779541,2705,0.0,0.0
2022-12-08 15:30:00-05:00,2.325000047683716,2.3399999141693115,2.325000047683716,2.3399999141693115,2219,0.0,0.0
2022-12-09 09:30:00-05:00,2.309999942779541,2.368299961090088,2.2799999713897705,2.368299961090088,10823,0.0,0.0
2022-12-09 10:30:00-05:00,2.369999885559082,2.4198999404907227,2.369999885559082,2.399399995803833,10539,0.0,0.0
2022-12-09 11:30:00-05:00,2.390000104904175,2.399899959564209,2.380000114440918,2.380000114440918,3657,0.0,0.0
2022-12-09 12:30:00-05:00,2.369999885559082,2.369999885559082,2.3399999141693115,2.3499999046325684,5810,0.0,0.0
2022-12-09 13:30:00-05:00,2.3499999046325684,2.359999895095825,2.3399999141693115,2.3399999141693115,1487,0.0,0.0
2022-12-09 14:30:00-05:00,2.3410000801086426,2.359999895095825,2.3410000801086426,2.359999895095825,1452,0.0,0.0
2022-12-09 15:30:00-05:00,2.359999895095825,2.362499952316284,2.3499999046325684,2.3510000705718994,7170,0.0,0.0
2022-12-12 09:30:00-05:00,2.5199999809265137,2.533799886703491,2.440000057220459,2.4800000190734863,24618,0.0,0.0
2022-12-12 10:30:00-05:00,2.4999001026153564,2.526900053024292,2.4700000286102295,2.4700000286102295,19028,0.0,0.0
2022-12-12 11:30:00-05:00,2.4700000286102295,2.4700000286102295,2.432499885559082,2.4549999237060547,1716,0.0,0.0
2022-12-12 12:30:00-05:00,2.450000047683716,2.4679999351501465,2.440000057220459,2.440000057220459,4826,0.0,0.0
2022-12-12 13:30:00-05:00,2.450000047683716,2.4549999237060547,2.450000047683716,2.450000047683716,2721,0.0,0.0
2022-12-12 14:30:00-05:00,2.4330999851226807,2.4600000381469727,2.430000066757202,2.440000057220459,5900,0.0,0.0
2022-12-12 15:30:00-05:00,2.447700023651123,2.450000047683716,2.430000066757202,2.430000066757202,2177,0.0,0.0
2022-12-13 09:30:00-05:00,2.559999942779541,2.559999942779541,2.390000104904175,2.4000000953674316,9021,0.0,0.0
2022-12-13 10:30:00-05:00,2.4100000858306885,2.440000057220459,2.369999885559082,2.369999885559082,7005,0.0,0.0
2022-12-13 11:30:00-05:00,2.376300096511841,2.414900064468384,2.375699996948242,2.4100000858306885,2734,0.0,0.0
2022-12-13 12:30:00-05:00,2.4100000858306885,2.4100000858306885,2.369999885559082,2.384999990463257,1735,0.0,0.0
2022-12-13 13:30:00-05:00,2.369999885559082,2.3884999752044678,2.3499999046325684,2.3499999046325684,6344,0.0,0.0
2022-12-13 14:30:00-05:00,2.369999885559082,2.369999885559082,2.359999895095825,2.369999885559082,4286,0.0,0.0
2022-12-13 15:30:00-05:00,2.369999885559082,2.380000114440918,2.319999933242798,2.369999885559082,2733,0.0,0.0
2022-12-14 09:30:00-05:00,2.2799999713897705,2.5599000453948975,2.2699999809265137,2.3401999473571777,24581,0.0,0.0
2022-12-14 10:30:00-05:00,2.319999933242798,2.359999895095825,2.2899999618530273,2.359999895095825,21056,0.0,0.0
2022-12-14 11:30:00-05:00,2.359999895095825,2.409899950027466,2.319999933242798,2.4000000953674316,9664,0.0,0.0
2022-12-14 12:30:00-05:00,2.430000066757202,2.430000066757202,2.359999895095825,2.359999895095825,4766,0.0,0.0
2022-12-14 13:30:00-05:00,2.359299898147583,2.359299898147583,2.2899999618530273,2.2899999618530273,5476,0.0,0.0
2022-12-14 14:30:00-05:00,2.280100107192993,2.3017001152038574,2.2699999809265137,2.2899999618530273,11898,0.0,0.0
2022-12-14 15:30:00-05:00,2.2799999713897705,2.2799999713897705,2.1500000953674316,2.1500000953674316,19910,0.0,0.0
2022-12-15 09:30:00-05:00,2.0899999141693115,2.140000104904175,2.059999942779541,2.059999942779541,7114,0.0,0.0
2022-12-15 10:30:00-05:00,2.059999942779541,2.0683000087738037,2.049999952316284,2.049999952316284,4141,0.0,0.0
2022-12-15 11:30:00-05:00,2.0399999618530273,2.0799999237060547,2.0399999618530273,2.049999952316284,9947,0.0,0.0
2022-12-15 12:30:00-05:00,2.049999952316284,2.069999933242798,2.009999990463257,2.0199999809265137,5820,0.0,0.0
2022-12-15 13:30:00-05:00,2.0199999809265137,2.0199999809265137,1.9500000476837158,1.9500000476837158,12268,0.0,0.0
2022-12-15 14:30:00-05:00,1.9600000381469727,1.9700000286102295,1.9450000524520874,1.9550000429153442,4196,0.0,0.0
2022-12-15 15:30:00-05:00,1.9550000429153442,1.9599000215530396,1.899999976158142,1.909999966621399,8274,0.0,0.0
2022-12-16 09:30:00-05:00,1.899999976158142,1.9299999475479126,1.8799999952316284,1.8799999952316284,11453,0.0,0.0
2022-12-16 10:30:00-05:00,1.8899999856948853,1.955399990081787,1.8899999856948853,1.9000999927520752,18935,0.0,0.0
2022-12-16 11:30:00-05:00,1.9149999618530273,1.940000057220459,1.9149999618530273,1.9299999475479126,2791,0.0,0.0
2022-12-16 12:30:00-05:00,1.934999942779541,1.940000057220459,1.9199999570846558,1.9199999570846558,5716,0.0,0.0
2022-12-16 13:30:00-05:00,1.9500000476837158,1.9600000381469727,1.9199999570846558,1.9500000476837158,4589,0.0,0.0
2022-12-16 14:30:00-05:00,1.9199999570846558,1.9299999475479126,1.9199999570846558,1.9299999475479126,294,0.0,0.0
2022-12-16 15:30:00-05:00,1.9500000476837158,1.9600000381469727,1.940000057220459,1.940000057220459,4805,0.0,0.0
2022-12-19 09:30:00-05:00,1.8700000047683716,1.8818000555038452,1.850000023841858,1.850000023841858,22076,0.0,0.0
2022-12-19 10:30:00-05:00,1.809999942779541,1.850000023841858,1.809999942779541,1.819100022315979,13471,0.0,0.0
2022-12-19 11:30:00-05:00,1.8200000524520874,1.850000023841858,1.8200000524520874,1.8300000429153442,7865,0.0,0.0
2022-12-19 12:30:00-05:00,1.8300000429153442,1.8300000429153442,1.7999999523162842,1.8300000429153442,12446,0.0,0.0
2022-12-19 13:30:00-05:00,1.8300000429153442,1.8336000442504883,1.809999942779541,1.8300000429153442,11782,0.0,0.0
2022-12-19 14:30:00-05:00,1.8300000429153442,1.850000023841858,1.809999942779541,1.809999942779541,11839,0.0,0.0
2022-12-19 15:30:00-05:00,1.817199945449829,1.8200000524520874,1.7999999523162842,1.7999999523162842,2408,0.0,0.0
2022-12-20 09:30:00-05:00,1.809999942779541,1.899399995803833,1.7680000066757202,1.8600000143051147,8546,0.0,0.0
2022-12-20 10:30:00-05:00,1.8601000308990479,1.892799973487854,1.8601000308990479,1.8701000213623047,6659,0.0,0.0
2022-12-20 11:30:00-05:00,1.8700000047683716,1.8723000288009644,1.8300000429153442,1.8300000429153442,10013,0.0,0.0
2022-12-20 12:30:00-05:00,1.8450000286102295,1.850000023841858,1.8200000524520874,1.8200000524520874,1717,0.0,0.0
2022-12-20 13:30:00-05:00,1.850000023841858,1.850000023841858,1.809999942779541,1.809999942779541,1277,0.0,0.0
2022-12-20 14:30:00-05:00,1.8389999866485596,1.850000023841858,1.8300000429153442,1.8472000360488892,5746,0.0,0.0
2022-12-20 15:30:00-05:00,1.8499000072479248,1.850000023841858,1.8200000524520874,1.850000023841858,1465,0.0,0.0
2022-12-21 09:30:00-05:00,1.850000023841858,1.850000023841858,1.850000023841858,1.850000023841858,313,0.0,0.0
2022-12-21 10:30:00-05:00,1.8600000143051147,1.9179999828338623,1.8600000143051147,1.899999976158142,2529,0.0,0.0
2022-12-21 11:30:00-05:00,1.909999966621399,1.909999966621399,1.8899999856948853,1.8899999856948853,2033,0.0,0.0
2022-12-21 12:30:00-05:00,1.9081000089645386,1.9081000089645386,1.8799999952316284,1.8968000411987305,2629,0.0,0.0
2022-12-21 13:30:00-05:00,1.8799999952316284,1.8799999952316284,1.8799999952316284,1.8799999952316284,920,0.0,0.0
2022-12-21 14:30:00-05:00,1.8899999856948853,1.8899999856948853,1.820099949836731,1.822700023651123,18614,0.0,0.0
2022-12-21 15:30:00-05:00,1.8200000524520874,1.8600000143051147,1.8200000524520874,1.840000033378601,5855,0.0,0.0
2022-12-22 09:30:00-05:00,1.8200000524520874,1.871000051498413,1.8200000524520874,1.8600000143051147,24913,0.0,0.0
2022-12-22 10:30:00-05:00,1.8600000143051147,1.8775999546051025,1.8049999475479126,1.8250000476837158,6635,0.0,0.0
2022-12-22 11:30:00-05:00,1.8213000297546387,1.8300000429153442,1.7999999523162842,1.7999999523162842,4291,0.0,0.0
2022-12-22 12:30:00-05:00,1.833799958229065,1.833799958229065,1.7899999618530273,1.7899999618530273,2789,0.0,0.0
2022-12-22 13:30:00-05:00,1.7949999570846558,1.795199990272522,1.7799999713897705,1.7799999713897705,3509,0.0,0.0
2022-12-22 14:30:00-05:00,1.7699999809265137,1.7899999618530273,1.7699999809265137,1.7899999618530273,4936,0.0,0.0
2022-12-22 15:30:00-05:00,1.7999999523162842,1.7999999523162842,1.7899999618530273,1.7899999618530273,4907,0.0,0.0
2022-12-23 09:30:00-05:00,1.7999999523162842,1.850000023841858,1.7999999523162842,1.8499000072479248,0,0.0,0.0
2022-12-23 10:30:00-05:00,1.850000023841858,1.899999976158142,1.850000023841858,1.8949999809265137,9999,0.0,0.0
2022-12-23 11:30:00-05:00,1.899999976158142,1.899999976158142,1.8799999952316284,1.899999976158142,6240,0.0,0.0
2022-12-23 12:30:00-05:00,1.899999976158142,1.909999966621399,1.8809000253677368,1.909999966621399,1511,0.0,0.0
2022-12-23 13:30:00-05:00,1.909999966621399,1.909999966621399,1.8799999952316284,1.8799999952316284,3354,0.0,0.0
2022-12-23 14:30:00-05:00,1.8799999952316284,1.8799999952316284,1.8799999952316284,1.8799999952316284,112,0.0,0.0
2022-12-23 15:30:00-05:00,1.8798999786376953,1.8799999952316284,1.850000023841858,1.850000023841858,2761,0.0,0.0
2022-12-27 09:30:00-05:00,1.7400000095367432,1.7699999809265137,1.7100000381469727,1.7200000286102295,34148,0.0,0.0
2022-12-27 10:30:00-05:00,1.7100000381469727,1.7771999835968018,1.7100000381469727,1.76010000705719,17612,0.0,0.0
2022-12-27 11:30:00-05:00,1.7400000095367432,1.7799999713897705,1.7400000095367432,1.7599999904632568,8682,0.0,0.0
2022-12-27 12:30:00-05:00,1.7649999856948853,1.7965999841690063,1.7649999856948853,1.7899999618530273,6599,0.0,0.0
2022-12-27 13:30:00-05:00,1.7949999570846558,1.8199000358581543,1.7899999618530273,1.7999999523162842,8487,0.0,0.0
2022-12-27 14:30:00-05:00,1.7999999523162842,1.809999942779541,1.75,1.75,11330,0.0,0.0
2022-12-27 15:30:00-05:00,1.7400000095367432,1.7400000095367432,1.7200000286102295,1.7200000286102295,2417,0.0,0.0
2022-12-28 09:30:00-05:00,1.75,1.7510000467300415,1.7300000190734863,1.7300000190734863,0,0.0,0.0
2022-12-28 10:30:00-05:00,1.7300000190734863,1.7300000190734863,1.7000000476837158,1.7100000381469727,4415,0.0,0.0
2022-12-28 11:30:00-05:00,1.7100000381469727,1.7200000286102295,1.7000000476837158,1.7000000476837158,8970,0.0,0.0
2022-12-28 12:30:00-05:00,1.7000000476837158,1.7200000286102295,1.7000000476837158,1.7043999433517456,6390,0.0,0.0
2022-12-28 13:30:00-05:00,1.7000000476837158,1.7081999778747559,1.649999976158142,1.649999976158142,28276,0.0,0.0
2022-12-28 14:30:00-05:00,1.6399999856948853,1.6848000288009644,1.6200000047683716,1.6649999618530273,52138,0.0,0.0
2022-12-28 15:30:00-05:00,1.659999966621399,1.6749999523162842,1.6399999856948853,1.6699999570846558,40220,0.0,0.0
2022-12-29 09:30:00-05:00,1.6699999570846558,1.7599999904632568,1.6699999570846558,1.750599980354309,25199,0.0,0.0
2022-12-29 10:30:00-05:00,1.75,1.7680000066757202,1.75,1.75,5504,0.0,0.0
2022-12-29 11:30:00-05:00,1.742400050163269,1.746000051498413,1.7200000286102295,1.7400000095367432,13813,0.0,0.0
2022-12-29 12:30:00-05:00,1.7599999904632568,1.7899999618530273,1.7599999904632568,1.774999976158142,6800,0.0,0.0
2022-12-29 13:30:00-05:00,1.7699999809265137,1.7899999618530273,1.7000000476837158,1.7174999713897705,34562,0.0,0.0
2022-12-29 14:30:00-05:00,1.7138999700546265,1.7200000286102295,1.7066999673843384,1.7200000286102295,1900,0.0,0.0
2022-12-29 15:30:00-05:00,1.7380000352859497,1.7699999809265137,1.7269999980926514,1.7699999809265137,0,0.0,0.0
2022-12-30 09:30:00-05:00,1.7400000095367432,1.7799999713897705,1.7300000190734863,1.7699999809265137,8163,0.0,0.0
2022-12-30 10:30:00-05:00,1.7645000219345093,1.7999999523162842,1.7400000095367432,1.7699999809265137,24209,0.0,0.0
2022-12-30 11:30:00-05:00,1.7588000297546387,1.7799999713897705,1.7538000345230103,1.7799999713897705,2494,0.0,0.0
2022-12-30 12:30:00-05:00,1.7799999713897705,1.7871999740600586,1.7699999809265137,1.7699999809265137,6194,0.0,0.0
2022-12-30 13:30:00-05:00,1.7599999904632568,1.7788000106811523,1.7599999904632568,1.76010000705719,5765,0.0,0.0
2022-12-30 14:30:00-05:00,1.760699987411499,1.7799999713897705,1.75,1.7799999713897705,14365,0.0,0.0
2022-12-30 15:30:00-05:00,1.7799999713897705,1.7803000211715698,1.75,1.75,8920,0.0,0.0
2023-01-03 09:30:00-05:00,1.75,1.8200000524520874,1.75,1.809999942779541,6180,0.0,0.0
2023-01-03 10:30:00-05:00,1.809999942779541,1.840000033378601,1.7999999523162842,1.7999999523162842,5835,0.0,0.0
2023-01-03 11:30:00-05:00,1.8200000524520874,1.8200000524520874,1.8200000524520874,1.8200000524520874,1770,0.0,0.0
2023-01-03 12:30:00-05:00,1.8200000524520874,1.8200000524520874,1.8106000423431396,1.8106000423431396,1691,0.0,0.0
2023-01-03 13:30:00-05:00,1.8300000429153442,1.899999976158142,1.8300000429153442,1.8997999429702759,19452,0.0,0.0
2023-01-03 14:30:00-05:00,1.9098999500274658,1.909999966621399,1.8799999952316284,1.8966000080108643,3705,0.0,0.0
2023-01-03 15:30:00-05:00,1.909999966621399,1.909999966621399,1.8899999856948853,1.899999976158142,0,0.0,0.0
2023-01-04 09:30:00-05:00,1.9900000095367432,2.0201001167297363,1.9600000381469727,2.0078999996185303,20828,0.0,0.0
2023-01-04 10:30:00-05:00,2.0092999935150146,2.0299999713897705,2.0000998973846436,2.009999990463257,6970,0.0,0.0
2023-01-04 11:30:00-05:00,2.0299999713897705,2.069999933242798,1.9900000095367432,2.039900064468384,25754,0.0,0.0
2023-01-04 12:30:00-05:00,2.0299999713897705,2.0299999713897705,1.9700000286102295,1.9938000440597534,7036,0.0,0.0
2023-01-04 13:30:00-05:00,2.0,2.0,1.9700000286102295,1.9700000286102295,1971,0.0,0.0
2023-01-04 14:30:00-05:00,1.9600000381469727,2.0137999057769775,1.9500000476837158,1.9800000190734863,11662,0.0,0.0
2023-01-04 15:30:00-05:00,1.940000057220459,1.9800000190734863,1.940000057220459,1.9500000476837158,3075,0.0,0.0
2023-01-05 09:30:00-05:00,1.9199999570846558,1.9600000381469727,1.8799999952316284,1.8799999952316284,13657,0.0,0.0
2023-01-05 10:30:00-05:00,1.8700000047683716,1.8898999691009521,1.850000023841858,1.850000023841858,4690,0.0,0.0
2023-01-05 11:30:00-05:00,1.850000023841858,1.8799999952316284,1.850000023841858,1.8799999952316284,2281,0.0,0.0
2023-01-05 12:30:00-05:00,1.8899999856948853,1.940000057220459,1.8799999952316284,1.940000057220459,4772,0.0,0.0
2023-01-05 13:30:00-05:00,1.940000057220459,1.9474999904632568,1.940000057220459,1.9474999904632568,1401,0.0,0.0
2023-01-05 14:30:00-05:00,1.9500000476837158,1.9800000190734863,1.9450000524520874,1.9500000476837158,5107,0.0,0.0
2023-01-05 15:30:00-05:00,1.975000023841858,2.009999990463257,1.9500000476837158,2.009999990463257,0,0.0,0.0
2023-01-06 09:30:00-05:00,2.007200002670288,2.007200002670288,1.9900000095367432,2.0,1948,0.0,0.0
2023-01-06 10:30:00-05:00,2.001699924468994,2.009999990463257,2.0,2.0,957,0.0,0.0
2023-01-06 11:30:00-05:00,2.009999990463257,2.009999990463257,2.009999990463257,2.009999990463257,190,0.0,0.0
2023-01-06 12:30:00-05:00,2.0299999713897705,2.0299999713897705,2.015000104904175,2.0199999809265137,8818,0.0,0.0
2023-01-06 13:30:00-05:00,2.0250000953674316,2.0250000953674316,2.009999990463257,2.009999990463257,609,0.0,0.0
2023-01-06 14:30:00-05:00,2.009999990463257,2.0199999809265137,2.005000114440918,2.0199999809265137,10173,0.0,0.0
2023-01-06 15:30:00-05:00,2.0299999713897705,2.0299999713897705,2.0299999713897705,2.0299999713897705,734,0.0,0.0
2023-01-09 09:30:00-05:00,2.119999885559082,2.1500000953674316,2.0799999237060547,2.140000104904175,10880,0.0,0.0
2023-01-09 10:30:00-05:00,2.140000104904175,2.1600000858306885,2.140000104904175,2.1572999954223633,4753,0.0,0.0
2023-01-09 11:30:00-05:00,2.1500000953674316,2.190000057220459,2.130000114440918,2.137399911880493,8376,0.0,0.0
2023-01-09 12:30:00-05:00,2.1600000858306885,2.1693999767303467,2.1449999809265137,2.1500000953674316,4182,0.0,0.0
2023-01-09 13:30:00-05:00,2.1500000953674316,2.180000066757202,2.1500000953674316,2.180000066757202,4960,0.0,0.0
2023-01-09 14:30:00-05:00,2.150899887084961,2.150899887084961,2.150899887084961,2.150899887084961,496,0.0,0.0
2023-01-09 15:30:00-05:00,2.180000066757202,2.180000066757202,2.180000066757202,2.180000066757202,507,0.0,0.0
2023-01-10 09:30:00-05:00,2.2100000381469727,2.25,2.190000057220459,2.2100000381469727,11365,0.0,0.0
2023-01-10 10:30:00-05:00,2.2300000190734863,2.299999952316284,2.2100000381469727,2.299999952316284,7594,0.0,0.0
2023-01-10 11:30:00-05:00,2.299999952316284,2.299999952316284,2.2880001068115234,2.2899999618530273,2763,0.0,0.0
2023-01-10 12:30:00-05:00,2.2950000762939453,2.299999952316284,2.2799999713897705,2.2799999713897705,11866,0.0,0.0
2023-01-10 13:30:00-05:00,2.299999952316284,2.299999952316284,2.2799999713897705,2.2799999713897705,2898,0.0,0.0
2023-01-10 14:30:00-05:00,2.2799999713897705,2.309999942779541,2.2799999713897705,2.299999952316284,10764,0.0,0.0
2023-01-10 15:30:00-05:00,2.309000015258789,2.3299999237060547,2.299999952316284,2.3299999237060547,3991,0.0,0.0
2023-01-11 09:30:00-05:00,2.299999952316284,2.299999952316284,2.200000047683716,2.2799999713897705,0,0.0,0.0
2023-01-11 10:30:00-05:00,2.2899999618530273,2.316800117492676,2.2899999618530273,2.299999952316284,7262,0.0,0.0
2023-01-11 11:30:00-05:00,2.319999933242798,2.3299999237060547,2.319999933242798,2.3299999237060547,1229,0.0,0.0
2023-01-11 12:30:00-05:00,2.3313000202178955,2.3499999046325684,2.3299999237060547,2.3499999046325684,1295,0.0,0.0
2023-01-11 13:30:00-05:00,2.3299999237060547,2.3499999046325684,2.3299999237060547,2.3399999141693115,7863,0.0,0.0
2023-01-11 14:30:00-05:00,2.359999895095825,2.359999895095825,2.359999895095825,2.359999895095825,1709,0.0,0.0
2023-01-11 15:30:00-05:00,2.359999895095825,2.369999885559082,2.3399999141693115,2.3550000190734863,2664,0.0,0.0
2023-01-12 09:30:00-05:00,2.390000104904175,2.390000104904175,2.322200059890747,2.3550000190734863,12416,0.0,0.0
2023-01-12 10:30:00-05:00,2.3399999141693115,2.359999895095825,2.3399999141693115,2.3450000286102295,5877,0.0,0.0
2023-01-12 11:30:00-05:00,2.3299999237060547,2.3861000537872314,2.3299999237060547,2.3861000537872314,9851,0.0,0.0
2023-01-12 12:30:00-05:00,2.369999885559082,2.380000114440918,2.369999885559082,2.380000114440918,4241,0.0,0.0
2023-01-12 13:30:00-05:00,2.380000114440918,2.380000114440918,2.365000009536743,2.365000009536743,11818,0.0,0.0
2023-01-12 14:30:00-05:00,2.365000009536743,2.367799997329712,2.359999895095825,2.365000009536743,4527,0.0,0.0
2023-01-12 15:30:00-05:00,2.365000009536743,2.369999885559082,2.359999895095825,2.369999885559082,1582,0.0,0.0
2023-01-13 09:30:00-05:00,2.3499999046325684,2.4000000953674316,2.3499999046325684,2.4000000953674316,3088,0.0,0.0
2023-01-13 10:30:00-05:00,2.4000000953674316,2.400099992752075,2.380000114440918,2.390000104904175,11811,0.0,0.0
2023-01-13 11:30:00-05:00,2.390000104904175,2.4000000953674316,2.390000104904175,2.4000000953674316,3881,0.0,0.0
2023-01-13 12:30:00-05:00,2.4000000953674316,2.4000000953674316,2.380000114440918,2.4000000953674316,3892,0.0,0.0
2023-01-13 13:30:00-05:00,2.4000000953674316,2.4000000953674316,2.4000000953674316,2.4000000953674316,182,0.0,0.0
2023-01-13 14:30:00-05:00,2.406599998474121,2.406599998474121,2.390000104904175,2.390000104904175,2816,0.0,0.0
2023-01-13 15:30:00-05:00,2.4200000762939453,2.424999952316284,2.369999885559082,2.369999885559082,6101,0.0,0.0
2023-01-17 09:30:00-05:00,2.4000000953674316,2.450000047683716,2.359999895095825,2.450000047683716,8375,0.0,0.0
2023-01-17 10:30:00-05:00,2.460599899291992,2.4749999046325684,2.4200000762939453,2.4200000762939453,13598,0.0,0.0
2023-01-17 11:30:00-05:00,2.404599905014038,2.430000066757202,2.400099992752075,2.4200000762939453,7502,0.0,0.0
2023-01-17 12:30:00-05:00,2.420099973678589,2.430799961090088,2.4200000762939453,2.4200000762939453,9899,0.0,0.0
2023-01-17 13:30:00-05:00,2.4200000762939453,2.4200000762939453,2.4000000953674316,2.4198999404907227,1453,0.0,0.0
2023-01-17 14:30:00-05:00,2.4000000953674316,2.450000047683716,2.4000000953674316,2.450000047683716,7869,0.0,0.0
2023-01-17 15:30:00-05:00,2.4749999046325684,2.4800000190734863,2.4700000286102295,2.4795000553131104,7141,0.0,0.0
2023-01-18 09:30:00-05:00,2.4800000190734863,2.4800000190734863,2.466900110244751,2.4700000286102295,7543,0.0,0.0
2023-01-18 10:30:00-05:00,2.4700000286102295,2.4795000553131104,2.4600000381469727,2.4649999141693115,14916,0.0,0.0
2023-01-18 11:30:00-05:00,2.4600000381469727,2.4600000381469727,2.410099983215332,2.4200000762939453,4283,0.0,0.0
2023-01-18 12:30:00-05:00,2.4198999404907227,2.4198999404907227,2.385200023651123,2.385200023651123,4578,0.0,0.0
2023-01-18 13:30:00-05:00,2.369999885559082,2.390000104904175,2.3561999797821045,2.380000114440918,4009,0.0,0.0
2023-01-18 14:30:00-05:00,2.359999895095825,2.365000009536743,2.359999895095825,2.359999895095825,16323,0.0,0.0
2023-01-18 15:30:00-05:00,2.3550000190734863,2.3550000190734863,2.2899999618530273,2.2899999618530273,5704,0.0,0.0
2023-01-19 09:30:00-05:00,2.259999990463257,2.2799999713897705,2.2019999027252197,2.240000009536743,12131,0.0,0.0
2023-01-19 12:30:00-05:00,2.2695999145507812,2.2799999713897705,2.2695999145507812,2.2750000953674316,1337,0.0,0.0
2023-01-19 13:30:00-05:00,2.2699999809265137,2.2699999809265137,2.25,2.25,1237,0.0,0.0
2023-01-19 14:30:00-05:00,2.2679998874664307,2.2699999809265137,2.2679998874664307,2.2699999809265137,10195,0.0,0.0
2023-01-19 15:30:00-05:00,2.255000114440918,2.2699999809265137,2.240000009536743,2.259999990463257,8709,0.0,0.0
2023-01-20 09:30:00-05:00,2.25,2.296099901199341,2.25,2.2699999809265137,0,0.0,0.0
2023-01-20 10:30:00-05:00,2.259700059890747,2.305000066757202,2.259700059890747,2.2699999809265137,5300,0.0,0.0
2023-01-20 11:30:00-05:00,2.2867000102996826,2.2867000102996826,2.2699999809265137,2.2699999809265137,1146,0.0,0.0
2023-01-20 13:30:00-05:00,2.299999952316284,2.299999952316284,2.2699999809265137,2.2699999809265137,2072,0.0,0.0
2023-01-20 14:30:00-05:00,2.26990008354187,2.26990008354187,2.240000009536743,2.255000114440918,843,0.0,0.0
2023-01-20 15:30:00-05:00,2.2699999809265137,2.2899999618530273,2.2699999809265137,2.2899999618530273,517,0.0,0.0
2023-01-23 09:30:00-05:00,2.259999990463257,2.3399999141693115,2.2300000190734863,2.25,0,0.0,0.0
2023-01-23 10:30:00-05:00,2.25,2.25,2.240000009536743,2.240000009536743,1909,0.0,0.0
2023-01-23 11:30:00-05:00,2.244999885559082,2.2799999713897705,2.244999885559082,2.2750000953674316,9006,0.0,0.0
2023-01-23 12:30:00-05:00,2.279900074005127,2.2799999713897705,2.240000009536743,2.255000114440918,5405,0.0,0.0
2023-01-23 13:30:00-05:00,2.2637999057769775,2.2699999809265137,2.240000009536743,2.259999990463257,1512,0.0,0.0
2023-01-23 14:30:00-05:00,2.2699999809265137,2.296099901199341,2.259999990463257,2.2899999618530273,7548,0.0,0.0
2023-01-23 15:30:00-05:00,2.259999990463257,2.299999952316284,2.259999990463257,2.299999952316284,1938,0.0,0.0
2023-01-24 09:30:00-05:00,2.2699999809265137,2.2850000858306885,2.2421000003814697,2.2421000003814697,0,0.0,0.0
2023-01-24 10:30:00-05:00,2.2309000492095947,2.2799999713897705,2.2309000492095947,2.2400999069213867,3556,0.0,0.0
2023-01-24 11:30:00-05:00,2.2300000190734863,2.2300000190734863,2.2300000190734863,2.2300000190734863,315,0.0,0.0
2023-01-24 13:30:00-05:00,2.240000009536743,2.2553999423980713,2.240000009536743,2.2553999423980713,502,0.0,0.0
2023-01-24 14:30:00-05:00,2.240000009536743,2.240000009536743,2.200000047683716,2.220099925994873,14401,0.0,0.0
2023-01-24 15:30:00-05:00,2.240000009536743,2.240000009536743,2.2300000190734863,2.240000009536743,602,0.0,0.0
2023-01-25 09:30:00-05:00,2.200000047683716,2.200000047683716,2.200000047683716,2.200000047683716,618,0.0,0.0
2023-01-25 10:30:00-05:00,2.200000047683716,2.202399969100952,2.1600000858306885,2.1919000148773193,7427,0.0,0.0
2023-01-25 11:30:00-05:00,2.180000066757202,2.190000057220459,2.1700000762939453,2.1700000762939453,4284,0.0,0.0
2023-01-25 12:30:00-05:00,2.194999933242798,2.194999933242798,2.194999933242798,2.194999933242798,259,0.0,0.0
2023-01-25 13:30:00-05:00,2.200000047683716,2.25,2.200000047683716,2.25,811,0.0,0.0
2023-01-25 14:30:00-05:00,2.280600070953369,2.280600070953369,2.2200000286102295,2.2200000286102295,1331,0.0,0.0
2023-01-25 15:30:00-05:00,2.25,2.289900064468384,2.240000009536743,2.2699999809265137,4703,0.0,0.0
2023-01-26 09:30:00-05:00,2.309999942779541,2.309999942779541,2.1960999965667725,2.1960999965667725,3455,0.0,0.0
2023-01-26 10:30:00-05:00,2.200000047683716,2.266200065612793,2.200000047683716,2.2404000759124756,5129,0.0,0.0
2023-01-26 11:30:00-05:00,2.200000047683716,2.2200000286102295,2.180000066757202,2.180000066757202,1767,0.0,0.0
2023-01-26 12:30:00-05:00,2.1600000858306885,2.180000066757202,2.1500000953674316,2.1500000953674316,3665,0.0,0.0
2023-01-26 13:30:00-05:00,2.1500000953674316,2.1500000953674316,2.0999999046325684,2.1370999813079834,7674,0.0,0.0
2023-01-26 14:30:00-05:00,2.1308999061584473,2.140000104904175,2.114799976348877,2.114799976348877,5713,0.0,0.0
2023-01-26 15:30:00-05:00,2.140000104904175,2.20989990234375,2.140000104904175,2.1700000762939453,5048,0.0,0.0
2023-01-27 09:30:00-05:00,2.2300000190734863,2.2300000190734863,2.2298998832702637,2.2298998832702637,633,0.0,0.0
2023-01-27 10:30:00-05:00,2.2102999687194824,2.2102999687194824,2.2102999687194824,2.2102999687194824,1219,0.0,0.0
2023-01-27 11:30:00-05:00,2.2016000747680664,2.219899892807007,2.190000057220459,2.219899892807007,2584,0.0,0.0
2023-01-27 12:30:00-05:00,2.213099956512451,2.213099956512451,2.1898999214172363,2.1898999214172363,4970,0.0,0.0
2023-01-27 13:30:00-05:00,2.1700000762939453,2.1710000038146973,2.150099992752075,2.1710000038146973,1611,0.0,0.0
2023-01-27 14:30:00-05:00,2.180000066757202,2.200000047683716,2.1665000915527344,2.200000047683716,3712,0.0,0.0
2023-01-27 15:30:00-05:00,2.2200000286102295,2.2300000190734863,2.2200000286102295,2.2300000190734863,3292,0.0,0.0
2023-01-30 09:30:00-05:00,2.2300000190734863,2.2399001121520996,2.200000047683716,2.2399001121520996,6883,0.0,0.0
2023-01-30 10:30:00-05:00,2.2200000286102295,2.2200000286102295,2.200000047683716,2.200000047683716,1900,0.0,0.0
2023-01-30 11:30:00-05:00,2.227299928665161,2.227299928665161,2.2149999141693115,2.2184998989105225,2893,0.0,0.0
2023-01-30 12:30:00-05:00,2.2100000381469727,2.2200000286102295,2.200000047683716,2.2200000286102295,924,0.0,0.0
2023-01-30 13:30:00-05:00,2.2070999145507812,2.2300000190734863,2.200000047683716,2.2200000286102295,2769,0.0,0.0
2023-01-30 14:30:00-05:00,2.2300000190734863,2.240000009536743,2.2200000286102295,2.240000009536743,20170,0.0,0.0
2023-01-30 15:30:00-05:00,2.25,2.2899999618530273,2.25,2.2699999809265137,5070,0.0,0.0
2023-01-31 09:30:00-05:00,2.299999952316284,2.299999952316284,2.259999990463257,2.259999990463257,2061,0.0,0.0
2023-01-31 10:30:00-05:00,2.25,2.2899999618530273,2.25,2.2799999713897705,2783,0.0,0.0
2023-01-31 11:30:00-05:00,2.2699999809265137,2.2899999618530273,2.25,2.25,4501,0.0,0.0
2023-01-31 12:30:00-05:00,2.25,2.2699999809265137,2.2200000286102295,2.2699999809265137,9370,0.0,0.0
2023-01-31 13:30:00-05:00,2.2200000286102295,2.2300000190734863,2.2200000286102295,2.2200000286102295,1241,0.0,0.0
2023-01-31 14:30:00-05:00,2.2100000381469727,2.2300000190734863,2.2100000381469727,2.2100000381469727,1601,0.0,0.0
2023-01-31 15:30:00-05:00,2.200000047683716,2.200000047683716,2.200000047683716,2.200000047683716,0,0.0,0.0
2023-02-01 09:30:00-05:00,2.200000047683716,2.2300000190734863,2.200000047683716,2.2300000190734863,831,0.0,0.0
2023-02-01 10:30:00-05:00,2.2200000286102295,2.265000104904175,2.2200000286102295,2.2572999000549316,8063,0.0,0.0
2023-02-01 11:30:00-05:00,2.2100000381469727,2.240000009536743,2.2100000381469727,2.240000009536743,608,0.0,0.0
2023-02-01 12:30:00-05:00,2.2327001094818115,2.2699999809265137,2.2327001094818115,2.2699999809265137,578,0.0,0.0
2023-02-01 13:30:00-05:00,2.259999990463257,2.2669999599456787,2.227299928665161,2.2298998832702637,6455,0.0,0.0
2023-02-01 14:30:00-05:00,2.2149999141693115,2.2995998859405518,2.2149999141693115,2.25,5360,0.0,0.0
2023-02-01 15:30:00-05:00,2.255000114440918,2.259999990463257,2.255000114440918,2.259999990463257,292,0.0,0.0
2023-02-02 09:30:00-05:00,2.299999952316284,2.4000000953674316,2.299999952316284,2.3499999046325684,0,0.0,0.0
2023-02-02 10:30:00-05:00,2.367799997329712,2.4100000858306885,2.3499999046325684,2.4001998901367188,12616,0.0,0.0
2023-02-02 11:30:00-05:00,2.4100000858306885,2.4686999320983887,2.3901000022888184,2.395699977874756,7120,0.0,0.0
2023-02-02 12:30:00-05:00,2.450000047683716,2.45989990234375,2.450000047683716,2.45989990234375,1559,0.0,0.0
2023-02-02 13:30:00-05:00,2.4532999992370605,2.474900007247925,2.440000057220459,2.440000057220459,5544,0.0,0.0
2023-02-02 14:30:00-05:00,2.475800037384033,2.475800037384033,2.440000057220459,2.450000047683716,6163,0.0,0.0
2023-02-02 15:30:00-05:00,2.4800000190734863,2.490000009536743,2.4800000190734863,2.490000009536743,0,0.0,0.0
2023-02-03 09:30:00-05:00,2.490000009536743,2.490000009536743,2.411799907684326,2.4899001121520996,7366,0.0,0.0
2023-02-03 10:30:00-05:00,2.4890999794006348,2.5299999713897705,2.4890999794006348,2.500200033187866,3889,0.0,0.0
2023-02-03 11:30:00-05:00,2.5299999713897705,2.5999999046325684,2.5299999713897705,2.5910000801086426,18855,0.0,0.0
2023-02-03 12:30:00-05:00,2.5999999046325684,2.7100000381469727,2.5999999046325684,2.6770999431610107,19177,0.0,0.0
2023-02-03 13:30:00-05:00,2.6649999618530273,2.680000066757202,2.634000062942505,2.6600000858306885,3904,0.0,0.0
2023-02-03 14:30:00-05:00,2.66729998588562,2.6700000762939453,2.6603000164031982,2.661799907684326,3153,0.0,0.0
2023-02-03 15:30:00-05:00,2.6649999618530273,2.6700000762939453,2.640000104904175,2.640000104904175,5932,0.0,0.0
2023-02-06 09:30:00-05:00,2.6600000858306885,2.7200000286102295,2.630000114440918,2.70989990234375,20885,0.0,0.0
2023-02-06 10:30:00-05:00,2.6984000205993652,2.6984000205993652,2.6745998859405518,2.684999942779541,905,0.0,0.0
2023-02-06 11:30:00-05:00,2.690000057220459,2.690000057220459,2.6589999198913574,2.6772000789642334,6048,0.0,0.0
2023-02-06 12:30:00-05:00,2.6600000858306885,2.6600000858306885,2.6301000118255615,2.6459999084472656,2773,0.0,0.0
2023-02-06 13:30:00-05:00,2.640000104904175,2.6500000953674316,2.640000104904175,2.649899959564209,2344,0.0,0.0
2023-02-06 14:30:00-05:00,2.631999969482422,2.68179988861084,2.631999969482422,2.6600000858306885,1607,0.0,0.0
2023-02-06 15:30:00-05:00,2.664400100708008,2.6700000762939453,2.6500000953674316,2.6500000953674316,0,0.0,0.0
2023-02-07 09:30:00-05:00,2.619999885559082,2.6600000858306885,2.5999999046325684,2.600100040435791,14292,0.0,0.0
2023-02-07 10:30:00-05:00,2.5999999046325684,2.619999885559082,2.552500009536743,2.619999885559082,2236,0.0,0.0
2023-02-07 11:30:00-05:00,2.591599941253662,2.640000104904175,2.591599941253662,2.6387999057769775,1929,0.0,0.0
2023-02-07 12:30:00-05:00,2.640000104904175,2.6600000858306885,2.640000104904175,2.6600000858306885,3123,0.0,0.0
2023-02-07 13:30:00-05:00,2.6401000022888184,2.700000047683716,2.640000104904175,2.700000047683716,8737,0.0,0.0
2023-02-07 14:30:00-05:00,2.690000057220459,2.7200000286102295,2.6519999504089355,2.670099973678589,6152,0.0,0.0
2023-02-07 15:30:00-05:00,2.7047998905181885,2.7100000381469727,2.699700117111206,2.7100000381469727,1160,0.0,0.0
2023-02-08 09:30:00-05:00,2.700000047683716,2.700000047683716,2.6229000091552734,2.6561999320983887,6404,0.0,0.0
2023-02-08 10:30:00-05:00,2.6649999618530273,2.6649999618530273,2.5899999141693115,2.5899999141693115,8460,0.0,0.0
2023-02-08 11:30:00-05:00,2.6449999809265137,2.6600000858306885,2.559999942779541,2.559999942779541,6614,0.0,0.0
2023-02-08 12:30:00-05:00,2.619999885559082,2.640000104904175,2.530100107192993,2.550100088119507,7787,0.0,0.0
2023-02-08 13:30:00-05:00,2.6500000953674316,2.700000047683716,2.6500000953674316,2.700000047683716,2082,0.0,0.0
2023-02-08 14:30:00-05:00,2.630000114440918,2.6500000953674316,2.603300094604492,2.630000114440918,2762,0.0,0.0
2023-02-08 15:30:00-05:00,2.640000104904175,2.640000104904175,2.630000114440918,2.630000114440918,1489,0.0,0.0
2023-02-09 09:30:00-05:00,2.6600000858306885,2.6600000858306885,2.6500000953674316,2.6500000953674316,0,0.0,0.0
2023-02-09 10:30:00-05:00,2.6500000953674316,2.6500000953674316,2.6500000953674316,2.6500000953674316,348,0.0,0.0
2023-02-09 11:30:00-05:00,2.625,2.630000114440918,2.622499942779541,2.622499942779541,1086,0.0,0.0
2023-02-09 12:30:00-05:00,2.630000114440918,2.636399984359741,2.5999999046325684,2.619999885559082,8606,0.0,0.0
2023-02-09 13:30:00-05:00,2.630000114440918,2.630000114440918,2.630000114440918,2.630000114440918,129,0.0,0.0
2023-02-09 14:30:00-05:00,2.5999999046325684,2.609999895095825,2.5999999046325684,2.609999895095825,3146,0.0,0.0
2023-02-09 15:30:00-05:00,2.6013998985290527,2.640000104904175,2.600100040435791,2.640000104904175,3106,0.0,0.0
2023-02-10 09:30:00-05:00,2.5999999046325684,2.648699998855591,2.5999999046325684,2.615000009536743,1375,0.0,0.0
2023-02-10 10:30:00-05:00,2.6198999881744385,2.619999885559082,2.549999952316284,2.549999952316284,2505,0.0,0.0
2023-02-10 11:30:00-05:00,2.5439000129699707,2.5999999046325684,2.5399999618530273,2.5399999618530273,9917,0.0,0.0
2023-02-10 12:30:00-05:00,2.5409998893737793,2.549999952316284,2.509999990463257,2.5116000175476074,5188,0.0,0.0
2023-02-10 13:30:00-05:00,2.5199999809265137,2.5380001068115234,2.5199999809265137,2.5299999713897705,1527,0.0,0.0
2023-02-10 14:30:00-05:00,2.549999952316284,2.569999933242798,2.5476999282836914,2.569999933242798,1884,0.0,0.0
2023-02-10 15:30:00-05:00,2.578399896621704,2.609999895095825,2.574199914932251,2.607300043106079,7127,0.0,0.0
2023-02-13 09:30:00-05:00,2.75,2.75,2.6649999618530273,2.6649999618530273,43639,0.0,0.0
2023-02-13 10:30:00-05:00,2.6503000259399414,2.6503000259399414,2.5999999046325684,2.5999999046325684,14784,0.0,0.0
2023-02-13 11:30:00-05:00,2.619999885559082,2.619999885559082,2.600100040435791,2.600100040435791,9947,0.0,0.0
2023-02-13 12:30:00-05:00,2.619999885559082,2.6700000762939453,2.5899999141693115,2.5899999141693115,9547,0.0,0.0
2023-02-13 13:30:00-05:00,2.5899999141693115,2.630000114440918,2.5899999141693115,2.630000114440918,10037,0.0,0.0
2023-02-13 14:30:00-05:00,2.649899959564209,2.649899959564209,2.609999895095825,2.615000009536743,1696,0.0,0.0
2023-02-13 15:30:00-05:00,2.630000114440918,2.6700000762939453,2.625,2.6700000762939453,6402,0.0,0.0
2023-02-14 09:30:00-05:00,2.700000047683716,2.740000009536743,2.6500000953674316,2.7060999870300293,48359,0.0,0.0
2023-02-14 10:30:00-05:00,2.700000047683716,2.719899892807007,2.6500000953674316,2.690000057220459,13724,0.0,0.0
2023-02-14 11:30:00-05:00,2.690000057220459,2.690000057220459,2.690000057220459,2.690000057220459,117,0.0,0.0
2023-02-14 12:30:00-05:00,2.6923999786376953,2.7200000286102295,2.690000057220459,2.719899892807007,7896,0.0,0.0
2023-02-14 13:30:00-05:00,2.7200000286102295,2.7200000286102295,2.7100000381469727,2.7200000286102295,1801,0.0,0.0
2023-02-14 14:30:00-05:00,2.7149999141693115,2.8104000091552734,2.7149999141693115,2.8104000091552734,18660,0.0,0.0
2023-02-14 15:30:00-05:00,2.819999933242798,2.8299999237060547,2.8017001152038574,2.8299999237060547,27369,0.0,0.0
2023-02-15 09:30:00-05:00,2.8499999046325684,2.890000104904175,2.8399999141693115,2.8805999755859375,12779,0.0,0.0
2023-02-15 10:30:00-05:00,2.880000114440918,2.9800000190734863,2.865000009536743,2.9700000286102295,15651,0.0,0.0
2023-02-15 11:30:00-05:00,2.9507999420166016,3.0794999599456787,2.9507999420166016,3.0541000366210938,16599,0.0,0.0
2023-02-15 12:30:00-05:00,3.055000066757202,3.0799999237060547,3.0299999713897705,3.0309998989105225,17487,0.0,0.0
2023-02-15 13:30:00-05:00,3.059999942779541,3.190000057220459,3.0399999618530273,3.1698999404907227,18238,0.0,0.0
2023-02-15 14:30:00-05:00,3.1700000762939453,3.1700000762939453,3.0905001163482666,3.159899950027466,10738,0.0,0.0
2023-02-15 15:30:00-05:00,3.1600000858306885,3.1649999618530273,3.009999990463257,3.0657999515533447,8490,0.0,0.0
2023-02-16 09:30:00-05:00,3.049999952316284,3.140000104904175,3.049999952316284,3.069999933242798,0,0.0,0.0
2023-02-16 10:30:00-05:00,3.0799999237060547,3.0980000495910645,3.016200065612793,3.0450000762939453,32632,0.0,0.0
2023-02-16 11:30:00-05:00,3.009999990463257,3.0399999618530273,2.975100040435791,2.975100040435791,10078,0.0,0.0
2023-02-16 12:30:00-05:00,2.9700000286102295,2.9800000190734863,2.930000066757202,2.9700000286102295,3384,0.0,0.0
2023-02-16 13:30:00-05:00,2.930000066757202,2.9532999992370605,2.840100049972534,2.869999885559082,5159,0.0,0.0
2023-02-16 14:30:00-05:00,2.940000057220459,2.940000057220459,2.880000114440918,2.880000114440918,10889,0.0,0.0
2023-02-16 15:30:00-05:00,2.880000114440918,2.909899950027466,2.809999942779541,2.869999885559082,16580,0.0,0.0
2023-02-17 09:30:00-05:00,2.950000047683716,2.9899001121520996,2.880000114440918,2.9795000553131104,7333,0.0,0.0
2023-02-17 10:30:00-05:00,2.9549999237060547,2.9549999237060547,2.880000114440918,2.9000000953674316,4133,0.0,0.0
2023-02-17 11:30:00-05:00,2.9333999156951904,2.9361000061035156,2.75,2.774399995803833,21240,0.0,0.0
2023-02-17 12:30:00-05:00,2.75,2.7899999618530273,2.6201000213623047,2.680000066757202,26330,0.0,0.0
2023-02-17 13:30:00-05:00,2.680000066757202,2.7200000286102295,2.680000066757202,2.700000047683716,4263,0.0,0.0
2023-02-17 14:30:00-05:00,2.7258999347686768,2.787600040435791,2.690000057220459,2.690000057220459,13112,0.0,0.0
2023-02-17 15:30:00-05:00,2.740000009536743,2.7599000930786133,2.6600000858306885,2.680000066757202,12204,0.0,0.0
2023-02-21 09:30:00-05:00,3.059999942779541,3.3299999237060547,2.930000066757202,3.2599000930786133,177010,0.0,0.0
2023-02-21 10:30:00-05:00,3.240000009536743,3.5399999618530273,3.2000999450683594,3.369999885559082,234144,0.0,0.0
2023-02-21 11:30:00-05:00,3.390000104904175,3.4711999893188477,3.299999952316284,3.440000057220459,68733,0.0,0.0
2023-02-21 12:30:00-05:00,3.444999933242798,3.449899911880493,3.380000114440918,3.4200000762939453,25252,0.0,0.0
2023-02-21 13:30:00-05:00,3.4198999404907227,3.549999952316284,3.3975000381469727,3.4800000190734863,38455,0.0,0.0
2023-02-21 14:30:00-05:00,3.4800000190734863,3.740000009536743,3.473099946975708,3.6600000858306885,86911,0.0,0.0
2023-02-21 15:30:00-05:00,3.6454999446868896,3.6600000858306885,3.3399999141693115,3.3399999141693115,88286,0.0,0.0
2023-02-22 09:30:00-05:00,3.309999942779541,3.5172998905181885,3.2699999809265137,3.430000066757202,31085,0.0,0.0
2023-02-22 10:30:00-05:00,3.4630000591278076,3.4679999351501465,3.299999952316284,3.305000066757202,11003,0.0,0.0
2023-02-22 11:30:00-05:00,3.2799999713897705,3.2799999713897705,3.200000047683716,3.2200000286102295,20772,0.0,0.0
2023-02-22 12:30:00-05:00,3.25,3.25,3.2300000190734863,3.25,1577,0.0,0.0
2023-02-22 13:30:00-05:00,3.240000009536743,3.25,3.1600000858306885,3.190000057220459,5748,0.0,0.0
2023-02-22 14:30:00-05:00,3.1500000953674316,3.1500000953674316,3.069999933242798,3.069999933242798,13837,0.0,0.0
2023-02-22 15:30:00-05:00,3.1059000492095947,3.1059000492095947,2.9700000286102295,2.9893999099731445,21187,0.0,0.0
2023-02-23 09:30:00-05:00,3.0799999237060547,3.1198999881744385,3.009999990463257,3.0569000244140625,29556,0.0,0.0
2023-02-23 10:30:00-05:00,3.0450000762939453,3.0899999141693115,2.9969000816345215,3.005000114440918,12338,0.0,0.0
2023-02-23 11:30:00-05:00,3.0199999809265137,3.0899999141693115,3.005000114440918,3.0199999809265137,11477,0.0,0.0
2023-02-23 12:30:00-05:00,3.0199999809265137,3.0199999809265137,2.992500066757202,2.992500066757202,5831,0.0,0.0
2023-02-23 13:30:00-05:00,2.990000009536743,3.0,2.988600015640259,3.0,1345,0.0,0.0
2023-02-23 14:30:00-05:00,3.0199999809265137,3.0199999809265137,2.996999979019165,3.005000114440918,6520,0.0,0.0
2023-02-23 15:30:00-05:00,2.990000009536743,2.990000009536743,2.9000000953674316,2.9000000953674316,0,0.0,0.0
2023-02-24 09:30:00-05:00,2.859999895095825,2.954699993133545,2.859999895095825,2.950000047683716,11390,0.0,0.0
2023-02-24 10:30:00-05:00,2.9000000953674316,2.9000000953674316,2.8499999046325684,2.869999885559082,6326,0.0,0.0
2023-02-24 11:30:00-05:00,2.8499999046325684,2.869999885559082,2.8399999141693115,2.8499999046325684,7690,0.0,0.0
2023-02-24 12:30:00-05:00,2.8550000190734863,2.8698999881744385,2.8550000190734863,2.857800006866455,3190,0.0,0.0
2023-02-24 13:30:00-05:00,2.8499999046325684,2.869999885559082,2.8499999046325684,2.864000082015991,3759,0.0,0.0
2023-02-24 14:30:00-05:00,2.8399999141693115,2.8499999046325684,2.819999933242798,2.819999933242798,13907,0.0,0.0
2023-02-24 15:30:00-05:00,2.8201000690460205,2.849900007247925,2.819999933242798,2.819999933242798,4117,0.0,0.0
2023-02-27 09:30:00-05:00,2.8299999237060547,2.9570000171661377,2.8299999237060547,2.945199966430664,0,0.0,0.0
2023-02-27 10:30:00-05:00,2.934999942779541,2.946000099182129,2.850100040435791,2.869999885559082,12171,0.0,0.0
2023-02-27 11:30:00-05:00,2.8698999881744385,2.8963000774383545,2.8696000576019287,2.890000104904175,4198,0.0,0.0
2023-02-27 12:30:00-05:00,2.890000104904175,2.890000104904175,2.880000114440918,2.880000114440918,2002,0.0,0.0
2023-02-27 13:30:00-05:00,2.8873000144958496,2.8873000144958496,2.809999942779541,2.809999942779541,4368,0.0,0.0
2023-02-27 14:30:00-05:00,2.8499999046325684,2.8499999046325684,2.7100000381469727,2.759999990463257,22001,0.0,0.0
2023-02-27 15:30:00-05:00,2.7339999675750732,2.759999990463257,2.7300000190734863,2.759999990463257,0,0.0,0.0
2023-02-28 09:30:00-05:00,2.7699999809265137,2.859999895095825,2.7699999809265137,2.8299999237060547,6246,0.0,0.0
2023-02-28 10:30:00-05:00,2.8698999881744385,2.8698999881744385,2.759999990463257,2.759999990463257,11318,0.0,0.0
2023-02-28 11:30:00-05:00,2.778700113296509,2.778700113296509,2.710200071334839,2.729300022125244,10470,0.0,0.0
2023-02-28 12:30:00-05:00,2.7899999618530273,2.819999933242798,2.7699999809265137,2.8048999309539795,2969,0.0,0.0
2023-02-28 13:30:00-05:00,2.799999952316284,2.809999942779541,2.7899999618530273,2.7899999618530273,879,0.0,0.0
2023-02-28 14:30:00-05:00,2.7799999713897705,2.812000036239624,2.7799999713897705,2.812000036239624,360,0.0,0.0
2023-02-28 15:30:00-05:00,2.8199000358581543,2.8199000358581543,2.75,2.75,0,0.0,0.0
2023-03-01 09:30:00-05:00,2.8499999046325684,2.9298999309539795,2.8331000804901123,2.8901000022888184,7343,0.0,0.0
2023-03-01 10:30:00-05:00,2.884999990463257,2.909899950027466,2.8503000736236572,2.880000114440918,9066,0.0,0.0
2023-03-01 11:30:00-05:00,2.859999895095825,2.869999885559082,2.8289999961853027,2.8289999961853027,1918,0.0,0.0
2023-03-01 12:30:00-05:00,2.81030011177063,2.8350000381469727,2.809999942779541,2.809999942779541,3069,0.0,0.0
2023-03-01 13:30:00-05:00,2.8399999141693115,2.8399999141693115,2.809999942779541,2.809999942779541,6061,0.0,0.0
2023-03-01 14:30:00-05:00,2.809999942779541,2.8589000701904297,2.809999942779541,2.8438000679016113,3489,0.0,0.0
2023-03-01 15:30:00-05:00,2.8299999237060547,2.844399929046631,2.809999942779541,2.8299999237060547,1658,0.0,0.0
2023-03-02 09:30:00-05:00,2.7699999809265137,2.880000114440918,2.7699999809265137,2.803100109100342,2055,0.0,0.0
2023-03-02 10:30:00-05:00,2.8299999237060547,2.8399999141693115,2.799999952316284,2.799999952316284,2956,0.0,0.0
2023-03-02 11:30:00-05:00,2.799999952316284,2.8399999141693115,2.799999952316284,2.799999952316284,773,0.0,0.0
2023-03-02 12:30:00-05:00,2.8399999141693115,2.8399999141693115,2.822200059890747,2.822200059890747,256,0.0,0.0
2023-03-02 13:30:00-05:00,2.8499999046325684,2.8499999046325684,2.7799999713897705,2.7799999713897705,3761,0.0,0.0
2023-03-02 14:30:00-05:00,2.7867000102996826,2.7867000102996826,2.760999917984009,2.760999917984009,1919,0.0,0.0
2023-03-02 15:30:00-05:00,2.799999952316284,2.799999952316284,2.7799999713897705,2.7799999713897705,865,0.0,0.0
2023-03-03 09:30:00-05:00,2.7699999809265137,2.809999942779541,2.759999990463257,2.799999952316284,4522,0.0,0.0
2023-03-03 10:30:00-05:00,2.759999990463257,2.7846999168395996,2.759999990463257,2.779900074005127,3591,0.0,0.0
2023-03-03 11:30:00-05:00,2.7632999420166016,2.767699956893921,2.740000009536743,2.740000009536743,2736,0.0,0.0
2023-03-03 13:30:00-05:00,2.7267000675201416,2.7780001163482666,2.7267000675201416,2.7300000190734863,3862,0.0,0.0
2023-03-03 14:30:00-05:00,2.740000009536743,2.774199962615967,2.740000009536743,2.774199962615967,1913,0.0,0.0
2023-03-03 15:30:00-05:00,2.7799999713897705,2.7899999618530273,2.759999990463257,2.759999990463257,3175,0.0,0.0
2023-03-06 09:30:00-05:00,2.740000009536743,2.7899999618530273,2.740000009536743,2.755000114440918,2465,0.0,0.0
2023-03-06 10:30:00-05:00,2.740000009536743,2.7699999809265137,2.740000009536743,2.759999990463257,6519,0.0,0.0
2023-03-06 11:30:00-05:00,2.765000104904175,2.838399887084961,2.759999990463257,2.838399887084961,6223,0.0,0.0
2023-03-06 12:30:00-05:00,2.7699999809265137,2.7701001167297363,2.7699999809265137,2.7701001167297363,288,0.0,0.0
2023-03-06 13:30:00-05:00,2.8152999877929688,2.819999933242798,2.7950000762939453,2.7950000762939453,2531,0.0,0.0
2023-03-06 14:30:00-05:00,2.7899999618530273,2.809999942779541,2.7699999809265137,2.809999942779541,1571,0.0,0.0
2023-03-06 15:30:00-05:00,2.809999942779541,2.8299999237060547,2.809999942779541,2.8299999237060547,0,0.0,0.0
2023-03-07 09:30:00-05:00,2.8399999141693115,2.8399999141693115,2.7699999809265137,2.7699999809265137,3330,0.0,0.0
2023-03-07 10:30:00-05:00,2.780100107192993,2.780100107192993,2.759999990463257,2.759999990463257,1421,0.0,0.0
2023-03-07 11:30:00-05:00,2.75,2.75,2.7200000286102295,2.75,2665,0.0,0.0
2023-03-07 12:30:00-05:00,2.740000009536743,2.740000009536743,2.680000066757202,2.680000066757202,8727,0.0,0.0
2023-03-07 13:30:00-05:00,2.6700000762939453,2.680000066757202,2.5999999046325684,2.609999895095825,14363,0.0,0.0
2023-03-07 14:30:00-05:00,2.638000011444092,2.6895999908447266,2.619999885559082,2.6798999309539795,8303,0.0,0.0
2023-03-07 15:30:00-05:00,2.679500102996826,2.7799999713897705,2.640000104904175,2.7799999713897705,16901,0.0,0.0
2023-03-08 09:30:00-05:00,2.799999952316284,2.799999952316284,2.700000047683716,2.794300079345703,1474,0.0,0.0
2023-03-08 10:30:00-05:00,2.755000114440918,2.7999000549316406,2.755000114440918,2.7699999809265137,2537,0.0,0.0
2023-03-08 11:30:00-05:00,2.7899999618530273,2.7899999618530273,2.75,2.759999990463257,1491,0.0,0.0
2023-03-08 12:30:00-05:00,2.740000009536743,2.7799999713897705,2.700000047683716,2.700000047683716,2476,0.0,0.0
2023-03-08 13:30:00-05:00,2.759999990463257,2.7950000762939453,2.759999990463257,2.759999990463257,1515,0.0,0.0
2023-03-08 14:30:00-05:00,2.7899999618530273,2.819999933242798,2.759999990463257,2.759999990463257,1179,0.0,0.0
2023-03-08 15:30:00-05:00,2.799999952316284,2.8097000122070312,2.7799999713897705,2.799999952316284,0,0.0,0.0
2023-03-09 09:30:00-05:00,2.8499999046325684,2.8499999046325684,2.7400999069213867,2.7400999069213867,3225,0.0,0.0
2023-03-09 10:30:00-05:00,2.7799999713897705,2.7799999713897705,2.7799999713897705,2.7799999713897705,794,0.0,0.0
2023-03-09 11:30:00-05:00,2.7936999797821045,2.805000066757202,2.7936999797821045,2.799999952316284,5279,0.0,0.0
2023-03-09 12:30:00-05:00,2.7980000972747803,2.8199000358581543,2.7980000972747803,2.809999942779541,13328,0.0,0.0
2023-03-09 13:30:00-05:00,2.7820000648498535,2.794600009918213,2.759999990463257,2.794600009918213,3587,0.0,0.0
2023-03-09 14:30:00-05:00,2.7799999713897705,2.7799999713897705,2.7699999809265137,2.7799999713897705,1797,0.0,0.0
2023-03-09 15:30:00-05:00,2.7899999618530273,2.819999933242798,2.7320001125335693,2.819999933242798,6384,0.0,0.0
2023-03-10 09:30:00-05:00,2.799999952316284,2.799999952316284,2.7100000381469727,2.7300000190734863,1518,0.0,0.0
2023-03-10 10:30:00-05:00,2.752700090408325,2.752700090408325,2.720099925994873,2.720099925994873,1247,0.0,0.0
2023-03-10 11:30:00-05:00,2.744999885559082,2.7699999809265137,2.740000009536743,2.740000009536743,413,0.0,0.0
2023-03-10 12:30:00-05:00,2.744999885559082,2.744999885559082,2.7300000190734863,2.7300000190734863,9529,0.0,0.0
2023-03-10 13:30:00-05:00,2.744999885559082,2.744999885559082,2.7000999450683594,2.7300000190734863,9091,0.0,0.0
2023-03-10 14:30:00-05:00,2.755000114440918,2.7699999809265137,2.7500998973846436,2.7699999809265137,6218,0.0,0.0
2023-03-10 15:30:00-05:00,2.759999990463257,2.859999895095825,2.759999990463257,2.859999895095825,6371,0.0,0.0
2023-03-13 09:30:00-04:00,2.75,2.880000114440918,2.7149999141693115,2.825000047683716,14240,0.0,0.0
2023-03-13 10:30:00-04:00,2.819999933242798,2.8299999237060547,2.5999999046325684,2.7699999809265137,30009,0.0,0.0
2023-03-13 11:30:00-04:00,2.753700017929077,2.753700017929077,2.7263998985290527,2.75,446,0.0,0.0
2023-03-13 12:30:00-04:00,2.734999895095825,2.75,2.7200000286102295,2.7397000789642334,10379,0.0,0.0
2023-03-13 13:30:00-04:00,2.7249999046325684,2.7699999809265137,2.6500000953674316,2.7200000286102295,11300,0.0,0.0
2023-03-13 14:30:00-04:00,2.740000009536743,2.7999000549316406,2.740000009536743,2.7799999713897705,5963,0.0,0.0
2023-03-13 15:30:00-04:00,2.7899999618530273,2.819999933242798,2.7799999713897705,2.809999942779541,6810,0.0,0.0
2023-03-14 09:30:00-04:00,2.819999933242798,2.8492000102996826,2.609999895095825,2.799999952316284,16408,0.0,0.0
2023-03-14 10:30:00-04:00,2.7899999618530273,2.7906999588012695,2.63100004196167,2.690000057220459,15026,0.0,0.0
2023-03-14 11:30:00-04:00,2.699899911880493,2.700000047683716,2.690000057220459,2.690000057220459,1758,0.0,0.0
2023-03-14 12:30:00-04:00,2.690000057220459,2.719899892807007,2.690000057220459,2.690000057220459,7221,0.0,0.0
2023-03-14 13:30:00-04:00,2.700000047683716,2.7028000354766846,2.690000057220459,2.700000047683716,2775,0.0,0.0
2023-03-14 14:30:00-04:00,2.700000047683716,2.700000047683716,2.6700000762939453,2.690000057220459,8699,0.0,0.0
2023-03-14 15:30:00-04:00,2.690000057220459,2.7200000286102295,2.640000104904175,2.7200000286102295,13255,0.0,0.0
2023-03-15 09:30:00-04:00,2.7300000190734863,2.7309999465942383,2.6600000858306885,2.6700000762939453,0,0.0,0.0
2023-03-15 10:30:00-04:00,2.6600000858306885,2.680000066757202,2.609999895095825,2.680000066757202,7331,0.0,0.0
2023-03-15 11:30:00-04:00,2.6600000858306885,2.6600000858306885,2.5799999237060547,2.5999999046325684,9841,0.0,0.0
2023-03-15 12:30:00-04:00,2.5899999141693115,2.5999999046325684,2.5350000858306885,2.5399999618530273,6888,0.0,0.0
2023-03-15 13:30:00-04:00,2.599900007247925,2.599900007247925,2.549299955368042,2.549999952316284,3622,0.0,0.0
2023-03-15 14:30:00-04:00,2.549999952316284,2.629499912261963,2.549999952316284,2.619999885559082,5598,0.0,0.0
2023-03-15 15:30:00-04:00,2.619999885559082,2.680000066757202,2.619999885559082,2.680000066757202,13953,0.0,0.0
2023-03-16 09:30:00-04:00,2.549999952316284,2.5999999046325684,2.1810998916625977,2.1810998916625977,76884,0.0,0.0
2023-03-16 10:30:00-04:00,2.1888999938964844,2.3598999977111816,2.180000066757202,2.304800033569336,24685,0.0,0.0
2023-03-16 11:30:00-04:00,2.3299999237060547,2.3499999046325684,2.299999952316284,2.3320000171661377,9121,0.0,0.0
2023-03-16 12:30:00-04:00,2.3350000381469727,2.3991000652313232,2.319999933242798,2.319999933242798,16998,0.0,0.0
2023-03-16 13:30:00-04:00,2.3499999046325684,2.359999895095825,2.299999952316284,2.299999952316284,12334,0.0,0.0
2023-03-16 14:30:00-04:00,2.25,2.259999990463257,2.240000009536743,2.259999990463257,5507,0.0,0.0
2023-03-16 15:30:00-04:00,2.2699999809265137,2.2699999809265137,2.200000047683716,2.2200000286102295,25022,0.0,0.0
2023-03-17 09:30:00-04:00,2.0799999237060547,2.240000009536743,2.0799999237060547,2.1900999546051025,29368,0.0,0.0
2023-03-17 10:30:00-04:00,2.190000057220459,2.190000057220459,2.059999942779541,2.0999999046325684,30714,0.0,0.0
2023-03-17 11:30:00-04:00,2.0999999046325684,2.0999999046325684,2.0,2.0,49238,0.0,0.0
2023-03-17 12:30:00-04:00,2.0,2.059999942779541,2.0,2.0399999618530273,82682,0.0,0.0
2023-03-17 13:30:00-04:00,2.059999942779541,2.109999895095825,2.04010009765625,2.069999933242798,32716,0.0,0.0
2023-03-17 14:30:00-04:00,2.069999933242798,2.1500000953674316,2.069999933242798,2.140000104904175,25650,0.0,0.0
2023-03-17 15:30:00-04:00,2.109999895095825,2.2200000286102295,2.109999895095825,2.1700000762939453,27195,0.0,0.0
2023-03-20 09:30:00-04:00,2.190000057220459,2.2200000286102295,2.1700000762939453,2.2200000286102295,7903,0.0,0.0
2023-03-20 10:30:00-04:00,2.190000057220459,2.299999952316284,2.190000057220459,2.194999933242798,27078,0.0,0.0
2023-03-20 11:30:00-04:00,2.190000057220459,2.200000047683716,2.190000057220459,2.194999933242798,22894,0.0,0.0
2023-03-20 12:30:00-04:00,2.191699981689453,2.200000047683716,2.191699981689453,2.200000047683716,9870,0.0,0.0
2023-03-20 13:30:00-04:00,2.200000047683716,2.239000082015991,2.190000057220459,2.200000047683716,13231,0.0,0.0
2023-03-20 14:30:00-04:00,2.200000047683716,2.2300000190734863,2.194999933242798,2.200000047683716,18580,0.0,0.0
2023-03-20 15:30:00-04:00,2.200000047683716,2.2049999237060547,2.190000057220459,2.190000057220459,28724,0.0,0.0
2023-03-21 09:30:00-04:00,2.299999952316284,2.3399999141693115,2.2200000286102295,2.2200000286102295,0,0.0,0.0
2023-03-21 10:30:00-04:00,2.2334001064300537,2.2699999809265137,1.7599999904632568,1.8495999574661255,112315,0.0,0.0
2023-03-21 11:30:00-04:00,1.850000023841858,1.9500000476837158,1.850000023841858,1.9500000476837158,43048,0.0,0.0
2023-03-21 12:30:00-04:00,1.9499000310897827,1.9500000476837158,1.9320000410079956,1.9500000476837158,29380,0.0,0.0
2023-03-21 13:30:00-04:00,1.9450000524520874,1.9500000476837158,1.9299999475479126,1.940000057220459,17422,0.0,0.0
2023-03-21 14:30:00-04:00,1.940000057220459,1.9550000429153442,1.9299999475479126,1.9500000476837158,22337,0.0,0.0
2023-03-21 15:30:00-04:00,1.9450000524520874,1.9500000476837158,1.909999966621399,1.910099983215332,12840,0.0,0.0
2023-03-22 09:30:00-04:00,1.9199999570846558,1.9365999698638916,1.7999999523162842,1.8300000429153442,33130,0.0,0.0
2023-03-22 10:30:00-04:00,1.8299000263214111,1.8799999952316284,1.8219000101089478,1.8799999952316284,36544,0.0,0.0
2023-03-22 11:30:00-04:00,1.8753999471664429,1.899999976158142,1.8539999723434448,1.899999976158142,7370,0.0,0.0
2023-03-22 12:30:00-04:00,1.8899999856948853,1.899999976158142,1.8899999856948853,1.899999976158142,6854,0.0,0.0
2023-03-22 13:30:00-04:00,1.8899999856948853,1.899999976158142,1.8700000047683716,1.899999976158142,8773,0.0,0.0
2023-03-22 14:30:00-04:00,1.8973000049591064,1.899999976158142,1.850000023841858,1.875,15016,0.0,0.0
2023-03-22 15:30:00-04:00,1.875,1.8899999856948853,1.8600000143051147,1.8600000143051147,7284,0.0,0.0
2023-03-23 09:30:00-04:00,1.909999966621399,1.940000057220459,1.8700000047683716,1.9249999523162842,6236,0.0,0.0
2023-03-23 10:30:00-04:00,1.9199999570846558,2.0399999618530273,1.9199999570846558,2.0399999618530273,13849,0.0,0.0
2023-03-23 11:30:00-04:00,2.0271999835968018,2.046099901199341,2.0,2.046099901199341,8804,0.0,0.0
2023-03-23 12:30:00-04:00,2.01200008392334,2.0480000972747803,2.009999990463257,2.0380001068115234,4208,0.0,0.0
2023-03-23 13:30:00-04:00,2.0000998973846436,2.005000114440918,2.0,2.0,5257,0.0,0.0
2023-03-23 14:30:00-04:00,2.0,2.0199999809265137,1.9700000286102295,2.0199999809265137,4963,0.0,0.0
2023-03-23 15:30:00-04:00,2.0,2.009999990463257,1.9600000381469727,1.9800000190734863,1983,0.0,0.0
2023-03-24 09:30:00-04:00,1.9199999570846558,2.0,1.8701000213623047,1.899999976158142,11997,0.0,0.0
2023-03-24 10:30:00-04:00,1.8969000577926636,1.899999976158142,1.8799999952316284,1.8899999856948853,5582,0.0,0.0
2023-03-24 12:30:00-04:00,1.8901000022888184,1.899999976158142,1.8899999856948853,1.899999976158142,7860,0.0,0.0
2023-03-24 13:30:00-04:00,1.899999976158142,1.899999976158142,1.881500005722046,1.8949999809265137,7270,0.0,0.0
2023-03-24 14:30:00-04:00,1.899999976158142,1.899999976158142,1.8899999856948853,1.899899959564209,16362,0.0,0.0
2023-03-24 15:30:00-04:00,1.8899999856948853,1.899999976158142,1.8799999952316284,1.8799999952316284,22706,0.0,0.0
2023-03-27 09:30:00-04:00,1.8799999952316284,1.8799999952316284,1.8450000286102295,1.850000023841858,23869,0.0,0.0
2023-03-27 10:30:00-04:00,1.850000023841858,1.850000023841858,1.8200000524520874,1.8200000524520874,9272,0.0,0.0
2023-03-27 11:30:00-04:00,1.8355000019073486,1.850000023841858,1.8200000524520874,1.8269000053405762,18702,0.0,0.0
2023-03-27 12:30:00-04:00,1.8200000524520874,1.8480000495910645,1.7899999618530273,1.809999942779541,11724,0.0,0.0
2023-03-27 13:30:00-04:00,1.8200000524520874,1.8200000524520874,1.8016999959945679,1.8172999620437622,10657,0.0,0.0
2023-03-27 14:30:00-04:00,1.8200000524520874,1.8300000429153442,1.8200000524520874,1.8300000429153442,3940,0.0,0.0
2023-03-27 15:30:00-04:00,1.8300000429153442,1.8378000259399414,1.8200000524520874,1.8200000524520874,5089,0.0,0.0
2023-03-28 09:30:00-04:00,1.840000033378601,1.840000033378601,1.7699999809265137,1.799399971961975,20919,0.0,0.0
2023-03-28 10:30:00-04:00,1.7899999618530273,1.7999999523162842,1.7799999713897705,1.7799999713897705,26338,0.0,0.0
2023-03-28 11:30:00-04:00,1.7799999713897705,1.7999999523162842,1.7699999809265137,1.7899999618530273,18448,0.0,0.0
2023-03-28 12:30:00-04:00,1.7799999713897705,1.7999999523162842,1.7699999809265137,1.784999966621399,1790,0.0,0.0
2023-03-28 13:30:00-04:00,1.7699999809265137,1.7899999618530273,1.7699999809265137,1.7799999713897705,2006,0.0,0.0
2023-03-28 14:30:00-04:00,1.7899999618530273,1.7899999618530273,1.75,1.7599999904632568,21150,0.0,0.0
2023-03-28 15:30:00-04:00,1.7599999904632568,1.784999966621399,1.75,1.75,9008,0.0,0.0
2023-03-29 09:30:00-04:00,1.809999942779541,1.850000023841858,1.7627999782562256,1.7877999544143677,9846,0.0,0.0
2023-03-29 10:30:00-04:00,1.7999999523162842,1.8049999475479126,1.7899999618530273,1.7999999523162842,12132,0.0,0.0
2023-03-29 11:30:00-04:00,1.7999999523162842,1.7999999523162842,1.7910000085830688,1.7999999523162842,7666,0.0,0.0
2023-03-29 12:30:00-04:00,1.7999999523162842,1.7999999523162842,1.7903000116348267,1.7999999523162842,5149,0.0,0.0
2023-03-29 13:30:00-04:00,1.7999999523162842,1.7999999523162842,1.7908999919891357,1.7999999523162842,4896,0.0,0.0
2023-03-29 14:30:00-04:00,1.7999999523162842,1.7999999523162842,1.7799999713897705,1.784999966621399,6745,0.0,0.0
2023-03-29 15:30:00-04:00,1.784999966621399,1.7999999523162842,1.784999966621399,1.7999999523162842,4193,0.0,0.0
2023-03-30 09:30:00-04:00,1.7999999523162842,1.8300000429153442,1.7999999523162842,1.8250000476837158,23153,0.0,0.0
2023-03-30 10:30:00-04:00,1.8300000429153442,1.8990999460220337,1.8250000476837158,1.8949999809265137,2716,0.0,0.0
2023-03-30 11:30:00-04:00,1.899999976158142,1.9283000230789185,1.8899999856948853,1.9119000434875488,8193,0.0,0.0
2023-03-30 12:30:00-04:00,1.9349000453948975,1.9349000453948975,1.909999966621399,1.9299999475479126,8534,0.0,0.0
2023-03-30 13:30:00-04:00,1.9299999475479126,1.9299999475479126,1.909999966621399,1.9193999767303467,6377,0.0,0.0
2023-03-30 14:30:00-04:00,1.909999966621399,1.909999966621399,1.7899999618530273,1.8600000143051147,24920,0.0,0.0
2023-03-30 15:30:00-04:00,1.8818999528884888,1.899999976158142,1.8700000047683716,1.8899999856948853,899,0.0,0.0
2023-03-31 09:30:00-04:00,1.899999976158142,1.9225000143051147,1.899999976158142,1.9225000143051147,5838,0.0,0.0
2023-03-31 10:30:00-04:00,1.9249999523162842,1.9249999523162842,1.9249999523162842,1.9249999523162842,250,0.0,0.0
2023-03-31 11:30:00-04:00,1.9249999523162842,1.9323999881744385,1.899999976158142,1.909999966621399,3771,0.0,0.0
2023-03-31 12:30:00-04:00,1.9199999570846558,1.9299999475479126,1.9199999570846558,1.9199999570846558,2468,0.0,0.0
2023-03-31 13:30:00-04:00,1.9318000078201294,1.9388999938964844,1.9199999570846558,1.9388999938964844,3717,0.0,0.0
2023-03-31 14:30:00-04:00,1.923799991607666,1.9299999475479126,1.909999966621399,1.9299999475479126,2743,0.0,0.0
2023-03-31 15:30:00-04:00,1.9600000381469727,1.9600000381469727,1.909999966621399,1.940000057220459,813,0.0,0.0
2023-04-03 09:30:00-04:00,1.909999966621399,2.0899999141693115,1.909999966621399,2.0199999809265137,8815,0.0,0.0
2023-04-03 10:30:00-04:00,2.009999990463257,2.009999990463257,2.0,2.0,4596,0.0,0.0
2023-04-03 11:30:00-04:00,2.0000998973846436,2.009999990463257,1.9950000047683716,2.009999990463257,9771,0.0,0.0
2023-04-03 12:30:00-04:00,2.000200033187866,2.0088999271392822,1.9500000476837158,1.9500000476837158,10109,0.0,0.0
2023-04-03 13:30:00-04:00,1.9500000476837158,1.9500000476837158,1.8799999952316284,1.8899999856948853,13195,0.0,0.0
2023-04-03 14:30:00-04:00,1.8990000486373901,1.9500000476837158,1.8899999856948853,1.940000057220459,15222,0.0,0.0
2023-04-03 15:30:00-04:00,1.940000057220459,1.9402999877929688,1.909999966621399,1.909999966621399,5112,0.0,0.0
2023-04-04 09:30:00-04:00,1.909999966621399,1.9600000381469727,1.899999976158142,1.909999966621399,0,0.0,0.0
2023-04-04 10:30:00-04:00,1.9118000268936157,1.9118000268936157,1.9118000268936157,1.9118000268936157,705,0.0,0.0
2023-04-04 11:30:00-04:00,1.9101999998092651,1.9499000310897827,1.909999966621399,1.9299999475479126,2443,0.0,0.0
2023-04-04 12:30:00-04:00,1.9473999738693237,1.9534000158309937,1.909999966621399,1.929900050163269,3395,0.0,0.0
2023-04-04 13:30:00-04:00,1.909999966621399,1.909999966621399,1.909999966621399,1.909999966621399,605,0.0,0.0
2023-04-04 14:30:00-04:00,1.909999966621399,1.9230999946594238,1.909999966621399,1.909999966621399,8784,0.0,0.0
2023-04-04 15:30:00-04:00,1.909999966621399,1.909999966621399,1.8799999952316284,1.8799999952316284,8299,0.0,0.0
2023-04-05 09:30:00-04:00,1.899999976158142,1.899999976158142,1.8378000259399414,1.8899999856948853,2521,0.0,0.0
2023-04-05 10:30:00-04:00,1.8899999856948853,1.899999976158142,1.8899999856948853,1.899999976158142,1417,0.0,0.0
2023-04-05 12:30:00-04:00,1.9038000106811523,1.9038000106811523,1.9038000106811523,1.9038000106811523,322,0.0,0.0
2023-04-05 13:30:00-04:00,1.9083000421524048,1.9083000421524048,1.899999976158142,1.899999976158142,301,0.0,0.0
2023-04-05 14:30:00-04:00,1.899999976158142,1.909999966621399,1.8899999856948853,1.8899999856948853,1658,0.0,0.0
2023-04-05 15:30:00-04:00,1.8899999856948853,1.8899999856948853,1.8700000047683716,1.8700000047683716,930,0.0,0.0
2023-04-06 09:30:00-04:00,1.8600000143051147,1.8849999904632568,1.8600000143051147,1.8799999952316284,229,0.0,0.0
2023-04-06 10:30:00-04:00,1.909999966621399,1.909999966621399,1.899999976158142,1.899999976158142,291,0.0,0.0
2023-04-06 11:30:00-04:00,1.8705999851226807,1.9079999923706055,1.8705999851226807,1.8899999856948853,1675,0.0,0.0
2023-04-06 12:30:00-04:00,1.899999976158142,1.899999976158142,1.899999976158142,1.899999976158142,149,0.0,0.0
2023-04-06 13:30:00-04:00,1.899999976158142,1.9528000354766846,1.899999976158142,1.9528000354766846,1003,0.0,0.0
2023-04-06 14:30:00-04:00,1.9500000476837158,1.9600000381469727,1.899999976158142,1.9600000381469727,1558,0.0,0.0
2023-04-06 15:30:00-04:00,1.9299999475479126,1.9500000476837158,1.909999966621399,1.9199999570846558,2664,0.0,0.0
2023-04-10 09:30:00-04:00,1.9600000381469727,1.98989999294281,1.9000999927520752,1.9799000024795532,0,0.0,0.0
2023-04-10 10:30:00-04:00,1.9600000381469727,1.9888999462127686,1.9600000381469727,1.9600000381469727,9513,0.0,0.0
2023-04-10 11:30:00-04:00,1.940000057220459,1.9585000276565552,1.909999966621399,1.909999966621399,11026,0.0,0.0
2023-04-10 12:30:00-04:00,1.909999966621399,1.9299999475479126,1.909999966621399,1.9299999475479126,1735,0.0,0.0
2023-04-10 13:30:00-04:00,1.9500000476837158,1.9799000024795532,1.940000057220459,1.9700000286102295,8486,0.0,0.0
2023-04-10 14:30:00-04:00,1.9800000190734863,2.0,1.9600000381469727,1.9859999418258667,6266,0.0,0.0
2023-04-10 15:30:00-04:00,1.9824999570846558,2.0,1.9800000190734863,1.9800000190734863,1779,0.0,0.0
2023-04-11 09:30:00-04:00,2.109999895095825,2.109999895095825,2.0,2.00570011138916,4216,0.0,0.0
2023-04-11 10:30:00-04:00,2.009999990463257,2.0201001167297363,2.009999990463257,2.0199999809265137,3396,0.0,0.0
2023-04-11 11:30:00-04:00,2.0399999618530273,2.049999952316284,2.0199999809265137,2.0199999809265137,736,0.0,0.0
2023-04-11 12:30:00-04:00,2.0250000953674316,2.0299999713897705,2.0,2.0,33824,0.0,0.0
2023-04-11 13:30:00-04:00,2.0011000633239746,2.0011000633239746,1.9600000381469727,1.9600000381469727,4549,0.0,0.0
2023-04-11 14:30:00-04:00,1.9600000381469727,2.0,1.9600000381469727,1.9950000047683716,7330,0.0,0.0
2023-04-11 15:30:00-04:00,2.0,2.0199999809265137,1.9900000095367432,2.0,15731,0.0,0.0
2023-04-12 09:30:00-04:00,2.0399999618530273,2.0999999046325684,2.0,2.0299999713897705,0,0.0,0.0
2023-04-12 10:30:00-04:00,2.080899953842163,2.080899953842163,2.0462000370025635,2.0462000370025635,1980,0.0,0.0
2023-04-12 11:30:00-04:00,2.0699000358581543,2.0799999237060547,2.0399999618530273,2.0799999237060547,16997,0.0,0.0
2023-04-12 12:30:00-04:00,2.0799999237060547,2.0799999237060547,2.049999952316284,2.0739998817443848,4544,0.0,0.0
2023-04-12 13:30:00-04:00,2.059999942779541,2.064199924468994,2.0399999618530273,2.0399999618530273,8017,0.0,0.0
2023-04-12 14:30:00-04:00,2.0,2.0199999809265137,2.0,2.0199999809265137,11394,0.0,0.0
2023-04-12 15:30:00-04:00,2.0199999809265137,2.0199999809265137,1.9710999727249146,1.9800000190734863,14225,0.0,0.0
2023-04-13 09:30:00-04:00,1.9700000286102295,2.049999952316284,1.9700000286102295,2.049999952316284,16930,0.0,0.0
2023-04-13 10:30:00-04:00,2.0601000785827637,2.0999999046325684,2.040600061416626,2.0999999046325684,5148,0.0,0.0
2023-04-13 11:30:00-04:00,2.069999933242798,2.0850000381469727,2.069999933242798,2.070199966430664,815,0.0,0.0
2023-04-13 12:30:00-04:00,2.0701000690460205,2.0899999141693115,2.0701000690460205,2.0899999141693115,2467,0.0,0.0
2023-04-13 13:30:00-04:00,2.0899999141693115,2.0999999046325684,2.002700090408325,2.0703001022338867,8381,0.0,0.0
2023-04-13 14:30:00-04:00,2.0999999046325684,2.0999999046325684,2.059999942779541,2.059999942779541,3999,0.0,0.0
2023-04-13 15:30:00-04:00,2.0199999809265137,2.049999952316284,2.009999990463257,2.049999952316284,4916,0.0,0.0
2023-04-14 09:30:00-04:00,2.059999942779541,2.1689000129699707,2.059999942779541,2.1689000129699707,17382,0.0,0.0
2023-04-14 10:30:00-04:00,2.0899999141693115,2.1500000953674316,2.0899999141693115,2.119999885559082,6269,0.0,0.0
2023-04-14 11:30:00-04:00,2.059999942779541,2.059999942779541,2.059999942779541,2.059999942779541,411,0.0,0.0
2023-04-14 12:30:00-04:00,2.1231000423431396,2.1231000423431396,2.0999999046325684,2.119999885559082,3310,0.0,0.0
2023-04-14 13:30:00-04:00,2.121000051498413,2.130000114440918,2.119999885559082,2.130000114440918,735,0.0,0.0
2023-04-14 14:30:00-04:00,2.109999895095825,2.130000114440918,2.0399999618530273,2.049999952316284,8518,0.0,0.0
2023-04-14 15:30:00-04:00,2.049999952316284,2.049999952316284,2.0399999618530273,2.049999952316284,2733,0.0,0.0
2023-04-17 09:30:00-04:00,2.0399999618530273,2.052799940109253,2.0399999618530273,2.050100088119507,5309,0.0,0.0
2023-04-17 10:30:00-04:00,2.0199999809265137,2.0199999809265137,2.0199999809265137,2.0199999809265137,115,0.0,0.0
2023-04-17 11:30:00-04:00,2.0299999713897705,2.049999952316284,2.0164999961853027,2.0164999961853027,5262,0.0,0.0
2023-04-17 12:30:00-04:00,2.009999990463257,2.0380001068115234,2.0,2.0380001068115234,801,0.0,0.0
2023-04-17 13:30:00-04:00,2.009999990463257,2.0299999713897705,2.0,2.0199999809265137,4790,0.0,0.0
2023-04-17 14:30:00-04:00,2.0,2.009999990463257,1.9800000190734863,1.9800000190734863,18560,0.0,0.0
2023-04-17 15:30:00-04:00,2.0,2.0,1.9600000381469727,1.9600000381469727,3724,0.0,0.0
2023-04-18 09:30:00-04:00,1.9700000286102295,2.059999942779541,1.9700000286102295,2.049999952316284,4764,0.0,0.0
2023-04-18 10:30:00-04:00,2.01419997215271,2.069999933242798,2.0,2.059999942779541,17974,0.0,0.0
2023-04-18 11:30:00-04:00,2.049999952316284,2.049999952316284,2.0199999809265137,2.0199999809265137,2684,0.0,0.0
2023-04-18 12:30:00-04:00,2.0299999713897705,2.0299999713897705,2.009999990463257,2.009999990463257,610,0.0,0.0
2023-04-18 13:30:00-04:00,2.0,2.0299999713897705,1.9800000190734863,2.0,11915,0.0,0.0
2023-04-18 14:30:00-04:00,2.0299999713897705,2.0399999618530273,2.0285000801086426,2.0380001068115234,739,0.0,0.0
2023-04-18 15:30:00-04:00,2.0299999713897705,2.0399999618530273,1.9900000095367432,1.9900000095367432,0,0.0,0.0
2023-04-19 09:30:00-04:00,1.9900000095367432,2.004499912261963,1.9900000095367432,2.0,3759,0.0,0.0
2023-04-19 10:30:00-04:00,2.0199999809265137,2.0299999713897705,2.0199999809265137,2.0299999713897705,1759,0.0,0.0
2023-04-19 11:30:00-04:00,2.039900064468384,2.059999942779541,2.039599895477295,2.0399999618530273,12542,0.0,0.0
2023-04-19 12:30:00-04:00,2.0299999713897705,2.049999952316284,2.0299999713897705,2.0399999618530273,4114,0.0,0.0
2023-04-19 13:30:00-04:00,2.0450000762939453,2.049999952316284,2.0450000762939453,2.049999952316284,1350,0.0,0.0
2023-04-19 14:30:00-04:00,2.0399999618530273,2.049999952316284,2.0397000312805176,2.0397000312805176,2078,0.0,0.0
2023-04-19 15:30:00-04:00,2.0450000762939453,2.049999952316284,2.0299999713897705,2.0299999713897705,1693,0.0,0.0
2023-04-20 09:30:00-04:00,2.049999952316284,2.069999933242798,2.009999990463257,2.009999990463257,0,0.0,0.0
2023-04-20 10:30:00-04:00,2.0299999713897705,2.049999952316284,2.0299999713897705,2.049999952316284,417,0.0,0.0
2023-04-20 11:30:00-04:00,2.0299999713897705,2.0299999713897705,2.009999990463257,2.009999990463257,7214,0.0,0.0
2023-04-20 12:30:00-04:00,2.009999990463257,2.049999952316284,2.0,2.0,14269,0.0,0.0
2023-04-20 13:30:00-04:00,2.0,2.0,2.0,2.0,131,0.0,0.0
2023-04-20 14:30:00-04:00,2.005000114440918,2.0399999618530273,2.0,2.0299999713897705,4604,0.0,0.0
2023-04-20 15:30:00-04:00,2.009999990463257,2.0399999618530273,2.001699924468994,2.0399999618530273,1272,0.0,0.0
2023-04-21 09:30:00-04:00,2.0399999618530273,2.0399999618530273,2.0,2.0,2090,0.0,0.0
2023-04-21 10:30:00-04:00,2.011199951171875,2.011199951171875,2.0,2.0,7709,0.0,0.0
2023-04-21 11:30:00-04:00,2.0,2.0399999618530273,1.9600000381469727,2.0299999713897705,28281,0.0,0.0
2023-04-21 12:30:00-04:00,2.0199999809265137,2.0299999713897705,2.0,2.0,9898,0.0,0.0
2023-04-21 13:30:00-04:00,2.0199999809265137,2.0199999809265137,2.0000998973846436,2.009999990463257,2414,0.0,0.0
2023-04-21 14:30:00-04:00,2.0,2.0,1.9901000261306763,1.9901000261306763,4224,0.0,0.0
2023-04-21 15:30:00-04:00,1.9900000095367432,1.9900000095367432,1.9500000476837158,1.9600000381469727,15673,0.0,0.0
2023-04-24 09:30:00-04:00,2.009999990463257,2.022700071334839,1.9912999868392944,1.9912999868392944,8252,0.0,0.0
2023-04-24 10:30:00-04:00,1.9900000095367432,2.0199999809265137,1.9900000095367432,2.0,1390,0.0,0.0
2023-04-24 11:30:00-04:00,2.0,2.0,2.0,2.0,492,0.0,0.0
2023-04-24 12:30:00-04:00,2.0051000118255615,2.0299999713897705,2.0051000118255615,2.015000104904175,2788,0.0,0.0
2023-04-24 13:30:00-04:00,2.0199999809265137,2.0360000133514404,2.0,2.0360000133514404,5159,0.0,0.0
2023-04-24 14:30:00-04:00,2.009999990463257,2.0199999809265137,1.982100009918213,2.0,10015,0.0,0.0
2023-04-24 15:30:00-04:00,1.9800000190734863,1.9804999828338623,1.9700000286102295,1.9767999649047852,0,0.0,0.0
2023-04-25 09:30:00-04:00,1.982100009918213,1.982100009918213,1.9700000286102295,1.9700000286102295,3150,0.0,0.0
2023-04-25 10:30:00-04:00,1.9700000286102295,1.9800000190734863,1.9700000286102295,1.9703999757766724,3502,0.0,0.0
2023-04-25 11:30:00-04:00,1.9700000286102295,1.9700000286102295,1.9500000476837158,1.9524999856948853,3101,0.0,0.0
2023-04-25 12:30:00-04:00,1.975000023841858,1.975000023841858,1.9500000476837158,1.9500000476837158,13106,0.0,0.0
2023-04-25 13:30:00-04:00,1.9800000190734863,1.9800000190734863,1.9600000381469727,1.9621000289916992,822,0.0,0.0
2023-04-25 15:30:00-04:00,1.9600000381469727,1.9600000381469727,1.899999976158142,1.899999976158142,5088,0.0,0.0
2023-04-26 09:30:00-04:00,1.899999976158142,1.9500000476837158,1.899999976158142,1.9500000476837158,9316,0.0,0.0
2023-04-26 10:30:00-04:00,1.909999966621399,1.9846999645233154,1.909999966621399,1.9700000286102295,803,0.0,0.0
2023-04-26 11:30:00-04:00,1.9800000190734863,1.9900000095367432,1.9800000190734863,1.9850000143051147,3596,0.0,0.0
2023-04-26 12:30:00-04:00,1.9850000143051147,1.9850000143051147,1.9800000190734863,1.9800000190734863,6257,0.0,0.0
2023-04-26 13:30:00-04:00,1.9800000190734863,1.9800000190734863,1.940000057220459,1.940000057220459,3805,0.0,0.0
2023-04-26 14:30:00-04:00,1.9450000524520874,1.9450000524520874,1.9450000524520874,1.9450000524520874,112,0.0,0.0
2023-04-26 15:30:00-04:00,1.9299999475479126,1.9500000476837158,1.9199999570846558,1.9249999523162842,0,0.0,0.0
2023-04-27 09:30:00-04:00,1.899999976158142,1.944000005722046,1.899999976158142,1.910099983215332,6889,0.0,0.0
2023-04-27 10:30:00-04:00,1.9249999523162842,1.9299999475479126,1.9199999570846558,1.9199999570846558,3146,0.0,0.0
2023-04-27 11:30:00-04:00,1.9200999736785889,1.9500000476837158,1.9199999570846558,1.9500000476837158,3225,0.0,0.0
2023-04-27 12:30:00-04:00,1.9500000476837158,1.9500000476837158,1.940000057220459,1.9500000476837158,5536,0.0,0.0
2023-04-27 13:30:00-04:00,1.9479999542236328,1.9500000476837158,1.9336999654769897,1.9336999654769897,1877,0.0,0.0
2023-04-27 15:30:00-04:00,1.940000057220459,1.9700000286102295,1.909999966621399,1.909999966621399,0,0.0,0.0
2023-04-28 09:30:00-04:00,1.9226000308990479,1.9500000476837158,1.9199999570846558,1.9299999475479126,8044,0.0,0.0
2023-04-28 10:30:00-04:00,1.9500000476837158,1.965000033378601,1.9464000463485718,1.9500000476837158,3565,0.0,0.0
2023-04-28 11:30:00-04:00,1.9800000190734863,1.9900000095367432,1.9700000286102295,1.9800000190734863,21612,0.0,0.0
2023-04-28 12:30:00-04:00,1.9800000190734863,1.9800000190734863,1.9800000190734863,1.9800000190734863,3640,0.0,0.0
2023-04-28 13:30:00-04:00,1.9800000190734863,1.9800000190734863,1.9700000286102295,1.9700000286102295,1326,0.0,0.0
2023-04-28 14:30:00-04:00,1.9601000547409058,1.9601000547409058,1.9601000547409058,1.9601000547409058,201,0.0,0.0
2023-04-28 15:30:00-04:00,1.9661999940872192,1.9700000286102295,1.9500000476837158,1.9500000476837158,2093,0.0,0.0
2023-05-01 09:30:00-04:00,1.9996999502182007,1.9996999502182007,1.980299949645996,1.9900000095367432,5698,0.0,0.0
2023-05-01 10:30:00-04:00,1.9900000095367432,1.9950000047683716,1.9800000190734863,1.9800000190734863,9882,0.0,0.0
2023-05-01 11:30:00-04:00,1.9900000095367432,2.0199999809265137,1.98989999294281,2.009999990463257,8046,0.0,0.0
2023-05-01 12:30:00-04:00,2.0199999809265137,2.0199999809265137,2.0199999809265137,2.0199999809265137,178,0.0,0.0
2023-05-01 13:30:00-04:00,2.0,2.0350000858306885,2.0,2.0350000858306885,2766,0.0,0.0
2023-05-01 14:30:00-04:00,2.0350000858306885,2.0350000858306885,2.0350000858306885,2.0350000858306885,162,0.0,0.0
2023-05-01 15:30:00-04:00,2.0201001167297363,2.049999952316284,2.0199999809265137,2.049999952316284,7015,0.0,0.0
2023-05-02 09:30:00-04:00,2.009999990463257,2.0199999809265137,1.9800000190734863,1.9800000190734863,0,0.0,0.0
2023-05-02 10:30:00-04:00,1.9800000190734863,2.009999990463257,1.9700000286102295,2.0,10466,0.0,0.0
2023-05-02 11:30:00-04:00,2.0000998973846436,2.0204999446868896,1.9900000095367432,1.9990999698638916,11285,0.0,0.0
2023-05-02 12:30:00-04:00,1.9900000095367432,1.9901000261306763,1.9800000190734863,1.9900000095367432,5170,0.0,0.0
2023-05-02 13:30:00-04:00,2.0,2.009999990463257,2.0,2.0020999908447266,2445,0.0,0.0
2023-05-02 14:30:00-04:00,2.0,2.0199999809265137,1.965000033378601,1.9700000286102295,10299,0.0,0.0
2023-05-03 09:30:00-04:00,1.9700000286102295,2.0,1.9600000381469727,1.992300033569336,18361,0.0,0.0
2023-05-03 10:30:00-04:00,1.9900000095367432,2.0250000953674316,1.9900000095367432,2.0025999546051025,5463,0.0,0.0
2023-05-03 11:30:00-04:00,2.0000998973846436,2.009999990463257,2.0,2.0,7618,0.0,0.0
2023-05-03 12:30:00-04:00,2.0,2.0,1.9950000047683716,1.9950000047683716,2858,0.0,0.0
2023-05-03 13:30:00-04:00,1.9900000095367432,1.9900000095367432,1.9900000095367432,1.9900000095367432,1596,0.0,0.0
2023-05-03 14:30:00-04:00,1.9975999593734741,1.9975999593734741,1.9800000190734863,1.9800000190734863,1039,0.0,0.0
2023-05-03 15:30:00-04:00,1.9800000190734863,1.9900000095367432,1.9500000476837158,1.9500000476837158,8403,0.0,0.0
2023-05-04 09:30:00-04:00,1.940000057220459,1.9800000190734863,1.940000057220459,1.9500000476837158,2572,0.0,0.0
2023-05-04 11:30:00-04:00,1.9500000476837158,1.9800000190734863,1.940000057220459,1.9800000190734863,6602,0.0,0.0
2023-05-04 12:30:00-04:00,1.9299999475479126,1.9700000286102295,1.9299999475479126,1.9500000476837158,3058,0.0,0.0
2023-05-04 13:30:00-04:00,1.9500000476837158,1.9500000476837158,1.9299999475479126,1.9469000101089478,1490,0.0,0.0
2023-05-04 14:30:00-04:00,1.9299999475479126,1.9800000190734863,1.9199999570846558,1.9199999570846558,12326,0.0,0.0
2023-05-04 15:30:00-04:00,1.9172999858856201,1.9199999570846558,1.899999976158142,1.899999976158142,0,0.0,0.0
2023-05-05 09:30:00-04:00,1.899999976158142,1.9500000476837158,1.899999976158142,1.899999976158142,4531,0.0,0.0
2023-05-05 10:30:00-04:00,1.9299999475479126,1.940000057220459,1.9000999927520752,1.9299999475479126,9688,0.0,0.0
2023-05-05 11:30:00-04:00,1.9199999570846558,1.9600000381469727,1.9199999570846558,1.940000057220459,3567,0.0,0.0
2023-05-05 12:30:00-04:00,1.9500000476837158,1.9600000381469727,1.9299999475479126,1.9500000476837158,2622,0.0,0.0
2023-05-05 13:30:00-04:00,1.9500000476837158,1.9800000190734863,1.9299999475479126,1.9800000190734863,2006,0.0,0.0
2023-05-05 14:30:00-04:00,1.9700000286102295,1.9800000190734863,1.940000057220459,1.9586000442504883,2363,0.0,0.0
2023-05-05 15:30:00-04:00,1.9700000286102295,1.9700000286102295,1.9600000381469727,1.9600000381469727,1689,0.0,0.0
2023-05-08 09:30:00-04:00,1.899999976158142,1.940000057220459,1.899999976158142,1.940000057220459,6641,0.0,0.0
2023-05-08 10:30:00-04:00,1.909999966621399,1.909999966621399,1.909999966621399,1.909999966621399,241,0.0,0.0
2023-05-08 11:30:00-04:00,1.9168000221252441,1.9200999736785889,1.909999966621399,1.912500023841858,3882,0.0,0.0
2023-05-08 12:30:00-04:00,1.899999976158142,1.9049999713897705,1.899999976158142,1.9049999713897705,550,0.0,0.0
2023-05-08 13:30:00-04:00,1.909999966621399,1.9149999618530273,1.8899999856948853,1.899999976158142,12801,0.0,0.0
2023-05-08 14:30:00-04:00,1.8919999599456787,1.9800000190734863,1.8919999599456787,1.9800000190734863,11870,0.0,0.0
2023-05-08 15:30:00-04:00,1.9800000190734863,1.9800000190734863,1.9600000381469727,1.9600000381469727,9013,0.0,0.0
2023-05-09 09:30:00-04:00,1.9428999423980713,1.9428999423980713,1.9428999423980713,1.9428999423980713,193,0.0,0.0
2023-05-09 10:30:00-04:00,1.9199999570846558,1.934999942779541,1.8899999856948853,1.8899999856948853,11280,0.0,0.0
2023-05-09 11:30:00-04:00,1.8914999961853027,1.899999976158142,1.8899999856948853,1.8899999856948853,5967,0.0,0.0
2023-05-09 12:30:00-04:00,1.899999976158142,1.899999976158142,1.899999976158142,1.899999976158142,2828,0.0,0.0
2023-05-09 13:30:00-04:00,1.909999966621399,1.909999966621399,1.899999976158142,1.899999976158142,1272,0.0,0.0
2023-05-09 14:30:00-04:00,1.9210000038146973,1.9600000381469727,1.9210000038146973,1.9500000476837158,3637,0.0,0.0
2023-05-09 15:30:00-04:00,1.9500000476837158,1.9500000476837158,1.9500000476837158,1.9500000476837158,658,0.0,0.0
2023-05-10 09:30:00-04:00,1.9299999475479126,1.9900000095367432,1.9199999570846558,1.9800000190734863,3033,0.0,0.0
2023-05-10 10:30:00-04:00,1.9800000190734863,1.9883999824523926,1.9800000190734863,1.9800000190734863,1517,0.0,0.0
2023-05-10 11:30:00-04:00,1.989799976348877,2.0,1.9889999628067017,2.0,5512,0.0,0.0
2023-05-10 12:30:00-04:00,2.0151000022888184,2.0399999618530273,2.0,2.0399999618530273,1639,0.0,0.0
2023-05-10 13:30:00-04:00,2.0299999713897705,2.0399999618530273,2.0,2.0399999618530273,4537,0.0,0.0
2023-05-10 14:30:00-04:00,2.049999952316284,2.049999952316284,2.0299999713897705,2.030100107192993,4929,0.0,0.0
2023-05-10 15:30:00-04:00,2.0299999713897705,2.0299999713897705,2.0299999713897705,2.0299999713897705,1431,0.0,0.0
2023-05-11 09:30:00-04:00,2.0,2.0299999713897705,2.0,2.0299999713897705,1232,0.0,0.0
2023-05-11 10:30:00-04:00,2.0399999618530273,2.0399999618530273,2.009999990463257,2.009999990463257,523,0.0,0.0
2023-05-11 11:30:00-04:00,2.009999990463257,2.0199999809265137,2.009999990463257,2.0199999809265137,663,0.0,0.0
2023-05-11 12:30:00-04:00,2.0199999809265137,2.0399999618530273,2.0199999809265137,2.0399999618530273,2940,0.0,0.0
2023-05-11 13:30:00-04:00,2.0299999713897705,2.0399999618530273,2.0299999713897705,2.0299999713897705,588,0.0,0.0
2023-05-11 14:30:00-04:00,2.039900064468384,2.0399999618530273,2.039900064468384,2.0399999618530273,1946,0.0,0.0
2023-05-11 15:30:00-04:00,2.0299999713897705,2.0299999713897705,2.0299999713897705,2.0299999713897705,15374,0.0,0.0
2023-05-12 09:30:00-04:00,2.0,2.0,2.0,2.0,219,0.0,0.0
2023-05-12 12:30:00-04:00,2.0199999809265137,2.0199999809265137,2.009999990463257,2.009999990463257,2281,0.0,0.0
2023-05-12 13:30:00-04:00,2.0199999809265137,2.0299999713897705,2.0100998878479004,2.0172998905181885,3773,0.0,0.0
2023-05-12 14:30:00-04:00,2.0199999809265137,2.0299999713897705,2.009999990463257,2.0299999713897705,490,0.0,0.0
2023-05-12 15:30:00-04:00,2.0199999809265137,2.0299999713897705,2.0116000175476074,2.0290000438690186,598,0.0,0.0
2023-05-15 09:30:00-04:00,2.0199999809265137,2.049999952316284,2.006500005722046,2.049999952316284,5499,0.0,0.0
2023-05-15 10:30:00-04:00,2.057300090789795,2.0699000358581543,2.0399999618530273,2.050800085067749,5211,0.0,0.0
2023-05-15 11:30:00-04:00,2.049999952316284,2.153899908065796,2.049999952316284,2.109999895095825,10450,0.0,0.0
2023-05-15 12:30:00-04:00,2.0999999046325684,2.130000114440918,2.0999999046325684,2.130000114440918,4395,0.0,0.0
2023-05-15 13:30:00-04:00,2.109999895095825,2.140000104904175,2.0999999046325684,2.115000009536743,16303,0.0,0.0
2023-05-15 14:30:00-04:00,2.130000114440918,2.130000114440918,2.0999999046325684,2.101300001144409,5491,0.0,0.0
2023-05-15 15:30:00-04:00,2.0999999046325684,2.109999895095825,2.0999999046325684,2.109999895095825,7698,0.0,0.0
2023-05-16 09:30:00-04:00,2.119999885559082,2.119999885559082,2.0999999046325684,2.0999999046325684,405,0.0,0.0
2023-05-16 10:30:00-04:00,2.105299949645996,2.200000047683716,2.0999999046325684,2.109999895095825,17529,0.0,0.0
2023-05-16 11:30:00-04:00,2.180000066757202,2.2999000549316406,2.180000066757202,2.240000009536743,14565,0.0,0.0
2023-05-16 12:30:00-04:00,2.2200000286102295,2.2699999809265137,2.2100000381469727,2.25,18309,0.0,0.0
2023-05-16 13:30:00-04:00,2.240000009536743,2.2899999618530273,2.2300000190734863,2.2899999618530273,9943,0.0,0.0
2023-05-16 14:30:00-04:00,2.2899999618530273,2.2899999618530273,2.2300000190734863,2.240000009536743,3630,0.0,0.0
2023-05-16 15:30:00-04:00,2.2372000217437744,2.240000009536743,2.2372000217437744,2.240000009536743,0,0.0,0.0
2023-05-17 09:30:00-04:00,2.440000057220459,2.440000057220459,2.2200000286102295,2.240000009536743,8653,0.0,0.0
2023-05-17 10:30:00-04:00,2.269399881362915,2.309999942779541,2.259999990463257,2.2797999382019043,5625,0.0,0.0
2023-05-17 11:30:00-04:00,2.2699999809265137,2.2699999809265137,2.2699999809265137,2.2699999809265137,293,0.0,0.0
2023-05-17 12:30:00-04:00,2.259999990463257,2.2899999618530273,2.259999990463257,2.259999990463257,4118,0.0,0.0
2023-05-17 13:30:00-04:00,2.259999990463257,2.2699999809265137,2.2393999099731445,2.268899917602539,9325,0.0,0.0
2023-05-17 14:30:00-04:00,2.2799999713897705,2.2899999618530273,2.259999990463257,2.2799999713897705,2603,0.0,0.0
2023-05-17 15:30:00-04:00,2.2799999713897705,2.2899999618530273,2.2799999713897705,2.2799999713897705,3223,0.0,0.0
2023-05-18 09:30:00-04:00,2.309999942779541,2.339900016784668,2.309999942779541,2.3299999237060547,0,0.0,0.0
2023-05-18 10:30:00-04:00,2.3299999237060547,2.4999001026153564,2.3299999237060547,2.4999001026153564,12865,0.0,0.0
2023-05-18 11:30:00-04:00,2.4600000381469727,2.4600000381469727,2.370800018310547,2.370800018310547,5166,0.0,0.0
2023-05-18 12:30:00-04:00,2.390000104904175,2.390000104904175,2.359999895095825,2.359999895095825,907,0.0,0.0
2023-05-18 14:30:00-04:00,2.380000114440918,2.4200000762939453,2.380000114440918,2.4200000762939453,2514,0.0,0.0
2023-05-18 15:30:00-04:00,2.3949999809265137,2.4100000858306885,2.388000011444092,2.4100000858306885,0,0.0,0.0
2023-05-19 09:30:00-04:00,2.4100000858306885,2.4100000858306885,2.4100000858306885,2.4100000858306885,547,0.0,0.0
2023-05-19 10:30:00-04:00,2.359999895095825,2.380000114440918,2.359999895095825,2.363100051879883,2034,0.0,0.0
2023-05-19 11:30:00-04:00,2.359999895095825,2.359999895095825,2.3299999237060547,2.3303000926971436,4049,0.0,0.0
2023-05-19 12:30:00-04:00,2.3399999141693115,2.3499999046325684,2.3301000595092773,2.3301000595092773,1775,0.0,0.0
2023-05-19 13:30:00-04:00,2.3399999141693115,2.359999895095825,2.3301000595092773,2.3450000286102295,4356,0.0,0.0
2023-05-19 15:30:00-04:00,2.339900016784668,2.3399999141693115,2.299999952316284,2.319999933242798,20216,0.0,0.0
2023-05-22 09:30:00-04:00,2.319999933242798,2.3299999237060547,2.2799999713897705,2.2799999713897705,7210,0.0,0.0
2023-05-22 10:30:00-04:00,2.2950000762939453,2.2950000762939453,2.282399892807007,2.282399892807007,1650,0.0,0.0
2023-05-22 11:30:00-04:00,2.299999952316284,2.299999952316284,2.2799999713897705,2.2799999713897705,541,0.0,0.0
2023-05-22 12:30:00-04:00,2.2699999809265137,2.2899999618530273,2.2699999809265137,2.2899999618530273,2512,0.0,0.0
2023-05-22 13:30:00-04:00,2.299999952316284,2.319000005722046,2.299999952316284,2.299999952316284,2688,0.0,0.0
2023-05-22 14:30:00-04:00,2.305799961090088,2.317699909210205,2.305799961090088,2.317699909210205,2606,0.0,0.0
2023-05-22 15:30:00-04:00,2.299999952316284,2.309999942779541,2.2699999809265137,2.2699999809265137,2999,0.0,0.0
2023-05-23 09:30:00-04:00,2.2699999809265137,2.3879001140594482,2.2699999809265137,2.309999942779541,8922,0.0,0.0
2023-05-23 10:30:00-04:00,2.309999942779541,2.3450000286102295,2.2799999713897705,2.2899999618530273,1764,0.0,0.0
2023-05-23 12:30:00-04:00,2.2701001167297363,2.2899999618530273,2.2701001167297363,2.2899999618530273,1244,0.0,0.0
2023-05-23 13:30:00-04:00,2.3299999237060547,2.3299999237060547,2.299999952316284,2.3118999004364014,839,0.0,0.0
2023-05-23 14:30:00-04:00,2.309999942779541,2.319999933242798,2.309999942779541,2.319999933242798,1000,0.0,0.0
2023-05-23 15:30:00-04:00,2.319999933242798,2.3299999237060547,2.309999942779541,2.309999942779541,0,0.0,0.0
2023-05-24 09:30:00-04:00,2.4000000953674316,2.4000000953674316,2.259999990463257,2.366300106048584,5023,0.0,0.0
2023-05-24 10:30:00-04:00,2.2983999252319336,2.299999952316284,2.2899999618530273,2.2936999797821045,1501,0.0,0.0
2023-05-24 11:30:00-04:00,2.299999952316284,2.299999952316284,2.299999952316284,2.299999952316284,150,0.0,0.0
2023-05-24 12:30:00-04:00,2.3499999046325684,2.3499999046325684,2.3499999046325684,2.3499999046325684,143,0.0,0.0
2023-05-24 13:30:00-04:00,2.319999933242798,2.3399999141693115,2.309999942779541,2.309999942779541,1368,0.0,0.0
2023-05-24 14:30:00-04:00,2.3399999141693115,2.359999895095825,2.3399999141693115,2.3499999046325684,878,0.0,0.0
2023-05-24 15:30:00-04:00,2.3499999046325684,2.3499999046325684,2.3355000019073486,2.3499999046325684,908,0.0,0.0
2023-05-25 09:30:00-04:00,2.369999885559082,2.3924999237060547,2.307499885559082,2.319999933242798,0,0.0,0.0
2023-05-25 10:30:00-04:00,2.259999990463257,2.3399999141693115,2.259999990463257,2.3399999141693115,7467,0.0,0.0
2023-05-25 11:30:00-04:00,2.299999952316284,2.299999952316284,2.259500026702881,2.259500026702881,1037,0.0,0.0
2023-05-25 13:30:00-04:00,2.319999933242798,2.319999933242798,2.2899999618530273,2.2899999618530273,1297,0.0,0.0
2023-05-25 14:30:00-04:00,2.299999952316284,2.299999952316284,2.2701001167297363,2.2899999618530273,1433,0.0,0.0
2023-05-26 09:30:00-04:00,2.25,2.3299999237060547,2.240000009536743,2.299999952316284,3702,0.0,0.0
2023-05-26 10:30:00-04:00,2.2899999618530273,2.299999952316284,2.259999990463257,2.259999990463257,2386,0.0,0.0
2023-05-26 11:30:00-04:00,2.2799999713897705,2.2950000762939453,2.2799999713897705,2.2799999713897705,449,0.0,0.0
2023-05-26 13:30:00-04:00,2.2899999618530273,2.299999952316284,2.2899999618530273,2.2899999618530273,1435,0.0,0.0
2023-05-26 14:30:00-04:00,2.2899999618530273,2.299299955368042,2.2899999618530273,2.299299955368042,244,0.0,0.0
2023-05-26 15:30:00-04:00,2.2899999618530273,2.2899999618530273,2.2899999618530273,2.2899999618530273,309,0.0,0.0
2023-05-30 09:30:00-04:00,2.309999942779541,2.309999942779541,2.2899999618530273,2.3089001178741455,4495,0.0,0.0
2023-05-30 10:30:00-04:00,2.309999942779541,2.3299999237060547,2.3069000244140625,2.3299999237060547,1194,0.0,0.0
2023-05-30 11:30:00-04:00,2.3299999237060547,2.3299999237060547,2.3299999237060547,2.3299999237060547,260,0.0,0.0
2023-05-30 12:30:00-04:00,2.3536999225616455,2.390000104904175,2.3299999237060547,2.380000114440918,3004,0.0,0.0
2023-05-30 13:30:00-04:00,2.3657000064849854,2.3657000064849854,2.3299999237060547,2.359999895095825,3522,0.0,0.0
2023-05-30 14:30:00-04:00,2.384999990463257,2.384999990463257,2.369999885559082,2.369999885559082,1192,0.0,0.0
2023-05-30 15:30:00-04:00,2.390000104904175,2.4000000953674316,2.369999885559082,2.369999885559082,0,0.0,0.0
2023-05-31 09:30:00-04:00,2.3973000049591064,2.4100000858306885,2.369999885559082,2.4000000953674316,5048,0.0,0.0
2023-05-31 10:30:00-04:00,2.359999895095825,2.369999885559082,2.309999942779541,2.309999942779541,3816,0.0,0.0
2023-05-31 11:30:00-04:00,2.319999933242798,2.319999933242798,2.311800003051758,2.319999933242798,1315,0.0,0.0
2023-05-31 12:30:00-04:00,2.2504000663757324,2.299999952316284,2.2504000663757324,2.299999952316284,1167,0.0,0.0
2023-05-31 13:30:00-04:00,2.2899999618530273,2.2899999618530273,2.25,2.25,3922,0.0,0.0
2023-05-31 14:30:00-04:00,2.2899999618530273,2.2899999618530273,2.2899999618530273,2.2899999618530273,467,0.0,0.0
2023-05-31 15:30:00-04:00,2.319999933242798,2.319999933242798,2.319999933242798,2.319999933242798,295,0.0,0.0
2023-06-01 09:30:00-04:00,2.3399999141693115,2.390000104904175,2.2699999809265137,2.380000114440918,4649,0.0,0.0
2023-06-01 10:30:00-04:00,2.3499999046325684,2.369999885559082,2.299999952316284,2.299999952316284,2940,0.0,0.0
2023-06-01 11:30:00-04:00,2.313999891281128,2.313999891281128,2.300100088119507,2.3125,491,0.0,0.0
2023-06-01 12:30:00-04:00,2.3399999141693115,2.3399999141693115,2.319999933242798,2.325000047683716,2067,0.0,0.0
2023-06-01 13:30:00-04:00,2.319999933242798,2.319999933242798,2.299999952316284,2.299999952316284,2730,0.0,0.0
2023-06-01 14:30:00-04:00,2.299999952316284,2.299999952316284,2.2699999809265137,2.2699999809265137,1022,0.0,0.0
2023-06-01 15:30:00-04:00,2.25,2.25,2.2200000286102295,2.240000009536743,6130,0.0,0.0
2023-06-02 09:30:00-04:00,2.2300000190734863,2.2899999618530273,2.225399971008301,2.26200008392334,6617,0.0,0.0
2023-06-02 10:30:00-04:00,2.2699999809265137,2.2699999809265137,2.2453999519348145,2.25,3323,0.0,0.0
2023-06-02 11:30:00-04:00,2.25,2.2599000930786133,2.25,2.251499891281128,4654,0.0,0.0
2023-06-02 12:30:00-04:00,2.255000114440918,2.255000114440918,2.240000009536743,2.240000009536743,8073,0.0,0.0
2023-06-02 13:30:00-04:00,2.240000009536743,2.240000009536743,2.2200000286102295,2.2200000286102295,12836,0.0,0.0
2023-06-02 14:30:00-04:00,2.2119998931884766,2.2249999046325684,2.200000047683716,2.200000047683716,4022,0.0,0.0
2023-06-02 15:30:00-04:00,2.2100000381469727,2.2200000286102295,2.2100000381469727,2.2100000381469727,2013,0.0,0.0
2023-06-05 09:30:00-04:00,2.200000047683716,2.210099935531616,2.118299961090088,2.118299961090088,10397,0.0,0.0
2023-06-05 10:30:00-04:00,2.130500078201294,2.1500000953674316,2.109999895095825,2.125,6487,0.0,0.0
2023-06-05 11:30:00-04:00,2.1201000213623047,2.126300096511841,2.1201000213623047,2.1201999187469482,1327,0.0,0.0
2023-06-05 12:30:00-04:00,2.1600000858306885,2.1600000858306885,2.1110000610351562,2.1110000610351562,1601,0.0,0.0
2023-06-05 13:30:00-04:00,2.1178998947143555,2.125,2.109999895095825,2.125,2850,0.0,0.0
2023-06-05 14:30:00-04:00,2.109999895095825,2.130000114440918,2.029599905014038,2.100100040435791,7982,0.0,0.0
2023-06-05 15:30:00-04:00,2.119999885559082,2.119999885559082,2.109999895095825,2.109999895095825,0,0.0,0.0
2023-06-06 09:30:00-04:00,2.1500000953674316,2.190000057220459,2.1500000953674316,2.190000057220459,6152,0.0,0.0
2023-06-06 10:30:00-04:00,2.2300000190734863,2.2300000190734863,2.1500000953674316,2.1600000858306885,23889,0.0,0.0
2023-06-06 11:30:00-04:00,2.1500000953674316,2.200000047683716,2.1500000953674316,2.200000047683716,794,0.0,0.0
2023-06-06 12:30:00-04:00,2.1833999156951904,2.1833999156951904,2.1833999156951904,2.1833999156951904,261,0.0,0.0
2023-06-06 13:30:00-04:00,2.200000047683716,2.2200000286102295,2.1700000762939453,2.2100000381469727,1065,0.0,0.0
2023-06-06 14:30:00-04:00,2.176500082015991,2.2300000190734863,2.176500082015991,2.2200000286102295,3404,0.0,0.0
2023-06-06 15:30:00-04:00,2.2200000286102295,2.2200000286102295,2.187999963760376,2.2100000381469727,1235,0.0,0.0
2023-06-07 09:30:00-04:00,2.2799999713897705,2.2799999713897705,2.180000066757202,2.180000066757202,2846,0.0,0.0
2023-06-07 10:30:00-04:00,2.2200000286102295,2.2899999618530273,2.2100000381469727,2.223099946975708,4018,0.0,0.0
2023-06-07 11:30:00-04:00,2.2100000381469727,2.2100000381469727,2.1851000785827637,2.1851000785827637,1170,0.0,0.0
2023-06-07 12:30:00-04:00,2.1760001182556152,2.2100000381469727,2.1700000762939453,2.2100000381469727,1329,0.0,0.0
2023-06-07 13:30:00-04:00,2.218600034713745,2.218600034713745,2.218600034713745,2.218600034713745,338,0.0,0.0
2023-06-07 14:30:00-04:00,2.2204999923706055,2.2204999923706055,2.190000057220459,2.200000047683716,1198,0.0,0.0
2023-06-07 15:30:00-04:00,2.190000057220459,2.227099895477295,2.190000057220459,2.190000057220459,9377,0.0,0.0
2023-06-08 09:30:00-04:00,2.180000066757202,2.180000066757202,2.180000066757202,2.180000066757202,406,0.0,0.0
2023-06-08 10:30:00-04:00,2.174999952316284,2.174999952316284,2.1700000762939453,2.1700000762939453,726,0.0,0.0
2023-06-08 11:30:00-04:00,2.1707000732421875,2.180000066757202,2.130000114440918,2.1600000858306885,5718,0.0,0.0
2023-06-08 12:30:00-04:00,2.1500000953674316,2.1700000762939453,2.130000114440918,2.130000114440918,3691,0.0,0.0
2023-06-08 13:30:00-04:00,2.121500015258789,2.121500015258789,2.120300054550171,2.120300054550171,1288,0.0,0.0
2023-06-08 14:30:00-04:00,2.134999990463257,2.140000104904175,2.069999933242798,2.140000104904175,6164,0.0,0.0
2023-06-08 15:30:00-04:00,2.0999999046325684,2.0999999046325684,2.0999999046325684,2.0999999046325684,0,0.0,0.0
2023-06-09 09:30:00-04:00,2.140000104904175,2.140000104904175,2.0201001167297363,2.126699924468994,3243,0.0,0.0
2023-06-09 10:30:00-04:00,2.140000104904175,2.140000104904175,2.140000104904175,2.140000104904175,198,0.0,0.0
2023-06-09 11:30:00-04:00,2.0999999046325684,2.100100040435791,2.0601000785827637,2.0601000785827637,1368,0.0,0.0
2023-06-09 12:30:00-04:00,2.075000047683716,2.085400104522705,2.075000047683716,2.075000047683716,434,0.0,0.0
2023-06-09 13:30:00-04:00,2.075000047683716,2.0922999382019043,2.0299999713897705,2.0459001064300537,6994,0.0,0.0
2023-06-09 14:30:00-04:00,2.059999942779541,2.0899999141693115,2.059999942779541,2.0899999141693115,456,0.0,0.0
2023-06-09 15:30:00-04:00,2.0899999141693115,2.0899999141693115,2.0899999141693115,2.0899999141693115,149,0.0,0.0
2023-06-12 09:30:00-04:00,2.0399999618530273,2.0399999618530273,1.9199999570846558,2.0299999713897705,20417,0.0,0.0
2023-06-12 10:30:00-04:00,2.0199999809265137,2.099299907684326,2.0199999809265137,2.0799999237060547,3895,0.0,0.0
2023-06-12 11:30:00-04:00,2.1289000511169434,2.130000114440918,2.0850000381469727,2.1089999675750732,2312,0.0,0.0
2023-06-12 12:30:00-04:00,2.0899999141693115,2.1098999977111816,2.069999933242798,2.069999933242798,4948,0.0,0.0
2023-06-12 13:30:00-04:00,2.0850000381469727,2.119999885559082,2.049999952316284,2.11299991607666,5818,0.0,0.0
2023-06-12 14:30:00-04:00,2.117300033569336,2.2197999954223633,2.0799999237060547,2.1649999618530273,12820,0.0,0.0
2023-06-12 15:30:00-04:00,2.1679000854492188,2.249000072479248,2.1600000858306885,2.1600000858306885,9775,0.0,0.0
2023-06-13 09:30:00-04:00,2.1700000762939453,2.2913999557495117,1.99399995803833,2.0,50460,0.0,0.0
2023-06-13 10:30:00-04:00,2.009999990463257,2.113800048828125,2.0,2.075000047683716,15385,0.0,0.0
2023-06-13 11:30:00-04:00,2.109999895095825,2.130000114440918,2.08489990234375,2.130000114440918,1597,0.0,0.0
2023-06-13 12:30:00-04:00,2.119999885559082,2.119999885559082,2.0801000595092773,2.0999999046325684,12378,0.0,0.0
2023-06-13 13:30:00-04:00,2.0899999141693115,2.130000114440918,2.0799999237060547,2.119999885559082,17524,0.0,0.0
2023-06-13 14:30:00-04:00,2.1036999225616455,2.140000104904175,2.100100040435791,2.130000114440918,2316,0.0,0.0
2023-06-13 15:30:00-04:00,2.130000114440918,2.130000114440918,2.0999999046325684,2.0999999046325684,1747,0.0,0.0
2023-06-14 09:30:00-04:00,2.119999885559082,2.119999885559082,2.049999952316284,2.049999952316284,4774,0.0,0.0
2023-06-14 10:30:00-04:00,2.049999952316284,2.049999952316284,2.0299999713897705,2.049999952316284,10143,0.0,0.0
2023-06-14 11:30:00-04:00,2.049999952316284,2.0899999141693115,2.0499000549316406,2.0539000034332275,5012,0.0,0.0
2023-06-14 12:30:00-04:00,2.0899999141693115,2.0899999141693115,2.065500020980835,2.065500020980835,3939,0.0,0.0
2023-06-14 13:30:00-04:00,2.059999942779541,2.059999942779541,2.009999990463257,2.009999990463257,9984,0.0,0.0
2023-06-14 14:30:00-04:00,2.009999990463257,2.059999942779541,2.009999990463257,2.0399999618530273,6338,0.0,0.0
2023-06-14 15:30:00-04:00,2.0299999713897705,2.0399999618530273,2.0199999809265137,2.0199999809265137,3326,0.0,0.0
2023-06-15 09:30:00-04:00,1.9800000190734863,2.0,1.9700000286102295,2.0,0,0.0,0.0
2023-06-15 10:30:00-04:00,2.0,2.0,1.9900000095367432,1.9950000047683716,2655,0.0,0.0
2023-06-15 11:30:00-04:00,1.9987000226974487,2.0227999687194824,1.9987000226974487,2.009999990463257,9500,0.0,0.0
2023-06-15 12:30:00-04:00,2.0399999618530273,2.059999942779541,2.0299999713897705,2.0299999713897705,6184,0.0,0.0
2023-06-15 13:30:00-04:00,2.0201001167297363,2.0299999713897705,2.0199999809265137,2.029900074005127,11703,0.0,0.0
2023-06-15 14:30:00-04:00,2.0292999744415283,2.049999952316284,2.0199999809265137,2.048799991607666,5422,0.0,0.0
2023-06-15 15:30:00-04:00,2.049999952316284,2.049999952316284,2.0399999618530273,2.049999952316284,1032,0.0,0.0
2023-06-16 09:30:00-04:00,1.9807000160217285,2.0399999618530273,1.9500000476837158,2.033799886703491,11391,0.0,0.0
2023-06-16 10:30:00-04:00,2.009999990463257,2.049999952316284,2.009999990463257,2.0299999713897705,18935,0.0,0.0
2023-06-16 11:30:00-04:00,2.002000093460083,2.0299999713897705,2.0,2.0299999713897705,1536,0.0,0.0
2023-06-16 12:30:00-04:00,2.023099899291992,2.0399999618530273,2.00570011138916,2.0399999618530273,874,0.0,0.0
2023-06-16 13:30:00-04:00,2.0399999618530273,2.049999952316284,2.012700080871582,2.049999952316284,1181,0.0,0.0
2023-06-16 14:30:00-04:00,2.0299999713897705,2.049999952316284,2.003000020980835,2.0399999618530273,4332,0.0,0.0
2023-06-16 15:30:00-04:00,2.0399999618530273,2.0399999618530273,2.009999990463257,2.0299999713897705,6403,0.0,0.0
2023-06-20 09:30:00-04:00,2.059999942779541,2.240000009536743,2.059999942779541,2.1538000106811523,41366,0.0,0.0
2023-06-20 10:30:00-04:00,2.1600000858306885,2.1600000858306885,2.109999895095825,2.140000104904175,15692,0.0,0.0
2023-06-20 11:30:00-04:00,2.1473000049591064,2.1473000049591064,2.1473000049591064,2.1473000049591064,1121,0.0,0.0
2023-06-20 12:30:00-04:00,2.1500000953674316,2.1500000953674316,2.119999885559082,2.1386001110076904,3173,0.0,0.0
2023-06-20 13:30:00-04:00,2.130000114440918,2.1700000762939453,2.130000114440918,2.1700000762939453,1079,0.0,0.0
2023-06-20 14:30:00-04:00,2.180000066757202,2.180000066757202,2.1549999713897705,2.180000066757202,1954,0.0,0.0
2023-06-20 15:30:00-04:00,2.1751999855041504,2.180000066757202,2.119999885559082,2.180000066757202,3100,0.0,0.0
2023-06-21 09:30:00-04:00,2.180000066757202,2.200000047683716,2.135999917984009,2.1600000858306885,10467,0.0,0.0
2023-06-21 10:30:00-04:00,2.184799909591675,2.184799909591675,2.180000066757202,2.180000066757202,860,0.0,0.0
2023-06-21 11:30:00-04:00,2.1700000762939453,2.200000047683716,2.1700000762939453,2.200000047683716,5405,0.0,0.0
2023-06-21 12:30:00-04:00,2.2300000190734863,2.25,2.200000047683716,2.240000009536743,5643,0.0,0.0
2023-06-21 13:30:00-04:00,2.2799999713897705,2.2799999713897705,2.2316999435424805,2.2316999435424805,2315,0.0,0.0
2023-06-21 14:30:00-04:00,2.25,2.25,2.25,2.25,679,0.0,0.0
2023-06-21 15:30:00-04:00,2.25,2.2899999618530273,2.25,2.2899999618530273,8127,0.0,0.0
2023-06-22 09:30:00-04:00,2.390000104904175,2.390000104904175,2.150099992752075,2.3698999881744385,18118,0.0,0.0
2023-06-22 10:30:00-04:00,2.3499999046325684,2.3499999046325684,2.234100103378296,2.234100103378296,958,0.0,0.0
2023-06-22 11:30:00-04:00,2.2100000381469727,2.3299999237060547,2.20169997215271,2.3299999237060547,3053,0.0,0.0
2023-06-22 12:30:00-04:00,2.2100000381469727,2.3399999141693115,2.200000047683716,2.3399999141693115,5484,0.0,0.0
2023-06-22 13:30:00-04:00,2.2160000801086426,2.3111000061035156,2.2100000381469727,2.220400094985962,4848,0.0,0.0
2023-06-22 14:30:00-04:00,2.299999952316284,2.299999952316284,2.25,2.25,576,0.0,0.0
2023-06-22 15:30:00-04:00,2.2899999618530273,2.2899999618530273,2.2799999713897705,2.2899999618530273,0,0.0,0.0
2023-06-23 09:30:00-04:00,2.299999952316284,2.299999952316284,2.192199945449829,2.192199945449829,10646,0.0,0.0
2023-06-23 10:30:00-04:00,2.1470000743865967,2.1700000762939453,2.0799999237060547,2.130000114440918,57266,0.0,0.0
2023-06-23 11:30:00-04:00,2.119999885559082,2.1600000858306885,2.0799999237060547,2.15939998626709,11822,0.0,0.0
2023-06-23 12:30:00-04:00,2.184999942779541,2.184999942779541,2.184999942779541,2.184999942779541,422,0.0,0.0
2023-06-23 13:30:00-04:00,2.1946001052856445,2.2300000190734863,2.180000066757202,2.1900999546051025,9253,0.0,0.0
2023-06-23 14:30:00-04:00,2.2799999713897705,2.2799999713897705,2.1895999908447266,2.2049999237060547,1489,0.0,0.0
2023-06-23 15:30:00-04:00,2.2200000286102295,2.2200000286102295,2.059999942779541,2.0999999046325684,29350,0.0,0.0
2023-06-26 09:30:00-04:00,2.049999952316284,2.071500062942505,2.049999952316284,2.059999942779541,0,0.0,0.0
2023-06-26 10:30:00-04:00,2.1600000858306885,2.190000057220459,2.0975000858306885,2.100100040435791,12366,0.0,0.0
2023-06-26 12:30:00-04:00,2.1043999195098877,2.1043999195098877,2.1043999195098877,2.1043999195098877,434,0.0,0.0
2023-06-26 13:30:00-04:00,2.130000114440918,2.130000114440918,2.125,2.125,1667,0.0,0.0
2023-06-26 15:30:00-04:00,2.119999885559082,2.119999885559082,2.0999999046325684,2.0999999046325684,1244,0.0,0.0
2023-06-27 09:30:00-04:00,2.0999999046325684,2.119999885559082,2.0850000381469727,2.0850000381469727,11805,0.0,0.0
2023-06-27 10:30:00-04:00,2.0799999237060547,2.0799999237060547,2.059999942779541,2.059999942779541,2072,0.0,0.0
2023-06-27 11:30:00-04:00,2.059999942779541,2.06850004196167,2.059999942779541,2.06850004196167,2299,0.0,0.0
2023-06-27 12:30:00-04:00,2.069999933242798,2.075000047683716,2.069999933242798,2.075000047683716,440,0.0,0.0
2023-06-27 14:30:00-04:00,2.059999942779541,2.059999942779541,2.059999942779541,2.059999942779541,547,0.0,0.0
2023-06-27 15:30:00-04:00,2.069999933242798,2.069999933242798,2.049999952316284,2.049999952316284,0,0.0,0.0
2023-06-28 09:30:00-04:00,2.0899999141693115,2.0954999923706055,2.0899999141693115,2.0899999141693115,1285,0.0,0.0
2023-06-28 10:30:00-04:00,2.049999952316284,2.180000066757202,2.049999952316284,2.109999895095825,14794,0.0,0.0
2023-06-28 11:30:00-04:00,2.130000114440918,2.130000114440918,2.119999885559082,2.119999885559082,206,0.0,0.0
2023-06-28 12:30:00-04:00,2.119999885559082,2.119999885559082,2.0999999046325684,2.0999999046325684,681,0.0,0.0
2023-06-28 13:30:00-04:00,2.0671000480651855,2.119999885559082,2.0671000480651855,2.119999885559082,2658,0.0,0.0
2023-06-28 14:30:00-04:00,2.130000114440918,2.130000114440918,2.0899999141693115,2.119999885559082,1584,0.0,0.0
2023-06-28 15:30:00-04:00,2.102299928665161,2.119999885559082,2.102299928665161,2.119999885559082,815,0.0,0.0
2023-06-29 09:30:00-04:00,2.0999999046325684,2.130000114440918,2.0999999046325684,2.130000114440918,607,0.0,0.0
2023-06-29 10:30:00-04:00,2.0999999046325684,2.140000104904175,2.0999999046325684,2.140000104904175,2275,0.0,0.0
2023-06-29 11:30:00-04:00,2.119999885559082,2.140000104904175,2.119999885559082,2.139699935913086,1460,0.0,0.0
2023-06-29 12:30:00-04:00,2.130000114440918,2.1500000953674316,2.130000114440918,2.1500000953674316,1341,0.0,0.0
2023-06-29 13:30:00-04:00,2.187999963760376,2.187999963760376,2.1863999366760254,2.1863999366760254,410,0.0,0.0
2023-06-29 14:30:00-04:00,2.2300000190734863,2.25,2.180000066757202,2.2300000190734863,25647,0.0,0.0
2023-06-29 15:30:00-04:00,2.2219998836517334,2.259999990463257,2.2219998836517334,2.25,1811,0.0,0.0
2023-06-30 09:30:00-04:00,2.2300000190734863,2.259999990463257,2.180000066757202,2.259999990463257,1603,0.0,0.0
2023-06-30 10:30:00-04:00,2.2035999298095703,2.240000009536743,2.2035999298095703,2.2200000286102295,2173,0.0,0.0
2023-06-30 11:30:00-04:00,2.2300000190734863,2.2300000190734863,2.2300000190734863,2.2300000190734863,600,0.0,0.0
2023-06-30 12:30:00-04:00,2.2300000190734863,2.2300000190734863,2.2200000286102295,2.2200000286102295,706,0.0,0.0
2023-06-30 13:30:00-04:00,2.2200000286102295,2.267899990081787,2.2200000286102295,2.25,1232,0.0,0.0
2023-06-30 14:30:00-04:00,2.25,2.25,2.2200000286102295,2.2227001190185547,2433,0.0,0.0
2023-06-30 15:30:00-04:00,2.234999895095825,2.240000009536743,2.2200000286102295,2.2200000286102295,3383,0.0,0.0
2023-07-03 09:30:00-04:00,2.3399999141693115,2.3399999141693115,2.1619999408721924,2.171999931335449,8677,0.0,0.0
2023-07-03 10:30:00-04:00,2.259999990463257,2.259999990463257,2.25,2.25,413,0.0,0.0
2023-07-03 11:30:00-04:00,2.25,2.309999942779541,2.25,2.251499891281128,1489,0.0,0.0
2023-07-03 12:30:00-04:00,2.279599905014038,2.309999942779541,2.259999990463257,2.259999990463257,1111,0.0,0.0
2023-07-05 09:30:00-04:00,2.259999990463257,2.309999942779541,2.259999990463257,2.309999942779541,1189,0.0,0.0
2023-07-05 10:30:00-04:00,2.309999942779541,2.3194000720977783,2.2632999420166016,2.2799999713897705,2489,0.0,0.0
2023-07-05 11:30:00-04:00,2.299999952316284,2.299999952316284,2.2799999713897705,2.2799999713897705,1049,0.0,0.0
2023-07-05 12:30:00-04:00,2.259999990463257,2.2799999713897705,2.259999990463257,2.2699999809265137,3801,0.0,0.0
2023-07-05 13:30:00-04:00,2.2699999809265137,2.2899999618530273,2.2699999809265137,2.2750000953674316,2506,0.0,0.0
2023-07-05 14:30:00-04:00,2.259999990463257,2.277899980545044,2.259999990463257,2.277899980545044,1643,0.0,0.0
2023-07-05 15:30:00-04:00,2.259999990463257,2.319999933242798,2.259999990463257,2.319999933242798,3105,0.0,0.0
2023-07-06 09:30:00-04:00,2.319999933242798,2.319999933242798,2.25,2.25,0,0.0,0.0
2023-07-06 10:30:00-04:00,2.2899999618530273,2.2899999618530273,2.2300000190734863,2.259999990463257,5411,0.0,0.0
2023-07-06 11:30:00-04:00,2.259999990463257,2.2672998905181885,2.259999990463257,2.2672998905181885,552,0.0,0.0
2023-07-06 14:30:00-04:00,2.25,2.25,2.25,2.25,245,0.0,0.0
2023-07-06 15:30:00-04:00,2.2300000190734863,2.25,2.2300000190734863,2.2300000190734863,786,0.0,0.0
2023-07-07 09:30:00-04:00,2.25,2.25,2.200000047683716,2.200000047683716,530,0.0,0.0
2023-07-07 10:30:00-04:00,2.240000009536743,2.240000009536743,2.240000009536743,2.240000009536743,224,0.0,0.0
2023-07-07 11:30:00-04:00,2.2499001026153564,2.2499001026153564,2.2499001026153564,2.2499001026153564,750,0.0,0.0
2023-07-07 12:30:00-04:00,2.25,2.25,2.240000009536743,2.240000009536743,2326,0.0,0.0
2023-07-07 13:30:00-04:00,2.2699999809265137,2.2699999809265137,2.255000114440918,2.255000114440918,485,0.0,0.0
2023-07-07 14:30:00-04:00,2.259999990463257,2.2699999809265137,2.259999990463257,2.2699999809265137,866,0.0,0.0
2023-07-07 15:30:00-04:00,2.25,2.299999952316284,2.200000047683716,2.2999000549316406,7393,0.0,0.0
2023-07-10 09:30:00-04:00,2.299999952316284,2.306999921798706,2.299999952316284,2.306999921798706,1022,0.0,0.0
2023-07-10 10:30:00-04:00,2.309999942779541,2.309999942779541,2.309999942779541,2.309999942779541,415,0.0,0.0
2023-07-10 11:30:00-04:00,2.3013999462127686,2.309999942779541,2.300100088119507,2.302999973297119,1640,0.0,0.0
2023-07-10 13:30:00-04:00,2.299999952316284,2.299999952316284,2.2799999713897705,2.2799999713897705,2781,0.0,0.0
2023-07-10 14:30:00-04:00,2.299999952316284,2.299999952316284,2.269200086593628,2.269200086593628,393,0.0,0.0
2023-07-10 15:30:00-04:00,2.2899999618530273,2.2899999618530273,2.25,2.25,531,0.0,0.0
2023-07-11 09:30:00-04:00,2.2899999618530273,2.2899999618530273,2.2300000190734863,2.252000093460083,4044,0.0,0.0
2023-07-11 10:30:00-04:00,2.259999990463257,2.2899999618530273,2.25,2.25819993019104,6633,0.0,0.0
2023-07-11 11:30:00-04:00,2.319999933242798,2.319999933242798,2.2500998973846436,2.2899999618530273,7805,0.0,0.0
2023-07-11 12:30:00-04:00,2.259999990463257,2.3299999237060547,2.259999990463257,2.3299999237060547,321,0.0,0.0
2023-07-11 13:30:00-04:00,2.3118999004364014,2.3199000358581543,2.309999942779541,2.309999942779541,696,0.0,0.0
2023-07-11 14:30:00-04:00,2.3299999237060547,2.3299999237060547,2.299999952316284,2.3152999877929688,4612,0.0,0.0
2023-07-11 15:30:00-04:00,2.319999933242798,2.3299999237060547,2.319999933242798,2.3299999237060547,794,0.0,0.0
2023-07-12 09:30:00-04:00,2.3438000679016113,2.3499999046325684,2.3101000785827637,2.316200017929077,4398,0.0,0.0
2023-07-12 10:30:00-04:00,2.319999933242798,2.3499999046325684,2.319999933242798,2.3499999046325684,322,0.0,0.0
2023-07-12 11:30:00-04:00,2.3350000381469727,2.3350000381469727,2.319999933242798,2.319999933242798,879,0.0,0.0
2023-07-12 12:30:00-04:00,2.319999933242798,2.319999933242798,2.309999942779541,2.309999942779541,1024,0.0,0.0
2023-07-12 13:30:00-04:00,2.3190999031066895,2.3299999237060547,2.309999942779541,2.3299999237060547,2267,0.0,0.0
2023-07-12 14:30:00-04:00,2.309999942779541,2.309999942779541,2.309999942779541,2.309999942779541,1308,0.0,0.0
2023-07-12 15:30:00-04:00,2.299999952316284,2.299999952316284,2.240000009536743,2.2699999809265137,0,0.0,0.0
2023-07-13 09:30:00-04:00,2.259999990463257,2.3250999450683594,2.259999990463257,2.2699999809265137,2641,0.0,0.0
2023-07-13 10:30:00-04:00,2.319999933242798,2.3299999237060547,2.2950000762939453,2.3299999237060547,2780,0.0,0.0
2023-07-13 11:30:00-04:00,2.322000026702881,2.322000026702881,2.190000057220459,2.190000057220459,9319,0.0,0.0
2023-07-13 12:30:00-04:00,2.181999921798706,2.2300000190734863,2.181999921798706,2.2172999382019043,3570,0.0,0.0
2023-07-13 13:30:00-04:00,2.3299999237060547,2.3299999237060547,2.299999952316284,2.299999952316284,1103,0.0,0.0
2023-07-13 14:30:00-04:00,2.312299966812134,2.319999933242798,2.2980000972747803,2.319999933242798,728,0.0,0.0
2023-07-13 15:30:00-04:00,2.299999952316284,2.299999952316284,2.299999952316284,2.299999952316284,636,0.0,0.0
2023-07-14 09:30:00-04:00,2.309999942779541,2.309999942779541,2.2699999809265137,2.2699999809265137,4590,0.0,0.0
2023-07-14 10:30:00-04:00,2.2899999618530273,2.2899999618530273,2.2899999618530273,2.2899999618530273,202,0.0,0.0
2023-07-14 12:30:00-04:00,2.2999000549316406,2.2999000549316406,2.25,2.25,1543,0.0,0.0
2023-07-14 13:30:00-04:00,2.25,2.259999990463257,2.240000009536743,2.240000009536743,1994,0.0,0.0
2023-07-14 14:30:00-04:00,2.25,2.25,2.25,2.25,111,0.0,0.0
2023-07-14 15:30:00-04:00,2.234999895095825,2.25,2.234999895095825,2.25,363,0.0,0.0
2023-07-17 09:30:00-04:00,2.255000114440918,2.3299999237060547,2.255000114440918,2.319999933242798,9560,0.0,0.0
2023-07-17 10:30:00-04:00,2.2699999809265137,2.3299999237060547,2.2699999809265137,2.2799999713897705,2952,0.0,0.0
2023-07-17 11:30:00-04:00,2.2899999618530273,2.319999933242798,2.2899999618530273,2.309999942779541,1796,0.0,0.0
2023-07-17 13:30:00-04:00,2.315000057220459,2.315000057220459,2.315000057220459,2.315000057220459,446,0.0,0.0
2023-07-17 14:30:00-04:00,2.319999933242798,2.319999933242798,2.29229998588562,2.2973999977111816,1624,0.0,0.0
2023-07-17 15:30:00-04:00,2.319999933242798,2.319999933242798,2.319999933242798,2.319999933242798,0,0.0,0.0
2023-07-18 09:30:00-04:00,2.3399999141693115,2.353800058364868,2.3299999237060547,2.3450000286102295,1962,0.0,0.0
2023-07-18 10:30:00-04:00,2.341900110244751,2.380000114440918,2.341900110244751,2.380000114440918,16944,0.0,0.0
2023-07-18 11:30:00-04:00,2.351900100708008,2.3629000186920166,2.351900100708008,2.3629000186920166,213,0.0,0.0
2023-07-18 12:30:00-04:00,2.3601999282836914,2.380000114440918,2.341599941253662,2.341599941253662,8828,0.0,0.0
2023-07-18 13:30:00-04:00,2.3459999561309814,2.3459999561309814,2.3299999237060547,2.344899892807007,6927,0.0,0.0
2023-07-18 14:30:00-04:00,2.3499999046325684,2.380000114440918,2.3499999046325684,2.3798999786376953,2073,0.0,0.0
2023-07-18 15:30:00-04:00,2.365000009536743,2.380000114440918,2.3499999046325684,2.380000114440918,5680,0.0,0.0
2023-07-19 09:30:00-04:00,2.380000114440918,2.390000104904175,2.359999895095825,2.360100030899048,5785,0.0,0.0
2023-07-19 10:30:00-04:00,2.3701000213623047,2.380000114440918,2.3499999046325684,2.380000114440918,4404,0.0,0.0
2023-07-19 11:30:00-04:00,2.3399999141693115,2.390000104904175,2.3399999141693115,2.340100049972534,7991,0.0,0.0
2023-07-19 12:30:00-04:00,2.3499999046325684,2.380000114440918,2.340100049972534,2.380000114440918,1460,0.0,0.0
2023-07-19 13:30:00-04:00,2.3399999141693115,2.380000114440918,2.3399999141693115,2.380000114440918,1039,0.0,0.0
2023-07-19 14:30:00-04:00,2.3773000240325928,2.380000114440918,2.3773000240325928,2.380000114440918,475,0.0,0.0
2023-07-19 15:30:00-04:00,2.380000114440918,2.380000114440918,2.380000114440918,2.380000114440918,0,0.0,0.0
2023-07-20 09:30:00-04:00,2.4000000953674316,2.4000000953674316,2.369999885559082,2.369999885559082,1891,0.0,0.0
2023-07-20 10:30:00-04:00,2.369999885559082,2.369999885559082,2.2899999618530273,2.2899999618530273,5150,0.0,0.0
2023-07-20 11:30:00-04:00,2.299999952316284,2.299999952316284,2.299999952316284,2.299999952316284,4529,0.0,0.0
2023-07-20 12:30:00-04:00,2.3048999309539795,2.319999933242798,2.2699999809265137,2.2750000953674316,3208,0.0,0.0
2023-07-20 13:30:00-04:00,2.299999952316284,2.299999952316284,2.2850000858306885,2.2850000858306885,2477,0.0,0.0
2023-07-20 14:30:00-04:00,2.309999942779541,2.309999942779541,2.309999942779541,2.309999942779541,1003,0.0,0.0
2023-07-20 15:30:00-04:00,2.319999933242798,2.3299999237060547,2.290299892425537,2.299999952316284,911,0.0,0.0
2023-07-21 09:30:00-04:00,2.4000000953674316,2.4000000953674316,2.2899999618530273,2.359999895095825,0,0.0,0.0
2023-07-21 10:30:00-04:00,2.359999895095825,2.369999885559082,2.3299999237060547,2.3499999046325684,2981,0.0,0.0
2023-07-21 11:30:00-04:00,2.3399999141693115,2.3399999141693115,2.309999942779541,2.3299999237060547,1297,0.0,0.0
2023-07-21 12:30:00-04:00,2.325000047683716,2.3499999046325684,2.325000047683716,2.3499999046325684,695,0.0,0.0
2023-07-21 13:30:00-04:00,2.3399999141693115,2.3399999141693115,2.2799999713897705,2.3299999237060547,2628,0.0,0.0
2023-07-21 14:30:00-04:00,2.309999942779541,2.3199000358581543,2.2799999713897705,2.3199000358581543,2266,0.0,0.0
2023-07-21 15:30:00-04:00,2.2899999618530273,2.2899999618530273,2.2899999618530273,2.2899999618530273,770,0.0,0.0
2023-07-24 09:30:00-04:00,2.259999990463257,2.319999933242798,2.2311999797821045,2.319999933242798,4164,0.0,0.0
2023-07-24 10:30:00-04:00,2.23009991645813,2.2799999713897705,2.200000047683716,2.200000047683716,17214,0.0,0.0
2023-07-24 11:30:00-04:00,2.2200000286102295,2.2200000286102295,2.2200000286102295,2.2200000286102295,277,0.0,0.0
2023-07-24 12:30:00-04:00,2.2200000286102295,2.2300000190734863,2.2011001110076904,2.2300000190734863,2749,0.0,0.0
2023-07-24 13:30:00-04:00,2.2249999046325684,2.2699999809265137,2.2249999046325684,2.2300000190734863,1204,0.0,0.0
2023-07-24 14:30:00-04:00,2.2320001125335693,2.2799999713897705,2.2300000190734863,2.2799999713897705,1847,0.0,0.0
2023-07-24 15:30:00-04:00,2.2790000438690186,2.2799999713897705,2.25,2.25,0,0.0,0.0
2023-07-25 09:30:00-04:00,2.280100107192993,2.280100107192993,2.2799999713897705,2.2799999713897705,750,0.0,0.0
2023-07-25 10:30:00-04:00,2.2799999713897705,2.2799999713897705,2.25,2.265000104904175,1544,0.0,0.0
2023-07-25 11:30:00-04:00,2.2799999713897705,2.3299999237060547,2.25,2.3299999237060547,1096,0.0,0.0
2023-07-25 12:30:00-04:00,2.25,2.3299999237060547,2.25,2.3299999237060547,897,0.0,0.0
2023-07-25 13:30:00-04:00,2.2799999713897705,2.2799999713897705,2.2799999713897705,2.2799999713897705,1322,0.0,0.0
2023-07-25 14:30:00-04:00,2.2699999809265137,2.2699999809265137,2.25,2.2699999809265137,1555,0.0,0.0
2023-07-25 15:30:00-04:00,2.2699999809265137,2.2699999809265137,2.259999990463257,2.2699999809265137,1113,0.0,0.0
2023-07-26 09:30:00-04:00,2.2100000381469727,2.2100000381469727,2.2100000381469727,2.2100000381469727,394,0.0,0.0
2023-07-26 10:30:00-04:00,2.2899999618530273,2.2899999618530273,2.240000009536743,2.240000009536743,981,0.0,0.0
2023-07-26 11:30:00-04:00,2.255000114440918,2.255000114440918,2.255000114440918,2.255000114440918,273,0.0,0.0
2023-07-26 12:30:00-04:00,2.25,2.25,2.25,2.25,102,0.0,0.0
2023-07-26 13:30:00-04:00,2.25,2.25,2.2200000286102295,2.2200000286102295,1098,0.0,0.0
2023-07-26 14:30:00-04:00,2.2100000381469727,2.2200000286102295,2.1600000858306885,2.1600000858306885,26685,0.0,0.0
2023-07-26 15:30:00-04:00,2.170799970626831,2.2100000381469727,2.1700000762939453,2.2100000381469727,4248,0.0,0.0
2023-07-27 09:30:00-04:00,2.1700000762939453,2.259999990463257,2.1700000762939453,2.259999990463257,1439,0.0,0.0
2023-07-27 10:30:00-04:00,2.245800018310547,2.25,2.200000047683716,2.200000047683716,2749,0.0,0.0
2023-07-27 11:30:00-04:00,2.180000066757202,2.180000066757202,2.1700000762939453,2.170099973678589,578,0.0,0.0
2023-07-27 12:30:00-04:00,2.1700000762939453,2.170099973678589,2.1500000953674316,2.1600000858306885,4780,0.0,0.0
2023-07-27 13:30:00-04:00,2.1693999767303467,2.1700000762939453,2.1693999767303467,2.1700000762939453,858,0.0,0.0
2023-07-27 14:30:00-04:00,2.1700000762939453,2.190000057220459,2.160099983215332,2.1610000133514404,692,0.0,0.0
2023-07-27 15:30:00-04:00,2.1700000762939453,2.190000057220459,2.1500000953674316,2.190000057220459,2047,0.0,0.0
2023-07-28 09:30:00-04:00,2.2300000190734863,2.2300000190734863,2.1500000953674316,2.1500000953674316,0,0.0,0.0
2023-07-28 10:30:00-04:00,2.1500000953674316,2.1549999713897705,2.1500000953674316,2.1549999713897705,7601,0.0,0.0
2023-07-28 11:30:00-04:00,2.1500000953674316,2.1600000858306885,2.131999969482422,2.140000104904175,5127,0.0,0.0
2023-07-28 12:30:00-04:00,2.130000114440918,2.130000114440918,2.0999999046325684,2.1245999336242676,20701,0.0,0.0
2023-07-28 13:30:00-04:00,2.129300117492676,2.130000114440918,2.125,2.130000114440918,1329,0.0,0.0
2023-07-28 14:30:00-04:00,2.13100004196167,2.1510000228881836,2.13100004196167,2.1510000228881836,2144,0.0,0.0
2023-07-28 15:30:00-04:00,2.140000104904175,2.1500000953674316,2.119999885559082,2.119999885559082,729,0.0,0.0
2023-07-31 09:30:00-04:00,2.109999895095825,2.140000104904175,2.109999895095825,2.109999895095825,7794,0.0,0.0
2023-07-31 10:30:00-04:00,2.109999895095825,2.130000114440918,2.109999895095825,2.130000114440918,1427,0.0,0.0
2023-07-31 11:30:00-04:00,2.130000114440918,2.130000114440918,2.109999895095825,2.130000114440918,1533,0.0,0.0
2023-07-31 12:30:00-04:00,2.109999895095825,2.109999895095825,2.109999895095825,2.109999895095825,219,0.0,0.0
2023-07-31 13:30:00-04:00,2.109999895095825,2.109999895095825,2.109999895095825,2.109999895095825,543,0.0,0.0
2023-07-31 14:30:00-04:00,2.130000114440918,2.130000114440918,2.119999885559082,2.1201000213623047,1686,0.0,0.0
2023-07-31 15:30:00-04:00,2.109999895095825,2.130000114440918,2.109999895095825,2.109999895095825,1439,0.0,0.0
2023-08-01 09:30:00-04:00,2.0999999046325684,2.109800100326538,1.9620000123977661,1.9900000095367432,49092,0.0,0.0
2023-08-01 10:30:00-04:00,1.998900055885315,2.059999942779541,1.9819999933242798,2.059999942779541,25128,0.0,0.0
2023-08-01 11:30:00-04:00,2.0199999809265137,2.0199999809265137,2.0199999809265137,2.0199999809265137,1502,0.0,0.0
2023-08-01 12:30:00-04:00,2.0599000453948975,2.0599000453948975,2.0199999809265137,2.024399995803833,811,0.0,0.0
2023-08-01 13:30:00-04:00,2.0399999618530273,2.055000066757202,2.0399999618530273,2.055000066757202,730,0.0,0.0
2023-08-01 14:30:00-04:00,2.049999952316284,2.049999952316284,2.009999990463257,2.009999990463257,5353,0.0,0.0
2023-08-01 15:30:00-04:00,2.0299999713897705,2.0899999141693115,2.0299999713897705,2.049999952316284,0,0.0,0.0
2023-08-02 09:30:00-04:00,2.009999990463257,2.0201001167297363,1.9765000343322754,2.0199999809265137,3547,0.0,0.0
2023-08-02 10:30:00-04:00,2.0199999809265137,2.0199999809265137,1.9700000286102295,2.0,7234,0.0,0.0
2023-08-02 11:30:00-04:00,2.0223000049591064,2.0223000049591064,2.015000104904175,2.0199999809265137,1534,0.0,0.0
2023-08-02 13:30:00-04:00,2.0129001140594482,2.0299999713897705,2.0129001140594482,2.0299999713897705,961,0.0,0.0
2023-08-02 14:30:00-04:00,2.011399984359741,2.0299999713897705,1.9800000190734863,2.005000114440918,5579,0.0,0.0
2023-08-02 15:30:00-04:00,2.0299999713897705,2.0299999713897705,2.0199999809265137,2.0299999713897705,806,0.0,0.0
2023-08-03 09:30:00-04:00,2.0,2.0299999713897705,1.9900000095367432,1.9900000095367432,2347,0.0,0.0
2023-08-03 10:30:00-04:00,1.9881999492645264,1.9881999492645264,1.9600000381469727,1.965000033378601,9797,0.0,0.0
2023-08-03 11:30:00-04:00,1.9500000476837158,2.0,1.9500000476837158,1.9900000095367432,3098,0.0,0.0
2023-08-03 12:30:00-04:00,1.9800000190734863,1.9800000190734863,1.9800000190734863,1.9800000190734863,191,0.0,0.0
2023-08-03 13:30:00-04:00,1.9600000381469727,2.02020001411438,1.9600000381469727,2.02020001411438,230,0.0,0.0
2023-08-03 14:30:00-04:00,1.9731999635696411,1.9731999635696411,1.9731999635696411,1.9731999635696411,539,0.0,0.0
2023-08-03 15:30:00-04:00,1.9853999614715576,2.01990008354187,1.9853999614715576,2.01990008354187,1896,0.0,0.0
2023-08-04 09:30:00-04:00,1.9600000381469727,1.9600000381469727,1.920300006866455,1.9299999475479126,3814,0.0,0.0
2023-08-04 10:30:00-04:00,1.9249999523162842,1.9900000095367432,1.9199999570846558,1.9900000095367432,18926,0.0,0.0
2023-08-04 11:30:00-04:00,1.9950000047683716,2.0,1.9903000593185425,1.9903000593185425,3842,0.0,0.0
2023-08-04 12:30:00-04:00,1.9910000562667847,1.997499942779541,1.9531999826431274,1.9531999826431274,3015,0.0,0.0
2023-08-04 13:30:00-04:00,1.9900000095367432,1.9900000095367432,1.9572999477386475,1.9572999477386475,1776,0.0,0.0
2023-08-04 14:30:00-04:00,1.9572999477386475,1.9600000381469727,1.9500000476837158,1.9600000381469727,3571,0.0,0.0
2023-08-04 15:30:00-04:00,1.940000057220459,1.9500000476837158,1.9199999570846558,1.9500000476837158,1676,0.0,0.0
2023-08-07 09:30:00-04:00,1.9900000095367432,1.9900000095367432,1.9390000104904175,1.968000054359436,9782,0.0,0.0
2023-08-07 10:30:00-04:00,1.9601000547409058,1.9601000547409058,1.9500000476837158,1.9600000381469727,7325,0.0,0.0
2023-08-07 11:30:00-04:00,1.9600000381469727,1.9600000381469727,1.9500000476837158,1.9500000476837158,477,0.0,0.0
2023-08-07 12:30:00-04:00,1.9900000095367432,1.9900000095367432,1.9600000381469727,1.9600000381469727,2219,0.0,0.0
2023-08-07 13:30:00-04:00,1.9692000150680542,2.0,1.9692000150680542,1.9950000047683716,2659,0.0,0.0
2023-08-07 14:30:00-04:00,2.0,2.0,1.9950000047683716,1.9950000047683716,678,0.0,0.0
2023-08-07 15:30:00-04:00,1.9917000532150269,1.9917000532150269,1.9917000532150269,1.9917000532150269,1950,0.0,0.0
2023-08-08 09:30:00-04:00,1.9800000190734863,1.9900000095367432,1.9579999446868896,1.9700000286102295,4438,0.0,0.0
2023-08-08 10:30:00-04:00,1.9515000581741333,1.9515000581741333,1.9515000581741333,1.9515000581741333,3479,0.0,0.0
2023-08-08 12:30:00-04:00,1.9732999801635742,1.9732999801635742,1.9732999801635742,1.9732999801635742,221,0.0,0.0
2023-08-08 14:30:00-04:00,1.9600000381469727,1.9600000381469727,1.9500000476837158,1.9500000476837158,4731,0.0,0.0
2023-08-08 15:30:00-04:00,1.9500000476837158,1.9600000381469727,1.9485000371932983,1.9485000371932983,2539,0.0,0.0
2023-08-09 09:30:00-04:00,1.940000057220459,1.9450000524520874,1.9217000007629395,1.9326000213623047,2686,0.0,0.0
2023-08-09 10:30:00-04:00,1.9199999570846558,1.9199999570846558,1.9046000242233276,1.9046000242233276,2800,0.0,0.0
2023-08-09 11:30:00-04:00,1.9199999570846558,1.9199999570846558,1.899999976158142,1.899999976158142,793,0.0,0.0
2023-08-09 12:30:00-04:00,1.899999976158142,1.9500000476837158,1.8949999809265137,1.9500000476837158,13219,0.0,0.0
2023-08-09 13:30:00-04:00,1.899999976158142,1.899999976158142,1.899999976158142,1.899999976158142,559,0.0,0.0
2023-08-09 14:30:00-04:00,1.909999966621399,1.9550000429153442,1.906599998474121,1.906599998474121,1281,0.0,0.0
2023-08-09 15:30:00-04:00,1.9199999570846558,1.9199999570846558,1.9199999570846558,1.9199999570846558,395,0.0,0.0
2023-08-10 09:30:00-04:00,1.899999976158142,1.9814000129699707,1.899999976158142,1.954300045967102,0,0.0,0.0
2023-08-10 10:30:00-04:00,1.9800000190734863,1.989799976348877,1.909999966621399,1.9385000467300415,1185,0.0,0.0
2023-08-10 11:30:00-04:00,1.940000057220459,1.940000057220459,1.940000057220459,1.940000057220459,841,0.0,0.0
2023-08-10 12:30:00-04:00,1.9767999649047852,1.9767999649047852,1.9767999649047852,1.9767999649047852,297,0.0,0.0
2023-08-10 13:30:00-04:00,1.940999984741211,1.940999984741211,1.940600037574768,1.940600037574768,515,0.0,0.0
2023-08-10 14:30:00-04:00,1.9600000381469727,1.9600000381469727,1.9600000381469727,1.9600000381469727,773,0.0,0.0
2023-08-10 15:30:00-04:00,1.940000057220459,1.940000057220459,1.909999966621399,1.909999966621399,2517,0.0,0.0
2023-08-11 09:30:00-04:00,1.9500000476837158,1.9500000476837158,1.934999942779541,1.934999942779541,963,0.0,0.0
2023-08-11 10:30:00-04:00,1.9299999475479126,1.9299999475479126,1.9299999475479126,1.9299999475479126,659,0.0,0.0
2023-08-11 11:30:00-04:00,1.9210000038146973,1.9235999584197998,1.9199999570846558,1.922700047492981,800,0.0,0.0
2023-08-11 12:30:00-04:00,1.9600000381469727,1.9600000381469727,1.9299999475479126,1.9299999475479126,2337,0.0,0.0
2023-08-11 13:30:00-04:00,1.9500000476837158,1.9500000476837158,1.9500000476837158,1.9500000476837158,2491,0.0,0.0
2023-08-11 15:30:00-04:00,1.940000057220459,1.9500000476837158,1.940000057220459,1.9500000476837158,1508,0.0,0.0
2023-08-14 09:30:00-04:00,1.9163000583648682,1.9199999570846558,1.9009000062942505,1.9052000045776367,745,0.0,0.0
2023-08-14 10:30:00-04:00,1.909600019454956,1.909999966621399,1.899999976158142,1.899999976158142,3948,0.0,0.0
2023-08-14 11:30:00-04:00,1.909999966621399,1.909999966621399,1.899999976158142,1.899999976158142,402,0.0,0.0
2023-08-14 12:30:00-04:00,1.899999976158142,1.9049999713897705,1.899999976158142,1.9049999713897705,2471,0.0,0.0
2023-08-14 13:30:00-04:00,1.8899999856948853,1.9098999500274658,1.8899999856948853,1.899999976158142,2000,0.0,0.0
2023-08-14 14:30:00-04:00,1.909999966621399,1.9299999475479126,1.906599998474121,1.9287999868392944,0,0.0,0.0
2023-08-15 09:30:00-04:00,1.899999976158142,1.940000057220459,1.8978999853134155,1.940000057220459,1106,0.0,0.0
2023-08-15 10:30:00-04:00,1.9257999658584595,1.9257999658584595,1.9257999658584595,1.9257999658584595,501,0.0,0.0
2023-08-15 11:30:00-04:00,1.9199999570846558,1.9299999475479126,1.9199999570846558,1.9242000579833984,3964,0.0,0.0
2023-08-15 12:30:00-04:00,1.9500000476837158,1.9900000095367432,1.9381999969482422,1.9900000095367432,2871,0.0,0.0
2023-08-15 13:30:00-04:00,1.9851000308990479,1.9851000308990479,1.9438999891281128,1.9600000381469727,2288,0.0,0.0
2023-08-15 15:30:00-04:00,1.9420000314712524,1.9500000476837158,1.940000057220459,1.9500000476837158,0,0.0,0.0
2023-08-16 09:30:00-04:00,1.9299999475479126,1.9800000190734863,1.9199999570846558,1.9199999570846558,750,0.0,0.0
2023-08-16 11:30:00-04:00,1.9119999408721924,1.9199999570846558,1.9119999408721924,1.9199999570846558,2053,0.0,0.0
2023-08-16 12:30:00-04:00,1.909999966621399,1.9500000476837158,1.909999966621399,1.9199999570846558,578,0.0,0.0
2023-08-16 13:30:00-04:00,1.9134999513626099,1.9134999513626099,1.9134999513626099,1.9134999513626099,200,0.0,0.0
2023-08-16 14:30:00-04:00,1.9500000476837158,1.9500000476837158,1.9500000476837158,1.9500000476837158,181,0.0,0.0
2023-08-16 15:30:00-04:00,1.909999966621399,1.909999966621399,1.899999976158142,1.899999976158142,0,0.0,0.0
2023-08-17 09:30:00-04:00,1.9000999927520752,1.9000999927520752,1.8799999952316284,1.899899959564209,6052,0.0,0.0
2023-08-17 10:30:00-04:00,1.899999976158142,1.9450000524520874,1.899999976158142,1.9299999475479126,4598,0.0,0.0
2023-08-17 12:30:00-04:00,1.9019999504089355,1.9356000423431396,1.899999976158142,1.9199999570846558,953,0.0,0.0
2023-08-17 13:30:00-04:00,1.9399000406265259,1.9399000406265259,1.9399000406265259,1.9399000406265259,2254,0.0,0.0
2023-08-17 15:30:00-04:00,1.909999966621399,1.909999966621399,1.909999966621399,1.909999966621399,0,0.0,0.0
2023-08-18 09:30:00-04:00,1.940000057220459,1.940000057220459,1.9052000045776367,1.9052000045776367,2465,0.0,0.0
2023-08-18 10:30:00-04:00,1.909999966621399,1.940000057220459,1.908400058746338,1.9149999618530273,2170,0.0,0.0
2023-08-18 11:30:00-04:00,1.9249999523162842,1.9249999523162842,1.909999966621399,1.909999966621399,885,0.0,0.0
2023-08-18 12:30:00-04:00,1.909999966621399,1.909999966621399,1.909999966621399,1.909999966621399,142,0.0,0.0
2023-08-18 13:30:00-04:00,1.899999976158142,1.909999966621399,1.899999976158142,1.899999976158142,5752,0.0,0.0
2023-08-18 14:30:00-04:00,1.899999976158142,1.899999976158142,1.899999976158142,1.899999976158142,4064,0.0,0.0
2023-08-18 15:30:00-04:00,1.8849999904632568,1.8899999856948853,1.8799999952316284,1.8799999952316284,1401,0.0,0.0
2023-08-21 09:30:00-04:00,1.850000023841858,1.9049999713897705,1.850000023841858,1.8701000213623047,3887,0.0,0.0
2023-08-21 10:30:00-04:00,1.8700000047683716,1.8700000047683716,1.850000023841858,1.850000023841858,4670,0.0,0.0
2023-08-21 11:30:00-04:00,1.840000033378601,1.840000033378601,1.7999999523162842,1.7999999523162842,9688,0.0,0.0
2023-08-21 12:30:00-04:00,1.7999999523162842,1.7999999523162842,1.6950000524520874,1.7000000476837158,21591,0.0,0.0
2023-08-21 13:30:00-04:00,1.7200000286102295,1.8099000453948975,1.6799999475479126,1.8099000453948975,37750,0.0,0.0
2023-08-21 14:30:00-04:00,1.8014999628067017,1.850000023841858,1.8014999628067017,1.8497999906539917,6265,0.0,0.0
2023-08-21 15:30:00-04:00,1.8600000143051147,1.8799999952316284,1.8600000143051147,1.875,10200,0.0,0.0
2023-08-22 09:30:00-04:00,1.9500000476837158,1.9500000476837158,1.899999976158142,1.899999976158142,7568,0.0,0.0
2023-08-22 10:30:00-04:00,1.899999976158142,1.909999966621399,1.899999976158142,1.899999976158142,401,0.0,0.0
2023-08-22 11:30:00-04:00,1.899999976158142,1.9098999500274658,1.899999976158142,1.9098999500274658,3588,0.0,0.0
2023-08-22 12:30:00-04:00,1.8974000215530396,1.8974000215530396,1.8899999856948853,1.8899999856948853,1901,0.0,0.0
2023-08-22 13:30:00-04:00,1.8450000286102295,1.8799999952316284,1.8450000286102295,1.8799999952316284,1470,0.0,0.0
2023-08-22 14:30:00-04:00,1.8698999881744385,1.8698999881744385,1.850000023841858,1.850000023841858,261,0.0,0.0
2023-08-22 15:30:00-04:00,1.8700000047683716,1.8899999856948853,1.8600000143051147,1.8600000143051147,0,0.0,0.0
2023-08-23 09:30:00-04:00,1.8600000143051147,1.9098999500274658,1.8600000143051147,1.9098999500274658,1345,0.0,0.0
2023-08-23 10:30:00-04:00,1.8899999856948853,1.8899999856948853,1.8600000143051147,1.8600000143051147,1303,0.0,0.0
2023-08-23 11:30:00-04:00,1.899999976158142,1.899999976158142,1.8949999809265137,1.8949999809265137,2423,0.0,0.0
2023-08-23 12:30:00-04:00,1.899999976158142,1.9299999475479126,1.899999976158142,1.909999966621399,7334,0.0,0.0
2023-08-23 13:30:00-04:00,1.9399000406265259,1.940000057220459,1.909999966621399,1.909999966621399,1279,0.0,0.0
2023-08-23 14:30:00-04:00,1.8899999856948853,1.8940000534057617,1.8830000162124634,1.8830000162124634,807,0.0,0.0
2023-08-23 15:30:00-04:00,1.8899999856948853,1.9600000381469727,1.8899999856948853,1.9600000381469727,6417,0.0,0.0
2023-08-24 09:30:00-04:00,2.0,2.059999942779541,1.9701000452041626,2.0309998989105225,0,0.0,0.0
2023-08-24 10:30:00-04:00,2.0299999713897705,2.069999933242798,2.0199999809265137,2.0699000358581543,11741,0.0,0.0
2023-08-24 11:30:00-04:00,2.0599000453948975,2.0699000358581543,2.0399999618530273,2.0511999130249023,7595,0.0,0.0
2023-08-24 12:30:00-04:00,2.06469988822937,2.069999933242798,2.0423998832702637,2.069999933242798,4522,0.0,0.0
2023-08-24 13:30:00-04:00,2.059999942779541,2.059999942779541,2.049999952316284,2.059999942779541,3203,0.0,0.0
2023-08-24 14:30:00-04:00,2.04010009765625,2.059999942779541,2.04010009765625,2.052000045776367,2714,0.0,0.0
2023-08-24 15:30:00-04:00,2.049999952316284,2.049999952316284,2.0299999713897705,2.0299999713897705,7917,0.0,0.0
2023-08-25 09:30:00-04:00,2.009999990463257,2.009999990463257,1.9300999641418457,1.9800000190734863,5909,0.0,0.0
2023-08-25 10:30:00-04:00,1.9800000190734863,1.9800000190734863,1.899999976158142,1.9600000381469727,11671,0.0,0.0
2023-08-25 11:30:00-04:00,1.9600000381469727,1.9600000381469727,1.8899999856948853,1.8901000022888184,1764,0.0,0.0
2023-08-25 12:30:00-04:00,1.8899999856948853,1.9600000381469727,1.8819999694824219,1.9249999523162842,7158,0.0,0.0
2023-08-25 13:30:00-04:00,1.940000057220459,1.940000057220459,1.899999976158142,1.9275000095367432,2167,0.0,0.0
2023-08-25 15:30:00-04:00,1.940000057220459,1.940000057220459,1.8799999952316284,1.8799999952316284,7092,0.0,0.0
2023-08-28 09:30:00-04:00,1.899999976158142,2.0099000930786133,1.899999976158142,2.0099000930786133,12352,0.0,0.0
2023-08-28 10:30:00-04:00,2.001699924468994,2.0099000930786133,1.9213999509811401,1.9500000476837158,4452,0.0,0.0
2023-08-28 11:30:00-04:00,1.9700000286102295,1.9800000190734863,1.9448000192642212,1.9448000192642212,2295,0.0,0.0
2023-08-28 12:30:00-04:00,1.9652999639511108,1.9697999954223633,1.9652999639511108,1.9697999954223633,3344,0.0,0.0
2023-08-28 14:30:00-04:00,1.9700000286102295,2.0,1.9699000120162964,2.0,846,0.0,0.0
2023-08-28 15:30:00-04:00,1.944100022315979,1.9900000095367432,1.944100022315979,1.9900000095367432,1055,0.0,0.0
2023-08-29 09:30:00-04:00,1.9500000476837158,1.9838000535964966,1.9500000476837158,1.9838000535964966,7281,0.0,0.0
2023-08-29 10:30:00-04:00,1.999899983406067,2.069999933242798,1.964400053024292,2.069999933242798,14858,0.0,0.0
2023-08-29 11:30:00-04:00,2.049999952316284,2.069700002670288,2.0199999809265137,2.029900074005127,3490,0.0,0.0
2023-08-29 12:30:00-04:00,2.049999952316284,2.053100109100342,2.041100025177002,2.041100025177002,2279,0.0,0.0
2023-08-29 13:30:00-04:00,2.0599000453948975,2.059999942779541,2.0527000427246094,2.059999942779541,1656,0.0,0.0
2023-08-29 14:30:00-04:00,2.059999942779541,2.059999942779541,2.050299882888794,2.055000066757202,2153,0.0,0.0
2023-08-29 15:30:00-04:00,2.0629000663757324,2.0799999237060547,2.0597000122070312,2.0799999237060547,0,0.0,0.0
2023-08-30 09:30:00-04:00,2.0799999237060547,2.130000114440918,2.059999942779541,2.0701000690460205,9291,0.0,0.0
2023-08-30 10:30:00-04:00,2.0850000381469727,2.0999999046325684,2.069999933242798,2.071000099182129,7033,0.0,0.0
2023-08-30 11:30:00-04:00,2.0824999809265137,2.0899999141693115,2.0824999809265137,2.0899999141693115,762,0.0,0.0
2023-08-30 12:30:00-04:00,2.089900016784668,2.089900016784668,2.079900026321411,2.0801000595092773,2683,0.0,0.0
2023-08-30 13:30:00-04:00,2.0804998874664307,2.099900007247925,2.0801000595092773,2.099900007247925,4064,0.0,0.0
2023-08-30 14:30:00-04:00,2.08240008354187,2.0999999046325684,2.0799999237060547,2.0999999046325684,4945,0.0,0.0
2023-08-30 15:30:00-04:00,2.0899999141693115,2.109999895095825,2.0899999141693115,2.0899999141693115,2756,0.0,0.0
2023-08-31 09:30:00-04:00,2.119999885559082,2.119999885559082,2.0801000595092773,2.0801000595092773,1827,0.0,0.0
2023-08-31 10:30:00-04:00,2.0999999046325684,2.109999895095825,2.0899999141693115,2.109999895095825,5699,0.0,0.0
2023-08-31 11:30:00-04:00,2.130000114440918,2.2100000381469727,2.130000114440918,2.2100000381469727,19715,0.0,0.0
2023-08-31 12:30:00-04:00,2.2300000190734863,2.240000009536743,2.174999952316284,2.174999952316284,11357,0.0,0.0
2023-08-31 13:30:00-04:00,2.2049999237060547,2.2049999237060547,2.180000066757202,2.180000066757202,2625,0.0,0.0
2023-08-31 14:30:00-04:00,2.2100000381469727,2.2100000381469727,2.2100000381469727,2.2100000381469727,305,0.0,0.0
2023-08-31 15:30:00-04:00,2.2100000381469727,2.2100000381469727,2.2100000381469727,2.2100000381469727,731,0.0,0.0
2023-09-01 09:30:00-04:00,2.2149999141693115,2.2298998832702637,2.1700000762939453,2.171999931335449,18258,0.0,0.0
2023-09-01 10:30:00-04:00,2.170099973678589,2.190000057220459,2.170099973678589,2.190000057220459,553,0.0,0.0
2023-09-01 11:30:00-04:00,2.1700000762939453,2.184999942779541,2.1700000762939453,2.184999942779541,897,0.0,0.0
2023-09-01 13:30:00-04:00,2.200000047683716,2.200000047683716,2.1700000762939453,2.1700000762939453,411,0.0,0.0
2023-09-01 14:30:00-04:00,2.184000015258789,2.184000015258789,2.180999994277954,2.180999994277954,624,0.0,0.0
2023-09-01 15:30:00-04:00,2.180999994277954,2.190000057220459,2.1700000762939453,2.190000057220459,1262,0.0,0.0
2023-09-05 09:30:00-04:00,2.109999895095825,2.1600000858306885,2.109999895095825,2.1600000858306885,6666,0.0,0.0
2023-09-05 10:30:00-04:00,2.125,2.125,2.119999885559082,2.124000072479248,887,0.0,0.0
2023-09-05 11:30:00-04:00,2.109999895095825,2.109999895095825,2.109999895095825,2.109999895095825,499,0.0,0.0
2023-09-05 12:30:00-04:00,2.0680999755859375,2.0680999755859375,2.0680999755859375,2.0680999755859375,318,0.0,0.0
2023-09-05 13:30:00-04:00,2.090100049972534,2.109999895095825,2.0899999141693115,2.109999895095825,775,0.0,0.0
2023-09-05 14:30:00-04:00,2.1087000370025635,2.119999885559082,2.1087000370025635,2.109999895095825,2061,0.0,0.0
2023-09-05 15:30:00-04:00,2.119999885559082,2.1600000858306885,2.109999895095825,2.1600000858306885,5468,0.0,0.0
2023-09-06 09:30:00-04:00,2.140000104904175,2.140000104904175,2.109999895095825,2.109999895095825,628,0.0,0.0
2023-09-06 10:30:00-04:00,2.110100030899048,2.110100030899048,2.0601000785827637,2.0636000633239746,4999,0.0,0.0
2023-09-06 11:30:00-04:00,2.0510001182556152,2.0513999462127686,2.0504000186920166,2.0513999462127686,2444,0.0,0.0
2023-09-06 12:30:00-04:00,2.049999952316284,2.098400115966797,2.049999952316284,2.098400115966797,1331,0.0,0.0
2023-09-06 13:30:00-04:00,2.058300018310547,2.0899999141693115,2.058300018310547,2.0899999141693115,530,0.0,0.0
2023-09-06 14:30:00-04:00,2.049999952316284,2.059999942779541,2.049999952316284,2.059999942779541,408,0.0,0.0
2023-09-06 15:30:00-04:00,2.0899999141693115,2.0899999141693115,2.059999942779541,2.065000057220459,1035,0.0,0.0
2023-09-07 09:30:00-04:00,2.0899999141693115,2.0899999141693115,2.009999990463257,2.009999990463257,3135,0.0,0.0
2023-09-07 10:30:00-04:00,2.0100998878479004,2.0109000205993652,2.0100998878479004,2.010200023651123,2005,0.0,0.0
2023-09-07 11:30:00-04:00,2.049999952316284,2.049999952316284,2.015000104904175,2.015000104904175,405,0.0,0.0
2023-09-07 12:30:00-04:00,2.0199999809265137,2.0199999809265137,2.0199999809265137,2.0199999809265137,113,0.0,0.0
2023-09-07 13:30:00-04:00,2.0195999145507812,2.0195999145507812,2.0195999145507812,2.0195999145507812,131,0.0,0.0
2023-09-07 14:30:00-04:00,2.015000104904175,2.015000104904175,2.009999990463257,2.009999990463257,983,0.0,0.0
2023-09-07 15:30:00-04:00,2.009999990463257,2.009999990463257,2.009999990463257,2.009999990463257,0,0.0,0.0
2023-09-08 09:30:00-04:00,2.0088999271392822,2.0399999618530273,1.9900000095367432,1.9900000095367432,2130,0.0,0.0
2023-09-08 10:30:00-04:00,2.0,2.0,2.0,2.0,502,0.0,0.0
2023-09-08 11:30:00-04:00,2.049999952316284,2.049999952316284,2.0,2.0,415,0.0,0.0
2023-09-08 12:30:00-04:00,2.009999990463257,2.0299999713897705,2.0,2.0199999809265137,3669,0.0,0.0
2023-09-08 13:30:00-04:00,2.0199999809265137,2.0199999809265137,2.0199999809265137,2.0199999809265137,1033,0.0,0.0
2023-09-08 14:30:00-04:00,2.0,2.0,2.0,2.0,151,0.0,0.0
2023-09-08 15:30:00-04:00,2.0220999717712402,2.0299999713897705,2.0220999717712402,2.0299999713897705,3783,0.0,0.0
2023-09-11 09:30:00-04:00,2.049999952316284,2.049999952316284,2.0299999713897705,2.0299999713897705,0,0.0,0.0
2023-09-11 10:30:00-04:00,2.0299999713897705,2.031399965286255,2.0299999713897705,2.031399965286255,507,0.0,0.0
2023-09-11 11:30:00-04:00,2.049999952316284,2.049999952316284,2.0160000324249268,2.0160000324249268,7447,0.0,0.0
2023-09-11 12:30:00-04:00,2.0,2.0,2.0,2.0,470,0.0,0.0
2023-09-11 13:30:00-04:00,2.015000104904175,2.015000104904175,2.015000104904175,2.015000104904175,247,0.0,0.0
2023-09-11 14:30:00-04:00,2.0,2.005000114440918,2.0,2.0,874,0.0,0.0
2023-09-11 15:30:00-04:00,2.0,2.0,1.9800000190734863,1.9800000190734863,5927,0.0,0.0
2023-09-12 09:30:00-04:00,2.009999990463257,2.188499927520752,2.009999990463257,2.0799999237060547,7575,0.0,0.0
2023-09-12 10:30:00-04:00,2.1700000762939453,2.210099935531616,2.160099983215332,2.180000066757202,10224,0.0,0.0
2023-09-12 11:30:00-04:00,2.1500000953674316,2.184999942779541,2.130000114440918,2.184999942779541,5683,0.0,0.0
2023-09-12 12:30:00-04:00,2.171299934387207,2.180000066757202,2.1600000858306885,2.180000066757202,927,0.0,0.0
2023-09-12 13:30:00-04:00,2.190200090408325,2.190200090408325,2.1600000858306885,2.1600000858306885,2110,0.0,0.0
2023-09-12 14:30:00-04:00,2.1854000091552734,2.1854000091552734,2.121799945831299,2.1549999713897705,12690,0.0,0.0
2023-09-12 15:30:00-04:00,2.1600000858306885,2.200000047683716,2.1600000858306885,2.180000066757202,7137,0.0,0.0
2023-09-13 09:30:00-04:00,2.2200000286102295,2.2300000190734863,2.2100000381469727,2.2300000190734863,12659,0.0,0.0
2023-09-13 10:30:00-04:00,2.2300000190734863,2.2899999618530273,2.2300000190734863,2.2799999713897705,18682,0.0,0.0
2023-09-13 11:30:00-04:00,2.27020001411438,2.2799999713897705,2.255000114440918,2.255000114440918,9851,0.0,0.0
2023-09-13 12:30:00-04:00,2.259999990463257,2.2750000953674316,2.255000114440918,2.259999990463257,10958,0.0,0.0
2023-09-13 13:30:00-04:00,2.25,2.2599000930786133,2.2100000381469727,2.25,7998,0.0,0.0
2023-09-13 14:30:00-04:00,2.25,2.25,2.2100000381469727,2.2300000190734863,2243,0.0,0.0
2023-09-13 15:30:00-04:00,2.2300000190734863,2.2576000690460205,2.2300000190734863,2.2576000690460205,3591,0.0,0.0
2023-09-14 09:30:00-04:00,2.2699999809265137,2.2888998985290527,2.2193000316619873,2.26990008354187,4240,0.0,0.0
2023-09-14 10:30:00-04:00,2.2679998874664307,2.2699999809265137,2.234999895095825,2.2699999809265137,1587,0.0,0.0
2023-09-14 11:30:00-04:00,2.2699999809265137,2.2699999809265137,2.240000009536743,2.25,1400,0.0,0.0
2023-09-14 12:30:00-04:00,2.259200096130371,2.2643001079559326,2.240000009536743,2.2643001079559326,2538,0.0,0.0
2023-09-14 13:30:00-04:00,2.244999885559082,2.244999885559082,2.244999885559082,2.244999885559082,836,0.0,0.0
2023-09-14 14:30:00-04:00,2.200000047683716,2.200000047683716,2.200000047683716,2.200000047683716,166,0.0,0.0
2023-09-14 15:30:00-04:00,2.240000009536743,2.2699999809265137,2.219099998474121,2.2699999809265137,3585,0.0,0.0
2023-09-15 09:30:00-04:00,2.259999990463257,2.2799999713897705,2.25,2.265000104904175,1819,0.0,0.0
2023-09-15 11:30:00-04:00,2.2799999713897705,2.2799999713897705,2.25,2.25,1988,0.0,0.0
2023-09-15 12:30:00-04:00,2.25,2.26990008354187,2.2300000190734863,2.2300000190734863,1694,0.0,0.0
2023-09-15 14:30:00-04:00,2.2699999809265137,2.2699999809265137,2.230600118637085,2.238600015640259,966,0.0,0.0
2023-09-15 15:30:00-04:00,2.259999990463257,2.259999990463257,2.184999942779541,2.184999942779541,7273,0.0,0.0
2023-09-18 09:30:00-04:00,2.200000047683716,2.200000047683716,2.1500000953674316,2.184999942779541,8506,0.0,0.0
2023-09-18 10:30:00-04:00,2.190000057220459,2.2300000190734863,2.1549999713897705,2.1549999713897705,4096,0.0,0.0
2023-09-18 11:30:00-04:00,2.1700000762939453,2.2899999618530273,2.1600000858306885,2.1946001052856445,2104,0.0,0.0
2023-09-18 12:30:00-04:00,2.180000066757202,2.240000009536743,2.180000066757202,2.180000066757202,1823,0.0,0.0
2023-09-18 13:30:00-04:00,2.1449999809265137,2.1600000858306885,2.1449999809265137,2.1600000858306885,701,0.0,0.0
2023-09-18 14:30:00-04:00,2.1700000762939453,2.180000066757202,2.130000114440918,2.130000114440918,1607,0.0,0.0
2023-09-18 15:30:00-04:00,2.119999885559082,2.130000114440918,2.0899999141693115,2.0899999141693115,7075,0.0,0.0
2023-09-19 09:30:00-04:00,2.2300000190734863,2.2300000190734863,2.0555999279022217,2.0950000286102295,3061,0.0,0.0
2023-09-19 10:30:00-04:00,2.119999885559082,2.1898999214172363,2.059999942779541,2.1898999214172363,1448,0.0,0.0
2023-09-19 11:30:00-04:00,2.119999885559082,2.119999885559082,2.0576999187469482,2.0576999187469482,1282,0.0,0.0
2023-09-19 12:30:00-04:00,2.0999999046325684,2.140000104904175,2.0999999046325684,2.140000104904175,741,0.0,0.0
2023-09-19 13:30:00-04:00,2.1500000953674316,2.1500000953674316,2.140000104904175,2.140000104904175,252,0.0,0.0
2023-09-19 14:30:00-04:00,2.140000104904175,2.140000104904175,2.1301000118255615,2.1301000118255615,901,0.0,0.0
2023-09-19 15:30:00-04:00,2.1600000858306885,2.180000066757202,2.0899999141693115,2.109999895095825,8532,0.0,0.0
2023-09-20 09:30:00-04:00,2.059999942779541,2.059999942779541,2.0399999618530273,2.0399999618530273,0,0.0,0.0
2023-09-20 10:30:00-04:00,2.049999952316284,2.049999952316284,2.0199999809265137,2.0199999809265137,1136,0.0,0.0
2023-09-20 11:30:00-04:00,2.0299999713897705,2.1500000953674316,2.0201001167297363,2.1500000953674316,14855,0.0,0.0
2023-09-20 12:30:00-04:00,2.13100004196167,2.140000104904175,2.0199999809265137,2.0199999809265137,4929,0.0,0.0
2023-09-20 13:30:00-04:00,2.119999885559082,2.119999885559082,2.119999885559082,2.119999885559082,149,0.0,0.0
2023-09-20 14:30:00-04:00,2.075000047683716,2.075000047683716,2.075000047683716,2.075000047683716,482,0.0,0.0
2023-09-20 15:30:00-04:00,2.069999933242798,2.069999933242798,2.0199999809265137,2.0299999713897705,3189,0.0,0.0
2023-09-21 09:30:00-04:00,2.0611000061035156,2.0611000061035156,2.0,2.0,3841,0.0,0.0
2023-09-21 10:30:00-04:00,1.9800000190734863,1.9800000190734863,1.9800000190734863,1.9800000190734863,275,0.0,0.0
2023-09-21 11:30:00-04:00,1.9801000356674194,1.9801000356674194,1.9800000190734863,1.9800000190734863,1651,0.0,0.0
2023-09-21 12:30:00-04:00,2.023099899291992,2.049999952316284,2.009999990463257,2.049999952316284,2118,0.0,0.0
2023-09-21 13:30:00-04:00,2.046099901199341,2.046099901199341,2.0199999809265137,2.0239999294281006,2554,0.0,0.0
2023-09-21 14:30:00-04:00,2.0350000858306885,2.049999952316284,2.0350000858306885,2.0350000858306885,1244,0.0,0.0
2023-09-21 15:30:00-04:00,2.0199999809265137,2.023200035095215,2.0199999809265137,2.0199999809265137,796,0.0,0.0
2023-09-22 09:30:00-04:00,2.0399999618530273,2.0399999618530273,1.9800000190734863,1.9900000095367432,1492,0.0,0.0
2023-09-22 10:30:00-04:00,1.9900000095367432,2.015000104904175,1.9900000095367432,2.015000104904175,275,0.0,0.0
2023-09-22 11:30:00-04:00,2.0,2.0,1.9900000095367432,1.9900000095367432,2754,0.0,0.0
2023-09-22 12:30:00-04:00,2.009999990463257,2.009999990463257,1.9900000095367432,2.0,1303,0.0,0.0
2023-09-22 13:30:00-04:00,2.0030999183654785,2.0030999183654785,2.0,2.0,4627,0.0,0.0
2023-09-22 14:30:00-04:00,1.9900000095367432,2.0,1.9700000286102295,1.9700000286102295,14039,0.0,0.0
2023-09-22 15:30:00-04:00,1.975100040435791,1.975100040435791,1.909999966621399,1.909999966621399,3080,0.0,0.0
2023-09-25 09:30:00-04:00,1.9800000190734863,1.9800000190734863,1.9467999935150146,1.9500000476837158,0,0.0,0.0
2023-09-25 10:30:00-04:00,1.9800000190734863,1.9800000190734863,1.9800000190734863,1.9800000190734863,336,0.0,0.0
2023-09-25 11:30:00-04:00,1.98989999294281,1.98989999294281,1.98989999294281,1.98989999294281,231,0.0,0.0
2023-09-25 12:30:00-04:00,1.9450000524520874,1.9450000524520874,1.9199999570846558,1.9199999570846558,873,0.0,0.0
2023-09-25 13:30:00-04:00,1.9500000476837158,1.9500000476837158,1.9292000532150269,1.9292000532150269,673,0.0,0.0
2023-09-25 15:30:00-04:00,1.9500000476837158,1.9600000381469727,1.9500000476837158,1.9600000381469727,413,0.0,0.0
2023-09-26 09:30:00-04:00,1.9199999570846558,1.9600000381469727,1.9199999570846558,1.9566999673843384,3989,0.0,0.0
2023-09-26 10:30:00-04:00,1.9700000286102295,1.9700000286102295,1.9500000476837158,1.9500000476837158,3079,0.0,0.0
2023-09-26 12:30:00-04:00,1.934999942779541,1.934999942779541,1.934999942779541,1.934999942779541,828,0.0,0.0
2023-09-26 13:30:00-04:00,1.9500000476837158,2.049099922180176,1.9500000476837158,2.0,25721,0.0,0.0
2023-09-26 14:30:00-04:00,2.009999990463257,2.0100998878479004,2.0099000930786133,2.0100998878479004,2599,0.0,0.0
2023-09-26 15:30:00-04:00,2.0399999618530273,2.0399999618530273,2.0299999713897705,2.0299999713897705,785,0.0,0.0
2023-09-27 09:30:00-04:00,2.0,2.049999952316284,1.9427000284194946,2.049999952316284,13103,0.0,0.0
2023-09-27 10:30:00-04:00,2.059999942779541,2.059999942779541,2.056299924850464,2.056299924850464,528,0.0,0.0
2023-09-27 11:30:00-04:00,2.049999952316284,2.0799999237060547,2.0399999618530273,2.0799999237060547,17008,0.0,0.0
2023-09-27 12:30:00-04:00,2.0671000480651855,2.089099884033203,2.0399999618530273,2.069999933242798,7612,0.0,0.0
2023-09-27 13:30:00-04:00,2.069999933242798,2.1600000858306885,2.069999933242798,2.1600000858306885,9384,0.0,0.0
2023-09-27 14:30:00-04:00,2.1600000858306885,2.180000066757202,2.1549999713897705,2.180000066757202,1882,0.0,0.0
2023-09-27 15:30:00-04:00,2.150099992752075,2.1600000858306885,2.140000104904175,2.157900094985962,2798,0.0,0.0
2023-09-28 09:30:00-04:00,2.0999999046325684,2.0999999046325684,2.0999999046325684,2.0999999046325684,100,0.0,0.0
2023-09-28 10:30:00-04:00,2.100100040435791,2.109999895095825,2.0899999141693115,2.0899999141693115,1260,0.0,0.0
2023-09-28 11:30:00-04:00,2.109999895095825,2.109999895095825,2.109999895095825,2.109999895095825,1040,0.0,0.0
2023-09-28 12:30:00-04:00,2.086899995803833,2.120500087738037,2.086899995803833,2.120500087738037,740,0.0,0.0
2023-09-28 13:30:00-04:00,2.140000104904175,2.140000104904175,2.140000104904175,2.140000104904175,1206,0.0,0.0
2023-09-28 14:30:00-04:00,2.115000009536743,2.115000009536743,2.109999895095825,2.109999895095825,771,0.0,0.0
2023-09-28 15:30:00-04:00,2.119999885559082,2.119999885559082,2.119999885559082,2.119999885559082,170,0.0,0.0
2023-09-29 09:30:00-04:00,2.140000104904175,2.140000104904175,2.079900026321411,2.114500045776367,2632,0.0,0.0
2023-09-29 10:30:00-04:00,2.0850000381469727,2.0999999046325684,2.069999933242798,2.0999999046325684,1297,0.0,0.0
2023-09-29 11:30:00-04:00,2.130000114440918,2.130000114440918,2.130000114440918,2.130000114440918,280,0.0,0.0
2023-09-29 12:30:00-04:00,2.0899999141693115,2.1050000190734863,2.0899999141693115,2.1050000190734863,984,0.0,0.0
2023-09-29 13:30:00-04:00,2.1050000190734863,2.130000114440918,2.1050000190734863,2.130000114440918,2801,0.0,0.0
2023-09-29 14:30:00-04:00,2.135999917984009,2.1698999404907227,2.135999917984009,2.159899950027466,2318,0.0,0.0
2023-09-29 15:30:00-04:00,2.180000066757202,2.2200000286102295,2.1600000858306885,2.1600000858306885,25090,0.0,0.0
2023-10-02 09:30:00-04:00,2.200000047683716,2.200000047683716,2.1500000953674316,2.1500000953674316,1580,0.0,0.0
2023-10-02 10:30:00-04:00,2.197999954223633,2.197999954223633,2.157900094985962,2.157900094985962,1860,0.0,0.0
2023-10-02 11:30:00-04:00,2.1649999618530273,2.1649999618530273,2.0199999809265137,2.0950000286102295,1862,0.0,0.0
2023-10-02 12:30:00-04:00,2.0669000148773193,2.1600000858306885,2.0552000999450684,2.1600000858306885,1204,0.0,0.0
2023-10-02 13:30:00-04:00,2.1700000762939453,2.1700000762939453,2.1500000953674316,2.1500000953674316,593,0.0,0.0
2023-10-02 14:30:00-04:00,2.0899999141693115,2.0899999141693115,2.0899999141693115,2.0899999141693115,309,0.0,0.0
2023-10-02 15:30:00-04:00,2.0100998878479004,2.130000114440918,2.0100998878479004,2.0999999046325684,4077,0.0,0.0
2023-10-03 09:30:00-04:00,2.0899999141693115,2.0999999046325684,2.0100998878479004,2.010999917984009,2886,0.0,0.0
2023-10-03 10:30:00-04:00,2.099900007247925,2.099900007247925,2.099900007247925,2.099900007247925,252,0.0,0.0
2023-10-03 11:30:00-04:00,2.090100049972534,2.090100049972534,2.090100049972534,2.090100049972534,159,0.0,0.0
2023-10-03 12:30:00-04:00,2.0899999141693115,2.0899999141693115,2.0371999740600586,2.0371999740600586,1743,0.0,0.0
2023-10-03 13:30:00-04:00,2.0,2.009999990463257,2.0,2.009999990463257,557,0.0,0.0
2023-10-03 14:30:00-04:00,2.059999942779541,2.0759999752044678,2.0546998977661133,2.0759999752044678,1795,0.0,0.0
2023-10-03 15:30:00-04:00,2.0999999046325684,2.1198999881744385,2.0999999046325684,2.1198999881744385,1311,0.0,0.0
2023-10-04 09:30:00-04:00,2.0199999809265137,2.119999885559082,2.0199999809265137,2.0399999618530273,3272,0.0,0.0
2023-10-04 11:30:00-04:00,2.109999895095825,2.109999895095825,2.055500030517578,2.055500030517578,665,0.0,0.0
2023-10-04 12:30:00-04:00,2.069999933242798,2.069999933242798,2.059999942779541,2.059999942779541,558,0.0,0.0
2023-10-04 13:30:00-04:00,2.109999895095825,2.109999895095825,2.075000047683716,2.075000047683716,2465,0.0,0.0
2023-10-04 15:30:00-04:00,2.0999999046325684,2.0999999046325684,2.059999942779541,2.059999942779541,2335,0.0,0.0
2023-10-05 09:30:00-04:00,2.0483999252319336,2.109999895095825,2.0483999252319336,2.109999895095825,0,0.0,0.0
2023-10-05 10:30:00-04:00,2.069999933242798,2.069999933242798,2.0299999713897705,2.049999952316284,1056,0.0,0.0
2023-10-05 11:30:00-04:00,2.049999952316284,2.049999952316284,1.9800000190734863,1.9800000190734863,5745,0.0,0.0
2023-10-05 12:30:00-04:00,1.9800000190734863,1.9800000190734863,1.9700000286102295,1.9700000286102295,3021,0.0,0.0
2023-10-05 13:30:00-04:00,1.9700000286102295,2.007200002670288,1.9700000286102295,2.007200002670288,307,0.0,0.0
2023-10-05 14:30:00-04:00,2.001800060272217,2.0199999809265137,1.9950000047683716,2.019700050354004,3309,0.0,0.0
2023-10-05 15:30:00-04:00,2.0299999713897705,2.0299999713897705,2.0199999809265137,2.0299999713897705,1308,0.0,0.0
2023-10-06 09:30:00-04:00,2.0172998905181885,2.0172998905181885,1.9700000286102295,1.9700000286102295,1581,0.0,0.0
2023-10-06 10:30:00-04:00,1.9700000286102295,2.0,1.9700000286102295,2.0,3604,0.0,0.0
2023-10-06 12:30:00-04:00,2.049999952316284,2.0599000453948975,2.0299999713897705,2.0299999713897705,1173,0.0,0.0
2023-10-06 14:30:00-04:00,1.9800000190734863,2.0999999046325684,1.9800000190734863,2.0999999046325684,1987,0.0,0.0
2023-10-06 15:30:00-04:00,2.0899999141693115,2.099900007247925,2.065000057220459,2.065000057220459,1269,0.0,0.0
2023-10-09 09:30:00-04:00,2.069999933242798,2.069999933242798,1.976199984550476,2.0,7414,0.0,0.0
2023-10-09 12:30:00-04:00,2.0399999618530273,2.069999933242798,2.0199999809265137,2.0199999809265137,907,0.0,0.0
2023-10-09 13:30:00-04:00,2.059999942779541,2.059999942779541,2.049999952316284,2.049999952316284,642,0.0,0.0
2023-10-09 14:30:00-04:00,2.059999942779541,2.0899999141693115,2.059999942779541,2.0899999141693115,961,0.0,0.0
2023-10-09 15:30:00-04:00,2.0899999141693115,2.109999895095825,2.0799999237060547,2.109999895095825,11214,0.0,0.0
2023-10-10 09:30:00-04:00,2.140000104904175,2.140000104904175,2.0399999618530273,2.130000114440918,1553,0.0,0.0
2023-10-10 10:30:00-04:00,2.128999948501587,2.128999948501587,2.128999948501587,2.128999948501587,767,0.0,0.0
2023-10-10 11:30:00-04:00,2.0799999237060547,2.139899969100952,2.079900026321411,2.097399950027466,4728,0.0,0.0
2023-10-10 12:30:00-04:00,2.090100049972534,2.1201999187469482,2.090100049972534,2.1201999187469482,2267,0.0,0.0
2023-10-10 13:30:00-04:00,2.148099899291992,2.149899959564209,2.109999895095825,2.109999895095825,3650,0.0,0.0
2023-10-10 14:30:00-04:00,2.109999895095825,2.109999895095825,2.109299898147583,2.109999895095825,539,0.0,0.0
2023-10-10 15:30:00-04:00,2.119999885559082,2.119999885559082,2.109999895095825,2.119999885559082,2081,0.0,0.0
2023-10-11 10:30:00-04:00,2.0999999046325684,2.103600025177002,2.0799999237060547,2.0799999237060547,773,0.0,0.0
2023-10-11 11:30:00-04:00,2.049999952316284,2.109999895095825,2.049999952316284,2.109999895095825,1016,0.0,0.0
2023-10-11 14:30:00-04:00,2.0999999046325684,2.109999895095825,2.059999942779541,2.059999942779541,0,0.0,0.0
2023-10-12 09:30:00-04:00,2.0350000858306885,2.055000066757202,2.0350000858306885,2.055000066757202,865,0.0,0.0
2023-10-12 10:30:00-04:00,2.049799919128418,2.09060001373291,2.049799919128418,2.09060001373291,2002,0.0,0.0
2023-10-12 11:30:00-04:00,2.0445001125335693,2.059999942779541,2.0399999618530273,2.0399999618530273,1078,0.0,0.0
2023-10-12 12:30:00-04:00,2.0190000534057617,2.0190000534057617,1.9700000286102295,1.9904999732971191,1911,0.0,0.0
2023-10-12 13:30:00-04:00,2.0,2.0,1.9800000190734863,1.9800000190734863,246,0.0,0.0
2023-10-12 14:30:00-04:00,2.0,2.0,1.9700000286102295,1.98989999294281,6976,0.0,0.0
2023-10-12 15:30:00-04:00,1.9900000095367432,2.009999990463257,1.9900000095367432,2.009999990463257,6756,0.0,0.0
2023-10-13 09:30:00-04:00,2.0299999713897705,2.0299999713897705,2.0299999713897705,2.0299999713897705,531,0.0,0.0
2023-10-13 10:30:00-04:00,2.0199999809265137,2.0199999809265137,2.0199999809265137,2.0199999809265137,148,0.0,0.0
2023-10-13 11:30:00-04:00,2.0799999237060547,2.0799999237060547,2.0799999237060547,2.0799999237060547,193,0.0,0.0
2023-10-13 12:30:00-04:00,2.0429000854492188,2.0429000854492188,1.9800000190734863,2.0299999713897705,842,0.0,0.0
2023-10-13 13:30:00-04:00,2.049999952316284,2.049999952316284,1.9900000095367432,1.9900000095367432,1226,0.0,0.0
2023-10-13 14:30:00-04:00,1.9900000095367432,1.9900000095367432,1.9700000286102295,1.9700000286102295,4381,0.0,0.0
2023-10-13 15:30:00-04:00,2.0399999618530273,2.049999952316284,2.0399999618530273,2.049999952316284,443,0.0,0.0
2023-10-16 09:30:00-04:00,1.9700000286102295,2.049999952316284,1.9700000286102295,2.049999952316284,6730,0.0,0.0
2023-10-16 10:30:00-04:00,2.049999952316284,2.05649995803833,2.0350000858306885,2.05649995803833,1793,0.0,0.0
2023-10-16 11:30:00-04:00,2.056999921798706,2.0899999141693115,2.055000066757202,2.0899999141693115,814,0.0,0.0
2023-10-16 12:30:00-04:00,2.0899999141693115,2.0899999141693115,2.0201001167297363,2.0899999141693115,3860,0.0,0.0
2023-10-16 13:30:00-04:00,2.0899999141693115,2.0899999141693115,2.0899999141693115,2.0899999141693115,4267,0.0,0.0
2023-10-16 14:30:00-04:00,2.070499897003174,2.1424999237060547,2.070499897003174,2.090100049972534,2386,0.0,0.0
2023-10-16 15:30:00-04:00,2.121999979019165,2.130000114440918,2.121999979019165,2.130000114440918,983,0.0,0.0
2023-10-17 09:30:00-04:00,2.049999952316284,2.0999999046325684,2.049999952316284,2.090100049972534,3116,0.0,0.0
2023-10-17 10:30:00-04:00,2.0999999046325684,2.0999999046325684,2.059999942779541,2.059999942779541,1327,0.0,0.0
2023-10-17 11:30:00-04:00,2.1500000953674316,2.180000066757202,2.119999885559082,2.1449999809265137,3796,0.0,0.0
2023-10-17 12:30:00-04:00,2.1600000858306885,2.1619999408721924,2.1600000858306885,2.1603000164031982,2605,0.0,0.0
2023-10-17 13:30:00-04:00,2.163300037384033,2.190000057220459,2.163300037384033,2.190000057220459,504,0.0,0.0
2023-10-17 14:30:00-04:00,2.1600000858306885,2.1730000972747803,2.1600000858306885,2.1730000972747803,871,0.0,0.0
2023-10-17 15:30:00-04:00,2.1689999103546143,2.1689999103546143,2.0999999046325684,2.0999999046325684,1186,0.0,0.0
2023-10-18 09:30:00-04:00,2.119999885559082,2.1600000858306885,2.1019999980926514,2.109999895095825,2290,0.0,0.0
2023-10-18 10:30:00-04:00,2.109999895095825,2.1500000953674316,2.109999895095825,2.109999895095825,1302,0.0,0.0
2023-10-18 11:30:00-04:00,2.125,2.1324000358581543,2.109999895095825,2.109999895095825,1660,0.0,0.0
2023-10-18 12:30:00-04:00,2.109999895095825,2.109999895095825,2.069999933242798,2.069999933242798,4318,0.0,0.0
2023-10-18 13:30:00-04:00,2.0999999046325684,2.0999999046325684,2.0999999046325684,2.0999999046325684,204,0.0,0.0
2023-10-18 14:30:00-04:00,2.0899999141693115,2.140000104904175,2.0899999141693115,2.140000104904175,2218,0.0,0.0
2023-10-18 15:30:00-04:00,2.119999885559082,2.119999885559082,2.119999885559082,2.119999885559082,1706,0.0,0.0
2023-10-19 09:30:00-04:00,2.0999999046325684,2.0999999046325684,2.0999999046325684,2.0999999046325684,434,0.0,0.0
2023-10-19 10:30:00-04:00,2.0399999618530273,2.0399999618530273,2.0399999618530273,2.0399999618530273,130,0.0,0.0
2023-10-19 11:30:00-04:00,2.0573999881744385,2.069999933242798,2.049999952316284,2.059999942779541,2960,0.0,0.0
2023-10-19 12:30:00-04:00,2.049999952316284,2.049999952316284,1.9600000381469727,1.9900000095367432,8383,0.0,0.0
2023-10-19 13:30:00-04:00,2.009999990463257,2.0385000705718994,2.0000998973846436,2.0000998973846436,2056,0.0,0.0
2023-10-19 14:30:00-04:00,2.0999999046325684,2.0999999046325684,2.0999999046325684,2.0999999046325684,100,0.0,0.0
2023-10-19 15:30:00-04:00,2.0999999046325684,2.0999999046325684,2.0199999809265137,2.055000066757202,0,0.0,0.0
2023-10-20 09:30:00-04:00,2.056999921798706,2.056999921798706,2.056999921798706,2.056999921798706,432,0.0,0.0
2023-10-20 10:30:00-04:00,2.049999952316284,2.099900007247925,2.049999952316284,2.099900007247925,7973,0.0,0.0
2023-10-20 11:30:00-04:00,2.049999952316284,2.0899999141693115,1.9700000286102295,1.9700000286102295,13454,0.0,0.0
2023-10-20 12:30:00-04:00,2.0452001094818115,2.0999999046325684,1.9900000095367432,2.0799999237060547,5970,0.0,0.0
2023-10-20 13:30:00-04:00,2.069999933242798,2.0999999046325684,2.069999933242798,2.0999999046325684,2261,0.0,0.0
2023-10-20 14:30:00-04:00,2.0950000286102295,2.0950000286102295,2.0950000286102295,2.0950000286102295,270,0.0,0.0
2023-10-20 15:30:00-04:00,2.109999895095825,2.109999895095825,2.0999999046325684,2.109999895095825,618,0.0,0.0
2023-10-23 09:30:00-04:00,2.0199999809265137,2.130000114440918,1.9600000381469727,2.0,0,0.0,0.0
2023-10-23 10:30:00-04:00,2.075000047683716,2.140000104904175,1.9600000381469727,1.9900000095367432,4191,0.0,0.0
2023-10-23 11:30:00-04:00,2.001800060272217,2.001800060272217,2.001800060272217,2.001800060272217,483,0.0,0.0
2023-10-23 13:30:00-04:00,2.0299999713897705,2.0420000553131104,2.0199999809265137,2.0199999809265137,2585,0.0,0.0
2023-10-23 14:30:00-04:00,2.0399999618530273,2.0399999618530273,2.0399999618530273,2.0399999618530273,172,0.0,0.0
2023-10-23 15:30:00-04:00,2.0299999713897705,2.0399999618530273,2.0299999713897705,2.0299999713897705,7193,0.0,0.0
2023-10-24 10:30:00-04:00,2.0199999809265137,2.0299999713897705,1.9900000095367432,2.0299999713897705,1314,0.0,0.0
2023-10-24 11:30:00-04:00,2.0,2.0,2.0,2.0,202,0.0,0.0
2023-10-24 13:30:00-04:00,2.0,2.0,2.0,2.0,864,0.0,0.0
2023-10-24 14:30:00-04:00,2.0111000537872314,2.0199999809265137,2.009999990463257,2.0199999809265137,2261,0.0,0.0
2023-10-24 15:30:00-04:00,2.0100998878479004,2.0399999618530273,2.009999990463257,2.0250000953674316,3292,0.0,0.0
2023-10-25 09:30:00-04:00,1.9800000190734863,2.140000104904175,1.9800000190734863,2.009999990463257,0,0.0,0.0
2023-10-25 10:30:00-04:00,2.009999990463257,2.0199999809265137,1.9700000286102295,2.0,4035,0.0,0.0
2023-10-25 11:30:00-04:00,2.059999942779541,2.059999942779541,2.059999942779541,2.059999942779541,232,0.0,0.0
2023-10-25 12:30:00-04:00,1.9801000356674194,1.9900000095367432,1.9801000356674194,1.9900000095367432,496,0.0,0.0
2023-10-25 13:30:00-04:00,1.9850000143051147,2.0199999809265137,1.9850000143051147,2.0,6342,0.0,0.0
2023-10-25 14:30:00-04:00,1.9900000095367432,1.9900000095367432,1.9900000095367432,1.9900000095367432,670,0.0,0.0
2023-10-25 15:30:00-04:00,2.0399999618530273,2.0399999618530273,2.0,2.0,277,0.0,0.0
2023-10-26 09:30:00-04:00,1.972000002861023,2.009999990463257,1.944200038909912,2.009999990463257,0,0.0,0.0
2023-10-26 10:30:00-04:00,1.965000033378601,1.9900000095367432,1.8899999856948853,1.8899999856948853,9913,0.0,0.0
2023-10-26 11:30:00-04:00,1.909999966621399,1.9500000476837158,1.8799999952316284,1.9199999570846558,8362,0.0,0.0
2023-10-26 12:30:00-04:00,1.934999942779541,1.9800000190734863,1.9149999618530273,1.9149999618530273,1812,0.0,0.0
2023-10-26 13:30:00-04:00,1.9800000190734863,1.9800000190734863,1.9149999618530273,1.9149999618530273,771,0.0,0.0
2023-10-26 15:30:00-04:00,1.9500000476837158,1.9500000476837158,1.9500000476837158,1.9500000476837158,103,0.0,0.0
2023-10-27 09:30:00-04:00,1.8899999856948853,1.9299999475479126,1.7400000095367432,1.9193999767303467,34377,0.0,0.0
2023-10-27 10:30:00-04:00,1.850000023841858,1.850000023841858,1.7799999713897705,1.7800999879837036,3113,0.0,0.0
2023-10-27 11:30:00-04:00,1.8300000429153442,1.8600000143051147,1.8300000429153442,1.8300000429153442,1262,0.0,0.0
2023-10-27 12:30:00-04:00,1.8700000047683716,1.8700000047683716,1.8600000143051147,1.8600000143051147,251,0.0,0.0
2023-10-27 13:30:00-04:00,1.8609000444412231,1.8787000179290771,1.8609000444412231,1.8700000047683716,2126,0.0,0.0
2023-10-27 14:30:00-04:00,1.8700000047683716,1.8700000047683716,1.8200000524520874,1.8200000524520874,1600,0.0,0.0
2023-10-27 15:30:00-04:00,1.809999942779541,1.809999942779541,1.7899999618530273,1.809999942779541,2455,0.0,0.0
2023-10-30 09:30:00-04:00,1.9500000476837158,1.999899983406067,1.8752000331878662,1.9531999826431274,13128,0.0,0.0
2023-10-30 10:30:00-04:00,1.9900000095367432,1.9966000318527222,1.909999966621399,1.940000057220459,0,0.0,0.0
2023-10-30 11:30:00-04:00,1.9299999475479126,1.9299999475479126,1.909999966621399,1.9278000593185425,23940,0.0,0.0
2023-10-30 12:30:00-04:00,1.929900050163269,1.929900050163269,1.7699999809265137,1.8300000429153442,3886,0.0,0.0
2023-10-30 13:30:00-04:00,1.9199999570846558,1.9199999570846558,1.909999966621399,1.909999966621399,495,0.0,0.0
2023-10-30 14:30:00-04:00,1.840000033378601,1.840000033378601,1.7999999523162842,1.840000033378601,2676,0.0,0.0
2023-10-30 15:30:00-04:00,1.879699945449829,1.879699945449829,1.850000023841858,1.850000023841858,0,0.0,0.0
2023-10-31 09:30:00-04:00,1.8899999856948853,1.9199999570846558,1.8899999856948853,1.9199999570846558,506,0.0,0.0
2023-10-31 10:30:00-04:00,1.9500000476837158,1.9500000476837158,1.9500000476837158,1.9500000476837158,124,0.0,0.0
2023-10-31 11:30:00-04:00,1.9039000272750854,1.940000057220459,1.899999976158142,1.899999976158142,2477,0.0,0.0
2023-10-31 13:30:00-04:00,1.9106999635696411,1.940000057220459,1.899999976158142,1.899999976158142,785,0.0,0.0
2023-11-01 09:30:00-04:00,1.8700000047683716,1.899999976158142,1.8210999965667725,1.875,1663,0.0,0.0
2023-11-01 10:30:00-04:00,1.8200000524520874,1.8200000524520874,1.8200000524520874,1.8200000524520874,755,0.0,0.0
2023-11-01 12:30:00-04:00,1.840000033378601,1.8899999856948853,1.809999942779541,1.8799999952316284,8847,0.0,0.0
2023-11-01 13:30:00-04:00,1.8732000589370728,1.8799999952316284,1.8600000143051147,1.8700000047683716,1688,0.0,0.0
2023-11-01 14:30:00-04:00,1.8799999952316284,1.8899999856948853,1.8799999952316284,1.8899999856948853,447,0.0,0.0
2023-11-01 15:30:00-04:00,1.857699990272522,1.899999976158142,1.850000023841858,1.8700000047683716,3130,0.0,0.0
2023-11-02 09:30:00-04:00,1.8600000143051147,1.9479999542236328,1.8600000143051147,1.9199999570846558,3623,0.0,0.0
2023-11-02 10:30:00-04:00,1.9199999570846558,1.9500000476837158,1.8600000143051147,1.9038000106811523,11880,0.0,0.0
2023-11-02 11:30:00-04:00,1.909999966621399,1.909999966621399,1.850000023841858,1.8600000143051147,23513,0.0,0.0
2023-11-02 12:30:00-04:00,1.850000023841858,1.8799999952316284,1.8246999979019165,1.8799999952316284,1341,0.0,0.0
2023-11-02 13:30:00-04:00,1.8650000095367432,1.8650000095367432,1.8650000095367432,1.8650000095367432,448,0.0,0.0
2023-11-02 14:30:00-04:00,1.899999976158142,1.899999976158142,1.899999976158142,1.899999976158142,416,0.0,0.0
2023-11-02 15:30:00-04:00,1.9199999570846558,1.9199999570846558,1.9199999570846558,1.9199999570846558,0,0.0,0.0
2023-11-03 09:30:00-04:00,1.9500000476837158,1.9500000476837158,1.940000057220459,1.9500000476837158,1301,0.0,0.0
2023-11-03 10:30:00-04:00,1.9800000190734863,1.9800000190734863,1.9800000190734863,1.9800000190734863,176,0.0,0.0
2023-11-03 12:30:00-04:00,1.9780000448226929,1.9780000448226929,1.9700000286102295,1.9700000286102295,683,0.0,0.0
2023-11-03 13:30:00-04:00,1.9550000429153442,1.9600000381469727,1.9550000429153442,1.9600000381469727,516,0.0,0.0
2023-11-03 14:30:00-04:00,1.940000057220459,1.9800000190734863,1.940000057220459,1.9800000190734863,700,0.0,0.0
2023-11-03 15:30:00-04:00,1.965000033378601,1.965000033378601,1.940000057220459,1.9600000381469727,1487,0.0,0.0
2023-11-06 09:30:00-05:00,1.9500000476837158,1.9800000190734863,1.9299999475479126,1.9299999475479126,8202,0.0,0.0
2023-11-06 10:30:00-05:00,1.9199999570846558,1.9199999570846558,1.844599962234497,1.8799999952316284,1733,0.0,0.0
2023-11-06 12:30:00-05:00,1.8899999856948853,1.8899999856948853,1.8899999856948853,1.8899999856948853,406,0.0,0.0
2023-11-06 13:30:00-05:00,1.9199999570846558,1.9199999570846558,1.8799999952316284,1.8799999952316284,1001,0.0,0.0
2023-11-06 14:30:00-05:00,1.8799999952316284,1.8799999952316284,1.8799999952316284,1.8799999952316284,582,0.0,0.0
2023-11-06 15:30:00-05:00,1.8799999952316284,1.8799999952316284,1.8600000143051147,1.8600000143051147,3153,0.0,0.0
2023-11-07 09:30:00-05:00,1.909999966621399,1.9700000286102295,1.8200000524520874,1.8300000429153442,8243,0.0,0.0
2023-11-07 10:30:00-05:00,1.9686000347137451,1.9686000347137451,1.8200000524520874,1.8200000524520874,8605,0.0,0.0
2023-11-07 12:30:00-05:00,1.8301000595092773,1.840000033378601,1.8301000595092773,1.840000033378601,587,0.0,0.0
2023-11-07 13:30:00-05:00,1.8550000190734863,1.8550000190734863,1.840000033378601,1.840000033378601,442,0.0,0.0
2023-11-07 14:30:00-05:00,1.840000033378601,1.840000033378601,1.8300000429153442,1.8300000429153442,269,0.0,0.0
2023-11-07 15:30:00-05:00,1.8758000135421753,1.8799999952316284,1.8758000135421753,1.8799999952316284,1005,0.0,0.0
2023-11-08 09:30:00-05:00,1.9299999475479126,1.9299999475479126,1.8200000524520874,1.9098999500274658,2736,0.0,0.0
2023-11-08 10:30:00-05:00,1.8899999856948853,1.8899999856948853,1.8300000429153442,1.8300000429153442,323,0.0,0.0
2023-11-08 11:30:00-05:00,1.8761999607086182,1.8761999607086182,1.8300000429153442,1.8300000429153442,610,0.0,0.0
2023-11-08 12:30:00-05:00,1.8200000524520874,1.8200000524520874,1.8007999658584595,1.809999942779541,2332,0.0,0.0
2023-11-08 13:30:00-05:00,1.840000033378601,1.840000033378601,1.8250000476837158,1.8300000429153442,895,0.0,0.0
2023-11-08 14:30:00-05:00,1.8300000429153442,1.8300000429153442,1.809999942779541,1.809999942779541,2281,0.0,0.0
2023-11-08 15:30:00-05:00,1.809999942779541,1.8300000429153442,1.7999999523162842,1.8300000429153442,3170,0.0,0.0
2023-11-09 09:30:00-05:00,1.8697999715805054,1.8697999715805054,1.809999942779541,1.809999942779541,1757,0.0,0.0
2023-11-09 10:30:00-05:00,1.840000033378601,1.840000033378601,1.7999999523162842,1.7999999523162842,2507,0.0,0.0
2023-11-09 11:30:00-05:00,1.7999999523162842,1.8099000453948975,1.7999999523162842,1.7999999523162842,1101,0.0,0.0
2023-11-09 12:30:00-05:00,1.8200000524520874,1.8200000524520874,1.8200000524520874,1.8200000524520874,400,0.0,0.0
2023-11-09 13:30:00-05:00,1.8030999898910522,1.8099000453948975,1.7999999523162842,1.8099000453948975,2640,0.0,0.0
2023-11-09 14:30:00-05:00,1.809999942779541,1.809999942779541,1.7899999618530273,1.7999999523162842,4084,0.0,0.0
2023-11-09 15:30:00-05:00,1.7799999713897705,1.7799999713897705,1.7799999713897705,1.7799999713897705,433,0.0,0.0
2023-11-10 09:30:00-05:00,1.7799999713897705,1.8200000524520874,1.75,1.75,5489,0.0,0.0
2023-11-10 10:30:00-05:00,1.7799999713897705,1.8099000453948975,1.7599999904632568,1.7599999904632568,7872,0.0,0.0
2023-11-10 11:30:00-05:00,1.809999942779541,1.809999942779541,1.7599999904632568,1.7799999713897705,1957,0.0,0.0
2023-11-10 12:30:00-05:00,1.7999999523162842,1.8200000524520874,1.7799999713897705,1.7799999713897705,393,0.0,0.0
2023-11-10 14:30:00-05:00,1.809999942779541,1.8623000383377075,1.7899999618530273,1.8600000143051147,3637,0.0,0.0
2023-11-13 09:30:00-05:00,1.7999999523162842,1.809999942779541,1.7899999618530273,1.7899999618530273,4354,0.0,0.0
2023-11-13 10:30:00-05:00,1.8200000524520874,1.8200000524520874,1.7899999618530273,1.7899999618530273,856,0.0,0.0
2023-11-13 11:30:00-05:00,1.7999999523162842,1.7999999523162842,1.7999999523162842,1.7999999523162842,100,0.0,0.0
2023-11-13 12:30:00-05:00,1.7999999523162842,1.7999999523162842,1.7899999618530273,1.7899999618530273,877,0.0,0.0
2023-11-13 13:30:00-05:00,1.809999942779541,1.809999942779541,1.809999942779541,1.809999942779541,201,0.0,0.0
2023-11-13 14:30:00-05:00,1.7971999645233154,1.7999999523162842,1.7899999618530273,1.7899999618530273,3687,0.0,0.0
2023-11-13 15:30:00-05:00,1.7899999618530273,1.7899999618530273,1.7699999809265137,1.7699999809265137,2251,0.0,0.0
2023-11-14 09:30:00-05:00,1.7799999713897705,1.9299999475479126,1.75,1.8700000047683716,21421,0.0,0.0
2023-11-14 10:30:00-05:00,1.899999976158142,1.9498000144958496,1.8700000047683716,1.895799994468689,9564,0.0,0.0
2023-11-14 11:30:00-05:00,1.9011000394821167,1.9199999570846558,1.9011000394821167,1.9199999570846558,2410,0.0,0.0
2023-11-14 12:30:00-05:00,1.9199999570846558,1.9249999523162842,1.9199999570846558,1.9249999523162842,1704,0.0,0.0
2023-11-14 13:30:00-05:00,1.9157999753952026,1.9500000476837158,1.9157999753952026,1.934999942779541,910,0.0,0.0
2023-11-14 14:30:00-05:00,1.9039000272750854,1.9039000272750854,1.9039000272750854,1.9039000272750854,503,0.0,0.0
2023-11-14 15:30:00-05:00,1.9076999425888062,1.9076999425888062,1.9076999425888062,1.9076999425888062,101,0.0,0.0
2023-11-15 09:30:00-05:00,1.8600000143051147,1.9299999475479126,1.8600000143051147,1.8799999952316284,4403,0.0,0.0
2023-11-15 10:30:00-05:00,1.899999976158142,1.9049999713897705,1.8700000047683716,1.8799999952316284,12612,0.0,0.0
2023-11-15 11:30:00-05:00,1.8700000047683716,1.8799999952316284,1.8700000047683716,1.8799999952316284,3934,0.0,0.0
2023-11-15 12:30:00-05:00,1.8799999952316284,1.8799999952316284,1.8799999952316284,1.8799999952316284,178,0.0,0.0
2023-11-15 13:30:00-05:00,1.899999976158142,1.940999984741211,1.8799999952316284,1.940999984741211,6661,0.0,0.0
2023-11-15 14:30:00-05:00,1.8799999952316284,1.9249999523162842,1.8799999952316284,1.9249999523162842,1621,0.0,0.0
2023-11-15 15:30:00-05:00,1.899999976158142,1.899999976158142,1.899999976158142,1.899999976158142,350,0.0,0.0
2023-11-16 09:30:00-05:00,1.899999976158142,1.899999976158142,1.8700000047683716,1.8700000047683716,0,0.0,0.0
2023-11-16 10:30:00-05:00,1.8798999786376953,1.8799999952316284,1.8601000308990479,1.8700000047683716,13668,0.0,0.0
2023-11-16 11:30:00-05:00,1.8700000047683716,1.8700000047683716,1.8700000047683716,1.8700000047683716,120,0.0,0.0
2023-11-16 12:30:00-05:00,1.909999966621399,1.909999966621399,1.909999966621399,1.909999966621399,105,0.0,0.0
2023-11-16 13:30:00-05:00,1.8600000143051147,1.909999966621399,1.8600000143051147,1.909999966621399,302,0.0,0.0
2023-11-16 15:30:00-05:00,1.8700000047683716,1.909999966621399,1.8200000524520874,1.909999966621399,0,0.0,0.0
2023-11-17 09:30:00-05:00,1.9299999475479126,1.940000057220459,1.9299999475479126,1.940000057220459,320,0.0,0.0
2023-11-17 11:30:00-05:00,1.899999976158142,1.899999976158142,1.884600043296814,1.8899999856948853,520,0.0,0.0
2023-11-17 12:30:00-05:00,1.909999966621399,1.9199999570846558,1.8899999856948853,1.8899999856948853,1018,0.0,0.0
2023-11-17 13:30:00-05:00,1.9198999404907227,1.940000057220459,1.8799999952316284,1.940000057220459,8085,0.0,0.0
2023-11-17 14:30:00-05:00,1.9299999475479126,1.9299999475479126,1.9299999475479126,1.9299999475479126,260,0.0,0.0
2023-11-17 15:30:00-05:00,1.9199999570846558,1.9199999570846558,1.8799999952316284,1.8808000087738037,7450,0.0,0.0
2023-11-20 09:30:00-05:00,1.7699999809265137,1.909999966621399,1.7596999406814575,1.7799999713897705,17111,0.0,0.0
2023-11-20 10:30:00-05:00,1.8115999698638916,1.9199999570846558,1.8100999593734741,1.9199999570846558,6039,0.0,0.0
2023-11-20 11:30:00-05:00,1.8300000429153442,1.9199999570846558,1.8205000162124634,1.9199999570846558,533,0.0,0.0
2023-11-20 12:30:00-05:00,1.875,1.875,1.8700000047683716,1.8700000047683716,1257,0.0,0.0
2023-11-20 13:30:00-05:00,1.8753999471664429,1.8899999856948853,1.8753000497817993,1.8871999979019165,1166,0.0,0.0
2023-11-20 15:30:00-05:00,1.8799999952316284,1.8899999856948853,1.8799999952316284,1.8899999856948853,0,0.0,0.0
2023-11-21 10:30:00-05:00,1.8799999952316284,1.8799999952316284,1.8169000148773193,1.8169000148773193,7330,0.0,0.0
2023-11-21 11:30:00-05:00,1.809999942779541,1.8799999952316284,1.809999942779541,1.8250000476837158,2102,0.0,0.0
2023-11-21 12:30:00-05:00,1.8250000476837158,1.8250000476837158,1.7999999523162842,1.7999999523162842,564,0.0,0.0
2023-11-21 13:30:00-05:00,1.7999999523162842,1.7999999523162842,1.7599999904632568,1.7599999904632568,12123,0.0,0.0
2023-11-21 14:30:00-05:00,1.7598999738693237,1.774999976158142,1.7300000190734863,1.7300000190734863,32583,0.0,0.0
2023-11-21 15:30:00-05:00,1.7525999546051025,1.7525999546051025,1.7000000476837158,1.7100000381469727,30649,0.0,0.0
2023-11-22 09:30:00-05:00,1.75,1.8696000576019287,1.75,1.8250000476837158,23076,0.0,0.0
2023-11-22 10:30:00-05:00,1.8600000143051147,1.8700000047683716,1.7999999523162842,1.7999999523162842,3005,0.0,0.0
2023-11-22 11:30:00-05:00,1.7577999830245972,1.7999999523162842,1.7577999830245972,1.7999999523162842,3203,0.0,0.0
2023-11-22 12:30:00-05:00,1.8250000476837158,1.861199975013733,1.8250000476837158,1.861199975013733,320,0.0,0.0
2023-11-22 13:30:00-05:00,1.7676000595092773,1.7676000595092773,1.7676000595092773,1.7676000595092773,322,0.0,0.0
2023-11-22 14:30:00-05:00,1.826200008392334,1.826200008392334,1.826200008392334,1.826200008392334,138,0.0,0.0
2023-11-22 15:30:00-05:00,1.8300000429153442,1.8300000429153442,1.7899999618530273,1.7999999523162842,990,0.0,0.0
2023-11-24 09:30:00-05:00,1.809999942779541,1.8799999952316284,1.809999942779541,1.8799999952316284,3092,0.0,0.0
2023-11-24 10:30:00-05:00,1.909999966621399,1.940000057220459,1.909999966621399,1.940000057220459,4142,0.0,0.0
2023-11-24 11:30:00-05:00,1.9299999475479126,1.9500000476837158,1.9299999475479126,1.9500000476837158,1144,0.0,0.0
2023-11-24 12:30:00-05:00,1.9420000314712524,1.9500000476837158,1.940000057220459,1.9500000476837158,0,0.0,0.0
2023-11-27 09:30:00-05:00,2.0399999618530273,2.0399999618530273,1.9500000476837158,1.9500999450683594,35295,0.0,0.0
2023-11-27 10:30:00-05:00,1.9500000476837158,1.9600000381469727,1.9408999681472778,1.9544999599456787,6818,0.0,0.0
2023-11-27 11:30:00-05:00,1.9500000476837158,1.9600000381469727,1.9500000476837158,1.9500000476837158,1066,0.0,0.0
2023-11-27 12:30:00-05:00,1.9500000476837158,1.9500000476837158,1.9012000560760498,1.9012000560760498,4112,0.0,0.0
2023-11-27 13:30:00-05:00,1.9112999439239502,1.9112999439239502,1.899999976158142,1.9000999927520752,343,0.0,0.0
2023-11-27 14:30:00-05:00,1.909999966621399,1.909999966621399,1.8799999952316284,1.8799999952316284,4231,0.0,0.0
2023-11-27 15:30:00-05:00,1.899999976158142,1.899999976158142,1.850000023841858,1.850000023841858,3528,0.0,0.0
2023-11-28 09:30:00-05:00,1.8600000143051147,1.8600000143051147,1.8270000219345093,1.8270000219345093,779,0.0,0.0
2023-11-28 10:30:00-05:00,1.899999976158142,1.899999976158142,1.899999976158142,1.899999976158142,357,0.0,0.0
2023-11-28 12:30:00-05:00,1.8700000047683716,1.8700000047683716,1.840000033378601,1.840000033378601,391,0.0,0.0
2023-11-28 13:30:00-05:00,1.840999960899353,1.840999960899353,1.8215999603271484,1.8215999603271484,1436,0.0,0.0
2023-11-28 14:30:00-05:00,1.8359999656677246,1.840000033378601,1.7899999618530273,1.840000033378601,14942,0.0,0.0
2023-11-28 15:30:00-05:00,1.840000033378601,1.8600000143051147,1.840000033378601,1.840000033378601,0,0.0,0.0
2023-11-29 09:30:00-05:00,1.850000023841858,1.8600000143051147,1.840000033378601,1.850000023841858,1400,0.0,0.0
2023-11-29 10:30:00-05:00,1.8301000595092773,1.8301000595092773,1.8200000524520874,1.8200000524520874,2122,0.0,0.0
2023-11-29 11:30:00-05:00,1.8300000429153442,1.8799999952316284,1.7899999618530273,1.8799999952316284,24542,0.0,0.0
2023-11-29 12:30:00-05:00,1.8799999952316284,1.8799999952316284,1.8799999952316284,1.8799999952316284,514,0.0,0.0
2023-11-29 13:30:00-05:00,1.8700000047683716,1.8700000047683716,1.851199984550476,1.851199984550476,567,0.0,0.0
2023-11-29 15:30:00-05:00,1.850000023841858,1.850000023841858,1.809999942779541,1.8299000263214111,3835,0.0,0.0
2023-11-30 09:30:00-05:00,1.8300000429153442,1.8301000595092773,1.7799999713897705,1.7799999713897705,499,0.0,0.0
2023-11-30 10:30:00-05:00,1.7999999523162842,1.809999942779541,1.7999999523162842,1.809999942779541,809,0.0,0.0
2023-11-30 11:30:00-05:00,1.784999966621399,1.784999966621399,1.750100016593933,1.750100016593933,1212,0.0,0.0
2023-11-30 12:30:00-05:00,1.7999999523162842,1.7999999523162842,1.7999999523162842,1.7999999523162842,2850,0.0,0.0
2023-11-30 15:30:00-05:00,1.7699999809265137,1.7899999618530273,1.7599999904632568,1.7599999904632568,1742,0.0,0.0
2023-12-01 09:30:00-05:00,1.7699999809265137,1.7899999618530273,1.7699999809265137,1.7899999618530273,1479,0.0,0.0
2023-12-01 10:30:00-05:00,1.7900999784469604,1.7900999784469604,1.7900999784469604,1.7900999784469604,375,0.0,0.0
2023-12-01 11:30:00-05:00,1.7899999618530273,1.7899999618530273,1.7610000371932983,1.7610000371932983,1150,0.0,0.0
2023-12-01 12:30:00-05:00,1.7799999713897705,1.7799999713897705,1.770799994468689,1.7799999713897705,1882,0.0,0.0
2023-12-01 13:30:00-05:00,1.7799999713897705,1.8250000476837158,1.7799999713897705,1.8250000476837158,924,0.0,0.0
2023-12-01 14:30:00-05:00,1.7999999523162842,1.7999999523162842,1.7702000141143799,1.7999999523162842,3009,0.0,0.0
2023-12-01 15:30:00-05:00,1.7799999713897705,1.7999999523162842,1.7699999809265137,1.7699999809265137,973,0.0,0.0
2023-12-04 09:30:00-05:00,1.809999942779541,1.9600000381469727,1.809999942779541,1.8799999952316284,0,0.0,0.0
2023-12-04 10:30:00-05:00,1.899999976158142,1.9399000406265259,1.8849999904632568,1.909999966621399,49953,0.0,0.0
2023-12-04 11:30:00-05:00,1.9149999618530273,1.9299999475479126,1.9149999618530273,1.9199999570846558,2868,0.0,0.0
2023-12-04 12:30:00-05:00,1.9299999475479126,1.9900000095367432,1.929900050163269,1.950700044631958,23073,0.0,0.0
2023-12-04 13:30:00-05:00,1.9500000476837158,1.9672000408172607,1.940000057220459,1.940000057220459,5798,0.0,0.0
2023-12-04 14:30:00-05:00,1.9400999546051025,1.9900000095367432,1.940000057220459,1.9701999425888062,4459,0.0,0.0
2023-12-04 15:30:00-05:00,1.9900000095367432,2.0,1.9836000204086304,1.9900000095367432,2048,0.0,0.0
2023-12-05 09:30:00-05:00,2.0,2.0,1.909999966621399,1.9800000190734863,5245,0.0,0.0
2023-12-05 10:30:00-05:00,1.9450000524520874,1.9450000524520874,1.940000057220459,1.940000057220459,1635,0.0,0.0
2023-12-05 11:30:00-05:00,1.9388999938964844,1.940000057220459,1.934999942779541,1.9399000406265259,7112,0.0,0.0
2023-12-05 12:30:00-05:00,1.9536000490188599,1.965000033378601,1.9505000114440918,1.9505000114440918,2442,0.0,0.0
2023-12-05 13:30:00-05:00,1.9900000095367432,2.0199999809265137,1.9900000095367432,2.0199999809265137,9387,0.0,0.0
2023-12-05 14:30:00-05:00,2.015000104904175,2.0250000953674316,2.012700080871582,2.020699977874756,1586,0.0,0.0
2023-12-05 15:30:00-05:00,2.0299999713897705,2.049999952316284,2.0250000953674316,2.049999952316284,14600,0.0,0.0
2023-12-06 09:30:00-05:00,1.9600000381469727,2.0292000770568848,1.9600000381469727,2.0292000770568848,7546,0.0,0.0
2023-12-06 10:30:00-05:00,2.0099000930786133,2.0299999713897705,2.0099000930786133,2.009999990463257,3403,0.0,0.0
2023-12-06 12:30:00-05:00,1.9901000261306763,2.0199999809265137,1.9901000261306763,2.0199999809265137,5857,0.0,0.0
2023-12-06 13:30:00-05:00,2.0283000469207764,2.0283000469207764,2.0,2.0185000896453857,2673,0.0,0.0
2023-12-06 14:30:00-05:00,2.02810001373291,2.02810001373291,2.02810001373291,2.02810001373291,336,0.0,0.0
2023-12-06 15:30:00-05:00,2.0,2.0199999809265137,2.0,2.0,2197,0.0,0.0
2023-12-07 09:30:00-05:00,2.0399999618530273,2.049999952316284,1.979599952697754,2.0299999713897705,14034,0.0,0.0
2023-12-07 10:30:00-05:00,2.0062999725341797,2.0062999725341797,2.0062999725341797,2.0062999725341797,1275,0.0,0.0
2023-12-07 11:30:00-05:00,1.9680999517440796,2.0299999713897705,1.9680999517440796,2.0299999713897705,4461,0.0,0.0
2023-12-07 12:30:00-05:00,2.0399999618530273,2.0399999618530273,2.0199999809265137,2.0199999809265137,1277,0.0,0.0
2023-12-07 14:30:00-05:00,2.0,2.0,1.9850000143051147,1.9900000095367432,511,0.0,0.0
2023-12-07 15:30:00-05:00,1.9800000190734863,1.9900000095367432,1.9700000286102295,1.9900000095367432,1605,0.0,0.0
2023-12-08 09:30:00-05:00,2.0,2.0248000621795654,1.9800000190734863,1.996999979019165,0,0.0,0.0
2023-12-08 10:30:00-05:00,2.01990008354187,2.01990008354187,1.9900000095367432,2.0,8866,0.0,0.0
2023-12-08 11:30:00-05:00,2.000200033187866,2.015000104904175,2.0,2.015000104904175,1016,0.0,0.0
2023-12-08 12:30:00-05:00,2.0006000995635986,2.015000104904175,2.0,2.005000114440918,3375,0.0,0.0
2023-12-08 13:30:00-05:00,2.009999990463257,2.009999990463257,2.0,2.0,4214,0.0,0.0
2023-12-08 14:30:00-05:00,2.0199999809265137,2.0199999809265137,1.9500000476837158,2.009999990463257,19124,0.0,0.0
2023-12-08 15:30:00-05:00,1.9900000095367432,2.0034000873565674,1.9199999570846558,1.9199999570846558,1101,0.0,0.0
2023-12-11 09:30:00-05:00,1.9199999570846558,1.9500000476837158,1.919700026512146,1.9500000476837158,6849,0.0,0.0
2023-12-11 10:30:00-05:00,1.9299999475479126,1.940000057220459,1.9299999475479126,1.940000057220459,263,0.0,0.0
2023-12-11 11:30:00-05:00,1.934999942779541,1.9982000589370728,1.934999942779541,1.9900000095367432,8457,0.0,0.0
2023-12-11 12:30:00-05:00,1.9900000095367432,1.9902000427246094,1.9800000190734863,1.9816999435424805,1369,0.0,0.0
2023-12-11 13:30:00-05:00,1.9809000492095947,1.98989999294281,1.9800000190734863,1.98989999294281,5759,0.0,0.0
2023-12-11 14:30:00-05:00,1.98989999294281,2.0,1.9500000476837158,1.9500999450683594,8716,0.0,0.0
2023-12-11 15:30:00-05:00,1.9700000286102295,2.009999990463257,1.9700000286102295,2.009999990463257,3085,0.0,0.0
2023-12-12 09:30:00-05:00,1.98989999294281,1.98989999294281,1.9700000286102295,1.9700000286102295,1643,0.0,0.0
2023-12-12 11:30:00-05:00,1.9601000547409058,1.9601000547409058,1.9601000547409058,1.9601000547409058,1180,0.0,0.0
2023-12-12 12:30:00-05:00,2.009999990463257,2.0199999809265137,1.9900000095367432,2.0199999809265137,6127,0.0,0.0
2023-12-12 14:30:00-05:00,1.9930000305175781,2.029900074005127,1.9930000305175781,2.029900074005127,3338,0.0,0.0
2023-12-12 15:30:00-05:00,2.015000104904175,2.0299999713897705,2.015000104904175,2.0299999713897705,792,0.0,0.0
2023-12-13 09:30:00-05:00,2.0,2.069999933242798,2.0,2.069999933242798,12856,0.0,0.0
2023-12-13 10:30:00-05:00,2.049999952316284,2.059999942779541,2.049999952316284,2.059999942779541,1207,0.0,0.0
2023-12-13 11:30:00-05:00,2.0434999465942383,2.0434999465942383,2.0234999656677246,2.0299999713897705,3067,0.0,0.0
2023-12-13 12:30:00-05:00,2.0385000705718994,2.0887999534606934,2.0350000858306885,2.0887999534606934,15270,0.0,0.0
2023-12-13 13:30:00-05:00,2.0899999141693115,2.1600000858306885,2.0899999141693115,2.1500000953674316,16843,0.0,0.0
2023-12-13 14:30:00-05:00,2.1500000953674316,2.190000057220459,2.1500000953674316,2.180000066757202,16493,0.0,0.0
2023-12-13 15:30:00-05:00,2.1700000762939453,2.190000057220459,2.1500000953674316,2.1500000953674316,15286,0.0,0.0
2023-12-14 09:30:00-05:00,2.200000047683716,2.380000114440918,2.200000047683716,2.3376998901367188,36067,0.0,0.0
2023-12-14 10:30:00-05:00,2.3355000019073486,2.3355000019073486,2.259999990463257,2.2725000381469727,11360,0.0,0.0
2023-12-14 11:30:00-05:00,2.200000047683716,2.299999952316284,2.200000047683716,2.2207000255584717,5329,0.0,0.0
2023-12-14 12:30:00-05:00,2.259999990463257,2.259999990463257,2.210099935531616,2.25,10644,0.0,0.0
2023-12-14 13:30:00-05:00,2.25,2.25,2.246500015258789,2.25,2712,0.0,0.0
2023-12-14 14:30:00-05:00,2.2049999237060547,2.25,2.200000047683716,2.2365000247955322,11604,0.0,0.0
2023-12-14 15:30:00-05:00,2.25,2.299999952316284,2.25,2.2750000953674316,7139,0.0,0.0
2023-12-15 09:30:00-05:00,2.25,2.3299999237060547,2.25,2.329900026321411,9775,0.0,0.0
2023-12-15 10:30:00-05:00,2.309999942779541,2.309999942779541,2.299999952316284,2.299999952316284,8996,0.0,0.0
2023-12-15 11:30:00-05:00,2.31030011177063,2.3350000381469727,2.31030011177063,2.3299999237060547,9258,0.0,0.0
2023-12-15 12:30:00-05:00,2.3399999141693115,2.4000000953674316,2.3399999141693115,2.4000000953674316,10181,0.0,0.0
2023-12-15 13:30:00-05:00,2.3701000213623047,2.390000104904175,2.359999895095825,2.380000114440918,13920,0.0,0.0
2023-12-15 14:30:00-05:00,2.359999895095825,2.4000000953674316,2.3299999237060547,2.3299999237060547,16795,0.0,0.0
2023-12-15 15:30:00-05:00,2.319999933242798,2.319999933242798,2.200000047683716,2.200000047683716,6516,0.0,0.0
2023-12-18 09:30:00-05:00,2.2100000381469727,2.259999990463257,2.2100000381469727,2.259999990463257,6263,0.0,0.0
2023-12-18 10:30:00-05:00,2.299999952316284,2.3299999237060547,2.2950000762939453,2.3299999237060547,4500,0.0,0.0
2023-12-18 11:30:00-05:00,2.315000057220459,2.3229000568389893,2.299999952316284,2.299999952316284,4023,0.0,0.0
2023-12-18 12:30:00-05:00,2.309999942779541,2.3299999237060547,2.2799999713897705,2.315000057220459,6687,0.0,0.0
2023-12-18 13:30:00-05:00,2.299999952316284,2.309799909591675,2.2300000190734863,2.259999990463257,1546,0.0,0.0
2023-12-18 14:30:00-05:00,2.2750000953674316,2.284600019454956,2.259999990463257,2.259999990463257,965,0.0,0.0
2023-12-18 15:30:00-05:00,2.2607998847961426,2.2699999809265137,2.2200000286102295,2.2200000286102295,3940,0.0,0.0
2023-12-19 09:30:00-05:00,2.2300000190734863,2.2799999713897705,2.214200019836426,2.2799999713897705,0,0.0,0.0
2023-12-19 10:30:00-05:00,2.259999990463257,2.2630999088287354,2.259999990463257,2.259999990463257,872,0.0,0.0
2023-12-19 11:30:00-05:00,2.26200008392334,2.279900074005127,2.2300000190734863,2.2300000190734863,1806,0.0,0.0
2023-12-19 12:30:00-05:00,2.2799999713897705,2.2799999713897705,2.2441999912261963,2.2500998973846436,1300,0.0,0.0
2023-12-19 13:30:00-05:00,2.265000104904175,2.2799999713897705,2.2583000659942627,2.2799999713897705,2838,0.0,0.0
2023-12-19 14:30:00-05:00,2.27020001411438,2.2799999713897705,2.243299961090088,2.243299961090088,7486,0.0,0.0
2023-12-19 15:30:00-05:00,2.2750000953674316,2.2799999713897705,2.2699999809265137,2.2750000953674316,0,0.0,0.0
2023-12-20 09:30:00-05:00,2.299999952316284,2.299999952316284,2.2200000286102295,2.25,12861,0.0,0.0
2023-12-20 10:30:00-05:00,2.25,2.259999990463257,2.2200000286102295,2.257999897003174,12324,0.0,0.0
2023-12-20 11:30:00-05:00,2.243799924850464,2.259999990463257,2.240499973297119,2.240499973297119,2911,0.0,0.0
2023-12-20 12:30:00-05:00,2.259999990463257,2.259999990463257,2.259999990463257,2.259999990463257,411,0.0,0.0
2023-12-20 13:30:00-05:00,2.23009991645813,2.259999990463257,2.2300000190734863,2.23009991645813,2943,0.0,0.0
2023-12-20 14:30:00-05:00,2.2360000610351562,2.2360000610351562,2.200000047683716,2.200000047683716,2583,0.0,0.0
2023-12-20 15:30:00-05:00,2.181999921798706,2.194999933242798,2.1700000762939453,2.1700000762939453,4513,0.0,0.0
2023-12-21 09:30:00-05:00,2.200000047683716,2.2249999046325684,2.180000066757202,2.1800999641418457,6404,0.0,0.0
2023-12-21 10:30:00-05:00,2.180000066757202,2.2090001106262207,2.1600000858306885,2.1600000858306885,8910,0.0,0.0
2023-12-21 11:30:00-05:00,2.1649999618530273,2.1700000762939453,2.1607000827789307,2.1649999618530273,14714,0.0,0.0
2023-12-21 12:30:00-05:00,2.1602001190185547,2.1700000762939453,2.160099983215332,2.160099983215332,1758,0.0,0.0
2023-12-21 13:30:00-05:00,2.1700000762939453,2.180000066757202,2.1500000953674316,2.1500000953674316,5982,0.0,0.0
2023-12-21 14:30:00-05:00,2.140000104904175,2.1600000858306885,2.109999895095825,2.119999885559082,7700,0.0,0.0
2023-12-21 15:30:00-05:00,2.110100030899048,2.1798999309539795,2.110100030899048,2.1798999309539795,11250,0.0,0.0
2023-12-22 09:30:00-05:00,2.0999999046325684,2.1600000858306885,2.069999933242798,2.119999885559082,42180,0.0,0.0
2023-12-22 10:30:00-05:00,2.1600000858306885,2.1600000858306885,2.118499994277954,2.119999885559082,2607,0.0,0.0
2023-12-22 11:30:00-05:00,2.1480000019073486,2.1500000953674316,2.130000114440918,2.140000104904175,4969,0.0,0.0
2023-12-22 12:30:00-05:00,2.130000114440918,2.130000114440918,2.119999885559082,2.119999885559082,1922,0.0,0.0
2023-12-22 13:30:00-05:00,2.119999885559082,2.119999885559082,2.069999933242798,2.069999933242798,5851,0.0,0.0
2023-12-22 14:30:00-05:00,2.0799999237060547,2.149899959564209,2.0799999237060547,2.119999885559082,2538,0.0,0.0
2023-12-22 15:30:00-05:00,2.130000114440918,2.130000114440918,2.0799999237060547,2.0899999141693115,6250,0.0,0.0
2023-12-26 09:30:00-05:00,2.0899999141693115,2.130500078201294,2.0899999141693115,2.1198999881744385,21098,0.0,0.0
2023-12-26 10:30:00-05:00,2.119999885559082,2.130000114440918,2.119999885559082,2.130000114440918,1595,0.0,0.0
2023-12-26 11:30:00-05:00,2.134999990463257,2.139899969100952,2.130000114440918,2.130000114440918,5358,0.0,0.0
2023-12-26 12:30:00-05:00,2.140000104904175,2.1419999599456787,2.140000104904175,2.1407999992370605,1276,0.0,0.0
2023-12-26 13:30:00-05:00,2.1489999294281006,2.1700000762939453,2.1489999294281006,2.1700000762939453,16989,0.0,0.0
2023-12-26 14:30:00-05:00,2.180000066757202,2.200000047683716,2.1700000762939453,2.190000057220459,7889,0.0,0.0
2023-12-26 15:30:00-05:00,2.200000047683716,2.2100000381469727,2.200000047683716,2.200000047683716,6272,0.0,0.0
2023-12-27 09:30:00-05:00,2.2300000190734863,2.2699999809265137,2.2100000381469727,2.2523999214172363,11894,0.0,0.0
2023-12-27 10:30:00-05:00,2.25,2.2699999809265137,2.25,2.265000104904175,2959,0.0,0.0
2023-12-27 11:30:00-05:00,2.2699999809265137,2.2899999618530273,2.265000104904175,2.2899999618530273,9076,0.0,0.0
2023-12-27 12:30:00-05:00,2.2899999618530273,2.359999895095825,2.2850000858306885,2.3450000286102295,13532,0.0,0.0
2023-12-27 13:30:00-05:00,2.3399999141693115,2.359999895095825,2.3399999141693115,2.349900007247925,2955,0.0,0.0
2023-12-27 14:30:00-05:00,2.3499999046325684,2.380000114440918,2.3499999046325684,2.3745999336242676,13977,0.0,0.0
2023-12-27 15:30:00-05:00,2.384999990463257,2.4000000953674316,2.375,2.3949999809265137,4005,0.0,0.0
2023-12-28 09:30:00-05:00,2.359999895095825,2.45989990234375,2.3399999141693115,2.4563000202178955,16879,0.0,0.0
2023-12-28 10:30:00-05:00,2.4600000381469727,2.490000009536743,2.4511001110076904,2.4600000381469727,10152,0.0,0.0
2023-12-28 11:30:00-05:00,2.4600000381469727,2.4700000286102295,2.4560999870300293,2.4600000381469727,6326,0.0,0.0
2023-12-28 12:30:00-05:00,2.4600000381469727,2.4679999351501465,2.4519999027252197,2.4519999027252197,3361,0.0,0.0
2023-12-28 13:30:00-05:00,2.4600000381469727,2.469899892807007,2.4598000049591064,2.469899892807007,3276,0.0,0.0
2023-12-28 14:30:00-05:00,2.4600000381469727,2.5,2.4600000381469727,2.4700000286102295,10673,0.0,0.0
2023-12-28 15:30:00-05:00,2.482300043106079,2.482300043106079,2.450000047683716,2.450000047683716,8390,0.0,0.0
2023-12-29 09:30:00-05:00,2.4100000858306885,2.4999001026153564,2.4100000858306885,2.460099935531616,0,0.0,0.0
2023-12-29 10:30:00-05:00,2.4700000286102295,2.4700000286102295,2.3519999980926514,2.4049999713897705,11544,0.0,0.0
2023-12-29 11:30:00-05:00,2.399899959564209,2.399899959564209,2.359999895095825,2.369999885559082,7262,0.0,0.0
2023-12-29 12:30:00-05:00,2.369999885559082,2.380000114440918,2.359999895095825,2.380000114440918,2479,0.0,0.0
2023-12-29 13:30:00-05:00,2.380000114440918,2.4600000381469727,2.380000114440918,2.380000114440918,5637,0.0,0.0
2023-12-29 14:30:00-05:00,2.380000114440918,2.390000104904175,2.369999885559082,2.369999885559082,10120,0.0,0.0
2023-12-29 15:30:00-05:00,2.380000114440918,2.4000000953674316,2.359999895095825,2.359999895095825,6864,0.0,0.0
2024-01-02 09:30:00-05:00,2.3499999046325684,2.409899950027466,2.3499999046325684,2.409899950027466,3357,0.0,0.0
2024-01-02 10:30:00-05:00,2.359999895095825,2.3673999309539795,2.3499999046325684,2.3499999046325684,7501,0.0,0.0
2024-01-02 11:30:00-05:00,2.389899969100952,2.389899969100952,2.389899969100952,2.389899969100952,5195,0.0,0.0
2024-01-02 12:30:00-05:00,2.3450000286102295,2.3450000286102295,2.3450000286102295,2.3450000286102295,1734,0.0,0.0
2024-01-02 13:30:00-05:00,2.3499999046325684,2.3499999046325684,2.299999952316284,2.299999952316284,8281,0.0,0.0
2024-01-02 14:30:00-05:00,2.31030011177063,2.3668999671936035,2.309999942779541,2.3668999671936035,1616,0.0,0.0
2024-01-02 15:30:00-05:00,2.309999942779541,2.3499999046325684,2.309999942779541,2.339900016784668,0,0.0,0.0
2024-01-03 09:30:00-05:00,2.2558999061584473,2.3299999237060547,2.2558999061584473,2.3299999237060547,1980,0.0,0.0
2024-01-03 10:30:00-05:00,2.3499999046325684,2.4000000953674316,2.3499999046325684,2.4000000953674316,455,0.0,0.0
2024-01-03 11:30:00-05:00,2.390000104904175,2.390000104904175,2.380000114440918,2.390000104904175,1062,0.0,0.0
2024-01-03 13:30:00-05:00,2.3499999046325684,2.3499999046325684,2.3499999046325684,2.3499999046325684,286,0.0,0.0
2024-01-03 14:30:00-05:00,2.299999952316284,2.299999952316284,2.2799999713897705,2.2799999713897705,1756,0.0,0.0
2024-01-03 15:30:00-05:00,2.299999952316284,2.299999952316284,2.299999952316284,2.299999952316284,1621,0.0,0.0
2024-01-04 09:30:00-05:00,2.319999933242798,2.4100000858306885,2.305000066757202,2.3499999046325684,4457,0.0,0.0
2024-01-04 10:30:00-05:00,2.369999885559082,2.3963000774383545,2.3645999431610107,2.3963000774383545,803,0.0,0.0
2024-01-04 11:30:00-05:00,2.4000000953674316,2.4000000953674316,2.3299999237060547,2.3399999141693115,941,0.0,0.0
2024-01-04 12:30:00-05:00,2.330399990081787,2.3399999141693115,2.330399990081787,2.3399999141693115,674,0.0,0.0
2024-01-04 13:30:00-05:00,2.3499999046325684,2.4100000858306885,2.3399999141693115,2.3399999141693115,4797,0.0,0.0
2024-01-04 14:30:00-05:00,2.359999895095825,2.390000104904175,2.359999895095825,2.375,1540,0.0,0.0
2024-01-04 15:30:00-05:00,2.390000104904175,2.4000000953674316,2.359999895095825,2.378999948501587,2738,0.0,0.0
2024-01-05 09:30:00-05:00,2.369999885559082,2.4000000953674316,2.299999952316284,2.3399999141693115,10278,0.0,0.0
2024-01-05 10:30:00-05:00,2.3450000286102295,2.359999895095825,2.309999942779541,2.359999895095825,6998,0.0,0.0
2024-01-05 11:30:00-05:00,2.3399999141693115,2.3399999141693115,2.309999942779541,2.3399999141693115,965,0.0,0.0
2024-01-05 12:30:00-05:00,2.3399999141693115,2.369999885559082,2.3399999141693115,2.369999885559082,922,0.0,0.0
2024-01-05 13:30:00-05:00,2.3399999141693115,2.3399999141693115,2.3399999141693115,2.3399999141693115,399,0.0,0.0
2024-01-05 14:30:00-05:00,2.3299999237060547,2.3399999141693115,2.319999933242798,2.3399999141693115,1930,0.0,0.0
2024-01-05 15:30:00-05:00,2.3399999141693115,2.3399999141693115,2.3299999237060547,2.3350000381469727,7338,0.0,0.0
2024-01-08 09:30:00-05:00,2.3299999237060547,2.3399999141693115,2.3299999237060547,2.338200092315674,989,0.0,0.0
2024-01-08 10:30:00-05:00,2.380000114440918,2.390000104904175,2.3561999797821045,2.3561999797821045,496,0.0,0.0
2024-01-08 11:30:00-05:00,2.361799955368042,2.361799955368042,2.361799955368042,2.361799955368042,281,0.0,0.0
2024-01-08 12:30:00-05:00,2.3538999557495117,2.3550000190734863,2.3499999046325684,2.3499999046325684,1029,0.0,0.0
2024-01-08 13:30:00-05:00,2.3550000190734863,2.359999895095825,2.3550000190734863,2.359999895095825,895,0.0,0.0
2024-01-08 14:30:00-05:00,2.369999885559082,2.369999885559082,2.3350000381469727,2.3399999141693115,23918,0.0,0.0
2024-01-08 15:30:00-05:00,2.3399999141693115,2.3399999141693115,2.2585999965667725,2.259999990463257,12172,0.0,0.0
2024-01-09 09:30:00-05:00,2.2899999618530273,2.349400043487549,2.2216999530792236,2.349400043487549,0,0.0,0.0
2024-01-09 10:30:00-05:00,2.3499999046325684,2.3499999046325684,2.259999990463257,2.259999990463257,201,0.0,0.0
2024-01-09 11:30:00-05:00,2.309999942779541,2.309999942779541,2.2692999839782715,2.2692999839782715,495,0.0,0.0
2024-01-09 12:30:00-05:00,2.259999990463257,2.259999990463257,2.259999990463257,2.259999990463257,1067,0.0,0.0
2024-01-09 13:30:00-05:00,2.269700050354004,2.2799999713897705,2.25,2.25,2990,0.0,0.0
2024-01-09 14:30:00-05:00,2.220099925994873,2.2899999618530273,2.220099925994873,2.2899999618530273,2949,0.0,0.0
2024-01-09 15:30:00-05:00,2.25,2.265500068664551,2.2200000286102295,2.265500068664551,0,0.0,0.0
2024-01-10 09:30:00-05:00,2.240000009536743,2.2799999713897705,2.2276999950408936,2.2799999713897705,2642,0.0,0.0
2024-01-10 10:30:00-05:00,2.2799999713897705,2.2799999713897705,2.2799999713897705,2.2799999713897705,154,0.0,0.0
2024-01-10 11:30:00-05:00,2.2260000705718994,2.2260000705718994,2.2260000705718994,2.2260000705718994,2209,0.0,0.0
2024-01-10 14:30:00-05:00,2.2795000076293945,2.2795000076293945,2.2795000076293945,2.2795000076293945,3213,0.0,0.0
2024-01-10 15:30:00-05:00,2.276099920272827,2.276099920272827,2.2300000190734863,2.2300000190734863,9411,0.0,0.0
2024-01-11 09:30:00-05:00,2.2699999809265137,2.3480000495910645,2.2699999809265137,2.3480000495910645,0,0.0,0.0
2024-01-11 10:30:00-05:00,2.2750000953674316,2.299999952316284,2.259999990463257,2.259999990463257,0,0.0,0.0
2024-01-11 11:30:00-05:00,2.266900062561035,2.2999000549316406,2.266900062561035,2.2999000549316406,32778,0.0,0.0
2024-01-11 12:30:00-05:00,2.2799999713897705,2.2799999713897705,2.2799999713897705,2.2799999713897705,314,0.0,0.0
2024-01-11 13:30:00-05:00,2.289599895477295,2.289599895477295,2.289599895477295,2.289599895477295,250,0.0,0.0
2024-01-11 14:30:00-05:00,2.2699999809265137,2.299999952316284,2.2600998878479004,2.299999952316284,9846,0.0,0.0
2024-01-11 15:30:00-05:00,2.299999952316284,2.299999952316284,2.299999952316284,2.299999952316284,0,0.0,0.0
2024-01-12 09:30:00-05:00,2.3299999237060547,2.3299999237060547,2.2799999713897705,2.2799999713897705,1328,0.0,0.0
2024-01-12 10:30:00-05:00,2.281399965286255,2.281399965286255,2.281399965286255,2.281399965286255,1083,0.0,0.0
2024-01-12 12:30:00-05:00,2.2839999198913574,2.2839999198913574,2.2839999198913574,2.2839999198913574,364,0.0,0.0
2024-01-12 13:30:00-05:00,2.2764999866485596,2.299999952316284,2.2764999866485596,2.2899999618530273,634,0.0,0.0
2024-01-12 14:30:00-05:00,2.2899999618530273,2.2899999618530273,2.2799999713897705,2.2799999713897705,895,0.0,0.0
2024-01-12 15:30:00-05:00,2.299999952316284,2.299999952316284,2.299999952316284,2.299999952316284,326,0.0,0.0
2024-01-16 09:30:00-05:00,2.259999990463257,2.2699999809265137,2.220099925994873,2.220099925994873,6552,0.0,0.0
2024-01-16 10:30:00-05:00,2.240000009536743,2.240000009536743,2.230600118637085,2.230600118637085,929,0.0,0.0
2024-01-16 11:30:00-05:00,2.259999990463257,2.2899999618530273,2.2230000495910645,2.2699999809265137,12603,0.0,0.0
2024-01-16 12:30:00-05:00,2.244999885559082,2.299999952316284,2.224100112915039,2.299999952316284,5754,0.0,0.0
2024-01-16 13:30:00-05:00,2.2799999713897705,2.2799999713897705,2.2799999713897705,2.2799999713897705,1042,0.0,0.0
2024-01-16 15:30:00-05:00,2.2799999713897705,2.2799999713897705,2.2699999809265137,2.2699999809265137,2057,0.0,0.0
2024-01-17 09:30:00-05:00,2.2699999809265137,2.2899999618530273,2.200000047683716,2.289900064468384,63555,0.0,0.0
2024-01-17 10:30:00-05:00,2.2400999069213867,2.2699999809265137,2.240000009536743,2.2551000118255615,2365,0.0,0.0
2024-01-17 11:30:00-05:00,2.2899999618530273,2.3299999237060547,2.265000104904175,2.2950000762939453,16035,0.0,0.0
2024-01-17 12:30:00-05:00,2.299999952316284,2.299999952316284,2.2799999713897705,2.2799999713897705,738,0.0,0.0
2024-01-17 13:30:00-05:00,2.299999952316284,2.299999952316284,2.299999952316284,2.299999952316284,467,0.0,0.0
2024-01-17 14:30:00-05:00,2.2699999809265137,2.2699999809265137,2.2699999809265137,2.2699999809265137,137,0.0,0.0
2024-01-17 15:30:00-05:00,2.299999952316284,2.299999952316284,2.259999990463257,2.2899999618530273,2894,0.0,0.0
2024-01-18 09:30:00-05:00,2.309999942779541,2.309999942779541,2.2850000858306885,2.2850000858306885,6732,0.0,0.0
2024-01-18 10:30:00-05:00,2.2702999114990234,2.2702999114990234,2.2702999114990234,2.2702999114990234,123,0.0,0.0
2024-01-18 11:30:00-05:00,2.299999952316284,2.309999942779541,2.2999000549316406,2.301100015640259,12373,0.0,0.0
2024-01-18 12:30:00-05:00,2.3299999237060547,2.3399999141693115,2.319999933242798,2.3201000690460205,2612,0.0,0.0
2024-01-18 13:30:00-05:00,2.319999933242798,2.319999933242798,2.319999933242798,2.319999933242798,175,0.0,0.0
2024-01-18 14:30:00-05:00,2.325000047683716,2.325000047683716,2.325000047683716,2.325000047683716,392,0.0,0.0
2024-01-18 15:30:00-05:00,2.309999942779541,2.3399999141693115,2.2899999618530273,2.29010009765625,3781,0.0,0.0
2024-01-19 09:30:00-05:00,2.3299999237060547,2.3299999237060547,2.2400999069213867,2.244999885559082,7515,0.0,0.0
2024-01-19 10:30:00-05:00,2.2400999069213867,2.2400999069213867,2.2400999069213867,2.2400999069213867,3221,0.0,0.0
2024-01-19 11:30:00-05:00,2.25,2.299999952316284,2.248800039291382,2.275099992752075,3581,0.0,0.0
2024-01-19 12:30:00-05:00,2.2701001167297363,2.2701001167297363,2.2699999809265137,2.2699999809265137,395,0.0,0.0
2024-01-19 13:30:00-05:00,2.270900011062622,2.299999952316284,2.270900011062622,2.299999952316284,1121,0.0,0.0
2024-01-19 14:30:00-05:00,2.299999952316284,2.315000057220459,2.299999952316284,2.3071000576019287,1387,0.0,0.0
2024-01-19 15:30:00-05:00,2.299999952316284,2.3399999141693115,2.299999952316284,2.3399999141693115,3728,0.0,0.0
2024-01-22 09:30:00-05:00,2.3399999141693115,2.3399999141693115,2.309999942779541,2.319999933242798,6342,0.0,0.0
2024-01-22 10:30:00-05:00,2.309999942779541,2.3399999141693115,2.299999952316284,2.299999952316284,2945,0.0,0.0
2024-01-22 11:30:00-05:00,2.309999942779541,2.329900026321411,2.299999952316284,2.309999942779541,4547,0.0,0.0
2024-01-22 12:30:00-05:00,2.309999942779541,2.309999942779541,2.299999952316284,2.299999952316284,1807,0.0,0.0
2024-01-22 14:30:00-05:00,2.309999942779541,2.309999942779541,2.299999952316284,2.309999942779541,1437,0.0,0.0
2024-01-22 15:30:00-05:00,2.309999942779541,2.309999942779541,2.2699999809265137,2.2899999618530273,4508,0.0,0.0
2024-01-23 09:30:00-05:00,2.2699999809265137,2.3299999237060547,2.2699999809265137,2.299999952316284,7346,0.0,0.0
2024-01-23 11:30:00-05:00,2.299999952316284,2.319999933242798,2.299999952316284,2.319999933242798,443,0.0,0.0
2024-01-23 12:30:00-05:00,2.309999942779541,2.3127999305725098,2.309999942779541,2.309999942779541,2642,0.0,0.0
2024-01-23 13:30:00-05:00,2.309999942779541,2.309999942779541,2.2799999713897705,2.2799999713897705,3320,0.0,0.0
2024-01-23 14:30:00-05:00,2.2799999713897705,2.2799999713897705,2.2699999809265137,2.2799999713897705,3047,0.0,0.0
2024-01-23 15:30:00-05:00,2.2899999618530273,2.2899999618530273,2.2699999809265137,2.2699999809265137,3608,0.0,0.0
2024-01-24 09:30:00-05:00,2.2699999809265137,2.309999942779541,2.2699999809265137,2.309999942779541,2245,0.0,0.0
2024-01-24 10:30:00-05:00,2.299999952316284,2.309999942779541,2.293299913406372,2.300100088119507,2683,0.0,0.0
2024-01-24 11:30:00-05:00,2.3101999759674072,2.319999933242798,2.3101999759674072,2.319999933242798,787,0.0,0.0
2024-01-24 12:30:00-05:00,2.3299999237060547,2.3399999141693115,2.325000047683716,2.325000047683716,3390,0.0,0.0
2024-01-24 13:30:00-05:00,2.309999942779541,2.3499999046325684,2.309999942779541,2.321000099182129,2411,0.0,0.0
2024-01-24 14:30:00-05:00,2.342099905014038,2.342099905014038,2.3324999809265137,2.3324999809265137,472,0.0,0.0
2024-01-24 15:30:00-05:00,2.338900089263916,2.338900089263916,2.299999952316284,2.299999952316284,1670,0.0,0.0
2024-01-25 09:30:00-05:00,2.3499999046325684,2.4800000190734863,2.3489999771118164,2.4800000190734863,13004,0.0,0.0
2024-01-25 10:30:00-05:00,2.4941999912261963,2.5,2.450000047683716,2.497999906539917,5199,0.0,0.0
2024-01-25 11:30:00-05:00,2.5,2.6700000762939453,2.5,2.5999999046325684,23988,0.0,0.0
2024-01-25 12:30:00-05:00,2.619999885559082,2.6361000537872314,2.589900016784668,2.5899999141693115,7230,0.0,0.0
2024-01-25 13:30:00-05:00,2.6117000579833984,2.628000020980835,2.5929999351501465,2.6050000190734863,4572,0.0,0.0
2024-01-25 14:30:00-05:00,2.609999895095825,2.640000104904175,2.609999895095825,2.625,16266,0.0,0.0
2024-01-25 15:30:00-05:00,2.6500000953674316,2.6600000858306885,2.5799999237060547,2.5799999237060547,23216,0.0,0.0
2024-01-26 09:30:00-05:00,2.680000066757202,2.7300000190734863,2.610100030899048,2.684799909591675,8366,0.0,0.0
2024-01-26 10:30:00-05:00,2.680000066757202,2.7499001026153564,2.674299955368042,2.7300000190734863,4892,0.0,0.0
2024-01-26 11:30:00-05:00,2.700000047683716,2.740000009536743,2.680000066757202,2.7300000190734863,19830,0.0,0.0
2024-01-26 12:30:00-05:00,2.7219998836517334,2.75,2.710099935531616,2.7497000694274902,5407,0.0,0.0
2024-01-26 13:30:00-05:00,2.75,2.7669999599456787,2.720099925994873,2.7669999599456787,3482,0.0,0.0
2024-01-26 14:30:00-05:00,2.76990008354187,2.8499999046325684,2.7520999908447266,2.8499999046325684,19548,0.0,0.0
2024-01-26 15:30:00-05:00,2.809999942779541,2.859999895095825,2.809999942779541,2.8299999237060547,16999,0.0,0.0
2024-01-29 09:30:00-05:00,2.880000114440918,3.1600000858306885,2.8499999046325684,3.075900077819824,42673,0.0,0.0
2024-01-29 10:30:00-05:00,3.078700065612793,3.140000104904175,3.0708999633789062,3.0999999046325684,15366,0.0,0.0
2024-01-29 11:30:00-05:00,3.090100049972534,3.119999885559082,3.069999933242798,3.069999933242798,12337,0.0,0.0
2024-01-29 12:30:00-05:00,3.0950000286102295,3.096299886703491,3.049999952316284,3.0950000286102295,11582,0.0,0.0
2024-01-29 13:30:00-05:00,3.1059999465942383,3.1059999465942383,3.059999942779541,3.075000047683716,2837,0.0,0.0
2024-01-29 14:30:00-05:00,3.109999895095825,3.109999895095825,3.0399999618530273,3.065500020980835,11344,0.0,0.0
2024-01-29 15:30:00-05:00,3.0399999618530273,3.0566000938415527,3.009999990463257,3.009999990463257,0,0.0,0.0
2024-01-30 09:30:00-05:00,3.0199999809265137,3.0399999618530273,2.848599910736084,3.0399999618530273,14911,0.0,0.0
2024-01-30 10:30:00-05:00,3.0397000312805176,3.059999942779541,2.9800000190734863,3.0199999809265137,12674,0.0,0.0
2024-01-30 11:30:00-05:00,3.049999952316284,3.0899999141693115,2.9923999309539795,3.0899999141693115,1793,0.0,0.0
2024-01-30 12:30:00-05:00,3.065000057220459,3.0999999046325684,3.059999942779541,3.0899999141693115,7604,0.0,0.0
2024-01-30 13:30:00-05:00,3.0999999046325684,3.240000009536743,3.0961999893188477,3.240000009536743,12160,0.0,0.0
2024-01-30 14:30:00-05:00,3.2372000217437744,3.2699999809265137,3.2149999141693115,3.2699999809265137,9159,0.0,0.0
2024-01-30 15:30:00-05:00,3.25,3.2818000316619873,3.200000047683716,3.2799999713897705,10133,0.0,0.0
2024-01-31 09:30:00-05:00,3.319999933242798,3.5399999618530273,3.2553000450134277,3.5364999771118164,33588,0.0,0.0
2024-01-31 10:30:00-05:00,3.5299999713897705,3.5299999713897705,3.2899999618530273,3.4000000953674316,12531,0.0,0.0
2024-01-31 11:30:00-05:00,3.390000104904175,3.4200000762939453,3.340100049972534,3.3459999561309814,5905,0.0,0.0
2024-01-31 12:30:00-05:00,3.380000114440918,3.380000114440918,3.309999942779541,3.319999933242798,3014,0.0,0.0
2024-01-31 13:30:00-05:00,3.380000114440918,3.4200000762939453,3.3399999141693115,3.4042000770568848,4065,0.0,0.0
2024-01-31 14:30:00-05:00,3.3499999046325684,3.3499999046325684,3.2421998977661133,3.255000114440918,12921,0.0,0.0
2024-01-31 15:30:00-05:00,3.2899999618530273,3.2899999618530273,3.259999990463257,3.2899999618530273,3055,0.0,0.0
2024-02-01 09:30:00-05:00,3.319999933242798,3.319999933242798,3.244999885559082,3.244999885559082,4226,0.0,0.0
2024-02-01 10:30:00-05:00,3.2476999759674072,3.2476999759674072,3.102099895477295,3.1054000854492188,2042,0.0,0.0
2024-02-01 11:30:00-05:00,3.1700000762939453,3.1700000762939453,3.006500005722046,3.141400098800659,13097,0.0,0.0
2024-02-01 12:30:00-05:00,3.130000114440918,3.1449999809265137,3.130000114440918,3.130000114440918,3878,0.0,0.0
2024-02-01 13:30:00-05:00,3.134999990463257,3.1600000858306885,3.119999885559082,3.1231000423431396,9193,0.0,0.0
2024-02-01 14:30:00-05:00,3.139899969100952,3.139899969100952,3.119999885559082,3.119999885559082,3748,0.0,0.0
2024-02-01 15:30:00-05:00,3.1289000511169434,3.134999990463257,3.109999895095825,3.119999885559082,5845,0.0,0.0
2024-02-02 09:30:00-05:00,3.0399999618530273,3.0999999046325684,3.020400047302246,3.069999933242798,7213,0.0,0.0
2024-02-02 10:30:00-05:00,3.049999952316284,3.1098999977111816,3.049999952316284,3.075000047683716,3882,0.0,0.0
2024-02-02 11:30:00-05:00,3.049999952316284,3.065000057220459,3.0299999713897705,3.065000057220459,5727,0.0,0.0
2024-02-02 12:30:00-05:00,3.04010009765625,3.0899999141693115,2.950000047683716,2.970099925994873,12549,0.0,0.0
2024-02-02 13:30:00-05:00,2.984999895095825,3.0,2.9800000190734863,2.985300064086914,6153,0.0,0.0
2024-02-02 14:30:00-05:00,3.009999990463257,3.009999990463257,2.994999885559082,3.0099000930786133,646,0.0,0.0
2024-02-02 15:30:00-05:00,2.9800000190734863,3.0199999809265137,2.9700000286102295,3.0199999809265137,4889,0.0,0.0
2024-02-05 09:30:00-05:00,3.009999990463257,3.119999885559082,3.009999990463257,3.0999999046325684,16372,0.0,0.0
2024-02-05 10:30:00-05:00,3.0999999046325684,3.2149999141693115,3.0701000690460205,3.1500000953674316,14469,0.0,0.0
2024-02-05 11:30:00-05:00,3.1500000953674316,3.180000066757202,3.0899999141693115,3.180000066757202,15752,0.0,0.0
2024-02-05 12:30:00-05:00,3.1301000118255615,3.2193000316619873,3.069999933242798,3.069999933242798,18118,0.0,0.0
2024-02-05 13:30:00-05:00,3.091399908065796,3.1352999210357666,3.091399908065796,3.1352999210357666,706,0.0,0.0
2024-02-05 14:30:00-05:00,3.0999999046325684,3.140000104904175,3.0999999046325684,3.139899969100952,2793,0.0,0.0
2024-02-05 15:30:00-05:00,3.135200023651123,3.140000104904175,3.130000114440918,3.140000104904175,3619,0.0,0.0
2024-02-06 09:30:00-05:00,3.180000066757202,3.2744998931884766,3.1700000762939453,3.2119998931884766,13466,0.0,0.0
2024-02-06 10:30:00-05:00,3.240000009536743,3.260699987411499,3.180000066757202,3.240000009536743,8224,0.0,0.0
2024-02-06 11:30:00-05:00,3.25,3.25,3.2000999450683594,3.2000999450683594,783,0.0,0.0
2024-02-06 12:30:00-05:00,3.234800100326538,3.240000009536743,3.234800100326538,3.240000009536743,731,0.0,0.0
2024-02-06 13:30:00-05:00,3.240000009536743,3.259999990463257,3.240000009536743,3.240000009536743,3876,0.0,0.0
2024-02-06 14:30:00-05:00,3.25,3.2699999809265137,3.2230000495910645,3.2230000495910645,8604,0.0,0.0
2024-02-06 15:30:00-05:00,3.2200000286102295,3.220099925994873,3.190000057220459,3.190000057220459,11158,0.0,0.0
2024-02-07 09:30:00-05:00,3.190000057220459,3.2899999618530273,3.190000057220459,3.2300000190734863,9684,0.0,0.0
2024-02-07 10:30:00-05:00,3.240000009536743,3.240000009536743,3.2200000286102295,3.2295000553131104,6741,0.0,0.0
2024-02-07 11:30:00-05:00,3.25,3.299999952316284,3.2200000286102295,3.2943999767303467,6978,0.0,0.0
2024-02-07 12:30:00-05:00,3.299999952316284,3.299999952316284,3.2600998878479004,3.299999952316284,6928,0.0,0.0
2024-02-07 13:30:00-05:00,3.3299999237060547,3.3399999141693115,3.325000047683716,3.3399999141693115,982,0.0,0.0
2024-02-07 14:30:00-05:00,3.3399999141693115,3.3399999141693115,3.300100088119507,3.312299966812134,2419,0.0,0.0
2024-02-07 15:30:00-05:00,3.299999952316284,3.3176000118255615,3.259999990463257,3.3176000118255615,16512,0.0,0.0
2024-02-08 09:30:00-05:00,3.2899999618530273,3.3798999786376953,3.2899999618530273,3.3499999046325684,7310,0.0,0.0
2024-02-08 10:30:00-05:00,3.368000030517578,3.4800000190734863,3.319999933242798,3.4800000190734863,12399,0.0,0.0
2024-02-08 11:30:00-05:00,3.4999001026153564,3.6191000938415527,3.4951999187469482,3.609999895095825,42692,0.0,0.0
2024-02-08 12:30:00-05:00,3.630000114440918,3.7899999618530273,3.630000114440918,3.759999990463257,30829,0.0,0.0
2024-02-08 13:30:00-05:00,3.6989998817443848,3.7820000648498535,3.690000057220459,3.690000057220459,19274,0.0,0.0
2024-02-08 14:30:00-05:00,3.680000066757202,3.700000047683716,3.659600019454956,3.700000047683716,8048,0.0,0.0
2024-02-08 15:30:00-05:00,3.6867001056671143,3.859999895095825,3.6800999641418457,3.8299999237060547,26786,0.0,0.0
2024-02-09 09:30:00-05:00,3.880000114440918,3.9200000762939453,3.6863999366760254,3.690000057220459,40688,0.0,0.0
2024-02-09 10:30:00-05:00,3.690000057220459,3.75,3.6898999214172363,3.75,9822,0.0,0.0
2024-02-09 11:30:00-05:00,3.8041000366210938,3.9600000381469727,3.8041000366210938,3.9600000381469727,15989,0.0,0.0
2024-02-09 12:30:00-05:00,3.9700000286102295,4.2769999504089355,3.944999933242798,4.07919979095459,57993,0.0,0.0
2024-02-09 13:30:00-05:00,4.079999923706055,4.289999961853027,4.079999923706055,4.289999961853027,32280,0.0,0.0
2024-02-09 14:30:00-05:00,4.320000171661377,4.677499771118164,4.275000095367432,4.599899768829346,81291,0.0,0.0
2024-02-09 15:30:00-05:00,4.599999904632568,4.920000076293945,4.5767998695373535,4.78000020980835,55067,0.0,0.0
2024-02-12 09:30:00-05:00,4.789999961853027,5.179999828338623,4.744999885559082,4.861999988555908,164775,0.0,0.0
2024-02-12 10:30:00-05:00,4.860000133514404,4.860000133514404,4.258500099182129,4.619999885559082,69153,0.0,0.0
2024-02-12 11:30:00-05:00,4.625,4.840000152587891,4.570000171661377,4.840000152587891,27305,0.0,0.0
2024-02-12 12:30:00-05:00,4.839600086212158,4.849999904632568,4.644999980926514,4.675000190734863,16915,0.0,0.0
2024-02-12 13:30:00-05:00,4.670000076293945,4.671199798583984,4.583499908447266,4.583499908447266,6354,0.0,0.0
2024-02-12 14:30:00-05:00,4.559999942779541,4.659999847412109,4.430099964141846,4.510000228881836,16401,0.0,0.0
2024-02-12 15:30:00-05:00,4.510000228881836,4.510000228881836,4.400000095367432,4.494999885559082,26499,0.0,0.0
2024-02-13 09:30:00-05:00,4.420000076293945,4.449999809265137,4.019999980926514,4.059999942779541,57280,0.0,0.0
2024-02-13 10:30:00-05:00,4.020100116729736,4.079999923706055,3.8499999046325684,3.990000009536743,69873,0.0,0.0
2024-02-13 11:30:00-05:00,4.028900146484375,4.089900016784668,3.9797000885009766,4.089900016784668,21734,0.0,0.0
2024-02-13 12:30:00-05:00,4.059999942779541,4.079999923706055,4.0071001052856445,4.079999923706055,8523,0.0,0.0
2024-02-13 13:30:00-05:00,4.079999923706055,4.080100059509277,3.799999952316284,3.880000114440918,18940,0.0,0.0
2024-02-13 14:30:00-05:00,3.869999885559082,3.880000114440918,3.848900079727173,3.848900079727173,5175,0.0,0.0
2024-02-13 15:30:00-05:00,3.8499999046325684,3.8598999977111816,3.6500000953674316,3.7200000286102295,35035,0.0,0.0
2024-02-14 09:30:00-05:00,3.930000066757202,3.9349000453948975,3.2200000286102295,3.259999990463257,119307,0.0,0.0
2024-02-14 10:30:00-05:00,3.2679998874664307,3.4800000190734863,3.140000104904175,3.4200000762939453,102916,0.0,0.0
2024-02-14 11:30:00-05:00,3.4272000789642334,3.450000047683716,3.2880001068115234,3.319999933242798,29257,0.0,0.0
2024-02-14 12:30:00-05:00,3.3550000190734863,3.390000104904175,3.259999990463257,3.390000104904175,11685,0.0,0.0
2024-02-14 13:30:00-05:00,3.3408000469207764,3.375,3.2799999713897705,3.2799999713897705,6594,0.0,0.0
2024-02-14 14:30:00-05:00,3.319999933242798,3.4000000953674316,3.2699999809265137,3.3299999237060547,17626,0.0,0.0
2024-02-14 15:30:00-05:00,3.369999885559082,3.450000047683716,3.351300001144409,3.4200000762939453,16307,0.0,0.0
2024-02-15 09:30:00-05:00,3.4100000858306885,3.430000066757202,3.299999952316284,3.299999952316284,21632,0.0,0.0
2024-02-15 10:30:00-05:00,3.299999952316284,3.380000114440918,3.299999952316284,3.3299999237060547,16670,0.0,0.0
2024-02-15 11:30:00-05:00,3.359999895095825,3.3798999786376953,3.299999952316284,3.319999933242798,15801,0.0,0.0
2024-02-15 12:30:00-05:00,3.2699999809265137,3.30049991607666,3.2699999809265137,3.30049991607666,2260,0.0,0.0
2024-02-15 13:30:00-05:00,3.319999933242798,3.4800000190734863,3.3199000358581543,3.4749999046325684,28086,0.0,0.0
2024-02-15 14:30:00-05:00,3.4600000381469727,3.640000104904175,3.4600000381469727,3.630000114440918,11615,0.0,0.0
2024-02-15 15:30:00-05:00,3.619999885559082,3.640000104904175,3.505000114440918,3.569999933242798,21161,0.0,0.0
2024-02-16 09:30:00-05:00,3.549999952316284,3.630000114440918,3.5299999713897705,3.5517001152038574,23299,0.0,0.0
2024-02-16 10:30:00-05:00,3.630000114440918,3.680000066757202,3.5804998874664307,3.680000066757202,5771,0.0,0.0
2024-02-16 11:30:00-05:00,3.6500000953674316,3.8399999141693115,3.6401000022888184,3.819999933242798,11435,0.0,0.0
2024-02-16 12:30:00-05:00,3.670099973678589,4.259900093078613,3.670099973678589,4.13100004196167,36017,0.0,0.0
2024-02-16 13:30:00-05:00,4.099999904632568,4.099999904632568,4.0,4.011300086975098,3636,0.0,0.0
2024-02-16 14:30:00-05:00,4.090000152587891,4.172900199890137,4.070000171661377,4.110000133514404,16315,0.0,0.0
2024-02-16 15:30:00-05:00,4.119999885559082,4.409999847412109,4.114999771118164,4.400000095367432,30014,0.0,0.0
2024-02-20 09:30:00-05:00,4.150000095367432,4.489999771118164,4.090000152587891,4.150000095367432,74152,0.0,0.0
2024-02-20 10:30:00-05:00,4.145999908447266,4.210000038146973,4.140100002288818,4.210000038146973,7103,0.0,0.0
2024-02-20 11:30:00-05:00,4.260000228881836,4.260000228881836,4.25,4.25,1567,0.0,0.0
2024-02-20 12:30:00-05:00,4.28980016708374,4.28980016708374,4.179999828338623,4.179999828338623,5733,0.0,0.0
2024-02-20 13:30:00-05:00,4.170000076293945,4.170000076293945,4.059999942779541,4.125,6301,0.0,0.0
2024-02-20 14:30:00-05:00,4.079599857330322,4.110000133514404,4.03000020980835,4.079599857330322,8374,0.0,0.0
2024-02-20 15:30:00-05:00,4.110000133514404,4.110000133514404,4.050000190734863,4.070000171661377,7150,0.0,0.0
2024-02-21 09:30:00-05:00,4.0,4.019999980926514,3.609999895095825,3.869999885559082,58861,0.0,0.0
2024-02-21 10:30:00-05:00,3.890000104904175,3.890000104904175,3.819999933242798,3.819999933242798,3279,0.0,0.0
2024-02-21 11:30:00-05:00,3.8399999141693115,3.9000000953674316,3.799999952316284,3.890000104904175,4948,0.0,0.0
2024-02-21 12:30:00-05:00,3.875,3.875,3.8101000785827637,3.8101000785827637,2672,0.0,0.0
2024-02-21 13:30:00-05:00,3.809999942779541,3.864500045776367,3.799999952316284,3.799999952316284,8380,0.0,0.0
2024-02-21 14:30:00-05:00,3.803100109100342,3.8299999237060547,3.759999990463257,3.759999990463257,11136,0.0,0.0
2024-02-21 15:30:00-05:00,3.7200000286102295,3.7699999809265137,3.5199999809265137,3.5199999809265137,15558,0.0,0.0
2024-02-22 09:30:00-05:00,3.5,3.889899969100952,3.5,3.880000114440918,28879,0.0,0.0
2024-02-22 10:30:00-05:00,3.8808999061584473,3.9700000286102295,3.8055999279022217,3.9700000286102295,27816,0.0,0.0
2024-02-22 11:30:00-05:00,3.9414000511169434,4.050000190734863,3.9000000953674316,3.906599998474121,12671,0.0,0.0
2024-02-22 12:30:00-05:00,3.9863998889923096,3.990000009536743,3.9049999713897705,3.9500999450683594,3461,0.0,0.0
2024-02-22 13:30:00-05:00,3.9549999237060547,3.990000009536743,3.950000047683716,3.959700107574463,2920,0.0,0.0
2024-02-22 14:30:00-05:00,3.9514999389648438,3.9514999389648438,3.8403000831604004,3.8550000190734863,11972,0.0,0.0
2024-02-22 15:30:00-05:00,3.8399999141693115,3.880000114440918,3.7899999618530273,3.799999952316284,14499,0.0,0.0
2024-02-23 09:30:00-05:00,3.809999942779541,3.8499999046325684,3.7200000286102295,3.7899999618530273,10221,0.0,0.0
2024-02-23 10:30:00-05:00,3.7899999618530273,3.838900089263916,3.7899999618530273,3.838900089263916,1756,0.0,0.0
2024-02-23 11:30:00-05:00,3.819999933242798,3.976799964904785,3.819999933242798,3.9600000381469727,6558,0.0,0.0
2024-02-23 12:30:00-05:00,3.9700000286102295,3.9700000286102295,3.930000066757202,3.950000047683716,4022,0.0,0.0
2024-02-23 13:30:00-05:00,3.924999952316284,3.940000057220459,3.914400100708008,3.914400100708008,2745,0.0,0.0
2024-02-23 14:30:00-05:00,3.930000066757202,3.990000009536743,3.930000066757202,3.950000047683716,7321,0.0,0.0
2024-02-23 15:30:00-05:00,3.9800000190734863,3.9800000190734863,3.9000000953674316,3.9149999618530273,8438,0.0,0.0
2024-02-26 09:30:00-05:00,3.9000000953674316,4.099999904632568,3.8399999141693115,4.099999904632568,38909,0.0,0.0
2024-02-26 10:30:00-05:00,4.159999847412109,4.159999847412109,4.019999980926514,4.03000020980835,12739,0.0,0.0
2024-02-26 11:30:00-05:00,4.03000020980835,4.03000020980835,3.98009991645813,4.010000228881836,9034,0.0,0.0
2024-02-26 12:30:00-05:00,3.981800079345703,4.03000020980835,3.9800000190734863,4.019999980926514,2308,0.0,0.0
2024-02-26 13:30:00-05:00,4.03000020980835,4.03000020980835,4.0,4.0,2707,0.0,0.0
2024-02-26 14:30:00-05:00,3.98009991645813,4.0,3.9700000286102295,3.9700000286102295,9556,0.0,0.0
2024-02-26 15:30:00-05:00,3.9700000286102295,4.0,3.9600000381469727,4.0,6687,0.0,0.0
2024-02-27 09:30:00-05:00,4.019999980926514,4.25,4.019999980926514,4.070000171661377,11691,0.0,0.0
2024-02-27 10:30:00-05:00,4.048799991607666,4.130000114440918,4.045899868011475,4.090000152587891,3573,0.0,0.0
2024-02-27 11:30:00-05:00,4.051000118255615,4.128399848937988,4.04010009765625,4.075099945068359,3140,0.0,0.0
2024-02-27 12:30:00-05:00,4.129199981689453,4.130000114440918,4.019999980926514,4.039999961853027,4862,0.0,0.0
2024-02-27 13:30:00-05:00,4.050000190734863,4.050000190734863,4.039999961853027,4.050000190734863,359,0.0,0.0
2024-02-27 14:30:00-05:00,4.019999980926514,4.019999980926514,4.0,4.0,2944,0.0,0.0
2024-02-27 15:30:00-05:00,4.0,4.03000020980835,4.0,4.03000020980835,2396,0.0,0.0
2024-02-28 09:30:00-05:00,4.010000228881836,4.089900016784668,4.0,4.025000095367432,8071,0.0,0.0
2024-02-28 10:30:00-05:00,4.050000190734863,4.050000190734863,4.0,4.010000228881836,9559,0.0,0.0
2024-02-28 11:30:00-05:00,4.050000190734863,4.094299793243408,4.019999980926514,4.019999980926514,1499,0.0,0.0
2024-02-28 12:30:00-05:00,4.050000190734863,4.050000190734863,4.04010009765625,4.04010009765625,1066,0.0,0.0
2024-02-28 13:30:00-05:00,4.079999923706055,4.079999923706055,4.03000020980835,4.03000020980835,626,0.0,0.0
2024-02-28 14:30:00-05:00,4.059999942779541,4.182600021362305,3.9100000858306885,4.034999847412109,6725,0.0,0.0
2024-02-28 15:30:00-05:00,4.010000228881836,4.059999942779541,3.9700000286102295,4.059999942779541,0,0.0,0.0
2024-02-29 09:30:00-05:00,4.070000171661377,4.145299911499023,4.034999847412109,4.034999847412109,7150,0.0,0.0
2024-02-29 10:30:00-05:00,4.0,4.0,3.9600000381469727,3.9600000381469727,8072,0.0,0.0
2024-02-29 11:30:00-05:00,3.9600000381469727,3.9649999141693115,3.9200000762939453,3.9200000762939453,952,0.0,0.0
2024-02-29 12:30:00-05:00,3.9049999713897705,4.0,3.888200044631958,4.0,3803,0.0,0.0
2024-02-29 13:30:00-05:00,4.010000228881836,4.010000228881836,4.010000228881836,4.010000228881836,275,0.0,0.0
2024-02-29 14:30:00-05:00,3.9800000190734863,4.019000053405762,3.940000057220459,3.984999895095825,1265,0.0,0.0
2024-02-29 15:30:00-05:00,3.984999895095825,3.984999895095825,3.940000057220459,3.9800000190734863,8415,0.0,0.0
2024-03-01 09:30:00-05:00,3.990000009536743,3.994999885559082,3.9526000022888184,3.9526000022888184,2202,0.0,0.0
2024-03-01 10:30:00-05:00,3.9500999450683594,4.035099983215332,3.9500999450683594,4.0,3091,0.0,0.0
2024-03-01 11:30:00-05:00,4.019999980926514,4.019999980926514,3.9700000286102295,3.9800000190734863,1649,0.0,0.0
2024-03-01 12:30:00-05:00,4.0,4.0,4.0,4.0,780,0.0,0.0
2024-03-01 13:30:00-05:00,3.990000009536743,4.159999847412109,3.990000009536743,4.150000095367432,5934,0.0,0.0
2024-03-01 14:30:00-05:00,4.150000095367432,4.1545000076293945,4.05109977722168,4.120999813079834,2926,0.0,0.0
2024-03-01 15:30:00-05:00,4.110000133514404,4.119999885559082,4.010000228881836,4.103700160980225,6282,0.0,0.0
2024-03-04 09:30:00-05:00,4.170000076293945,4.570000171661377,4.119999885559082,4.485000133514404,100988,0.0,0.0
2024-03-04 10:30:00-05:00,4.480000019073486,4.530099868774414,4.440000057220459,4.530099868774414,24445,0.0,0.0
2024-03-04 11:30:00-05:00,4.539299964904785,4.590000152587891,4.529900074005127,4.5883002281188965,8010,0.0,0.0
2024-03-04 12:30:00-05:00,4.5655999183654785,4.589399814605713,4.470099925994873,4.480000019073486,16834,0.0,0.0
2024-03-04 13:30:00-05:00,4.510000228881836,4.539999961853027,4.460000038146973,4.539999961853027,6009,0.0,0.0
2024-03-04 14:30:00-05:00,4.539999961853027,4.599999904632568,4.517499923706055,4.570000171661377,7786,0.0,0.0
2024-03-04 15:30:00-05:00,4.579999923706055,4.690000057220459,4.570000171661377,4.590000152587891,32762,0.0,0.0
2024-03-05 09:30:00-05:00,4.630000114440918,4.679999828338623,4.28000020980835,4.289999961853027,31658,0.0,0.0
2024-03-05 10:30:00-05:00,4.260000228881836,4.289999961853027,3.7899999618530273,4.0817999839782715,28708,0.0,0.0
2024-03-05 11:30:00-05:00,4.0320000648498535,4.054999828338623,3.9600000381469727,3.9600000381469727,9869,0.0,0.0
2024-03-05 12:30:00-05:00,3.9600000381469727,4.019999980926514,3.819999933242798,3.890000104904175,12670,0.0,0.0
2024-03-05 13:30:00-05:00,3.880000114440918,3.934000015258789,3.680000066757202,3.690000057220459,14081,0.0,0.0
2024-03-05 14:30:00-05:00,3.7100000381469727,3.732100009918213,3.6500000953674316,3.6700000762939453,14232,0.0,0.0
2024-03-05 15:30:00-05:00,3.6700000762939453,3.6700000762939453,3.5299999713897705,3.555000066757202,44456,0.0,0.0
2024-03-06 09:30:00-05:00,3.5999999046325684,3.884999990463257,3.5899999141693115,3.7300000190734863,28882,0.0,0.0
2024-03-06 10:30:00-05:00,3.6500000953674316,3.7850000858306885,3.6500000953674316,3.75,3080,0.0,0.0
2024-03-06 11:30:00-05:00,3.7899999618530273,3.8299999237060547,3.700000047683716,3.708400011062622,3454,0.0,0.0
2024-03-06 12:30:00-05:00,3.7699999809265137,3.7799999713897705,3.7300000190734863,3.7699999809265137,1605,0.0,0.0
2024-03-06 13:30:00-05:00,3.7400999069213867,3.809999942779541,3.740000009536743,3.800100088119507,6422,0.0,0.0
2024-03-06 14:30:00-05:00,3.819999933242798,3.819999933242798,3.6600000858306885,3.75,6425,0.0,0.0
2024-03-06 15:30:00-05:00,3.75,3.75,3.700000047683716,3.747999906539917,9704,0.0,0.0
2024-03-07 09:30:00-05:00,3.809999942779541,3.8747000694274902,3.809999942779541,3.8747000694274902,9103,0.0,0.0
2024-03-07 10:30:00-05:00,3.8301000595092773,3.859999895095825,3.799999952316284,3.799999952316284,7856,0.0,0.0
2024-03-07 11:30:00-05:00,3.7750000953674316,3.7750000953674316,3.7750000953674316,3.7750000953674316,926,0.0,0.0
2024-03-07 12:30:00-05:00,3.7799999713897705,3.8299999237060547,3.779900074005127,3.8299999237060547,4566,0.0,0.0
2024-03-07 13:30:00-05:00,3.819999933242798,3.819999933242798,3.819999933242798,3.819999933242798,225,0.0,0.0
2024-03-07 14:30:00-05:00,3.7699999809265137,3.7699999809265137,3.680000066757202,3.7049999237060547,6467,0.0,0.0
2024-03-07 15:30:00-05:00,3.6600000858306885,3.7699999809265137,3.6600000858306885,3.759999990463257,14876,0.0,0.0
2024-03-08 09:30:00-05:00,3.7899999618530273,3.869999885559082,3.7144999504089355,3.823699951171875,0,0.0,0.0
2024-03-08 10:30:00-05:00,3.8499999046325684,4.0,3.8499999046325684,3.990000009536743,14980,0.0,0.0
2024-03-08 11:30:00-05:00,3.9737000465393066,3.9737000465393066,3.869999885559082,3.9100000858306885,3102,0.0,0.0
2024-03-08 12:30:00-05:00,3.8612000942230225,3.9165000915527344,3.8612000942230225,3.9165000915527344,2976,0.0,0.0
2024-03-08 13:30:00-05:00,3.9000000953674316,3.9149999618530273,3.860100030899048,3.860100030899048,9492,0.0,0.0
2024-03-08 15:30:00-05:00,3.9000000953674316,3.9200000762939453,3.8299999237060547,3.8299999237060547,11687,0.0,0.0
2024-03-11 09:30:00-04:00,3.8399999141693115,3.8399999141693115,3.662899971008301,3.7100000381469727,17052,0.0,0.0
2024-03-11 10:30:00-04:00,3.700000047683716,3.700000047683716,3.634999990463257,3.640000104904175,3045,0.0,0.0
2024-03-11 11:30:00-04:00,3.630199909210205,3.6303000450134277,3.450000047683716,3.5,12938,0.0,0.0
2024-03-11 12:30:00-04:00,3.509999990463257,3.509999990463257,3.4200000762939453,3.4200000762939453,13372,0.0,0.0
2024-03-11 13:30:00-04:00,3.430000066757202,3.4600000381469727,3.380000114440918,3.390000104904175,11642,0.0,0.0
2024-03-11 14:30:00-04:00,3.4238998889923096,3.4238998889923096,3.180000066757202,3.200000047683716,20172,0.0,0.0
2024-03-11 15:30:00-04:00,3.1800999641418457,3.2200000286102295,3.109999895095825,3.1700000762939453,24120,0.0,0.0
2024-03-12 09:30:00-04:00,3.240000009536743,3.3499999046325684,3.2300000190734863,3.3499999046325684,9422,0.0,0.0
2024-03-12 10:30:00-04:00,3.3399999141693115,3.3399999141693115,3.3301000595092773,3.3320000171661377,1089,0.0,0.0
2024-03-12 11:30:00-04:00,3.380000114440918,3.4026999473571777,3.299999952316284,3.3499999046325684,8323,0.0,0.0
2024-03-12 12:30:00-04:00,3.325000047683716,3.5371999740600586,3.299999952316284,3.4700000286102295,28827,0.0,0.0
2024-03-12 13:30:00-04:00,3.5,3.565000057220459,3.5,3.565000057220459,5410,0.0,0.0
2024-03-12 14:30:00-04:00,3.5601000785827637,3.680000066757202,3.5601000785827637,3.6500000953674316,3802,0.0,0.0
2024-03-12 15:30:00-04:00,3.640000104904175,3.680000066757202,3.5799999237060547,3.6500000953674316,14444,0.0,0.0
2024-03-13 09:30:00-04:00,3.5999999046325684,3.74180006980896,3.4500999450683594,3.6050000190734863,5755,0.0,0.0
2024-03-13 10:30:00-04:00,3.5778000354766846,3.6500000953674316,3.490000009536743,3.490000009536743,25053,0.0,0.0
2024-03-13 11:30:00-04:00,3.6700000762939453,3.6777000427246094,3.490000009536743,3.490000009536743,9265,0.0,0.0
2024-03-13 12:30:00-04:00,3.640000104904175,3.640000104904175,3.575000047683716,3.575000047683716,1823,0.0,0.0
2024-03-13 13:30:00-04:00,3.5999999046325684,3.630000114440918,3.549999952316284,3.619999885559082,6379,0.0,0.0
2024-03-13 14:30:00-04:00,3.5947999954223633,3.630000114440918,3.5947999954223633,3.6142001152038574,1510,0.0,0.0
2024-03-13 15:30:00-04:00,3.609999895095825,3.740000009536743,3.609999895095825,3.7100000381469727,9238,0.0,0.0
2024-03-14 09:30:00-04:00,3.6500000953674316,3.689199924468994,3.3399999141693115,3.3499999046325684,51945,0.0,0.0
2024-03-14 10:30:00-04:00,3.2600998878479004,3.4000000953674316,3.2300000190734863,3.369999885559082,14002,0.0,0.0
2024-03-14 11:30:00-04:00,3.368000030517578,3.5999999046325684,3.359999895095825,3.5829999446868896,9828,0.0,0.0
2024-03-14 12:30:00-04:00,3.5799999237060547,3.5799999237060547,3.430000066757202,3.5611000061035156,10003,0.0,0.0
2024-03-14 13:30:00-04:00,3.535799980163574,3.535799980163574,3.5,3.5,5266,0.0,0.0
2024-03-14 14:30:00-04:00,3.450000047683716,3.4700000286102295,3.434999942779541,3.434999942779541,6377,0.0,0.0
2024-03-14 15:30:00-04:00,3.434999942779541,3.498300075531006,3.380000114440918,3.490000009536743,16495,0.0,0.0
2024-03-15 09:30:00-04:00,3.059999942779541,3.4047999382019043,3.059999942779541,3.4047999382019043,24969,0.0,0.0
2024-03-15 10:30:00-04:00,3.2899999618530273,3.322999954223633,3.2899999618530273,3.299999952316284,7252,0.0,0.0
2024-03-15 11:30:00-04:00,3.3201000690460205,3.3499999046325684,3.210099935531616,3.210099935531616,10100,0.0,0.0
2024-03-15 12:30:00-04:00,3.3399999141693115,3.3499999046325684,3.069999933242798,3.109999895095825,18332,0.0,0.0
2024-03-15 13:30:00-04:00,3.0999999046325684,3.1700000762939453,3.049999952316284,3.059999942779541,9635,0.0,0.0
2024-03-15 14:30:00-04:00,3.069999933242798,3.1222000122070312,2.7699999809265137,2.9100000858306885,50666,0.0,0.0
2024-03-15 15:30:00-04:00,2.8299999237060547,2.9200000762939453,2.809999942779541,2.8273000717163086,42332,0.0,0.0
2024-03-18 09:30:00-04:00,2.75,2.944999933242798,2.609999895095825,2.890000104904175,62842,0.0,0.0
2024-03-18 10:30:00-04:00,2.930000066757202,3.0799999237060547,2.9193999767303467,3.0299999713897705,11689,0.0,0.0
2024-03-18 11:30:00-04:00,2.984999895095825,3.2100000381469727,2.984999895095825,2.990000009536743,27747,0.0,0.0
2024-03-18 12:30:00-04:00,2.984999895095825,3.0799999237060547,2.984999895095825,3.049999952316284,12507,0.0,0.0
2024-03-18 13:30:00-04:00,3.049999952316284,3.0899999141693115,2.9700000286102295,3.0299999713897705,30964,0.0,0.0
2024-03-18 14:30:00-04:00,3.0199999809265137,3.0299999713897705,2.930000066757202,3.0299999713897705,10432,0.0,0.0
2024-03-18 15:30:00-04:00,3.0299999713897705,3.0799999237060547,2.950000047683716,2.9600000381469727,20525,0.0,0.0
2024-03-19 09:30:00-04:00,2.9000000953674316,2.9000000953674316,2.810800075531006,2.8564000129699707,6689,0.0,0.0
2024-03-19 10:30:00-04:00,2.8889999389648438,2.9600000381469727,2.8889999389648438,2.930000066757202,7576,0.0,0.0
2024-03-19 11:30:00-04:00,2.950000047683716,2.9600000381469727,2.859999895095825,2.9361000061035156,13438,0.0,0.0
2024-03-19 12:30:00-04:00,2.968899965286255,3.0199999809265137,2.924299955368042,2.9600000381469727,9381,0.0,0.0
2024-03-19 13:30:00-04:00,2.9635000228881836,3.0299999713897705,2.9600000381469727,2.984999895095825,8324,0.0,0.0
2024-03-19 14:30:00-04:00,2.9742000102996826,3.0199999809265137,2.9000000953674316,2.9000000953674316,2019,0.0,0.0
2024-03-19 15:30:00-04:00,2.9800000190734863,2.9800000190734863,2.696700096130371,2.700000047683716,24819,0.0,0.0
2024-03-20 09:30:00-04:00,2.7100000381469727,2.7102999687194824,2.6500000953674316,2.6500000953674316,6623,0.0,0.0
2024-03-20 10:30:00-04:00,2.7067999839782715,2.75,2.6700000762939453,2.7100000381469727,3143,0.0,0.0
2024-03-20 11:30:00-04:00,2.690000057220459,2.69350004196167,2.5799999237060547,2.690000057220459,17003,0.0,0.0
2024-03-20 12:30:00-04:00,2.6201000213623047,2.7300000190734863,2.6201000213623047,2.646899938583374,1544,0.0,0.0
2024-03-20 13:30:00-04:00,2.6500000953674316,2.7300000190734863,2.6500000953674316,2.700000047683716,11022,0.0,0.0
2024-03-20 14:30:00-04:00,2.690000057220459,2.759999990463257,2.680000066757202,2.759999990463257,7337,0.0,0.0
2024-03-20 15:30:00-04:00,2.759999990463257,2.759999990463257,2.6500000953674316,2.680000066757202,17395,0.0,0.0
2024-03-21 09:30:00-04:00,2.7200000286102295,2.7699999809265137,2.6600000858306885,2.7546000480651855,15235,0.0,0.0
2024-03-21 10:30:00-04:00,2.7249999046325684,2.7249999046325684,2.640000104904175,2.7200000286102295,19968,0.0,0.0
2024-03-21 11:30:00-04:00,2.680000066757202,2.7699999809265137,2.680000066757202,2.75,11116,0.0,0.0
2024-03-21 12:30:00-04:00,2.7899999618530273,2.8369998931884766,2.753999948501587,2.8299999237060547,11905,0.0,0.0
2024-03-21 13:30:00-04:00,2.859999895095825,2.869999885559082,2.7899999618530273,2.832200050354004,15285,0.0,0.0
2024-03-21 14:30:00-04:00,2.775399923324585,2.8299999237060547,2.759999990463257,2.819999933242798,7992,0.0,0.0
2024-03-21 15:30:00-04:00,2.809999942779541,2.809999942779541,2.7834999561309814,2.7899999618530273,8769,0.0,0.0
2024-03-22 09:30:00-04:00,2.7699999809265137,2.7699999809265137,2.7100000381469727,2.740000009536743,10336,0.0,0.0
2024-03-22 10:30:00-04:00,2.75,2.884999990463257,2.75,2.884999990463257,3039,0.0,0.0
2024-03-22 11:30:00-04:00,2.924999952316284,2.924999952316284,2.8901000022888184,2.9000000953674316,3509,0.0,0.0
2024-03-22 12:30:00-04:00,2.940000057220459,2.940000057220459,2.940000057220459,2.940000057220459,199,0.0,0.0
2024-03-22 13:30:00-04:00,2.890500068664551,2.8949999809265137,2.8399999141693115,2.880000114440918,3164,0.0,0.0
2024-03-22 14:30:00-04:00,2.880000114440918,2.880000114440918,2.8499999046325684,2.8773999214172363,953,0.0,0.0
2024-03-22 15:30:00-04:00,2.8499999046325684,2.8499999046325684,2.799999952316284,2.8399999141693115,10003,0.0,0.0
2024-03-25 09:30:00-04:00,2.8399999141693115,2.8399999141693115,2.7799999713897705,2.819999933242798,4769,0.0,0.0
2024-03-25 10:30:00-04:00,2.8499999046325684,2.8499999046325684,2.8499999046325684,2.8499999046325684,816,0.0,0.0
2024-03-25 11:30:00-04:00,2.8399999141693115,2.8399999141693115,2.75,2.75,2872,0.0,0.0
2024-03-25 12:30:00-04:00,2.859999895095825,2.859999895095825,2.7100000381469727,2.819999933242798,8191,0.0,0.0
2024-03-25 13:30:00-04:00,2.759999990463257,2.799999952316284,2.759999990463257,2.799999952316284,649,0.0,0.0
2024-03-25 14:30:00-04:00,2.819999933242798,2.819999933242798,2.7699999809265137,2.7950000762939453,1100,0.0,0.0
2024-03-25 15:30:00-04:00,2.75,2.75,2.630000114440918,2.630000114440918,6746,0.0,0.0
2024-03-26 09:30:00-04:00,2.690000057220459,2.690000057220459,2.540600061416626,2.559999942779541,4792,0.0,0.0
2024-03-26 10:30:00-04:00,2.5999999046325684,2.690000057220459,2.5999999046325684,2.6600000858306885,3616,0.0,0.0
2024-03-26 11:30:00-04:00,2.6600000858306885,2.740000009536743,2.6600000858306885,2.7200000286102295,14971,0.0,0.0
2024-03-26 12:30:00-04:00,2.7300000190734863,2.7300000190734863,2.680000066757202,2.680000066757202,2400,0.0,0.0
2024-03-26 13:30:00-04:00,2.7100000381469727,2.819999933242798,2.700000047683716,2.819999933242798,7385,0.0,0.0
2024-03-26 14:30:00-04:00,2.819999933242798,2.819999933242798,2.819999933242798,2.819999933242798,771,0.0,0.0
2024-03-26 15:30:00-04:00,2.75,2.759999990463257,2.700000047683716,2.75,7121,0.0,0.0
2024-03-27 09:30:00-04:00,2.6500000953674316,2.7279000282287598,2.5999999046325684,2.7279000282287598,13366,0.0,0.0
2024-03-27 10:30:00-04:00,2.7316999435424805,2.7316999435424805,2.7300000190734863,2.7300000190734863,321,0.0,0.0
2024-03-27 11:30:00-04:00,2.763000011444092,2.763000011444092,2.763000011444092,2.763000011444092,201,0.0,0.0
2024-03-27 12:30:00-04:00,2.7750000953674316,2.7750000953674316,2.7149999141693115,2.7149999141693115,1292,0.0,0.0
2024-03-27 13:30:00-04:00,2.7799999713897705,2.7799999713897705,2.740000009536743,2.740000009536743,547,0.0,0.0
2024-03-27 14:30:00-04:00,2.7813000679016113,2.7813000679016113,2.7799999713897705,2.7799999713897705,1517,0.0,0.0
2024-03-27 15:30:00-04:00,2.7100000381469727,2.7100000381469727,2.6500000953674316,2.700000047683716,6771,0.0,0.0
2024-03-28 09:30:00-04:00,2.700000047683716,2.8299999237060547,2.6500000953674316,2.8299999237060547,4400,0.0,0.0
2024-03-28 10:30:00-04:00,2.740000009536743,2.740000009536743,2.740000009536743,2.740000009536743,135,0.0,0.0
2024-03-28 11:30:00-04:00,2.759999990463257,2.7799999713897705,2.75,2.7799999713897705,1818,0.0,0.0
2024-03-28 12:30:00-04:00,2.7899999618530273,2.7899999618530273,2.7699999809265137,2.7699999809265137,1435,0.0,0.0
2024-03-28 13:30:00-04:00,2.7699999809265137,2.799999952316284,2.7699999809265137,2.799999952316284,535,0.0,0.0
2024-03-28 14:30:00-04:00,2.799999952316284,2.799999952316284,2.7799999713897705,2.7899999618530273,3979,0.0,0.0
2024-03-28 15:30:00-04:00,2.8150999546051025,2.8399999141693115,2.75,2.819999933242798,2982,0.0,0.0
2024-04-01 09:30:00-04:00,2.7699999809265137,2.7799999713897705,2.6600000858306885,2.680000066757202,28508,0.0,0.0
2024-04-01 10:30:00-04:00,2.690000057220459,2.690000057220459,2.609999895095825,2.640000104904175,10044,0.0,0.0
2024-04-01 11:30:00-04:00,2.5,2.7200000286102295,2.4700000286102295,2.7200000286102295,22602,0.0,0.0
2024-04-01 12:30:00-04:00,2.690000057220459,2.7100000381469727,2.5899999141693115,2.630000114440918,3583,0.0,0.0
2024-04-01 13:30:00-04:00,2.630000114440918,2.7200000286102295,2.630000114440918,2.680000066757202,2867,0.0,0.0
2024-04-01 14:30:00-04:00,2.7200000286102295,2.7300000190734863,2.530100107192993,2.6029999256134033,3003,0.0,0.0
2024-04-01 15:30:00-04:00,2.6654000282287598,2.690000057220459,2.619999885559082,2.690000057220459,6222,0.0,0.0
2024-04-02 09:30:00-04:00,2.559999942779541,2.6686999797821045,2.5399999618530273,2.6500000953674316,8729,0.0,0.0
2024-04-02 10:30:00-04:00,2.599900007247925,2.5999999046325684,2.599900007247925,2.5999999046325684,927,0.0,0.0
2024-04-02 11:30:00-04:00,2.551300048828125,2.569999933242798,2.551300048828125,2.569999933242798,1664,0.0,0.0
2024-04-02 12:30:00-04:00,2.5899999141693115,2.5899999141693115,2.5299999713897705,2.559999942779541,3733,0.0,0.0
2024-04-02 13:30:00-04:00,2.539400100708008,2.539400100708008,2.4600000381469727,2.490000009536743,5702,0.0,0.0
2024-04-02 14:30:00-04:00,2.5,2.5,2.450000047683716,2.4749999046325684,7563,0.0,0.0
2024-04-02 15:30:00-04:00,2.450000047683716,2.5,2.4200000762939453,2.4860000610351562,10596,0.0,0.0
2024-04-03 09:30:00-04:00,2.4800000190734863,2.5999999046325684,2.4302000999450684,2.5899999141693115,26070,0.0,0.0
2024-04-03 10:30:00-04:00,2.5999999046325684,2.75,2.5899999141693115,2.5899999141693115,46307,0.0,0.0
2024-04-03 11:30:00-04:00,2.5950000286102295,2.6700000762939453,2.5950000286102295,2.6600000858306885,4347,0.0,0.0
2024-04-03 12:30:00-04:00,2.6500000953674316,2.6500000953674316,2.609999895095825,2.619999885559082,6112,0.0,0.0
2024-04-03 13:30:00-04:00,2.619999885559082,2.690000057220459,2.6198999881744385,2.690000057220459,8596,0.0,0.0
2024-04-03 14:30:00-04:00,2.640000104904175,2.680000066757202,2.5899999141693115,2.630000114440918,2921,0.0,0.0
2024-04-03 15:30:00-04:00,2.630000114440918,2.630000114440918,2.619999885559082,2.630000114440918,3016,0.0,0.0
2024-04-04 09:30:00-04:00,2.569999933242798,2.8499999046325684,2.569999933242798,2.619999885559082,0,0.0,0.0
2024-04-04 10:30:00-04:00,2.6600000858306885,2.7393999099731445,2.630000114440918,2.7393999099731445,3779,0.0,0.0
2024-04-04 11:30:00-04:00,2.7144999504089355,2.7144999504089355,2.6700000762939453,2.6700000762939453,666,0.0,0.0
2024-04-04 12:30:00-04:00,2.6700000762939453,2.6700000762939453,2.6700000762939453,2.6700000762939453,742,0.0,0.0
2024-04-04 13:30:00-04:00,2.6401000022888184,2.6700000762939453,2.6401000022888184,2.6700000762939453,397,0.0,0.0
2024-04-04 14:30:00-04:00,2.646399974822998,2.6649999618530273,2.569999933242798,2.569999933242798,3257,0.0,0.0
2024-04-04 15:30:00-04:00,2.5899999141693115,2.5899999141693115,2.569999933242798,2.5899999141693115,4694,0.0,0.0
2024-04-05 09:30:00-04:00,2.5199999809265137,2.5799999237060547,2.5199999809265137,2.549999952316284,4646,0.0,0.0
2024-04-05 10:30:00-04:00,2.5199999809265137,2.5299999713897705,2.4000000953674316,2.4300999641418457,28493,0.0,0.0
2024-04-05 11:30:00-04:00,2.450000047683716,2.490000009536743,2.4100000858306885,2.430000066757202,10987,0.0,0.0
2024-04-05 12:30:00-04:00,2.4200000762939453,2.420099973678589,2.319999933242798,2.3901000022888184,39536,0.0,0.0
2024-04-05 13:30:00-04:00,2.4286999702453613,2.4300999641418457,2.3499999046325684,2.4100000858306885,24822,0.0,0.0
2024-04-05 14:30:00-04:00,2.4100000858306885,2.4895999431610107,2.309999942779541,2.309999942779541,27119,0.0,0.0
2024-04-05 15:30:00-04:00,2.369999885559082,2.4600000381469727,2.369999885559082,2.390000104904175,3169,0.0,0.0
2024-04-08 09:30:00-04:00,2.430000066757202,2.440000057220459,2.390000104904175,2.440000057220459,8988,0.0,0.0
2024-04-08 10:30:00-04:00,2.450000047683716,2.5840001106262207,2.440000057220459,2.450000047683716,2247,0.0,0.0
2024-04-08 11:30:00-04:00,2.5199999809265137,2.5199999809265137,2.450000047683716,2.450000047683716,761,0.0,0.0
2024-04-08 12:30:00-04:00,2.450000047683716,2.548799991607666,2.440000057220459,2.450000047683716,2079,0.0,0.0
2024-04-08 13:30:00-04:00,2.450000047683716,2.450000047683716,2.450000047683716,2.450000047683716,230,0.0,0.0
2024-04-08 14:30:00-04:00,2.450000047683716,2.4700000286102295,2.440000057220459,2.440000057220459,1480,0.0,0.0
2024-04-08 15:30:00-04:00,2.440000057220459,2.450000047683716,2.4070000648498535,2.440000057220459,1674,0.0,0.0
2024-04-09 09:30:00-04:00,2.4100000858306885,2.509999990463257,2.4000000953674316,2.509999990463257,0,0.0,0.0
2024-04-09 10:30:00-04:00,2.4700000286102295,2.4856998920440674,2.4700000286102295,2.4856998920440674,1261,0.0,0.0
2024-04-09 11:30:00-04:00,2.509999990463257,2.609299898147583,2.509999990463257,2.609299898147583,1979,0.0,0.0
2024-04-09 12:30:00-04:00,2.5799999237060547,2.5799999237060547,2.5799999237060547,2.5799999237060547,520,0.0,0.0
2024-04-09 13:30:00-04:00,2.5462000370025635,2.5462000370025635,2.5462000370025635,2.5462000370025635,310,0.0,0.0
2024-04-09 14:30:00-04:00,2.5899999141693115,2.5899999141693115,2.5899999141693115,2.5899999141693115,149,0.0,0.0
2024-04-09 15:30:00-04:00,2.5899999141693115,2.5999999046325684,2.565000057220459,2.569999933242798,9235,0.0,0.0
2024-04-10 09:30:00-04:00,2.4200000762939453,2.6449999809265137,2.4200000762939453,2.6449999809265137,5753,0.0,0.0
2024-04-10 10:30:00-04:00,2.609999895095825,2.6500000953674316,2.4700000286102295,2.4700000286102295,3088,0.0,0.0
2024-04-10 11:30:00-04:00,2.470099925994873,2.5999999046325684,2.4700000286102295,2.5999999046325684,1911,0.0,0.0
2024-04-10 12:30:00-04:00,2.5899999141693115,2.5999999046325684,2.5899999141693115,2.5999999046325684,441,0.0,0.0
2024-04-10 13:30:00-04:00,2.5999999046325684,2.5999999046325684,2.4800000190734863,2.4800000190734863,11846,0.0,0.0
2024-04-10 14:30:00-04:00,2.5,2.619999885559082,2.5,2.549999952316284,16302,0.0,0.0
2024-04-10 15:30:00-04:00,2.490000009536743,2.509999990463257,2.490000009536743,2.509999990463257,1034,0.0,0.0
2024-04-11 10:30:00-04:00,2.549999952316284,2.5999999046325684,2.549999952316284,2.5799999237060547,9439,0.0,0.0
2024-04-11 11:30:00-04:00,2.619999885559082,2.6700000762939453,2.5999999046325684,2.635999917984009,8749,0.0,0.0
2024-04-11 12:30:00-04:00,2.630000114440918,2.759999990463257,2.619999885559082,2.640000104904175,18174,0.0,0.0
2024-04-11 13:30:00-04:00,2.630000114440918,2.680000066757202,2.630000114440918,2.6500000953674316,2764,0.0,0.0
2024-04-11 14:30:00-04:00,2.6500000953674316,2.669800043106079,2.619999885559082,2.630000114440918,2218,0.0,0.0
2024-04-11 15:30:00-04:00,2.6500000953674316,2.6700000762939453,2.569999933242798,2.5899999141693115,2845,0.0,0.0
2024-04-12 09:30:00-04:00,2.5399999618530273,2.601900100708008,2.509999990463257,2.509999990463257,1834,0.0,0.0
2024-04-12 10:30:00-04:00,2.5185000896453857,2.6500000953674316,2.5,2.6500000953674316,25889,0.0,0.0
2024-04-12 11:30:00-04:00,2.6717000007629395,2.674999952316284,2.5399999618530273,2.549999952316284,9594,0.0,0.0
2024-04-12 12:30:00-04:00,2.5399999618530273,2.549999952316284,2.509999990463257,2.509999990463257,978,0.0,0.0
2024-04-12 13:30:00-04:00,2.5299999713897705,2.5399999618530273,2.4600000381469727,2.509999990463257,3062,0.0,0.0
2024-04-12 14:30:00-04:00,2.509999990463257,2.509999990463257,2.4800000190734863,2.4800000190734863,839,0.0,0.0
2024-04-12 15:30:00-04:00,2.4800000190734863,2.490000009536743,2.440000057220459,2.4700000286102295,2869,0.0,0.0
2024-04-15 09:30:00-04:00,2.509999990463257,2.569999933242798,2.505000114440918,2.569999933242798,5615,0.0,0.0
2024-04-15 10:30:00-04:00,2.5399999618530273,2.5399999618530273,2.450000047683716,2.450000047683716,9493,0.0,0.0
2024-04-15 11:30:00-04:00,2.4700000286102295,2.490000009536743,2.450200080871582,2.490000009536743,4494,0.0,0.0
2024-04-15 12:30:00-04:00,2.5399999618530273,2.5399999618530273,2.5399999618530273,2.5399999618530273,500,0.0,0.0
2024-04-15 13:30:00-04:00,2.5299999713897705,2.5399999618530273,2.450000047683716,2.450000047683716,2195,0.0,0.0
2024-04-15 14:30:00-04:00,2.5381999015808105,2.5381999015808105,2.464900016784668,2.505000114440918,6073,0.0,0.0
2024-04-15 15:30:00-04:00,2.50600004196167,2.50600004196167,2.440000057220459,2.4600000381469727,2974,0.0,0.0
2024-04-16 09:30:00-04:00,2.4700000286102295,2.4700000286102295,2.390000104904175,2.3970999717712402,7187,0.0,0.0
2024-04-16 10:30:00-04:00,2.4100000858306885,2.440000057220459,2.4000000953674316,2.440000057220459,2248,0.0,0.0
2024-04-16 11:30:00-04:00,2.434999942779541,2.450000047683716,2.369999885559082,2.380000114440918,18674,0.0,0.0
2024-04-16 12:30:00-04:00,2.380000114440918,2.414799928665161,2.380000114440918,2.380000114440918,1882,0.0,0.0
2024-04-16 13:30:00-04:00,2.380000114440918,2.390000104904175,2.359999895095825,2.369999885559082,5043,0.0,0.0
2024-04-16 14:30:00-04:00,2.380000114440918,2.440000057220459,2.369999885559082,2.440000057220459,5787,0.0,0.0
2024-04-16 15:30:00-04:00,2.430000066757202,2.430000066757202,2.3399999141693115,2.359999895095825,2150,0.0,0.0
2024-04-17 09:30:00-04:00,2.4000000953674316,2.459199905395508,2.4000000953674316,2.459199905395508,2640,0.0,0.0
2024-04-17 10:30:00-04:00,2.4000000953674316,2.4600000381469727,2.4000000953674316,2.4600000381469727,2761,0.0,0.0
2024-04-17 11:30:00-04:00,2.434999942779541,2.434999942779541,2.4149999618530273,2.4149999618530273,3330,0.0,0.0
2024-04-17 12:30:00-04:00,2.4149999618530273,2.490000009536743,2.4031999111175537,2.450000047683716,3915,0.0,0.0
2024-04-17 13:30:00-04:00,2.420099973678589,2.444999933242798,2.420099973678589,2.444999933242798,2945,0.0,0.0
2024-04-17 14:30:00-04:00,2.444999933242798,2.444999933242798,2.369999885559082,2.369999885559082,2227,0.0,0.0
2024-04-17 15:30:00-04:00,2.384999990463257,2.4000000953674316,2.359999895095825,2.380000114440918,1505,0.0,0.0
2024-04-18 09:30:00-04:00,2.3526999950408936,2.3808000087738037,2.3526999950408936,2.3808000087738037,661,0.0,0.0
2024-04-18 11:30:00-04:00,2.384999990463257,2.4000000953674316,2.384999990463257,2.390000104904175,2637,0.0,0.0
2024-04-18 12:30:00-04:00,2.4049999713897705,2.4049999713897705,2.4049999713897705,2.4049999713897705,1506,0.0,0.0
2024-04-18 13:30:00-04:00,2.430000066757202,2.4600000381469727,2.4100000858306885,2.4200000762939453,4192,0.0,0.0
2024-04-18 14:30:00-04:00,2.4200000762939453,2.4200000762939453,2.4200000762939453,2.4200000762939453,3173,0.0,0.0
2024-04-18 15:30:00-04:00,2.4000000953674316,2.4363999366760254,2.4000000953674316,2.4200000762939453,7770,0.0,0.0
2024-04-19 09:30:00-04:00,2.380000114440918,2.380000114440918,2.380000114440918,2.380000114440918,2381,0.0,0.0
2024-04-19 10:30:00-04:00,2.380000114440918,2.509999990463257,2.380000114440918,2.4798998832702637,24798,0.0,0.0
2024-04-19 11:30:00-04:00,2.430000066757202,2.450000047683716,2.4000000953674316,2.4049999713897705,3300,0.0,0.0
2024-04-19 12:30:00-04:00,2.4000000953674316,2.430000066757202,2.4000000953674316,2.430000066757202,1206,0.0,0.0
2024-04-19 13:30:00-04:00,2.430000066757202,2.430000066757202,2.394700050354004,2.394700050354004,1320,0.0,0.0
2024-04-19 14:30:00-04:00,2.359999895095825,2.359999895095825,2.2899999618530273,2.3299999237060547,12680,0.0,0.0
2024-04-19 15:30:00-04:00,2.319999933242798,2.319999933242798,2.2699999809265137,2.2799999713897705,2660,0.0,0.0
2024-04-22 09:30:00-04:00,2.3499999046325684,2.430000066757202,2.3499999046325684,2.390000104904175,13623,0.0,0.0
2024-04-22 10:30:00-04:00,2.380000114440918,2.4100000858306885,2.359999895095825,2.359999895095825,6595,0.0,0.0
2024-04-22 11:30:00-04:00,2.380000114440918,2.380000114440918,2.375,2.380000114440918,2168,0.0,0.0
2024-04-22 12:30:00-04:00,2.369999885559082,2.369999885559082,2.319999933242798,2.3299999237060547,3971,0.0,0.0
2024-04-22 13:30:00-04:00,2.3392999172210693,2.3499999046325684,2.3350000381469727,2.3399999141693115,2961,0.0,0.0
2024-04-22 14:30:00-04:00,2.380000114440918,2.450000047683716,2.365000009536743,2.380000114440918,21426,0.0,0.0
2024-04-22 15:30:00-04:00,2.375,2.390000104904175,2.299999952316284,2.299999952316284,10849,0.0,0.0
2024-04-23 09:30:00-04:00,2.319999933242798,2.369999885559082,2.319999933242798,2.369999885559082,1271,0.0,0.0
2024-04-23 10:30:00-04:00,2.440000057220459,2.440000057220459,2.370800018310547,2.4100000858306885,3962,0.0,0.0
2024-04-23 11:30:00-04:00,2.498199939727783,2.498199939727783,2.498199939727783,2.498199939727783,207,0.0,0.0
2024-04-23 12:30:00-04:00,2.430000066757202,2.430000066757202,2.4200000762939453,2.4200000762939453,436,0.0,0.0
2024-04-23 13:30:00-04:00,2.488800048828125,2.490000009536743,2.4207000732421875,2.490000009536743,1698,0.0,0.0
2024-04-23 14:30:00-04:00,2.4600000381469727,2.494999885559082,2.4200000762939453,2.440000057220459,5627,0.0,0.0
2024-04-23 15:30:00-04:00,2.4535999298095703,2.4535999298095703,2.4100000858306885,2.4200000762939453,3059,0.0,0.0
2024-04-24 09:30:00-04:00,2.4000000953674316,2.4000000953674316,2.4000000953674316,2.4000000953674316,745,0.0,0.0
2024-04-24 10:30:00-04:00,2.4600000381469727,2.4600000381469727,2.450000047683716,2.450000047683716,200,0.0,0.0
2024-04-24 11:30:00-04:00,2.4200000762939453,2.4200000762939453,2.375,2.375,1275,0.0,0.0
2024-04-24 14:30:00-04:00,2.4200000762939453,2.490000009536743,2.4200000762939453,2.450000047683716,3262,0.0,0.0
2024-04-24 15:30:00-04:00,2.4200000762939453,2.450000047683716,2.4200000762939453,2.450000047683716,463,0.0,0.0
2024-04-25 09:30:00-04:00,2.436199903488159,2.436199903488159,2.3447000980377197,2.3447000980377197,6015,0.0,0.0
2024-04-25 11:30:00-04:00,2.380000114440918,2.4100000858306885,2.380000114440918,2.4049999713897705,1525,0.0,0.0
2024-04-25 12:30:00-04:00,2.4049999713897705,2.4049999713897705,2.4000000953674316,2.4000000953674316,1145,0.0,0.0
2024-04-25 13:30:00-04:00,2.4000000953674316,2.424999952316284,2.4000000953674316,2.4042999744415283,2531,0.0,0.0
2024-04-25 14:30:00-04:00,2.4093000888824463,2.440000057220459,2.4000000953674316,2.4042999744415283,3111,0.0,0.0
2024-04-25 15:30:00-04:00,2.4000000953674316,2.4100000858306885,2.380000114440918,2.4100000858306885,4627,0.0,0.0
2024-04-26 09:30:00-04:00,2.4102001190185547,2.450000047683716,2.4102001190185547,2.450000047683716,311,0.0,0.0
2024-04-26 10:30:00-04:00,2.4200000762939453,2.444499969482422,2.4200000762939453,2.444499969482422,1469,0.0,0.0
2024-04-26 11:30:00-04:00,2.4149999618530273,2.421299934387207,2.390000104904175,2.390000104904175,5447,0.0,0.0
2024-04-26 12:30:00-04:00,2.3919999599456787,2.399899959564209,2.369999885559082,2.399899959564209,4027,0.0,0.0
2024-04-26 13:30:00-04:00,2.369999885559082,2.380199909210205,2.309999942779541,2.380199909210205,8883,0.0,0.0
2024-04-26 14:30:00-04:00,2.377500057220459,2.6482999324798584,2.377500057220459,2.4800000190734863,27141,0.0,0.0
2024-04-26 15:30:00-04:00,2.4600000381469727,2.490000009536743,2.359999895095825,2.390000104904175,3992,0.0,0.0
2024-04-29 09:30:00-04:00,2.430000066757202,2.5,2.430000066757202,2.5,1474,0.0,0.0
2024-04-29 10:30:00-04:00,2.509999990463257,2.509999990463257,2.509999990463257,2.509999990463257,611,0.0,0.0
2024-04-29 11:30:00-04:00,2.509999990463257,2.509999990463257,2.3210999965667725,2.3210999965667725,2473,0.0,0.0
2024-04-29 12:30:00-04:00,2.4433000087738037,2.490000009536743,2.4200000762939453,2.48799991607666,2584,0.0,0.0
2024-04-29 13:30:00-04:00,2.48799991607666,2.490000009536743,2.4800000190734863,2.4800000190734863,726,0.0,0.0
2024-04-29 14:30:00-04:00,2.4800000190734863,2.559999942779541,2.4549999237060547,2.5350000858306885,3449,0.0,0.0
2024-04-29 15:30:00-04:00,2.5999999046325684,2.5999999046325684,2.5299999713897705,2.5299999713897705,2680,0.0,0.0
2024-04-30 09:30:00-04:00,2.5299999713897705,2.5799999237060547,2.5,2.5299999713897705,10137,0.0,0.0
2024-04-30 10:30:00-04:00,2.5299999713897705,2.5299999713897705,2.4100000858306885,2.4700000286102295,16839,0.0,0.0
2024-04-30 11:30:00-04:00,2.490000009536743,2.490000009536743,2.3499999046325684,2.3499999046325684,23568,0.0,0.0
2024-04-30 12:30:00-04:00,2.3499999046325684,2.430000066757202,2.3399999141693115,2.3499999046325684,4965,0.0,0.0
2024-04-30 13:30:00-04:00,2.3499999046325684,2.400700092315674,2.3399999141693115,2.3499999046325684,4125,0.0,0.0
2024-04-30 14:30:00-04:00,2.3399999141693115,2.369999885559082,2.3399999141693115,2.3499999046325684,4460,0.0,0.0
2024-04-30 15:30:00-04:00,2.3499999046325684,2.380000114440918,2.3499999046325684,2.359999895095825,7746,0.0,0.0
2024-05-01 09:30:00-04:00,2.359999895095825,2.4549999237060547,2.359999895095825,2.4549999237060547,2403,0.0,0.0
2024-05-01 10:30:00-04:00,2.450000047683716,2.450000047683716,2.450000047683716,2.450000047683716,862,0.0,0.0
2024-05-01 12:30:00-04:00,2.4200000762939453,2.4200000762939453,2.390000104904175,2.390000104904175,1041,0.0,0.0
2024-05-01 13:30:00-04:00,2.369999885559082,2.369999885559082,2.3499999046325684,2.350100040435791,2595,0.0,0.0
2024-05-01 14:30:00-04:00,2.390000104904175,2.390000104904175,2.359999895095825,2.359999895095825,3270,0.0,0.0
2024-05-01 15:30:00-04:00,2.450000047683716,2.4700000286102295,2.3299999237060547,2.4000000953674316,1702,0.0,0.0
2024-05-02 09:30:00-04:00,2.509999990463257,2.509999990463257,2.509999990463257,2.509999990463257,478,0.0,0.0
2024-05-02 10:30:00-04:00,2.380000114440918,2.6600000858306885,2.380000114440918,2.6600000858306885,1410,0.0,0.0
2024-05-02 11:30:00-04:00,2.569999933242798,2.569999933242798,2.569999933242798,2.569999933242798,490,0.0,0.0
2024-05-02 12:30:00-04:00,2.4200000762939453,2.430000066757202,2.4000000953674316,2.4000000953674316,1225,0.0,0.0
2024-05-02 13:30:00-04:00,2.559999942779541,2.559999942779541,2.549999952316284,2.549999952316284,464,0.0,0.0
2024-05-02 14:30:00-04:00,2.5299999713897705,2.5299999713897705,2.4200000762939453,2.4200000762939453,1277,0.0,0.0
2024-05-02 15:30:00-04:00,2.4265999794006348,2.434799909591675,2.4149999618530273,2.4149999618530273,0,0.0,0.0
2024-05-03 09:30:00-04:00,2.5999999046325684,2.5999999046325684,2.5199999809265137,2.549999952316284,10376,0.0,0.0
2024-05-03 10:30:00-04:00,2.574899911880493,2.7100000381469727,2.559999942779541,2.5799999237060547,26951,0.0,0.0
2024-05-03 11:30:00-04:00,2.5999999046325684,2.75,2.5799999237060547,2.75,21842,0.0,0.0
2024-05-03 12:30:00-04:00,2.7228000164031982,2.779900074005127,2.7200000286102295,2.734600067138672,3446,0.0,0.0
2024-05-03 13:30:00-04:00,2.75,2.779900074005127,2.700000047683716,2.734999895095825,5975,0.0,0.0
2024-05-03 14:30:00-04:00,2.76990008354187,2.76990008354187,2.7499001026153564,2.7499001026153564,2187,0.0,0.0
2024-05-03 15:30:00-04:00,2.7300000190734863,2.7300000190734863,2.619999885559082,2.619999885559082,1606,0.0,0.0
2024-05-06 09:30:00-04:00,2.7300000190734863,2.8499999046325684,2.7300000190734863,2.819200038909912,20054,0.0,0.0
2024-05-06 10:30:00-04:00,2.799999952316284,2.859999895095825,2.7699999809265137,2.825000047683716,13433,0.0,0.0
2024-05-06 11:30:00-04:00,2.825000047683716,2.9800000190734863,2.825000047683716,2.9600000381469727,90945,0.0,0.0
2024-05-06 12:30:00-04:00,2.9049999713897705,2.9600000381469727,2.9000000953674316,2.9000000953674316,11568,0.0,0.0
2024-05-06 13:30:00-04:00,2.862499952316284,2.9158999919891357,2.862499952316284,2.8866000175476074,6282,0.0,0.0
2024-05-06 14:30:00-04:00,2.890000104904175,2.9000000953674316,2.8508999347686768,2.9000000953674316,3379,0.0,0.0
2024-05-06 15:30:00-04:00,2.8821001052856445,2.9600000381469727,2.8821001052856445,2.940000057220459,3844,0.0,0.0
2024-05-07 09:30:00-04:00,2.950000047683716,2.950000047683716,2.9100000858306885,2.927500009536743,28297,0.0,0.0
2024-05-07 10:30:00-04:00,2.929800033569336,2.930000066757202,2.9200000762939453,2.930000066757202,2924,0.0,0.0
2024-05-07 11:30:00-04:00,2.940000057220459,2.940000057220459,2.900099992752075,2.9398999214172363,4887,0.0,0.0
2024-05-07 12:30:00-04:00,2.901099920272827,2.940000057220459,2.9000000953674316,2.930000066757202,2158,0.0,0.0
2024-05-07 13:30:00-04:00,2.9175000190734863,2.930000066757202,2.9175000190734863,2.9298999309539795,615,0.0,0.0
2024-05-07 14:30:00-04:00,2.929800033569336,2.950000047683716,2.9000000953674316,2.9149999618530273,5637,0.0,0.0
2024-05-07 15:30:00-04:00,2.9149999618530273,2.950000047683716,2.9000000953674316,2.950000047683716,4410,0.0,0.0
2024-05-08 09:30:00-04:00,2.9600000381469727,3.049999952316284,2.9100000858306885,2.9309000968933105,6539,0.0,0.0
2024-05-08 10:30:00-04:00,2.9200000762939453,2.9200000762939453,2.9100000858306885,2.9100000858306885,0,0.0,0.0
2024-05-08 11:30:00-04:00,2.9200000762939453,2.930000066757202,2.9149999618530273,2.9149999618530273,9636,0.0,0.0
2024-05-08 12:30:00-04:00,2.9200000762939453,2.990000009536743,2.880000114440918,2.9500999450683594,7381,0.0,0.0
2024-05-08 13:30:00-04:00,2.948499917984009,3.0,2.948499917984009,2.9800000190734863,3160,0.0,0.0
2024-05-08 14:30:00-04:00,2.9649999141693115,3.0,2.9649999141693115,2.994999885559082,5213,0.0,0.0
2024-05-08 15:30:00-04:00,3.005000114440918,3.049999952316284,2.990000009536743,3.0199999809265137,2415,0.0,0.0
2024-05-09 09:30:00-04:00,3.0199999809265137,3.029900074005127,2.850100040435791,2.924799919128418,13561,0.0,0.0
2024-05-09 10:30:00-04:00,2.859999895095825,2.9800000190734863,2.859999895095825,2.9800000190734863,970,0.0,0.0
2024-05-09 11:30:00-04:00,3.009999990463257,3.0199999809265137,2.9800000190734863,2.9800000190734863,4734,0.0,0.0
2024-05-09 12:30:00-04:00,3.009999990463257,3.0320000648498535,2.950000047683716,3.015000104904175,8105,0.0,0.0
2024-05-09 13:30:00-04:00,2.997499942779541,2.997499942779541,2.994999885559082,2.994999885559082,627,0.0,0.0
2024-05-09 14:30:00-04:00,2.937999963760376,2.937999963760376,2.937999963760376,2.937999963760376,570,0.0,0.0
2024-05-09 15:30:00-04:00,2.9600000381469727,2.990000009536743,2.8499999046325684,2.940000057220459,6015,0.0,0.0
2024-05-10 09:30:00-04:00,2.9600000381469727,3.0,2.950000047683716,2.950000047683716,5147,0.0,0.0
2024-05-10 10:30:00-04:00,2.799999952316284,2.9800000190734863,2.7799999713897705,2.7799999713897705,2389,0.0,0.0
2024-05-10 11:30:00-04:00,2.7799999713897705,2.890000104904175,2.750499963760376,2.819999933242798,13766,0.0,0.0
2024-05-10 12:30:00-04:00,2.7899999618530273,2.7899999618530273,2.7799999713897705,2.7799999713897705,1745,0.0,0.0
2024-05-10 13:30:00-04:00,2.7799999713897705,2.7799999713897705,2.7799999713897705,2.7799999713897705,7369,0.0,0.0
2024-05-10 14:30:00-04:00,2.7799999713897705,2.8350000381469727,2.7799999713897705,2.825000047683716,2489,0.0,0.0
2024-05-10 15:30:00-04:00,2.8350000381469727,2.859999895095825,2.8299999237060547,2.859999895095825,1644,0.0,0.0
2024-05-13 09:30:00-04:00,2.799999952316284,2.990000009536743,2.799999952316284,2.990000009536743,14452,0.0,0.0
2024-05-13 10:30:00-04:00,2.9058001041412354,2.9058001041412354,2.8101000785827637,2.8101000785827637,2374,0.0,0.0
2024-05-13 11:30:00-04:00,2.820499897003174,2.820499897003174,2.820499897003174,2.820499897003174,184,0.0,0.0
2024-05-13 12:30:00-04:00,2.890000104904175,2.9100000858306885,2.890000104904175,2.9100000858306885,3023,0.0,0.0
2024-05-13 14:30:00-04:00,2.930000066757202,2.930000066757202,2.930000066757202,2.930000066757202,220,0.0,0.0
2024-05-13 15:30:00-04:00,2.9600000381469727,2.990000009536743,2.9200000762939453,2.9600000381469727,1680,0.0,0.0
2024-05-14 09:30:00-04:00,2.9600000381469727,2.9600000381469727,2.9489998817443848,2.9489998817443848,607,0.0,0.0
2024-05-14 10:30:00-04:00,2.9200000762939453,2.9200000762939453,2.9173998832702637,2.9200000762939453,4275,0.0,0.0
2024-05-14 11:30:00-04:00,2.9202001094818115,2.990000009536743,2.9202001094818115,2.9749999046325684,2943,0.0,0.0
2024-05-14 12:30:00-04:00,2.9700000286102295,2.9800000190734863,2.9700000286102295,2.9800000190734863,813,0.0,0.0
2024-05-14 13:30:00-04:00,2.9700000286102295,2.9800000190734863,2.9600000381469727,2.9800000190734863,1065,0.0,0.0
2024-05-14 14:30:00-04:00,2.9800000190734863,2.9800000190734863,2.9600000381469727,2.9800000190734863,862,0.0,0.0
2024-05-14 15:30:00-04:00,2.9600000381469727,3.0,2.9600000381469727,2.9600000381469727,1567,0.0,0.0
2024-05-15 09:30:00-04:00,3.0399999618530273,3.089900016784668,2.8399999141693115,2.896399974822998,8263,0.0,0.0
2024-05-15 10:30:00-04:00,2.9867000579833984,2.9867000579833984,2.950000047683716,2.950000047683716,1801,0.0,0.0
2024-05-15 11:30:00-04:00,2.79010009765625,2.9198999404907227,2.79010009765625,2.8949999809265137,4764,0.0,0.0
2024-05-15 12:30:00-04:00,2.8801000118255615,2.999500036239624,2.865299940109253,2.9200000762939453,44928,0.0,0.0
2024-05-15 13:30:00-04:00,2.990000009536743,2.990000009536743,2.9400999546051025,2.990000009536743,1168,0.0,0.0
2024-05-15 14:30:00-04:00,2.9100000858306885,2.9600000381469727,2.8238000869750977,2.8238000869750977,5433,0.0,0.0
2024-05-15 15:30:00-04:00,2.940000057220459,2.940000057220459,2.8499999046325684,2.8499999046325684,1271,0.0,0.0
2024-05-16 09:30:00-04:00,2.8399999141693115,2.9200000762939453,2.8399999141693115,2.880000114440918,3997,0.0,0.0
2024-05-16 10:30:00-04:00,2.9100000858306885,2.9100000858306885,2.7899999618530273,2.859999895095825,5627,0.0,0.0
2024-05-16 11:30:00-04:00,2.8592000007629395,2.880000114440918,2.8592000007629395,2.880000114440918,2515,0.0,0.0
2024-05-16 12:30:00-04:00,2.880000114440918,2.930000066757202,2.8299999237060547,2.906100034713745,1190,0.0,0.0
2024-05-16 13:30:00-04:00,2.940000057220459,2.9700000286102295,2.940000057220459,2.9700000286102295,717,0.0,0.0
2024-05-16 14:30:00-04:00,2.9800000190734863,2.9800000190734863,2.841099977493286,2.841099977493286,3623,0.0,0.0
2024-05-16 15:30:00-04:00,2.8299999237060547,2.940000057220459,2.8299999237060547,2.940000057220459,1703,0.0,0.0
2024-05-17 09:30:00-04:00,2.9000000953674316,2.950000047683716,2.871000051498413,2.950000047683716,13958,0.0,0.0
2024-05-17 10:30:00-04:00,2.950000047683716,2.969599962234497,2.950000047683716,2.9600000381469727,533,0.0,0.0
2024-05-17 11:30:00-04:00,2.9200000762939453,2.9200000762939453,2.9000000953674316,2.9049999713897705,909,0.0,0.0
2024-05-17 12:30:00-04:00,2.9000000953674316,2.9000000953674316,2.765000104904175,2.869999885559082,2350,0.0,0.0
2024-05-17 13:30:00-04:00,2.869999885559082,2.869999885559082,2.869999885559082,2.869999885559082,217,0.0,0.0
2024-05-17 14:30:00-04:00,2.8499999046325684,2.869999885559082,2.8499999046325684,2.869999885559082,775,0.0,0.0
2024-05-17 15:30:00-04:00,2.869999885559082,2.869999885559082,2.805000066757202,2.8269999027252197,5591,0.0,0.0
2024-05-20 09:30:00-04:00,2.8299999237060547,2.940000057220459,2.740000009536743,2.940000057220459,7951,0.0,0.0
2024-05-20 10:30:00-04:00,2.880000114440918,2.940000057220459,2.880000114440918,2.940000057220459,9080,0.0,0.0
2024-05-20 11:30:00-04:00,2.9100000858306885,2.9727001190185547,2.8499999046325684,2.9000000953674316,8851,0.0,0.0
2024-05-20 12:30:00-04:00,2.869999885559082,2.869999885559082,2.869999885559082,2.869999885559082,472,0.0,0.0
2024-05-20 13:30:00-04:00,2.8499999046325684,2.8499999046325684,2.8499999046325684,2.8499999046325684,397,0.0,0.0
2024-05-20 14:30:00-04:00,2.8299999237060547,2.8299999237060547,2.7950000762939453,2.7950000762939453,4180,0.0,0.0
2024-05-20 15:30:00-04:00,2.819999933242798,2.819999933242798,2.765000104904175,2.7699999809265137,1860,0.0,0.0
2024-05-21 09:30:00-04:00,2.75,2.890000104904175,2.75,2.869999885559082,5041,0.0,0.0
2024-05-21 10:30:00-04:00,2.700000047683716,2.8499999046325684,2.700000047683716,2.8399999141693115,1669,0.0,0.0
2024-05-21 11:30:00-04:00,2.7899999618530273,2.7899999618530273,2.7899999618530273,2.7899999618530273,119,0.0,0.0
2024-05-21 12:30:00-04:00,2.740000009536743,2.809999942779541,2.7300000190734863,2.7699999809265137,1954,0.0,0.0
2024-05-21 13:30:00-04:00,2.7799999713897705,2.7799999713897705,2.7699999809265137,2.7699999809265137,321,0.0,0.0
2024-05-21 14:30:00-04:00,2.740000009536743,2.759999990463257,2.7300000190734863,2.734999895095825,1470,0.0,0.0
2024-05-21 15:30:00-04:00,2.740000009536743,2.7899999618530273,2.7300000190734863,2.7300000190734863,0,0.0,0.0
2024-05-22 09:30:00-04:00,2.700000047683716,2.75,2.630000114440918,2.75,11960,0.0,0.0
2024-05-22 10:30:00-04:00,2.744999885559082,2.839900016784668,2.744999885559082,2.7850000858306885,13574,0.0,0.0
2024-05-22 11:30:00-04:00,2.7950000762939453,2.872499942779541,2.7300000190734863,2.805000066757202,3948,0.0,0.0
2024-05-22 12:30:00-04:00,2.859999895095825,2.859999895095825,2.7462000846862793,2.7462000846862793,662,0.0,0.0
2024-05-22 13:30:00-04:00,2.844899892807007,2.8499999046325684,2.73009991645813,2.73009991645813,713,0.0,0.0
2024-05-22 14:30:00-04:00,2.8477001190185547,2.8477001190185547,2.8399999141693115,2.8399999141693115,1248,0.0,0.0
2024-05-22 15:30:00-04:00,2.740000009536743,2.740000009536743,2.700000047683716,2.700000047683716,2053,0.0,0.0
2024-05-23 09:30:00-04:00,2.6500000953674316,2.7499001026153564,2.629499912261963,2.700000047683716,6203,0.0,0.0
2024-05-23 11:30:00-04:00,2.700000047683716,2.700000047683716,2.6600000858306885,2.6600000858306885,2039,0.0,0.0
2024-05-23 12:30:00-04:00,2.700000047683716,2.7100000381469727,2.6600000858306885,2.680000066757202,5091,0.0,0.0
2024-05-23 13:30:00-04:00,2.6600000858306885,2.7170000076293945,2.549999952316284,2.549999952316284,4072,0.0,0.0
2024-05-23 14:30:00-04:00,2.5999999046325684,2.609999895095825,2.5850000381469727,2.5999999046325684,4530,0.0,0.0
2024-05-23 15:30:00-04:00,2.5880000591278076,2.5899999141693115,2.549999952316284,2.549999952316284,1868,0.0,0.0
2024-05-24 09:30:00-04:00,2.5299999713897705,2.670599937438965,2.5299999713897705,2.65310001373291,4351,0.0,0.0
2024-05-24 10:30:00-04:00,2.640000104904175,2.6600000858306885,2.630000114440918,2.630000114440918,2063,0.0,0.0
2024-05-24 11:30:00-04:00,2.600100040435791,2.6700000762939453,2.5415000915527344,2.619999885559082,3839,0.0,0.0
2024-05-24 12:30:00-04:00,2.619999885559082,2.7100000381469727,2.619999885559082,2.7100000381469727,3181,0.0,0.0
2024-05-24 13:30:00-04:00,2.6500000953674316,2.6500000953674316,2.5999999046325684,2.5999999046325684,2716,0.0,0.0
2024-05-24 14:30:00-04:00,2.639899969100952,2.639899969100952,2.639899969100952,2.639899969100952,518,0.0,0.0
2024-05-24 15:30:00-04:00,2.5815000534057617,2.5999999046325684,2.549999952316284,2.549999952316284,2382,0.0,0.0
2024-05-28 09:30:00-04:00,2.5799999237060547,2.619999885559082,2.5799999237060547,2.619999885559082,0,0.0,0.0
2024-05-28 10:30:00-04:00,2.687700033187866,2.752000093460083,2.687700033187866,2.740000009536743,1746,0.0,0.0
2024-05-28 11:30:00-04:00,2.7699999809265137,2.7699999809265137,2.7063000202178955,2.7230000495910645,1376,0.0,0.0
2024-05-28 12:30:00-04:00,2.680000066757202,2.680000066757202,2.680000066757202,2.680000066757202,343,0.0,0.0
2024-05-28 13:30:00-04:00,2.6700000762939453,2.6700000762939453,2.630000114440918,2.630000114440918,1531,0.0,0.0
2024-05-28 14:30:00-04:00,2.569999933242798,2.569999933242798,2.559999942779541,2.559999942779541,1157,0.0,0.0
2024-05-28 15:30:00-04:00,2.5850000381469727,2.6050000190734863,2.559999942779541,2.559999942779541,3615,0.0,0.0
2024-05-29 09:30:00-04:00,2.5999999046325684,2.6298999786376953,2.5999999046325684,2.6298999786376953,1743,0.0,0.0
2024-05-29 10:30:00-04:00,2.7049999237060547,2.7699999809265137,2.6301000118255615,2.7699999809265137,6099,0.0,0.0
2024-05-29 11:30:00-04:00,2.7799999713897705,2.7899999618530273,2.700000047683716,2.7699999809265137,2000,0.0,0.0
2024-05-29 12:30:00-04:00,2.759999990463257,2.799999952316284,2.6700000762939453,2.7899999618530273,12220,0.0,0.0
2024-05-29 13:30:00-04:00,2.7899999618530273,2.7899999618530273,2.7799999713897705,2.7899999618530273,1703,0.0,0.0
2024-05-29 14:30:00-04:00,2.7899999618530273,2.7899999618530273,2.6649999618530273,2.7100000381469727,18904,0.0,0.0
2024-05-29 15:30:00-04:00,2.7100000381469727,2.7750000953674316,2.700000047683716,2.7699999809265137,10579,0.0,0.0
2024-05-30 09:30:00-04:00,2.744999885559082,2.7899999618530273,2.720099925994873,2.73009991645813,3179,0.0,0.0
2024-05-30 10:30:00-04:00,2.7899999618530273,2.799999952316284,2.7000999450683594,2.759999990463257,14925,0.0,0.0
2024-05-30 11:30:00-04:00,2.7699999809265137,2.9096999168395996,2.7699999809265137,2.8299999237060547,17860,0.0,0.0
2024-05-30 12:30:00-04:00,2.8299999237060547,2.8580000400543213,2.799999952316284,2.799999952316284,5053,0.0,0.0
2024-05-30 13:30:00-04:00,2.8299999237060547,2.8299999237060547,2.740000009536743,2.7899999618530273,6319,0.0,0.0
2024-05-30 14:30:00-04:00,2.7899999618530273,2.869999885559082,2.75,2.869999885559082,3876,0.0,0.0
2024-05-30 15:30:00-04:00,2.880000114440918,2.884999990463257,2.7899999618530273,2.7899999618530273,12210,0.0,0.0
2024-05-31 09:30:00-04:00,2.7699999809265137,2.7699999809265137,2.6700000762939453,2.76990008354187,1748,0.0,0.0
2024-05-31 10:30:00-04:00,2.700000047683716,2.7699999809265137,2.700000047683716,2.7699999809265137,2530,0.0,0.0
2024-05-31 11:30:00-04:00,2.6619999408721924,2.7149999141693115,2.6619999408721924,2.7149999141693115,1758,0.0,0.0
2024-05-31 12:30:00-04:00,2.76990008354187,2.76990008354187,2.76990008354187,2.76990008354187,374,0.0,0.0
2024-05-31 13:30:00-04:00,2.75,2.759999990463257,2.6728999614715576,2.6728999614715576,1050,0.0,0.0
2024-05-31 14:30:00-04:00,2.660099983215332,2.7699999809265137,2.6600000858306885,2.6600000858306885,4491,0.0,0.0
2024-05-31 15:30:00-04:00,2.740000009536743,2.740000009536743,2.700000047683716,2.7200000286102295,1594,0.0,0.0
2024-06-03 09:30:00-04:00,2.7699999809265137,2.7699999809265137,2.6700000762939453,2.6749000549316406,3107,0.0,0.0
2024-06-03 10:30:00-04:00,2.690000057220459,2.690000057220459,2.690000057220459,2.690000057220459,234,0.0,0.0
2024-06-03 11:30:00-04:00,2.7399001121520996,2.740000009536743,2.6700000762939453,2.7039999961853027,3894,0.0,0.0
2024-06-03 12:30:00-04:00,2.7399001121520996,2.7399001121520996,2.7399001121520996,2.7399001121520996,109,0.0,0.0
2024-06-03 13:30:00-04:00,2.6600000858306885,2.7300000190734863,2.6600000858306885,2.700000047683716,7227,0.0,0.0
2024-06-03 14:30:00-04:00,2.690000057220459,2.740000009536743,2.660099983215332,2.660099983215332,3629,0.0,0.0
2024-06-03 15:30:00-04:00,2.6700000762939453,2.6700000762939453,2.6600000858306885,2.6700000762939453,1505,0.0,0.0
2024-06-04 09:30:00-04:00,2.6500000953674316,2.680000066757202,2.6040000915527344,2.680000066757202,3990,0.0,0.0
2024-06-04 10:30:00-04:00,2.6124000549316406,2.639899969100952,2.611799955368042,2.619999885559082,2163,0.0,0.0
2024-06-04 11:30:00-04:00,2.619999885559082,2.6549999713897705,2.619999885559082,2.6549999713897705,1918,0.0,0.0
2024-06-04 12:30:00-04:00,2.619999885559082,2.680000066757202,2.619999885559082,2.680000066757202,949,0.0,0.0
2024-06-04 13:30:00-04:00,2.6700000762939453,2.680000066757202,2.6600000858306885,2.6600000858306885,1247,0.0,0.0
2024-06-04 14:30:00-04:00,2.630000114440918,2.6898999214172363,2.630000114440918,2.6600000858306885,1402,0.0,0.0
2024-06-04 15:30:00-04:00,2.630000114440918,2.6600000858306885,2.630000114440918,2.6549999713897705,896,0.0,0.0
2024-06-05 09:30:00-04:00,2.595400094985962,2.677000045776367,2.595400094985962,2.6649999618530273,1246,0.0,0.0
2024-06-05 10:30:00-04:00,2.6700000762939453,2.690000057220459,2.6700000762939453,2.680000066757202,3365,0.0,0.0
2024-06-05 11:30:00-04:00,2.652100086212158,2.6696999073028564,2.652100086212158,2.6696999073028564,1306,0.0,0.0
2024-06-05 12:30:00-04:00,2.630000114440918,2.6552999019622803,2.630000114440918,2.6552999019622803,381,0.0,0.0
2024-06-05 13:30:00-04:00,2.6500000953674316,2.680999994277954,2.630000114440918,2.680999994277954,2637,0.0,0.0
2024-06-05 14:30:00-04:00,2.6723999977111816,2.690000057220459,2.6666998863220215,2.6666998863220215,1075,0.0,0.0
2024-06-05 15:30:00-04:00,2.6500000953674316,2.690000057220459,2.6500000953674316,2.690000057220459,920,0.0,0.0
2024-06-06 09:30:00-04:00,2.6770999431610107,2.7699999809265137,2.6770999431610107,2.744999885559082,5390,0.0,0.0
2024-06-06 10:30:00-04:00,2.759999990463257,2.8499999046325684,2.7599000930786133,2.819999933242798,6144,0.0,0.0
2024-06-06 11:30:00-04:00,2.7899999618530273,2.8299999237060547,2.7899999618530273,2.819999933242798,4349,0.0,0.0
2024-06-06 12:30:00-04:00,2.809999942779541,2.8299999237060547,2.809999942779541,2.825000047683716,1889,0.0,0.0
2024-06-06 13:30:00-04:00,2.825000047683716,2.825000047683716,2.799999952316284,2.819999933242798,6036,0.0,0.0
2024-06-06 14:30:00-04:00,2.8299999237060547,2.8399999141693115,2.819999933242798,2.8299999237060547,1643,0.0,0.0
2024-06-06 15:30:00-04:00,2.8399999141693115,2.8399999141693115,2.805000066757202,2.8399999141693115,2765,0.0,0.0
2024-06-07 09:30:00-04:00,2.8399999141693115,2.853300094604492,2.8399999141693115,2.8499999046325684,7413,0.0,0.0
2024-06-07 10:30:00-04:00,2.8399999141693115,2.950000047683716,2.8399999141693115,2.950000047683716,8376,0.0,0.0
2024-06-07 11:30:00-04:00,2.950000047683716,3.0299999713897705,2.8645999431610107,3.0,22214,0.0,0.0
2024-06-07 12:30:00-04:00,2.9800000190734863,2.990000009536743,2.940000057220459,2.990000009536743,16508,0.0,0.0
2024-06-07 13:30:00-04:00,2.9649999141693115,3.0,2.9565000534057617,2.990000009536743,1749,0.0,0.0
2024-06-07 14:30:00-04:00,3.0,3.049999952316284,2.9600000381469727,3.049999952316284,7210,0.0,0.0
2024-06-07 15:30:00-04:00,3.049999952316284,3.049999952316284,3.0299999713897705,3.0299999713897705,7606,0.0,0.0
2024-06-10 09:30:00-04:00,3.0399999618530273,3.199899911880493,3.0350000858306885,3.1768999099731445,20488,0.0,0.0
2024-06-10 10:30:00-04:00,3.1700000762939453,3.190000057220459,3.130000114440918,3.130000114440918,4983,0.0,0.0
2024-06-10 11:30:00-04:00,3.132999897003174,3.133500099182129,3.0,3.0399999618530273,17856,0.0,0.0
2024-06-10 12:30:00-04:00,3.069999933242798,3.0999999046325684,3.009999990463257,3.009999990463257,12365,0.0,0.0
2024-06-10 13:30:00-04:00,3.1198999881744385,3.1198999881744385,3.088599920272827,3.088599920272827,2243,0.0,0.0
2024-06-10 14:30:00-04:00,3.089200019836426,3.0899999141693115,3.009999990463257,3.0185999870300293,9077,0.0,0.0
2024-06-10 15:30:00-04:00,3.0199999809265137,3.119999885559082,3.0199999809265137,3.119999885559082,13773,0.0,0.0
2024-06-11 09:30:00-04:00,3.259999990463257,3.75,3.1649999618530273,3.3499999046325684,163224,0.0,0.0
2024-06-11 10:30:00-04:00,3.4310998916625977,3.4679999351501465,3.2699999809265137,3.3299999237060547,30180,0.0,0.0
2024-06-11 11:30:00-04:00,3.319999933242798,3.369999885559082,3.2799999713897705,3.3499999046325684,11198,0.0,0.0
2024-06-11 12:30:00-04:00,3.3350000381469727,3.380000114440918,3.299999952316284,3.380000114440918,6293,0.0,0.0
2024-06-11 13:30:00-04:00,3.369999885559082,3.369999885559082,3.25,3.3399999141693115,10659,0.0,0.0
2024-06-11 14:30:00-04:00,3.3299999237060547,3.411600112915039,3.309999942779541,3.369999885559082,15469,0.0,0.0
2024-06-11 15:30:00-04:00,3.369999885559082,3.490000009536743,3.369999885559082,3.490000009536743,12635,0.0,0.0
2024-06-12 09:30:00-04:00,3.450000047683716,3.799999952316284,3.4000000953674316,3.7149999141693115,51281,0.0,0.0
2024-06-12 10:30:00-04:00,3.65310001373291,3.789900064468384,3.640000104904175,3.755000114440918,10642,0.0,0.0
2024-06-12 11:30:00-04:00,3.740000009536743,3.765000104904175,3.4700000286102295,3.4700000286102295,7746,0.0,0.0
2024-06-12 12:30:00-04:00,3.505000114440918,3.5399999618530273,3.4100000858306885,3.449700117111206,6335,0.0,0.0
2024-06-12 13:30:00-04:00,3.4700000286102295,3.4800000190734863,3.180000066757202,3.390000104904175,17732,0.0,0.0
2024-06-12 14:30:00-04:00,3.309999942779541,3.399899959564209,3.29010009765625,3.3350000381469727,4210,0.0,0.0
2024-06-12 15:30:00-04:00,3.2880001068115234,3.380000114440918,3.072499990463257,3.140000104904175,12464,0.0,0.0
2024-06-13 09:30:00-04:00,3.0999999046325684,3.2799999713897705,3.0999999046325684,3.2200000286102295,8093,0.0,0.0
2024-06-13 10:30:00-04:00,3.2200000286102295,3.2899999618530273,3.2200000286102295,3.240000009536743,1324,0.0,0.0
2024-06-13 11:30:00-04:00,3.240000009536743,3.265000104904175,3.049999952316284,3.139899969100952,13679,0.0,0.0
2024-06-13 12:30:00-04:00,3.0908000469207764,3.109999895095825,2.9600000381469727,3.0076000690460205,6410,0.0,0.0
2024-06-13 13:30:00-04:00,2.930000066757202,2.9899001121520996,2.9100000858306885,2.9742000102996826,5437,0.0,0.0
2024-06-13 14:30:00-04:00,2.9700000286102295,3.190000057220459,2.9600000381469727,3.0399999618530273,17222,0.0,0.0
2024-06-13 15:30:00-04:00,3.0299999713897705,3.0299999713897705,3.0,3.005000114440918,1860,0.0,0.0
2024-06-14 09:30:00-04:00,2.950000047683716,3.184799909591675,2.950000047683716,2.9600000381469727,6794,0.0,0.0
2024-06-14 10:30:00-04:00,2.950000047683716,3.0134999752044678,2.9100000858306885,2.9600000381469727,3816,0.0,0.0
2024-06-14 11:30:00-04:00,2.9600000381469727,2.9600000381469727,2.8399999141693115,2.859999895095825,8622,0.0,0.0
2024-06-14 12:30:00-04:00,2.869999885559082,2.950000047683716,2.869999885559082,2.950000047683716,12303,0.0,0.0
2024-06-14 13:30:00-04:00,2.940000057220459,2.9600000381469727,2.869999885559082,2.9000000953674316,12588,0.0,0.0
2024-06-14 14:30:00-04:00,3.0,3.0399999618530273,2.950000047683716,2.9700000286102295,7559,0.0,0.0
2024-06-14 15:30:00-04:00,3.009999990463257,3.0250000953674316,2.990000009536743,2.990000009536743,4804,0.0,0.0
2024-06-17 09:30:00-04:00,2.950000047683716,2.96370005607605,2.7699999809265137,2.819999933242798,17407,0.0,0.0
2024-06-17 10:30:00-04:00,2.799999952316284,2.8299999237060547,2.680000066757202,2.819999933242798,11374,0.0,0.0
2024-06-17 11:30:00-04:00,2.7850000858306885,2.7899999618530273,2.7799999713897705,2.7799999713897705,1118,0.0,0.0
2024-06-17 12:30:00-04:00,2.7699999809265137,2.799999952316284,2.759999990463257,2.7799999713897705,6473,0.0,0.0
2024-06-17 13:30:00-04:00,2.7799999713897705,2.7799999713897705,2.7200000286102295,2.7200000286102295,26039,0.0,0.0
2024-06-17 14:30:00-04:00,2.7200000286102295,2.755000114440918,2.680000066757202,2.690000057220459,14495,0.0,0.0
2024-06-17 15:30:00-04:00,2.6826000213623047,2.7100000381469727,2.6600000858306885,2.680000066757202,12015,0.0,0.0
2024-06-18 09:30:00-04:00,2.6500000953674316,2.765000104904175,2.640000104904175,2.7100000381469727,2559,0.0,0.0
2024-06-18 10:30:00-04:00,2.755000114440918,2.755000114440918,2.700000047683716,2.740000009536743,2909,0.0,0.0
2024-06-18 11:30:00-04:00,2.740000009536743,2.7799999713897705,2.740000009536743,2.75,6272,0.0,0.0
2024-06-18 12:30:00-04:00,2.759999990463257,2.7799999713897705,2.740000009536743,2.7799999713897705,7907,0.0,0.0
2024-06-18 13:30:00-04:00,2.759999990463257,2.759999990463257,2.680000066757202,2.680000066757202,4441,0.0,0.0
2024-06-18 14:30:00-04:00,2.6700000762939453,2.6700000762939453,2.615000009536743,2.617500066757202,4526,0.0,0.0
2024-06-18 15:30:00-04:00,2.630000114440918,2.6600000858306885,2.559999942779541,2.569999933242798,16928,0.0,0.0
2024-06-20 09:30:00-04:00,2.6500000953674316,2.892199993133545,2.5606000423431396,2.7744998931884766,89318,0.0,0.0
2024-06-20 10:30:00-04:00,2.7744998931884766,2.9049999713897705,2.700000047683716,2.759999990463257,36007,0.0,0.0
2024-06-20 11:30:00-04:00,2.7695000171661377,2.8399999141693115,2.7100000381469727,2.800299882888794,34460,0.0,0.0
2024-06-20 12:30:00-04:00,2.799999952316284,2.819999933242798,2.734999895095825,2.7850000858306885,10550,0.0,0.0
2024-06-20 13:30:00-04:00,2.819999933242798,2.819999933242798,2.717400074005127,2.75,1462,0.0,0.0
2024-06-20 14:30:00-04:00,2.759999990463257,2.869999885559082,2.734999895095825,2.7899999618530273,16973,0.0,0.0
2024-06-20 15:30:00-04:00,2.768899917602539,2.815000057220459,2.700000047683716,2.700000047683716,24026,0.0,0.0
2024-06-21 09:30:00-04:00,2.690000057220459,2.723900079727173,2.559999942779541,2.690000057220459,3280,0.0,0.0
2024-06-21 10:30:00-04:00,2.7049999237060547,2.809999942779541,2.680000066757202,2.75,17153,0.0,0.0
2024-06-21 11:30:00-04:00,2.7300000190734863,2.8487000465393066,2.680000066757202,2.759999990463257,13682,0.0,0.0
2024-06-21 12:30:00-04:00,2.835700035095215,2.835700035095215,2.75,2.759999990463257,3044,0.0,0.0
2024-06-21 13:30:00-04:00,2.75,2.836699962615967,2.75,2.836699962615967,4640,0.0,0.0
2024-06-21 14:30:00-04:00,2.799999952316284,2.8399999141693115,2.7850000858306885,2.809999942779541,8291,0.0,0.0
2024-06-21 15:30:00-04:00,2.859999895095825,2.9200000762939453,2.8499999046325684,2.880000114440918,17787,0.0,0.0
