Datetime,Open,High,Low,Close,Volume,Dividends,Stock Splits
2024-09-13 09:00:00+09:00,2705.0,2705.0,2705.0,2705.0,0,0.0,0.0
2024-09-13 09:05:00+09:00,2710.0,2710.0,2700.0,2700.0,267,0.0,0.0
2024-09-13 09:15:00+09:00,2705.0,2705.0,2705.0,2705.0,298,0.0,0.0
2024-09-13 09:20:00+09:00,2695.0,2695.0,2695.0,2695.0,9,0.0,0.0
2024-09-13 09:25:00+09:00,2695.0,2695.0,2680.0,2680.0,586,0.0,0.0
2024-09-13 09:35:00+09:00,2700.0,2700.0,2700.0,2700.0,0,0.0,0.0
2024-09-13 09:40:00+09:00,2700.0,2700.0,2700.0,2700.0,4,0.0,0.0
2024-09-13 09:50:00+09:00,2700.0,2700.0,2700.0,2700.0,311,0.0,0.0
2024-09-13 09:55:00+09:00,2700.0,2700.0,2700.0,2700.0,0,0.0,0.0
2024-09-13 10:05:00+09:00,2700.0,2700.0,2700.0,2700.0,10,0.0,0.0
2024-09-13 10:20:00+09:00,2690.0,2690.0,2690.0,2690.0,6,0.0,0.0
2024-09-13 10:25:00+09:00,2685.0,2690.0,2670.0,2670.0,2806,0.0,0.0
2024-09-13 10:35:00+09:00,2675.0,2695.0,2675.0,2695.0,2,0.0,0.0
2024-09-13 10:45:00+09:00,2675.0,2675.0,2670.0,2670.0,500,0.0,0.0
2024-09-13 10:50:00+09:00,2670.0,2670.0,2670.0,2670.0,100,0.0,0.0
2024-09-13 10:55:00+09:00,2670.0,2670.0,2670.0,2670.0,43,0.0,0.0
2024-09-13 11:05:00+09:00,2675.0,2675.0,2655.0,2660.0,1911,0.0,0.0
2024-09-13 11:35:00+09:00,2660.0,2685.0,2660.0,2685.0,0,0.0,0.0
2024-09-13 12:10:00+09:00,2680.0,2680.0,2680.0,2680.0,38,0.0,0.0
2024-09-13 12:25:00+09:00,2685.0,2685.0,2685.0,2685.0,2,0.0,0.0
2024-09-13 12:30:00+09:00,2680.0,2680.0,2680.0,2680.0,15,0.0,0.0
2024-09-13 12:35:00+09:00,2680.0,2680.0,2680.0,2680.0,122,0.0,0.0
2024-09-13 12:40:00+09:00,2670.0,2670.0,2670.0,2670.0,81,0.0,0.0
2024-09-13 12:50:00+09:00,2675.0,2675.0,2670.0,2670.0,39,0.0,0.0
2024-09-13 13:20:00+09:00,2685.0,2685.0,2680.0,2685.0,6,0.0,0.0
2024-09-13 13:25:00+09:00,2680.0,2680.0,2670.0,2670.0,181,0.0,0.0
2024-09-13 13:30:00+09:00,2685.0,2685.0,2680.0,2680.0,0,0.0,0.0
2024-09-13 14:00:00+09:00,2680.0,2680.0,2680.0,2680.0,60,0.0,0.0
2024-09-13 14:10:00+09:00,2680.0,2685.0,2680.0,2685.0,968,0.0,0.0
2024-09-13 14:15:00+09:00,2690.0,2690.0,2690.0,2690.0,1,0.0,0.0
2024-09-13 14:30:00+09:00,2695.0,2695.0,2695.0,2695.0,399,0.0,0.0
2024-09-13 14:40:00+09:00,2695.0,2695.0,2695.0,2695.0,0,0.0,0.0
2024-09-13 14:50:00+09:00,2695.0,2700.0,2695.0,2700.0,45,0.0,0.0
2024-09-13 14:55:00+09:00,2700.0,2700.0,2700.0,2700.0,475,0.0,0.0
2024-09-19 09:00:00+09:00,2710.0,2725.0,2700.0,2700.0,0,0.0,0.0
2024-09-19 09:05:00+09:00,2730.0,2735.0,2730.0,2730.0,40,0.0,0.0
2024-09-19 09:10:00+09:00,2730.0,2735.0,2730.0,2730.0,295,0.0,0.0
2024-09-19 09:20:00+09:00,2730.0,2730.0,2715.0,2715.0,1370,0.0,0.0
2024-09-19 09:25:00+09:00,2730.0,2730.0,2730.0,2730.0,0,0.0,0.0
2024-09-19 09:30:00+09:00,2715.0,2730.0,2715.0,2730.0,969,0.0,0.0
2024-09-19 09:35:00+09:00,2715.0,2715.0,2715.0,2715.0,50,0.0,0.0
2024-09-19 09:40:00+09:00,2730.0,2730.0,2730.0,2730.0,3,0.0,0.0
2024-09-19 09:45:00+09:00,2730.0,2735.0,2725.0,2725.0,1449,0.0,0.0
2024-09-19 09:55:00+09:00,2725.0,2725.0,2725.0,2725.0,544,0.0,0.0
2024-09-19 10:10:00+09:00,2725.0,2730.0,2725.0,2730.0,0,0.0,0.0
2024-09-19 10:15:00+09:00,2725.0,2725.0,2720.0,2720.0,1673,0.0,0.0
2024-09-19 10:30:00+09:00,2720.0,2720.0,2705.0,2705.0,286,0.0,0.0
2024-09-19 10:35:00+09:00,2710.0,2710.0,2680.0,2705.0,616,0.0,0.0
2024-09-19 10:40:00+09:00,2700.0,2700.0,2700.0,2700.0,103,0.0,0.0
2024-09-19 10:45:00+09:00,2700.0,2700.0,2700.0,2700.0,1876,0.0,0.0
2024-09-19 10:55:00+09:00,2695.0,2705.0,2695.0,2705.0,333,0.0,0.0
2024-09-19 11:00:00+09:00,2700.0,2700.0,2700.0,2700.0,66,0.0,0.0
2024-09-19 11:20:00+09:00,2700.0,2720.0,2700.0,2710.0,355,0.0,0.0
2024-09-19 11:25:00+09:00,2720.0,2720.0,2720.0,2720.0,573,0.0,0.0
2024-09-19 11:30:00+09:00,2720.0,2720.0,2720.0,2720.0,0,0.0,0.0
2024-09-19 11:40:00+09:00,2710.0,2710.0,2710.0,2710.0,14,0.0,0.0
2024-09-19 12:00:00+09:00,2710.0,2710.0,2710.0,2710.0,214,0.0,0.0
2024-09-19 12:05:00+09:00,2700.0,2700.0,2700.0,2700.0,1023,0.0,0.0
2024-09-19 12:10:00+09:00,2690.0,2690.0,2690.0,2690.0,1234,0.0,0.0
2024-09-19 12:15:00+09:00,2690.0,2690.0,2690.0,2690.0,0,0.0,0.0
2024-09-19 12:25:00+09:00,2690.0,2690.0,2690.0,2690.0,79,0.0,0.0
2024-09-19 12:35:00+09:00,2700.0,2700.0,2700.0,2700.0,365,0.0,0.0
2024-09-19 12:40:00+09:00,2710.0,2710.0,2710.0,2710.0,100,0.0,0.0
2024-09-19 12:55:00+09:00,2700.0,2700.0,2685.0,2685.0,3323,0.0,0.0
2024-09-19 13:20:00+09:00,2710.0,2710.0,2690.0,2690.0,0,0.0,0.0
2024-09-19 13:25:00+09:00,2710.0,2710.0,2710.0,2710.0,95,0.0,0.0
2024-09-19 13:40:00+09:00,2710.0,2710.0,2710.0,2710.0,0,0.0,0.0
2024-09-19 13:45:00+09:00,2710.0,2710.0,2710.0,2710.0,0,0.0,0.0
2024-09-19 14:00:00+09:00,2710.0,2710.0,2710.0,2710.0,165,0.0,0.0
2024-09-19 14:10:00+09:00,2710.0,2710.0,2710.0,2710.0,0,0.0,0.0
2024-09-19 14:20:00+09:00,2695.0,2695.0,2695.0,2695.0,1,0.0,0.0
2024-09-19 14:30:00+09:00,2695.0,2700.0,2680.0,2680.0,5688,0.0,0.0
2024-09-19 14:40:00+09:00,2695.0,2695.0,2695.0,2695.0,0,0.0,0.0
2024-09-19 14:45:00+09:00,2700.0,2700.0,2680.0,2680.0,4845,0.0,0.0
2024-09-19 14:55:00+09:00,2685.0,2700.0,2685.0,2685.0,19,0.0,0.0
2024-09-20 09:00:00+09:00,2725.0,2725.0,2710.0,2715.0,2489,0.0,0.0
2024-09-20 09:05:00+09:00,2715.0,2715.0,2690.0,2710.0,502,0.0,0.0
2024-09-20 09:10:00+09:00,2690.0,2705.0,2690.0,2705.0,189,0.0,0.0
2024-09-20 09:15:00+09:00,2690.0,2705.0,2680.0,2705.0,144,0.0,0.0
2024-09-20 09:20:00+09:00,2690.0,2700.0,2690.0,2700.0,750,0.0,0.0
2024-09-20 09:25:00+09:00,2700.0,2700.0,2700.0,2700.0,1,0.0,0.0
2024-09-20 09:30:00+09:00,2690.0,2700.0,2685.0,2700.0,352,0.0,0.0
2024-09-20 09:35:00+09:00,2690.0,2700.0,2685.0,2700.0,34,0.0,0.0
2024-09-20 09:40:00+09:00,2700.0,2700.0,2680.0,2700.0,0,0.0,0.0
2024-09-20 09:45:00+09:00,2685.0,2685.0,2685.0,2685.0,5975,0.0,0.0
2024-09-20 09:55:00+09:00,2685.0,2700.0,2685.0,2700.0,120,0.0,0.0
2024-09-20 10:00:00+09:00,2690.0,2690.0,2685.0,2690.0,73,0.0,0.0
2024-09-20 10:05:00+09:00,2690.0,2695.0,2690.0,2690.0,20,0.0,0.0
2024-09-20 10:10:00+09:00,2685.0,2685.0,2670.0,2675.0,3143,0.0,0.0
2024-09-20 10:15:00+09:00,2675.0,2675.0,2675.0,2675.0,640,0.0,0.0
2024-09-20 10:25:00+09:00,2680.0,2680.0,2680.0,2680.0,96,0.0,0.0
2024-09-20 10:30:00+09:00,2675.0,2675.0,2665.0,2675.0,10565,0.0,0.0
2024-09-20 10:35:00+09:00,2675.0,2675.0,2670.0,2670.0,240,0.0,0.0
2024-09-20 10:40:00+09:00,2670.0,2670.0,2670.0,2670.0,0,0.0,0.0
2024-09-20 10:50:00+09:00,2675.0,2675.0,2675.0,2675.0,400,0.0,0.0
2024-09-20 10:55:00+09:00,2670.0,2670.0,2665.0,2665.0,1069,0.0,0.0
2024-09-20 11:00:00+09:00,2675.0,2675.0,2675.0,2675.0,1,0.0,0.0
2024-09-20 11:15:00+09:00,2670.0,2675.0,2670.0,2670.0,58,0.0,0.0
2024-09-20 11:20:00+09:00,2670.0,2670.0,2665.0,2665.0,1814,0.0,0.0
2024-09-20 11:25:00+09:00,2675.0,2675.0,2675.0,2675.0,0,0.0,0.0
2024-09-20 11:35:00+09:00,2670.0,2670.0,2670.0,2670.0,30,0.0,0.0
2024-09-20 11:45:00+09:00,2675.0,2675.0,2675.0,2675.0,6,0.0,0.0
2024-09-20 11:50:00+09:00,2670.0,2670.0,2670.0,2670.0,7,0.0,0.0
2024-09-20 11:55:00+09:00,2665.0,2665.0,2655.0,2660.0,6069,0.0,0.0
2024-09-20 12:00:00+09:00,2675.0,2675.0,2675.0,2675.0,0,0.0,0.0
2024-09-20 12:05:00+09:00,2675.0,2675.0,2675.0,2675.0,1,0.0,0.0
2024-09-20 12:10:00+09:00,2660.0,2660.0,2655.0,2655.0,1502,0.0,0.0
2024-09-20 12:20:00+09:00,2660.0,2660.0,2655.0,2655.0,1460,0.0,0.0
2024-09-20 12:25:00+09:00,2655.0,2655.0,2655.0,2655.0,0,0.0,0.0
2024-09-20 12:30:00+09:00,2655.0,2660.0,2655.0,2660.0,331,0.0,0.0
2024-09-20 12:35:00+09:00,2660.0,2660.0,2660.0,2660.0,346,0.0,0.0
2024-09-20 12:45:00+09:00,2670.0,2670.0,2665.0,2665.0,0,0.0,0.0
2024-09-20 12:50:00+09:00,2660.0,2665.0,2660.0,2660.0,1139,0.0,0.0
2024-09-20 12:55:00+09:00,2660.0,2660.0,2660.0,2660.0,0,0.0,0.0
2024-09-20 13:05:00+09:00,2660.0,2660.0,2660.0,2660.0,1186,0.0,0.0
2024-09-20 13:15:00+09:00,2655.0,2655.0,2655.0,2655.0,1142,0.0,0.0
2024-09-20 13:20:00+09:00,2665.0,2665.0,2665.0,2665.0,4,0.0,0.0
2024-09-20 13:25:00+09:00,2665.0,2665.0,2665.0,2665.0,71,0.0,0.0
2024-09-20 13:30:00+09:00,2660.0,2660.0,2660.0,2660.0,0,0.0,0.0
2024-09-20 13:35:00+09:00,2665.0,2665.0,2665.0,2665.0,69,0.0,0.0
2024-09-20 13:40:00+09:00,2655.0,2665.0,2655.0,2665.0,174,0.0,0.0
2024-09-20 14:00:00+09:00,2660.0,2665.0,2660.0,2665.0,600,0.0,0.0
2024-09-20 14:05:00+09:00,2665.0,2665.0,2665.0,2665.0,0,0.0,0.0
2024-09-20 14:15:00+09:00,2665.0,2665.0,2665.0,2665.0,2,0.0,0.0
2024-09-20 14:20:00+09:00,2665.0,2685.0,2665.0,2680.0,3048,0.0,0.0
2024-09-20 14:30:00+09:00,2680.0,2690.0,2680.0,2690.0,817,0.0,0.0
2024-09-20 14:50:00+09:00,2670.0,2670.0,2670.0,2670.0,814,0.0,0.0
2024-09-23 09:00:00+09:00,2660.0,2685.0,2660.0,2660.0,0,0.0,0.0
2024-09-23 09:05:00+09:00,2685.0,2685.0,2670.0,2670.0,911,0.0,0.0
2024-09-23 09:15:00+09:00,2675.0,2675.0,2675.0,2675.0,0,0.0,0.0
2024-09-23 09:20:00+09:00,2675.0,2685.0,2675.0,2680.0,714,0.0,0.0
2024-09-23 09:25:00+09:00,2685.0,2690.0,2685.0,2690.0,45,0.0,0.0
2024-09-23 09:30:00+09:00,2685.0,2690.0,2685.0,2690.0,209,0.0,0.0
2024-09-23 09:40:00+09:00,2690.0,2690.0,2690.0,2690.0,0,0.0,0.0
2024-09-23 09:45:00+09:00,2690.0,2690.0,2690.0,2690.0,3,0.0,0.0
2024-09-23 09:55:00+09:00,2680.0,2680.0,2670.0,2670.0,210,0.0,0.0
2024-09-23 10:05:00+09:00,2680.0,2680.0,2670.0,2670.0,206,0.0,0.0
2024-09-23 10:10:00+09:00,2670.0,2670.0,2665.0,2665.0,369,0.0,0.0
2024-09-23 10:15:00+09:00,2665.0,2665.0,2665.0,2665.0,0,0.0,0.0
2024-09-23 10:20:00+09:00,2670.0,2670.0,2670.0,2670.0,1,0.0,0.0
2024-09-23 10:25:00+09:00,2670.0,2670.0,2665.0,2670.0,1093,0.0,0.0
2024-09-23 10:35:00+09:00,2670.0,2670.0,2670.0,2670.0,0,0.0,0.0
2024-09-23 10:40:00+09:00,2670.0,2670.0,2670.0,2670.0,52,0.0,0.0
2024-09-23 10:45:00+09:00,2670.0,2670.0,2665.0,2665.0,188,0.0,0.0
2024-09-23 10:55:00+09:00,2670.0,2670.0,2670.0,2670.0,0,0.0,0.0
2024-09-23 11:00:00+09:00,2670.0,2670.0,2670.0,2670.0,5,0.0,0.0
2024-09-23 11:05:00+09:00,2670.0,2670.0,2670.0,2670.0,320,0.0,0.0
2024-09-23 11:10:00+09:00,2665.0,2665.0,2660.0,2660.0,233,0.0,0.0
2024-09-23 11:15:00+09:00,2665.0,2670.0,2660.0,2670.0,0,0.0,0.0
2024-09-23 11:20:00+09:00,2670.0,2670.0,2660.0,2660.0,2131,0.0,0.0
2024-09-23 11:35:00+09:00,2660.0,2660.0,2660.0,2660.0,0,0.0,0.0
2024-09-23 11:50:00+09:00,2660.0,2660.0,2660.0,2660.0,1,0.0,0.0
2024-09-23 11:55:00+09:00,2660.0,2660.0,2655.0,2655.0,164,0.0,0.0
2024-09-23 12:00:00+09:00,2655.0,2655.0,2655.0,2655.0,80,0.0,0.0
2024-09-23 12:10:00+09:00,2660.0,2660.0,2655.0,2655.0,360,0.0,0.0
2024-09-23 12:15:00+09:00,2660.0,2660.0,2650.0,2660.0,444,0.0,0.0
2024-09-23 12:20:00+09:00,2660.0,2660.0,2650.0,2660.0,76,0.0,0.0
2024-09-23 12:25:00+09:00,2665.0,2665.0,2665.0,2665.0,50,0.0,0.0
2024-09-23 12:35:00+09:00,2665.0,2665.0,2665.0,2665.0,350,0.0,0.0
2024-09-23 12:40:00+09:00,2665.0,2665.0,2665.0,2665.0,0,0.0,0.0
2024-09-23 12:45:00+09:00,2660.0,2660.0,2660.0,2660.0,72,0.0,0.0
2024-09-23 12:50:00+09:00,2660.0,2660.0,2660.0,2660.0,183,0.0,0.0
2024-09-23 12:55:00+09:00,2660.0,2660.0,2660.0,2660.0,113,0.0,0.0
2024-09-23 13:05:00+09:00,2665.0,2665.0,2665.0,2665.0,0,0.0,0.0
2024-09-23 13:10:00+09:00,2660.0,2660.0,2660.0,2660.0,90,0.0,0.0
2024-09-23 13:20:00+09:00,2660.0,2660.0,2650.0,2650.0,2242,0.0,0.0
2024-09-23 13:25:00+09:00,2660.0,2660.0,2660.0,2660.0,0,0.0,0.0
2024-09-23 13:40:00+09:00,2655.0,2660.0,2655.0,2660.0,13,0.0,0.0
2024-09-23 13:45:00+09:00,2655.0,2655.0,2655.0,2655.0,69,0.0,0.0
2024-09-23 13:55:00+09:00,2660.0,2660.0,2660.0,2660.0,0,0.0,0.0
2024-09-23 14:00:00+09:00,2655.0,2655.0,2645.0,2645.0,90,0.0,0.0
2024-09-23 14:05:00+09:00,2660.0,2660.0,2660.0,2660.0,400,0.0,0.0
2024-09-23 14:10:00+09:00,2650.0,2650.0,2650.0,2650.0,327,0.0,0.0
2024-09-23 14:15:00+09:00,2660.0,2660.0,2660.0,2660.0,10,0.0,0.0
2024-09-23 14:25:00+09:00,2660.0,2660.0,2660.0,2660.0,0,0.0,0.0
2024-09-23 14:30:00+09:00,2650.0,2660.0,2650.0,2660.0,308,0.0,0.0
2024-09-23 14:35:00+09:00,2655.0,2660.0,2650.0,2660.0,17,0.0,0.0
2024-09-23 14:45:00+09:00,2660.0,2665.0,2660.0,2665.0,457,0.0,0.0
2024-09-24 09:00:00+09:00,2615.0,2640.0,2615.0,2640.0,8039,0.0,0.0
2024-09-24 09:05:00+09:00,2640.0,2640.0,2640.0,2640.0,7,0.0,0.0
2024-09-24 09:10:00+09:00,2630.0,2635.0,2630.0,2630.0,3830,0.0,0.0
2024-09-24 09:15:00+09:00,2640.0,2640.0,2640.0,2640.0,0,0.0,0.0
2024-09-24 09:20:00+09:00,2640.0,2640.0,2630.0,2630.0,1802,0.0,0.0
2024-09-24 09:25:00+09:00,2630.0,2630.0,2630.0,2630.0,0,0.0,0.0
2024-09-24 09:30:00+09:00,2625.0,2625.0,2620.0,2625.0,1186,0.0,0.0
2024-09-24 09:35:00+09:00,2620.0,2625.0,2615.0,2625.0,775,0.0,0.0
2024-09-24 09:40:00+09:00,2640.0,2640.0,2640.0,2640.0,416,0.0,0.0
2024-09-24 09:50:00+09:00,2640.0,2640.0,2640.0,2640.0,1,0.0,0.0
2024-09-24 09:55:00+09:00,2640.0,2640.0,2640.0,2640.0,3,0.0,0.0
2024-09-24 10:00:00+09:00,2640.0,2640.0,2640.0,2640.0,9,0.0,0.0
2024-09-24 10:05:00+09:00,2640.0,2640.0,2630.0,2640.0,92,0.0,0.0
2024-09-24 10:10:00+09:00,2640.0,2640.0,2620.0,2635.0,147,0.0,0.0
2024-09-24 10:15:00+09:00,2620.0,2635.0,2620.0,2635.0,80,0.0,0.0
2024-09-24 10:20:00+09:00,2635.0,2635.0,2635.0,2635.0,0,0.0,0.0
2024-09-24 10:25:00+09:00,2635.0,2635.0,2635.0,2635.0,95,0.0,0.0
2024-09-24 10:30:00+09:00,2635.0,2635.0,2635.0,2635.0,12,0.0,0.0
2024-09-24 10:35:00+09:00,2635.0,2635.0,2635.0,2635.0,155,0.0,0.0
2024-09-24 10:40:00+09:00,2640.0,2640.0,2640.0,2640.0,156,0.0,0.0
2024-09-24 10:45:00+09:00,2640.0,2640.0,2630.0,2630.0,752,0.0,0.0
2024-09-24 11:25:00+09:00,2635.0,2645.0,2635.0,2645.0,2749,0.0,0.0
2024-09-24 11:30:00+09:00,2645.0,2645.0,2645.0,2645.0,0,0.0,0.0
2024-09-24 11:35:00+09:00,2645.0,2645.0,2645.0,2645.0,5,0.0,0.0
2024-09-24 11:40:00+09:00,2645.0,2645.0,2645.0,2645.0,15,0.0,0.0
2024-09-24 11:55:00+09:00,2645.0,2645.0,2645.0,2645.0,10,0.0,0.0
2024-09-24 12:10:00+09:00,2645.0,2645.0,2645.0,2645.0,255,0.0,0.0
2024-09-24 12:15:00+09:00,2650.0,2650.0,2650.0,2650.0,0,0.0,0.0
2024-09-24 12:20:00+09:00,2640.0,2650.0,2640.0,2650.0,3184,0.0,0.0
2024-09-24 12:25:00+09:00,2650.0,2650.0,2650.0,2650.0,0,0.0,0.0
2024-09-24 12:30:00+09:00,2650.0,2680.0,2650.0,2680.0,168,0.0,0.0
2024-09-24 12:40:00+09:00,2650.0,2675.0,2650.0,2675.0,24,0.0,0.0
2024-09-24 13:10:00+09:00,2670.0,2670.0,2670.0,2670.0,19,0.0,0.0
2024-09-24 13:45:00+09:00,2665.0,2665.0,2665.0,2665.0,10,0.0,0.0
2024-09-24 13:55:00+09:00,2660.0,2665.0,2655.0,2665.0,524,0.0,0.0
2024-09-24 14:00:00+09:00,2665.0,2670.0,2655.0,2655.0,1145,0.0,0.0
2024-09-24 14:05:00+09:00,2675.0,2675.0,2675.0,2675.0,0,0.0,0.0
2024-09-24 14:10:00+09:00,2675.0,2675.0,2675.0,2675.0,462,0.0,0.0
2024-09-24 14:15:00+09:00,2675.0,2675.0,2675.0,2675.0,587,0.0,0.0
2024-09-24 14:20:00+09:00,2675.0,2675.0,2675.0,2675.0,56,0.0,0.0
2024-09-24 14:25:00+09:00,2675.0,2675.0,2675.0,2675.0,35,0.0,0.0
2024-09-24 14:30:00+09:00,2675.0,2675.0,2665.0,2675.0,807,0.0,0.0
2024-09-24 14:45:00+09:00,2665.0,2665.0,2665.0,2665.0,1924,0.0,0.0
2024-09-24 14:50:00+09:00,2660.0,2660.0,2660.0,2660.0,5,0.0,0.0
2024-09-24 14:55:00+09:00,2660.0,2675.0,2655.0,2675.0,47,0.0,0.0
2024-09-25 09:00:00+09:00,2670.0,2670.0,2670.0,2670.0,1677,0.0,0.0
2024-09-25 09:05:00+09:00,2685.0,2685.0,2685.0,2685.0,0,0.0,0.0
2024-09-25 09:10:00+09:00,2670.0,2680.0,2670.0,2680.0,4191,0.0,0.0
2024-09-25 09:15:00+09:00,2670.0,2680.0,2670.0,2680.0,4107,0.0,0.0
2024-09-25 09:20:00+09:00,2680.0,2680.0,2670.0,2675.0,1135,0.0,0.0
2024-09-25 09:25:00+09:00,2675.0,2675.0,2675.0,2675.0,641,0.0,0.0
2024-09-25 09:30:00+09:00,2670.0,2670.0,2670.0,2670.0,299,0.0,0.0
2024-09-25 09:35:00+09:00,2675.0,2675.0,2675.0,2675.0,0,0.0,0.0
2024-09-25 09:40:00+09:00,2675.0,2680.0,2670.0,2680.0,1182,0.0,0.0
2024-09-25 09:45:00+09:00,2680.0,2685.0,2680.0,2685.0,2928,0.0,0.0
2024-09-25 09:50:00+09:00,2685.0,2700.0,2685.0,2700.0,10071,0.0,0.0
2024-09-25 09:55:00+09:00,2705.0,2710.0,2695.0,2710.0,0,0.0,0.0
2024-09-25 10:00:00+09:00,2710.0,2710.0,2710.0,2710.0,200,0.0,0.0
2024-09-25 10:05:00+09:00,2710.0,2710.0,2710.0,2710.0,10,0.0,0.0
2024-09-25 10:15:00+09:00,2710.0,2710.0,2710.0,2710.0,50,0.0,0.0
2024-09-25 10:20:00+09:00,2710.0,2710.0,2710.0,2710.0,8100,0.0,0.0
2024-09-25 10:25:00+09:00,2715.0,2720.0,2715.0,2720.0,1310,0.0,0.0
2024-09-25 10:30:00+09:00,2710.0,2720.0,2700.0,2720.0,0,0.0,0.0
2024-09-25 10:35:00+09:00,2710.0,2715.0,2710.0,2715.0,302,0.0,0.0
2024-09-25 10:45:00+09:00,2715.0,2715.0,2715.0,2715.0,1,0.0,0.0
2024-09-25 10:50:00+09:00,2710.0,2710.0,2710.0,2710.0,34,0.0,0.0
2024-09-25 10:55:00+09:00,2705.0,2705.0,2705.0,2705.0,137,0.0,0.0
2024-09-25 11:00:00+09:00,2710.0,2710.0,2705.0,2710.0,1122,0.0,0.0
2024-09-25 11:05:00+09:00,2710.0,2720.0,2710.0,2720.0,1082,0.0,0.0
2024-09-25 11:10:00+09:00,2715.0,2720.0,2715.0,2720.0,1610,0.0,0.0
2024-09-25 11:15:00+09:00,2725.0,2725.0,2725.0,2725.0,0,0.0,0.0
2024-09-25 11:20:00+09:00,2725.0,2725.0,2725.0,2725.0,458,0.0,0.0
2024-09-25 11:25:00+09:00,2725.0,2725.0,2725.0,2725.0,77,0.0,0.0
2024-09-25 11:30:00+09:00,2720.0,2720.0,2720.0,2720.0,51,0.0,0.0
2024-09-25 11:35:00+09:00,2720.0,2720.0,2715.0,2720.0,214,0.0,0.0
2024-09-25 11:40:00+09:00,2720.0,2720.0,2720.0,2720.0,10,0.0,0.0
2024-09-25 11:45:00+09:00,2720.0,2720.0,2720.0,2720.0,0,0.0,0.0
2024-09-25 11:50:00+09:00,2715.0,2715.0,2715.0,2715.0,34,0.0,0.0
2024-09-25 11:55:00+09:00,2715.0,2715.0,2715.0,2715.0,312,0.0,0.0
2024-09-25 12:00:00+09:00,2720.0,2720.0,2705.0,2705.0,426,0.0,0.0
2024-09-25 12:05:00+09:00,2720.0,2720.0,2715.0,2715.0,44,0.0,0.0
2024-09-25 12:10:00+09:00,2710.0,2715.0,2705.0,2715.0,439,0.0,0.0
2024-09-25 12:15:00+09:00,2715.0,2715.0,2715.0,2715.0,0,0.0,0.0
2024-09-25 12:20:00+09:00,2705.0,2705.0,2700.0,2700.0,41533,0.0,0.0
2024-09-25 12:25:00+09:00,2715.0,2715.0,2715.0,2715.0,0,0.0,0.0
2024-09-25 12:30:00+09:00,2705.0,2710.0,2700.0,2705.0,510,0.0,0.0
2024-09-25 12:35:00+09:00,2705.0,2710.0,2705.0,2705.0,213,0.0,0.0
2024-09-25 12:40:00+09:00,2705.0,2705.0,2690.0,2695.0,370,0.0,0.0
2024-09-25 12:45:00+09:00,2695.0,2695.0,2695.0,2695.0,861,0.0,0.0
2024-09-25 12:50:00+09:00,2695.0,2695.0,2695.0,2695.0,0,0.0,0.0
2024-09-25 12:55:00+09:00,2690.0,2690.0,2685.0,2685.0,622,0.0,0.0
2024-09-25 13:00:00+09:00,2715.0,2715.0,2715.0,2715.0,0,0.0,0.0
2024-09-25 13:05:00+09:00,2690.0,2700.0,2680.0,2700.0,526,0.0,0.0
2024-09-25 13:10:00+09:00,2700.0,2705.0,2700.0,2705.0,118,0.0,0.0
2024-09-25 13:15:00+09:00,2690.0,2690.0,2680.0,2680.0,430,0.0,0.0
2024-09-25 13:20:00+09:00,2695.0,2695.0,2695.0,2695.0,43,0.0,0.0
2024-09-25 13:25:00+09:00,2695.0,2705.0,2680.0,2690.0,671,0.0,0.0
2024-09-25 13:30:00+09:00,2690.0,2690.0,2675.0,2690.0,505,0.0,0.0
2024-09-25 13:40:00+09:00,2680.0,2680.0,2675.0,2675.0,458,0.0,0.0
2024-09-25 13:45:00+09:00,2675.0,2675.0,2675.0,2675.0,301,0.0,0.0
2024-09-25 13:50:00+09:00,2675.0,2675.0,2670.0,2670.0,1969,0.0,0.0
2024-09-25 14:00:00+09:00,2670.0,2670.0,2670.0,2670.0,435,0.0,0.0
2024-09-25 14:05:00+09:00,2670.0,2670.0,2670.0,2670.0,50,0.0,0.0
2024-09-25 14:10:00+09:00,2670.0,2675.0,2670.0,2675.0,505,0.0,0.0
2024-09-25 14:15:00+09:00,2685.0,2685.0,2670.0,2670.0,488,0.0,0.0
2024-09-25 14:20:00+09:00,2670.0,2670.0,2670.0,2670.0,200,0.0,0.0
2024-09-25 14:25:00+09:00,2665.0,2665.0,2665.0,2665.0,862,0.0,0.0
2024-09-25 14:30:00+09:00,2685.0,2685.0,2660.0,2665.0,8212,0.0,0.0
2024-09-25 14:35:00+09:00,2680.0,2680.0,2665.0,2665.0,0,0.0,0.0
2024-09-25 14:45:00+09:00,2665.0,2665.0,2660.0,2660.0,1982,0.0,0.0
2024-09-25 14:55:00+09:00,2660.0,2660.0,2660.0,2660.0,114,0.0,0.0
2024-09-26 09:00:00+09:00,2670.0,2670.0,2665.0,2665.0,712,0.0,0.0
2024-09-26 09:05:00+09:00,2680.0,2680.0,2670.0,2670.0,153,0.0,0.0
2024-09-26 09:10:00+09:00,2685.0,2685.0,2675.0,2680.0,728,0.0,0.0
2024-09-26 09:15:00+09:00,2675.0,2675.0,2670.0,2670.0,3325,0.0,0.0
2024-09-26 09:20:00+09:00,2685.0,2685.0,2670.0,2680.0,55,0.0,0.0
2024-09-26 09:25:00+09:00,2680.0,2680.0,2665.0,2665.0,242,0.0,0.0
2024-09-26 09:30:00+09:00,2670.0,2675.0,2670.0,2675.0,930,0.0,0.0
2024-09-26 09:40:00+09:00,2675.0,2675.0,2670.0,2670.0,210,0.0,0.0
2024-09-26 09:45:00+09:00,2670.0,2670.0,2670.0,2670.0,25,0.0,0.0
2024-09-26 09:50:00+09:00,2670.0,2670.0,2670.0,2670.0,0,0.0,0.0
2024-09-26 09:55:00+09:00,2670.0,2670.0,2670.0,2670.0,11,0.0,0.0
2024-09-26 10:00:00+09:00,2665.0,2665.0,2665.0,2665.0,712,0.0,0.0
2024-09-26 10:05:00+09:00,2670.0,2680.0,2670.0,2680.0,146,0.0,0.0
2024-09-26 10:25:00+09:00,2680.0,2680.0,2675.0,2675.0,5,0.0,0.0
2024-09-26 10:30:00+09:00,2680.0,2680.0,2680.0,2680.0,0,0.0,0.0
2024-09-26 10:40:00+09:00,2680.0,2680.0,2680.0,2680.0,340,0.0,0.0
2024-09-26 10:45:00+09:00,2680.0,2680.0,2680.0,2680.0,91,0.0,0.0
2024-09-26 10:55:00+09:00,2680.0,2685.0,2680.0,2685.0,1004,0.0,0.0
2024-09-26 11:05:00+09:00,2680.0,2685.0,2680.0,2680.0,6,0.0,0.0
2024-09-26 11:15:00+09:00,2685.0,2685.0,2685.0,2685.0,1,0.0,0.0
2024-09-26 11:20:00+09:00,2680.0,2680.0,2675.0,2675.0,18,0.0,0.0
2024-09-26 11:25:00+09:00,2680.0,2685.0,2680.0,2680.0,162,0.0,0.0
2024-09-26 11:30:00+09:00,2680.0,2680.0,2680.0,2680.0,86,0.0,0.0
2024-09-26 11:40:00+09:00,2680.0,2680.0,2680.0,2680.0,50,0.0,0.0
2024-09-26 11:45:00+09:00,2685.0,2685.0,2675.0,2675.0,152,0.0,0.0
2024-09-26 11:50:00+09:00,2685.0,2685.0,2685.0,2685.0,0,0.0,0.0
2024-09-26 12:05:00+09:00,2685.0,2685.0,2685.0,2685.0,131,0.0,0.0
2024-09-26 12:30:00+09:00,2685.0,2685.0,2685.0,2685.0,1968,0.0,0.0
2024-09-26 12:35:00+09:00,2685.0,2685.0,2685.0,2685.0,0,0.0,0.0
2024-09-26 12:50:00+09:00,2685.0,2685.0,2680.0,2680.0,7,0.0,0.0
2024-09-26 13:00:00+09:00,2685.0,2690.0,2685.0,2690.0,731,0.0,0.0
2024-09-26 13:10:00+09:00,2690.0,2700.0,2685.0,2700.0,258,0.0,0.0
2024-09-26 13:25:00+09:00,2695.0,2695.0,2695.0,2695.0,199,0.0,0.0
2024-09-26 13:30:00+09:00,2695.0,2695.0,2690.0,2695.0,110,0.0,0.0
2024-09-26 13:35:00+09:00,2695.0,2695.0,2695.0,2695.0,428,0.0,0.0
2024-09-26 13:40:00+09:00,2695.0,2700.0,2695.0,2700.0,231,0.0,0.0
2024-09-26 13:45:00+09:00,2700.0,2700.0,2700.0,2700.0,526,0.0,0.0
2024-09-26 13:50:00+09:00,2700.0,2700.0,2700.0,2700.0,0,0.0,0.0
2024-09-26 13:55:00+09:00,2700.0,2700.0,2685.0,2700.0,443,0.0,0.0
2024-09-26 14:00:00+09:00,2700.0,2700.0,2695.0,2700.0,1188,0.0,0.0
2024-09-26 14:15:00+09:00,2700.0,2700.0,2700.0,2700.0,35,0.0,0.0
2024-09-26 14:20:00+09:00,2700.0,2700.0,2700.0,2700.0,623,0.0,0.0
2024-09-26 14:25:00+09:00,2700.0,2710.0,2700.0,2710.0,296,0.0,0.0
2024-09-26 14:30:00+09:00,2710.0,2710.0,2710.0,2710.0,0,0.0,0.0
2024-09-26 14:35:00+09:00,2705.0,2705.0,2705.0,2705.0,0,0.0,0.0
2024-09-26 14:50:00+09:00,2695.0,2695.0,2695.0,2695.0,3,0.0,0.0
2024-09-27 09:00:00+09:00,2690.0,2690.0,2685.0,2685.0,1045,0.0,0.0
2024-09-27 09:05:00+09:00,2685.0,2690.0,2685.0,2690.0,0,0.0,0.0
2024-09-27 09:10:00+09:00,2690.0,2690.0,2690.0,2690.0,1,0.0,0.0
2024-09-27 09:15:00+09:00,2685.0,2690.0,2680.0,2690.0,160,0.0,0.0
2024-09-27 09:20:00+09:00,2690.0,2690.0,2690.0,2690.0,11,0.0,0.0
2024-09-27 09:25:00+09:00,2685.0,2690.0,2685.0,2685.0,134,0.0,0.0
2024-09-27 09:40:00+09:00,2690.0,2690.0,2685.0,2690.0,45,0.0,0.0
2024-09-27 09:50:00+09:00,2685.0,2685.0,2685.0,2685.0,134,0.0,0.0
2024-09-27 10:00:00+09:00,2685.0,2685.0,2685.0,2685.0,0,0.0,0.0
2024-09-27 10:05:00+09:00,2680.0,2685.0,2680.0,2685.0,252,0.0,0.0
2024-09-27 10:10:00+09:00,2690.0,2690.0,2690.0,2690.0,1,0.0,0.0
2024-09-27 10:15:00+09:00,2685.0,2685.0,2680.0,2680.0,236,0.0,0.0
2024-09-27 10:20:00+09:00,2685.0,2690.0,2680.0,2680.0,466,0.0,0.0
2024-09-27 10:25:00+09:00,2680.0,2680.0,2675.0,2675.0,72,0.0,0.0
2024-09-27 10:35:00+09:00,2680.0,2690.0,2680.0,2690.0,363,0.0,0.0
2024-09-27 10:40:00+09:00,2690.0,2690.0,2690.0,2690.0,15,0.0,0.0
2024-09-27 10:45:00+09:00,2705.0,2705.0,2705.0,2705.0,0,0.0,0.0
2024-09-27 10:50:00+09:00,2705.0,2705.0,2705.0,2705.0,20,0.0,0.0
2024-09-27 11:35:00+09:00,2695.0,2695.0,2695.0,2695.0,2,0.0,0.0
2024-09-27 11:50:00+09:00,2700.0,2700.0,2700.0,2700.0,34,0.0,0.0
2024-09-27 11:55:00+09:00,2700.0,2700.0,2700.0,2700.0,12,0.0,0.0
2024-09-27 12:10:00+09:00,2700.0,2700.0,2700.0,2700.0,80,0.0,0.0
2024-09-27 12:15:00+09:00,2700.0,2700.0,2700.0,2700.0,160,0.0,0.0
2024-09-27 12:20:00+09:00,2695.0,2695.0,2695.0,2695.0,2,0.0,0.0
2024-09-27 12:25:00+09:00,2700.0,2700.0,2700.0,2700.0,1,0.0,0.0
2024-09-27 12:35:00+09:00,2700.0,2700.0,2700.0,2700.0,1065,0.0,0.0
2024-09-27 12:40:00+09:00,2705.0,2710.0,2700.0,2710.0,3752,0.0,0.0
2024-09-27 12:50:00+09:00,2710.0,2710.0,2710.0,2710.0,3,0.0,0.0
2024-09-27 12:55:00+09:00,2710.0,2710.0,2710.0,2710.0,10,0.0,0.0
2024-09-27 13:05:00+09:00,2700.0,2700.0,2700.0,2700.0,70,0.0,0.0
2024-09-27 13:10:00+09:00,2700.0,2700.0,2700.0,2700.0,0,0.0,0.0
2024-09-27 13:15:00+09:00,2700.0,2700.0,2700.0,2700.0,77,0.0,0.0
2024-09-27 13:20:00+09:00,2710.0,2710.0,2695.0,2695.0,222,0.0,0.0
2024-09-27 13:30:00+09:00,2705.0,2705.0,2700.0,2700.0,14,0.0,0.0
2024-09-27 13:40:00+09:00,2700.0,2700.0,2695.0,2695.0,380,0.0,0.0
2024-09-27 13:45:00+09:00,2695.0,2705.0,2685.0,2705.0,1094,0.0,0.0
2024-09-27 13:50:00+09:00,2700.0,2700.0,2700.0,2700.0,0,0.0,0.0
2024-09-27 14:00:00+09:00,2700.0,2700.0,2700.0,2700.0,1,0.0,0.0
2024-09-27 14:25:00+09:00,2695.0,2695.0,2685.0,2685.0,135,0.0,0.0
2024-09-27 14:30:00+09:00,2700.0,2700.0,2700.0,2700.0,0,0.0,0.0
2024-09-27 14:35:00+09:00,2695.0,2695.0,2685.0,2685.0,71,0.0,0.0
2024-09-27 14:40:00+09:00,2695.0,2695.0,2680.0,2680.0,2084,0.0,0.0
2024-09-27 14:45:00+09:00,2680.0,2680.0,2680.0,2680.0,1056,0.0,0.0
2024-09-27 14:50:00+09:00,2700.0,2700.0,2700.0,2700.0,0,0.0,0.0
2024-09-30 09:00:00+09:00,2700.0,2700.0,2700.0,2700.0,0,0.0,0.0
2024-09-30 09:05:00+09:00,2705.0,2705.0,2705.0,2705.0,9,0.0,0.0
2024-09-30 09:10:00+09:00,2705.0,2710.0,2705.0,2710.0,109,0.0,0.0
2024-09-30 09:15:00+09:00,2700.0,2710.0,2700.0,2710.0,512,0.0,0.0
2024-09-30 09:20:00+09:00,2710.0,2710.0,2710.0,2710.0,250,0.0,0.0
2024-09-30 09:25:00+09:00,2710.0,2710.0,2710.0,2710.0,0,0.0,0.0
2024-09-30 09:30:00+09:00,2700.0,2710.0,2690.0,2705.0,7386,0.0,0.0
2024-09-30 09:35:00+09:00,2705.0,2705.0,2705.0,2705.0,10,0.0,0.0
2024-09-30 09:45:00+09:00,2705.0,2705.0,2695.0,2700.0,7,0.0,0.0
2024-09-30 09:50:00+09:00,2700.0,2700.0,2695.0,2695.0,691,0.0,0.0
2024-09-30 09:55:00+09:00,2695.0,2695.0,2695.0,2695.0,0,0.0,0.0
2024-09-30 10:05:00+09:00,2700.0,2705.0,2700.0,2705.0,688,0.0,0.0
2024-09-30 10:10:00+09:00,2705.0,2705.0,2705.0,2705.0,19,0.0,0.0
2024-09-30 10:15:00+09:00,2695.0,2695.0,2695.0,2695.0,629,0.0,0.0
2024-09-30 10:20:00+09:00,2700.0,2700.0,2700.0,2700.0,47,0.0,0.0
2024-09-30 10:25:00+09:00,2700.0,2710.0,2700.0,2710.0,852,0.0,0.0
2024-09-30 10:30:00+09:00,2710.0,2715.0,2710.0,2715.0,206,0.0,0.0
2024-09-30 10:35:00+09:00,2710.0,2715.0,2710.0,2715.0,490,0.0,0.0
2024-09-30 10:40:00+09:00,2715.0,2715.0,2715.0,2715.0,286,0.0,0.0
2024-09-30 10:50:00+09:00,2705.0,2705.0,2695.0,2695.0,2456,0.0,0.0
2024-09-30 10:55:00+09:00,2710.0,2720.0,2710.0,2720.0,935,0.0,0.0
2024-09-30 11:15:00+09:00,2720.0,2725.0,2720.0,2725.0,754,0.0,0.0
2024-09-30 11:20:00+09:00,2720.0,2725.0,2720.0,2725.0,0,0.0,0.0
2024-09-30 11:30:00+09:00,2720.0,2720.0,2720.0,2720.0,43,0.0,0.0
2024-09-30 11:50:00+09:00,2715.0,2715.0,2705.0,2705.0,535,0.0,0.0
2024-09-30 11:55:00+09:00,2695.0,2720.0,2695.0,2720.0,0,0.0,0.0
2024-09-30 12:00:00+09:00,2720.0,2720.0,2720.0,2720.0,604,0.0,0.0
2024-09-30 12:05:00+09:00,2720.0,2720.0,2720.0,2720.0,610,0.0,0.0
2024-09-30 12:10:00+09:00,2720.0,2720.0,2700.0,2700.0,92,0.0,0.0
2024-09-30 12:30:00+09:00,2700.0,2700.0,2700.0,2700.0,0,0.0,0.0
2024-09-30 12:35:00+09:00,2700.0,2700.0,2700.0,2700.0,144,0.0,0.0
2024-09-30 12:40:00+09:00,2695.0,2695.0,2695.0,2695.0,937,0.0,0.0
2024-09-30 12:45:00+09:00,2700.0,2700.0,2700.0,2700.0,0,0.0,0.0
2024-09-30 12:55:00+09:00,2705.0,2725.0,2700.0,2700.0,2977,0.0,0.0
2024-09-30 13:00:00+09:00,2700.0,2700.0,2700.0,2700.0,0,0.0,0.0
2024-09-30 13:15:00+09:00,2700.0,2700.0,2695.0,2695.0,882,0.0,0.0
2024-09-30 13:20:00+09:00,2690.0,2690.0,2690.0,2690.0,832,0.0,0.0
2024-09-30 13:30:00+09:00,2710.0,2710.0,2710.0,2710.0,34,0.0,0.0
2024-09-30 13:45:00+09:00,2700.0,2700.0,2685.0,2685.0,3218,0.0,0.0
2024-09-30 13:55:00+09:00,2685.0,2685.0,2680.0,2680.0,414,0.0,0.0
2024-09-30 14:00:00+09:00,2680.0,2680.0,2680.0,2680.0,265,0.0,0.0
2024-09-30 14:10:00+09:00,2705.0,2705.0,2705.0,2705.0,27,0.0,0.0
2024-09-30 14:15:00+09:00,2680.0,2680.0,2670.0,2670.0,644,0.0,0.0
2024-09-30 14:25:00+09:00,2670.0,2670.0,2665.0,2665.0,0,0.0,0.0
2024-09-30 14:35:00+09:00,2670.0,2695.0,2670.0,2695.0,657,0.0,0.0
2024-09-30 14:40:00+09:00,2695.0,2695.0,2670.0,2675.0,566,0.0,0.0
2024-09-30 14:50:00+09:00,2675.0,2675.0,2675.0,2675.0,368,0.0,0.0
2024-09-30 14:55:00+09:00,2695.0,2695.0,2695.0,2695.0,0,0.0,0.0
2024-10-02 09:00:00+09:00,2665.0,2665.0,2640.0,2640.0,0,0.0,0.0
2024-10-02 09:05:00+09:00,2640.0,2655.0,2640.0,2655.0,779,0.0,0.0
2024-10-02 09:10:00+09:00,2650.0,2670.0,2640.0,2640.0,32,0.0,0.0
2024-10-02 09:15:00+09:00,2640.0,2640.0,2640.0,2640.0,993,0.0,0.0
2024-10-02 09:20:00+09:00,2665.0,2670.0,2665.0,2670.0,0,0.0,0.0
2024-10-02 09:25:00+09:00,2670.0,2670.0,2645.0,2645.0,375,0.0,0.0
2024-10-02 09:30:00+09:00,2645.0,2645.0,2640.0,2640.0,175,0.0,0.0
2024-10-02 09:35:00+09:00,2660.0,2660.0,2660.0,2660.0,1,0.0,0.0
2024-10-02 09:40:00+09:00,2655.0,2655.0,2655.0,2655.0,3,0.0,0.0
2024-10-02 09:45:00+09:00,2655.0,2655.0,2655.0,2655.0,5,0.0,0.0
2024-10-02 09:50:00+09:00,2655.0,2655.0,2640.0,2640.0,1385,0.0,0.0
2024-10-02 09:55:00+09:00,2640.0,2640.0,2640.0,2640.0,0,0.0,0.0
2024-10-02 10:00:00+09:00,2640.0,2640.0,2640.0,2640.0,0,0.0,0.0
2024-10-02 10:05:00+09:00,2655.0,2655.0,2650.0,2650.0,16,0.0,0.0
2024-10-02 10:10:00+09:00,2655.0,2655.0,2650.0,2655.0,84,0.0,0.0
2024-10-02 10:20:00+09:00,2655.0,2655.0,2655.0,2655.0,31,0.0,0.0
2024-10-02 10:25:00+09:00,2650.0,2650.0,2650.0,2650.0,1,0.0,0.0
2024-10-02 10:30:00+09:00,2655.0,2655.0,2655.0,2655.0,5,0.0,0.0
2024-10-02 10:35:00+09:00,2650.0,2650.0,2650.0,2650.0,1,0.0,0.0
2024-10-02 10:40:00+09:00,2645.0,2645.0,2645.0,2645.0,473,0.0,0.0
2024-10-02 10:50:00+09:00,2650.0,2650.0,2650.0,2650.0,1,0.0,0.0
2024-10-02 11:00:00+09:00,2645.0,2645.0,2645.0,2645.0,1,0.0,0.0
2024-10-02 11:05:00+09:00,2650.0,2650.0,2650.0,2650.0,3,0.0,0.0
2024-10-02 11:10:00+09:00,2645.0,2650.0,2645.0,2650.0,11,0.0,0.0
2024-10-02 11:15:00+09:00,2650.0,2650.0,2650.0,2650.0,995,0.0,0.0
2024-10-02 11:20:00+09:00,2650.0,2650.0,2645.0,2650.0,0,0.0,0.0
2024-10-02 11:30:00+09:00,2650.0,2650.0,2650.0,2650.0,618,0.0,0.0
2024-10-02 11:35:00+09:00,2650.0,2660.0,2650.0,2660.0,116,0.0,0.0
2024-10-02 11:45:00+09:00,2660.0,2660.0,2660.0,2660.0,10,0.0,0.0
2024-10-02 11:50:00+09:00,2640.0,2660.0,2640.0,2650.0,555,0.0,0.0
2024-10-02 11:55:00+09:00,2650.0,2650.0,2650.0,2650.0,0,0.0,0.0
2024-10-02 12:00:00+09:00,2645.0,2645.0,2640.0,2640.0,1202,0.0,0.0
2024-10-02 12:05:00+09:00,2660.0,2665.0,2660.0,2660.0,0,0.0,0.0
2024-10-02 12:20:00+09:00,2660.0,2660.0,2660.0,2660.0,602,0.0,0.0
2024-10-02 12:25:00+09:00,2660.0,2660.0,2660.0,2660.0,0,0.0,0.0
2024-10-02 12:35:00+09:00,2655.0,2655.0,2655.0,2655.0,99,0.0,0.0
2024-10-02 12:40:00+09:00,2660.0,2660.0,2660.0,2660.0,277,0.0,0.0
2024-10-02 12:45:00+09:00,2670.0,2670.0,2670.0,2670.0,0,0.0,0.0
2024-10-02 12:50:00+09:00,2670.0,2670.0,2670.0,2670.0,9,0.0,0.0
2024-10-02 12:55:00+09:00,2680.0,2680.0,2680.0,2680.0,0,0.0,0.0
2024-10-02 13:10:00+09:00,2680.0,2680.0,2680.0,2680.0,1,0.0,0.0
2024-10-02 13:25:00+09:00,2680.0,2680.0,2680.0,2680.0,884,0.0,0.0
2024-10-02 13:30:00+09:00,2670.0,2670.0,2670.0,2670.0,0,0.0,0.0
2024-10-02 13:35:00+09:00,2665.0,2665.0,2665.0,2665.0,917,0.0,0.0
2024-10-02 13:40:00+09:00,2660.0,2660.0,2635.0,2655.0,5073,0.0,0.0
2024-10-02 13:45:00+09:00,2655.0,2655.0,2655.0,2655.0,388,0.0,0.0
2024-10-02 13:55:00+09:00,2655.0,2655.0,2655.0,2655.0,2,0.0,0.0
2024-10-02 14:00:00+09:00,2655.0,2655.0,2655.0,2655.0,1,0.0,0.0
2024-10-02 14:05:00+09:00,2655.0,2655.0,2655.0,2655.0,1133,0.0,0.0
2024-10-02 14:10:00+09:00,2660.0,2660.0,2660.0,2660.0,0,0.0,0.0
2024-10-02 14:15:00+09:00,2650.0,2650.0,2645.0,2645.0,312,0.0,0.0
2024-10-02 14:25:00+09:00,2660.0,2660.0,2660.0,2660.0,0,0.0,0.0
2024-10-02 14:30:00+09:00,2660.0,2660.0,2660.0,2660.0,35,0.0,0.0
2024-10-02 14:35:00+09:00,2655.0,2655.0,2650.0,2650.0,842,0.0,0.0
2024-10-02 14:40:00+09:00,2650.0,2650.0,2650.0,2650.0,0,0.0,0.0
2024-10-02 14:45:00+09:00,2650.0,2650.0,2650.0,2650.0,19,0.0,0.0
2024-10-02 14:50:00+09:00,2650.0,2650.0,2650.0,2650.0,55,0.0,0.0
2024-10-02 14:55:00+09:00,2650.0,2650.0,2650.0,2650.0,0,0.0,0.0
2024-10-04 09:00:00+09:00,2640.0,2640.0,2640.0,2640.0,0,0.0,0.0
2024-10-04 09:05:00+09:00,2640.0,2640.0,2635.0,2640.0,15,0.0,0.0
2024-10-04 09:10:00+09:00,2640.0,2640.0,2640.0,2640.0,960,0.0,0.0
2024-10-04 09:30:00+09:00,2655.0,2655.0,2655.0,2655.0,0,0.0,0.0
2024-10-04 09:35:00+09:00,2655.0,2655.0,2650.0,2650.0,1625,0.0,0.0
2024-10-04 09:40:00+09:00,2655.0,2655.0,2655.0,2655.0,0,0.0,0.0
2024-10-04 09:45:00+09:00,2655.0,2655.0,2655.0,2655.0,1,0.0,0.0
2024-10-04 09:50:00+09:00,2655.0,2655.0,2655.0,2655.0,17,0.0,0.0
2024-10-04 09:55:00+09:00,2655.0,2655.0,2655.0,2655.0,91,0.0,0.0
2024-10-04 10:05:00+09:00,2660.0,2660.0,2640.0,2640.0,553,0.0,0.0
2024-10-04 10:10:00+09:00,2640.0,2640.0,2640.0,2640.0,1096,0.0,0.0
2024-10-04 10:15:00+09:00,2640.0,2640.0,2640.0,2640.0,380,0.0,0.0
2024-10-04 10:20:00+09:00,2640.0,2640.0,2640.0,2640.0,76,0.0,0.0
2024-10-04 10:30:00+09:00,2660.0,2660.0,2660.0,2660.0,359,0.0,0.0
2024-10-04 10:40:00+09:00,2645.0,2645.0,2645.0,2645.0,820,0.0,0.0
2024-10-04 11:05:00+09:00,2660.0,2660.0,2640.0,2640.0,1485,0.0,0.0
2024-10-04 11:10:00+09:00,2660.0,2660.0,2660.0,2660.0,0,0.0,0.0
2024-10-04 11:15:00+09:00,2660.0,2660.0,2660.0,2660.0,2,0.0,0.0
2024-10-04 11:30:00+09:00,2660.0,2660.0,2660.0,2660.0,27,0.0,0.0
2024-10-04 11:40:00+09:00,2660.0,2665.0,2660.0,2665.0,631,0.0,0.0
2024-10-04 11:55:00+09:00,2655.0,2655.0,2655.0,2655.0,863,0.0,0.0
2024-10-04 12:00:00+09:00,2655.0,2655.0,2655.0,2655.0,0,0.0,0.0
2024-10-04 12:05:00+09:00,2665.0,2665.0,2665.0,2665.0,0,0.0,0.0
2024-10-04 12:15:00+09:00,2665.0,2665.0,2665.0,2665.0,14,0.0,0.0
2024-10-04 12:20:00+09:00,2665.0,2665.0,2665.0,2665.0,0,0.0,0.0
2024-10-04 12:25:00+09:00,2665.0,2665.0,2665.0,2665.0,14,0.0,0.0
2024-10-04 12:30:00+09:00,2665.0,2670.0,2665.0,2670.0,119,0.0,0.0
2024-10-04 12:45:00+09:00,2670.0,2670.0,2670.0,2670.0,6,0.0,0.0
2024-10-04 13:35:00+09:00,2665.0,2670.0,2665.0,2670.0,112,0.0,0.0
2024-10-04 13:45:00+09:00,2670.0,2670.0,2670.0,2670.0,0,0.0,0.0
2024-10-04 13:50:00+09:00,2665.0,2665.0,2665.0,2665.0,86,0.0,0.0
2024-10-04 14:15:00+09:00,2665.0,2665.0,2665.0,2665.0,0,0.0,0.0
2024-10-04 14:25:00+09:00,2660.0,2660.0,2660.0,2660.0,117,0.0,0.0
2024-10-04 14:30:00+09:00,2655.0,2655.0,2655.0,2655.0,32,0.0,0.0
2024-10-04 14:40:00+09:00,2655.0,2655.0,2655.0,2655.0,30,0.0,0.0
2024-10-04 14:55:00+09:00,2655.0,2655.0,2650.0,2650.0,268,0.0,0.0
2024-10-07 09:00:00+09:00,2660.0,2695.0,2660.0,2670.0,0,0.0,0.0
2024-10-07 09:05:00+09:00,2680.0,2690.0,2680.0,2685.0,3382,0.0,0.0
2024-10-07 09:10:00+09:00,2685.0,2685.0,2685.0,2685.0,0,0.0,0.0
2024-10-07 09:20:00+09:00,2685.0,2685.0,2675.0,2680.0,899,0.0,0.0
2024-10-07 09:25:00+09:00,2680.0,2680.0,2680.0,2680.0,740,0.0,0.0
2024-10-07 09:30:00+09:00,2680.0,2685.0,2680.0,2685.0,0,0.0,0.0
2024-10-07 09:35:00+09:00,2685.0,2690.0,2685.0,2690.0,580,0.0,0.0
2024-10-07 09:45:00+09:00,2690.0,2715.0,2690.0,2715.0,2131,0.0,0.0
2024-10-07 09:50:00+09:00,2715.0,2715.0,2710.0,2710.0,1436,0.0,0.0
2024-10-07 09:55:00+09:00,2710.0,2710.0,2710.0,2710.0,0,0.0,0.0
2024-10-07 10:00:00+09:00,2710.0,2710.0,2710.0,2710.0,7,0.0,0.0
2024-10-07 10:05:00+09:00,2710.0,2710.0,2710.0,2710.0,91,0.0,0.0
2024-10-07 10:10:00+09:00,2710.0,2715.0,2710.0,2715.0,4068,0.0,0.0
2024-10-07 10:15:00+09:00,2715.0,2715.0,2710.0,2710.0,151,0.0,0.0
2024-10-07 10:20:00+09:00,2710.0,2710.0,2710.0,2710.0,140,0.0,0.0
2024-10-07 10:25:00+09:00,2715.0,2715.0,2710.0,2710.0,1300,0.0,0.0
2024-10-07 10:35:00+09:00,2710.0,2710.0,2710.0,2710.0,0,0.0,0.0
2024-10-07 10:40:00+09:00,2715.0,2715.0,2700.0,2700.0,1260,0.0,0.0
2024-10-07 10:45:00+09:00,2715.0,2715.0,2700.0,2715.0,1002,0.0,0.0
2024-10-07 10:50:00+09:00,2715.0,2715.0,2710.0,2710.0,108,0.0,0.0
2024-10-07 11:00:00+09:00,2710.0,2710.0,2710.0,2710.0,999,0.0,0.0
2024-10-07 11:05:00+09:00,2710.0,2710.0,2710.0,2710.0,3980,0.0,0.0
2024-10-07 11:10:00+09:00,2710.0,2720.0,2710.0,2720.0,578,0.0,0.0
2024-10-07 11:15:00+09:00,2720.0,2720.0,2720.0,2720.0,0,0.0,0.0
2024-10-07 11:20:00+09:00,2715.0,2720.0,2715.0,2720.0,6497,0.0,0.0
2024-10-07 11:25:00+09:00,2720.0,2720.0,2715.0,2720.0,3999,0.0,0.0
2024-10-07 11:50:00+09:00,2720.0,2720.0,2720.0,2720.0,0,0.0,0.0
2024-10-07 11:55:00+09:00,2720.0,2760.0,2720.0,2760.0,5441,0.0,0.0
2024-10-07 12:00:00+09:00,2725.0,2755.0,2725.0,2755.0,158,0.0,0.0
2024-10-07 12:05:00+09:00,2755.0,2765.0,2755.0,2765.0,401,0.0,0.0
2024-10-07 12:10:00+09:00,2760.0,2760.0,2730.0,2730.0,172,0.0,0.0
2024-10-07 12:15:00+09:00,2730.0,2730.0,2730.0,2730.0,99,0.0,0.0
2024-10-07 12:25:00+09:00,2755.0,2755.0,2755.0,2755.0,0,0.0,0.0
2024-10-07 12:30:00+09:00,2755.0,2770.0,2745.0,2770.0,3694,0.0,0.0
2024-10-07 12:35:00+09:00,2765.0,2765.0,2765.0,2765.0,47,0.0,0.0
2024-10-07 12:40:00+09:00,2760.0,2760.0,2755.0,2755.0,9,0.0,0.0
2024-10-07 12:45:00+09:00,2750.0,2750.0,2745.0,2745.0,693,0.0,0.0
2024-10-07 13:00:00+09:00,2745.0,2745.0,2745.0,2745.0,0,0.0,0.0
2024-10-07 13:10:00+09:00,2745.0,2745.0,2745.0,2745.0,160,0.0,0.0
2024-10-07 13:15:00+09:00,2745.0,2750.0,2745.0,2750.0,549,0.0,0.0
2024-10-07 13:20:00+09:00,2750.0,2750.0,2750.0,2750.0,110,0.0,0.0
2024-10-07 13:25:00+09:00,2745.0,2750.0,2745.0,2750.0,1191,0.0,0.0
2024-10-07 13:30:00+09:00,2755.0,2755.0,2755.0,2755.0,0,0.0,0.0
2024-10-07 13:35:00+09:00,2750.0,2755.0,2745.0,2755.0,41,0.0,0.0
2024-10-07 13:40:00+09:00,2755.0,2755.0,2755.0,2755.0,0,0.0,0.0
2024-10-07 13:55:00+09:00,2755.0,2755.0,2755.0,2755.0,1,0.0,0.0
2024-10-07 14:00:00+09:00,2750.0,2750.0,2745.0,2745.0,781,0.0,0.0
2024-10-07 14:05:00+09:00,2745.0,2745.0,2730.0,2730.0,327,0.0,0.0
2024-10-07 14:15:00+09:00,2730.0,2735.0,2730.0,2735.0,0,0.0,0.0
2024-10-07 14:35:00+09:00,2740.0,2740.0,2740.0,2740.0,590,0.0,0.0
2024-10-07 14:40:00+09:00,2735.0,2740.0,2735.0,2740.0,917,0.0,0.0
2024-10-07 14:45:00+09:00,2745.0,2750.0,2745.0,2750.0,1044,0.0,0.0
2024-10-07 14:50:00+09:00,2750.0,2750.0,2745.0,2745.0,36,0.0,0.0
2024-10-07 14:55:00+09:00,2755.0,2755.0,2750.0,2750.0,5,0.0,0.0
2024-10-08 09:00:00+09:00,2790.0,2850.0,2790.0,2845.0,47191,0.0,0.0
2024-10-08 09:05:00+09:00,2855.0,2870.0,2830.0,2830.0,14866,0.0,0.0
2024-10-08 09:10:00+09:00,2835.0,2840.0,2820.0,2840.0,6299,0.0,0.0
2024-10-08 09:15:00+09:00,2835.0,2865.0,2830.0,2865.0,10438,0.0,0.0
2024-10-08 09:20:00+09:00,2860.0,2905.0,2860.0,2865.0,23146,0.0,0.0
2024-10-08 09:25:00+09:00,2865.0,2880.0,2840.0,2845.0,5356,0.0,0.0
2024-10-08 09:30:00+09:00,2840.0,2850.0,2820.0,2850.0,11095,0.0,0.0
2024-10-08 09:35:00+09:00,2850.0,2850.0,2835.0,2840.0,1721,0.0,0.0
2024-10-08 09:40:00+09:00,2840.0,2850.0,2840.0,2850.0,2350,0.0,0.0
2024-10-08 09:45:00+09:00,2845.0,2850.0,2840.0,2845.0,0,0.0,0.0
2024-10-08 09:50:00+09:00,2850.0,2850.0,2845.0,2845.0,1112,0.0,0.0
2024-10-08 09:55:00+09:00,2845.0,2850.0,2845.0,2845.0,2159,0.0,0.0
2024-10-08 10:00:00+09:00,2850.0,2850.0,2840.0,2845.0,75,0.0,0.0
2024-10-08 10:05:00+09:00,2845.0,2845.0,2835.0,2835.0,3273,0.0,0.0
2024-10-08 10:10:00+09:00,2830.0,2835.0,2810.0,2835.0,8804,0.0,0.0
2024-10-08 10:15:00+09:00,2835.0,2835.0,2795.0,2820.0,47089,0.0,0.0
2024-10-08 10:20:00+09:00,2805.0,2815.0,2805.0,2815.0,837,0.0,0.0
2024-10-08 10:25:00+09:00,2815.0,2815.0,2810.0,2810.0,430,0.0,0.0
2024-10-08 10:30:00+09:00,2815.0,2830.0,2815.0,2825.0,1688,0.0,0.0
2024-10-08 10:35:00+09:00,2825.0,2830.0,2815.0,2815.0,403,0.0,0.0
2024-10-08 10:40:00+09:00,2815.0,2830.0,2810.0,2830.0,1078,0.0,0.0
2024-10-08 10:45:00+09:00,2830.0,2830.0,2820.0,2820.0,0,0.0,0.0
2024-10-08 10:50:00+09:00,2820.0,2820.0,2810.0,2810.0,1072,0.0,0.0
2024-10-08 10:55:00+09:00,2810.0,2820.0,2800.0,2820.0,6634,0.0,0.0
2024-10-08 11:00:00+09:00,2820.0,2820.0,2815.0,2815.0,173,0.0,0.0
2024-10-08 11:05:00+09:00,2800.0,2815.0,2795.0,2800.0,795,0.0,0.0
2024-10-08 11:10:00+09:00,2815.0,2815.0,2810.0,2815.0,369,0.0,0.0
2024-10-08 11:15:00+09:00,2810.0,2810.0,2810.0,2810.0,22,0.0,0.0
2024-10-08 11:20:00+09:00,2805.0,2810.0,2800.0,2810.0,731,0.0,0.0
2024-10-08 11:25:00+09:00,2810.0,2810.0,2805.0,2805.0,273,0.0,0.0
2024-10-08 11:30:00+09:00,2800.0,2815.0,2795.0,2815.0,1251,0.0,0.0
2024-10-08 11:35:00+09:00,2815.0,2815.0,2815.0,2815.0,32,0.0,0.0
2024-10-08 11:40:00+09:00,2815.0,2815.0,2810.0,2815.0,147,0.0,0.0
2024-10-08 11:45:00+09:00,2815.0,2815.0,2810.0,2815.0,109,0.0,0.0
2024-10-08 11:50:00+09:00,2810.0,2815.0,2800.0,2815.0,722,0.0,0.0
2024-10-08 11:55:00+09:00,2815.0,2815.0,2805.0,2815.0,1770,0.0,0.0
2024-10-08 12:00:00+09:00,2815.0,2815.0,2805.0,2815.0,495,0.0,0.0
2024-10-08 12:05:00+09:00,2805.0,2815.0,2805.0,2815.0,78,0.0,0.0
2024-10-08 12:10:00+09:00,2810.0,2815.0,2810.0,2815.0,285,0.0,0.0
2024-10-08 12:15:00+09:00,2810.0,2815.0,2805.0,2815.0,530,0.0,0.0
2024-10-08 12:20:00+09:00,2810.0,2810.0,2805.0,2810.0,599,0.0,0.0
2024-10-08 12:25:00+09:00,2815.0,2815.0,2805.0,2805.0,775,0.0,0.0
2024-10-08 12:30:00+09:00,2810.0,2810.0,2810.0,2810.0,1406,0.0,0.0
2024-10-08 12:35:00+09:00,2810.0,2810.0,2810.0,2810.0,323,0.0,0.0
2024-10-08 12:40:00+09:00,2810.0,2820.0,2810.0,2820.0,697,0.0,0.0
2024-10-08 12:45:00+09:00,2820.0,2830.0,2820.0,2830.0,1913,0.0,0.0
2024-10-08 12:50:00+09:00,2825.0,2835.0,2825.0,2835.0,195,0.0,0.0
2024-10-08 12:55:00+09:00,2830.0,2845.0,2830.0,2845.0,2167,0.0,0.0
2024-10-08 13:00:00+09:00,2845.0,2845.0,2840.0,2845.0,0,0.0,0.0
2024-10-08 13:05:00+09:00,2845.0,2845.0,2830.0,2835.0,2726,0.0,0.0
2024-10-08 13:10:00+09:00,2835.0,2840.0,2835.0,2840.0,239,0.0,0.0
2024-10-08 13:15:00+09:00,2840.0,2840.0,2830.0,2830.0,424,0.0,0.0
2024-10-08 13:20:00+09:00,2825.0,2830.0,2820.0,2830.0,1315,0.0,0.0
2024-10-08 13:25:00+09:00,2830.0,2830.0,2815.0,2830.0,3002,0.0,0.0
2024-10-08 13:30:00+09:00,2825.0,2840.0,2825.0,2830.0,847,0.0,0.0
2024-10-08 13:35:00+09:00,2830.0,2830.0,2815.0,2815.0,1301,0.0,0.0
2024-10-08 13:40:00+09:00,2815.0,2830.0,2815.0,2830.0,1753,0.0,0.0
2024-10-08 13:45:00+09:00,2830.0,2835.0,2830.0,2830.0,743,0.0,0.0
2024-10-08 13:50:00+09:00,2830.0,2840.0,2830.0,2840.0,411,0.0,0.0
2024-10-08 13:55:00+09:00,2840.0,2840.0,2830.0,2840.0,1059,0.0,0.0
2024-10-08 14:00:00+09:00,2840.0,2850.0,2840.0,2850.0,129,0.0,0.0
2024-10-08 14:05:00+09:00,2850.0,2850.0,2835.0,2840.0,742,0.0,0.0
2024-10-08 14:10:00+09:00,2835.0,2835.0,2835.0,2835.0,193,0.0,0.0
2024-10-08 14:15:00+09:00,2830.0,2830.0,2800.0,2810.0,23071,0.0,0.0
2024-10-08 14:20:00+09:00,2810.0,2825.0,2810.0,2815.0,14559,0.0,0.0
2024-10-08 14:25:00+09:00,2815.0,2830.0,2815.0,2815.0,4138,0.0,0.0
2024-10-08 14:30:00+09:00,2820.0,2830.0,2820.0,2825.0,0,0.0,0.0
2024-10-08 14:35:00+09:00,2825.0,2860.0,2820.0,2820.0,3408,0.0,0.0
2024-10-08 14:40:00+09:00,2825.0,2825.0,2820.0,2820.0,1183,0.0,0.0
2024-10-08 14:45:00+09:00,2825.0,2825.0,2805.0,2820.0,254,0.0,0.0
2024-10-08 14:50:00+09:00,2815.0,2815.0,2765.0,2765.0,17525,0.0,0.0
2024-10-08 14:55:00+09:00,2780.0,2825.0,2780.0,2815.0,385,0.0,0.0
2024-10-10 09:00:00+09:00,2825.0,2860.0,2825.0,2850.0,0,0.0,0.0
2024-10-10 09:05:00+09:00,2850.0,2895.0,2840.0,2840.0,10947,0.0,0.0
2024-10-10 09:10:00+09:00,2840.0,2855.0,2835.0,2840.0,2197,0.0,0.0
2024-10-10 09:15:00+09:00,2845.0,2855.0,2825.0,2825.0,2821,0.0,0.0
2024-10-10 09:20:00+09:00,2825.0,2845.0,2825.0,2840.0,0,0.0,0.0
2024-10-10 09:25:00+09:00,2840.0,2850.0,2825.0,2825.0,7443,0.0,0.0
2024-10-10 09:30:00+09:00,2830.0,2835.0,2830.0,2835.0,0,0.0,0.0
2024-10-10 09:35:00+09:00,2845.0,2845.0,2840.0,2845.0,0,0.0,0.0
2024-10-10 09:40:00+09:00,2840.0,2845.0,2835.0,2835.0,0,0.0,0.0
2024-10-10 09:45:00+09:00,2830.0,2835.0,2820.0,2830.0,32373,0.0,0.0
2024-10-10 09:50:00+09:00,2825.0,2830.0,2825.0,2830.0,673,0.0,0.0
2024-10-10 09:55:00+09:00,2825.0,2830.0,2825.0,2830.0,251,0.0,0.0
2024-10-10 10:00:00+09:00,2830.0,2835.0,2825.0,2830.0,438,0.0,0.0
2024-10-10 10:05:00+09:00,2825.0,2830.0,2825.0,2830.0,159,0.0,0.0
2024-10-10 10:10:00+09:00,2830.0,2830.0,2825.0,2825.0,8,0.0,0.0
2024-10-10 10:15:00+09:00,2830.0,2830.0,2825.0,2825.0,80,0.0,0.0
2024-10-10 10:20:00+09:00,2825.0,2830.0,2825.0,2825.0,48,0.0,0.0
2024-10-10 10:25:00+09:00,2830.0,2830.0,2830.0,2830.0,133,0.0,0.0
2024-10-10 10:30:00+09:00,2825.0,2830.0,2825.0,2830.0,40,0.0,0.0
2024-10-10 10:35:00+09:00,2835.0,2835.0,2815.0,2825.0,4273,0.0,0.0
2024-10-10 10:40:00+09:00,2825.0,2850.0,2825.0,2830.0,2304,0.0,0.0
2024-10-10 10:45:00+09:00,2835.0,2835.0,2835.0,2835.0,0,0.0,0.0
2024-10-10 10:50:00+09:00,2835.0,2835.0,2830.0,2830.0,1608,0.0,0.0
2024-10-10 10:55:00+09:00,2835.0,2835.0,2825.0,2825.0,1379,0.0,0.0
2024-10-10 11:00:00+09:00,2830.0,2830.0,2820.0,2820.0,4984,0.0,0.0
2024-10-10 11:05:00+09:00,2835.0,2835.0,2830.0,2830.0,2,0.0,0.0
2024-10-10 11:10:00+09:00,2830.0,2830.0,2830.0,2830.0,14,0.0,0.0
2024-10-10 11:15:00+09:00,2830.0,2830.0,2820.0,2830.0,470,0.0,0.0
2024-10-10 11:20:00+09:00,2830.0,2835.0,2830.0,2830.0,2247,0.0,0.0
2024-10-10 11:25:00+09:00,2825.0,2825.0,2825.0,2825.0,0,0.0,0.0
2024-10-10 11:30:00+09:00,2825.0,2830.0,2825.0,2830.0,2,0.0,0.0
2024-10-10 11:35:00+09:00,2830.0,2830.0,2830.0,2830.0,1,0.0,0.0
2024-10-10 11:40:00+09:00,2830.0,2830.0,2830.0,2830.0,157,0.0,0.0
2024-10-10 11:45:00+09:00,2825.0,2835.0,2825.0,2835.0,484,0.0,0.0
2024-10-10 11:50:00+09:00,2835.0,2835.0,2835.0,2835.0,33,0.0,0.0
2024-10-10 11:55:00+09:00,2835.0,2835.0,2835.0,2835.0,96,0.0,0.0
2024-10-10 12:00:00+09:00,2835.0,2835.0,2835.0,2835.0,192,0.0,0.0
2024-10-10 12:05:00+09:00,2830.0,2830.0,2830.0,2830.0,0,0.0,0.0
2024-10-10 12:10:00+09:00,2830.0,2830.0,2830.0,2830.0,112,0.0,0.0
2024-10-10 12:15:00+09:00,2830.0,2830.0,2830.0,2830.0,138,0.0,0.0
2024-10-10 12:20:00+09:00,2830.0,2830.0,2825.0,2825.0,834,0.0,0.0
2024-10-10 12:25:00+09:00,2825.0,2825.0,2820.0,2820.0,4113,0.0,0.0
2024-10-10 12:30:00+09:00,2820.0,2820.0,2820.0,2820.0,0,0.0,0.0
2024-10-10 12:35:00+09:00,2820.0,2820.0,2820.0,2820.0,35,0.0,0.0
2024-10-10 12:40:00+09:00,2815.0,2815.0,2815.0,2815.0,1409,0.0,0.0
2024-10-10 12:45:00+09:00,2815.0,2820.0,2815.0,2820.0,0,0.0,0.0
2024-10-10 12:50:00+09:00,2815.0,2830.0,2815.0,2825.0,934,0.0,0.0
2024-10-10 12:55:00+09:00,2820.0,2820.0,2820.0,2820.0,3,0.0,0.0
2024-10-10 13:00:00+09:00,2825.0,2825.0,2825.0,2825.0,0,0.0,0.0
2024-10-10 13:05:00+09:00,2825.0,2825.0,2825.0,2825.0,133,0.0,0.0
2024-10-10 13:10:00+09:00,2820.0,2825.0,2820.0,2825.0,759,0.0,0.0
2024-10-10 13:20:00+09:00,2815.0,2825.0,2815.0,2825.0,653,0.0,0.0
2024-10-10 13:25:00+09:00,2830.0,2830.0,2820.0,2820.0,2666,0.0,0.0
2024-10-10 13:35:00+09:00,2825.0,2825.0,2825.0,2825.0,196,0.0,0.0
2024-10-10 13:40:00+09:00,2825.0,2825.0,2825.0,2825.0,25,0.0,0.0
2024-10-10 13:45:00+09:00,2825.0,2825.0,2825.0,2825.0,98,0.0,0.0
2024-10-10 13:50:00+09:00,2825.0,2825.0,2825.0,2825.0,107,0.0,0.0
2024-10-10 13:55:00+09:00,2820.0,2825.0,2820.0,2825.0,0,0.0,0.0
2024-10-10 14:00:00+09:00,2820.0,2820.0,2820.0,2820.0,0,0.0,0.0
2024-10-10 14:05:00+09:00,2820.0,2820.0,2820.0,2820.0,178,0.0,0.0
2024-10-10 14:10:00+09:00,2825.0,2830.0,2825.0,2830.0,2719,0.0,0.0
2024-10-10 14:15:00+09:00,2825.0,2825.0,2820.0,2820.0,1013,0.0,0.0
2024-10-10 14:20:00+09:00,2820.0,2820.0,2820.0,2820.0,741,0.0,0.0
2024-10-10 14:25:00+09:00,2815.0,2815.0,2815.0,2815.0,0,0.0,0.0
2024-10-10 14:30:00+09:00,2820.0,2820.0,2815.0,2815.0,97,0.0,0.0
2024-10-10 14:35:00+09:00,2815.0,2825.0,2815.0,2825.0,1892,0.0,0.0
2024-10-10 14:40:00+09:00,2815.0,2820.0,2815.0,2815.0,141,0.0,0.0
2024-10-10 14:45:00+09:00,2815.0,2830.0,2815.0,2830.0,3550,0.0,0.0
2024-10-10 14:50:00+09:00,2825.0,2825.0,2820.0,2820.0,1073,0.0,0.0
2024-10-10 14:55:00+09:00,2815.0,2815.0,2815.0,2815.0,0,0.0,0.0
2024-10-11 09:00:00+09:00,2835.0,2835.0,2820.0,2820.0,2187,0.0,0.0
2024-10-11 09:05:00+09:00,2820.0,2835.0,2820.0,2835.0,0,0.0,0.0
2024-10-11 09:10:00+09:00,2835.0,2835.0,2835.0,2835.0,71,0.0,0.0
2024-10-11 09:15:00+09:00,2820.0,2820.0,2815.0,2815.0,34,0.0,0.0
2024-10-11 09:20:00+09:00,2835.0,2835.0,2815.0,2825.0,3417,0.0,0.0
2024-10-11 09:25:00+09:00,2825.0,2825.0,2820.0,2825.0,3747,0.0,0.0
2024-10-11 09:30:00+09:00,2825.0,2830.0,2825.0,2825.0,240,0.0,0.0
2024-10-11 09:35:00+09:00,2820.0,2820.0,2815.0,2815.0,703,0.0,0.0
2024-10-11 09:40:00+09:00,2815.0,2830.0,2805.0,2820.0,23,0.0,0.0
2024-10-11 09:45:00+09:00,2820.0,2820.0,2820.0,2820.0,103,0.0,0.0
2024-10-11 09:50:00+09:00,2830.0,2830.0,2815.0,2820.0,1455,0.0,0.0
2024-10-11 09:55:00+09:00,2830.0,2830.0,2825.0,2825.0,2148,0.0,0.0
2024-10-11 10:00:00+09:00,2835.0,2835.0,2835.0,2835.0,0,0.0,0.0
2024-10-11 10:05:00+09:00,2835.0,2835.0,2825.0,2835.0,1996,0.0,0.0
2024-10-11 10:10:00+09:00,2840.0,2875.0,2840.0,2875.0,11521,0.0,0.0
2024-10-11 10:15:00+09:00,2875.0,2880.0,2865.0,2865.0,1387,0.0,0.0
2024-10-11 10:20:00+09:00,2870.0,2875.0,2865.0,2875.0,1261,0.0,0.0
2024-10-11 10:25:00+09:00,2875.0,2875.0,2870.0,2870.0,843,0.0,0.0
2024-10-11 10:35:00+09:00,2870.0,2875.0,2870.0,2875.0,898,0.0,0.0
2024-10-11 10:40:00+09:00,2875.0,2885.0,2875.0,2875.0,6619,0.0,0.0
2024-10-11 10:45:00+09:00,2870.0,2870.0,2865.0,2865.0,3252,0.0,0.0
2024-10-11 10:50:00+09:00,2870.0,2870.0,2835.0,2835.0,24248,0.0,0.0
2024-10-11 11:05:00+09:00,2850.0,2850.0,2850.0,2850.0,100,0.0,0.0
2024-10-11 11:25:00+09:00,2840.0,2840.0,2840.0,2840.0,46,0.0,0.0
2024-10-11 11:30:00+09:00,2845.0,2850.0,2835.0,2835.0,338,0.0,0.0
2024-10-11 11:35:00+09:00,2835.0,2845.0,2835.0,2845.0,80,0.0,0.0
2024-10-11 11:40:00+09:00,2845.0,2845.0,2845.0,2845.0,93,0.0,0.0
2024-10-11 11:50:00+09:00,2845.0,2845.0,2845.0,2845.0,51,0.0,0.0
2024-10-11 11:55:00+09:00,2840.0,2845.0,2840.0,2845.0,135,0.0,0.0
2024-10-11 12:00:00+09:00,2845.0,2845.0,2840.0,2840.0,1110,0.0,0.0
2024-10-11 12:05:00+09:00,2845.0,2850.0,2845.0,2845.0,78,0.0,0.0
2024-10-11 12:10:00+09:00,2845.0,2845.0,2845.0,2845.0,210,0.0,0.0
2024-10-11 12:15:00+09:00,2850.0,2850.0,2850.0,2850.0,0,0.0,0.0
2024-10-11 12:20:00+09:00,2850.0,2850.0,2850.0,2850.0,3,0.0,0.0
2024-10-11 12:25:00+09:00,2845.0,2850.0,2840.0,2840.0,1258,0.0,0.0
2024-10-11 12:30:00+09:00,2840.0,2840.0,2840.0,2840.0,203,0.0,0.0
2024-10-11 12:35:00+09:00,2845.0,2845.0,2845.0,2845.0,96,0.0,0.0
2024-10-11 12:40:00+09:00,2840.0,2845.0,2835.0,2840.0,103,0.0,0.0
2024-10-11 12:45:00+09:00,2840.0,2840.0,2840.0,2840.0,82,0.0,0.0
2024-10-11 12:50:00+09:00,2840.0,2840.0,2840.0,2840.0,0,0.0,0.0
2024-10-11 12:55:00+09:00,2840.0,2845.0,2840.0,2845.0,73,0.0,0.0
2024-10-11 13:05:00+09:00,2845.0,2850.0,2845.0,2850.0,314,0.0,0.0
2024-10-11 13:10:00+09:00,2850.0,2850.0,2850.0,2850.0,59,0.0,0.0
2024-10-11 13:15:00+09:00,2850.0,2850.0,2850.0,2850.0,3,0.0,0.0
2024-10-11 13:20:00+09:00,2850.0,2850.0,2850.0,2850.0,0,0.0,0.0
2024-10-11 13:25:00+09:00,2850.0,2850.0,2840.0,2840.0,1895,0.0,0.0
2024-10-11 13:30:00+09:00,2845.0,2845.0,2845.0,2845.0,0,0.0,0.0
2024-10-11 13:35:00+09:00,2840.0,2840.0,2840.0,2840.0,1,0.0,0.0
2024-10-11 13:40:00+09:00,2840.0,2840.0,2825.0,2825.0,15041,0.0,0.0
2024-10-11 13:45:00+09:00,2830.0,2830.0,2825.0,2825.0,8414,0.0,0.0
2024-10-11 13:50:00+09:00,2840.0,2840.0,2840.0,2840.0,1,0.0,0.0
2024-10-11 13:55:00+09:00,2830.0,2840.0,2820.0,2840.0,6377,0.0,0.0
2024-10-11 14:00:00+09:00,2845.0,2845.0,2845.0,2845.0,0,0.0,0.0
2024-10-11 14:05:00+09:00,2830.0,2830.0,2815.0,2820.0,5784,0.0,0.0
2024-10-11 14:10:00+09:00,2820.0,2820.0,2820.0,2820.0,311,0.0,0.0
2024-10-11 14:15:00+09:00,2820.0,2830.0,2820.0,2830.0,0,0.0,0.0
2024-10-11 14:20:00+09:00,2815.0,2825.0,2815.0,2825.0,3,0.0,0.0
2024-10-11 14:30:00+09:00,2825.0,2830.0,2825.0,2830.0,375,0.0,0.0
2024-10-11 14:40:00+09:00,2830.0,2830.0,2830.0,2830.0,0,0.0,0.0
2024-10-11 14:45:00+09:00,2825.0,2825.0,2825.0,2825.0,1,0.0,0.0
2024-10-11 14:55:00+09:00,2815.0,2825.0,2815.0,2825.0,2866,0.0,0.0
