Datetime,Open,High,Low,Close,Volume,Dividends,Stock Splits
2024-08-26 09:00:00+09:00,714.0,714.0,707.0,708.0,0,0.0,0.0
2024-08-26 09:01:00+09:00,708.0,715.0,707.0,708.0,24698,0.0,0.0
2024-08-26 09:02:00+09:00,708.0,715.0,708.0,715.0,5967,0.0,0.0
2024-08-26 09:03:00+09:00,714.0,714.0,709.0,709.0,2347,0.0,0.0
2024-08-26 09:04:00+09:00,710.0,710.0,703.0,703.0,14154,0.0,0.0
2024-08-26 09:05:00+09:00,702.0,703.0,701.0,702.0,15180,0.0,0.0
2024-08-26 09:06:00+09:00,703.0,703.0,701.0,701.0,6692,0.0,0.0
2024-08-26 09:07:00+09:00,701.0,704.0,701.0,701.0,3492,0.0,0.0
2024-08-26 09:08:00+09:00,701.0,702.0,697.0,697.0,25460,0.0,0.0
2024-08-26 09:09:00+09:00,698.0,704.0,694.0,698.0,25104,0.0,0.0
2024-08-26 09:10:00+09:00,704.0,704.0,696.0,702.0,9119,0.0,0.0
2024-08-26 09:11:00+09:00,698.0,699.0,695.0,698.0,12083,0.0,0.0
2024-08-26 09:12:00+09:00,699.0,702.0,699.0,699.0,2167,0.0,0.0
2024-08-26 09:13:00+09:00,701.0,702.0,699.0,701.0,3417,0.0,0.0
2024-08-26 09:14:00+09:00,700.0,700.0,700.0,700.0,0,0.0,0.0
2024-08-26 09:15:00+09:00,699.0,699.0,698.0,699.0,3320,0.0,0.0
2024-08-26 09:16:00+09:00,697.0,698.0,694.0,698.0,4173,0.0,0.0
2024-08-26 09:17:00+09:00,698.0,698.0,696.0,696.0,1377,0.0,0.0
2024-08-26 09:18:00+09:00,695.0,696.0,694.0,696.0,12538,0.0,0.0
2024-08-26 09:19:00+09:00,696.0,696.0,694.0,694.0,2898,0.0,0.0
2024-08-26 09:20:00+09:00,694.0,694.0,690.0,690.0,19624,0.0,0.0
2024-08-26 09:21:00+09:00,694.0,698.0,691.0,693.0,6342,0.0,0.0
2024-08-26 09:22:00+09:00,693.0,693.0,682.0,689.0,15095,0.0,0.0
2024-08-26 09:23:00+09:00,689.0,689.0,681.0,686.0,11821,0.0,0.0
2024-08-26 09:24:00+09:00,685.0,686.0,682.0,685.0,36063,0.0,0.0
2024-08-26 09:25:00+09:00,685.0,685.0,682.0,685.0,9783,0.0,0.0
2024-08-26 09:26:00+09:00,684.0,685.0,684.0,685.0,221,0.0,0.0
2024-08-26 09:27:00+09:00,685.0,685.0,683.0,685.0,1851,0.0,0.0
2024-08-26 09:28:00+09:00,684.0,687.0,680.0,685.0,32390,0.0,0.0
2024-08-26 09:29:00+09:00,685.0,685.0,685.0,685.0,189,0.0,0.0
2024-08-26 09:30:00+09:00,685.0,687.0,685.0,687.0,1842,0.0,0.0
2024-08-26 09:31:00+09:00,687.0,694.0,687.0,692.0,2010,0.0,0.0
2024-08-26 09:32:00+09:00,692.0,694.0,692.0,694.0,7301,0.0,0.0
2024-08-26 09:33:00+09:00,694.0,694.0,692.0,692.0,2310,0.0,0.0
2024-08-26 09:34:00+09:00,691.0,691.0,690.0,690.0,430,0.0,0.0
2024-08-26 09:35:00+09:00,692.0,692.0,692.0,692.0,4693,0.0,0.0
2024-08-26 09:36:00+09:00,692.0,692.0,690.0,690.0,777,0.0,0.0
2024-08-26 09:37:00+09:00,690.0,690.0,690.0,690.0,930,0.0,0.0
2024-08-26 09:38:00+09:00,690.0,690.0,686.0,689.0,8110,0.0,0.0
2024-08-26 09:39:00+09:00,688.0,690.0,686.0,687.0,0,0.0,0.0
2024-08-26 09:40:00+09:00,692.0,692.0,686.0,692.0,2889,0.0,0.0
2024-08-26 09:41:00+09:00,692.0,693.0,689.0,689.0,5620,0.0,0.0
2024-08-26 09:42:00+09:00,693.0,698.0,690.0,693.0,7706,0.0,0.0
2024-08-26 09:43:00+09:00,693.0,696.0,693.0,696.0,10579,0.0,0.0
2024-08-26 09:44:00+09:00,696.0,697.0,696.0,697.0,5539,0.0,0.0
2024-08-26 09:45:00+09:00,696.0,696.0,696.0,696.0,523,0.0,0.0
2024-08-26 09:46:00+09:00,695.0,695.0,693.0,694.0,8701,0.0,0.0
2024-08-26 09:47:00+09:00,694.0,695.0,694.0,695.0,54,0.0,0.0
2024-08-26 09:48:00+09:00,695.0,695.0,694.0,695.0,2098,0.0,0.0
2024-08-26 09:49:00+09:00,695.0,696.0,695.0,696.0,0,0.0,0.0
2024-08-26 09:50:00+09:00,696.0,696.0,696.0,696.0,546,0.0,0.0
2024-08-26 09:51:00+09:00,696.0,697.0,695.0,697.0,295,0.0,0.0
2024-08-26 09:52:00+09:00,697.0,699.0,697.0,699.0,3660,0.0,0.0
2024-08-26 09:53:00+09:00,697.0,698.0,693.0,693.0,13991,0.0,0.0
2024-08-26 09:54:00+09:00,695.0,695.0,695.0,695.0,0,0.0,0.0
2024-08-26 09:55:00+09:00,696.0,696.0,694.0,694.0,0,0.0,0.0
2024-08-26 09:56:00+09:00,694.0,696.0,690.0,696.0,8405,0.0,0.0
2024-08-26 09:57:00+09:00,695.0,695.0,695.0,695.0,0,0.0,0.0
2024-08-26 09:58:00+09:00,694.0,694.0,694.0,694.0,190,0.0,0.0
2024-08-26 09:59:00+09:00,695.0,695.0,694.0,695.0,12074,0.0,0.0
2024-08-26 10:00:00+09:00,696.0,703.0,696.0,703.0,18157,0.0,0.0
2024-08-26 10:01:00+09:00,702.0,710.0,702.0,710.0,6401,0.0,0.0
2024-08-26 10:02:00+09:00,708.0,710.0,708.0,710.0,6291,0.0,0.0
2024-08-26 10:03:00+09:00,709.0,710.0,703.0,705.0,0,0.0,0.0
2024-08-26 10:04:00+09:00,705.0,705.0,699.0,700.0,1746,0.0,0.0
2024-08-26 10:05:00+09:00,701.0,702.0,700.0,702.0,12790,0.0,0.0
2024-08-26 10:06:00+09:00,701.0,702.0,701.0,702.0,2769,0.0,0.0
2024-08-26 10:07:00+09:00,703.0,704.0,703.0,704.0,44,0.0,0.0
2024-08-26 10:08:00+09:00,704.0,704.0,704.0,704.0,2878,0.0,0.0
2024-08-26 10:09:00+09:00,702.0,702.0,699.0,699.0,4323,0.0,0.0
2024-08-26 10:10:00+09:00,703.0,704.0,699.0,699.0,0,0.0,0.0
2024-08-26 10:11:00+09:00,702.0,702.0,702.0,702.0,0,0.0,0.0
2024-08-26 10:12:00+09:00,701.0,708.0,701.0,708.0,4653,0.0,0.0
2024-08-26 10:13:00+09:00,708.0,708.0,708.0,708.0,7123,0.0,0.0
2024-08-26 10:14:00+09:00,708.0,708.0,705.0,705.0,4854,0.0,0.0
2024-08-26 10:15:00+09:00,705.0,705.0,704.0,704.0,5369,0.0,0.0
2024-08-26 10:16:00+09:00,703.0,703.0,703.0,703.0,0,0.0,0.0
2024-08-26 10:17:00+09:00,702.0,702.0,702.0,702.0,93,0.0,0.0
2024-08-26 10:18:00+09:00,701.0,701.0,700.0,701.0,385,0.0,0.0
2024-08-26 10:19:00+09:00,702.0,702.0,700.0,700.0,5619,0.0,0.0
2024-08-26 10:20:00+09:00,700.0,700.0,697.0,697.0,9564,0.0,0.0
2024-08-26 10:21:00+09:00,697.0,703.0,697.0,702.0,2699,0.0,0.0
2024-08-26 10:24:00+09:00,697.0,697.0,697.0,697.0,62,0.0,0.0
2024-08-26 10:25:00+09:00,700.0,700.0,699.0,699.0,974,0.0,0.0
2024-08-26 10:26:00+09:00,697.0,697.0,696.0,696.0,5130,0.0,0.0
2024-08-26 10:27:00+09:00,696.0,696.0,691.0,691.0,9900,0.0,0.0
2024-08-26 10:28:00+09:00,691.0,692.0,691.0,692.0,1889,0.0,0.0
2024-08-26 10:30:00+09:00,694.0,694.0,693.0,693.0,3723,0.0,0.0
2024-08-26 10:31:00+09:00,693.0,693.0,691.0,692.0,3973,0.0,0.0
2024-08-26 10:32:00+09:00,692.0,692.0,691.0,692.0,3551,0.0,0.0
2024-08-26 10:33:00+09:00,693.0,695.0,693.0,695.0,9185,0.0,0.0
2024-08-26 10:34:00+09:00,692.0,692.0,692.0,692.0,0,0.0,0.0
2024-08-26 10:35:00+09:00,695.0,695.0,695.0,695.0,41,0.0,0.0
2024-08-26 10:36:00+09:00,693.0,694.0,693.0,694.0,552,0.0,0.0
2024-08-26 10:37:00+09:00,695.0,695.0,695.0,695.0,300,0.0,0.0
2024-08-26 10:38:00+09:00,695.0,695.0,695.0,695.0,26,0.0,0.0
2024-08-26 10:39:00+09:00,694.0,695.0,691.0,695.0,7020,0.0,0.0
2024-08-26 10:40:00+09:00,695.0,696.0,695.0,696.0,185,0.0,0.0
2024-08-26 10:41:00+09:00,695.0,696.0,693.0,696.0,2085,0.0,0.0
2024-08-26 10:42:00+09:00,697.0,699.0,697.0,699.0,1061,0.0,0.0
2024-08-26 10:43:00+09:00,699.0,701.0,699.0,701.0,8403,0.0,0.0
2024-08-26 10:45:00+09:00,701.0,701.0,698.0,701.0,3072,0.0,0.0
2024-08-26 10:46:00+09:00,701.0,703.0,701.0,703.0,8226,0.0,0.0
2024-08-26 10:47:00+09:00,703.0,704.0,703.0,704.0,355,0.0,0.0
2024-08-26 10:48:00+09:00,705.0,707.0,704.0,707.0,0,0.0,0.0
2024-08-26 10:49:00+09:00,707.0,708.0,707.0,708.0,4883,0.0,0.0
2024-08-26 10:50:00+09:00,708.0,712.0,708.0,712.0,11083,0.0,0.0
2024-08-26 10:51:00+09:00,712.0,712.0,711.0,711.0,0,0.0,0.0
2024-08-26 10:52:00+09:00,710.0,710.0,707.0,710.0,2136,0.0,0.0
2024-08-26 10:53:00+09:00,710.0,710.0,707.0,709.0,2699,0.0,0.0
2024-08-26 10:54:00+09:00,709.0,709.0,708.0,708.0,7112,0.0,0.0
2024-08-26 10:55:00+09:00,705.0,707.0,695.0,695.0,8894,0.0,0.0
2024-08-26 10:56:00+09:00,697.0,702.0,697.0,701.0,0,0.0,0.0
2024-08-26 10:57:00+09:00,701.0,702.0,698.0,702.0,379,0.0,0.0
2024-08-26 10:58:00+09:00,702.0,702.0,702.0,702.0,0,0.0,0.0
2024-08-26 10:59:00+09:00,702.0,702.0,698.0,698.0,1337,0.0,0.0
2024-08-26 11:00:00+09:00,703.0,703.0,698.0,698.0,0,0.0,0.0
2024-08-26 11:01:00+09:00,703.0,703.0,703.0,703.0,0,0.0,0.0
2024-08-26 11:02:00+09:00,701.0,702.0,701.0,702.0,1016,0.0,0.0
2024-08-26 11:03:00+09:00,702.0,702.0,702.0,702.0,399,0.0,0.0
2024-08-26 11:04:00+09:00,701.0,701.0,701.0,701.0,2000,0.0,0.0
2024-08-26 11:05:00+09:00,701.0,703.0,701.0,703.0,1446,0.0,0.0
2024-08-26 11:06:00+09:00,701.0,701.0,701.0,701.0,0,0.0,0.0
2024-08-26 11:07:00+09:00,702.0,707.0,702.0,706.0,7097,0.0,0.0
2024-08-26 11:08:00+09:00,706.0,707.0,706.0,707.0,2955,0.0,0.0
2024-08-26 11:09:00+09:00,707.0,707.0,705.0,705.0,214,0.0,0.0
2024-08-26 11:10:00+09:00,705.0,706.0,704.0,706.0,132,0.0,0.0
2024-08-26 11:11:00+09:00,705.0,705.0,705.0,705.0,0,0.0,0.0
2024-08-26 11:12:00+09:00,703.0,705.0,700.0,700.0,3261,0.0,0.0
2024-08-26 11:14:00+09:00,700.0,700.0,699.0,699.0,54,0.0,0.0
2024-08-26 11:15:00+09:00,700.0,700.0,700.0,700.0,808,0.0,0.0
2024-08-26 11:16:00+09:00,700.0,702.0,700.0,702.0,0,0.0,0.0
2024-08-26 11:17:00+09:00,702.0,702.0,700.0,700.0,340,0.0,0.0
2024-08-26 11:18:00+09:00,702.0,702.0,700.0,700.0,150,0.0,0.0
2024-08-26 11:19:00+09:00,700.0,702.0,700.0,702.0,188,0.0,0.0
2024-08-26 11:20:00+09:00,702.0,702.0,702.0,702.0,2,0.0,0.0
2024-08-26 11:21:00+09:00,701.0,701.0,701.0,701.0,47,0.0,0.0
2024-08-26 11:22:00+09:00,702.0,702.0,701.0,701.0,28,0.0,0.0
2024-08-26 11:23:00+09:00,701.0,701.0,700.0,700.0,2732,0.0,0.0
2024-08-26 11:24:00+09:00,702.0,702.0,700.0,700.0,0,0.0,0.0
2024-08-26 11:25:00+09:00,700.0,700.0,699.0,699.0,1848,0.0,0.0
2024-08-26 11:26:00+09:00,699.0,701.0,699.0,701.0,0,0.0,0.0
2024-08-26 11:28:00+09:00,700.0,700.0,700.0,700.0,397,0.0,0.0
2024-08-26 11:29:00+09:00,699.0,699.0,699.0,699.0,3008,0.0,0.0
2024-08-26 11:30:00+09:00,699.0,699.0,699.0,699.0,154,0.0,0.0
2024-08-26 11:32:00+09:00,699.0,699.0,699.0,699.0,0,0.0,0.0
2024-08-26 11:33:00+09:00,698.0,699.0,698.0,699.0,1015,0.0,0.0
2024-08-26 11:34:00+09:00,699.0,700.0,699.0,700.0,1167,0.0,0.0
2024-08-26 11:35:00+09:00,700.0,700.0,699.0,700.0,39,0.0,0.0
2024-08-26 11:36:00+09:00,700.0,700.0,699.0,700.0,40,0.0,0.0
2024-08-26 11:37:00+09:00,700.0,700.0,698.0,698.0,6435,0.0,0.0
2024-08-26 11:38:00+09:00,700.0,700.0,699.0,699.0,10,0.0,0.0
2024-08-26 11:39:00+09:00,699.0,699.0,691.0,694.0,12024,0.0,0.0
2024-08-26 11:40:00+09:00,691.0,694.0,683.0,683.0,39159,0.0,0.0
2024-08-26 11:41:00+09:00,693.0,693.0,690.0,690.0,0,0.0,0.0
2024-08-26 11:42:00+09:00,690.0,690.0,688.0,690.0,100,0.0,0.0
2024-08-26 11:43:00+09:00,688.0,688.0,685.0,688.0,3012,0.0,0.0
2024-08-26 11:44:00+09:00,687.0,687.0,685.0,686.0,1783,0.0,0.0
2024-08-26 11:45:00+09:00,686.0,687.0,685.0,686.0,768,0.0,0.0
2024-08-26 11:46:00+09:00,686.0,687.0,685.0,686.0,2881,0.0,0.0
2024-08-26 11:47:00+09:00,687.0,687.0,685.0,687.0,740,0.0,0.0
2024-08-26 11:48:00+09:00,687.0,690.0,687.0,690.0,1367,0.0,0.0
2024-08-26 11:49:00+09:00,690.0,690.0,690.0,690.0,18,0.0,0.0
2024-08-26 11:50:00+09:00,690.0,690.0,689.0,689.0,132,0.0,0.0
2024-08-26 11:51:00+09:00,690.0,690.0,689.0,690.0,1497,0.0,0.0
2024-08-26 11:52:00+09:00,690.0,691.0,690.0,691.0,501,0.0,0.0
2024-08-26 11:53:00+09:00,692.0,692.0,692.0,692.0,103,0.0,0.0
2024-08-26 11:54:00+09:00,692.0,693.0,690.0,693.0,1302,0.0,0.0
2024-08-26 11:55:00+09:00,693.0,694.0,692.0,694.0,374,0.0,0.0
2024-08-26 11:56:00+09:00,694.0,694.0,693.0,693.0,35,0.0,0.0
2024-08-26 11:57:00+09:00,690.0,691.0,686.0,691.0,2763,0.0,0.0
2024-08-26 11:58:00+09:00,691.0,691.0,691.0,691.0,6,0.0,0.0
2024-08-26 11:59:00+09:00,687.0,687.0,687.0,687.0,788,0.0,0.0
2024-08-26 12:00:00+09:00,691.0,691.0,691.0,691.0,0,0.0,0.0
2024-08-26 12:01:00+09:00,690.0,690.0,688.0,688.0,304,0.0,0.0
2024-08-26 12:02:00+09:00,687.0,689.0,686.0,689.0,107,0.0,0.0
2024-08-26 12:03:00+09:00,690.0,690.0,688.0,688.0,4,0.0,0.0
2024-08-26 12:04:00+09:00,688.0,688.0,688.0,688.0,2,0.0,0.0
2024-08-26 12:05:00+09:00,687.0,689.0,686.0,689.0,1450,0.0,0.0
2024-08-26 12:06:00+09:00,688.0,691.0,688.0,691.0,275,0.0,0.0
2024-08-26 12:07:00+09:00,690.0,691.0,690.0,691.0,2979,0.0,0.0
2024-08-26 12:08:00+09:00,691.0,691.0,691.0,691.0,200,0.0,0.0
2024-08-26 12:09:00+09:00,691.0,691.0,691.0,691.0,100,0.0,0.0
2024-08-26 12:11:00+09:00,690.0,691.0,690.0,691.0,118,0.0,0.0
2024-08-26 12:12:00+09:00,689.0,689.0,689.0,689.0,760,0.0,0.0
2024-08-26 12:13:00+09:00,689.0,689.0,688.0,688.0,7952,0.0,0.0
2024-08-26 12:14:00+09:00,689.0,689.0,688.0,688.0,0,0.0,0.0
2024-08-26 12:15:00+09:00,688.0,688.0,687.0,687.0,379,0.0,0.0
2024-08-26 12:16:00+09:00,687.0,688.0,687.0,688.0,93,0.0,0.0
2024-08-26 12:17:00+09:00,688.0,688.0,687.0,687.0,260,0.0,0.0
2024-08-26 12:20:00+09:00,688.0,688.0,688.0,688.0,5,0.0,0.0
2024-08-26 12:21:00+09:00,688.0,688.0,687.0,687.0,412,0.0,0.0
2024-08-26 12:22:00+09:00,687.0,687.0,686.0,686.0,4554,0.0,0.0
2024-08-26 12:23:00+09:00,686.0,686.0,686.0,686.0,148,0.0,0.0
2024-08-26 12:24:00+09:00,686.0,687.0,686.0,687.0,791,0.0,0.0
2024-08-26 12:26:00+09:00,688.0,688.0,688.0,688.0,0,0.0,0.0
2024-08-26 12:27:00+09:00,688.0,688.0,687.0,687.0,21,0.0,0.0
2024-08-26 12:28:00+09:00,687.0,688.0,687.0,687.0,4087,0.0,0.0
2024-08-26 12:29:00+09:00,688.0,688.0,688.0,688.0,4955,0.0,0.0
2024-08-26 12:30:00+09:00,688.0,691.0,688.0,691.0,25318,0.0,0.0
2024-08-26 12:31:00+09:00,689.0,689.0,688.0,688.0,0,0.0,0.0
2024-08-26 12:32:00+09:00,689.0,690.0,689.0,689.0,0,0.0,0.0
2024-08-26 12:33:00+09:00,690.0,692.0,690.0,692.0,452,0.0,0.0
2024-08-26 12:34:00+09:00,692.0,694.0,692.0,694.0,4809,0.0,0.0
2024-08-26 12:35:00+09:00,694.0,694.0,694.0,694.0,0,0.0,0.0
2024-08-26 12:36:00+09:00,692.0,693.0,692.0,692.0,811858,0.0,0.0
2024-08-26 12:37:00+09:00,691.0,694.0,691.0,694.0,2240,0.0,0.0
2024-08-26 12:38:00+09:00,690.0,690.0,690.0,690.0,3674,0.0,0.0
2024-08-26 12:39:00+09:00,689.0,689.0,689.0,689.0,0,0.0,0.0
2024-08-26 12:40:00+09:00,690.0,690.0,690.0,690.0,92,0.0,0.0
2024-08-26 12:41:00+09:00,692.0,693.0,692.0,692.0,0,0.0,0.0
2024-08-26 12:42:00+09:00,693.0,693.0,693.0,693.0,3295,0.0,0.0
2024-08-26 12:43:00+09:00,693.0,694.0,693.0,694.0,0,0.0,0.0
2024-08-26 12:44:00+09:00,694.0,694.0,693.0,694.0,1291,0.0,0.0
2024-08-26 12:45:00+09:00,694.0,694.0,694.0,694.0,17,0.0,0.0
2024-08-26 12:46:00+09:00,693.0,693.0,693.0,693.0,879,0.0,0.0
2024-08-26 12:47:00+09:00,693.0,693.0,693.0,693.0,1455,0.0,0.0
2024-08-26 12:48:00+09:00,693.0,693.0,692.0,693.0,441,0.0,0.0
2024-08-26 12:49:00+09:00,692.0,692.0,692.0,692.0,119,0.0,0.0
2024-08-26 12:50:00+09:00,693.0,694.0,693.0,694.0,447,0.0,0.0
2024-08-26 12:51:00+09:00,694.0,694.0,694.0,694.0,0,0.0,0.0
2024-08-26 12:53:00+09:00,693.0,694.0,693.0,694.0,2523,0.0,0.0
2024-08-26 12:54:00+09:00,694.0,694.0,690.0,690.0,5989,0.0,0.0
2024-08-26 12:55:00+09:00,690.0,690.0,690.0,690.0,756,0.0,0.0
2024-08-26 12:57:00+09:00,691.0,693.0,690.0,693.0,0,0.0,0.0
2024-08-26 12:58:00+09:00,693.0,693.0,693.0,693.0,1399,0.0,0.0
2024-08-26 12:59:00+09:00,693.0,693.0,691.0,691.0,344,0.0,0.0
2024-08-26 13:00:00+09:00,690.0,690.0,690.0,690.0,0,0.0,0.0
2024-08-26 13:01:00+09:00,690.0,695.0,690.0,695.0,3214,0.0,0.0
2024-08-26 13:05:00+09:00,690.0,694.0,689.0,689.0,2359,0.0,0.0
2024-08-26 13:06:00+09:00,690.0,690.0,690.0,690.0,347,0.0,0.0
2024-08-26 13:07:00+09:00,690.0,690.0,690.0,690.0,866,0.0,0.0
2024-08-26 13:09:00+09:00,690.0,693.0,690.0,693.0,3,0.0,0.0
2024-08-26 13:10:00+09:00,693.0,693.0,693.0,693.0,547,0.0,0.0
2024-08-26 13:11:00+09:00,693.0,693.0,693.0,693.0,0,0.0,0.0
2024-08-26 13:14:00+09:00,693.0,693.0,693.0,693.0,0,0.0,0.0
2024-08-26 13:15:00+09:00,693.0,694.0,693.0,694.0,101,0.0,0.0
2024-08-26 13:16:00+09:00,693.0,693.0,693.0,693.0,894,0.0,0.0
2024-08-26 13:17:00+09:00,693.0,693.0,693.0,693.0,2782,0.0,0.0
2024-08-26 13:18:00+09:00,693.0,693.0,693.0,693.0,0,0.0,0.0
2024-08-26 13:20:00+09:00,692.0,692.0,692.0,692.0,1400,0.0,0.0
2024-08-26 13:21:00+09:00,692.0,693.0,692.0,693.0,0,0.0,0.0
2024-08-26 13:22:00+09:00,693.0,693.0,692.0,692.0,0,0.0,0.0
2024-08-26 13:23:00+09:00,692.0,693.0,692.0,693.0,13,0.0,0.0
2024-08-26 13:24:00+09:00,693.0,694.0,693.0,694.0,7,0.0,0.0
2024-08-26 13:25:00+09:00,694.0,694.0,693.0,694.0,315,0.0,0.0
2024-08-26 13:26:00+09:00,694.0,696.0,694.0,696.0,2422,0.0,0.0
2024-08-26 13:27:00+09:00,696.0,696.0,694.0,694.0,578,0.0,0.0
2024-08-26 13:28:00+09:00,693.0,693.0,691.0,691.0,2694,0.0,0.0
2024-08-26 13:30:00+09:00,692.0,692.0,691.0,691.0,0,0.0,0.0
2024-08-26 13:31:00+09:00,691.0,691.0,689.0,689.0,3510,0.0,0.0
2024-08-26 13:32:00+09:00,693.0,693.0,693.0,693.0,0,0.0,0.0
2024-08-26 13:33:00+09:00,692.0,693.0,691.0,692.0,205,0.0,0.0
2024-08-26 13:34:00+09:00,691.0,691.0,690.0,690.0,1819,0.0,0.0
2024-08-26 13:35:00+09:00,689.0,689.0,688.0,688.0,2237,0.0,0.0
2024-08-26 13:37:00+09:00,692.0,692.0,690.0,690.0,5656,0.0,0.0
2024-08-26 13:38:00+09:00,692.0,693.0,692.0,692.0,52,0.0,0.0
2024-08-26 13:39:00+09:00,692.0,692.0,691.0,692.0,16,0.0,0.0
2024-08-26 13:41:00+09:00,691.0,691.0,691.0,691.0,601,0.0,0.0
2024-08-26 13:42:00+09:00,691.0,691.0,691.0,691.0,0,0.0,0.0
2024-08-26 13:45:00+09:00,690.0,690.0,690.0,690.0,1642,0.0,0.0
2024-08-26 13:46:00+09:00,690.0,690.0,690.0,690.0,0,0.0,0.0
2024-08-26 13:47:00+09:00,690.0,690.0,689.0,690.0,0,0.0,0.0
2024-08-26 13:48:00+09:00,690.0,690.0,690.0,690.0,99,0.0,0.0
2024-08-26 13:52:00+09:00,690.0,690.0,690.0,690.0,20,0.0,0.0
2024-08-26 13:53:00+09:00,690.0,690.0,690.0,690.0,2020,0.0,0.0
2024-08-26 13:54:00+09:00,690.0,690.0,689.0,689.0,2406,0.0,0.0
2024-08-26 13:55:00+09:00,688.0,688.0,687.0,687.0,2355,0.0,0.0
2024-08-26 13:56:00+09:00,688.0,689.0,688.0,689.0,1485,0.0,0.0
2024-08-26 13:57:00+09:00,690.0,690.0,688.0,688.0,1271,0.0,0.0
2024-08-26 13:58:00+09:00,689.0,689.0,689.0,689.0,0,0.0,0.0
2024-08-26 14:00:00+09:00,689.0,690.0,688.0,690.0,5410,0.0,0.0
2024-08-26 14:01:00+09:00,690.0,690.0,690.0,690.0,474,0.0,0.0
2024-08-26 14:02:00+09:00,690.0,690.0,688.0,688.0,1673,0.0,0.0
2024-08-26 14:03:00+09:00,690.0,690.0,690.0,690.0,2912,0.0,0.0
2024-08-26 14:06:00+09:00,689.0,689.0,689.0,689.0,3030,0.0,0.0
2024-08-26 14:07:00+09:00,688.0,688.0,688.0,688.0,468,0.0,0.0
2024-08-26 14:08:00+09:00,689.0,690.0,689.0,690.0,445,0.0,0.0
2024-08-26 14:09:00+09:00,689.0,689.0,689.0,689.0,1369,0.0,0.0
2024-08-26 14:10:00+09:00,689.0,689.0,689.0,689.0,0,0.0,0.0
2024-08-26 14:11:00+09:00,689.0,689.0,689.0,689.0,0,0.0,0.0
2024-08-26 14:12:00+09:00,689.0,689.0,687.0,687.0,1722,0.0,0.0
2024-08-26 14:14:00+09:00,688.0,689.0,688.0,689.0,1391,0.0,0.0
2024-08-26 14:15:00+09:00,689.0,689.0,689.0,689.0,1203,0.0,0.0
2024-08-26 14:16:00+09:00,689.0,689.0,688.0,688.0,0,0.0,0.0
2024-08-26 14:17:00+09:00,687.0,688.0,687.0,688.0,1100,0.0,0.0
2024-08-26 14:18:00+09:00,688.0,688.0,686.0,686.0,744,0.0,0.0
2024-08-26 14:19:00+09:00,688.0,688.0,688.0,688.0,11,0.0,0.0
2024-08-26 14:20:00+09:00,688.0,688.0,688.0,688.0,57,0.0,0.0
2024-08-26 14:22:00+09:00,686.0,686.0,686.0,686.0,713,0.0,0.0
2024-08-26 14:25:00+09:00,687.0,687.0,686.0,686.0,2265,0.0,0.0
2024-08-26 14:26:00+09:00,685.0,685.0,684.0,684.0,3493,0.0,0.0
2024-08-26 14:27:00+09:00,684.0,684.0,683.0,683.0,1488,0.0,0.0
2024-08-26 14:29:00+09:00,688.0,688.0,688.0,688.0,0,0.0,0.0
2024-08-26 14:30:00+09:00,688.0,689.0,688.0,689.0,3001,0.0,0.0
2024-08-26 14:33:00+09:00,684.0,684.0,684.0,684.0,999,0.0,0.0
2024-08-26 14:34:00+09:00,684.0,684.0,684.0,684.0,126,0.0,0.0
2024-08-26 14:35:00+09:00,684.0,687.0,682.0,687.0,2841,0.0,0.0
2024-08-26 14:36:00+09:00,684.0,687.0,682.0,682.0,7067,0.0,0.0
2024-08-26 14:37:00+09:00,686.0,686.0,686.0,686.0,0,0.0,0.0
2024-08-26 14:38:00+09:00,686.0,686.0,686.0,686.0,4,0.0,0.0
2024-08-26 14:39:00+09:00,683.0,683.0,683.0,683.0,630,0.0,0.0
2024-08-26 14:40:00+09:00,682.0,682.0,681.0,682.0,9462,0.0,0.0
2024-08-26 14:41:00+09:00,685.0,685.0,685.0,685.0,1,0.0,0.0
2024-08-26 14:42:00+09:00,684.0,685.0,684.0,685.0,25,0.0,0.0
2024-08-26 14:43:00+09:00,685.0,685.0,684.0,684.0,3006,0.0,0.0
2024-08-26 14:44:00+09:00,684.0,684.0,683.0,684.0,2296,0.0,0.0
2024-08-26 14:45:00+09:00,684.0,684.0,683.0,683.0,0,0.0,0.0
2024-08-26 14:46:00+09:00,684.0,685.0,684.0,685.0,1246,0.0,0.0
2024-08-26 14:48:00+09:00,684.0,685.0,683.0,683.0,2784,0.0,0.0
2024-08-26 14:49:00+09:00,683.0,684.0,680.0,683.0,31148,0.0,0.0
2024-08-26 14:50:00+09:00,682.0,682.0,682.0,682.0,961,0.0,0.0
2024-08-26 14:51:00+09:00,681.0,682.0,680.0,681.0,21576,0.0,0.0
2024-08-26 14:52:00+09:00,682.0,682.0,682.0,682.0,7,0.0,0.0
2024-08-26 14:53:00+09:00,683.0,683.0,683.0,683.0,555,0.0,0.0
2024-08-26 14:54:00+09:00,683.0,683.0,681.0,681.0,0,0.0,0.0
2024-08-26 14:55:00+09:00,681.0,683.0,681.0,682.0,237,0.0,0.0
2024-08-26 14:56:00+09:00,682.0,682.0,682.0,682.0,747,0.0,0.0
2024-08-26 14:57:00+09:00,682.0,683.0,682.0,683.0,219,0.0,0.0
2024-08-26 14:58:00+09:00,683.0,683.0,681.0,682.0,2898,0.0,0.0
2024-08-26 14:59:00+09:00,681.0,681.0,680.0,680.0,2244,0.0,0.0
2024-08-27 09:00:00+09:00,683.0,687.0,678.0,686.0,31588,0.0,0.0
2024-08-27 09:01:00+09:00,679.0,687.0,679.0,685.0,10715,0.0,0.0
2024-08-27 09:02:00+09:00,684.0,686.0,679.0,684.0,1035,0.0,0.0
2024-08-27 09:03:00+09:00,679.0,679.0,678.0,678.0,4412,0.0,0.0
2024-08-27 09:04:00+09:00,678.0,680.0,678.0,678.0,5153,0.0,0.0
2024-08-27 09:05:00+09:00,678.0,678.0,675.0,675.0,8369,0.0,0.0
2024-08-27 09:06:00+09:00,675.0,675.0,675.0,675.0,2352,0.0,0.0
2024-08-27 09:07:00+09:00,675.0,675.0,667.0,669.0,8437,0.0,0.0
2024-08-27 09:08:00+09:00,669.0,669.0,665.0,667.0,2316,0.0,0.0
2024-08-27 09:09:00+09:00,668.0,674.0,667.0,668.0,3064,0.0,0.0
2024-08-27 09:10:00+09:00,669.0,669.0,650.0,656.0,44252,0.0,0.0
2024-08-27 09:11:00+09:00,659.0,659.0,630.0,643.0,48921,0.0,0.0
2024-08-27 09:12:00+09:00,646.0,661.0,644.0,650.0,14471,0.0,0.0
2024-08-27 09:13:00+09:00,650.0,650.0,647.0,648.0,2571,0.0,0.0
2024-08-27 09:14:00+09:00,649.0,649.0,645.0,648.0,7808,0.0,0.0
2024-08-27 09:15:00+09:00,646.0,648.0,633.0,638.0,23812,0.0,0.0
2024-08-27 09:16:00+09:00,638.0,644.0,638.0,644.0,7507,0.0,0.0
2024-08-27 09:17:00+09:00,645.0,646.0,637.0,639.0,51529,0.0,0.0
2024-08-27 09:18:00+09:00,639.0,648.0,639.0,644.0,14030,0.0,0.0
2024-08-27 09:19:00+09:00,650.0,650.0,648.0,648.0,589,0.0,0.0
2024-08-27 09:20:00+09:00,650.0,653.0,650.0,652.0,5451,0.0,0.0
2024-08-27 09:21:00+09:00,652.0,652.0,652.0,652.0,1358,0.0,0.0
2024-08-27 09:22:00+09:00,652.0,654.0,651.0,651.0,651,0.0,0.0
2024-08-27 09:23:00+09:00,654.0,654.0,649.0,649.0,10569,0.0,0.0
2024-08-27 09:24:00+09:00,647.0,647.0,644.0,646.0,0,0.0,0.0
2024-08-27 09:25:00+09:00,645.0,645.0,639.0,641.0,11770,0.0,0.0
2024-08-27 09:26:00+09:00,643.0,646.0,641.0,646.0,2393,0.0,0.0
2024-08-27 09:27:00+09:00,643.0,645.0,641.0,645.0,2296,0.0,0.0
2024-08-27 09:28:00+09:00,645.0,645.0,641.0,641.0,1883,0.0,0.0
2024-08-27 09:29:00+09:00,641.0,641.0,638.0,640.0,879,0.0,0.0
2024-08-27 09:30:00+09:00,639.0,645.0,638.0,645.0,1628,0.0,0.0
2024-08-27 09:31:00+09:00,644.0,645.0,644.0,645.0,1166,0.0,0.0
2024-08-27 09:32:00+09:00,646.0,649.0,646.0,649.0,4345,0.0,0.0
2024-08-27 09:33:00+09:00,651.0,651.0,647.0,651.0,10124,0.0,0.0
2024-08-27 09:34:00+09:00,650.0,650.0,649.0,649.0,0,0.0,0.0
2024-08-27 09:35:00+09:00,647.0,649.0,646.0,649.0,880,0.0,0.0
2024-08-27 09:36:00+09:00,647.0,649.0,646.0,646.0,1494,0.0,0.0
2024-08-27 09:37:00+09:00,646.0,649.0,646.0,649.0,318,0.0,0.0
2024-08-27 09:38:00+09:00,649.0,649.0,649.0,649.0,1155,0.0,0.0
2024-08-27 09:39:00+09:00,649.0,652.0,649.0,651.0,64237,0.0,0.0
2024-08-27 09:40:00+09:00,654.0,658.0,652.0,658.0,7554,0.0,0.0
2024-08-27 09:41:00+09:00,659.0,665.0,654.0,665.0,1053,0.0,0.0
2024-08-27 09:42:00+09:00,665.0,665.0,661.0,665.0,0,0.0,0.0
2024-08-27 09:43:00+09:00,665.0,665.0,665.0,665.0,3011,0.0,0.0
2024-08-27 09:44:00+09:00,659.0,659.0,658.0,659.0,6195,0.0,0.0
2024-08-27 09:45:00+09:00,659.0,659.0,657.0,658.0,0,0.0,0.0
2024-08-27 09:46:00+09:00,658.0,658.0,658.0,658.0,0,0.0,0.0
2024-08-27 09:47:00+09:00,663.0,663.0,658.0,659.0,465,0.0,0.0
2024-08-27 09:48:00+09:00,658.0,663.0,658.0,659.0,487,0.0,0.0
2024-08-27 09:49:00+09:00,659.0,659.0,659.0,659.0,0,0.0,0.0
2024-08-27 09:50:00+09:00,662.0,662.0,662.0,662.0,0,0.0,0.0
2024-08-27 09:51:00+09:00,660.0,661.0,660.0,661.0,176,0.0,0.0
2024-08-27 09:52:00+09:00,660.0,660.0,660.0,660.0,50,0.0,0.0
2024-08-27 09:53:00+09:00,660.0,660.0,660.0,660.0,116,0.0,0.0
2024-08-27 09:54:00+09:00,661.0,661.0,659.0,659.0,2001,0.0,0.0
2024-08-27 09:55:00+09:00,659.0,659.0,659.0,659.0,309,0.0,0.0
2024-08-27 09:56:00+09:00,659.0,659.0,659.0,659.0,0,0.0,0.0
2024-08-27 09:57:00+09:00,659.0,659.0,658.0,659.0,1536,0.0,0.0
2024-08-27 09:58:00+09:00,659.0,659.0,659.0,659.0,982,0.0,0.0
2024-08-27 09:59:00+09:00,658.0,659.0,658.0,659.0,3245,0.0,0.0
2024-08-27 10:00:00+09:00,659.0,659.0,659.0,659.0,664,0.0,0.0
2024-08-27 10:01:00+09:00,659.0,659.0,659.0,659.0,0,0.0,0.0
2024-08-27 10:02:00+09:00,659.0,659.0,659.0,659.0,28,0.0,0.0
2024-08-27 10:03:00+09:00,659.0,659.0,652.0,658.0,3591,0.0,0.0
2024-08-27 10:04:00+09:00,658.0,658.0,658.0,658.0,453,0.0,0.0
2024-08-27 10:05:00+09:00,658.0,658.0,658.0,658.0,0,0.0,0.0
2024-08-27 10:06:00+09:00,655.0,655.0,655.0,655.0,0,0.0,0.0
2024-08-27 10:08:00+09:00,659.0,660.0,659.0,660.0,476,0.0,0.0
2024-08-27 10:09:00+09:00,660.0,661.0,660.0,661.0,3299,0.0,0.0
2024-08-27 10:10:00+09:00,662.0,662.0,660.0,660.0,788,0.0,0.0
2024-08-27 10:11:00+09:00,661.0,662.0,661.0,662.0,707,0.0,0.0
2024-08-27 10:12:00+09:00,660.0,660.0,658.0,658.0,1655,0.0,0.0
2024-08-27 10:14:00+09:00,662.0,662.0,658.0,662.0,3930,0.0,0.0
2024-08-27 10:15:00+09:00,662.0,663.0,662.0,662.0,3672,0.0,0.0
2024-08-27 10:16:00+09:00,662.0,663.0,662.0,663.0,1957,0.0,0.0
2024-08-27 10:17:00+09:00,664.0,665.0,663.0,665.0,2026,0.0,0.0
2024-08-27 10:18:00+09:00,664.0,665.0,664.0,665.0,121,0.0,0.0
2024-08-27 10:19:00+09:00,665.0,665.0,665.0,665.0,446,0.0,0.0
2024-08-27 10:20:00+09:00,666.0,666.0,666.0,666.0,1133,0.0,0.0
2024-08-27 10:21:00+09:00,680.0,680.0,677.0,677.0,26613,0.0,0.0
2024-08-27 10:22:00+09:00,676.0,676.0,669.0,669.0,153,0.0,0.0
2024-08-27 10:23:00+09:00,670.0,672.0,669.0,670.0,2692,0.0,0.0
2024-08-27 10:24:00+09:00,670.0,670.0,670.0,670.0,2791,0.0,0.0
2024-08-27 10:25:00+09:00,670.0,670.0,667.0,667.0,2705,0.0,0.0
2024-08-27 10:27:00+09:00,667.0,667.0,667.0,667.0,1661,0.0,0.0
2024-08-27 10:28:00+09:00,664.0,664.0,655.0,655.0,8489,0.0,0.0
2024-08-27 10:29:00+09:00,660.0,660.0,656.0,659.0,3287,0.0,0.0
2024-08-27 10:30:00+09:00,659.0,665.0,659.0,664.0,205,0.0,0.0
2024-08-27 10:31:00+09:00,664.0,666.0,664.0,666.0,3361,0.0,0.0
2024-08-27 10:32:00+09:00,666.0,666.0,666.0,666.0,0,0.0,0.0
2024-08-27 10:33:00+09:00,666.0,667.0,666.0,667.0,5684,0.0,0.0
2024-08-27 10:34:00+09:00,668.0,675.0,668.0,670.0,375,0.0,0.0
2024-08-27 10:35:00+09:00,671.0,671.0,671.0,671.0,339,0.0,0.0
2024-08-27 10:36:00+09:00,671.0,671.0,670.0,670.0,1068,0.0,0.0
2024-08-27 10:37:00+09:00,670.0,671.0,660.0,660.0,5479,0.0,0.0
2024-08-27 10:38:00+09:00,667.0,667.0,667.0,667.0,3210,0.0,0.0
2024-08-27 10:39:00+09:00,666.0,666.0,659.0,659.0,146,0.0,0.0
2024-08-27 10:40:00+09:00,659.0,663.0,658.0,663.0,3448,0.0,0.0
2024-08-27 10:41:00+09:00,663.0,663.0,661.0,663.0,175,0.0,0.0
2024-08-27 10:42:00+09:00,660.0,663.0,660.0,663.0,1023,0.0,0.0
2024-08-27 10:43:00+09:00,663.0,663.0,657.0,657.0,1740,0.0,0.0
2024-08-27 10:44:00+09:00,664.0,664.0,662.0,662.0,853,0.0,0.0
2024-08-27 10:46:00+09:00,662.0,662.0,662.0,662.0,0,0.0,0.0
2024-08-27 10:47:00+09:00,662.0,664.0,662.0,664.0,51,0.0,0.0
2024-08-27 10:48:00+09:00,664.0,664.0,664.0,664.0,330,0.0,0.0
2024-08-27 10:49:00+09:00,665.0,672.0,665.0,672.0,10895,0.0,0.0
2024-08-27 10:50:00+09:00,674.0,677.0,674.0,677.0,1724,0.0,0.0
2024-08-27 10:51:00+09:00,677.0,677.0,677.0,677.0,0,0.0,0.0
2024-08-27 10:53:00+09:00,671.0,671.0,671.0,671.0,0,0.0,0.0
2024-08-27 10:54:00+09:00,671.0,671.0,671.0,671.0,570996,0.0,0.0
2024-08-27 10:55:00+09:00,676.0,676.0,676.0,676.0,2308,0.0,0.0
2024-08-27 10:56:00+09:00,675.0,676.0,675.0,676.0,0,0.0,0.0
2024-08-27 10:57:00+09:00,675.0,675.0,675.0,675.0,0,0.0,0.0
2024-08-27 10:58:00+09:00,675.0,675.0,675.0,675.0,0,0.0,0.0
2024-08-27 10:59:00+09:00,670.0,672.0,668.0,672.0,667,0.0,0.0
2024-08-27 11:01:00+09:00,672.0,672.0,672.0,672.0,1134,0.0,0.0
2024-08-27 11:02:00+09:00,672.0,672.0,672.0,672.0,379,0.0,0.0
2024-08-27 11:03:00+09:00,672.0,672.0,672.0,672.0,1000,0.0,0.0
2024-08-27 11:05:00+09:00,669.0,669.0,666.0,667.0,2300,0.0,0.0
2024-08-27 11:06:00+09:00,666.0,666.0,666.0,666.0,0,0.0,0.0
2024-08-27 11:08:00+09:00,669.0,669.0,664.0,664.0,5958,0.0,0.0
2024-08-27 11:09:00+09:00,663.0,663.0,662.0,662.0,2051,0.0,0.0
2024-08-27 11:12:00+09:00,666.0,666.0,665.0,665.0,0,0.0,0.0
2024-08-27 11:15:00+09:00,665.0,666.0,665.0,666.0,221,0.0,0.0
2024-08-27 11:16:00+09:00,667.0,667.0,667.0,667.0,175,0.0,0.0
2024-08-27 11:18:00+09:00,667.0,667.0,665.0,665.0,133,0.0,0.0
2024-08-27 11:19:00+09:00,664.0,664.0,662.0,662.0,6661,0.0,0.0
2024-08-27 11:20:00+09:00,662.0,662.0,661.0,661.0,11645,0.0,0.0
2024-08-27 11:21:00+09:00,661.0,661.0,661.0,661.0,2115,0.0,0.0
2024-08-27 11:22:00+09:00,661.0,661.0,661.0,661.0,0,0.0,0.0
2024-08-27 11:23:00+09:00,662.0,663.0,662.0,663.0,24,0.0,0.0
2024-08-27 11:24:00+09:00,661.0,663.0,661.0,663.0,10,0.0,0.0
2024-08-27 11:25:00+09:00,661.0,661.0,661.0,661.0,273,0.0,0.0
2024-08-27 11:26:00+09:00,660.0,660.0,660.0,660.0,3148,0.0,0.0
2024-08-27 11:27:00+09:00,659.0,659.0,656.0,657.0,6610,0.0,0.0
2024-08-27 11:28:00+09:00,657.0,657.0,656.0,657.0,2427,0.0,0.0
2024-08-27 11:29:00+09:00,658.0,659.0,655.0,655.0,1053,0.0,0.0
2024-08-27 11:30:00+09:00,658.0,658.0,656.0,656.0,2866,0.0,0.0
2024-08-27 11:31:00+09:00,656.0,656.0,656.0,656.0,0,0.0,0.0
2024-08-27 11:32:00+09:00,660.0,660.0,660.0,660.0,0,0.0,0.0
2024-08-27 11:33:00+09:00,659.0,667.0,659.0,667.0,976,0.0,0.0
2024-08-27 11:34:00+09:00,664.0,664.0,664.0,664.0,289,0.0,0.0
2024-08-27 11:36:00+09:00,664.0,664.0,663.0,664.0,187,0.0,0.0
2024-08-27 11:37:00+09:00,664.0,664.0,664.0,664.0,923,0.0,0.0
2024-08-27 11:38:00+09:00,664.0,664.0,664.0,664.0,0,0.0,0.0
2024-08-27 11:39:00+09:00,664.0,664.0,664.0,664.0,62,0.0,0.0
2024-08-27 11:41:00+09:00,664.0,667.0,661.0,661.0,11018,0.0,0.0
2024-08-27 11:42:00+09:00,662.0,666.0,662.0,662.0,0,0.0,0.0
2024-08-27 11:44:00+09:00,662.0,662.0,661.0,661.0,6215,0.0,0.0
2024-08-27 11:45:00+09:00,661.0,661.0,661.0,661.0,0,0.0,0.0
2024-08-27 11:46:00+09:00,660.0,660.0,660.0,660.0,7,0.0,0.0
2024-08-27 11:47:00+09:00,660.0,660.0,660.0,660.0,616,0.0,0.0
2024-08-27 11:48:00+09:00,660.0,660.0,660.0,660.0,197,0.0,0.0
2024-08-27 11:49:00+09:00,660.0,660.0,660.0,660.0,271,0.0,0.0
2024-08-27 11:51:00+09:00,660.0,660.0,660.0,660.0,405,0.0,0.0
2024-08-27 11:52:00+09:00,660.0,660.0,660.0,660.0,496,0.0,0.0
2024-08-27 11:53:00+09:00,661.0,664.0,661.0,664.0,495,0.0,0.0
2024-08-27 11:54:00+09:00,661.0,661.0,661.0,661.0,29,0.0,0.0
2024-08-27 11:55:00+09:00,660.0,660.0,660.0,660.0,1062,0.0,0.0
2024-08-27 11:56:00+09:00,660.0,660.0,660.0,660.0,0,0.0,0.0
2024-08-27 11:57:00+09:00,660.0,663.0,659.0,663.0,11,0.0,0.0
2024-08-27 11:59:00+09:00,663.0,663.0,663.0,663.0,1,0.0,0.0
2024-08-27 12:02:00+09:00,659.0,659.0,658.0,658.0,267,0.0,0.0
2024-08-27 12:03:00+09:00,661.0,661.0,660.0,660.0,17,0.0,0.0
2024-08-27 12:04:00+09:00,660.0,660.0,658.0,658.0,1066,0.0,0.0
2024-08-27 12:05:00+09:00,658.0,658.0,658.0,658.0,175,0.0,0.0
2024-08-27 12:06:00+09:00,658.0,659.0,657.0,659.0,2292,0.0,0.0
2024-08-27 12:07:00+09:00,660.0,660.0,660.0,660.0,43,0.0,0.0
2024-08-27 12:08:00+09:00,658.0,658.0,658.0,658.0,1599,0.0,0.0
2024-08-27 12:09:00+09:00,658.0,658.0,657.0,657.0,0,0.0,0.0
2024-08-27 12:10:00+09:00,657.0,657.0,655.0,655.0,3217,0.0,0.0
2024-08-27 12:11:00+09:00,655.0,655.0,655.0,655.0,0,0.0,0.0
2024-08-27 12:12:00+09:00,655.0,659.0,654.0,659.0,7235,0.0,0.0
2024-08-27 12:14:00+09:00,659.0,659.0,652.0,654.0,4810,0.0,0.0
2024-08-27 12:15:00+09:00,652.0,655.0,652.0,655.0,2958,0.0,0.0
2024-08-27 12:16:00+09:00,653.0,653.0,652.0,653.0,2493,0.0,0.0
2024-08-27 12:17:00+09:00,652.0,652.0,652.0,652.0,0,0.0,0.0
2024-08-27 12:18:00+09:00,652.0,652.0,652.0,652.0,6,0.0,0.0
2024-08-27 12:19:00+09:00,651.0,654.0,650.0,654.0,975,0.0,0.0
2024-08-27 12:20:00+09:00,652.0,654.0,652.0,654.0,100,0.0,0.0
2024-08-27 12:22:00+09:00,654.0,655.0,653.0,653.0,5753,0.0,0.0
2024-08-27 12:24:00+09:00,657.0,657.0,657.0,657.0,0,0.0,0.0
2024-08-27 12:25:00+09:00,657.0,657.0,653.0,653.0,35,0.0,0.0
2024-08-27 12:26:00+09:00,657.0,657.0,657.0,657.0,2481,0.0,0.0
2024-08-27 12:27:00+09:00,653.0,655.0,653.0,655.0,558,0.0,0.0
2024-08-27 12:28:00+09:00,655.0,655.0,654.0,654.0,0,0.0,0.0
2024-08-27 12:29:00+09:00,654.0,654.0,654.0,654.0,661,0.0,0.0
2024-08-27 12:30:00+09:00,658.0,658.0,658.0,658.0,56,0.0,0.0
2024-08-27 12:32:00+09:00,654.0,654.0,654.0,654.0,0,0.0,0.0
2024-08-27 12:34:00+09:00,654.0,654.0,654.0,654.0,11,0.0,0.0
2024-08-27 12:36:00+09:00,654.0,654.0,654.0,654.0,973,0.0,0.0
2024-08-27 12:37:00+09:00,654.0,654.0,654.0,654.0,100,0.0,0.0
2024-08-27 12:40:00+09:00,653.0,653.0,650.0,650.0,12204,0.0,0.0
2024-08-27 12:41:00+09:00,651.0,651.0,650.0,650.0,0,0.0,0.0
2024-08-27 12:43:00+09:00,651.0,652.0,649.0,652.0,1861,0.0,0.0
2024-08-27 12:45:00+09:00,652.0,652.0,652.0,652.0,264,0.0,0.0
2024-08-27 12:46:00+09:00,652.0,652.0,652.0,652.0,1587,0.0,0.0
2024-08-27 12:47:00+09:00,653.0,653.0,653.0,653.0,154,0.0,0.0
2024-08-27 12:48:00+09:00,653.0,654.0,653.0,653.0,733,0.0,0.0
2024-08-27 12:49:00+09:00,653.0,653.0,653.0,653.0,14688,0.0,0.0
2024-08-27 12:50:00+09:00,652.0,653.0,652.0,652.0,1518,0.0,0.0
2024-08-27 12:51:00+09:00,652.0,652.0,651.0,651.0,98,0.0,0.0
2024-08-27 12:52:00+09:00,650.0,651.0,650.0,651.0,0,0.0,0.0
2024-08-27 12:54:00+09:00,652.0,652.0,650.0,650.0,352,0.0,0.0
2024-08-27 12:55:00+09:00,650.0,650.0,644.0,644.0,35350,0.0,0.0
2024-08-27 12:56:00+09:00,647.0,647.0,647.0,647.0,0,0.0,0.0
2024-08-27 12:57:00+09:00,648.0,649.0,648.0,649.0,0,0.0,0.0
2024-08-27 12:58:00+09:00,649.0,650.0,649.0,650.0,6300,0.0,0.0
2024-08-27 12:59:00+09:00,650.0,651.0,650.0,651.0,0,0.0,0.0
2024-08-27 13:00:00+09:00,651.0,651.0,651.0,651.0,200,0.0,0.0
2024-08-27 13:01:00+09:00,651.0,652.0,651.0,652.0,0,0.0,0.0
2024-08-27 13:02:00+09:00,651.0,651.0,651.0,651.0,89,0.0,0.0
2024-08-27 13:03:00+09:00,651.0,651.0,651.0,651.0,2000,0.0,0.0
2024-08-27 13:04:00+09:00,652.0,652.0,651.0,651.0,683,0.0,0.0
2024-08-27 13:07:00+09:00,653.0,653.0,649.0,649.0,10107,0.0,0.0
2024-08-27 13:08:00+09:00,650.0,651.0,650.0,651.0,5,0.0,0.0
2024-08-27 13:09:00+09:00,651.0,651.0,651.0,651.0,44,0.0,0.0
2024-08-27 13:10:00+09:00,650.0,650.0,648.0,648.0,40,0.0,0.0
2024-08-27 13:11:00+09:00,648.0,648.0,648.0,648.0,33,0.0,0.0
2024-08-27 13:12:00+09:00,648.0,650.0,648.0,650.0,111,0.0,0.0
2024-08-27 13:15:00+09:00,649.0,649.0,647.0,647.0,259,0.0,0.0
2024-08-27 13:17:00+09:00,650.0,650.0,648.0,648.0,5,0.0,0.0
2024-08-27 13:18:00+09:00,650.0,650.0,650.0,650.0,47,0.0,0.0
2024-08-27 13:19:00+09:00,650.0,650.0,650.0,650.0,594,0.0,0.0
2024-08-27 13:20:00+09:00,649.0,649.0,648.0,648.0,30,0.0,0.0
2024-08-27 13:21:00+09:00,650.0,650.0,650.0,650.0,0,0.0,0.0
2024-08-27 13:22:00+09:00,649.0,649.0,649.0,649.0,17,0.0,0.0
2024-08-27 13:23:00+09:00,648.0,648.0,648.0,648.0,11,0.0,0.0
2024-08-27 13:24:00+09:00,647.0,647.0,647.0,647.0,1201,0.0,0.0
2024-08-27 13:25:00+09:00,647.0,648.0,647.0,648.0,1642,0.0,0.0
2024-08-27 13:26:00+09:00,648.0,648.0,647.0,647.0,271,0.0,0.0
2024-08-27 13:27:00+09:00,648.0,648.0,646.0,646.0,4356,0.0,0.0
2024-08-27 13:28:00+09:00,646.0,646.0,645.0,645.0,3170,0.0,0.0
2024-08-27 13:29:00+09:00,645.0,645.0,644.0,644.0,12569,0.0,0.0
2024-08-27 13:33:00+09:00,648.0,648.0,648.0,648.0,2502,0.0,0.0
2024-08-27 13:34:00+09:00,648.0,648.0,648.0,648.0,19,0.0,0.0
2024-08-27 13:36:00+09:00,647.0,648.0,647.0,648.0,0,0.0,0.0
2024-08-27 13:37:00+09:00,648.0,648.0,648.0,648.0,8,0.0,0.0
2024-08-27 13:38:00+09:00,647.0,647.0,645.0,645.0,1300,0.0,0.0
2024-08-27 13:39:00+09:00,644.0,644.0,642.0,643.0,4165,0.0,0.0
2024-08-27 13:40:00+09:00,645.0,646.0,645.0,646.0,1393,0.0,0.0
2024-08-27 13:41:00+09:00,646.0,646.0,646.0,646.0,8,0.0,0.0
2024-08-27 13:43:00+09:00,648.0,648.0,648.0,648.0,2952,0.0,0.0
2024-08-27 13:44:00+09:00,649.0,649.0,649.0,649.0,0,0.0,0.0
2024-08-27 13:47:00+09:00,648.0,648.0,647.0,647.0,9,0.0,0.0
2024-08-27 13:48:00+09:00,647.0,647.0,646.0,646.0,637,0.0,0.0
2024-08-27 13:49:00+09:00,645.0,645.0,644.0,644.0,2171,0.0,0.0
2024-08-27 13:50:00+09:00,644.0,644.0,644.0,644.0,0,0.0,0.0
2024-08-27 13:51:00+09:00,644.0,646.0,644.0,646.0,2111,0.0,0.0
2024-08-27 13:52:00+09:00,646.0,649.0,646.0,649.0,7642,0.0,0.0
2024-08-27 13:53:00+09:00,649.0,650.0,649.0,650.0,0,0.0,0.0
2024-08-27 13:55:00+09:00,650.0,650.0,650.0,650.0,1590,0.0,0.0
2024-08-27 13:56:00+09:00,650.0,650.0,650.0,650.0,0,0.0,0.0
2024-08-27 13:57:00+09:00,650.0,654.0,649.0,654.0,22270,0.0,0.0
2024-08-27 13:58:00+09:00,654.0,654.0,654.0,654.0,7,0.0,0.0
2024-08-27 13:59:00+09:00,652.0,652.0,652.0,652.0,5392,0.0,0.0
2024-08-27 14:00:00+09:00,652.0,652.0,652.0,652.0,0,0.0,0.0
2024-08-27 14:01:00+09:00,652.0,652.0,652.0,652.0,0,0.0,0.0
2024-08-27 14:02:00+09:00,652.0,652.0,652.0,652.0,11,0.0,0.0
2024-08-27 14:03:00+09:00,652.0,652.0,652.0,652.0,100,0.0,0.0
2024-08-27 14:05:00+09:00,652.0,652.0,652.0,652.0,0,0.0,0.0
2024-08-27 14:07:00+09:00,652.0,652.0,652.0,652.0,364,0.0,0.0
2024-08-27 14:09:00+09:00,653.0,654.0,653.0,654.0,3168,0.0,0.0
2024-08-27 14:10:00+09:00,654.0,655.0,654.0,655.0,1085,0.0,0.0
2024-08-27 14:11:00+09:00,655.0,655.0,655.0,655.0,319,0.0,0.0
2024-08-27 14:12:00+09:00,655.0,655.0,655.0,655.0,0,0.0,0.0
2024-08-27 14:13:00+09:00,655.0,655.0,655.0,655.0,1118,0.0,0.0
2024-08-27 14:14:00+09:00,656.0,659.0,656.0,658.0,5839,0.0,0.0
2024-08-27 14:15:00+09:00,659.0,660.0,659.0,660.0,1278,0.0,0.0
2024-08-27 14:16:00+09:00,660.0,660.0,660.0,660.0,821,0.0,0.0
2024-08-27 14:17:00+09:00,661.0,661.0,661.0,661.0,0,0.0,0.0
2024-08-27 14:18:00+09:00,656.0,656.0,656.0,656.0,816,0.0,0.0
2024-08-27 14:19:00+09:00,661.0,661.0,656.0,656.0,662,0.0,0.0
2024-08-27 14:20:00+09:00,656.0,656.0,655.0,655.0,980,0.0,0.0
2024-08-27 14:21:00+09:00,655.0,656.0,655.0,656.0,6778,0.0,0.0
2024-08-27 14:23:00+09:00,656.0,661.0,656.0,661.0,0,0.0,0.0
2024-08-27 14:26:00+09:00,660.0,660.0,660.0,660.0,0,0.0,0.0
2024-08-27 14:28:00+09:00,656.0,656.0,656.0,656.0,1,0.0,0.0
2024-08-27 14:29:00+09:00,656.0,656.0,655.0,655.0,3415,0.0,0.0
2024-08-27 14:31:00+09:00,655.0,655.0,654.0,654.0,50,0.0,0.0
2024-08-27 14:32:00+09:00,653.0,653.0,653.0,653.0,409,0.0,0.0
2024-08-27 14:37:00+09:00,656.0,656.0,656.0,656.0,0,0.0,0.0
2024-08-27 14:43:00+09:00,656.0,656.0,656.0,656.0,507,0.0,0.0
2024-08-27 14:44:00+09:00,656.0,658.0,656.0,658.0,447,0.0,0.0
2024-08-27 14:45:00+09:00,658.0,658.0,658.0,658.0,0,0.0,0.0
2024-08-27 14:46:00+09:00,658.0,658.0,656.0,656.0,369,0.0,0.0
2024-08-27 14:48:00+09:00,654.0,654.0,653.0,653.0,3321,0.0,0.0
2024-08-27 14:49:00+09:00,653.0,653.0,653.0,653.0,0,0.0,0.0
2024-08-27 14:50:00+09:00,653.0,653.0,653.0,653.0,166,0.0,0.0
2024-08-27 14:52:00+09:00,653.0,653.0,653.0,653.0,35,0.0,0.0
2024-08-27 14:53:00+09:00,652.0,652.0,652.0,652.0,0,0.0,0.0
2024-08-27 14:54:00+09:00,653.0,653.0,650.0,650.0,9766,0.0,0.0
2024-08-27 14:55:00+09:00,651.0,651.0,651.0,651.0,0,0.0,0.0
2024-08-27 14:56:00+09:00,653.0,653.0,652.0,652.0,1,0.0,0.0
2024-08-27 14:57:00+09:00,653.0,653.0,651.0,652.0,49,0.0,0.0
2024-08-28 09:00:00+09:00,654.0,654.0,647.0,654.0,21765,0.0,0.0
2024-08-28 09:01:00+09:00,654.0,656.0,650.0,656.0,4126,0.0,0.0
2024-08-28 09:02:00+09:00,655.0,655.0,642.0,642.0,8433,0.0,0.0
2024-08-28 09:03:00+09:00,650.0,650.0,650.0,650.0,0,0.0,0.0
2024-08-28 09:04:00+09:00,645.0,645.0,644.0,644.0,17,0.0,0.0
2024-08-28 09:05:00+09:00,645.0,649.0,645.0,649.0,3,0.0,0.0
2024-08-28 09:06:00+09:00,646.0,649.0,640.0,647.0,5356,0.0,0.0
2024-08-28 09:07:00+09:00,646.0,647.0,643.0,643.0,1236,0.0,0.0
2024-08-28 09:08:00+09:00,646.0,647.0,643.0,643.0,776,0.0,0.0
2024-08-28 09:09:00+09:00,647.0,647.0,641.0,642.0,8343,0.0,0.0
2024-08-28 09:10:00+09:00,642.0,642.0,642.0,642.0,1904,0.0,0.0
2024-08-28 09:11:00+09:00,644.0,647.0,642.0,647.0,8364,0.0,0.0
2024-08-28 09:12:00+09:00,648.0,654.0,648.0,654.0,380,0.0,0.0
2024-08-28 09:13:00+09:00,654.0,655.0,653.0,654.0,1341,0.0,0.0
2024-08-28 09:14:00+09:00,653.0,653.0,647.0,653.0,17404,0.0,0.0
2024-08-28 09:15:00+09:00,653.0,654.0,648.0,654.0,2774,0.0,0.0
2024-08-28 09:16:00+09:00,655.0,673.0,655.0,666.0,17529,0.0,0.0
2024-08-28 09:17:00+09:00,671.0,671.0,664.0,664.0,1054,0.0,0.0
2024-08-28 09:18:00+09:00,663.0,666.0,663.0,666.0,1523,0.0,0.0
2024-08-28 09:19:00+09:00,664.0,665.0,660.0,660.0,6351,0.0,0.0
2024-08-28 09:20:00+09:00,660.0,662.0,653.0,653.0,10869,0.0,0.0
2024-08-28 09:21:00+09:00,659.0,659.0,654.0,654.0,0,0.0,0.0
2024-08-28 09:22:00+09:00,657.0,659.0,657.0,659.0,601,0.0,0.0
2024-08-28 09:23:00+09:00,659.0,661.0,659.0,661.0,42,0.0,0.0
2024-08-28 09:24:00+09:00,661.0,663.0,660.0,663.0,5378,0.0,0.0
2024-08-28 09:25:00+09:00,661.0,663.0,657.0,657.0,2047,0.0,0.0
2024-08-28 09:26:00+09:00,657.0,657.0,657.0,657.0,8044,0.0,0.0
2024-08-28 09:27:00+09:00,657.0,657.0,655.0,657.0,3784,0.0,0.0
2024-08-28 09:28:00+09:00,657.0,660.0,657.0,660.0,2454,0.0,0.0
2024-08-28 09:29:00+09:00,660.0,661.0,657.0,661.0,452,0.0,0.0
2024-08-28 09:30:00+09:00,657.0,657.0,657.0,657.0,495,0.0,0.0
2024-08-28 09:31:00+09:00,657.0,657.0,656.0,656.0,800,0.0,0.0
2024-08-28 09:33:00+09:00,659.0,659.0,656.0,656.0,0,0.0,0.0
2024-08-28 09:34:00+09:00,656.0,656.0,656.0,656.0,569,0.0,0.0
2024-08-28 09:35:00+09:00,660.0,660.0,660.0,660.0,2,0.0,0.0
2024-08-28 09:36:00+09:00,660.0,661.0,660.0,661.0,17699,0.0,0.0
2024-08-28 09:37:00+09:00,662.0,662.0,661.0,661.0,2151,0.0,0.0
2024-08-28 09:38:00+09:00,659.0,667.0,659.0,667.0,9613,0.0,0.0
2024-08-28 09:39:00+09:00,668.0,675.0,668.0,673.0,14238,0.0,0.0
2024-08-28 09:40:00+09:00,673.0,673.0,673.0,673.0,1005,0.0,0.0
2024-08-28 09:41:00+09:00,673.0,673.0,667.0,667.0,0,0.0,0.0
2024-08-28 09:42:00+09:00,668.0,670.0,668.0,670.0,3354,0.0,0.0
2024-08-28 09:43:00+09:00,669.0,673.0,669.0,672.0,6634,0.0,0.0
2024-08-28 09:44:00+09:00,671.0,672.0,669.0,672.0,12469,0.0,0.0
2024-08-28 09:45:00+09:00,672.0,672.0,670.0,670.0,2866,0.0,0.0
2024-08-28 09:46:00+09:00,670.0,670.0,669.0,669.0,7,0.0,0.0
2024-08-28 09:47:00+09:00,671.0,671.0,669.0,670.0,2846,0.0,0.0
2024-08-28 09:48:00+09:00,670.0,671.0,669.0,670.0,2788,0.0,0.0
2024-08-28 09:49:00+09:00,672.0,677.0,672.0,677.0,12180,0.0,0.0
2024-08-28 09:50:00+09:00,677.0,681.0,677.0,681.0,15345,0.0,0.0
2024-08-28 09:51:00+09:00,681.0,682.0,677.0,680.0,3131,0.0,0.0
2024-08-28 09:52:00+09:00,680.0,682.0,676.0,676.0,7887,0.0,0.0
2024-08-28 09:53:00+09:00,681.0,685.0,677.0,678.0,12224,0.0,0.0
2024-08-28 09:54:00+09:00,684.0,687.0,679.0,686.0,13403,0.0,0.0
2024-08-28 09:55:00+09:00,686.0,686.0,670.0,681.0,25301,0.0,0.0
2024-08-28 09:56:00+09:00,676.0,685.0,676.0,680.0,5953,0.0,0.0
2024-08-28 09:57:00+09:00,682.0,682.0,676.0,676.0,10630,0.0,0.0
2024-08-28 09:58:00+09:00,676.0,679.0,670.0,670.0,5386,0.0,0.0
2024-08-28 09:59:00+09:00,676.0,676.0,668.0,668.0,8904,0.0,0.0
2024-08-28 10:00:00+09:00,668.0,672.0,667.0,670.0,1066,0.0,0.0
2024-08-28 10:01:00+09:00,670.0,670.0,667.0,667.0,9689,0.0,0.0
2024-08-28 10:02:00+09:00,667.0,668.0,666.0,666.0,3762,0.0,0.0
2024-08-28 10:03:00+09:00,666.0,667.0,663.0,663.0,14308,0.0,0.0
2024-08-28 10:04:00+09:00,663.0,669.0,663.0,668.0,0,0.0,0.0
2024-08-28 10:05:00+09:00,667.0,670.0,665.0,670.0,3914,0.0,0.0
2024-08-28 10:06:00+09:00,671.0,674.0,671.0,674.0,2885,0.0,0.0
2024-08-28 10:07:00+09:00,673.0,679.0,673.0,678.0,1380,0.0,0.0
2024-08-28 10:08:00+09:00,671.0,678.0,670.0,676.0,9006,0.0,0.0
2024-08-28 10:09:00+09:00,677.0,677.0,670.0,676.0,2554,0.0,0.0
2024-08-28 10:10:00+09:00,675.0,675.0,671.0,674.0,4279,0.0,0.0
2024-08-28 10:11:00+09:00,674.0,675.0,674.0,675.0,637,0.0,0.0
2024-08-28 10:12:00+09:00,675.0,675.0,670.0,673.0,1985,0.0,0.0
2024-08-28 10:13:00+09:00,673.0,673.0,669.0,673.0,5690,0.0,0.0
2024-08-28 10:14:00+09:00,668.0,673.0,665.0,673.0,6113,0.0,0.0
2024-08-28 10:15:00+09:00,665.0,665.0,665.0,665.0,921,0.0,0.0
2024-08-28 10:16:00+09:00,665.0,673.0,665.0,673.0,0,0.0,0.0
2024-08-28 10:17:00+09:00,667.0,667.0,667.0,667.0,101,0.0,0.0
2024-08-28 10:18:00+09:00,673.0,673.0,666.0,673.0,3954,0.0,0.0
2024-08-28 10:19:00+09:00,667.0,667.0,666.0,667.0,2264,0.0,0.0
2024-08-28 10:21:00+09:00,667.0,672.0,667.0,672.0,5,0.0,0.0
2024-08-28 10:22:00+09:00,669.0,672.0,668.0,668.0,3013,0.0,0.0
2024-08-28 10:23:00+09:00,668.0,668.0,666.0,666.0,10095,0.0,0.0
2024-08-28 10:26:00+09:00,670.0,672.0,670.0,672.0,0,0.0,0.0
2024-08-28 10:27:00+09:00,666.0,671.0,666.0,671.0,16,0.0,0.0
2024-08-28 10:28:00+09:00,666.0,666.0,666.0,666.0,3723,0.0,0.0
2024-08-28 10:29:00+09:00,666.0,666.0,666.0,666.0,402,0.0,0.0
2024-08-28 10:30:00+09:00,666.0,666.0,666.0,666.0,0,0.0,0.0
2024-08-28 10:31:00+09:00,666.0,670.0,665.0,665.0,303,0.0,0.0
2024-08-28 10:32:00+09:00,666.0,666.0,666.0,666.0,1,0.0,0.0
2024-08-28 10:33:00+09:00,666.0,666.0,666.0,666.0,1925,0.0,0.0
2024-08-28 10:34:00+09:00,668.0,671.0,668.0,671.0,0,0.0,0.0
2024-08-28 10:35:00+09:00,665.0,667.0,665.0,667.0,24,0.0,0.0
2024-08-28 10:36:00+09:00,667.0,667.0,667.0,667.0,668,0.0,0.0
2024-08-28 10:37:00+09:00,666.0,669.0,665.0,665.0,3721,0.0,0.0
2024-08-28 10:38:00+09:00,665.0,665.0,661.0,661.0,5302,0.0,0.0
2024-08-28 10:39:00+09:00,662.0,665.0,662.0,665.0,270,0.0,0.0
2024-08-28 10:41:00+09:00,662.0,662.0,662.0,662.0,3869,0.0,0.0
2024-08-28 10:42:00+09:00,662.0,672.0,662.0,672.0,7072,0.0,0.0
2024-08-28 10:43:00+09:00,671.0,672.0,671.0,672.0,25167,0.0,0.0
2024-08-28 10:44:00+09:00,672.0,672.0,672.0,672.0,0,0.0,0.0
2024-08-28 10:45:00+09:00,671.0,671.0,671.0,671.0,253,0.0,0.0
2024-08-28 10:46:00+09:00,671.0,672.0,671.0,672.0,1936,0.0,0.0
2024-08-28 10:47:00+09:00,665.0,665.0,664.0,664.0,1324,0.0,0.0
2024-08-28 10:48:00+09:00,669.0,669.0,669.0,669.0,0,0.0,0.0
2024-08-28 10:50:00+09:00,668.0,668.0,668.0,668.0,10,0.0,0.0
2024-08-28 10:51:00+09:00,667.0,667.0,667.0,667.0,135,0.0,0.0
2024-08-28 10:52:00+09:00,665.0,665.0,665.0,665.0,730,0.0,0.0
2024-08-28 10:53:00+09:00,666.0,666.0,664.0,664.0,817,0.0,0.0
2024-08-28 10:54:00+09:00,663.0,663.0,663.0,663.0,623,0.0,0.0
2024-08-28 10:55:00+09:00,663.0,663.0,663.0,663.0,0,0.0,0.0
2024-08-28 10:56:00+09:00,665.0,665.0,662.0,662.0,2200,0.0,0.0
2024-08-28 10:57:00+09:00,663.0,663.0,663.0,663.0,1933,0.0,0.0
2024-08-28 10:58:00+09:00,663.0,663.0,663.0,663.0,774,0.0,0.0
2024-08-28 10:59:00+09:00,663.0,663.0,663.0,663.0,1945,0.0,0.0
2024-08-28 11:00:00+09:00,665.0,665.0,665.0,665.0,0,0.0,0.0
2024-08-28 11:01:00+09:00,662.0,662.0,662.0,662.0,4341,0.0,0.0
2024-08-28 11:02:00+09:00,662.0,662.0,661.0,661.0,0,0.0,0.0
2024-08-28 11:03:00+09:00,661.0,661.0,658.0,658.0,2632,0.0,0.0
2024-08-28 11:04:00+09:00,658.0,658.0,658.0,658.0,606,0.0,0.0
2024-08-28 11:05:00+09:00,658.0,658.0,657.0,657.0,4130,0.0,0.0
2024-08-28 11:06:00+09:00,657.0,661.0,657.0,657.0,425,0.0,0.0
2024-08-28 11:07:00+09:00,657.0,661.0,657.0,661.0,956,0.0,0.0
2024-08-28 11:08:00+09:00,661.0,661.0,657.0,657.0,3230,0.0,0.0
2024-08-28 11:09:00+09:00,657.0,662.0,657.0,662.0,0,0.0,0.0
2024-08-28 11:10:00+09:00,662.0,662.0,662.0,662.0,111,0.0,0.0
2024-08-28 11:11:00+09:00,661.0,661.0,661.0,661.0,194,0.0,0.0
2024-08-28 11:13:00+09:00,661.0,661.0,661.0,661.0,0,0.0,0.0
2024-08-28 11:14:00+09:00,658.0,658.0,658.0,658.0,0,0.0,0.0
2024-08-28 11:15:00+09:00,658.0,658.0,657.0,657.0,8990,0.0,0.0
2024-08-28 11:16:00+09:00,661.0,662.0,658.0,662.0,0,0.0,0.0
2024-08-28 11:17:00+09:00,662.0,667.0,658.0,667.0,24938,0.0,0.0
2024-08-28 11:19:00+09:00,662.0,662.0,662.0,662.0,0,0.0,0.0
2024-08-28 11:22:00+09:00,662.0,665.0,662.0,665.0,2349,0.0,0.0
2024-08-28 11:24:00+09:00,665.0,665.0,665.0,665.0,20,0.0,0.0
2024-08-28 11:25:00+09:00,664.0,664.0,664.0,664.0,4,0.0,0.0
2024-08-28 11:26:00+09:00,661.0,661.0,661.0,661.0,113,0.0,0.0
2024-08-28 11:27:00+09:00,660.0,660.0,657.0,658.0,856,0.0,0.0
2024-08-28 11:28:00+09:00,658.0,658.0,657.0,657.0,6767,0.0,0.0
2024-08-28 11:29:00+09:00,656.0,658.0,652.0,652.0,64422,0.0,0.0
2024-08-28 11:30:00+09:00,652.0,652.0,651.0,652.0,961,0.0,0.0
2024-08-28 11:31:00+09:00,652.0,652.0,650.0,650.0,27373,0.0,0.0
2024-08-28 11:32:00+09:00,650.0,651.0,646.0,651.0,4820,0.0,0.0
2024-08-28 11:33:00+09:00,651.0,651.0,651.0,651.0,87,0.0,0.0
2024-08-28 11:34:00+09:00,647.0,652.0,646.0,652.0,4422,0.0,0.0
2024-08-28 11:35:00+09:00,657.0,659.0,652.0,652.0,890,0.0,0.0
2024-08-28 11:36:00+09:00,650.0,655.0,650.0,655.0,0,0.0,0.0
2024-08-28 11:37:00+09:00,648.0,648.0,647.0,647.0,237,0.0,0.0
2024-08-28 11:38:00+09:00,647.0,647.0,643.0,645.0,11910,0.0,0.0
2024-08-28 11:39:00+09:00,648.0,648.0,645.0,645.0,0,0.0,0.0
2024-08-28 11:40:00+09:00,645.0,651.0,645.0,651.0,18436,0.0,0.0
2024-08-28 11:41:00+09:00,651.0,657.0,651.0,657.0,3243,0.0,0.0
2024-08-28 11:44:00+09:00,655.0,655.0,655.0,655.0,0,0.0,0.0
2024-08-28 11:45:00+09:00,655.0,655.0,645.0,645.0,1960,0.0,0.0
2024-08-28 11:46:00+09:00,651.0,651.0,651.0,651.0,0,0.0,0.0
2024-08-28 11:50:00+09:00,646.0,646.0,646.0,646.0,160,0.0,0.0
2024-08-28 11:51:00+09:00,647.0,647.0,647.0,647.0,2696,0.0,0.0
2024-08-28 11:52:00+09:00,647.0,651.0,647.0,651.0,1581,0.0,0.0
2024-08-28 11:53:00+09:00,648.0,648.0,648.0,648.0,1366,0.0,0.0
2024-08-28 11:55:00+09:00,648.0,651.0,647.0,651.0,2100,0.0,0.0
2024-08-28 11:56:00+09:00,651.0,651.0,651.0,651.0,100,0.0,0.0
2024-08-28 11:57:00+09:00,651.0,651.0,651.0,651.0,200,0.0,0.0
2024-08-28 11:59:00+09:00,647.0,651.0,646.0,646.0,5002,0.0,0.0
2024-08-28 12:00:00+09:00,649.0,649.0,649.0,649.0,15,0.0,0.0
2024-08-28 12:03:00+09:00,649.0,649.0,649.0,649.0,90,0.0,0.0
2024-08-28 12:04:00+09:00,649.0,649.0,649.0,649.0,10,0.0,0.0
2024-08-28 12:05:00+09:00,647.0,647.0,647.0,647.0,55,0.0,0.0
2024-08-28 12:06:00+09:00,647.0,647.0,646.0,646.0,2,0.0,0.0
2024-08-28 12:07:00+09:00,647.0,647.0,647.0,647.0,0,0.0,0.0
2024-08-28 12:08:00+09:00,647.0,647.0,647.0,647.0,100,0.0,0.0
2024-08-28 12:09:00+09:00,646.0,647.0,642.0,642.0,2084,0.0,0.0
2024-08-28 12:10:00+09:00,642.0,642.0,640.0,641.0,6250,0.0,0.0
2024-08-28 12:11:00+09:00,645.0,645.0,645.0,645.0,240,0.0,0.0
2024-08-28 12:12:00+09:00,641.0,645.0,641.0,645.0,0,0.0,0.0
2024-08-28 12:14:00+09:00,643.0,643.0,640.0,641.0,2683,0.0,0.0
2024-08-28 12:16:00+09:00,642.0,645.0,641.0,645.0,557,0.0,0.0
2024-08-28 12:17:00+09:00,645.0,645.0,645.0,645.0,173,0.0,0.0
2024-08-28 12:18:00+09:00,645.0,648.0,645.0,648.0,0,0.0,0.0
2024-08-28 12:19:00+09:00,644.0,644.0,642.0,642.0,2230,0.0,0.0
2024-08-28 12:20:00+09:00,642.0,642.0,642.0,642.0,275,0.0,0.0
2024-08-28 12:22:00+09:00,646.0,647.0,646.0,647.0,3291,0.0,0.0
2024-08-28 12:23:00+09:00,647.0,647.0,647.0,647.0,12,0.0,0.0
2024-08-28 12:24:00+09:00,645.0,645.0,645.0,645.0,1,0.0,0.0
2024-08-28 12:25:00+09:00,644.0,644.0,644.0,644.0,646,0.0,0.0
2024-08-28 12:27:00+09:00,644.0,644.0,643.0,643.0,0,0.0,0.0
2024-08-28 12:28:00+09:00,643.0,643.0,643.0,643.0,99,0.0,0.0
2024-08-28 12:29:00+09:00,643.0,645.0,643.0,645.0,1442,0.0,0.0
2024-08-28 12:32:00+09:00,647.0,647.0,647.0,647.0,352,0.0,0.0
2024-08-28 12:33:00+09:00,647.0,648.0,647.0,648.0,924,0.0,0.0
2024-08-28 12:34:00+09:00,648.0,648.0,648.0,648.0,99,0.0,0.0
2024-08-28 12:35:00+09:00,648.0,648.0,648.0,648.0,236,0.0,0.0
2024-08-28 12:36:00+09:00,648.0,648.0,648.0,648.0,315,0.0,0.0
2024-08-28 12:37:00+09:00,648.0,648.0,642.0,642.0,5518,0.0,0.0
2024-08-28 12:38:00+09:00,644.0,644.0,644.0,644.0,100,0.0,0.0
2024-08-28 12:39:00+09:00,644.0,648.0,644.0,648.0,78,0.0,0.0
2024-08-28 12:40:00+09:00,644.0,644.0,644.0,644.0,14,0.0,0.0
2024-08-28 12:41:00+09:00,644.0,648.0,644.0,648.0,33,0.0,0.0
2024-08-28 12:42:00+09:00,648.0,648.0,644.0,648.0,396,0.0,0.0
2024-08-28 12:43:00+09:00,648.0,648.0,648.0,648.0,0,0.0,0.0
2024-08-28 12:44:00+09:00,648.0,648.0,648.0,648.0,529,0.0,0.0
2024-08-28 12:46:00+09:00,648.0,648.0,648.0,648.0,0,0.0,0.0
2024-08-28 12:49:00+09:00,644.0,644.0,644.0,644.0,8,0.0,0.0
2024-08-28 12:54:00+09:00,644.0,644.0,644.0,644.0,578,0.0,0.0
2024-08-28 12:56:00+09:00,645.0,645.0,645.0,645.0,0,0.0,0.0
2024-08-28 12:57:00+09:00,645.0,648.0,644.0,648.0,1180,0.0,0.0
2024-08-28 12:58:00+09:00,649.0,649.0,644.0,648.0,290,0.0,0.0
2024-08-28 12:59:00+09:00,644.0,644.0,644.0,644.0,599,0.0,0.0
2024-08-28 13:00:00+09:00,645.0,645.0,645.0,645.0,0,0.0,0.0
2024-08-28 13:01:00+09:00,645.0,645.0,644.0,644.0,46,0.0,0.0
2024-08-28 13:02:00+09:00,648.0,648.0,648.0,648.0,295,0.0,0.0
2024-08-28 13:05:00+09:00,646.0,646.0,645.0,645.0,58,0.0,0.0
2024-08-28 13:06:00+09:00,645.0,645.0,645.0,645.0,38,0.0,0.0
2024-08-28 13:08:00+09:00,645.0,649.0,644.0,649.0,4395,0.0,0.0
2024-08-28 13:11:00+09:00,644.0,648.0,644.0,648.0,50,0.0,0.0
2024-08-28 13:18:00+09:00,645.0,645.0,645.0,645.0,29,0.0,0.0
2024-08-28 13:19:00+09:00,648.0,648.0,645.0,645.0,25,0.0,0.0
2024-08-28 13:20:00+09:00,644.0,644.0,644.0,644.0,654,0.0,0.0
2024-08-28 13:21:00+09:00,644.0,644.0,644.0,644.0,238,0.0,0.0
2024-08-28 13:22:00+09:00,648.0,648.0,648.0,648.0,0,0.0,0.0
2024-08-28 13:23:00+09:00,644.0,644.0,644.0,644.0,1759,0.0,0.0
2024-08-28 13:24:00+09:00,644.0,644.0,644.0,644.0,0,0.0,0.0
2024-08-28 13:25:00+09:00,644.0,644.0,644.0,644.0,0,0.0,0.0
2024-08-28 13:27:00+09:00,648.0,648.0,648.0,648.0,319,0.0,0.0
2024-08-28 13:28:00+09:00,648.0,648.0,648.0,648.0,1545,0.0,0.0
2024-08-28 13:29:00+09:00,648.0,648.0,647.0,647.0,7,0.0,0.0
2024-08-28 13:30:00+09:00,646.0,646.0,646.0,646.0,2,0.0,0.0
2024-08-28 13:31:00+09:00,648.0,648.0,648.0,648.0,10,0.0,0.0
2024-08-28 13:32:00+09:00,646.0,646.0,646.0,646.0,0,0.0,0.0
2024-08-28 13:33:00+09:00,646.0,646.0,644.0,644.0,2226,0.0,0.0
2024-08-28 13:37:00+09:00,648.0,648.0,648.0,648.0,1,0.0,0.0
2024-08-28 13:40:00+09:00,645.0,645.0,644.0,644.0,2977,0.0,0.0
2024-08-28 13:41:00+09:00,644.0,644.0,644.0,644.0,840,0.0,0.0
2024-08-28 13:42:00+09:00,645.0,648.0,645.0,648.0,26,0.0,0.0
2024-08-28 13:43:00+09:00,646.0,646.0,644.0,644.0,8014,0.0,0.0
2024-08-28 13:44:00+09:00,643.0,643.0,643.0,643.0,3286,0.0,0.0
2024-08-28 13:45:00+09:00,644.0,644.0,644.0,644.0,990,0.0,0.0
2024-08-28 13:46:00+09:00,644.0,644.0,644.0,644.0,0,0.0,0.0
2024-08-28 13:47:00+09:00,644.0,644.0,633.0,639.0,43208,0.0,0.0
2024-08-28 13:48:00+09:00,639.0,642.0,637.0,642.0,1860,0.0,0.0
2024-08-28 13:50:00+09:00,638.0,638.0,635.0,635.0,2476,0.0,0.0
2024-08-28 13:51:00+09:00,636.0,636.0,636.0,636.0,13,0.0,0.0
2024-08-28 13:52:00+09:00,637.0,637.0,633.0,633.0,4027,0.0,0.0
2024-08-28 13:53:00+09:00,633.0,633.0,633.0,633.0,6,0.0,0.0
2024-08-28 13:54:00+09:00,634.0,634.0,631.0,634.0,6047,0.0,0.0
2024-08-28 13:55:00+09:00,634.0,634.0,632.0,632.0,125,0.0,0.0
2024-08-28 13:56:00+09:00,632.0,632.0,630.0,632.0,2722,0.0,0.0
2024-08-28 13:57:00+09:00,636.0,637.0,632.0,632.0,800,0.0,0.0
2024-08-28 13:58:00+09:00,632.0,632.0,632.0,632.0,170,0.0,0.0
2024-08-28 13:59:00+09:00,637.0,637.0,637.0,637.0,146,0.0,0.0
2024-08-28 14:00:00+09:00,637.0,637.0,637.0,637.0,299,0.0,0.0
2024-08-28 14:01:00+09:00,633.0,633.0,632.0,632.0,2868,0.0,0.0
2024-08-28 14:03:00+09:00,632.0,632.0,632.0,632.0,65,0.0,0.0
2024-08-28 14:04:00+09:00,632.0,636.0,632.0,635.0,1510,0.0,0.0
2024-08-28 14:06:00+09:00,636.0,636.0,633.0,636.0,2000,0.0,0.0
2024-08-28 14:07:00+09:00,636.0,636.0,632.0,632.0,9345,0.0,0.0
2024-08-28 14:08:00+09:00,632.0,632.0,632.0,632.0,5323,0.0,0.0
2024-08-28 14:09:00+09:00,632.0,635.0,631.0,631.0,1385,0.0,0.0
2024-08-28 14:10:00+09:00,631.0,631.0,631.0,631.0,0,0.0,0.0
2024-08-28 14:11:00+09:00,631.0,631.0,631.0,631.0,100,0.0,0.0
2024-08-28 14:12:00+09:00,631.0,631.0,631.0,631.0,900,0.0,0.0
2024-08-28 14:13:00+09:00,631.0,634.0,631.0,634.0,0,0.0,0.0
2024-08-28 14:14:00+09:00,633.0,633.0,633.0,633.0,1999,0.0,0.0
2024-08-28 14:17:00+09:00,633.0,633.0,631.0,631.0,0,0.0,0.0
2024-08-28 14:18:00+09:00,631.0,634.0,631.0,634.0,633,0.0,0.0
2024-08-28 14:19:00+09:00,631.0,633.0,628.0,633.0,1964,0.0,0.0
2024-08-28 14:21:00+09:00,633.0,633.0,631.0,631.0,423,0.0,0.0
2024-08-28 14:22:00+09:00,633.0,633.0,625.0,631.0,16424,0.0,0.0
2024-08-28 14:23:00+09:00,632.0,632.0,632.0,632.0,20,0.0,0.0
2024-08-28 14:24:00+09:00,630.0,630.0,630.0,630.0,790,0.0,0.0
2024-08-28 14:25:00+09:00,629.0,629.0,629.0,629.0,604,0.0,0.0
2024-08-28 14:27:00+09:00,627.0,627.0,626.0,626.0,159,0.0,0.0
2024-08-28 14:28:00+09:00,627.0,629.0,627.0,629.0,2590,0.0,0.0
2024-08-28 14:29:00+09:00,627.0,628.0,624.0,628.0,375,0.0,0.0
2024-08-28 14:30:00+09:00,628.0,628.0,628.0,628.0,1019,0.0,0.0
2024-08-28 14:32:00+09:00,625.0,625.0,625.0,625.0,127,0.0,0.0
2024-08-28 14:33:00+09:00,625.0,628.0,625.0,627.0,3318,0.0,0.0
2024-08-28 14:34:00+09:00,628.0,628.0,628.0,628.0,0,0.0,0.0
2024-08-28 14:35:00+09:00,626.0,626.0,624.0,624.0,257,0.0,0.0
2024-08-28 14:36:00+09:00,625.0,627.0,624.0,627.0,1805,0.0,0.0
2024-08-28 14:38:00+09:00,627.0,628.0,627.0,627.0,296,0.0,0.0
2024-08-28 14:39:00+09:00,627.0,628.0,625.0,625.0,102,0.0,0.0
2024-08-28 14:41:00+09:00,625.0,625.0,621.0,624.0,11143,0.0,0.0
2024-08-28 14:42:00+09:00,624.0,624.0,622.0,622.0,2134,0.0,0.0
2024-08-28 14:43:00+09:00,622.0,627.0,622.0,627.0,73,0.0,0.0
2024-08-28 14:45:00+09:00,627.0,627.0,627.0,627.0,93,0.0,0.0
2024-08-28 14:46:00+09:00,623.0,625.0,620.0,625.0,8130,0.0,0.0
2024-08-28 14:47:00+09:00,621.0,625.0,620.0,625.0,2908,0.0,0.0
2024-08-28 14:48:00+09:00,625.0,627.0,621.0,627.0,6264,0.0,0.0
2024-08-28 14:49:00+09:00,627.0,628.0,624.0,628.0,0,0.0,0.0
2024-08-28 14:50:00+09:00,627.0,628.0,624.0,624.0,240,0.0,0.0
2024-08-28 14:51:00+09:00,627.0,627.0,624.0,625.0,1305,0.0,0.0
2024-08-28 14:52:00+09:00,625.0,627.0,624.0,627.0,444,0.0,0.0
2024-08-28 14:53:00+09:00,625.0,625.0,622.0,622.0,708,0.0,0.0
2024-08-28 14:54:00+09:00,622.0,624.0,620.0,624.0,4549,0.0,0.0
2024-08-28 14:55:00+09:00,623.0,624.0,623.0,624.0,141,0.0,0.0
2024-08-28 14:56:00+09:00,622.0,622.0,619.0,619.0,48119,0.0,0.0
2024-08-28 14:57:00+09:00,623.0,623.0,620.0,620.0,0,0.0,0.0
2024-08-28 14:58:00+09:00,621.0,621.0,620.0,621.0,816,0.0,0.0
2024-08-28 14:59:00+09:00,621.0,623.0,621.0,623.0,7860,0.0,0.0
2024-08-29 09:00:00+09:00,626.0,626.0,601.0,625.0,19909,0.0,0.0
2024-08-29 09:01:00+09:00,623.0,623.0,615.0,623.0,164,0.0,0.0
2024-08-29 09:02:00+09:00,616.0,621.0,616.0,621.0,988,0.0,0.0
2024-08-29 09:03:00+09:00,616.0,616.0,610.0,611.0,10861,0.0,0.0
2024-08-29 09:04:00+09:00,611.0,611.0,610.0,610.0,4641,0.0,0.0
2024-08-29 09:05:00+09:00,610.0,610.0,608.0,610.0,9846,0.0,0.0
2024-08-29 09:06:00+09:00,609.0,609.0,608.0,609.0,766,0.0,0.0
2024-08-29 09:07:00+09:00,609.0,609.0,609.0,609.0,0,0.0,0.0
2024-08-29 09:08:00+09:00,609.0,609.0,609.0,609.0,51,0.0,0.0
2024-08-29 09:09:00+09:00,608.0,611.0,605.0,611.0,10709,0.0,0.0
2024-08-29 09:10:00+09:00,609.0,611.0,609.0,609.0,5235,0.0,0.0
2024-08-29 09:11:00+09:00,608.0,609.0,606.0,609.0,8554,0.0,0.0
2024-08-29 09:12:00+09:00,609.0,612.0,607.0,612.0,0,0.0,0.0
2024-08-29 09:13:00+09:00,607.0,612.0,607.0,612.0,1112,0.0,0.0
2024-08-29 09:14:00+09:00,612.0,613.0,611.0,611.0,679,0.0,0.0
2024-08-29 09:15:00+09:00,613.0,613.0,608.0,608.0,7364,0.0,0.0
2024-08-29 09:16:00+09:00,608.0,608.0,608.0,608.0,2680,0.0,0.0
2024-08-29 09:17:00+09:00,612.0,612.0,610.0,610.0,294,0.0,0.0
2024-08-29 09:18:00+09:00,610.0,612.0,610.0,610.0,4090,0.0,0.0
2024-08-29 09:19:00+09:00,612.0,612.0,612.0,612.0,0,0.0,0.0
2024-08-29 09:20:00+09:00,614.0,614.0,610.0,610.0,4084,0.0,0.0
2024-08-29 09:21:00+09:00,609.0,609.0,607.0,607.0,4477,0.0,0.0
2024-08-29 09:22:00+09:00,606.0,606.0,605.0,605.0,2558,0.0,0.0
2024-08-29 09:23:00+09:00,605.0,608.0,605.0,605.0,6260,0.0,0.0
2024-08-29 09:24:00+09:00,605.0,606.0,605.0,605.0,10429,0.0,0.0
2024-08-29 09:25:00+09:00,605.0,606.0,604.0,604.0,0,0.0,0.0
2024-08-29 09:26:00+09:00,604.0,610.0,604.0,610.0,11386,0.0,0.0
2024-08-29 09:27:00+09:00,605.0,608.0,605.0,608.0,0,0.0,0.0
2024-08-29 09:28:00+09:00,608.0,609.0,605.0,605.0,860,0.0,0.0
2024-08-29 09:29:00+09:00,605.0,608.0,605.0,605.0,1315,0.0,0.0
2024-08-29 09:30:00+09:00,606.0,606.0,606.0,606.0,260,0.0,0.0
2024-08-29 09:31:00+09:00,608.0,609.0,607.0,608.0,11367,0.0,0.0
2024-08-29 09:32:00+09:00,609.0,610.0,609.0,610.0,430,0.0,0.0
2024-08-29 09:33:00+09:00,612.0,620.0,610.0,620.0,12032,0.0,0.0
2024-08-29 09:34:00+09:00,619.0,620.0,619.0,620.0,1366,0.0,0.0
2024-08-29 09:35:00+09:00,618.0,624.0,615.0,616.0,7503,0.0,0.0
2024-08-29 09:36:00+09:00,617.0,617.0,617.0,617.0,2,0.0,0.0
2024-08-29 09:37:00+09:00,617.0,617.0,617.0,617.0,19,0.0,0.0
2024-08-29 09:38:00+09:00,618.0,622.0,618.0,622.0,16,0.0,0.0
2024-08-29 09:39:00+09:00,621.0,624.0,621.0,624.0,6610,0.0,0.0
2024-08-29 09:41:00+09:00,622.0,622.0,622.0,622.0,101,0.0,0.0
2024-08-29 09:42:00+09:00,619.0,619.0,619.0,619.0,719,0.0,0.0
2024-08-29 09:43:00+09:00,617.0,617.0,617.0,617.0,0,0.0,0.0
2024-08-29 09:44:00+09:00,616.0,616.0,611.0,611.0,4645,0.0,0.0
2024-08-29 09:46:00+09:00,614.0,614.0,614.0,614.0,0,0.0,0.0
2024-08-29 09:48:00+09:00,612.0,612.0,611.0,611.0,10854,0.0,0.0
2024-08-29 09:49:00+09:00,612.0,612.0,611.0,611.0,255,0.0,0.0
2024-08-29 09:52:00+09:00,613.0,613.0,612.0,612.0,66,0.0,0.0
2024-08-29 09:53:00+09:00,613.0,613.0,612.0,612.0,5784,0.0,0.0
2024-08-29 09:54:00+09:00,613.0,613.0,613.0,613.0,150,0.0,0.0
2024-08-29 09:55:00+09:00,613.0,613.0,613.0,613.0,0,0.0,0.0
2024-08-29 09:56:00+09:00,615.0,615.0,615.0,615.0,10203,0.0,0.0
2024-08-29 09:58:00+09:00,615.0,615.0,611.0,612.0,8665,0.0,0.0
2024-08-29 10:01:00+09:00,613.0,613.0,612.0,612.0,2582,0.0,0.0
2024-08-29 10:02:00+09:00,612.0,612.0,612.0,612.0,0,0.0,0.0
2024-08-29 10:04:00+09:00,612.0,612.0,612.0,612.0,543,0.0,0.0
2024-08-29 10:05:00+09:00,612.0,612.0,612.0,612.0,220,0.0,0.0
2024-08-29 10:06:00+09:00,612.0,612.0,612.0,612.0,4154,0.0,0.0
2024-08-29 10:07:00+09:00,612.0,612.0,612.0,612.0,4671,0.0,0.0
2024-08-29 10:09:00+09:00,614.0,614.0,612.0,612.0,70,0.0,0.0
2024-08-29 10:11:00+09:00,613.0,613.0,612.0,612.0,727,0.0,0.0
2024-08-29 10:14:00+09:00,612.0,612.0,612.0,612.0,6668,0.0,0.0
2024-08-29 10:17:00+09:00,613.0,613.0,613.0,613.0,0,0.0,0.0
2024-08-29 10:18:00+09:00,613.0,615.0,613.0,614.0,6179,0.0,0.0
2024-08-29 10:19:00+09:00,617.0,619.0,617.0,619.0,13544,0.0,0.0
2024-08-29 10:20:00+09:00,619.0,619.0,616.0,616.0,3000,0.0,0.0
2024-08-29 10:21:00+09:00,617.0,620.0,617.0,619.0,0,0.0,0.0
2024-08-29 10:22:00+09:00,621.0,622.0,621.0,622.0,7338,0.0,0.0
2024-08-29 10:23:00+09:00,622.0,622.0,618.0,618.0,107,0.0,0.0
2024-08-29 10:24:00+09:00,622.0,622.0,622.0,622.0,1,0.0,0.0
2024-08-29 10:26:00+09:00,618.0,618.0,618.0,618.0,1,0.0,0.0
2024-08-29 10:31:00+09:00,618.0,618.0,618.0,618.0,99,0.0,0.0
2024-08-29 10:33:00+09:00,618.0,618.0,618.0,618.0,0,0.0,0.0
2024-08-29 10:34:00+09:00,619.0,619.0,617.0,617.0,1350,0.0,0.0
2024-08-29 10:36:00+09:00,617.0,617.0,617.0,617.0,137,0.0,0.0
2024-08-29 10:37:00+09:00,617.0,617.0,617.0,617.0,0,0.0,0.0
2024-08-29 10:38:00+09:00,617.0,617.0,617.0,617.0,28,0.0,0.0
2024-08-29 10:39:00+09:00,617.0,617.0,617.0,617.0,12489,0.0,0.0
2024-08-29 10:40:00+09:00,618.0,618.0,618.0,618.0,0,0.0,0.0
2024-08-29 10:41:00+09:00,618.0,618.0,618.0,618.0,3067,0.0,0.0
2024-08-29 10:42:00+09:00,618.0,618.0,617.0,618.0,0,0.0,0.0
2024-08-29 10:43:00+09:00,618.0,618.0,618.0,618.0,0,0.0,0.0
2024-08-29 10:44:00+09:00,618.0,618.0,618.0,618.0,0,0.0,0.0
2024-08-29 10:45:00+09:00,618.0,618.0,618.0,618.0,0,0.0,0.0
2024-08-29 10:46:00+09:00,618.0,618.0,618.0,618.0,21,0.0,0.0
2024-08-29 10:47:00+09:00,621.0,621.0,621.0,621.0,112,0.0,0.0
2024-08-29 10:49:00+09:00,621.0,621.0,621.0,621.0,720,0.0,0.0
2024-08-29 10:51:00+09:00,621.0,621.0,621.0,621.0,0,0.0,0.0
2024-08-29 10:52:00+09:00,621.0,621.0,621.0,621.0,1879,0.0,0.0
2024-08-29 10:53:00+09:00,621.0,621.0,621.0,621.0,6000,0.0,0.0
2024-08-29 10:54:00+09:00,621.0,621.0,621.0,621.0,0,0.0,0.0
2024-08-29 10:55:00+09:00,622.0,622.0,622.0,622.0,0,0.0,0.0
2024-08-29 10:56:00+09:00,622.0,622.0,622.0,622.0,236,0.0,0.0
2024-08-29 10:58:00+09:00,622.0,622.0,622.0,622.0,121,0.0,0.0
2024-08-29 10:59:00+09:00,622.0,622.0,622.0,622.0,794,0.0,0.0
2024-08-29 11:00:00+09:00,622.0,622.0,622.0,622.0,0,0.0,0.0
2024-08-29 11:01:00+09:00,622.0,622.0,622.0,622.0,109,0.0,0.0
2024-08-29 11:02:00+09:00,622.0,622.0,622.0,622.0,255,0.0,0.0
2024-08-29 11:03:00+09:00,622.0,623.0,622.0,623.0,888,0.0,0.0
2024-08-29 11:04:00+09:00,623.0,626.0,623.0,626.0,3106,0.0,0.0
2024-08-29 11:05:00+09:00,626.0,626.0,626.0,626.0,2830,0.0,0.0
2024-08-29 11:06:00+09:00,626.0,626.0,626.0,626.0,0,0.0,0.0
2024-08-29 11:07:00+09:00,625.0,626.0,623.0,626.0,1006,0.0,0.0
2024-08-29 11:08:00+09:00,626.0,628.0,626.0,628.0,4242,0.0,0.0
2024-08-29 11:09:00+09:00,627.0,632.0,627.0,632.0,6869,0.0,0.0
2024-08-29 11:10:00+09:00,631.0,631.0,626.0,626.0,4112,0.0,0.0
2024-08-29 11:11:00+09:00,629.0,630.0,628.0,629.0,1043,0.0,0.0
2024-08-29 11:12:00+09:00,629.0,629.0,627.0,627.0,202,0.0,0.0
2024-08-29 11:13:00+09:00,627.0,629.0,627.0,628.0,745,0.0,0.0
2024-08-29 11:14:00+09:00,628.0,628.0,627.0,627.0,2354,0.0,0.0
2024-08-29 11:15:00+09:00,626.0,626.0,626.0,626.0,840,0.0,0.0
2024-08-29 11:16:00+09:00,625.0,626.0,619.0,625.0,3003,0.0,0.0
2024-08-29 11:18:00+09:00,625.0,625.0,625.0,625.0,6,0.0,0.0
2024-08-29 11:19:00+09:00,620.0,622.0,618.0,622.0,12504,0.0,0.0
2024-08-29 11:21:00+09:00,619.0,619.0,618.0,618.0,224,0.0,0.0
2024-08-29 11:23:00+09:00,621.0,621.0,621.0,621.0,2,0.0,0.0
2024-08-29 11:24:00+09:00,621.0,623.0,621.0,623.0,1874,0.0,0.0
2024-08-29 11:26:00+09:00,623.0,623.0,620.0,620.0,0,0.0,0.0
2024-08-29 11:29:00+09:00,625.0,625.0,625.0,625.0,1963,0.0,0.0
2024-08-29 11:30:00+09:00,620.0,620.0,620.0,620.0,0,0.0,0.0
2024-08-29 11:31:00+09:00,625.0,625.0,625.0,625.0,0,0.0,0.0
2024-08-29 11:32:00+09:00,625.0,625.0,625.0,625.0,997,0.0,0.0
2024-08-29 11:34:00+09:00,625.0,625.0,625.0,625.0,100,0.0,0.0
2024-08-29 11:36:00+09:00,625.0,625.0,625.0,625.0,0,0.0,0.0
2024-08-29 11:39:00+09:00,621.0,625.0,620.0,625.0,1983,0.0,0.0
2024-08-29 11:41:00+09:00,625.0,625.0,625.0,625.0,4479,0.0,0.0
2024-08-29 11:42:00+09:00,625.0,625.0,625.0,625.0,0,0.0,0.0
2024-08-29 11:43:00+09:00,625.0,625.0,625.0,625.0,0,0.0,0.0
2024-08-29 11:46:00+09:00,625.0,625.0,620.0,625.0,1515,0.0,0.0
2024-08-29 11:47:00+09:00,624.0,624.0,624.0,624.0,40,0.0,0.0
2024-08-29 11:48:00+09:00,620.0,624.0,620.0,624.0,0,0.0,0.0
2024-08-29 11:50:00+09:00,623.0,623.0,623.0,623.0,18,0.0,0.0
2024-08-29 11:56:00+09:00,620.0,623.0,620.0,623.0,502,0.0,0.0
2024-08-29 11:57:00+09:00,623.0,623.0,623.0,623.0,5,0.0,0.0
2024-08-29 11:58:00+09:00,620.0,620.0,620.0,620.0,293,0.0,0.0
2024-08-29 11:59:00+09:00,623.0,623.0,623.0,623.0,0,0.0,0.0
2024-08-29 12:00:00+09:00,623.0,623.0,623.0,623.0,19,0.0,0.0
2024-08-29 12:01:00+09:00,620.0,620.0,620.0,620.0,0,0.0,0.0
2024-08-29 12:03:00+09:00,623.0,623.0,623.0,623.0,2,0.0,0.0
2024-08-29 12:04:00+09:00,623.0,623.0,623.0,623.0,101,0.0,0.0
2024-08-29 12:07:00+09:00,624.0,624.0,624.0,624.0,200,0.0,0.0
2024-08-29 12:10:00+09:00,624.0,624.0,624.0,624.0,4,0.0,0.0
2024-08-29 12:16:00+09:00,624.0,624.0,624.0,624.0,886,0.0,0.0
2024-08-29 12:17:00+09:00,625.0,628.0,625.0,628.0,13031,0.0,0.0
2024-08-29 12:18:00+09:00,629.0,629.0,629.0,629.0,0,0.0,0.0
2024-08-29 12:19:00+09:00,629.0,629.0,629.0,629.0,8130,0.0,0.0
2024-08-29 12:20:00+09:00,630.0,630.0,630.0,630.0,0,0.0,0.0
2024-08-29 12:23:00+09:00,623.0,623.0,623.0,623.0,2,0.0,0.0
2024-08-29 12:24:00+09:00,627.0,627.0,627.0,627.0,1,0.0,0.0
2024-08-29 12:25:00+09:00,627.0,628.0,627.0,628.0,31,0.0,0.0
2024-08-29 12:30:00+09:00,627.0,627.0,627.0,627.0,41,0.0,0.0
2024-08-29 12:31:00+09:00,624.0,624.0,624.0,624.0,1005,0.0,0.0
2024-08-29 12:32:00+09:00,627.0,627.0,627.0,627.0,0,0.0,0.0
2024-08-29 12:33:00+09:00,627.0,627.0,627.0,627.0,1291,0.0,0.0
2024-08-29 12:34:00+09:00,627.0,627.0,627.0,627.0,816,0.0,0.0
2024-08-29 12:36:00+09:00,627.0,627.0,627.0,627.0,0,0.0,0.0
2024-08-29 12:37:00+09:00,628.0,628.0,628.0,628.0,73,0.0,0.0
2024-08-29 12:38:00+09:00,628.0,628.0,628.0,628.0,202,0.0,0.0
2024-08-29 12:40:00+09:00,628.0,628.0,628.0,628.0,23,0.0,0.0
2024-08-29 12:44:00+09:00,628.0,628.0,628.0,628.0,398,0.0,0.0
2024-08-29 12:47:00+09:00,628.0,628.0,628.0,628.0,0,0.0,0.0
2024-08-29 12:48:00+09:00,629.0,629.0,629.0,629.0,0,0.0,0.0
2024-08-29 12:49:00+09:00,627.0,631.0,627.0,631.0,3453,0.0,0.0
2024-08-29 12:50:00+09:00,631.0,631.0,630.0,630.0,0,0.0,0.0
2024-08-29 12:51:00+09:00,631.0,631.0,631.0,631.0,1694,0.0,0.0
2024-08-29 12:52:00+09:00,630.0,630.0,630.0,630.0,145,0.0,0.0
2024-08-29 12:55:00+09:00,632.0,634.0,632.0,634.0,3599,0.0,0.0
2024-08-29 12:56:00+09:00,634.0,646.0,634.0,645.0,11387,0.0,0.0
2024-08-29 12:57:00+09:00,644.0,644.0,637.0,638.0,17913,0.0,0.0
2024-08-29 12:58:00+09:00,637.0,637.0,630.0,631.0,5356,0.0,0.0
2024-08-29 12:59:00+09:00,633.0,633.0,630.0,630.0,798,0.0,0.0
2024-08-29 13:00:00+09:00,633.0,633.0,633.0,633.0,0,0.0,0.0
2024-08-29 13:01:00+09:00,630.0,632.0,630.0,632.0,1884,0.0,0.0
2024-08-29 13:02:00+09:00,633.0,633.0,633.0,633.0,1070,0.0,0.0
2024-08-29 13:03:00+09:00,633.0,634.0,633.0,634.0,581,0.0,0.0
2024-08-29 13:04:00+09:00,634.0,634.0,634.0,634.0,28,0.0,0.0
2024-08-29 13:05:00+09:00,634.0,634.0,634.0,634.0,0,0.0,0.0
2024-08-29 13:06:00+09:00,634.0,635.0,634.0,635.0,1797,0.0,0.0
2024-08-29 13:07:00+09:00,635.0,635.0,635.0,635.0,0,0.0,0.0
2024-08-29 13:08:00+09:00,635.0,635.0,635.0,635.0,1960,0.0,0.0
2024-08-29 13:10:00+09:00,634.0,637.0,632.0,637.0,0,0.0,0.0
2024-08-29 13:11:00+09:00,637.0,637.0,637.0,637.0,227,0.0,0.0
2024-08-29 13:12:00+09:00,634.0,637.0,634.0,637.0,23,0.0,0.0
2024-08-29 13:13:00+09:00,632.0,632.0,630.0,630.0,10593,0.0,0.0
2024-08-29 13:14:00+09:00,635.0,640.0,635.0,640.0,1664,0.0,0.0
2024-08-29 13:16:00+09:00,638.0,638.0,638.0,638.0,0,0.0,0.0
2024-08-29 13:17:00+09:00,632.0,632.0,631.0,631.0,4681,0.0,0.0
2024-08-29 13:18:00+09:00,638.0,638.0,638.0,638.0,0,0.0,0.0
2024-08-29 13:20:00+09:00,638.0,638.0,632.0,638.0,715,0.0,0.0
2024-08-29 13:21:00+09:00,636.0,636.0,636.0,636.0,250,0.0,0.0
2024-08-29 13:22:00+09:00,636.0,636.0,636.0,636.0,0,0.0,0.0
2024-08-29 13:23:00+09:00,632.0,636.0,632.0,636.0,220,0.0,0.0
2024-08-29 13:27:00+09:00,635.0,635.0,635.0,635.0,0,0.0,0.0
2024-08-29 13:28:00+09:00,632.0,635.0,632.0,635.0,646,0.0,0.0
2024-08-29 13:29:00+09:00,635.0,635.0,635.0,635.0,327,0.0,0.0
2024-08-29 13:32:00+09:00,635.0,635.0,635.0,635.0,0,0.0,0.0
2024-08-29 13:33:00+09:00,635.0,635.0,635.0,635.0,1,0.0,0.0
2024-08-29 13:34:00+09:00,635.0,635.0,631.0,631.0,552,0.0,0.0
2024-08-29 13:35:00+09:00,631.0,631.0,631.0,631.0,62,0.0,0.0
2024-08-29 13:37:00+09:00,635.0,635.0,635.0,635.0,0,0.0,0.0
2024-08-29 13:38:00+09:00,632.0,632.0,631.0,631.0,734,0.0,0.0
2024-08-29 13:39:00+09:00,634.0,634.0,634.0,634.0,0,0.0,0.0
2024-08-29 13:40:00+09:00,634.0,634.0,634.0,634.0,0,0.0,0.0
2024-08-29 13:41:00+09:00,631.0,633.0,631.0,633.0,1456,0.0,0.0
2024-08-29 13:42:00+09:00,633.0,633.0,632.0,633.0,220,0.0,0.0
2024-08-29 13:43:00+09:00,633.0,633.0,633.0,633.0,0,0.0,0.0
2024-08-29 13:44:00+09:00,631.0,634.0,631.0,634.0,265,0.0,0.0
2024-08-29 13:45:00+09:00,634.0,635.0,631.0,635.0,601,0.0,0.0
2024-08-29 13:46:00+09:00,634.0,635.0,631.0,631.0,437,0.0,0.0
2024-08-29 13:47:00+09:00,635.0,635.0,635.0,635.0,2,0.0,0.0
2024-08-29 13:48:00+09:00,634.0,634.0,632.0,632.0,74,0.0,0.0
2024-08-29 13:49:00+09:00,631.0,632.0,630.0,632.0,7002,0.0,0.0
2024-08-29 13:50:00+09:00,630.0,632.0,630.0,632.0,2680,0.0,0.0
2024-08-29 13:51:00+09:00,630.0,630.0,629.0,629.0,1334,0.0,0.0
2024-08-29 13:52:00+09:00,632.0,632.0,618.0,619.0,5641,0.0,0.0
2024-08-29 13:53:00+09:00,619.0,626.0,619.0,626.0,6001,0.0,0.0
2024-08-29 13:54:00+09:00,625.0,625.0,625.0,625.0,20,0.0,0.0
2024-08-29 13:55:00+09:00,628.0,628.0,628.0,628.0,0,0.0,0.0
2024-08-29 13:56:00+09:00,621.0,627.0,621.0,627.0,2,0.0,0.0
2024-08-29 13:57:00+09:00,628.0,628.0,628.0,628.0,1,0.0,0.0
2024-08-29 13:58:00+09:00,627.0,628.0,627.0,628.0,1087,0.0,0.0
2024-08-29 13:59:00+09:00,628.0,631.0,628.0,631.0,199,0.0,0.0
2024-08-29 14:00:00+09:00,630.0,630.0,630.0,630.0,0,0.0,0.0
2024-08-29 14:05:00+09:00,627.0,627.0,627.0,627.0,4,0.0,0.0
2024-08-29 14:07:00+09:00,627.0,627.0,627.0,627.0,98,0.0,0.0
2024-08-29 14:08:00+09:00,623.0,627.0,623.0,627.0,943,0.0,0.0
2024-08-29 14:10:00+09:00,627.0,627.0,627.0,627.0,1999,0.0,0.0
2024-08-29 14:11:00+09:00,627.0,627.0,627.0,627.0,0,0.0,0.0
2024-08-29 14:13:00+09:00,623.0,627.0,622.0,626.0,196,0.0,0.0
2024-08-29 14:14:00+09:00,626.0,626.0,626.0,626.0,1331,0.0,0.0
2024-08-29 14:15:00+09:00,627.0,627.0,627.0,627.0,0,0.0,0.0
2024-08-29 14:16:00+09:00,623.0,623.0,622.0,622.0,3005,0.0,0.0
2024-08-29 14:17:00+09:00,626.0,627.0,626.0,627.0,2278,0.0,0.0
2024-08-29 14:18:00+09:00,622.0,626.0,622.0,626.0,4150,0.0,0.0
2024-08-29 14:20:00+09:00,626.0,626.0,626.0,626.0,3,0.0,0.0
2024-08-29 14:24:00+09:00,623.0,626.0,622.0,626.0,403,0.0,0.0
2024-08-29 14:25:00+09:00,622.0,626.0,622.0,626.0,1161,0.0,0.0
2024-08-29 14:31:00+09:00,623.0,623.0,623.0,623.0,341,0.0,0.0
2024-08-29 14:32:00+09:00,626.0,626.0,626.0,626.0,0,0.0,0.0
2024-08-29 14:34:00+09:00,626.0,626.0,626.0,626.0,0,0.0,0.0
2024-08-29 14:36:00+09:00,623.0,625.0,623.0,625.0,486,0.0,0.0
2024-08-29 14:39:00+09:00,623.0,623.0,623.0,623.0,177,0.0,0.0
2024-08-29 14:40:00+09:00,624.0,624.0,624.0,624.0,0,0.0,0.0
2024-08-29 14:43:00+09:00,624.0,624.0,624.0,624.0,259,0.0,0.0
2024-08-29 14:44:00+09:00,622.0,623.0,622.0,623.0,256,0.0,0.0
2024-08-29 14:45:00+09:00,624.0,624.0,624.0,624.0,0,0.0,0.0
2024-08-29 14:46:00+09:00,624.0,625.0,624.0,625.0,308,0.0,0.0
2024-08-29 14:50:00+09:00,625.0,625.0,625.0,625.0,1000,0.0,0.0
2024-08-29 14:51:00+09:00,625.0,627.0,625.0,627.0,12198,0.0,0.0
2024-08-29 14:52:00+09:00,631.0,631.0,631.0,631.0,0,0.0,0.0
2024-08-29 14:53:00+09:00,630.0,633.0,630.0,633.0,6776,0.0,0.0
2024-08-29 14:54:00+09:00,634.0,634.0,634.0,634.0,0,0.0,0.0
2024-08-29 14:55:00+09:00,634.0,636.0,629.0,635.0,3082,0.0,0.0
2024-08-29 14:56:00+09:00,634.0,635.0,634.0,635.0,3590,0.0,0.0
2024-08-29 14:58:00+09:00,634.0,634.0,630.0,634.0,826,0.0,0.0
2024-08-29 14:59:00+09:00,634.0,634.0,634.0,634.0,1129,0.0,0.0
2024-08-30 09:00:00+09:00,631.0,631.0,627.0,627.0,6797,0.0,0.0
2024-08-30 09:01:00+09:00,627.0,628.0,620.0,628.0,6345,0.0,0.0
2024-08-30 09:02:00+09:00,628.0,631.0,620.0,620.0,10201,0.0,0.0
2024-08-30 09:03:00+09:00,620.0,621.0,620.0,620.0,2523,0.0,0.0
2024-08-30 09:04:00+09:00,620.0,620.0,620.0,620.0,1263,0.0,0.0
2024-08-30 09:05:00+09:00,620.0,620.0,620.0,620.0,2410,0.0,0.0
2024-08-30 09:06:00+09:00,622.0,622.0,622.0,622.0,141,0.0,0.0
2024-08-30 09:07:00+09:00,622.0,622.0,620.0,620.0,11360,0.0,0.0
2024-08-30 09:08:00+09:00,628.0,628.0,628.0,628.0,0,0.0,0.0
2024-08-30 09:09:00+09:00,621.0,621.0,621.0,621.0,2,0.0,0.0
2024-08-30 09:10:00+09:00,621.0,621.0,621.0,621.0,1889,0.0,0.0
2024-08-30 09:11:00+09:00,621.0,625.0,621.0,625.0,0,0.0,0.0
2024-08-30 09:14:00+09:00,623.0,627.0,623.0,627.0,3073,0.0,0.0
2024-08-30 09:15:00+09:00,628.0,629.0,628.0,629.0,76,0.0,0.0
2024-08-30 09:16:00+09:00,629.0,629.0,628.0,629.0,3564,0.0,0.0
2024-08-30 09:17:00+09:00,629.0,629.0,628.0,628.0,2102,0.0,0.0
2024-08-30 09:18:00+09:00,628.0,628.0,628.0,628.0,0,0.0,0.0
2024-08-30 09:19:00+09:00,628.0,628.0,628.0,628.0,28,0.0,0.0
2024-08-30 09:21:00+09:00,630.0,631.0,626.0,631.0,4871,0.0,0.0
2024-08-30 09:24:00+09:00,629.0,629.0,626.0,626.0,341,0.0,0.0
2024-08-30 09:27:00+09:00,631.0,631.0,631.0,631.0,0,0.0,0.0
2024-08-30 09:28:00+09:00,627.0,627.0,625.0,625.0,15675,0.0,0.0
2024-08-30 09:30:00+09:00,631.0,631.0,631.0,631.0,4932,0.0,0.0
2024-08-30 09:31:00+09:00,631.0,631.0,631.0,631.0,0,0.0,0.0
2024-08-30 09:33:00+09:00,629.0,631.0,629.0,631.0,706,0.0,0.0
2024-08-30 09:34:00+09:00,630.0,633.0,630.0,633.0,4997,0.0,0.0
2024-08-30 09:35:00+09:00,633.0,640.0,633.0,640.0,1620,0.0,0.0
2024-08-30 09:36:00+09:00,639.0,639.0,639.0,639.0,182,0.0,0.0
2024-08-30 09:37:00+09:00,637.0,637.0,634.0,637.0,1702,0.0,0.0
2024-08-30 09:38:00+09:00,635.0,635.0,634.0,634.0,28,0.0,0.0
2024-08-30 09:39:00+09:00,634.0,635.0,627.0,633.0,1189,0.0,0.0
2024-08-30 09:40:00+09:00,633.0,633.0,633.0,633.0,6005,0.0,0.0
2024-08-30 09:41:00+09:00,636.0,636.0,634.0,635.0,109,0.0,0.0
2024-08-30 09:43:00+09:00,636.0,636.0,636.0,636.0,0,0.0,0.0
2024-08-30 09:44:00+09:00,635.0,635.0,635.0,635.0,0,0.0,0.0
2024-08-30 09:45:00+09:00,635.0,635.0,635.0,635.0,83638,0.0,0.0
2024-08-30 09:46:00+09:00,634.0,634.0,634.0,634.0,5,0.0,0.0
2024-08-30 09:47:00+09:00,633.0,633.0,633.0,633.0,163,0.0,0.0
2024-08-30 09:48:00+09:00,632.0,632.0,632.0,632.0,0,0.0,0.0
2024-08-30 09:49:00+09:00,631.0,631.0,631.0,631.0,359,0.0,0.0
2024-08-30 09:50:00+09:00,630.0,631.0,630.0,630.0,10893,0.0,0.0
2024-08-30 09:51:00+09:00,630.0,630.0,629.0,629.0,23,0.0,0.0
2024-08-30 09:53:00+09:00,629.0,629.0,629.0,629.0,0,0.0,0.0
2024-08-30 09:54:00+09:00,629.0,629.0,629.0,629.0,233,0.0,0.0
2024-08-30 09:55:00+09:00,632.0,632.0,632.0,632.0,0,0.0,0.0
2024-08-30 09:56:00+09:00,632.0,632.0,629.0,629.0,1002,0.0,0.0
2024-08-30 09:59:00+09:00,630.0,630.0,630.0,630.0,369,0.0,0.0
2024-08-30 10:01:00+09:00,631.0,631.0,631.0,631.0,333,0.0,0.0
2024-08-30 10:02:00+09:00,632.0,632.0,630.0,630.0,4783,0.0,0.0
2024-08-30 10:05:00+09:00,631.0,631.0,630.0,630.0,10856,0.0,0.0
2024-08-30 10:08:00+09:00,630.0,630.0,630.0,630.0,0,0.0,0.0
2024-08-30 10:09:00+09:00,630.0,634.0,630.0,634.0,0,0.0,0.0
2024-08-30 10:12:00+09:00,630.0,630.0,630.0,630.0,1,0.0,0.0
2024-08-30 10:14:00+09:00,631.0,631.0,628.0,628.0,14697,0.0,0.0
2024-08-30 10:15:00+09:00,629.0,629.0,629.0,629.0,435,0.0,0.0
2024-08-30 10:17:00+09:00,633.0,633.0,633.0,633.0,0,0.0,0.0
2024-08-30 10:18:00+09:00,632.0,632.0,631.0,632.0,1013,0.0,0.0
2024-08-30 10:19:00+09:00,631.0,631.0,630.0,631.0,1933,0.0,0.0
2024-08-30 10:22:00+09:00,631.0,631.0,631.0,631.0,92,0.0,0.0
2024-08-30 10:23:00+09:00,631.0,631.0,631.0,631.0,30,0.0,0.0
2024-08-30 10:24:00+09:00,631.0,631.0,631.0,631.0,0,0.0,0.0
2024-08-30 10:26:00+09:00,630.0,630.0,630.0,630.0,1047,0.0,0.0
2024-08-30 10:28:00+09:00,630.0,630.0,630.0,630.0,0,0.0,0.0
2024-08-30 10:29:00+09:00,629.0,629.0,629.0,629.0,338,0.0,0.0
2024-08-30 10:30:00+09:00,629.0,629.0,627.0,627.0,9191,0.0,0.0
2024-08-30 10:32:00+09:00,627.0,627.0,627.0,627.0,0,0.0,0.0
2024-08-30 10:33:00+09:00,627.0,632.0,627.0,631.0,0,0.0,0.0
2024-08-30 10:34:00+09:00,627.0,627.0,625.0,625.0,7960,0.0,0.0
2024-08-30 10:35:00+09:00,625.0,629.0,625.0,629.0,17,0.0,0.0
2024-08-30 10:36:00+09:00,629.0,629.0,629.0,629.0,17,0.0,0.0
2024-08-30 10:39:00+09:00,629.0,629.0,629.0,629.0,225,0.0,0.0
2024-08-30 10:40:00+09:00,629.0,629.0,626.0,626.0,2232,0.0,0.0
2024-08-30 10:43:00+09:00,626.0,626.0,626.0,626.0,0,0.0,0.0
2024-08-30 10:49:00+09:00,626.0,629.0,626.0,629.0,8220,0.0,0.0
2024-08-30 10:50:00+09:00,626.0,626.0,626.0,626.0,0,0.0,0.0
2024-08-30 10:52:00+09:00,626.0,629.0,626.0,629.0,2280,0.0,0.0
2024-08-30 10:53:00+09:00,629.0,629.0,629.0,629.0,1326,0.0,0.0
2024-08-30 10:54:00+09:00,629.0,629.0,629.0,629.0,447,0.0,0.0
2024-08-30 10:55:00+09:00,629.0,629.0,629.0,629.0,1655,0.0,0.0
2024-08-30 10:58:00+09:00,631.0,632.0,631.0,632.0,0,0.0,0.0
2024-08-30 10:59:00+09:00,632.0,632.0,632.0,632.0,1006,0.0,0.0
2024-08-30 11:00:00+09:00,632.0,635.0,632.0,635.0,310,0.0,0.0
2024-08-30 11:01:00+09:00,635.0,636.0,635.0,636.0,3160,0.0,0.0
2024-08-30 11:06:00+09:00,632.0,632.0,630.0,630.0,3979,0.0,0.0
2024-08-30 11:07:00+09:00,635.0,635.0,635.0,635.0,0,0.0,0.0
2024-08-30 11:09:00+09:00,635.0,635.0,635.0,635.0,2,0.0,0.0
2024-08-30 11:12:00+09:00,632.0,632.0,630.0,630.0,1987,0.0,0.0
2024-08-30 11:13:00+09:00,630.0,630.0,630.0,630.0,0,0.0,0.0
2024-08-30 11:15:00+09:00,635.0,635.0,635.0,635.0,1984,0.0,0.0
2024-08-30 11:19:00+09:00,630.0,630.0,628.0,628.0,413,0.0,0.0
2024-08-30 11:23:00+09:00,633.0,633.0,633.0,633.0,2,0.0,0.0
2024-08-30 11:26:00+09:00,633.0,633.0,633.0,633.0,27,0.0,0.0
2024-08-30 11:27:00+09:00,633.0,636.0,633.0,636.0,1668,0.0,0.0
2024-08-30 11:30:00+09:00,634.0,634.0,634.0,634.0,0,0.0,0.0
2024-08-30 11:32:00+09:00,634.0,634.0,628.0,633.0,786,0.0,0.0
2024-08-30 11:35:00+09:00,631.0,631.0,631.0,631.0,28,0.0,0.0
2024-08-30 11:36:00+09:00,628.0,628.0,628.0,628.0,336,0.0,0.0
2024-08-30 11:39:00+09:00,633.0,633.0,633.0,633.0,2,0.0,0.0
2024-08-30 11:40:00+09:00,633.0,634.0,633.0,634.0,1021,0.0,0.0
2024-08-30 11:41:00+09:00,634.0,634.0,634.0,634.0,209,0.0,0.0
2024-08-30 11:44:00+09:00,628.0,628.0,626.0,626.0,3160,0.0,0.0
2024-08-30 11:45:00+09:00,626.0,626.0,626.0,626.0,859,0.0,0.0
2024-08-30 11:46:00+09:00,626.0,626.0,626.0,626.0,3,0.0,0.0
2024-08-30 11:48:00+09:00,626.0,626.0,626.0,626.0,188,0.0,0.0
2024-08-30 11:49:00+09:00,626.0,626.0,625.0,625.0,3248,0.0,0.0
2024-08-30 11:50:00+09:00,630.0,630.0,625.0,625.0,110,0.0,0.0
2024-08-30 11:51:00+09:00,625.0,625.0,625.0,625.0,53,0.0,0.0
2024-08-30 11:53:00+09:00,625.0,625.0,625.0,625.0,150,0.0,0.0
2024-08-30 11:54:00+09:00,625.0,625.0,625.0,625.0,325,0.0,0.0
2024-08-30 11:56:00+09:00,626.0,629.0,625.0,629.0,108,0.0,0.0
2024-08-30 11:58:00+09:00,629.0,629.0,629.0,629.0,102,0.0,0.0
2024-08-30 12:01:00+09:00,625.0,625.0,624.0,624.0,12085,0.0,0.0
2024-08-30 12:02:00+09:00,623.0,623.0,623.0,623.0,100,0.0,0.0
2024-08-30 12:06:00+09:00,625.0,625.0,625.0,625.0,2,0.0,0.0
2024-08-30 12:07:00+09:00,625.0,625.0,625.0,625.0,0,0.0,0.0
2024-08-30 12:08:00+09:00,626.0,626.0,623.0,623.0,803,0.0,0.0
2024-08-30 12:09:00+09:00,623.0,623.0,623.0,623.0,0,0.0,0.0
2024-08-30 12:10:00+09:00,622.0,626.0,622.0,626.0,710,0.0,0.0
2024-08-30 12:12:00+09:00,626.0,626.0,626.0,626.0,0,0.0,0.0
2024-08-30 12:21:00+09:00,626.0,626.0,626.0,626.0,200,0.0,0.0
2024-08-30 12:24:00+09:00,626.0,626.0,626.0,626.0,40,0.0,0.0
2024-08-30 12:26:00+09:00,624.0,624.0,623.0,624.0,11112,0.0,0.0
2024-08-30 12:27:00+09:00,624.0,624.0,624.0,624.0,70,0.0,0.0
2024-08-30 12:28:00+09:00,623.0,623.0,623.0,623.0,0,0.0,0.0
2024-08-30 12:30:00+09:00,624.0,624.0,624.0,624.0,267,0.0,0.0
2024-08-30 12:31:00+09:00,624.0,630.0,624.0,630.0,2102,0.0,0.0
2024-08-30 12:33:00+09:00,630.0,630.0,630.0,630.0,0,0.0,0.0
2024-08-30 12:34:00+09:00,630.0,630.0,630.0,630.0,0,0.0,0.0
2024-08-30 12:35:00+09:00,630.0,630.0,630.0,630.0,2,0.0,0.0
2024-08-30 12:36:00+09:00,630.0,630.0,630.0,630.0,4,0.0,0.0
2024-08-30 12:39:00+09:00,630.0,630.0,630.0,630.0,4,0.0,0.0
2024-08-30 12:41:00+09:00,630.0,630.0,630.0,630.0,9,0.0,0.0
2024-08-30 12:43:00+09:00,626.0,626.0,623.0,623.0,1631,0.0,0.0
2024-08-30 12:44:00+09:00,629.0,629.0,629.0,629.0,0,0.0,0.0
2024-08-30 12:47:00+09:00,629.0,629.0,629.0,629.0,10,0.0,0.0
2024-08-30 12:51:00+09:00,629.0,629.0,629.0,629.0,10,0.0,0.0
2024-08-30 12:58:00+09:00,629.0,629.0,629.0,629.0,80,0.0,0.0
2024-08-30 13:04:00+09:00,629.0,629.0,629.0,629.0,3024,0.0,0.0
2024-08-30 13:06:00+09:00,629.0,629.0,628.0,628.0,0,0.0,0.0
2024-08-30 13:07:00+09:00,627.0,630.0,627.0,627.0,5646,0.0,0.0
2024-08-30 13:09:00+09:00,627.0,627.0,627.0,627.0,95,0.0,0.0
2024-08-30 13:10:00+09:00,627.0,630.0,627.0,630.0,3982,0.0,0.0
2024-08-30 13:17:00+09:00,627.0,627.0,627.0,627.0,2399,0.0,0.0
2024-08-30 13:18:00+09:00,627.0,627.0,625.0,625.0,3357,0.0,0.0
2024-08-30 13:19:00+09:00,626.0,627.0,626.0,627.0,3220,0.0,0.0
2024-08-30 13:20:00+09:00,626.0,626.0,626.0,626.0,0,0.0,0.0
2024-08-30 13:22:00+09:00,625.0,625.0,625.0,625.0,97,0.0,0.0
2024-08-30 13:23:00+09:00,625.0,626.0,625.0,626.0,6500,0.0,0.0
2024-08-30 13:24:00+09:00,626.0,626.0,626.0,626.0,821,0.0,0.0
2024-08-30 13:25:00+09:00,626.0,626.0,626.0,626.0,300,0.0,0.0
2024-08-30 13:26:00+09:00,626.0,627.0,625.0,625.0,4239,0.0,0.0
2024-08-30 13:28:00+09:00,629.0,629.0,629.0,629.0,0,0.0,0.0
2024-08-30 13:30:00+09:00,629.0,629.0,629.0,629.0,2013,0.0,0.0
2024-08-30 13:31:00+09:00,629.0,629.0,629.0,629.0,0,0.0,0.0
2024-08-30 13:32:00+09:00,627.0,627.0,627.0,627.0,992,0.0,0.0
2024-08-30 13:36:00+09:00,627.0,627.0,627.0,627.0,10,0.0,0.0
2024-08-30 13:37:00+09:00,629.0,629.0,629.0,629.0,0,0.0,0.0
2024-08-30 13:38:00+09:00,627.0,628.0,627.0,628.0,22,0.0,0.0
2024-08-30 13:39:00+09:00,629.0,631.0,629.0,631.0,1029,0.0,0.0
2024-08-30 13:40:00+09:00,629.0,629.0,629.0,629.0,0,0.0,0.0
2024-08-30 13:41:00+09:00,628.0,628.0,625.0,625.0,8270,0.0,0.0
2024-08-30 13:43:00+09:00,625.0,629.0,625.0,629.0,1670,0.0,0.0
2024-08-30 13:45:00+09:00,629.0,629.0,629.0,629.0,1999,0.0,0.0
2024-08-30 13:46:00+09:00,629.0,629.0,629.0,629.0,0,0.0,0.0
2024-08-30 13:47:00+09:00,629.0,629.0,629.0,629.0,1998,0.0,0.0
2024-08-30 13:48:00+09:00,626.0,626.0,626.0,626.0,0,0.0,0.0
2024-08-30 13:49:00+09:00,626.0,626.0,621.0,621.0,31384,0.0,0.0
2024-08-30 13:50:00+09:00,629.0,629.0,629.0,629.0,0,0.0,0.0
2024-08-30 13:54:00+09:00,626.0,626.0,626.0,626.0,2,0.0,0.0
2024-08-30 13:55:00+09:00,626.0,626.0,626.0,626.0,19,0.0,0.0
2024-08-30 13:57:00+09:00,628.0,628.0,628.0,628.0,270,0.0,0.0
2024-08-30 14:02:00+09:00,628.0,628.0,628.0,628.0,1129,0.0,0.0
2024-08-30 14:03:00+09:00,629.0,629.0,629.0,629.0,0,0.0,0.0
2024-08-30 14:08:00+09:00,628.0,628.0,628.0,628.0,56,0.0,0.0
2024-08-30 14:10:00+09:00,628.0,628.0,628.0,628.0,0,0.0,0.0
2024-08-30 14:11:00+09:00,628.0,628.0,628.0,628.0,3,0.0,0.0
2024-08-30 14:12:00+09:00,628.0,628.0,628.0,628.0,0,0.0,0.0
2024-08-30 14:15:00+09:00,626.0,626.0,626.0,626.0,6,0.0,0.0
2024-08-30 14:17:00+09:00,628.0,628.0,628.0,628.0,0,0.0,0.0
2024-08-30 14:20:00+09:00,628.0,628.0,628.0,628.0,30,0.0,0.0
2024-08-30 14:26:00+09:00,628.0,628.0,628.0,628.0,4,0.0,0.0
2024-08-30 14:30:00+09:00,628.0,628.0,628.0,628.0,1593,0.0,0.0
2024-08-30 14:31:00+09:00,626.0,628.0,626.0,628.0,321,0.0,0.0
2024-08-30 14:33:00+09:00,628.0,628.0,628.0,628.0,0,0.0,0.0
2024-08-30 14:37:00+09:00,628.0,628.0,628.0,628.0,132,0.0,0.0
2024-08-30 14:38:00+09:00,628.0,629.0,626.0,629.0,7722,0.0,0.0
2024-08-30 14:39:00+09:00,629.0,629.0,629.0,629.0,315,0.0,0.0
2024-08-30 14:42:00+09:00,628.0,628.0,627.0,627.0,49,0.0,0.0
2024-08-30 14:43:00+09:00,627.0,627.0,626.0,627.0,2675,0.0,0.0
2024-08-30 14:44:00+09:00,626.0,626.0,626.0,626.0,8171,0.0,0.0
2024-08-30 14:45:00+09:00,626.0,626.0,626.0,626.0,0,0.0,0.0
2024-08-30 14:46:00+09:00,625.0,625.0,625.0,625.0,229,0.0,0.0
2024-08-30 14:47:00+09:00,625.0,625.0,625.0,625.0,53,0.0,0.0
2024-08-30 14:48:00+09:00,624.0,625.0,624.0,625.0,11258,0.0,0.0
2024-08-30 14:49:00+09:00,625.0,625.0,625.0,625.0,3,0.0,0.0
2024-08-30 14:50:00+09:00,627.0,627.0,627.0,627.0,2,0.0,0.0
2024-08-30 14:51:00+09:00,627.0,627.0,627.0,627.0,19,0.0,0.0
2024-08-30 14:54:00+09:00,626.0,627.0,626.0,626.0,2971,0.0,0.0
2024-08-30 14:56:00+09:00,629.0,629.0,629.0,629.0,0,0.0,0.0
2024-08-30 14:57:00+09:00,629.0,629.0,629.0,629.0,536,0.0,0.0
2024-08-30 14:58:00+09:00,629.0,629.0,629.0,629.0,0,0.0,0.0
