Datetime,Open,High,Low,Close,Volume,Dividends,Stock Splits
2022-09-01 09:30:00-04:00,5.5,5.677700042724609,5.449999809265137,5.559999942779541,110967,0.0,0.0
2022-09-01 10:30:00-04:00,5.559999942779541,5.690000057220459,5.545000076293945,5.545000076293945,147753,0.0,0.0
2022-09-01 11:30:00-04:00,5.550000190734863,5.599999904632568,5.519999980926514,5.574999809265137,51509,0.0,0.0
2022-09-01 12:30:00-04:00,5.565000057220459,5.599999904632568,5.534999847412109,5.590000152587891,32906,0.0,0.0
2022-09-01 13:30:00-04:00,5.590000152587891,5.601099967956543,5.534999847412109,5.599999904632568,42898,0.0,0.0
2022-09-01 14:30:00-04:00,5.619999885559082,5.670000076293945,5.585000038146973,5.585000038146973,41197,0.0,0.0
2022-09-01 15:30:00-04:00,5.574999809265137,5.659999847412109,5.545000076293945,5.639999866485596,83745,0.0,0.0
2022-09-02 09:30:00-04:00,5.639999866485596,5.800000190734863,5.449999809265137,5.789999961853027,75981,0.0,0.0
2022-09-02 10:30:00-04:00,5.795000076293945,5.809999942779541,5.760000228881836,5.800000190734863,81308,0.0,0.0
2022-09-02 11:30:00-04:00,5.800000190734863,5.820000171661377,5.760000228881836,5.804999828338623,100987,0.0,0.0
2022-09-02 12:30:00-04:00,5.804999828338623,5.809999942779541,5.704999923706055,5.730000019073486,60177,0.0,0.0
2022-09-02 13:30:00-04:00,5.735000133514404,5.75,5.685400009155273,5.704999923706055,67677,0.0,0.0
2022-09-02 14:30:00-04:00,5.699999809265137,5.730000019073486,5.65500020980835,5.690000057220459,82348,0.0,0.0
2022-09-02 15:30:00-04:00,5.690000057220459,5.715000152587891,5.659999847412109,5.699999809265137,163683,0.0,0.0
2022-09-06 09:30:00-04:00,5.75,5.849999904632568,5.679999828338623,5.849999904632568,136265,0.0,0.0
2022-09-06 10:30:00-04:00,5.880000114440918,5.96999979019165,5.824999809265137,5.829999923706055,169847,0.0,0.0
2022-09-06 11:30:00-04:00,5.829999923706055,5.840000152587891,5.71999979019165,5.733399868011475,44764,0.0,0.0
2022-09-06 12:30:00-04:00,5.739999771118164,5.75,5.679999828338623,5.690000057220459,37592,0.0,0.0
2022-09-06 13:30:00-04:00,5.690000057220459,5.769999980926514,5.690000057220459,5.715000152587891,40327,0.0,0.0
2022-09-06 14:30:00-04:00,5.715000152587891,5.7179999351501465,5.670000076293945,5.690000057220459,43267,0.0,0.0
2022-09-06 15:30:00-04:00,5.679999828338623,5.71999979019165,5.670000076293945,5.690000057220459,64905,0.0,0.0
2022-09-07 09:30:00-04:00,5.699999809265137,5.974999904632568,5.699999809265137,5.934999942779541,119022,0.0,0.0
2022-09-07 10:30:00-04:00,5.940000057220459,5.965000152587891,5.869999885559082,5.885000228881836,61426,0.0,0.0
2022-09-07 11:30:00-04:00,5.889999866485596,5.929999828338623,5.880000114440918,5.894999980926514,44758,0.0,0.0
2022-09-07 12:30:00-04:00,5.889999866485596,5.914999961853027,5.84499979019165,5.849999904632568,74337,0.0,0.0
2022-09-07 13:30:00-04:00,5.855000019073486,5.885000228881836,5.84499979019165,5.869999885559082,66939,0.0,0.0
2022-09-07 14:30:00-04:00,5.875,5.954999923706055,5.869999885559082,5.954999923706055,61818,0.0,0.0
2022-09-07 15:30:00-04:00,5.949999809265137,5.960000038146973,5.900000095367432,5.929999828338623,124081,0.0,0.0
2022-09-08 09:30:00-04:00,6.050000190734863,6.050000190734863,5.929999828338623,5.960000038146973,225110,0.0,0.0
2022-09-08 10:30:00-04:00,5.960000038146973,5.974999904632568,5.885000228881836,5.929999828338623,99513,0.0,0.0
2022-09-08 11:30:00-04:00,5.940000057220459,5.940000057220459,5.84499979019165,5.889999866485596,56772,0.0,0.0
2022-09-08 12:30:00-04:00,5.894999980926514,5.96999979019165,5.889999866485596,5.96999979019165,52338,0.0,0.0
2022-09-08 13:30:00-04:00,5.96999979019165,5.980000019073486,5.920000076293945,5.945000171661377,57297,0.0,0.0
2022-09-08 14:30:00-04:00,5.945000171661377,5.985000133514404,5.934999942779541,5.940000057220459,74109,0.0,0.0
2022-09-08 15:30:00-04:00,5.934999942779541,5.985000133514404,5.934999942779541,5.985000133514404,77749,0.0,0.0
2022-09-09 09:30:00-04:00,6.0,6.21999979019165,6.0,6.170000076293945,166780,0.0,0.0
2022-09-09 10:30:00-04:00,6.179999828338623,6.199999809265137,6.110000133514404,6.159999847412109,79007,0.0,0.0
2022-09-09 11:30:00-04:00,6.159999847412109,6.199999809265137,6.130000114440918,6.199999809265137,82138,0.0,0.0
2022-09-09 12:30:00-04:00,6.199999809265137,6.199999809265137,6.119999885559082,6.159999847412109,69223,0.0,0.0
2022-09-09 13:30:00-04:00,6.159999847412109,6.210000038146973,6.159999847412109,6.190000057220459,62464,0.0,0.0
2022-09-09 14:30:00-04:00,6.190000057220459,6.199999809265137,6.150000095367432,6.170000076293945,56389,0.0,0.0
2022-09-09 15:30:00-04:00,6.170000076293945,6.179999828338623,6.135000228881836,6.15500020980835,87284,0.0,0.0
2022-09-12 09:30:00-04:00,6.210000038146973,6.369999885559082,6.210000038146973,6.329999923706055,131732,0.0,0.0
2022-09-12 10:30:00-04:00,6.329999923706055,6.355000019073486,6.260000228881836,6.300000190734863,83822,0.0,0.0
2022-09-12 11:30:00-04:00,6.300000190734863,6.300000190734863,6.21999979019165,6.25,38980,0.0,0.0
2022-09-12 12:30:00-04:00,6.25,6.25,6.210000038146973,6.224999904632568,29034,0.0,0.0
2022-09-12 13:30:00-04:00,6.21999979019165,6.239999771118164,6.159999847412109,6.170000076293945,60046,0.0,0.0
2022-09-12 14:30:00-04:00,6.179999828338623,6.255000114440918,6.179999828338623,6.230000019073486,41095,0.0,0.0
2022-09-12 15:30:00-04:00,6.230000019073486,6.239999771118164,6.179999828338623,6.195000171661377,60503,0.0,0.0
2022-09-13 09:30:00-04:00,6.0,6.179999828338623,5.829999923706055,6.054999828338623,159017,0.0,0.0
2022-09-13 10:30:00-04:00,6.050000190734863,6.059999942779541,5.980000019073486,6.019999980926514,106608,0.0,0.0
2022-09-13 11:30:00-04:00,6.019999980926514,6.159999847412109,6.0,6.099999904632568,95892,0.0,0.0
2022-09-13 12:30:00-04:00,6.110000133514404,6.150000095367432,6.090000152587891,6.139999866485596,46260,0.0,0.0
2022-09-13 13:30:00-04:00,6.139999866485596,6.170000076293945,6.099999904632568,6.105000019073486,62649,0.0,0.0
2022-09-13 14:30:00-04:00,6.099999904632568,6.105000019073486,6.045000076293945,6.046999931335449,57151,0.0,0.0
2022-09-13 15:30:00-04:00,6.046999931335449,6.050000190734863,5.989999771118164,6.010000228881836,137867,0.0,0.0
2022-09-14 09:30:00-04:00,6.079999923706055,6.139999866485596,5.989999771118164,6.019999980926514,95246,0.0,0.0
2022-09-14 10:30:00-04:00,6.010000228881836,6.130000114440918,6.010000228881836,6.105000019073486,64979,0.0,0.0
2022-09-14 11:30:00-04:00,6.105000019073486,6.139999866485596,5.985000133514404,6.0,54447,0.0,0.0
2022-09-14 12:30:00-04:00,6.0,6.019999980926514,5.960000038146973,5.96999979019165,67979,0.0,0.0
2022-09-14 13:30:00-04:00,5.96999979019165,5.980000019073486,5.909999847412109,5.934999942779541,95100,0.0,0.0
2022-09-14 14:30:00-04:00,5.934999942779541,5.934999942779541,5.860000133514404,5.875,75543,0.0,0.0
2022-09-14 15:30:00-04:00,5.875,5.920000076293945,5.860000133514404,5.920000076293945,98345,0.0,0.0
2022-09-15 09:30:00-04:00,5.869999885559082,6.089000225067139,5.869999885559082,6.070000171661377,91312,0.0,0.0
2022-09-15 10:30:00-04:00,6.070000171661377,6.090000152587891,5.909900188446045,5.974999904632568,83473,0.0,0.0
2022-09-15 11:30:00-04:00,5.980000019073486,6.074999809265137,5.980000019073486,6.070000171661377,61646,0.0,0.0
2022-09-15 12:30:00-04:00,6.070000171661377,6.159999847412109,6.065000057220459,6.139999866485596,79805,0.0,0.0
2022-09-15 13:30:00-04:00,6.139999866485596,6.139999866485596,6.019999980926514,6.03000020980835,37047,0.0,0.0
2022-09-15 14:30:00-04:00,6.03000020980835,6.034999847412109,5.949999809265137,5.965000152587891,80520,0.0,0.0
2022-09-15 15:30:00-04:00,5.96999979019165,5.989999771118164,5.929999828338623,5.960000038146973,127515,0.0,0.0
2022-09-16 09:30:00-04:00,5.900000095367432,5.960000038146973,5.730000019073486,5.735000133514404,191275,0.0,0.0
2022-09-16 10:30:00-04:00,5.744999885559082,5.820000171661377,5.684999942779541,5.690000057220459,89890,0.0,0.0
2022-09-16 11:30:00-04:00,5.704999923706055,5.760000228881836,5.630000114440918,5.650000095367432,78973,0.0,0.0
2022-09-16 12:30:00-04:00,5.644999980926514,5.730000019073486,5.644999980926514,5.695000171661377,61678,0.0,0.0
2022-09-16 13:30:00-04:00,5.695000171661377,5.710000038146973,5.644999980926514,5.659999847412109,51161,0.0,0.0
2022-09-16 14:30:00-04:00,5.659999847412109,5.760000228881836,5.644999980926514,5.760000228881836,122666,0.0,0.0
2022-09-16 15:30:00-04:00,5.755000114440918,5.840000152587891,5.730000019073486,5.840000152587891,295108,0.0,0.0
2022-09-19 09:30:00-04:00,5.769999980926514,5.960000038146973,5.710000038146973,5.940000057220459,59070,0.0,0.0
2022-09-19 10:30:00-04:00,5.940000057220459,6.050000190734863,5.909999847412109,6.019999980926514,72661,0.0,0.0
2022-09-19 11:30:00-04:00,6.014999866485596,6.03000020980835,5.909999847412109,5.914999961853027,55509,0.0,0.0
2022-09-19 12:30:00-04:00,5.914999961853027,5.945000171661377,5.869999885559082,5.885000228881836,32140,0.0,0.0
2022-09-19 13:30:00-04:00,5.880000114440918,5.920000076293945,5.860000133514404,5.889999866485596,52847,0.0,0.0
2022-09-19 14:30:00-04:00,5.900000095367432,5.929999828338623,5.84499979019165,5.889999866485596,53430,0.0,0.0
2022-09-19 15:30:00-04:00,5.900000095367432,5.989999771118164,5.880000114440918,5.989999771118164,110447,0.0,0.0
2022-09-20 09:30:00-04:00,5.980000019073486,6.010000228881836,5.764999866485596,5.769999980926514,62166,0.0,0.0
2022-09-20 10:30:00-04:00,5.764999866485596,5.920000076293945,5.760000228881836,5.880000114440918,59607,0.0,0.0
2022-09-20 11:30:00-04:00,5.880000114440918,5.880000114440918,5.820000171661377,5.860000133514404,49743,0.0,0.0
2022-09-20 12:30:00-04:00,5.849999904632568,5.864999771118164,5.800000190734863,5.800000190734863,48622,0.0,0.0
2022-09-20 13:30:00-04:00,5.789999961853027,5.795000076293945,5.739999771118164,5.789999961853027,41522,0.0,0.0
2022-09-20 14:30:00-04:00,5.78000020980835,5.869999885559082,5.769999980926514,5.864999771118164,65011,0.0,0.0
2022-09-20 15:30:00-04:00,5.860000133514404,5.875,5.840000152587891,5.860000133514404,93287,0.0,0.0
2022-09-21 09:30:00-04:00,5.829999923706055,5.920000076293945,5.7789998054504395,5.795000076293945,65384,0.0,0.0
2022-09-21 10:30:00-04:00,5.789999961853027,5.820000171661377,5.760000228881836,5.820000171661377,58419,0.0,0.0
2022-09-21 11:30:00-04:00,5.811999797821045,5.835000038146973,5.795000076293945,5.815000057220459,23015,0.0,0.0
2022-09-21 12:30:00-04:00,5.820000171661377,5.840000152587891,5.775000095367432,5.795000076293945,26160,0.0,0.0
2022-09-21 13:30:00-04:00,5.800000190734863,5.869999885559082,5.675000190734863,5.71999979019165,51350,0.0,0.0
2022-09-21 14:30:00-04:00,5.715000152587891,5.885000228881836,5.699999809265137,5.75,57068,0.0,0.0
2022-09-21 15:30:00-04:00,5.730000019073486,5.760000228881836,5.690000057220459,5.699999809265137,74446,0.0,0.0
2022-09-22 09:30:00-04:00,5.690000057220459,5.699999809265137,5.561100006103516,5.570000171661377,86519,0.0,0.0
2022-09-22 10:30:00-04:00,5.559999942779541,5.574999809265137,5.420000076293945,5.420000076293945,77748,0.0,0.0
2022-09-22 11:30:00-04:00,5.420000076293945,5.460000038146973,5.375,5.420000076293945,59958,0.0,0.0
2022-09-22 12:30:00-04:00,5.429999828338623,5.460000038146973,5.400000095367432,5.40500020980835,27315,0.0,0.0
2022-09-22 13:30:00-04:00,5.40500020980835,5.465000152587891,5.394999980926514,5.425000190734863,71642,0.0,0.0
2022-09-22 14:30:00-04:00,5.420000076293945,5.5,5.40500020980835,5.489999771118164,74787,0.0,0.0
2022-09-22 15:30:00-04:00,5.489999771118164,5.510000228881836,5.449999809265137,5.460000038146973,105747,0.0,0.0
2022-09-23 09:30:00-04:00,5.329999923706055,5.389999866485596,5.25,5.289999961853027,107696,0.0,0.0
2022-09-23 10:30:00-04:00,5.300000190734863,5.329999923706055,5.239999771118164,5.329999923706055,46347,0.0,0.0
2022-09-23 11:30:00-04:00,5.320899963378906,5.324999809265137,5.199999809265137,5.204999923706055,36759,0.0,0.0
2022-09-23 12:30:00-04:00,5.204999923706055,5.256999969482422,5.199999809265137,5.25,32856,0.0,0.0
2022-09-23 13:30:00-04:00,5.25,5.258399963378906,5.195000171661377,5.244999885559082,34748,0.0,0.0
2022-09-23 14:30:00-04:00,5.2403998374938965,5.28000020980835,5.21999979019165,5.28000020980835,93864,0.0,0.0
2022-09-23 15:30:00-04:00,5.28000020980835,5.329999923706055,5.25,5.300000190734863,105580,0.0,0.0
2022-09-26 09:30:00-04:00,5.309999942779541,5.550000190734863,5.309999942779541,5.53000020980835,110042,0.0,0.0
2022-09-26 10:30:00-04:00,5.519999980926514,5.519999980926514,5.380000114440918,5.380000114440918,80806,0.0,0.0
2022-09-26 11:30:00-04:00,5.380000114440918,5.400000095367432,5.315000057220459,5.324999809265137,82498,0.0,0.0
2022-09-26 12:30:00-04:00,5.329999923706055,5.349999904632568,5.28000020980835,5.320000171661377,81456,0.0,0.0
2022-09-26 13:30:00-04:00,5.329999923706055,5.380000114440918,5.320000171661377,5.364999771118164,54146,0.0,0.0
2022-09-26 14:30:00-04:00,5.364999771118164,5.449999809265137,5.340000152587891,5.449999809265137,87096,0.0,0.0
2022-09-26 15:30:00-04:00,5.445000171661377,5.460000038146973,5.409999847412109,5.429999828338623,140237,0.0,0.0
2022-09-27 09:30:00-04:00,5.460000038146973,5.670000076293945,5.409999847412109,5.630000114440918,93065,0.0,0.0
2022-09-27 10:30:00-04:00,5.619999885559082,5.684999942779541,5.510000228881836,5.519999980926514,85405,0.0,0.0
2022-09-27 11:30:00-04:00,5.519999980926514,5.519999980926514,5.349999904632568,5.360000133514404,83319,0.0,0.0
2022-09-27 12:30:00-04:00,5.349999904632568,5.369999885559082,5.300000190734863,5.320000171661377,71679,0.0,0.0
2022-09-27 13:30:00-04:00,5.320000171661377,5.414999961853027,5.289999961853027,5.409999847412109,69665,0.0,0.0
2022-09-27 14:30:00-04:00,5.400000095367432,5.489999771118164,5.389999866485596,5.480000019073486,73561,0.0,0.0
2022-09-27 15:30:00-04:00,5.489999771118164,5.53000020980835,5.460000038146973,5.514999866485596,113633,0.0,0.0
2022-09-28 09:30:00-04:00,5.519999980926514,5.670000076293945,5.420000076293945,5.565000057220459,64178,0.0,0.0
2022-09-28 10:30:00-04:00,5.550000190734863,5.565000057220459,5.510000228881836,5.53000020980835,49976,0.0,0.0
2022-09-28 11:30:00-04:00,5.534999847412109,5.670000076293945,5.53000020980835,5.619999885559082,70392,0.0,0.0
2022-09-28 12:30:00-04:00,5.619999885559082,5.619999885559082,5.539999961853027,5.565000057220459,60951,0.0,0.0
2022-09-28 13:30:00-04:00,5.570000171661377,5.585000038146973,5.525000095367432,5.550000190734863,42058,0.0,0.0
2022-09-28 14:30:00-04:00,5.550000190734863,5.619999885559082,5.550000190734863,5.605000019073486,47202,0.0,0.0
2022-09-28 15:30:00-04:00,5.599999904632568,5.630000114440918,5.590000152587891,5.610000133514404,85983,0.0,0.0
2022-09-29 09:30:00-04:00,5.460000038146973,5.5,5.360000133514404,5.429999828338623,70932,0.0,0.0
2022-09-29 10:30:00-04:00,5.429999828338623,5.519999980926514,5.380000114440918,5.46999979019165,103539,0.0,0.0
2022-09-29 11:30:00-04:00,5.460000038146973,5.489999771118164,5.420000076293945,5.449999809265137,54149,0.0,0.0
2022-09-29 12:30:00-04:00,5.449999809265137,5.460000038146973,5.380000114440918,5.40500020980835,57848,0.0,0.0
2022-09-29 13:30:00-04:00,5.400000095367432,5.40500020980835,5.349999904632568,5.385000228881836,64954,0.0,0.0
2022-09-29 14:30:00-04:00,5.385000228881836,5.425000190734863,5.349999904632568,5.409999847412109,53284,0.0,0.0
2022-09-29 15:30:00-04:00,5.40500020980835,5.440000057220459,5.40500020980835,5.429999828338623,95041,0.0,0.0
2022-09-30 09:30:00-04:00,5.340000152587891,5.420000076293945,5.110000133514404,5.409999847412109,103031,0.0,0.0
2022-09-30 10:30:00-04:00,5.409999847412109,5.46999979019165,5.360000133514404,5.465000152587891,72225,0.0,0.0
2022-09-30 11:30:00-04:00,5.465000152587891,5.505000114440918,5.448699951171875,5.454999923706055,66863,0.0,0.0
2022-09-30 12:30:00-04:00,5.454999923706055,5.460000038146973,5.40500020980835,5.454999923706055,50700,0.0,0.0
2022-09-30 13:30:00-04:00,5.454999923706055,5.460000038146973,5.320000171661377,5.324999809265137,52911,0.0,0.0
2022-09-30 14:30:00-04:00,5.324999809265137,5.389999866485596,5.309999942779541,5.380000114440918,80765,0.0,0.0
2022-09-30 15:30:00-04:00,5.385000228881836,5.480000019073486,5.360000133514404,5.420000076293945,164355,0.0,0.0
2022-10-03 09:30:00-04:00,5.480000019073486,5.650000095367432,5.369999885559082,5.644999980926514,71943,0.0,0.0
2022-10-03 10:30:00-04:00,5.650000095367432,5.760000228881836,5.650000095367432,5.71999979019165,144928,0.0,0.0
2022-10-03 11:30:00-04:00,5.71999979019165,5.760000228881836,5.659999847412109,5.6631999015808105,87566,0.0,0.0
2022-10-03 12:30:00-04:00,5.659999847412109,5.730000019073486,5.659999847412109,5.710000038146973,46306,0.0,0.0
2022-10-03 13:30:00-04:00,5.710000038146973,5.78000020980835,5.704999923706055,5.78000020980835,76632,0.0,0.0
2022-10-03 14:30:00-04:00,5.78000020980835,5.809999942779541,5.755000114440918,5.795000076293945,84193,0.0,0.0
2022-10-03 15:30:00-04:00,5.789999961853027,5.795000076293945,5.71999979019165,5.739999771118164,133643,0.0,0.0
2022-10-04 09:30:00-04:00,5.820000171661377,5.909999847412109,5.730000019073486,5.789999961853027,96965,0.0,0.0
2022-10-04 10:30:00-04:00,5.789999961853027,5.800000190734863,5.730000019073486,5.75,53517,0.0,0.0
2022-10-04 11:30:00-04:00,5.75,5.766499996185303,5.679999828338623,5.739999771118164,57559,0.0,0.0
2022-10-04 12:30:00-04:00,5.739999771118164,5.760000228881836,5.650000095367432,5.690000057220459,37399,0.0,0.0
2022-10-04 13:30:00-04:00,5.695000171661377,5.710000038146973,5.650000095367432,5.699999809265137,56970,0.0,0.0
2022-10-04 14:30:00-04:00,5.704999923706055,5.78000020980835,5.704999923706055,5.739999771118164,63478,0.0,0.0
2022-10-04 15:30:00-04:00,5.744999885559082,5.78000020980835,5.730000019073486,5.78000020980835,91258,0.0,0.0
2022-10-05 09:30:00-04:00,5.75,5.760000228881836,5.630000114440918,5.729499816894531,84878,0.0,0.0
2022-10-05 10:30:00-04:00,5.730000019073486,5.730000019073486,5.619999885559082,5.625,38848,0.0,0.0
2022-10-05 11:30:00-04:00,5.630000114440918,5.684999942779541,5.630000114440918,5.659999847412109,40963,0.0,0.0
2022-10-05 12:30:00-04:00,5.664999961853027,5.769999980926514,5.659999847412109,5.760000228881836,33753,0.0,0.0
2022-10-05 13:30:00-04:00,5.764999866485596,5.809999942779541,5.75,5.784999847412109,49184,0.0,0.0
2022-10-05 14:30:00-04:00,5.789999961853027,5.940000057220459,5.7895002365112305,5.929999828338623,78658,0.0,0.0
2022-10-05 15:30:00-04:00,5.927000045776367,5.929999828338623,5.860000133514404,5.875,63344,0.0,0.0
2022-10-06 09:30:00-04:00,5.880000114440918,6.070000171661377,5.849999904632568,6.034999847412109,181501,0.0,0.0
2022-10-06 10:30:00-04:00,6.019999980926514,6.139999866485596,6.019999980926514,6.070000171661377,110358,0.0,0.0
2022-10-06 11:30:00-04:00,6.070000171661377,6.09499979019165,6.019999980926514,6.065000057220459,54324,0.0,0.0
2022-10-06 12:30:00-04:00,6.059999942779541,6.105000019073486,6.045000076293945,6.054999828338623,41817,0.0,0.0
2022-10-06 13:30:00-04:00,6.054999828338623,6.059999942779541,6.025000095367432,6.050000190734863,39658,0.0,0.0
2022-10-06 14:30:00-04:00,6.050000190734863,6.074999809265137,5.980000019073486,6.065000057220459,108669,0.0,0.0
2022-10-06 15:30:00-04:00,6.065000057220459,6.105000019073486,6.050000190734863,6.090000152587891,233359,0.0,0.0
2022-10-07 09:30:00-04:00,6.090000152587891,6.090000152587891,5.855000019073486,5.920000076293945,47643,0.0,0.0
2022-10-07 10:30:00-04:00,5.920000076293945,5.980000019073486,5.889999866485596,5.889999866485596,32217,0.0,0.0
2022-10-07 11:30:00-04:00,5.889999866485596,5.889999866485596,5.840000152587891,5.849999904632568,29875,0.0,0.0
2022-10-07 12:30:00-04:00,5.840000152587891,5.875,5.809999942779541,5.820000171661377,30317,0.0,0.0
2022-10-07 13:30:00-04:00,5.820000171661377,5.875,5.815000057220459,5.840000152587891,27117,0.0,0.0
2022-10-07 14:30:00-04:00,5.849999904632568,5.889999866485596,5.829999923706055,5.84499979019165,74001,0.0,0.0
2022-10-07 15:30:00-04:00,5.84499979019165,5.889999866485596,5.835000038146973,5.880000114440918,70373,0.0,0.0
2022-10-10 09:30:00-04:00,5.789999961853027,5.849999904632568,5.5,5.690000057220459,246952,0.0,0.0
2022-10-10 10:30:00-04:00,5.692699909210205,5.730000019073486,5.630000114440918,5.710000038146973,54143,0.0,0.0
2022-10-10 11:30:00-04:00,5.71999979019165,5.71999979019165,5.599999904632568,5.614999771118164,40503,0.0,0.0
2022-10-10 12:30:00-04:00,5.610000133514404,5.639999866485596,5.585000038146973,5.614999771118164,41588,0.0,0.0
2022-10-10 13:30:00-04:00,5.610000133514404,5.730000019073486,5.610000133514404,5.71999979019165,65816,0.0,0.0
2022-10-10 14:30:00-04:00,5.71999979019165,5.789999961853027,5.710000038146973,5.744999885559082,50238,0.0,0.0
2022-10-10 15:30:00-04:00,5.739999771118164,5.760000228881836,5.710000038146973,5.71999979019165,65765,0.0,0.0
2022-10-11 09:30:00-04:00,5.730000019073486,5.75,5.599999904632568,5.659999847412109,36817,0.0,0.0
2022-10-11 10:30:00-04:00,5.659999847412109,5.800000190734863,5.650000095367432,5.789999961853027,112100,0.0,0.0
2022-10-11 11:30:00-04:00,5.789999961853027,5.920000076293945,5.789999961853027,5.909999847412109,79393,0.0,0.0
2022-10-11 12:30:00-04:00,5.90500020980835,5.96999979019165,5.90500020980835,5.929999828338623,33162,0.0,0.0
2022-10-11 13:30:00-04:00,5.945000171661377,5.989999771118164,5.925000190734863,5.960000038146973,74260,0.0,0.0
2022-10-11 14:30:00-04:00,5.954999923706055,5.954999923706055,5.800000190734863,5.840000152587891,56724,0.0,0.0
2022-10-11 15:30:00-04:00,5.84499979019165,5.934999942779541,5.84499979019165,5.920000076293945,187060,0.0,0.0
2022-10-12 09:30:00-04:00,5.860000133514404,5.880000114440918,5.744999885559082,5.78000020980835,61752,0.0,0.0
2022-10-12 10:30:00-04:00,5.760000228881836,5.820000171661377,5.71999979019165,5.815000057220459,71428,0.0,0.0
2022-10-12 11:30:00-04:00,5.820000171661377,5.875,5.800000190734863,5.804999828338623,61757,0.0,0.0
2022-10-12 12:30:00-04:00,5.800000190734863,5.809999942779541,5.764999866485596,5.769999980926514,18631,0.0,0.0
2022-10-12 13:30:00-04:00,5.769999980926514,5.800000190734863,5.735000133514404,5.78000020980835,44937,0.0,0.0
2022-10-12 14:30:00-04:00,5.789999961853027,5.800000190734863,5.75,5.784999847412109,28289,0.0,0.0
2022-10-12 15:30:00-04:00,5.789999961853027,5.809999942779541,5.75,5.78000020980835,110615,0.0,0.0
2022-10-13 09:30:00-04:00,5.710000038146973,5.710000038146973,5.510000228881836,5.570000171661377,72692,0.0,0.0
2022-10-13 10:30:00-04:00,5.570000171661377,5.699999809265137,5.559999942779541,5.650000095367432,47368,0.0,0.0
2022-10-13 11:30:00-04:00,5.659999847412109,5.710000038146973,5.590000152587891,5.619999885559082,130155,0.0,0.0
2022-10-13 12:30:00-04:00,5.619999885559082,5.849999904632568,5.614999771118164,5.849999904632568,26199,0.0,0.0
2022-10-13 13:30:00-04:00,5.860000133514404,5.875,5.78000020980835,5.784999847412109,38274,0.0,0.0
2022-10-13 14:30:00-04:00,5.789999961853027,5.84499979019165,5.784999847412109,5.784999847412109,80893,0.0,0.0
2022-10-13 15:30:00-04:00,5.789999961853027,5.809999942779541,5.775000095367432,5.800000190734863,85815,0.0,0.0
2022-10-14 09:30:00-04:00,5.820000171661377,5.840000152587891,5.679999828338623,5.690000057220459,42868,0.0,0.0
2022-10-14 10:30:00-04:00,5.699999809265137,5.71999979019165,5.610000133514404,5.670000076293945,55375,0.0,0.0
2022-10-14 11:30:00-04:00,5.659999847412109,5.690000057220459,5.599999904632568,5.679999828338623,57942,0.0,0.0
2022-10-14 12:30:00-04:00,5.679999828338623,5.699999809265137,5.650000095367432,5.670000076293945,54562,0.0,0.0
2022-10-14 13:30:00-04:00,5.670000076293945,5.675000190734863,5.610000133514404,5.619999885559082,40817,0.0,0.0
2022-10-14 14:30:00-04:00,5.614999771118164,5.659999847412109,5.610000133514404,5.650000095367432,42968,0.0,0.0
2022-10-14 15:30:00-04:00,5.639999866485596,5.670000076293945,5.590000152587891,5.590000152587891,91733,0.0,0.0
2022-10-17 09:30:00-04:00,5.690000057220459,5.980000019073486,5.670000076293945,5.889999866485596,139369,0.0,0.0
2022-10-17 10:30:00-04:00,5.900000095367432,5.900000095367432,5.789999961853027,5.824900150299072,109573,0.0,0.0
2022-10-17 11:30:00-04:00,5.820000171661377,5.829999923706055,5.78000020980835,5.795000076293945,25097,0.0,0.0
2022-10-17 12:30:00-04:00,5.795000076293945,5.795000076293945,5.75,5.78000020980835,26534,0.0,0.0
2022-10-17 13:30:00-04:00,5.784999847412109,5.820000171661377,5.769999980926514,5.820000171661377,34234,0.0,0.0
2022-10-17 14:30:00-04:00,5.820000171661377,5.900000095367432,5.804999828338623,5.889999866485596,120473,0.0,0.0
2022-10-17 15:30:00-04:00,5.889999866485596,5.929999828338623,5.885000228881836,5.894999980926514,93223,0.0,0.0
2022-10-18 09:30:00-04:00,5.920000076293945,6.109000205993652,5.920000076293945,6.070000171661377,227228,0.0,0.0
2022-10-18 10:30:00-04:00,6.065000057220459,6.159999847412109,6.059999942779541,6.09499979019165,150095,0.0,0.0
2022-10-18 11:30:00-04:00,6.090000152587891,6.099999904632568,6.045000076293945,6.054999828338623,60209,0.0,0.0
2022-10-18 12:30:00-04:00,6.050000190734863,6.085000038146973,6.019999980926514,6.065000057220459,53134,0.0,0.0
2022-10-18 13:30:00-04:00,6.059999942779541,6.074999809265137,6.010000228881836,6.065000057220459,62250,0.0,0.0
2022-10-18 14:30:00-04:00,6.065000057220459,6.065000057220459,5.974999904632568,6.019999980926514,73208,0.0,0.0
2022-10-18 15:30:00-04:00,6.019999980926514,6.130000114440918,6.014999866485596,6.099999904632568,130960,0.0,0.0
2022-10-19 09:30:00-04:00,6.130000114440918,6.235000133514404,6.070000171661377,6.235000133514404,88956,0.0,0.0
2022-10-19 10:30:00-04:00,6.239999771118164,6.2600998878479,6.170000076293945,6.235000133514404,85076,0.0,0.0
2022-10-19 11:30:00-04:00,6.239999771118164,6.239999771118164,6.150000095367432,6.150000095367432,67302,0.0,0.0
2022-10-19 12:30:00-04:00,6.150000095367432,6.15500020980835,6.050000190734863,6.085000038146973,44286,0.0,0.0
2022-10-19 13:30:00-04:00,6.079999923706055,6.139999866485596,6.045000076293945,6.105000019073486,49243,0.0,0.0
2022-10-19 14:30:00-04:00,6.105000019073486,6.199999809265137,6.09499979019165,6.150000095367432,168461,0.0,0.0
2022-10-19 15:30:00-04:00,6.150000095367432,6.25,6.110000133514404,6.25,157217,0.0,0.0
2022-10-20 09:30:00-04:00,6.28000020980835,6.320000171661377,6.110000133514404,6.239999771118164,339097,0.0,0.0
2022-10-20 10:30:00-04:00,6.239999771118164,6.289999961853027,6.199999809265137,6.204999923706055,93819,0.0,0.0
2022-10-20 11:30:00-04:00,6.199999809265137,6.239999771118164,6.085000038146973,6.085000038146973,85712,0.0,0.0
2022-10-20 12:30:00-04:00,6.090000152587891,6.159999847412109,6.050000190734863,6.159999847412109,78807,0.0,0.0
2022-10-20 13:30:00-04:00,6.159999847412109,6.21999979019165,6.15500020980835,6.184999942779541,73121,0.0,0.0
2022-10-20 14:30:00-04:00,6.184999942779541,6.204999923706055,6.119999885559082,6.119999885559082,57963,0.0,0.0
2022-10-20 15:30:00-04:00,6.125,6.170000076293945,6.119999885559082,6.150000095367432,131312,0.0,0.0
2022-10-21 09:30:00-04:00,6.179999828338623,6.299200057983398,6.15500020980835,6.179999828338623,92277,0.0,0.0
2022-10-21 10:30:00-04:00,6.159999847412109,6.21999979019165,6.130000114440918,6.215000152587891,62107,0.0,0.0
2022-10-21 11:30:00-04:00,6.215000152587891,6.28000020980835,6.204999923706055,6.264999866485596,108756,0.0,0.0
2022-10-21 12:30:00-04:00,6.26200008392334,6.269999980926514,6.190000057220459,6.190000057220459,153107,0.0,0.0
2022-10-21 13:30:00-04:00,6.199999809265137,6.204999923706055,6.119999885559082,6.15500020980835,61535,0.0,0.0
2022-10-21 14:30:00-04:00,6.159999847412109,6.230000019073486,6.125,6.195000171661377,92777,0.0,0.0
2022-10-21 15:30:00-04:00,6.199999809265137,6.230000019073486,6.159999847412109,6.210000038146973,150520,0.0,0.0
2022-10-24 09:30:00-04:00,6.230000019073486,6.304999828338623,6.070000171661377,6.144999980926514,187915,0.0,0.0
2022-10-24 10:30:00-04:00,6.139999866485596,6.204999923706055,6.099999904632568,6.139999866485596,74280,0.0,0.0
2022-10-24 11:30:00-04:00,6.135000228881836,6.195000171661377,6.074999809265137,6.179999828338623,82464,0.0,0.0
2022-10-24 12:30:00-04:00,6.175000190734863,6.175000190734863,6.114999771118164,6.125,58774,0.0,0.0
2022-10-24 13:30:00-04:00,6.125,6.170000076293945,6.119999885559082,6.134500026702881,58657,0.0,0.0
2022-10-24 14:30:00-04:00,6.139999866485596,6.179999828338623,6.130000114440918,6.175000190734863,62073,0.0,0.0
2022-10-24 15:30:00-04:00,6.175000190734863,6.184999942779541,6.130000114440918,6.139999866485596,171864,0.0,0.0
2022-10-25 09:30:00-04:00,6.099999904632568,6.510000228881836,6.099999904632568,6.340000152587891,311031,0.0,0.0
2022-10-25 10:30:00-04:00,6.340000152587891,6.360000133514404,6.230000019073486,6.355000019073486,131110,0.0,0.0
2022-10-25 11:30:00-04:00,6.355000019073486,6.369999885559082,6.320000171661377,6.364999771118164,138949,0.0,0.0
2022-10-25 12:30:00-04:00,6.369999885559082,6.449999809265137,6.369999885559082,6.440000057220459,76045,0.0,0.0
2022-10-25 13:30:00-04:00,6.445000171661377,6.460000038146973,6.40500020980835,6.445000171661377,98993,0.0,0.0
2022-10-25 14:30:00-04:00,6.445000171661377,6.599999904632568,6.429999828338623,6.550000190734863,96321,0.0,0.0
2022-10-25 15:30:00-04:00,6.550000190734863,6.590000152587891,6.519999980926514,6.585000038146973,116667,0.0,0.0
2022-10-26 09:30:00-04:00,6.630000114440918,6.769999980926514,6.619999885559082,6.75,124907,0.0,0.0
2022-10-26 10:30:00-04:00,6.75,6.75,6.695000171661377,6.699999809265137,64160,0.0,0.0
2022-10-26 11:30:00-04:00,6.695000171661377,6.75,6.670000076293945,6.704999923706055,77674,0.0,0.0
2022-10-26 12:30:00-04:00,6.699999809265137,6.739999771118164,6.630000114440918,6.659999847412109,69564,0.0,0.0
2022-10-26 13:30:00-04:00,6.65500020980835,6.75,6.650000095367432,6.71999979019165,76830,0.0,0.0
2022-10-26 14:30:00-04:00,6.71999979019165,6.760000228881836,6.690000057220459,6.730000019073486,68119,0.0,0.0
2022-10-26 15:30:00-04:00,6.724999904632568,6.730000019073486,6.670000076293945,6.684999942779541,109360,0.0,0.0
2022-10-27 09:30:00-04:00,6.710000038146973,6.800000190734863,6.650000095367432,6.690000057220459,68500,0.0,0.0
2022-10-27 10:30:00-04:00,6.704999923706055,6.704999923706055,6.605899810791016,6.650000095367432,67908,0.0,0.0
2022-10-27 11:30:00-04:00,6.630000114440918,6.679999828338623,6.559999942779541,6.659999847412109,34148,0.0,0.0
2022-10-27 12:30:00-04:00,6.664999961853027,6.77239990234375,6.659999847412109,6.755000114440918,101697,0.0,0.0
2022-10-27 13:30:00-04:00,6.769199848175049,6.775000095367432,6.619999885559082,6.619999885559082,52114,0.0,0.0
2022-10-27 14:30:00-04:00,6.619999885559082,6.619999885559082,6.519999980926514,6.585000038146973,62494,0.0,0.0
2022-10-27 15:30:00-04:00,6.585000038146973,6.599999904632568,6.539999961853027,6.559999942779541,127870,0.0,0.0
2022-10-28 09:30:00-04:00,6.570000171661377,6.659999847412109,6.460000038146973,6.53000020980835,72500,0.0,0.0
2022-10-28 10:30:00-04:00,6.539999961853027,6.619999885559082,6.505000114440918,6.619999885559082,50220,0.0,0.0
2022-10-28 11:30:00-04:00,6.630000114440918,6.75,6.597300052642822,6.730000019073486,83745,0.0,0.0
2022-10-28 12:30:00-04:00,6.730000019073486,6.760000228881836,6.71999979019165,6.75,70959,0.0,0.0
2022-10-28 13:30:00-04:00,6.75,6.755000114440918,6.710000038146973,6.724999904632568,53952,0.0,0.0
2022-10-28 14:30:00-04:00,6.724999904632568,6.755000114440918,6.724999904632568,6.744999885559082,55737,0.0,0.0
2022-10-28 15:30:00-04:00,6.75,6.755000114440918,6.730000019073486,6.739999771118164,89952,0.0,0.0
2022-10-31 09:30:00-04:00,6.73799991607666,6.73799991607666,6.409999847412109,6.574999809265137,162229,0.0,0.0
2022-10-31 10:30:00-04:00,6.570000171661377,6.670000076293945,6.565000057220459,6.659999847412109,74636,0.0,0.0
2022-10-31 11:30:00-04:00,6.650000095367432,6.744999885559082,6.639999866485596,6.639999866485596,69705,0.0,0.0
2022-10-31 12:30:00-04:00,6.630000114440918,6.684999942779541,6.605000019073486,6.65500020980835,58181,0.0,0.0
2022-10-31 13:30:00-04:00,6.659999847412109,6.695000171661377,6.619999885559082,6.639999866485596,46685,0.0,0.0
2022-10-31 14:30:00-04:00,6.644999980926514,6.670000076293945,6.630000114440918,6.650000095367432,41991,0.0,0.0
2022-10-31 15:30:00-04:00,6.65500020980835,6.715000152587891,6.650000095367432,6.684999942779541,133661,0.0,0.0
2022-11-01 09:30:00-04:00,6.769999980926514,6.849999904632568,6.715000152587891,6.71999979019165,64843,0.0,0.0
2022-11-01 10:30:00-04:00,6.71999979019165,6.730000019073486,6.659999847412109,6.695000171661377,41529,0.0,0.0
2022-11-01 11:30:00-04:00,6.699999809265137,6.735000133514404,6.635000228881836,6.659999847412109,34802,0.0,0.0
2022-11-01 12:30:00-04:00,6.670000076293945,6.75,6.670000076293945,6.730000019073486,30798,0.0,0.0
2022-11-01 13:30:00-04:00,6.735000133514404,6.735000133514404,6.664999961853027,6.690000057220459,43760,0.0,0.0
2022-11-01 14:30:00-04:00,6.690000057220459,6.724999904632568,6.650000095367432,6.675000190734863,36433,0.0,0.0
2022-11-01 15:30:00-04:00,6.670000076293945,6.75,6.639999866485596,6.744999885559082,94368,0.0,0.0
2022-11-02 09:30:00-04:00,6.659999847412109,6.71999979019165,6.605000019073486,6.704999923706055,47437,0.0,0.0
2022-11-02 10:30:00-04:00,6.710000038146973,6.760000228881836,6.690000057220459,6.730000019073486,42368,0.0,0.0
2022-11-02 11:30:00-04:00,6.71999979019165,6.809999942779541,6.715000152587891,6.760000228881836,68175,0.0,0.0
2022-11-02 12:30:00-04:00,6.764999866485596,6.809999942779541,6.71999979019165,6.775000095367432,43088,0.0,0.0
2022-11-02 13:30:00-04:00,6.764999866485596,6.929999828338623,6.755000114440918,6.840000152587891,95464,0.0,0.0
2022-11-02 14:30:00-04:00,6.84499979019165,6.855000019073486,6.46999979019165,6.525000095367432,95851,0.0,0.0
2022-11-02 15:30:00-04:00,6.519999980926514,6.559999942779541,6.494999885559082,6.53000020980835,104913,0.0,0.0
2022-11-03 09:30:00-04:00,6.5,6.560699939727783,6.290999889373779,6.559999942779541,137488,0.0,0.0
2022-11-03 10:30:00-04:00,6.550000190734863,6.644999980926514,6.539999961853027,6.635000228881836,45471,0.0,0.0
2022-11-03 11:30:00-04:00,6.630000114440918,6.804999828338623,6.614999771118164,6.769999980926514,101484,0.0,0.0
2022-11-03 12:30:00-04:00,6.75,6.855000019073486,6.710000038146973,6.849999904632568,66764,0.0,0.0
2022-11-03 13:30:00-04:00,6.840000152587891,6.840000152587891,6.695000171661377,6.730000019073486,45666,0.0,0.0
2022-11-03 14:30:00-04:00,6.71999979019165,6.71999979019165,6.650000095367432,6.650000095367432,23345,0.0,0.0
2022-11-03 15:30:00-04:00,6.650000095367432,6.679999828338623,6.644999980926514,6.659999847412109,108066,0.0,0.0
2022-11-04 09:30:00-04:00,6.684999942779541,6.849999904632568,6.605000019073486,6.840000152587891,124787,0.0,0.0
2022-11-04 10:30:00-04:00,6.869999885559082,6.90500020980835,6.735000133514404,6.735000133514404,72592,0.0,0.0
2022-11-04 11:30:00-04:00,6.739999771118164,6.755000114440918,6.519999980926514,6.629300117492676,72961,0.0,0.0
2022-11-04 12:30:00-04:00,6.619999885559082,6.664999961853027,6.545000076293945,6.614999771118164,52186,0.0,0.0
2022-11-04 13:30:00-04:00,6.625,6.659999847412109,6.590000152587891,6.639999866485596,36491,0.0,0.0
2022-11-04 14:30:00-04:00,6.639999866485596,6.704999923706055,6.630000114440918,6.699999809265137,50087,0.0,0.0
2022-11-04 15:30:00-04:00,6.690000057220459,6.769999980926514,6.684999942779541,6.75,88962,0.0,0.0
2022-11-07 09:30:00-05:00,6.75,6.800000190734863,6.650000095367432,6.769999980926514,88531,0.0,0.0
2022-11-07 10:30:00-05:00,6.78000020980835,6.795000076293945,6.699999809265137,6.75,77374,0.0,0.0
2022-11-07 11:30:00-05:00,6.744999885559082,6.849999904632568,6.710000038146973,6.835000038146973,104624,0.0,0.0
2022-11-07 12:30:00-05:00,6.829999923706055,6.84499979019165,6.78000020980835,6.800000190734863,93231,0.0,0.0
2022-11-07 13:30:00-05:00,6.809999942779541,6.855000019073486,6.800000190734863,6.835000038146973,86431,0.0,0.0
2022-11-07 14:30:00-05:00,6.820000171661377,6.949999809265137,6.804999828338623,6.949999809265137,89919,0.0,0.0
2022-11-07 15:30:00-05:00,6.949999809265137,6.949999809265137,6.925000190734863,6.929999828338623,83768,0.0,0.0
2022-11-08 09:30:00-05:00,7.0,7.0,6.71999979019165,6.75,131574,0.0,0.0
2022-11-08 10:30:00-05:00,6.760000228881836,6.860000133514404,6.744999885559082,6.769999980926514,103895,0.0,0.0
2022-11-08 11:30:00-05:00,6.775000095367432,6.900000095367432,6.764999866485596,6.815000057220459,91054,0.0,0.0
2022-11-08 12:30:00-05:00,6.809999942779541,6.880000114440918,6.755000114440918,6.760000228881836,86965,0.0,0.0
2022-11-08 13:30:00-05:00,6.75,6.795000076293945,6.590000152587891,6.619999885559082,107013,0.0,0.0
2022-11-08 14:30:00-05:00,6.614999771118164,6.739999771118164,6.579999923706055,6.704999923706055,152986,0.0,0.0
2022-11-08 15:30:00-05:00,6.704999923706055,6.769999980926514,6.65500020980835,6.699999809265137,237370,0.0,0.0
2022-11-09 09:30:00-05:00,6.670000076293945,6.760000228881836,6.579999923706055,6.71999979019165,58358,0.0,0.0
2022-11-09 10:30:00-05:00,6.724999904632568,6.724999904632568,6.539999961853027,6.547500133514404,49675,0.0,0.0
2022-11-09 11:30:00-05:00,6.539999961853027,6.590000152587891,6.369999885559082,6.369999885559082,90635,0.0,0.0
2022-11-09 12:30:00-05:00,6.360000133514404,6.480000019073486,6.309999942779541,6.480000019073486,196666,0.0,0.0
2022-11-09 13:30:00-05:00,6.480000019073486,6.53000020980835,6.445000171661377,6.474999904632568,186084,0.0,0.0
2022-11-09 14:30:00-05:00,6.474999904632568,6.5,6.447500228881836,6.465000152587891,88651,0.0,0.0
2022-11-09 15:30:00-05:00,6.46999979019165,6.46999979019165,6.400000095367432,6.40500020980835,69903,0.0,0.0
2022-11-10 09:30:00-05:00,6.730000019073486,6.909999847412109,6.610000133514404,6.875,158718,0.0,0.0
2022-11-10 10:30:00-05:00,6.880000114440918,7.010000228881836,6.820000171661377,6.974999904632568,142435,0.0,0.0
2022-11-10 11:30:00-05:00,6.96999979019165,7.010000228881836,6.849999904632568,6.849999904632568,98052,0.0,0.0
2022-11-10 12:30:00-05:00,6.840000152587891,6.914999961853027,6.829999923706055,6.909999847412109,73999,0.0,0.0
2022-11-10 13:30:00-05:00,6.909999847412109,7.010000228881836,6.864999771118164,6.985000133514404,291514,0.0,0.0
2022-11-10 14:30:00-05:00,6.980000019073486,6.985000133514404,6.880000114440918,6.910900115966797,117351,0.0,0.0
2022-11-10 15:30:00-05:00,6.909999847412109,6.931000232696533,6.880000114440918,6.909999847412109,229531,0.0,0.0
2022-11-11 09:30:00-05:00,6.909999847412109,6.96999979019165,6.829999923706055,6.875,153544,0.0,0.0
2022-11-11 10:30:00-05:00,6.880000114440918,7.03000020980835,6.739999771118164,6.744999885559082,245398,0.0,0.0
2022-11-11 11:30:00-05:00,6.744999885559082,6.900000095367432,6.739999771118164,6.795000076293945,79989,0.0,0.0
2022-11-11 12:30:00-05:00,6.795000076293945,6.829999923706055,6.699999809265137,6.820000171661377,156862,0.0,0.0
2022-11-11 13:30:00-05:00,6.820000171661377,6.920000076293945,6.800000190734863,6.894999980926514,185993,0.0,0.0
2022-11-11 14:30:00-05:00,6.889999866485596,6.889999866485596,6.760000228881836,6.784999847412109,167728,0.0,0.0
2022-11-11 15:30:00-05:00,6.789999961853027,6.835000038146973,6.710000038146973,6.800000190734863,181943,0.0,0.0
2022-11-14 09:30:00-05:00,6.78000020980835,7.03000020980835,6.659999847412109,6.84499979019165,237359,0.0,0.0
2022-11-14 10:30:00-05:00,6.84499979019165,6.909999847412109,6.679999828338623,6.704999923706055,96871,0.0,0.0
2022-11-14 11:30:00-05:00,6.704999923706055,6.78000020980835,6.619999885559082,6.71999979019165,194078,0.0,0.0
2022-11-14 12:30:00-05:00,6.724999904632568,6.739999771118164,6.650000095367432,6.664999961853027,135296,0.0,0.0
2022-11-14 13:30:00-05:00,6.659999847412109,6.769999980926514,6.639999866485596,6.71999979019165,82412,0.0,0.0
2022-11-14 14:30:00-05:00,6.724999904632568,6.78000020980835,6.639999866485596,6.690000057220459,193083,0.0,0.0
2022-11-14 15:30:00-05:00,6.690000057220459,6.739999771118164,6.630000114440918,6.635000228881836,134036,0.0,0.0
2022-11-15 09:30:00-05:00,6.809999942779541,6.940000057220459,6.728799819946289,6.909999847412109,221812,0.0,0.0
2022-11-15 10:30:00-05:00,6.914999961853027,6.940000057220459,6.835000038146973,6.869999885559082,125400,0.0,0.0
2022-11-15 11:30:00-05:00,6.869999885559082,6.940000057220459,6.860000133514404,6.920000076293945,186354,0.0,0.0
2022-11-15 12:30:00-05:00,6.914999961853027,7.02400016784668,6.84499979019165,6.885000228881836,243764,0.0,0.0
2022-11-15 13:30:00-05:00,6.885000228881836,6.929999828338623,6.809999942779541,6.864999771118164,188151,0.0,0.0
2022-11-15 14:30:00-05:00,6.869999885559082,6.909999847412109,6.84499979019165,6.900000095367432,142828,0.0,0.0
2022-11-15 15:30:00-05:00,6.900000095367432,6.909999847412109,6.78000020980835,6.900000095367432,415851,0.0,0.0
2022-11-16 09:30:00-05:00,6.78000020980835,6.784999847412109,6.5,6.696199893951416,369673,0.0,0.0
2022-11-16 10:30:00-05:00,6.690000057220459,6.78000020980835,6.639999866485596,6.75,122035,0.0,0.0
2022-11-16 11:30:00-05:00,6.744999885559082,6.809999942779541,6.710000038146973,6.724999904632568,116085,0.0,0.0
2022-11-16 12:30:00-05:00,6.724999904632568,6.760000228881836,6.699999809265137,6.724999904632568,133038,0.0,0.0
2022-11-16 13:30:00-05:00,6.724999904632568,6.75,6.630000114440918,6.679999828338623,293107,0.0,0.0
2022-11-16 14:30:00-05:00,6.675000190734863,6.684999942779541,6.630000114440918,6.65500020980835,244794,0.0,0.0
2022-11-16 15:30:00-05:00,6.6545000076293945,6.78000020980835,6.630000114440918,6.769999980926514,381118,0.0,0.0
2022-11-17 09:30:00-05:00,7.03000020980835,7.03000020980835,6.110000133514404,6.369999885559082,384103,0.0,0.0
2022-11-17 10:30:00-05:00,6.369999885559082,6.53000020980835,6.364999771118164,6.420000076293945,95469,0.0,0.0
2022-11-17 11:30:00-05:00,6.420000076293945,6.480000019073486,6.21999979019165,6.349999904632568,130508,0.0,0.0
2022-11-17 12:30:00-05:00,6.349999904632568,6.420000076293945,6.340000152587891,6.380000114440918,85815,0.0,0.0
2022-11-17 13:30:00-05:00,6.380000114440918,6.409999847412109,6.338799953460693,6.349999904632568,76770,0.0,0.0
2022-11-17 14:30:00-05:00,6.34499979019165,6.400000095367432,6.340000152587891,6.364999771118164,111592,0.0,0.0
2022-11-17 15:30:00-05:00,6.364999771118164,6.460000038146973,6.364999771118164,6.449999809265137,153650,0.0,0.0
2022-11-18 09:30:00-05:00,6.650000095367432,6.900000095367432,6.5,6.590000152587891,293416,0.0,0.0
2022-11-18 10:30:00-05:00,6.590000152587891,6.659999847412109,6.480000019073486,6.519999980926514,98357,0.0,0.0
2022-11-18 11:30:00-05:00,6.510000228881836,6.510000228881836,6.394999980926514,6.474999904632568,100292,0.0,0.0
2022-11-18 12:30:00-05:00,6.480000019073486,6.5,6.434999942779541,6.465000152587891,59870,0.0,0.0
2022-11-18 13:30:00-05:00,6.46999979019165,6.539999961853027,6.429999828338623,6.539999961853027,70328,0.0,0.0
2022-11-18 14:30:00-05:00,6.545000076293945,6.635000228881836,6.519999980926514,6.614999771118164,177244,0.0,0.0
2022-11-18 15:30:00-05:00,6.614999771118164,6.699999809265137,6.574999809265137,6.599999904632568,159058,0.0,0.0
2022-11-21 09:30:00-05:00,6.539999961853027,6.699999809265137,6.53000020980835,6.565000057220459,106260,0.0,0.0
2022-11-21 10:30:00-05:00,6.565000057220459,6.715000152587891,6.559999942779541,6.639999866485596,104303,0.0,0.0
2022-11-21 11:30:00-05:00,6.639999866485596,6.769999980926514,6.639999866485596,6.739999771118164,101880,0.0,0.0
2022-11-21 12:30:00-05:00,6.739999771118164,6.806600093841553,6.710000038146973,6.755000114440918,162211,0.0,0.0
2022-11-21 13:30:00-05:00,6.755000114440918,6.769999980926514,6.659999847412109,6.664999961853027,76721,0.0,0.0
2022-11-21 14:30:00-05:00,6.664999961853027,6.744999885559082,6.590000152587891,6.614999771118164,201633,0.0,0.0
2022-11-21 15:30:00-05:00,6.614999771118164,6.715000152587891,6.614999771118164,6.690000057220459,213914,0.0,0.0
2022-11-22 09:30:00-05:00,6.800000190734863,6.994999885559082,6.704999923706055,6.985000133514404,137931,0.0,0.0
2022-11-22 10:30:00-05:00,6.989999771118164,7.0802001953125,6.949999809265137,7.034999847412109,100951,0.0,0.0
2022-11-22 11:30:00-05:00,7.045000076293945,7.045000076293945,6.929999828338623,6.960000038146973,65604,0.0,0.0
2022-11-22 12:30:00-05:00,6.949999809265137,7.0,6.925000190734863,6.965000152587891,124046,0.0,0.0
2022-11-22 13:30:00-05:00,6.962500095367432,6.96999979019165,6.820000171661377,6.864999771118164,103127,0.0,0.0
2022-11-22 14:30:00-05:00,6.864999771118164,6.980000019073486,6.849999904632568,6.914999961853027,113297,0.0,0.0
2022-11-22 15:30:00-05:00,6.909999847412109,6.994999885559082,6.90500020980835,6.974999904632568,180447,0.0,0.0
2022-11-23 09:30:00-05:00,6.940000057220459,7.050000190734863,6.885000228881836,6.96999979019165,110599,0.0,0.0
2022-11-23 10:30:00-05:00,6.96999979019165,7.019999980926514,6.929999828338623,6.985000133514404,62207,0.0,0.0
2022-11-23 11:30:00-05:00,6.985000133514404,7.039999961853027,6.960000038146973,6.980000019073486,55320,0.0,0.0
2022-11-23 12:30:00-05:00,6.980000019073486,6.989999771118164,6.920000076293945,6.985000133514404,92984,0.0,0.0
2022-11-23 13:30:00-05:00,6.980000019073486,7.074999809265137,6.940000057220459,7.054999828338623,91245,0.0,0.0
2022-11-23 14:30:00-05:00,7.054999828338623,7.199999809265137,7.019999980926514,7.159999847412109,203522,0.0,0.0
2022-11-23 15:30:00-05:00,7.159999847412109,7.170000076293945,7.085000038146973,7.099999904632568,219166,0.0,0.0
2022-11-25 09:30:00-05:00,7.079999923706055,7.184999942779541,7.0447001457214355,7.175000190734863,103504,0.0,0.0
2022-11-25 10:30:00-05:00,7.175000190734863,7.179999828338623,7.130000114440918,7.130000114440918,74704,0.0,0.0
2022-11-25 11:30:00-05:00,7.130000114440918,7.190000057220459,7.09250020980835,7.135000228881836,154915,0.0,0.0
2022-11-28 09:30:00-05:00,7.179999828338623,7.235000133514404,7.090000152587891,7.139999866485596,87179,0.0,0.0
2022-11-28 10:30:00-05:00,7.139999866485596,7.139999866485596,7.014999866485596,7.079999923706055,70265,0.0,0.0
2022-11-28 11:30:00-05:00,7.070000171661377,7.144999980926514,7.070000171661377,7.110000133514404,69843,0.0,0.0
2022-11-28 12:30:00-05:00,7.110000133514404,7.159999847412109,7.03000020980835,7.03000020980835,69727,0.0,0.0
2022-11-28 13:30:00-05:00,7.03000020980835,7.059999942779541,6.949999809265137,6.980000019073486,85140,0.0,0.0
2022-11-28 14:30:00-05:00,6.989999771118164,7.054999828338623,6.940000057220459,6.940000057220459,131358,0.0,0.0
2022-11-28 15:30:00-05:00,6.940000057220459,6.960000038146973,6.920000076293945,6.920000076293945,122370,0.0,0.0
2022-11-29 09:30:00-05:00,6.909999847412109,6.925000190734863,6.605000019073486,6.815000057220459,217753,0.0,0.0
2022-11-29 10:30:00-05:00,6.820000171661377,6.934999942779541,6.809999942779541,6.885000228881836,67912,0.0,0.0
2022-11-29 11:30:00-05:00,6.880000114440918,7.139999866485596,6.880000114440918,7.045000076293945,134054,0.0,0.0
2022-11-29 12:30:00-05:00,7.065000057220459,7.085000038146973,6.989999771118164,6.994999885559082,134173,0.0,0.0
2022-11-29 13:30:00-05:00,7.0,7.050000190734863,6.954999923706055,6.980000019073486,120801,0.0,0.0
2022-11-29 14:30:00-05:00,6.980000019073486,6.994999885559082,6.929999828338623,6.965000152587891,79571,0.0,0.0
2022-11-29 15:30:00-05:00,6.960000038146973,6.960000038146973,6.894999980926514,6.909999847412109,148316,0.0,0.0
2022-11-30 09:30:00-05:00,6.869999885559082,6.889999866485596,6.760000228881836,6.824999809265137,115302,0.0,0.0
2022-11-30 10:30:00-05:00,6.835000038146973,6.835000038146973,6.739999771118164,6.760000228881836,33853,0.0,0.0
2022-11-30 11:30:00-05:00,6.755000114440918,6.775000095367432,6.675000190734863,6.675000190734863,65269,0.0,0.0
2022-11-30 12:30:00-05:00,6.675000190734863,6.78000020980835,6.670000076293945,6.769999980926514,80230,0.0,0.0
2022-11-30 13:30:00-05:00,6.769999980926514,6.840000152587891,6.75,6.769999980926514,149764,0.0,0.0
2022-11-30 14:30:00-05:00,6.764999866485596,6.78000020980835,6.670000076293945,6.715000152587891,100666,0.0,0.0
2022-11-30 15:30:00-05:00,6.715000152587891,6.71999979019165,6.610000133514404,6.659999847412109,160885,0.0,0.0
2022-12-01 09:30:00-05:00,6.710000038146973,6.840000152587891,6.650000095367432,6.690000057220459,136299,0.0,0.0
2022-12-01 10:30:00-05:00,6.695000171661377,6.75,6.650000095367432,6.704999923706055,52968,0.0,0.0
2022-12-01 11:30:00-05:00,6.710000038146973,6.760000228881836,6.639999866485596,6.675000190734863,72429,0.0,0.0
2022-12-01 12:30:00-05:00,6.670000076293945,6.739999771118164,6.664999961853027,6.670000076293945,107681,0.0,0.0
2022-12-01 13:30:00-05:00,6.670000076293945,6.784999847412109,6.639999866485596,6.760000228881836,94185,0.0,0.0
2022-12-01 14:30:00-05:00,6.760000228881836,6.789999961853027,6.704999923706055,6.71999979019165,72312,0.0,0.0
2022-12-01 15:30:00-05:00,6.71999979019165,6.724999904632568,6.679999828338623,6.715000152587891,148748,0.0,0.0
2022-12-02 09:30:00-05:00,6.650000095367432,6.739999771118164,6.585000038146973,6.670000076293945,142734,0.0,0.0
2022-12-02 10:30:00-05:00,6.670000076293945,6.670000076293945,6.545000076293945,6.65500020980835,87581,0.0,0.0
2022-12-02 11:30:00-05:00,6.659999847412109,6.71999979019165,6.619999885559082,6.710000038146973,65377,0.0,0.0
2022-12-02 12:30:00-05:00,6.699999809265137,6.789999961853027,6.690000057220459,6.760000228881836,100604,0.0,0.0
2022-12-02 13:30:00-05:00,6.755000114440918,6.829999923706055,6.75,6.809999942779541,69868,0.0,0.0
2022-12-02 14:30:00-05:00,6.809999942779541,6.869999885559082,6.809999942779541,6.824999809265137,54076,0.0,0.0
2022-12-02 15:30:00-05:00,6.824999809265137,6.827499866485596,6.760000228881836,6.789999961853027,175100,0.0,0.0
2022-12-05 09:30:00-05:00,6.71999979019165,6.78000020980835,6.619999885559082,6.644999980926514,104917,0.0,0.0
2022-12-05 10:30:00-05:00,6.639999866485596,6.659999847412109,6.545000076293945,6.579999923706055,91456,0.0,0.0
2022-12-05 11:30:00-05:00,6.579999923706055,6.59499979019165,6.510000228881836,6.528200149536133,88611,0.0,0.0
2022-12-05 12:30:00-05:00,6.525000095367432,6.525000095367432,6.480000019073486,6.485000133514404,100685,0.0,0.0
2022-12-05 13:30:00-05:00,6.485000133514404,6.525400161743164,6.460000038146973,6.505000114440918,86957,0.0,0.0
2022-12-05 14:30:00-05:00,6.505000114440918,6.505000114440918,6.389999866485596,6.414999961853027,128448,0.0,0.0
2022-12-05 15:30:00-05:00,6.414999961853027,6.449999809265137,6.394999980926514,6.440000057220459,185622,0.0,0.0
2022-12-06 09:30:00-05:00,6.429999828338623,6.539999961853027,6.349999904632568,6.460000038146973,85695,0.0,0.0
2022-12-06 10:30:00-05:00,6.460000038146973,6.599999904632568,6.429999828338623,6.440000057220459,130065,0.0,0.0
2022-12-06 11:30:00-05:00,6.440000057220459,6.449999809265137,6.369999885559082,6.385000228881836,59546,0.0,0.0
2022-12-06 12:30:00-05:00,6.385000228881836,6.40500020980835,6.320000171661377,6.324999809265137,71592,0.0,0.0
2022-12-06 13:30:00-05:00,6.324999809265137,6.360000133514404,6.315000057220459,6.335000038146973,83068,0.0,0.0
2022-12-06 14:30:00-05:00,6.335000038146973,6.420000076293945,6.315000057220459,6.380000114440918,109215,0.0,0.0
2022-12-06 15:30:00-05:00,6.385000228881836,6.399899959564209,6.360000133514404,6.369999885559082,115550,0.0,0.0
2022-12-07 09:30:00-05:00,6.349999904632568,6.440000057220459,6.28000020980835,6.375,91158,0.0,0.0
2022-12-07 10:30:00-05:00,6.380000114440918,6.519999980926514,6.380000114440918,6.454999923706055,80796,0.0,0.0
2022-12-07 11:30:00-05:00,6.460000038146973,6.474999904632568,6.420000076293945,6.420000076293945,59360,0.0,0.0
2022-12-07 12:30:00-05:00,6.409999847412109,6.460000038146973,6.409999847412109,6.434999942779541,66316,0.0,0.0
2022-12-07 13:30:00-05:00,6.429999828338623,6.449999809265137,6.364999771118164,6.385000228881836,113673,0.0,0.0
2022-12-07 14:30:00-05:00,6.385000228881836,6.409999847412109,6.340000152587891,6.355000019073486,76178,0.0,0.0
2022-12-07 15:30:00-05:00,6.355000019073486,6.360000133514404,6.300000190734863,6.324999809265137,155963,0.0,0.0
2022-12-08 09:30:00-05:00,6.329999923706055,6.460000038146973,6.28000020980835,6.414999961853027,71737,0.0,0.0
2022-12-08 10:30:00-05:00,6.420000076293945,6.46999979019165,6.414999961853027,6.434999942779541,33143,0.0,0.0
2022-12-08 11:30:00-05:00,6.440000057220459,6.460000038146973,6.401199817657471,6.434999942779541,25146,0.0,0.0
2022-12-08 12:30:00-05:00,6.4375,6.480000019073486,6.429999828338623,6.460000038146973,37097,0.0,0.0
2022-12-08 13:30:00-05:00,6.480000019073486,6.489999771118164,6.434999942779541,6.460000038146973,42703,0.0,0.0
2022-12-08 14:30:00-05:00,6.460000038146973,6.474999904632568,6.434999942779541,6.465000152587891,35749,0.0,0.0
2022-12-08 15:30:00-05:00,6.46999979019165,6.46999979019165,6.420000076293945,6.425000190734863,155183,0.0,0.0
2022-12-09 09:30:00-05:00,6.295000076293945,6.380000114440918,6.275000095367432,6.315000057220459,63233,0.0,0.0
2022-12-09 10:30:00-05:00,6.320000171661377,6.364999771118164,6.315000057220459,6.349999904632568,35274,0.0,0.0
2022-12-09 11:30:00-05:00,6.34499979019165,6.349999904632568,6.300000190734863,6.304999828338623,50491,0.0,0.0
2022-12-09 12:30:00-05:00,6.309999942779541,6.315000057220459,6.21999979019165,6.230000019073486,43848,0.0,0.0
2022-12-09 13:30:00-05:00,6.220799922943115,6.269999980926514,6.199999809265137,6.235000133514404,46753,0.0,0.0
2022-12-09 14:30:00-05:00,6.239999771118164,6.255000114440918,6.215000152587891,6.215000152587891,51704,0.0,0.0
2022-12-09 15:30:00-05:00,6.210000038146973,6.210000038146973,6.170000076293945,6.170000076293945,82618,0.0,0.0
2022-12-12 09:30:00-05:00,6.190000057220459,6.25,6.170000076293945,6.239999771118164,74245,0.0,0.0
2022-12-12 10:30:00-05:00,6.230000019073486,6.349999904632568,6.230000019073486,6.329999923706055,57534,0.0,0.0
2022-12-12 11:30:00-05:00,6.340000152587891,6.340000152587891,6.260000228881836,6.28000020980835,37583,0.0,0.0
2022-12-12 12:30:00-05:00,6.284999847412109,6.320000171661377,6.210000038146973,6.215000152587891,62874,0.0,0.0
2022-12-12 13:30:00-05:00,6.21999979019165,6.28000020980835,6.210000038146973,6.21999979019165,99354,0.0,0.0
2022-12-12 14:30:00-05:00,6.21999979019165,6.255000114440918,6.199999809265137,6.21999979019165,55454,0.0,0.0
2022-12-12 15:30:00-05:00,6.21999979019165,6.235000133514404,6.190000057220459,6.210000038146973,67342,0.0,0.0
2022-12-13 09:30:00-05:00,6.480000019073486,6.525000095367432,6.364999771118164,6.369999885559082,200293,0.0,0.0
2022-12-13 10:30:00-05:00,6.369999885559082,6.400000095367432,6.324999809265137,6.349999904632568,56579,0.0,0.0
2022-12-13 11:30:00-05:00,6.360000133514404,6.389999866485596,6.264999866485596,6.340000152587891,84247,0.0,0.0
2022-12-13 12:30:00-05:00,6.329999923706055,6.400000095367432,6.304999828338623,6.385000228881836,110510,0.0,0.0
2022-12-13 13:30:00-05:00,6.385000228881836,6.389999866485596,6.340000152587891,6.364999771118164,41998,0.0,0.0
2022-12-13 14:30:00-05:00,6.364999771118164,6.409999847412109,6.324999809265137,6.400000095367432,113476,0.0,0.0
2022-12-13 15:30:00-05:00,6.400000095367432,6.40500020980835,6.340000152587891,6.360000133514404,164948,0.0,0.0
2022-12-14 09:30:00-05:00,6.360000133514404,6.465000152587891,6.320000171661377,6.320000171661377,72254,0.0,0.0
2022-12-14 10:30:00-05:00,6.320000171661377,6.369999885559082,6.295000076293945,6.369999885559082,49251,0.0,0.0
2022-12-14 11:30:00-05:00,6.364999771118164,6.40500020980835,6.304999828338623,6.304999828338623,54826,0.0,0.0
2022-12-14 12:30:00-05:00,6.309999942779541,6.315000057220459,6.25,6.289999961853027,50934,0.0,0.0
2022-12-14 13:30:00-05:00,6.295000076293945,6.300000190734863,6.190000057220459,6.210000038146973,85027,0.0,0.0
2022-12-14 14:30:00-05:00,6.199999809265137,6.260000228881836,6.144999980926514,6.170000076293945,167677,0.0,0.0
2022-12-14 15:30:00-05:00,6.159999847412109,6.244999885559082,6.159999847412109,6.230000019073486,97419,0.0,0.0
2022-12-15 09:30:00-05:00,6.159999847412109,6.244999885559082,6.079999923706055,6.119999885559082,121581,0.0,0.0
2022-12-15 10:30:00-05:00,6.110000133514404,6.179999828338623,6.09499979019165,6.09499979019165,87617,0.0,0.0
2022-12-15 11:30:00-05:00,6.090000152587891,6.139999866485596,6.085000038146973,6.105000019073486,42519,0.0,0.0
2022-12-15 12:30:00-05:00,6.105000019073486,6.110000133514404,6.050000190734863,6.065000057220459,60558,0.0,0.0
2022-12-15 13:30:00-05:00,6.065000057220459,6.090000152587891,6.050000190734863,6.085000038146973,46285,0.0,0.0
2022-12-15 14:30:00-05:00,6.085000038146973,6.110000133514404,6.070000171661377,6.085000038146973,62489,0.0,0.0
2022-12-15 15:30:00-05:00,6.085000038146973,6.099999904632568,6.059999942779541,6.099999904632568,85219,0.0,0.0
2022-12-16 09:30:00-05:00,6.059999942779541,6.150000095367432,6.050000190734863,6.079999923706055,197874,0.0,0.0
2022-12-16 10:30:00-05:00,6.070000171661377,6.125,6.065000057220459,6.114999771118164,75731,0.0,0.0
2022-12-16 11:30:00-05:00,6.114999771118164,6.135000228881836,6.019999980926514,6.054999828338623,71019,0.0,0.0
2022-12-16 12:30:00-05:00,6.059999942779541,6.085000038146973,6.005000114440918,6.005000114440918,49644,0.0,0.0
2022-12-16 13:30:00-05:00,6.005000114440918,6.050000190734863,5.989999771118164,6.045000076293945,48824,0.0,0.0
2022-12-16 14:30:00-05:00,6.039999961853027,6.065000057220459,6.019999980926514,6.025000095367432,55966,0.0,0.0
2022-12-16 15:30:00-05:00,6.025000095367432,6.059999942779541,6.025000095367432,6.03000020980835,126847,0.0,0.0
2022-12-19 09:30:00-05:00,6.0,6.085000038146973,5.960000038146973,6.03000020980835,63039,0.0,0.0
2022-12-19 10:30:00-05:00,6.03000020980835,6.059999942779541,5.960000038146973,6.059999942779541,53071,0.0,0.0
2022-12-19 11:30:00-05:00,6.059999942779541,6.119999885559082,6.039999961853027,6.110000133514404,62292,0.0,0.0
2022-12-19 12:30:00-05:00,6.110000133514404,6.119999885559082,6.050000190734863,6.054999828338623,37489,0.0,0.0
2022-12-19 13:30:00-05:00,6.054999828338623,6.085000038146973,6.034999847412109,6.079999923706055,34920,0.0,0.0
2022-12-19 14:30:00-05:00,6.070000171661377,6.090000152587891,6.03000020980835,6.070000171661377,85710,0.0,0.0
2022-12-19 15:30:00-05:00,6.070000171661377,6.105000019073486,6.054999828338623,6.090000152587891,70318,0.0,0.0
2022-12-20 09:30:00-05:00,6.03000020980835,6.050000190734863,5.945000171661377,5.987500190734863,63776,0.0,0.0
2022-12-20 10:30:00-05:00,5.989999771118164,6.039999961853027,5.965000152587891,5.985000133514404,128824,0.0,0.0
2022-12-20 11:30:00-05:00,5.985000133514404,6.090000152587891,5.985000133514404,6.079999923706055,27275,0.0,0.0
2022-12-20 12:30:00-05:00,6.085000038146973,6.099999904632568,6.025000095367432,6.065000057220459,41312,0.0,0.0
2022-12-20 13:30:00-05:00,6.070000171661377,6.090000152587891,6.019999980926514,6.03000020980835,43216,0.0,0.0
2022-12-20 14:30:00-05:00,6.025000095367432,6.037499904632568,6.010000228881836,6.014999866485596,24768,0.0,0.0
2022-12-20 15:30:00-05:00,6.014999866485596,6.045000076293945,6.005000114440918,6.03000020980835,60175,0.0,0.0
2022-12-21 09:30:00-05:00,6.139999866485596,6.269999980926514,6.079999923706055,6.224999904632568,80199,0.0,0.0
2022-12-21 10:30:00-05:00,6.230000019073486,6.255000114440918,6.199999809265137,6.224999904632568,48203,0.0,0.0
2022-12-21 11:30:00-05:00,6.224999904632568,6.255000114440918,6.21999979019165,6.244999885559082,28900,0.0,0.0
2022-12-21 12:30:00-05:00,6.239999771118164,6.255000114440918,6.215000152587891,6.215000152587891,46154,0.0,0.0
2022-12-21 13:30:00-05:00,6.215000152587891,6.255000114440918,6.190000057220459,6.244999885559082,60786,0.0,0.0
2022-12-21 14:30:00-05:00,6.239999771118164,6.309999942779541,6.239999771118164,6.295000076293945,46697,0.0,0.0
2022-12-21 15:30:00-05:00,6.289999961853027,6.320000171661377,6.28000020980835,6.320000171661377,94130,0.0,0.0
2022-12-22 09:30:00-05:00,6.21999979019165,6.235000133514404,6.114999771118164,6.130000114440918,54756,0.0,0.0
2022-12-22 10:30:00-05:00,6.119999885559082,6.144999980926514,6.105000019073486,6.125,20485,0.0,0.0
2022-12-22 11:30:00-05:00,6.114999771118164,6.150000095367432,6.09499979019165,6.150000095367432,43036,0.0,0.0
2022-12-22 12:30:00-05:00,6.15500020980835,6.170000076293945,6.130099773406982,6.164999961853027,39524,0.0,0.0
2022-12-22 13:30:00-05:00,6.164999961853027,6.170000076293945,6.130000114440918,6.144999980926514,67602,0.0,0.0
2022-12-22 14:30:00-05:00,6.144999980926514,6.159999847412109,6.114999771118164,6.130000114440918,70184,0.0,0.0
2022-12-22 15:30:00-05:00,6.135000228881836,6.139999866485596,6.085000038146973,6.139999866485596,127558,0.0,0.0
2022-12-23 09:30:00-05:00,6.150000095367432,6.21999979019165,6.130000114440918,6.215000152587891,57014,0.0,0.0
2022-12-23 10:30:00-05:00,6.21999979019165,6.284999847412109,6.21999979019165,6.284999847412109,36125,0.0,0.0
2022-12-23 11:30:00-05:00,6.289999961853027,6.389999866485596,6.289999961853027,6.380000114440918,29553,0.0,0.0
2022-12-23 12:30:00-05:00,6.380000114440918,6.429999828338623,6.380000114440918,6.400000095367432,29359,0.0,0.0
2022-12-23 13:30:00-05:00,6.400000095367432,6.420000076293945,6.380000114440918,6.381400108337402,36509,0.0,0.0
2022-12-23 14:30:00-05:00,6.385000228881836,6.420000076293945,6.385000228881836,6.40500020980835,49462,0.0,0.0
2022-12-23 15:30:00-05:00,6.40500020980835,6.449999809265137,6.380000114440918,6.449999809265137,117913,0.0,0.0
2022-12-27 09:30:00-05:00,6.409999847412109,6.505000114440918,6.389999866485596,6.505000114440918,54657,0.0,0.0
2022-12-27 10:30:00-05:00,6.489999771118164,6.550000190734863,6.46999979019165,6.534999847412109,45044,0.0,0.0
2022-12-27 11:30:00-05:00,6.534999847412109,6.568600177764893,6.519999980926514,6.519999980926514,29185,0.0,0.0
2022-12-27 12:30:00-05:00,6.519999980926514,6.534999847412109,6.480000019073486,6.485000133514404,48401,0.0,0.0
2022-12-27 13:30:00-05:00,6.480000019073486,6.5,6.429999828338623,6.429999828338623,55085,0.0,0.0
2022-12-27 14:30:00-05:00,6.429999828338623,6.449999809265137,6.389999866485596,6.40500020980835,53026,0.0,0.0
2022-12-27 15:30:00-05:00,6.400000095367432,6.420000076293945,6.389999866485596,6.389999866485596,111495,0.0,0.0
2022-12-28 09:30:00-05:00,6.420000076293945,6.550000190734863,6.34499979019165,6.34499979019165,52686,0.0,0.0
2022-12-28 10:30:00-05:00,6.332499980926514,6.360000133514404,6.295000076293945,6.324999809265137,32943,0.0,0.0
2022-12-28 11:30:00-05:00,6.324999809265137,6.349999904632568,6.300000190734863,6.329999923706055,25138,0.0,0.0
2022-12-28 12:30:00-05:00,6.329999923706055,6.385000228881836,6.324999809265137,6.349999904632568,31551,0.0,0.0
2022-12-28 13:30:00-05:00,6.349999904632568,6.360000133514404,6.335000038146973,6.340000152587891,28663,0.0,0.0
2022-12-28 14:30:00-05:00,6.340000152587891,6.355000019073486,6.315000057220459,6.324999809265137,38535,0.0,0.0
2022-12-28 15:30:00-05:00,6.324999809265137,6.389999866485596,6.322500228881836,6.382500171661377,95931,0.0,0.0
2022-12-29 09:30:00-05:00,6.400000095367432,6.610000133514404,6.380000114440918,6.585000038146973,86295,0.0,0.0
2022-12-29 10:30:00-05:00,6.579999923706055,6.599999904632568,6.551300048828125,6.59499979019165,17243,0.0,0.0
2022-12-29 11:30:00-05:00,6.599999904632568,6.610000133514404,6.570000171661377,6.574999809265137,19034,0.0,0.0
2022-12-29 12:30:00-05:00,6.570000171661377,6.605000019073486,6.565000057220459,6.585000038146973,43197,0.0,0.0
2022-12-29 13:30:00-05:00,6.579999923706055,6.599999904632568,6.489999771118164,6.545000076293945,168423,0.0,0.0
2022-12-29 14:30:00-05:00,6.545000076293945,6.574999809265137,6.542500019073486,6.565000057220459,66380,0.0,0.0
2022-12-29 15:30:00-05:00,6.565000057220459,6.590000152587891,6.559999942779541,6.590000152587891,96788,0.0,0.0
2022-12-30 09:30:00-05:00,6.570000171661377,6.775000095367432,6.570000171661377,6.732500076293945,144113,0.0,0.0
2022-12-30 10:30:00-05:00,6.739999771118164,6.758999824523926,6.732500076293945,6.739999771118164,38730,0.0,0.0
2022-12-30 11:30:00-05:00,6.744999885559082,6.764999866485596,6.730000019073486,6.744999885559082,93406,0.0,0.0
2022-12-30 12:30:00-05:00,6.744999885559082,6.755000114440918,6.695000171661377,6.704999923706055,31380,0.0,0.0
2022-12-30 13:30:00-05:00,6.704999923706055,6.75,6.704999923706055,6.744999885559082,33592,0.0,0.0
2022-12-30 14:30:00-05:00,6.75,6.75,6.71999979019165,6.744999885559082,67322,0.0,0.0
2022-12-30 15:30:00-05:00,6.749800205230713,6.769999980926514,6.730000019073486,6.744999885559082,186924,0.0,0.0
2023-01-03 09:30:00-05:00,6.789999961853027,6.820000171661377,6.670000076293945,6.760000228881836,77241,0.0,0.0
2023-01-03 10:30:00-05:00,6.760000228881836,6.760000228881836,6.650000095367432,6.684999942779541,51435,0.0,0.0
2023-01-03 11:30:00-05:00,6.684999942779541,6.695000171661377,6.650000095367432,6.679999828338623,88333,0.0,0.0
2023-01-03 12:30:00-05:00,6.679999828338623,6.690000057220459,6.570000171661377,6.599999904632568,134858,0.0,0.0
2023-01-03 13:30:00-05:00,6.597499847412109,6.599999904632568,6.494999885559082,6.5,80464,0.0,0.0
2023-01-03 14:30:00-05:00,6.5,6.505000114440918,6.460000038146973,6.460100173950195,88173,0.0,0.0
2023-01-03 15:30:00-05:00,6.46999979019165,6.559999942779541,6.46999979019165,6.53000020980835,135744,0.0,0.0
2023-01-04 09:30:00-05:00,6.639999866485596,6.651000022888184,6.514999866485596,6.590000152587891,65228,0.0,0.0
2023-01-04 10:30:00-05:00,6.590000152587891,6.71999979019165,6.590000152587891,6.704999923706055,37747,0.0,0.0
2023-01-04 11:30:00-05:00,6.710000038146973,6.760000228881836,6.704999923706055,6.75,51046,0.0,0.0
2023-01-04 12:30:00-05:00,6.739999771118164,6.800000190734863,6.730100154876709,6.795000076293945,42979,0.0,0.0
2023-01-04 13:30:00-05:00,6.795000076293945,6.809000015258789,6.755000114440918,6.760000228881836,76076,0.0,0.0
2023-01-04 14:30:00-05:00,6.769999980926514,6.849999904632568,6.769999980926514,6.815000057220459,50690,0.0,0.0
2023-01-04 15:30:00-05:00,6.815000057220459,6.815000057220459,6.78000020980835,6.789999961853027,76530,0.0,0.0
2023-01-05 09:30:00-05:00,6.75,6.800000190734863,6.610000133514404,6.789999961853027,31598,0.0,0.0
2023-01-05 10:30:00-05:00,6.789999961853027,6.824999809265137,6.760000228881836,6.764999866485596,25495,0.0,0.0
2023-01-05 11:30:00-05:00,6.764999866485596,6.78000020980835,6.670000076293945,6.670000076293945,47995,0.0,0.0
2023-01-05 12:30:00-05:00,6.670000076293945,6.695000171661377,6.630000114440918,6.659999847412109,102709,0.0,0.0
2023-01-05 13:30:00-05:00,6.675000190734863,6.730000019073486,6.675000190734863,6.71999979019165,35365,0.0,0.0
2023-01-05 14:30:00-05:00,6.71999979019165,6.739999771118164,6.684999942779541,6.684999942779541,35544,0.0,0.0
2023-01-05 15:30:00-05:00,6.684999942779541,6.710000038146973,6.659999847412109,6.690000057220459,85446,0.0,0.0
2023-01-06 09:30:00-05:00,6.75,6.860000133514404,6.715000152587891,6.849999904632568,28582,0.0,0.0
2023-01-06 10:30:00-05:00,6.860000133514404,6.934999942779541,6.849999904632568,6.885000228881836,35573,0.0,0.0
2023-01-06 11:30:00-05:00,6.880000114440918,6.90500020980835,6.855000019073486,6.880000114440918,27254,0.0,0.0
2023-01-06 12:30:00-05:00,6.880000114440918,6.90500020980835,6.864999771118164,6.889999866485596,101137,0.0,0.0
2023-01-06 13:30:00-05:00,6.889999866485596,6.914999961853027,6.880000114440918,6.909999847412109,39291,0.0,0.0
2023-01-06 14:30:00-05:00,6.909999847412109,6.909999847412109,6.875,6.875,86077,0.0,0.0
2023-01-06 15:30:00-05:00,6.879799842834473,6.894999980926514,6.710000038146973,6.724999904632568,181846,0.0,0.0
2023-01-09 09:30:00-05:00,6.800000190734863,6.900000095367432,6.610000133514404,6.849999904632568,214659,0.0,0.0
2023-01-09 10:30:00-05:00,6.84499979019165,6.864999771118164,6.815000057220459,6.835000038146973,89034,0.0,0.0
2023-01-09 11:30:00-05:00,6.835000038146973,6.855000019073486,6.784999847412109,6.84499979019165,53468,0.0,0.0
2023-01-09 12:30:00-05:00,6.84499979019165,6.849999904632568,6.800000190734863,6.800000190734863,42466,0.0,0.0
2023-01-09 13:30:00-05:00,6.804999828338623,6.829999923706055,6.784999847412109,6.824999809265137,55764,0.0,0.0
2023-01-09 14:30:00-05:00,6.824999809265137,6.829999923706055,6.78000020980835,6.78000020980835,88256,0.0,0.0
2023-01-09 15:30:00-05:00,6.784999847412109,6.789999961853027,6.75,6.760000228881836,144963,0.0,0.0
2023-01-10 09:30:00-05:00,6.75,7.034999847412109,6.739999771118164,6.940000057220459,0,0.0,0.0
2023-01-10 10:30:00-05:00,6.929999828338623,6.949999809265137,6.880000114440918,6.880000114440918,102667,0.0,0.0
2023-01-10 11:30:00-05:00,6.885000228881836,6.974999904632568,6.829999923706055,6.855000019073486,100815,0.0,0.0
2023-01-10 12:30:00-05:00,6.860000133514404,6.880000114440918,6.820000171661377,6.869999885559082,33861,0.0,0.0
2023-01-10 13:30:00-05:00,6.869999885559082,6.974999904632568,6.869999885559082,6.965000152587891,67007,0.0,0.0
2023-01-10 14:30:00-05:00,6.965000152587891,7.054999828338623,6.965000152587891,7.0,108033,0.0,0.0
2023-01-10 15:30:00-05:00,7.005000114440918,7.03000020980835,6.980000019073486,7.03000020980835,195928,0.0,0.0
2023-01-11 09:30:00-05:00,7.099999904632568,7.184999942779541,7.0,7.090000152587891,117314,0.0,0.0
2023-01-11 10:30:00-05:00,7.090000152587891,7.090000152587891,7.014999866485596,7.039400100708008,28725,0.0,0.0
2023-01-11 11:30:00-05:00,7.039999961853027,7.074999809265137,6.934999942779541,6.954999923706055,80706,0.0,0.0
2023-01-11 12:30:00-05:00,6.949999809265137,6.989999771118164,6.945000171661377,6.960000038146973,41492,0.0,0.0
2023-01-11 13:30:00-05:00,6.960000038146973,7.019999980926514,6.954999923706055,6.980000019073486,92196,0.0,0.0
2023-01-11 14:30:00-05:00,6.974999904632568,7.010000228881836,6.940000057220459,6.974999904632568,153907,0.0,0.0
2023-01-11 15:30:00-05:00,6.974999904632568,7.0,6.960000038146973,6.994999885559082,101668,0.0,0.0
2023-01-12 09:30:00-05:00,7.0,7.070000171661377,6.900000095367432,6.989999771118164,120472,0.0,0.0
2023-01-12 10:30:00-05:00,6.989999771118164,7.0,6.960000038146973,6.989999771118164,89588,0.0,0.0
2023-01-12 11:30:00-05:00,7.0,7.050000190734863,6.985000133514404,7.045000076293945,74266,0.0,0.0
2023-01-12 12:30:00-05:00,7.039999961853027,7.074999809265137,7.005000114440918,7.005000114440918,91999,0.0,0.0
2023-01-12 13:30:00-05:00,7.005000114440918,7.010000228881836,6.974999904632568,6.974999904632568,40118,0.0,0.0
2023-01-12 14:30:00-05:00,6.974999904632568,6.989999771118164,6.945000171661377,6.957499980926514,62051,0.0,0.0
2023-01-12 15:30:00-05:00,6.949999809265137,6.977499961853027,6.940000057220459,6.949999809265137,126034,0.0,0.0
2023-01-13 09:30:00-05:00,6.809999942779541,7.054999828338623,6.809999942779541,7.054999828338623,54545,0.0,0.0
2023-01-13 10:30:00-05:00,7.059999942779541,7.085000038146973,6.980000019073486,6.980000019073486,234894,0.0,0.0
2023-01-13 11:30:00-05:00,6.974999904632568,7.005000114440918,6.96999979019165,6.980000019073486,32689,0.0,0.0
2023-01-13 12:30:00-05:00,6.980000019073486,7.005000114440918,6.972499847412109,6.989999771118164,42497,0.0,0.0
2023-01-13 13:30:00-05:00,6.989999771118164,7.010000228881836,6.985000133514404,6.994999885559082,81929,0.0,0.0
2023-01-13 14:30:00-05:00,6.994999885559082,7.0,6.960000038146973,6.994999885559082,32455,0.0,0.0
2023-01-13 15:30:00-05:00,7.0,7.019999980926514,6.989999771118164,6.994999885559082,123937,0.0,0.0
2023-01-17 09:30:00-05:00,6.900000095367432,6.909999847412109,6.730000019073486,6.885000228881836,71475,0.0,0.0
2023-01-17 10:30:00-05:00,6.894999980926514,6.960000038146973,6.860000133514404,6.946199893951416,57045,0.0,0.0
2023-01-17 11:30:00-05:00,6.954999923706055,6.960000038146973,6.914999961853027,6.920000076293945,19277,0.0,0.0
2023-01-17 12:30:00-05:00,6.914999961853027,6.989999771118164,6.914999961853027,6.989999771118164,22567,0.0,0.0
2023-01-17 13:30:00-05:00,6.985000133514404,7.019999980926514,6.965000152587891,6.980000019073486,43931,0.0,0.0
2023-01-17 14:30:00-05:00,6.989999771118164,7.019999980926514,6.949999809265137,6.994999885559082,110548,0.0,0.0
2023-01-17 15:30:00-05:00,6.989999771118164,7.019999980926514,6.96999979019165,6.974999904632568,115986,0.0,0.0
2023-01-18 09:30:00-05:00,6.980000019073486,7.110000133514404,6.96999979019165,7.0,84479,0.0,0.0
2023-01-18 10:30:00-05:00,7.0,7.019999980926514,6.945000171661377,6.960000038146973,43349,0.0,0.0
2023-01-18 11:30:00-05:00,6.965000152587891,6.965000152587891,6.75,6.75,97072,0.0,0.0
2023-01-18 12:30:00-05:00,6.75,6.855000019073486,6.739999771118164,6.855000019073486,82237,0.0,0.0
2023-01-18 13:30:00-05:00,6.860000133514404,6.869999885559082,6.795000076293945,6.795000076293945,33365,0.0,0.0
2023-01-18 14:30:00-05:00,6.795000076293945,6.840000152587891,6.760000228881836,6.764999866485596,74053,0.0,0.0
2023-01-18 15:30:00-05:00,6.760000228881836,6.789999961853027,6.730000019073486,6.78000020980835,84511,0.0,0.0
2023-01-19 09:30:00-05:00,6.769999980926514,6.769999980926514,6.639999866485596,6.639999866485596,44323,0.0,0.0
2023-01-19 10:30:00-05:00,6.639999866485596,6.650000095367432,6.590000152587891,6.599999904632568,36560,0.0,0.0
2023-01-19 11:30:00-05:00,6.610000133514404,6.644999980926514,6.59499979019165,6.610000133514404,33080,0.0,0.0
2023-01-19 12:30:00-05:00,6.619999885559082,6.619999885559082,6.53000020980835,6.534999847412109,69921,0.0,0.0
2023-01-19 13:30:00-05:00,6.534999847412109,6.550000190734863,6.5,6.539999961853027,53260,0.0,0.0
2023-01-19 14:30:00-05:00,6.53000020980835,6.619999885559082,6.5,6.565000057220459,127698,0.0,0.0
2023-01-19 15:30:00-05:00,6.565000057220459,6.579999923706055,6.519999980926514,6.559999942779541,103988,0.0,0.0
2023-01-20 09:30:00-05:00,6.650000095367432,6.744999885559082,6.53000020980835,6.715000152587891,55607,0.0,0.0
2023-01-20 10:30:00-05:00,6.71999979019165,6.840000152587891,6.71999979019165,6.840000152587891,52315,0.0,0.0
2023-01-20 11:30:00-05:00,6.840000152587891,6.860000133514404,6.775000095367432,6.795000076293945,75244,0.0,0.0
2023-01-20 12:30:00-05:00,6.800000190734863,6.860000133514404,6.769999980926514,6.809999942779541,72247,0.0,0.0
2023-01-20 13:30:00-05:00,6.815000057220459,6.855000019073486,6.815000057220459,6.849999904632568,36510,0.0,0.0
2023-01-20 14:30:00-05:00,6.849999904632568,6.889999866485596,6.84499979019165,6.855000019073486,80706,0.0,0.0
2023-01-20 15:30:00-05:00,6.855000019073486,6.90500020980835,6.829999923706055,6.889999866485596,115501,0.0,0.0
2023-01-23 09:30:00-05:00,6.949999809265137,7.125,6.860000133514404,7.010000228881836,170126,0.0,0.0
2023-01-23 10:30:00-05:00,7.0,7.090000152587891,6.985000133514404,7.050000190734863,68979,0.0,0.0
2023-01-23 11:30:00-05:00,7.049099922180176,7.148799896240234,6.994999885559082,7.110000133514404,171023,0.0,0.0
2023-01-23 12:30:00-05:00,7.114999771118164,7.139999866485596,7.074999809265137,7.114999771118164,63348,0.0,0.0
2023-01-23 13:30:00-05:00,7.110000133514404,7.114999771118164,7.059999942779541,7.074999809265137,61579,0.0,0.0
2023-01-23 14:30:00-05:00,7.070099830627441,7.09499979019165,7.045000076293945,7.09499979019165,54118,0.0,0.0
2023-01-23 15:30:00-05:00,7.0970001220703125,7.164999961853027,7.079999923706055,7.139999866485596,122325,0.0,0.0
2023-01-24 09:30:00-05:00,7.110000133514404,7.170000076293945,7.070000171661377,7.099999904632568,39971,0.0,0.0
2023-01-24 10:30:00-05:00,7.099999904632568,7.2789998054504395,7.080699920654297,7.25,90178,0.0,0.0
2023-01-24 11:30:00-05:00,7.25,7.255000114440918,7.224999904632568,7.25,43944,0.0,0.0
2023-01-24 12:30:00-05:00,7.244999885559082,7.255000114440918,7.220099925994873,7.2505998611450195,36430,0.0,0.0
2023-01-24 13:30:00-05:00,7.25,7.256899833679199,7.21999979019165,7.244999885559082,45501,0.0,0.0
2023-01-24 14:30:00-05:00,7.244999885559082,7.244999885559082,7.190000057220459,7.202099800109863,71135,0.0,0.0
2023-01-24 15:30:00-05:00,7.210000038146973,7.224999904632568,7.190000057220459,7.190000057220459,91489,0.0,0.0
2023-01-25 09:30:00-05:00,7.190000057220459,7.190000057220459,7.010000228881836,7.105000019073486,21014,0.0,0.0
2023-01-25 10:30:00-05:00,7.117499828338623,7.150000095367432,7.090000152587891,7.110000133514404,43094,0.0,0.0
2023-01-25 11:30:00-05:00,7.110000133514404,7.244999885559082,7.110000133514404,7.190000057220459,35179,0.0,0.0
2023-01-25 12:30:00-05:00,7.190000057220459,7.260000228881836,7.190000057220459,7.260000228881836,41833,0.0,0.0
2023-01-25 13:30:00-05:00,7.260000228881836,7.400000095367432,7.260000228881836,7.389999866485596,51606,0.0,0.0
2023-01-25 14:30:00-05:00,7.389999866485596,7.409999847412109,7.289999961853027,7.289999961853027,68366,0.0,0.0
2023-01-25 15:30:00-05:00,7.295000076293945,7.369999885559082,7.292500019073486,7.349999904632568,80045,0.0,0.0
2023-01-26 09:30:00-05:00,7.380000114440918,7.539999961853027,7.269999980926514,7.320000171661377,130383,0.0,0.0
2023-01-26 10:30:00-05:00,7.309999942779541,7.329999923706055,7.244999885559082,7.329999923706055,71560,0.0,0.0
2023-01-26 11:30:00-05:00,7.340000152587891,7.440000057220459,7.340000152587891,7.429999828338623,26987,0.0,0.0
2023-01-26 12:30:00-05:00,7.429999828338623,7.454999923706055,7.409999847412109,7.440000057220459,21234,0.0,0.0
2023-01-26 13:30:00-05:00,7.440000057220459,7.494999885559082,7.440000057220459,7.474999904632568,58971,0.0,0.0
2023-01-26 14:30:00-05:00,7.480000019073486,7.5,7.465000152587891,7.485000133514404,38980,0.0,0.0
2023-01-26 15:30:00-05:00,7.485000133514404,7.5,7.409999847412109,7.434999942779541,86627,0.0,0.0
2023-01-27 09:30:00-05:00,7.449999809265137,7.494999885559082,7.420000076293945,7.480000019073486,44548,0.0,0.0
2023-01-27 10:30:00-05:00,7.484799861907959,7.5,7.449999809265137,7.489999771118164,39055,0.0,0.0
2023-01-27 11:30:00-05:00,7.489999771118164,7.53249979019165,7.480000019073486,7.480000019073486,231494,0.0,0.0
2023-01-27 12:30:00-05:00,7.489999771118164,7.5,7.289999961853027,7.335000038146973,124037,0.0,0.0
2023-01-27 13:30:00-05:00,7.329999923706055,7.440000057220459,7.329999923706055,7.409999847412109,59227,0.0,0.0
2023-01-27 14:30:00-05:00,7.409999847412109,7.414999961853027,7.300000190734863,7.34499979019165,67454,0.0,0.0
2023-01-27 15:30:00-05:00,7.349999904632568,7.394999980926514,7.329999923706055,7.360000133514404,89774,0.0,0.0
2023-01-30 09:30:00-05:00,7.300000190734863,7.309999942779541,7.139999866485596,7.25,67409,0.0,0.0
2023-01-30 10:30:00-05:00,7.25,7.295000076293945,7.195000171661377,7.283899784088135,33228,0.0,0.0
2023-01-30 11:30:00-05:00,7.300000190734863,7.300000190734863,7.21999979019165,7.224999904632568,28059,0.0,0.0
2023-01-30 12:30:00-05:00,7.224999904632568,7.25,7.210000038146973,7.25,22351,0.0,0.0
2023-01-30 13:30:00-05:00,7.239999771118164,7.239999771118164,7.199999809265137,7.204999923706055,32212,0.0,0.0
2023-01-30 14:30:00-05:00,7.204999923706055,7.235000133514404,7.164999961853027,7.164999961853027,39691,0.0,0.0
2023-01-30 15:30:00-05:00,7.164999961853027,7.164999961853027,7.099999904632568,7.119999885559082,93029,0.0,0.0
2023-01-31 09:30:00-05:00,7.110000133514404,7.269999980926514,7.099999904632568,7.21999979019165,39415,0.0,0.0
2023-01-31 10:30:00-05:00,7.21999979019165,7.289999961853027,7.215000152587891,7.289999961853027,29363,0.0,0.0
2023-01-31 11:30:00-05:00,7.300000190734863,7.309999942779541,7.215000152587891,7.215000152587891,25945,0.0,0.0
2023-01-31 12:30:00-05:00,7.210000038146973,7.224999904632568,7.179999828338623,7.224999904632568,25361,0.0,0.0
2023-01-31 13:30:00-05:00,7.224999904632568,7.230000019073486,7.179999828338623,7.215000152587891,102305,0.0,0.0
2023-01-31 14:30:00-05:00,7.215000152587891,7.21999979019165,7.150000095367432,7.184999942779541,124997,0.0,0.0
2023-01-31 15:30:00-05:00,7.184999942779541,7.1875,7.09499979019165,7.135000228881836,228756,0.0,0.0
2023-02-01 09:30:00-05:00,7.170000076293945,7.260000228881836,7.159999847412109,7.235000133514404,48225,0.0,0.0
2023-02-01 10:30:00-05:00,7.235000133514404,7.309999942779541,7.195000171661377,7.289999961853027,91203,0.0,0.0
2023-02-01 11:30:00-05:00,7.289999961853027,7.289999961853027,7.230000019073486,7.239999771118164,27937,0.0,0.0
2023-02-01 12:30:00-05:00,7.244999885559082,7.289999961853027,7.230000019073486,7.28000020980835,38204,0.0,0.0
2023-02-01 13:30:00-05:00,7.284999847412109,7.309999942779541,7.258699893951416,7.269999980926514,49654,0.0,0.0
2023-02-01 14:30:00-05:00,7.264999866485596,7.454999923706055,7.224999904632568,7.425000190734863,84506,0.0,0.0
2023-02-01 15:30:00-05:00,7.425000190734863,7.460000038146973,7.349999904632568,7.389999866485596,170300,0.0,0.0
2023-02-02 09:30:00-05:00,7.460000038146973,7.570000171661377,7.28000020980835,7.480000019073486,96231,0.0,0.0
2023-02-02 10:30:00-05:00,7.480000019073486,7.494999885559082,7.454999923706055,7.489999771118164,56146,0.0,0.0
2023-02-02 11:30:00-05:00,7.485000133514404,7.5,7.460000038146973,7.460000038146973,51751,0.0,0.0
2023-02-02 12:30:00-05:00,7.460000038146973,7.489999771118164,7.460000038146973,7.485000133514404,40725,0.0,0.0
2023-02-02 13:30:00-05:00,7.486999988555908,7.5,7.453000068664551,7.460000038146973,68569,0.0,0.0
2023-02-02 14:30:00-05:00,7.454999923706055,7.454999923706055,7.340000152587891,7.355000019073486,78872,0.0,0.0
2023-02-02 15:30:00-05:00,7.355000019073486,7.380000114440918,7.329999923706055,7.340000152587891,173023,0.0,0.0
2023-02-03 09:30:00-05:00,7.340000152587891,7.409999847412109,7.260000228881836,7.284999847412109,124206,0.0,0.0
2023-02-03 10:30:00-05:00,7.28000020980835,7.335000038146973,7.255000114440918,7.324999809265137,89750,0.0,0.0
2023-02-03 11:30:00-05:00,7.329999923706055,7.380000114440918,7.329999923706055,7.377500057220459,76323,0.0,0.0
2023-02-03 12:30:00-05:00,7.369999885559082,7.440000057220459,7.320000171661377,7.375,72979,0.0,0.0
2023-02-03 13:30:00-05:00,7.369999885559082,7.400000095367432,7.340000152587891,7.364999771118164,48780,0.0,0.0
2023-02-03 14:30:00-05:00,7.369999885559082,7.409999847412109,7.329999923706055,7.400000095367432,76619,0.0,0.0
2023-02-03 15:30:00-05:00,7.394999980926514,7.400000095367432,7.324999809265137,7.389999866485596,88945,0.0,0.0
2023-02-06 09:30:00-05:00,7.389999866485596,7.389999866485596,7.159999847412109,7.199999809265137,105559,0.0,0.0
2023-02-06 10:30:00-05:00,7.199999809265137,7.255000114440918,7.150000095367432,7.255000114440918,63888,0.0,0.0
2023-02-06 11:30:00-05:00,7.260000228881836,7.275000095367432,7.239999771118164,7.255000114440918,37960,0.0,0.0
2023-02-06 12:30:00-05:00,7.260000228881836,7.295000076293945,7.235000133514404,7.255000114440918,49535,0.0,0.0
2023-02-06 13:30:00-05:00,7.25,7.289999961853027,7.230000019073486,7.289999961853027,37649,0.0,0.0
2023-02-06 14:30:00-05:00,7.295000076293945,7.300000190734863,7.215000152587891,7.224999904632568,59324,0.0,0.0
2023-02-06 15:30:00-05:00,7.21999979019165,7.21999979019165,7.144999980926514,7.150000095367432,150446,0.0,0.0
2023-02-07 09:30:00-05:00,7.099999904632568,7.269999980926514,6.809999942779541,6.90500020980835,134902,0.0,0.0
2023-02-07 10:30:00-05:00,6.909999847412109,6.980000019073486,6.900000095367432,6.949999809265137,34615,0.0,0.0
2023-02-07 11:30:00-05:00,6.940000057220459,6.974999904632568,6.900000095367432,6.90500020980835,52497,0.0,0.0
2023-02-07 12:30:00-05:00,6.90500020980835,7.0,6.889999866485596,6.894999980926514,106708,0.0,0.0
2023-02-07 13:30:00-05:00,6.889999866485596,6.949999809265137,6.824999809265137,6.934999942779541,79882,0.0,0.0
2023-02-07 14:30:00-05:00,6.940000057220459,6.994999885559082,6.934999942779541,6.985000133514404,42777,0.0,0.0
2023-02-07 15:30:00-05:00,6.985000133514404,7.0,6.914999961853027,6.929999828338623,173648,0.0,0.0
2023-02-08 09:30:00-05:00,6.889999866485596,6.929999828338623,6.789999961853027,6.900000095367432,75963,0.0,0.0
2023-02-08 10:30:00-05:00,6.894999980926514,6.900000095367432,6.78000020980835,6.78000020980835,70051,0.0,0.0
2023-02-08 11:30:00-05:00,6.775000095367432,6.840000152587891,6.7418999671936035,6.804999828338623,69063,0.0,0.0
2023-02-08 12:30:00-05:00,6.809999942779541,6.84499979019165,6.789999961853027,6.789999961853027,49655,0.0,0.0
2023-02-08 13:30:00-05:00,6.789999961853027,6.820000171661377,6.75,6.767499923706055,64361,0.0,0.0
2023-02-08 14:30:00-05:00,6.764999866485596,6.789999961853027,6.739999771118164,6.760000228881836,113691,0.0,0.0
2023-02-08 15:30:00-05:00,6.760000228881836,6.78000020980835,6.730000019073486,6.769999980926514,222293,0.0,0.0
2023-02-09 09:30:00-05:00,6.900000095367432,7.025000095367432,6.895599842071533,6.949999809265137,57387,0.0,0.0
2023-02-09 10:30:00-05:00,6.954999923706055,6.965000152587891,6.875,6.885000228881836,28983,0.0,0.0
2023-02-09 11:30:00-05:00,6.885000228881836,6.900000095367432,6.855000019073486,6.875,26994,0.0,0.0
2023-02-09 12:30:00-05:00,6.875,6.875,6.804999828338623,6.815000057220459,42172,0.0,0.0
2023-02-09 13:30:00-05:00,6.815000057220459,6.824999809265137,6.764999866485596,6.769999980926514,67652,0.0,0.0
2023-02-09 14:30:00-05:00,6.775000095367432,6.804999828338623,6.760000228881836,6.775000095367432,53675,0.0,0.0
2023-02-09 15:30:00-05:00,6.775000095367432,6.78000020980835,6.730000019073486,6.739999771118164,83306,0.0,0.0
2023-02-10 09:30:00-05:00,6.710000038146973,6.715000152587891,6.644999980926514,6.675000190734863,85602,0.0,0.0
2023-02-10 10:30:00-05:00,6.675000190734863,6.678299903869629,6.579999923706055,6.667500019073486,73117,0.0,0.0
2023-02-10 11:30:00-05:00,6.664999961853027,6.677499771118164,6.590000152587891,6.599999904632568,44476,0.0,0.0
2023-02-10 12:30:00-05:00,6.605000019073486,6.684999942779541,6.605000019073486,6.675000190734863,62211,0.0,0.0
2023-02-10 13:30:00-05:00,6.675000190734863,6.675000190734863,6.599999904632568,6.610000133514404,52878,0.0,0.0
2023-02-10 14:30:00-05:00,6.599999904632568,6.690000057220459,6.590000152587891,6.690000057220459,78408,0.0,0.0
2023-02-10 15:30:00-05:00,6.679999828338623,6.699999809265137,6.659999847412109,6.695000171661377,70914,0.0,0.0
2023-02-13 09:30:00-05:00,6.699999809265137,6.699999809265137,6.409999847412109,6.670000076293945,87242,0.0,0.0
2023-02-13 10:30:00-05:00,6.670000076293945,6.75,6.670000076293945,6.735000133514404,103617,0.0,0.0
2023-02-13 11:30:00-05:00,6.739999771118164,6.764999866485596,6.71999979019165,6.75,50270,0.0,0.0
2023-02-13 12:30:00-05:00,6.755000114440918,6.755000114440918,6.724999904632568,6.744999885559082,24207,0.0,0.0
2023-02-13 13:30:00-05:00,6.744999885559082,6.760000228881836,6.71999979019165,6.724999904632568,19872,0.0,0.0
2023-02-13 14:30:00-05:00,6.724999904632568,6.769999980926514,6.724999904632568,6.75,56543,0.0,0.0
2023-02-13 15:30:00-05:00,6.755000114440918,6.769999980926514,6.739999771118164,6.755000114440918,97691,0.0,0.0
2023-02-14 09:30:00-05:00,6.730000019073486,6.764999866485596,6.625,6.710000038146973,33680,0.0,0.0
2023-02-14 10:30:00-05:00,6.699999809265137,6.699999809265137,6.554999828338623,6.559999942779541,77366,0.0,0.0
2023-02-14 11:30:00-05:00,6.559999942779541,6.599999904632568,6.539999961853027,6.599999904632568,38853,0.0,0.0
2023-02-14 12:30:00-05:00,6.59499979019165,6.625,6.550000190734863,6.619999885559082,35589,0.0,0.0
2023-02-14 13:30:00-05:00,6.619999885559082,6.679999828338623,6.605000019073486,6.644999980926514,65048,0.0,0.0
2023-02-14 14:30:00-05:00,6.644999980926514,6.644999980926514,6.565000057220459,6.579999923706055,56619,0.0,0.0
2023-02-14 15:30:00-05:00,6.574999809265137,6.619999885559082,6.565000057220459,6.610000133514404,101578,0.0,0.0
2023-02-15 09:30:00-05:00,6.559999942779541,6.590000152587891,6.46999979019165,6.534999847412109,59538,0.0,0.0
2023-02-15 10:30:00-05:00,6.539999961853027,6.559999942779541,6.5,6.559999942779541,28433,0.0,0.0
2023-02-15 11:30:00-05:00,6.559999942779541,6.579999923706055,6.519999980926514,6.53000020980835,36424,0.0,0.0
2023-02-15 12:30:00-05:00,6.525000095367432,6.565000057220459,6.525000095367432,6.53000020980835,18312,0.0,0.0
2023-02-15 13:30:00-05:00,6.534999847412109,6.570000171661377,6.53249979019165,6.565000057220459,26956,0.0,0.0
2023-02-15 14:30:00-05:00,6.565000057220459,6.585000038146973,6.545000076293945,6.574999809265137,35731,0.0,0.0
2023-02-15 15:30:00-05:00,6.579999923706055,6.579999923706055,6.539999961853027,6.539999961853027,78881,0.0,0.0
2023-02-16 09:30:00-05:00,6.46999979019165,6.489999771118164,6.355000019073486,6.474999904632568,62170,0.0,0.0
2023-02-16 10:30:00-05:00,6.470300197601318,6.5,6.465000152587891,6.489999771118164,69302,0.0,0.0
2023-02-16 11:30:00-05:00,6.489999771118164,6.494999885559082,6.46999979019165,6.474999904632568,50855,0.0,0.0
2023-02-16 12:30:00-05:00,6.474999904632568,6.519999980926514,6.409999847412109,6.434999942779541,109347,0.0,0.0
2023-02-16 13:30:00-05:00,6.434999942779541,6.449999809265137,6.400000095367432,6.404200077056885,70327,0.0,0.0
2023-02-16 14:30:00-05:00,6.40500020980835,6.429999828338623,6.34499979019165,6.34499979019165,91209,0.0,0.0
2023-02-16 15:30:00-05:00,6.340000152587891,6.34499979019165,6.28000020980835,6.304999828338623,164576,0.0,0.0
2023-02-17 09:30:00-05:00,6.340000152587891,6.369999885559082,6.239999771118164,6.309999942779541,105185,0.0,0.0
2023-02-17 10:30:00-05:00,6.309999942779541,6.380000114440918,6.284999847412109,6.34499979019165,69220,0.0,0.0
2023-02-17 11:30:00-05:00,6.34499979019165,6.349999904632568,6.260000228881836,6.264999866485596,51432,0.0,0.0
2023-02-17 12:30:00-05:00,6.264999866485596,6.269999980926514,6.204999923706055,6.21999979019165,93089,0.0,0.0
2023-02-17 13:30:00-05:00,6.210000038146973,6.215000152587891,6.175000190734863,6.208499908447266,64434,0.0,0.0
2023-02-17 14:30:00-05:00,6.204999923706055,6.21999979019165,6.179999828338623,6.184999942779541,53423,0.0,0.0
2023-02-17 15:30:00-05:00,6.184999942779541,6.230000019073486,6.139999866485596,6.230000019073486,211185,0.0,0.0
2023-02-21 09:30:00-05:00,6.199999809265137,6.199999809265137,6.019999980926514,6.03000020980835,66832,0.0,0.0
2023-02-21 10:30:00-05:00,6.025000095367432,6.045000076293945,5.920000076293945,5.925000190734863,95685,0.0,0.0
2023-02-21 11:30:00-05:00,5.9268999099731445,5.945000171661377,5.849999904632568,5.855000019073486,83023,0.0,0.0
2023-02-21 12:30:00-05:00,5.849999904632568,5.889900207519531,5.800000190734863,5.860000133514404,107817,0.0,0.0
2023-02-21 13:30:00-05:00,5.849999904632568,5.869999885559082,5.804999828338623,5.820000171661377,72993,0.0,0.0
2023-02-21 14:30:00-05:00,5.820000171661377,5.849999904632568,5.800000190734863,5.824999809265137,96784,0.0,0.0
2023-02-21 15:30:00-05:00,5.824999809265137,5.829999923706055,5.789999961853027,5.809999942779541,131810,0.0,0.0
2023-02-22 09:30:00-05:00,5.820000171661377,5.889999866485596,5.75,5.885000228881836,91684,0.0,0.0
2023-02-22 10:30:00-05:00,5.880000114440918,5.985000133514404,5.849999904632568,5.940000057220459,219014,0.0,0.0
2023-02-22 11:30:00-05:00,5.934999942779541,5.965000152587891,5.909999847412109,5.945000171661377,78015,0.0,0.0
2023-02-22 12:30:00-05:00,5.945000171661377,5.980000019073486,5.900000095367432,5.925000190734863,69554,0.0,0.0
2023-02-22 13:30:00-05:00,5.929999828338623,5.929999828338623,5.849999904632568,5.875,71814,0.0,0.0
2023-02-22 14:30:00-05:00,5.869999885559082,5.949999809265137,5.84499979019165,5.945000171661377,98780,0.0,0.0
2023-02-22 15:30:00-05:00,5.949999809265137,5.960000038146973,5.925000190734863,5.960000038146973,170260,0.0,0.0
2023-02-23 09:30:00-05:00,5.96999979019165,6.054999828338623,5.920000076293945,5.994999885559082,178334,0.0,0.0
2023-02-23 10:30:00-05:00,5.989999771118164,6.010000228881836,5.909999847412109,5.965000152587891,127767,0.0,0.0
2023-02-23 11:30:00-05:00,5.965000152587891,5.965000152587891,5.90500020980835,5.925000190734863,50425,0.0,0.0
2023-02-23 12:30:00-05:00,5.925000190734863,5.960000038146973,5.925000190734863,5.954999923706055,72284,0.0,0.0
2023-02-23 13:30:00-05:00,5.954999923706055,6.014999866485596,5.949999809265137,6.005000114440918,48595,0.0,0.0
2023-02-23 14:30:00-05:00,6.0,6.050000190734863,5.994999885559082,6.045000076293945,92085,0.0,0.0
2023-02-23 15:30:00-05:00,6.045000076293945,6.045000076293945,6.010000228881836,6.039999961853027,114397,0.0,0.0
2023-02-24 09:30:00-05:00,5.949999809265137,5.96999979019165,5.885000228881836,5.909999847412109,46073,0.0,0.0
2023-02-24 10:30:00-05:00,5.909999847412109,5.954999923706055,5.900000095367432,5.945000171661377,24336,0.0,0.0
2023-02-24 11:30:00-05:00,5.945000171661377,5.960000038146973,5.90500020980835,5.960000038146973,58424,0.0,0.0
2023-02-24 12:30:00-05:00,5.960000038146973,5.960000038146973,5.909999847412109,5.914999961853027,21775,0.0,0.0
2023-02-24 13:30:00-05:00,5.914999961853027,5.960000038146973,5.897500038146973,5.945000171661377,53196,0.0,0.0
2023-02-24 14:30:00-05:00,5.945000171661377,5.945000171661377,5.90500020980835,5.925000190734863,53635,0.0,0.0
2023-02-24 15:30:00-05:00,5.920000076293945,5.920000076293945,5.889999866485596,5.900000095367432,83258,0.0,0.0
2023-02-27 09:30:00-05:00,5.920000076293945,5.960599899291992,5.909999847412109,5.945000171661377,49909,0.0,0.0
2023-02-27 10:30:00-05:00,5.940000057220459,5.980000019073486,5.911399841308594,5.949999809265137,34544,0.0,0.0
2023-02-27 11:30:00-05:00,5.954999923706055,5.954999923706055,5.940000057220459,5.945000171661377,13105,0.0,0.0
2023-02-27 12:30:00-05:00,5.945000171661377,5.960000038146973,5.920000076293945,5.929999828338623,20960,0.0,0.0
2023-02-27 13:30:00-05:00,5.929999828338623,5.940000057220459,5.920000076293945,5.929999828338623,29129,0.0,0.0
2023-02-27 14:30:00-05:00,5.929999828338623,5.940000057220459,5.914999961853027,5.934999942779541,31762,0.0,0.0
2023-02-27 15:30:00-05:00,5.929999828338623,5.929999828338623,5.894999980926514,5.900000095367432,73976,0.0,0.0
2023-02-28 09:30:00-05:00,5.909999847412109,6.019999980926514,5.909999847412109,5.994999885559082,44574,0.0,0.0
2023-02-28 10:30:00-05:00,6.0,6.025000095367432,5.96999979019165,6.025000095367432,39575,0.0,0.0
2023-02-28 11:30:00-05:00,6.025000095367432,6.026700019836426,6.0,6.019999980926514,14513,0.0,0.0
2023-02-28 12:30:00-05:00,6.019999980926514,6.025000095367432,6.002500057220459,6.010000228881836,21995,0.0,0.0
2023-02-28 13:30:00-05:00,6.010000228881836,6.03000020980835,6.002500057220459,6.019999980926514,18213,0.0,0.0
2023-02-28 14:30:00-05:00,6.014999866485596,6.019999980926514,5.989999771118164,6.010000228881836,53373,0.0,0.0
2023-02-28 15:30:00-05:00,6.002500057220459,6.010000228881836,5.96999979019165,5.989999771118164,104367,0.0,0.0
2023-03-01 09:30:00-05:00,5.940000057220459,6.014999866485596,5.920000076293945,6.0,29576,0.0,0.0
2023-03-01 10:30:00-05:00,6.0,6.034999847412109,5.96999979019165,5.974999904632568,31936,0.0,0.0
2023-03-01 11:30:00-05:00,5.974999904632568,6.034999847412109,5.974999904632568,6.034999847412109,14640,0.0,0.0
2023-03-01 12:30:00-05:00,6.034999847412109,6.079999923706055,6.03000020980835,6.059999942779541,92431,0.0,0.0
2023-03-01 13:30:00-05:00,6.054999828338623,6.059999942779541,6.005000114440918,6.01140022277832,44389,0.0,0.0
2023-03-01 14:30:00-05:00,6.014999866485596,6.039999961853027,6.010000228881836,6.025000095367432,32958,0.0,0.0
2023-03-01 15:30:00-05:00,6.025000095367432,6.03000020980835,5.989999771118164,5.994999885559082,60798,0.0,0.0
2023-03-02 09:30:00-05:00,5.949999809265137,6.150000095367432,5.949999809265137,6.148499965667725,60910,0.0,0.0
2023-03-02 10:30:00-05:00,6.144999980926514,6.170000076293945,6.125,6.125,31521,0.0,0.0
2023-03-02 11:30:00-05:00,6.125999927520752,6.125999927520752,6.059999942779541,6.062699794769287,40829,0.0,0.0
2023-03-02 12:30:00-05:00,6.059999942779541,6.065000057220459,6.025000095367432,6.054999828338623,38996,0.0,0.0
2023-03-02 13:30:00-05:00,6.0543999671936035,6.09499979019165,6.050000190734863,6.078800201416016,22721,0.0,0.0
2023-03-02 14:30:00-05:00,6.074999809265137,6.079999923706055,6.034999847412109,6.054999828338623,35693,0.0,0.0
2023-03-02 15:30:00-05:00,6.054999828338623,6.079999923706055,6.03000020980835,6.059999942779541,147270,0.0,0.0
2023-03-03 09:30:00-05:00,6.090000152587891,6.1305999755859375,6.050000190734863,6.130000114440918,27740,0.0,0.0
2023-03-03 10:30:00-05:00,6.129899978637695,6.170000076293945,6.119999885559082,6.15500020980835,29612,0.0,0.0
2023-03-03 11:30:00-05:00,6.152500152587891,6.210000038146973,6.152500152587891,6.195000171661377,25872,0.0,0.0
2023-03-03 12:30:00-05:00,6.190000057220459,6.210000038146973,6.159999847412109,6.164999961853027,56614,0.0,0.0
2023-03-03 13:30:00-05:00,6.159999847412109,6.170000076293945,6.150000095367432,6.150000095367432,14070,0.0,0.0
2023-03-03 14:30:00-05:00,6.15500020980835,6.190000057220459,6.139999866485596,6.175000190734863,36925,0.0,0.0
2023-03-03 15:30:00-05:00,6.175000190734863,6.21999979019165,6.159999847412109,6.190000057220459,88713,0.0,0.0
2023-03-06 09:30:00-05:00,6.210000038146973,6.269999980926514,6.099999904632568,6.099999904632568,55768,0.0,0.0
2023-03-06 10:30:00-05:00,6.099999904632568,6.119999885559082,6.079999923706055,6.099999904632568,74962,0.0,0.0
2023-03-06 11:30:00-05:00,6.105000019073486,6.110000133514404,6.050000190734863,6.059999942779541,50322,0.0,0.0
2023-03-06 12:30:00-05:00,6.050000190734863,6.070000171661377,5.945000171661377,5.95989990234375,83987,0.0,0.0
2023-03-06 13:30:00-05:00,5.949999809265137,5.949999809265137,5.864999771118164,5.869999885559082,80895,0.0,0.0
2023-03-06 14:30:00-05:00,5.869999885559082,5.880000114440918,5.820000171661377,5.824999809265137,99862,0.0,0.0
2023-03-06 15:30:00-05:00,5.820000171661377,5.864999771118164,5.809999942779541,5.849999904632568,212239,0.0,0.0
2023-03-07 09:30:00-05:00,5.840000152587891,5.940000057220459,5.840000152587891,5.860000133514404,46080,0.0,0.0
2023-03-07 10:30:00-05:00,5.855000019073486,5.889999866485596,5.843299865722656,5.843299865722656,87384,0.0,0.0
2023-03-07 11:30:00-05:00,5.849999904632568,5.900000095367432,5.840000152587891,5.889999866485596,47604,0.0,0.0
2023-03-07 12:30:00-05:00,5.885000228881836,5.889999866485596,5.84499979019165,5.849999904632568,27225,0.0,0.0
2023-03-07 13:30:00-05:00,5.855000019073486,5.855000019073486,5.835000038146973,5.840000152587891,54669,0.0,0.0
2023-03-07 14:30:00-05:00,5.84499979019165,5.860000133514404,5.829999923706055,5.855000019073486,65463,0.0,0.0
2023-03-07 15:30:00-05:00,5.855000019073486,5.900000095367432,5.840000152587891,5.875,124610,0.0,0.0
2023-03-08 09:30:00-05:00,5.889999866485596,6.039999961853027,5.889999866485596,6.034999847412109,97360,0.0,0.0
2023-03-08 10:30:00-05:00,6.03000020980835,6.139999866485596,6.03000020980835,6.125,64661,0.0,0.0
2023-03-08 11:30:00-05:00,6.119999885559082,6.119999885559082,6.054999828338623,6.054999828338623,32478,0.0,0.0
2023-03-08 12:30:00-05:00,6.054999828338623,6.065000057220459,6.030700206756592,6.065000057220459,36326,0.0,0.0
2023-03-08 13:30:00-05:00,6.070000171661377,6.074999809265137,6.039999961853027,6.059999942779541,27532,0.0,0.0
2023-03-08 14:30:00-05:00,6.059999942779541,6.079999923706055,6.025000095367432,6.045000076293945,46292,0.0,0.0
2023-03-08 15:30:00-05:00,6.045000076293945,6.054999828338623,6.019999980926514,6.034999847412109,105903,0.0,0.0
2023-03-09 09:30:00-05:00,6.0,6.260000228881836,5.989999771118164,6.224999904632568,119426,0.0,0.0
2023-03-09 10:30:00-05:00,6.222499847412109,6.25,6.184999942779541,6.184999942779541,44201,0.0,0.0
2023-03-09 11:30:00-05:00,6.184999942779541,6.230000019073486,6.164999961853027,6.195000171661377,52865,0.0,0.0
2023-03-09 12:30:00-05:00,6.195000171661377,6.25,6.184999942779541,6.235000133514404,59502,0.0,0.0
2023-03-09 13:30:00-05:00,6.2399001121521,6.25,6.175000190734863,6.195000171661377,63563,0.0,0.0
2023-03-09 14:30:00-05:00,6.190000057220459,6.199999809265137,6.114999771118164,6.15500020980835,56955,0.0,0.0
2023-03-09 15:30:00-05:00,6.15500020980835,6.164999961853027,6.110000133514404,6.139999866485596,151166,0.0,0.0
2023-03-10 09:30:00-05:00,6.130000114440918,6.130000114440918,5.96999979019165,5.96999979019165,55804,0.0,0.0
2023-03-10 10:30:00-05:00,5.979899883270264,6.119999885559082,5.979899883270264,6.119999885559082,79060,0.0,0.0
2023-03-10 11:30:00-05:00,6.125,6.130000114440918,6.025000095367432,6.025000095367432,145076,0.0,0.0
2023-03-10 12:30:00-05:00,6.03000020980835,6.059999942779541,6.005000114440918,6.019999980926514,80353,0.0,0.0
2023-03-10 13:30:00-05:00,6.014999866485596,6.054999828338623,6.005000114440918,6.019999980926514,72654,0.0,0.0
2023-03-10 14:30:00-05:00,6.019999980926514,6.054999828338623,6.010000228881836,6.025000095367432,81310,0.0,0.0
2023-03-10 15:30:00-05:00,6.019999980926514,6.03000020980835,6.0,6.0,155399,0.0,0.0
2023-03-13 09:30:00-04:00,5.889999866485596,5.889999866485596,5.6280999183654785,5.650000095367432,133420,0.0,0.0
2023-03-13 10:30:00-04:00,5.650000095367432,5.670000076293945,5.545000076293945,5.599999904632568,168837,0.0,0.0
2023-03-13 11:30:00-04:00,5.599999904632568,5.639999866485596,5.550000190734863,5.550000190734863,71892,0.0,0.0
2023-03-13 12:30:00-04:00,5.554999828338623,5.554999828338623,5.421199798583984,5.480000019073486,143942,0.0,0.0
2023-03-13 13:30:00-04:00,5.489999771118164,5.800000190734863,5.489999771118164,5.775000095367432,180608,0.0,0.0
2023-03-13 14:30:00-04:00,5.78000020980835,5.789999961853027,5.644999980926514,5.650000095367432,223435,0.0,0.0
2023-03-13 15:30:00-04:00,5.65500020980835,5.7291998863220215,5.65500020980835,5.659999847412109,187031,0.0,0.0
2023-03-14 09:30:00-04:00,5.760000228881836,5.940000057220459,5.760000228881836,5.930600166320801,118191,0.0,0.0
2023-03-14 10:30:00-04:00,5.920000076293945,5.965000152587891,5.914999961853027,5.945000171661377,60717,0.0,0.0
2023-03-14 11:30:00-04:00,5.949999809265137,5.954999923706055,5.894999980926514,5.90500020980835,47600,0.0,0.0
2023-03-14 12:30:00-04:00,5.90500020980835,5.925000190734863,5.855000019073486,5.864999771118164,112969,0.0,0.0
2023-03-14 13:30:00-04:00,5.860000133514404,5.869999885559082,5.835000038146973,5.864999771118164,169214,0.0,0.0
2023-03-14 14:30:00-04:00,5.864999771118164,5.920000076293945,5.840000152587891,5.84499979019165,148765,0.0,0.0
2023-03-14 15:30:00-04:00,5.84499979019165,5.920000076293945,5.840000152587891,5.920000076293945,325458,0.0,0.0
2023-03-15 09:30:00-04:00,5.769999980926514,5.840000152587891,5.71999979019165,5.735000133514404,125817,0.0,0.0
2023-03-15 10:30:00-04:00,5.730000019073486,5.809999942779541,5.695000171661377,5.789999961853027,132027,0.0,0.0
2023-03-15 11:30:00-04:00,5.800000190734863,5.835000038146973,5.704999923706055,5.71999979019165,71779,0.0,0.0
2023-03-15 12:30:00-04:00,5.71999979019165,5.747499942779541,5.690000057220459,5.730000019073486,145314,0.0,0.0
2023-03-15 13:30:00-04:00,5.735000133514404,5.809999942779541,5.699999809265137,5.809999942779541,95005,0.0,0.0
2023-03-15 14:30:00-04:00,5.809999942779541,5.835000038146973,5.739999771118164,5.764999866485596,132261,0.0,0.0
2023-03-15 15:30:00-04:00,5.760000228881836,5.784999847412109,5.715000152587891,5.730000019073486,216865,0.0,0.0
2023-03-16 09:30:00-04:00,6.099999904632568,6.320000171661377,6.039999961853027,6.050000190734863,568114,0.0,0.0
2023-03-16 10:30:00-04:00,6.050000190734863,6.130000114440918,6.0,6.130000114440918,119772,0.0,0.0
2023-03-16 11:30:00-04:00,6.114999771118164,6.159999847412109,6.090000152587891,6.150000095367432,137124,0.0,0.0
2023-03-16 12:30:00-04:00,6.150000095367432,6.21999979019165,6.139999866485596,6.210000038146973,109728,0.0,0.0
2023-03-16 13:30:00-04:00,6.210000038146973,6.260000228881836,6.175000190734863,6.239999771118164,103714,0.0,0.0
2023-03-16 14:30:00-04:00,6.230000019073486,6.260000228881836,6.199999809265137,6.204999923706055,159931,0.0,0.0
2023-03-16 15:30:00-04:00,6.199999809265137,6.215000152587891,6.139999866485596,6.150000095367432,423748,0.0,0.0
2023-03-17 09:30:00-04:00,6.079999923706055,6.079999923706055,5.679999828338623,5.755000114440918,460581,0.0,0.0
2023-03-17 10:30:00-04:00,5.760000228881836,5.784999847412109,5.644999980926514,5.664999961853027,182642,0.0,0.0
2023-03-17 11:30:00-04:00,5.65500020980835,5.679999828338623,5.480000019073486,5.559999942779541,111700,0.0,0.0
2023-03-17 12:30:00-04:00,5.559999942779541,5.574999809265137,5.244999885559082,5.255000114440918,220374,0.0,0.0
2023-03-17 13:30:00-04:00,5.255000114440918,5.329999923706055,5.054999828338623,5.300000190734863,418953,0.0,0.0
2023-03-17 14:30:00-04:00,5.300000190734863,5.309999942779541,5.199999809265137,5.264999866485596,347282,0.0,0.0
2023-03-17 15:30:00-04:00,5.264999866485596,5.46999979019165,5.260000228881836,5.429999828338623,643217,0.0,0.0
2023-03-20 09:30:00-04:00,5.050000190734863,5.329999923706055,5.050000190734863,5.275000095367432,242589,0.0,0.0
2023-03-20 10:30:00-04:00,5.269999980926514,5.385000228881836,5.239999771118164,5.380000114440918,110092,0.0,0.0
2023-03-20 11:30:00-04:00,5.375,5.400000095367432,5.315000057220459,5.355000019073486,56782,0.0,0.0
2023-03-20 12:30:00-04:00,5.3572998046875,5.364999771118164,5.300000190734863,5.337500095367432,55167,0.0,0.0
2023-03-20 13:30:00-04:00,5.335000038146973,5.340000152587891,5.159999847412109,5.195000171661377,121857,0.0,0.0
2023-03-20 14:30:00-04:00,5.190000057220459,5.230000019073486,5.135000228881836,5.204999923706055,173950,0.0,0.0
2023-03-20 15:30:00-04:00,5.199999809265137,5.21999979019165,5.079999923706055,5.210000038146973,397958,0.0,0.0
2023-03-21 09:30:00-04:00,5.28000020980835,5.400000095367432,5.25,5.300000190734863,104354,0.0,0.0
2023-03-21 10:30:00-04:00,5.304999828338623,5.307499885559082,5.215000152587891,5.29010009765625,91274,0.0,0.0
2023-03-21 11:30:00-04:00,5.297500133514404,5.297500133514404,5.21999979019165,5.239999771118164,46605,0.0,0.0
2023-03-21 12:30:00-04:00,5.244999885559082,5.284999847412109,5.239999771118164,5.244999885559082,64985,0.0,0.0
2023-03-21 13:30:00-04:00,5.247499942779541,5.25,5.184999942779541,5.204999923706055,80132,0.0,0.0
2023-03-21 14:30:00-04:00,5.204999923706055,5.210000038146973,5.170000076293945,5.184999942779541,66224,0.0,0.0
2023-03-21 15:30:00-04:00,5.190000057220459,5.190000057220459,5.159999847412109,5.170000076293945,176617,0.0,0.0
2023-03-22 09:30:00-04:00,5.159999847412109,5.235499858856201,5.079999923706055,5.195000171661377,78187,0.0,0.0
2023-03-22 10:30:00-04:00,5.199999809265137,5.21999979019165,5.179999828338623,5.215000152587891,54531,0.0,0.0
2023-03-22 11:30:00-04:00,5.21150016784668,5.21999979019165,5.15500020980835,5.164999961853027,47069,0.0,0.0
2023-03-22 12:30:00-04:00,5.164999961853027,5.184999942779541,5.159999847412109,5.179999828338623,48047,0.0,0.0
2023-03-22 13:30:00-04:00,5.184999942779541,5.21999979019165,5.164999961853027,5.204999923706055,78158,0.0,0.0
2023-03-22 14:30:00-04:00,5.210000038146973,5.224999904632568,5.150000095367432,5.210000038146973,138510,0.0,0.0
2023-03-22 15:30:00-04:00,5.210000038146973,5.215000152587891,5.110000133514404,5.119999885559082,192889,0.0,0.0
2023-03-23 09:30:00-04:00,5.159999847412109,5.210000038146973,5.090000152587891,5.170000076293945,82310,0.0,0.0
2023-03-23 10:30:00-04:00,5.175000190734863,5.260000228881836,5.159999847412109,5.235000133514404,57758,0.0,0.0
2023-03-23 11:30:00-04:00,5.235000133514404,5.25,5.179999828338623,5.204999923706055,42833,0.0,0.0
2023-03-23 12:30:00-04:00,5.210000038146973,5.269999980926514,5.195000171661377,5.260000228881836,85020,0.0,0.0
2023-03-23 13:30:00-04:00,5.260000228881836,5.28000020980835,5.199999809265137,5.215000152587891,96040,0.0,0.0
2023-03-23 14:30:00-04:00,5.215000152587891,5.224999904632568,5.150000095367432,5.168600082397461,285357,0.0,0.0
2023-03-23 15:30:00-04:00,5.159999847412109,5.204999923706055,5.130000114440918,5.170000076293945,180069,0.0,0.0
2023-03-24 09:30:00-04:00,5.159999847412109,5.159999847412109,5.0,5.034999847412109,69559,0.0,0.0
2023-03-24 10:30:00-04:00,5.034999847412109,5.034999847412109,4.960999965667725,5.025000095367432,72676,0.0,0.0
2023-03-24 11:30:00-04:00,5.025000095367432,5.050000190734863,4.989999771118164,5.034999847412109,99263,0.0,0.0
2023-03-24 12:30:00-04:00,5.034999847412109,5.105000019073486,5.034999847412109,5.085000038146973,54717,0.0,0.0
2023-03-24 13:30:00-04:00,5.085000038146973,5.085000038146973,5.059999942779541,5.074999809265137,31962,0.0,0.0
2023-03-24 14:30:00-04:00,5.074999809265137,5.130000114440918,5.070000171661377,5.125,107263,0.0,0.0
2023-03-24 15:30:00-04:00,5.125,5.125,5.074999809265137,5.114999771118164,125998,0.0,0.0
2023-03-27 09:30:00-04:00,5.099999904632568,5.139999866485596,5.0,5.059999942779541,62788,0.0,0.0
2023-03-27 10:30:00-04:00,5.050000190734863,5.070000171661377,5.005000114440918,5.039999961853027,93338,0.0,0.0
2023-03-27 11:30:00-04:00,5.050000190734863,5.065000057220459,5.03000020980835,5.045000076293945,80124,0.0,0.0
2023-03-27 12:30:00-04:00,5.045000076293945,5.050000190734863,5.019999980926514,5.034999847412109,54161,0.0,0.0
2023-03-27 13:30:00-04:00,5.039999961853027,5.079999923706055,5.034999847412109,5.059999942779541,63714,0.0,0.0
2023-03-27 14:30:00-04:00,5.059999942779541,5.070000171661377,5.025000095367432,5.034999847412109,77481,0.0,0.0
2023-03-27 15:30:00-04:00,5.03000020980835,5.050000190734863,5.019999980926514,5.03000020980835,125237,0.0,0.0
2023-03-28 09:30:00-04:00,5.039999961853027,5.21999979019165,5.039999961853027,5.204999923706055,64408,0.0,0.0
2023-03-28 10:30:00-04:00,5.204999923706055,5.260000228881836,5.170000076293945,5.244999885559082,72443,0.0,0.0
2023-03-28 11:30:00-04:00,5.239999771118164,5.275000095367432,5.170000076293945,5.170000076293945,58103,0.0,0.0
2023-03-28 12:30:00-04:00,5.175000190734863,5.190000057220459,5.139999866485596,5.164999961853027,50211,0.0,0.0
2023-03-28 13:30:00-04:00,5.159999847412109,5.197500228881836,5.144999980926514,5.184999942779541,51767,0.0,0.0
2023-03-28 14:30:00-04:00,5.184999942779541,5.269999980926514,5.175000190734863,5.224999904632568,98462,0.0,0.0
2023-03-28 15:30:00-04:00,5.21999979019165,5.21999979019165,5.179999828338623,5.179999828338623,115758,0.0,0.0
2023-03-29 09:30:00-04:00,5.210000038146973,5.25,5.159999847412109,5.175000190734863,55144,0.0,0.0
2023-03-29 10:30:00-04:00,5.179999828338623,5.25,5.170000076293945,5.235000133514404,123798,0.0,0.0
2023-03-29 11:30:00-04:00,5.235000133514404,5.239999771118164,5.210000038146973,5.235000133514404,27742,0.0,0.0
2023-03-29 12:30:00-04:00,5.235000133514404,5.260000228881836,5.195000171661377,5.195000171661377,48051,0.0,0.0
2023-03-29 13:30:00-04:00,5.195000171661377,5.230000019073486,5.170000076293945,5.230000019073486,67368,0.0,0.0
2023-03-29 14:30:00-04:00,5.230000019073486,5.269999980926514,5.224999904632568,5.264999866485596,88341,0.0,0.0
2023-03-29 15:30:00-04:00,5.264999866485596,5.300000190734863,5.25,5.289999961853027,167324,0.0,0.0
2023-03-30 09:30:00-04:00,5.329999923706055,5.389999866485596,5.324999809265137,5.389999866485596,66378,0.0,0.0
2023-03-30 10:30:00-04:00,5.409999847412109,5.429999828338623,5.355000019073486,5.375,55940,0.0,0.0
2023-03-30 11:30:00-04:00,5.375,5.375,5.340000152587891,5.340000152587891,29056,0.0,0.0
2023-03-30 12:30:00-04:00,5.340000152587891,5.360000133514404,5.309999942779541,5.320000171661377,51174,0.0,0.0
2023-03-30 13:30:00-04:00,5.324999809265137,5.349999904632568,5.309999942779541,5.34499979019165,34399,0.0,0.0
2023-03-30 14:30:00-04:00,5.340000152587891,5.347499847412109,5.300000190734863,5.300000190734863,72190,0.0,0.0
2023-03-30 15:30:00-04:00,5.304999828338623,5.34250020980835,5.300000190734863,5.335000038146973,118798,0.0,0.0
2023-03-31 09:30:00-04:00,5.369999885559082,5.409999847412109,5.360000133514404,5.389999866485596,85387,0.0,0.0
2023-03-31 10:30:00-04:00,5.385000228881836,5.429999828338623,5.369999885559082,5.425000190734863,65406,0.0,0.0
2023-03-31 11:30:00-04:00,5.425000190734863,5.46999979019165,5.414999961853027,5.454999923706055,54557,0.0,0.0
2023-03-31 12:30:00-04:00,5.454999923706055,5.480000019073486,5.420000076293945,5.465000152587891,51244,0.0,0.0
2023-03-31 13:30:00-04:00,5.465000152587891,5.514999866485596,5.454999923706055,5.494999885559082,62850,0.0,0.0
2023-03-31 14:30:00-04:00,5.494999885559082,5.53000020980835,5.485000133514404,5.53000020980835,107944,0.0,0.0
2023-03-31 15:30:00-04:00,5.53000020980835,5.539999961853027,5.440000057220459,5.53000020980835,395874,0.0,0.0
2023-04-03 09:30:00-04:00,5.610000133514404,5.679999828338623,5.59499979019165,5.644999980926514,86870,0.0,0.0
2023-04-03 10:30:00-04:00,5.650000095367432,5.65500020980835,5.545000076293945,5.590000152587891,63333,0.0,0.0
2023-04-03 11:30:00-04:00,5.590000152587891,5.619999885559082,5.585000038146973,5.599999904632568,26881,0.0,0.0
2023-04-03 12:30:00-04:00,5.59499979019165,5.605000019073486,5.570000171661377,5.579999923706055,37484,0.0,0.0
2023-04-03 13:30:00-04:00,5.579999923706055,5.599999904632568,5.579999923706055,5.599999904632568,21593,0.0,0.0
2023-04-03 14:30:00-04:00,5.599999904632568,5.659999847412109,5.59499979019165,5.659999847412109,33874,0.0,0.0
2023-04-03 15:30:00-04:00,5.659999847412109,5.704999923706055,5.650000095367432,5.690000057220459,97667,0.0,0.0
2023-04-04 09:30:00-04:00,5.710000038146973,5.760000228881836,5.570000171661377,5.599999904632568,62558,0.0,0.0
2023-04-04 10:30:00-04:00,5.599999904632568,5.630000114440918,5.590000152587891,5.614999771118164,53789,0.0,0.0
2023-04-04 11:30:00-04:00,5.619999885559082,5.630000114440918,5.582499980926514,5.630000114440918,45930,0.0,0.0
2023-04-04 12:30:00-04:00,5.630000114440918,5.630000114440918,5.590000152587891,5.610000133514404,28659,0.0,0.0
2023-04-04 13:30:00-04:00,5.610000133514404,5.619999885559082,5.59499979019165,5.610000133514404,37661,0.0,0.0
2023-04-04 14:30:00-04:00,5.610000133514404,5.619999885559082,5.565000057220459,5.570000171661377,60905,0.0,0.0
2023-04-04 15:30:00-04:00,5.559999942779541,5.590000152587891,5.559999942779541,5.579999923706055,64274,0.0,0.0
2023-04-05 09:30:00-04:00,5.579999923706055,5.579999923706055,5.445000171661377,5.46999979019165,73367,0.0,0.0
2023-04-05 10:30:00-04:00,5.46999979019165,5.510000228881836,5.440000057220459,5.46999979019165,48326,0.0,0.0
2023-04-05 11:30:00-04:00,5.480000019073486,5.489999771118164,5.449999809265137,5.465000152587891,32860,0.0,0.0
2023-04-05 12:30:00-04:00,5.46999979019165,5.485000133514404,5.449999809265137,5.465000152587891,21489,0.0,0.0
2023-04-05 13:30:00-04:00,5.460000038146973,5.480000019073486,5.449999809265137,5.460000038146973,24686,0.0,0.0
2023-04-05 14:30:00-04:00,5.46999979019165,5.489999771118164,5.460000038146973,5.465000152587891,19594,0.0,0.0
2023-04-05 15:30:00-04:00,5.465000152587891,5.489999771118164,5.440000057220459,5.465000152587891,135251,0.0,0.0
2023-04-06 09:30:00-04:00,5.440000057220459,5.510000228881836,5.409999847412109,5.445000171661377,52589,0.0,0.0
2023-04-06 10:30:00-04:00,5.449999809265137,5.449999809265137,5.409999847412109,5.429999828338623,57950,0.0,0.0
2023-04-06 11:30:00-04:00,5.425000190734863,5.460000038146973,5.420000076293945,5.440000057220459,26946,0.0,0.0
2023-04-06 12:30:00-04:00,5.449999809265137,5.510000228881836,5.449999809265137,5.474999904632568,28687,0.0,0.0
2023-04-06 13:30:00-04:00,5.474999904632568,5.480000019073486,5.460000038146973,5.46999979019165,16224,0.0,0.0
2023-04-06 14:30:00-04:00,5.460000038146973,5.485000133514404,5.460000038146973,5.46999979019165,24324,0.0,0.0
2023-04-06 15:30:00-04:00,5.460000038146973,5.510000228881836,5.460000038146973,5.494999885559082,71286,0.0,0.0
2023-04-10 09:30:00-04:00,5.489999771118164,5.559999942779541,5.456099987030029,5.525000095367432,47868,0.0,0.0
2023-04-10 10:30:00-04:00,5.53000020980835,5.534999847412109,5.46999979019165,5.485000133514404,49712,0.0,0.0
2023-04-10 11:30:00-04:00,5.474999904632568,5.489999771118164,5.434999942779541,5.474999904632568,33916,0.0,0.0
2023-04-10 12:30:00-04:00,5.474999904632568,5.474999904632568,5.460000038146973,5.46999979019165,28295,0.0,0.0
2023-04-10 13:30:00-04:00,5.469399929046631,5.480000019073486,5.434999942779541,5.449999809265137,53140,0.0,0.0
2023-04-10 14:30:00-04:00,5.460000038146973,5.465000152587891,5.420100212097168,5.449999809265137,101767,0.0,0.0
2023-04-10 15:30:00-04:00,5.454999923706055,5.454999923706055,5.409999847412109,5.449999809265137,127858,0.0,0.0
2023-04-11 09:30:00-04:00,5.429999828338623,5.489999771118164,5.409999847412109,5.429999828338623,46187,0.0,0.0
2023-04-11 10:30:00-04:00,5.434999942779541,5.434999942779541,5.369999885559082,5.375,35898,0.0,0.0
2023-04-11 11:30:00-04:00,5.375,5.409999847412109,5.369999885559082,5.400000095367432,38643,0.0,0.0
2023-04-11 12:30:00-04:00,5.400000095367432,5.429999828338623,5.389999866485596,5.425000190734863,70715,0.0,0.0
2023-04-11 13:30:00-04:00,5.425000190734863,5.460000038146973,5.40500020980835,5.445000171661377,87506,0.0,0.0
2023-04-11 14:30:00-04:00,5.445000171661377,5.449999809265137,5.429999828338623,5.445000171661377,41155,0.0,0.0
2023-04-11 15:30:00-04:00,5.445000171661377,5.449999809265137,5.409999847412109,5.449999809265137,114617,0.0,0.0
2023-04-12 09:30:00-04:00,5.480000019073486,5.494999885559082,5.369999885559082,5.369999885559082,161260,0.0,0.0
2023-04-12 10:30:00-04:00,5.370200157165527,5.385000228881836,5.260000228881836,5.275000095367432,56720,0.0,0.0
2023-04-12 11:30:00-04:00,5.275000095367432,5.335000038146973,5.275000095367432,5.284999847412109,33062,0.0,0.0
2023-04-12 12:30:00-04:00,5.284999847412109,5.300000190734863,5.260000228881836,5.269999980926514,43820,0.0,0.0
2023-04-12 13:30:00-04:00,5.260000228881836,5.269999980926514,5.159999847412109,5.159999847412109,34234,0.0,0.0
2023-04-12 14:30:00-04:00,5.159999847412109,5.210000038146973,5.119999885559082,5.125,161779,0.0,0.0
2023-04-12 15:30:00-04:00,5.125,5.190000057220459,5.114999771118164,5.150000095367432,176964,0.0,0.0
2023-04-13 09:30:00-04:00,5.170000076293945,5.210000038146973,5.050000190734863,5.065000057220459,156208,0.0,0.0
2023-04-13 10:30:00-04:00,5.059999942779541,5.085000038146973,5.039999961853027,5.054999828338623,80780,0.0,0.0
2023-04-13 11:30:00-04:00,5.054999828338623,5.09499979019165,5.039999961853027,5.059999942779541,49065,0.0,0.0
2023-04-13 12:30:00-04:00,5.054999828338623,5.059999942779541,5.0,5.034999847412109,72548,0.0,0.0
2023-04-13 13:30:00-04:00,5.034999847412109,5.059999942779541,4.960000038146973,4.960000038146973,84907,0.0,0.0
2023-04-13 14:30:00-04:00,4.960000038146973,4.965000152587891,4.909999847412109,4.949999809265137,122069,0.0,0.0
2023-04-13 15:30:00-04:00,4.945000171661377,5.0,4.900000095367432,4.954999923706055,495440,0.0,0.0
2023-04-14 09:30:00-04:00,4.96999979019165,5.050000190734863,4.880000114440918,4.900000095367432,347713,0.0,0.0
2023-04-14 10:30:00-04:00,4.900000095367432,4.90500020980835,4.820000171661377,4.820000171661377,52867,0.0,0.0
2023-04-14 11:30:00-04:00,4.829999923706055,4.855000019073486,4.809999942779541,4.843500137329102,109497,0.0,0.0
2023-04-14 12:30:00-04:00,4.84499979019165,4.855000019073486,4.824999809265137,4.835000038146973,66318,0.0,0.0
2023-04-14 13:30:00-04:00,4.835000038146973,4.849999904632568,4.820000171661377,4.849999904632568,59244,0.0,0.0
2023-04-14 14:30:00-04:00,4.84499979019165,4.900000095367432,4.824999809265137,4.900000095367432,195607,0.0,0.0
2023-04-14 15:30:00-04:00,4.900000095367432,4.929999828338623,4.889999866485596,4.909999847412109,187734,0.0,0.0
2023-04-17 09:30:00-04:00,4.909999847412109,5.034999847412109,4.880000114440918,5.014999866485596,107266,0.0,0.0
2023-04-17 10:30:00-04:00,5.014999866485596,5.045000076293945,4.96999979019165,5.025000095367432,84701,0.0,0.0
2023-04-17 11:30:00-04:00,5.019999980926514,5.019999980926514,4.980000019073486,5.010000228881836,44452,0.0,0.0
2023-04-17 12:30:00-04:00,5.010000228881836,5.03000020980835,4.989999771118164,4.994999885559082,66439,0.0,0.0
2023-04-17 13:30:00-04:00,4.994999885559082,5.019999980926514,4.989999771118164,5.014999866485596,41906,0.0,0.0
2023-04-17 14:30:00-04:00,5.010000228881836,5.054999828338623,5.0,5.039999961853027,133198,0.0,0.0
2023-04-17 15:30:00-04:00,5.034999847412109,5.070000171661377,5.019999980926514,5.039999961853027,134368,0.0,0.0
2023-04-18 09:30:00-04:00,5.059999942779541,5.135000228881836,4.989999771118164,4.994999885559082,73137,0.0,0.0
2023-04-18 10:30:00-04:00,4.989999771118164,4.994999885559082,4.920000076293945,4.920000076293945,36413,0.0,0.0
2023-04-18 11:30:00-04:00,4.925000190734863,4.954999923706055,4.925000190734863,4.945000171661377,40059,0.0,0.0
2023-04-18 12:30:00-04:00,4.940000057220459,4.949999809265137,4.900000095367432,4.920000076293945,29939,0.0,0.0
2023-04-18 13:30:00-04:00,4.914999961853027,4.929999828338623,4.889999866485596,4.925000190734863,47660,0.0,0.0
2023-04-18 14:30:00-04:00,4.929999828338623,4.929999828338623,4.880000114440918,4.889999866485596,57769,0.0,0.0
2023-04-18 15:30:00-04:00,4.885000228881836,4.909999847412109,4.875,4.880000114440918,152327,0.0,0.0
2023-04-19 09:30:00-04:00,4.880000114440918,4.934999942779541,4.78000020980835,4.784999847412109,101832,0.0,0.0
2023-04-19 10:30:00-04:00,4.784999847412109,4.800000190734863,4.690000057220459,4.724999904632568,94773,0.0,0.0
2023-04-19 11:30:00-04:00,4.724999904632568,4.75,4.699999809265137,4.712500095367432,76420,0.0,0.0
2023-04-19 12:30:00-04:00,4.712500095367432,4.724999904632568,4.679999828338623,4.679999828338623,35952,0.0,0.0
2023-04-19 13:30:00-04:00,4.679999828338623,4.699999809265137,4.670000076293945,4.690000057220459,122882,0.0,0.0
2023-04-19 14:30:00-04:00,4.690000057220459,4.710000038146973,4.675000190734863,4.690000057220459,95406,0.0,0.0
2023-04-19 15:30:00-04:00,4.684999942779541,4.699999809265137,4.670000076293945,4.675000190734863,206588,0.0,0.0
2023-04-20 09:30:00-04:00,4.670000076293945,4.804999828338623,4.650000095367432,4.800000190734863,108511,0.0,0.0
2023-04-20 10:30:00-04:00,4.800000190734863,4.809999942779541,4.739999771118164,4.760000228881836,95414,0.0,0.0
2023-04-20 11:30:00-04:00,4.764999866485596,4.800000190734863,4.760000228881836,4.769999980926514,66152,0.0,0.0
2023-04-20 12:30:00-04:00,4.769999980926514,4.78000020980835,4.739999771118164,4.75,65527,0.0,0.0
2023-04-20 13:30:00-04:00,4.760000228881836,4.789999961853027,4.735000133514404,4.760000228881836,69785,0.0,0.0
2023-04-20 14:30:00-04:00,4.760000228881836,4.78000020980835,4.71999979019165,4.730000019073486,110271,0.0,0.0
2023-04-20 15:30:00-04:00,4.735000133514404,4.752500057220459,4.730000019073486,4.744999885559082,212598,0.0,0.0
2023-04-21 09:30:00-04:00,4.71999979019165,4.760000228881836,4.679999828338623,4.699999809265137,46165,0.0,0.0
2023-04-21 10:30:00-04:00,4.695000171661377,4.704999923706055,4.664999961853027,4.670000076293945,96092,0.0,0.0
2023-04-21 11:30:00-04:00,4.675000190734863,4.710000038146973,4.644999980926514,4.690000057220459,209278,0.0,0.0
2023-04-21 12:30:00-04:00,4.684999942779541,4.6875,4.639999866485596,4.639999866485596,150760,0.0,0.0
2023-04-21 13:30:00-04:00,4.644999980926514,4.659999847412109,4.639999866485596,4.650000095367432,115854,0.0,0.0
2023-04-21 14:30:00-04:00,4.65500020980835,4.65500020980835,4.635000228881836,4.644999980926514,111679,0.0,0.0
2023-04-21 15:30:00-04:00,4.644999980926514,4.650000095367432,4.635000228881836,4.639999866485596,173337,0.0,0.0
2023-04-24 09:30:00-04:00,4.659999847412109,4.670000076293945,4.570000171661377,4.570000171661377,66519,0.0,0.0
2023-04-24 10:30:00-04:00,4.570000171661377,4.574999809265137,4.489999771118164,4.494999885559082,74550,0.0,0.0
2023-04-24 11:30:00-04:00,4.494999885559082,4.510000228881836,4.449999809265137,4.449999809265137,68271,0.0,0.0
2023-04-24 12:30:00-04:00,4.449999809265137,4.5,4.440000057220459,4.5,89426,0.0,0.0
2023-04-24 13:30:00-04:00,4.505000114440918,4.554999828338623,4.5,4.539999961853027,68211,0.0,0.0
2023-04-24 14:30:00-04:00,4.542500019073486,4.559999942779541,4.539999961853027,4.545000076293945,241730,0.0,0.0
2023-04-24 15:30:00-04:00,4.545000076293945,4.605000019073486,4.539999961853027,4.599999904632568,353526,0.0,0.0
2023-04-25 09:30:00-04:00,4.579999923706055,4.619999885559082,4.559999942779541,4.585000038146973,56139,0.0,0.0
2023-04-25 10:30:00-04:00,4.585000038146973,4.619999885559082,4.585000038146973,4.59499979019165,50292,0.0,0.0
2023-04-25 11:30:00-04:00,4.59499979019165,4.599999904632568,4.550000190734863,4.550000190734863,51577,0.0,0.0
2023-04-25 12:30:00-04:00,4.554999828338623,4.559999942779541,4.5,4.514999866485596,37421,0.0,0.0
2023-04-25 13:30:00-04:00,4.514999866485596,4.519999980926514,4.494999885559082,4.5,39586,0.0,0.0
2023-04-25 14:30:00-04:00,4.505000114440918,4.510000228881836,4.489999771118164,4.489999771118164,50792,0.0,0.0
2023-04-25 15:30:00-04:00,4.494999885559082,4.5,4.409999847412109,4.409999847412109,80743,0.0,0.0
2023-04-26 09:30:00-04:00,4.420000076293945,4.489999771118164,4.409999847412109,4.474999904632568,185634,0.0,0.0
2023-04-26 10:30:00-04:00,4.474999904632568,4.579999923706055,4.474999904632568,4.579999923706055,59911,0.0,0.0
2023-04-26 11:30:00-04:00,4.574999809265137,4.630000114440918,4.570000171661377,4.605000019073486,81135,0.0,0.0
2023-04-26 12:30:00-04:00,4.605000019073486,4.619999885559082,4.570000171661377,4.59499979019165,59826,0.0,0.0
2023-04-26 13:30:00-04:00,4.599999904632568,4.605000019073486,4.570000171661377,4.599999904632568,27340,0.0,0.0
2023-04-26 14:30:00-04:00,4.590000152587891,4.599999904632568,4.53000020980835,4.545000076293945,57103,0.0,0.0
2023-04-26 15:30:00-04:00,4.550000190734863,4.550000190734863,4.510000228881836,4.534999847412109,83781,0.0,0.0
2023-04-27 09:30:00-04:00,4.53000020980835,4.550000190734863,4.449999809265137,4.454999923706055,37840,0.0,0.0
2023-04-27 10:30:00-04:00,4.454999923706055,4.46999979019165,4.409999847412109,4.439499855041504,40580,0.0,0.0
2023-04-27 11:30:00-04:00,4.440000057220459,4.449999809265137,4.420000076293945,4.445000171661377,24098,0.0,0.0
2023-04-27 12:30:00-04:00,4.445000171661377,4.44950008392334,4.420000076293945,4.425000190734863,19470,0.0,0.0
2023-04-27 13:30:00-04:00,4.429500102996826,4.449999809265137,4.380000114440918,4.389999866485596,96324,0.0,0.0
2023-04-27 14:30:00-04:00,4.397500038146973,4.397500038146973,4.360000133514404,4.360000133514404,55461,0.0,0.0
2023-04-27 15:30:00-04:00,4.364999771118164,4.369999885559082,4.349999904632568,4.369999885559082,182285,0.0,0.0
2023-04-28 09:30:00-04:00,4.360000133514404,4.389999866485596,4.320000171661377,4.369999885559082,31369,0.0,0.0
2023-04-28 10:30:00-04:00,4.369999885559082,4.369999885559082,4.289999961853027,4.330999851226807,62177,0.0,0.0
2023-04-28 11:30:00-04:00,4.329999923706055,4.340000152587891,4.329999923706055,4.337500095367432,13345,0.0,0.0
2023-04-28 12:30:00-04:00,4.335000038146973,4.340000152587891,4.329999923706055,4.329999923706055,15011,0.0,0.0
2023-04-28 13:30:00-04:00,4.335000038146973,4.337500095367432,4.28000020980835,4.28000020980835,42935,0.0,0.0
2023-04-28 14:30:00-04:00,4.28000020980835,4.420000076293945,4.269999980926514,4.414999961853027,230052,0.0,0.0
2023-04-28 15:30:00-04:00,4.415299892425537,4.415299892425537,4.340000152587891,4.369999885559082,150526,0.0,0.0
2023-05-01 09:30:00-04:00,4.400000095367432,4.489999771118164,4.400000095367432,4.474999904632568,62798,0.0,0.0
2023-05-01 10:30:00-04:00,4.474999904632568,4.505000114440918,4.440000057220459,4.474999904632568,68263,0.0,0.0
2023-05-01 11:30:00-04:00,4.480000019073486,4.489999771118164,4.449999809265137,4.46999979019165,52241,0.0,0.0
2023-05-01 12:30:00-04:00,4.460000038146973,4.46999979019165,4.449999809265137,4.449999809265137,38400,0.0,0.0
2023-05-01 13:30:00-04:00,4.460000038146973,4.46999979019165,4.429999828338623,4.429999828338623,63874,0.0,0.0
2023-05-01 14:30:00-04:00,4.434999942779541,4.460000038146973,4.400000095367432,4.454999923706055,98054,0.0,0.0
2023-05-01 15:30:00-04:00,4.460000038146973,4.474999904632568,4.449999809265137,4.46999979019165,120931,0.0,0.0
2023-05-02 09:30:00-04:00,4.440000057220459,4.480000019073486,4.369999885559082,4.409999847412109,50399,0.0,0.0
2023-05-02 10:30:00-04:00,4.40500020980835,4.420000076293945,4.389999866485596,4.40500020980835,138648,0.0,0.0
2023-05-02 11:30:00-04:00,4.40500020980835,4.440000057220459,4.394999980926514,4.409999847412109,63087,0.0,0.0
2023-05-02 12:30:00-04:00,4.415299892425537,4.420000076293945,4.400000095367432,4.414999961853027,38290,0.0,0.0
2023-05-02 13:30:00-04:00,4.414999961853027,4.429999828338623,4.400000095367432,4.40500020980835,62607,0.0,0.0
2023-05-02 14:30:00-04:00,4.402500152587891,4.440000057220459,4.400000095367432,4.434999942779541,60188,0.0,0.0
2023-05-02 15:30:00-04:00,4.434999942779541,4.449999809265137,4.420000076293945,4.445000171661377,113759,0.0,0.0
2023-05-03 09:30:00-04:00,4.46999979019165,4.525000095367432,4.46999979019165,4.5,34150,0.0,0.0
2023-05-03 10:30:00-04:00,4.505000114440918,4.53000020980835,4.5,4.53000020980835,18834,0.0,0.0
2023-05-03 11:30:00-04:00,4.53000020980835,4.539999961853027,4.445000171661377,4.449999809265137,32132,0.0,0.0
2023-05-03 12:30:00-04:00,4.445000171661377,4.449999809265137,4.40500020980835,4.440000057220459,28957,0.0,0.0
2023-05-03 13:30:00-04:00,4.440000057220459,4.46999979019165,4.420000076293945,4.449999809265137,35472,0.0,0.0
2023-05-03 14:30:00-04:00,4.454999923706055,4.454999923706055,4.375,4.375,83226,0.0,0.0
2023-05-03 15:30:00-04:00,4.375,4.375,4.335000038146973,4.340000152587891,85043,0.0,0.0
2023-05-04 09:30:00-04:00,4.300000190734863,4.349999904632568,4.260000228881836,4.264999866485596,47363,0.0,0.0
2023-05-04 10:30:00-04:00,4.260000228881836,4.34499979019165,4.25,4.324999809265137,55701,0.0,0.0
2023-05-04 11:30:00-04:00,4.320000171661377,4.329999923706055,4.289999961853027,4.329999923706055,30503,0.0,0.0
2023-05-04 12:30:00-04:00,4.329999923706055,4.340000152587891,4.300000190734863,4.309999942779541,43731,0.0,0.0
2023-05-04 13:30:00-04:00,4.309999942779541,4.320000171661377,4.289999961853027,4.300000190734863,42588,0.0,0.0
2023-05-04 14:30:00-04:00,4.300000190734863,4.324999809265137,4.289999961853027,4.304999828338623,68215,0.0,0.0
2023-05-04 15:30:00-04:00,4.304999828338623,4.349999904632568,4.300000190734863,4.329999923706055,117971,0.0,0.0
2023-05-05 09:30:00-04:00,4.369999885559082,4.510000228881836,4.369999885559082,4.502500057220459,67395,0.0,0.0
2023-05-05 10:30:00-04:00,4.510000228881836,4.546800136566162,4.480000019073486,4.545000076293945,86331,0.0,0.0
2023-05-05 11:30:00-04:00,4.539999961853027,4.550000190734863,4.519999980926514,4.519999980926514,30879,0.0,0.0
2023-05-05 12:30:00-04:00,4.525000095367432,4.53000020980835,4.489999771118164,4.489999771118164,47218,0.0,0.0
2023-05-05 13:30:00-04:00,4.489999771118164,4.505000114440918,4.485000133514404,4.505000114440918,57389,0.0,0.0
2023-05-05 14:30:00-04:00,4.505000114440918,4.510000228881836,4.480000019073486,4.480000019073486,30193,0.0,0.0
2023-05-05 15:30:00-04:00,4.480000019073486,4.489999771118164,4.460000038146973,4.474999904632568,43614,0.0,0.0
2023-05-08 09:30:00-04:00,4.460000038146973,4.480000019073486,4.385000228881836,4.389999866485596,47306,0.0,0.0
2023-05-08 10:30:00-04:00,4.394999980926514,4.429999828338623,4.394999980926514,4.420000076293945,30487,0.0,0.0
2023-05-08 11:30:00-04:00,4.425000190734863,4.46999979019165,4.420000076293945,4.46999979019165,15888,0.0,0.0
2023-05-08 12:30:00-04:00,4.465000152587891,4.489999771118164,4.454999923706055,4.474999904632568,67466,0.0,0.0
2023-05-08 13:30:00-04:00,4.472499847412109,4.480000019073486,4.449999809265137,4.460000038146973,37781,0.0,0.0
2023-05-08 14:30:00-04:00,4.465000152587891,4.465000152587891,4.434999942779541,4.434999942779541,70414,0.0,0.0
2023-05-08 15:30:00-04:00,4.434999942779541,4.449999809265137,4.434999942779541,4.440000057220459,58223,0.0,0.0
2023-05-09 09:30:00-04:00,4.409999847412109,4.409999847412109,4.235000133514404,4.28000020980835,51334,0.0,0.0
2023-05-09 10:30:00-04:00,4.289999961853027,4.300000190734863,4.275000095367432,4.295000076293945,30558,0.0,0.0
2023-05-09 11:30:00-04:00,4.300000190734863,4.317500114440918,4.300000190734863,4.317500114440918,14805,0.0,0.0
2023-05-09 12:30:00-04:00,4.315000057220459,4.337500095367432,4.315000057220459,4.335000038146973,6433,0.0,0.0
2023-05-09 13:30:00-04:00,4.340000152587891,4.349999904632568,4.332499980926514,4.34499979019165,12453,0.0,0.0
2023-05-09 14:30:00-04:00,4.34250020980835,4.349999904632568,4.340000152587891,4.34499979019165,25183,0.0,0.0
2023-05-09 15:30:00-04:00,4.34499979019165,4.360000133514404,4.340000152587891,4.349999904632568,56289,0.0,0.0
2023-05-10 09:30:00-04:00,4.420000076293945,4.429999828338623,4.340000152587891,4.364999771118164,30775,0.0,0.0
2023-05-10 10:30:00-04:00,4.369999885559082,4.400000095367432,4.360000133514404,4.394999980926514,20563,0.0,0.0
2023-05-10 11:30:00-04:00,4.394999980926514,4.40500020980835,4.375,4.375,12962,0.0,0.0
2023-05-10 12:30:00-04:00,4.369999885559082,4.369999885559082,4.34499979019165,4.364999771118164,26189,0.0,0.0
2023-05-10 13:30:00-04:00,4.364999771118164,4.375,4.349999904632568,4.375,18093,0.0,0.0
2023-05-10 14:30:00-04:00,4.375,4.385000228881836,4.360000133514404,4.385000228881836,14924,0.0,0.0
2023-05-10 15:30:00-04:00,4.385000228881836,4.385000228881836,4.329999923706055,4.340000152587891,74567,0.0,0.0
2023-05-11 09:30:00-04:00,4.340000152587891,4.369999885559082,4.315000057220459,4.315000057220459,40449,0.0,0.0
2023-05-11 10:30:00-04:00,4.315000057220459,4.340000152587891,4.300000190734863,4.324999809265137,35601,0.0,0.0
2023-05-11 11:30:00-04:00,4.324999809265137,4.360000133514404,4.315000057220459,4.355000019073486,35613,0.0,0.0
2023-05-11 12:30:00-04:00,4.360000133514404,4.375,4.324999809265137,4.34499979019165,35999,0.0,0.0
2023-05-11 13:30:00-04:00,4.34499979019165,4.355000019073486,4.335000038146973,4.355000019073486,40228,0.0,0.0
2023-05-11 14:30:00-04:00,4.355000019073486,4.369999885559082,4.349999904632568,4.360000133514404,23159,0.0,0.0
2023-05-11 15:30:00-04:00,4.360000133514404,4.380000114440918,4.355000019073486,4.369999885559082,67051,0.0,0.0
2023-05-12 09:30:00-04:00,4.349999904632568,4.480000019073486,4.349999904632568,4.465000152587891,56176,0.0,0.0
2023-05-12 10:30:00-04:00,4.460000038146973,4.474999904632568,4.454999923706055,4.474999904632568,41135,0.0,0.0
2023-05-12 11:30:00-04:00,4.474999904632568,4.489999771118164,4.471700191497803,4.480000019073486,17171,0.0,0.0
2023-05-12 12:30:00-04:00,4.474999904632568,4.5,4.465000152587891,4.465000152587891,30957,0.0,0.0
2023-05-12 13:30:00-04:00,4.465000152587891,4.468800067901611,4.454999923706055,4.460000038146973,30073,0.0,0.0
2023-05-12 14:30:00-04:00,4.465000152587891,4.5,4.460000038146973,4.474999904632568,71601,0.0,0.0
2023-05-12 15:30:00-04:00,4.474999904632568,4.480000019073486,4.440000057220459,4.454999923706055,78235,0.0,0.0
2023-05-15 09:30:00-04:00,4.460000038146973,4.480000019073486,4.40500020980835,4.425000190734863,33411,0.0,0.0
2023-05-15 10:30:00-04:00,4.425000190734863,4.440000057220459,4.420000076293945,4.425000190734863,19418,0.0,0.0
2023-05-15 11:30:00-04:00,4.425000190734863,4.429999828338623,4.400000095367432,4.40500020980835,20616,0.0,0.0
2023-05-15 12:30:00-04:00,4.40500020980835,4.460000038146973,4.40500020980835,4.440000057220459,41436,0.0,0.0
2023-05-15 13:30:00-04:00,4.434999942779541,4.440000057220459,4.420000076293945,4.434999942779541,16435,0.0,0.0
2023-05-15 14:30:00-04:00,4.434999942779541,4.440000057220459,4.429999828338623,4.434999942779541,25770,0.0,0.0
2023-05-15 15:30:00-04:00,4.434999942779541,4.45989990234375,4.434999942779541,4.440000057220459,51400,0.0,0.0
2023-05-16 09:30:00-04:00,4.480000019073486,4.480000019073486,4.320000171661377,4.340000152587891,64011,0.0,0.0
2023-05-16 10:30:00-04:00,4.34499979019165,4.385000228881836,4.329999923706055,4.369999885559082,42431,0.0,0.0
2023-05-16 11:30:00-04:00,4.369999885559082,4.389999866485596,4.349999904632568,4.380000114440918,83493,0.0,0.0
2023-05-16 12:30:00-04:00,4.385000228881836,4.385000228881836,4.360000133514404,4.360000133514404,26341,0.0,0.0
2023-05-16 13:30:00-04:00,4.364999771118164,4.409999847412109,4.349999904632568,4.400000095367432,45672,0.0,0.0
2023-05-16 14:30:00-04:00,4.400000095367432,4.419000148773193,4.385000228881836,4.40500020980835,60335,0.0,0.0
2023-05-16 15:30:00-04:00,4.40500020980835,4.409999847412109,4.389999866485596,4.40500020980835,133014,0.0,0.0
2023-05-17 09:30:00-04:00,4.409999847412109,4.46999979019165,4.400000095367432,4.40500020980835,42247,0.0,0.0
2023-05-17 10:30:00-04:00,4.40500020980835,4.5,4.40500020980835,4.485000133514404,108095,0.0,0.0
2023-05-17 11:30:00-04:00,4.485000133514404,4.505000114440918,4.449999809265137,4.5,53319,0.0,0.0
2023-05-17 12:30:00-04:00,4.5,4.539999961853027,4.5,4.525000095367432,43042,0.0,0.0
2023-05-17 13:30:00-04:00,4.526100158691406,4.534999847412109,4.510000228881836,4.53000020980835,36344,0.0,0.0
2023-05-17 14:30:00-04:00,4.53000020980835,4.559999942779541,4.53000020980835,4.545000076293945,43557,0.0,0.0
2023-05-17 15:30:00-04:00,4.545000076293945,4.574999809265137,4.539999961853027,4.559999942779541,118937,0.0,0.0
2023-05-18 09:30:00-04:00,4.519999980926514,4.675000190734863,4.519999980926514,4.65500020980835,61210,0.0,0.0
2023-05-18 10:30:00-04:00,4.654300212860107,4.678599834442139,4.614999771118164,4.639999866485596,59279,0.0,0.0
2023-05-18 11:30:00-04:00,4.639999866485596,4.659999847412109,4.635000228881836,4.644999980926514,43809,0.0,0.0
2023-05-18 12:30:00-04:00,4.644999980926514,4.650000095367432,4.610000133514404,4.610000133514404,29059,0.0,0.0
2023-05-18 13:30:00-04:00,4.610000133514404,4.610000133514404,4.519999980926514,4.525000095367432,50731,0.0,0.0
2023-05-18 14:30:00-04:00,4.522500038146973,4.53000020980835,4.445000171661377,4.485000133514404,174159,0.0,0.0
2023-05-18 15:30:00-04:00,4.489999771118164,4.53000020980835,4.474999904632568,4.525000095367432,154640,0.0,0.0
2023-05-19 09:30:00-04:00,4.550000190734863,4.590000152587891,4.28000020980835,4.28000020980835,94942,0.0,0.0
2023-05-19 10:30:00-04:00,4.269999980926514,4.28000020980835,4.190000057220459,4.210000038146973,78841,0.0,0.0
2023-05-19 11:30:00-04:00,4.210000038146973,4.235000133514404,4.159999847412109,4.195000171661377,104534,0.0,0.0
2023-05-19 12:30:00-04:00,4.195000171661377,4.239999771118164,4.150000095367432,4.224999904632568,100004,0.0,0.0
2023-05-19 13:30:00-04:00,4.224999904632568,4.255000114440918,3.9000000953674316,3.9600000381469727,340438,0.0,0.0
2023-05-19 14:30:00-04:00,3.9600000381469727,4.159999847412109,3.9549999237060547,4.090000152587891,208044,0.0,0.0
2023-05-19 15:30:00-04:00,4.09499979019165,4.179999828338623,4.090000152587891,4.179999828338623,223916,0.0,0.0
2023-05-22 09:30:00-04:00,4.179999828338623,4.204999923706055,4.054999828338623,4.074999809265137,82144,0.0,0.0
2023-05-22 10:30:00-04:00,4.074999809265137,4.099999904632568,4.070400238037109,4.085000038146973,48186,0.0,0.0
2023-05-22 11:30:00-04:00,4.079999923706055,4.085000038146973,4.059999942779541,4.065000057220459,52113,0.0,0.0
2023-05-22 12:30:00-04:00,4.065000057220459,4.105000019073486,4.065000057220459,4.085000038146973,57181,0.0,0.0
2023-05-22 13:30:00-04:00,4.085000038146973,4.090000152587891,4.079999923706055,4.090000152587891,18433,0.0,0.0
2023-05-22 14:30:00-04:00,4.085000038146973,4.114999771118164,4.081999778747559,4.085000038146973,49952,0.0,0.0
2023-05-22 15:30:00-04:00,4.085000038146973,4.085000038146973,4.059999942779541,4.070000171661377,62361,0.0,0.0
2023-05-23 09:30:00-04:00,4.070000171661377,4.070000171661377,3.9600000381469727,3.994999885559082,129108,0.0,0.0
2023-05-23 10:30:00-04:00,3.994999885559082,4.054999828338623,3.994999885559082,4.034999847412109,126791,0.0,0.0
2023-05-23 11:30:00-04:00,4.039999961853027,4.059999942779541,4.019999980926514,4.025000095367432,70525,0.0,0.0
2023-05-23 12:30:00-04:00,4.03000020980835,4.039999961853027,3.990000009536743,4.025000095367432,61412,0.0,0.0
2023-05-23 13:30:00-04:00,4.025000095367432,4.03000020980835,3.9600000381469727,3.9649999141693115,72870,0.0,0.0
2023-05-23 14:30:00-04:00,3.9649999141693115,3.9700000286102295,3.9000000953674316,3.9049999713897705,85181,0.0,0.0
2023-05-23 15:30:00-04:00,3.9000000953674316,3.9100000858306885,3.8399999141693115,3.880000114440918,289123,0.0,0.0
2023-05-24 09:30:00-04:00,3.890000104904175,3.924999952316284,3.809999942779541,3.815000057220459,110137,0.0,0.0
2023-05-24 10:30:00-04:00,3.819999933242798,3.884999990463257,3.819999933242798,3.869999885559082,78989,0.0,0.0
2023-05-24 11:30:00-04:00,3.875,3.9000000953674316,3.8299999237060547,3.8350000381469727,89787,0.0,0.0
2023-05-24 12:30:00-04:00,3.8350000381469727,3.865000009536743,3.805000066757202,3.805000066757202,75892,0.0,0.0
2023-05-24 13:30:00-04:00,3.805000066757202,3.815000057220459,3.7799999713897705,3.799999952316284,101784,0.0,0.0
2023-05-24 14:30:00-04:00,3.799999952316284,3.880000114440918,3.7899999618530273,3.8350000381469727,186639,0.0,0.0
2023-05-24 15:30:00-04:00,3.8350000381469727,3.859999895095825,3.7899999618530273,3.799999952316284,320799,0.0,0.0
2023-05-25 09:30:00-04:00,3.9000000953674316,4.039999961853027,3.684999942779541,3.759999990463257,320992,0.0,0.0
2023-05-25 10:30:00-04:00,3.759999990463257,3.859999895095825,3.75,3.859999895095825,130358,0.0,0.0
2023-05-25 11:30:00-04:00,3.8499999046325684,4.074999809265137,3.8499999046325684,4.059999942779541,119935,0.0,0.0
2023-05-25 12:30:00-04:00,4.059999942779541,4.074999809265137,3.992500066757202,4.034999847412109,105874,0.0,0.0
2023-05-25 13:30:00-04:00,4.035999774932861,4.035999774932861,3.9700000286102295,3.9700000286102295,99665,0.0,0.0
2023-05-25 14:30:00-04:00,3.9700000286102295,4.065000057220459,3.8949999809265137,4.014999866485596,237220,0.0,0.0
2023-05-25 15:30:00-04:00,4.014999866485596,4.03000020980835,3.9700000286102295,4.0,355038,0.0,0.0
2023-05-26 09:30:00-04:00,4.0,4.15500020980835,4.0,4.15500020980835,95401,0.0,0.0
2023-05-26 10:30:00-04:00,4.154300212860107,4.179999828338623,4.130000114440918,4.159999847412109,58351,0.0,0.0
2023-05-26 11:30:00-04:00,4.164999961853027,4.264999866485596,4.150000095367432,4.239999771118164,109492,0.0,0.0
2023-05-26 12:30:00-04:00,4.239999771118164,4.239999771118164,4.170000076293945,4.215000152587891,49703,0.0,0.0
2023-05-26 13:30:00-04:00,4.215000152587891,4.28000020980835,4.210000038146973,4.25,98838,0.0,0.0
2023-05-26 14:30:00-04:00,4.242499828338623,4.25,4.204999923706055,4.215000152587891,80796,0.0,0.0
2023-05-26 15:30:00-04:00,4.210000038146973,4.230000019073486,4.179999828338623,4.184999942779541,123238,0.0,0.0
2023-05-30 09:30:00-04:00,4.190000057220459,4.380000114440918,4.099999904632568,4.25,189332,0.0,0.0
2023-05-30 10:30:00-04:00,4.244999885559082,4.28000020980835,4.235000133514404,4.260000228881836,154029,0.0,0.0
2023-05-30 11:30:00-04:00,4.260000228881836,4.269999980926514,4.139999866485596,4.175000190734863,162452,0.0,0.0
2023-05-30 12:30:00-04:00,4.170000076293945,4.184999942779541,4.090000152587891,4.105000019073486,96662,0.0,0.0
2023-05-30 13:30:00-04:00,4.099999904632568,4.110000133514404,4.079999923706055,4.085000038146973,60315,0.0,0.0
2023-05-30 14:30:00-04:00,4.085000038146973,4.130000114440918,4.065000057220459,4.110799789428711,103321,0.0,0.0
2023-05-30 15:30:00-04:00,4.110000133514404,4.135000228881836,4.09499979019165,4.114999771118164,110873,0.0,0.0
2023-05-31 09:30:00-04:00,4.070000171661377,4.190000057220459,4.070000171661377,4.114999771118164,81610,0.0,0.0
2023-05-31 10:30:00-04:00,4.110000133514404,4.195000171661377,4.099999904632568,4.195000171661377,72474,0.0,0.0
2023-05-31 11:30:00-04:00,4.199999809265137,4.210000038146973,4.139999866485596,4.139999866485596,57900,0.0,0.0
2023-05-31 12:30:00-04:00,4.135000228881836,4.179999828338623,4.135000228881836,4.179999828338623,55777,0.0,0.0
2023-05-31 13:30:00-04:00,4.179999828338623,4.224999904632568,4.170000076293945,4.224999904632568,70102,0.0,0.0
2023-05-31 14:30:00-04:00,4.224999904632568,4.25,4.195000171661377,4.204999923706055,101853,0.0,0.0
2023-05-31 15:30:00-04:00,4.204999923706055,4.230000019073486,4.159999847412109,4.170000076293945,144624,0.0,0.0
2023-06-01 09:30:00-04:00,4.139999866485596,4.25,4.139999866485596,4.25,59069,0.0,0.0
2023-06-01 10:30:00-04:00,4.260000228881836,4.329999923706055,4.260000228881836,4.275000095367432,97588,0.0,0.0
2023-06-01 11:30:00-04:00,4.275000095367432,4.275000095367432,4.215000152587891,4.235000133514404,56156,0.0,0.0
2023-06-01 12:30:00-04:00,4.235000133514404,4.264999866485596,4.230000019073486,4.25,36686,0.0,0.0
2023-06-01 13:30:00-04:00,4.25,4.289999961853027,4.25,4.275000095367432,45845,0.0,0.0
2023-06-01 14:30:00-04:00,4.275000095367432,4.28000020980835,4.21999979019165,4.224999904632568,70848,0.0,0.0
2023-06-01 15:30:00-04:00,4.224999904632568,4.224999904632568,4.15500020980835,4.179999828338623,89227,0.0,0.0
2023-06-02 09:30:00-04:00,4.239999771118164,4.360000133514404,4.190000057220459,4.319900035858154,58951,0.0,0.0
2023-06-02 10:30:00-04:00,4.309999942779541,4.324999809265137,4.284999847412109,4.284999847412109,41131,0.0,0.0
2023-06-02 11:30:00-04:00,4.289999961853027,4.320000171661377,4.284999847412109,4.315000057220459,25881,0.0,0.0
2023-06-02 12:30:00-04:00,4.315000057220459,4.360000133514404,4.315000057220459,4.360000133514404,48413,0.0,0.0
2023-06-02 13:30:00-04:00,4.369800090789795,4.389999866485596,4.360000133514404,4.385000228881836,30993,0.0,0.0
2023-06-02 14:30:00-04:00,4.385000228881836,4.440000057220459,4.375,4.420000076293945,80960,0.0,0.0
2023-06-02 15:30:00-04:00,4.425000190734863,4.449999809265137,4.409999847412109,4.409999847412109,105158,0.0,0.0
2023-06-05 09:30:00-04:00,4.449999809265137,4.605000019073486,4.420000076293945,4.514999866485596,93997,0.0,0.0
2023-06-05 10:30:00-04:00,4.510000228881836,4.546000003814697,4.474999904632568,4.514999866485596,55070,0.0,0.0
2023-06-05 11:30:00-04:00,4.514999866485596,4.550000190734863,4.514999866485596,4.550000190734863,32681,0.0,0.0
2023-06-05 12:30:00-04:00,4.550000190734863,4.550000190734863,4.485000133514404,4.505000114440918,67209,0.0,0.0
2023-06-05 13:30:00-04:00,4.505000114440918,4.525000095367432,4.489999771118164,4.510000228881836,42199,0.0,0.0
2023-06-05 14:30:00-04:00,4.514999866485596,4.53000020980835,4.485000133514404,4.494999885559082,67450,0.0,0.0
2023-06-05 15:30:00-04:00,4.489999771118164,4.510000228881836,4.489999771118164,4.5,68247,0.0,0.0
2023-06-06 09:30:00-04:00,4.480000019073486,4.610000133514404,4.46999979019165,4.585000038146973,45807,0.0,0.0
2023-06-06 10:30:00-04:00,4.590000152587891,4.75,4.590000152587891,4.715000152587891,68781,0.0,0.0
2023-06-06 11:30:00-04:00,4.710000038146973,4.735000133514404,4.699999809265137,4.71999979019165,37845,0.0,0.0
2023-06-06 12:30:00-04:00,4.724999904632568,4.724999904632568,4.664999961853027,4.679999828338623,43477,0.0,0.0
2023-06-06 13:30:00-04:00,4.679999828338623,4.699999809265137,4.670000076293945,4.699999809265137,32230,0.0,0.0
2023-06-06 14:30:00-04:00,4.699999809265137,4.75,4.690000057220459,4.724999904632568,60138,0.0,0.0
2023-06-06 15:30:00-04:00,4.724999904632568,4.730000019073486,4.699999809265137,4.699999809265137,87099,0.0,0.0
2023-06-07 09:30:00-04:00,4.71999979019165,4.980000019073486,4.71999979019165,4.918900012969971,102894,0.0,0.0
2023-06-07 10:30:00-04:00,4.920000076293945,4.920000076293945,4.869999885559082,4.909999847412109,81464,0.0,0.0
2023-06-07 11:30:00-04:00,4.909999847412109,4.940000057220459,4.89300012588501,4.914999961853027,61418,0.0,0.0
2023-06-07 12:30:00-04:00,4.920000076293945,4.920000076293945,4.885000228881836,4.894999980926514,47022,0.0,0.0
2023-06-07 13:30:00-04:00,4.889999866485596,4.934999942779541,4.885000228881836,4.934999942779541,44345,0.0,0.0
2023-06-07 14:30:00-04:00,4.934999942779541,4.980000019073486,4.929999828338623,4.965000152587891,89770,0.0,0.0
2023-06-07 15:30:00-04:00,4.960000038146973,4.980000019073486,4.920000076293945,4.940000057220459,110108,0.0,0.0
2023-06-08 09:30:00-04:00,4.920000076293945,4.98199987411499,4.900000095367432,4.900000095367432,97497,0.0,0.0
2023-06-08 10:30:00-04:00,4.909999847412109,4.909999847412109,4.849999904632568,4.880000114440918,54606,0.0,0.0
2023-06-08 11:30:00-04:00,4.880000114440918,4.885000228881836,4.84499979019165,4.880000114440918,45815,0.0,0.0
2023-06-08 12:30:00-04:00,4.875,4.914999961853027,4.869999885559082,4.900000095367432,47648,0.0,0.0
2023-06-08 13:30:00-04:00,4.894999980926514,4.90500020980835,4.860000133514404,4.889999866485596,51372,0.0,0.0
2023-06-08 14:30:00-04:00,4.889999866485596,4.90500020980835,4.889999866485596,4.900000095367432,49494,0.0,0.0
2023-06-08 15:30:00-04:00,4.894999980926514,4.894999980926514,4.84499979019165,4.869999885559082,70513,0.0,0.0
2023-06-09 09:30:00-04:00,4.840000152587891,4.929999828338623,4.840000152587891,4.929999828338623,57197,0.0,0.0
2023-06-09 10:30:00-04:00,4.920000076293945,4.929999828338623,4.880000114440918,4.885000228881836,44818,0.0,0.0
2023-06-09 11:30:00-04:00,4.880000114440918,4.909999847412109,4.860000133514404,4.875,36301,0.0,0.0
2023-06-09 12:30:00-04:00,4.875,4.894999980926514,4.872499942779541,4.894999980926514,28534,0.0,0.0
2023-06-09 13:30:00-04:00,4.889999866485596,4.920000076293945,4.885000228881836,4.914999961853027,47399,0.0,0.0
2023-06-09 14:30:00-04:00,4.914999961853027,4.929999828338623,4.880000114440918,4.925000190734863,40091,0.0,0.0
2023-06-09 15:30:00-04:00,4.926000118255615,4.940000057220459,4.889999866485596,4.90500020980835,57134,0.0,0.0
2023-06-12 09:30:00-04:00,4.900000095367432,5.045000076293945,4.889999866485596,4.985000133514404,74696,0.0,0.0
2023-06-12 10:30:00-04:00,4.9868998527526855,5.014999866485596,4.980000019073486,5.014999866485596,54832,0.0,0.0
2023-06-12 11:30:00-04:00,5.019999980926514,5.039999961853027,4.985000133514404,5.034999847412109,39134,0.0,0.0
2023-06-12 12:30:00-04:00,5.034999847412109,5.034999847412109,4.994999885559082,5.010000228881836,40923,0.0,0.0
2023-06-12 13:30:00-04:00,5.014999866485596,5.070000171661377,5.010000228881836,5.065000057220459,53851,0.0,0.0
2023-06-12 14:30:00-04:00,5.059999942779541,5.09499979019165,5.010000228881836,5.014999866485596,59343,0.0,0.0
2023-06-12 15:30:00-04:00,5.014999866485596,5.039999961853027,4.980000019073486,4.989999771118164,107283,0.0,0.0
2023-06-13 09:30:00-04:00,4.989999771118164,5.050000190734863,4.925000190734863,5.019999980926514,85678,0.0,0.0
2023-06-13 10:30:00-04:00,5.025000095367432,5.03000020980835,4.960000038146973,4.994999885559082,48768,0.0,0.0
2023-06-13 11:30:00-04:00,5.0,5.050000190734863,4.980000019073486,5.050000190734863,81937,0.0,0.0
2023-06-13 12:30:00-04:00,5.050000190734863,5.085000038146973,5.039999961853027,5.065000057220459,43394,0.0,0.0
2023-06-13 13:30:00-04:00,5.065000057220459,5.070000171661377,5.019999980926514,5.025000095367432,38506,0.0,0.0
2023-06-13 14:30:00-04:00,5.025000095367432,5.039999961853027,5.0,5.039999961853027,59332,0.0,0.0
2023-06-13 15:30:00-04:00,5.034999847412109,5.050000190734863,5.019999980926514,5.019999980926514,84410,0.0,0.0
2023-06-14 09:30:00-04:00,5.03000020980835,5.079999923706055,4.989999771118164,4.994999885559082,26368,0.0,0.0
2023-06-14 10:30:00-04:00,5.0,5.014999866485596,4.980000019073486,4.985000133514404,30256,0.0,0.0
2023-06-14 11:30:00-04:00,4.980000019073486,5.010000228881836,4.980000019073486,4.980000019073486,40987,0.0,0.0
2023-06-14 12:30:00-04:00,4.980000019073486,5.005000114440918,4.965000152587891,4.965000152587891,50289,0.0,0.0
2023-06-14 13:30:00-04:00,4.965000152587891,4.980000019073486,4.909999847412109,4.920000076293945,38896,0.0,0.0
2023-06-14 14:30:00-04:00,4.929999828338623,4.989999771118164,4.925000190734863,4.974999904632568,52101,0.0,0.0
2023-06-14 15:30:00-04:00,4.974999904632568,4.980000019073486,4.894999980926514,4.909999847412109,125742,0.0,0.0
2023-06-15 09:30:00-04:00,4.900000095367432,5.019999980926514,4.855000019073486,4.965000152587891,56262,0.0,0.0
2023-06-15 10:30:00-04:00,4.960000038146973,4.960000038146973,4.900000095367432,4.940000057220459,35227,0.0,0.0
2023-06-15 11:30:00-04:00,4.940000057220459,4.960000038146973,4.929999828338623,4.960000038146973,27416,0.0,0.0
2023-06-15 12:30:00-04:00,4.960000038146973,4.985000133514404,4.954999923706055,4.965000152587891,31152,0.0,0.0
2023-06-15 13:30:00-04:00,4.960000038146973,4.994999885559082,4.949999809265137,4.960000038146973,35224,0.0,0.0
2023-06-15 14:30:00-04:00,4.960000038146973,4.994999885559082,4.960000038146973,4.980000019073486,44785,0.0,0.0
2023-06-15 15:30:00-04:00,4.980000019073486,4.989999771118164,4.954999923706055,4.980000019073486,63477,0.0,0.0
2023-06-16 09:30:00-04:00,5.010000228881836,5.010000228881836,4.914999961853027,4.940000057220459,150199,0.0,0.0
2023-06-16 10:30:00-04:00,4.949999809265137,4.96999979019165,4.940000057220459,4.954999923706055,49761,0.0,0.0
2023-06-16 11:30:00-04:00,4.960000038146973,5.010000228881836,4.949999809265137,5.007500171661377,69492,0.0,0.0
2023-06-16 12:30:00-04:00,5.010000228881836,5.019999980926514,4.989999771118164,4.994999885559082,16954,0.0,0.0
2023-06-16 13:30:00-04:00,4.989999771118164,5.059999942779541,4.985000133514404,5.039999961853027,49588,0.0,0.0
2023-06-16 14:30:00-04:00,5.045000076293945,5.065000057220459,5.005000114440918,5.065000057220459,62068,0.0,0.0
2023-06-16 15:30:00-04:00,5.059999942779541,5.070000171661377,5.010000228881836,5.014999866485596,111991,0.0,0.0
2023-06-20 09:30:00-04:00,4.980000019073486,5.179999828338623,4.980000019073486,5.074999809265137,155392,0.0,0.0
2023-06-20 10:30:00-04:00,5.079999923706055,5.190000057220459,5.079999923706055,5.175000190734863,106706,0.0,0.0
2023-06-20 11:30:00-04:00,5.175000190734863,5.175000190734863,5.099999904632568,5.159999847412109,61625,0.0,0.0
2023-06-20 12:30:00-04:00,5.159999847412109,5.177499771118164,5.15500020980835,5.15500020980835,36971,0.0,0.0
2023-06-20 13:30:00-04:00,5.15500020980835,5.210000038146973,5.15500020980835,5.175000190734863,41975,0.0,0.0
2023-06-20 14:30:00-04:00,5.175000190734863,5.230000019073486,5.159999847412109,5.224999904632568,52126,0.0,0.0
2023-06-20 15:30:00-04:00,5.224999904632568,5.235000133514404,5.159999847412109,5.159999847412109,112464,0.0,0.0
2023-06-21 09:30:00-04:00,5.170000076293945,5.28000020980835,5.139999866485596,5.264999866485596,78929,0.0,0.0
2023-06-21 10:30:00-04:00,5.269999980926514,5.284999847412109,5.239999771118164,5.275000095367432,67046,0.0,0.0
2023-06-21 11:30:00-04:00,5.275000095367432,5.340000152587891,5.255000114440918,5.329999923706055,49628,0.0,0.0
2023-06-21 12:30:00-04:00,5.335000038146973,5.360000133514404,5.28000020980835,5.28000020980835,50872,0.0,0.0
2023-06-21 13:30:00-04:00,5.28000020980835,5.320000171661377,5.269999980926514,5.304999828338623,39166,0.0,0.0
2023-06-21 14:30:00-04:00,5.304999828338623,5.315000057220459,5.28000020980835,5.295000076293945,54760,0.0,0.0
2023-06-21 15:30:00-04:00,5.289999961853027,5.289999961853027,5.230000019073486,5.235000133514404,73716,0.0,0.0
2023-06-22 09:30:00-04:00,5.230000019073486,5.230000019073486,5.079999923706055,5.144999980926514,56436,0.0,0.0
2023-06-22 10:30:00-04:00,5.139999866485596,5.139999866485596,5.085000038146973,5.09499979019165,34942,0.0,0.0
2023-06-22 11:30:00-04:00,5.09499979019165,5.190000057220459,5.09499979019165,5.15500020980835,56886,0.0,0.0
2023-06-22 12:30:00-04:00,5.15500020980835,5.190000057220459,5.15500020980835,5.164999961853027,29985,0.0,0.0
2023-06-22 13:30:00-04:00,5.164999961853027,5.179999828338623,5.15500020980835,5.179999828338623,25922,0.0,0.0
2023-06-22 14:30:00-04:00,5.184999942779541,5.190000057220459,5.150100231170654,5.150100231170654,26116,0.0,0.0
2023-06-22 15:30:00-04:00,5.15500020980835,5.170000076293945,5.114999771118164,5.135000228881836,118603,0.0,0.0
2023-06-23 09:30:00-04:00,5.050000190734863,5.079999923706055,5.010000228881836,5.054999828338623,62110,0.0,0.0
2023-06-23 10:30:00-04:00,5.054999828338623,5.079999923706055,5.025000095367432,5.034999847412109,41084,0.0,0.0
2023-06-23 11:30:00-04:00,5.03000020980835,5.059999942779541,5.019999980926514,5.057499885559082,43175,0.0,0.0
2023-06-23 12:30:00-04:00,5.054999828338623,5.059999942779541,4.98199987411499,5.0,32510,0.0,0.0
2023-06-23 13:30:00-04:00,4.994999885559082,5.019999980926514,4.965000152587891,4.980000019073486,52573,0.0,0.0
2023-06-23 14:30:00-04:00,4.985000133514404,4.987500190734863,4.920000076293945,4.929999828338623,110577,0.0,0.0
2023-06-23 15:30:00-04:00,4.929999828338623,4.949999809265137,4.829999923706055,4.860000133514404,553543,0.0,0.0
2023-06-26 09:30:00-04:00,4.889999866485596,5.199999809265137,4.889999866485596,5.199999809265137,188711,0.0,0.0
2023-06-26 10:30:00-04:00,5.210000038146973,5.28000020980835,5.150000095367432,5.170000076293945,182440,0.0,0.0
2023-06-26 11:30:00-04:00,5.164999961853027,5.224999904632568,5.15500020980835,5.170000076293945,102797,0.0,0.0
2023-06-26 12:30:00-04:00,5.170000076293945,5.190000057220459,5.150000095367432,5.190000057220459,72058,0.0,0.0
2023-06-26 13:30:00-04:00,5.190000057220459,5.210000038146973,5.175000190734863,5.190000057220459,70827,0.0,0.0
2023-06-26 14:30:00-04:00,5.190000057220459,5.190000057220459,5.135000228881836,5.15500020980835,117994,0.0,0.0
2023-06-26 15:30:00-04:00,5.150000095367432,5.159999847412109,5.099999904632568,5.110000133514404,126626,0.0,0.0
2023-06-27 09:30:00-04:00,5.059999942779541,5.099999904632568,5.025000095367432,5.065000057220459,102013,0.0,0.0
2023-06-27 10:30:00-04:00,5.070000171661377,5.079999923706055,5.025000095367432,5.050000190734863,86517,0.0,0.0
2023-06-27 11:30:00-04:00,5.050000190734863,5.070000171661377,5.039999961853027,5.059999942779541,40338,0.0,0.0
2023-06-27 12:30:00-04:00,5.059999942779541,5.079999923706055,5.039999961853027,5.054999828338623,74112,0.0,0.0
2023-06-27 13:30:00-04:00,5.054999828338623,5.059999942779541,4.96999979019165,4.985000133514404,74223,0.0,0.0
2023-06-27 14:30:00-04:00,4.985000133514404,4.994999885559082,4.925000190734863,4.945000171661377,95146,0.0,0.0
2023-06-27 15:30:00-04:00,4.949999809265137,4.960000038146973,4.880000114440918,4.889999866485596,246143,0.0,0.0
2023-06-28 09:30:00-04:00,4.880000114440918,4.989999771118164,4.820000171661377,4.914999961853027,87813,0.0,0.0
2023-06-28 10:30:00-04:00,4.914999961853027,4.925000190734863,4.875,4.885000228881836,85156,0.0,0.0
2023-06-28 11:30:00-04:00,4.885000228881836,4.920000076293945,4.885000228881836,4.885000228881836,95076,0.0,0.0
2023-06-28 12:30:00-04:00,4.885000228881836,4.900000095367432,4.829999923706055,4.864999771118164,55146,0.0,0.0
2023-06-28 13:30:00-04:00,4.864999771118164,4.869999885559082,4.830100059509277,4.84499979019165,70089,0.0,0.0
2023-06-28 14:30:00-04:00,4.84499979019165,4.864999771118164,4.829999923706055,4.855000019073486,107217,0.0,0.0
2023-06-28 15:30:00-04:00,4.855000019073486,4.860000133514404,4.840000152587891,4.849999904632568,152619,0.0,0.0
2023-06-29 09:30:00-04:00,4.820000171661377,4.889999866485596,4.820000171661377,4.840000152587891,143319,0.0,0.0
2023-06-29 10:30:00-04:00,4.840000152587891,4.84499979019165,4.769999980926514,4.775000095367432,59051,0.0,0.0
2023-06-29 11:30:00-04:00,4.775000095367432,4.840000152587891,4.775000095367432,4.815000057220459,42331,0.0,0.0
2023-06-29 12:30:00-04:00,4.809999942779541,4.855000019073486,4.809999942779541,4.84499979019165,31906,0.0,0.0
2023-06-29 13:30:00-04:00,4.84499979019165,4.869999885559082,4.784999847412109,4.809999942779541,69856,0.0,0.0
2023-06-29 14:30:00-04:00,4.809999942779541,4.820000171661377,4.755000114440918,4.820000171661377,142932,0.0,0.0
2023-06-29 15:30:00-04:00,4.815000057220459,4.869999885559082,4.809999942779541,4.860000133514404,143080,0.0,0.0
2023-06-30 09:30:00-04:00,4.909999847412109,4.960000038146973,4.880000114440918,4.929999828338623,98548,0.0,0.0
2023-06-30 10:30:00-04:00,4.934999942779541,4.96999979019165,4.894999980926514,4.914999961853027,106191,0.0,0.0
2023-06-30 11:30:00-04:00,4.909999847412109,4.9456000328063965,4.900000095367432,4.940000057220459,73855,0.0,0.0
2023-06-30 12:30:00-04:00,4.934999942779541,4.945000171661377,4.920000076293945,4.925000190734863,46761,0.0,0.0
2023-06-30 13:30:00-04:00,4.925000190734863,4.929999828338623,4.880000114440918,4.900000095367432,59288,0.0,0.0
2023-06-30 14:30:00-04:00,4.900000095367432,4.900000095367432,4.849999904632568,4.889999866485596,89316,0.0,0.0
2023-06-30 15:30:00-04:00,4.889999866485596,4.920000076293945,4.840000152587891,4.900000095367432,255124,0.0,0.0
2023-07-03 09:30:00-04:00,4.929999828338623,5.159999847412109,4.929999828338623,5.079999923706055,110841,0.0,0.0
2023-07-03 10:30:00-04:00,5.079999923706055,5.09499979019165,5.014999866485596,5.059999942779541,61760,0.0,0.0
2023-07-03 11:30:00-04:00,5.059999942779541,5.070000171661377,5.005000114440918,5.010000228881836,61927,0.0,0.0
2023-07-05 09:30:00-04:00,5.019999980926514,5.019999980926514,4.949999809265137,5.010000228881836,62097,0.0,0.0
2023-07-05 10:30:00-04:00,5.010000228881836,5.050000190734863,5.0,5.019999980926514,47816,0.0,0.0
2023-07-05 11:30:00-04:00,5.019999980926514,5.054999828338623,5.014999866485596,5.03000020980835,75736,0.0,0.0
2023-07-05 12:30:00-04:00,5.025000095367432,5.039999961853027,5.010900020599365,5.034999847412109,35943,0.0,0.0
2023-07-05 13:30:00-04:00,5.034999847412109,5.070000171661377,5.034999847412109,5.045000076293945,48115,0.0,0.0
2023-07-05 14:30:00-04:00,5.050000190734863,5.059999942779541,5.010000228881836,5.034999847412109,65185,0.0,0.0
2023-07-05 15:30:00-04:00,5.034999847412109,5.070000171661377,5.019999980926514,5.019999980926514,144294,0.0,0.0
2023-07-06 09:30:00-04:00,4.949999809265137,4.965000152587891,4.840000152587891,4.840000152587891,47586,0.0,0.0
2023-07-06 10:30:00-04:00,4.84499979019165,4.860000133514404,4.820000171661377,4.824999809265137,42849,0.0,0.0
2023-07-06 11:30:00-04:00,4.835000038146973,4.84499979019165,4.809999942779541,4.829999923706055,37438,0.0,0.0
2023-07-06 12:30:00-04:00,4.829999923706055,4.875,4.824999809265137,4.860000133514404,33009,0.0,0.0
2023-07-06 13:30:00-04:00,4.860000133514404,4.885000228881836,4.840000152587891,4.849999904632568,53002,0.0,0.0
2023-07-06 14:30:00-04:00,4.849999904632568,4.849999904632568,4.809999942779541,4.820000171661377,36297,0.0,0.0
2023-07-06 15:30:00-04:00,4.820000171661377,4.829999923706055,4.789999961853027,4.824999809265137,100555,0.0,0.0
2023-07-07 09:30:00-04:00,4.800000190734863,4.914999961853027,4.800000190734863,4.889999866485596,46362,0.0,0.0
2023-07-07 10:30:00-04:00,4.885000228881836,4.934999942779541,4.880000114440918,4.90500020980835,37477,0.0,0.0
2023-07-07 11:30:00-04:00,4.900000095367432,4.920000076293945,4.880000114440918,4.920000076293945,28086,0.0,0.0
2023-07-07 12:30:00-04:00,4.920000076293945,4.934999942779541,4.900000095367432,4.909999847412109,27597,0.0,0.0
2023-07-07 13:30:00-04:00,4.909999847412109,4.920000076293945,4.889999866485596,4.920000076293945,31527,0.0,0.0
2023-07-07 14:30:00-04:00,4.920000076293945,4.980000019073486,4.909999847412109,4.974999904632568,53407,0.0,0.0
2023-07-07 15:30:00-04:00,4.980000019073486,4.985000133514404,4.929999828338623,4.934999942779541,55615,0.0,0.0
2023-07-10 09:30:00-04:00,4.889999866485596,4.989999771118164,4.880000114440918,4.960000038146973,22721,0.0,0.0
2023-07-10 10:30:00-04:00,4.949999809265137,4.954999923706055,4.920000076293945,4.929999828338623,22490,0.0,0.0
2023-07-10 11:30:00-04:00,4.925000190734863,4.940000057220459,4.920000076293945,4.934999942779541,10947,0.0,0.0
2023-07-10 12:30:00-04:00,4.934999942779541,4.940000057220459,4.920000076293945,4.925000190734863,11558,0.0,0.0
2023-07-10 13:30:00-04:00,4.925000190734863,4.925000190734863,4.909999847412109,4.914999961853027,12623,0.0,0.0
2023-07-10 14:30:00-04:00,4.920000076293945,4.940000057220459,4.880000114440918,4.934999942779541,44465,0.0,0.0
2023-07-10 15:30:00-04:00,4.932000160217285,4.96999979019165,4.925000190734863,4.940000057220459,73364,0.0,0.0
2023-07-11 09:30:00-04:00,4.949999809265137,4.96999979019165,4.909999847412109,4.96999979019165,43775,0.0,0.0
2023-07-11 10:30:00-04:00,4.960000038146973,4.96999979019165,4.889999866485596,4.920000076293945,73484,0.0,0.0
2023-07-11 11:30:00-04:00,4.920000076293945,4.949999809265137,4.900000095367432,4.949999809265137,29684,0.0,0.0
2023-07-11 12:30:00-04:00,4.949999809265137,5.0,4.949999809265137,5.0,41141,0.0,0.0
2023-07-11 13:30:00-04:00,4.994999885559082,4.994999885559082,4.965000152587891,4.989999771118164,43565,0.0,0.0
2023-07-11 14:30:00-04:00,4.989999771118164,4.999899864196777,4.965000152587891,4.965000152587891,67645,0.0,0.0
2023-07-11 15:30:00-04:00,4.965000152587891,4.980000019073486,4.934999942779541,4.96999979019165,172729,0.0,0.0
2023-07-12 09:30:00-04:00,5.079999923706055,5.079999923706055,4.880000114440918,4.885000228881836,32065,0.0,0.0
2023-07-12 10:30:00-04:00,4.889999866485596,4.974999904632568,4.880000114440918,4.949999809265137,62746,0.0,0.0
2023-07-12 11:30:00-04:00,4.960000038146973,4.960000038146973,4.934999942779541,4.940000057220459,15828,0.0,0.0
2023-07-12 12:30:00-04:00,4.940000057220459,4.960000038146973,4.940000057220459,4.945000171661377,10162,0.0,0.0
2023-07-12 13:30:00-04:00,4.949999809265137,4.960000038146973,4.934999942779541,4.954999923706055,18012,0.0,0.0
2023-07-12 14:30:00-04:00,4.960000038146973,4.960000038146973,4.889999866485596,4.900000095367432,23070,0.0,0.0
2023-07-12 15:30:00-04:00,4.900000095367432,4.920000076293945,4.889999866485596,4.889999866485596,50976,0.0,0.0
2023-07-13 09:30:00-04:00,4.920000076293945,4.929999828338623,4.860000133514404,4.875,32734,0.0,0.0
2023-07-13 10:30:00-04:00,4.875,4.917500019073486,4.869999885559082,4.917500019073486,27970,0.0,0.0
2023-07-13 11:30:00-04:00,4.909999847412109,4.925000190734863,4.889999866485596,4.900000095367432,14187,0.0,0.0
2023-07-13 12:30:00-04:00,4.900000095367432,4.90500020980835,4.849999904632568,4.855000019073486,17876,0.0,0.0
2023-07-13 13:30:00-04:00,4.849999904632568,4.860000133514404,4.809999942779541,4.827499866485596,59070,0.0,0.0
2023-07-13 14:30:00-04:00,4.827499866485596,4.829999923706055,4.730000019073486,4.730000019073486,60951,0.0,0.0
2023-07-13 15:30:00-04:00,4.730000019073486,4.764999866485596,4.724999904632568,4.760000228881836,141621,0.0,0.0
2023-07-14 09:30:00-04:00,4.760000228881836,4.800000190734863,4.570000171661377,4.610000133514404,122578,0.0,0.0
2023-07-14 10:30:00-04:00,4.610000133514404,4.619999885559082,4.579999923706055,4.619999885559082,36645,0.0,0.0
2023-07-14 11:30:00-04:00,4.619999885559082,4.649899959564209,4.610000133514404,4.625,35957,0.0,0.0
2023-07-14 12:30:00-04:00,4.629899978637695,4.670000076293945,4.614999771118164,4.670000076293945,43606,0.0,0.0
2023-07-14 13:30:00-04:00,4.669899940490723,4.71999979019165,4.644999980926514,4.704999923706055,50988,0.0,0.0
2023-07-14 14:30:00-04:00,4.710000038146973,4.71999979019165,4.659999847412109,4.710000038146973,101855,0.0,0.0
2023-07-14 15:30:00-04:00,4.710000038146973,4.730000019073486,4.699999809265137,4.730000019073486,92542,0.0,0.0
2023-07-17 09:30:00-04:00,4.739999771118164,4.840000152587891,4.704999923706055,4.815000057220459,92204,0.0,0.0
2023-07-17 10:30:00-04:00,4.815000057220459,4.885000228881836,4.809999942779541,4.869999885559082,56981,0.0,0.0
2023-07-17 11:30:00-04:00,4.864999771118164,4.909999847412109,4.860000133514404,4.90500020980835,50976,0.0,0.0
2023-07-17 12:30:00-04:00,4.909999847412109,4.934999942779541,4.880000114440918,4.925000190734863,55130,0.0,0.0
2023-07-17 13:30:00-04:00,4.925000190734863,4.980000019073486,4.920000076293945,4.980000019073486,56240,0.0,0.0
2023-07-17 14:30:00-04:00,4.980000019073486,4.989999771118164,4.934999942779541,4.934999942779541,78970,0.0,0.0
2023-07-17 15:30:00-04:00,4.934999942779541,4.960000038146973,4.900000095367432,4.90500020980835,108096,0.0,0.0
2023-07-18 09:30:00-04:00,4.889999866485596,5.03000020980835,4.889999866485596,4.989999771118164,54339,0.0,0.0
2023-07-18 10:30:00-04:00,4.989999771118164,4.989999771118164,4.974999904632568,4.980000019073486,16526,0.0,0.0
2023-07-18 11:30:00-04:00,4.980000019073486,5.0,4.954999923706055,4.965000152587891,43246,0.0,0.0
2023-07-18 12:30:00-04:00,4.96999979019165,5.025000095367432,4.96999979019165,5.025000095367432,18980,0.0,0.0
2023-07-18 13:30:00-04:00,5.019999980926514,5.03000020980835,5.0,5.0,23273,0.0,0.0
2023-07-18 14:30:00-04:00,5.005000114440918,5.054999828338623,4.994999885559082,5.054999828338623,73630,0.0,0.0
2023-07-18 15:30:00-04:00,5.050000190734863,5.059999942779541,5.03000020980835,5.059999942779541,30324,0.0,0.0
2023-07-19 09:30:00-04:00,5.090000152587891,5.119999885559082,5.019999980926514,5.105000019073486,46066,0.0,0.0
2023-07-19 10:30:00-04:00,5.110000133514404,5.144999980926514,5.050000190734863,5.079999923706055,46044,0.0,0.0
2023-07-19 11:30:00-04:00,5.074999809265137,5.110000133514404,5.059999942779541,5.059999942779541,46417,0.0,0.0
2023-07-19 12:30:00-04:00,5.054999828338623,5.079999923706055,5.025000095367432,5.065000057220459,31040,0.0,0.0
2023-07-19 13:30:00-04:00,5.059999942779541,5.059999942779541,5.010000228881836,5.010000228881836,19267,0.0,0.0
2023-07-19 14:30:00-04:00,5.014999866485596,5.059999942779541,5.010000228881836,5.045000076293945,33666,0.0,0.0
2023-07-19 15:30:00-04:00,5.045000076293945,5.050000190734863,5.019999980926514,5.019999980926514,41578,0.0,0.0
2023-07-20 09:30:00-04:00,5.010000228881836,5.059999942779541,5.0,5.025000095367432,22014,0.0,0.0
2023-07-20 10:30:00-04:00,5.025000095367432,5.045000076293945,5.019999980926514,5.039999961853027,16785,0.0,0.0
2023-07-20 11:30:00-04:00,5.039999961853027,5.059999942779541,5.019999980926514,5.025000095367432,35390,0.0,0.0
2023-07-20 12:30:00-04:00,5.019999980926514,5.03000020980835,5.019999980926514,5.025000095367432,8970,0.0,0.0
2023-07-20 13:30:00-04:00,5.025000095367432,5.034999847412109,5.014999866485596,5.034999847412109,34083,0.0,0.0
2023-07-20 14:30:00-04:00,5.034999847412109,5.045000076293945,5.034999847412109,5.039999961853027,20614,0.0,0.0
2023-07-20 15:30:00-04:00,5.045000076293945,5.045000076293945,5.010000228881836,5.010000228881836,35294,0.0,0.0
2023-07-21 09:30:00-04:00,5.070000171661377,5.119999885559082,5.050000190734863,5.050000190734863,57820,0.0,0.0
2023-07-21 10:30:00-04:00,5.050000190734863,5.065000057220459,5.049900054931641,5.054999828338623,19325,0.0,0.0
2023-07-21 11:30:00-04:00,5.059999942779541,5.065000057220459,5.03000020980835,5.03000020980835,21069,0.0,0.0
2023-07-21 12:30:00-04:00,5.032100200653076,5.039999961853027,5.010000228881836,5.034999847412109,13785,0.0,0.0
2023-07-21 13:30:00-04:00,5.034999847412109,5.050000190734863,5.03000020980835,5.034999847412109,12355,0.0,0.0
2023-07-21 14:30:00-04:00,5.034999847412109,5.070000171661377,5.03249979019165,5.065000057220459,31726,0.0,0.0
2023-07-21 15:30:00-04:00,5.069900035858154,5.070000171661377,5.010000228881836,5.019999980926514,45017,0.0,0.0
2023-07-24 09:30:00-04:00,5.0,5.090000152587891,5.0,5.014999866485596,32604,0.0,0.0
2023-07-24 10:30:00-04:00,5.010000228881836,5.03000020980835,4.985000133514404,5.025000095367432,55746,0.0,0.0
2023-07-24 11:30:00-04:00,5.025000095367432,5.059999942779541,5.019999980926514,5.054999828338623,9095,0.0,0.0
2023-07-24 12:30:00-04:00,5.054999828338623,5.070000171661377,5.045000076293945,5.065000057220459,20692,0.0,0.0
2023-07-24 13:30:00-04:00,5.065000057220459,5.114999771118164,5.059999942779541,5.114999771118164,25107,0.0,0.0
2023-07-24 14:30:00-04:00,5.110000133514404,5.110000133514404,5.079999923706055,5.085000038146973,30794,0.0,0.0
2023-07-24 15:30:00-04:00,5.079999923706055,5.125,5.079999923706055,5.110000133514404,52398,0.0,0.0
2023-07-25 09:30:00-04:00,5.079999923706055,5.135000228881836,5.074999809265137,5.135000228881836,19528,0.0,0.0
2023-07-25 10:30:00-04:00,5.125,5.150000095367432,5.119999885559082,5.150000095367432,28267,0.0,0.0
2023-07-25 11:30:00-04:00,5.159999847412109,5.164999961853027,5.111599922180176,5.135000228881836,27043,0.0,0.0
2023-07-25 12:30:00-04:00,5.135000228881836,5.15500020980835,5.125,5.150000095367432,20692,0.0,0.0
2023-07-25 13:30:00-04:00,5.159999847412109,5.179999828338623,5.135000228881836,5.135000228881836,26499,0.0,0.0
2023-07-25 14:30:00-04:00,5.135000228881836,5.15500020980835,5.119999885559082,5.125,33671,0.0,0.0
2023-07-25 15:30:00-04:00,5.125,5.130000114440918,5.070000171661377,5.074999809265137,74635,0.0,0.0
2023-07-26 09:30:00-04:00,5.079999923706055,5.199999809265137,5.070000171661377,5.164999961853027,23675,0.0,0.0
2023-07-26 10:30:00-04:00,5.164999961853027,5.190000057220459,5.130000114440918,5.130000114440918,45476,0.0,0.0
2023-07-26 11:30:00-04:00,5.130000114440918,5.175000190734863,5.130000114440918,5.175000190734863,16530,0.0,0.0
2023-07-26 12:30:00-04:00,5.175000190734863,5.179999828338623,5.159999847412109,5.162499904632568,25600,0.0,0.0
2023-07-26 13:30:00-04:00,5.164999961853027,5.175000190734863,5.139999866485596,5.15500020980835,40368,0.0,0.0
2023-07-26 14:30:00-04:00,5.15500020980835,5.179999828338623,5.139999866485596,5.15500020980835,58134,0.0,0.0
2023-07-26 15:30:00-04:00,5.15500020980835,5.164999961853027,5.150000095367432,5.150000095367432,65864,0.0,0.0
2023-07-27 09:30:00-04:00,5.190000057220459,5.230000019073486,5.110000133514404,5.119999885559082,35851,0.0,0.0
2023-07-27 10:30:00-04:00,5.130000114440918,5.190000057220459,5.119999885559082,5.159999847412109,23496,0.0,0.0
2023-07-27 11:30:00-04:00,5.164999961853027,5.184999942779541,5.159999847412109,5.184999942779541,27388,0.0,0.0
2023-07-27 12:30:00-04:00,5.190000057220459,5.195000171661377,5.150000095367432,5.150000095367432,18237,0.0,0.0
2023-07-27 13:30:00-04:00,5.150000095367432,5.159999847412109,5.110000133514404,5.110000133514404,29828,0.0,0.0
2023-07-27 14:30:00-04:00,5.102499961853027,5.102499961853027,5.050000190734863,5.065000057220459,44946,0.0,0.0
2023-07-27 15:30:00-04:00,5.065000057220459,5.079999923706055,5.039999961853027,5.079999923706055,40278,0.0,0.0
2023-07-28 09:30:00-04:00,5.099999904632568,5.269999980926514,5.099999904632568,5.269999980926514,53953,0.0,0.0
2023-07-28 10:30:00-04:00,5.269999980926514,5.275000095367432,5.224999904632568,5.224999904632568,29269,0.0,0.0
2023-07-28 11:30:00-04:00,5.230000019073486,5.260000228881836,5.135000228881836,5.164999961853027,126028,0.0,0.0
2023-07-28 12:30:00-04:00,5.164999961853027,5.170000076293945,5.125,5.130000114440918,54537,0.0,0.0
2023-07-28 13:30:00-04:00,5.130000114440918,5.170000076293945,5.079999923706055,5.164999961853027,124533,0.0,0.0
2023-07-28 14:30:00-04:00,5.170000076293945,5.179999828338623,5.150000095367432,5.179999828338623,37530,0.0,0.0
2023-07-28 15:30:00-04:00,5.175000190734863,5.199999809265137,5.170000076293945,5.190000057220459,55144,0.0,0.0
2023-07-31 09:30:00-04:00,5.190000057220459,5.25,5.179999828338623,5.224999904632568,28946,0.0,0.0
2023-07-31 10:30:00-04:00,5.224999904632568,5.239999771118164,5.199999809265137,5.235000133514404,18707,0.0,0.0
2023-07-31 11:30:00-04:00,5.230000019073486,5.230000019073486,5.170000076293945,5.179999828338623,25056,0.0,0.0
2023-07-31 12:30:00-04:00,5.190000057220459,5.195000171661377,5.170000076293945,5.184999942779541,15136,0.0,0.0
2023-07-31 13:30:00-04:00,5.184999942779541,5.230000019073486,5.179999828338623,5.184999942779541,47739,0.0,0.0
2023-07-31 14:30:00-04:00,5.179999828338623,5.199999809265137,5.179999828338623,5.199999809265137,23437,0.0,0.0
2023-07-31 15:30:00-04:00,5.195000171661377,5.199999809265137,5.150000095367432,5.164999961853027,54078,0.0,0.0
2023-08-01 09:30:00-04:00,5.159999847412109,5.175000190734863,5.010000228881836,5.010000228881836,58843,0.0,0.0
2023-08-01 10:30:00-04:00,5.010000228881836,5.039999961853027,4.989999771118164,5.0,54689,0.0,0.0
2023-08-01 11:30:00-04:00,5.0,5.014999866485596,5.0,5.005000114440918,36549,0.0,0.0
2023-08-01 12:30:00-04:00,5.010000228881836,5.025000095367432,4.989999771118164,5.019999980926514,34844,0.0,0.0
2023-08-01 13:30:00-04:00,5.03000020980835,5.034999847412109,4.989999771118164,4.989999771118164,38596,0.0,0.0
2023-08-01 14:30:00-04:00,4.989999771118164,4.989999771118164,4.960000038146973,4.980000019073486,66797,0.0,0.0
2023-08-01 15:30:00-04:00,4.980000019073486,5.03000020980835,4.974999904632568,5.0,106798,0.0,0.0
2023-08-02 09:30:00-04:00,4.980000019073486,5.039999961853027,4.960000038146973,5.019999980926514,42719,0.0,0.0
2023-08-02 10:30:00-04:00,5.014999866485596,5.019999980926514,4.994999885559082,5.014999866485596,16866,0.0,0.0
2023-08-02 11:30:00-04:00,5.014999866485596,5.019999980926514,4.96999979019165,5.0,42682,0.0,0.0
2023-08-02 12:30:00-04:00,5.005000114440918,5.010000228881836,4.96999979019165,4.974999904632568,17834,0.0,0.0
2023-08-02 13:30:00-04:00,4.974999904632568,5.0,4.96999979019165,4.989999771118164,25062,0.0,0.0
2023-08-02 14:30:00-04:00,4.989999771118164,4.989999771118164,4.965000152587891,4.96999979019165,25143,0.0,0.0
2023-08-02 15:30:00-04:00,4.974999904632568,4.980000019073486,4.940000057220459,4.940000057220459,46725,0.0,0.0
2023-08-03 09:30:00-04:00,4.949999809265137,5.019999980926514,4.949999809265137,4.949999809265137,42478,0.0,0.0
2023-08-03 10:30:00-04:00,4.949999809265137,5.014999866485596,4.949999809265137,5.005000114440918,24877,0.0,0.0
2023-08-03 11:30:00-04:00,5.002500057220459,5.03000020980835,5.0,5.03000020980835,22272,0.0,0.0
2023-08-03 12:30:00-04:00,5.025000095367432,5.025000095367432,5.010000228881836,5.025000095367432,11708,0.0,0.0
2023-08-03 13:30:00-04:00,5.025000095367432,5.070000171661377,5.019999980926514,5.03000020980835,20752,0.0,0.0
2023-08-03 14:30:00-04:00,5.03000020980835,5.039999961853027,5.010000228881836,5.019999980926514,45983,0.0,0.0
2023-08-03 15:30:00-04:00,5.019999980926514,5.03000020980835,5.010000228881836,5.03000020980835,35440,0.0,0.0
2023-08-04 09:30:00-04:00,5.014999866485596,5.050000190734863,5.0,5.050000190734863,17590,0.0,0.0
2023-08-04 10:30:00-04:00,5.059999942779541,5.079999923706055,5.042500019073486,5.045000076293945,16571,0.0,0.0
2023-08-04 11:30:00-04:00,5.039999961853027,5.054999828338623,5.03000020980835,5.054999828338623,15432,0.0,0.0
2023-08-04 12:30:00-04:00,5.050000190734863,5.079999923706055,5.050000190734863,5.059999942779541,24356,0.0,0.0
2023-08-04 13:30:00-04:00,5.065000057220459,5.070000171661377,5.019999980926514,5.025000095367432,20046,0.0,0.0
2023-08-04 14:30:00-04:00,5.019999980926514,5.019999980926514,4.960000038146973,4.965000152587891,47787,0.0,0.0
2023-08-04 15:30:00-04:00,4.965000152587891,5.005000114440918,4.940000057220459,4.974999904632568,91458,0.0,0.0
2023-08-07 09:30:00-04:00,5.010000228881836,5.110000133514404,4.994999885559082,5.110000133514404,52774,0.0,0.0
2023-08-07 10:30:00-04:00,5.110000133514404,5.110000133514404,5.059999942779541,5.065000057220459,37885,0.0,0.0
2023-08-07 11:30:00-04:00,5.065000057220459,5.119999885559082,5.059999942779541,5.119999885559082,28494,0.0,0.0
2023-08-07 12:30:00-04:00,5.114999771118164,5.125,5.090000152587891,5.105000019073486,27709,0.0,0.0
2023-08-07 13:30:00-04:00,5.105000019073486,5.130000114440918,5.09499979019165,5.099999904632568,28587,0.0,0.0
2023-08-07 14:30:00-04:00,5.099999904632568,5.125,5.099999904632568,5.125,22269,0.0,0.0
2023-08-07 15:30:00-04:00,5.130000114440918,5.159999847412109,5.114999771118164,5.150000095367432,67742,0.0,0.0
2023-08-08 09:30:00-04:00,5.059999942779541,5.059999942779541,4.96120023727417,4.999000072479248,36097,0.0,0.0
2023-08-08 10:30:00-04:00,4.994999885559082,5.0,4.96999979019165,4.980000019073486,34553,0.0,0.0
2023-08-08 11:30:00-04:00,4.980000019073486,5.010000228881836,4.962500095367432,5.010000228881836,21112,0.0,0.0
2023-08-08 12:30:00-04:00,5.0,5.014999866485596,4.980000019073486,4.980000019073486,17062,0.0,0.0
2023-08-08 13:30:00-04:00,4.982500076293945,5.019999980926514,4.982500076293945,5.019999980926514,22691,0.0,0.0
2023-08-08 14:30:00-04:00,5.010000228881836,5.050000190734863,5.010000228881836,5.025000095367432,23601,0.0,0.0
2023-08-08 15:30:00-04:00,5.025000095367432,5.039999961853027,5.019999980926514,5.034999847412109,48938,0.0,0.0
2023-08-09 09:30:00-04:00,5.050000190734863,5.050000190734863,5.0,5.0,18202,0.0,0.0
2023-08-09 10:30:00-04:00,5.010000228881836,5.019999980926514,4.980000019073486,4.994999885559082,21571,0.0,0.0
2023-08-09 11:30:00-04:00,4.994999885559082,4.997499942779541,4.949999809265137,4.949999809265137,35072,0.0,0.0
2023-08-09 12:30:00-04:00,4.954999923706055,4.960000038146973,4.945000171661377,4.949999809265137,13026,0.0,0.0
2023-08-09 13:30:00-04:00,4.954999923706055,4.985000133514404,4.954999923706055,4.974999904632568,23738,0.0,0.0
2023-08-09 14:30:00-04:00,4.974999904632568,4.989999771118164,4.96999979019165,4.96999979019165,21675,0.0,0.0
2023-08-09 15:30:00-04:00,4.96999979019165,4.985000133514404,4.940000057220459,4.949999809265137,42409,0.0,0.0
2023-08-10 09:30:00-04:00,4.980000019073486,5.090000152587891,4.960000038146973,5.074999809265137,35570,0.0,0.0
2023-08-10 10:30:00-04:00,5.074999809265137,5.074999809265137,4.985000133514404,4.992499828338623,23227,0.0,0.0
2023-08-10 11:30:00-04:00,5.0,5.010000228881836,4.989999771118164,5.005000114440918,25263,0.0,0.0
2023-08-10 12:30:00-04:00,5.005000114440918,5.010000228881836,4.96999979019165,4.96999979019165,34101,0.0,0.0
2023-08-10 13:30:00-04:00,4.96999979019165,5.005000114440918,4.96999979019165,4.989999771118164,36183,0.0,0.0
2023-08-10 14:30:00-04:00,4.989999771118164,5.010000228881836,4.989999771118164,5.0,45807,0.0,0.0
2023-08-10 15:30:00-04:00,5.0,5.019999980926514,5.0,5.014999866485596,25915,0.0,0.0
2023-08-11 09:30:00-04:00,5.010000228881836,5.065000057220459,4.9710001945495605,5.050000190734863,21561,0.0,0.0
2023-08-11 10:30:00-04:00,5.054999828338623,5.085000038146973,5.03000020980835,5.034999847412109,28631,0.0,0.0
2023-08-11 11:30:00-04:00,5.034999847412109,5.034999847412109,4.96999979019165,4.978000164031982,18771,0.0,0.0
2023-08-11 12:30:00-04:00,4.974999904632568,4.994999885559082,4.974999904632568,4.994999885559082,13018,0.0,0.0
2023-08-11 13:30:00-04:00,4.994999885559082,5.005000114440918,4.96999979019165,4.985000133514404,22227,0.0,0.0
2023-08-11 14:30:00-04:00,4.985000133514404,4.985000133514404,4.96999979019165,4.985000133514404,29701,0.0,0.0
2023-08-11 15:30:00-04:00,4.980000019073486,4.980000019073486,4.960000038146973,4.974999904632568,41934,0.0,0.0
2023-08-14 09:30:00-04:00,4.960000038146973,4.980000019073486,4.940000057220459,4.960000038146973,27436,0.0,0.0
2023-08-14 10:30:00-04:00,4.960000038146973,4.974999904632568,4.945000171661377,4.949999809265137,21193,0.0,0.0
2023-08-14 11:30:00-04:00,4.952499866485596,4.960000038146973,4.920000076293945,4.920000076293945,17728,0.0,0.0
2023-08-14 12:30:00-04:00,4.920000076293945,4.940000057220459,4.875,4.885000228881836,45358,0.0,0.0
2023-08-14 13:30:00-04:00,4.880000114440918,4.889999866485596,4.880000114440918,4.880000114440918,10660,0.0,0.0
2023-08-14 14:30:00-04:00,4.880000114440918,4.889999866485596,4.860000133514404,4.885000228881836,31303,0.0,0.0
2023-08-14 15:30:00-04:00,4.880000114440918,4.90500020980835,4.875,4.880000114440918,47744,0.0,0.0
2023-08-15 09:30:00-04:00,4.889999866485596,4.889999866485596,4.699999809265137,4.730000019073486,55814,0.0,0.0
2023-08-15 10:30:00-04:00,4.735000133514404,4.755000114440918,4.690000057220459,4.695000171661377,38117,0.0,0.0
2023-08-15 11:30:00-04:00,4.695000171661377,4.699999809265137,4.664999961853027,4.695000171661377,29604,0.0,0.0
2023-08-15 12:30:00-04:00,4.699999809265137,4.699999809265137,4.670000076293945,4.695000171661377,21140,0.0,0.0
2023-08-15 13:30:00-04:00,4.690000057220459,4.704999923706055,4.659999847412109,4.659999847412109,43380,0.0,0.0
2023-08-15 14:30:00-04:00,4.664999961853027,4.670000076293945,4.610000133514404,4.612299919128418,39855,0.0,0.0
2023-08-15 15:30:00-04:00,4.610000133514404,4.644999980926514,4.610000133514404,4.625,66562,0.0,0.0
2023-08-16 09:30:00-04:00,4.630000114440918,4.760000228881836,4.630000114440918,4.739999771118164,42924,0.0,0.0
2023-08-16 10:30:00-04:00,4.758999824523926,4.769999980926514,4.730000019073486,4.730000019073486,24326,0.0,0.0
2023-08-16 11:30:00-04:00,4.735000133514404,4.735000133514404,4.539999961853027,4.574999809265137,166562,0.0,0.0
2023-08-16 12:30:00-04:00,4.570000171661377,4.599999904632568,4.53000020980835,4.554999828338623,50128,0.0,0.0
2023-08-16 13:30:00-04:00,4.550000190734863,4.590000152587891,4.539999961853027,4.590000152587891,19934,0.0,0.0
2023-08-16 14:30:00-04:00,4.590000152587891,4.597499847412109,4.570000171661377,4.59499979019165,23301,0.0,0.0
2023-08-16 15:30:00-04:00,4.59499979019165,4.605000019073486,4.539999961853027,4.550000190734863,58025,0.0,0.0
2023-08-17 09:30:00-04:00,4.570000171661377,4.675000190734863,4.570000171661377,4.659999847412109,28869,0.0,0.0
2023-08-17 10:30:00-04:00,4.659999847412109,4.670000076293945,4.489999771118164,4.539999961853027,123242,0.0,0.0
2023-08-17 11:30:00-04:00,4.550000190734863,4.550000190734863,4.53000020980835,4.545000076293945,22554,0.0,0.0
2023-08-17 12:30:00-04:00,4.545000076293945,4.550000190734863,4.489999771118164,4.494999885559082,57932,0.0,0.0
2023-08-17 13:30:00-04:00,4.489999771118164,4.5,4.46999979019165,4.474999904632568,21979,0.0,0.0
2023-08-17 14:30:00-04:00,4.46999979019165,4.505000114440918,4.449999809265137,4.505000114440918,35311,0.0,0.0
2023-08-17 15:30:00-04:00,4.510000228881836,4.525000095367432,4.5,4.5,55531,0.0,0.0
2023-08-18 09:30:00-04:00,4.46999979019165,4.579999923706055,4.46999979019165,4.519999980926514,31455,0.0,0.0
2023-08-18 10:30:00-04:00,4.53000020980835,4.554999828338623,4.480000019073486,4.489999771118164,71437,0.0,0.0
2023-08-18 11:30:00-04:00,4.489999771118164,4.5,4.420000076293945,4.489999771118164,83264,0.0,0.0
2023-08-18 12:30:00-04:00,4.5,4.5,4.480000019073486,4.480000019073486,18757,0.0,0.0
2023-08-18 13:30:00-04:00,4.482500076293945,4.505000114440918,4.480000019073486,4.480000019073486,42711,0.0,0.0
2023-08-18 14:30:00-04:00,4.480000019073486,4.505000114440918,4.480000019073486,4.492499828338623,38934,0.0,0.0
2023-08-18 15:30:00-04:00,4.489999771118164,4.505000114440918,4.440000057220459,4.445000171661377,63995,0.0,0.0
2023-08-21 09:30:00-04:00,4.440000057220459,4.579999923706055,4.420000076293945,4.420000076293945,99889,0.0,0.0
2023-08-21 10:30:00-04:00,4.429999828338623,4.449999809265137,4.389999866485596,4.429999828338623,125387,0.0,0.0
2023-08-21 11:30:00-04:00,4.432499885559082,4.449999809265137,4.429999828338623,4.429999828338623,29135,0.0,0.0
2023-08-21 12:30:00-04:00,4.429999828338623,4.429999828338623,4.389999866485596,4.392499923706055,23773,0.0,0.0
2023-08-21 13:30:00-04:00,4.392499923706055,4.40500020980835,4.389999866485596,4.400000095367432,25429,0.0,0.0
2023-08-21 14:30:00-04:00,4.394999980926514,4.400000095367432,4.34499979019165,4.394999980926514,61170,0.0,0.0
2023-08-21 15:30:00-04:00,4.3933000564575195,4.400000095367432,4.362500190734863,4.369999885559082,73042,0.0,0.0
2023-08-22 09:30:00-04:00,4.360000133514404,4.360000133514404,4.210000038146973,4.21999979019165,104190,0.0,0.0
2023-08-22 10:30:00-04:00,4.21999979019165,4.269999980926514,4.204999923706055,4.255000114440918,36061,0.0,0.0
2023-08-22 11:30:00-04:00,4.255000114440918,4.275000095367432,4.21999979019165,4.235000133514404,24368,0.0,0.0
2023-08-22 12:30:00-04:00,4.239999771118164,4.25,4.190000057220459,4.199999809265137,48168,0.0,0.0
2023-08-22 13:30:00-04:00,4.204999923706055,4.210000038146973,4.170000076293945,4.175000190734863,27804,0.0,0.0
2023-08-22 14:30:00-04:00,4.175000190734863,4.244999885559082,4.170000076293945,4.21999979019165,142803,0.0,0.0
2023-08-22 15:30:00-04:00,4.215000152587891,4.230000019073486,4.190000057220459,4.230000019073486,57917,0.0,0.0
2023-08-23 09:30:00-04:00,4.190000057220459,4.210000038146973,4.139999866485596,4.180099964141846,56483,0.0,0.0
2023-08-23 10:30:00-04:00,4.1875,4.210000038146973,4.184999942779541,4.204999923706055,27418,0.0,0.0
2023-08-23 11:30:00-04:00,4.204999923706055,4.204999923706055,4.099999904632568,4.119999885559082,110177,0.0,0.0
2023-08-23 12:30:00-04:00,4.114999771118164,4.2052001953125,4.110000133514404,4.190000057220459,27051,0.0,0.0
2023-08-23 13:30:00-04:00,4.195000171661377,4.204999923706055,4.139999866485596,4.179999828338623,89155,0.0,0.0
2023-08-23 14:30:00-04:00,4.179999828338623,4.21999979019165,4.177299976348877,4.210000038146973,28258,0.0,0.0
2023-08-23 15:30:00-04:00,4.204999923706055,4.218500137329102,4.179999828338623,4.195000171661377,104527,0.0,0.0
2023-08-24 09:30:00-04:00,3.869999885559082,4.159999847412109,3.809999942779541,4.150000095367432,399744,0.0,0.0
2023-08-24 10:30:00-04:00,4.150000095367432,4.369999885559082,4.144999980926514,4.360000133514404,93154,0.0,0.0
2023-08-24 11:30:00-04:00,4.360000133514404,4.369999885559082,4.150000095367432,4.21999979019165,210949,0.0,0.0
2023-08-24 12:30:00-04:00,4.229899883270264,4.255000114440918,4.195000171661377,4.199999809265137,22472,0.0,0.0
2023-08-24 13:30:00-04:00,4.204999923706055,4.239999771118164,4.199999809265137,4.239999771118164,17446,0.0,0.0
2023-08-24 14:30:00-04:00,4.244999885559082,4.289999961853027,4.21999979019165,4.28000020980835,44774,0.0,0.0
2023-08-24 15:30:00-04:00,4.269999980926514,4.300000190734863,4.230000019073486,4.25,103207,0.0,0.0
2023-08-25 09:30:00-04:00,4.260000228881836,4.460000038146973,4.235000133514404,4.289999961853027,82399,0.0,0.0
2023-08-25 10:30:00-04:00,4.289999961853027,4.300000190734863,4.170000076293945,4.184999942779541,71528,0.0,0.0
2023-08-25 11:30:00-04:00,4.184999942779541,4.184999942779541,4.070000171661377,4.159999847412109,137553,0.0,0.0
2023-08-25 12:30:00-04:00,4.150000095367432,4.15500020980835,4.09499979019165,4.114999771118164,56888,0.0,0.0
2023-08-25 13:30:00-04:00,4.114999771118164,4.150000095367432,4.110000133514404,4.135000228881836,46513,0.0,0.0
2023-08-25 14:30:00-04:00,4.139999866485596,4.15749979019165,4.114999771118164,4.144999980926514,50953,0.0,0.0
2023-08-25 15:30:00-04:00,4.144999980926514,4.190000057220459,4.139999866485596,4.159999847412109,100917,0.0,0.0
2023-08-28 09:30:00-04:00,4.170000076293945,4.300099849700928,4.170000076293945,4.25,50290,0.0,0.0
2023-08-28 10:30:00-04:00,4.25,4.264999866485596,4.247499942779541,4.25,17663,0.0,0.0
2023-08-28 11:30:00-04:00,4.255000114440918,4.269999980926514,4.25,4.264999866485596,24871,0.0,0.0
2023-08-28 12:30:00-04:00,4.264999866485596,4.264999866485596,4.25,4.255000114440918,10412,0.0,0.0
2023-08-28 13:30:00-04:00,4.25,4.260000228881836,4.244999885559082,4.25,25863,0.0,0.0
2023-08-28 14:30:00-04:00,4.25,4.269999980926514,4.25,4.264999866485596,30148,0.0,0.0
2023-08-28 15:30:00-04:00,4.260000228881836,4.275000095367432,4.25,4.269999980926514,50142,0.0,0.0
2023-08-29 09:30:00-04:00,4.260000228881836,4.340000152587891,4.239999771118164,4.295000076293945,27612,0.0,0.0
2023-08-29 10:30:00-04:00,4.295000076293945,4.369999885559082,4.289999961853027,4.369999885559082,27182,0.0,0.0
2023-08-29 11:30:00-04:00,4.364999771118164,4.409999847412109,4.360000133514404,4.409999847412109,14726,0.0,0.0
2023-08-29 12:30:00-04:00,4.409999847412109,4.409999847412109,4.340000152587891,4.349999904632568,25233,0.0,0.0
2023-08-29 13:30:00-04:00,4.34499979019165,4.355000019073486,4.329999923706055,4.355000019073486,32637,0.0,0.0
2023-08-29 14:30:00-04:00,4.355000019073486,4.369999885559082,4.340000152587891,4.355000019073486,31977,0.0,0.0
2023-08-29 15:30:00-04:00,4.355000019073486,4.360000133514404,4.315000057220459,4.349999904632568,76822,0.0,0.0
2023-08-30 09:30:00-04:00,4.320000171661377,4.369999885559082,4.320000171661377,4.340000152587891,32041,0.0,0.0
2023-08-30 10:30:00-04:00,4.340000152587891,4.389999866485596,4.340000152587891,4.355000019073486,19028,0.0,0.0
2023-08-30 11:30:00-04:00,4.352499961853027,4.360000133514404,4.34499979019165,4.355999946594238,16054,0.0,0.0
2023-08-30 12:30:00-04:00,4.349999904632568,4.360000133514404,4.340000152587891,4.349999904632568,22549,0.0,0.0
2023-08-30 13:30:00-04:00,4.349999904632568,4.360000133514404,4.329999923706055,4.329999923706055,17233,0.0,0.0
2023-08-30 14:30:00-04:00,4.329999923706055,4.340000152587891,4.239999771118164,4.335000038146973,115233,0.0,0.0
2023-08-30 15:30:00-04:00,4.335000038146973,4.409999847412109,4.335000038146973,4.375,101586,0.0,0.0
2023-08-31 09:30:00-04:00,4.429999828338623,4.514999866485596,4.34499979019165,4.510000228881836,176018,0.0,0.0
2023-08-31 10:30:00-04:00,4.5,4.570000171661377,4.485499858856201,4.539999961853027,87332,0.0,0.0
2023-08-31 11:30:00-04:00,4.53000020980835,4.639999866485596,4.519999980926514,4.639999866485596,123828,0.0,0.0
2023-08-31 12:30:00-04:00,4.630000114440918,4.710000038146973,4.440000057220459,4.636600017547607,239836,0.0,0.0
2023-08-31 13:30:00-04:00,4.650000095367432,4.650000095367432,4.519999980926514,4.550000190734863,139939,0.0,0.0
2023-08-31 14:30:00-04:00,4.545000076293945,4.579999923706055,4.5,4.559999942779541,75577,0.0,0.0
2023-08-31 15:30:00-04:00,4.559999942779541,4.605000019073486,4.539999961853027,4.550000190734863,101563,0.0,0.0
2023-09-01 09:30:00-04:00,4.630000114440918,4.710000038146973,4.570000171661377,4.610000133514404,44126,0.0,0.0
2023-09-01 10:30:00-04:00,4.610000133514404,4.800000190734863,4.579999923706055,4.724999904632568,259205,0.0,0.0
2023-09-01 11:30:00-04:00,4.71999979019165,4.760000228881836,4.639999866485596,4.650000095367432,55815,0.0,0.0
2023-09-01 12:30:00-04:00,4.650000095367432,4.679999828338623,4.639999866485596,4.639999866485596,18425,0.0,0.0
2023-09-01 13:30:00-04:00,4.639999866485596,4.664999961853027,4.639999866485596,4.65500020980835,13322,0.0,0.0
2023-09-01 14:30:00-04:00,4.659900188446045,4.690000057220459,4.650000095367432,4.675000190734863,27447,0.0,0.0
2023-09-01 15:30:00-04:00,4.675000190734863,4.675000190734863,4.639999866485596,4.659999847412109,47563,0.0,0.0
2023-09-05 09:30:00-04:00,4.590000152587891,4.590000152587891,4.449999809265137,4.510000228881836,63783,0.0,0.0
2023-09-05 10:30:00-04:00,4.510000228881836,4.53000020980835,4.462500095367432,4.510000228881836,36738,0.0,0.0
2023-09-05 11:30:00-04:00,4.519899845123291,4.559999942779541,4.5,4.559999942779541,24546,0.0,0.0
2023-09-05 12:30:00-04:00,4.559999942779541,4.59499979019165,4.547299861907959,4.59499979019165,36008,0.0,0.0
2023-09-05 13:30:00-04:00,4.599999904632568,4.599999904632568,4.570000171661377,4.590000152587891,26127,0.0,0.0
2023-09-05 14:30:00-04:00,4.59499979019165,4.59499979019165,4.539999961853027,4.539999961853027,30796,0.0,0.0
2023-09-05 15:30:00-04:00,4.53000020980835,4.554999828338623,4.525000095367432,4.545000076293945,63945,0.0,0.0
2023-09-06 09:30:00-04:00,4.5,4.559999942779541,4.5,4.554999828338623,30857,0.0,0.0
2023-09-06 10:30:00-04:00,4.559999942779541,4.579999923706055,4.539999961853027,4.545000076293945,23474,0.0,0.0
2023-09-06 11:30:00-04:00,4.545000076293945,4.545000076293945,4.485000133514404,4.494999885559082,17049,0.0,0.0
2023-09-06 12:30:00-04:00,4.489999771118164,4.489999771118164,4.460000038146973,4.465000152587891,14118,0.0,0.0
2023-09-06 13:30:00-04:00,4.46999979019165,4.485000133514404,4.452499866485596,4.46999979019165,28967,0.0,0.0
2023-09-06 14:30:00-04:00,4.480000019073486,4.489999771118164,4.460000038146973,4.460000038146973,19260,0.0,0.0
2023-09-06 15:30:00-04:00,4.460000038146973,4.46999979019165,4.420000076293945,4.434999942779541,53296,0.0,0.0
2023-09-07 09:30:00-04:00,4.349999904632568,4.474999904632568,4.349999904632568,4.465000152587891,31500,0.0,0.0
2023-09-07 10:30:00-04:00,4.468800067901611,4.468800067901611,4.400000095367432,4.434999942779541,30424,0.0,0.0
2023-09-07 11:30:00-04:00,4.425000190734863,4.454999923706055,4.420000076293945,4.454999923706055,16393,0.0,0.0
2023-09-07 12:30:00-04:00,4.460000038146973,4.460000038146973,4.420000076293945,4.420000076293945,11311,0.0,0.0
2023-09-07 13:30:00-04:00,4.420000076293945,4.429999828338623,4.409999847412109,4.414999961853027,14710,0.0,0.0
2023-09-07 14:30:00-04:00,4.409999847412109,4.420000076293945,4.380000114440918,4.380000114440918,26751,0.0,0.0
2023-09-07 15:30:00-04:00,4.380000114440918,4.394999980926514,4.349999904632568,4.369999885559082,121407,0.0,0.0
2023-09-08 09:30:00-04:00,4.380000114440918,4.409999847412109,4.309999942779541,4.340000152587891,26741,0.0,0.0
2023-09-08 10:30:00-04:00,4.340000152587891,4.619999885559082,4.304999828338623,4.610000133514404,423863,0.0,0.0
2023-09-08 11:30:00-04:00,4.610000133514404,4.940000057220459,4.480000019073486,4.5,712588,0.0,0.0
2023-09-08 12:30:00-04:00,4.510000228881836,4.53000020980835,4.460000038146973,4.520100116729736,56525,0.0,0.0
2023-09-08 13:30:00-04:00,4.53000020980835,4.570000171661377,4.519999980926514,4.559999942779541,35306,0.0,0.0
2023-09-08 14:30:00-04:00,4.558800220489502,4.630000114440918,4.534999847412109,4.614999771118164,78851,0.0,0.0
2023-09-08 15:30:00-04:00,4.614999771118164,4.614999771118164,4.480000019073486,4.519999980926514,78601,0.0,0.0
2023-09-11 09:30:00-04:00,4.539999961853027,4.630000114440918,4.510000228881836,4.539999961853027,22578,0.0,0.0
2023-09-11 10:30:00-04:00,4.53000020980835,4.607900142669678,4.525000095367432,4.605000019073486,28016,0.0,0.0
2023-09-11 11:30:00-04:00,4.599999904632568,4.610000133514404,4.570000171661377,4.570000171661377,18601,0.0,0.0
2023-09-11 12:30:00-04:00,4.578800201416016,4.644999980926514,4.578000068664551,4.635000228881836,27255,0.0,0.0
2023-09-11 13:30:00-04:00,4.635000228881836,4.635000228881836,4.599999904632568,4.605000019073486,25076,0.0,0.0
2023-09-11 14:30:00-04:00,4.610000133514404,4.639999866485596,4.599999904632568,4.625,27967,0.0,0.0
2023-09-11 15:30:00-04:00,4.619999885559082,4.630000114440918,4.599999904632568,4.614999771118164,34605,0.0,0.0
2023-09-12 09:30:00-04:00,4.570000171661377,4.670000076293945,4.570000171661377,4.599999904632568,28073,0.0,0.0
2023-09-12 10:30:00-04:00,4.59499979019165,4.59499979019165,4.525000095367432,4.574999809265137,30398,0.0,0.0
2023-09-12 11:30:00-04:00,4.570000171661377,4.570000171661377,4.519999980926514,4.559999942779541,22945,0.0,0.0
2023-09-12 12:30:00-04:00,4.559999942779541,4.590000152587891,4.534999847412109,4.579999923706055,14865,0.0,0.0
2023-09-12 13:30:00-04:00,4.579999923706055,4.599999904632568,4.570000171661377,4.579899787902832,47581,0.0,0.0
2023-09-12 14:30:00-04:00,4.570000171661377,4.599999904632568,4.570000171661377,4.570000171661377,21119,0.0,0.0
2023-09-12 15:30:00-04:00,4.574999809265137,4.59499979019165,4.565000057220459,4.579999923706055,58917,0.0,0.0
2023-09-13 09:30:00-04:00,4.559999942779541,4.562900066375732,4.449999809265137,4.474999904632568,27488,0.0,0.0
2023-09-13 10:30:00-04:00,4.46999979019165,4.510000228881836,4.460000038146973,4.5,21538,0.0,0.0
2023-09-13 11:30:00-04:00,4.508800029754639,4.510000228881836,4.489999771118164,4.510000228881836,14269,0.0,0.0
2023-09-13 12:30:00-04:00,4.510000228881836,4.539999961853027,4.5,4.53000020980835,48006,0.0,0.0
2023-09-13 13:30:00-04:00,4.534999847412109,4.545000076293945,4.460000038146973,4.489999771118164,44564,0.0,0.0
2023-09-13 14:30:00-04:00,4.489999771118164,4.5,4.480000019073486,4.494999885559082,36157,0.0,0.0
2023-09-13 15:30:00-04:00,4.494999885559082,4.539999961853027,4.494999885559082,4.525000095367432,87033,0.0,0.0
2023-09-14 09:30:00-04:00,4.550000190734863,4.639999866485596,4.539999961853027,4.539999961853027,40625,0.0,0.0
2023-09-14 10:30:00-04:00,4.545000076293945,4.625,4.539999961853027,4.605000019073486,20547,0.0,0.0
2023-09-14 11:30:00-04:00,4.60099983215332,4.614999771118164,4.579999923706055,4.614999771118164,13961,0.0,0.0
2023-09-14 12:30:00-04:00,4.614999771118164,4.639999866485596,4.610000133514404,4.635000228881836,16822,0.0,0.0
2023-09-14 13:30:00-04:00,4.635000228881836,4.650000095367432,4.630000114440918,4.644999980926514,23421,0.0,0.0
2023-09-14 14:30:00-04:00,4.644999980926514,4.670000076293945,4.610000133514404,4.610000133514404,38502,0.0,0.0
2023-09-14 15:30:00-04:00,4.610000133514404,4.630000114440918,4.599999904632568,4.619999885559082,54788,0.0,0.0
2023-09-15 09:30:00-04:00,4.579999923706055,4.619999885559082,4.525000095367432,4.539999961853027,89948,0.0,0.0
2023-09-15 10:30:00-04:00,4.545000076293945,4.554999828338623,4.460000038146973,4.460000038146973,74074,0.0,0.0
2023-09-15 11:30:00-04:00,4.465000152587891,4.53000020980835,4.445000171661377,4.519999980926514,69357,0.0,0.0
2023-09-15 12:30:00-04:00,4.519999980926514,4.525000095367432,4.46999979019165,4.474999904632568,12300,0.0,0.0
2023-09-15 13:30:00-04:00,4.46999979019165,4.510000228881836,4.46999979019165,4.5,26494,0.0,0.0
2023-09-15 14:30:00-04:00,4.5,4.510000228881836,4.494999885559082,4.5,26867,0.0,0.0
2023-09-15 15:30:00-04:00,4.505000114440918,4.514999866485596,4.489999771118164,4.505000114440918,85124,0.0,0.0
2023-09-18 09:30:00-04:00,4.519999980926514,4.550000190734863,4.489999771118164,4.514999866485596,46226,0.0,0.0
2023-09-18 10:30:00-04:00,4.514999866485596,4.545000076293945,4.494999885559082,4.545000076293945,35648,0.0,0.0
2023-09-18 11:30:00-04:00,4.545000076293945,4.545000076293945,4.510000228881836,4.510000228881836,16024,0.0,0.0
2023-09-18 12:30:00-04:00,4.510000228881836,4.519999980926514,4.510000228881836,4.510000228881836,23267,0.0,0.0
2023-09-18 13:30:00-04:00,4.510000228881836,4.519999980926514,4.465000152587891,4.46999979019165,30076,0.0,0.0
2023-09-18 14:30:00-04:00,4.46999979019165,4.510000228881836,4.46999979019165,4.485000133514404,57291,0.0,0.0
2023-09-18 15:30:00-04:00,4.485000133514404,4.510000228881836,4.480000019073486,4.5,73284,0.0,0.0
2023-09-19 09:30:00-04:00,4.489999771118164,4.539999961853027,4.349999904632568,4.505000114440918,21662,0.0,0.0
2023-09-19 10:30:00-04:00,4.510000228881836,4.525000095367432,4.510000228881836,4.525000095367432,10360,0.0,0.0
2023-09-19 11:30:00-04:00,4.519999980926514,4.534999847412109,4.480000019073486,4.480000019073486,11517,0.0,0.0
2023-09-19 12:30:00-04:00,4.480000019073486,4.514999866485596,4.46999979019165,4.514999866485596,15919,0.0,0.0
2023-09-19 13:30:00-04:00,4.519999980926514,4.53000020980835,4.5,4.510000228881836,9914,0.0,0.0
2023-09-19 14:30:00-04:00,4.514999866485596,4.519999980926514,4.494999885559082,4.505000114440918,9852,0.0,0.0
2023-09-19 15:30:00-04:00,4.5,4.505000114440918,4.480000019073486,4.494999885559082,82009,0.0,0.0
2023-09-20 09:30:00-04:00,4.5,4.570000171661377,4.480000019073486,4.554999828338623,12721,0.0,0.0
2023-09-20 10:30:00-04:00,4.550000190734863,4.559999942779541,4.510000228881836,4.510000228881836,22569,0.0,0.0
2023-09-20 11:30:00-04:00,4.510000228881836,4.539999961853027,4.510000228881836,4.534999847412109,24280,0.0,0.0
2023-09-20 12:30:00-04:00,4.53000020980835,4.534999847412109,4.519999980926514,4.53000020980835,6853,0.0,0.0
2023-09-20 13:30:00-04:00,4.519999980926514,4.525000095367432,4.489999771118164,4.514999866485596,11644,0.0,0.0
2023-09-20 14:30:00-04:00,4.519999980926514,4.53000020980835,4.46999979019165,4.474999904632568,12387,0.0,0.0
2023-09-20 15:30:00-04:00,4.474999904632568,4.489999771118164,4.460000038146973,4.480000019073486,102565,0.0,0.0
2023-09-21 09:30:00-04:00,4.429999828338623,4.534999847412109,4.429999828338623,4.520100116729736,26154,0.0,0.0
2023-09-21 10:30:00-04:00,4.53000020980835,4.534999847412109,4.480000019073486,4.480000019073486,9168,0.0,0.0
2023-09-21 11:30:00-04:00,4.480000019073486,4.514999866485596,4.409999847412109,4.485000133514404,217046,0.0,0.0
2023-09-21 12:30:00-04:00,4.480000019073486,4.510000228881836,4.389999866485596,4.440000057220459,173975,0.0,0.0
2023-09-21 13:30:00-04:00,4.441199779510498,4.454999923706055,4.260000228881836,4.275000095367432,212219,0.0,0.0
2023-09-21 14:30:00-04:00,4.264999866485596,4.369999885559082,4.190000057220459,4.355000019073486,554319,0.0,0.0
2023-09-21 15:30:00-04:00,4.349999904632568,4.389999866485596,4.329999923706055,4.340000152587891,124854,0.0,0.0
2023-09-22 09:30:00-04:00,4.360000133514404,4.5,4.360000133514404,4.375,22598,0.0,0.0
2023-09-22 10:30:00-04:00,4.375999927520752,4.380000114440918,4.289999961853027,4.300000190734863,27428,0.0,0.0
2023-09-22 11:30:00-04:00,4.304999828338623,4.320000171661377,4.295000076293945,4.315000057220459,12561,0.0,0.0
2023-09-22 12:30:00-04:00,4.324999809265137,4.324999809265137,4.250500202178955,4.250500202178955,12099,0.0,0.0
2023-09-22 13:30:00-04:00,4.260000228881836,4.309999942779541,4.260000228881836,4.295000076293945,42244,0.0,0.0
2023-09-22 14:30:00-04:00,4.300000190734863,4.315000057220459,4.28000020980835,4.304999828338623,25342,0.0,0.0
2023-09-22 15:30:00-04:00,4.300000190734863,4.309999942779541,4.295000076293945,4.300000190734863,58682,0.0,0.0
2023-09-25 09:30:00-04:00,4.260000228881836,4.409999847412109,4.21999979019165,4.25,57183,0.0,0.0
2023-09-25 10:30:00-04:00,4.25,4.255000114440918,4.21999979019165,4.239999771118164,62163,0.0,0.0
2023-09-25 11:30:00-04:00,4.239999771118164,4.289999961853027,4.239999771118164,4.260000228881836,56599,0.0,0.0
2023-09-25 12:30:00-04:00,4.260000228881836,4.284999847412109,4.21999979019165,4.224999904632568,92290,0.0,0.0
2023-09-25 13:30:00-04:00,4.224999904632568,4.25,4.210000038146973,4.230000019073486,77584,0.0,0.0
2023-09-25 14:30:00-04:00,4.230000019073486,4.269999980926514,4.230000019073486,4.244999885559082,83450,0.0,0.0
2023-09-25 15:30:00-04:00,4.239999771118164,4.260000228881836,4.239999771118164,4.260000228881836,111148,0.0,0.0
2023-09-26 09:30:00-04:00,4.239999771118164,4.289999961853027,4.195000171661377,4.260000228881836,80187,0.0,0.0
2023-09-26 10:30:00-04:00,4.260000228881836,4.264999866485596,4.239999771118164,4.244999885559082,107374,0.0,0.0
2023-09-26 11:30:00-04:00,4.244999885559082,4.25,4.170000076293945,4.170000076293945,95820,0.0,0.0
2023-09-26 12:30:00-04:00,4.170000076293945,4.25,4.170000076293945,4.215000152587891,82658,0.0,0.0
2023-09-26 13:30:00-04:00,4.21999979019165,4.309999942779541,4.215000152587891,4.244999885559082,195079,0.0,0.0
2023-09-26 14:30:00-04:00,4.25,4.28000020980835,4.170000076293945,4.210000038146973,168355,0.0,0.0
2023-09-26 15:30:00-04:00,4.199999809265137,4.210000038146973,4.139999866485596,4.15749979019165,248151,0.0,0.0
2023-09-27 09:30:00-04:00,4.159999847412109,4.260000228881836,4.014999866485596,4.050000190734863,134640,0.0,0.0
2023-09-27 10:30:00-04:00,4.054699897766113,4.110000133514404,4.025000095367432,4.074999809265137,77239,0.0,0.0
2023-09-27 11:30:00-04:00,4.074999809265137,4.110000133514404,4.034999847412109,4.059999942779541,185810,0.0,0.0
2023-09-27 12:30:00-04:00,4.059999942779541,4.079999923706055,4.010000228881836,4.065000057220459,301406,0.0,0.0
2023-09-27 13:30:00-04:00,4.065000057220459,4.139999866485596,4.059999942779541,4.135000228881836,63710,0.0,0.0
2023-09-27 14:30:00-04:00,4.135000228881836,4.170000076293945,4.132500171661377,4.150000095367432,103860,0.0,0.0
2023-09-27 15:30:00-04:00,4.144999980926514,4.164999961853027,4.119999885559082,4.150000095367432,125538,0.0,0.0
2023-09-28 09:30:00-04:00,4.159999847412109,4.260000228881836,4.159999847412109,4.215000152587891,73893,0.0,0.0
2023-09-28 10:30:00-04:00,4.215000152587891,4.244999885559082,4.210000038146973,4.244999885559082,47805,0.0,0.0
2023-09-28 11:30:00-04:00,4.239999771118164,4.369999885559082,4.239999771118164,4.355000019073486,87992,0.0,0.0
2023-09-28 12:30:00-04:00,4.355000019073486,4.389999866485596,4.329999923706055,4.340000152587891,51166,0.0,0.0
2023-09-28 13:30:00-04:00,4.340000152587891,4.340000152587891,4.329999923706055,4.335000038146973,49792,0.0,0.0
2023-09-28 14:30:00-04:00,4.335000038146973,4.360000133514404,4.309999942779541,4.34499979019165,94776,0.0,0.0
2023-09-28 15:30:00-04:00,4.340000152587891,4.349999904632568,4.309999942779541,4.340000152587891,101497,0.0,0.0
2023-09-29 09:30:00-04:00,4.349999904632568,4.449999809265137,4.34499979019165,4.355000019073486,73045,0.0,0.0
2023-09-29 10:30:00-04:00,4.355000019073486,4.420000076293945,4.349999904632568,4.385000228881836,69843,0.0,0.0
2023-09-29 11:30:00-04:00,4.385000228881836,4.449999809265137,4.385000228881836,4.420000076293945,60793,0.0,0.0
2023-09-29 12:30:00-04:00,4.420000076293945,4.429999828338623,4.394999980926514,4.40500020980835,72567,0.0,0.0
2023-09-29 13:30:00-04:00,4.40500020980835,4.440000057220459,4.400000095367432,4.414999961853027,141026,0.0,0.0
2023-09-29 14:30:00-04:00,4.420000076293945,4.440000057220459,4.409999847412109,4.434999942779541,114313,0.0,0.0
2023-09-29 15:30:00-04:00,4.440000057220459,4.510000228881836,4.440000057220459,4.5,343722,0.0,0.0
2023-10-02 09:30:00-04:00,4.510000228881836,4.650000095367432,4.489999771118164,4.519999980926514,89130,0.0,0.0
2023-10-02 10:30:00-04:00,4.519999980926514,4.574999809265137,4.505000114440918,4.565000057220459,43060,0.0,0.0
2023-10-02 11:30:00-04:00,4.565000057220459,4.570000171661377,4.494999885559082,4.525000095367432,36095,0.0,0.0
2023-10-02 12:30:00-04:00,4.525000095367432,4.550000190734863,4.480000019073486,4.539999961853027,128538,0.0,0.0
2023-10-02 13:30:00-04:00,4.545000076293945,4.565000057220459,4.53000020980835,4.550000190734863,54462,0.0,0.0
2023-10-02 14:30:00-04:00,4.554999828338623,4.559999942779541,4.510000228881836,4.53000020980835,54257,0.0,0.0
2023-10-02 15:30:00-04:00,4.53000020980835,4.53000020980835,4.510000228881836,4.514999866485596,67269,0.0,0.0
2023-10-03 09:30:00-04:00,4.510000228881836,4.659999847412109,4.389999866485596,4.429999828338623,59483,0.0,0.0
2023-10-03 10:30:00-04:00,4.445000171661377,4.46999979019165,4.429999828338623,4.440000057220459,35456,0.0,0.0
2023-10-03 11:30:00-04:00,4.440000057220459,4.440000057220459,4.420000076293945,4.434999942779541,42581,0.0,0.0
2023-10-03 12:30:00-04:00,4.434999942779541,4.440000057220459,4.420000076293945,4.425000190734863,40943,0.0,0.0
2023-10-03 13:30:00-04:00,4.425000190734863,4.429999828338623,4.369999885559082,4.385000228881836,54705,0.0,0.0
2023-10-03 14:30:00-04:00,4.385000228881836,4.400000095367432,4.380000114440918,4.394999980926514,32213,0.0,0.0
2023-10-03 15:30:00-04:00,4.394999980926514,4.429999828338623,4.389999866485596,4.429999828338623,61638,0.0,0.0
2023-10-04 09:30:00-04:00,4.420000076293945,4.460000038146973,4.329999923706055,4.355000019073486,23407,0.0,0.0
2023-10-04 10:30:00-04:00,4.355000019073486,4.366000175476074,4.329999923706055,4.34499979019165,18320,0.0,0.0
2023-10-04 11:30:00-04:00,4.34499979019165,4.400000095367432,4.34250020980835,4.394999980926514,25858,0.0,0.0
2023-10-04 12:30:00-04:00,4.400000095367432,4.409999847412109,4.369999885559082,4.375,15441,0.0,0.0
2023-10-04 13:30:00-04:00,4.375,4.385000228881836,4.369999885559082,4.375,30917,0.0,0.0
2023-10-04 14:30:00-04:00,4.375,4.394999980926514,4.374800205230713,4.389999866485596,17077,0.0,0.0
2023-10-04 15:30:00-04:00,4.389999866485596,4.409999847412109,4.389999866485596,4.409999847412109,40536,0.0,0.0
2023-10-05 09:30:00-04:00,4.389999866485596,4.40500020980835,4.349999904632568,4.380000114440918,22782,0.0,0.0
2023-10-05 10:30:00-04:00,4.369999885559082,4.369999885559082,4.300000190734863,4.329999923706055,28958,0.0,0.0
2023-10-05 11:30:00-04:00,4.329999923706055,4.369500160217285,4.329899787902832,4.349999904632568,23199,0.0,0.0
2023-10-05 12:30:00-04:00,4.360000133514404,4.360000133514404,4.320000171661377,4.320000171661377,9523,0.0,0.0
2023-10-05 13:30:00-04:00,4.320000171661377,4.349999904632568,4.320000171661377,4.34499979019165,18048,0.0,0.0
2023-10-05 14:30:00-04:00,4.349999904632568,4.360000133514404,4.340000152587891,4.34499979019165,20230,0.0,0.0
2023-10-05 15:30:00-04:00,4.340000152587891,4.360000133514404,4.340000152587891,4.340000152587891,32456,0.0,0.0
2023-10-06 09:30:00-04:00,4.320000171661377,4.349999904632568,4.244999885559082,4.252500057220459,12537,0.0,0.0
2023-10-06 10:30:00-04:00,4.260000228881836,4.349999904632568,4.25,4.349999904632568,28355,0.0,0.0
2023-10-06 11:30:00-04:00,4.364999771118164,4.440000057220459,4.349999904632568,4.40500020980835,24373,0.0,0.0
2023-10-06 12:30:00-04:00,4.40500020980835,4.40500020980835,4.375,4.380000114440918,17893,0.0,0.0
2023-10-06 13:30:00-04:00,4.380000114440918,4.409999847412109,4.360000133514404,4.409999847412109,24977,0.0,0.0
2023-10-06 14:30:00-04:00,4.414999961853027,4.5,4.414999961853027,4.489999771118164,76399,0.0,0.0
2023-10-06 15:30:00-04:00,4.489999771118164,4.494999885559082,4.449999809265137,4.460000038146973,42248,0.0,0.0
2023-10-09 09:30:00-04:00,4.409999847412109,4.409999847412109,4.349999904632568,4.385000228881836,20514,0.0,0.0
2023-10-09 10:30:00-04:00,4.383999824523926,4.400000095367432,4.380000114440918,4.394999980926514,8671,0.0,0.0
2023-10-09 11:30:00-04:00,4.400000095367432,4.414999961853027,4.389999866485596,4.414999961853027,10767,0.0,0.0
2023-10-09 12:30:00-04:00,4.409999847412109,4.409999847412109,4.349999904632568,4.355000019073486,62179,0.0,0.0
2023-10-09 13:30:00-04:00,4.355000019073486,4.369999885559082,4.329999923706055,4.360000133514404,51931,0.0,0.0
2023-10-09 14:30:00-04:00,4.364999771118164,4.364999771118164,4.304999828338623,4.309999942779541,20125,0.0,0.0
2023-10-09 15:30:00-04:00,4.315000057220459,4.320000171661377,4.300000190734863,4.309999942779541,19575,0.0,0.0
2023-10-10 09:30:00-04:00,4.329999923706055,4.449999809265137,4.309999942779541,4.440000057220459,28082,0.0,0.0
2023-10-10 10:30:00-04:00,4.445000171661377,4.465000152587891,4.420000076293945,4.460000038146973,18735,0.0,0.0
2023-10-10 11:30:00-04:00,4.46999979019165,4.489999771118164,4.460000038146973,4.485000133514404,7269,0.0,0.0
2023-10-10 12:30:00-04:00,4.480000019073486,4.489999771118164,4.460000038146973,4.474999904632568,6486,0.0,0.0
2023-10-10 13:30:00-04:00,4.474999904632568,4.480000019073486,4.440000057220459,4.454999923706055,15788,0.0,0.0
2023-10-10 14:30:00-04:00,4.460000038146973,4.489999771118164,4.400000095367432,4.449999809265137,107283,0.0,0.0
2023-10-10 15:30:00-04:00,4.440000057220459,4.46999979019165,4.440000057220459,4.454999923706055,53634,0.0,0.0
2023-10-11 09:30:00-04:00,4.46999979019165,4.519999980926514,4.420000076293945,4.445000171661377,19251,0.0,0.0
2023-10-11 10:30:00-04:00,4.443999767303467,4.460000038146973,4.380000114440918,4.389999866485596,16665,0.0,0.0
2023-10-11 11:30:00-04:00,4.38100004196167,4.38100004196167,4.340000152587891,4.340000152587891,16934,0.0,0.0
2023-10-11 12:30:00-04:00,4.34499979019165,4.34499979019165,4.289999961853027,4.300000190734863,13296,0.0,0.0
2023-10-11 13:30:00-04:00,4.289999961853027,4.335000038146973,4.264999866485596,4.335000038146973,25047,0.0,0.0
2023-10-11 14:30:00-04:00,4.340000152587891,4.340000152587891,4.329999923706055,4.335000038146973,9656,0.0,0.0
2023-10-11 15:30:00-04:00,4.335000038146973,4.335000038146973,4.300000190734863,4.309999942779541,48478,0.0,0.0
2023-10-12 09:30:00-04:00,4.340000152587891,4.389999866485596,4.28000020980835,4.28000020980835,28989,0.0,0.0
2023-10-12 10:30:00-04:00,4.28000020980835,4.28000020980835,4.199999809265137,4.21750020980835,130659,0.0,0.0
2023-10-12 11:30:00-04:00,4.21999979019165,4.224299907684326,4.164999961853027,4.170000076293945,15531,0.0,0.0
2023-10-12 12:30:00-04:00,4.175000190734863,4.179999828338623,4.110000133514404,4.114999771118164,11476,0.0,0.0
2023-10-12 13:30:00-04:00,4.114999771118164,4.114999771118164,4.099999904632568,4.114999771118164,17516,0.0,0.0
2023-10-12 14:30:00-04:00,4.110000133514404,4.139999866485596,4.099999904632568,4.125,40900,0.0,0.0
2023-10-12 15:30:00-04:00,4.130000114440918,4.150000095367432,4.130000114440918,4.130000114440918,69897,0.0,0.0
2023-10-13 09:30:00-04:00,4.179999828338623,4.190000057220459,4.130000114440918,4.169000148773193,18836,0.0,0.0
2023-10-13 10:30:00-04:00,4.164999961853027,4.189000129699707,4.110000133514404,4.114999771118164,49357,0.0,0.0
2023-10-13 11:30:00-04:00,4.119999885559082,4.15500020980835,4.114999771118164,4.135000228881836,22407,0.0,0.0
2023-10-13 12:30:00-04:00,4.135000228881836,4.135000228881836,4.119999885559082,4.135000228881836,5507,0.0,0.0
2023-10-13 13:30:00-04:00,4.135000228881836,4.144999980926514,4.110000133514404,4.119999885559082,13852,0.0,0.0
2023-10-13 14:30:00-04:00,4.130000114440918,4.130000114440918,4.110000133514404,4.114999771118164,15760,0.0,0.0
2023-10-13 15:30:00-04:00,4.119999885559082,4.119999885559082,4.099999904632568,4.099999904632568,14047,0.0,0.0
2023-10-16 09:30:00-04:00,4.139999866485596,4.239999771118164,4.139999866485596,4.210000038146973,35136,0.0,0.0
2023-10-16 10:30:00-04:00,4.21999979019165,4.25,4.215000152587891,4.244999885559082,15904,0.0,0.0
2023-10-16 11:30:00-04:00,4.25,4.269999980926514,4.239999771118164,4.260000228881836,10997,0.0,0.0
2023-10-16 12:30:00-04:00,4.264999866485596,4.289999961853027,4.260000228881836,4.271299839019775,14845,0.0,0.0
2023-10-16 13:30:00-04:00,4.275000095367432,4.28000020980835,4.269999980926514,4.269999980926514,11719,0.0,0.0
2023-10-16 14:30:00-04:00,4.275000095367432,4.28000020980835,4.255000114440918,4.264999866485596,13689,0.0,0.0
2023-10-16 15:30:00-04:00,4.264999866485596,4.28000020980835,4.25,4.255000114440918,20987,0.0,0.0
2023-10-17 09:30:00-04:00,4.210000038146973,4.389999866485596,4.110000133514404,4.360000133514404,44336,0.0,0.0
2023-10-17 10:30:00-04:00,4.340000152587891,4.367499828338623,4.324900150299072,4.367499828338623,18230,0.0,0.0
2023-10-17 11:30:00-04:00,4.364999771118164,4.38670015335083,4.360000133514404,4.375,15410,0.0,0.0
2023-10-17 12:30:00-04:00,4.380000114440918,4.40500020980835,4.369999885559082,4.40500020980835,17915,0.0,0.0
2023-10-17 13:30:00-04:00,4.40500020980835,4.429999828338623,4.400000095367432,4.429999828338623,19742,0.0,0.0
2023-10-17 14:30:00-04:00,4.429999828338623,4.434999942779541,4.389999866485596,4.394999980926514,35151,0.0,0.0
2023-10-17 15:30:00-04:00,4.394999980926514,4.409999847412109,4.389999866485596,4.40500020980835,67792,0.0,0.0
2023-10-18 09:30:00-04:00,4.369999885559082,4.369999885559082,4.320000171661377,4.335000038146973,16122,0.0,0.0
2023-10-18 10:30:00-04:00,4.329999923706055,4.34499979019165,4.295000076293945,4.320000171661377,170399,0.0,0.0
2023-10-18 11:30:00-04:00,4.309999942779541,4.320000171661377,4.28000020980835,4.28000020980835,34665,0.0,0.0
2023-10-18 12:30:00-04:00,4.28000020980835,4.340000152587891,4.269999980926514,4.340000152587891,34184,0.0,0.0
2023-10-18 13:30:00-04:00,4.340000152587891,4.355000019073486,4.324999809265137,4.355000019073486,10165,0.0,0.0
2023-10-18 14:30:00-04:00,4.349999904632568,4.360000133514404,4.335000038146973,4.335000038146973,18643,0.0,0.0
2023-10-18 15:30:00-04:00,4.340000152587891,4.349999904632568,4.320000171661377,4.329999923706055,70920,0.0,0.0
2023-10-19 09:30:00-04:00,4.340000152587891,4.340000152587891,4.28000020980835,4.315000057220459,23116,0.0,0.0
2023-10-19 10:30:00-04:00,4.309999942779541,4.360000133514404,4.300000190734863,4.329999923706055,27923,0.0,0.0
2023-10-19 11:30:00-04:00,4.320000171661377,4.369999885559082,4.320000171661377,4.360000133514404,20102,0.0,0.0
2023-10-19 12:30:00-04:00,4.349999904632568,4.380000114440918,4.340000152587891,4.369999885559082,24435,0.0,0.0
2023-10-19 13:30:00-04:00,4.375,4.375,4.320000171661377,4.329999923706055,21955,0.0,0.0
2023-10-19 14:30:00-04:00,4.329999923706055,4.329999923706055,4.300000190734863,4.304999828338623,15168,0.0,0.0
2023-10-19 15:30:00-04:00,4.309999942779541,4.320000171661377,4.302499771118164,4.320000171661377,22674,0.0,0.0
2023-10-20 09:30:00-04:00,4.329999923706055,4.340000152587891,4.260000228881836,4.331999778747559,45320,0.0,0.0
2023-10-20 10:30:00-04:00,4.335000038146973,4.34499979019165,4.28000020980835,4.295000076293945,18789,0.0,0.0
2023-10-20 11:30:00-04:00,4.289999961853027,4.329999923706055,4.284999847412109,4.309999942779541,14357,0.0,0.0
2023-10-20 12:30:00-04:00,4.315000057220459,4.335000038146973,4.315000057220459,4.335000038146973,4703,0.0,0.0
2023-10-20 13:30:00-04:00,4.329999923706055,4.340000152587891,4.309999942779541,4.324999809265137,11315,0.0,0.0
2023-10-20 14:30:00-04:00,4.324999809265137,4.329999923706055,4.320000171661377,4.324999809265137,3937,0.0,0.0
2023-10-20 15:30:00-04:00,4.320000171661377,4.329999923706055,4.309999942779541,4.320000171661377,32809,0.0,0.0
2023-10-23 09:30:00-04:00,4.309999942779541,4.309999942779541,4.179999828338623,4.199999809265137,86724,0.0,0.0
2023-10-23 10:30:00-04:00,4.179999828338623,4.210000038146973,4.1656999588012695,4.195000171661377,18643,0.0,0.0
2023-10-23 11:30:00-04:00,4.199999809265137,4.224999904632568,4.179999828338623,4.184999942779541,27017,0.0,0.0
2023-10-23 12:30:00-04:00,4.184999942779541,4.21999979019165,4.159999847412109,4.199999809265137,40521,0.0,0.0
2023-10-23 13:30:00-04:00,4.199999809265137,4.21999979019165,4.179999828338623,4.21999979019165,19030,0.0,0.0
2023-10-23 14:30:00-04:00,4.21999979019165,4.230000019073486,4.179999828338623,4.179999828338623,27072,0.0,0.0
2023-10-23 15:30:00-04:00,4.175000190734863,4.179999828338623,4.150000095367432,4.159999847412109,41590,0.0,0.0
2023-10-24 09:30:00-04:00,4.170000076293945,4.239999771118164,4.079999923706055,4.125,63737,0.0,0.0
2023-10-24 10:30:00-04:00,4.119999885559082,4.119999885559082,4.079999923706055,4.085000038146973,20600,0.0,0.0
2023-10-24 11:30:00-04:00,4.079999923706055,4.085000038146973,4.054999828338623,4.054999828338623,16194,0.0,0.0
2023-10-24 12:30:00-04:00,4.054999828338623,4.090000152587891,4.054999828338623,4.090000152587891,20459,0.0,0.0
2023-10-24 13:30:00-04:00,4.099999904632568,4.110000133514404,4.090000152587891,4.090000152587891,18256,0.0,0.0
2023-10-24 14:30:00-04:00,4.085000038146973,4.130000114440918,4.079999923706055,4.105000019073486,41435,0.0,0.0
2023-10-24 15:30:00-04:00,4.105000019073486,4.110000133514404,4.050000190734863,4.079999923706055,117344,0.0,0.0
2023-10-25 09:30:00-04:00,4.070000171661377,4.079999923706055,4.0,4.010000228881836,29317,0.0,0.0
2023-10-25 10:30:00-04:00,4.0,4.03000020980835,3.9700000286102295,4.005000114440918,68430,0.0,0.0
2023-10-25 11:30:00-04:00,4.0,4.014999866485596,3.9800000190734863,3.984999895095825,35880,0.0,0.0
2023-10-25 12:30:00-04:00,3.990000009536743,3.990000009536743,3.9700000286102295,3.9749999046325684,14066,0.0,0.0
2023-10-25 13:30:00-04:00,3.9749999046325684,3.9749999046325684,3.944999933242798,3.9649999141693115,31225,0.0,0.0
2023-10-25 14:30:00-04:00,3.9649999141693115,4.019999980926514,3.940000057220459,4.019999980926514,28504,0.0,0.0
2023-10-25 15:30:00-04:00,4.025000095367432,4.079999923706055,4.010000228881836,4.040999889373779,201729,0.0,0.0
2023-10-26 09:30:00-04:00,4.059999942779541,4.170000076293945,4.054999828338623,4.139999866485596,46487,0.0,0.0
2023-10-26 10:30:00-04:00,4.130000114440918,4.170000076293945,4.110000133514404,4.144999980926514,16687,0.0,0.0
2023-10-26 11:30:00-04:00,4.139999866485596,4.159999847412109,4.105000019073486,4.105000019073486,10616,0.0,0.0
2023-10-26 12:30:00-04:00,4.105000019073486,4.110000133514404,4.074999809265137,4.074999809265137,14474,0.0,0.0
2023-10-26 13:30:00-04:00,4.070000171661377,4.139999866485596,4.059999942779541,4.130000114440918,39866,0.0,0.0
2023-10-26 14:30:00-04:00,4.130000114440918,4.144999980926514,4.114999771118164,4.139999866485596,26410,0.0,0.0
2023-10-26 15:30:00-04:00,4.130000114440918,4.130000114440918,4.090000152587891,4.110000133514404,37532,0.0,0.0
2023-10-27 09:30:00-04:00,4.119999885559082,4.130000114440918,4.059999942779541,4.059999942779541,13991,0.0,0.0
2023-10-27 10:30:00-04:00,4.059999942779541,4.079999923706055,4.054999828338623,4.079899787902832,16922,0.0,0.0
2023-10-27 11:30:00-04:00,4.075300216674805,4.079999923706055,4.045000076293945,4.054999828338623,15744,0.0,0.0
2023-10-27 12:30:00-04:00,4.054999828338623,4.059999942779541,4.025000095367432,4.025000095367432,9810,0.0,0.0
2023-10-27 13:30:00-04:00,4.025000095367432,4.025000095367432,3.990000009536743,3.994999885559082,14325,0.0,0.0
2023-10-27 14:30:00-04:00,3.990000009536743,4.074999809265137,3.9549999237060547,4.005000114440918,71199,0.0,0.0
2023-10-27 15:30:00-04:00,4.005000114440918,4.059999942779541,3.990000009536743,4.039999961853027,90534,0.0,0.0
2023-10-30 09:30:00-04:00,4.090000152587891,4.099999904632568,4.039999961853027,4.039999961853027,16104,0.0,0.0
2023-10-30 10:30:00-04:00,4.034999847412109,4.050000190734863,4.010000228881836,4.03000020980835,18904,0.0,0.0
2023-10-30 11:30:00-04:00,4.034999847412109,4.039999961853027,4.019999980926514,4.034999847412109,13977,0.0,0.0
2023-10-30 12:30:00-04:00,4.034999847412109,4.050000190734863,4.019999980926514,4.050000190734863,11721,0.0,0.0
2023-10-30 13:30:00-04:00,4.050000190734863,4.079999923706055,4.045000076293945,4.074999809265137,11534,0.0,0.0
2023-10-30 14:30:00-04:00,4.079999923706055,4.099999904632568,4.059999942779541,4.09499979019165,19275,0.0,0.0
2023-10-30 15:30:00-04:00,4.090000152587891,4.099999904632568,4.070000171661377,4.099999904632568,29137,0.0,0.0
2023-10-31 09:30:00-04:00,4.059999942779541,4.135000228881836,4.010000228881836,4.099999904632568,57690,0.0,0.0
2023-10-31 10:30:00-04:00,4.099999904632568,4.130000114440918,4.099999904632568,4.119999885559082,26905,0.0,0.0
2023-10-31 11:30:00-04:00,4.11299991607666,4.139999866485596,4.110000133514404,4.139999866485596,20984,0.0,0.0
2023-10-31 12:30:00-04:00,4.139999866485596,4.159999847412109,4.090000152587891,4.105000019073486,42864,0.0,0.0
2023-10-31 13:30:00-04:00,4.110000133514404,4.150000095367432,4.110000133514404,4.125,31492,0.0,0.0
2023-10-31 14:30:00-04:00,4.125,4.130000114440918,4.110000133514404,4.119999885559082,49560,0.0,0.0
2023-10-31 15:30:00-04:00,4.125,4.159999847412109,4.119999885559082,4.15500020980835,56601,0.0,0.0
2023-11-01 09:30:00-04:00,4.150000095367432,4.159999847412109,3.984999895095825,4.119999885559082,67483,0.0,0.0
2023-11-01 10:30:00-04:00,4.119999885559082,4.190000057220459,4.119999885559082,4.175000190734863,20534,0.0,0.0
2023-11-01 11:30:00-04:00,4.179999828338623,4.215000152587891,4.152500152587891,4.195000171661377,32364,0.0,0.0
2023-11-01 12:30:00-04:00,4.198699951171875,4.199999809265137,4.179999828338623,4.179999828338623,22883,0.0,0.0
2023-11-01 13:30:00-04:00,4.179999828338623,4.184999942779541,4.159999847412109,4.179999828338623,15511,0.0,0.0
2023-11-01 14:30:00-04:00,4.179999828338623,4.21999979019165,4.170000076293945,4.21999979019165,35090,0.0,0.0
2023-11-01 15:30:00-04:00,4.230000019073486,4.255000114440918,4.230000019073486,4.25,45211,0.0,0.0
2023-11-02 09:30:00-04:00,4.300000190734863,4.340000152587891,4.264999866485596,4.315000057220459,23503,0.0,0.0
2023-11-02 10:30:00-04:00,4.318999767303467,4.400000095367432,4.318999767303467,4.394999980926514,33038,0.0,0.0
2023-11-02 11:30:00-04:00,4.389999866485596,4.389999866485596,4.369999885559082,4.380000114440918,7116,0.0,0.0
2023-11-02 12:30:00-04:00,4.380000114440918,4.389999866485596,4.379499912261963,4.385000228881836,4619,0.0,0.0
2023-11-02 13:30:00-04:00,4.389999866485596,4.400000095367432,4.389999866485596,4.394999980926514,4611,0.0,0.0
2023-11-02 14:30:00-04:00,4.394999980926514,4.400000095367432,4.369999885559082,4.380000114440918,30812,0.0,0.0
2023-11-02 15:30:00-04:00,4.380000114440918,4.389999866485596,4.364999771118164,4.389999866485596,74205,0.0,0.0
2023-11-03 09:30:00-04:00,4.5,4.650000095367432,4.4730000495910645,4.599999904632568,27832,0.0,0.0
2023-11-03 10:30:00-04:00,4.605000019073486,4.605000019073486,4.570000171661377,4.574999809265137,23741,0.0,0.0
2023-11-03 11:30:00-04:00,4.579999923706055,4.639999866485596,4.570000171661377,4.614999771118164,15117,0.0,0.0
2023-11-03 12:30:00-04:00,4.610000133514404,4.619999885559082,4.519999980926514,4.539999961853027,67206,0.0,0.0
2023-11-03 13:30:00-04:00,4.545000076293945,4.550000190734863,4.539999961853027,4.550000190734863,27158,0.0,0.0
2023-11-03 14:30:00-04:00,4.550000190734863,4.550000190734863,4.519999980926514,4.545000076293945,62521,0.0,0.0
2023-11-03 15:30:00-04:00,4.539999961853027,4.539999961853027,4.489999771118164,4.514999866485596,63626,0.0,0.0
2023-11-06 09:30:00-05:00,4.519999980926514,4.519999980926514,4.289999961853027,4.445000171661377,208633,0.0,0.0
2023-11-06 10:30:00-05:00,4.449999809265137,4.449999809265137,4.349999904632568,4.377500057220459,36551,0.0,0.0
2023-11-06 11:30:00-05:00,4.377500057220459,4.409999847412109,4.375,4.40500020980835,9606,0.0,0.0
2023-11-06 12:30:00-05:00,4.40500020980835,4.408999919891357,4.349999904632568,4.380000114440918,17438,0.0,0.0
2023-11-06 13:30:00-05:00,4.380000114440918,4.429999828338623,4.380000114440918,4.409999847412109,36218,0.0,0.0
2023-11-06 14:30:00-05:00,4.409999847412109,4.449999809265137,4.40500020980835,4.449999809265137,52712,0.0,0.0
2023-11-06 15:30:00-05:00,4.445000171661377,4.489999771118164,4.440000057220459,4.489999771118164,67590,0.0,0.0
2023-11-07 09:30:00-05:00,4.460000038146973,4.474999904632568,4.300000190734863,4.449999809265137,12485,0.0,0.0
2023-11-07 10:30:00-05:00,4.465000152587891,4.46999979019165,4.440000057220459,4.440000057220459,5189,0.0,0.0
2023-11-07 11:30:00-05:00,4.434999942779541,4.434999942779541,4.380000114440918,4.40500020980835,17009,0.0,0.0
2023-11-07 12:30:00-05:00,4.400000095367432,4.40500020980835,4.400000095367432,4.400000095367432,8388,0.0,0.0
2023-11-07 13:30:00-05:00,4.409999847412109,4.440000057220459,4.389999866485596,4.434999942779541,36676,0.0,0.0
2023-11-07 14:30:00-05:00,4.440000057220459,4.480000019073486,4.429999828338623,4.480000019073486,20223,0.0,0.0
2023-11-07 15:30:00-05:00,4.480000019073486,4.5,4.460000038146973,4.46999979019165,87071,0.0,0.0
2023-11-08 09:30:00-05:00,4.480000019073486,4.480000019073486,4.429999828338623,4.434999942779541,17142,0.0,0.0
2023-11-08 10:30:00-05:00,4.434999942779541,4.449999809265137,4.429999828338623,4.442500114440918,11677,0.0,0.0
2023-11-08 11:30:00-05:00,4.449999809265137,4.474999904632568,4.380000114440918,4.387800216674805,33210,0.0,0.0
2023-11-08 12:30:00-05:00,4.389999866485596,4.420000076293945,4.389999866485596,4.414999961853027,14838,0.0,0.0
2023-11-08 13:30:00-05:00,4.414999961853027,4.440000057220459,4.414999961853027,4.440000057220459,20995,0.0,0.0
2023-11-08 14:30:00-05:00,4.440000057220459,4.440000057220459,4.422500133514404,4.429999828338623,17701,0.0,0.0
2023-11-08 15:30:00-05:00,4.429999828338623,4.449999809265137,4.409999847412109,4.440000057220459,56053,0.0,0.0
2023-11-09 09:30:00-05:00,4.480000019073486,4.5,4.440000057220459,4.485000133514404,23384,0.0,0.0
2023-11-09 10:30:00-05:00,4.480000019073486,4.514999866485596,4.474999904632568,4.514999866485596,9311,0.0,0.0
2023-11-09 11:30:00-05:00,4.514999866485596,4.539999961853027,4.514999866485596,4.525000095367432,8081,0.0,0.0
2023-11-09 12:30:00-05:00,4.525000095367432,4.539999961853027,4.25,4.360000133514404,176594,0.0,0.0
2023-11-09 13:30:00-05:00,4.360000133514404,4.409999847412109,4.329999923706055,4.340000152587891,73006,0.0,0.0
2023-11-09 14:30:00-05:00,4.340000152587891,4.34499979019165,4.309999942779541,4.315000057220459,23876,0.0,0.0
2023-11-09 15:30:00-05:00,4.315000057220459,4.400000095367432,4.28000020980835,4.389999866485596,87432,0.0,0.0
2023-11-10 09:30:00-05:00,4.389999866485596,4.389999866485596,4.295000076293945,4.307700157165527,18983,0.0,0.0
2023-11-10 10:30:00-05:00,4.309999942779541,4.309999942779541,4.269999980926514,4.29449987411499,18840,0.0,0.0
2023-11-10 11:30:00-05:00,4.295000076293945,4.309999942779541,4.291299819946289,4.309999942779541,6129,0.0,0.0
2023-11-10 12:30:00-05:00,4.320000171661377,4.409999847412109,4.320000171661377,4.409999847412109,6906,0.0,0.0
2023-11-10 13:30:00-05:00,4.409999847412109,4.519999980926514,4.400000095367432,4.5,46283,0.0,0.0
2023-11-10 14:30:00-05:00,4.494999885559082,4.5,4.454999923706055,4.46999979019165,31478,0.0,0.0
2023-11-10 15:30:00-05:00,4.46999979019165,4.480000019073486,4.449999809265137,4.449999809265137,49446,0.0,0.0
2023-11-13 09:30:00-05:00,4.400000095367432,4.400000095367432,4.139999866485596,4.360000133514404,48941,0.0,0.0
2023-11-13 10:30:00-05:00,4.349999904632568,4.369999885559082,4.349999904632568,4.369999885559082,3784,0.0,0.0
2023-11-13 11:30:00-05:00,4.380000114440918,4.40500020980835,4.364999771118164,4.364999771118164,7579,0.0,0.0
2023-11-13 12:30:00-05:00,4.360000133514404,4.369999885559082,4.329999923706055,4.329999923706055,11615,0.0,0.0
2023-11-13 13:30:00-05:00,4.329999923706055,4.340000152587891,4.320000171661377,4.323999881744385,8008,0.0,0.0
2023-11-13 14:30:00-05:00,4.324999809265137,4.324999809265137,4.309999942779541,4.309999942779541,10051,0.0,0.0
2023-11-13 15:30:00-05:00,4.311299800872803,4.360000133514404,4.309999942779541,4.34499979019165,55854,0.0,0.0
2023-11-14 09:30:00-05:00,4.559999942779541,4.849999904632568,4.550000190734863,4.780099868774414,148749,0.0,0.0
2023-11-14 10:30:00-05:00,4.77400016784668,4.860000133514404,4.75,4.849999904632568,70817,0.0,0.0
2023-11-14 11:30:00-05:00,4.840000152587891,4.840000152587891,4.739999771118164,4.739999771118164,20018,0.0,0.0
2023-11-14 12:30:00-05:00,4.739999771118164,4.760000228881836,4.739999771118164,4.744999885559082,10587,0.0,0.0
2023-11-14 13:30:00-05:00,4.75,4.769999980926514,4.730000019073486,4.730000019073486,15704,0.0,0.0
2023-11-14 14:30:00-05:00,4.730000019073486,4.730000019073486,4.670000076293945,4.71999979019165,44346,0.0,0.0
2023-11-14 15:30:00-05:00,4.71999979019165,4.760000228881836,4.71999979019165,4.760000228881836,50223,0.0,0.0
2023-11-15 09:30:00-05:00,4.760000228881836,4.900000095367432,4.75,4.886000156402588,24389,0.0,0.0
2023-11-15 10:30:00-05:00,4.883999824523926,4.889999866485596,4.829999923706055,4.829999923706055,15516,0.0,0.0
2023-11-15 11:30:00-05:00,4.839799880981445,4.840000152587891,4.809999942779541,4.840000152587891,13144,0.0,0.0
2023-11-15 12:30:00-05:00,4.849999904632568,4.849999904632568,4.762499809265137,4.789999961853027,14497,0.0,0.0
2023-11-15 13:30:00-05:00,4.795000076293945,4.840000152587891,4.78000020980835,4.78000020980835,22547,0.0,0.0
2023-11-15 14:30:00-05:00,4.783999919891357,4.829999923706055,4.769999980926514,4.772500038146973,33196,0.0,0.0
2023-11-15 15:30:00-05:00,4.775000095367432,4.789999961853027,4.769999980926514,4.784999847412109,26418,0.0,0.0
2023-11-16 09:30:00-05:00,4.760000228881836,4.760000228881836,4.610000133514404,4.682499885559082,40224,0.0,0.0
2023-11-16 10:30:00-05:00,4.684999942779541,4.699999809265137,4.639999866485596,4.699999809265137,30130,0.0,0.0
2023-11-16 11:30:00-05:00,4.690000057220459,4.690000057220459,4.635000228881836,4.659999847412109,19635,0.0,0.0
2023-11-16 12:30:00-05:00,4.659999847412109,4.670000076293945,4.610000133514404,4.619999885559082,34709,0.0,0.0
2023-11-16 13:30:00-05:00,4.619999885559082,4.639999866485596,4.602499961853027,4.619999885559082,14111,0.0,0.0
2023-11-16 14:30:00-05:00,4.619500160217285,4.659999847412109,4.619500160217285,4.65500020980835,23189,0.0,0.0
2023-11-16 15:30:00-05:00,4.650000095367432,4.689899921417236,4.639999866485596,4.689899921417236,78838,0.0,0.0
2023-11-17 09:30:00-05:00,3.950000047683716,4.460000038146973,3.9000000953674316,4.300000190734863,346792,0.0,0.0
2023-11-17 10:30:00-05:00,4.289999961853027,4.364999771118164,4.210000038146973,4.329999923706055,79382,0.0,0.0
2023-11-17 11:30:00-05:00,4.329999923706055,4.340000152587891,4.300000190734863,4.340000152587891,48968,0.0,0.0
2023-11-17 12:30:00-05:00,4.340000152587891,4.420000076293945,4.329999923706055,4.414999961853027,28264,0.0,0.0
2023-11-17 13:30:00-05:00,4.414999961853027,4.46999979019165,4.409999847412109,4.420000076293945,61572,0.0,0.0
2023-11-17 14:30:00-05:00,4.420000076293945,4.519999980926514,4.400000095367432,4.494999885559082,68547,0.0,0.0
2023-11-17 15:30:00-05:00,4.489999771118164,4.510000228881836,4.465000152587891,4.510000228881836,126163,0.0,0.0
2023-11-20 09:30:00-05:00,3.990000009536743,4.380000114440918,3.9000000953674316,4.079999923706055,313224,0.0,0.0
2023-11-20 10:30:00-05:00,4.085000038146973,4.289999961853027,4.079999923706055,4.284999847412109,85256,0.0,0.0
2023-11-20 11:30:00-05:00,4.284999847412109,4.289999961853027,4.199999809265137,4.199999809265137,34041,0.0,0.0
2023-11-20 12:30:00-05:00,4.210000038146973,4.25,4.170000076293945,4.215000152587891,51281,0.0,0.0
2023-11-20 13:30:00-05:00,4.21999979019165,4.269999980926514,4.119999885559082,4.119999885559082,195575,0.0,0.0
2023-11-20 14:30:00-05:00,4.130000114440918,4.15500020980835,4.070000171661377,4.110000133514404,105711,0.0,0.0
2023-11-20 15:30:00-05:00,4.114999771118164,4.179999828338623,4.099999904632568,4.150000095367432,356293,0.0,0.0
2023-11-21 09:30:00-05:00,4.159999847412109,4.210000038146973,4.110000133514404,4.114999771118164,56507,0.0,0.0
2023-11-21 10:30:00-05:00,4.110000133514404,4.159999847412109,4.110000133514404,4.15500020980835,25629,0.0,0.0
2023-11-21 11:30:00-05:00,4.15500020980835,4.190000057220459,4.114999771118164,4.144999980926514,49570,0.0,0.0
2023-11-21 12:30:00-05:00,4.144999980926514,4.147500038146973,4.065000057220459,4.090000152587891,54960,0.0,0.0
2023-11-21 13:30:00-05:00,4.090000152587891,4.099999904632568,4.079999923706055,4.085000038146973,16210,0.0,0.0
2023-11-21 14:30:00-05:00,4.085000038146973,4.119999885559082,4.079999923706055,4.110000133514404,71358,0.0,0.0
2023-11-21 15:30:00-05:00,4.114999771118164,4.119999885559082,4.090000152587891,4.099999904632568,126368,0.0,0.0
2023-11-22 09:30:00-05:00,4.110000133514404,4.130000114440918,4.005000114440918,4.019999980926514,95151,0.0,0.0
2023-11-22 10:30:00-05:00,4.019999980926514,4.039999961853027,3.9649999141693115,4.010000228881836,96887,0.0,0.0
2023-11-22 11:30:00-05:00,4.010000228881836,4.014999866485596,3.984999895095825,3.990000009536743,30214,0.0,0.0
2023-11-22 12:30:00-05:00,4.0,4.010000228881836,3.9800000190734863,3.994999885559082,34360,0.0,0.0
2023-11-22 13:30:00-05:00,3.994999885559082,4.0,3.990000009536743,4.0,11879,0.0,0.0
2023-11-22 14:30:00-05:00,3.994999885559082,4.0,3.990000009536743,3.994999885559082,16862,0.0,0.0
2023-11-22 15:30:00-05:00,3.994999885559082,4.010000228881836,3.992500066757202,4.005000114440918,109704,0.0,0.0
2023-11-24 09:30:00-05:00,3.9800000190734863,4.010000228881836,3.9725000858306885,3.9800000190734863,48293,0.0,0.0
2023-11-24 10:30:00-05:00,3.9839999675750732,4.0,3.9800000190734863,3.9800000190734863,22418,0.0,0.0
2023-11-24 11:30:00-05:00,3.984999895095825,4.005000114440918,3.9800000190734863,4.005000114440918,15336,0.0,0.0
2023-11-27 09:30:00-05:00,4.03000020980835,4.03000020980835,3.9700000286102295,3.9800000190734863,84547,0.0,0.0
2023-11-27 10:30:00-05:00,3.9700000286102295,4.0,3.9700000286102295,3.994999885559082,24827,0.0,0.0
2023-11-27 11:30:00-05:00,4.0,4.03000020980835,3.984999895095825,3.994999885559082,29996,0.0,0.0
2023-11-27 12:30:00-05:00,4.0,4.0,3.9549999237060547,3.984999895095825,74343,0.0,0.0
2023-11-27 13:30:00-05:00,3.984999895095825,3.994999885559082,3.9700000286102295,3.984999895095825,36074,0.0,0.0
2023-11-27 14:30:00-05:00,3.984999895095825,3.984999895095825,3.9700000286102295,3.9749999046325684,18161,0.0,0.0
2023-11-27 15:30:00-05:00,3.9749999046325684,3.984999895095825,3.9600000381469727,3.9649999141693115,33338,0.0,0.0
2023-11-28 09:30:00-05:00,3.9800000190734863,3.9800000190734863,3.819999933242798,3.825000047683716,96508,0.0,0.0
2023-11-28 10:30:00-05:00,3.825000047683716,3.8575000762939453,3.8239998817443848,3.8499999046325684,26662,0.0,0.0
2023-11-28 11:30:00-05:00,3.8499999046325684,3.930000066757202,3.8450000286102295,3.9200000762939453,88108,0.0,0.0
2023-11-28 12:30:00-05:00,3.9200000762939453,3.9200000762939453,3.8350000381469727,3.8399999141693115,67699,0.0,0.0
2023-11-28 13:30:00-05:00,3.8399999141693115,3.8399999141693115,3.815000057220459,3.819999933242798,34889,0.0,0.0
2023-11-28 14:30:00-05:00,3.819999933242798,3.8550000190734863,3.815000057220459,3.84089994430542,126190,0.0,0.0
2023-11-28 15:30:00-05:00,3.8450000286102295,3.8499999046325684,3.819999933242798,3.8299999237060547,47798,0.0,0.0
2023-11-29 09:30:00-05:00,3.869999885559082,4.010000228881836,3.869999885559082,3.950000047683716,76132,0.0,0.0
2023-11-29 10:30:00-05:00,3.944999933242798,3.9600000381469727,3.924999952316284,3.930000066757202,59131,0.0,0.0
2023-11-29 11:30:00-05:00,3.930000066757202,3.930000066757202,3.869999885559082,3.930000066757202,73400,0.0,0.0
2023-11-29 12:30:00-05:00,3.924999952316284,3.9749999046325684,3.9149999618530273,3.9749999046325684,27345,0.0,0.0
2023-11-29 13:30:00-05:00,3.9800000190734863,3.9800000190734863,3.930000066757202,3.9649999141693115,95116,0.0,0.0
2023-11-29 14:30:00-05:00,3.9700000286102295,3.9700000286102295,3.940000057220459,3.944999933242798,64511,0.0,0.0
2023-11-29 15:30:00-05:00,3.950000047683716,3.950000047683716,3.9100000858306885,3.9149999618530273,75447,0.0,0.0
2023-11-30 09:30:00-05:00,3.950000047683716,4.03000020980835,3.8350000381469727,3.8450000286102295,78349,0.0,0.0
2023-11-30 10:30:00-05:00,3.8499999046325684,3.859999895095825,3.825000047683716,3.8575000762939453,28534,0.0,0.0
2023-11-30 11:30:00-05:00,3.8499999046325684,3.865000009536743,3.809999942779541,3.809999942779541,32692,0.0,0.0
2023-11-30 12:30:00-05:00,3.819999933242798,3.8499999046325684,3.809999942779541,3.8499999046325684,27053,0.0,0.0
2023-11-30 13:30:00-05:00,3.8450000286102295,3.8499999046325684,3.799999952316284,3.809999942779541,25840,0.0,0.0
2023-11-30 14:30:00-05:00,3.819999933242798,3.8399999141693115,3.799999952316284,3.799999952316284,31526,0.0,0.0
2023-11-30 15:30:00-05:00,3.799999952316284,3.809999942779541,3.7799999713897705,3.7799999713897705,72428,0.0,0.0
2023-12-01 09:30:00-05:00,3.7799999713897705,3.859999895095825,3.700000047683716,3.7300000190734863,112739,0.0,0.0
2023-12-01 10:30:00-05:00,3.7300000190734863,3.809999942779541,3.7300000190734863,3.809999942779541,69482,0.0,0.0
2023-12-01 11:30:00-05:00,3.809999942779541,3.8440001010894775,3.7950000762939453,3.809999942779541,47672,0.0,0.0
2023-12-01 12:30:00-05:00,3.815000057220459,3.8550000190734863,3.7899999618530273,3.824399948120117,70889,0.0,0.0
2023-12-01 13:30:00-05:00,3.825000047683716,3.8499999046325684,3.799999952316284,3.809999942779541,63540,0.0,0.0
2023-12-01 14:30:00-05:00,3.815000057220459,3.819999933242798,3.7699999809265137,3.7699999809265137,60937,0.0,0.0
2023-12-01 15:30:00-05:00,3.7750000953674316,3.8299999237060547,3.7699999809265137,3.8299999237060547,65702,0.0,0.0
2023-12-04 09:30:00-05:00,3.8399999141693115,3.990000009536743,3.8399999141693115,3.859999895095825,118506,0.0,0.0
2023-12-04 10:30:00-05:00,3.8499999046325684,3.9000000953674316,3.8450000286102295,3.880000114440918,48100,0.0,0.0
2023-12-04 11:30:00-05:00,3.884999990463257,3.890000104904175,3.8499999046325684,3.875,67137,0.0,0.0
2023-12-04 12:30:00-05:00,3.869999885559082,3.890000104904175,3.8399999141693115,3.865000009536743,50476,0.0,0.0
2023-12-04 13:30:00-05:00,3.859999895095825,3.859999895095825,3.8350000381469727,3.8450000286102295,64231,0.0,0.0
2023-12-04 14:30:00-05:00,3.8450000286102295,3.8499999046325684,3.8299999237060547,3.8299999237060547,43530,0.0,0.0
2023-12-04 15:30:00-05:00,3.825000047683716,3.8550000190734863,3.825000047683716,3.8499999046325684,60025,0.0,0.0
2023-12-05 09:30:00-05:00,3.8399999141693115,3.8399999141693115,3.700000047683716,3.700000047683716,81935,0.0,0.0
2023-12-05 10:30:00-05:00,3.7039999961853027,3.7200000286102295,3.6600000858306885,3.680000066757202,59977,0.0,0.0
2023-12-05 11:30:00-05:00,3.6700000762939453,3.680000066757202,3.634999990463257,3.6500000953674316,53387,0.0,0.0
2023-12-05 12:30:00-05:00,3.659899950027466,3.700000047683716,3.640000104904175,3.6600000858306885,74889,0.0,0.0
2023-12-05 13:30:00-05:00,3.6600000858306885,3.6700000762939453,3.6449999809265137,3.6500000953674316,36482,0.0,0.0
2023-12-05 14:30:00-05:00,3.6549999713897705,3.674999952316284,3.640000104904175,3.6649999618530273,64580,0.0,0.0
2023-12-05 15:30:00-05:00,3.6600000858306885,3.680000066757202,3.6500000953674316,3.680000066757202,65165,0.0,0.0
2023-12-06 09:30:00-05:00,3.7300000190734863,3.819999933242798,3.700000047683716,3.7899999618530273,113381,0.0,0.0
2023-12-06 10:30:00-05:00,3.7799999713897705,3.8299999237060547,3.7699999809265137,3.7950000762939453,30119,0.0,0.0
2023-12-06 11:30:00-05:00,3.7899999618530273,3.815000057220459,3.7699999809265137,3.815000057220459,30593,0.0,0.0
2023-12-06 12:30:00-05:00,3.809999942779541,3.8299999237060547,3.799999952316284,3.815000057220459,25377,0.0,0.0
2023-12-06 13:30:00-05:00,3.819999933242798,3.869999885559082,3.819999933242798,3.8450000286102295,57598,0.0,0.0
2023-12-06 14:30:00-05:00,3.8450000286102295,3.8450000286102295,3.825000047683716,3.8350000381469727,37215,0.0,0.0
2023-12-06 15:30:00-05:00,3.8350000381469727,3.859999895095825,3.819999933242798,3.8299999237060547,86374,0.0,0.0
2023-12-07 09:30:00-05:00,3.8399999141693115,3.9200000762939453,3.819999933242798,3.880000114440918,80865,0.0,0.0
2023-12-07 10:30:00-05:00,3.884999990463257,3.9971001148223877,3.880000114440918,3.994999885559082,58863,0.0,0.0
2023-12-07 11:30:00-05:00,3.994999885559082,4.005000114440918,3.9549999237060547,3.9800000190734863,47638,0.0,0.0
2023-12-07 12:30:00-05:00,3.984999895095825,4.005000114440918,3.9700000286102295,3.9800000190734863,37091,0.0,0.0
2023-12-07 13:30:00-05:00,3.984999895095825,4.010000228881836,3.984999895095825,3.994999885559082,32236,0.0,0.0
2023-12-07 14:30:00-05:00,4.0,4.014999866485596,3.984999895095825,4.0,109033,0.0,0.0
2023-12-07 15:30:00-05:00,4.0,4.0,3.9800000190734863,3.994999885559082,43053,0.0,0.0
2023-12-08 09:30:00-05:00,3.9800000190734863,4.059999942779541,3.9100000858306885,3.984999895095825,58194,0.0,0.0
2023-12-08 10:30:00-05:00,3.990000009536743,4.010000228881836,3.950200080871582,3.9549999237060547,29665,0.0,0.0
2023-12-08 11:30:00-05:00,3.9600000381469727,4.0,3.9600000381469727,3.994999885559082,31256,0.0,0.0
2023-12-08 12:30:00-05:00,3.994999885559082,4.005000114440918,3.991499900817871,3.994999885559082,25646,0.0,0.0
2023-12-08 13:30:00-05:00,4.0,4.0,3.9700000286102295,4.0,32133,0.0,0.0
2023-12-08 14:30:00-05:00,3.994999885559082,4.034999847412109,3.9600000381469727,4.034999847412109,223779,0.0,0.0
2023-12-08 15:30:00-05:00,4.034999847412109,4.130000114440918,4.025000095367432,4.119999885559082,181437,0.0,0.0
2023-12-11 09:30:00-05:00,4.079999923706055,4.440000057220459,4.010000228881836,4.079999923706055,164725,0.0,0.0
2023-12-11 10:30:00-05:00,4.085000038146973,4.09499979019165,4.034999847412109,4.054999828338623,41979,0.0,0.0
2023-12-11 11:30:00-05:00,4.054999828338623,4.179999828338623,4.054999828338623,4.090000152587891,90543,0.0,0.0
2023-12-11 12:30:00-05:00,4.119999885559082,4.130000114440918,4.079999923706055,4.105000019073486,45410,0.0,0.0
2023-12-11 13:30:00-05:00,4.104000091552734,4.110000133514404,4.039999961853027,4.039999961853027,51015,0.0,0.0
2023-12-11 14:30:00-05:00,4.045000076293945,4.09499979019165,4.045000076293945,4.065000057220459,53366,0.0,0.0
2023-12-11 15:30:00-05:00,4.059999942779541,4.099999904632568,4.039999961853027,4.079999923706055,115810,0.0,0.0
2023-12-12 09:30:00-05:00,4.099999904632568,4.099999904632568,4.0,4.019999980926514,57749,0.0,0.0
2023-12-12 10:30:00-05:00,4.013199806213379,4.059999942779541,4.0,4.0,28129,0.0,0.0
2023-12-12 11:30:00-05:00,4.010000228881836,4.03000020980835,3.994999885559082,4.03000020980835,28067,0.0,0.0
2023-12-12 12:30:00-05:00,4.03000020980835,4.03000020980835,4.014999866485596,4.014999866485596,12772,0.0,0.0
2023-12-12 13:30:00-05:00,4.019999980926514,4.130000114440918,4.014999866485596,4.130000114440918,78595,0.0,0.0
2023-12-12 14:30:00-05:00,4.130000114440918,4.139999866485596,4.099999904632568,4.139999866485596,105559,0.0,0.0
2023-12-12 15:30:00-05:00,4.135000228881836,4.139999866485596,4.079999923706055,4.090000152587891,69348,0.0,0.0
2023-12-13 09:30:00-05:00,4.119999885559082,4.15500020980835,4.019999980926514,4.114999771118164,51665,0.0,0.0
2023-12-13 10:30:00-05:00,4.114999771118164,4.125,4.09499979019165,4.125,40392,0.0,0.0
2023-12-13 11:30:00-05:00,4.125,4.135000228881836,4.099999904632568,4.114999771118164,35650,0.0,0.0
2023-12-13 12:30:00-05:00,4.110000133514404,4.114999771118164,4.085000038146973,4.09499979019165,36438,0.0,0.0
2023-12-13 13:30:00-05:00,4.099999904632568,4.519999980926514,4.079999923706055,4.210000038146973,119014,0.0,0.0
2023-12-13 14:30:00-05:00,4.215000152587891,4.304999828338623,4.195000171661377,4.264999866485596,123136,0.0,0.0
2023-12-13 15:30:00-05:00,4.269999980926514,4.340000152587891,4.260000228881836,4.340000152587891,102103,0.0,0.0
2023-12-14 09:30:00-05:00,4.300000190734863,4.480000019073486,4.21999979019165,4.309999942779541,103718,0.0,0.0
2023-12-14 10:30:00-05:00,4.309999942779541,4.389999866485596,4.244999885559082,4.389999866485596,114313,0.0,0.0
2023-12-14 11:30:00-05:00,4.387499809265137,4.489999771118164,4.380000114440918,4.449999809265137,58967,0.0,0.0
2023-12-14 12:30:00-05:00,4.449999809265137,4.480000019073486,4.440000057220459,4.449999809265137,49895,0.0,0.0
2023-12-14 13:30:00-05:00,4.449999809265137,4.46999979019165,4.420000076293945,4.46999979019165,58159,0.0,0.0
2023-12-14 14:30:00-05:00,4.46999979019165,4.545000076293945,4.46999979019165,4.545000076293945,213432,0.0,0.0
2023-12-14 15:30:00-05:00,4.546800136566162,4.585000038146973,4.525000095367432,4.579999923706055,83258,0.0,0.0
2023-12-15 09:30:00-05:00,4.610000133514404,4.610000133514404,4.409999847412109,4.489999771118164,234522,0.0,0.0
2023-12-15 10:30:00-05:00,4.489999771118164,4.550000190734863,4.429999828338623,4.474999904632568,176086,0.0,0.0
2023-12-15 11:30:00-05:00,4.46999979019165,4.534999847412109,4.460000038146973,4.53000020980835,41147,0.0,0.0
2023-12-15 12:30:00-05:00,4.525000095367432,4.53000020980835,4.46999979019165,4.5,44459,0.0,0.0
2023-12-15 13:30:00-05:00,4.489999771118164,4.53000020980835,4.485000133514404,4.520699977874756,34758,0.0,0.0
2023-12-15 14:30:00-05:00,4.519999980926514,4.539999961853027,4.510000228881836,4.539999961853027,13017,0.0,0.0
2023-12-15 15:30:00-05:00,4.550000190734863,4.550000190734863,4.489999771118164,4.5,100069,0.0,0.0
2023-12-18 09:30:00-05:00,4.519999980926514,4.579999923706055,4.340000152587891,4.480000019073486,195688,0.0,0.0
2023-12-18 10:30:00-05:00,4.489999771118164,4.5,4.46999979019165,4.485000133514404,60444,0.0,0.0
2023-12-18 11:30:00-05:00,4.489999771118164,4.489999771118164,4.429999828338623,4.449999809265137,67606,0.0,0.0
2023-12-18 12:30:00-05:00,4.440000057220459,4.454999923706055,4.429999828338623,4.429999828338623,44838,0.0,0.0
2023-12-18 13:30:00-05:00,4.429999828338623,4.445000171661377,4.400000095367432,4.425000190734863,185616,0.0,0.0
2023-12-18 14:30:00-05:00,4.429999828338623,4.445000171661377,4.429999828338623,4.434999942779541,107578,0.0,0.0
2023-12-18 15:30:00-05:00,4.434999942779541,4.46999979019165,4.409999847412109,4.46999979019165,95609,0.0,0.0
2023-12-19 09:30:00-05:00,4.5,4.664999961853027,4.5,4.658699989318848,62430,0.0,0.0
2023-12-19 10:30:00-05:00,4.660600185394287,4.71999979019165,4.590000152587891,4.65500020980835,181109,0.0,0.0
2023-12-19 11:30:00-05:00,4.650000095367432,4.650000095367432,4.570000171661377,4.590000152587891,28570,0.0,0.0
2023-12-19 12:30:00-05:00,4.59499979019165,4.619999885559082,4.590000152587891,4.614999771118164,19628,0.0,0.0
2023-12-19 13:30:00-05:00,4.617000102996826,4.630000114440918,4.539999961853027,4.599999904632568,174875,0.0,0.0
2023-12-19 14:30:00-05:00,4.605000019073486,4.630000114440918,4.579400062561035,4.614999771118164,71051,0.0,0.0
2023-12-19 15:30:00-05:00,4.619999885559082,4.639999866485596,4.610000133514404,4.614999771118164,141769,0.0,0.0
2023-12-20 09:30:00-05:00,4.599999904632568,4.695000171661377,4.579999923706055,4.695000171661377,32735,0.0,0.0
2023-12-20 10:30:00-05:00,4.699999809265137,4.759399890899658,4.690000057220459,4.695000171661377,52392,0.0,0.0
2023-12-20 11:30:00-05:00,4.699999809265137,4.709400177001953,4.670000076293945,4.709400177001953,19074,0.0,0.0
2023-12-20 12:30:00-05:00,4.704999923706055,4.704999923706055,4.670000076293945,4.670000076293945,37561,0.0,0.0
2023-12-20 13:30:00-05:00,4.675000190734863,4.704999923706055,4.675000190734863,4.699999809265137,51051,0.0,0.0
2023-12-20 14:30:00-05:00,4.690000057220459,4.690000057220459,4.505000114440918,4.505000114440918,238916,0.0,0.0
2023-12-20 15:30:00-05:00,4.510000228881836,4.519999980926514,4.46999979019165,4.519999980926514,229696,0.0,0.0
2023-12-21 09:30:00-05:00,4.599999904632568,4.650000095367432,4.570000171661377,4.579999923706055,68118,0.0,0.0
2023-12-21 10:30:00-05:00,4.579999923706055,4.579999923706055,4.570000171661377,4.579999923706055,17289,0.0,0.0
2023-12-21 11:30:00-05:00,4.579999923706055,4.590000152587891,4.534999847412109,4.545000076293945,19300,0.0,0.0
2023-12-21 12:30:00-05:00,4.545000076293945,4.570000171661377,4.53000020980835,4.533999919891357,20770,0.0,0.0
2023-12-21 13:30:00-05:00,4.534999847412109,4.570000171661377,4.519999980926514,4.559999942779541,34516,0.0,0.0
2023-12-21 14:30:00-05:00,4.565000057220459,4.579999923706055,4.554999828338623,4.579999923706055,24243,0.0,0.0
2023-12-21 15:30:00-05:00,4.590000152587891,4.610000133514404,4.585000038146973,4.605000019073486,40808,0.0,0.0
2023-12-22 09:30:00-05:00,4.619999885559082,4.651000022888184,4.559999942779541,4.619999885559082,120008,0.0,0.0
2023-12-22 10:30:00-05:00,4.61899995803833,4.619999885559082,4.590000152587891,4.590000152587891,19444,0.0,0.0
2023-12-22 11:30:00-05:00,4.599999904632568,4.605000019073486,4.559999942779541,4.565000057220459,43588,0.0,0.0
2023-12-22 12:30:00-05:00,4.565000057220459,4.590000152587891,4.550000190734863,4.550000190734863,20493,0.0,0.0
2023-12-22 13:30:00-05:00,4.551199913024902,4.554999828338623,4.514999866485596,4.51800012588501,23637,0.0,0.0
2023-12-22 14:30:00-05:00,4.510000228881836,4.539999961853027,4.501100063323975,4.53000020980835,38393,0.0,0.0
2023-12-22 15:30:00-05:00,4.519999980926514,4.53000020980835,4.510000228881836,4.519999980926514,50824,0.0,0.0
2023-12-26 09:30:00-05:00,4.559999942779541,4.559999942779541,4.480000019073486,4.494999885559082,47108,0.0,0.0
2023-12-26 10:30:00-05:00,4.5,4.510000228881836,4.494999885559082,4.510000228881836,14875,0.0,0.0
2023-12-26 11:30:00-05:00,4.510000228881836,4.590000152587891,4.510000228881836,4.590000152587891,28784,0.0,0.0
2023-12-26 12:30:00-05:00,4.590000152587891,4.610000133514404,4.579999923706055,4.605000019073486,18782,0.0,0.0
2023-12-26 13:30:00-05:00,4.610000133514404,4.635000228881836,4.599999904632568,4.625,22299,0.0,0.0
2023-12-26 14:30:00-05:00,4.625,4.639999866485596,4.610000133514404,4.611999988555908,36707,0.0,0.0
2023-12-26 15:30:00-05:00,4.610000133514404,4.614999771118164,4.570000171661377,4.574999809265137,42183,0.0,0.0
2023-12-27 09:30:00-05:00,4.53000020980835,4.559999942779541,4.5,4.53000020980835,17324,0.0,0.0
2023-12-27 10:30:00-05:00,4.533999919891357,4.539999961853027,4.505000114440918,4.539999961853027,9191,0.0,0.0
2023-12-27 11:30:00-05:00,4.550000190734863,4.59499979019165,4.550000190734863,4.579999923706055,16375,0.0,0.0
2023-12-27 12:30:00-05:00,4.585000038146973,4.599999904632568,4.559999942779541,4.59499979019165,48117,0.0,0.0
2023-12-27 13:30:00-05:00,4.590000152587891,4.610000133514404,4.5625,4.574999809265137,21814,0.0,0.0
2023-12-27 14:30:00-05:00,4.579999923706055,4.585000038146973,4.559999942779541,4.574999809265137,18706,0.0,0.0
2023-12-27 15:30:00-05:00,4.574999809265137,4.585000038146973,4.5625,4.570000171661377,23648,0.0,0.0
2023-12-28 09:30:00-05:00,4.550000190734863,4.619999885559082,4.550000190734863,4.614999771118164,38484,0.0,0.0
2023-12-28 10:30:00-05:00,4.613999843597412,4.650000095367432,4.599999904632568,4.644999980926514,23065,0.0,0.0
2023-12-28 11:30:00-05:00,4.644999980926514,4.679999828338623,4.625,4.659999847412109,30748,0.0,0.0
2023-12-28 12:30:00-05:00,4.664999961853027,4.664999961853027,4.59499979019165,4.59499979019165,22663,0.0,0.0
2023-12-28 13:30:00-05:00,4.59499979019165,4.610000133514404,4.590000152587891,4.605000019073486,16689,0.0,0.0
2023-12-28 14:30:00-05:00,4.605000019073486,4.619999885559082,4.590000152587891,4.614999771118164,32194,0.0,0.0
2023-12-28 15:30:00-05:00,4.614999771118164,4.619999885559082,4.590000152587891,4.590000152587891,30117,0.0,0.0
2023-12-29 09:30:00-05:00,4.590000152587891,4.619999885559082,4.460000038146973,4.614999771118164,31856,0.0,0.0
2023-12-29 10:30:00-05:00,4.613999843597412,4.614999771118164,4.545000076293945,4.559999942779541,26947,0.0,0.0
2023-12-29 11:30:00-05:00,4.565000057220459,4.565000057220459,4.389999866485596,4.489999771118164,230354,0.0,0.0
2023-12-29 12:30:00-05:00,4.485000133514404,4.485000133514404,4.364999771118164,4.389999866485596,230800,0.0,0.0
2023-12-29 13:30:00-05:00,4.385000228881836,4.400000095367432,4.369999885559082,4.369999885559082,49049,0.0,0.0
2023-12-29 14:30:00-05:00,4.369999885559082,4.429999828338623,4.360000133514404,4.394999980926514,78592,0.0,0.0
2023-12-29 15:30:00-05:00,4.389999866485596,4.429999828338623,4.389999866485596,4.400000095367432,219892,0.0,0.0
2024-01-02 09:30:00-05:00,4.400000095367432,4.574999809265137,4.329999923706055,4.440000057220459,246531,0.0,0.0
2024-01-02 10:30:00-05:00,4.445000171661377,4.519999980926514,4.390100002288818,4.414999961853027,135940,0.0,0.0
2024-01-02 11:30:00-05:00,4.409999847412109,4.445000171661377,4.409999847412109,4.434999942779541,30644,0.0,0.0
2024-01-02 12:30:00-05:00,4.434999942779541,4.434999942779541,4.389999866485596,4.40500020980835,26675,0.0,0.0
2024-01-02 13:30:00-05:00,4.400000095367432,4.406799793243408,4.375,4.385000228881836,32258,0.0,0.0
2024-01-02 14:30:00-05:00,4.380000114440918,4.380000114440918,4.335000038146973,4.349999904632568,34323,0.0,0.0
2024-01-02 15:30:00-05:00,4.349999904632568,4.349999904632568,4.320000171661377,4.340000152587891,50868,0.0,0.0
2024-01-03 09:30:00-05:00,4.300000190734863,4.300000190734863,4.200099945068359,4.235000133514404,51484,0.0,0.0
2024-01-03 10:30:00-05:00,4.235000133514404,4.235000133514404,4.179999828338623,4.184999942779541,33543,0.0,0.0
2024-01-03 11:30:00-05:00,4.184999942779541,4.215000152587891,4.184999942779541,4.210000038146973,26189,0.0,0.0
2024-01-03 12:30:00-05:00,4.210000038146973,4.210000038146973,4.150000095367432,4.15500020980835,67611,0.0,0.0
2024-01-03 13:30:00-05:00,4.150000095367432,4.159999847412109,4.125,4.159999847412109,60783,0.0,0.0
2024-01-03 14:30:00-05:00,4.170000076293945,4.170000076293945,4.065000057220459,4.065000057220459,61745,0.0,0.0
2024-01-03 15:30:00-05:00,4.070000171661377,4.099999904632568,4.070000171661377,4.070000171661377,55587,0.0,0.0
2024-01-04 09:30:00-05:00,4.099999904632568,4.099999904632568,4.0,4.0,72367,0.0,0.0
2024-01-04 10:30:00-05:00,3.994999885559082,4.099999904632568,3.99399995803833,4.090000152587891,32362,0.0,0.0
2024-01-04 11:30:00-05:00,4.090000152587891,4.110000133514404,4.039999961853027,4.059999942779541,31908,0.0,0.0
2024-01-04 12:30:00-05:00,4.059999942779541,4.059999942779541,4.039999961853027,4.050000190734863,25181,0.0,0.0
2024-01-04 13:30:00-05:00,4.054999828338623,4.09499979019165,4.054999828338623,4.09499979019165,32247,0.0,0.0
2024-01-04 14:30:00-05:00,4.099999904632568,4.114999771118164,4.09499979019165,4.105000019073486,33634,0.0,0.0
2024-01-04 15:30:00-05:00,4.110000133514404,4.125,4.090000152587891,4.09499979019165,49378,0.0,0.0
2024-01-05 09:30:00-05:00,4.039999961853027,4.15500020980835,4.03000020980835,4.130000114440918,24292,0.0,0.0
2024-01-05 10:30:00-05:00,4.135000228881836,4.184999942779541,4.130000114440918,4.159999847412109,41735,0.0,0.0
2024-01-05 11:30:00-05:00,4.159999847412109,4.164999961853027,4.150000095367432,4.150000095367432,22329,0.0,0.0
2024-01-05 12:30:00-05:00,4.15500020980835,4.15500020980835,4.119999885559082,4.144999980926514,22576,0.0,0.0
2024-01-05 13:30:00-05:00,4.150000095367432,4.164999961853027,4.139999866485596,4.144999980926514,27123,0.0,0.0
2024-01-05 14:30:00-05:00,4.139999866485596,4.139999866485596,3.9800000190734863,4.079999923706055,208500,0.0,0.0
2024-01-05 15:30:00-05:00,4.079999923706055,4.09499979019165,3.990000009536743,3.990000009536743,136230,0.0,0.0
2024-01-08 09:30:00-05:00,4.0,4.065000057220459,3.990000009536743,4.059999942779541,33666,0.0,0.0
2024-01-08 10:30:00-05:00,4.054999828338623,4.204999923706055,4.054999828338623,4.195000171661377,79827,0.0,0.0
2024-01-08 11:30:00-05:00,4.204999923706055,4.204999923706055,3.994999885559082,4.170000076293945,240622,0.0,0.0
2024-01-08 12:30:00-05:00,4.179999828338623,4.25,4.135000228881836,4.135000228881836,139985,0.0,0.0
2024-01-08 13:30:00-05:00,4.135000228881836,4.150000095367432,4.110000133514404,4.114999771118164,67358,0.0,0.0
2024-01-08 14:30:00-05:00,4.125,4.15500020980835,4.119999885559082,4.150000095367432,54908,0.0,0.0
2024-01-08 15:30:00-05:00,4.144999980926514,4.150000095367432,4.125,4.150000095367432,85371,0.0,0.0
2024-01-09 09:30:00-05:00,4.039999961853027,4.099999904632568,4.0,4.059999942779541,64034,0.0,0.0
2024-01-09 10:30:00-05:00,4.059999942779541,4.074999809265137,4.025000095367432,4.065000057220459,39377,0.0,0.0
2024-01-09 11:30:00-05:00,4.070000171661377,4.079999923706055,4.064000129699707,4.074999809265137,31782,0.0,0.0
2024-01-09 12:30:00-05:00,4.074999809265137,4.114999771118164,4.070000171661377,4.085000038146973,40774,0.0,0.0
2024-01-09 13:30:00-05:00,4.085000038146973,4.105000019073486,4.074999809265137,4.099999904632568,36503,0.0,0.0
2024-01-09 14:30:00-05:00,4.099999904632568,4.130000114440918,4.079999923706055,4.125,48904,0.0,0.0
2024-01-09 15:30:00-05:00,4.125,4.150000095367432,4.105000019073486,4.139999866485596,111637,0.0,0.0
2024-01-10 09:30:00-05:00,4.090000152587891,4.179999828338623,4.054999828338623,4.074999809265137,27089,0.0,0.0
2024-01-10 10:30:00-05:00,4.074999809265137,4.110000133514404,4.059999942779541,4.074999809265137,49650,0.0,0.0
2024-01-10 11:30:00-05:00,4.074999809265137,4.105000019073486,4.074999809265137,4.105000019073486,21947,0.0,0.0
2024-01-10 12:30:00-05:00,4.099999904632568,4.099999904632568,4.070000171661377,4.085000038146973,21236,0.0,0.0
2024-01-10 13:30:00-05:00,4.085000038146973,4.099999904632568,4.085000038146973,4.09499979019165,19247,0.0,0.0
2024-01-10 14:30:00-05:00,4.099999904632568,4.110000133514404,4.065000057220459,4.074999809265137,35418,0.0,0.0
2024-01-10 15:30:00-05:00,4.079999923706055,4.079999923706055,4.050000190734863,4.065000057220459,27909,0.0,0.0
2024-01-11 09:30:00-05:00,4.090000152587891,4.090000152587891,3.950000047683716,3.9800000190734863,90275,0.0,0.0
2024-01-11 10:30:00-05:00,3.990000009536743,4.0,3.9749999046325684,3.9800000190734863,44298,0.0,0.0
2024-01-11 11:30:00-05:00,3.9800000190734863,3.998500108718872,3.9800000190734863,3.990000009536743,30616,0.0,0.0
2024-01-11 12:30:00-05:00,4.0,4.010000228881836,3.9549999237060547,4.007500171661377,33066,0.0,0.0
2024-01-11 13:30:00-05:00,4.0,4.03000020980835,3.990000009536743,4.03000020980835,39038,0.0,0.0
2024-01-11 14:30:00-05:00,4.034999847412109,4.039999961853027,4.0,4.014999866485596,30440,0.0,0.0
2024-01-11 15:30:00-05:00,4.014999866485596,4.03000020980835,4.010000228881836,4.03000020980835,41492,0.0,0.0
2024-01-12 09:30:00-05:00,4.059999942779541,4.125,4.034999847412109,4.034999847412109,49099,0.0,0.0
2024-01-12 10:30:00-05:00,4.034999847412109,4.034999847412109,4.0,4.025000095367432,28098,0.0,0.0
2024-01-12 11:30:00-05:00,4.03000020980835,4.03000020980835,3.994999885559082,4.0,26134,0.0,0.0
2024-01-12 12:30:00-05:00,4.005000114440918,4.050000190734863,4.0,4.03000020980835,35233,0.0,0.0
2024-01-12 13:30:00-05:00,4.034999847412109,4.054999828338623,4.019999980926514,4.025000095367432,32235,0.0,0.0
2024-01-12 14:30:00-05:00,4.019999980926514,4.03000020980835,4.010000228881836,4.012499809265137,29140,0.0,0.0
2024-01-12 15:30:00-05:00,4.014999866485596,4.025000095367432,3.940000057220459,4.010000228881836,227116,0.0,0.0
2024-01-16 09:30:00-05:00,3.950000047683716,4.010000228881836,3.940000057220459,3.990000009536743,50913,0.0,0.0
2024-01-16 10:30:00-05:00,3.984999895095825,3.994999885559082,3.9700000286102295,3.984999895095825,22116,0.0,0.0
2024-01-16 11:30:00-05:00,3.990000009536743,4.014999866485596,3.9749999046325684,4.005000114440918,50268,0.0,0.0
2024-01-16 12:30:00-05:00,4.0,4.019999980926514,4.0,4.014999866485596,14237,0.0,0.0
2024-01-16 13:30:00-05:00,4.014999866485596,4.014999866485596,3.990000009536743,3.994999885559082,29080,0.0,0.0
2024-01-16 14:30:00-05:00,3.990000009536743,4.034999847412109,3.984999895095825,4.034999847412109,35870,0.0,0.0
2024-01-16 15:30:00-05:00,4.034999847412109,4.059999942779541,4.025000095367432,4.045000076293945,59747,0.0,0.0
2024-01-17 09:30:00-05:00,3.9700000286102295,4.065000057220459,3.9700000286102295,4.045000076293945,42663,0.0,0.0
2024-01-17 10:30:00-05:00,4.039999961853027,4.054999828338623,4.03000020980835,4.045000076293945,14992,0.0,0.0
2024-01-17 11:30:00-05:00,4.045000076293945,4.050000190734863,4.03000020980835,4.03000020980835,7630,0.0,0.0
2024-01-17 12:30:00-05:00,4.03000020980835,4.065000057220459,4.025000095367432,4.064000129699707,28425,0.0,0.0
2024-01-17 13:30:00-05:00,4.059999942779541,4.065000057220459,4.019999980926514,4.045000076293945,45458,0.0,0.0
2024-01-17 14:30:00-05:00,4.039999961853027,4.050000190734863,4.034999847412109,4.045000076293945,24704,0.0,0.0
2024-01-17 15:30:00-05:00,4.045000076293945,4.085000038146973,4.034999847412109,4.054999828338623,164047,0.0,0.0
2024-01-18 09:30:00-05:00,4.059999942779541,4.090000152587891,4.050000190734863,4.054999828338623,29973,0.0,0.0
2024-01-18 10:30:00-05:00,4.054999828338623,4.09499979019165,4.050000190734863,4.070000171661377,46003,0.0,0.0
2024-01-18 11:30:00-05:00,4.070000171661377,4.099999904632568,3.940000057220459,4.019999980926514,258039,0.0,0.0
2024-01-18 12:30:00-05:00,4.019999980926514,4.065000057220459,4.010000228881836,4.039999961853027,60540,0.0,0.0
2024-01-18 13:30:00-05:00,4.045000076293945,4.074999809265137,4.034999847412109,4.059999942779541,23623,0.0,0.0
2024-01-18 14:30:00-05:00,4.070000171661377,4.105000019073486,4.050000190734863,4.099999904632568,61892,0.0,0.0
2024-01-18 15:30:00-05:00,4.099999904632568,4.114999771118164,4.082499980926514,4.099999904632568,64045,0.0,0.0
2024-01-19 09:30:00-05:00,4.130000114440918,4.150000095367432,4.070000171661377,4.144999980926514,54863,0.0,0.0
2024-01-19 10:30:00-05:00,4.139999866485596,4.184999942779541,4.139999866485596,4.172500133514404,28945,0.0,0.0
2024-01-19 11:30:00-05:00,4.170000076293945,4.175000190734863,4.059999942779541,4.070000171661377,118113,0.0,0.0
2024-01-19 12:30:00-05:00,4.070000171661377,4.079999923706055,4.039999961853027,4.070000171661377,56520,0.0,0.0
2024-01-19 13:30:00-05:00,4.074999809265137,4.130000114440918,4.070000171661377,4.119999885559082,80486,0.0,0.0
2024-01-19 14:30:00-05:00,4.119999885559082,4.150000095367432,4.114999771118164,4.119999885559082,40631,0.0,0.0
2024-01-19 15:30:00-05:00,4.119999885559082,4.125,4.105000019073486,4.110000133514404,41805,0.0,0.0
2024-01-22 09:30:00-05:00,4.139999866485596,4.25,4.079999923706055,4.179999828338623,74620,0.0,0.0
2024-01-22 10:30:00-05:00,4.179999828338623,4.179999828338623,4.125,4.159999847412109,19652,0.0,0.0
2024-01-22 11:30:00-05:00,4.159999847412109,4.170000076293945,4.144999980926514,4.15500020980835,22433,0.0,0.0
2024-01-22 12:30:00-05:00,4.15500020980835,4.15500020980835,4.125,4.125,18108,0.0,0.0
2024-01-22 13:30:00-05:00,4.125,4.137499809265137,4.119999885559082,4.119999885559082,13676,0.0,0.0
2024-01-22 14:30:00-05:00,4.125,4.190000057220459,4.119999885559082,4.175000190734863,50686,0.0,0.0
2024-01-22 15:30:00-05:00,4.175000190734863,4.21999979019165,4.170000076293945,4.210000038146973,73970,0.0,0.0
2024-01-23 09:30:00-05:00,4.260000228881836,4.320000171661377,4.239999771118164,4.300099849700928,36233,0.0,0.0
2024-01-23 10:30:00-05:00,4.300000190734863,4.300000190734863,4.260000228881836,4.269999980926514,18435,0.0,0.0
2024-01-23 11:30:00-05:00,4.260000228881836,4.269999980926514,4.232500076293945,4.260000228881836,27841,0.0,0.0
2024-01-23 12:30:00-05:00,4.260000228881836,4.284999847412109,4.255000114440918,4.260000228881836,17816,0.0,0.0
2024-01-23 13:30:00-05:00,4.269999980926514,4.309999942779541,4.264999866485596,4.295000076293945,22455,0.0,0.0
2024-01-23 14:30:00-05:00,4.295000076293945,4.320000171661377,4.289999961853027,4.291500091552734,29181,0.0,0.0
2024-01-23 15:30:00-05:00,4.289999961853027,4.304999828338623,4.28249979019165,4.295000076293945,51963,0.0,0.0
2024-01-24 09:30:00-05:00,4.369999885559082,4.380000114440918,4.300000190734863,4.340000152587891,27877,0.0,0.0
2024-01-24 10:30:00-05:00,4.34499979019165,4.375,4.34499979019165,4.355000019073486,15995,0.0,0.0
2024-01-24 11:30:00-05:00,4.349999904632568,4.349999904632568,4.309999942779541,4.34499979019165,22359,0.0,0.0
2024-01-24 12:30:00-05:00,4.34089994430542,4.34499979019165,4.289999961853027,4.289999961853027,24902,0.0,0.0
2024-01-24 13:30:00-05:00,4.289999961853027,4.289999961853027,4.260000228881836,4.264999866485596,14749,0.0,0.0
2024-01-24 14:30:00-05:00,4.264999866485596,4.264999866485596,4.230000019073486,4.230000019073486,33822,0.0,0.0
2024-01-24 15:30:00-05:00,4.235000133514404,4.244999885559082,4.210000038146973,4.215000152587891,36238,0.0,0.0
2024-01-25 09:30:00-05:00,4.269999980926514,4.329999923706055,4.261899948120117,4.304999828338623,43747,0.0,0.0
2024-01-25 10:30:00-05:00,4.300000190734863,4.309999942779541,4.25,4.269400119781494,16930,0.0,0.0
2024-01-25 11:30:00-05:00,4.269999980926514,4.275000095367432,4.25,4.255000114440918,14164,0.0,0.0
2024-01-25 12:30:00-05:00,4.25,4.269999980926514,4.210000038146973,4.239999771118164,32937,0.0,0.0
2024-01-25 13:30:00-05:00,4.239999771118164,4.28000020980835,4.210000038146973,4.25,47567,0.0,0.0
2024-01-25 14:30:00-05:00,4.244999885559082,4.275000095367432,4.244999885559082,4.275000095367432,20358,0.0,0.0
2024-01-25 15:30:00-05:00,4.275000095367432,4.304999828338623,4.275000095367432,4.300000190734863,48234,0.0,0.0
2024-01-26 09:30:00-05:00,4.340000152587891,4.389999866485596,4.335000038146973,4.389999866485596,37045,0.0,0.0
2024-01-26 10:30:00-05:00,4.389999866485596,4.400000095367432,4.324999809265137,4.324999809265137,17241,0.0,0.0
2024-01-26 11:30:00-05:00,4.335000038146973,4.340000152587891,4.315000057220459,4.315000057220459,14910,0.0,0.0
2024-01-26 12:30:00-05:00,4.309999942779541,4.310100078582764,4.269999980926514,4.289999961853027,34047,0.0,0.0
2024-01-26 13:30:00-05:00,4.289999961853027,4.289999961853027,4.250100135803223,4.255000114440918,18081,0.0,0.0
2024-01-26 14:30:00-05:00,4.255000114440918,4.283899784088135,4.25,4.275000095367432,48236,0.0,0.0
2024-01-26 15:30:00-05:00,4.269999980926514,4.28000020980835,4.25,4.269999980926514,58818,0.0,0.0
2024-01-29 09:30:00-05:00,4.269999980926514,4.269999980926514,4.175000190734863,4.182499885559082,34810,0.0,0.0
2024-01-29 10:30:00-05:00,4.184999942779541,4.210000038146973,4.170000076293945,4.199999809265137,41859,0.0,0.0
2024-01-29 11:30:00-05:00,4.199999809265137,4.21999979019165,4.170000076293945,4.204999923706055,33782,0.0,0.0
2024-01-29 12:30:00-05:00,4.204999923706055,4.206399917602539,4.175000190734863,4.195000171661377,14720,0.0,0.0
2024-01-29 13:30:00-05:00,4.195000171661377,4.204999923706055,4.179999828338623,4.199999809265137,21931,0.0,0.0
2024-01-29 14:30:00-05:00,4.201000213623047,4.247499942779541,4.201000213623047,4.244999885559082,31980,0.0,0.0
2024-01-29 15:30:00-05:00,4.244999885559082,4.400000095367432,4.230000019073486,4.389999866485596,114339,0.0,0.0
2024-01-30 09:30:00-05:00,4.340000152587891,4.429999828338623,4.309999942779541,4.360000133514404,57793,0.0,0.0
2024-01-30 10:30:00-05:00,4.355000019073486,4.369999885559082,4.302499771118164,4.340000152587891,29329,0.0,0.0
2024-01-30 11:30:00-05:00,4.340000152587891,4.360000133514404,4.335000038146973,4.340000152587891,24899,0.0,0.0
2024-01-30 12:30:00-05:00,4.340000152587891,4.340000152587891,4.300000190734863,4.329999923706055,11872,0.0,0.0
2024-01-30 13:30:00-05:00,4.340000152587891,4.360000133514404,4.329999923706055,4.355000019073486,19381,0.0,0.0
2024-01-30 14:30:00-05:00,4.360000133514404,4.400000095367432,4.335000038146973,4.385000228881836,62624,0.0,0.0
2024-01-30 15:30:00-05:00,4.389999866485596,4.400000095367432,4.369999885559082,4.380000114440918,113387,0.0,0.0
2024-01-31 09:30:00-05:00,4.380000114440918,4.454999923706055,4.349999904632568,4.454999923706055,30621,0.0,0.0
2024-01-31 10:30:00-05:00,4.460000038146973,4.510000228881836,4.460000038146973,4.494699954986572,37474,0.0,0.0
2024-01-31 11:30:00-05:00,4.489999771118164,4.510000228881836,4.440000057220459,4.454999923706055,36612,0.0,0.0
2024-01-31 12:30:00-05:00,4.460000038146973,4.480000019073486,4.445000171661377,4.460000038146973,13815,0.0,0.0
2024-01-31 13:30:00-05:00,4.465000152587891,4.465000152587891,4.429999828338623,4.440000057220459,24146,0.0,0.0
2024-01-31 14:30:00-05:00,4.440000057220459,4.480000019073486,4.349999904632568,4.349999904632568,53551,0.0,0.0
2024-01-31 15:30:00-05:00,4.340000152587891,4.340000152587891,4.269999980926514,4.269999980926514,67882,0.0,0.0
2024-02-01 09:30:00-05:00,4.300000190734863,4.349999904632568,4.210000038146973,4.25,40272,0.0,0.0
2024-02-01 10:30:00-05:00,4.25,4.25,4.164999961853027,4.175000190734863,21717,0.0,0.0
2024-02-01 11:30:00-05:00,4.175000190734863,4.244999885559082,4.170000076293945,4.230000019073486,29145,0.0,0.0
2024-02-01 12:30:00-05:00,4.230000019073486,4.28000020980835,4.21999979019165,4.255000114440918,21128,0.0,0.0
2024-02-01 13:30:00-05:00,4.255000114440918,4.304999828338623,4.255000114440918,4.295000076293945,36830,0.0,0.0
2024-02-01 14:30:00-05:00,4.295000076293945,4.340000152587891,4.260000228881836,4.304999828338623,51051,0.0,0.0
2024-02-01 15:30:00-05:00,4.304999828338623,4.324999809265137,4.300000190734863,4.309999942779541,37766,0.0,0.0
2024-02-02 09:30:00-05:00,4.239999771118164,4.269999980926514,4.184999942779541,4.255000114440918,26901,0.0,0.0
2024-02-02 10:30:00-05:00,4.260000228881836,4.28000020980835,4.25,4.269999980926514,14229,0.0,0.0
2024-02-02 11:30:00-05:00,4.269999980926514,4.300000190734863,4.235000133514404,4.275000095367432,21864,0.0,0.0
2024-02-02 12:30:00-05:00,4.269999980926514,4.269999980926514,4.21999979019165,4.264999866485596,13497,0.0,0.0
2024-02-02 13:30:00-05:00,4.264999866485596,4.28000020980835,4.255000114440918,4.275000095367432,15762,0.0,0.0
2024-02-02 14:30:00-05:00,4.28000020980835,4.300000190734863,4.235000133514404,4.244999885559082,62154,0.0,0.0
2024-02-02 15:30:00-05:00,4.241199970245361,4.244999885559082,4.159999847412109,4.159999847412109,94375,0.0,0.0
2024-02-05 09:30:00-05:00,4.090000152587891,4.090000152587891,3.9625000953674316,3.9800000190734863,27398,0.0,0.0
2024-02-05 10:30:00-05:00,3.9800000190734863,4.005000114440918,3.9600000381469727,3.9649999141693115,27000,0.0,0.0
2024-02-05 11:30:00-05:00,3.9674999713897705,3.9674999713897705,3.950000047683716,3.9519999027252197,10481,0.0,0.0
2024-02-05 12:30:00-05:00,3.9600000381469727,3.9800000190734863,3.930000066757202,3.940000057220459,29959,0.0,0.0
2024-02-05 13:30:00-05:00,3.940000057220459,3.9649999141693115,3.930000066757202,3.930000066757202,29805,0.0,0.0
2024-02-05 14:30:00-05:00,3.940000057220459,3.9800000190734863,3.940000057220459,3.9700000286102295,33979,0.0,0.0
2024-02-05 15:30:00-05:00,3.9700000286102295,3.9700000286102295,3.9000000953674316,3.9000000953674316,32997,0.0,0.0
2024-02-06 09:30:00-05:00,3.869999885559082,3.930000066757202,3.869999885559082,3.9049999713897705,12836,0.0,0.0
2024-02-06 10:30:00-05:00,3.9100000858306885,3.940000057220459,3.9000000953674316,3.9000000953674316,9241,0.0,0.0
2024-02-06 11:30:00-05:00,3.9000000953674316,3.9049999713897705,3.869999885559082,3.890000104904175,9030,0.0,0.0
2024-02-06 12:30:00-05:00,3.890000104904175,3.890000104904175,3.865000009536743,3.865000009536743,9437,0.0,0.0
2024-02-06 13:30:00-05:00,3.865000009536743,3.880000114440918,3.8399999141693115,3.8450000286102295,21772,0.0,0.0
2024-02-06 14:30:00-05:00,3.8399999141693115,3.8550000190734863,3.825000047683716,3.8450000286102295,25484,0.0,0.0
2024-02-06 15:30:00-05:00,3.8450000286102295,3.8450000286102295,3.819999933242798,3.819999933242798,28112,0.0,0.0
2024-02-07 09:30:00-05:00,3.8499999046325684,3.8499999046325684,3.759999990463257,3.7799999713897705,16353,0.0,0.0
2024-02-07 10:30:00-05:00,3.7850000858306885,3.7899999618530273,3.759999990463257,3.765000104904175,12975,0.0,0.0
2024-02-07 11:30:00-05:00,3.759999990463257,3.7799999713897705,3.759999990463257,3.7699999809265137,20780,0.0,0.0
2024-02-07 12:30:00-05:00,3.7699999809265137,3.780100107192993,3.759999990463257,3.7799999713897705,5297,0.0,0.0
2024-02-07 13:30:00-05:00,3.7799999713897705,3.7899999618530273,3.7750000953674316,3.7850000858306885,8886,0.0,0.0
2024-02-07 14:30:00-05:00,3.7850000858306885,3.7850000858306885,3.759999990463257,3.765000104904175,15278,0.0,0.0
2024-02-07 15:30:00-05:00,3.7699999809265137,3.7699999809265137,3.755000114440918,3.7699999809265137,23769,0.0,0.0
2024-02-08 09:30:00-05:00,3.740000009536743,3.8424999713897705,3.700000047683716,3.819999933242798,17562,0.0,0.0
2024-02-08 10:30:00-05:00,3.8299999237060547,3.8350000381469727,3.809999942779541,3.809999942779541,9923,0.0,0.0
2024-02-08 11:30:00-05:00,3.809999942779541,3.815000057220459,3.804500102996826,3.815000057220459,7115,0.0,0.0
2024-02-08 12:30:00-05:00,3.819999933242798,3.8350000381469727,3.819999933242798,3.8350000381469727,5483,0.0,0.0
2024-02-08 13:30:00-05:00,3.7899999618530273,3.934999942779541,3.75,3.9100000858306885,133535,0.0,0.0
2024-02-08 14:30:00-05:00,3.9100000858306885,3.940000057220459,3.890000104904175,3.940000057220459,19355,0.0,0.0
2024-02-08 15:30:00-05:00,3.934999942779541,3.939500093460083,3.890000104904175,3.890000104904175,60934,0.0,0.0
2024-02-09 09:30:00-05:00,3.890000104904175,3.9100000858306885,3.8499999046325684,3.8499999046325684,11214,0.0,0.0
2024-02-09 10:30:00-05:00,3.8499999046325684,3.890000104904175,3.8399999141693115,3.8399999141693115,22786,0.0,0.0
2024-02-09 11:30:00-05:00,3.8399999141693115,3.859999895095825,3.8299999237060547,3.859999895095825,15805,0.0,0.0
2024-02-09 12:30:00-05:00,3.859999895095825,3.930000066757202,3.859999895095825,3.9200000762939453,10224,0.0,0.0
2024-02-09 13:30:00-05:00,3.9200000762939453,3.9200000762939453,3.8949999809265137,3.8949999809265137,8304,0.0,0.0
2024-02-09 14:30:00-05:00,3.890000104904175,3.9000000953674316,3.859999895095825,3.890000104904175,23687,0.0,0.0
2024-02-09 15:30:00-05:00,3.890000104904175,3.8949999809265137,3.859999895095825,3.865000009536743,85987,0.0,0.0
2024-02-12 09:30:00-05:00,3.859999895095825,3.950000047683716,3.859999895095825,3.934999942779541,12256,0.0,0.0
2024-02-12 10:30:00-05:00,3.934999942779541,3.950000047683716,3.9200000762939453,3.9200000762939453,11830,0.0,0.0
2024-02-12 11:30:00-05:00,3.924999952316284,3.950000047683716,3.924999952316284,3.930000066757202,8745,0.0,0.0
2024-02-12 12:30:00-05:00,3.924999952316284,3.9549999237060547,3.9200000762939453,3.950000047683716,10189,0.0,0.0
2024-02-12 13:30:00-05:00,3.9549999237060547,3.9600000381469727,3.930000066757202,3.950000047683716,22988,0.0,0.0
2024-02-12 14:30:00-05:00,3.944999933242798,3.9800000190734863,3.940000057220459,3.9800000190734863,17671,0.0,0.0
2024-02-12 15:30:00-05:00,3.9800000190734863,4.0,3.9700000286102295,3.9749999046325684,43516,0.0,0.0
2024-02-13 09:30:00-05:00,3.809999942779541,3.8577001094818115,3.7736001014709473,3.809999942779541,47125,0.0,0.0
2024-02-13 10:30:00-05:00,3.799999952316284,3.799999952316284,3.765000104904175,3.765000104904175,11595,0.0,0.0
2024-02-13 11:30:00-05:00,3.759999990463257,3.7750000953674316,3.740000009536743,3.740000009536743,19249,0.0,0.0
2024-02-13 12:30:00-05:00,3.740000009536743,3.755000114440918,3.7160000801086426,3.7200000286102295,12509,0.0,0.0
2024-02-13 13:30:00-05:00,3.7200000286102295,3.7699999809265137,3.7149999141693115,3.7699999809265137,77247,0.0,0.0
2024-02-13 14:30:00-05:00,3.759999990463257,3.809999942779541,3.759999990463257,3.7950000762939453,76696,0.0,0.0
2024-02-13 15:30:00-05:00,3.799999952316284,3.8399999141693115,3.7699999809265137,3.8299999237060547,161744,0.0,0.0
2024-02-14 09:30:00-05:00,3.9000000953674316,3.9000000953674316,3.8299999237060547,3.8499999046325684,22303,0.0,0.0
2024-02-14 10:30:00-05:00,3.859999895095825,3.869999885559082,3.819999933242798,3.8299999237060547,17337,0.0,0.0
2024-02-14 11:30:00-05:00,3.8299999237060547,3.8350000381469727,3.815000057220459,3.8350000381469727,9979,0.0,0.0
2024-02-14 12:30:00-05:00,3.8299999237060547,3.8450000286102295,3.819999933242798,3.825000047683716,9088,0.0,0.0
2024-02-14 13:30:00-05:00,3.8299999237060547,3.8550000190734863,3.819999933242798,3.8350000381469727,15572,0.0,0.0
2024-02-14 14:30:00-05:00,3.8299999237060547,3.869999885559082,3.8299999237060547,3.859999895095825,14671,0.0,0.0
2024-02-14 15:30:00-05:00,3.865000009536743,3.869999885559082,3.8450000286102295,3.8499999046325684,32589,0.0,0.0
2024-02-15 09:30:00-05:00,3.9100000858306885,4.0,3.865000009536743,3.994999885559082,34625,0.0,0.0
2024-02-15 10:30:00-05:00,4.0,4.0,3.940000057220459,3.9749999046325684,34667,0.0,0.0
2024-02-15 11:30:00-05:00,3.9800000190734863,3.990000009536743,3.950000047683716,3.990000009536743,25789,0.0,0.0
2024-02-15 12:30:00-05:00,3.994999885559082,4.039999961853027,3.984999895095825,4.039999961853027,46965,0.0,0.0
2024-02-15 13:30:00-05:00,4.030099868774414,4.054999828338623,4.019999980926514,4.054999828338623,23355,0.0,0.0
2024-02-15 14:30:00-05:00,4.059999942779541,4.070000171661377,3.9800000190734863,3.9800000190734863,54705,0.0,0.0
2024-02-15 15:30:00-05:00,3.9800000190734863,4.0,3.9800000190734863,3.994999885559082,51246,0.0,0.0
2024-02-16 09:30:00-05:00,3.9600000381469727,4.010000228881836,3.940000057220459,3.990000009536743,39657,0.0,0.0
2024-02-16 10:30:00-05:00,3.994999885559082,4.005000114440918,3.984999895095825,3.994999885559082,15983,0.0,0.0
2024-02-16 11:30:00-05:00,4.0,4.019999980926514,3.994999885559082,4.014999866485596,28010,0.0,0.0
2024-02-16 12:30:00-05:00,4.014999866485596,4.014999866485596,3.990000009536743,4.0,14038,0.0,0.0
2024-02-16 13:30:00-05:00,4.005000114440918,4.014999866485596,4.005000114440918,4.014999866485596,10886,0.0,0.0
2024-02-16 14:30:00-05:00,4.014999866485596,4.014999866485596,3.990000009536743,4.0,16945,0.0,0.0
2024-02-16 15:30:00-05:00,4.0,4.007500171661377,3.990000009536743,4.0,27116,0.0,0.0
2024-02-20 09:30:00-05:00,3.930000066757202,4.010000228881836,3.930000066757202,3.990000009536743,28718,0.0,0.0
2024-02-20 10:30:00-05:00,3.990000009536743,3.994999885559082,3.9549999237060547,3.9549999237060547,13917,0.0,0.0
2024-02-20 11:30:00-05:00,3.950000047683716,3.950000047683716,3.9200000762939453,3.9200000762939453,11632,0.0,0.0
2024-02-20 12:30:00-05:00,3.9200000762939453,3.9200000762939453,3.9000000953674316,3.9100000858306885,9641,0.0,0.0
2024-02-20 13:30:00-05:00,3.9000000953674316,3.9100000858306885,3.880000114440918,3.880000114440918,7449,0.0,0.0
2024-02-20 14:30:00-05:00,3.880000114440918,3.9200000762939453,3.875,3.9089999198913574,49460,0.0,0.0
2024-02-20 15:30:00-05:00,3.9000000953674316,3.9089999198913574,3.890000104904175,3.890000104904175,38988,0.0,0.0
2024-02-21 09:30:00-05:00,3.9000000953674316,3.9000000953674316,3.859999895095825,3.8949999809265137,10766,0.0,0.0
2024-02-21 10:30:00-05:00,3.890000104904175,3.9049999713897705,3.865000009536743,3.9000000953674316,16779,0.0,0.0
2024-02-21 11:30:00-05:00,3.8949999809265137,3.8949999809265137,3.880000114440918,3.880000114440918,2347,0.0,0.0
2024-02-21 12:30:00-05:00,3.880000114440918,3.8949999809265137,3.875,3.884999990463257,9530,0.0,0.0
2024-02-21 13:30:00-05:00,3.890000104904175,3.8949999809265137,3.865000009536743,3.869999885559082,16412,0.0,0.0
2024-02-21 14:30:00-05:00,3.869999885559082,3.869999885559082,3.8399999141693115,3.8399999141693115,8726,0.0,0.0
2024-02-21 15:30:00-05:00,3.8450000286102295,3.880000114440918,3.8399999141693115,3.875,22053,0.0,0.0
2024-02-22 09:30:00-05:00,3.869999885559082,3.9114999771118164,3.8299999237060547,3.8350000381469727,30922,0.0,0.0
2024-02-22 10:30:00-05:00,3.8299999237060547,3.834700107574463,3.7899999618530273,3.799999952316284,28859,0.0,0.0
2024-02-22 11:30:00-05:00,3.805000066757202,3.8090999126434326,3.7799999713897705,3.7950000762939453,17074,0.0,0.0
2024-02-22 12:30:00-05:00,3.799999952316284,3.809999942779541,3.7699999809265137,3.7699999809265137,40078,0.0,0.0
2024-02-22 13:30:00-05:00,3.7699999809265137,3.7799999713897705,3.740000009536743,3.755000114440918,49169,0.0,0.0
2024-02-22 14:30:00-05:00,3.755000114440918,3.805000066757202,3.75,3.7899999618530273,41842,0.0,0.0
2024-02-22 15:30:00-05:00,3.799999952316284,3.8299999237060547,3.7799999713897705,3.7899999618530273,66895,0.0,0.0
2024-02-23 09:30:00-05:00,3.7899999618530273,3.8499999046325684,3.7899999618530273,3.819999933242798,35796,0.0,0.0
2024-02-23 10:30:00-05:00,3.825000047683716,3.880000114440918,3.819999933242798,3.875,46585,0.0,0.0
2024-02-23 11:30:00-05:00,3.875,3.9700000286102295,3.875,3.9549999237060547,84906,0.0,0.0
2024-02-23 12:30:00-05:00,3.9549999237060547,4.019999980926514,3.9549999237060547,4.014999866485596,83105,0.0,0.0
2024-02-23 13:30:00-05:00,4.014999866485596,4.025000095367432,3.950000047683716,3.990000009536743,121047,0.0,0.0
2024-02-23 14:30:00-05:00,3.990000009536743,4.019999980926514,3.9749999046325684,4.005000114440918,48178,0.0,0.0
2024-02-23 15:30:00-05:00,4.010000228881836,4.010000228881836,3.990000009536743,4.0,56375,0.0,0.0
2024-02-26 09:30:00-05:00,3.9700000286102295,4.0808000564575195,3.9700000286102295,4.03000020980835,30162,0.0,0.0
2024-02-26 10:30:00-05:00,4.050000190734863,4.070000171661377,4.025000095367432,4.03000020980835,82284,0.0,0.0
2024-02-26 11:30:00-05:00,4.019999980926514,4.034999847412109,3.994999885559082,3.994999885559082,16296,0.0,0.0
2024-02-26 12:30:00-05:00,3.994999885559082,4.005000114440918,3.984999895095825,4.0,21728,0.0,0.0
2024-02-26 13:30:00-05:00,3.994999885559082,4.019999980926514,3.994999885559082,4.014999866485596,27777,0.0,0.0
2024-02-26 14:30:00-05:00,4.014999866485596,4.039999961853027,4.010000228881836,4.019999980926514,34432,0.0,0.0
2024-02-26 15:30:00-05:00,4.019999980926514,4.03000020980835,4.0,4.0,60701,0.0,0.0
2024-02-27 09:30:00-05:00,4.059999942779541,4.114999771118164,3.869999885559082,4.099999904632568,61953,0.0,0.0
2024-02-27 10:30:00-05:00,4.105000019073486,4.15500020980835,4.083099842071533,4.105000019073486,106381,0.0,0.0
2024-02-27 11:30:00-05:00,4.105000019073486,4.125,4.09499979019165,4.09499979019165,20547,0.0,0.0
2024-02-27 12:30:00-05:00,4.09499979019165,4.09499979019165,4.065000057220459,4.074999809265137,28925,0.0,0.0
2024-02-27 13:30:00-05:00,4.070000171661377,4.070000171661377,4.039999961853027,4.070000171661377,20044,0.0,0.0
2024-02-27 14:30:00-05:00,4.070000171661377,4.090000152587891,4.065000057220459,4.079999923706055,28269,0.0,0.0
2024-02-27 15:30:00-05:00,4.074999809265137,4.079999923706055,4.03000020980835,4.039999961853027,82324,0.0,0.0
2024-02-28 09:30:00-05:00,3.990000009536743,4.039999961853027,3.9600000381469727,4.005000114440918,54646,0.0,0.0
2024-02-28 10:30:00-05:00,4.005000114440918,4.014999866485596,3.9649999141693115,3.9749999046325684,17235,0.0,0.0
2024-02-28 11:30:00-05:00,3.9749999046325684,3.9800000190734863,3.9600000381469727,3.9749999046325684,14501,0.0,0.0
2024-02-28 12:30:00-05:00,3.9749999046325684,3.9749999046325684,3.930000066757202,3.9649999141693115,57140,0.0,0.0
2024-02-28 13:30:00-05:00,3.9649999141693115,3.9674999713897705,3.930000066757202,3.930000066757202,9246,0.0,0.0
2024-02-28 14:30:00-05:00,3.940000057220459,3.9549999237060547,3.890000104904175,3.9549999237060547,56056,0.0,0.0
2024-02-28 15:30:00-05:00,3.950000047683716,3.9600000381469727,3.934999942779541,3.940000057220459,88724,0.0,0.0
2024-02-29 09:30:00-05:00,4.039999961853027,4.039999961853027,3.9200000762939453,3.940000057220459,86113,0.0,0.0
2024-02-29 10:30:00-05:00,3.950000047683716,3.9700000286102295,3.934999942779541,3.9649999141693115,12806,0.0,0.0
2024-02-29 11:30:00-05:00,3.9600000381469727,3.990000009536743,3.940000057220459,3.9749999046325684,8132,0.0,0.0
2024-02-29 12:30:00-05:00,3.9749999046325684,3.9749999046325684,3.9600000381469727,3.9649999141693115,5649,0.0,0.0
2024-02-29 13:30:00-05:00,3.9700000286102295,3.990000009536743,3.9600000381469727,3.9749999046325684,35297,0.0,0.0
2024-02-29 14:30:00-05:00,3.9749999046325684,3.990000009536743,3.9700000286102295,3.984999895095825,32637,0.0,0.0
2024-02-29 15:30:00-05:00,3.984999895095825,4.005000114440918,3.970099925994873,3.990000009536743,71534,0.0,0.0
2024-03-01 09:30:00-05:00,3.9800000190734863,3.994999885559082,3.930000066757202,3.9800000190734863,8401,0.0,0.0
2024-03-01 10:30:00-05:00,3.990000009536743,4.0,3.9549999237060547,3.9549999237060547,22341,0.0,0.0
2024-03-01 11:30:00-05:00,3.9549999237060547,3.9700000286102295,3.9549999237060547,3.9649999141693115,8663,0.0,0.0
2024-03-01 12:30:00-05:00,3.9649999141693115,3.9700000286102295,3.940000057220459,3.9509999752044678,10443,0.0,0.0
2024-03-01 13:30:00-05:00,3.9549999237060547,3.9649999141693115,3.940000057220459,3.940999984741211,24991,0.0,0.0
2024-03-01 14:30:00-05:00,3.950000047683716,3.9700000286102295,3.944999933242798,3.9549999237060547,32908,0.0,0.0
2024-03-01 15:30:00-05:00,3.9600000381469727,3.990000009536743,3.9549999237060547,3.9800000190734863,103909,0.0,0.0
2024-03-04 09:30:00-05:00,3.9800000190734863,4.0,3.9549999237060547,3.9700000286102295,9147,0.0,0.0
2024-03-04 10:30:00-05:00,3.9674999713897705,4.0,3.9600000381469727,3.994999885559082,7749,0.0,0.0
2024-03-04 11:30:00-05:00,3.990000009536743,4.0,3.984999895095825,3.984999895095825,6811,0.0,0.0
2024-03-04 12:30:00-05:00,3.9856998920440674,3.990000009536743,3.9649999141693115,3.9649999141693115,5441,0.0,0.0
2024-03-04 13:30:00-05:00,3.9700000286102295,3.9700000286102295,3.9549999237060547,3.9649999141693115,5100,0.0,0.0
2024-03-04 14:30:00-05:00,3.9700000286102295,3.984999895095825,3.9549999237060547,3.9549999237060547,6237,0.0,0.0
2024-03-04 15:30:00-05:00,3.9549999237060547,3.9549999237060547,3.940000057220459,3.940000057220459,32265,0.0,0.0
2024-03-05 09:30:00-05:00,3.9000000953674316,3.9549999237060547,3.9000000953674316,3.940000057220459,17566,0.0,0.0
2024-03-05 10:30:00-05:00,3.944999933242798,3.950000047683716,3.9200000762939453,3.924999952316284,5948,0.0,0.0
2024-03-05 11:30:00-05:00,3.924999952316284,3.944999933242798,3.9200000762939453,3.944999933242798,0,0.0,0.0
2024-03-05 12:30:00-05:00,3.944999933242798,3.944999933242798,3.9200000762939453,3.944999933242798,6612,0.0,0.0
2024-03-05 13:30:00-05:00,3.940000057220459,3.944999933242798,3.9100000858306885,3.9200000762939453,7248,0.0,0.0
2024-03-05 14:30:00-05:00,3.9200000762939453,3.930000066757202,3.890000104904175,3.890000104904175,14766,0.0,0.0
2024-03-05 15:30:00-05:00,3.8949999809265137,3.9000000953674316,3.880000114440918,3.880000114440918,62903,0.0,0.0
2024-03-06 09:30:00-05:00,3.9200000762939453,3.9200000762939453,3.819999933242798,3.819999933242798,14116,0.0,0.0
2024-03-06 10:30:00-05:00,3.815000057220459,3.8550000190734863,3.815000057220459,3.8550000190734863,1823,0.0,0.0
2024-03-06 11:30:00-05:00,3.8499999046325684,3.8499999046325684,3.819999933242798,3.8350000381469727,10739,0.0,0.0
2024-03-06 12:30:00-05:00,3.8350000381469727,3.8350000381469727,3.809999942779541,3.809999942779541,7995,0.0,0.0
2024-03-06 13:30:00-05:00,3.809999942779541,3.809999942779541,3.75,3.7850000858306885,18582,0.0,0.0
2024-03-06 14:30:00-05:00,3.7811999320983887,3.7950000762939453,3.759999990463257,3.7899999618530273,11788,0.0,0.0
2024-03-06 15:30:00-05:00,3.7899999618530273,3.819999933242798,3.7750000953674316,3.809999942779541,110097,0.0,0.0
2024-03-07 09:30:00-05:00,3.8399999141693115,3.8399999141693115,3.7750000953674316,3.7899999618530273,19330,0.0,0.0
2024-03-07 10:30:00-05:00,3.7899999618530273,3.7899999618530273,3.7249999046325684,3.734999895095825,20766,0.0,0.0
2024-03-07 11:30:00-05:00,3.7300000190734863,3.744999885559082,3.7049999237060547,3.7149999141693115,46884,0.0,0.0
2024-03-07 12:30:00-05:00,3.7100000381469727,3.7300000190734863,3.700000047683716,3.7249999046325684,33324,0.0,0.0
2024-03-07 13:30:00-05:00,3.7249999046325684,3.7300000190734863,3.7149999141693115,3.7149999141693115,11823,0.0,0.0
2024-03-07 14:30:00-05:00,3.7149999141693115,3.7200000286102295,3.700000047683716,3.7049999237060547,25860,0.0,0.0
2024-03-07 15:30:00-05:00,3.7049999237060547,3.740000009536743,3.700000047683716,3.7300000190734863,93593,0.0,0.0
2024-03-08 09:30:00-05:00,3.7799999713897705,3.815000057220459,3.759999990463257,3.799999952316284,36070,0.0,0.0
2024-03-08 10:30:00-05:00,3.799999952316284,3.815000057220459,3.7750000953674316,3.7850000858306885,40383,0.0,0.0
2024-03-08 11:30:00-05:00,3.7850000858306885,3.7950000762939453,3.7699999809265137,3.7799999713897705,18342,0.0,0.0
2024-03-08 12:30:00-05:00,3.7850000858306885,3.7850000858306885,3.759999990463257,3.7750000953674316,7720,0.0,0.0
2024-03-08 13:30:00-05:00,3.7750000953674316,3.7899999618530273,3.765000104904175,3.7899999618530273,6331,0.0,0.0
2024-03-08 14:30:00-05:00,3.7850000858306885,3.7850000858306885,3.75,3.75,9239,0.0,0.0
2024-03-08 15:30:00-05:00,3.744999885559082,3.819999933242798,3.740000009536743,3.819999933242798,116840,0.0,0.0
2024-03-11 09:30:00-04:00,3.809999942779541,3.8499999046325684,3.7850000858306885,3.7899999618530273,13240,0.0,0.0
2024-03-11 10:30:00-04:00,3.799999952316284,3.799999952316284,3.759999990463257,3.765000104904175,9759,0.0,0.0
2024-03-11 11:30:00-04:00,3.765000104904175,3.7750000953674316,3.762500047683716,3.7699999809265137,4468,0.0,0.0
2024-03-11 12:30:00-04:00,3.7699999809265137,3.7709999084472656,3.740000009536743,3.740000009536743,10641,0.0,0.0
2024-03-11 13:30:00-04:00,3.744999885559082,3.748800039291382,3.7249999046325684,3.744999885559082,8130,0.0,0.0
2024-03-11 14:30:00-04:00,3.740000009536743,3.740000009536743,3.7200000286102295,3.7249999046325684,16317,0.0,0.0
2024-03-11 15:30:00-04:00,3.7249999046325684,3.7300000190734863,3.7149999141693115,3.7300000190734863,15195,0.0,0.0
2024-03-12 09:30:00-04:00,3.7300000190734863,3.7300000190734863,3.680000066757202,3.7200000286102295,18087,0.0,0.0
2024-03-12 10:30:00-04:00,3.7300000190734863,3.75,3.7300000190734863,3.740000009536743,10036,0.0,0.0
2024-03-12 11:30:00-04:00,3.7300000190734863,3.7300000190734863,3.699899911880493,3.699899911880493,3872,0.0,0.0
2024-03-12 12:30:00-04:00,3.690000057220459,3.690000057220459,3.6500000953674316,3.6649999618530273,20804,0.0,0.0
2024-03-12 13:30:00-04:00,3.6689000129699707,3.6700000762939453,3.6649999618530273,3.6700000762939453,3739,0.0,0.0
2024-03-12 14:30:00-04:00,3.680000066757202,3.684999942779541,3.6500000953674316,3.6600000858306885,24783,0.0,0.0
2024-03-12 15:30:00-04:00,3.6600000858306885,3.765000104904175,3.6600000858306885,3.740000009536743,125616,0.0,0.0
2024-03-13 09:30:00-04:00,3.740000009536743,3.7750000953674316,3.7100000381469727,3.7100000381469727,16560,0.0,0.0
2024-03-13 10:30:00-04:00,3.700000047683716,3.734999895095825,3.690000057220459,3.7300000190734863,9045,0.0,0.0
2024-03-13 11:30:00-04:00,3.7249999046325684,3.740000009536743,3.7249999046325684,3.740000009536743,2159,0.0,0.0
2024-03-13 12:30:00-04:00,3.734999895095825,3.765000104904175,3.734999895095825,3.765000104904175,3811,0.0,0.0
2024-03-13 13:30:00-04:00,3.759999990463257,3.759999990463257,3.700000047683716,3.7100000381469727,14962,0.0,0.0
2024-03-13 14:30:00-04:00,3.7049999237060547,3.7200000286102295,3.690000057220459,3.7049999237060547,22199,0.0,0.0
2024-03-13 15:30:00-04:00,3.7100000381469727,3.740000009536743,3.7100000381469727,3.734999895095825,18154,0.0,0.0
2024-03-14 09:30:00-04:00,3.700000047683716,3.7200000286102295,3.6798999309539795,3.694999933242798,40925,0.0,0.0
2024-03-14 10:30:00-04:00,3.700000047683716,3.7200000286102295,3.674999952316284,3.674999952316284,13518,0.0,0.0
2024-03-14 11:30:00-04:00,3.674999952316284,3.7049999237060547,3.674999952316284,3.684999942779541,11948,0.0,0.0
2024-03-14 12:30:00-04:00,3.684999942779541,3.690000057220459,3.6700000762939453,3.6700000762939453,10542,0.0,0.0
2024-03-14 13:30:00-04:00,3.6649999618530273,3.700000047683716,3.6600000858306885,3.6600000858306885,25875,0.0,0.0
2024-03-14 14:30:00-04:00,3.6600000858306885,3.75,3.619999885559082,3.694999933242798,125269,0.0,0.0
2024-03-14 15:30:00-04:00,3.694999933242798,3.7249999046325684,3.690000057220459,3.7200000286102295,27952,0.0,0.0
2024-03-15 09:30:00-04:00,3.680000066757202,3.7899999618530273,3.680000066757202,3.744999885559082,94566,0.0,0.0
2024-03-15 10:30:00-04:00,3.744999885559082,3.7750000953674316,3.734999895095825,3.75,9512,0.0,0.0
2024-03-15 11:30:00-04:00,3.759999990463257,3.759999990463257,3.740000009536743,3.755000114440918,5430,0.0,0.0
2024-03-15 12:30:00-04:00,3.759999990463257,3.759999990463257,3.7400999069213867,3.7400999069213867,5191,0.0,0.0
2024-03-15 13:30:00-04:00,3.740000009536743,3.75,3.734999895095825,3.734999895095825,4632,0.0,0.0
2024-03-15 14:30:00-04:00,3.740000009536743,3.75,3.7200000286102295,3.7300000190734863,16400,0.0,0.0
2024-03-15 15:30:00-04:00,3.7300000190734863,3.765000104904175,3.7300000190734863,3.740000009536743,92884,0.0,0.0
2024-03-18 09:30:00-04:00,3.75,3.75,3.565000057220459,3.569999933242798,102533,0.0,0.0
2024-03-18 10:30:00-04:00,3.569999933242798,3.5999999046325684,3.5450000762939453,3.565000057220459,33205,0.0,0.0
2024-03-18 11:30:00-04:00,3.5799999237060547,3.5999999046325684,3.559999942779541,3.5999999046325684,30840,0.0,0.0
2024-03-18 12:30:00-04:00,3.5999999046325684,3.6050000190734863,3.5799999237060547,3.5999999046325684,89998,0.0,0.0
2024-03-18 13:30:00-04:00,3.5899999141693115,3.5999999046325684,3.5799999237060547,3.5950000286102295,21803,0.0,0.0
2024-03-18 14:30:00-04:00,3.5950000286102295,3.5999999046325684,3.5899999141693115,3.5950000286102295,10464,0.0,0.0
2024-03-18 15:30:00-04:00,3.5950000286102295,3.5999999046325684,3.559999942779541,3.559999942779541,49773,0.0,0.0
2024-03-19 09:30:00-04:00,3.559999942779541,3.5799999237060547,3.509999990463257,3.5450000762939453,46460,0.0,0.0
2024-03-19 10:30:00-04:00,3.5439999103546143,3.569999933242798,3.5399999618530273,3.565000057220459,22987,0.0,0.0
2024-03-19 11:30:00-04:00,3.565000057220459,3.5799999237060547,3.559999942779541,3.5799999237060547,16649,0.0,0.0
2024-03-19 12:30:00-04:00,3.5799999237060547,3.5850000381469727,3.5299999713897705,3.569999933242798,35499,0.0,0.0
2024-03-19 13:30:00-04:00,3.569999933242798,3.5899999141693115,3.569999933242798,3.5899999141693115,11278,0.0,0.0
2024-03-19 14:30:00-04:00,3.5950000286102295,3.5999999046325684,3.5799999237060547,3.5799999237060547,14803,0.0,0.0
2024-03-19 15:30:00-04:00,3.569999933242798,3.5899999141693115,3.569999933242798,3.5799999237060547,31309,0.0,0.0
2024-03-20 09:30:00-04:00,3.559999942779541,3.5799999237060547,3.5199999809265137,3.5799999237060547,27684,0.0,0.0
2024-03-20 10:30:00-04:00,3.5840001106262207,3.5999999046325684,3.5799999237060547,3.5899999141693115,7125,0.0,0.0
2024-03-20 11:30:00-04:00,3.5950000286102295,3.6538000106811523,3.5950000286102295,3.6500000953674316,24356,0.0,0.0
2024-03-20 12:30:00-04:00,3.6449999809265137,3.6449999809265137,3.630000114440918,3.634999990463257,13914,0.0,0.0
2024-03-20 13:30:00-04:00,3.630000114440918,3.674999952316284,3.609999895095825,3.634999990463257,28134,0.0,0.0
2024-03-20 14:30:00-04:00,3.640000104904175,3.680000066757202,3.5899999141693115,3.619999885559082,96656,0.0,0.0
2024-03-20 15:30:00-04:00,3.625,3.630000114440918,3.569999933242798,3.5799999237060547,89151,0.0,0.0
2024-03-21 09:30:00-04:00,3.259999990463257,3.4600000381469727,3.2300000190734863,3.4200000762939453,478946,0.0,0.0
2024-03-21 10:30:00-04:00,3.424999952316284,3.430000066757202,3.2899999618530273,3.299999952316284,135811,0.0,0.0
2024-03-21 11:30:00-04:00,3.300100088119507,3.4342000484466553,3.2799999713897705,3.380000114440918,221719,0.0,0.0
2024-03-21 12:30:00-04:00,3.389899969100952,3.4149999618530273,3.305000066757202,3.3450000286102295,66869,0.0,0.0
2024-03-21 13:30:00-04:00,3.349299907684326,3.3499999046325684,3.259999990463257,3.299999952316284,78467,0.0,0.0
2024-03-21 14:30:00-04:00,3.299999952316284,3.309999942779541,3.2799999713897705,3.2850000858306885,71081,0.0,0.0
2024-03-21 15:30:00-04:00,3.2850000858306885,3.319999933242798,3.2500998973846436,3.299999952316284,204536,0.0,0.0
2024-03-22 09:30:00-04:00,3.259999990463257,3.3956000804901123,3.259999990463257,3.3949999809265137,54166,0.0,0.0
2024-03-22 10:30:00-04:00,3.3940000534057617,3.450000047683716,3.3901000022888184,3.440000057220459,29181,0.0,0.0
2024-03-22 11:30:00-04:00,3.440000057220459,3.4600000381469727,3.440000057220459,3.451200008392334,25916,0.0,0.0
2024-03-22 12:30:00-04:00,3.4549999237060547,3.4600000381469727,3.380000114440918,3.384999990463257,61555,0.0,0.0
2024-03-22 13:30:00-04:00,3.384999990463257,3.390000104904175,3.319999933242798,3.3299999237060547,49874,0.0,0.0
2024-03-22 14:30:00-04:00,3.3299999237060547,3.3399999141693115,3.3299999237060547,3.3399999141693115,30433,0.0,0.0
2024-03-22 15:30:00-04:00,3.3399999141693115,3.3550000190734863,3.3399999141693115,3.3399999141693115,58904,0.0,0.0
2024-03-25 09:30:00-04:00,3.380000114440918,3.380000114440918,3.309999942779541,3.315000057220459,60552,0.0,0.0
2024-03-25 10:30:00-04:00,3.319999933242798,3.3499999046325684,3.305000066757202,3.319999933242798,37832,0.0,0.0
2024-03-25 11:30:00-04:00,3.325000047683716,3.3299999237060547,3.309999942779541,3.315000057220459,18015,0.0,0.0
2024-03-25 12:30:00-04:00,3.319999933242798,3.319999933242798,3.309999942779541,3.319999933242798,24532,0.0,0.0
2024-03-25 13:30:00-04:00,3.315000057220459,3.3299999237060547,3.25,3.299999952316284,55355,0.0,0.0
2024-03-25 14:30:00-04:00,3.299999952316284,3.309999942779541,3.2950000762939453,3.305000066757202,20276,0.0,0.0
2024-03-25 15:30:00-04:00,3.309999942779541,3.3299999237060547,3.309999942779541,3.3299999237060547,49040,0.0,0.0
2024-03-26 09:30:00-04:00,3.3299999237060547,3.3450000286102295,3.309999942779541,3.319999933242798,25690,0.0,0.0
2024-03-26 10:30:00-04:00,3.319999933242798,3.3299999237060547,3.309999942779541,3.319999933242798,26660,0.0,0.0
2024-03-26 11:30:00-04:00,3.325000047683716,3.328000068664551,3.319999933242798,3.325000047683716,5259,0.0,0.0
2024-03-26 12:30:00-04:00,3.3201000690460205,3.3389999866485596,3.319999933242798,3.3389999866485596,11673,0.0,0.0
2024-03-26 13:30:00-04:00,3.3350000381469727,3.3389999866485596,3.3299999237060547,3.3299999237060547,6911,0.0,0.0
2024-03-26 14:30:00-04:00,3.3299999237060547,3.3389999866485596,3.319999933242798,3.325000047683716,17154,0.0,0.0
2024-03-26 15:30:00-04:00,3.319999933242798,3.3499999046325684,3.309999942779541,3.3399999141693115,51470,0.0,0.0
2024-03-27 09:30:00-04:00,3.369999885559082,3.4600000381469727,3.369999885559082,3.4200000762939453,19874,0.0,0.0
2024-03-27 10:30:00-04:00,3.430000066757202,3.434999942779541,3.430000066757202,3.4309000968933105,9956,0.0,0.0
2024-03-27 11:30:00-04:00,3.430000066757202,3.434999942779541,3.4049999713897705,3.4149999618530273,15645,0.0,0.0
2024-03-27 12:30:00-04:00,3.4149999618530273,3.4200000762939453,3.4049999713897705,3.4200000762939453,15895,0.0,0.0
2024-03-27 13:30:00-04:00,3.424999952316284,3.434999942779541,3.4100000858306885,3.430000066757202,18643,0.0,0.0
2024-03-27 14:30:00-04:00,3.434999942779541,3.459399938583374,3.430000066757202,3.459399938583374,13552,0.0,0.0
2024-03-27 15:30:00-04:00,3.4549999237060547,3.4600000381469727,3.450000047683716,3.450000047683716,33042,0.0,0.0
2024-03-28 09:30:00-04:00,3.4800000190734863,3.734999895095825,3.4800000190734863,3.5899999141693115,271964,0.0,0.0
2024-03-28 10:30:00-04:00,3.5899999141693115,3.5999999046325684,3.5199999809265137,3.5299999713897705,38507,0.0,0.0
2024-03-28 11:30:00-04:00,3.5399999618530273,3.5899999141693115,3.5399999618530273,3.555000066757202,32487,0.0,0.0
2024-03-28 12:30:00-04:00,3.549999952316284,3.5999999046325684,3.5450000762939453,3.565000057220459,59879,0.0,0.0
2024-03-28 13:30:00-04:00,3.559999942779541,3.5799999237060547,3.5299999713897705,3.5350000858306885,40132,0.0,0.0
2024-03-28 14:30:00-04:00,3.5299999713897705,3.575000047683716,3.5199999809265137,3.575000047683716,40358,0.0,0.0
2024-03-28 15:30:00-04:00,3.5799999237060547,3.6050000190734863,3.5799999237060547,3.5999999046325684,114236,0.0,0.0
2024-04-01 09:30:00-04:00,3.619999885559082,3.639899969100952,3.555000066757202,3.555000066757202,29362,0.0,0.0
2024-04-01 10:30:00-04:00,3.549999952316284,3.5699000358581543,3.5350000858306885,3.555000066757202,44585,0.0,0.0
2024-04-01 11:30:00-04:00,3.549999952316284,3.549999952316284,3.5350000858306885,3.5399999618530273,24856,0.0,0.0
2024-04-01 12:30:00-04:00,3.54010009765625,3.549999952316284,3.5399999618530273,3.5450000762939453,21549,0.0,0.0
2024-04-01 13:30:00-04:00,3.548799991607666,3.559999942779541,3.5411999225616455,3.5450000762939453,16537,0.0,0.0
2024-04-01 14:30:00-04:00,3.5450000762939453,3.5480000972747803,3.509999990463257,3.5399999618530273,42706,0.0,0.0
2024-04-01 15:30:00-04:00,3.5399999618530273,3.569999933242798,3.5299999713897705,3.5350000858306885,118753,0.0,0.0
2024-04-02 09:30:00-04:00,3.5199999809265137,3.559999942779541,3.450000047683716,3.5399999618530273,71349,0.0,0.0
2024-04-02 10:30:00-04:00,3.5350000858306885,3.559999942779541,3.5299999713897705,3.5299999713897705,7748,0.0,0.0
2024-04-02 11:30:00-04:00,3.5199999809265137,3.5199999809265137,3.5,3.509999990463257,30593,0.0,0.0
2024-04-02 12:30:00-04:00,3.509999990463257,3.5250000953674316,3.5,3.5,32894,0.0,0.0
2024-04-02 13:30:00-04:00,3.5,3.50600004196167,3.5,3.5,27590,0.0,0.0
2024-04-02 14:30:00-04:00,3.505000114440918,3.50600004196167,3.5,3.5,10888,0.0,0.0
2024-04-02 15:30:00-04:00,3.5,3.509999990463257,3.4600000381469727,3.4700000286102295,35224,0.0,0.0
2024-04-03 09:30:00-04:00,3.430000066757202,3.440000057220459,3.3949999809265137,3.4149999618530273,26591,0.0,0.0
2024-04-03 10:30:00-04:00,3.4198999404907227,3.4800000190734863,3.4149999618530273,3.430000066757202,31785,0.0,0.0
2024-04-03 11:30:00-04:00,3.430000066757202,3.430000066757202,3.400099992752075,3.4149999618530273,14926,0.0,0.0
2024-04-03 12:30:00-04:00,3.4200000762939453,3.430000066757202,3.4149999618530273,3.424999952316284,4700,0.0,0.0
2024-04-03 13:30:00-04:00,3.430000066757202,3.440000057220459,3.4200000762939453,3.430000066757202,19251,0.0,0.0
2024-04-03 14:30:00-04:00,3.434999942779541,3.434999942779541,3.424999952316284,3.424999952316284,7934,0.0,0.0
2024-04-03 15:30:00-04:00,3.4200000762939453,3.450000047683716,3.4100000858306885,3.440000057220459,18176,0.0,0.0
2024-04-04 09:30:00-04:00,3.4800000190734863,3.4800000190734863,3.440000057220459,3.444999933242798,13814,0.0,0.0
2024-04-04 10:30:00-04:00,3.444999933242798,3.4451000690460205,3.4149999618530273,3.430000066757202,25817,0.0,0.0
2024-04-04 11:30:00-04:00,3.43149995803833,3.434999942779541,3.430000066757202,3.434999942779541,6387,0.0,0.0
2024-04-04 12:30:00-04:00,3.434999942779541,3.45989990234375,3.430000066757202,3.4549999237060547,17319,0.0,0.0
2024-04-04 13:30:00-04:00,3.4549999237060547,3.4700000286102295,3.434999942779541,3.446000099182129,30871,0.0,0.0
2024-04-04 14:30:00-04:00,3.434999942779541,3.434999942779541,3.4200000762939453,3.424999952316284,15699,0.0,0.0
2024-04-04 15:30:00-04:00,3.4200000762939453,3.450000047683716,3.4100000858306885,3.430000066757202,39769,0.0,0.0
2024-04-05 09:30:00-04:00,3.4000000953674316,3.4549999237060547,3.4000000953674316,3.424999952316284,44190,0.0,0.0
2024-04-05 10:30:00-04:00,3.424999952316284,3.444999933242798,3.424999952316284,3.440000057220459,28648,0.0,0.0
2024-04-05 11:30:00-04:00,3.434999942779541,3.450000047683716,3.430000066757202,3.450000047683716,34266,0.0,0.0
2024-04-05 12:30:00-04:00,3.444999933242798,3.444999933242798,3.430000066757202,3.4398999214172363,13525,0.0,0.0
2024-04-05 13:30:00-04:00,3.434999942779541,3.440000057220459,3.430000066757202,3.430000066757202,16062,0.0,0.0
2024-04-05 14:30:00-04:00,3.434999942779541,3.434999942779541,3.430000066757202,3.430000066757202,9890,0.0,0.0
2024-04-05 15:30:00-04:00,3.434999942779541,3.440000057220459,3.4200000762939453,3.430000066757202,36601,0.0,0.0
2024-04-08 09:30:00-04:00,3.440000057220459,3.4549999237060547,3.424999952316284,3.440000057220459,11890,0.0,0.0
2024-04-08 10:30:00-04:00,3.434999942779541,3.450000047683716,3.430000066757202,3.444999933242798,8533,0.0,0.0
2024-04-08 11:30:00-04:00,3.440000057220459,3.450000047683716,3.430000066757202,3.434999942779541,5364,0.0,0.0
2024-04-08 12:30:00-04:00,3.430000066757202,3.440000057220459,3.430000066757202,3.434999942779541,5335,0.0,0.0
2024-04-08 13:30:00-04:00,3.434999942779541,3.444999933242798,3.424999952316284,3.430000066757202,16188,0.0,0.0
2024-04-08 14:30:00-04:00,3.430000066757202,3.4375,3.430000066757202,3.434999942779541,5555,0.0,0.0
2024-04-08 15:30:00-04:00,3.434999942779541,3.440000057220459,3.424999952316284,3.434999942779541,30263,0.0,0.0
2024-04-09 09:30:00-04:00,3.440000057220459,3.4697999954223633,3.424999952316284,3.430000066757202,32552,0.0,0.0
2024-04-09 10:30:00-04:00,3.434999942779541,3.434999942779541,3.4200000762939453,3.424999952316284,14812,0.0,0.0
2024-04-09 11:30:00-04:00,3.424999952316284,3.434999942779541,3.424999952316284,3.434999942779541,6336,0.0,0.0
2024-04-09 12:30:00-04:00,3.434999942779541,3.434999942779541,3.4200000762939453,3.424999952316284,25965,0.0,0.0
2024-04-09 13:30:00-04:00,3.424999952316284,3.430000066757202,3.4200000762939453,3.4200000762939453,10140,0.0,0.0
2024-04-09 14:30:00-04:00,3.4200000762939453,3.424999952316284,3.4200000762939453,3.424999952316284,19514,0.0,0.0
2024-04-09 15:30:00-04:00,3.424999952316284,3.434999942779541,3.4200000762939453,3.4200000762939453,29904,0.0,0.0
2024-04-10 09:30:00-04:00,3.3399999141693115,3.4149999618530273,3.2950000762939453,3.4100000858306885,65139,0.0,0.0
2024-04-10 10:30:00-04:00,3.4100000858306885,3.4100000858306885,3.3399999141693115,3.384999990463257,31556,0.0,0.0
2024-04-10 11:30:00-04:00,3.380000114440918,3.384999990463257,3.375,3.384999990463257,25272,0.0,0.0
2024-04-10 12:30:00-04:00,3.380000114440918,3.384999990463257,3.3399999141693115,3.369999885559082,38909,0.0,0.0
2024-04-10 13:30:00-04:00,3.365000009536743,3.384999990463257,3.359999895095825,3.369999885559082,43015,0.0,0.0
2024-04-10 14:30:00-04:00,3.369999885559082,3.4200000762939453,3.365000009536743,3.369999885559082,26157,0.0,0.0
2024-04-10 15:30:00-04:00,3.365000009536743,3.390000104904175,3.3550000190734863,3.390000104904175,80944,0.0,0.0
2024-04-11 09:30:00-04:00,3.4000000953674316,3.4000000953674316,3.3399999141693115,3.3489999771118164,26661,0.0,0.0
2024-04-11 10:30:00-04:00,3.3399999141693115,3.3399999141693115,3.299999952316284,3.3101000785827637,24224,0.0,0.0
2024-04-11 11:30:00-04:00,3.319999933242798,3.359999895095825,3.315000057220459,3.3499999046325684,22725,0.0,0.0
2024-04-11 12:30:00-04:00,3.325000047683716,3.3499999046325684,3.315000057220459,3.3499999046325684,19133,0.0,0.0
2024-04-11 13:30:00-04:00,3.3575000762939453,3.3575000762939453,3.3499999046325684,3.3550000190734863,5920,0.0,0.0
2024-04-11 14:30:00-04:00,3.3550000190734863,3.3550000190734863,3.3299999237060547,3.3375000953674316,7673,0.0,0.0
2024-04-11 15:30:00-04:00,3.3299999237060547,3.3399999141693115,3.319999933242798,3.3389999866485596,25739,0.0,0.0
2024-04-12 09:30:00-04:00,3.309999942779541,3.3299999237060547,3.234999895095825,3.240000009536743,27076,0.0,0.0
2024-04-12 10:30:00-04:00,3.240000009536743,3.259999990463257,3.2100000381469727,3.234999895095825,47324,0.0,0.0
2024-04-12 11:30:00-04:00,3.234999895095825,3.235599994659424,3.2200000286102295,3.2300000190734863,20940,0.0,0.0
2024-04-12 12:30:00-04:00,3.2300000190734863,3.2300000190734863,3.2100000381469727,3.2100000381469727,27379,0.0,0.0
2024-04-12 13:30:00-04:00,3.2100000381469727,3.2149999141693115,3.184999942779541,3.2049999237060547,44200,0.0,0.0
2024-04-12 14:30:00-04:00,3.200000047683716,3.2100000381469727,3.194999933242798,3.2049999237060547,32542,0.0,0.0
2024-04-12 15:30:00-04:00,3.2049999237060547,3.305000066757202,3.200000047683716,3.2850000858306885,161958,0.0,0.0
2024-04-15 09:30:00-04:00,3.309999942779541,3.3399999141693115,3.2899999618530273,3.2950000762939453,24864,0.0,0.0
2024-04-15 10:30:00-04:00,3.2899999618530273,3.299999952316284,3.259999990463257,3.259999990463257,23555,0.0,0.0
2024-04-15 11:30:00-04:00,3.2699999809265137,3.309999942779541,3.265000104904175,3.299999952316284,24726,0.0,0.0
2024-04-15 12:30:00-04:00,3.2950000762939453,3.2950000762939453,3.2699999809265137,3.2699999809265137,32017,0.0,0.0
2024-04-15 13:30:00-04:00,3.259999990463257,3.2932000160217285,3.25,3.2750000953674316,26839,0.0,0.0
2024-04-15 14:30:00-04:00,3.2750000953674316,3.2750000953674316,3.25,3.2500998973846436,21314,0.0,0.0
2024-04-15 15:30:00-04:00,3.255000114440918,3.319999933242798,3.25,3.315000057220459,99763,0.0,0.0
2024-04-16 09:30:00-04:00,3.309999942779541,3.375,3.244999885559082,3.309999942779541,169590,0.0,0.0
2024-04-16 10:30:00-04:00,3.319999933242798,3.319999933242798,3.255000114440918,3.2799999713897705,29645,0.0,0.0
2024-04-16 11:30:00-04:00,3.2799999713897705,3.2799999713897705,3.2699999809265137,3.2799999713897705,5434,0.0,0.0
2024-04-16 12:30:00-04:00,3.2799999713897705,3.2799999713897705,3.259999990463257,3.2750000953674316,15990,0.0,0.0
2024-04-16 13:30:00-04:00,3.2699999809265137,3.319999933242798,3.265000104904175,3.2899999618530273,31428,0.0,0.0
2024-04-16 14:30:00-04:00,3.2899999618530273,3.309999942779541,3.2850000858306885,3.305000066757202,14197,0.0,0.0
2024-04-16 15:30:00-04:00,3.305000066757202,3.309999942779541,3.2699999809265137,3.2699999809265137,33665,0.0,0.0
2024-04-17 09:30:00-04:00,3.2699999809265137,3.319999933242798,3.2699999809265137,3.2899999618530273,19583,0.0,0.0
2024-04-17 10:30:00-04:00,3.299999952316284,3.299999952316284,3.2699999809265137,3.2750000953674316,19402,0.0,0.0
2024-04-17 11:30:00-04:00,3.2699999809265137,3.2899999618530273,3.259999990463257,3.2899999618530273,14876,0.0,0.0
2024-04-17 12:30:00-04:00,3.2899999618530273,3.2899999618530273,3.2750000953674316,3.2899999618530273,14885,0.0,0.0
2024-04-17 13:30:00-04:00,3.2899999618530273,3.299999952316284,3.2699999809265137,3.2799999713897705,27233,0.0,0.0
2024-04-17 14:30:00-04:00,3.2750000953674316,3.2899999618530273,3.25,3.25,21271,0.0,0.0
2024-04-17 15:30:00-04:00,3.240000009536743,3.25,3.2100000381469727,3.2149999141693115,36247,0.0,0.0
2024-04-18 09:30:00-04:00,3.2100000381469727,3.259999990463257,3.190200090408325,3.240000009536743,15718,0.0,0.0
2024-04-18 10:30:00-04:00,3.2339999675750732,3.25,3.230299949645996,3.25,11806,0.0,0.0
2024-04-18 11:30:00-04:00,3.25,3.25,3.2200000286102295,3.2249999046325684,19305,0.0,0.0
2024-04-18 12:30:00-04:00,3.2249999046325684,3.2300000190734863,3.194999933242798,3.2049999237060547,25318,0.0,0.0
2024-04-18 13:30:00-04:00,3.2200000286102295,3.2200000286102295,3.190000057220459,3.190000057220459,16036,0.0,0.0
2024-04-18 14:30:00-04:00,3.190000057220459,3.200000047683716,3.180000066757202,3.180000066757202,20835,0.0,0.0
2024-04-18 15:30:00-04:00,3.180000066757202,3.190000057220459,3.1600000858306885,3.1649999618530273,44917,0.0,0.0
2024-04-19 09:30:00-04:00,3.1500000953674316,3.2701001167297363,3.1500000953674316,3.255000114440918,141069,0.0,0.0
2024-04-19 10:30:00-04:00,3.25,3.259999990463257,3.180000066757202,3.190000057220459,68484,0.0,0.0
2024-04-19 11:30:00-04:00,3.194999933242798,3.2149999141693115,3.1700000762939453,3.180000066757202,66744,0.0,0.0
2024-04-19 12:30:00-04:00,3.180000066757202,3.2300000190734863,3.1700000762939453,3.2100000381469727,64049,0.0,0.0
2024-04-19 13:30:00-04:00,3.2049999237060547,3.2300000190734863,3.2049999237060547,3.2249999046325684,23104,0.0,0.0
2024-04-19 14:30:00-04:00,3.2249999046325684,3.25,3.190000057220459,3.240000009536743,36161,0.0,0.0
2024-04-19 15:30:00-04:00,3.234999895095825,3.259999990463257,3.2300000190734863,3.255000114440918,48333,0.0,0.0
2024-04-22 09:30:00-04:00,3.2699999809265137,3.2799999713897705,3.259999990463257,3.2699999809265137,11077,0.0,0.0
2024-04-22 10:30:00-04:00,3.265000104904175,3.2799999713897705,3.259999990463257,3.2699999809265137,6898,0.0,0.0
2024-04-22 11:30:00-04:00,3.2699999809265137,3.309999942779541,3.259999990463257,3.2950000762939453,11748,0.0,0.0
2024-04-22 12:30:00-04:00,3.2950000762939453,3.325000047683716,3.2899999618530273,3.319999933242798,11177,0.0,0.0
2024-04-22 13:30:00-04:00,3.319999933242798,3.3299999237060547,3.309999942779541,3.309999942779541,11463,0.0,0.0
2024-04-22 14:30:00-04:00,3.315000057220459,3.315000057220459,3.2750000953674316,3.2750000953674316,15777,0.0,0.0
2024-04-22 15:30:00-04:00,3.2750000953674316,3.2799999713897705,3.2699999809265137,3.2699999809265137,13776,0.0,0.0
2024-04-23 09:30:00-04:00,3.259999990463257,3.2950000762939453,3.259999990463257,3.2799999713897705,13904,0.0,0.0
2024-04-23 10:30:00-04:00,3.2799999713897705,3.2850000858306885,3.2699999809265137,3.2750000953674316,5158,0.0,0.0
2024-04-23 11:30:00-04:00,3.2750000953674316,3.2750000953674316,3.2699999809265137,3.2699999809265137,10295,0.0,0.0
2024-04-23 12:30:00-04:00,3.2699999809265137,3.2950000762939453,3.2699999809265137,3.2950000762939453,10401,0.0,0.0
2024-04-23 13:30:00-04:00,3.2950000762939453,3.2950000762939453,3.259999990463257,3.265000104904175,7613,0.0,0.0
2024-04-23 14:30:00-04:00,3.259999990463257,3.2699999809265137,3.25,3.265000104904175,17586,0.0,0.0
2024-04-23 15:30:00-04:00,3.259999990463257,3.359999895095825,3.259999990463257,3.3499999046325684,122322,0.0,0.0
2024-04-24 09:30:00-04:00,3.3299999237060547,3.3668999671936035,3.305000066757202,3.3299999237060547,18611,0.0,0.0
2024-04-24 10:30:00-04:00,3.319999933242798,3.3350000381469727,3.305000066757202,3.3299999237060547,9394,0.0,0.0
2024-04-24 11:30:00-04:00,3.3299999237060547,3.3450000286102295,3.309999942779541,3.3299999237060547,35587,0.0,0.0
2024-04-24 12:30:00-04:00,3.3350000381469727,3.3399999141693115,3.3299999237060547,3.3350000381469727,10387,0.0,0.0
2024-04-24 13:30:00-04:00,3.3350000381469727,3.3399999141693115,3.319999933242798,3.319999933242798,9783,0.0,0.0
2024-04-24 14:30:00-04:00,3.325000047683716,3.325000047683716,3.315000057220459,3.319999933242798,8506,0.0,0.0
2024-04-24 15:30:00-04:00,3.319999933242798,3.319999933242798,3.309999942779541,3.319999933242798,18157,0.0,0.0
2024-04-25 09:30:00-04:00,3.299999952316284,3.299999952316284,3.2200000286102295,3.2699999809265137,15440,0.0,0.0
2024-04-25 10:30:00-04:00,3.2750000953674316,3.325000047683716,3.2750000953674316,3.325000047683716,24879,0.0,0.0
2024-04-25 11:30:00-04:00,3.325000047683716,3.3350000381469727,3.299999952316284,3.315000057220459,20489,0.0,0.0
2024-04-25 12:30:00-04:00,3.315000057220459,3.3450000286102295,3.315000057220459,3.3350000381469727,22739,0.0,0.0
2024-04-25 13:30:00-04:00,3.3399999141693115,3.359999895095825,3.309999942779541,3.3450000286102295,98157,0.0,0.0
2024-04-25 14:30:00-04:00,3.3450000286102295,3.390000104904175,3.3399999141693115,3.390000104904175,20181,0.0,0.0
2024-04-25 15:30:00-04:00,3.390000104904175,3.4149999618530273,3.390000104904175,3.4049999713897705,44822,0.0,0.0
2024-04-26 09:30:00-04:00,3.4100000858306885,3.450000047683716,3.369999885559082,3.4049999713897705,21082,0.0,0.0
2024-04-26 10:30:00-04:00,3.4049999713897705,3.4049999713897705,3.3399999141693115,3.3450000286102295,22464,0.0,0.0
2024-04-26 11:30:00-04:00,3.3399999141693115,3.359999895095825,3.3299999237060547,3.359999895095825,9616,0.0,0.0
2024-04-26 12:30:00-04:00,3.359999895095825,3.380000114440918,3.3499999046325684,3.371000051498413,14075,0.0,0.0
2024-04-26 13:30:00-04:00,3.380000114440918,3.380000114440918,3.3510000705718994,3.3510000705718994,6881,0.0,0.0
2024-04-26 14:30:00-04:00,3.3550000190734863,3.390000104904175,3.3510000705718994,3.384999990463257,15552,0.0,0.0
2024-04-26 15:30:00-04:00,3.384999990463257,3.4000000953674316,3.3550000190734863,3.369999885559082,135889,0.0,0.0
2024-04-29 09:30:00-04:00,3.390000104904175,3.4149999618530273,3.359999895095825,3.384999990463257,13672,0.0,0.0
2024-04-29 10:30:00-04:00,3.389699935913086,3.3949999809265137,3.359999895095825,3.3610000610351562,9752,0.0,0.0
2024-04-29 11:30:00-04:00,3.3608999252319336,3.375,3.359999895095825,3.375,7093,0.0,0.0
2024-04-29 12:30:00-04:00,3.380000114440918,3.380000114440918,3.3499999046325684,3.3550000190734863,7751,0.0,0.0
2024-04-29 13:30:00-04:00,3.3550000190734863,3.3550000190734863,3.3299999237060547,3.3350000381469727,10637,0.0,0.0
2024-04-29 14:30:00-04:00,3.3350000381469727,3.4600000381469727,3.309999942779541,3.3399999141693115,91489,0.0,0.0
2024-04-29 15:30:00-04:00,3.3350000381469727,3.3949999809265137,3.3350000381469727,3.359999895095825,82057,0.0,0.0
2024-04-30 09:30:00-04:00,3.3399999141693115,3.365000009536743,3.319999933242798,3.3299999237060547,6744,0.0,0.0
2024-04-30 10:30:00-04:00,3.325000047683716,3.325000047683716,3.2799999713897705,3.2850000858306885,10115,0.0,0.0
2024-04-30 11:30:00-04:00,3.2850000858306885,3.2899999618530273,3.265000104904175,3.265000104904175,4930,0.0,0.0
2024-04-30 12:30:00-04:00,3.2699999809265137,3.2699999809265137,3.240000009536743,3.244999885559082,5587,0.0,0.0
2024-04-30 13:30:00-04:00,3.244999885559082,3.25,3.240000009536743,3.240000009536743,6127,0.0,0.0
2024-04-30 14:30:00-04:00,3.240000009536743,3.240000009536743,3.2200000286102295,3.2200000286102295,11250,0.0,0.0
2024-04-30 15:30:00-04:00,3.2249999046325684,3.2249999046325684,3.2100000381469727,3.2100000381469727,10707,0.0,0.0
2024-05-01 09:30:00-04:00,3.2300000190734863,3.2300000190734863,3.2100000381469727,3.2100000381469727,11882,0.0,0.0
2024-05-01 10:30:00-04:00,3.200000047683716,3.200000047683716,3.1600000858306885,3.1600000858306885,6178,0.0,0.0
2024-05-01 11:30:00-04:00,3.174999952316284,3.1858999729156494,3.1600000858306885,3.1630001068115234,18723,0.0,0.0
2024-05-01 12:30:00-04:00,3.161099910736084,3.1698999404907227,3.119999885559082,3.140000104904175,45829,0.0,0.0
2024-05-01 13:30:00-04:00,3.130000114440918,3.1600000858306885,3.130000114440918,3.1500000953674316,3563,0.0,0.0
2024-05-01 14:30:00-04:00,3.1549999713897705,3.2049999237060547,3.1407999992370605,3.190000057220459,15708,0.0,0.0
2024-05-01 15:30:00-04:00,3.184999942779541,3.184999942779541,3.1500000953674316,3.1600000858306885,14245,0.0,0.0
2024-05-02 09:30:00-04:00,3.2100000381469727,3.234999895095825,3.180000066757202,3.2049999237060547,29521,0.0,0.0
2024-05-02 10:30:00-04:00,3.2049999237060547,3.244999885559082,3.2049999237060547,3.240000009536743,13418,0.0,0.0
2024-05-02 11:30:00-04:00,3.240000009536743,3.244999885559082,3.240000009536743,3.244999885559082,3559,0.0,0.0
2024-05-02 12:30:00-04:00,3.244999885559082,3.244999885559082,3.244999885559082,3.244999885559082,1661,0.0,0.0
2024-05-02 13:30:00-04:00,3.2499001026153564,3.2499001026153564,3.240000009536743,3.244999885559082,4123,0.0,0.0
2024-05-02 14:30:00-04:00,3.240600109100342,3.2799999713897705,3.240000009536743,3.2750000953674316,15069,0.0,0.0
2024-05-02 15:30:00-04:00,3.2750000953674316,3.309999942779541,3.259999990463257,3.309999942779541,38436,0.0,0.0
2024-05-03 09:30:00-04:00,3.3499999046325684,3.390000104904175,3.325000047683716,3.325000047683716,6315,0.0,0.0
2024-05-03 10:30:00-04:00,3.3299999237060547,3.3299999237060547,3.2699999809265137,3.2699999809265137,8161,0.0,0.0
2024-05-03 11:30:00-04:00,3.2699999809265137,3.2699999809265137,3.259999990463257,3.259999990463257,4676,0.0,0.0
2024-05-03 12:30:00-04:00,3.253999948501587,3.253999948501587,3.25,3.25,3926,0.0,0.0
2024-05-03 13:30:00-04:00,3.265000104904175,3.265000104904175,3.1500000953674316,3.265000104904175,229842,0.0,0.0
2024-05-03 14:30:00-04:00,3.259999990463257,3.259999990463257,3.244999885559082,3.244999885559082,4547,0.0,0.0
2024-05-03 15:30:00-04:00,3.244999885559082,3.2597999572753906,3.240000009536743,3.240000009536743,12633,0.0,0.0
2024-05-06 09:30:00-04:00,3.240000009536743,3.2799999713897705,3.240000009536743,3.2799999713897705,6758,0.0,0.0
2024-05-06 10:30:00-04:00,3.2699999809265137,3.2699999809265137,3.240000009536743,3.25,5012,0.0,0.0
2024-05-06 11:30:00-04:00,3.244999885559082,3.25,3.244999885559082,3.244999885559082,2219,0.0,0.0
2024-05-06 12:30:00-04:00,3.244999885559082,3.25,3.240000009536743,3.25,4583,0.0,0.0
2024-05-06 13:30:00-04:00,3.244800090789795,3.25,3.240000009536743,3.244999885559082,6861,0.0,0.0
2024-05-06 14:30:00-04:00,3.244999885559082,3.255000114440918,3.2249999046325684,3.255000114440918,17267,0.0,0.0
2024-05-06 15:30:00-04:00,3.259999990463257,3.305000066757202,3.259999990463257,3.2699999809265137,90185,0.0,0.0
2024-05-07 09:30:00-04:00,3.2699999809265137,3.2899999618530273,3.2604000568389893,3.2834999561309814,7396,0.0,0.0
2024-05-07 10:30:00-04:00,3.2850000858306885,3.2850000858306885,3.2850000858306885,3.2850000858306885,5868,0.0,0.0
2024-05-07 11:30:00-04:00,3.2799999713897705,3.3299999237060547,3.2799999713897705,3.305000066757202,21085,0.0,0.0
2024-05-07 12:30:00-04:00,3.305000066757202,3.319999933242798,3.299999952316284,3.315000057220459,13214,0.0,0.0
2024-05-07 13:30:00-04:00,3.319999933242798,3.3450000286102295,3.319999933242798,3.3299999237060547,24296,0.0,0.0
2024-05-07 14:30:00-04:00,3.3299999237060547,3.3450000286102295,3.319999933242798,3.3450000286102295,24170,0.0,0.0
2024-05-07 15:30:00-04:00,3.3399999141693115,3.3399999141693115,3.319999933242798,3.3399999141693115,30074,0.0,0.0
2024-05-08 09:30:00-04:00,3.259999990463257,3.2899999618530273,3.255000114440918,3.2850000858306885,0,0.0,0.0
2024-05-08 10:30:00-04:00,3.2850000858306885,3.305000066757202,3.2850000858306885,3.305000066757202,3639,0.0,0.0
2024-05-08 11:30:00-04:00,3.305000066757202,3.305000066757202,3.2799999713897705,3.2799999713897705,5295,0.0,0.0
2024-05-08 12:30:00-04:00,3.2750000953674316,3.2850000858306885,3.2699999809265137,3.2850000858306885,5937,0.0,0.0
2024-05-08 13:30:00-04:00,3.2850000858306885,3.2950000762939453,3.2850000858306885,3.2950000762939453,4051,0.0,0.0
2024-05-08 14:30:00-04:00,3.2899999618530273,3.2950000762939453,3.2699999809265137,3.2750000953674316,7427,0.0,0.0
2024-05-08 15:30:00-04:00,3.2750000953674316,3.3299999237060547,3.255000114440918,3.2699999809265137,89848,0.0,0.0
2024-05-09 09:30:00-04:00,3.2699999809265137,3.300100088119507,3.259999990463257,3.2950000762939453,12777,0.0,0.0
2024-05-09 10:30:00-04:00,3.2909998893737793,3.2909998893737793,3.2750000953674316,3.2850000858306885,13970,0.0,0.0
2024-05-09 11:30:00-04:00,3.2799999713897705,3.2899999618530273,3.2799999713897705,3.2850000858306885,1476,0.0,0.0
2024-05-09 12:30:00-04:00,3.2850000858306885,3.2950000762939453,3.2850000858306885,3.2950000762939453,6117,0.0,0.0
2024-05-09 13:30:00-04:00,3.2999000549316406,3.2999000549316406,3.2899999618530273,3.294800043106079,6338,0.0,0.0
2024-05-09 14:30:00-04:00,3.2950000762939453,3.2950000762939453,3.2899999618530273,3.2899999618530273,12807,0.0,0.0
2024-05-09 15:30:00-04:00,3.2899999618530273,3.3299999237060547,3.2799999713897705,3.2799999713897705,50625,0.0,0.0
2024-05-10 09:30:00-04:00,3.299999952316284,3.3299999237060547,3.25,3.2799999713897705,29426,0.0,0.0
2024-05-10 10:30:00-04:00,3.2799999713897705,3.2799999713897705,3.234999895095825,3.240000009536743,18263,0.0,0.0
2024-05-10 11:30:00-04:00,3.240000009536743,3.240000009536743,3.2149999141693115,3.2200000286102295,7732,0.0,0.0
2024-05-10 12:30:00-04:00,3.2100000381469727,3.234999895095825,3.190000057220459,3.2200000286102295,39121,0.0,0.0
2024-05-10 13:30:00-04:00,3.2200000286102295,3.2200000286102295,3.200000047683716,3.2102999687194824,11486,0.0,0.0
2024-05-10 14:30:00-04:00,3.2111001014709473,3.2200000286102295,3.180000066757202,3.180000066757202,32178,0.0,0.0
2024-05-10 15:30:00-04:00,3.190000057220459,3.2899999618530273,3.1807000637054443,3.2699999809265137,145601,0.0,0.0
2024-05-13 09:30:00-04:00,3.309999942779541,3.369999885559082,3.309999942779541,3.3450000286102295,18381,0.0,0.0
2024-05-13 10:30:00-04:00,3.3450000286102295,3.3499999046325684,3.3299999237060547,3.3450000286102295,10274,0.0,0.0
2024-05-13 11:30:00-04:00,3.3399999141693115,3.3399999141693115,3.315000057220459,3.315000057220459,3898,0.0,0.0
2024-05-13 12:30:00-04:00,3.309999942779541,3.3292999267578125,3.309999942779541,3.309999942779541,10558,0.0,0.0
2024-05-13 13:30:00-04:00,3.315000057220459,3.319999933242798,3.315000057220459,3.315000057220459,1493,0.0,0.0
2024-05-13 14:30:00-04:00,3.319999933242798,3.329400062561035,3.319999933242798,3.319999933242798,7703,0.0,0.0
2024-05-13 15:30:00-04:00,3.319999933242798,3.325000047683716,3.309999942779541,3.315000057220459,14964,0.0,0.0
2024-05-14 09:30:00-04:00,3.369999885559082,3.4100000858306885,3.365000009536743,3.365000009536743,20008,0.0,0.0
2024-05-14 10:30:00-04:00,3.359999895095825,3.369999885559082,3.3450000286102295,3.3450000286102295,3414,0.0,0.0
2024-05-14 11:30:00-04:00,3.341200113296509,3.365000009536743,3.3350000381469727,3.3454999923706055,7946,0.0,0.0
2024-05-14 12:30:00-04:00,3.3324999809265137,3.3450000286102295,3.3299999237060547,3.3450000286102295,6308,0.0,0.0
2024-05-14 13:30:00-04:00,3.3499999046325684,3.365000009536743,3.3499999046325684,3.359999895095825,6606,0.0,0.0
2024-05-14 14:30:00-04:00,3.369999885559082,3.369999885559082,3.359999895095825,3.369999885559082,10611,0.0,0.0
2024-05-14 15:30:00-04:00,3.369999885559082,3.380000114440918,3.359999895095825,3.359999895095825,24026,0.0,0.0
2024-05-15 09:30:00-04:00,3.4000000953674316,3.440000057220459,3.325000047683716,3.3299999237060547,16613,0.0,0.0
2024-05-15 10:30:00-04:00,3.3350000381469727,3.3350000381469727,3.3299999237060547,3.3299999237060547,2266,0.0,0.0
2024-05-15 11:30:00-04:00,3.3299999237060547,3.3299999237060547,3.319999933242798,3.319999933242798,3493,0.0,0.0
2024-05-15 12:30:00-04:00,3.319999933242798,3.325000047683716,3.305000066757202,3.315000057220459,9056,0.0,0.0
2024-05-15 13:30:00-04:00,3.319999933242798,3.319999933242798,3.309999942779541,3.315000057220459,10443,0.0,0.0
2024-05-15 14:30:00-04:00,3.309999942779541,3.4049999713897705,3.302500009536743,3.369999885559082,66850,0.0,0.0
2024-05-15 15:30:00-04:00,3.369999885559082,3.369999885559082,3.3499999046325684,3.3550000190734863,15656,0.0,0.0
2024-05-16 09:30:00-04:00,3.369999885559082,3.430000066757202,3.369999885559082,3.430000066757202,12096,0.0,0.0
2024-05-16 10:30:00-04:00,3.434999942779541,3.484999895095825,3.434999942779541,3.4800000190734863,25744,0.0,0.0
2024-05-16 11:30:00-04:00,3.4800000190734863,3.484999895095825,3.4149999618530273,3.430000066757202,42174,0.0,0.0
2024-05-16 12:30:00-04:00,3.4200000762939453,3.5,3.384999990463257,3.484999895095825,231567,0.0,0.0
2024-05-16 13:30:00-04:00,3.4800000190734863,3.51990008354187,3.4649999141693115,3.515000104904175,21100,0.0,0.0
2024-05-16 14:30:00-04:00,3.515000104904175,3.5262999534606934,3.484999895095825,3.484999895095825,19579,0.0,0.0
2024-05-16 15:30:00-04:00,3.4800000190734863,3.494999885559082,3.4649999141693115,3.490000009536743,48144,0.0,0.0
2024-05-17 09:30:00-04:00,3.509999990463257,3.555000066757202,3.4700000286102295,3.555000066757202,25961,0.0,0.0
2024-05-17 10:30:00-04:00,3.555000066757202,3.555000066757202,3.5250000953674316,3.5299999713897705,12846,0.0,0.0
2024-05-17 11:30:00-04:00,3.549999952316284,3.549999952316284,3.3949999809265137,3.484999895095825,78918,0.0,0.0
2024-05-17 12:30:00-04:00,3.484999895095825,3.490000009536743,3.484999895095825,3.484999895095825,2674,0.0,0.0
2024-05-17 13:30:00-04:00,3.490000009536743,3.494999885559082,3.4700000286102295,3.484999895095825,14697,0.0,0.0
2024-05-17 14:30:00-04:00,3.484999895095825,3.487499952316284,3.4800000190734863,3.4800000190734863,4396,0.0,0.0
2024-05-17 15:30:00-04:00,3.487499952316284,3.505000114440918,3.4749999046325684,3.5,19938,0.0,0.0
2024-05-20 09:30:00-04:00,3.4800000190734863,3.5,3.450000047683716,3.450000047683716,17246,0.0,0.0
2024-05-20 10:30:00-04:00,3.450000047683716,3.4700000286102295,3.430000066757202,3.450000047683716,17967,0.0,0.0
2024-05-20 11:30:00-04:00,3.450000047683716,3.4549999237060547,3.422499895095825,3.430000066757202,11437,0.0,0.0
2024-05-20 12:30:00-04:00,3.430000066757202,3.434999942779541,3.430000066757202,3.430000066757202,4662,0.0,0.0
2024-05-20 13:30:00-04:00,3.430000066757202,3.444999933242798,3.4000000953674316,3.430000066757202,13178,0.0,0.0
2024-05-20 14:30:00-04:00,3.430000066757202,3.494999885559082,3.4200000762939453,3.484999895095825,28585,0.0,0.0
2024-05-20 15:30:00-04:00,3.490000009536743,3.505000114440918,3.440000057220459,3.444999933242798,57525,0.0,0.0
2024-05-21 09:30:00-04:00,3.4200000762939453,3.4600000381469727,3.4200000762939453,3.4200000762939453,6491,0.0,0.0
2024-05-21 10:30:00-04:00,3.4202001094818115,3.424999952316284,3.4149999618530273,3.4200000762939453,3798,0.0,0.0
2024-05-21 11:30:00-04:00,3.4100000858306885,3.4100000858306885,3.390000104904175,3.4000000953674316,4130,0.0,0.0
2024-05-21 12:30:00-04:00,3.390000104904175,3.390000104904175,3.372499942779541,3.380000114440918,4696,0.0,0.0
2024-05-21 13:30:00-04:00,3.380000114440918,3.380000114440918,3.359999895095825,3.359999895095825,6587,0.0,0.0
2024-05-21 14:30:00-04:00,3.3550000190734863,3.3550000190734863,3.3499999046325684,3.3499999046325684,3213,0.0,0.0
2024-05-21 15:30:00-04:00,3.3499999046325684,3.450000047683716,3.3450000286102295,3.434999942779541,127225,0.0,0.0
2024-05-22 09:30:00-04:00,3.430000066757202,3.4700000286102295,3.430000066757202,3.4649999141693115,12366,0.0,0.0
2024-05-22 10:30:00-04:00,3.4649999141693115,3.4700000286102295,3.424999952316284,3.430000066757202,5621,0.0,0.0
2024-05-22 11:30:00-04:00,3.430000066757202,3.430000066757202,3.4149999618530273,3.4149999618530273,3393,0.0,0.0
2024-05-22 12:30:00-04:00,3.4100000858306885,3.4100000858306885,3.390000104904175,3.4000000953674316,3919,0.0,0.0
2024-05-22 13:30:00-04:00,3.4000000953674316,3.4000000953674316,3.3450000286102295,3.3499999046325684,11755,0.0,0.0
2024-05-22 14:30:00-04:00,3.3399999141693115,3.4600000381469727,3.309999942779541,3.4549999237060547,73746,0.0,0.0
2024-05-22 15:30:00-04:00,3.4600000381469727,3.494999885559082,3.434999942779541,3.4700000286102295,58060,0.0,0.0
2024-05-23 09:30:00-04:00,3.4600000381469727,3.4600000381469727,3.4200000762939453,3.424999952316284,7218,0.0,0.0
2024-05-23 10:30:00-04:00,3.4200000762939453,3.4200000762939453,3.4000000953674316,3.4000000953674316,6483,0.0,0.0
2024-05-23 11:30:00-04:00,3.4000000953674316,3.4049999713897705,3.390000104904175,3.3949999809265137,4224,0.0,0.0
2024-05-23 12:30:00-04:00,3.3949999809265137,3.3949999809265137,3.375,3.384999990463257,9900,0.0,0.0
2024-05-23 13:30:00-04:00,3.380000114440918,3.380000114440918,3.3550000190734863,3.3550000190734863,12852,0.0,0.0
2024-05-23 14:30:00-04:00,3.3550000190734863,3.4549999237060547,3.3499999046325684,3.430000066757202,36525,0.0,0.0
2024-05-23 15:30:00-04:00,3.424999952316284,3.4600000381469727,3.4149999618530273,3.4600000381469727,90489,0.0,0.0
2024-05-24 09:30:00-04:00,3.430000066757202,3.515000104904175,3.430000066757202,3.515000104904175,14035,0.0,0.0
2024-05-24 10:30:00-04:00,3.515000104904175,3.515000104904175,3.5000998973846436,3.515000104904175,6001,0.0,0.0
2024-05-24 11:30:00-04:00,3.515000104904175,3.5250000953674316,3.5,3.515000104904175,12208,0.0,0.0
2024-05-24 12:30:00-04:00,3.509999990463257,3.509999990463257,3.4600000381469727,3.4892001152038574,26153,0.0,0.0
2024-05-24 13:30:00-04:00,3.484999895095825,3.484999895095825,3.4600000381469727,3.4600000381469727,3696,0.0,0.0
2024-05-24 14:30:00-04:00,3.4600000381469727,3.6050000190734863,3.4600000381469727,3.5850000381469727,52667,0.0,0.0
2024-05-24 15:30:00-04:00,3.5850000381469727,3.6500000953674316,3.5850000381469727,3.6500000953674316,102453,0.0,0.0
2024-05-28 09:30:00-04:00,3.6600000858306885,3.7799999713897705,3.630000114440918,3.7249999046325684,63254,0.0,0.0
2024-05-28 10:30:00-04:00,3.7249999046325684,3.7249999046325684,3.6700000762939453,3.674999952316284,23842,0.0,0.0
2024-05-28 11:30:00-04:00,3.674999952316284,3.700000047683716,3.6649999618530273,3.694999933242798,10239,0.0,0.0
2024-05-28 12:30:00-04:00,3.694999933242798,3.7249999046325684,3.6700000762939453,3.694999933242798,25496,0.0,0.0
2024-05-28 13:30:00-04:00,3.694999933242798,3.694999933242798,3.5999999046325684,3.6050000190734863,58658,0.0,0.0
2024-05-28 14:30:00-04:00,3.6050000190734863,3.609999895095825,3.5850000381469727,3.5850000381469727,35043,0.0,0.0
2024-05-28 15:30:00-04:00,3.5899999141693115,3.5999999046325684,3.5850000381469727,3.5950000286102295,27309,0.0,0.0
2024-05-29 09:30:00-04:00,3.549999952316284,3.640000104904175,3.549999952316284,3.640000104904175,21299,0.0,0.0
2024-05-29 10:30:00-04:00,3.640000104904175,3.640000104904175,3.5850000381469727,3.5899999141693115,14870,0.0,0.0
2024-05-29 11:30:00-04:00,3.5899999141693115,3.609999895095825,3.575000047683716,3.609999895095825,14425,0.0,0.0
2024-05-29 12:30:00-04:00,3.5999999046325684,3.6401000022888184,3.5999999046325684,3.634999990463257,12811,0.0,0.0
2024-05-29 13:30:00-04:00,3.634999990463257,3.634999990463257,3.5999999046325684,3.5999999046325684,15733,0.0,0.0
2024-05-29 14:30:00-04:00,3.5950000286102295,3.6050000190734863,3.440000057220459,3.549999952316284,186361,0.0,0.0
2024-05-29 15:30:00-04:00,3.5420000553131104,3.5899999141693115,3.5350000858306885,3.5799999237060547,111244,0.0,0.0
2024-05-30 09:30:00-04:00,3.0999999046325684,3.380000114440918,3.0100998878479004,3.240000009536743,334860,0.0,0.0
2024-05-30 10:30:00-04:00,3.2028000354766846,3.3399999141693115,3.2028000354766846,3.259999990463257,60069,0.0,0.0
2024-05-30 11:30:00-04:00,3.265000104904175,3.2699999809265137,3.2249999046325684,3.244999885559082,39028,0.0,0.0
2024-05-30 12:30:00-04:00,3.244999885559082,3.309999942779541,3.244999885559082,3.305000066757202,39578,0.0,0.0
2024-05-30 13:30:00-04:00,3.309999942779541,3.3299999237060547,3.309999942779541,3.325000047683716,15402,0.0,0.0
2024-05-30 14:30:00-04:00,3.325000047683716,3.325000047683716,3.265000104904175,3.2850000858306885,104064,0.0,0.0
2024-05-30 15:30:00-04:00,3.2850000858306885,3.299999952316284,3.2799999713897705,3.2950000762939453,88391,0.0,0.0
2024-05-31 09:30:00-04:00,3.25,3.5,3.25,3.305000066757202,41670,0.0,0.0
2024-05-31 10:30:00-04:00,3.305000066757202,3.3350000381469727,3.2850000858306885,3.3350000381469727,18872,0.0,0.0
2024-05-31 11:30:00-04:00,3.3299999237060547,3.3299999237060547,3.2950000762939453,3.2950000762939453,16035,0.0,0.0
2024-05-31 12:30:00-04:00,3.2950000762939453,3.3450000286102295,3.2950000762939453,3.3450000286102295,10401,0.0,0.0
2024-05-31 13:30:00-04:00,3.3450000286102295,3.359999895095825,3.315000057220459,3.3299999237060547,13965,0.0,0.0
2024-05-31 14:30:00-04:00,3.3350000381469727,3.365000009536743,3.3350000381469727,3.3550000190734863,23758,0.0,0.0
2024-05-31 15:30:00-04:00,3.3550000190734863,3.5799999237060547,3.3550000190734863,3.5799999237060547,105197,0.0,0.0
2024-06-03 09:30:00-04:00,3.609999895095825,3.619999885559082,3.509999990463257,3.5950000286102295,0,0.0,0.0
2024-06-03 10:30:00-04:00,3.5950000286102295,3.625,3.5924999713897705,3.5999999046325684,16785,0.0,0.0
2024-06-03 11:30:00-04:00,3.5999999046325684,3.615000009536743,3.5799999237060547,3.5950000286102295,36796,0.0,0.0
2024-06-03 12:30:00-04:00,3.5950000286102295,3.609999895095825,3.590100049972534,3.5950000286102295,51567,0.0,0.0
2024-06-03 13:30:00-04:00,3.5950000286102295,3.5999999046325684,3.5899999141693115,3.5999999046325684,90270,0.0,0.0
2024-06-03 14:30:00-04:00,3.5950000286102295,3.630000114440918,3.5899999141693115,3.5950000286102295,75865,0.0,0.0
2024-06-03 15:30:00-04:00,3.5950000286102295,3.630000114440918,3.5799999237060547,3.619999885559082,99392,0.0,0.0
2024-06-04 09:30:00-04:00,3.5999999046325684,3.7200000286102295,3.494999885559082,3.6500000953674316,64167,0.0,0.0
2024-06-04 10:30:00-04:00,3.640000104904175,3.640000104904175,3.5950000286102295,3.5999999046325684,9378,0.0,0.0
2024-06-04 11:30:00-04:00,3.5999999046325684,3.619999885559082,3.5950000286102295,3.615000009536743,17773,0.0,0.0
2024-06-04 12:30:00-04:00,3.615000009536743,3.634999990463257,3.5999999046325684,3.6050000190734863,17919,0.0,0.0
2024-06-04 13:30:00-04:00,3.6050000190734863,3.615000009536743,3.5950000286102295,3.609999895095825,13531,0.0,0.0
2024-06-04 14:30:00-04:00,3.609999895095825,3.6549999713897705,3.609999895095825,3.6549999713897705,41194,0.0,0.0
2024-06-04 15:30:00-04:00,3.6549999713897705,3.674999952316284,3.640000104904175,3.6700000762939453,66169,0.0,0.0
2024-06-05 09:30:00-04:00,3.680000066757202,3.680000066757202,3.5399999618530273,3.5399999618530273,16137,0.0,0.0
2024-06-05 10:30:00-04:00,3.5350000858306885,3.575000047683716,3.5250000953674316,3.575000047683716,18492,0.0,0.0
2024-06-05 11:30:00-04:00,3.569999933242798,3.575000047683716,3.5450000762939453,3.555000066757202,7980,0.0,0.0
2024-06-05 12:30:00-04:00,3.555000066757202,3.634999990463257,3.555000066757202,3.634999990463257,16946,0.0,0.0
2024-06-05 13:30:00-04:00,3.630000114440918,3.6449999809265137,3.615000009536743,3.6449999809265137,17669,0.0,0.0
2024-06-05 14:30:00-04:00,3.6449999809265137,3.6549999713897705,3.609999895095825,3.6449999809265137,23679,0.0,0.0
2024-06-05 15:30:00-04:00,3.6449999809265137,3.690000057220459,3.6449999809265137,3.674999952316284,49744,0.0,0.0
2024-06-06 09:30:00-04:00,3.609999895095825,3.639899969100952,3.5950000286102295,3.634999990463257,0,0.0,0.0
2024-06-06 10:30:00-04:00,3.630000114440918,3.6549999713897705,3.630000114440918,3.6301000118255615,6979,0.0,0.0
2024-06-06 11:30:00-04:00,3.630000114440918,3.634999990463257,3.609999895095825,3.630000114440918,38670,0.0,0.0
2024-06-06 12:30:00-04:00,3.630000114440918,3.641700029373169,3.6226000785827637,3.641700029373169,22290,0.0,0.0
2024-06-06 13:30:00-04:00,3.6449999809265137,3.6449999809265137,3.5999999046325684,3.625,31731,0.0,0.0
2024-06-06 14:30:00-04:00,3.625,3.6449999809265137,3.625,3.634999990463257,34065,0.0,0.0
2024-06-06 15:30:00-04:00,3.634999990463257,3.640000104904175,3.619999885559082,3.634999990463257,52169,0.0,0.0
2024-06-07 09:30:00-04:00,3.5999999046325684,3.630000114440918,3.555000066757202,3.6050000190734863,80179,0.0,0.0
2024-06-07 10:30:00-04:00,3.5999999046325684,3.6050000190734863,3.569999933242798,3.569999933242798,9856,0.0,0.0
2024-06-07 11:30:00-04:00,3.569999933242798,3.5899999141693115,3.569999933242798,3.5799999237060547,13474,0.0,0.0
2024-06-07 12:30:00-04:00,3.5850000381469727,3.5850000381469727,3.575000047683716,3.5850000381469727,10263,0.0,0.0
2024-06-07 13:30:00-04:00,3.5850000381469727,3.6050000190734863,3.569999933242798,3.5899999141693115,33157,0.0,0.0
2024-06-07 14:30:00-04:00,3.5899999141693115,3.5950000286102295,3.5799999237060547,3.5899999141693115,20576,0.0,0.0
2024-06-07 15:30:00-04:00,3.5899999141693115,3.680000066757202,3.5799999237060547,3.640000104904175,118518,0.0,0.0
2024-06-10 09:30:00-04:00,3.5799999237060547,3.609999895095825,3.5299999713897705,3.569999933242798,21080,0.0,0.0
2024-06-10 10:30:00-04:00,3.569999933242798,3.5799999237060547,3.565000057220459,3.569999933242798,19606,0.0,0.0
2024-06-10 11:30:00-04:00,3.569999933242798,3.575000047683716,3.565000057220459,3.569999933242798,10714,0.0,0.0
2024-06-10 12:30:00-04:00,3.569999933242798,3.5850000381469727,3.559999942779541,3.5850000381469727,16508,0.0,0.0
2024-06-10 13:30:00-04:00,3.5850000381469727,3.5999999046325684,3.565000057220459,3.5799999237060547,16256,0.0,0.0
2024-06-10 14:30:00-04:00,3.5799999237060547,3.5799999237060547,3.569999933242798,3.575000047683716,14121,0.0,0.0
2024-06-10 15:30:00-04:00,3.5799999237060547,3.619999885559082,3.5799999237060547,3.5999999046325684,46726,0.0,0.0
2024-06-11 09:30:00-04:00,3.559999942779541,3.559999942779541,3.5199999809265137,3.5199999809265137,7951,0.0,0.0
2024-06-11 10:30:00-04:00,3.5250000953674316,3.5299999713897705,3.4600000381469727,3.509999990463257,14863,0.0,0.0
2024-06-11 11:30:00-04:00,3.509999990463257,3.5899999141693115,3.5,3.5399999618530273,24581,0.0,0.0
2024-06-11 12:30:00-04:00,3.555000066757202,3.575000047683716,3.5199999809265137,3.5250000953674316,13933,0.0,0.0
2024-06-11 13:30:00-04:00,3.5250000953674316,3.5350000858306885,3.494999885559082,3.505000114440918,14556,0.0,0.0
2024-06-11 14:30:00-04:00,3.509999990463257,3.5999999046325684,3.509999990463257,3.5799999237060547,53934,0.0,0.0
2024-06-11 15:30:00-04:00,3.5799999237060547,3.619999885559082,3.5799999237060547,3.5999999046325684,36532,0.0,0.0
2024-06-12 09:30:00-04:00,3.609999895095825,3.805000066757202,3.609999895095825,3.630000114440918,138063,0.0,0.0
2024-06-12 10:30:00-04:00,3.625,3.6500000953674316,3.609999895095825,3.609999895095825,12040,0.0,0.0
2024-06-12 11:30:00-04:00,3.5899999141693115,3.6098999977111816,3.5450000762939453,3.569999933242798,34777,0.0,0.0
2024-06-12 12:30:00-04:00,3.559999942779541,3.559999942779541,3.5350000858306885,3.5450000762939453,5763,0.0,0.0
2024-06-12 13:30:00-04:00,3.5450000762939453,3.6500000953674316,3.5399999618530273,3.5799999237060547,43993,0.0,0.0
2024-06-12 14:30:00-04:00,3.569999933242798,3.615000009536743,3.549999952316284,3.615000009536743,26932,0.0,0.0
2024-06-12 15:30:00-04:00,3.615000009536743,3.6549999713897705,3.575000047683716,3.615000009536743,137118,0.0,0.0
2024-06-13 09:30:00-04:00,3.569999933242798,3.640000104904175,3.505000114440918,3.5850000381469727,39504,0.0,0.0
2024-06-13 10:30:00-04:00,3.5850000381469727,3.5999999046325684,3.5399999618530273,3.5450000762939453,20020,0.0,0.0
2024-06-13 11:30:00-04:00,3.5450000762939453,3.5999999046325684,3.5350000858306885,3.569999933242798,47431,0.0,0.0
2024-06-13 12:30:00-04:00,3.5799999237060547,3.6050000190734863,3.5799999237060547,3.5899999141693115,10596,0.0,0.0
2024-06-13 13:30:00-04:00,3.5899999141693115,3.5999999046325684,3.569999933242798,3.5824999809265137,14684,0.0,0.0
2024-06-13 14:30:00-04:00,3.5850000381469727,3.5999999046325684,3.559999942779541,3.5950000286102295,21992,0.0,0.0
2024-06-13 15:30:00-04:00,3.5950000286102295,3.630000114440918,3.5899999141693115,3.612499952316284,40899,0.0,0.0
2024-06-14 09:30:00-04:00,3.559999942779541,3.5899999141693115,3.5199999809265137,3.5299999713897705,11149,0.0,0.0
2024-06-14 10:30:00-04:00,3.5299999713897705,3.674999952316284,3.509999990463257,3.6500000953674316,31847,0.0,0.0
2024-06-14 11:30:00-04:00,3.640000104904175,3.640000104904175,3.5999999046325684,3.6050000190734863,63132,0.0,0.0
2024-06-14 12:30:00-04:00,3.5999999046325684,3.6050000190734863,3.549999952316284,3.572499990463257,48386,0.0,0.0
2024-06-14 13:30:00-04:00,3.575000047683716,3.609999895095825,3.569999933242798,3.5850000381469727,32883,0.0,0.0
2024-06-14 14:30:00-04:00,3.575000047683716,3.5999999046325684,3.569999933242798,3.5999999046325684,22139,0.0,0.0
2024-06-14 15:30:00-04:00,3.5999999046325684,3.5999999046325684,3.5299999713897705,3.549999952316284,74954,0.0,0.0
2024-06-17 09:30:00-04:00,3.549999952316284,3.549999952316284,3.505000114440918,3.515000104904175,9827,0.0,0.0
2024-06-17 10:30:00-04:00,3.484999895095825,3.515000104904175,3.444999933242798,3.5,16902,0.0,0.0
2024-06-17 11:30:00-04:00,3.509999990463257,3.5199999809265137,3.4700000286102295,3.505000114440918,10536,0.0,0.0
2024-06-17 12:30:00-04:00,3.505000114440918,3.5350000858306885,3.505000114440918,3.5250000953674316,10538,0.0,0.0
2024-06-17 13:30:00-04:00,3.5299999713897705,3.5450000762939453,3.505000114440918,3.5250000953674316,23616,0.0,0.0
2024-06-17 14:30:00-04:00,3.5299999713897705,3.5299999713897705,3.515000104904175,3.5299999713897705,16911,0.0,0.0
2024-06-17 15:30:00-04:00,3.5399999618530273,3.640000104904175,3.515000104904175,3.630000114440918,92059,0.0,0.0
2024-06-18 09:30:00-04:00,3.609999895095825,3.619999885559082,3.5250000953674316,3.549999952316284,43375,0.0,0.0
2024-06-18 10:30:00-04:00,3.549999952316284,3.549999952316284,3.5350000858306885,3.5399999618530273,3787,0.0,0.0
2024-06-18 11:30:00-04:00,3.5450000762939453,3.5450000762939453,3.5,3.515000104904175,8690,0.0,0.0
2024-06-18 12:30:00-04:00,3.5199999809265137,3.5199999809265137,3.4700000286102295,3.4700000286102295,7540,0.0,0.0
2024-06-18 13:30:00-04:00,3.4749999046325684,3.494999885559082,3.4700000286102295,3.4749999046325684,9219,0.0,0.0
2024-06-18 14:30:00-04:00,3.4700000286102295,3.549999952316284,3.430000066757202,3.549999952316284,73422,0.0,0.0
2024-06-18 15:30:00-04:00,3.549999952316284,3.609999895095825,3.5250000953674316,3.5899999141693115,147011,0.0,0.0
2024-06-20 09:30:00-04:00,3.5399999618530273,3.6500000953674316,3.509999990463257,3.615000009536743,122819,0.0,0.0
2024-06-20 10:30:00-04:00,3.615000009536743,3.615000009536743,3.555000066757202,3.555000066757202,8342,0.0,0.0
2024-06-20 11:30:00-04:00,3.549999952316284,3.5950000286102295,3.5450000762939453,3.569999933242798,16342,0.0,0.0
2024-06-20 12:30:00-04:00,3.559999942779541,3.559999942779541,3.5250000953674316,3.5250000953674316,15832,0.0,0.0
2024-06-20 13:30:00-04:00,3.5250000953674316,3.5250000953674316,3.484999895095825,3.490000009536743,23497,0.0,0.0
2024-06-20 14:30:00-04:00,3.490000009536743,3.5,3.450000047683716,3.4600000381469727,29453,0.0,0.0
2024-06-20 15:30:00-04:00,3.4549999237060547,3.559999942779541,3.4549999237060547,3.509999990463257,147221,0.0,0.0
2024-06-21 09:30:00-04:00,3.5299999713897705,3.5899999141693115,3.5299999713897705,3.5850000381469727,97161,0.0,0.0
2024-06-21 10:30:00-04:00,3.5899999141693115,3.5999999046325684,3.5850000381469727,3.5999999046325684,12990,0.0,0.0
2024-06-21 11:30:00-04:00,3.5999999046325684,3.630000114440918,3.5950000286102295,3.630000114440918,12635,0.0,0.0
2024-06-21 12:30:00-04:00,3.630000114440918,3.640000104904175,3.619999885559082,3.634999990463257,11718,0.0,0.0
2024-06-21 13:30:00-04:00,3.640000104904175,3.6600000858306885,3.5899999141693115,3.5999999046325684,50837,0.0,0.0
2024-06-21 14:30:00-04:00,3.5999999046325684,3.5999999046325684,3.565000057220459,3.569999933242798,19498,0.0,0.0
2024-06-21 15:30:00-04:00,3.569999933242798,3.5799999237060547,3.515000104904175,3.559999942779541,66229,0.0,0.0
2024-06-24 09:30:00-04:00,3.569999933242798,3.5799999237060547,3.5199999809265137,3.5199999809265137,12920,0.0,0.0
2024-06-24 10:30:00-04:00,3.5199999809265137,3.5350000858306885,3.490000009536743,3.5,18901,0.0,0.0
2024-06-24 11:30:00-04:00,3.490000009536743,3.5799999237060547,3.4749999046325684,3.5450000762939453,25949,0.0,0.0
2024-06-24 12:30:00-04:00,3.5450000762939453,3.565000057220459,3.509999990463257,3.5399999618530273,29495,0.0,0.0
2024-06-24 13:30:00-04:00,3.5399999618530273,3.555000066757202,3.5299999713897705,3.555000066757202,12313,0.0,0.0
2024-06-24 14:30:00-04:00,3.555000066757202,3.5799999237060547,3.5450000762939453,3.5450000762939453,17299,0.0,0.0
2024-06-24 15:30:00-04:00,3.549999952316284,3.630000114440918,3.549999952316284,3.619999885559082,109702,0.0,0.0
2024-06-25 09:30:00-04:00,3.619999885559082,3.700000047683716,3.5845000743865967,3.609999895095825,43205,0.0,0.0
2024-06-25 10:30:00-04:00,3.609999895095825,3.609999895095825,3.5510001182556152,3.5510001182556152,7009,0.0,0.0
2024-06-25 11:30:00-04:00,3.549999952316284,3.549999952316284,3.5,3.5,8856,0.0,0.0
2024-06-25 12:30:00-04:00,3.500999927520752,3.505000114440918,3.494999885559082,3.505000114440918,14050,0.0,0.0
2024-06-25 13:30:00-04:00,3.5,3.505000114440918,3.490000009536743,3.494999885559082,10944,0.0,0.0
2024-06-25 14:30:00-04:00,3.494999885559082,3.555000066757202,3.4649999141693115,3.555000066757202,42521,0.0,0.0
2024-06-25 15:30:00-04:00,3.549999952316284,3.5999999046325684,3.5199999809265137,3.5799999237060547,222881,0.0,0.0
2024-06-26 09:30:00-04:00,3.559999942779541,3.5999999046325684,3.5350000858306885,3.5999999046325684,34234,0.0,0.0
2024-06-26 10:30:00-04:00,3.5950000286102295,3.5999999046325684,3.5508999824523926,3.575000047683716,42180,0.0,0.0
2024-06-26 11:30:00-04:00,3.575000047683716,3.5899999141693115,3.559999942779541,3.565000057220459,40242,0.0,0.0
2024-06-26 12:30:00-04:00,3.565000057220459,3.6600000858306885,3.5399999618530273,3.609999895095825,81670,0.0,0.0
2024-06-26 13:30:00-04:00,3.609999895095825,3.615000009536743,3.5950000286102295,3.5950000286102295,41168,0.0,0.0
2024-06-26 14:30:00-04:00,3.5950000286102295,3.5999999046325684,3.559999942779541,3.565000057220459,57465,0.0,0.0
2024-06-26 15:30:00-04:00,3.565000057220459,3.5799999237060547,3.5399999618530273,3.559999942779541,144860,0.0,0.0
2024-06-27 09:30:00-04:00,3.6600000858306885,3.7200000286102295,3.559999942779541,3.619999885559082,154761,0.0,0.0
2024-06-27 10:30:00-04:00,3.615000009536743,3.625,3.5799999237060547,3.5799999237060547,56341,0.0,0.0
2024-06-27 11:30:00-04:00,3.575000047683716,3.5999999046325684,3.549999952316284,3.549999952316284,43158,0.0,0.0
2024-06-27 12:30:00-04:00,3.5399999618530273,3.555000066757202,3.5399999618530273,3.549999952316284,22015,0.0,0.0
2024-06-27 13:30:00-04:00,3.549999952316284,3.555000066757202,3.5325000286102295,3.549999952316284,18114,0.0,0.0
2024-06-27 14:30:00-04:00,3.549999952316284,3.559999942779541,3.5399999618530273,3.5425000190734863,17976,0.0,0.0
2024-06-27 15:30:00-04:00,3.5450000762939453,3.559999942779541,3.4600000381469727,3.549999952316284,126165,0.0,0.0
2024-06-28 09:30:00-04:00,3.569999933242798,3.58489990234375,3.5100998878479004,3.565000057220459,14003,0.0,0.0
2024-06-28 10:30:00-04:00,3.569999933242798,3.5799999237060547,3.5199999809265137,3.5199999809265137,10097,0.0,0.0
2024-06-28 11:30:00-04:00,3.509999990463257,3.5250000953674316,3.5,3.5199999809265137,6644,0.0,0.0
2024-06-28 12:30:00-04:00,3.5199999809265137,3.5350000858306885,3.505000114440918,3.505000114440918,11744,0.0,0.0
2024-06-28 13:30:00-04:00,3.5,3.5199999809265137,3.5,3.5199999809265137,7360,0.0,0.0
2024-06-28 14:30:00-04:00,3.515000104904175,3.680000066757202,3.509999990463257,3.5999999046325684,92194,0.0,0.0
2024-06-28 15:30:00-04:00,3.5999999046325684,3.6700000762939453,3.5999999046325684,3.619999885559082,119530,0.0,0.0
2024-07-01 09:30:00-04:00,3.630000114440918,3.630000114440918,3.555000066757202,3.555000066757202,12320,0.0,0.0
2024-07-01 10:30:00-04:00,3.555000066757202,3.619999885559082,3.5450000762939453,3.565000057220459,35318,0.0,0.0
2024-07-01 11:30:00-04:00,3.565000057220459,3.5799999237060547,3.555000066757202,3.5799999237060547,12727,0.0,0.0
2024-07-01 12:30:00-04:00,3.569999933242798,3.569999933242798,3.549999952316284,3.565000057220459,7740,0.0,0.0
2024-07-01 13:30:00-04:00,3.565000057220459,3.569999933242798,3.555000066757202,3.559999942779541,8958,0.0,0.0
2024-07-01 14:30:00-04:00,3.555000066757202,3.575000047683716,3.5450000762939453,3.569000005722046,15431,0.0,0.0
2024-07-01 15:30:00-04:00,3.569999933242798,3.609999895095825,3.559999942779541,3.5950000286102295,59011,0.0,0.0
2024-07-02 09:30:00-04:00,3.5999999046325684,3.630000114440918,3.5899999141693115,3.5899999141693115,4931,0.0,0.0
2024-07-02 10:30:00-04:00,3.5899999141693115,3.5899999141693115,3.5850000381469727,3.5850000381469727,1914,0.0,0.0
2024-07-02 11:30:00-04:00,3.5899999141693115,3.5950000286102295,3.5899999141693115,3.5899999141693115,2529,0.0,0.0
2024-07-02 12:30:00-04:00,3.5799999237060547,3.5799999237060547,3.5450000762939453,3.549999952316284,7591,0.0,0.0
2024-07-02 13:30:00-04:00,3.559999942779541,3.5799999237060547,3.555000066757202,3.555000066757202,7705,0.0,0.0
2024-07-02 14:30:00-04:00,3.555000066757202,3.559999942779541,3.5399999618530273,3.555000066757202,10480,0.0,0.0
2024-07-02 15:30:00-04:00,3.555000066757202,3.559999942779541,3.5399999618530273,3.5450000762939453,24737,0.0,0.0
2024-07-03 09:30:00-04:00,3.559999942779541,3.559999942779541,3.494999885559082,3.515000104904175,10619,0.0,0.0
2024-07-03 10:30:00-04:00,3.515000104904175,3.515000104904175,3.4700000286102295,3.4700000286102295,12435,0.0,0.0
2024-07-03 11:30:00-04:00,3.4700000286102295,3.555000066757202,3.4600000381469727,3.5250000953674316,45732,0.0,0.0
2024-07-05 09:30:00-04:00,3.490000009536743,3.490000009536743,3.4049999713897705,3.4149999618530273,0,0.0,0.0
2024-07-05 10:30:00-04:00,3.4149999618530273,3.424999952316284,3.384999990463257,3.390000104904175,16386,0.0,0.0
2024-07-05 11:30:00-04:00,3.384999990463257,3.3949999809265137,3.3399999141693115,3.3399999141693115,23576,0.0,0.0
2024-07-05 12:30:00-04:00,3.3399999141693115,3.3450000286102295,3.319999933242798,3.319999933242798,16802,0.0,0.0
2024-07-05 13:30:00-04:00,3.319999933242798,3.365000009536743,3.319999933242798,3.365000009536743,17253,0.0,0.0
2024-07-05 14:30:00-04:00,3.359999895095825,3.3949999809265137,3.3499999046325684,3.3949999809265137,29668,0.0,0.0
2024-07-05 15:30:00-04:00,3.4000000953674316,3.450000047683716,3.375,3.430000066757202,229756,0.0,0.0
2024-07-08 09:30:00-04:00,3.4600000381469727,3.490000009536743,3.434999942779541,3.434999942779541,22082,0.0,0.0
2024-07-08 10:30:00-04:00,3.434999942779541,3.440000057220459,3.4100000858306885,3.4100000858306885,9785,0.0,0.0
2024-07-08 11:30:00-04:00,3.3949999809265137,3.3949999809265137,3.3550000190734863,3.365000009536743,26793,0.0,0.0
2024-07-08 12:30:00-04:00,3.365000009536743,3.424999952316284,3.365000009536743,3.4049999713897705,14750,0.0,0.0
2024-07-08 13:30:00-04:00,3.4100000858306885,3.4100000858306885,3.384999990463257,3.4049999713897705,21484,0.0,0.0
2024-07-08 14:30:00-04:00,3.4100000858306885,3.4100000858306885,3.369999885559082,3.369999885559082,61824,0.0,0.0
2024-07-08 15:30:00-04:00,3.369999885559082,3.380000114440918,3.3299999237060547,3.3399999141693115,70488,0.0,0.0
2024-07-09 09:30:00-04:00,3.319999933242798,3.369999885559082,3.319999933242798,3.325000047683716,11677,0.0,0.0
2024-07-09 10:30:00-04:00,3.325000047683716,3.3299999237060547,3.2899999618530273,3.2899999618530273,6138,0.0,0.0
2024-07-09 11:30:00-04:00,3.2799999713897705,3.299999952316284,3.2799999713897705,3.299999952316284,2624,0.0,0.0
2024-07-09 12:30:00-04:00,3.299999952316284,3.319999933242798,3.299999952316284,3.319999933242798,2797,0.0,0.0
2024-07-09 13:30:00-04:00,3.315000057220459,3.315000057220459,3.2799999713897705,3.2799999713897705,4410,0.0,0.0
2024-07-09 14:30:00-04:00,3.2699999809265137,3.2699999809265137,3.25,3.265000104904175,6056,0.0,0.0
2024-07-09 15:30:00-04:00,3.265000104904175,3.3499999046325684,3.259999990463257,3.3499999046325684,69847,0.0,0.0
2024-07-10 09:30:00-04:00,3.3399999141693115,3.430000066757202,3.319999933242798,3.319999933242798,2765,0.0,0.0
2024-07-10 10:30:00-04:00,3.309000015258789,3.3299999237060547,3.309000015258789,3.3299999237060547,2696,0.0,0.0
2024-07-10 11:30:00-04:00,3.3299999237060547,3.3299999237060547,3.319999933242798,3.319999933242798,2319,0.0,0.0
2024-07-10 12:30:00-04:00,3.309999942779541,3.309999942779541,3.2899999618530273,3.299799919128418,4434,0.0,0.0
2024-07-10 13:30:00-04:00,3.299999952316284,3.308000087738037,3.2899999618530273,3.2899999618530273,4568,0.0,0.0
2024-07-10 14:30:00-04:00,3.2899999618530273,3.359999895095825,3.2799999713897705,3.3550000190734863,22646,0.0,0.0
2024-07-10 15:30:00-04:00,3.359999895095825,3.4049999713897705,3.359999895095825,3.3949999809265137,51368,0.0,0.0
2024-07-11 09:30:00-04:00,3.440000057220459,3.569999933242798,3.440000057220459,3.569999933242798,16345,0.0,0.0
2024-07-11 10:30:00-04:00,3.565000057220459,3.5999999046325684,3.490000009536743,3.5,50131,0.0,0.0
2024-07-11 11:30:00-04:00,3.5,3.5199999809265137,3.4679999351501465,3.4679999351501465,39814,0.0,0.0
2024-07-11 12:30:00-04:00,3.4700000286102295,3.5,3.4700000286102295,3.4800000190734863,9733,0.0,0.0
2024-07-11 13:30:00-04:00,3.4700000286102295,3.4700000286102295,3.4600000381469727,3.4700000286102295,4492,0.0,0.0
2024-07-11 14:30:00-04:00,3.4679999351501465,3.5,3.4679999351501465,3.5,45747,0.0,0.0
2024-07-11 15:30:00-04:00,3.5,3.5,3.4800000190734863,3.490000009536743,47080,0.0,0.0
2024-07-12 09:30:00-04:00,3.549999952316284,3.5999999046325684,3.5,3.5999999046325684,33652,0.0,0.0
2024-07-12 10:30:00-04:00,3.5940001010894775,3.5940001010894775,3.559999942779541,3.559999942779541,8020,0.0,0.0
2024-07-12 11:30:00-04:00,3.549999952316284,3.549999952316284,3.5299999713897705,3.5299999713897705,2215,0.0,0.0
2024-07-12 12:30:00-04:00,3.5199999809265137,3.555000066757202,3.512200117111206,3.555000066757202,6376,0.0,0.0
2024-07-12 13:30:00-04:00,3.555000066757202,3.555000066757202,3.5480000972747803,3.549999952316284,8166,0.0,0.0
2024-07-12 14:30:00-04:00,3.5399999618530273,3.555000066757202,3.5399999618530273,3.555000066757202,7335,0.0,0.0
2024-07-12 15:30:00-04:00,3.549999952316284,3.609999895095825,3.509999990463257,3.5299999713897705,62780,0.0,0.0
2024-07-15 09:30:00-04:00,3.5799999237060547,3.5799999237060547,3.5199999809265137,3.559999942779541,12830,0.0,0.0
2024-07-15 10:30:00-04:00,3.553999900817871,3.619999885559082,3.5399999618530273,3.619999885559082,69629,0.0,0.0
2024-07-15 11:30:00-04:00,3.609999895095825,3.640000104904175,3.609999895095825,3.619999885559082,23729,0.0,0.0
2024-07-15 12:30:00-04:00,3.609999895095825,3.609999895095825,3.5889999866485596,3.5899999141693115,4628,0.0,0.0
2024-07-15 13:30:00-04:00,3.5799999237060547,3.619999885559082,3.5799999237060547,3.615000009536743,6980,0.0,0.0
2024-07-15 14:30:00-04:00,3.5999999046325684,3.630000114440918,3.5899999141693115,3.625,13347,0.0,0.0
2024-07-15 15:30:00-04:00,3.630000114440918,3.640000104904175,3.5999999046325684,3.609999895095825,24691,0.0,0.0
2024-07-16 09:30:00-04:00,3.6700000762939453,3.7699999809265137,3.6500000953674316,3.759999990463257,47593,0.0,0.0
2024-07-16 10:30:00-04:00,3.75,3.75,3.7300000190734863,3.7300000190734863,25588,0.0,0.0
2024-07-16 11:30:00-04:00,3.7300000190734863,3.759999990463257,3.7200000286102295,3.7200000286102295,32806,0.0,0.0
2024-07-16 12:30:00-04:00,3.7300000190734863,3.7300000190734863,3.700000047683716,3.700000047683716,23910,0.0,0.0
2024-07-16 13:30:00-04:00,3.7100000381469727,3.75,3.680000066757202,3.690000057220459,65415,0.0,0.0
2024-07-16 14:30:00-04:00,3.7100000381469727,3.75,3.690000057220459,3.75,16321,0.0,0.0
2024-07-16 15:30:00-04:00,3.755000114440918,3.7799999713897705,3.740000009536743,3.7699999809265137,47302,0.0,0.0
2024-07-17 09:30:00-04:00,3.759999990463257,3.819999933242798,3.759999990463257,3.7699999809265137,55649,0.0,0.0
2024-07-17 10:30:00-04:00,3.755000114440918,3.755000114440918,3.7300000190734863,3.740000009536743,45952,0.0,0.0
2024-07-17 11:30:00-04:00,3.729300022125244,3.747999906539917,3.697999954223633,3.7100000381469727,59465,0.0,0.0
2024-07-17 12:30:00-04:00,3.7100000381469727,3.7100000381469727,3.6700000762939453,3.700000047683716,27916,0.0,0.0
2024-07-17 13:30:00-04:00,3.6989998817443848,3.7799999713897705,3.6989998817443848,3.7799999713897705,11736,0.0,0.0
2024-07-17 14:30:00-04:00,3.7799999713897705,3.8299999237060547,3.7699999809265137,3.819999933242798,19430,0.0,0.0
2024-07-17 15:30:00-04:00,3.8299999237060547,3.8299999237060547,3.7899999618530273,3.7899999618530273,26394,0.0,0.0
2024-07-18 09:30:00-04:00,3.759999990463257,3.7950000762939453,3.740000009536743,3.740000009536743,52496,0.0,0.0
2024-07-18 10:30:00-04:00,3.7300000190734863,3.7300000190734863,3.6649999618530273,3.690000057220459,53280,0.0,0.0
2024-07-18 11:30:00-04:00,3.680000066757202,3.690000057220459,3.6500000953674316,3.6500000953674316,14024,0.0,0.0
2024-07-18 12:30:00-04:00,3.6449999809265137,3.649399995803833,3.625,3.625,8066,0.0,0.0
2024-07-18 13:30:00-04:00,3.625,3.6500000953674316,3.625,3.630000114440918,7064,0.0,0.0
2024-07-18 14:30:00-04:00,3.619999885559082,3.640000104904175,3.5999999046325684,3.615000009536743,9943,0.0,0.0
2024-07-18 15:30:00-04:00,3.619999885559082,3.6500000953674316,3.5899999141693115,3.640000104904175,76874,0.0,0.0
2024-07-19 09:30:00-04:00,3.630000114440918,3.75,3.619999885559082,3.700000047683716,91042,0.0,0.0
2024-07-19 10:30:00-04:00,3.7100000381469727,3.7100000381469727,3.630000114440918,3.634999990463257,8063,0.0,0.0
2024-07-19 11:30:00-04:00,3.630000114440918,3.6600000858306885,3.630000114440918,3.640000104904175,4702,0.0,0.0
2024-07-19 12:30:00-04:00,3.6500000953674316,3.6649999618530273,3.6303999423980713,3.640000104904175,5985,0.0,0.0
2024-07-19 13:30:00-04:00,3.640000104904175,3.6500000953674316,3.630000114440918,3.640000104904175,6840,0.0,0.0
2024-07-19 14:30:00-04:00,3.6449999809265137,3.680000066757202,3.640000104904175,3.680000066757202,9194,0.0,0.0
2024-07-19 15:30:00-04:00,3.6700000762939453,3.700000047683716,3.6500000953674316,3.680000066757202,54171,0.0,0.0
2024-07-22 09:30:00-04:00,3.6500000953674316,3.7100000381469727,3.5399999618530273,3.575000047683716,13277,0.0,0.0
2024-07-22 10:30:00-04:00,3.5810000896453857,3.609999895095825,3.5810000896453857,3.5999999046325684,4472,0.0,0.0
2024-07-22 11:30:00-04:00,3.5899999141693115,3.621000051498413,3.5899999141693115,3.615000009536743,11076,0.0,0.0
2024-07-22 12:30:00-04:00,3.619999885559082,3.640000104904175,3.609999895095825,3.63070011138916,7152,0.0,0.0
2024-07-22 13:30:00-04:00,3.630000114440918,3.634999990463257,3.619999885559082,3.630000114440918,7462,0.0,0.0
2024-07-22 14:30:00-04:00,3.630000114440918,3.6600000858306885,3.619999885559082,3.6600000858306885,19711,0.0,0.0
2024-07-22 15:30:00-04:00,3.6600000858306885,3.674999952316284,3.630000114440918,3.640000104904175,29201,0.0,0.0
2024-07-23 09:30:00-04:00,3.630000114440918,3.680000066757202,3.630000114440918,3.6700000762939453,3556,0.0,0.0
2024-07-23 10:30:00-04:00,3.6689999103546143,3.680000066757202,3.640000104904175,3.6600000858306885,4017,0.0,0.0
2024-07-23 11:30:00-04:00,3.6600000858306885,3.6700000762939453,3.6600000858306885,3.6600000858306885,6299,0.0,0.0
2024-07-23 12:30:00-04:00,3.6589999198913574,3.6700000762939453,3.6500000953674316,3.6600000858306885,35871,0.0,0.0
2024-07-23 13:30:00-04:00,3.6600000858306885,3.7200000286102295,3.6600000858306885,3.7100000381469727,8716,0.0,0.0
2024-07-23 14:30:00-04:00,3.7200000286102295,3.740000009536743,3.694999933242798,3.7049999237060547,40597,0.0,0.0
2024-07-23 15:30:00-04:00,3.7049999237060547,3.7049999237060547,3.680000066757202,3.700000047683716,14343,0.0,0.0
2024-07-24 09:30:00-04:00,3.6600000858306885,3.690000057220459,3.5999999046325684,3.6600000858306885,10191,0.0,0.0
2024-07-24 10:30:00-04:00,3.6589999198913574,3.6600000858306885,3.619999885559082,3.640000104904175,7890,0.0,0.0
2024-07-24 11:30:00-04:00,3.6500000953674316,3.680000066757202,3.6500000953674316,3.6600000858306885,10033,0.0,0.0
2024-07-24 12:30:00-04:00,3.6549999713897705,3.6740000247955322,3.6500000953674316,3.6700000762939453,3654,0.0,0.0
2024-07-24 13:30:00-04:00,3.658799886703491,3.680000066757202,3.6449999809265137,3.6449999809265137,6421,0.0,0.0
2024-07-24 14:30:00-04:00,3.6500000953674316,3.6500000953674316,3.630000114440918,3.6500000953674316,7616,0.0,0.0
2024-07-24 15:30:00-04:00,3.640000104904175,3.640000104904175,3.5,3.5199999809265137,179687,0.0,0.0
2024-07-25 09:30:00-04:00,3.5399999618530273,3.5399999618530273,3.4100000858306885,3.4795000553131104,60815,0.0,0.0
2024-07-25 10:30:00-04:00,3.4700000286102295,3.5,3.430000066757202,3.5,17369,0.0,0.0
2024-07-25 11:30:00-04:00,3.490000009536743,3.5399999618530273,3.490000009536743,3.5399999618530273,13255,0.0,0.0
2024-07-25 12:30:00-04:00,3.5299999713897705,3.569999933242798,3.5299999713897705,3.569999933242798,7638,0.0,0.0
2024-07-25 13:30:00-04:00,3.5799999237060547,3.5899999141693115,3.579200029373169,3.5899999141693115,11284,0.0,0.0
2024-07-25 14:30:00-04:00,3.5899999141693115,3.5899999141693115,3.5299999713897705,3.569999933242798,35851,0.0,0.0
2024-07-25 15:30:00-04:00,3.569999933242798,3.5899999141693115,3.5599000453948975,3.559999942779541,20532,0.0,0.0
2024-07-26 09:30:00-04:00,3.630000114440918,3.680000066757202,3.5799999237060547,3.5799999237060547,12321,0.0,0.0
2024-07-26 10:30:00-04:00,3.5739998817443848,3.5799999237060547,3.5399999618530273,3.5399999618530273,7208,0.0,0.0
2024-07-26 11:30:00-04:00,3.5409998893737793,3.565000057220459,3.5399999618530273,3.555000066757202,9866,0.0,0.0
2024-07-26 12:30:00-04:00,3.549999952316284,3.555000066757202,3.5399999618530273,3.5399999618530273,9024,0.0,0.0
2024-07-26 13:30:00-04:00,3.5399999618530273,3.559999942779541,3.5350000858306885,3.559999942779541,10804,0.0,0.0
2024-07-26 14:30:00-04:00,3.569999933242798,3.569999933242798,3.5199999809265137,3.549999952316284,11781,0.0,0.0
2024-07-26 15:30:00-04:00,3.5399999618530273,3.569999933242798,3.5329999923706055,3.569999933242798,20986,0.0,0.0
2024-07-29 09:30:00-04:00,3.549999952316284,3.5950000286102295,3.549999952316284,3.5799999237060547,5892,0.0,0.0
2024-07-29 10:30:00-04:00,3.569999933242798,3.569999933242798,3.509999990463257,3.5299999713897705,3716,0.0,0.0
2024-07-29 11:30:00-04:00,3.5299999713897705,3.5299999713897705,3.5,3.5,6475,0.0,0.0
2024-07-29 12:30:00-04:00,3.5,3.5,3.4800000190734863,3.5,5983,0.0,0.0
2024-07-29 13:30:00-04:00,3.490000009536743,3.5,3.4800000190734863,3.490000009536743,10889,0.0,0.0
2024-07-29 14:30:00-04:00,3.4800000190734863,3.494999885559082,3.4700000286102295,3.494999885559082,11070,0.0,0.0
2024-07-29 15:30:00-04:00,3.494999885559082,3.494999885559082,3.4700000286102295,3.4800000190734863,15841,0.0,0.0
2024-07-30 09:30:00-04:00,3.5,3.505000114440918,3.4800000190734863,3.5,5880,0.0,0.0
2024-07-30 10:30:00-04:00,3.499000072479248,3.5299999713897705,3.499000072479248,3.5299999713897705,4423,0.0,0.0
2024-07-30 11:30:00-04:00,3.5199999809265137,3.5250000953674316,3.509999990463257,3.509999990463257,4896,0.0,0.0
2024-07-30 12:30:00-04:00,3.5285000801086426,3.5285000801086426,3.5,3.5,3084,0.0,0.0
2024-07-30 13:30:00-04:00,3.5,3.549999952316284,3.5,3.549999952316284,8038,0.0,0.0
2024-07-30 14:30:00-04:00,3.5299999713897705,3.5599000453948975,3.5299999713897705,3.5399999618530273,10477,0.0,0.0
2024-07-30 15:30:00-04:00,3.5439999103546143,3.5799999237060547,3.5439999103546143,3.559999942779541,14588,0.0,0.0
2024-07-31 09:30:00-04:00,3.5799999237060547,3.5899999141693115,3.4800000190734863,3.547600030899048,7665,0.0,0.0
2024-07-31 10:30:00-04:00,3.5450000762939453,3.569999933242798,3.3499999046325684,3.509999990463257,86978,0.0,0.0
2024-07-31 11:30:00-04:00,3.5199999809265137,3.7699999809265137,3.5199999809265137,3.7699999809265137,55209,0.0,0.0
2024-07-31 12:30:00-04:00,3.7699999809265137,3.799999952316284,3.7300000190734863,3.7899999618530273,46385,0.0,0.0
2024-07-31 13:30:00-04:00,3.7799999713897705,3.8399999141693115,3.5899999141693115,3.799999952316284,159263,0.0,0.0
2024-07-31 14:30:00-04:00,3.819999933242798,3.930000066757202,3.819999933242798,3.859999895095825,196591,0.0,0.0
2024-07-31 15:30:00-04:00,3.8299999237060547,3.869999885559082,3.619999885559082,3.740000009536743,352414,0.0,0.0
2024-08-01 09:30:00-04:00,3.75,3.7799999713897705,3.630000114440918,3.630000114440918,12497,0.0,0.0
2024-08-01 10:30:00-04:00,3.609999895095825,3.609999895095825,3.4700000286102295,3.4700000286102295,13091,0.0,0.0
2024-08-01 11:30:00-04:00,3.4800000190734863,3.509999990463257,3.4800000190734863,3.490000009536743,13048,0.0,0.0
2024-08-01 12:30:00-04:00,3.490000009536743,3.6500000953674316,3.490000009536743,3.5450000762939453,41565,0.0,0.0
2024-08-01 13:30:00-04:00,3.5450000762939453,3.5450000762939453,3.5,3.5,8595,0.0,0.0
2024-08-01 14:30:00-04:00,3.5,3.5399999618530273,3.490000009536743,3.5299999713897705,27586,0.0,0.0
2024-08-01 15:30:00-04:00,3.5399999618530273,3.5899999141693115,3.5199999809265137,3.569999933242798,62719,0.0,0.0
2024-08-02 09:30:00-04:00,3.390000104904175,3.4000000953674316,3.2799999713897705,3.2899999618530273,1059505,0.0,0.0
2024-08-02 10:30:00-04:00,3.2899999618530273,3.309999942779541,3.2899999618530273,3.299999952316284,13019,0.0,0.0
2024-08-02 11:30:00-04:00,3.319999933242798,3.4600000381469727,3.319999933242798,3.4000000953674316,43891,0.0,0.0
2024-08-02 12:30:00-04:00,3.390000104904175,3.390000104904175,3.3685998916625977,3.380000114440918,11649,0.0,0.0
2024-08-02 13:30:00-04:00,3.380000114440918,3.390000104904175,3.359999895095825,3.390000104904175,6125,0.0,0.0
2024-08-02 14:30:00-04:00,3.391200065612793,3.3949999809265137,3.3550000190734863,3.365000009536743,23369,0.0,0.0
2024-08-02 15:30:00-04:00,3.369999885559082,3.3949999809265137,3.359999895095825,3.380000114440918,66217,0.0,0.0
2024-08-05 09:30:00-04:00,3.1600000858306885,3.180000066757202,3.0899999141693115,3.0999999046325684,31672,0.0,0.0
2024-08-05 10:30:00-04:00,3.0999999046325684,3.2300000190734863,3.0899999141693115,3.1700000762939453,29581,0.0,0.0
2024-08-05 11:30:00-04:00,3.1600000858306885,3.190000057220459,3.1500000953674316,3.190000057220459,17194,0.0,0.0
2024-08-05 12:30:00-04:00,3.1700000762939453,3.180000066757202,3.130000114440918,3.1449999809265137,15657,0.0,0.0
2024-08-05 13:30:00-04:00,3.1449999809265137,3.190000057220459,3.140000104904175,3.190000057220459,16916,0.0,0.0
2024-08-05 14:30:00-04:00,3.184999942779541,3.200000047683716,3.180000066757202,3.200000047683716,29280,0.0,0.0
2024-08-05 15:30:00-04:00,3.200000047683716,3.2200000286102295,3.180000066757202,3.2100000381469727,59150,0.0,0.0
2024-08-06 09:30:00-04:00,3.1700000762939453,3.2899999618530273,3.0999999046325684,3.109999895095825,26518,0.0,0.0
2024-08-06 10:30:00-04:00,3.0889999866485596,3.109999895095825,2.970099925994873,2.970099925994873,28002,0.0,0.0
2024-08-06 11:30:00-04:00,2.9749999046325684,3.1600000858306885,2.9600000381469727,3.0810000896453857,61633,0.0,0.0
2024-08-06 12:30:00-04:00,3.0999999046325684,3.174999952316284,3.0708000659942627,3.0999999046325684,37037,0.0,0.0
2024-08-06 13:30:00-04:00,3.115000009536743,3.119999885559082,3.059999942779541,3.0959999561309814,10976,0.0,0.0
2024-08-06 14:30:00-04:00,3.0899999141693115,3.1050000190734863,3.0399999618530273,3.069999933242798,19558,0.0,0.0
2024-08-06 15:30:00-04:00,3.0799999237060547,3.115000009536743,3.049999952316284,3.075000047683716,59783,0.0,0.0
2024-08-07 09:30:00-04:00,3.109999895095825,3.119999885559082,2.940000057220459,2.950000047683716,19697,0.0,0.0
2024-08-07 10:30:00-04:00,2.950000047683716,3.0199999809265137,2.944000005722046,2.9800000190734863,29654,0.0,0.0
2024-08-07 11:30:00-04:00,2.9800000190734863,3.0250000953674316,2.940000057220459,3.005000114440918,44095,0.0,0.0
2024-08-07 12:30:00-04:00,2.990000009536743,3.001699924468994,2.95989990234375,3.0,21669,0.0,0.0
2024-08-07 13:30:00-04:00,2.990000009536743,3.009999990463257,2.950000047683716,2.990000009536743,32343,0.0,0.0
2024-08-07 14:30:00-04:00,2.9800000190734863,3.109999895095825,2.9800000190734863,3.0950000286102295,51901,0.0,0.0
2024-08-07 15:30:00-04:00,3.0799999237060547,3.0999999046325684,3.0199999809265137,3.0299999713897705,35977,0.0,0.0
2024-08-08 09:30:00-04:00,3.069999933242798,3.109999895095825,3.069999933242798,3.0950000286102295,10837,0.0,0.0
2024-08-08 10:30:00-04:00,3.0989999771118164,3.1050000190734863,3.059999942779541,3.069999933242798,13292,0.0,0.0
2024-08-08 11:30:00-04:00,3.069999933242798,3.0799999237060547,3.049999952316284,3.049999952316284,18473,0.0,0.0
2024-08-08 12:30:00-04:00,3.0399999618530273,3.049999952316284,3.0299999713897705,3.049999952316284,8453,0.0,0.0
2024-08-08 13:30:00-04:00,3.049999952316284,3.069999933242798,3.049999952316284,3.049999952316284,11899,0.0,0.0
2024-08-08 14:30:00-04:00,3.059999942779541,3.0850000381469727,3.049999952316284,3.0850000381469727,7031,0.0,0.0
2024-08-08 15:30:00-04:00,3.0799999237060547,3.0799999237060547,3.0450000762939453,3.049999952316284,28720,0.0,0.0
2024-08-09 09:30:00-04:00,3.0799999237060547,3.0799999237060547,2.9800000190734863,3.0,9811,0.0,0.0
2024-08-09 10:30:00-04:00,3.009999990463257,3.01990008354187,2.9800000190734863,2.9800000190734863,18081,0.0,0.0
2024-08-09 11:30:00-04:00,2.9800000190734863,2.994999885559082,2.9700000286102295,2.9800000190734863,23512,0.0,0.0
2024-08-09 12:30:00-04:00,2.990000009536743,2.990000009536743,2.9800000190734863,2.990000009536743,5612,0.0,0.0
2024-08-09 13:30:00-04:00,2.9800000190734863,2.990000009536743,2.9600000381469727,2.9600000381469727,13830,0.0,0.0
2024-08-09 14:30:00-04:00,2.9700000286102295,2.9749999046325684,2.930000066757202,2.9549999237060547,17576,0.0,0.0
2024-08-09 15:30:00-04:00,2.959199905395508,3.0399999618530273,2.959199905395508,2.990000009536743,94076,0.0,0.0
2024-08-12 09:30:00-04:00,2.9700000286102295,2.9700000286102295,2.9000000953674316,2.940000057220459,18708,0.0,0.0
2024-08-12 10:30:00-04:00,2.938999891281128,2.990000009536743,2.938999891281128,2.950000047683716,14000,0.0,0.0
2024-08-12 11:30:00-04:00,2.940000057220459,2.990000009536743,2.940000057220459,2.9749999046325684,21509,0.0,0.0
2024-08-12 12:30:00-04:00,2.9800000190734863,3.009999990463257,2.9649999141693115,3.009999990463257,14328,0.0,0.0
2024-08-12 13:30:00-04:00,2.990000009536743,2.990000009536743,2.9600000381469727,2.984999895095825,9826,0.0,0.0
2024-08-12 14:30:00-04:00,2.9800000190734863,3.0,2.9700000286102295,2.994999885559082,11434,0.0,0.0
2024-08-12 15:30:00-04:00,2.994999885559082,3.005000114440918,2.9600000381469727,2.984999895095825,68502,0.0,0.0
2024-08-13 09:30:00-04:00,3.0,3.0,2.9200000762939453,2.9532999992370605,12353,0.0,0.0
2024-08-13 10:30:00-04:00,2.9489998817443848,2.950000047683716,2.890000104904175,2.890000104904175,18291,0.0,0.0
2024-08-13 11:30:00-04:00,2.890000104904175,2.930000066757202,2.890000104904175,2.930000066757202,19993,0.0,0.0
2024-08-13 12:30:00-04:00,2.9200000762939453,2.940000057220459,2.9200000762939453,2.924999952316284,4833,0.0,0.0
2024-08-13 13:30:00-04:00,2.9200000762939453,2.9600000381469727,2.9200000762939453,2.950000047683716,4139,0.0,0.0
2024-08-13 14:30:00-04:00,2.950000047683716,2.9700000286102295,2.950000047683716,2.9700000286102295,3886,0.0,0.0
2024-08-13 15:30:00-04:00,2.9700000286102295,3.029900074005127,2.9700000286102295,2.984999895095825,23143,0.0,0.0
2024-08-14 09:30:00-04:00,2.990000009536743,2.990000009536743,2.880000114440918,2.890000104904175,34973,0.0,0.0
2024-08-14 10:30:00-04:00,2.8940000534057617,2.9000000953674316,2.860100030899048,2.9000000953674316,24190,0.0,0.0
2024-08-14 11:30:00-04:00,2.9010000228881836,2.9200000762939453,2.869999885559082,2.869999885559082,22740,0.0,0.0
2024-08-14 12:30:00-04:00,2.865000009536743,2.869999885559082,2.8399999141693115,2.8499999046325684,14705,0.0,0.0
2024-08-14 13:30:00-04:00,2.8499999046325684,2.869999885559082,2.8399999141693115,2.868799924850464,15051,0.0,0.0
2024-08-14 14:30:00-04:00,2.8694000244140625,2.9100000858306885,2.8694000244140625,2.8982999324798584,37581,0.0,0.0
2024-08-14 15:30:00-04:00,2.8949999809265137,2.9298999309539795,2.880000114440918,2.9000000953674316,91194,0.0,0.0
2024-08-15 09:30:00-04:00,2.9800000190734863,3.069999933242798,2.880000114440918,2.9000000953674316,135229,0.0,0.0
2024-08-15 10:30:00-04:00,2.8940000534057617,2.9049999713897705,2.890000104904175,2.890000104904175,43637,0.0,0.0
2024-08-15 11:30:00-04:00,2.880000114440918,2.9100000858306885,2.880000114440918,2.9000000953674316,32947,0.0,0.0
2024-08-15 12:30:00-04:00,2.8956000804901123,2.9049999713897705,2.890000104904175,2.9000000953674316,50508,0.0,0.0
2024-08-15 13:30:00-04:00,2.9000000953674316,2.9700000286102295,2.8949999809265137,2.9700000286102295,47972,0.0,0.0
2024-08-15 14:30:00-04:00,2.9800000190734863,3.0299999713897705,2.978800058364868,3.0299999713897705,19503,0.0,0.0
2024-08-15 15:30:00-04:00,3.0399999618530273,3.049999952316284,3.0188000202178955,3.0299999713897705,29389,0.0,0.0
2024-08-16 09:30:00-04:00,3.0199999809265137,3.0799999237060547,3.0199999809265137,3.069999933242798,12442,0.0,0.0
2024-08-16 10:30:00-04:00,3.0799999237060547,3.0899999141693115,3.059999942779541,3.0799999237060547,9098,0.0,0.0
2024-08-16 11:30:00-04:00,3.0850000381469727,3.0999999046325684,3.0850000381469727,3.0999999046325684,10098,0.0,0.0
2024-08-16 12:30:00-04:00,3.109999895095825,3.119999885559082,3.0950000286102295,3.115000009536743,8077,0.0,0.0
2024-08-16 13:30:00-04:00,3.115000009536743,3.115000009536743,3.065000057220459,3.075000047683716,25882,0.0,0.0
2024-08-16 14:30:00-04:00,3.069999933242798,3.0799999237060547,3.0199999809265137,3.0250000953674316,100026,0.0,0.0
2024-08-16 15:30:00-04:00,3.0299999713897705,3.0399999618530273,2.9800000190734863,2.9800000190734863,50624,0.0,0.0
2024-08-19 09:30:00-04:00,2.950000047683716,3.0299999713897705,2.950000047683716,2.990000009536743,20507,0.0,0.0
2024-08-19 10:30:00-04:00,2.996000051498413,3.009999990463257,2.990000009536743,3.009999990463257,5272,0.0,0.0
2024-08-19 11:30:00-04:00,3.009999990463257,3.0199999809265137,3.005000114440918,3.009999990463257,3029,0.0,0.0
2024-08-19 12:30:00-04:00,3.009999990463257,3.009999990463257,3.0,3.0,3522,0.0,0.0
2024-08-19 13:30:00-04:00,2.994999885559082,3.00600004196167,2.994999885559082,3.005000114440918,2198,0.0,0.0
2024-08-19 14:30:00-04:00,3.009999990463257,3.0199999809265137,2.990000009536743,2.990000009536743,6525,0.0,0.0
2024-08-19 15:30:00-04:00,2.9800000190734863,2.984999895095825,2.9700000286102295,2.9749999046325684,17578,0.0,0.0
2024-08-20 09:30:00-04:00,2.9700000286102295,2.9939000606536865,2.9600000381469727,2.9800000190734863,26429,0.0,0.0
2024-08-20 10:30:00-04:00,2.9800000190734863,2.9800000190734863,2.8499999046325684,2.9200000762939453,131211,0.0,0.0
2024-08-20 11:30:00-04:00,2.9100000858306885,2.930000066757202,2.9100000858306885,2.9200000762939453,7067,0.0,0.0
2024-08-20 12:30:00-04:00,2.9200000762939453,2.924999952316284,2.9049999713897705,2.9100000858306885,3668,0.0,0.0
2024-08-20 13:30:00-04:00,2.9049999713897705,2.9100000858306885,2.8949999809265137,2.9000000953674316,8958,0.0,0.0
2024-08-20 14:30:00-04:00,2.9049999713897705,2.9100000858306885,2.880000114440918,2.8959999084472656,16688,0.0,0.0
2024-08-20 15:30:00-04:00,2.8949999809265137,2.9000000953674316,2.869999885559082,2.869999885559082,18599,0.0,0.0
2024-08-21 09:30:00-04:00,2.9200000762939453,2.9700000286102295,2.859999895095825,2.9700000286102295,116381,0.0,0.0
2024-08-21 10:30:00-04:00,2.9700000286102295,2.9800000190734863,2.930000066757202,2.9600000381469727,28826,0.0,0.0
2024-08-21 11:30:00-04:00,2.9700000286102295,3.0,2.9600000381469727,2.9700000286102295,26128,0.0,0.0
2024-08-21 12:30:00-04:00,2.9649999141693115,2.9800000190734863,2.950000047683716,2.9600000381469727,44922,0.0,0.0
2024-08-21 13:30:00-04:00,2.9600000381469727,2.9600000381469727,2.9600000381469727,2.9600000381469727,10912,0.0,0.0
2024-08-21 14:30:00-04:00,2.9600000381469727,2.9600000381469727,2.944999933242798,2.950000047683716,23455,0.0,0.0
2024-08-21 15:30:00-04:00,2.950000047683716,2.950000047683716,2.9300999641418457,2.940000057220459,42786,0.0,0.0
2024-08-22 09:30:00-04:00,2.950000047683716,2.9749999046325684,2.9200000762939453,2.944999933242798,18976,0.0,0.0
2024-08-22 10:30:00-04:00,2.940000057220459,2.940000057220459,2.924999952316284,2.924999952316284,2459,0.0,0.0
2024-08-22 11:30:00-04:00,2.921999931335449,2.921999931335449,2.869999885559082,2.9000000953674316,82332,0.0,0.0
2024-08-22 12:30:00-04:00,2.9049999713897705,2.9075000286102295,2.871999979019165,2.880000114440918,14544,0.0,0.0
2024-08-22 13:30:00-04:00,2.869999885559082,2.869999885559082,2.8350000381469727,2.8584001064300537,24424,0.0,0.0
2024-08-22 14:30:00-04:00,2.859999895095825,2.869999885559082,2.8499999046325684,2.8550000190734863,10986,0.0,0.0
2024-08-22 15:30:00-04:00,2.8499999046325684,2.890000104904175,2.7599000930786133,2.759999990463257,239789,0.0,0.0
2024-08-23 09:30:00-04:00,2.819999933242798,2.9800000190734863,2.819999933242798,2.9649999141693115,74479,0.0,0.0
2024-08-23 10:30:00-04:00,2.9649999141693115,3.0250000953674316,2.930000066757202,2.9549999237060547,121917,0.0,0.0
2024-08-23 11:30:00-04:00,2.9600000381469727,2.9649999141693115,2.940000057220459,2.9600000381469727,59456,0.0,0.0
2024-08-23 12:30:00-04:00,2.9600000381469727,2.9600000381469727,2.930000066757202,2.934999942779541,33212,0.0,0.0
2024-08-23 13:30:00-04:00,2.940000057220459,2.940000057220459,2.930000066757202,2.940000057220459,16744,0.0,0.0
2024-08-23 14:30:00-04:00,2.934999942779541,2.944999933242798,2.9000000953674316,2.944999933242798,45644,0.0,0.0
2024-08-23 15:30:00-04:00,2.940000057220459,2.9600000381469727,2.924999952316284,2.950000047683716,62749,0.0,0.0
2024-08-26 09:30:00-04:00,2.9600000381469727,2.9600000381469727,2.8949999809265137,2.9100000858306885,15294,0.0,0.0
2024-08-26 10:30:00-04:00,2.9200000762939453,2.9200000762939453,2.880000114440918,2.880000114440918,5261,0.0,0.0
2024-08-26 11:30:00-04:00,2.880000114440918,2.9100000858306885,2.880000114440918,2.9100000858306885,8398,0.0,0.0
2024-08-26 12:30:00-04:00,2.9200000762939453,2.940000057220459,2.899899959564209,2.940000057220459,17383,0.0,0.0
2024-08-26 13:30:00-04:00,2.940000057220459,2.9700000286102295,2.931999921798706,2.9649999141693115,22955,0.0,0.0
2024-08-26 14:30:00-04:00,2.9700000286102295,2.9700000286102295,2.930000066757202,2.930000066757202,27724,0.0,0.0
2024-08-26 15:30:00-04:00,2.934999942779541,2.9600000381469727,2.924999952316284,2.930000066757202,52681,0.0,0.0
2024-08-27 09:30:00-04:00,2.9000000953674316,2.9000000953674316,2.8299999237060547,2.880000114440918,17531,0.0,0.0
2024-08-27 10:30:00-04:00,2.9000000953674316,2.9100000858306885,2.859999895095825,2.880000114440918,10831,0.0,0.0
2024-08-27 11:30:00-04:00,2.869999885559082,2.869999885559082,2.819999933242798,2.8259999752044678,13425,0.0,0.0
2024-08-27 12:30:00-04:00,2.819999933242798,2.830699920654297,2.799999952316284,2.830699920654297,8526,0.0,0.0
2024-08-27 13:30:00-04:00,2.8350000381469727,2.8450000286102295,2.819999933242798,2.825000047683716,12339,0.0,0.0
2024-08-27 14:30:00-04:00,2.825000047683716,2.825000047683716,2.7750000953674316,2.7850000858306885,45653,0.0,0.0
2024-08-27 15:30:00-04:00,2.7799999713897705,2.7899999618530273,2.75,2.75,75909,0.0,0.0
2024-08-28 09:30:00-04:00,2.799999952316284,2.825000047683716,2.7100000381469727,2.809999942779541,138195,0.0,0.0
2024-08-28 10:30:00-04:00,2.809999942779541,2.819999933242798,2.7699999809265137,2.7750000953674316,25739,0.0,0.0
2024-08-28 11:30:00-04:00,2.7750000953674316,2.799999952316284,2.765000104904175,2.7799999713897705,18680,0.0,0.0
2024-08-28 12:30:00-04:00,2.7899999618530273,2.8499999046325684,2.7850000858306885,2.809999942779541,47111,0.0,0.0
2024-08-28 13:30:00-04:00,2.819999933242798,2.8350000381469727,2.7750000953674316,2.7850000858306885,20603,0.0,0.0
2024-08-28 14:30:00-04:00,2.7850000858306885,2.805000066757202,2.7699999809265137,2.7899999618530273,36099,0.0,0.0
2024-08-28 15:30:00-04:00,2.7850000858306885,2.825000047683716,2.7799999713897705,2.7899999618530273,110180,0.0,0.0
2024-08-29 09:30:00-04:00,2.190000057220459,2.5899999141693115,2.190000057220459,2.569999933242798,197462,0.0,0.0
2024-08-29 10:30:00-04:00,2.565000057220459,2.630000114440918,2.559999942779541,2.6050000190734863,40922,0.0,0.0
2024-08-29 11:30:00-04:00,2.609999895095825,2.7100000381469727,2.5999999046325684,2.680000066757202,57192,0.0,0.0
2024-08-29 12:30:00-04:00,2.680000066757202,2.700000047683716,2.6500000953674316,2.674999952316284,89558,0.0,0.0
2024-08-29 13:30:00-04:00,2.6700000762939453,2.674999952316284,2.6500000953674316,2.6500000953674316,79262,0.0,0.0
2024-08-29 14:30:00-04:00,2.6500000953674316,2.6731998920440674,2.6500000953674316,2.6549999713897705,53283,0.0,0.0
2024-08-29 15:30:00-04:00,2.6549999713897705,2.7799999713897705,2.6500000953674316,2.7100000381469727,110245,0.0,0.0
2024-08-30 09:30:00-04:00,2.700000047683716,2.7179999351501465,2.6500000953674316,2.694999933242798,48777,0.0,0.0
2024-08-30 10:30:00-04:00,2.694999933242798,2.734999895095825,2.694999933242798,2.694999933242798,22834,0.0,0.0
2024-08-30 11:30:00-04:00,2.680000066757202,2.7149999141693115,2.680000066757202,2.7149999141693115,19507,0.0,0.0
2024-08-30 12:30:00-04:00,2.7200000286102295,2.7200000286102295,2.6600000858306885,2.694999933242798,22889,0.0,0.0
2024-08-30 13:30:00-04:00,2.694999933242798,2.744999885559082,2.694999933242798,2.744999885559082,39717,0.0,0.0
2024-08-30 14:30:00-04:00,2.740000009536743,2.7699999809265137,2.734999895095825,2.7699999809265137,28255,0.0,0.0
2024-08-30 15:30:00-04:00,2.765000104904175,2.765000104904175,2.7300000190734863,2.744999885559082,62791,0.0,0.0
