Datetime,Open,High,Low,Close,Volume,Dividends,Stock Splits,Capital Gains
2022-09-01 13:30:00-04:00,58.345001220703125,58.418701171875,58.345001220703125,58.418701171875,264,0.0,0.0,0.0
2022-09-01 14:30:00-04:00,58.33000183105469,58.334999084472656,58.33000183105469,58.334999084472656,398,0.0,0.0,0.0
2022-09-02 09:30:00-04:00,58.61000061035156,58.61000061035156,58.61000061035156,58.61000061035156,0,0.0,0.0,0.0
2022-09-02 10:30:00-04:00,58.6150016784668,58.6150016784668,58.6150016784668,58.6150016784668,165,0.0,0.0,0.0
2022-09-02 11:30:00-04:00,58.529998779296875,58.61000061035156,58.529998779296875,58.61000061035156,1276,0.0,0.0,0.0
2022-09-02 13:30:00-04:00,58.3849983215332,58.3849983215332,58.3849983215332,58.3849983215332,176,0.0,0.0,0.0
2022-09-02 14:30:00-04:00,58.599998474121094,58.599998474121094,58.342899322509766,58.39500045776367,825,0.0,0.0,0.0
2022-09-06 09:30:00-04:00,58.369998931884766,58.369998931884766,58.369998931884766,58.369998931884766,0,0.0,0.0,0.0
2022-09-06 10:30:00-04:00,57.880001068115234,57.880001068115234,57.880001068115234,57.880001068115234,114,0.0,0.0,0.0
2022-09-06 11:30:00-04:00,58.40999984741211,58.40999984741211,58.025001525878906,58.09000015258789,1123,0.0,0.0,0.0
2022-09-06 12:30:00-04:00,58.20000076293945,58.25,58.20000076293945,58.25,290,0.0,0.0,0.0
2022-09-06 13:30:00-04:00,58.2599983215332,58.400001525878906,58.2599983215332,58.400001525878906,572,0.0,0.0,0.0
2022-09-06 14:30:00-04:00,58.349998474121094,58.389400482177734,58.18000030517578,58.18000030517578,1104,0.0,0.0,0.0
2022-09-06 15:30:00-04:00,58.400001525878906,58.46500015258789,58.400001525878906,58.46500015258789,100,0.0,0.0,0.0
2022-09-07 09:30:00-04:00,58.439998626708984,58.720001220703125,58.439998626708984,58.720001220703125,0,0.0,0.0,0.0
2022-09-07 10:30:00-04:00,58.7400016784668,58.7599983215332,58.7400016784668,58.7599983215332,505,0.0,0.0,0.0
2022-09-07 11:30:00-04:00,58.875,58.994998931884766,58.875,58.875,659,0.0,0.0,0.0
2022-09-07 12:30:00-04:00,58.875,58.900001525878906,58.83000183105469,58.900001525878906,2052,0.0,0.0,0.0
2022-09-07 13:30:00-04:00,58.844600677490234,59.0099983215332,58.844600677490234,59.0099983215332,668,0.0,0.0,0.0
2022-09-07 14:30:00-04:00,59.189998626708984,59.189998626708984,58.790000915527344,59.189998626708984,776,0.0,0.0,0.0
2022-09-08 09:30:00-04:00,58.952301025390625,58.952301025390625,58.87900161743164,58.87900161743164,0,0.0,0.0,0.0
2022-09-08 10:30:00-04:00,58.71770095825195,58.71770095825195,58.71770095825195,58.71770095825195,410,0.0,0.0,0.0
2022-09-08 13:30:00-04:00,59.084999084472656,59.084999084472656,59.084999084472656,59.084999084472656,878,0.0,0.0,0.0
2022-09-09 09:30:00-04:00,59.90999984741211,59.91999816894531,59.5099983215332,59.75,0,0.0,0.0,0.0
2022-09-09 11:30:00-04:00,59.834999084472656,59.87009811401367,59.834999084472656,59.87009811401367,715,0.0,0.0,0.0
2022-09-09 12:30:00-04:00,59.95000076293945,59.95000076293945,59.790000915527344,59.790000915527344,601,0.0,0.0,0.0
2022-09-12 09:30:00-04:00,59.94499969482422,59.94499969482422,59.94499969482422,59.94499969482422,0,0.0,0.0,0.0
2022-09-12 10:30:00-04:00,59.720001220703125,59.720001220703125,59.66999816894531,59.720001220703125,867,0.0,0.0,0.0
2022-09-12 14:30:00-04:00,59.75,59.94499969482422,59.66999816894531,59.94499969482422,458,0.0,0.0,0.0
2022-09-13 09:30:00-04:00,59.59000015258789,59.72999954223633,59.4900016784668,59.72999954223633,0,0.0,0.0,0.0
2022-09-13 11:30:00-04:00,59.29999923706055,59.31999969482422,59.279998779296875,59.279998779296875,956,0.0,0.0,0.0
2022-09-13 12:30:00-04:00,59.375,59.375,59.375,59.375,424,0.0,0.0,0.0
2022-09-13 13:30:00-04:00,59.529998779296875,59.529998779296875,59.529998779296875,59.529998779296875,201,0.0,0.0,0.0
2022-09-13 14:30:00-04:00,59.35499954223633,59.37089920043945,59.35499954223633,59.362701416015625,1371,0.0,0.0,0.0
2022-09-13 15:30:00-04:00,59.211299896240234,59.244998931884766,59.0,59.10300064086914,0,0.0,0.0,0.0
2022-09-14 09:30:00-04:00,59.15999984741211,59.15999984741211,59.15999984741211,59.15999984741211,100,0.0,0.0,0.0
2022-09-14 10:30:00-04:00,58.619998931884766,59.20000076293945,58.619998931884766,59.20000076293945,1058,0.0,0.0,0.0
2022-09-14 11:30:00-04:00,59.209999084472656,59.209999084472656,59.20000076293945,59.209999084472656,890,0.0,0.0,0.0
2022-09-14 12:30:00-04:00,59.34000015258789,59.34000015258789,59.34000015258789,59.34000015258789,397,0.0,0.0,0.0
2022-09-14 13:30:00-04:00,59.04999923706055,59.157100677490234,58.91999816894531,58.970001220703125,1873,0.0,0.0,0.0
2022-09-14 15:30:00-04:00,59.160301208496094,59.16999816894531,58.959999084472656,59.16999816894531,828,0.0,0.0,0.0
2022-09-15 09:30:00-04:00,58.774600982666016,58.774600982666016,58.774600982666016,58.774600982666016,0,0.0,0.0,0.0
2022-09-15 10:30:00-04:00,59.40999984741211,59.40999984741211,58.97999954223633,58.97999954223633,429,0.0,0.0,0.0
2022-09-15 12:30:00-04:00,59.56919860839844,59.56919860839844,58.88999938964844,58.88999938964844,758,0.0,0.0,0.0
2022-09-15 13:30:00-04:00,58.63249969482422,58.63249969482422,58.63249969482422,58.63249969482422,254,0.0,0.0,0.0
2022-09-15 14:30:00-04:00,58.96879959106445,58.97999954223633,58.400001525878906,58.97999954223633,1341,0.0,0.0,0.0
2022-09-16 09:30:00-04:00,58.099998474121094,58.25,58.099998474121094,58.25,1834,0.0,0.0,0.0
2022-09-16 10:30:00-04:00,58.22999954223633,58.22999954223633,58.22999954223633,58.22999954223633,150,0.0,0.0,0.0
2022-09-16 11:30:00-04:00,58.33000183105469,58.33000183105469,58.154998779296875,58.242000579833984,956,0.0,0.0,0.0
2022-09-16 12:30:00-04:00,58.167301177978516,58.209999084472656,58.119998931884766,58.119998931884766,1143,0.0,0.0,0.0
2022-09-16 14:30:00-04:00,58.47999954223633,58.54999923706055,58.29240036010742,58.5099983215332,3428,0.0,0.0,0.0
2022-09-16 15:30:00-04:00,58.5099983215332,58.5099983215332,58.5099983215332,58.5099983215332,100,0.0,0.0,0.0
2022-09-19 09:30:00-04:00,58.900001525878906,59.220001220703125,58.88999938964844,59.150001525878906,0,0.0,0.0,0.0
2022-09-19 10:30:00-04:00,58.7400016784668,58.814998626708984,58.720001220703125,58.814998626708984,710,0.0,0.0,0.0
2022-09-19 11:30:00-04:00,58.814998626708984,58.91999816894531,58.814998626708984,58.814998626708984,541,0.0,0.0,0.0
2022-09-19 12:30:00-04:00,58.93000030517578,59.02000045776367,58.93000030517578,59.02000045776367,1235,0.0,0.0,0.0
2022-09-19 13:30:00-04:00,59.0,59.0,58.7400016784668,58.77000045776367,1762,0.0,0.0,0.0
2022-09-19 14:30:00-04:00,58.70000076293945,59.150001525878906,58.70000076293945,58.9900016784668,2594,0.0,0.0,0.0
2022-09-19 15:30:00-04:00,59.27000045776367,59.27000045776367,58.9900016784668,58.9900016784668,371,0.0,0.0,0.0
2022-09-20 09:30:00-04:00,59.119998931884766,59.119998931884766,59.119998931884766,59.119998931884766,0,0.0,0.0,0.0
2022-09-20 10:30:00-04:00,59.09000015258789,59.35499954223633,59.05500030517578,59.35499954223633,3400,0.0,0.0,0.0
2022-09-20 11:30:00-04:00,59.31999969482422,59.36000061035156,59.2504997253418,59.2504997253418,574,0.0,0.0,0.0
2022-09-20 12:30:00-04:00,58.880001068115234,58.88999938964844,58.81999969482422,58.81999969482422,1385,0.0,0.0,0.0
2022-09-20 13:30:00-04:00,59.10499954223633,59.10499954223633,58.84000015258789,58.84000015258789,3740,0.0,0.0,0.0
2022-09-20 14:30:00-04:00,58.88759994506836,58.88759994506836,58.77000045776367,58.8650016784668,0,0.0,0.0,0.0
2022-09-21 11:30:00-04:00,59.220001220703125,59.34000015258789,59.220001220703125,59.34000015258789,406,0.0,0.0,0.0
2022-09-21 12:30:00-04:00,59.06520080566406,59.220001220703125,59.06520080566406,59.20000076293945,535,0.0,0.0,0.0
2022-09-21 13:30:00-04:00,58.560001373291016,58.560001373291016,58.560001373291016,58.560001373291016,800,0.0,0.0,0.0
2022-09-21 14:30:00-04:00,59.31999969482422,59.52470016479492,58.65549850463867,59.31999969482422,1298,0.0,0.0,0.0
2022-09-21 15:30:00-04:00,59.31999969482422,59.31999969482422,59.31999969482422,59.31999969482422,100,0.0,0.0,0.0
2022-09-22 09:30:00-04:00,58.77000045776367,58.84000015258789,58.77000045776367,58.84000015258789,0,0.0,0.0,0.0
2022-09-22 13:30:00-04:00,58.630001068115234,58.97999954223633,58.61000061035156,58.790000915527344,1384,0.0,0.0,0.0
2022-09-22 14:30:00-04:00,58.790000915527344,58.790000915527344,58.71149826049805,58.790000915527344,1151,0.0,0.0,0.0
2022-09-22 15:30:00-04:00,58.790000915527344,58.86000061035156,58.63999938964844,58.86000061035156,644,0.0,0.0,0.0
2022-09-23 09:30:00-04:00,58.2400016784668,58.2400016784668,58.06999969482422,58.06999969482422,0,0.0,0.0,0.0
2022-09-23 10:30:00-04:00,58.295501708984375,58.295501708984375,58.20000076293945,58.20000076293945,554,0.0,0.0,0.0
2022-09-23 11:30:00-04:00,58.400001525878906,58.58000183105469,58.16999816894531,58.16999816894531,1144,0.0,0.0,0.0
2022-09-23 12:30:00-04:00,58.21500015258789,58.21500015258789,58.06999969482422,58.06999969482422,311,0.0,0.0,0.0
2022-09-23 13:30:00-04:00,58.040000915527344,58.4900016784668,58.040000915527344,58.4900016784668,621,0.0,0.0,0.0
2022-09-23 14:30:00-04:00,57.91600036621094,58.152400970458984,57.599998474121094,57.72999954223633,8628,0.0,0.0,0.0
2022-09-23 15:30:00-04:00,58.087398529052734,58.59000015258789,57.72999954223633,58.59000015258789,4374,0.0,0.0,0.0
2022-09-26 09:30:00-04:00,57.99089813232422,58.29499816894531,57.915000915527344,58.29499816894531,0,0.0,0.0,0.0
2022-09-26 11:30:00-04:00,57.88999938964844,57.91999816894531,57.54999923706055,57.68389892578125,155037,0.0,0.0,0.0
2022-09-26 12:30:00-04:00,57.54999923706055,57.56999969482422,57.54999923706055,57.56999969482422,1223,0.0,0.0,0.0
2022-09-26 13:30:00-04:00,57.91999816894531,58.68000030517578,57.15999984741211,57.70000076293945,17456,0.0,0.0,0.0
2022-09-26 14:30:00-04:00,57.650001525878906,57.80910110473633,57.5099983215332,57.630001068115234,5837,0.0,0.0,0.0
2022-09-26 15:30:00-04:00,57.61000061035156,57.61000061035156,57.220001220703125,57.52000045776367,25014,0.0,0.0,0.0
2022-09-27 09:30:00-04:00,58.209999084472656,58.27000045776367,58.0,58.27000045776367,0,0.0,0.0,0.0
2022-09-27 10:30:00-04:00,58.02000045776367,58.125,58.02000045776367,58.125,1230,0.0,0.0,0.0
2022-09-27 11:30:00-04:00,58.125,58.125,57.790000915527344,57.79999923706055,1866,0.0,0.0,0.0
2022-09-27 12:30:00-04:00,58.029998779296875,58.07500076293945,57.90999984741211,58.07500076293945,1708,0.0,0.0,0.0
2022-09-27 13:30:00-04:00,58.209999084472656,58.209999084472656,58.209999084472656,58.209999084472656,209,0.0,0.0,0.0
2022-09-27 14:30:00-04:00,57.943599700927734,57.943599700927734,57.935001373291016,57.935001373291016,1006,0.0,0.0,0.0
2022-09-27 15:30:00-04:00,57.7599983215332,57.935001373291016,57.7599983215332,57.935001373291016,264,0.0,0.0,0.0
2022-09-28 09:30:00-04:00,57.58000183105469,57.58000183105469,57.58000183105469,57.58000183105469,0,0.0,0.0,0.0
2022-09-28 10:30:00-04:00,57.689998626708984,57.77000045776367,57.529998779296875,57.6526985168457,3385,0.0,0.0,0.0
2022-09-28 11:30:00-04:00,57.630001068115234,57.73500061035156,57.56999969482422,57.73500061035156,1042,0.0,0.0,0.0
2022-09-28 12:30:00-04:00,57.61000061035156,57.665000915527344,57.540000915527344,57.665000915527344,1515,0.0,0.0,0.0
2022-09-28 13:30:00-04:00,57.790000915527344,57.83000183105469,57.665000915527344,57.810001373291016,1997,0.0,0.0,0.0
2022-09-28 14:30:00-04:00,57.71500015258789,58.09000015258789,57.71500015258789,58.09000015258789,1351,0.0,0.0,0.0
2022-09-28 15:30:00-04:00,58.130001068115234,58.130001068115234,58.10499954223633,58.10499954223633,100,0.0,0.0,0.0
2022-09-29 09:30:00-04:00,57.7400016784668,57.97999954223633,57.65999984741211,57.97999954223633,0,0.0,0.0,0.0
2022-09-29 10:30:00-04:00,57.8744010925293,57.97999954223633,57.7041015625,57.7041015625,3463,0.0,0.0,0.0
2022-09-29 12:30:00-04:00,57.7775993347168,58.09000015258789,57.7577018737793,57.7577018737793,1284,0.0,0.0,0.0
2022-09-29 13:30:00-04:00,57.5099983215332,57.86009979248047,57.489498138427734,57.86009979248047,5789,0.0,0.0,0.0
2022-09-29 14:30:00-04:00,57.13999938964844,58.0364990234375,56.96009826660156,57.529998779296875,2331,0.0,0.0,0.0
2022-09-29 15:30:00-04:00,57.47560119628906,57.529998779296875,57.47560119628906,57.529998779296875,120,0.0,0.0,0.0
2022-09-30 09:30:00-04:00,57.93000030517578,58.16999816894531,57.72100067138672,58.16999816894531,0,0.0,0.0,0.0
2022-09-30 10:30:00-04:00,58.16999816894531,58.16999816894531,57.80039978027344,58.13999938964844,0,0.0,0.0,0.0
2022-09-30 11:30:00-04:00,58.119998931884766,58.119998931884766,58.119998931884766,58.119998931884766,5628,0.0,0.0,0.0
2022-09-30 12:30:00-04:00,57.900001525878906,57.93000030517578,57.72959899902344,57.72959899902344,4249,0.0,0.0,0.0
2022-09-30 13:30:00-04:00,57.72779846191406,57.875,57.630001068115234,57.7599983215332,0,0.0,0.0,0.0
2022-09-30 14:30:00-04:00,57.776100158691406,57.87200164794922,57.776100158691406,57.77750015258789,21230,0.0,0.0,0.0
2022-09-30 15:30:00-04:00,57.724998474121094,57.88999938964844,57.724998474121094,57.724998474121094,1855,0.0,0.0,0.0
2022-10-03 09:30:00-04:00,57.66999816894531,57.66999816894531,57.27000045776367,57.290000915527344,0,0.0,0.0,0.0
2022-10-03 10:30:00-04:00,57.404998779296875,57.407100677490234,57.36840057373047,57.407100677490234,669,0.0,0.0,0.0
2022-10-03 12:30:00-04:00,57.481201171875,57.481201171875,57.481201171875,57.481201171875,233,0.0,0.0,0.0
2022-10-03 13:30:00-04:00,57.44499969482422,57.44499969482422,57.39849853515625,57.39849853515625,329,0.0,0.0,0.0
2022-10-03 14:30:00-04:00,57.44499969482422,57.599998474121094,57.44499969482422,57.51499938964844,2062,0.0,0.0,0.0
2022-10-03 15:30:00-04:00,57.72999954223633,57.72999954223633,57.51499938964844,57.51499938964844,1145,0.0,0.0,0.0
2022-10-04 09:30:00-04:00,58.0,58.46989822387695,58.0,58.46989822387695,0,0.0,0.0,0.0
2022-10-04 10:30:00-04:00,57.959999084472656,58.470001220703125,57.959999084472656,58.470001220703125,2694,0.0,0.0,0.0
2022-10-04 12:30:00-04:00,58.439998626708984,58.439998626708984,58.35499954223633,58.35499954223633,704,0.0,0.0,0.0
2022-10-04 13:30:00-04:00,58.45000076293945,58.45000076293945,58.415000915527344,58.45000076293945,4400,0.0,0.0,0.0
2022-10-04 14:30:00-04:00,58.42499923706055,58.599998474121094,58.42499923706055,58.599998474121094,1752,0.0,0.0,0.0
2022-10-04 15:30:00-04:00,58.56999969482422,58.779998779296875,58.56999969482422,58.755001068115234,1633,0.0,0.0,0.0
2022-10-05 11:30:00-04:00,58.5,58.5,58.5,58.5,0,0.0,0.0,0.0
2022-10-05 13:30:00-04:00,58.36429977416992,58.36429977416992,58.36429977416992,58.36429977416992,125,0.0,0.0,0.0
2022-10-05 14:30:00-04:00,58.7599983215332,58.90999984741211,58.529998779296875,58.90999984741211,586,0.0,0.0,0.0
2022-10-05 15:30:00-04:00,58.7599983215332,58.78419876098633,58.7599983215332,58.7599983215332,530,0.0,0.0,0.0
2022-10-06 09:30:00-04:00,59.04999923706055,59.05500030517578,58.754798889160156,58.754798889160156,4530,0.0,0.0,0.0
2022-10-06 10:30:00-04:00,58.94260025024414,59.19499969482422,58.94260025024414,58.9900016784668,693,0.0,0.0,0.0
2022-10-06 11:30:00-04:00,59.209999084472656,59.209999084472656,59.20000076293945,59.20000076293945,1354,0.0,0.0,0.0
2022-10-06 12:30:00-04:00,59.20000076293945,59.20500183105469,58.974998474121094,59.20000076293945,1063,0.0,0.0,0.0
2022-10-07 09:30:00-04:00,59.41999816894531,59.41999816894531,58.900001525878906,58.900001525878906,0,0.0,0.0,0.0
2022-10-07 10:30:00-04:00,58.915000915527344,58.915000915527344,58.41999816894531,58.64500045776367,1051,0.0,0.0,0.0
2022-10-07 12:30:00-04:00,58.904998779296875,58.904998779296875,58.904998779296875,58.904998779296875,187,0.0,0.0,0.0
2022-10-07 13:30:00-04:00,58.64500045776367,58.869998931884766,58.64500045776367,58.869998931884766,615,0.0,0.0,0.0
2022-10-07 14:30:00-04:00,58.869998931884766,58.869998931884766,58.6416015625,58.6416015625,329,0.0,0.0,0.0
2022-10-10 09:30:00-04:00,58.560001373291016,58.560001373291016,58.560001373291016,58.560001373291016,0,0.0,0.0,0.0
2022-10-10 10:30:00-04:00,58.099998474121094,58.27000045776367,58.040000915527344,58.040000915527344,2778,0.0,0.0,0.0
2022-10-10 11:30:00-04:00,58.0099983215332,58.04199981689453,58.0,58.02000045776367,7604,0.0,0.0,0.0
2022-10-10 12:30:00-04:00,58.029998779296875,58.040000915527344,58.02000045776367,58.040000915527344,6349,0.0,0.0,0.0
2022-10-10 14:30:00-04:00,57.869998931884766,57.869998931884766,57.630001068115234,57.86880111694336,389,0.0,0.0,0.0
2022-10-11 09:30:00-04:00,57.77000045776367,58.019901275634766,57.77000045776367,58.019901275634766,0,0.0,0.0,0.0
2022-10-11 10:30:00-04:00,57.9900016784668,58.005001068115234,57.9900016784668,58.0,749,0.0,0.0,0.0
2022-10-11 11:30:00-04:00,57.7599983215332,57.7599983215332,57.7599983215332,57.7599983215332,434,0.0,0.0,0.0
2022-10-11 12:30:00-04:00,58.02000045776367,58.02000045776367,57.790000915527344,57.790000915527344,460,0.0,0.0,0.0
2022-10-11 13:30:00-04:00,57.93519973754883,58.189998626708984,57.93519973754883,58.189998626708984,366,0.0,0.0,0.0
2022-10-11 14:30:00-04:00,57.810001373291016,58.01070022583008,57.810001373291016,58.01070022583008,100,0.0,0.0,0.0
2022-10-12 09:30:00-04:00,58.0,58.0,57.189998626708984,58.0,4394,0.0,0.0,0.0
2022-10-12 11:30:00-04:00,58.09000015258789,58.099998474121094,58.09000015258789,58.099998474121094,214,0.0,0.0,0.0
2022-10-12 12:30:00-04:00,58.130001068115234,58.130001068115234,58.130001068115234,58.130001068115234,271,0.0,0.0,0.0
2022-10-12 13:30:00-04:00,58.11000061035156,58.1150016784668,58.007598876953125,58.040000915527344,837,0.0,0.0,0.0
2022-10-12 14:30:00-04:00,57.970001220703125,58.06159973144531,57.970001220703125,58.06159973144531,216,0.0,0.0,0.0
2022-10-12 15:30:00-04:00,58.119998931884766,58.130001068115234,57.95000076293945,57.95000076293945,534,0.0,0.0,0.0
2022-10-13 09:30:00-04:00,57.630001068115234,57.77000045776367,57.380001068115234,57.77000045776367,0,0.0,0.0,0.0
2022-10-13 10:30:00-04:00,57.27000045776367,58.040000915527344,57.189998626708984,58.040000915527344,890,0.0,0.0,0.0
2022-10-13 11:30:00-04:00,58.08000183105469,58.08000183105469,58.07600021362305,58.07600021362305,663,0.0,0.0,0.0
2022-10-13 13:30:00-04:00,58.05500030517578,58.05500030517578,57.898101806640625,58.05500030517578,1475,0.0,0.0,0.0
2022-10-13 14:30:00-04:00,58.2400016784668,58.36000061035156,58.2400016784668,58.2400016784668,646,0.0,0.0,0.0
2022-10-14 09:30:00-04:00,58.304100036621094,58.304100036621094,58.150001525878906,58.2599983215332,0,0.0,0.0,0.0
2022-10-14 10:30:00-04:00,58.279998779296875,58.43000030517578,58.15999984741211,58.17390060424805,2822,0.0,0.0,0.0
2022-10-14 13:30:00-04:00,58.15999984741211,58.15999984741211,58.04999923706055,58.04999923706055,861,0.0,0.0,0.0
2022-10-14 14:30:00-04:00,58.2599983215332,58.41999816894531,58.11000061035156,58.11000061035156,1332,0.0,0.0,0.0
2022-10-14 15:30:00-04:00,58.060001373291016,58.22650146484375,58.060001373291016,58.22650146484375,1370,0.0,0.0,0.0
2022-10-17 10:30:00-04:00,58.365699768066406,59.12300109863281,58.365699768066406,59.12300109863281,253,0.0,0.0,0.0
2022-10-17 12:30:00-04:00,58.63999938964844,58.63999938964844,58.564998626708984,58.564998626708984,0,0.0,0.0,0.0
2022-10-17 13:30:00-04:00,58.650001525878906,58.650001525878906,58.54499816894531,58.560001373291016,2262,0.0,0.0,0.0
2022-10-17 15:30:00-04:00,58.9900016784668,58.9900016784668,58.79499816894531,58.9900016784668,0,0.0,0.0,0.0
2022-10-18 10:30:00-04:00,59.2400016784668,59.2400016784668,59.209999084472656,59.209999084472656,748,0.0,0.0,0.0
2022-10-18 11:30:00-04:00,59.5099983215332,59.548301696777344,59.5099983215332,59.548301696777344,350,0.0,0.0,0.0
2022-10-18 12:30:00-04:00,59.5099983215332,59.577301025390625,59.5099983215332,59.577301025390625,353,0.0,0.0,0.0
2022-10-18 13:30:00-04:00,59.279998779296875,59.79999923706055,59.279998779296875,59.70000076293945,2026,0.0,0.0,0.0
2022-10-18 14:30:00-04:00,59.5099983215332,59.5099983215332,59.5099983215332,59.5099983215332,110,0.0,0.0,0.0
2022-10-18 15:30:00-04:00,59.689998626708984,59.71500015258789,59.2599983215332,59.40950012207031,1297,0.0,0.0,0.0
2022-10-19 09:30:00-04:00,59.11000061035156,59.303001403808594,59.11000061035156,59.303001403808594,0,0.0,0.0,0.0
2022-10-19 12:30:00-04:00,58.9900016784668,58.9900016784668,58.959999084472656,58.959999084472656,340,0.0,0.0,0.0
2022-10-19 14:30:00-04:00,59.099998474121094,59.20909881591797,59.099998474121094,59.191001892089844,2053,0.0,0.0,0.0
2022-10-20 09:30:00-04:00,59.11000061035156,59.41999816894531,59.11000061035156,59.41999816894531,0,0.0,0.0,0.0
2022-10-20 10:30:00-04:00,59.41999816894531,59.560001373291016,59.400001525878906,59.560001373291016,1433,0.0,0.0,0.0
2022-10-20 11:30:00-04:00,59.361000061035156,59.361000061035156,59.361000061035156,59.361000061035156,241,0.0,0.0,0.0
2022-10-20 12:30:00-04:00,59.435001373291016,59.435001373291016,59.369998931884766,59.369998931884766,329,0.0,0.0,0.0
2022-10-20 13:30:00-04:00,59.369998931884766,59.369998931884766,59.369998931884766,59.369998931884766,148,0.0,0.0,0.0
2022-10-20 14:30:00-04:00,59.489898681640625,59.489898681640625,59.22999954223633,59.22999954223633,100,0.0,0.0,0.0
2022-10-21 11:30:00-04:00,59.16350173950195,59.279998779296875,58.845001220703125,58.845001220703125,914,0.0,0.0,0.0
2022-10-21 12:30:00-04:00,58.91529846191406,59.529998779296875,58.84600067138672,59.34400177001953,6642,0.0,0.0,0.0
2022-10-21 13:30:00-04:00,58.959999084472656,58.959999084472656,58.810001373291016,58.810001373291016,6484,0.0,0.0,0.0
2022-10-21 14:30:00-04:00,59.1879997253418,59.1879997253418,58.810001373291016,59.03929901123047,463,0.0,0.0,0.0
2022-10-24 09:30:00-04:00,59.4900016784668,59.94900131225586,59.09000015258789,59.09000015258789,0,0.0,0.0,0.0
2022-10-24 10:30:00-04:00,59.48500061035156,59.900001525878906,59.48500061035156,59.86000061035156,2176,0.0,0.0,0.0
2022-10-24 11:30:00-04:00,59.48500061035156,59.48500061035156,59.48500061035156,59.48500061035156,875,0.0,0.0,0.0
2022-10-24 12:30:00-04:00,59.627498626708984,59.627498626708984,59.627498626708984,59.627498626708984,224,0.0,0.0,0.0
2022-10-24 13:30:00-04:00,59.099998474121094,59.099998474121094,59.099998474121094,59.099998474121094,280,0.0,0.0,0.0
2022-10-24 14:30:00-04:00,59.48500061035156,59.48500061035156,59.48500061035156,59.48500061035156,198,0.0,0.0,0.0
2022-10-24 15:30:00-04:00,59.48500061035156,59.849998474121094,59.194000244140625,59.48500061035156,3260,0.0,0.0,0.0
2022-10-25 09:30:00-04:00,59.45000076293945,59.45000076293945,59.45000076293945,59.45000076293945,0,0.0,0.0,0.0
2022-10-25 13:30:00-04:00,59.56890106201172,59.56890106201172,59.56890106201172,59.56890106201172,692,0.0,0.0,0.0
2022-10-25 14:30:00-04:00,59.29999923706055,59.29999923706055,59.29999923706055,59.29999923706055,499,0.0,0.0,0.0
2022-10-25 15:30:00-04:00,59.709999084472656,59.724998474121094,59.709999084472656,59.724998474121094,194,0.0,0.0,0.0
2022-10-26 09:30:00-04:00,59.540000915527344,59.619998931884766,59.529998779296875,59.529998779296875,409,0.0,0.0,0.0
2022-10-26 11:30:00-04:00,59.61000061035156,59.93000030517578,59.61000061035156,59.93000030517578,439,0.0,0.0,0.0
2022-10-26 12:30:00-04:00,59.86000061035156,59.86000061035156,59.86000061035156,59.86000061035156,207,0.0,0.0,0.0
2022-10-26 13:30:00-04:00,59.869998931884766,59.89500045776367,59.75299835205078,59.75299835205078,650,0.0,0.0,0.0
2022-10-26 14:30:00-04:00,59.709999084472656,59.915000915527344,59.709999084472656,59.915000915527344,275,0.0,0.0,0.0
2022-10-26 15:30:00-04:00,59.869998931884766,59.900001525878906,59.61000061035156,59.775001525878906,870,0.0,0.0,0.0
2022-10-27 09:30:00-04:00,59.900001525878906,59.900001525878906,59.900001525878906,59.900001525878906,0,0.0,0.0,0.0
2022-10-27 10:30:00-04:00,59.79999923706055,59.79999923706055,59.68000030517578,59.720001220703125,0,0.0,0.0,0.0
2022-10-27 11:30:00-04:00,59.630001068115234,59.79650115966797,59.630001068115234,59.79650115966797,2250,0.0,0.0,0.0
2022-10-27 12:30:00-04:00,59.540000915527344,59.939998626708984,59.540000915527344,59.744998931884766,1514,0.0,0.0,0.0
2022-10-27 13:30:00-04:00,59.744998931884766,60.0,59.744998931884766,60.0,603,0.0,0.0,0.0
2022-10-27 14:30:00-04:00,60.16999816894531,60.16999816894531,60.099998474121094,60.099998474121094,1000,0.0,0.0,0.0
2022-10-27 15:30:00-04:00,59.81999969482422,59.81999969482422,59.81999969482422,59.81999969482422,0,0.0,0.0,0.0
2022-10-28 09:30:00-04:00,60.31999969482422,60.68899917602539,60.119998931884766,60.68899917602539,5964,0.0,0.0,0.0
2022-10-28 10:30:00-04:00,60.47999954223633,60.4900016784668,60.47999954223633,60.48500061035156,653,0.0,0.0,0.0
2022-10-28 11:30:00-04:00,60.22999954223633,60.45000076293945,60.119998931884766,60.45000076293945,737,0.0,0.0,0.0
2022-10-28 12:30:00-04:00,60.3650016784668,60.67499923706055,60.3650016784668,60.3650016784668,989,0.0,0.0,0.0
2022-10-28 13:30:00-04:00,60.524600982666016,60.524600982666016,60.524600982666016,60.524600982666016,264,0.0,0.0,0.0
2022-10-28 14:30:00-04:00,60.3650016784668,60.3650016784668,60.279998779296875,60.29999923706055,617,0.0,0.0,0.0
2022-10-31 11:30:00-04:00,60.459999084472656,60.630001068115234,60.414798736572266,60.414798736572266,1433,0.0,0.0,0.0
2022-10-31 12:30:00-04:00,60.293701171875,60.293701171875,60.25,60.25,1083,0.0,0.0,0.0
2022-10-31 13:30:00-04:00,60.439998626708984,60.63999938964844,60.439998626708984,60.63999938964844,425,0.0,0.0,0.0
2022-10-31 14:30:00-04:00,60.0,60.2400016784668,60.0,60.2400016784668,355,0.0,0.0,0.0
2022-10-31 15:30:00-04:00,59.869998931884766,59.869998931884766,59.869998931884766,59.869998931884766,398,0.0,0.0,0.0
2022-11-01 09:30:00-04:00,59.75,59.75,59.43009948730469,59.65950012207031,0,0.0,0.0,0.0
2022-11-01 10:30:00-04:00,59.63249969482422,60.029998779296875,59.63249969482422,59.95000076293945,654,0.0,0.0,0.0
2022-11-01 11:30:00-04:00,59.459999084472656,60.029998779296875,59.459999084472656,59.720001220703125,776,0.0,0.0,0.0
2022-11-01 12:30:00-04:00,59.47999954223633,59.47999954223633,59.47999954223633,59.47999954223633,159,0.0,0.0,0.0
2022-11-01 13:30:00-04:00,59.68360137939453,59.68360137939453,59.68360137939453,59.68360137939453,300,0.0,0.0,0.0
2022-11-01 15:30:00-04:00,59.97999954223633,59.97999954223633,59.91999816894531,59.91999816894531,360,0.0,0.0,0.0
2022-11-02 09:30:00-04:00,60.22999954223633,60.22999954223633,60.22999954223633,60.22999954223633,0,0.0,0.0,0.0
2022-11-02 10:30:00-04:00,59.89899826049805,59.99700164794922,59.790000915527344,59.79100036621094,1588,0.0,0.0,0.0
2022-11-02 11:30:00-04:00,59.650001525878906,59.790000915527344,59.599998474121094,59.790000915527344,2649,0.0,0.0,0.0
2022-11-02 12:30:00-04:00,59.86600112915039,59.86600112915039,59.86600112915039,59.86600112915039,301,0.0,0.0,0.0
2022-11-02 13:30:00-04:00,59.779998779296875,59.779998779296875,59.60070037841797,59.779998779296875,3183,0.0,0.0,0.0
2022-11-02 14:30:00-04:00,59.779998779296875,59.79999923706055,59.64910125732422,59.64910125732422,757,0.0,0.0,0.0
2022-11-02 15:30:00-04:00,59.45000076293945,59.540000915527344,59.45000076293945,59.5,0,0.0,0.0,0.0
2022-11-03 09:30:00-04:00,59.29999923706055,59.380001068115234,59.119998931884766,59.119998931884766,6163,0.0,0.0,0.0
2022-11-03 10:30:00-04:00,59.2400016784668,59.2400016784668,59.04999923706055,59.060001373291016,447,0.0,0.0,0.0
2022-11-03 11:30:00-04:00,59.19499969482422,59.45000076293945,59.19499969482422,59.287899017333984,883,0.0,0.0,0.0
2022-11-03 12:30:00-04:00,59.060001373291016,59.19580078125,59.060001373291016,59.19580078125,978,0.0,0.0,0.0
2022-11-03 13:30:00-04:00,59.06999969482422,59.23500061035156,59.04999923706055,59.23500061035156,1758,0.0,0.0,0.0
2022-11-03 14:30:00-04:00,59.029998779296875,59.060001373291016,59.029998779296875,59.060001373291016,241,0.0,0.0,0.0
2022-11-03 15:30:00-04:00,59.14979934692383,59.209999084472656,58.970001220703125,59.209999084472656,1303,0.0,0.0,0.0
2022-11-04 09:30:00-04:00,59.529998779296875,59.529998779296875,59.529998779296875,59.529998779296875,0,0.0,0.0,0.0
2022-11-04 11:30:00-04:00,59.595001220703125,59.595001220703125,59.595001220703125,59.595001220703125,175,0.0,0.0,0.0
2022-11-04 12:30:00-04:00,59.599998474121094,59.599998474121094,59.599998474121094,59.599998474121094,356,0.0,0.0,0.0
2022-11-04 13:30:00-04:00,59.5,59.56999969482422,59.15999984741211,59.33000183105469,14805,0.0,0.0,0.0
2022-11-04 14:30:00-04:00,59.119998931884766,59.119998931884766,59.119998931884766,59.119998931884766,101,0.0,0.0,0.0
2022-11-04 15:30:00-04:00,59.58000183105469,59.58000183105469,59.33000183105469,59.33000183105469,621,0.0,0.0,0.0
2022-11-07 09:30:00-05:00,59.310001373291016,59.36000061035156,59.27000045776367,59.349998474121094,0,0.0,0.0,0.0
2022-11-07 10:30:00-05:00,59.45000076293945,59.45000076293945,59.31999969482422,59.34000015258789,2033,0.0,0.0,0.0
2022-11-07 11:30:00-05:00,59.34000015258789,59.46500015258789,59.290000915527344,59.46500015258789,1990,0.0,0.0,0.0
2022-11-07 12:30:00-05:00,59.59000015258789,59.880001068115234,59.34000015258789,59.34000015258789,11901,0.0,0.0,0.0
2022-11-07 13:30:00-05:00,59.34000015258789,59.58000183105469,59.2599983215332,59.29999923706055,10630,0.0,0.0,0.0
2022-11-07 14:30:00-05:00,59.34000015258789,59.470001220703125,59.279998779296875,59.34000015258789,19545,0.0,0.0,0.0
2022-11-07 15:30:00-05:00,59.314998626708984,59.599998474121094,59.290000915527344,59.58000183105469,7449,0.0,0.0,0.0
2022-11-08 09:30:00-05:00,59.63999938964844,59.84000015258789,59.474998474121094,59.474998474121094,0,0.0,0.0,0.0
2022-11-08 11:30:00-05:00,59.474998474121094,59.474998474121094,59.474998474121094,59.474998474121094,324,0.0,0.0,0.0
2022-11-08 12:30:00-05:00,59.44129943847656,59.474998474121094,59.310001373291016,59.310001373291016,371,0.0,0.0,0.0
2022-11-08 13:30:00-05:00,59.36970138549805,59.36970138549805,59.36970138549805,59.36970138549805,230,0.0,0.0,0.0
2022-11-08 14:30:00-05:00,59.338600158691406,59.338600158691406,59.338600158691406,59.338600158691406,348,0.0,0.0,0.0
2022-11-08 15:30:00-05:00,59.61000061035156,59.61000061035156,59.369998931884766,59.369998931884766,200,0.0,0.0,0.0
2022-11-09 09:30:00-05:00,59.15999984741211,59.15999984741211,58.95000076293945,58.95000076293945,0,0.0,0.0,0.0
2022-11-09 10:30:00-05:00,58.849998474121094,59.025001525878906,58.77000045776367,58.790000915527344,9929,0.0,0.0,0.0
2022-11-09 12:30:00-05:00,58.52000045776367,58.85649871826172,58.52000045776367,58.82080078125,334,0.0,0.0,0.0
2022-11-09 13:30:00-05:00,58.81999969482422,58.81999969482422,58.61000061035156,58.81999969482422,1075,0.0,0.0,0.0
2022-11-09 14:30:00-05:00,58.61000061035156,58.790000915527344,58.52000045776367,58.540000915527344,1451,0.0,0.0,0.0
2022-11-09 15:30:00-05:00,58.0,58.16999816894531,57.880001068115234,58.16999816894531,0,0.0,0.0,0.0
2022-11-10 09:30:00-05:00,58.957000732421875,58.957000732421875,58.90999984741211,58.90999984741211,501,0.0,0.0,0.0
2022-11-10 10:30:00-05:00,58.845001220703125,58.900001525878906,58.845001220703125,58.845001220703125,667,0.0,0.0,0.0
2022-11-10 12:30:00-05:00,59.33000183105469,59.33000183105469,59.07500076293945,59.07500076293945,556,0.0,0.0,0.0
2022-11-10 13:30:00-05:00,59.07500076293945,59.07500076293945,59.07500076293945,59.07500076293945,330,0.0,0.0,0.0
2022-11-10 14:30:00-05:00,59.34049987792969,59.35499954223633,59.34049987792969,59.35499954223633,421,0.0,0.0,0.0
2022-11-10 15:30:00-05:00,59.31999969482422,59.369998931884766,59.31999969482422,59.31999969482422,1772,0.0,0.0,0.0
2022-11-11 09:30:00-05:00,59.65999984741211,59.65999984741211,59.61000061035156,59.65999984741211,0,0.0,0.0,0.0
2022-11-11 10:30:00-05:00,59.65999984741211,59.65999984741211,59.65999984741211,59.65999984741211,2543,0.0,0.0,0.0
2022-11-11 11:30:00-05:00,59.75,59.75,59.63999938964844,59.63999938964844,578,0.0,0.0,0.0
2022-11-11 12:30:00-05:00,59.43009948730469,59.71849822998047,59.43009948730469,59.71849822998047,552,0.0,0.0,0.0
2022-11-11 13:30:00-05:00,59.47999954223633,59.79800033569336,59.470001220703125,59.79800033569336,854,0.0,0.0,0.0
2022-11-11 14:30:00-05:00,59.63999938964844,59.63999938964844,59.525001525878906,59.619998931884766,6363,0.0,0.0,0.0
2022-11-11 15:30:00-05:00,59.63999938964844,59.75,59.63999938964844,59.75,450,0.0,0.0,0.0
2022-11-14 09:30:00-05:00,59.540000915527344,59.810001373291016,59.540000915527344,59.810001373291016,0,0.0,0.0,0.0
2022-11-14 12:30:00-05:00,59.599300384521484,59.599300384521484,59.599300384521484,59.599300384521484,314,0.0,0.0,0.0
2022-11-14 13:30:00-05:00,59.78499984741211,59.78499984741211,59.78499984741211,59.78499984741211,266,0.0,0.0,0.0
2022-11-14 15:30:00-05:00,59.4900016784668,59.584999084472656,59.45000076293945,59.584999084472656,500,0.0,0.0,0.0
2022-11-15 09:30:00-05:00,59.849998474121094,59.92499923706055,59.849998474121094,59.92499923706055,0,0.0,0.0,0.0
2022-11-15 10:30:00-05:00,59.75,59.75,59.75,59.75,912,0.0,0.0,0.0
2022-11-15 11:30:00-05:00,59.935001373291016,59.935001373291016,59.560001373291016,59.560001373291016,19306,0.0,0.0,0.0
2022-11-15 12:30:00-05:00,59.560001373291016,59.560001373291016,59.54499816894531,59.54499816894531,511,0.0,0.0,0.0
2022-11-15 13:30:00-05:00,59.584999084472656,59.7400016784668,59.584999084472656,59.61640167236328,1451,0.0,0.0,0.0
2022-11-15 14:30:00-05:00,59.519798278808594,59.75,59.519798278808594,59.60169982910156,524,0.0,0.0,0.0
2022-11-15 15:30:00-05:00,59.74259948730469,59.74259948730469,59.74259948730469,59.74259948730469,430,0.0,0.0,0.0
2022-11-16 10:30:00-05:00,59.5,59.5,59.5,59.5,5,0.0,0.0,0.0
2022-11-16 11:30:00-05:00,59.41999816894531,59.5,59.40999984741211,59.5,426,0.0,0.0,0.0
2022-11-16 12:30:00-05:00,59.56999969482422,59.630001068115234,59.45600128173828,59.630001068115234,5621,0.0,0.0,0.0
2022-11-16 14:30:00-05:00,59.625,59.625,59.435001373291016,59.435001373291016,0,0.0,0.0,0.0
2022-11-17 09:30:00-05:00,59.130001068115234,59.130001068115234,59.130001068115234,59.130001068115234,416,0.0,0.0,0.0
2022-11-17 11:30:00-05:00,59.17530059814453,59.17530059814453,59.17530059814453,59.17530059814453,448,0.0,0.0,0.0
2022-11-17 12:30:00-05:00,59.290000915527344,59.380001068115234,59.0099983215332,59.0099983215332,3800,0.0,0.0,0.0
2022-11-17 13:30:00-05:00,59.0099983215332,59.0099983215332,59.0099983215332,59.0099983215332,229,0.0,0.0,0.0
2022-11-17 15:30:00-05:00,59.12480163574219,59.189998626708984,59.12480163574219,59.189998626708984,175,0.0,0.0,0.0
2022-11-18 09:30:00-05:00,59.65999984741211,60.060001373291016,59.44499969482422,59.44499969482422,0,0.0,0.0,0.0
2022-11-18 10:30:00-05:00,59.34000015258789,59.34000015258789,59.334999084472656,59.334999084472656,240,0.0,0.0,0.0
2022-11-18 11:30:00-05:00,59.829898834228516,59.90999984741211,59.829898834228516,59.90999984741211,1120,0.0,0.0,0.0
2022-11-18 14:30:00-05:00,59.604400634765625,59.6879997253418,59.604400634765625,59.6879997253418,103,0.0,0.0,0.0
2022-11-21 09:30:00-05:00,59.439998626708984,59.439998626708984,59.435001373291016,59.435001373291016,0,0.0,0.0,0.0
2022-11-21 10:30:00-05:00,59.419700622558594,59.4900016784668,59.419700622558594,59.48500061035156,2068,0.0,0.0,0.0
2022-11-21 11:30:00-05:00,59.435001373291016,59.435001373291016,59.435001373291016,59.435001373291016,456,0.0,0.0,0.0
2022-11-21 12:30:00-05:00,59.5,59.575401306152344,59.5,59.575401306152344,843,0.0,0.0,0.0
2022-11-21 13:30:00-05:00,59.529998779296875,59.65999984741211,59.529998779296875,59.529998779296875,871,0.0,0.0,0.0
2022-11-21 14:30:00-05:00,59.47999954223633,59.47999954223633,59.47999954223633,59.47999954223633,1506,0.0,0.0,0.0
2022-11-21 15:30:00-05:00,59.654998779296875,59.654998779296875,59.530399322509766,59.530399322509766,220,0.0,0.0,0.0
2022-11-22 09:30:00-05:00,59.83000183105469,59.83000183105469,59.58290100097656,59.630001068115234,2008,0.0,0.0,0.0
2022-11-22 10:30:00-05:00,59.72999954223633,59.72999954223633,59.724998474121094,59.724998474121094,319,0.0,0.0,0.0
2022-11-22 11:30:00-05:00,59.72019958496094,59.8650016784668,59.630001068115234,59.8650016784668,1728,0.0,0.0,0.0
2022-11-22 12:30:00-05:00,59.70000076293945,59.85499954223633,59.55500030517578,59.85499954223633,700,0.0,0.0,0.0
2022-11-22 13:30:00-05:00,59.70000076293945,59.70000076293945,59.70000076293945,59.70000076293945,582,0.0,0.0,0.0
2022-11-22 14:30:00-05:00,59.70000076293945,59.77199935913086,59.70000076293945,59.77199935913086,412,0.0,0.0,0.0
2022-11-22 15:30:00-05:00,59.880001068115234,59.970001220703125,59.7599983215332,59.95000076293945,0,0.0,0.0,0.0
2022-11-23 09:30:00-05:00,59.880001068115234,60.0,59.06999969482422,59.08000183105469,5516,0.0,0.0,0.0
2022-11-23 10:30:00-05:00,59.53620147705078,59.53620147705078,59.53620147705078,59.53620147705078,638,0.0,0.0,0.0
2022-11-23 11:30:00-05:00,60.189998626708984,60.189998626708984,60.189998626708984,60.189998626708984,167,0.0,0.0,0.0
2022-11-23 12:30:00-05:00,60.239898681640625,60.239898681640625,59.6973991394043,59.6973991394043,461,0.0,0.0,0.0
2022-11-23 13:30:00-05:00,59.724998474121094,60.05120086669922,59.724998474121094,59.73210144042969,1020,0.0,0.0,0.0
2022-11-25 09:30:00-05:00,60.189998626708984,60.189998626708984,60.189998626708984,60.189998626708984,0,0.0,0.0,0.0
2022-11-25 10:30:00-05:00,60.119998931884766,60.880001068115234,60.02000045776367,60.02000045776367,5960,0.0,0.0,0.0
2022-11-25 11:30:00-05:00,60.17359924316406,60.17359924316406,60.17359924316406,60.17359924316406,1818,0.0,0.0,0.0
2022-11-28 09:30:00-05:00,59.650001525878906,59.650001525878906,59.56999969482422,59.650001525878906,2600,0.0,0.0,0.0
2022-11-28 12:30:00-05:00,59.779998779296875,60.189998626708984,59.779998779296875,60.189998626708984,474,0.0,0.0,0.0
2022-11-28 13:30:00-05:00,59.6703987121582,59.6703987121582,59.6703987121582,59.6703987121582,350,0.0,0.0,0.0
2022-11-28 14:30:00-05:00,59.79570007324219,59.91699981689453,59.599998474121094,59.599998474121094,2576,0.0,0.0,0.0
2022-11-28 15:30:00-05:00,59.77989959716797,59.77989959716797,59.68000030517578,59.68000030517578,327,0.0,0.0,0.0
2022-11-29 10:30:00-05:00,59.60499954223633,59.60499954223633,59.60499954223633,59.60499954223633,0,0.0,0.0,0.0
2022-11-29 11:30:00-05:00,59.040000915527344,60.064998626708984,59.040000915527344,60.064998626708984,357,0.0,0.0,0.0
2022-11-29 12:30:00-05:00,59.5,59.72999954223633,59.5,59.709999084472656,1519,0.0,0.0,0.0
2022-11-29 14:30:00-05:00,59.7400016784668,59.7400016784668,59.7400016784668,59.7400016784668,200,0.0,0.0,0.0
2022-11-29 15:30:00-05:00,59.375,59.72999954223633,59.375,59.37860107421875,1346,0.0,0.0,0.0
2022-11-30 09:30:00-05:00,59.20000076293945,59.20000076293945,59.001800537109375,59.001800537109375,0,0.0,0.0,0.0
2022-11-30 10:30:00-05:00,59.810001373291016,59.810001373291016,59.661800384521484,59.661800384521484,250,0.0,0.0,0.0
2022-11-30 11:30:00-05:00,59.5,59.5,59.4536018371582,59.4536018371582,390,0.0,0.0,0.0
2022-11-30 12:30:00-05:00,59.380001068115234,59.70000076293945,59.380001068115234,59.70000076293945,1989,0.0,0.0,0.0
2022-11-30 13:30:00-05:00,59.79999923706055,60.209999084472656,59.27009963989258,59.27009963989258,5399,0.0,0.0,0.0
2022-11-30 14:30:00-05:00,60.209999084472656,60.209999084472656,59.790000915527344,59.790000915527344,472,0.0,0.0,0.0
2022-11-30 15:30:00-05:00,59.380001068115234,59.78499984741211,59.380001068115234,59.78499984741211,335,0.0,0.0,0.0
2022-12-01 09:30:00-05:00,60.04999923706055,60.04999923706055,59.916099548339844,59.916099548339844,0,0.0,0.0,0.0
2022-12-01 10:30:00-05:00,59.970001220703125,60.04499816894531,59.5,59.5,7341,0.0,0.0,0.0
2022-12-01 11:30:00-05:00,59.439998626708984,59.5,59.439998626708984,59.5,1673,0.0,0.0,0.0
2022-12-01 12:30:00-05:00,59.47999954223633,59.6150016784668,59.435001373291016,59.6150016784668,568,0.0,0.0,0.0
2022-12-01 13:30:00-05:00,59.6150016784668,59.6150016784668,59.6150016784668,59.6150016784668,580,0.0,0.0,0.0
2022-12-01 15:30:00-05:00,59.40999984741211,59.6150016784668,59.40999984741211,59.6150016784668,302,0.0,0.0,0.0
2022-12-02 09:30:00-05:00,59.38999938964844,59.5,59.38999938964844,59.5,0,0.0,0.0,0.0
2022-12-02 10:30:00-05:00,59.65999984741211,59.65999984741211,59.43000030517578,59.47999954223633,1026,0.0,0.0,0.0
2022-12-02 11:30:00-05:00,59.47169876098633,59.5,59.47169876098633,59.5,591,0.0,0.0,0.0
2022-12-02 12:30:00-05:00,59.41999816894531,59.56999969482422,59.41999816894531,59.5,1510,0.0,0.0,0.0
2022-12-02 13:30:00-05:00,59.54499816894531,59.70000076293945,59.5,59.5,719,0.0,0.0,0.0
2022-12-02 14:30:00-05:00,59.46500015258789,59.689998626708984,59.46500015258789,59.599998474121094,2716,0.0,0.0,0.0
2022-12-02 15:30:00-05:00,59.6869010925293,59.6869010925293,59.599998474121094,59.599998474121094,1774,0.0,0.0,0.0
2022-12-05 09:30:00-05:00,59.75,59.83000183105469,59.63999938964844,59.75199890136719,0,0.0,0.0,0.0
2022-12-05 10:30:00-05:00,59.810001373291016,59.8650016784668,59.810001373291016,59.8650016784668,674,0.0,0.0,0.0
2022-12-05 12:30:00-05:00,59.63999938964844,59.72999954223633,59.63999938964844,59.72999954223633,640,0.0,0.0,0.0
2022-12-05 13:30:00-05:00,59.435001373291016,59.435001373291016,59.09000015258789,59.2322998046875,10220,0.0,0.0,0.0
2022-12-05 14:30:00-05:00,59.459999084472656,59.459999084472656,59.29999923706055,59.29999923706055,1261,0.0,0.0,0.0
2022-12-05 15:30:00-05:00,59.40919876098633,59.44499969482422,59.40919876098633,59.44499969482422,279,0.0,0.0,0.0
2022-12-06 10:30:00-05:00,59.44499969482422,59.89500045776367,59.44499969482422,59.89500045776367,107,0.0,0.0,0.0
2022-12-06 11:30:00-05:00,59.77000045776367,59.95000076293945,59.75,59.95000076293945,372,0.0,0.0,0.0
2022-12-06 12:30:00-05:00,59.560001373291016,59.959999084472656,59.55500030517578,59.959999084472656,469,0.0,0.0,0.0
2022-12-06 13:30:00-05:00,59.75,59.75,59.51499938964844,59.51499938964844,444,0.0,0.0,0.0
2022-12-06 14:30:00-05:00,59.65999984741211,59.65999984741211,59.65999984741211,59.65999984741211,268,0.0,0.0,0.0
2022-12-06 15:30:00-05:00,58.88999938964844,59.5,58.88999938964844,59.314998626708984,0,0.0,0.0,0.0
2022-12-07 09:30:00-05:00,58.880001068115234,58.91999816894531,58.84000015258789,58.84000015258789,841,0.0,0.0,0.0
2022-12-07 10:30:00-05:00,58.79999923706055,58.94499969482422,58.79999923706055,58.94499969482422,851,0.0,0.0,0.0
2022-12-07 11:30:00-05:00,58.94499969482422,59.07500076293945,58.810001373291016,59.07500076293945,1190,0.0,0.0,0.0
2022-12-07 12:30:00-05:00,58.926700592041016,59.06999969482422,58.81999969482422,58.81999969482422,6638,0.0,0.0,0.0
2022-12-07 13:30:00-05:00,58.849998474121094,58.94499969482422,58.849998474121094,58.94499969482422,203,0.0,0.0,0.0
2022-12-07 14:30:00-05:00,58.9900016784668,58.9900016784668,58.880001068115234,58.94300079345703,1545,0.0,0.0,0.0
2022-12-07 15:30:00-05:00,58.88999938964844,58.900001525878906,58.630001068115234,58.849998474121094,17722,0.0,0.0,0.0
2022-12-08 09:30:00-05:00,59.27000045776367,59.27000045776367,58.529998779296875,58.91999816894531,0,0.0,0.0,0.0
2022-12-08 10:30:00-05:00,58.89500045776367,59.095001220703125,58.89500045776367,59.06999969482422,2577,0.0,0.0,0.0
2022-12-08 11:30:00-05:00,59.064998626708984,59.130001068115234,59.0,59.0099983215332,11676,0.0,0.0,0.0
2022-12-08 12:30:00-05:00,59.02000045776367,59.16999816894531,59.0,59.130001068115234,10957,0.0,0.0,0.0
2022-12-08 13:30:00-05:00,59.220001220703125,59.220001220703125,59.09000015258789,59.099998474121094,1908,0.0,0.0,0.0
2022-12-08 15:30:00-05:00,59.15999984741211,59.220001220703125,59.15999984741211,59.15999984741211,1501,0.0,0.0,0.0
2022-12-09 09:30:00-05:00,59.209999084472656,59.599998474121094,58.13999938964844,59.599998474121094,0,0.0,0.0,0.0
2022-12-09 10:30:00-05:00,59.58000183105469,59.599998474121094,59.56999969482422,59.599998474121094,376,0.0,0.0,0.0
2022-12-09 12:30:00-05:00,59.345001220703125,59.630001068115234,59.04999923706055,59.59000015258789,3994,0.0,0.0,0.0
2022-12-09 13:30:00-05:00,59.209999084472656,59.29999923706055,59.08000183105469,59.14780044555664,3574,0.0,0.0,0.0
2022-12-09 14:30:00-05:00,59.189998626708984,59.29499816894531,59.060001373291016,59.29499816894531,2632,0.0,0.0,0.0
2022-12-12 09:30:00-05:00,59.641998291015625,60.0,59.349998474121094,59.84299850463867,0,0.0,0.0,0.0
2022-12-12 10:30:00-05:00,60.0,60.0,60.0,60.0,511,0.0,0.0,0.0
2022-12-12 11:30:00-05:00,59.76499938964844,59.76499938964844,59.76499938964844,59.76499938964844,246,0.0,0.0,0.0
2022-12-12 12:30:00-05:00,59.43000030517578,59.45000076293945,59.39500045776367,59.45000076293945,866,0.0,0.0,0.0
2022-12-12 14:30:00-05:00,59.540000915527344,59.70000076293945,59.525001525878906,59.70000076293945,2018,0.0,0.0,0.0
2022-12-12 15:30:00-05:00,59.80799865722656,59.80799865722656,59.720001220703125,59.720001220703125,310,0.0,0.0,0.0
2022-12-13 09:30:00-05:00,60.08000183105469,60.08000183105469,59.959999084472656,59.959999084472656,0,0.0,0.0,0.0
2022-12-13 10:30:00-05:00,59.900001525878906,59.900001525878906,59.81999969482422,59.81999969482422,1173,0.0,0.0,0.0
2022-12-13 11:30:00-05:00,59.810001373291016,59.849998474121094,59.810001373291016,59.810001373291016,691,0.0,0.0,0.0
2022-12-13 12:30:00-05:00,60.007999420166016,60.007999420166016,59.7400016784668,59.816001892089844,1335,0.0,0.0,0.0
2022-12-13 13:30:00-05:00,60.19990158081055,60.19990158081055,59.9984016418457,59.9984016418457,327,0.0,0.0,0.0
2022-12-13 14:30:00-05:00,59.880001068115234,59.880001068115234,59.779998779296875,59.779998779296875,703,0.0,0.0,0.0
2022-12-13 15:30:00-05:00,59.933998107910156,60.04800033569336,59.933998107910156,60.00120162963867,252,0.0,0.0,0.0
2022-12-14 09:30:00-05:00,60.00120162963867,60.00120162963867,59.775001525878906,59.775001525878906,0,0.0,0.0,0.0
2022-12-14 10:30:00-05:00,59.775001525878906,59.775001525878906,59.775001525878906,59.775001525878906,186,0.0,0.0,0.0
2022-12-14 11:30:00-05:00,59.68259811401367,59.68259811401367,59.53269958496094,59.53269958496094,668,0.0,0.0,0.0
2022-12-14 12:30:00-05:00,59.52000045776367,59.775001525878906,59.44499969482422,59.775001525878906,851,0.0,0.0,0.0
2022-12-14 13:30:00-05:00,59.775001525878906,59.86050033569336,59.5901985168457,59.5901985168457,1966,0.0,0.0,0.0
2022-12-14 14:30:00-05:00,59.775001525878906,59.775001525878906,59.38999938964844,59.775001525878906,0,0.0,0.0,0.0
2022-12-14 15:30:00-05:00,59.689998626708984,59.872501373291016,59.689998626708984,59.872501373291016,5259,0.0,0.0,0.0
2022-12-15 09:30:00-05:00,59.349998474121094,59.724998474121094,59.349998474121094,59.724998474121094,0,0.0,0.0,0.0
2022-12-15 10:30:00-05:00,59.362998962402344,59.4640007019043,59.362998962402344,59.4640007019043,695,0.0,0.0,0.0
2022-12-15 11:30:00-05:00,59.90999984741211,60.04999923706055,59.15999984741211,59.16999816894531,3698,0.0,0.0,0.0
2022-12-15 12:30:00-05:00,59.875099182128906,59.875099182128906,59.685001373291016,59.685001373291016,1340,0.0,0.0,0.0
2022-12-15 13:30:00-05:00,59.71419906616211,59.71419906616211,59.689998626708984,59.689998626708984,821,0.0,0.0,0.0
2022-12-15 14:30:00-05:00,59.5,59.704498291015625,59.220001220703125,59.704498291015625,2176,0.0,0.0,0.0
2022-12-15 15:30:00-05:00,59.470001220703125,59.51070022583008,59.310001373291016,59.51070022583008,496,0.0,0.0,0.0
2022-12-16 09:30:00-05:00,59.2400016784668,59.27289962768555,59.0,59.0,0,0.0,0.0,0.0
2022-12-16 10:30:00-05:00,59.38869857788086,59.38869857788086,59.375999450683594,59.375999450683594,1936,0.0,0.0,0.0
2022-12-16 11:30:00-05:00,59.375999450683594,59.375999450683594,59.375999450683594,59.375999450683594,355,0.0,0.0,0.0
2022-12-16 12:30:00-05:00,59.304500579833984,59.36629867553711,58.900001525878906,59.36629867553711,1523,0.0,0.0,0.0
2022-12-16 13:30:00-05:00,59.26390075683594,59.26390075683594,58.84000015258789,58.84000015258789,477,0.0,0.0,0.0
2022-12-16 14:30:00-05:00,59.367000579833984,59.367000579833984,58.959999084472656,58.959999084472656,625,0.0,0.0,0.0
2022-12-16 15:30:00-05:00,59.224998474121094,59.224998474121094,59.02000045776367,59.02000045776367,361,0.0,0.0,0.0
2022-12-19 09:30:00-05:00,60.189998626708984,60.189998626708984,60.189998626708984,60.189998626708984,0,0.0,0.0,0.0
2022-12-19 11:30:00-05:00,58.82120132446289,58.82120132446289,58.82120132446289,58.82120132446289,219,0.0,0.0,0.0
2022-12-19 13:30:00-05:00,59.09000015258789,59.099998474121094,59.09000015258789,59.099998474121094,491,0.0,0.0,0.0
2022-12-19 14:30:00-05:00,59.068199157714844,59.15999984741211,58.83000183105469,59.05799865722656,2330,0.0,0.0,0.0
2022-12-19 15:30:00-05:00,58.98030090332031,58.98030090332031,58.81999969482422,58.93000030517578,20068,0.0,0.0,0.0
2022-12-20 09:30:00-05:00,58.84000015258789,59.02000045776367,58.84000015258789,58.970001220703125,0,0.0,0.0,0.0
2022-12-20 10:30:00-05:00,58.84000015258789,59.13999938964844,58.84000015258789,59.13999938964844,831,0.0,0.0,0.0
2022-12-20 11:30:00-05:00,59.1599006652832,59.1599006652832,58.83000183105469,59.07500076293945,2260,0.0,0.0,0.0
2022-12-20 12:30:00-05:00,59.2599983215332,59.314998626708984,58.86000061035156,58.89860153198242,2646,0.0,0.0,0.0
2022-12-20 13:30:00-05:00,59.310001373291016,59.540000915527344,58.900001525878906,59.209999084472656,5974,0.0,0.0,0.0
2022-12-20 14:30:00-05:00,59.209999084472656,59.52000045776367,58.88999938964844,59.209999084472656,1652,0.0,0.0,0.0
2022-12-20 15:30:00-05:00,59.209999084472656,59.209999084472656,59.209999084472656,59.209999084472656,464,0.0,0.0,0.0
2022-12-21 09:30:00-05:00,59.08000183105469,59.08000183105469,59.08000183105469,59.08000183105469,0,0.0,0.0,0.0
2022-12-21 10:30:00-05:00,59.56679916381836,59.75,59.08000183105469,59.71500015258789,4478,0.0,0.0,0.0
2022-12-21 11:30:00-05:00,59.49250030517578,59.49250030517578,59.13999938964844,59.33380126953125,1031,0.0,0.0,0.0
2022-12-21 12:30:00-05:00,59.49250030517578,59.49250030517578,59.49250030517578,59.49250030517578,344,0.0,0.0,0.0
2022-12-21 13:30:00-05:00,59.62200164794922,59.62200164794922,59.62200164794922,59.62200164794922,310,0.0,0.0,0.0
2022-12-21 14:30:00-05:00,59.33000183105469,59.56999969482422,59.09000015258789,59.56999969482422,2704,0.0,0.0,0.0
2022-12-21 15:30:00-05:00,59.58000183105469,59.58000183105469,59.4900016784668,59.4900016784668,0,0.0,0.0,0.0
2022-12-22 09:30:00-05:00,59.0099983215332,59.06999969482422,59.0,59.0,1925,0.0,0.0,0.0
2022-12-22 10:30:00-05:00,59.224998474121094,59.41849899291992,59.224998474121094,59.41849899291992,417,0.0,0.0,0.0
2022-12-22 11:30:00-05:00,59.20500183105469,59.30699920654297,59.20500183105469,59.27980041503906,969,0.0,0.0,0.0
2022-12-22 12:30:00-05:00,59.29499816894531,59.29499816894531,59.130001068115234,59.130001068115234,436,0.0,0.0,0.0
2022-12-22 13:30:00-05:00,58.99800109863281,58.99800109863281,58.099998474121094,58.5,3334,0.0,0.0,0.0
2022-12-22 14:30:00-05:00,58.4900016784668,58.97420120239258,58.279998779296875,58.97420120239258,2689,0.0,0.0,0.0
2022-12-22 15:30:00-05:00,58.963199615478516,59.060001373291016,58.869998931884766,58.95000076293945,1325,0.0,0.0,0.0
2022-12-23 09:30:00-05:00,58.9900016784668,59.09000015258789,58.959999084472656,58.959999084472656,0,0.0,0.0,0.0
2022-12-23 10:30:00-05:00,59.18000030517578,59.306800842285156,58.88999938964844,58.90999984741211,2377,0.0,0.0,0.0
2022-12-23 11:30:00-05:00,59.02000045776367,59.29999923706055,58.88010025024414,59.18000030517578,3039,0.0,0.0,0.0
2022-12-23 12:30:00-05:00,59.18000030517578,59.36000061035156,59.18000030517578,59.247398376464844,2030,0.0,0.0,0.0
2022-12-23 13:30:00-05:00,59.31159973144531,59.47999954223633,59.060001373291016,59.204898834228516,1702,0.0,0.0,0.0
2022-12-23 14:30:00-05:00,59.12310028076172,59.25,59.12310028076172,59.25,63995,0.0,0.0,0.0
2022-12-23 15:30:00-05:00,58.95000076293945,58.95000076293945,58.939998626708984,58.939998626708984,378,0.0,0.0,0.0
2022-12-27 09:30:00-05:00,59.15999984741211,59.165000915527344,59.13999938964844,59.13999938964844,0,0.0,0.0,0.0
2022-12-27 10:30:00-05:00,59.17940139770508,59.29999923706055,59.17499923706055,59.29999923706055,2301,0.0,0.0,0.0
2022-12-27 11:30:00-05:00,59.18470001220703,59.29999923706055,59.18000030517578,59.2400016784668,3039,0.0,0.0,0.0
2022-12-27 12:30:00-05:00,59.22999954223633,59.290000915527344,59.130001068115234,59.13999938964844,5364,0.0,0.0,0.0
2022-12-27 13:30:00-05:00,59.13999938964844,59.2234001159668,59.0,59.0,9113,0.0,0.0,0.0
2022-12-27 14:30:00-05:00,59.0,59.0,58.858001708984375,58.858001708984375,2300,0.0,0.0,0.0
2022-12-27 15:30:00-05:00,58.88999938964844,58.95199966430664,58.63999938964844,58.63999938964844,1485,0.0,0.0,0.0
2022-12-28 09:30:00-05:00,58.793800354003906,58.793800354003906,58.709999084472656,58.709999084472656,0,0.0,0.0,0.0
2022-12-28 10:30:00-05:00,58.59000015258789,59.06999969482422,58.59000015258789,58.82500076293945,2599,0.0,0.0,0.0
2022-12-28 11:30:00-05:00,58.82500076293945,58.88050079345703,58.5099983215332,58.79600143432617,6014,0.0,0.0,0.0
2022-12-28 12:30:00-05:00,58.81999969482422,58.81999969482422,58.45000076293945,58.45000076293945,490,0.0,0.0,0.0
2022-12-28 13:30:00-05:00,58.47999954223633,58.76499938964844,58.45000076293945,58.459999084472656,3106,0.0,0.0,0.0
2022-12-28 14:30:00-05:00,58.29999923706055,58.90800094604492,58.099998474121094,58.50450134277344,10217,0.0,0.0,0.0
2022-12-28 15:30:00-05:00,58.64030075073242,58.7671012878418,58.459999084472656,58.459999084472656,1336,0.0,0.0,0.0
2022-12-29 09:30:00-05:00,57.56999969482422,57.823299407958984,57.56999969482422,57.823299407958984,0,0.0,0.0,0.0
2022-12-29 10:30:00-05:00,58.02000045776367,58.36000061035156,58.02000045776367,58.36000061035156,3634,0.0,0.0,0.0
2022-12-29 12:30:00-05:00,58.459999084472656,58.470001220703125,58.02000045776367,58.09989929199219,2218,0.0,0.0,0.0
2022-12-29 13:30:00-05:00,58.470001220703125,58.470001220703125,57.58000183105469,58.470001220703125,4863,0.0,0.0,0.0
2022-12-29 14:30:00-05:00,58.58000183105469,58.58000183105469,58.185001373291016,58.185001373291016,1323,0.0,0.0,0.0
2022-12-29 15:30:00-05:00,58.58000183105469,58.60499954223633,58.54999923706055,58.560001373291016,1661,0.0,0.0,0.0
2022-12-30 09:30:00-05:00,58.51499938964844,58.77000045776367,58.51499938964844,58.72119903564453,0,0.0,0.0,0.0
2022-12-30 10:30:00-05:00,58.71770095825195,58.790000915527344,58.67499923706055,58.69969940185547,1061,0.0,0.0,0.0
2022-12-30 11:30:00-05:00,58.52000045776367,58.814998626708984,58.52000045776367,58.814998626708984,2771,0.0,0.0,0.0
2022-12-30 13:30:00-05:00,58.540000915527344,58.67499923706055,58.380001068115234,58.39500045776367,6777,0.0,0.0,0.0
2022-12-30 14:30:00-05:00,58.665000915527344,58.66999816894531,58.665000915527344,58.66999816894531,658,0.0,0.0,0.0
2022-12-30 15:30:00-05:00,58.63999938964844,58.66999816894531,58.39500045776367,58.39500045776367,5072,0.0,0.0,0.0
2023-01-03 09:30:00-05:00,58.97999954223633,58.97999954223633,58.18000030517578,58.970001220703125,0,0.0,0.0,0.0
2023-01-03 10:30:00-05:00,58.959999084472656,59.0099983215332,58.73500061035156,58.939998626708984,7937,0.0,0.0,0.0
2023-01-03 11:30:00-05:00,58.77000045776367,58.939998626708984,58.77000045776367,58.779998779296875,2861,0.0,0.0,0.0
2023-01-03 12:30:00-05:00,58.909400939941406,58.909400939941406,58.909400939941406,58.909400939941406,933,0.0,0.0,0.0
2023-01-03 13:30:00-05:00,58.8849983215332,58.8849983215332,58.775001525878906,58.8849983215332,1907,0.0,0.0,0.0
2023-01-03 14:30:00-05:00,58.7599983215332,58.893699645996094,58.7599983215332,58.893699645996094,1072,0.0,0.0,0.0
2023-01-04 11:30:00-05:00,58.9900016784668,59.08000183105469,58.959999084472656,59.060001373291016,4024,0.0,0.0,0.0
2023-01-04 12:30:00-05:00,58.994998931884766,58.994998931884766,58.994998931884766,58.994998931884766,208,0.0,0.0,0.0
2023-01-04 15:30:00-05:00,59.29999923706055,59.29999923706055,59.25,59.2599983215332,0,0.0,0.0,0.0
2023-01-05 09:30:00-05:00,59.380001068115234,59.380001068115234,59.380001068115234,59.380001068115234,757,0.0,0.0,0.0
2023-01-05 12:30:00-05:00,59.31999969482422,59.31999969482422,59.15999984741211,59.15999984741211,1237,0.0,0.0,0.0
2023-01-05 13:30:00-05:00,59.15999984741211,59.31999969482422,59.15999984741211,59.294498443603516,2016,0.0,0.0,0.0
2023-01-06 10:30:00-05:00,59.599998474121094,59.599998474121094,59.59000015258789,59.595001220703125,4435,0.0,0.0,0.0
2023-01-06 11:30:00-05:00,59.83000183105469,59.83000183105469,59.810001373291016,59.83000183105469,460,0.0,0.0,0.0
2023-01-06 12:30:00-05:00,59.630001068115234,59.630001068115234,59.599998474121094,59.599998474121094,817,0.0,0.0,0.0
2023-01-06 13:30:00-05:00,59.61000061035156,59.83000183105469,59.61000061035156,59.83000183105469,512,0.0,0.0,0.0
2023-01-06 14:30:00-05:00,59.7400016784668,59.849998474121094,59.7400016784668,59.83000183105469,1250,0.0,0.0,0.0
2023-01-06 15:30:00-05:00,60.0,60.0,60.0,60.0,7929,0.0,0.0,0.0
2023-01-09 09:30:00-05:00,60.150001525878906,60.150001525878906,60.150001525878906,60.150001525878906,0,0.0,0.0,0.0
2023-01-09 10:30:00-05:00,60.09000015258789,60.09000015258789,59.94089889526367,59.94089889526367,234,0.0,0.0,0.0
2023-01-09 11:30:00-05:00,60.02349853515625,60.02349853515625,59.904998779296875,59.904998779296875,561,0.0,0.0,0.0
2023-01-09 13:30:00-05:00,59.93080139160156,60.08000183105469,59.91999816894531,59.91999816894531,873,0.0,0.0,0.0
2023-01-09 14:30:00-05:00,60.08000183105469,60.70000076293945,60.029998779296875,60.060001373291016,69674,0.0,0.0,0.0
2023-01-09 15:30:00-05:00,60.2400016784668,60.2400016784668,59.75,59.83000183105469,3439,0.0,0.0,0.0
2023-01-10 09:30:00-05:00,59.95000076293945,59.95000076293945,59.95000076293945,59.95000076293945,0,0.0,0.0,0.0
2023-01-10 12:30:00-05:00,60.02000045776367,60.02000045776367,60.02000045776367,60.02000045776367,199,0.0,0.0,0.0
2023-01-10 13:30:00-05:00,60.064998626708984,60.064998626708984,60.064998626708984,60.064998626708984,100,0.0,0.0,0.0
2023-01-10 14:30:00-05:00,59.97999954223633,60.01499938964844,59.970001220703125,59.9900016784668,1480,0.0,0.0,0.0
2023-01-11 10:30:00-05:00,60.17499923706055,60.17499923706055,60.17499923706055,60.17499923706055,0,0.0,0.0,0.0
2023-01-11 12:30:00-05:00,60.255001068115234,60.255001068115234,60.11000061035156,60.1150016784668,1187,0.0,0.0,0.0
2023-01-11 13:30:00-05:00,60.11000061035156,60.11000061035156,60.11000061035156,60.11000061035156,190,0.0,0.0,0.0
2023-01-11 14:30:00-05:00,60.18000030517578,60.183998107910156,60.15079879760742,60.183998107910156,681,0.0,0.0,0.0
2023-01-11 15:30:00-05:00,60.14609909057617,60.14609909057617,60.11000061035156,60.11000061035156,703,0.0,0.0,0.0
2023-01-12 09:30:00-05:00,60.40999984741211,60.40999984741211,60.130001068115234,60.130001068115234,0,0.0,0.0,0.0
2023-01-12 10:30:00-05:00,60.209999084472656,60.28419876098633,60.13999938964844,60.28419876098633,2242,0.0,0.0,0.0
2023-01-12 11:30:00-05:00,60.130001068115234,60.587501525878906,60.130001068115234,60.3203010559082,8886,0.0,0.0,0.0
2023-01-12 12:30:00-05:00,60.15999984741211,60.44499969482422,60.15999984741211,60.15999984741211,3544,0.0,0.0,0.0
2023-01-12 13:30:00-05:00,60.189998626708984,60.72990036010742,60.13999938964844,60.435001373291016,3369,0.0,0.0,0.0
2023-01-12 14:30:00-05:00,60.15999984741211,60.56999969482422,60.130001068115234,60.13999938964844,6958,0.0,0.0,0.0
2023-01-12 15:30:00-05:00,60.16999816894531,60.189998626708984,60.13999938964844,60.189998626708984,1237,0.0,0.0,0.0
2023-01-13 09:30:00-05:00,59.900001525878906,60.244998931884766,59.869998931884766,60.244998931884766,0,0.0,0.0,0.0
2023-01-13 10:30:00-05:00,60.244998931884766,60.244998931884766,60.244998931884766,60.244998931884766,170,0.0,0.0,0.0
2023-01-13 11:30:00-05:00,59.8849983215332,60.244998931884766,59.8849983215332,60.244998931884766,326,0.0,0.0,0.0
2023-01-13 12:30:00-05:00,60.679901123046875,60.679901123046875,59.810001373291016,59.810001373291016,642,0.0,0.0,0.0
2023-01-13 13:30:00-05:00,59.95000076293945,59.95000076293945,59.95000076293945,59.95000076293945,303,0.0,0.0,0.0
2023-01-13 14:30:00-05:00,60.15999984741211,60.61000061035156,60.150001525878906,60.560001373291016,2672,0.0,0.0,0.0
2023-01-13 15:30:00-05:00,60.56999969482422,60.61000061035156,60.30759811401367,60.47999954223633,1163,0.0,0.0,0.0
2023-01-17 09:30:00-05:00,60.349998474121094,60.349998474121094,60.349998474121094,60.349998474121094,0,0.0,0.0,0.0
2023-01-17 10:30:00-05:00,60.18000030517578,60.77000045776367,60.18000030517578,60.5099983215332,1263,0.0,0.0,0.0
2023-01-17 11:30:00-05:00,60.66999816894531,60.755001068115234,60.1150016784668,60.13999938964844,4078,0.0,0.0,0.0
2023-01-17 14:30:00-05:00,60.43000030517578,60.43000030517578,60.43000030517578,60.43000030517578,977,0.0,0.0,0.0
2023-01-17 15:30:00-05:00,60.30379867553711,60.30379867553711,60.189998626708984,60.189998626708984,356,0.0,0.0,0.0
2023-01-18 09:30:00-05:00,60.46670150756836,60.46670150756836,60.46670150756836,60.46670150756836,0,0.0,0.0,0.0
2023-01-18 11:30:00-05:00,60.459999084472656,60.459999084472656,60.029998779296875,60.040000915527344,1208,0.0,0.0,0.0
2023-01-18 12:30:00-05:00,60.03030014038086,60.03030014038086,60.03030014038086,60.03030014038086,625,0.0,0.0,0.0
2023-01-18 13:30:00-05:00,60.0099983215332,60.0099983215332,60.0099983215332,60.0099983215332,181,0.0,0.0,0.0
2023-01-18 14:30:00-05:00,59.974998474121094,60.040000915527344,59.970001220703125,59.970001220703125,825,0.0,0.0,0.0
2023-01-18 15:30:00-05:00,59.88999938964844,59.88999938964844,59.88999938964844,59.88999938964844,222,0.0,0.0,0.0
2023-01-19 09:30:00-05:00,59.81999969482422,59.89500045776367,59.70000076293945,59.70000076293945,0,0.0,0.0,0.0
2023-01-19 10:30:00-05:00,59.83000183105469,59.85499954223633,59.83000183105469,59.85499954223633,486,0.0,0.0,0.0
2023-01-19 11:30:00-05:00,59.779998779296875,59.834999084472656,59.779998779296875,59.834999084472656,380,0.0,0.0,0.0
2023-01-19 13:30:00-05:00,59.369998931884766,59.59000015258789,59.290000915527344,59.59000015258789,597,0.0,0.0,0.0
2023-01-19 14:30:00-05:00,59.900001525878906,59.900001525878906,59.59000015258789,59.88999938964844,6675,0.0,0.0,0.0
2023-01-19 15:30:00-05:00,59.33000183105469,59.66999816894531,59.279998779296875,59.279998779296875,0,0.0,0.0,0.0
2023-01-20 09:30:00-05:00,59.19499969482422,59.19499969482422,59.19499969482422,59.19499969482422,259,0.0,0.0,0.0
2023-01-20 10:30:00-05:00,59.29010009765625,59.29010009765625,59.29010009765625,59.29010009765625,3728,0.0,0.0,0.0
2023-01-20 11:30:00-05:00,59.29999923706055,59.790000915527344,59.29999923706055,59.790000915527344,583,0.0,0.0,0.0
2023-01-20 12:30:00-05:00,59.36000061035156,59.79999923706055,59.29199981689453,59.689998626708984,4185,0.0,0.0,0.0
2023-01-20 14:30:00-05:00,59.150001525878906,59.70000076293945,59.150001525878906,59.70000076293945,938,0.0,0.0,0.0
2023-01-20 15:30:00-05:00,59.70000076293945,59.85070037841797,59.63999938964844,59.85070037841797,5636,0.0,0.0,0.0
2023-01-23 09:30:00-05:00,59.869998931884766,59.96989822387695,59.78099822998047,59.78099822998047,0,0.0,0.0,0.0
2023-01-23 10:30:00-05:00,59.834999084472656,59.970001220703125,59.79999923706055,59.79999923706055,913,0.0,0.0,0.0
2023-01-23 11:30:00-05:00,59.79999923706055,59.79999923706055,59.70009994506836,59.70009994506836,27848,0.0,0.0,0.0
2023-01-23 12:30:00-05:00,59.96730041503906,59.96730041503906,59.96730041503906,59.96730041503906,377,0.0,0.0,0.0
2023-01-23 13:30:00-05:00,59.81999969482422,60.130001068115234,59.70000076293945,60.099998474121094,7116,0.0,0.0,0.0
2023-01-23 14:30:00-05:00,60.09000015258789,60.09000015258789,59.73500061035156,59.73500061035156,814,0.0,0.0,0.0
2023-01-23 15:30:00-05:00,59.83000183105469,59.91999816894531,59.70000076293945,59.91999816894531,1907,0.0,0.0,0.0
2023-01-24 09:30:00-05:00,59.880001068115234,60.087501525878906,59.880001068115234,59.91999816894531,0,0.0,0.0,0.0
2023-01-24 10:30:00-05:00,59.83599853515625,59.83599853515625,59.81999969482422,59.81999969482422,1231,0.0,0.0,0.0
2023-01-24 11:30:00-05:00,59.8650016784668,59.95000076293945,59.8650016784668,59.8650016784668,1052,0.0,0.0,0.0
2023-01-24 13:30:00-05:00,59.959999084472656,59.959999084472656,59.810001373291016,59.95000076293945,2303,0.0,0.0,0.0
2023-01-24 15:30:00-05:00,59.95000076293945,59.95000076293945,59.95000076293945,59.95000076293945,0,0.0,0.0,0.0
2023-01-25 09:30:00-05:00,59.66999816894531,59.66999816894531,59.29159927368164,59.29159927368164,787,0.0,0.0,0.0
2023-01-25 10:30:00-05:00,59.720001220703125,59.83000183105469,59.6349983215332,59.83000183105469,981,0.0,0.0,0.0
2023-01-25 11:30:00-05:00,59.69139862060547,59.69139862060547,59.494998931884766,59.494998931884766,570,0.0,0.0,0.0
2023-01-25 13:30:00-05:00,59.650001525878906,59.869998931884766,59.650001525878906,59.7661018371582,2590,0.0,0.0,0.0
2023-01-25 15:30:00-05:00,59.80500030517578,59.8849983215332,59.80500030517578,59.8849983215332,640,0.0,0.0,0.0
2023-01-26 09:30:00-05:00,60.099998474121094,60.12820053100586,60.084999084472656,60.084999084472656,0,0.0,0.0,0.0
2023-01-26 10:30:00-05:00,59.83430099487305,59.83430099487305,59.83430099487305,59.83430099487305,300,0.0,0.0,0.0
2023-01-26 11:30:00-05:00,59.81869888305664,59.81869888305664,59.81869888305664,59.81869888305664,1599,0.0,0.0,0.0
2023-01-26 12:30:00-05:00,59.72010040283203,59.83000183105469,59.72010040283203,59.79999923706055,1784,0.0,0.0,0.0
2023-01-26 13:30:00-05:00,59.72010040283203,60.119998931884766,59.72010040283203,60.119998931884766,768,0.0,0.0,0.0
2023-01-26 14:30:00-05:00,60.01499938964844,60.01900100708008,60.01499938964844,60.01900100708008,339,0.0,0.0,0.0
2023-01-27 09:30:00-05:00,60.22999954223633,60.279998779296875,59.962398529052734,60.279998779296875,0,0.0,0.0,0.0
2023-01-27 11:30:00-05:00,59.9900016784668,59.9900016784668,59.9900016784668,59.9900016784668,143,0.0,0.0,0.0
2023-01-27 12:30:00-05:00,60.099998474121094,60.099998474121094,60.02399826049805,60.099998474121094,1011,0.0,0.0,0.0
2023-01-27 14:30:00-05:00,60.04999923706055,60.06999969482422,60.04999923706055,60.06999969482422,440,0.0,0.0,0.0
2023-01-30 09:30:00-05:00,60.029998779296875,60.39189910888672,60.029998779296875,60.39189910888672,0,0.0,0.0,0.0
2023-01-30 10:30:00-05:00,59.93000030517578,59.959999084472656,59.93000030517578,59.93000030517578,1879,0.0,0.0,0.0
2023-01-30 11:30:00-05:00,60.0,60.0,60.0,60.0,1201,0.0,0.0,0.0
2023-01-30 12:30:00-05:00,60.060001373291016,60.060001373291016,59.939998626708984,59.939998626708984,13519,0.0,0.0,0.0
2023-01-30 13:30:00-05:00,59.93000030517578,60.00279998779297,59.93000030517578,60.00279998779297,396,0.0,0.0,0.0
2023-01-30 14:30:00-05:00,60.0,60.0,59.939998626708984,60.0,863,0.0,0.0,0.0
2023-01-31 09:30:00-05:00,60.28499984741211,60.28499984741211,59.880001068115234,59.91999816894531,0,0.0,0.0,0.0
2023-01-31 10:30:00-05:00,60.00410079956055,60.00410079956055,59.86000061035156,59.973201751708984,2865,0.0,0.0,0.0
2023-01-31 11:30:00-05:00,59.89500045776367,59.89500045776367,59.89500045776367,59.89500045776367,254,0.0,0.0,0.0
2023-01-31 12:30:00-05:00,59.93000030517578,59.93000030517578,59.93000030517578,59.93000030517578,200,0.0,0.0,0.0
2023-01-31 13:30:00-05:00,59.93000030517578,60.13999938964844,59.869998931884766,60.130001068115234,5470,0.0,0.0,0.0
2023-01-31 14:30:00-05:00,60.119998931884766,60.290000915527344,60.119998931884766,60.290000915527344,1548,0.0,0.0,0.0
2023-02-01 09:30:00-05:00,60.0,60.0,59.709999084472656,59.85049819946289,0,0.0,0.0,0.0
2023-02-01 10:30:00-05:00,59.75,59.94990158081055,59.7400016784668,59.7400016784668,2003,0.0,0.0,0.0
2023-02-01 11:30:00-05:00,59.7599983215332,59.93000030517578,59.7599983215332,59.93000030517578,4324,0.0,0.0,0.0
2023-02-01 12:30:00-05:00,59.73500061035156,59.73500061035156,59.73500061035156,59.73500061035156,178,0.0,0.0,0.0
2023-02-01 13:30:00-05:00,59.814998626708984,59.93000030517578,59.78030014038086,59.93000030517578,1421,0.0,0.0,0.0
2023-02-01 14:30:00-05:00,59.93000030517578,60.400001525878906,59.9098014831543,60.380001068115234,7192,0.0,0.0,0.0
2023-02-01 15:30:00-05:00,60.38999938964844,60.720001220703125,60.38999938964844,60.689998626708984,0,0.0,0.0,0.0
2023-02-02 09:30:00-05:00,60.86000061035156,60.86000061035156,60.86000061035156,60.86000061035156,132,0.0,0.0,0.0
2023-02-02 10:30:00-05:00,60.535099029541016,60.77000045776367,60.404998779296875,60.77000045776367,1060,0.0,0.0,0.0
2023-02-02 11:30:00-05:00,60.52000045776367,60.849998474121094,60.459999084472656,60.73889923095703,3189,0.0,0.0,0.0
2023-02-02 12:30:00-05:00,60.78350067138672,60.78350067138672,60.78350067138672,60.78350067138672,524,0.0,0.0,0.0
2023-02-02 14:30:00-05:00,60.75,60.75,60.7400016784668,60.7400016784668,1908,0.0,0.0,0.0
2023-02-02 15:30:00-05:00,60.77000045776367,60.91510009765625,60.7400016784668,60.91510009765625,210,0.0,0.0,0.0
2023-02-03 09:30:00-05:00,60.7599983215332,60.7599983215332,60.7599983215332,60.7599983215332,0,0.0,0.0,0.0
2023-02-03 10:30:00-05:00,60.9900016784668,61.084999084472656,60.71189880371094,60.91749954223633,436,0.0,0.0,0.0
2023-02-03 11:30:00-05:00,60.65999984741211,60.65999984741211,60.63999938964844,60.63999938964844,282,0.0,0.0,0.0
2023-02-03 12:30:00-05:00,60.599998474121094,60.67499923706055,60.599998474121094,60.67499923706055,3784,0.0,0.0,0.0
2023-02-06 09:30:00-05:00,60.470001220703125,60.83000183105469,60.459999084472656,60.697601318359375,2304,0.0,0.0,0.0
2023-02-06 10:30:00-05:00,60.540000915527344,60.540000915527344,60.540000915527344,60.540000915527344,1053,0.0,0.0,0.0
2023-02-06 11:30:00-05:00,60.775001525878906,60.775001525878906,60.775001525878906,60.775001525878906,317,0.0,0.0,0.0
2023-02-06 13:30:00-05:00,60.70000076293945,60.70000076293945,60.70000076293945,60.70000076293945,117,0.0,0.0,0.0
2023-02-06 14:30:00-05:00,60.43000030517578,60.43000030517578,60.43000030517578,60.43000030517578,2150,0.0,0.0,0.0
2023-02-06 15:30:00-05:00,60.84000015258789,60.84000015258789,60.580101013183594,60.580101013183594,374,0.0,0.0,0.0
2023-02-07 09:30:00-05:00,60.529998779296875,60.529998779296875,60.260101318359375,60.27000045776367,0,0.0,0.0,0.0
2023-02-07 10:30:00-05:00,60.27000045776367,60.290000915527344,60.27000045776367,60.290000915527344,470,0.0,0.0,0.0
2023-02-07 11:30:00-05:00,60.790000915527344,60.8650016784668,60.575401306152344,60.617698669433594,1578,0.0,0.0,0.0
2023-02-07 12:30:00-05:00,60.45899963378906,60.60499954223633,60.29999923706055,60.29999923706055,2581,0.0,0.0,0.0
2023-02-07 13:30:00-05:00,60.78990173339844,60.78990173339844,60.78990173339844,60.78990173339844,163,0.0,0.0,0.0
2023-02-07 14:30:00-05:00,60.608001708984375,60.608001708984375,60.529998779296875,60.529998779296875,627,0.0,0.0,0.0
2023-02-07 15:30:00-05:00,60.529998779296875,60.529998779296875,60.529998779296875,60.529998779296875,321,0.0,0.0,0.0
2023-02-08 09:30:00-05:00,60.5,60.600799560546875,60.5,60.600799560546875,0,0.0,0.0,0.0
2023-02-08 10:30:00-05:00,60.540000915527344,60.540000915527344,60.43000030517578,60.43000030517578,466,0.0,0.0,0.0
2023-02-08 13:30:00-05:00,60.43000030517578,60.43000030517578,60.43000030517578,60.43000030517578,367,0.0,0.0,0.0
2023-02-08 14:30:00-05:00,60.358699798583984,60.358699798583984,60.358699798583984,60.358699798583984,664,0.0,0.0,0.0
2023-02-08 15:30:00-05:00,60.43000030517578,60.435001373291016,60.43000030517578,60.435001373291016,125,0.0,0.0,0.0
2023-02-09 09:30:00-05:00,61.03160095214844,61.03160095214844,60.32379913330078,60.32379913330078,0,0.0,0.0,0.0
2023-02-09 10:30:00-05:00,60.4723014831543,60.4723014831543,60.4723014831543,60.4723014831543,1285,0.0,0.0,0.0
2023-02-09 11:30:00-05:00,60.22999954223633,60.291900634765625,60.22999954223633,60.291900634765625,784,0.0,0.0,0.0
2023-02-09 12:30:00-05:00,60.38740158081055,60.41680145263672,60.119998931884766,60.119998931884766,2076,0.0,0.0,0.0
2023-02-09 13:30:00-05:00,60.345001220703125,60.345001220703125,60.345001220703125,60.345001220703125,334,0.0,0.0,0.0
2023-02-09 14:30:00-05:00,60.345001220703125,60.619998931884766,60.345001220703125,60.619998931884766,900,0.0,0.0,0.0
2023-02-09 15:30:00-05:00,60.45000076293945,60.45000076293945,60.254798889160156,60.254798889160156,769,0.0,0.0,0.0
2023-02-10 09:30:00-05:00,59.88999938964844,59.88999938964844,59.790000915527344,59.790000915527344,0,0.0,0.0,0.0
2023-02-10 10:30:00-05:00,59.790000915527344,59.790000915527344,59.790000915527344,59.790000915527344,117,0.0,0.0,0.0
2023-02-10 11:30:00-05:00,59.93000030517578,59.93000030517578,59.70000076293945,59.70000076293945,2417,0.0,0.0,0.0
2023-02-10 13:30:00-05:00,59.7599983215332,59.7599983215332,59.7599983215332,59.7599983215332,140,0.0,0.0,0.0
2023-02-10 14:30:00-05:00,59.929901123046875,59.929901123046875,59.929901123046875,59.929901123046875,124,0.0,0.0,0.0
2023-02-10 15:30:00-05:00,59.58000183105469,59.75,59.58000183105469,59.75,404,0.0,0.0,0.0
2023-02-13 09:30:00-05:00,59.72999954223633,59.72999954223633,59.72999954223633,59.72999954223633,0,0.0,0.0,0.0
2023-02-13 11:30:00-05:00,59.7400016784668,59.7599983215332,59.7400016784668,59.7599983215332,375,0.0,0.0,0.0
2023-02-13 12:30:00-05:00,59.77000045776367,59.77000045776367,59.77000045776367,59.77000045776367,217,0.0,0.0,0.0
2023-02-13 13:30:00-05:00,59.59000015258789,59.81999969482422,59.5,59.6682014465332,7223,0.0,0.0,0.0
2023-02-13 14:30:00-05:00,59.66320037841797,59.66320037841797,59.66320037841797,59.66320037841797,462,0.0,0.0,0.0
2023-02-13 15:30:00-05:00,59.90869903564453,59.90869903564453,59.90869903564453,59.90869903564453,0,0.0,0.0,0.0
2023-02-14 09:30:00-05:00,61.36000061035156,61.608001708984375,59.5,59.5,1704,0.0,0.0,0.0
2023-02-14 11:30:00-05:00,60.13999938964844,60.13999938964844,59.720001220703125,59.966400146484375,1395,0.0,0.0,0.0
2023-02-14 12:30:00-05:00,60.130001068115234,60.130001068115234,60.119998931884766,60.119998931884766,474,0.0,0.0,0.0
2023-02-14 13:30:00-05:00,60.09000015258789,60.09000015258789,60.09000015258789,60.09000015258789,151,0.0,0.0,0.0
2023-02-14 14:30:00-05:00,60.13999938964844,60.13999938964844,59.926998138427734,59.926998138427734,361,0.0,0.0,0.0
2023-02-15 09:30:00-05:00,59.86000061035156,59.86000061035156,59.584999084472656,59.61000061035156,0,0.0,0.0,0.0
2023-02-15 11:30:00-05:00,59.900001525878906,59.900001525878906,59.900001525878906,59.900001525878906,1120,0.0,0.0,0.0
2023-02-15 12:30:00-05:00,59.6349983215332,60.040000915527344,59.6349983215332,59.92660140991211,4547,0.0,0.0,0.0
2023-02-15 13:30:00-05:00,60.06999969482422,60.06999969482422,60.060001373291016,60.060001373291016,1061,0.0,0.0,0.0
2023-02-15 14:30:00-05:00,59.94499969482422,59.94710159301758,59.81999969482422,59.94710159301758,0,0.0,0.0,0.0
2023-02-15 15:30:00-05:00,59.849998474121094,60.087100982666016,59.83000183105469,59.94499969482422,42,0.0,0.0,0.0
2023-02-16 09:30:00-05:00,60.029998779296875,60.029998779296875,59.61000061035156,59.61000061035156,601,0.0,0.0,0.0
2023-02-16 10:30:00-05:00,59.691001892089844,59.691001892089844,59.662200927734375,59.662200927734375,450,0.0,0.0,0.0
2023-02-16 11:30:00-05:00,59.619998931884766,59.619998931884766,59.619998931884766,59.619998931884766,277,0.0,0.0,0.0
2023-02-16 13:30:00-05:00,59.929901123046875,59.929901123046875,59.814998626708984,59.814998626708984,598,0.0,0.0,0.0
2023-02-16 14:30:00-05:00,59.90999984741211,59.915000915527344,59.862998962402344,59.90999984741211,1322,0.0,0.0,0.0
2023-02-16 15:30:00-05:00,59.70000076293945,59.814998626708984,59.70000076293945,59.70000076293945,1311,0.0,0.0,0.0
2023-02-17 09:30:00-05:00,59.68000030517578,59.70000076293945,59.68000030517578,59.70000076293945,0,0.0,0.0,0.0
2023-02-17 10:30:00-05:00,59.68989944458008,59.68989944458008,59.68989944458008,59.68989944458008,749,0.0,0.0,0.0
2023-02-17 11:30:00-05:00,59.36000061035156,59.36000061035156,59.345001220703125,59.36000061035156,385,0.0,0.0,0.0
2023-02-17 13:30:00-05:00,59.505001068115234,59.68989944458008,59.31999969482422,59.68989944458008,0,0.0,0.0,0.0
2023-02-17 14:30:00-05:00,59.689998626708984,59.84000015258789,59.650001525878906,59.689998626708984,13461,0.0,0.0,0.0
2023-02-21 09:30:00-05:00,59.41999816894531,59.59000015258789,59.349998474121094,59.349998474121094,0,0.0,0.0,0.0
2023-02-21 10:30:00-05:00,59.29999923706055,59.29999923706055,59.2599983215332,59.2599983215332,910,0.0,0.0,0.0
2023-02-21 11:30:00-05:00,59.45500183105469,59.45500183105469,59.18009948730469,59.18009948730469,728,0.0,0.0,0.0
2023-02-21 12:30:00-05:00,59.22999954223633,59.22999954223633,59.189998626708984,59.189998626708984,417,0.0,0.0,0.0
2023-02-21 13:30:00-05:00,59.209999084472656,59.209999084472656,59.040000915527344,59.040000915527344,2587,0.0,0.0,0.0
2023-02-21 14:30:00-05:00,59.04499816894531,59.213600158691406,58.95000076293945,59.213600158691406,2807,0.0,0.0,0.0
2023-02-21 15:30:00-05:00,59.102699279785156,59.102699279785156,58.93000030517578,58.95000076293945,5547,0.0,0.0,0.0
2023-02-22 09:30:00-05:00,59.220001220703125,59.779998779296875,59.220001220703125,59.779998779296875,5532,0.0,0.0,0.0
2023-02-22 10:30:00-05:00,59.54999923706055,59.54999923706055,59.54999923706055,59.54999923706055,415,0.0,0.0,0.0
2023-02-22 11:30:00-05:00,59.7599983215332,59.7599983215332,59.7599983215332,59.7599983215332,256,0.0,0.0,0.0
2023-02-22 13:30:00-05:00,59.689998626708984,59.72999954223633,59.46500015258789,59.46500015258789,754,0.0,0.0,0.0
2023-02-23 09:30:00-05:00,59.79999923706055,59.97999954223633,59.79999923706055,59.97999954223633,1609,0.0,0.0,0.0
2023-02-23 10:30:00-05:00,59.9900016784668,59.9900016784668,59.835899353027344,59.835899353027344,356,0.0,0.0,0.0
2023-02-23 11:30:00-05:00,59.58000183105469,59.58000183105469,59.58000183105469,59.58000183105469,205,0.0,0.0,0.0
2023-02-23 14:30:00-05:00,60.060001373291016,60.130001068115234,60.0099983215332,60.130001068115234,2712,0.0,0.0,0.0
2023-02-23 15:30:00-05:00,60.119998931884766,60.150001525878906,60.0702018737793,60.0702018737793,1415,0.0,0.0,0.0
2023-02-24 09:30:00-05:00,59.790000915527344,60.08000183105469,59.790000915527344,60.06999969482422,0,0.0,0.0,0.0
2023-02-24 10:30:00-05:00,60.19459915161133,60.19459915161133,60.13359832763672,60.13359832763672,1017,0.0,0.0,0.0
2023-02-24 11:30:00-05:00,59.935001373291016,59.935001373291016,59.935001373291016,59.935001373291016,128,0.0,0.0,0.0
2023-02-24 12:30:00-05:00,60.19850158691406,60.19850158691406,60.125,60.125,231,0.0,0.0,0.0
2023-02-24 13:30:00-05:00,60.119998931884766,60.119998931884766,60.119998931884766,60.119998931884766,451,0.0,0.0,0.0
2023-02-27 09:30:00-05:00,60.08679962158203,60.08679962158203,59.810001373291016,59.939701080322266,0,0.0,0.0,0.0
2023-02-27 10:30:00-05:00,59.900001525878906,59.90999984741211,59.85499954223633,59.880001068115234,1114,0.0,0.0,0.0
2023-02-27 11:30:00-05:00,60.36000061035156,60.36000061035156,60.36000061035156,60.36000061035156,275,0.0,0.0,0.0
2023-02-27 12:30:00-05:00,60.369998931884766,60.369998931884766,60.369998931884766,60.369998931884766,255,0.0,0.0,0.0
2023-02-27 13:30:00-05:00,60.099998474121094,60.099998474121094,60.099998474121094,60.099998474121094,352,0.0,0.0,0.0
2023-02-27 14:30:00-05:00,60.369998931884766,60.369998931884766,60.23939895629883,60.2599983215332,1104,0.0,0.0,0.0
2023-02-28 09:30:00-05:00,60.403499603271484,60.403499603271484,60.403499603271484,60.403499603271484,0,0.0,0.0,0.0
2023-02-28 10:30:00-05:00,60.185001373291016,60.185001373291016,60.099998474121094,60.099998474121094,766,0.0,0.0,0.0
2023-02-28 12:30:00-05:00,60.0099983215332,60.36000061035156,60.0099983215332,60.36000061035156,1315,0.0,0.0,0.0
2023-02-28 14:30:00-05:00,60.36000061035156,60.36000061035156,60.185001373291016,60.185001373291016,380,0.0,0.0,0.0
2023-03-01 09:30:00-05:00,59.959999084472656,60.035301208496094,59.95000076293945,60.035301208496094,0,0.0,0.0,0.0
2023-03-01 10:30:00-05:00,60.099998474121094,60.22990036010742,60.040000915527344,60.06119918823242,2461,0.0,0.0,0.0
2023-03-01 12:30:00-05:00,60.13999938964844,60.13999938964844,59.99470138549805,59.99470138549805,868,0.0,0.0,0.0
2023-03-01 13:30:00-05:00,60.040000915527344,60.220001220703125,59.86000061035156,60.040000915527344,0,0.0,0.0,0.0
2023-03-01 14:30:00-05:00,60.220001220703125,60.22999954223633,59.939998626708984,59.939998626708984,14554,0.0,0.0,0.0
2023-03-01 15:30:00-05:00,60.0458984375,60.08000183105469,59.939998626708984,60.08000183105469,4243,0.0,0.0,0.0
2023-03-02 09:30:00-05:00,60.5,60.5,60.060001373291016,60.060001373291016,0,0.0,0.0,0.0
2023-03-02 10:30:00-05:00,60.099998474121094,60.189998626708984,59.730098724365234,60.189998626708984,1448,0.0,0.0,0.0
2023-03-02 11:30:00-05:00,60.16999816894531,60.185001373291016,60.16999816894531,60.185001373291016,1077,0.0,0.0,0.0
2023-03-02 14:30:00-05:00,60.209999084472656,60.209999084472656,60.189998626708984,60.189998626708984,0,0.0,0.0,0.0
2023-03-03 09:30:00-05:00,60.61000061035156,61.5,60.61000061035156,61.5,496,0.0,0.0,0.0
2023-03-03 10:30:00-05:00,61.22999954223633,61.4473991394043,61.220001220703125,61.4473991394043,1236,0.0,0.0,0.0
2023-03-03 13:30:00-05:00,60.7599983215332,60.810001373291016,60.529998779296875,60.790000915527344,1457,0.0,0.0,0.0
2023-03-03 14:30:00-05:00,60.77000045776367,60.91999816894531,60.584999084472656,60.584999084472656,1845,0.0,0.0,0.0
2023-03-03 15:30:00-05:00,60.6702995300293,60.6702995300293,60.52000045776367,60.52000045776367,677,0.0,0.0,0.0
2023-03-06 09:30:00-05:00,60.79999923706055,60.79999923706055,60.67940139770508,60.67940139770508,0,0.0,0.0,0.0
2023-03-06 10:30:00-05:00,60.94060134887695,61.099998474121094,60.94060134887695,61.099998474121094,582,0.0,0.0,0.0
2023-03-06 11:30:00-05:00,60.73500061035156,60.73500061035156,60.73500061035156,60.73500061035156,153,0.0,0.0,0.0
2023-03-06 13:30:00-05:00,60.77259826660156,60.77259826660156,60.70940017700195,60.73500061035156,2138,0.0,0.0,0.0
2023-03-06 14:30:00-05:00,61.04999923706055,61.04999923706055,60.68000030517578,60.68000030517578,469,0.0,0.0,0.0
2023-03-06 15:30:00-05:00,60.81999969482422,60.97999954223633,60.81999969482422,60.97999954223633,977,0.0,0.0,0.0
2023-03-07 09:30:00-05:00,60.81999969482422,60.81999969482422,60.709999084472656,60.720001220703125,0,0.0,0.0,0.0
2023-03-07 10:30:00-05:00,60.720001220703125,60.720001220703125,60.599998474121094,60.650001525878906,952,0.0,0.0,0.0
2023-03-07 11:30:00-05:00,60.62459945678711,60.73699951171875,60.439998626708984,60.45399856567383,3844,0.0,0.0,0.0
2023-03-07 12:30:00-05:00,60.560001373291016,60.560001373291016,60.560001373291016,60.560001373291016,102,0.0,0.0,0.0
2023-03-07 13:30:00-05:00,60.40359878540039,60.68000030517578,60.395999908447266,60.395999908447266,4541,0.0,0.0,0.0
2023-03-07 14:30:00-05:00,60.44499969482422,60.45500183105469,60.44499969482422,60.45500183105469,174,0.0,0.0,0.0
2023-03-08 09:30:00-05:00,60.41999816894531,60.445098876953125,60.34000015258789,60.445098876953125,0,0.0,0.0,0.0
2023-03-08 10:30:00-05:00,60.36000061035156,60.36000061035156,60.279998779296875,60.33039855957031,1567,0.0,0.0,0.0
2023-03-08 11:30:00-05:00,60.40999984741211,60.52000045776367,60.334999084472656,60.52000045776367,1198,0.0,0.0,0.0
2023-03-08 12:30:00-05:00,60.3650016784668,60.54990005493164,60.18000030517578,60.18000030517578,1654,0.0,0.0,0.0
2023-03-08 13:30:00-05:00,60.189998626708984,60.20000076293945,60.08000183105469,60.20000076293945,1120,0.0,0.0,0.0
2023-03-08 15:30:00-05:00,60.20000076293945,60.20000076293945,60.189998626708984,60.189998626708984,1475,0.0,0.0,0.0
2023-03-09 09:30:00-05:00,60.13999938964844,60.33399963378906,60.07889938354492,60.33399963378906,1081,0.0,0.0,0.0
2023-03-09 10:30:00-05:00,60.54499816894531,60.54499816894531,60.34000015258789,60.404998779296875,732,0.0,0.0,0.0
2023-03-09 11:30:00-05:00,60.33000183105469,60.380001068115234,60.33000183105469,60.380001068115234,1179,0.0,0.0,0.0
2023-03-09 13:30:00-05:00,59.88999938964844,59.900001525878906,59.849998474121094,59.849998474121094,3178,0.0,0.0,0.0
2023-03-09 15:30:00-05:00,59.68000030517578,59.68000030517578,59.422000885009766,59.540000915527344,0,0.0,0.0,0.0
2023-03-10 09:30:00-05:00,59.09000015258789,59.09000015258789,59.07500076293945,59.07500076293945,1449,0.0,0.0,0.0
2023-03-10 10:30:00-05:00,59.004600524902344,59.11000061035156,58.994998931884766,59.11000061035156,2437,0.0,0.0,0.0
2023-03-10 11:30:00-05:00,59.060001373291016,59.060001373291016,59.060001373291016,59.060001373291016,381,0.0,0.0,0.0
2023-03-10 12:30:00-05:00,59.58000183105469,59.58000183105469,59.58000183105469,59.58000183105469,190,0.0,0.0,0.0
2023-03-10 14:30:00-05:00,59.0786018371582,59.0786018371582,58.81869888305664,58.81869888305664,998,0.0,0.0,0.0
2023-03-10 15:30:00-05:00,58.939998626708984,58.939998626708984,58.80839920043945,58.80839920043945,261,0.0,0.0,0.0
2023-03-13 09:30:00-04:00,57.65999984741211,57.88999938964844,57.459999084472656,57.88999938964844,654,0.0,0.0,0.0
2023-03-13 10:30:00-04:00,57.939998626708984,57.939998626708984,57.66999816894531,57.68000030517578,6052,0.0,0.0,0.0
2023-03-13 11:30:00-04:00,58.40800094604492,58.40800094604492,58.33000183105469,58.33000183105469,933,0.0,0.0,0.0
2023-03-13 12:30:00-04:00,58.2400016784668,58.2400016784668,57.869998931884766,57.88999938964844,2086,0.0,0.0,0.0
2023-03-13 13:30:00-04:00,58.029998779296875,58.029998779296875,58.029998779296875,58.029998779296875,200,0.0,0.0,0.0
2023-03-13 14:30:00-04:00,58.165000915527344,58.16659927368164,57.95000076293945,58.108299255371094,1010,0.0,0.0,0.0
2023-03-13 15:30:00-04:00,57.959999084472656,57.959999084472656,57.84000015258789,57.84000015258789,1017,0.0,0.0,0.0
2023-03-14 09:30:00-04:00,58.56999969482422,58.97760009765625,58.540000915527344,58.60599899291992,0,0.0,0.0,0.0
2023-03-14 10:30:00-04:00,58.900001525878906,58.970001220703125,58.7400016784668,58.90999984741211,4840,0.0,0.0,0.0
2023-03-14 11:30:00-04:00,58.970001220703125,58.97999954223633,58.970001220703125,58.97999954223633,3534,0.0,0.0,0.0
2023-03-14 12:30:00-04:00,58.810001373291016,58.810001373291016,58.790000915527344,58.790000915527344,2540,0.0,0.0,0.0
2023-03-14 14:30:00-04:00,58.71500015258789,58.71500015258789,58.52000045776367,58.68510055541992,1307,0.0,0.0,0.0
2023-03-15 09:30:00-04:00,57.52000045776367,57.52000045776367,57.000099182128906,57.0099983215332,0,0.0,0.0,0.0
2023-03-15 10:30:00-04:00,57.060001373291016,57.16080093383789,57.060001373291016,57.099998474121094,42014,0.0,0.0,0.0
2023-03-15 11:30:00-04:00,57.272300720214844,57.272300720214844,57.04999923706055,57.06999969482422,1651,0.0,0.0,0.0
2023-03-15 12:30:00-04:00,57.09000015258789,57.560001373291016,57.000099182128906,57.0099983215332,16318,0.0,0.0,0.0
2023-03-15 13:30:00-04:00,57.13999938964844,57.59000015258789,57.130001068115234,57.59000015258789,1325,0.0,0.0,0.0
2023-03-15 14:30:00-04:00,57.34000015258789,57.82619857788086,57.34000015258789,57.7672004699707,1636,0.0,0.0,0.0
2023-03-15 15:30:00-04:00,57.75,57.75,57.68000030517578,57.71080017089844,475,0.0,0.0,0.0
2023-03-16 09:30:00-04:00,57.34000015258789,57.650001525878906,57.34000015258789,57.61000061035156,0,0.0,0.0,0.0
2023-03-16 10:30:00-04:00,57.56999969482422,58.0099983215332,57.470001220703125,58.0,3914,0.0,0.0,0.0
2023-03-16 11:30:00-04:00,58.20000076293945,58.209999084472656,58.11000061035156,58.110198974609375,1965,0.0,0.0,0.0
2023-03-16 12:30:00-04:00,58.09000015258789,58.27000045776367,58.060001373291016,58.099998474121094,3027,0.0,0.0,0.0
2023-03-16 14:30:00-04:00,58.59000015258789,58.63999938964844,58.59000015258789,58.619998931884766,0,0.0,0.0,0.0
2023-03-16 15:30:00-04:00,58.650001525878906,58.70000076293945,58.630001068115234,58.630001068115234,13161,0.0,0.0,0.0
2023-03-17 09:30:00-04:00,58.0,58.0,58.0,58.0,0,0.0,0.0,0.0
2023-03-17 11:30:00-04:00,57.65999984741211,57.65999984741211,57.65999984741211,57.65999984741211,290,0.0,0.0,0.0
2023-03-17 13:30:00-04:00,57.63999938964844,57.63999938964844,57.59980010986328,57.59980010986328,693,0.0,0.0,0.0
2023-03-17 14:30:00-04:00,57.56999969482422,57.56999969482422,57.529998779296875,57.540000915527344,2470,0.0,0.0,0.0
2023-03-17 15:30:00-04:00,57.619998931884766,57.70500183105469,57.58399963378906,57.68000030517578,1274,0.0,0.0,0.0
2023-03-20 09:30:00-04:00,57.59000015258789,57.7400016784668,57.59000015258789,57.7400016784668,0,0.0,0.0,0.0
2023-03-20 11:30:00-04:00,57.959999084472656,57.959999084472656,57.959999084472656,57.959999084472656,244,0.0,0.0,0.0
2023-03-20 13:30:00-04:00,57.709999084472656,57.80500030517578,57.709999084472656,57.80500030517578,319,0.0,0.0,0.0
2023-03-21 09:30:00-04:00,58.31999969482422,58.77000045776367,58.10499954223633,58.18000030517578,3644,0.0,0.0,0.0
2023-03-21 10:30:00-04:00,58.459999084472656,58.459999084472656,58.459999084472656,58.459999084472656,253,0.0,0.0,0.0
2023-03-21 11:30:00-04:00,58.439998626708984,58.44499969482422,58.439998626708984,58.44499969482422,1175,0.0,0.0,0.0
2023-03-21 12:30:00-04:00,58.34000015258789,58.459999084472656,58.34000015258789,58.400001525878906,1531,0.0,0.0,0.0
2023-03-21 13:30:00-04:00,58.589900970458984,58.589900970458984,58.589900970458984,58.589900970458984,301,0.0,0.0,0.0
2023-03-21 14:30:00-04:00,58.422000885009766,58.720001220703125,58.422000885009766,58.720001220703125,1716,0.0,0.0,0.0
2023-03-21 15:30:00-04:00,58.720001220703125,59.040000915527344,58.4900016784668,58.70000076293945,2836,0.0,0.0,0.0
2023-03-22 09:30:00-04:00,58.869998931884766,58.869998931884766,58.72999954223633,58.72999954223633,0,0.0,0.0,0.0
2023-03-22 10:30:00-04:00,58.90999984741211,58.90999984741211,58.64500045776367,58.64500045776367,875,0.0,0.0,0.0
2023-03-22 11:30:00-04:00,58.790000915527344,58.790000915527344,58.790000915527344,58.790000915527344,242,0.0,0.0,0.0
2023-03-22 13:30:00-04:00,58.599998474121094,59.189998626708984,58.55099868774414,59.189998626708984,1928,0.0,0.0,0.0
2023-03-22 14:30:00-04:00,58.630001068115234,58.630001068115234,58.62110137939453,58.630001068115234,276,0.0,0.0,0.0
2023-03-23 09:30:00-04:00,58.23630142211914,58.52000045776367,58.23630142211914,58.290000915527344,0,0.0,0.0,0.0
2023-03-23 10:30:00-04:00,58.47999954223633,58.650001525878906,58.47999954223633,58.650001525878906,928,0.0,0.0,0.0
2023-03-23 11:30:00-04:00,58.6150016784668,58.6150016784668,58.5099983215332,58.5099983215332,3237,0.0,0.0,0.0
2023-03-23 13:30:00-04:00,58.25579833984375,58.279998779296875,58.029998779296875,58.08000183105469,0,0.0,0.0,0.0
2023-03-23 14:30:00-04:00,58.0099983215332,58.15999984741211,57.79999923706055,58.130001068115234,14965,0.0,0.0,0.0
2023-03-23 15:30:00-04:00,58.099998474121094,58.099998474121094,57.810001373291016,57.810001373291016,487,0.0,0.0,0.0
2023-03-24 09:30:00-04:00,57.38999938964844,57.68000030517578,57.38999938964844,57.58000183105469,0,0.0,0.0,0.0
2023-03-24 10:30:00-04:00,57.78990173339844,57.78990173339844,57.60499954223633,57.60499954223633,610,0.0,0.0,0.0
2023-03-24 13:30:00-04:00,57.34000015258789,57.56629943847656,57.34000015258789,57.52000045776367,576,0.0,0.0,0.0
2023-03-24 15:30:00-04:00,57.2599983215332,57.79999923706055,57.2599983215332,57.79999923706055,1416,0.0,0.0,0.0
2023-03-27 09:30:00-04:00,58.22999954223633,58.22999954223633,58.22999954223633,58.22999954223633,0,0.0,0.0,0.0
2023-03-27 10:30:00-04:00,58.02000045776367,58.040000915527344,58.02000045776367,58.029998779296875,810,0.0,0.0,0.0
2023-03-27 11:30:00-04:00,58.188201904296875,58.188201904296875,58.01639938354492,58.02000045776367,2790,0.0,0.0,0.0
2023-03-27 12:30:00-04:00,58.01499938964844,58.02000045776367,58.0099983215332,58.02000045776367,3932,0.0,0.0,0.0
2023-03-27 13:30:00-04:00,58.09000015258789,58.160701751708984,57.90999984741211,58.11000061035156,7871,0.0,0.0,0.0
2023-03-27 14:30:00-04:00,58.11000061035156,58.1150016784668,58.11000061035156,58.1150016784668,997,0.0,0.0,0.0
2023-03-27 15:30:00-04:00,58.13990020751953,58.13990020751953,58.06999969482422,58.11000061035156,598,0.0,0.0,0.0
2023-03-28 09:30:00-04:00,58.119998931884766,58.154998779296875,58.119998931884766,58.150001525878906,0,0.0,0.0,0.0
2023-03-28 10:30:00-04:00,58.130001068115234,58.130001068115234,58.09000015258789,58.130001068115234,1348,0.0,0.0,0.0
2023-03-28 11:30:00-04:00,58.23500061035156,58.23500061035156,58.099998474121094,58.11000061035156,891,0.0,0.0,0.0
2023-03-28 12:30:00-04:00,58.31999969482422,58.31999969482422,58.165000915527344,58.165000915527344,919,0.0,0.0,0.0
2023-03-29 10:30:00-04:00,58.625,58.72990036010742,58.529998779296875,58.720001220703125,1887,0.0,0.0,0.0
2023-03-29 11:30:00-04:00,58.744998931884766,58.744998931884766,58.744998931884766,58.744998931884766,247,0.0,0.0,0.0
2023-03-29 13:30:00-04:00,58.79999923706055,58.79999923706055,58.790000915527344,58.79999923706055,4129,0.0,0.0,0.0
2023-03-29 14:30:00-04:00,58.79999923706055,59.0,58.77199935913086,58.970001220703125,3580,0.0,0.0,0.0
2023-03-29 15:30:00-04:00,58.86069869995117,58.8838005065918,58.86069869995117,58.8838005065918,343,0.0,0.0,0.0
2023-03-30 09:30:00-04:00,59.060001373291016,59.290000915527344,59.060001373291016,59.18000030517578,0,0.0,0.0,0.0
2023-03-30 12:30:00-04:00,59.02000045776367,59.02000045776367,59.02000045776367,59.02000045776367,1018,0.0,0.0,0.0
2023-03-30 14:30:00-04:00,59.04999923706055,59.18000030517578,58.9901008605957,59.18000030517578,2745,0.0,0.0,0.0
2023-03-30 15:30:00-04:00,59.18000030517578,59.36000061035156,58.9901008605957,59.36000061035156,5903,0.0,0.0,0.0
2023-03-31 09:30:00-04:00,59.529998779296875,59.709999084472656,59.529998779296875,59.69499969482422,0,0.0,0.0,0.0
2023-03-31 10:30:00-04:00,59.625,59.625,59.625,59.625,1050,0.0,0.0,0.0
2023-03-31 11:30:00-04:00,59.810001373291016,59.810001373291016,59.630001068115234,59.630001068115234,248,0.0,0.0,0.0
2023-03-31 12:30:00-04:00,59.599998474121094,59.599998474121094,59.470001220703125,59.58000183105469,1436,0.0,0.0,0.0
2023-03-31 13:30:00-04:00,59.94990158081055,59.94990158081055,59.4900016784668,59.5099983215332,5074,0.0,0.0,0.0
2023-03-31 14:30:00-04:00,59.691898345947266,59.724998474121094,59.5099983215332,59.724998474121094,3209,0.0,0.0,0.0
2023-03-31 15:30:00-04:00,59.724998474121094,59.724998474121094,59.724998474121094,59.724998474121094,143,0.0,0.0,0.0
2023-04-03 09:30:00-04:00,59.4900016784668,59.540000915527344,59.31999969482422,59.31999969482422,0,0.0,0.0,0.0
2023-04-03 10:30:00-04:00,59.20000076293945,59.20000076293945,59.20000076293945,59.20000076293945,212,0.0,0.0,0.0
2023-04-03 11:30:00-04:00,59.439998626708984,59.45500183105469,59.220001220703125,59.220001220703125,1676,0.0,0.0,0.0
2023-04-03 12:30:00-04:00,59.170101165771484,59.334800720214844,59.170101165771484,59.334800720214844,431,0.0,0.0,0.0
2023-04-04 09:30:00-04:00,59.439998626708984,59.56999969482422,59.33000183105469,59.33000183105469,339,0.0,0.0,0.0
2023-04-04 10:30:00-04:00,59.11000061035156,59.22990036010742,59.11000061035156,59.22990036010742,472,0.0,0.0,0.0
2023-04-04 11:30:00-04:00,59.06999969482422,59.06999969482422,59.060001373291016,59.060001373291016,364,0.0,0.0,0.0
2023-04-04 14:30:00-04:00,58.81769943237305,58.81769943237305,58.81769943237305,58.81769943237305,202,0.0,0.0,0.0
2023-04-04 15:30:00-04:00,58.72999954223633,58.869998931884766,58.72999954223633,58.869998931884766,132,0.0,0.0,0.0
2023-04-05 09:30:00-04:00,58.70500183105469,58.70500183105469,58.70500183105469,58.70500183105469,0,0.0,0.0,0.0
2023-04-05 10:30:00-04:00,58.39120101928711,58.39120101928711,58.39120101928711,58.39120101928711,342,0.0,0.0,0.0
2023-04-05 11:30:00-04:00,58.41749954223633,58.41749954223633,58.41749954223633,58.41749954223633,855,0.0,0.0,0.0
2023-04-05 12:30:00-04:00,58.43989944458008,58.43989944458008,58.400001525878906,58.40999984741211,1055,0.0,0.0,0.0
2023-04-05 14:30:00-04:00,58.345001220703125,58.35049819946289,58.345001220703125,58.34510040283203,641,0.0,0.0,0.0
2023-04-06 09:30:00-04:00,58.288299560546875,58.288299560546875,58.288299560546875,58.288299560546875,0,0.0,0.0,0.0
2023-04-06 10:30:00-04:00,58.32500076293945,58.32500076293945,58.32500076293945,58.32500076293945,148,0.0,0.0,0.0
2023-04-06 11:30:00-04:00,58.29999923706055,58.47999954223633,58.29999923706055,58.47999954223633,951,0.0,0.0,0.0
2023-04-06 12:30:00-04:00,58.540000915527344,58.58000183105469,58.52000045776367,58.58000183105469,3100,0.0,0.0,0.0
2023-04-06 13:30:00-04:00,58.58000183105469,58.709999084472656,58.58000183105469,58.709999084472656,323,0.0,0.0,0.0
2023-04-06 14:30:00-04:00,58.4900016784668,58.4900016784668,58.4900016784668,58.4900016784668,163,0.0,0.0,0.0
2023-04-06 15:30:00-04:00,58.79999923706055,58.79999923706055,58.45000076293945,58.625,2040,0.0,0.0,0.0
2023-04-10 09:30:00-04:00,58.75,58.75,58.70000076293945,58.70000076293945,0,0.0,0.0,0.0
2023-04-10 14:30:00-04:00,58.83000183105469,58.83000183105469,58.83000183105469,58.83000183105469,2139,0.0,0.0,0.0
2023-04-11 09:30:00-04:00,59.029998779296875,59.029998779296875,58.849998474121094,58.849998474121094,0,0.0,0.0,0.0
2023-04-11 10:30:00-04:00,58.849998474121094,58.86000061035156,58.849998474121094,58.849998474121094,454,0.0,0.0,0.0
2023-04-11 11:30:00-04:00,59.06999969482422,59.15999984741211,59.06999969482422,59.150001525878906,1647,0.0,0.0,0.0
2023-04-11 13:30:00-04:00,59.220001220703125,59.220001220703125,59.220001220703125,59.220001220703125,149,0.0,0.0,0.0
2023-04-11 14:30:00-04:00,59.22999954223633,59.22999954223633,59.22999954223633,59.22999954223633,371,0.0,0.0,0.0
2023-04-11 15:30:00-04:00,59.185001373291016,59.185001373291016,59.185001373291016,59.185001373291016,350,0.0,0.0,0.0
2023-04-12 09:30:00-04:00,59.43000030517578,59.439998626708984,59.40999984741211,59.439998626708984,0,0.0,0.0,0.0
2023-04-12 10:30:00-04:00,59.369998931884766,59.380001068115234,59.029998779296875,59.029998779296875,5553,0.0,0.0,0.0
2023-04-12 11:30:00-04:00,59.18220138549805,59.18220138549805,59.18220138549805,59.18220138549805,234,0.0,0.0,0.0
2023-04-12 12:30:00-04:00,59.060001373291016,59.06999969482422,59.060001373291016,59.064998626708984,726,0.0,0.0,0.0
2023-04-12 14:30:00-04:00,59.162200927734375,59.162200927734375,59.1150016784668,59.1150016784668,217,0.0,0.0,0.0
2023-04-13 09:30:00-04:00,58.9900016784668,59.31999969482422,58.9900016784668,59.279998779296875,0,0.0,0.0,0.0
2023-04-13 10:30:00-04:00,59.32469940185547,59.32469940185547,59.32469940185547,59.32469940185547,471,0.0,0.0,0.0
2023-04-13 11:30:00-04:00,59.290000915527344,59.290000915527344,59.290000915527344,59.290000915527344,617,0.0,0.0,0.0
2023-04-13 12:30:00-04:00,59.435001373291016,59.435001373291016,59.435001373291016,59.435001373291016,300,0.0,0.0,0.0
2023-04-13 13:30:00-04:00,59.46500015258789,59.46500015258789,59.46500015258789,59.46500015258789,342,0.0,0.0,0.0
2023-04-13 15:30:00-04:00,59.5099983215332,59.529998779296875,59.5099983215332,59.529998779296875,700,0.0,0.0,0.0
2023-04-14 09:30:00-04:00,59.84000015258789,59.84000015258789,59.84000015258789,59.84000015258789,0,0.0,0.0,0.0
2023-04-14 10:30:00-04:00,59.61000061035156,59.880001068115234,59.61000061035156,59.880001068115234,343,0.0,0.0,0.0
2023-04-14 12:30:00-04:00,59.869998931884766,59.869998931884766,59.724998474121094,59.724998474121094,509,0.0,0.0,0.0
2023-04-14 14:30:00-04:00,59.540000915527344,59.56999969482422,59.540000915527344,59.56999969482422,128,0.0,0.0,0.0
2023-04-17 09:30:00-04:00,59.54499816894531,59.58000183105469,59.49340057373047,59.49340057373047,0,0.0,0.0,0.0
2023-04-17 10:30:00-04:00,59.2401008605957,59.2401008605957,59.2401008605957,59.2401008605957,350,0.0,0.0,0.0
2023-04-17 11:30:00-04:00,59.5099983215332,59.529998779296875,59.380001068115234,59.5099983215332,2455,0.0,0.0,0.0
2023-04-17 12:30:00-04:00,59.61000061035156,59.61000061035156,59.61000061035156,59.61000061035156,274,0.0,0.0,0.0
2023-04-17 14:30:00-04:00,59.59000015258789,59.599998474121094,59.380001068115234,59.47710037231445,141883,0.0,0.0,0.0
2023-04-17 15:30:00-04:00,59.40999984741211,59.439998626708984,59.369998931884766,59.40999984741211,785,0.0,0.0,0.0
2023-04-18 10:30:00-04:00,59.619998931884766,59.619998931884766,59.619998931884766,59.619998931884766,0,0.0,0.0,0.0
2023-04-18 12:30:00-04:00,59.75,59.75,59.650001525878906,59.650001525878906,1715,0.0,0.0,0.0
2023-04-18 13:30:00-04:00,59.650001525878906,59.650001525878906,59.650001525878906,59.650001525878906,705,0.0,0.0,0.0
2023-04-18 14:30:00-04:00,59.630001068115234,59.630001068115234,59.611000061035156,59.611000061035156,638,0.0,0.0,0.0
2023-04-18 15:30:00-04:00,59.82500076293945,59.84000015258789,59.810001373291016,59.82500076293945,1537,0.0,0.0,0.0
2023-04-19 09:30:00-04:00,59.400001525878906,59.70000076293945,59.400001525878906,59.70000076293945,1177,0.0,0.0,0.0
2023-04-19 11:30:00-04:00,59.72999954223633,59.72999954223633,59.72999954223633,59.72999954223633,276,0.0,0.0,0.0
2023-04-19 13:30:00-04:00,59.790000915527344,59.790000915527344,59.790000915527344,59.790000915527344,442,0.0,0.0,0.0
2023-04-19 14:30:00-04:00,59.68349838256836,59.68349838256836,59.66999816894531,59.68349838256836,110,0.0,0.0,0.0
2023-04-20 09:30:00-04:00,59.20000076293945,59.21500015258789,59.20000076293945,59.21500015258789,0,0.0,0.0,0.0
2023-04-20 10:30:00-04:00,59.36000061035156,59.3650016784668,59.29999923706055,59.29999923706055,500,0.0,0.0,0.0
2023-04-20 11:30:00-04:00,59.29999923706055,59.29999923706055,59.27939987182617,59.27939987182617,365,0.0,0.0,0.0
2023-04-20 13:30:00-04:00,59.2400016784668,59.2400016784668,59.2400016784668,59.2400016784668,364,0.0,0.0,0.0
2023-04-20 14:30:00-04:00,59.31999969482422,59.31999969482422,59.31370162963867,59.31370162963867,367,0.0,0.0,0.0
2023-04-20 15:30:00-04:00,59.31990051269531,59.31990051269531,59.2400016784668,59.31990051269531,1437,0.0,0.0,0.0
2023-04-21 09:30:00-04:00,59.31999969482422,59.31999969482422,59.31999969482422,59.31999969482422,0,0.0,0.0,0.0
2023-04-21 11:30:00-04:00,59.5,59.5,59.5,59.5,234,0.0,0.0,0.0
2023-04-21 13:30:00-04:00,59.25,59.5,59.25,59.40999984741211,0,0.0,0.0,0.0
2023-04-24 09:30:00-04:00,59.290000915527344,59.97990036010742,59.290000915527344,59.4900016784668,5128,0.0,0.0,0.0
2023-04-24 10:30:00-04:00,59.47999954223633,59.47999954223633,59.47999954223633,59.47999954223633,0,0.0,0.0,0.0
2023-04-24 13:30:00-04:00,59.41999816894531,59.41999816894531,59.41999816894531,59.41999816894531,5623,0.0,0.0,0.0
2023-04-24 14:30:00-04:00,59.50870132446289,59.650001525878906,59.40999984741211,59.599998474121094,0,0.0,0.0,0.0
2023-04-25 09:30:00-04:00,59.31999969482422,59.345001220703125,59.31999969482422,59.345001220703125,0,0.0,0.0,0.0
2023-04-25 10:30:00-04:00,59.09000015258789,59.36989974975586,59.09000015258789,59.36989974975586,53253,0.0,0.0,0.0
2023-04-25 12:30:00-04:00,59.44990158081055,59.44990158081055,59.44990158081055,59.44990158081055,188,0.0,0.0,0.0
2023-04-25 13:30:00-04:00,59.154998779296875,59.20000076293945,59.08000183105469,59.20000076293945,1077,0.0,0.0,0.0
2023-04-25 14:30:00-04:00,59.14720153808594,59.17499923706055,59.14720153808594,59.165000915527344,697,0.0,0.0,0.0
2023-04-25 15:30:00-04:00,59.130001068115234,59.27989959716797,59.125,59.125,366,0.0,0.0,0.0
2023-04-26 09:30:00-04:00,58.970001220703125,58.970001220703125,58.970001220703125,58.970001220703125,0,0.0,0.0,0.0
2023-04-26 11:30:00-04:00,58.9640007019043,58.9734992980957,58.9640007019043,58.9734992980957,380,0.0,0.0,0.0
2023-04-26 12:30:00-04:00,59.087501525878906,59.087501525878906,59.087501525878906,59.087501525878906,639,0.0,0.0,0.0
2023-04-26 13:30:00-04:00,59.09000015258789,59.09000015258789,59.06999969482422,59.06999969482422,255,0.0,0.0,0.0
2023-04-26 14:30:00-04:00,58.869998931884766,58.869998931884766,58.81999969482422,58.81999969482422,3922,0.0,0.0,0.0
2023-04-26 15:30:00-04:00,58.814998626708984,59.029998779296875,58.77000045776367,58.77000045776367,6745,0.0,0.0,0.0
2023-04-27 09:30:00-04:00,59.38999938964844,59.38999938964844,59.38999938964844,59.38999938964844,0,0.0,0.0,0.0
2023-04-27 11:30:00-04:00,59.27000045776367,59.27000045776367,59.27000045776367,59.27000045776367,405,0.0,0.0,0.0
2023-04-27 12:30:00-04:00,59.45000076293945,59.45000076293945,59.45000076293945,59.45000076293945,553,0.0,0.0,0.0
2023-04-27 13:30:00-04:00,59.435001373291016,59.435001373291016,59.435001373291016,59.435001373291016,0,0.0,0.0,0.0
2023-04-28 09:30:00-04:00,59.5098991394043,59.56999969482422,59.5098991394043,59.56999969482422,1325,0.0,0.0,0.0
2023-04-28 10:30:00-04:00,59.404998779296875,59.560001373291016,59.404998779296875,59.560001373291016,2466,0.0,0.0,0.0
2023-04-28 14:30:00-04:00,59.58000183105469,59.58000183105469,59.48590087890625,59.48590087890625,348,0.0,0.0,0.0
2023-04-28 15:30:00-04:00,59.439998626708984,59.45000076293945,59.439998626708984,59.45000076293945,336,0.0,0.0,0.0
2023-05-01 09:30:00-04:00,59.20000076293945,59.20000076293945,59.15999984741211,59.18000030517578,0,0.0,0.0,0.0
2023-05-01 11:30:00-04:00,59.189998626708984,59.189998626708984,59.16999816894531,59.16999816894531,655,0.0,0.0,0.0
2023-05-01 13:30:00-04:00,59.150001525878906,59.489898681640625,59.150001525878906,59.489898681640625,630,0.0,0.0,0.0
2023-05-01 14:30:00-04:00,59.189998626708984,59.220001220703125,59.189998626708984,59.189998626708984,810,0.0,0.0,0.0
2023-05-01 15:30:00-04:00,59.20000076293945,59.20000076293945,59.15999984741211,59.15999984741211,0,0.0,0.0,0.0
2023-05-02 10:30:00-04:00,58.63999938964844,58.63999938964844,58.619998931884766,58.619998931884766,288,0.0,0.0,0.0
2023-05-02 11:30:00-04:00,58.650001525878906,58.650001525878906,58.650001525878906,58.650001525878906,667,0.0,0.0,0.0
2023-05-02 12:30:00-04:00,58.59000015258789,58.650001525878906,58.59000015258789,58.650001525878906,468,0.0,0.0,0.0
2023-05-02 13:30:00-04:00,58.650001525878906,58.650001525878906,58.650001525878906,58.650001525878906,135,0.0,0.0,0.0
2023-05-02 14:30:00-04:00,58.67499923706055,58.67499923706055,58.67499923706055,58.67499923706055,0,0.0,0.0,0.0
2023-05-02 15:30:00-04:00,58.72779846191406,58.72779846191406,58.70000076293945,58.70000076293945,2753,0.0,0.0,0.0
2023-05-03 09:30:00-04:00,58.77000045776367,58.790000915527344,58.77000045776367,58.790000915527344,0,0.0,0.0,0.0
2023-05-03 11:30:00-04:00,58.76499938964844,59.38999938964844,58.76499938964844,58.900001525878906,9142,0.0,0.0,0.0
2023-05-03 12:30:00-04:00,59.064998626708984,59.064998626708984,59.064998626708984,59.064998626708984,0,0.0,0.0,0.0
2023-05-03 15:30:00-04:00,58.86000061035156,58.86000061035156,58.52000045776367,58.559200286865234,0,0.0,0.0,0.0
2023-05-04 09:30:00-04:00,58.43000030517578,58.459999084472656,58.15999984741211,58.15999984741211,2575,0.0,0.0,0.0
2023-05-04 10:30:00-04:00,58.08150100708008,58.08150100708008,58.08150100708008,58.08150100708008,305,0.0,0.0,0.0
2023-05-04 11:30:00-04:00,58.0,58.1150016784668,57.86000061035156,58.1150016784668,875,0.0,0.0,0.0
2023-05-04 12:30:00-04:00,58.040000915527344,58.040000915527344,57.79999923706055,57.79999923706055,527,0.0,0.0,0.0
2023-05-04 13:30:00-04:00,57.891998291015625,57.891998291015625,57.891998291015625,57.891998291015625,153,0.0,0.0,0.0
2023-05-04 14:30:00-04:00,58.099998474121094,58.099998474121094,58.099998474121094,58.099998474121094,285,0.0,0.0,0.0
2023-05-04 15:30:00-04:00,58.13999938964844,58.13999938964844,58.12689971923828,58.13999938964844,165,0.0,0.0,0.0
2023-05-05 09:30:00-04:00,58.619998931884766,58.68000030517578,58.619998931884766,58.68000030517578,0,0.0,0.0,0.0
2023-05-05 11:30:00-04:00,58.68000030517578,58.68000030517578,58.68000030517578,58.68000030517578,0,0.0,0.0,0.0
2023-05-05 12:30:00-04:00,58.60850143432617,58.68000030517578,58.60850143432617,58.68000030517578,1082,0.0,0.0,0.0
2023-05-05 13:30:00-04:00,58.68000030517578,58.86989974975586,58.68000030517578,58.86989974975586,835,0.0,0.0,0.0
2023-05-05 15:30:00-04:00,58.68000030517578,58.72779846191406,58.68000030517578,58.72779846191406,704,0.0,0.0,0.0
2023-05-08 09:30:00-04:00,59.060001373291016,59.08000183105469,59.0,59.0,0,0.0,0.0,0.0
2023-05-08 10:30:00-04:00,59.040000915527344,59.040000915527344,58.83399963378906,58.83399963378906,1595,0.0,0.0,0.0
2023-05-08 13:30:00-04:00,58.7776985168457,58.79130172729492,58.7776985168457,58.79130172729492,674,0.0,0.0,0.0
2023-05-08 15:30:00-04:00,58.90129852294922,58.90129852294922,58.88479995727539,58.88479995727539,680,0.0,0.0,0.0
2023-05-09 09:30:00-04:00,58.7400016784668,58.7400016784668,58.7400016784668,58.7400016784668,0,0.0,0.0,0.0
2023-05-09 12:30:00-04:00,58.79499816894531,58.79499816894531,58.79499816894531,58.79499816894531,241,0.0,0.0,0.0
2023-05-09 14:30:00-04:00,58.79410171508789,58.79410171508789,58.793399810791016,58.79410171508789,788,0.0,0.0,0.0
2023-05-10 09:30:00-04:00,59.03990173339844,59.03990173339844,59.03990173339844,59.03990173339844,0,0.0,0.0,0.0
2023-05-10 10:30:00-04:00,58.570098876953125,58.75,58.570098876953125,58.75,6000,0.0,0.0,0.0
2023-05-10 14:30:00-04:00,58.78070068359375,58.810001373291016,58.70009994506836,58.810001373291016,1841,0.0,0.0,0.0
2023-05-10 15:30:00-04:00,58.784698486328125,58.810001373291016,58.709999084472656,58.809898376464844,0,0.0,0.0,0.0
2023-05-11 09:30:00-04:00,56.698299407958984,58.73059844970703,56.698299407958984,58.599998474121094,6345,0.0,0.0,0.0
2023-05-11 10:30:00-04:00,58.61000061035156,58.61000061035156,58.61000061035156,58.61000061035156,224,0.0,0.0,0.0
2023-05-11 11:30:00-04:00,58.61000061035156,58.7400016784668,58.61000061035156,58.7400016784668,689,0.0,0.0,0.0
2023-05-11 13:30:00-04:00,58.619998931884766,58.630001068115234,58.619998931884766,58.630001068115234,751,0.0,0.0,0.0
2023-05-11 14:30:00-04:00,58.630001068115234,58.7599983215332,58.61000061035156,58.66999816894531,2559,0.0,0.0,0.0
2023-05-11 15:30:00-04:00,58.63999938964844,58.63999938964844,58.625,58.63999938964844,691,0.0,0.0,0.0
2023-05-12 09:30:00-04:00,58.869998931884766,58.869998931884766,58.869998931884766,58.869998931884766,0,0.0,0.0,0.0
2023-05-12 10:30:00-04:00,58.849998474121094,58.849998474121094,58.7599983215332,58.7599983215332,1013,0.0,0.0,0.0
2023-05-12 11:30:00-04:00,58.869998931884766,58.869998931884766,58.869998931884766,58.869998931884766,0,0.0,0.0,0.0
2023-05-12 12:30:00-04:00,58.779998779296875,58.779998779296875,58.779998779296875,58.779998779296875,2274,0.0,0.0,0.0
2023-05-12 14:30:00-04:00,58.804500579833984,58.804500579833984,58.804500579833984,58.804500579833984,175,0.0,0.0,0.0
2023-05-12 15:30:00-04:00,58.810001373291016,58.810001373291016,58.779998779296875,58.779998779296875,250,0.0,0.0,0.0
2023-05-15 09:30:00-04:00,58.880001068115234,58.880001068115234,58.68000030517578,58.68000030517578,0,0.0,0.0,0.0
2023-05-15 10:30:00-04:00,58.775001525878906,58.775001525878906,58.775001525878906,58.775001525878906,537,0.0,0.0,0.0
2023-05-15 11:30:00-04:00,58.869998931884766,58.869998931884766,58.753501892089844,58.753501892089844,689,0.0,0.0,0.0
2023-05-15 12:30:00-04:00,58.66999816894531,58.66999816894531,58.66999816894531,58.66999816894531,103,0.0,0.0,0.0
2023-05-15 13:30:00-04:00,58.709999084472656,58.880001068115234,58.709999084472656,58.869998931884766,837,0.0,0.0,0.0
2023-05-15 14:30:00-04:00,58.77000045776367,58.77510070800781,58.77000045776367,58.77510070800781,1304,0.0,0.0,0.0
2023-05-15 15:30:00-04:00,58.77000045776367,58.77000045776367,58.665000915527344,58.76940155029297,0,0.0,0.0,0.0
2023-05-16 10:30:00-04:00,58.74909973144531,58.74909973144531,56.849998474121094,58.56999969482422,120793,0.0,0.0,0.0
2023-05-16 11:30:00-04:00,58.65999984741211,58.65999984741211,58.65999984741211,58.65999984741211,530,0.0,0.0,0.0
2023-05-16 12:30:00-04:00,58.65999984741211,58.65999984741211,58.46009826660156,58.599998474121094,7131,0.0,0.0,0.0
2023-05-16 13:30:00-04:00,58.529998779296875,58.56999969482422,58.47100067138672,58.5099983215332,988,0.0,0.0,0.0
2023-05-16 14:30:00-04:00,58.5099983215332,58.595001220703125,58.5099983215332,58.595001220703125,2718,0.0,0.0,0.0
2023-05-16 15:30:00-04:00,58.5099983215332,58.5099983215332,58.5099983215332,58.5099983215332,900,0.0,0.0,0.0
2023-05-17 09:30:00-04:00,58.5099983215332,58.86989974975586,58.5099983215332,58.86989974975586,0,0.0,0.0,0.0
2023-05-17 10:30:00-04:00,58.619998931884766,58.724998474121094,58.619998931884766,58.724998474121094,656,0.0,0.0,0.0
2023-05-17 11:30:00-04:00,58.73619842529297,58.73619842529297,58.619998931884766,58.619998931884766,1935,0.0,0.0,0.0
2023-05-17 12:30:00-04:00,58.86000061035156,58.8650016784668,58.7400016784668,58.8650016784668,2443,0.0,0.0,0.0
2023-05-17 13:30:00-04:00,58.880001068115234,58.880001068115234,58.779998779296875,58.81999969482422,1608,0.0,0.0,0.0
2023-05-17 15:30:00-04:00,58.8849983215332,58.8849983215332,58.79499816894531,58.8849983215332,500,0.0,0.0,0.0
2023-05-18 09:30:00-04:00,58.75299835205078,58.75299835205078,58.75299835205078,58.75299835205078,0,0.0,0.0,0.0
2023-05-18 10:30:00-04:00,58.90999984741211,58.91999816894531,58.88999938964844,58.91999816894531,1109,0.0,0.0,0.0
2023-05-18 13:30:00-04:00,58.790000915527344,58.790000915527344,58.790000915527344,58.790000915527344,405,0.0,0.0,0.0
2023-05-18 14:30:00-04:00,58.89500045776367,59.060001373291016,58.89500045776367,59.060001373291016,2381,0.0,0.0,0.0
2023-05-18 15:30:00-04:00,58.930999755859375,58.930999755859375,58.899898529052734,58.899898529052734,0,0.0,0.0,0.0
2023-05-19 09:30:00-04:00,59.22999954223633,59.35499954223633,59.184600830078125,59.184600830078125,931,0.0,0.0,0.0
2023-05-19 11:30:00-04:00,59.14289855957031,59.14289855957031,59.0,59.0,1422,0.0,0.0,0.0
2023-05-19 12:30:00-04:00,58.97999954223633,58.97999954223633,58.97999954223633,58.97999954223633,5487,0.0,0.0,0.0
2023-05-19 13:30:00-04:00,59.20000076293945,59.20000076293945,59.20000076293945,59.20000076293945,634,0.0,0.0,0.0
2023-05-22 09:30:00-04:00,59.11000061035156,59.150001525878906,59.11000061035156,59.150001525878906,0,0.0,0.0,0.0
2023-05-22 11:30:00-04:00,59.26499938964844,59.26499938964844,59.03010177612305,59.03010177612305,770,0.0,0.0,0.0
2023-05-22 12:30:00-04:00,59.35499954223633,59.35499954223633,59.35499954223633,59.35499954223633,101,0.0,0.0,0.0
2023-05-22 13:30:00-04:00,59.4900016784668,59.4900016784668,59.44499969482422,59.48979949951172,3052,0.0,0.0,0.0
2023-05-23 09:30:00-04:00,59.459999084472656,59.459999084472656,59.375,59.380001068115234,0,0.0,0.0,0.0
2023-05-23 10:30:00-04:00,59.369998931884766,59.369998931884766,59.369998931884766,59.369998931884766,436,0.0,0.0,0.0
2023-05-23 12:30:00-04:00,59.269901275634766,59.369998931884766,59.269901275634766,59.269901275634766,187,0.0,0.0,0.0
2023-05-24 09:30:00-04:00,59.09000015258789,59.09000015258789,59.09000015258789,59.09000015258789,0,0.0,0.0,0.0
2023-05-24 10:30:00-04:00,59.29999923706055,59.29999923706055,58.63999938964844,58.63999938964844,625,0.0,0.0,0.0
2023-05-24 11:30:00-04:00,58.7599983215332,58.7599983215332,58.7599983215332,58.7599983215332,404,0.0,0.0,0.0
2023-05-24 12:30:00-04:00,58.7400016784668,58.7400016784668,58.72999954223633,58.72999954223633,18183,0.0,0.0,0.0
2023-05-24 13:30:00-04:00,58.66999816894531,58.80500030517578,58.66999816894531,58.80500030517578,0,0.0,0.0,0.0
2023-05-25 09:30:00-04:00,59.27000045776367,59.349998474121094,58.849998474121094,59.349998474121094,1557,0.0,0.0,0.0
2023-05-25 10:30:00-04:00,59.02000045776367,59.02000045776367,59.02000045776367,59.02000045776367,425,0.0,0.0,0.0
2023-05-25 12:30:00-04:00,58.89500045776367,58.97999954223633,58.89500045776367,58.97999954223633,640,0.0,0.0,0.0
2023-05-25 13:30:00-04:00,59.03200149536133,59.03200149536133,59.03200149536133,59.03200149536133,235,0.0,0.0,0.0
2023-05-25 15:30:00-04:00,59.0099983215332,59.0099983215332,59.0099983215332,59.0099983215332,275,0.0,0.0,0.0
2023-05-26 09:30:00-04:00,59.119998931884766,59.68000030517578,59.08000183105469,59.310001373291016,2587,0.0,0.0,0.0
2023-05-26 10:30:00-04:00,59.470001220703125,59.59000015258789,59.459999084472656,59.59000015258789,1855,0.0,0.0,0.0
2023-05-26 11:30:00-04:00,59.560001373291016,59.560001373291016,59.560001373291016,59.560001373291016,872,0.0,0.0,0.0
2023-05-26 13:30:00-04:00,59.5099983215332,59.5099983215332,59.375999450683594,59.375999450683594,847,0.0,0.0,0.0
2023-05-26 14:30:00-04:00,59.29999923706055,59.29999923706055,59.27000045776367,59.29999923706055,410,0.0,0.0,0.0
2023-05-26 15:30:00-04:00,59.47999954223633,59.47999954223633,59.47999954223633,59.47999954223633,112,0.0,0.0,0.0
2023-05-30 09:30:00-04:00,59.60309982299805,59.60309982299805,59.5093994140625,59.5093994140625,0,0.0,0.0,0.0
2023-05-30 12:30:00-04:00,59.34000015258789,59.34000015258789,59.34000015258789,59.34000015258789,1617,0.0,0.0,0.0
2023-05-30 13:30:00-04:00,59.59000015258789,59.59000015258789,59.59000015258789,59.59000015258789,143,0.0,0.0,0.0
2023-05-30 14:30:00-04:00,59.380001068115234,59.380001068115234,59.380001068115234,59.380001068115234,258,0.0,0.0,0.0
2023-05-30 15:30:00-04:00,59.369998931884766,59.369998931884766,59.369998931884766,59.369998931884766,202,0.0,0.0,0.0
2023-05-31 09:30:00-04:00,59.43000030517578,59.43000030517578,59.43000030517578,59.43000030517578,0,0.0,0.0,0.0
2023-05-31 10:30:00-04:00,59.130001068115234,59.130001068115234,59.130001068115234,59.130001068115234,328,0.0,0.0,0.0
2023-05-31 11:30:00-04:00,59.279998779296875,59.279998779296875,59.119998931884766,59.279998779296875,810,0.0,0.0,0.0
2023-05-31 12:30:00-04:00,59.28049850463867,59.28049850463867,59.209598541259766,59.209598541259766,0,0.0,0.0,0.0
2023-06-01 09:30:00-04:00,58.7599983215332,58.79499816894531,58.7599983215332,58.79499816894531,804,0.0,0.0,0.0
2023-06-01 11:30:00-04:00,58.88930130004883,58.88930130004883,58.88930130004883,58.88930130004883,551,0.0,0.0,0.0
2023-06-01 12:30:00-04:00,58.90999984741211,59.0099983215332,58.90999984741211,59.0099983215332,833,0.0,0.0,0.0
2023-06-01 14:30:00-04:00,59.09000015258789,59.11000061035156,58.900001525878906,59.0369987487793,0,0.0,0.0,0.0
2023-06-02 09:30:00-04:00,59.45000076293945,59.505001068115234,59.45000076293945,59.505001068115234,418,0.0,0.0,0.0
2023-06-02 10:30:00-04:00,59.599998474121094,59.61000061035156,59.599998474121094,59.61000061035156,302,0.0,0.0,0.0
2023-06-02 11:30:00-04:00,59.5099983215332,59.810001373291016,59.474998474121094,59.810001373291016,1155,0.0,0.0,0.0
2023-06-02 12:30:00-04:00,59.779998779296875,59.810001373291016,59.54999923706055,59.54999923706055,881,0.0,0.0,0.0
2023-06-02 13:30:00-04:00,59.71500015258789,59.71500015258789,59.54999923706055,59.54999923706055,1453,0.0,0.0,0.0
2023-06-02 14:30:00-04:00,59.93000030517578,59.93000030517578,59.791099548339844,59.791099548339844,187,0.0,0.0,0.0
2023-06-05 10:30:00-04:00,59.72999954223633,59.72999954223633,59.72999954223633,59.72999954223633,0,0.0,0.0,0.0
2023-06-05 11:30:00-04:00,59.84000015258789,59.84000015258789,59.630001068115234,59.630001068115234,559,0.0,0.0,0.0
2023-06-05 13:30:00-04:00,59.66640090942383,59.66640090942383,59.66640090942383,59.66640090942383,0,0.0,0.0,0.0
2023-06-05 14:30:00-04:00,59.81999969482422,59.81999969482422,59.650001525878906,59.725399017333984,1877,0.0,0.0,0.0
2023-06-06 09:30:00-04:00,57.36000061035156,59.999900817871094,57.31999969482422,59.999900817871094,0,0.0,0.0,0.0
2023-06-06 10:30:00-04:00,59.30500030517578,59.970001220703125,58.619998931884766,58.619998931884766,946,0.0,0.0,0.0
2023-06-06 11:30:00-04:00,58.80120086669922,58.80120086669922,58.80120086669922,58.80120086669922,336,0.0,0.0,0.0
2023-06-06 12:30:00-04:00,59.790000915527344,59.790000915527344,59.790000915527344,59.790000915527344,104,0.0,0.0,0.0
2023-06-06 13:30:00-04:00,59.790000915527344,59.790000915527344,59.790000915527344,59.790000915527344,197,0.0,0.0,0.0
2023-06-06 14:30:00-04:00,59.68000030517578,59.91999816894531,59.68000030517578,59.68000030517578,1664,0.0,0.0,0.0
2023-06-06 15:30:00-04:00,59.68000030517578,59.91999816894531,59.65999984741211,59.78179931640625,0,0.0,0.0,0.0
2023-06-07 09:30:00-04:00,60.0,60.0005989074707,60.0,60.0005989074707,799,0.0,0.0,0.0
2023-06-07 10:30:00-04:00,59.91999816894531,59.939998626708984,59.90999984741211,59.93000030517578,799,0.0,0.0,0.0
2023-06-07 11:30:00-04:00,59.939998626708984,59.95000076293945,59.939998626708984,59.939998626708984,853,0.0,0.0,0.0
2023-06-07 14:30:00-04:00,59.709999084472656,59.8306999206543,59.709999084472656,59.8306999206543,0,0.0,0.0,0.0
2023-06-08 09:30:00-04:00,59.790000915527344,59.90999984741211,59.790000915527344,59.90999984741211,877,0.0,0.0,0.0
2023-06-08 11:30:00-04:00,59.83000183105469,59.83000183105469,59.83000183105469,59.83000183105469,501,0.0,0.0,0.0
2023-06-08 15:30:00-04:00,59.9900016784668,59.9900016784668,59.858001708984375,59.86000061035156,0,0.0,0.0,0.0
2023-06-09 09:30:00-04:00,60.10179901123047,60.217201232910156,60.10179901123047,60.189998626708984,1484,0.0,0.0,0.0
2023-06-09 10:30:00-04:00,60.189998626708984,60.189998626708984,60.189998626708984,60.189998626708984,330,0.0,0.0,0.0
2023-06-09 11:30:00-04:00,60.04999923706055,60.04999923706055,60.04999923706055,60.04999923706055,180,0.0,0.0,0.0
2023-06-09 12:30:00-04:00,60.12620162963867,60.22209930419922,60.06999969482422,60.22209930419922,2206,0.0,0.0,0.0
2023-06-09 14:30:00-04:00,60.349998474121094,60.36000061035156,60.277198791503906,60.277198791503906,882,0.0,0.0,0.0
2023-06-12 09:30:00-04:00,60.16999816894531,60.189998626708984,60.150001525878906,60.150001525878906,2432,0.0,0.0,0.0
2023-06-12 11:30:00-04:00,60.25,60.25,60.09000015258789,60.09000015258789,344,0.0,0.0,0.0
2023-06-12 12:30:00-04:00,60.21929931640625,60.26380157470703,60.060001373291016,60.060001373291016,512,0.0,0.0,0.0
2023-06-12 13:30:00-04:00,60.16450119018555,60.21500015258789,60.05500030517578,60.17499923706055,928,0.0,0.0,0.0
2023-06-13 10:30:00-04:00,60.28499984741211,60.36000061035156,60.28499984741211,60.36000061035156,740,0.0,0.0,0.0
2023-06-13 11:30:00-04:00,60.369998931884766,60.369998931884766,60.29100036621094,60.34000015258789,722,0.0,0.0,0.0
2023-06-13 12:30:00-04:00,60.369998931884766,60.4900016784668,60.349998474121094,60.4900016784668,1483,0.0,0.0,0.0
2023-06-13 13:30:00-04:00,60.5,60.5,60.5,60.5,437,0.0,0.0,0.0
2023-06-13 14:30:00-04:00,60.485801696777344,60.499900817871094,60.459999084472656,60.46649932861328,0,0.0,0.0,0.0
2023-06-14 09:30:00-04:00,60.0,60.540000915527344,60.0,60.540000915527344,1496,0.0,0.0,0.0
2023-06-14 10:30:00-04:00,60.81999969482422,60.81999969482422,60.66999816894531,60.66999816894531,671,0.0,0.0,0.0
2023-06-14 11:30:00-04:00,60.4901008605957,60.5099983215332,60.4901008605957,60.5099983215332,2459,0.0,0.0,0.0
2023-06-14 13:30:00-04:00,60.56999969482422,60.599998474121094,60.56999969482422,60.59000015258789,1554,0.0,0.0,0.0
2023-06-14 14:30:00-04:00,60.42499923706055,60.529998779296875,60.31999969482422,60.529998779296875,2199,0.0,0.0,0.0
2023-06-14 15:30:00-04:00,60.439998626708984,60.439998626708984,60.439998626708984,60.439998626708984,0,0.0,0.0,0.0
2023-06-15 09:30:00-04:00,60.36000061035156,60.439998626708984,60.36000061035156,60.40999984741211,3340,0.0,0.0,0.0
2023-06-15 10:30:00-04:00,60.673500061035156,60.673500061035156,60.52000045776367,60.52000045776367,604,0.0,0.0,0.0
2023-06-15 11:30:00-04:00,60.61000061035156,60.61000061035156,60.599998474121094,60.599998474121094,1112,0.0,0.0,0.0
2023-06-15 14:30:00-04:00,60.34000015258789,60.470001220703125,60.34000015258789,60.470001220703125,1145,0.0,0.0,0.0
2023-06-16 09:30:00-04:00,60.68000030517578,60.7599983215332,60.5900993347168,60.5900993347168,0,0.0,0.0,0.0
2023-06-16 10:30:00-04:00,60.790000915527344,60.790000915527344,60.67499923706055,60.67499923706055,417,0.0,0.0,0.0
2023-06-16 11:30:00-04:00,60.540000915527344,60.81999969482422,60.53499984741211,60.54999923706055,3453,0.0,0.0,0.0
2023-06-16 12:30:00-04:00,60.81999969482422,60.81999969482422,60.81999969482422,60.81999969482422,517,0.0,0.0,0.0
2023-06-16 13:30:00-04:00,60.523101806640625,60.67499923706055,60.52009963989258,60.638099670410156,4490,0.0,0.0,0.0
2023-06-16 14:30:00-04:00,60.63999938964844,60.63999938964844,60.599998474121094,60.599998474121094,2127,0.0,0.0,0.0
2023-06-20 09:30:00-04:00,60.400001525878906,60.400001525878906,60.33000183105469,60.33000183105469,0,0.0,0.0,0.0
2023-06-20 10:30:00-04:00,60.375,60.4900016784668,60.2599983215332,60.279998779296875,3498,0.0,0.0,0.0
2023-06-20 12:30:00-04:00,60.290000915527344,60.290000915527344,60.290000915527344,60.290000915527344,219,0.0,0.0,0.0
2023-06-20 13:30:00-04:00,60.290000915527344,60.290000915527344,60.290000915527344,60.290000915527344,305,0.0,0.0,0.0
2023-06-20 15:30:00-04:00,60.36000061035156,60.36000061035156,60.36000061035156,60.36000061035156,270,0.0,0.0,0.0
2023-06-21 09:30:00-04:00,60.290000915527344,60.290000915527344,60.290000915527344,60.290000915527344,0,0.0,0.0,0.0
2023-06-21 10:30:00-04:00,60.290000915527344,60.345001220703125,60.290000915527344,60.34000015258789,980,0.0,0.0,0.0
2023-06-21 11:30:00-04:00,60.11009979248047,60.11009979248047,60.11009979248047,60.11009979248047,454,0.0,0.0,0.0
2023-06-21 13:30:00-04:00,60.29999923706055,60.29999923706055,60.060001373291016,60.060001373291016,438,0.0,0.0,0.0
2023-06-21 14:30:00-04:00,60.19499969482422,60.19499969482422,60.06999969482422,60.06999969482422,288,0.0,0.0,0.0
2023-06-21 15:30:00-04:00,60.06999969482422,60.19499969482422,60.06999969482422,60.19499969482422,116,0.0,0.0,0.0
2023-06-22 09:30:00-04:00,59.959999084472656,59.959999084472656,59.900001525878906,59.900001525878906,0,0.0,0.0,0.0
2023-06-22 11:30:00-04:00,60.310001373291016,60.359901428222656,60.29999923706055,60.34000015258789,1033,0.0,0.0,0.0
2023-06-22 14:30:00-04:00,60.200801849365234,60.209999084472656,60.200801849365234,60.209999084472656,0,0.0,0.0,0.0
2023-06-23 09:30:00-04:00,59.83000183105469,59.83000183105469,59.83000183105469,59.83000183105469,360,0.0,0.0,0.0
2023-06-23 11:30:00-04:00,59.790000915527344,59.790000915527344,59.790000915527344,59.790000915527344,190,0.0,0.0,0.0
2023-06-23 12:30:00-04:00,59.970001220703125,59.970001220703125,59.90999984741211,59.90999984741211,4692,0.0,0.0,0.0
2023-06-26 09:30:00-04:00,59.90999984741211,59.90999984741211,59.90999984741211,59.90999984741211,0,0.0,0.0,0.0
2023-06-26 11:30:00-04:00,59.810001373291016,59.810001373291016,59.79499816894531,59.79999923706055,1120,0.0,0.0,0.0
2023-06-26 13:30:00-04:00,59.91600036621094,60.040000915527344,59.91600036621094,60.040000915527344,570,0.0,0.0,0.0
2023-06-26 14:30:00-04:00,59.81999969482422,59.9031982421875,59.81999969482422,59.9031982421875,735,0.0,0.0,0.0
2023-06-26 15:30:00-04:00,59.93000030517578,60.060001373291016,59.93000030517578,59.93000030517578,100,0.0,0.0,0.0
2023-06-27 10:30:00-04:00,60.15999984741211,60.33000183105469,59.90999984741211,60.31999969482422,2243,0.0,0.0,0.0
2023-06-27 12:30:00-04:00,60.0099983215332,60.36000061035156,59.90999984741211,60.36000061035156,2122,0.0,0.0,0.0
2023-06-27 13:30:00-04:00,60.06999969482422,60.13180160522461,59.97999954223633,60.13180160522461,445,0.0,0.0,0.0
2023-06-27 14:30:00-04:00,60.029998779296875,60.220001220703125,60.02000045776367,60.220001220703125,1797,0.0,0.0,0.0
2023-06-27 15:30:00-04:00,60.25,60.25,60.099998474121094,60.25,661,0.0,0.0,0.0
2023-06-28 09:30:00-04:00,60.29999923706055,60.29999923706055,60.2401008605957,60.2401008605957,0,0.0,0.0,0.0
2023-06-28 10:30:00-04:00,60.31050109863281,60.31050109863281,60.31050109863281,60.31050109863281,358,0.0,0.0,0.0
2023-06-28 11:30:00-04:00,60.40639877319336,60.40639877319336,60.279998779296875,60.279998779296875,352,0.0,0.0,0.0
2023-06-28 12:30:00-04:00,60.470001220703125,60.470001220703125,60.470001220703125,60.470001220703125,1048,0.0,0.0,0.0
2023-06-28 15:30:00-04:00,60.5,60.505001068115234,60.39500045776367,60.505001068115234,1044,0.0,0.0,0.0
2023-06-29 09:30:00-04:00,60.720001220703125,60.720001220703125,60.720001220703125,60.720001220703125,0,0.0,0.0,0.0
2023-06-29 10:30:00-04:00,60.81999969482422,60.81999969482422,60.81999969482422,60.81999969482422,357,0.0,0.0,0.0
2023-06-29 11:30:00-04:00,60.7400016784668,60.7400016784668,60.7400016784668,60.7400016784668,607,0.0,0.0,0.0
2023-06-29 12:30:00-04:00,60.69499969482422,60.69499969482422,60.69499969482422,60.69499969482422,260,0.0,0.0,0.0
2023-06-29 13:30:00-04:00,60.790000915527344,60.790000915527344,60.790000915527344,60.790000915527344,168,0.0,0.0,0.0
2023-06-29 14:30:00-04:00,60.66999816894531,60.810001373291016,60.52000045776367,60.52000045776367,1049,0.0,0.0,0.0
2023-06-29 15:30:00-04:00,60.786598205566406,60.786598205566406,60.786598205566406,60.786598205566406,0,0.0,0.0,0.0
2023-06-30 09:30:00-04:00,61.08000183105469,61.08000183105469,61.060001373291016,61.060001373291016,2114,0.0,0.0,0.0
2023-06-30 11:30:00-04:00,60.97999954223633,61.11000061035156,60.97999954223633,61.0099983215332,1280,0.0,0.0,0.0
2023-06-30 12:30:00-04:00,60.875,60.91999816894531,60.849998474121094,60.849998474121094,4937,0.0,0.0,0.0
2023-06-30 13:30:00-04:00,61.06999969482422,61.06999969482422,61.029998779296875,61.040000915527344,1652,0.0,0.0,0.0
2023-06-30 14:30:00-04:00,61.030601501464844,61.030601501464844,60.88999938964844,60.88999938964844,491,0.0,0.0,0.0
2023-06-30 15:30:00-04:00,60.91999816894531,61.18000030517578,60.88999938964844,61.18000030517578,694,0.0,0.0,0.0
2023-07-03 09:30:00-04:00,60.81999969482422,60.81999969482422,60.720001220703125,60.720001220703125,0,0.0,0.0,0.0
2023-07-03 10:30:00-04:00,60.65999984741211,60.779998779296875,60.65999984741211,60.779998779296875,1488,0.0,0.0,0.0
2023-07-03 11:30:00-04:00,60.66529846191406,60.76570129394531,60.66529846191406,60.66529846191406,369,0.0,0.0,0.0
2023-07-05 09:30:00-04:00,60.810001373291016,60.810001373291016,60.810001373291016,60.810001373291016,0,0.0,0.0,0.0
2023-07-05 11:30:00-04:00,60.82500076293945,60.82500076293945,60.799598693847656,60.799598693847656,463,0.0,0.0,0.0
2023-07-05 12:30:00-04:00,60.9900016784668,60.9900016784668,60.70000076293945,60.720001220703125,5444,0.0,0.0,0.0
2023-07-05 14:30:00-04:00,60.650001525878906,60.650001525878906,60.650001525878906,60.650001525878906,229,0.0,0.0,0.0
2023-07-05 15:30:00-04:00,60.69490051269531,60.69499969482422,60.69490051269531,60.69499969482422,500,0.0,0.0,0.0
2023-07-06 09:30:00-04:00,60.5,60.599998474121094,60.5,60.599998474121094,0,0.0,0.0,0.0
2023-07-06 12:30:00-04:00,59.959999084472656,59.959999084472656,59.959999084472656,59.959999084472656,513,0.0,0.0,0.0
2023-07-06 13:30:00-04:00,60.709999084472656,60.71609878540039,60.709999084472656,60.709999084472656,471,0.0,0.0,0.0
2023-07-07 09:30:00-04:00,60.560001373291016,60.560001373291016,60.404998779296875,60.404998779296875,0,0.0,0.0,0.0
2023-07-07 10:30:00-04:00,60.529998779296875,60.66999816894531,60.529998779296875,60.66999816894531,1732,0.0,0.0,0.0
2023-07-07 11:30:00-04:00,60.68000030517578,60.84000015258789,60.68000030517578,60.84000015258789,3087,0.0,0.0,0.0
2023-07-07 12:30:00-04:00,60.529998779296875,60.935001373291016,60.4900016784668,60.935001373291016,703,0.0,0.0,0.0
2023-07-07 13:30:00-04:00,60.529998779296875,60.70000076293945,60.52000045776367,60.70000076293945,472,0.0,0.0,0.0
2023-07-10 09:30:00-04:00,60.479000091552734,60.479000091552734,60.479000091552734,60.479000091552734,0,0.0,0.0,0.0
2023-07-10 10:30:00-04:00,60.597999572753906,60.597999572753906,60.54999923706055,60.54999923706055,529,0.0,0.0,0.0
2023-07-10 13:30:00-04:00,60.54410171508789,60.63999938964844,60.54410171508789,60.6255989074707,1069,0.0,0.0,0.0
2023-07-11 09:30:00-04:00,60.83000183105469,60.880001068115234,60.83000183105469,60.880001068115234,0,0.0,0.0,0.0
2023-07-11 10:30:00-04:00,60.720001220703125,60.720001220703125,60.720001220703125,60.720001220703125,613,0.0,0.0,0.0
2023-07-11 11:30:00-04:00,60.869998931884766,60.869998931884766,60.869998931884766,60.869998931884766,971,0.0,0.0,0.0
2023-07-11 12:30:00-04:00,60.90599822998047,60.90599822998047,60.87139892578125,60.87139892578125,507,0.0,0.0,0.0
2023-07-11 14:30:00-04:00,60.85499954223633,61.040000915527344,60.85499954223633,60.94160079956055,1089,0.0,0.0,0.0
2023-07-11 15:30:00-04:00,61.04999923706055,61.04999923706055,60.900001525878906,60.900001525878906,0,0.0,0.0,0.0
2023-07-12 09:30:00-04:00,61.13999938964844,61.189998626708984,61.099998474121094,61.189998626708984,754,0.0,0.0,0.0
2023-07-12 10:30:00-04:00,61.100101470947266,61.380001068115234,61.0,61.0,6963,0.0,0.0,0.0
2023-07-12 11:30:00-04:00,60.959999084472656,60.959999084472656,60.940101623535156,60.940101623535156,1598,0.0,0.0,0.0
2023-07-12 13:30:00-04:00,60.9900016784668,60.9900016784668,60.9900016784668,60.9900016784668,255,0.0,0.0,0.0
2023-07-12 14:30:00-04:00,61.33000183105469,61.369998931884766,61.147701263427734,61.147701263427734,909,0.0,0.0,0.0
2023-07-12 15:30:00-04:00,61.18519973754883,61.18519973754883,61.18519973754883,61.18519973754883,0,0.0,0.0,0.0
2023-07-13 09:30:00-04:00,61.25,61.349998474121094,61.150001525878906,61.30500030517578,86845,0.0,0.0,0.0
2023-07-13 10:30:00-04:00,61.349998474121094,61.41999816894531,61.32500076293945,61.351600646972656,0,0.0,0.0,0.0
2023-07-13 11:30:00-04:00,61.20000076293945,61.29499816894531,61.20000076293945,61.281898498535156,704,0.0,0.0,0.0
2023-07-13 12:30:00-04:00,61.227298736572266,61.227298736572266,61.227298736572266,61.227298736572266,100,0.0,0.0,0.0
2023-07-13 14:30:00-04:00,61.31990051269531,61.38990020751953,61.31990051269531,61.38990020751953,890,0.0,0.0,0.0
2023-07-13 15:30:00-04:00,61.30500030517578,61.30500030517578,61.30500030517578,61.30500030517578,100,0.0,0.0,0.0
2023-07-14 09:30:00-04:00,61.33000183105469,61.34000015258789,60.84659957885742,61.16999816894531,0,0.0,0.0,0.0
2023-07-14 10:30:00-04:00,61.22999954223633,61.22999954223633,61.22999954223633,61.22999954223633,100,0.0,0.0,0.0
2023-07-14 12:30:00-04:00,60.970001220703125,61.095001220703125,60.970001220703125,61.095001220703125,519,0.0,0.0,0.0
2023-07-17 10:30:00-04:00,61.179901123046875,61.179901123046875,61.150001525878906,61.150001525878906,309,0.0,0.0,0.0
2023-07-17 11:30:00-04:00,61.0,61.0,61.0,61.0,1046,0.0,0.0,0.0
2023-07-17 13:30:00-04:00,60.900001525878906,60.900001525878906,60.900001525878906,60.900001525878906,180,0.0,0.0,0.0
2023-07-17 14:30:00-04:00,61.150001525878906,61.16999816894531,61.03499984741211,61.03499984741211,942,0.0,0.0,0.0
2023-07-17 15:30:00-04:00,61.13999938964844,61.150001525878906,61.03499984741211,61.03499984741211,0,0.0,0.0,0.0
2023-07-18 09:30:00-04:00,61.34000015258789,61.34000015258789,60.88999938964844,60.88999938964844,734,0.0,0.0,0.0
2023-07-18 10:30:00-04:00,61.04990005493164,61.04999923706055,60.91230010986328,61.04999923706055,1187,0.0,0.0,0.0
2023-07-18 11:30:00-04:00,61.150001525878906,61.150001525878906,61.150001525878906,61.150001525878906,1381,0.0,0.0,0.0
2023-07-18 12:30:00-04:00,61.005001068115234,61.005001068115234,61.005001068115234,61.005001068115234,262,0.0,0.0,0.0
2023-07-18 14:30:00-04:00,61.189998626708984,61.189998626708984,60.880001068115234,60.880001068115234,669,0.0,0.0,0.0
2023-07-18 15:30:00-04:00,61.01279830932617,61.01279830932617,61.005001068115234,61.005001068115234,183,0.0,0.0,0.0
2023-07-19 09:30:00-04:00,61.25,61.25,61.18000030517578,61.230098724365234,0,0.0,0.0,0.0
2023-07-19 11:30:00-04:00,61.20000076293945,61.20000076293945,61.20000076293945,61.20000076293945,0,0.0,0.0,0.0
2023-07-19 12:30:00-04:00,61.31999969482422,61.359901428222656,61.16999816894531,61.359901428222656,4375,0.0,0.0,0.0
2023-07-19 13:30:00-04:00,61.220001220703125,61.29999923706055,61.220001220703125,61.29999923706055,925,0.0,0.0,0.0
2023-07-19 15:30:00-04:00,61.24259948730469,61.24259948730469,61.214900970458984,61.214900970458984,532,0.0,0.0,0.0
2023-07-20 09:30:00-04:00,61.029998779296875,61.31999969482422,61.029998779296875,61.31999969482422,0,0.0,0.0,0.0
2023-07-20 10:30:00-04:00,61.09000015258789,61.1057014465332,60.95000076293945,60.95000076293945,20795,0.0,0.0,0.0
2023-07-20 12:30:00-04:00,61.154998779296875,61.154998779296875,61.053001403808594,61.053001403808594,370,0.0,0.0,0.0
2023-07-20 13:30:00-04:00,61.1349983215332,61.1349983215332,61.1349983215332,61.1349983215332,158,0.0,0.0,0.0
2023-07-20 14:30:00-04:00,60.970001220703125,60.970001220703125,60.970001220703125,60.970001220703125,128,0.0,0.0,0.0
2023-07-20 15:30:00-04:00,61.1150016784668,61.1150016784668,61.095001220703125,61.095001220703125,178,0.0,0.0,0.0
2023-07-21 09:30:00-04:00,61.5,61.5,61.29999923706055,61.29999923706055,0,0.0,0.0,0.0
2023-07-21 10:30:00-04:00,61.220001220703125,61.41999816894531,61.220001220703125,61.41999816894531,0,0.0,0.0,0.0
2023-07-21 11:30:00-04:00,61.353599548339844,61.439998626708984,61.353599548339844,61.439998626708984,2473,0.0,0.0,0.0
2023-07-21 12:30:00-04:00,61.34000015258789,61.35919952392578,61.34000015258789,61.35919952392578,682,0.0,0.0,0.0
2023-07-21 13:30:00-04:00,61.22999954223633,61.439998626708984,61.22999954223633,61.334999084472656,1263,0.0,0.0,0.0
2023-07-21 14:30:00-04:00,61.33209991455078,61.334999084472656,61.33209991455078,61.334999084472656,190,0.0,0.0,0.0
2023-07-24 09:30:00-04:00,61.33000183105469,61.33000183105469,61.33000183105469,61.33000183105469,0,0.0,0.0,0.0
2023-07-24 10:30:00-04:00,61.310001373291016,61.314998626708984,61.310001373291016,61.314998626708984,774,0.0,0.0,0.0
2023-07-24 13:30:00-04:00,61.31999969482422,61.560001373291016,61.310001373291016,61.560001373291016,1598,0.0,0.0,0.0
2023-07-24 14:30:00-04:00,61.29999923706055,61.52000045776367,61.29999923706055,61.52000045776367,885,0.0,0.0,0.0
2023-07-24 15:30:00-04:00,61.314998626708984,61.5,61.29999923706055,61.43000030517578,0,0.0,0.0,0.0
2023-07-25 10:30:00-04:00,61.410099029541016,61.410099029541016,61.410099029541016,61.410099029541016,521,0.0,0.0,0.0
2023-07-25 11:30:00-04:00,61.27410125732422,61.459999084472656,61.27410125732422,61.32500076293945,1420,0.0,0.0,0.0
2023-07-25 12:30:00-04:00,61.290000915527344,61.290000915527344,61.290000915527344,61.290000915527344,112,0.0,0.0,0.0
2023-07-25 13:30:00-04:00,61.290000915527344,61.290000915527344,61.290000915527344,61.290000915527344,353,0.0,0.0,0.0
2023-07-25 14:30:00-04:00,61.29999923706055,61.56999969482422,61.2400016784668,61.40999984741211,3981,0.0,0.0,0.0
2023-07-25 15:30:00-04:00,61.27000045776367,61.27000045776367,61.2400016784668,61.2400016784668,701,0.0,0.0,0.0
2023-07-26 09:30:00-04:00,61.22999954223633,61.22999954223633,61.22999954223633,61.22999954223633,0,0.0,0.0,0.0
2023-07-26 10:30:00-04:00,61.519901275634766,61.519901275634766,61.25,61.25,654,0.0,0.0,0.0
2023-07-26 11:30:00-04:00,61.2599983215332,61.2599983215332,61.2599983215332,61.2599983215332,241,0.0,0.0,0.0
2023-07-26 12:30:00-04:00,61.35810089111328,61.4640007019043,61.2400016784668,61.4640007019043,844,0.0,0.0,0.0
2023-07-26 13:30:00-04:00,61.380001068115234,61.52000045776367,61.380001068115234,61.43600082397461,7170,0.0,0.0,0.0
2023-07-26 14:30:00-04:00,61.470001220703125,61.5099983215332,61.35499954223633,61.35499954223633,0,0.0,0.0,0.0
2023-07-27 09:30:00-04:00,61.720001220703125,61.720001220703125,61.71500015258789,61.71500015258789,1118,0.0,0.0,0.0
2023-07-27 10:30:00-04:00,61.710201263427734,61.75,61.59000015258789,61.59000015258789,1435,0.0,0.0,0.0
2023-07-27 11:30:00-04:00,61.64739990234375,61.64739990234375,61.58000183105469,61.58000183105469,240,0.0,0.0,0.0
2023-07-27 12:30:00-04:00,61.665000915527344,61.665000915527344,61.5,61.5099983215332,2588,0.0,0.0,0.0
2023-07-27 14:30:00-04:00,61.59000015258789,61.59000015258789,61.30500030517578,61.30500030517578,1354,0.0,0.0,0.0
2023-07-28 09:30:00-04:00,60.84700012207031,61.36899948120117,60.84700012207031,61.36899948120117,0,0.0,0.0,0.0
2023-07-28 13:30:00-04:00,61.21009826660156,61.45000076293945,61.21009826660156,61.45000076293945,1716,0.0,0.0,0.0
2023-07-28 14:30:00-04:00,61.66999816894531,61.66999816894531,61.66999816894531,61.66999816894531,144,0.0,0.0,0.0
2023-07-28 15:30:00-04:00,61.45000076293945,61.45000076293945,61.45000076293945,61.45000076293945,273,0.0,0.0,0.0
2023-07-31 09:30:00-04:00,61.66999816894531,61.79499816894531,61.66999816894531,61.79499816894531,0,0.0,0.0,0.0
2023-07-31 10:30:00-04:00,61.62779998779297,61.7400016784668,61.599998474121094,61.73500061035156,936,0.0,0.0,0.0
2023-07-31 11:30:00-04:00,61.77000045776367,61.77000045776367,61.77000045776367,61.77000045776367,116,0.0,0.0,0.0
2023-07-31 12:30:00-04:00,61.709999084472656,61.709999084472656,61.709999084472656,61.709999084472656,353,0.0,0.0,0.0
2023-07-31 14:30:00-04:00,61.70000076293945,61.814998626708984,61.70000076293945,61.70000076293945,743,0.0,0.0,0.0
2023-08-01 09:30:00-04:00,61.36000061035156,61.369998931884766,61.31769943237305,61.35499954223633,0,0.0,0.0,0.0
2023-08-01 10:30:00-04:00,61.529998779296875,61.57500076293945,61.529998779296875,61.57500076293945,395,0.0,0.0,0.0
2023-08-01 11:30:00-04:00,61.0099983215332,61.290000915527344,60.91999816894531,61.25,2639,0.0,0.0,0.0
2023-08-01 12:30:00-04:00,61.27000045776367,61.27000045776367,61.27000045776367,61.27000045776367,493,0.0,0.0,0.0
2023-08-01 13:30:00-04:00,61.27000045776367,61.27000045776367,61.27000045776367,61.27000045776367,239,0.0,0.0,0.0
2023-08-01 15:30:00-04:00,61.0,61.09510040283203,60.974998474121094,61.09510040283203,0,0.0,0.0,0.0
2023-08-02 09:30:00-04:00,60.970001220703125,60.99720001220703,60.970001220703125,60.99720001220703,974,0.0,0.0,0.0
2023-08-02 10:30:00-04:00,61.108699798583984,61.108699798583984,60.84000015258789,60.845001220703125,2090,0.0,0.0,0.0
2023-08-02 11:30:00-04:00,60.86000061035156,61.119998931884766,60.83000183105469,61.119998931884766,1463,0.0,0.0,0.0
2023-08-02 12:30:00-04:00,60.8843994140625,60.900001525878906,60.8843994140625,60.900001525878906,648,0.0,0.0,0.0
2023-08-02 13:30:00-04:00,60.900001525878906,60.900001525878906,60.82059860229492,60.900001525878906,7340,0.0,0.0,0.0
2023-08-02 14:30:00-04:00,60.900001525878906,60.970001220703125,60.88999938964844,60.970001220703125,3443,0.0,0.0,0.0
2023-08-02 15:30:00-04:00,60.94160079956055,60.97999954223633,60.849998474121094,60.849998474121094,1854,0.0,0.0,0.0
2023-08-03 09:30:00-04:00,60.755001068115234,60.93000030517578,60.755001068115234,60.93000030517578,0,0.0,0.0,0.0
2023-08-03 10:30:00-04:00,60.939998626708984,60.939998626708984,60.709999084472656,60.709999084472656,789,0.0,0.0,0.0
2023-08-03 11:30:00-04:00,60.720001220703125,60.885799407958984,60.720001220703125,60.845001220703125,0,0.0,0.0,0.0
2023-08-04 09:30:00-04:00,61.099998474121094,61.099998474121094,61.099998474121094,61.099998474121094,220,0.0,0.0,0.0
2023-08-04 10:30:00-04:00,61.130001068115234,61.130001068115234,61.119998931884766,61.119998931884766,425,0.0,0.0,0.0
2023-08-04 12:30:00-04:00,61.185001373291016,61.185001373291016,61.185001373291016,61.185001373291016,440,0.0,0.0,0.0
2023-08-04 14:30:00-04:00,61.02000045776367,61.029998779296875,61.0099983215332,61.0099983215332,1748,0.0,0.0,0.0
2023-08-04 15:30:00-04:00,61.01449966430664,61.01449966430664,61.01449966430664,61.01449966430664,336,0.0,0.0,0.0
2023-08-07 09:30:00-04:00,61.05820083618164,61.130001068115234,61.05820083618164,61.130001068115234,0,0.0,0.0,0.0
2023-08-07 11:30:00-04:00,60.959999084472656,61.05799865722656,60.959999084472656,61.05799865722656,438,0.0,0.0,0.0
2023-08-07 13:30:00-04:00,60.86000061035156,60.9900016784668,60.86000061035156,60.9900016784668,1292,0.0,0.0,0.0
2023-08-07 14:30:00-04:00,61.099998474121094,61.119998931884766,60.93769836425781,60.9900016784668,0,0.0,0.0,0.0
2023-08-08 09:30:00-04:00,60.970001220703125,60.970001220703125,60.81999969482422,60.90999984741211,880,0.0,0.0,0.0
2023-08-08 10:30:00-04:00,60.640098571777344,60.640098571777344,60.640098571777344,60.640098571777344,475,0.0,0.0,0.0
2023-08-08 12:30:00-04:00,60.84000015258789,60.84000015258789,60.84000015258789,60.84000015258789,178,0.0,0.0,0.0
2023-08-08 13:30:00-04:00,60.92380142211914,60.9900016784668,60.744998931884766,60.9900016784668,2253,0.0,0.0,0.0
2023-08-08 14:30:00-04:00,61.029998779296875,61.22999954223633,61.029998779296875,61.22999954223633,2288,0.0,0.0,0.0
2023-08-08 15:30:00-04:00,60.91999816894531,61.04059982299805,60.90999984741211,61.04059982299805,0,0.0,0.0,0.0
2023-08-09 09:30:00-04:00,61.03499984741211,61.06460189819336,61.03499984741211,61.06460189819336,536,0.0,0.0,0.0
2023-08-09 12:30:00-04:00,61.150001525878906,61.150001525878906,61.150001525878906,61.150001525878906,1681,0.0,0.0,0.0
2023-08-09 13:30:00-04:00,61.06999969482422,61.209999084472656,61.06999969482422,61.209999084472656,282,0.0,0.0,0.0
2023-08-09 14:30:00-04:00,60.95000076293945,60.95000076293945,60.935001373291016,60.939998626708984,502,0.0,0.0,0.0
2023-08-09 15:30:00-04:00,61.100101470947266,61.100101470947266,61.02199935913086,61.100101470947266,0,0.0,0.0,0.0
2023-08-10 09:30:00-04:00,61.22719955444336,61.34000015258789,61.22719955444336,61.34000015258789,634,0.0,0.0,0.0
2023-08-10 11:30:00-04:00,61.26599884033203,61.560001373291016,61.2599983215332,61.560001373291016,0,0.0,0.0,0.0
2023-08-10 12:30:00-04:00,61.2599983215332,61.43299865722656,61.2400016784668,61.31460189819336,3132,0.0,0.0,0.0
2023-08-10 13:30:00-04:00,61.29999923706055,61.369998931884766,61.189998626708984,61.3650016784668,6040,0.0,0.0,0.0
2023-08-10 14:30:00-04:00,61.279998779296875,61.279998779296875,61.189998626708984,61.275001525878906,1366,0.0,0.0,0.0
2023-08-10 15:30:00-04:00,61.189998626708984,61.275001525878906,61.189998626708984,61.275001525878906,535,0.0,0.0,0.0
2023-08-11 09:30:00-04:00,61.29999923706055,61.435001373291016,61.13999938964844,61.30500030517578,0,0.0,0.0,0.0
2023-08-11 10:30:00-04:00,61.3650016784668,61.369998931884766,61.11000061035156,61.369998931884766,1892,0.0,0.0,0.0
2023-08-11 12:30:00-04:00,61.40999984741211,61.41999816894531,61.40999984741211,61.415000915527344,516,0.0,0.0,0.0
2023-08-11 13:30:00-04:00,61.29410171508789,61.404998779296875,61.29410171508789,61.404998779296875,389,0.0,0.0,0.0
2023-08-11 15:30:00-04:00,61.220001220703125,61.41999816894531,61.220001220703125,61.41999816894531,783,0.0,0.0,0.0
2023-08-14 09:30:00-04:00,61.33000183105469,61.61000061035156,61.33000183105469,61.61000061035156,0,0.0,0.0,0.0
2023-08-14 11:30:00-04:00,61.560001373291016,61.560001373291016,61.27000045776367,61.36389923095703,507,0.0,0.0,0.0
2023-08-14 12:30:00-04:00,61.52000045776367,61.52000045776367,61.380001068115234,61.52000045776367,819,0.0,0.0,0.0
2023-08-14 13:30:00-04:00,61.382999420166016,61.59000015258789,61.382999420166016,61.59000015258789,0,0.0,0.0,0.0
2023-08-14 15:30:00-04:00,61.459999084472656,61.459999084472656,61.459999084472656,61.459999084472656,2729,0.0,0.0,0.0
2023-08-15 09:30:00-04:00,61.52000045776367,61.52000045776367,61.140098571777344,61.140098571777344,0,0.0,0.0,0.0
2023-08-15 10:30:00-04:00,61.29999923706055,61.29999923706055,61.29999923706055,61.29999923706055,1155,0.0,0.0,0.0
2023-08-15 11:30:00-04:00,61.18000030517578,61.37030029296875,61.18000030517578,61.334999084472656,726,0.0,0.0,0.0
2023-08-15 13:30:00-04:00,61.23500061035156,61.42539978027344,61.23500061035156,61.42539978027344,1080,0.0,0.0,0.0
2023-08-15 14:30:00-04:00,61.39500045776367,61.39500045776367,61.39500045776367,61.39500045776367,177,0.0,0.0,0.0
2023-08-15 15:30:00-04:00,61.39500045776367,61.39500045776367,61.39500045776367,61.39500045776367,0,0.0,0.0,0.0
2023-08-16 09:30:00-04:00,61.45000076293945,61.45899963378906,61.150001525878906,61.150001525878906,1369,0.0,0.0,0.0
2023-08-16 10:30:00-04:00,61.36000061035156,61.36000061035156,61.32400131225586,61.32400131225586,677,0.0,0.0,0.0
2023-08-16 12:30:00-04:00,61.4900016784668,61.4900016784668,61.4900016784668,61.4900016784668,445,0.0,0.0,0.0
2023-08-16 13:30:00-04:00,61.417701721191406,61.417701721191406,61.417701721191406,61.417701721191406,608,0.0,0.0,0.0
2023-08-16 14:30:00-04:00,61.42499923706055,61.5,61.38999938964844,61.38999938964844,0,0.0,0.0,0.0
2023-08-17 09:30:00-04:00,61.36000061035156,61.36000061035156,61.36000061035156,61.36000061035156,323,0.0,0.0,0.0
2023-08-17 10:30:00-04:00,61.59000015258789,61.65999984741211,61.32500076293945,61.59000015258789,2037,0.0,0.0,0.0
2023-08-17 12:30:00-04:00,61.000099182128906,61.4900016784668,61.000099182128906,61.48500061035156,680,0.0,0.0,0.0
2023-08-17 13:30:00-04:00,61.470001220703125,61.56999969482422,61.470001220703125,61.53499984741211,362,0.0,0.0,0.0
2023-08-17 14:30:00-04:00,61.000099182128906,61.06999969482422,61.0,61.0,1315,0.0,0.0,0.0
2023-08-17 15:30:00-04:00,61.25,61.25,60.920101165771484,61.25,271,0.0,0.0,0.0
2023-08-18 09:30:00-04:00,60.84000015258789,61.04999923706055,60.84000015258789,60.9900016784668,0,0.0,0.0,0.0
2023-08-18 11:30:00-04:00,60.93000030517578,60.93000030517578,60.90999984741211,60.90999984741211,292,0.0,0.0,0.0
2023-08-18 12:30:00-04:00,61.003501892089844,61.003501892089844,61.003501892089844,61.003501892089844,1061,0.0,0.0,0.0
2023-08-18 13:30:00-04:00,61.02000045776367,61.02000045776367,61.02000045776367,61.02000045776367,211,0.0,0.0,0.0
2023-08-18 14:30:00-04:00,60.95000076293945,61.03689956665039,60.95000076293945,61.03689956665039,694,0.0,0.0,0.0
2023-08-18 15:30:00-04:00,61.03499984741211,61.03499984741211,61.03499984741211,61.03499984741211,261,0.0,0.0,0.0
2023-08-21 09:30:00-04:00,61.06999969482422,61.2494010925293,61.06999969482422,61.06999969482422,0,0.0,0.0,0.0
2023-08-21 11:30:00-04:00,61.189998626708984,61.189998626708984,61.16120147705078,61.16120147705078,375,0.0,0.0,0.0
2023-08-21 13:30:00-04:00,61.27000045776367,61.27000045776367,61.165000915527344,61.165000915527344,1306,0.0,0.0,0.0
2023-08-21 14:30:00-04:00,61.0,61.165000915527344,61.0,61.165000915527344,0,0.0,0.0,0.0
2023-08-22 09:30:00-04:00,61.20000076293945,61.20000076293945,61.20000076293945,61.20000076293945,135,0.0,0.0,0.0
2023-08-22 10:30:00-04:00,61.459999084472656,61.48500061035156,61.459999084472656,61.48500061035156,356,0.0,0.0,0.0
2023-08-22 11:30:00-04:00,61.16130065917969,61.16130065917969,61.16130065917969,61.16130065917969,180,0.0,0.0,0.0
2023-08-22 12:30:00-04:00,61.41999816894531,61.46989822387695,61.41999816894531,61.46989822387695,651,0.0,0.0,0.0
2023-08-22 14:30:00-04:00,61.220001220703125,61.220001220703125,61.220001220703125,61.220001220703125,0,0.0,0.0,0.0
2023-08-23 09:30:00-04:00,61.38999938964844,61.38999938964844,61.04010009765625,61.38999938964844,3282,0.0,0.0,0.0
2023-08-23 10:30:00-04:00,61.45000076293945,61.45000076293945,61.45000076293945,61.45000076293945,206,0.0,0.0,0.0
2023-08-23 11:30:00-04:00,61.244998931884766,61.244998931884766,61.244998931884766,61.244998931884766,345,0.0,0.0,0.0
2023-08-23 12:30:00-04:00,61.16999816894531,61.5,61.04999923706055,61.5,10328,0.0,0.0,0.0
2023-08-23 13:30:00-04:00,61.4900016784668,61.5,61.4900016784668,61.5,336,0.0,0.0,0.0
2023-08-23 14:30:00-04:00,61.57500076293945,61.59000015258789,61.54999923706055,61.59000015258789,1031,0.0,0.0,0.0
2023-08-23 15:30:00-04:00,61.599998474121094,61.599998474121094,61.560001373291016,61.560001373291016,100,0.0,0.0,0.0
2023-08-24 09:30:00-04:00,61.91999816894531,61.91999816894531,61.59090042114258,61.59090042114258,0,0.0,0.0,0.0
2023-08-24 13:30:00-04:00,61.36000061035156,61.36000061035156,61.36000061035156,61.36000061035156,132,0.0,0.0,0.0
2023-08-24 14:30:00-04:00,61.130001068115234,61.13010025024414,61.130001068115234,61.13010025024414,440,0.0,0.0,0.0
2023-08-24 15:30:00-04:00,61.345001220703125,61.345001220703125,61.345001220703125,61.345001220703125,0,0.0,0.0,0.0
2023-08-25 11:30:00-04:00,61.56999969482422,61.56999969482422,61.56999969482422,61.56999969482422,359,0.0,0.0,0.0
2023-08-25 12:30:00-04:00,61.470001220703125,61.470001220703125,61.470001220703125,61.470001220703125,680,0.0,0.0,0.0
2023-08-25 13:30:00-04:00,61.59000015258789,61.59000015258789,61.59000015258789,61.59000015258789,300,0.0,0.0,0.0
2023-08-25 14:30:00-04:00,61.59000015258789,61.709999084472656,61.59000015258789,61.709999084472656,14787,0.0,0.0,0.0
2023-08-25 15:30:00-04:00,61.65999984741211,61.68000030517578,61.65999984741211,61.68000030517578,428,0.0,0.0,0.0
2023-08-28 09:30:00-04:00,61.86000061035156,61.95000076293945,61.7588005065918,61.86880111694336,0,0.0,0.0,0.0
2023-08-28 10:30:00-04:00,61.65999984741211,61.65999984741211,61.65999984741211,61.65999984741211,137,0.0,0.0,0.0
2023-08-28 11:30:00-04:00,61.67499923706055,61.95000076293945,61.67499923706055,61.869998931884766,874,0.0,0.0,0.0
2023-08-28 12:30:00-04:00,61.67499923706055,61.959999084472656,61.66999816894531,61.84560012817383,0,0.0,0.0,0.0
2023-08-28 13:30:00-04:00,61.857601165771484,61.95000076293945,61.810001373291016,61.869998931884766,6861,0.0,0.0,0.0
2023-08-28 14:30:00-04:00,61.93000030517578,61.93000030517578,61.900001525878906,61.900001525878906,1219,0.0,0.0,0.0
2023-08-28 15:30:00-04:00,61.810001373291016,61.810001373291016,61.810001373291016,61.810001373291016,206,0.0,0.0,0.0
2023-08-29 09:30:00-04:00,62.040000915527344,62.040000915527344,61.869998931884766,61.869998931884766,0,0.0,0.0,0.0
2023-08-29 10:30:00-04:00,61.869998931884766,61.869998931884766,61.869998931884766,61.869998931884766,409,0.0,0.0,0.0
2023-08-29 12:30:00-04:00,61.81100082397461,61.81100082397461,61.77000045776367,61.77000045776367,475,0.0,0.0,0.0
2023-08-29 13:30:00-04:00,61.869998931884766,61.869998931884766,61.869998931884766,61.869998931884766,1219,0.0,0.0,0.0
2023-08-29 14:30:00-04:00,61.75,61.93579864501953,61.75,61.88999938964844,0,0.0,0.0,0.0
2023-08-30 09:30:00-04:00,61.810001373291016,62.150001525878906,61.810001373291016,61.81999969482422,1059,0.0,0.0,0.0
2023-08-30 10:30:00-04:00,62.13999938964844,62.13999938964844,62.13999938964844,62.13999938964844,494,0.0,0.0,0.0
2023-08-30 11:30:00-04:00,61.95500183105469,61.95500183105469,61.95500183105469,61.95500183105469,379,0.0,0.0,0.0
2023-08-30 12:30:00-04:00,61.974998474121094,62.00080108642578,61.8650016784668,61.974998474121094,1229,0.0,0.0,0.0
2023-08-30 13:30:00-04:00,61.990501403808594,62.040000915527344,61.95000076293945,62.040000915527344,2068,0.0,0.0,0.0
2023-08-30 14:30:00-04:00,62.064998626708984,62.084999084472656,61.88999938964844,61.88999938964844,1394,0.0,0.0,0.0
2023-08-30 15:30:00-04:00,61.970001220703125,62.0,61.90999984741211,61.93000030517578,1426,0.0,0.0,0.0
2023-08-31 09:30:00-04:00,61.88999938964844,61.88999938964844,61.88999938964844,61.88999938964844,0,0.0,0.0,0.0
2023-08-31 10:30:00-04:00,62.12300109863281,62.87179946899414,62.12300109863281,62.18790054321289,558,0.0,0.0,0.0
2023-08-31 11:30:00-04:00,61.84000015258789,62.83409881591797,61.84000015258789,62.35499954223633,2680,0.0,0.0,0.0
2023-08-31 12:30:00-04:00,61.90999984741211,62.61280059814453,61.7599983215332,62.16600036621094,4121,0.0,0.0,0.0
2023-08-31 13:30:00-04:00,61.65010070800781,62.93000030517578,61.65010070800781,62.93000030517578,1341,0.0,0.0,0.0
2023-08-31 14:30:00-04:00,61.650001525878906,62.92499923706055,61.650001525878906,62.522300720214844,3093,0.0,0.0,0.0
2023-08-31 15:30:00-04:00,62.43000030517578,62.43000030517578,61.77000045776367,61.84000015258789,0,0.0,0.0,0.0
2023-09-01 09:30:00-04:00,61.619998931884766,61.790000915527344,61.55670166015625,61.731998443603516,4437,0.0,0.0,0.0
2023-09-01 10:30:00-04:00,61.75,61.83000183105469,61.61000061035156,61.83000183105469,3069,0.0,0.0,0.0
2023-09-01 11:30:00-04:00,61.83000183105469,61.83000183105469,61.83000183105469,61.83000183105469,146,0.0,0.0,0.0
2023-09-01 12:30:00-04:00,61.58000183105469,61.58000183105469,61.56700134277344,61.56700134277344,640,0.0,0.0,0.0
2023-09-01 14:30:00-04:00,61.630001068115234,61.63999938964844,61.560001373291016,61.63999938964844,853,0.0,0.0,0.0
2023-09-05 09:30:00-04:00,61.630001068115234,61.839900970458984,61.16999816894531,61.16999816894531,0,0.0,0.0,0.0
2023-09-05 10:30:00-04:00,61.505001068115234,61.505001068115234,61.505001068115234,61.505001068115234,153,0.0,0.0,0.0
2023-09-05 11:30:00-04:00,61.75,61.75,61.16999816894531,61.16999816894531,228,0.0,0.0,0.0
2023-09-05 12:30:00-04:00,61.505001068115234,61.7400016784668,61.505001068115234,61.597999572753906,627,0.0,0.0,0.0
2023-09-05 13:30:00-04:00,61.68000030517578,61.83000183105469,61.68000030517578,61.83000183105469,1601,0.0,0.0,0.0
2023-09-05 14:30:00-04:00,61.54999923706055,61.84000015258789,61.439998626708984,61.45000076293945,9473,0.0,0.0,0.0
2023-09-05 15:30:00-04:00,61.66999816894531,61.66999816894531,61.439998626708984,61.439998626708984,1975,0.0,0.0,0.0
2023-09-06 09:30:00-04:00,61.439998626708984,61.439998626708984,61.439998626708984,61.439998626708984,0,0.0,0.0,0.0
2023-09-06 10:30:00-04:00,62.529998779296875,62.970001220703125,62.529998779296875,62.970001220703125,635,0.0,0.0,0.0
2023-09-06 11:30:00-04:00,61.599998474121094,61.61000061035156,61.47999954223633,61.47999954223633,512,0.0,0.0,0.0
2023-09-06 12:30:00-04:00,61.4900016784668,61.4900016784668,61.40999984741211,61.40999984741211,356,0.0,0.0,0.0
2023-09-06 13:30:00-04:00,62.86000061035156,62.86000061035156,61.597801208496094,61.597801208496094,837,0.0,0.0,0.0
2023-09-06 14:30:00-04:00,61.38999938964844,61.38999938964844,61.31999969482422,61.31999969482422,84964,0.0,0.0,0.0
2023-09-06 15:30:00-04:00,60.9984016418457,61.47999954223633,60.77130126953125,60.77130126953125,0,0.0,0.0,0.0
2023-09-07 09:30:00-04:00,61.36000061035156,61.52000045776367,61.36000061035156,61.52000045776367,2452,0.0,0.0,0.0
2023-09-07 10:30:00-04:00,61.529998779296875,61.559898376464844,61.529998779296875,61.559898376464844,608,0.0,0.0,0.0
2023-09-07 11:30:00-04:00,61.52000045776367,61.54499816894531,61.52000045776367,61.54499816894531,280,0.0,0.0,0.0
2023-09-07 12:30:00-04:00,61.54999923706055,61.54999923706055,61.54999923706055,61.54999923706055,200,0.0,0.0,0.0
2023-09-07 13:30:00-04:00,61.40999984741211,61.40999984741211,61.40999984741211,61.40999984741211,799,0.0,0.0,0.0
2023-09-07 14:30:00-04:00,61.560001373291016,61.560001373291016,61.4900016784668,61.4900016784668,1237,0.0,0.0,0.0
2023-09-07 15:30:00-04:00,61.47819900512695,61.4900016784668,61.47819900512695,61.4900016784668,0,0.0,0.0,0.0
2023-09-08 09:30:00-04:00,61.28010177612305,61.28010177612305,61.28010177612305,61.28010177612305,136,0.0,0.0,0.0
2023-09-08 10:30:00-04:00,61.630001068115234,61.7400016784668,61.619998931884766,61.7400016784668,722,0.0,0.0,0.0
2023-09-08 12:30:00-04:00,61.665000915527344,61.691898345947266,61.665000915527344,61.691898345947266,417,0.0,0.0,0.0
2023-09-08 13:30:00-04:00,61.7776985168457,61.7776985168457,61.54999923706055,61.54999923706055,1504,0.0,0.0,0.0
2023-09-08 14:30:00-04:00,61.67409896850586,61.75,61.67409896850586,61.75,7288,0.0,0.0,0.0
2023-09-08 15:30:00-04:00,61.66999816894531,61.685001373291016,61.66999816894531,61.685001373291016,203,0.0,0.0,0.0
2023-09-11 09:30:00-04:00,62.0,62.0,61.79899978637695,61.79899978637695,1069,0.0,0.0,0.0
2023-09-11 10:30:00-04:00,61.30690002441406,61.30690002441406,61.30690002441406,61.30690002441406,227,0.0,0.0,0.0
2023-09-11 12:30:00-04:00,61.73630142211914,61.76190185546875,61.73630142211914,61.76190185546875,0,0.0,0.0,0.0
2023-09-12 09:30:00-04:00,61.68000030517578,61.68000030517578,61.68000030517578,61.68000030517578,331,0.0,0.0,0.0
2023-09-12 10:30:00-04:00,61.5099983215332,61.5099983215332,61.5099983215332,61.5099983215332,209,0.0,0.0,0.0
2023-09-12 11:30:00-04:00,61.5099983215332,61.5099983215332,61.5099983215332,61.5099983215332,212,0.0,0.0,0.0
2023-09-12 12:30:00-04:00,61.68000030517578,61.83000183105469,61.68000030517578,61.83000183105469,833,0.0,0.0,0.0
2023-09-12 14:30:00-04:00,61.68000030517578,61.81999969482422,61.67499923706055,61.67499923706055,0,0.0,0.0,0.0
2023-09-13 09:30:00-04:00,60.13930130004883,61.38999938964844,60.13930130004883,61.38999938964844,609,0.0,0.0,0.0
2023-09-13 10:30:00-04:00,61.736000061035156,61.90999984741211,61.736000061035156,61.90999984741211,787,0.0,0.0,0.0
2023-09-13 13:30:00-04:00,61.77180099487305,61.77180099487305,61.77180099487305,61.77180099487305,401,0.0,0.0,0.0
2023-09-13 15:30:00-04:00,61.86000061035156,61.869998931884766,61.81999969482422,61.86000061035156,0,0.0,0.0,0.0
2023-09-14 09:30:00-04:00,62.989898681640625,62.989898681640625,62.989898681640625,62.989898681640625,457,0.0,0.0,0.0
2023-09-14 10:30:00-04:00,61.80500030517578,61.80500030517578,61.80500030517578,61.80500030517578,250,0.0,0.0,0.0
2023-09-14 11:30:00-04:00,61.959999084472656,61.959999084472656,61.8494987487793,61.85329818725586,1887,0.0,0.0,0.0
2023-09-14 12:30:00-04:00,61.85860061645508,61.85860061645508,61.85860061645508,61.85860061645508,170,0.0,0.0,0.0
2023-09-14 13:30:00-04:00,61.89780044555664,61.89780044555664,61.7401008605957,61.7401008605957,952,0.0,0.0,0.0
2023-09-14 14:30:00-04:00,61.7401008605957,61.869998931884766,61.7401008605957,61.869998931884766,854,0.0,0.0,0.0
2023-09-14 15:30:00-04:00,61.999900817871094,62.0,61.999900817871094,62.0,0,0.0,0.0,0.0
2023-09-15 09:30:00-04:00,61.90999984741211,61.90999984741211,61.900001525878906,61.90119934082031,987,0.0,0.0,0.0
2023-09-15 10:30:00-04:00,61.90999984741211,61.915000915527344,61.90999984741211,61.915000915527344,246,0.0,0.0,0.0
2023-09-15 11:30:00-04:00,61.81840133666992,61.93000030517578,61.81840133666992,61.93000030517578,3010,0.0,0.0,0.0
2023-09-15 14:30:00-04:00,61.91999816894531,61.91999816894531,61.829498291015625,61.829498291015625,184,0.0,0.0,0.0
2023-09-18 09:30:00-04:00,61.91999816894531,61.91999816894531,61.91999816894531,61.91999816894531,0,0.0,0.0,0.0
2023-09-18 10:30:00-04:00,61.75,61.86000061035156,61.75,61.810001373291016,2602,0.0,0.0,0.0
2023-09-18 12:30:00-04:00,61.970001220703125,61.97999954223633,61.917598724365234,61.917598724365234,868,0.0,0.0,0.0
2023-09-18 14:30:00-04:00,61.849998474121094,61.97999954223633,61.849998474121094,61.97999954223633,4659,0.0,0.0,0.0
2023-09-18 15:30:00-04:00,61.91999816894531,61.91999816894531,61.91999816894531,61.91999816894531,0,0.0,0.0,0.0
2023-09-19 10:30:00-04:00,61.880001068115234,61.880001068115234,61.84000015258789,61.84000015258789,233,0.0,0.0,0.0
2023-09-19 11:30:00-04:00,61.849998474121094,61.85499954223633,61.790000915527344,61.790000915527344,542,0.0,0.0,0.0
2023-09-19 12:30:00-04:00,61.79899978637695,61.79899978637695,61.79899978637695,61.79899978637695,141,0.0,0.0,0.0
2023-09-19 13:30:00-04:00,61.68960189819336,61.68960189819336,61.68960189819336,61.68960189819336,201,0.0,0.0,0.0
2023-09-19 14:30:00-04:00,61.67179870605469,61.71039962768555,61.67179870605469,61.71039962768555,405,0.0,0.0,0.0
2023-09-19 15:30:00-04:00,61.79999923706055,61.79999923706055,61.7400016784668,61.7400016784668,159,0.0,0.0,0.0
2023-09-20 09:30:00-04:00,61.7400016784668,61.939998626708984,61.600101470947266,61.93000030517578,0,0.0,0.0,0.0
2023-09-20 11:30:00-04:00,61.78499984741211,61.78499984741211,61.78499984741211,61.78499984741211,242,0.0,0.0,0.0
2023-09-20 13:30:00-04:00,61.73789978027344,61.73789978027344,61.73789978027344,61.73789978027344,175,0.0,0.0,0.0
2023-09-20 14:30:00-04:00,61.86280059814453,61.86280059814453,61.760101318359375,61.760101318359375,514,0.0,0.0,0.0
2023-09-20 15:30:00-04:00,61.8849983215332,61.8849983215332,61.8849983215332,61.8849983215332,160,0.0,0.0,0.0
2023-09-21 09:30:00-04:00,61.599998474121094,61.599998474121094,61.599998474121094,61.599998474121094,0,0.0,0.0,0.0
2023-09-21 10:30:00-04:00,61.650699615478516,61.75,61.650699615478516,61.720001220703125,1837,0.0,0.0,0.0
2023-09-21 11:30:00-04:00,61.62480163574219,61.62480163574219,61.5099983215332,61.52000045776367,2509,0.0,0.0,0.0
2023-09-21 12:30:00-04:00,61.63999938964844,61.720001220703125,61.61280059814453,61.71500015258789,1159,0.0,0.0,0.0
2023-09-21 13:30:00-04:00,61.52000045776367,61.619998931884766,61.52000045776367,61.619998931884766,557,0.0,0.0,0.0
2023-09-21 14:30:00-04:00,61.619998931884766,61.619998931884766,61.5099983215332,61.590301513671875,803,0.0,0.0,0.0
2023-09-21 15:30:00-04:00,61.47999954223633,61.47999954223633,61.47999954223633,61.47999954223633,201,0.0,0.0,0.0
2023-09-22 09:30:00-04:00,61.529998779296875,61.529998779296875,61.529998779296875,61.529998779296875,0,0.0,0.0,0.0
2023-09-22 11:30:00-04:00,61.4900016784668,61.584999084472656,61.4900016784668,61.584999084472656,732,0.0,0.0,0.0
2023-09-22 12:30:00-04:00,61.70000076293945,61.70000076293945,61.70000076293945,61.70000076293945,126,0.0,0.0,0.0
2023-09-22 13:30:00-04:00,61.625,61.709999084472656,61.47999954223633,61.58440017700195,1166,0.0,0.0,0.0
2023-09-22 15:30:00-04:00,61.630001068115234,61.630001068115234,61.630001068115234,61.630001068115234,102,0.0,0.0,0.0
2023-09-25 09:30:00-04:00,61.5,61.540000915527344,61.5,61.540000915527344,0,0.0,0.0,0.0
2023-09-25 10:30:00-04:00,61.47520065307617,61.52000045776367,61.47520065307617,61.4807014465332,977,0.0,0.0,0.0
2023-09-25 11:30:00-04:00,61.52000045776367,61.52000045776367,61.52000045776367,61.52000045776367,245,0.0,0.0,0.0
2023-09-25 12:30:00-04:00,61.56420135498047,61.63999938964844,61.56420135498047,61.63999938964844,368,0.0,0.0,0.0
2023-09-25 13:30:00-04:00,61.48360061645508,61.48360061645508,61.48360061645508,61.48360061645508,176,0.0,0.0,0.0
2023-09-25 14:30:00-04:00,61.470001220703125,61.52000045776367,61.470001220703125,61.52000045776367,611,0.0,0.0,0.0
2023-09-26 09:30:00-04:00,61.349998474121094,61.349998474121094,61.349998474121094,61.349998474121094,0,0.0,0.0,0.0
2023-09-26 11:30:00-04:00,61.356998443603516,61.47999954223633,61.310001373291016,61.47999954223633,878,0.0,0.0,0.0
2023-09-26 12:30:00-04:00,61.31999969482422,61.47999954223633,61.310001373291016,61.397499084472656,2750,0.0,0.0,0.0
2023-09-26 13:30:00-04:00,61.29999923706055,61.310001373291016,61.29999923706055,61.310001373291016,424,0.0,0.0,0.0
2023-09-26 14:30:00-04:00,61.38999938964844,61.400001525878906,61.2400016784668,61.25,1962,0.0,0.0,0.0
2023-09-26 15:30:00-04:00,61.48500061035156,61.48500061035156,61.3650016784668,61.3650016784668,0,0.0,0.0,0.0
2023-09-27 09:30:00-04:00,62.0,62.0099983215332,62.0,62.0099983215332,408,0.0,0.0,0.0
2023-09-27 10:30:00-04:00,62.02000045776367,62.1349983215332,61.31999969482422,61.64699935913086,6062,0.0,0.0,0.0
2023-09-27 13:30:00-04:00,61.54999923706055,61.56999969482422,61.54999923706055,61.56999969482422,417,0.0,0.0,0.0
2023-09-27 14:30:00-04:00,61.320098876953125,61.599998474121094,61.320098876953125,61.599998474121094,8662,0.0,0.0,0.0
2023-09-27 15:30:00-04:00,61.56999969482422,61.56999969482422,61.334999084472656,61.34000015258789,1128,0.0,0.0,0.0
2023-09-28 09:30:00-04:00,61.33000183105469,61.33000183105469,61.33000183105469,61.33000183105469,0,0.0,0.0,0.0
2023-09-28 10:30:00-04:00,61.27159881591797,61.43000030517578,61.27159881591797,61.43000030517578,1397,0.0,0.0,0.0
2023-09-28 11:30:00-04:00,61.439998626708984,61.439998626708984,61.3650016784668,61.380001068115234,1088,0.0,0.0,0.0
2023-09-28 12:30:00-04:00,61.529998779296875,61.630001068115234,61.506500244140625,61.630001068115234,3459,0.0,0.0,0.0
2023-09-28 13:30:00-04:00,61.619998931884766,61.630001068115234,61.48500061035156,61.630001068115234,1668,0.0,0.0,0.0
2023-09-28 14:30:00-04:00,61.630001068115234,61.630001068115234,61.48500061035156,61.630001068115234,1147,0.0,0.0,0.0
2023-09-28 15:30:00-04:00,61.599998474121094,61.599998474121094,61.46889877319336,61.46889877319336,0,0.0,0.0,0.0
2023-09-29 09:30:00-04:00,61.779998779296875,61.810001373291016,61.459999084472656,61.810001373291016,737,0.0,0.0,0.0
2023-09-29 11:30:00-04:00,61.779998779296875,61.779998779296875,61.779998779296875,61.779998779296875,266,0.0,0.0,0.0
2023-09-29 12:30:00-04:00,61.790000915527344,61.790000915527344,61.77000045776367,61.77000045776367,774,0.0,0.0,0.0
2023-09-29 14:30:00-04:00,61.56999969482422,61.56999969482422,61.54999923706055,61.54999923706055,1572,0.0,0.0,0.0
2023-09-29 15:30:00-04:00,61.68000030517578,61.720001220703125,61.459999084472656,61.52000045776367,14376,0.0,0.0,0.0
2023-10-02 09:30:00-04:00,61.2400016784668,61.2400016784668,61.2400016784668,61.2400016784668,0,0.0,0.0,0.0
2023-10-02 11:30:00-04:00,61.25,61.25,61.25,61.25,843,0.0,0.0,0.0
2023-10-02 12:30:00-04:00,61.090301513671875,61.090301513671875,61.090301513671875,61.090301513671875,201,0.0,0.0,0.0
2023-10-02 13:30:00-04:00,61.130001068115234,61.130001068115234,61.130001068115234,61.130001068115234,165,0.0,0.0,0.0
2023-10-02 15:30:00-04:00,60.880001068115234,60.880001068115234,60.880001068115234,60.880001068115234,2788,0.0,0.0,0.0
2023-10-03 09:30:00-04:00,60.790000915527344,60.81999969482422,60.599998474121094,60.81999969482422,0,0.0,0.0,0.0
2023-10-03 10:30:00-04:00,60.671600341796875,60.724998474121094,60.65650177001953,60.65650177001953,6317,0.0,0.0,0.0
2023-10-03 11:30:00-04:00,60.70500183105469,60.74259948730469,60.599998474121094,60.599998474121094,939,0.0,0.0,0.0
2023-10-03 13:30:00-04:00,60.659000396728516,60.659000396728516,60.56999969482422,60.56999969482422,1020,0.0,0.0,0.0
2023-10-03 14:30:00-04:00,60.584999084472656,60.631099700927734,60.584999084472656,60.584999084472656,1089,0.0,0.0,0.0
2023-10-04 09:30:00-04:00,60.790000915527344,60.790000915527344,60.67499923706055,60.67499923706055,0,0.0,0.0,0.0
2023-10-04 10:30:00-04:00,60.380001068115234,60.54499816894531,60.35499954223633,60.48500061035156,1871,0.0,0.0,0.0
2023-10-04 11:30:00-04:00,60.47999954223633,60.47999954223633,60.47999954223633,60.47999954223633,850,0.0,0.0,0.0
2023-10-04 12:30:00-04:00,60.5099983215332,60.53030014038086,60.5099983215332,60.53030014038086,647,0.0,0.0,0.0
2023-10-04 14:30:00-04:00,60.49800109863281,60.529998779296875,60.49800109863281,60.529998779296875,448,0.0,0.0,0.0
2023-10-04 15:30:00-04:00,60.599998474121094,60.599998474121094,60.5099983215332,60.5099983215332,0,0.0,0.0,0.0
2023-10-05 09:30:00-04:00,59.709999084472656,59.709999084472656,59.709999084472656,59.709999084472656,805,0.0,0.0,0.0
2023-10-05 10:30:00-04:00,59.709999084472656,59.709999084472656,59.709999084472656,59.709999084472656,251,0.0,0.0,0.0
2023-10-05 11:30:00-04:00,60.505001068115234,60.505001068115234,60.505001068115234,60.505001068115234,202,0.0,0.0,0.0
2023-10-05 12:30:00-04:00,60.38999938964844,60.38999938964844,60.38999938964844,60.38999938964844,440,0.0,0.0,0.0
2023-10-05 14:30:00-04:00,60.65999984741211,60.68000030517578,60.65999984741211,60.68000030517578,457,0.0,0.0,0.0
2023-10-05 15:30:00-04:00,60.51490020751953,60.51490020751953,60.51490020751953,60.51490020751953,0,0.0,0.0,0.0
2023-10-06 09:30:00-04:00,60.5,60.5,60.5,60.5,183,0.0,0.0,0.0
2023-10-06 10:30:00-04:00,60.5713996887207,60.650001525878906,60.5713996887207,60.650001525878906,3723,0.0,0.0,0.0
2023-10-06 11:30:00-04:00,60.619998931884766,60.650001525878906,60.619998931884766,60.650001525878906,401,0.0,0.0,0.0
2023-10-06 12:30:00-04:00,60.839900970458984,60.84000015258789,60.737998962402344,60.84000015258789,1363,0.0,0.0,0.0
2023-10-06 13:30:00-04:00,60.935001373291016,60.935001373291016,60.935001373291016,60.935001373291016,369,0.0,0.0,0.0
2023-10-06 14:30:00-04:00,60.79499816894531,60.79499816894531,60.79499816894531,60.79499816894531,2122,0.0,0.0,0.0
2023-10-06 15:30:00-04:00,60.97999954223633,60.97999954223633,60.97999954223633,60.97999954223633,108,0.0,0.0,0.0
2023-10-09 09:30:00-04:00,61.099998474121094,61.099998474121094,60.75,60.93339920043945,0,0.0,0.0,0.0
2023-10-09 10:30:00-04:00,60.88019943237305,61.060001373291016,60.88019943237305,61.060001373291016,489,0.0,0.0,0.0
2023-10-09 13:30:00-04:00,60.90999984741211,61.09000015258789,60.90999984741211,61.084999084472656,1487,0.0,0.0,0.0
2023-10-09 14:30:00-04:00,60.79999923706055,60.970001220703125,60.79999923706055,60.970001220703125,745,0.0,0.0,0.0
2023-10-09 15:30:00-04:00,60.72010040283203,60.85060119628906,60.72010040283203,60.85060119628906,0,0.0,0.0,0.0
2023-10-10 09:30:00-04:00,61.15999984741211,61.15999984741211,60.849998474121094,60.96770095825195,8839,0.0,0.0,0.0
2023-10-10 12:30:00-04:00,61.025001525878906,61.025001525878906,60.86330032348633,60.86330032348633,791,0.0,0.0,0.0
2023-10-10 13:30:00-04:00,61.15850067138672,61.15850067138672,61.15850067138672,61.15850067138672,1635,0.0,0.0,0.0
2023-10-10 14:30:00-04:00,61.092201232910156,61.092201232910156,61.092201232910156,61.092201232910156,303,0.0,0.0,0.0
2023-10-10 15:30:00-04:00,61.05870056152344,61.05870056152344,61.04999923706055,61.04999923706055,352,0.0,0.0,0.0
2023-10-11 09:30:00-04:00,61.16999816894531,61.310001373291016,61.060001373291016,61.2057991027832,0,0.0,0.0,0.0
2023-10-11 12:30:00-04:00,61.189998626708984,61.189998626708984,61.16999816894531,61.16999816894531,786,0.0,0.0,0.0
2023-10-11 13:30:00-04:00,60.93000030517578,61.00299835205078,60.77009963989258,60.77009963989258,2778,0.0,0.0,0.0
2023-10-11 14:30:00-04:00,61.0260009765625,61.0260009765625,60.85810089111328,60.85810089111328,531,0.0,0.0,0.0
2023-10-11 15:30:00-04:00,60.845001220703125,60.934898376464844,60.845001220703125,60.934898376464844,0,0.0,0.0,0.0
2023-10-12 09:30:00-04:00,60.91999816894531,60.97700119018555,60.90010070800781,60.90010070800781,1161,0.0,0.0,0.0
2023-10-12 10:30:00-04:00,61.0,61.08000183105469,60.97439956665039,60.97439956665039,803,0.0,0.0,0.0
2023-10-12 12:30:00-04:00,61.099998474121094,61.099998474121094,61.099998474121094,61.099998474121094,465,0.0,0.0,0.0
2023-10-12 13:30:00-04:00,60.957000732421875,61.09000015258789,60.900001525878906,61.04990005493164,2613,0.0,0.0,0.0
2023-10-12 14:30:00-04:00,60.90999984741211,61.04990005493164,60.854698181152344,60.854698181152344,2893,0.0,0.0,0.0
2023-10-12 15:30:00-04:00,60.779998779296875,60.8849983215332,60.779998779296875,60.8849983215332,0,0.0,0.0,0.0
2023-10-13 11:30:00-04:00,60.810001373291016,61.06999969482422,60.810001373291016,61.06999969482422,3250,0.0,0.0,0.0
2023-10-13 12:30:00-04:00,60.88560104370117,60.95500183105469,60.88560104370117,60.95500183105469,523,0.0,0.0,0.0
2023-10-13 13:30:00-04:00,60.83000183105469,60.83000183105469,60.68000030517578,60.68000030517578,1667,0.0,0.0,0.0
2023-10-13 14:30:00-04:00,60.68000030517578,61.109901428222656,60.66999816894531,60.68000030517578,1912,0.0,0.0,0.0
2023-10-13 15:30:00-04:00,61.10060119628906,61.10060119628906,60.650001525878906,60.65999984741211,1486,0.0,0.0,0.0
2023-10-16 09:30:00-04:00,60.86000061035156,60.86000061035156,60.849998474121094,60.86000061035156,0,0.0,0.0,0.0
2023-10-16 10:30:00-04:00,60.86000061035156,60.86000061035156,60.7400016784668,60.7400016784668,1012,0.0,0.0,0.0
2023-10-16 12:30:00-04:00,60.83470153808594,60.83470153808594,60.83470153808594,60.83470153808594,450,0.0,0.0,0.0
2023-10-16 14:30:00-04:00,60.848899841308594,60.849998474121094,60.72010040283203,60.849998474121094,0,0.0,0.0,0.0
2023-10-17 09:30:00-04:00,61.0,61.02000045776367,60.845001220703125,60.845001220703125,664,0.0,0.0,0.0
2023-10-17 12:30:00-04:00,60.689998626708984,60.9900016784668,60.689998626708984,60.9900016784668,1323,0.0,0.0,0.0
2023-10-17 14:30:00-04:00,60.89500045776367,60.89500045776367,60.86000061035156,60.86000061035156,213,0.0,0.0,0.0
2023-10-18 09:30:00-04:00,60.93000030517578,60.93899917602539,60.899898529052734,60.93899917602539,0,0.0,0.0,0.0
2023-10-18 12:30:00-04:00,60.77000045776367,60.77000045776367,60.77000045776367,60.77000045776367,131,0.0,0.0,0.0
2023-10-18 13:30:00-04:00,60.849998474121094,60.900001525878906,60.849998474121094,60.900001525878906,7062,0.0,0.0,0.0
2023-10-18 15:30:00-04:00,60.77000045776367,60.8135986328125,60.77000045776367,60.8135986328125,700,0.0,0.0,0.0
2023-10-19 09:30:00-04:00,60.79999923706055,60.899898529052734,60.79999923706055,60.899898529052734,0,0.0,0.0,0.0
2023-10-19 10:30:00-04:00,60.8650016784668,60.8650016784668,60.720001220703125,60.720001220703125,4690,0.0,0.0,0.0
2023-10-19 12:30:00-04:00,60.7932014465332,60.7932014465332,60.7932014465332,60.7932014465332,363,0.0,0.0,0.0
2023-10-19 13:30:00-04:00,60.88999938964844,60.88999938964844,60.88999938964844,60.88999938964844,265,0.0,0.0,0.0
2023-10-19 14:30:00-04:00,60.849998474121094,60.93000030517578,60.70000076293945,60.749900817871094,3442,0.0,0.0,0.0
2023-10-20 09:30:00-04:00,60.470001220703125,60.470001220703125,60.470001220703125,60.470001220703125,0,0.0,0.0,0.0
2023-10-20 10:30:00-04:00,60.40999984741211,60.4817008972168,60.40999984741211,60.4817008972168,904,0.0,0.0,0.0
2023-10-20 13:30:00-04:00,60.45000076293945,60.53499984741211,60.41999816894531,60.53499984741211,1129,0.0,0.0,0.0
2023-10-23 09:30:00-04:00,60.41999816894531,60.599998474121094,60.39500045776367,60.540000915527344,1118,0.0,0.0,0.0
2023-10-23 10:30:00-04:00,60.59000015258789,60.59000015258789,60.59000015258789,60.59000015258789,253,0.0,0.0,0.0
2023-10-23 12:30:00-04:00,60.72169876098633,60.72999954223633,60.72169876098633,60.72999954223633,396,0.0,0.0,0.0
2023-10-23 13:30:00-04:00,60.74250030517578,60.810001373291016,60.54999923706055,60.810001373291016,1188,0.0,0.0,0.0
2023-10-23 14:30:00-04:00,60.81999969482422,60.81999969482422,60.724098205566406,60.724098205566406,358,0.0,0.0,0.0
2023-10-23 15:30:00-04:00,60.79999923706055,60.79999923706055,60.720001220703125,60.720001220703125,0,0.0,0.0,0.0
2023-10-24 10:30:00-04:00,61.13999938964844,61.13999938964844,61.13999938964844,61.13999938964844,100,0.0,0.0,0.0
2023-10-24 11:30:00-04:00,61.13999938964844,61.13999938964844,60.995399475097656,60.995399475097656,793,0.0,0.0,0.0
2023-10-24 12:30:00-04:00,60.91999816894531,61.06999969482422,60.88999938964844,61.06999969482422,886,0.0,0.0,0.0
2023-10-24 13:30:00-04:00,60.939998626708984,60.9900016784668,60.88159942626953,60.9900016784668,2813,0.0,0.0,0.0
2023-10-24 14:30:00-04:00,61.0,61.060001373291016,60.959999084472656,61.060001373291016,706,0.0,0.0,0.0
2023-10-24 15:30:00-04:00,61.13999938964844,61.13999938964844,61.13999938964844,61.13999938964844,0,0.0,0.0,0.0
2023-10-25 09:30:00-04:00,61.369998931884766,61.369998931884766,61.031898498535156,61.031898498535156,1569,0.0,0.0,0.0
2023-10-25 11:30:00-04:00,61.099998474121094,61.099998474121094,61.099998474121094,61.099998474121094,170,0.0,0.0,0.0
2023-10-25 12:30:00-04:00,61.130001068115234,61.130001068115234,61.029998779296875,61.029998779296875,323,0.0,0.0,0.0
2023-10-25 13:30:00-04:00,60.90999984741211,61.08000183105469,60.90999984741211,60.90999984741211,498,0.0,0.0,0.0
2023-10-25 14:30:00-04:00,60.90999984741211,61.09000015258789,60.90999984741211,61.02000045776367,472,0.0,0.0,0.0
2023-10-26 09:30:00-04:00,60.65999984741211,60.939998626708984,60.65999984741211,60.8140983581543,0,0.0,0.0,0.0
2023-10-26 10:30:00-04:00,60.68000030517578,60.68000030517578,60.68000030517578,60.68000030517578,13309,0.0,0.0,0.0
2023-10-26 12:30:00-04:00,60.619998931884766,60.88999938964844,60.619998931884766,60.88999938964844,321,0.0,0.0,0.0
2023-10-26 13:30:00-04:00,60.810001373291016,60.810001373291016,60.61009979248047,60.61009979248047,743,0.0,0.0,0.0
2023-10-26 15:30:00-04:00,60.72999954223633,60.72999954223633,60.72999954223633,60.72999954223633,0,0.0,0.0,0.0
2023-10-27 09:30:00-04:00,61.02000045776367,61.02000045776367,60.73699951171875,60.73699951171875,347,0.0,0.0,0.0
2023-10-27 10:30:00-04:00,61.0099983215332,61.0099983215332,61.0099983215332,61.0099983215332,512,0.0,0.0,0.0
2023-10-27 12:30:00-04:00,60.849998474121094,60.939998626708984,60.779998779296875,60.939998626708984,1513,0.0,0.0,0.0
2023-10-27 13:30:00-04:00,60.8849983215332,60.96500015258789,60.730098724365234,60.93000030517578,2287,0.0,0.0,0.0
2023-10-27 14:30:00-04:00,60.91999816894531,61.0,60.709999084472656,60.789798736572266,1383,0.0,0.0,0.0
2023-10-30 09:30:00-04:00,60.68939971923828,60.68939971923828,60.68939971923828,60.68939971923828,0,0.0,0.0,0.0
2023-10-30 10:30:00-04:00,60.72999954223633,60.72999954223633,60.72999954223633,60.72999954223633,200,0.0,0.0,0.0
2023-10-30 11:30:00-04:00,60.970001220703125,60.970001220703125,60.970001220703125,60.970001220703125,199,0.0,0.0,0.0
2023-10-30 12:30:00-04:00,60.93000030517578,60.970001220703125,60.7932014465332,60.869998931884766,1167,0.0,0.0,0.0
2023-10-30 13:30:00-04:00,60.9900016784668,60.9900016784668,60.869998931884766,60.9900016784668,446,0.0,0.0,0.0
2023-10-30 14:30:00-04:00,60.95000076293945,60.95000076293945,60.722999572753906,60.75,373,0.0,0.0,0.0
2023-10-30 15:30:00-04:00,60.7400016784668,60.7400016784668,60.7400016784668,60.7400016784668,0,0.0,0.0,0.0
2023-10-31 09:30:00-04:00,61.31999969482422,61.31999969482422,60.69369888305664,60.91529846191406,1023,0.0,0.0,0.0
2023-10-31 11:30:00-04:00,61.03379821777344,61.03379821777344,61.03379821777344,61.03379821777344,250,0.0,0.0,0.0
2023-10-31 12:30:00-04:00,61.130001068115234,61.130001068115234,61.064998626708984,61.064998626708984,392,0.0,0.0,0.0
2023-10-31 14:30:00-04:00,61.08000183105469,61.084999084472656,61.08000183105469,61.084999084472656,0,0.0,0.0,0.0
2023-11-01 09:30:00-04:00,60.53499984741211,60.53499984741211,60.53499984741211,60.53499984741211,165,0.0,0.0,0.0
2023-11-01 10:30:00-04:00,60.43280029296875,60.650001525878906,60.380001068115234,60.380001068115234,4987,0.0,0.0,0.0
2023-11-01 11:30:00-04:00,60.625,60.83000183105469,60.5635986328125,60.83000183105469,427,0.0,0.0,0.0
2023-11-01 13:30:00-04:00,60.970001220703125,60.970001220703125,60.47999954223633,60.880001068115234,955,0.0,0.0,0.0
2023-11-01 14:30:00-04:00,60.790000915527344,60.900001525878906,60.69499969482422,60.88999938964844,1099,0.0,0.0,0.0
2023-11-01 15:30:00-04:00,60.68000030517578,60.869998931884766,60.68000030517578,60.77360153198242,0,0.0,0.0,0.0
2023-11-02 09:30:00-04:00,60.63999938964844,60.709999084472656,60.63999938964844,60.709999084472656,10446,0.0,0.0,0.0
2023-11-02 10:30:00-04:00,61.47999954223633,61.47999954223633,61.18000030517578,61.18000030517578,625,0.0,0.0,0.0
2023-11-02 11:30:00-04:00,61.39400100708008,61.5,61.39400100708008,61.5,341,0.0,0.0,0.0
2023-11-02 12:30:00-04:00,61.44020080566406,61.44020080566406,61.44020080566406,61.44020080566406,241,0.0,0.0,0.0
2023-11-02 13:30:00-04:00,61.49760055541992,61.49760055541992,61.49760055541992,61.49760055541992,202,0.0,0.0,0.0
2023-11-02 14:30:00-04:00,61.599998474121094,61.599998474121094,61.599998474121094,61.599998474121094,543,0.0,0.0,0.0
2023-11-02 15:30:00-04:00,61.849998474121094,61.849998474121094,61.69499969482422,61.69499969482422,0,0.0,0.0,0.0
2023-11-03 10:30:00-04:00,61.393699645996094,61.45500183105469,61.393699645996094,61.45500183105469,1690,0.0,0.0,0.0
2023-11-03 11:30:00-04:00,61.45500183105469,61.602298736572266,61.13650131225586,61.602298736572266,2183,0.0,0.0,0.0
2023-11-03 14:30:00-04:00,61.45029830932617,61.45029830932617,61.22999954223633,61.22999954223633,804,0.0,0.0,0.0
2023-11-03 15:30:00-04:00,61.88999938964844,61.974998474121094,61.790000915527344,61.91999816894531,5819,0.0,0.0,0.0
2023-11-06 09:30:00-05:00,61.83000183105469,61.83000183105469,61.83000183105469,61.83000183105469,336,0.0,0.0,0.0
2023-11-06 10:30:00-05:00,61.974998474121094,61.974998474121094,61.83089828491211,61.83089828491211,629,0.0,0.0,0.0
2023-11-06 11:30:00-05:00,61.974998474121094,61.974998474121094,61.974998474121094,61.974998474121094,100,0.0,0.0,0.0
2023-11-06 12:30:00-05:00,61.959999084472656,61.959999084472656,61.630001068115234,61.630001068115234,2183,0.0,0.0,0.0
2023-11-06 13:30:00-05:00,61.685001373291016,61.685001373291016,61.685001373291016,61.685001373291016,136,0.0,0.0,0.0
2023-11-06 14:30:00-05:00,61.685001373291016,61.88999938964844,61.685001373291016,61.88999938964844,324,0.0,0.0,0.0
2023-11-06 15:30:00-05:00,61.68989944458008,61.845001220703125,61.68989944458008,61.77000045776367,481,0.0,0.0,0.0
2023-11-07 09:30:00-05:00,61.33000183105469,62.06999969482422,61.33000183105469,61.869998931884766,9666,0.0,0.0,0.0
2023-11-07 10:30:00-05:00,61.72999954223633,61.72999954223633,61.72999954223633,61.72999954223633,455,0.0,0.0,0.0
2023-11-07 11:30:00-05:00,61.45000076293945,61.45000076293945,61.439998626708984,61.439998626708984,591,0.0,0.0,0.0
2023-11-07 12:30:00-05:00,61.63999938964844,61.63999938964844,61.560001373291016,61.560001373291016,387,0.0,0.0,0.0
2023-11-07 13:30:00-05:00,61.517398834228516,61.6150016784668,61.38999938964844,61.6150016784668,1220,0.0,0.0,0.0
2023-11-07 14:30:00-05:00,61.630001068115234,61.630001068115234,61.58000183105469,61.58000183105469,448,0.0,0.0,0.0
2023-11-07 15:30:00-05:00,61.60459899902344,61.60459899902344,61.5,61.5,1344,0.0,0.0,0.0
2023-11-08 09:30:00-05:00,61.75,61.75,61.720001220703125,61.720001220703125,0,0.0,0.0,0.0
2023-11-08 10:30:00-05:00,61.720001220703125,61.720001220703125,61.720001220703125,61.720001220703125,276,0.0,0.0,0.0
2023-11-08 11:30:00-05:00,61.70000076293945,61.70000076293945,61.70000076293945,61.70000076293945,275,0.0,0.0,0.0
2023-11-08 12:30:00-05:00,61.63999938964844,61.689998626708984,61.38999938964844,61.38999938964844,5305,0.0,0.0,0.0
2023-11-08 13:30:00-05:00,61.53499984741211,61.68000030517578,61.53499984741211,61.68000030517578,731,0.0,0.0,0.0
2023-11-08 14:30:00-05:00,61.40999984741211,61.40999984741211,61.40999984741211,61.40999984741211,200,0.0,0.0,0.0
2023-11-08 15:30:00-05:00,61.5713996887207,61.63999938964844,61.55500030517578,61.55500030517578,295,0.0,0.0,0.0
2023-11-09 09:30:00-05:00,61.34000015258789,61.380001068115234,58.869998931884766,61.380001068115234,0,0.0,0.0,0.0
2023-11-09 10:30:00-05:00,61.59230041503906,61.71989822387695,61.22999954223633,61.22999954223633,4726,0.0,0.0,0.0
2023-11-09 11:30:00-05:00,61.29999923706055,61.58000183105469,61.28499984741211,61.310001373291016,17363,0.0,0.0,0.0
2023-11-09 12:30:00-05:00,59.58000183105469,61.29999923706055,58.86000061035156,61.29999923706055,5515,0.0,0.0,0.0
2023-11-09 13:30:00-05:00,61.25,61.25,61.189998626708984,61.189998626708984,5711,0.0,0.0,0.0
2023-11-09 14:30:00-05:00,61.58000183105469,61.58000183105469,61.2400016784668,61.404998779296875,0,0.0,0.0,0.0
2023-11-10 09:30:00-05:00,61.540000915527344,61.540000915527344,61.12009811401367,61.12009811401367,1081,0.0,0.0,0.0
2023-11-10 10:30:00-05:00,61.456600189208984,61.456600189208984,61.456600189208984,61.456600189208984,705,0.0,0.0,0.0
2023-11-10 12:30:00-05:00,61.45000076293945,61.45000076293945,61.45000076293945,61.45000076293945,358,0.0,0.0,0.0
2023-11-10 13:30:00-05:00,61.58489990234375,61.58489990234375,61.58489990234375,61.58489990234375,1038,0.0,0.0,0.0
2023-11-10 14:30:00-05:00,61.369998931884766,61.65999984741211,61.29999923706055,61.65999984741211,1478,0.0,0.0,0.0
2023-11-10 15:30:00-05:00,61.68000030517578,61.68000030517578,61.68000030517578,61.68000030517578,165,0.0,0.0,0.0
2023-11-13 09:30:00-05:00,61.529998779296875,62.31999969482422,61.529998779296875,61.684600830078125,0,0.0,0.0,0.0
2023-11-13 10:30:00-05:00,61.7599983215332,61.7599983215332,61.7599983215332,61.7599983215332,531,0.0,0.0,0.0
2023-11-13 13:30:00-05:00,61.5099983215332,61.5797004699707,61.5099983215332,61.5797004699707,733,0.0,0.0,0.0
2023-11-13 14:30:00-05:00,61.599998474121094,61.599998474121094,61.599998474121094,61.599998474121094,398,0.0,0.0,0.0
2023-11-14 09:30:00-05:00,61.79999923706055,61.79999923706055,61.79999923706055,61.79999923706055,0,0.0,0.0,0.0
2023-11-14 15:30:00-05:00,61.849998474121094,63.0,61.849998474121094,63.0,0,0.0,0.0,0.0
2023-11-15 09:30:00-05:00,62.0099983215332,62.0099983215332,61.619998931884766,61.66999816894531,7497,0.0,0.0,0.0
2023-11-15 11:30:00-05:00,61.8849983215332,62.02000045776367,61.8849983215332,61.91889953613281,880,0.0,0.0,0.0
2023-11-15 12:30:00-05:00,61.709999084472656,61.88999938964844,61.709999084472656,61.88999938964844,926,0.0,0.0,0.0
2023-11-15 15:30:00-05:00,61.70000076293945,61.81999969482422,61.630001068115234,61.81999969482422,0,0.0,0.0,0.0
2023-11-16 09:30:00-05:00,61.959999084472656,61.959999084472656,61.40999984741211,61.40999984741211,2329,0.0,0.0,0.0
2023-11-16 11:30:00-05:00,61.77000045776367,61.78499984741211,61.43000030517578,61.78499984741211,955,0.0,0.0,0.0
2023-11-16 12:30:00-05:00,61.7599983215332,61.7599983215332,61.6349983215332,61.6349983215332,556,0.0,0.0,0.0
2023-11-16 13:30:00-05:00,61.649600982666016,61.649600982666016,61.459999084472656,61.6349983215332,3690,0.0,0.0,0.0
2023-11-16 15:30:00-05:00,61.691898345947266,61.691898345947266,61.47010040283203,61.63999938964844,586,0.0,0.0,0.0
2023-11-17 09:30:00-05:00,61.7400016784668,61.919898986816406,61.709999084472656,61.86000061035156,0,0.0,0.0,0.0
2023-11-17 10:30:00-05:00,61.880001068115234,61.89500045776367,61.880001068115234,61.89500045776367,442,0.0,0.0,0.0
2023-11-17 11:30:00-05:00,61.76499938964844,61.76499938964844,61.76499938964844,61.76499938964844,502,0.0,0.0,0.0
2023-11-17 14:30:00-05:00,61.755001068115234,61.900001525878906,61.755001068115234,61.83039855957031,766,0.0,0.0,0.0
2023-11-17 15:30:00-05:00,61.8120002746582,61.8120002746582,61.8120002746582,61.8120002746582,210,0.0,0.0,0.0
2023-11-20 09:30:00-05:00,61.86000061035156,61.86000061035156,61.86000061035156,61.86000061035156,0,0.0,0.0,0.0
2023-11-20 10:30:00-05:00,62.02000045776367,62.02000045776367,62.02000045776367,62.02000045776367,679,0.0,0.0,0.0
2023-11-20 12:30:00-05:00,61.828800201416016,61.828800201416016,61.828800201416016,61.828800201416016,322,0.0,0.0,0.0
2023-11-20 13:30:00-05:00,61.86759948730469,61.86759948730469,61.72010040283203,61.72010040283203,1109,0.0,0.0,0.0
2023-11-20 14:30:00-05:00,61.7400016784668,61.7400016784668,61.7400016784668,61.7400016784668,536,0.0,0.0,0.0
2023-11-20 15:30:00-05:00,61.97999954223633,62.04999923706055,61.97999954223633,62.02000045776367,1224,0.0,0.0,0.0
2023-11-21 09:30:00-05:00,61.849998474121094,61.849998474121094,61.619998931884766,61.83000183105469,0,0.0,0.0,0.0
2023-11-21 10:30:00-05:00,61.97999954223633,62.025001525878906,61.580101013183594,61.580101013183594,782,0.0,0.0,0.0
2023-11-21 11:30:00-05:00,61.599998474121094,61.599998474121094,61.59000015258789,61.59000015258789,621,0.0,0.0,0.0
2023-11-21 13:30:00-05:00,61.97999954223633,61.97999954223633,61.97999954223633,61.97999954223633,260,0.0,0.0,0.0
2023-11-21 14:30:00-05:00,61.75,62.150001525878906,61.75,61.959999084472656,0,0.0,0.0,0.0
2023-11-22 09:30:00-05:00,61.9900016784668,62.2599983215332,61.9900016784668,62.2599983215332,636,0.0,0.0,0.0
2023-11-22 11:30:00-05:00,61.90999984741211,61.95000076293945,61.90999984741211,61.939998626708984,652,0.0,0.0,0.0
2023-11-22 12:30:00-05:00,62.290000915527344,62.290000915527344,62.290000915527344,62.290000915527344,105,0.0,0.0,0.0
2023-11-22 13:30:00-05:00,61.97999954223633,62.19499969482422,61.97999954223633,62.19499969482422,244,0.0,0.0,0.0
2023-11-24 09:30:00-05:00,61.97999954223633,61.97999954223633,61.97999954223633,61.97999954223633,0,0.0,0.0,0.0
2023-11-24 10:30:00-05:00,62.369998931884766,62.369998931884766,62.11000061035156,62.11000061035156,6850,0.0,0.0,0.0
2023-11-24 12:30:00-05:00,62.08000183105469,62.08000183105469,62.08000183105469,62.08000183105469,0,0.0,0.0,0.0
2023-11-27 09:30:00-05:00,62.15999984741211,62.295101165771484,62.099998474121094,62.100101470947266,626,0.0,0.0,0.0
2023-11-27 10:30:00-05:00,62.2599983215332,62.28499984741211,62.2599983215332,62.2599983215332,384,0.0,0.0,0.0
2023-11-27 11:30:00-05:00,62.04010009765625,62.04010009765625,62.04010009765625,62.04010009765625,625,0.0,0.0,0.0
2023-11-27 13:30:00-05:00,62.17530059814453,62.18000030517578,62.17530059814453,62.18000030517578,1838,0.0,0.0,0.0
2023-11-27 14:30:00-05:00,62.2599983215332,62.2599983215332,62.2599983215332,62.2599983215332,269,0.0,0.0,0.0
2023-11-27 15:30:00-05:00,62.02000045776367,62.02000045776367,62.02000045776367,62.02000045776367,225,0.0,0.0,0.0
2023-11-28 09:30:00-05:00,61.91999816894531,62.16999816894531,61.91999816894531,61.9901008605957,0,0.0,0.0,0.0
2023-11-28 11:30:00-05:00,62.28030014038086,62.28030014038086,59.560001373291016,59.560001373291016,11492,0.0,0.0,0.0
2023-11-28 12:30:00-05:00,61.83000183105469,61.83000183105469,61.83000183105469,61.83000183105469,610,0.0,0.0,0.0
2023-11-28 13:30:00-05:00,62.06660079956055,62.09600067138672,61.900001525878906,61.98400115966797,5195,0.0,0.0,0.0
2023-11-28 14:30:00-05:00,61.91999816894531,61.93000030517578,61.900001525878906,61.90999984741211,1165,0.0,0.0,0.0
2023-11-28 15:30:00-05:00,62.025001525878906,62.025001525878906,62.025001525878906,62.025001525878906,0,0.0,0.0,0.0
2023-11-29 09:30:00-05:00,62.540000915527344,62.709999084472656,62.41999816894531,62.459999084472656,3239,0.0,0.0,0.0
2023-11-29 10:30:00-05:00,62.665000915527344,62.665000915527344,62.400001525878906,62.41999816894531,3363,0.0,0.0,0.0
2023-11-29 13:30:00-05:00,62.689998626708984,62.689998626708984,62.45000076293945,62.45000076293945,607,0.0,0.0,0.0
2023-11-29 14:30:00-05:00,62.68989944458008,62.68989944458008,62.2599983215332,62.470001220703125,802,0.0,0.0,0.0
2023-11-29 15:30:00-05:00,62.46500015258789,62.56999969482422,62.27000045776367,62.27000045776367,956,0.0,0.0,0.0
2023-11-30 09:30:00-05:00,62.154998779296875,62.38999938964844,62.154998779296875,62.380001068115234,2565,0.0,0.0,0.0
2023-11-30 10:30:00-05:00,62.415000915527344,62.415000915527344,62.415000915527344,62.415000915527344,503,0.0,0.0,0.0
2023-11-30 11:30:00-05:00,62.444400787353516,62.444400787353516,62.369998931884766,62.369998931884766,1062,0.0,0.0,0.0
2023-11-30 12:30:00-05:00,62.15999984741211,62.15999984741211,62.13999938964844,62.13999938964844,1161,0.0,0.0,0.0
2023-11-30 13:30:00-05:00,62.369998931884766,62.38999938964844,62.275001525878906,62.275001525878906,1237,0.0,0.0,0.0
2023-11-30 14:30:00-05:00,62.42900085449219,62.42900085449219,62.2140007019043,62.374000549316406,1118,0.0,0.0,0.0
2023-11-30 15:30:00-05:00,62.290000915527344,62.290000915527344,62.17499923706055,62.189998626708984,804,0.0,0.0,0.0
2023-12-01 09:30:00-05:00,61.810001373291016,61.900001525878906,61.810001373291016,61.900001525878906,0,0.0,0.0,0.0
2023-12-01 10:30:00-05:00,61.83000183105469,61.83000183105469,61.79999923706055,61.79999923706055,731,0.0,0.0,0.0
2023-12-01 12:30:00-05:00,62.119998931884766,62.119998931884766,62.04499816894531,62.04499816894531,302,0.0,0.0,0.0
2023-12-01 13:30:00-05:00,61.96500015258789,61.96500015258789,61.84000015258789,61.84000015258789,1038,0.0,0.0,0.0
2023-12-01 15:30:00-05:00,62.150001525878906,62.18000030517578,62.150001525878906,62.18000030517578,331,0.0,0.0,0.0
2023-12-04 09:30:00-05:00,61.84000015258789,62.36000061035156,61.84000015258789,62.20000076293945,0,0.0,0.0,0.0
2023-12-04 10:30:00-05:00,62.279998779296875,62.279998779296875,62.279998779296875,62.279998779296875,165,0.0,0.0,0.0
2023-12-04 11:30:00-05:00,61.880001068115234,61.880001068115234,61.880001068115234,61.880001068115234,212,0.0,0.0,0.0
2023-12-04 12:30:00-05:00,62.34000015258789,62.34000015258789,62.19580078125,62.19580078125,894,0.0,0.0,0.0
2023-12-04 13:30:00-05:00,61.95000076293945,62.34000015258789,61.95000076293945,62.33000183105469,1080,0.0,0.0,0.0
2023-12-04 15:30:00-05:00,62.040000915527344,62.040000915527344,62.040000915527344,62.040000915527344,350,0.0,0.0,0.0
2023-12-05 09:30:00-05:00,62.189998626708984,62.349998474121094,62.1150016784668,62.20000076293945,0,0.0,0.0,0.0
2023-12-05 10:30:00-05:00,62.130001068115234,62.130001068115234,62.130001068115234,62.130001068115234,416,0.0,0.0,0.0
2023-12-05 11:30:00-05:00,62.16999816894531,62.16999816894531,62.130001068115234,62.130001068115234,2463,0.0,0.0,0.0
2023-12-05 12:30:00-05:00,62.28559875488281,62.28559875488281,62.28559875488281,62.28559875488281,329,0.0,0.0,0.0
2023-12-05 13:30:00-05:00,62.02000045776367,62.255001068115234,62.02000045776367,62.255001068115234,664,0.0,0.0,0.0
2023-12-05 14:30:00-05:00,62.24829864501953,62.26499938964844,62.029998779296875,62.26499938964844,816,0.0,0.0,0.0
2023-12-06 09:30:00-05:00,62.29999923706055,62.29999923706055,62.20280075073242,62.20280075073242,0,0.0,0.0,0.0
2023-12-06 10:30:00-05:00,62.400001525878906,62.400001525878906,61.93899917602539,61.93899917602539,488,0.0,0.0,0.0
2023-12-06 11:30:00-05:00,62.40999984741211,62.4900016784668,62.40999984741211,62.40999984741211,1222,0.0,0.0,0.0
2023-12-06 12:30:00-05:00,62.029998779296875,62.40999984741211,62.029998779296875,62.40999984741211,505,0.0,0.0,0.0
2023-12-06 13:30:00-05:00,62.400001525878906,62.400001525878906,62.400001525878906,62.400001525878906,244,0.0,0.0,0.0
2023-12-06 14:30:00-05:00,62.400001525878906,62.400001525878906,62.25,62.25,0,0.0,0.0,0.0
2023-12-07 10:30:00-05:00,62.40999984741211,62.40999984741211,62.40999984741211,62.40999984741211,143,0.0,0.0,0.0
2023-12-07 11:30:00-05:00,62.15599822998047,62.15599822998047,62.070098876953125,62.070098876953125,391,0.0,0.0,0.0
2023-12-07 12:30:00-05:00,62.29999923706055,62.47999954223633,62.29999923706055,62.474998474121094,1079,0.0,0.0,0.0
2023-12-07 13:30:00-05:00,62.33369827270508,62.33369827270508,62.279998779296875,62.279998779296875,757,0.0,0.0,0.0
2023-12-07 15:30:00-05:00,62.4900016784668,62.4900016784668,62.26649856567383,62.30070114135742,0,0.0,0.0,0.0
2023-12-08 09:30:00-05:00,62.5,62.56999969482422,62.487998962402344,62.487998962402344,1494,0.0,0.0,0.0
2023-12-08 10:30:00-05:00,62.560001373291016,62.560001373291016,62.29999923706055,62.29999923706055,3068,0.0,0.0,0.0
2023-12-08 11:30:00-05:00,62.5,62.5,62.439998626708984,62.439998626708984,1209,0.0,0.0,0.0
2023-12-08 12:30:00-05:00,62.45000076293945,62.4900016784668,62.45000076293945,62.474998474121094,1045,0.0,0.0,0.0
2023-12-08 14:30:00-05:00,62.28499984741211,62.28499984741211,62.215301513671875,62.215301513671875,1766,0.0,0.0,0.0
2023-12-08 15:30:00-05:00,62.459999084472656,62.470001220703125,62.400001525878906,62.400001525878906,1002,0.0,0.0,0.0
2023-12-11 09:30:00-05:00,62.2400016784668,62.29779815673828,62.2400016784668,62.29779815673828,3983,0.0,0.0,0.0
2023-12-11 12:30:00-05:00,62.54999923706055,62.63999938964844,62.40999984741211,62.40999984741211,1001,0.0,0.0,0.0
2023-12-11 13:30:00-05:00,62.40999984741211,62.40999984741211,62.25,62.25,954,0.0,0.0,0.0
2023-12-11 14:30:00-05:00,62.38999938964844,62.5,62.37590026855469,62.37590026855469,870,0.0,0.0,0.0
2023-12-11 15:30:00-05:00,62.119998931884766,62.45000076293945,62.10499954223633,62.119998931884766,1203,0.0,0.0,0.0
2023-12-12 09:30:00-05:00,62.09000015258789,62.52000045776367,62.09000015258789,62.52000045776367,0,0.0,0.0,0.0
2023-12-12 11:30:00-05:00,62.29499816894531,62.29499816894531,62.08000183105469,62.08000183105469,2389,0.0,0.0,0.0
2023-12-12 14:30:00-05:00,62.22999954223633,62.27000045776367,62.22999954223633,62.27000045776367,557,0.0,0.0,0.0
2023-12-12 15:30:00-05:00,62.439998626708984,62.470001220703125,62.22999954223633,62.380001068115234,1556,0.0,0.0,0.0
2023-12-13 09:30:00-05:00,62.34000015258789,62.47999954223633,62.34000015258789,62.47999954223633,881,0.0,0.0,0.0
2023-12-13 10:30:00-05:00,62.619998931884766,62.63999938964844,62.61000061035156,62.630001068115234,1055,0.0,0.0,0.0
2023-12-13 12:30:00-05:00,62.5166015625,62.5166015625,62.5166015625,62.5166015625,249,0.0,0.0,0.0
2023-12-13 13:30:00-05:00,62.54999923706055,62.54999923706055,62.45000076293945,62.54999923706055,1663,0.0,0.0,0.0
2023-12-13 14:30:00-05:00,62.31999969482422,62.564998626708984,62.314998626708984,62.564998626708984,930,0.0,0.0,0.0
2023-12-14 09:30:00-05:00,63.0,63.0,59.760101318359375,63.0,2100,0.0,0.0,0.0
2023-12-14 10:30:00-05:00,62.9900016784668,62.9900016784668,62.790000915527344,62.79999923706055,1419,0.0,0.0,0.0
2023-12-14 11:30:00-05:00,62.86000061035156,62.999900817871094,62.72010040283203,62.75,12340,0.0,0.0,0.0
2023-12-14 12:30:00-05:00,62.88999938964844,62.88999938964844,62.88999938964844,62.88999938964844,1041,0.0,0.0,0.0
2023-12-14 13:30:00-05:00,62.998199462890625,62.99909973144531,62.86000061035156,62.86000061035156,826,0.0,0.0,0.0
2023-12-14 15:30:00-05:00,62.93000030517578,62.93000030517578,62.93000030517578,62.93000030517578,424,0.0,0.0,0.0
2023-12-15 09:30:00-05:00,62.72999954223633,62.72999954223633,62.72999954223633,62.72999954223633,0,0.0,0.0,0.0
2023-12-15 10:30:00-05:00,62.84000015258789,62.98500061035156,62.83000183105469,62.98500061035156,2079,0.0,0.0,0.0
2023-12-15 11:30:00-05:00,62.99959945678711,63.0,62.81999969482422,62.81999969482422,848,0.0,0.0,0.0
2023-12-15 12:30:00-05:00,62.904998779296875,62.904998779296875,62.904998779296875,62.904998779296875,521,0.0,0.0,0.0
2023-12-15 13:30:00-05:00,62.810001373291016,62.94499969482422,62.810001373291016,62.94499969482422,1203,0.0,0.0,0.0
2023-12-15 14:30:00-05:00,62.91999816894531,62.95000076293945,62.560001373291016,62.58000183105469,3828,0.0,0.0,0.0
2023-12-15 15:30:00-05:00,62.79999923706055,62.80950164794922,62.79999923706055,62.80950164794922,300,0.0,0.0,0.0
2023-12-18 09:30:00-05:00,62.61000061035156,62.95000076293945,62.61000061035156,62.95000076293945,0,0.0,0.0,0.0
2023-12-18 10:30:00-05:00,62.584999084472656,62.584999084472656,62.185001373291016,62.185001373291016,1597,0.0,0.0,0.0
2023-12-18 11:30:00-05:00,62.52640151977539,62.52640151977539,62.52640151977539,62.52640151977539,431,0.0,0.0,0.0
2023-12-18 12:30:00-05:00,62.93000030517578,62.93000030517578,62.93000030517578,62.93000030517578,311,0.0,0.0,0.0
2023-12-18 13:30:00-05:00,62.999900817871094,62.999900817871094,62.584999084472656,62.584999084472656,300,0.0,0.0,0.0
2023-12-18 14:30:00-05:00,62.584999084472656,62.95000076293945,61.0,62.005001068115234,9137,0.0,0.0,0.0
2023-12-18 15:30:00-05:00,62.005001068115234,62.77000045776367,61.67499923706055,62.77000045776367,0,0.0,0.0,0.0
2023-12-19 09:30:00-05:00,62.779998779296875,62.779998779296875,62.75,62.75,1223,0.0,0.0,0.0
2023-12-19 12:30:00-05:00,62.810001373291016,62.827301025390625,62.709999084472656,62.827301025390625,1478,0.0,0.0,0.0
2023-12-19 13:30:00-05:00,62.834999084472656,63.0,62.80329895019531,62.834999084472656,1279,0.0,0.0,0.0
2023-12-19 14:30:00-05:00,62.99720001220703,62.99720001220703,62.99720001220703,62.99720001220703,310,0.0,0.0,0.0
2023-12-19 15:30:00-05:00,62.84000015258789,62.84000015258789,62.84000015258789,62.84000015258789,0,0.0,0.0,0.0
2023-12-20 09:30:00-05:00,62.75,62.81999969482422,62.31999969482422,62.61000061035156,2786,0.0,0.0,0.0
2023-12-20 10:30:00-05:00,62.62770080566406,62.62770080566406,62.62770080566406,62.62770080566406,351,0.0,0.0,0.0
2023-12-20 12:30:00-05:00,62.810001373291016,62.959999084472656,62.5099983215332,62.959999084472656,3093,0.0,0.0,0.0
2023-12-20 13:30:00-05:00,62.47999954223633,62.685001373291016,62.45000076293945,62.685001373291016,785,0.0,0.0,0.0
2023-12-20 14:30:00-05:00,62.60340118408203,62.6150016784668,62.459999084472656,62.6150016784668,2185,0.0,0.0,0.0
2023-12-21 09:30:00-05:00,62.5,62.7400016784668,62.5,62.55339813232422,0,0.0,0.0,0.0
2023-12-21 10:30:00-05:00,62.560001373291016,62.560001373291016,62.560001373291016,62.560001373291016,583,0.0,0.0,0.0
2023-12-21 11:30:00-05:00,62.52000045776367,62.8650016784668,62.5,62.5,17084,0.0,0.0,0.0
2023-12-21 12:30:00-05:00,62.70500183105469,62.91630172729492,62.55009841918945,62.91630172729492,12695,0.0,0.0,0.0
2023-12-21 13:30:00-05:00,62.79600143432617,62.999900817871094,62.57749938964844,62.7400016784668,21530,0.0,0.0,0.0
2023-12-21 14:30:00-05:00,62.789398193359375,62.93000030517578,62.7400016784668,62.93000030517578,8623,0.0,0.0,0.0
2023-12-21 15:30:00-05:00,62.91999816894531,63.0,62.28010177612305,62.68000030517578,16164,0.0,0.0,0.0
2023-12-22 09:30:00-05:00,62.75,62.75,62.459999084472656,62.5099983215332,1896,0.0,0.0,0.0
2023-12-22 10:30:00-05:00,62.724998474121094,62.9900016784668,62.4900016784668,62.9900016784668,1684,0.0,0.0,0.0
2023-12-22 11:30:00-05:00,62.72169876098633,62.72169876098633,62.72169876098633,62.72169876098633,614,0.0,0.0,0.0
2023-12-22 13:30:00-05:00,62.974998474121094,62.974998474121094,62.974998474121094,62.974998474121094,279,0.0,0.0,0.0
2023-12-22 15:30:00-05:00,62.845001220703125,62.845001220703125,62.845001220703125,62.845001220703125,324,0.0,0.0,0.0
2023-12-26 09:30:00-05:00,63.0,63.0,62.900001525878906,62.900001525878906,0,0.0,0.0,0.0
2023-12-26 10:30:00-05:00,63.0,63.0,62.97999954223633,62.97999954223633,5532,0.0,0.0,0.0
2023-12-26 11:30:00-05:00,62.93000030517578,62.939998626708984,62.81999969482422,62.867000579833984,6489,0.0,0.0,0.0
2023-12-26 12:30:00-05:00,62.85929870605469,62.994998931884766,62.85929870605469,62.994998931884766,1701,0.0,0.0,0.0
2023-12-26 13:30:00-05:00,62.888099670410156,62.888099670410156,62.810001373291016,62.810001373291016,804,0.0,0.0,0.0
2023-12-26 14:30:00-05:00,62.97999954223633,62.97999954223633,62.97999954223633,62.97999954223633,231,0.0,0.0,0.0
2023-12-26 15:30:00-05:00,62.94300079345703,62.94300079345703,62.82500076293945,62.904998779296875,696,0.0,0.0,0.0
2023-12-27 09:30:00-05:00,63.0,63.0,62.724998474121094,62.9900016784668,0,0.0,0.0,0.0
2023-12-27 10:30:00-05:00,62.904998779296875,62.904998779296875,62.88600158691406,62.904998779296875,1255,0.0,0.0,0.0
2023-12-27 11:30:00-05:00,63.0,64.70999908447266,62.93000030517578,64.33499908447266,3427,0.0,0.0,0.0
2023-12-27 12:30:00-05:00,63.5,63.70000076293945,63.06999969482422,63.071998596191406,2135,0.0,0.0,0.0
2023-12-27 13:30:00-05:00,63.09000015258789,63.31999969482422,63.07429885864258,63.095001220703125,5313,0.0,0.0,0.0
2023-12-27 14:30:00-05:00,63.19150161743164,63.19150161743164,63.08980178833008,63.119998931884766,3333,0.0,0.0,0.0
2023-12-27 15:30:00-05:00,63.16999816894531,63.189998626708984,63.02000045776367,63.1150016784668,6644,0.0,0.0,0.0
2023-12-28 09:30:00-05:00,63.209999084472656,63.28739929199219,63.1057014465332,63.1057014465332,0,0.0,0.0,0.0
2023-12-28 10:30:00-05:00,63.029998779296875,63.060001373291016,62.90999984741211,63.029998779296875,1543,0.0,0.0,0.0
2023-12-28 12:30:00-05:00,62.970001220703125,62.970001220703125,62.970001220703125,62.970001220703125,357,0.0,0.0,0.0
2023-12-28 13:30:00-05:00,63.07500076293945,63.07500076293945,63.07500076293945,63.07500076293945,156,0.0,0.0,0.0
2023-12-28 14:30:00-05:00,63.040000915527344,63.130001068115234,63.040000915527344,63.11000061035156,469,0.0,0.0,0.0
2023-12-28 15:30:00-05:00,63.17380142211914,63.31999969482422,63.17380142211914,63.31999969482422,402,0.0,0.0,0.0
2023-12-29 09:30:00-05:00,63.25,63.54999923706055,63.130001068115234,63.18000030517578,1078,0.0,0.0,0.0
2023-12-29 10:30:00-05:00,63.4900016784668,63.4900016784668,62.9900016784668,63.215301513671875,2833,0.0,0.0,0.0
2023-12-29 11:30:00-05:00,63.38999938964844,63.38999938964844,63.290000915527344,63.290000915527344,692,0.0,0.0,0.0
2023-12-29 12:30:00-05:00,63.04999923706055,63.20000076293945,63.0,63.17499923706055,2151,0.0,0.0,0.0
2023-12-29 13:30:00-05:00,63.0,63.224998474121094,62.95000076293945,63.17499923706055,3417,0.0,0.0,0.0
2023-12-29 14:30:00-05:00,63.20989990234375,63.20989990234375,62.88999938964844,62.95500183105469,2889,0.0,0.0,0.0
2023-12-29 15:30:00-05:00,62.94850158691406,62.95000076293945,62.88999938964844,62.900001525878906,2821,0.0,0.0,0.0
2024-01-02 09:30:00-05:00,62.54999923706055,62.58000183105469,62.54999923706055,62.54999923706055,1399,0.0,0.0,0.0
2024-01-02 10:30:00-05:00,62.70000076293945,62.70000076293945,62.70000076293945,62.70000076293945,671,0.0,0.0,0.0
2024-01-02 11:30:00-05:00,62.81999969482422,62.81999969482422,62.790000915527344,62.81999969482422,3025,0.0,0.0,0.0
2024-01-02 12:30:00-05:00,62.677799224853516,62.83000183105469,62.677799224853516,62.83000183105469,768,0.0,0.0,0.0
2024-01-02 13:30:00-05:00,62.52000045776367,62.632999420166016,62.52000045776367,62.632999420166016,4976,0.0,0.0,0.0
2024-01-02 14:30:00-05:00,62.779998779296875,62.790000915527344,62.63999938964844,62.63999938964844,0,0.0,0.0,0.0
2024-01-03 09:30:00-05:00,62.529998779296875,62.529998779296875,62.45000076293945,62.5099983215332,1056,0.0,0.0,0.0
2024-01-03 10:30:00-05:00,62.17499923706055,62.40850067138672,62.17499923706055,62.40850067138672,1718,0.0,0.0,0.0
2024-01-03 11:30:00-05:00,62.334999084472656,62.36000061035156,62.334999084472656,62.349998474121094,5249,0.0,0.0,0.0
2024-01-03 12:30:00-05:00,62.209999084472656,62.349998474121094,62.209999084472656,62.319000244140625,3667,0.0,0.0,0.0
2024-01-03 14:30:00-05:00,62.48619842529297,62.48619842529297,62.47999954223633,62.47999954223633,0,0.0,0.0,0.0
2024-01-04 09:30:00-05:00,62.540000915527344,62.540000915527344,62.540000915527344,62.540000915527344,101,0.0,0.0,0.0
2024-01-04 10:30:00-05:00,62.529998779296875,62.560001373291016,62.511600494384766,62.54499816894531,2826,0.0,0.0,0.0
2024-01-04 11:30:00-05:00,62.54499816894531,62.54499816894531,62.54499816894531,62.54499816894531,326,0.0,0.0,0.0
2024-01-04 12:30:00-05:00,62.54499816894531,62.54499816894531,62.529998779296875,62.529998779296875,711,0.0,0.0,0.0
2024-01-04 14:30:00-05:00,62.54499816894531,62.559898376464844,62.54499816894531,62.559898376464844,783,0.0,0.0,0.0
2024-01-04 15:30:00-05:00,62.52000045776367,62.52000045776367,62.52000045776367,62.52000045776367,0,0.0,0.0,0.0
2024-01-05 09:30:00-05:00,62.40919876098633,62.630001068115234,62.40919876098633,62.630001068115234,1642,0.0,0.0,0.0
2024-01-05 10:30:00-05:00,62.41999816894531,62.720001220703125,62.41999816894531,62.69329833984375,2044,0.0,0.0,0.0
2024-01-05 11:30:00-05:00,62.625,62.7400016784668,62.625,62.66999816894531,2890,0.0,0.0,0.0
2024-01-05 13:30:00-05:00,62.599998474121094,62.77000045776367,62.599998474121094,62.7599983215332,1323,0.0,0.0,0.0
2024-01-05 14:30:00-05:00,62.62969970703125,62.62969970703125,62.62969970703125,62.62969970703125,510,0.0,0.0,0.0
2024-01-05 15:30:00-05:00,62.62260055541992,62.62260055541992,62.6150016784668,62.6150016784668,505,0.0,0.0,0.0
2024-01-08 09:30:00-05:00,62.79999923706055,62.79999923706055,62.5,62.70000076293945,0,0.0,0.0,0.0
2024-01-08 10:30:00-05:00,62.689998626708984,62.70000076293945,62.689998626708984,62.689998626708984,486,0.0,0.0,0.0
2024-01-08 11:30:00-05:00,62.40010070800781,62.40010070800781,62.40010070800781,62.40010070800781,187,0.0,0.0,0.0
2024-01-08 12:30:00-05:00,62.70000076293945,62.7400016784668,62.40999984741211,62.40999984741211,1629,0.0,0.0,0.0
2024-01-08 13:30:00-05:00,62.79999923706055,62.79999923706055,62.674598693847656,62.674598693847656,782,0.0,0.0,0.0
2024-01-08 14:30:00-05:00,62.790000915527344,62.790000915527344,62.68000030517578,62.68000030517578,486,0.0,0.0,0.0
2024-01-08 15:30:00-05:00,62.64550018310547,62.79499816894531,62.64550018310547,62.79499816894531,0,0.0,0.0,0.0
2024-01-09 09:30:00-05:00,62.70000076293945,62.70000076293945,62.69499969482422,62.69499969482422,241,0.0,0.0,0.0
2024-01-09 10:30:00-05:00,62.69499969482422,62.69499969482422,62.525001525878906,62.525001525878906,680,0.0,0.0,0.0
2024-01-09 11:30:00-05:00,62.904998779296875,62.904998779296875,62.529998779296875,62.72999954223633,21120,0.0,0.0,0.0
2024-01-09 12:30:00-05:00,62.94580078125,62.959999084472656,62.78269958496094,62.959999084472656,3792,0.0,0.0,0.0
2024-01-09 13:30:00-05:00,62.77000045776367,65.12999725341797,62.58000183105469,63.20000076293945,30698,0.0,0.0,0.0
2024-01-09 14:30:00-05:00,63.90800094604492,64.19999694824219,63.0,63.15999984741211,0,0.0,0.0,0.0
2024-01-09 15:30:00-05:00,63.150001525878906,63.15999984741211,62.91999816894531,63.05500030517578,83343,0.0,0.0,0.0
2024-01-10 09:30:00-05:00,63.15999984741211,64.01000213623047,63.15999984741211,63.4900016784668,0,0.0,0.0,0.0
2024-01-10 11:30:00-05:00,63.40999984741211,63.5,63.25,63.30979919433594,11614,0.0,0.0,0.0
2024-01-10 12:30:00-05:00,63.45500183105469,63.45500183105469,63.45500183105469,63.45500183105469,226,0.0,0.0,0.0
2024-01-10 13:30:00-05:00,63.275001525878906,63.275001525878906,63.275001525878906,63.275001525878906,336,0.0,0.0,0.0
2024-01-10 14:30:00-05:00,63.5,63.5,63.34280014038086,63.5,901,0.0,0.0,0.0
2024-01-10 15:30:00-05:00,63.150001525878906,63.41999816894531,63.150001525878906,63.41999816894531,0,0.0,0.0,0.0
2024-01-11 10:30:00-05:00,63.0,63.0,62.7599983215332,62.78499984741211,879,0.0,0.0,0.0
2024-01-11 11:30:00-05:00,63.07310104370117,63.212398529052734,63.07310104370117,63.212398529052734,1711,0.0,0.0,0.0
2024-01-11 12:30:00-05:00,63.275001525878906,63.338199615478516,62.790000915527344,63.338199615478516,5281,0.0,0.0,0.0
2024-01-11 14:30:00-05:00,63.130001068115234,63.130001068115234,63.130001068115234,63.130001068115234,140,0.0,0.0,0.0
2024-01-11 15:30:00-05:00,63.400001525878906,63.400001525878906,63.400001525878906,63.400001525878906,0,0.0,0.0,0.0
2024-01-12 09:30:00-05:00,63.0,63.150001525878906,63.0,63.150001525878906,459,0.0,0.0,0.0
2024-01-12 10:30:00-05:00,63.20000076293945,63.209999084472656,62.9900016784668,63.01110076904297,2554,0.0,0.0,0.0
2024-01-12 11:30:00-05:00,63.20000076293945,63.20000076293945,63.0099983215332,63.0099983215332,8129,0.0,0.0,0.0
2024-01-12 12:30:00-05:00,63.18000030517578,63.20989990234375,63.02000045776367,63.18000030517578,1973,0.0,0.0,0.0
2024-01-12 13:30:00-05:00,63.189998626708984,63.189998626708984,63.189998626708984,63.189998626708984,186,0.0,0.0,0.0
2024-01-12 14:30:00-05:00,63.165000915527344,63.165000915527344,63.1599006652832,63.1599006652832,263,0.0,0.0,0.0
2024-01-16 09:30:00-05:00,63.7599983215332,63.7599983215332,62.86000061035156,62.86000061035156,0,0.0,0.0,0.0
2024-01-16 10:30:00-05:00,62.94499969482422,62.94499969482422,62.94499969482422,62.94499969482422,399,0.0,0.0,0.0
2024-01-16 11:30:00-05:00,63.089900970458984,63.089900970458984,63.089900970458984,63.089900970458984,513,0.0,0.0,0.0
2024-01-16 13:30:00-05:00,63.0099983215332,63.060001373291016,62.949798583984375,62.949798583984375,741,0.0,0.0,0.0
2024-01-17 09:30:00-05:00,62.790000915527344,62.93000030517578,62.790000915527344,62.93000030517578,0,0.0,0.0,0.0
2024-01-17 10:30:00-05:00,63.0099983215332,63.025001525878906,62.94060134887695,62.94060134887695,651,0.0,0.0,0.0
2024-01-17 11:30:00-05:00,62.94409942626953,62.94409942626953,62.849998474121094,62.849998474121094,1068,0.0,0.0,0.0
2024-01-17 12:30:00-05:00,62.9900016784668,62.9900016784668,62.9900016784668,62.9900016784668,734,0.0,0.0,0.0
2024-01-17 13:30:00-05:00,62.810298919677734,62.97999954223633,62.810298919677734,62.97999954223633,895,0.0,0.0,0.0
2024-01-17 14:30:00-05:00,62.845001220703125,62.845001220703125,62.814998626708984,62.814998626708984,807,0.0,0.0,0.0
2024-01-18 09:30:00-05:00,62.72999954223633,62.89500045776367,62.699501037597656,62.89500045776367,0,0.0,0.0,0.0
2024-01-18 10:30:00-05:00,62.880001068115234,62.880001068115234,62.845001220703125,62.845001220703125,4059,0.0,0.0,0.0
2024-01-18 11:30:00-05:00,62.845001220703125,62.93000030517578,62.81999969482422,62.93000030517578,915,0.0,0.0,0.0
2024-01-18 13:30:00-05:00,62.929901123046875,62.929901123046875,62.8650016784668,62.8650016784668,859,0.0,0.0,0.0
2024-01-18 14:30:00-05:00,62.83000183105469,62.83000183105469,62.83000183105469,62.83000183105469,111,0.0,0.0,0.0
2024-01-18 15:30:00-05:00,62.80009841918945,63.0099983215332,62.80009841918945,62.97999954223633,3649,0.0,0.0,0.0
2024-01-19 09:30:00-05:00,62.84000015258789,62.96609878540039,62.84000015258789,62.96609878540039,0,0.0,0.0,0.0
2024-01-19 10:30:00-05:00,62.93239974975586,62.955501556396484,62.83319854736328,62.83319854736328,950,0.0,0.0,0.0
2024-01-19 11:30:00-05:00,62.92499923706055,62.92499923706055,62.92499923706055,62.92499923706055,819,0.0,0.0,0.0
2024-01-19 13:30:00-05:00,63.04990005493164,63.04999923706055,63.029998779296875,63.04999923706055,3086,0.0,0.0,0.0
2024-01-19 15:30:00-05:00,62.91999816894531,63.09000015258789,62.900001525878906,63.09000015258789,1808,0.0,0.0,0.0
2024-01-22 09:30:00-05:00,63.0099983215332,63.0099983215332,63.0099983215332,63.0099983215332,0,0.0,0.0,0.0
2024-01-22 10:30:00-05:00,63.61800003051758,63.61800003051758,63.345001220703125,63.4989013671875,1591,0.0,0.0,0.0
2024-01-22 11:30:00-05:00,62.970001220703125,63.029998779296875,62.95000076293945,62.95000076293945,38561,0.0,0.0,0.0
2024-01-22 12:30:00-05:00,63.29990005493164,63.29990005493164,63.23500061035156,63.23500061035156,1056,0.0,0.0,0.0
2024-01-22 13:30:00-05:00,63.349998474121094,63.38999938964844,63.349998474121094,63.369998931884766,1216,0.0,0.0,0.0
2024-01-22 14:30:00-05:00,63.234798431396484,63.38999938964844,63.234798431396484,63.38999938964844,1093,0.0,0.0,0.0
2024-01-22 15:30:00-05:00,63.067901611328125,63.33000183105469,62.962501525878906,63.33000183105469,1112,0.0,0.0,0.0
2024-01-23 09:30:00-05:00,63.22999954223633,63.22999954223633,63.22999954223633,63.22999954223633,0,0.0,0.0,0.0
2024-01-23 10:30:00-05:00,63.2599983215332,63.2599983215332,63.25,63.25,1309,0.0,0.0,0.0
2024-01-23 11:30:00-05:00,63.13090133666992,63.2598991394043,62.95500183105469,62.95500183105469,1882,0.0,0.0,0.0
2024-01-23 12:30:00-05:00,63.16400146484375,63.25,63.099998474121094,63.11389923095703,2030,0.0,0.0,0.0
2024-01-23 13:30:00-05:00,63.13639831542969,63.20000076293945,63.060001373291016,63.060001373291016,1609,0.0,0.0,0.0
2024-01-23 14:30:00-05:00,63.18000030517578,63.189998626708984,63.060298919677734,63.10599899291992,1937,0.0,0.0,0.0
2024-01-23 15:30:00-05:00,63.189998626708984,63.189998626708984,63.029998779296875,63.189998626708984,1039,0.0,0.0,0.0
2024-01-24 09:30:00-05:00,63.22999954223633,63.439998626708984,63.099998474121094,63.099998474121094,0,0.0,0.0,0.0
2024-01-24 10:30:00-05:00,63.23500061035156,63.36000061035156,63.20539855957031,63.23500061035156,1600,0.0,0.0,0.0
2024-01-24 11:30:00-05:00,63.345298767089844,63.349998474121094,63.32429885864258,63.349998474121094,1301,0.0,0.0,0.0
2024-01-24 12:30:00-05:00,63.369998931884766,63.391998291015625,63.349998474121094,63.37369918823242,1889,0.0,0.0,0.0
2024-01-24 13:30:00-05:00,63.34600067138672,63.43830108642578,63.34600067138672,63.43830108642578,1018,0.0,0.0,0.0
2024-01-24 14:30:00-05:00,63.415000915527344,63.415000915527344,63.40999984741211,63.40999984741211,386,0.0,0.0,0.0
2024-01-24 15:30:00-05:00,63.345001220703125,63.345001220703125,63.345001220703125,63.345001220703125,325,0.0,0.0,0.0
2024-01-25 09:30:00-05:00,63.36000061035156,63.36000061035156,63.31999969482422,63.31999969482422,537,0.0,0.0,0.0
2024-01-25 10:30:00-05:00,63.2400016784668,63.2400016784668,63.2400016784668,63.2400016784668,515,0.0,0.0,0.0
2024-01-25 12:30:00-05:00,63.40999984741211,63.459999084472656,63.288700103759766,63.45989990234375,3914,0.0,0.0,0.0
2024-01-25 13:30:00-05:00,63.40999984741211,63.41999816894531,63.31999969482422,63.38999938964844,1610,0.0,0.0,0.0
2024-01-25 14:30:00-05:00,63.400001525878906,63.400001525878906,63.31999969482422,63.31999969482422,2205,0.0,0.0,0.0
2024-01-25 15:30:00-05:00,63.5,63.5,63.5,63.5,0,0.0,0.0,0.0
2024-01-26 09:30:00-05:00,63.650001525878906,63.650001525878906,63.50040054321289,63.50040054321289,774,0.0,0.0,0.0
2024-01-26 11:30:00-05:00,63.52000045776367,63.52000045776367,63.52000045776367,63.52000045776367,234,0.0,0.0,0.0
2024-01-26 12:30:00-05:00,63.599998474121094,63.65999984741211,63.599998474121094,63.65999984741211,300,0.0,0.0,0.0
2024-01-26 13:30:00-05:00,63.525001525878906,63.525001525878906,63.525001525878906,63.525001525878906,702,0.0,0.0,0.0
2024-01-26 14:30:00-05:00,63.69990158081055,63.70000076293945,63.50400161743164,63.50400161743164,1174,0.0,0.0,0.0
2024-01-26 15:30:00-05:00,63.672000885009766,63.672000885009766,63.43000030517578,63.5525016784668,1298,0.0,0.0,0.0
2024-01-29 09:30:00-05:00,63.619998931884766,63.619998931884766,63.459999084472656,63.459999084472656,0,0.0,0.0,0.0
2024-01-29 10:30:00-05:00,63.47999954223633,63.50899887084961,63.47999954223633,63.50899887084961,724,0.0,0.0,0.0
2024-01-29 13:30:00-05:00,63.3650016784668,63.5099983215332,63.255001068115234,63.255001068115234,7123,0.0,0.0,0.0
2024-01-29 15:30:00-05:00,63.27000045776367,63.45000076293945,63.27000045776367,63.45000076293945,0,0.0,0.0,0.0
2024-01-30 09:30:00-05:00,63.439998626708984,63.439998626708984,63.349998474121094,63.349998474121094,962,0.0,0.0,0.0
2024-01-30 10:30:00-05:00,63.400001525878906,63.400001525878906,63.400001525878906,63.400001525878906,165,0.0,0.0,0.0
2024-01-30 11:30:00-05:00,63.58000183105469,63.58000183105469,63.50529861450195,63.525001525878906,1187,0.0,0.0,0.0
2024-01-30 12:30:00-05:00,63.55540084838867,63.55540084838867,63.41999816894531,63.41999816894531,873,0.0,0.0,0.0
2024-01-30 13:30:00-05:00,63.6349983215332,63.6349983215332,63.6349983215332,63.6349983215332,190,0.0,0.0,0.0
2024-01-30 14:30:00-05:00,63.63999938964844,63.63999938964844,63.52000045776367,63.52000045776367,309,0.0,0.0,0.0
2024-01-31 09:30:00-05:00,64.0,64.0,63.310001373291016,63.400001525878906,5493,0.0,0.0,0.0
2024-01-31 10:30:00-05:00,63.33000183105469,63.33000183105469,63.33000183105469,63.33000183105469,143,0.0,0.0,0.0
2024-01-31 11:30:00-05:00,63.349998474121094,63.42499923706055,62.88999938964844,63.42499923706055,5235,0.0,0.0,0.0
2024-01-31 12:30:00-05:00,63.77000045776367,63.959999084472656,62.88999938964844,62.88999938964844,779,0.0,0.0,0.0
2024-01-31 13:30:00-05:00,63.34000015258789,63.38999938964844,63.06999969482422,63.38999938964844,3114,0.0,0.0,0.0
2024-01-31 14:30:00-05:00,63.190101623535156,63.34000015258789,63.11000061035156,63.310001373291016,5375,0.0,0.0,0.0
2024-01-31 15:30:00-05:00,63.040000915527344,63.16999816894531,63.0,63.0,881,0.0,0.0,0.0
2024-02-01 09:30:00-05:00,62.59000015258789,62.67900085449219,62.59000015258789,62.67900085449219,0,0.0,0.0,0.0
2024-02-01 10:30:00-05:00,63.095001220703125,63.559898376464844,62.599998474121094,62.599998474121094,6207,0.0,0.0,0.0
2024-02-01 11:30:00-05:00,62.55500030517578,62.72650146484375,62.514801025390625,62.514801025390625,1903,0.0,0.0,0.0
2024-02-01 12:30:00-05:00,62.71500015258789,62.88999938964844,62.71500015258789,62.810001373291016,7999,0.0,0.0,0.0
2024-02-01 13:30:00-05:00,62.810001373291016,62.900001525878906,62.783599853515625,62.900001525878906,1263,0.0,0.0,0.0
2024-02-01 14:30:00-05:00,62.775699615478516,62.790000915527344,62.775699615478516,62.790000915527344,550,0.0,0.0,0.0
2024-02-01 15:30:00-05:00,62.869998931884766,62.90999984741211,62.70000076293945,62.90999984741211,872,0.0,0.0,0.0
2024-02-02 09:30:00-05:00,63.029998779296875,63.029998779296875,63.029998779296875,63.029998779296875,0,0.0,0.0,0.0
2024-02-02 12:30:00-05:00,62.80009841918945,63.08000183105469,62.80009841918945,62.81999969482422,1798,0.0,0.0,0.0
2024-02-02 13:30:00-05:00,63.072200775146484,63.072200775146484,62.93280029296875,63.025001525878906,828,0.0,0.0,0.0
2024-02-02 14:30:00-05:00,62.81999969482422,62.91999816894531,62.81999969482422,62.91999816894531,248,0.0,0.0,0.0
2024-02-02 15:30:00-05:00,62.84000015258789,62.84000015258789,62.84000015258789,62.84000015258789,100,0.0,0.0,0.0
2024-02-05 09:30:00-05:00,63.13999938964844,63.18000030517578,62.98160171508789,63.18000030517578,0,0.0,0.0,0.0
2024-02-05 10:30:00-05:00,63.169898986816406,63.169898986816406,63.169898986816406,63.169898986816406,778,0.0,0.0,0.0
2024-02-05 13:30:00-05:00,62.95500183105469,62.95500183105469,62.95500183105469,62.95500183105469,290,0.0,0.0,0.0
2024-02-05 14:30:00-05:00,62.93000030517578,62.93000030517578,62.929901123046875,62.929901123046875,280,0.0,0.0,0.0
2024-02-05 15:30:00-05:00,62.939998626708984,62.984100341796875,62.939998626708984,62.984100341796875,150,0.0,0.0,0.0
2024-02-06 09:30:00-05:00,63.2400016784668,63.75,63.15999984741211,63.75,2397,0.0,0.0,0.0
2024-02-06 10:30:00-05:00,63.599998474121094,63.599998474121094,63.36000061035156,63.36000061035156,300,0.0,0.0,0.0
2024-02-06 11:30:00-05:00,63.58000183105469,63.58000183105469,63.58000183105469,63.58000183105469,113,0.0,0.0,0.0
2024-02-06 12:30:00-05:00,63.749900817871094,63.749900817871094,63.709999084472656,63.709999084472656,486,0.0,0.0,0.0
2024-02-06 13:30:00-05:00,63.9900016784668,63.9900016784668,63.9900016784668,63.9900016784668,151,0.0,0.0,0.0
2024-02-06 14:30:00-05:00,63.08219909667969,63.7599983215332,63.029998779296875,63.474998474121094,0,0.0,0.0,0.0
2024-02-07 09:30:00-05:00,63.15999984741211,63.15999984741211,63.15999984741211,63.15999984741211,335,0.0,0.0,0.0
2024-02-07 10:30:00-05:00,63.209999084472656,63.209999084472656,63.209999084472656,63.209999084472656,165,0.0,0.0,0.0
2024-02-07 11:30:00-05:00,63.18199920654297,63.220001220703125,62.94499969482422,63.220001220703125,1113,0.0,0.0,0.0
2024-02-07 12:30:00-05:00,63.150001525878906,63.209999084472656,62.95000076293945,62.95000076293945,1597,0.0,0.0,0.0
2024-02-07 14:30:00-05:00,63.19860076904297,63.19860076904297,63.16230010986328,63.16230010986328,500,0.0,0.0,0.0
2024-02-07 15:30:00-05:00,63.06999969482422,63.06999969482422,63.06999969482422,63.06999969482422,100,0.0,0.0,0.0
2024-02-08 09:30:00-05:00,63.619998931884766,63.619998931884766,63.35710144042969,63.35710144042969,0,0.0,0.0,0.0
2024-02-08 11:30:00-05:00,63.68199920654297,63.68199920654297,63.68199920654297,63.68199920654297,589,0.0,0.0,0.0
2024-02-08 13:30:00-05:00,63.2400016784668,63.2400016784668,63.2400016784668,63.2400016784668,215,0.0,0.0,0.0
2024-02-08 14:30:00-05:00,63.30009841918945,63.31809997558594,63.13999938964844,63.13999938964844,994,0.0,0.0,0.0
2024-02-08 15:30:00-05:00,63.25,63.25,63.25,63.25,1495,0.0,0.0,0.0
2024-02-09 09:30:00-05:00,63.5,63.62620162963867,63.5,63.62620162963867,889,0.0,0.0,0.0
2024-02-09 10:30:00-05:00,63.374000549316406,63.45000076293945,63.374000549316406,63.45000076293945,512,0.0,0.0,0.0
2024-02-09 13:30:00-05:00,63.3650016784668,63.5099983215332,63.3650016784668,63.37419891357422,881,0.0,0.0,0.0
2024-02-09 14:30:00-05:00,63.38719940185547,63.459999084472656,63.27000045776367,63.459999084472656,598,0.0,0.0,0.0
2024-02-09 15:30:00-05:00,63.47999954223633,63.5,63.371299743652344,63.371299743652344,334,0.0,0.0,0.0
2024-02-12 09:30:00-05:00,63.52000045776367,63.54990005493164,63.38999938964844,63.54990005493164,0,0.0,0.0,0.0
2024-02-12 10:30:00-05:00,63.44929885864258,63.51499938964844,63.404998779296875,63.51499938964844,1207,0.0,0.0,0.0
2024-02-12 11:30:00-05:00,63.40999984741211,63.40999984741211,63.40999984741211,63.40999984741211,489,0.0,0.0,0.0
2024-02-12 14:30:00-05:00,63.4900016784668,63.4900016784668,63.369998931884766,63.38869857788086,671,0.0,0.0,0.0
2024-02-13 09:30:00-05:00,63.290000915527344,63.290000915527344,63.20000076293945,63.20000076293945,0,0.0,0.0,0.0
2024-02-13 10:30:00-05:00,63.369998931884766,63.369998931884766,63.21310043334961,63.21310043334961,389,0.0,0.0,0.0
2024-02-13 12:30:00-05:00,63.187599182128906,63.33000183105469,63.187599182128906,63.33000183105469,790,0.0,0.0,0.0
2024-02-13 13:30:00-05:00,63.33000183105469,63.34199905395508,63.040000915527344,63.21670150756836,1308,0.0,0.0,0.0
2024-02-13 14:30:00-05:00,63.19499969482422,63.19499969482422,63.010101318359375,63.010101318359375,607,0.0,0.0,0.0
2024-02-13 15:30:00-05:00,63.060001373291016,63.310001373291016,63.060001373291016,63.20500183105469,0,0.0,0.0,0.0
2024-02-14 11:30:00-05:00,63.30979919433594,63.400001525878906,63.28030014038086,63.290000915527344,1277,0.0,0.0,0.0
2024-02-14 12:30:00-05:00,63.16999816894531,63.18000030517578,63.15999984741211,63.15999984741211,2023,0.0,0.0,0.0
2024-02-14 13:30:00-05:00,63.150001525878906,63.349998474121094,63.1349983215332,63.349998474121094,1735,0.0,0.0,0.0
2024-02-14 14:30:00-05:00,63.380001068115234,63.395999908447266,63.380001068115234,63.38999938964844,490,0.0,0.0,0.0
2024-02-14 15:30:00-05:00,63.26179885864258,63.26179885864258,63.15999984741211,63.26179885864258,294,0.0,0.0,0.0
2024-02-15 09:30:00-05:00,63.84000015258789,63.91999816894531,63.84000015258789,63.91999816894531,0,0.0,0.0,0.0
2024-02-15 10:30:00-05:00,63.619998931884766,63.619998931884766,63.56999969482422,63.584999084472656,638,0.0,0.0,0.0
2024-02-15 14:30:00-05:00,63.459999084472656,63.459999084472656,63.220001220703125,63.220001220703125,568,0.0,0.0,0.0
2024-02-15 15:30:00-05:00,63.459999084472656,63.459999084472656,63.2400016784668,63.459999084472656,337,0.0,0.0,0.0
2024-02-16 09:30:00-05:00,63.119998931884766,63.81999969482422,63.119998931884766,63.81999969482422,0,0.0,0.0,0.0
2024-02-16 12:30:00-05:00,63.66640090942383,63.66999816894531,63.65999984741211,63.65999984741211,795,0.0,0.0,0.0
2024-02-16 13:30:00-05:00,63.7400016784668,63.779998779296875,63.5,63.5,1406,0.0,0.0,0.0
2024-02-16 14:30:00-05:00,63.77000045776367,63.77000045776367,63.682098388671875,63.682098388671875,282,0.0,0.0,0.0
2024-02-20 09:30:00-05:00,63.540000915527344,63.540000915527344,63.5,63.5,0,0.0,0.0,0.0
2024-02-20 11:30:00-05:00,63.33089828491211,63.47999954223633,63.33089828491211,63.47999954223633,477,0.0,0.0,0.0
2024-02-20 13:30:00-05:00,63.470001220703125,63.47999954223633,63.31999969482422,63.31999969482422,18861,0.0,0.0,0.0
2024-02-20 14:30:00-05:00,63.47999954223633,63.47999954223633,63.320098876953125,63.400001525878906,5017,0.0,0.0,0.0
2024-02-20 15:30:00-05:00,63.47999954223633,63.47999954223633,63.439998626708984,63.439998626708984,0,0.0,0.0,0.0
2024-02-21 10:30:00-05:00,63.71009826660156,63.7599983215332,63.52000045776367,63.52000045776367,1631,0.0,0.0,0.0
2024-02-21 11:30:00-05:00,63.54439926147461,63.54439926147461,63.54439926147461,63.54439926147461,289,0.0,0.0,0.0
2024-02-21 14:30:00-05:00,63.59000015258789,63.59000015258789,63.52000045776367,63.52000045776367,441,0.0,0.0,0.0
2024-02-21 15:30:00-05:00,63.45000076293945,63.45000076293945,63.45000076293945,63.45000076293945,0,0.0,0.0,0.0
2024-02-22 09:30:00-05:00,63.61109924316406,63.839900970458984,63.61109924316406,63.839900970458984,1155,0.0,0.0,0.0
2024-02-22 10:30:00-05:00,63.54999923706055,63.72600173950195,63.4900016784668,63.72600173950195,786,0.0,0.0,0.0
2024-02-22 11:30:00-05:00,63.790000915527344,63.83000183105469,63.54999923706055,63.685001373291016,943,0.0,0.0,0.0
2024-02-22 12:30:00-05:00,63.67490005493164,63.67490005493164,63.540000915527344,63.540000915527344,1771,0.0,0.0,0.0
2024-02-22 14:30:00-05:00,63.78070068359375,63.839900970458984,63.69960021972656,63.839900970458984,1089,0.0,0.0,0.0
2024-02-22 15:30:00-05:00,63.63999938964844,63.88999938964844,63.58000183105469,63.88999938964844,6963,0.0,0.0,0.0
2024-02-23 09:30:00-05:00,64.0,64.0,63.91999816894531,63.935001373291016,827,0.0,0.0,0.0
2024-02-23 10:30:00-05:00,63.95500183105469,63.969600677490234,63.95500183105469,63.969600677490234,568,0.0,0.0,0.0
2024-02-23 11:30:00-05:00,63.94499969482422,63.94499969482422,63.90999984741211,63.91400146484375,1438,0.0,0.0,0.0
2024-02-23 12:30:00-05:00,63.90510177612305,63.90999984741211,63.900001525878906,63.900001525878906,867,0.0,0.0,0.0
2024-02-23 13:30:00-05:00,63.90999984741211,63.90999984741211,63.900001525878906,63.900001525878906,525,0.0,0.0,0.0
2024-02-23 15:30:00-05:00,63.880001068115234,63.880001068115234,63.880001068115234,63.880001068115234,323,0.0,0.0,0.0
2024-02-26 09:30:00-05:00,63.970001220703125,63.970001220703125,63.67620086669922,63.720001220703125,0,0.0,0.0,0.0
2024-02-26 10:30:00-05:00,63.895999908447266,63.895999908447266,63.895999908447266,63.895999908447266,1849,0.0,0.0,0.0
2024-02-26 11:30:00-05:00,63.85499954223633,63.85919952392578,63.85499954223633,63.85919952392578,387,0.0,0.0,0.0
2024-02-26 13:30:00-05:00,63.94499969482422,63.94499969482422,63.70000076293945,63.720001220703125,2923,0.0,0.0,0.0
2024-02-26 14:30:00-05:00,63.96099853515625,63.96099853515625,63.96099853515625,63.96099853515625,335,0.0,0.0,0.0
2024-02-26 15:30:00-05:00,63.70000076293945,63.959999084472656,63.70000076293945,63.959999084472656,0,0.0,0.0,0.0
2024-02-27 10:30:00-05:00,63.9900016784668,63.9900016784668,63.9900016784668,63.9900016784668,182,0.0,0.0,0.0
2024-02-27 11:30:00-05:00,63.83000183105469,63.999900817871094,63.83000183105469,63.999900817871094,1153,0.0,0.0,0.0
2024-02-27 12:30:00-05:00,63.89459991455078,63.915000915527344,63.83000183105469,63.83000183105469,337,0.0,0.0,0.0
2024-02-27 13:30:00-05:00,63.9900016784668,63.9900016784668,63.906700134277344,63.906700134277344,711,0.0,0.0,0.0
2024-02-27 14:30:00-05:00,63.95199966430664,63.95199966430664,63.95199966430664,63.95199966430664,309,0.0,0.0,0.0
2024-02-27 15:30:00-05:00,64.0,64.0,63.91999816894531,63.91999816894531,0,0.0,0.0,0.0
2024-02-28 09:30:00-05:00,64.08000183105469,64.0999984741211,64.08000183105469,64.08000183105469,2133,0.0,0.0,0.0
2024-02-28 10:30:00-05:00,63.94499969482422,63.94499969482422,63.94499969482422,63.94499969482422,452,0.0,0.0,0.0
2024-02-28 11:30:00-05:00,64.08999633789062,64.08999633789062,63.78010177612305,63.9119987487793,20726,0.0,0.0,0.0
2024-02-28 12:30:00-05:00,63.90760040283203,64.06400299072266,63.90760040283203,64.06400299072266,370,0.0,0.0,0.0
2024-02-28 13:30:00-05:00,63.938201904296875,64.06999969482422,63.9297981262207,63.939998626708984,1060,0.0,0.0,0.0
2024-02-28 15:30:00-05:00,63.93000030517578,63.93000030517578,63.928001403808594,63.928001403808594,0,0.0,0.0,0.0
2024-02-29 09:30:00-05:00,64.0,64.16999816894531,63.99570083618164,63.99570083618164,4033,0.0,0.0,0.0
2024-02-29 10:30:00-05:00,64.02300262451172,64.08000183105469,64.02300262451172,64.08000183105469,627,0.0,0.0,0.0
2024-02-29 11:30:00-05:00,64.08999633789062,64.11000061035156,64.0,64.0199966430664,2991,0.0,0.0,0.0
2024-02-29 12:30:00-05:00,64.16999816894531,64.16999816894531,63.88999938964844,63.88999938964844,2337,0.0,0.0,0.0
2024-02-29 13:30:00-05:00,64.04499816894531,64.20999908447266,63.97999954223633,64.05000305175781,123355,0.0,0.0,0.0
2024-02-29 14:30:00-05:00,64.11000061035156,64.29000091552734,63.93000030517578,64.20999908447266,15011,0.0,0.0,0.0
2024-02-29 15:30:00-05:00,64.2863998413086,64.2863998413086,63.650001525878906,63.9900016784668,13653,0.0,0.0,0.0
2024-03-01 09:30:00-05:00,64.06999969482422,64.45999908447266,64.06999969482422,64.45999908447266,1116,0.0,0.0,0.0
2024-03-01 10:30:00-05:00,63.150001525878906,63.150001525878906,63.099998474121094,63.10499954223633,698,0.0,0.0,0.0
2024-03-01 11:30:00-05:00,63.53850173950195,64.04000091552734,63.43000030517578,63.959999084472656,2189,0.0,0.0,0.0
2024-03-01 12:30:00-05:00,64.04000091552734,64.04000091552734,63.0900993347168,63.56520080566406,2479,0.0,0.0,0.0
2024-03-01 13:30:00-05:00,63.689998626708984,64.26000213623047,63.40999984741211,63.94499969482422,8708,0.0,0.0,0.0
2024-03-01 14:30:00-05:00,63.94499969482422,63.94499969482422,63.900001525878906,63.900001525878906,578,0.0,0.0,0.0
2024-03-01 15:30:00-05:00,63.970001220703125,63.970001220703125,63.83000183105469,63.83000183105469,1892,0.0,0.0,0.0
2024-03-04 09:30:00-05:00,63.79999923706055,64.0,63.540000915527344,64.0,0,0.0,0.0,0.0
2024-03-04 10:30:00-05:00,63.88999938964844,63.88999938964844,63.88999938964844,63.88999938964844,165,0.0,0.0,0.0
2024-03-04 11:30:00-05:00,63.959999084472656,63.959999084472656,63.775001525878906,63.79499816894531,3016,0.0,0.0,0.0
2024-03-04 12:30:00-05:00,63.790000915527344,63.790000915527344,63.790000915527344,63.790000915527344,515,0.0,0.0,0.0
2024-03-04 13:30:00-05:00,63.880001068115234,63.93000030517578,63.790000915527344,63.790000915527344,4794,0.0,0.0,0.0
2024-03-04 14:30:00-05:00,63.880001068115234,63.96929931640625,63.880001068115234,63.93000030517578,1688,0.0,0.0,0.0
2024-03-04 15:30:00-05:00,63.790000915527344,63.939998626708984,63.790000915527344,63.79999923706055,936,0.0,0.0,0.0
2024-03-05 09:30:00-05:00,63.63999938964844,63.93000030517578,63.63999938964844,63.93000030517578,0,0.0,0.0,0.0
2024-03-05 10:30:00-05:00,63.869998931884766,63.869998931884766,63.86000061035156,63.86000061035156,303,0.0,0.0,0.0
2024-03-05 11:30:00-05:00,63.810001373291016,63.810001373291016,63.70000076293945,63.810001373291016,580,0.0,0.0,0.0
2024-03-05 12:30:00-05:00,63.97999954223633,63.97999954223633,63.755001068115234,63.755001068115234,769,0.0,0.0,0.0
2024-03-05 13:30:00-05:00,63.755001068115234,63.755001068115234,63.744998931884766,63.744998931884766,584,0.0,0.0,0.0
2024-03-05 14:30:00-05:00,63.744998931884766,63.915000915527344,63.744998931884766,63.744998931884766,1273,0.0,0.0,0.0
2024-03-05 15:30:00-05:00,63.83000183105469,63.849998474121094,63.71500015258789,63.71500015258789,1032,0.0,0.0,0.0
2024-03-06 09:30:00-05:00,63.380001068115234,63.83000183105469,63.380001068115234,63.83000183105469,0,0.0,0.0,0.0
2024-03-06 10:30:00-05:00,63.83000183105469,63.83000183105469,63.83000183105469,63.83000183105469,100,0.0,0.0,0.0
2024-03-06 11:30:00-05:00,63.83000183105469,63.83000183105469,63.67499923706055,63.67499923706055,920,0.0,0.0,0.0
2024-03-06 12:30:00-05:00,63.81999969482422,63.81999969482422,63.662899017333984,63.662899017333984,1619,0.0,0.0,0.0
2024-03-06 13:30:00-05:00,63.84000015258789,63.84000015258789,63.84000015258789,63.84000015258789,253,0.0,0.0,0.0
2024-03-06 14:30:00-05:00,63.529998779296875,63.899898529052734,63.529998779296875,63.66699981689453,1752,0.0,0.0,0.0
2024-03-06 15:30:00-05:00,63.88999938964844,63.88999938964844,63.58000183105469,63.72999954223633,996,0.0,0.0,0.0
2024-03-07 09:30:00-05:00,63.7400016784668,64.0,63.7400016784668,63.939998626708984,0,0.0,0.0,0.0
2024-03-07 10:30:00-05:00,64.0999984741211,64.12000274658203,64.02999877929688,64.12000274658203,932,0.0,0.0,0.0
2024-03-07 11:30:00-05:00,63.91999816894531,63.93000030517578,63.72999954223633,63.900001525878906,1708,0.0,0.0,0.0
2024-03-07 12:30:00-05:00,64.11000061035156,64.11000061035156,63.900001525878906,63.900001525878906,1459,0.0,0.0,0.0
2024-03-07 13:30:00-05:00,64.11000061035156,64.11000061035156,63.72999954223633,63.90999984741211,3594,0.0,0.0,0.0
2024-03-07 14:30:00-05:00,63.904998779296875,64.02999877929688,63.70000076293945,64.01000213623047,4701,0.0,0.0,0.0
2024-03-07 15:30:00-05:00,64.0,64.01000213623047,63.689998626708984,63.689998626708984,4543,0.0,0.0,0.0
2024-03-08 09:30:00-05:00,63.68000030517578,63.94499969482422,63.68000030517578,63.94499969482422,0,0.0,0.0,0.0
2024-03-08 10:30:00-05:00,63.939998626708984,63.959999084472656,63.939998626708984,63.959999084472656,650,0.0,0.0,0.0
2024-03-08 11:30:00-05:00,63.88999938964844,63.93899917602539,63.81999969482422,63.904998779296875,2241,0.0,0.0,0.0
2024-03-08 12:30:00-05:00,63.91749954223633,63.91749954223633,63.81999969482422,63.81999969482422,1268,0.0,0.0,0.0
2024-03-08 13:30:00-05:00,63.779998779296875,63.85559844970703,63.689998626708984,63.85559844970703,2973,0.0,0.0,0.0
2024-03-08 14:30:00-05:00,63.84000015258789,63.93000030517578,63.709999084472656,63.720001220703125,4869,0.0,0.0,0.0
2024-03-08 15:30:00-05:00,63.33000183105469,63.9900016784668,62.974998474121094,63.45500183105469,2340,0.0,0.0,0.0
2024-03-11 09:30:00-04:00,63.52000045776367,63.810001373291016,63.52000045776367,63.66780090332031,0,0.0,0.0,0.0
2024-03-11 10:30:00-04:00,63.630001068115234,63.70650100708008,63.630001068115234,63.630001068115234,1753,0.0,0.0,0.0
2024-03-11 11:30:00-04:00,63.64500045776367,63.72060012817383,63.64500045776367,63.72060012817383,751,0.0,0.0,0.0
2024-03-11 12:30:00-04:00,63.69609832763672,63.79499816894531,63.64500045776367,63.79499816894531,1805,0.0,0.0,0.0
2024-03-11 13:30:00-04:00,63.52000045776367,63.67639923095703,63.4900016784668,63.4900016784668,1481,0.0,0.0,0.0
2024-03-11 14:30:00-04:00,63.64500045776367,63.810001373291016,63.64500045776367,63.714298248291016,1083,0.0,0.0,0.0
2024-03-11 15:30:00-04:00,63.474998474121094,63.58000183105469,63.474998474121094,63.56999969482422,0,0.0,0.0,0.0
2024-03-12 09:30:00-04:00,63.779998779296875,63.779998779296875,63.779998779296875,63.779998779296875,100,0.0,0.0,0.0
2024-03-12 10:30:00-04:00,63.939998626708984,63.939998626708984,63.939998626708984,63.939998626708984,832,0.0,0.0,0.0
2024-03-12 11:30:00-04:00,63.790000915527344,63.790000915527344,63.63999938964844,63.63999938964844,770,0.0,0.0,0.0
2024-03-12 12:30:00-04:00,63.86000061035156,63.87300109863281,63.83449935913086,63.87300109863281,1051,0.0,0.0,0.0
2024-03-12 15:30:00-04:00,63.86000061035156,63.86000061035156,63.75,63.810001373291016,0,0.0,0.0,0.0
2024-03-13 10:30:00-04:00,63.810001373291016,64.06999969482422,63.810001373291016,64.06999969482422,1067,0.0,0.0,0.0
2024-03-13 11:30:00-04:00,64.00420379638672,64.00420379638672,64.00420379638672,64.00420379638672,324,0.0,0.0,0.0
2024-03-13 14:30:00-04:00,63.972198486328125,64.08869934082031,63.900001525878906,63.90010070800781,2055,0.0,0.0,0.0
2024-03-13 15:30:00-04:00,64.0979995727539,64.0979995727539,63.915000915527344,63.915000915527344,0,0.0,0.0,0.0
2024-03-14 09:30:00-04:00,64.12999725341797,64.12999725341797,64.01090240478516,64.0999984741211,1594,0.0,0.0,0.0
2024-03-14 10:30:00-04:00,63.95000076293945,63.95000076293945,63.95000076293945,63.95000076293945,179,0.0,0.0,0.0
2024-03-14 11:30:00-04:00,64.05500030517578,64.05500030517578,64.05480194091797,64.05480194091797,408,0.0,0.0,0.0
2024-03-14 12:30:00-04:00,64.00499725341797,64.00499725341797,63.83000183105469,64.00499725341797,803,0.0,0.0,0.0
2024-03-14 13:30:00-04:00,63.92959976196289,64.12999725341797,63.81999969482422,64.12999725341797,3454,0.0,0.0,0.0
2024-03-14 15:30:00-04:00,63.79999923706055,63.955501556396484,63.79010009765625,63.955501556396484,617,0.0,0.0,0.0
2024-03-15 09:30:00-04:00,64.05000305175781,64.11499786376953,64.05000305175781,64.11499786376953,0,0.0,0.0,0.0
2024-03-15 10:30:00-04:00,63.949100494384766,63.949100494384766,63.70000076293945,63.70000076293945,8827,0.0,0.0,0.0
2024-03-15 11:30:00-04:00,63.7400016784668,64.12000274658203,63.720001220703125,63.72999954223633,6019,0.0,0.0,0.0
2024-03-15 12:30:00-04:00,63.7400016784668,63.79499816894531,63.70000076293945,63.79499816894531,2366,0.0,0.0,0.0
2024-03-15 13:30:00-04:00,63.77000045776367,63.77000045776367,63.77000045776367,63.77000045776367,100,0.0,0.0,0.0
2024-03-15 14:30:00-04:00,63.72999954223633,64.05999755859375,63.650001525878906,63.869998931884766,17158,0.0,0.0,0.0
2024-03-15 15:30:00-04:00,64.02999877929688,64.02999877929688,63.877498626708984,63.877498626708984,100,0.0,0.0,0.0
2024-03-18 09:30:00-04:00,63.88999938964844,64.15989685058594,63.33000183105469,64.15989685058594,0,0.0,0.0,0.0
2024-03-18 10:30:00-04:00,63.880001068115234,63.880001068115234,63.880001068115234,63.880001068115234,1991,0.0,0.0,0.0
2024-03-18 11:30:00-04:00,63.95429992675781,64.0,63.81999969482422,64.0,851,0.0,0.0,0.0
2024-03-18 13:30:00-04:00,64.08000183105469,64.16000366210938,64.0,64.16000366210938,513,0.0,0.0,0.0
2024-03-18 14:30:00-04:00,63.86000061035156,64.0,63.86000061035156,64.0,401,0.0,0.0,0.0
2024-03-18 15:30:00-04:00,63.992801666259766,63.992801666259766,63.75,63.75,798,0.0,0.0,0.0
2024-03-19 09:30:00-04:00,64.0999984741211,64.0999984741211,64.0999984741211,64.0999984741211,0,0.0,0.0,0.0
2024-03-19 10:30:00-04:00,63.91999816894531,64.1500015258789,63.91999816894531,63.91999816894531,0,0.0,0.0,0.0
2024-03-19 11:30:00-04:00,63.939998626708984,63.939998626708984,63.939998626708984,63.939998626708984,2817,0.0,0.0,0.0
2024-03-19 12:30:00-04:00,64.02999877929688,64.16000366210938,63.959999084472656,63.959999084472656,4477,0.0,0.0,0.0
2024-03-19 13:30:00-04:00,63.84000015258789,63.939998626708984,63.790000915527344,63.814998626708984,5454,0.0,0.0,0.0
2024-03-19 14:30:00-04:00,63.98500061035156,64.16999816894531,63.834999084472656,63.98500061035156,2724,0.0,0.0,0.0
2024-03-19 15:30:00-04:00,64.16000366210938,64.16000366210938,63.849998474121094,64.0999984741211,1483,0.0,0.0,0.0
2024-03-20 09:30:00-04:00,64.18000030517578,64.18000030517578,64.0999984741211,64.0999984741211,0,0.0,0.0,0.0
2024-03-20 10:30:00-04:00,64.18000030517578,64.34989929199219,64.18000030517578,64.34989929199219,629,0.0,0.0,0.0
2024-03-20 11:30:00-04:00,64.05000305175781,64.05010223388672,63.970001220703125,63.970001220703125,4663,0.0,0.0,0.0
2024-03-20 12:30:00-04:00,63.9900016784668,63.9900016784668,63.970001220703125,63.970001220703125,426,0.0,0.0,0.0
2024-03-20 13:30:00-04:00,63.959999084472656,64.36499786376953,63.959999084472656,64.36499786376953,2747,0.0,0.0,0.0
2024-03-20 14:30:00-04:00,64.39720153808594,64.39990234375,64.32279968261719,64.39990234375,1487,0.0,0.0,0.0
2024-03-20 15:30:00-04:00,64.30999755859375,64.34339904785156,64.30999755859375,64.34339904785156,0,0.0,0.0,0.0
2024-03-21 09:30:00-04:00,64.56999969482422,64.58999633789062,64.51249694824219,64.58999633789062,1174,0.0,0.0,0.0
2024-03-21 11:30:00-04:00,64.5,64.5,64.30999755859375,64.4800033569336,1698,0.0,0.0,0.0
2024-03-21 12:30:00-04:00,64.44999694824219,64.44999694824219,64.44999694824219,64.44999694824219,774,0.0,0.0,0.0
2024-03-21 13:30:00-04:00,64.5,64.5,64.5,64.5,253,0.0,0.0,0.0
2024-03-21 14:30:00-04:00,64.33000183105469,64.41000366210938,64.27999877929688,64.41000366210938,2000,0.0,0.0,0.0
2024-03-21 15:30:00-04:00,64.2699966430664,64.30000305175781,64.2699966430664,64.30000305175781,0,0.0,0.0,0.0
2024-03-22 09:30:00-04:00,64.25,64.30000305175781,64.25,64.30000305175781,831,0.0,0.0,0.0
2024-03-22 11:30:00-04:00,64.30000305175781,65.06999969482422,63.59000015258789,63.8849983215332,4537,0.0,0.0,0.0
2024-03-22 12:30:00-04:00,64.25,64.25,64.25,64.25,304,0.0,0.0,0.0
2024-03-22 13:30:00-04:00,64.41999816894531,64.45500183105469,64.01000213623047,64.41999816894531,1621,0.0,0.0,0.0
2024-03-22 14:30:00-04:00,64.25,64.25,64.06230163574219,64.0999984741211,1217,0.0,0.0,0.0
2024-03-25 09:30:00-04:00,64.0999984741211,64.0999984741211,64.0999984741211,64.0999984741211,0,0.0,0.0,0.0
2024-03-25 10:30:00-04:00,63.599998474121094,63.599998474121094,63.599998474121094,63.599998474121094,171,0.0,0.0,0.0
2024-03-25 11:30:00-04:00,63.95000076293945,63.95000076293945,63.95000076293945,63.95000076293945,167,0.0,0.0,0.0
2024-03-25 12:30:00-04:00,63.92499923706055,64.13999938964844,63.92499923706055,63.92499923706055,2304,0.0,0.0,0.0
2024-03-25 13:30:00-04:00,64.0999984741211,64.1500015258789,63.709999084472656,64.1500015258789,1117,0.0,0.0,0.0
2024-03-25 14:30:00-04:00,63.905399322509766,64.14990234375,63.72999954223633,63.96009826660156,3039,0.0,0.0,0.0
2024-03-25 15:30:00-04:00,64.1500015258789,64.1500015258789,63.970001220703125,64.08000183105469,1328,0.0,0.0,0.0
2024-03-26 09:30:00-04:00,64.08000183105469,64.6050033569336,64.08000183105469,64.6050033569336,0,0.0,0.0,0.0
2024-03-26 10:30:00-04:00,64.15499877929688,64.15499877929688,64.15499877929688,64.15499877929688,436,0.0,0.0,0.0
2024-03-26 11:30:00-04:00,64.38999938964844,64.38999938964844,63.95000076293945,64.1500015258789,736,0.0,0.0,0.0
2024-03-26 12:30:00-04:00,64.16629791259766,64.16999816894531,64.09839630126953,64.09839630126953,1286,0.0,0.0,0.0
2024-03-26 13:30:00-04:00,63.95000076293945,64.11000061035156,63.90999984741211,64.10009765625,3907,0.0,0.0,0.0
2024-03-26 14:30:00-04:00,63.90999984741211,64.06500244140625,63.880001068115234,64.06500244140625,1065,0.0,0.0,0.0
2024-03-26 15:30:00-04:00,64.29000091552734,64.29000091552734,63.84000015258789,64.05840301513672,0,0.0,0.0,0.0
2024-03-27 09:30:00-04:00,64.16999816894531,64.16999816894531,64.05999755859375,64.05999755859375,426,0.0,0.0,0.0
2024-03-27 10:30:00-04:00,64.05000305175781,64.05000305175781,64.05000305175781,64.05000305175781,107,0.0,0.0,0.0
2024-03-27 11:30:00-04:00,64.12000274658203,64.16999816894531,63.869998931884766,64.16999816894531,3547,0.0,0.0,0.0
2024-03-27 12:30:00-04:00,63.970001220703125,64.1500015258789,63.88999938964844,63.88999938964844,800,0.0,0.0,0.0
2024-03-27 13:30:00-04:00,64.06999969482422,64.06999969482422,64.06999969482422,64.06999969482422,236,0.0,0.0,0.0
2024-03-27 14:30:00-04:00,64.1500015258789,64.1698989868164,63.959999084472656,63.959999084472656,748,0.0,0.0,0.0
2024-03-27 15:30:00-04:00,63.959999084472656,63.96500015258789,63.959999084472656,63.96500015258789,0,0.0,0.0,0.0
2024-03-28 09:30:00-04:00,64.30999755859375,64.30999755859375,64.10070037841797,64.10070037841797,1221,0.0,0.0,0.0
2024-03-28 10:30:00-04:00,63.93000030517578,63.93000030517578,63.93000030517578,63.93000030517578,166,0.0,0.0,0.0
2024-03-28 11:30:00-04:00,64.25,64.25,64.25,64.25,406,0.0,0.0,0.0
2024-03-28 12:30:00-04:00,64.12999725341797,64.12999725341797,64.1041030883789,64.1041030883789,236,0.0,0.0,0.0
2024-03-28 13:30:00-04:00,64.23999786376953,64.25,64.23999786376953,64.25,872,0.0,0.0,0.0
2024-03-28 14:30:00-04:00,63.86009979248047,64.23999786376953,63.86009979248047,63.91999816894531,1268,0.0,0.0,0.0
2024-03-28 15:30:00-04:00,63.91999816894531,63.91999816894531,63.91999816894531,63.91999816894531,232,0.0,0.0,0.0
2024-04-01 09:30:00-04:00,63.9900016784668,64.0199966430664,63.9900016784668,64.0199966430664,1105,0.0,0.0,0.0
2024-04-01 10:30:00-04:00,63.975399017333984,63.975399017333984,63.975399017333984,63.975399017333984,360,0.0,0.0,0.0
2024-04-01 11:30:00-04:00,63.93000030517578,63.93000030517578,63.82500076293945,63.82500076293945,2654,0.0,0.0,0.0
2024-04-01 13:30:00-04:00,63.59000015258789,63.93000030517578,63.59000015258789,63.93000030517578,1072,0.0,0.0,0.0
2024-04-01 14:30:00-04:00,63.61000061035156,64.03990173339844,63.61000061035156,63.77000045776367,1577,0.0,0.0,0.0
2024-04-01 15:30:00-04:00,63.84000015258789,63.93000030517578,63.84000015258789,63.867000579833984,0,0.0,0.0,0.0
2024-04-02 09:30:00-04:00,63.63999938964844,63.63999938964844,63.63999938964844,63.63999938964844,289,0.0,0.0,0.0
2024-04-02 10:30:00-04:00,63.66999816894531,63.66999816894531,63.66999816894531,63.66999816894531,327,0.0,0.0,0.0
2024-04-02 11:30:00-04:00,63.86000061035156,63.86000061035156,63.86000061035156,63.86000061035156,356,0.0,0.0,0.0
2024-04-02 12:30:00-04:00,63.86000061035156,63.86000061035156,63.73910140991211,63.73910140991211,948,0.0,0.0,0.0
2024-04-02 13:30:00-04:00,63.790000915527344,63.790000915527344,63.560001373291016,63.7599983215332,1366,0.0,0.0,0.0
2024-04-02 14:30:00-04:00,63.7599983215332,63.7599983215332,63.7599983215332,63.7599983215332,628,0.0,0.0,0.0
2024-04-02 15:30:00-04:00,63.73310089111328,63.73310089111328,63.61000061035156,63.6599006652832,0,0.0,0.0,0.0
2024-04-03 09:30:00-04:00,64.0199966430664,64.18499755859375,63.61000061035156,64.18499755859375,1963,0.0,0.0,0.0
2024-04-03 10:30:00-04:00,63.77000045776367,63.86000061035156,63.599998474121094,63.599998474121094,951,0.0,0.0,0.0
2024-04-03 11:30:00-04:00,63.7400016784668,63.7599983215332,63.619998931884766,63.619998931884766,4459,0.0,0.0,0.0
2024-04-03 12:30:00-04:00,63.724998474121094,63.724998474121094,63.724998474121094,63.724998474121094,655,0.0,0.0,0.0
2024-04-03 13:30:00-04:00,63.81999969482422,63.81999969482422,63.630001068115234,63.630001068115234,337,0.0,0.0,0.0
2024-04-03 14:30:00-04:00,63.63010025024414,63.869998931884766,63.63010025024414,63.81999969482422,730,0.0,0.0,0.0
2024-04-03 15:30:00-04:00,63.75,63.869998931884766,63.66999816894531,63.75,0,0.0,0.0,0.0
2024-04-04 09:30:00-04:00,63.68000030517578,64.02999877929688,63.68000030517578,64.02999877929688,748,0.0,0.0,0.0
2024-04-04 10:30:00-04:00,64.0199966430664,64.0199966430664,63.709999084472656,63.709999084472656,1935,0.0,0.0,0.0
2024-04-04 11:30:00-04:00,64.0,64.0,63.720001220703125,63.720001220703125,1330,0.0,0.0,0.0
2024-04-04 12:30:00-04:00,63.875,63.9900016784668,63.7599983215332,63.90999984741211,5439,0.0,0.0,0.0
2024-04-04 13:30:00-04:00,63.90230178833008,64.0,63.77000045776367,64.0,1151,0.0,0.0,0.0
2024-04-04 14:30:00-04:00,63.832000732421875,63.832000732421875,63.63999938964844,63.63999938964844,2547,0.0,0.0,0.0
2024-04-04 15:30:00-04:00,63.650001525878906,63.76499938964844,63.630001068115234,63.723201751708984,0,0.0,0.0,0.0
2024-04-05 09:30:00-04:00,64.11000061035156,64.11000061035156,63.86000061035156,63.91859817504883,2516,0.0,0.0,0.0
2024-04-05 10:30:00-04:00,63.900001525878906,63.900001525878906,63.900001525878906,63.900001525878906,425,0.0,0.0,0.0
2024-04-05 11:30:00-04:00,63.930999755859375,63.930999755859375,63.930999755859375,63.930999755859375,248,0.0,0.0,0.0
2024-04-05 13:30:00-04:00,63.89799880981445,63.89799880981445,63.89799880981445,63.89799880981445,486,0.0,0.0,0.0
2024-04-05 14:30:00-04:00,63.891998291015625,63.891998291015625,63.850399017333984,63.850399017333984,582,0.0,0.0,0.0
2024-04-08 09:30:00-04:00,63.88999938964844,64.12000274658203,63.849998474121094,64.11000061035156,2752,0.0,0.0,0.0
2024-04-08 10:30:00-04:00,63.849998474121094,63.849998474121094,63.79999923706055,63.79999923706055,5462,0.0,0.0,0.0
2024-04-08 11:30:00-04:00,64.08999633789062,64.08999633789062,64.08999633789062,64.08999633789062,270,0.0,0.0,0.0
2024-04-08 12:30:00-04:00,64.00479888916016,64.0999984741211,63.81999969482422,64.04399871826172,6476,0.0,0.0,0.0
2024-04-08 13:30:00-04:00,64.08999633789062,64.11000061035156,64.08999633789062,64.11000061035156,1950,0.0,0.0,0.0
2024-04-08 14:30:00-04:00,64.11000061035156,64.11000061035156,64.11000061035156,64.11000061035156,1339,0.0,0.0,0.0
2024-04-08 15:30:00-04:00,64.11299896240234,64.13999938964844,64.03019714355469,64.03019714355469,0,0.0,0.0,0.0
2024-04-09 09:30:00-04:00,64.30999755859375,64.30999755859375,64.06500244140625,64.06500244140625,603,0.0,0.0,0.0
2024-04-09 10:30:00-04:00,64.4000015258789,64.4000015258789,64.4000015258789,64.4000015258789,1143,0.0,0.0,0.0
2024-04-09 11:30:00-04:00,64.0199966430664,64.4000015258789,64.00499725341797,64.4000015258789,1051,0.0,0.0,0.0
2024-04-09 12:30:00-04:00,64.25050354003906,64.4000015258789,64.25050354003906,64.4000015258789,627,0.0,0.0,0.0
2024-04-09 13:30:00-04:00,64.18000030517578,64.2406997680664,64.16999816894531,64.2406997680664,3477,0.0,0.0,0.0
2024-04-09 14:30:00-04:00,64.3949966430664,64.41000366210938,64.11000061035156,64.2699966430664,5155,0.0,0.0,0.0
2024-04-09 15:30:00-04:00,64.2699966430664,64.40989685058594,64.0999984741211,64.19770050048828,0,0.0,0.0,0.0
2024-04-10 09:30:00-04:00,65.0,65.0,64.25,64.25,3262,0.0,0.0,0.0
2024-04-10 10:30:00-04:00,65.0,65.0,63.709999084472656,63.709999084472656,672,0.0,0.0,0.0
2024-04-10 11:30:00-04:00,64.25499725341797,64.25499725341797,64.25499725341797,64.25499725341797,138,0.0,0.0,0.0
2024-04-10 13:30:00-04:00,64.88790130615234,64.88790130615234,64.88790130615234,64.88790130615234,286,0.0,0.0,0.0
2024-04-10 14:30:00-04:00,64.95999908447266,64.95999908447266,64.11499786376953,64.26000213623047,1813,0.0,0.0,0.0
2024-04-10 15:30:00-04:00,64.29000091552734,64.29000091552734,63.93000030517578,64.1321029663086,0,0.0,0.0,0.0
2024-04-11 09:30:00-04:00,64.12000274658203,64.12000274658203,64.06999969482422,64.06999969482422,301,0.0,0.0,0.0
2024-04-11 10:30:00-04:00,63.77000045776367,64.12000274658203,63.77000045776367,64.12000274658203,1692,0.0,0.0,0.0
2024-04-11 11:30:00-04:00,63.98500061035156,64.12000274658203,63.92789840698242,63.92789840698242,735,0.0,0.0,0.0
2024-04-11 12:30:00-04:00,63.88999938964844,64.05999755859375,63.88999938964844,63.915000915527344,777,0.0,0.0,0.0
2024-04-11 13:30:00-04:00,63.935001373291016,63.939998626708984,63.775001525878906,63.939998626708984,2539,0.0,0.0,0.0
2024-04-11 14:30:00-04:00,63.810001373291016,64.02999877929688,63.76499938964844,64.02369689941406,2066,0.0,0.0,0.0
2024-04-11 15:30:00-04:00,63.91999816894531,63.93000030517578,63.91999816894531,63.93000030517578,0,0.0,0.0,0.0
2024-04-12 09:30:00-04:00,63.650001525878906,63.831199645996094,63.63999938964844,63.831199645996094,881,0.0,0.0,0.0
2024-04-12 11:30:00-04:00,64.02989959716797,64.02989959716797,64.02989959716797,64.02989959716797,262,0.0,0.0,0.0
2024-04-12 12:30:00-04:00,64.0,64.0,63.65999984741211,63.80509948730469,1375,0.0,0.0,0.0
2024-04-12 14:30:00-04:00,63.64500045776367,63.80500030517578,63.64500045776367,63.80500030517578,397,0.0,0.0,0.0
2024-04-15 09:30:00-04:00,64.06500244140625,64.06500244140625,63.93000030517578,63.93000030517578,0,0.0,0.0,0.0
2024-04-15 10:30:00-04:00,64.0999984741211,64.11000061035156,64.0999984741211,64.11000061035156,254,0.0,0.0,0.0
2024-04-15 11:30:00-04:00,63.899200439453125,63.93989944458008,63.88999938964844,63.88999938964844,531,0.0,0.0,0.0
2024-04-15 12:30:00-04:00,63.849998474121094,63.849998474121094,63.79999923706055,63.79999923706055,769,0.0,0.0,0.0
2024-04-15 13:30:00-04:00,64.08999633789062,64.08999633789062,63.68000030517578,63.68000030517578,308,0.0,0.0,0.0
2024-04-15 14:30:00-04:00,63.660099029541016,64.04499816894531,63.660099029541016,63.809600830078125,0,0.0,0.0,0.0
2024-04-16 09:30:00-04:00,63.81999969482422,63.91999816894531,63.75,63.869998931884766,1805,0.0,0.0,0.0
2024-04-16 10:30:00-04:00,63.56999969482422,63.689998626708984,63.410099029541016,63.55500030517578,1379,0.0,0.0,0.0
2024-04-16 11:30:00-04:00,63.58539962768555,63.58539962768555,63.5,63.5,698,0.0,0.0,0.0
2024-04-16 12:30:00-04:00,63.54999923706055,63.54999923706055,63.54999923706055,63.54999923706055,784,0.0,0.0,0.0
2024-04-16 13:30:00-04:00,63.50559997558594,63.50559997558594,63.50559997558594,63.50559997558594,602,0.0,0.0,0.0
2024-04-16 14:30:00-04:00,63.511199951171875,63.70000076293945,63.511199951171875,63.52090072631836,0,0.0,0.0,0.0
2024-04-17 09:30:00-04:00,64.12000274658203,64.12000274658203,64.12000274658203,64.12000274658203,170,0.0,0.0,0.0
2024-04-17 10:30:00-04:00,64.08439636230469,64.12000274658203,63.63999938964844,63.63999938964844,703,0.0,0.0,0.0
2024-04-17 11:30:00-04:00,63.66680145263672,63.66680145263672,63.66680145263672,63.66680145263672,288,0.0,0.0,0.0
2024-04-17 12:30:00-04:00,63.33420181274414,63.33420181274414,63.33420181274414,63.33420181274414,199,0.0,0.0,0.0
2024-04-17 13:30:00-04:00,63.540000915527344,63.540000915527344,63.540000915527344,63.540000915527344,345,0.0,0.0,0.0
2024-04-17 15:30:00-04:00,63.49810028076172,63.7400016784668,63.49810028076172,63.7400016784668,0,0.0,0.0,0.0
2024-04-18 09:30:00-04:00,63.72990036010742,63.72990036010742,63.380001068115234,63.50809860229492,1540,0.0,0.0,0.0
2024-04-18 10:30:00-04:00,63.542701721191406,63.62770080566406,63.542701721191406,63.62770080566406,1311,0.0,0.0,0.0
2024-04-18 12:30:00-04:00,63.38010025024414,63.38010025024414,63.38010025024414,63.38010025024414,283,0.0,0.0,0.0
2024-04-18 13:30:00-04:00,63.61439895629883,63.70249938964844,63.61439895629883,63.70249938964844,1150,0.0,0.0,0.0
2024-04-18 15:30:00-04:00,63.66790008544922,63.66790008544922,63.65999984741211,63.65999984741211,0,0.0,0.0,0.0
2024-04-19 09:30:00-04:00,63.7400016784668,63.7400016784668,63.704200744628906,63.704200744628906,2021,0.0,0.0,0.0
2024-04-19 10:30:00-04:00,63.81990051269531,63.81990051269531,63.66999816894531,63.66999816894531,963,0.0,0.0,0.0
2024-04-19 11:30:00-04:00,63.65999984741211,63.65999984741211,63.65999984741211,63.65999984741211,360,0.0,0.0,0.0
2024-04-19 12:30:00-04:00,63.661800384521484,63.661800384521484,63.661800384521484,63.661800384521484,292,0.0,0.0,0.0
2024-04-19 13:30:00-04:00,63.65999984741211,63.76279830932617,63.65999984741211,63.76279830932617,1250,0.0,0.0,0.0
2024-04-19 14:30:00-04:00,63.79999923706055,63.81990051269531,63.7400016784668,63.7400016784668,2801,0.0,0.0,0.0
2024-04-22 09:30:00-04:00,63.79999923706055,63.79999923706055,63.79999923706055,63.79999923706055,0,0.0,0.0,0.0
2024-04-22 10:30:00-04:00,64.06999969482422,64.07990264892578,63.880001068115234,64.07990264892578,1089,0.0,0.0,0.0
2024-04-22 11:30:00-04:00,63.79999923706055,64.06999969482422,63.78010177612305,63.9900016784668,82884,0.0,0.0,0.0
2024-04-22 12:30:00-04:00,63.790000915527344,63.935001373291016,63.790000915527344,63.849998474121094,10998,0.0,0.0,0.0
2024-04-22 13:30:00-04:00,64.0,64.0,63.099998474121094,63.91999816894531,6913,0.0,0.0,0.0
2024-04-22 14:30:00-04:00,63.81999969482422,63.98500061035156,63.779998779296875,63.95000076293945,10577,0.0,0.0,0.0
2024-04-22 15:30:00-04:00,64.04000091552734,64.04000091552734,63.880001068115234,64.0343017578125,0,0.0,0.0,0.0
2024-04-23 09:30:00-04:00,64.5,64.5,64.03500366210938,64.03500366210938,2497,0.0,0.0,0.0
2024-04-23 10:30:00-04:00,63.959999084472656,64.11000061035156,63.93299865722656,64.11000061035156,12471,0.0,0.0,0.0
2024-04-23 11:30:00-04:00,64.11000061035156,64.13999938964844,64.01010131835938,64.13999938964844,970,0.0,0.0,0.0
2024-04-23 12:30:00-04:00,64.13999938964844,64.19239807128906,64.0199966430664,64.0199966430664,1009,0.0,0.0,0.0
2024-04-23 13:30:00-04:00,64.18499755859375,64.23899841308594,64.05999755859375,64.18499755859375,1093,0.0,0.0,0.0
2024-04-23 14:30:00-04:00,64.18499755859375,64.31999969482422,64.05999755859375,64.12999725341797,8461,0.0,0.0,0.0
2024-04-23 15:30:00-04:00,64.24500274658203,64.24500274658203,64.13999938964844,64.22949981689453,0,0.0,0.0,0.0
2024-04-24 11:30:00-04:00,64.21589660644531,64.21589660644531,64.21589660644531,64.21589660644531,306,0.0,0.0,0.0
2024-04-24 12:30:00-04:00,64.35600280761719,64.35600280761719,64.0199966430664,64.0250015258789,1812,0.0,0.0,0.0
2024-04-24 13:30:00-04:00,64.37000274658203,64.4000015258789,64.37000274658203,64.4000015258789,0,0.0,0.0,0.0
2024-04-24 14:30:00-04:00,64.13009643554688,64.31999969482422,64.12999725341797,64.31999969482422,3538,0.0,0.0,0.0
2024-04-24 15:30:00-04:00,64.19999694824219,64.19999694824219,64.19999694824219,64.19999694824219,0,0.0,0.0,0.0
2024-04-25 10:30:00-04:00,64.04979705810547,64.22000122070312,64.04979705810547,64.22000122070312,772,0.0,0.0,0.0
2024-04-25 13:30:00-04:00,63.77000045776367,63.77000045776367,63.75,63.75,1068,0.0,0.0,0.0
2024-04-25 14:30:00-04:00,64.05999755859375,64.05999755859375,64.05999755859375,64.05999755859375,222,0.0,0.0,0.0
2024-04-25 15:30:00-04:00,64.11000061035156,64.23999786376953,63.939998626708984,64.04109954833984,8185,0.0,0.0,0.0
2024-04-26 09:30:00-04:00,64.5199966430664,64.52999877929688,64.09010314941406,64.52999877929688,1109,0.0,0.0,0.0
2024-04-26 13:30:00-04:00,64.20999908447266,64.20999908447266,64.20999908447266,64.20999908447266,165,0.0,0.0,0.0
2024-04-26 14:30:00-04:00,64.20429992675781,64.41500091552734,64.20429992675781,64.375,263,0.0,0.0,0.0
2024-04-29 09:30:00-04:00,64.41000366210938,64.41000366210938,64.22000122070312,64.22000122070312,0,0.0,0.0,0.0
2024-04-29 10:30:00-04:00,64.22000122070312,64.5999984741211,64.22000122070312,64.4800033569336,2670,0.0,0.0,0.0
2024-04-29 11:30:00-04:00,64.56999969482422,64.61000061035156,64.26000213623047,64.61000061035156,1024,0.0,0.0,0.0
2024-04-29 13:30:00-04:00,64.41500091552734,64.41500091552734,64.41500091552734,64.41500091552734,728,0.0,0.0,0.0
2024-04-29 14:30:00-04:00,64.38999938964844,64.38999938964844,64.38999938964844,64.38999938964844,401,0.0,0.0,0.0
2024-04-29 15:30:00-04:00,64.2959976196289,64.40950012207031,64.2959976196289,64.40950012207031,6288,0.0,0.0,0.0
2024-04-30 09:30:00-04:00,64.05999755859375,64.4531021118164,64.05999755859375,64.4531021118164,0,0.0,0.0,0.0
2024-04-30 10:30:00-04:00,64.27999877929688,64.5,64.26499938964844,64.46730041503906,1322,0.0,0.0,0.0
2024-04-30 11:30:00-04:00,64.35489654541016,64.35489654541016,64.35489654541016,64.35489654541016,134,0.0,0.0,0.0
2024-04-30 13:30:00-04:00,64.34500122070312,64.34500122070312,64.34500122070312,64.34500122070312,297,0.0,0.0,0.0
2024-04-30 14:30:00-04:00,64.29000091552734,64.29000091552734,64.29000091552734,64.29000091552734,3665,0.0,0.0,0.0
2024-04-30 15:30:00-04:00,64.45600128173828,64.47750091552734,64.31999969482422,64.31999969482422,1149,0.0,0.0,0.0
2024-05-01 09:30:00-04:00,64.01000213623047,64.01000213623047,64.01000213623047,64.01000213623047,0,0.0,0.0,0.0
2024-05-01 13:30:00-04:00,64.00080108642578,64.01000213623047,63.95000076293945,63.95000076293945,488,0.0,0.0,0.0
2024-05-01 14:30:00-04:00,63.942298889160156,63.97999954223633,63.904998779296875,63.97999954223633,1813,0.0,0.0,0.0
2024-05-01 15:30:00-04:00,64.35990142822266,64.35990142822266,64.12999725341797,64.12999725341797,3224,0.0,0.0,0.0
2024-05-02 09:30:00-04:00,63.95000076293945,64.1312026977539,63.95000076293945,63.99399948120117,463,0.0,0.0,0.0
2024-05-02 10:30:00-04:00,63.95000076293945,63.95000076293945,63.95000076293945,63.95000076293945,603,0.0,0.0,0.0
2024-05-02 11:30:00-04:00,64.02999877929688,64.09609985351562,64.0,64.09609985351562,1132,0.0,0.0,0.0
2024-05-02 12:30:00-04:00,63.939998626708984,63.939998626708984,63.93000030517578,63.93000030517578,1358,0.0,0.0,0.0
2024-05-02 13:30:00-04:00,64.13999938964844,64.13999938964844,64.11000061035156,64.12999725341797,715,0.0,0.0,0.0
2024-05-02 14:30:00-04:00,64.16000366210938,64.18000030517578,64.0,64.07550048828125,0,0.0,0.0,0.0
2024-05-03 09:30:00-04:00,64.16000366210938,64.16000366210938,64.16000366210938,64.16000366210938,254,0.0,0.0,0.0
2024-05-03 10:30:00-04:00,64.43499755859375,64.43499755859375,64.30999755859375,64.37000274658203,4722,0.0,0.0,0.0
2024-05-03 11:30:00-04:00,64.37000274658203,64.37000274658203,64.2699966430664,64.27010345458984,1670,0.0,0.0,0.0
2024-05-03 13:30:00-04:00,64.31999969482422,64.31999969482422,64.30999755859375,64.30999755859375,305,0.0,0.0,0.0
2024-05-03 14:30:00-04:00,64.31999969482422,64.3499984741211,64.30999755859375,64.30999755859375,738,0.0,0.0,0.0
2024-05-03 15:30:00-04:00,64.43000030517578,64.43000030517578,64.31999969482422,64.31999969482422,874,0.0,0.0,0.0
2024-05-06 09:30:00-04:00,64.16999816894531,64.44999694824219,63.86000061035156,63.910099029541016,0,0.0,0.0,0.0
2024-05-06 10:30:00-04:00,63.93000030517578,64.27999877929688,63.790000915527344,63.790000915527344,876,0.0,0.0,0.0
2024-05-06 11:30:00-04:00,64.41000366210938,64.48999786376953,64.27999877929688,64.48999786376953,969,0.0,0.0,0.0
2024-05-06 12:30:00-04:00,64.37999725341797,64.44999694824219,64.30999755859375,64.44999694824219,1138,0.0,0.0,0.0
2024-05-06 13:30:00-04:00,64.44999694824219,64.48989868164062,64.30999755859375,64.4800033569336,1248,0.0,0.0,0.0
2024-05-06 14:30:00-04:00,64.3499984741211,64.3499984741211,64.3499984741211,64.3499984741211,486,0.0,0.0,0.0
2024-05-06 15:30:00-04:00,64.4000015258789,64.5,64.4000015258789,64.4000015258789,1526,0.0,0.0,0.0
2024-05-07 09:30:00-04:00,64.36000061035156,64.37999725341797,64.36000061035156,64.36000061035156,0,0.0,0.0,0.0
2024-05-07 10:30:00-04:00,64.48999786376953,64.48999786376953,64.33999633789062,64.33999633789062,606,0.0,0.0,0.0
2024-05-07 11:30:00-04:00,64.31999969482422,64.31999969482422,64.31999969482422,64.31999969482422,100,0.0,0.0,0.0
2024-05-07 12:30:00-04:00,64.3301010131836,64.3301010131836,64.3301010131836,64.3301010131836,203,0.0,0.0,0.0
2024-05-07 13:30:00-04:00,64.36000061035156,64.37000274658203,64.36000061035156,64.36000061035156,406,0.0,0.0,0.0
2024-05-07 14:30:00-04:00,64.37000274658203,64.37000274658203,64.20999908447266,64.20999908447266,3727,0.0,0.0,0.0
2024-05-07 15:30:00-04:00,64.36000061035156,64.36000061035156,64.29499816894531,64.29499816894531,0,0.0,0.0,0.0
2024-05-08 09:30:00-04:00,64.13999938964844,64.31999969482422,64.13999938964844,64.30000305175781,3185,0.0,0.0,0.0
2024-05-08 10:30:00-04:00,64.30000305175781,64.33999633789062,64.1500015258789,64.33999633789062,1362,0.0,0.0,0.0
2024-05-08 11:30:00-04:00,64.29000091552734,64.29000091552734,64.29000091552734,64.29000091552734,204,0.0,0.0,0.0
2024-05-08 12:30:00-04:00,64.30000305175781,64.30000305175781,64.2300033569336,64.23999786376953,3179,0.0,0.0,0.0
2024-05-08 14:30:00-04:00,64.3499984741211,64.37999725341797,64.3499984741211,64.37999725341797,300,0.0,0.0,0.0
2024-05-08 15:30:00-04:00,64.31089782714844,64.31089782714844,64.31089782714844,64.31089782714844,117,0.0,0.0,0.0
2024-05-09 09:30:00-04:00,64.31999969482422,64.31999969482422,64.19999694824219,64.19999694824219,1475,0.0,0.0,0.0
2024-05-09 10:30:00-04:00,64.29000091552734,64.29000091552734,64.2249984741211,64.2249984741211,538,0.0,0.0,0.0
2024-05-09 11:30:00-04:00,64.2300033569336,64.2300033569336,64.2300033569336,64.2300033569336,856,0.0,0.0,0.0
2024-05-09 12:30:00-04:00,64.29910278320312,64.29910278320312,64.29910278320312,64.29910278320312,1018,0.0,0.0,0.0
2024-05-09 13:30:00-04:00,64.20500183105469,64.20500183105469,64.20500183105469,64.20500183105469,802,0.0,0.0,0.0
2024-05-09 14:30:00-04:00,64.16999816894531,64.25489807128906,64.1500015258789,64.1500015258789,2019,0.0,0.0,0.0
2024-05-10 09:30:00-04:00,63.900001525878906,64.41999816894531,63.900001525878906,64.41999816894531,448,0.0,0.0,0.0
2024-05-10 10:30:00-04:00,64.16390228271484,64.16390228271484,64.16000366210938,64.16000366210938,394,0.0,0.0,0.0
2024-05-10 11:30:00-04:00,63.900001525878906,64.41999816894531,63.900001525878906,64.27629852294922,2087,0.0,0.0,0.0
2024-05-10 12:30:00-04:00,64.20379638671875,64.20379638671875,63.91999816894531,63.93000030517578,920,0.0,0.0,0.0
2024-05-10 13:30:00-04:00,63.93000030517578,64.02999877929688,63.90999984741211,64.02999877929688,1562,0.0,0.0,0.0
2024-05-10 14:30:00-04:00,64.1500015258789,64.1500015258789,64.1500015258789,64.1500015258789,215,0.0,0.0,0.0
2024-05-10 15:30:00-04:00,63.959999084472656,64.3051986694336,63.95000076293945,64.23989868164062,3028,0.0,0.0,0.0
2024-05-13 09:30:00-04:00,64.37999725341797,64.37999725341797,64.12999725341797,64.21959686279297,0,0.0,0.0,0.0
2024-05-13 10:30:00-04:00,64.13999938964844,64.1500015258789,64.12999725341797,64.1500015258789,5814,0.0,0.0,0.0
2024-05-13 12:30:00-04:00,64.21260070800781,64.21260070800781,64.1500015258789,64.21199798583984,1069,0.0,0.0,0.0
2024-05-13 13:30:00-04:00,64.2300033569336,64.2300033569336,64.19999694824219,64.19999694824219,1137,0.0,0.0,0.0
2024-05-13 14:30:00-04:00,64.2300033569336,64.2300033569336,64.2300033569336,64.2300033569336,1011,0.0,0.0,0.0
2024-05-13 15:30:00-04:00,64.29000091552734,64.29000091552734,64.26000213623047,64.26000213623047,438,0.0,0.0,0.0
2024-05-14 09:30:00-04:00,64.14559936523438,64.14559936523438,64.14559936523438,64.14559936523438,216,0.0,0.0,0.0
2024-05-14 10:30:00-04:00,64.13999938964844,64.1500015258789,64.04000091552734,64.14990234375,1248,0.0,0.0,0.0
2024-05-14 11:30:00-04:00,64.14990234375,64.14990234375,64.14990234375,64.14990234375,182,0.0,0.0,0.0
2024-05-14 13:30:00-04:00,64.11100006103516,64.11100006103516,64.11100006103516,64.11100006103516,385,0.0,0.0,0.0
2024-05-14 14:30:00-04:00,64.08499908447266,64.095703125,64.08499908447266,64.08499908447266,0,0.0,0.0,0.0
2024-05-15 09:30:00-04:00,64.1500015258789,64.30989837646484,64.1321029663086,64.1321029663086,1512,0.0,0.0,0.0
2024-05-15 10:30:00-04:00,64.13009643554688,64.13009643554688,64.13009643554688,64.13009643554688,713,0.0,0.0,0.0
2024-05-15 11:30:00-04:00,64.23999786376953,64.23999786376953,64.23999786376953,64.23999786376953,501,0.0,0.0,0.0
2024-05-15 12:30:00-04:00,64.15299987792969,64.15299987792969,64.15299987792969,64.15299987792969,202,0.0,0.0,0.0
2024-05-15 13:30:00-04:00,64.19999694824219,64.19999694824219,64.19999694824219,64.19999694824219,436,0.0,0.0,0.0
2024-05-15 14:30:00-04:00,64.33000183105469,64.33000183105469,64.16000366210938,64.16000366210938,2169,0.0,0.0,0.0
2024-05-15 15:30:00-04:00,64.23999786376953,64.36990356445312,64.23999786376953,64.36990356445312,640,0.0,0.0,0.0
2024-05-16 09:30:00-04:00,64.30000305175781,64.30000305175781,64.30000305175781,64.30000305175781,1487,0.0,0.0,0.0
2024-05-16 10:30:00-04:00,64.29000091552734,64.29000091552734,64.19000244140625,64.19999694824219,1451,0.0,0.0,0.0
2024-05-16 12:30:00-04:00,64.38999938964844,64.38999938964844,64.3499984741211,64.3499984741211,432,0.0,0.0,0.0
2024-05-16 13:30:00-04:00,64.3499984741211,64.3499984741211,64.30000305175781,64.30000305175781,3642,0.0,0.0,0.0
2024-05-16 14:30:00-04:00,64.3499984741211,64.3499984741211,64.30000305175781,64.30000305175781,7244,0.0,0.0,0.0
2024-05-16 15:30:00-04:00,64.22000122070312,64.31500244140625,64.22000122070312,64.31500244140625,2382,0.0,0.0,0.0
2024-05-17 09:30:00-04:00,64.47000122070312,64.47000122070312,64.25,64.25,0,0.0,0.0,0.0
2024-05-17 10:30:00-04:00,64.3499984741211,64.3499984741211,64.23999786376953,64.24009704589844,1327,0.0,0.0,0.0
2024-05-17 11:30:00-04:00,64.36000061035156,64.46790313720703,64.3573989868164,64.3573989868164,1084,0.0,0.0,0.0
2024-05-17 12:30:00-04:00,64.37000274658203,64.37000274658203,64.37000274658203,64.37000274658203,114,0.0,0.0,0.0
2024-05-17 13:30:00-04:00,64.3479995727539,64.3479995727539,64.3479995727539,64.3479995727539,300,0.0,0.0,0.0
2024-05-17 14:30:00-04:00,64.43000030517578,64.43000030517578,64.31999969482422,64.31999969482422,2438,0.0,0.0,0.0
2024-05-17 15:30:00-04:00,64.44999694824219,64.4749984741211,64.44999694824219,64.4749984741211,327,0.0,0.0,0.0
2024-05-20 09:30:00-04:00,64.5,64.5,64.30999755859375,64.33999633789062,0,0.0,0.0,0.0
2024-05-20 12:30:00-04:00,64.41729736328125,64.41729736328125,64.41729736328125,64.41729736328125,271,0.0,0.0,0.0
2024-05-20 13:30:00-04:00,64.4800033569336,64.48999786376953,64.41179656982422,64.41999816894531,1252,0.0,0.0,0.0
2024-05-20 14:30:00-04:00,64.4166030883789,64.42859649658203,64.31999969482422,64.40010070800781,4382,0.0,0.0,0.0
2024-05-20 15:30:00-04:00,64.33999633789062,64.41999816894531,64.33999633789062,64.41999816894531,2400,0.0,0.0,0.0
2024-05-21 09:30:00-04:00,64.5,64.5,64.44000244140625,64.47000122070312,0,0.0,0.0,0.0
2024-05-21 10:30:00-04:00,64.49970245361328,64.49980163574219,64.49970245361328,64.49980163574219,748,0.0,0.0,0.0
2024-05-21 11:30:00-04:00,64.5,64.5,64.4800033569336,64.4800033569336,699,0.0,0.0,0.0
2024-05-21 13:30:00-04:00,64.4834976196289,64.48999786376953,64.4800033569336,64.4800033569336,1081,0.0,0.0,0.0
2024-05-21 14:30:00-04:00,64.4800033569336,64.48999786376953,64.4800033569336,64.48999786376953,374,0.0,0.0,0.0
2024-05-21 15:30:00-04:00,64.48999786376953,64.48999786376953,64.48999786376953,64.48999786376953,1164,0.0,0.0,0.0
2024-05-22 09:30:00-04:00,64.5,64.5199966430664,64.31999969482422,64.33000183105469,7041,0.0,0.0,0.0
2024-05-22 10:30:00-04:00,64.4999008178711,64.4999008178711,64.42749786376953,64.48999786376953,2840,0.0,0.0,0.0
2024-05-22 11:30:00-04:00,64.44000244140625,64.5,64.29000091552734,64.44000244140625,1814,0.0,0.0,0.0
2024-05-22 12:30:00-04:00,64.48999786376953,64.48999786376953,64.35299682617188,64.48999786376953,1382,0.0,0.0,0.0
2024-05-22 13:30:00-04:00,64.48999786376953,64.48999786376953,64.32009887695312,64.41000366210938,1014,0.0,0.0,0.0
2024-05-22 14:30:00-04:00,64.31999969482422,64.44999694824219,64.19999694824219,64.33999633789062,8568,0.0,0.0,0.0
2024-05-23 09:30:00-04:00,64.41000366210938,64.49949645996094,64.41000366210938,64.49949645996094,0,0.0,0.0,0.0
2024-05-23 10:30:00-04:00,64.48999786376953,64.5,64.46219635009766,64.4800033569336,5185,0.0,0.0,0.0
2024-05-23 11:30:00-04:00,64.48999786376953,64.5,64.43499755859375,64.5,878,0.0,0.0,0.0
2024-05-23 12:30:00-04:00,64.47000122070312,64.47000122070312,64.43000030517578,64.43000030517578,545,0.0,0.0,0.0
2024-05-23 14:30:00-04:00,64.36080169677734,64.36080169677734,64.36080169677734,64.36080169677734,200,0.0,0.0,0.0
2024-05-23 15:30:00-04:00,64.37999725341797,64.44999694824219,64.3550033569336,64.3550033569336,331,0.0,0.0,0.0
2024-05-24 09:30:00-04:00,64.19000244140625,64.19740295410156,64.19000244140625,64.19740295410156,0,0.0,0.0,0.0
2024-05-24 10:30:00-04:00,64.2969970703125,64.5,64.2969970703125,64.5,1791,0.0,0.0,0.0
2024-05-24 12:30:00-04:00,64.5,64.5,64.3949966430664,64.5,567,0.0,0.0,0.0
2024-05-24 13:30:00-04:00,64.45899963378906,64.58000183105469,64.45899963378906,64.51599884033203,2824,0.0,0.0,0.0
2024-05-24 14:30:00-04:00,64.34010314941406,64.34010314941406,64.34010314941406,64.34010314941406,659,0.0,0.0,0.0
2024-05-24 15:30:00-04:00,64.91000366210938,64.91999816894531,64.54000091552734,64.71499633789062,1367,0.0,0.0,0.0
2024-05-28 09:30:00-04:00,64.5,64.69999694824219,64.45670318603516,64.45670318603516,0,0.0,0.0,0.0
2024-05-28 10:30:00-04:00,64.5,64.5,64.48999786376953,64.5,1053,0.0,0.0,0.0
2024-05-28 11:30:00-04:00,64.55000305175781,64.55000305175781,64.50499725341797,64.50499725341797,784,0.0,0.0,0.0
2024-05-28 12:30:00-04:00,64.56999969482422,64.57659912109375,64.56999969482422,64.57659912109375,475,0.0,0.0,0.0
2024-05-28 13:30:00-04:00,64.62999725341797,64.65499877929688,64.58499908447266,64.58499908447266,950,0.0,0.0,0.0
2024-05-28 15:30:00-04:00,64.4800033569336,64.48100280761719,64.4800033569336,64.48100280761719,200,0.0,0.0,0.0
2024-05-29 09:30:00-04:00,64.56999969482422,64.56999969482422,64.56999969482422,64.56999969482422,0,0.0,0.0,0.0
2024-05-29 10:30:00-04:00,64.5199966430664,64.55590057373047,64.41999816894531,64.55590057373047,6573,0.0,0.0,0.0
2024-05-29 11:30:00-04:00,64.52999877929688,64.52999877929688,64.52999877929688,64.52999877929688,561,0.0,0.0,0.0
2024-05-29 12:30:00-04:00,64.41999816894531,64.5,64.41999816894531,64.5,15523,0.0,0.0,0.0
2024-05-29 13:30:00-04:00,64.47000122070312,64.51280212402344,64.47000122070312,64.51280212402344,599,0.0,0.0,0.0
2024-05-29 14:30:00-04:00,64.45999908447266,64.45999908447266,64.45999908447266,64.45999908447266,645,0.0,0.0,0.0
2024-05-29 15:30:00-04:00,64.47000122070312,64.54000091552734,64.44000244140625,64.44499969482422,636,0.0,0.0,0.0
2024-05-30 09:30:00-04:00,64.29000091552734,64.375,64.29000091552734,64.375,0,0.0,0.0,0.0
2024-05-30 11:30:00-04:00,64.44999694824219,64.44999694824219,64.30999755859375,64.37999725341797,1268,0.0,0.0,0.0
2024-05-30 12:30:00-04:00,64.44499969482422,64.4999008178711,64.44499969482422,64.4999008178711,951,0.0,0.0,0.0
2024-05-30 13:30:00-04:00,64.45999908447266,64.45999908447266,64.41999816894531,64.41999816894531,1155,0.0,0.0,0.0
2024-05-30 14:30:00-04:00,64.41310119628906,64.41310119628906,64.36000061035156,64.36000061035156,570,0.0,0.0,0.0
2024-05-30 15:30:00-04:00,64.41000366210938,64.41000366210938,64.41000366210938,64.41000366210938,349,0.0,0.0,0.0
2024-05-31 09:30:00-04:00,64.41000366210938,64.9000015258789,64.41000366210938,64.49620056152344,0,0.0,0.0,0.0
2024-05-31 10:30:00-04:00,64.56999969482422,64.58000183105469,64.54000091552734,64.55999755859375,1542,0.0,0.0,0.0
2024-05-31 11:30:00-04:00,64.45999908447266,64.47139739990234,64.44999694824219,64.47139739990234,614,0.0,0.0,0.0
2024-05-31 12:30:00-04:00,64.54509735107422,64.54509735107422,64.48999786376953,64.48999786376953,900,0.0,0.0,0.0
2024-05-31 14:30:00-04:00,64.52999877929688,64.62000274658203,64.52999877929688,64.62000274658203,794,0.0,0.0,0.0
2024-05-31 15:30:00-04:00,64.62000274658203,64.66000366210938,64.13999938964844,64.55999755859375,4883,0.0,0.0,0.0
2024-06-03 09:30:00-04:00,64.26000213623047,64.4800033569336,64.26000213623047,64.36000061035156,0,0.0,0.0,0.0
2024-06-03 10:30:00-04:00,64.32099914550781,64.32099914550781,64.32099914550781,64.32099914550781,356,0.0,0.0,0.0
2024-06-03 11:30:00-04:00,64.21009826660156,64.41999816894531,64.01000213623047,64.25,11398,0.0,0.0,0.0
2024-06-03 12:30:00-04:00,64.2300033569336,64.2300033569336,64.04000091552734,64.04000091552734,2062,0.0,0.0,0.0
2024-06-03 13:30:00-04:00,64.19000244140625,64.23999786376953,64.19000244140625,64.23999786376953,1429,0.0,0.0,0.0
2024-06-03 14:30:00-04:00,64.15899658203125,64.19999694824219,64.15899658203125,64.19999694824219,757,0.0,0.0,0.0
2024-06-03 15:30:00-04:00,64.18000030517578,64.2300033569336,64.04000091552734,64.05999755859375,2053,0.0,0.0,0.0
2024-06-04 09:30:00-04:00,64.19999694824219,64.98500061035156,64.0999984741211,64.0999984741211,0,0.0,0.0,0.0
2024-06-04 10:30:00-04:00,64.20999908447266,64.26799774169922,64.08000183105469,64.11000061035156,5621,0.0,0.0,0.0
2024-06-04 11:30:00-04:00,64.13999938964844,64.18000030517578,64.12000274658203,64.12000274658203,2766,0.0,0.0,0.0
2024-06-04 15:30:00-04:00,64.0,64.0,63.9900016784668,63.9900016784668,1314,0.0,0.0,0.0
2024-06-05 09:30:00-04:00,64.19999694824219,64.19999694824219,64.17420196533203,64.19999694824219,0,0.0,0.0,0.0
2024-06-05 10:30:00-04:00,64.15499877929688,64.15499877929688,64.0999984741211,64.0999984741211,1612,0.0,0.0,0.0
2024-06-05 11:30:00-04:00,64.16000366210938,64.20999908447266,64.11499786376953,64.20999908447266,982,0.0,0.0,0.0
2024-06-05 12:30:00-04:00,64.20989990234375,64.20989990234375,64.20989990234375,64.20989990234375,168,0.0,0.0,0.0
2024-06-05 13:30:00-04:00,64.20989990234375,64.20989990234375,64.15160369873047,64.15160369873047,550,0.0,0.0,0.0
2024-06-05 14:30:00-04:00,64.125,64.125,64.125,64.125,215,0.0,0.0,0.0
2024-06-05 15:30:00-04:00,64.1500015258789,64.1500015258789,64.12999725341797,64.12999725341797,446,0.0,0.0,0.0
2024-06-06 09:30:00-04:00,64.18499755859375,64.18499755859375,63.90999984741211,64.04920196533203,0,0.0,0.0,0.0
2024-06-06 10:30:00-04:00,64.08989715576172,64.08989715576172,64.08989715576172,64.08989715576172,490,0.0,0.0,0.0
2024-06-06 11:30:00-04:00,64.02469635009766,64.03500366210938,64.02469635009766,64.03500366210938,404,0.0,0.0,0.0
2024-06-06 12:30:00-04:00,64.04000091552734,64.17500305175781,63.91999816894531,64.05500030517578,12367,0.0,0.0,0.0
2024-06-06 13:30:00-04:00,64.05000305175781,64.08999633789062,64.04000091552734,64.04000091552734,2142,0.0,0.0,0.0
2024-06-06 14:30:00-04:00,64.13999938964844,64.13999938964844,64.0250015258789,64.12000274658203,1078,0.0,0.0,0.0
2024-06-06 15:30:00-04:00,64.01000213623047,64.125,63.97999954223633,64.08439636230469,3955,0.0,0.0,0.0
2024-06-07 09:30:00-04:00,64.0,64.30000305175781,64.0,64.06500244140625,0,0.0,0.0,0.0
2024-06-07 10:30:00-04:00,64.19129943847656,64.36000061035156,64.16259765625,64.36000061035156,1071,0.0,0.0,0.0
2024-06-07 11:30:00-04:00,64.06500244140625,64.06500244140625,64.06500244140625,64.06500244140625,139,0.0,0.0,0.0
2024-06-07 12:30:00-04:00,64.33999633789062,64.33999633789062,64.239501953125,64.33999633789062,572,0.0,0.0,0.0
2024-06-07 13:30:00-04:00,64.33000183105469,64.36000061035156,64.33000183105469,64.3499984741211,755,0.0,0.0,0.0
2024-06-07 14:30:00-04:00,64.33000183105469,64.36990356445312,63.760101318359375,63.760101318359375,1069,0.0,0.0,0.0
2024-06-07 15:30:00-04:00,64.36000061035156,64.36000061035156,63.86000061035156,63.86000061035156,519,0.0,0.0,0.0
2024-06-10 09:30:00-04:00,63.970001220703125,64.55000305175781,63.970001220703125,64.37000274658203,0,0.0,0.0,0.0
2024-06-10 10:30:00-04:00,64.3499984741211,64.3499984741211,64.12000274658203,64.23999786376953,544,0.0,0.0,0.0
2024-06-10 11:30:00-04:00,64.19000244140625,64.37999725341797,64.0199966430664,64.04000091552734,4698,0.0,0.0,0.0
2024-06-10 12:30:00-04:00,64.27420043945312,64.27420043945312,64.27420043945312,64.27420043945312,261,0.0,0.0,0.0
2024-06-10 13:30:00-04:00,64.18000030517578,64.18000030517578,64.18000030517578,64.18000030517578,507,0.0,0.0,0.0
2024-06-10 14:30:00-04:00,64.09700012207031,64.30000305175781,64.09700012207031,64.15499877929688,0,0.0,0.0,0.0
2024-06-11 09:30:00-04:00,64.16999816894531,64.16999816894531,64.125,64.12699890136719,1079,0.0,0.0,0.0
2024-06-11 10:30:00-04:00,64.18000030517578,64.29900360107422,64.17990112304688,64.2300033569336,2499,0.0,0.0,0.0
2024-06-11 11:30:00-04:00,64.26499938964844,64.29000091552734,64.26499938964844,64.29000091552734,657,0.0,0.0,0.0
2024-06-11 13:30:00-04:00,64.20999908447266,64.21279907226562,64.19640350341797,64.21279907226562,2084,0.0,0.0,0.0
2024-06-11 14:30:00-04:00,64.19999694824219,64.19999694824219,64.19999694824219,64.19999694824219,288,0.0,0.0,0.0
2024-06-11 15:30:00-04:00,64.19999694824219,64.19999694824219,64.16000366210938,64.16000366210938,490,0.0,0.0,0.0
2024-06-12 09:30:00-04:00,64.31999969482422,64.31999969482422,64.25499725341797,64.25499725341797,0,0.0,0.0,0.0
2024-06-12 10:30:00-04:00,64.31999969482422,64.31999969482422,64.18000030517578,64.23989868164062,7760,0.0,0.0,0.0
2024-06-12 11:30:00-04:00,64.20829772949219,64.20999908447266,64.19960021972656,64.19960021972656,879,0.0,0.0,0.0
2024-06-12 12:30:00-04:00,64.20999908447266,64.22000122070312,64.18000030517578,64.19539642333984,802,0.0,0.0,0.0
2024-06-12 13:30:00-04:00,64.20500183105469,64.20500183105469,64.16000366210938,64.16000366210938,519,0.0,0.0,0.0
2024-06-12 14:30:00-04:00,64.16000366210938,64.28109741210938,64.16000366210938,64.23999786376953,3018,0.0,0.0,0.0
2024-06-12 15:30:00-04:00,64.25,64.25,64.19999694824219,64.19999694824219,0,0.0,0.0,0.0
2024-06-13 10:30:00-04:00,64.16000366210938,64.21839904785156,64.03009796142578,64.125,1070,0.0,0.0,0.0
2024-06-13 12:30:00-04:00,64.0,64.0,64.0,64.0,1112,0.0,0.0,0.0
2024-06-13 14:30:00-04:00,64.02999877929688,64.08000183105469,63.90999984741211,63.959999084472656,3867,0.0,0.0,0.0
2024-06-13 15:30:00-04:00,63.97999954223633,63.97999954223633,63.97999954223633,63.97999954223633,100,0.0,0.0,0.0
2024-06-14 09:30:00-04:00,63.93000030517578,63.93000030517578,63.880001068115234,63.880001068115234,0,0.0,0.0,0.0
2024-06-14 10:30:00-04:00,63.79999923706055,63.849998474121094,63.79999923706055,63.849998474121094,1139,0.0,0.0,0.0
2024-06-14 11:30:00-04:00,63.650001525878906,63.849998474121094,63.0,63.689998626708984,16555,0.0,0.0,0.0
2024-06-14 12:30:00-04:00,63.66999816894531,63.66999816894531,63.66999816894531,63.66999816894531,276,0.0,0.0,0.0
2024-06-14 13:30:00-04:00,63.74660110473633,63.74660110473633,63.650001525878906,63.650001525878906,20306,0.0,0.0,0.0
2024-06-14 14:30:00-04:00,63.66999816894531,63.66999816894531,63.66999816894531,63.66999816894531,536,0.0,0.0,0.0
2024-06-14 15:30:00-04:00,63.64950180053711,63.654998779296875,63.630001068115234,63.630001068115234,732,0.0,0.0,0.0
2024-06-17 09:30:00-04:00,63.630001068115234,63.75210189819336,63.630001068115234,63.75,0,0.0,0.0,0.0
2024-06-17 10:30:00-04:00,63.83000183105469,63.83000183105469,63.72999954223633,63.810001373291016,3170,0.0,0.0,0.0
2024-06-17 11:30:00-04:00,63.84000015258789,63.84000015258789,63.720001220703125,63.779998779296875,2417,0.0,0.0,0.0
2024-06-17 12:30:00-04:00,63.900001525878906,63.900001525878906,63.900001525878906,63.900001525878906,410,0.0,0.0,0.0
2024-06-17 13:30:00-04:00,63.790000915527344,63.790000915527344,63.70000076293945,63.70000076293945,480,0.0,0.0,0.0
2024-06-17 15:30:00-04:00,63.93000030517578,63.93000030517578,63.93000030517578,63.93000030517578,0,0.0,0.0,0.0
2024-06-18 09:30:00-04:00,63.939998626708984,63.970001220703125,63.91999816894531,63.970001220703125,909,0.0,0.0,0.0
2024-06-18 10:30:00-04:00,63.946998596191406,63.946998596191406,63.7599983215332,63.7599983215332,2754,0.0,0.0,0.0
2024-06-18 11:30:00-04:00,63.900001525878906,63.900001525878906,63.900001525878906,63.900001525878906,312,0.0,0.0,0.0
2024-06-18 12:30:00-04:00,63.85319900512695,63.85319900512695,63.84000015258789,63.84000015258789,766,0.0,0.0,0.0
2024-06-18 14:30:00-04:00,63.86399841308594,63.86399841308594,63.84980010986328,63.84980010986328,105,0.0,0.0,0.0
2024-06-20 09:30:00-04:00,63.9900016784668,63.9900016784668,63.97999954223633,63.97999954223633,0,0.0,0.0,0.0
2024-06-20 10:30:00-04:00,63.900001525878906,63.900001525878906,63.880001068115234,63.880001068115234,1059,0.0,0.0,0.0
2024-06-20 12:30:00-04:00,63.900001525878906,63.900001525878906,63.866600036621094,63.866600036621094,1123,0.0,0.0,0.0
2024-06-20 13:30:00-04:00,63.880001068115234,63.880001068115234,63.880001068115234,63.880001068115234,164,0.0,0.0,0.0
2024-06-20 14:30:00-04:00,63.86800003051758,63.93980026245117,63.86800003051758,63.93980026245117,2109,0.0,0.0,0.0
2024-06-20 15:30:00-04:00,63.92499923706055,63.92499923706055,63.92499923706055,63.92499923706055,0,0.0,0.0,0.0
2024-06-21 09:30:00-04:00,63.236000061035156,64.4000015258789,61.4900016784668,63.959999084472656,1327,0.0,0.0,0.0
2024-06-21 10:30:00-04:00,63.79999923706055,63.79999923706055,63.79999923706055,63.79999923706055,635,0.0,0.0,0.0
2024-06-21 11:30:00-04:00,63.98500061035156,64.0,63.83000183105469,63.84000015258789,1602,0.0,0.0,0.0
2024-06-21 13:30:00-04:00,63.820499420166016,63.820499420166016,63.820499420166016,63.820499420166016,231,0.0,0.0,0.0
2024-06-21 14:30:00-04:00,63.849998474121094,63.849998474121094,63.849998474121094,63.849998474121094,161,0.0,0.0,0.0
2024-06-21 15:30:00-04:00,63.92499923706055,63.92499923706055,63.92499923706055,63.92499923706055,270,0.0,0.0,0.0
2024-06-24 09:30:00-04:00,64.16000366210938,64.16000366210938,63.0,63.310001373291016,0,0.0,0.0,0.0
2024-06-24 10:30:00-04:00,63.900001525878906,64.2300033569336,63.900001525878906,64.19999694824219,1051,0.0,0.0,0.0
2024-06-24 11:30:00-04:00,64.23999786376953,64.23999786376953,64.23999786376953,64.23999786376953,366,0.0,0.0,0.0
2024-06-24 12:30:00-04:00,64.12999725341797,64.12999725341797,64.12999725341797,64.12999725341797,398,0.0,0.0,0.0
2024-06-24 13:30:00-04:00,64.13990020751953,64.13990020751953,64.13990020751953,64.13990020751953,166,0.0,0.0,0.0
2024-06-24 14:30:00-04:00,64.0999984741211,64.0999984741211,64.02999877929688,64.068603515625,908,0.0,0.0,0.0
2024-06-24 15:30:00-04:00,64.08999633789062,64.1281967163086,64.04000091552734,64.07499694824219,0,0.0,0.0,0.0
2024-06-25 10:30:00-04:00,64.12999725341797,64.12999725341797,64.11000061035156,64.12000274658203,1658,0.0,0.0,0.0
2024-06-25 11:30:00-04:00,64.1500015258789,64.1500015258789,64.0779037475586,64.0779037475586,601,0.0,0.0,0.0
2024-06-25 12:30:00-04:00,64.16999816894531,64.16999816894531,64.02469635009766,64.02469635009766,467,0.0,0.0,0.0
2024-06-25 13:30:00-04:00,64.04499816894531,64.04499816894531,63.997501373291016,63.997501373291016,855,0.0,0.0,0.0
2024-06-25 14:30:00-04:00,63.95000076293945,64.06999969482422,63.95000076293945,64.06999969482422,0,0.0,0.0,0.0
2024-06-26 09:30:00-04:00,63.970001220703125,64.10199737548828,63.970001220703125,64.10199737548828,724,0.0,0.0,0.0
2024-06-26 10:30:00-04:00,64.17990112304688,64.20999908447266,63.970001220703125,64.08999633789062,4820,0.0,0.0,0.0
2024-06-26 13:30:00-04:00,64.0999984741211,64.0999984741211,64.0999984741211,64.0999984741211,661,0.0,0.0,0.0
2024-06-26 15:30:00-04:00,64.02649688720703,64.0802001953125,64.02649688720703,64.0802001953125,100,0.0,0.0,0.0
2024-06-27 09:30:00-04:00,64.23999786376953,64.23999786376953,64.23999786376953,64.23999786376953,0,0.0,0.0,0.0
2024-06-27 10:30:00-04:00,64.11799621582031,64.11799621582031,64.08000183105469,64.08000183105469,2947,0.0,0.0,0.0
2024-06-27 11:30:00-04:00,64.05470275878906,64.11000061035156,64.05470275878906,64.0999984741211,635,0.0,0.0,0.0
2024-06-27 13:30:00-04:00,64.0999984741211,64.0999984741211,64.0343017578125,64.08999633789062,2525,0.0,0.0,0.0
2024-06-27 14:30:00-04:00,64.01000213623047,64.0999984741211,64.00969696044922,64.00990295410156,1625,0.0,0.0,0.0
2024-06-27 15:30:00-04:00,64.04000091552734,64.04509735107422,64.04000091552734,64.04509735107422,0,0.0,0.0,0.0
2024-06-28 09:30:00-04:00,63.86009979248047,64.12020111083984,63.86009979248047,64.12020111083984,15782,0.0,0.0,0.0
2024-06-28 10:30:00-04:00,64.19499969482422,64.26000213623047,64.19499969482422,64.26000213623047,1483,0.0,0.0,0.0
2024-06-28 11:30:00-04:00,64.26000213623047,64.2699966430664,64.25,64.25,865,0.0,0.0,0.0
2024-06-28 12:30:00-04:00,64.16000366210938,64.18000030517578,64.12999725341797,64.12999725341797,5736,0.0,0.0,0.0
2024-06-28 14:30:00-04:00,64.08999633789062,64.15010070800781,64.08999633789062,64.1500015258789,630,0.0,0.0,0.0
2024-06-28 15:30:00-04:00,64.1500015258789,64.1500015258789,64.11000061035156,64.13500213623047,2426,0.0,0.0,0.0
2024-07-01 10:30:00-04:00,63.95000076293945,64.04969787597656,63.90999984741211,63.910099029541016,3060,0.0,0.0,0.0
2024-07-01 11:30:00-04:00,64.00460052490234,64.00460052490234,64.0,64.0,1330,0.0,0.0,0.0
2024-07-01 12:30:00-04:00,63.86000061035156,63.97010040283203,63.86000061035156,63.87009811401367,1052,0.0,0.0,0.0
2024-07-01 13:30:00-04:00,63.880001068115234,63.974998474121094,63.869998931884766,63.974998474121094,1824,0.0,0.0,0.0
2024-07-01 14:30:00-04:00,63.91999816894531,63.91999816894531,63.84000015258789,63.849998474121094,924,0.0,0.0,0.0
2024-07-01 15:30:00-04:00,63.869998931884766,63.869998931884766,63.844398498535156,63.844398498535156,349,0.0,0.0,0.0
2024-07-02 09:30:00-04:00,63.529998779296875,63.529998779296875,63.529998779296875,63.529998779296875,0,0.0,0.0,0.0
2024-07-02 10:30:00-04:00,63.917999267578125,63.917999267578125,63.88999938964844,63.89189910888672,1368,0.0,0.0,0.0
2024-07-02 11:30:00-04:00,63.875,63.875,63.875,63.875,642,0.0,0.0,0.0
2024-07-02 13:30:00-04:00,63.779998779296875,63.869998931884766,63.7599983215332,63.77000045776367,2161,0.0,0.0,0.0
2024-07-02 14:30:00-04:00,63.87139892578125,63.87139892578125,63.87139892578125,63.87139892578125,512,0.0,0.0,0.0
2024-07-02 15:30:00-04:00,63.84189987182617,63.86000061035156,63.84189987182617,63.86000061035156,0,0.0,0.0,0.0
2024-07-03 09:30:00-04:00,63.88309860229492,63.88309860229492,63.724998474121094,63.724998474121094,1048,0.0,0.0,0.0
2024-07-03 10:30:00-04:00,63.81999969482422,63.84000015258789,63.81079864501953,63.84000015258789,1484,0.0,0.0,0.0
2024-07-03 11:30:00-04:00,63.849998474121094,63.86000061035156,63.849998474121094,63.86000061035156,1009,0.0,0.0,0.0
2024-07-03 12:30:00-04:00,63.91999816894531,63.91999816894531,63.91999816894531,63.91999816894531,0,0.0,0.0,0.0
2024-07-05 10:30:00-04:00,63.810001373291016,63.90999984741211,63.80500030517578,63.880001068115234,9279,0.0,0.0,0.0
2024-07-05 11:30:00-04:00,63.900001525878906,63.91999816894531,63.81999969482422,63.85530090332031,1466,0.0,0.0,0.0
2024-07-05 12:30:00-04:00,63.88999938964844,63.88999938964844,63.834999084472656,63.834999084472656,513,0.0,0.0,0.0
2024-07-05 13:30:00-04:00,63.8135986328125,63.8135986328125,63.80099868774414,63.80099868774414,541,0.0,0.0,0.0
2024-07-05 14:30:00-04:00,63.900001525878906,63.97999954223633,63.810001373291016,63.810001373291016,2600,0.0,0.0,0.0
2024-07-05 15:30:00-04:00,64.0,64.05000305175781,63.849998474121094,63.95500183105469,1850,0.0,0.0,0.0
2024-07-08 09:30:00-04:00,63.849998474121094,64.01000213623047,63.849998474121094,63.99850082397461,0,0.0,0.0,0.0
2024-07-08 10:30:00-04:00,64.08000183105469,64.08989715576172,64.08000183105469,64.08989715576172,1414,0.0,0.0,0.0
2024-07-08 11:30:00-04:00,64.08999633789062,64.08999633789062,64.04000091552734,64.06999969482422,2909,0.0,0.0,0.0
2024-07-08 12:30:00-04:00,64.01000213623047,64.01000213623047,64.01000213623047,64.01000213623047,102,0.0,0.0,0.0
2024-07-08 13:30:00-04:00,64.05999755859375,64.06999969482422,64.04170227050781,64.04170227050781,564,0.0,0.0,0.0
2024-07-08 14:30:00-04:00,64.05999755859375,64.06999969482422,64.05999755859375,64.06999969482422,425,0.0,0.0,0.0
2024-07-08 15:30:00-04:00,64.01499938964844,64.01499938964844,63.95000076293945,64.01499938964844,0,0.0,0.0,0.0
2024-07-09 09:30:00-04:00,64.04000091552734,64.13999938964844,64.04000091552734,64.04000091552734,4119,0.0,0.0,0.0
2024-07-09 10:30:00-04:00,64.02200317382812,64.16000366210938,64.02200317382812,64.16000366210938,947,0.0,0.0,0.0
2024-07-09 12:30:00-04:00,63.9911994934082,63.9911994934082,63.810001373291016,63.810001373291016,1287,0.0,0.0,0.0
2024-07-09 13:30:00-04:00,64.10690307617188,64.10690307617188,63.95500183105469,63.95500183105469,1377,0.0,0.0,0.0
2024-07-09 15:30:00-04:00,63.92399978637695,63.9921989440918,63.92399978637695,63.95500183105469,787,0.0,0.0,0.0
2024-07-10 09:30:00-04:00,64.48999786376953,65.41999816894531,64.125,64.27989959716797,0,0.0,0.0,0.0
2024-07-10 10:30:00-04:00,64.0999984741211,64.0999984741211,64.0,64.0,1210,0.0,0.0,0.0
2024-07-10 11:30:00-04:00,64.00199890136719,64.01000213623047,64.0,64.01000213623047,1771,0.0,0.0,0.0
2024-07-10 14:30:00-04:00,64.1050033569336,64.1050033569336,64.1050033569336,64.1050033569336,642,0.0,0.0,0.0
2024-07-10 15:30:00-04:00,64.05879974365234,64.13289642333984,64.05879974365234,64.13289642333984,0,0.0,0.0,0.0
2024-07-11 09:30:00-04:00,64.12000274658203,64.12000274658203,64.12000274658203,64.12000274658203,660,0.0,0.0,0.0
2024-07-11 11:30:00-04:00,64.0999984741211,64.0999984741211,64.0999984741211,64.0999984741211,471,0.0,0.0,0.0
2024-07-11 12:30:00-04:00,64.0,64.02369689941406,63.90129852294922,63.90129852294922,932,0.0,0.0,0.0
2024-07-11 15:30:00-04:00,63.994300842285156,64.05000305175781,63.994300842285156,64.0250015258789,0,0.0,0.0,0.0
2024-07-12 09:30:00-04:00,63.90999984741211,64.11000061035156,63.90999984741211,64.11000061035156,843,0.0,0.0,0.0
2024-07-12 10:30:00-04:00,64.11000061035156,64.11000061035156,64.11000061035156,64.11000061035156,506,0.0,0.0,0.0
2024-07-12 11:30:00-04:00,63.90010070800781,63.90010070800781,63.90010070800781,63.90010070800781,327,0.0,0.0,0.0
2024-07-12 12:30:00-04:00,64.19000244140625,64.19000244140625,64.11000061035156,64.11000061035156,531,0.0,0.0,0.0
2024-07-12 13:30:00-04:00,64.07499694824219,64.08999633789062,64.07499694824219,64.08999633789062,331,0.0,0.0,0.0
2024-07-12 14:30:00-04:00,64.01000213623047,64.1500015258789,64.0000991821289,64.1323013305664,22757,0.0,0.0,0.0
2024-07-12 15:30:00-04:00,64.13999938964844,64.16000366210938,64.13999938964844,64.16000366210938,918,0.0,0.0,0.0
2024-07-15 09:30:00-04:00,64.48989868164062,64.48989868164062,64.30000305175781,64.30000305175781,0,0.0,0.0,0.0
2024-07-15 10:30:00-04:00,64.31999969482422,64.3499984741211,64.31999969482422,64.3499984741211,1016,0.0,0.0,0.0
2024-07-15 11:30:00-04:00,64.34989929199219,64.34989929199219,64.34989929199219,64.34989929199219,671,0.0,0.0,0.0
2024-07-15 12:30:00-04:00,64.54989624023438,64.54989624023438,64.25,64.29000091552734,10764,0.0,0.0,0.0
2024-07-15 13:30:00-04:00,64.16000366210938,64.19200134277344,64.01000213623047,64.16999816894531,2566,0.0,0.0,0.0
2024-07-15 14:30:00-04:00,64.16999816894531,64.25,64.14900207519531,64.25,854,0.0,0.0,0.0
2024-07-16 09:30:00-04:00,64.41999816894531,64.44999694824219,64.40779876708984,64.40779876708984,0,0.0,0.0,0.0
2024-07-16 10:30:00-04:00,64.42500305175781,64.42500305175781,64.42500305175781,64.42500305175781,618,0.0,0.0,0.0
2024-07-16 11:30:00-04:00,64.43000030517578,64.43000030517578,64.43000030517578,64.43000030517578,546,0.0,0.0,0.0
2024-07-16 12:30:00-04:00,64.3499984741211,64.3499984741211,64.3499984741211,64.3499984741211,3752,0.0,0.0,0.0
2024-07-16 13:30:00-04:00,64.3499984741211,64.3499984741211,64.3499984741211,64.3499984741211,274,0.0,0.0,0.0
2024-07-16 14:30:00-04:00,64.3499984741211,64.3499984741211,64.3499984741211,64.3499984741211,1235,0.0,0.0,0.0
2024-07-16 15:30:00-04:00,64.33589935302734,64.447998046875,64.26000213623047,64.26000213623047,1310,0.0,0.0,0.0
2024-07-17 09:30:00-04:00,64.51000213623047,64.51000213623047,64.31500244140625,64.31500244140625,0,0.0,0.0,0.0
2024-07-17 10:30:00-04:00,64.34100341796875,64.37989807128906,64.34100341796875,64.37989807128906,464,0.0,0.0,0.0
2024-07-17 11:30:00-04:00,64.37999725341797,64.37999725341797,64.25,64.25,573,0.0,0.0,0.0
2024-07-17 14:30:00-04:00,64.43990325927734,64.43990325927734,64.34500122070312,64.41500091552734,2597,0.0,0.0,0.0
2024-07-17 15:30:00-04:00,64.34500122070312,64.36000061035156,64.34500122070312,64.36000061035156,250,0.0,0.0,0.0
2024-07-18 09:30:00-04:00,64.69000244140625,64.69000244140625,64.4800033569336,64.52989959716797,0,0.0,0.0,0.0
2024-07-18 10:30:00-04:00,64.30999755859375,64.30999755859375,64.30999755859375,64.30999755859375,1244,0.0,0.0,0.0
2024-07-18 11:30:00-04:00,64.30999755859375,64.3499984741211,64.30000305175781,64.3499984741211,5790,0.0,0.0,0.0
2024-07-18 12:30:00-04:00,64.30999755859375,64.42500305175781,64.2699966430664,64.42500305175781,2405,0.0,0.0,0.0
2024-07-18 13:30:00-04:00,64.37020111083984,64.393798828125,64.37020111083984,64.393798828125,500,0.0,0.0,0.0
2024-07-18 14:30:00-04:00,64.41739654541016,64.41739654541016,64.41739654541016,64.41739654541016,461,0.0,0.0,0.0
2024-07-18 15:30:00-04:00,64.47000122070312,64.47000122070312,64.38999938964844,64.38999938964844,0,0.0,0.0,0.0
2024-07-19 12:30:00-04:00,64.38300323486328,64.43000030517578,64.38300323486328,64.43000030517578,512,0.0,0.0,0.0
2024-07-19 13:30:00-04:00,64.37129974365234,64.44000244140625,64.37039947509766,64.37039947509766,1209,0.0,0.0,0.0
2024-07-19 14:30:00-04:00,64.41000366210938,64.41999816894531,64.37000274658203,64.4000015258789,2817,0.0,0.0,0.0
2024-07-19 15:30:00-04:00,64.41110229492188,64.41110229492188,64.37000274658203,64.37000274658203,787,0.0,0.0,0.0
2024-07-22 09:30:00-04:00,64.55000305175781,64.5999984741211,64.52999877929688,64.5999984741211,0,0.0,0.0,0.0
2024-07-22 10:30:00-04:00,64.63200378417969,64.66999816894531,64.44999694824219,64.66999816894531,1137,0.0,0.0,0.0
2024-07-22 11:30:00-04:00,64.5999984741211,64.61060333251953,64.5999984741211,64.61060333251953,919,0.0,0.0,0.0
2024-07-22 12:30:00-04:00,64.66999816894531,64.66999816894531,64.65080261230469,64.65080261230469,920,0.0,0.0,0.0
2024-07-22 13:30:00-04:00,64.68000030517578,64.68250274658203,64.68000030517578,64.68000030517578,1209,0.0,0.0,0.0
2024-07-22 14:30:00-04:00,64.71199798583984,64.73999786376953,64.69999694824219,64.7208023071289,1360,0.0,0.0,0.0
2024-07-22 15:30:00-04:00,64.77999877929688,64.77999877929688,64.69999694824219,64.76499938964844,0,0.0,0.0,0.0
2024-07-23 09:30:00-04:00,64.4000015258789,64.54889678955078,64.4000015258789,64.54889678955078,860,0.0,0.0,0.0
2024-07-23 10:30:00-04:00,64.76000213623047,64.76000213623047,64.76000213623047,64.76000213623047,1260,0.0,0.0,0.0
2024-07-23 11:30:00-04:00,64.4000015258789,64.4000015258789,64.4000015258789,64.4000015258789,7167,0.0,0.0,0.0
2024-07-23 12:30:00-04:00,64.5250015258789,64.5250015258789,64.5250015258789,64.5250015258789,721,0.0,0.0,0.0
2024-07-23 13:30:00-04:00,64.79000091552734,64.79000091552734,64.2500991821289,64.5386962890625,1768,0.0,0.0,0.0
2024-07-23 14:30:00-04:00,64.83000183105469,64.83000183105469,64.55500030517578,64.55500030517578,1029,0.0,0.0,0.0
2024-07-24 09:30:00-04:00,64.9000015258789,65.69999694824219,64.5,64.5,0,0.0,0.0,0.0
2024-07-24 10:30:00-04:00,64.55000305175781,64.67990112304688,64.52999877929688,64.56999969482422,13230,0.0,0.0,0.0
2024-07-24 12:30:00-04:00,66.56759643554688,66.56759643554688,66.56759643554688,66.56759643554688,605,0.0,0.0,0.0
2024-07-24 13:30:00-04:00,64.70999908447266,64.70999908447266,64.5999984741211,64.70999908447266,0,0.0,0.0,0.0
2024-07-24 14:30:00-04:00,64.78810119628906,64.78810119628906,64.5999984741211,64.62000274658203,18043,0.0,0.0,0.0
2024-07-24 15:30:00-04:00,64.5999984741211,64.66000366210938,64.55000305175781,64.66000366210938,0,0.0,0.0,0.0
2024-07-25 09:30:00-04:00,64.93000030517578,64.93000030517578,64.44000244140625,64.44000244140625,4331,0.0,0.0,0.0
2024-07-25 10:30:00-04:00,64.4800033569336,64.4800033569336,64.45999908447266,64.46649932861328,988,0.0,0.0,0.0
2024-07-25 11:30:00-04:00,64.43499755859375,64.55999755859375,64.42500305175781,64.44190216064453,2825,0.0,0.0,0.0
2024-07-25 12:30:00-04:00,64.45999908447266,65.16000366210938,64.45999908447266,65.16000366210938,3089,0.0,0.0,0.0
2024-07-25 13:30:00-04:00,65.17500305175781,65.19000244140625,64.55000305175781,64.55000305175781,520,0.0,0.0,0.0
2024-07-25 14:30:00-04:00,64.53800201416016,64.5999984741211,64.41999816894531,64.41999816894531,1492,0.0,0.0,0.0
2024-07-25 15:30:00-04:00,64.58000183105469,64.58000183105469,64.5199966430664,64.5199966430664,0,0.0,0.0,0.0
2024-07-26 09:30:00-04:00,65.19499969482422,65.19499969482422,65.19499969482422,65.19499969482422,161,0.0,0.0,0.0
2024-07-26 10:30:00-04:00,64.44999694824219,64.69000244140625,64.44999694824219,64.69000244140625,3004,0.0,0.0,0.0
2024-07-26 11:30:00-04:00,64.56189727783203,64.56189727783203,64.56189727783203,64.56189727783203,215,0.0,0.0,0.0
2024-07-26 12:30:00-04:00,64.69000244140625,64.69000244140625,64.44999694824219,64.4749984741211,1063,0.0,0.0,0.0
2024-07-26 13:30:00-04:00,64.69000244140625,64.69000244140625,64.69000244140625,64.69000244140625,1175,0.0,0.0,0.0
2024-07-26 14:30:00-04:00,64.69000244140625,64.70999908447266,64.5740966796875,64.70999908447266,2558,0.0,0.0,0.0
2024-07-26 15:30:00-04:00,64.57499694824219,64.57499694824219,64.57499694824219,64.57499694824219,236,0.0,0.0,0.0
2024-07-29 09:30:00-04:00,64.43000030517578,64.44000244140625,64.43000030517578,64.44000244140625,0,0.0,0.0,0.0
2024-07-29 10:30:00-04:00,64.45269775390625,64.45269775390625,64.45269775390625,64.45269775390625,406,0.0,0.0,0.0
2024-07-29 11:30:00-04:00,64.48999786376953,64.5,64.41999816894531,64.42500305175781,4619,0.0,0.0,0.0
2024-07-29 13:30:00-04:00,64.3499984741211,64.3499984741211,64.3499984741211,64.3499984741211,586,0.0,0.0,0.0
2024-07-29 14:30:00-04:00,64.41999816894531,64.41999816894531,64.41500091552734,64.41500091552734,546,0.0,0.0,0.0
2024-07-29 15:30:00-04:00,64.41500091552734,64.42019653320312,64.41500091552734,64.42019653320312,175,0.0,0.0,0.0
2024-07-30 09:30:00-04:00,64.25,64.47000122070312,64.25,64.39540100097656,0,0.0,0.0,0.0
2024-07-30 10:30:00-04:00,64.4000015258789,64.48999786376953,64.31999969482422,64.40799713134766,8023,0.0,0.0,0.0
2024-07-30 11:30:00-04:00,64.45709991455078,64.45709991455078,64.45709991455078,64.45709991455078,180,0.0,0.0,0.0
2024-07-30 12:30:00-04:00,64.38500213623047,64.38500213623047,64.31999969482422,64.3499984741211,957,0.0,0.0,0.0
2024-07-30 13:30:00-04:00,64.3947982788086,64.45999908447266,64.3550033569336,64.3550033569336,1173,0.0,0.0,0.0
2024-07-30 14:30:00-04:00,64.37249755859375,64.37249755859375,64.3550033569336,64.35530090332031,450,0.0,0.0,0.0
2024-07-31 09:30:00-04:00,64.45999908447266,64.45999908447266,64.45999908447266,64.45999908447266,0,0.0,0.0,0.0
2024-07-31 10:30:00-04:00,64.36000061035156,64.45860290527344,64.29000091552734,64.45860290527344,1190,0.0,0.0,0.0
2024-07-31 12:30:00-04:00,64.43560028076172,64.43560028076172,64.33999633789062,64.33999633789062,1762,0.0,0.0,0.0
2024-07-31 13:30:00-04:00,65.16500091552734,65.16500091552734,64.25,64.37000274658203,2362,0.0,0.0,0.0
2024-07-31 14:30:00-04:00,64.46499633789062,64.46499633789062,64.46499633789062,64.46499633789062,178,0.0,0.0,0.0
2024-07-31 15:30:00-04:00,64.4000015258789,64.4000015258789,64.4000015258789,64.4000015258789,954,0.0,0.0,0.0
2024-08-01 09:30:00-04:00,63.880001068115234,63.93220138549805,63.7599983215332,63.88010025024414,0,0.0,0.0,0.0
2024-08-01 10:30:00-04:00,63.900001525878906,63.900001525878906,63.900001525878906,63.900001525878906,826,0.0,0.0,0.0
2024-08-01 11:30:00-04:00,63.810001373291016,63.810001373291016,63.790000915527344,63.790000915527344,483,0.0,0.0,0.0
2024-08-01 13:30:00-04:00,63.709999084472656,63.7400016784668,63.63999938964844,63.7400016784668,4472,0.0,0.0,0.0
2024-08-01 14:30:00-04:00,63.709999084472656,63.724998474121094,63.709999084472656,63.724998474121094,589,0.0,0.0,0.0
2024-08-02 09:30:00-04:00,63.130001068115234,63.193599700927734,63.034000396728516,63.034000396728516,1019,0.0,0.0,0.0
2024-08-02 10:30:00-04:00,63.029998779296875,63.07500076293945,62.91999816894531,62.97999954223633,1170,0.0,0.0,0.0
2024-08-02 11:30:00-04:00,62.97999954223633,62.97999954223633,62.880001068115234,62.880001068115234,2067,0.0,0.0,0.0
2024-08-02 12:30:00-04:00,62.91999816894531,62.952701568603516,62.850101470947266,62.850101470947266,3988,0.0,0.0,0.0
2024-08-02 13:30:00-04:00,62.91849899291992,62.91849899291992,62.849998474121094,62.900001525878906,3105,0.0,0.0,0.0
2024-08-02 14:30:00-04:00,62.8760986328125,62.8760986328125,62.7599983215332,62.82500076293945,1050,0.0,0.0,0.0
2024-08-02 15:30:00-04:00,62.88999938964844,62.900001525878906,62.88999938964844,62.89500045776367,1689,0.0,0.0,0.0
2024-08-05 09:30:00-04:00,62.400001525878906,62.400001525878906,61.790000915527344,62.310001373291016,10559,0.0,0.0,0.0
2024-08-05 10:30:00-04:00,62.13999938964844,62.242698669433594,62.13999938964844,62.13999938964844,1624,0.0,0.0,0.0
2024-08-05 11:30:00-04:00,62.36000061035156,62.380001068115234,62.36000061035156,62.380001068115234,483,0.0,0.0,0.0
2024-08-05 12:30:00-04:00,62.400001525878906,62.400001525878906,62.25,62.25,1433,0.0,0.0,0.0
2024-08-05 13:30:00-04:00,62.29499816894531,62.29499816894531,62.28499984741211,62.28499984741211,280,0.0,0.0,0.0
2024-08-05 14:30:00-04:00,62.275001525878906,62.275001525878906,62.116600036621094,62.22999954223633,1502,0.0,0.0,0.0
2024-08-05 15:30:00-04:00,62.13999938964844,62.349998474121094,62.13999938964844,62.349998474121094,610,0.0,0.0,0.0
2024-08-06 09:30:00-04:00,62.34000015258789,62.689998626708984,62.34000015258789,62.689998626708984,0,0.0,0.0,0.0
2024-08-06 10:30:00-04:00,62.79499816894531,62.89799880981445,62.79499816894531,62.89799880981445,1607,0.0,0.0,0.0
2024-08-06 11:30:00-04:00,62.95000076293945,62.970001220703125,62.85499954223633,62.970001220703125,1194,0.0,0.0,0.0
2024-08-06 12:30:00-04:00,62.970001220703125,63.220001220703125,62.970001220703125,63.220001220703125,10374,0.0,0.0,0.0
2024-08-06 13:30:00-04:00,63.32400131225586,63.32400131225586,63.279998779296875,63.279998779296875,494,0.0,0.0,0.0
2024-08-06 15:30:00-04:00,63.189998626708984,63.189998626708984,63.119998931884766,63.119998931884766,19139,0.0,0.0,0.0
2024-08-07 09:30:00-04:00,63.369998931884766,63.599998474121094,63.369998931884766,63.5260009765625,0,0.0,0.0,0.0
2024-08-07 10:30:00-04:00,63.61000061035156,63.650001525878906,63.61000061035156,63.650001525878906,2447,0.0,0.0,0.0
2024-08-07 11:30:00-04:00,63.584999084472656,63.584999084472656,63.5099983215332,63.584999084472656,653,0.0,0.0,0.0
2024-08-07 12:30:00-04:00,63.5,63.5099983215332,63.5,63.5099983215332,679,0.0,0.0,0.0
2024-08-07 13:30:00-04:00,63.33000183105469,63.33000183105469,63.33000183105469,63.33000183105469,503,0.0,0.0,0.0
2024-08-07 15:30:00-04:00,63.31999969482422,63.31999969482422,63.31999969482422,63.31999969482422,501,0.0,0.0,0.0
2024-08-08 09:30:00-04:00,63.56999969482422,63.56999969482422,63.03499984741211,63.5,0,0.0,0.0,0.0
2024-08-08 10:30:00-04:00,63.43790054321289,63.5,63.43790054321289,63.5,378,0.0,0.0,0.0
2024-08-08 11:30:00-04:00,63.42499923706055,63.42499923706055,63.42499923706055,63.42499923706055,330,0.0,0.0,0.0
2024-08-08 12:30:00-04:00,63.42499923706055,63.59000015258789,63.42499923706055,63.56999969482422,3028,0.0,0.0,0.0
2024-08-08 13:30:00-04:00,63.599998474121094,63.599998474121094,63.5,63.5,1375,0.0,0.0,0.0
2024-08-08 14:30:00-04:00,63.48500061035156,63.48500061035156,63.47990036010742,63.47990036010742,0,0.0,0.0,0.0
2024-08-09 09:30:00-04:00,63.404998779296875,63.404998779296875,63.404998779296875,63.404998779296875,380,0.0,0.0,0.0
2024-08-09 10:30:00-04:00,63.38999938964844,63.38999938964844,63.349998474121094,63.349998474121094,622,0.0,0.0,0.0
2024-08-09 11:30:00-04:00,63.300498962402344,63.34270095825195,63.300498962402344,63.34270095825195,1117,0.0,0.0,0.0
2024-08-09 12:30:00-04:00,63.3224983215332,63.3224983215332,63.3224983215332,63.3224983215332,503,0.0,0.0,0.0
2024-08-09 13:30:00-04:00,63.33000183105469,63.33000183105469,63.31999969482422,63.33000183105469,952,0.0,0.0,0.0
2024-08-09 14:30:00-04:00,63.42499923706055,63.42499923706055,63.42499923706055,63.42499923706055,669,0.0,0.0,0.0
2024-08-09 15:30:00-04:00,63.41059875488281,63.415000915527344,63.41059875488281,63.415000915527344,300,0.0,0.0,0.0
2024-08-12 09:30:00-04:00,63.38999938964844,63.549598693847656,63.349998474121094,63.445098876953125,0,0.0,0.0,0.0
2024-08-12 10:30:00-04:00,63.369998931884766,63.369998931884766,63.36000061035156,63.36000061035156,291,0.0,0.0,0.0
2024-08-12 11:30:00-04:00,63.435001373291016,63.435001373291016,63.435001373291016,63.435001373291016,1623,0.0,0.0,0.0
2024-08-12 13:30:00-04:00,63.279998779296875,63.279998779296875,63.27000045776367,63.27000045776367,555,0.0,0.0,0.0
2024-08-12 14:30:00-04:00,63.279998779296875,63.29819869995117,63.27000045776367,63.29819869995117,756,0.0,0.0,0.0
2024-08-12 15:30:00-04:00,63.27000045776367,63.29999923706055,63.189998626708984,63.189998626708984,6545,0.0,0.0,0.0
2024-08-13 09:30:00-04:00,63.029998779296875,63.47999954223633,62.55500030517578,63.47990036010742,126,0.0,0.0,0.0
2024-08-13 10:30:00-04:00,63.39310073852539,63.39310073852539,63.29999923706055,63.29999923706055,1220,0.0,0.0,0.0
2024-08-13 11:30:00-04:00,63.290000915527344,63.43149948120117,63.290000915527344,63.29999923706055,1811,0.0,0.0,0.0
2024-08-13 12:30:00-04:00,63.33209991455078,63.33209991455078,63.27000045776367,63.27000045776367,1630,0.0,0.0,0.0
2024-08-13 13:30:00-04:00,63.27399826049805,63.349998474121094,61.7599983215332,63.27000045776367,20691,0.0,0.0,0.0
2024-08-13 14:30:00-04:00,63.209999084472656,63.224998474121094,63.130001068115234,63.224998474121094,967,0.0,0.0,0.0
2024-08-13 15:30:00-04:00,63.34989929199219,63.38999938964844,63.100101470947266,63.36000061035156,22919,0.0,0.0,0.0
2024-08-14 09:30:00-04:00,63.599998474121094,63.599998474121094,63.349998474121094,63.349998474121094,0,0.0,0.0,0.0
2024-08-14 10:30:00-04:00,63.43000030517578,63.43000030517578,63.3650016784668,63.3650016784668,1310,0.0,0.0,0.0
2024-08-14 11:30:00-04:00,63.35089874267578,63.54999923706055,63.35089874267578,63.46500015258789,3608,0.0,0.0,0.0
2024-08-14 12:30:00-04:00,63.470001220703125,63.54499816894531,63.470001220703125,63.54499816894531,400,0.0,0.0,0.0
2024-08-14 14:30:00-04:00,63.61000061035156,63.61000061035156,63.5,63.5,348,0.0,0.0,0.0
2024-08-14 15:30:00-04:00,63.43000030517578,63.61000061035156,63.43000030517578,63.540000915527344,4170,0.0,0.0,0.0
2024-08-15 09:30:00-04:00,63.9900016784668,63.9900016784668,63.779998779296875,63.86360168457031,1354,0.0,0.0,0.0
2024-08-15 10:30:00-04:00,63.93000030517578,63.970001220703125,63.93000030517578,63.970001220703125,2813,0.0,0.0,0.0
2024-08-15 11:30:00-04:00,63.8849983215332,63.8849983215332,63.8849983215332,63.8849983215332,913,0.0,0.0,0.0
2024-08-15 12:30:00-04:00,63.81010055541992,63.81010055541992,63.81010055541992,63.81010055541992,198,0.0,0.0,0.0
2024-08-15 13:30:00-04:00,63.91999816894531,64.0,63.91999816894531,64.0,628,0.0,0.0,0.0
2024-08-15 14:30:00-04:00,63.904998779296875,63.9193000793457,63.810001373291016,63.9193000793457,1076,0.0,0.0,0.0
2024-08-15 15:30:00-04:00,63.81999969482422,63.999900817871094,63.810001373291016,63.999900817871094,1414,0.0,0.0,0.0
2024-08-16 09:30:00-04:00,63.52000045776367,64.98999786376953,63.52000045776367,63.97999954223633,0,0.0,0.0,0.0
2024-08-16 10:30:00-04:00,63.790000915527344,64.17389678955078,63.75,63.93199920654297,1129,0.0,0.0,0.0
2024-08-16 11:30:00-04:00,64.1500015258789,64.1500015258789,63.97999954223633,63.97999954223633,455,0.0,0.0,0.0
2024-08-16 12:30:00-04:00,63.78129959106445,63.78129959106445,63.78129959106445,63.78129959106445,260,0.0,0.0,0.0
2024-08-16 14:30:00-04:00,63.9567985534668,63.9567985534668,63.9567985534668,63.9567985534668,424,0.0,0.0,0.0
2024-08-16 15:30:00-04:00,63.970001220703125,63.994998931884766,63.970001220703125,63.994998931884766,580,0.0,0.0,0.0
2024-08-19 09:30:00-04:00,63.540000915527344,63.939998626708984,63.5,63.93000030517578,0,0.0,0.0,0.0
2024-08-19 10:30:00-04:00,63.93090057373047,64.0,63.93090057373047,64.0,2791,0.0,0.0,0.0
2024-08-19 11:30:00-04:00,64.05999755859375,64.05999755859375,64.05999755859375,64.05999755859375,814,0.0,0.0,0.0
2024-08-19 13:30:00-04:00,64.11499786376953,64.11499786376953,64.11499786376953,64.11499786376953,881,0.0,0.0,0.0
2024-08-19 14:30:00-04:00,64.1438980102539,64.22000122070312,64.0875015258789,64.22000122070312,1720,0.0,0.0,0.0
2024-08-19 15:30:00-04:00,64.11509704589844,64.13009643554688,64.11509704589844,64.13009643554688,0,0.0,0.0,0.0
2024-08-20 09:30:00-04:00,64.19999694824219,64.20149993896484,64.19999694824219,64.19999694824219,2005,0.0,0.0,0.0
2024-08-20 10:30:00-04:00,64.125,64.125,64.02999877929688,64.02999877929688,460,0.0,0.0,0.0
2024-08-20 11:30:00-04:00,64.10399627685547,64.20590209960938,64.0199966430664,64.02999877929688,2199,0.0,0.0,0.0
2024-08-20 12:30:00-04:00,64.02999877929688,64.125,64.0199966430664,64.0199966430664,1485,0.0,0.0,0.0
2024-08-20 13:30:00-04:00,64.0,64.10700225830078,64.0,64.0999984741211,0,0.0,0.0,0.0
2024-08-21 10:30:00-04:00,64.12409973144531,64.12409973144531,64.12409973144531,64.12409973144531,530,0.0,0.0,0.0
2024-08-21 11:30:00-04:00,64.11329650878906,64.12989807128906,64.0,64.0,843,0.0,0.0,0.0
2024-08-21 12:30:00-04:00,64.11499786376953,64.11499786376953,64.11499786376953,64.11499786376953,739,0.0,0.0,0.0
2024-08-21 13:30:00-04:00,64.11129760742188,64.11129760742188,64.11129760742188,64.11129760742188,451,0.0,0.0,0.0
2024-08-21 14:30:00-04:00,64.0010986328125,64.07820129394531,64.0010986328125,64.07820129394531,483,0.0,0.0,0.0
2024-08-21 15:30:00-04:00,64.068603515625,64.068603515625,64.05580139160156,64.05580139160156,0,0.0,0.0,0.0
2024-08-22 10:30:00-04:00,64.20500183105469,64.20500183105469,64.20500183105469,64.20500183105469,125,0.0,0.0,0.0
2024-08-22 11:30:00-04:00,64.1709976196289,64.1709976196289,64.1709976196289,64.1709976196289,346,0.0,0.0,0.0
2024-08-22 12:30:00-04:00,64.1500015258789,64.1500015258789,64.1500015258789,64.1500015258789,409,0.0,0.0,0.0
2024-08-22 13:30:00-04:00,64.21309661865234,64.27230072021484,64.13999938964844,64.20999908447266,1112,0.0,0.0,0.0
2024-08-22 14:30:00-04:00,64.19999694824219,64.23809814453125,64.19999694824219,64.21019744873047,899,0.0,0.0,0.0
2024-08-23 09:30:00-04:00,64.38999938964844,64.38999938964844,64.3499984741211,64.3499984741211,0,0.0,0.0,0.0
2024-08-23 10:30:00-04:00,64.2603988647461,64.2603988647461,64.2603988647461,64.2603988647461,164,0.0,0.0,0.0
2024-08-23 11:30:00-04:00,64.36000061035156,64.37000274658203,64.36000061035156,64.37000274658203,2603,0.0,0.0,0.0
2024-08-23 13:30:00-04:00,64.30999755859375,64.30999755859375,64.30999755859375,64.30999755859375,2732,0.0,0.0,0.0
2024-08-23 14:30:00-04:00,64.36000061035156,64.51000213623047,64.36000061035156,64.4822998046875,1788,0.0,0.0,0.0
2024-08-23 15:30:00-04:00,64.48380279541016,64.48380279541016,64.40499877929688,64.40499877929688,381,0.0,0.0,0.0
2024-08-26 09:30:00-04:00,64.87999725341797,64.87999725341797,64.5,64.5,0,0.0,0.0,0.0
2024-08-26 10:30:00-04:00,64.37999725341797,64.57099914550781,64.37999725341797,64.37999725341797,1171,0.0,0.0,0.0
2024-08-26 11:30:00-04:00,64.53089904785156,64.53089904785156,64.38999938964844,64.4000015258789,3445,0.0,0.0,0.0
2024-08-26 13:30:00-04:00,64.37999725341797,64.37999725341797,64.37999725341797,64.37999725341797,991,0.0,0.0,0.0
2024-08-26 14:30:00-04:00,64.39920043945312,64.39920043945312,64.39920043945312,64.39920043945312,0,0.0,0.0,0.0
2024-08-27 09:30:00-04:00,64.44000244140625,64.44000244140625,64.44000244140625,64.44000244140625,636,0.0,0.0,0.0
2024-08-27 10:30:00-04:00,64.27269744873047,64.4198989868164,64.27269744873047,64.4198989868164,799,0.0,0.0,0.0
2024-08-27 13:30:00-04:00,64.23500061035156,64.23500061035156,64.23500061035156,64.23500061035156,430,0.0,0.0,0.0
2024-08-27 14:30:00-04:00,64.37999725341797,64.37999725341797,64.2300033569336,64.2300033569336,1647,0.0,0.0,0.0
2024-08-27 15:30:00-04:00,64.23500061035156,64.23500061035156,64.08999633789062,64.08999633789062,202,0.0,0.0,0.0
2024-08-28 09:30:00-04:00,64.37000274658203,64.37000274658203,64.3280029296875,64.3280029296875,0,0.0,0.0,0.0
2024-08-28 10:30:00-04:00,64.6050033569336,64.6050033569336,64.38999938964844,64.55799865722656,541,0.0,0.0,0.0
2024-08-28 11:30:00-04:00,64.22019958496094,64.22019958496094,64.22019958496094,64.22019958496094,748,0.0,0.0,0.0
2024-08-28 12:30:00-04:00,64.22000122070312,64.39969635009766,64.22000122070312,64.39969635009766,840,0.0,0.0,0.0
2024-08-28 14:30:00-04:00,64.30999755859375,64.39959716796875,64.30999755859375,64.39820098876953,2126,0.0,0.0,0.0
2024-08-28 15:30:00-04:00,64.30999755859375,64.4000015258789,64.30960083007812,64.30960083007812,1705,0.0,0.0,0.0
2024-08-29 09:30:00-04:00,64.47000122070312,64.48500061035156,64.41000366210938,64.48500061035156,0,0.0,0.0,0.0
2024-08-29 10:30:00-04:00,64.5,64.5,64.5,64.5,562,0.0,0.0,0.0
2024-08-29 13:30:00-04:00,64.3550033569336,64.3550033569336,64.3550033569336,64.3550033569336,151,0.0,0.0,0.0
2024-08-29 14:30:00-04:00,64.26000213623047,64.2699966430664,64.26000213623047,64.2699966430664,369,0.0,0.0,0.0
2024-08-29 15:30:00-04:00,64.33000183105469,64.37000274658203,64.33000183105469,64.37000274658203,0,0.0,0.0,0.0
2024-08-30 11:30:00-04:00,64.29000091552734,64.48500061035156,64.29000091552734,64.48500061035156,816,0.0,0.0,0.0
2024-08-30 14:30:00-04:00,64.61360168457031,64.66000366210938,64.61360168457031,64.66000366210938,827,0.0,0.0,0.0
2024-08-30 15:30:00-04:00,64.3499984741211,64.52980041503906,64.3499984741211,64.52980041503906,414,0.0,0.0,0.0
