Datetime,Open,High,Low,Close,Volume,Dividends,Stock Splits
2022-09-01 09:30:00-04:00,3.9600000381469727,4.599999904632568,3.9600000381469727,4.46999979019165,0,0.0,0.0
2022-09-01 10:30:00-04:00,4.480000019073486,4.827700138092041,4.150000095367432,4.599999904632568,11109,0.0,0.0
2022-09-01 11:30:00-04:00,4.625,4.730000019073486,4.350100040435791,4.730000019073486,6600,0.0,0.0
2022-09-01 12:30:00-04:00,4.650000095367432,4.75,4.625,4.659999847412109,3748,0.0,0.0
2022-09-01 13:30:00-04:00,4.650000095367432,4.949699878692627,4.599999904632568,4.923600196838379,5666,0.0,0.0
2022-09-01 14:30:00-04:00,4.889999866485596,4.889999866485596,4.650000095367432,4.78000020980835,2897,0.0,0.0
2022-09-01 15:30:00-04:00,4.699999809265137,4.75,4.650000095367432,4.75,0,0.0,0.0
2022-09-02 09:30:00-04:00,4.89900016784668,5.199999809265137,4.300000190734863,4.659999847412109,39365,0.0,0.0
2022-09-02 10:30:00-04:00,4.659999847412109,4.659999847412109,4.658999919891357,4.658999919891357,1568,0.0,0.0
2022-09-02 11:30:00-04:00,4.699999809265137,4.71750020980835,4.507299900054932,4.550000190734863,4816,0.0,0.0
2022-09-02 12:30:00-04:00,4.300099849700928,4.550000190734863,4.300099849700928,4.440000057220459,1109,0.0,0.0
2022-09-02 13:30:00-04:00,4.670000076293945,4.836400032043457,4.400100231170654,4.539999961853027,4606,0.0,0.0
2022-09-02 15:30:00-04:00,4.449999809265137,4.670000076293945,4.400000095367432,4.670000076293945,2275,0.0,0.0
2022-09-06 09:30:00-04:00,4.420000076293945,4.613500118255615,4.309999942779541,4.613500118255615,1326,0.0,0.0
2022-09-06 11:30:00-04:00,4.417500019073486,4.417500019073486,4.417500019073486,4.417500019073486,1235,0.0,0.0
2022-09-06 12:30:00-04:00,4.436299800872803,4.436299800872803,4.436299800872803,4.436299800872803,100,0.0,0.0
2022-09-06 13:30:00-04:00,4.599999904632568,4.599999904632568,4.599999904632568,4.599999904632568,444,0.0,0.0
2022-09-06 14:30:00-04:00,4.505000114440918,4.505000114440918,4.505000114440918,4.505000114440918,219,0.0,0.0
2022-09-07 09:30:00-04:00,4.300099849700928,4.300099849700928,4.300099849700928,4.300099849700928,0,0.0,0.0
2022-09-07 10:30:00-04:00,4.550000190734863,4.697999954223633,4.5,4.5,2022,0.0,0.0
2022-09-07 12:30:00-04:00,4.440000057220459,4.448999881744385,4.300000190734863,4.300000190734863,753,0.0,0.0
2022-09-07 14:30:00-04:00,4.375,4.375,4.375,4.375,241,0.0,0.0
2022-09-08 09:30:00-04:00,4.260000228881836,4.369999885559082,4.099999904632568,4.284999847412109,0,0.0,0.0
2022-09-08 10:30:00-04:00,4.300000190734863,4.300000190734863,4.276599884033203,4.276599884033203,945,0.0,0.0
2022-09-08 11:30:00-04:00,4.199999809265137,4.199999809265137,4.199999809265137,4.199999809265137,100,0.0,0.0
2022-09-08 12:30:00-04:00,4.199999809265137,4.199999809265137,4.199999809265137,4.199999809265137,0,0.0,0.0
2022-09-09 14:30:00-04:00,4.139999866485596,4.139999866485596,4.110000133514404,4.119999885559082,697,0.0,0.0
2022-09-12 09:30:00-04:00,4.119999885559082,4.119999885559082,4.119999885559082,4.119999885559082,278,0.0,0.0
2022-09-12 10:30:00-04:00,4.099999904632568,4.102700233459473,4.099999904632568,4.102700233459473,310,0.0,0.0
2022-09-12 11:30:00-04:00,4.099999904632568,4.099999904632568,4.099999904632568,4.099999904632568,200,0.0,0.0
2022-09-12 12:30:00-04:00,4.130000114440918,4.130099773406982,4.130000114440918,4.130000114440918,1602,0.0,0.0
2022-09-13 10:30:00-04:00,4.061100006103516,4.061100006103516,4.061100006103516,4.061100006103516,50,0.0,0.0
2022-09-13 14:30:00-04:00,4.420000076293945,4.449999809265137,4.400000095367432,4.400000095367432,822,0.0,0.0
2022-09-14 09:30:00-04:00,4.618000030517578,4.860000133514404,4.618000030517578,4.699999809265137,1769,0.0,0.0
2022-09-14 10:30:00-04:00,4.699999809265137,5.268799781799316,4.690000057220459,4.800000190734863,16744,0.0,0.0
2022-09-14 11:30:00-04:00,4.809999942779541,4.809999942779541,4.800000190734863,4.800000190734863,515,0.0,0.0
2022-09-14 12:30:00-04:00,4.800000190734863,4.824999809265137,4.800000190734863,4.824999809265137,509,0.0,0.0
2022-09-14 15:30:00-04:00,4.849999904632568,5.25,4.849999904632568,5.25,1694,0.0,0.0
2022-09-15 09:30:00-04:00,5.150000095367432,5.150000095367432,5.150000095367432,5.150000095367432,0,0.0,0.0
2022-09-15 11:30:00-04:00,4.700099945068359,4.860599994659424,4.700099945068359,4.849999904632568,5084,0.0,0.0
2022-09-15 12:30:00-04:00,5.199999809265137,5.199999809265137,5.199999809265137,5.199999809265137,290,0.0,0.0
2022-09-15 14:30:00-04:00,5.032599925994873,5.032599925994873,5.000100135803223,5.000100135803223,823,0.0,0.0
2022-09-15 15:30:00-04:00,5.079999923706055,5.090000152587891,5.079999923706055,5.090000152587891,0,0.0,0.0
2022-09-16 09:30:00-04:00,5.197500228881836,5.197500228881836,4.688000202178955,4.688000202178955,803,0.0,0.0
2022-09-16 12:30:00-04:00,4.849999904632568,5.099999904632568,4.849999904632568,5.050000190734863,4115,0.0,0.0
2022-09-16 13:30:00-04:00,5.150000095367432,5.190000057220459,5.096399784088135,5.150000095367432,1536,0.0,0.0
2022-09-16 14:30:00-04:00,5.099999904632568,5.190000057220459,5.099999904632568,5.190000057220459,306,0.0,0.0
2022-09-16 15:30:00-04:00,5.050000190734863,5.25,5.050000190734863,5.25,1680,0.0,0.0
2022-09-19 09:30:00-04:00,5.199999809265137,5.599999904632568,5.199999809265137,5.5,11665,0.0,0.0
2022-09-19 10:30:00-04:00,5.460000038146973,5.460000038146973,5.460000038146973,5.460000038146973,519,0.0,0.0
2022-09-19 13:30:00-04:00,5.373199939727783,5.373199939727783,5.373199939727783,5.373199939727783,308,0.0,0.0
2022-09-19 14:30:00-04:00,5.380000114440918,5.75,5.34499979019165,5.75,1556,0.0,0.0
2022-09-19 15:30:00-04:00,5.71999979019165,5.71999979019165,5.71999979019165,5.71999979019165,522,0.0,0.0
2022-09-20 10:30:00-04:00,5.519999980926514,5.519999980926514,5.519999980926514,5.519999980926514,586,0.0,0.0
2022-09-20 11:30:00-04:00,5.71999979019165,5.71999979019165,5.650000095367432,5.650000095367432,846,0.0,0.0
2022-09-20 12:30:00-04:00,5.699999809265137,6.75,5.699999809265137,6.199999809265137,11523,0.0,0.0
2022-09-20 13:30:00-04:00,6.0,6.002699851989746,6.0,6.0,1512,0.0,0.0
2022-09-20 14:30:00-04:00,6.099999904632568,6.099999904632568,6.099999904632568,6.099999904632568,160,0.0,0.0
2022-09-20 15:30:00-04:00,5.96999979019165,6.0,5.820000171661377,6.0,0,0.0,0.0
2022-09-21 09:30:00-04:00,6.050000190734863,6.849999904632568,6.050000190734863,6.343800067901611,32519,0.0,0.0
2022-09-21 10:30:00-04:00,6.340000152587891,6.34499979019165,6.199999809265137,6.199999809265137,1159,0.0,0.0
2022-09-21 11:30:00-04:00,6.302700042724609,6.302700042724609,6.090099811553955,6.090099811553955,2135,0.0,0.0
2022-09-21 12:30:00-04:00,6.170000076293945,6.170000076293945,6.170000076293945,6.170000076293945,262,0.0,0.0
2022-09-21 14:30:00-04:00,6.474999904632568,6.480000019073486,6.300000190734863,6.300000190734863,991,0.0,0.0
2022-09-21 15:30:00-04:00,6.350100040435791,6.350100040435791,6.0100998878479,6.0100998878479,1352,0.0,0.0
2022-09-22 09:30:00-04:00,6.099999904632568,6.400000095367432,6.09499979019165,6.099999904632568,9732,0.0,0.0
2022-09-22 11:30:00-04:00,6.110000133514404,6.149600028991699,6.104800224304199,6.149600028991699,702,0.0,0.0
2022-09-22 12:30:00-04:00,6.108099937438965,6.108099937438965,6.108099937438965,6.108099937438965,610,0.0,0.0
2022-09-22 13:30:00-04:00,6.156000137329102,6.156000137329102,6.156000137329102,6.156000137329102,128,0.0,0.0
2022-09-22 14:30:00-04:00,6.110000133514404,6.110000133514404,6.110000133514404,6.110000133514404,200,0.0,0.0
2022-09-22 15:30:00-04:00,6.108799934387207,6.289999961853027,6.099999904632568,6.289999961853027,0,0.0,0.0
2022-09-23 09:30:00-04:00,6.403800010681152,6.403800010681152,6.289999961853027,6.289999961853027,1667,0.0,0.0
2022-09-23 12:30:00-04:00,6.039999961853027,6.039999961853027,6.039999961853027,6.039999961853027,128,0.0,0.0
2022-09-23 14:30:00-04:00,6.230000019073486,6.230000019073486,6.230000019073486,6.230000019073486,501,0.0,0.0
2022-09-23 15:30:00-04:00,6.196400165557861,6.196400165557861,6.010000228881836,6.03000020980835,5031,0.0,0.0
2022-09-26 09:30:00-04:00,5.989999771118164,5.989999771118164,5.110000133514404,5.130000114440918,9137,0.0,0.0
2022-09-26 11:30:00-04:00,5.130000114440918,5.130000114440918,5.130000114440918,5.130000114440918,710,0.0,0.0
2022-09-26 12:30:00-04:00,5.289999961853027,5.289999961853027,5.289999961853027,5.289999961853027,135,0.0,0.0
2022-09-26 14:30:00-04:00,5.190000057220459,5.190000057220459,5.190000057220459,5.190000057220459,100,0.0,0.0
2022-09-27 12:30:00-04:00,5.5,5.570000171661377,5.5,5.570000171661377,509,0.0,0.0
2022-09-27 14:30:00-04:00,5.451099872589111,5.451099872589111,5.451099872589111,5.451099872589111,1010,0.0,0.0
2022-09-27 15:30:00-04:00,5.420000076293945,5.630000114440918,5.420000076293945,5.630000114440918,952,0.0,0.0
2022-09-28 09:30:00-04:00,5.579999923706055,5.579999923706055,5.500100135803223,5.500100135803223,0,0.0,0.0
2022-09-28 14:30:00-04:00,5.699999809265137,5.800000190734863,5.699999809265137,5.800000190734863,630,0.0,0.0
2022-09-28 15:30:00-04:00,5.96999979019165,5.96999979019165,5.96999979019165,5.96999979019165,0,0.0,0.0
2022-09-30 09:30:00-04:00,6.099999904632568,6.25,6.099999904632568,6.099999904632568,1525,0.0,0.0
2022-09-30 10:30:00-04:00,6.149499893188477,6.149499893188477,6.149499893188477,6.149499893188477,203,0.0,0.0
2022-09-30 14:30:00-04:00,5.75,5.75,5.300000190734863,5.5,3950,0.0,0.0
2022-09-30 15:30:00-04:00,5.539999961853027,6.0,5.460000038146973,6.0,8520,0.0,0.0
2022-10-03 09:30:00-04:00,5.949999809265137,6.239999771118164,5.699999809265137,5.699999809265137,581,0.0,0.0
2022-10-03 10:30:00-04:00,5.7820000648498535,5.7820000648498535,5.300000190734863,5.300000190734863,510,0.0,0.0
2022-10-03 14:30:00-04:00,5.559999942779541,5.559999942779541,5.232500076293945,5.232500076293945,550,0.0,0.0
2022-10-03 15:30:00-04:00,5.264900207519531,5.264900207519531,5.264900207519531,5.264900207519531,0,0.0,0.0
2022-10-04 09:30:00-04:00,5.301300048828125,5.849999904632568,5.25,5.25,7182,0.0,0.0
2022-10-04 10:30:00-04:00,5.25,5.599999904632568,4.849999904632568,5.599999904632568,10035,0.0,0.0
2022-10-04 12:30:00-04:00,5.650000095367432,5.650000095367432,5.650000095367432,5.650000095367432,557,0.0,0.0
2022-10-04 15:30:00-04:00,5.989999771118164,6.0,5.989999771118164,6.0,0,0.0,0.0
2022-10-05 11:30:00-04:00,5.5,5.570000171661377,5.5,5.570000171661377,730,0.0,0.0
2022-10-05 12:30:00-04:00,5.760000228881836,6.0,5.739999771118164,6.0,3241,0.0,0.0
2022-10-05 13:30:00-04:00,5.989999771118164,6.0,5.699999809265137,5.940000057220459,10100,0.0,0.0
2022-10-05 14:30:00-04:00,5.760000228881836,5.800000190734863,5.760000228881836,5.800000190734863,453,0.0,0.0
2022-10-05 15:30:00-04:00,5.590000152587891,5.590000152587891,5.400000095367432,5.53000020980835,1896,0.0,0.0
2022-10-06 14:30:00-04:00,5.099999904632568,5.199999809265137,5.099999904632568,5.099999904632568,0,0.0,0.0
2022-10-07 11:30:00-04:00,5.536300182342529,5.849999904632568,5.536300182342529,5.849999904632568,741,0.0,0.0
2022-10-10 12:30:00-04:00,6.199999809265137,6.199999809265137,6.199999809265137,6.199999809265137,742,0.0,0.0
2022-10-10 13:30:00-04:00,6.050000190734863,6.074999809265137,5.715000152587891,6.074999809265137,2666,0.0,0.0
2022-10-11 09:30:00-04:00,6.099999904632568,6.150000095367432,5.360000133514404,5.980000019073486,2571,0.0,0.0
2022-10-11 10:30:00-04:00,5.849999904632568,6.230000019073486,5.610000133514404,5.900000095367432,3825,0.0,0.0
2022-10-11 11:30:00-04:00,5.71999979019165,6.050000190734863,5.71999979019165,5.840099811553955,4274,0.0,0.0
2022-10-12 09:30:00-04:00,6.210000038146973,6.300000190734863,5.699999809265137,5.900000095367432,0,0.0,0.0
2022-10-12 10:30:00-04:00,5.900000095367432,6.119999885559082,5.849999904632568,5.900000095367432,1676,0.0,0.0
2022-10-12 11:30:00-04:00,6.099999904632568,6.099999904632568,6.099999904632568,6.099999904632568,140,0.0,0.0
2022-10-12 14:30:00-04:00,5.724999904632568,5.75,5.724999904632568,5.75,380,0.0,0.0
2022-10-12 15:30:00-04:00,6.0,6.050000190734863,5.949999809265137,6.050000190734863,550,0.0,0.0
2022-10-13 10:30:00-04:00,5.800000190734863,6.199999809265137,5.699999809265137,6.119999885559082,2415,0.0,0.0
2022-10-13 11:30:00-04:00,6.099999904632568,6.244999885559082,6.0,6.244999885559082,4365,0.0,0.0
2022-10-13 12:30:00-04:00,6.099999904632568,6.099999904632568,6.0,6.0,568,0.0,0.0
2022-10-13 13:30:00-04:00,6.099999904632568,6.099999904632568,5.900000095367432,5.900000095367432,415,0.0,0.0
2022-10-13 15:30:00-04:00,6.059999942779541,6.070000171661377,6.059999942779541,6.059999942779541,632,0.0,0.0
2022-10-14 09:30:00-04:00,5.929999828338623,5.929999828338623,5.929999828338623,5.929999828338623,0,0.0,0.0
2022-10-14 10:30:00-04:00,5.5,6.300000190734863,5.5,5.71999979019165,4151,0.0,0.0
2022-10-14 11:30:00-04:00,5.650000095367432,5.889999866485596,5.5,5.699999809265137,8728,0.0,0.0
2022-10-14 12:30:00-04:00,5.650000095367432,5.730000019073486,5.650000095367432,5.7006001472473145,1495,0.0,0.0
2022-10-14 13:30:00-04:00,5.599999904632568,5.599999904632568,5.599999904632568,5.599999904632568,1072,0.0,0.0
2022-10-14 14:30:00-04:00,5.599999904632568,5.824999809265137,5.599999904632568,5.824999809265137,546,0.0,0.0
2022-10-14 15:30:00-04:00,6.0,6.15500020980835,5.900000095367432,6.099999904632568,2279,0.0,0.0
2022-10-17 09:30:00-04:00,6.070000171661377,6.199999809265137,5.800000190734863,5.800000190734863,0,0.0,0.0
2022-10-17 10:30:00-04:00,5.96999979019165,6.40369987487793,5.849999904632568,6.099999904632568,4542,0.0,0.0
2022-10-17 13:30:00-04:00,6.063600063323975,6.099999904632568,6.0,6.0,1718,0.0,0.0
2022-10-17 14:30:00-04:00,6.0,6.28000020980835,6.0,6.28000020980835,1101,0.0,0.0
2022-10-18 09:30:00-04:00,6.150000095367432,6.400000095367432,6.150000095367432,6.199999809265137,0,0.0,0.0
2022-10-18 10:30:00-04:00,6.199999809265137,6.699999809265137,6.199999809265137,6.699999809265137,2947,0.0,0.0
2022-10-18 11:30:00-04:00,6.690000057220459,6.690000057220459,6.5,6.5,955,0.0,0.0
2022-10-18 12:30:00-04:00,6.5,6.5,6.5,6.5,105,0.0,0.0
2022-10-18 13:30:00-04:00,6.449999809265137,6.550000190734863,6.449999809265137,6.5,1479,0.0,0.0
2022-10-18 14:30:00-04:00,6.630000114440918,6.679999828338623,6.449999809265137,6.679999828338623,1015,0.0,0.0
2022-10-18 15:30:00-04:00,6.659999847412109,7.0,6.659999847412109,6.940000057220459,0,0.0,0.0
2022-10-19 09:30:00-04:00,6.676799774169922,6.676799774169922,6.676799774169922,6.676799774169922,225,0.0,0.0
2022-10-19 11:30:00-04:00,7.0,7.25,6.919600009918213,6.919600009918213,2844,0.0,0.0
2022-10-19 12:30:00-04:00,6.900000095367432,6.900000095367432,6.900000095367432,6.900000095367432,200,0.0,0.0
2022-10-19 14:30:00-04:00,7.0,7.0,7.0,7.0,406,0.0,0.0
2022-10-20 09:30:00-04:00,6.960000038146973,6.960000038146973,6.949999809265137,6.949999809265137,0,0.0,0.0
2022-10-20 10:30:00-04:00,7.200099945068359,7.200099945068359,7.200099945068359,7.200099945068359,101,0.0,0.0
2022-10-20 13:30:00-04:00,6.960000038146973,6.960000038146973,6.960000038146973,6.960000038146973,252,0.0,0.0
2022-10-20 14:30:00-04:00,7.03000020980835,7.03000020980835,7.03000020980835,7.03000020980835,250,0.0,0.0
2022-10-20 15:30:00-04:00,7.099999904632568,7.199999809265137,7.099999904632568,7.199999809265137,400,0.0,0.0
2022-10-21 09:30:00-04:00,7.199999809265137,7.489999771118164,6.785999774932861,6.785999774932861,1447,0.0,0.0
2022-10-21 10:30:00-04:00,6.778500080108643,6.778500080108643,6.778500080108643,6.778500080108643,166,0.0,0.0
2022-10-21 12:30:00-04:00,6.8566999435424805,7.119999885559082,6.8566999435424805,7.0,5451,0.0,0.0
2022-10-21 14:30:00-04:00,7.114999771118164,7.114999771118164,7.114999771118164,7.114999771118164,301,0.0,0.0
2022-10-21 15:30:00-04:00,7.170000076293945,7.179999828338623,6.630000114440918,6.630000114440918,1600,0.0,0.0
2022-10-24 09:30:00-04:00,6.909999847412109,6.909999847412109,6.909999847412109,6.909999847412109,0,0.0,0.0
2022-10-24 10:30:00-04:00,6.659999847412109,6.714000225067139,6.658999919891357,6.658999919891357,750,0.0,0.0
2022-10-24 12:30:00-04:00,6.650000095367432,6.650000095367432,6.510000228881836,6.510000228881836,3393,0.0,0.0
2022-10-25 10:30:00-04:00,6.400000095367432,6.409999847412109,6.400000095367432,6.409999847412109,0,0.0,0.0
2022-10-25 12:30:00-04:00,6.389999866485596,6.75,6.199999809265137,6.5,4543,0.0,0.0
2022-10-25 13:30:00-04:00,6.300000190734863,6.639999866485596,6.300000190734863,6.639999866485596,1130,0.0,0.0
2022-10-25 14:30:00-04:00,6.440000057220459,6.889999866485596,6.279399871826172,6.869999885559082,824,0.0,0.0
2022-10-25 15:30:00-04:00,6.820000171661377,6.920000076293945,6.820000171661377,6.880000114440918,624,0.0,0.0
2022-10-26 09:30:00-04:00,6.800000190734863,6.800000190734863,6.800000190734863,6.800000190734863,0,0.0,0.0
2022-10-26 10:30:00-04:00,7.0,7.0,7.0,7.0,788,0.0,0.0
2022-10-26 11:30:00-04:00,7.000999927520752,7.052499771118164,7.000999927520752,7.052499771118164,733,0.0,0.0
2022-10-26 13:30:00-04:00,7.010000228881836,7.010000228881836,7.010000228881836,7.010000228881836,138,0.0,0.0
2022-10-26 15:30:00-04:00,7.46999979019165,7.46999979019165,7.389999866485596,7.400000095367432,500,0.0,0.0
2022-10-27 09:30:00-04:00,7.401800155639648,8.199999809265137,7.400000095367432,8.0,5833,0.0,0.0
2022-10-27 10:30:00-04:00,7.849999904632568,8.5,7.849999904632568,8.0600004196167,3123,0.0,0.0
2022-10-27 11:30:00-04:00,8.100000381469727,8.270000457763672,7.699999809265137,8.270000457763672,7749,0.0,0.0
2022-10-27 12:30:00-04:00,7.599999904632568,7.900000095367432,7.21999979019165,7.900000095367432,3309,0.0,0.0
2022-10-27 13:30:00-04:00,8.0,8.5,8.0,8.199999809265137,5942,0.0,0.0
2022-10-27 14:30:00-04:00,8.0,8.119999885559082,7.989999771118164,8.0,8518,0.0,0.0
2022-10-27 15:30:00-04:00,7.989999771118164,7.989999771118164,7.900000095367432,7.900000095367432,0,0.0,0.0
2022-10-28 09:30:00-04:00,7.579999923706055,7.599999904632568,7.199999809265137,7.5,6757,0.0,0.0
2022-10-28 10:30:00-04:00,7.936500072479248,8.279999732971191,7.880000114440918,8.100000381469727,8160,0.0,0.0
2022-10-28 11:30:00-04:00,8.100000381469727,8.100000381469727,7.599999904632568,7.610000133514404,1184,0.0,0.0
2022-10-28 12:30:00-04:00,7.920000076293945,7.929999828338623,7.800000190734863,7.800000190734863,908,0.0,0.0
2022-10-28 13:30:00-04:00,7.989999771118164,8.0,7.989999771118164,8.0,500,0.0,0.0
2022-10-28 14:30:00-04:00,7.989999771118164,8.5,7.989999771118164,8.25,997,0.0,0.0
2022-10-31 09:30:00-04:00,8.449999809265137,8.550000190734863,8.180000305175781,8.210000038146973,13350,0.0,0.0
2022-10-31 11:30:00-04:00,8.024999618530273,8.048800468444824,7.949999809265137,7.949999809265137,556,0.0,0.0
2022-10-31 12:30:00-04:00,8.0,8.0,7.539999961853027,7.909999847412109,3360,0.0,0.0
2022-10-31 14:30:00-04:00,7.710599899291992,7.710599899291992,7.699999809265137,7.699999809265137,0,0.0,0.0
2022-11-01 09:30:00-04:00,8.0,8.0,8.0,8.0,1182,0.0,0.0
2022-11-01 13:30:00-04:00,7.800000190734863,7.800000190734863,7.800000190734863,7.800000190734863,613,0.0,0.0
2022-11-01 15:30:00-04:00,7.820000171661377,8.0,7.789999961853027,8.0,1239,0.0,0.0
2022-11-02 09:30:00-04:00,8.25,8.949999809265137,8.25,8.25,9733,0.0,0.0
2022-11-02 10:30:00-04:00,8.15999984741211,8.399999618530273,8.109999656677246,8.300000190734863,3046,0.0,0.0
2022-11-02 11:30:00-04:00,8.4399995803833,8.600000381469727,8.4399995803833,8.5,2730,0.0,0.0
2022-11-02 12:30:00-04:00,8.395000457763672,8.489999771118164,8.395000457763672,8.489999771118164,663,0.0,0.0
2022-11-02 14:30:00-04:00,8.400099754333496,8.454000473022461,8.399999618530273,8.399999618530273,400,0.0,0.0
2022-11-02 15:30:00-04:00,8.399999618530273,8.49940013885498,8.399999618530273,8.49940013885498,1005,0.0,0.0
2022-11-03 09:30:00-04:00,8.479999542236328,9.050000190734863,8.479999542236328,8.850000381469727,2475,0.0,0.0
2022-11-03 10:30:00-04:00,8.850000381469727,8.949999809265137,8.800000190734863,8.800000190734863,8988,0.0,0.0
2022-11-03 11:30:00-04:00,8.880000114440918,9.180000305175781,8.800000190734863,9.0,13811,0.0,0.0
2022-11-03 12:30:00-04:00,8.800000190734863,8.800000190734863,8.800000190734863,8.800000190734863,1078,0.0,0.0
2022-11-03 14:30:00-04:00,8.699999809265137,8.829999923706055,8.699999809265137,8.829999923706055,925,0.0,0.0
2022-11-03 15:30:00-04:00,8.767499923706055,8.767499923706055,8.767499923706055,8.767499923706055,0,0.0,0.0
2022-11-04 09:30:00-04:00,8.699999809265137,9.014100074768066,8.699999809265137,9.0,3227,0.0,0.0
2022-11-04 10:30:00-04:00,8.90999984741211,9.0,8.779999732971191,8.779999732971191,8488,0.0,0.0
2022-11-04 11:30:00-04:00,8.199999809265137,8.869999885559082,8.199999809265137,8.5,9182,0.0,0.0
2022-11-04 12:30:00-04:00,8.5,9.0,8.489999771118164,8.489999771118164,15146,0.0,0.0
2022-11-07 09:30:00-05:00,8.683099746704102,8.850000381469727,7.809999942779541,8.850000381469727,0,0.0,0.0
2022-11-07 10:30:00-05:00,8.289999961853027,8.850000381469727,8.289999961853027,8.789999961853027,13240,0.0,0.0
2022-11-07 11:30:00-05:00,8.84000015258789,9.300000190734863,8.035499572753906,8.44950008392334,17361,0.0,0.0
2022-11-07 12:30:00-05:00,8.520000457763672,8.539999961853027,8.300000190734863,8.300000190734863,1182,0.0,0.0
2022-11-07 14:30:00-05:00,8.279999732971191,8.279999732971191,8.279999732971191,8.279999732971191,104,0.0,0.0
2022-11-08 09:30:00-05:00,8.100000381469727,9.220000267028809,8.100000381469727,8.640199661254883,41503,0.0,0.0
2022-11-08 10:30:00-05:00,9.039999961853027,9.989999771118164,8.683899879455566,8.789999961853027,69540,0.0,0.0
2022-11-08 11:30:00-05:00,8.729999542236328,8.729999542236328,8.600000381469727,8.600000381469727,5009,0.0,0.0
2022-11-08 12:30:00-05:00,8.5,8.746999740600586,8.444999694824219,8.5,6686,0.0,0.0
2022-11-08 14:30:00-05:00,8.628000259399414,8.645000457763672,8.628000259399414,8.640000343322754,1800,0.0,0.0
2022-11-08 15:30:00-05:00,8.550000190734863,8.760000228881836,8.550000190734863,8.760000228881836,0,0.0,0.0
2022-11-09 09:30:00-05:00,8.529999732971191,9.293899536132812,8.529999732971191,8.800000190734863,2477,0.0,0.0
2022-11-09 11:30:00-05:00,8.0,8.34000015258789,8.0,8.34000015258789,1226,0.0,0.0
2022-11-09 15:30:00-05:00,8.335000038146973,8.350000381469727,8.329999923706055,8.350000381469727,0,0.0,0.0
2022-11-10 09:30:00-05:00,8.670000076293945,9.329999923706055,8.600000381469727,9.100000381469727,15740,0.0,0.0
2022-11-10 10:30:00-05:00,9.100000381469727,9.202699661254883,9.0,9.0,5069,0.0,0.0
2022-11-10 11:30:00-05:00,9.0,9.329999923706055,8.975000381469727,9.329999923706055,6425,0.0,0.0
2022-11-10 12:30:00-05:00,9.100000381469727,9.100000381469727,8.902000427246094,8.902000427246094,3101,0.0,0.0
2022-11-10 13:30:00-05:00,8.880000114440918,9.989999771118164,8.820799827575684,9.205499649047852,26473,0.0,0.0
2022-11-10 14:30:00-05:00,9.404999732971191,9.670000076293945,8.979999542236328,9.640000343322754,4799,0.0,0.0
2022-11-10 15:30:00-05:00,9.260000228881836,9.399999618530273,9.260000228881836,9.399999618530273,976,0.0,0.0
2022-11-11 09:30:00-05:00,9.020000457763672,10.09000015258789,9.020000457763672,9.899999618530273,0,0.0,0.0
2022-11-11 10:30:00-05:00,9.479999542236328,9.479999542236328,9.319999694824219,9.350000381469727,2717,0.0,0.0
2022-11-11 11:30:00-05:00,9.83180046081543,9.83180046081543,9.83180046081543,9.83180046081543,150,0.0,0.0
2022-11-11 12:30:00-05:00,9.712400436401367,9.712400436401367,9.712400436401367,9.712400436401367,291,0.0,0.0
2022-11-11 15:30:00-05:00,9.649999618530273,9.680000305175781,9.380000114440918,9.380000114440918,1036,0.0,0.0
2022-11-14 09:30:00-05:00,10.100000381469727,10.635000228881836,10.0,10.100000381469727,56119,0.0,0.0
2022-11-14 10:30:00-05:00,9.600000381469727,10.149999618530273,9.050000190734863,9.699999809265137,19292,0.0,0.0
2022-11-14 11:30:00-05:00,9.300000190734863,9.300000190734863,9.300000190734863,9.300000190734863,581,0.0,0.0
2022-11-14 12:30:00-05:00,9.30049991607666,9.30049991607666,9.300000190734863,9.300000190734863,1980,0.0,0.0
2022-11-14 13:30:00-05:00,9.09000015258789,9.09000015258789,9.09000015258789,9.09000015258789,390,0.0,0.0
2022-11-14 14:30:00-05:00,9.0,9.0,8.199999809265137,8.609999656677246,7715,0.0,0.0
2022-11-14 15:30:00-05:00,8.6899995803833,9.039999961853027,8.6899995803833,8.8100004196167,3663,0.0,0.0
2022-11-15 09:30:00-05:00,9.470000267028809,9.5,9.25,9.25,3569,0.0,0.0
2022-11-15 10:30:00-05:00,9.199999809265137,9.449999809265137,8.859999656677246,9.449999809265137,11221,0.0,0.0
2022-11-15 13:30:00-05:00,9.15999984741211,9.15999984741211,9.15999984741211,9.15999984741211,134,0.0,0.0
2022-11-15 15:30:00-05:00,9.220000267028809,9.220000267028809,9.010000228881836,9.010000228881836,501,0.0,0.0
2022-11-16 09:30:00-05:00,8.920000076293945,10.800000190734863,8.920000076293945,9.800000190734863,15996,0.0,0.0
2022-11-16 10:30:00-05:00,9.640000343322754,9.64680004119873,9.350000381469727,9.399999618530273,7689,0.0,0.0
2022-11-16 11:30:00-05:00,9.319999694824219,9.5,9.300000190734863,9.5,2512,0.0,0.0
2022-11-16 12:30:00-05:00,9.4399995803833,10.300000190734863,9.4399995803833,10.300000190734863,27103,0.0,0.0
2022-11-16 13:30:00-05:00,10.0,10.0,9.979999542236328,9.979999542236328,2370,0.0,0.0
2022-11-16 14:30:00-05:00,9.600000381469727,9.779999732971191,9.600000381469727,9.739999771118164,2537,0.0,0.0
2022-11-16 15:30:00-05:00,9.622599601745605,9.949999809265137,9.585000038146973,9.949999809265137,5739,0.0,0.0
2022-11-17 09:30:00-05:00,9.760000228881836,10.229900360107422,9.600000381469727,9.600000381469727,4541,0.0,0.0
2022-11-17 10:30:00-05:00,9.550000190734863,9.630000114440918,9.550000190734863,9.601499557495117,1816,0.0,0.0
2022-11-17 11:30:00-05:00,9.890000343322754,10.100000381469727,9.890000343322754,10.100000381469727,533,0.0,0.0
2022-11-17 12:30:00-05:00,10.161999702453613,10.260000228881836,9.920000076293945,9.920000076293945,9356,0.0,0.0
2022-11-17 13:30:00-05:00,9.920000076293945,9.920000076293945,9.920000076293945,9.920000076293945,436,0.0,0.0
2022-11-17 14:30:00-05:00,9.899999618530273,9.899999618530273,9.869999885559082,9.869999885559082,224,0.0,0.0
2022-11-17 15:30:00-05:00,9.920000076293945,10.100000381469727,9.920000076293945,10.039999961853027,0,0.0,0.0
2022-11-18 09:30:00-05:00,10.100000381469727,10.729999542236328,10.0,10.020000457763672,24808,0.0,0.0
2022-11-18 10:30:00-05:00,10.289999961853027,10.970199584960938,10.0,10.569999694824219,49390,0.0,0.0
2022-11-18 11:30:00-05:00,10.300000190734863,10.300000190734863,10.079999923706055,10.100000381469727,10222,0.0,0.0
2022-11-18 12:30:00-05:00,10.100000381469727,10.109999656677246,9.989999771118164,9.989999771118164,3266,0.0,0.0
2022-11-18 13:30:00-05:00,9.9399995803833,9.94950008392334,9.890000343322754,9.890000343322754,838,0.0,0.0
2022-11-18 14:30:00-05:00,9.800000190734863,9.800000190734863,9.800000190734863,9.800000190734863,412,0.0,0.0
2022-11-18 15:30:00-05:00,9.800000190734863,10.300000190734863,9.800000190734863,10.079999923706055,13841,0.0,0.0
2022-11-21 09:30:00-05:00,10.010000228881836,10.399999618530273,9.831500053405762,10.200400352478027,0,0.0,0.0
2022-11-21 10:30:00-05:00,10.260000228881836,10.260000228881836,9.399999618530273,9.40999984741211,9981,0.0,0.0
2022-11-21 11:30:00-05:00,9.399999618530273,9.399999618530273,8.800000190734863,8.800000190734863,6944,0.0,0.0
2022-11-21 12:30:00-05:00,8.899999618530273,8.899999618530273,8.899999618530273,8.899999618530273,299,0.0,0.0
2022-11-21 13:30:00-05:00,9.0,9.380000114440918,8.970999717712402,9.380000114440918,6010,0.0,0.0
2022-11-21 14:30:00-05:00,9.329999923706055,9.329999923706055,9.010000228881836,9.069999694824219,2976,0.0,0.0
2022-11-21 15:30:00-05:00,9.0,9.0,8.844200134277344,8.844200134277344,1276,0.0,0.0
2022-11-22 09:30:00-05:00,8.880000114440918,9.770000457763672,8.880000114440918,9.407299995422363,2310,0.0,0.0
2022-11-22 10:30:00-05:00,9.024499893188477,9.109999656677246,8.949999809265137,9.1003999710083,7625,0.0,0.0
2022-11-22 11:30:00-05:00,9.149999618530273,10.550000190734863,9.09000015258789,10.529399871826172,20331,0.0,0.0
2022-11-22 12:30:00-05:00,10.199999809265137,10.699999809265137,9.800000190734863,10.029999732971191,40789,0.0,0.0
2022-11-22 13:30:00-05:00,10.029999732971191,10.029999732971191,9.199999809265137,9.199999809265137,4555,0.0,0.0
2022-11-22 14:30:00-05:00,9.84000015258789,9.859999656677246,9.680000305175781,9.859999656677246,1207,0.0,0.0
2022-11-22 15:30:00-05:00,9.550000190734863,9.979999542236328,9.0,9.170000076293945,0,0.0,0.0
2022-11-23 09:30:00-05:00,10.09000015258789,11.119999885559082,9.699999809265137,10.09119987487793,52074,0.0,0.0
2022-11-23 10:30:00-05:00,10.149999618530273,10.343799591064453,10.039999961853027,10.09000015258789,11291,0.0,0.0
2022-11-23 11:30:00-05:00,10.079999923706055,10.079999923706055,9.649999618530273,9.710000038146973,8424,0.0,0.0
2022-11-23 12:30:00-05:00,9.960000038146973,10.5,9.930000305175781,10.239999771118164,25094,0.0,0.0
2022-11-23 14:30:00-05:00,9.899999618530273,10.130000114440918,9.899999618530273,10.130000114440918,1313,0.0,0.0
2022-11-23 15:30:00-05:00,10.165499687194824,10.1899995803833,10.0,10.100000381469727,2032,0.0,0.0
2022-11-25 09:30:00-05:00,10.199999809265137,10.369999885559082,10.199999809265137,10.300000190734863,4827,0.0,0.0
2022-11-25 10:30:00-05:00,10.34000015258789,10.390000343322754,10.25,10.390000343322754,7179,0.0,0.0
2022-11-25 11:30:00-05:00,10.300000190734863,10.300000190734863,10.260000228881836,10.260000228881836,1487,0.0,0.0
2022-11-28 09:30:00-05:00,10.600000381469727,11.979999542236328,10.600000381469727,11.20199966430664,19494,0.0,0.0
2022-11-28 10:30:00-05:00,11.709400177001953,11.709400177001953,11.180000305175781,11.470000267028809,9823,0.0,0.0
2022-11-28 11:30:00-05:00,11.600000381469727,11.609999656677246,11.600000381469727,11.600000381469727,2598,0.0,0.0
2022-11-28 13:30:00-05:00,11.78499984741211,12.199999809265137,11.78499984741211,12.12600040435791,15374,0.0,0.0
2022-11-28 14:30:00-05:00,12.082200050354004,12.5,11.899999618530273,12.119999885559082,24272,0.0,0.0
2022-11-28 15:30:00-05:00,11.8100004196167,12.119999885559082,11.560600280761719,12.119999885559082,4744,0.0,0.0
2022-11-29 09:30:00-05:00,12.600000381469727,13.75,12.119999885559082,13.449999809265137,41467,0.0,0.0
2022-11-29 10:30:00-05:00,13.380000114440918,13.699999809265137,13.359999656677246,13.359999656677246,6835,0.0,0.0
2022-11-29 11:30:00-05:00,13.300000190734863,13.699999809265137,13.300000190734863,13.600000381469727,5386,0.0,0.0
2022-11-29 12:30:00-05:00,13.57979965209961,13.57979965209961,13.100000381469727,13.220000267028809,4263,0.0,0.0
2022-11-29 13:30:00-05:00,13.0600004196167,13.15999984741211,13.027999877929688,13.027999877929688,1993,0.0,0.0
2022-11-29 14:30:00-05:00,13.0,13.0,13.0,13.0,678,0.0,0.0
2022-11-29 15:30:00-05:00,13.0,13.65999984741211,13.0,13.65999984741211,0,0.0,0.0
2022-11-30 09:30:00-05:00,13.229999542236328,13.383999824523926,13.010000228881836,13.039999961853027,15239,0.0,0.0
2022-11-30 10:30:00-05:00,12.911499977111816,14.850000381469727,12.911499977111816,14.850000381469727,10036,0.0,0.0
2022-11-30 11:30:00-05:00,14.880000114440918,14.936200141906738,13.000100135803223,13.000100135803223,17424,0.0,0.0
2022-11-30 12:30:00-05:00,13.459799766540527,13.459799766540527,13.459799766540527,13.459799766540527,609,0.0,0.0
2022-11-30 13:30:00-05:00,13.411499977111816,13.720000267028809,13.350000381469727,13.720000267028809,6019,0.0,0.0
2022-11-30 14:30:00-05:00,13.719900131225586,13.719900131225586,13.719900131225586,13.719900131225586,456,0.0,0.0
2022-11-30 15:30:00-05:00,13.65999984741211,14.140000343322754,13.330400466918945,14.0600004196167,5092,0.0,0.0
2022-12-01 09:30:00-05:00,13.390000343322754,13.65999984741211,13.390000343322754,13.548700332641602,0,0.0,0.0
2022-12-01 10:30:00-05:00,13.350000381469727,13.350000381469727,13.350000381469727,13.350000381469727,592,0.0,0.0
2022-12-01 11:30:00-05:00,13.349900245666504,13.349900245666504,13.225000381469727,13.225000381469727,1176,0.0,0.0
2022-12-01 12:30:00-05:00,13.11050033569336,13.11050033569336,11.989999771118164,12.5,7940,0.0,0.0
2022-12-01 13:30:00-05:00,12.270099639892578,13.949999809265137,12.270099639892578,13.949999809265137,6347,0.0,0.0
2022-12-01 14:30:00-05:00,13.609999656677246,13.630000114440918,13.609999656677246,13.609999656677246,1676,0.0,0.0
2022-12-01 15:30:00-05:00,13.300000190734863,13.84000015258789,13.300000190734863,13.829999923706055,3280,0.0,0.0
2022-12-02 09:30:00-05:00,13.510000228881836,13.949999809265137,12.789999961853027,13.949999809265137,10306,0.0,0.0
2022-12-02 10:30:00-05:00,13.479999542236328,13.949999809265137,13.34000015258789,13.520000457763672,4667,0.0,0.0
2022-12-02 11:30:00-05:00,13.529999732971191,13.779999732971191,13.510000228881836,13.779999732971191,1960,0.0,0.0
2022-12-02 12:30:00-05:00,13.779999732971191,13.779999732971191,13.25,13.25,2386,0.0,0.0
2022-12-02 13:30:00-05:00,13.289999961853027,13.289999961853027,13.289999961853027,13.289999961853027,289,0.0,0.0
2022-12-02 14:30:00-05:00,13.279999732971191,13.279999732971191,13.279999732971191,13.279999732971191,207,0.0,0.0
2022-12-02 15:30:00-05:00,13.0,13.0,13.0,13.0,437,0.0,0.0
2022-12-05 09:30:00-05:00,12.819999694824219,13.300000190734863,9.739999771118164,9.960000038146973,26642,0.0,0.0
2022-12-05 10:30:00-05:00,9.279999732971191,10.010000228881836,9.0,9.510000228881836,14457,0.0,0.0
2022-12-05 11:30:00-05:00,9.510000228881836,10.199999809265137,9.449999809265137,9.789999961853027,10802,0.0,0.0
2022-12-05 12:30:00-05:00,9.600000381469727,9.75,9.279999732971191,9.739999771118164,3160,0.0,0.0
2022-12-05 13:30:00-05:00,9.729999542236328,9.899999618530273,9.5,9.649999618530273,3961,0.0,0.0
2022-12-05 14:30:00-05:00,9.899999618530273,10.199999809265137,9.774999618530273,9.979999542236328,3132,0.0,0.0
2022-12-05 15:30:00-05:00,9.920000076293945,10.020000457763672,9.789999961853027,9.800000190734863,2934,0.0,0.0
2022-12-06 09:30:00-05:00,10.399999618530273,10.399999618530273,9.240799903869629,9.600000381469727,11746,0.0,0.0
2022-12-06 10:30:00-05:00,9.79990005493164,9.800000190734863,9.5,9.5,9782,0.0,0.0
2022-12-06 11:30:00-05:00,9.362700462341309,9.362700462341309,8.010000228881836,9.300000190734863,10395,0.0,0.0
2022-12-06 12:30:00-05:00,9.016799926757812,9.25,8.59000015258789,8.850000381469727,6849,0.0,0.0
2022-12-06 13:30:00-05:00,9.010000228881836,9.204999923706055,8.947199821472168,9.077799797058105,2552,0.0,0.0
2022-12-06 15:30:00-05:00,9.0600004196167,9.329999923706055,9.020000457763672,9.020000457763672,0,0.0,0.0
2022-12-07 09:30:00-05:00,9.220000267028809,9.220000267028809,8.15779972076416,8.15779972076416,11655,0.0,0.0
2022-12-07 10:30:00-05:00,7.880000114440918,8.140000343322754,7.500100135803223,7.789999961853027,21490,0.0,0.0
2022-12-07 11:30:00-05:00,7.78000020980835,7.973400115966797,7.500899791717529,7.968200206756592,8673,0.0,0.0
2022-12-07 12:30:00-05:00,7.889999866485596,8.010000228881836,7.742199897766113,7.742199897766113,1166,0.0,0.0
2022-12-07 13:30:00-05:00,8.069999694824219,8.069999694824219,7.809999942779541,8.010000228881836,1437,0.0,0.0
2022-12-07 14:30:00-05:00,8.010000228881836,8.010000228881836,7.855000019073486,7.940000057220459,1596,0.0,0.0
2022-12-07 15:30:00-05:00,8.0,8.0,7.900000095367432,7.900000095367432,893,0.0,0.0
2022-12-08 09:30:00-05:00,8.289999961853027,8.430000305175781,8.109999656677246,8.180399894714355,6479,0.0,0.0
2022-12-08 10:30:00-05:00,8.266799926757812,8.289999961853027,8.240300178527832,8.260000228881836,2757,0.0,0.0
2022-12-08 11:30:00-05:00,8.241000175476074,8.260000228881836,8.229999542236328,8.229999542236328,735,0.0,0.0
2022-12-08 13:30:00-05:00,8.350000381469727,8.799599647521973,8.350000381469727,8.699999809265137,5206,0.0,0.0
2022-12-08 14:30:00-05:00,9.399999618530273,9.425000190734863,8.664199829101562,8.664199829101562,3709,0.0,0.0
2022-12-08 15:30:00-05:00,8.649999618530273,8.649999618530273,8.649999618530273,8.649999618530273,220,0.0,0.0
2022-12-09 09:30:00-05:00,8.65999984741211,8.949999809265137,8.5,8.949999809265137,6578,0.0,0.0
2022-12-09 10:30:00-05:00,8.699999809265137,8.760000228881836,8.65999984741211,8.65999984741211,1491,0.0,0.0
2022-12-09 11:30:00-05:00,8.70009994506836,8.779999732971191,8.553000450134277,8.779999732971191,3885,0.0,0.0
2022-12-09 12:30:00-05:00,8.680000305175781,8.989999771118164,8.59000015258789,8.59000015258789,5491,0.0,0.0
2022-12-09 13:30:00-05:00,8.630000114440918,8.779999732971191,8.630000114440918,8.739999771118164,757,0.0,0.0
2022-12-09 14:30:00-05:00,8.600000381469727,8.600099563598633,8.600000381469727,8.600099563598633,4270,0.0,0.0
2022-12-09 15:30:00-05:00,8.649999618530273,8.760000228881836,8.600000381469727,8.760000228881836,406,0.0,0.0
2022-12-12 09:30:00-05:00,8.569999694824219,8.600000381469727,8.024100303649902,8.300000190734863,7690,0.0,0.0
2022-12-12 10:30:00-05:00,8.5,8.510000228881836,8.359999656677246,8.489999771118164,6498,0.0,0.0
2022-12-12 11:30:00-05:00,8.529999732971191,8.670000076293945,8.529999732971191,8.670000076293945,3261,0.0,0.0
2022-12-12 12:30:00-05:00,9.100000381469727,9.4399995803833,8.819899559020996,8.84000015258789,2836,0.0,0.0
2022-12-12 13:30:00-05:00,8.760000228881836,8.899999618530273,8.600000381469727,8.899999618530273,2021,0.0,0.0
2022-12-12 14:30:00-05:00,8.704999923706055,9.649999618530273,8.704999923706055,9.34000015258789,9514,0.0,0.0
2022-12-12 15:30:00-05:00,8.818499565124512,9.4350004196167,8.818499565124512,9.319999694824219,9959,0.0,0.0
2022-12-13 09:30:00-05:00,9.720000267028809,9.720000267028809,8.550000190734863,9.069999694824219,0,0.0,0.0
2022-12-13 10:30:00-05:00,9.670000076293945,9.670000076293945,9.489999771118164,9.489999771118164,2459,0.0,0.0
2022-12-13 11:30:00-05:00,9.100000381469727,9.470000267028809,9.069999694824219,9.069999694824219,9922,0.0,0.0
2022-12-13 12:30:00-05:00,8.949999809265137,9.050000190734863,8.949999809265137,8.984999656677246,765,0.0,0.0
2022-12-13 13:30:00-05:00,9.229999542236328,9.239999771118164,8.609999656677246,9.069999694824219,3261,0.0,0.0
2022-12-13 14:30:00-05:00,9.0,9.0,8.694999694824219,8.694999694824219,853,0.0,0.0
2022-12-14 09:30:00-05:00,8.65999984741211,8.930000305175781,8.354999542236328,8.930000305175781,5558,0.0,0.0
2022-12-14 10:30:00-05:00,9.0,9.649999618530273,9.0,9.020000457763672,8691,0.0,0.0
2022-12-14 11:30:00-05:00,9.270000457763672,9.270000457763672,8.75,8.770000457763672,6307,0.0,0.0
2022-12-14 12:30:00-05:00,8.84000015258789,8.899999618530273,8.84000015258789,8.899999618530273,1527,0.0,0.0
2022-12-14 13:30:00-05:00,8.859999656677246,8.954999923706055,7.995999813079834,8.399999618530273,9365,0.0,0.0
2022-12-14 14:30:00-05:00,8.640000343322754,8.789999961853027,8.3100004196167,8.4399995803833,5355,0.0,0.0
2022-12-14 15:30:00-05:00,8.460000038146973,8.520000457763672,8.369999885559082,8.369999885559082,864,0.0,0.0
2022-12-15 09:30:00-05:00,8.5,8.510000228881836,8.149999618530273,8.300000190734863,0,0.0,0.0
2022-12-15 10:30:00-05:00,8.180000305175781,8.710000038146973,8.180000305175781,8.529999732971191,5179,0.0,0.0
2022-12-15 11:30:00-05:00,8.010000228881836,8.529999732971191,8.010000228881836,8.529999732971191,1203,0.0,0.0
2022-12-15 12:30:00-05:00,8.529999732971191,8.529999732971191,8.529999732971191,8.529999732971191,296,0.0,0.0
2022-12-15 13:30:00-05:00,8.5600004196167,8.5600004196167,8.5600004196167,8.5600004196167,643,0.0,0.0
2022-12-15 14:30:00-05:00,8.579999923706055,8.60260009765625,8.199999809265137,8.210000038146973,0,0.0,0.0
2022-12-16 09:30:00-05:00,8.100000381469727,8.78320026397705,7.514999866485596,8.168399810791016,6872,0.0,0.0
2022-12-16 10:30:00-05:00,8.157299995422363,8.15999984741211,8.157299995422363,8.15999984741211,527,0.0,0.0
2022-12-16 11:30:00-05:00,8.149999618530273,8.350000381469727,8.0,8.0,4599,0.0,0.0
2022-12-16 12:30:00-05:00,8.779999732971191,8.779999732971191,8.779999732971191,8.779999732971191,520,0.0,0.0
2022-12-16 13:30:00-05:00,8.399999618530273,8.765000343322754,8.399999618530273,8.760000228881836,1814,0.0,0.0
2022-12-16 15:30:00-05:00,8.600000381469727,10.270000457763672,8.220000267028809,10.270000457763672,16744,0.0,0.0
2022-12-19 09:30:00-05:00,9.869999885559082,9.869999885559082,8.770000457763672,9.0,8328,0.0,0.0
2022-12-19 10:30:00-05:00,8.975000381469727,9.279999732971191,8.975000381469727,9.279999732971191,1127,0.0,0.0
2022-12-19 11:30:00-05:00,9.279999732971191,9.279999732971191,9.109999656677246,9.109999656677246,1682,0.0,0.0
2022-12-19 13:30:00-05:00,9.055000305175781,9.055000305175781,9.055000305175781,9.055000305175781,108,0.0,0.0
2022-12-19 14:30:00-05:00,9.0,9.010000228881836,8.170000076293945,8.245400428771973,7320,0.0,0.0
2022-12-19 15:30:00-05:00,8.25,8.325499534606934,8.25,8.319999694824219,704,0.0,0.0
2022-12-20 09:30:00-05:00,7.949999809265137,8.489999771118164,7.949999809265137,8.420000076293945,0,0.0,0.0
2022-12-20 10:30:00-05:00,8.489999771118164,9.789899826049805,8.390000343322754,8.649999618530273,33413,0.0,0.0
2022-12-20 11:30:00-05:00,8.510000228881836,8.75,8.5,8.5,1818,0.0,0.0
2022-12-20 12:30:00-05:00,8.649999618530273,8.8100004196167,8.649999618530273,8.8100004196167,1439,0.0,0.0
2022-12-20 13:30:00-05:00,8.760000228881836,8.9399995803833,8.46500015258789,8.550000190734863,9290,0.0,0.0
2022-12-20 14:30:00-05:00,8.399999618530273,8.399999618530273,8.399999618530273,8.399999618530273,101,0.0,0.0
2022-12-20 15:30:00-05:00,8.378600120544434,8.40999984741211,8.34000015258789,8.34000015258789,1574,0.0,0.0
2022-12-21 09:30:00-05:00,8.550000190734863,8.75,8.550000190734863,8.550000190734863,0,0.0,0.0
2022-12-21 10:30:00-05:00,8.25,8.550000190734863,7.994999885559082,7.999800205230713,5842,0.0,0.0
2022-12-21 11:30:00-05:00,8.199999809265137,8.75,8.170000076293945,8.449999809265137,10012,0.0,0.0
2022-12-21 13:30:00-05:00,8.199999809265137,8.350000381469727,8.199999809265137,8.199999809265137,1908,0.0,0.0
2022-12-21 14:30:00-05:00,8.34000015258789,8.34000015258789,8.34000015258789,8.34000015258789,537,0.0,0.0
2022-12-21 15:30:00-05:00,8.40999984741211,8.600000381469727,8.250699996948242,8.59000015258789,2718,0.0,0.0
2022-12-22 09:30:00-05:00,8.260000228881836,8.600000381469727,8.119999885559082,8.120400428771973,0,0.0,0.0
2022-12-22 10:30:00-05:00,8.333999633789062,8.333999633789062,8.333999633789062,8.333999633789062,158,0.0,0.0
2022-12-22 11:30:00-05:00,8.079999923706055,8.100000381469727,8.079999923706055,8.100000381469727,2339,0.0,0.0
2022-12-22 13:30:00-05:00,8.0600004196167,8.0600004196167,8.0600004196167,8.0600004196167,380,0.0,0.0
2022-12-22 14:30:00-05:00,8.359999656677246,8.850000381469727,8.359999656677246,8.53320026397705,2747,0.0,0.0
2022-12-22 15:30:00-05:00,8.600000381469727,8.600000381469727,8.5,8.5,3337,0.0,0.0
2022-12-23 09:30:00-05:00,8.369999885559082,8.369999885559082,8.369999885559082,8.369999885559082,0,0.0,0.0
2022-12-23 10:30:00-05:00,8.529899597167969,8.529899597167969,8.260000228881836,8.270000457763672,2644,0.0,0.0
2022-12-23 11:30:00-05:00,8.060099601745605,8.270000457763672,8.060099601745605,8.119999885559082,621,0.0,0.0
2022-12-23 12:30:00-05:00,8.125,8.180000305175781,8.125,8.180000305175781,622,0.0,0.0
2022-12-23 13:30:00-05:00,8.220000267028809,8.220000267028809,8.199999809265137,8.199999809265137,1124,0.0,0.0
2022-12-23 14:30:00-05:00,8.25,8.25,8.109999656677246,8.109999656677246,216,0.0,0.0
2022-12-23 15:30:00-05:00,8.239999771118164,8.34000015258789,8.239999771118164,8.34000015258789,336,0.0,0.0
2022-12-27 09:30:00-05:00,8.15999984741211,8.15999984741211,8.15999984741211,8.15999984741211,839,0.0,0.0
2022-12-27 12:30:00-05:00,8.510000228881836,8.510000228881836,7.914999961853027,8.006199836730957,1115,0.0,0.0
2022-12-27 13:30:00-05:00,8.050000190734863,8.050000190734863,8.050000190734863,8.050000190734863,1587,0.0,0.0
2022-12-27 15:30:00-05:00,8.300000190734863,8.300000190734863,7.900000095367432,7.96999979019165,1337,0.0,0.0
2022-12-28 09:30:00-05:00,8.350000381469727,8.350000381469727,8.350000381469727,8.350000381469727,2050,0.0,0.0
2022-12-28 10:30:00-05:00,7.889999866485596,8.199999809265137,7.789999961853027,8.199999809265137,3660,0.0,0.0
2022-12-28 11:30:00-05:00,8.25,8.350000381469727,7.949999809265137,8.020000457763672,12304,0.0,0.0
2022-12-28 12:30:00-05:00,8.100000381469727,8.100000381469727,8.100000381469727,8.100000381469727,3525,0.0,0.0
2022-12-28 13:30:00-05:00,7.949999809265137,7.949999809265137,7.769999980926514,7.929999828338623,1428,0.0,0.0
2022-12-28 14:30:00-05:00,8.0,8.0,7.960000038146973,7.960000038146973,625,0.0,0.0
2022-12-28 15:30:00-05:00,7.880000114440918,7.880000114440918,7.650000095367432,7.650000095367432,1189,0.0,0.0
2022-12-29 09:30:00-05:00,7.550000190734863,7.550000190734863,7.550000190734863,7.550000190734863,0,0.0,0.0
2022-12-29 12:30:00-05:00,7.199999809265137,7.199999809265137,7.190000057220459,7.190000057220459,1511,0.0,0.0
2022-12-29 13:30:00-05:00,7.300000190734863,7.300000190734863,7.170000076293945,7.179999828338623,1171,0.0,0.0
2022-12-30 09:30:00-05:00,7.210000038146973,8.03600025177002,7.210000038146973,7.599999904632568,0,0.0,0.0
2022-12-30 10:30:00-05:00,7.96999979019165,8.210000038146973,7.800000190734863,7.800000190734863,4438,0.0,0.0
2022-12-30 11:30:00-05:00,7.994999885559082,8.390000343322754,7.994999885559082,8.390000343322754,5223,0.0,0.0
2022-12-30 12:30:00-05:00,8.350000381469727,8.5,8.020000457763672,8.420000076293945,22934,0.0,0.0
2022-12-30 13:30:00-05:00,8.4399995803833,8.4399995803833,8.15999984741211,8.15999984741211,8933,0.0,0.0
2022-12-30 14:30:00-05:00,8.4399995803833,8.5,8.13759994506836,8.479999542236328,28342,0.0,0.0
2022-12-30 15:30:00-05:00,8.369999885559082,8.5,8.359999656677246,8.5,1222,0.0,0.0
2023-01-03 09:30:00-05:00,8.390000343322754,9.28499984741211,7.860000133514404,9.28499984741211,6281,0.0,0.0
2023-01-03 10:30:00-05:00,9.0600004196167,9.079999923706055,8.3100004196167,8.619999885559082,9811,0.0,0.0
2023-01-03 11:30:00-05:00,8.449999809265137,8.869999885559082,8.449999809265137,8.869999885559082,6952,0.0,0.0
2023-01-03 12:30:00-05:00,8.65999984741211,8.979999542236328,8.199999809265137,8.600000381469727,40327,0.0,0.0
2023-01-03 13:30:00-05:00,8.680000305175781,8.734999656677246,8.680000305175781,8.720000267028809,1130,0.0,0.0
2023-01-03 14:30:00-05:00,8.460000038146973,8.460000038146973,8.460000038146973,8.460000038146973,229,0.0,0.0
2023-01-04 09:30:00-05:00,8.020000457763672,8.020000457763672,6.809999942779541,7.25,24866,0.0,0.0
2023-01-04 10:30:00-05:00,7.25,8.0,7.190000057220459,8.0,33857,0.0,0.0
2023-01-04 11:30:00-05:00,8.0,8.920000076293945,7.960000038146973,8.609999656677246,33428,0.0,0.0
2023-01-04 12:30:00-05:00,8.712699890136719,8.899999618530273,7.920000076293945,8.850000381469727,27079,0.0,0.0
2023-01-04 13:30:00-05:00,8.710000038146973,9.210000038146973,8.420000076293945,8.890000343322754,39032,0.0,0.0
2023-01-04 14:30:00-05:00,8.84000015258789,8.890000343322754,8.380000114440918,8.75,42500,0.0,0.0
2023-01-04 15:30:00-05:00,8.569999694824219,8.569999694824219,8.430000305175781,8.430000305175781,1589,0.0,0.0
2023-01-05 09:30:00-05:00,8.420000076293945,8.935999870300293,8.390899658203125,8.760000228881836,0,0.0,0.0
2023-01-05 10:30:00-05:00,8.399999618530273,8.430000305175781,8.220000267028809,8.40999984741211,9185,0.0,0.0
2023-01-05 11:30:00-05:00,8.430000305175781,8.739999771118164,8.329999923706055,8.70989990234375,62732,0.0,0.0
2023-01-05 12:30:00-05:00,8.65999984741211,8.65999984741211,8.600000381469727,8.600000381469727,1863,0.0,0.0
2023-01-05 14:30:00-05:00,8.23009967803955,8.23009967803955,8.100000381469727,8.100000381469727,806,0.0,0.0
2023-01-05 15:30:00-05:00,7.900100231170654,8.260000228881836,7.900100231170654,8.100000381469727,10816,0.0,0.0
2023-01-06 09:30:00-05:00,8.180000305175781,8.34000015258789,8.02649974822998,8.300000190734863,0,0.0,0.0
2023-01-06 10:30:00-05:00,8.119999885559082,8.800000190734863,8.119999885559082,8.800000190734863,4081,0.0,0.0
2023-01-06 11:30:00-05:00,8.890000343322754,9.0,8.739999771118164,9.0,7877,0.0,0.0
2023-01-06 12:30:00-05:00,9.0,9.0,8.5,8.699999809265137,5289,0.0,0.0
2023-01-06 13:30:00-05:00,8.699999809265137,8.989999771118164,8.600000381469727,8.989999771118164,3679,0.0,0.0
2023-01-06 14:30:00-05:00,8.927300453186035,8.989999771118164,8.71500015258789,8.989999771118164,1466,0.0,0.0
2023-01-06 15:30:00-05:00,9.102700233459473,9.102700233459473,8.8100004196167,8.8100004196167,614,0.0,0.0
2023-01-09 09:30:00-05:00,9.710000038146973,9.710000038146973,8.8100004196167,9.59000015258789,0,0.0,0.0
2023-01-09 10:30:00-05:00,9.59000015258789,9.59000015258789,9.218000411987305,9.385499954223633,4373,0.0,0.0
2023-01-09 11:30:00-05:00,8.90999984741211,9.5,8.850000381469727,9.319999694824219,13272,0.0,0.0
2023-01-09 13:30:00-05:00,9.319999694824219,9.319999694824219,9.319999694824219,9.319999694824219,1147,0.0,0.0
2023-01-09 14:30:00-05:00,9.470000267028809,9.5,9.240099906921387,9.5,1102,0.0,0.0
2023-01-09 15:30:00-05:00,9.455699920654297,9.779999732971191,9.220000267028809,9.779999732971191,1417,0.0,0.0
2023-01-10 09:30:00-05:00,9.5600004196167,9.5600004196167,9.15999984741211,9.15999984741211,1056,0.0,0.0
2023-01-10 11:30:00-05:00,9.100000381469727,9.4399995803833,9.100000381469727,9.4399995803833,910,0.0,0.0
2023-01-10 12:30:00-05:00,9.59000015258789,9.609999656677246,9.59000015258789,9.600000381469727,962,0.0,0.0
2023-01-10 14:30:00-05:00,9.539999961853027,9.539999961853027,9.539999961853027,9.539999961853027,835,0.0,0.0
2023-01-10 15:30:00-05:00,9.484999656677246,9.484999656677246,9.484999656677246,9.484999656677246,271,0.0,0.0
2023-01-11 09:30:00-05:00,9.380000114440918,9.729999542236328,8.899999618530273,9.649999618530273,2353,0.0,0.0
2023-01-11 10:30:00-05:00,9.619999885559082,9.619999885559082,9.609999656677246,9.609999656677246,577,0.0,0.0
2023-01-11 11:30:00-05:00,9.279999732971191,9.630000114440918,9.279999732971191,9.619999885559082,6142,0.0,0.0
2023-01-11 12:30:00-05:00,9.420000076293945,9.720000267028809,9.420000076293945,9.550000190734863,1881,0.0,0.0
2023-01-11 13:30:00-05:00,9.520000457763672,9.520000457763672,9.520000457763672,9.520000457763672,440,0.0,0.0
2023-01-11 14:30:00-05:00,9.630000114440918,9.720000267028809,9.59000015258789,9.720000267028809,9404,0.0,0.0
2023-01-11 15:30:00-05:00,9.720000267028809,9.720000267028809,9.720000267028809,9.720000267028809,784,0.0,0.0
2023-01-12 09:30:00-05:00,9.420000076293945,9.520000457763672,9.420000076293945,9.520000457763672,0,0.0,0.0
2023-01-12 10:30:00-05:00,9.640000343322754,9.720000267028809,9.520000457763672,9.630000114440918,4823,0.0,0.0
2023-01-12 11:30:00-05:00,9.550000190734863,9.729499816894531,9.550000190734863,9.650099754333496,10954,0.0,0.0
2023-01-12 13:30:00-05:00,9.59000015258789,9.654999732971191,9.370400428771973,9.463000297546387,2509,0.0,0.0
2023-01-12 15:30:00-05:00,9.5,9.510000228881836,9.40999984741211,9.510000228881836,1409,0.0,0.0
2023-01-13 09:30:00-05:00,9.300000190734863,9.300000190734863,9.300000190734863,9.300000190734863,0,0.0,0.0
2023-01-13 10:30:00-05:00,8.994999885559082,8.994999885559082,8.550000190734863,8.550000190734863,487,0.0,0.0
2023-01-13 11:30:00-05:00,9.0,9.34000015258789,8.979999542236328,9.119999885559082,2794,0.0,0.0
2023-01-13 12:30:00-05:00,9.050000190734863,9.050000190734863,9.0,9.0,2044,0.0,0.0
2023-01-13 13:30:00-05:00,8.989999771118164,8.989999771118164,8.989999771118164,8.989999771118164,1081,0.0,0.0
2023-01-13 14:30:00-05:00,8.989999771118164,8.989999771118164,8.800000190734863,8.800000190734863,671,0.0,0.0
2023-01-13 15:30:00-05:00,8.819999694824219,8.819999694824219,8.819999694824219,8.819999694824219,462,0.0,0.0
2023-01-17 10:30:00-05:00,8.819999694824219,8.819999694824219,8.8100004196167,8.819999694824219,3338,0.0,0.0
2023-01-17 11:30:00-05:00,9.15999984741211,9.170000076293945,9.149999618530273,9.170000076293945,600,0.0,0.0
2023-01-17 12:30:00-05:00,9.199999809265137,9.520099639892578,9.086000442504883,9.5,6132,0.0,0.0
2023-01-17 13:30:00-05:00,9.300000190734863,9.300000190734863,9.300000190734863,9.300000190734863,1662,0.0,0.0
2023-01-17 14:30:00-05:00,9.399999618530273,9.399999618530273,9.399999618530273,9.399999618530273,1297,0.0,0.0
2023-01-17 15:30:00-05:00,9.800000190734863,9.800000190734863,9.800000190734863,9.800000190734863,0,0.0,0.0
2023-01-18 09:30:00-05:00,9.75,9.869999885559082,9.75,9.869999885559082,3229,0.0,0.0
2023-01-18 10:30:00-05:00,9.880000114440918,9.880000114440918,9.680000305175781,9.880000114440918,6818,0.0,0.0
2023-01-18 11:30:00-05:00,9.880000114440918,9.899999618530273,9.859999656677246,9.880000114440918,3583,0.0,0.0
2023-01-18 12:30:00-05:00,9.899999618530273,10.199999809265137,9.829999923706055,10.199999809265137,5435,0.0,0.0
2023-01-18 13:30:00-05:00,10.09000015258789,10.09000015258789,10.09000015258789,10.09000015258789,1304,0.0,0.0
2023-01-18 15:30:00-05:00,10.369999885559082,10.380000114440918,10.369999885559082,10.380000114440918,0,0.0,0.0
2023-01-19 09:30:00-05:00,10.34000015258789,10.359999656677246,10.100000381469727,10.100000381469727,1308,0.0,0.0
2023-01-19 10:30:00-05:00,9.510000228881836,9.84000015258789,9.510000228881836,9.84000015258789,3035,0.0,0.0
2023-01-19 11:30:00-05:00,10.350000381469727,10.600000381469727,9.569999694824219,10.0,6089,0.0,0.0
2023-01-19 12:30:00-05:00,10.475199699401855,10.475199699401855,10.0,10.09000015258789,5424,0.0,0.0
2023-01-19 13:30:00-05:00,10.194999694824219,10.479999542236328,9.989999771118164,10.479999542236328,1360,0.0,0.0
2023-01-19 14:30:00-05:00,9.989999771118164,10.109999656677246,9.989999771118164,10.020000457763672,500,0.0,0.0
2023-01-19 15:30:00-05:00,10.220000267028809,10.380000114440918,10.180000305175781,10.380000114440918,0,0.0,0.0
2023-01-20 09:30:00-05:00,10.380000114440918,10.380000114440918,10.380000114440918,10.380000114440918,1074,0.0,0.0
2023-01-20 12:30:00-05:00,9.789999961853027,10.350000381469727,9.675000190734863,10.300000190734863,3098,0.0,0.0
2023-01-20 13:30:00-05:00,10.34000015258789,10.48270034790039,10.34000015258789,10.40999984741211,8687,0.0,0.0
2023-01-20 14:30:00-05:00,10.444999694824219,10.444999694824219,10.390000343322754,10.390000343322754,453,0.0,0.0
2023-01-20 15:30:00-05:00,9.914999961853027,10.5,9.914999961853027,10.5,4321,0.0,0.0
2023-01-23 09:30:00-05:00,10.760000228881836,11.6899995803833,10.4399995803833,11.25,0,0.0,0.0
2023-01-23 10:30:00-05:00,10.699999809265137,10.880000114440918,10.579999923706055,10.770000457763672,5790,0.0,0.0
2023-01-23 12:30:00-05:00,10.770000457763672,10.770000457763672,10.770000457763672,10.770000457763672,4079,0.0,0.0
2023-01-23 13:30:00-05:00,10.8100004196167,11.109999656677246,10.8100004196167,10.960000038146973,5030,0.0,0.0
2023-01-23 14:30:00-05:00,10.6899995803833,10.890000343322754,10.640000343322754,10.846699714660645,3508,0.0,0.0
2023-01-23 15:30:00-05:00,10.919500350952148,11.15999984741211,10.850000381469727,11.15999984741211,691,0.0,0.0
2023-01-24 09:30:00-05:00,10.880000114440918,11.140000343322754,10.399999618530273,11.140000343322754,0,0.0,0.0
2023-01-24 10:30:00-05:00,10.670000076293945,11.449999809265137,10.520000457763672,11.449999809265137,2833,0.0,0.0
2023-01-24 11:30:00-05:00,10.670000076293945,11.35990047454834,10.65999984741211,11.0,1265,0.0,0.0
2023-01-24 14:30:00-05:00,10.880000114440918,10.880000114440918,10.880000114440918,10.880000114440918,263,0.0,0.0
2023-01-24 15:30:00-05:00,10.510000228881836,10.619999885559082,10.510000228881836,10.619999885559082,376,0.0,0.0
2023-01-25 09:30:00-05:00,10.800000190734863,10.800000190734863,10.199999809265137,10.40999984741211,0,0.0,0.0
2023-01-25 10:30:00-05:00,10.489999771118164,11.114999771118164,10.25,10.25,9084,0.0,0.0
2023-01-25 11:30:00-05:00,10.760000228881836,11.649999618530273,10.670000076293945,11.640000343322754,26038,0.0,0.0
2023-01-25 12:30:00-05:00,11.670000076293945,12.0,10.88010025024414,11.210000038146973,8500,0.0,0.0
2023-01-25 14:30:00-05:00,11.494999885559082,11.5,11.25,11.5,8022,0.0,0.0
2023-01-25 15:30:00-05:00,11.510000228881836,12.5,11.095000267028809,12.050000190734863,47874,0.0,0.0
2023-01-26 09:30:00-05:00,11.819999694824219,12.100000381469727,11.260000228881836,12.100000381469727,9729,0.0,0.0
2023-01-26 10:30:00-05:00,12.140000343322754,12.211299896240234,12.130000114440918,12.1899995803833,8718,0.0,0.0
2023-01-26 11:30:00-05:00,12.199999809265137,12.652600288391113,12.199999809265137,12.652600288391113,19748,0.0,0.0
2023-01-26 12:30:00-05:00,12.60770034790039,13.779999732971191,12.60770034790039,13.65999984741211,52655,0.0,0.0
2023-01-26 13:30:00-05:00,13.604399681091309,13.604399681091309,13.329999923706055,13.329999923706055,4500,0.0,0.0
2023-01-26 14:30:00-05:00,13.399999618530273,13.399999618530273,13.180000305175781,13.1899995803833,7461,0.0,0.0
2023-01-26 15:30:00-05:00,13.489999771118164,13.489999771118164,13.489999771118164,13.489999771118164,0,0.0,0.0
2023-01-27 09:30:00-05:00,13.539999961853027,14.149999618530273,13.539999961853027,13.710000038146973,9085,0.0,0.0
2023-01-27 10:30:00-05:00,13.960000038146973,14.15999984741211,13.329999923706055,13.329999923706055,6562,0.0,0.0
2023-01-27 11:30:00-05:00,13.399999618530273,13.5,13.399999618530273,13.5,609,0.0,0.0
2023-01-27 12:30:00-05:00,13.407699584960938,13.407699584960938,13.407699584960938,13.407699584960938,536,0.0,0.0
2023-01-27 13:30:00-05:00,13.079999923706055,13.079999923706055,13.079999923706055,13.079999923706055,1192,0.0,0.0
2023-01-27 14:30:00-05:00,13.229999542236328,13.229999542236328,12.40999984741211,12.920000076293945,8696,0.0,0.0
2023-01-27 15:30:00-05:00,12.5600004196167,12.774999618530273,12.130000114440918,12.130000114440918,997,0.0,0.0
2023-01-30 09:30:00-05:00,12.0,12.220000267028809,11.21500015258789,12.0,10518,0.0,0.0
2023-01-30 10:30:00-05:00,12.600000381469727,12.600000381469727,12.370499610900879,12.370499610900879,26812,0.0,0.0
2023-01-30 11:30:00-05:00,12.579999923706055,12.600000381469727,12.270000457763672,12.270000457763672,7417,0.0,0.0
2023-01-30 12:30:00-05:00,12.569999694824219,13.000100135803223,12.569999694824219,13.000100135803223,13364,0.0,0.0
2023-01-30 14:30:00-05:00,13.390000343322754,13.390000343322754,12.540399551391602,12.65999984741211,2805,0.0,0.0
2023-01-30 15:30:00-05:00,13.380000114440918,13.380000114440918,13.380000114440918,13.380000114440918,253,0.0,0.0
2023-01-31 09:30:00-05:00,13.399900436401367,13.847999572753906,13.020000457763672,13.399999618530273,0,0.0,0.0
2023-01-31 10:30:00-05:00,13.399999618530273,14.380000114440918,12.8100004196167,14.380000114440918,25241,0.0,0.0
2023-01-31 11:30:00-05:00,14.382100105285645,14.399999618530273,14.010000228881836,14.399999618530273,32119,0.0,0.0
2023-01-31 12:30:00-05:00,14.399999618530273,14.930000305175781,14.194999694824219,14.899999618530273,63675,0.0,0.0
2023-01-31 13:30:00-05:00,14.899999618530273,14.899999618530273,14.811599731445312,14.811599731445312,776,0.0,0.0
2023-01-31 14:30:00-05:00,14.550000190734863,14.59000015258789,14.010000228881836,14.550000190734863,2265,0.0,0.0
2023-01-31 15:30:00-05:00,14.539999961853027,14.869999885559082,14.539999961853027,14.869999885559082,1331,0.0,0.0
2023-02-01 09:30:00-05:00,14.630000114440918,14.899999618530273,12.550000190734863,14.800000190734863,13429,0.0,0.0
2023-02-01 10:30:00-05:00,15.0,16.190000534057617,14.908599853515625,15.84000015258789,11412,0.0,0.0
2023-02-01 11:30:00-05:00,16.149999618530273,16.665000915527344,15.831000328063965,16.665000915527344,5952,0.0,0.0
2023-02-01 12:30:00-05:00,16.700000762939453,17.989999771118164,16.649999618530273,17.905000686645508,10121,0.0,0.0
2023-02-01 13:30:00-05:00,17.49209976196289,18.18000030517578,17.200000762939453,17.829999923706055,15578,0.0,0.0
2023-02-01 14:30:00-05:00,17.6299991607666,17.899999618530273,17.229999542236328,17.899999618530273,27881,0.0,0.0
2023-02-01 15:30:00-05:00,17.43000030517578,17.43000030517578,16.610000610351562,16.610000610351562,3120,0.0,0.0
2023-02-02 09:30:00-05:00,16.34000015258789,16.34000015258789,15.579999923706055,15.579999923706055,7450,0.0,0.0
2023-02-02 10:30:00-05:00,15.100000381469727,15.720000267028809,14.850000381469727,15.539999961853027,11132,0.0,0.0
2023-02-02 11:30:00-05:00,15.029999732971191,15.489999771118164,14.419099807739258,15.210000038146973,19050,0.0,0.0
2023-02-02 12:30:00-05:00,15.210000038146973,16.649999618530273,14.989999771118164,16.649999618530273,15568,0.0,0.0
2023-02-02 13:30:00-05:00,16.700000762939453,18.191200256347656,16.59000015258789,18.191200256347656,21711,0.0,0.0
2023-02-02 14:30:00-05:00,17.969999313354492,18.0,17.280000686645508,17.420000076293945,10832,0.0,0.0
2023-02-02 15:30:00-05:00,17.020000457763672,17.020000457763672,16.204999923706055,16.25,4473,0.0,0.0
2023-02-03 09:30:00-05:00,15.779999732971191,16.84000015258789,15.091699600219727,16.200000762939453,11831,0.0,0.0
2023-02-03 10:30:00-05:00,16.204999923706055,16.875,16.204999923706055,16.875,1701,0.0,0.0
2023-02-03 11:30:00-05:00,16.75,16.75,16.290000915527344,16.459999084472656,1102,0.0,0.0
2023-02-03 12:30:00-05:00,16.43600082397461,16.43600082397461,16.43600082397461,16.43600082397461,3911,0.0,0.0
2023-02-03 14:30:00-05:00,16.149999618530273,16.149999618530273,16.1299991607666,16.149999618530273,1193,0.0,0.0
2023-02-03 15:30:00-05:00,16.1299991607666,16.1299991607666,16.1299991607666,16.1299991607666,286,0.0,0.0
2023-02-06 09:30:00-05:00,15.770000457763672,15.800000190734863,15.120100021362305,15.120100021362305,2773,0.0,0.0
2023-02-06 10:30:00-05:00,15.600000381469727,16.18000030517578,15.300000190734863,15.300000190734863,6496,0.0,0.0
2023-02-06 11:30:00-05:00,14.8100004196167,14.8100004196167,14.8100004196167,14.8100004196167,990,0.0,0.0
2023-02-06 12:30:00-05:00,15.199999809265137,15.303999900817871,14.90999984741211,15.149999618530273,2447,0.0,0.0
2023-02-06 13:30:00-05:00,15.119999885559082,15.550000190734863,15.029999732971191,15.300000190734863,4596,0.0,0.0
2023-02-06 14:30:00-05:00,15.350000381469727,15.539999961853027,15.049500465393066,15.049500465393066,4897,0.0,0.0
2023-02-06 15:30:00-05:00,15.420000076293945,15.489999771118164,15.420000076293945,15.489999771118164,1548,0.0,0.0
2023-02-07 09:30:00-05:00,15.899999618530273,16.639999389648438,15.100000381469727,16.600000381469727,14208,0.0,0.0
2023-02-07 10:30:00-05:00,16.799999237060547,17.959999084472656,16.799999237060547,17.959999084472656,5751,0.0,0.0
2023-02-07 11:30:00-05:00,18.0,18.0,16.193899154663086,16.193899154663086,11817,0.0,0.0
2023-02-07 12:30:00-05:00,17.799999237060547,17.799999237060547,16.799999237060547,16.95400047302246,20866,0.0,0.0
2023-02-07 13:30:00-05:00,17.759899139404297,17.759899139404297,17.759899139404297,17.759899139404297,1420,0.0,0.0
2023-02-07 14:30:00-05:00,16.940099716186523,16.940099716186523,16.700000762939453,16.700000762939453,2812,0.0,0.0
2023-02-07 15:30:00-05:00,16.579999923706055,16.579999923706055,16.440000534057617,16.440000534057617,0,0.0,0.0
2023-02-08 09:30:00-05:00,16.5,17.44499969482422,15.593000411987305,15.739999771118164,14437,0.0,0.0
2023-02-08 12:30:00-05:00,15.767499923706055,15.8100004196167,15.767499923706055,15.8100004196167,5150,0.0,0.0
2023-02-08 13:30:00-05:00,16.260000228881836,16.690000534057617,16.260000228881836,16.690000534057617,7599,0.0,0.0
2023-02-08 14:30:00-05:00,17.09000015258789,17.25,17.09000015258789,17.25,4207,0.0,0.0
2023-02-08 15:30:00-05:00,18.300100326538086,19.1299991607666,18.300100326538086,19.1299991607666,0,0.0,0.0
2023-02-09 09:30:00-05:00,19.31999969482422,20.239999771118164,18.3700008392334,18.59000015258789,22390,0.0,0.0
2023-02-09 10:30:00-05:00,18.75,19.866300582885742,18.75,19.866300582885742,9077,0.0,0.0
2023-02-09 11:30:00-05:00,19.530000686645508,20.899999618530273,19.5,20.8799991607666,11405,0.0,0.0
2023-02-09 12:30:00-05:00,20.989999771118164,21.149999618530273,20.68000030517578,21.049999237060547,12282,0.0,0.0
2023-02-09 13:30:00-05:00,21.09000015258789,21.229999542236328,20.3799991607666,20.426300048828125,6559,0.0,0.0
2023-02-09 14:30:00-05:00,20.3799991607666,20.5,20.059999465942383,20.5,7024,0.0,0.0
2023-02-09 15:30:00-05:00,20.627500534057617,20.75349998474121,20.25,20.25,5733,0.0,0.0
2023-02-10 09:30:00-05:00,20.010000228881836,20.010000228881836,18.159400939941406,18.6200008392334,5050,0.0,0.0
2023-02-10 10:30:00-05:00,18.700000762939453,18.8700008392334,16.829999923706055,16.829999923706055,13505,0.0,0.0
2023-02-10 11:30:00-05:00,16.5,16.5,13.949999809265137,14.829999923706055,27183,0.0,0.0
2023-02-10 12:30:00-05:00,14.680000305175781,16.280399322509766,14.680000305175781,15.5,28501,0.0,0.0
2023-02-10 13:30:00-05:00,15.300000190734863,15.720000267028809,15.0,15.199999809265137,20309,0.0,0.0
2023-02-10 14:30:00-05:00,16.010000228881836,16.329999923706055,15.829999923706055,16.329999923706055,4657,0.0,0.0
2023-02-10 15:30:00-05:00,16.309999465942383,16.985000610351562,16.100000381469727,16.3799991607666,11631,0.0,0.0
2023-02-13 09:30:00-05:00,15.9399995803833,16.25,15.819999694824219,15.819999694824219,6067,0.0,0.0
2023-02-13 10:30:00-05:00,16.0,16.25,15.850000381469727,16.100000381469727,8811,0.0,0.0
2023-02-13 11:30:00-05:00,16.139999389648438,17.679899215698242,15.829999923706055,15.829999923706055,16442,0.0,0.0
2023-02-13 12:30:00-05:00,16.0,16.079999923706055,15.710000038146973,15.880000114440918,5997,0.0,0.0
2023-02-13 13:30:00-05:00,15.880000114440918,16.950000762939453,15.880000114440918,16.739999771118164,9379,0.0,0.0
2023-02-13 14:30:00-05:00,17.309999465942383,17.889999389648438,17.309999465942383,17.889999389648438,4124,0.0,0.0
2023-02-13 15:30:00-05:00,18.139999389648438,18.139999389648438,17.799999237060547,18.097999572753906,1063,0.0,0.0
2023-02-14 09:30:00-05:00,17.809999465942383,19.566499710083008,17.709999084472656,18.885900497436523,5493,0.0,0.0
2023-02-14 10:30:00-05:00,18.479999542236328,18.878700256347656,15.719799995422363,15.719799995422363,3709,0.0,0.0
2023-02-14 11:30:00-05:00,15.850000381469727,15.850000381469727,15.850000381469727,15.850000381469727,1211,0.0,0.0
2023-02-14 12:30:00-05:00,16.649999618530273,17.0,16.5,17.0,10717,0.0,0.0
2023-02-14 13:30:00-05:00,16.850000381469727,17.0,16.5,16.700000762939453,9645,0.0,0.0
2023-02-14 14:30:00-05:00,16.700000762939453,17.43000030517578,16.700000762939453,17.34000015258789,11439,0.0,0.0
2023-02-14 15:30:00-05:00,17.400100708007812,17.450000762939453,17.209999084472656,17.209999084472656,362,0.0,0.0
2023-02-15 09:30:00-05:00,17.850000381469727,17.850000381469727,17.0,17.26259994506836,6625,0.0,0.0
2023-02-15 10:30:00-05:00,17.93000030517578,17.93000030517578,17.93000030517578,17.93000030517578,1099,0.0,0.0
2023-02-15 11:30:00-05:00,18.290000915527344,18.5,17.090099334716797,18.489999771118164,24681,0.0,0.0
2023-02-15 12:30:00-05:00,18.440000534057617,18.600000381469727,18.440000534057617,18.600000381469727,1232,0.0,0.0
2023-02-15 13:30:00-05:00,17.940000534057617,19.440000534057617,17.940000534057617,19.440000534057617,1073,0.0,0.0
2023-02-15 14:30:00-05:00,18.074199676513672,18.979999542236328,17.800100326538086,18.979999542236328,4533,0.0,0.0
2023-02-15 15:30:00-05:00,19.479999542236328,20.149999618530273,18.739999771118164,20.149999618530273,3127,0.0,0.0
2023-02-16 09:30:00-05:00,19.5,19.5,18.0,19.059999465942383,6478,0.0,0.0
2023-02-16 10:30:00-05:00,19.299999237060547,20.940000534057617,19.219999313354492,19.359600067138672,4680,0.0,0.0
2023-02-16 11:30:00-05:00,19.34000015258789,20.409000396728516,19.34000015258789,20.399999618530273,2957,0.0,0.0
2023-02-16 12:30:00-05:00,19.0,19.799999237060547,19.0,19.799999237060547,2234,0.0,0.0
2023-02-16 13:30:00-05:00,20.399999618530273,20.65999984741211,20.3799991607666,20.65999984741211,1196,0.0,0.0
2023-02-16 14:30:00-05:00,20.6299991607666,21.540000915527344,20.6299991607666,21.540000915527344,1436,0.0,0.0
2023-02-16 15:30:00-05:00,21.540000915527344,21.780000686645508,21.540000915527344,21.729999542236328,0,0.0,0.0
2023-02-17 09:30:00-05:00,22.690000534057617,24.899999618530273,21.0,23.360000610351562,22341,0.0,0.0
2023-02-17 10:30:00-05:00,23.700000762939453,24.399900436401367,23.700000762939453,24.399900436401367,2468,0.0,0.0
2023-02-17 11:30:00-05:00,23.85449981689453,24.399999618530273,23.85449981689453,24.399900436401367,2068,0.0,0.0
2023-02-17 12:30:00-05:00,24.149999618530273,24.399999618530273,23.56999969482422,23.579999923706055,3626,0.0,0.0
2023-02-17 13:30:00-05:00,23.350099563598633,23.725000381469727,23.350099563598633,23.5,1385,0.0,0.0
2023-02-17 14:30:00-05:00,24.350000381469727,24.6200008392334,23.875,24.6200008392334,2342,0.0,0.0
2023-02-17 15:30:00-05:00,24.950000762939453,26.873199462890625,24.950000762939453,26.01740074157715,6729,0.0,0.0
2023-02-21 09:30:00-05:00,29.639999389648438,34.75,27.549999237060547,29.999900817871094,26895,0.0,0.0
2023-02-21 10:30:00-05:00,29.981599807739258,31.0,28.28350067138672,28.28350067138672,7230,0.0,0.0
2023-02-21 11:30:00-05:00,29.485000610351562,31.290000915527344,29.40999984741211,31.270000457763672,5297,0.0,0.0
2023-02-21 12:30:00-05:00,31.450000762939453,32.09000015258789,31.25,31.999900817871094,5660,0.0,0.0
2023-02-21 13:30:00-05:00,32.08000183105469,32.09000015258789,30.61870002746582,31.850000381469727,4512,0.0,0.0
2023-02-21 14:30:00-05:00,31.600000381469727,33.0,31.40999984741211,33.0,8930,0.0,0.0
2023-02-21 15:30:00-05:00,33.06999969482422,38.130001068115234,33.06999969482422,37.72330093383789,11437,0.0,0.0
2023-02-22 09:30:00-05:00,39.5,45.4900016784668,34.38100051879883,35.01499938964844,35483,0.0,0.0
2023-02-22 10:30:00-05:00,35.02000045776367,35.02000045776367,30.3700008392334,30.989999771118164,9128,0.0,0.0
2023-02-22 11:30:00-05:00,32.6349983215332,37.231998443603516,32.36009979248047,34.5,9756,0.0,0.0
2023-02-22 12:30:00-05:00,33.79999923706055,34.0099983215332,31.6200008392334,32.88999938964844,5915,0.0,0.0
2023-02-22 13:30:00-05:00,32.97999954223633,34.209999084472656,32.22999954223633,32.22999954223633,3877,0.0,0.0
2023-02-22 14:30:00-05:00,33.186798095703125,33.186798095703125,32.0,32.86429977416992,5176,0.0,0.0
2023-02-22 15:30:00-05:00,31.20009994506836,32.849998474121094,31.20009994506836,31.489999771118164,0,0.0,0.0
2023-02-23 09:30:00-05:00,31.139999389648438,31.690000534057617,27.0,27.856700897216797,12925,0.0,0.0
2023-02-23 10:30:00-05:00,27.920000076293945,30.695999145507812,27.920000076293945,30.695999145507812,3180,0.0,0.0
2023-02-23 12:30:00-05:00,31.15999984741211,31.995500564575195,31.149999618530273,31.995500564575195,1183,0.0,0.0
2023-02-23 13:30:00-05:00,33.07109832763672,33.77000045776367,32.22999954223633,32.95000076293945,2290,0.0,0.0
2023-02-23 14:30:00-05:00,33.5099983215332,34.37229919433594,32.279998779296875,33.970001220703125,3686,0.0,0.0
2023-02-23 15:30:00-05:00,34.84000015258789,37.90999984741211,33.755001068115234,37.22999954223633,0,0.0,0.0
2023-02-24 09:30:00-05:00,37.0,37.0,35.974998474121094,36.0,3696,0.0,0.0
2023-02-24 10:30:00-05:00,35.400001525878906,35.400001525878906,33.03010177612305,35.0,1622,0.0,0.0
2023-02-24 11:30:00-05:00,33.33000183105469,33.769901275634766,33.0,33.769901275634766,1504,0.0,0.0
2023-02-24 12:30:00-05:00,32.910099029541016,33.47999954223633,32.70000076293945,32.70000076293945,2993,0.0,0.0
2023-02-24 13:30:00-05:00,32.400001525878906,32.400001525878906,32.400001525878906,32.400001525878906,663,0.0,0.0
2023-02-24 14:30:00-05:00,32.5,32.90999984741211,32.5,32.56999969482422,2922,0.0,0.0
2023-02-24 15:30:00-05:00,32.50669860839844,37.150001525878906,32.50669860839844,35.63999938964844,14171,0.0,0.0
2023-02-27 09:30:00-05:00,36.29999923706055,37.86000061035156,35.880001068115234,37.86000061035156,3727,0.0,0.0
2023-02-27 10:30:00-05:00,39.326499938964844,42.16239929199219,38.10169982910156,40.0,11029,0.0,0.0
2023-02-27 11:30:00-05:00,40.0,40.4900016784668,37.59000015258789,38.25,6618,0.0,0.0
2023-02-27 12:30:00-05:00,38.263999938964844,39.0,37.09000015258789,37.15999984741211,3800,0.0,0.0
2023-02-27 13:30:00-05:00,37.092498779296875,37.150001525878906,36.999900817871094,36.999900817871094,1410,0.0,0.0
2023-02-27 14:30:00-05:00,36.099998474121094,37.0,35.599998474121094,35.794498443603516,3750,0.0,0.0
2023-02-27 15:30:00-05:00,36.58000183105469,36.70000076293945,35.709999084472656,35.709999084472656,0,0.0,0.0
2023-02-28 09:30:00-05:00,34.779998779296875,35.779998779296875,33.4119987487793,34.0,5070,0.0,0.0
2023-02-28 10:30:00-05:00,35.76499938964844,35.76499938964844,33.27000045776367,33.27000045776367,3394,0.0,0.0
2023-02-28 11:30:00-05:00,33.994998931884766,33.994998931884766,32.720001220703125,32.72999954223633,1270,0.0,0.0
2023-02-28 12:30:00-05:00,34.6349983215332,34.6349983215332,33.720001220703125,33.720001220703125,264,0.0,0.0
2023-02-28 13:30:00-05:00,33.59000015258789,34.0,33.59000015258789,33.77000045776367,1143,0.0,0.0
2023-02-28 14:30:00-05:00,34.52259826660156,35.0,33.7400016784668,33.7400016784668,2701,0.0,0.0
2023-02-28 15:30:00-05:00,34.30500030517578,34.30500030517578,33.97999954223633,33.97999954223633,0,0.0,0.0
2023-03-01 09:30:00-05:00,35.47999954223633,35.47999954223633,30.0,31.1200008392334,12932,0.0,0.0
2023-03-01 10:30:00-05:00,32.2400016784668,32.2400016784668,32.2400016784668,32.2400016784668,560,0.0,0.0
2023-03-01 11:30:00-05:00,31.0,31.15999984741211,30.780000686645508,30.799999237060547,1155,0.0,0.0
2023-03-01 12:30:00-05:00,30.16010093688965,30.450000762939453,30.16010093688965,30.299999237060547,1310,0.0,0.0
2023-03-01 13:30:00-05:00,30.0,30.0,29.225000381469727,29.440399169921875,2066,0.0,0.0
2023-03-01 14:30:00-05:00,29.500099182128906,30.56999969482422,29.500099182128906,30.56999969482422,253,0.0,0.0
2023-03-01 15:30:00-05:00,30.239999771118164,30.920000076293945,30.239999771118164,30.920000076293945,1019,0.0,0.0
2023-03-02 09:30:00-05:00,29.040000915527344,29.040000915527344,29.040000915527344,29.040000915527344,1601,0.0,0.0
2023-03-02 10:30:00-05:00,29.018800735473633,29.735000610351562,29.018800735473633,29.735000610351562,596,0.0,0.0
2023-03-02 11:30:00-05:00,29.700000762939453,30.499900817871094,29.700000762939453,29.709999084472656,1484,0.0,0.0
2023-03-02 12:30:00-05:00,29.950000762939453,30.489999771118164,29.799999237060547,30.230100631713867,1627,0.0,0.0
2023-03-02 13:30:00-05:00,31.0,31.489999771118164,30.989999771118164,30.989999771118164,1332,0.0,0.0
2023-03-02 14:30:00-05:00,31.15999984741211,32.41999816894531,30.959999084472656,32.41999816894531,1157,0.0,0.0
2023-03-02 15:30:00-05:00,31.62179946899414,32.820701599121094,31.1200008392334,31.1200008392334,0,0.0,0.0
2023-03-03 09:30:00-05:00,31.8799991607666,31.8799991607666,31.1200008392334,31.1200008392334,2813,0.0,0.0
2023-03-03 10:30:00-05:00,31.06999969482422,31.40999984741211,30.982799530029297,31.040000915527344,2497,0.0,0.0
2023-03-03 12:30:00-05:00,30.73870086669922,31.040000915527344,30.73870086669922,31.040000915527344,896,0.0,0.0
2023-03-03 13:30:00-05:00,31.114999771118164,31.799999237060547,30.040000915527344,30.690000534057617,8330,0.0,0.0
2023-03-03 14:30:00-05:00,31.0,31.25,30.350000381469727,31.25,4161,0.0,0.0
2023-03-03 15:30:00-05:00,31.25,32.0,31.25,31.989999771118164,3676,0.0,0.0
2023-03-06 09:30:00-05:00,31.989999771118164,31.989999771118164,29.450000762939453,29.939599990844727,3065,0.0,0.0
2023-03-06 10:30:00-05:00,29.31999969482422,29.479999542236328,28.652999877929688,28.899999618530273,2858,0.0,0.0
2023-03-06 11:30:00-05:00,28.81100082397461,31.145000457763672,28.81100082397461,30.260000228881836,7273,0.0,0.0
2023-03-06 12:30:00-05:00,30.28499984741211,30.5,29.960599899291992,29.960599899291992,8638,0.0,0.0
2023-03-06 13:30:00-05:00,29.959999084472656,31.899999618530273,29.959999084472656,31.899999618530273,3249,0.0,0.0
2023-03-06 14:30:00-05:00,30.82710075378418,30.82710075378418,30.5,30.5,733,0.0,0.0
2023-03-06 15:30:00-05:00,30.079999923706055,30.386199951171875,29.139999389648438,29.170000076293945,0,0.0,0.0
2023-03-07 09:30:00-05:00,30.75,30.770000457763672,29.2450008392334,29.2450008392334,6784,0.0,0.0
2023-03-07 10:30:00-05:00,29.229999542236328,30.199100494384766,27.45009994506836,28.100000381469727,7487,0.0,0.0
2023-03-07 11:30:00-05:00,26.904600143432617,26.904600143432617,26.904600143432617,26.904600143432617,330,0.0,0.0
2023-03-07 12:30:00-05:00,27.110000610351562,28.226999282836914,27.110000610351562,27.885000228881836,3741,0.0,0.0
2023-03-07 13:30:00-05:00,27.81999969482422,27.81999969482422,27.190099716186523,27.190099716186523,1860,0.0,0.0
2023-03-07 14:30:00-05:00,27.0,27.764999389648438,27.0,27.764999389648438,748,0.0,0.0
2023-03-07 15:30:00-05:00,28.3799991607666,28.3799991607666,27.670000076293945,27.670000076293945,993,0.0,0.0
2023-03-08 09:30:00-05:00,27.299999237060547,31.100000381469727,27.299999237060547,31.100000381469727,8324,0.0,0.0
2023-03-08 10:30:00-05:00,31.385000228881836,31.899900436401367,30.799999237060547,30.799999237060547,5651,0.0,0.0
2023-03-08 11:30:00-05:00,30.510099411010742,31.200000762939453,29.0,30.245399475097656,4451,0.0,0.0
2023-03-08 12:30:00-05:00,29.75,29.950000762939453,29.0,29.520000457763672,6875,0.0,0.0
2023-03-08 13:30:00-05:00,29.764999389648438,30.229900360107422,29.764999389648438,29.764999389648438,981,0.0,0.0
2023-03-08 14:30:00-05:00,29.43000030517578,29.43000030517578,28.510000228881836,28.600000381469727,2173,0.0,0.0
2023-03-08 15:30:00-05:00,28.469999313354492,28.709999084472656,28.280000686645508,28.280000686645508,2457,0.0,0.0
2023-03-09 09:30:00-05:00,28.3700008392334,28.3700008392334,28.3700008392334,28.3700008392334,248,0.0,0.0
2023-03-09 10:30:00-05:00,28.110000610351562,28.32859992980957,28.110000610351562,28.32859992980957,854,0.0,0.0
2023-03-09 11:30:00-05:00,27.914400100708008,27.914400100708008,25.0,25.0,4120,0.0,0.0
2023-03-09 12:30:00-05:00,25.059999465942383,25.393400192260742,22.58009910583496,24.360000610351562,14304,0.0,0.0
2023-03-09 13:30:00-05:00,23.819900512695312,25.0,23.5,23.600000381469727,6264,0.0,0.0
2023-03-09 14:30:00-05:00,24.56999969482422,24.56999969482422,23.709999084472656,23.760499954223633,5254,0.0,0.0
2023-03-09 15:30:00-05:00,23.5,23.5049991607666,22.719999313354492,22.719999313354492,2136,0.0,0.0
2023-03-10 09:30:00-05:00,22.06999969482422,22.56999969482422,17.690000534057617,17.690000534057617,8323,0.0,0.0
2023-03-10 10:30:00-05:00,17.059999465942383,17.2450008392334,13.394100189208984,13.510000228881836,20297,0.0,0.0
2023-03-10 11:30:00-05:00,14.539999961853027,16.0,14.50570011138916,15.390000343322754,8059,0.0,0.0
2023-03-10 12:30:00-05:00,14.899999618530273,16.5,14.899999618530273,15.779999732971191,5101,0.0,0.0
2023-03-10 14:30:00-05:00,16.31999969482422,16.31999969482422,15.140000343322754,15.140000343322754,1574,0.0,0.0
2023-03-10 15:30:00-05:00,15.100099563598633,16.205799102783203,15.100000381469727,15.119999885559082,1726,0.0,0.0
2023-03-13 09:30:00-04:00,16.0,17.5,16.0,17.5,3085,0.0,0.0
2023-03-13 10:30:00-04:00,16.829999923706055,16.829999923706055,15.229999542236328,15.819999694824219,4916,0.0,0.0
2023-03-13 11:30:00-04:00,15.300000190734863,15.449999809265137,13.329999923706055,13.329999923706055,19351,0.0,0.0
2023-03-13 12:30:00-04:00,13.699999809265137,13.899999618530273,13.520000457763672,13.520000457763672,2355,0.0,0.0
2023-03-13 13:30:00-04:00,13.699999809265137,13.949999809265137,13.529999732971191,13.630000114440918,10808,0.0,0.0
2023-03-13 14:30:00-04:00,14.380000114440918,14.380000114440918,13.630000114440918,13.630000114440918,851,0.0,0.0
2023-03-13 15:30:00-04:00,13.84000015258789,13.84000015258789,13.529999732971191,13.529999732971191,0,0.0,0.0
2023-03-14 09:30:00-04:00,13.59000015258789,15.50629997253418,13.59000015258789,14.869999885559082,5599,0.0,0.0
2023-03-14 10:30:00-04:00,15.420000076293945,16.020000457763672,14.869999885559082,16.0,5436,0.0,0.0
2023-03-14 11:30:00-04:00,15.811699867248535,15.899999618530273,15.34000015258789,15.36359977722168,5413,0.0,0.0
2023-03-14 12:30:00-04:00,15.760000228881836,16.260000228881836,15.760000228881836,16.010000228881836,5278,0.0,0.0
2023-03-14 13:30:00-04:00,16.0,16.639999389648438,13.75,13.75,23548,0.0,0.0
2023-03-14 14:30:00-04:00,13.199999809265137,13.25,12.670000076293945,12.670000076293945,5839,0.0,0.0
2023-03-15 09:30:00-04:00,11.079999923706055,12.0,11.0,11.449999809265137,7500,0.0,0.0
2023-03-15 10:30:00-04:00,11.300000190734863,11.949999809265137,11.079999923706055,11.079999923706055,3046,0.0,0.0
2023-03-15 11:30:00-04:00,12.300000190734863,12.300000190734863,12.300000190734863,12.300000190734863,408,0.0,0.0
2023-03-15 12:30:00-04:00,12.380000114440918,12.380000114440918,12.199999809265137,12.199999809265137,2138,0.0,0.0
2023-03-15 13:30:00-04:00,12.220000267028809,12.220000267028809,12.220000267028809,12.220000267028809,3269,0.0,0.0
2023-03-15 14:30:00-04:00,11.649999618530273,11.812600135803223,11.609999656677246,11.812600135803223,749,0.0,0.0
2023-03-15 15:30:00-04:00,11.619999885559082,11.619999885559082,11.329999923706055,11.34000015258789,2215,0.0,0.0
2023-03-16 09:30:00-04:00,12.34000015258789,12.619999885559082,11.360099792480469,11.844900131225586,2130,0.0,0.0
2023-03-16 10:30:00-04:00,12.399999618530273,12.399999618530273,12.010000228881836,12.010000228881836,609,0.0,0.0
2023-03-16 11:30:00-04:00,12.3100004196167,14.699999809265137,12.020099639892578,14.479999542236328,11330,0.0,0.0
2023-03-16 12:30:00-04:00,14.479999542236328,14.479999542236328,13.050000190734863,13.430000305175781,5508,0.0,0.0
2023-03-16 13:30:00-04:00,13.300000190734863,13.600000381469727,13.300000190734863,13.600000381469727,1396,0.0,0.0
2023-03-16 14:30:00-04:00,13.537599563598633,13.537599563598633,13.420000076293945,13.420000076293945,1510,0.0,0.0
2023-03-16 15:30:00-04:00,13.239999771118164,13.300000190734863,13.210000038146973,13.220000267028809,1662,0.0,0.0
2023-03-17 09:30:00-04:00,13.720000267028809,15.149999618530273,12.350000381469727,14.420000076293945,10321,0.0,0.0
2023-03-17 10:30:00-04:00,14.050000190734863,17.090099334716797,14.050000190734863,15.75,13514,0.0,0.0
2023-03-17 11:30:00-04:00,15.5,16.0,15.208000183105469,16.0,7223,0.0,0.0
2023-03-17 12:30:00-04:00,16.149999618530273,18.149999618530273,16.139999389648438,18.149999618530273,16273,0.0,0.0
2023-03-17 13:30:00-04:00,18.540000915527344,19.489999771118164,14.110099792480469,14.110099792480469,37447,0.0,0.0
2023-03-17 14:30:00-04:00,14.800000190734863,14.974599838256836,14.15999984741211,14.974599838256836,3509,0.0,0.0
2023-03-17 15:30:00-04:00,16.100000381469727,16.100000381469727,14.90999984741211,14.90999984741211,2132,0.0,0.0
2023-03-20 09:30:00-04:00,15.100000381469727,18.600000381469727,15.100000381469727,16.78730010986328,32668,0.0,0.0
2023-03-20 10:30:00-04:00,15.850000381469727,16.479900360107422,13.234999656677246,15.010000228881836,40244,0.0,0.0
2023-03-20 11:30:00-04:00,14.510000228881836,15.648599624633789,14.510000228881836,14.895000457763672,4668,0.0,0.0
2023-03-20 12:30:00-04:00,14.645000457763672,14.850000381469727,13.75,13.75,6040,0.0,0.0
2023-03-20 13:30:00-04:00,13.800000190734863,13.859999656677246,10.350000381469727,10.949899673461914,20916,0.0,0.0
2023-03-20 14:30:00-04:00,10.079999923706055,10.75,9.90999984741211,10.470000267028809,10051,0.0,0.0
2023-03-20 15:30:00-04:00,10.150099754333496,11.449999809265137,10.150099754333496,11.449999809265137,6556,0.0,0.0
2023-03-21 09:30:00-04:00,11.850000381469727,13.479999542236328,11.5,11.949999809265137,26540,0.0,0.0
2023-03-21 10:30:00-04:00,12.350000381469727,12.350000381469727,11.510100364685059,12.04800033569336,3773,0.0,0.0
2023-03-21 11:30:00-04:00,12.3100004196167,12.599900245666504,12.220000267028809,12.5,1968,0.0,0.0
2023-03-21 12:30:00-04:00,12.220100402832031,12.220100402832031,12.220100402832031,12.220100402832031,2287,0.0,0.0
2023-03-21 13:30:00-04:00,12.454999923706055,12.859999656677246,12.454999923706055,12.859999656677246,740,0.0,0.0
2023-03-21 14:30:00-04:00,12.399999618530273,12.800000190734863,12.010100364685059,12.449999809265137,8267,0.0,0.0
2023-03-21 15:30:00-04:00,12.395000457763672,12.679900169372559,12.199999809265137,12.399999618530273,2923,0.0,0.0
2023-03-22 09:30:00-04:00,12.15999984741211,12.220000267028809,11.500100135803223,11.500100135803223,2692,0.0,0.0
2023-03-22 10:30:00-04:00,11.57759952545166,11.649999618530273,10.6899995803833,11.109999656677246,10751,0.0,0.0
2023-03-22 11:30:00-04:00,11.149999618530273,11.180000305175781,10.5,10.549300193786621,13872,0.0,0.0
2023-03-22 12:30:00-04:00,10.897299766540527,10.989999771118164,7.25,8.300000190734863,67163,0.0,0.0
2023-03-22 13:30:00-04:00,8.300000190734863,8.300000190734863,7.400000095367432,8.0,17894,0.0,0.0
2023-03-22 14:30:00-04:00,8.0649995803833,8.439900398254395,8.020000457763672,8.439900398254395,9705,0.0,0.0
2023-03-22 15:30:00-04:00,8.010000228881836,8.309900283813477,7.800000190734863,8.0,3401,0.0,0.0
2023-03-23 09:30:00-04:00,8.140000343322754,8.390000343322754,7.251100063323975,8.390000343322754,11982,0.0,0.0
2023-03-23 10:30:00-04:00,8.579999923706055,8.579999923706055,7.410099983215332,7.739999771118164,9558,0.0,0.0
2023-03-23 11:30:00-04:00,7.800000190734863,7.860000133514404,7.800000190734863,7.860000133514404,951,0.0,0.0
2023-03-23 12:30:00-04:00,7.739999771118164,7.820000171661377,7.610000133514404,7.610000133514404,3261,0.0,0.0
2023-03-23 13:30:00-04:00,7.610099792480469,7.639999866485596,7.2600998878479,7.483500003814697,4717,0.0,0.0
2023-03-23 14:30:00-04:00,7.41510009765625,7.41510009765625,7.41510009765625,7.41510009765625,438,0.0,0.0
2023-03-23 15:30:00-04:00,7.69189977645874,7.760000228881836,7.559999942779541,7.760000228881836,0,0.0,0.0
2023-03-24 09:30:00-04:00,7.53000020980835,8.510000228881836,7.53000020980835,8.420000076293945,11149,0.0,0.0
2023-03-24 10:30:00-04:00,8.390000343322754,8.699899673461914,8.20009994506836,8.369999885559082,9286,0.0,0.0
2023-03-24 11:30:00-04:00,8.5,8.5,8.380000114440918,8.390000343322754,1242,0.0,0.0
2023-03-24 12:30:00-04:00,8.380000114440918,8.529999732971191,8.359999656677246,8.529999732971191,1747,0.0,0.0
2023-03-24 13:30:00-04:00,8.359999656677246,8.359999656677246,8.199999809265137,8.199999809265137,4152,0.0,0.0
2023-03-24 14:30:00-04:00,8.208800315856934,8.208800315856934,8.119999885559082,8.120100021362305,1459,0.0,0.0
2023-03-24 15:30:00-04:00,8.120100021362305,8.120100021362305,8.0600004196167,8.069999694824219,1051,0.0,0.0
2023-03-27 09:30:00-04:00,8.220000267028809,8.220000267028809,7.550000190734863,7.960000038146973,6626,0.0,0.0
2023-03-27 10:30:00-04:00,7.960000038146973,8.109999656677246,7.380000114440918,7.420000076293945,6823,0.0,0.0
2023-03-27 11:30:00-04:00,7.519999980926514,7.820000171661377,7.519999980926514,7.767399787902832,1330,0.0,0.0
2023-03-27 12:30:00-04:00,7.78000020980835,7.820000171661377,7.619999885559082,7.619999885559082,1922,0.0,0.0
2023-03-27 15:30:00-04:00,7.630000114440918,7.940000057220459,7.460000038146973,7.460000038146973,1043,0.0,0.0
2023-03-28 09:30:00-04:00,7.559999942779541,7.559999942779541,7.420000076293945,7.420100212097168,1393,0.0,0.0
2023-03-28 11:30:00-04:00,7.53000020980835,7.53000020980835,6.760000228881836,7.099999904632568,7433,0.0,0.0
2023-03-28 12:30:00-04:00,7.382900238037109,7.382900238037109,7.179999828338623,7.179999828338623,558,0.0,0.0
2023-03-28 13:30:00-04:00,7.190000057220459,7.190000057220459,6.989999771118164,7.029600143432617,2309,0.0,0.0
2023-03-28 14:30:00-04:00,6.8927998542785645,6.934999942779541,6.849999904632568,6.849999904632568,1057,0.0,0.0
2023-03-28 15:30:00-04:00,6.889999866485596,6.929900169372559,6.449999809265137,6.71999979019165,0,0.0,0.0
2023-03-29 09:30:00-04:00,6.789999961853027,7.0,6.460000038146973,6.799900054931641,3748,0.0,0.0
2023-03-29 10:30:00-04:00,6.789999961853027,6.789999961853027,6.570099830627441,6.630000114440918,3078,0.0,0.0
2023-03-29 11:30:00-04:00,6.75,6.75,6.699999809265137,6.699999809265137,1682,0.0,0.0
2023-03-29 12:30:00-04:00,6.860000133514404,6.860000133514404,6.679999828338623,6.699999809265137,1667,0.0,0.0
2023-03-29 15:30:00-04:00,6.840000152587891,6.889999866485596,6.840000152587891,6.889999866485596,225,0.0,0.0
2023-03-30 09:30:00-04:00,6.599999904632568,6.925000190734863,6.487800121307373,6.925000190734863,1082,0.0,0.0
2023-03-30 10:30:00-04:00,6.480000019073486,6.519999980926514,5.800000190734863,6.0,15290,0.0,0.0
2023-03-30 11:30:00-04:00,6.039999961853027,6.317399978637695,6.039999961853027,6.317399978637695,2055,0.0,0.0
2023-03-30 12:30:00-04:00,6.340000152587891,6.499899864196777,6.340000152587891,6.499899864196777,2011,0.0,0.0
2023-03-30 14:30:00-04:00,6.230000019073486,6.239999771118164,6.21999979019165,6.239999771118164,914,0.0,0.0
2023-03-30 15:30:00-04:00,6.159999847412109,6.334000110626221,6.079999923706055,6.334000110626221,2970,0.0,0.0
2023-03-31 09:30:00-04:00,6.506700038909912,6.889999866485596,6.506700038909912,6.620100021362305,2291,0.0,0.0
2023-03-31 10:30:00-04:00,6.770699977874756,6.770699977874756,6.770699977874756,6.770699977874756,640,0.0,0.0
2023-03-31 11:30:00-04:00,6.650000095367432,6.724999904632568,6.639999866485596,6.724999904632568,1031,0.0,0.0
2023-03-31 12:30:00-04:00,6.650000095367432,6.650000095367432,6.639999866485596,6.639999866485596,647,0.0,0.0
2023-03-31 13:30:00-04:00,6.750100135803223,6.750100135803223,6.750100135803223,6.750100135803223,273,0.0,0.0
2023-03-31 14:30:00-04:00,6.75,6.75,6.630000114440918,6.639999866485596,1039,0.0,0.0
2023-03-31 15:30:00-04:00,6.620100021362305,6.630000114440918,6.489999771118164,6.489999771118164,914,0.0,0.0
2023-04-03 09:30:00-04:00,6.610000133514404,6.819900035858154,6.460000038146973,6.519999980926514,1433,0.0,0.0
2023-04-03 11:30:00-04:00,6.684999942779541,6.684999942779541,6.1020002365112305,6.190000057220459,7566,0.0,0.0
2023-04-03 13:30:00-04:00,6.331600189208984,6.550000190734863,6.331600189208984,6.480000019073486,941,0.0,0.0
2023-04-03 14:30:00-04:00,6.400000095367432,6.400000095367432,6.400000095367432,6.400000095367432,281,0.0,0.0
2023-04-03 15:30:00-04:00,6.510000228881836,6.599999904632568,6.255000114440918,6.260000228881836,585,0.0,0.0
2023-04-04 09:30:00-04:00,6.210000038146973,6.210000038146973,6.090000152587891,6.090000152587891,566,0.0,0.0
2023-04-04 11:30:00-04:00,6.079999923706055,6.199999809265137,6.079999923706055,6.1016998291015625,649,0.0,0.0
2023-04-04 12:30:00-04:00,6.179999828338623,6.179999828338623,6.066999912261963,6.164999961853027,563,0.0,0.0
2023-04-04 13:30:00-04:00,6.263299942016602,6.263299942016602,6.164999961853027,6.164999961853027,326,0.0,0.0
2023-04-04 14:30:00-04:00,6.164999961853027,6.320000171661377,6.0100998878479,6.03000020980835,892,0.0,0.0
2023-04-04 15:30:00-04:00,6.039999961853027,6.039999961853027,6.010000228881836,6.019999980926514,0,0.0,0.0
2023-04-05 09:30:00-04:00,6.050000190734863,6.050000190734863,6.0,6.0,2625,0.0,0.0
2023-04-05 10:30:00-04:00,6.010000228881836,6.010000228881836,6.010000228881836,6.010000228881836,140,0.0,0.0
2023-04-05 11:30:00-04:00,6.03000020980835,6.03000020980835,5.599999904632568,5.60129976272583,4954,0.0,0.0
2023-04-05 12:30:00-04:00,5.799900054931641,5.799900054931641,5.619999885559082,5.699900150299072,1303,0.0,0.0
2023-04-05 13:30:00-04:00,5.699900150299072,5.699900150299072,5.699900150299072,5.699900150299072,372,0.0,0.0
2023-04-05 15:30:00-04:00,5.650000095367432,5.690000057220459,5.599999904632568,5.610000133514404,0,0.0,0.0
2023-04-06 09:30:00-04:00,5.652699947357178,5.679999828338623,5.559999942779541,5.599999904632568,3849,0.0,0.0
2023-04-06 10:30:00-04:00,5.358799934387207,5.380000114440918,5.0,5.0,7408,0.0,0.0
2023-04-06 11:30:00-04:00,4.989999771118164,4.989999771118164,4.989999771118164,4.989999771118164,895,0.0,0.0
2023-04-06 12:30:00-04:00,4.989999771118164,4.989999771118164,4.980000019073486,4.980000019073486,2607,0.0,0.0
2023-04-06 13:30:00-04:00,5.119999885559082,5.119999885559082,4.989999771118164,5.0,2064,0.0,0.0
2023-04-06 14:30:00-04:00,4.980000019073486,4.980000019073486,4.980000019073486,4.980000019073486,116,0.0,0.0
2023-04-06 15:30:00-04:00,5.059999942779541,5.059999942779541,4.809999942779541,4.820000171661377,7783,0.0,0.0
2023-04-10 09:30:00-04:00,4.829999923706055,4.829999923706055,4.829999923706055,4.829999923706055,727,0.0,0.0
2023-04-10 10:30:00-04:00,4.849999904632568,4.889999866485596,4.829999923706055,4.889999866485596,1203,0.0,0.0
2023-04-10 11:30:00-04:00,4.816699981689453,4.888000011444092,4.553599834442139,4.880000114440918,2078,0.0,0.0
2023-04-10 13:30:00-04:00,4.832499980926514,4.832499980926514,4.832499980926514,4.832499980926514,285,0.0,0.0
2023-04-10 15:30:00-04:00,4.789999961853027,4.789999961853027,4.789999961853027,4.789999961853027,369,0.0,0.0
2023-04-11 09:30:00-04:00,4.409999847412109,4.635000228881836,4.409999847412109,4.440000057220459,0,0.0,0.0
2023-04-11 10:30:00-04:00,4.216000080108643,4.34499979019165,4.210100173950195,4.34499979019165,964,0.0,0.0
2023-04-11 11:30:00-04:00,4.293499946594238,4.293499946594238,4.293499946594238,4.293499946594238,269,0.0,0.0
2023-04-11 12:30:00-04:00,4.425000190734863,4.425000190734863,4.425000190734863,4.425000190734863,322,0.0,0.0
2023-04-11 13:30:00-04:00,4.349999904632568,4.349999904632568,4.349999904632568,4.349999904632568,395,0.0,0.0
2023-04-11 14:30:00-04:00,4.349999904632568,4.440000057220459,4.329999923706055,4.409999847412109,1135,0.0,0.0
2023-04-11 15:30:00-04:00,4.440000057220459,4.440000057220459,4.420000076293945,4.420000076293945,913,0.0,0.0
2023-04-12 09:30:00-04:00,4.670000076293945,5.25,4.4695000648498535,4.650000095367432,19089,0.0,0.0
2023-04-12 10:30:00-04:00,4.659999847412109,4.96999979019165,4.650000095367432,4.650000095367432,5018,0.0,0.0
2023-04-12 11:30:00-04:00,4.690000057220459,4.690000057220459,4.389999866485596,4.409999847412109,4226,0.0,0.0
2023-04-12 15:30:00-04:00,4.800000190734863,4.840000152587891,4.800000190734863,4.840000152587891,0,0.0,0.0
2023-04-13 09:30:00-04:00,4.449999809265137,4.659999847412109,4.449999809265137,4.599999904632568,2973,0.0,0.0
2023-04-13 10:30:00-04:00,4.630000114440918,4.744999885559082,4.630000114440918,4.744999885559082,297,0.0,0.0
2023-04-13 11:30:00-04:00,4.616099834442139,4.650000095367432,4.199999809265137,4.340000152587891,12395,0.0,0.0
2023-04-13 12:30:00-04:00,4.449999809265137,4.550000190734863,4.449999809265137,4.550000190734863,500,0.0,0.0
2023-04-13 13:30:00-04:00,4.550000190734863,4.550000190734863,4.53000020980835,4.53000020980835,4178,0.0,0.0
2023-04-13 14:30:00-04:00,4.53000020980835,4.53000020980835,4.53000020980835,4.53000020980835,565,0.0,0.0
2023-04-13 15:30:00-04:00,4.440000057220459,4.53000020980835,4.440000057220459,4.53000020980835,0,0.0,0.0
2023-04-14 09:30:00-04:00,4.599999904632568,4.599999904632568,4.170599937438965,4.170599937438965,4573,0.0,0.0
2023-04-14 10:30:00-04:00,4.525899887084961,4.525899887084961,4.525899887084961,4.525899887084961,150,0.0,0.0
2023-04-14 11:30:00-04:00,4.28000020980835,4.28000020980835,4.199999809265137,4.199999809265137,789,0.0,0.0
2023-04-14 12:30:00-04:00,4.554999828338623,4.554999828338623,4.554999828338623,4.554999828338623,308,0.0,0.0
2023-04-14 13:30:00-04:00,4.559999942779541,4.559999942779541,4.559999942779541,4.559999942779541,412,0.0,0.0
2023-04-14 15:30:00-04:00,4.5,4.5,4.5,4.5,281,0.0,0.0
2023-04-17 09:30:00-04:00,4.570000171661377,4.570000171661377,4.25,4.25,3146,0.0,0.0
2023-04-17 10:30:00-04:00,4.289999961853027,4.289999961853027,4.079999923706055,4.079999923706055,4273,0.0,0.0
2023-04-17 11:30:00-04:00,4.269999980926514,4.429999828338623,4.100100040435791,4.100100040435791,6083,0.0,0.0
2023-04-17 13:30:00-04:00,4.499899864196777,4.499899864196777,4.499899864196777,4.499899864196777,481,0.0,0.0
2023-04-17 15:30:00-04:00,4.25,4.25,4.190000057220459,4.199999809265137,817,0.0,0.0
2023-04-18 09:30:00-04:00,4.522200107574463,4.522200107574463,4.099999904632568,4.099999904632568,3143,0.0,0.0
2023-04-18 10:30:00-04:00,4.099999904632568,4.119999885559082,4.099999904632568,4.119999885559082,1169,0.0,0.0
2023-04-18 11:30:00-04:00,4.119999885559082,4.119999885559082,4.119999885559082,4.119999885559082,347,0.0,0.0
2023-04-18 14:30:00-04:00,4.210000038146973,4.210000038146973,4.210000038146973,4.210000038146973,366,0.0,0.0
2023-04-18 15:30:00-04:00,4.400000095367432,4.400000095367432,4.400000095367432,4.400000095367432,0,0.0,0.0
2023-04-19 09:30:00-04:00,4.210299968719482,4.210299968719482,4.210299968719482,4.210299968719482,521,0.0,0.0
2023-04-19 15:30:00-04:00,4.400000095367432,4.400000095367432,4.400000095367432,4.400000095367432,0,0.0,0.0
2023-04-20 09:30:00-04:00,4.350299835205078,4.350299835205078,3.940000057220459,3.940000057220459,2541,0.0,0.0
2023-04-20 10:30:00-04:00,4.144999980926514,4.144999980926514,4.144999980926514,4.144999980926514,208,0.0,0.0
2023-04-20 12:30:00-04:00,4.289899826049805,4.289899826049805,4.289899826049805,4.289899826049805,190,0.0,0.0
2023-04-20 15:30:00-04:00,4.289999961853027,4.289999961853027,4.210000038146973,4.210000038146973,670,0.0,0.0
2023-04-21 09:30:00-04:00,4.329999923706055,4.349999904632568,3.809999942779541,3.809999942779541,7775,0.0,0.0
2023-04-21 10:30:00-04:00,3.7957000732421875,3.8798999786376953,3.700000047683716,3.8798999786376953,2072,0.0,0.0
2023-04-21 11:30:00-04:00,3.869999885559082,3.869999885559082,3.869999885559082,3.869999885559082,579,0.0,0.0
2023-04-21 12:30:00-04:00,3.7100000381469727,3.7100000381469727,3.7100000381469727,3.7100000381469727,1306,0.0,0.0
2023-04-21 13:30:00-04:00,3.8784000873565674,3.8784000873565674,3.8635001182556152,3.8635001182556152,797,0.0,0.0
2023-04-21 14:30:00-04:00,3.799999952316284,3.799999952316284,3.7997000217437744,3.7997000217437744,633,0.0,0.0
2023-04-21 15:30:00-04:00,3.7997000217437744,3.7997000217437744,3.7997000217437744,3.7997000217437744,0,0.0,0.0
2023-04-24 09:30:00-04:00,3.9600000381469727,3.9600000381469727,3.660099983215332,3.799999952316284,2484,0.0,0.0
2023-04-24 13:30:00-04:00,3.6600000858306885,3.6600000858306885,3.6600000858306885,3.6600000858306885,346,0.0,0.0
2023-04-24 15:30:00-04:00,3.609999895095825,3.609999895095825,3.559999942779541,3.559999942779541,0,0.0,0.0
2023-04-25 09:30:00-04:00,3.509999990463257,3.509999990463257,3.1700000762939453,3.5,2597,0.0,0.0
2023-04-26 09:30:00-04:00,3.160099983215332,3.375200033187866,2.9600000381469727,3.3299999237060547,4231,0.0,0.0
2023-04-26 10:30:00-04:00,3.329900026321411,3.329900026321411,3.329900026321411,3.329900026321411,458,0.0,0.0
2023-04-26 13:30:00-04:00,3.180000066757202,3.180000066757202,3.180000066757202,3.180000066757202,452,0.0,0.0
2023-04-26 14:30:00-04:00,3.190000057220459,3.190000057220459,3.190000057220459,3.190000057220459,131,0.0,0.0
2023-04-26 15:30:00-04:00,3.0201001167297363,3.049999952316284,3.0201001167297363,3.049999952316284,1326,0.0,0.0
2023-04-27 10:30:00-04:00,3.309999942779541,3.309999942779541,3.309999942779541,3.309999942779541,163,0.0,0.0
2023-04-27 11:30:00-04:00,3.214900016784668,3.214900016784668,3.214900016784668,3.214900016784668,296,0.0,0.0
2023-04-27 12:30:00-04:00,3.25,3.25,3.25,3.25,370,0.0,0.0
2023-04-27 13:30:00-04:00,3.25,3.369999885559082,3.25,3.369999885559082,1612,0.0,0.0
2023-04-27 14:30:00-04:00,3.3499999046325684,3.3499999046325684,3.3499999046325684,3.3499999046325684,397,0.0,0.0
2023-04-27 15:30:00-04:00,3.369999885559082,3.369999885559082,3.369999885559082,3.369999885559082,719,0.0,0.0
2023-04-28 09:30:00-04:00,3.4800000190734863,4.320000171661377,3.378000020980835,3.5199999809265137,28791,0.0,0.0
2023-04-28 10:30:00-04:00,3.509999990463257,3.6577000617980957,3.4000000953674316,3.5999999046325684,4723,0.0,0.0
2023-04-28 11:30:00-04:00,3.699899911880493,3.699899911880493,3.5999999046325684,3.5999999046325684,1103,0.0,0.0
2023-04-28 12:30:00-04:00,3.700000047683716,4.150000095367432,3.569999933242798,3.940000057220459,11397,0.0,0.0
2023-04-28 13:30:00-04:00,3.8350000381469727,4.150000095367432,3.799999952316284,4.099999904632568,4486,0.0,0.0
2023-04-28 14:30:00-04:00,3.819999933242798,4.099899768829346,3.7400999069213867,3.7400999069213867,5333,0.0,0.0
2023-04-28 15:30:00-04:00,3.740000009536743,4.099999904632568,3.549999952316284,3.5999999046325684,11215,0.0,0.0
2023-05-01 09:30:00-04:00,3.759999990463257,5.449999809265137,3.759999990463257,4.625500202178955,156576,0.0,0.0
2023-05-01 10:30:00-04:00,4.659999847412109,6.710000038146973,4.360000133514404,4.760000228881836,244575,0.0,0.0
2023-05-01 11:30:00-04:00,4.699999809265137,9.319999694824219,4.679999828338623,7.690000057220459,588135,0.0,0.0
2023-05-01 12:30:00-04:00,7.170000076293945,7.449999809265137,3.6700000762939453,3.880000114440918,685997,0.0,0.0
2023-05-01 13:30:00-04:00,3.8499999046325684,4.170000076293945,3.3499999046325684,3.799999952316284,205592,0.0,0.0
2023-05-01 14:30:00-04:00,3.82069993019104,3.880000114440918,3.450000047683716,3.759999990463257,54886,0.0,0.0
2023-05-01 15:30:00-04:00,3.8499999046325684,3.8499999046325684,3.4200000762939453,3.5399999618530273,42969,0.0,0.0
2023-05-02 09:30:00-04:00,3.490000009536743,3.890000104904175,2.9000000953674316,3.009999990463257,90057,0.0,0.0
2023-05-02 10:30:00-04:00,3.049999952316284,3.1993000507354736,3.0299999713897705,3.140000104904175,32750,0.0,0.0
2023-05-02 11:30:00-04:00,3.140000104904175,3.1500000953674316,3.009999990463257,3.0199999809265137,10224,0.0,0.0
2023-05-02 12:30:00-04:00,3.069999933242798,3.1700000762939453,3.0199999809265137,3.140000104904175,6469,0.0,0.0
2023-05-02 13:30:00-04:00,3.1500000953674316,3.1500000953674316,3.0534000396728516,3.0534000396728516,2241,0.0,0.0
2023-05-02 14:30:00-04:00,3.059999942779541,3.140000104904175,3.0299999713897705,3.0799999237060547,8294,0.0,0.0
2023-05-02 15:30:00-04:00,3.0799999237060547,3.109999895095825,3.0,3.0899999141693115,16189,0.0,0.0
2023-05-03 09:30:00-04:00,2.950000047683716,3.059999942779541,2.619999885559082,2.9000000953674316,33837,0.0,0.0
2023-05-03 10:30:00-04:00,2.9000000953674316,2.9600000381469727,2.9000000953674316,2.9400999546051025,4118,0.0,0.0
2023-05-03 11:30:00-04:00,2.950000047683716,3.049999952316284,2.841099977493286,2.9600000381469727,5226,0.0,0.0
2023-05-03 12:30:00-04:00,2.926800012588501,3.0399999618530273,2.920099973678589,3.009999990463257,3176,0.0,0.0
2023-05-03 13:30:00-04:00,3.0399999618530273,3.130000114440918,3.0,3.0999999046325684,15161,0.0,0.0
2023-05-03 14:30:00-04:00,3.0999999046325684,3.1649999618530273,3.0199999809265137,3.059999942779541,4618,0.0,0.0
2023-05-03 15:30:00-04:00,3.0,3.1500000953674316,2.950000047683716,3.140000104904175,2389,0.0,0.0
2023-05-04 09:30:00-04:00,2.9500999450683594,4.139999866485596,2.9500999450683594,3.8399999141693115,144955,0.0,0.0
2023-05-04 10:30:00-04:00,3.6800999641418457,3.799999952316284,3.2000999450683594,3.338599920272827,51030,0.0,0.0
2023-05-04 11:30:00-04:00,3.4200000762939453,3.7699999809265137,3.369999885559082,3.6798999309539795,43107,0.0,0.0
2023-05-04 12:30:00-04:00,3.5000998973846436,3.680000066757202,3.5,3.5,23040,0.0,0.0
2023-05-04 13:30:00-04:00,3.5199999809265137,3.559999942779541,3.4200000762939453,3.4600000381469727,11017,0.0,0.0
2023-05-04 14:30:00-04:00,3.5099000930786133,3.5099000930786133,3.240000009536743,3.440000057220459,12193,0.0,0.0
2023-05-04 15:30:00-04:00,3.450000047683716,3.5299999713897705,3.2857000827789307,3.430000066757202,15855,0.0,0.0
2023-05-05 09:30:00-04:00,3.4000000953674316,3.4100000858306885,3.190000057220459,3.2750000953674316,15895,0.0,0.0
2023-05-05 10:30:00-04:00,3.2300000190734863,3.490000009536743,3.2200000286102295,3.4049999713897705,10225,0.0,0.0
2023-05-05 11:30:00-04:00,3.427999973297119,3.490000009536743,3.3422999382019043,3.3422999382019043,1184,0.0,0.0
2023-05-05 12:30:00-04:00,3.4749999046325684,3.4749999046325684,3.309999942779541,3.390000104904175,1335,0.0,0.0
2023-05-05 13:30:00-04:00,3.384999990463257,3.444999933242798,3.244999885559082,3.409899950027466,6844,0.0,0.0
2023-05-05 14:30:00-04:00,3.369999885559082,3.369999885559082,3.2100000381469727,3.2100000381469727,991,0.0,0.0
2023-05-05 15:30:00-04:00,3.210099935531616,3.3389999866485596,3.0999999046325684,3.140000104904175,0,0.0,0.0
2023-05-08 09:30:00-04:00,3.1500000953674316,3.430000066757202,3.109999895095825,3.210099935531616,16232,0.0,0.0
2023-05-08 10:30:00-04:00,3.2200000286102295,3.309999942779541,3.150099992752075,3.259999990463257,3611,0.0,0.0
2023-05-08 11:30:00-04:00,3.1700000762939453,3.1710000038146973,3.119999885559082,3.119999885559082,2454,0.0,0.0
2023-05-08 13:30:00-04:00,3.1500000953674316,3.26990008354187,3.109999895095825,3.26990008354187,1020,0.0,0.0
2023-05-08 14:30:00-04:00,3.2200000286102295,3.2200000286102295,3.2200000286102295,3.2200000286102295,314,0.0,0.0
2023-05-08 15:30:00-04:00,3.219899892807007,3.2200000286102295,3.1201000213623047,3.2200000286102295,0,0.0,0.0
2023-05-09 09:30:00-04:00,3.119999885559082,3.25,3.1177000999450684,3.1177000999450684,8390,0.0,0.0
2023-05-09 10:30:00-04:00,3.0999999046325684,3.0999999046325684,2.8499999046325684,2.944999933242798,17786,0.0,0.0
2023-05-09 11:30:00-04:00,3.005000114440918,3.009999990463257,2.869999885559082,2.869999885559082,1235,0.0,0.0
2023-05-09 12:30:00-04:00,2.9863998889923096,2.990000009536743,2.8701000213623047,2.9600000381469727,2917,0.0,0.0
2023-05-09 13:30:00-04:00,3.0799999237060547,3.0999999046325684,2.990000009536743,3.0999999046325684,1775,0.0,0.0
2023-05-09 14:30:00-04:00,3.0450000762939453,3.1500000953674316,2.990000009536743,3.1500000953674316,4992,0.0,0.0
2023-05-09 15:30:00-04:00,3.1500000953674316,3.2899999618530273,3.0999999046325684,3.2899999618530273,0,0.0,0.0
2023-05-10 09:30:00-04:00,3.0399999618530273,3.200000047683716,3.0399999618530273,3.200000047683716,4679,0.0,0.0
2023-05-10 10:30:00-04:00,3.2799999713897705,3.2799999713897705,3.140000104904175,3.240000009536743,3217,0.0,0.0
2023-05-10 11:30:00-04:00,3.1401000022888184,3.1700000762939453,3.1401000022888184,3.1700000762939453,868,0.0,0.0
2023-05-10 12:30:00-04:00,3.180000066757202,3.1812000274658203,3.1600000858306885,3.1600000858306885,6592,0.0,0.0
2023-05-10 13:30:00-04:00,3.0799999237060547,3.0838000774383545,3.0399999618530273,3.049999952316284,1307,0.0,0.0
2023-05-10 15:30:00-04:00,3.0799999237060547,3.0999999046325684,3.0399999618530273,3.0399999618530273,0,0.0,0.0
2023-05-11 09:30:00-04:00,3.0399999618530273,3.1350998878479004,2.9800000190734863,3.1350998878479004,10869,0.0,0.0
2023-05-11 10:30:00-04:00,3.0822999477386475,3.0822999477386475,3.0450000762939453,3.059999942779541,844,0.0,0.0
2023-05-11 12:30:00-04:00,3.0388998985290527,3.0388998985290527,3.0,3.009999990463257,993,0.0,0.0
2023-05-11 13:30:00-04:00,3.0199999809265137,3.0199999809265137,2.950000047683716,2.950000047683716,799,0.0,0.0
2023-05-11 14:30:00-04:00,2.9700000286102295,2.9700000286102295,2.9700000286102295,2.9700000286102295,284,0.0,0.0
2023-05-11 15:30:00-04:00,2.9809999465942383,3.059999942779541,2.9700000286102295,3.059999942779541,0,0.0,0.0
2023-05-12 09:30:00-04:00,2.950000047683716,2.9749999046325684,2.950000047683716,2.9600000381469727,2432,0.0,0.0
2023-05-12 10:30:00-04:00,2.950000047683716,3.0399999618530273,2.869999885559082,2.9000000953674316,22532,0.0,0.0
2023-05-12 11:30:00-04:00,2.9040000438690186,4.9558000564575195,2.859999895095825,3.45989990234375,1285995,0.0,0.0
2023-05-12 12:30:00-04:00,3.4600000381469727,3.5999999046325684,3.359999895095825,3.490000009536743,75619,0.0,0.0
2023-05-12 13:30:00-04:00,3.490000009536743,3.586400032043457,3.359999895095825,3.5299999713897705,37894,0.0,0.0
2023-05-12 14:30:00-04:00,3.509999990463257,4.230000019073486,3.4600000381469727,3.8350000381469727,167431,0.0,0.0
2023-05-12 15:30:00-04:00,3.8399999141693115,4.379899978637695,3.7699999809265137,4.190000057220459,126869,0.0,0.0
2023-05-15 09:30:00-04:00,4.300000190734863,4.367199897766113,3.680000066757202,3.9700000286102295,104756,0.0,0.0
2023-05-15 10:30:00-04:00,3.960099935531616,4.089900016784668,3.950000047683716,4.020100116729736,6428,0.0,0.0
2023-05-15 11:30:00-04:00,4.010000228881836,4.059999942779541,3.869999885559082,3.869999885559082,7481,0.0,0.0
2023-05-15 12:30:00-04:00,3.859999895095825,3.880000114440918,3.7799999713897705,3.7799999713897705,3000,0.0,0.0
2023-05-15 13:30:00-04:00,3.800800085067749,3.950000047683716,3.7799999713897705,3.950000047683716,8334,0.0,0.0
2023-05-15 14:30:00-04:00,3.924999952316284,3.994999885559082,3.799999952316284,3.880000114440918,3320,0.0,0.0
2023-05-15 15:30:00-04:00,3.9000000953674316,3.930000066757202,3.7295000553131104,3.7300000190734863,17004,0.0,0.0
2023-05-16 09:30:00-04:00,3.8499999046325684,4.289899826049805,3.8101000785827637,3.819999933242798,75633,0.0,0.0
2023-05-16 10:30:00-04:00,3.8299999237060547,5.159999847412109,3.680000066757202,4.315000057220459,408253,0.0,0.0
2023-05-16 11:30:00-04:00,4.300000190734863,4.78000020980835,4.110000133514404,4.110000133514404,110233,0.0,0.0
2023-05-16 12:30:00-04:00,4.057199954986572,4.230000019073486,3.8399999141693115,4.0,57900,0.0,0.0
2023-05-16 13:30:00-04:00,3.9600000381469727,3.990000009536743,3.8399999141693115,3.893899917602539,8728,0.0,0.0
2023-05-16 14:30:00-04:00,3.8798999786376953,4.0289998054504395,3.809999942779541,4.0289998054504395,12196,0.0,0.0
2023-05-16 15:30:00-04:00,3.900099992752075,4.059999942779541,3.900099992752075,3.9800000190734863,15962,0.0,0.0
2023-05-17 09:30:00-04:00,3.950000047683716,4.090000152587891,3.890000104904175,4.059999942779541,14062,0.0,0.0
2023-05-17 10:30:00-04:00,3.9000000953674316,3.9899001121520996,3.79010009765625,3.813199996948242,8906,0.0,0.0
2023-05-17 11:30:00-04:00,3.8499999046325684,4.0,3.7200000286102295,3.813699960708618,105117,0.0,0.0
2023-05-17 12:30:00-04:00,3.97979998588562,4.211400032043457,3.9100000858306885,4.019999980926514,83441,0.0,0.0
2023-05-17 13:30:00-04:00,4.0,4.03000020980835,3.950000047683716,4.03000020980835,4962,0.0,0.0
2023-05-17 14:30:00-04:00,3.916300058364868,4.0,3.799999952316284,3.8299999237060547,6125,0.0,0.0
2023-05-17 15:30:00-04:00,3.809999942779541,3.890000104904175,3.75,3.75,5916,0.0,0.0
2023-05-18 09:30:00-04:00,3.799999952316284,3.950000047683716,3.799999952316284,3.869999885559082,14426,0.0,0.0
2023-05-18 10:30:00-04:00,3.8399999141693115,3.940000057220459,3.8101000785827637,3.869999885559082,5332,0.0,0.0
2023-05-18 11:30:00-04:00,3.8554999828338623,3.9100000858306885,3.850100040435791,3.850100040435791,1698,0.0,0.0
2023-05-18 12:30:00-04:00,3.8701000213623047,3.940000057220459,3.8701000213623047,3.940000057220459,3945,0.0,0.0
2023-05-18 13:30:00-04:00,3.927999973297119,3.927999973297119,3.9000000953674316,3.9200000762939453,1243,0.0,0.0
2023-05-18 14:30:00-04:00,3.8550000190734863,3.8550000190734863,3.7699999809265137,3.7699999809265137,2632,0.0,0.0
2023-05-18 15:30:00-04:00,3.7600998878479004,3.809999942779541,3.6500000953674316,3.690000057220459,16080,0.0,0.0
2023-05-19 09:30:00-04:00,3.7100000381469727,3.7685000896453857,3.5209999084472656,3.7685000896453857,18729,0.0,0.0
2023-05-19 10:30:00-04:00,3.6700000762939453,3.6826999187469482,3.580199956893921,3.6500000953674316,3502,0.0,0.0
2023-05-19 11:30:00-04:00,3.700000047683716,3.7200000286102295,3.6649999618530273,3.6649999618530273,502,0.0,0.0
2023-05-19 12:30:00-04:00,3.7184998989105225,3.7300000190734863,3.6549999713897705,3.69320011138916,920,0.0,0.0
2023-05-19 13:30:00-04:00,3.6600000858306885,3.7200000286102295,3.6600000858306885,3.700000047683716,911,0.0,0.0
2023-05-19 14:30:00-04:00,3.5999999046325684,3.634999990463257,3.5799999237060547,3.5799999237060547,3409,0.0,0.0
2023-05-19 15:30:00-04:00,3.6489999294281006,3.6489999294281006,3.4000000953674316,3.440000057220459,17181,0.0,0.0
2023-05-22 09:30:00-04:00,3.3399999141693115,4.190000057220459,3.25,3.7899999618530273,570090,0.0,0.0
2023-05-22 10:30:00-04:00,3.7200000286102295,3.7200000286102295,3.4388999938964844,3.649899959564209,37961,0.0,0.0
2023-05-22 11:30:00-04:00,3.509999990463257,3.6600000858306885,3.350100040435791,3.6600000858306885,10942,0.0,0.0
2023-05-22 12:30:00-04:00,3.630000114440918,3.630000114440918,3.569999933242798,3.569999933242798,5362,0.0,0.0
2023-05-22 13:30:00-04:00,3.569999933242798,3.640000104904175,3.549999952316284,3.549999952316284,5205,0.0,0.0
2023-05-22 14:30:00-04:00,3.550100088119507,3.630000114440918,3.549999952316284,3.630000114440918,7561,0.0,0.0
2023-05-22 15:30:00-04:00,3.6500000953674316,3.7699999809265137,3.559999942779541,3.609999895095825,28602,0.0,0.0
2023-05-23 09:30:00-04:00,3.7100000381469727,3.7100000381469727,2.930000066757202,3.3399999141693115,294352,0.0,0.0
2023-05-23 10:30:00-04:00,3.359999895095825,3.759999990463257,3.200000047683716,3.2899999618530273,166156,0.0,0.0
2023-05-23 11:30:00-04:00,3.190000057220459,3.2899999618530273,3.190000057220459,3.25,5323,0.0,0.0
2023-05-23 12:30:00-04:00,3.25,3.2899999618530273,3.200000047683716,3.25,11594,0.0,0.0
2023-05-23 13:30:00-04:00,3.2820000648498535,3.2899999618530273,3.049999952316284,3.1600000858306885,26436,0.0,0.0
2023-05-23 14:30:00-04:00,3.1600000858306885,3.219899892807007,3.069999933242798,3.069999933242798,3540,0.0,0.0
2023-05-23 15:30:00-04:00,3.180000066757202,3.2200000286102295,3.130000114440918,3.200000047683716,3015,0.0,0.0
2023-05-24 09:30:00-04:00,3.140000104904175,3.25,3.140000104904175,3.1898999214172363,5972,0.0,0.0
2023-05-24 10:30:00-04:00,3.1900999546051025,3.2100000381469727,3.190000057220459,3.200000047683716,1537,0.0,0.0
2023-05-24 11:30:00-04:00,3.2019999027252197,3.2019999027252197,3.1600000858306885,3.160099983215332,847,0.0,0.0
2023-05-24 12:30:00-04:00,3.2300000190734863,3.2300000190734863,3.140000104904175,3.140000104904175,4429,0.0,0.0
2023-05-24 13:30:00-04:00,3.1500000953674316,3.191800117492676,3.119999885559082,3.1700000762939453,3521,0.0,0.0
2023-05-24 14:30:00-04:00,3.180000066757202,3.180000066757202,3.0601000785827637,3.1600000858306885,14426,0.0,0.0
2023-05-24 15:30:00-04:00,3.160099983215332,3.26990008354187,3.160099983215332,3.2100000381469727,0,0.0,0.0
2023-05-25 09:30:00-04:00,3.200000047683716,3.3299999237060547,3.0999999046325684,3.3299999237060547,9360,0.0,0.0
2023-05-25 10:30:00-04:00,3.100100040435791,3.210200071334839,3.100100040435791,3.119999885559082,1698,0.0,0.0
2023-05-25 11:30:00-04:00,3.1500000953674316,3.1500000953674316,3.0899999141693115,3.109999895095825,3320,0.0,0.0
2023-05-25 12:30:00-04:00,3.200000047683716,3.200000047683716,3.130000114440918,3.1649999618530273,2181,0.0,0.0
2023-05-25 14:30:00-04:00,3.1500000953674316,3.190000057220459,3.069999933242798,3.190000057220459,927,0.0,0.0
2023-05-25 15:30:00-04:00,3.065000057220459,3.109999895095825,3.065000057220459,3.109999895095825,557,0.0,0.0
2023-05-26 09:30:00-04:00,3.2200000286102295,3.2713000774383545,2.940000057220459,3.0199999809265137,41591,0.0,0.0
2023-05-26 10:30:00-04:00,3.0299999713897705,3.0799999237060547,3.0,3.0,9273,0.0,0.0
2023-05-26 11:30:00-04:00,3.0690999031066895,3.0690999031066895,2.9800000190734863,3.0199999809265137,1106,0.0,0.0
2023-05-26 12:30:00-04:00,3.0199999809265137,3.0199999809265137,3.0199999809265137,3.0199999809265137,0,0.0,0.0
2023-05-26 13:30:00-04:00,3.0,3.0000998973846436,3.0,3.0,53613,0.0,0.0
2023-05-26 14:30:00-04:00,2.999000072479248,2.999000072479248,2.9800000190734863,2.9800000190734863,1122,0.0,0.0
2023-05-26 15:30:00-04:00,2.990000009536743,2.990299940109253,2.9700000286102295,2.990000009536743,3134,0.0,0.0
2023-05-30 09:30:00-04:00,3.0199999809265137,3.2100000381469727,3.0,3.0,7381,0.0,0.0
2023-05-30 10:30:00-04:00,2.940000057220459,3.0,2.9000000953674316,2.940000057220459,2979,0.0,0.0
2023-05-30 11:30:00-04:00,2.950000047683716,2.950000047683716,2.9149999618530273,2.9298999309539795,1926,0.0,0.0
2023-05-30 12:30:00-04:00,2.9000000953674316,2.911799907684326,2.880000114440918,2.880000114440918,2035,0.0,0.0
2023-05-30 13:30:00-04:00,2.8499999046325684,2.890000104904175,2.8499999046325684,2.859999895095825,1622,0.0,0.0
2023-05-30 14:30:00-04:00,2.8761000633239746,2.880000114440918,2.859999895095825,2.859999895095825,2632,0.0,0.0
2023-05-30 15:30:00-04:00,2.880000114440918,2.9200000762939453,2.880000114440918,2.9200000762939453,0,0.0,0.0
2023-05-31 09:30:00-04:00,2.8299999237060547,2.901599884033203,2.809999942779541,2.869999885559082,7952,0.0,0.0
2023-05-31 10:30:00-04:00,2.8299999237060547,2.8299999237060547,2.7799999713897705,2.8299999237060547,3773,0.0,0.0
2023-05-31 11:30:00-04:00,2.8399999141693115,2.8399999141693115,2.799999952316284,2.8046998977661133,4866,0.0,0.0
2023-05-31 12:30:00-04:00,2.809999942779541,2.809999942779541,2.7799999713897705,2.7799999713897705,2241,0.0,0.0
2023-05-31 13:30:00-04:00,2.839900016784668,2.849400043487549,2.8396999835968018,2.849400043487549,1006,0.0,0.0
2023-05-31 15:30:00-04:00,2.7799999713897705,2.8399999141693115,2.7100000381469727,2.7300000190734863,9203,0.0,0.0
2023-06-01 09:30:00-04:00,2.7799999713897705,2.9054999351501465,2.7799999713897705,2.799999952316284,4207,0.0,0.0
2023-06-01 10:30:00-04:00,2.880000114440918,2.880000114440918,2.799999952316284,2.8798999786376953,2068,0.0,0.0
2023-06-01 11:30:00-04:00,2.8350000381469727,3.190000057220459,2.8350000381469727,2.880000114440918,20701,0.0,0.0
2023-06-01 12:30:00-04:00,2.969899892807007,2.996000051498413,2.9600000381469727,2.996000051498413,844,0.0,0.0
2023-06-01 13:30:00-04:00,3.0,3.0,2.950000047683716,3.0,3455,0.0,0.0
2023-06-01 14:30:00-04:00,2.9600000381469727,3.180000066757202,2.9600000381469727,3.180000066757202,851,0.0,0.0
2023-06-01 15:30:00-04:00,3.0374999046325684,3.0899999141693115,3.0374999046325684,3.0399999618530273,0,0.0,0.0
2023-06-02 09:30:00-04:00,2.990000009536743,3.180000066757202,2.9700000286102295,3.069999933242798,5240,0.0,0.0
2023-06-02 10:30:00-04:00,3.071700096130371,3.0799999237060547,2.990000009536743,3.0799999237060547,8595,0.0,0.0
2023-06-02 11:30:00-04:00,2.9800000190734863,3.0199999809265137,2.9800000190734863,3.0199999809265137,1279,0.0,0.0
2023-06-02 12:30:00-04:00,3.0199999809265137,3.0199999809265137,3.0199999809265137,3.0199999809265137,503,0.0,0.0
2023-06-02 13:30:00-04:00,3.0199999809265137,3.025899887084961,3.0199999809265137,3.025899887084961,804,0.0,0.0
2023-06-02 15:30:00-04:00,3.069999933242798,3.0999999046325684,2.9800000190734863,2.9800000190734863,10078,0.0,0.0
2023-06-05 09:30:00-04:00,2.9512999057769775,2.95740008354187,2.9000000953674316,2.9000000953674316,2130,0.0,0.0
2023-06-05 10:30:00-04:00,2.9100000858306885,3.130000114440918,2.9100000858306885,3.015000104904175,1527,0.0,0.0
2023-06-05 12:30:00-04:00,3.009999990463257,3.009999990463257,2.930000066757202,2.930000066757202,1466,0.0,0.0
2023-06-05 13:30:00-04:00,2.994999885559082,2.994999885559082,2.930000066757202,2.930000066757202,2763,0.0,0.0
2023-06-05 14:30:00-04:00,2.9700000286102295,3.0246999263763428,2.9049999713897705,3.0246999263763428,1152,0.0,0.0
2023-06-05 15:30:00-04:00,2.9700000286102295,2.9700000286102295,2.9700000286102295,2.9700000286102295,0,0.0,0.0
2023-06-06 09:30:00-04:00,2.9700000286102295,2.9700000286102295,2.9700000286102295,2.9700000286102295,331,0.0,0.0
2023-06-06 11:30:00-04:00,3.0,3.0,3.0,3.0,1089,0.0,0.0
2023-06-06 12:30:00-04:00,3.049999952316284,3.089900016784668,3.049999952316284,3.089900016784668,527,0.0,0.0
2023-06-06 13:30:00-04:00,3.069000005722046,3.069000005722046,3.069000005722046,3.069000005722046,217,0.0,0.0
2023-06-06 14:30:00-04:00,2.9700000286102295,2.9700000286102295,2.9600000381469727,2.9600000381469727,608,0.0,0.0
2023-06-06 15:30:00-04:00,2.950000047683716,3.049999952316284,2.880000114440918,3.009999990463257,3576,0.0,0.0
2023-06-07 09:30:00-04:00,3.0799999237060547,3.0799999237060547,2.9600000381469727,2.9600000381469727,949,0.0,0.0
2023-06-07 11:30:00-04:00,3.0399999618530273,3.0399999618530273,2.859999895095825,2.859999895095825,3960,0.0,0.0
2023-06-07 12:30:00-04:00,2.940000057220459,3.099900007247925,2.880000114440918,3.099900007247925,4887,0.0,0.0
2023-06-07 13:30:00-04:00,3.0899999141693115,3.0899999141693115,2.960099935531616,2.960099935531616,436,0.0,0.0
2023-06-07 14:30:00-04:00,2.9600000381469727,2.9600000381469727,2.930799961090088,2.950000047683716,981,0.0,0.0
2023-06-07 15:30:00-04:00,2.990000009536743,2.990000009536743,2.9700000286102295,2.9700000286102295,305,0.0,0.0
2023-06-08 09:30:00-04:00,2.9800000190734863,3.099900007247925,2.950000047683716,2.9700000286102295,6555,0.0,0.0
2023-06-08 10:30:00-04:00,3.0299999713897705,3.130000114440918,3.0299999713897705,3.075000047683716,2991,0.0,0.0
2023-06-08 11:30:00-04:00,3.059999942779541,3.109999895095825,2.960099935531616,3.0299999713897705,5208,0.0,0.0
2023-06-08 13:30:00-04:00,2.950000047683716,2.950000047683716,2.9000000953674316,2.9000000953674316,1266,0.0,0.0
2023-06-08 14:30:00-04:00,2.950000047683716,3.055999994277954,2.950000047683716,3.055999994277954,635,0.0,0.0
2023-06-08 15:30:00-04:00,2.9200000762939453,2.9200000762939453,2.8499999046325684,2.8499999046325684,0,0.0,0.0
2023-06-09 09:30:00-04:00,3.069999933242798,3.089099884033203,2.809999942779541,2.880000114440918,5079,0.0,0.0
2023-06-09 10:30:00-04:00,3.0,3.0,2.850100040435791,2.850100040435791,1327,0.0,0.0
2023-06-09 11:30:00-04:00,2.9000000953674316,2.9000000953674316,2.799999952316284,2.799999952316284,3276,0.0,0.0
2023-06-09 12:30:00-04:00,2.904400110244751,2.90939998626709,2.9000000953674316,2.90939998626709,1154,0.0,0.0
2023-06-09 13:30:00-04:00,2.859999895095825,2.859999895095825,2.799999952316284,2.799999952316284,1817,0.0,0.0
2023-06-09 14:30:00-04:00,2.930000066757202,2.930000066757202,2.813999891281128,2.813999891281128,950,0.0,0.0
2023-06-09 15:30:00-04:00,2.8494999408721924,2.8494999408721924,2.821000099182129,2.821000099182129,306,0.0,0.0
2023-06-12 10:30:00-04:00,2.940000057220459,3.4200000762939453,2.930000066757202,3.0801000595092773,112051,0.0,0.0
2023-06-12 11:30:00-04:00,3.080199956893921,3.200000047683716,3.0199999809265137,3.119999885559082,32784,0.0,0.0
2023-06-12 12:30:00-04:00,3.050100088119507,3.050100088119507,2.9600000381469727,2.98009991645813,7482,0.0,0.0
2023-06-12 13:30:00-04:00,2.9600000381469727,3.053999900817871,2.930000066757202,2.9779999256134033,13427,0.0,0.0
2023-06-12 14:30:00-04:00,3.0,3.119999885559082,2.9600000381469727,2.9600000381469727,29200,0.0,0.0
2023-06-12 15:30:00-04:00,2.950000047683716,2.990000009536743,2.930000066757202,2.950000047683716,5086,0.0,0.0
2023-06-13 09:30:00-04:00,3.0450000762939453,3.0450000762939453,2.859999895095825,2.990000009536743,11550,0.0,0.0
2023-06-13 10:30:00-04:00,2.9200000762939453,2.950000047683716,2.9200000762939453,2.940000057220459,803,0.0,0.0
2023-06-13 12:30:00-04:00,2.940000057220459,3.0399999618530273,2.9200000762939453,2.9200000762939453,8414,0.0,0.0
2023-06-13 13:30:00-04:00,2.920099973678589,2.9600000381469727,2.920099973678589,2.9600000381469727,660,0.0,0.0
2023-06-13 14:30:00-04:00,2.9549999237060547,2.9549999237060547,2.9100000858306885,2.915800094604492,2687,0.0,0.0
2023-06-13 15:30:00-04:00,2.9100000858306885,2.950000047683716,2.9100000858306885,2.940000057220459,0,0.0,0.0
2023-06-14 09:30:00-04:00,2.930000066757202,3.0299999713897705,2.930000066757202,3.0299999713897705,2743,0.0,0.0
2023-06-14 10:30:00-04:00,3.009999990463257,3.069999933242798,3.009999990463257,3.0199999809265137,10499,0.0,0.0
2023-06-14 11:30:00-04:00,2.984999895095825,3.0201001167297363,2.984999895095825,3.0201001167297363,3004,0.0,0.0
2023-06-14 12:30:00-04:00,2.9600000381469727,2.9700000286102295,2.950000047683716,2.950000047683716,1857,0.0,0.0
2023-06-14 13:30:00-04:00,2.9700000286102295,3.005000114440918,2.950000047683716,2.950000047683716,2857,0.0,0.0
2023-06-14 14:30:00-04:00,2.920099973678589,2.940000057220459,2.9200000762939453,2.940000057220459,1145,0.0,0.0
2023-06-14 15:30:00-04:00,3.0092999935150146,3.0092999935150146,2.9000000953674316,2.9899001121520996,0,0.0,0.0
2023-06-15 09:30:00-04:00,2.9800000190734863,2.9800000190734863,2.930000066757202,2.930000066757202,2050,0.0,0.0
2023-06-15 10:30:00-04:00,2.930000066757202,2.930000066757202,2.930000066757202,2.930000066757202,390,0.0,0.0
2023-06-15 11:30:00-04:00,2.950000047683716,2.950000047683716,2.950000047683716,2.950000047683716,595,0.0,0.0
2023-06-15 13:30:00-04:00,2.9800000190734863,2.9800000190734863,2.950000047683716,2.950000047683716,960,0.0,0.0
2023-06-15 14:30:00-04:00,2.990000009536743,3.049999952316284,2.990000009536743,3.009999990463257,4429,0.0,0.0
2023-06-15 15:30:00-04:00,3.059999942779541,3.180000066757202,3.049999952316284,3.059999942779541,0,0.0,0.0
2023-06-16 09:30:00-04:00,3.125,3.125,3.0806000232696533,3.0806000232696533,556,0.0,0.0
2023-06-16 10:30:00-04:00,3.0762999057769775,3.0938000679016113,2.9900999069213867,2.9900999069213867,3215,0.0,0.0
2023-06-16 11:30:00-04:00,3.049999952316284,3.049999952316284,3.049999952316284,3.049999952316284,1293,0.0,0.0
2023-06-16 14:30:00-04:00,3.009999990463257,3.009999990463257,2.9600000381469727,2.9600000381469727,1506,0.0,0.0
2023-06-16 15:30:00-04:00,2.9700000286102295,2.9800000190734863,2.9100000858306885,2.9100000858306885,13683,0.0,0.0
2023-06-20 09:30:00-04:00,2.9000000953674316,2.9749999046325684,2.8399999141693115,2.8399999141693115,11457,0.0,0.0
2023-06-20 10:30:00-04:00,2.859999895095825,2.859999895095825,2.859999895095825,2.859999895095825,366,0.0,0.0
2023-06-20 11:30:00-04:00,2.8160998821258545,2.880000114440918,2.8101000785827637,2.8550000190734863,1954,0.0,0.0
2023-06-20 12:30:00-04:00,2.869999885559082,2.880000114440918,2.819999933242798,2.880000114440918,1606,0.0,0.0
2023-06-20 13:30:00-04:00,2.880000114440918,2.884999990463257,2.869999885559082,2.884999990463257,1175,0.0,0.0
2023-06-20 14:30:00-04:00,2.884999990463257,3.0250000953674316,2.840100049972534,2.9800000190734863,6686,0.0,0.0
2023-06-20 15:30:00-04:00,2.930000066757202,3.0250000953674316,2.930000066757202,3.005000114440918,2028,0.0,0.0
2023-06-21 09:30:00-04:00,2.869999885559082,3.0,2.869999885559082,2.869999885559082,4164,0.0,0.0
2023-06-21 10:30:00-04:00,2.880000114440918,2.880000114440918,2.8399999141693115,2.8399999141693115,4017,0.0,0.0
2023-06-21 11:30:00-04:00,2.8350000381469727,2.8499999046325684,2.819999933242798,2.8399999141693115,12091,0.0,0.0
2023-06-21 12:30:00-04:00,2.869999885559082,2.890000104904175,2.8399999141693115,2.8399999141693115,1064,0.0,0.0
2023-06-21 14:30:00-04:00,2.859999895095825,2.859999895095825,2.819999933242798,2.819999933242798,10766,0.0,0.0
2023-06-21 15:30:00-04:00,2.8299999237060547,2.859999895095825,2.8299999237060547,2.8598999977111816,0,0.0,0.0
2023-06-22 09:30:00-04:00,2.9000000953674316,2.927999973297119,2.9000000953674316,2.927999973297119,2348,0.0,0.0
2023-06-22 10:30:00-04:00,2.8299999237060547,2.859999895095825,2.8299999237060547,2.859999895095825,472,0.0,0.0
2023-06-22 11:30:00-04:00,2.860100030899048,2.860100030899048,2.860100030899048,2.860100030899048,322,0.0,0.0
2023-06-22 14:30:00-04:00,2.859999895095825,2.859999895095825,2.859999895095825,2.859999895095825,108,0.0,0.0
2023-06-22 15:30:00-04:00,2.8650999069213867,2.8650999069213867,2.859999895095825,2.860100030899048,0,0.0,0.0
2023-06-23 10:30:00-04:00,2.860100030899048,2.8612000942230225,2.7899999618530273,2.7899999618530273,5425,0.0,0.0
2023-06-23 11:30:00-04:00,2.8596999645233154,2.8596999645233154,2.8596999645233154,2.8596999645233154,120,0.0,0.0
2023-06-23 12:30:00-04:00,2.799999952316284,2.799999952316284,2.744999885559082,2.744999885559082,3332,0.0,0.0
2023-06-23 15:30:00-04:00,2.7699999809265137,2.8399999141693115,2.759999990463257,2.7899999618530273,1755,0.0,0.0
2023-06-26 09:30:00-04:00,2.799999952316284,2.8399999141693115,2.75,2.8399999141693115,2094,0.0,0.0
2023-06-26 11:30:00-04:00,2.7899999618530273,2.7899999618530273,2.7799999713897705,2.7799999713897705,1664,0.0,0.0
2023-06-26 12:30:00-04:00,2.7799999713897705,2.7799999713897705,2.7799999713897705,2.7799999713897705,122,0.0,0.0
2023-06-26 13:30:00-04:00,2.8299999237060547,2.8399999141693115,2.7701001167297363,2.7701001167297363,2249,0.0,0.0
2023-06-26 14:30:00-04:00,2.7964999675750732,2.7964999675750732,2.7964999675750732,2.7964999675750732,238,0.0,0.0
2023-06-26 15:30:00-04:00,2.815000057220459,2.8399999141693115,2.7355000972747803,2.7355000972747803,0,0.0,0.0
2023-06-27 09:30:00-04:00,2.7300000190734863,2.8499999046325684,2.7300000190734863,2.799999952316284,1539,0.0,0.0
2023-06-27 10:30:00-04:00,2.8299999237060547,2.8299999237060547,2.8299999237060547,2.8299999237060547,425,0.0,0.0
2023-06-27 11:30:00-04:00,2.7799999713897705,2.7799999713897705,2.7200000286102295,2.751300096511841,1371,0.0,0.0
2023-06-27 12:30:00-04:00,2.809999942779541,2.8280999660491943,2.809999942779541,2.8280999660491943,257,0.0,0.0
2023-06-27 15:30:00-04:00,2.7200000286102295,2.740000009536743,2.7200000286102295,2.7300000190734863,0,0.0,0.0
2023-06-28 09:30:00-04:00,2.740000009536743,2.740000009536743,2.740000009536743,2.740000009536743,1830,0.0,0.0
2023-06-28 10:30:00-04:00,2.7899999618530273,2.8450000286102295,2.7899999618530273,2.790600061416626,855,0.0,0.0
2023-06-28 11:30:00-04:00,2.7799999713897705,2.7799999713897705,2.7200000286102295,2.7200000286102295,1122,0.0,0.0
2023-06-28 12:30:00-04:00,2.809999942779541,2.809999942779541,2.73009991645813,2.73009991645813,518,0.0,0.0
2023-06-28 13:30:00-04:00,2.75,2.75,2.75,2.75,255,0.0,0.0
2023-06-28 14:30:00-04:00,2.7950000762939453,2.8299999237060547,2.7950000762939453,2.8299999237060547,0,0.0,0.0
2023-06-29 09:30:00-04:00,2.799799919128418,2.8798999786376953,2.7799999713897705,2.8798999786376953,6418,0.0,0.0
2023-06-29 10:30:00-04:00,2.880000114440918,3.0499000549316406,2.825000047683716,2.869999885559082,23365,0.0,0.0
2023-06-29 11:30:00-04:00,2.880000114440918,2.880000114440918,2.880000114440918,2.880000114440918,289,0.0,0.0
2023-06-29 12:30:00-04:00,2.799999952316284,2.799999952316284,2.799999952316284,2.799999952316284,242,0.0,0.0
2023-06-29 13:30:00-04:00,2.809999942779541,2.819999933242798,2.809999942779541,2.819999933242798,532,0.0,0.0
2023-06-29 15:30:00-04:00,2.809999942779541,2.819999933242798,2.808799982070923,2.809999942779541,0,0.0,0.0
2023-06-30 09:30:00-04:00,2.7899999618530273,2.800100088119507,2.7899999618530273,2.799999952316284,1836,0.0,0.0
2023-06-30 10:30:00-04:00,2.809999942779541,2.809999942779541,2.809999942779541,2.809999942779541,201,0.0,0.0
2023-06-30 11:30:00-04:00,2.799999952316284,2.8399999141693115,2.799999952316284,2.8399999141693115,1005,0.0,0.0
2023-06-30 12:30:00-04:00,2.809999942779541,2.9000000953674316,2.809999942779541,2.9000000953674316,898,0.0,0.0
2023-06-30 13:30:00-04:00,2.859999895095825,2.859999895095825,2.799999952316284,2.809999942779541,2642,0.0,0.0
2023-06-30 15:30:00-04:00,2.819999933242798,2.8499999046325684,2.809999942779541,2.8499999046325684,1061,0.0,0.0
2023-07-03 09:30:00-04:00,2.799999952316284,2.859999895095825,2.799999952316284,2.859999895095825,1606,0.0,0.0
2023-07-03 10:30:00-04:00,2.8499999046325684,2.8499999046325684,2.8499999046325684,2.8499999046325684,511,0.0,0.0
2023-07-03 11:30:00-04:00,2.819999933242798,2.859999895095825,2.819999933242798,2.859999895095825,981,0.0,0.0
2023-07-03 12:30:00-04:00,2.8499999046325684,2.8499999046325684,2.8499999046325684,2.8499999046325684,565,0.0,0.0
2023-07-05 09:30:00-04:00,2.8499999046325684,2.8499999046325684,2.8499999046325684,2.8499999046325684,677,0.0,0.0
2023-07-05 10:30:00-04:00,2.819999933242798,2.8399999141693115,2.7799999713897705,2.8399999141693115,1334,0.0,0.0
2023-07-05 11:30:00-04:00,2.799999952316284,2.8011999130249023,2.75,2.765000104904175,3982,0.0,0.0
2023-07-05 12:30:00-04:00,2.7799999713897705,2.814300060272217,2.630000114440918,2.740000009536743,16438,0.0,0.0
2023-07-05 13:30:00-04:00,2.75,2.7799999713897705,2.75,2.7699999809265137,2008,0.0,0.0
2023-07-05 14:30:00-04:00,2.75,2.75,2.75,2.75,464,0.0,0.0
2023-07-05 15:30:00-04:00,2.700000047683716,2.740000009536743,2.630000114440918,2.6326000690460205,0,0.0,0.0
2023-07-06 09:30:00-04:00,2.640000104904175,2.700000047683716,2.619999885559082,2.630000114440918,7627,0.0,0.0
2023-07-06 10:30:00-04:00,2.630000114440918,2.630000114440918,2.5399999618530273,2.5399999618530273,2370,0.0,0.0
2023-07-06 11:30:00-04:00,2.5450000762939453,2.5450000762939453,2.509999990463257,2.509999990463257,1906,0.0,0.0
2023-07-06 13:30:00-04:00,2.555000066757202,2.5999999046325684,2.5,2.5299999713897705,3519,0.0,0.0
2023-07-06 14:30:00-04:00,2.5299999713897705,2.5599000453948975,2.5,2.509999990463257,2100,0.0,0.0
2023-07-06 15:30:00-04:00,2.5399999618530273,2.549999952316284,2.5399999618530273,2.549999952316284,0,0.0,0.0
2023-07-07 09:30:00-04:00,2.630000114440918,2.630000114440918,2.5,2.509999990463257,1648,0.0,0.0
2023-07-07 10:30:00-04:00,2.5,2.5799999237060547,2.4200000762939453,2.440000057220459,8767,0.0,0.0
2023-07-07 11:30:00-04:00,2.4000000953674316,2.5,2.4000000953674316,2.4600000381469727,2410,0.0,0.0
2023-07-07 12:30:00-04:00,2.440000057220459,2.5350000858306885,2.400099992752075,2.450000047683716,5795,0.0,0.0
2023-07-07 13:30:00-04:00,2.4200000762939453,2.430000066757202,2.4000000953674316,2.4000000953674316,6040,0.0,0.0
2023-07-07 14:30:00-04:00,2.4649999141693115,2.4800000190734863,2.4000000953674316,2.400099992752075,2729,0.0,0.0
2023-07-07 15:30:00-04:00,2.4100000858306885,2.4100000858306885,2.4100000858306885,2.4100000858306885,524,0.0,0.0
2023-07-10 09:30:00-04:00,2.450000047683716,2.450000047683716,2.4200000762939453,2.4228999614715576,2005,0.0,0.0
2023-07-10 10:30:00-04:00,2.4100000858306885,2.440000057220459,2.359999895095825,2.440000057220459,1823,0.0,0.0
2023-07-10 11:30:00-04:00,2.380000114440918,2.380000114440918,2.2941999435424805,2.2941999435424805,5515,0.0,0.0
2023-07-10 12:30:00-04:00,2.349100112915039,2.369999885559082,2.325000047683716,2.369999885559082,2936,0.0,0.0
2023-07-10 14:30:00-04:00,2.359999895095825,2.4000000953674316,2.3101000785827637,2.3101000785827637,1515,0.0,0.0
2023-07-10 15:30:00-04:00,2.384999990463257,2.4238998889923096,2.359999895095825,2.359999895095825,1876,0.0,0.0
2023-07-11 09:30:00-04:00,2.4000000953674316,2.5,2.4000000953674316,2.4200000762939453,9558,0.0,0.0
2023-07-11 10:30:00-04:00,2.4200000762939453,2.4200000762939453,2.4000000953674316,2.4000000953674316,2225,0.0,0.0
2023-07-11 11:30:00-04:00,2.4000000953674316,2.4200000762939453,2.309999942779541,2.3299999237060547,7991,0.0,0.0
2023-07-11 12:30:00-04:00,2.309999942779541,2.3399999141693115,2.309999942779541,2.3399999141693115,401,0.0,0.0
2023-07-11 13:30:00-04:00,2.440000057220459,2.440000057220459,2.3399999141693115,2.390000104904175,601,0.0,0.0
2023-07-11 14:30:00-04:00,2.4000000953674316,2.4000000953674316,2.3499999046325684,2.3499999046325684,537,0.0,0.0
2023-07-11 15:30:00-04:00,2.4000000953674316,2.4000000953674316,2.359999895095825,2.380000114440918,0,0.0,0.0
2023-07-12 09:30:00-04:00,2.380000114440918,2.450000047683716,2.3203001022338867,2.4200000762939453,10106,0.0,0.0
2023-07-12 10:30:00-04:00,2.4000000953674316,2.5899999141693115,2.4000000953674316,2.4700000286102295,8797,0.0,0.0
2023-07-12 11:30:00-04:00,2.450000047683716,2.5274999141693115,2.450000047683716,2.5274999141693115,5842,0.0,0.0
2023-07-12 12:30:00-04:00,2.5250000953674316,2.609999895095825,2.4700000286102295,2.4700000286102295,9548,0.0,0.0
2023-07-12 13:30:00-04:00,2.4700000286102295,2.549999952316284,2.4700000286102295,2.549999952316284,367,0.0,0.0
2023-07-12 14:30:00-04:00,2.549999952316284,2.640000104904175,2.5,2.569999933242798,5466,0.0,0.0
2023-07-12 15:30:00-04:00,2.5199999809265137,2.5199999809265137,2.509999990463257,2.509999990463257,0,0.0,0.0
2023-07-13 09:30:00-04:00,2.490999937057495,2.6050000190734863,2.460099935531616,2.5999999046325684,26070,0.0,0.0
2023-07-13 10:30:00-04:00,2.5999999046325684,2.609999895095825,2.549999952316284,2.549999952316284,4535,0.0,0.0
2023-07-13 12:30:00-04:00,2.5199999809265137,2.5199999809265137,2.5,2.5,2936,0.0,0.0
2023-07-13 13:30:00-04:00,2.509999990463257,2.5144999027252197,2.509999990463257,2.509999990463257,536,0.0,0.0
2023-07-13 15:30:00-04:00,2.4800000190734863,2.5799999237060547,2.4700000286102295,2.5799999237060547,0,0.0,0.0
2023-07-14 09:30:00-04:00,2.5,2.5199999809265137,2.490000009536743,2.509999990463257,1732,0.0,0.0
2023-07-14 10:30:00-04:00,2.4800000190734863,2.569999933242798,2.4800000190734863,2.4800000190734863,1157,0.0,0.0
2023-07-14 11:30:00-04:00,2.5,2.509999990463257,2.5,2.509999990463257,247,0.0,0.0
2023-07-14 12:30:00-04:00,2.4800000190734863,2.549999952316284,2.4800000190734863,2.549999952316284,1176,0.0,0.0
2023-07-14 13:30:00-04:00,2.4800000190734863,2.549999952316284,2.4800000190734863,2.549999952316284,1787,0.0,0.0
2023-07-14 14:30:00-04:00,2.4800000190734863,2.4800000190734863,2.4800000190734863,2.4800000190734863,902,0.0,0.0
2023-07-14 15:30:00-04:00,2.4800000190734863,2.4800000190734863,2.450000047683716,2.459399938583374,5537,0.0,0.0
2023-07-17 09:30:00-04:00,2.5,2.559999942779541,2.5,2.559999942779541,2427,0.0,0.0
2023-07-17 10:30:00-04:00,2.5299999713897705,2.5399999618530273,2.5299999713897705,2.5399999618530273,826,0.0,0.0
2023-07-17 11:30:00-04:00,2.5288000106811523,2.5288000106811523,2.5,2.5,823,0.0,0.0
2023-07-17 13:30:00-04:00,2.5399999618530273,2.5399999618530273,2.5399999618530273,2.5399999618530273,539,0.0,0.0
2023-07-17 15:30:00-04:00,2.5799999237060547,2.5799999237060547,2.5299999713897705,2.5399999618530273,0,0.0,0.0
2023-07-18 09:30:00-04:00,2.549999952316284,2.549999952316284,2.549999952316284,2.549999952316284,1102,0.0,0.0
2023-07-18 11:30:00-04:00,2.549999952316284,2.549999952316284,2.5199999809265137,2.5399999618530273,2503,0.0,0.0
2023-07-18 13:30:00-04:00,2.5299999713897705,2.5299999713897705,2.5299999713897705,2.5299999713897705,100,0.0,0.0
2023-07-18 14:30:00-04:00,2.5399999618530273,2.5399999618530273,2.5399999618530273,2.5399999618530273,100,0.0,0.0
2023-07-19 09:30:00-04:00,2.4351999759674072,2.509999990463257,2.4219000339508057,2.4307000637054443,1915,0.0,0.0
2023-07-19 10:30:00-04:00,2.5281999111175537,2.569999933242798,2.5281999111175537,2.569999933242798,1139,0.0,0.0
2023-07-19 11:30:00-04:00,2.6738998889923096,2.6738998889923096,2.6738998889923096,2.6738998889923096,750,0.0,0.0
2023-07-19 12:30:00-04:00,2.609999895095825,2.609999895095825,2.5999999046325684,2.609999895095825,1152,0.0,0.0
2023-07-19 15:30:00-04:00,2.609999895095825,2.609999895095825,2.609999895095825,2.609999895095825,539,0.0,0.0
2023-07-20 10:30:00-04:00,2.434000015258789,2.532900094985962,2.434000015258789,2.532900094985962,707,0.0,0.0
2023-07-20 12:30:00-04:00,2.5299999713897705,2.5299999713897705,2.509999990463257,2.509999990463257,1089,0.0,0.0
2023-07-20 13:30:00-04:00,2.509999990463257,2.509999990463257,2.509999990463257,2.509999990463257,387,0.0,0.0
2023-07-20 15:30:00-04:00,2.5399999618530273,2.5399999618530273,2.5399999618530273,2.5399999618530273,0,0.0,0.0
2023-07-21 09:30:00-04:00,2.450000047683716,2.4700000286102295,2.450000047683716,2.450000047683716,1731,0.0,0.0
2023-07-21 11:30:00-04:00,2.549999952316284,2.549999952316284,2.4700000286102295,2.4700000286102295,1882,0.0,0.0
2023-07-21 14:30:00-04:00,2.5,2.5399999618530273,2.5,2.5399999618530273,2149,0.0,0.0
2023-07-21 15:30:00-04:00,2.640000104904175,2.640000104904175,2.640000104904175,2.640000104904175,100,0.0,0.0
2023-07-24 10:30:00-04:00,2.585599899291992,2.585599899291992,2.5450000762939453,2.5450000762939453,3065,0.0,0.0
2023-07-24 11:30:00-04:00,2.5000998973846436,2.5441999435424805,2.5,2.5,1736,0.0,0.0
2023-07-24 12:30:00-04:00,2.490000009536743,2.5299999713897705,2.490000009536743,2.5,1840,0.0,0.0
2023-07-24 13:30:00-04:00,2.5199999809265137,2.5199999809265137,2.5199999809265137,2.5199999809265137,352,0.0,0.0
2023-07-24 14:30:00-04:00,2.510999917984009,2.510999917984009,2.506999969482422,2.509999990463257,1011,0.0,0.0
2023-07-24 15:30:00-04:00,2.5,2.5499000549316406,2.5,2.5499000549316406,0,0.0,0.0
2023-07-25 09:30:00-04:00,2.5399999618530273,2.5399999618530273,2.5399999618530273,2.5399999618530273,620,0.0,0.0
2023-07-25 10:30:00-04:00,2.509999990463257,2.509999990463257,2.509999990463257,2.509999990463257,515,0.0,0.0
2023-07-25 11:30:00-04:00,2.565000057220459,2.569999933242798,2.559999942779541,2.569700002670288,1519,0.0,0.0
2023-07-25 12:30:00-04:00,2.5399999618530273,2.569999933242798,2.5399999618530273,2.569999933242798,2562,0.0,0.0
2023-07-25 15:30:00-04:00,2.549999952316284,2.559999942779541,2.509999990463257,2.559999942779541,985,0.0,0.0
2023-07-26 09:30:00-04:00,2.6500000953674316,2.6500000953674316,2.559999942779541,2.559999942779541,3611,0.0,0.0
2023-07-26 10:30:00-04:00,2.549999952316284,2.549999952316284,2.549999952316284,2.549999952316284,570,0.0,0.0
2023-07-26 13:30:00-04:00,2.549999952316284,2.5973000526428223,2.549999952316284,2.5973000526428223,1839,0.0,0.0
2023-07-26 14:30:00-04:00,2.5899999141693115,2.5899999141693115,2.569999933242798,2.569999933242798,0,0.0,0.0
2023-07-27 09:30:00-04:00,2.5399999618530273,2.5399999618530273,2.490000009536743,2.5000998973846436,2751,0.0,0.0
2023-07-27 10:30:00-04:00,2.5399999618530273,2.5399999618530273,2.5,2.5,2170,0.0,0.0
2023-07-27 11:30:00-04:00,2.509999990463257,2.509999990463257,2.509999990463257,2.509999990463257,1045,0.0,0.0
2023-07-27 15:30:00-04:00,2.5304999351501465,2.5304999351501465,2.5304999351501465,2.5304999351501465,519,0.0,0.0
2023-07-28 09:30:00-04:00,2.5,2.6600000858306885,2.440000057220459,2.440000057220459,4242,0.0,0.0
2023-07-28 11:30:00-04:00,2.5999999046325684,2.5999999046325684,2.5999999046325684,2.5999999046325684,1214,0.0,0.0
2023-07-28 12:30:00-04:00,2.5100998878479004,2.5199999809265137,2.5100998878479004,2.5100998878479004,3564,0.0,0.0
2023-07-28 13:30:00-04:00,2.609999895095825,2.619999885559082,2.5799999237060547,2.619999885559082,2399,0.0,0.0
2023-07-28 14:30:00-04:00,2.619999885559082,2.6500000953674316,2.5799999237060547,2.5799999237060547,4392,0.0,0.0
2023-07-31 09:30:00-04:00,2.5399999618530273,2.6500000953674316,2.5,2.630000114440918,1885,0.0,0.0
2023-07-31 10:30:00-04:00,2.684999942779541,2.7600998878479004,2.640000104904175,2.640000104904175,12982,0.0,0.0
2023-07-31 11:30:00-04:00,2.6500000953674316,2.714400053024292,2.6500000953674316,2.7049999237060547,0,0.0,0.0
2023-08-01 09:30:00-04:00,2.786600112915039,2.869999885559082,2.786600112915039,2.869999885559082,10188,0.0,0.0
2023-08-01 10:30:00-04:00,2.9100000858306885,3.130000114440918,2.869999885559082,2.9800000190734863,31664,0.0,0.0
2023-08-01 11:30:00-04:00,2.9800000190734863,3.0799999237060547,2.950000047683716,3.0199999809265137,8510,0.0,0.0
2023-08-01 12:30:00-04:00,3.0199999809265137,3.9000000953674316,2.9700000286102295,3.119999885559082,373888,0.0,0.0
2023-08-01 13:30:00-04:00,3.0,3.200000047683716,2.7899999618530273,2.9600000381469727,98979,0.0,0.0
2023-08-01 14:30:00-04:00,3.0325000286102295,3.0325000286102295,2.809999942779541,2.890000104904175,26317,0.0,0.0
2023-08-01 15:30:00-04:00,2.9100000858306885,3.200000047683716,2.8301000595092773,3.1298000812530518,44323,0.0,0.0
2023-08-02 09:30:00-04:00,2.990000009536743,2.990000009536743,2.809999942779541,2.8642001152038574,18036,0.0,0.0
2023-08-02 10:30:00-04:00,2.9200000762939453,2.9800000190734863,2.75,2.75,18240,0.0,0.0
2023-08-02 11:30:00-04:00,2.7300000190734863,2.825000047683716,2.7142999172210693,2.825000047683716,9070,0.0,0.0
2023-08-02 12:30:00-04:00,2.7799999713897705,3.0799999237060547,2.7799999713897705,3.001199960708618,14302,0.0,0.0
2023-08-02 13:30:00-04:00,3.0002999305725098,3.0004000663757324,3.0,3.0,1522,0.0,0.0
2023-08-02 14:30:00-04:00,3.015000104904175,3.0299999713897705,3.000499963760376,3.000499963760376,3600,0.0,0.0
2023-08-02 15:30:00-04:00,3.0,3.0887999534606934,3.0,3.0199999809265137,3906,0.0,0.0
2023-08-03 09:30:00-04:00,2.9000000953674316,3.25,2.859999895095825,3.180000066757202,27318,0.0,0.0
2023-08-03 10:30:00-04:00,3.1500000953674316,3.2699999809265137,3.0999999046325684,3.0999999046325684,9392,0.0,0.0
2023-08-03 11:30:00-04:00,3.1549999713897705,3.309999942779541,3.1549999713897705,3.309999942779541,18604,0.0,0.0
2023-08-03 12:30:00-04:00,3.309999942779541,3.4800000190734863,3.240000009536743,3.309999942779541,24380,0.0,0.0
2023-08-03 13:30:00-04:00,3.299999952316284,3.350100040435791,3.2400999069213867,3.2400999069213867,15044,0.0,0.0
2023-08-03 14:30:00-04:00,3.244999885559082,3.2899999618530273,3.069999933242798,3.1301000118255615,15635,0.0,0.0
2023-08-03 15:30:00-04:00,3.130000114440918,3.190000057220459,3.069999933242798,3.119999885559082,0,0.0,0.0
2023-08-04 09:30:00-04:00,3.2200000286102295,3.2200000286102295,3.0518999099731445,3.200000047683716,12679,0.0,0.0
2023-08-04 10:30:00-04:00,3.1700000762939453,3.1700000762939453,3.0999999046325684,3.115000009536743,3838,0.0,0.0
2023-08-04 11:30:00-04:00,3.140000104904175,3.190000057220459,3.1289000511169434,3.1289000511169434,5969,0.0,0.0
2023-08-04 12:30:00-04:00,3.174999952316284,3.174999952316284,3.0799999237060547,3.130000114440918,7901,0.0,0.0
2023-08-04 13:30:00-04:00,3.1500000953674316,3.330699920654297,3.1500000953674316,3.259999990463257,11873,0.0,0.0
2023-08-04 14:30:00-04:00,3.299999952316284,3.299999952316284,3.220099925994873,3.240000009536743,2584,0.0,0.0
2023-08-04 15:30:00-04:00,3.2899999618530273,3.3399999141693115,3.240000009536743,3.2699999809265137,7795,0.0,0.0
2023-08-07 09:30:00-04:00,3.1600000858306885,3.1600000858306885,3.0,3.059999942779541,5490,0.0,0.0
2023-08-07 10:30:00-04:00,3.06030011177063,3.06030011177063,3.049999952316284,3.049999952316284,436,0.0,0.0
2023-08-07 11:30:00-04:00,3.0199999809265137,3.0199999809265137,3.0,3.0,2756,0.0,0.0
2023-08-07 12:30:00-04:00,3.0085999965667725,3.0299999713897705,3.0,3.0299999713897705,3382,0.0,0.0
2023-08-07 13:30:00-04:00,3.049999952316284,3.1944000720977783,3.049999952316284,3.1500000953674316,4860,0.0,0.0
2023-08-07 14:30:00-04:00,3.1700000762939453,3.1700000762939453,3.1700000762939453,3.1700000762939453,1052,0.0,0.0
2023-08-07 15:30:00-04:00,3.1500000953674316,3.1500000953674316,3.069999933242798,3.069999933242798,1341,0.0,0.0
2023-08-08 09:30:00-04:00,3.146399974822998,3.7300000190734863,3.134999990463257,3.180000066757202,155017,0.0,0.0
2023-08-08 10:30:00-04:00,3.25,3.509999990463257,3.25,3.450000047683716,27192,0.0,0.0
2023-08-08 11:30:00-04:00,3.430000066757202,3.4700000286102295,3.299999952316284,3.440000057220459,21313,0.0,0.0
2023-08-08 12:30:00-04:00,3.384999990463257,3.450000047683716,3.365000009536743,3.437299966812134,2560,0.0,0.0
2023-08-08 13:30:00-04:00,3.440000057220459,3.5,3.3912999629974365,3.450000047683716,14425,0.0,0.0
2023-08-08 14:30:00-04:00,3.440000057220459,3.625,3.430000066757202,3.625,8845,0.0,0.0
2023-08-08 15:30:00-04:00,3.619999885559082,3.619999885559082,3.4600000381469727,3.549999952316284,0,0.0,0.0
2023-08-09 09:30:00-04:00,3.559999942779541,3.880000114440918,3.486799955368042,3.486799955368042,40586,0.0,0.0
2023-08-09 10:30:00-04:00,3.640000104904175,3.6600000858306885,3.4700000286102295,3.649899959564209,4307,0.0,0.0
2023-08-09 11:30:00-04:00,3.550100088119507,3.625499963760376,3.5,3.5,12221,0.0,0.0
2023-08-09 12:30:00-04:00,3.4200000762939453,3.5,3.359999895095825,3.440000057220459,14948,0.0,0.0
2023-08-09 13:30:00-04:00,3.4899001121520996,3.5799999237060547,3.4749999046325684,3.509999990463257,5304,0.0,0.0
2023-08-09 14:30:00-04:00,3.6089999675750732,3.7100000381469727,3.5199999809265137,3.559999942779541,7533,0.0,0.0
2023-08-09 15:30:00-04:00,3.6700000762939453,3.680000066757202,3.5999999046325684,3.640000104904175,0,0.0,0.0
2023-08-10 09:30:00-04:00,3.7100000381469727,3.990000009536743,3.609999895095825,3.609999895095825,30492,0.0,0.0
2023-08-10 10:30:00-04:00,3.640000104904175,3.640000104904175,3.609999895095825,3.630000114440918,2904,0.0,0.0
2023-08-10 11:30:00-04:00,3.6231000423431396,3.684999942779541,3.5999999046325684,3.5999999046325684,3234,0.0,0.0
2023-08-10 12:30:00-04:00,3.515000104904175,3.5999999046325684,3.4500999450683594,3.5,13585,0.0,0.0
2023-08-10 13:30:00-04:00,3.450000047683716,3.4649999141693115,3.4200000762939453,3.450000047683716,3553,0.0,0.0
2023-08-10 14:30:00-04:00,3.4149999618530273,3.5199999809265137,3.4149999618530273,3.5199999809265137,14689,0.0,0.0
2023-08-10 15:30:00-04:00,3.5,3.549999952316284,3.390700101852417,3.4100000858306885,9307,0.0,0.0
2023-08-11 09:30:00-04:00,3.4000000953674316,3.505000114440918,3.390500068664551,3.390500068664551,2785,0.0,0.0
2023-08-11 10:30:00-04:00,3.319999933242798,3.3299999237060547,3.1700000762939453,3.2899999618530273,10597,0.0,0.0
2023-08-11 11:30:00-04:00,3.25,3.4000000953674316,3.200000047683716,3.369999885559082,23137,0.0,0.0
2023-08-11 12:30:00-04:00,3.309999942779541,3.430000066757202,3.299999952316284,3.4000000953674316,2458,0.0,0.0
2023-08-11 13:30:00-04:00,3.450000047683716,3.450000047683716,3.409899950027466,3.4100000858306885,6174,0.0,0.0
2023-08-11 14:30:00-04:00,3.4000000953674316,3.450000047683716,3.380000114440918,3.4000000953674316,3624,0.0,0.0
2023-08-11 15:30:00-04:00,3.450000047683716,3.450000047683716,3.4200000762939453,3.4200000762939453,1000,0.0,0.0
2023-08-14 09:30:00-04:00,3.4600000381469727,3.5399999618530273,3.359999895095825,3.5399999618530273,3949,0.0,0.0
2023-08-14 10:30:00-04:00,3.509999990463257,3.509999990463257,3.3499999046325684,3.3499999046325684,8984,0.0,0.0
2023-08-14 11:30:00-04:00,3.3399999141693115,3.3399999141693115,3.3399999141693115,3.3399999141693115,323,0.0,0.0
2023-08-14 12:30:00-04:00,3.309999942779541,3.3550000190734863,3.309999942779541,3.3550000190734863,1200,0.0,0.0
2023-08-14 13:30:00-04:00,3.309999942779541,3.4000000953674316,3.309999942779541,3.3299999237060547,14963,0.0,0.0
2023-08-14 14:30:00-04:00,3.3299999237060547,3.3554999828338623,3.1700000762939453,3.309999942779541,22350,0.0,0.0
2023-08-14 15:30:00-04:00,3.319999933242798,3.4100000858306885,3.319999933242798,3.4000000953674316,0,0.0,0.0
2023-08-15 09:30:00-04:00,3.2190001010894775,3.2300000190734863,3.2100000381469727,3.2200000286102295,3745,0.0,0.0
2023-08-15 10:30:00-04:00,3.380000114440918,3.5899999141693115,3.380000114440918,3.4700000286102295,29564,0.0,0.0
2023-08-15 11:30:00-04:00,3.4100000858306885,3.450000047683716,3.369999885559082,3.380000114440918,5176,0.0,0.0
2023-08-15 12:30:00-04:00,3.380000114440918,3.430000066757202,3.350100040435791,3.4000000953674316,26060,0.0,0.0
2023-08-15 13:30:00-04:00,3.430000066757202,3.430000066757202,3.3499999046325684,3.3499999046325684,459,0.0,0.0
2023-08-15 15:30:00-04:00,3.4100000858306885,3.440000057220459,3.390000104904175,3.4000000953674316,0,0.0,0.0
2023-08-16 09:30:00-04:00,3.259999990463257,3.325000047683716,3.25,3.319999933242798,16659,0.0,0.0
2023-08-16 10:30:00-04:00,3.296799898147583,3.299999952316284,3.296799898147583,3.299999952316284,440,0.0,0.0
2023-08-16 12:30:00-04:00,3.2799999713897705,3.299999952316284,3.2699999809265137,3.299999952316284,1390,0.0,0.0
2023-08-16 13:30:00-04:00,3.259999990463257,3.259999990463257,3.25,3.259999990463257,3792,0.0,0.0
2023-08-16 14:30:00-04:00,3.319999933242798,3.319999933242798,3.2300000190734863,3.240000009536743,4470,0.0,0.0
2023-08-16 15:30:00-04:00,3.240000009536743,3.240000009536743,3.0299999713897705,3.0399999618530273,0,0.0,0.0
2023-08-17 09:30:00-04:00,3.0399999618530273,3.0399999618530273,3.0,3.0,3466,0.0,0.0
2023-08-17 10:30:00-04:00,3.0,3.0225000381469727,3.0,3.0225000381469727,9697,0.0,0.0
2023-08-17 12:30:00-04:00,2.9800000190734863,3.109999895095825,2.9800000190734863,2.990000009536743,1039,0.0,0.0
2023-08-17 13:30:00-04:00,3.009999990463257,3.1600000858306885,3.009999990463257,3.1600000858306885,2830,0.0,0.0
2023-08-17 14:30:00-04:00,3.109999895095825,3.119999885559082,3.0999999046325684,3.0999999046325684,767,0.0,0.0
2023-08-17 15:30:00-04:00,3.1549999713897705,3.1549999713897705,3.109999895095825,3.109999895095825,0,0.0,0.0
2023-08-18 09:30:00-04:00,3.0299999713897705,3.0299999713897705,2.869999885559082,2.950000047683716,1953,0.0,0.0
2023-08-18 10:30:00-04:00,2.950000047683716,3.0462000370025635,2.950000047683716,3.0462000370025635,641,0.0,0.0
2023-08-18 11:30:00-04:00,3.0274999141693115,3.0274999141693115,3.0274999141693115,3.0274999141693115,314,0.0,0.0
2023-08-18 12:30:00-04:00,3.0399999618530273,3.0399999618530273,3.0199999809265137,3.0199999809265137,901,0.0,0.0
2023-08-18 13:30:00-04:00,3.0,3.1600000858306885,2.990000009536743,3.0999999046325684,6424,0.0,0.0
2023-08-18 14:30:00-04:00,3.0999999046325684,3.0999999046325684,3.059999942779541,3.059999942779541,5527,0.0,0.0
2023-08-18 15:30:00-04:00,2.9000000953674316,2.940000057220459,2.859999895095825,2.890000104904175,648,0.0,0.0
2023-08-21 09:30:00-04:00,3.0399999618530273,3.2799999713897705,3.0399999618530273,3.2799999713897705,12024,0.0,0.0
2023-08-21 10:30:00-04:00,3.190000057220459,3.190000057220459,3.0999999046325684,3.0999999046325684,9119,0.0,0.0
2023-08-21 11:30:00-04:00,3.109999895095825,3.109999895095825,3.109999895095825,3.109999895095825,485,0.0,0.0
2023-08-21 15:30:00-04:00,3.109999895095825,3.109999895095825,3.005000114440918,3.005000114440918,362,0.0,0.0
2023-08-22 09:30:00-04:00,3.200000047683716,3.337899923324585,3.200000047683716,3.218100070953369,11424,0.0,0.0
2023-08-22 10:30:00-04:00,3.200000047683716,3.3499999046325684,3.200000047683716,3.299999952316284,20218,0.0,0.0
2023-08-22 11:30:00-04:00,3.375,3.380000114440918,3.1600000858306885,3.240499973297119,11649,0.0,0.0
2023-08-22 12:30:00-04:00,3.3550000190734863,3.3550000190734863,3.200000047683716,3.25,1387,0.0,0.0
2023-08-22 13:30:00-04:00,3.240000009536743,3.3399999141693115,3.240000009536743,3.240000009536743,2030,0.0,0.0
2023-08-22 14:30:00-04:00,3.325000047683716,3.3299999237060547,3.306999921798706,3.3299999237060547,742,0.0,0.0
2023-08-22 15:30:00-04:00,3.2899999618530273,3.2899999618530273,3.1449999809265137,3.1449999809265137,0,0.0,0.0
2023-08-23 09:30:00-04:00,3.299999952316284,3.3499999046325684,3.259999990463257,3.259999990463257,2731,0.0,0.0
2023-08-23 10:30:00-04:00,3.3101999759674072,3.31030011177063,3.265000104904175,3.265000104904175,1588,0.0,0.0
2023-08-23 11:30:00-04:00,3.2606000900268555,3.2606000900268555,3.2606000900268555,3.2606000900268555,202,0.0,0.0
2023-08-23 12:30:00-04:00,3.299999952316284,3.390000104904175,3.299999952316284,3.390000104904175,5559,0.0,0.0
2023-08-23 13:30:00-04:00,3.369999885559082,3.380000114440918,3.325000047683716,3.3399999141693115,3084,0.0,0.0
2023-08-23 14:30:00-04:00,3.390000104904175,3.4800000190734863,3.390000104904175,3.4800000190734863,600,0.0,0.0
2023-08-23 15:30:00-04:00,3.2600998878479004,3.7899999618530273,3.259999990463257,3.7899999618530273,0,0.0,0.0
2023-08-24 09:30:00-04:00,3.609999895095825,3.630000114440918,3.559999942779541,3.559999942779541,5033,0.0,0.0
2023-08-24 10:30:00-04:00,3.634999990463257,3.634999990463257,3.569999933242798,3.569999933242798,3401,0.0,0.0
2023-08-24 11:30:00-04:00,3.5601000785827637,3.700000047683716,3.4600000381469727,3.699199914932251,23822,0.0,0.0
2023-08-24 12:30:00-04:00,3.700000047683716,3.7899999618530273,3.690000057220459,3.690000057220459,12968,0.0,0.0
2023-08-24 13:30:00-04:00,3.600100040435791,3.600100040435791,3.600100040435791,3.600100040435791,141,0.0,0.0
2023-08-24 14:30:00-04:00,3.5999999046325684,3.75,3.5999999046325684,3.75,823,0.0,0.0
2023-08-24 15:30:00-04:00,3.5,3.7899999618530273,3.5,3.7699999809265137,8812,0.0,0.0
2023-08-25 09:30:00-04:00,3.559999942779541,3.559999942779541,3.43149995803833,3.43149995803833,2889,0.0,0.0
2023-08-25 10:30:00-04:00,3.5399999618530273,3.5899999141693115,3.5399999618530273,3.5741000175476074,3728,0.0,0.0
2023-08-25 11:30:00-04:00,3.484999895095825,3.5899999141693115,3.484999895095825,3.5899999141693115,3363,0.0,0.0
2023-08-25 12:30:00-04:00,3.5,3.549999952316284,3.4100000858306885,3.490000009536743,25394,0.0,0.0
2023-08-25 13:30:00-04:00,3.450000047683716,3.450000047683716,3.440000057220459,3.450000047683716,752,0.0,0.0
2023-08-25 14:30:00-04:00,3.450000047683716,3.450000047683716,3.450000047683716,3.450000047683716,970,0.0,0.0
2023-08-25 15:30:00-04:00,3.450000047683716,3.490000009536743,3.3499999046325684,3.4700000286102295,4972,0.0,0.0
2023-08-28 09:30:00-04:00,3.630000114440918,3.630000114440918,3.2727999687194824,3.380000114440918,4515,0.0,0.0
2023-08-28 10:30:00-04:00,3.315000057220459,3.315000057220459,3.0118000507354736,3.0299999713897705,32524,0.0,0.0
2023-08-28 11:30:00-04:00,3.1600000858306885,3.1600000858306885,3.0905001163482666,3.0905001163482666,812,0.0,0.0
2023-08-28 12:30:00-04:00,3.049999952316284,3.109999895095825,3.0299999713897705,3.109999895095825,3210,0.0,0.0
2023-08-28 13:30:00-04:00,3.134999990463257,3.134999990463257,3.0999999046325684,3.0999999046325684,2494,0.0,0.0
2023-08-28 14:30:00-04:00,3.0999999046325684,3.0999999046325684,3.049999952316284,3.049999952316284,2548,0.0,0.0
2023-08-28 15:30:00-04:00,3.059999942779541,3.069999933242798,3.049999952316284,3.050100088119507,3745,0.0,0.0
2023-08-29 09:30:00-04:00,3.109999895095825,3.1500000953674316,2.890700101852417,3.0999999046325684,17307,0.0,0.0
2023-08-29 10:30:00-04:00,3.119999885559082,3.130000114440918,3.0006000995635986,3.069999933242798,27374,0.0,0.0
2023-08-29 11:30:00-04:00,3.055299997329712,3.0999999046325684,3.0099000930786133,3.0999999046325684,9660,0.0,0.0
2023-08-29 12:30:00-04:00,2.9644999504089355,3.0899999141693115,2.9644999504089355,3.0899999141693115,653,0.0,0.0
2023-08-29 13:30:00-04:00,3.0127999782562256,3.0127999782562256,3.010999917984009,3.010999917984009,773,0.0,0.0
2023-08-29 14:30:00-04:00,3.0,3.099900007247925,3.0,3.0899999141693115,1694,0.0,0.0
2023-08-29 15:30:00-04:00,2.9800000190734863,3.0799999237060547,2.950000047683716,2.950000047683716,3143,0.0,0.0
2023-08-30 09:30:00-04:00,2.940000057220459,3.040800094604492,2.8499999046325684,2.861999988555908,6788,0.0,0.0
2023-08-30 10:30:00-04:00,2.9790000915527344,2.9790000915527344,2.619999885559082,2.680000066757202,45621,0.0,0.0
2023-08-30 11:30:00-04:00,2.912600040435791,2.912600040435791,2.799999952316284,2.799999952316284,1765,0.0,0.0
2023-08-30 12:30:00-04:00,2.811000108718872,2.811000108718872,2.619999885559082,2.619999885559082,24563,0.0,0.0
2023-08-30 13:30:00-04:00,2.738800048828125,2.738800048828125,2.5999999046325684,2.609999895095825,15773,0.0,0.0
2023-08-30 14:30:00-04:00,2.6126999855041504,2.6760001182556152,2.549999952316284,2.549999952316284,5965,0.0,0.0
2023-08-30 15:30:00-04:00,2.549999952316284,2.5899999141693115,2.5,2.588399887084961,6340,0.0,0.0
2023-08-31 09:30:00-04:00,2.5799999237060547,2.940000057220459,2.5799999237060547,2.8499999046325684,30137,0.0,0.0
2023-08-31 10:30:00-04:00,2.7300000190734863,2.809999942779541,2.6500000953674316,2.6500000953674316,24499,0.0,0.0
2023-08-31 11:30:00-04:00,2.7100000381469727,3.0,2.680000066757202,2.9000000953674316,69954,0.0,0.0
2023-08-31 12:30:00-04:00,2.9077000617980957,3.0,2.805000066757202,2.8310000896453857,13061,0.0,0.0
2023-08-31 13:30:00-04:00,2.8132998943328857,2.819999933242798,2.809999942779541,2.809999942779541,4000,0.0,0.0
2023-08-31 14:30:00-04:00,2.800100088119507,2.9000000953674316,2.800100088119507,2.9000000953674316,2103,0.0,0.0
2023-08-31 15:30:00-04:00,2.813699960708618,2.8299999237060547,2.8048999309539795,2.809999942779541,7868,0.0,0.0
2023-09-01 09:30:00-04:00,2.819999933242798,2.859100103378296,2.690000057220459,2.789599895477295,14943,0.0,0.0
2023-09-01 10:30:00-04:00,2.670099973678589,2.700000047683716,2.670099973678589,2.700000047683716,945,0.0,0.0
2023-09-01 12:30:00-04:00,2.7248001098632812,2.75,2.7227001190185547,2.75,2390,0.0,0.0
2023-09-01 13:30:00-04:00,2.75,2.765000104904175,2.680000066757202,2.7300000190734863,3033,0.0,0.0
2023-09-01 14:30:00-04:00,2.7699999809265137,2.7699999809265137,2.7100000381469727,2.7100000381469727,1317,0.0,0.0
2023-09-01 15:30:00-04:00,2.75,2.799999952316284,2.6800999641418457,2.799999952316284,2767,0.0,0.0
2023-09-05 09:30:00-04:00,2.7200000286102295,2.7200000286102295,2.5999999046325684,2.5999999046325684,10574,0.0,0.0
2023-09-05 10:30:00-04:00,2.609999895095825,2.645900011062622,2.609999895095825,2.645900011062622,972,0.0,0.0
2023-09-05 12:30:00-04:00,2.619999885559082,2.6498000621795654,2.619999885559082,2.640000104904175,1866,0.0,0.0
2023-09-05 13:30:00-04:00,2.640000104904175,2.640000104904175,2.640000104904175,2.640000104904175,358,0.0,0.0
2023-09-05 14:30:00-04:00,2.640000104904175,2.640000104904175,2.5999999046325684,2.5999999046325684,1905,0.0,0.0
2023-09-05 15:30:00-04:00,2.5427000522613525,2.5799999237060547,2.5199999809265137,2.559999942779541,1472,0.0,0.0
2023-09-06 09:30:00-04:00,2.5199999809265137,2.630000114440918,2.5,2.609999895095825,5878,0.0,0.0
2023-09-06 10:30:00-04:00,2.609999895095825,2.609999895095825,2.609999895095825,2.609999895095825,660,0.0,0.0
2023-09-06 11:30:00-04:00,2.6600000858306885,2.6600000858306885,2.559999942779541,2.559999942779541,1037,0.0,0.0
2023-09-06 12:30:00-04:00,2.559999942779541,2.559999942779541,2.559999942779541,2.559999942779541,157,0.0,0.0
2023-09-06 15:30:00-04:00,2.559999942779541,2.559999942779541,2.509999990463257,2.5199999809265137,537,0.0,0.0
2023-09-07 09:30:00-04:00,2.4000000953674316,2.6500000953674316,2.4000000953674316,2.5399999618530273,2839,0.0,0.0
2023-09-07 10:30:00-04:00,2.5399999618530273,2.5399999618530273,2.5,2.5,1251,0.0,0.0
2023-09-07 11:30:00-04:00,2.48009991645813,2.48009991645813,2.48009991645813,2.48009991645813,423,0.0,0.0
2023-09-07 14:30:00-04:00,2.5399999618530273,2.5399999618530273,2.5399999618530273,2.5399999618530273,500,0.0,0.0
2023-09-07 15:30:00-04:00,2.515000104904175,2.515000104904175,2.515000104904175,2.515000104904175,0,0.0,0.0
2023-09-08 09:30:00-04:00,2.4000000953674316,2.4000000953674316,2.4000000953674316,2.4000000953674316,727,0.0,0.0
2023-09-08 12:30:00-04:00,2.440000057220459,2.5399999618530273,2.440000057220459,2.5399999618530273,2913,0.0,0.0
2023-09-08 13:30:00-04:00,2.6500000953674316,2.7899999618530273,2.5799999237060547,2.619999885559082,10076,0.0,0.0
2023-09-08 14:30:00-04:00,2.5797998905181885,2.6050000190734863,2.5797998905181885,2.6050000190734863,1201,0.0,0.0
2023-09-08 15:30:00-04:00,2.6050000190734863,2.6050000190734863,2.575000047683716,2.5799999237060547,700,0.0,0.0
2023-09-11 09:30:00-04:00,2.5399999618530273,2.5899999141693115,2.5000998973846436,2.5399999618530273,5134,0.0,0.0
2023-09-11 10:30:00-04:00,2.549999952316284,2.5799999237060547,2.549999952316284,2.559999942779541,744,0.0,0.0
2023-09-11 11:30:00-04:00,2.609999895095825,2.609999895095825,2.609999895095825,2.609999895095825,220,0.0,0.0
2023-09-11 12:30:00-04:00,2.5648999214172363,2.5648999214172363,2.5,2.5,5946,0.0,0.0
2023-09-11 13:30:00-04:00,2.5,2.5,2.4200000762939453,2.4200000762939453,2116,0.0,0.0
2023-09-11 14:30:00-04:00,2.499000072479248,2.5,2.499000072479248,2.5,1703,0.0,0.0
2023-09-11 15:30:00-04:00,2.440000057220459,2.440000057220459,2.400099992752075,2.400099992752075,0,0.0,0.0
2023-09-12 09:30:00-04:00,2.4100000858306885,2.4800000190734863,2.4100000858306885,2.4200000762939453,2694,0.0,0.0
2023-09-12 14:30:00-04:00,2.4049999713897705,2.4049999713897705,2.4049999713897705,2.4049999713897705,165,0.0,0.0
2023-09-12 15:30:00-04:00,2.4100000858306885,2.5599000453948975,2.4000000953674316,2.5599000453948975,0,0.0,0.0
2023-09-13 11:30:00-04:00,2.5199999809265137,2.5199999809265137,2.5199999809265137,2.5199999809265137,686,0.0,0.0
2023-09-13 13:30:00-04:00,2.5,2.5,2.5,2.5,216,0.0,0.0
2023-09-13 15:30:00-04:00,2.4000000953674316,2.4000000953674316,2.390000104904175,2.390000104904175,400,0.0,0.0
2023-09-14 09:30:00-04:00,2.4800000190734863,2.5267999172210693,2.347100019454956,2.5267999172210693,900,0.0,0.0
2023-09-14 10:30:00-04:00,2.4600000381469727,2.4600000381469727,2.3399999141693115,2.430000066757202,3201,0.0,0.0
2023-09-14 11:30:00-04:00,2.430000066757202,2.430000066757202,2.4000000953674316,2.4000000953674316,4380,0.0,0.0
2023-09-14 12:30:00-04:00,2.390000104904175,2.4000000953674316,2.3399999141693115,2.359999895095825,6438,0.0,0.0
2023-09-14 13:30:00-04:00,2.319999933242798,2.359999895095825,2.319999933242798,2.359999895095825,1439,0.0,0.0
2023-09-14 15:30:00-04:00,2.319999933242798,2.319999933242798,2.319999933242798,2.319999933242798,735,0.0,0.0
2023-09-15 09:30:00-04:00,2.299999952316284,2.4075000286102295,2.299999952316284,2.4075000286102295,2936,0.0,0.0
2023-09-15 11:30:00-04:00,2.299999952316284,2.299999952316284,2.299999952316284,2.299999952316284,1649,0.0,0.0
2023-09-15 12:30:00-04:00,2.3450000286102295,2.3450000286102295,2.2899999618530273,2.319999933242798,4058,0.0,0.0
2023-09-15 13:30:00-04:00,2.327199935913086,2.327199935913086,2.2685999870300293,2.2685999870300293,872,0.0,0.0
2023-09-15 14:30:00-04:00,2.240000009536743,2.250699996948242,2.200000047683716,2.250699996948242,1861,0.0,0.0
2023-09-15 15:30:00-04:00,2.26419997215271,2.26419997215271,2.26419997215271,2.26419997215271,668,0.0,0.0
2023-09-18 09:30:00-04:00,2.3399999141693115,2.450000047683716,2.3059000968933105,2.3350000381469727,0,0.0,0.0
2023-09-18 11:30:00-04:00,2.359999895095825,2.359999895095825,2.359999895095825,2.359999895095825,343,0.0,0.0
2023-09-18 14:30:00-04:00,2.3399999141693115,2.3399999141693115,2.3399999141693115,2.3399999141693115,100,0.0,0.0
2023-09-18 15:30:00-04:00,2.3399999141693115,2.3399999141693115,2.3399999141693115,2.3399999141693115,0,0.0,0.0
2023-09-19 10:30:00-04:00,2.359999895095825,2.359999895095825,2.3399999141693115,2.3399999141693115,1402,0.0,0.0
2023-09-19 15:30:00-04:00,2.369999885559082,2.4200000762939453,2.3299999237060547,2.3299999237060547,1401,0.0,0.0
2023-09-20 09:30:00-04:00,2.3399999141693115,2.3399999141693115,2.200000047683716,2.200000047683716,3534,0.0,0.0
2023-09-20 10:30:00-04:00,2.2200000286102295,2.2200000286102295,2.1500000953674316,2.1500000953674316,6393,0.0,0.0
2023-09-20 11:30:00-04:00,2.190000057220459,2.1905999183654785,2.190000057220459,2.1905999183654785,524,0.0,0.0
2023-09-20 12:30:00-04:00,2.1500000953674316,2.1500000953674316,2.069999933242798,2.0899999141693115,10049,0.0,0.0
2023-09-20 15:30:00-04:00,2.130000114440918,2.130000114440918,2.0899999141693115,2.0899999141693115,610,0.0,0.0
2023-09-21 09:30:00-04:00,2.130000114440918,2.130000114440918,2.009999990463257,2.009999990463257,9734,0.0,0.0
2023-09-21 10:30:00-04:00,1.9601000547409058,1.9601000547409058,1.8300000429153442,1.8799999952316284,11956,0.0,0.0
2023-09-21 11:30:00-04:00,1.934999942779541,1.934999942779541,1.7999999523162842,1.7999999523162842,11208,0.0,0.0
2023-09-21 12:30:00-04:00,1.809999942779541,1.809999942779541,1.7999999523162842,1.7999999523162842,3942,0.0,0.0
2023-09-21 13:30:00-04:00,1.8899999856948853,1.8899999856948853,1.8200000524520874,1.8200000524520874,1203,0.0,0.0
2023-09-21 14:30:00-04:00,1.8200000524520874,1.8200000524520874,1.809999942779541,1.809999942779541,1589,0.0,0.0
2023-09-21 15:30:00-04:00,1.8799999952316284,1.8799999952316284,1.8799999952316284,1.8799999952316284,790,0.0,0.0
2023-09-22 09:30:00-04:00,1.8200000524520874,1.934000015258789,1.690000057220459,1.850000023841858,8775,0.0,0.0
2023-09-22 10:30:00-04:00,1.7100000381469727,1.7400000095367432,1.7100000381469727,1.7265000343322754,5661,0.0,0.0
2023-09-22 11:30:00-04:00,1.730299949645996,1.730299949645996,1.730299949645996,1.730299949645996,1763,0.0,0.0
2023-09-22 13:30:00-04:00,1.7300000190734863,1.7300000190734863,1.7300000190734863,1.7300000190734863,794,0.0,0.0
2023-09-22 14:30:00-04:00,1.7200000286102295,1.809999942779541,1.7200000286102295,1.7799999713897705,2686,0.0,0.0
2023-09-22 15:30:00-04:00,1.7999999523162842,1.7999999523162842,1.7899999618530273,1.7899999618530273,420,0.0,0.0
2023-09-25 09:30:00-04:00,1.7300000190734863,1.8315000534057617,1.7300000190734863,1.7999999523162842,0,0.0,0.0
2023-09-25 10:30:00-04:00,1.8700000047683716,1.9600000381469727,1.7999999523162842,1.7999999523162842,12057,0.0,0.0
2023-09-25 11:30:00-04:00,1.8100999593734741,1.8100999593734741,1.8100999593734741,1.8100999593734741,348,0.0,0.0
2023-09-25 12:30:00-04:00,1.809999942779541,1.809999942779541,1.809999942779541,1.809999942779541,0,0.0,0.0
2023-09-27 11:30:00-04:00,1.9199999570846558,1.9700000286102295,1.9199999570846558,1.9700000286102295,690,0.0,0.0
2023-09-27 12:30:00-04:00,1.940000057220459,1.9600000381469727,1.9299999475479126,1.9299999475479126,0,0.0,0.0
2023-09-28 09:30:00-04:00,1.7799999713897705,1.8700000047683716,1.7799999713897705,1.8600000143051147,1842,0.0,0.0
2023-09-28 10:30:00-04:00,1.7699999809265137,1.7699999809265137,1.7699999809265137,1.7699999809265137,247,0.0,0.0
2023-09-28 11:30:00-04:00,1.7799999713897705,1.7799999713897705,1.7799999713897705,1.7799999713897705,531,0.0,0.0
2023-09-28 14:30:00-04:00,1.8200000524520874,1.840000033378601,1.8200000524520874,1.840000033378601,452,0.0,0.0
2023-09-28 15:30:00-04:00,1.7599999904632568,1.7599999904632568,1.7599999904632568,1.7599999904632568,0,0.0,0.0
2023-09-29 10:30:00-04:00,1.75,1.75,1.75,1.75,1057,0.0,0.0
2023-09-29 15:30:00-04:00,1.9199999570846558,1.9199999570846558,1.7699999809265137,1.7699999809265137,474,0.0,0.0
2023-10-02 10:30:00-04:00,1.899999976158142,1.899999976158142,1.899999976158142,1.899999976158142,492,0.0,0.0
2023-10-02 13:30:00-04:00,1.8200000524520874,1.8250000476837158,1.809999942779541,1.8250000476837158,502,0.0,0.0
2023-10-02 15:30:00-04:00,1.7800999879837036,1.7999999523162842,1.7799999713897705,1.7799999713897705,0,0.0,0.0
2023-10-03 10:30:00-04:00,1.7899999618530273,1.7899999618530273,1.7899999618530273,1.7899999618530273,560,0.0,0.0
2023-10-03 11:30:00-04:00,1.725000023841858,1.7300000190734863,1.725000023841858,1.7300000190734863,625,0.0,0.0
2023-10-03 13:30:00-04:00,1.6699999570846558,1.7300000190734863,1.649999976158142,1.7300000190734863,1250,0.0,0.0
2023-10-03 14:30:00-04:00,1.6299999952316284,1.7000000476837158,1.6200000047683716,1.6200000047683716,506,0.0,0.0
2023-10-03 15:30:00-04:00,1.6200000047683716,1.6200000047683716,1.6200000047683716,1.6200000047683716,0,0.0,0.0
2023-10-04 09:30:00-04:00,1.4600000381469727,1.684999942779541,1.4600000381469727,1.500100016593933,1630,0.0,0.0
2023-10-04 10:30:00-04:00,1.5099999904632568,1.7000000476837158,1.5099999904632568,1.7000000476837158,674,0.0,0.0
2023-10-04 14:30:00-04:00,1.6649999618530273,1.6649999618530273,1.5621999502182007,1.5621999502182007,0,0.0,0.0
2023-10-05 10:30:00-04:00,1.570099949836731,1.570099949836731,1.570099949836731,1.570099949836731,201,0.0,0.0
2023-10-05 11:30:00-04:00,1.590000033378601,1.590000033378601,1.5399999618530273,1.5399999618530273,400,0.0,0.0
2023-10-05 12:30:00-04:00,1.600000023841858,1.600000023841858,1.600000023841858,1.600000023841858,1005,0.0,0.0
2023-10-05 14:30:00-04:00,1.5779000520706177,1.5779000520706177,1.5779000520706177,1.5779000520706177,0,0.0,0.0
2023-10-06 09:30:00-04:00,1.5099999904632568,1.559999942779541,1.5099999904632568,1.559999942779541,1771,0.0,0.0
2023-10-06 10:30:00-04:00,1.559999942779541,1.559999942779541,1.559999942779541,1.559999942779541,692,0.0,0.0
2023-10-06 12:30:00-04:00,1.51010000705719,1.51010000705719,1.51010000705719,1.51010000705719,564,0.0,0.0
2023-10-06 13:30:00-04:00,1.6200000047683716,1.6200000047683716,1.6200000047683716,1.6200000047683716,199,0.0,0.0
2023-10-06 14:30:00-04:00,1.6399999856948853,1.7100000381469727,1.5815000534057617,1.649999976158142,7342,0.0,0.0
2023-10-09 09:30:00-04:00,1.6799999475479126,1.6799999475479126,1.5472999811172485,1.5472999811172485,885,0.0,0.0
2023-10-09 15:30:00-04:00,1.5700000524520874,1.5700000524520874,1.5700000524520874,1.5700000524520874,0,0.0,0.0
2023-10-10 10:30:00-04:00,1.5399999618530273,1.5399999618530273,1.5399999618530273,1.5399999618530273,387,0.0,0.0
2023-10-10 11:30:00-04:00,1.5821000337600708,1.5821000337600708,1.5821000337600708,1.5821000337600708,500,0.0,0.0
2023-10-10 14:30:00-04:00,1.6603000164031982,1.6603000164031982,1.6603000164031982,1.6603000164031982,500,0.0,0.0
2023-10-10 15:30:00-04:00,1.6150000095367432,1.659999966621399,1.6150000095367432,1.659999966621399,0,0.0,0.0
2023-10-11 14:30:00-04:00,1.6420999765396118,1.6420999765396118,1.6299999952316284,1.6299999952316284,684,0.0,0.0
2023-10-11 15:30:00-04:00,1.5800000429153442,1.600000023841858,1.559999942779541,1.600000023841858,0,0.0,0.0
2023-10-12 09:30:00-04:00,1.659999966621399,1.6988999843597412,1.659999966621399,1.6988999843597412,683,0.0,0.0
2023-10-12 10:30:00-04:00,1.6893999576568604,1.6893999576568604,1.6893999576568604,1.6893999576568604,554,0.0,0.0
2023-10-12 11:30:00-04:00,1.6699999570846558,1.6699999570846558,1.6699999570846558,1.6699999570846558,300,0.0,0.0
2023-10-12 12:30:00-04:00,1.649999976158142,1.6799999475479126,1.590000033378601,1.6549999713897705,739,0.0,0.0
2023-10-12 13:30:00-04:00,1.6201000213623047,1.690000057220459,1.6100000143051147,1.690000057220459,4074,0.0,0.0
2023-10-12 14:30:00-04:00,1.690000057220459,1.690000057220459,1.6399999856948853,1.6649999618530273,2224,0.0,0.0
2023-10-13 09:30:00-04:00,1.600000023841858,1.6549999713897705,1.5499999523162842,1.6100000143051147,7237,0.0,0.0
2023-10-13 10:30:00-04:00,1.6100000143051147,1.6100000143051147,1.4900000095367432,1.5199999809265137,28528,0.0,0.0
2023-10-13 11:30:00-04:00,1.5499999523162842,1.600000023841858,1.5499999523162842,1.590000033378601,17798,0.0,0.0
2023-10-13 12:30:00-04:00,1.559999942779541,1.8899999856948853,1.5199999809265137,1.850000023841858,107930,0.0,0.0
2023-10-13 13:30:00-04:00,1.850000023841858,1.8700000047683716,1.7799999713897705,1.809999942779541,22317,0.0,0.0
2023-10-13 14:30:00-04:00,1.7999999523162842,1.8339999914169312,1.7999999523162842,1.8200000524520874,1182,0.0,0.0
2023-10-13 15:30:00-04:00,1.840000033378601,1.8873000144958496,1.809999942779541,1.8799999952316284,7133,0.0,0.0
2023-10-16 09:30:00-04:00,1.8200000524520874,2.0,1.8200000524520874,1.985700011253357,48329,0.0,0.0
2023-10-16 10:30:00-04:00,1.9747999906539917,1.9850000143051147,1.690000057220459,1.7120000123977661,70813,0.0,0.0
2023-10-16 11:30:00-04:00,1.725000023841858,1.725000023841858,1.659999966621399,1.6799999475479126,4236,0.0,0.0
2023-10-16 12:30:00-04:00,1.6699999570846558,1.809999942779541,1.6299999952316284,1.75,69862,0.0,0.0
2023-10-16 13:30:00-04:00,1.7657999992370605,1.7999999523162842,1.7599999904632568,1.7999999523162842,2605,0.0,0.0
2023-10-16 14:30:00-04:00,1.7699999809265137,1.7999999523162842,1.7699999809265137,1.791200041770935,2338,0.0,0.0
2023-10-16 15:30:00-04:00,1.7599999904632568,1.7698999643325806,1.7200000286102295,1.7200000286102295,5205,0.0,0.0
2023-10-17 09:30:00-04:00,1.600000023841858,1.809999942779541,1.5299999713897705,1.7799999713897705,65313,0.0,0.0
2023-10-17 10:30:00-04:00,1.7799999713897705,1.784999966621399,1.7799999713897705,1.7800999879837036,8905,0.0,0.0
2023-10-17 11:30:00-04:00,1.784999966621399,1.9600000381469727,1.7400000095367432,1.9160000085830688,72928,0.0,0.0
2023-10-17 12:30:00-04:00,1.8903000354766846,2.0,1.8899999856948853,1.9500000476837158,16651,0.0,0.0
2023-10-17 13:30:00-04:00,1.9900000095367432,2.0,1.899999976158142,1.899999976158142,75352,0.0,0.0
2023-10-17 14:30:00-04:00,1.8562999963760376,1.8562999963760376,1.850000023841858,1.850000023841858,1607,0.0,0.0
2023-10-17 15:30:00-04:00,1.899999976158142,2.0,1.8899999856948853,1.9600000381469727,0,0.0,0.0
2023-10-18 09:30:00-04:00,2.0,2.0,1.909999966621399,1.9299999475479126,23063,0.0,0.0
2023-10-18 10:30:00-04:00,1.937000036239624,1.9900000095367432,1.899999976158142,1.899999976158142,0,0.0,0.0
2023-10-18 11:30:00-04:00,1.9098999500274658,1.9299999475479126,1.864400029182434,1.864400029182434,50768,0.0,0.0
2023-10-18 12:30:00-04:00,1.8700000047683716,1.8799999952316284,1.690000057220459,1.7000000476837158,35287,0.0,0.0
2023-10-18 13:30:00-04:00,1.7100000381469727,1.7699999809265137,1.7100000381469727,1.7347999811172485,17718,0.0,0.0
2023-10-18 14:30:00-04:00,1.7350000143051147,1.7400000095367432,1.7000000476837158,1.7100000381469727,22316,0.0,0.0
2023-10-18 15:30:00-04:00,1.7100000381469727,1.8600000143051147,1.7100000381469727,1.7899999618530273,68374,0.0,0.0
2023-10-19 09:30:00-04:00,1.850000023841858,1.9799000024795532,1.850000023841858,1.886299967765808,47469,0.0,0.0
2023-10-19 10:30:00-04:00,1.809399962425232,1.809999942779541,1.809399962425232,1.809999942779541,10837,0.0,0.0
2023-10-19 11:30:00-04:00,1.840000033378601,1.840000033378601,1.774999976158142,1.774999976158142,4147,0.0,0.0
2023-10-19 12:30:00-04:00,1.7899999618530273,1.8200000524520874,1.7549999952316284,1.7599999904632568,17078,0.0,0.0
2023-10-19 13:30:00-04:00,1.8300000429153442,1.8300000429153442,1.8200000524520874,1.8300000429153442,30074,0.0,0.0
2023-10-19 14:30:00-04:00,1.8300000429153442,1.8300000429153442,1.7899999618530273,1.7905000448226929,21712,0.0,0.0
2023-10-19 15:30:00-04:00,1.7899999618530273,1.850000023841858,1.7200000286102295,1.7999999523162842,69626,0.0,0.0
2023-10-20 09:30:00-04:00,1.7899999618530273,1.7999999523162842,1.690000057220459,1.75,58451,0.0,0.0
2023-10-20 10:30:00-04:00,1.7979999780654907,1.7999999523162842,1.7324999570846558,1.7400000095367432,4690,0.0,0.0
2023-10-20 11:30:00-04:00,1.7699999809265137,1.8200000524520874,1.7699999809265137,1.7999999523162842,21330,0.0,0.0
2023-10-20 12:30:00-04:00,1.7899999618530273,1.8849999904632568,1.7899999618530273,1.8849999904632568,32241,0.0,0.0
2023-10-20 13:30:00-04:00,1.8600000143051147,1.9900000095367432,1.809999942779541,1.909999966621399,100073,0.0,0.0
2023-10-20 14:30:00-04:00,1.909999966621399,1.9900000095367432,1.8799999952316284,1.9068000316619873,13166,0.0,0.0
2023-10-20 15:30:00-04:00,1.909999966621399,1.9299999475479126,1.8799999952316284,1.8799999952316284,17652,0.0,0.0
2023-10-23 09:30:00-04:00,1.7922999858856201,1.9299999475479126,1.7699999809265137,1.840000033378601,86815,0.0,0.0
2023-10-23 10:30:00-04:00,1.840000033378601,1.850000023841858,1.7699999809265137,1.7699999809265137,22213,0.0,0.0
2023-10-23 12:30:00-04:00,1.7999999523162842,1.899999976158142,1.7999999523162842,1.899999976158142,65915,0.0,0.0
2023-10-23 13:30:00-04:00,1.9199999570846558,1.9500000476837158,1.8899999856948853,1.9199999570846558,33108,0.0,0.0
2023-10-23 14:30:00-04:00,1.909999966621399,1.9500000476837158,1.9014999866485596,1.9500000476837158,1310,0.0,0.0
2023-10-23 15:30:00-04:00,1.8838000297546387,1.8838000297546387,1.850000023841858,1.8600000143051147,1170,0.0,0.0
2023-10-24 09:30:00-04:00,1.8049999475479126,1.899999976158142,1.8049999475479126,1.899999976158142,3447,0.0,0.0
2023-10-24 10:30:00-04:00,1.8899999856948853,2.1500000953674316,1.8899999856948853,2.0000998973846436,188316,0.0,0.0
2023-10-24 11:30:00-04:00,2.004300117492676,2.049999952316284,2.004300117492676,2.049999952316284,11819,0.0,0.0
2023-10-24 12:30:00-04:00,2.0299999713897705,2.039900064468384,2.009999990463257,2.039900064468384,1657,0.0,0.0
2023-10-24 13:30:00-04:00,2.009999990463257,2.009999990463257,2.009999990463257,2.009999990463257,117,0.0,0.0
2023-10-24 14:30:00-04:00,2.0104000568389893,2.0250000953674316,2.009999990463257,2.0250000953674316,869,0.0,0.0
2023-10-24 15:30:00-04:00,2.0380001068115234,2.1301000118255615,2.0250000953674316,2.059999942779541,36624,0.0,0.0
2023-10-25 09:30:00-04:00,2.0399999618530273,2.1398000717163086,2.015000104904175,2.0564000606536865,3558,0.0,0.0
2023-10-25 10:30:00-04:00,2.0799999237060547,2.0799999237060547,1.940000057220459,1.9781999588012695,41050,0.0,0.0
2023-10-25 11:30:00-04:00,1.9600000381469727,1.9600000381469727,1.9321999549865723,1.940999984741211,4320,0.0,0.0
2023-10-25 12:30:00-04:00,1.940000057220459,1.9600000381469727,1.940000057220459,1.9600000381469727,981,0.0,0.0
2023-10-25 13:30:00-04:00,1.9500000476837158,2.059999942779541,1.9500000476837158,2.0350000858306885,59902,0.0,0.0
2023-10-25 14:30:00-04:00,2.0299999713897705,2.130000114440918,2.0299999713897705,2.059999942779541,69620,0.0,0.0
2023-10-25 15:30:00-04:00,2.069999933242798,2.0950000286102295,2.0399999618530273,2.049999952316284,21836,0.0,0.0
2023-10-26 09:30:00-04:00,2.2100000381469727,2.2100000381469727,1.909999966621399,1.9900000095367432,7192,0.0,0.0
2023-10-26 10:30:00-04:00,2.0,2.0299999713897705,2.0,2.0299999713897705,1287,0.0,0.0
2023-10-26 11:30:00-04:00,2.0362000465393066,2.0917000770568848,2.0250000953674316,2.059999942779541,44048,0.0,0.0
2023-10-26 12:30:00-04:00,2.059999942779541,2.0927999019622803,2.049999952316284,2.049999952316284,1900,0.0,0.0
2023-10-26 13:30:00-04:00,2.049999952316284,2.180000066757202,2.0199999809265137,2.0199999809265137,87896,0.0,0.0
2023-10-26 14:30:00-04:00,2.059999942779541,2.0999999046325684,2.049999952316284,2.0999999046325684,9565,0.0,0.0
2023-10-26 15:30:00-04:00,2.0999999046325684,2.180000066757202,2.0,2.0199999809265137,63784,0.0,0.0
2023-10-27 09:30:00-04:00,2.0399999618530273,2.0399999618530273,1.9800000190734863,1.999400019645691,3566,0.0,0.0
2023-10-27 10:30:00-04:00,1.9800000190734863,1.9900000095367432,1.9299999475479126,1.9900000095367432,27305,0.0,0.0
2023-10-27 11:30:00-04:00,1.9629000425338745,1.9900000095367432,1.9600000381469727,1.9800000190734863,16487,0.0,0.0
2023-10-27 12:30:00-04:00,1.9800000190734863,1.9800000190734863,1.9800000190734863,1.9800000190734863,169,0.0,0.0
2023-10-27 13:30:00-04:00,1.9900000095367432,2.0199999809265137,1.9500000476837158,1.9500000476837158,21734,0.0,0.0
2023-10-27 14:30:00-04:00,1.9500000476837158,2.0299999713897705,1.899999976158142,1.9500000476837158,114283,0.0,0.0
2023-10-27 15:30:00-04:00,1.9600000381469727,1.9900000095367432,1.909999966621399,1.9900000095367432,10488,0.0,0.0
2023-10-30 09:30:00-04:00,2.009999990463257,2.009999990463257,1.8100999593734741,1.840000033378601,15049,0.0,0.0
2023-10-30 10:30:00-04:00,1.8350000381469727,1.8799999952316284,1.809999942779541,1.8600000143051147,51617,0.0,0.0
2023-10-30 11:30:00-04:00,1.840000033378601,1.850000023841858,1.840000033378601,1.850000023841858,586,0.0,0.0
2023-10-30 12:30:00-04:00,1.8300000429153442,1.8300000429153442,1.8300000429153442,1.8300000429153442,302,0.0,0.0
2023-10-30 13:30:00-04:00,1.8300000429153442,1.8300000429153442,1.7899999618530273,1.7999999523162842,8223,0.0,0.0
2023-10-30 14:30:00-04:00,1.7800999879837036,1.8700000047683716,1.7400000095367432,1.850100040435791,114053,0.0,0.0
2023-10-30 15:30:00-04:00,1.850100040435791,1.850100040435791,1.8300000429153442,1.8300000429153442,4146,0.0,0.0
2023-10-31 09:30:00-04:00,1.8600000143051147,1.9500000476837158,1.8179999589920044,1.820099949836731,106564,0.0,0.0
2023-10-31 10:30:00-04:00,1.820099949836731,1.850000023841858,1.820099949836731,1.840000033378601,1113,0.0,0.0
2023-10-31 11:30:00-04:00,1.8200000524520874,1.8200000524520874,1.8000999689102173,1.8100999593734741,2880,0.0,0.0
2023-10-31 12:30:00-04:00,1.809999942779541,1.8450000286102295,1.75,1.809999942779541,43557,0.0,0.0
2023-10-31 13:30:00-04:00,1.7699999809265137,1.8049999475479126,1.7400000095367432,1.7400000095367432,4367,0.0,0.0
2023-10-31 14:30:00-04:00,1.7000000476837158,1.8799999952316284,1.7000000476837158,1.809999942779541,69515,0.0,0.0
2023-10-31 15:30:00-04:00,1.7899999618530273,1.7899999618530273,1.7200000286102295,1.7446000576019287,0,0.0,0.0
2023-11-01 09:30:00-04:00,1.75,1.75,1.6699999570846558,1.7000000476837158,22509,0.0,0.0
2023-11-01 10:30:00-04:00,1.7699999809265137,1.7699999809265137,1.7400000095367432,1.75,3800,0.0,0.0
2023-11-01 11:30:00-04:00,1.7599999904632568,1.8300000429153442,1.7300000190734863,1.7699999809265137,111473,0.0,0.0
2023-11-01 12:30:00-04:00,1.7300000190734863,1.7300000190734863,1.7000000476837158,1.7100000381469727,10374,0.0,0.0
2023-11-01 13:30:00-04:00,1.711300015449524,1.7649999856948853,1.7000000476837158,1.7649999856948853,1132,0.0,0.0
2023-11-01 14:30:00-04:00,1.75,1.7599999904632568,1.7200000286102295,1.7300000190734863,14131,0.0,0.0
2023-11-01 15:30:00-04:00,1.75,1.7599999904632568,1.690000057220459,1.7000000476837158,2508,0.0,0.0
2023-11-02 09:30:00-04:00,1.7100000381469727,1.7734999656677246,1.659999966621399,1.690000057220459,120362,0.0,0.0
2023-11-02 10:30:00-04:00,1.6861000061035156,1.6898000240325928,1.6699999570846558,1.6699999570846558,532,0.0,0.0
2023-11-02 11:30:00-04:00,1.6699999570846558,1.6699999570846558,1.6549999713897705,1.6549999713897705,3150,0.0,0.0
2023-11-02 13:30:00-04:00,1.6749999523162842,1.6749999523162842,1.6200000047683716,1.6200000047683716,3706,0.0,0.0
2023-11-02 14:30:00-04:00,1.649999976158142,1.7599999904632568,1.6100000143051147,1.6699999570846558,37902,0.0,0.0
2023-11-02 15:30:00-04:00,1.6950000524520874,1.6950000524520874,1.6200000047683716,1.6399999856948853,69664,0.0,0.0
2023-11-03 09:30:00-04:00,1.659999966621399,1.75,1.649999976158142,1.73989999294281,72220,0.0,0.0
2023-11-03 10:30:00-04:00,1.7400000095367432,1.7599999904632568,1.7300000190734863,1.75,23338,0.0,0.0
2023-11-03 11:30:00-04:00,1.7400000095367432,1.7400000095367432,1.7200000286102295,1.7200000286102295,19397,0.0,0.0
2023-11-03 13:30:00-04:00,1.7200000286102295,1.7200000286102295,1.7000000476837158,1.7100000381469727,2325,0.0,0.0
2023-11-03 14:30:00-04:00,1.7121000289916992,1.7549999952316284,1.6805000305175781,1.7549999952316284,51188,0.0,0.0
2023-11-03 15:30:00-04:00,1.7549999952316284,1.7798999547958374,1.7200000286102295,1.7200000286102295,8840,0.0,0.0
2023-11-06 09:30:00-05:00,1.7200000286102295,1.7400000095367432,1.690000057220459,1.690000057220459,13325,0.0,0.0
2023-11-06 10:30:00-05:00,1.690000057220459,1.7000000476837158,1.690000057220459,1.7000000476837158,3220,0.0,0.0
2023-11-06 11:30:00-05:00,1.690000057220459,1.7000000476837158,1.6799999475479126,1.7000000476837158,3109,0.0,0.0
2023-11-06 12:30:00-05:00,1.7200000286102295,1.7999999523162842,1.7100000381469727,1.7549999952316284,82325,0.0,0.0
2023-11-06 13:30:00-05:00,1.7400000095367432,1.7999999523162842,1.7400000095367432,1.7999999523162842,11399,0.0,0.0
2023-11-06 14:30:00-05:00,1.7999999523162842,1.7999999523162842,1.6799999475479126,1.7300000190734863,84531,0.0,0.0
2023-11-06 15:30:00-05:00,1.7297999858856201,1.7899999618530273,1.7200000286102295,1.7899999618530273,0,0.0,0.0
2023-11-07 09:30:00-05:00,1.7899999618530273,1.8250000476837158,1.7100000381469727,1.7237000465393066,54534,0.0,0.0
2023-11-07 10:30:00-05:00,1.7200000286102295,1.75,1.7200000286102295,1.7200000286102295,2618,0.0,0.0
2023-11-07 11:30:00-05:00,1.7300000190734863,1.7300000190734863,1.7300000190734863,1.7300000190734863,2193,0.0,0.0
2023-11-07 13:30:00-05:00,1.75,1.840000033378601,1.7400000095367432,1.7401000261306763,20700,0.0,0.0
2023-11-07 14:30:00-05:00,1.7599999904632568,1.840000033378601,1.7100000381469727,1.7300000190734863,118361,0.0,0.0
2023-11-07 15:30:00-05:00,1.7400000095367432,1.7699999809265137,1.7000000476837158,1.7086999416351318,28820,0.0,0.0
2023-11-08 09:30:00-05:00,1.7000000476837158,1.7100000381469727,1.7000000476837158,1.7000000476837158,2865,0.0,0.0
2023-11-08 10:30:00-05:00,1.7300000190734863,1.7300000190734863,1.659999966621399,1.6699999570846558,39651,0.0,0.0
2023-11-08 11:30:00-05:00,1.6699999570846558,1.690000057220459,1.649999976158142,1.690000057220459,13822,0.0,0.0
2023-11-08 12:30:00-05:00,1.688599944114685,1.690000057220459,1.6799999475479126,1.690000057220459,29881,0.0,0.0
2023-11-08 13:30:00-05:00,1.7300000190734863,1.7300000190734863,1.6799999475479126,1.6799999475479126,524,0.0,0.0
2023-11-08 14:30:00-05:00,1.6799999475479126,1.7200000286102295,1.6592999696731567,1.690000057220459,104234,0.0,0.0
2023-11-08 15:30:00-05:00,1.6799999475479126,1.6799999475479126,1.649999976158142,1.649999976158142,17441,0.0,0.0
2023-11-09 09:30:00-05:00,1.659999966621399,1.659999966621399,1.5700000524520874,1.5769000053405762,32912,0.0,0.0
2023-11-09 10:30:00-05:00,1.6299999952316284,1.6399999856948853,1.5700000524520874,1.6100000143051147,32179,0.0,0.0
2023-11-09 11:30:00-05:00,1.613700032234192,1.6299999952316284,1.613700032234192,1.6299999952316284,626,0.0,0.0
2023-11-09 12:30:00-05:00,1.638800024986267,1.6399999856948853,1.6299999952316284,1.6399999856948853,5511,0.0,0.0
2023-11-09 13:30:00-05:00,1.6299999952316284,1.6399999856948853,1.6299999952316284,1.6399999856948853,11444,0.0,0.0
2023-11-09 14:30:00-05:00,1.6200000047683716,1.6399999856948853,1.559999942779541,1.559999942779541,89432,0.0,0.0
2023-11-09 15:30:00-05:00,1.5700000524520874,1.5800000429153442,1.559999942779541,1.5700000524520874,6242,0.0,0.0
2023-11-10 09:30:00-05:00,1.5901000499725342,1.5901000499725342,1.5299999713897705,1.559999942779541,44682,0.0,0.0
2023-11-10 10:30:00-05:00,1.5640000104904175,1.6098999977111816,1.559999942779541,1.590000033378601,19670,0.0,0.0
2023-11-10 11:30:00-05:00,1.590000033378601,1.6549999713897705,1.5700000524520874,1.6100000143051147,77030,0.0,0.0
2023-11-10 12:30:00-05:00,1.6100000143051147,1.6299999952316284,1.5990999937057495,1.6299999952316284,16897,0.0,0.0
2023-11-10 13:30:00-05:00,1.6299999952316284,1.6299999952316284,1.6299999952316284,1.6299999952316284,163,0.0,0.0
2023-11-10 14:30:00-05:00,1.6200000047683716,1.6299999952316284,1.590000033378601,1.6100000143051147,39598,0.0,0.0
2023-11-10 15:30:00-05:00,1.6019999980926514,1.6100000143051147,1.600000023841858,1.600000023841858,987,0.0,0.0
2023-11-13 09:30:00-05:00,1.6201000213623047,1.6201000213623047,1.562000036239624,1.562000036239624,0,0.0,0.0
2023-11-13 10:30:00-05:00,1.5839999914169312,1.600000023841858,1.5700000524520874,1.5700000524520874,14700,0.0,0.0
2023-11-13 11:30:00-05:00,1.5708999633789062,1.5800000429153442,1.5499999523162842,1.5800000429153442,50295,0.0,0.0
2023-11-13 12:30:00-05:00,1.5800000429153442,1.6200000047683716,1.5800000429153442,1.6200000047683716,60524,0.0,0.0
2023-11-13 13:30:00-05:00,1.6299999952316284,1.6299999952316284,1.590000033378601,1.6100000143051147,34940,0.0,0.0
2023-11-13 14:30:00-05:00,1.6200000047683716,1.659999966621399,1.6200000047683716,1.6311999559402466,16302,0.0,0.0
2023-11-13 15:30:00-05:00,1.7000000476837158,1.7000000476837158,1.7000000476837158,1.7000000476837158,119,0.0,0.0
2023-11-14 09:30:00-05:00,1.5800000429153442,1.7000000476837158,1.5800000429153442,1.7000000476837158,0,0.0,0.0
2023-11-14 10:30:00-05:00,1.659999966621399,1.7200000286102295,1.649999976158142,1.6699999570846558,10987,0.0,0.0
2023-11-14 11:30:00-05:00,1.6749999523162842,1.6749999523162842,1.6399999856948853,1.6399999856948853,444,0.0,0.0
2023-11-14 12:30:00-05:00,1.6749999523162842,1.6749999523162842,1.6100000143051147,1.6100000143051147,9910,0.0,0.0
2023-11-14 13:30:00-05:00,1.6100000143051147,1.6150000095367432,1.600000023841858,1.6100000143051147,12498,0.0,0.0
2023-11-14 14:30:00-05:00,1.6150000095367432,1.7300000190734863,1.6150000095367432,1.7200000286102295,111514,0.0,0.0
2023-11-14 15:30:00-05:00,1.7300000190734863,1.7599999904632568,1.7100000381469727,1.7599999904632568,2158,0.0,0.0
2023-11-15 09:30:00-05:00,1.7699999809265137,1.7788000106811523,1.690000057220459,1.7000000476837158,7221,0.0,0.0
2023-11-15 10:30:00-05:00,1.7000000476837158,1.7699999809265137,1.690000057220459,1.7300000190734863,69136,0.0,0.0
2023-11-15 11:30:00-05:00,1.7200000286102295,1.8200000524520874,1.6950000524520874,1.8006000518798828,124763,0.0,0.0
2023-11-15 12:30:00-05:00,1.8300000429153442,1.840000033378601,1.7999999523162842,1.8200000524520874,5789,0.0,0.0
2023-11-15 14:30:00-05:00,1.7999999523162842,1.840000033378601,1.7999999523162842,1.8300000429153442,3103,0.0,0.0
2023-11-15 15:30:00-05:00,1.8200000524520874,1.8300000429153442,1.7401000261306763,1.7599999904632568,0,0.0,0.0
2023-11-16 09:30:00-05:00,1.7699999809265137,1.7699999809265137,1.7699999809265137,1.7699999809265137,503,0.0,0.0
2023-11-16 10:30:00-05:00,1.7589999437332153,1.7700999975204468,1.7400000095367432,1.7700999975204468,22680,0.0,0.0
2023-11-16 11:30:00-05:00,1.7899999618530273,1.7999999523162842,1.7699999809265137,1.7799999713897705,12700,0.0,0.0
2023-11-16 12:30:00-05:00,1.7699999809265137,1.7999999523162842,1.7200000286102295,1.7300000190734863,58219,0.0,0.0
2023-11-16 13:30:00-05:00,1.7400000095367432,1.8550000190734863,1.725000023841858,1.809999942779541,139157,0.0,0.0
2023-11-16 14:30:00-05:00,1.7999999523162842,1.8199000358581543,1.7799999713897705,1.809999942779541,2960,0.0,0.0
2023-11-16 15:30:00-05:00,1.7799999713897705,1.7941999435424805,1.7599999904632568,1.7599999904632568,4736,0.0,0.0
2023-11-17 09:30:00-05:00,1.7999999523162842,1.820099949836731,1.7400000095367432,1.809999942779541,120550,0.0,0.0
2023-11-17 10:30:00-05:00,1.8200000524520874,1.9700000286102295,1.8200000524520874,1.9299999475479126,142963,0.0,0.0
2023-11-17 11:30:00-05:00,1.940000057220459,1.9900000095367432,1.940000057220459,1.9800000190734863,6634,0.0,0.0
2023-11-17 12:30:00-05:00,1.9800000190734863,2.009999990463257,1.9800000190734863,1.9800000190734863,12811,0.0,0.0
2023-11-17 13:30:00-05:00,1.9700000286102295,1.9800000190734863,1.9313000440597534,1.9500000476837158,4990,0.0,0.0
2023-11-17 14:30:00-05:00,1.9500000476837158,1.9500000476837158,1.9400999546051025,1.9400999546051025,2172,0.0,0.0
2023-11-17 15:30:00-05:00,1.9299999475479126,1.9563000202178955,1.9299999475479126,1.9500000476837158,850,0.0,0.0
2023-11-20 09:30:00-05:00,2.049999952316284,2.049999952316284,1.9299999475479126,2.0,10859,0.0,0.0
2023-11-20 10:30:00-05:00,1.9800000190734863,1.9814000129699707,1.9299999475479126,1.9401999711990356,17797,0.0,0.0
2023-11-20 11:30:00-05:00,1.940000057220459,1.9500000476837158,1.899999976158142,1.940000057220459,2587,0.0,0.0
2023-11-20 12:30:00-05:00,1.9199999570846558,1.940000057220459,1.8799999952316284,1.909999966621399,62493,0.0,0.0
2023-11-20 13:30:00-05:00,1.909999966621399,1.9500000476837158,1.909999966621399,1.940000057220459,24697,0.0,0.0
2023-11-20 14:30:00-05:00,1.9299999475479126,1.9500000476837158,1.9299999475479126,1.9500000476837158,19004,0.0,0.0
2023-11-20 15:30:00-05:00,1.9500000476837158,1.9500000476837158,1.940000057220459,1.940000057220459,0,0.0,0.0
2023-11-21 09:30:00-05:00,1.9500000476837158,1.9500000476837158,1.850000023841858,1.8772000074386597,88252,0.0,0.0
2023-11-21 10:30:00-05:00,1.8669999837875366,1.8669999837875366,1.8669999837875366,1.8669999837875366,106,0.0,0.0
2023-11-21 11:30:00-05:00,1.850000023841858,1.850000023841858,1.850000023841858,1.850000023841858,1042,0.0,0.0
2023-11-21 12:30:00-05:00,1.840000033378601,1.850000023841858,1.809999942779541,1.809999942779541,4181,0.0,0.0
2023-11-21 13:30:00-05:00,1.8200000524520874,1.8200000524520874,1.7999999523162842,1.7999999523162842,1738,0.0,0.0
2023-11-21 14:30:00-05:00,1.75,1.8300000429153442,1.75,1.7999999523162842,44885,0.0,0.0
2023-11-21 15:30:00-05:00,1.809999942779541,1.809999942779541,1.7400000095367432,1.7400000095367432,14504,0.0,0.0
2023-11-22 09:30:00-05:00,1.7799999713897705,1.7799999713897705,1.6699999570846558,1.7110999822616577,20991,0.0,0.0
2023-11-22 10:30:00-05:00,1.7337000370025635,1.7337000370025635,1.7000000476837158,1.7000000476837158,1411,0.0,0.0
2023-11-22 11:30:00-05:00,1.715000033378601,1.715000033378601,1.659600019454956,1.690000057220459,42462,0.0,0.0
2023-11-22 12:30:00-05:00,1.6799999475479126,1.7549999952316284,1.6799999475479126,1.7300000190734863,71519,0.0,0.0
2023-11-22 13:30:00-05:00,1.7300000190734863,1.75,1.7200000286102295,1.75,30666,0.0,0.0
2023-11-22 14:30:00-05:00,1.7222000360488892,1.7222000360488892,1.7000000476837158,1.7000000476837158,16966,0.0,0.0
2023-11-22 15:30:00-05:00,1.7034000158309937,1.7100000381469727,1.6399999856948853,1.6399999856948853,12411,0.0,0.0
2023-11-24 09:30:00-05:00,1.649999976158142,1.6799999475479126,1.6200000047683716,1.6299999952316284,32281,0.0,0.0
2023-11-24 10:30:00-05:00,1.690000057220459,1.7599999904632568,1.6799999475479126,1.7000000476837158,116271,0.0,0.0
2023-11-24 11:30:00-05:00,1.7100000381469727,1.75,1.7100000381469727,1.7300000190734863,40841,0.0,0.0
2023-11-27 09:30:00-05:00,1.6549999713897705,1.6892000436782837,1.649999976158142,1.6892000436782837,24899,0.0,0.0
2023-11-27 11:30:00-05:00,1.7200000286102295,1.7300000190734863,1.7200000286102295,1.7200000286102295,41593,0.0,0.0
2023-11-27 12:30:00-05:00,1.7200000286102295,1.7200000286102295,1.7200000286102295,1.7200000286102295,6864,0.0,0.0
2023-11-27 13:30:00-05:00,1.7300000190734863,1.7300000190734863,1.7300000190734863,1.7300000190734863,100,0.0,0.0
2023-11-27 14:30:00-05:00,1.7200000286102295,1.75,1.6799999475479126,1.75,118455,0.0,0.0
2023-11-27 15:30:00-05:00,1.7350000143051147,1.7350000143051147,1.6200000047683716,1.6200000047683716,0,0.0,0.0
2023-11-28 09:30:00-05:00,1.6799999475479126,1.6871999502182007,1.659999966621399,1.6699999570846558,1653,0.0,0.0
2023-11-28 10:30:00-05:00,1.6799999475479126,1.7000000476837158,1.649999976158142,1.6799999475479126,32063,0.0,0.0
2023-11-28 11:30:00-05:00,1.6699999570846558,1.7300000190734863,1.6699999570846558,1.7300000190734863,64975,0.0,0.0
2023-11-28 12:30:00-05:00,1.75,1.7999999523162842,1.7400000095367432,1.7599999904632568,15509,0.0,0.0
2023-11-28 13:30:00-05:00,1.75,1.774999976158142,1.7000000476837158,1.75,85037,0.0,0.0
2023-11-28 14:30:00-05:00,1.75,1.75,1.7300000190734863,1.7300000190734863,37978,0.0,0.0
2023-11-28 15:30:00-05:00,1.7300000190734863,1.75,1.7300000190734863,1.7300000190734863,0,0.0,0.0
2023-11-29 09:30:00-05:00,1.8300000429153442,1.840000033378601,1.6699999570846558,1.7300000190734863,29039,0.0,0.0
2023-11-29 10:30:00-05:00,1.7200000286102295,1.7300000190734863,1.690000057220459,1.7020000219345093,32433,0.0,0.0
2023-11-29 11:30:00-05:00,1.6799999475479126,1.690000057220459,1.649999976158142,1.6799999475479126,2054,0.0,0.0
2023-11-29 12:30:00-05:00,1.7000000476837158,1.7300000190734863,1.690000057220459,1.7300000190734863,21115,0.0,0.0
2023-11-29 13:30:00-05:00,1.7400000095367432,1.7400000095367432,1.7200000286102295,1.7300000190734863,25367,0.0,0.0
2023-11-29 14:30:00-05:00,1.75,1.7599999904632568,1.7000000476837158,1.7000000476837158,80228,0.0,0.0
2023-11-29 15:30:00-05:00,1.659999966621399,1.7300000190734863,1.659999966621399,1.7300000190734863,2433,0.0,0.0
2023-11-30 09:30:00-05:00,1.7699999809265137,1.7699999809265137,1.7200000286102295,1.7200000286102295,0,0.0,0.0
2023-11-30 10:30:00-05:00,1.7350000143051147,1.7799999713897705,1.725000023841858,1.7599999904632568,156037,0.0,0.0
2023-11-30 11:30:00-05:00,1.7653000354766846,1.7999999523162842,1.7599999904632568,1.7799999713897705,27751,0.0,0.0
2023-11-30 12:30:00-05:00,1.7799999713897705,1.8200000524520874,1.7753000259399414,1.7799999713897705,3687,0.0,0.0
2023-11-30 13:30:00-05:00,1.7799999713897705,1.7799999713897705,1.7599999904632568,1.7599999904632568,2200,0.0,0.0
2023-11-30 14:30:00-05:00,1.7699999809265137,1.7799999713897705,1.7699999809265137,1.7799999713897705,557,0.0,0.0
2023-11-30 15:30:00-05:00,1.7699999809265137,1.8200000524520874,1.7699999809265137,1.7999999523162842,10789,0.0,0.0
2023-12-01 09:30:00-05:00,1.7400000095367432,1.7410000562667847,1.7300000190734863,1.7300000190734863,43083,0.0,0.0
2023-12-01 10:30:00-05:00,1.7300000190734863,1.7300000190734863,1.7200000286102295,1.7200000286102295,732,0.0,0.0
2023-12-01 11:30:00-05:00,1.7100000381469727,1.774999976158142,1.690000057220459,1.7599999904632568,111836,0.0,0.0
2023-12-01 12:30:00-05:00,1.7799999713897705,1.7999999523162842,1.7588000297546387,1.7999999523162842,510,0.0,0.0
2023-12-01 13:30:00-05:00,1.774999976158142,1.774999976158142,1.7200000286102295,1.7400000095367432,9087,0.0,0.0
2023-12-01 14:30:00-05:00,1.7200000286102295,1.7300000190734863,1.7000000476837158,1.7000000476837158,19962,0.0,0.0
2023-12-01 15:30:00-05:00,1.7000000476837158,1.7350000143051147,1.6799999475479126,1.6799999475479126,9752,0.0,0.0
2023-12-04 09:30:00-05:00,1.6399999856948853,1.690000057220459,1.6399999856948853,1.6799999475479126,7148,0.0,0.0
2023-12-04 10:30:00-05:00,1.6799999475479126,1.7000000476837158,1.6799999475479126,1.7000000476837158,10394,0.0,0.0
2023-12-04 11:30:00-05:00,1.7000000476837158,1.749899983406067,1.6799999475479126,1.6799999475479126,41020,0.0,0.0
2023-12-04 12:30:00-05:00,1.6799999475479126,1.7200000286102295,1.6799999475479126,1.7200000286102295,84039,0.0,0.0
2023-12-04 13:30:00-05:00,1.7300000190734863,1.7300000190734863,1.7000000476837158,1.7145999670028687,51645,0.0,0.0
2023-12-04 14:30:00-05:00,1.7100000381469727,1.7200000286102295,1.7100000381469727,1.7200000286102295,5077,0.0,0.0
2023-12-04 15:30:00-05:00,1.7200000286102295,1.7699999809265137,1.7200000286102295,1.7200000286102295,0,0.0,0.0
2023-12-05 09:30:00-05:00,1.690000057220459,1.7000000476837158,1.659999966621399,1.6699999570846558,5915,0.0,0.0
2023-12-05 10:30:00-05:00,1.6699999570846558,1.6699999570846558,1.649999976158142,1.649999976158142,4502,0.0,0.0
2023-12-05 11:30:00-05:00,1.6549999713897705,1.659999966621399,1.6200000047683716,1.6200000047683716,54441,0.0,0.0
2023-12-05 12:30:00-05:00,1.6200000047683716,1.6699999570846558,1.600000023841858,1.6699999570846558,159063,0.0,0.0
2023-12-05 13:30:00-05:00,1.6693999767303467,1.6693999767303467,1.6299999952316284,1.6299999952316284,351,0.0,0.0
2023-12-05 14:30:00-05:00,1.659999966621399,1.659999966621399,1.6200000047683716,1.6200000047683716,3490,0.0,0.0
2023-12-05 15:30:00-05:00,1.6100000143051147,1.6200000047683716,1.600000023841858,1.6100000143051147,9262,0.0,0.0
2023-12-06 09:30:00-05:00,1.6699999570846558,1.6699999570846558,1.6299999952316284,1.6299999952316284,31216,0.0,0.0
2023-12-06 10:30:00-05:00,1.6200000047683716,1.6449999809265137,1.600000023841858,1.6449999809265137,53371,0.0,0.0
2023-12-06 11:30:00-05:00,1.6699999570846558,1.6699999570846558,1.649999976158142,1.6543999910354614,4701,0.0,0.0
2023-12-06 12:30:00-05:00,1.659999966621399,1.7300000190734863,1.659999966621399,1.7300000190734863,89981,0.0,0.0
2023-12-06 13:30:00-05:00,1.7100000381469727,1.7200000286102295,1.7100000381469727,1.7120000123977661,4711,0.0,0.0
2023-12-06 14:30:00-05:00,1.7192000150680542,1.7200000286102295,1.7000000476837158,1.7200000286102295,7830,0.0,0.0
2023-12-06 15:30:00-05:00,1.7200000286102295,1.7300000190734863,1.6699999570846558,1.6699999570846558,0,0.0,0.0
2023-12-07 09:30:00-05:00,1.6699999570846558,1.6699999570846558,1.6299999952316284,1.659999966621399,45776,0.0,0.0
2023-12-07 10:30:00-05:00,1.6506999731063843,1.659999966621399,1.649999976158142,1.6549999713897705,16850,0.0,0.0
2023-12-07 11:30:00-05:00,1.6549999713897705,1.659999966621399,1.649999976158142,1.659999966621399,4955,0.0,0.0
2023-12-07 12:30:00-05:00,1.6549999713897705,1.659999966621399,1.649999976158142,1.6549999713897705,34144,0.0,0.0
2023-12-07 13:30:00-05:00,1.659999966621399,1.659999966621399,1.659999966621399,1.659999966621399,561,0.0,0.0
2023-12-07 14:30:00-05:00,1.6500999927520752,1.6899000406265259,1.6200000047683716,1.659999966621399,58988,0.0,0.0
2023-12-07 15:30:00-05:00,1.6799999475479126,1.690000057220459,1.6399999856948853,1.6699999570846558,14434,0.0,0.0
2023-12-08 09:30:00-05:00,1.6799999475479126,1.6799999475479126,1.6282000541687012,1.6299999952316284,0,0.0,0.0
2023-12-08 10:30:00-05:00,1.6399999856948853,1.6549999713897705,1.600100040435791,1.649999976158142,79874,0.0,0.0
2023-12-08 11:30:00-05:00,1.6549999713897705,1.7000000476837158,1.649999976158142,1.6699999570846558,171502,0.0,0.0
2023-12-08 12:30:00-05:00,1.690000057220459,1.690000057220459,1.6699999570846558,1.6699999570846558,1649,0.0,0.0
2023-12-08 13:30:00-05:00,1.690000057220459,1.690000057220459,1.649999976158142,1.649999976158142,367,0.0,0.0
2023-12-08 15:30:00-05:00,1.659999966621399,1.659999966621399,1.6399999856948853,1.6399999856948853,6751,0.0,0.0
2023-12-11 09:30:00-05:00,1.649999976158142,1.6699999570846558,1.6200000047683716,1.6200000047683716,0,0.0,0.0
2023-12-11 10:30:00-05:00,1.6100000143051147,1.6200000047683716,1.600000023841858,1.6100000143051147,65033,0.0,0.0
2023-12-11 11:30:00-05:00,1.590000033378601,1.7698999643325806,1.590000033378601,1.6950000524520874,224528,0.0,0.0
2023-12-11 12:30:00-05:00,1.6950000524520874,1.7200000286102295,1.690000057220459,1.7100000381469727,9345,0.0,0.0
2023-12-11 13:30:00-05:00,1.7079999446868896,1.75,1.690000057220459,1.7200000286102295,5519,0.0,0.0
2023-12-11 14:30:00-05:00,1.6937999725341797,1.7050000429153442,1.690000057220459,1.7050000429153442,1048,0.0,0.0
2023-12-11 15:30:00-05:00,1.719099998474121,1.7200000286102295,1.6399999856948853,1.6799999475479126,9795,0.0,0.0
2023-12-12 09:30:00-05:00,1.75,1.75,1.6299999952316284,1.6299999952316284,7237,0.0,0.0
2023-12-12 10:30:00-05:00,1.6299999952316284,1.7300000190734863,1.6299999952316284,1.7300000190734863,276595,0.0,0.0
2023-12-12 11:30:00-05:00,1.7350000143051147,1.773800015449524,1.7300000190734863,1.7402000427246094,75871,0.0,0.0
2023-12-12 12:30:00-05:00,1.7400000095367432,1.75,1.7400000095367432,1.7400000095367432,1478,0.0,0.0
2023-12-12 13:30:00-05:00,1.7450000047683716,1.75,1.7450000047683716,1.75,3876,0.0,0.0
2023-12-12 14:30:00-05:00,1.75,1.7699999809265137,1.75,1.7599999904632568,3908,0.0,0.0
2023-12-12 15:30:00-05:00,1.750100016593933,1.7699999809265137,1.7400000095367432,1.7400000095367432,16563,0.0,0.0
2023-12-13 09:30:00-05:00,1.7740000486373901,1.7740000486373901,1.7200000286102295,1.7200000286102295,13208,0.0,0.0
2023-12-13 10:30:00-05:00,1.690000057220459,1.8499000072479248,1.690000057220459,1.8499000072479248,243524,0.0,0.0
2023-12-13 11:30:00-05:00,1.8499000072479248,1.9211000204086304,1.8300000429153442,1.8997000455856323,43404,0.0,0.0
2023-12-13 12:30:00-05:00,1.8986999988555908,1.899899959564209,1.8986999988555908,1.899899959564209,1203,0.0,0.0
2023-12-13 13:30:00-05:00,1.8949999809265137,2.049999952316284,1.8949999809265137,1.9800000190734863,38752,0.0,0.0
2023-12-13 14:30:00-05:00,1.9800000190734863,2.0999999046325684,1.8799999952316284,2.059999942779541,114899,0.0,0.0
2023-12-13 15:30:00-05:00,2.059999942779541,2.069999933242798,1.9600000381469727,2.0199999809265137,13452,0.0,0.0
2023-12-14 09:30:00-05:00,1.9600000381469727,2.049999952316284,1.9299999475479126,1.9600000381469727,110648,0.0,0.0
2023-12-14 10:30:00-05:00,1.9500000476837158,1.9900000095367432,1.9299999475479126,1.940000057220459,14250,0.0,0.0
2023-12-14 11:30:00-05:00,1.9450000524520874,1.9600000381469727,1.9299999475479126,1.940000057220459,31603,0.0,0.0
2023-12-14 12:30:00-05:00,1.9299999475479126,2.0899999141693115,1.899999976158142,2.069999933242798,107987,0.0,0.0
2023-12-14 13:30:00-05:00,2.0899999141693115,2.25,2.0799999237060547,2.240000009536743,218958,0.0,0.0
2023-12-14 14:30:00-05:00,2.25,2.4000000953674316,2.2149999141693115,2.296999931335449,75358,0.0,0.0
2023-12-14 15:30:00-05:00,2.259999990463257,2.2699999809265137,2.240000009536743,2.240000009536743,19598,0.0,0.0
2023-12-15 09:30:00-05:00,2.2699999809265137,2.2699999809265137,2.0999999046325684,2.109999895095825,243961,0.0,0.0
2023-12-15 10:30:00-05:00,2.109999895095825,2.231300115585327,2.0999999046325684,2.2249999046325684,37832,0.0,0.0
2023-12-15 11:30:00-05:00,2.2100000381469727,2.299999952316284,2.2100000381469727,2.259999990463257,40775,0.0,0.0
2023-12-15 12:30:00-05:00,2.240000009536743,2.490000009536743,2.200000047683716,2.412899971008301,162813,0.0,0.0
2023-12-15 13:30:00-05:00,2.359999895095825,2.369999885559082,2.3299999237060547,2.3299999237060547,922,0.0,0.0
2023-12-15 14:30:00-05:00,2.3399999141693115,2.4800000190734863,2.3399999141693115,2.380000114440918,169536,0.0,0.0
2023-12-15 15:30:00-05:00,2.369999885559082,2.3949999809265137,2.3299999237060547,2.3499999046325684,8304,0.0,0.0
2023-12-18 09:30:00-05:00,2.450000047683716,2.509999990463257,2.2300000190734863,2.259999990463257,104781,0.0,0.0
2023-12-18 10:30:00-05:00,2.2699999809265137,2.2799999713897705,2.200000047683716,2.2100000381469727,49302,0.0,0.0
2023-12-18 11:30:00-05:00,2.2100000381469727,2.3299999237060547,2.1500000953674316,2.3299999237060547,182162,0.0,0.0
2023-12-18 12:30:00-05:00,2.319999933242798,2.4999001026153564,2.2500998973846436,2.350100040435791,405269,0.0,0.0
2023-12-18 13:30:00-05:00,2.4049999713897705,2.4049999713897705,2.259999990463257,2.259999990463257,48228,0.0,0.0
2023-12-18 14:30:00-05:00,2.259999990463257,2.319999933242798,2.2200000286102295,2.2300000190734863,24603,0.0,0.0
2023-12-18 15:30:00-05:00,2.2537999153137207,2.2799999713897705,2.2100000381469727,2.240000009536743,20903,0.0,0.0
2023-12-19 09:30:00-05:00,2.2799999713897705,2.2799999713897705,2.109999895095825,2.2100000381469727,230552,0.0,0.0
2023-12-19 10:30:00-05:00,2.2100000381469727,2.240000009536743,2.180000066757202,2.240000009536743,43466,0.0,0.0
2023-12-19 11:30:00-05:00,2.2100000381469727,2.25,2.2100000381469727,2.2300000190734863,3874,0.0,0.0
2023-12-19 12:30:00-05:00,2.240000009536743,2.240000009536743,2.190000057220459,2.2200000286102295,6268,0.0,0.0
2023-12-19 13:30:00-05:00,2.2200000286102295,2.25,2.200000047683716,2.240000009536743,4374,0.0,0.0
2023-12-19 14:30:00-05:00,2.2200000286102295,2.359999895095825,2.2200000286102295,2.319999933242798,34165,0.0,0.0
2023-12-19 15:30:00-05:00,2.2899999618530273,2.3499999046325684,2.2799999713897705,2.2799999713897705,11178,0.0,0.0
2023-12-20 09:30:00-05:00,2.25,2.253999948501587,2.180000066757202,2.180000066757202,8892,0.0,0.0
2023-12-20 10:30:00-05:00,2.180000066757202,2.3299999237060547,2.1700000762939453,2.319999933242798,142948,0.0,0.0
2023-12-20 11:30:00-05:00,2.319999933242798,2.4800000190734863,2.319999933242798,2.444999933242798,76712,0.0,0.0
2023-12-20 12:30:00-05:00,2.4119999408721924,2.6700000762939453,2.4119999408721924,2.509999990463257,84846,0.0,0.0
2023-12-20 13:30:00-05:00,2.5,2.5,2.4600000381469727,2.490000009536743,14313,0.0,0.0
2023-12-20 14:30:00-05:00,2.549999952316284,2.549999952316284,2.369999885559082,2.4200000762939453,34133,0.0,0.0
2023-12-20 15:30:00-05:00,2.4200000762939453,2.4897000789642334,2.4200000762939453,2.440000057220459,10273,0.0,0.0
2023-12-21 09:30:00-05:00,2.4700000286102295,2.4700000286102295,2.25,2.3499999046325684,327733,0.0,0.0
2023-12-21 10:30:00-05:00,2.3399999141693115,2.5299999713897705,2.319999933242798,2.440000057220459,302178,0.0,0.0
2023-12-21 11:30:00-05:00,2.4600000381469727,2.4600000381469727,2.3399999141693115,2.369999885559082,114969,0.0,0.0
2023-12-21 12:30:00-05:00,2.399899959564209,2.399899959564209,2.3499999046325684,2.3499999046325684,4405,0.0,0.0
2023-12-21 13:30:00-05:00,2.375,2.375,2.2799999713897705,2.299999952316284,45882,0.0,0.0
2023-12-21 14:30:00-05:00,2.299999952316284,2.3399999141693115,2.259999990463257,2.2799999713897705,13767,0.0,0.0
2023-12-21 15:30:00-05:00,2.2799999713897705,2.359999895095825,2.2100000381469727,2.25,16864,0.0,0.0
2023-12-22 09:30:00-05:00,2.200000047683716,2.3299999237060547,2.1717000007629395,2.2355000972747803,9238,0.0,0.0
2023-12-22 10:30:00-05:00,2.2499001026153564,2.2499001026153564,2.200000047683716,2.200000047683716,3361,0.0,0.0
2023-12-22 11:30:00-05:00,2.180000066757202,2.259999990463257,2.09060001373291,2.240000009536743,132376,0.0,0.0
2023-12-22 12:30:00-05:00,2.2300000190734863,2.3798999786376953,2.2100000381469727,2.259999990463257,85575,0.0,0.0
2023-12-22 13:30:00-05:00,2.259999990463257,2.3299999237060547,2.180000066757202,2.2049999237060547,142176,0.0,0.0
2023-12-22 14:30:00-05:00,2.2200000286102295,2.3350000381469727,2.200000047683716,2.25,51412,0.0,0.0
2023-12-22 15:30:00-05:00,2.25,2.265000104904175,2.109999895095825,2.130000114440918,87367,0.0,0.0
2023-12-26 09:30:00-05:00,2.109999895095825,2.25,2.100100040435791,2.25,29618,0.0,0.0
2023-12-26 10:30:00-05:00,2.25,2.25,2.200000047683716,2.2100000381469727,1519,0.0,0.0
2023-12-26 11:30:00-05:00,2.255000114440918,2.3399999141693115,2.25,2.2606000900268555,14048,0.0,0.0
2023-12-26 12:30:00-05:00,2.319999933242798,2.319999933242798,2.2200000286102295,2.2209999561309814,9975,0.0,0.0
2023-12-26 13:30:00-05:00,2.2200000286102295,2.2899999618530273,2.2100000381469727,2.240000009536743,8228,0.0,0.0
2023-12-26 14:30:00-05:00,2.240000009536743,2.359999895095825,2.2300000190734863,2.359999895095825,35729,0.0,0.0
2023-12-26 15:30:00-05:00,2.3499999046325684,2.3499999046325684,2.259999990463257,2.3299999237060547,14306,0.0,0.0
2023-12-27 09:30:00-05:00,2.259999990463257,2.4600000381469727,2.259999990463257,2.3399999141693115,56026,0.0,0.0
2023-12-27 10:30:00-05:00,2.327500104904175,2.3399999141693115,2.299999952316284,2.3299999237060547,2484,0.0,0.0
2023-12-27 11:30:00-05:00,2.3396999835968018,2.609999895095825,2.299999952316284,2.549999952316284,390910,0.0,0.0
2023-12-27 12:30:00-05:00,2.549999952316284,2.6094000339508057,2.5,2.509999990463257,75922,0.0,0.0
2023-12-27 13:30:00-05:00,2.5199999809265137,2.549999952316284,2.490000009536743,2.549999952316284,21564,0.0,0.0
2023-12-27 14:30:00-05:00,2.555000066757202,2.5999999046325684,2.549999952316284,2.5999999046325684,16039,0.0,0.0
2023-12-27 15:30:00-05:00,2.5999999046325684,2.809999942779541,2.5399999618530273,2.6500000953674316,42375,0.0,0.0
2023-12-28 09:30:00-05:00,2.5799999237060547,2.603800058364868,1.7800999879837036,1.9700000286102295,239027,0.0,0.0
2023-12-28 10:30:00-05:00,2.140000104904175,2.140000104904175,1.840000033378601,1.9700000286102295,73134,0.0,0.0
2023-12-28 11:30:00-05:00,1.9600000381469727,1.9800000190734863,1.909999966621399,1.9299999475479126,16038,0.0,0.0
2023-12-28 12:30:00-05:00,1.940000057220459,1.9500000476837158,1.9199999570846558,1.934999942779541,11011,0.0,0.0
2023-12-28 13:30:00-05:00,1.910099983215332,1.9600000381469727,1.850000023841858,1.8598999977111816,49450,0.0,0.0
2023-12-28 14:30:00-05:00,1.8600000143051147,1.9199999570846558,1.7899999618530273,1.840000033378601,110883,0.0,0.0
2023-12-28 15:30:00-05:00,1.8250000476837158,1.8300000429153442,1.7300000190734863,1.7899999618530273,36744,0.0,0.0
2023-12-29 09:30:00-05:00,1.7100000381469727,1.75,1.3300000429153442,1.409999966621399,250941,0.0,0.0
2023-12-29 10:30:00-05:00,1.4049999713897705,1.4900000095367432,1.4049999713897705,1.440000057220459,34439,0.0,0.0
2023-12-29 11:30:00-05:00,1.4199999570846558,1.4299999475479126,1.350000023841858,1.4199999570846558,102571,0.0,0.0
2023-12-29 12:30:00-05:00,1.4199999570846558,1.5,1.4113999605178833,1.5,41416,0.0,0.0
2023-12-29 13:30:00-05:00,1.534999966621399,1.5499999523162842,1.4199999570846558,1.4399000406265259,113379,0.0,0.0
2023-12-29 14:30:00-05:00,1.4299999475479126,1.5499999523162842,1.4299999475479126,1.440000057220459,93211,0.0,0.0
2023-12-29 15:30:00-05:00,1.4800000190734863,1.527999997138977,1.4600000381469727,1.4600000381469727,13007,0.0,0.0
2024-01-02 09:30:00-05:00,1.5,1.5299999713897705,1.4400999546051025,1.4800000190734863,46677,0.0,0.0
2024-01-02 10:30:00-05:00,1.4601000547409058,1.4900000095367432,1.4601000547409058,1.4800000190734863,4006,0.0,0.0
2024-01-02 11:30:00-05:00,1.4800000190734863,1.4800000190734863,1.4600000381469727,1.4700000286102295,2889,0.0,0.0
2024-01-02 12:30:00-05:00,1.4800000190734863,1.5399999618530273,1.4600000381469727,1.4600000381469727,57313,0.0,0.0
2024-01-02 13:30:00-05:00,1.4900000095367432,1.4900000095367432,1.4500000476837158,1.4500000476837158,11439,0.0,0.0
2024-01-02 14:30:00-05:00,1.440000057220459,1.4500000476837158,1.3899999856948853,1.440000057220459,10688,0.0,0.0
2024-01-02 15:30:00-05:00,1.4218000173568726,1.4218000173568726,1.350000023841858,1.399999976158142,21928,0.0,0.0
2024-01-03 09:30:00-05:00,1.399999976158142,1.4600000381469727,1.2999999523162842,1.3200000524520874,43026,0.0,0.0
2024-01-03 10:30:00-05:00,1.3350000381469727,1.340000033378601,1.3300000429153442,1.3300000429153442,6606,0.0,0.0
2024-01-03 11:30:00-05:00,1.3799999952316284,1.399999976158142,1.26010000705719,1.2699999809265137,38001,0.0,0.0
2024-01-03 12:30:00-05:00,1.309999942779541,1.3167999982833862,1.2799999713897705,1.3167999982833862,13452,0.0,0.0
2024-01-03 13:30:00-05:00,1.2999999523162842,1.3300000429153442,1.25,1.2799999713897705,36057,0.0,0.0
2024-01-03 14:30:00-05:00,1.2799999713897705,1.309999942779541,1.2599999904632568,1.2599999904632568,57578,0.0,0.0
2024-01-03 15:30:00-05:00,1.2699999809265137,1.2799999713897705,1.2599999904632568,1.2699999809265137,12858,0.0,0.0
2024-01-04 09:30:00-05:00,1.2899999618530273,1.2899999618530273,1.1799999475479126,1.2200000286102295,108378,0.0,0.0
2024-01-04 10:30:00-05:00,1.2400000095367432,1.2400000095367432,1.2200000286102295,1.2300000190734863,11508,0.0,0.0
2024-01-04 11:30:00-05:00,1.2300000190734863,1.25,1.2300000190734863,1.2400000095367432,10351,0.0,0.0
2024-01-04 12:30:00-05:00,1.2400000095367432,1.2476999759674072,1.1799999475479126,1.2000000476837158,44107,0.0,0.0
2024-01-04 13:30:00-05:00,1.2161999940872192,1.2161999940872192,1.2161999940872192,1.2161999940872192,2134,0.0,0.0
2024-01-04 14:30:00-05:00,1.2201000452041626,1.2350000143051147,1.2200000286102295,1.2300000190734863,1373,0.0,0.0
2024-01-04 15:30:00-05:00,1.2301000356674194,1.2301000356674194,1.2200000286102295,1.2300000190734863,5110,0.0,0.0
2024-01-05 09:30:00-05:00,1.2799999713897705,1.3099000453948975,1.2100000381469727,1.2100000381469727,31963,0.0,0.0
2024-01-05 10:30:00-05:00,1.2100000381469727,1.2599999904632568,1.2000000476837158,1.2400000095367432,8593,0.0,0.0
2024-01-05 11:30:00-05:00,1.2400000095367432,1.2400000095367432,1.190000057220459,1.1999000310897827,30728,0.0,0.0
2024-01-05 12:30:00-05:00,1.190000057220459,1.2200000286102295,1.190000057220459,1.2200000286102295,52027,0.0,0.0
2024-01-05 13:30:00-05:00,1.2200000286102295,1.2200000286102295,1.149999976158142,1.1799999475479126,29302,0.0,0.0
2024-01-05 14:30:00-05:00,1.159999966621399,1.1799999475479126,1.1399999856948853,1.149999976158142,8043,0.0,0.0
2024-01-05 15:30:00-05:00,1.149999976158142,1.149999976158142,1.1200000047683716,1.1200000047683716,27452,0.0,0.0
2024-01-08 09:30:00-05:00,1.149999976158142,1.2000000476837158,1.0499999523162842,1.125,44881,0.0,0.0
2024-01-08 10:30:00-05:00,1.1114000082015991,1.1399999856948853,1.1114000082015991,1.1298999786376953,1130,0.0,0.0
2024-01-08 11:30:00-05:00,1.11080002784729,1.1399999856948853,1.100000023841858,1.100000023841858,6344,0.0,0.0
2024-01-08 12:30:00-05:00,1.0835000276565552,1.1100000143051147,1.0835000276565552,1.100000023841858,2601,0.0,0.0
2024-01-08 13:30:00-05:00,1.0800000429153442,1.0800000429153442,1.059999942779541,1.059999942779541,58871,0.0,0.0
2024-01-08 14:30:00-05:00,1.059999942779541,1.0700000524520874,1.0579999685287476,1.0599000453948975,10884,0.0,0.0
2024-01-08 15:30:00-05:00,1.0499999523162842,1.059999942779541,1.0199999809265137,1.0499999523162842,12655,0.0,0.0
2024-01-09 09:30:00-05:00,1.0700000524520874,1.1200000047683716,1.0199999809265137,1.0399999618530273,183386,0.0,0.0
2024-01-09 10:30:00-05:00,1.059999942779541,1.059999942779541,1.0499999523162842,1.0549999475479126,3355,0.0,0.0
2024-01-09 11:30:00-05:00,1.0520000457763672,1.0799000263214111,1.0520000457763672,1.0745999813079834,1362,0.0,0.0
2024-01-09 12:30:00-05:00,1.0509999990463257,1.065000057220459,1.0500999689102173,1.065000057220459,8636,0.0,0.0
2024-01-09 13:30:00-05:00,1.0500999689102173,1.0800000429153442,1.0299999713897705,1.0499999523162842,18421,0.0,0.0
2024-01-09 14:30:00-05:00,1.0700000524520874,1.0700000524520874,1.0300999879837036,1.031000018119812,3357,0.0,0.0
2024-01-09 15:30:00-05:00,1.0399999618530273,1.0499999523162842,1.0299999713897705,1.0299999713897705,13360,0.0,0.0
2024-01-10 09:30:00-05:00,1.0199999809265137,1.0720000267028809,1.0199999809265137,1.0499999523162842,37128,0.0,0.0
2024-01-10 10:30:00-05:00,1.059999942779541,1.059999942779541,1.0393999814987183,1.059999942779541,16914,0.0,0.0
2024-01-10 11:30:00-05:00,1.0399999618530273,1.059999942779541,1.0399999618530273,1.0399999618530273,33322,0.0,0.0
2024-01-10 12:30:00-05:00,1.0399999618530273,1.059999942779541,1.0399999618530273,1.0556999444961548,5365,0.0,0.0
2024-01-10 13:30:00-05:00,1.0399999618530273,1.059999942779541,1.0199999809265137,1.0299999713897705,21539,0.0,0.0
2024-01-10 14:30:00-05:00,1.0299999713897705,1.0499999523162842,1.0199999809265137,1.0199999809265137,21289,0.0,0.0
2024-01-10 15:30:00-05:00,1.0299999713897705,1.0322999954223633,1.0099999904632568,1.0099999904632568,12131,0.0,0.0
2024-01-11 09:30:00-05:00,1.0199999809265137,1.090000033378601,1.0199999809265137,1.0399999618530273,97996,0.0,0.0
2024-01-11 10:30:00-05:00,1.0399999618530273,1.059999942779541,1.0299999713897705,1.0312000513076782,19274,0.0,0.0
2024-01-11 11:30:00-05:00,1.0299999713897705,1.0499000549316406,1.0099999904632568,1.0299999713897705,27220,0.0,0.0
2024-01-11 12:30:00-05:00,1.0200999975204468,1.0399999618530273,1.0099999904632568,1.0099999904632568,7569,0.0,0.0
2024-01-11 13:30:00-05:00,1.0099999904632568,1.0397000312805176,1.0099999904632568,1.0199999809265137,11836,0.0,0.0
2024-01-11 14:30:00-05:00,1.0199999809265137,1.0210000276565552,1.0,1.0196000337600708,55026,0.0,0.0
2024-01-11 15:30:00-05:00,1.0099999904632568,1.0199999809265137,1.0099999904632568,1.0099999904632568,8479,0.0,0.0
2024-01-12 09:30:00-05:00,1.0700000524520874,1.0700000524520874,1.0,1.0,59037,0.0,0.0
2024-01-12 10:30:00-05:00,1.0049999952316284,1.0099999904632568,1.0,1.0099999904632568,10384,0.0,0.0
2024-01-12 11:30:00-05:00,1.0,1.0099999904632568,0.9900000095367432,0.9900000095367432,10107,0.0,0.0
2024-01-12 12:30:00-05:00,1.0,1.0499999523162842,0.9900000095367432,1.0299999713897705,16987,0.0,0.0
2024-01-12 13:30:00-05:00,1.0,1.0098999738693237,0.9800000190734863,0.9800000190734863,20535,0.0,0.0
2024-01-12 14:30:00-05:00,0.9950000047683716,1.0099999904632568,0.9800000190734863,1.0,4170,0.0,0.0
2024-01-12 15:30:00-05:00,0.9962000250816345,0.9962000250816345,0.9700999855995178,0.9818999767303467,10192,0.0,0.0
2024-01-16 09:30:00-05:00,0.9309999942779541,0.9900000095367432,0.8500000238418579,0.9200000166893005,49761,0.0,0.0
2024-01-16 10:30:00-05:00,0.9300000071525574,0.9599999785423279,0.8999999761581421,0.9100000262260437,6950,0.0,0.0
2024-01-16 11:30:00-05:00,0.8999999761581421,0.9129999876022339,0.8899999856948853,0.8999000191688538,16564,0.0,0.0
2024-01-16 12:30:00-05:00,0.899399995803833,0.8999000191688538,0.8970000147819519,0.8970000147819519,2047,0.0,0.0
2024-01-16 13:30:00-05:00,0.8999000191688538,0.9110000133514404,0.8720999956130981,0.8888000249862671,50745,0.0,0.0
2024-01-16 14:30:00-05:00,0.8888999819755554,0.9200000166893005,0.8888999819755554,0.8999999761581421,85504,0.0,0.0
2024-01-16 15:30:00-05:00,0.9001010060310364,0.9202010035514832,0.871999979019165,0.871999979019165,0,0.0,0.0
2024-01-17 09:30:00-05:00,0.9099000096321106,0.9099000096321106,0.8683000206947327,0.8896999955177307,36126,0.0,0.0
2024-01-17 10:30:00-05:00,0.8895000219345093,0.8895000219345093,0.8700000047683716,0.8701000213623047,33558,0.0,0.0
2024-01-17 11:30:00-05:00,0.8715000152587891,0.8999999761581421,0.8704000115394592,0.8999999761581421,40375,0.0,0.0
2024-01-17 12:30:00-05:00,0.9253000020980835,0.9405999779701233,0.875,0.9350000023841858,50434,0.0,0.0
2024-01-17 13:30:00-05:00,0.9200000166893005,0.9350000023841858,0.9100000262260437,0.9100000262260437,2562,0.0,0.0
2024-01-17 14:30:00-05:00,0.9350000023841858,0.9350000023841858,0.902999997138977,0.9350000023841858,117186,0.0,0.0
2024-01-17 15:30:00-05:00,0.9311220049858093,0.9311220049858093,0.9153000116348267,0.9153000116348267,0,0.0,0.0
2024-01-18 09:30:00-05:00,0.9399999976158142,0.9399999976158142,0.9100000262260437,0.9200999736785889,35017,0.0,0.0
2024-01-18 10:30:00-05:00,0.9399999976158142,0.9399999976158142,0.9200999736785889,0.9251000285148621,4608,0.0,0.0
2024-01-18 11:30:00-05:00,0.9200000166893005,0.9250500202178955,0.9100000262260437,0.9150999784469604,6642,0.0,0.0
2024-01-18 12:30:00-05:00,0.9100000262260437,0.9200999736785889,0.8899999856948853,0.9129999876022339,60615,0.0,0.0
2024-01-18 13:30:00-05:00,0.9129999876022339,0.9129999876022339,0.8820000290870667,0.8820000290870667,92236,0.0,0.0
2024-01-18 14:30:00-05:00,0.8820000290870667,0.9010999798774719,0.8820000290870667,0.8822000026702881,7475,0.0,0.0
2024-01-18 15:30:00-05:00,0.8822000026702881,0.8975250124931335,0.8820000290870667,0.8820000290870667,0,0.0,0.0
2024-01-19 09:30:00-05:00,0.8799999952316284,0.8799999952316284,0.8600000143051147,0.8698999881744385,24902,0.0,0.0
2024-01-19 10:30:00-05:00,0.8801010251045227,0.8801010251045227,0.8661999702453613,0.8700000047683716,39103,0.0,0.0
2024-01-19 11:30:00-05:00,0.8664000034332275,0.8665000200271606,0.8500000238418579,0.8500000238418579,11812,0.0,0.0
2024-01-19 12:30:00-05:00,0.8500999808311462,0.9100000262260437,0.8500999808311462,0.9100000262260437,3941,0.0,0.0
2024-01-19 13:30:00-05:00,0.9100000262260437,1.0,0.9010000228881836,0.9010000228881836,65024,0.0,0.0
2024-01-19 14:30:00-05:00,0.9010000228881836,0.9319999814033508,0.9010000228881836,0.9275000095367432,73599,0.0,0.0
2024-01-19 15:30:00-05:00,0.9309999942779541,0.9700000286102295,0.9020000100135803,0.9020000100135803,20756,0.0,0.0
2024-01-22 09:30:00-05:00,0.9021009802818298,0.9887999892234802,0.9020000100135803,0.9448000192642212,25991,0.0,0.0
2024-01-22 10:30:00-05:00,0.9487000107765198,0.9488000273704529,0.9269499778747559,0.9269499778747559,471,0.0,0.0
2024-01-22 11:30:00-05:00,0.9050999879837036,0.9297000169754028,0.8622999787330627,0.9200999736785889,108350,0.0,0.0
2024-01-22 12:30:00-05:00,0.9190000295639038,0.9190999865531921,0.8862000107765198,0.8989999890327454,58650,0.0,0.0
2024-01-22 13:30:00-05:00,0.8980000019073486,0.9175000190734863,0.8980000019073486,0.8980000019073486,980,0.0,0.0
2024-01-22 14:30:00-05:00,0.9423999786376953,0.9423999786376953,0.8980000019073486,0.8980000019073486,8289,0.0,0.0
2024-01-22 15:30:00-05:00,0.8999999761581421,0.9200000166893005,0.890999972820282,0.890999972820282,0,0.0,0.0
2024-01-23 09:30:00-05:00,0.8899999856948853,0.9599999785423279,0.8899000287055969,0.934499979019165,43469,0.0,0.0
2024-01-23 10:30:00-05:00,0.9337999820709229,0.9337999820709229,0.8899999856948853,0.8899999856948853,1837,0.0,0.0
2024-01-23 11:30:00-05:00,0.8792999982833862,0.8799999952316284,0.8792999982833862,0.8795999884605408,2909,0.0,0.0
2024-01-23 12:30:00-05:00,0.8795989751815796,0.8996999859809875,0.8791999816894531,0.8791999816894531,13056,0.0,0.0
2024-01-23 13:30:00-05:00,0.8794999718666077,0.9333000183105469,0.8700000047683716,0.8950999975204468,112628,0.0,0.0
2024-01-23 14:30:00-05:00,0.8950999975204468,0.9352999925613403,0.8944609761238098,0.9351000189781189,52777,0.0,0.0
2024-01-23 15:30:00-05:00,0.9200000166893005,0.9352999925613403,0.9100000262260437,0.9104999899864197,11090,0.0,0.0
2024-01-24 09:30:00-05:00,0.8827000260353088,0.9210000038146973,0.8827000260353088,0.8999999761581421,27699,0.0,0.0
2024-01-24 10:30:00-05:00,0.8999999761581421,0.9207000136375427,0.8999000191688538,0.9205999970436096,50169,0.0,0.0
2024-01-24 11:30:00-05:00,0.9200000166893005,0.9480999708175659,0.9013000130653381,0.9399999976158142,60483,0.0,0.0
2024-01-24 12:30:00-05:00,0.9380999803543091,0.9480000138282776,0.911300003528595,0.925000011920929,68350,0.0,0.0
2024-01-24 13:30:00-05:00,0.9114000201225281,0.9300000071525574,0.9114000201225281,0.9300000071525574,1653,0.0,0.0
2024-01-24 14:30:00-05:00,0.9200999736785889,0.9259999990463257,0.9100000262260437,0.9100000262260437,13170,0.0,0.0
2024-01-24 15:30:00-05:00,0.9020000100135803,0.9074000120162964,0.9013000130653381,0.9072999954223633,0,0.0,0.0
2024-01-25 09:30:00-05:00,0.9138000011444092,0.9199000000953674,0.8799999952316284,0.9110000133514404,43367,0.0,0.0
2024-01-25 10:30:00-05:00,0.9190000295639038,0.9304999709129333,0.9190000295639038,0.9190000295639038,21547,0.0,0.0
2024-01-25 11:30:00-05:00,0.8949999809265137,0.9110000133514404,0.8801000118255615,0.8801000118255615,70893,0.0,0.0
2024-01-25 12:30:00-05:00,0.8801000118255615,0.9108999967575073,0.8801000118255615,0.8865000009536743,6019,0.0,0.0
2024-01-25 13:30:00-05:00,0.8873999714851379,0.8987500071525574,0.8865000009536743,0.8985999822616577,6055,0.0,0.0
2024-01-25 14:30:00-05:00,0.8986999988555908,0.9110000133514404,0.8944000005722046,0.900600016117096,21238,0.0,0.0
2024-01-25 15:30:00-05:00,0.9179999828338623,0.9190000295639038,0.9021999835968018,0.9021999835968018,0,0.0,0.0
2024-01-26 09:30:00-05:00,0.9021999835968018,0.9039999842643738,0.8999999761581421,0.8999999761581421,5132,0.0,0.0
2024-01-26 10:30:00-05:00,0.9121999740600586,0.9336000084877014,0.9100000262260437,0.9100000262260437,23953,0.0,0.0
2024-01-26 11:30:00-05:00,0.9100000262260437,0.9271000027656555,0.9057000279426575,0.9057000279426575,8458,0.0,0.0
2024-01-26 12:30:00-05:00,0.9056000113487244,0.9730989933013916,0.9056000113487244,0.9204000234603882,127772,0.0,0.0
2024-01-26 13:30:00-05:00,0.9325000047683716,0.9325000047683716,0.9200000166893005,0.9325000047683716,720,0.0,0.0
2024-01-26 14:30:00-05:00,0.9298999905586243,0.9399999976158142,0.9025999903678894,0.9031999707221985,46423,0.0,0.0
2024-01-26 15:30:00-05:00,0.9398999810218811,0.9398999810218811,0.9002000093460083,0.9002000093460083,4654,0.0,0.0
2024-01-29 09:30:00-05:00,0.9000999927520752,0.9251999855041504,0.8974000215530396,0.9251999855041504,47660,0.0,0.0
2024-01-29 10:30:00-05:00,0.9251999855041504,0.9251999855041504,0.9104999899864197,0.9211999773979187,3076,0.0,0.0
2024-01-29 11:30:00-05:00,0.9213500022888184,0.9359999895095825,0.9211999773979187,0.9239000082015991,91841,0.0,0.0
2024-01-29 12:30:00-05:00,0.9213500022888184,0.9222999811172485,0.9213500022888184,0.9222999811172485,900,0.0,0.0
2024-01-29 14:30:00-05:00,0.9212999939918518,0.9261000156402588,0.8999999761581421,0.9229999780654907,71171,0.0,0.0
2024-01-29 15:30:00-05:00,0.9300000071525574,0.9300000071525574,0.9169999957084656,0.9298999905586243,0,0.0,0.0
2024-01-30 09:30:00-05:00,0.949999988079071,0.949999988079071,0.9315999746322632,0.9315999746322632,3984,0.0,0.0
2024-01-30 10:30:00-05:00,0.9316999912261963,0.9318000078201294,0.9315999746322632,0.9316999912261963,3318,0.0,0.0
2024-01-30 11:30:00-05:00,0.9315999746322632,0.9316999912261963,0.9300000071525574,0.9301999807357788,26037,0.0,0.0
2024-01-30 12:30:00-05:00,0.9300000071525574,0.949999988079071,0.9218999743461609,0.9355000257492065,67970,0.0,0.0
2024-01-30 13:30:00-05:00,0.9463000297546387,0.949999988079071,0.9462000131607056,0.9472000002861023,12357,0.0,0.0
2024-01-30 14:30:00-05:00,0.9472000002861023,1.0497000217437744,0.9472000002861023,0.9900000095367432,89111,0.0,0.0
2024-01-30 15:30:00-05:00,0.9900000095367432,1.0399999618530273,0.9900000095367432,1.0399999618530273,3559,0.0,0.0
2024-01-31 09:30:00-05:00,1.0199999809265137,1.0202000141143799,0.972000002861023,0.9800999760627747,21296,0.0,0.0
2024-01-31 10:30:00-05:00,0.9901000261306763,0.9998999834060669,0.9900000095367432,0.9998999834060669,3961,0.0,0.0
2024-01-31 11:30:00-05:00,0.9929999709129333,0.995199978351593,0.9829999804496765,0.9829999804496765,32323,0.0,0.0
2024-01-31 12:30:00-05:00,0.9829999804496765,0.9829999804496765,0.9399999976158142,0.9767000079154968,53594,0.0,0.0
2024-01-31 13:30:00-05:00,0.9865000247955322,1.0099999904632568,0.9865000247955322,1.0099999904632568,59021,0.0,0.0
2024-01-31 14:30:00-05:00,1.0097999572753906,1.0499000549316406,1.0,1.0199999809265137,44511,0.0,0.0
2024-01-31 15:30:00-05:00,1.0,1.0199999809265137,1.0,1.0,2325,0.0,0.0
2024-02-01 09:30:00-05:00,1.0,1.0399999618530273,0.949999988079071,1.0199999809265137,6191,0.0,0.0
2024-02-01 10:30:00-05:00,1.0199999809265137,1.0199999809265137,1.000100016593933,1.000100016593933,9482,0.0,0.0
2024-02-01 11:30:00-05:00,1.0199999809265137,1.0399999618530273,1.0099999904632568,1.0199999809265137,58067,0.0,0.0
2024-02-01 12:30:00-05:00,1.0199999809265137,1.0399999618530273,1.0149999856948853,1.0199999809265137,109251,0.0,0.0
2024-02-01 13:30:00-05:00,1.0199999809265137,1.0299999713897705,1.0099999904632568,1.0299999713897705,21549,0.0,0.0
2024-02-01 14:30:00-05:00,1.0299999713897705,1.0299999713897705,1.0199999809265137,1.0299999713897705,10888,0.0,0.0
2024-02-01 15:30:00-05:00,1.0299999713897705,1.0299999713897705,1.0199999809265137,1.0299999713897705,0,0.0,0.0
2024-02-02 09:30:00-05:00,0.9850000143051147,1.0,0.9700000286102295,0.9940000176429749,60593,0.0,0.0
2024-02-02 10:30:00-05:00,0.9940000176429749,1.0299999713897705,0.9940000176429749,1.0,102262,0.0,0.0
2024-02-02 11:30:00-05:00,1.0199999809265137,1.0399999618530273,1.0099999904632568,1.0199999809265137,38685,0.0,0.0
2024-02-02 12:30:00-05:00,1.0199999809265137,1.0199999809265137,1.0099999904632568,1.0199999809265137,11716,0.0,0.0
2024-02-02 13:30:00-05:00,1.0,1.0199999809265137,1.0,1.0199999809265137,726,0.0,0.0
2024-02-02 14:30:00-05:00,1.0099999904632568,1.0199999809265137,1.003999948501587,1.0199999809265137,1217,0.0,0.0
2024-02-02 15:30:00-05:00,1.0199999809265137,1.0299999713897705,1.0,1.0,2208,0.0,0.0
2024-02-05 09:30:00-05:00,1.0,1.0,0.9602000117301941,0.9919999837875366,1487,0.0,0.0
2024-02-05 10:30:00-05:00,0.9778990149497986,0.9919999837875366,0.9602000117301941,0.9900000095367432,79165,0.0,0.0
2024-02-05 11:30:00-05:00,0.9900000095367432,1.0499999523162842,0.9900000095367432,1.0299999713897705,75762,0.0,0.0
2024-02-05 12:30:00-05:00,1.0199999809265137,1.0399999618530273,1.0199999809265137,1.0399999618530273,8558,0.0,0.0
2024-02-05 14:30:00-05:00,1.0399999618530273,1.0700000524520874,1.0,1.0049999952316284,62073,0.0,0.0
2024-02-05 15:30:00-05:00,0.9900000095367432,1.0,0.9679999947547913,0.9711999893188477,11739,0.0,0.0
2024-02-06 09:30:00-05:00,1.0,1.0,0.9714999794960022,0.9800000190734863,5352,0.0,0.0
2024-02-06 10:30:00-05:00,0.9800000190734863,0.9986000061035156,0.9700000286102295,0.9800000190734863,40615,0.0,0.0
2024-02-06 11:30:00-05:00,0.9700999855995178,0.9998999834060669,0.9508000016212463,0.994949996471405,100551,0.0,0.0
2024-02-06 12:30:00-05:00,0.9998999834060669,1.0399999618530273,0.9948999881744385,1.01010000705719,165380,0.0,0.0
2024-02-06 13:30:00-05:00,0.9991000294685364,1.0276000499725342,0.9991000294685364,1.0099999904632568,16950,0.0,0.0
2024-02-06 14:30:00-05:00,1.0099999904632568,1.0099999904632568,1.0099999904632568,1.0099999904632568,2100,0.0,0.0
2024-02-06 15:30:00-05:00,1.0,1.0099999904632568,0.9599999785423279,0.9599999785423279,0,0.0,0.0
2024-02-07 09:30:00-05:00,0.9905999898910522,1.0099999904632568,0.9901000261306763,1.0099999904632568,27159,0.0,0.0
2024-02-07 10:30:00-05:00,1.0012999773025513,1.0099999904632568,1.0,1.0,9533,0.0,0.0
2024-02-07 11:30:00-05:00,0.9990000128746033,1.0099999904632568,0.9936000108718872,1.0049999952316284,5146,0.0,0.0
2024-02-07 12:30:00-05:00,1.0049999952316284,1.0049999952316284,1.0049999952316284,1.0049999952316284,116,0.0,0.0
2024-02-07 13:30:00-05:00,1.0,1.0,0.9700000286102295,0.9700000286102295,23264,0.0,0.0
2024-02-07 14:30:00-05:00,0.9700000286102295,1.0,0.9596999883651733,0.9900000095367432,28150,0.0,0.0
2024-02-07 15:30:00-05:00,0.9621000289916992,0.9760000109672546,0.949999988079071,0.958899974822998,0,0.0,0.0
2024-02-08 09:30:00-05:00,0.9900000095367432,0.9900000095367432,0.968999981880188,0.9761999845504761,8726,0.0,0.0
2024-02-08 10:30:00-05:00,0.9799000024795532,0.9818999767303467,0.972000002861023,0.972000002861023,39504,0.0,0.0
2024-02-08 11:30:00-05:00,0.9815000295639038,0.9815000295639038,0.9703999757766724,0.9703999757766724,11369,0.0,0.0
2024-02-08 12:30:00-05:00,0.9818999767303467,0.9819999933242798,0.9794999957084656,0.9819999933242798,46244,0.0,0.0
2024-02-08 13:30:00-05:00,0.9819999933242798,0.9900000095367432,0.9599999785423279,0.9599999785423279,107972,0.0,0.0
2024-02-08 14:30:00-05:00,0.9620000123977661,0.989998996257782,0.9559999704360962,0.960099995136261,18557,0.0,0.0
2024-02-08 15:30:00-05:00,0.9560999870300293,0.9764000177383423,0.9462000131607056,0.9509999752044678,0,0.0,0.0
2024-02-09 09:30:00-05:00,1.0499999523162842,1.0499999523162842,0.9599999785423279,0.9800000190734863,36055,0.0,0.0
2024-02-09 10:30:00-05:00,0.9800000190734863,0.9800000190734863,0.9599999785423279,0.9599999785423279,5873,0.0,0.0
2024-02-09 11:30:00-05:00,0.9765999913215637,1.0,0.9666000008583069,0.9666000008583069,73607,0.0,0.0
2024-02-09 13:30:00-05:00,0.9700000286102295,0.972000002861023,0.9599000215530396,0.9629999995231628,64991,0.0,0.0
2024-02-09 14:30:00-05:00,0.9629999995231628,0.9900000095367432,0.9629999995231628,0.9634000062942505,18744,0.0,0.0
2024-02-09 15:30:00-05:00,0.9735000133514404,0.9735000133514404,0.951200008392334,0.9629999995231628,3304,0.0,0.0
2024-02-12 09:30:00-05:00,0.9304999709129333,0.9605000019073486,0.9049999713897705,0.9449999928474426,27617,0.0,0.0
2024-02-12 10:30:00-05:00,0.9300000071525574,0.9700000286102295,0.9103000164031982,0.9495000243186951,133951,0.0,0.0
2024-02-12 11:30:00-05:00,0.9399999976158142,0.9699000120162964,0.9300000071525574,0.9449999928474426,58874,0.0,0.0
2024-02-12 12:30:00-05:00,0.9449999928474426,0.9699000120162964,0.9449999928474426,0.949999988079071,4094,0.0,0.0
2024-02-12 13:30:00-05:00,0.925000011920929,0.9300000071525574,0.925000011920929,0.9300000071525574,2071,0.0,0.0
2024-02-12 14:30:00-05:00,0.9611999988555908,0.9611999988555908,0.925000011920929,0.949999988079071,7882,0.0,0.0
2024-02-12 15:30:00-05:00,0.9498999714851379,0.9498999714851379,0.9251999855041504,0.9251999855041504,0,0.0,0.0
2024-02-13 09:30:00-05:00,0.920199990272522,0.9599999785423279,0.920199990272522,0.9399999976158142,77590,0.0,0.0
2024-02-13 10:30:00-05:00,0.9309999942779541,0.9550999999046326,0.9251000285148621,0.9549999833106995,106527,0.0,0.0
2024-02-13 11:30:00-05:00,0.9399999976158142,0.9399999976158142,0.9399999976158142,0.9399999976158142,8417,0.0,0.0
2024-02-13 13:30:00-05:00,0.9399999976158142,0.9549999833106995,0.9300000071525574,0.9300000071525574,18174,0.0,0.0
2024-02-13 14:30:00-05:00,0.9259999990463257,0.9259999990463257,0.920199990272522,0.9210000038146973,11434,0.0,0.0
2024-02-13 15:30:00-05:00,0.920199990272522,0.9203000068664551,0.9049999713897705,0.9049999713897705,0,0.0,0.0
2024-02-14 09:30:00-05:00,0.9100000262260437,1.0,0.9100000262260437,0.9498999714851379,15602,0.0,0.0
2024-02-14 10:30:00-05:00,0.9300000071525574,0.9300000071525574,0.9200000166893005,0.9200000166893005,73711,0.0,0.0
2024-02-14 11:30:00-05:00,0.9211999773979187,0.9399999976158142,0.9200000166893005,0.9399999976158142,31194,0.0,0.0
2024-02-14 12:30:00-05:00,0.9399999976158142,0.949999988079071,0.9359999895095825,0.9384999871253967,73066,0.0,0.0
2024-02-14 13:30:00-05:00,0.9480000138282776,1.1399999856948853,0.9401000142097473,1.090000033378601,149546,0.0,0.0
2024-02-14 14:30:00-05:00,1.0118000507354736,1.1399999856948853,1.0118000507354736,1.0779999494552612,84490,0.0,0.0
2024-02-14 15:30:00-05:00,1.090000033378601,1.149999976158142,1.0700000524520874,1.0800000429153442,72736,0.0,0.0
2024-02-15 09:30:00-05:00,1.2400000095367432,1.2599999904632568,0.9297000169754028,0.9297999739646912,15703290,0.0,0.0
2024-02-15 10:30:00-05:00,0.9297999739646912,0.949999988079071,0.9100000262260437,0.9301000237464905,354741,0.0,0.0
2024-02-15 11:30:00-05:00,0.9301000237464905,0.9800000190734863,0.9200000166893005,0.9398999810218811,287192,0.0,0.0
2024-02-15 12:30:00-05:00,0.9398000240325928,0.949999988079071,0.9200000166893005,0.9212999939918518,105452,0.0,0.0
2024-02-15 13:30:00-05:00,0.9211999773979187,0.9300000071525574,0.8999999761581421,0.919700026512146,161034,0.0,0.0
2024-02-15 14:30:00-05:00,0.919700026512146,0.9200000166893005,0.8799999952316284,0.9093000292778015,204853,0.0,0.0
2024-02-15 15:30:00-05:00,0.9059000015258789,0.9422000050544739,0.9059000015258789,0.920199990272522,141796,0.0,0.0
2024-02-16 09:30:00-05:00,0.8999999761581421,0.9300000071525574,0.8622000217437744,0.9077000021934509,552752,0.0,0.0
2024-02-16 10:30:00-05:00,0.904699981212616,0.9399999976158142,0.8640000224113464,0.9399999976158142,72209,0.0,0.0
2024-02-16 11:30:00-05:00,0.9399999976158142,0.942799985408783,0.8840010166168213,0.9258000254631042,36659,0.0,0.0
2024-02-16 12:30:00-05:00,0.9258000254631042,0.9258000254631042,0.890999972820282,0.9150000214576721,27214,0.0,0.0
2024-02-16 13:30:00-05:00,0.9165999889373779,0.9179999828338623,0.8820000290870667,0.917900025844574,70407,0.0,0.0
2024-02-16 14:30:00-05:00,0.917900025844574,0.917900025844574,0.8820000290870667,0.9049000144004822,81807,0.0,0.0
2024-02-16 15:30:00-05:00,0.8970000147819519,0.9049999713897705,0.8822000026702881,0.8822000026702881,29850,0.0,0.0
2024-02-20 09:30:00-05:00,0.8799999952316284,0.8899999856948853,0.8011999726295471,0.8086000084877014,306414,0.0,0.0
2024-02-20 10:30:00-05:00,0.8080000281333923,0.8421000242233276,0.8055999875068665,0.8266000151634216,67186,0.0,0.0
2024-02-20 11:30:00-05:00,0.8166999816894531,0.824999988079071,0.8055999875068665,0.8248999714851379,116189,0.0,0.0
2024-02-20 12:30:00-05:00,0.8248999714851379,0.8342999815940857,0.8104000091552734,0.8159999847412109,27927,0.0,0.0
2024-02-20 13:30:00-05:00,0.8299000263214111,0.8299999833106995,0.8119999766349792,0.8299999833106995,40818,0.0,0.0
2024-02-20 14:30:00-05:00,0.82669997215271,0.8335000276565552,0.8199999928474426,0.8199999928474426,31419,0.0,0.0
2024-02-20 15:30:00-05:00,0.8190000057220459,0.8199999928474426,0.8130000233650208,0.8199999928474426,7952,0.0,0.0
2024-02-21 09:30:00-05:00,0.800000011920929,0.8001000285148621,0.7512000203132629,0.7998989820480347,187379,0.0,0.0
2024-02-21 10:30:00-05:00,0.7998999953269958,0.7998999953269958,0.7649999856948853,0.7699999809265137,108505,0.0,0.0
2024-02-21 11:30:00-05:00,0.7649999856948853,0.798799991607666,0.7502999901771545,0.7595000267028809,27701,0.0,0.0
2024-02-21 12:30:00-05:00,0.7595000267028809,0.7613000273704529,0.748000979423523,0.7612000107765198,29392,0.0,0.0
2024-02-21 13:30:00-05:00,0.7612000107765198,0.7900000214576721,0.7609999775886536,0.7799000144004822,43857,0.0,0.0
2024-02-21 14:30:00-05:00,0.7789000272750854,0.7789000272750854,0.7613999843597412,0.7613999843597412,1929,0.0,0.0
2024-02-21 15:30:00-05:00,0.7699000239372253,0.7777000069618225,0.7613000273704529,0.7700999975204468,9418,0.0,0.0
2024-02-22 09:30:00-05:00,0.7656000256538391,0.7699999809265137,0.7304999828338623,0.7307010293006897,95577,0.0,0.0
2024-02-22 10:30:00-05:00,0.7379999756813049,0.7599999904632568,0.7304999828338623,0.7437999844551086,40584,0.0,0.0
2024-02-22 11:30:00-05:00,0.7310000061988831,0.7491000294685364,0.7120000123977661,0.7304999828338623,57116,0.0,0.0
2024-02-22 12:30:00-05:00,0.7491000294685364,0.7491000294685364,0.7304999828338623,0.7394999861717224,2670,0.0,0.0
2024-02-22 13:30:00-05:00,0.7202000021934509,0.7394999861717224,0.710099995136261,0.7196999788284302,15202,0.0,0.0
2024-02-22 14:30:00-05:00,0.7099999785423279,0.7394000291824341,0.701200008392334,0.7192000150680542,99659,0.0,0.0
2024-02-22 15:30:00-05:00,0.7192000150680542,0.7192000150680542,0.7013999819755554,0.7189000248908997,15322,0.0,0.0
2024-02-23 09:30:00-05:00,0.7009999752044678,0.7185999751091003,0.6697999835014343,0.7185999751091003,196733,0.0,0.0
2024-02-23 10:30:00-05:00,0.7185999751091003,0.7185999751091003,0.6830999851226807,0.7034000158309937,10993,0.0,0.0
2024-02-23 11:30:00-05:00,0.6844000220298767,0.699999988079071,0.6801000237464905,0.6851000189781189,3739,0.0,0.0
2024-02-23 12:30:00-05:00,0.6974999904632568,0.7074999809265137,0.6974999904632568,0.7037000060081482,3767,0.0,0.0
2024-02-23 13:30:00-05:00,0.7099000215530396,0.7099999785423279,0.6851999759674072,0.7099999785423279,6509,0.0,0.0
2024-02-23 14:30:00-05:00,0.7099999785423279,0.7099999785423279,0.7099999785423279,0.7099999785423279,150,0.0,0.0
2024-02-23 15:30:00-05:00,0.699999988079071,0.7185999751091003,0.6899999976158142,0.7185999751091003,13960,0.0,0.0
2024-02-26 09:30:00-05:00,0.6800000071525574,0.7149999737739563,0.6800000071525574,0.7095999717712402,40610,0.0,0.0
2024-02-26 10:30:00-05:00,0.7099999785423279,0.7199000120162964,0.7021999955177307,0.7032999992370605,10827,0.0,0.0
2024-02-26 11:30:00-05:00,0.7200000286102295,0.7200000286102295,0.7106000185012817,0.7106000185012817,12171,0.0,0.0
2024-02-26 12:30:00-05:00,0.7106009721755981,0.7300000190734863,0.7106009721755981,0.7250000238418579,9562,0.0,0.0
2024-02-26 13:30:00-05:00,0.7289999723434448,0.7300000190734863,0.7044000029563904,0.7300000190734863,2985,0.0,0.0
2024-02-26 14:30:00-05:00,0.7300000190734863,0.7300000190734863,0.7055000066757202,0.7200509905815125,4494,0.0,0.0
2024-02-26 15:30:00-05:00,0.718500018119812,0.7398999929428101,0.718500018119812,0.7390000224113464,0,0.0,0.0
2024-02-27 09:30:00-05:00,0.7200000286102295,0.7354000210762024,0.7200000286102295,0.7215999960899353,19234,0.0,0.0
2024-02-27 10:30:00-05:00,0.7319999933242798,0.7353000044822693,0.7218000292778015,0.7218000292778015,2753,0.0,0.0
2024-02-27 11:30:00-05:00,0.722000002861023,0.7390000224113464,0.722000002861023,0.722000002861023,4157,0.0,0.0
2024-02-27 12:30:00-05:00,0.722100019454956,0.7390000224113464,0.722100019454956,0.7305999994277954,12487,0.0,0.0
2024-02-27 13:30:00-05:00,0.7390000224113464,0.75,0.7390000224113464,0.75,1913,0.0,0.0
2024-02-27 14:30:00-05:00,0.75,0.75,0.7418000102043152,0.75,1795,0.0,0.0
2024-02-27 15:30:00-05:00,0.7300000190734863,0.75,0.7300000190734863,0.75,0,0.0,0.0
2024-02-28 09:30:00-05:00,0.7305999994277954,0.7321000099182129,0.7200000286102295,0.7299000024795532,37380,0.0,0.0
2024-02-28 10:30:00-05:00,0.7229999899864197,0.7229999899864197,0.699999988079071,0.703499972820282,14519,0.0,0.0
2024-02-28 11:30:00-05:00,0.7149999737739563,0.7348999977111816,0.7035999894142151,0.7348999977111816,14254,0.0,0.0
2024-02-28 12:30:00-05:00,0.7050999999046326,0.7350000143051147,0.7050999999046326,0.710099995136261,4168,0.0,0.0
2024-02-28 13:30:00-05:00,0.7200000286102295,0.7200000286102295,0.7200000286102295,0.7200000286102295,534,0.0,0.0
2024-02-28 14:30:00-05:00,0.7200000286102295,0.7350000143051147,0.7099999785423279,0.7109000086784363,5792,0.0,0.0
2024-02-28 15:30:00-05:00,0.7109000086784363,0.7300000190734863,0.7109000086784363,0.7275999784469604,2548,0.0,0.0
2024-02-29 09:30:00-05:00,0.7200000286102295,0.7275999784469604,0.680899977684021,0.6899999976158142,33591,0.0,0.0
2024-02-29 10:30:00-05:00,0.699999988079071,0.7275999784469604,0.699999988079071,0.7099999785423279,9434,0.0,0.0
2024-02-29 11:30:00-05:00,0.7099000215530396,0.7099000215530396,0.70169997215271,0.70169997215271,10405,0.0,0.0
2024-02-29 12:30:00-05:00,0.699999988079071,0.699999988079071,0.6949999928474426,0.699999988079071,6621,0.0,0.0
2024-02-29 13:30:00-05:00,0.7001000046730042,0.7275999784469604,0.6949999928474426,0.7275999784469604,3310,0.0,0.0
2024-02-29 14:30:00-05:00,0.7001000046730042,0.7275999784469604,0.699999988079071,0.7100009918212891,3458,0.0,0.0
2024-02-29 15:30:00-05:00,0.7001000046730042,0.7099999785423279,0.6899999976158142,0.704800009727478,12228,0.0,0.0
2024-03-01 09:30:00-05:00,0.7139999866485596,0.7139999866485596,0.6800000071525574,0.6800000071525574,3014,0.0,0.0
2024-03-01 10:30:00-05:00,0.6800000071525574,0.699999988079071,0.6800000071525574,0.6851999759674072,15840,0.0,0.0
2024-03-01 11:30:00-05:00,0.6852999925613403,0.7038999795913696,0.6852999925613403,0.6999490261077881,4483,0.0,0.0
2024-03-01 12:30:00-05:00,0.6899999976158142,0.7095000147819519,0.6899999976158142,0.6998999714851379,3146,0.0,0.0
2024-03-01 13:30:00-05:00,0.6998999714851379,0.7049000263214111,0.6899999976158142,0.7049000263214111,2840,0.0,0.0
2024-03-01 14:30:00-05:00,0.704800009727478,0.7089999914169312,0.6804999709129333,0.6887120008468628,20268,0.0,0.0
2024-03-01 15:30:00-05:00,0.6855000257492065,0.6899999976158142,0.6855000257492065,0.6898499727249146,3261,0.0,0.0
2024-03-04 09:30:00-05:00,0.6912000179290771,0.7099999785423279,0.6700000166893005,0.6700000166893005,35642,0.0,0.0
2024-03-04 10:30:00-05:00,0.6600000262260437,0.6614000201225281,0.6399999856948853,0.6499000191688538,10900,0.0,0.0
2024-03-04 11:30:00-05:00,0.6499000191688538,0.680400013923645,0.6407999992370605,0.6600000262260437,20646,0.0,0.0
2024-03-04 12:30:00-05:00,0.6600000262260437,0.6600000262260437,0.6499999761581421,0.6510000228881836,4985,0.0,0.0
2024-03-04 13:30:00-05:00,0.6510000228881836,0.676800012588501,0.6510000228881836,0.676800012588501,1804,0.0,0.0
2024-03-04 14:30:00-05:00,0.6657999753952026,0.6952999830245972,0.6657999753952026,0.6805999875068665,7282,0.0,0.0
2024-03-04 15:30:00-05:00,0.6805999875068665,0.7099999785423279,0.6520000100135803,0.699999988079071,101160,0.0,0.0
2024-03-05 09:30:00-05:00,0.6887000203132629,0.7098000049591064,0.6611999869346619,0.6779999732971191,9466,0.0,0.0
2024-03-05 10:30:00-05:00,0.6800000071525574,0.699999988079071,0.6650000214576721,0.699999988079071,12677,0.0,0.0
2024-03-05 11:30:00-05:00,0.6919999718666077,0.6919999718666077,0.6700000166893005,0.6700000166893005,12838,0.0,0.0
2024-03-05 13:30:00-05:00,0.6800000071525574,0.699999988079071,0.6800000071525574,0.699999988079071,35551,0.0,0.0
2024-03-05 14:30:00-05:00,0.699999988079071,0.7001000046730042,0.6800000071525574,0.6800000071525574,14613,0.0,0.0
2024-03-05 15:30:00-05:00,0.7049999833106995,0.7200000286102295,0.704800009727478,0.7199000120162964,66363,0.0,0.0
2024-03-06 09:30:00-05:00,0.7088000178337097,0.75,0.7088000178337097,0.7403180003166199,33764,0.0,0.0
2024-03-06 10:30:00-05:00,0.7412999868392944,0.7459999918937683,0.7149999737739563,0.7181000113487244,12073,0.0,0.0
2024-03-06 11:30:00-05:00,0.7289999723434448,0.7400000095367432,0.7211999893188477,0.7211999893188477,598,0.0,0.0
2024-03-06 12:30:00-05:00,0.7211999893188477,0.7211999893188477,0.7211999893188477,0.7211999893188477,150,0.0,0.0
2024-03-06 13:30:00-05:00,0.7300000190734863,0.7300000190734863,0.7181000113487244,0.7181000113487244,9439,0.0,0.0
2024-03-06 14:30:00-05:00,0.7182999849319458,0.7300000190734863,0.7182999849319458,0.7300000190734863,20924,0.0,0.0
2024-03-06 15:30:00-05:00,0.7379999756813049,0.75,0.734000027179718,0.7400000095367432,117897,0.0,0.0
2024-03-07 09:30:00-05:00,0.7261999845504761,0.75,0.7200000286102295,0.7200999855995178,19021,0.0,0.0
2024-03-07 10:30:00-05:00,0.7202000021934509,0.7400000095367432,0.7202000021934509,0.7206000089645386,3444,0.0,0.0
2024-03-07 11:30:00-05:00,0.7210000157356262,0.7210000157356262,0.7210000157356262,0.7210000157356262,1048,0.0,0.0
2024-03-07 12:30:00-05:00,0.7333999872207642,0.7400000095367432,0.7208999991416931,0.7400000095367432,12810,0.0,0.0
2024-03-07 13:30:00-05:00,0.7254800200462341,0.75,0.7206000089645386,0.7462000250816345,31970,0.0,0.0
2024-03-07 14:30:00-05:00,0.7559999823570251,0.7599999904632568,0.7520999908447266,0.7522000074386597,15423,0.0,0.0
2024-03-07 15:30:00-05:00,0.7522000074386597,0.7635999917984009,0.7520999908447266,0.7598999738693237,0,0.0,0.0
2024-03-08 09:30:00-05:00,0.7586280107498169,0.7599999904632568,0.7200000286102295,0.7541999816894531,50023,0.0,0.0
2024-03-08 10:30:00-05:00,0.7381500005722046,0.7590000033378601,0.7221009731292725,0.7228000164031982,19284,0.0,0.0
2024-03-08 11:30:00-05:00,0.7444999814033508,0.7444999814033508,0.722599983215332,0.7329000234603882,20291,0.0,0.0
2024-03-08 12:30:00-05:00,0.7228000164031982,0.7228000164031982,0.7113000154495239,0.7153329849243164,15144,0.0,0.0
2024-03-08 13:30:00-05:00,0.725600004196167,0.725600004196167,0.725600004196167,0.725600004196167,653,0.0,0.0
2024-03-08 14:30:00-05:00,0.7443000078201294,0.7443000078201294,0.7232999801635742,0.7350000143051147,10887,0.0,0.0
2024-03-08 15:30:00-05:00,0.7131999731063843,0.7300999760627747,0.7099999785423279,0.7300999760627747,8318,0.0,0.0
2024-03-11 09:30:00-04:00,0.7160999774932861,0.7200000286102295,0.6902999877929688,0.699999988079071,27320,0.0,0.0
2024-03-11 10:30:00-04:00,0.6955000162124634,0.7196990251541138,0.6955000162124634,0.6956999897956848,3256,0.0,0.0
2024-03-11 11:30:00-04:00,0.6960999965667725,0.7081000208854675,0.6960999965667725,0.7081000208854675,883,0.0,0.0
2024-03-11 12:30:00-04:00,0.7081000208854675,0.7081000208854675,0.7001000046730042,0.7001000046730042,1656,0.0,0.0
2024-03-11 13:30:00-04:00,0.7099000215530396,0.7200000286102295,0.7099000215530396,0.7099999785423279,10093,0.0,0.0
2024-03-11 14:30:00-04:00,0.7200000286102295,0.734000027179718,0.7200000286102295,0.734000027179718,8748,0.0,0.0
2024-03-11 15:30:00-04:00,0.734000027179718,0.734000027179718,0.734000027179718,0.734000027179718,0,0.0,0.0
2024-03-12 09:30:00-04:00,0.7400000095367432,0.7400000095367432,0.7200000286102295,0.7400000095367432,67949,0.0,0.0
2024-03-12 10:30:00-04:00,0.7200000286102295,0.7570000290870667,0.7200000286102295,0.7533000111579895,18059,0.0,0.0
2024-03-12 11:30:00-04:00,0.7534000277519226,0.7599999904632568,0.7501000165939331,0.7599999904632568,16340,0.0,0.0
2024-03-12 12:30:00-04:00,0.7501000165939331,0.7799999713897705,0.75,0.75,51557,0.0,0.0
2024-03-12 13:30:00-04:00,0.7710000276565552,0.7710000276565552,0.7605000138282776,0.7609999775886536,60672,0.0,0.0
2024-03-12 14:30:00-04:00,0.760001003742218,0.760001003742218,0.7599999904632568,0.7599999904632568,838,0.0,0.0
2024-03-12 15:30:00-04:00,0.7599999904632568,0.7599999904632568,0.7501999735832214,0.7501999735832214,0,0.0,0.0
2024-03-13 09:30:00-04:00,0.7595000267028809,0.7599999904632568,0.7379000186920166,0.7379000186920166,51194,0.0,0.0
2024-03-13 10:30:00-04:00,0.7379000186920166,0.7379000186920166,0.7379000186920166,0.7379000186920166,413,0.0,0.0
2024-03-13 11:30:00-04:00,0.7400000095367432,0.75,0.7400000095367432,0.7440000176429749,3762,0.0,0.0
2024-03-13 12:30:00-04:00,0.7520009875297546,0.7520009875297546,0.75,0.75,1488,0.0,0.0
2024-03-13 13:30:00-04:00,0.7501999735832214,0.7501999735832214,0.7501999735832214,0.7501999735832214,4600,0.0,0.0
2024-03-13 14:30:00-04:00,0.7597000002861023,0.7749999761581421,0.7597000002861023,0.7599999904632568,12554,0.0,0.0
2024-03-13 15:30:00-04:00,0.7734000086784363,0.7734000086784363,0.7501999735832214,0.7501999735832214,6401,0.0,0.0
2024-03-14 09:30:00-04:00,0.7630000114440918,0.7672669887542725,0.7389000058174133,0.7599999904632568,36555,0.0,0.0
2024-03-14 10:30:00-04:00,0.7601000070571899,0.7799999713897705,0.7601000070571899,0.7720000147819519,59787,0.0,0.0
2024-03-14 11:30:00-04:00,0.7712000012397766,0.7799999713897705,0.7699999809265137,0.7799999713897705,29448,0.0,0.0
2024-03-14 12:30:00-04:00,0.7900000214576721,0.7900000214576721,0.7800999879837036,0.7900000214576721,12522,0.0,0.0
2024-03-14 13:30:00-04:00,0.7900000214576721,0.7900000214576721,0.7663000226020813,0.7663000226020813,8624,0.0,0.0
2024-03-14 14:30:00-04:00,0.7651010155677795,0.7850000262260437,0.7649999856948853,0.7750999927520752,37713,0.0,0.0
2024-03-14 15:30:00-04:00,0.7750999927520752,0.7750999927520752,0.7750999927520752,0.7750999927520752,525,0.0,0.0
2024-03-15 09:30:00-04:00,0.7900000214576721,0.7900000214576721,0.7850000262260437,0.7850000262260437,4106,0.0,0.0
2024-03-15 10:30:00-04:00,0.7799999713897705,0.7997000217437744,0.7799999713897705,0.7800999879837036,5001,0.0,0.0
2024-03-15 11:30:00-04:00,0.7875000238418579,0.7919999957084656,0.7799999713897705,0.7918999791145325,1060,0.0,0.0
2024-03-15 12:30:00-04:00,0.7922000288963318,0.7922000288963318,0.7800999879837036,0.7800999879837036,1958,0.0,0.0
2024-03-15 13:30:00-04:00,0.7900000214576721,0.7900000214576721,0.7814000248908997,0.7814000248908997,289,0.0,0.0
2024-03-15 14:30:00-04:00,0.7900000214576721,0.8100000023841858,0.7900000214576721,0.7900999784469604,12253,0.0,0.0
2024-03-15 15:30:00-04:00,0.8100000023841858,0.8162999749183655,0.800000011920929,0.800000011920929,36402,0.0,0.0
2024-03-18 09:30:00-04:00,0.8199999928474426,0.835099995136261,0.8059999942779541,0.8091999888420105,74208,0.0,0.0
2024-03-18 10:30:00-04:00,0.8061000108718872,0.8061000108718872,0.7900000214576721,0.7900000214576721,14416,0.0,0.0
2024-03-18 11:30:00-04:00,0.8100000023841858,0.8100000023841858,0.7900000214576721,0.7900000214576721,850,0.0,0.0
2024-03-18 12:30:00-04:00,0.7900999784469604,0.7900999784469604,0.7900000214576721,0.7900000214576721,2122,0.0,0.0
2024-03-18 13:30:00-04:00,0.7799999713897705,0.7980999946594238,0.7799999713897705,0.7980999946594238,1635,0.0,0.0
2024-03-18 14:30:00-04:00,0.7980999946594238,0.8050000071525574,0.7980999946594238,0.8022000193595886,31548,0.0,0.0
2024-03-18 15:30:00-04:00,0.8043000102043152,0.8048999905586243,0.800000011920929,0.800000011920929,10459,0.0,0.0
2024-03-19 09:30:00-04:00,0.800000011920929,0.800000011920929,0.7649999856948853,0.7699999809265137,15800,0.0,0.0
2024-03-19 10:30:00-04:00,0.7894999980926514,0.7900000214576721,0.7699999809265137,0.7699999809265137,5406,0.0,0.0
2024-03-19 11:30:00-04:00,0.7699999809265137,0.7699999809265137,0.7699999809265137,0.7699999809265137,2287,0.0,0.0
2024-03-19 13:30:00-04:00,0.7702000141143799,0.7702000141143799,0.7702000141143799,0.7702000141143799,970,0.0,0.0
2024-03-19 14:30:00-04:00,0.7850000262260437,0.7850000262260437,0.7850000262260437,0.7850000262260437,1315,0.0,0.0
2024-03-19 15:30:00-04:00,0.7850000262260437,0.7850000262260437,0.7735999822616577,0.7735999822616577,23017,0.0,0.0
2024-03-20 09:30:00-04:00,0.7799999713897705,0.8100000023841858,0.7799999713897705,0.7828999757766724,45374,0.0,0.0
2024-03-20 12:30:00-04:00,0.7799999713897705,0.7799999713897705,0.75,0.75,58566,0.0,0.0
2024-03-20 13:30:00-04:00,0.75,0.7699999809265137,0.7409999966621399,0.7699999809265137,3474,0.0,0.0
2024-03-20 14:30:00-04:00,0.789900004863739,0.800000011920929,0.7599999904632568,0.7799999713897705,16679,0.0,0.0
2024-03-20 15:30:00-04:00,0.800000011920929,0.800000011920929,0.760200023651123,0.7627999782562256,3707,0.0,0.0
2024-03-21 09:30:00-04:00,0.800000011920929,0.800000011920929,0.7699999809265137,0.7731000185012817,6205,0.0,0.0
2024-03-21 10:30:00-04:00,0.7860000133514404,0.7860999703407288,0.7627999782562256,0.7627999782562256,27484,0.0,0.0
2024-03-21 11:30:00-04:00,0.7627999782562256,0.7799000144004822,0.7627999782562256,0.7700999975204468,1490,0.0,0.0
2024-03-21 12:30:00-04:00,0.7700999975204468,0.7700999975204468,0.7639999985694885,0.7639999985694885,4130,0.0,0.0
2024-03-21 13:30:00-04:00,0.7641000151634216,0.7641000151634216,0.7599999904632568,0.7599999904632568,5181,0.0,0.0
2024-03-21 14:30:00-04:00,0.7599999904632568,0.8410000205039978,0.7599999904632568,0.8101000189781189,67007,0.0,0.0
2024-03-21 15:30:00-04:00,0.8101000189781189,0.8999999761581421,0.7799999713897705,0.8500000238418579,246537,0.0,0.0
2024-03-22 09:30:00-04:00,0.8276000022888184,0.8299999833106995,0.8129000067710876,0.8129000067710876,7676,0.0,0.0
2024-03-22 10:30:00-04:00,0.8213000297546387,0.8223999738693237,0.8137999773025513,0.8138999938964844,12856,0.0,0.0
2024-03-22 11:30:00-04:00,0.8100000023841858,0.8270000219345093,0.7926999926567078,0.8087000250816345,24114,0.0,0.0
2024-03-22 12:30:00-04:00,0.8009999990463257,0.8009999990463257,0.800000011920929,0.800000011920929,1300,0.0,0.0
2024-03-22 13:30:00-04:00,0.8033000230789185,0.8033000230789185,0.8033000230789185,0.8033000230789185,1271,0.0,0.0
2024-03-22 14:30:00-04:00,0.7932000160217285,0.833299994468689,0.7932000160217285,0.8155999779701233,51510,0.0,0.0
2024-03-22 15:30:00-04:00,0.800000011920929,0.8185999989509583,0.7876999974250793,0.7925999760627747,14939,0.0,0.0
2024-03-25 09:30:00-04:00,0.8115000128746033,0.8115000128746033,0.8029999732971191,0.8039000034332275,5552,0.0,0.0
2024-03-25 10:30:00-04:00,0.7811999917030334,0.8119999766349792,0.7811999917030334,0.8100000023841858,10862,0.0,0.0
2024-03-25 11:30:00-04:00,0.7831000089645386,0.8113999962806702,0.7831000089645386,0.7886000275611877,3021,0.0,0.0
2024-03-25 12:30:00-04:00,0.7886000275611877,0.7886000275611877,0.7749999761581421,0.777899980545044,14282,0.0,0.0
2024-03-25 13:30:00-04:00,0.7749999761581421,0.7878999710083008,0.7749999761581421,0.7878999710083008,3496,0.0,0.0
2024-03-25 14:30:00-04:00,0.7835000157356262,0.7835000157356262,0.7835000157356262,0.7835000157356262,915,0.0,0.0
2024-03-25 15:30:00-04:00,0.7875000238418579,0.7879999876022339,0.7789999842643738,0.7789999842643738,2126,0.0,0.0
2024-03-26 09:30:00-04:00,0.7781000137329102,0.7781000137329102,0.7601000070571899,0.7601000070571899,16090,0.0,0.0
2024-03-26 10:30:00-04:00,0.7601000070571899,0.7601000070571899,0.7601000070571899,0.7601000070571899,713,0.0,0.0
2024-03-26 11:30:00-04:00,0.76910001039505,0.76910001039505,0.75,0.75,7874,0.0,0.0
2024-03-26 12:30:00-04:00,0.75,0.75,0.7458999752998352,0.7458999752998352,4000,0.0,0.0
2024-03-26 13:30:00-04:00,0.7458999752998352,0.7458999752998352,0.7458999752998352,0.7458999752998352,2656,0.0,0.0
2024-03-26 14:30:00-04:00,0.7526000142097473,0.7526000142097473,0.7526000142097473,0.7526000142097473,640,0.0,0.0
2024-03-26 15:30:00-04:00,0.7458999752998352,0.7551000118255615,0.7458999752998352,0.7551000118255615,886,0.0,0.0
2024-03-27 09:30:00-04:00,0.7398999929428101,0.7680000066757202,0.734000027179718,0.734000027179718,7277,0.0,0.0
2024-03-27 10:30:00-04:00,0.7400000095367432,0.7900000214576721,0.7400000095367432,0.7620000243186951,4090,0.0,0.0
2024-03-27 11:30:00-04:00,0.7620000243186951,0.7620000243186951,0.7620000243186951,0.7620000243186951,200,0.0,0.0
2024-03-27 12:30:00-04:00,0.7896999716758728,0.789900004863739,0.7620000243186951,0.789900004863739,2815,0.0,0.0
2024-03-27 13:30:00-04:00,0.789900004863739,0.7900000214576721,0.7623000144958496,0.7900000214576721,2822,0.0,0.0
2024-03-27 14:30:00-04:00,0.7900000214576721,0.7900000214576721,0.776199996471405,0.7900000214576721,1721,0.0,0.0
2024-03-27 15:30:00-04:00,0.7793999910354614,0.7799999713897705,0.7620000243186951,0.7799999713897705,1814,0.0,0.0
2024-03-28 09:30:00-04:00,0.7929999828338623,0.7929999828338623,0.7929999828338623,0.7929999828338623,690,0.0,0.0
2024-03-28 10:30:00-04:00,0.7620000243186951,0.7929999828338623,0.7620000243186951,0.7620000243186951,11566,0.0,0.0
2024-03-28 11:30:00-04:00,0.7609999775886536,0.7760000228881836,0.7609999775886536,0.7760000228881836,1342,0.0,0.0
2024-03-28 12:30:00-04:00,0.7760000228881836,0.7760000228881836,0.7620000243186951,0.7620999813079834,727,0.0,0.0
2024-03-28 13:30:00-04:00,0.7620000243186951,0.7620000243186951,0.7376000285148621,0.7376000285148621,347,0.0,0.0
2024-03-28 14:30:00-04:00,0.7519999742507935,0.7519999742507935,0.7519999742507935,0.7519999742507935,656,0.0,0.0
2024-03-28 15:30:00-04:00,0.7429999709129333,0.75,0.7379999756813049,0.7379999756813049,1812,0.0,0.0
2024-04-01 09:30:00-04:00,0.7749999761581421,0.7749999761581421,0.75,0.75,5960,0.0,0.0
2024-04-01 10:30:00-04:00,0.7549999952316284,0.7549999952316284,0.748199999332428,0.75,1935,0.0,0.0
2024-04-01 11:30:00-04:00,0.7549999952316284,0.7549999952316284,0.75,0.75,2269,0.0,0.0
2024-04-01 12:30:00-04:00,0.75,0.75,0.75,0.75,1199,0.0,0.0
2024-04-01 13:30:00-04:00,0.7404000163078308,0.75,0.7404000163078308,0.75,337,0.0,0.0
2024-04-01 14:30:00-04:00,0.75,0.75,0.7404000163078308,0.7404000163078308,1100,0.0,0.0
2024-04-01 15:30:00-04:00,0.7408000230789185,0.7408000230789185,0.7400000095367432,0.7400000095367432,3953,0.0,0.0
2024-04-02 10:30:00-04:00,0.7300000190734863,0.75,0.7300000190734863,0.75,4509,0.0,0.0
2024-04-02 12:30:00-04:00,0.7319999933242798,0.7321000099182129,0.7319999933242798,0.7321000099182129,9510,0.0,0.0
2024-04-02 13:30:00-04:00,0.7321000099182129,0.7339000105857849,0.7300000190734863,0.7300000190734863,3193,0.0,0.0
2024-04-02 14:30:00-04:00,0.7300000190734863,0.7319999933242798,0.7300000190734863,0.7319999933242798,659,0.0,0.0
2024-04-02 15:30:00-04:00,0.7319999933242798,0.7319999933242798,0.7319999933242798,0.7319999933242798,807,0.0,0.0
2024-04-03 09:30:00-04:00,0.7200000286102295,0.7300999760627747,0.7200000286102295,0.7202000021934509,10337,0.0,0.0
2024-04-03 10:30:00-04:00,0.7200000286102295,0.7200000286102295,0.7006999850273132,0.7006999850273132,8012,0.0,0.0
2024-04-03 11:30:00-04:00,0.7006999850273132,0.7300000190734863,0.6800000071525574,0.7300000190734863,35619,0.0,0.0
2024-04-03 12:30:00-04:00,0.7074999809265137,0.7074999809265137,0.6850000023841858,0.6850000023841858,1392,0.0,0.0
2024-04-03 13:30:00-04:00,0.699999988079071,0.699999988079071,0.6850000023841858,0.6988999843597412,6125,0.0,0.0
2024-04-03 14:30:00-04:00,0.7074999809265137,0.7074999809265137,0.7074999809265137,0.7074999809265137,0,0.0,0.0
2024-04-03 15:30:00-04:00,0.6852999925613403,0.7197999954223633,0.6852999925613403,0.7197999954223633,280,0.0,0.0
2024-04-04 09:30:00-04:00,0.699999988079071,0.7002999782562256,0.699999988079071,0.7002999782562256,2708,0.0,0.0
2024-04-04 10:30:00-04:00,0.7127000093460083,0.7127000093460083,0.7127000093460083,0.7127000093460083,1112,0.0,0.0
2024-04-04 12:30:00-04:00,0.7125999927520752,0.7125999927520752,0.7002999782562256,0.7002999782562256,5300,0.0,0.0
2024-04-04 13:30:00-04:00,0.7002999782562256,0.7002999782562256,0.6901000142097473,0.699999988079071,17207,0.0,0.0
2024-04-04 14:30:00-04:00,0.699999988079071,0.699999988079071,0.6949999928474426,0.699999988079071,1440,0.0,0.0
2024-04-04 15:30:00-04:00,0.7063999772071838,0.7105000019073486,0.7063999772071838,0.708299994468689,2434,0.0,0.0
2024-04-05 09:30:00-04:00,0.7016000151634216,0.7016000151634216,0.6801000237464905,0.6890000104904175,13500,0.0,0.0
2024-04-05 10:30:00-04:00,0.6927000284194946,0.6927000284194946,0.6600000262260437,0.6722999811172485,9369,0.0,0.0
2024-04-05 11:30:00-04:00,0.6729999780654907,0.6729999780654907,0.6729999780654907,0.6729999780654907,504,0.0,0.0
2024-04-05 12:30:00-04:00,0.6899999976158142,0.6899999976158142,0.6800000071525574,0.6800000071525574,15810,0.0,0.0
2024-04-05 13:30:00-04:00,0.6729999780654907,0.6729999780654907,0.6729999780654907,0.6729999780654907,778,0.0,0.0
2024-04-05 14:30:00-04:00,0.6884999871253967,0.6884999871253967,0.6729999780654907,0.6729999780654907,500,0.0,0.0
2024-04-05 15:30:00-04:00,0.6729999780654907,0.6729999780654907,0.6700000166893005,0.6700000166893005,1199,0.0,0.0
2024-04-08 09:30:00-04:00,0.8199999928474426,0.8199999928474426,0.6800000071525574,0.699999988079071,28624,0.0,0.0
2024-04-08 10:30:00-04:00,0.699999988079071,0.699999988079071,0.6917999982833862,0.6945000290870667,2934,0.0,0.0
2024-04-08 11:30:00-04:00,0.6949999928474426,0.6970000267028809,0.6949999928474426,0.6965000033378601,1577,0.0,0.0
2024-04-08 12:30:00-04:00,0.6965000033378601,0.6965000033378601,0.6965000033378601,0.6965000033378601,749,0.0,0.0
2024-04-08 14:30:00-04:00,0.6965000033378601,0.6965000033378601,0.6930000185966492,0.6930000185966492,2235,0.0,0.0
2024-04-09 09:30:00-04:00,0.7300000190734863,0.7300000190734863,0.6901000142097473,0.6901999711990356,2866,0.0,0.0
2024-04-09 10:30:00-04:00,0.6998999714851379,0.6998999714851379,0.6998000144958496,0.6998000144958496,1534,0.0,0.0
2024-04-09 11:30:00-04:00,0.6998999714851379,0.6998999714851379,0.6998999714851379,0.6998999714851379,3395,0.0,0.0
2024-04-09 12:30:00-04:00,0.6906999945640564,0.6906999945640564,0.6906999945640564,0.6906999945640564,1020,0.0,0.0
2024-04-09 13:30:00-04:00,0.699999988079071,0.7199000120162964,0.699999988079071,0.7196000218391418,11849,0.0,0.0
2024-04-09 14:30:00-04:00,0.705299973487854,0.705299973487854,0.705299973487854,0.705299973487854,1425,0.0,0.0
2024-04-10 09:30:00-04:00,0.7254999876022339,0.7254999876022339,0.7174999713897705,0.7174999713897705,3071,0.0,0.0
2024-04-10 10:30:00-04:00,0.6998999714851379,0.7128999829292297,0.6998999714851379,0.7127000093460083,1322,0.0,0.0
2024-04-10 11:30:00-04:00,0.7127000093460083,0.7128999829292297,0.7127000093460083,0.7128999829292297,7741,0.0,0.0
2024-04-10 12:30:00-04:00,0.6899999976158142,0.7128999829292297,0.6899999976158142,0.6901999711990356,1943,0.0,0.0
2024-04-10 13:30:00-04:00,0.7128999829292297,0.7128999829292297,0.7128999829292297,0.7128999829292297,390,0.0,0.0
2024-04-10 14:30:00-04:00,0.6901999711990356,0.7160000205039978,0.6901999711990356,0.6901999711990356,500,0.0,0.0
2024-04-10 15:30:00-04:00,0.7110000252723694,0.7110000252723694,0.7059999704360962,0.7059999704360962,852,0.0,0.0
2024-04-11 09:30:00-04:00,0.6965000033378601,0.7059999704360962,0.6965000033378601,0.7059999704360962,6723,0.0,0.0
2024-04-11 11:30:00-04:00,0.7050999999046326,0.7050999999046326,0.7050999999046326,0.7050999999046326,307,0.0,0.0
2024-04-11 12:30:00-04:00,0.6850000023841858,0.7059999704360962,0.6850000023841858,0.7059999704360962,4221,0.0,0.0
2024-04-11 13:30:00-04:00,0.7052000164985657,0.7052000164985657,0.7052000164985657,0.7052000164985657,1226,0.0,0.0
2024-04-11 15:30:00-04:00,0.7099999785423279,0.7099999785423279,0.7099999785423279,0.7099999785423279,347,0.0,0.0
2024-04-12 09:30:00-04:00,0.7099999785423279,0.7099999785423279,0.6811000108718872,0.6811000108718872,21172,0.0,0.0
2024-04-12 10:30:00-04:00,0.699999988079071,0.699999988079071,0.699999988079071,0.699999988079071,696,0.0,0.0
2024-04-12 11:30:00-04:00,0.699999988079071,0.699999988079071,0.699999988079071,0.699999988079071,1525,0.0,0.0
2024-04-12 14:30:00-04:00,0.6959999799728394,0.6959999799728394,0.6959999799728394,0.6959999799728394,129,0.0,0.0
2024-04-12 15:30:00-04:00,0.6898000240325928,0.6966000199317932,0.6898000240325928,0.6958000063896179,1993,0.0,0.0
2024-04-15 09:30:00-04:00,0.6901000142097473,0.6901999711990356,0.670199990272522,0.675000011920929,35742,0.0,0.0
2024-04-15 10:30:00-04:00,0.670199990272522,0.6790000200271606,0.6611999869346619,0.6779999732971191,8750,0.0,0.0
2024-04-15 11:30:00-04:00,0.6651999950408936,0.6651999950408936,0.6651999950408936,0.6651999950408936,1178,0.0,0.0
2024-04-15 12:30:00-04:00,0.6748999953269958,0.6748999953269958,0.6676999926567078,0.6676999926567078,6408,0.0,0.0
2024-04-16 09:30:00-04:00,0.6603000164031982,0.6700000166893005,0.6200000047683716,0.6200000047683716,13401,0.0,0.0
2024-04-16 10:30:00-04:00,0.6299999952316284,0.6399999856948853,0.6200000047683716,0.6399999856948853,15066,0.0,0.0
2024-04-16 12:30:00-04:00,0.6401000022888184,0.6401000022888184,0.6399999856948853,0.6399999856948853,4424,0.0,0.0
2024-04-16 13:30:00-04:00,0.6401000022888184,0.6401000022888184,0.6301000118255615,0.6301000118255615,3137,0.0,0.0
2024-04-16 15:30:00-04:00,0.6301000118255615,0.6301000118255615,0.6301000118255615,0.6301000118255615,465,0.0,0.0
2024-04-17 09:30:00-04:00,0.6111000180244446,0.6499999761581421,0.6111000180244446,0.6299999952316284,16685,0.0,0.0
2024-04-17 10:30:00-04:00,0.6499999761581421,0.6499999761581421,0.6299999952316284,0.6299999952316284,4196,0.0,0.0
2024-04-17 11:30:00-04:00,0.6299999952316284,0.6301000118255615,0.6299999952316284,0.6301000118255615,0,0.0,0.0
2024-04-17 13:30:00-04:00,0.637499988079071,0.6449000239372253,0.6100000143051147,0.6449000239372253,26571,0.0,0.0
2024-04-17 14:30:00-04:00,0.6133999824523926,0.6291999816894531,0.6133999824523926,0.6291999816894531,1478,0.0,0.0
2024-04-18 09:30:00-04:00,0.6152999997138977,0.6204000115394592,0.6152999997138977,0.6204000115394592,997,0.0,0.0
2024-04-18 10:30:00-04:00,0.6209999918937683,0.6279000043869019,0.6100000143051147,0.6200000047683716,4742,0.0,0.0
2024-04-18 11:30:00-04:00,0.6078000068664551,0.6100000143051147,0.6078000068664551,0.6100000143051147,9810,0.0,0.0
2024-04-18 12:30:00-04:00,0.6182000041007996,0.6182000041007996,0.6182000041007996,0.6182000041007996,0,0.0,0.0
2024-04-18 13:30:00-04:00,0.6105999946594238,0.6105999946594238,0.6105999946594238,0.6105999946594238,1124,0.0,0.0
2024-04-18 15:30:00-04:00,0.6107000112533569,0.630299985408783,0.6105999946594238,0.630299985408783,695,0.0,0.0
2024-04-19 09:30:00-04:00,0.6032999753952026,0.6466000080108643,0.6032999753952026,0.6466000080108643,5918,0.0,0.0
2024-04-19 10:30:00-04:00,0.617900013923645,0.617900013923645,0.6177999973297119,0.6177999973297119,1535,0.0,0.0
2024-04-19 11:30:00-04:00,0.6169999837875366,0.6169999837875366,0.6050999760627747,0.6050999760627747,3603,0.0,0.0
2024-04-19 12:30:00-04:00,0.6141999959945679,0.6201000213623047,0.6141999959945679,0.6201000213623047,338,0.0,0.0
2024-04-19 13:30:00-04:00,0.6060000061988831,0.6060000061988831,0.6060000061988831,0.6060000061988831,350,0.0,0.0
2024-04-19 15:30:00-04:00,0.6201000213623047,0.6395999789237976,0.6201000213623047,0.6395999789237976,1199,0.0,0.0
2024-04-22 09:30:00-04:00,0.6401000022888184,0.6499999761581421,0.6011999845504761,0.6419000029563904,9325,0.0,0.0
2024-04-22 10:30:00-04:00,0.6050000190734863,0.6399999856948853,0.6050000190734863,0.6399999856948853,6287,0.0,0.0
2024-04-22 11:30:00-04:00,0.6399999856948853,0.6399999856948853,0.6205000281333923,0.6205000281333923,1815,0.0,0.0
2024-04-22 12:30:00-04:00,0.6380000114440918,0.6399999856948853,0.6225000023841858,0.6399000287055969,1238,0.0,0.0
2024-04-22 15:30:00-04:00,0.6399999856948853,0.6399999856948853,0.6362000107765198,0.6362000107765198,426,0.0,0.0
2024-04-23 09:30:00-04:00,0.6409000158309937,0.6409000158309937,0.6315000057220459,0.6315000057220459,16293,0.0,0.0
2024-04-23 10:30:00-04:00,0.6299999952316284,0.6299999952316284,0.6200000047683716,0.6200000047683716,2940,0.0,0.0
2024-04-23 11:30:00-04:00,0.6489999890327454,0.7350000143051147,0.6489999890327454,0.699999988079071,79210,0.0,0.0
2024-04-23 12:30:00-04:00,0.660099983215332,0.6823999881744385,0.6600000262260437,0.664900004863739,6907,0.0,0.0
2024-04-23 13:30:00-04:00,0.664900004863739,0.664900004863739,0.664900004863739,0.664900004863739,18800,0.0,0.0
2024-04-23 14:30:00-04:00,0.6825000047683716,0.6990000009536743,0.6779999732971191,0.6990000009536743,0,0.0,0.0
2024-04-23 15:30:00-04:00,0.6990000009536743,0.6990000009536743,0.682200014591217,0.682200014591217,239,0.0,0.0
2024-04-24 09:30:00-04:00,0.6299999952316284,0.6500999927520752,0.6299999952316284,0.6499999761581421,20081,0.0,0.0
2024-04-24 10:30:00-04:00,0.6498000025749207,0.6499999761581421,0.6378999948501587,0.6499999761581421,8151,0.0,0.0
2024-04-24 11:30:00-04:00,0.6499999761581421,0.6499999761581421,0.6499999761581421,0.6499999761581421,904,0.0,0.0
2024-04-24 13:30:00-04:00,0.6798999905586243,0.6800000071525574,0.6499999761581421,0.6800000071525574,657,0.0,0.0
2024-04-24 14:30:00-04:00,0.6798999905586243,0.6798999905586243,0.6798999905586243,0.6798999905586243,0,0.0,0.0
2024-04-24 15:30:00-04:00,0.670799970626831,0.670799970626831,0.670799970626831,0.670799970626831,30137,0.0,0.0
2024-04-25 09:30:00-04:00,0.6988999843597412,0.7044000029563904,0.6830000281333923,0.6830000281333923,5980,0.0,0.0
2024-04-25 10:30:00-04:00,0.6815000176429749,0.6998999714851379,0.6804999709129333,0.6998000144958496,8560,0.0,0.0
2024-04-25 11:30:00-04:00,0.6699000000953674,0.6699000000953674,0.6604999899864197,0.6604999899864197,1066,0.0,0.0
2024-04-25 12:30:00-04:00,0.6610999703407288,0.6610999703407288,0.6610000133514404,0.6610000133514404,4398,0.0,0.0
2024-04-25 13:30:00-04:00,0.6610000133514404,0.6998000144958496,0.6610000133514404,0.6610000133514404,751,0.0,0.0
2024-04-25 15:30:00-04:00,0.6610000133514404,0.6998000144958496,0.6610000133514404,0.6610000133514404,957,0.0,0.0
2024-04-26 09:30:00-04:00,0.6710000038146973,0.6710000038146973,0.6100000143051147,0.6119999885559082,21875,0.0,0.0
2024-04-26 11:30:00-04:00,0.6545000076293945,0.6600000262260437,0.6545000076293945,0.6600000262260437,1104,0.0,0.0
2024-04-26 12:30:00-04:00,0.6625000238418579,0.6800000071525574,0.6625000238418579,0.6800000071525574,2407,0.0,0.0
2024-04-26 13:30:00-04:00,0.6800000071525574,0.6800000071525574,0.6740000247955322,0.6800000071525574,850,0.0,0.0
2024-04-26 14:30:00-04:00,0.6740999817848206,0.6800000071525574,0.6740999817848206,0.6800000071525574,4356,0.0,0.0
2024-04-26 15:30:00-04:00,0.6793000102043152,0.6793000102043152,0.6793000102043152,0.6793000102043152,187,0.0,0.0
2024-04-29 09:30:00-04:00,0.7009999752044678,0.7199000120162964,0.6930000185966492,0.6930000185966492,11594,0.0,0.0
2024-04-29 11:30:00-04:00,0.691100001335144,0.6998000144958496,0.691100001335144,0.6912000179290771,2602,0.0,0.0
2024-04-29 12:30:00-04:00,0.6898999810218811,0.6898999810218811,0.6898999810218811,0.6898999810218811,1049,0.0,0.0
2024-04-29 13:30:00-04:00,0.6801000237464905,0.6801000237464905,0.6801000237464905,0.6801000237464905,679,0.0,0.0
2024-04-30 09:30:00-04:00,0.6901000142097473,0.6901000142097473,0.656000018119812,0.656000018119812,8383,0.0,0.0
2024-04-30 10:30:00-04:00,0.656000018119812,0.656000018119812,0.656000018119812,0.656000018119812,5372,0.0,0.0
2024-04-30 11:30:00-04:00,0.656000018119812,0.656000018119812,0.656000018119812,0.656000018119812,2125,0.0,0.0
2024-04-30 12:30:00-04:00,0.6600000262260437,0.6600000262260437,0.6600000262260437,0.6600000262260437,1849,0.0,0.0
2024-04-30 13:30:00-04:00,0.6798999905586243,0.6798999905586243,0.6798999905586243,0.6798999905586243,6835,0.0,0.0
2024-04-30 14:30:00-04:00,0.6800000071525574,0.6800000071525574,0.6800000071525574,0.6800000071525574,5400,0.0,0.0
2024-04-30 15:30:00-04:00,0.6899999976158142,0.6899999976158142,0.6899999976158142,0.6899999976158142,0,0.0,0.0
2024-05-01 09:30:00-04:00,0.6610999703407288,0.6669999957084656,0.6610999703407288,0.6669999957084656,0,0.0,0.0
2024-05-01 10:30:00-04:00,0.6650999784469604,0.6650999784469604,0.6650999784469604,0.6650999784469604,2634,0.0,0.0
2024-05-01 12:30:00-04:00,0.6851000189781189,0.6851000189781189,0.6851000189781189,0.6851000189781189,154,0.0,0.0
2024-05-01 15:30:00-04:00,0.6800000071525574,0.6851000189781189,0.6800000071525574,0.6850000023841858,3037,0.0,0.0
2024-05-02 09:30:00-04:00,0.6790000200271606,0.6790000200271606,0.6790000200271606,0.6790000200271606,212,0.0,0.0
2024-05-02 10:30:00-04:00,0.6808000206947327,0.6988999843597412,0.6808000206947327,0.680899977684021,1244,0.0,0.0
2024-05-02 13:30:00-04:00,0.680899977684021,0.680899977684021,0.680899977684021,0.680899977684021,2413,0.0,0.0
2024-05-03 09:30:00-04:00,0.690500020980835,0.7020000219345093,0.6815000176429749,0.7020000219345093,12260,0.0,0.0
2024-05-03 10:30:00-04:00,0.6818000078201294,0.7019000053405762,0.6818000078201294,0.7019000053405762,2524,0.0,0.0
2024-05-03 11:30:00-04:00,0.6847000122070312,0.7009000182151794,0.6456000208854675,0.6456000208854675,10721,0.0,0.0
2024-05-03 12:30:00-04:00,0.6480000019073486,0.6480000019073486,0.6480000019073486,0.6480000019073486,416,0.0,0.0
2024-05-03 14:30:00-04:00,0.6899999976158142,0.6899999976158142,0.6899999976158142,0.6899999976158142,200,0.0,0.0
2024-05-03 15:30:00-04:00,0.6491000056266785,0.682699978351593,0.6491000056266785,0.682699978351593,401,0.0,0.0
2024-05-06 09:30:00-04:00,0.6800000071525574,0.6800000071525574,0.6800000071525574,0.6800000071525574,0,0.0,0.0
2024-05-06 10:30:00-04:00,0.6800000071525574,0.682699978351593,0.6600000262260437,0.6600000262260437,1665,0.0,0.0
2024-05-06 11:30:00-04:00,0.6700000166893005,0.6700000166893005,0.6700000166893005,0.6700000166893005,1839,0.0,0.0
2024-05-06 12:30:00-04:00,0.6700999736785889,0.671999990940094,0.6668999791145325,0.671999990940094,1197,0.0,0.0
2024-05-06 15:30:00-04:00,0.6779000163078308,0.6779000163078308,0.6779000163078308,0.6779000163078308,671,0.0,0.0
2024-05-07 09:30:00-04:00,0.6899999976158142,0.6899999976158142,0.6891999840736389,0.6899999976158142,2888,0.0,0.0
2024-05-07 10:30:00-04:00,0.6809999942779541,0.699999988079071,0.6809999942779541,0.699999988079071,790,0.0,0.0
2024-05-07 11:30:00-04:00,0.7049999833106995,0.8184999823570251,0.7049999833106995,0.7900000214576721,139636,0.0,0.0
2024-05-07 12:30:00-04:00,0.7900000214576721,0.7900000214576721,0.7799000144004822,0.7799000144004822,2267,0.0,0.0
2024-05-07 13:30:00-04:00,0.7788000106811523,0.7788000106811523,0.7660999894142151,0.7660999894142151,7608,0.0,0.0
2024-05-07 14:30:00-04:00,0.7639999985694885,0.7639999985694885,0.7009999752044678,0.7009999752044678,957,0.0,0.0
2024-05-07 15:30:00-04:00,0.7365000247955322,0.7584999799728394,0.7365000247955322,0.7584999799728394,1897,0.0,0.0
2024-05-08 09:30:00-04:00,0.7578999996185303,0.7578999996185303,0.7250000238418579,0.7250000238418579,5561,0.0,0.0
2024-05-08 10:30:00-04:00,0.7246999740600586,0.7246999740600586,0.7128999829292297,0.7128999829292297,954,0.0,0.0
2024-05-08 13:30:00-04:00,0.710099995136261,0.7128999829292297,0.7002999782562256,0.7128999829292297,11597,0.0,0.0
2024-05-08 14:30:00-04:00,0.7128999829292297,0.7128999829292297,0.7128999829292297,0.7128999829292297,1124,0.0,0.0
2024-05-08 15:30:00-04:00,0.7121999859809875,0.7121999859809875,0.7121999859809875,0.7121999859809875,2000,0.0,0.0
2024-05-09 09:30:00-04:00,0.7099999785423279,0.7099999785423279,0.7099999785423279,0.7099999785423279,8818,0.0,0.0
2024-05-09 10:30:00-04:00,0.7128999829292297,0.7599999904632568,0.7038999795913696,0.7045000195503235,13287,0.0,0.0
2024-05-09 11:30:00-04:00,0.7055000066757202,0.7055000066757202,0.7055000066757202,0.7055000066757202,3230,0.0,0.0
2024-05-09 12:30:00-04:00,0.7488999962806702,0.7488999962806702,0.7055000066757202,0.7055000066757202,1492,0.0,0.0
2024-05-09 13:30:00-04:00,0.7398999929428101,0.7398999929428101,0.7300000190734863,0.7300000190734863,4033,0.0,0.0
2024-05-09 14:30:00-04:00,0.7200000286102295,0.7200000286102295,0.7200000286102295,0.7200000286102295,1904,0.0,0.0
2024-05-09 15:30:00-04:00,0.7389000058174133,0.7389000058174133,0.7389000058174133,0.7389000058174133,338,0.0,0.0
2024-05-10 09:30:00-04:00,0.7301999926567078,0.7301999926567078,0.7099999785423279,0.7120000123977661,8531,0.0,0.0
2024-05-10 11:30:00-04:00,0.7250000238418579,0.7250000238418579,0.7235000133514404,0.7250000238418579,638,0.0,0.0
2024-05-10 12:30:00-04:00,0.7121999859809875,0.7121999859809875,0.7014999985694885,0.7014999985694885,3098,0.0,0.0
2024-05-10 13:30:00-04:00,0.7014999985694885,0.7109000086784363,0.7014999985694885,0.7109000086784363,61,0.0,0.0
2024-05-13 09:30:00-04:00,0.7099999785423279,0.7099999785423279,0.7005000114440918,0.7099999785423279,5233,0.0,0.0
2024-05-13 10:30:00-04:00,0.710099995136261,0.7200000286102295,0.7099000215530396,0.7200000286102295,7562,0.0,0.0
2024-05-13 11:30:00-04:00,0.718999981880188,0.7199000120162964,0.718999981880188,0.7199000120162964,5104,0.0,0.0
2024-05-13 14:30:00-04:00,0.7200000286102295,0.7202000021934509,0.7200000286102295,0.7202000021934509,3113,0.0,0.0
2024-05-13 15:30:00-04:00,0.7300000190734863,0.7300000190734863,0.7300000190734863,0.7300000190734863,256,0.0,0.0
2024-05-14 09:30:00-04:00,0.710099995136261,0.7303000092506409,0.7099999785423279,0.7300999760627747,11823,0.0,0.0
2024-05-14 10:30:00-04:00,0.710099995136261,0.7250999808311462,0.7099999785423279,0.7250999808311462,429,0.0,0.0
2024-05-14 12:30:00-04:00,0.7250000238418579,0.7250999808311462,0.7250000238418579,0.7250999808311462,5014,0.0,0.0
2024-05-15 09:30:00-04:00,0.7400000095367432,0.7400000095367432,0.7394000291824341,0.7394000291824341,0,0.0,0.0
2024-05-15 10:30:00-04:00,0.7213000059127808,0.7261999845504761,0.7213000059127808,0.7261999845504761,2780,0.0,0.0
2024-05-15 11:30:00-04:00,0.7373999953269958,0.7373999953269958,0.7006000280380249,0.7372999787330627,16545,0.0,0.0
2024-05-15 12:30:00-04:00,0.7372999787330627,0.7372999787330627,0.724399983882904,0.724399983882904,742,0.0,0.0
2024-05-15 14:30:00-04:00,0.7372999787330627,0.7372999787330627,0.7114999890327454,0.7372000217437744,783,0.0,0.0
2024-05-16 09:30:00-04:00,0.7067999839782715,0.7300000190734863,0.6909999847412109,0.7300000190734863,12429,0.0,0.0
2024-05-16 10:30:00-04:00,0.7300000190734863,0.7300000190734863,0.7300000190734863,0.7300000190734863,2186,0.0,0.0
2024-05-16 11:30:00-04:00,0.7300000190734863,0.7300000190734863,0.7300000190734863,0.7300000190734863,457,0.0,0.0
2024-05-16 13:30:00-04:00,0.7289999723434448,0.7365999817848206,0.7235000133514404,0.7321000099182129,3294,0.0,0.0
2024-05-16 15:30:00-04:00,0.7099999785423279,0.7099999785423279,0.7099999785423279,0.7099999785423279,169,0.0,0.0
2024-05-17 09:30:00-04:00,0.7501999735832214,0.7590000033378601,0.7451000213623047,0.758899986743927,29915,0.0,0.0
2024-05-17 10:30:00-04:00,0.7494999766349792,0.7587000131607056,0.7493000030517578,0.7587000131607056,14659,0.0,0.0
2024-05-17 11:30:00-04:00,0.7522000074386597,0.7870000004768372,0.7522000074386597,0.7699999809265137,7862,0.0,0.0
2024-05-17 12:30:00-04:00,0.7601000070571899,0.7749999761581421,0.7601000070571899,0.7749999761581421,764,0.0,0.0
2024-05-17 13:30:00-04:00,0.7730000019073486,0.7730000019073486,0.7730000019073486,0.7730000019073486,2000,0.0,0.0
2024-05-17 14:30:00-04:00,0.7749999761581421,0.7900000214576721,0.7599999904632568,0.7684999704360962,11862,0.0,0.0
2024-05-17 15:30:00-04:00,0.7702000141143799,0.7930999994277954,0.7699999809265137,0.7699999809265137,10319,0.0,0.0
2024-05-20 09:30:00-04:00,0.7800999879837036,0.781000018119812,0.7599999904632568,0.7699999809265137,17492,0.0,0.0
2024-05-20 10:30:00-04:00,0.7799999713897705,0.7799999713897705,0.7652000188827515,0.7652000188827515,978,0.0,0.0
2024-05-20 11:30:00-04:00,0.7502999901771545,0.765999972820282,0.7300000190734863,0.75,15143,0.0,0.0
2024-05-20 12:30:00-04:00,0.7450000047683716,0.7699999809265137,0.7450000047683716,0.7699999809265137,510,0.0,0.0
2024-05-20 13:30:00-04:00,0.7300000190734863,0.7699999809265137,0.7300000190734863,0.7696999907493591,3438,0.0,0.0
2024-05-20 14:30:00-04:00,0.7649999856948853,0.7649999856948853,0.7358999848365784,0.7358999848365784,10965,0.0,0.0
2024-05-20 15:30:00-04:00,0.7696999907493591,0.7696999907493591,0.7696999907493591,0.7696999907493591,287,0.0,0.0
2024-05-21 09:30:00-04:00,0.7303000092506409,0.7599999904632568,0.7303000092506409,0.7599999904632568,20628,0.0,0.0
2024-05-21 13:30:00-04:00,0.7450000047683716,0.7450000047683716,0.7450000047683716,0.7450000047683716,642,0.0,0.0
2024-05-21 15:30:00-04:00,0.7598999738693237,0.7598999738693237,0.7598999738693237,0.7598999738693237,194,0.0,0.0
2024-05-22 09:30:00-04:00,0.7200999855995178,0.7599999904632568,0.7200000286102295,0.7599999904632568,0,0.0,0.0
2024-05-22 10:30:00-04:00,0.7599999904632568,0.7699000239372253,0.7020000219345093,0.7590000033378601,17899,0.0,0.0
2024-05-22 13:30:00-04:00,0.710099995136261,0.7340999841690063,0.710099995136261,0.7340999841690063,689,0.0,0.0
2024-05-22 14:30:00-04:00,0.7364000082015991,0.7364000082015991,0.734000027179718,0.734000027179718,2140,0.0,0.0
2024-05-23 09:30:00-04:00,0.7200999855995178,0.7261999845504761,0.7020000219345093,0.7175999879837036,6281,0.0,0.0
2024-05-23 10:30:00-04:00,0.7092000246047974,0.7092000246047974,0.7092000246047974,0.7092000246047974,3495,0.0,0.0
2024-05-23 11:30:00-04:00,0.7261000275611877,0.7261000275611877,0.7177000045776367,0.7177000045776367,2223,0.0,0.0
2024-05-23 12:30:00-04:00,0.7092999815940857,0.7092999815940857,0.7092999815940857,0.7092999815940857,228,0.0,0.0
2024-05-23 13:30:00-04:00,0.7095999717712402,0.7261999845504761,0.7095999717712402,0.7168999910354614,3685,0.0,0.0
2024-05-23 14:30:00-04:00,0.7095999717712402,0.7124999761581421,0.6585000157356262,0.6585000157356262,49477,0.0,0.0
2024-05-23 15:30:00-04:00,0.6585999727249146,0.6585999727249146,0.6299999952316284,0.6299999952316284,43747,0.0,0.0
2024-05-24 09:30:00-04:00,0.6320000290870667,0.6499999761581421,0.6320000290870667,0.6499999761581421,31786,0.0,0.0
2024-05-24 10:30:00-04:00,0.6525999903678894,0.6525999903678894,0.6498000025749207,0.6498000025749207,7242,0.0,0.0
2024-05-24 11:30:00-04:00,0.6499999761581421,0.6499999761581421,0.6499999761581421,0.6499999761581421,719,0.0,0.0
2024-05-24 12:30:00-04:00,0.6499999761581421,0.6499999761581421,0.6499999761581421,0.6499999761581421,265,0.0,0.0
2024-05-24 13:30:00-04:00,0.6499999761581421,0.6499999761581421,0.6399999856948853,0.6485999822616577,3147,0.0,0.0
2024-05-24 14:30:00-04:00,0.6330000162124634,0.6330000162124634,0.6330000162124634,0.6330000162124634,300,0.0,0.0
2024-05-24 15:30:00-04:00,0.6449999809265137,0.6499000191688538,0.6449999809265137,0.6499000191688538,4797,0.0,0.0
2024-05-28 09:30:00-04:00,0.6416000127792358,0.6499999761581421,0.6402000188827515,0.6496999859809875,12142,0.0,0.0
2024-05-28 10:30:00-04:00,0.6413000226020813,0.6413000226020813,0.6413000226020813,0.6413000226020813,7038,0.0,0.0
2024-05-28 13:30:00-04:00,0.6527000069618225,0.6600000262260437,0.6502000093460083,0.6600000262260437,10559,0.0,0.0
2024-05-28 14:30:00-04:00,0.661300003528595,0.6629999876022339,0.6499999761581421,0.6629999876022339,5258,0.0,0.0
2024-05-29 09:30:00-04:00,0.6700000166893005,0.6700000166893005,0.6500999927520752,0.6700000166893005,20421,0.0,0.0
2024-05-29 10:30:00-04:00,0.6500999927520752,0.6697999835014343,0.6500999927520752,0.6600000262260437,6889,0.0,0.0
2024-05-29 11:30:00-04:00,0.6500999927520752,0.6697999835014343,0.6299999952316284,0.6299999952316284,18181,0.0,0.0
2024-05-29 12:30:00-04:00,0.6503999829292297,0.6503999829292297,0.6309999823570251,0.6502000093460083,3274,0.0,0.0
2024-05-29 13:30:00-04:00,0.6502000093460083,0.6502000093460083,0.6399999856948853,0.6401000022888184,0,0.0,0.0
2024-05-29 14:30:00-04:00,0.6690000295639038,0.6690000295639038,0.6690000295639038,0.6690000295639038,204,0.0,0.0
2024-05-30 09:30:00-04:00,0.6406000256538391,0.6480000019073486,0.6310999989509583,0.6312999725341797,9516,0.0,0.0
2024-05-30 10:30:00-04:00,0.6317999958992004,0.6499000191688538,0.6317999958992004,0.6499000191688538,0,0.0,0.0
2024-05-30 11:30:00-04:00,0.6499999761581421,0.6499999761581421,0.6319000124931335,0.6319000124931335,15239,0.0,0.0
2024-05-30 12:30:00-04:00,0.6450999975204468,0.6450999975204468,0.6449999809265137,0.6449999809265137,1817,0.0,0.0
2024-05-30 13:30:00-04:00,0.6450999975204468,0.6480000019073486,0.6320000290870667,0.6320000290870667,1989,0.0,0.0
2024-05-30 14:30:00-04:00,0.6499999761581421,0.6499999761581421,0.6499999761581421,0.6499999761581421,3205,0.0,0.0
2024-05-30 15:30:00-04:00,0.6499000191688538,0.6499000191688538,0.6499000191688538,0.6499000191688538,746,0.0,0.0
2024-05-31 09:30:00-04:00,0.6499999761581421,0.6499999761581421,0.6401000022888184,0.6452000141143799,3348,0.0,0.0
2024-05-31 10:30:00-04:00,0.6452000141143799,0.6452000141143799,0.6452000141143799,0.6452000141143799,1250,0.0,0.0
2024-05-31 11:30:00-04:00,0.6402999758720398,0.6499000191688538,0.6402999758720398,0.6499000191688538,10859,0.0,0.0
2024-05-31 12:30:00-04:00,0.6403999924659729,0.6403999924659729,0.6403999924659729,0.6403999924659729,940,0.0,0.0
2024-05-31 13:30:00-04:00,0.6498000025749207,0.6499999761581421,0.6450999975204468,0.6499999761581421,586,0.0,0.0
2024-05-31 14:30:00-04:00,0.6403999924659729,0.6499999761581421,0.6402000188827515,0.6474999785423279,5198,0.0,0.0
2024-05-31 15:30:00-04:00,0.6549999713897705,0.6549999713897705,0.6549999713897705,0.6549999713897705,0,0.0,0.0
2024-06-03 09:30:00-04:00,0.6499999761581421,0.6700000166893005,0.6499999761581421,0.6700000166893005,3886,0.0,0.0
2024-06-03 10:30:00-04:00,0.6800000071525574,0.6800000071525574,0.6700999736785889,0.6700999736785889,879,0.0,0.0
2024-06-03 11:30:00-04:00,0.6748999953269958,0.6748999953269958,0.6399999856948853,0.6399999856948853,9204,0.0,0.0
2024-06-03 12:30:00-04:00,0.6499999761581421,0.6499999761581421,0.6499999761581421,0.6499999761581421,1305,0.0,0.0
2024-06-03 13:30:00-04:00,0.6450999975204468,0.6499999761581421,0.6450999975204468,0.6499999761581421,11266,0.0,0.0
2024-06-03 14:30:00-04:00,0.6481999754905701,0.6481999754905701,0.6481999754905701,0.6481999754905701,0,0.0,0.0
2024-06-03 15:30:00-04:00,0.6482999920845032,0.6482999920845032,0.6401000022888184,0.6401000022888184,2201,0.0,0.0
2024-06-04 09:30:00-04:00,0.6449999809265137,0.6600000262260437,0.6449999809265137,0.6449999809265137,3839,0.0,0.0
2024-06-04 10:30:00-04:00,0.6499999761581421,0.6575000286102295,0.6460999846458435,0.6460999846458435,5118,0.0,0.0
2024-06-05 09:30:00-04:00,0.6499999761581421,0.6600000262260437,0.6499999761581421,0.6499999761581421,8306,0.0,0.0
2024-06-05 11:30:00-04:00,0.6499999761581421,0.6499999761581421,0.6460000276565552,0.6460000276565552,2805,0.0,0.0
2024-06-05 12:30:00-04:00,0.6460000276565552,0.6460000276565552,0.6299999952316284,0.6299999952316284,2619,0.0,0.0
2024-06-06 09:30:00-04:00,0.6502000093460083,0.7400000095367432,0.6502000093460083,0.7110000252723694,141455,0.0,0.0
2024-06-06 10:30:00-04:00,0.7200000286102295,0.7501000165939331,0.7099999785423279,0.746999979019165,130835,0.0,0.0
2024-06-06 11:30:00-04:00,0.7400000095367432,0.7400000095367432,0.7400000095367432,0.7400000095367432,1805,0.0,0.0
2024-06-06 12:30:00-04:00,0.7300000190734863,0.7400000095367432,0.7200000286102295,0.7200000286102295,10685,0.0,0.0
2024-06-06 13:30:00-04:00,0.7202000021934509,0.7300000190734863,0.7200999855995178,0.7202000021934509,10532,0.0,0.0
2024-06-06 14:30:00-04:00,0.7279999852180481,0.7279999852180481,0.7200999855995178,0.7202000021934509,1913,0.0,0.0
2024-06-06 15:30:00-04:00,0.722599983215332,0.7300000190734863,0.7202000021934509,0.7269999980926514,7863,0.0,0.0
2024-06-07 09:30:00-04:00,0.699999988079071,0.7398999929428101,0.6904000043869019,0.7249000072479248,18276,0.0,0.0
2024-06-07 10:30:00-04:00,0.7294999957084656,0.8100000023841858,0.7249000072479248,0.7860999703407288,177357,0.0,0.0
2024-06-07 11:30:00-04:00,0.7688999772071838,0.7860999703407288,0.751800000667572,0.7699999809265137,4674,0.0,0.0
2024-06-07 12:30:00-04:00,0.767799973487854,0.767799973487854,0.7461000084877014,0.7461000084877014,11799,0.0,0.0
2024-06-07 13:30:00-04:00,0.75,0.75,0.7423999905586243,0.7462000250816345,9321,0.0,0.0
2024-06-07 14:30:00-04:00,0.744700014591217,0.744700014591217,0.7429999709129333,0.7429999709129333,2875,0.0,0.0
2024-06-07 15:30:00-04:00,0.7439000010490417,0.744700014591217,0.7423999905586243,0.7434999942779541,10728,0.0,0.0
2024-06-10 09:30:00-04:00,0.710099995136261,0.7400000095367432,0.710099995136261,0.7400000095367432,43083,0.0,0.0
2024-06-10 10:30:00-04:00,0.7400000095367432,0.7501000165939331,0.7319999933242798,0.7319999933242798,7227,0.0,0.0
2024-06-10 11:30:00-04:00,0.7360000014305115,0.7360000014305115,0.7049999833106995,0.7110999822616577,25335,0.0,0.0
2024-06-10 12:30:00-04:00,0.7110999822616577,0.7178000211715698,0.7110999822616577,0.7178000211715698,1216,0.0,0.0
2024-06-10 13:30:00-04:00,0.7199000120162964,0.7200000286102295,0.7128000259399414,0.7128000259399414,5784,0.0,0.0
2024-06-10 14:30:00-04:00,0.7099999785423279,0.7099999785423279,0.7077999711036682,0.7077999711036682,3598,0.0,0.0
2024-06-10 15:30:00-04:00,0.7110999822616577,0.7129999995231628,0.7110999822616577,0.7129999995231628,952,0.0,0.0
2024-06-11 09:30:00-04:00,0.710099995136261,0.710099995136261,0.694100022315979,0.694100022315979,6070,0.0,0.0
2024-06-11 10:30:00-04:00,0.6962000131607056,0.7275000214576721,0.6941999793052673,0.7049999833106995,8910,0.0,0.0
2024-06-11 11:30:00-04:00,0.7049999833106995,0.718999981880188,0.694100022315979,0.718999981880188,1302,0.0,0.0
2024-06-11 12:30:00-04:00,0.7124999761581421,0.7139999866485596,0.7124999761581421,0.7139999866485596,302,0.0,0.0
2024-06-12 09:30:00-04:00,0.6980999708175659,0.7300000190734863,0.6980999708175659,0.7006999850273132,16984,0.0,0.0
2024-06-12 10:30:00-04:00,0.7006999850273132,0.7950000166893005,0.6980999708175659,0.7601000070571899,130591,0.0,0.0
2024-06-12 11:30:00-04:00,0.7649999856948853,0.7689999938011169,0.7599999904632568,0.760200023651123,6954,0.0,0.0
2024-06-12 12:30:00-04:00,0.7649999856948853,0.7749999761581421,0.7603999972343445,0.7626000046730042,9480,0.0,0.0
2024-06-12 13:30:00-04:00,0.7649999856948853,0.7688999772071838,0.7623999714851379,0.7630000114440918,6479,0.0,0.0
2024-06-12 14:30:00-04:00,0.7628999948501587,0.7630000114440918,0.7608000040054321,0.7608000040054321,2745,0.0,0.0
2024-06-12 15:30:00-04:00,0.760200023651123,0.7609999775886536,0.7599999904632568,0.7603999972343445,8083,0.0,0.0
2024-06-13 09:30:00-04:00,0.8199999928474426,0.8650000095367432,0.7599999904632568,0.8224999904632568,298096,0.0,0.0
2024-06-13 10:30:00-04:00,0.8100000023841858,0.8100000023841858,0.7099999785423279,0.7099999785423279,66299,0.0,0.0
2024-06-13 11:30:00-04:00,0.8098999857902527,0.8098999857902527,0.7300000190734863,0.7501999735832214,31323,0.0,0.0
2024-06-13 12:30:00-04:00,0.7750999927520752,0.7750999927520752,0.7750999927520752,0.7750999927520752,197,0.0,0.0
2024-06-13 13:30:00-04:00,0.753000020980835,0.753000020980835,0.753000020980835,0.753000020980835,328,0.0,0.0
2024-06-13 15:30:00-04:00,0.7573000192642212,0.7998999953269958,0.7573000192642212,0.7699999809265137,639,0.0,0.0
2024-06-14 09:30:00-04:00,0.7699999809265137,0.7700999975204468,0.7409999966621399,0.7689999938011169,7049,0.0,0.0
2024-06-14 10:30:00-04:00,0.7509999871253967,0.7509999871253967,0.7509999871253967,0.7509999871253967,201,0.0,0.0
2024-06-14 11:30:00-04:00,0.7502999901771545,0.7502999901771545,0.7401000261306763,0.7401000261306763,5100,0.0,0.0
2024-06-14 12:30:00-04:00,0.7549999952316284,0.7549999952316284,0.7400000095367432,0.7404000163078308,14493,0.0,0.0
2024-06-14 13:30:00-04:00,0.7404000163078308,0.75,0.7402999997138977,0.7416999936103821,2501,0.0,0.0
2024-06-14 14:30:00-04:00,0.7450000047683716,0.7450000047683716,0.7402999997138977,0.7402999997138977,796,0.0,0.0
2024-06-14 15:30:00-04:00,0.7402999997138977,0.7402999997138977,0.7124999761581421,0.7124999761581421,2111,0.0,0.0
2024-06-17 09:30:00-04:00,0.75,0.7973999977111816,0.75,0.7832000255584717,61256,0.0,0.0
2024-06-17 10:30:00-04:00,0.7832000255584717,0.7832000255584717,0.7699999809265137,0.7749999761581421,6357,0.0,0.0
2024-06-17 11:30:00-04:00,0.7699999809265137,0.7699999809265137,0.7300000190734863,0.7513999938964844,4900,0.0,0.0
2024-06-17 12:30:00-04:00,0.7513999938964844,0.7675999999046326,0.7513999938964844,0.7675999999046326,5826,0.0,0.0
2024-06-17 15:30:00-04:00,0.7700999975204468,0.7749999761581421,0.7695000171661377,0.7749999761581421,1199,0.0,0.0
2024-06-18 09:30:00-04:00,0.7799999713897705,0.8478000164031982,0.7799999713897705,0.8330000042915344,41469,0.0,0.0
2024-06-18 10:30:00-04:00,0.8307999968528748,0.8700000047683716,0.8299999833106995,0.8501999974250793,47696,0.0,0.0
2024-06-18 11:30:00-04:00,0.8500000238418579,0.8501999974250793,0.8400999903678894,0.8445000052452087,12157,0.0,0.0
2024-06-18 12:30:00-04:00,0.8489000201225281,0.8690000176429749,0.835099995136261,0.835099995136261,12490,0.0,0.0
2024-06-18 13:30:00-04:00,0.8450000286102295,0.8450000286102295,0.8349999785423279,0.8349999785423279,6176,0.0,0.0
2024-06-18 14:30:00-04:00,0.8450000286102295,0.8450000286102295,0.8349999785423279,0.8349999785423279,3088,0.0,0.0
2024-06-20 09:30:00-04:00,0.800000011920929,0.8561000227928162,0.7799999713897705,0.8399999737739563,44037,0.0,0.0
2024-06-20 10:30:00-04:00,0.8500000238418579,0.8500000238418579,0.8402000069618225,0.8450000286102295,1780,0.0,0.0
2024-06-20 11:30:00-04:00,0.840399980545044,0.8449000120162964,0.8403000235557556,0.8403000235557556,2947,0.0,0.0
2024-06-20 12:30:00-04:00,0.8403000235557556,0.8449000120162964,0.8403000235557556,0.8447999954223633,1080,0.0,0.0
2024-06-20 13:30:00-04:00,0.8447999954223633,0.8888000249862671,0.8403000235557556,0.8403000235557556,68627,0.0,0.0
2024-06-20 14:30:00-04:00,0.8403000235557556,0.8403000235557556,0.8201000094413757,0.8325999975204468,15331,0.0,0.0
2024-06-21 09:30:00-04:00,0.859000027179718,0.8709999918937683,0.8220999836921692,0.8220999836921692,42034,0.0,0.0
2024-06-21 10:30:00-04:00,0.8220999836921692,0.8414000272750854,0.8220999836921692,0.8360999822616577,3321,0.0,0.0
2024-06-21 11:30:00-04:00,0.8310999870300293,0.8310999870300293,0.8220000267028809,0.8220000267028809,525,0.0,0.0
2024-06-21 12:30:00-04:00,0.8199999928474426,0.848800003528595,0.8149999976158142,0.8149999976158142,4676,0.0,0.0
2024-06-21 13:30:00-04:00,0.8486999869346619,0.8486999869346619,0.8486999869346619,0.8486999869346619,0,0.0,0.0
2024-06-21 14:30:00-04:00,0.8319000005722046,0.8388000130653381,0.8319000005722046,0.8388000130653381,52300,0.0,0.0
2024-06-21 15:30:00-04:00,0.8155999779701233,0.8155999779701233,0.8155999779701233,0.8155999779701233,190,0.0,0.0
2024-06-24 09:30:00-04:00,0.8600000143051147,0.8889999985694885,0.8500999808311462,0.8650000095367432,83778,0.0,0.0
2024-06-24 10:30:00-04:00,0.8519999980926514,0.8519999980926514,0.8496000170707703,0.8499000072479248,42626,0.0,0.0
2024-06-24 11:30:00-04:00,0.8497999906539917,0.8641999959945679,0.8496000170707703,0.8641999959945679,3710,0.0,0.0
2024-06-24 12:30:00-04:00,0.8641999959945679,0.8641999959945679,0.8501999974250793,0.8501999974250793,2156,0.0,0.0
2024-06-24 13:30:00-04:00,0.8496999740600586,0.8639000058174133,0.8299999833106995,0.8639000058174133,4488,0.0,0.0
2024-06-24 14:30:00-04:00,0.8639000058174133,0.8639000058174133,0.8639000058174133,0.8639000058174133,392,0.0,0.0
2024-06-25 09:30:00-04:00,0.8460000157356262,0.8899999856948853,0.8460000157356262,0.880299985408783,58481,0.0,0.0
2024-06-25 10:30:00-04:00,0.8889999985694885,0.910099983215332,0.8799999952316284,0.910099983215332,18617,0.0,0.0
2024-06-25 11:30:00-04:00,0.8851000070571899,0.9089999794960022,0.8851000070571899,0.9089999794960022,6310,0.0,0.0
2024-06-25 12:30:00-04:00,0.8999999761581421,0.8999999761581421,0.8999999761581421,0.8999999761581421,1043,0.0,0.0
2024-06-25 13:30:00-04:00,0.9100000262260437,0.9100000262260437,0.9100000262260437,0.9100000262260437,3519,0.0,0.0
2024-06-25 15:30:00-04:00,0.9082000255584717,0.9082000255584717,0.8799999952316284,0.8799999952316284,3302,0.0,0.0
2024-06-26 09:30:00-04:00,0.8799999952316284,0.8999999761581421,0.8392999768257141,0.8629999756813049,34809,0.0,0.0
2024-06-26 10:30:00-04:00,0.8522999882698059,0.8629999756813049,0.8434000015258789,0.8629999756813049,2554,0.0,0.0
2024-06-26 11:30:00-04:00,0.875,0.9210000038146973,0.875,0.8999999761581421,105835,0.0,0.0
2024-06-26 12:30:00-04:00,0.9000999927520752,0.9210000038146973,0.9000999927520752,0.9002000093460083,5412,0.0,0.0
2024-06-26 13:30:00-04:00,0.9000999927520752,0.9125999808311462,0.8999999761581421,0.9000999927520752,5784,0.0,0.0
2024-06-26 14:30:00-04:00,0.9049999713897705,0.9049999713897705,0.8899999856948853,0.9021999835968018,7518,0.0,0.0
2024-06-26 15:30:00-04:00,0.9021999835968018,0.9035000205039978,0.8881000280380249,0.8881000280380249,6715,0.0,0.0
2024-06-27 09:30:00-04:00,0.870199978351593,0.8949999809265137,0.870199978351593,0.8949999809265137,7635,0.0,0.0
2024-06-27 10:30:00-04:00,0.8719000220298767,0.8719000220298767,0.8719000220298767,0.8719000220298767,3398,0.0,0.0
2024-06-27 11:30:00-04:00,0.8715999722480774,0.8858000040054321,0.8715999722480774,0.8858000040054321,386,0.0,0.0
2024-06-27 13:30:00-04:00,0.8715999722480774,0.8715999722480774,0.8715999722480774,0.8715999722480774,597,0.0,0.0
2024-06-27 14:30:00-04:00,0.8716999888420105,0.8899999856948853,0.8716999888420105,0.8899999856948853,1466,0.0,0.0
2024-06-27 15:30:00-04:00,0.8899999856948853,0.8899999856948853,0.8716999888420105,0.8716999888420105,855,0.0,0.0
2024-06-28 09:30:00-04:00,0.870199978351593,0.8899999856948853,0.8317000269889832,0.8899999856948853,22715,0.0,0.0
2024-06-28 10:30:00-04:00,0.8899999856948853,0.9020000100135803,0.8799999952316284,0.8894000053405762,11572,0.0,0.0
2024-06-28 13:30:00-04:00,0.8799999952316284,0.8927000164985657,0.8320000171661377,0.8925999999046326,7794,0.0,0.0
2024-06-28 14:30:00-04:00,0.8797000050544739,0.885200023651123,0.8797000050544739,0.885200023651123,6588,0.0,0.0
2024-06-28 15:30:00-04:00,0.8925999999046326,0.8925999999046326,0.8320000171661377,0.8434000015258789,6550,0.0,0.0
2024-07-01 09:30:00-04:00,0.8949000239372253,1.0098999738693237,0.8700000047683716,1.0,784021,0.0,0.0
2024-07-01 10:30:00-04:00,0.9801999926567078,1.0099999904632568,0.9399999976158142,0.9399999976158142,73578,0.0,0.0
2024-07-01 11:30:00-04:00,0.9397000074386597,0.9900000095367432,0.9397000074386597,0.9898999929428101,39060,0.0,0.0
2024-07-01 12:30:00-04:00,0.989799976348877,1.0499999523162842,0.989799976348877,1.0061999559402466,84834,0.0,0.0
2024-07-01 13:30:00-04:00,1.0,1.0299999713897705,0.9700999855995178,1.0099999904632568,26291,0.0,0.0
2024-07-01 14:30:00-04:00,1.0020999908447266,1.0099999904632568,0.9704999923706055,1.0049999952316284,20693,0.0,0.0
2024-07-01 15:30:00-04:00,0.9998999834060669,1.0299999713897705,0.9930999875068665,1.0298999547958374,93403,0.0,0.0
2024-07-02 09:30:00-04:00,0.9430000185966492,0.9430000185966492,0.8799999952316284,0.8999999761581421,64136,0.0,0.0
2024-07-02 10:30:00-04:00,0.9000999927520752,0.9100000262260437,0.8801000118255615,0.8927000164985657,4384,0.0,0.0
2024-07-02 11:30:00-04:00,0.8927000164985657,0.9100000262260437,0.8817999958992004,0.8901000022888184,4650,0.0,0.0
2024-07-02 12:30:00-04:00,0.8999999761581421,0.8999999761581421,0.8801000118255615,0.8809999823570251,4406,0.0,0.0
2024-07-02 13:30:00-04:00,0.8899000287055969,0.9199000000953674,0.8899000287055969,0.9100000262260437,4647,0.0,0.0
2024-07-02 14:30:00-04:00,0.9000999927520752,0.9000999927520752,0.8500000238418579,0.8899999856948853,23085,0.0,0.0
2024-07-02 15:30:00-04:00,0.9199000000953674,0.9700000286102295,0.8902000188827515,0.9700000286102295,11983,0.0,0.0
2024-07-03 09:30:00-04:00,0.9599000215530396,0.9599000215530396,0.880299985408783,0.9150000214576721,11187,0.0,0.0
2024-07-03 10:30:00-04:00,0.8981999754905701,0.914900004863739,0.8981999754905701,0.9139999747276306,9645,0.0,0.0
2024-07-03 11:30:00-04:00,0.902400016784668,0.902400016784668,0.8981999754905701,0.8981999754905701,4235,0.0,0.0
2024-07-05 09:30:00-04:00,0.9150000214576721,0.9422000050544739,0.8700000047683716,0.9068999886512756,30336,0.0,0.0
2024-07-05 10:30:00-04:00,0.9190000295639038,0.9200000166893005,0.895799994468689,0.9043999910354614,3325,0.0,0.0
2024-07-05 11:30:00-04:00,0.902899980545044,0.902899980545044,0.8783000111579895,0.9027000069618225,14036,0.0,0.0
2024-07-05 12:30:00-04:00,0.8791000247001648,0.9200000166893005,0.8791000247001648,0.9190999865531921,7228,0.0,0.0
2024-07-05 13:30:00-04:00,0.9068999886512756,0.9114999771118164,0.9068999886512756,0.9114999771118164,1700,0.0,0.0
2024-07-05 14:30:00-04:00,0.9114000201225281,0.9200000166893005,0.907800018787384,0.9200000166893005,3002,0.0,0.0
2024-07-05 15:30:00-04:00,0.9178000092506409,0.9199000000953674,0.9178000092506409,0.9199000000953674,3264,0.0,0.0
2024-07-08 09:30:00-04:00,0.9100000262260437,0.9300000071525574,0.9100000262260437,0.9103000164031982,17993,0.0,0.0
2024-07-08 10:30:00-04:00,0.9379000067710876,0.9379000067710876,0.9200000166893005,0.9290000200271606,0,0.0,0.0
2024-07-08 12:30:00-04:00,0.9200999736785889,0.9200999736785889,0.9200999736785889,0.9200999736785889,505,0.0,0.0
2024-07-08 13:30:00-04:00,0.9200999736785889,0.925000011920929,0.9200999736785889,0.925000011920929,3377,0.0,0.0
2024-07-08 14:30:00-04:00,0.9294999837875366,0.9296000003814697,0.9248999953269958,0.9248999953269958,4794,0.0,0.0
2024-07-08 15:30:00-04:00,0.9248999953269958,0.9800000190734863,0.9248999953269958,0.9800000190734863,21755,0.0,0.0
2024-07-09 09:30:00-04:00,0.9747999906539917,1.0199999809265137,0.9524000287055969,0.9524000287055969,39610,0.0,0.0
2024-07-09 10:30:00-04:00,1.0,1.0,0.9599999785423279,0.9599999785423279,5302,0.0,0.0
2024-07-09 11:30:00-04:00,0.9599999785423279,1.0,0.9599999785423279,1.0,1309,0.0,0.0
2024-07-09 12:30:00-04:00,0.9799000024795532,1.0199999809265137,0.9799000024795532,1.0099999904632568,12960,0.0,0.0
2024-07-09 13:30:00-04:00,1.0099999904632568,1.0099999904632568,0.9850000143051147,0.9850000143051147,2133,0.0,0.0
2024-07-09 14:30:00-04:00,0.9850000143051147,0.9850000143051147,0.9850000143051147,0.9850000143051147,850,0.0,0.0
2024-07-10 09:30:00-04:00,0.9900000095367432,1.0099999904632568,0.9200000166893005,0.9700000286102295,31990,0.0,0.0
2024-07-10 11:30:00-04:00,0.9700000286102295,0.9700000286102295,0.9700000286102295,0.9700000286102295,670,0.0,0.0
2024-07-10 12:30:00-04:00,0.949999988079071,0.949999988079071,0.9433000087738037,0.9433000087738037,3752,0.0,0.0
2024-07-10 13:30:00-04:00,0.9700000286102295,0.9700000286102295,0.9401999711990356,0.9401999711990356,0,0.0,0.0
2024-07-10 14:30:00-04:00,0.9560999870300293,0.972000002861023,0.9559999704360962,0.972000002861023,1950,0.0,0.0
2024-07-10 15:30:00-04:00,1.0,1.0,0.9717000126838684,0.9717000126838684,3077,0.0,0.0
2024-07-11 09:30:00-04:00,0.9994999766349792,0.9994999766349792,0.9994999766349792,0.9994999766349792,832,0.0,0.0
2024-07-11 10:30:00-04:00,0.9415000081062317,0.9900000095367432,0.941100001335144,0.9900000095367432,1224,0.0,0.0
2024-07-11 11:30:00-04:00,0.9894999861717224,0.9894999861717224,0.9440000057220459,0.9667999744415283,1210,0.0,0.0
2024-07-11 12:30:00-04:00,0.9440000057220459,0.9667999744415283,0.9440000057220459,0.949999988079071,2393,0.0,0.0
2024-07-11 13:30:00-04:00,0.944100022315979,0.944100022315979,0.944100022315979,0.944100022315979,709,0.0,0.0
2024-07-11 14:30:00-04:00,0.9412000179290771,0.9412000179290771,0.9412000179290771,0.9412000179290771,467,0.0,0.0
2024-07-11 15:30:00-04:00,0.9598000049591064,0.9598000049591064,0.9200000166893005,0.9375,1766,0.0,0.0
2024-07-12 09:30:00-04:00,0.9300000071525574,0.9399999976158142,0.9300000071525574,0.9300000071525574,13142,0.0,0.0
2024-07-12 11:30:00-04:00,0.9700000286102295,0.9700000286102295,0.9300000071525574,0.9300000071525574,2553,0.0,0.0
2024-07-12 13:30:00-04:00,0.949999988079071,0.949999988079071,0.949999988079071,0.949999988079071,4300,0.0,0.0
2024-07-12 14:30:00-04:00,0.9200000166893005,0.9350000023841858,0.9200000166893005,0.9350000023841858,1849,0.0,0.0
2024-07-12 15:30:00-04:00,0.9350000023841858,0.9350000023841858,0.9350000023841858,0.9350000023841858,50,0.0,0.0
2024-07-15 09:30:00-04:00,0.9344000220298767,0.9344000220298767,0.9139999747276306,0.9139999747276306,6171,0.0,0.0
2024-07-15 10:30:00-04:00,0.9079999923706055,0.9200000166893005,0.9078999757766724,0.9078999757766724,4137,0.0,0.0
2024-07-15 11:30:00-04:00,0.9200000166893005,0.9200000166893005,0.9199000000953674,0.9199000000953674,1521,0.0,0.0
2024-07-15 13:30:00-04:00,0.9079999923706055,0.921999990940094,0.9078999757766724,0.921999990940094,5545,0.0,0.0
2024-07-15 14:30:00-04:00,0.921999990940094,0.921999990940094,0.9078999757766724,0.9078999757766724,1261,0.0,0.0
2024-07-15 15:30:00-04:00,0.9147999882698059,0.9147999882698059,0.9078999757766724,0.9079999923706055,2430,0.0,0.0
2024-07-16 09:30:00-04:00,0.9799000024795532,0.9998999834060669,0.9300000071525574,0.9695000052452087,8431,0.0,0.0
2024-07-16 11:30:00-04:00,0.9695000052452087,0.9695000052452087,0.9537000060081482,0.9537000060081482,648,0.0,0.0
2024-07-16 12:30:00-04:00,0.9693999886512756,0.9693999886512756,0.9693999886512756,0.9693999886512756,0,0.0,0.0
2024-07-16 13:30:00-04:00,0.9301000237464905,0.9301000237464905,0.9301000237464905,0.9301000237464905,9939,0.0,0.0
2024-07-16 14:30:00-04:00,0.9319999814033508,0.9319999814033508,0.9319999814033508,0.9319999814033508,1047,0.0,0.0
2024-07-17 09:30:00-04:00,0.9696000218391418,0.9715999960899353,0.9696000218391418,0.9715999960899353,2088,0.0,0.0
2024-07-17 10:30:00-04:00,0.960099995136261,0.960099995136261,0.9399999976158142,0.9399999976158142,6521,0.0,0.0
2024-07-17 11:30:00-04:00,0.9399999976158142,0.9399999976158142,0.9399999976158142,0.9399999976158142,803,0.0,0.0
2024-07-17 12:30:00-04:00,0.9399999976158142,0.9800000190734863,0.9399999976158142,0.9800000190734863,2926,0.0,0.0
2024-07-17 13:30:00-04:00,0.9800000190734863,0.9800000190734863,0.9800000190734863,0.9800000190734863,886,0.0,0.0
2024-07-17 14:30:00-04:00,0.9800000190734863,0.9800000190734863,0.9800000190734863,0.9800000190734863,2319,0.0,0.0
2024-07-17 15:30:00-04:00,0.960099995136261,0.960099995136261,0.9599999785423279,0.9599999785423279,1084,0.0,0.0
2024-07-18 09:30:00-04:00,0.9599999785423279,1.0099999904632568,0.9599999785423279,0.9800000190734863,26511,0.0,0.0
2024-07-18 10:30:00-04:00,0.9800000190734863,0.9800000190734863,0.9789999723434448,0.9799000024795532,9539,0.0,0.0
2024-07-18 11:30:00-04:00,0.9990000128746033,1.0099999904632568,0.9900000095367432,1.0,18188,0.0,0.0
2024-07-18 12:30:00-04:00,0.9965999722480774,0.9965999722480774,0.9800000190734863,0.9800000190734863,1107,0.0,0.0
2024-07-18 15:30:00-04:00,0.9898999929428101,0.9898999929428101,0.9800000190734863,0.9898999929428101,856,0.0,0.0
2024-07-19 09:30:00-04:00,0.9750000238418579,0.9958000183105469,0.9302999973297119,0.9958000183105469,13469,0.0,0.0
2024-07-19 10:30:00-04:00,0.9958000183105469,0.9958000183105469,0.9750000238418579,0.9750000238418579,4965,0.0,0.0
2024-07-19 11:30:00-04:00,0.9750000238418579,0.987500011920929,0.9750000238418579,0.987500011920929,2690,0.0,0.0
2024-07-19 12:30:00-04:00,0.987500011920929,0.9998999834060669,0.9501000046730042,0.9501000046730042,5780,0.0,0.0
2024-07-19 13:30:00-04:00,0.9950000047683716,1.0,0.9764999747276306,0.9952999949455261,7192,0.0,0.0
2024-07-19 14:30:00-04:00,0.953000009059906,1.0199999809265137,0.953000009059906,1.019700050354004,35714,0.0,0.0
2024-07-19 15:30:00-04:00,1.0199999809265137,1.0199999809265137,0.960099995136261,0.960099995136261,5437,0.0,0.0
2024-07-22 09:30:00-04:00,0.9452000260353088,1.0099999904632568,0.910099983215332,0.9803000092506409,17939,0.0,0.0
2024-07-22 10:30:00-04:00,0.9800999760627747,0.9801999926567078,0.9800999760627747,0.9801999926567078,1089,0.0,0.0
2024-07-22 11:30:00-04:00,1.0049999952316284,1.0099999904632568,0.9897000193595886,1.0099999904632568,4480,0.0,0.0
2024-07-22 12:30:00-04:00,1.0,1.0,0.9900000095367432,0.9900000095367432,3955,0.0,0.0
2024-07-23 09:30:00-04:00,0.9700000286102295,1.0099999904632568,0.9700000286102295,0.9750999808311462,1089,0.0,0.0
2024-07-23 10:30:00-04:00,0.9879000186920166,1.0099999904632568,0.9879000186920166,1.0,2150,0.0,0.0
2024-07-23 11:30:00-04:00,1.0099999904632568,1.0099999904632568,0.9890000224113464,0.9890000224113464,4016,0.0,0.0
2024-07-23 12:30:00-04:00,1.0099999904632568,1.0099999904632568,1.0,1.0,1140,0.0,0.0
2024-07-23 13:30:00-04:00,1.0098999738693237,1.0180000066757202,1.002500057220459,1.0080000162124634,8807,0.0,0.0
2024-07-23 15:30:00-04:00,1.0099999904632568,1.0099999904632568,1.0099999904632568,1.0099999904632568,745,0.0,0.0
2024-07-24 09:30:00-04:00,1.0321999788284302,1.0499999523162842,1.0299999713897705,1.0499999523162842,4520,0.0,0.0
2024-07-24 10:30:00-04:00,1.0484000444412231,1.059999942779541,1.0299999713897705,1.0399999618530273,5802,0.0,0.0
2024-07-24 11:30:00-04:00,1.0298999547958374,1.0399999618530273,1.0298999547958374,1.034999966621399,6873,0.0,0.0
2024-07-24 12:30:00-04:00,1.0200999975204468,1.0200999975204468,1.0200999975204468,1.0200999975204468,960,0.0,0.0
2024-07-24 13:30:00-04:00,1.0199999809265137,1.0199999809265137,1.0199999809265137,1.0199999809265137,1406,0.0,0.0
2024-07-24 14:30:00-04:00,1.0202000141143799,1.0202000141143799,0.9800000190734863,0.9800000190734863,0,0.0,0.0
2024-07-24 15:30:00-04:00,1.0298000574111938,1.0298000574111938,1.0298000574111938,1.0298000574111938,23491,0.0,0.0
2024-07-25 09:30:00-04:00,1.059999942779541,1.059999942779541,0.9800000190734863,0.9998999834060669,4027,0.0,0.0
2024-07-25 11:30:00-04:00,0.9850999712944031,0.9850999712944031,0.9850999712944031,0.9850999712944031,2777,0.0,0.0
2024-07-25 14:30:00-04:00,0.9919999837875366,0.9919999837875366,0.9919999837875366,0.9919999837875366,823,0.0,0.0
2024-07-25 15:30:00-04:00,1.0199999809265137,1.0199999809265137,1.000100016593933,1.000100016593933,746,0.0,0.0
2024-07-26 09:30:00-04:00,1.0099999904632568,1.0099999904632568,0.9900000095367432,0.9951000213623047,4722,0.0,0.0
2024-07-26 10:30:00-04:00,0.9951000213623047,0.9951000213623047,0.9951000213623047,0.9951000213623047,483,0.0,0.0
2024-07-26 11:30:00-04:00,1.0096999406814575,1.0096999406814575,1.0096999406814575,1.0096999406814575,661,0.0,0.0
2024-07-26 12:30:00-04:00,1.007599949836731,1.007599949836731,1.007599949836731,1.007599949836731,736,0.0,0.0
2024-07-26 13:30:00-04:00,0.9911999702453613,0.9911999702453613,0.991100013256073,0.991100013256073,834,0.0,0.0
2024-07-26 14:30:00-04:00,0.991100013256073,1.0099999904632568,0.991100013256073,1.0099999904632568,2284,0.0,0.0
2024-07-26 15:30:00-04:00,1.0099999904632568,1.0099999904632568,1.0099999904632568,1.0099999904632568,1436,0.0,0.0
2024-07-29 09:30:00-04:00,1.0,1.0700000524520874,1.0,1.0299999713897705,9135,0.0,0.0
2024-07-29 10:30:00-04:00,1.0399999618530273,1.0399999618530273,1.0399999618530273,1.0399999618530273,510,0.0,0.0
2024-07-29 11:30:00-04:00,1.0399999618530273,1.0399999618530273,1.0399999618530273,1.0399999618530273,768,0.0,0.0
2024-07-29 12:30:00-04:00,1.0299999713897705,1.0299999713897705,1.0299999713897705,1.0299999713897705,714,0.0,0.0
2024-07-29 13:30:00-04:00,1.0199999809265137,1.0199999809265137,1.0,1.0198999643325806,5908,0.0,0.0
2024-07-30 09:30:00-04:00,1.0300999879837036,1.0499999523162842,1.0299999713897705,1.0399999618530273,6250,0.0,0.0
2024-07-30 10:30:00-04:00,1.024999976158142,1.024999976158142,1.0199999809265137,1.0199999809265137,2035,0.0,0.0
2024-07-30 11:30:00-04:00,1.0149999856948853,1.0259000062942505,1.0099999904632568,1.0259000062942505,5449,0.0,0.0
2024-07-30 12:30:00-04:00,1.0099999904632568,1.0099999904632568,1.0,1.0003999471664429,2782,0.0,0.0
2024-07-30 13:30:00-04:00,1.0099999904632568,1.0099999904632568,1.0053999423980713,1.0053999423980713,599,0.0,0.0
2024-07-30 15:30:00-04:00,1.0299999713897705,1.0299999713897705,1.0299999713897705,1.0299999713897705,100,0.0,0.0
2024-07-31 09:30:00-04:00,1.2598999738693237,1.4700000286102295,1.059999942779541,1.149999976158142,54069925,0.0,0.0
2024-07-31 10:30:00-04:00,1.149899959564209,1.149999976158142,0.9409999847412109,1.0049999952316284,3473503,0.0,0.0
2024-07-31 11:30:00-04:00,1.000100016593933,1.089900016784668,1.0,1.0405000448226929,897471,0.0,0.0
2024-07-31 12:30:00-04:00,1.0399999618530273,1.059999942779541,1.0099999904632568,1.0200999975204468,365149,0.0,0.0
2024-07-31 13:30:00-04:00,1.0211000442504883,1.0299999713897705,0.9901000261306763,0.9950000047683716,505725,0.0,0.0
2024-07-31 14:30:00-04:00,1.0,1.0099999904632568,0.9901000261306763,1.0049999952316284,397047,0.0,0.0
2024-07-31 15:30:00-04:00,1.0049999952316284,1.0449999570846558,0.960099995136261,1.0199999809265137,811596,0.0,0.0
2024-08-01 09:30:00-04:00,0.8999999761581421,0.9890000224113464,0.8700000047683716,0.8701000213623047,1184034,0.0,0.0
2024-08-01 10:30:00-04:00,0.8700000047683716,0.949999988079071,0.8700000047683716,0.9100000262260437,218365,0.0,0.0
2024-08-01 11:30:00-04:00,0.9100000262260437,0.9287999868392944,0.8799999952316284,0.910099983215332,170460,0.0,0.0
2024-08-01 12:30:00-04:00,0.9143999814987183,0.949999988079071,0.9136999845504761,0.9399999976158142,107857,0.0,0.0
2024-08-01 13:30:00-04:00,0.9399999976158142,0.9866999983787537,0.9154999852180481,0.9800000190734863,227969,0.0,0.0
2024-08-01 14:30:00-04:00,0.9401000142097473,0.9700000286102295,0.8999999761581421,0.9398000240325928,211397,0.0,0.0
2024-08-01 15:30:00-04:00,0.9398000240325928,0.9599999785423279,0.8906000256538391,0.8924000263214111,171263,0.0,0.0
2024-08-02 09:30:00-04:00,0.8557000160217285,0.9266999959945679,0.850600004196167,0.8999999761581421,289843,0.0,0.0
2024-08-02 10:30:00-04:00,0.9004999995231628,0.9266999959945679,0.8700000047683716,0.8989999890327454,91224,0.0,0.0
2024-08-02 11:30:00-04:00,0.8980000019073486,0.9196000099182129,0.8700000047683716,0.9193999767303467,69893,0.0,0.0
2024-08-02 12:30:00-04:00,0.9193999767303467,0.9193999767303467,0.8794999718666077,0.8999999761581421,55010,0.0,0.0
2024-08-02 13:30:00-04:00,0.8925999999046326,0.8999999761581421,0.8610000014305115,0.8955000042915344,71541,0.0,0.0
2024-08-02 14:30:00-04:00,0.8700000047683716,0.8899999856948853,0.8399999737739563,0.8400999903678894,100295,0.0,0.0
2024-08-02 15:30:00-04:00,0.8400999903678894,0.8792999982833862,0.8202999830245972,0.8205000162124634,85809,0.0,0.0
2024-08-05 09:30:00-04:00,0.6704999804496765,0.6998999714851379,0.6200000047683716,0.6570000052452087,506492,0.0,0.0
2024-08-05 10:30:00-04:00,0.6434999704360962,0.6800000071525574,0.6301000118255615,0.670199990272522,43813,0.0,0.0
2024-08-05 11:30:00-04:00,0.6748999953269958,0.6800000071525574,0.6399999856948853,0.6600000262260437,55010,0.0,0.0
2024-08-05 12:30:00-04:00,0.6700000166893005,0.6700000166893005,0.6499999761581421,0.6500999927520752,75323,0.0,0.0
2024-08-05 13:30:00-04:00,0.6500999927520752,0.6899999976158142,0.6500999927520752,0.6751000285148621,32692,0.0,0.0
2024-08-05 14:30:00-04:00,0.6876000165939331,0.6876000165939331,0.6700999736785889,0.6801000237464905,7438,0.0,0.0
2024-08-05 15:30:00-04:00,0.6801000237464905,0.6899999976158142,0.6700000166893005,0.6700999736785889,17017,0.0,0.0
2024-08-06 09:30:00-04:00,0.6800000071525574,0.6800000071525574,0.6499000191688538,0.6547999978065491,123077,0.0,0.0
2024-08-06 10:30:00-04:00,0.654699981212616,0.6708999872207642,0.6500999927520752,0.6678000092506409,19459,0.0,0.0
2024-08-06 11:30:00-04:00,0.6700999736785889,0.7300000190734863,0.6700000166893005,0.7300000190734863,45691,0.0,0.0
2024-08-06 12:30:00-04:00,0.7400000095367432,0.75,0.699999988079071,0.75,53195,0.0,0.0
2024-08-06 13:30:00-04:00,0.75,0.7688999772071838,0.7106999754905701,0.7599999904632568,51708,0.0,0.0
2024-08-06 14:30:00-04:00,0.7440000176429749,0.7649999856948853,0.7020000219345093,0.7020000219345093,50793,0.0,0.0
2024-08-06 15:30:00-04:00,0.7200000286102295,0.7200000286102295,0.699999988079071,0.699999988079071,6737,0.0,0.0
2024-08-07 09:30:00-04:00,0.6800000071525574,0.7182000279426575,0.6700000166893005,0.6700000166893005,145000,0.0,0.0
2024-08-07 10:30:00-04:00,0.6610000133514404,0.6751999855041504,0.6341000199317932,0.6518999934196472,102797,0.0,0.0
2024-08-07 11:30:00-04:00,0.6520000100135803,0.6740000247955322,0.6520000100135803,0.6740000247955322,16857,0.0,0.0
2024-08-07 12:30:00-04:00,0.6759999990463257,0.6759999990463257,0.6524999737739563,0.6524999737739563,31843,0.0,0.0
2024-08-07 13:30:00-04:00,0.6524999737739563,0.6525999903678894,0.6409000158309937,0.6430000066757202,18368,0.0,0.0
2024-08-07 14:30:00-04:00,0.6420999765396118,0.6541000008583069,0.6341000199317932,0.6341000199317932,30477,0.0,0.0
2024-08-07 15:30:00-04:00,0.6474999785423279,0.6474999785423279,0.6355000138282776,0.6355000138282776,2394,0.0,0.0
2024-08-08 09:30:00-04:00,0.659600019454956,0.6798999905586243,0.6401000022888184,0.6599000096321106,46913,0.0,0.0
2024-08-08 10:30:00-04:00,0.6599000096321106,0.6600000262260437,0.6574000120162964,0.6586999893188477,12180,0.0,0.0
2024-08-08 11:30:00-04:00,0.6589999794960022,0.671999990940094,0.6521999835968018,0.6686999797821045,17218,0.0,0.0
2024-08-08 12:30:00-04:00,0.6675000190734863,0.6690999865531921,0.6675000190734863,0.6675999760627747,7481,0.0,0.0
2024-08-08 13:30:00-04:00,0.6797000169754028,0.6797000169754028,0.6586999893188477,0.6654000282287598,4295,0.0,0.0
2024-08-08 14:30:00-04:00,0.6650000214576721,0.6650000214576721,0.6492000222206116,0.6492000222206116,15931,0.0,0.0
2024-08-08 15:30:00-04:00,0.6699000000953674,0.6699000000953674,0.6399999856948853,0.6600000262260437,8106,0.0,0.0
2024-08-09 09:30:00-04:00,0.6366000175476074,0.6898999810218811,0.6366000175476074,0.6700000166893005,11218,0.0,0.0
2024-08-09 10:30:00-04:00,0.6898999810218811,0.6898999810218811,0.6581000089645386,0.6581000089645386,39341,0.0,0.0
2024-08-09 11:30:00-04:00,0.6690000295639038,0.6798999905586243,0.6611999869346619,0.6700000166893005,8496,0.0,0.0
2024-08-09 12:30:00-04:00,0.6621000170707703,0.6621000170707703,0.6621000170707703,0.6621000170707703,2325,0.0,0.0
2024-08-09 13:30:00-04:00,0.66839998960495,0.6899999976158142,0.6606000065803528,0.6898999810218811,17784,0.0,0.0
2024-08-09 14:30:00-04:00,0.6898999810218811,0.6898999810218811,0.6607000231742859,0.6654999852180481,23705,0.0,0.0
2024-08-09 15:30:00-04:00,0.6729999780654907,0.6729999780654907,0.6626999974250793,0.6626999974250793,9984,0.0,0.0
2024-08-12 09:30:00-04:00,0.6650999784469604,0.6840000152587891,0.6650999784469604,0.6840000152587891,25635,0.0,0.0
2024-08-12 10:30:00-04:00,0.6840000152587891,0.6840000152587891,0.6769999861717224,0.6801000237464905,6111,0.0,0.0
2024-08-12 11:30:00-04:00,0.6801000237464905,0.6801999807357788,0.6665999889373779,0.6665999889373779,20740,0.0,0.0
2024-08-12 12:30:00-04:00,0.6665999889373779,0.6703000068664551,0.6600000262260437,0.6610999703407288,22078,0.0,0.0
2024-08-12 13:30:00-04:00,0.6610000133514404,0.6801000237464905,0.6610000133514404,0.6801000237464905,27881,0.0,0.0
2024-08-12 14:30:00-04:00,0.6869999766349792,0.6869999766349792,0.6510000228881836,0.6510000228881836,27210,0.0,0.0
2024-08-12 15:30:00-04:00,0.6700999736785889,0.6800000071525574,0.6600000262260437,0.6600000262260437,14670,0.0,0.0
2024-08-13 09:30:00-04:00,0.6506999731063843,0.6798999905586243,0.6506999731063843,0.6510999798774719,19897,0.0,0.0
2024-08-13 10:30:00-04:00,0.6520000100135803,0.6762999892234802,0.6520000100135803,0.6550999879837036,4013,0.0,0.0
2024-08-13 11:30:00-04:00,0.664900004863739,0.664900004863739,0.6550999879837036,0.6647999882698059,3361,0.0,0.0
2024-08-13 12:30:00-04:00,0.6550999879837036,0.6700999736785889,0.6550999879837036,0.6700999736785889,7564,0.0,0.0
2024-08-13 13:30:00-04:00,0.6700999736785889,0.6797999739646912,0.6700999736785889,0.6797999739646912,7586,0.0,0.0
2024-08-13 14:30:00-04:00,0.6711000204086304,0.6711999773979187,0.6711000204086304,0.6711000204086304,4160,0.0,0.0
2024-08-13 15:30:00-04:00,0.6797000169754028,0.6797000169754028,0.6711000204086304,0.6711999773979187,3717,0.0,0.0
2024-08-14 09:30:00-04:00,0.640999972820282,0.6600000262260437,0.640999972820282,0.6413000226020813,54806,0.0,0.0
2024-08-14 10:30:00-04:00,0.6539999842643738,0.666700005531311,0.6410999894142151,0.6412000060081482,3101,0.0,0.0
2024-08-14 11:30:00-04:00,0.6453999876976013,0.6520000100135803,0.6412000060081482,0.6520000100135803,1609,0.0,0.0
2024-08-14 12:30:00-04:00,0.6499999761581421,0.6521000266075134,0.6410999894142151,0.6410999894142151,10580,0.0,0.0
2024-08-14 13:30:00-04:00,0.6434999704360962,0.6600000262260437,0.6412000060081482,0.6600000262260437,2766,0.0,0.0
2024-08-14 14:30:00-04:00,0.650600016117096,0.6599000096321106,0.6412000060081482,0.6412000060081482,3199,0.0,0.0
2024-08-14 15:30:00-04:00,0.6452000141143799,0.6478999853134155,0.6452000141143799,0.6478999853134155,2363,0.0,0.0
2024-08-15 09:30:00-04:00,0.6600000262260437,0.6600000262260437,0.6349999904632568,0.6600000262260437,46357,0.0,0.0
2024-08-15 10:30:00-04:00,0.6499999761581421,0.6499999761581421,0.6402000188827515,0.6499999761581421,5603,0.0,0.0
2024-08-15 11:30:00-04:00,0.6499999761581421,0.6499999761581421,0.642300009727478,0.6499999761581421,5837,0.0,0.0
2024-08-15 12:30:00-04:00,0.6499999761581421,0.6600000262260437,0.6421999931335449,0.6421999931335449,3120,0.0,0.0
2024-08-15 13:30:00-04:00,0.6399999856948853,0.647599995136261,0.6399999856948853,0.6438999772071838,12042,0.0,0.0
2024-08-15 14:30:00-04:00,0.6599000096321106,0.6599000096321106,0.6455000042915344,0.6593999862670898,22883,0.0,0.0
2024-08-15 15:30:00-04:00,0.642300009727478,0.6593999862670898,0.642300009727478,0.6572999954223633,0,0.0,0.0
2024-08-16 09:30:00-04:00,0.6499999761581421,0.6650000214576721,0.6402999758720398,0.6499999761581421,93633,0.0,0.0
2024-08-16 10:30:00-04:00,0.6500999927520752,0.6549999713897705,0.6499999761581421,0.6549999713897705,37768,0.0,0.0
2024-08-16 11:30:00-04:00,0.6509000062942505,0.6509000062942505,0.6420000195503235,0.6420000195503235,2274,0.0,0.0
2024-08-16 12:30:00-04:00,0.6599000096321106,0.6599000096321106,0.6421999931335449,0.6500999927520752,19981,0.0,0.0
2024-08-16 13:30:00-04:00,0.6499999761581421,0.6650999784469604,0.6499999761581421,0.6524999737739563,7915,0.0,0.0
2024-08-16 14:30:00-04:00,0.6523000001907349,0.6699000000953674,0.642300009727478,0.6589999794960022,30166,0.0,0.0
2024-08-16 15:30:00-04:00,0.6449000239372253,0.6589000225067139,0.6424000263214111,0.6499000191688538,7612,0.0,0.0
2024-08-19 09:30:00-04:00,0.6485999822616577,0.6600000262260437,0.6424000263214111,0.6550999879837036,32147,0.0,0.0
2024-08-19 10:30:00-04:00,0.6552000045776367,0.6800000071525574,0.6552000045776367,0.660099983215332,53231,0.0,0.0
2024-08-19 11:30:00-04:00,0.6620000004768372,0.6661999821662903,0.6600000262260437,0.6600000262260437,5663,0.0,0.0
2024-08-19 12:30:00-04:00,0.6699000000953674,0.6700000166893005,0.660099983215332,0.6700000166893005,12486,0.0,0.0
2024-08-19 14:30:00-04:00,0.6600000262260437,0.6606000065803528,0.6600000262260437,0.6606000065803528,1367,0.0,0.0
2024-08-19 15:30:00-04:00,0.6678000092506409,0.6678000092506409,0.6604999899864197,0.6604999899864197,2601,0.0,0.0
2024-08-20 09:30:00-04:00,0.6503000259399414,0.6575999855995178,0.6502000093460083,0.6536999940872192,27774,0.0,0.0
2024-08-20 10:30:00-04:00,0.6536999940872192,0.6553000211715698,0.6535999774932861,0.6552000045776367,7488,0.0,0.0
2024-08-20 11:30:00-04:00,0.6575000286102295,0.6600000262260437,0.6575000286102295,0.6593999862670898,6686,0.0,0.0
2024-08-20 12:30:00-04:00,0.6600000262260437,0.6717000007629395,0.6600000262260437,0.6717000007629395,6028,0.0,0.0
2024-08-20 13:30:00-04:00,0.6717000007629395,0.6717000007629395,0.6717000007629395,0.6717000007629395,5618,0.0,0.0
2024-08-20 14:30:00-04:00,0.6658999919891357,0.675000011920929,0.6658999919891357,0.675000011920929,8424,0.0,0.0
2024-08-20 15:30:00-04:00,0.6610999703407288,0.6669999957084656,0.6610999703407288,0.6669999957084656,2888,0.0,0.0
2024-08-21 09:30:00-04:00,0.6622999906539917,0.6898999810218811,0.6600000262260437,0.6700000166893005,55052,0.0,0.0
2024-08-21 10:30:00-04:00,0.6726999878883362,0.6988999843597412,0.6726999878883362,0.6899999976158142,18219,0.0,0.0
2024-08-21 11:30:00-04:00,0.6898999810218811,0.6899999976158142,0.6898999810218811,0.6898999810218811,1997,0.0,0.0
2024-08-21 12:30:00-04:00,0.6901999711990356,0.6901999711990356,0.6855999827384949,0.6855999827384949,51498,0.0,0.0
2024-08-21 13:30:00-04:00,0.6899999976158142,0.6899999976158142,0.6801000237464905,0.6808000206947327,21715,0.0,0.0
2024-08-21 14:30:00-04:00,0.6972000002861023,0.6972000002861023,0.6898000240325928,0.6898000240325928,9714,0.0,0.0
2024-08-22 09:30:00-04:00,0.6998999714851379,0.7023000121116638,0.6800000071525574,0.699999988079071,9970,0.0,0.0
2024-08-22 10:30:00-04:00,0.7049999833106995,0.7200000286102295,0.699999988079071,0.714900016784668,32264,0.0,0.0
2024-08-22 11:30:00-04:00,0.699999988079071,0.7110000252723694,0.699999988079071,0.7049999833106995,1557,0.0,0.0
2024-08-22 12:30:00-04:00,0.7001000046730042,0.7098000049591064,0.7001000046730042,0.7098000049591064,3667,0.0,0.0
2024-08-22 13:30:00-04:00,0.7089999914169312,0.7089999914169312,0.7001000046730042,0.7062000036239624,7299,0.0,0.0
2024-08-22 14:30:00-04:00,0.7089999914169312,0.7089999914169312,0.7045999765396118,0.7045999765396118,1699,0.0,0.0
2024-08-22 15:30:00-04:00,0.7001000046730042,0.708899974822998,0.6901000142097473,0.699999988079071,25402,0.0,0.0
2024-08-23 09:30:00-04:00,0.6916999816894531,0.7635999917984009,0.6916999816894531,0.7276999950408936,62535,0.0,0.0
2024-08-23 10:30:00-04:00,0.7099999785423279,0.7447999715805054,0.7099999785423279,0.7275000214576721,8853,0.0,0.0
2024-08-23 11:30:00-04:00,0.744700014591217,0.744700014591217,0.7228000164031982,0.7228000164031982,4573,0.0,0.0
2024-08-23 12:30:00-04:00,0.7228000164031982,0.7336000204086304,0.7218999862670898,0.7235999703407288,24251,0.0,0.0
2024-08-23 13:30:00-04:00,0.7195000052452087,0.7195000052452087,0.7195000052452087,0.7195000052452087,106,0.0,0.0
2024-08-23 14:30:00-04:00,0.7250999808311462,0.7250999808311462,0.7250999808311462,0.7250999808311462,1905,0.0,0.0
2024-08-23 15:30:00-04:00,0.7290999889373779,0.7299000024795532,0.7290999889373779,0.7290999889373779,4910,0.0,0.0
2024-08-26 09:30:00-04:00,0.746999979019165,0.758899986743927,0.7350000143051147,0.7376000285148621,75685,0.0,0.0
2024-08-26 10:30:00-04:00,0.7400000095367432,0.7501999735832214,0.7400000095367432,0.7501000165939331,112477,0.0,0.0
2024-08-26 11:30:00-04:00,0.7584999799728394,0.8199999928474426,0.7376000285148621,0.7839999794960022,228555,0.0,0.0
2024-08-26 12:30:00-04:00,0.8098000288009644,0.8098000288009644,0.7900000214576721,0.7900000214576721,28935,0.0,0.0
2024-08-26 13:30:00-04:00,0.7950000166893005,0.7998999953269958,0.7649999856948853,0.7998999953269958,111463,0.0,0.0
2024-08-26 14:30:00-04:00,0.7799999713897705,0.8094000220298767,0.765999972820282,0.808899998664856,104290,0.0,0.0
2024-08-26 15:30:00-04:00,0.7850000262260437,0.8790000081062317,0.7699999809265137,0.8349000215530396,265218,0.0,0.0
2024-08-27 09:30:00-04:00,0.829800009727478,0.8399999737739563,0.7889999747276306,0.8073999881744385,31706,0.0,0.0
2024-08-27 10:30:00-04:00,0.7910000085830688,0.8199999928474426,0.7900000214576721,0.8183000087738037,86222,0.0,0.0
2024-08-27 11:30:00-04:00,0.8183000087738037,0.824999988079071,0.8001000285148621,0.8248999714851379,15834,0.0,0.0
2024-08-27 12:30:00-04:00,0.8100000023841858,0.8101000189781189,0.8100000023841858,0.8100000023841858,1399,0.0,0.0
2024-08-27 13:30:00-04:00,0.8100000023841858,0.9042999744415283,0.7929999828338623,0.8458999991416931,270026,0.0,0.0
2024-08-27 14:30:00-04:00,0.8080000281333923,0.939300000667572,0.8076000213623047,0.9390000104904175,982971,0.0,0.0
2024-08-27 15:30:00-04:00,0.9391999840736389,1.1200000047683716,0.9312999844551086,1.1200000047683716,1268920,0.0,0.0
2024-08-28 09:30:00-04:00,1.090000033378601,1.1100000143051147,1.0199999809265137,1.0499000549316406,219052,0.0,0.0
2024-08-28 10:30:00-04:00,1.0498000383377075,1.1799999475479126,1.0372999906539917,1.100000023841858,220655,0.0,0.0
2024-08-28 11:30:00-04:00,1.1198999881744385,1.2599999904632568,1.0750000476837158,1.100000023841858,1136690,0.0,0.0
2024-08-28 12:30:00-04:00,1.090000033378601,1.1399999856948853,1.0299999713897705,1.065999984741211,753170,0.0,0.0
2024-08-28 13:30:00-04:00,1.059999942779541,1.090000033378601,0.9399999976158142,0.9760000109672546,663769,0.0,0.0
2024-08-28 14:30:00-04:00,0.9790999889373779,0.9790999889373779,0.949999988079071,0.9610000252723694,112305,0.0,0.0
2024-08-28 15:30:00-04:00,0.9610000252723694,0.987500011920929,0.8712999820709229,0.8835999965667725,146559,0.0,0.0
2024-08-29 09:30:00-04:00,0.8978999853134155,0.8978999853134155,0.800000011920929,0.8399999737739563,104271,0.0,0.0
2024-08-29 10:30:00-04:00,0.8300999999046326,0.8608999848365784,0.8300999999046326,0.8608999848365784,9766,0.0,0.0
2024-08-29 11:30:00-04:00,0.8608999848365784,0.8700000047683716,0.847599983215332,0.8700000047683716,2357,0.0,0.0
2024-08-29 12:30:00-04:00,0.8830999732017517,0.9200000166893005,0.8799999952316284,0.9200000166893005,7791,0.0,0.0
2024-08-29 13:30:00-04:00,0.8974999785423279,0.9248999953269958,0.8974999785423279,0.9100000262260437,4975,0.0,0.0
2024-08-29 14:30:00-04:00,0.8822000026702881,0.8949999809265137,0.8822000026702881,0.8828999996185303,5812,0.0,0.0
2024-08-29 15:30:00-04:00,0.8799999952316284,0.8799999952316284,0.8700000047683716,0.8794999718666077,3449,0.0,0.0
2024-08-30 09:30:00-04:00,0.902999997138977,0.9950000047683716,0.8999999761581421,0.9200999736785889,126685,0.0,0.0
2024-08-30 10:30:00-04:00,0.925000011920929,0.9327999949455261,0.925000011920929,0.9327999949455261,0,0.0,0.0
2024-08-30 11:30:00-04:00,0.9399999976158142,0.9401000142097473,0.906499981880188,0.9065999984741211,18708,0.0,0.0
2024-08-30 12:30:00-04:00,0.906499981880188,0.9399999976158142,0.906499981880188,0.9399999976158142,2067,0.0,0.0
2024-08-30 13:30:00-04:00,0.9070000052452087,0.9070000052452087,0.8799999952316284,0.8985999822616577,17199,0.0,0.0
2024-08-30 14:30:00-04:00,0.8999999761581421,0.8999999761581421,0.8999999761581421,0.8999999761581421,3142,0.0,0.0
2024-08-30 15:30:00-04:00,0.8950999975204468,0.9120000004768372,0.8901000022888184,0.9120000004768372,14402,0.0,0.0
