Datetime,Open,High,Low,Close,Volume,Dividends,Stock Splits
2022-09-01 09:30:00-04:00,30.93000030517578,31.260000228881836,30.100000381469727,30.670000076293945,174976,0.0,0.0
2022-09-01 10:30:00-04:00,30.68000030517578,31.023300170898438,30.477500915527344,30.610000610351562,74182,0.0,0.0
2022-09-01 11:30:00-04:00,30.645000457763672,31.06999969482422,30.639999389648438,30.740999221801758,77102,0.0,0.0
2022-09-01 12:30:00-04:00,30.719999313354492,30.780000686645508,30.161399841308594,30.780000686645508,93865,0.0,0.0
2022-09-01 13:30:00-04:00,30.739999771118164,30.809999465942383,30.219999313354492,30.809999465942383,104661,0.0,0.0
2022-09-01 14:30:00-04:00,30.799999237060547,30.875,30.398000717163086,30.420000076293945,90319,0.0,0.0
2022-09-01 15:30:00-04:00,30.399999618530273,30.43000030517578,30.25,30.329999923706055,111164,0.0,0.0
2022-09-02 09:30:00-04:00,31.649999618530273,31.940000534057617,30.959999084472656,31.75,151058,0.0,0.0
2022-09-02 10:30:00-04:00,31.75,31.827999114990234,31.209999084472656,31.530000686645508,67962,0.0,0.0
2022-09-02 11:30:00-04:00,31.520700454711914,31.799999237060547,31.479999542236328,31.65999984741211,56790,0.0,0.0
2022-09-02 12:30:00-04:00,31.6299991607666,31.701499938964844,31.37579917907715,31.459999084472656,48178,0.0,0.0
2022-09-02 13:30:00-04:00,31.389999389648438,31.40999984741211,31.05500030517578,31.229999542236328,52885,0.0,0.0
2022-09-02 14:30:00-04:00,31.209999084472656,31.55500030517578,31.190000534057617,31.540000915527344,58214,0.0,0.0
2022-09-02 15:30:00-04:00,31.469999313354492,31.549999237060547,31.174999237060547,31.489999771118164,83436,0.0,0.0
2022-09-06 09:30:00-04:00,31.989999771118164,32.150001525878906,30.84000015258789,31.100000381469727,100148,0.0,0.0
2022-09-06 10:30:00-04:00,31.020000457763672,31.508399963378906,30.950000762939453,31.299999237060547,66357,0.0,0.0
2022-09-06 11:30:00-04:00,31.37019920349121,31.889999389648438,31.37019920349121,31.674999237060547,109187,0.0,0.0
2022-09-06 12:30:00-04:00,31.670000076293945,31.739999771118164,31.139999389648438,31.350000381469727,122101,0.0,0.0
2022-09-06 13:30:00-04:00,31.334999084472656,31.530000686645508,31.06999969482422,31.440000534057617,114684,0.0,0.0
2022-09-06 14:30:00-04:00,31.469999313354492,31.479999542236328,31.200000762939453,31.299999237060547,73620,0.0,0.0
2022-09-06 15:30:00-04:00,31.260000228881836,31.315000534057617,31.06999969482422,31.190000534057617,140856,0.0,0.0
2022-09-07 09:30:00-04:00,30.149999618530273,30.375,29.239999771118164,30.0,191192,0.0,0.0
2022-09-07 10:30:00-04:00,30.059999465942383,30.440399169921875,29.690000534057617,29.739999771118164,77835,0.0,0.0
2022-09-07 11:30:00-04:00,29.739999771118164,29.8799991607666,29.25,29.3799991607666,85205,0.0,0.0
2022-09-07 12:30:00-04:00,29.3799991607666,29.40999984741211,29.100000381469727,29.34000015258789,81040,0.0,0.0
2022-09-07 13:30:00-04:00,29.299999237060547,29.551599502563477,29.264999389648438,29.329999923706055,120814,0.0,0.0
2022-09-07 14:30:00-04:00,29.290000915527344,29.700000762939453,29.030000686645508,29.65999984741211,149237,0.0,0.0
2022-09-07 15:30:00-04:00,29.679899215698242,29.719999313354492,29.350000381469727,29.43000030517578,102373,0.0,0.0
2022-09-08 09:30:00-04:00,29.610000610351562,29.68000030517578,29.200000762939453,29.34000015258789,92055,0.0,0.0
2022-09-08 10:30:00-04:00,29.360000610351562,29.639999389648438,29.030000686645508,29.600000381469727,74963,0.0,0.0
2022-09-08 11:30:00-04:00,29.59000015258789,29.75,29.17099952697754,29.3700008392334,74192,0.0,0.0
2022-09-08 12:30:00-04:00,29.360000610351562,30.0,29.360000610351562,29.889999389648438,83792,0.0,0.0
2022-09-08 13:30:00-04:00,29.895000457763672,30.110000610351562,29.799999237060547,30.049999237060547,61166,0.0,0.0
2022-09-08 14:30:00-04:00,30.024999618530273,30.049999237060547,29.68000030517578,29.889999389648438,91021,0.0,0.0
2022-09-08 15:30:00-04:00,29.899999618530273,29.950000762939453,29.790000915527344,29.889999389648438,124631,0.0,0.0
2022-09-09 09:30:00-04:00,30.790000915527344,31.049999237060547,30.579999923706055,30.83049964904785,107909,0.0,0.0
2022-09-09 10:30:00-04:00,30.834999084472656,30.889999389648438,30.549999237060547,30.760000228881836,36820,0.0,0.0
2022-09-09 11:30:00-04:00,30.709999084472656,30.940000534057617,30.709999084472656,30.889999389648438,58524,0.0,0.0
2022-09-09 12:30:00-04:00,30.889999389648438,31.190000534057617,30.850200653076172,31.09000015258789,65024,0.0,0.0
2022-09-09 13:30:00-04:00,31.0846004486084,31.239999771118164,31.024999618530273,31.1299991607666,43085,0.0,0.0
2022-09-09 14:30:00-04:00,31.1200008392334,31.5,31.049999237060547,31.44499969482422,46070,0.0,0.0
2022-09-09 15:30:00-04:00,31.420000076293945,31.459999084472656,31.190000534057617,31.399999618530273,144905,0.0,0.0
2022-09-12 09:30:00-04:00,31.90999984741211,32.22999954223633,31.31999969482422,32.11000061035156,98271,0.0,0.0
2022-09-12 10:30:00-04:00,32.119998931884766,32.189998626708984,31.670000076293945,31.940000534057617,54556,0.0,0.0
2022-09-12 11:30:00-04:00,31.976200103759766,32.099998474121094,31.780000686645508,31.889999389648438,59668,0.0,0.0
2022-09-12 12:30:00-04:00,31.899999618530273,32.06999969482422,31.799999237060547,32.0099983215332,31559,0.0,0.0
2022-09-12 13:30:00-04:00,31.979999542236328,32.060001373291016,31.829999923706055,31.985000610351562,38529,0.0,0.0
2022-09-12 14:30:00-04:00,32.0099983215332,32.125,31.905000686645508,32.11000061035156,42939,0.0,0.0
2022-09-12 15:30:00-04:00,32.15999984741211,32.16999816894531,31.969999313354492,32.119998931884766,139473,0.0,0.0
2022-09-13 09:30:00-04:00,31.3799991607666,32.176998138427734,31.054000854492188,32.099998474121094,68646,0.0,0.0
2022-09-13 10:30:00-04:00,32.0,32.18000030517578,31.524999618530273,31.690000534057617,45692,0.0,0.0
2022-09-13 11:30:00-04:00,31.700000762939453,31.780000686645508,31.530000686645508,31.545000076293945,37385,0.0,0.0
2022-09-13 12:30:00-04:00,31.520000457763672,31.675399780273438,31.239999771118164,31.56999969482422,56615,0.0,0.0
2022-09-13 13:30:00-04:00,31.639999389648438,32.0099983215332,31.6200008392334,31.760000228881836,77938,0.0,0.0
2022-09-13 14:30:00-04:00,31.770000457763672,31.950000762939453,31.68000030517578,31.8700008392334,89999,0.0,0.0
2022-09-13 15:30:00-04:00,31.8799991607666,31.950000762939453,31.621999740600586,31.809999465942383,167617,0.0,0.0
2022-09-14 09:30:00-04:00,32.5,34.20880126953125,32.29999923706055,33.790000915527344,357855,0.0,0.0
2022-09-14 10:30:00-04:00,33.83000183105469,34.349098205566406,33.459999084472656,34.029998779296875,157434,0.0,0.0
2022-09-14 11:30:00-04:00,33.9900016784668,34.44020080566406,33.7400016784668,34.310001373291016,154094,0.0,0.0
2022-09-14 12:30:00-04:00,34.34000015258789,34.59000015258789,33.93000030517578,34.029998779296875,113575,0.0,0.0
2022-09-14 13:30:00-04:00,34.040000915527344,34.07500076293945,33.56999969482422,33.72999954223633,121990,0.0,0.0
2022-09-14 14:30:00-04:00,33.720001220703125,33.8567008972168,33.42499923706055,33.599998474121094,155835,0.0,0.0
2022-09-14 15:30:00-04:00,33.55500030517578,33.814998626708984,33.40999984741211,33.619998931884766,232557,0.0,0.0
2022-09-15 09:30:00-04:00,32.939998626708984,33.65999984741211,32.560001373291016,33.060001373291016,116249,0.0,0.0
2022-09-15 10:30:00-04:00,33.060001373291016,33.15999984741211,32.70000076293945,33.10499954223633,65627,0.0,0.0
2022-09-15 11:30:00-04:00,33.099998474121094,33.33810043334961,32.732398986816406,32.7400016784668,66638,0.0,0.0
2022-09-15 12:30:00-04:00,32.7400016784668,33.25,32.7400016784668,33.18000030517578,62610,0.0,0.0
2022-09-15 13:30:00-04:00,33.22999954223633,33.22999954223633,32.88999938964844,32.95000076293945,47473,0.0,0.0
2022-09-15 14:30:00-04:00,32.95000076293945,32.97999954223633,32.400001525878906,32.47999954223633,83347,0.0,0.0
2022-09-15 15:30:00-04:00,32.470001220703125,32.7400016784668,32.42300033569336,32.529998779296875,111283,0.0,0.0
2022-09-16 09:30:00-04:00,32.2599983215332,32.285400390625,30.821199417114258,31.289899826049805,210197,0.0,0.0
2022-09-16 10:30:00-04:00,31.30500030517578,31.398300170898438,31.049999237060547,31.3799991607666,66652,0.0,0.0
2022-09-16 11:30:00-04:00,31.260000228881836,31.299999237060547,30.059999465942383,30.104999542236328,123068,0.0,0.0
2022-09-16 12:30:00-04:00,30.049999237060547,30.690000534057617,29.900400161743164,30.639999389648438,82880,0.0,0.0
2022-09-16 13:30:00-04:00,30.6299991607666,30.90999984741211,30.549999237060547,30.790000915527344,71742,0.0,0.0
2022-09-16 14:30:00-04:00,30.760000228881836,31.219999313354492,30.670000076293945,31.18000030517578,180095,0.0,0.0
2022-09-16 15:30:00-04:00,31.174999237060547,31.700000762939453,31.049999237060547,31.440000534057617,335589,0.0,0.0
2022-09-19 09:30:00-04:00,29.809999465942383,31.06999969482422,29.809999465942383,31.0,86390,0.0,0.0
2022-09-19 10:30:00-04:00,30.950000762939453,31.06999969482422,30.530000686645508,30.631000518798828,77479,0.0,0.0
2022-09-19 11:30:00-04:00,30.6299991607666,30.940000534057617,30.52199935913086,30.850000381469727,55157,0.0,0.0
2022-09-19 12:30:00-04:00,30.829999923706055,30.920000076293945,30.709999084472656,30.81999969482422,37015,0.0,0.0
2022-09-19 13:30:00-04:00,30.84000015258789,30.8799991607666,30.746200561523438,30.75,43929,0.0,0.0
2022-09-19 14:30:00-04:00,30.729999542236328,31.05500030517578,30.700000762939453,30.93000030517578,82957,0.0,0.0
2022-09-19 15:30:00-04:00,30.950000762939453,30.979999542236328,30.780000686645508,30.889999389648438,116640,0.0,0.0
2022-09-20 09:30:00-04:00,30.540000915527344,30.799999237060547,29.549999237060547,29.809999465942383,103388,0.0,0.0
2022-09-20 10:30:00-04:00,29.790000915527344,29.93000030517578,29.5049991607666,29.729999542236328,85385,0.0,0.0
2022-09-20 11:30:00-04:00,29.75,29.829999923706055,29.399999618530273,29.43000030517578,66485,0.0,0.0
2022-09-20 12:30:00-04:00,29.420000076293945,29.68000030517578,29.341800689697266,29.540000915527344,97549,0.0,0.0
2022-09-20 13:30:00-04:00,29.540000915527344,29.920000076293945,29.420000076293945,29.65999984741211,65606,0.0,0.0
2022-09-20 14:30:00-04:00,29.6299991607666,30.09000015258789,29.6299991607666,30.06999969482422,76748,0.0,0.0
2022-09-20 15:30:00-04:00,30.065000534057617,30.309999465942383,29.950000762939453,30.020000457763672,157262,0.0,0.0
2022-09-21 09:30:00-04:00,30.829999923706055,30.999900817871094,30.079999923706055,30.459999084472656,45947,0.0,0.0
2022-09-21 10:30:00-04:00,30.459999084472656,30.459999084472656,29.729999542236328,29.90999984741211,46166,0.0,0.0
2022-09-21 11:30:00-04:00,29.920000076293945,30.1200008392334,29.8799991607666,29.8799991607666,25473,0.0,0.0
2022-09-21 12:30:00-04:00,29.899999618530273,30.06999969482422,29.899999618530273,30.0,50519,0.0,0.0
2022-09-21 13:30:00-04:00,30.030000686645508,30.170000076293945,29.315000534057617,29.690000534057617,70802,0.0,0.0
2022-09-21 14:30:00-04:00,29.690000534057617,30.59000015258789,29.6200008392334,29.8700008392334,151572,0.0,0.0
2022-09-21 15:30:00-04:00,29.8700008392334,30.059999465942383,29.559999465942383,29.559999465942383,173480,0.0,0.0
2022-09-22 09:30:00-04:00,30.25,30.719999313354492,29.434999465942383,29.920000076293945,102362,0.0,0.0
2022-09-22 10:30:00-04:00,29.979999542236328,29.979999542236328,29.275999069213867,29.739999771118164,103236,0.0,0.0
2022-09-22 11:30:00-04:00,29.739999771118164,29.899999618530273,29.43000030517578,29.469999313354492,82077,0.0,0.0
2022-09-22 12:30:00-04:00,29.440000534057617,29.530000686645508,29.219999313354492,29.34000015258789,96308,0.0,0.0
2022-09-22 13:30:00-04:00,29.344999313354492,29.40999984741211,28.90999984741211,29.010000228881836,91044,0.0,0.0
2022-09-22 14:30:00-04:00,28.98069953918457,29.209999084472656,28.809999465942383,28.8700008392334,85206,0.0,0.0
2022-09-22 15:30:00-04:00,28.899999618530273,28.920000076293945,28.420000076293945,28.440000534057617,152799,0.0,0.0
2022-09-23 09:30:00-04:00,26.989999771118164,26.989999771118164,25.831600189208984,26.3700008392334,271597,0.0,0.0
2022-09-23 10:30:00-04:00,26.260000228881836,26.31999969482422,25.719999313354492,26.270000457763672,159214,0.0,0.0
2022-09-23 11:30:00-04:00,26.180099487304688,26.31999969482422,25.78499984741211,25.864999771118164,94313,0.0,0.0
2022-09-23 12:30:00-04:00,25.84000015258789,26.1299991607666,25.719999313354492,26.0,56829,0.0,0.0
2022-09-23 13:30:00-04:00,26.040000915527344,26.076099395751953,25.799999237060547,25.940000534057617,99532,0.0,0.0
2022-09-23 14:30:00-04:00,25.969999313354492,25.979999542236328,25.610000610351562,25.8799991607666,107566,0.0,0.0
2022-09-23 15:30:00-04:00,25.860000610351562,26.040199279785156,25.709999084472656,25.829999923706055,237571,0.0,0.0
2022-09-26 09:30:00-04:00,25.540000915527344,26.25,25.06999969482422,26.040000915527344,173961,0.0,0.0
2022-09-26 10:30:00-04:00,25.934999465942383,26.170000076293945,25.389999389648438,25.389999389648438,179084,0.0,0.0
2022-09-26 11:30:00-04:00,25.34000015258789,25.565000534057617,25.059999465942383,25.100000381469727,125525,0.0,0.0
2022-09-26 12:30:00-04:00,25.06559944152832,25.1200008392334,24.3799991607666,24.489999771118164,211240,0.0,0.0
2022-09-26 13:30:00-04:00,24.51099967956543,24.832500457763672,24.440000534057617,24.510000228881836,106768,0.0,0.0
2022-09-26 14:30:00-04:00,24.520000457763672,24.65999984741211,24.34000015258789,24.469999313354492,121636,0.0,0.0
2022-09-26 15:30:00-04:00,24.469999313354492,24.559999465942383,24.209999084472656,24.469999313354492,212517,0.0,0.0
2022-09-27 09:30:00-04:00,25.469999313354492,25.540000915527344,24.56410026550293,25.229999542236328,137245,0.0,0.0
2022-09-27 10:30:00-04:00,25.229999542236328,25.530000686645508,24.979999542236328,25.030000686645508,75413,0.0,0.0
2022-09-27 11:30:00-04:00,25.0,25.1299991607666,24.68000030517578,24.920000076293945,77100,0.0,0.0
2022-09-27 12:30:00-04:00,24.969999313354492,25.110000610351562,24.790000915527344,25.040000915527344,100028,0.0,0.0
2022-09-27 13:30:00-04:00,25.040000915527344,25.280000686645508,24.96500015258789,25.229999542236328,94032,0.0,0.0
2022-09-27 14:30:00-04:00,25.209999084472656,25.520000457763672,25.184999465942383,25.51650047302246,135730,0.0,0.0
2022-09-27 15:30:00-04:00,25.518999099731445,25.518999099731445,25.149999618530273,25.290000915527344,142936,0.0,0.0
2022-09-28 09:30:00-04:00,25.309999465942383,26.0,25.170000076293945,25.87969970703125,190528,0.0,0.0
2022-09-28 10:30:00-04:00,25.899999618530273,26.739999771118164,25.899999618530273,26.440000534057617,233351,0.0,0.0
2022-09-28 11:30:00-04:00,26.43000030517578,26.81999969482422,26.290000915527344,26.760000228881836,146103,0.0,0.0
2022-09-28 12:30:00-04:00,26.75,27.010000228881836,26.75,26.979999542236328,110261,0.0,0.0
2022-09-28 13:30:00-04:00,26.985000610351562,27.299999237060547,26.93000030517578,27.1299991607666,142552,0.0,0.0
2022-09-28 14:30:00-04:00,27.1299991607666,27.6200008392334,27.1299991607666,27.600000381469727,183060,0.0,0.0
2022-09-28 15:30:00-04:00,27.614999771118164,27.729000091552734,27.43000030517578,27.6299991607666,205588,0.0,0.0
2022-09-29 09:30:00-04:00,27.290000915527344,27.3700008392334,25.649999618530273,25.776199340820312,198588,0.0,0.0
2022-09-29 10:30:00-04:00,25.760000228881836,26.56999969482422,25.670000076293945,26.450000762939453,70690,0.0,0.0
2022-09-29 11:30:00-04:00,26.429000854492188,26.84819984436035,26.395000457763672,26.799999237060547,111862,0.0,0.0
2022-09-29 12:30:00-04:00,26.82469940185547,27.100000381469727,26.739999771118164,26.75,68911,0.0,0.0
2022-09-29 13:30:00-04:00,26.719999313354492,26.770000457763672,26.3799991607666,26.510000228881836,91482,0.0,0.0
2022-09-29 14:30:00-04:00,26.520000457763672,26.81999969482422,26.4950008392334,26.75,77722,0.0,0.0
2022-09-29 15:30:00-04:00,26.75,27.040000915527344,26.739999771118164,27.010000228881836,126879,0.0,0.0
2022-09-30 09:30:00-04:00,26.65999984741211,27.0,26.315000534057617,26.459999084472656,74571,0.0,0.0
2022-09-30 10:30:00-04:00,26.56999969482422,27.420000076293945,26.540000915527344,27.34000015258789,107593,0.0,0.0
2022-09-30 11:30:00-04:00,27.309999465942383,27.440000534057617,26.920000076293945,27.059200286865234,83345,0.0,0.0
2022-09-30 12:30:00-04:00,27.030000686645508,27.315000534057617,26.950000762939453,27.200000762939453,110128,0.0,0.0
2022-09-30 13:30:00-04:00,27.200000762939453,27.200000762939453,26.975000381469727,27.024999618530273,85572,0.0,0.0
2022-09-30 14:30:00-04:00,27.040000915527344,27.344999313354492,26.889999389648438,27.344999313354492,161272,0.0,0.0
2022-09-30 15:30:00-04:00,27.34000015258789,27.440000534057617,27.235000610351562,27.399999618530273,244357,0.0,0.0
2022-10-03 09:30:00-04:00,29.09000015258789,29.440000534057617,28.790000915527344,28.96500015258789,153577,0.0,0.0
2022-10-03 10:30:00-04:00,29.014999389648438,29.100000381469727,28.549999237060547,28.8799991607666,163885,0.0,0.0
2022-10-03 11:30:00-04:00,28.8700008392334,29.18000030517578,28.510000228881836,28.614999771118164,183320,0.0,0.0
2022-10-03 12:30:00-04:00,28.610000610351562,28.959999084472656,28.549999237060547,28.8799991607666,93306,0.0,0.0
2022-10-03 13:30:00-04:00,28.899999618530273,29.290000915527344,28.860000610351562,29.25,90272,0.0,0.0
2022-10-03 14:30:00-04:00,29.239999771118164,29.610000610351562,29.18000030517578,29.53499984741211,115521,0.0,0.0
2022-10-03 15:30:00-04:00,29.530000686645508,29.56999969482422,29.40999984741211,29.530000686645508,194292,0.0,0.0
2022-10-04 09:30:00-04:00,30.56999969482422,31.049999237060547,30.229999542236328,30.940000534057617,136181,0.0,0.0
2022-10-04 10:30:00-04:00,30.959999084472656,31.799999237060547,30.940000534057617,31.290000915527344,367861,0.0,0.0
2022-10-04 11:30:00-04:00,31.250099182128906,31.385000228881836,30.985000610351562,31.06999969482422,111432,0.0,0.0
2022-10-04 12:30:00-04:00,31.065000534057617,31.1200008392334,30.719999313354492,30.864999771118164,96879,0.0,0.0
2022-10-04 13:30:00-04:00,30.8799991607666,30.959999084472656,30.739999771118164,30.81999969482422,68828,0.0,0.0
2022-10-04 14:30:00-04:00,30.899999618530273,31.040000915527344,30.799999237060547,30.799999237060547,65265,0.0,0.0
2022-10-04 15:30:00-04:00,30.760000228881836,31.399999618530273,30.75,31.350000381469727,159087,0.0,0.0
2022-10-05 09:30:00-04:00,31.639999389648438,31.979999542236328,30.469999313354492,30.920000076293945,126279,0.0,0.0
2022-10-05 10:30:00-04:00,30.959999084472656,31.670000076293945,30.93000030517578,31.295000076293945,71899,0.0,0.0
2022-10-05 11:30:00-04:00,31.280000686645508,31.84000015258789,31.18000030517578,31.700000762939453,54289,0.0,0.0
2022-10-05 12:30:00-04:00,31.649999618530273,32.21799850463867,31.649999618530273,32.08000183105469,67395,0.0,0.0
2022-10-05 13:30:00-04:00,32.06999969482422,32.130001068115234,31.68000030517578,31.710399627685547,84228,0.0,0.0
2022-10-05 14:30:00-04:00,31.709999084472656,32.27000045776367,31.579999923706055,32.16999816894531,71070,0.0,0.0
2022-10-05 15:30:00-04:00,32.20500183105469,32.2599983215332,31.899999618530273,31.950000762939453,135668,0.0,0.0
2022-10-06 09:30:00-04:00,31.75,32.95000076293945,31.75,32.45000076293945,137000,0.0,0.0
2022-10-06 10:30:00-04:00,32.43000030517578,32.880001068115234,32.41590118408203,32.47999954223633,106819,0.0,0.0
2022-10-06 11:30:00-04:00,32.4900016784668,32.85499954223633,32.41999816894531,32.709999084472656,153024,0.0,0.0
2022-10-06 12:30:00-04:00,32.779998779296875,33.04999923706055,32.7599983215332,32.994998931884766,136111,0.0,0.0
2022-10-06 13:30:00-04:00,32.994998931884766,33.38999938964844,32.939998626708984,33.0099983215332,138762,0.0,0.0
2022-10-06 14:30:00-04:00,33.0099983215332,33.119998931884766,32.75,32.93000030517578,101166,0.0,0.0
2022-10-06 15:30:00-04:00,32.91999816894531,32.97999954223633,32.810001373291016,32.869998931884766,106434,0.0,0.0
2022-10-07 09:30:00-04:00,32.939998626708984,33.810001373291016,32.709999084472656,33.64609909057617,124375,0.0,0.0
2022-10-07 10:30:00-04:00,33.63999938964844,33.880001068115234,33.400001525878906,33.810001373291016,96418,0.0,0.0
2022-10-07 11:30:00-04:00,33.843101501464844,33.843101501464844,33.2599983215332,33.2599983215332,81622,0.0,0.0
2022-10-07 12:30:00-04:00,33.22999954223633,33.22999954223633,32.68000030517578,33.040000915527344,75850,0.0,0.0
2022-10-07 13:30:00-04:00,33.0099983215332,33.209999084472656,32.86000061035156,33.0181999206543,53077,0.0,0.0
2022-10-07 14:30:00-04:00,33.0,33.08000183105469,32.45220184326172,32.474998474121094,63660,0.0,0.0
2022-10-07 15:30:00-04:00,32.47999954223633,32.86000061035156,32.400001525878906,32.81999969482422,133183,0.0,0.0
2022-10-10 09:30:00-04:00,32.869998931884766,33.640499114990234,32.529998779296875,32.880001068115234,93149,0.0,0.0
2022-10-10 10:30:00-04:00,32.869998931884766,33.220001220703125,32.39500045776367,32.83000183105469,222840,0.0,0.0
2022-10-10 11:30:00-04:00,32.86000061035156,33.18000030517578,32.650001525878906,32.95000076293945,56413,0.0,0.0
2022-10-10 12:30:00-04:00,33.025001525878906,33.19990158081055,32.790000915527344,32.85110092163086,98602,0.0,0.0
2022-10-10 13:30:00-04:00,32.880001068115234,33.5,32.630001068115234,32.630001068115234,67227,0.0,0.0
2022-10-10 14:30:00-04:00,32.63999938964844,33.040000915527344,32.59000015258789,32.80009841918945,73417,0.0,0.0
2022-10-10 15:30:00-04:00,32.814998626708984,33.08000183105469,32.689998626708984,32.83000183105469,119646,0.0,0.0
2022-10-11 09:30:00-04:00,29.049999237060547,30.399999618530273,28.729999542236328,29.809999465942383,993157,0.0,0.0
2022-10-11 10:30:00-04:00,29.799999237060547,30.399999618530273,29.729999542236328,30.190000534057617,486901,0.0,0.0
2022-10-11 11:30:00-04:00,30.209999084472656,30.315000534057617,29.639999389648438,30.075000762939453,552568,0.0,0.0
2022-10-11 12:30:00-04:00,30.059999465942383,30.190000534057617,29.739999771118164,30.059999465942383,521234,0.0,0.0
2022-10-11 13:30:00-04:00,30.05500030517578,30.889999389648438,29.915000915527344,30.190000534057617,550195,0.0,0.0
2022-10-11 14:30:00-04:00,30.130599975585938,30.299999237060547,29.1200008392334,29.310100555419922,1160289,0.0,0.0
2022-10-11 15:30:00-04:00,29.315000534057617,30.030000686645508,29.170000076293945,29.799999237060547,1969906,0.0,0.0
2022-10-12 09:30:00-04:00,29.399999618530273,30.68000030517578,29.309999465942383,30.08099937438965,4803471,0.0,0.0
2022-10-12 10:30:00-04:00,30.079999923706055,30.239999771118164,29.940000534057617,30.139999389648438,993548,0.0,0.0
2022-10-12 11:30:00-04:00,30.155000686645508,30.548900604248047,30.059999465942383,30.239999771118164,571079,0.0,0.0
2022-10-12 12:30:00-04:00,30.229999542236328,30.489999771118164,30.149999618530273,30.454999923706055,607737,0.0,0.0
2022-10-12 13:30:00-04:00,30.459999084472656,30.709999084472656,30.350000381469727,30.700000762939453,661485,0.0,0.0
2022-10-12 14:30:00-04:00,30.700000762939453,31.010000228881836,30.665000915527344,31.0049991607666,628963,0.0,0.0
2022-10-12 15:30:00-04:00,31.010000228881836,31.209999084472656,30.93000030517578,31.204999923706055,1105836,0.0,0.0
2022-10-13 09:30:00-04:00,30.889999389648438,31.350000381469727,30.40999984741211,30.790000915527344,327829,0.0,0.0
2022-10-13 10:30:00-04:00,30.829999923706055,32.7400016784668,30.81999969482422,32.369998931884766,339590,0.0,0.0
2022-10-13 11:30:00-04:00,32.40999984741211,33.099998474121094,32.2599983215332,32.4900016784668,435701,0.0,0.0
2022-10-13 12:30:00-04:00,32.529998779296875,33.2505989074707,32.40999984741211,33.06999969482422,128410,0.0,0.0
2022-10-13 13:30:00-04:00,33.06999969482422,33.09000015258789,32.529998779296875,32.61000061035156,119448,0.0,0.0
2022-10-13 14:30:00-04:00,32.61000061035156,32.869998931884766,32.57400131225586,32.63999938964844,159224,0.0,0.0
2022-10-13 15:30:00-04:00,32.650001525878906,33.290000915527344,32.540000915527344,33.2599983215332,395612,0.0,0.0
2022-10-14 09:30:00-04:00,32.790000915527344,33.09000015258789,31.290000915527344,31.81999969482422,226845,0.0,0.0
2022-10-14 10:30:00-04:00,31.799999237060547,31.8799991607666,31.549999237060547,31.850000381469727,159111,0.0,0.0
2022-10-14 11:30:00-04:00,31.84000015258789,32.154998779296875,31.690000534057617,32.0,173385,0.0,0.0
2022-10-14 12:30:00-04:00,32.005001068115234,32.04999923706055,31.450000762939453,31.645000457763672,265147,0.0,0.0
2022-10-14 13:30:00-04:00,31.65999984741211,31.854999542236328,31.56999969482422,31.645000457763672,134684,0.0,0.0
2022-10-14 14:30:00-04:00,31.670000076293945,31.920000076293945,31.6200008392334,31.8700008392334,183390,0.0,0.0
2022-10-14 15:30:00-04:00,31.8700008392334,32.02000045776367,31.809999465942383,31.90999984741211,522333,0.0,0.0
2022-10-17 09:30:00-04:00,32.459999084472656,33.20000076293945,32.095001220703125,32.77000045776367,125029,0.0,0.0
2022-10-17 10:30:00-04:00,32.790000915527344,33.04999923706055,32.459999084472656,33.01499938964844,178594,0.0,0.0
2022-10-17 11:30:00-04:00,32.959999084472656,33.13909912109375,32.775001525878906,33.119998931884766,229142,0.0,0.0
2022-10-17 12:30:00-04:00,33.13999938964844,33.474998474121094,33.027000427246094,33.34090042114258,81806,0.0,0.0
2022-10-17 13:30:00-04:00,33.33000183105469,33.525001525878906,33.16999816894531,33.4900016784668,306046,0.0,0.0
2022-10-17 14:30:00-04:00,33.52000045776367,33.7400016784668,33.279998779296875,33.42499923706055,175277,0.0,0.0
2022-10-17 15:30:00-04:00,33.42499923706055,33.46500015258789,33.191200256347656,33.29499816894531,217168,0.0,0.0
2022-10-18 09:30:00-04:00,33.93000030517578,34.21229934692383,33.25,33.29199981689453,468532,0.0,0.0
2022-10-18 10:30:00-04:00,33.27000045776367,33.41999816894531,32.869998931884766,32.97420120239258,144213,0.0,0.0
2022-10-18 11:30:00-04:00,32.97999954223633,33.234901428222656,32.65999984741211,33.20000076293945,180257,0.0,0.0
2022-10-18 12:30:00-04:00,33.220001220703125,33.790000915527344,33.220001220703125,33.790000915527344,94026,0.0,0.0
2022-10-18 13:30:00-04:00,33.810001373291016,33.81999969482422,33.38999938964844,33.41999816894531,67263,0.0,0.0
2022-10-18 14:30:00-04:00,33.40999984741211,33.61940002441406,33.18000030517578,33.38999938964844,152505,0.0,0.0
2022-10-18 15:30:00-04:00,33.369998931884766,33.52000045776367,33.28099822998047,33.5,154289,0.0,0.0
2022-10-19 09:30:00-04:00,33.90999984741211,34.880001068115234,33.34000015258789,34.81999969482422,177186,0.0,0.0
2022-10-19 10:30:00-04:00,34.84000015258789,34.95000076293945,34.47999954223633,34.68000030517578,163939,0.0,0.0
2022-10-19 11:30:00-04:00,34.67499923706055,35.08000183105469,34.61000061035156,34.75,166347,0.0,0.0
2022-10-19 12:30:00-04:00,34.743499755859375,34.900001525878906,34.400001525878906,34.709999084472656,316559,0.0,0.0
2022-10-19 13:30:00-04:00,34.709999084472656,35.459999084472656,34.689998626708984,35.349998474121094,180695,0.0,0.0
2022-10-19 14:30:00-04:00,35.32500076293945,35.470001220703125,35.18000030517578,35.31999969482422,282145,0.0,0.0
2022-10-19 15:30:00-04:00,35.290000915527344,35.33000183105469,34.959999084472656,35.2400016784668,328579,0.0,0.0
2022-10-20 09:30:00-04:00,35.75,35.900001525878906,35.279998779296875,35.59579849243164,361000,0.0,0.0
2022-10-20 10:30:00-04:00,35.54999923706055,35.76430130004883,35.41419982910156,35.47999954223633,120995,0.0,0.0
2022-10-20 11:30:00-04:00,35.47999954223633,35.529998779296875,34.88999938964844,34.900001525878906,1282105,0.0,0.0
2022-10-20 12:30:00-04:00,34.88999938964844,34.91999816894531,34.15999984741211,34.165000915527344,110061,0.0,0.0
2022-10-20 13:30:00-04:00,34.130001068115234,34.18000030517578,33.54999923706055,33.560001373291016,159629,0.0,0.0
2022-10-20 14:30:00-04:00,33.56999969482422,34.25,33.56999969482422,34.0,161806,0.0,0.0
2022-10-20 15:30:00-04:00,33.98400115966797,34.1150016784668,33.7599983215332,33.97999954223633,196165,0.0,0.0
2022-10-21 09:30:00-04:00,34.369998931884766,34.54999923706055,33.779998779296875,33.97999954223633,93363,0.0,0.0
2022-10-21 10:30:00-04:00,33.97999954223633,34.16999816894531,33.46799850463867,34.15999984741211,98675,0.0,0.0
2022-10-21 11:30:00-04:00,34.14500045776367,34.54999923706055,34.02000045776367,34.44499969482422,95757,0.0,0.0
2022-10-21 12:30:00-04:00,34.459999084472656,34.63999938964844,34.40999984741211,34.51499938964844,77002,0.0,0.0
2022-10-21 13:30:00-04:00,34.5099983215332,34.58000183105469,34.33000183105469,34.400001525878906,270381,0.0,0.0
2022-10-21 14:30:00-04:00,34.39500045776367,34.68000030517578,34.22999954223633,34.650001525878906,198696,0.0,0.0
2022-10-21 15:30:00-04:00,34.654998779296875,34.72999954223633,34.369998931884766,34.4900016784668,277970,0.0,0.0
2022-10-24 09:30:00-04:00,34.54999923706055,35.04999923706055,34.04999923706055,34.58000183105469,113302,0.0,0.0
2022-10-24 10:30:00-04:00,34.540000915527344,34.939998626708984,34.150001525878906,34.29999923706055,58883,0.0,0.0
2022-10-24 11:30:00-04:00,34.25,34.40999984741211,34.084999084472656,34.22999954223633,74734,0.0,0.0
2022-10-24 12:30:00-04:00,34.224998474121094,34.279998779296875,33.72999954223633,33.790000915527344,82588,0.0,0.0
2022-10-24 13:30:00-04:00,33.75,34.11000061035156,33.75,34.1083984375,83230,0.0,0.0
2022-10-24 14:30:00-04:00,34.095001220703125,34.439998626708984,34.0,34.439998626708984,278862,0.0,0.0
2022-10-24 15:30:00-04:00,34.439998626708984,34.56999969482422,34.15999984741211,34.20000076293945,158245,0.0,0.0
2022-10-25 09:30:00-04:00,33.84000015258789,34.28990173339844,33.5,34.279998779296875,81085,0.0,0.0
2022-10-25 10:30:00-04:00,34.34000015258789,34.34000015258789,33.79999923706055,33.79999923706055,69756,0.0,0.0
2022-10-25 11:30:00-04:00,33.7599983215332,34.15999984741211,33.69300079345703,34.06999969482422,90410,0.0,0.0
2022-10-25 12:30:00-04:00,34.067901611328125,34.61000061035156,34.067901611328125,34.58000183105469,252489,0.0,0.0
2022-10-25 13:30:00-04:00,34.599998474121094,34.63999938964844,33.95000076293945,34.0099983215332,191448,0.0,0.0
2022-10-25 14:30:00-04:00,34.005001068115234,34.1349983215332,33.86000061035156,34.09000015258789,117588,0.0,0.0
2022-10-25 15:30:00-04:00,34.11000061035156,34.13999938964844,33.95000076293945,34.06999969482422,162414,0.0,0.0
2022-10-26 09:30:00-04:00,34.290000915527344,35.13999938964844,34.275001525878906,35.02000045776367,114561,0.0,0.0
2022-10-26 10:30:00-04:00,34.900001525878906,35.41999816894531,34.88999938964844,35.189998626708984,115548,0.0,0.0
2022-10-26 11:30:00-04:00,35.15999984741211,35.310001373291016,35.01499938964844,35.125,56691,0.0,0.0
2022-10-26 12:30:00-04:00,35.10499954223633,35.150001525878906,34.65999984741211,34.65999984741211,55679,0.0,0.0
2022-10-26 13:30:00-04:00,34.630001068115234,34.900001525878906,34.5099983215332,34.83000183105469,73577,0.0,0.0
2022-10-26 14:30:00-04:00,34.84000015258789,35.0,34.7400016784668,34.94169998168945,62838,0.0,0.0
2022-10-26 15:30:00-04:00,34.959999084472656,35.08000183105469,34.90999984741211,35.0099983215332,175978,0.0,0.0
2022-10-27 09:30:00-04:00,35.650001525878906,35.7400016784668,35.0,35.43000030517578,111888,0.0,0.0
2022-10-27 10:30:00-04:00,35.47999954223633,35.720001220703125,35.13999938964844,35.529998779296875,268330,0.0,0.0
2022-10-27 11:30:00-04:00,35.529998779296875,35.59000015258789,35.0099983215332,35.130001068115234,137012,0.0,0.0
2022-10-27 12:30:00-04:00,35.13999938964844,35.59000015258789,35.13999938964844,35.41999816894531,133302,0.0,0.0
2022-10-27 13:30:00-04:00,35.43000030517578,35.599998474121094,35.084999084472656,35.09000015258789,126296,0.0,0.0
2022-10-27 14:30:00-04:00,35.06999969482422,35.130001068115234,34.560001373291016,34.650001525878906,264111,0.0,0.0
2022-10-27 15:30:00-04:00,34.64500045776367,34.68000030517578,34.20000076293945,34.22999954223633,297995,0.0,0.0
2022-10-28 09:30:00-04:00,34.41999816894531,34.599998474121094,33.130001068115234,33.31340026855469,102905,0.0,0.0
2022-10-28 10:30:00-04:00,33.29999923706055,33.40999984741211,32.630001068115234,32.959999084472656,125901,0.0,0.0
2022-10-28 11:30:00-04:00,32.991600036621094,33.47999954223633,32.86000061035156,33.45000076293945,80516,0.0,0.0
2022-10-28 12:30:00-04:00,33.47999954223633,33.56999969482422,33.220001220703125,33.275001525878906,74096,0.0,0.0
2022-10-28 13:30:00-04:00,33.27000045776367,33.45000076293945,33.150001525878906,33.220001220703125,75619,0.0,0.0
2022-10-28 14:30:00-04:00,33.25,33.630001068115234,33.25,33.61000061035156,85307,0.0,0.0
2022-10-28 15:30:00-04:00,33.59000015258789,33.75,33.49800109863281,33.619998931884766,163860,0.0,0.0
2022-10-31 09:30:00-04:00,33.47999954223633,34.22999954223633,33.36000061035156,34.165000915527344,88706,0.0,0.0
2022-10-31 10:30:00-04:00,34.20000076293945,34.66999816894531,34.04999923706055,34.380001068115234,229495,0.0,0.0
2022-10-31 11:30:00-04:00,34.380001068115234,34.38999938964844,33.68000030517578,33.869998931884766,103114,0.0,0.0
2022-10-31 12:30:00-04:00,33.84000015258789,33.95000076293945,33.660099029541016,33.89500045776367,41006,0.0,0.0
2022-10-31 13:30:00-04:00,33.86000061035156,34.220001220703125,33.86000061035156,34.15999984741211,44043,0.0,0.0
2022-10-31 14:30:00-04:00,34.150001525878906,34.5,34.14500045776367,34.345001220703125,121215,0.0,0.0
2022-10-31 15:30:00-04:00,34.33000183105469,34.3849983215332,34.04999923706055,34.130001068115234,173683,0.0,0.0
2022-11-01 09:30:00-04:00,35.029998779296875,35.101600646972656,34.439998626708984,34.77000045776367,179523,0.0,0.0
2022-11-01 10:30:00-04:00,34.77000045776367,35.0099983215332,34.47999954223633,34.9900016784668,198967,0.0,0.0
2022-11-01 11:30:00-04:00,34.994998931884766,35.040000915527344,34.654998779296875,34.875,109966,0.0,0.0
2022-11-01 12:30:00-04:00,34.849998474121094,34.8849983215332,34.599998474121094,34.689998626708984,144281,0.0,0.0
2022-11-01 13:30:00-04:00,34.66999816894531,34.66999816894531,34.47999954223633,34.54499816894531,185766,0.0,0.0
2022-11-01 14:30:00-04:00,34.54499816894531,34.79999923706055,34.43000030517578,34.43000030517578,235593,0.0,0.0
2022-11-01 15:30:00-04:00,34.42499923706055,34.59000015258789,34.31999969482422,34.54999923706055,430489,0.0,0.0
2022-11-02 09:30:00-04:00,34.45000076293945,34.5,33.650001525878906,33.9900016784668,65918,0.0,0.0
2022-11-02 10:30:00-04:00,34.005001068115234,34.57350158691406,34.005001068115234,34.47999954223633,85673,0.0,0.0
2022-11-02 11:30:00-04:00,34.4900016784668,34.810001373291016,34.279998779296875,34.3650016784668,194285,0.0,0.0
2022-11-02 12:30:00-04:00,34.38999938964844,34.45000076293945,34.053001403808594,34.08000183105469,56484,0.0,0.0
2022-11-02 13:30:00-04:00,34.095001220703125,34.75,34.05500030517578,34.58000183105469,259426,0.0,0.0
2022-11-02 14:30:00-04:00,34.61000061035156,34.66999816894531,33.27000045776367,33.375,167955,0.0,0.0
2022-11-02 15:30:00-04:00,33.380001068115234,33.529998779296875,33.22999954223633,33.36000061035156,115507,0.0,0.0
2022-11-03 09:30:00-04:00,33.599998474121094,34.099998474121094,32.849998474121094,33.56999969482422,217137,0.0,0.0
2022-11-03 10:30:00-04:00,33.54999923706055,34.63999938964844,33.54999923706055,34.33000183105469,237635,0.0,0.0
2022-11-03 11:30:00-04:00,34.38999938964844,34.599998474121094,34.13999938964844,34.529998779296875,102048,0.0,0.0
2022-11-03 12:30:00-04:00,34.5099983215332,34.540000915527344,34.27000045776367,34.3849983215332,70900,0.0,0.0
2022-11-03 13:30:00-04:00,34.36000061035156,34.369998931884766,34.095001220703125,34.15999984741211,143384,0.0,0.0
2022-11-03 14:30:00-04:00,34.16999816894531,34.31999969482422,33.93000030517578,34.220001220703125,86359,0.0,0.0
2022-11-03 15:30:00-04:00,34.209999084472656,34.27220153808594,33.83000183105469,33.849998474121094,167051,0.0,0.0
2022-11-04 09:30:00-04:00,35.16999816894531,35.91999816894531,34.869998931884766,35.470001220703125,287872,0.0,0.0
2022-11-04 10:30:00-04:00,35.65999984741211,35.79999923706055,35.209999084472656,35.255001068115234,171619,0.0,0.0
2022-11-04 11:30:00-04:00,35.2599983215332,35.369998931884766,34.459999084472656,34.709999084472656,360447,0.0,0.0
2022-11-04 12:30:00-04:00,34.70000076293945,34.84989929199219,34.5,34.79999923706055,125862,0.0,0.0
2022-11-04 13:30:00-04:00,34.79999923706055,34.970001220703125,34.59000015258789,34.91999816894531,54274,0.0,0.0
2022-11-04 14:30:00-04:00,34.970001220703125,35.22999954223633,34.91999816894531,35.209999084472656,537024,0.0,0.0
2022-11-04 15:30:00-04:00,35.209999084472656,35.2599983215332,34.9900016784668,34.9900016784668,193516,0.0,0.0
2022-11-07 09:30:00-05:00,35.369998931884766,35.75790023803711,34.709999084472656,35.46989822387695,153974,0.0,0.0
2022-11-07 10:30:00-05:00,35.42499923706055,36.369998931884766,35.42499923706055,36.119998931884766,321195,0.0,0.0
2022-11-07 11:30:00-05:00,36.130001068115234,36.2400016784668,35.25,35.34000015258789,191647,0.0,0.0
2022-11-07 12:30:00-05:00,35.345001220703125,35.4900016784668,35.1952018737793,35.209999084472656,126850,0.0,0.0
2022-11-07 13:30:00-05:00,35.189998626708984,35.29199981689453,34.959999084472656,35.17499923706055,151334,0.0,0.0
2022-11-07 14:30:00-05:00,35.20000076293945,35.59000015258789,35.06999969482422,35.564998626708984,249962,0.0,0.0
2022-11-07 15:30:00-05:00,35.560001373291016,35.599998474121094,35.28499984741211,35.529998779296875,152579,0.0,0.0
2022-11-08 09:30:00-05:00,35.33000183105469,35.33000183105469,34.06010055541992,34.79999923706055,143123,0.0,0.0
2022-11-08 10:30:00-05:00,34.840301513671875,35.400001525878906,34.75,35.060001373291016,123814,0.0,0.0
2022-11-08 11:30:00-05:00,35.040000915527344,35.31999969482422,35.02000045776367,35.099998474121094,92201,0.0,0.0
2022-11-08 12:30:00-05:00,35.08000183105469,35.404998779296875,34.90999984741211,34.90999984741211,447761,0.0,0.0
2022-11-08 13:30:00-05:00,34.90999984741211,35.41999816894531,34.880001068115234,35.130001068115234,213758,0.0,0.0
2022-11-08 14:30:00-05:00,35.13999938964844,35.61000061035156,35.09000015258789,35.599998474121094,164400,0.0,0.0
2022-11-08 15:30:00-05:00,35.599998474121094,35.72439956665039,35.5099983215332,35.65999984741211,275454,0.0,0.0
2022-11-09 09:30:00-05:00,34.7599983215332,36.22999954223633,34.20000076293945,35.96500015258789,338141,0.0,0.0
2022-11-09 10:30:00-05:00,36.0,36.286598205566406,34.779998779296875,35.26319885253906,181634,0.0,0.0
2022-11-09 11:30:00-05:00,35.19499969482422,35.82500076293945,35.19499969482422,35.58000183105469,100458,0.0,0.0
2022-11-09 12:30:00-05:00,35.599998474121094,35.779998779296875,34.86000061035156,34.900001525878906,174983,0.0,0.0
2022-11-09 13:30:00-05:00,34.86000061035156,34.97999954223633,34.439998626708984,34.70000076293945,202375,0.0,0.0
2022-11-09 14:30:00-05:00,34.66999816894531,34.66999816894531,34.0099983215332,34.32500076293945,214704,0.0,0.0
2022-11-09 15:30:00-05:00,34.32500076293945,34.599998474121094,34.08000183105469,34.41999816894531,334017,0.0,0.0
2022-11-10 09:30:00-05:00,35.63999938964844,36.400001525878906,34.95000076293945,36.3849983215332,237900,0.0,0.0
2022-11-10 10:30:00-05:00,36.41999816894531,37.029998779296875,36.31999969482422,36.5099983215332,274658,0.0,0.0
2022-11-10 11:30:00-05:00,36.47999954223633,36.68000030517578,36.0099983215332,36.0099983215332,160638,0.0,0.0
2022-11-10 12:30:00-05:00,35.9900016784668,36.4281005859375,35.79999923706055,36.4281005859375,151367,0.0,0.0
2022-11-10 13:30:00-05:00,36.43000030517578,36.529998779296875,36.209999084472656,36.314998626708984,139858,0.0,0.0
2022-11-10 14:30:00-05:00,36.32500076293945,36.93000030517578,36.25,36.880001068115234,273929,0.0,0.0
2022-11-10 15:30:00-05:00,36.869998931884766,37.209999084472656,36.849998474121094,36.95000076293945,434261,0.0,0.0
2022-11-11 09:30:00-05:00,37.79999923706055,38.119998931884766,37.33000183105469,37.60499954223633,271175,0.0,0.0
2022-11-11 10:30:00-05:00,37.60499954223633,37.84000015258789,37.06999969482422,37.130001068115234,219035,0.0,0.0
2022-11-11 11:30:00-05:00,37.099998474121094,37.251399993896484,36.82500076293945,37.150001525878906,212732,0.0,0.0
2022-11-11 12:30:00-05:00,37.15999984741211,37.27000045776367,37.02000045776367,37.220001220703125,161205,0.0,0.0
2022-11-11 13:30:00-05:00,37.220001220703125,37.630001068115234,37.13999938964844,37.61000061035156,104531,0.0,0.0
2022-11-11 14:30:00-05:00,37.6150016784668,37.743099212646484,37.31999969482422,37.720001220703125,155907,0.0,0.0
2022-11-11 15:30:00-05:00,37.724998474121094,37.77000045776367,37.349998474121094,37.415000915527344,303520,0.0,0.0
2022-11-14 09:30:00-05:00,37.790000915527344,38.83000183105469,37.660099029541016,38.83000183105469,378688,0.0,0.0
2022-11-14 10:30:00-05:00,38.83000183105469,38.8650016784668,38.189998626708984,38.310001373291016,494579,0.0,0.0
2022-11-14 11:30:00-05:00,38.310001373291016,38.45000076293945,37.5099983215332,38.279998779296875,185726,0.0,0.0
2022-11-14 12:30:00-05:00,38.25,38.68000030517578,38.08000183105469,38.67499923706055,166594,0.0,0.0
2022-11-14 13:30:00-05:00,38.689998626708984,39.01499938964844,38.65999984741211,38.8849983215332,229362,0.0,0.0
2022-11-14 14:30:00-05:00,38.90999984741211,38.96500015258789,38.33000183105469,38.470001220703125,196061,0.0,0.0
2022-11-14 15:30:00-05:00,38.470001220703125,38.63999938964844,37.880001068115234,37.90999984741211,459759,0.0,0.0
2022-11-15 09:30:00-05:00,37.630001068115234,38.602901458740234,36.77000045776367,38.45500183105469,355585,0.0,0.0
2022-11-15 10:30:00-05:00,38.4900016784668,38.4900016784668,37.650001525878906,38.04999923706055,253029,0.0,0.0
2022-11-15 11:30:00-05:00,38.040000915527344,38.20750045776367,37.970001220703125,38.09000015258789,345291,0.0,0.0
2022-11-15 12:30:00-05:00,38.08000183105469,38.334999084472656,37.720001220703125,37.869998931884766,370741,0.0,0.0
2022-11-15 13:30:00-05:00,37.959999084472656,38.2599983215332,37.904998779296875,38.040000915527344,225561,0.0,0.0
2022-11-15 14:30:00-05:00,38.084999084472656,38.36000061035156,38.060001373291016,38.27000045776367,411902,0.0,0.0
2022-11-15 15:30:00-05:00,38.29999923706055,38.38750076293945,37.939998626708984,37.970001220703125,486966,0.0,0.0
2022-11-16 09:30:00-05:00,37.20000076293945,37.369998931884766,36.63999938964844,36.93000030517578,257345,0.0,0.0
2022-11-16 10:30:00-05:00,36.93000030517578,37.154998779296875,36.51499938964844,36.85499954223633,194049,0.0,0.0
2022-11-16 11:30:00-05:00,36.849998474121094,37.029998779296875,36.584999084472656,36.82500076293945,225721,0.0,0.0
2022-11-16 12:30:00-05:00,36.915000915527344,37.0,36.33000183105469,36.400001525878906,138574,0.0,0.0
2022-11-16 13:30:00-05:00,36.43000030517578,37.130001068115234,36.42499923706055,37.11000061035156,269639,0.0,0.0
2022-11-16 14:30:00-05:00,37.1150016784668,37.275001525878906,36.95500183105469,37.11000061035156,203344,0.0,0.0
2022-11-16 15:30:00-05:00,37.11000061035156,37.25,36.88999938964844,36.94499969482422,440443,0.0,0.0
2022-11-17 09:30:00-05:00,36.630001068115234,36.81999969482422,35.880001068115234,36.53179931640625,543530,0.0,0.0
2022-11-17 10:30:00-05:00,36.564998626708984,36.83000183105469,36.02000045776367,36.22999954223633,187537,0.0,0.0
2022-11-17 11:30:00-05:00,36.220001220703125,36.255001068115234,35.86000061035156,35.86000061035156,138014,0.0,0.0
2022-11-17 12:30:00-05:00,35.88359832763672,36.52000045776367,35.83000183105469,36.34000015258789,1187620,0.0,0.0
2022-11-17 13:30:00-05:00,36.33000183105469,36.64500045776367,36.14500045776367,36.224998474121094,128949,0.0,0.0
2022-11-17 14:30:00-05:00,36.224998474121094,36.33000183105469,35.81999969482422,36.03499984741211,206459,0.0,0.0
2022-11-17 15:30:00-05:00,36.02000045776367,36.599998474121094,35.959999084472656,36.56999969482422,436516,0.0,0.0
2022-11-18 09:30:00-05:00,35.790000915527344,35.939998626708984,34.459999084472656,35.38999938964844,367031,0.0,0.0
2022-11-18 10:30:00-05:00,35.36000061035156,36.33890151977539,35.285701751708984,35.959999084472656,278383,0.0,0.0
2022-11-18 11:30:00-05:00,35.93000030517578,35.959999084472656,35.529998779296875,35.83000183105469,253543,0.0,0.0
2022-11-18 12:30:00-05:00,35.83000183105469,35.970001220703125,35.7400016784668,35.915000915527344,122126,0.0,0.0
2022-11-18 13:30:00-05:00,35.912498474121094,36.09000015258789,35.810001373291016,36.04999923706055,129517,0.0,0.0
2022-11-18 14:30:00-05:00,36.040000915527344,36.43000030517578,36.0,36.400001525878906,200755,0.0,0.0
2022-11-18 15:30:00-05:00,36.40999984741211,36.54999923706055,36.349998474121094,36.470001220703125,259743,0.0,0.0
2022-11-21 09:30:00-05:00,35.86000061035156,35.86000061035156,34.23139953613281,34.5,315269,0.0,0.0
2022-11-21 10:30:00-05:00,34.470001220703125,34.79999923706055,34.20000076293945,34.276100158691406,195446,0.0,0.0
2022-11-21 11:30:00-05:00,34.279998779296875,35.589900970458984,34.15999984741211,35.2599983215332,234273,0.0,0.0
2022-11-21 12:30:00-05:00,35.209999084472656,35.859901428222656,35.209999084472656,35.63990020751953,136566,0.0,0.0
2022-11-21 13:30:00-05:00,35.630001068115234,35.72999954223633,35.1349983215332,35.27000045776367,106550,0.0,0.0
2022-11-21 14:30:00-05:00,35.27000045776367,35.439998626708984,35.08000183105469,35.130001068115234,152937,0.0,0.0
2022-11-21 15:30:00-05:00,35.13999938964844,35.619998931884766,35.1349983215332,35.529998779296875,276704,0.0,0.0
2022-11-22 09:30:00-05:00,36.279998779296875,36.54999923706055,35.5,36.064998626708984,230324,0.0,0.0
2022-11-22 10:30:00-05:00,36.064998626708984,36.220001220703125,35.83000183105469,35.87540054321289,150151,0.0,0.0
2022-11-22 11:30:00-05:00,35.849998474121094,36.40999984741211,35.82500076293945,36.314998626708984,178993,0.0,0.0
2022-11-22 12:30:00-05:00,36.33000183105469,36.68000030517578,35.96500015258789,36.68000030517578,288904,0.0,0.0
2022-11-22 13:30:00-05:00,36.65999984741211,36.81999969482422,36.41999816894531,36.41999816894531,142114,0.0,0.0
2022-11-22 14:30:00-05:00,36.41999816894531,36.80500030517578,36.40999984741211,36.78499984741211,150023,0.0,0.0
2022-11-22 15:30:00-05:00,36.7599983215332,36.83000183105469,36.584999084472656,36.779998779296875,358390,0.0,0.0
2022-11-23 09:30:00-05:00,36.31999969482422,36.47999954223633,35.279998779296875,35.472801208496094,147413,0.0,0.0
2022-11-23 10:30:00-05:00,35.43000030517578,35.52000045776367,35.11000061035156,35.47999954223633,121476,0.0,0.0
2022-11-23 11:30:00-05:00,35.5,35.7400016784668,35.48500061035156,35.56999969482422,166125,0.0,0.0
2022-11-23 12:30:00-05:00,35.56999969482422,35.810001373291016,35.4900016784668,35.720001220703125,70206,0.0,0.0
2022-11-23 13:30:00-05:00,35.72999954223633,36.06999969482422,35.619998931884766,35.959999084472656,94157,0.0,0.0
2022-11-23 14:30:00-05:00,35.959999084472656,36.16999816894531,35.75,35.75,192073,0.0,0.0
2022-11-23 15:30:00-05:00,35.75,35.900001525878906,35.619998931884766,35.88999938964844,220632,0.0,0.0
2022-11-25 09:30:00-05:00,36.150001525878906,36.45000076293945,35.720001220703125,36.349998474121094,154056,0.0,0.0
2022-11-25 10:30:00-05:00,36.349998474121094,36.540000915527344,36.310001373291016,36.525001525878906,66466,0.0,0.0
2022-11-25 11:30:00-05:00,36.47999954223633,36.494998931884766,36.209999084472656,36.2599983215332,120695,0.0,0.0
2022-11-28 09:30:00-05:00,34.720001220703125,35.16999816894531,34.41999816894531,35.005001068115234,198423,0.0,0.0
2022-11-28 10:30:00-05:00,34.9900016784668,35.2599983215332,34.57500076293945,34.71500015258789,177712,0.0,0.0
2022-11-28 11:30:00-05:00,34.70000076293945,35.10499954223633,34.599998474121094,34.779998779296875,147333,0.0,0.0
2022-11-28 12:30:00-05:00,34.77000045776367,34.9900016784668,34.709999084472656,34.709999084472656,108112,0.0,0.0
2022-11-28 13:30:00-05:00,34.744998931884766,34.9900016784668,34.65999984741211,34.69499969482422,92019,0.0,0.0
2022-11-28 14:30:00-05:00,34.69499969482422,34.78620147705078,34.595001220703125,34.61000061035156,118897,0.0,0.0
2022-11-28 15:30:00-05:00,34.61000061035156,34.72999954223633,34.560001373291016,34.68000030517578,256360,0.0,0.0
2022-11-29 09:30:00-05:00,35.43000030517578,35.842201232910156,35.029998779296875,35.79999923706055,470051,0.0,0.0
2022-11-29 10:30:00-05:00,35.79999923706055,35.93000030517578,34.939998626708984,34.95000076293945,238178,0.0,0.0
2022-11-29 11:30:00-05:00,34.91999816894531,35.224998474121094,34.83000183105469,35.20000076293945,126543,0.0,0.0
2022-11-29 12:30:00-05:00,35.20500183105469,35.5724983215332,35.20500183105469,35.439998626708984,126781,0.0,0.0
2022-11-29 13:30:00-05:00,35.459999084472656,35.7599983215332,35.400001525878906,35.40999984741211,102363,0.0,0.0
2022-11-29 14:30:00-05:00,35.400001525878906,35.654998779296875,35.369998931884766,35.6150016784668,91018,0.0,0.0
2022-11-29 15:30:00-05:00,35.62419891357422,35.72999954223633,35.55500030517578,35.720001220703125,241503,0.0,0.0
2022-11-30 09:30:00-05:00,36.599998474121094,36.619998931884766,35.560001373291016,35.560001373291016,149877,0.0,0.0
2022-11-30 10:30:00-05:00,35.599998474121094,36.15999984741211,35.599998474121094,36.130001068115234,89544,0.0,0.0
2022-11-30 11:30:00-05:00,36.13999938964844,36.209999084472656,35.61000061035156,35.66999816894531,69940,0.0,0.0
2022-11-30 12:30:00-05:00,35.650001525878906,35.83000183105469,35.45000076293945,35.810001373291016,74368,0.0,0.0
2022-11-30 13:30:00-05:00,35.810001373291016,36.47999954223633,35.779998779296875,36.38999938964844,104074,0.0,0.0
2022-11-30 14:30:00-05:00,36.380001068115234,36.41999816894531,36.11000061035156,36.369998931884766,139555,0.0,0.0
2022-11-30 15:30:00-05:00,36.380001068115234,36.5,36.22999954223633,36.380001068115234,252736,0.0,0.0
2022-12-01 09:30:00-05:00,37.0099983215332,37.09000015258789,36.400001525878906,36.41999816894531,198032,0.0,0.0
2022-12-01 10:30:00-05:00,36.41999816894531,36.59000015258789,35.89500045776367,35.97999954223633,200145,0.0,0.0
2022-12-01 11:30:00-05:00,35.9900016784668,36.07500076293945,35.37839889526367,35.470001220703125,164998,0.0,0.0
2022-12-01 12:30:00-05:00,35.47999954223633,35.655799865722656,35.41999816894531,35.41999816894531,135409,0.0,0.0
2022-12-01 13:30:00-05:00,35.415000915527344,35.459999084472656,35.22999954223633,35.36000061035156,128161,0.0,0.0
2022-12-01 14:30:00-05:00,35.38999938964844,35.540000915527344,35.224998474121094,35.224998474121094,327067,0.0,0.0
2022-12-01 15:30:00-05:00,35.224998474121094,35.40999984741211,35.20000076293945,35.32500076293945,287763,0.0,0.0
2022-12-02 09:30:00-05:00,34.88999938964844,35.84000015258789,34.79999923706055,35.57500076293945,102138,0.0,0.0
2022-12-02 10:30:00-05:00,35.59000015258789,35.900001525878906,35.51499938964844,35.65999984741211,99842,0.0,0.0
2022-12-02 11:30:00-05:00,35.66999816894531,35.79999923706055,35.564998626708984,35.685001373291016,110860,0.0,0.0
2022-12-02 12:30:00-05:00,35.65999984741211,35.65999984741211,35.189998626708984,35.34000015258789,78713,0.0,0.0
2022-12-02 13:30:00-05:00,35.334999084472656,35.54999923706055,35.310001373291016,35.470001220703125,77671,0.0,0.0
2022-12-02 14:30:00-05:00,35.5099983215332,35.994998931884766,35.4900016784668,35.83000183105469,180394,0.0,0.0
2022-12-02 15:30:00-05:00,35.83000183105469,35.900001525878906,35.654998779296875,35.75,158206,0.0,0.0
2022-12-05 09:30:00-05:00,36.400001525878906,36.560001373291016,35.2599983215332,35.310001373291016,124871,0.0,0.0
2022-12-05 10:30:00-05:00,35.31999969482422,35.31999969482422,34.40999984741211,34.619998931884766,151388,0.0,0.0
2022-12-05 11:30:00-05:00,34.630001068115234,34.630001068115234,34.290000915527344,34.474998474121094,88689,0.0,0.0
2022-12-05 12:30:00-05:00,34.480098724365234,34.529998779296875,34.0099983215332,34.060001373291016,121303,0.0,0.0
2022-12-05 13:30:00-05:00,34.04999923706055,34.04999923706055,33.5900993347168,33.709999084472656,167358,0.0,0.0
2022-12-05 14:30:00-05:00,33.720001220703125,34.025001525878906,33.5099983215332,33.84000015258789,147836,0.0,0.0
2022-12-05 15:30:00-05:00,33.83000183105469,34.0,33.630001068115234,33.93000030517578,294905,0.0,0.0
2022-12-06 09:30:00-05:00,33.650001525878906,34.150001525878906,33.175201416015625,33.650001525878906,76122,0.0,0.0
2022-12-06 10:30:00-05:00,33.560001373291016,33.7599983215332,33.37269973754883,33.56999969482422,79285,0.0,0.0
2022-12-06 11:30:00-05:00,33.56999969482422,33.67499923706055,33.314998626708984,33.38999938964844,68730,0.0,0.0
2022-12-06 12:30:00-05:00,33.380001068115234,33.380001068115234,32.52000045776367,32.65999984741211,168073,0.0,0.0
2022-12-06 13:30:00-05:00,32.65999984741211,33.04999923706055,32.65999984741211,32.75,85669,0.0,0.0
2022-12-06 14:30:00-05:00,32.76499938964844,32.814998626708984,32.33000183105469,32.40999984741211,174234,0.0,0.0
2022-12-06 15:30:00-05:00,32.400001525878906,32.744998931884766,32.38999938964844,32.720001220703125,211250,0.0,0.0
2022-12-07 09:30:00-05:00,32.709999084472656,33.39500045776367,32.625,33.040000915527344,290290,0.0,0.0
2022-12-07 10:30:00-05:00,33.060001373291016,33.20000076293945,32.16999816894531,32.41600036621094,104377,0.0,0.0
2022-12-07 11:30:00-05:00,32.439998626708984,32.540000915527344,32.209999084472656,32.33089828491211,95638,0.0,0.0
2022-12-07 12:30:00-05:00,32.380001068115234,32.470001220703125,32.099998474121094,32.16999816894531,80290,0.0,0.0
2022-12-07 13:30:00-05:00,32.16999816894531,32.36000061035156,31.84000015258789,32.36000061035156,125296,0.0,0.0
2022-12-07 14:30:00-05:00,32.369998931884766,32.560001373291016,32.279998779296875,32.38999938964844,77178,0.0,0.0
2022-12-07 15:30:00-05:00,32.38999938964844,32.45500183105469,32.290000915527344,32.349998474121094,157705,0.0,0.0
2022-12-08 09:30:00-05:00,33.40999984741211,33.59000015258789,32.587501525878906,32.724998474121094,112664,0.0,0.0
2022-12-08 10:30:00-05:00,32.709999084472656,32.779998779296875,31.820999145507812,31.860000610351562,70949,0.0,0.0
2022-12-08 11:30:00-05:00,31.860000610351562,32.060001373291016,31.645000457763672,31.799999237060547,102212,0.0,0.0
2022-12-08 12:30:00-05:00,31.780000686645508,32.0,31.665000915527344,32.0,169898,0.0,0.0
2022-12-08 13:30:00-05:00,32.0,32.02000045776367,31.59000015258789,31.6200008392334,171015,0.0,0.0
2022-12-08 14:30:00-05:00,31.600099563598633,31.760000228881836,31.290000915527344,31.309999465942383,125247,0.0,0.0
2022-12-08 15:30:00-05:00,31.295000076293945,31.479999542236328,31.219999313354492,31.469999313354492,240935,0.0,0.0
2022-12-09 09:30:00-05:00,31.420000076293945,32.02000045776367,31.15999984741211,31.920000076293945,146859,0.0,0.0
2022-12-09 10:30:00-05:00,31.885000228881836,31.920000076293945,31.399999618530273,31.729999542236328,79906,0.0,0.0
2022-12-09 11:30:00-05:00,31.674999237060547,31.68000030517578,31.219999313354492,31.239999771118164,58289,0.0,0.0
2022-12-09 12:30:00-05:00,31.25,31.302499771118164,31.010000228881836,31.110000610351562,85274,0.0,0.0
2022-12-09 13:30:00-05:00,31.09000015258789,31.440000534057617,31.09000015258789,31.43000030517578,79473,0.0,0.0
2022-12-09 14:30:00-05:00,31.420000076293945,31.479999542236328,31.229999542236328,31.31999969482422,76876,0.0,0.0
2022-12-09 15:30:00-05:00,31.309999465942383,31.354999542236328,31.09000015258789,31.139999389648438,187458,0.0,0.0
2022-12-12 09:30:00-05:00,31.1200008392334,32.150001525878906,31.1200008392334,32.11000061035156,117320,0.0,0.0
2022-12-12 10:30:00-05:00,32.11000061035156,32.310001373291016,32.055999755859375,32.16999816894531,157971,0.0,0.0
2022-12-12 11:30:00-05:00,32.165000915527344,32.165000915527344,31.81999969482422,31.954999923706055,110598,0.0,0.0
2022-12-12 12:30:00-05:00,31.940000534057617,32.005001068115234,31.774999618530273,31.780000686645508,98765,0.0,0.0
2022-12-12 13:30:00-05:00,31.790000915527344,32.1150016784668,31.790000915527344,32.084999084472656,145309,0.0,0.0
2022-12-12 14:30:00-05:00,32.09000015258789,32.41999816894531,32.03499984741211,32.404998779296875,249064,0.0,0.0
2022-12-12 15:30:00-05:00,32.40999984741211,32.540000915527344,32.29499816894531,32.40999984741211,323068,0.0,0.0
2022-12-13 09:30:00-05:00,33.43000030517578,33.75,32.959999084472656,32.959999084472656,176731,0.0,0.0
2022-12-13 10:30:00-05:00,32.970001220703125,32.970001220703125,32.349998474121094,32.619998931884766,104859,0.0,0.0
2022-12-13 11:30:00-05:00,32.650001525878906,32.91999816894531,32.41999816894531,32.63999938964844,117342,0.0,0.0
2022-12-13 12:30:00-05:00,32.65999984741211,32.720001220703125,32.380001068115234,32.5,112338,0.0,0.0
2022-12-13 13:30:00-05:00,32.51499938964844,32.619998931884766,32.40999984741211,32.5099983215332,80994,0.0,0.0
2022-12-13 14:30:00-05:00,32.4900016784668,32.69499969482422,32.40999984741211,32.68000030517578,110829,0.0,0.0
2022-12-13 15:30:00-05:00,32.68000030517578,32.72999954223633,32.540000915527344,32.68000030517578,153853,0.0,0.0
2022-12-14 09:30:00-05:00,33.11000061035156,33.659000396728516,32.54499816894531,32.54999923706055,212618,0.0,0.0
2022-12-14 10:30:00-05:00,32.529998779296875,32.869998931884766,32.150001525878906,32.77000045776367,161103,0.0,0.0
2022-12-14 11:30:00-05:00,32.77000045776367,32.77000045776367,32.5,32.65999984741211,154962,0.0,0.0
2022-12-14 12:30:00-05:00,32.650001525878906,32.689998626708984,32.45500183105469,32.56999969482422,130467,0.0,0.0
2022-12-14 13:30:00-05:00,32.56999969482422,32.7400016784668,32.22999954223633,32.689998626708984,146998,0.0,0.0
2022-12-14 14:30:00-05:00,32.68000030517578,33.06999969482422,32.40999984741211,32.5099983215332,170077,0.0,0.0
2022-12-14 15:30:00-05:00,32.5,32.540000915527344,32.2400016784668,32.29999923706055,201136,0.0,0.0
2022-12-15 09:30:00-05:00,32.099998474121094,32.68000030517578,31.700000762939453,32.63999938964844,183317,0.0,0.0
2022-12-15 10:30:00-05:00,32.630001068115234,32.959999084472656,32.20000076293945,32.22999954223633,245281,0.0,0.0
2022-12-15 11:30:00-05:00,32.22999954223633,32.58679962158203,32.0,32.57500076293945,110650,0.0,0.0
2022-12-15 12:30:00-05:00,32.58000183105469,32.619998931884766,32.150001525878906,32.209999084472656,156107,0.0,0.0
2022-12-15 13:30:00-05:00,32.224998474121094,32.33000183105469,32.040000915527344,32.18000030517578,161618,0.0,0.0
2022-12-15 14:30:00-05:00,32.18000030517578,32.470001220703125,32.18000030517578,32.45000076293945,163932,0.0,0.0
2022-12-15 15:30:00-05:00,32.45000076293945,32.685001373291016,32.41999816894531,32.650001525878906,214606,0.0,0.0
2022-12-16 09:30:00-05:00,31.5,31.950000762939453,31.190000534057617,31.28499984741211,271242,0.0,0.0
2022-12-16 10:30:00-05:00,31.270000457763672,31.40999984741211,30.88680076599121,31.15999984741211,96131,0.0,0.0
2022-12-16 11:30:00-05:00,31.1299991607666,31.3700008392334,30.899999618530273,31.1299991607666,108259,0.0,0.0
2022-12-16 12:30:00-05:00,31.170000076293945,31.229999542236328,30.75,30.799999237060547,84000,0.0,0.0
2022-12-16 13:30:00-05:00,30.809999465942383,31.389999389648438,30.809999465942383,31.389999389648438,141588,0.0,0.0
2022-12-16 14:30:00-05:00,31.3799991607666,31.530000686645508,31.280000686645508,31.530000686645508,189676,0.0,0.0
2022-12-16 15:30:00-05:00,31.540000915527344,31.829999923706055,31.540000915527344,31.68000030517578,356264,0.0,0.0
2022-12-19 09:30:00-05:00,31.90999984741211,32.369998931884766,31.260000228881836,31.360000610351562,95109,0.0,0.0
2022-12-19 10:30:00-05:00,31.360000610351562,31.360000610351562,30.8700008392334,31.350000381469727,89379,0.0,0.0
2022-12-19 11:30:00-05:00,31.329999923706055,31.40999984741211,31.049999237060547,31.079999923706055,78557,0.0,0.0
2022-12-19 12:30:00-05:00,31.079999923706055,31.239999771118164,30.69420051574707,30.75,75373,0.0,0.0
2022-12-19 13:30:00-05:00,30.739999771118164,30.81999969482422,30.350000381469727,30.350000381469727,101440,0.0,0.0
2022-12-19 14:30:00-05:00,30.34000015258789,30.559999465942383,30.270000457763672,30.364999771118164,143707,0.0,0.0
2022-12-19 15:30:00-05:00,30.360000610351562,30.549999237060547,30.344999313354492,30.485000610351562,208846,0.0,0.0
2022-12-20 09:30:00-05:00,30.1299991607666,30.950000762939453,30.110000610351562,30.709999084472656,94344,0.0,0.0
2022-12-20 10:30:00-05:00,30.75,30.790000915527344,30.5,30.5,326169,0.0,0.0
2022-12-20 11:30:00-05:00,30.510000228881836,30.639999389648438,30.43000030517578,30.43000030517578,81863,0.0,0.0
2022-12-20 12:30:00-05:00,30.420000076293945,30.959999084472656,30.34000015258789,30.889999389648438,108442,0.0,0.0
2022-12-20 13:30:00-05:00,30.89259910583496,31.219999313354492,30.8799991607666,30.979999542236328,229548,0.0,0.0
2022-12-20 14:30:00-05:00,30.979999542236328,31.06999969482422,30.709999084472656,30.815000534057617,152253,0.0,0.0
2022-12-20 15:30:00-05:00,30.809999465942383,30.93000030517578,30.739999771118164,30.780000686645508,248635,0.0,0.0
2022-12-21 09:30:00-05:00,31.540000915527344,31.670000076293945,30.809999465942383,31.170000076293945,93286,0.0,0.0
2022-12-21 10:30:00-05:00,31.2549991607666,31.799999237060547,31.25,31.75,102011,0.0,0.0
2022-12-21 11:30:00-05:00,31.75,31.814199447631836,31.59000015258789,31.639999389648438,66932,0.0,0.0
2022-12-21 12:30:00-05:00,31.68000030517578,31.8700008392334,31.65999984741211,31.709999084472656,55105,0.0,0.0
2022-12-21 13:30:00-05:00,31.700000762939453,31.969999313354492,31.65999984741211,31.799999237060547,57675,0.0,0.0
2022-12-21 14:30:00-05:00,31.790000915527344,32.060001373291016,31.790000915527344,31.8700008392334,104491,0.0,0.0
2022-12-21 15:30:00-05:00,31.8700008392334,31.8799991607666,31.600000381469727,31.639999389648438,204364,0.0,0.0
2022-12-22 09:30:00-05:00,31.40999984741211,31.639999389648438,30.559999465942383,30.594999313354492,72499,0.0,0.0
2022-12-22 10:30:00-05:00,30.56999969482422,30.71500015258789,30.360000610351562,30.563199996948242,132803,0.0,0.0
2022-12-22 11:30:00-05:00,30.59000015258789,30.690000534057617,30.06999969482422,30.125,122440,0.0,0.0
2022-12-22 12:30:00-05:00,30.139999389648438,30.18000030517578,29.579999923706055,29.735000610351562,346118,0.0,0.0
2022-12-22 13:30:00-05:00,29.719999313354492,29.81999969482422,29.450000762939453,29.729999542236328,146293,0.0,0.0
2022-12-22 14:30:00-05:00,29.770000457763672,30.479999542236328,29.770000457763672,30.479999542236328,128662,0.0,0.0
2022-12-22 15:30:00-05:00,30.479999542236328,30.479999542236328,30.1299991607666,30.270000457763672,212579,0.0,0.0
2022-12-23 09:30:00-05:00,30.8700008392334,31.538799285888672,30.469999313354492,31.5,93991,0.0,0.0
2022-12-23 10:30:00-05:00,31.5049991607666,31.530000686645508,31.059999465942383,31.104999542236328,119173,0.0,0.0
2022-12-23 11:30:00-05:00,31.09000015258789,31.329999923706055,31.049999237060547,31.290000915527344,73130,0.0,0.0
2022-12-23 12:30:00-05:00,31.290000915527344,31.34589958190918,31.125,31.3302001953125,64933,0.0,0.0
2022-12-23 13:30:00-05:00,31.350000381469727,31.610000610351562,31.31999969482422,31.479999542236328,85470,0.0,0.0
2022-12-23 14:30:00-05:00,31.46500015258789,31.670000076293945,31.424999237060547,31.649999618530273,88103,0.0,0.0
2022-12-23 15:30:00-05:00,31.639999389648438,31.790000915527344,31.600000381469727,31.75,149676,0.0,0.0
2022-12-27 09:30:00-05:00,31.90999984741211,32.09000015258789,31.549999237060547,32.033199310302734,102904,0.0,0.0
2022-12-27 10:30:00-05:00,32.08000183105469,32.11000061035156,31.639999389648438,31.75,87155,0.0,0.0
2022-12-27 11:30:00-05:00,31.729999542236328,31.979999542236328,31.670000076293945,31.795000076293945,81324,0.0,0.0
2022-12-27 12:30:00-05:00,31.790000915527344,31.865100860595703,31.540000915527344,31.850000381469727,68981,0.0,0.0
2022-12-27 13:30:00-05:00,31.860000610351562,32.02000045776367,31.59000015258789,31.639999389648438,94702,0.0,0.0
2022-12-27 14:30:00-05:00,31.64900016784668,31.98900032043457,31.610000610351562,31.969999313354492,108668,0.0,0.0
2022-12-27 15:30:00-05:00,31.954999923706055,32.10900115966797,31.799999237060547,32.040000915527344,170432,0.0,0.0
2022-12-28 09:30:00-05:00,31.6299991607666,31.6299991607666,30.270000457763672,30.389999389648438,174858,0.0,0.0
2022-12-28 10:30:00-05:00,30.34000015258789,30.709999084472656,30.325000762939453,30.6299991607666,152447,0.0,0.0
2022-12-28 11:30:00-05:00,30.61240005493164,30.649999618530273,30.079999923706055,30.350000381469727,84719,0.0,0.0
2022-12-28 12:30:00-05:00,30.34000015258789,30.700000762939453,30.34000015258789,30.520000457763672,85999,0.0,0.0
2022-12-28 13:30:00-05:00,30.5,30.559999465942383,30.389999389648438,30.420000076293945,98792,0.0,0.0
2022-12-28 14:30:00-05:00,30.399999618530273,30.579999923706055,30.014999389648438,30.020000457763672,144657,0.0,0.0
2022-12-28 15:30:00-05:00,30.014999389648438,30.131000518798828,29.924999237060547,30.049999237060547,239833,0.0,0.0
2022-12-29 09:30:00-05:00,29.81999969482422,30.90999984741211,29.600000381469727,30.81999969482422,102734,0.0,0.0
2022-12-29 10:30:00-05:00,30.81999969482422,30.969999313354492,30.604999542236328,30.790000915527344,88712,0.0,0.0
2022-12-29 11:30:00-05:00,30.78380012512207,30.969999313354492,30.6200008392334,30.6200008392334,62641,0.0,0.0
2022-12-29 12:30:00-05:00,30.6200008392334,30.8799991607666,30.549999237060547,30.860000610351562,92974,0.0,0.0
2022-12-29 13:30:00-05:00,30.860000610351562,30.94499969482422,30.6919002532959,30.875,84123,0.0,0.0
2022-12-29 14:30:00-05:00,30.8799991607666,30.940000534057617,30.579999923706055,30.69499969482422,117806,0.0,0.0
2022-12-29 15:30:00-05:00,30.700000762939453,30.709999084472656,30.469999313354492,30.649999618530273,197204,0.0,0.0
2022-12-30 09:30:00-05:00,30.18000030517578,30.90999984741211,30.1299991607666,30.895000457763672,242716,0.0,0.0
2022-12-30 10:30:00-05:00,30.889999389648438,30.940000534057617,30.489999771118164,30.559999465942383,359386,0.0,0.0
2022-12-30 11:30:00-05:00,30.559999465942383,30.700000762939453,30.3799991607666,30.684999465942383,267905,0.0,0.0
2022-12-30 12:30:00-05:00,30.670000076293945,30.84000015258789,30.389999389648438,30.459999084472656,277294,0.0,0.0
2022-12-30 13:30:00-05:00,30.46500015258789,30.709999084472656,30.399999618530273,30.700000762939453,333186,0.0,0.0
2022-12-30 14:30:00-05:00,30.690000534057617,30.84000015258789,30.40999984741211,30.709999084472656,408465,0.0,0.0
2022-12-30 15:30:00-05:00,30.709999084472656,30.899999618530273,30.670000076293945,30.81999969482422,561587,0.0,0.0
2023-01-03 09:30:00-05:00,30.200000762939453,30.6200008392334,29.639999389648438,29.670000076293945,99944,0.0,0.0
2023-01-03 10:30:00-05:00,29.719999313354492,30.09000015258789,29.469999313354492,29.59000015258789,76813,0.0,0.0
2023-01-03 11:30:00-05:00,29.575000762939453,29.6299991607666,29.290000915527344,29.59000015258789,121338,0.0,0.0
2023-01-03 12:30:00-05:00,29.56999969482422,29.610000610351562,28.959999084472656,29.0,142347,0.0,0.0
2023-01-03 13:30:00-05:00,28.979999542236328,29.0,28.469999313354492,28.510000228881836,125511,0.0,0.0
2023-01-03 14:30:00-05:00,28.510000228881836,29.0,28.3700008392334,28.649999618530273,151891,0.0,0.0
2023-01-03 15:30:00-05:00,28.690000534057617,29.06999969482422,28.610000610351562,29.010000228881836,450941,0.0,0.0
2023-01-04 09:30:00-05:00,28.459999084472656,29.450000762939453,28.3700008392334,29.100000381469727,308310,0.0,0.0
2023-01-04 10:30:00-05:00,29.139999389648438,29.610000610351562,29.020000457763672,29.299999237060547,174891,0.0,0.0
2023-01-04 11:30:00-05:00,29.2549991607666,29.360000610351562,29.065000534057617,29.200000762939453,237967,0.0,0.0
2023-01-04 12:30:00-05:00,29.219999313354492,29.364999771118164,29.100000381469727,29.100000381469727,190328,0.0,0.0
2023-01-04 13:30:00-05:00,29.09000015258789,29.1200008392334,28.549999237060547,28.559999465942383,142830,0.0,0.0
2023-01-04 14:30:00-05:00,28.559999465942383,28.8700008392334,28.549999237060547,28.719999313354492,222065,0.0,0.0
2023-01-04 15:30:00-05:00,28.709999084472656,28.829999923706055,28.47909927368164,28.829999923706055,387501,0.0,0.0
2023-01-05 09:30:00-05:00,28.559999465942383,28.989999771118164,28.299999237060547,28.489999771118164,312965,0.0,0.0
2023-01-05 10:30:00-05:00,28.549999237060547,28.789899826049805,28.219999313354492,28.530000686645508,105187,0.0,0.0
2023-01-05 11:30:00-05:00,28.53499984741211,28.920000076293945,28.53499984741211,28.885000228881836,78421,0.0,0.0
2023-01-05 12:30:00-05:00,28.8799991607666,29.049999237060547,28.799999237060547,28.950000762939453,132507,0.0,0.0
2023-01-05 13:30:00-05:00,28.969999313354492,29.040000915527344,28.68000030517578,28.729999542236328,136340,0.0,0.0
2023-01-05 14:30:00-05:00,28.71500015258789,28.851999282836914,28.604999542236328,28.610000610351562,150497,0.0,0.0
2023-01-05 15:30:00-05:00,28.614999771118164,28.614999771118164,28.440000534057617,28.510000228881836,196881,0.0,0.0
2023-01-06 09:30:00-05:00,29.290000915527344,30.079999923706055,29.059999465942383,30.010000228881836,230298,0.0,0.0
2023-01-06 10:30:00-05:00,30.06999969482422,30.290000915527344,30.020000457763672,30.25,212750,0.0,0.0
2023-01-06 11:30:00-05:00,30.229999542236328,30.329999923706055,29.920000076293945,29.954999923706055,144072,0.0,0.0
2023-01-06 12:30:00-05:00,29.954999923706055,30.144399642944336,29.68000030517578,29.690000534057617,202851,0.0,0.0
2023-01-06 13:30:00-05:00,29.65999984741211,29.770000457763672,29.28499984741211,29.344999313354492,162136,0.0,0.0
2023-01-06 14:30:00-05:00,29.399999618530273,29.520000457763672,29.350000381469727,29.3799991607666,111374,0.0,0.0
2023-01-06 15:30:00-05:00,29.389999389648438,29.545000076293945,29.364999771118164,29.540000915527344,211358,0.0,0.0
2023-01-09 09:30:00-05:00,30.350000381469727,30.75,30.1299991607666,30.350000381469727,108673,0.0,0.0
2023-01-09 10:30:00-05:00,30.31999969482422,30.8700008392334,30.299999237060547,30.809999465942383,147127,0.0,0.0
2023-01-09 11:30:00-05:00,30.815000534057617,30.815000534057617,30.360000610351562,30.450000762939453,127286,0.0,0.0
2023-01-09 12:30:00-05:00,30.450000762939453,30.479999542236328,30.219999313354492,30.420000076293945,84106,0.0,0.0
2023-01-09 13:30:00-05:00,30.420000076293945,30.58989906311035,30.280000686645508,30.397499084472656,200655,0.0,0.0
2023-01-09 14:30:00-05:00,30.399999618530273,30.770000457763672,30.3799991607666,30.69499969482422,181889,0.0,0.0
2023-01-09 15:30:00-05:00,30.69499969482422,30.795000076293945,30.639999389648438,30.719999313354492,244390,0.0,0.0
2023-01-10 09:30:00-05:00,31.0,31.0,30.15999984741211,30.40999984741211,82970,0.0,0.0
2023-01-10 10:30:00-05:00,30.350000381469727,30.389999389648438,30.079999923706055,30.25,84817,0.0,0.0
2023-01-10 11:30:00-05:00,30.25,30.549999237060547,30.18000030517578,30.549999237060547,67658,0.0,0.0
2023-01-10 12:30:00-05:00,30.565000534057617,30.649999618530273,30.395000457763672,30.559999465942383,77573,0.0,0.0
2023-01-10 13:30:00-05:00,30.549999237060547,30.760000228881836,30.540000915527344,30.600000381469727,110383,0.0,0.0
2023-01-10 14:30:00-05:00,30.610000610351562,30.739999771118164,30.549999237060547,30.56999969482422,96875,0.0,0.0
2023-01-10 15:30:00-05:00,30.559999465942383,30.690000534057617,30.532899856567383,30.6299991607666,232988,0.0,0.0
2023-01-11 09:30:00-05:00,31.299999237060547,31.3700008392334,30.3700008392334,30.530000686645508,95886,0.0,0.0
2023-01-11 10:30:00-05:00,30.520000457763672,30.540000915527344,30.059999465942383,30.420000076293945,119990,0.0,0.0
2023-01-11 11:30:00-05:00,30.440000534057617,30.686199188232422,30.40999984741211,30.5,110292,0.0,0.0
2023-01-11 12:30:00-05:00,30.510000228881836,30.700000762939453,30.329999923706055,30.3700008392334,90132,0.0,0.0
2023-01-11 13:30:00-05:00,30.385000228881836,30.68000030517578,30.350000381469727,30.670000076293945,104597,0.0,0.0
2023-01-11 14:30:00-05:00,30.674999237060547,30.75,30.559999465942383,30.729999542236328,127479,0.0,0.0
2023-01-11 15:30:00-05:00,30.729999542236328,30.809999465942383,30.600000381469727,30.780000686645508,153025,0.0,0.0
2023-01-12 09:30:00-05:00,31.15999984741211,31.530000686645508,30.800100326538086,31.5,162811,0.0,0.0
2023-01-12 10:30:00-05:00,31.459999084472656,31.934999465942383,31.3799991607666,31.90999984741211,185376,0.0,0.0
2023-01-12 11:30:00-05:00,31.93000030517578,31.959999084472656,31.6200008392334,31.809999465942383,98882,0.0,0.0
2023-01-12 12:30:00-05:00,31.80500030517578,31.979999542236328,31.469999313354492,31.489999771118164,179523,0.0,0.0
2023-01-12 13:30:00-05:00,31.489999771118164,31.6200008392334,31.360000610351562,31.439300537109375,101564,0.0,0.0
2023-01-12 14:30:00-05:00,31.43000030517578,31.59000015258789,31.329999923706055,31.475000381469727,135178,0.0,0.0
2023-01-12 15:30:00-05:00,31.469999313354492,31.469999313354492,31.290000915527344,31.399999618530273,285032,0.0,0.0
2023-01-13 09:30:00-05:00,31.43000030517578,31.639999389648438,30.75,31.190000534057617,67503,0.0,0.0
2023-01-13 10:30:00-05:00,31.209999084472656,31.43000030517578,31.209999084472656,31.3700008392334,65356,0.0,0.0
2023-01-13 11:30:00-05:00,31.395000457763672,31.739999771118164,31.329999923706055,31.71500015258789,86630,0.0,0.0
2023-01-13 12:30:00-05:00,31.700000762939453,31.82990074157715,31.530000686645508,31.719999313354492,69636,0.0,0.0
2023-01-13 13:30:00-05:00,31.729999542236328,32.0,31.719999313354492,31.90999984741211,79781,0.0,0.0
2023-01-13 14:30:00-05:00,31.905000686645508,32.02000045776367,31.84000015258789,32.02000045776367,82334,0.0,0.0
2023-01-13 15:30:00-05:00,32.02000045776367,32.1349983215332,31.90999984741211,32.040000915527344,148040,0.0,0.0
2023-01-17 09:30:00-05:00,32.33000183105469,32.70000076293945,32.05500030517578,32.25,82445,0.0,0.0
2023-01-17 10:30:00-05:00,32.28499984741211,32.380001068115234,31.8700008392334,31.969999313354492,60151,0.0,0.0
2023-01-17 11:30:00-05:00,32.0099983215332,32.040000915527344,31.790000915527344,31.920000076293945,48242,0.0,0.0
2023-01-17 12:30:00-05:00,31.915000915527344,32.15999984741211,31.84000015258789,32.130001068115234,68153,0.0,0.0
2023-01-17 13:30:00-05:00,32.119998931884766,32.189998626708984,32.0099983215332,32.040000915527344,84044,0.0,0.0
2023-01-17 14:30:00-05:00,32.04499816894531,32.151798248291016,31.934999465942383,31.934999465942383,147955,0.0,0.0
2023-01-17 15:30:00-05:00,31.950000762939453,32.29999923706055,31.950000762939453,32.22999954223633,194586,0.0,0.0
2023-01-18 09:30:00-05:00,32.56999969482422,32.90999984741211,32.5,32.56999969482422,158793,0.0,0.0
2023-01-18 10:30:00-05:00,32.58000183105469,32.58000183105469,32.07500076293945,32.099998474121094,128533,0.0,0.0
2023-01-18 11:30:00-05:00,32.08000183105469,32.11000061035156,31.56999969482422,31.600000381469727,143062,0.0,0.0
2023-01-18 12:30:00-05:00,31.579999923706055,31.690000534057617,31.431800842285156,31.59149932861328,66991,0.0,0.0
2023-01-18 13:30:00-05:00,31.579999923706055,31.940000534057617,31.56999969482422,31.760000228881836,82571,0.0,0.0
2023-01-18 14:30:00-05:00,31.780000686645508,31.799999237060547,31.200000762939453,31.260000228881836,330430,0.0,0.0
2023-01-18 15:30:00-05:00,31.260000228881836,31.334999084472656,31.15999984741211,31.170000076293945,133495,0.0,0.0
2023-01-19 09:30:00-05:00,31.079999923706055,31.479900360107422,30.79640007019043,30.969999313354492,108302,0.0,0.0
2023-01-19 10:30:00-05:00,31.0,31.09000015258789,30.6200008392334,30.719999313354492,104128,0.0,0.0
2023-01-19 11:30:00-05:00,30.739999771118164,31.100000381469727,30.610000610351562,30.989999771118164,127594,0.0,0.0
2023-01-19 12:30:00-05:00,30.989999771118164,31.216100692749023,30.850000381469727,31.209999084472656,85858,0.0,0.0
2023-01-19 13:30:00-05:00,31.229999542236328,31.8700008392334,31.229999542236328,31.610000610351562,105759,0.0,0.0
2023-01-19 14:30:00-05:00,31.610000610351562,31.780000686645508,31.489999771118164,31.770000457763672,121336,0.0,0.0
2023-01-19 15:30:00-05:00,31.760000228881836,31.8700008392334,31.645000457763672,31.770000457763672,190404,0.0,0.0
2023-01-20 09:30:00-05:00,32.099998474121094,32.22999954223633,31.350000381469727,32.10240173339844,101390,0.0,0.0
2023-01-20 10:30:00-05:00,32.119998931884766,32.29999923706055,31.93000030517578,32.29499816894531,55539,0.0,0.0
2023-01-20 11:30:00-05:00,32.2599983215332,32.33000183105469,32.150001525878906,32.310001373291016,51383,0.0,0.0
2023-01-20 12:30:00-05:00,32.31999969482422,32.33000183105469,31.950000762939453,31.975000381469727,130499,0.0,0.0
2023-01-20 13:30:00-05:00,31.989999771118164,32.22999954223633,31.899999618530273,31.989999771118164,117339,0.0,0.0
2023-01-20 14:30:00-05:00,31.999900817871094,32.29999923706055,31.780000686645508,32.279998779296875,149379,0.0,0.0
2023-01-20 15:30:00-05:00,32.290000915527344,32.470001220703125,32.209999084472656,32.45000076293945,182694,0.0,0.0
2023-01-23 09:30:00-05:00,32.779998779296875,32.79999923706055,32.380001068115234,32.560001373291016,85305,0.0,0.0
2023-01-23 10:30:00-05:00,32.560001373291016,32.95000076293945,32.40999984741211,32.779998779296875,61979,0.0,0.0
2023-01-23 11:30:00-05:00,32.790000915527344,32.900001525878906,32.380001068115234,32.58000183105469,111989,0.0,0.0
2023-01-23 12:30:00-05:00,32.59000015258789,32.779998779296875,32.54999923706055,32.744998931884766,41090,0.0,0.0
2023-01-23 13:30:00-05:00,32.7400016784668,32.887001037597656,32.620399475097656,32.71500015258789,68632,0.0,0.0
2023-01-23 14:30:00-05:00,32.72999954223633,32.73849868774414,32.400001525878906,32.52000045776367,63437,0.0,0.0
2023-01-23 15:30:00-05:00,32.52000045776367,32.779998779296875,32.47999954223633,32.689998626708984,107955,0.0,0.0
2023-01-24 09:30:00-05:00,32.959999084472656,33.0099983215332,32.27000045776367,32.959999084472656,74308,0.0,0.0
2023-01-24 10:30:00-05:00,32.939998626708984,33.099998474121094,32.66999816894531,32.685001373291016,148452,0.0,0.0
2023-01-24 11:30:00-05:00,32.66999816894531,32.66999816894531,32.22999954223633,32.38999938964844,176830,0.0,0.0
2023-01-24 12:30:00-05:00,32.38999938964844,32.40999984741211,32.099998474121094,32.27000045776367,138976,0.0,0.0
2023-01-24 13:30:00-05:00,32.27000045776367,32.33000183105469,32.06999969482422,32.06999969482422,55604,0.0,0.0
2023-01-24 14:30:00-05:00,32.064998626708984,32.189998626708984,32.029998779296875,32.119998931884766,137157,0.0,0.0
2023-01-24 15:30:00-05:00,32.130001068115234,32.130001068115234,31.979999542236328,32.0,116985,0.0,0.0
2023-01-25 09:30:00-05:00,31.780000686645508,31.81999969482422,31.30500030517578,31.4950008392334,145136,0.0,0.0
2023-01-25 10:30:00-05:00,31.4950008392334,32.005001068115234,31.399999618530273,31.90999984741211,179898,0.0,0.0
2023-01-25 11:30:00-05:00,31.90999984741211,32.08919906616211,31.81999969482422,31.959999084472656,77141,0.0,0.0
2023-01-25 12:30:00-05:00,31.959999084472656,32.060001373291016,31.860000610351562,31.989999771118164,141290,0.0,0.0
2023-01-25 13:30:00-05:00,32.0,32.459999084472656,32.0,32.189998626708984,70121,0.0,0.0
2023-01-25 14:30:00-05:00,32.2400016784668,32.29999923706055,31.950000762939453,31.975000381469727,202831,0.0,0.0
2023-01-25 15:30:00-05:00,31.975000381469727,32.150001525878906,31.959999084472656,32.13999938964844,241297,0.0,0.0
2023-01-26 09:30:00-05:00,32.52000045776367,32.810001373291016,32.22999954223633,32.53850173950195,203221,0.0,0.0
2023-01-26 10:30:00-05:00,32.58000183105469,32.77000045776367,32.20000076293945,32.349998474121094,278915,0.0,0.0
2023-01-26 11:30:00-05:00,32.34000015258789,32.380001068115234,32.13999938964844,32.209999084472656,105570,0.0,0.0
2023-01-26 12:30:00-05:00,32.21500015258789,32.61000061035156,32.11000061035156,32.5,172235,0.0,0.0
2023-01-26 13:30:00-05:00,32.5099983215332,32.970001220703125,32.4900016784668,32.872501373291016,161145,0.0,0.0
2023-01-26 14:30:00-05:00,32.86000061035156,33.38999938964844,32.86000061035156,33.38999938964844,183232,0.0,0.0
2023-01-26 15:30:00-05:00,33.38999938964844,33.529998779296875,33.18000030517578,33.31999969482422,613516,0.0,0.0
2023-01-27 09:30:00-05:00,35.5,35.884700775146484,34.84000015258789,34.88999938964844,1247271,0.0,0.0
2023-01-27 10:30:00-05:00,34.904998779296875,35.04999923706055,34.56999969482422,35.0,711873,0.0,0.0
2023-01-27 11:30:00-05:00,35.0,35.189998626708984,34.43000030517578,34.61000061035156,595163,0.0,0.0
2023-01-27 12:30:00-05:00,34.625,35.04999923706055,34.5,34.959999084472656,483791,0.0,0.0
2023-01-27 13:30:00-05:00,34.97999954223633,35.09000015258789,34.63999938964844,34.72999954223633,485408,0.0,0.0
2023-01-27 14:30:00-05:00,34.720001220703125,34.9900016784668,34.650001525878906,34.959999084472656,503711,0.0,0.0
2023-01-27 15:30:00-05:00,34.96500015258789,35.029998779296875,34.58000183105469,34.630001068115234,727476,0.0,0.0
2023-01-30 09:30:00-05:00,34.02000045776367,34.400001525878906,33.165000915527344,33.779998779296875,234372,0.0,0.0
2023-01-30 10:30:00-05:00,33.775001525878906,34.34000015258789,33.71500015258789,34.060001373291016,262052,0.0,0.0
2023-01-30 11:30:00-05:00,34.04999923706055,34.272701263427734,33.91999816894531,34.130001068115234,229237,0.0,0.0
2023-01-30 12:30:00-05:00,34.130001068115234,34.1349983215332,33.75,33.95000076293945,206686,0.0,0.0
2023-01-30 13:30:00-05:00,33.95500183105469,34.04999923706055,33.6515007019043,33.709999084472656,242516,0.0,0.0
2023-01-30 14:30:00-05:00,33.71500015258789,33.84000015258789,33.51499938964844,33.59000015258789,245636,0.0,0.0
2023-01-30 15:30:00-05:00,33.590999603271484,33.650001525878906,33.400001525878906,33.4900016784668,582146,0.0,0.0
2023-01-31 09:30:00-05:00,33.4900016784668,33.79999923706055,33.22999954223633,33.625,136285,0.0,0.0
2023-01-31 10:30:00-05:00,33.619998931884766,34.07500076293945,33.619998931884766,34.040000915527344,165048,0.0,0.0
2023-01-31 11:30:00-05:00,34.0099983215332,34.08000183105469,33.57500076293945,33.6150016784668,159342,0.0,0.0
2023-01-31 12:30:00-05:00,33.60100173950195,33.790000915527344,33.599998474121094,33.720001220703125,123683,0.0,0.0
2023-01-31 13:30:00-05:00,33.72999954223633,33.790000915527344,33.45000076293945,33.5099983215332,211947,0.0,0.0
2023-01-31 14:30:00-05:00,33.5099983215332,33.564998626708984,33.130001068115234,33.14500045776367,254822,0.0,0.0
2023-01-31 15:30:00-05:00,33.14860153198242,33.529998779296875,33.1349983215332,33.5099983215332,269533,0.0,0.0
2023-02-01 09:30:00-05:00,33.33000183105469,33.584999084472656,33.04999923706055,33.54999923706055,279910,0.0,0.0
2023-02-01 10:30:00-05:00,33.56999969482422,33.609798431396484,32.709999084472656,32.810001373291016,280276,0.0,0.0
2023-02-01 11:30:00-05:00,32.81999969482422,32.84000015258789,31.68000030517578,31.940000534057617,369267,0.0,0.0
2023-02-01 12:30:00-05:00,31.959999084472656,32.04499816894531,31.6200008392334,32.04499816894531,324935,0.0,0.0
2023-02-01 13:30:00-05:00,32.060001373291016,32.29999923706055,31.979999542236328,32.18000030517578,370375,0.0,0.0
2023-02-01 14:30:00-05:00,32.20000076293945,32.650001525878906,32.01499938964844,32.29999923706055,520145,0.0,0.0
2023-02-01 15:30:00-05:00,32.29499816894531,33.02000045776367,32.19499969482422,32.9900016784668,2383636,0.0,0.0
2023-02-02 09:30:00-05:00,32.790000915527344,32.88999938964844,31.790000915527344,32.349998474121094,358286,0.0,0.0
2023-02-02 10:30:00-05:00,32.349998474121094,32.75,32.20500183105469,32.20500183105469,245262,0.0,0.0
2023-02-02 11:30:00-05:00,32.20000076293945,32.29999923706055,31.729999542236328,31.761699676513672,227188,0.0,0.0
2023-02-02 12:30:00-05:00,31.739999771118164,32.04999923706055,31.594999313354492,31.64900016784668,211253,0.0,0.0
2023-02-02 13:30:00-05:00,31.649999618530273,31.78499984741211,31.135000228881836,31.139999389648438,293569,0.0,0.0
2023-02-02 14:30:00-05:00,31.139999389648438,31.2992000579834,30.860000610351562,31.1299991607666,461205,0.0,0.0
2023-02-02 15:30:00-05:00,31.1299991607666,31.709999084472656,31.1299991607666,31.610000610351562,508625,0.0,0.0
2023-02-03 09:30:00-05:00,31.520000457763672,32.95000076293945,31.520000457763672,32.79499816894531,259125,0.0,0.0
2023-02-03 10:30:00-05:00,32.79499816894531,33.0,32.27000045776367,32.380001068115234,231933,0.0,0.0
2023-02-03 11:30:00-05:00,32.34000015258789,32.36000061035156,31.780000686645508,32.13999938964844,243302,0.0,0.0
2023-02-03 12:30:00-05:00,32.11000061035156,32.22999954223633,31.670000076293945,31.96500015258789,279080,0.0,0.0
2023-02-03 13:30:00-05:00,31.899999618530273,32.099998474121094,31.719999313354492,31.81999969482422,368344,0.0,0.0
2023-02-03 14:30:00-05:00,31.829999923706055,32.04999923706055,31.790000915527344,31.985000610351562,239582,0.0,0.0
2023-02-03 15:30:00-05:00,31.989999771118164,32.02000045776367,31.790000915527344,31.959999084472656,416654,0.0,0.0
2023-02-06 09:30:00-05:00,31.850000381469727,32.244998931884766,31.399999618530273,31.56999969482422,270079,0.0,0.0
2023-02-06 10:30:00-05:00,31.56999969482422,31.719999313354492,31.139999389648438,31.600000381469727,216288,0.0,0.0
2023-02-06 11:30:00-05:00,31.604999542236328,31.75,31.31999969482422,31.31999969482422,256093,0.0,0.0
2023-02-06 12:30:00-05:00,31.325000762939453,31.41900062561035,31.110000610351562,31.39900016784668,100381,0.0,0.0
2023-02-06 13:30:00-05:00,31.40999984741211,31.458999633789062,31.260000228881836,31.31999969482422,117084,0.0,0.0
2023-02-06 14:30:00-05:00,31.309999465942383,31.339000701904297,30.829999923706055,30.889999389648438,322422,0.0,0.0
2023-02-06 15:30:00-05:00,30.889999389648438,31.209999084472656,30.840999603271484,31.204999923706055,484842,0.0,0.0
2023-02-07 09:30:00-05:00,31.649999618530273,32.209999084472656,31.239999771118164,31.850000381469727,460275,0.0,0.0
2023-02-07 10:30:00-05:00,31.84000015258789,32.119998931884766,31.5,32.119998931884766,200918,0.0,0.0
2023-02-07 11:30:00-05:00,32.119998931884766,32.65999984741211,32.099998474121094,32.46500015258789,295490,0.0,0.0
2023-02-07 12:30:00-05:00,32.46500015258789,33.189998626708984,32.27000045776367,32.41999816894531,252403,0.0,0.0
2023-02-07 13:30:00-05:00,32.400001525878906,32.689998626708984,32.189998626708984,32.65999984741211,173928,0.0,0.0
2023-02-07 14:30:00-05:00,32.650001525878906,33.130001068115234,32.630001068115234,33.130001068115234,243333,0.0,0.0
2023-02-07 15:30:00-05:00,33.119998931884766,33.41999816894531,33.04999923706055,33.41999816894531,411511,0.0,0.0
2023-02-08 09:30:00-05:00,33.45000076293945,33.6349983215332,33.190101623535156,33.380001068115234,160787,0.0,0.0
2023-02-08 10:30:00-05:00,33.36000061035156,33.5,32.959999084472656,32.959999084472656,165058,0.0,0.0
2023-02-08 11:30:00-05:00,32.95500183105469,33.13999938964844,32.75,33.116600036621094,102012,0.0,0.0
2023-02-08 12:30:00-05:00,33.119998931884766,33.36640167236328,32.86199951171875,33.349998474121094,127632,0.0,0.0
2023-02-08 13:30:00-05:00,33.33000183105469,33.375,33.130001068115234,33.27000045776367,120063,0.0,0.0
2023-02-08 14:30:00-05:00,33.28499984741211,33.36000061035156,32.90999984741211,33.040000915527344,207404,0.0,0.0
2023-02-08 15:30:00-05:00,33.04999923706055,33.310001373291016,33.04999923706055,33.29999923706055,267936,0.0,0.0
2023-02-09 09:30:00-05:00,33.4900016784668,33.4900016784668,32.81999969482422,32.904998779296875,68667,0.0,0.0
2023-02-09 10:30:00-05:00,32.90999984741211,33.04999923706055,32.540000915527344,32.93000030517578,107394,0.0,0.0
2023-02-09 11:30:00-05:00,32.93000030517578,33.150001525878906,32.70000076293945,33.060001373291016,132647,0.0,0.0
2023-02-09 12:30:00-05:00,33.05849838256836,33.06999969482422,32.470001220703125,32.53499984741211,156680,0.0,0.0
2023-02-09 13:30:00-05:00,32.529998779296875,32.560001373291016,32.22999954223633,32.2599983215332,163782,0.0,0.0
2023-02-09 14:30:00-05:00,32.279998779296875,32.29999923706055,32.06999969482422,32.150001525878906,218992,0.0,0.0
2023-02-09 15:30:00-05:00,32.13999938964844,32.310001373291016,32.005001068115234,32.130001068115234,337904,0.0,0.0
2023-02-10 09:30:00-05:00,32.560001373291016,33.189998626708984,32.41999816894531,33.18000030517578,148592,0.0,0.0
2023-02-10 10:30:00-05:00,33.20000076293945,33.380001068115234,33.1349983215332,33.15999984741211,140025,0.0,0.0
2023-02-10 11:30:00-05:00,33.16999816894531,33.560001373291016,33.16999816894531,33.459999084472656,216882,0.0,0.0
2023-02-10 12:30:00-05:00,33.45000076293945,33.900001525878906,33.45000076293945,33.89500045776367,98420,0.0,0.0
2023-02-10 13:30:00-05:00,33.875,33.875,33.58000183105469,33.849998474121094,95116,0.0,0.0
2023-02-10 14:30:00-05:00,33.81999969482422,34.02000045776367,33.75,33.779998779296875,171457,0.0,0.0
2023-02-10 15:30:00-05:00,33.775001525878906,34.150001525878906,33.72999954223633,34.11000061035156,398149,0.0,0.0
2023-02-13 09:30:00-05:00,33.970001220703125,34.04499816894531,33.5,33.95500183105469,93537,0.0,0.0
2023-02-13 10:30:00-05:00,33.95500183105469,34.07820129394531,33.880001068115234,34.0,103358,0.0,0.0
2023-02-13 11:30:00-05:00,34.0,34.25,33.939998626708984,34.23500061035156,122074,0.0,0.0
2023-02-13 12:30:00-05:00,34.220001220703125,34.52000045776367,34.15999984741211,34.2400016784668,105240,0.0,0.0
2023-02-13 13:30:00-05:00,34.2400016784668,34.31999969482422,34.15999984741211,34.279998779296875,110226,0.0,0.0
2023-02-13 14:30:00-05:00,34.290000915527344,34.290000915527344,33.939998626708984,33.9900016784668,146522,0.0,0.0
2023-02-13 15:30:00-05:00,34.0099983215332,34.25,33.95000076293945,34.02000045776367,234855,0.0,0.0
2023-02-14 09:30:00-05:00,33.900001525878906,34.525001525878906,33.59199905395508,34.30970001220703,114443,0.0,0.0
2023-02-14 10:30:00-05:00,34.31999969482422,34.380001068115234,33.880001068115234,33.970001220703125,111889,0.0,0.0
2023-02-14 11:30:00-05:00,33.98500061035156,34.20500183105469,33.77000045776367,34.185001373291016,85498,0.0,0.0
2023-02-14 12:30:00-05:00,34.16999816894531,34.5099983215332,34.15999984741211,34.32500076293945,80033,0.0,0.0
2023-02-14 13:30:00-05:00,34.31999969482422,34.375,34.11000061035156,34.17499923706055,82214,0.0,0.0
2023-02-14 14:30:00-05:00,34.189998626708984,34.5099983215332,34.18000030517578,34.41999816894531,201275,0.0,0.0
2023-02-14 15:30:00-05:00,34.43000030517578,34.5099983215332,34.28499984741211,34.33000183105469,186361,0.0,0.0
2023-02-15 09:30:00-05:00,33.63999938964844,33.90250015258789,32.7400016784668,32.989898681640625,184437,0.0,0.0
2023-02-15 10:30:00-05:00,32.93000030517578,33.33000183105469,32.88999938964844,33.189998626708984,127701,0.0,0.0
2023-02-15 11:30:00-05:00,33.18000030517578,33.27000045776367,32.86000061035156,32.89500045776367,131895,0.0,0.0
2023-02-15 12:30:00-05:00,32.89580154418945,33.47999954223633,32.880001068115234,33.43000030517578,241477,0.0,0.0
2023-02-15 13:30:00-05:00,33.47999954223633,33.92499923706055,33.47999954223633,33.83000183105469,148909,0.0,0.0
2023-02-15 14:30:00-05:00,33.81999969482422,33.91999816894531,33.619998931884766,33.86000061035156,239075,0.0,0.0
2023-02-15 15:30:00-05:00,33.869998931884766,34.099998474121094,33.869998931884766,34.04999923706055,267807,0.0,0.0
2023-02-16 09:30:00-05:00,33.83000183105469,34.470001220703125,33.72999954223633,34.095001220703125,262266,0.0,0.0
2023-02-16 10:30:00-05:00,34.095001220703125,34.43000030517578,34.0,34.29999923706055,121944,0.0,0.0
2023-02-16 11:30:00-05:00,34.279998779296875,34.45000076293945,34.25,34.44499969482422,48472,0.0,0.0
2023-02-16 12:30:00-05:00,34.439998626708984,34.52000045776367,34.06999969482422,34.06999969482422,94299,0.0,0.0
2023-02-16 13:30:00-05:00,34.05500030517578,34.2599983215332,34.0099983215332,34.189998626708984,67872,0.0,0.0
2023-02-16 14:30:00-05:00,34.189998626708984,34.22999954223633,33.619998931884766,33.64500045776367,310189,0.0,0.0
2023-02-16 15:30:00-05:00,33.625,33.7400016784668,33.47999954223633,33.4900016784668,247454,0.0,0.0
2023-02-17 09:30:00-05:00,33.0,33.0,31.68000030517578,32.40999984741211,204205,0.0,0.0
2023-02-17 10:30:00-05:00,32.43000030517578,32.630001068115234,32.15999984741211,32.209999084472656,144318,0.0,0.0
2023-02-17 11:30:00-05:00,32.21500015258789,32.579898834228516,32.21500015258789,32.400001525878906,163344,0.0,0.0
2023-02-17 12:30:00-05:00,32.40999984741211,32.47999954223633,31.969999313354492,32.0,226726,0.0,0.0
2023-02-17 13:30:00-05:00,32.01499938964844,32.040000915527344,31.780000686645508,31.96500015258789,126740,0.0,0.0
2023-02-17 14:30:00-05:00,31.969999313354492,32.15999984741211,31.90999984741211,31.93000030517578,213446,0.0,0.0
2023-02-17 15:30:00-05:00,31.940000534057617,32.08000183105469,31.8799991607666,31.959999084472656,239306,0.0,0.0
2023-02-21 09:30:00-05:00,31.559999465942383,32.15999984741211,31.399999618530273,31.53969955444336,144928,0.0,0.0
2023-02-21 10:30:00-05:00,31.479999542236328,31.829999923706055,31.479999542236328,31.670000076293945,94332,0.0,0.0
2023-02-21 11:30:00-05:00,31.690000534057617,31.690000534057617,31.270000457763672,31.570100784301758,84397,0.0,0.0
2023-02-21 12:30:00-05:00,31.59000015258789,31.6200008392334,31.280000686645508,31.290000915527344,75405,0.0,0.0
2023-02-21 13:30:00-05:00,31.28499984741211,31.299999237060547,31.030000686645508,31.209999084472656,86662,0.0,0.0
2023-02-21 14:30:00-05:00,31.229999542236328,31.360000610351562,31.209999084472656,31.290000915527344,92180,0.0,0.0
2023-02-21 15:30:00-05:00,31.299999237060547,31.43000030517578,31.139999389648438,31.219999313354492,209656,0.0,0.0
2023-02-22 09:30:00-05:00,31.010000228881836,31.309999465942383,30.43000030517578,30.46500015258789,215713,0.0,0.0
2023-02-22 10:30:00-05:00,30.43000030517578,30.600000381469727,30.1200008392334,30.360000610351562,152992,0.0,0.0
2023-02-22 11:30:00-05:00,30.350000381469727,30.6299991607666,30.329999923706055,30.459999084472656,83751,0.0,0.0
2023-02-22 12:30:00-05:00,30.450000762939453,30.729999542236328,30.450000762939453,30.719999313354492,68502,0.0,0.0
2023-02-22 13:30:00-05:00,30.709999084472656,30.790000915527344,30.306100845336914,30.420000076293945,101336,0.0,0.0
2023-02-22 14:30:00-05:00,30.399999618530273,30.40999984741211,30.157499313354492,30.299999237060547,152216,0.0,0.0
2023-02-22 15:30:00-05:00,30.30500030517578,30.649999618530273,30.280000686645508,30.559999465942383,422216,0.0,0.0
2023-02-23 09:30:00-05:00,31.420000076293945,31.799999237060547,31.200000762939453,31.43000030517578,111035,0.0,0.0
2023-02-23 10:30:00-05:00,31.459999084472656,31.559999465942383,30.959999084472656,30.959999084472656,193774,0.0,0.0
2023-02-23 11:30:00-05:00,30.940000534057617,31.100000381469727,30.799999237060547,30.850000381469727,159933,0.0,0.0
2023-02-23 12:30:00-05:00,30.850000381469727,31.25,30.81999969482422,31.229999542236328,85795,0.0,0.0
2023-02-23 13:30:00-05:00,31.25,31.670000076293945,31.18000030517578,31.670000076293945,72782,0.0,0.0
2023-02-23 14:30:00-05:00,31.69969940185547,32.099998474121094,31.670000076293945,32.099998474121094,252992,0.0,0.0
2023-02-23 15:30:00-05:00,32.11000061035156,32.11000061035156,31.770000457763672,31.81999969482422,360866,0.0,0.0
2023-02-24 09:30:00-05:00,31.219999313354492,31.8799991607666,30.980899810791016,31.600000381469727,204464,0.0,0.0
2023-02-24 10:30:00-05:00,31.604999542236328,32.81999969482422,31.56999969482422,32.709999084472656,268974,0.0,0.0
2023-02-24 11:30:00-05:00,32.68000030517578,33.06999969482422,32.130001068115234,32.224998474121094,275139,0.0,0.0
2023-02-24 12:30:00-05:00,32.25,32.35499954223633,31.780000686645508,31.844999313354492,154658,0.0,0.0
2023-02-24 13:30:00-05:00,31.844999313354492,32.06999969482422,31.639999389648438,31.709999084472656,259045,0.0,0.0
2023-02-24 14:30:00-05:00,31.709999084472656,32.09000015258789,31.610000610351562,31.889999389648438,194456,0.0,0.0
2023-02-24 15:30:00-05:00,31.90999984741211,32.11000061035156,31.68000030517578,32.11000061035156,285337,0.0,0.0
2023-02-27 09:30:00-05:00,32.130001068115234,32.380001068115234,31.110000610351562,31.81999969482422,158600,0.0,0.0
2023-02-27 10:30:00-05:00,31.799999237060547,32.06060028076172,31.614999771118164,31.885000228881836,98334,0.0,0.0
2023-02-27 11:30:00-05:00,31.8799991607666,32.029998779296875,31.75,31.940000534057617,70625,0.0,0.0
2023-02-27 12:30:00-05:00,31.94499969482422,32.0,31.7450008392334,31.84000015258789,87031,0.0,0.0
2023-02-27 13:30:00-05:00,31.81999969482422,31.90999984741211,31.649999618530273,31.8799991607666,132263,0.0,0.0
2023-02-27 14:30:00-05:00,31.8799991607666,31.989999771118164,31.670000076293945,31.721799850463867,172358,0.0,0.0
2023-02-27 15:30:00-05:00,31.719999313354492,31.81999969482422,31.625,31.81999969482422,271620,0.0,0.0
2023-02-28 09:30:00-05:00,32.189998626708984,32.470001220703125,31.56999969482422,32.040000915527344,121229,0.0,0.0
2023-02-28 10:30:00-05:00,32.04499816894531,32.150001525878906,31.700000762939453,31.889999389648438,210595,0.0,0.0
2023-02-28 11:30:00-05:00,31.8799991607666,31.924999237060547,31.43000030517578,31.46500015258789,99807,0.0,0.0
2023-02-28 12:30:00-05:00,31.450000762939453,31.59000015258789,31.219999313354492,31.579999923706055,127640,0.0,0.0
2023-02-28 13:30:00-05:00,31.579999923706055,31.665000915527344,31.469999313354492,31.510000228881836,106807,0.0,0.0
2023-02-28 14:30:00-05:00,31.5,31.510000228881836,31.219999313354492,31.229999542236328,198462,0.0,0.0
2023-02-28 15:30:00-05:00,31.219999313354492,31.280000686645508,31.020000457763672,31.020000457763672,325634,0.0,0.0
2023-03-01 09:30:00-05:00,31.149999618530273,31.920000076293945,30.93000030517578,31.829999923706055,183923,0.0,0.0
2023-03-01 10:30:00-05:00,31.815000534057617,32.41999816894531,31.799999237060547,31.889999389648438,104956,0.0,0.0
2023-03-01 11:30:00-05:00,31.860000610351562,32.150001525878906,31.780000686645508,32.0,86582,0.0,0.0
2023-03-01 12:30:00-05:00,32.0,32.130001068115234,31.860000610351562,31.8700008392334,73245,0.0,0.0
2023-03-01 13:30:00-05:00,31.8700008392334,32.0,31.780000686645508,31.975000381469727,87981,0.0,0.0
2023-03-01 14:30:00-05:00,31.959999084472656,32.16999816894531,31.920000076293945,32.119998931884766,126847,0.0,0.0
2023-03-01 15:30:00-05:00,32.130001068115234,32.28499984741211,32.11000061035156,32.15999984741211,270772,0.0,0.0
2023-03-02 09:30:00-05:00,31.989999771118164,32.310001373291016,31.690000534057617,32.2046012878418,129675,0.0,0.0
2023-03-02 10:30:00-05:00,32.22999954223633,32.279998779296875,31.940000534057617,32.11000061035156,119591,0.0,0.0
2023-03-02 11:30:00-05:00,32.099998474121094,32.290000915527344,31.889999389648438,31.94499969482422,126090,0.0,0.0
2023-03-02 12:30:00-05:00,31.959999084472656,32.279998779296875,31.959999084472656,32.130001068115234,62172,0.0,0.0
2023-03-02 13:30:00-05:00,32.130001068115234,32.54999923706055,32.1068000793457,32.54999923706055,81150,0.0,0.0
2023-03-02 14:30:00-05:00,32.540000915527344,32.849998474121094,32.47850036621094,32.849998474121094,171588,0.0,0.0
2023-03-02 15:30:00-05:00,32.849998474121094,32.8849983215332,32.529998779296875,32.58000183105469,344747,0.0,0.0
2023-03-03 09:30:00-05:00,31.920000076293945,32.75,31.799999237060547,32.58000183105469,90383,0.0,0.0
2023-03-03 10:30:00-05:00,32.59000015258789,33.150001525878906,32.59000015258789,33.150001525878906,101630,0.0,0.0
2023-03-03 11:30:00-05:00,33.15999984741211,33.619998931884766,33.099998474121094,33.619998931884766,128403,0.0,0.0
2023-03-03 12:30:00-05:00,33.599998474121094,33.81999969482422,33.529998779296875,33.68000030517578,101973,0.0,0.0
2023-03-03 13:30:00-05:00,33.689998626708984,33.939998626708984,33.59000015258789,33.939998626708984,156867,0.0,0.0
2023-03-03 14:30:00-05:00,33.970001220703125,34.02000045776367,33.770999908447266,33.779998779296875,216129,0.0,0.0
2023-03-03 15:30:00-05:00,33.78499984741211,33.80500030517578,33.56999969482422,33.7400016784668,321175,0.0,0.0
2023-03-06 09:30:00-05:00,33.5,33.66999816894531,33.18000030517578,33.45000076293945,154418,0.0,0.0
2023-03-06 10:30:00-05:00,33.417301177978516,33.65999984741211,33.36000061035156,33.61000061035156,100129,0.0,0.0
2023-03-06 11:30:00-05:00,33.61000061035156,34.040000915527344,33.61000061035156,33.959999084472656,134403,0.0,0.0
2023-03-06 12:30:00-05:00,33.962501525878906,34.060001373291016,33.5099983215332,33.5099983215332,155119,0.0,0.0
2023-03-06 13:30:00-05:00,33.5099983215332,33.630001068115234,33.400001525878906,33.5099983215332,151918,0.0,0.0
2023-03-06 14:30:00-05:00,33.52000045776367,33.560001373291016,33.220001220703125,33.310001373291016,233778,0.0,0.0
2023-03-06 15:30:00-05:00,33.310001373291016,33.380001068115234,33.189998626708984,33.20000076293945,386557,0.0,0.0
2023-03-07 09:30:00-05:00,32.97999954223633,33.31999969482422,32.630001068115234,32.875,166063,0.0,0.0
2023-03-07 10:30:00-05:00,32.810001373291016,33.09000015258789,32.510101318359375,32.510101318359375,71592,0.0,0.0
2023-03-07 11:30:00-05:00,32.53499984741211,32.86000061035156,32.52000045776367,32.619998931884766,149882,0.0,0.0
2023-03-07 12:30:00-05:00,32.619998931884766,32.630001068115234,32.34000015258789,32.45000076293945,89122,0.0,0.0
2023-03-07 13:30:00-05:00,32.459999084472656,32.54999923706055,32.130001068115234,32.189998626708984,200514,0.0,0.0
2023-03-07 14:30:00-05:00,32.18360137939453,32.27000045776367,31.975000381469727,32.2400016784668,313402,0.0,0.0
2023-03-07 15:30:00-05:00,32.22999954223633,32.349998474121094,32.16999816894531,32.20000076293945,375458,0.0,0.0
2023-03-08 09:30:00-05:00,31.959999084472656,32.54999923706055,31.920000076293945,32.060001373291016,321022,0.0,0.0
2023-03-08 10:30:00-05:00,32.08000183105469,32.375,31.638999938964844,31.81999969482422,131535,0.0,0.0
2023-03-08 11:30:00-05:00,31.81999969482422,31.84000015258789,31.336299896240234,31.360000610351562,85246,0.0,0.0
2023-03-08 12:30:00-05:00,31.399999618530273,31.549999237060547,31.270000457763672,31.288999557495117,69000,0.0,0.0
2023-03-08 13:30:00-05:00,31.270000457763672,31.656700134277344,31.270000457763672,31.656700134277344,70754,0.0,0.0
2023-03-08 14:30:00-05:00,31.645599365234375,31.674999237060547,31.530000686645508,31.600000381469727,105215,0.0,0.0
2023-03-08 15:30:00-05:00,31.600000381469727,32.0099983215332,31.600000381469727,31.760000228881836,432338,0.0,0.0
2023-03-09 09:30:00-05:00,31.979999542236328,32.45000076293945,31.770000457763672,31.979999542236328,162762,0.0,0.0
2023-03-09 10:30:00-05:00,31.989999771118164,32.060001373291016,31.59000015258789,31.59000015258789,80842,0.0,0.0
2023-03-09 11:30:00-05:00,31.579999923706055,31.69499969482422,31.3700008392334,31.43000030517578,150101,0.0,0.0
2023-03-09 12:30:00-05:00,31.440000534057617,31.510000228881836,31.059999465942383,31.219999313354492,108026,0.0,0.0
2023-03-09 13:30:00-05:00,31.235000610351562,31.295499801635742,30.970399856567383,31.135000228881836,108565,0.0,0.0
2023-03-09 14:30:00-05:00,31.1299991607666,31.260000228881836,30.979999542236328,31.100000381469727,171434,0.0,0.0
2023-03-09 15:30:00-05:00,31.079999923706055,31.225000381469727,30.850000381469727,30.889999389648438,314988,0.0,0.0
2023-03-10 09:30:00-05:00,31.020000457763672,31.3799991607666,30.559999465942383,30.719999313354492,106048,0.0,0.0
2023-03-10 10:30:00-05:00,30.78499984741211,31.56999969482422,30.43000030517578,31.520999908447266,121455,0.0,0.0
2023-03-10 11:30:00-05:00,31.520000457763672,31.639999389648438,30.959999084472656,31.18000030517578,108703,0.0,0.0
2023-03-10 12:30:00-05:00,31.25,31.30500030517578,30.614999771118164,30.690000534057617,106556,0.0,0.0
2023-03-10 13:30:00-05:00,30.65999984741211,30.860000610351562,30.420000076293945,30.440000534057617,108123,0.0,0.0
2023-03-10 14:30:00-05:00,30.44499969482422,30.739999771118164,30.40999984741211,30.520000457763672,156577,0.0,0.0
2023-03-10 15:30:00-05:00,30.489999771118164,30.559999465942383,30.329999923706055,30.459999084472656,273944,0.0,0.0
2023-03-13 09:30:00-04:00,29.520000457763672,30.1299991607666,28.979999542236328,29.639999389648438,285088,0.0,0.0
2023-03-13 10:30:00-04:00,29.719999313354492,30.3799991607666,29.665000915527344,30.170000076293945,167998,0.0,0.0
2023-03-13 11:30:00-04:00,30.18000030517578,30.200000762939453,29.290000915527344,29.360000610351562,210787,0.0,0.0
2023-03-13 12:30:00-04:00,29.360000610351562,29.530000686645508,28.889999389648438,29.0,215692,0.0,0.0
2023-03-13 13:30:00-04:00,29.0,29.549999237060547,28.8700008392334,29.459999084472656,261875,0.0,0.0
2023-03-13 14:30:00-04:00,29.459999084472656,29.530000686645508,29.020000457763672,29.049999237060547,211996,0.0,0.0
2023-03-13 15:30:00-04:00,29.049999237060547,29.479999542236328,29.049999237060547,29.1200008392334,317709,0.0,0.0
2023-03-14 09:30:00-04:00,29.350000381469727,30.079999923706055,29.104999542236328,30.075000762939453,124793,0.0,0.0
2023-03-14 10:30:00-04:00,30.09000015258789,30.3700008392334,29.950000762939453,30.344999313354492,112912,0.0,0.0
2023-03-14 11:30:00-04:00,30.350000381469727,30.43000030517578,30.219999313354492,30.219999313354492,83067,0.0,0.0
2023-03-14 12:30:00-04:00,30.209999084472656,30.350000381469727,29.729999542236328,29.84000015258789,133418,0.0,0.0
2023-03-14 13:30:00-04:00,29.854999542236328,29.940000534057617,29.514999389648438,29.559999465942383,127226,0.0,0.0
2023-03-14 14:30:00-04:00,29.565000534057617,29.635000228881836,28.75,28.850000381469727,258341,0.0,0.0
2023-03-14 15:30:00-04:00,28.860000610351562,29.219999313354492,28.829999923706055,29.1299991607666,334431,0.0,0.0
2023-03-15 09:30:00-04:00,27.670000076293945,27.920000076293945,27.065000534057617,27.239999771118164,308771,0.0,0.0
2023-03-15 10:30:00-04:00,27.149999618530273,27.360000610351562,26.579999923706055,26.799999237060547,234003,0.0,0.0
2023-03-15 11:30:00-04:00,26.78499984741211,26.889999389648438,25.6200008392334,25.93000030517578,334301,0.0,0.0
2023-03-15 12:30:00-04:00,25.93000030517578,26.399999618530273,25.561199188232422,26.280000686645508,232254,0.0,0.0
2023-03-15 13:30:00-04:00,26.280000686645508,26.489999771118164,26.010000228881836,26.40999984741211,280153,0.0,0.0
2023-03-15 14:30:00-04:00,26.420000076293945,26.850000381469727,26.31999969482422,26.594999313354492,518562,0.0,0.0
2023-03-15 15:30:00-04:00,26.600000381469727,26.690000534057617,26.399999618530273,26.690000534057617,476963,0.0,0.0
2023-03-16 09:30:00-04:00,25.989999771118164,26.86009979248047,25.7450008392334,26.309999465942383,196633,0.0,0.0
2023-03-16 10:30:00-04:00,26.329999923706055,27.040000915527344,26.31999969482422,26.84000015258789,165412,0.0,0.0
2023-03-16 11:30:00-04:00,26.81999969482422,26.829999923706055,26.440000534057617,26.690000534057617,205388,0.0,0.0
2023-03-16 12:30:00-04:00,26.719999313354492,27.19499969482422,26.56999969482422,27.165000915527344,172304,0.0,0.0
2023-03-16 13:30:00-04:00,27.170000076293945,27.229999542236328,26.639999389648438,26.770000457763672,122698,0.0,0.0
2023-03-16 14:30:00-04:00,26.78499984741211,26.94499969482422,26.594999313354492,26.75,519204,0.0,0.0
2023-03-16 15:30:00-04:00,26.75,26.969999313354492,26.7450008392334,26.940000534057617,419134,0.0,0.0
2023-03-17 09:30:00-04:00,26.65999984741211,26.830299377441406,26.030000686645508,26.1299991607666,269627,0.0,0.0
2023-03-17 10:30:00-04:00,26.149999618530273,26.309999465942383,25.920000076293945,26.020000457763672,205891,0.0,0.0
2023-03-17 11:30:00-04:00,26.0,26.200000762939453,25.600000381469727,26.190000534057617,145713,0.0,0.0
2023-03-17 12:30:00-04:00,26.200000762939453,26.25,25.790000915527344,25.924999237060547,182517,0.0,0.0
2023-03-17 13:30:00-04:00,25.93000030517578,26.219900131225586,25.895000457763672,26.170000076293945,365780,0.0,0.0
2023-03-17 14:30:00-04:00,26.15999984741211,26.260000228881836,26.049999237060547,26.15999984741211,241079,0.0,0.0
2023-03-17 15:30:00-04:00,26.1299991607666,26.395000457763672,26.040000915527344,26.360000610351562,587499,0.0,0.0
2023-03-20 09:30:00-04:00,26.40999984741211,27.229999542236328,26.40999984741211,27.209999084472656,170864,0.0,0.0
2023-03-20 10:30:00-04:00,27.225000381469727,27.635000228881836,27.049999237060547,27.635000228881836,158551,0.0,0.0
2023-03-20 11:30:00-04:00,27.6200008392334,27.690000534057617,26.979999542236328,27.110000610351562,145571,0.0,0.0
2023-03-20 12:30:00-04:00,27.1299991607666,27.3700008392334,27.0,27.200000762939453,84496,0.0,0.0
2023-03-20 13:30:00-04:00,27.18000030517578,27.260000228881836,26.96500015258789,27.15999984741211,114388,0.0,0.0
2023-03-20 14:30:00-04:00,27.149999618530273,27.190000534057617,26.8700008392334,27.0,152730,0.0,0.0
2023-03-20 15:30:00-04:00,26.979999542236328,27.094999313354492,26.75,26.770000457763672,299434,0.0,0.0
2023-03-21 09:30:00-04:00,27.729999542236328,28.229999542236328,27.600000381469727,27.809999465942383,182014,0.0,0.0
2023-03-21 10:30:00-04:00,27.81999969482422,28.1299991607666,27.6200008392334,27.9950008392334,98429,0.0,0.0
2023-03-21 11:30:00-04:00,27.989999771118164,28.15999984741211,27.899900436401367,28.149999618530273,106444,0.0,0.0
2023-03-21 12:30:00-04:00,28.139999389648438,28.6299991607666,28.079999923706055,28.6299991607666,150059,0.0,0.0
2023-03-21 13:30:00-04:00,28.65250015258789,28.709999084472656,28.520000457763672,28.61400032043457,168827,0.0,0.0
2023-03-21 14:30:00-04:00,28.625,28.625,28.280000686645508,28.350000381469727,291944,0.0,0.0
2023-03-21 15:30:00-04:00,28.34000015258789,28.610000610351562,28.34000015258789,28.479999542236328,274208,0.0,0.0
2023-03-22 09:30:00-04:00,28.520000457763672,28.639999389648438,28.18000030517578,28.450000762939453,192299,0.0,0.0
2023-03-22 10:30:00-04:00,28.489999771118164,28.860000610351562,28.389999389648438,28.68000030517578,133249,0.0,0.0
2023-03-22 11:30:00-04:00,28.684999465942383,28.84000015258789,28.344999313354492,28.440000534057617,139956,0.0,0.0
2023-03-22 12:30:00-04:00,28.43000030517578,28.610000610351562,28.420000076293945,28.56999969482422,106917,0.0,0.0
2023-03-22 13:30:00-04:00,28.56999969482422,29.030000686645508,28.5,28.875,229249,0.0,0.0
2023-03-22 14:30:00-04:00,28.860000610351562,29.19499969482422,28.389999389648438,28.6299991607666,353610,0.0,0.0
2023-03-22 15:30:00-04:00,28.6299991607666,28.638999938964844,27.90999984741211,27.90999984741211,291267,0.0,0.0
2023-03-23 09:30:00-04:00,28.229999542236328,28.75,28.200000762939453,28.459999084472656,70976,0.0,0.0
2023-03-23 10:30:00-04:00,28.469999313354492,28.649999618530273,28.329500198364258,28.530000686645508,84010,0.0,0.0
2023-03-23 11:30:00-04:00,28.530000686645508,28.579999923706055,28.020000457763672,28.040000915527344,84016,0.0,0.0
2023-03-23 12:30:00-04:00,28.0049991607666,28.139999389648438,27.700000762939453,27.764999389648438,82995,0.0,0.0
2023-03-23 13:30:00-04:00,27.75,27.850000381469727,27.600000381469727,27.6299991607666,90551,0.0,0.0
2023-03-23 14:30:00-04:00,27.649999618530273,27.8700008392334,27.309999465942383,27.549999237060547,136535,0.0,0.0
2023-03-23 15:30:00-04:00,27.5,27.90999984741211,27.489999771118164,27.68000030517578,268833,0.0,0.0
2023-03-24 09:30:00-04:00,27.040000915527344,27.59000015258789,26.90999984741211,27.549999237060547,122725,0.0,0.0
2023-03-24 10:30:00-04:00,27.56999969482422,27.639999389648438,27.200000762939453,27.489999771118164,154902,0.0,0.0
2023-03-24 11:30:00-04:00,27.489999771118164,28.170000076293945,27.489999771118164,28.065000534057617,142331,0.0,0.0
2023-03-24 12:30:00-04:00,28.06999969482422,28.229999542236328,27.959999084472656,28.190000534057617,120748,0.0,0.0
2023-03-24 13:30:00-04:00,28.209999084472656,28.354999542236328,28.079999923706055,28.239999771118164,150359,0.0,0.0
2023-03-24 14:30:00-04:00,28.2549991607666,28.469999313354492,28.18000030517578,28.395000457763672,301244,0.0,0.0
2023-03-24 15:30:00-04:00,28.40999984741211,28.43000030517578,28.170000076293945,28.3700008392334,202965,0.0,0.0
2023-03-27 09:30:00-04:00,28.770000457763672,28.88990020751953,28.434999465942383,28.610000610351562,132158,0.0,0.0
2023-03-27 10:30:00-04:00,28.610000610351562,28.760000228881836,28.34000015258789,28.5,138521,0.0,0.0
2023-03-27 11:30:00-04:00,28.510000228881836,29.170000076293945,28.489999771118164,29.1299991607666,104190,0.0,0.0
2023-03-27 12:30:00-04:00,29.139999389648438,29.34000015258789,29.040000915527344,29.280000686645508,147345,0.0,0.0
2023-03-27 13:30:00-04:00,29.270000457763672,29.450000762939453,29.239999771118164,29.399999618530273,93847,0.0,0.0
2023-03-27 14:30:00-04:00,29.40999984741211,29.5049991607666,29.239999771118164,29.389999389648438,232922,0.0,0.0
2023-03-27 15:30:00-04:00,29.389999389648438,29.469999313354492,29.1299991607666,29.229999542236328,309736,0.0,0.0
2023-03-28 09:30:00-04:00,29.31999969482422,29.59000015258789,29.219999313354492,29.459999084472656,118899,0.0,0.0
2023-03-28 10:30:00-04:00,29.489999771118164,29.600000381469727,29.3700008392334,29.479999542236328,94494,0.0,0.0
2023-03-28 11:30:00-04:00,29.469999313354492,29.759700775146484,29.43000030517578,29.700000762939453,120443,0.0,0.0
2023-03-28 12:30:00-04:00,29.690000534057617,29.84000015258789,29.530000686645508,29.600000381469727,74577,0.0,0.0
2023-03-28 13:30:00-04:00,29.579999923706055,29.6299991607666,29.475000381469727,29.5,87328,0.0,0.0
2023-03-28 14:30:00-04:00,29.510000228881836,29.684999465942383,29.3799991607666,29.600000381469727,118642,0.0,0.0
2023-03-28 15:30:00-04:00,29.610000610351562,29.739999771118164,29.520000457763672,29.600000381469727,158712,0.0,0.0
2023-03-29 09:30:00-04:00,29.709999084472656,29.950000762939453,29.34000015258789,29.725000381469727,105582,0.0,0.0
2023-03-29 10:30:00-04:00,29.75,29.790000915527344,29.329999923706055,29.530000686645508,76954,0.0,0.0
2023-03-29 11:30:00-04:00,29.530000686645508,29.59000015258789,29.3799991607666,29.59000015258789,66162,0.0,0.0
2023-03-29 12:30:00-04:00,29.600000381469727,29.729999542236328,29.540000915527344,29.65999984741211,81320,0.0,0.0
2023-03-29 13:30:00-04:00,29.665000915527344,29.760000228881836,29.600000381469727,29.729999542236328,106341,0.0,0.0
2023-03-29 14:30:00-04:00,29.729999542236328,29.860000610351562,29.709999084472656,29.75,129429,0.0,0.0
2023-03-29 15:30:00-04:00,29.729999542236328,29.899999618530273,29.700000762939453,29.899999618530273,270689,0.0,0.0
2023-03-30 09:30:00-04:00,30.1200008392334,30.125,29.440000534057617,29.56999969482422,131529,0.0,0.0
2023-03-30 10:30:00-04:00,29.575000762939453,29.709999084472656,29.43000030517578,29.6299991607666,79164,0.0,0.0
2023-03-30 11:30:00-04:00,29.6200008392334,29.670000076293945,29.468399047851562,29.579999923706055,53491,0.0,0.0
2023-03-30 12:30:00-04:00,29.610000610351562,29.639999389648438,29.459999084472656,29.5,112673,0.0,0.0
2023-03-30 13:30:00-04:00,29.5049991607666,29.719999313354492,29.18000030517578,29.639999389648438,367159,0.0,0.0
2023-03-30 14:30:00-04:00,29.639999389648438,29.790000915527344,29.479999542236328,29.760000228881836,570761,0.0,0.0
2023-03-30 15:30:00-04:00,29.760000228881836,29.860000610351562,29.704999923706055,29.780000686645508,597613,0.0,0.0
2023-03-31 09:30:00-04:00,30.110000610351562,30.239999771118164,29.84000015258789,30.200000762939453,83230,0.0,0.0
2023-03-31 10:30:00-04:00,30.200000762939453,30.479999542236328,30.110000610351562,30.450000762939453,155577,0.0,0.0
2023-03-31 11:30:00-04:00,30.44499969482422,30.600000381469727,30.415000915527344,30.549999237060547,183417,0.0,0.0
2023-03-31 12:30:00-04:00,30.53499984741211,30.559999465942383,30.239999771118164,30.31100082397461,169369,0.0,0.0
2023-03-31 13:30:00-04:00,30.309999465942383,30.350000381469727,30.100000381469727,30.15999984741211,208759,0.0,0.0
2023-03-31 14:30:00-04:00,30.155000686645508,30.360000610351562,30.030000686645508,30.34000015258789,269900,0.0,0.0
2023-03-31 15:30:00-04:00,30.334999084472656,30.3799991607666,30.149999618530273,30.34000015258789,470508,0.0,0.0
2023-04-03 09:30:00-04:00,32.220001220703125,32.720001220703125,31.90999984741211,32.69499969482422,519427,0.0,0.0
2023-04-03 10:30:00-04:00,32.689998626708984,32.689998626708984,31.649999618530273,31.93000030517578,216905,0.0,0.0
2023-04-03 11:30:00-04:00,31.920000076293945,32.650001525878906,31.90999984741211,32.63999938964844,201293,0.0,0.0
2023-04-03 12:30:00-04:00,32.640499114990234,32.689998626708984,32.31999969482422,32.5,191751,0.0,0.0
2023-04-03 13:30:00-04:00,32.52000045776367,32.81999969482422,32.400001525878906,32.779998779296875,309483,0.0,0.0
2023-04-03 14:30:00-04:00,32.78499984741211,33.119998931884766,32.630001068115234,33.06010055541992,309065,0.0,0.0
2023-04-03 15:30:00-04:00,33.09000015258789,33.15999984741211,32.91999816894531,33.11000061035156,467785,0.0,0.0
2023-04-04 09:30:00-04:00,33.400001525878906,33.400001525878906,32.599998474121094,32.7599983215332,216575,0.0,0.0
2023-04-04 10:30:00-04:00,32.75,32.790000915527344,31.979999542236328,32.099998474121094,92540,0.0,0.0
2023-04-04 11:30:00-04:00,32.099998474121094,32.119998931884766,31.704999923706055,31.959999084472656,90859,0.0,0.0
2023-04-04 12:30:00-04:00,31.979999542236328,32.21500015258789,31.770000457763672,32.09000015258789,78725,0.0,0.0
2023-04-04 13:30:00-04:00,32.09000015258789,32.189998626708984,31.93000030517578,32.13999938964844,116145,0.0,0.0
2023-04-04 14:30:00-04:00,32.150001525878906,32.31999969482422,32.13999938964844,32.25,182041,0.0,0.0
2023-04-04 15:30:00-04:00,32.2400016784668,32.540000915527344,32.130001068115234,32.43000030517578,312582,0.0,0.0
2023-04-05 09:30:00-04:00,32.41999816894531,32.709999084472656,31.889999389648438,32.154998779296875,104236,0.0,0.0
2023-04-05 10:30:00-04:00,32.150001525878906,32.40999984741211,31.81999969482422,31.950000762939453,120158,0.0,0.0
2023-04-05 11:30:00-04:00,31.950000762939453,32.349998474121094,31.920000076293945,32.2599983215332,152302,0.0,0.0
2023-04-05 12:30:00-04:00,32.22999954223633,32.53499984741211,32.13999938964844,32.5099983215332,44643,0.0,0.0
2023-04-05 13:30:00-04:00,32.52000045776367,32.59000015258789,32.290000915527344,32.375,96898,0.0,0.0
2023-04-05 14:30:00-04:00,32.380001068115234,32.38999938964844,32.209999084472656,32.220001220703125,99374,0.0,0.0
2023-04-05 15:30:00-04:00,32.22999954223633,32.5099983215332,32.220001220703125,32.5,195239,0.0,0.0
2023-04-06 09:30:00-04:00,32.41999816894531,32.48500061035156,31.889999389648438,32.39500045776367,98715,0.0,0.0
2023-04-06 10:30:00-04:00,32.31999969482422,32.4900016784668,32.25,32.439998626708984,93487,0.0,0.0
2023-04-06 11:30:00-04:00,32.43000030517578,32.61000061035156,32.345001220703125,32.52000045776367,65772,0.0,0.0
2023-04-06 12:30:00-04:00,32.529998779296875,32.79499816894531,32.45000076293945,32.775001525878906,108678,0.0,0.0
2023-04-06 13:30:00-04:00,32.779998779296875,33.025001525878906,32.72999954223633,32.9900016784668,477196,0.0,0.0
2023-04-06 14:30:00-04:00,32.97999954223633,33.025001525878906,32.45000076293945,32.470001220703125,164247,0.0,0.0
2023-04-06 15:30:00-04:00,32.4900016784668,32.619998931884766,32.38999938964844,32.58000183105469,395602,0.0,0.0
2023-04-10 09:30:00-04:00,32.790000915527344,33.582401275634766,32.790000915527344,33.369998931884766,137462,0.0,0.0
2023-04-10 10:30:00-04:00,33.375,33.494998931884766,33.22999954223633,33.3849983215332,166924,0.0,0.0
2023-04-10 11:30:00-04:00,33.36000061035156,33.40999984741211,33.08000183105469,33.119998931884766,83653,0.0,0.0
2023-04-10 12:30:00-04:00,33.119998931884766,33.2400016784668,33.08000183105469,33.220001220703125,74558,0.0,0.0
2023-04-10 13:30:00-04:00,33.2400016784668,33.3650016784668,33.17499923706055,33.334999084472656,84265,0.0,0.0
2023-04-10 14:30:00-04:00,33.33000183105469,33.51390075683594,33.290000915527344,33.459999084472656,157780,0.0,0.0
2023-04-10 15:30:00-04:00,33.459999084472656,33.5,33.30500030517578,33.310001373291016,310348,0.0,0.0
2023-04-11 09:30:00-04:00,33.84000015258789,34.09000015258789,33.61000061035156,34.04999923706055,212578,0.0,0.0
2023-04-11 10:30:00-04:00,34.05500030517578,34.099998474121094,33.7400016784668,33.9900016784668,165538,0.0,0.0
2023-04-11 11:30:00-04:00,33.97999954223633,34.17499923706055,33.93000030517578,34.03499984741211,180740,0.0,0.0
2023-04-11 12:30:00-04:00,34.040000915527344,34.130001068115234,33.90999984741211,34.040000915527344,545072,0.0,0.0
2023-04-11 13:30:00-04:00,34.040000915527344,34.209999084472656,34.0099983215332,34.189998626708984,151661,0.0,0.0
2023-04-11 14:30:00-04:00,34.189998626708984,34.209999084472656,34.040000915527344,34.10499954223633,151914,0.0,0.0
2023-04-11 15:30:00-04:00,34.109500885009766,34.16999816894531,33.93000030517578,33.93000030517578,233788,0.0,0.0
2023-04-12 09:30:00-04:00,34.31999969482422,34.45000076293945,33.790000915527344,34.275001525878906,132165,0.0,0.0
2023-04-12 10:30:00-04:00,34.27000045776367,34.279998779296875,33.95000076293945,34.2400016784668,142206,0.0,0.0
2023-04-12 11:30:00-04:00,34.21500015258789,34.279998779296875,33.90999984741211,34.0,180854,0.0,0.0
2023-04-12 12:30:00-04:00,34.0,34.43000030517578,33.974998474121094,34.380001068115234,167103,0.0,0.0
2023-04-12 13:30:00-04:00,34.380001068115234,34.40999984741211,34.119998931884766,34.154998779296875,121534,0.0,0.0
2023-04-12 14:30:00-04:00,34.13999938964844,34.209999084472656,33.95000076293945,33.95000076293945,155826,0.0,0.0
2023-04-12 15:30:00-04:00,33.939998626708984,34.040000915527344,33.779998779296875,33.810001373291016,233415,0.0,0.0
2023-04-13 09:30:00-04:00,34.16999816894531,34.68000030517578,33.68000030517578,34.52000045776367,119814,0.0,0.0
2023-04-13 10:30:00-04:00,34.55500030517578,34.779998779296875,34.525001525878906,34.709999084472656,128516,0.0,0.0
2023-04-13 11:30:00-04:00,34.70500183105469,34.939998626708984,34.5099983215332,34.90999984741211,563510,0.0,0.0
2023-04-13 12:30:00-04:00,34.88999938964844,34.91999816894531,34.62009811401367,34.70000076293945,139209,0.0,0.0
2023-04-13 13:30:00-04:00,34.720001220703125,34.9900016784668,34.66999816894531,34.709999084472656,113167,0.0,0.0
2023-04-13 14:30:00-04:00,34.70500183105469,34.7400016784668,34.57500076293945,34.70000076293945,111322,0.0,0.0
2023-04-13 15:30:00-04:00,34.69499969482422,34.72999954223633,34.4900016784668,34.52000045776367,284103,0.0,0.0
2023-04-14 09:30:00-04:00,34.68000030517578,34.839900970458984,34.31999969482422,34.3650016784668,64598,0.0,0.0
2023-04-14 10:30:00-04:00,34.349998474121094,34.560001373291016,34.19499969482422,34.470001220703125,105993,0.0,0.0
2023-04-14 11:30:00-04:00,34.439998626708984,34.59000015258789,34.27000045776367,34.505001068115234,66916,0.0,0.0
2023-04-14 12:30:00-04:00,34.5,34.665000915527344,34.459999084472656,34.5099983215332,76933,0.0,0.0
2023-04-14 13:30:00-04:00,34.4900016784668,34.672401428222656,34.42499923706055,34.65999984741211,87589,0.0,0.0
2023-04-14 14:30:00-04:00,34.654998779296875,34.79999923706055,34.52000045776367,34.790000915527344,115691,0.0,0.0
2023-04-14 15:30:00-04:00,34.779998779296875,35.08000183105469,34.77000045776367,35.04999923706055,213558,0.0,0.0
2023-04-17 09:30:00-04:00,35.15999984741211,35.25,34.709999084472656,34.724998474121094,101363,0.0,0.0
2023-04-17 10:30:00-04:00,34.709999084472656,34.83000183105469,34.220001220703125,34.290000915527344,153397,0.0,0.0
2023-04-17 11:30:00-04:00,34.310001373291016,34.4900016784668,34.22999954223633,34.30500030517578,66789,0.0,0.0
2023-04-17 12:30:00-04:00,34.31999969482422,34.3650016784668,34.19499969482422,34.33000183105469,64198,0.0,0.0
2023-04-17 13:30:00-04:00,34.33000183105469,34.38359832763672,34.087398529052734,34.220001220703125,178698,0.0,0.0
2023-04-17 14:30:00-04:00,34.220001220703125,34.349998474121094,34.16170120239258,34.33000183105469,108745,0.0,0.0
2023-04-17 15:30:00-04:00,34.34000015258789,34.34000015258789,34.18000030517578,34.20000076293945,169965,0.0,0.0
2023-04-18 09:30:00-04:00,34.119998931884766,34.18000030517578,33.75,34.130001068115234,109884,0.0,0.0
2023-04-18 10:30:00-04:00,34.06999969482422,34.13999938964844,33.75,33.92499923706055,98445,0.0,0.0
2023-04-18 11:30:00-04:00,33.939998626708984,34.189998626708984,33.93000030517578,34.130001068115234,106771,0.0,0.0
2023-04-18 12:30:00-04:00,34.130001068115234,34.150001525878906,33.97999954223633,34.04499816894531,77174,0.0,0.0
2023-04-18 13:30:00-04:00,34.060001373291016,34.099998474121094,33.7599983215332,33.83000183105469,79762,0.0,0.0
2023-04-18 14:30:00-04:00,33.834999084472656,33.9900016784668,33.69499969482422,33.89500045776367,120377,0.0,0.0
2023-04-18 15:30:00-04:00,33.900001525878906,34.16999816894531,33.869998931884766,34.130001068115234,176299,0.0,0.0
2023-04-19 09:30:00-04:00,33.380001068115234,33.56999969482422,33.02000045776367,33.08000183105469,235367,0.0,0.0
2023-04-19 10:30:00-04:00,33.06999969482422,33.375,33.029998779296875,33.36000061035156,98369,0.0,0.0
2023-04-19 11:30:00-04:00,33.369998931884766,33.49440002441406,32.869998931884766,33.06999969482422,143678,0.0,0.0
2023-04-19 12:30:00-04:00,33.08000183105469,33.529998779296875,33.060001373291016,33.439998626708984,122136,0.0,0.0
2023-04-19 13:30:00-04:00,33.45000076293945,33.720001220703125,33.380001068115234,33.45000076293945,92278,0.0,0.0
2023-04-19 14:30:00-04:00,33.470001220703125,33.619998931884766,33.41999816894531,33.5099983215332,101953,0.0,0.0
2023-04-19 15:30:00-04:00,33.5099983215332,33.81999969482422,33.5099983215332,33.81999969482422,196444,0.0,0.0
2023-04-20 09:30:00-04:00,33.15999984741211,33.310001373291016,32.81999969482422,33.04999923706055,130051,0.0,0.0
2023-04-20 10:30:00-04:00,33.04999923706055,33.150001525878906,32.7599983215332,32.875,78931,0.0,0.0
2023-04-20 11:30:00-04:00,32.849998474121094,32.86000061035156,32.369998931884766,32.689998626708984,156706,0.0,0.0
2023-04-20 12:30:00-04:00,32.75,33.04899978637695,32.685001373291016,32.95349884033203,118721,0.0,0.0
2023-04-20 13:30:00-04:00,32.95000076293945,33.09000015258789,32.814998626708984,32.89500045776367,104953,0.0,0.0
2023-04-20 14:30:00-04:00,32.880001068115234,32.880001068115234,32.630001068115234,32.68000030517578,128178,0.0,0.0
2023-04-20 15:30:00-04:00,32.68000030517578,33.06999969482422,32.68000030517578,33.04999923706055,154652,0.0,0.0
2023-04-21 09:30:00-04:00,32.90999984741211,33.035301208496094,32.5099983215332,32.959999084472656,97737,0.0,0.0
2023-04-21 10:30:00-04:00,32.970001220703125,33.04999923706055,32.650001525878906,32.7400016784668,69903,0.0,0.0
2023-04-21 11:30:00-04:00,32.7599983215332,32.9900016784668,32.75,32.81999969482422,56710,0.0,0.0
2023-04-21 12:30:00-04:00,32.810001373291016,32.85499954223633,32.66999816894531,32.69499969482422,56768,0.0,0.0
2023-04-21 13:30:00-04:00,32.709999084472656,32.95000076293945,32.709999084472656,32.849998474121094,81578,0.0,0.0
2023-04-21 14:30:00-04:00,32.85499954223633,32.85499954223633,32.630001068115234,32.724998474121094,112722,0.0,0.0
2023-04-21 15:30:00-04:00,32.724998474121094,32.834999084472656,32.69499969482422,32.779998779296875,114787,0.0,0.0
2023-04-24 09:30:00-04:00,32.810001373291016,33.459999084472656,32.349998474121094,33.44200134277344,80909,0.0,0.0
2023-04-24 10:30:00-04:00,33.33000183105469,33.403900146484375,33.029998779296875,33.224998474121094,59535,0.0,0.0
2023-04-24 11:30:00-04:00,33.209999084472656,33.560001373291016,33.130001068115234,33.5,51796,0.0,0.0
2023-04-24 12:30:00-04:00,33.5,33.64030075073242,33.45000076293945,33.58000183105469,38049,0.0,0.0
2023-04-24 13:30:00-04:00,33.56999969482422,33.689998626708984,33.5,33.685001373291016,49583,0.0,0.0
2023-04-24 14:30:00-04:00,33.68389892578125,33.84000015258789,33.61000061035156,33.68000030517578,96681,0.0,0.0
2023-04-24 15:30:00-04:00,33.67499923706055,33.83000183105469,33.65999984741211,33.75,191865,0.0,0.0
2023-04-25 09:30:00-04:00,32.959999084472656,33.349998474121094,32.388099670410156,32.46500015258789,129486,0.0,0.0
2023-04-25 10:30:00-04:00,32.43000030517578,32.61800003051758,32.310001373291016,32.439998626708984,164638,0.0,0.0
2023-04-25 11:30:00-04:00,32.41999816894531,32.65999984741211,32.34000015258789,32.564998626708984,61847,0.0,0.0
2023-04-25 12:30:00-04:00,32.59000015258789,32.68000030517578,32.18000030517578,32.31570053100586,66251,0.0,0.0
2023-04-25 13:30:00-04:00,32.29999923706055,32.4900016784668,32.290000915527344,32.470001220703125,60109,0.0,0.0
2023-04-25 14:30:00-04:00,32.470001220703125,32.47999954223633,32.22999954223633,32.380001068115234,136322,0.0,0.0
2023-04-25 15:30:00-04:00,32.349998474121094,32.459999084472656,32.29999923706055,32.310001373291016,206343,0.0,0.0
2023-04-26 09:30:00-04:00,32.18000030517578,32.540000915527344,32.0099983215332,32.20000076293945,104707,0.0,0.0
2023-04-26 10:30:00-04:00,32.22999954223633,32.619998931884766,32.119998931884766,32.435001373291016,64752,0.0,0.0
2023-04-26 11:30:00-04:00,32.400001525878906,32.689998626708984,32.38999938964844,32.595001220703125,68962,0.0,0.0
2023-04-26 12:30:00-04:00,32.599998474121094,32.599998474121094,32.25,32.279998779296875,46108,0.0,0.0
2023-04-26 13:30:00-04:00,32.30500030517578,32.31999969482422,31.875,31.875,59634,0.0,0.0
2023-04-26 14:30:00-04:00,31.875,32.0099983215332,31.6200008392334,31.68000030517578,160291,0.0,0.0
2023-04-26 15:30:00-04:00,31.704999923706055,31.93000030517578,31.670000076293945,31.829999923706055,242758,0.0,0.0
2023-04-27 09:30:00-04:00,32.47999954223633,32.540000915527344,31.864999771118164,32.119998931884766,64711,0.0,0.0
2023-04-27 10:30:00-04:00,32.150001525878906,32.20500183105469,31.777799606323242,32.06999969482422,58251,0.0,0.0
2023-04-27 11:30:00-04:00,32.08000183105469,32.13999938964844,31.885000228881836,32.08000183105469,58073,0.0,0.0
2023-04-27 12:30:00-04:00,32.099998474121094,32.31999969482422,31.989999771118164,32.2400016784668,42164,0.0,0.0
2023-04-27 13:30:00-04:00,32.25,32.56999969482422,32.220001220703125,32.56999969482422,62725,0.0,0.0
2023-04-27 14:30:00-04:00,32.564998626708984,32.69499969482422,32.43000030517578,32.459999084472656,118447,0.0,0.0
2023-04-27 15:30:00-04:00,32.459999084472656,32.54999923706055,32.25,32.29999923706055,203519,0.0,0.0
2023-04-28 09:30:00-04:00,32.34000015258789,33.060001373291016,32.060001373291016,32.99340057373047,73261,0.0,0.0
2023-04-28 10:30:00-04:00,33.0,33.18000030517578,32.665000915527344,33.11309814453125,61863,0.0,0.0
2023-04-28 11:30:00-04:00,33.06700134277344,33.47999954223633,33.06700134277344,33.400001525878906,73446,0.0,0.0
2023-04-28 12:30:00-04:00,33.400001525878906,33.43000030517578,33.255001068115234,33.400001525878906,48561,0.0,0.0
2023-04-28 13:30:00-04:00,33.39500045776367,33.435001373291016,33.18000030517578,33.21500015258789,53031,0.0,0.0
2023-04-28 14:30:00-04:00,33.21500015258789,33.45000076293945,33.119998931884766,33.34000015258789,63410,0.0,0.0
2023-04-28 15:30:00-04:00,33.349998474121094,33.400001525878906,33.130001068115234,33.18000030517578,163930,0.0,0.0
2023-05-01 09:30:00-04:00,32.66999816894531,33.60499954223633,32.439998626708984,33.400001525878906,117740,0.0,0.0
2023-05-01 10:30:00-04:00,33.3650016784668,33.63999938964844,33.02000045776367,33.310001373291016,137937,0.0,0.0
2023-05-01 11:30:00-04:00,33.25,33.415000915527344,33.11000061035156,33.28499984741211,93499,0.0,0.0
2023-05-01 12:30:00-04:00,33.28499984741211,33.369998931884766,32.92499923706055,32.939998626708984,68918,0.0,0.0
2023-05-01 13:30:00-04:00,32.91999816894531,33.15999984741211,32.904998779296875,33.14500045776367,84740,0.0,0.0
2023-05-01 14:30:00-04:00,33.14500045776367,33.36000061035156,33.005001068115234,33.02000045776367,89405,0.0,0.0
2023-05-01 15:30:00-04:00,33.029998779296875,33.369998931884766,33.02000045776367,33.34000015258789,189015,0.0,0.0
2023-05-02 09:30:00-04:00,32.9900016784668,33.02000045776367,32.040000915527344,32.130001068115234,118861,0.0,0.0
2023-05-02 10:30:00-04:00,32.20000076293945,32.220001220703125,31.579999923706055,31.614999771118164,126180,0.0,0.0
2023-05-02 11:30:00-04:00,31.6200008392334,31.770000457763672,31.440000534057617,31.610000610351562,150454,0.0,0.0
2023-05-02 12:30:00-04:00,31.59000015258789,31.829999923706055,31.479999542236328,31.704999923706055,118311,0.0,0.0
2023-05-02 13:30:00-04:00,31.709999084472656,31.889999389648438,31.6299991607666,31.87929916381836,98633,0.0,0.0
2023-05-02 14:30:00-04:00,31.8799991607666,32.06999969482422,31.780000686645508,32.02000045776367,130843,0.0,0.0
2023-05-02 15:30:00-04:00,32.040000915527344,32.2400016784668,31.969999313354492,32.130001068115234,266491,0.0,0.0
2023-05-03 09:30:00-04:00,31.389999389648438,31.979999542236328,31.209999084472656,31.820999145507812,239811,0.0,0.0
2023-05-03 10:30:00-04:00,31.822099685668945,31.822099685668945,31.3700008392334,31.389999389648438,76900,0.0,0.0
2023-05-03 11:30:00-04:00,31.389999389648438,31.510000228881836,31.040000915527344,31.320100784301758,189518,0.0,0.0
2023-05-03 12:30:00-04:00,31.334999084472656,31.399999618530273,31.110000610351562,31.239999771118164,213386,0.0,0.0
2023-05-03 13:30:00-04:00,31.270000457763672,31.700000762939453,31.21500015258789,31.270000457763672,292473,0.0,0.0
2023-05-03 14:30:00-04:00,31.280000686645508,31.559999465942383,30.969999313354492,30.985000610351562,464905,0.0,0.0
2023-05-03 15:30:00-04:00,30.985000610351562,31.149999618530273,30.899999618530273,31.0,429079,0.0,0.0
2023-05-04 09:30:00-04:00,30.93000030517578,31.75,30.93000030517578,31.040000915527344,136584,0.0,0.0
2023-05-04 10:30:00-04:00,31.049999237060547,31.40999984741211,30.8700008392334,31.190000534057617,155964,0.0,0.0
2023-05-04 11:30:00-04:00,31.209999084472656,31.209999084472656,30.834999084472656,31.15999984741211,118495,0.0,0.0
2023-05-04 12:30:00-04:00,31.1299991607666,31.344999313354492,30.93000030517578,31.139999389648438,400473,0.0,0.0
2023-05-04 13:30:00-04:00,31.149999618530273,31.34000015258789,31.049999237060547,31.079999923706055,368281,0.0,0.0
2023-05-04 14:30:00-04:00,31.084999084472656,31.229999542236328,30.954999923706055,31.024999618530273,155502,0.0,0.0
2023-05-04 15:30:00-04:00,31.010000228881836,31.15999984741211,30.850000381469727,30.940000534057617,304282,0.0,0.0
2023-05-05 09:30:00-04:00,32.25,32.95000076293945,32.029998779296875,32.29999923706055,376598,0.0,0.0
2023-05-05 10:30:00-04:00,32.29999923706055,32.45500183105469,31.479999542236328,31.770000457763672,311922,0.0,0.0
2023-05-05 11:30:00-04:00,31.770000457763672,32.08000183105469,31.510000228881836,32.0099983215332,152144,0.0,0.0
2023-05-05 12:30:00-04:00,32.040000915527344,32.040000915527344,31.774999618530273,31.875,123050,0.0,0.0
2023-05-05 13:30:00-04:00,31.850000381469727,32.28499984741211,31.690000534057617,32.0099983215332,560792,0.0,0.0
2023-05-05 14:30:00-04:00,32.025001525878906,32.33000183105469,31.969999313354492,31.989999771118164,217218,0.0,0.0
2023-05-05 15:30:00-04:00,31.989999771118164,32.02000045776367,31.799999237060547,31.829999923706055,310735,0.0,0.0
2023-05-08 09:30:00-04:00,32.47999954223633,33.09000015258789,32.38529968261719,32.66999816894531,197847,0.0,0.0
2023-05-08 10:30:00-04:00,32.65999984741211,33.040000915527344,32.65999984741211,32.939998626708984,227772,0.0,0.0
2023-05-08 11:30:00-04:00,32.91999816894531,33.09000015258789,32.34000015258789,32.34000015258789,219249,0.0,0.0
2023-05-08 12:30:00-04:00,32.345001220703125,32.4900016784668,32.2400016784668,32.3650016784668,166699,0.0,0.0
2023-05-08 13:30:00-04:00,32.3650016784668,32.5,32.119998931884766,32.28499984741211,144678,0.0,0.0
2023-05-08 14:30:00-04:00,32.28499984741211,32.34989929199219,31.860000610351562,32.0,146988,0.0,0.0
2023-05-08 15:30:00-04:00,31.989999771118164,32.1150016784668,31.959999084472656,32.029998779296875,196258,0.0,0.0
2023-05-09 09:30:00-04:00,31.579999923706055,31.905000686645508,31.350000381469727,31.530000686645508,242789,0.0,0.0
2023-05-09 10:30:00-04:00,31.489999771118164,31.78499984741211,31.239999771118164,31.25,161243,0.0,0.0
2023-05-09 11:30:00-04:00,31.280000686645508,31.510000228881836,31.25,31.280000686645508,121915,0.0,0.0
2023-05-09 12:30:00-04:00,31.299999237060547,31.532499313354492,31.280000686645508,31.44029998779297,63984,0.0,0.0
2023-05-09 13:30:00-04:00,31.459999084472656,32.02000045776367,31.450000762939453,31.8799991607666,155389,0.0,0.0
2023-05-09 14:30:00-04:00,31.8799991607666,32.0099983215332,31.5,31.510000228881836,221409,0.0,0.0
2023-05-09 15:30:00-04:00,31.5,31.579999923706055,31.18000030517578,31.239999771118164,357970,0.0,0.0
2023-05-10 09:30:00-04:00,31.329999923706055,31.610000610351562,30.59000015258789,30.6299991607666,161824,0.0,0.0
2023-05-10 10:30:00-04:00,30.635000228881836,31.110000610351562,30.530000686645508,31.010000228881836,209589,0.0,0.0
2023-05-10 11:30:00-04:00,30.979999542236328,31.420000076293945,30.90999984741211,31.375,244468,0.0,0.0
2023-05-10 12:30:00-04:00,31.40999984741211,31.40999984741211,30.899999618530273,30.900699615478516,131760,0.0,0.0
2023-05-10 13:30:00-04:00,30.920000076293945,31.030000686645508,30.770000457763672,31.030000686645508,50709,0.0,0.0
2023-05-10 14:30:00-04:00,31.024999618530273,31.1200008392334,30.969999313354492,31.045000076293945,109572,0.0,0.0
2023-05-10 15:30:00-04:00,31.030000686645508,31.290000915527344,31.030000686645508,31.190000534057617,260137,0.0,0.0
2023-05-11 09:30:00-04:00,30.6299991607666,30.906700134277344,30.479999542236328,30.75,85511,0.0,0.0
2023-05-11 10:30:00-04:00,30.78890037536621,31.059999465942383,30.75,30.90999984741211,90990,0.0,0.0
2023-05-11 11:30:00-04:00,30.920000076293945,31.09000015258789,30.71500015258789,30.924999237060547,77534,0.0,0.0
2023-05-11 12:30:00-04:00,30.920000076293945,31.204999923706055,30.860000610351562,31.06999969482422,95092,0.0,0.0
2023-05-11 13:30:00-04:00,31.059999465942383,31.15999984741211,30.889999389648438,31.1299991607666,133046,0.0,0.0
2023-05-11 14:30:00-04:00,31.1299991607666,31.325000762939453,31.1200008392334,31.239999771118164,112368,0.0,0.0
2023-05-11 15:30:00-04:00,31.239999771118164,31.420000076293945,31.174999237060547,31.399999618530273,209962,0.0,0.0
2023-05-12 09:30:00-04:00,31.75,31.950000762939453,31.239999771118164,31.239999771118164,75771,0.0,0.0
2023-05-12 10:30:00-04:00,31.239999771118164,31.459999084472656,31.139999389648438,31.219999313354492,62789,0.0,0.0
2023-05-12 11:30:00-04:00,31.21500015258789,31.229999542236328,31.0,31.049999237060547,74636,0.0,0.0
2023-05-12 12:30:00-04:00,31.040000915527344,31.31999969482422,30.90999984741211,31.299999237060547,70616,0.0,0.0
2023-05-12 13:30:00-04:00,31.270000457763672,31.299999237060547,31.09000015258789,31.260000228881836,43380,0.0,0.0
2023-05-12 14:30:00-04:00,31.280000686645508,31.459999084472656,31.229999542236328,31.399999618530273,66721,0.0,0.0
2023-05-12 15:30:00-04:00,31.40999984741211,31.520000457763672,31.290000915527344,31.520000457763672,156495,0.0,0.0
2023-05-15 09:30:00-04:00,31.780000686645508,32.060001373291016,31.459999084472656,32.060001373291016,44693,0.0,0.0
2023-05-15 10:30:00-04:00,32.08000183105469,32.40999984741211,32.0099983215332,32.329898834228516,60164,0.0,0.0
2023-05-15 11:30:00-04:00,32.28860092163086,32.529998779296875,32.24729919433594,32.529998779296875,70936,0.0,0.0
2023-05-15 12:30:00-04:00,32.529998779296875,32.74720001220703,32.47999954223633,32.57500076293945,59002,0.0,0.0
2023-05-15 13:30:00-04:00,32.59000015258789,32.599998474121094,32.40999984741211,32.439998626708984,49729,0.0,0.0
2023-05-15 14:30:00-04:00,32.44499969482422,32.49079895019531,32.16999816894531,32.20000076293945,74973,0.0,0.0
2023-05-15 15:30:00-04:00,32.20000076293945,32.27000045776367,31.860000610351562,31.969999313354492,233363,0.0,0.0
2023-05-16 09:30:00-04:00,30.989999771118164,31.200000762939453,30.229999542236328,30.360000610351562,2434951,0.0,0.0
2023-05-16 10:30:00-04:00,30.360000610351562,30.479999542236328,30.010000228881836,30.299999237060547,1134166,0.0,0.0
2023-05-16 11:30:00-04:00,30.299999237060547,30.549999237060547,30.040000915527344,30.280000686645508,668795,0.0,0.0
2023-05-16 12:30:00-04:00,30.290000915527344,30.540000915527344,30.25,30.424999237060547,438726,0.0,0.0
2023-05-16 13:30:00-04:00,30.420000076293945,30.5,30.239999771118164,30.350000381469727,364472,0.0,0.0
2023-05-16 14:30:00-04:00,30.334999084472656,30.420000076293945,30.270000457763672,30.3799991607666,585534,0.0,0.0
2023-05-16 15:30:00-04:00,30.389999389648438,30.440000534057617,30.200000762939453,30.200000762939453,903689,0.0,0.0
2023-05-17 09:30:00-04:00,30.610000610351562,30.719999313354492,30.059999465942383,30.270000457763672,404965,0.0,0.0
2023-05-17 10:30:00-04:00,30.260000228881836,30.270000457763672,29.8700008392334,30.170000076293945,462596,0.0,0.0
2023-05-17 11:30:00-04:00,30.15999984741211,30.639999389648438,30.15999984741211,30.610000610351562,373439,0.0,0.0
2023-05-17 12:30:00-04:00,30.600000381469727,30.75,30.59000015258789,30.75,300674,0.0,0.0
2023-05-17 13:30:00-04:00,30.75,30.829999923706055,30.479999542236328,30.530000686645508,296117,0.0,0.0
2023-05-17 14:30:00-04:00,30.530000686645508,30.56999969482422,30.3700008392334,30.520000457763672,305072,0.0,0.0
2023-05-17 15:30:00-04:00,30.520000457763672,30.520000457763672,30.190000534057617,30.309999465942383,602648,0.0,0.0
2023-05-18 09:30:00-04:00,30.100000381469727,30.360000610351562,29.56999969482422,29.834999084472656,260931,0.0,0.0
2023-05-18 10:30:00-04:00,29.834999084472656,30.360000610351562,29.834999084472656,30.34000015258789,304587,0.0,0.0
2023-05-18 11:30:00-04:00,30.350000381469727,30.360000610351562,30.040000915527344,30.170000076293945,173614,0.0,0.0
2023-05-18 12:30:00-04:00,30.184999465942383,30.329999923706055,30.139999389648438,30.209999084472656,156433,0.0,0.0
2023-05-18 13:30:00-04:00,30.209999084472656,30.43000030517578,30.100000381469727,30.389999389648438,156701,0.0,0.0
2023-05-18 14:30:00-04:00,30.3799991607666,30.860000610351562,30.350000381469727,30.850000381469727,213125,0.0,0.0
2023-05-18 15:30:00-04:00,30.8700008392334,30.979999542236328,30.729999542236328,30.979999542236328,456781,0.0,0.0
2023-05-19 09:30:00-04:00,31.5,31.549999237060547,30.8700008392334,31.329999923706055,187255,0.0,0.0
2023-05-19 10:30:00-04:00,31.360000610351562,31.549999237060547,31.219999313354492,31.270000457763672,184498,0.0,0.0
2023-05-19 11:30:00-04:00,31.264999389648438,31.530000686645508,31.1299991607666,31.530000686645508,225744,0.0,0.0
2023-05-19 12:30:00-04:00,31.524999618530273,31.75,31.283000946044922,31.350000381469727,230766,0.0,0.0
2023-05-19 13:30:00-04:00,31.34000015258789,31.450000762939453,31.100000381469727,31.1299991607666,102085,0.0,0.0
2023-05-19 14:30:00-04:00,31.110000610351562,31.295000076293945,31.065000534057617,31.204999923706055,137031,0.0,0.0
2023-05-19 15:30:00-04:00,31.209999084472656,31.299999237060547,31.170000076293945,31.170000076293945,291370,0.0,0.0
2023-05-22 09:30:00-04:00,31.09000015258789,32.20000076293945,31.09000015258789,32.125,216665,0.0,0.0
2023-05-22 10:30:00-04:00,32.150001525878906,32.31060028076172,31.989999771118164,32.154998779296875,359484,0.0,0.0
2023-05-22 11:30:00-04:00,32.13999938964844,32.345001220703125,32.04999923706055,32.279998779296875,196422,0.0,0.0
2023-05-22 12:30:00-04:00,32.220001220703125,32.470001220703125,32.13999938964844,32.44499969482422,201682,0.0,0.0
2023-05-22 13:30:00-04:00,32.45000076293945,32.58000183105469,32.33000183105469,32.45000076293945,172455,0.0,0.0
2023-05-22 14:30:00-04:00,32.459999084472656,32.53990173339844,32.11000061035156,32.130001068115234,269301,0.0,0.0
2023-05-22 15:30:00-04:00,32.125,32.13999938964844,31.81999969482422,31.90999984741211,360654,0.0,0.0
2023-05-23 09:30:00-04:00,32.02000045776367,32.630001068115234,31.68000030517578,32.595001220703125,330977,0.0,0.0
2023-05-23 10:30:00-04:00,32.58000183105469,32.650001525878906,32.16999816894531,32.189998626708984,195885,0.0,0.0
2023-05-23 11:30:00-04:00,32.18000030517578,32.33000183105469,31.969999313354492,31.969999313354492,108686,0.0,0.0
2023-05-23 12:30:00-04:00,31.979999542236328,32.040000915527344,31.68000030517578,31.68000030517578,170745,0.0,0.0
2023-05-23 13:30:00-04:00,31.68000030517578,31.90999984741211,31.40999984741211,31.510000228881836,214499,0.0,0.0
2023-05-23 14:30:00-04:00,31.5049991607666,31.75,31.459999084472656,31.545000076293945,350291,0.0,0.0
2023-05-23 15:30:00-04:00,31.545000076293945,31.65999984741211,31.459999084472656,31.59000015258789,437064,0.0,0.0
2023-05-24 09:30:00-04:00,31.81999969482422,31.869699478149414,31.200000762939453,31.34000015258789,207970,0.0,0.0
2023-05-24 10:30:00-04:00,31.350000381469727,31.8799991607666,31.350000381469727,31.809999465942383,194447,0.0,0.0
2023-05-24 11:30:00-04:00,31.809999465942383,32.15999984741211,31.780000686645508,32.13999938964844,244650,0.0,0.0
2023-05-24 12:30:00-04:00,32.15999984741211,32.19499969482422,31.799999237060547,31.809999465942383,122273,0.0,0.0
2023-05-24 13:30:00-04:00,31.809999465942383,32.0099983215332,31.809999465942383,31.850000381469727,80234,0.0,0.0
2023-05-24 14:30:00-04:00,31.84000015258789,31.979999542236328,31.670000076293945,31.889999389648438,130822,0.0,0.0
2023-05-24 15:30:00-04:00,31.90999984741211,32.07500076293945,31.90999984741211,31.989999771118164,314426,0.0,0.0
2023-05-25 09:30:00-04:00,31.200000762939453,31.770000457763672,30.850000381469727,31.139999389648438,117769,0.0,0.0
2023-05-25 10:30:00-04:00,31.145000457763672,31.360000610351562,31.0,31.06999969482422,241858,0.0,0.0
2023-05-25 11:30:00-04:00,31.049999237060547,31.049999237060547,30.700000762939453,31.030000686645508,133895,0.0,0.0
2023-05-25 12:30:00-04:00,31.040000915527344,31.299999237060547,31.040000915527344,31.229999542236328,122095,0.0,0.0
2023-05-25 13:30:00-04:00,31.229999542236328,31.3799991607666,30.979999542236328,31.100000381469727,188271,0.0,0.0
2023-05-25 14:30:00-04:00,31.09000015258789,31.209999084472656,30.8799991607666,31.15999984741211,201810,0.0,0.0
2023-05-25 15:30:00-04:00,31.149999618530273,31.25,31.0,31.020000457763672,355318,0.0,0.0
2023-05-26 09:30:00-04:00,31.18000030517578,31.209999084472656,30.6299991607666,30.918500900268555,145772,0.0,0.0
2023-05-26 10:30:00-04:00,30.899999618530273,31.045000076293945,30.645000457763672,30.68000030517578,263187,0.0,0.0
2023-05-26 11:30:00-04:00,30.665000915527344,30.809999465942383,30.559999465942383,30.709999084472656,248788,0.0,0.0
2023-05-26 12:30:00-04:00,30.719999313354492,30.850000381469727,30.68000030517578,30.739999771118164,79712,0.0,0.0
2023-05-26 13:30:00-04:00,30.75,30.920000076293945,30.584999084472656,30.920000076293945,93692,0.0,0.0
2023-05-26 14:30:00-04:00,30.93000030517578,31.030000686645508,30.860000610351562,30.8799991607666,146957,0.0,0.0
2023-05-26 15:30:00-04:00,30.889999389648438,31.030000686645508,30.8700008392334,31.0,293938,0.0,0.0
2023-05-30 09:30:00-04:00,30.31999969482422,30.434600830078125,29.950000762939453,29.979999542236328,110584,0.0,0.0
2023-05-30 10:30:00-04:00,29.920000076293945,29.979999542236328,29.649999618530273,29.860000610351562,104685,0.0,0.0
2023-05-30 11:30:00-04:00,29.8799991607666,30.110000610351562,29.7450008392334,30.110000610351562,143440,0.0,0.0
2023-05-30 12:30:00-04:00,30.114999771118164,30.190000534057617,29.950000762939453,29.979999542236328,103326,0.0,0.0
2023-05-30 13:30:00-04:00,29.959999084472656,30.110000610351562,29.950000762939453,30.014999389648438,282766,0.0,0.0
2023-05-30 14:30:00-04:00,30.014999389648438,30.309999465942383,29.9950008392334,30.270000457763672,190655,0.0,0.0
2023-05-30 15:30:00-04:00,30.280000686645508,30.440000534057617,30.25,30.389999389648438,191211,0.0,0.0
2023-05-31 09:30:00-04:00,29.920000076293945,30.3799991607666,29.829999923706055,30.170000076293945,182290,0.0,0.0
2023-05-31 10:30:00-04:00,30.15999984741211,30.40999984741211,29.940000534057617,29.940000534057617,143629,0.0,0.0
2023-05-31 11:30:00-04:00,29.985000610351562,30.100000381469727,29.950000762939453,29.979999542236328,97564,0.0,0.0
2023-05-31 12:30:00-04:00,29.950000762939453,29.9950008392334,29.829999923706055,29.90999984741211,120560,0.0,0.0
2023-05-31 13:30:00-04:00,29.93000030517578,29.979999542236328,29.729999542236328,29.799999237060547,142352,0.0,0.0
2023-05-31 14:30:00-04:00,29.790000915527344,30.010000228881836,29.7549991607666,29.940000534057617,273926,0.0,0.0
2023-05-31 15:30:00-04:00,29.940000534057617,30.059999465942383,29.8799991607666,29.899999618530273,385381,0.0,0.0
2023-06-01 09:30:00-04:00,30.0,30.1200008392334,29.56999969482422,29.84000015258789,107192,0.0,0.0
2023-06-01 10:30:00-04:00,29.81999969482422,30.204999923706055,29.790000915527344,30.190000534057617,169548,0.0,0.0
2023-06-01 11:30:00-04:00,30.15999984741211,30.389999389648438,30.079999923706055,30.3700008392334,116582,0.0,0.0
2023-06-01 12:30:00-04:00,30.3700008392334,30.399999618530273,30.200000762939453,30.280000686645508,61988,0.0,0.0
2023-06-01 13:30:00-04:00,30.299999237060547,30.399999618530273,30.25,30.30500030517578,61978,0.0,0.0
2023-06-01 14:30:00-04:00,30.30500030517578,30.309999465942383,30.084999084472656,30.100000381469727,159496,0.0,0.0
2023-06-01 15:30:00-04:00,30.114999771118164,30.114999771118164,29.920000076293945,29.920000076293945,358016,0.0,0.0
2023-06-02 09:30:00-04:00,30.739999771118164,30.959999084472656,30.540000915527344,30.8799991607666,90955,0.0,0.0
2023-06-02 10:30:00-04:00,30.889999389648438,31.260000228881836,30.735000610351562,31.1200008392334,114487,0.0,0.0
2023-06-02 11:30:00-04:00,31.110000610351562,31.440000534057617,31.010000228881836,31.430200576782227,116963,0.0,0.0
2023-06-02 12:30:00-04:00,31.450000762939453,31.610000610351562,31.360000610351562,31.579999923706055,77729,0.0,0.0
2023-06-02 13:30:00-04:00,31.610000610351562,31.6299991607666,31.360000610351562,31.489999771118164,79038,0.0,0.0
2023-06-02 14:30:00-04:00,31.510000228881836,31.59000015258789,31.389999389648438,31.450000762939453,186768,0.0,0.0
2023-06-02 15:30:00-04:00,31.450000762939453,31.520000457763672,31.360000610351562,31.399999618530273,211276,0.0,0.0
2023-06-05 09:30:00-04:00,32.0099983215332,32.149898529052734,30.979999542236328,31.18000030517578,130551,0.0,0.0
2023-06-05 10:30:00-04:00,31.229999542236328,31.31999969482422,31.020000457763672,31.190000534057617,116629,0.0,0.0
2023-06-05 11:30:00-04:00,31.204999923706055,31.440000534057617,31.030000686645508,31.3799991607666,66760,0.0,0.0
2023-06-05 12:30:00-04:00,31.389999389648438,31.510000228881836,31.31999969482422,31.350000381469727,71246,0.0,0.0
2023-06-05 13:30:00-04:00,31.315000534057617,31.315000534057617,30.979999542236328,31.084999084472656,81186,0.0,0.0
2023-06-05 14:30:00-04:00,31.100000381469727,31.274999618530273,31.020000457763672,31.030000686645508,116034,0.0,0.0
2023-06-05 15:30:00-04:00,31.030000686645508,31.239999771118164,30.959999084472656,31.079999923706055,228287,0.0,0.0
2023-06-06 09:30:00-04:00,30.549999237060547,31.421600341796875,30.469999313354492,31.2450008392334,256934,0.0,0.0
2023-06-06 10:30:00-04:00,31.260000228881836,31.860000610351562,31.18000030517578,31.69499969482422,647812,0.0,0.0
2023-06-06 11:30:00-04:00,31.670000076293945,31.729999542236328,31.440000534057617,31.5,331682,0.0,0.0
2023-06-06 12:30:00-04:00,31.5,31.600000381469727,31.3799991607666,31.510000228881836,155570,0.0,0.0
2023-06-06 13:30:00-04:00,31.510000228881836,31.59000015258789,31.399999618530273,31.59000015258789,66470,0.0,0.0
2023-06-06 14:30:00-04:00,31.59000015258789,32.0,31.579999923706055,31.90999984741211,456683,0.0,0.0
2023-06-06 15:30:00-04:00,31.889999389648438,32.0099983215332,31.850000381469727,31.969999313354492,257778,0.0,0.0
2023-06-07 09:30:00-04:00,32.290000915527344,33.0099983215332,32.217498779296875,32.869998931884766,351230,0.0,0.0
2023-06-07 10:30:00-04:00,32.869998931884766,33.040000915527344,32.810001373291016,33.02000045776367,210298,0.0,0.0
2023-06-07 11:30:00-04:00,33.0099983215332,33.154998779296875,32.875,33.099998474121094,192828,0.0,0.0
2023-06-07 12:30:00-04:00,33.11000061035156,33.13999938964844,32.93000030517578,32.95000076293945,111786,0.0,0.0
2023-06-07 13:30:00-04:00,32.939998626708984,33.30500030517578,32.900001525878906,33.215301513671875,345663,0.0,0.0
2023-06-07 14:30:00-04:00,33.209999084472656,33.22999954223633,33.029998779296875,33.08000183105469,128571,0.0,0.0
2023-06-07 15:30:00-04:00,33.09000015258789,33.18000030517578,32.83000183105469,33.08000183105469,552303,0.0,0.0
2023-06-08 09:30:00-04:00,32.93000030517578,33.369998931884766,32.70000076293945,32.95000076293945,96484,0.0,0.0
2023-06-08 10:30:00-04:00,33.0099983215332,33.13999938964844,32.88999938964844,33.029998779296875,62058,0.0,0.0
2023-06-08 11:30:00-04:00,33.060001373291016,33.08000183105469,32.529998779296875,32.86000061035156,190772,0.0,0.0
2023-06-08 12:30:00-04:00,32.84000015258789,33.04999923706055,32.84000015258789,32.970001220703125,66097,0.0,0.0
2023-06-08 13:30:00-04:00,32.96500015258789,33.16999816894531,32.959999084472656,33.150001525878906,136045,0.0,0.0
2023-06-08 14:30:00-04:00,33.150001525878906,33.2400016784668,33.100101470947266,33.189998626708984,135080,0.0,0.0
2023-06-08 15:30:00-04:00,33.18000030517578,33.20000076293945,33.029998779296875,33.06999969482422,312125,0.0,0.0
2023-06-09 09:30:00-04:00,32.95000076293945,33.279998779296875,32.720001220703125,33.279998779296875,75250,0.0,0.0
2023-06-09 10:30:00-04:00,33.29999923706055,33.41999816894531,33.0099983215332,33.0099983215332,72199,0.0,0.0
2023-06-09 11:30:00-04:00,32.959999084472656,33.029998779296875,32.85020065307617,32.85020065307617,44416,0.0,0.0
2023-06-09 12:30:00-04:00,32.880001068115234,32.95500183105469,32.79999923706055,32.94499969482422,67519,0.0,0.0
2023-06-09 13:30:00-04:00,32.95000076293945,33.0,32.779998779296875,32.81999969482422,88796,0.0,0.0
2023-06-09 14:30:00-04:00,32.83000183105469,32.875,32.689998626708984,32.779998779296875,77372,0.0,0.0
2023-06-09 15:30:00-04:00,32.790000915527344,33.0099983215332,32.75,33.0,236161,0.0,0.0
2023-06-12 09:30:00-04:00,32.43000030517578,32.86000061035156,32.06999969482422,32.150001525878906,126861,0.0,0.0
2023-06-12 10:30:00-04:00,32.13999938964844,32.59000015258789,32.0,32.41999816894531,214053,0.0,0.0
2023-06-12 11:30:00-04:00,32.45000076293945,32.55500030517578,32.29999923706055,32.5099983215332,98003,0.0,0.0
2023-06-12 12:30:00-04:00,32.51499938964844,32.52000045776367,32.33000183105469,32.459999084472656,60248,0.0,0.0
2023-06-12 13:30:00-04:00,32.45000076293945,32.5099983215332,32.380001068115234,32.43000030517578,77349,0.0,0.0
2023-06-12 14:30:00-04:00,32.41999816894531,32.459999084472656,32.189998626708984,32.349998474121094,112539,0.0,0.0
2023-06-12 15:30:00-04:00,32.36000061035156,32.56999969482422,32.35499954223633,32.40999984741211,270401,0.0,0.0
2023-06-13 09:30:00-04:00,32.83000183105469,33.77000045776367,32.7599983215332,33.619998931884766,140081,0.0,0.0
2023-06-13 10:30:00-04:00,33.619998931884766,33.619998931884766,33.060001373291016,33.27149963378906,100248,0.0,0.0
2023-06-13 11:30:00-04:00,33.2599983215332,33.2599983215332,32.959999084472656,33.11000061035156,52398,0.0,0.0
2023-06-13 12:30:00-04:00,33.119998931884766,33.29999923706055,33.08000183105469,33.18000030517578,134412,0.0,0.0
2023-06-13 13:30:00-04:00,33.18000030517578,33.189998626708984,32.959999084472656,32.96500015258789,120819,0.0,0.0
2023-06-13 14:30:00-04:00,32.959999084472656,33.119998931884766,32.93000030517578,33.060001373291016,114201,0.0,0.0
2023-06-13 15:30:00-04:00,33.06999969482422,33.099998474121094,32.869998931884766,32.90999984741211,246940,0.0,0.0
2023-06-14 09:30:00-04:00,33.33000183105469,33.5,32.880001068115234,32.880001068115234,75263,0.0,0.0
2023-06-14 10:30:00-04:00,32.810001373291016,32.869998931884766,32.619998931884766,32.7400016784668,89187,0.0,0.0
2023-06-14 11:30:00-04:00,32.72999954223633,32.83000183105469,32.540000915527344,32.650001525878906,110294,0.0,0.0
2023-06-14 12:30:00-04:00,32.66899871826172,32.83000183105469,32.54999923706055,32.66999816894531,75631,0.0,0.0
2023-06-14 13:30:00-04:00,32.66999816894531,32.689998626708984,32.11000061035156,32.220001220703125,101884,0.0,0.0
2023-06-14 14:30:00-04:00,32.22999954223633,32.619998931884766,32.15999984741211,32.56999969482422,113260,0.0,0.0
2023-06-14 15:30:00-04:00,32.58000183105469,32.77000045776367,32.510101318359375,32.72999954223633,266515,0.0,0.0
2023-06-15 09:30:00-04:00,32.689998626708984,33.4900016784668,32.5099983215332,33.43000030517578,364168,0.0,0.0
2023-06-15 10:30:00-04:00,33.43000030517578,33.75619888305664,33.290000915527344,33.709999084472656,216106,0.0,0.0
2023-06-15 11:30:00-04:00,33.70000076293945,33.72999954223633,33.08000183105469,33.119998931884766,269496,0.0,0.0
2023-06-15 12:30:00-04:00,33.119998931884766,33.380001068115234,32.875,32.91999816894531,134236,0.0,0.0
2023-06-15 13:30:00-04:00,32.95000076293945,33.20500183105469,32.93000030517578,33.04999923706055,209653,0.0,0.0
2023-06-15 14:30:00-04:00,33.060001373291016,33.34000015258789,33.04999923706055,33.33000183105469,132887,0.0,0.0
2023-06-15 15:30:00-04:00,33.34000015258789,33.36000061035156,33.04999923706055,33.279998779296875,322383,0.0,0.0
2023-06-16 09:30:00-04:00,33.47999954223633,33.505001068115234,33.13999938964844,33.349998474121094,224076,0.0,0.0
2023-06-16 10:30:00-04:00,33.345001220703125,33.54999923706055,32.84000015258789,32.95000076293945,113991,0.0,0.0
2023-06-16 11:30:00-04:00,32.97999954223633,33.209999084472656,32.88999938964844,33.10499954223633,82585,0.0,0.0
2023-06-16 12:30:00-04:00,33.11000061035156,33.36000061035156,33.060001373291016,33.310001373291016,116561,0.0,0.0
2023-06-16 13:30:00-04:00,33.29999923706055,33.59000015258789,33.26499938964844,33.55500030517578,170201,0.0,0.0
2023-06-16 14:30:00-04:00,33.54999923706055,33.66999816894531,33.290000915527344,33.290000915527344,482239,0.0,0.0
2023-06-16 15:30:00-04:00,33.29499816894531,33.41999816894531,33.18000030517578,33.310001373291016,666696,0.0,0.0
2023-06-20 09:30:00-04:00,33.04999923706055,33.279998779296875,32.349998474121094,32.369998931884766,166802,0.0,0.0
2023-06-20 10:30:00-04:00,32.369998931884766,32.54999923706055,32.11000061035156,32.119998931884766,90462,0.0,0.0
2023-06-20 11:30:00-04:00,32.11000061035156,32.4900016784668,32.029998779296875,32.459999084472656,172768,0.0,0.0
2023-06-20 12:30:00-04:00,32.46149826049805,32.65999984741211,32.43000030517578,32.65999984741211,75941,0.0,0.0
2023-06-20 13:30:00-04:00,32.65999984741211,32.779998779296875,32.59000015258789,32.779998779296875,87727,0.0,0.0
2023-06-20 14:30:00-04:00,32.779998779296875,32.979000091552734,32.744998931884766,32.939998626708984,198604,0.0,0.0
2023-06-20 15:30:00-04:00,32.95000076293945,33.30500030517578,32.95000076293945,33.220001220703125,338791,0.0,0.0
2023-06-21 09:30:00-04:00,33.220001220703125,33.97999954223633,33.040000915527344,33.97999954223633,218275,0.0,0.0
2023-06-21 10:30:00-04:00,33.97999954223633,34.125,33.86000061035156,33.93000030517578,382605,0.0,0.0
2023-06-21 11:30:00-04:00,33.91999816894531,34.029998779296875,33.810001373291016,33.86000061035156,90841,0.0,0.0
2023-06-21 12:30:00-04:00,33.85020065307617,33.900001525878906,33.59000015258789,33.6171989440918,117948,0.0,0.0
2023-06-21 13:30:00-04:00,33.630001068115234,33.720001220703125,33.505001068115234,33.58000183105469,106956,0.0,0.0
2023-06-21 14:30:00-04:00,33.59000015258789,33.65999984741211,33.439998626708984,33.540000915527344,154777,0.0,0.0
2023-06-21 15:30:00-04:00,33.540000915527344,33.654998779296875,33.400001525878906,33.40999984741211,249181,0.0,0.0
2023-06-22 09:30:00-04:00,32.79999923706055,32.97999954223633,32.5099983215332,32.939998626708984,122456,0.0,0.0
2023-06-22 10:30:00-04:00,32.90999984741211,32.90999984741211,32.439998626708984,32.630001068115234,119757,0.0,0.0
2023-06-22 11:30:00-04:00,32.630001068115234,32.79999923706055,32.494998931884766,32.5099983215332,177323,0.0,0.0
2023-06-22 12:30:00-04:00,32.52000045776367,32.560001373291016,32.31999969482422,32.43000030517578,109256,0.0,0.0
2023-06-22 13:30:00-04:00,32.43000030517578,32.47999954223633,32.33000183105469,32.375,92653,0.0,0.0
2023-06-22 14:30:00-04:00,32.369998931884766,32.40999984741211,32.220001220703125,32.31999969482422,128158,0.0,0.0
2023-06-22 15:30:00-04:00,32.31999969482422,32.494998931884766,32.31999969482422,32.36000061035156,153829,0.0,0.0
2023-06-23 09:30:00-04:00,31.770000457763672,32.1781005859375,31.673999786376953,31.8799991607666,276262,0.0,0.0
2023-06-23 10:30:00-04:00,31.8799991607666,31.969999313354492,31.729999542236328,31.829999923706055,105672,0.0,0.0
2023-06-23 11:30:00-04:00,31.81999969482422,31.93000030517578,31.719999313354492,31.760000228881836,88794,0.0,0.0
2023-06-23 12:30:00-04:00,31.780000686645508,31.860000610351562,31.549999237060547,31.780000686645508,104257,0.0,0.0
2023-06-23 13:30:00-04:00,31.809999465942383,31.969999313354492,31.639999389648438,31.920000076293945,230451,0.0,0.0
2023-06-23 14:30:00-04:00,31.90999984741211,32.06999969482422,31.850000381469727,32.0,190099,0.0,0.0
2023-06-23 15:30:00-04:00,32.02000045776367,32.18000030517578,31.875,32.04999923706055,635976,0.0,0.0
2023-06-26 09:30:00-04:00,32.33000183105469,33.060001373291016,32.13999938964844,32.48500061035156,156593,0.0,0.0
2023-06-26 10:30:00-04:00,32.470001220703125,32.810001373291016,32.3849983215332,32.752498626708984,122785,0.0,0.0
2023-06-26 11:30:00-04:00,32.77000045776367,32.9900016784668,32.68000030517578,32.8650016784668,56046,0.0,0.0
2023-06-26 12:30:00-04:00,32.849998474121094,33.04999923706055,32.724998474121094,33.02000045776367,112793,0.0,0.0
2023-06-26 13:30:00-04:00,33.03499984741211,33.18000030517578,32.959999084472656,33.18000030517578,141264,0.0,0.0
2023-06-26 14:30:00-04:00,33.16999816894531,33.279998779296875,33.119998931884766,33.165000915527344,123812,0.0,0.0
2023-06-26 15:30:00-04:00,33.15999984741211,33.16999816894531,32.68000030517578,32.68000030517578,205701,0.0,0.0
2023-06-27 09:30:00-04:00,32.4900016784668,32.9900016784668,32.29999923706055,32.970001220703125,140836,0.0,0.0
2023-06-27 10:30:00-04:00,32.97999954223633,33.29999923706055,32.97999954223633,33.150001525878906,164351,0.0,0.0
2023-06-27 11:30:00-04:00,33.130001068115234,33.310001373291016,32.97999954223633,33.13999938964844,235930,0.0,0.0
2023-06-27 12:30:00-04:00,33.130001068115234,33.22999954223633,33.09000015258789,33.209999084472656,134517,0.0,0.0
2023-06-27 13:30:00-04:00,33.20000076293945,33.279998779296875,32.959999084472656,33.0,113968,0.0,0.0
2023-06-27 14:30:00-04:00,33.005001068115234,33.04999923706055,32.95000076293945,33.040000915527344,136261,0.0,0.0
2023-06-27 15:30:00-04:00,33.029998779296875,33.06999969482422,32.95000076293945,32.97999954223633,255345,0.0,0.0
2023-06-28 09:30:00-04:00,32.540000915527344,32.61000061035156,32.20000076293945,32.540000915527344,120678,0.0,0.0
2023-06-28 10:30:00-04:00,32.58000183105469,33.20000076293945,32.58000183105469,33.0989990234375,244814,0.0,0.0
2023-06-28 11:30:00-04:00,33.04999923706055,33.459999084472656,33.04999923706055,33.45500183105469,353959,0.0,0.0
2023-06-28 12:30:00-04:00,33.45500183105469,33.630001068115234,33.334999084472656,33.630001068115234,241660,0.0,0.0
2023-06-28 13:30:00-04:00,33.630001068115234,33.630001068115234,33.459999084472656,33.54999923706055,234623,0.0,0.0
2023-06-28 14:30:00-04:00,33.54499816894531,33.650001525878906,33.400001525878906,33.53499984741211,239823,0.0,0.0
2023-06-28 15:30:00-04:00,33.52000045776367,33.61000061035156,33.47999954223633,33.5099983215332,383746,0.0,0.0
2023-06-29 09:30:00-04:00,33.70000076293945,34.25,33.54999923706055,34.150001525878906,176726,0.0,0.0
2023-06-29 10:30:00-04:00,34.189998626708984,34.25,33.709999084472656,33.790000915527344,156416,0.0,0.0
2023-06-29 11:30:00-04:00,33.77000045776367,33.974998474121094,33.72999954223633,33.95000076293945,74050,0.0,0.0
2023-06-29 12:30:00-04:00,33.95100021362305,34.18000030517578,33.95000076293945,34.084999084472656,112553,0.0,0.0
2023-06-29 13:30:00-04:00,34.08000183105469,34.20000076293945,33.98500061035156,34.09000015258789,77781,0.0,0.0
2023-06-29 14:30:00-04:00,34.09000015258789,34.13999938964844,33.9900016784668,34.02000045776367,103014,0.0,0.0
2023-06-29 15:30:00-04:00,34.029998779296875,34.099998474121094,33.91999816894531,34.099998474121094,197026,0.0,0.0
2023-06-30 09:30:00-04:00,34.439998626708984,34.540000915527344,34.22999954223633,34.51499938964844,280188,0.0,0.0
2023-06-30 10:30:00-04:00,34.529998779296875,34.66999816894531,34.43000030517578,34.56999969482422,188068,0.0,0.0
2023-06-30 11:30:00-04:00,34.56999969482422,34.78499984741211,34.54999923706055,34.599998474121094,204839,0.0,0.0
2023-06-30 12:30:00-04:00,34.599998474121094,34.709999084472656,34.58000183105469,34.619998931884766,176673,0.0,0.0
2023-06-30 13:30:00-04:00,34.630001068115234,34.665000915527344,34.505001068115234,34.58000183105469,234814,0.0,0.0
2023-06-30 14:30:00-04:00,34.56999969482422,34.673301696777344,34.48500061035156,34.52000045776367,166970,0.0,0.0
2023-06-30 15:30:00-04:00,34.52000045776367,34.54869842529297,34.29999923706055,34.31999969482422,230468,0.0,0.0
2023-07-03 09:30:00-04:00,34.40999984741211,34.70989990234375,34.27000045776367,34.65999984741211,134951,0.0,0.0
2023-07-03 10:30:00-04:00,34.689998626708984,34.689998626708984,34.42290115356445,34.5099983215332,67791,0.0,0.0
2023-07-03 11:30:00-04:00,34.5099983215332,34.560001373291016,34.310001373291016,34.34000015258789,69933,0.0,0.0
2023-07-05 09:30:00-04:00,34.52000045776367,34.52000045776367,34.099998474121094,34.29999923706055,89983,0.0,0.0
2023-07-05 10:30:00-04:00,34.31999969482422,34.63999938964844,34.189998626708984,34.63999938964844,115679,0.0,0.0
2023-07-05 11:30:00-04:00,34.630001068115234,34.70000076293945,34.51499938964844,34.59000015258789,92285,0.0,0.0
2023-07-05 12:30:00-04:00,34.56999969482422,34.65999984741211,34.4900016784668,34.5099983215332,58089,0.0,0.0
2023-07-05 13:30:00-04:00,34.505001068115234,34.59000015258789,34.369998931884766,34.40999984741211,57276,0.0,0.0
2023-07-05 14:30:00-04:00,34.40999984741211,34.61000061035156,34.40999984741211,34.584999084472656,101792,0.0,0.0
2023-07-05 15:30:00-04:00,34.58000183105469,34.779998779296875,34.55500030517578,34.779998779296875,292080,0.0,0.0
2023-07-06 09:30:00-04:00,34.439998626708984,34.630001068115234,33.380001068115234,33.380001068115234,123493,0.0,0.0
2023-07-06 10:30:00-04:00,33.29999923706055,33.4900016784668,33.10919952392578,33.10919952392578,115026,0.0,0.0
2023-07-06 11:30:00-04:00,33.10499954223633,33.33000183105469,33.02000045776367,33.05500030517578,141114,0.0,0.0
2023-07-06 12:30:00-04:00,33.064998626708984,33.43000030517578,33.064998626708984,33.33000183105469,98576,0.0,0.0
2023-07-06 13:30:00-04:00,33.32749938964844,33.529998779296875,33.32749938964844,33.45000076293945,70838,0.0,0.0
2023-07-06 14:30:00-04:00,33.459999084472656,33.619998931884766,33.459999084472656,33.57500076293945,106576,0.0,0.0
2023-07-06 15:30:00-04:00,33.58000183105469,33.61000061035156,33.47999954223633,33.560001373291016,191377,0.0,0.0
2023-07-07 09:30:00-04:00,33.36000061035156,34.13999938964844,33.36000061035156,34.11000061035156,60213,0.0,0.0
2023-07-07 10:30:00-04:00,34.10499954223633,34.290000915527344,34.08000183105469,34.27000045776367,92991,0.0,0.0
2023-07-07 11:30:00-04:00,34.279998779296875,34.56999969482422,34.25,34.529998779296875,94033,0.0,0.0
2023-07-07 12:30:00-04:00,34.52000045776367,34.9900016784668,34.52000045776367,34.9900016784668,104399,0.0,0.0
2023-07-07 13:30:00-04:00,34.959999084472656,35.029998779296875,34.75,34.790000915527344,122283,0.0,0.0
2023-07-07 14:30:00-04:00,34.779998779296875,34.810001373291016,34.630001068115234,34.650001525878906,129171,0.0,0.0
2023-07-07 15:30:00-04:00,34.650001525878906,34.650001525878906,34.279998779296875,34.380001068115234,216387,0.0,0.0
2023-07-10 09:30:00-04:00,34.4900016784668,34.91999816894531,34.32500076293945,34.7599983215332,118630,0.0,0.0
2023-07-10 10:30:00-04:00,34.79999923706055,34.970001220703125,34.599998474121094,34.689998626708984,77156,0.0,0.0
2023-07-10 11:30:00-04:00,34.672000885009766,34.86000061035156,34.672000885009766,34.790000915527344,105991,0.0,0.0
2023-07-10 12:30:00-04:00,34.790000915527344,34.79999923706055,34.59000015258789,34.68000030517578,148943,0.0,0.0
2023-07-10 13:30:00-04:00,34.68000030517578,34.904998779296875,34.5099983215332,34.88999938964844,153200,0.0,0.0
2023-07-10 14:30:00-04:00,34.880001068115234,34.9900016784668,34.775001525878906,34.915000915527344,113363,0.0,0.0
2023-07-10 15:30:00-04:00,34.915000915527344,35.04999923706055,34.86000061035156,35.0,231964,0.0,0.0
2023-07-11 09:30:00-04:00,35.09000015258789,35.130001068115234,34.63119888305664,35.07749938964844,189107,0.0,0.0
2023-07-11 10:30:00-04:00,35.05500030517578,35.11000061035156,34.834999084472656,35.04999923706055,102655,0.0,0.0
2023-07-11 11:30:00-04:00,35.02000045776367,35.13999938964844,34.92499923706055,35.08890151977539,87777,0.0,0.0
2023-07-11 12:30:00-04:00,35.07500076293945,35.22999954223633,35.0099983215332,35.060001373291016,112815,0.0,0.0
2023-07-11 13:30:00-04:00,35.064998626708984,35.22999954223633,34.970001220703125,35.07500076293945,123413,0.0,0.0
2023-07-11 14:30:00-04:00,35.07500076293945,35.16999816894531,35.0099983215332,35.06999969482422,113315,0.0,0.0
2023-07-11 15:30:00-04:00,35.060001373291016,35.209999084472656,35.025001525878906,35.150001525878906,325308,0.0,0.0
2023-07-12 09:30:00-04:00,35.380001068115234,35.7400016784668,35.2400016784668,35.665000915527344,186523,0.0,0.0
2023-07-12 10:30:00-04:00,35.65999984741211,35.720001220703125,35.400001525878906,35.43000030517578,124700,0.0,0.0
2023-07-12 11:30:00-04:00,35.41999816894531,35.70500183105469,35.310001373291016,35.619998931884766,109302,0.0,0.0
2023-07-12 12:30:00-04:00,35.630001068115234,35.7599983215332,35.564998626708984,35.709999084472656,78119,0.0,0.0
2023-07-12 13:30:00-04:00,35.709999084472656,35.90019989013672,35.689998626708984,35.77000045776367,200515,0.0,0.0
2023-07-12 14:30:00-04:00,35.76499938964844,35.85499954223633,35.66999816894531,35.709999084472656,140756,0.0,0.0
2023-07-12 15:30:00-04:00,35.70000076293945,35.88999938964844,35.68000030517578,35.81999969482422,260427,0.0,0.0
2023-07-13 09:30:00-04:00,35.959999084472656,36.529998779296875,35.61000061035156,36.09000015258789,308204,0.0,0.0
2023-07-13 10:30:00-04:00,36.099998474121094,36.209999084472656,35.900001525878906,35.91999816894531,147722,0.0,0.0
2023-07-13 11:30:00-04:00,35.93000030517578,35.97999954223633,35.709999084472656,35.7400016784668,117135,0.0,0.0
2023-07-13 12:30:00-04:00,35.7400016784668,35.77000045776367,35.415000915527344,35.540000915527344,75164,0.0,0.0
2023-07-13 13:30:00-04:00,35.540000915527344,35.61000061035156,35.41999816894531,35.60499954223633,75599,0.0,0.0
2023-07-13 14:30:00-04:00,35.61000061035156,35.83000183105469,35.540000915527344,35.68000030517578,96666,0.0,0.0
2023-07-13 15:30:00-04:00,35.689998626708984,35.849998474121094,35.6609992980957,35.66999816894531,209965,0.0,0.0
2023-07-14 09:30:00-04:00,35.41999816894531,35.599998474121094,34.52000045776367,34.560001373291016,119655,0.0,0.0
2023-07-14 10:30:00-04:00,34.53499984741211,34.76839828491211,34.41999816894531,34.66999816894531,127809,0.0,0.0
2023-07-14 11:30:00-04:00,34.68000030517578,34.77000045776367,34.529998779296875,34.720001220703125,71700,0.0,0.0
2023-07-14 12:30:00-04:00,34.709999084472656,34.720001220703125,34.494998931884766,34.59000015258789,61162,0.0,0.0
2023-07-14 13:30:00-04:00,34.59000015258789,34.66999816894531,34.5620002746582,34.61000061035156,74937,0.0,0.0
2023-07-14 14:30:00-04:00,34.619998931884766,34.63999938964844,34.45000076293945,34.61000061035156,135974,0.0,0.0
2023-07-14 15:30:00-04:00,34.61000061035156,34.65999984741211,34.43000030517578,34.47999954223633,310679,0.0,0.0
2023-07-17 09:30:00-04:00,34.29999923706055,34.599998474121094,34.02000045776367,34.29999923706055,89784,0.0,0.0
2023-07-17 10:30:00-04:00,34.29999923706055,34.47999954223633,34.2400016784668,34.290000915527344,104478,0.0,0.0
2023-07-17 11:30:00-04:00,34.27000045776367,34.380001068115234,34.189998626708984,34.279998779296875,89370,0.0,0.0
2023-07-17 12:30:00-04:00,34.27000045776367,34.540000915527344,34.20500183105469,34.525001525878906,111114,0.0,0.0
2023-07-17 13:30:00-04:00,34.52000045776367,34.689998626708984,34.52000045776367,34.58000183105469,63753,0.0,0.0
2023-07-17 14:30:00-04:00,34.56999969482422,34.7400016784668,34.5,34.650001525878906,126460,0.0,0.0
2023-07-17 15:30:00-04:00,34.654998779296875,34.65999984741211,34.525001525878906,34.59000015258789,220087,0.0,0.0
2023-07-18 09:30:00-04:00,34.52000045776367,35.94499969482422,34.52000045776367,35.939998626708984,192304,0.0,0.0
2023-07-18 10:30:00-04:00,35.95000076293945,36.08000183105469,35.70500183105469,36.0,156918,0.0,0.0
2023-07-18 11:30:00-04:00,35.97999954223633,36.13999938964844,35.869998931884766,36.06999969482422,188284,0.0,0.0
2023-07-18 12:30:00-04:00,36.060001373291016,36.334999084472656,36.0,36.31999969482422,137688,0.0,0.0
2023-07-18 13:30:00-04:00,36.30500030517578,36.313899993896484,36.1150016784668,36.165000915527344,93297,0.0,0.0
2023-07-18 14:30:00-04:00,36.15999984741211,36.2599983215332,36.04999923706055,36.2400016784668,182229,0.0,0.0
2023-07-18 15:30:00-04:00,36.25,36.33000183105469,36.15999984741211,36.29999923706055,306543,0.0,0.0
2023-07-19 09:30:00-04:00,36.310001373291016,36.54999923706055,36.18000030517578,36.369998931884766,153633,0.0,0.0
2023-07-19 10:30:00-04:00,36.3650016784668,36.400001525878906,36.08000183105469,36.290000915527344,84838,0.0,0.0
2023-07-19 11:30:00-04:00,36.25,36.36000061035156,36.060001373291016,36.06999969482422,64127,0.0,0.0
2023-07-19 12:30:00-04:00,36.04499816894531,36.04499816894531,35.83000183105469,35.880001068115234,71397,0.0,0.0
2023-07-19 13:30:00-04:00,35.880001068115234,35.880001068115234,35.52000045776367,35.6150016784668,82896,0.0,0.0
2023-07-19 14:30:00-04:00,35.599998474121094,35.84000015258789,35.599998474121094,35.790000915527344,75437,0.0,0.0
2023-07-19 15:30:00-04:00,35.779998779296875,35.88999938964844,35.689998626708984,35.88999938964844,184291,0.0,0.0
2023-07-20 09:30:00-04:00,36.40999984741211,36.40999984741211,36.040000915527344,36.04999923706055,63983,0.0,0.0
2023-07-20 10:30:00-04:00,36.060001373291016,36.45000076293945,36.02000045776367,36.31999969482422,81134,0.0,0.0
2023-07-20 11:30:00-04:00,36.31999969482422,36.31999969482422,35.9900016784668,36.2400016784668,57983,0.0,0.0
2023-07-20 12:30:00-04:00,36.2400016784668,36.400001525878906,36.099998474121094,36.13999938964844,270232,0.0,0.0
2023-07-20 13:30:00-04:00,36.15999984741211,36.2599983215332,36.11000061035156,36.15999984741211,78426,0.0,0.0
2023-07-20 14:30:00-04:00,36.15999984741211,36.470001220703125,36.15999984741211,36.40999984741211,159106,0.0,0.0
2023-07-20 15:30:00-04:00,36.40999984741211,36.5099983215332,36.3650016784668,36.5,270816,0.0,0.0
2023-07-21 09:30:00-04:00,36.630001068115234,36.630001068115234,36.2504997253418,36.540000915527344,125439,0.0,0.0
2023-07-21 10:30:00-04:00,36.540000915527344,36.71952438354492,36.40999984741211,36.5,86694,0.0,0.0
2023-07-21 11:30:00-04:00,36.505001068115234,36.70000076293945,36.44499969482422,36.53499984741211,91596,0.0,0.0
2023-07-21 12:30:00-04:00,36.53499984741211,36.558799743652344,36.400001525878906,36.4900016784668,72385,0.0,0.0
2023-07-21 13:30:00-04:00,36.459999084472656,36.459999084472656,36.2599983215332,36.29999923706055,74342,0.0,0.0
2023-07-21 14:30:00-04:00,36.30500030517578,36.494998931884766,36.275001525878906,36.459999084472656,99726,0.0,0.0
2023-07-21 15:30:00-04:00,36.470001220703125,36.55670166015625,36.40999984741211,36.5099983215332,243866,0.0,0.0
2023-07-24 09:30:00-04:00,36.5,37.165000915527344,36.5,36.939998626708984,201577,0.0,0.0
2023-07-24 10:30:00-04:00,36.88999938964844,37.22999954223633,36.869998931884766,37.214599609375,204141,0.0,0.0
2023-07-24 11:30:00-04:00,37.220001220703125,37.369998931884766,37.15999984741211,37.244998931884766,143227,0.0,0.0
2023-07-24 12:30:00-04:00,37.25,37.36000061035156,37.209999084472656,37.290000915527344,78928,0.0,0.0
2023-07-24 13:30:00-04:00,37.290000915527344,37.369998931884766,37.15999984741211,37.15999984741211,65550,0.0,0.0
2023-07-24 14:30:00-04:00,37.150001525878906,37.27000045776367,37.11000061035156,37.11000061035156,82885,0.0,0.0
2023-07-24 15:30:00-04:00,37.099998474121094,37.150001525878906,37.060001373291016,37.130001068115234,156987,0.0,0.0
2023-07-25 09:30:00-04:00,37.09000015258789,37.59000015258789,36.920101165771484,37.59000015258789,89726,0.0,0.0
2023-07-25 10:30:00-04:00,37.58890151977539,37.709999084472656,37.4900016784668,37.59000015258789,101808,0.0,0.0
2023-07-25 11:30:00-04:00,37.56999969482422,37.88999938964844,37.56999969482422,37.810001373291016,127490,0.0,0.0
2023-07-25 12:30:00-04:00,37.77000045776367,38.14500045776367,37.77000045776367,38.13999938964844,134481,0.0,0.0
2023-07-25 13:30:00-04:00,38.13999938964844,38.34000015258789,38.10499954223633,38.16999816894531,321300,0.0,0.0
2023-07-25 14:30:00-04:00,38.18000030517578,38.31999969482422,37.98500061035156,38.060001373291016,198816,0.0,0.0
2023-07-25 15:30:00-04:00,38.060001373291016,38.209999084472656,38.0099983215332,38.15999984741211,327277,0.0,0.0
2023-07-26 09:30:00-04:00,37.91999816894531,38.58000183105469,37.619998931884766,38.560001373291016,215362,0.0,0.0
2023-07-26 10:30:00-04:00,38.56999969482422,38.59000015258789,38.27000045776367,38.440101623535156,147642,0.0,0.0
2023-07-26 11:30:00-04:00,38.470001220703125,38.509700775146484,38.209999084472656,38.28499984741211,104016,0.0,0.0
2023-07-26 12:30:00-04:00,38.275001525878906,38.349998474121094,38.099998474121094,38.099998474121094,82848,0.0,0.0
2023-07-26 13:30:00-04:00,38.08000183105469,38.1349983215332,37.90999984741211,38.0,77124,0.0,0.0
2023-07-26 14:30:00-04:00,37.9900016784668,38.334999084472656,37.9900016784668,38.189998626708984,172165,0.0,0.0
2023-07-26 15:30:00-04:00,38.18000030517578,38.470001220703125,38.18000030517578,38.41999816894531,434998,0.0,0.0
2023-07-27 09:30:00-04:00,38.7400016784668,38.790000915527344,38.2599983215332,38.68000030517578,121133,0.0,0.0
2023-07-27 10:30:00-04:00,38.65999984741211,38.95500183105469,38.65999984741211,38.779998779296875,102624,0.0,0.0
2023-07-27 11:30:00-04:00,38.7599983215332,39.119998931884766,38.685001373291016,39.09000015258789,156458,0.0,0.0
2023-07-27 12:30:00-04:00,39.095001220703125,39.22999954223633,38.95000076293945,38.95500183105469,352112,0.0,0.0
2023-07-27 13:30:00-04:00,38.959999084472656,39.09000015258789,38.66659927368164,38.66659927368164,194881,0.0,0.0
2023-07-27 14:30:00-04:00,38.66999816894531,38.77000045776367,38.52000045776367,38.540000915527344,194215,0.0,0.0
2023-07-27 15:30:00-04:00,38.54499816894531,38.61000061035156,38.380001068115234,38.540000915527344,193138,0.0,0.0
2023-07-28 09:30:00-04:00,38.68000030517578,39.029998779296875,38.29999923706055,38.90999984741211,97293,0.0,0.0
2023-07-28 10:30:00-04:00,38.90999984741211,39.220001220703125,38.77000045776367,39.15999984741211,81887,0.0,0.0
2023-07-28 11:30:00-04:00,39.1349983215332,39.279998779296875,38.9900016784668,39.119998931884766,91008,0.0,0.0
2023-07-28 12:30:00-04:00,39.130001068115234,39.349998474121094,39.119998931884766,39.314998626708984,47826,0.0,0.0
2023-07-28 13:30:00-04:00,39.310001373291016,39.31999969482422,39.099998474121094,39.220001220703125,83884,0.0,0.0
2023-07-28 14:30:00-04:00,39.220001220703125,39.36000061035156,39.07500076293945,39.220001220703125,155038,0.0,0.0
2023-07-28 15:30:00-04:00,39.220001220703125,39.599998474121094,39.21500015258789,39.58000183105469,276740,0.0,0.0
2023-07-31 09:30:00-04:00,40.0,40.064998626708984,39.41999816894531,39.4473991394043,162971,0.0,0.0
2023-07-31 10:30:00-04:00,39.44499969482422,39.54999923706055,39.18000030517578,39.52199935913086,145107,0.0,0.0
2023-07-31 11:30:00-04:00,39.52000045776367,39.56999969482422,39.31999969482422,39.38999938964844,66897,0.0,0.0
2023-07-31 12:30:00-04:00,39.37289810180664,39.38999938964844,39.130001068115234,39.150001525878906,105926,0.0,0.0
2023-07-31 13:30:00-04:00,39.154998779296875,39.2765007019043,39.150001525878906,39.18000030517578,92105,0.0,0.0
2023-07-31 14:30:00-04:00,39.189998626708984,39.44499969482422,39.185001373291016,39.33000183105469,113050,0.0,0.0
2023-07-31 15:30:00-04:00,39.33000183105469,39.400001525878906,39.154998779296875,39.369998931884766,250270,0.0,0.0
2023-08-01 09:30:00-04:00,38.869998931884766,39.150001525878906,38.599998474121094,38.66999816894531,127011,0.0,0.0
2023-08-01 10:30:00-04:00,38.6796989440918,38.875,38.59000015258789,38.779998779296875,71704,0.0,0.0
2023-08-01 11:30:00-04:00,38.779998779296875,38.8224983215332,38.61000061035156,38.7599983215332,59961,0.0,0.0
2023-08-01 12:30:00-04:00,38.73099899291992,39.0,38.709999084472656,38.9900016784668,50120,0.0,0.0
2023-08-01 13:30:00-04:00,39.0,39.22999954223633,38.974998474121094,39.150001525878906,60799,0.0,0.0
2023-08-01 14:30:00-04:00,39.1599006652832,39.41999816894531,39.150001525878906,39.36000061035156,152006,0.0,0.0
2023-08-01 15:30:00-04:00,39.369998931884766,39.474998474121094,39.349998474121094,39.3650016784668,169262,0.0,0.0
2023-08-02 09:30:00-04:00,39.220001220703125,39.65999984741211,38.95000076293945,39.599998474121094,154996,0.0,0.0
2023-08-02 10:30:00-04:00,39.630001068115234,39.724998474121094,39.0,39.35499954223633,281124,0.0,0.0
2023-08-02 11:30:00-04:00,39.380001068115234,39.45000076293945,39.060001373291016,39.06999969482422,134204,0.0,0.0
2023-08-02 12:30:00-04:00,39.02000045776367,39.220001220703125,39.02000045776367,39.20000076293945,135425,0.0,0.0
2023-08-02 13:30:00-04:00,39.189998626708984,39.43000030517578,39.130001068115234,39.369998931884766,118568,0.0,0.0
2023-08-02 14:30:00-04:00,39.40999984741211,39.439998626708984,39.209999084472656,39.220001220703125,118583,0.0,0.0
2023-08-02 15:30:00-04:00,39.220001220703125,39.470001220703125,39.18000030517578,39.380001068115234,252226,0.0,0.0
2023-08-03 09:30:00-04:00,40.91999816894531,41.27000045776367,39.709999084472656,41.0,504131,0.0,0.0
2023-08-03 10:30:00-04:00,41.02000045776367,41.83000183105469,40.95000076293945,41.53499984741211,331097,0.0,0.0
2023-08-03 11:30:00-04:00,41.51750183105469,42.16579818725586,41.51750183105469,41.737098693847656,403678,0.0,0.0
2023-08-03 12:30:00-04:00,41.72999954223633,41.86000061035156,41.4900016784668,41.67499923706055,296236,0.0,0.0
2023-08-03 13:30:00-04:00,41.65639877319336,41.86000061035156,41.304100036621094,41.38999938964844,271085,0.0,0.0
2023-08-03 14:30:00-04:00,41.380001068115234,41.630001068115234,41.2401008605957,41.41999816894531,298049,0.0,0.0
2023-08-03 15:30:00-04:00,41.41999816894531,41.61000061035156,41.34000015258789,41.61000061035156,552767,0.0,0.0
2023-08-04 09:30:00-04:00,41.689998626708984,42.15999984741211,41.290000915527344,42.0,272992,0.0,0.0
2023-08-04 10:30:00-04:00,42.005001068115234,42.04999923706055,41.31999969482422,41.43000030517578,169122,0.0,0.0
2023-08-04 11:30:00-04:00,41.41999816894531,41.880001068115234,41.411598205566406,41.880001068115234,156623,0.0,0.0
2023-08-04 12:30:00-04:00,41.869998931884766,42.404998779296875,41.849998474121094,42.380001068115234,172651,0.0,0.0
2023-08-04 13:30:00-04:00,42.380001068115234,42.40999984741211,41.93000030517578,42.20000076293945,356904,0.0,0.0
2023-08-04 14:30:00-04:00,42.20000076293945,42.314998626708984,41.78499984741211,42.3125,271222,0.0,0.0
2023-08-04 15:30:00-04:00,42.31999969482422,42.39500045776367,42.189998626708984,42.25,331947,0.0,0.0
2023-08-07 09:30:00-04:00,42.619998931884766,42.709999084472656,41.730098724365234,42.060001373291016,172081,0.0,0.0
2023-08-07 10:30:00-04:00,42.05799865722656,42.24359893798828,41.91999816894531,42.119998931884766,170790,0.0,0.0
2023-08-07 11:30:00-04:00,42.13999938964844,42.29999923706055,42.005001068115234,42.040000915527344,148935,0.0,0.0
2023-08-07 12:30:00-04:00,42.040000915527344,42.130001068115234,41.95009994506836,41.970001220703125,120285,0.0,0.0
2023-08-07 13:30:00-04:00,41.9900016784668,41.9900016784668,41.66999816894531,41.66999816894531,171444,0.0,0.0
2023-08-07 14:30:00-04:00,41.689998626708984,41.93000030517578,41.65999984741211,41.88999938964844,170540,0.0,0.0
2023-08-07 15:30:00-04:00,41.880001068115234,41.97999954223633,41.779998779296875,41.83000183105469,352368,0.0,0.0
2023-08-08 09:30:00-04:00,40.81999969482422,41.380001068115234,40.75,41.380001068115234,176228,0.0,0.0
2023-08-08 10:30:00-04:00,41.3650016784668,41.689998626708984,41.31999969482422,41.650001525878906,246449,0.0,0.0
2023-08-08 11:30:00-04:00,41.65999984741211,41.93000030517578,41.65999984741211,41.91999816894531,154030,0.0,0.0
2023-08-08 12:30:00-04:00,41.93000030517578,42.04999923706055,41.7599983215332,42.02000045776367,262428,0.0,0.0
2023-08-08 13:30:00-04:00,42.02000045776367,42.11000061035156,41.95000076293945,42.05500030517578,243810,0.0,0.0
2023-08-08 14:30:00-04:00,42.05500030517578,42.119998931884766,41.709999084472656,41.77000045776367,242735,0.0,0.0
2023-08-08 15:30:00-04:00,41.779998779296875,41.91999816894531,41.720001220703125,41.810001373291016,419820,0.0,0.0
2023-08-09 09:30:00-04:00,42.15999984741211,42.836299896240234,41.9900016784668,42.560001373291016,208565,0.0,0.0
2023-08-09 10:30:00-04:00,42.560001373291016,42.86000061035156,42.5099983215332,42.58000183105469,313021,0.0,0.0
2023-08-09 11:30:00-04:00,42.56999969482422,42.834999084472656,42.279998779296875,42.369998931884766,140037,0.0,0.0
2023-08-09 12:30:00-04:00,42.380001068115234,42.560001373291016,42.28110122680664,42.5099983215332,97944,0.0,0.0
2023-08-09 13:30:00-04:00,42.5099983215332,42.77000045776367,42.45500183105469,42.709999084472656,110513,0.0,0.0
2023-08-09 14:30:00-04:00,42.709999084472656,42.76499938964844,42.60499954223633,42.71500015258789,135437,0.0,0.0
2023-08-09 15:30:00-04:00,42.709999084472656,42.7400016784668,42.2599983215332,42.400001525878906,334682,0.0,0.0
2023-08-10 09:30:00-04:00,42.189998626708984,42.41360092163086,41.79999923706055,41.91999816894531,262258,0.0,0.0
2023-08-10 10:30:00-04:00,41.900001525878906,41.900001525878906,41.380001068115234,41.529998779296875,217948,0.0,0.0
2023-08-10 11:30:00-04:00,41.52000045776367,41.63999938964844,41.22999954223633,41.290000915527344,232975,0.0,0.0
2023-08-10 12:30:00-04:00,41.29999923706055,41.579898834228516,41.189998626708984,41.220001220703125,95196,0.0,0.0
2023-08-10 13:30:00-04:00,41.20000076293945,41.29499816894531,41.02000045776367,41.11000061035156,198779,0.0,0.0
2023-08-10 14:30:00-04:00,41.119998931884766,41.279998779296875,41.02000045776367,41.13999938964844,146739,0.0,0.0
2023-08-10 15:30:00-04:00,41.130001068115234,41.5,41.09000015258789,41.43000030517578,317210,0.0,0.0
2023-08-11 09:30:00-04:00,41.43000030517578,41.875,41.43000030517578,41.75,101030,0.0,0.0
2023-08-11 10:30:00-04:00,41.775001525878906,42.040000915527344,41.72999954223633,41.88999938964844,103599,0.0,0.0
2023-08-11 11:30:00-04:00,41.869998931884766,41.93000030517578,41.70000076293945,41.84000015258789,93678,0.0,0.0
2023-08-11 12:30:00-04:00,41.85070037841797,41.91999816894531,41.7400016784668,41.779998779296875,74414,0.0,0.0
2023-08-11 13:30:00-04:00,41.78499984741211,42.05889892578125,41.7400016784668,42.029998779296875,131342,0.0,0.0
2023-08-11 14:30:00-04:00,42.04999923706055,42.119998931884766,41.91999816894531,42.0,91862,0.0,0.0
2023-08-11 15:30:00-04:00,42.005001068115234,42.02000045776367,41.900001525878906,42.02000045776367,161529,0.0,0.0
2023-08-14 09:30:00-04:00,41.459999084472656,41.709999084472656,41.140098571777344,41.380001068115234,138363,0.0,0.0
2023-08-14 10:30:00-04:00,41.38019943237305,41.58000183105469,41.25,41.51499938964844,152465,0.0,0.0
2023-08-14 11:30:00-04:00,41.52000045776367,41.779998779296875,41.404998779296875,41.650001525878906,80655,0.0,0.0
2023-08-14 12:30:00-04:00,41.650001525878906,41.91999816894531,41.09000015258789,41.23500061035156,360711,0.0,0.0
2023-08-14 13:30:00-04:00,41.23500061035156,41.40999984741211,40.95000076293945,41.04999923706055,256136,0.0,0.0
2023-08-14 14:30:00-04:00,41.029998779296875,41.20000076293945,41.0,41.095001220703125,149367,0.0,0.0
2023-08-14 15:30:00-04:00,41.099998474121094,41.150001525878906,40.93000030517578,40.939998626708984,440776,0.0,0.0
2023-08-15 09:30:00-04:00,40.65999984741211,40.66999816894531,39.724998474121094,39.79999923706055,346449,0.0,0.0
2023-08-15 10:30:00-04:00,39.779998779296875,40.47890090942383,39.724998474121094,40.474998474121094,140179,0.0,0.0
2023-08-15 11:30:00-04:00,40.5,40.540000915527344,40.11000061035156,40.18000030517578,124278,0.0,0.0
2023-08-15 12:30:00-04:00,40.18000030517578,40.236900329589844,40.060001373291016,40.208900451660156,86009,0.0,0.0
2023-08-15 13:30:00-04:00,40.20000076293945,40.220001220703125,40.0099983215332,40.154998779296875,112984,0.0,0.0
2023-08-15 14:30:00-04:00,40.15999984741211,40.52000045776367,40.15999984741211,40.345001220703125,163250,0.0,0.0
2023-08-15 15:30:00-04:00,40.345001220703125,40.5,40.34000015258789,40.459999084472656,291175,0.0,0.0
2023-08-16 09:30:00-04:00,40.470001220703125,41.05500030517578,40.40999984741211,40.470001220703125,111695,0.0,0.0
2023-08-16 10:30:00-04:00,40.47999954223633,40.52000045776367,40.2599983215332,40.349998474121094,107788,0.0,0.0
2023-08-16 11:30:00-04:00,40.369998931884766,40.435001373291016,40.20000076293945,40.224998474121094,84229,0.0,0.0
2023-08-16 12:30:00-04:00,40.22999954223633,40.279998779296875,40.060001373291016,40.150001525878906,124435,0.0,0.0
2023-08-16 13:30:00-04:00,40.154998779296875,40.255001068115234,40.02000045776367,40.130001068115234,159398,0.0,0.0
2023-08-16 14:30:00-04:00,40.150001525878906,40.34000015258789,39.93000030517578,40.09000015258789,285504,0.0,0.0
2023-08-16 15:30:00-04:00,40.099998474121094,40.185001373291016,39.97999954223633,40.0099983215332,314145,0.0,0.0
2023-08-17 09:30:00-04:00,40.709999084472656,41.040000915527344,40.459999084472656,40.54710006713867,133849,0.0,0.0
2023-08-17 10:30:00-04:00,40.560001373291016,40.68000030517578,40.400001525878906,40.619998931884766,111323,0.0,0.0
2023-08-17 11:30:00-04:00,40.63999938964844,40.82500076293945,40.4900016784668,40.82500076293945,287827,0.0,0.0
2023-08-17 12:30:00-04:00,40.84000015258789,40.90999984741211,40.75,40.790000915527344,123676,0.0,0.0
2023-08-17 13:30:00-04:00,40.790000915527344,40.90999984741211,40.685001373291016,40.79999923706055,99953,0.0,0.0
2023-08-17 14:30:00-04:00,40.79999923706055,40.814998626708984,40.439998626708984,40.6349983215332,128010,0.0,0.0
2023-08-17 15:30:00-04:00,40.630001068115234,40.654998779296875,40.4900016784668,40.4900016784668,256406,0.0,0.0
2023-08-18 09:30:00-04:00,40.29999923706055,40.779998779296875,40.130001068115234,40.5099983215332,244314,0.0,0.0
2023-08-18 10:30:00-04:00,40.48500061035156,40.86000061035156,40.41999816894531,40.810001373291016,82655,0.0,0.0
2023-08-18 11:30:00-04:00,40.81999969482422,41.16999816894531,40.810001373291016,41.130001068115234,126818,0.0,0.0
2023-08-18 12:30:00-04:00,41.13999938964844,41.314998626708984,41.130001068115234,41.130001068115234,83512,0.0,0.0
2023-08-18 13:30:00-04:00,41.18000030517578,41.209999084472656,40.970001220703125,41.02000045776367,186692,0.0,0.0
2023-08-18 14:30:00-04:00,41.01499938964844,41.13999938964844,40.97999954223633,41.060001373291016,199335,0.0,0.0
2023-08-18 15:30:00-04:00,41.06999969482422,41.18000030517578,40.939998626708984,41.150001525878906,304924,0.0,0.0
2023-08-21 09:30:00-04:00,41.75,42.005001068115234,41.61000061035156,41.65999984741211,279686,0.0,0.0
2023-08-21 10:30:00-04:00,41.66999816894531,41.68000030517578,41.31999969482422,41.380001068115234,235442,0.0,0.0
2023-08-21 11:30:00-04:00,41.400001525878906,41.400001525878906,40.974998474121094,41.0099983215332,89915,0.0,0.0
2023-08-21 12:30:00-04:00,41.0,41.03499984741211,40.880001068115234,41.025001525878906,59403,0.0,0.0
2023-08-21 13:30:00-04:00,41.02000045776367,41.18000030517578,40.972198486328125,41.119998931884766,103090,0.0,0.0
2023-08-21 14:30:00-04:00,41.125,41.310001373291016,41.084999084472656,41.310001373291016,165861,0.0,0.0
2023-08-21 15:30:00-04:00,41.34000015258789,41.5,41.13999938964844,41.15999984741211,264807,0.0,0.0
2023-08-22 09:30:00-04:00,41.220001220703125,41.40250015258789,41.04999923706055,41.130001068115234,143142,0.0,0.0
2023-08-22 10:30:00-04:00,41.165000915527344,41.16999816894531,40.9900016784668,41.13999938964844,110990,0.0,0.0
2023-08-22 11:30:00-04:00,41.13999938964844,41.27000045776367,41.03499984741211,41.06999969482422,127722,0.0,0.0
2023-08-22 12:30:00-04:00,41.060001373291016,41.11000061035156,40.76380157470703,40.84000015258789,84886,0.0,0.0
2023-08-22 13:30:00-04:00,40.810001373291016,40.880001068115234,40.689998626708984,40.83000183105469,81477,0.0,0.0
2023-08-22 14:30:00-04:00,40.84000015258789,40.93000030517578,40.61000061035156,40.68000030517578,151944,0.0,0.0
2023-08-22 15:30:00-04:00,40.68000030517578,40.78499984741211,40.619998931884766,40.72999954223633,228998,0.0,0.0
2023-08-23 09:30:00-04:00,40.189998626708984,40.2599983215332,39.709999084472656,40.119998931884766,116358,0.0,0.0
2023-08-23 10:30:00-04:00,40.130001068115234,40.540000915527344,40.02000045776367,40.459999084472656,109962,0.0,0.0
2023-08-23 11:30:00-04:00,40.45000076293945,40.540000915527344,40.38999938964844,40.529998779296875,45746,0.0,0.0
2023-08-23 12:30:00-04:00,40.52000045776367,40.630001068115234,40.48500061035156,40.540000915527344,74323,0.0,0.0
2023-08-23 13:30:00-04:00,40.560001373291016,40.59000015258789,40.369998931884766,40.38999938964844,96315,0.0,0.0
2023-08-23 14:30:00-04:00,40.380001068115234,40.459999084472656,40.314998626708984,40.375,95465,0.0,0.0
2023-08-23 15:30:00-04:00,40.375,40.45000076293945,40.33100128173828,40.43000030517578,166996,0.0,0.0
2023-08-24 09:30:00-04:00,40.279998779296875,40.66999816894531,40.11000061035156,40.474998474121094,106372,0.0,0.0
2023-08-24 10:30:00-04:00,40.47999954223633,40.56999969482422,40.099998474121094,40.275001525878906,88756,0.0,0.0
2023-08-24 11:30:00-04:00,40.2599983215332,40.38999938964844,40.1150016784668,40.38999938964844,70577,0.0,0.0
2023-08-24 12:30:00-04:00,40.39500045776367,40.42499923706055,40.099998474121094,40.130001068115234,50794,0.0,0.0
2023-08-24 13:30:00-04:00,40.119998931884766,40.380001068115234,40.11000061035156,40.119998931884766,74292,0.0,0.0
2023-08-24 14:30:00-04:00,40.1349983215332,40.15409851074219,39.97999954223633,40.040000915527344,255515,0.0,0.0
2023-08-24 15:30:00-04:00,40.029998779296875,40.099998474121094,39.81999969482422,39.84000015258789,196485,0.0,0.0
2023-08-25 09:30:00-04:00,40.33000183105469,40.33000183105469,39.79999923706055,39.939998626708984,78036,0.0,0.0
2023-08-25 10:30:00-04:00,39.959999084472656,40.08810043334961,39.720001220703125,40.02000045776367,133390,0.0,0.0
2023-08-25 11:30:00-04:00,40.0,40.38999938964844,39.869998931884766,40.380001068115234,135543,0.0,0.0
2023-08-25 12:30:00-04:00,40.400001525878906,40.58000183105469,40.14099884033203,40.165000915527344,120490,0.0,0.0
2023-08-25 13:30:00-04:00,40.15999984741211,40.630001068115234,40.029998779296875,40.61000061035156,92932,0.0,0.0
2023-08-25 14:30:00-04:00,40.63999938964844,40.81999969482422,40.599998474121094,40.73500061035156,139214,0.0,0.0
2023-08-25 15:30:00-04:00,40.75,40.77000045776367,40.41999816894531,40.61000061035156,183104,0.0,0.0
2023-08-28 09:30:00-04:00,40.97999954223633,41.38999938964844,40.810001373291016,41.040000915527344,91863,0.0,0.0
2023-08-28 10:30:00-04:00,41.02000045776367,41.154998779296875,40.84000015258789,40.880001068115234,63736,0.0,0.0
2023-08-28 11:30:00-04:00,40.89500045776367,40.959999084472656,40.79999923706055,40.810001373291016,35477,0.0,0.0
2023-08-28 12:30:00-04:00,40.81999969482422,40.915000915527344,40.755001068115234,40.869998931884766,61294,0.0,0.0
2023-08-28 13:30:00-04:00,40.869998931884766,40.869998931884766,40.60499954223633,40.650001525878906,44484,0.0,0.0
2023-08-28 14:30:00-04:00,40.650001525878906,40.779998779296875,40.63999938964844,40.76499938964844,58426,0.0,0.0
2023-08-28 15:30:00-04:00,40.75,40.959999084472656,40.73500061035156,40.95000076293945,160521,0.0,0.0
2023-08-29 09:30:00-04:00,41.119998931884766,41.119998931884766,40.52000045776367,40.959999084472656,42732,0.0,0.0
2023-08-29 10:30:00-04:00,40.97999954223633,41.17499923706055,40.8849983215332,41.17499923706055,49918,0.0,0.0
2023-08-29 11:30:00-04:00,41.150001525878906,41.209999084472656,41.09000015258789,41.130001068115234,63073,0.0,0.0
2023-08-29 12:30:00-04:00,41.1349983215332,41.290000915527344,41.060001373291016,41.275001525878906,42085,0.0,0.0
2023-08-29 13:30:00-04:00,41.272300720214844,41.28499984741211,41.06999969482422,41.09000015258789,47218,0.0,0.0
2023-08-29 14:30:00-04:00,41.09000015258789,41.14500045776367,41.01499938964844,41.060001373291016,56020,0.0,0.0
2023-08-29 15:30:00-04:00,41.05500030517578,41.099998474121094,40.970001220703125,41.0,62654,0.0,0.0
2023-08-30 09:30:00-04:00,41.13999938964844,41.67499923706055,41.02000045776367,41.529998779296875,67691,0.0,0.0
2023-08-30 10:30:00-04:00,41.54999923706055,41.720001220703125,41.4900016784668,41.59000015258789,78909,0.0,0.0
2023-08-30 11:30:00-04:00,41.58000183105469,41.70000076293945,41.470001220703125,41.4900016784668,55890,0.0,0.0
2023-08-30 12:30:00-04:00,41.5099983215332,41.59000015258789,41.41999816894531,41.459999084472656,50015,0.0,0.0
2023-08-30 13:30:00-04:00,41.459999084472656,41.54999923706055,41.43000030517578,41.52000045776367,43434,0.0,0.0
2023-08-30 14:30:00-04:00,41.51499938964844,41.61800003051758,41.470001220703125,41.599998474121094,68614,0.0,0.0
2023-08-30 15:30:00-04:00,41.599998474121094,41.62099838256836,41.43000030517578,41.47999954223633,147365,0.0,0.0
2023-08-31 09:30:00-04:00,41.560001373291016,41.60499954223633,41.1875,41.599998474121094,48704,0.0,0.0
2023-08-31 10:30:00-04:00,41.58000183105469,41.689998626708984,41.4900016784668,41.65409851074219,43690,0.0,0.0
2023-08-31 11:30:00-04:00,41.65010070800781,41.65999984741211,41.439998626708984,41.4900016784668,46584,0.0,0.0
2023-08-31 12:30:00-04:00,41.4900016784668,41.6150016784668,41.369998931884766,41.59000015258789,32890,0.0,0.0
2023-08-31 13:30:00-04:00,41.61000061035156,41.845001220703125,41.59769821166992,41.83000183105469,98711,0.0,0.0
2023-08-31 14:30:00-04:00,41.83000183105469,41.900001525878906,41.619998931884766,41.880001068115234,112254,0.0,0.0
2023-08-31 15:30:00-04:00,41.88999938964844,41.970001220703125,41.81999969482422,41.81999969482422,246263,0.0,0.0
2023-09-01 09:30:00-04:00,42.400001525878906,43.06999969482422,42.290000915527344,43.040000915527344,213360,0.0,0.0
2023-09-01 10:30:00-04:00,43.029998779296875,43.029998779296875,42.79999923706055,42.90999984741211,91059,0.0,0.0
2023-09-01 11:30:00-04:00,42.90999984741211,43.08000183105469,42.72999954223633,43.02000045776367,114215,0.0,0.0
2023-09-01 12:30:00-04:00,43.02000045776367,43.099998474121094,42.900001525878906,42.959999084472656,117895,0.0,0.0
2023-09-01 13:30:00-04:00,42.939998626708984,43.060001373291016,42.81999969482422,42.939998626708984,171765,0.0,0.0
2023-09-01 14:30:00-04:00,42.939998626708984,43.029998779296875,42.7599983215332,42.779998779296875,116791,0.0,0.0
2023-09-01 15:30:00-04:00,42.779998779296875,43.0,42.76499938964844,43.0,321378,0.0,0.0
2023-09-05 09:30:00-04:00,43.25,43.439998626708984,43.040000915527344,43.220001220703125,220127,0.0,0.0
2023-09-05 10:30:00-04:00,43.224998474121094,43.369998931884766,43.08000183105469,43.34000015258789,115594,0.0,0.0
2023-09-05 11:30:00-04:00,43.34000015258789,43.56999969482422,43.27000045776367,43.56999969482422,110036,0.0,0.0
2023-09-05 12:30:00-04:00,43.54100036621094,43.63890075683594,43.185001373291016,43.189998626708984,83766,0.0,0.0
2023-09-05 13:30:00-04:00,43.185001373291016,43.189998626708984,42.880001068115234,42.93989944458008,115410,0.0,0.0
2023-09-05 14:30:00-04:00,42.91999816894531,42.91999816894531,42.32500076293945,42.42499923706055,223193,0.0,0.0
2023-09-05 15:30:00-04:00,42.41999816894531,42.58000183105469,42.23500061035156,42.29999923706055,261429,0.0,0.0
2023-09-06 09:30:00-04:00,42.150001525878906,42.880001068115234,42.119998931884766,42.54999923706055,102512,0.0,0.0
2023-09-06 10:30:00-04:00,42.540000915527344,42.619998931884766,42.119998931884766,42.34000015258789,89669,0.0,0.0
2023-09-06 11:30:00-04:00,42.34000015258789,42.48500061035156,42.29999923706055,42.349998474121094,67446,0.0,0.0
2023-09-06 12:30:00-04:00,42.345001220703125,42.41999816894531,42.189998626708984,42.369998931884766,60589,0.0,0.0
2023-09-06 13:30:00-04:00,42.349998474121094,42.474998474121094,42.33000183105469,42.3849983215332,108560,0.0,0.0
2023-09-06 14:30:00-04:00,42.380001068115234,42.810001373291016,42.380001068115234,42.72999954223633,87137,0.0,0.0
2023-09-06 15:30:00-04:00,42.7400016784668,42.749900817871094,42.470001220703125,42.47999954223633,146674,0.0,0.0
2023-09-07 09:30:00-04:00,42.369998931884766,42.86000061035156,42.369998931884766,42.619998931884766,80197,0.0,0.0
2023-09-07 10:30:00-04:00,42.625,42.63990020751953,42.41999816894531,42.6088981628418,96310,0.0,0.0
2023-09-07 11:30:00-04:00,42.654998779296875,42.72999954223633,42.51499938964844,42.70000076293945,58574,0.0,0.0
2023-09-07 12:30:00-04:00,42.72999954223633,42.72999954223633,42.45500183105469,42.720001220703125,42000,0.0,0.0
2023-09-07 13:30:00-04:00,42.720001220703125,42.78450012207031,42.65010070800781,42.65010070800781,44188,0.0,0.0
2023-09-07 14:30:00-04:00,42.65999984741211,42.880001068115234,42.650001525878906,42.77000045776367,107793,0.0,0.0
2023-09-07 15:30:00-04:00,42.7599983215332,42.845001220703125,42.56999969482422,42.650001525878906,215103,0.0,0.0
2023-09-08 09:30:00-04:00,43.0099983215332,43.38999938964844,42.81019973754883,43.255001068115234,72241,0.0,0.0
2023-09-08 10:30:00-04:00,43.22999954223633,43.560001373291016,43.18000030517578,43.48040008544922,96501,0.0,0.0
2023-09-08 11:30:00-04:00,43.5,43.52000045776367,43.220001220703125,43.244998931884766,70963,0.0,0.0
2023-09-08 12:30:00-04:00,43.25,43.35499954223633,43.20000076293945,43.25740051269531,89244,0.0,0.0
2023-09-08 13:30:00-04:00,43.2599983215332,43.2599983215332,43.01100158691406,43.025001525878906,68006,0.0,0.0
2023-09-08 14:30:00-04:00,43.0099983215332,43.04999923706055,42.810001373291016,42.92499923706055,93460,0.0,0.0
2023-09-08 15:30:00-04:00,42.91999816894531,43.0099983215332,42.755001068115234,42.869998931884766,188920,0.0,0.0
2023-09-11 09:30:00-04:00,43.2400016784668,43.300498962402344,42.54999923706055,42.91999816894531,152344,0.0,0.0
2023-09-11 10:30:00-04:00,42.900001525878906,42.93000030517578,42.150001525878906,42.15999984741211,167646,0.0,0.0
2023-09-11 11:30:00-04:00,42.150001525878906,42.150001525878906,41.6349983215332,41.65999984741211,176856,0.0,0.0
2023-09-11 12:30:00-04:00,41.66999816894531,41.66999816894531,41.400001525878906,41.43000030517578,140150,0.0,0.0
2023-09-11 13:30:00-04:00,41.43000030517578,41.45000076293945,41.02000045776367,41.040000915527344,160391,0.0,0.0
2023-09-11 14:30:00-04:00,41.040000915527344,41.220001220703125,41.029998779296875,41.150001525878906,181566,0.0,0.0
2023-09-11 15:30:00-04:00,41.13999938964844,41.310001373291016,41.04899978637695,41.20000076293945,297215,0.0,0.0
2023-09-12 09:30:00-04:00,41.400001525878906,42.09000015258789,41.400001525878906,41.84000015258789,185344,0.0,0.0
2023-09-12 10:30:00-04:00,41.83000183105469,42.09000015258789,41.709999084472656,41.84040069580078,168962,0.0,0.0
2023-09-12 11:30:00-04:00,41.84000015258789,42.040000915527344,41.80500030517578,41.93000030517578,152357,0.0,0.0
2023-09-12 12:30:00-04:00,41.900001525878906,41.994998931884766,41.849998474121094,41.97999954223633,91582,0.0,0.0
2023-09-12 13:30:00-04:00,41.98500061035156,42.04999923706055,41.779998779296875,41.959999084472656,131769,0.0,0.0
2023-09-12 14:30:00-04:00,41.959999084472656,41.97999954223633,41.720001220703125,41.834999084472656,231342,0.0,0.0
2023-09-12 15:30:00-04:00,41.84000015258789,42.0,41.83000183105469,41.939998626708984,255008,0.0,0.0
2023-09-13 09:30:00-04:00,42.02000045776367,42.099998474121094,41.040000915527344,41.040000915527344,172767,0.0,0.0
2023-09-13 10:30:00-04:00,41.029998779296875,41.35499954223633,40.90999984741211,41.02000045776367,220741,0.0,0.0
2023-09-13 11:30:00-04:00,41.02000045776367,41.119998931884766,40.709999084472656,41.0,140216,0.0,0.0
2023-09-13 12:30:00-04:00,41.0,41.04999923706055,40.900001525878906,40.97999954223633,70289,0.0,0.0
2023-09-13 13:30:00-04:00,40.970001220703125,41.0099983215332,40.849998474121094,40.95000076293945,74548,0.0,0.0
2023-09-13 14:30:00-04:00,40.95000076293945,41.04999923706055,40.84000015258789,41.0099983215332,99485,0.0,0.0
2023-09-13 15:30:00-04:00,41.02000045776367,41.1349983215332,41.0,41.0099983215332,232364,0.0,0.0
2023-09-14 09:30:00-04:00,41.689998626708984,41.89500045776367,41.310001373291016,41.369998931884766,170123,0.0,0.0
2023-09-14 10:30:00-04:00,41.36000061035156,41.36000061035156,40.90999984741211,40.90999984741211,102642,0.0,0.0
2023-09-14 11:30:00-04:00,40.939998626708984,41.084999084472656,40.845001220703125,41.04999923706055,73701,0.0,0.0
2023-09-14 12:30:00-04:00,41.04499816894531,41.11000061035156,41.02000045776367,41.029998779296875,61631,0.0,0.0
2023-09-14 13:30:00-04:00,41.029998779296875,41.11000061035156,40.90999984741211,40.96500015258789,53826,0.0,0.0
2023-09-14 14:30:00-04:00,40.970001220703125,41.11000061035156,40.959999084472656,41.029998779296875,74254,0.0,0.0
2023-09-14 15:30:00-04:00,41.01499938964844,41.06999969482422,40.95000076293945,41.0,169252,0.0,0.0
2023-09-15 09:30:00-04:00,40.59000015258789,40.869998931884766,40.36000061035156,40.560001373291016,237660,0.0,0.0
2023-09-15 10:30:00-04:00,40.564998626708984,40.709999084472656,40.2400016784668,40.380001068115234,106281,0.0,0.0
2023-09-15 11:30:00-04:00,40.400001525878906,40.4900016784668,40.33000183105469,40.34000015258789,121555,0.0,0.0
2023-09-15 12:30:00-04:00,40.345001220703125,40.48469924926758,40.16999816894531,40.18000030517578,64399,0.0,0.0
2023-09-15 13:30:00-04:00,40.189998626708984,40.38999938964844,39.95500183105469,40.02000045776367,101178,0.0,0.0
2023-09-15 14:30:00-04:00,40.040000915527344,40.219600677490234,40.02000045776367,40.119998931884766,147083,0.0,0.0
2023-09-15 15:30:00-04:00,40.119998931884766,40.22999954223633,39.95500183105469,40.130001068115234,403281,0.0,0.0
2023-09-18 09:30:00-04:00,40.5,40.709999084472656,40.099998474121094,40.560001373291016,126188,0.0,0.0
2023-09-18 10:30:00-04:00,40.59000015258789,40.8650016784668,40.59000015258789,40.76499938964844,67429,0.0,0.0
2023-09-18 11:30:00-04:00,40.7400016784668,40.810001373291016,40.58000183105469,40.58000183105469,73047,0.0,0.0
2023-09-18 12:30:00-04:00,40.5973014831543,40.619998931884766,40.189998626708984,40.27000045776367,132211,0.0,0.0
2023-09-18 13:30:00-04:00,40.279998779296875,40.439998626708984,40.189998626708984,40.439998626708984,37101,0.0,0.0
2023-09-18 14:30:00-04:00,40.439998626708984,40.54999923706055,40.40999984741211,40.41999816894531,61703,0.0,0.0
2023-09-18 15:30:00-04:00,40.43000030517578,40.5,40.38999938964844,40.5,211551,0.0,0.0
2023-09-19 09:30:00-04:00,41.02000045776367,41.27000045776367,40.119998931884766,40.209999084472656,125638,0.0,0.0
2023-09-19 10:30:00-04:00,40.2400016784668,40.310001373291016,40.0,40.005001068115234,54908,0.0,0.0
2023-09-19 11:30:00-04:00,40.0,40.099998474121094,39.93000030517578,40.04999923706055,65861,0.0,0.0
2023-09-19 12:30:00-04:00,40.040000915527344,40.040000915527344,39.849998474121094,39.90999984741211,82679,0.0,0.0
2023-09-19 13:30:00-04:00,39.93000030517578,40.119998931884766,39.93000030517578,40.04499816894531,61719,0.0,0.0
2023-09-19 14:30:00-04:00,40.040000915527344,40.11000061035156,39.869998931884766,39.88999938964844,164874,0.0,0.0
2023-09-19 15:30:00-04:00,39.900001525878906,40.064998626708984,39.86000061035156,39.9900016784668,179242,0.0,0.0
2023-09-20 09:30:00-04:00,39.61000061035156,40.20000076293945,39.504798889160156,40.08000183105469,79172,0.0,0.0
2023-09-20 10:30:00-04:00,40.064998626708984,40.09000015258789,39.654998779296875,39.86000061035156,99204,0.0,0.0
2023-09-20 11:30:00-04:00,39.85499954223633,39.888999938964844,39.540000915527344,39.630001068115234,68987,0.0,0.0
2023-09-20 12:30:00-04:00,39.63999938964844,39.68000030517578,39.439998626708984,39.439998626708984,58214,0.0,0.0
2023-09-20 13:30:00-04:00,39.439998626708984,39.630001068115234,39.3849983215332,39.630001068115234,137516,0.0,0.0
2023-09-20 14:30:00-04:00,39.625,39.726200103759766,39.220001220703125,39.290000915527344,236261,0.0,0.0
2023-09-20 15:30:00-04:00,39.279998779296875,39.290000915527344,39.119998931884766,39.15999984741211,341802,0.0,0.0
2023-09-21 09:30:00-04:00,39.20000076293945,39.5,38.790000915527344,39.18000030517578,184649,0.0,0.0
2023-09-21 10:30:00-04:00,39.189998626708984,39.209999084472656,38.68000030517578,38.779998779296875,69046,0.0,0.0
2023-09-21 11:30:00-04:00,38.760398864746094,38.90999984741211,38.68000030517578,38.880001068115234,76071,0.0,0.0
2023-09-21 12:30:00-04:00,38.900001525878906,39.209999084472656,38.81999969482422,39.16120147705078,51575,0.0,0.0
2023-09-21 13:30:00-04:00,39.165000915527344,39.209999084472656,38.939998626708984,38.939998626708984,68181,0.0,0.0
2023-09-21 14:30:00-04:00,38.90999984741211,38.97999954223633,38.58000183105469,38.619998931884766,87296,0.0,0.0
2023-09-21 15:30:00-04:00,38.619998931884766,38.7599983215332,38.58000183105469,38.709999084472656,176950,0.0,0.0
2023-09-22 09:30:00-04:00,39.040000915527344,39.61000061035156,39.040000915527344,39.52000045776367,80511,0.0,0.0
2023-09-22 10:30:00-04:00,39.52000045776367,39.599998474121094,38.88999938964844,39.02000045776367,102216,0.0,0.0
2023-09-22 11:30:00-04:00,38.9900016784668,39.0099983215332,38.7400016784668,38.81999969482422,54741,0.0,0.0
2023-09-22 12:30:00-04:00,38.81999969482422,38.900001525878906,38.630001068115234,38.63999938964844,60881,0.0,0.0
2023-09-22 13:30:00-04:00,38.6150016784668,38.7599983215332,38.59000015258789,38.7599983215332,86393,0.0,0.0
2023-09-22 14:30:00-04:00,38.77000045776367,39.040000915527344,38.70000076293945,39.029998779296875,71307,0.0,0.0
2023-09-22 15:30:00-04:00,39.02000045776367,39.02000045776367,38.779998779296875,38.94499969482422,286192,0.0,0.0
2023-09-25 09:30:00-04:00,38.91999816894531,39.654998779296875,38.91999816894531,39.470001220703125,53052,0.0,0.0
2023-09-25 10:30:00-04:00,39.470001220703125,39.90999984741211,39.470001220703125,39.900001525878906,56016,0.0,0.0
2023-09-25 11:30:00-04:00,39.83000183105469,39.959999084472656,39.779998779296875,39.91999816894531,44101,0.0,0.0
2023-09-25 12:30:00-04:00,39.93000030517578,39.959999084472656,39.70000076293945,39.7400016784668,77009,0.0,0.0
2023-09-25 13:30:00-04:00,39.720001220703125,39.829898834228516,39.599998474121094,39.6150016784668,84116,0.0,0.0
2023-09-25 14:30:00-04:00,39.61090087890625,39.84000015258789,39.61090087890625,39.78799819946289,76083,0.0,0.0
2023-09-25 15:30:00-04:00,39.790000915527344,39.79999923706055,39.619998931884766,39.72999954223633,155779,0.0,0.0
2023-09-26 09:30:00-04:00,39.36000061035156,39.75,39.349998474121094,39.6349983215332,94138,0.0,0.0
2023-09-26 10:30:00-04:00,39.6349983215332,39.880001068115234,39.5,39.8390007019043,76378,0.0,0.0
2023-09-26 11:30:00-04:00,39.849998474121094,40.2599983215332,39.834999084472656,40.189998626708984,64986,0.0,0.0
2023-09-26 12:30:00-04:00,40.189998626708984,40.22999954223633,39.959999084472656,39.959999084472656,66628,0.0,0.0
2023-09-26 13:30:00-04:00,39.939998626708984,39.96900177001953,39.779998779296875,39.849998474121094,59606,0.0,0.0
2023-09-26 14:30:00-04:00,39.84000015258789,39.90999984741211,39.7599983215332,39.89979934692383,87337,0.0,0.0
2023-09-26 15:30:00-04:00,39.900001525878906,40.119998931884766,39.81999969482422,39.86000061035156,190912,0.0,0.0
2023-09-27 09:30:00-04:00,40.5,41.369998931884766,40.22779846191406,41.2599983215332,259710,0.0,0.0
2023-09-27 10:30:00-04:00,41.27000045776367,41.529998779296875,41.16999816894531,41.380001068115234,294450,0.0,0.0
2023-09-27 11:30:00-04:00,41.380001068115234,41.470001220703125,41.189998626708984,41.21500015258789,155932,0.0,0.0
2023-09-27 12:30:00-04:00,41.209999084472656,41.40999984741211,41.0099983215332,41.06999969482422,135779,0.0,0.0
2023-09-27 13:30:00-04:00,41.05500030517578,41.349998474121094,41.02000045776367,41.345001220703125,105141,0.0,0.0
2023-09-27 14:30:00-04:00,41.349998474121094,41.45000076293945,40.959999084472656,41.07500076293945,254312,0.0,0.0
2023-09-27 15:30:00-04:00,41.06999969482422,41.06999969482422,40.70000076293945,40.93000030517578,450502,0.0,0.0
2023-09-28 09:30:00-04:00,40.529998779296875,41.04999923706055,40.529998779296875,40.98500061035156,214816,0.0,0.0
2023-09-28 10:30:00-04:00,41.0,41.209999084472656,40.83000183105469,41.185001373291016,133686,0.0,0.0
2023-09-28 11:30:00-04:00,41.20000076293945,41.20000076293945,40.81999969482422,41.0,123599,0.0,0.0
2023-09-28 12:30:00-04:00,41.0,41.0099983215332,40.54999923706055,40.56999969482422,99414,0.0,0.0
2023-09-28 13:30:00-04:00,40.54999923706055,40.68000030517578,40.459999084472656,40.65999984741211,67669,0.0,0.0
2023-09-28 14:30:00-04:00,40.650001525878906,40.869998931884766,40.56999969482422,40.83000183105469,135238,0.0,0.0
2023-09-28 15:30:00-04:00,40.81999969482422,40.81999969482422,40.61000061035156,40.79999923706055,200011,0.0,0.0
2023-09-29 09:30:00-04:00,40.90999984741211,40.94499969482422,40.11000061035156,40.19499969482422,82857,0.0,0.0
2023-09-29 10:30:00-04:00,40.20000076293945,40.47999954223633,39.959999084472656,40.279998779296875,59823,0.0,0.0
2023-09-29 11:30:00-04:00,40.2400016784668,40.529998779296875,40.11000061035156,40.439998626708984,42944,0.0,0.0
2023-09-29 12:30:00-04:00,40.41999816894531,40.439998626708984,40.130001068115234,40.18000030517578,34712,0.0,0.0
2023-09-29 13:30:00-04:00,40.20000076293945,40.209999084472656,40.02000045776367,40.09000015258789,47020,0.0,0.0
2023-09-29 14:30:00-04:00,40.060001373291016,40.31999969482422,39.970001220703125,40.31999969482422,64588,0.0,0.0
2023-09-29 15:30:00-04:00,40.314998626708984,40.36000061035156,40.119998931884766,40.25,166702,0.0,0.0
2023-10-02 09:30:00-04:00,40.279998779296875,40.31999969482422,39.040000915527344,39.040000915527344,127918,0.0,0.0
2023-10-02 10:30:00-04:00,39.0099983215332,39.404998779296875,38.939998626708984,39.224998474121094,216871,0.0,0.0
2023-10-02 11:30:00-04:00,39.220001220703125,39.349998474121094,38.654998779296875,38.665000915527344,212496,0.0,0.0
2023-10-02 12:30:00-04:00,38.65999984741211,38.8031005859375,38.470001220703125,38.47999954223633,150286,0.0,0.0
2023-10-02 13:30:00-04:00,38.474998474121094,38.529998779296875,38.2400016784668,38.42190170288086,164902,0.0,0.0
2023-10-02 14:30:00-04:00,38.400001525878906,38.43000030517578,38.13999938964844,38.33000183105469,130858,0.0,0.0
2023-10-02 15:30:00-04:00,38.33000183105469,38.650001525878906,38.22999954223633,38.630001068115234,244154,0.0,0.0
2023-10-03 09:30:00-04:00,38.54999923706055,38.709999084472656,38.404998779296875,38.650001525878906,69545,0.0,0.0
2023-10-03 10:30:00-04:00,38.599998474121094,38.630001068115234,38.25,38.40999984741211,126986,0.0,0.0
2023-10-03 11:30:00-04:00,38.439998626708984,38.810001373291016,38.38999938964844,38.810001373291016,64355,0.0,0.0
2023-10-03 12:30:00-04:00,38.83000183105469,38.91999816894531,38.75,38.84000015258789,181880,0.0,0.0
2023-10-03 13:30:00-04:00,38.849998474121094,38.869998931884766,38.630001068115234,38.73500061035156,105306,0.0,0.0
2023-10-03 14:30:00-04:00,38.744998931884766,38.970001220703125,38.65999984741211,38.939998626708984,159868,0.0,0.0
2023-10-03 15:30:00-04:00,38.95000076293945,39.2400016784668,38.939998626708984,39.2400016784668,301216,0.0,0.0
2023-10-04 09:30:00-04:00,38.68000030517578,38.68000030517578,37.34000015258789,37.34000015258789,113404,0.0,0.0
2023-10-04 10:30:00-04:00,37.349998474121094,37.709999084472656,37.33000183105469,37.709999084472656,80227,0.0,0.0
2023-10-04 11:30:00-04:00,37.66999816894531,37.66999816894531,37.31999969482422,37.45000076293945,93566,0.0,0.0
2023-10-04 12:30:00-04:00,37.459999084472656,37.560001373291016,37.09000015258789,37.09000015258789,92647,0.0,0.0
2023-10-04 13:30:00-04:00,37.09000015258789,37.29999923706055,37.04999923706055,37.209999084472656,177355,0.0,0.0
2023-10-04 14:30:00-04:00,37.189998626708984,37.43000030517578,37.15999984741211,37.375,185101,0.0,0.0
2023-10-04 15:30:00-04:00,37.380001068115234,37.65999984741211,37.380001068115234,37.61000061035156,294163,0.0,0.0
2023-10-05 09:30:00-04:00,37.2400016784668,37.7400016784668,37.16999816894531,37.65999984741211,154063,0.0,0.0
2023-10-05 10:30:00-04:00,37.619998931884766,37.849998474121094,37.45000076293945,37.52000045776367,248306,0.0,0.0
2023-10-05 11:30:00-04:00,37.47999954223633,37.77000045776367,37.40999984741211,37.75,239777,0.0,0.0
2023-10-05 12:30:00-04:00,37.7400016784668,37.904998779296875,37.52000045776367,37.611000061035156,68525,0.0,0.0
2023-10-05 13:30:00-04:00,37.61000061035156,37.77000045776367,37.38999938964844,37.45000076293945,115286,0.0,0.0
2023-10-05 14:30:00-04:00,37.4900016784668,37.72999954223633,37.48500061035156,37.689998626708984,146390,0.0,0.0
2023-10-05 15:30:00-04:00,37.70000076293945,37.72999954223633,37.61000061035156,37.65999984741211,208527,0.0,0.0
2023-10-06 09:30:00-04:00,37.95000076293945,38.099998474121094,37.630001068115234,37.880001068115234,112566,0.0,0.0
2023-10-06 10:30:00-04:00,37.91999816894531,38.30500030517578,37.7400016784668,38.30500030517578,39308,0.0,0.0
2023-10-06 11:30:00-04:00,38.279998779296875,38.61000061035156,38.25,38.52000045776367,36810,0.0,0.0
2023-10-06 12:30:00-04:00,38.4900016784668,38.727500915527344,38.380001068115234,38.679100036621094,43929,0.0,0.0
2023-10-06 13:30:00-04:00,38.66999816894531,38.900001525878906,38.619998931884766,38.80500030517578,55087,0.0,0.0
2023-10-06 14:30:00-04:00,38.79999923706055,38.86000061035156,38.48500061035156,38.58000183105469,114031,0.0,0.0
2023-10-06 15:30:00-04:00,38.58000183105469,38.61000061035156,38.29999923706055,38.369998931884766,209683,0.0,0.0
2023-10-09 09:30:00-04:00,39.790000915527344,40.25,39.560001373291016,40.06999969482422,264933,0.0,0.0
2023-10-09 10:30:00-04:00,40.06999969482422,40.415000915527344,39.9900016784668,40.380001068115234,215475,0.0,0.0
2023-10-09 11:30:00-04:00,40.369998931884766,40.43000030517578,40.11000061035156,40.119998931884766,81773,0.0,0.0
2023-10-09 12:30:00-04:00,40.119998931884766,40.599998474121094,40.06999969482422,40.45500183105469,88744,0.0,0.0
2023-10-09 13:30:00-04:00,40.459999084472656,40.880001068115234,40.43000030517578,40.880001068115234,114403,0.0,0.0
2023-10-09 14:30:00-04:00,40.849998474121094,40.90999984741211,40.560001373291016,40.6077995300293,94339,0.0,0.0
2023-10-09 15:30:00-04:00,40.59000015258789,40.59000015258789,40.40999984741211,40.5,235550,0.0,0.0
2023-10-10 09:30:00-04:00,40.5099983215332,40.939998626708984,40.5,40.599998474121094,140307,0.0,0.0
2023-10-10 10:30:00-04:00,40.56999969482422,41.029998779296875,40.5099983215332,41.029998779296875,102702,0.0,0.0
2023-10-10 11:30:00-04:00,41.01499938964844,41.189998626708984,41.01499938964844,41.11000061035156,176334,0.0,0.0
2023-10-10 12:30:00-04:00,41.14500045776367,41.22800064086914,40.970001220703125,41.189998626708984,134330,0.0,0.0
2023-10-10 13:30:00-04:00,41.20500183105469,41.29999923706055,41.150001525878906,41.15999984741211,73216,0.0,0.0
2023-10-10 14:30:00-04:00,41.157100677490234,41.27000045776367,40.970001220703125,41.0,115771,0.0,0.0
2023-10-10 15:30:00-04:00,41.0099983215332,41.0099983215332,40.810001373291016,40.83000183105469,150774,0.0,0.0
2023-10-11 09:30:00-04:00,38.84000015258789,39.630001068115234,38.75,38.90250015258789,3118204,0.0,0.0
2023-10-11 10:30:00-04:00,38.91999816894531,39.15999984741211,38.599998474121094,39.0099983215332,510167,0.0,0.0
2023-10-11 11:30:00-04:00,39.0099983215332,39.310001373291016,38.974998474121094,39.18000030517578,338530,0.0,0.0
2023-10-11 12:30:00-04:00,39.20000076293945,39.2400016784668,39.02000045776367,39.11000061035156,279487,0.0,0.0
2023-10-11 13:30:00-04:00,39.11000061035156,39.25,39.040000915527344,39.16999816894531,357709,0.0,0.0
2023-10-11 14:30:00-04:00,39.189998626708984,39.400001525878906,39.18000030517578,39.334999084472656,748128,0.0,0.0
2023-10-11 15:30:00-04:00,39.34000015258789,39.52000045776367,39.189998626708984,39.220001220703125,1137473,0.0,0.0
2023-10-12 09:30:00-04:00,39.66999816894531,39.91999816894531,39.4109992980957,39.56999969482422,462229,0.0,0.0
2023-10-12 10:30:00-04:00,39.61000061035156,39.65999984741211,39.150001525878906,39.16999816894531,475969,0.0,0.0
2023-10-12 11:30:00-04:00,39.16999816894531,39.27000045776367,39.04999923706055,39.189998626708984,593382,0.0,0.0
2023-10-12 12:30:00-04:00,39.189998626708984,39.21500015258789,38.91999816894531,38.970001220703125,209852,0.0,0.0
2023-10-12 13:30:00-04:00,38.959999084472656,39.11000061035156,38.83000183105469,39.099998474121094,201388,0.0,0.0
2023-10-12 14:30:00-04:00,39.095001220703125,39.369998931884766,39.05500030517578,39.36000061035156,450478,0.0,0.0
2023-10-12 15:30:00-04:00,39.3650016784668,39.38999938964844,39.189998626708984,39.209999084472656,684548,0.0,0.0
2023-10-13 09:30:00-04:00,39.56999969482422,40.02000045776367,39.36000061035156,39.91999816894531,475107,0.0,0.0
2023-10-13 10:30:00-04:00,39.93000030517578,40.4900016784668,39.8849983215332,40.16999816894531,409530,0.0,0.0
2023-10-13 11:30:00-04:00,40.15999984741211,40.5,40.150001525878906,40.400001525878906,246650,0.0,0.0
2023-10-13 12:30:00-04:00,40.404998779296875,40.63999938964844,40.369998931884766,40.38999938964844,252441,0.0,0.0
2023-10-13 13:30:00-04:00,40.3849983215332,40.619998931884766,40.290000915527344,40.58000183105469,203140,0.0,0.0
2023-10-13 14:30:00-04:00,40.59000015258789,40.68000030517578,40.43000030517578,40.64899826049805,247590,0.0,0.0
2023-10-13 15:30:00-04:00,40.64500045776367,40.650001525878906,40.369998931884766,40.540000915527344,359563,0.0,0.0
2023-10-16 09:30:00-04:00,40.529998779296875,40.63999938964844,39.77000045776367,39.959999084472656,191319,0.0,0.0
2023-10-16 10:30:00-04:00,39.970001220703125,40.560001373291016,39.88999938964844,40.40999984741211,142453,0.0,0.0
2023-10-16 11:30:00-04:00,40.400001525878906,40.58000183105469,40.29999923706055,40.5,157514,0.0,0.0
2023-10-16 12:30:00-04:00,40.5099983215332,40.7599983215332,40.41999816894531,40.709999084472656,99452,0.0,0.0
2023-10-16 13:30:00-04:00,40.709999084472656,40.78499984741211,40.58000183105469,40.58000183105469,223635,0.0,0.0
2023-10-16 14:30:00-04:00,40.599998474121094,40.790000915527344,40.59000015258789,40.790000915527344,148706,0.0,0.0
2023-10-16 15:30:00-04:00,40.79999923706055,40.82899856567383,40.64500045776367,40.720001220703125,268000,0.0,0.0
2023-10-17 09:30:00-04:00,40.65999984741211,40.959999084472656,40.29999923706055,40.93000030517578,170157,0.0,0.0
2023-10-17 10:30:00-04:00,40.91999816894531,41.130001068115234,40.86000061035156,40.869998931884766,251184,0.0,0.0
2023-10-17 11:30:00-04:00,40.869998931884766,40.869998931884766,40.47999954223633,40.73500061035156,217742,0.0,0.0
2023-10-17 12:30:00-04:00,40.75,40.75,40.439998626708984,40.439998626708984,131619,0.0,0.0
2023-10-17 13:30:00-04:00,40.439998626708984,40.689998626708984,40.400001525878906,40.66999816894531,105964,0.0,0.0
2023-10-17 14:30:00-04:00,40.68000030517578,40.68000030517578,40.43000030517578,40.51499938964844,159205,0.0,0.0
2023-10-17 15:30:00-04:00,40.52000045776367,40.665000915527344,40.47999954223633,40.63999938964844,303933,0.0,0.0
2023-10-18 09:30:00-04:00,41.0,41.10499954223633,40.67499923706055,40.900001525878906,274055,0.0,0.0
2023-10-18 10:30:00-04:00,40.90999984741211,41.040000915527344,40.459999084472656,40.584999084472656,183097,0.0,0.0
2023-10-18 11:30:00-04:00,40.59000015258789,40.66999816894531,40.36000061035156,40.404998779296875,121174,0.0,0.0
2023-10-18 12:30:00-04:00,40.40999984741211,40.915000915527344,40.40999984741211,40.810001373291016,107551,0.0,0.0
2023-10-18 13:30:00-04:00,40.81999969482422,40.84000015258789,40.61000061035156,40.720001220703125,111561,0.0,0.0
2023-10-18 14:30:00-04:00,40.72999954223633,40.786800384521484,40.4900016784668,40.619998931884766,98318,0.0,0.0
2023-10-18 15:30:00-04:00,40.630001068115234,40.779998779296875,40.59000015258789,40.7400016784668,179071,0.0,0.0
2023-10-19 09:30:00-04:00,40.20000076293945,40.560001373291016,39.79999923706055,40.54999923706055,205506,0.0,0.0
2023-10-19 10:30:00-04:00,40.54999923706055,40.93000030517578,40.349998474121094,40.84000015258789,103448,0.0,0.0
2023-10-19 11:30:00-04:00,40.84000015258789,40.90999984741211,40.61000061035156,40.779998779296875,189460,0.0,0.0
2023-10-19 12:30:00-04:00,40.79999923706055,40.959999084472656,40.52000045776367,40.88999938964844,72327,0.0,0.0
2023-10-19 13:30:00-04:00,40.779998779296875,40.779998779296875,40.439998626708984,40.4900016784668,140221,0.0,0.0
2023-10-19 14:30:00-04:00,40.47999954223633,40.70000076293945,40.400001525878906,40.619998931884766,159406,0.0,0.0
2023-10-19 15:30:00-04:00,40.63999938964844,40.80500030517578,40.56999969482422,40.619998931884766,253514,0.0,0.0
2023-10-20 09:30:00-04:00,40.41999816894531,40.625,39.823001861572266,39.83000183105469,207056,0.0,0.0
2023-10-20 10:30:00-04:00,39.849998474121094,40.15999984741211,39.83000183105469,39.95000076293945,119195,0.0,0.0
2023-10-20 11:30:00-04:00,39.959999084472656,40.165000915527344,39.849998474121094,39.94499969482422,109703,0.0,0.0
2023-10-20 12:30:00-04:00,39.959999084472656,40.119998931884766,39.650001525878906,39.79499816894531,90379,0.0,0.0
2023-10-20 13:30:00-04:00,39.83000183105469,39.849998474121094,39.52000045776367,39.59000015258789,95020,0.0,0.0
2023-10-20 14:30:00-04:00,39.59000015258789,39.779998779296875,39.43000030517578,39.720001220703125,142210,0.0,0.0
2023-10-20 15:30:00-04:00,39.720001220703125,39.79499816894531,39.5099983215332,39.52000045776367,361395,0.0,0.0
2023-10-23 09:30:00-04:00,39.25,39.459999084472656,38.79999923706055,39.36000061035156,224377,0.0,0.0
2023-10-23 10:30:00-04:00,39.34000015258789,39.584999084472656,39.189998626708984,39.470001220703125,167265,0.0,0.0
2023-10-23 11:30:00-04:00,39.459999084472656,39.599998474121094,39.36000061035156,39.47999954223633,222030,0.0,0.0
2023-10-23 12:30:00-04:00,39.470001220703125,39.54999923706055,39.189998626708984,39.209999084472656,158621,0.0,0.0
2023-10-23 13:30:00-04:00,39.209999084472656,39.337501525878906,38.845001220703125,39.0099983215332,127537,0.0,0.0
2023-10-23 14:30:00-04:00,39.02000045776367,39.20000076293945,38.875,38.88999938964844,255626,0.0,0.0
2023-10-23 15:30:00-04:00,38.88999938964844,39.04499816894531,38.869998931884766,38.95000076293945,352265,0.0,0.0
2023-10-24 09:30:00-04:00,39.27000045776367,39.34000015258789,38.689998626708984,38.88999938964844,112640,0.0,0.0
2023-10-24 10:30:00-04:00,38.880001068115234,39.11000061035156,38.790000915527344,38.810001373291016,126456,0.0,0.0
2023-10-24 11:30:00-04:00,38.79999923706055,38.880001068115234,38.40999984741211,38.54999923706055,158024,0.0,0.0
2023-10-24 12:30:00-04:00,38.59000015258789,38.849998474121094,38.56999969482422,38.81999969482422,64235,0.0,0.0
2023-10-24 13:30:00-04:00,38.83000183105469,38.904998779296875,38.75,38.790000915527344,87201,0.0,0.0
2023-10-24 14:30:00-04:00,38.79999923706055,38.849998474121094,38.540000915527344,38.6349983215332,126523,0.0,0.0
2023-10-24 15:30:00-04:00,38.63999938964844,38.720001220703125,38.41999816894531,38.43000030517578,394970,0.0,0.0
2023-10-25 09:30:00-04:00,38.43000030517578,38.73500061035156,38.20000076293945,38.43000030517578,138352,0.0,0.0
2023-10-25 10:30:00-04:00,38.40999984741211,38.59000015258789,38.29999923706055,38.54999923706055,161589,0.0,0.0
2023-10-25 11:30:00-04:00,38.560001373291016,38.72999954223633,38.41999816894531,38.59000015258789,173545,0.0,0.0
2023-10-25 12:30:00-04:00,38.56999969482422,38.81999969482422,38.54999923706055,38.77000045776367,123675,0.0,0.0
2023-10-25 13:30:00-04:00,38.7599983215332,38.97999954223633,38.64250183105469,38.91999816894531,115340,0.0,0.0
2023-10-25 14:30:00-04:00,38.939998626708984,39.06999969482422,38.900001525878906,39.025001525878906,138756,0.0,0.0
2023-10-25 15:30:00-04:00,39.029998779296875,39.05500030517578,38.880001068115234,38.900001525878906,198449,0.0,0.0
2023-10-26 09:30:00-04:00,38.38999938964844,38.68000030517578,37.75,38.630001068115234,184933,0.0,0.0
2023-10-26 10:30:00-04:00,38.63999938964844,38.970001220703125,38.599998474121094,38.709999084472656,122656,0.0,0.0
2023-10-26 11:30:00-04:00,38.70000076293945,38.970001220703125,38.56999969482422,38.630001068115234,112766,0.0,0.0
2023-10-26 12:30:00-04:00,38.630001068115234,38.77000045776367,38.56999969482422,38.619998931884766,100356,0.0,0.0
2023-10-26 13:30:00-04:00,38.599998474121094,38.994998931884766,38.470001220703125,38.9900016784668,127134,0.0,0.0
2023-10-26 14:30:00-04:00,38.9900016784668,39.29999923706055,38.98500061035156,39.02000045776367,177190,0.0,0.0
2023-10-26 15:30:00-04:00,39.02000045776367,39.029998779296875,38.84000015258789,38.84000015258789,307820,0.0,0.0
2023-10-27 09:30:00-04:00,38.900001525878906,39.08000183105469,37.939998626708984,38.2599983215332,260054,0.0,0.0
2023-10-27 10:30:00-04:00,38.220001220703125,38.46500015258789,38.0099983215332,38.279998779296875,118093,0.0,0.0
2023-10-27 11:30:00-04:00,38.27000045776367,38.58000183105469,38.119998931884766,38.15999984741211,132244,0.0,0.0
2023-10-27 12:30:00-04:00,38.150001525878906,38.345001220703125,38.029998779296875,38.16999816894531,194745,0.0,0.0
2023-10-27 13:30:00-04:00,38.15999984741211,38.560001373291016,38.09000015258789,38.52000045776367,254049,0.0,0.0
2023-10-27 14:30:00-04:00,38.52000045776367,38.61000061035156,38.150001525878906,38.38999938964844,161165,0.0,0.0
2023-10-27 15:30:00-04:00,38.40999984741211,38.43000030517578,38.279998779296875,38.380001068115234,262645,0.0,0.0
2023-10-30 09:30:00-04:00,38.279998779296875,38.630001068115234,37.720001220703125,37.7599983215332,125317,0.0,0.0
2023-10-30 10:30:00-04:00,37.75,37.77000045776367,37.439998626708984,37.59000015258789,174628,0.0,0.0
2023-10-30 11:30:00-04:00,37.599998474121094,37.720699310302734,37.459999084472656,37.560001373291016,256843,0.0,0.0
2023-10-30 12:30:00-04:00,37.560001373291016,37.70000076293945,37.400001525878906,37.58000183105469,206594,0.0,0.0
2023-10-30 13:30:00-04:00,37.54999923706055,37.75,37.41999816894531,37.47999954223633,133694,0.0,0.0
2023-10-30 14:30:00-04:00,37.47999954223633,37.939998626708984,37.47999954223633,37.84000015258789,310039,0.0,0.0
2023-10-30 15:30:00-04:00,37.83000183105469,37.9900016784668,37.814998626708984,37.9900016784668,338816,0.0,0.0
2023-10-31 09:30:00-04:00,38.04999923706055,38.470001220703125,37.5099983215332,38.2400016784668,95819,0.0,0.0
2023-10-31 10:30:00-04:00,38.23500061035156,38.540000915527344,38.16999816894531,38.540000915527344,95644,0.0,0.0
2023-10-31 11:30:00-04:00,38.540000915527344,38.665000915527344,38.439998626708984,38.5,63149,0.0,0.0
2023-10-31 12:30:00-04:00,38.5099983215332,38.52000045776367,38.29999923706055,38.29999923706055,41492,0.0,0.0
2023-10-31 13:30:00-04:00,38.29999923706055,38.349998474121094,38.09000015258789,38.09000015258789,79272,0.0,0.0
2023-10-31 14:30:00-04:00,38.08000183105469,38.25,37.97999954223633,38.220001220703125,81423,0.0,0.0
2023-10-31 15:30:00-04:00,38.22999954223633,38.40999984741211,38.16999816894531,38.29999923706055,152052,0.0,0.0
2023-11-01 09:30:00-04:00,38.4900016784668,38.540000915527344,37.9275016784668,38.362998962402344,64929,0.0,0.0
2023-11-01 10:30:00-04:00,38.36000061035156,38.70000076293945,38.36000061035156,38.47999954223633,69314,0.0,0.0
2023-11-01 11:30:00-04:00,38.47999954223633,38.54999923706055,38.349998474121094,38.400001525878906,46528,0.0,0.0
2023-11-01 12:30:00-04:00,38.380001068115234,38.380001068115234,38.06010055541992,38.15999984741211,87388,0.0,0.0
2023-11-01 13:30:00-04:00,38.16999816894531,38.279998779296875,37.93000030517578,37.93000030517578,122718,0.0,0.0
2023-11-01 14:30:00-04:00,37.939998626708984,38.06209945678711,37.7400016784668,37.98500061035156,177414,0.0,0.0
2023-11-01 15:30:00-04:00,38.0,38.207698822021484,37.810001373291016,37.810001373291016,239994,0.0,0.0
2023-11-02 09:30:00-04:00,37.060001373291016,38.54999923706055,37.0099983215332,37.720001220703125,175941,0.0,0.0
2023-11-02 10:30:00-04:00,37.72999954223633,38.08000183105469,37.560001373291016,37.970001220703125,112975,0.0,0.0
2023-11-02 11:30:00-04:00,37.900001525878906,38.310001373291016,37.850101470947266,38.130001068115234,96366,0.0,0.0
2023-11-02 12:30:00-04:00,38.13999938964844,38.54999923706055,38.13999938964844,38.479400634765625,87535,0.0,0.0
2023-11-02 13:30:00-04:00,38.470001220703125,38.689998626708984,38.470001220703125,38.66999816894531,92738,0.0,0.0
2023-11-02 14:30:00-04:00,38.68000030517578,38.83000183105469,38.540000915527344,38.7400016784668,136500,0.0,0.0
2023-11-02 15:30:00-04:00,38.72999954223633,38.77000045776367,38.540000915527344,38.70000076293945,413651,0.0,0.0
2023-11-03 09:30:00-04:00,38.7599983215332,39.2599983215332,38.5,38.529998779296875,115061,0.0,0.0
2023-11-03 10:30:00-04:00,38.54999923706055,38.57569885253906,38.15999984741211,38.53960037231445,92191,0.0,0.0
2023-11-03 11:30:00-04:00,38.560001373291016,38.84000015258789,38.400001525878906,38.400001525878906,57454,0.0,0.0
2023-11-03 12:30:00-04:00,38.38999938964844,38.540000915527344,38.31999969482422,38.349998474121094,173579,0.0,0.0
2023-11-03 13:30:00-04:00,38.349998474121094,38.470001220703125,38.29999923706055,38.400001525878906,105715,0.0,0.0
2023-11-03 14:30:00-04:00,38.400001525878906,38.7599983215332,38.400001525878906,38.70500183105469,114014,0.0,0.0
2023-11-03 15:30:00-04:00,38.70500183105469,38.75,38.53499984741211,38.7400016784668,234660,0.0,0.0
2023-11-06 09:30:00-05:00,38.65999984741211,38.822200775146484,37.952999114990234,38.23500061035156,119687,0.0,0.0
2023-11-06 10:30:00-05:00,38.2400016784668,38.290000915527344,37.93000030517578,38.27000045776367,125609,0.0,0.0
2023-11-06 11:30:00-05:00,38.27000045776367,38.290000915527344,37.959999084472656,38.02000045776367,97497,0.0,0.0
2023-11-06 12:30:00-05:00,38.0099983215332,38.02000045776367,37.65999984741211,37.72999954223633,78311,0.0,0.0
2023-11-06 13:30:00-05:00,37.72999954223633,37.79999923706055,37.5,37.744998931884766,99690,0.0,0.0
2023-11-06 14:30:00-05:00,37.75,37.939998626708984,37.689998626708984,37.720001220703125,114286,0.0,0.0
2023-11-06 15:30:00-05:00,37.720001220703125,37.959999084472656,37.58000183105469,37.630001068115234,214538,0.0,0.0
2023-11-07 09:30:00-05:00,37.029998779296875,37.029998779296875,36.130001068115234,36.4900016784668,298560,0.0,0.0
2023-11-07 10:30:00-05:00,36.4900016784668,36.4900016784668,36.220001220703125,36.314998626708984,130400,0.0,0.0
2023-11-07 11:30:00-05:00,36.30500030517578,36.59000015258789,36.2599983215332,36.45000076293945,90733,0.0,0.0
2023-11-07 12:30:00-05:00,36.43000030517578,36.630001068115234,36.3921012878418,36.619998931884766,97485,0.0,0.0
2023-11-07 13:30:00-05:00,36.619998931884766,36.75,36.415000915527344,36.47999954223633,176995,0.0,0.0
2023-11-07 14:30:00-05:00,36.4900016784668,36.560001373291016,36.13999938964844,36.369998931884766,192894,0.0,0.0
2023-11-07 15:30:00-05:00,36.369998931884766,36.470001220703125,36.279998779296875,36.439998626708984,267689,0.0,0.0
2023-11-08 09:30:00-05:00,36.18000030517578,36.41999816894531,35.810001373291016,35.84000015258789,110782,0.0,0.0
2023-11-08 10:30:00-05:00,35.869998931884766,36.119998931884766,35.84000015258789,36.119998931884766,117690,0.0,0.0
2023-11-08 11:30:00-05:00,36.099998474121094,36.16999816894531,35.88999938964844,35.95000076293945,92854,0.0,0.0
2023-11-08 12:30:00-05:00,35.939998626708984,35.939998626708984,35.779998779296875,35.84000015258789,137297,0.0,0.0
2023-11-08 13:30:00-05:00,35.83000183105469,36.060001373291016,35.790000915527344,35.810001373291016,98906,0.0,0.0
2023-11-08 14:30:00-05:00,35.804500579833984,35.90999984741211,35.720001220703125,35.77000045776367,156800,0.0,0.0
2023-11-08 15:30:00-05:00,35.76499938964844,35.84000015258789,35.63999938964844,35.650001525878906,308259,0.0,0.0
2023-11-09 09:30:00-05:00,35.709999084472656,36.119998931884766,35.709999084472656,36.119998931884766,78735,0.0,0.0
2023-11-09 10:30:00-05:00,36.119998931884766,36.310001373291016,35.939998626708984,36.02000045776367,138369,0.0,0.0
2023-11-09 11:30:00-05:00,36.040000915527344,36.09000015258789,35.849998474121094,36.0099983215332,116452,0.0,0.0
2023-11-09 12:30:00-05:00,36.029998779296875,36.130001068115234,35.77000045776367,35.77000045776367,164617,0.0,0.0
2023-11-09 13:30:00-05:00,35.75,35.79999923706055,35.59000015258789,35.689998626708984,88573,0.0,0.0
2023-11-09 14:30:00-05:00,35.70000076293945,35.70000076293945,35.5099983215332,35.619998931884766,126781,0.0,0.0
2023-11-09 15:30:00-05:00,35.630001068115234,35.630001068115234,35.439998626708984,35.459999084472656,241959,0.0,0.0
2023-11-10 09:30:00-05:00,35.88999938964844,36.099998474121094,35.7400016784668,35.95000076293945,88507,0.0,0.0
2023-11-10 10:30:00-05:00,35.91999816894531,35.970001220703125,35.650001525878906,35.82500076293945,91837,0.0,0.0
2023-11-10 11:30:00-05:00,35.83000183105469,36.15999984741211,35.77000045776367,36.150001525878906,90709,0.0,0.0
2023-11-10 12:30:00-05:00,36.16999816894531,36.65999984741211,36.16999816894531,36.61000061035156,110794,0.0,0.0
2023-11-10 13:30:00-05:00,36.619998931884766,36.79999923706055,36.59000015258789,36.64500045776367,122896,0.0,0.0
2023-11-10 14:30:00-05:00,36.619998931884766,36.650001525878906,36.310001373291016,36.470001220703125,151958,0.0,0.0
2023-11-10 15:30:00-05:00,36.459999084472656,36.54999923706055,36.26499938964844,36.34000015258789,222176,0.0,0.0
2023-11-13 09:30:00-05:00,36.40999984741211,36.68989944458008,36.16999816894531,36.52000045776367,70037,0.0,0.0
2023-11-13 10:30:00-05:00,36.5099983215332,36.7599983215332,36.439998626708984,36.709999084472656,72949,0.0,0.0
2023-11-13 11:30:00-05:00,36.70000076293945,36.72999954223633,36.45000076293945,36.48500061035156,126332,0.0,0.0
2023-11-13 12:30:00-05:00,36.40999984741211,36.470001220703125,36.189998626708984,36.2400016784668,46607,0.0,0.0
2023-11-13 13:30:00-05:00,36.2599983215332,36.3754997253418,36.220001220703125,36.27000045776367,49823,0.0,0.0
2023-11-13 14:30:00-05:00,36.279998779296875,36.290000915527344,36.189998626708984,36.20690155029297,82191,0.0,0.0
2023-11-13 15:30:00-05:00,36.20500183105469,36.290000915527344,36.150001525878906,36.279998779296875,150388,0.0,0.0
2023-11-14 09:30:00-05:00,36.2599983215332,36.720001220703125,35.91999816894531,36.68000030517578,334192,0.0,0.0
2023-11-14 10:30:00-05:00,36.65999984741211,36.92499923706055,36.60499954223633,36.80500030517578,128052,0.0,0.0
2023-11-14 11:30:00-05:00,36.79999923706055,36.900001525878906,36.56999969482422,36.619998931884766,81657,0.0,0.0
2023-11-14 12:30:00-05:00,36.599998474121094,36.790000915527344,36.529998779296875,36.7599983215332,84078,0.0,0.0
2023-11-14 13:30:00-05:00,36.80500030517578,36.97999954223633,36.78300094604492,36.869998931884766,73211,0.0,0.0
2023-11-14 14:30:00-05:00,36.900001525878906,36.95000076293945,36.70000076293945,36.75,96823,0.0,0.0
2023-11-14 15:30:00-05:00,36.7400016784668,36.88999938964844,36.689998626708984,36.72999954223633,217219,0.0,0.0
2023-11-15 09:30:00-05:00,36.56999969482422,37.34000015258789,36.56999969482422,37.310001373291016,102710,0.0,0.0
2023-11-15 10:30:00-05:00,37.33000183105469,37.59000015258789,37.290000915527344,37.310001373291016,107984,0.0,0.0
2023-11-15 11:30:00-05:00,37.32099914550781,37.32099914550781,37.08000183105469,37.20000076293945,55442,0.0,0.0
2023-11-15 12:30:00-05:00,37.18000030517578,37.18000030517578,36.91999816894531,36.95000076293945,98733,0.0,0.0
2023-11-15 13:30:00-05:00,36.94499969482422,37.040000915527344,36.810001373291016,36.9900016784668,96895,0.0,0.0
2023-11-15 14:30:00-05:00,36.970001220703125,36.9900016784668,36.7599983215332,36.959999084472656,128095,0.0,0.0
2023-11-15 15:30:00-05:00,36.959999084472656,36.959999084472656,36.70000076293945,36.77000045776367,146924,0.0,0.0
2023-11-16 09:30:00-05:00,36.2400016784668,36.400001525878906,35.630001068115234,35.869998931884766,158775,0.0,0.0
2023-11-16 10:30:00-05:00,35.86000061035156,35.869998931884766,35.58000183105469,35.689998626708984,249058,0.0,0.0
2023-11-16 11:30:00-05:00,35.70000076293945,35.75,35.18000030517578,35.400001525878906,181129,0.0,0.0
2023-11-16 12:30:00-05:00,35.400001525878906,35.5099983215332,35.279998779296875,35.41999816894531,115234,0.0,0.0
2023-11-16 13:30:00-05:00,35.40999984741211,35.75,35.380001068115234,35.61000061035156,162562,0.0,0.0
2023-11-16 14:30:00-05:00,35.619998931884766,36.0099983215332,35.59000015258789,35.92499923706055,174267,0.0,0.0
2023-11-16 15:30:00-05:00,35.91999816894531,36.060001373291016,35.849998474121094,36.040000915527344,259085,0.0,0.0
2023-11-17 09:30:00-05:00,36.45000076293945,36.9900016784668,36.45000076293945,36.970001220703125,133877,0.0,0.0
2023-11-17 10:30:00-05:00,36.970001220703125,37.040000915527344,36.86000061035156,36.93000030517578,191390,0.0,0.0
2023-11-17 11:30:00-05:00,36.93000030517578,37.275001525878906,36.9109001159668,37.25,88531,0.0,0.0
2023-11-17 12:30:00-05:00,37.2599983215332,37.52000045776367,37.2599983215332,37.45000076293945,91753,0.0,0.0
2023-11-17 13:30:00-05:00,37.459999084472656,37.48099899291992,37.369998931884766,37.48099899291992,81269,0.0,0.0
2023-11-17 14:30:00-05:00,37.439998626708984,37.47999954223633,37.2599983215332,37.2599983215332,125809,0.0,0.0
2023-11-17 15:30:00-05:00,37.244998931884766,37.33000183105469,37.04999923706055,37.2599983215332,342464,0.0,0.0
2023-11-20 09:30:00-05:00,37.61000061035156,37.75,37.33000183105469,37.63999938964844,138533,0.0,0.0
2023-11-20 10:30:00-05:00,37.61000061035156,37.685001373291016,37.43000030517578,37.529998779296875,70557,0.0,0.0
2023-11-20 11:30:00-05:00,37.5099983215332,37.669898986816406,37.4900016784668,37.599998474121094,59874,0.0,0.0
2023-11-20 12:30:00-05:00,37.560001373291016,37.57099914550781,37.459999084472656,37.5099983215332,61377,0.0,0.0
2023-11-20 13:30:00-05:00,37.51300048828125,37.608299255371094,37.400001525878906,37.44219970703125,67393,0.0,0.0
2023-11-20 14:30:00-05:00,37.44499969482422,37.54999923706055,37.36000061035156,37.43000030517578,70858,0.0,0.0
2023-11-20 15:30:00-05:00,37.41999816894531,37.43000030517578,37.33000183105469,37.43000030517578,160969,0.0,0.0
2023-11-21 09:30:00-05:00,37.20000076293945,37.310001373291016,36.709999084472656,37.0,169008,0.0,0.0
2023-11-21 10:30:00-05:00,37.04999923706055,37.44900131225586,37.04999923706055,37.28499984741211,71634,0.0,0.0
2023-11-21 11:30:00-05:00,37.27000045776367,37.38999938964844,37.2400016784668,37.275001525878906,44910,0.0,0.0
2023-11-21 12:30:00-05:00,37.290000915527344,37.369998931884766,37.15999984741211,37.20500183105469,48447,0.0,0.0
2023-11-21 13:30:00-05:00,37.20000076293945,37.369998931884766,37.150001525878906,37.36000061035156,46060,0.0,0.0
2023-11-21 14:30:00-05:00,37.369998931884766,37.400001525878906,37.209999084472656,37.340999603271484,145522,0.0,0.0
2023-11-21 15:30:00-05:00,37.349998474121094,37.54499816894531,37.27000045776367,37.540000915527344,240606,0.0,0.0
2023-11-22 09:30:00-05:00,36.15999984741211,37.119998931884766,35.90999984741211,37.119998931884766,177106,0.0,0.0
2023-11-22 10:30:00-05:00,37.11000061035156,37.209999084472656,36.97999954223633,37.20000076293945,77796,0.0,0.0
2023-11-22 11:30:00-05:00,37.20000076293945,37.45000076293945,37.04999923706055,37.41999816894531,167555,0.0,0.0
2023-11-22 12:30:00-05:00,37.400001525878906,37.529998779296875,37.29999923706055,37.494998931884766,109191,0.0,0.0
2023-11-22 13:30:00-05:00,37.47999954223633,37.619998931884766,37.45000076293945,37.599998474121094,65172,0.0,0.0
2023-11-22 14:30:00-05:00,37.599998474121094,37.599998474121094,37.43000030517578,37.5,85874,0.0,0.0
2023-11-22 15:30:00-05:00,37.5099983215332,37.5099983215332,37.33100128173828,37.45000076293945,241921,0.0,0.0
2023-11-24 09:30:00-05:00,37.279998779296875,38.060001373291016,37.279998779296875,37.79499816894531,112295,0.0,0.0
2023-11-24 10:30:00-05:00,37.790000915527344,38.029998779296875,37.59000015258789,37.650001525878906,113457,0.0,0.0
2023-11-24 11:30:00-05:00,37.619998931884766,37.70500183105469,37.505001068115234,37.654998779296875,154886,0.0,0.0
2023-11-27 09:30:00-05:00,37.34000015258789,37.400001525878906,37.0,37.25,73246,0.0,0.0
2023-11-27 10:30:00-05:00,37.22999954223633,37.29999923706055,37.11000061035156,37.20000076293945,68335,0.0,0.0
2023-11-27 11:30:00-05:00,37.20000076293945,37.23899841308594,36.970001220703125,36.970001220703125,71420,0.0,0.0
2023-11-27 12:30:00-05:00,36.970001220703125,37.150001525878906,36.91999816894531,37.06999969482422,54724,0.0,0.0
2023-11-27 13:30:00-05:00,37.06999969482422,37.2400016784668,36.9900016784668,37.18000030517578,151493,0.0,0.0
2023-11-27 14:30:00-05:00,37.185001373291016,37.279998779296875,37.15999984741211,37.20000076293945,105077,0.0,0.0
2023-11-27 15:30:00-05:00,37.20000076293945,37.220001220703125,37.04999923706055,37.06999969482422,527256,0.0,0.0
2023-11-28 09:30:00-05:00,37.459999084472656,37.540000915527344,37.15999984741211,37.41999816894531,146584,0.0,0.0
2023-11-28 10:30:00-05:00,37.40999984741211,37.86000061035156,37.31999969482422,37.79999923706055,97185,0.0,0.0
2023-11-28 11:30:00-05:00,37.79999923706055,37.93000030517578,37.61000061035156,37.61000061035156,100745,0.0,0.0
2023-11-28 12:30:00-05:00,37.58000183105469,37.650001525878906,37.310001373291016,37.31999969482422,79484,0.0,0.0
2023-11-28 13:30:00-05:00,37.31999969482422,37.400001525878906,37.20000076293945,37.2400016784668,89000,0.0,0.0
2023-11-28 14:30:00-05:00,37.22999954223633,37.290000915527344,37.19499969482422,37.2400016784668,138099,0.0,0.0
2023-11-28 15:30:00-05:00,37.2400016784668,37.25,37.13999938964844,37.150001525878906,178884,0.0,0.0
2023-11-29 09:30:00-05:00,37.380001068115234,37.560001373291016,36.97999954223633,37.11000061035156,63294,0.0,0.0
2023-11-29 10:30:00-05:00,37.11000061035156,37.29999923706055,36.96500015258789,37.13999938964844,55994,0.0,0.0
2023-11-29 11:30:00-05:00,37.119998931884766,37.380001068115234,37.073001861572266,37.34000015258789,57303,0.0,0.0
2023-11-29 12:30:00-05:00,37.33000183105469,37.625,37.310001373291016,37.584999084472656,70207,0.0,0.0
2023-11-29 13:30:00-05:00,37.59000015258789,37.68000030517578,37.529998779296875,37.540000915527344,55450,0.0,0.0
2023-11-29 14:30:00-05:00,37.529998779296875,37.55500030517578,37.150001525878906,37.189998626708984,108697,0.0,0.0
2023-11-29 15:30:00-05:00,37.189998626708984,37.209999084472656,37.029998779296875,37.06999969482422,194726,0.0,0.0
2023-11-30 09:30:00-05:00,37.56999969482422,38.23500061035156,37.34000015258789,38.22999954223633,137023,0.0,0.0
2023-11-30 10:30:00-05:00,38.189998626708984,38.20000076293945,37.150001525878906,37.150001525878906,183228,0.0,0.0
2023-11-30 11:30:00-05:00,37.150001525878906,37.22999954223633,37.0099983215332,37.08000183105469,180037,0.0,0.0
2023-11-30 12:30:00-05:00,37.09000015258789,37.43000030517578,37.060001373291016,37.310001373291016,100028,0.0,0.0
2023-11-30 13:30:00-05:00,37.290000915527344,37.47999954223633,37.27000045776367,37.47999954223633,82612,0.0,0.0
2023-11-30 14:30:00-05:00,37.4900016784668,37.540000915527344,37.375,37.400001525878906,95943,0.0,0.0
2023-11-30 15:30:00-05:00,37.38999938964844,37.439998626708984,37.279998779296875,37.41999816894531,135253,0.0,0.0
2023-12-01 09:30:00-05:00,37.25,38.25,37.25,38.130001068115234,180777,0.0,0.0
2023-12-01 10:30:00-05:00,38.13999938964844,38.5,37.97999954223633,38.5,163950,0.0,0.0
2023-12-01 11:30:00-05:00,38.5,38.63999938964844,38.3203010559082,38.53499984741211,147147,0.0,0.0
2023-12-01 12:30:00-05:00,38.529998779296875,38.65999984741211,38.1702995300293,38.1702995300293,141030,0.0,0.0
2023-12-01 13:30:00-05:00,38.16999816894531,38.2400016784668,37.7599983215332,37.845001220703125,143576,0.0,0.0
2023-12-01 14:30:00-05:00,37.849998474121094,38.06999969482422,37.72999954223633,37.84000015258789,192818,0.0,0.0
2023-12-01 15:30:00-05:00,37.849998474121094,37.939998626708984,37.7599983215332,37.900001525878906,275804,0.0,0.0
2023-12-04 09:30:00-05:00,37.47999954223633,37.77000045776367,37.13999938964844,37.36000061035156,114825,0.0,0.0
2023-12-04 10:30:00-05:00,37.38999938964844,37.599998474121094,37.11000061035156,37.25,116561,0.0,0.0
2023-12-04 11:30:00-05:00,37.25,37.439998626708984,37.165000915527344,37.380001068115234,116425,0.0,0.0
2023-12-04 12:30:00-05:00,37.380001068115234,37.5,37.220001220703125,37.220001220703125,104686,0.0,0.0
2023-12-04 13:30:00-05:00,37.21200180053711,37.36000061035156,37.20000076293945,37.290000915527344,142119,0.0,0.0
2023-12-04 14:30:00-05:00,37.29999923706055,37.40999984741211,37.25,37.33000183105469,115593,0.0,0.0
2023-12-04 15:30:00-05:00,37.34000015258789,37.459999084472656,37.279998779296875,37.435001373291016,195768,0.0,0.0
2023-12-05 09:30:00-05:00,37.529998779296875,37.630001068115234,36.970001220703125,37.099998474121094,120264,0.0,0.0
2023-12-05 10:30:00-05:00,37.10499954223633,37.220001220703125,36.93000030517578,37.02000045776367,233744,0.0,0.0
2023-12-05 11:30:00-05:00,37.0099983215332,37.06999969482422,36.599998474121094,36.650001525878906,99885,0.0,0.0
2023-12-05 12:30:00-05:00,36.66999816894531,36.869998931884766,36.61000061035156,36.84000015258789,126000,0.0,0.0
2023-12-05 13:30:00-05:00,36.84000015258789,36.935001373291016,36.75,36.76499938964844,80687,0.0,0.0
2023-12-05 14:30:00-05:00,36.77000045776367,36.959999084472656,36.70000076293945,36.709999084472656,125960,0.0,0.0
2023-12-05 15:30:00-05:00,36.72999954223633,36.72999954223633,36.369998931884766,36.380001068115234,199062,0.0,0.0
2023-12-06 09:30:00-05:00,36.16999816894531,36.470001220703125,35.880001068115234,35.99449920654297,168441,0.0,0.0
2023-12-06 10:30:00-05:00,35.9900016784668,35.9900016784668,35.38999938964844,35.54999923706055,223266,0.0,0.0
2023-12-06 11:30:00-05:00,35.540000915527344,35.540000915527344,35.27000045776367,35.27000045776367,104322,0.0,0.0
2023-12-06 12:30:00-05:00,35.26499938964844,35.45000076293945,35.220001220703125,35.369998931884766,89341,0.0,0.0
2023-12-06 13:30:00-05:00,35.375,35.44499969482422,35.025001525878906,35.060001373291016,190913,0.0,0.0
2023-12-06 14:30:00-05:00,35.07500076293945,35.26100158691406,34.96500015258789,35.0099983215332,418971,0.0,0.0
2023-12-06 15:30:00-05:00,35.0,35.27000045776367,34.959999084472656,35.0,653082,0.0,0.0
2023-12-07 09:30:00-05:00,35.31999969482422,35.689998626708984,35.130001068115234,35.529998779296875,342525,0.0,0.0
2023-12-07 10:30:00-05:00,35.54999923706055,35.65999984741211,35.279998779296875,35.439998626708984,331725,0.0,0.0
2023-12-07 11:30:00-05:00,35.43000030517578,35.470001220703125,35.13999938964844,35.20500183105469,143429,0.0,0.0
2023-12-07 12:30:00-05:00,35.20000076293945,35.470001220703125,35.16999816894531,35.459999084472656,131591,0.0,0.0
2023-12-07 13:30:00-05:00,35.470001220703125,35.529998779296875,35.349998474121094,35.40999984741211,148938,0.0,0.0
2023-12-07 14:30:00-05:00,35.400001525878906,35.46500015258789,35.29999923706055,35.45500183105469,151549,0.0,0.0
2023-12-07 15:30:00-05:00,35.45000076293945,35.4900016784668,35.34000015258789,35.470001220703125,184380,0.0,0.0
2023-12-08 09:30:00-05:00,35.790000915527344,36.45000076293945,35.66999816894531,36.36000061035156,133438,0.0,0.0
2023-12-08 10:30:00-05:00,36.349998474121094,36.43000030517578,36.21500015258789,36.369998931884766,139521,0.0,0.0
2023-12-08 11:30:00-05:00,36.38999938964844,36.52000045776367,36.27399826049805,36.52000045776367,112667,0.0,0.0
2023-12-08 12:30:00-05:00,36.540000915527344,36.61000061035156,36.290000915527344,36.56999969482422,120693,0.0,0.0
2023-12-08 13:30:00-05:00,36.55500030517578,36.779998779296875,36.525001525878906,36.77000045776367,104192,0.0,0.0
2023-12-08 14:30:00-05:00,36.76499938964844,36.82500076293945,36.650001525878906,36.709999084472656,151940,0.0,0.0
2023-12-08 15:30:00-05:00,36.709999084472656,36.79999923706055,36.680999755859375,36.790000915527344,233043,0.0,0.0
2023-12-11 09:30:00-05:00,36.439998626708984,36.900001525878906,36.41999816894531,36.76499938964844,248280,0.0,0.0
2023-12-11 10:30:00-05:00,36.77000045776367,36.900001525878906,36.400001525878906,36.45199966430664,262949,0.0,0.0
2023-12-11 11:30:00-05:00,36.439998626708984,36.55500030517578,36.130001068115234,36.2400016784668,120453,0.0,0.0
2023-12-11 12:30:00-05:00,36.22999954223633,36.45000076293945,36.220001220703125,36.38999938964844,208944,0.0,0.0
2023-12-11 13:30:00-05:00,36.38999938964844,36.45000076293945,36.220001220703125,36.279998779296875,523270,0.0,0.0
2023-12-11 14:30:00-05:00,36.279998779296875,36.380001068115234,36.185001373291016,36.29100036621094,268150,0.0,0.0
2023-12-11 15:30:00-05:00,36.290000915527344,36.31999969482422,36.165000915527344,36.16999816894531,238654,0.0,0.0
2023-12-12 09:30:00-05:00,35.59000015258789,35.66999816894531,35.279998779296875,35.493099212646484,103736,0.0,0.0
2023-12-12 10:30:00-05:00,35.494998931884766,35.7400016784668,35.43000030517578,35.459999084472656,136735,0.0,0.0
2023-12-12 11:30:00-05:00,35.46500015258789,35.470001220703125,35.06999969482422,35.119998931884766,234921,0.0,0.0
2023-12-12 12:30:00-05:00,35.119998931884766,35.119998931884766,34.709999084472656,34.9900016784668,205934,0.0,0.0
2023-12-12 13:30:00-05:00,35.0099983215332,35.060001373291016,34.83000183105469,34.92100143432617,117595,0.0,0.0
2023-12-12 14:30:00-05:00,34.935001373291016,35.08000183105469,34.86000061035156,34.97999954223633,388984,0.0,0.0
2023-12-12 15:30:00-05:00,34.970001220703125,35.040000915527344,34.869998931884766,34.88999938964844,367415,0.0,0.0
2023-12-13 09:30:00-05:00,34.900001525878906,35.130001068115234,34.68000030517578,34.70000076293945,111520,0.0,0.0
2023-12-13 10:30:00-05:00,34.709999084472656,34.939998626708984,34.70000076293945,34.849998474121094,176990,0.0,0.0
2023-12-13 11:30:00-05:00,34.85499954223633,34.900001525878906,34.619998931884766,34.66999816894531,68782,0.0,0.0
2023-12-13 12:30:00-05:00,34.65999984741211,34.720001220703125,34.599998474121094,34.619998931884766,61229,0.0,0.0
2023-12-13 13:30:00-05:00,34.61000061035156,34.959999084472656,34.59000015258789,34.900001525878906,281573,0.0,0.0
2023-12-13 14:30:00-05:00,34.900001525878906,35.29999923706055,34.869998931884766,35.16999816894531,400453,0.0,0.0
2023-12-13 15:30:00-05:00,35.15999984741211,35.51499938964844,35.095001220703125,35.40999984741211,419920,0.0,0.0
2023-12-14 09:30:00-05:00,36.209999084472656,36.959999084472656,36.16999816894531,36.79999923706055,331064,0.0,0.0
2023-12-14 10:30:00-05:00,36.79999923706055,36.9900016784668,36.58000183105469,36.95000076293945,204857,0.0,0.0
2023-12-14 11:30:00-05:00,36.959999084472656,37.22999954223633,36.95000076293945,36.959999084472656,196705,0.0,0.0
2023-12-14 12:30:00-05:00,36.959999084472656,37.18000030517578,36.83000183105469,36.869998931884766,145056,0.0,0.0
2023-12-14 13:30:00-05:00,36.880001068115234,36.95500183105469,36.67499923706055,36.720001220703125,109899,0.0,0.0
2023-12-14 14:30:00-05:00,36.720001220703125,37.0,36.66999816894531,36.91999816894531,209767,0.0,0.0
2023-12-14 15:30:00-05:00,36.92100143432617,37.0099983215332,36.849998474121094,37.0,278106,0.0,0.0
2023-12-15 09:30:00-05:00,37.119998931884766,37.22999954223633,36.5,36.72999954223633,352111,0.0,0.0
2023-12-15 10:30:00-05:00,36.7400016784668,36.90999984741211,36.5099983215332,36.66999816894531,287150,0.0,0.0
2023-12-15 11:30:00-05:00,36.65999984741211,36.88999938964844,36.46500015258789,36.79999923706055,236089,0.0,0.0
2023-12-15 12:30:00-05:00,36.79999923706055,36.79999923706055,36.619998931884766,36.66999816894531,113501,0.0,0.0
2023-12-15 13:30:00-05:00,36.66999816894531,36.70000076293945,36.470001220703125,36.4900016784668,101519,0.0,0.0
2023-12-15 14:30:00-05:00,36.4900016784668,36.7599983215332,36.400001525878906,36.619998931884766,434653,0.0,0.0
2023-12-15 15:30:00-05:00,36.630001068115234,36.72999954223633,36.529998779296875,36.63999938964844,385461,0.0,0.0
2023-12-18 09:30:00-05:00,37.45000076293945,37.970001220703125,37.439998626708984,37.58000183105469,230854,0.0,0.0
2023-12-18 10:30:00-05:00,37.560001373291016,37.939998626708984,37.41999816894531,37.849998474121094,176384,0.0,0.0
2023-12-18 11:30:00-05:00,37.810001373291016,37.90999984741211,37.66999816894531,37.849998474121094,157383,0.0,0.0
2023-12-18 12:30:00-05:00,37.86000061035156,37.926998138427734,37.61000061035156,37.91999816894531,239634,0.0,0.0
2023-12-18 13:30:00-05:00,37.91999816894531,37.97999954223633,37.790000915527344,37.92499923706055,548985,0.0,0.0
2023-12-18 14:30:00-05:00,37.93000030517578,38.189998626708984,37.88999938964844,38.060001373291016,252152,0.0,0.0
2023-12-18 15:30:00-05:00,38.064998626708984,38.06999969482422,37.650001525878906,37.650001525878906,311729,0.0,0.0
2023-12-19 09:30:00-05:00,37.56999969482422,37.869998931884766,36.86000061035156,37.064998626708984,186081,0.0,0.0
2023-12-19 10:30:00-05:00,37.04999923706055,37.689998626708984,36.959999084472656,37.52000045776367,174698,0.0,0.0
2023-12-19 11:30:00-05:00,37.5,37.70000076293945,37.4900016784668,37.65999984741211,63386,0.0,0.0
2023-12-19 12:30:00-05:00,37.650001525878906,37.7400016784668,37.599998474121094,37.63999938964844,60635,0.0,0.0
2023-12-19 13:30:00-05:00,37.650001525878906,37.93000030517578,37.63999938964844,37.93000030517578,85911,0.0,0.0
2023-12-19 14:30:00-05:00,37.93000030517578,38.005001068115234,37.869998931884766,37.95000076293945,135566,0.0,0.0
2023-12-19 15:30:00-05:00,37.95899963378906,38.095001220703125,37.89500045776367,38.06999969482422,226031,0.0,0.0
2023-12-20 09:30:00-05:00,38.2599983215332,38.59000015258789,38.2599983215332,38.53200149536133,105781,0.0,0.0
2023-12-20 10:30:00-05:00,38.5,38.7400016784668,38.43000030517578,38.68000030517578,119785,0.0,0.0
2023-12-20 11:30:00-05:00,38.66999816894531,38.68000030517578,38.380001068115234,38.619998931884766,82099,0.0,0.0
2023-12-20 12:30:00-05:00,38.630001068115234,38.68000030517578,38.400001525878906,38.40999984741211,88092,0.0,0.0
2023-12-20 13:30:00-05:00,38.459999084472656,38.525001525878906,38.31999969482422,38.380001068115234,85695,0.0,0.0
2023-12-20 14:30:00-05:00,38.369998931884766,38.380001068115234,37.619998931884766,37.654998779296875,208332,0.0,0.0
2023-12-20 15:30:00-05:00,37.654998779296875,37.720001220703125,37.290000915527344,37.41999816894531,389724,0.0,0.0
2023-12-21 09:30:00-05:00,37.56999969482422,37.779998779296875,37.4900016784668,37.529998779296875,66046,0.0,0.0
2023-12-21 10:30:00-05:00,37.529998779296875,37.650001525878906,37.400001525878906,37.529998779296875,99495,0.0,0.0
2023-12-21 11:30:00-05:00,37.54999923706055,37.54999923706055,37.20000076293945,37.21500015258789,86887,0.0,0.0
2023-12-21 12:30:00-05:00,37.21500015258789,37.54999923706055,37.20000076293945,37.54999923706055,102460,0.0,0.0
2023-12-21 13:30:00-05:00,37.58000183105469,37.599998474121094,37.38999938964844,37.560001373291016,106506,0.0,0.0
2023-12-21 14:30:00-05:00,37.58000183105469,37.66999816894531,37.439998626708984,37.619998931884766,176770,0.0,0.0
2023-12-21 15:30:00-05:00,37.619998931884766,37.79999923706055,37.53499984741211,37.790000915527344,279881,0.0,0.0
2023-12-22 09:30:00-05:00,38.0099983215332,38.33000183105469,37.790000915527344,38.25,88460,0.0,0.0
2023-12-22 10:30:00-05:00,38.27000045776367,38.32699966430664,37.81999969482422,38.0,63200,0.0,0.0
2023-12-22 11:30:00-05:00,38.02000045776367,38.18000030517578,37.90999984741211,38.18000030517578,73152,0.0,0.0
2023-12-22 12:30:00-05:00,38.16999816894531,38.279998779296875,38.130001068115234,38.2400016784668,57610,0.0,0.0
2023-12-22 13:30:00-05:00,38.22999954223633,38.38999938964844,38.02000045776367,38.02000045776367,86756,0.0,0.0
2023-12-22 14:30:00-05:00,38.0099983215332,38.189998626708984,37.95000076293945,38.09000015258789,116556,0.0,0.0
2023-12-22 15:30:00-05:00,38.09000015258789,38.099998474121094,37.810001373291016,37.81999969482422,207330,0.0,0.0
2023-12-26 09:30:00-05:00,38.25,38.34000015258789,38.099998474121094,38.279998779296875,67184,0.0,0.0
2023-12-26 10:30:00-05:00,38.310001373291016,38.54999923706055,38.279998779296875,38.494998931884766,54891,0.0,0.0
2023-12-26 11:30:00-05:00,38.5099983215332,38.7400016784668,38.439998626708984,38.72999954223633,106241,0.0,0.0
2023-12-26 12:30:00-05:00,38.720001220703125,38.869998931884766,38.70000076293945,38.8650016784668,91599,0.0,0.0
2023-12-26 13:30:00-05:00,38.869998931884766,38.88999938964844,38.75,38.7599983215332,143564,0.0,0.0
2023-12-26 14:30:00-05:00,38.76499938964844,38.880001068115234,38.689998626708984,38.869998931884766,131231,0.0,0.0
2023-12-26 15:30:00-05:00,38.8650016784668,38.939998626708984,38.779998779296875,38.810001373291016,254434,0.0,0.0
2023-12-27 09:30:00-05:00,38.54999923706055,38.73889923095703,38.33000183105469,38.560001373291016,124710,0.0,0.0
2023-12-27 10:30:00-05:00,38.54999923706055,38.59000015258789,38.313201904296875,38.38999938964844,114511,0.0,0.0
2023-12-27 11:30:00-05:00,38.369998931884766,38.56999969482422,38.34000015258789,38.529998779296875,78640,0.0,0.0
2023-12-27 12:30:00-05:00,38.525001525878906,38.70249938964844,38.459999084472656,38.64699935913086,72733,0.0,0.0
2023-12-27 13:30:00-05:00,38.63999938964844,38.66999816894531,38.220001220703125,38.34000015258789,100084,0.0,0.0
2023-12-27 14:30:00-05:00,38.334999084472656,38.435001373291016,38.31999969482422,38.38999938964844,89698,0.0,0.0
2023-12-27 15:30:00-05:00,38.38999938964844,38.5,38.279998779296875,38.5,193041,0.0,0.0
2023-12-28 09:30:00-05:00,38.220001220703125,38.47999954223633,38.209999084472656,38.22999954223633,135298,0.0,0.0
2023-12-28 10:30:00-05:00,38.2400016784668,38.279998779296875,37.97999954223633,38.08000183105469,70518,0.0,0.0
2023-12-28 11:30:00-05:00,38.08000183105469,38.11000061035156,37.97999954223633,38.03499984741211,64808,0.0,0.0
2023-12-28 12:30:00-05:00,38.029998779296875,38.09000015258789,37.779998779296875,37.86000061035156,52928,0.0,0.0
2023-12-28 13:30:00-05:00,37.86000061035156,37.93000030517578,37.68989944458008,37.85499954223633,76179,0.0,0.0
2023-12-28 14:30:00-05:00,37.85499954223633,37.880001068115234,37.70000076293945,37.77000045776367,111748,0.0,0.0
2023-12-28 15:30:00-05:00,37.779998779296875,37.779998779296875,37.58000183105469,37.619998931884766,176445,0.0,0.0
2023-12-29 09:30:00-05:00,37.68000030517578,37.720001220703125,37.19499969482422,37.310001373291016,165836,0.0,0.0
2023-12-29 10:30:00-05:00,37.29800033569336,37.380001068115234,37.029998779296875,37.220001220703125,122787,0.0,0.0
2023-12-29 11:30:00-05:00,37.22999954223633,37.290000915527344,36.97999954223633,37.13999938964844,83317,0.0,0.0
2023-12-29 12:30:00-05:00,37.13999938964844,37.33000183105469,37.13999938964844,37.19499969482422,77794,0.0,0.0
2023-12-29 13:30:00-05:00,37.209999084472656,37.29499816894531,37.209999084472656,37.25,72375,0.0,0.0
2023-12-29 14:30:00-05:00,37.2400016784668,37.400001525878906,37.209999084472656,37.279998779296875,114663,0.0,0.0
2023-12-29 15:30:00-05:00,37.2599983215332,37.2599983215332,37.029998779296875,37.040000915527344,208671,0.0,0.0
2024-01-02 09:30:00-05:00,37.439998626708984,37.77000045776367,37.380001068115234,37.60459899902344,119938,0.0,0.0
2024-01-02 10:30:00-05:00,37.61000061035156,37.70000076293945,37.459999084472656,37.5,58178,0.0,0.0
2024-01-02 11:30:00-05:00,37.5,37.720001220703125,37.459999084472656,37.709999084472656,70471,0.0,0.0
2024-01-02 12:30:00-05:00,37.720001220703125,37.810001373291016,37.45000076293945,37.45000076293945,69451,0.0,0.0
2024-01-02 13:30:00-05:00,37.43000030517578,37.5,37.15999984741211,37.19499969482422,90892,0.0,0.0
2024-01-02 14:30:00-05:00,37.20000076293945,37.20000076293945,36.810001373291016,36.810001373291016,100287,0.0,0.0
2024-01-02 15:30:00-05:00,36.78499984741211,36.86000061035156,36.66999816894531,36.84000015258789,171878,0.0,0.0
2024-01-03 09:30:00-05:00,36.91999816894531,37.3849983215332,36.650001525878906,37.31999969482422,178999,0.0,0.0
2024-01-03 10:30:00-05:00,37.31999969482422,37.497398376464844,37.150001525878906,37.2599983215332,103197,0.0,0.0
2024-01-03 11:30:00-05:00,37.2400016784668,37.310001373291016,37.150001525878906,37.290000915527344,65091,0.0,0.0
2024-01-03 12:30:00-05:00,37.290000915527344,37.7400016784668,37.290000915527344,37.724998474121094,93995,0.0,0.0
2024-01-03 13:30:00-05:00,37.720001220703125,37.72999954223633,37.4900016784668,37.709999084472656,113058,0.0,0.0
2024-01-03 14:30:00-05:00,37.7599983215332,37.77000045776367,37.4900016784668,37.54999923706055,127432,0.0,0.0
2024-01-03 15:30:00-05:00,37.540000915527344,37.68000030517578,37.47999954223633,37.529998779296875,209364,0.0,0.0
2024-01-04 09:30:00-05:00,37.7400016784668,37.9900016784668,37.060001373291016,37.150001525878906,89366,0.0,0.0
2024-01-04 10:30:00-05:00,37.130001068115234,37.18600082397461,36.70000076293945,36.83000183105469,81564,0.0,0.0
2024-01-04 11:30:00-05:00,36.845001220703125,36.900001525878906,36.709999084472656,36.86000061035156,78681,0.0,0.0
2024-01-04 12:30:00-05:00,36.849998474121094,36.95000076293945,36.79999923706055,36.869998931884766,79497,0.0,0.0
2024-01-04 13:30:00-05:00,36.880001068115234,36.900001525878906,36.7400016784668,36.744998931884766,67637,0.0,0.0
2024-01-04 14:30:00-05:00,36.7400016784668,36.829898834228516,36.56999969482422,36.650001525878906,137241,0.0,0.0
2024-01-04 15:30:00-05:00,36.65999984741211,36.69499969482422,36.47999954223633,36.540000915527344,355012,0.0,0.0
2024-01-05 09:30:00-05:00,36.45000076293945,36.689998626708984,35.38999938964844,36.06999969482422,459465,0.0,0.0
2024-01-05 10:30:00-05:00,36.06999969482422,36.310001373291016,35.9900016784668,36.04999923706055,229893,0.0,0.0
2024-01-05 11:30:00-05:00,36.04999923706055,36.119998931884766,35.900001525878906,36.0,135549,0.0,0.0
2024-01-05 12:30:00-05:00,36.0,36.09000015258789,35.650001525878906,35.83000183105469,115936,0.0,0.0
2024-01-05 13:30:00-05:00,35.869998931884766,36.08000183105469,35.81999969482422,35.935001373291016,88996,0.0,0.0
2024-01-05 14:30:00-05:00,35.91999816894531,35.970001220703125,35.75,35.86000061035156,117711,0.0,0.0
2024-01-05 15:30:00-05:00,35.869998931884766,36.099998474121094,35.849998474121094,36.029998779296875,248233,0.0,0.0
2024-01-08 09:30:00-05:00,35.470001220703125,35.5,35.09000015258789,35.33000183105469,272597,0.0,0.0
2024-01-08 10:30:00-05:00,35.38999938964844,35.619998931884766,35.29999923706055,35.599998474121094,143225,0.0,0.0
2024-01-08 11:30:00-05:00,35.619998931884766,35.779998779296875,35.518001556396484,35.619998931884766,97129,0.0,0.0
2024-01-08 12:30:00-05:00,35.61000061035156,35.88999938964844,35.59000015258789,35.78499984741211,120938,0.0,0.0
2024-01-08 13:30:00-05:00,35.779998779296875,36.11000061035156,35.775001525878906,36.07500076293945,136813,0.0,0.0
2024-01-08 14:30:00-05:00,36.08000183105469,36.13999938964844,35.939998626708984,36.03499984741211,156800,0.0,0.0
2024-01-08 15:30:00-05:00,36.040000915527344,36.279998779296875,36.0099983215332,36.279998779296875,266517,0.0,0.0
2024-01-09 09:30:00-05:00,36.33000183105469,36.33000183105469,35.47999954223633,35.560001373291016,150495,0.0,0.0
2024-01-09 10:30:00-05:00,35.56999969482422,35.63999938964844,35.22999954223633,35.540000915527344,114580,0.0,0.0
2024-01-09 11:30:00-05:00,35.540000915527344,35.7599983215332,35.53499984741211,35.66999816894531,65233,0.0,0.0
2024-01-09 12:30:00-05:00,35.67499923706055,35.86000061035156,35.599998474121094,35.689998626708984,85551,0.0,0.0
2024-01-09 13:30:00-05:00,35.689998626708984,35.77000045776367,35.58000183105469,35.59000015258789,89936,0.0,0.0
2024-01-09 14:30:00-05:00,35.595001220703125,35.689998626708984,35.57500076293945,35.630001068115234,92956,0.0,0.0
2024-01-09 15:30:00-05:00,35.630001068115234,35.7599983215332,35.57500076293945,35.619998931884766,234654,0.0,0.0
2024-01-10 09:30:00-05:00,35.81999969482422,35.81999969482422,35.18000030517578,35.31999969482422,138103,0.0,0.0
2024-01-10 10:30:00-05:00,35.31999969482422,35.349998474121094,35.1150016784668,35.25,114533,0.0,0.0
2024-01-10 11:30:00-05:00,35.2599983215332,35.36000061035156,35.220001220703125,35.220001220703125,73777,0.0,0.0
2024-01-10 12:30:00-05:00,35.209999084472656,35.21500015258789,35.0099983215332,35.150001525878906,90154,0.0,0.0
2024-01-10 13:30:00-05:00,35.15999984741211,35.2599983215332,35.11000061035156,35.22999954223633,73810,0.0,0.0
2024-01-10 14:30:00-05:00,35.22999954223633,35.369998931884766,35.19499969482422,35.25,146878,0.0,0.0
2024-01-10 15:30:00-05:00,35.24300003051758,35.45000076293945,35.24300003051758,35.400001525878906,235493,0.0,0.0
2024-01-11 09:30:00-05:00,35.70000076293945,35.83000183105469,35.34000015258789,35.689998626708984,303403,0.0,0.0
2024-01-11 10:30:00-05:00,35.75,35.83000183105469,35.4900016784668,35.52000045776367,95678,0.0,0.0
2024-01-11 11:30:00-05:00,35.52000045776367,35.73500061035156,35.52000045776367,35.560001373291016,62835,0.0,0.0
2024-01-11 12:30:00-05:00,35.540000915527344,35.650001525878906,35.529998779296875,35.599998474121094,70966,0.0,0.0
2024-01-11 13:30:00-05:00,35.59000015258789,35.619998931884766,35.400001525878906,35.439998626708984,124367,0.0,0.0
2024-01-11 14:30:00-05:00,35.45000076293945,35.61000061035156,35.415000915527344,35.564998626708984,103206,0.0,0.0
2024-01-11 15:30:00-05:00,35.56999969482422,35.67499923706055,35.54499816894531,35.630001068115234,136106,0.0,0.0
2024-01-12 09:30:00-05:00,36.4900016784668,36.4900016784668,35.97999954223633,36.18000030517578,86223,0.0,0.0
2024-01-12 10:30:00-05:00,36.182498931884766,36.182498931884766,35.775001525878906,35.869998931884766,81928,0.0,0.0
2024-01-12 11:30:00-05:00,35.869998931884766,35.88999938964844,35.689998626708984,35.709999084472656,44536,0.0,0.0
2024-01-12 12:30:00-05:00,35.720001220703125,36.04999923706055,35.689998626708984,36.02000045776367,112239,0.0,0.0
2024-01-12 13:30:00-05:00,36.02000045776367,36.13999938964844,35.95500183105469,36.09000015258789,94256,0.0,0.0
2024-01-12 14:30:00-05:00,36.060001373291016,36.060001373291016,35.84000015258789,35.88100051879883,72781,0.0,0.0
2024-01-12 15:30:00-05:00,35.880001068115234,36.0099983215332,35.84000015258789,35.939998626708984,226217,0.0,0.0
2024-01-16 09:30:00-05:00,35.709999084472656,35.709999084472656,34.97999954223633,35.150001525878906,112615,0.0,0.0
2024-01-16 10:30:00-05:00,35.16999816894531,35.2400016784668,34.939998626708984,35.15999984741211,97097,0.0,0.0
2024-01-16 11:30:00-05:00,35.16999816894531,35.279998779296875,34.970001220703125,34.970001220703125,63149,0.0,0.0
2024-01-16 12:30:00-05:00,34.97999954223633,35.040000915527344,34.869998931884766,34.9900016784668,95350,0.0,0.0
2024-01-16 13:30:00-05:00,35.0099983215332,35.01499938964844,34.70000076293945,34.849998474121094,86900,0.0,0.0
2024-01-16 14:30:00-05:00,34.85499954223633,34.90999984741211,34.68000030517578,34.71500015258789,119540,0.0,0.0
2024-01-16 15:30:00-05:00,34.720001220703125,34.81999969482422,34.685001373291016,34.70000076293945,522280,0.0,0.0
2024-01-17 09:30:00-05:00,34.150001525878906,34.54499816894531,33.91999816894531,34.380001068115234,161880,0.0,0.0
2024-01-17 10:30:00-05:00,34.369998931884766,34.470001220703125,34.130001068115234,34.185001373291016,140375,0.0,0.0
2024-01-17 11:30:00-05:00,34.18000030517578,34.244998931884766,34.06999969482422,34.189998626708984,123483,0.0,0.0
2024-01-17 12:30:00-05:00,34.189998626708984,34.220001220703125,34.0,34.02000045776367,85635,0.0,0.0
2024-01-17 13:30:00-05:00,34.02750015258789,34.11000061035156,33.87009811401367,34.04999923706055,106399,0.0,0.0
2024-01-17 14:30:00-05:00,34.060001373291016,34.084999084472656,33.93000030517578,33.95840072631836,168035,0.0,0.0
2024-01-17 15:30:00-05:00,33.95000076293945,34.130001068115234,33.939998626708984,34.04999923706055,240912,0.0,0.0
2024-01-18 09:30:00-05:00,34.29999923706055,34.29999923706055,33.75,33.84000015258789,156154,0.0,0.0
2024-01-18 10:30:00-05:00,33.849998474121094,33.974998474121094,33.720001220703125,33.94499969482422,112462,0.0,0.0
2024-01-18 11:30:00-05:00,33.939998626708984,34.0099983215332,33.77000045776367,33.84000015258789,178727,0.0,0.0
2024-01-18 12:30:00-05:00,33.84000015258789,33.84000015258789,33.54999923706055,33.560001373291016,94608,0.0,0.0
2024-01-18 13:30:00-05:00,33.57500076293945,33.79999923706055,33.558998107910156,33.790000915527344,87400,0.0,0.0
2024-01-18 14:30:00-05:00,33.790000915527344,33.91999816894531,33.7400016784668,33.91999816894531,195647,0.0,0.0
2024-01-18 15:30:00-05:00,33.93000030517578,34.13999938964844,33.90999984741211,34.08000183105469,301976,0.0,0.0
2024-01-19 09:30:00-05:00,34.15999984741211,34.15999984741211,33.75,33.959999084472656,175123,0.0,0.0
2024-01-19 10:30:00-05:00,33.95000076293945,34.0099983215332,33.6349983215332,33.66999816894531,191853,0.0,0.0
2024-01-19 11:30:00-05:00,33.665000915527344,33.66999816894531,33.45000076293945,33.665000915527344,138860,0.0,0.0
2024-01-19 12:30:00-05:00,33.665000915527344,33.72999954223633,33.560001373291016,33.71500015258789,245624,0.0,0.0
2024-01-19 13:30:00-05:00,33.71500015258789,33.75,33.654998779296875,33.70500183105469,318117,0.0,0.0
2024-01-19 14:30:00-05:00,33.709999084472656,33.7400016784668,33.61000061035156,33.709999084472656,281779,0.0,0.0
2024-01-19 15:30:00-05:00,33.71900177001953,33.720001220703125,33.59000015258789,33.650001525878906,486435,0.0,0.0
2024-01-22 09:30:00-05:00,33.45000076293945,33.95000076293945,33.209999084472656,33.88999938964844,198955,0.0,0.0
2024-01-22 10:30:00-05:00,33.880001068115234,33.880001068115234,33.689998626708984,33.7599983215332,97747,0.0,0.0
2024-01-22 11:30:00-05:00,33.7599983215332,33.959999084472656,33.755001068115234,33.89500045776367,101285,0.0,0.0
2024-01-22 12:30:00-05:00,33.88999938964844,34.119998931884766,33.869998931884766,33.914798736572266,91459,0.0,0.0
2024-01-22 13:30:00-05:00,33.91999816894531,33.95000076293945,33.790000915527344,33.869998931884766,96763,0.0,0.0
2024-01-22 14:30:00-05:00,33.869998931884766,33.974998474121094,33.779998779296875,33.970001220703125,139049,0.0,0.0
2024-01-22 15:30:00-05:00,33.974998474121094,33.9900016784668,33.779998779296875,33.86000061035156,349849,0.0,0.0
2024-01-23 09:30:00-05:00,33.849998474121094,34.1349983215332,33.79999923706055,33.9900016784668,157897,0.0,0.0
2024-01-23 10:30:00-05:00,33.9900016784668,34.0,33.59000015258789,33.630001068115234,130171,0.0,0.0
2024-01-23 11:30:00-05:00,33.619998931884766,33.7400016784668,33.529998779296875,33.529998779296875,143709,0.0,0.0
2024-01-23 12:30:00-05:00,33.529998779296875,33.54999923706055,33.41999816894531,33.474998474121094,75871,0.0,0.0
2024-01-23 13:30:00-05:00,33.47999954223633,33.529998779296875,33.40999984741211,33.51499938964844,99100,0.0,0.0
2024-01-23 14:30:00-05:00,33.5099983215332,33.724998474121094,33.47999954223633,33.67499923706055,113948,0.0,0.0
2024-01-23 15:30:00-05:00,33.66999816894531,33.66999816894531,33.41999816894531,33.540000915527344,308721,0.0,0.0
2024-01-24 09:30:00-05:00,33.81999969482422,34.02000045776367,33.40650177001953,33.810001373291016,228822,0.0,0.0
2024-01-24 10:30:00-05:00,33.814998626708984,34.0099983215332,33.779998779296875,33.970001220703125,149910,0.0,0.0
2024-01-24 11:30:00-05:00,33.95000076293945,34.0099983215332,33.83000183105469,33.849998474121094,111749,0.0,0.0
2024-01-24 12:30:00-05:00,33.83000183105469,33.869998931884766,33.595001220703125,33.619998931884766,110273,0.0,0.0
2024-01-24 13:30:00-05:00,33.61000061035156,33.7599983215332,33.55500030517578,33.725399017333984,103547,0.0,0.0
2024-01-24 14:30:00-05:00,33.72999954223633,33.959999084472656,33.71500015258789,33.880001068115234,182554,0.0,0.0
2024-01-24 15:30:00-05:00,33.89500045776367,34.029998779296875,33.875,33.88999938964844,291137,0.0,0.0
2024-01-25 09:30:00-05:00,34.31999969482422,34.41999816894531,33.939998626708984,34.220001220703125,105879,0.0,0.0
2024-01-25 10:30:00-05:00,34.22999954223633,34.36000061035156,33.95000076293945,34.345001220703125,161925,0.0,0.0
2024-01-25 11:30:00-05:00,34.33000183105469,34.470001220703125,34.27000045776367,34.30500030517578,136537,0.0,0.0
2024-01-25 12:30:00-05:00,34.310001373291016,34.45000076293945,34.27000045776367,34.45000076293945,67005,0.0,0.0
2024-01-25 13:30:00-05:00,34.45000076293945,34.685001373291016,34.44020080566406,34.685001373291016,69378,0.0,0.0
2024-01-25 14:30:00-05:00,34.66999816894531,34.81999969482422,34.61000061035156,34.62200164794922,134210,0.0,0.0
2024-01-25 15:30:00-05:00,34.619998931884766,34.78499984741211,34.59000015258789,34.7599983215332,268727,0.0,0.0
2024-01-26 09:30:00-05:00,34.81999969482422,35.0,34.689998626708984,34.86000061035156,69809,0.0,0.0
2024-01-26 10:30:00-05:00,34.880001068115234,34.920101165771484,34.380001068115234,34.41999816894531,65034,0.0,0.0
2024-01-26 11:30:00-05:00,34.40999984741211,34.415000915527344,34.19499969482422,34.220001220703125,99949,0.0,0.0
2024-01-26 12:30:00-05:00,34.209999084472656,34.369998931884766,34.130001068115234,34.369998931884766,65049,0.0,0.0
2024-01-26 13:30:00-05:00,34.369998931884766,34.61000061035156,34.369998931884766,34.525001525878906,44233,0.0,0.0
2024-01-26 14:30:00-05:00,34.52000045776367,34.709999084472656,34.505001068115234,34.650001525878906,85151,0.0,0.0
2024-01-26 15:30:00-05:00,34.665000915527344,34.869998931884766,34.64500045776367,34.86000061035156,177275,0.0,0.0
2024-01-29 09:30:00-05:00,34.689998626708984,34.836299896240234,34.150001525878906,34.29999923706055,84434,0.0,0.0
2024-01-29 10:30:00-05:00,34.310001373291016,34.51599884033203,34.25699996948242,34.459999084472656,82201,0.0,0.0
2024-01-29 11:30:00-05:00,34.459999084472656,34.505001068115234,34.25,34.279998779296875,49931,0.0,0.0
2024-01-29 12:30:00-05:00,34.28990173339844,34.33000183105469,34.150001525878906,34.33000183105469,57059,0.0,0.0
2024-01-29 13:30:00-05:00,34.345001220703125,34.459999084472656,34.334999084472656,34.380001068115234,71369,0.0,0.0
2024-01-29 14:30:00-05:00,34.375,34.619998931884766,34.369998931884766,34.56999969482422,84875,0.0,0.0
2024-01-29 15:30:00-05:00,34.560001373291016,34.68000030517578,34.529998779296875,34.66999816894531,210350,0.0,0.0
2024-01-30 09:30:00-05:00,34.470001220703125,34.744998931884766,34.34000015258789,34.36000061035156,82160,0.0,0.0
2024-01-30 10:30:00-05:00,34.36000061035156,34.90999984741211,34.36000061035156,34.90999984741211,81192,0.0,0.0
2024-01-30 11:30:00-05:00,34.90999984741211,35.154998779296875,34.900001525878906,34.900001525878906,158858,0.0,0.0
2024-01-30 12:30:00-05:00,34.880001068115234,34.880001068115234,34.689998626708984,34.81999969482422,85826,0.0,0.0
2024-01-30 13:30:00-05:00,34.83000183105469,35.064998626708984,34.803199768066406,35.060001373291016,62180,0.0,0.0
2024-01-30 14:30:00-05:00,35.05500030517578,35.14500045776367,35.025001525878906,35.09000015258789,148030,0.0,0.0
2024-01-30 15:30:00-05:00,35.09000015258789,35.189998626708984,34.994998931884766,35.06999969482422,358216,0.0,0.0
2024-01-31 09:30:00-05:00,35.095001220703125,35.095001220703125,34.43000030517578,34.72999954223633,125960,0.0,0.0
2024-01-31 10:30:00-05:00,34.75,34.814998626708984,34.5,34.57500076293945,158762,0.0,0.0
2024-01-31 11:30:00-05:00,34.560001373291016,34.560001373291016,34.20500183105469,34.380001068115234,190555,0.0,0.0
2024-01-31 12:30:00-05:00,34.38999938964844,34.39500045776367,34.16999816894531,34.220001220703125,97337,0.0,0.0
2024-01-31 13:30:00-05:00,34.21500015258789,34.380001068115234,33.970001220703125,34.0099983215332,128206,0.0,0.0
2024-01-31 14:30:00-05:00,34.0,34.369998931884766,33.7400016784668,33.8849983215332,300927,0.0,0.0
2024-01-31 15:30:00-05:00,33.880001068115234,33.935001373291016,33.459999084472656,33.459999084472656,354728,0.0,0.0
2024-02-01 09:30:00-05:00,33.79999923706055,34.099998474121094,33.619998931884766,33.689998626708984,130774,0.0,0.0
2024-02-01 10:30:00-05:00,33.68989944458008,33.720001220703125,33.439998626708984,33.68000030517578,154137,0.0,0.0
2024-02-01 11:30:00-05:00,33.68000030517578,33.91999816894531,33.63999938964844,33.834999084472656,118078,0.0,0.0
2024-02-01 12:30:00-05:00,33.8380012512207,33.88999938964844,32.992000579833984,33.29999923706055,167213,0.0,0.0
2024-02-01 13:30:00-05:00,33.30500030517578,33.540000915527344,33.0,33.0,125355,0.0,0.0
2024-02-01 14:30:00-05:00,33.0099983215332,33.290000915527344,32.95000076293945,33.18000030517578,154238,0.0,0.0
2024-02-01 15:30:00-05:00,33.185001373291016,33.244998931884766,33.14500045776367,33.15999984741211,234511,0.0,0.0
2024-02-02 09:30:00-05:00,33.04999923706055,33.04999923706055,32.13999938964844,32.65999984741211,237353,0.0,0.0
2024-02-02 10:30:00-05:00,32.65999984741211,32.709999084472656,32.31999969482422,32.5,252631,0.0,0.0
2024-02-02 11:30:00-05:00,32.5,32.60499954223633,32.34000015258789,32.54999923706055,223268,0.0,0.0
2024-02-02 12:30:00-05:00,32.54999923706055,32.59000015258789,32.16999816894531,32.20000076293945,199760,0.0,0.0
2024-02-02 13:30:00-05:00,32.21500015258789,32.2599983215332,32.11000061035156,32.25,96579,0.0,0.0
2024-02-02 14:30:00-05:00,32.25,32.404998779296875,32.21500015258789,32.29499816894531,246499,0.0,0.0
2024-02-02 15:30:00-05:00,32.29999923706055,32.369998931884766,32.11000061035156,32.119998931884766,363180,0.0,0.0
2024-02-05 09:30:00-05:00,31.850000381469727,31.850000381469727,31.139999389648438,31.149999618530273,248057,0.0,0.0
2024-02-05 10:30:00-05:00,31.139999389648438,31.479999542236328,31.1299991607666,31.264999389648438,234034,0.0,0.0
2024-02-05 11:30:00-05:00,31.270000457763672,31.53499984741211,31.200000762939453,31.53499984741211,393068,0.0,0.0
2024-02-05 12:30:00-05:00,31.559999465942383,31.895000457763672,31.559999465942383,31.850000381469727,275446,0.0,0.0
2024-02-05 13:30:00-05:00,31.84000015258789,31.975000381469727,31.809999465942383,31.844999313354492,159241,0.0,0.0
2024-02-05 14:30:00-05:00,31.850000381469727,31.979999542236328,31.764999389648438,31.854999542236328,125095,0.0,0.0
2024-02-05 15:30:00-05:00,31.850000381469727,31.950000762939453,31.719999313354492,31.719999313354492,276904,0.0,0.0
2024-02-06 09:30:00-05:00,31.860000610351562,32.2599983215332,31.860000610351562,32.189998626708984,169280,0.0,0.0
2024-02-06 10:30:00-05:00,32.189998626708984,32.2599983215332,32.04999923706055,32.15999984741211,104668,0.0,0.0
2024-02-06 11:30:00-05:00,32.18000030517578,32.459999084472656,32.13999938964844,32.2599983215332,102875,0.0,0.0
2024-02-06 12:30:00-05:00,32.25,32.369998931884766,32.13999938964844,32.2307014465332,66465,0.0,0.0
2024-02-06 13:30:00-05:00,32.22999954223633,32.36000061035156,32.083099365234375,32.119998931884766,77689,0.0,0.0
2024-02-06 14:30:00-05:00,32.119998931884766,32.13999938964844,31.954999923706055,31.985000610351562,93793,0.0,0.0
2024-02-06 15:30:00-05:00,31.979999542236328,32.0,31.854000091552734,31.920000076293945,263670,0.0,0.0
2024-02-07 09:30:00-05:00,32.060001373291016,32.19900131225586,31.649999618530273,31.93000030517578,109202,0.0,0.0
2024-02-07 10:30:00-05:00,31.96500015258789,32.04999923706055,31.829999923706055,32.040000915527344,105945,0.0,0.0
2024-02-07 11:30:00-05:00,32.04999923706055,32.113399505615234,31.924999237060547,31.979999542236328,69907,0.0,0.0
2024-02-07 12:30:00-05:00,31.979999542236328,32.2400016784668,31.920000076293945,32.22999954223633,69845,0.0,0.0
2024-02-07 13:30:00-05:00,32.22999954223633,32.349998474121094,32.154998779296875,32.26499938964844,68344,0.0,0.0
2024-02-07 14:30:00-05:00,32.26499938964844,32.275001525878906,32.1349983215332,32.2400016784668,93588,0.0,0.0
2024-02-07 15:30:00-05:00,32.25,32.28499984741211,32.130001068115234,32.130001068115234,164545,0.0,0.0
2024-02-08 09:30:00-05:00,32.130001068115234,32.59000015258789,31.940000534057617,32.470001220703125,95386,0.0,0.0
2024-02-08 10:30:00-05:00,32.4900016784668,32.560001373291016,32.2599983215332,32.2599983215332,103534,0.0,0.0
2024-02-08 11:30:00-05:00,32.2599983215332,32.45000076293945,32.209999084472656,32.31999969482422,91538,0.0,0.0
2024-02-08 12:30:00-05:00,32.33000183105469,32.36000061035156,32.220001220703125,32.279998779296875,68278,0.0,0.0
2024-02-08 13:30:00-05:00,32.279998779296875,32.439998626708984,32.2599983215332,32.369300842285156,83605,0.0,0.0
2024-02-08 14:30:00-05:00,32.369998931884766,32.55500030517578,32.34000015258789,32.46500015258789,66711,0.0,0.0
2024-02-08 15:30:00-05:00,32.459999084472656,32.51499938964844,32.400001525878906,32.459999084472656,209586,0.0,0.0
2024-02-09 09:30:00-05:00,32.43000030517578,32.560001373291016,32.349998474121094,32.41999816894531,69528,0.0,0.0
2024-02-09 10:30:00-05:00,32.439998626708984,32.459999084472656,32.20000076293945,32.2400016784668,66497,0.0,0.0
2024-02-09 11:30:00-05:00,32.2400016784668,32.380001068115234,32.1349983215332,32.36000061035156,62606,0.0,0.0
2024-02-09 12:30:00-05:00,32.380001068115234,32.56999969482422,32.27000045776367,32.560001373291016,84922,0.0,0.0
2024-02-09 13:30:00-05:00,32.560001373291016,32.63999938964844,32.505001068115234,32.5099983215332,85501,0.0,0.0
2024-02-09 14:30:00-05:00,32.5099983215332,32.5099983215332,32.25,32.41999816894531,91370,0.0,0.0
2024-02-09 15:30:00-05:00,32.41999816894531,32.45000076293945,32.314998626708984,32.439998626708984,171366,0.0,0.0
2024-02-12 09:30:00-05:00,32.56999969482422,33.43050003051758,32.56999969482422,33.40599822998047,106007,0.0,0.0
2024-02-12 10:30:00-05:00,33.40999984741211,33.45000076293945,33.29999923706055,33.400001525878906,116265,0.0,0.0
2024-02-12 11:30:00-05:00,33.400001525878906,33.58000183105469,33.380001068115234,33.5161018371582,74820,0.0,0.0
2024-02-12 12:30:00-05:00,33.5,33.61000061035156,33.47999954223633,33.529998779296875,64416,0.0,0.0
2024-02-12 13:30:00-05:00,33.53499984741211,33.63999938964844,33.459999084472656,33.54999923706055,79620,0.0,0.0
2024-02-12 14:30:00-05:00,33.540000915527344,33.689998626708984,33.439998626708984,33.54999923706055,135462,0.0,0.0
2024-02-12 15:30:00-05:00,33.54999923706055,33.59000015258789,33.25,33.2599983215332,415050,0.0,0.0
2024-02-13 09:30:00-05:00,32.900001525878906,33.16910171508789,32.5,32.619998931884766,115423,0.0,0.0
2024-02-13 10:30:00-05:00,32.599998474121094,32.92499923706055,32.560001373291016,32.790000915527344,129463,0.0,0.0
2024-02-13 11:30:00-05:00,32.79999923706055,32.880001068115234,32.70000076293945,32.709999084472656,91785,0.0,0.0
2024-02-13 12:30:00-05:00,32.720001220703125,32.939998626708984,32.70000076293945,32.810001373291016,75999,0.0,0.0
2024-02-13 13:30:00-05:00,32.810001373291016,32.810001373291016,32.61000061035156,32.630001068115234,84294,0.0,0.0
2024-02-13 14:30:00-05:00,32.63999938964844,32.689998626708984,32.494998931884766,32.650001525878906,219083,0.0,0.0
2024-02-13 15:30:00-05:00,32.654998779296875,32.86000061035156,32.619998931884766,32.790000915527344,304488,0.0,0.0
2024-02-14 09:30:00-05:00,33.08000183105469,33.20000076293945,32.7400016784668,32.790000915527344,54067,0.0,0.0
2024-02-14 10:30:00-05:00,32.75,32.77000045776367,32.349998474121094,32.619998931884766,74908,0.0,0.0
2024-02-14 11:30:00-05:00,32.625,32.720001220703125,32.45000076293945,32.5,89970,0.0,0.0
2024-02-14 12:30:00-05:00,32.470001220703125,32.689998626708984,32.380001068115234,32.630001068115234,99200,0.0,0.0
2024-02-14 13:30:00-05:00,32.64500045776367,32.790000915527344,32.63999938964844,32.790000915527344,106272,0.0,0.0
2024-02-14 14:30:00-05:00,32.78499984741211,32.875,32.75,32.78499984741211,89513,0.0,0.0
2024-02-14 15:30:00-05:00,32.78499984741211,32.880001068115234,32.720001220703125,32.849998474121094,211321,0.0,0.0
2024-02-15 09:30:00-05:00,33.04999923706055,33.95000076293945,33.04999923706055,33.81999969482422,108338,0.0,0.0
2024-02-15 10:30:00-05:00,33.814998626708984,34.040000915527344,33.69499969482422,34.02000045776367,144152,0.0,0.0
2024-02-15 11:30:00-05:00,34.0,34.099998474121094,33.86000061035156,33.959999084472656,148796,0.0,0.0
2024-02-15 12:30:00-05:00,33.959999084472656,34.185001373291016,33.91999816894531,34.17499923706055,141071,0.0,0.0
2024-02-15 13:30:00-05:00,34.185001373291016,34.44499969482422,34.119998931884766,34.44499969482422,209859,0.0,0.0
2024-02-15 14:30:00-05:00,34.45000076293945,34.65999984741211,34.36000061035156,34.44499969482422,172357,0.0,0.0
2024-02-15 15:30:00-05:00,34.44499969482422,34.5,34.279998779296875,34.29999923706055,227029,0.0,0.0
2024-02-16 09:30:00-05:00,34.27000045776367,34.43000030517578,33.8849983215332,33.939998626708984,230761,0.0,0.0
2024-02-16 10:30:00-05:00,33.939998626708984,34.15999984741211,33.869998931884766,34.08000183105469,106290,0.0,0.0
2024-02-16 11:30:00-05:00,34.08000183105469,34.224998474121094,34.04499816894531,34.220001220703125,83476,0.0,0.0
2024-02-16 12:30:00-05:00,34.224998474121094,34.2599983215332,34.06290054321289,34.220001220703125,102192,0.0,0.0
2024-02-16 13:30:00-05:00,34.220001220703125,34.39500045776367,34.18000030517578,34.3849983215332,110945,0.0,0.0
2024-02-16 14:30:00-05:00,34.38949966430664,34.400001525878906,34.255001068115234,34.380001068115234,142060,0.0,0.0
2024-02-16 15:30:00-05:00,34.380001068115234,34.44499969482422,34.11000061035156,34.11000061035156,217158,0.0,0.0
2024-02-20 09:30:00-05:00,33.900001525878906,34.15999984741211,33.540000915527344,34.125,93214,0.0,0.0
2024-02-20 10:30:00-05:00,34.130001068115234,34.150001525878906,33.52299880981445,33.619998931884766,99268,0.0,0.0
2024-02-20 11:30:00-05:00,33.619998931884766,33.810001373291016,33.595001220703125,33.779998779296875,78298,0.0,0.0
2024-02-20 12:30:00-05:00,33.77000045776367,33.77000045776367,33.439998626708984,33.5099983215332,92336,0.0,0.0
2024-02-20 13:30:00-05:00,33.5099983215332,33.5099983215332,33.380001068115234,33.400001525878906,103629,0.0,0.0
2024-02-20 14:30:00-05:00,33.400001525878906,33.540000915527344,33.369998931884766,33.529998779296875,95025,0.0,0.0
2024-02-20 15:30:00-05:00,33.540000915527344,33.65999984741211,33.46500015258789,33.560001373291016,180985,0.0,0.0
2024-02-21 09:30:00-05:00,33.83000183105469,34.459999084472656,33.83000183105469,34.369998931884766,75896,0.0,0.0
2024-02-21 10:30:00-05:00,34.38999938964844,34.904998779296875,34.38999938964844,34.869998931884766,126420,0.0,0.0
2024-02-21 11:30:00-05:00,34.849998474121094,34.88999938964844,34.70000076293945,34.84000015258789,155894,0.0,0.0
2024-02-21 12:30:00-05:00,34.83000183105469,34.880001068115234,34.720001220703125,34.810001373291016,145447,0.0,0.0
2024-02-21 13:30:00-05:00,34.814998626708984,34.900001525878906,34.68000030517578,34.68000030517578,130093,0.0,0.0
2024-02-21 14:30:00-05:00,34.68000030517578,34.71500015258789,34.47999954223633,34.53499984741211,190367,0.0,0.0
2024-02-21 15:30:00-05:00,34.540000915527344,34.90999984741211,34.53499984741211,34.88999938964844,264382,0.0,0.0
2024-02-22 09:30:00-05:00,34.5099983215332,35.0099983215332,34.290000915527344,34.4900016784668,88703,0.0,0.0
2024-02-22 10:30:00-05:00,34.4900016784668,34.7599983215332,34.31999969482422,34.494998931884766,130824,0.0,0.0
2024-02-22 11:30:00-05:00,34.4900016784668,34.71039962768555,34.46500015258789,34.68000030517578,108552,0.0,0.0
2024-02-22 12:30:00-05:00,34.68000030517578,34.81999969482422,34.59000015258789,34.65999984741211,88197,0.0,0.0
2024-02-22 13:30:00-05:00,34.650001525878906,34.880001068115234,34.599998474121094,34.849998474121094,112119,0.0,0.0
2024-02-22 14:30:00-05:00,34.849998474121094,34.849998474121094,34.529998779296875,34.59000015258789,187444,0.0,0.0
2024-02-22 15:30:00-05:00,34.58000183105469,34.63999938964844,34.459999084472656,34.63999938964844,335583,0.0,0.0
2024-02-23 09:30:00-05:00,34.689998626708984,35.189998626708984,33.86000061035156,34.54999923706055,232833,0.0,0.0
2024-02-23 10:30:00-05:00,34.53499984741211,34.95000076293945,34.53499984741211,34.630001068115234,241873,0.0,0.0
2024-02-23 11:30:00-05:00,34.650001525878906,34.75,34.474998474121094,34.505001068115234,165521,0.0,0.0
2024-02-23 12:30:00-05:00,34.5099983215332,34.67499923706055,34.29999923706055,34.44499969482422,167480,0.0,0.0
2024-02-23 13:30:00-05:00,34.44499969482422,34.650001525878906,34.42499923706055,34.507999420166016,155407,0.0,0.0
2024-02-23 14:30:00-05:00,34.5,34.56999969482422,34.400001525878906,34.470001220703125,152073,0.0,0.0
2024-02-23 15:30:00-05:00,34.47999954223633,34.72999954223633,34.43000030517578,34.56999969482422,442379,0.0,0.0
2024-02-26 09:30:00-05:00,34.33000183105469,35.15999984741211,34.08000183105469,34.880001068115234,118686,0.0,0.0
2024-02-26 10:30:00-05:00,34.869998931884766,34.900001525878906,34.529998779296875,34.56999969482422,80130,0.0,0.0
2024-02-26 11:30:00-05:00,34.57979965209961,34.689998626708984,34.45000076293945,34.665000915527344,88116,0.0,0.0
2024-02-26 12:30:00-05:00,34.65999984741211,34.70500183105469,34.44499969482422,34.52000045776367,75212,0.0,0.0
2024-02-26 13:30:00-05:00,34.5,34.560001373291016,34.439998626708984,34.470001220703125,105113,0.0,0.0
2024-02-26 14:30:00-05:00,34.459999084472656,34.689998626708984,34.45000076293945,34.689998626708984,135476,0.0,0.0
2024-02-26 15:30:00-05:00,34.689998626708984,34.720001220703125,34.61000061035156,34.68000030517578,159801,0.0,0.0
2024-02-27 09:30:00-05:00,34.9900016784668,35.220001220703125,34.90999984741211,34.970001220703125,86761,0.0,0.0
2024-02-27 10:30:00-05:00,34.97999954223633,35.11000061035156,34.810001373291016,35.08000183105469,79643,0.0,0.0
2024-02-27 11:30:00-05:00,35.09000015258789,35.165000915527344,35.025001525878906,35.060001373291016,60604,0.0,0.0
2024-02-27 12:30:00-05:00,35.04999923706055,35.209999084472656,34.93000030517578,35.099998474121094,52020,0.0,0.0
2024-02-27 13:30:00-05:00,35.09000015258789,35.2599983215332,35.07500076293945,35.15999984741211,68730,0.0,0.0
2024-02-27 14:30:00-05:00,35.154998779296875,35.15999984741211,35.02000045776367,35.04499816894531,73364,0.0,0.0
2024-02-27 15:30:00-05:00,35.04499816894531,35.28499984741211,35.01499938964844,35.209999084472656,215519,0.0,0.0
2024-02-28 09:30:00-05:00,35.18000030517578,35.58000183105469,35.0099983215332,35.36000061035156,88763,0.0,0.0
2024-02-28 10:30:00-05:00,35.36000061035156,35.364498138427734,34.81999969482422,34.849998474121094,113744,0.0,0.0
2024-02-28 11:30:00-05:00,34.86000061035156,35.029998779296875,34.77000045776367,34.9900016784668,93205,0.0,0.0
2024-02-28 12:30:00-05:00,34.97999954223633,35.13999938964844,34.939998626708984,35.13999938964844,66414,0.0,0.0
2024-02-28 13:30:00-05:00,35.13999938964844,35.150001525878906,34.88999938964844,35.11000061035156,82473,0.0,0.0
2024-02-28 14:30:00-05:00,35.08000183105469,35.189998626708984,35.040000915527344,35.05500030517578,70987,0.0,0.0
2024-02-28 15:30:00-05:00,35.04999923706055,35.119998931884766,35.0,35.09000015258789,226908,0.0,0.0
2024-02-29 09:30:00-05:00,35.58000183105469,35.65999984741211,35.34000015258789,35.61000061035156,181262,0.0,0.0
2024-02-29 10:30:00-05:00,35.630001068115234,35.77000045776367,35.52000045776367,35.56999969482422,157902,0.0,0.0
2024-02-29 11:30:00-05:00,35.55500030517578,35.58000183105469,35.43000030517578,35.5099983215332,115817,0.0,0.0
2024-02-29 12:30:00-05:00,35.51499938964844,35.720001220703125,35.400001525878906,35.66999816894531,97317,0.0,0.0
2024-02-29 13:30:00-05:00,35.665000915527344,35.790000915527344,35.564998626708984,35.7400016784668,122614,0.0,0.0
2024-02-29 14:30:00-05:00,35.7400016784668,35.779998779296875,35.56999969482422,35.64500045776367,142970,0.0,0.0
2024-02-29 15:30:00-05:00,35.64500045776367,35.810001373291016,35.63999938964844,35.709999084472656,317296,0.0,0.0
2024-03-01 09:30:00-05:00,36.119998931884766,36.599700927734375,35.95000076293945,36.560001373291016,161841,0.0,0.0
2024-03-01 10:30:00-05:00,36.560001373291016,36.650001525878906,36.314998626708984,36.34000015258789,198320,0.0,0.0
2024-03-01 11:30:00-05:00,36.33300018310547,36.6349983215332,36.33000183105469,36.5,159468,0.0,0.0
2024-03-01 12:30:00-05:00,36.5,36.54999923706055,36.380001068115234,36.41999816894531,132164,0.0,0.0
2024-03-01 13:30:00-05:00,36.400001525878906,36.5099983215332,36.380001068115234,36.45500183105469,106592,0.0,0.0
2024-03-01 14:30:00-05:00,36.459999084472656,36.47999954223633,36.27000045776367,36.349998474121094,181775,0.0,0.0
2024-03-01 15:30:00-05:00,36.349998474121094,36.459999084472656,36.314998626708984,36.439998626708984,307316,0.0,0.0
2024-03-04 09:30:00-05:00,36.630001068115234,36.69499969482422,36.0,36.060001373291016,117705,0.0,0.0
2024-03-04 10:30:00-05:00,36.11000061035156,36.11000061035156,35.849998474121094,35.869998931884766,233867,0.0,0.0
2024-03-04 11:30:00-05:00,35.880001068115234,35.90999984741211,35.61000061035156,35.689998626708984,94795,0.0,0.0
2024-03-04 12:30:00-05:00,35.68000030517578,35.7401008605957,35.599998474121094,35.68000030517578,100763,0.0,0.0
2024-03-04 13:30:00-05:00,35.689998626708984,35.79999923706055,35.57500076293945,35.630001068115234,96049,0.0,0.0
2024-03-04 14:30:00-05:00,35.63999938964844,35.72999954223633,35.4900016784668,35.494998931884766,122790,0.0,0.0
2024-03-04 15:30:00-05:00,35.5,35.58000183105469,35.375,35.38999938964844,246412,0.0,0.0
2024-03-05 09:30:00-05:00,35.2400016784668,35.685001373291016,35.11000061035156,35.279998779296875,462975,0.0,0.0
2024-03-05 10:30:00-05:00,35.25,35.790000915527344,35.25,35.78499984741211,135799,0.0,0.0
2024-03-05 11:30:00-05:00,35.81700134277344,35.970001220703125,35.70000076293945,35.90999984741211,462300,0.0,0.0
2024-03-05 12:30:00-05:00,35.90999984741211,35.95500183105469,35.7599983215332,35.93000030517578,100118,0.0,0.0
2024-03-05 13:30:00-05:00,35.90999984741211,36.02000045776367,35.75,35.93000030517578,97436,0.0,0.0
2024-03-05 14:30:00-05:00,35.93000030517578,35.95000076293945,35.529998779296875,35.54999923706055,130230,0.0,0.0
2024-03-05 15:30:00-05:00,35.559898376464844,35.665000915527344,35.52000045776367,35.540000915527344,323065,0.0,0.0
2024-03-06 09:30:00-05:00,35.93000030517578,36.12990188598633,35.36000061035156,35.40999984741211,79866,0.0,0.0
2024-03-06 10:30:00-05:00,35.439998626708984,35.979400634765625,35.439998626708984,35.979400634765625,87744,0.0,0.0
2024-03-06 11:30:00-05:00,35.970001220703125,35.99800109863281,35.75,35.91999816894531,113643,0.0,0.0
2024-03-06 12:30:00-05:00,35.93000030517578,36.0099983215332,35.84000015258789,35.880001068115234,79798,0.0,0.0
2024-03-06 13:30:00-05:00,35.869998931884766,35.869998931884766,35.58140182495117,35.650001525878906,105552,0.0,0.0
2024-03-06 14:30:00-05:00,35.65999984741211,35.78499984741211,35.5099983215332,35.70500183105469,143812,0.0,0.0
2024-03-06 15:30:00-05:00,35.709999084472656,35.81999969482422,35.68659973144531,35.75,204424,0.0,0.0
2024-03-07 09:30:00-05:00,35.849998474121094,36.290000915527344,35.755001068115234,36.2400016784668,81937,0.0,0.0
2024-03-07 10:30:00-05:00,36.27000045776367,36.30500030517578,36.03499984741211,36.03499984741211,421883,0.0,0.0
2024-03-07 11:30:00-05:00,36.0,36.154998779296875,35.91999816894531,36.09000015258789,83823,0.0,0.0
2024-03-07 12:30:00-05:00,36.09000015258789,36.33000183105469,35.9900016784668,36.28900146484375,50937,0.0,0.0
2024-03-07 13:30:00-05:00,36.279998779296875,36.279998779296875,36.02000045776367,36.040000915527344,57233,0.0,0.0
2024-03-07 14:30:00-05:00,36.040000915527344,36.05500030517578,35.91999816894531,35.93000030517578,76325,0.0,0.0
2024-03-07 15:30:00-05:00,35.935001373291016,36.15999984741211,35.93000030517578,36.040000915527344,201081,0.0,0.0
2024-03-08 09:30:00-05:00,36.189998626708984,36.529998779296875,36.18000030517578,36.40999984741211,118474,0.0,0.0
2024-03-08 10:30:00-05:00,36.40999984741211,36.665000915527344,36.400001525878906,36.58000183105469,117607,0.0,0.0
2024-03-08 11:30:00-05:00,36.59000015258789,36.790000915527344,36.59000015258789,36.709999084472656,95279,0.0,0.0
2024-03-08 12:30:00-05:00,36.709999084472656,36.75,36.4900016784668,36.56999969482422,79966,0.0,0.0
2024-03-08 13:30:00-05:00,36.56999969482422,36.66999816894531,36.38999938964844,36.564998626708984,103221,0.0,0.0
2024-03-08 14:30:00-05:00,36.56999969482422,36.60499954223633,36.34000015258789,36.34000015258789,110086,0.0,0.0
2024-03-08 15:30:00-05:00,36.34000015258789,36.45000076293945,36.27000045776367,36.34000015258789,173082,0.0,0.0
2024-03-11 09:30:00-04:00,36.060001373291016,36.400001525878906,35.810001373291016,35.88999938964844,89790,0.0,0.0
2024-03-11 10:30:00-04:00,35.900001525878906,36.20000076293945,35.779998779296875,36.15999984741211,99600,0.0,0.0
2024-03-11 11:30:00-04:00,36.15999984741211,36.404998779296875,36.1349983215332,36.39500045776367,97259,0.0,0.0
2024-03-11 12:30:00-04:00,36.39500045776367,36.5,36.31999969482422,36.470001220703125,85517,0.0,0.0
2024-03-11 13:30:00-04:00,36.459999084472656,36.56999969482422,36.40999984741211,36.5,89559,0.0,0.0
2024-03-11 14:30:00-04:00,36.4900016784668,36.650001525878906,36.474998474121094,36.6150016784668,109604,0.0,0.0
2024-03-11 15:30:00-04:00,36.61000061035156,36.75,36.56999969482422,36.75,229110,0.0,0.0
2024-03-12 09:30:00-04:00,36.79999923706055,37.0099983215332,36.52000045776367,36.97999954223633,94497,0.0,0.0
2024-03-12 10:30:00-04:00,36.98500061035156,37.130001068115234,36.95500183105469,36.97999954223633,110249,0.0,0.0
2024-03-12 11:30:00-04:00,36.97999954223633,37.119998931884766,36.95500183105469,37.0099983215332,139572,0.0,0.0
2024-03-12 12:30:00-04:00,37.0099983215332,37.040000915527344,36.81999969482422,36.849998474121094,88906,0.0,0.0
2024-03-12 13:30:00-04:00,36.849998474121094,36.849998474121094,36.630001068115234,36.79999923706055,111218,0.0,0.0
2024-03-12 14:30:00-04:00,36.79999923706055,36.91999816894531,36.790000915527344,36.90999984741211,72408,0.0,0.0
2024-03-12 15:30:00-04:00,36.90999984741211,37.025001525878906,36.849998474121094,36.97999954223633,259333,0.0,0.0
2024-03-13 09:30:00-04:00,37.31999969482422,37.560001373291016,37.23500061035156,37.310001373291016,143650,0.0,0.0
2024-03-13 10:30:00-04:00,37.310001373291016,37.45000076293945,37.27000045776367,37.40999984741211,73458,0.0,0.0
2024-03-13 11:30:00-04:00,37.400001525878906,37.40999984741211,37.18000030517578,37.209999084472656,54101,0.0,0.0
2024-03-13 12:30:00-04:00,37.209999084472656,37.470001220703125,37.150001525878906,37.470001220703125,57055,0.0,0.0
2024-03-13 13:30:00-04:00,37.46500015258789,37.52980041503906,37.41999816894531,37.52000045776367,73181,0.0,0.0
2024-03-13 14:30:00-04:00,37.52000045776367,37.53499984741211,37.2599983215332,37.290000915527344,114073,0.0,0.0
2024-03-13 15:30:00-04:00,37.290000915527344,37.369998931884766,37.23500061035156,37.31999969482422,172330,0.0,0.0
2024-03-14 09:30:00-04:00,37.5099983215332,37.560001373291016,37.099998474121094,37.13999938964844,82678,0.0,0.0
2024-03-14 10:30:00-04:00,37.150001525878906,37.209999084472656,37.0,37.02009963989258,87724,0.0,0.0
2024-03-14 11:30:00-04:00,37.040000915527344,37.29999923706055,37.03499984741211,37.20000076293945,88602,0.0,0.0
2024-03-14 12:30:00-04:00,37.198699951171875,37.400001525878906,37.198699951171875,37.27199935913086,87170,0.0,0.0
2024-03-14 13:30:00-04:00,37.27000045776367,37.43000030517578,37.189998626708984,37.334999084472656,93300,0.0,0.0
2024-03-14 14:30:00-04:00,37.334999084472656,37.349998474121094,37.17499923706055,37.31999969482422,148279,0.0,0.0
2024-03-14 15:30:00-04:00,37.31999969482422,37.4900016784668,37.279998779296875,37.4900016784668,238650,0.0,0.0
2024-03-15 09:30:00-04:00,37.369998931884766,37.93000030517578,37.369998931884766,37.7400016784668,211168,0.0,0.0
2024-03-15 10:30:00-04:00,37.7599983215332,37.779998779296875,37.599998474121094,37.68000030517578,60124,0.0,0.0
2024-03-15 11:30:00-04:00,37.67789840698242,37.720001220703125,37.56999969482422,37.720001220703125,83367,0.0,0.0
2024-03-15 12:30:00-04:00,37.720001220703125,37.809898376464844,37.62799835205078,37.650001525878906,107680,0.0,0.0
2024-03-15 13:30:00-04:00,37.650001525878906,37.849998474121094,37.625,37.744998931884766,91008,0.0,0.0
2024-03-15 14:30:00-04:00,37.75,37.96500015258789,37.75,37.959999084472656,166337,0.0,0.0
2024-03-15 15:30:00-04:00,37.96500015258789,38.040000915527344,37.875,37.900001525878906,273274,0.0,0.0
2024-03-18 09:30:00-04:00,37.900001525878906,38.01499938964844,37.650001525878906,37.74399948120117,80829,0.0,0.0
2024-03-18 10:30:00-04:00,37.72999954223633,37.970001220703125,37.689998626708984,37.93000030517578,87656,0.0,0.0
2024-03-18 11:30:00-04:00,37.91999816894531,38.130001068115234,37.880001068115234,38.130001068115234,67376,0.0,0.0
2024-03-18 12:30:00-04:00,38.130001068115234,38.27000045776367,38.08000183105469,38.2599983215332,76846,0.0,0.0
2024-03-18 13:30:00-04:00,38.2599983215332,38.459999084472656,38.220001220703125,38.404998779296875,96818,0.0,0.0
2024-03-18 14:30:00-04:00,38.404998779296875,38.489898681640625,38.349998474121094,38.415000915527344,113711,0.0,0.0
2024-03-18 15:30:00-04:00,38.40999984741211,38.5,38.36000061035156,38.43000030517578,206530,0.0,0.0
2024-03-19 09:30:00-04:00,38.2400016784668,39.0099983215332,38.18000030517578,38.84000015258789,204744,0.0,0.0
2024-03-19 10:30:00-04:00,38.86000061035156,39.02000045776367,38.71500015258789,38.935001373291016,200912,0.0,0.0
2024-03-19 11:30:00-04:00,38.91999816894531,39.0099983215332,38.88999938964844,38.90999984741211,77265,0.0,0.0
2024-03-19 12:30:00-04:00,38.90999984741211,38.9900016784668,38.77000045776367,38.97999954223633,83231,0.0,0.0
2024-03-19 13:30:00-04:00,38.9900016784668,39.0099983215332,38.709999084472656,38.77000045776367,97417,0.0,0.0
2024-03-19 14:30:00-04:00,38.77000045776367,38.994998931884766,38.72999954223633,38.849998474121094,103787,0.0,0.0
2024-03-19 15:30:00-04:00,38.849998474121094,39.13999938964844,38.834999084472656,39.099998474121094,226130,0.0,0.0
2024-03-20 09:30:00-04:00,38.84000015258789,39.02000045776367,38.40999984741211,38.470001220703125,92078,0.0,0.0
2024-03-20 10:30:00-04:00,38.47999954223633,38.68000030517578,38.380001068115234,38.68000030517578,75125,0.0,0.0
2024-03-20 11:30:00-04:00,38.68000030517578,38.91999816894531,38.61000061035156,38.849998474121094,88384,0.0,0.0
2024-03-20 12:30:00-04:00,38.84000015258789,38.90999984741211,38.75,38.79999923706055,134488,0.0,0.0
2024-03-20 13:30:00-04:00,38.79999923706055,39.20000076293945,38.79999923706055,38.970001220703125,118558,0.0,0.0
2024-03-20 14:30:00-04:00,39.0099983215332,39.220001220703125,38.849998474121094,39.1349983215332,179549,0.0,0.0
2024-03-20 15:30:00-04:00,39.11000061035156,39.15999984741211,39.02000045776367,39.150001525878906,209902,0.0,0.0
2024-03-21 09:30:00-04:00,39.310001373291016,39.45000076293945,39.0,39.1421012878418,54582,0.0,0.0
2024-03-21 10:30:00-04:00,39.13999938964844,39.22999954223633,39.0099983215332,39.09000015258789,76193,0.0,0.0
2024-03-21 11:30:00-04:00,39.08000183105469,39.27000045776367,39.04999923706055,39.209999084472656,76202,0.0,0.0
2024-03-21 12:30:00-04:00,39.209999084472656,39.38999938964844,39.13999938964844,39.35499954223633,79582,0.0,0.0
2024-03-21 13:30:00-04:00,39.34000015258789,39.349998474121094,39.22999954223633,39.314998626708984,72982,0.0,0.0
2024-03-21 14:30:00-04:00,39.310001373291016,39.435001373291016,39.27000045776367,39.40999984741211,90604,0.0,0.0
2024-03-21 15:30:00-04:00,39.41999816894531,39.54999923706055,39.380001068115234,39.47999954223633,247517,0.0,0.0
2024-03-22 09:30:00-04:00,39.650001525878906,39.685001373291016,39.18000030517578,39.25,68594,0.0,0.0
2024-03-22 10:30:00-04:00,39.24399948120117,39.275001525878906,39.029998779296875,39.16999816894531,139131,0.0,0.0
2024-03-22 11:30:00-04:00,39.189998626708984,39.220001220703125,39.11000061035156,39.13999938964844,52614,0.0,0.0
2024-03-22 12:30:00-04:00,39.16999816894531,39.16999816894531,39.02000045776367,39.099998474121094,48900,0.0,0.0
2024-03-22 13:30:00-04:00,39.099998474121094,39.150001525878906,38.96500015258789,39.02000045776367,63351,0.0,0.0
2024-03-22 14:30:00-04:00,39.0099983215332,39.040000915527344,38.939998626708984,39.040000915527344,55605,0.0,0.0
2024-03-22 15:30:00-04:00,39.04499816894531,39.08000183105469,38.970001220703125,39.029998779296875,169845,0.0,0.0
2024-03-25 09:30:00-04:00,39.369998931884766,39.90999984741211,39.2599983215332,39.869998931884766,98964,0.0,0.0
2024-03-25 10:30:00-04:00,39.869998931884766,40.130001068115234,39.7599983215332,39.810001373291016,162358,0.0,0.0
2024-03-25 11:30:00-04:00,39.790000915527344,39.810001373291016,39.71500015258789,39.79999923706055,77299,0.0,0.0
2024-03-25 12:30:00-04:00,39.790000915527344,39.79999923706055,39.650001525878906,39.70000076293945,81233,0.0,0.0
2024-03-25 13:30:00-04:00,39.689998626708984,39.70920181274414,39.59000015258789,39.650001525878906,50991,0.0,0.0
2024-03-25 14:30:00-04:00,39.650001525878906,39.65999984741211,39.5,39.502498626708984,75068,0.0,0.0
2024-03-25 15:30:00-04:00,39.492000579833984,39.599998474121094,39.45000076293945,39.5,164547,0.0,0.0
2024-03-26 09:30:00-04:00,39.5,39.66999816894531,39.15999984741211,39.15999984741211,92109,0.0,0.0
2024-03-26 10:30:00-04:00,39.150001525878906,39.27000045776367,39.08000183105469,39.12070083618164,72712,0.0,0.0
2024-03-26 11:30:00-04:00,39.150001525878906,39.310001373291016,39.08000183105469,39.27000045776367,51570,0.0,0.0
2024-03-26 12:30:00-04:00,39.2599983215332,39.290000915527344,39.18000030517578,39.255001068115234,51609,0.0,0.0
2024-03-26 13:30:00-04:00,39.25,39.26499938964844,39.17900085449219,39.2599983215332,49691,0.0,0.0
2024-03-26 14:30:00-04:00,39.25,39.25,38.95500183105469,38.959999084472656,184011,0.0,0.0
2024-03-26 15:30:00-04:00,38.95500183105469,39.09000015258789,38.849998474121094,38.86000061035156,308739,0.0,0.0
2024-03-27 09:30:00-04:00,38.43000030517578,38.90999984741211,38.22439956665039,38.89849853515625,180411,0.0,0.0
2024-03-27 10:30:00-04:00,38.90999984741211,38.959999084472656,38.720001220703125,38.849998474121094,134040,0.0,0.0
2024-03-27 11:30:00-04:00,38.869998931884766,38.869998931884766,38.58000183105469,38.66999816894531,128395,0.0,0.0
2024-03-27 12:30:00-04:00,38.66999816894531,38.790000915527344,38.560001373291016,38.56999969482422,390910,0.0,0.0
2024-03-27 13:30:00-04:00,38.57590103149414,38.900001525878906,38.525001525878906,38.900001525878906,99349,0.0,0.0
2024-03-27 14:30:00-04:00,38.900001525878906,39.040000915527344,38.84000015258789,39.040000915527344,146400,0.0,0.0
2024-03-27 15:30:00-04:00,39.04999923706055,39.060001373291016,38.849998474121094,39.04999923706055,267280,0.0,0.0
2024-03-28 09:30:00-04:00,39.34000015258789,39.540000915527344,39.220001220703125,39.31999969482422,64339,0.0,0.0
2024-03-28 10:30:00-04:00,39.340301513671875,39.529998779296875,39.26499938964844,39.5099983215332,106836,0.0,0.0
2024-03-28 11:30:00-04:00,39.474998474121094,39.560001373291016,39.439998626708984,39.540000915527344,98108,0.0,0.0
2024-03-28 12:30:00-04:00,39.52000045776367,39.72999954223633,39.47999954223633,39.70500183105469,70812,0.0,0.0
2024-03-28 13:30:00-04:00,39.709999084472656,39.81999969482422,39.66999816894531,39.77000045776367,59121,0.0,0.0
2024-03-28 14:30:00-04:00,39.77000045776367,39.77000045776367,39.595001220703125,39.65999984741211,96046,0.0,0.0
2024-03-28 15:30:00-04:00,39.65999984741211,39.72999954223633,39.60499954223633,39.68000030517578,379416,0.0,0.0
2024-04-01 09:30:00-04:00,39.880001068115234,39.88999938964844,39.41999816894531,39.599998474121094,60037,0.0,0.0
2024-04-01 10:30:00-04:00,39.56999969482422,39.63999938964844,39.44990158081055,39.494998931884766,88335,0.0,0.0
2024-04-01 11:30:00-04:00,39.5,39.59000015258789,39.43000030517578,39.59000015258789,70613,0.0,0.0
2024-04-01 12:30:00-04:00,39.630001068115234,39.630001068115234,39.47999954223633,39.55500030517578,44893,0.0,0.0
2024-04-01 13:30:00-04:00,39.560001373291016,39.70000076293945,39.560001373291016,39.61000061035156,109440,0.0,0.0
2024-04-01 14:30:00-04:00,39.61000061035156,39.63999938964844,39.584999084472656,39.61000061035156,77769,0.0,0.0
2024-04-01 15:30:00-04:00,39.612701416015625,39.709999084472656,39.59000015258789,39.63999938964844,196916,0.0,0.0
2024-04-02 09:30:00-04:00,39.91999816894531,39.9900016784668,39.595001220703125,39.70000076293945,80289,0.0,0.0
2024-04-02 10:30:00-04:00,39.65999984741211,39.79999923706055,39.56999969482422,39.65999984741211,181912,0.0,0.0
2024-04-02 11:30:00-04:00,39.65999984741211,39.70500183105469,39.52000045776367,39.61000061035156,110169,0.0,0.0
2024-04-02 12:30:00-04:00,39.60499954223633,39.69499969482422,39.5099983215332,39.58000183105469,107969,0.0,0.0
2024-04-02 13:30:00-04:00,39.584999084472656,39.665000915527344,39.55500030517578,39.65999984741211,81536,0.0,0.0
2024-04-02 14:30:00-04:00,39.665000915527344,39.77000045776367,39.619998931884766,39.709999084472656,114064,0.0,0.0
2024-04-02 15:30:00-04:00,39.709999084472656,40.005001068115234,39.680999755859375,39.9900016784668,359861,0.0,0.0
2024-04-03 09:30:00-04:00,40.150001525878906,40.45000076293945,40.06999969482422,40.375,245800,0.0,0.0
2024-04-03 10:30:00-04:00,40.380001068115234,40.67499923706055,40.34000015258789,40.63999938964844,133901,0.0,0.0
2024-04-03 11:30:00-04:00,40.63999938964844,40.709999084472656,40.54999923706055,40.560001373291016,148808,0.0,0.0
2024-04-03 12:30:00-04:00,40.560001373291016,40.720001220703125,40.54679870605469,40.630001068115234,94941,0.0,0.0
2024-04-03 13:30:00-04:00,40.6349983215332,40.709999084472656,40.470001220703125,40.470001220703125,86145,0.0,0.0
2024-04-03 14:30:00-04:00,40.474998474121094,40.689998626708984,40.459999084472656,40.65999984741211,138018,0.0,0.0
2024-04-03 15:30:00-04:00,40.65999984741211,40.959999084472656,40.630001068115234,40.939998626708984,374743,0.0,0.0
2024-04-04 09:30:00-04:00,40.97999954223633,41.119998931884766,40.939998626708984,40.9900016784668,126468,0.0,0.0
2024-04-04 10:30:00-04:00,40.97999954223633,41.275001525878906,40.939998626708984,41.26789855957031,80695,0.0,0.0
2024-04-04 11:30:00-04:00,41.2599983215332,41.30500030517578,41.150001525878906,41.2599983215332,72426,0.0,0.0
2024-04-04 12:30:00-04:00,41.279998779296875,41.28499984741211,40.98500061035156,40.994998931884766,82654,0.0,0.0
2024-04-04 13:30:00-04:00,40.970001220703125,40.994998931884766,40.7599983215332,40.84000015258789,119023,0.0,0.0
2024-04-04 14:30:00-04:00,40.84000015258789,41.0099983215332,40.650001525878906,40.66999816894531,157493,0.0,0.0
2024-04-04 15:30:00-04:00,40.66999816894531,40.8650016784668,40.58000183105469,40.75,232491,0.0,0.0
2024-04-05 09:30:00-04:00,40.84000015258789,40.958900451660156,40.65999984741211,40.88999938964844,54161,0.0,0.0
2024-04-05 10:30:00-04:00,40.900001525878906,41.28499984741211,40.88999938964844,41.25,69016,0.0,0.0
2024-04-05 11:30:00-04:00,41.244998931884766,41.525001525878906,41.209999084472656,41.5,86575,0.0,0.0
2024-04-05 12:30:00-04:00,41.5099983215332,41.64500045776367,41.5,41.60499954223633,57251,0.0,0.0
2024-04-05 13:30:00-04:00,41.599998474121094,41.625,41.361000061035156,41.5099983215332,259597,0.0,0.0
2024-04-05 14:30:00-04:00,41.5099983215332,41.67499923706055,41.404998779296875,41.55500030517578,152389,0.0,0.0
2024-04-05 15:30:00-04:00,41.54999923706055,41.63999938964844,41.459999084472656,41.47999954223633,334432,0.0,0.0
2024-04-08 09:30:00-04:00,41.5099983215332,41.83000183105469,41.27000045776367,41.5099983215332,229188,0.0,0.0
2024-04-08 10:30:00-04:00,41.5099983215332,41.66999816894531,41.459999084472656,41.54999923706055,107985,0.0,0.0
2024-04-08 11:30:00-04:00,41.529998779296875,41.560001373291016,41.349998474121094,41.40999984741211,56437,0.0,0.0
2024-04-08 12:30:00-04:00,41.43000030517578,41.564998626708984,41.38999938964844,41.540000915527344,97945,0.0,0.0
2024-04-08 13:30:00-04:00,41.540000915527344,41.625,41.52000045776367,41.54999923706055,81010,0.0,0.0
2024-04-08 14:30:00-04:00,41.529998779296875,41.63999938964844,41.45000076293945,41.625,121818,0.0,0.0
2024-04-08 15:30:00-04:00,41.62419891357422,41.70000076293945,41.400001525878906,41.400001525878906,246100,0.0,0.0
2024-04-09 09:30:00-04:00,41.59000015258789,42.02000045776367,41.560001373291016,41.91999816894531,134400,0.0,0.0
2024-04-09 10:30:00-04:00,41.90999984741211,41.91999816894531,41.70429992675781,41.875,138475,0.0,0.0
2024-04-09 11:30:00-04:00,41.880001068115234,42.05500030517578,41.869998931884766,41.97999954223633,132694,0.0,0.0
2024-04-09 12:30:00-04:00,41.92219924926758,41.9900016784668,41.90999984741211,41.9900016784668,42795,0.0,0.0
2024-04-09 13:30:00-04:00,41.97999954223633,42.06999969482422,41.959999084472656,42.01499938964844,69927,0.0,0.0
2024-04-09 14:30:00-04:00,42.02000045776367,42.22999954223633,42.01499938964844,42.209999084472656,144250,0.0,0.0
2024-04-09 15:30:00-04:00,42.220001220703125,42.310001373291016,42.099998474121094,42.279998779296875,382814,0.0,0.0
2024-04-10 09:30:00-04:00,42.27000045776367,42.400001525878906,41.83000183105469,42.16999816894531,240032,0.0,0.0
2024-04-10 10:30:00-04:00,42.15999984741211,42.38999938964844,41.93000030517578,42.16999816894531,121577,0.0,0.0
2024-04-10 11:30:00-04:00,42.18000030517578,42.2599983215332,42.08000183105469,42.2400016784668,109587,0.0,0.0
2024-04-10 12:30:00-04:00,42.25,42.2599983215332,41.88999938964844,42.060001373291016,121630,0.0,0.0
2024-04-10 13:30:00-04:00,42.04999923706055,42.505001068115234,42.040000915527344,42.400001525878906,198662,0.0,0.0
2024-04-10 14:30:00-04:00,42.404998779296875,42.47999954223633,42.29499816894531,42.43000030517578,131841,0.0,0.0
2024-04-10 15:30:00-04:00,42.400001525878906,42.59000015258789,42.244998931884766,42.529998779296875,257628,0.0,0.0
2024-04-11 09:30:00-04:00,42.650001525878906,42.80690002441406,42.369998931884766,42.369998931884766,212883,0.0,0.0
2024-04-11 10:30:00-04:00,42.334999084472656,42.349998474121094,42.0,42.13999938964844,93150,0.0,0.0
2024-04-11 11:30:00-04:00,42.13999938964844,42.18000030517578,42.0099983215332,42.040000915527344,84200,0.0,0.0
2024-04-11 12:30:00-04:00,42.029998779296875,42.459999084472656,41.9900016784668,42.439998626708984,72338,0.0,0.0
2024-04-11 13:30:00-04:00,42.43000030517578,42.4900016784668,42.33000183105469,42.400001525878906,94830,0.0,0.0
2024-04-11 14:30:00-04:00,42.40999984741211,42.66999816894531,42.40999984741211,42.584999084472656,146154,0.0,0.0
2024-04-11 15:30:00-04:00,42.584999084472656,42.63999938964844,42.39500045776367,42.630001068115234,315233,0.0,0.0
2024-04-12 09:30:00-04:00,42.9900016784668,43.290000915527344,42.8650016784668,43.040000915527344,130454,0.0,0.0
2024-04-12 10:30:00-04:00,43.04999923706055,43.18000030517578,42.9900016784668,43.09000015258789,92169,0.0,0.0
2024-04-12 11:30:00-04:00,43.09000015258789,43.13999938964844,42.91999816894531,42.91999816894531,115170,0.0,0.0
2024-04-12 12:30:00-04:00,42.90999984741211,42.93000030517578,42.560001373291016,42.56999969482422,131578,0.0,0.0
2024-04-12 13:30:00-04:00,42.56100082397461,42.90999984741211,42.494998931884766,42.7400016784668,113643,0.0,0.0
2024-04-12 14:30:00-04:00,42.7400016784668,42.7400016784668,42.256500244140625,42.380001068115234,146573,0.0,0.0
2024-04-12 15:30:00-04:00,42.38999938964844,42.689998626708984,42.3650016784668,42.63999938964844,334431,0.0,0.0
2024-04-15 09:30:00-04:00,42.939998626708984,43.099998474121094,42.52000045776367,42.52000045776367,141180,0.0,0.0
2024-04-15 10:30:00-04:00,42.529998779296875,42.86000061035156,42.36000061035156,42.494998931884766,121313,0.0,0.0
2024-04-15 11:30:00-04:00,42.494998931884766,42.84000015258789,42.4900016784668,42.6349983215332,116704,0.0,0.0
2024-04-15 12:30:00-04:00,42.630001068115234,42.66999816894531,42.38999938964844,42.400001525878906,100774,0.0,0.0
2024-04-15 13:30:00-04:00,42.38800048828125,42.63999938964844,42.31999969482422,42.369998931884766,120903,0.0,0.0
2024-04-15 14:30:00-04:00,42.369998931884766,42.470699310302734,42.310001373291016,42.345001220703125,124884,0.0,0.0
2024-04-15 15:30:00-04:00,42.34000015258789,42.529998779296875,42.29499816894531,42.349998474121094,319742,0.0,0.0
2024-04-16 09:30:00-04:00,42.060001373291016,42.290000915527344,41.650001525878906,41.75,184187,0.0,0.0
2024-04-16 10:30:00-04:00,41.75,42.41999816894531,41.689998626708984,42.310001373291016,145212,0.0,0.0
2024-04-16 11:30:00-04:00,42.310001373291016,42.540000915527344,42.310001373291016,42.470001220703125,125216,0.0,0.0
2024-04-16 12:30:00-04:00,42.4900016784668,42.58000183105469,42.43000030517578,42.459999084472656,92839,0.0,0.0
2024-04-16 13:30:00-04:00,42.459999084472656,42.689998626708984,42.20000076293945,42.4900016784668,105378,0.0,0.0
2024-04-16 14:30:00-04:00,42.4900016784668,42.79999923706055,42.459999084472656,42.709999084472656,121573,0.0,0.0
2024-04-16 15:30:00-04:00,42.70000076293945,42.77000045776367,42.54499816894531,42.7599983215332,254750,0.0,0.0
2024-04-17 09:30:00-04:00,42.70000076293945,43.20000076293945,42.61009979248047,42.90290069580078,144659,0.0,0.0
2024-04-17 10:30:00-04:00,42.91999816894531,42.93000030517578,42.63999938964844,42.650001525878906,108474,0.0,0.0
2024-04-17 11:30:00-04:00,42.619998931884766,42.619998931884766,42.22999954223633,42.2400016784668,116962,0.0,0.0
2024-04-17 12:30:00-04:00,42.22999954223633,42.707000732421875,42.16999816894531,42.689998626708984,86157,0.0,0.0
2024-04-17 13:30:00-04:00,42.709999084472656,42.790000915527344,42.58000183105469,42.689998626708984,118071,0.0,0.0
2024-04-17 14:30:00-04:00,42.70000076293945,42.86000061035156,42.290000915527344,42.31999969482422,156794,0.0,0.0
2024-04-17 15:30:00-04:00,42.314998626708984,42.560001373291016,42.310001373291016,42.439998626708984,302137,0.0,0.0
2024-04-18 09:30:00-04:00,42.70000076293945,42.790000915527344,42.40999984741211,42.619998931884766,71703,0.0,0.0
2024-04-18 10:30:00-04:00,42.63999938964844,42.709999084472656,42.4900016784668,42.63999938964844,151430,0.0,0.0
2024-04-18 11:30:00-04:00,42.650001525878906,42.7400016784668,42.5,42.665000915527344,58271,0.0,0.0
2024-04-18 12:30:00-04:00,42.650001525878906,42.654998779296875,42.22999954223633,42.310001373291016,80300,0.0,0.0
2024-04-18 13:30:00-04:00,42.29999923706055,42.310001373291016,41.88970184326172,42.0,119124,0.0,0.0
2024-04-18 14:30:00-04:00,42.0,42.05500030517578,41.86000061035156,42.0099983215332,103628,0.0,0.0
2024-04-18 15:30:00-04:00,42.0099983215332,42.19900131225586,41.9900016784668,42.06999969482422,282633,0.0,0.0
2024-04-19 09:30:00-04:00,41.70000076293945,42.790000915527344,41.560001373291016,42.790000915527344,203605,0.0,0.0
2024-04-19 10:30:00-04:00,42.790000915527344,42.81999969482422,42.5,42.5,134011,0.0,0.0
2024-04-19 11:30:00-04:00,42.47999954223633,42.654998779296875,42.369998931884766,42.47999954223633,113875,0.0,0.0
2024-04-19 12:30:00-04:00,42.470298767089844,42.91999816894531,42.470298767089844,42.650001525878906,142605,0.0,0.0
2024-04-19 13:30:00-04:00,42.66999816894531,42.79499816894531,42.400001525878906,42.45000076293945,132375,0.0,0.0
2024-04-19 14:30:00-04:00,42.43000030517578,42.47999954223633,42.29999923706055,42.310001373291016,137345,0.0,0.0
2024-04-19 15:30:00-04:00,42.30500030517578,42.5099983215332,42.2599983215332,42.5099983215332,278696,0.0,0.0
2024-04-22 09:30:00-04:00,42.47999954223633,42.595001220703125,41.970001220703125,42.540000915527344,118708,0.0,0.0
2024-04-22 10:30:00-04:00,42.54999923706055,42.720001220703125,42.404998779296875,42.52000045776367,186600,0.0,0.0
2024-04-22 11:30:00-04:00,42.52000045776367,42.7400016784668,42.5,42.66999816894531,60171,0.0,0.0
2024-04-22 12:30:00-04:00,42.66999816894531,42.900001525878906,42.619998931884766,42.880001068115234,65136,0.0,0.0
2024-04-22 13:30:00-04:00,42.900001525878906,43.04999923706055,42.80500030517578,43.048301696777344,87822,0.0,0.0
2024-04-22 14:30:00-04:00,43.04999923706055,43.0525016784668,42.68000030517578,42.75,118782,0.0,0.0
2024-04-22 15:30:00-04:00,42.7400016784668,42.75,42.56999969482422,42.66999816894531,261250,0.0,0.0
2024-04-23 09:30:00-04:00,42.540000915527344,42.79999923706055,42.349998474121094,42.720001220703125,68136,0.0,0.0
2024-04-23 10:30:00-04:00,42.724998474121094,43.119998931884766,42.685001373291016,43.0099983215332,135726,0.0,0.0
2024-04-23 11:30:00-04:00,43.0099983215332,43.040000915527344,42.90999984741211,42.9900016784668,90717,0.0,0.0
2024-04-23 12:30:00-04:00,43.029998779296875,43.27000045776367,43.0,43.27000045776367,93451,0.0,0.0
2024-04-23 13:30:00-04:00,43.2599983215332,43.36000061035156,43.209999084472656,43.2400016784668,106927,0.0,0.0
2024-04-23 14:30:00-04:00,43.23500061035156,43.2599983215332,43.029998779296875,43.060001373291016,135987,0.0,0.0
2024-04-23 15:30:00-04:00,43.07500076293945,43.119998931884766,43.0,43.119998931884766,239408,0.0,0.0
2024-04-24 09:30:00-04:00,43.13999938964844,43.189998626708984,42.744998931884766,43.060001373291016,110299,0.0,0.0
2024-04-24 10:30:00-04:00,43.04999923706055,43.150001525878906,42.630001068115234,42.790000915527344,151788,0.0,0.0
2024-04-24 11:30:00-04:00,42.779998779296875,42.82500076293945,42.63999938964844,42.7400016784668,116095,0.0,0.0
2024-04-24 12:30:00-04:00,42.720001220703125,42.810001373291016,42.65999984741211,42.72999954223633,84295,0.0,0.0
2024-04-24 13:30:00-04:00,42.720001220703125,42.900001525878906,42.720001220703125,42.77000045776367,86496,0.0,0.0
2024-04-24 14:30:00-04:00,42.779998779296875,42.91999816894531,42.7599983215332,42.869998931884766,125082,0.0,0.0
2024-04-24 15:30:00-04:00,42.880001068115234,43.099998474121094,42.869998931884766,42.959999084472656,247446,0.0,0.0
2024-04-25 09:30:00-04:00,42.86000061035156,43.189998626708984,42.40999984741211,42.81999969482422,120409,0.0,0.0
2024-04-25 10:30:00-04:00,42.82699966430664,42.900001525878906,42.68000030517578,42.869998931884766,62271,0.0,0.0
2024-04-25 11:30:00-04:00,42.88999938964844,43.119998931884766,42.880001068115234,43.040000915527344,85150,0.0,0.0
2024-04-25 12:30:00-04:00,43.04999923706055,43.150001525878906,43.029998779296875,43.04999923706055,49942,0.0,0.0
2024-04-25 13:30:00-04:00,43.040000915527344,43.279998779296875,43.040000915527344,43.04100036621094,91000,0.0,0.0
2024-04-25 14:30:00-04:00,43.02000045776367,43.279998779296875,43.005001068115234,43.22999954223633,96859,0.0,0.0
2024-04-25 15:30:00-04:00,43.220001220703125,43.255001068115234,43.02000045776367,43.06999969482422,281321,0.0,0.0
2024-04-26 09:30:00-04:00,43.18000030517578,43.18000030517578,42.79999923706055,42.81999969482422,130324,0.0,0.0
2024-04-26 10:30:00-04:00,42.84000015258789,42.86000061035156,42.70000076293945,42.849998474121094,111508,0.0,0.0
2024-04-26 11:30:00-04:00,42.84000015258789,43.11000061035156,42.84000015258789,43.060001373291016,53829,0.0,0.0
2024-04-26 12:30:00-04:00,43.06999969482422,43.119998931884766,43.029998779296875,43.040000915527344,51668,0.0,0.0
2024-04-26 13:30:00-04:00,43.060001373291016,43.22999954223633,43.04999923706055,43.15999984741211,60954,0.0,0.0
2024-04-26 14:30:00-04:00,43.150001525878906,43.220001220703125,43.095001220703125,43.13999938964844,122883,0.0,0.0
2024-04-26 15:30:00-04:00,43.13999938964844,43.29999923706055,43.099998474121094,43.27000045776367,256004,0.0,0.0
2024-04-29 09:30:00-04:00,43.099998474121094,43.470001220703125,43.099998474121094,43.36000061035156,90154,0.0,0.0
2024-04-29 10:30:00-04:00,43.369998931884766,43.369998931884766,43.150001525878906,43.275001525878906,106287,0.0,0.0
2024-04-29 11:30:00-04:00,43.26499938964844,43.439998626708984,43.2599983215332,43.38999938964844,124125,0.0,0.0
2024-04-29 12:30:00-04:00,43.400001525878906,43.5,43.33000183105469,43.46500015258789,102768,0.0,0.0
2024-04-29 13:30:00-04:00,43.470001220703125,43.56999969482422,43.41999816894531,43.560001373291016,141496,0.0,0.0
2024-04-29 14:30:00-04:00,43.560001373291016,43.625,43.369998931884766,43.505001068115234,205177,0.0,0.0
2024-04-29 15:30:00-04:00,43.5,43.56999969482422,43.459999084472656,43.540000915527344,330181,0.0,0.0
2024-04-30 09:30:00-04:00,43.689998626708984,43.75,41.880001068115234,42.029998779296875,308777,0.0,0.0
2024-04-30 10:30:00-04:00,42.029998779296875,42.209999084472656,41.65999984741211,42.04999923706055,223933,0.0,0.0
2024-04-30 11:30:00-04:00,42.084999084472656,42.09000015258789,41.650001525878906,41.65999984741211,208453,0.0,0.0
2024-04-30 12:30:00-04:00,41.65999984741211,41.65999984741211,41.31999969482422,41.33000183105469,225725,0.0,0.0
2024-04-30 13:30:00-04:00,41.33000183105469,41.4900016784668,41.2599983215332,41.279998779296875,224676,0.0,0.0
2024-04-30 14:30:00-04:00,41.27000045776367,41.400001525878906,40.84000015258789,40.96500015258789,312687,0.0,0.0
2024-04-30 15:30:00-04:00,40.959999084472656,41.06999969482422,40.720001220703125,40.79999923706055,638398,0.0,0.0
2024-05-01 09:30:00-04:00,40.9900016784668,41.7599983215332,40.470001220703125,40.59000015258789,176247,0.0,0.0
2024-05-01 10:30:00-04:00,40.58000183105469,40.58000183105469,39.900001525878906,40.0,234579,0.0,0.0
2024-05-01 11:30:00-04:00,39.9900016784668,40.084999084472656,39.650001525878906,39.79999923706055,169831,0.0,0.0
2024-05-01 12:30:00-04:00,39.790000915527344,39.82500076293945,39.650001525878906,39.689998626708984,172113,0.0,0.0
2024-05-01 13:30:00-04:00,39.70000076293945,39.75,39.45000076293945,39.650001525878906,192043,0.0,0.0
2024-05-01 14:30:00-04:00,39.64500045776367,39.9900016784668,39.43000030517578,39.66999816894531,325087,0.0,0.0
2024-05-01 15:30:00-04:00,39.66999816894531,39.790000915527344,39.4900016784668,39.68000030517578,468355,0.0,0.0
2024-05-02 09:30:00-04:00,40.130001068115234,40.459999084472656,39.80500030517578,40.150001525878906,132743,0.0,0.0
2024-05-02 10:30:00-04:00,40.119998931884766,40.22999954223633,39.91999816894531,39.95000076293945,96197,0.0,0.0
2024-05-02 11:30:00-04:00,39.939998626708984,39.970001220703125,39.689998626708984,39.900001525878906,84938,0.0,0.0
2024-05-02 12:30:00-04:00,39.91999816894531,40.15999984741211,39.79999923706055,40.15999984741211,61906,0.0,0.0
2024-05-02 13:30:00-04:00,40.13999938964844,40.150001525878906,39.95000076293945,40.11000061035156,75901,0.0,0.0
2024-05-02 14:30:00-04:00,40.11000061035156,40.2400016784668,40.06999969482422,40.09000015258789,109687,0.0,0.0
2024-05-02 15:30:00-04:00,40.06999969482422,40.06999969482422,39.880001068115234,39.97999954223633,211789,0.0,0.0
2024-05-03 09:30:00-04:00,39.939998626708984,40.29999923706055,39.7599983215332,39.81999969482422,142755,0.0,0.0
2024-05-03 10:30:00-04:00,39.83000183105469,39.97999954223633,39.60499954223633,39.970001220703125,133249,0.0,0.0
2024-05-03 11:30:00-04:00,39.97999954223633,40.130001068115234,39.959999084472656,40.11000061035156,86111,0.0,0.0
2024-05-03 12:30:00-04:00,40.119998931884766,40.179901123046875,40.060001373291016,40.09000015258789,39274,0.0,0.0
2024-05-03 13:30:00-04:00,40.08000183105469,40.08000183105469,40.02000045776367,40.040000915527344,51655,0.0,0.0
2024-05-03 14:30:00-04:00,40.040000915527344,40.150001525878906,39.970001220703125,40.130001068115234,116771,0.0,0.0
2024-05-03 15:30:00-04:00,40.119998931884766,40.29999923706055,40.04999923706055,40.2400016784668,225246,0.0,0.0
2024-05-06 09:30:00-04:00,40.5,40.880001068115234,40.31999969482422,40.880001068115234,99689,0.0,0.0
2024-05-06 10:30:00-04:00,40.880001068115234,41.02000045776367,40.7599983215332,40.775001525878906,128674,0.0,0.0
2024-05-06 11:30:00-04:00,40.775001525878906,40.97999954223633,40.720001220703125,40.959999084472656,90105,0.0,0.0
2024-05-06 12:30:00-04:00,40.95500183105469,40.95500183105469,40.560001373291016,40.689998626708984,115724,0.0,0.0
2024-05-06 13:30:00-04:00,40.68000030517578,40.75,40.54999923706055,40.744998931884766,142381,0.0,0.0
2024-05-06 14:30:00-04:00,40.75,40.84000015258789,40.70000076293945,40.724998474121094,148662,0.0,0.0
2024-05-06 15:30:00-04:00,40.720001220703125,40.72999954223633,40.54999923706055,40.59000015258789,224170,0.0,0.0
2024-05-07 09:30:00-04:00,40.56999969482422,40.95000076293945,40.51499938964844,40.92499923706055,79058,0.0,0.0
2024-05-07 10:30:00-04:00,40.91999816894531,41.08000183105469,40.90999984741211,41.025001525878906,86229,0.0,0.0
2024-05-07 11:30:00-04:00,41.02000045776367,41.22999954223633,41.0,41.209999084472656,52097,0.0,0.0
2024-05-07 12:30:00-04:00,41.209999084472656,41.279998779296875,41.13999938964844,41.20500183105469,47679,0.0,0.0
2024-05-07 13:30:00-04:00,41.20000076293945,41.209999084472656,40.95500183105469,40.95500183105469,62858,0.0,0.0
2024-05-07 14:30:00-04:00,40.959999084472656,40.970001220703125,40.70000076293945,40.79999923706055,98284,0.0,0.0
2024-05-07 15:30:00-04:00,40.80500030517578,40.900001525878906,40.63999938964844,40.72999954223633,226779,0.0,0.0
2024-05-08 09:30:00-04:00,40.33000183105469,40.72999954223633,40.2400016784668,40.54999923706055,61389,0.0,0.0
2024-05-08 10:30:00-04:00,40.56999969482422,40.86000061035156,40.56999969482422,40.84000015258789,52651,0.0,0.0
2024-05-08 11:30:00-04:00,40.84000015258789,40.8650016784668,40.53499984741211,40.560001373291016,50297,0.0,0.0
2024-05-08 12:30:00-04:00,40.560001373291016,40.61000061035156,40.4900016784668,40.494998931884766,38631,0.0,0.0
2024-05-08 13:30:00-04:00,40.4900016784668,40.59000015258789,40.470001220703125,40.529998779296875,42240,0.0,0.0
2024-05-08 14:30:00-04:00,40.540000915527344,40.69499969482422,40.532901763916016,40.66999816894531,144480,0.0,0.0
2024-05-08 15:30:00-04:00,40.66999816894531,40.66999816894531,40.38999938964844,40.400001525878906,145678,0.0,0.0
2024-05-09 09:30:00-04:00,40.59000015258789,40.939998626708984,40.20000076293945,40.81999969482422,95235,0.0,0.0
2024-05-09 10:30:00-04:00,40.81999969482422,40.880001068115234,40.560001373291016,40.56999969482422,100234,0.0,0.0
2024-05-09 11:30:00-04:00,40.56999969482422,40.599998474121094,40.41999816894531,40.45000076293945,109581,0.0,0.0
2024-05-09 12:30:00-04:00,40.45000076293945,40.47999954223633,40.369998931884766,40.415000915527344,64649,0.0,0.0
2024-05-09 13:30:00-04:00,40.400001525878906,40.41999816894531,40.22999954223633,40.310001373291016,58443,0.0,0.0
2024-05-09 14:30:00-04:00,40.31999969482422,40.720001220703125,40.279998779296875,40.630001068115234,175331,0.0,0.0
2024-05-09 15:30:00-04:00,40.630001068115234,40.8390007019043,40.630001068115234,40.77000045776367,223624,0.0,0.0
2024-05-10 09:30:00-04:00,40.959999084472656,40.9900016784668,40.220001220703125,40.27000045776367,68717,0.0,0.0
2024-05-10 10:30:00-04:00,40.2400016784668,40.290000915527344,40.040000915527344,40.099998474121094,72256,0.0,0.0
2024-05-10 11:30:00-04:00,40.099998474121094,40.099998474121094,39.689998626708984,39.77000045776367,122665,0.0,0.0
2024-05-10 12:30:00-04:00,39.775001525878906,39.880001068115234,39.70000076293945,39.880001068115234,77351,0.0,0.0
2024-05-10 13:30:00-04:00,39.8849983215332,40.0,39.849998474121094,39.93000030517578,92871,0.0,0.0
2024-05-10 14:30:00-04:00,39.91999816894531,40.01499938964844,39.880001068115234,39.979000091552734,113766,0.0,0.0
2024-05-10 15:30:00-04:00,39.970001220703125,39.970001220703125,39.720001220703125,39.72999954223633,427838,0.0,0.0
2024-05-13 09:30:00-04:00,39.959999084472656,40.08000183105469,39.375,39.505001068115234,160586,0.0,0.0
2024-05-13 10:30:00-04:00,39.494998931884766,39.61000061035156,39.40999984741211,39.47999954223633,157418,0.0,0.0
2024-05-13 11:30:00-04:00,39.54999923706055,39.82500076293945,39.529998779296875,39.720001220703125,117625,0.0,0.0
2024-05-13 12:30:00-04:00,39.720001220703125,39.72999954223633,39.5099983215332,39.709999084472656,71160,0.0,0.0
2024-05-13 13:30:00-04:00,39.720001220703125,39.720001220703125,39.54999923706055,39.654998779296875,73375,0.0,0.0
2024-05-13 14:30:00-04:00,39.65999984741211,39.779998779296875,39.650001525878906,39.709999084472656,108821,0.0,0.0
2024-05-13 15:30:00-04:00,39.71500015258789,39.72999954223633,39.54999923706055,39.619998931884766,231232,0.0,0.0
2024-05-14 09:30:00-04:00,39.599998474121094,39.845001220703125,39.53580093383789,39.560001373291016,77428,0.0,0.0
2024-05-14 10:30:00-04:00,39.52000045776367,39.95500183105469,39.459999084472656,39.93000030517578,52325,0.0,0.0
2024-05-14 11:30:00-04:00,39.959999084472656,40.01499938964844,39.7599983215332,39.779998779296875,57178,0.0,0.0
2024-05-14 12:30:00-04:00,39.790000915527344,40.0,39.790000915527344,39.9900016784668,41985,0.0,0.0
2024-05-14 13:30:00-04:00,39.9900016784668,40.02000045776367,39.86000061035156,39.90999984741211,51523,0.0,0.0
2024-05-14 14:30:00-04:00,39.90999984741211,40.029998779296875,39.81999969482422,40.02000045776367,93232,0.0,0.0
2024-05-14 15:30:00-04:00,40.0099983215332,40.20000076293945,39.91999816894531,40.130001068115234,207241,0.0,0.0
2024-05-15 09:30:00-04:00,39.97999954223633,40.13999938964844,39.21500015258789,39.459999084472656,93526,0.0,0.0
2024-05-15 10:30:00-04:00,39.47999954223633,40.029998779296875,39.47999954223633,39.970001220703125,75344,0.0,0.0
2024-05-15 11:30:00-04:00,39.970001220703125,40.0099983215332,39.86000061035156,39.95000076293945,70848,0.0,0.0
2024-05-15 12:30:00-04:00,39.95000076293945,40.095001220703125,39.91999816894531,40.095001220703125,117966,0.0,0.0
2024-05-15 13:30:00-04:00,40.060001373291016,40.060001373291016,39.900001525878906,39.974998474121094,84026,0.0,0.0
2024-05-15 14:30:00-04:00,39.97999954223633,40.029998779296875,39.88999938964844,39.95000076293945,92840,0.0,0.0
2024-05-15 15:30:00-04:00,39.970001220703125,40.25,39.959999084472656,40.25,268973,0.0,0.0
2024-05-16 09:30:00-04:00,40.150001525878906,40.150001525878906,39.75,39.849998474121094,49775,0.0,0.0
2024-05-16 10:30:00-04:00,39.869998931884766,40.10499954223633,39.869998931884766,40.029998779296875,37325,0.0,0.0
2024-05-16 11:30:00-04:00,40.040000915527344,40.060001373291016,39.919498443603516,40.0,36871,0.0,0.0
2024-05-16 12:30:00-04:00,39.98500061035156,39.9900016784668,39.790000915527344,39.88290023803711,43150,0.0,0.0
2024-05-16 13:30:00-04:00,39.88999938964844,39.900001525878906,39.66569900512695,39.7599983215332,52115,0.0,0.0
2024-05-16 14:30:00-04:00,39.7599983215332,39.97999954223633,39.7400016784668,39.93000030517578,73630,0.0,0.0
2024-05-16 15:30:00-04:00,39.91999816894531,39.935001373291016,39.709999084472656,39.75,171693,0.0,0.0
2024-05-17 09:30:00-04:00,40.029998779296875,40.029998779296875,39.78499984741211,39.95000076293945,56070,0.0,0.0
2024-05-17 10:30:00-04:00,39.959999084472656,40.02000045776367,39.83000183105469,39.91999816894531,42461,0.0,0.0
2024-05-17 11:30:00-04:00,39.85499954223633,39.939998626708984,39.79999923706055,39.810001373291016,40916,0.0,0.0
2024-05-17 12:30:00-04:00,39.81999969482422,39.869998931884766,39.77000045776367,39.83000183105469,29197,0.0,0.0
2024-05-17 13:30:00-04:00,39.84000015258789,40.09000015258789,39.84000015258789,40.09000015258789,146710,0.0,0.0
2024-05-17 14:30:00-04:00,40.084999084472656,40.099998474121094,39.91999816894531,39.95000076293945,110116,0.0,0.0
2024-05-17 15:30:00-04:00,39.97999954223633,40.040000915527344,39.89500045776367,40.02000045776367,152776,0.0,0.0
2024-05-20 09:30:00-04:00,40.040000915527344,40.375,40.02000045776367,40.375,63701,0.0,0.0
2024-05-20 10:30:00-04:00,40.369998931884766,40.599998474121094,40.349998474121094,40.525001525878906,92946,0.0,0.0
2024-05-20 11:30:00-04:00,40.52000045776367,40.66999816894531,40.5,40.599998474121094,82790,0.0,0.0
2024-05-20 12:30:00-04:00,40.61000061035156,40.61000061035156,40.43000030517578,40.43000030517578,69409,0.0,0.0
2024-05-20 13:30:00-04:00,40.43000030517578,40.47999954223633,40.35499954223633,40.474998474121094,98559,0.0,0.0
2024-05-20 14:30:00-04:00,40.470001220703125,40.65999984741211,40.459999084472656,40.65999984741211,121002,0.0,0.0
2024-05-20 15:30:00-04:00,40.65650177001953,40.73500061035156,40.5099983215332,40.619998931884766,429236,0.0,0.0
2024-05-21 09:30:00-04:00,40.470001220703125,40.88999938964844,40.470001220703125,40.88999938964844,52165,0.0,0.0
2024-05-21 10:30:00-04:00,40.88999938964844,41.380001068115234,40.88999938964844,41.33000183105469,232501,0.0,0.0
2024-05-21 11:30:00-04:00,41.30500030517578,41.380001068115234,41.119998931884766,41.31999969482422,236018,0.0,0.0
2024-05-21 12:30:00-04:00,41.334999084472656,41.4900016784668,41.11000061035156,41.16999816894531,221713,0.0,0.0
2024-05-21 13:30:00-04:00,41.150001525878906,41.16999816894531,40.95000076293945,41.150001525878906,190317,0.0,0.0
2024-05-21 14:30:00-04:00,41.13999938964844,41.244998931884766,41.02000045776367,41.224998474121094,249324,0.0,0.0
2024-05-21 15:30:00-04:00,41.22999954223633,41.2599983215332,40.939998626708984,40.959999084472656,336607,0.0,0.0
2024-05-22 09:30:00-04:00,40.79999923706055,40.79999923706055,39.8297004699707,39.95000076293945,313224,0.0,0.0
2024-05-22 10:30:00-04:00,39.97999954223633,40.22999954223633,39.90999984741211,39.90999984741211,141177,0.0,0.0
2024-05-22 11:30:00-04:00,39.90999984741211,40.16999816894531,39.88999938964844,40.16999816894531,59473,0.0,0.0
2024-05-22 12:30:00-04:00,40.20949935913086,40.290000915527344,39.97999954223633,39.97999954223633,77542,0.0,0.0
2024-05-22 13:30:00-04:00,39.97560119628906,40.0099983215332,39.63999938964844,39.73500061035156,110402,0.0,0.0
2024-05-22 14:30:00-04:00,39.7400016784668,39.8650016784668,39.68000030517578,39.849998474121094,104471,0.0,0.0
2024-05-22 15:30:00-04:00,39.869998931884766,40.0099983215332,39.755001068115234,39.93000030517578,224435,0.0,0.0
2024-05-23 09:30:00-04:00,40.15999984741211,40.540000915527344,39.95000076293945,40.0099983215332,59921,0.0,0.0
2024-05-23 10:30:00-04:00,40.040000915527344,40.095001220703125,39.84000015258789,40.0,175525,0.0,0.0
2024-05-23 11:30:00-04:00,40.0,40.08000183105469,39.86000061035156,40.025001525878906,55180,0.0,0.0
2024-05-23 12:30:00-04:00,40.0099983215332,40.099998474121094,39.505001068115234,39.560001373291016,117023,0.0,0.0
2024-05-23 13:30:00-04:00,39.54999923706055,39.54999923706055,39.040000915527344,39.31999969482422,151884,0.0,0.0
2024-05-23 14:30:00-04:00,39.31999969482422,39.60499954223633,39.29999923706055,39.529998779296875,160202,0.0,0.0
2024-05-23 15:30:00-04:00,39.540000915527344,39.56999969482422,39.41999816894531,39.529998779296875,206132,0.0,0.0
2024-05-24 09:30:00-04:00,39.84000015258789,40.13999938964844,39.7400016784668,39.7400016784668,140595,0.0,0.0
2024-05-24 10:30:00-04:00,39.7400016784668,39.779998779296875,39.58000183105469,39.619998931884766,107625,0.0,0.0
2024-05-24 11:30:00-04:00,39.619998931884766,39.7400016784668,39.58000183105469,39.7400016784668,59097,0.0,0.0
2024-05-24 12:30:00-04:00,39.72999954223633,39.75,39.599998474121094,39.75,76984,0.0,0.0
2024-05-24 13:30:00-04:00,39.7400016784668,39.7599983215332,39.439998626708984,39.439998626708984,97058,0.0,0.0
2024-05-24 14:30:00-04:00,39.45000076293945,39.6349983215332,39.41999816894531,39.470001220703125,229851,0.0,0.0
2024-05-24 15:30:00-04:00,39.470001220703125,39.599998474121094,39.45500183105469,39.54999923706055,270227,0.0,0.0
2024-05-28 09:30:00-04:00,39.7599983215332,40.38999938964844,39.7599983215332,40.02000045776367,82896,0.0,0.0
2024-05-28 10:30:00-04:00,40.0099983215332,40.369998931884766,39.96500015258789,40.34000015258789,57202,0.0,0.0
2024-05-28 11:30:00-04:00,40.34000015258789,40.45000076293945,40.27000045776367,40.290000915527344,104107,0.0,0.0
2024-05-28 12:30:00-04:00,40.29999923706055,40.404998779296875,40.099998474121094,40.189998626708984,63192,0.0,0.0
2024-05-28 13:30:00-04:00,40.16999816894531,40.23500061035156,40.09000015258789,40.1349983215332,77717,0.0,0.0
2024-05-28 14:30:00-04:00,40.130001068115234,40.349998474121094,40.119998931884766,40.29999923706055,119795,0.0,0.0
2024-05-28 15:30:00-04:00,40.29999923706055,40.46500015258789,40.22999954223633,40.2599983215332,307025,0.0,0.0
2024-05-29 09:30:00-04:00,40.209999084472656,40.28499984741211,39.849998474121094,40.025001525878906,104776,0.0,0.0
2024-05-29 10:30:00-04:00,40.040000915527344,40.04999923706055,39.720001220703125,39.720001220703125,60253,0.0,0.0
2024-05-29 11:30:00-04:00,39.68000030517578,39.779998779296875,39.52000045776367,39.599998474121094,59948,0.0,0.0
2024-05-29 12:30:00-04:00,39.595001220703125,39.630001068115234,39.459999084472656,39.54999923706055,38264,0.0,0.0
2024-05-29 13:30:00-04:00,39.54499816894531,39.54499816894531,39.38999938964844,39.4900016784668,49340,0.0,0.0
2024-05-29 14:30:00-04:00,39.5,39.633201599121094,39.459999084472656,39.529998779296875,73712,0.0,0.0
2024-05-29 15:30:00-04:00,39.529998779296875,39.66999816894531,39.494998931884766,39.65999984741211,210989,0.0,0.0
2024-05-30 09:30:00-04:00,39.779998779296875,40.41999816894531,39.779998779296875,40.310001373291016,61549,0.0,0.0
2024-05-30 10:30:00-04:00,40.29999923706055,40.380001068115234,40.13999938964844,40.33000183105469,83962,0.0,0.0
2024-05-30 11:30:00-04:00,40.31999969482422,40.38999938964844,40.080101013183594,40.15999984741211,124184,0.0,0.0
2024-05-30 12:30:00-04:00,40.18000030517578,40.220001220703125,40.040000915527344,40.040000915527344,65658,0.0,0.0
2024-05-30 13:30:00-04:00,40.029998779296875,40.06999969482422,39.869998931884766,39.939998626708984,68395,0.0,0.0
2024-05-30 14:30:00-04:00,39.95000076293945,40.04999923706055,39.869998931884766,39.90999984741211,85694,0.0,0.0
2024-05-30 15:30:00-04:00,39.904998779296875,40.11000061035156,39.849998474121094,40.040000915527344,476859,0.0,0.0
2024-05-31 09:30:00-04:00,40.27000045776367,40.68000030517578,40.16999816894531,40.53099822998047,54663,0.0,0.0
2024-05-31 10:30:00-04:00,40.529998779296875,40.58000183105469,40.349998474121094,40.435001373291016,62642,0.0,0.0
2024-05-31 11:30:00-04:00,40.43000030517578,40.459999084472656,40.279998779296875,40.439998626708984,49031,0.0,0.0
2024-05-31 12:30:00-04:00,40.459999084472656,40.540000915527344,40.36000061035156,40.529998779296875,42338,0.0,0.0
2024-05-31 13:30:00-04:00,40.540000915527344,40.790000915527344,40.53499984741211,40.75,67780,0.0,0.0
2024-05-31 14:30:00-04:00,40.7599983215332,40.88999938964844,40.7400016784668,40.75,79360,0.0,0.0
2024-05-31 15:30:00-04:00,40.744998931884766,40.95000076293945,40.70000076293945,40.93000030517578,283164,0.0,0.0
2024-06-03 09:30:00-04:00,40.86000061035156,40.90999984741211,39.470001220703125,39.4900016784668,110634,0.0,0.0
2024-06-03 10:30:00-04:00,39.48500061035156,39.48500061035156,38.849998474121094,38.93000030517578,188814,0.0,0.0
2024-06-03 11:30:00-04:00,38.93000030517578,39.15999984741211,38.849998474121094,39.119998931884766,142883,0.0,0.0
2024-06-03 12:30:00-04:00,39.16999816894531,39.20500183105469,38.869998931884766,38.880001068115234,147527,0.0,0.0
2024-06-03 13:30:00-04:00,38.869998931884766,39.154998779296875,38.84000015258789,39.119998931884766,157694,0.0,0.0
2024-06-03 14:30:00-04:00,39.13999938964844,39.20500183105469,39.02000045776367,39.025001525878906,188425,0.0,0.0
2024-06-03 15:30:00-04:00,39.02000045776367,39.04999923706055,38.90999984741211,38.95000076293945,320166,0.0,0.0
2024-06-04 09:30:00-04:00,38.45000076293945,38.60499954223633,37.70000076293945,37.869998931884766,171972,0.0,0.0
2024-06-04 10:30:00-04:00,37.86000061035156,38.16999816894531,37.65999984741211,38.029998779296875,150914,0.0,0.0
2024-06-04 11:30:00-04:00,38.04999923706055,38.06999969482422,37.869998931884766,38.06999969482422,71783,0.0,0.0
2024-06-04 12:30:00-04:00,38.06999969482422,38.130001068115234,37.880001068115234,37.93000030517578,81995,0.0,0.0
2024-06-04 13:30:00-04:00,37.939998626708984,37.95000076293945,37.70000076293945,37.75,137994,0.0,0.0
2024-06-04 14:30:00-04:00,37.7599983215332,37.86000061035156,37.650001525878906,37.810001373291016,226770,0.0,0.0
2024-06-04 15:30:00-04:00,37.84000015258789,37.939998626708984,37.65999984741211,37.790000915527344,336930,0.0,0.0
2024-06-05 09:30:00-04:00,37.93000030517578,38.0,37.470001220703125,37.650001525878906,118997,0.0,0.0
2024-06-05 10:30:00-04:00,37.650001525878906,37.810001373291016,37.400001525878906,37.654998779296875,125941,0.0,0.0
2024-06-05 11:30:00-04:00,37.65999984741211,37.849998474121094,37.59000015258789,37.81999969482422,160715,0.0,0.0
2024-06-05 12:30:00-04:00,37.81999969482422,37.93989944458008,37.810001373291016,37.849998474121094,92020,0.0,0.0
2024-06-05 13:30:00-04:00,37.849998474121094,37.880001068115234,37.7400016784668,37.77000045776367,114266,0.0,0.0
2024-06-05 14:30:00-04:00,37.775001525878906,37.880001068115234,37.72999954223633,37.78499984741211,145774,0.0,0.0
2024-06-05 15:30:00-04:00,37.78499984741211,37.94499969482422,37.78499984741211,37.849998474121094,207546,0.0,0.0
2024-06-06 09:30:00-04:00,37.849998474121094,37.97999954223633,37.66999816894531,37.85499954223633,94661,0.0,0.0
2024-06-06 10:30:00-04:00,37.810001373291016,37.810001373291016,37.59000015258789,37.75,85242,0.0,0.0
2024-06-06 11:30:00-04:00,37.75,37.790000915527344,37.58000183105469,37.60499954223633,61551,0.0,0.0
2024-06-06 12:30:00-04:00,37.599998474121094,37.755001068115234,37.540000915527344,37.71009826660156,50512,0.0,0.0
2024-06-06 13:30:00-04:00,37.720001220703125,37.779998779296875,37.560001373291016,37.564998626708984,56411,0.0,0.0
2024-06-06 14:30:00-04:00,37.55500030517578,37.959999084472656,37.55500030517578,37.81999969482422,136615,0.0,0.0
2024-06-06 15:30:00-04:00,37.81999969482422,37.84000015258789,37.709999084472656,37.7400016784668,155634,0.0,0.0
2024-06-07 09:30:00-04:00,37.54999923706055,37.790000915527344,37.29999923706055,37.790000915527344,91947,0.0,0.0
2024-06-07 10:30:00-04:00,37.77000045776367,37.84000015258789,37.5099983215332,37.5099983215332,64274,0.0,0.0
2024-06-07 11:30:00-04:00,37.529998779296875,37.619998931884766,37.459999084472656,37.6150016784668,46848,0.0,0.0
2024-06-07 12:30:00-04:00,37.630001068115234,37.685001373291016,37.56999969482422,37.650001525878906,76006,0.0,0.0
2024-06-07 13:30:00-04:00,37.63999938964844,37.83000183105469,37.595001220703125,37.7400016784668,121902,0.0,0.0
2024-06-07 14:30:00-04:00,37.7400016784668,37.810001373291016,37.65999984741211,37.779998779296875,141534,0.0,0.0
2024-06-07 15:30:00-04:00,37.779998779296875,37.81999969482422,37.540000915527344,37.54999923706055,254348,0.0,0.0
2024-06-10 09:30:00-04:00,37.56999969482422,38.130001068115234,37.439998626708984,38.099998474121094,55413,0.0,0.0
2024-06-10 10:30:00-04:00,38.09000015258789,38.33000183105469,38.060001373291016,38.29999923706055,51578,0.0,0.0
2024-06-10 11:30:00-04:00,38.29999923706055,38.40999984741211,38.15999984741211,38.220001220703125,46748,0.0,0.0
2024-06-10 12:30:00-04:00,38.209999084472656,38.29100036621094,38.14500045776367,38.209999084472656,74261,0.0,0.0
2024-06-10 13:30:00-04:00,38.20000076293945,38.31999969482422,38.16999816894531,38.19499969482422,79190,0.0,0.0
2024-06-10 14:30:00-04:00,38.20000076293945,38.27000045776367,38.099998474121094,38.125,82430,0.0,0.0
2024-06-10 15:30:00-04:00,38.119998931884766,38.188899993896484,38.06999969482422,38.16999816894531,154078,0.0,0.0
2024-06-11 09:30:00-04:00,37.970001220703125,38.0,37.54999923706055,37.86000061035156,112349,0.0,0.0
2024-06-11 10:30:00-04:00,37.900001525878906,37.94499969482422,37.56999969482422,37.72999954223633,70792,0.0,0.0
2024-06-11 11:30:00-04:00,37.709999084472656,37.849998474121094,37.709999084472656,37.84000015258789,142540,0.0,0.0
2024-06-11 12:30:00-04:00,37.849998474121094,38.150001525878906,37.849998474121094,38.13999938964844,80820,0.0,0.0
2024-06-11 13:30:00-04:00,38.1349983215332,38.279998779296875,38.11000061035156,38.2599983215332,105170,0.0,0.0
2024-06-11 14:30:00-04:00,38.2599983215332,38.375,38.209999084472656,38.27000045776367,144302,0.0,0.0
2024-06-11 15:30:00-04:00,38.27000045776367,38.310001373291016,38.189998626708984,38.189998626708984,200582,0.0,0.0
2024-06-12 09:30:00-04:00,39.0,39.119998931884766,38.689998626708984,39.09000015258789,101392,0.0,0.0
2024-06-12 10:30:00-04:00,39.06999969482422,39.06999969482422,38.4900016784668,38.529998779296875,114039,0.0,0.0
2024-06-12 11:30:00-04:00,38.5,38.59000015258789,38.45000076293945,38.4900016784668,31767,0.0,0.0
2024-06-12 12:30:00-04:00,38.4900016784668,38.54999923706055,38.380001068115234,38.380001068115234,29526,0.0,0.0
2024-06-12 13:30:00-04:00,38.380001068115234,38.43000030517578,38.119998931884766,38.32500076293945,86195,0.0,0.0
2024-06-12 14:30:00-04:00,38.349998474121094,38.40999984741211,38.0099983215332,38.04999923706055,88208,0.0,0.0
2024-06-12 15:30:00-04:00,38.040000915527344,38.11000061035156,37.95000076293945,38.04999923706055,390411,0.0,0.0
2024-06-13 09:30:00-04:00,38.040000915527344,38.079898834228516,36.93000030517578,37.099998474121094,152308,0.0,0.0
2024-06-13 10:30:00-04:00,37.130001068115234,37.27000045776367,36.97999954223633,37.09000015258789,72947,0.0,0.0
2024-06-13 11:30:00-04:00,37.08000183105469,37.25,36.900001525878906,37.029998779296875,95245,0.0,0.0
2024-06-13 12:30:00-04:00,37.04499816894531,37.25,37.03010177612305,37.220001220703125,77991,0.0,0.0
2024-06-13 13:30:00-04:00,37.209999084472656,37.369998931884766,37.18000030517578,37.275001525878906,152566,0.0,0.0
2024-06-13 14:30:00-04:00,37.27000045776367,37.380001068115234,37.244998931884766,37.27000045776367,100358,0.0,0.0
2024-06-13 15:30:00-04:00,37.27000045776367,37.41999816894531,37.220001220703125,37.34000015258789,370474,0.0,0.0
2024-06-14 09:30:00-04:00,37.34000015258789,37.34000015258789,36.84000015258789,36.959999084472656,174040,0.0,0.0
2024-06-14 10:30:00-04:00,36.959999084472656,37.0,36.744998931884766,36.95000076293945,162390,0.0,0.0
2024-06-14 11:30:00-04:00,36.95000076293945,36.959999084472656,36.77000045776367,36.849998474121094,194156,0.0,0.0
2024-06-14 12:30:00-04:00,36.86000061035156,37.060001373291016,36.84000015258789,36.97999954223633,93715,0.0,0.0
2024-06-14 13:30:00-04:00,36.97999954223633,37.0099983215332,36.5989990234375,36.71500015258789,308593,0.0,0.0
2024-06-14 14:30:00-04:00,36.720001220703125,36.81999969482422,36.70000076293945,36.790000915527344,137501,0.0,0.0
2024-06-14 15:30:00-04:00,36.79899978637695,37.06999969482422,36.77000045776367,37.06999969482422,286481,0.0,0.0
2024-06-17 09:30:00-04:00,37.09000015258789,37.15999984741211,36.709999084472656,36.845001220703125,168677,0.0,0.0
2024-06-17 10:30:00-04:00,36.849998474121094,36.90999984741211,36.540000915527344,36.83000183105469,134147,0.0,0.0
2024-06-17 11:30:00-04:00,36.81999969482422,37.04999923706055,36.7599983215332,37.040000915527344,63179,0.0,0.0
2024-06-17 12:30:00-04:00,37.04999923706055,37.25,36.97999954223633,37.189998626708984,76937,0.0,0.0
2024-06-17 13:30:00-04:00,37.189998626708984,37.43000030517578,37.18000030517578,37.38999938964844,93939,0.0,0.0
2024-06-17 14:30:00-04:00,37.380001068115234,37.470001220703125,37.33000183105469,37.470001220703125,123983,0.0,0.0
2024-06-17 15:30:00-04:00,37.470001220703125,37.470001220703125,37.189998626708984,37.25,287267,0.0,0.0
2024-06-18 09:30:00-04:00,37.2599983215332,37.540000915527344,37.220001220703125,37.33000183105469,101435,0.0,0.0
2024-06-18 10:30:00-04:00,37.330101013183594,37.36000061035156,37.040000915527344,37.209999084472656,148129,0.0,0.0
2024-06-18 11:30:00-04:00,37.209999084472656,37.38999938964844,37.20000076293945,37.27000045776367,159359,0.0,0.0
2024-06-18 12:30:00-04:00,37.2599983215332,37.32500076293945,37.165000915527344,37.29999923706055,139828,0.0,0.0
2024-06-18 13:30:00-04:00,37.290000915527344,37.36000061035156,37.220001220703125,37.34000015258789,108946,0.0,0.0
2024-06-18 14:30:00-04:00,37.31999969482422,37.400001525878906,37.2400016784668,37.27000045776367,77964,0.0,0.0
2024-06-18 15:30:00-04:00,37.25,37.369998931884766,37.25,37.27000045776367,137614,0.0,0.0
2024-06-20 09:30:00-04:00,37.2599983215332,37.70000076293945,37.130001068115234,37.61000061035156,81619,0.0,0.0
2024-06-20 10:30:00-04:00,37.61000061035156,37.72999954223633,37.5,37.61000061035156,61941,0.0,0.0
2024-06-20 11:30:00-04:00,37.61000061035156,37.61000061035156,37.29999923706055,37.41999816894531,104323,0.0,0.0
2024-06-20 12:30:00-04:00,37.39500045776367,37.4900016784668,37.314998626708984,37.34000015258789,61144,0.0,0.0
2024-06-20 13:30:00-04:00,37.349998474121094,37.375,37.20000076293945,37.218101501464844,87940,0.0,0.0
2024-06-20 14:30:00-04:00,37.220001220703125,37.36000061035156,37.15999984741211,37.349998474121094,134530,0.0,0.0
2024-06-20 15:30:00-04:00,37.349998474121094,37.400001525878906,37.2400016784668,37.27000045776367,210515,0.0,0.0
2024-06-21 09:30:00-04:00,37.29999923706055,37.380001068115234,36.87120056152344,37.36000061035156,179932,0.0,0.0
2024-06-21 10:30:00-04:00,37.38999938964844,37.48500061035156,37.34000015258789,37.47999954223633,85545,0.0,0.0
2024-06-21 11:30:00-04:00,37.459999084472656,37.459999084472656,37.15999984741211,37.209999084472656,39461,0.0,0.0
2024-06-21 12:30:00-04:00,37.209999084472656,37.279998779296875,37.11000061035156,37.11000061035156,44105,0.0,0.0
2024-06-21 13:30:00-04:00,37.11000061035156,37.16999816894531,36.900001525878906,36.90999984741211,66461,0.0,0.0
2024-06-21 14:30:00-04:00,36.900001525878906,36.90999984741211,36.66999816894531,36.68000030517578,190791,0.0,0.0
2024-06-21 15:30:00-04:00,36.689998626708984,36.77000045776367,36.560001373291016,36.77000045776367,361810,0.0,0.0
2024-06-24 09:30:00-04:00,37.130001068115234,37.88999938964844,37.11000061035156,37.72420120239258,95849,0.0,0.0
2024-06-24 10:30:00-04:00,37.72999954223633,37.939998626708984,37.72999954223633,37.900001525878906,66605,0.0,0.0
2024-06-24 11:30:00-04:00,37.88999938964844,38.16999816894531,37.814998626708984,38.15999984741211,53687,0.0,0.0
2024-06-24 12:30:00-04:00,38.150001525878906,38.2599983215332,38.08000183105469,38.2400016784668,52013,0.0,0.0
2024-06-24 13:30:00-04:00,38.22999954223633,38.38999938964844,38.189998626708984,38.369998931884766,58062,0.0,0.0
2024-06-24 14:30:00-04:00,38.36000061035156,38.4900016784668,38.33000183105469,38.39500045776367,84960,0.0,0.0
2024-06-24 15:30:00-04:00,38.400001525878906,38.630001068115234,38.37900161743164,38.470001220703125,198264,0.0,0.0
2024-06-25 09:30:00-04:00,38.400001525878906,38.43000030517578,37.88999938964844,38.189998626708984,77716,0.0,0.0
2024-06-25 10:30:00-04:00,38.244998931884766,38.439998626708984,38.220001220703125,38.404998779296875,192506,0.0,0.0
2024-06-25 11:30:00-04:00,38.380001068115234,38.44499969482422,38.1609992980957,38.2400016784668,57888,0.0,0.0
2024-06-25 12:30:00-04:00,38.2400016784668,38.25,38.060001373291016,38.150001525878906,61860,0.0,0.0
2024-06-25 13:30:00-04:00,38.14500045776367,38.279998779296875,38.130001068115234,38.20000076293945,74896,0.0,0.0
2024-06-25 14:30:00-04:00,38.189998626708984,38.244998931884766,38.11000061035156,38.23500061035156,73909,0.0,0.0
2024-06-25 15:30:00-04:00,38.22999954223633,38.439998626708984,38.19499969482422,38.41999816894531,193668,0.0,0.0
2024-06-26 09:30:00-04:00,38.40999984741211,38.45000076293945,38.04499816894531,38.27000045776367,57133,0.0,0.0
2024-06-26 10:30:00-04:00,38.25,38.25,38.0099983215332,38.08000183105469,75402,0.0,0.0
2024-06-26 11:30:00-04:00,38.06999969482422,38.19710159301758,38.02000045776367,38.119998931884766,54098,0.0,0.0
2024-06-26 12:30:00-04:00,38.11000061035156,38.2599983215332,38.029998779296875,38.244998931884766,69858,0.0,0.0
2024-06-26 13:30:00-04:00,38.2400016784668,38.3650016784668,38.20000076293945,38.209999084472656,90635,0.0,0.0
2024-06-26 14:30:00-04:00,38.209999084472656,38.31999969482422,38.20000076293945,38.28499984741211,98218,0.0,0.0
2024-06-26 15:30:00-04:00,38.290000915527344,38.529998779296875,38.27000045776367,38.470001220703125,204711,0.0,0.0
2024-06-27 09:30:00-04:00,38.619998931884766,38.915000915527344,37.869998931884766,37.90999984741211,246545,0.0,0.0
2024-06-27 10:30:00-04:00,37.91999816894531,38.130001068115234,37.77000045776367,37.81999969482422,160694,0.0,0.0
2024-06-27 11:30:00-04:00,37.83000183105469,37.97999954223633,37.790000915527344,37.83000183105469,137939,0.0,0.0
2024-06-27 12:30:00-04:00,37.81999969482422,37.8650016784668,37.709999084472656,37.75,123676,0.0,0.0
2024-06-27 13:30:00-04:00,37.75,37.75,37.53499984741211,37.595001220703125,159993,0.0,0.0
2024-06-27 14:30:00-04:00,37.59000015258789,37.72999954223633,37.56999969482422,37.724998474121094,151249,0.0,0.0
2024-06-27 15:30:00-04:00,37.720001220703125,37.810001373291016,37.630001068115234,37.66999816894531,339663,0.0,0.0
2024-06-28 09:30:00-04:00,38.15999984741211,38.310001373291016,37.61000061035156,37.81740188598633,166548,0.0,0.0
2024-06-28 10:30:00-04:00,37.810001373291016,38.0,37.779998779296875,37.970001220703125,115500,0.0,0.0
2024-06-28 11:30:00-04:00,37.970001220703125,38.04999923706055,37.869998931884766,37.90999984741211,226641,0.0,0.0
2024-06-28 12:30:00-04:00,37.91999816894531,37.93000030517578,37.59000015258789,37.59000015258789,153316,0.0,0.0
2024-06-28 13:30:00-04:00,37.58000183105469,37.650001525878906,37.5,37.52000045776367,185197,0.0,0.0
2024-06-28 14:30:00-04:00,37.5099983215332,37.689998626708984,37.5,37.619998931884766,405141,0.0,0.0
2024-06-28 15:30:00-04:00,37.619998931884766,37.630001068115234,37.119998931884766,37.150001525878906,657567,0.0,0.0
2024-07-01 09:30:00-04:00,37.75,38.08000183105469,37.150001525878906,37.20500183105469,215957,0.0,0.0
2024-07-01 10:30:00-04:00,37.20000076293945,37.52000045776367,37.125,37.459999084472656,161177,0.0,0.0
2024-07-01 11:30:00-04:00,37.47999954223633,37.7400016784668,37.47999954223633,37.56999969482422,157844,0.0,0.0
2024-07-01 12:30:00-04:00,37.56999969482422,37.84000015258789,37.560001373291016,37.83000183105469,131193,0.0,0.0
2024-07-01 13:30:00-04:00,37.84000015258789,37.900001525878906,37.63999938964844,37.689998626708984,144177,0.0,0.0
2024-07-01 14:30:00-04:00,37.70000076293945,37.720001220703125,37.560001373291016,37.65999984741211,151780,0.0,0.0
2024-07-01 15:30:00-04:00,37.665000915527344,37.83000183105469,37.650001525878906,37.68000030517578,301374,0.0,0.0
2024-07-02 09:30:00-04:00,37.9900016784668,38.47999954223633,37.91999816894531,38.32500076293945,96661,0.0,0.0
2024-07-02 10:30:00-04:00,38.349998474121094,38.349998474121094,37.922000885009766,38.11000061035156,93939,0.0,0.0
2024-07-02 11:30:00-04:00,38.125,38.20500183105469,38.060001373291016,38.18000030517578,130213,0.0,0.0
2024-07-02 12:30:00-04:00,38.15999984741211,38.15999984741211,38.0099983215332,38.04999923706055,114743,0.0,0.0
2024-07-02 13:30:00-04:00,38.04999923706055,38.11000061035156,37.83000183105469,38.07500076293945,111182,0.0,0.0
2024-07-02 14:30:00-04:00,38.07500076293945,38.150001525878906,37.88999938964844,38.1349983215332,116017,0.0,0.0
2024-07-02 15:30:00-04:00,38.130001068115234,38.20000076293945,38.060001373291016,38.06999969482422,472254,0.0,0.0
2024-07-03 09:30:00-04:00,38.2400016784668,38.720001220703125,38.14500045776367,38.66999816894531,94425,0.0,0.0
2024-07-03 10:30:00-04:00,38.68000030517578,38.90999984741211,38.525001525878906,38.525001525878906,116516,0.0,0.0
2024-07-03 11:30:00-04:00,38.5099983215332,38.66999816894531,38.4900016784668,38.650001525878906,74063,0.0,0.0
2024-07-05 09:30:00-04:00,38.68000030517578,38.845001220703125,38.25,38.27000045776367,88188,0.0,0.0
2024-07-05 10:30:00-04:00,38.290000915527344,38.47800064086914,38.16999816894531,38.404998779296875,72423,0.0,0.0
2024-07-05 11:30:00-04:00,38.400001525878906,38.40999984741211,38.17499923706055,38.17499923706055,67795,0.0,0.0
2024-07-05 12:30:00-04:00,38.165000915527344,38.25,38.04499816894531,38.119998931884766,61959,0.0,0.0
2024-07-05 13:30:00-04:00,38.119998931884766,38.130001068115234,37.83000183105469,37.86000061035156,67053,0.0,0.0
2024-07-05 14:30:00-04:00,37.86000061035156,38.0,37.81999969482422,37.8650016784668,106910,0.0,0.0
2024-07-05 15:30:00-04:00,37.869998931884766,38.220001220703125,37.849998474121094,38.06999969482422,186983,0.0,0.0
2024-07-08 09:30:00-04:00,37.900001525878906,38.38999938964844,37.900001525878906,37.97999954223633,65319,0.0,0.0
2024-07-08 10:30:00-04:00,37.9900016784668,38.150001525878906,37.970001220703125,38.0099983215332,40464,0.0,0.0
2024-07-08 11:30:00-04:00,38.02000045776367,38.220001220703125,37.959999084472656,38.220001220703125,52946,0.0,0.0
2024-07-08 12:30:00-04:00,38.22999954223633,38.33000183105469,38.20000076293945,38.33000183105469,71627,0.0,0.0
2024-07-08 13:30:00-04:00,38.349998474121094,38.650001525878906,38.34000015258789,38.650001525878906,123507,0.0,0.0
2024-07-08 14:30:00-04:00,38.650001525878906,38.75,38.584999084472656,38.6150016784668,564423,0.0,0.0
2024-07-08 15:30:00-04:00,38.61000061035156,38.810001373291016,38.61000061035156,38.810001373291016,305365,0.0,0.0
2024-07-09 09:30:00-04:00,38.38999938964844,39.029998779296875,38.38999938964844,39.029998779296875,237268,0.0,0.0
2024-07-09 10:30:00-04:00,39.0099983215332,39.20000076293945,38.744998931884766,38.79999923706055,90436,0.0,0.0
2024-07-09 11:30:00-04:00,38.790000915527344,38.91999816894531,38.68000030517578,38.709999084472656,140148,0.0,0.0
2024-07-09 12:30:00-04:00,38.70000076293945,38.97999954223633,38.685001373291016,38.83000183105469,70192,0.0,0.0
2024-07-09 13:30:00-04:00,38.83000183105469,38.83000183105469,38.61000061035156,38.689998626708984,71116,0.0,0.0
2024-07-09 14:30:00-04:00,38.66999816894531,38.749900817871094,38.45000076293945,38.459999084472656,93803,0.0,0.0
2024-07-09 15:30:00-04:00,38.45500183105469,38.53099822998047,38.209999084472656,38.22100067138672,230303,0.0,0.0
2024-07-10 09:30:00-04:00,38.34000015258789,38.52000045776367,38.255001068115234,38.47999954223633,68179,0.0,0.0
2024-07-10 10:30:00-04:00,38.47999954223633,38.650001525878906,38.369998931884766,38.630001068115234,82983,0.0,0.0
2024-07-10 11:30:00-04:00,38.56999969482422,38.63999938964844,38.47999954223633,38.5099983215332,58726,0.0,0.0
2024-07-10 12:30:00-04:00,38.5,38.52000045776367,38.220001220703125,38.290000915527344,61551,0.0,0.0
2024-07-10 13:30:00-04:00,38.290000915527344,38.310001373291016,38.189998626708984,38.20000076293945,71194,0.0,0.0
2024-07-10 14:30:00-04:00,38.20000076293945,38.3849983215332,38.20000076293945,38.334999084472656,184516,0.0,0.0
2024-07-10 15:30:00-04:00,38.33000183105469,38.470001220703125,38.27000045776367,38.36000061035156,146131,0.0,0.0
2024-07-11 09:30:00-04:00,38.650001525878906,38.970001220703125,38.22999954223633,38.95000076293945,109137,0.0,0.0
2024-07-11 10:30:00-04:00,38.95000076293945,39.43000030517578,38.91999816894531,39.08000183105469,89136,0.0,0.0
2024-07-11 11:30:00-04:00,39.09000015258789,39.15999984741211,38.83000183105469,38.90999984741211,60333,0.0,0.0
2024-07-11 12:30:00-04:00,38.91999816894531,39.16999816894531,38.900001525878906,39.11000061035156,65145,0.0,0.0
2024-07-11 13:30:00-04:00,39.119998931884766,39.34000015258789,39.099998474121094,39.27000045776367,81878,0.0,0.0
2024-07-11 14:30:00-04:00,39.290000915527344,39.34000015258789,39.25,39.27000045776367,82996,0.0,0.0
2024-07-11 15:30:00-04:00,39.27000045776367,39.40999984741211,39.23500061035156,39.33000183105469,223300,0.0,0.0
2024-07-12 09:30:00-04:00,39.88999938964844,39.88999938964844,39.48500061035156,39.619998931884766,106788,0.0,0.0
2024-07-12 10:30:00-04:00,39.65999984741211,39.689998626708984,39.42499923706055,39.5,114814,0.0,0.0
2024-07-12 11:30:00-04:00,39.5099983215332,39.529998779296875,39.36000061035156,39.36000061035156,72062,0.0,0.0
2024-07-12 12:30:00-04:00,39.349998474121094,39.41999816894531,39.279998779296875,39.400001525878906,54768,0.0,0.0
2024-07-12 13:30:00-04:00,39.40999984741211,39.459999084472656,39.231998443603516,39.231998443603516,63124,0.0,0.0
2024-07-12 14:30:00-04:00,39.22999954223633,39.5,39.220001220703125,39.4900016784668,88185,0.0,0.0
2024-07-12 15:30:00-04:00,39.5,39.54899978637695,39.42499923706055,39.47999954223633,226710,0.0,0.0
2024-07-15 09:30:00-04:00,39.91999816894531,40.45000076293945,39.54999923706055,40.29999923706055,119366,0.0,0.0
2024-07-15 10:30:00-04:00,40.290000915527344,40.709999084472656,40.182701110839844,40.65999984741211,134198,0.0,0.0
2024-07-15 11:30:00-04:00,40.63999938964844,40.81999969482422,40.529998779296875,40.779998779296875,255572,0.0,0.0
2024-07-15 12:30:00-04:00,40.779998779296875,40.84000015258789,40.58000183105469,40.584999084472656,105237,0.0,0.0
2024-07-15 13:30:00-04:00,40.58000183105469,40.86000061035156,40.45000076293945,40.849998474121094,125964,0.0,0.0
2024-07-15 14:30:00-04:00,40.84000015258789,40.9900016784668,40.7400016784668,40.970001220703125,346336,0.0,0.0
2024-07-15 15:30:00-04:00,40.96500015258789,40.970001220703125,40.58000183105469,40.720001220703125,360827,0.0,0.0
2024-07-16 09:30:00-04:00,40.45000076293945,40.900001525878906,40.2400016784668,40.79999923706055,439176,0.0,0.0
2024-07-16 10:30:00-04:00,40.79999923706055,41.189998626708984,40.77000045776367,41.099998474121094,90642,0.0,0.0
2024-07-16 11:30:00-04:00,41.09000015258789,41.33000183105469,41.029998779296875,41.189998626708984,91461,0.0,0.0
2024-07-16 12:30:00-04:00,41.185001373291016,41.279998779296875,41.130001068115234,41.23500061035156,108661,0.0,0.0
2024-07-16 13:30:00-04:00,41.23500061035156,41.41999816894531,41.22999954223633,41.349998474121094,344882,0.0,0.0
2024-07-16 14:30:00-04:00,41.349998474121094,41.650001525878906,41.345001220703125,41.650001525878906,182749,0.0,0.0
2024-07-16 15:30:00-04:00,41.64899826049805,41.64899826049805,41.29999923706055,41.38999938964844,417444,0.0,0.0
2024-07-17 09:30:00-04:00,41.79999923706055,42.650001525878906,41.72999954223633,42.19499969482422,214686,0.0,0.0
2024-07-17 10:30:00-04:00,42.20500183105469,42.25,41.900001525878906,42.15999984741211,148489,0.0,0.0
2024-07-17 11:30:00-04:00,42.150001525878906,42.290000915527344,41.77000045776367,41.86000061035156,126845,0.0,0.0
2024-07-17 12:30:00-04:00,41.84000015258789,41.849998474121094,41.5,41.58000183105469,263978,0.0,0.0
2024-07-17 13:30:00-04:00,41.56999969482422,41.810001373291016,41.439998626708984,41.68000030517578,185239,0.0,0.0
2024-07-17 14:30:00-04:00,41.66999816894531,41.720001220703125,41.46500015258789,41.59000015258789,102028,0.0,0.0
2024-07-17 15:30:00-04:00,41.57500076293945,41.689998626708984,41.47999954223633,41.66999816894531,272541,0.0,0.0
2024-07-18 09:30:00-04:00,41.630001068115234,42.08000183105469,41.470001220703125,42.06999969482422,88299,0.0,0.0
2024-07-18 10:30:00-04:00,42.04999923706055,42.15999984741211,41.66999816894531,41.90999984741211,66824,0.0,0.0
2024-07-18 11:30:00-04:00,41.89500045776367,42.08000183105469,41.86000061035156,41.88999938964844,76434,0.0,0.0
2024-07-18 12:30:00-04:00,41.875,41.91999816894531,41.79999923706055,41.849998474121094,70998,0.0,0.0
2024-07-18 13:30:00-04:00,41.84000015258789,41.875,41.43000030517578,41.459999084472656,71519,0.0,0.0
2024-07-18 14:30:00-04:00,41.45000076293945,41.505001068115234,41.255001068115234,41.459999084472656,134805,0.0,0.0
2024-07-18 15:30:00-04:00,41.45000076293945,41.66999816894531,41.43000030517578,41.650001525878906,222605,0.0,0.0
2024-07-19 09:30:00-04:00,41.40999984741211,41.70000076293945,41.13999938964844,41.459999084472656,118995,0.0,0.0
2024-07-19 10:30:00-04:00,41.4900016784668,41.584999084472656,41.150001525878906,41.15999984741211,56070,0.0,0.0
2024-07-19 11:30:00-04:00,41.16999816894531,41.45500183105469,41.15999984741211,41.189998626708984,48919,0.0,0.0
2024-07-19 12:30:00-04:00,41.20000076293945,41.41999816894531,41.119998931884766,41.29999923706055,56978,0.0,0.0
2024-07-19 13:30:00-04:00,41.29999923706055,41.494998931884766,41.279998779296875,41.279998779296875,69675,0.0,0.0
2024-07-19 14:30:00-04:00,41.27000045776367,41.3650016784668,41.15999984741211,41.20000076293945,93585,0.0,0.0
2024-07-19 15:30:00-04:00,41.209999084472656,41.40999984741211,41.18000030517578,41.310001373291016,198434,0.0,0.0
2024-07-22 09:30:00-04:00,41.15999984741211,41.31050109863281,40.450199127197266,40.90999984741211,93109,0.0,0.0
2024-07-22 10:30:00-04:00,40.900001525878906,41.06999969482422,40.810001373291016,40.900001525878906,51673,0.0,0.0
2024-07-22 11:30:00-04:00,40.88999938964844,40.93000030517578,40.59000015258789,40.61000061035156,142278,0.0,0.0
2024-07-22 12:30:00-04:00,40.61000061035156,40.709999084472656,40.529998779296875,40.66999816894531,108589,0.0,0.0
2024-07-22 13:30:00-04:00,40.67499923706055,40.720001220703125,40.36000061035156,40.439998626708984,82567,0.0,0.0
2024-07-22 14:30:00-04:00,40.43000030517578,40.56999969482422,40.369998931884766,40.51499938964844,114671,0.0,0.0
2024-07-22 15:30:00-04:00,40.51499938964844,40.650001525878906,40.36000061035156,40.36000061035156,219513,0.0,0.0
2024-07-23 09:30:00-04:00,40.02000045776367,40.11000061035156,39.4010009765625,39.5281982421875,274504,0.0,0.0
2024-07-23 10:30:00-04:00,39.5099983215332,39.779998779296875,38.939998626708984,38.95000076293945,303007,0.0,0.0
2024-07-23 11:30:00-04:00,38.93000030517578,39.130001068115234,38.68000030517578,38.7599983215332,233324,0.0,0.0
2024-07-23 12:30:00-04:00,38.7599983215332,39.15999984741211,38.72999954223633,39.02000045776367,143723,0.0,0.0
2024-07-23 13:30:00-04:00,39.0099983215332,39.04999923706055,38.86000061035156,38.95000076293945,192821,0.0,0.0
2024-07-23 14:30:00-04:00,38.970001220703125,39.22999954223633,38.959999084472656,39.119998931884766,283897,0.0,0.0
2024-07-23 15:30:00-04:00,39.099998474121094,39.33000183105469,38.83000183105469,38.86000061035156,530154,0.0,0.0
2024-07-24 09:30:00-04:00,39.040000915527344,39.29999923706055,38.34000015258789,38.779998779296875,160518,0.0,0.0
2024-07-24 10:30:00-04:00,38.7400016784668,38.95000076293945,38.619998931884766,38.810001373291016,89142,0.0,0.0
2024-07-24 11:30:00-04:00,38.81999969482422,38.9900016784668,38.63999938964844,38.66999816894531,164595,0.0,0.0
2024-07-24 12:30:00-04:00,38.68000030517578,38.685001373291016,38.38999938964844,38.439998626708984,97481,0.0,0.0
2024-07-24 13:30:00-04:00,38.439998626708984,38.51499938964844,38.33000183105469,38.380001068115234,116090,0.0,0.0
2024-07-24 14:30:00-04:00,38.38999938964844,38.45000076293945,38.310001373291016,38.38999938964844,160441,0.0,0.0
2024-07-24 15:30:00-04:00,38.38999938964844,38.439998626708984,38.150001525878906,38.20000076293945,276382,0.0,0.0
2024-07-25 09:30:00-04:00,38.38999938964844,38.529998779296875,37.9900016784668,38.40999984741211,191352,0.0,0.0
2024-07-25 10:30:00-04:00,38.40999984741211,38.59000015258789,38.13999938964844,38.54999923706055,104452,0.0,0.0
2024-07-25 11:30:00-04:00,38.54499816894531,38.900001525878906,38.45000076293945,38.849998474121094,125514,0.0,0.0
2024-07-25 12:30:00-04:00,38.81999969482422,38.95000076293945,38.75,38.849998474121094,65892,0.0,0.0
2024-07-25 13:30:00-04:00,38.83000183105469,39.0,38.75,38.84000015258789,90466,0.0,0.0
2024-07-25 14:30:00-04:00,38.83000183105469,39.34000015258789,38.83000183105469,39.34000015258789,532188,0.0,0.0
2024-07-25 15:30:00-04:00,39.34000015258789,39.61000061035156,39.28499984741211,39.470001220703125,847255,0.0,0.0
2024-07-26 09:30:00-04:00,39.650001525878906,39.720001220703125,39.099998474121094,39.11000061035156,121340,0.0,0.0
2024-07-26 10:30:00-04:00,39.08000183105469,39.2599983215332,39.0,39.06999969482422,98279,0.0,0.0
2024-07-26 11:30:00-04:00,39.060001373291016,39.63999938964844,39.040000915527344,39.619998931884766,161737,0.0,0.0
2024-07-26 12:30:00-04:00,39.6150016784668,39.97999954223633,39.43000030517578,39.95000076293945,131542,0.0,0.0
2024-07-26 13:30:00-04:00,39.94499969482422,40.04999923706055,39.72999954223633,40.02000045776367,107907,0.0,0.0
2024-07-26 14:30:00-04:00,40.0,40.2400016784668,39.95500183105469,40.06999969482422,342095,0.0,0.0
2024-07-26 15:30:00-04:00,40.060001373291016,40.22999954223633,39.959999084472656,40.22999954223633,489427,0.0,0.0
2024-07-29 09:30:00-04:00,41.22999954223633,41.59000015258789,40.34000015258789,40.349998474121094,364832,0.0,0.0
2024-07-29 10:30:00-04:00,40.25,40.279998779296875,39.79999923706055,39.89500045776367,173422,0.0,0.0
2024-07-29 11:30:00-04:00,39.880001068115234,39.95000076293945,39.63999938964844,39.790000915527344,172439,0.0,0.0
2024-07-29 12:30:00-04:00,39.790000915527344,39.869998931884766,39.720001220703125,39.79999923706055,243790,0.0,0.0
2024-07-29 13:30:00-04:00,39.790000915527344,40.0099983215332,39.650001525878906,39.91999816894531,200516,0.0,0.0
2024-07-29 14:30:00-04:00,39.93000030517578,40.16999816894531,39.880001068115234,40.15010070800781,347472,0.0,0.0
2024-07-29 15:30:00-04:00,40.150001525878906,40.310001373291016,40.13999938964844,40.220001220703125,336014,0.0,0.0
2024-07-30 09:30:00-04:00,40.33000183105469,40.90999984741211,40.33000183105469,40.619998931884766,165997,0.0,0.0
2024-07-30 10:30:00-04:00,40.63999938964844,40.83000183105469,40.599998474121094,40.68000030517578,196898,0.0,0.0
2024-07-30 11:30:00-04:00,40.70000076293945,40.77000045776367,40.5,40.709999084472656,214485,0.0,0.0
2024-07-30 12:30:00-04:00,40.709999084472656,41.05500030517578,40.650001525878906,40.939998626708984,276423,0.0,0.0
2024-07-30 13:30:00-04:00,40.93000030517578,41.08000183105469,40.79999923706055,40.81999969482422,220567,0.0,0.0
2024-07-30 14:30:00-04:00,40.810001373291016,40.89500045776367,40.650001525878906,40.845001220703125,278478,0.0,0.0
2024-07-30 15:30:00-04:00,40.84000015258789,40.84000015258789,40.599998474121094,40.61000061035156,357139,0.0,0.0
2024-07-31 09:30:00-04:00,42.09000015258789,42.97999954223633,41.34000015258789,42.91999816894531,753614,0.0,0.0
2024-07-31 10:30:00-04:00,42.90999984741211,43.279998779296875,42.53499984741211,43.185001373291016,785925,0.0,0.0
2024-07-31 11:30:00-04:00,43.16999816894531,43.59000015258789,42.88999938964844,43.459999084472656,340990,0.0,0.0
2024-07-31 12:30:00-04:00,43.470001220703125,43.79999923706055,43.33000183105469,43.560001373291016,347633,0.0,0.0
2024-07-31 13:30:00-04:00,43.540000915527344,43.55500030517578,42.689998626708984,43.29999923706055,317117,0.0,0.0
2024-07-31 14:30:00-04:00,43.290000915527344,43.560001373291016,43.25,43.2599983215332,526092,0.0,0.0
2024-07-31 15:30:00-04:00,43.2599983215332,43.4900016784668,43.084999084472656,43.220001220703125,594894,0.0,0.0
2024-08-01 09:30:00-04:00,43.220001220703125,43.5,42.0,42.45000076293945,201052,0.0,0.0
2024-08-01 10:30:00-04:00,42.439998626708984,42.540000915527344,41.52000045776367,41.560001373291016,216376,0.0,0.0
2024-08-01 11:30:00-04:00,41.54999923706055,41.61000061035156,41.20000076293945,41.400001525878906,216605,0.0,0.0
2024-08-01 12:30:00-04:00,41.38999938964844,41.39500045776367,41.04499816894531,41.27000045776367,149585,0.0,0.0
2024-08-01 13:30:00-04:00,41.27000045776367,41.459999084472656,41.06999969482422,41.150001525878906,151864,0.0,0.0
2024-08-01 14:30:00-04:00,41.150001525878906,41.29999923706055,41.08000183105469,41.290000915527344,240198,0.0,0.0
2024-08-01 15:30:00-04:00,41.29999923706055,41.619998931884766,41.279998779296875,41.40999984741211,489644,0.0,0.0
2024-08-02 09:30:00-04:00,40.810001373291016,40.810001373291016,39.25,39.33000183105469,425590,0.0,0.0
2024-08-02 10:30:00-04:00,39.310001373291016,39.3849983215332,38.63999938964844,38.67300033569336,242862,0.0,0.0
2024-08-02 11:30:00-04:00,38.685001373291016,38.810001373291016,38.41999816894531,38.54999923706055,194235,0.0,0.0
2024-08-02 12:30:00-04:00,38.529998779296875,38.65999984741211,38.099998474121094,38.099998474121094,211078,0.0,0.0
2024-08-02 13:30:00-04:00,38.099998474121094,38.505001068115234,37.93000030517578,38.42499923706055,223103,0.0,0.0
2024-08-02 14:30:00-04:00,38.41999816894531,38.58000183105469,38.41999816894531,38.47999954223633,239811,0.0,0.0
2024-08-02 15:30:00-04:00,38.47999954223633,38.689998626708984,38.220001220703125,38.57500076293945,519250,0.0,0.0
2024-08-05 09:30:00-04:00,37.0,37.18000030517578,36.33000183105469,36.345001220703125,454825,0.0,0.0
2024-08-05 10:30:00-04:00,36.36000061035156,36.5098991394043,36.09000015258789,36.33000183105469,268391,0.0,0.0
2024-08-05 11:30:00-04:00,36.29999923706055,37.15999984741211,36.279998779296875,37.040000915527344,232063,0.0,0.0
2024-08-05 12:30:00-04:00,37.040000915527344,37.15999984741211,36.540000915527344,36.70000076293945,291327,0.0,0.0
2024-08-05 13:30:00-04:00,36.70000076293945,36.849998474121094,36.630001068115234,36.70000076293945,181570,0.0,0.0
2024-08-05 14:30:00-04:00,36.689998626708984,36.880001068115234,36.4900016784668,36.81999969482422,263299,0.0,0.0
2024-08-05 15:30:00-04:00,36.81999969482422,36.81999969482422,36.43000030517578,36.630001068115234,401943,0.0,0.0
2024-08-06 09:30:00-04:00,36.5099983215332,37.11000061035156,36.150001525878906,37.0,208046,0.0,0.0
2024-08-06 10:30:00-04:00,37.040000915527344,37.564998626708984,36.7599983215332,36.775001525878906,138901,0.0,0.0
2024-08-06 11:30:00-04:00,36.76499938964844,37.09000015258789,36.76499938964844,37.02000045776367,111458,0.0,0.0
2024-08-06 12:30:00-04:00,37.0098991394043,37.19990158081055,36.90999984741211,37.150001525878906,83721,0.0,0.0
2024-08-06 13:30:00-04:00,37.18000030517578,37.31999969482422,37.060001373291016,37.16999816894531,166271,0.0,0.0
2024-08-06 14:30:00-04:00,37.189998626708984,37.209999084472656,36.599998474121094,36.65999984741211,350377,0.0,0.0
2024-08-06 15:30:00-04:00,36.65999984741211,36.72999954223633,36.400001525878906,36.41999816894531,384532,0.0,0.0
2024-08-07 09:30:00-04:00,37.599998474121094,38.218299865722656,37.43000030517578,37.689998626708984,209620,0.0,0.0
2024-08-07 10:30:00-04:00,37.72999954223633,37.97990036010742,37.619998931884766,37.834999084472656,143843,0.0,0.0
2024-08-07 11:30:00-04:00,37.849998474121094,37.86000061035156,37.4900016784668,37.70000076293945,184232,0.0,0.0
2024-08-07 12:30:00-04:00,37.70000076293945,37.78499984741211,37.220001220703125,37.310001373291016,107042,0.0,0.0
2024-08-07 13:30:00-04:00,37.31999969482422,37.540000915527344,36.904998779296875,37.06999969482422,102317,0.0,0.0
2024-08-07 14:30:00-04:00,37.040000915527344,37.32500076293945,36.96500015258789,37.16999816894531,144678,0.0,0.0
2024-08-07 15:30:00-04:00,37.15999984741211,37.27000045776367,36.95000076293945,37.02000045776367,342979,0.0,0.0
2024-08-08 09:30:00-04:00,37.56999969482422,38.04999923706055,37.36000061035156,37.98500061035156,78923,0.0,0.0
2024-08-08 10:30:00-04:00,37.9900016784668,38.16999816894531,37.900001525878906,38.06999969482422,159826,0.0,0.0
2024-08-08 11:30:00-04:00,38.04999923706055,38.060001373291016,37.66999816894531,37.900001525878906,75220,0.0,0.0
2024-08-08 12:30:00-04:00,37.880001068115234,38.290000915527344,37.79999923706055,38.290000915527344,61907,0.0,0.0
2024-08-08 13:30:00-04:00,38.290000915527344,38.369998931884766,38.220001220703125,38.310001373291016,61218,0.0,0.0
2024-08-08 14:30:00-04:00,38.29999923706055,38.380001068115234,38.16999816894531,38.314998626708984,81334,0.0,0.0
2024-08-08 15:30:00-04:00,38.29499816894531,38.34000015258789,37.95000076293945,38.13999938964844,295147,0.0,0.0
2024-08-09 09:30:00-04:00,38.060001373291016,38.119998931884766,37.61000061035156,37.81999969482422,92440,0.0,0.0
2024-08-09 10:30:00-04:00,37.790000915527344,37.915000915527344,37.599998474121094,37.88999938964844,138090,0.0,0.0
2024-08-09 11:30:00-04:00,37.84000015258789,38.099998474121094,37.810001373291016,37.9900016784668,65782,0.0,0.0
2024-08-09 12:30:00-04:00,37.9900016784668,38.130001068115234,37.93000030517578,38.130001068115234,155044,0.0,0.0
2024-08-09 13:30:00-04:00,38.13999938964844,38.220001220703125,37.90999984741211,38.0,94561,0.0,0.0
2024-08-09 14:30:00-04:00,37.97999954223633,38.220001220703125,37.959999084472656,38.189998626708984,103096,0.0,0.0
2024-08-09 15:30:00-04:00,38.16999816894531,38.209999084472656,37.88999938964844,37.970001220703125,219431,0.0,0.0
2024-08-12 09:30:00-04:00,38.27000045776367,38.790000915527344,38.27000045776367,38.59000015258789,150969,0.0,0.0
2024-08-12 10:30:00-04:00,38.61000061035156,38.869998931884766,38.5099983215332,38.630001068115234,123840,0.0,0.0
2024-08-12 11:30:00-04:00,38.61000061035156,38.790000915527344,38.4900016784668,38.709999084472656,64877,0.0,0.0
2024-08-12 12:30:00-04:00,38.720001220703125,38.790000915527344,38.54999923706055,38.69499969482422,84720,0.0,0.0
2024-08-12 13:30:00-04:00,38.70500183105469,38.97999954223633,38.70000076293945,38.91999816894531,81157,0.0,0.0
2024-08-12 14:30:00-04:00,38.90999984741211,39.11000061035156,38.86000061035156,39.02000045776367,107046,0.0,0.0
2024-08-12 15:30:00-04:00,39.0099983215332,39.08000183105469,38.904998779296875,39.02000045776367,211468,0.0,0.0
2024-08-13 09:30:00-04:00,38.790000915527344,38.790000915527344,38.16999816894531,38.31999969482422,105541,0.0,0.0
2024-08-13 10:30:00-04:00,38.29999923706055,38.400001525878906,38.18000030517578,38.290000915527344,109316,0.0,0.0
2024-08-13 11:30:00-04:00,38.279998779296875,38.41999816894531,38.189998626708984,38.369998931884766,91874,0.0,0.0
2024-08-13 12:30:00-04:00,38.36000061035156,38.630001068115234,38.33000183105469,38.540000915527344,67099,0.0,0.0
2024-08-13 13:30:00-04:00,38.529998779296875,38.65999984741211,38.5099983215332,38.650001525878906,103326,0.0,0.0
2024-08-13 14:30:00-04:00,38.650001525878906,38.72999954223633,38.59000015258789,38.61000061035156,101947,0.0,0.0
2024-08-13 15:30:00-04:00,38.61000061035156,38.70000076293945,38.47999954223633,38.68000030517578,283621,0.0,0.0
2024-08-14 09:30:00-04:00,38.900001525878906,38.93000030517578,38.590999603271484,38.93000030517578,82380,0.0,0.0
2024-08-14 10:30:00-04:00,38.900001525878906,38.900001525878906,38.470001220703125,38.52000045776367,36759,0.0,0.0
2024-08-14 11:30:00-04:00,38.540000915527344,38.70000076293945,38.40999984741211,38.45000076293945,163031,0.0,0.0
2024-08-14 12:30:00-04:00,38.45000076293945,38.599998474121094,38.45000076293945,38.52000045776367,42239,0.0,0.0
2024-08-14 13:30:00-04:00,38.529998779296875,38.56999969482422,38.41999816894531,38.51499938964844,48012,0.0,0.0
2024-08-14 14:30:00-04:00,38.52000045776367,38.630001068115234,38.4900016784668,38.59000015258789,92016,0.0,0.0
2024-08-14 15:30:00-04:00,38.59000015258789,38.599998474121094,38.470001220703125,38.47999954223633,211796,0.0,0.0
2024-08-15 09:30:00-04:00,38.81999969482422,39.06999969482422,38.665000915527344,38.939998626708984,103897,0.0,0.0
2024-08-15 10:30:00-04:00,38.95000076293945,39.38999938964844,38.95000076293945,39.369998931884766,69979,0.0,0.0
2024-08-15 11:30:00-04:00,39.369998931884766,39.58000183105469,39.33000183105469,39.529998779296875,59434,0.0,0.0
2024-08-15 12:30:00-04:00,39.560001373291016,39.66999816894531,39.4900016784668,39.654998779296875,84876,0.0,0.0
2024-08-15 13:30:00-04:00,39.66999816894531,39.709999084472656,39.43000030517578,39.470001220703125,60994,0.0,0.0
2024-08-15 14:30:00-04:00,39.470001220703125,39.54999923706055,39.380001068115234,39.5099983215332,150565,0.0,0.0
2024-08-15 15:30:00-04:00,39.5,39.57500076293945,39.400001525878906,39.47999954223633,265592,0.0,0.0
2024-08-16 09:30:00-04:00,39.06999969482422,39.290000915527344,38.88999938964844,38.93000030517578,161961,0.0,0.0
2024-08-16 10:30:00-04:00,38.90999984741211,38.91999816894531,38.689998626708984,38.80500030517578,64054,0.0,0.0
2024-08-16 11:30:00-04:00,38.790000915527344,38.9900016784668,38.779998779296875,38.95000076293945,67615,0.0,0.0
2024-08-16 12:30:00-04:00,38.93000030517578,39.040000915527344,38.880001068115234,38.90999984741211,46387,0.0,0.0
2024-08-16 13:30:00-04:00,38.915000915527344,38.915000915527344,38.72999954223633,38.790000915527344,90373,0.0,0.0
2024-08-16 14:30:00-04:00,38.790000915527344,38.810001373291016,38.650001525878906,38.68000030517578,122433,0.0,0.0
2024-08-16 15:30:00-04:00,38.67499923706055,38.83000183105469,38.58000183105469,38.599998474121094,284710,0.0,0.0
2024-08-19 09:30:00-04:00,38.709999084472656,39.01499938964844,38.650001525878906,39.01499938964844,114829,0.0,0.0
2024-08-19 10:30:00-04:00,39.064998626708984,39.470001220703125,39.02000045776367,39.349998474121094,87967,0.0,0.0
2024-08-19 11:30:00-04:00,39.33000183105469,39.33000183105469,39.11000061035156,39.189998626708984,78258,0.0,0.0
2024-08-19 12:30:00-04:00,39.16999816894531,39.290000915527344,39.13999938964844,39.19499969482422,59207,0.0,0.0
2024-08-19 13:30:00-04:00,39.20000076293945,39.2599983215332,39.08000183105469,39.09000015258789,71310,0.0,0.0
2024-08-19 14:30:00-04:00,39.11000061035156,39.1349983215332,38.959999084472656,38.9900016784668,74540,0.0,0.0
2024-08-19 15:30:00-04:00,38.97999954223633,38.9900016784668,38.84000015258789,38.97999954223633,154038,0.0,0.0
2024-08-20 09:30:00-04:00,38.79999923706055,39.0,38.0,38.09000015258789,112384,0.0,0.0
2024-08-20 10:30:00-04:00,38.040000915527344,38.060001373291016,37.36000061035156,37.40999984741211,133558,0.0,0.0
2024-08-20 11:30:00-04:00,37.404998779296875,37.4900016784668,37.2599983215332,37.40999984741211,120245,0.0,0.0
2024-08-20 12:30:00-04:00,37.40999984741211,37.47999954223633,37.34000015258789,37.369998931884766,57963,0.0,0.0
2024-08-20 13:30:00-04:00,37.380001068115234,37.560001373291016,37.279998779296875,37.529998779296875,110119,0.0,0.0
2024-08-20 14:30:00-04:00,37.529998779296875,37.83000183105469,37.529998779296875,37.7400016784668,116923,0.0,0.0
2024-08-20 15:30:00-04:00,37.75,37.779998779296875,37.52000045776367,37.54999923706055,247371,0.0,0.0
2024-08-21 09:30:00-04:00,38.130001068115234,38.189998626708984,37.560001373291016,37.779998779296875,67312,0.0,0.0
2024-08-21 10:30:00-04:00,37.79999923706055,38.18000030517578,37.77000045776367,38.13999938964844,96481,0.0,0.0
2024-08-21 11:30:00-04:00,38.130001068115234,38.15999984741211,37.790000915527344,37.939998626708984,57958,0.0,0.0
2024-08-21 12:30:00-04:00,37.93000030517578,37.939998626708984,37.7400016784668,37.7400016784668,42036,0.0,0.0
2024-08-21 13:30:00-04:00,37.72999954223633,37.75,37.52000045776367,37.70000076293945,56880,0.0,0.0
2024-08-21 14:30:00-04:00,37.720001220703125,37.83000183105469,37.619998931884766,37.66999816894531,78525,0.0,0.0
2024-08-21 15:30:00-04:00,37.66999816894531,37.83000183105469,37.595001220703125,37.81999969482422,316710,0.0,0.0
2024-08-22 09:30:00-04:00,37.84000015258789,38.209999084472656,37.84000015258789,38.0,42876,0.0,0.0
2024-08-22 10:30:00-04:00,37.959999084472656,38.019901275634766,37.849998474121094,37.959999084472656,43014,0.0,0.0
2024-08-22 11:30:00-04:00,37.939998626708984,38.31999969482422,37.93000030517578,38.279998779296875,38630,0.0,0.0
2024-08-22 12:30:00-04:00,38.2599983215332,38.34000015258789,38.16999816894531,38.20500183105469,74327,0.0,0.0
2024-08-22 13:30:00-04:00,38.20000076293945,38.29999923706055,38.119998931884766,38.18000030517578,61828,0.0,0.0
2024-08-22 14:30:00-04:00,38.16999816894531,38.310001373291016,38.099998474121094,38.20500183105469,97205,0.0,0.0
2024-08-22 15:30:00-04:00,38.189998626708984,38.189998626708984,37.915000915527344,38.04999923706055,123083,0.0,0.0
2024-08-23 09:30:00-04:00,38.439998626708984,39.0,38.349998474121094,38.970001220703125,125138,0.0,0.0
2024-08-23 10:30:00-04:00,39.0,39.290000915527344,38.974998474121094,39.27000045776367,249808,0.0,0.0
2024-08-23 11:30:00-04:00,39.279998779296875,39.36000061035156,39.04499816894531,39.130001068115234,124761,0.0,0.0
2024-08-23 12:30:00-04:00,39.189998626708984,39.70000076293945,39.189998626708984,39.68000030517578,111305,0.0,0.0
2024-08-23 13:30:00-04:00,39.65999984741211,39.68000030517578,39.5099983215332,39.66999816894531,108340,0.0,0.0
2024-08-23 14:30:00-04:00,39.65999984741211,39.689998626708984,39.525001525878906,39.595001220703125,349318,0.0,0.0
2024-08-23 15:30:00-04:00,39.59000015258789,39.63999938964844,39.40999984741211,39.61000061035156,255977,0.0,0.0
2024-08-26 09:30:00-04:00,40.369998931884766,40.667999267578125,40.25,40.47999954223633,139525,0.0,0.0
2024-08-26 10:30:00-04:00,40.459999084472656,40.47999954223633,39.859901428222656,39.88999938964844,127695,0.0,0.0
2024-08-26 11:30:00-04:00,39.880001068115234,40.040000915527344,39.79999923706055,39.97999954223633,65660,0.0,0.0
2024-08-26 12:30:00-04:00,40.0,40.255001068115234,39.95000076293945,40.25,44209,0.0,0.0
2024-08-26 13:30:00-04:00,40.2400016784668,40.27000045776367,40.150001525878906,40.22999954223633,49500,0.0,0.0
2024-08-26 14:30:00-04:00,40.22999954223633,40.279998779296875,40.08000183105469,40.22999954223633,94527,0.0,0.0
2024-08-26 15:30:00-04:00,40.22999954223633,40.310001373291016,40.119998931884766,40.209999084472656,223237,0.0,0.0
2024-08-27 09:30:00-04:00,39.97999954223633,40.20000076293945,39.80500030517578,39.939998626708984,52601,0.0,0.0
2024-08-27 10:30:00-04:00,39.95000076293945,39.95000076293945,39.7400016784668,39.834999084472656,66447,0.0,0.0
2024-08-27 11:30:00-04:00,39.834999084472656,39.849998474121094,39.61000061035156,39.65999984741211,77631,0.0,0.0
2024-08-27 12:30:00-04:00,39.65999984741211,39.849998474121094,39.54499816894531,39.810001373291016,99746,0.0,0.0
2024-08-27 13:30:00-04:00,39.810001373291016,39.84000015258789,39.63999938964844,39.65999984741211,88187,0.0,0.0
2024-08-27 14:30:00-04:00,39.650001525878906,39.79499816894531,39.59000015258789,39.779998779296875,102774,0.0,0.0
2024-08-27 15:30:00-04:00,39.78499984741211,39.880001068115234,39.709999084472656,39.880001068115234,178965,0.0,0.0
2024-08-28 09:30:00-04:00,39.45000076293945,39.75,39.45000076293945,39.47999954223633,70885,0.0,0.0
2024-08-28 10:30:00-04:00,39.459999084472656,39.7400016784668,39.400001525878906,39.5,56447,0.0,0.0
2024-08-28 11:30:00-04:00,39.470001220703125,39.529998779296875,39.38999938964844,39.400001525878906,51607,0.0,0.0
2024-08-28 12:30:00-04:00,39.38999938964844,39.52000045776367,39.36000061035156,39.415000915527344,58989,0.0,0.0
2024-08-28 13:30:00-04:00,39.43000030517578,39.4900016784668,39.380001068115234,39.400001525878906,39761,0.0,0.0
2024-08-28 14:30:00-04:00,39.38999938964844,39.529998779296875,39.38999938964844,39.5099983215332,56616,0.0,0.0
2024-08-28 15:30:00-04:00,39.5099983215332,39.78499984741211,39.4900016784668,39.77000045776367,145324,0.0,0.0
2024-08-29 09:30:00-04:00,40.150001525878906,40.40999984741211,39.75,40.34000015258789,55778,0.0,0.0
2024-08-29 10:30:00-04:00,40.349998474121094,40.380001068115234,40.04999923706055,40.2400016784668,65880,0.0,0.0
2024-08-29 11:30:00-04:00,40.23619842529297,40.41999816894531,40.15999984741211,40.400001525878906,50666,0.0,0.0
2024-08-29 12:30:00-04:00,40.380001068115234,40.45000076293945,40.29999923706055,40.369998931884766,54253,0.0,0.0
2024-08-29 13:30:00-04:00,40.380001068115234,40.52000045776367,40.29499816894531,40.310001373291016,56162,0.0,0.0
2024-08-29 14:30:00-04:00,40.29499816894531,40.505001068115234,40.19499969482422,40.5,72860,0.0,0.0
2024-08-29 15:30:00-04:00,40.5099983215332,40.55500030517578,40.209999084472656,40.33000183105469,232202,0.0,0.0
2024-08-30 09:30:00-04:00,39.77000045776367,39.849998474121094,39.470001220703125,39.599998474121094,97487,0.0,0.0
2024-08-30 10:30:00-04:00,39.619998931884766,39.790000915527344,39.61000061035156,39.689998626708984,42094,0.0,0.0
2024-08-30 11:30:00-04:00,39.69499969482422,39.709999084472656,39.54999923706055,39.599998474121094,70375,0.0,0.0
2024-08-30 12:30:00-04:00,39.59000015258789,39.595001220703125,39.36000061035156,39.540000915527344,35682,0.0,0.0
2024-08-30 13:30:00-04:00,39.529998779296875,39.63999938964844,39.5099983215332,39.6150016784668,49407,0.0,0.0
2024-08-30 14:30:00-04:00,39.61000061035156,39.72999954223633,39.5,39.58000183105469,230365,0.0,0.0
2024-08-30 15:30:00-04:00,39.59000015258789,39.86000061035156,39.52000045776367,39.790000915527344,205970,0.0,0.0
