Datetime,Open,High,Low,Close,Volume,Dividends,Stock Splits
2022-09-01 09:30:00-04:00,9.869999885559082,9.869999885559082,9.765000343322754,9.8100004196167,57514,0.0,0.0
2022-09-01 10:30:00-04:00,9.800000190734863,9.805000305175781,9.739999771118164,9.774999618530273,47761,0.0,0.0
2022-09-01 11:30:00-04:00,9.779999732971191,9.8149995803833,9.760000228881836,9.8149995803833,71274,0.0,0.0
2022-09-01 12:30:00-04:00,9.8100004196167,9.8100004196167,9.739999771118164,9.801199913024902,46644,0.0,0.0
2022-09-01 13:30:00-04:00,9.8100004196167,9.845000267028809,9.779999732971191,9.84000015258789,28728,0.0,0.0
2022-09-01 14:30:00-04:00,9.850000381469727,9.914999961853027,9.84000015258789,9.875,47702,0.0,0.0
2022-09-01 15:30:00-04:00,9.875,9.960000038146973,9.854999542236328,9.960000038146973,74535,0.0,0.0
2022-09-02 09:30:00-04:00,10.069999694824219,10.069999694824219,9.930000305175781,10.029999732971191,29951,0.0,0.0
2022-09-02 10:30:00-04:00,10.050000190734863,10.095000267028809,10.020000457763672,10.020000457763672,13239,0.0,0.0
2022-09-02 11:30:00-04:00,10.029999732971191,10.045000076293945,9.994999885559082,10.015000343322754,54846,0.0,0.0
2022-09-02 12:30:00-04:00,10.0,10.0,9.84000015258789,9.864999771118164,41239,0.0,0.0
2022-09-02 13:30:00-04:00,9.869999885559082,9.925000190734863,9.869999885559082,9.90999984741211,36957,0.0,0.0
2022-09-02 14:30:00-04:00,9.90999984741211,9.9399995803833,9.890000343322754,9.914999961853027,35423,0.0,0.0
2022-09-02 15:30:00-04:00,9.90999984741211,9.914999961853027,9.869999885559082,9.90999984741211,54879,0.0,0.0
2022-09-06 09:30:00-04:00,9.899999618530273,9.925800323486328,9.8100004196167,9.880000114440918,61604,0.0,0.0
2022-09-06 10:30:00-04:00,9.880000114440918,9.880000114440918,9.8100004196167,9.8149995803833,38158,0.0,0.0
2022-09-06 11:30:00-04:00,9.8149995803833,9.850000381469727,9.8100004196167,9.829999923706055,28474,0.0,0.0
2022-09-06 12:30:00-04:00,9.824999809265137,9.859999656677246,9.8100004196167,9.859999656677246,45641,0.0,0.0
2022-09-06 13:30:00-04:00,9.854999542236328,9.904999732971191,9.854999542236328,9.880999565124512,25368,0.0,0.0
2022-09-06 14:30:00-04:00,9.880000114440918,9.885000228881836,9.819999694824219,9.819999694824219,34650,0.0,0.0
2022-09-06 15:30:00-04:00,9.819999694824219,9.850000381469727,9.805000305175781,9.8100004196167,67488,0.0,0.0
2022-09-07 09:30:00-04:00,9.819999694824219,10.001500129699707,9.805000305175781,9.960000038146973,51365,0.0,0.0
2022-09-07 10:30:00-04:00,9.975299835205078,10.149999618530273,9.975299835205078,10.130000114440918,41334,0.0,0.0
2022-09-07 11:30:00-04:00,10.130000114440918,10.170000076293945,10.079999923706055,10.119999885559082,36421,0.0,0.0
2022-09-07 12:30:00-04:00,10.119999885559082,10.15999984741211,10.119999885559082,10.149999618530273,25596,0.0,0.0
2022-09-07 13:30:00-04:00,10.149999618530273,10.25,10.149999618530273,10.248100280761719,49766,0.0,0.0
2022-09-07 14:30:00-04:00,10.25,10.3100004196167,10.234999656677246,10.28499984741211,49087,0.0,0.0
2022-09-07 15:30:00-04:00,10.279999732971191,10.300000190734863,10.244999885559082,10.270000457763672,69444,0.0,0.0
2022-09-08 09:30:00-04:00,10.220000267028809,10.229999542236328,10.109999656677246,10.170000076293945,39158,0.0,0.0
2022-09-08 10:30:00-04:00,10.180000305175781,10.229999542236328,10.170000076293945,10.180000305175781,21488,0.0,0.0
2022-09-08 11:30:00-04:00,10.170000076293945,10.210000038146973,10.145000457763672,10.149999618530273,28912,0.0,0.0
2022-09-08 12:30:00-04:00,10.145000457763672,10.229999542236328,10.145000457763672,10.229999542236328,24834,0.0,0.0
2022-09-08 13:30:00-04:00,10.220000267028809,10.270000457763672,10.199999809265137,10.260000228881836,20566,0.0,0.0
2022-09-08 14:30:00-04:00,10.260000228881836,10.34000015258789,10.260000228881836,10.3149995803833,74625,0.0,0.0
2022-09-08 15:30:00-04:00,10.3100004196167,10.329999923706055,10.289999961853027,10.329999923706055,61842,0.0,0.0
2022-09-09 09:30:00-04:00,10.369999885559082,10.479999542236328,10.350000381469727,10.479999542236328,37304,0.0,0.0
2022-09-09 10:30:00-04:00,10.484999656677246,10.529999732971191,10.484999656677246,10.520000457763672,21986,0.0,0.0
2022-09-09 11:30:00-04:00,10.520000457763672,10.545000076293945,10.5,10.529999732971191,25748,0.0,0.0
2022-09-09 12:30:00-04:00,10.530900001525879,10.59000015258789,10.529999732971191,10.579999923706055,15692,0.0,0.0
2022-09-09 13:30:00-04:00,10.579999923706055,10.619999885559082,10.5,10.515000343322754,36410,0.0,0.0
2022-09-09 14:30:00-04:00,10.520000457763672,10.539999961853027,10.494999885559082,10.515000343322754,30078,0.0,0.0
2022-09-09 15:30:00-04:00,10.515000343322754,10.5600004196167,10.479999542236328,10.550000190734863,84775,0.0,0.0
2022-09-12 09:30:00-04:00,10.630000114440918,10.6850004196167,10.59000015258789,10.645000457763672,27104,0.0,0.0
2022-09-12 10:30:00-04:00,10.640000343322754,10.654999732971191,10.53499984741211,10.545000076293945,44508,0.0,0.0
2022-09-12 11:30:00-04:00,10.539999961853027,10.550000190734863,10.484999656677246,10.515000343322754,29121,0.0,0.0
2022-09-12 12:30:00-04:00,10.520000457763672,10.539999961853027,10.5,10.520000457763672,24559,0.0,0.0
2022-09-12 13:30:00-04:00,10.520000457763672,10.569999694824219,10.494999885559082,10.5,29604,0.0,0.0
2022-09-12 14:30:00-04:00,10.5,10.520000457763672,10.494999885559082,10.494999885559082,28722,0.0,0.0
2022-09-12 15:30:00-04:00,10.489999771118164,10.529999732971191,10.479999542236328,10.5,77087,0.0,0.0
2022-09-13 09:30:00-04:00,10.319999694824219,10.470000267028809,10.319999694824219,10.380000114440918,37135,0.0,0.0
2022-09-13 10:30:00-04:00,10.359999656677246,10.359999656677246,10.220000267028809,10.229999542236328,25792,0.0,0.0
2022-09-13 11:30:00-04:00,10.229999542236328,10.279999732971191,10.21500015258789,10.21500015258789,15652,0.0,0.0
2022-09-13 12:30:00-04:00,10.210000038146973,10.210000038146973,10.15999984741211,10.210000038146973,18920,0.0,0.0
2022-09-13 13:30:00-04:00,10.210000038146973,10.239999771118164,10.119999885559082,10.119999885559082,17512,0.0,0.0
2022-09-13 14:30:00-04:00,10.119999885559082,10.140000343322754,10.010000228881836,10.010000228881836,27694,0.0,0.0
2022-09-13 15:30:00-04:00,10.010000228881836,10.095000267028809,9.989999771118164,10.0600004196167,91132,0.0,0.0
2022-09-14 09:30:00-04:00,9.989999771118164,10.069999694824219,9.982000350952148,9.984999656677246,53929,0.0,0.0
2022-09-14 10:30:00-04:00,9.979999542236328,10.114999771118164,9.969900131225586,10.0600004196167,28221,0.0,0.0
2022-09-14 11:30:00-04:00,10.055000305175781,10.0600004196167,10.005000114440918,10.020000457763672,29504,0.0,0.0
2022-09-14 12:30:00-04:00,10.010000228881836,10.085000038146973,10.005000114440918,10.069999694824219,14052,0.0,0.0
2022-09-14 13:30:00-04:00,10.069999694824219,10.074999809265137,10.020000457763672,10.074999809265137,18925,0.0,0.0
2022-09-14 14:30:00-04:00,10.079999923706055,10.079999923706055,10.0,10.010000228881836,26992,0.0,0.0
2022-09-14 15:30:00-04:00,10.010000228881836,10.0600004196167,9.989999771118164,10.03499984741211,48954,0.0,0.0
2022-09-15 09:30:00-04:00,9.970000267028809,10.260000228881836,9.970000267028809,10.210000038146973,80208,0.0,0.0
2022-09-15 10:30:00-04:00,10.199999809265137,10.220000267028809,10.145000457763672,10.154999732971191,84511,0.0,0.0
2022-09-15 11:30:00-04:00,10.15999984741211,10.15999984741211,10.029999732971191,10.039999961853027,19938,0.0,0.0
2022-09-15 12:30:00-04:00,10.020000457763672,10.119999885559082,10.020000457763672,10.10200023651123,15319,0.0,0.0
2022-09-15 13:30:00-04:00,10.100000381469727,10.100000381469727,9.970000267028809,9.971699714660645,27515,0.0,0.0
2022-09-15 14:30:00-04:00,9.979999542236328,9.979999542236328,9.859999656677246,9.864999771118164,39814,0.0,0.0
2022-09-15 15:30:00-04:00,9.850000381469727,9.869999885559082,9.84000015258789,9.850000381469727,51938,0.0,0.0
2022-09-16 09:30:00-04:00,9.699999809265137,9.765999794006348,9.670000076293945,9.739999771118164,171843,0.0,0.0
2022-09-16 10:30:00-04:00,9.739999771118164,9.770000457763672,9.723799705505371,9.770000457763672,24535,0.0,0.0
2022-09-16 11:30:00-04:00,9.789999961853027,9.789999961853027,9.729999542236328,9.769100189208984,28791,0.0,0.0
2022-09-16 12:30:00-04:00,9.760000228881836,9.81879997253418,9.760000228881836,9.796099662780762,14792,0.0,0.0
2022-09-16 13:30:00-04:00,9.800000190734863,9.880000114440918,9.800000190734863,9.850099563598633,22164,0.0,0.0
2022-09-16 14:30:00-04:00,9.854999542236328,9.890000343322754,9.829999923706055,9.829999923706055,34985,0.0,0.0
2022-09-16 15:30:00-04:00,9.829999923706055,10.050000190734863,9.819999694824219,10.020000457763672,106187,0.0,0.0
2022-09-19 09:30:00-04:00,9.9399995803833,9.958000183105469,9.8100004196167,9.859999656677246,34387,0.0,0.0
2022-09-19 10:30:00-04:00,9.859999656677246,9.980999946594238,9.850000381469727,9.930000305175781,36473,0.0,0.0
2022-09-19 11:30:00-04:00,9.920000076293945,9.960000038146973,9.885000228881836,9.885000228881836,65561,0.0,0.0
2022-09-19 12:30:00-04:00,9.885000228881836,9.925000190734863,9.880000114440918,9.920000076293945,15135,0.0,0.0
2022-09-19 13:30:00-04:00,9.914999961853027,9.920000076293945,9.800000190734863,9.800000190734863,21317,0.0,0.0
2022-09-19 14:30:00-04:00,9.80049991607666,9.859999656677246,9.760000228881836,9.819999694824219,35180,0.0,0.0
2022-09-19 15:30:00-04:00,9.824999809265137,9.904999732971191,9.819999694824219,9.890000343322754,51217,0.0,0.0
2022-09-20 09:30:00-04:00,9.8100004196167,9.8100004196167,9.720000267028809,9.789999961853027,58685,0.0,0.0
2022-09-20 10:30:00-04:00,9.779999732971191,9.789999961853027,9.707300186157227,9.710000038146973,40081,0.0,0.0
2022-09-20 11:30:00-04:00,9.699999809265137,9.779999732971191,9.670000076293945,9.765000343322754,26293,0.0,0.0
2022-09-20 12:30:00-04:00,9.760000228881836,9.760000228881836,9.699999809265137,9.699999809265137,17836,0.0,0.0
2022-09-20 13:30:00-04:00,9.680800437927246,9.710000038146973,9.640000343322754,9.675000190734863,31042,0.0,0.0
2022-09-20 14:30:00-04:00,9.670000076293945,9.6899995803833,9.619999885559082,9.65999984741211,26414,0.0,0.0
2022-09-20 15:30:00-04:00,9.645000457763672,9.6899995803833,9.640000343322754,9.6850004196167,60357,0.0,0.0
2022-09-21 09:30:00-04:00,9.6899995803833,9.729999542236328,9.630000114440918,9.630000114440918,31738,0.0,0.0
2022-09-21 10:30:00-04:00,9.630000114440918,9.699999809265137,9.630000114440918,9.680000305175781,32943,0.0,0.0
2022-09-21 11:30:00-04:00,9.675000190734863,9.704999923706055,9.65999984741211,9.694999694824219,20910,0.0,0.0
2022-09-21 12:30:00-04:00,9.6899995803833,9.710000038146973,9.673999786376953,9.6899995803833,21280,0.0,0.0
2022-09-21 13:30:00-04:00,9.699999809265137,9.729999542236328,9.510000228881836,9.520000457763672,35783,0.0,0.0
2022-09-21 14:30:00-04:00,9.510000228881836,9.710000038146973,9.5,9.529999732971191,53244,0.0,0.0
2022-09-21 15:30:00-04:00,9.520000457763672,9.524999618530273,9.449999809265137,9.460000038146973,114626,0.0,0.0
2022-09-22 09:30:00-04:00,9.399999618530273,9.428099632263184,9.149999618530273,9.194999694824219,48417,0.0,0.0
2022-09-22 10:30:00-04:00,9.1899995803833,9.244999885559082,9.1850004196167,9.234999656677246,32977,0.0,0.0
2022-09-22 11:30:00-04:00,9.239999771118164,9.260000228881836,9.199999809265137,9.239999771118164,34140,0.0,0.0
2022-09-22 12:30:00-04:00,9.233499526977539,9.286499977111816,9.229999542236328,9.286499977111816,26755,0.0,0.0
2022-09-22 13:30:00-04:00,9.29800033569336,9.324999809265137,9.274999618530273,9.324999809265137,27370,0.0,0.0
2022-09-22 14:30:00-04:00,9.324999809265137,9.324999809265137,9.280099868774414,9.28499984741211,29541,0.0,0.0
2022-09-22 15:30:00-04:00,9.289999961853027,9.329999923706055,9.270000457763672,9.279999732971191,54065,0.0,0.0
2022-09-23 09:30:00-04:00,9.149999618530273,9.170000076293945,8.970000267028809,8.994999885559082,42904,0.0,0.0
2022-09-23 10:30:00-04:00,9.005000114440918,9.149999618530273,8.970000267028809,9.109999656677246,59332,0.0,0.0
2022-09-23 11:30:00-04:00,9.104999542236328,9.109999656677246,9.010000228881836,9.010000228881836,17062,0.0,0.0
2022-09-23 12:30:00-04:00,9.010000228881836,9.119999885559082,9.010000228881836,9.069999694824219,24891,0.0,0.0
2022-09-23 13:30:00-04:00,9.069999694824219,9.09000015258789,9.039999961853027,9.045000076293945,49621,0.0,0.0
2022-09-23 14:30:00-04:00,9.039999961853027,9.085000038146973,9.010000228881836,9.079999923706055,62766,0.0,0.0
2022-09-23 15:30:00-04:00,9.079999923706055,9.119999885559082,9.079999923706055,9.100000381469727,44621,0.0,0.0
2022-09-26 09:30:00-04:00,9.0,9.09000015258789,8.90999984741211,9.0600004196167,53406,0.0,0.0
2022-09-26 10:30:00-04:00,9.050000190734863,9.050000190734863,8.92020034790039,8.949999809265137,54416,0.0,0.0
2022-09-26 11:30:00-04:00,8.949999809265137,8.949999809265137,8.829999923706055,8.829999923706055,55741,0.0,0.0
2022-09-26 12:30:00-04:00,8.829999923706055,8.850000381469727,8.779999732971191,8.800000190734863,34121,0.0,0.0
2022-09-26 13:30:00-04:00,8.800000190734863,8.84000015258789,8.789999961853027,8.789999961853027,77293,0.0,0.0
2022-09-26 14:30:00-04:00,8.78499984741211,8.8100004196167,8.760000228881836,8.78499984741211,58482,0.0,0.0
2022-09-26 15:30:00-04:00,8.779999732971191,8.819999694824219,8.739999771118164,8.760000228881836,85378,0.0,0.0
2022-09-27 09:30:00-04:00,8.800000190734863,8.899999618530273,8.699999809265137,8.699999809265137,64396,0.0,0.0
2022-09-27 10:30:00-04:00,8.710000038146973,8.8100004196167,8.704999923706055,8.744999885559082,82435,0.0,0.0
2022-09-27 11:30:00-04:00,8.75,8.760000228881836,8.63479995727539,8.649999618530273,70564,0.0,0.0
2022-09-27 12:30:00-04:00,8.640000343322754,8.710000038146973,8.595000267028809,8.694999694824219,52304,0.0,0.0
2022-09-27 13:30:00-04:00,8.6899995803833,8.694999694824219,8.625,8.694999694824219,35421,0.0,0.0
2022-09-27 14:30:00-04:00,8.6899995803833,8.729999542236328,8.645000457763672,8.645000457763672,40748,0.0,0.0
2022-09-27 15:30:00-04:00,8.649999618530273,8.65999984741211,8.569999694824219,8.609999656677246,102508,0.0,0.0
2022-09-28 09:30:00-04:00,8.579999923706055,8.850000381469727,8.550000190734863,8.84000015258789,34117,0.0,0.0
2022-09-28 10:30:00-04:00,8.850000381469727,8.970000267028809,8.835000038146973,8.960000038146973,38026,0.0,0.0
2022-09-28 11:30:00-04:00,8.949999809265137,8.949999809265137,8.880000114440918,8.9350004196167,49155,0.0,0.0
2022-09-28 12:30:00-04:00,8.9350004196167,8.970000267028809,8.914999961853027,8.954999923706055,25737,0.0,0.0
2022-09-28 13:30:00-04:00,8.949999809265137,8.960000038146973,8.90999984741211,8.925000190734863,41590,0.0,0.0
2022-09-28 14:30:00-04:00,8.925000190734863,8.960000038146973,8.90999984741211,8.954999923706055,32497,0.0,0.0
2022-09-28 15:30:00-04:00,8.954999923706055,8.975000381469727,8.869999885559082,8.880000114440918,81588,0.0,0.0
2022-09-29 09:30:00-04:00,8.680000305175781,8.680000305175781,8.420000076293945,8.449999809265137,94828,0.0,0.0
2022-09-29 10:30:00-04:00,8.4399995803833,8.484999656677246,8.430000305175781,8.484999656677246,40001,0.0,0.0
2022-09-29 11:30:00-04:00,8.489999771118164,8.515000343322754,8.460000038146973,8.510000228881836,38468,0.0,0.0
2022-09-29 12:30:00-04:00,8.505000114440918,8.53499984741211,8.484999656677246,8.53499984741211,40942,0.0,0.0
2022-09-29 13:30:00-04:00,8.536800384521484,8.550000190734863,8.494999885559082,8.529999732971191,52463,0.0,0.0
2022-09-29 14:30:00-04:00,8.529999732971191,8.555000305175781,8.489999771118164,8.53499984741211,42204,0.0,0.0
2022-09-29 15:30:00-04:00,8.529999732971191,8.600000381469727,8.529999732971191,8.579999923706055,47254,0.0,0.0
2022-09-30 09:30:00-04:00,8.630000114440918,8.850000381469727,8.630000114440918,8.760000228881836,30933,0.0,0.0
2022-09-30 10:30:00-04:00,8.760000228881836,8.899999618530273,8.760000228881836,8.885000228881836,32427,0.0,0.0
2022-09-30 11:30:00-04:00,8.880000114440918,8.890000343322754,8.770000457763672,8.774999618530273,18578,0.0,0.0
2022-09-30 12:30:00-04:00,8.779999732971191,8.819999694824219,8.744999885559082,8.765000343322754,26913,0.0,0.0
2022-09-30 13:30:00-04:00,8.765000343322754,8.819999694824219,8.725000381469727,8.795000076293945,33812,0.0,0.0
2022-09-30 14:30:00-04:00,8.800000190734863,8.819999694824219,8.75,8.765000343322754,40584,0.0,0.0
2022-09-30 15:30:00-04:00,8.765000343322754,8.789999961853027,8.739999771118164,8.75,90841,0.0,0.0
2022-10-03 09:30:00-04:00,8.75,8.800000190734863,8.64009952545166,8.774999618530273,38744,0.0,0.0
2022-10-03 10:30:00-04:00,8.770000457763672,8.794599533081055,8.734999656677246,8.75,43323,0.0,0.0
2022-10-03 11:30:00-04:00,8.760000228881836,8.765000343322754,8.670000076293945,8.699999809265137,51660,0.0,0.0
2022-10-03 12:30:00-04:00,8.6899995803833,8.8100004196167,8.6850004196167,8.800000190734863,37049,0.0,0.0
2022-10-03 13:30:00-04:00,8.795000076293945,8.822400093078613,8.760000228881836,8.795000076293945,38022,0.0,0.0
2022-10-03 14:30:00-04:00,8.789999961853027,8.819999694824219,8.755000114440918,8.779999732971191,47834,0.0,0.0
2022-10-03 15:30:00-04:00,8.779999732971191,8.800000190734863,8.710000038146973,8.75,127034,0.0,0.0
2022-10-04 09:30:00-04:00,8.819999694824219,9.170000076293945,8.819999694824219,9.130000114440918,43121,0.0,0.0
2022-10-04 10:30:00-04:00,9.128000259399414,9.225000381469727,9.125,9.220000267028809,36167,0.0,0.0
2022-10-04 11:30:00-04:00,9.21500015258789,9.329999923706055,9.21500015258789,9.329999923706055,21671,0.0,0.0
2022-10-04 12:30:00-04:00,9.329999923706055,9.357000350952148,9.279999732971191,9.315400123596191,20740,0.0,0.0
2022-10-04 13:30:00-04:00,9.319999694824219,9.359999656677246,9.279999732971191,9.279999732971191,41685,0.0,0.0
2022-10-04 14:30:00-04:00,9.279999732971191,9.319999694824219,9.260000228881836,9.265000343322754,28962,0.0,0.0
2022-10-04 15:30:00-04:00,9.260000228881836,9.329999923706055,9.255000114440918,9.329999923706055,38749,0.0,0.0
2022-10-05 09:30:00-04:00,9.149999618530273,9.229999542236328,9.09000015258789,9.09000015258789,76106,0.0,0.0
2022-10-05 10:30:00-04:00,9.085000038146973,9.085000038146973,8.960000038146973,8.970000267028809,22344,0.0,0.0
2022-10-05 11:30:00-04:00,8.970000267028809,9.029999732971191,8.9350004196167,9.020000457763672,22636,0.0,0.0
2022-10-05 12:30:00-04:00,9.015000343322754,9.0600004196167,8.979999542236328,9.050000190734863,26303,0.0,0.0
2022-10-05 13:30:00-04:00,9.039999961853027,9.079999923706055,9.029999732971191,9.074999809265137,21847,0.0,0.0
2022-10-05 14:30:00-04:00,9.069999694824219,9.09000015258789,9.050000190734863,9.069999694824219,23569,0.0,0.0
2022-10-05 15:30:00-04:00,9.069999694824219,9.079999923706055,9.045000076293945,9.069999694824219,35547,0.0,0.0
2022-10-06 09:30:00-04:00,9.010000228881836,9.130000114440918,8.9399995803833,8.9399995803833,27524,0.0,0.0
2022-10-06 10:30:00-04:00,8.930999755859375,8.944999694824219,8.899999618530273,8.920000076293945,14593,0.0,0.0
2022-10-06 11:30:00-04:00,8.90999984741211,8.925000190734863,8.845000267028809,8.920000076293945,23067,0.0,0.0
2022-10-06 12:30:00-04:00,8.90999984741211,8.989999771118164,8.899999618530273,8.979999542236328,20392,0.0,0.0
2022-10-06 13:30:00-04:00,8.984999656677246,8.984999656677246,8.911999702453613,8.916899681091309,16497,0.0,0.0
2022-10-06 14:30:00-04:00,8.920000076293945,8.9350004196167,8.880000114440918,8.930000305175781,0,0.0,0.0
2022-10-06 15:30:00-04:00,8.9350004196167,8.970000267028809,8.899999618530273,8.960000038146973,153689,0.0,0.0
2022-10-07 09:30:00-04:00,8.869999885559082,8.920000076293945,8.819999694824219,8.875,24903,0.0,0.0
2022-10-07 10:30:00-04:00,8.869999885559082,8.914999961853027,8.789999961853027,8.789999961853027,29650,0.0,0.0
2022-10-07 11:30:00-04:00,8.79010009765625,8.869999885559082,8.739999771118164,8.829999923706055,34376,0.0,0.0
2022-10-07 12:30:00-04:00,8.829999923706055,8.866499900817871,8.789999961853027,8.8149995803833,29814,0.0,0.0
2022-10-07 13:30:00-04:00,8.8100004196167,8.835000038146973,8.78499984741211,8.835000038146973,26591,0.0,0.0
2022-10-07 14:30:00-04:00,8.829999923706055,8.850000381469727,8.789999961853027,8.789999961853027,30741,0.0,0.0
2022-10-07 15:30:00-04:00,8.789999961853027,8.880000114440918,8.789999961853027,8.850000381469727,63804,0.0,0.0
2022-10-10 09:30:00-04:00,8.899999618530273,8.979999542236328,8.859999656677246,8.960000038146973,13525,0.0,0.0
2022-10-10 10:30:00-04:00,8.960000038146973,8.970000267028809,8.90999984741211,8.930000305175781,11500,0.0,0.0
2022-10-10 11:30:00-04:00,8.925000190734863,8.949999809265137,8.89229965209961,8.899999618530273,12479,0.0,0.0
2022-10-10 12:30:00-04:00,8.899999618530273,8.975000381469727,8.883000373840332,8.975000381469727,25988,0.0,0.0
2022-10-10 13:30:00-04:00,8.979999542236328,9.029999732971191,8.920000076293945,8.9399995803833,42403,0.0,0.0
2022-10-10 14:30:00-04:00,8.9399995803833,8.96030044555664,8.890000343322754,8.899999618530273,21044,0.0,0.0
2022-10-10 15:30:00-04:00,8.890000343322754,8.90999984741211,8.869999885559082,8.869999885559082,21232,0.0,0.0
2022-10-11 09:30:00-04:00,8.84000015258789,8.850000381469727,8.75,8.850000381469727,21619,0.0,0.0
2022-10-11 10:30:00-04:00,8.869999885559082,8.930000305175781,8.869999885559082,8.895000457763672,16390,0.0,0.0
2022-10-11 11:30:00-04:00,8.895000457763672,8.899999618530273,8.789999961853027,8.789999961853027,66653,0.0,0.0
2022-10-11 12:30:00-04:00,8.779999732971191,8.789999961853027,8.720000267028809,8.765000343322754,107588,0.0,0.0
2022-10-11 13:30:00-04:00,8.765000343322754,8.895000457763672,8.760000228881836,8.883899688720703,24965,0.0,0.0
2022-10-11 14:30:00-04:00,8.899999618530273,8.920000076293945,8.819999694824219,8.850000381469727,39022,0.0,0.0
2022-10-11 15:30:00-04:00,8.850000381469727,8.979999542236328,8.84000015258789,8.930000305175781,55528,0.0,0.0
2022-10-12 09:30:00-04:00,8.960000038146973,8.979999542236328,8.859999656677246,8.859999656677246,12928,0.0,0.0
2022-10-12 10:30:00-04:00,8.899999618530273,8.920000076293945,8.869999885559082,8.899999618530273,8000,0.0,0.0
2022-10-12 11:30:00-04:00,8.899100303649902,8.954999923706055,8.891500473022461,8.949999809265137,11405,0.0,0.0
2022-10-12 12:30:00-04:00,8.9399995803833,9.0,8.9399995803833,8.975000381469727,10500,0.0,0.0
2022-10-12 13:30:00-04:00,8.970000267028809,9.0,8.920000076293945,9.0,12421,0.0,0.0
2022-10-12 14:30:00-04:00,9.0,9.029999732971191,8.979999542236328,9.005000114440918,19469,0.0,0.0
2022-10-12 15:30:00-04:00,9.0,9.011799812316895,8.960000038146973,8.960000038146973,26356,0.0,0.0
2022-10-13 09:30:00-04:00,8.880000114440918,8.9399995803833,8.75,8.90999984741211,24599,0.0,0.0
2022-10-13 10:30:00-04:00,8.90999984741211,8.989999771118164,8.84000015258789,8.84000015258789,61113,0.0,0.0
2022-10-13 11:30:00-04:00,8.880000114440918,8.930000305175781,8.824999809265137,8.869999885559082,118600,0.0,0.0
2022-10-13 12:30:00-04:00,8.869999885559082,8.979999542236328,8.850000381469727,8.96500015258789,62922,0.0,0.0
2022-10-13 13:30:00-04:00,8.970000267028809,9.050000190734863,8.949999809265137,8.970000267028809,94340,0.0,0.0
2022-10-13 14:30:00-04:00,8.96500015258789,9.15999984741211,8.96500015258789,9.100000381469727,45952,0.0,0.0
2022-10-13 15:30:00-04:00,9.100000381469727,9.140000343322754,9.0600004196167,9.119999885559082,35072,0.0,0.0
2022-10-14 09:30:00-04:00,9.25,9.289999961853027,9.09000015258789,9.109999656677246,25585,0.0,0.0
2022-10-14 10:30:00-04:00,9.109999656677246,9.170000076293945,9.104999542236328,9.13010025024414,15470,0.0,0.0
2022-10-14 11:30:00-04:00,9.140000343322754,9.1899995803833,9.109999656677246,9.180000305175781,22745,0.0,0.0
2022-10-14 12:30:00-04:00,9.199999809265137,9.229999542236328,9.151100158691406,9.15999984741211,28177,0.0,0.0
2022-10-14 13:30:00-04:00,9.164999961853027,9.210000038146973,9.15999984741211,9.178000450134277,12317,0.0,0.0
2022-10-14 14:30:00-04:00,9.180000305175781,9.1899995803833,9.095000267028809,9.130000114440918,18844,0.0,0.0
2022-10-14 15:30:00-04:00,9.140000343322754,9.154999732971191,9.079999923706055,9.09000015258789,37948,0.0,0.0
2022-10-17 09:30:00-04:00,9.270000457763672,9.40999984741211,9.220000267028809,9.329999923706055,29996,0.0,0.0
2022-10-17 10:30:00-04:00,9.34000015258789,9.369999885559082,9.289999961853027,9.350000381469727,22442,0.0,0.0
2022-10-17 11:30:00-04:00,9.359999656677246,9.40999984741211,9.350000381469727,9.380000114440918,28800,0.0,0.0
2022-10-17 12:30:00-04:00,9.380000114440918,9.399999618530273,9.34000015258789,9.380000114440918,28028,0.0,0.0
2022-10-17 13:30:00-04:00,9.369999885559082,9.420000076293945,9.239999771118164,9.270000457763672,94588,0.0,0.0
2022-10-17 14:30:00-04:00,9.270000457763672,9.305000305175781,9.244999885559082,9.265000343322754,60639,0.0,0.0
2022-10-17 15:30:00-04:00,9.260000228881836,9.319999694824219,9.239999771118164,9.300000190734863,50076,0.0,0.0
2022-10-18 09:30:00-04:00,9.390000343322754,9.5600004196167,9.359999656677246,9.369999885559082,36867,0.0,0.0
2022-10-18 10:30:00-04:00,9.359999656677246,9.390000343322754,9.270099639892578,9.34000015258789,32803,0.0,0.0
2022-10-18 11:30:00-04:00,9.34000015258789,9.369999885559082,9.3100004196167,9.359999656677246,22878,0.0,0.0
2022-10-18 12:30:00-04:00,9.354999542236328,9.380000114440918,9.265000343322754,9.295100212097168,30084,0.0,0.0
2022-10-18 13:30:00-04:00,9.295000076293945,9.359999656677246,9.239999771118164,9.279999732971191,30623,0.0,0.0
2022-10-18 14:30:00-04:00,9.28499984741211,9.28499984741211,9.15999984741211,9.229999542236328,29208,0.0,0.0
2022-10-18 15:30:00-04:00,9.220000267028809,9.270000457763672,9.210000038146973,9.229999542236328,41525,0.0,0.0
2022-10-19 09:30:00-04:00,9.050000190734863,9.119999885559082,8.9399995803833,9.020000457763672,39368,0.0,0.0
2022-10-19 10:30:00-04:00,9.020000457763672,9.029999732971191,8.930000305175781,8.944999694824219,31444,0.0,0.0
2022-10-19 11:30:00-04:00,8.9399995803833,8.949999809265137,8.880000114440918,8.899999618530273,27254,0.0,0.0
2022-10-19 12:30:00-04:00,8.890000343322754,8.895000457763672,8.739999771118164,8.8100004196167,27579,0.0,0.0
2022-10-19 13:30:00-04:00,8.819999694824219,8.90999984741211,8.8149995803833,8.890000343322754,17188,0.0,0.0
2022-10-19 14:30:00-04:00,8.890000343322754,9.0,8.864999771118164,8.960000038146973,39568,0.0,0.0
2022-10-19 15:30:00-04:00,8.954999923706055,8.984999656677246,8.930000305175781,8.96500015258789,59655,0.0,0.0
2022-10-20 09:30:00-04:00,8.859999656677246,9.079999923706055,8.859999656677246,9.039999961853027,24443,0.0,0.0
2022-10-20 10:30:00-04:00,9.0600004196167,9.079999923706055,9.020000457763672,9.045000076293945,11216,0.0,0.0
2022-10-20 11:30:00-04:00,9.0600004196167,9.109999656677246,8.960000038146973,8.960000038146973,14285,0.0,0.0
2022-10-20 12:30:00-04:00,8.960000038146973,8.979999542236328,8.930000305175781,8.960000038146973,21562,0.0,0.0
2022-10-20 13:30:00-04:00,8.949999809265137,9.039999961853027,8.946999549865723,8.989999771118164,20080,0.0,0.0
2022-10-20 14:30:00-04:00,8.989999771118164,9.050000190734863,8.989999771118164,9.015000343322754,16704,0.0,0.0
2022-10-20 15:30:00-04:00,9.020000457763672,9.050000190734863,9.0,9.010000228881836,25568,0.0,0.0
2022-10-21 09:30:00-04:00,9.0600004196167,9.09000015258789,8.949999809265137,9.010000228881836,26727,0.0,0.0
2022-10-21 10:30:00-04:00,9.0,9.0,8.930000305175781,8.96500015258789,8937,0.0,0.0
2022-10-21 11:30:00-04:00,8.979999542236328,9.029999732971191,8.968700408935547,9.0,20278,0.0,0.0
2022-10-21 12:30:00-04:00,8.979999542236328,9.055000305175781,8.975000381469727,9.039999961853027,23242,0.0,0.0
2022-10-21 13:30:00-04:00,9.039999961853027,9.079999923706055,9.029999732971191,9.039999961853027,8700,0.0,0.0
2022-10-21 14:30:00-04:00,9.04010009765625,9.100000381469727,9.039999961853027,9.100000381469727,9596,0.0,0.0
2022-10-21 15:30:00-04:00,9.109999656677246,9.119999885559082,9.039999961853027,9.0600004196167,32060,0.0,0.0
2022-10-24 09:30:00-04:00,9.09000015258789,9.130000114440918,8.989999771118164,9.020000457763672,21346,0.0,0.0
2022-10-24 10:30:00-04:00,9.029999732971191,9.079999923706055,9.020000457763672,9.050000190734863,11725,0.0,0.0
2022-10-24 11:30:00-04:00,9.0600004196167,9.085000038146973,9.039999961853027,9.069999694824219,11793,0.0,0.0
2022-10-24 12:30:00-04:00,9.074999809265137,9.100000381469727,9.0600004196167,9.069999694824219,20751,0.0,0.0
2022-10-24 13:30:00-04:00,9.069999694824219,9.069999694824219,9.0,9.0,30789,0.0,0.0
2022-10-24 14:30:00-04:00,9.020000457763672,9.024999618530273,9.0,9.020000457763672,34410,0.0,0.0
2022-10-24 15:30:00-04:00,9.010000228881836,9.024999618530273,8.971099853515625,8.989999771118164,33916,0.0,0.0
2022-10-25 09:30:00-04:00,8.960000038146973,9.140000343322754,8.960000038146973,9.104999542236328,230723,0.0,0.0
2022-10-25 10:30:00-04:00,9.104999542236328,9.199999809265137,9.10260009765625,9.1850004196167,35323,0.0,0.0
2022-10-25 11:30:00-04:00,9.180000305175781,9.25,9.170000076293945,9.225000381469727,19985,0.0,0.0
2022-10-25 12:30:00-04:00,9.229100227355957,9.28499984741211,9.21500015258789,9.270000457763672,24161,0.0,0.0
2022-10-25 13:30:00-04:00,9.270000457763672,9.319999694824219,9.265000343322754,9.305000305175781,20808,0.0,0.0
2022-10-25 14:30:00-04:00,9.3100004196167,9.354999542236328,9.289999961853027,9.34000015258789,17869,0.0,0.0
2022-10-25 15:30:00-04:00,9.34000015258789,9.359999656677246,9.329999923706055,9.350000381469727,24434,0.0,0.0
2022-10-26 09:30:00-04:00,9.430000305175781,9.5,9.3100004196167,9.3100004196167,20884,0.0,0.0
2022-10-26 10:30:00-04:00,9.319999694824219,9.399999618530273,9.300000190734863,9.399999618530273,20367,0.0,0.0
2022-10-26 11:30:00-04:00,9.40999984741211,9.470000267028809,9.400899887084961,9.470000267028809,13998,0.0,0.0
2022-10-26 12:30:00-04:00,9.479999542236328,9.600000381469727,9.479999542236328,9.589500427246094,41555,0.0,0.0
2022-10-26 13:30:00-04:00,9.59000015258789,9.619999885559082,9.55150032043457,9.555000305175781,24464,0.0,0.0
2022-10-26 14:30:00-04:00,9.5600004196167,9.5600004196167,9.489999771118164,9.489999771118164,21160,0.0,0.0
2022-10-26 15:30:00-04:00,9.5,9.5,9.430000305175781,9.4399995803833,26861,0.0,0.0
2022-10-27 09:30:00-04:00,9.430000305175781,9.520000457763672,9.369999885559082,9.510000228881836,29528,0.0,0.0
2022-10-27 10:30:00-04:00,9.515700340270996,9.520000457763672,9.40999984741211,9.449999809265137,9051,0.0,0.0
2022-10-27 11:30:00-04:00,9.454999923706055,9.539999961853027,9.430000305175781,9.499899864196777,16643,0.0,0.0
2022-10-27 12:30:00-04:00,9.494999885559082,9.59000015258789,9.494999885559082,9.579999923706055,27617,0.0,0.0
2022-10-27 13:30:00-04:00,9.579999923706055,9.59000015258789,9.52299976348877,9.5600004196167,17901,0.0,0.0
2022-10-27 14:30:00-04:00,9.550000190734863,9.555000305175781,9.505000114440918,9.53499984741211,44534,0.0,0.0
2022-10-27 15:30:00-04:00,9.529999732971191,9.567999839782715,9.510000228881836,9.515000343322754,45910,0.0,0.0
2022-10-28 09:30:00-04:00,9.5,9.529999732971191,9.375,9.449999809265137,32629,0.0,0.0
2022-10-28 10:30:00-04:00,9.460100173950195,9.5,9.404999732971191,9.40999984741211,32250,0.0,0.0
2022-10-28 11:30:00-04:00,9.420000076293945,9.449999809265137,9.300000190734863,9.449999809265137,32560,0.0,0.0
2022-10-28 12:30:00-04:00,9.449999809265137,9.510000228881836,9.4399995803833,9.479999542236328,23043,0.0,0.0
2022-10-28 13:30:00-04:00,9.483099937438965,9.483099937438965,9.430000305175781,9.4399995803833,14752,0.0,0.0
2022-10-28 14:30:00-04:00,9.430000305175781,9.5,9.430000305175781,9.4399995803833,22099,0.0,0.0
2022-10-28 15:30:00-04:00,9.4399995803833,9.460000038146973,9.40999984741211,9.420000076293945,56571,0.0,0.0
2022-10-31 09:30:00-04:00,9.350000381469727,9.407999992370605,9.25,9.369999885559082,25040,0.0,0.0
2022-10-31 10:30:00-04:00,9.359999656677246,9.414999961853027,9.350000381469727,9.380000114440918,19401,0.0,0.0
2022-10-31 11:30:00-04:00,9.390000343322754,9.40999984741211,9.350000381469727,9.359999656677246,20565,0.0,0.0
2022-10-31 12:30:00-04:00,9.357600212097168,9.357600212097168,9.295000076293945,9.329999923706055,19259,0.0,0.0
2022-10-31 13:30:00-04:00,9.324999809265137,9.33899974822998,9.280599594116211,9.289999961853027,30329,0.0,0.0
2022-10-31 14:30:00-04:00,9.289999961853027,9.420000076293945,9.260000228881836,9.40999984741211,47026,0.0,0.0
2022-10-31 15:30:00-04:00,9.420000076293945,9.420000076293945,9.350000381469727,9.359999656677246,46314,0.0,0.0
2022-11-01 09:30:00-04:00,9.460000038146973,9.470000267028809,9.369999885559082,9.430000305175781,29831,0.0,0.0
2022-11-01 10:30:00-04:00,9.4399995803833,9.460000038146973,9.3100004196167,9.3100004196167,30193,0.0,0.0
2022-11-01 11:30:00-04:00,9.319999694824219,9.34000015258789,9.21500015258789,9.329999923706055,32059,0.0,0.0
2022-11-01 12:30:00-04:00,9.324999809265137,9.369999885559082,9.3149995803833,9.359999656677246,31951,0.0,0.0
2022-11-01 13:30:00-04:00,9.369999885559082,9.399999618530273,9.350000381469727,9.380000114440918,19162,0.0,0.0
2022-11-01 14:30:00-04:00,9.380000114440918,9.380000114440918,9.3149995803833,9.3149995803833,24886,0.0,0.0
2022-11-01 15:30:00-04:00,9.3149995803833,9.380000114440918,9.300000190734863,9.350000381469727,38167,0.0,0.0
2022-11-02 09:30:00-04:00,9.300000190734863,9.329999923706055,9.244999885559082,9.279999732971191,18484,0.0,0.0
2022-11-02 10:30:00-04:00,9.289999961853027,9.300000190734863,9.279999732971191,9.279999732971191,15997,0.0,0.0
2022-11-02 11:30:00-04:00,9.272000312805176,9.300000190734863,9.272000312805176,9.289999961853027,14947,0.0,0.0
2022-11-02 12:30:00-04:00,9.28499984741211,9.319999694824219,9.279999732971191,9.3149995803833,15017,0.0,0.0
2022-11-02 13:30:00-04:00,9.319999694824219,9.520000457763672,9.3100004196167,9.520000457763672,24281,0.0,0.0
2022-11-02 14:30:00-04:00,9.529999732971191,9.529999732971191,9.199999809265137,9.210000038146973,55434,0.0,0.0
2022-11-02 15:30:00-04:00,9.210000038146973,9.229999542236328,9.15999984741211,9.180000305175781,34481,0.0,0.0
2022-11-03 09:30:00-04:00,9.09000015258789,9.119999885559082,8.930000305175781,9.100000381469727,49968,0.0,0.0
2022-11-03 10:30:00-04:00,9.109999656677246,9.319999694824219,9.069999694824219,9.25,28904,0.0,0.0
2022-11-03 11:30:00-04:00,9.260000228881836,9.300000190734863,9.199999809265137,9.199999809265137,27126,0.0,0.0
2022-11-03 12:30:00-04:00,9.1899995803833,9.21500015258789,9.149999618530273,9.210000038146973,30773,0.0,0.0
2022-11-03 13:30:00-04:00,9.219900131225586,9.229999542236328,9.180000305175781,9.229999542236328,18778,0.0,0.0
2022-11-03 14:30:00-04:00,9.229999542236328,9.350000381469727,9.210000038146973,9.300000190734863,73568,0.0,0.0
2022-11-03 15:30:00-04:00,9.300000190734863,9.329999923706055,9.180000305175781,9.1899995803833,59377,0.0,0.0
2022-11-04 09:30:00-04:00,9.199999809265137,9.199999809265137,9.039999961853027,9.175000190734863,39126,0.0,0.0
2022-11-04 10:30:00-04:00,9.185799598693848,9.199999809265137,9.069000244140625,9.069999694824219,20330,0.0,0.0
2022-11-04 11:30:00-04:00,9.044500350952148,9.079999923706055,8.8100004196167,9.050000190734863,51723,0.0,0.0
2022-11-04 12:30:00-04:00,9.052399635314941,9.109999656677246,8.989999771118164,9.09000015258789,30246,0.0,0.0
2022-11-04 13:30:00-04:00,9.09000015258789,9.180000305175781,9.069999694824219,9.170000076293945,29684,0.0,0.0
2022-11-04 14:30:00-04:00,9.164999961853027,9.220000267028809,9.150500297546387,9.180000305175781,26185,0.0,0.0
2022-11-04 15:30:00-04:00,9.170000076293945,9.220000267028809,9.142000198364258,9.199999809265137,49362,0.0,0.0
2022-11-07 09:30:00-05:00,9.170000076293945,9.199999809265137,9.09000015258789,9.100000381469727,25673,0.0,0.0
2022-11-07 10:30:00-05:00,9.09000015258789,9.140000343322754,9.0600004196167,9.09000015258789,22498,0.0,0.0
2022-11-07 11:30:00-05:00,9.1072998046875,9.109999656677246,8.984999656677246,8.994999885559082,18116,0.0,0.0
2022-11-07 12:30:00-05:00,9.0,9.050000190734863,9.0,9.010000228881836,20818,0.0,0.0
2022-11-07 13:30:00-05:00,9.010000228881836,9.095000267028809,8.979999542236328,9.09000015258789,28241,0.0,0.0
2022-11-07 14:30:00-05:00,9.100000381469727,9.114999771118164,9.055000305175781,9.100000381469727,21110,0.0,0.0
2022-11-07 15:30:00-05:00,9.095000267028809,9.130000114440918,9.09000015258789,9.095000267028809,22924,0.0,0.0
2022-11-08 09:30:00-05:00,9.0600004196167,9.180000305175781,9.0,9.180000305175781,19406,0.0,0.0
2022-11-08 10:30:00-05:00,9.180000305175781,9.3100004196167,9.180000305175781,9.289999961853027,16997,0.0,0.0
2022-11-08 11:30:00-05:00,9.289999961853027,9.300000190734863,9.227299690246582,9.239999771118164,18477,0.0,0.0
2022-11-08 12:30:00-05:00,9.239999771118164,9.260000228881836,9.130000114440918,9.130000114440918,17738,0.0,0.0
2022-11-08 13:30:00-05:00,9.119999885559082,9.15999984741211,9.0600004196167,9.0600004196167,12256,0.0,0.0
2022-11-08 14:30:00-05:00,9.0600004196167,9.09000015258789,9.050000190734863,9.079999923706055,14130,0.0,0.0
2022-11-08 15:30:00-05:00,9.079999923706055,9.199999809265137,9.074999809265137,9.180000305175781,54833,0.0,0.0
2022-11-09 09:30:00-05:00,9.180000305175781,9.310999870300293,9.100000381469727,9.270000457763672,32654,0.0,0.0
2022-11-09 10:30:00-05:00,9.239999771118164,9.289999961853027,9.239999771118164,9.279999732971191,17640,0.0,0.0
2022-11-09 11:30:00-05:00,9.270000457763672,9.34000015258789,9.260000228881836,9.300000190734863,11047,0.0,0.0
2022-11-09 12:30:00-05:00,9.300100326538086,9.319999694824219,9.1899995803833,9.1899995803833,13065,0.0,0.0
2022-11-09 13:30:00-05:00,9.180000305175781,9.199999809265137,9.140000343322754,9.145000457763672,14944,0.0,0.0
2022-11-09 14:30:00-05:00,9.130000114440918,9.149999618530273,9.100000381469727,9.140000343322754,17998,0.0,0.0
2022-11-09 15:30:00-05:00,9.140000343322754,9.279999732971191,9.125,9.279999732971191,52034,0.0,0.0
2022-11-10 09:30:00-05:00,9.510000228881836,9.819999694824219,9.460000038146973,9.8100004196167,57263,0.0,0.0
2022-11-10 10:30:00-05:00,9.800100326538086,9.930000305175781,9.779999732971191,9.890000343322754,39323,0.0,0.0
2022-11-10 11:30:00-05:00,9.885000228881836,9.890000343322754,9.74839973449707,9.760000228881836,26126,0.0,0.0
2022-11-10 12:30:00-05:00,9.75,9.800000190734863,9.6899995803833,9.800000190734863,42281,0.0,0.0
2022-11-10 13:30:00-05:00,9.800000190734863,9.829999923706055,9.770000457763672,9.770000457763672,35830,0.0,0.0
2022-11-10 14:30:00-05:00,9.774999618530273,9.774999618530273,9.6850004196167,9.699999809265137,62245,0.0,0.0
2022-11-10 15:30:00-05:00,9.720000267028809,9.8100004196167,9.710000038146973,9.795000076293945,82504,0.0,0.0
2022-11-11 09:30:00-05:00,9.850000381469727,9.944999694824219,9.840900421142578,9.880000114440918,36129,0.0,0.0
2022-11-11 10:30:00-05:00,9.859999656677246,9.890000343322754,9.8100004196167,9.829999923706055,18256,0.0,0.0
2022-11-11 11:30:00-05:00,9.8100004196167,9.895099639892578,9.8100004196167,9.859999656677246,10300,0.0,0.0
2022-11-11 12:30:00-05:00,9.842000007629395,9.869999885559082,9.819999694824219,9.869999885559082,15747,0.0,0.0
2022-11-11 13:30:00-05:00,9.875,9.890000343322754,9.850000381469727,9.869999885559082,16073,0.0,0.0
2022-11-11 14:30:00-05:00,9.875,9.880000114440918,9.729999542236328,9.781000137329102,22429,0.0,0.0
2022-11-11 15:30:00-05:00,9.795000076293945,9.800000190734863,9.739999771118164,9.770000457763672,32806,0.0,0.0
2022-11-14 09:30:00-05:00,9.729999542236328,9.729999542236328,9.600000381469727,9.652799606323242,17852,0.0,0.0
2022-11-14 10:30:00-05:00,9.640000343322754,9.704999923706055,9.579999923706055,9.609999656677246,25849,0.0,0.0
2022-11-14 11:30:00-05:00,9.609600067138672,9.649999618530273,9.59000015258789,9.609999656677246,16037,0.0,0.0
2022-11-14 12:30:00-05:00,9.635000228881836,9.720000267028809,9.630000114440918,9.704999923706055,8444,0.0,0.0
2022-11-14 13:30:00-05:00,9.704999923706055,9.729999542236328,9.5600004196167,9.571999549865723,18661,0.0,0.0
2022-11-14 14:30:00-05:00,9.550000190734863,9.584099769592285,9.489999771118164,9.510000228881836,19161,0.0,0.0
2022-11-14 15:30:00-05:00,9.5,9.515000343322754,9.449999809265137,9.470000267028809,48795,0.0,0.0
2022-11-15 09:30:00-05:00,9.529999732971191,9.640000343322754,9.520000457763672,9.600000381469727,31359,0.0,0.0
2022-11-15 10:30:00-05:00,9.609999656677246,9.609999656677246,9.449999809265137,9.489999771118164,16430,0.0,0.0
2022-11-15 11:30:00-05:00,9.494999885559082,9.545000076293945,9.479999542236328,9.510000228881836,18833,0.0,0.0
2022-11-15 12:30:00-05:00,9.510000228881836,9.524999618530273,9.390000343322754,9.390000343322754,18083,0.0,0.0
2022-11-15 13:30:00-05:00,9.364999771118164,9.449999809265137,9.34000015258789,9.449999809265137,11929,0.0,0.0
2022-11-15 14:30:00-05:00,9.4399995803833,9.479999542236328,9.404000282287598,9.460000038146973,16986,0.0,0.0
2022-11-15 15:30:00-05:00,9.449999809265137,9.484999656677246,9.375,9.430000305175781,46483,0.0,0.0
2022-11-16 09:30:00-05:00,9.350000381469727,9.385000228881836,9.255000114440918,9.34000015258789,20686,0.0,0.0
2022-11-16 10:30:00-05:00,9.335000038146973,9.390000343322754,9.3100004196167,9.331000328063965,12113,0.0,0.0
2022-11-16 11:30:00-05:00,9.335000038146973,9.337499618530273,9.234999656677246,9.3100004196167,31964,0.0,0.0
2022-11-16 12:30:00-05:00,9.3100004196167,9.347700119018555,9.300000190734863,9.300000190734863,7693,0.0,0.0
2022-11-16 13:30:00-05:00,9.279999732971191,9.3100004196167,9.270000457763672,9.302000045776367,7318,0.0,0.0
2022-11-16 14:30:00-05:00,9.300000190734863,9.319999694824219,9.220000267028809,9.244999885559082,12846,0.0,0.0
2022-11-16 15:30:00-05:00,9.25,9.279999732971191,9.244999885559082,9.255000114440918,37131,0.0,0.0
2022-11-17 09:30:00-05:00,9.100000381469727,9.210000038146973,9.079999923706055,9.1899995803833,26457,0.0,0.0
2022-11-17 10:30:00-05:00,9.1899995803833,9.25,9.164999961853027,9.229999542236328,19585,0.0,0.0
2022-11-17 11:30:00-05:00,9.220000267028809,9.239999771118164,9.180000305175781,9.21500015258789,18675,0.0,0.0
2022-11-17 12:30:00-05:00,9.220000267028809,9.270000457763672,9.199999809265137,9.270000457763672,15687,0.0,0.0
2022-11-17 13:30:00-05:00,9.270000457763672,9.279999732971191,9.234999656677246,9.239999771118164,13243,0.0,0.0
2022-11-17 14:30:00-05:00,9.234999656677246,9.234999656677246,9.130000114440918,9.140999794006348,25485,0.0,0.0
2022-11-17 15:30:00-05:00,9.149999618530273,9.199999809265137,9.140000343322754,9.1899995803833,28338,0.0,0.0
2022-11-18 09:30:00-05:00,9.359999656677246,9.359999656677246,9.1899995803833,9.270000457763672,46728,0.0,0.0
2022-11-18 10:30:00-05:00,9.300000190734863,9.322099685668945,9.229999542236328,9.274999618530273,17887,0.0,0.0
2022-11-18 11:30:00-05:00,9.260000228881836,9.279999732971191,9.1899995803833,9.239999771118164,23194,0.0,0.0
2022-11-18 12:30:00-05:00,9.231800079345703,9.289999961853027,9.231800079345703,9.289999961853027,10603,0.0,0.0
2022-11-18 13:30:00-05:00,9.274999618530273,9.289999961853027,9.270000457763672,9.270000457763672,9348,0.0,0.0
2022-11-18 14:30:00-05:00,9.274999618530273,9.274999618530273,9.239999771118164,9.270000457763672,14487,0.0,0.0
2022-11-18 15:30:00-05:00,9.289999961853027,9.430000305175781,9.279999732971191,9.420000076293945,69961,0.0,0.0
2022-11-21 09:30:00-05:00,9.289999961853027,9.404999732971191,9.289999961853027,9.404999732971191,28629,0.0,0.0
2022-11-21 10:30:00-05:00,9.40999984741211,9.40999984741211,9.300000190734863,9.319999694824219,28183,0.0,0.0
2022-11-21 11:30:00-05:00,9.319999694824219,9.324999809265137,9.270000457763672,9.279999732971191,16891,0.0,0.0
2022-11-21 12:30:00-05:00,9.274999618530273,9.380000114440918,9.274999618530273,9.380000114440918,23310,0.0,0.0
2022-11-21 13:30:00-05:00,9.380000114440918,9.399999618530273,9.350000381469727,9.364999771118164,25184,0.0,0.0
2022-11-21 14:30:00-05:00,9.364999771118164,9.395000457763672,9.359999656677246,9.364999771118164,31237,0.0,0.0
2022-11-21 15:30:00-05:00,9.364999771118164,9.40999984741211,9.350000381469727,9.40999984741211,48945,0.0,0.0
2022-11-22 09:30:00-05:00,9.399999618530273,9.46500015258789,9.350000381469727,9.460000038146973,13969,0.0,0.0
2022-11-22 10:30:00-05:00,9.460000038146973,9.460000038146973,9.300000190734863,9.300000190734863,25405,0.0,0.0
2022-11-22 11:30:00-05:00,9.300000190734863,9.300000190734863,9.220100402832031,9.289999961853027,16039,0.0,0.0
2022-11-22 12:30:00-05:00,9.300000190734863,9.319999694824219,9.244999885559082,9.244999885559082,10791,0.0,0.0
2022-11-22 13:30:00-05:00,9.244999885559082,9.289999961853027,9.229999542236328,9.270000457763672,22396,0.0,0.0
2022-11-22 14:30:00-05:00,9.270000457763672,9.329999923706055,9.270000457763672,9.324999809265137,24310,0.0,0.0
2022-11-22 15:30:00-05:00,9.329999923706055,9.385000228881836,9.324999809265137,9.345000267028809,30435,0.0,0.0
2022-11-23 09:30:00-05:00,9.300000190734863,9.390000343322754,9.270000457763672,9.380999565124512,15148,0.0,0.0
2022-11-23 10:30:00-05:00,9.370100021362305,9.390000343322754,9.34000015258789,9.34000015258789,10215,0.0,0.0
2022-11-23 11:30:00-05:00,9.331999778747559,9.331999778747559,9.25,9.279999732971191,9795,0.0,0.0
2022-11-23 12:30:00-05:00,9.28499984741211,9.3100004196167,9.225000381469727,9.291999816894531,21557,0.0,0.0
2022-11-23 13:30:00-05:00,9.300000190734863,9.335000038146973,9.270000457763672,9.3100004196167,18837,0.0,0.0
2022-11-23 14:30:00-05:00,9.3100004196167,9.329999923706055,9.260000228881836,9.319999694824219,23575,0.0,0.0
2022-11-23 15:30:00-05:00,9.319999694824219,9.34000015258789,9.319999694824219,9.34000015258789,25410,0.0,0.0
2022-11-25 09:30:00-05:00,9.279999732971191,9.399999618530273,9.274999618530273,9.396300315856934,17856,0.0,0.0
2022-11-25 10:30:00-05:00,9.385000228881836,9.399999618530273,9.300000190734863,9.34000015258789,11940,0.0,0.0
2022-11-25 11:30:00-05:00,9.34000015258789,9.369999885559082,9.34000015258789,9.369999885559082,17267,0.0,0.0
2022-11-28 09:30:00-05:00,9.239999771118164,9.3100004196167,9.239999771118164,9.289999961853027,21571,0.0,0.0
2022-11-28 10:30:00-05:00,9.319999694824219,9.329999923706055,9.251799583435059,9.300000190734863,16332,0.0,0.0
2022-11-28 11:30:00-05:00,9.300000190734863,9.367799758911133,9.300000190734863,9.358400344848633,45994,0.0,0.0
2022-11-28 12:30:00-05:00,9.369999885559082,9.369999885559082,9.15999984741211,9.170000076293945,45825,0.0,0.0
2022-11-28 13:30:00-05:00,9.15999984741211,9.182499885559082,9.130000114440918,9.140000343322754,15074,0.0,0.0
2022-11-28 14:30:00-05:00,9.149999618530273,9.15999984741211,9.09000015258789,9.09000015258789,15363,0.0,0.0
2022-11-28 15:30:00-05:00,9.095000267028809,9.095000267028809,9.0600004196167,9.095000267028809,27857,0.0,0.0
2022-11-29 09:30:00-05:00,9.109999656677246,9.1899995803833,9.050000190734863,9.1899995803833,8105,0.0,0.0
2022-11-29 10:30:00-05:00,9.1899995803833,9.199999809265137,9.09000015258789,9.09000015258789,18835,0.0,0.0
2022-11-29 11:30:00-05:00,9.100000381469727,9.135000228881836,9.085000038146973,9.104999542236328,8596,0.0,0.0
2022-11-29 12:30:00-05:00,9.104999542236328,9.149999618530273,9.082200050354004,9.109999656677246,25572,0.0,0.0
2022-11-29 13:30:00-05:00,9.109999656677246,9.180000305175781,9.109999656677246,9.149999618530273,16947,0.0,0.0
2022-11-29 14:30:00-05:00,9.149999618530273,9.1899995803833,9.135000228881836,9.180000305175781,12089,0.0,0.0
2022-11-29 15:30:00-05:00,9.1850004196167,9.1899995803833,9.140000343322754,9.140000343322754,18208,0.0,0.0
2022-11-30 09:30:00-05:00,9.109999656677246,9.109999656677246,9.0,9.09000015258789,21788,0.0,0.0
2022-11-30 10:30:00-05:00,9.085000038146973,9.149999618530273,9.079999923706055,9.119999885559082,10980,0.0,0.0
2022-11-30 11:30:00-05:00,9.140000343322754,9.142499923706055,9.109999656677246,9.109999656677246,11528,0.0,0.0
2022-11-30 12:30:00-05:00,9.104999542236328,9.130000114440918,9.085000038146973,9.09000015258789,8593,0.0,0.0
2022-11-30 13:30:00-05:00,9.109999656677246,9.359999656677246,9.109999656677246,9.329999923706055,26347,0.0,0.0
2022-11-30 14:30:00-05:00,9.329999923706055,9.329999923706055,9.267000198364258,9.274999618530273,32117,0.0,0.0
2022-11-30 15:30:00-05:00,9.274999618530273,9.300000190734863,9.265000343322754,9.279999732971191,39613,0.0,0.0
2022-12-01 09:30:00-05:00,9.34000015258789,9.59000015258789,9.34000015258789,9.450400352478027,26032,0.0,0.0
2022-12-01 10:30:00-05:00,9.385000228881836,9.425000190734863,9.371700286865234,9.414999961853027,14106,0.0,0.0
2022-12-01 11:30:00-05:00,9.420000076293945,9.505000114440918,9.37030029296875,9.37030029296875,36319,0.0,0.0
2022-12-01 12:30:00-05:00,9.390000343322754,9.399999618530273,9.300000190734863,9.300000190734863,13378,0.0,0.0
2022-12-01 13:30:00-05:00,9.300000190734863,9.34000015258789,9.289999961853027,9.34000015258789,14276,0.0,0.0
2022-12-01 14:30:00-05:00,9.345000267028809,9.385000228881836,9.317500114440918,9.317500114440918,18350,0.0,0.0
2022-12-01 15:30:00-05:00,9.350000381469727,9.385000228881836,9.329999923706055,9.335000038146973,31823,0.0,0.0
2022-12-02 09:30:00-05:00,9.1899995803833,9.350000381469727,9.1899995803833,9.346799850463867,21887,0.0,0.0
2022-12-02 10:30:00-05:00,9.380000114440918,9.399999618530273,9.34000015258789,9.350000381469727,15627,0.0,0.0
2022-12-02 11:30:00-05:00,9.369999885559082,9.414999961853027,9.359999656677246,9.399999618530273,15406,0.0,0.0
2022-12-02 12:30:00-05:00,9.399999618530273,9.40999984741211,9.350000381469727,9.399999618530273,15541,0.0,0.0
2022-12-02 13:30:00-05:00,9.416999816894531,9.430000305175781,9.404999732971191,9.430000305175781,10790,0.0,0.0
2022-12-02 14:30:00-05:00,9.420000076293945,9.539999961853027,9.420000076293945,9.515000343322754,29643,0.0,0.0
2022-12-02 15:30:00-05:00,9.520000457763672,9.550000190734863,9.489999771118164,9.529999732971191,35671,0.0,0.0
2022-12-05 09:30:00-05:00,9.399999618530273,9.460000038146973,9.335000038146973,9.375,26882,0.0,0.0
2022-12-05 10:30:00-05:00,9.359999656677246,9.420000076293945,9.34000015258789,9.375,18913,0.0,0.0
2022-12-05 11:30:00-05:00,9.370100021362305,9.370100021362305,9.295000076293945,9.319999694824219,15484,0.0,0.0
2022-12-05 12:30:00-05:00,9.319999694824219,9.319999694824219,9.239999771118164,9.258899688720703,20686,0.0,0.0
2022-12-05 13:30:00-05:00,9.25529956817627,9.274999618530273,9.220000267028809,9.225000381469727,30001,0.0,0.0
2022-12-05 14:30:00-05:00,9.225000381469727,9.28499984741211,9.21500015258789,9.255000114440918,26863,0.0,0.0
2022-12-05 15:30:00-05:00,9.255000114440918,9.300000190734863,9.25,9.279999732971191,28887,0.0,0.0
2022-12-06 09:30:00-05:00,9.229999542236328,9.25,9.09000015258789,9.109999656677246,31937,0.0,0.0
2022-12-06 10:30:00-05:00,9.116999626159668,9.125,9.039999961853027,9.0600004196167,21208,0.0,0.0
2022-12-06 11:30:00-05:00,9.0600004196167,9.069999694824219,8.9399995803833,8.979999542236328,30113,0.0,0.0
2022-12-06 12:30:00-05:00,8.989999771118164,8.994999885559082,8.930000305175781,8.9399995803833,27768,0.0,0.0
2022-12-06 13:30:00-05:00,8.949999809265137,8.970000267028809,8.912300109863281,8.954999923706055,19616,0.0,0.0
2022-12-06 14:30:00-05:00,8.949999809265137,8.96500015258789,8.90999984741211,8.930000305175781,30786,0.0,0.0
2022-12-06 15:30:00-05:00,8.930000305175781,9.020000457763672,8.920000076293945,8.994999885559082,48060,0.0,0.0
2022-12-07 09:30:00-05:00,9.039999961853027,9.119999885559082,8.994999885559082,9.039999961853027,46164,0.0,0.0
2022-12-07 10:30:00-05:00,9.039999961853027,9.130000114440918,8.994999885559082,8.9975004196167,39228,0.0,0.0
2022-12-07 11:30:00-05:00,9.010000228881836,9.050000190734863,8.890000343322754,8.895000457763672,47570,0.0,0.0
2022-12-07 12:30:00-05:00,8.899999618530273,9.010000228881836,8.875,9.005000114440918,42357,0.0,0.0
2022-12-07 13:30:00-05:00,9.005000114440918,9.005000114440918,8.864999771118164,8.890000343322754,56872,0.0,0.0
2022-12-07 14:30:00-05:00,8.895000457763672,8.9399995803833,8.869999885559082,8.9399995803833,64432,0.0,0.0
2022-12-07 15:30:00-05:00,8.9350004196167,8.970000267028809,8.9350004196167,8.960000038146973,92723,0.0,0.0
2022-12-08 09:30:00-05:00,8.970000267028809,9.154999732971191,8.949999809265137,9.085000038146973,45052,0.0,0.0
2022-12-08 10:30:00-05:00,9.100000381469727,9.100000381469727,9.029999732971191,9.050000190734863,32444,0.0,0.0
2022-12-08 11:30:00-05:00,9.050000190734863,9.149999618530273,9.039999961853027,9.085000038146973,33171,0.0,0.0
2022-12-08 12:30:00-05:00,9.085000038146973,9.109999656677246,9.055000305175781,9.09000015258789,28892,0.0,0.0
2022-12-08 13:30:00-05:00,9.095000267028809,9.104999542236328,8.937899589538574,8.960000038146973,54589,0.0,0.0
2022-12-08 14:30:00-05:00,8.960000038146973,9.050000190734863,8.949999809265137,9.039999961853027,43069,0.0,0.0
2022-12-08 15:30:00-05:00,9.039999961853027,9.050000190734863,9.0,9.020000457763672,88424,0.0,0.0
2022-12-09 09:30:00-05:00,8.979999542236328,9.100000381469727,8.90999984741211,9.050000190734863,65637,0.0,0.0
2022-12-09 10:30:00-05:00,9.045000076293945,9.180000305175781,9.045000076293945,9.140000343322754,74085,0.0,0.0
2022-12-09 11:30:00-05:00,9.140000343322754,9.149999618530273,9.0600004196167,9.0600004196167,51733,0.0,0.0
2022-12-09 12:30:00-05:00,9.069999694824219,9.100000381469727,9.015000343322754,9.020000457763672,49351,0.0,0.0
2022-12-09 13:30:00-05:00,9.029999732971191,9.09000015258789,9.024999618530273,9.085000038146973,48095,0.0,0.0
2022-12-09 14:30:00-05:00,9.079999923706055,9.119999885559082,9.0600004196167,9.085000038146973,64716,0.0,0.0
2022-12-09 15:30:00-05:00,9.079999923706055,9.15999984741211,9.0649995803833,9.130000114440918,92135,0.0,0.0
2022-12-12 09:30:00-05:00,9.15999984741211,9.225000381469727,9.140000343322754,9.199999809265137,74736,0.0,0.0
2022-12-12 10:30:00-05:00,9.199999809265137,9.260000228881836,9.149999618530273,9.255000114440918,66512,0.0,0.0
2022-12-12 11:30:00-05:00,9.255000114440918,9.255000114440918,9.104999542236328,9.130000114440918,62038,0.0,0.0
2022-12-12 12:30:00-05:00,9.130000114440918,9.154999732971191,9.079999923706055,9.09000015258789,64984,0.0,0.0
2022-12-12 13:30:00-05:00,9.09000015258789,9.095000267028809,9.03499984741211,9.050000190734863,63449,0.0,0.0
2022-12-12 14:30:00-05:00,9.050000190734863,9.149999618530273,9.039999961853027,9.140000343322754,73038,0.0,0.0
2022-12-12 15:30:00-05:00,9.140000343322754,9.149999618530273,9.079999923706055,9.149999618530273,119631,0.0,0.0
2022-12-13 09:30:00-05:00,9.260000228881836,9.739999771118164,9.100000381469727,9.449999809265137,116161,0.0,0.0
2022-12-13 10:30:00-05:00,9.449999809265137,9.479999542236328,9.369999885559082,9.40999984741211,63333,0.0,0.0
2022-12-13 11:30:00-05:00,9.40999984741211,9.4399995803833,9.289999961853027,9.3149995803833,63840,0.0,0.0
2022-12-13 12:30:00-05:00,9.311300277709961,9.359999656677246,9.265000343322754,9.345000267028809,56283,0.0,0.0
2022-12-13 13:30:00-05:00,9.350000381469727,9.359999656677246,9.300000190734863,9.3149995803833,62161,0.0,0.0
2022-12-13 14:30:00-05:00,9.3149995803833,9.34000015258789,9.239999771118164,9.274999618530273,88946,0.0,0.0
2022-12-13 15:30:00-05:00,9.274999618530273,9.300000190734863,9.225000381469727,9.25,180248,0.0,0.0
2022-12-14 09:30:00-05:00,9.199999809265137,9.635000228881836,9.199999809265137,9.545000076293945,92994,0.0,0.0
2022-12-14 10:30:00-05:00,9.545000076293945,9.555000305175781,9.4350004196167,9.454999923706055,58388,0.0,0.0
2022-12-14 11:30:00-05:00,9.454999923706055,9.454999923706055,9.390399932861328,9.425000190734863,43508,0.0,0.0
2022-12-14 12:30:00-05:00,9.425000190734863,9.432499885559082,9.37090015411377,9.414999961853027,74749,0.0,0.0
2022-12-14 13:30:00-05:00,9.414999961853027,9.460000038146973,9.239999771118164,9.279999732971191,87107,0.0,0.0
2022-12-14 14:30:00-05:00,9.270000457763672,9.34000015258789,9.1899995803833,9.1899995803833,94512,0.0,0.0
2022-12-14 15:30:00-05:00,9.175000190734863,9.289999961853027,9.15999984741211,9.265000343322754,90203,0.0,0.0
2022-12-15 09:30:00-05:00,9.25,9.270000457763672,9.149999618530273,9.220000267028809,74941,0.0,0.0
2022-12-15 10:30:00-05:00,9.210000038146973,9.220000267028809,9.069999694824219,9.109999656677246,67707,0.0,0.0
2022-12-15 11:30:00-05:00,9.119999885559082,9.25,9.109999656677246,9.210000038146973,56082,0.0,0.0
2022-12-15 12:30:00-05:00,9.210000038146973,9.244999885559082,9.109999656677246,9.119999885559082,64966,0.0,0.0
2022-12-15 13:30:00-05:00,9.125,9.164999961853027,9.095000267028809,9.145000457763672,56300,0.0,0.0
2022-12-15 14:30:00-05:00,9.140000343322754,9.170000076293945,9.074999809265137,9.100000381469727,75232,0.0,0.0
2022-12-15 15:30:00-05:00,9.100000381469727,9.140000343322754,9.079999923706055,9.140000343322754,124483,0.0,0.0
2022-12-16 09:30:00-05:00,9.0,9.229999542236328,8.90999984741211,8.96399974822998,246660,0.0,0.0
2022-12-16 10:30:00-05:00,8.96500015258789,8.989999771118164,8.880000114440918,8.914999961853027,91291,0.0,0.0
2022-12-16 11:30:00-05:00,8.914999961853027,8.944999694824219,8.850000381469727,8.850000381469727,74218,0.0,0.0
2022-12-16 12:30:00-05:00,8.854999542236328,8.890000343322754,8.8149995803833,8.850000381469727,53583,0.0,0.0
2022-12-16 13:30:00-05:00,8.845000267028809,8.8572998046875,8.805000305175781,8.819999694824219,73753,0.0,0.0
2022-12-16 14:30:00-05:00,8.815999984741211,8.859999656677246,8.805000305175781,8.845000267028809,80011,0.0,0.0
2022-12-16 15:30:00-05:00,8.845000267028809,8.920000076293945,8.845000267028809,8.880000114440918,167039,0.0,0.0
2022-12-19 09:30:00-05:00,8.8100004196167,8.920000076293945,8.779999732971191,8.864999771118164,92432,0.0,0.0
2022-12-19 10:30:00-05:00,8.869999885559082,8.899999618530273,8.760000228881836,8.789999961853027,63438,0.0,0.0
2022-12-19 11:30:00-05:00,8.78380012512207,8.78380012512207,8.630000114440918,8.630000114440918,59768,0.0,0.0
2022-12-19 12:30:00-05:00,8.630000114440918,8.767900466918945,8.614999771118164,8.729999542236328,67542,0.0,0.0
2022-12-19 13:30:00-05:00,8.734999656677246,8.739999771118164,8.675000190734863,8.6850004196167,86697,0.0,0.0
2022-12-19 14:30:00-05:00,8.6899995803833,8.710000038146973,8.595000267028809,8.640000343322754,110306,0.0,0.0
2022-12-19 15:30:00-05:00,8.640000343322754,8.710000038146973,8.614999771118164,8.710000038146973,140988,0.0,0.0
2022-12-20 09:30:00-05:00,8.729999542236328,8.824999809265137,8.680000305175781,8.789999961853027,71291,0.0,0.0
2022-12-20 10:30:00-05:00,8.800000190734863,8.890000343322754,8.729999542236328,8.739999771118164,47187,0.0,0.0
2022-12-20 11:30:00-05:00,8.729999542236328,8.824999809265137,8.729999542236328,8.793299674987793,56426,0.0,0.0
2022-12-20 12:30:00-05:00,8.779999732971191,8.78499984741211,8.734999656677246,8.770000457763672,43314,0.0,0.0
2022-12-20 13:30:00-05:00,8.770000457763672,8.805000305175781,8.739999771118164,8.75,58686,0.0,0.0
2022-12-20 14:30:00-05:00,8.75,8.795000076293945,8.729999542236328,8.795000076293945,50485,0.0,0.0
2022-12-20 15:30:00-05:00,8.800000190734863,8.835000038146973,8.760000228881836,8.800000190734863,109331,0.0,0.0
2022-12-21 09:30:00-05:00,8.819999694824219,8.930000305175781,8.75,8.904999732971191,80340,0.0,0.0
2022-12-21 10:30:00-05:00,8.904999732971191,8.989999771118164,8.895000457763672,8.975000381469727,59447,0.0,0.0
2022-12-21 11:30:00-05:00,8.975000381469727,8.984999656677246,8.920000076293945,8.9350004196167,56375,0.0,0.0
2022-12-21 12:30:00-05:00,8.9350004196167,8.979999542236328,8.90999984741211,8.92199993133545,57526,0.0,0.0
2022-12-21 13:30:00-05:00,8.920000076293945,8.979999542236328,8.90999984741211,8.914999961853027,67022,0.0,0.0
2022-12-21 14:30:00-05:00,8.90999984741211,8.914999961853027,8.859999656677246,8.859999656677246,87968,0.0,0.0
2022-12-21 15:30:00-05:00,8.864999771118164,8.899999618530273,8.84000015258789,8.885000228881836,144855,0.0,0.0
2022-12-22 09:30:00-05:00,8.75,8.755000114440918,8.604999542236328,8.6850004196167,79081,0.0,0.0
2022-12-22 10:30:00-05:00,8.680000305175781,8.755000114440918,8.600000381469727,8.604999542236328,109307,0.0,0.0
2022-12-22 11:30:00-05:00,8.604999542236328,8.604999542236328,8.515000343322754,8.53499984741211,70121,0.0,0.0
2022-12-22 12:30:00-05:00,8.529999732971191,8.536199569702148,8.40999984741211,8.444999694824219,81445,0.0,0.0
2022-12-22 13:30:00-05:00,8.4399995803833,8.609999656677246,8.430000305175781,8.574999809265137,106298,0.0,0.0
2022-12-22 14:30:00-05:00,8.574999809265137,8.704999923706055,8.569999694824219,8.694999694824219,83042,0.0,0.0
2022-12-22 15:30:00-05:00,8.694999694824219,8.789999961853027,8.694999694824219,8.789999961853027,143642,0.0,0.0
2022-12-23 09:30:00-05:00,8.819999694824219,8.925000190734863,8.699999809265137,8.829999923706055,54987,0.0,0.0
2022-12-23 10:30:00-05:00,8.829999923706055,8.864999771118164,8.78499984741211,8.795000076293945,35695,0.0,0.0
2022-12-23 11:30:00-05:00,8.795000076293945,8.854999542236328,8.78499984741211,8.824999809265137,40975,0.0,0.0
2022-12-23 12:30:00-05:00,8.824999809265137,8.84000015258789,8.789999961853027,8.829999923706055,35512,0.0,0.0
2022-12-23 13:30:00-05:00,8.824999809265137,8.829999923706055,8.729999542236328,8.770000457763672,45968,0.0,0.0
2022-12-23 14:30:00-05:00,8.774999618530273,8.795000076293945,8.75,8.779999732971191,51646,0.0,0.0
2022-12-23 15:30:00-05:00,8.774999618530273,8.774999618530273,8.729999542236328,8.765000343322754,88754,0.0,0.0
2022-12-27 09:30:00-05:00,8.729999542236328,8.75,8.555000305175781,8.692099571228027,64078,0.0,0.0
2022-12-27 10:30:00-05:00,8.694999694824219,8.699999809265137,8.640000343322754,8.654999732971191,49412,0.0,0.0
2022-12-27 11:30:00-05:00,8.654999732971191,8.670000076293945,8.595000267028809,8.625,58652,0.0,0.0
2022-12-27 12:30:00-05:00,8.625,8.635000228881836,8.600000381469727,8.614999771118164,44149,0.0,0.0
2022-12-27 13:30:00-05:00,8.609999656677246,8.630000114440918,8.595000267028809,8.595000267028809,53416,0.0,0.0
2022-12-27 14:30:00-05:00,8.595000267028809,8.630000114440918,8.59000015258789,8.609999656677246,55868,0.0,0.0
2022-12-27 15:30:00-05:00,8.614999771118164,8.640000343322754,8.600000381469727,8.600000381469727,144972,0.0,0.0
2022-12-28 09:30:00-05:00,8.600000381469727,8.670000076293945,8.510000228881836,8.53499984741211,84486,0.0,0.0
2022-12-28 10:30:00-05:00,8.537500381469727,8.550000190734863,8.460000038146973,8.479999542236328,64105,0.0,0.0
2022-12-28 11:30:00-05:00,8.484999656677246,8.550000190734863,8.444999694824219,8.510000228881836,94432,0.0,0.0
2022-12-28 12:30:00-05:00,8.5,8.579999923706055,8.479999542236328,8.53499984741211,82297,0.0,0.0
2022-12-28 13:30:00-05:00,8.53499984741211,8.537500381469727,8.470000267028809,8.489999771118164,69106,0.0,0.0
2022-12-28 14:30:00-05:00,8.484999656677246,8.489999771118164,8.404999732971191,8.427499771118164,105648,0.0,0.0
2022-12-28 15:30:00-05:00,8.425000190734863,8.449999809265137,8.404999732971191,8.430000305175781,110807,0.0,0.0
2022-12-29 09:30:00-05:00,8.3100004196167,8.380000114440918,8.28499984741211,8.310099601745605,328286,0.0,0.0
2022-12-29 10:30:00-05:00,8.319999694824219,8.40999984741211,8.305000305175781,8.3100004196167,76467,0.0,0.0
2022-12-29 11:30:00-05:00,8.319999694824219,8.390000343322754,8.305000305175781,8.385000228881836,22151,0.0,0.0
2022-12-29 12:30:00-05:00,8.385000228881836,8.394200325012207,8.329999923706055,8.369999885559082,32856,0.0,0.0
2022-12-29 13:30:00-05:00,8.359999656677246,8.420000076293945,8.359999656677246,8.395000457763672,23996,0.0,0.0
2022-12-29 14:30:00-05:00,8.395000457763672,8.460000038146973,8.375,8.454999923706055,34590,0.0,0.0
2022-12-29 15:30:00-05:00,8.460000038146973,8.489999771118164,8.454999923706055,8.479999542236328,56709,0.0,0.0
2022-12-30 09:30:00-05:00,8.479999542236328,8.5,8.380000114440918,8.494999885559082,40636,0.0,0.0
2022-12-30 10:30:00-05:00,8.5,8.510000228881836,8.430000305175781,8.484999656677246,28575,0.0,0.0
2022-12-30 11:30:00-05:00,8.479999542236328,8.529999732971191,8.470000267028809,8.521900177001953,21517,0.0,0.0
2022-12-30 12:30:00-05:00,8.539999961853027,8.59000015258789,8.510000228881836,8.524999618530273,39227,0.0,0.0
2022-12-30 13:30:00-05:00,8.529999732971191,8.550000190734863,8.449999809265137,8.470000267028809,38828,0.0,0.0
2022-12-30 14:30:00-05:00,8.470999717712402,8.484999656677246,8.404999732971191,8.484999656677246,46814,0.0,0.0
2022-12-30 15:30:00-05:00,8.489999771118164,8.5600004196167,8.489999771118164,8.550000190734863,53872,0.0,0.0
2023-01-03 09:30:00-05:00,8.569999694824219,8.779999732971191,8.520000457763672,8.539999961853027,29072,0.0,0.0
2023-01-03 10:30:00-05:00,8.520000457763672,8.585000038146973,8.5,8.5,14753,0.0,0.0
2023-01-03 11:30:00-05:00,8.510000228881836,8.520000457763672,8.420000076293945,8.430000305175781,23715,0.0,0.0
2023-01-03 12:30:00-05:00,8.420000076293945,8.46500015258789,8.319999694824219,8.444999694824219,47998,0.0,0.0
2023-01-03 13:30:00-05:00,8.449999809265137,8.460000038146973,8.359999656677246,8.359999656677246,19527,0.0,0.0
2023-01-03 14:30:00-05:00,8.350000381469727,8.395000457763672,8.329999923706055,8.390000343322754,29832,0.0,0.0
2023-01-03 15:30:00-05:00,8.399999618530273,8.414999961853027,8.350000381469727,8.350000381469727,52448,0.0,0.0
2023-01-04 09:30:00-05:00,8.359999656677246,8.449999809265137,8.359999656677246,8.444999694824219,18710,0.0,0.0
2023-01-04 10:30:00-05:00,8.440500259399414,8.5,8.430000305175781,8.470000267028809,19871,0.0,0.0
2023-01-04 11:30:00-05:00,8.470000267028809,8.550000190734863,8.470000267028809,8.489999771118164,23367,0.0,0.0
2023-01-04 12:30:00-05:00,8.5068998336792,8.529999732971191,8.470000267028809,8.510000228881836,20869,0.0,0.0
2023-01-04 13:30:00-05:00,8.510000228881836,8.529999732971191,8.420000076293945,8.420000076293945,27331,0.0,0.0
2023-01-04 14:30:00-05:00,8.420000076293945,8.479999542236328,8.40999984741211,8.444999694824219,28981,0.0,0.0
2023-01-04 15:30:00-05:00,8.4399995803833,8.4399995803833,8.390000343322754,8.420000076293945,62999,0.0,0.0
2023-01-05 09:30:00-05:00,8.380000114440918,8.390000343322754,8.199999809265137,8.28499984741211,52042,0.0,0.0
2023-01-05 10:30:00-05:00,8.270000457763672,8.329999923706055,8.255000114440918,8.300399780273438,30471,0.0,0.0
2023-01-05 11:30:00-05:00,8.289999961853027,8.359999656677246,8.286999702453613,8.350000381469727,28237,0.0,0.0
2023-01-05 12:30:00-05:00,8.345000267028809,8.404999732971191,8.319999694824219,8.399999618530273,20664,0.0,0.0
2023-01-05 13:30:00-05:00,8.399999618530273,8.40999984741211,8.3149995803833,8.34000015258789,21883,0.0,0.0
2023-01-05 14:30:00-05:00,8.331000328063965,8.390000343322754,8.279999732971191,8.279999732971191,23706,0.0,0.0
2023-01-05 15:30:00-05:00,8.279999732971191,8.289799690246582,8.260000228881836,8.265000343322754,47555,0.0,0.0
2023-01-06 09:30:00-05:00,8.289999961853027,8.40999984741211,8.210000038146973,8.3100004196167,25857,0.0,0.0
2023-01-06 10:30:00-05:00,8.309900283813477,8.40999984741211,8.309900283813477,8.345000267028809,15944,0.0,0.0
2023-01-06 11:30:00-05:00,8.350000381469727,8.40999984741211,8.350000381469727,8.390000343322754,14358,0.0,0.0
2023-01-06 12:30:00-05:00,8.385000228881836,8.390000343322754,8.350000381469727,8.380000114440918,18841,0.0,0.0
2023-01-06 13:30:00-05:00,8.390000343322754,8.454999923706055,8.390000343322754,8.4350004196167,15312,0.0,0.0
2023-01-06 14:30:00-05:00,8.4399995803833,8.489999771118164,8.4399995803833,8.489999771118164,33058,0.0,0.0
2023-01-06 15:30:00-05:00,8.484999656677246,8.5,8.430000305175781,8.46500015258789,36641,0.0,0.0
2023-01-09 09:30:00-05:00,8.479999542236328,8.539999961853027,8.430000305175781,8.454999923706055,27606,0.0,0.0
2023-01-09 10:30:00-05:00,8.460000038146973,8.4975004196167,8.4399995803833,8.494999885559082,23222,0.0,0.0
2023-01-09 11:30:00-05:00,8.494999885559082,8.5,8.470000267028809,8.489999771118164,37458,0.0,0.0
2023-01-09 12:30:00-05:00,8.489999771118164,8.505000114440918,8.479999542236328,8.494999885559082,19941,0.0,0.0
2023-01-09 13:30:00-05:00,8.494999885559082,8.494999885559082,8.425000190734863,8.46500015258789,26406,0.0,0.0
2023-01-09 14:30:00-05:00,8.46500015258789,8.46500015258789,8.425000190734863,8.431300163269043,32088,0.0,0.0
2023-01-09 15:30:00-05:00,8.430000305175781,8.432299613952637,8.399999618530273,8.404999732971191,39718,0.0,0.0
2023-01-10 09:30:00-05:00,8.350000381469727,8.484999656677246,8.300000190734863,8.430000305175781,47053,0.0,0.0
2023-01-10 10:30:00-05:00,8.420000076293945,8.460000038146973,8.380000114440918,8.414999961853027,32633,0.0,0.0
2023-01-10 11:30:00-05:00,8.420000076293945,8.475000381469727,8.40999984741211,8.4350004196167,28252,0.0,0.0
2023-01-10 12:30:00-05:00,8.4350004196167,8.473400115966797,8.430000305175781,8.470000267028809,41740,0.0,0.0
2023-01-10 13:30:00-05:00,8.470000267028809,8.48840045928955,8.454999923706055,8.46500015258789,25806,0.0,0.0
2023-01-10 14:30:00-05:00,8.460000038146973,8.479999542236328,8.449999809265137,8.460000038146973,21332,0.0,0.0
2023-01-10 15:30:00-05:00,8.460000038146973,8.470000267028809,8.430000305175781,8.460000038146973,54425,0.0,0.0
2023-01-11 09:30:00-05:00,8.5,8.585000038146973,8.460000038146973,8.539999961853027,46705,0.0,0.0
2023-01-11 10:30:00-05:00,8.539999961853027,8.583800315856934,8.529999732971191,8.539999961853027,32696,0.0,0.0
2023-01-11 11:30:00-05:00,8.550000190734863,8.579999923706055,8.520000457763672,8.545000076293945,29628,0.0,0.0
2023-01-11 12:30:00-05:00,8.550000190734863,8.59000015258789,8.539999961853027,8.569999694824219,28731,0.0,0.0
2023-01-11 13:30:00-05:00,8.574999809265137,8.619999885559082,8.574999809265137,8.619999885559082,32240,0.0,0.0
2023-01-11 14:30:00-05:00,8.614999771118164,8.635000228881836,8.569999694824219,8.604999542236328,54682,0.0,0.0
2023-01-11 15:30:00-05:00,8.600000381469727,8.619999885559082,8.579999923706055,8.59000015258789,128976,0.0,0.0
2023-01-12 09:30:00-05:00,8.65999984741211,8.739999771118164,8.569999694824219,8.699999809265137,49313,0.0,0.0
2023-01-12 10:30:00-05:00,8.699999809265137,8.739999771118164,8.680000305175781,8.720000267028809,34721,0.0,0.0
2023-01-12 11:30:00-05:00,8.710000038146973,8.8149995803833,8.699999809265137,8.789999961853027,30148,0.0,0.0
2023-01-12 12:30:00-05:00,8.789999961853027,8.819999694824219,8.704999923706055,8.704999923706055,57794,0.0,0.0
2023-01-12 13:30:00-05:00,8.704999923706055,8.760000228881836,8.699999809265137,8.734999656677246,36181,0.0,0.0
2023-01-12 14:30:00-05:00,8.729999542236328,8.75100040435791,8.699999809265137,8.704999923706055,36811,0.0,0.0
2023-01-12 15:30:00-05:00,8.699999809265137,8.75,8.699999809265137,8.75,65429,0.0,0.0
2023-01-13 09:30:00-05:00,8.670000076293945,8.720000267028809,8.649999618530273,8.649999618530273,23114,0.0,0.0
2023-01-13 10:30:00-05:00,8.65999984741211,8.699999809265137,8.619999885559082,8.649999618530273,20460,0.0,0.0
2023-01-13 11:30:00-05:00,8.649999618530273,8.765000343322754,8.640000343322754,8.765000343322754,20777,0.0,0.0
2023-01-13 12:30:00-05:00,8.774999618530273,8.78499984741211,8.720000267028809,8.720000267028809,11384,0.0,0.0
2023-01-13 13:30:00-05:00,8.720100402832031,8.789999961853027,8.720000267028809,8.789999961853027,14361,0.0,0.0
2023-01-13 14:30:00-05:00,8.800000190734863,8.829999923706055,8.774999618530273,8.824999809265137,22548,0.0,0.0
2023-01-13 15:30:00-05:00,8.824999809265137,8.850000381469727,8.824999809265137,8.84000015258789,51936,0.0,0.0
2023-01-17 09:30:00-05:00,8.800000190734863,8.989999771118164,8.800000190734863,8.970000267028809,146242,0.0,0.0
2023-01-17 10:30:00-05:00,8.960000038146973,8.989999771118164,8.925000190734863,8.9399995803833,12876,0.0,0.0
2023-01-17 11:30:00-05:00,8.9350004196167,8.9399995803833,8.895000457763672,8.899999618530273,19715,0.0,0.0
2023-01-17 12:30:00-05:00,8.904999732971191,8.90999984741211,8.845000267028809,8.854999542236328,19859,0.0,0.0
2023-01-17 13:30:00-05:00,8.854999542236328,8.885000228881836,8.845000267028809,8.859999656677246,30488,0.0,0.0
2023-01-17 14:30:00-05:00,8.864999771118164,8.886899948120117,8.850000381469727,8.885000228881836,22999,0.0,0.0
2023-01-17 15:30:00-05:00,8.880000114440918,8.895000457763672,8.859999656677246,8.880000114440918,38762,0.0,0.0
2023-01-18 09:30:00-05:00,8.880000114440918,9.109999656677246,8.880000114440918,9.109999656677246,148411,0.0,0.0
2023-01-18 10:30:00-05:00,9.109999656677246,9.109999656677246,8.96500015258789,8.979999542236328,46461,0.0,0.0
2023-01-18 11:30:00-05:00,8.975000381469727,9.0,8.930000305175781,8.930000305175781,15921,0.0,0.0
2023-01-18 12:30:00-05:00,8.930000305175781,8.9399995803833,8.890000343322754,8.9399995803833,18031,0.0,0.0
2023-01-18 13:30:00-05:00,8.9399995803833,8.970000267028809,8.904999732971191,8.920000076293945,26728,0.0,0.0
2023-01-18 14:30:00-05:00,8.920000076293945,8.920000076293945,8.875,8.899999618530273,19338,0.0,0.0
2023-01-18 15:30:00-05:00,8.899999618530273,8.970000267028809,8.875,8.960000038146973,87302,0.0,0.0
2023-01-19 09:30:00-05:00,8.920000076293945,8.984999656677246,8.859999656677246,8.885000228881836,81353,0.0,0.0
2023-01-19 10:30:00-05:00,8.869999885559082,8.895000457763672,8.770000457763672,8.779999732971191,25442,0.0,0.0
2023-01-19 11:30:00-05:00,8.779999732971191,8.84000015258789,8.729999542236328,8.829999923706055,24516,0.0,0.0
2023-01-19 12:30:00-05:00,8.824999809265137,8.875,8.824999809265137,8.859999656677246,24028,0.0,0.0
2023-01-19 13:30:00-05:00,8.859999656677246,8.91100025177002,8.850000381469727,8.880000114440918,28936,0.0,0.0
2023-01-19 14:30:00-05:00,8.875,8.875,8.819999694824219,8.829999923706055,54649,0.0,0.0
2023-01-19 15:30:00-05:00,8.819999694824219,8.864999771118164,8.8100004196167,8.845000267028809,73737,0.0,0.0
2023-01-20 09:30:00-05:00,8.880000114440918,8.880000114440918,8.704999923706055,8.869999885559082,41620,0.0,0.0
2023-01-20 10:30:00-05:00,8.864999771118164,8.880000114440918,8.8100004196167,8.864999771118164,16740,0.0,0.0
2023-01-20 11:30:00-05:00,8.869999885559082,8.890000343322754,8.835000038146973,8.845000267028809,25951,0.0,0.0
2023-01-20 12:30:00-05:00,8.850000381469727,8.895000457763672,8.835000038146973,8.864999771118164,34341,0.0,0.0
2023-01-20 13:30:00-05:00,8.869999885559082,8.90999984741211,8.869999885559082,8.899999618530273,16093,0.0,0.0
2023-01-20 14:30:00-05:00,8.899999618530273,8.960000038146973,8.890000343322754,8.9399995803833,33871,0.0,0.0
2023-01-20 15:30:00-05:00,8.949999809265137,9.010000228881836,8.925000190734863,9.010000228881836,117259,0.0,0.0
2023-01-23 09:30:00-05:00,9.0,9.109999656677246,8.989999771118164,9.100000381469727,21376,0.0,0.0
2023-01-23 10:30:00-05:00,9.100000381469727,9.164999961853027,9.095000267028809,9.140000343322754,24677,0.0,0.0
2023-01-23 11:30:00-05:00,9.140000343322754,9.154999732971191,9.079999923706055,9.104999542236328,32002,0.0,0.0
2023-01-23 12:30:00-05:00,9.104999542236328,9.104999542236328,9.061200141906738,9.0649995803833,19031,0.0,0.0
2023-01-23 13:30:00-05:00,9.0649995803833,9.095000267028809,9.039999961853027,9.055000305175781,37042,0.0,0.0
2023-01-23 14:30:00-05:00,9.055000305175781,9.09000015258789,9.029999732971191,9.055000305175781,85430,0.0,0.0
2023-01-23 15:30:00-05:00,9.055000305175781,9.079999923706055,9.039999961853027,9.050000190734863,86077,0.0,0.0
2023-01-24 09:30:00-05:00,9.050000190734863,9.0600004196167,8.951000213623047,9.010000228881836,26298,0.0,0.0
2023-01-24 10:30:00-05:00,9.010000228881836,9.029999732971191,8.960000038146973,8.970000267028809,11981,0.0,0.0
2023-01-24 11:30:00-05:00,8.970000267028809,8.970000267028809,8.899999618530273,8.930000305175781,18868,0.0,0.0
2023-01-24 12:30:00-05:00,8.920000076293945,8.9399995803833,8.880000114440918,8.895000457763672,9136,0.0,0.0
2023-01-24 13:30:00-05:00,8.899999618530273,8.90999984741211,8.84000015258789,8.869999885559082,11406,0.0,0.0
2023-01-24 14:30:00-05:00,8.869999885559082,8.908599853515625,8.869999885559082,8.885000228881836,14188,0.0,0.0
2023-01-24 15:30:00-05:00,8.885000228881836,8.90999984741211,8.850000381469727,8.890000343322754,34122,0.0,0.0
2023-01-25 09:30:00-05:00,8.890000343322754,8.9350004196167,8.819999694824219,8.90999984741211,20217,0.0,0.0
2023-01-25 10:30:00-05:00,8.90999984741211,9.020000457763672,8.899999618530273,8.970000267028809,15658,0.0,0.0
2023-01-25 11:30:00-05:00,8.960000038146973,8.994999885559082,8.960000038146973,8.970000267028809,14032,0.0,0.0
2023-01-25 12:30:00-05:00,8.975000381469727,9.005000114440918,8.949999809265137,9.0,26863,0.0,0.0
2023-01-25 13:30:00-05:00,9.010000228881836,9.039999961853027,8.989999771118164,9.020000457763672,18423,0.0,0.0
2023-01-25 14:30:00-05:00,9.015000343322754,9.029999732971191,8.984999656677246,9.015000343322754,24760,0.0,0.0
2023-01-25 15:30:00-05:00,9.020000457763672,9.029999732971191,9.0,9.020000457763672,26583,0.0,0.0
2023-01-26 09:30:00-05:00,9.039999961853027,9.15999984741211,9.010000228881836,9.039999961853027,28392,0.0,0.0
2023-01-26 10:30:00-05:00,9.020000457763672,9.039999961853027,8.994999885559082,9.010000228881836,15715,0.0,0.0
2023-01-26 11:30:00-05:00,9.010000228881836,9.037799835205078,8.979999542236328,9.029999732971191,13661,0.0,0.0
2023-01-26 12:30:00-05:00,9.037400245666504,9.037699699401855,8.960000038146973,8.970000267028809,16105,0.0,0.0
2023-01-26 13:30:00-05:00,8.970000267028809,9.029999732971191,8.970000267028809,9.027999877929688,22229,0.0,0.0
2023-01-26 14:30:00-05:00,9.027999877929688,9.039999961853027,9.010000228881836,9.029999732971191,22027,0.0,0.0
2023-01-26 15:30:00-05:00,9.029999732971191,9.09000015258789,9.029999732971191,9.09000015258789,44266,0.0,0.0
2023-01-27 09:30:00-05:00,9.109999656677246,9.265000343322754,9.109999656677246,9.1899995803833,25490,0.0,0.0
2023-01-27 10:30:00-05:00,9.181500434875488,9.210000038146973,9.09000015258789,9.109999656677246,20533,0.0,0.0
2023-01-27 11:30:00-05:00,9.118000030517578,9.15999984741211,9.104999542236328,9.145000457763672,23738,0.0,0.0
2023-01-27 12:30:00-05:00,9.130000114440918,9.1899995803833,9.130000114440918,9.1850004196167,15382,0.0,0.0
2023-01-27 13:30:00-05:00,9.1899995803833,9.225000381469727,9.180000305175781,9.225000381469727,17549,0.0,0.0
2023-01-27 14:30:00-05:00,9.21500015258789,9.25,9.199999809265137,9.244999885559082,28030,0.0,0.0
2023-01-27 15:30:00-05:00,9.25,9.25,9.1899995803833,9.204999923706055,38911,0.0,0.0
2023-01-30 09:30:00-05:00,9.149999618530273,9.199999809265137,9.130000114440918,9.180000305175781,26227,0.0,0.0
2023-01-30 10:30:00-05:00,9.180000305175781,9.194299697875977,9.154999732971191,9.170000076293945,33906,0.0,0.0
2023-01-30 11:30:00-05:00,9.180000305175781,9.1899995803833,9.164999961853027,9.170000076293945,19418,0.0,0.0
2023-01-30 12:30:00-05:00,9.175000190734863,9.199999809265137,9.15999984741211,9.170000076293945,22244,0.0,0.0
2023-01-30 13:30:00-05:00,9.170000076293945,9.1899995803833,9.164999961853027,9.1850004196167,25977,0.0,0.0
2023-01-30 14:30:00-05:00,9.175000190734863,9.1899995803833,9.15999984741211,9.180000305175781,23967,0.0,0.0
2023-01-30 15:30:00-05:00,9.180000305175781,9.210000038146973,9.170000076293945,9.170000076293945,48133,0.0,0.0
2023-01-31 09:30:00-05:00,9.15999984741211,9.289999961853027,9.15999984741211,9.279999732971191,28003,0.0,0.0
2023-01-31 10:30:00-05:00,9.289999961853027,9.355999946594238,9.279999732971191,9.289999961853027,22265,0.0,0.0
2023-01-31 11:30:00-05:00,9.295000076293945,9.360099792480469,9.270000457763672,9.345000267028809,72714,0.0,0.0
2023-01-31 12:30:00-05:00,9.345000267028809,9.445500373840332,9.3100004196167,9.4399995803833,40762,0.0,0.0
2023-01-31 13:30:00-05:00,9.4399995803833,9.489999771118164,9.420000076293945,9.470000267028809,21559,0.0,0.0
2023-01-31 14:30:00-05:00,9.479999542236328,9.550000190734863,9.470000267028809,9.550000190734863,40558,0.0,0.0
2023-01-31 15:30:00-05:00,9.550000190734863,9.670000076293945,9.550000190734863,9.65999984741211,121179,0.0,0.0
2023-02-01 09:30:00-05:00,9.5600004196167,9.604999542236328,9.335000038146973,9.399999618530273,50697,0.0,0.0
2023-02-01 10:30:00-05:00,9.399999618530273,9.400099754333496,9.329999923706055,9.369999885559082,22978,0.0,0.0
2023-02-01 11:30:00-05:00,9.359999656677246,9.369999885559082,9.279999732971191,9.300000190734863,19603,0.0,0.0
2023-02-01 12:30:00-05:00,9.289999961853027,9.319999694824219,9.279999732971191,9.300000190734863,15280,0.0,0.0
2023-02-01 13:30:00-05:00,9.3100004196167,9.335000038146973,9.289999961853027,9.305000305175781,21613,0.0,0.0
2023-02-01 14:30:00-05:00,9.3100004196167,9.489999771118164,9.270000457763672,9.4399995803833,69865,0.0,0.0
2023-02-01 15:30:00-05:00,9.4399995803833,9.5,9.329999923706055,9.359999656677246,85332,0.0,0.0
2023-02-02 09:30:00-05:00,9.40999984741211,9.725000381469727,9.40999984741211,9.720000267028809,35743,0.0,0.0
2023-02-02 10:30:00-05:00,9.720000267028809,9.72070026397705,9.645000457763672,9.654999732971191,55808,0.0,0.0
2023-02-02 11:30:00-05:00,9.654999732971191,9.698399543762207,9.649999618530273,9.675000190734863,17153,0.0,0.0
2023-02-02 12:30:00-05:00,9.680000305175781,9.699999809265137,9.670000076293945,9.6899995803833,20937,0.0,0.0
2023-02-02 13:30:00-05:00,9.682000160217285,9.729999542236328,9.670000076293945,9.670000076293945,26460,0.0,0.0
2023-02-02 14:30:00-05:00,9.670000076293945,9.6899995803833,9.630000114440918,9.680000305175781,65849,0.0,0.0
2023-02-02 15:30:00-05:00,9.680000305175781,9.710000038146973,9.654999732971191,9.694999694824219,44121,0.0,0.0
2023-02-03 09:30:00-05:00,9.640000343322754,9.75,9.529999732971191,9.699999809265137,39252,0.0,0.0
2023-02-03 10:30:00-05:00,9.6899995803833,9.739999771118164,9.640000343322754,9.6899995803833,33785,0.0,0.0
2023-02-03 11:30:00-05:00,9.6899995803833,9.699999809265137,9.609999656677246,9.65999984741211,32659,0.0,0.0
2023-02-03 12:30:00-05:00,9.65999984741211,9.670000076293945,9.539999961853027,9.539999961853027,19115,0.0,0.0
2023-02-03 13:30:00-05:00,9.539999961853027,9.59000015258789,9.520000457763672,9.579999923706055,30919,0.0,0.0
2023-02-03 14:30:00-05:00,9.569999694824219,9.640000343322754,9.5649995803833,9.640000343322754,23683,0.0,0.0
2023-02-03 15:30:00-05:00,9.630000114440918,9.680000305175781,9.569999694824219,9.619999885559082,116181,0.0,0.0
2023-02-06 09:30:00-05:00,9.579999923706055,9.59000015258789,9.345000267028809,9.346699714660645,28607,0.0,0.0
2023-02-06 10:30:00-05:00,9.34000015258789,9.470000267028809,9.3100004196167,9.40999984741211,33435,0.0,0.0
2023-02-06 11:30:00-05:00,9.40999984741211,9.40999984741211,9.300000190734863,9.300000190734863,28867,0.0,0.0
2023-02-06 12:30:00-05:00,9.300000190734863,9.359999656677246,9.289999961853027,9.319999694824219,27142,0.0,0.0
2023-02-06 13:30:00-05:00,9.32800006866455,9.399999618530273,9.319999694824219,9.380000114440918,25071,0.0,0.0
2023-02-06 14:30:00-05:00,9.385000228881836,9.449999809265137,9.380000114440918,9.4399995803833,32369,0.0,0.0
2023-02-06 15:30:00-05:00,9.4399995803833,9.479999542236328,9.399999618530273,9.399999618530273,59179,0.0,0.0
2023-02-07 09:30:00-05:00,9.449999809265137,9.449999809265137,9.220000267028809,9.3149995803833,59897,0.0,0.0
2023-02-07 10:30:00-05:00,9.319999694824219,9.399999618530273,9.3149995803833,9.390000343322754,30483,0.0,0.0
2023-02-07 11:30:00-05:00,9.390000343322754,9.4399995803833,9.359999656677246,9.40999984741211,43511,0.0,0.0
2023-02-07 12:30:00-05:00,9.420000076293945,9.510000228881836,9.359999656677246,9.359999656677246,56715,0.0,0.0
2023-02-07 13:30:00-05:00,9.34000015258789,9.40999984741211,9.289999961853027,9.380000114440918,30754,0.0,0.0
2023-02-07 14:30:00-05:00,9.37909984588623,9.40999984741211,9.369999885559082,9.390000343322754,27021,0.0,0.0
2023-02-07 15:30:00-05:00,9.390000343322754,9.420000076293945,9.359999656677246,9.359999656677246,54414,0.0,0.0
2023-02-08 09:30:00-05:00,9.319999694824219,9.430000305175781,9.312000274658203,9.359999656677246,21066,0.0,0.0
2023-02-08 10:30:00-05:00,9.350000381469727,9.395000457763672,9.34000015258789,9.359999656677246,19197,0.0,0.0
2023-02-08 11:30:00-05:00,9.364999771118164,9.390000343322754,9.279999732971191,9.3100004196167,35874,0.0,0.0
2023-02-08 12:30:00-05:00,9.3100004196167,9.359999656677246,9.289999961853027,9.289999961853027,165767,0.0,0.0
2023-02-08 13:30:00-05:00,9.279999732971191,9.3149995803833,9.25,9.255000114440918,25567,0.0,0.0
2023-02-08 14:30:00-05:00,9.260000228881836,9.260000228881836,9.210000038146973,9.225000381469727,38461,0.0,0.0
2023-02-08 15:30:00-05:00,9.229999542236328,9.229999542236328,9.199999809265137,9.199999809265137,54371,0.0,0.0
2023-02-09 09:30:00-05:00,9.3100004196167,9.359999656677246,9.220000267028809,9.220000267028809,22768,0.0,0.0
2023-02-09 10:30:00-05:00,9.208600044250488,9.220000267028809,9.15999984741211,9.164999961853027,21993,0.0,0.0
2023-02-09 11:30:00-05:00,9.164999961853027,9.21500015258789,9.15999984741211,9.183300018310547,27932,0.0,0.0
2023-02-09 12:30:00-05:00,9.180000305175781,9.1899995803833,9.119999885559082,9.125,17133,0.0,0.0
2023-02-09 13:30:00-05:00,9.119999885559082,9.135000228881836,9.09000015258789,9.09000015258789,25774,0.0,0.0
2023-02-09 14:30:00-05:00,9.095000267028809,9.104999542236328,9.024999618530273,9.03499984741211,29073,0.0,0.0
2023-02-09 15:30:00-05:00,9.03499984741211,9.069999694824219,9.029999732971191,9.0600004196167,115869,0.0,0.0
2023-02-10 09:30:00-05:00,9.020000457763672,9.109999656677246,9.0,9.0600004196167,30824,0.0,0.0
2023-02-10 10:30:00-05:00,9.0600004196167,9.069999694824219,9.010000228881836,9.029999732971191,19532,0.0,0.0
2023-02-10 11:30:00-05:00,9.029999732971191,9.029999732971191,9.0,9.010000228881836,12945,0.0,0.0
2023-02-10 12:30:00-05:00,9.020000457763672,9.130000114440918,9.010000228881836,9.100000381469727,33858,0.0,0.0
2023-02-10 13:30:00-05:00,9.100000381469727,9.104999542236328,9.069999694824219,9.100000381469727,28878,0.0,0.0
2023-02-10 14:30:00-05:00,9.100000381469727,9.117500305175781,9.09000015258789,9.109999656677246,35832,0.0,0.0
2023-02-10 15:30:00-05:00,9.119999885559082,9.140000343322754,9.0600004196167,9.069999694824219,69140,0.0,0.0
2023-02-13 09:30:00-05:00,9.079999923706055,9.220000267028809,9.010000228881836,9.220000267028809,19133,0.0,0.0
2023-02-13 10:30:00-05:00,9.218000411987305,9.255000114440918,9.175000190734863,9.239999771118164,14541,0.0,0.0
2023-02-13 11:30:00-05:00,9.229999542236328,9.255000114440918,9.199999809265137,9.239999771118164,11948,0.0,0.0
2023-02-13 12:30:00-05:00,9.229999542236328,9.270000457763672,9.220000267028809,9.260000228881836,14828,0.0,0.0
2023-02-13 13:30:00-05:00,9.260000228881836,9.270000457763672,9.229999542236328,9.2475004196167,15161,0.0,0.0
2023-02-13 14:30:00-05:00,9.244999885559082,9.25,9.225000381469727,9.234999656677246,18470,0.0,0.0
2023-02-13 15:30:00-05:00,9.234999656677246,9.289999961853027,9.234999656677246,9.260000228881836,41365,0.0,0.0
2023-02-14 09:30:00-05:00,9.210000038146973,9.300000190734863,9.1899995803833,9.220000267028809,18474,0.0,0.0
2023-02-14 10:30:00-05:00,9.1899995803833,9.234999656677246,9.149999618530273,9.199999809265137,14545,0.0,0.0
2023-02-14 11:30:00-05:00,9.199999809265137,9.220000267028809,9.131600379943848,9.220000267028809,12084,0.0,0.0
2023-02-14 12:30:00-05:00,9.210000038146973,9.265000343322754,9.199999809265137,9.229999542236328,14736,0.0,0.0
2023-02-14 13:30:00-05:00,9.239999771118164,9.25,9.204999923706055,9.25,18012,0.0,0.0
2023-02-14 14:30:00-05:00,9.25,9.279999732971191,9.25,9.25,14673,0.0,0.0
2023-02-14 15:30:00-05:00,9.244999885559082,9.260000228881836,9.15999984741211,9.15999984741211,55074,0.0,0.0
2023-02-15 09:30:00-05:00,9.109999656677246,9.210000038146973,9.09000015258789,9.182499885559082,15087,0.0,0.0
2023-02-15 10:30:00-05:00,9.175000190734863,9.210000038146973,9.15999984741211,9.194999694824219,11703,0.0,0.0
2023-02-15 11:30:00-05:00,9.194999694824219,9.220000267028809,9.109999656677246,9.109999656677246,10133,0.0,0.0
2023-02-15 12:30:00-05:00,9.128600120544434,9.15999984741211,9.128600120544434,9.149999618530273,5800,0.0,0.0
2023-02-15 13:30:00-05:00,9.145000457763672,9.1850004196167,9.145000457763672,9.180100440979004,15961,0.0,0.0
2023-02-15 14:30:00-05:00,9.1850004196167,9.234999656677246,9.180000305175781,9.234999656677246,14281,0.0,0.0
2023-02-15 15:30:00-05:00,9.23009967803955,9.270000457763672,9.229999542236328,9.255000114440918,24351,0.0,0.0
2023-02-16 09:30:00-05:00,9.140000343322754,9.164999961853027,9.069999694824219,9.114999771118164,13190,0.0,0.0
2023-02-16 10:30:00-05:00,9.114999771118164,9.164999961853027,9.114999771118164,9.145000457763672,14947,0.0,0.0
2023-02-16 11:30:00-05:00,9.140000343322754,9.175000190734863,9.130000114440918,9.175000190734863,11676,0.0,0.0
2023-02-16 12:30:00-05:00,9.180000305175781,9.199999809265137,9.145000457763672,9.145000457763672,11636,0.0,0.0
2023-02-16 13:30:00-05:00,9.15999984741211,9.21500015258789,9.140000343322754,9.1899995803833,17790,0.0,0.0
2023-02-16 14:30:00-05:00,9.199999809265137,9.210000038146973,9.140000343322754,9.140000343322754,11600,0.0,0.0
2023-02-16 15:30:00-05:00,9.130000114440918,9.170000076293945,9.109999656677246,9.149999618530273,38919,0.0,0.0
2023-02-17 09:30:00-05:00,9.199999809265137,9.270000457763672,9.069999694824219,9.15999984741211,42209,0.0,0.0
2023-02-17 10:30:00-05:00,9.149999618530273,9.180000305175781,9.109999656677246,9.109999656677246,9467,0.0,0.0
2023-02-17 11:30:00-05:00,9.109999656677246,9.15999984741211,9.109999656677246,9.149999618530273,14142,0.0,0.0
2023-02-17 12:30:00-05:00,9.154500007629395,9.154500007629395,9.119999885559082,9.12090015411377,7915,0.0,0.0
2023-02-17 13:30:00-05:00,9.125,9.149999618530273,9.109999656677246,9.140000343322754,13288,0.0,0.0
2023-02-17 14:30:00-05:00,9.140000343322754,9.175000190734863,9.140000343322754,9.149999618530273,8780,0.0,0.0
2023-02-17 15:30:00-05:00,9.145000457763672,9.1899995803833,9.109999656677246,9.109999656677246,41458,0.0,0.0
2023-02-21 09:30:00-05:00,9.0,9.020000457763672,8.930000305175781,8.978400230407715,49092,0.0,0.0
2023-02-21 10:30:00-05:00,8.970000267028809,9.024999618530273,8.9350004196167,8.960000038146973,36376,0.0,0.0
2023-02-21 11:30:00-05:00,8.960000038146973,8.970000267028809,8.802499771118164,8.802499771118164,35240,0.0,0.0
2023-02-21 12:30:00-05:00,8.805000305175781,8.859999656677246,8.789999961853027,8.789999961853027,27592,0.0,0.0
2023-02-21 13:30:00-05:00,8.800000190734863,8.835000038146973,8.755000114440918,8.829999923706055,26982,0.0,0.0
2023-02-21 14:30:00-05:00,8.84000015258789,8.859999656677246,8.8100004196167,8.845000267028809,41369,0.0,0.0
2023-02-21 15:30:00-05:00,8.850000381469727,8.875,8.84000015258789,8.84000015258789,49986,0.0,0.0
2023-02-22 09:30:00-05:00,8.850000381469727,8.9399995803833,8.800000190734863,8.84000015258789,50379,0.0,0.0
2023-02-22 10:30:00-05:00,8.829999923706055,8.864999771118164,8.800000190734863,8.829999923706055,34685,0.0,0.0
2023-02-22 11:30:00-05:00,8.829999923706055,8.864999771118164,8.819999694824219,8.845000267028809,25726,0.0,0.0
2023-02-22 12:30:00-05:00,8.845000267028809,8.869999885559082,8.8100004196167,8.859999656677246,29626,0.0,0.0
2023-02-22 13:30:00-05:00,8.87909984588623,8.880000114440918,8.770000457763672,8.819999694824219,41321,0.0,0.0
2023-02-22 14:30:00-05:00,8.819999694824219,8.819999694824219,8.755000114440918,8.760000228881836,54064,0.0,0.0
2023-02-22 15:30:00-05:00,8.760000228881836,8.779999732971191,8.729999542236328,8.75,116838,0.0,0.0
2023-02-23 09:30:00-05:00,8.800000190734863,8.899999618530273,8.7701997756958,8.890000343322754,34932,0.0,0.0
2023-02-23 10:30:00-05:00,8.880000114440918,8.880000114440918,8.8100004196167,8.835000038146973,40331,0.0,0.0
2023-02-23 11:30:00-05:00,8.835000038146973,8.835000038146973,8.770000457763672,8.789999961853027,32863,0.0,0.0
2023-02-23 12:30:00-05:00,8.779999732971191,8.789999961853027,8.744999885559082,8.755000114440918,27252,0.0,0.0
2023-02-23 13:30:00-05:00,8.755000114440918,8.819999694824219,8.755000114440918,8.774999618530273,29008,0.0,0.0
2023-02-23 14:30:00-05:00,8.774999618530273,8.84000015258789,8.774999618530273,8.835000038146973,48211,0.0,0.0
2023-02-23 15:30:00-05:00,8.835000038146973,8.850000381469727,8.805000305175781,8.850000381469727,56366,0.0,0.0
2023-02-24 09:30:00-05:00,8.720000267028809,8.779999732971191,8.649999618530273,8.65999984741211,46167,0.0,0.0
2023-02-24 10:30:00-05:00,8.65999984741211,8.710000038146973,8.654999732971191,8.699999809265137,142882,0.0,0.0
2023-02-24 11:30:00-05:00,8.699999809265137,8.710000038146973,8.609999656677246,8.649999618530273,64127,0.0,0.0
2023-02-24 12:30:00-05:00,8.65999984741211,8.680000305175781,8.604999542236328,8.640000343322754,56308,0.0,0.0
2023-02-24 13:30:00-05:00,8.630000114440918,8.65999984741211,8.619999885559082,8.640000343322754,24631,0.0,0.0
2023-02-24 14:30:00-05:00,8.649999618530273,8.65999984741211,8.604999542236328,8.619999885559082,31046,0.0,0.0
2023-02-24 15:30:00-05:00,8.609999656677246,8.630000114440918,8.569999694824219,8.619999885559082,54847,0.0,0.0
2023-02-27 09:30:00-05:00,8.680000305175781,8.75,8.649999618530273,8.670000076293945,44733,0.0,0.0
2023-02-27 10:30:00-05:00,8.670000076293945,8.710000038146973,8.600000381469727,8.649999618530273,115425,0.0,0.0
2023-02-27 11:30:00-05:00,8.649999618530273,8.720000267028809,8.635000228881836,8.699999809265137,59108,0.0,0.0
2023-02-27 12:30:00-05:00,8.710000038146973,8.71500015258789,8.680000305175781,8.699999809265137,28904,0.0,0.0
2023-02-27 13:30:00-05:00,8.708999633789062,8.729999542236328,8.6899995803833,8.699999809265137,75964,0.0,0.0
2023-02-27 14:30:00-05:00,8.699999809265137,8.710000038146973,8.645000457763672,8.645000457763672,116317,0.0,0.0
2023-02-27 15:30:00-05:00,8.645000457763672,8.645000457763672,8.600000381469727,8.600000381469727,71039,0.0,0.0
2023-02-28 09:30:00-05:00,8.59000015258789,8.670000076293945,8.5600004196167,8.649999618530273,24317,0.0,0.0
2023-02-28 10:30:00-05:00,8.640000343322754,8.680000305175781,8.630000114440918,8.673600196838379,15884,0.0,0.0
2023-02-28 11:30:00-05:00,8.680000305175781,8.680000305175781,8.630000114440918,8.640000343322754,10934,0.0,0.0
2023-02-28 12:30:00-05:00,8.63010025024414,8.670000076293945,8.625,8.654999732971191,16091,0.0,0.0
2023-02-28 13:30:00-05:00,8.654999732971191,8.65999984741211,8.600000381469727,8.625,34293,0.0,0.0
2023-02-28 14:30:00-05:00,8.619999885559082,8.630000114440918,8.59000015258789,8.600000381469727,30662,0.0,0.0
2023-02-28 15:30:00-05:00,8.600000381469727,8.604999542236328,8.539999961853027,8.5600004196167,198223,0.0,0.0
2023-03-01 09:30:00-05:00,8.510000228881836,8.520000457763672,8.380000114440918,8.40999984741211,115030,0.0,0.0
2023-03-01 10:30:00-05:00,8.40999984741211,8.430000305175781,8.270000457763672,8.279999732971191,70147,0.0,0.0
2023-03-01 11:30:00-05:00,8.282500267028809,8.364999771118164,8.279999732971191,8.359999656677246,35984,0.0,0.0
2023-03-01 12:30:00-05:00,8.354999542236328,8.359299659729004,8.302499771118164,8.335000038146973,42739,0.0,0.0
2023-03-01 13:30:00-05:00,8.329999923706055,8.34000015258789,8.279999732971191,8.289999961853027,46645,0.0,0.0
2023-03-01 14:30:00-05:00,8.279999732971191,8.305000305175781,8.260000228881836,8.300000190734863,44968,0.0,0.0
2023-03-01 15:30:00-05:00,8.289999961853027,8.319999694824219,8.279999732971191,8.289999961853027,65094,0.0,0.0
2023-03-02 09:30:00-05:00,8.199999809265137,8.289999961853027,8.069999694824219,8.109999656677246,104121,0.0,0.0
2023-03-02 10:30:00-05:00,8.100000381469727,8.170000076293945,8.050000190734863,8.095000267028809,80821,0.0,0.0
2023-03-02 11:30:00-05:00,8.095000267028809,8.100000381469727,8.018500328063965,8.050000190734863,55148,0.0,0.0
2023-03-02 12:30:00-05:00,8.0600004196167,8.09000015258789,8.024999618530273,8.039999961853027,54738,0.0,0.0
2023-03-02 13:30:00-05:00,8.03499984741211,8.085000038146973,8.029999732971191,8.045000076293945,40331,0.0,0.0
2023-03-02 14:30:00-05:00,8.045000076293945,8.069999694824219,8.005000114440918,8.010000228881836,87260,0.0,0.0
2023-03-02 15:30:00-05:00,8.005000114440918,8.100000381469727,8.0,8.029999732971191,176977,0.0,0.0
2023-03-03 09:30:00-05:00,8.079999923706055,8.15999984741211,8.020000457763672,8.130000114440918,51690,0.0,0.0
2023-03-03 10:30:00-05:00,8.125,8.130000114440918,8.010000228881836,8.017499923706055,36297,0.0,0.0
2023-03-03 11:30:00-05:00,8.015000343322754,8.050000190734863,8.015000343322754,8.03499984741211,32800,0.0,0.0
2023-03-03 12:30:00-05:00,8.03499984741211,8.050000190734863,8.015000343322754,8.03499984741211,32979,0.0,0.0
2023-03-03 13:30:00-05:00,8.039999961853027,8.04990005493164,8.029999732971191,8.039999961853027,32788,0.0,0.0
2023-03-03 14:30:00-05:00,8.03499984741211,8.050000190734863,8.010000228881836,8.010000228881836,48325,0.0,0.0
2023-03-03 15:30:00-05:00,8.010000228881836,8.010000228881836,7.940000057220459,7.949999809265137,163900,0.0,0.0
2023-03-06 09:30:00-05:00,8.0,8.0600004196167,7.989999771118164,8.005000114440918,79920,0.0,0.0
2023-03-06 10:30:00-05:00,8.005000114440918,8.024999618530273,7.960000038146973,8.015000343322754,79389,0.0,0.0
2023-03-06 11:30:00-05:00,8.010000228881836,8.03499984741211,7.989999771118164,8.005000114440918,71260,0.0,0.0
2023-03-06 12:30:00-05:00,8.005000114440918,8.050000190734863,7.980000019073486,8.048999786376953,107680,0.0,0.0
2023-03-06 13:30:00-05:00,8.050000190734863,8.119999885559082,8.050000190734863,8.09000015258789,68314,0.0,0.0
2023-03-06 14:30:00-05:00,8.09000015258789,8.100000381469727,8.029999732971191,8.029999732971191,69969,0.0,0.0
2023-03-06 15:30:00-05:00,8.03499984741211,8.079999923706055,8.015000343322754,8.050000190734863,102320,0.0,0.0
2023-03-07 09:30:00-05:00,8.010000228881836,8.010000228881836,7.829999923706055,7.84499979019165,90514,0.0,0.0
2023-03-07 10:30:00-05:00,7.849999904632568,7.860000133514404,7.720099925994873,7.747499942779541,88921,0.0,0.0
2023-03-07 11:30:00-05:00,7.747499942779541,7.75,7.619999885559082,7.630000114440918,79672,0.0,0.0
2023-03-07 12:30:00-05:00,7.630000114440918,7.630000114440918,7.53000020980835,7.610000133514404,84303,0.0,0.0
2023-03-07 13:30:00-05:00,7.610000133514404,7.639999866485596,7.559999942779541,7.574999809265137,104658,0.0,0.0
2023-03-07 14:30:00-05:00,7.579999923706055,7.579999923706055,7.494999885559082,7.579999923706055,88218,0.0,0.0
2023-03-07 15:30:00-05:00,7.590000152587891,7.599999904632568,7.539999961853027,7.559999942779541,86531,0.0,0.0
2023-03-08 09:30:00-05:00,7.510000228881836,7.71999979019165,7.510000228881836,7.679999828338623,107805,0.0,0.0
2023-03-08 10:30:00-05:00,7.679999828338623,7.755000114440918,7.65500020980835,7.71999979019165,43168,0.0,0.0
2023-03-08 11:30:00-05:00,7.730000019073486,7.835000038146973,7.695000171661377,7.829999923706055,69152,0.0,0.0
2023-03-08 12:30:00-05:00,7.835000038146973,7.860000133514404,7.724999904632568,7.735000133514404,72668,0.0,0.0
2023-03-08 13:30:00-05:00,7.739999771118164,7.75,7.695000171661377,7.71999979019165,85234,0.0,0.0
2023-03-08 14:30:00-05:00,7.71999979019165,7.724999904632568,7.659999847412109,7.684999942779541,79184,0.0,0.0
2023-03-08 15:30:00-05:00,7.690000057220459,7.739999771118164,7.684999942779541,7.739999771118164,117564,0.0,0.0
2023-03-09 09:30:00-05:00,7.679999828338623,7.679999828338623,7.409999847412109,7.460000038146973,172325,0.0,0.0
2023-03-09 10:30:00-05:00,7.449999809265137,7.570000171661377,7.409999847412109,7.550000190734863,88053,0.0,0.0
2023-03-09 11:30:00-05:00,7.559999942779541,7.599999904632568,7.53000020980835,7.599999904632568,51535,0.0,0.0
2023-03-09 12:30:00-05:00,7.610000133514404,7.614999771118164,7.539999961853027,7.565000057220459,74634,0.0,0.0
2023-03-09 13:30:00-05:00,7.559999942779541,7.630000114440918,7.559199810028076,7.559999942779541,66760,0.0,0.0
2023-03-09 14:30:00-05:00,7.559999942779541,7.585000038146973,7.525000095367432,7.579999923706055,135507,0.0,0.0
2023-03-09 15:30:00-05:00,7.574999809265137,7.585000038146973,7.480000019073486,7.5,220089,0.0,0.0
2023-03-10 09:30:00-05:00,7.460000038146973,7.473800182342529,7.110000133514404,7.159999847412109,297699,0.0,0.0
2023-03-10 10:30:00-05:00,7.159999847412109,7.264999866485596,7.130000114440918,7.255000114440918,173597,0.0,0.0
2023-03-10 11:30:00-05:00,7.25,7.260000228881836,7.144999980926514,7.159999847412109,142702,0.0,0.0
2023-03-10 12:30:00-05:00,7.164999961853027,7.179999828338623,6.940000057220459,6.985000133514404,187782,0.0,0.0
2023-03-10 13:30:00-05:00,6.989999771118164,6.989999771118164,6.795000076293945,6.800000190734863,130731,0.0,0.0
2023-03-10 14:30:00-05:00,6.809999942779541,6.920000076293945,6.760000228881836,6.764999866485596,203656,0.0,0.0
2023-03-10 15:30:00-05:00,6.76800012588501,6.784999847412109,6.739999771118164,6.75,192704,0.0,0.0
2023-03-13 09:30:00-04:00,6.690000057220459,6.81850004196167,6.639999866485596,6.644999980926514,104383,0.0,0.0
2023-03-13 10:30:00-04:00,6.650000095367432,6.829999923706055,6.639999866485596,6.820000171661377,76305,0.0,0.0
2023-03-13 11:30:00-04:00,6.829999923706055,6.869999885559082,6.699999809265137,6.710000038146973,68090,0.0,0.0
2023-03-13 12:30:00-04:00,6.700900077819824,6.710000038146973,6.614999771118164,6.65500020980835,63896,0.0,0.0
2023-03-13 13:30:00-04:00,6.659999847412109,6.744999885559082,6.650000095367432,6.695000171661377,83002,0.0,0.0
2023-03-13 14:30:00-04:00,6.695000171661377,6.739999771118164,6.695000171661377,6.695000171661377,62774,0.0,0.0
2023-03-13 15:30:00-04:00,6.695000171661377,6.710000038146973,6.690000057220459,6.695000171661377,94607,0.0,0.0
2023-03-14 09:30:00-04:00,6.900000095367432,6.920000076293945,6.730000019073486,6.835000038146973,81421,0.0,0.0
2023-03-14 10:30:00-04:00,6.840000152587891,6.864999771118164,6.739999771118164,6.78000020980835,71326,0.0,0.0
2023-03-14 11:30:00-04:00,6.78000020980835,6.787499904632568,6.724999904632568,6.730000019073486,70967,0.0,0.0
2023-03-14 12:30:00-04:00,6.730000019073486,6.75,6.525000095367432,6.525000095367432,130123,0.0,0.0
2023-03-14 13:30:00-04:00,6.519999980926514,6.585000038146973,6.505000114440918,6.53000020980835,131580,0.0,0.0
2023-03-14 14:30:00-04:00,6.53000020980835,6.554999828338623,6.485000133514404,6.494999885559082,249005,0.0,0.0
2023-03-14 15:30:00-04:00,6.494999885559082,6.539999961853027,6.485000133514404,6.53000020980835,337877,0.0,0.0
2023-03-15 09:30:00-04:00,6.349999904632568,6.480000019073486,6.289999961853027,6.425000190734863,122181,0.0,0.0
2023-03-15 10:30:00-04:00,6.414999961853027,6.46999979019165,6.340000152587891,6.445000171661377,97299,0.0,0.0
2023-03-15 11:30:00-04:00,6.440000057220459,6.460000038146973,6.380000114440918,6.394999980926514,81359,0.0,0.0
2023-03-15 12:30:00-04:00,6.400000095367432,6.445000171661377,6.375,6.434999942779541,92922,0.0,0.0
2023-03-15 13:30:00-04:00,6.429999828338623,6.5,6.409999847412109,6.474999904632568,85511,0.0,0.0
2023-03-15 14:30:00-04:00,6.474999904632568,6.5,6.420000076293945,6.445000171661377,107380,0.0,0.0
2023-03-15 15:30:00-04:00,6.440000057220459,6.489999771118164,6.427999973297119,6.489999771118164,117802,0.0,0.0
2023-03-16 09:30:00-04:00,6.400000095367432,6.449999809265137,6.150000095367432,6.21999979019165,177305,0.0,0.0
2023-03-16 10:30:00-04:00,6.21999979019165,6.380000114440918,6.190000057220459,6.335000038146973,145143,0.0,0.0
2023-03-16 11:30:00-04:00,6.340000152587891,6.349999904632568,6.239999771118164,6.300000190734863,110255,0.0,0.0
2023-03-16 12:30:00-04:00,6.300000190734863,6.409999847412109,6.269999980926514,6.324999809265137,125242,0.0,0.0
2023-03-16 13:30:00-04:00,6.324999809265137,6.340000152587891,6.275000095367432,6.295000076293945,124503,0.0,0.0
2023-03-16 14:30:00-04:00,6.289999961853027,6.340000152587891,6.25,6.324999809265137,167682,0.0,0.0
2023-03-16 15:30:00-04:00,6.324999809265137,6.360000133514404,6.275000095367432,6.349999904632568,228013,0.0,0.0
2023-03-17 09:30:00-04:00,6.309999942779541,6.360000133514404,6.019999980926514,6.070000171661377,319640,0.0,0.0
2023-03-17 10:30:00-04:00,6.070000171661377,6.130000114440918,5.989999771118164,5.989999771118164,182939,0.0,0.0
2023-03-17 11:30:00-04:00,5.985000133514404,6.03000020980835,5.929999828338623,6.0,137332,0.0,0.0
2023-03-17 12:30:00-04:00,6.0,6.019999980926514,5.889999866485596,5.945000171661377,105547,0.0,0.0
2023-03-17 13:30:00-04:00,5.949999809265137,5.974999904632568,5.864999771118164,5.889999866485596,145413,0.0,0.0
2023-03-17 14:30:00-04:00,5.880000114440918,5.954999923706055,5.864999771118164,5.925000190734863,283993,0.0,0.0
2023-03-17 15:30:00-04:00,5.920000076293945,5.929999828338623,5.760000228881836,5.800000190734863,1008101,0.0,0.0
2023-03-20 09:30:00-04:00,5.829999923706055,6.019999980926514,5.775000095367432,5.829999923706055,141980,0.0,0.0
2023-03-20 10:30:00-04:00,5.840000152587891,5.875,5.773499965667725,5.869999885559082,128670,0.0,0.0
2023-03-20 11:30:00-04:00,5.860000133514404,5.96999979019165,5.829999923706055,5.835000038146973,269119,0.0,0.0
2023-03-20 12:30:00-04:00,5.835000038146973,5.900000095367432,5.820000171661377,5.900000095367432,57009,0.0,0.0
2023-03-20 13:30:00-04:00,5.900000095367432,5.90500020980835,5.775000095367432,5.795000076293945,113435,0.0,0.0
2023-03-20 14:30:00-04:00,5.795000076293945,5.809999942779541,5.735000133514404,5.809999942779541,185987,0.0,0.0
2023-03-20 15:30:00-04:00,5.809999942779541,5.835000038146973,5.800000190734863,5.820000171661377,198583,0.0,0.0
2023-03-21 09:30:00-04:00,5.829999923706055,5.920000076293945,5.730000019073486,5.769999980926514,565786,0.0,0.0
2023-03-21 10:30:00-04:00,5.775000095367432,5.894999980926514,5.775000095367432,5.894999980926514,126984,0.0,0.0
2023-03-21 11:30:00-04:00,5.894999980926514,5.909999847412109,5.829999923706055,5.855000019073486,90747,0.0,0.0
2023-03-21 12:30:00-04:00,5.855000019073486,5.925000190734863,5.829999923706055,5.920000076293945,84400,0.0,0.0
2023-03-21 13:30:00-04:00,5.925000190734863,5.974999904632568,5.925000190734863,5.925000190734863,96745,0.0,0.0
2023-03-21 14:30:00-04:00,5.925000190734863,5.934999942779541,5.880000114440918,5.90500020980835,127824,0.0,0.0
2023-03-21 15:30:00-04:00,5.90500020980835,5.960000038146973,5.900000095367432,5.900000095367432,145616,0.0,0.0
2023-03-22 09:30:00-04:00,5.880000114440918,5.989999771118164,5.820000171661377,5.965000152587891,214160,0.0,0.0
2023-03-22 10:30:00-04:00,5.96999979019165,6.0,5.889999866485596,5.900000095367432,97948,0.0,0.0
2023-03-22 11:30:00-04:00,5.880000114440918,5.949999809265137,5.849999904632568,5.940000057220459,130123,0.0,0.0
2023-03-22 12:30:00-04:00,5.940000057220459,5.949999809265137,5.869999885559082,5.885000228881836,100535,0.0,0.0
2023-03-22 13:30:00-04:00,5.885000228881836,5.989999771118164,5.880499839782715,5.920000076293945,108784,0.0,0.0
2023-03-22 14:30:00-04:00,5.920000076293945,5.980000019073486,5.849999904632568,5.894999980926514,181526,0.0,0.0
2023-03-22 15:30:00-04:00,5.900000095367432,5.900000095367432,5.769999980926514,5.78000020980835,236550,0.0,0.0
2023-03-23 09:30:00-04:00,5.829999923706055,5.880000114440918,5.764999866485596,5.789999961853027,134898,0.0,0.0
2023-03-23 10:30:00-04:00,5.800000190734863,5.849999904632568,5.78000020980835,5.820000171661377,93005,0.0,0.0
2023-03-23 11:30:00-04:00,5.835000038146973,5.840000152587891,5.735000133514404,5.739999771118164,104842,0.0,0.0
2023-03-23 12:30:00-04:00,5.75,5.769999980926514,5.71999979019165,5.730000019073486,81933,0.0,0.0
2023-03-23 13:30:00-04:00,5.730000019073486,5.739999771118164,5.659999847412109,5.659999847412109,106314,0.0,0.0
2023-03-23 14:30:00-04:00,5.650000095367432,5.730000019073486,5.619999885559082,5.670000076293945,102043,0.0,0.0
2023-03-23 15:30:00-04:00,5.65500020980835,5.730000019073486,5.644999980926514,5.659999847412109,147211,0.0,0.0
2023-03-24 09:30:00-04:00,5.610000133514404,5.764999866485596,5.610000133514404,5.764999866485596,89550,0.0,0.0
2023-03-24 10:30:00-04:00,5.764999866485596,5.764999866485596,5.675099849700928,5.699999809265137,96038,0.0,0.0
2023-03-24 11:30:00-04:00,5.699999809265137,5.815000057220459,5.699999809265137,5.789999961853027,93796,0.0,0.0
2023-03-24 12:30:00-04:00,5.790999889373779,5.84499979019165,5.784999847412109,5.809999942779541,64791,0.0,0.0
2023-03-24 13:30:00-04:00,5.820000171661377,5.875,5.815000057220459,5.864999771118164,48711,0.0,0.0
2023-03-24 14:30:00-04:00,5.864999771118164,5.920000076293945,5.835000038146973,5.885000228881836,123649,0.0,0.0
2023-03-24 15:30:00-04:00,5.885000228881836,5.900000095367432,5.849999904632568,5.880000114440918,120439,0.0,0.0
2023-03-27 09:30:00-04:00,6.010000228881836,6.085000038146973,5.949999809265137,6.025000095367432,85887,0.0,0.0
2023-03-27 10:30:00-04:00,6.025000095367432,6.159999847412109,6.019999980926514,6.159999847412109,262631,0.0,0.0
2023-03-27 11:30:00-04:00,6.159999847412109,6.170000076293945,6.099999904632568,6.119999885559082,72127,0.0,0.0
2023-03-27 12:30:00-04:00,6.125,6.144999980926514,6.110000133514404,6.130000114440918,45916,0.0,0.0
2023-03-27 13:30:00-04:00,6.139999866485596,6.179999828338623,6.119999885559082,6.119999885559082,44137,0.0,0.0
2023-03-27 14:30:00-04:00,6.130000114440918,6.150000095367432,6.119999885559082,6.1442999839782715,56777,0.0,0.0
2023-03-27 15:30:00-04:00,6.144999980926514,6.144999980926514,6.079999923706055,6.090000152587891,205883,0.0,0.0
2023-03-28 09:30:00-04:00,6.039999961853027,6.150000095367432,6.019999980926514,6.139999866485596,77422,0.0,0.0
2023-03-28 10:30:00-04:00,6.150000095367432,6.159999847412109,6.099999904632568,6.099999904632568,42489,0.0,0.0
2023-03-28 11:30:00-04:00,6.099999904632568,6.139999866485596,6.099999904632568,6.100100040435791,39607,0.0,0.0
2023-03-28 12:30:00-04:00,6.099999904632568,6.114999771118164,6.070000171661377,6.074999809265137,117197,0.0,0.0
2023-03-28 13:30:00-04:00,6.070000171661377,6.125,6.059999942779541,6.125,62227,0.0,0.0
2023-03-28 14:30:00-04:00,6.125,6.199999809265137,6.119999885559082,6.15500020980835,75729,0.0,0.0
2023-03-28 15:30:00-04:00,6.15500020980835,6.199999809265137,6.130000114440918,6.199999809265137,195742,0.0,0.0
2023-03-29 09:30:00-04:00,6.260000228881836,6.320000171661377,6.204999923706055,6.235000133514404,60297,0.0,0.0
2023-03-29 10:30:00-04:00,6.230000019073486,6.244999885559082,6.20389986038208,6.243599891662598,41649,0.0,0.0
2023-03-29 11:30:00-04:00,6.25,6.275000095367432,6.25,6.255000114440918,26745,0.0,0.0
2023-03-29 12:30:00-04:00,6.255000114440918,6.304999828338623,6.255000114440918,6.269999980926514,43499,0.0,0.0
2023-03-29 13:30:00-04:00,6.269999980926514,6.309999942779541,6.255000114440918,6.305500030517578,42486,0.0,0.0
2023-03-29 14:30:00-04:00,6.304999828338623,6.340000152587891,6.302499771118164,6.340000152587891,29925,0.0,0.0
2023-03-29 15:30:00-04:00,6.329999923706055,6.360000133514404,6.315000057220459,6.349999904632568,79886,0.0,0.0
2023-03-30 09:30:00-04:00,6.349999904632568,6.409999847412109,6.34499979019165,6.364999771118164,51733,0.0,0.0
2023-03-30 10:30:00-04:00,6.365699768066406,6.409999847412109,6.329999923706055,6.409999847412109,31317,0.0,0.0
2023-03-30 11:30:00-04:00,6.409999847412109,6.409999847412109,6.315000057220459,6.349999904632568,35238,0.0,0.0
2023-03-30 12:30:00-04:00,6.340000152587891,6.360000133514404,6.321000099182129,6.349999904632568,31833,0.0,0.0
2023-03-30 13:30:00-04:00,6.349999904632568,6.360000133514404,6.320000171661377,6.34499979019165,22830,0.0,0.0
2023-03-30 14:30:00-04:00,6.34499979019165,6.349999904632568,6.309999942779541,6.309999942779541,33755,0.0,0.0
2023-03-30 15:30:00-04:00,6.309999942779541,6.360000133514404,6.309999942779541,6.329999923706055,59866,0.0,0.0
2023-03-31 09:30:00-04:00,6.389999866485596,6.510000228881836,6.389999866485596,6.498899936676025,94615,0.0,0.0
2023-03-31 10:30:00-04:00,6.4959001541137695,6.534999847412109,6.489999771118164,6.525000095367432,53872,0.0,0.0
2023-03-31 11:30:00-04:00,6.519999980926514,6.610000133514404,6.510000228881836,6.610000133514404,75205,0.0,0.0
2023-03-31 12:30:00-04:00,6.599999904632568,6.599999904632568,6.550000190734863,6.550000190734863,49366,0.0,0.0
2023-03-31 13:30:00-04:00,6.554999828338623,6.590000152587891,6.550000190734863,6.579999923706055,36526,0.0,0.0
2023-03-31 14:30:00-04:00,6.585000038146973,6.65500020980835,6.539999961853027,6.619999885559082,88734,0.0,0.0
2023-03-31 15:30:00-04:00,6.625,6.699999809265137,6.605000019073486,6.679999828338623,204907,0.0,0.0
2023-04-03 09:30:00-04:00,6.75,6.800000190734863,6.670000076293945,6.755000114440918,74728,0.0,0.0
2023-04-03 10:30:00-04:00,6.760000228881836,6.789999961853027,6.670000076293945,6.695000171661377,88875,0.0,0.0
2023-04-03 11:30:00-04:00,6.690000057220459,6.735000133514404,6.675000190734863,6.730000019073486,68151,0.0,0.0
2023-04-03 12:30:00-04:00,6.730000019073486,6.744999885559082,6.695000171661377,6.71999979019165,84275,0.0,0.0
2023-04-03 13:30:00-04:00,6.715000152587891,6.730000019073486,6.695000171661377,6.724999904632568,67258,0.0,0.0
2023-04-03 14:30:00-04:00,6.724999904632568,6.769999980926514,6.71999979019165,6.730000019073486,65795,0.0,0.0
2023-04-03 15:30:00-04:00,6.730000019073486,6.809999942779541,6.724999904632568,6.800000190734863,194573,0.0,0.0
2023-04-04 09:30:00-04:00,6.849999904632568,6.909999847412109,6.644999980926514,6.664999961853027,139473,0.0,0.0
2023-04-04 10:30:00-04:00,6.670000076293945,6.730000019073486,6.650000095367432,6.71999979019165,79969,0.0,0.0
2023-04-04 11:30:00-04:00,6.71999979019165,6.730000019073486,6.679999828338623,6.699999809265137,69423,0.0,0.0
2023-04-04 12:30:00-04:00,6.695000171661377,6.710000038146973,6.675000190734863,6.697500228881836,45154,0.0,0.0
2023-04-04 13:30:00-04:00,6.699999809265137,6.699999809265137,6.670000076293945,6.679999828338623,70269,0.0,0.0
2023-04-04 14:30:00-04:00,6.679999828338623,6.684999942779541,6.565000057220459,6.605000019073486,114284,0.0,0.0
2023-04-04 15:30:00-04:00,6.602499961853027,6.659999847412109,6.599999904632568,6.659999847412109,94377,0.0,0.0
2023-04-05 09:30:00-04:00,6.610000133514404,6.639999866485596,6.535200119018555,6.579999923706055,47734,0.0,0.0
2023-04-05 10:30:00-04:00,6.570000171661377,6.635000228881836,6.570000171661377,6.605000019073486,40208,0.0,0.0
2023-04-05 11:30:00-04:00,6.60099983215332,6.630000114440918,6.599999904632568,6.619999885559082,29701,0.0,0.0
2023-04-05 12:30:00-04:00,6.619999885559082,6.644999980926514,6.599999904632568,6.635000228881836,62787,0.0,0.0
2023-04-05 13:30:00-04:00,6.630000114440918,6.630000114440918,6.59499979019165,6.599999904632568,45459,0.0,0.0
2023-04-05 14:30:00-04:00,6.605000019073486,6.607500076293945,6.574999809265137,6.59499979019165,45767,0.0,0.0
2023-04-05 15:30:00-04:00,6.59499979019165,6.630000114440918,6.59499979019165,6.610000133514404,57437,0.0,0.0
2023-04-06 09:30:00-04:00,6.679999828338623,6.715000152587891,6.599999904632568,6.599999904632568,53821,0.0,0.0
2023-04-06 10:30:00-04:00,6.599999904632568,6.630000114440918,6.565000057220459,6.565000057220459,45193,0.0,0.0
2023-04-06 11:30:00-04:00,6.565000057220459,6.590000152587891,6.559999942779541,6.566199779510498,18792,0.0,0.0
2023-04-06 12:30:00-04:00,6.570000171661377,6.644999980926514,6.570000171661377,6.614999771118164,37914,0.0,0.0
2023-04-06 13:30:00-04:00,6.619999885559082,6.630000114440918,6.610000133514404,6.610000133514404,20354,0.0,0.0
2023-04-06 14:30:00-04:00,6.619999885559082,6.630000114440918,6.590000152587891,6.599999904632568,22363,0.0,0.0
2023-04-06 15:30:00-04:00,6.610000133514404,6.650000095367432,6.599999904632568,6.619999885559082,74561,0.0,0.0
2023-04-10 09:30:00-04:00,6.590000152587891,6.690000057220459,6.579999923706055,6.579999923706055,53949,0.0,0.0
2023-04-10 10:30:00-04:00,6.579999923706055,6.610000133514404,6.514999866485596,6.519999980926514,33916,0.0,0.0
2023-04-10 11:30:00-04:00,6.519999980926514,6.53000020980835,6.474999904632568,6.489999771118164,50476,0.0,0.0
2023-04-10 12:30:00-04:00,6.4899001121521,6.574999809265137,6.4899001121521,6.560400009155273,92483,0.0,0.0
2023-04-10 13:30:00-04:00,6.565000057220459,6.585000038146973,6.550000190734863,6.574999809265137,63861,0.0,0.0
2023-04-10 14:30:00-04:00,6.574999809265137,6.630000114440918,6.574999809265137,6.625,36963,0.0,0.0
2023-04-10 15:30:00-04:00,6.625,6.635000228881836,6.610000133514404,6.610000133514404,66066,0.0,0.0
2023-04-11 09:30:00-04:00,6.579999923706055,6.605000019073486,6.559999942779541,6.579999923706055,32671,0.0,0.0
2023-04-11 10:30:00-04:00,6.579999923706055,6.590000152587891,6.510000228881836,6.525000095367432,37949,0.0,0.0
2023-04-11 11:30:00-04:00,6.525000095367432,6.525000095367432,6.46999979019165,6.480100154876709,42409,0.0,0.0
2023-04-11 12:30:00-04:00,6.485400199890137,6.510000228881836,6.440000057220459,6.485000133514404,61264,0.0,0.0
2023-04-11 13:30:00-04:00,6.489999771118164,6.519999980926514,6.480000019073486,6.519999980926514,64999,0.0,0.0
2023-04-11 14:30:00-04:00,6.519999980926514,6.590000152587891,6.519999980926514,6.565000057220459,50071,0.0,0.0
2023-04-11 15:30:00-04:00,6.565000057220459,6.579999923706055,6.519999980926514,6.525000095367432,63308,0.0,0.0
2023-04-12 09:30:00-04:00,6.630000114440918,6.670000076293945,6.539999961853027,6.570000171661377,63048,0.0,0.0
2023-04-12 10:30:00-04:00,6.570000171661377,6.570000171661377,6.510000228881836,6.53000020980835,107674,0.0,0.0
2023-04-12 11:30:00-04:00,6.53000020980835,6.539999961853027,6.510000228881836,6.539999961853027,63102,0.0,0.0
2023-04-12 12:30:00-04:00,6.534999847412109,6.539999961853027,6.505000114440918,6.525000095367432,43209,0.0,0.0
2023-04-12 13:30:00-04:00,6.527500152587891,6.550000190734863,6.5,6.510000228881836,63552,0.0,0.0
2023-04-12 14:30:00-04:00,6.510000228881836,6.525000095367432,6.494999885559082,6.505000114440918,58126,0.0,0.0
2023-04-12 15:30:00-04:00,6.505000114440918,6.525000095367432,6.489999771118164,6.505000114440918,131096,0.0,0.0
2023-04-13 09:30:00-04:00,6.510000228881836,6.570000171661377,6.440000057220459,6.505000114440918,80820,0.0,0.0
2023-04-13 10:30:00-04:00,6.505000114440918,6.519999980926514,6.442500114440918,6.449999809265137,83137,0.0,0.0
2023-04-13 11:30:00-04:00,6.445000171661377,6.519999980926514,6.445000171661377,6.519999980926514,85695,0.0,0.0
2023-04-13 12:30:00-04:00,6.519999980926514,6.53000020980835,6.5,6.5,46661,0.0,0.0
2023-04-13 13:30:00-04:00,6.5,6.5,6.434999942779541,6.434999942779541,53601,0.0,0.0
2023-04-13 14:30:00-04:00,6.432499885559082,6.460000038146973,6.40500020980835,6.40500020980835,58921,0.0,0.0
2023-04-13 15:30:00-04:00,6.40500020980835,6.420000076293945,6.385000228881836,6.420000076293945,108715,0.0,0.0
2023-04-14 09:30:00-04:00,6.5,6.579999923706055,6.434999942779541,6.445000171661377,52166,0.0,0.0
2023-04-14 10:30:00-04:00,6.449999809265137,6.46999979019165,6.329999923706055,6.34499979019165,53695,0.0,0.0
2023-04-14 11:30:00-04:00,6.34499979019165,6.369999885559082,6.311500072479248,6.329999923706055,53068,0.0,0.0
2023-04-14 12:30:00-04:00,6.320000171661377,6.340000152587891,6.284999847412109,6.318600177764893,29621,0.0,0.0
2023-04-14 13:30:00-04:00,6.315000057220459,6.315000057220459,6.292900085449219,6.304999828338623,17528,0.0,0.0
2023-04-14 14:30:00-04:00,6.304999828338623,6.309999942779541,6.269999980926514,6.289999961853027,42765,0.0,0.0
2023-04-14 15:30:00-04:00,6.284999847412109,6.320000171661377,6.28000020980835,6.304999828338623,46086,0.0,0.0
2023-04-17 09:30:00-04:00,6.340000152587891,6.400000095367432,6.29010009765625,6.385000228881836,43287,0.0,0.0
2023-04-17 10:30:00-04:00,6.385000228881836,6.449999809265137,6.385000228881836,6.425000190734863,41466,0.0,0.0
2023-04-17 11:30:00-04:00,6.429999828338623,6.510000228881836,6.420000076293945,6.510000228881836,42770,0.0,0.0
2023-04-17 12:30:00-04:00,6.509500026702881,6.53000020980835,6.494999885559082,6.53000020980835,48916,0.0,0.0
2023-04-17 13:30:00-04:00,6.53000020980835,6.559999942779541,6.505000114440918,6.53000020980835,49136,0.0,0.0
2023-04-17 14:30:00-04:00,6.53000020980835,6.605000019073486,6.525000095367432,6.605000019073486,34143,0.0,0.0
2023-04-17 15:30:00-04:00,6.599999904632568,6.605000019073486,6.579999923706055,6.599999904632568,74064,0.0,0.0
2023-04-18 09:30:00-04:00,6.650000095367432,6.650000095367432,6.460000038146973,6.460000038146973,52134,0.0,0.0
2023-04-18 10:30:00-04:00,6.460000038146973,6.46999979019165,6.389999866485596,6.46999979019165,41898,0.0,0.0
2023-04-18 11:30:00-04:00,6.474999904632568,6.489999771118164,6.440000057220459,6.46999979019165,43391,0.0,0.0
2023-04-18 12:30:00-04:00,6.46999979019165,6.53000020980835,6.465000152587891,6.514999866485596,44537,0.0,0.0
2023-04-18 13:30:00-04:00,6.510000228881836,6.539999961853027,6.489999771118164,6.525000095367432,51300,0.0,0.0
2023-04-18 14:30:00-04:00,6.525000095367432,6.539999961853027,6.5,6.53000020980835,34674,0.0,0.0
2023-04-18 15:30:00-04:00,6.525000095367432,6.53000020980835,6.5,6.514999866485596,64823,0.0,0.0
2023-04-19 09:30:00-04:00,6.480000019073486,6.500500202178955,6.409999847412109,6.485000133514404,33490,0.0,0.0
2023-04-19 10:30:00-04:00,6.489999771118164,6.559999942779541,6.474999904632568,6.559999942779541,34428,0.0,0.0
2023-04-19 11:30:00-04:00,6.554999828338623,6.554999828338623,6.494999885559082,6.505000114440918,21800,0.0,0.0
2023-04-19 12:30:00-04:00,6.505000114440918,6.559999942779541,6.505000114440918,6.559999942779541,30744,0.0,0.0
2023-04-19 13:30:00-04:00,6.559999942779541,6.585000038146973,6.554999828338623,6.585000038146973,35985,0.0,0.0
2023-04-19 14:30:00-04:00,6.585000038146973,6.585000038146973,6.550000190734863,6.565000057220459,63497,0.0,0.0
2023-04-19 15:30:00-04:00,6.565000057220459,6.570000171661377,6.539999961853027,6.565000057220459,65551,0.0,0.0
2023-04-20 09:30:00-04:00,6.480000019073486,6.574999809265137,6.440000057220459,6.53000020980835,57324,0.0,0.0
2023-04-20 10:30:00-04:00,6.53000020980835,6.534999847412109,6.494999885559082,6.510000228881836,68751,0.0,0.0
2023-04-20 11:30:00-04:00,6.510000228881836,6.510000228881836,6.414999961853027,6.440000057220459,45795,0.0,0.0
2023-04-20 12:30:00-04:00,6.445000171661377,6.46999979019165,6.425000190734863,6.460100173950195,33931,0.0,0.0
2023-04-20 13:30:00-04:00,6.46999979019165,6.489999771118164,6.454999923706055,6.454999923706055,21247,0.0,0.0
2023-04-20 14:30:00-04:00,6.460000038146973,6.460000038146973,6.400000095367432,6.414999961853027,35349,0.0,0.0
2023-04-20 15:30:00-04:00,6.414999961853027,6.449999809265137,6.400000095367432,6.440000057220459,77407,0.0,0.0
2023-04-21 09:30:00-04:00,6.460000038146973,6.46999979019165,6.349999904632568,6.369999885559082,46035,0.0,0.0
2023-04-21 10:30:00-04:00,6.360000133514404,6.400000095367432,6.315000057220459,6.320000171661377,48642,0.0,0.0
2023-04-21 11:30:00-04:00,6.329999923706055,6.380000114440918,6.320000171661377,6.340000152587891,43339,0.0,0.0
2023-04-21 12:30:00-04:00,6.339900016784668,6.420000076293945,6.315000057220459,6.409999847412109,66869,0.0,0.0
2023-04-21 13:30:00-04:00,6.409999847412109,6.454999923706055,6.400000095367432,6.449999809265137,28682,0.0,0.0
2023-04-21 14:30:00-04:00,6.449999809265137,6.460000038146973,6.409999847412109,6.409999847412109,34376,0.0,0.0
2023-04-21 15:30:00-04:00,6.414999961853027,6.429999828338623,6.394999980926514,6.420000076293945,60872,0.0,0.0
2023-04-24 09:30:00-04:00,6.380000114440918,6.409999847412109,6.319499969482422,6.394999980926514,57223,0.0,0.0
2023-04-24 10:30:00-04:00,6.400000095367432,6.40500020980835,6.284999847412109,6.289999961853027,38698,0.0,0.0
2023-04-24 11:30:00-04:00,6.28000020980835,6.329999923706055,6.275000095367432,6.329999923706055,34422,0.0,0.0
2023-04-24 12:30:00-04:00,6.335000038146973,6.355000019073486,6.320000171661377,6.34499979019165,19562,0.0,0.0
2023-04-24 13:30:00-04:00,6.349999904632568,6.364999771118164,6.320000171661377,6.324999809265137,20440,0.0,0.0
2023-04-24 14:30:00-04:00,6.324999809265137,6.34499979019165,6.304999828338623,6.320000171661377,40492,0.0,0.0
2023-04-24 15:30:00-04:00,6.320000171661377,6.349999904632568,6.309999942779541,6.34499979019165,55254,0.0,0.0
2023-04-25 09:30:00-04:00,6.260000228881836,6.360000133514404,6.230000019073486,6.230000019073486,88559,0.0,0.0
2023-04-25 10:30:00-04:00,6.230000019073486,6.255000114440918,6.215000152587891,6.239999771118164,40450,0.0,0.0
2023-04-25 11:30:00-04:00,6.230000019073486,6.230000019073486,6.176000118255615,6.210000038146973,20210,0.0,0.0
2023-04-25 12:30:00-04:00,6.204999923706055,6.21999979019165,6.144999980926514,6.159999847412109,19528,0.0,0.0
2023-04-25 13:30:00-04:00,6.159999847412109,6.164999961853027,6.125,6.15500020980835,23398,0.0,0.0
2023-04-25 14:30:00-04:00,6.15500020980835,6.15500020980835,6.119999885559082,6.125,31281,0.0,0.0
2023-04-25 15:30:00-04:00,6.125,6.139999866485596,6.110000133514404,6.119999885559082,51644,0.0,0.0
2023-04-26 09:30:00-04:00,6.039999961853027,6.130000114440918,6.019999980926514,6.070000171661377,51352,0.0,0.0
2023-04-26 10:30:00-04:00,6.070000171661377,6.090000152587891,6.045000076293945,6.050000190734863,33094,0.0,0.0
2023-04-26 11:30:00-04:00,6.050000190734863,6.065000057220459,6.0,6.0,34451,0.0,0.0
2023-04-26 12:30:00-04:00,6.0,6.019800186157227,5.985000133514404,6.0,36337,0.0,0.0
2023-04-26 13:30:00-04:00,6.008999824523926,6.03000020980835,5.960000038146973,5.989999771118164,42782,0.0,0.0
2023-04-26 14:30:00-04:00,5.980000019073486,5.980000019073486,5.90500020980835,5.914999961853027,55089,0.0,0.0
2023-04-26 15:30:00-04:00,5.914999961853027,5.945000171661377,5.900000095367432,5.929999828338623,48859,0.0,0.0
2023-04-27 09:30:00-04:00,5.949999809265137,6.019999980926514,5.90500020980835,5.945000171661377,43712,0.0,0.0
2023-04-27 10:30:00-04:00,5.949999809265137,5.96999979019165,5.875,5.960000038146973,43414,0.0,0.0
2023-04-27 11:30:00-04:00,5.950099945068359,5.968999862670898,5.925000190734863,5.949999809265137,22814,0.0,0.0
2023-04-27 12:30:00-04:00,5.954999923706055,5.954999923706055,5.920000076293945,5.949999809265137,23788,0.0,0.0
2023-04-27 13:30:00-04:00,5.949999809265137,5.960000038146973,5.929999828338623,5.954999923706055,25567,0.0,0.0
2023-04-27 14:30:00-04:00,5.954999923706055,5.985000133514404,5.940000057220459,5.985000133514404,64378,0.0,0.0
2023-04-27 15:30:00-04:00,5.985000133514404,6.019999980926514,5.974999904632568,6.019999980926514,94029,0.0,0.0
2023-04-28 09:30:00-04:00,6.010000228881836,6.2596001625061035,5.994999885559082,6.2596001625061035,105751,0.0,0.0
2023-04-28 10:30:00-04:00,6.25,6.264999866485596,6.150000095367432,6.179999828338623,50008,0.0,0.0
2023-04-28 11:30:00-04:00,6.190000057220459,6.190000057220459,6.139999866485596,6.144999980926514,46475,0.0,0.0
2023-04-28 12:30:00-04:00,6.150000095367432,6.15500020980835,6.114999771118164,6.114999771118164,14699,0.0,0.0
2023-04-28 13:30:00-04:00,6.114999771118164,6.114999771118164,6.059999942779541,6.065000057220459,28545,0.0,0.0
2023-04-28 14:30:00-04:00,6.065000057220459,6.105000019073486,6.059999942779541,6.09499979019165,55861,0.0,0.0
2023-04-28 15:30:00-04:00,6.09499979019165,6.144999980926514,6.079999923706055,6.139999866485596,102527,0.0,0.0
2023-05-01 09:30:00-04:00,6.110000133514404,6.170000076293945,6.099999904632568,6.114999771118164,38657,0.0,0.0
2023-05-01 10:30:00-04:00,6.119999885559082,6.175000190734863,6.059999942779541,6.070000171661377,33409,0.0,0.0
2023-05-01 11:30:00-04:00,6.065000057220459,6.139999866485596,6.059999942779541,6.139999866485596,29137,0.0,0.0
2023-05-01 12:30:00-04:00,6.139999866485596,6.159999847412109,6.099999904632568,6.130000114440918,95505,0.0,0.0
2023-05-01 13:30:00-04:00,6.119999885559082,6.125,6.105000019073486,6.114999771118164,49569,0.0,0.0
2023-05-01 14:30:00-04:00,6.110000133514404,6.110000133514404,6.079999923706055,6.079999923706055,32659,0.0,0.0
2023-05-01 15:30:00-04:00,6.079999923706055,6.119999885559082,6.050000190734863,6.099999904632568,109901,0.0,0.0
2023-05-02 09:30:00-04:00,6.03000020980835,6.034999847412109,5.849999904632568,5.869999885559082,134994,0.0,0.0
2023-05-02 10:30:00-04:00,5.878200054168701,5.878200054168701,5.809999942779541,5.860000133514404,127261,0.0,0.0
2023-05-02 11:30:00-04:00,5.860000133514404,5.880000114440918,5.840000152587891,5.860000133514404,47006,0.0,0.0
2023-05-02 12:30:00-04:00,5.855000019073486,5.869999885559082,5.840000152587891,5.864999771118164,20591,0.0,0.0
2023-05-02 13:30:00-04:00,5.864999771118164,5.900000095367432,5.855000019073486,5.869999885559082,29411,0.0,0.0
2023-05-02 14:30:00-04:00,5.869999885559082,5.880000114440918,5.860000133514404,5.880000114440918,40017,0.0,0.0
2023-05-02 15:30:00-04:00,5.875,5.920000076293945,5.869999885559082,5.909999847412109,117976,0.0,0.0
2023-05-03 09:30:00-04:00,5.929999828338623,5.96999979019165,5.875,5.925000190734863,70296,0.0,0.0
2023-05-03 10:30:00-04:00,5.920000076293945,5.954999923706055,5.880000114440918,5.934999942779541,90011,0.0,0.0
2023-05-03 11:30:00-04:00,5.934999942779541,5.980000019073486,5.929999828338623,5.980000019073486,38010,0.0,0.0
2023-05-03 12:30:00-04:00,5.985000133514404,6.039999961853027,5.96999979019165,6.03000020980835,32294,0.0,0.0
2023-05-03 13:30:00-04:00,6.019999980926514,6.03000020980835,5.974999904632568,6.014999866485596,27625,0.0,0.0
2023-05-03 14:30:00-04:00,6.010000228881836,6.050000190734863,5.949999809265137,5.965000152587891,95568,0.0,0.0
2023-05-03 15:30:00-04:00,5.960000038146973,6.019999980926514,5.960000038146973,6.010000228881836,123437,0.0,0.0
2023-05-04 09:30:00-04:00,5.940000057220459,5.974999904632568,5.815000057220459,5.880000114440918,90408,0.0,0.0
2023-05-04 10:30:00-04:00,5.880000114440918,6.03000020980835,5.860000133514404,5.974999904632568,159877,0.0,0.0
2023-05-04 11:30:00-04:00,5.980000019073486,6.090000152587891,5.972400188446045,6.079999923706055,52365,0.0,0.0
2023-05-04 12:30:00-04:00,6.079999923706055,6.190000057220459,6.054999828338623,6.159999847412109,58505,0.0,0.0
2023-05-04 13:30:00-04:00,6.15500020980835,6.184999942779541,6.139999866485596,6.150000095367432,44125,0.0,0.0
2023-05-04 14:30:00-04:00,6.15500020980835,6.179999828338623,6.135000228881836,6.164999961853027,52003,0.0,0.0
2023-05-04 15:30:00-04:00,6.164999961853027,6.179999828338623,6.139999866485596,6.150000095367432,65564,0.0,0.0
2023-05-05 09:30:00-04:00,6.28000020980835,6.340000152587891,6.25,6.289999961853027,73259,0.0,0.0
2023-05-05 10:30:00-04:00,6.289999961853027,6.300000190734863,6.275000095367432,6.295000076293945,31616,0.0,0.0
2023-05-05 11:30:00-04:00,6.300000190734863,6.304999828338623,6.260000228881836,6.269999980926514,31718,0.0,0.0
2023-05-05 12:30:00-04:00,6.260000228881836,6.269999980926514,6.215000152587891,6.269999980926514,26668,0.0,0.0
2023-05-05 13:30:00-04:00,6.264999866485596,6.300000190734863,6.260000228881836,6.300000190734863,26953,0.0,0.0
2023-05-05 14:30:00-04:00,6.295000076293945,6.320000171661377,6.289999961853027,6.315000057220459,41504,0.0,0.0
2023-05-05 15:30:00-04:00,6.320000171661377,6.329999923706055,6.300000190734863,6.309999942779541,65423,0.0,0.0
2023-05-08 09:30:00-04:00,6.300000190734863,6.300000190734863,6.170000076293945,6.215000152587891,49134,0.0,0.0
2023-05-08 10:30:00-04:00,6.21999979019165,6.264999866485596,6.210000038146973,6.210000038146973,45725,0.0,0.0
2023-05-08 11:30:00-04:00,6.210000038146973,6.21999979019165,6.139999866485596,6.164999961853027,42647,0.0,0.0
2023-05-08 12:30:00-04:00,6.170000076293945,6.21999979019165,6.159999847412109,6.195000171661377,40478,0.0,0.0
2023-05-08 13:30:00-04:00,6.191199779510498,6.255000114440918,6.190000057220459,6.244999885559082,30192,0.0,0.0
2023-05-08 14:30:00-04:00,6.244999885559082,6.244999885559082,6.199999809265137,6.199999809265137,34574,0.0,0.0
2023-05-08 15:30:00-04:00,6.204999923706055,6.255000114440918,6.195000171661377,6.230000019073486,101603,0.0,0.0
2023-05-09 09:30:00-04:00,6.159999847412109,6.230000019073486,6.039999961853027,6.130000114440918,54068,0.0,0.0
2023-05-09 10:30:00-04:00,6.130000114440918,6.15500020980835,6.10860013961792,6.119999885559082,46683,0.0,0.0
2023-05-09 11:30:00-04:00,6.130000114440918,6.164999961853027,6.119999885559082,6.150000095367432,22067,0.0,0.0
2023-05-09 12:30:00-04:00,6.150000095367432,6.21999979019165,6.150000095367432,6.215000152587891,25610,0.0,0.0
2023-05-09 13:30:00-04:00,6.21999979019165,6.25,6.210000038146973,6.224999904632568,29407,0.0,0.0
2023-05-09 14:30:00-04:00,6.230000019073486,6.244999885559082,6.210000038146973,6.215000152587891,34045,0.0,0.0
2023-05-09 15:30:00-04:00,6.215000152587891,6.224999904632568,6.150000095367432,6.150000095367432,71308,0.0,0.0
2023-05-10 09:30:00-04:00,6.289999961853027,6.489999771118164,6.190000057220459,6.199999809265137,86100,0.0,0.0
2023-05-10 10:30:00-04:00,6.230000019073486,6.269999980926514,6.159999847412109,6.260000228881836,63894,0.0,0.0
2023-05-10 11:30:00-04:00,6.25,6.300000190734863,6.199999809265137,6.199999809265137,40001,0.0,0.0
2023-05-10 12:30:00-04:00,6.199999809265137,6.20389986038208,6.065000057220459,6.079999923706055,46546,0.0,0.0
2023-05-10 13:30:00-04:00,6.090000152587891,6.09499979019165,6.050000190734863,6.079999923706055,33034,0.0,0.0
2023-05-10 14:30:00-04:00,6.079999923706055,6.099999904632568,6.052499771118164,6.074999809265137,37187,0.0,0.0
2023-05-10 15:30:00-04:00,6.070000171661377,6.090000152587891,6.039999961853027,6.050000190734863,49889,0.0,0.0
2023-05-11 09:30:00-04:00,5.980000019073486,6.054999828338623,5.90500020980835,5.934999942779541,53331,0.0,0.0
2023-05-11 10:30:00-04:00,5.940000057220459,5.960000038146973,5.889999866485596,5.900000095367432,26995,0.0,0.0
2023-05-11 11:30:00-04:00,5.894999980926514,5.96999979019165,5.894999980926514,5.929999828338623,86484,0.0,0.0
2023-05-11 12:30:00-04:00,5.929999828338623,5.960000038146973,5.920000076293945,5.929999828338623,48701,0.0,0.0
2023-05-11 13:30:00-04:00,5.9375,5.954999923706055,5.90500020980835,5.9293999671936035,31366,0.0,0.0
2023-05-11 14:30:00-04:00,5.927499771118164,5.940000057220459,5.880000114440918,5.889999866485596,36107,0.0,0.0
2023-05-11 15:30:00-04:00,5.885000228881836,5.929999828338623,5.880000114440918,5.909999847412109,55926,0.0,0.0
2023-05-12 09:30:00-04:00,5.940000057220459,5.949999809265137,5.739999771118164,5.75,65804,0.0,0.0
2023-05-12 10:30:00-04:00,5.75,5.775000095367432,5.650000095367432,5.65500020980835,43700,0.0,0.0
2023-05-12 11:30:00-04:00,5.650000095367432,5.664999961853027,5.619999885559082,5.644999980926514,93680,0.0,0.0
2023-05-12 12:30:00-04:00,5.640100002288818,5.659999847412109,5.605000019073486,5.619999885559082,174979,0.0,0.0
2023-05-12 13:30:00-04:00,5.625,5.630000114440918,5.53000020980835,5.559999942779541,67630,0.0,0.0
2023-05-12 14:30:00-04:00,5.550000190734863,5.619999885559082,5.534999847412109,5.605000019073486,61385,0.0,0.0
2023-05-12 15:30:00-04:00,5.610000133514404,5.619999885559082,5.574999809265137,5.599999904632568,160477,0.0,0.0
2023-05-15 09:30:00-04:00,5.630000114440918,5.690000057220459,5.614999771118164,5.639999866485596,57067,0.0,0.0
2023-05-15 10:30:00-04:00,5.630000114440918,5.65500020980835,5.619999885559082,5.619999885559082,28321,0.0,0.0
2023-05-15 11:30:00-04:00,5.625,5.625,5.53000020980835,5.539999961853027,50547,0.0,0.0
2023-05-15 12:30:00-04:00,5.539999961853027,5.650000095367432,5.534999847412109,5.590000152587891,41809,0.0,0.0
2023-05-15 13:30:00-04:00,5.590000152587891,5.598999977111816,5.5,5.505000114440918,54161,0.0,0.0
2023-05-15 14:30:00-04:00,5.505000114440918,5.565000057220459,5.5,5.554999828338623,69205,0.0,0.0
2023-05-15 15:30:00-04:00,5.554999828338623,5.559999942779541,5.519999980926514,5.525000095367432,78685,0.0,0.0
2023-05-16 09:30:00-04:00,5.550000190734863,5.639999866485596,5.53000020980835,5.639999866485596,84382,0.0,0.0
2023-05-16 10:30:00-04:00,5.639999866485596,5.639999866485596,5.570000171661377,5.614999771118164,120715,0.0,0.0
2023-05-16 11:30:00-04:00,5.614999771118164,5.635000228881836,5.590000152587891,5.59499979019165,55882,0.0,0.0
2023-05-16 12:30:00-04:00,5.59499979019165,5.59499979019165,5.53000020980835,5.534999847412109,40320,0.0,0.0
2023-05-16 13:30:00-04:00,5.539999961853027,5.554999828338623,5.510000228881836,5.510000228881836,51608,0.0,0.0
2023-05-16 14:30:00-04:00,5.510000228881836,5.534999847412109,5.489999771118164,5.489999771118164,41231,0.0,0.0
2023-05-16 15:30:00-04:00,5.489999771118164,5.5,5.449999809265137,5.454999923706055,126510,0.0,0.0
2023-05-17 09:30:00-04:00,5.480000019073486,5.559999942779541,5.425000190734863,5.494999885559082,49992,0.0,0.0
2023-05-17 10:30:00-04:00,5.5,5.610000133514404,5.489999771118164,5.605000019073486,57930,0.0,0.0
2023-05-17 11:30:00-04:00,5.610000133514404,5.71999979019165,5.610000133514404,5.71999979019165,59475,0.0,0.0
2023-05-17 12:30:00-04:00,5.715000152587891,5.840000152587891,5.710000038146973,5.804999828338623,89151,0.0,0.0
2023-05-17 13:30:00-04:00,5.809999942779541,5.840000152587891,5.764999866485596,5.800000190734863,43485,0.0,0.0
2023-05-17 14:30:00-04:00,5.795000076293945,5.820000171661377,5.760000228881836,5.784999847412109,50671,0.0,0.0
2023-05-17 15:30:00-04:00,5.789999961853027,5.809999942779541,5.775000095367432,5.789999961853027,66016,0.0,0.0
2023-05-18 09:30:00-04:00,5.739999771118164,5.860000133514404,5.699999809265137,5.860000133514404,48567,0.0,0.0
2023-05-18 10:30:00-04:00,5.860000133514404,5.880000114440918,5.820000171661377,5.84499979019165,37748,0.0,0.0
2023-05-18 11:30:00-04:00,5.84499979019165,5.880000114440918,5.829999923706055,5.857500076293945,49656,0.0,0.0
2023-05-18 12:30:00-04:00,5.855000019073486,5.869999885559082,5.800000190734863,5.820000171661377,58588,0.0,0.0
2023-05-18 13:30:00-04:00,5.815000057220459,5.864999771118164,5.809999942779541,5.84499979019165,112551,0.0,0.0
2023-05-18 14:30:00-04:00,5.840000152587891,5.840000152587891,5.804999828338623,5.815000057220459,46199,0.0,0.0
2023-05-18 15:30:00-04:00,5.809999942779541,5.889999866485596,5.809999942779541,5.885000228881836,55125,0.0,0.0
2023-05-19 09:30:00-04:00,5.96999979019165,5.96999979019165,5.894999980926514,5.968500137329102,39900,0.0,0.0
2023-05-19 10:30:00-04:00,5.96999979019165,6.010000228881836,5.889999866485596,5.889999866485596,68006,0.0,0.0
2023-05-19 11:30:00-04:00,5.885000228881836,5.885000228881836,5.800000190734863,5.840000152587891,35200,0.0,0.0
2023-05-19 12:30:00-04:00,5.84499979019165,5.909999847412109,5.829999923706055,5.889999866485596,28039,0.0,0.0
2023-05-19 13:30:00-04:00,5.89300012588501,5.934999942779541,5.875,5.885000228881836,42354,0.0,0.0
2023-05-19 14:30:00-04:00,5.885000228881836,5.885000228881836,5.860000133514404,5.880000114440918,20464,0.0,0.0
2023-05-19 15:30:00-04:00,5.880000114440918,5.909999847412109,5.875,5.900000095367432,40661,0.0,0.0
2023-05-22 09:30:00-04:00,5.920000076293945,5.9207000732421875,5.809999942779541,5.914999961853027,36253,0.0,0.0
2023-05-22 10:30:00-04:00,5.909999847412109,5.920000076293945,5.864999771118164,5.875,25567,0.0,0.0
2023-05-22 11:30:00-04:00,5.880000114440918,5.949999809265137,5.874599933624268,5.949900150299072,33456,0.0,0.0
2023-05-22 12:30:00-04:00,5.945000171661377,6.0,5.945000171661377,5.965000152587891,44384,0.0,0.0
2023-05-22 13:30:00-04:00,5.96999979019165,6.010000228881836,5.960000038146973,6.010000228881836,44973,0.0,0.0
2023-05-22 14:30:00-04:00,6.005000114440918,6.039999961853027,5.992300033569336,6.019999980926514,40004,0.0,0.0
2023-05-22 15:30:00-04:00,6.019999980926514,6.039999961853027,6.0,6.03000020980835,60160,0.0,0.0
2023-05-23 09:30:00-04:00,6.039999961853027,6.284999847412109,6.039999961853027,6.21999979019165,60774,0.0,0.0
2023-05-23 10:30:00-04:00,6.213399887084961,6.269999980926514,6.213399887084961,6.255000114440918,47858,0.0,0.0
2023-05-23 11:30:00-04:00,6.25,6.275000095367432,6.224999904632568,6.224999904632568,37094,0.0,0.0
2023-05-23 12:30:00-04:00,6.226900100708008,6.244999885559082,6.199999809265137,6.199999809265137,29666,0.0,0.0
2023-05-23 13:30:00-04:00,6.190000057220459,6.25,6.190000057220459,6.210000038146973,33985,0.0,0.0
2023-05-23 14:30:00-04:00,6.204999923706055,6.21999979019165,6.179999828338623,6.184999942779541,22369,0.0,0.0
2023-05-23 15:30:00-04:00,6.190000057220459,6.190000057220459,6.150000095367432,6.150000095367432,29622,0.0,0.0
2023-05-24 09:30:00-04:00,6.130000114440918,6.139999866485596,5.894999980926514,5.930099964141846,42735,0.0,0.0
2023-05-24 10:30:00-04:00,5.940000057220459,5.945000171661377,5.885000228881836,5.914999961853027,28892,0.0,0.0
2023-05-24 11:30:00-04:00,5.914999961853027,5.914999961853027,5.820000171661377,5.835000038146973,28542,0.0,0.0
2023-05-24 12:30:00-04:00,5.835000038146973,5.869999885559082,5.835000038146973,5.844600200653076,38621,0.0,0.0
2023-05-24 13:30:00-04:00,5.84499979019165,5.860000133514404,5.775100231170654,5.775100231170654,29240,0.0,0.0
2023-05-24 14:30:00-04:00,5.775000095367432,5.820000171661377,5.739999771118164,5.789999961853027,40073,0.0,0.0
2023-05-24 15:30:00-04:00,5.800000190734863,5.820000171661377,5.75,5.760000228881836,53259,0.0,0.0
2023-05-25 09:30:00-04:00,5.699999809265137,5.710000038146973,5.53000020980835,5.554999828338623,47389,0.0,0.0
2023-05-25 10:30:00-04:00,5.550000190734863,5.550000190734863,5.389999866485596,5.409999847412109,58393,0.0,0.0
2023-05-25 11:30:00-04:00,5.409999847412109,5.409999847412109,5.280099868774414,5.280099868774414,38136,0.0,0.0
2023-05-25 12:30:00-04:00,5.282299995422363,5.380000114440918,5.269999980926514,5.360000133514404,107257,0.0,0.0
2023-05-25 13:30:00-04:00,5.349999904632568,5.360000133514404,5.329999923706055,5.349999904632568,40151,0.0,0.0
2023-05-25 14:30:00-04:00,5.34499979019165,5.389999866485596,5.309999942779541,5.389999866485596,93800,0.0,0.0
2023-05-25 15:30:00-04:00,5.389999866485596,5.449999809265137,5.380000114440918,5.429999828338623,169629,0.0,0.0
2023-05-26 09:30:00-04:00,5.460000038146973,5.460000038146973,5.360000133514404,5.385000228881836,46719,0.0,0.0
2023-05-26 10:30:00-04:00,5.389999866485596,5.425000190734863,5.369999885559082,5.385000228881836,34265,0.0,0.0
2023-05-26 11:30:00-04:00,5.380000114440918,5.46999979019165,5.369999885559082,5.460000038146973,46553,0.0,0.0
2023-05-26 12:30:00-04:00,5.46999979019165,5.480000019073486,5.425000190734863,5.429999828338623,28291,0.0,0.0
2023-05-26 13:30:00-04:00,5.434999942779541,5.480000019073486,5.429999828338623,5.480000019073486,26943,0.0,0.0
2023-05-26 14:30:00-04:00,5.472499847412109,5.519999980926514,5.46999979019165,5.494999885559082,57537,0.0,0.0
2023-05-26 15:30:00-04:00,5.494999885559082,5.574999809265137,5.494999885559082,5.53000020980835,90509,0.0,0.0
2023-05-30 09:30:00-04:00,5.579999923706055,5.670000076293945,5.519999980926514,5.611999988555908,65379,0.0,0.0
2023-05-30 10:30:00-04:00,5.619999885559082,5.630000114440918,5.570000171661377,5.579999923706055,55109,0.0,0.0
2023-05-30 11:30:00-04:00,5.590000152587891,5.650000095367432,5.590000152587891,5.644999980926514,38811,0.0,0.0
2023-05-30 12:30:00-04:00,5.650000095367432,5.710000038146973,5.650000095367432,5.684999942779541,44542,0.0,0.0
2023-05-30 13:30:00-04:00,5.684999942779541,5.684999942779541,5.639999866485596,5.659999847412109,28467,0.0,0.0
2023-05-30 14:30:00-04:00,5.659999847412109,5.659999847412109,5.619999885559082,5.625,42951,0.0,0.0
2023-05-30 15:30:00-04:00,5.625,5.639999866485596,5.610000133514404,5.630000114440918,72866,0.0,0.0
2023-05-31 09:30:00-04:00,5.639999866485596,5.71999979019165,5.599999904632568,5.639999866485596,49455,0.0,0.0
2023-05-31 10:30:00-04:00,5.635000228881836,5.65500020980835,5.605000019073486,5.619999885559082,48982,0.0,0.0
2023-05-31 11:30:00-04:00,5.618899822235107,5.635000228881836,5.572500228881836,5.599899768829346,38096,0.0,0.0
2023-05-31 12:30:00-04:00,5.590000152587891,5.614999771118164,5.585000038146973,5.610000133514404,37960,0.0,0.0
2023-05-31 13:30:00-04:00,5.605000019073486,5.614999771118164,5.590000152587891,5.59499979019165,74932,0.0,0.0
2023-05-31 14:30:00-04:00,5.599999904632568,5.599999904632568,5.539999961853027,5.539999961853027,39823,0.0,0.0
2023-05-31 15:30:00-04:00,5.545000076293945,5.567500114440918,5.531300067901611,5.545000076293945,67680,0.0,0.0
2023-06-01 09:30:00-04:00,5.539999961853027,5.614999771118164,5.480000019073486,5.614999771118164,74487,0.0,0.0
2023-06-01 10:30:00-04:00,5.614999771118164,5.699999809265137,5.599999904632568,5.690000057220459,54723,0.0,0.0
2023-06-01 11:30:00-04:00,5.695000171661377,5.75,5.690000057220459,5.71999979019165,39050,0.0,0.0
2023-06-01 12:30:00-04:00,5.715000152587891,5.730000019073486,5.679999828338623,5.715000152587891,63686,0.0,0.0
2023-06-01 13:30:00-04:00,5.710000038146973,5.71999979019165,5.679999828338623,5.684999942779541,40214,0.0,0.0
2023-06-01 14:30:00-04:00,5.679999828338623,5.75,5.679999828338623,5.735000133514404,52633,0.0,0.0
2023-06-01 15:30:00-04:00,5.735000133514404,5.75,5.710000038146973,5.735000133514404,102130,0.0,0.0
2023-06-02 09:30:00-04:00,5.789999961853027,5.909999847412109,5.760000228881836,5.90500020980835,60714,0.0,0.0
2023-06-02 10:30:00-04:00,5.90500020980835,6.025000095367432,5.894999980926514,6.025000095367432,31366,0.0,0.0
2023-06-02 11:30:00-04:00,6.025000095367432,6.054999828338623,5.96999979019165,6.050000190734863,39451,0.0,0.0
2023-06-02 12:30:00-04:00,6.050000190734863,6.069900035858154,6.010000228881836,6.045000076293945,42751,0.0,0.0
2023-06-02 13:30:00-04:00,6.050000190734863,6.090000152587891,6.03000020980835,6.045000076293945,41650,0.0,0.0
2023-06-02 14:30:00-04:00,6.050000190734863,6.070000171661377,6.019999980926514,6.059999942779541,51001,0.0,0.0
2023-06-02 15:30:00-04:00,6.067500114440918,6.079999923706055,6.050000190734863,6.070000171661377,92490,0.0,0.0
2023-06-05 09:30:00-04:00,6.0,6.050000190734863,5.880000114440918,5.909999847412109,48666,0.0,0.0
2023-06-05 10:30:00-04:00,5.929999828338623,5.974999904632568,5.929999828338623,5.949999809265137,30164,0.0,0.0
2023-06-05 11:30:00-04:00,5.960000038146973,6.020100116729736,5.949999809265137,6.020100116729736,26046,0.0,0.0
2023-06-05 12:30:00-04:00,6.019999980926514,6.034999847412109,5.960000038146973,5.980000019073486,56314,0.0,0.0
2023-06-05 13:30:00-04:00,5.96999979019165,5.96999979019165,5.940000057220459,5.965000152587891,21488,0.0,0.0
2023-06-05 14:30:00-04:00,5.965000152587891,5.965000152587891,5.925000190734863,5.949999809265137,53554,0.0,0.0
2023-06-05 15:30:00-04:00,5.954999923706055,6.019999980926514,5.940000057220459,5.960000038146973,148405,0.0,0.0
2023-06-06 09:30:00-04:00,5.960000038146973,6.119999885559082,5.960000038146973,6.119999885559082,44596,0.0,0.0
2023-06-06 10:30:00-04:00,6.130000114440918,6.264999866485596,6.119999885559082,6.239999771118164,67506,0.0,0.0
2023-06-06 11:30:00-04:00,6.230000019073486,6.300000190734863,6.21999979019165,6.25,38592,0.0,0.0
2023-06-06 12:30:00-04:00,6.255000114440918,6.269999980926514,6.210000038146973,6.224999904632568,29044,0.0,0.0
2023-06-06 13:30:00-04:00,6.224400043487549,6.255000114440918,6.204999923706055,6.25,36148,0.0,0.0
2023-06-06 14:30:00-04:00,6.244999885559082,6.295000076293945,6.239999771118164,6.295000076293945,47593,0.0,0.0
2023-06-06 15:30:00-04:00,6.300000190734863,6.309999942779541,6.269999980926514,6.269999980926514,71799,0.0,0.0
2023-06-07 09:30:00-04:00,6.340000152587891,6.579999923706055,6.340000152587891,6.534999847412109,104056,0.0,0.0
2023-06-07 10:30:00-04:00,6.539999961853027,6.574999809265137,6.494999885559082,6.570000171661377,58410,0.0,0.0
2023-06-07 11:30:00-04:00,6.570000171661377,6.590000152587891,6.539999961853027,6.579999923706055,34657,0.0,0.0
2023-06-07 12:30:00-04:00,6.590000152587891,6.659999847412109,6.590000152587891,6.650000095367432,47067,0.0,0.0
2023-06-07 13:30:00-04:00,6.650000095367432,6.650000095367432,6.570000171661377,6.599999904632568,65895,0.0,0.0
2023-06-07 14:30:00-04:00,6.610000133514404,6.610000133514404,6.579999923706055,6.590000152587891,64045,0.0,0.0
2023-06-07 15:30:00-04:00,6.579999923706055,6.610000133514404,6.570000171661377,6.579999923706055,72404,0.0,0.0
2023-06-08 09:30:00-04:00,6.559999942779541,6.579999923706055,6.375,6.420000076293945,54882,0.0,0.0
2023-06-08 10:30:00-04:00,6.429999828338623,6.474999904632568,6.385000228881836,6.46999979019165,35918,0.0,0.0
2023-06-08 11:30:00-04:00,6.46999979019165,6.474999904632568,6.434999942779541,6.449999809265137,32349,0.0,0.0
2023-06-08 12:30:00-04:00,6.454999923706055,6.480000019073486,6.429999828338623,6.480000019073486,17554,0.0,0.0
2023-06-08 13:30:00-04:00,6.46999979019165,6.480000019073486,6.440000057220459,6.450099945068359,27137,0.0,0.0
2023-06-08 14:30:00-04:00,6.454999923706055,6.46999979019165,6.449999809265137,6.46999979019165,39943,0.0,0.0
2023-06-08 15:30:00-04:00,6.465000152587891,6.474999904632568,6.440000057220459,6.440000057220459,61450,0.0,0.0
2023-06-09 09:30:00-04:00,6.449999809265137,6.449999809265137,6.389999866485596,6.440000057220459,45671,0.0,0.0
2023-06-09 10:30:00-04:00,6.449999809265137,6.514999866485596,6.40500020980835,6.40500020980835,44439,0.0,0.0
2023-06-09 11:30:00-04:00,6.409999847412109,6.465000152587891,6.409999847412109,6.454999923706055,32451,0.0,0.0
2023-06-09 12:30:00-04:00,6.460000038146973,6.474999904632568,6.434700012207031,6.46999979019165,26867,0.0,0.0
2023-06-09 13:30:00-04:00,6.465000152587891,6.46999979019165,6.434999942779541,6.434999942779541,24683,0.0,0.0
2023-06-09 14:30:00-04:00,6.440000057220459,6.46999979019165,6.429999828338623,6.449999809265137,39710,0.0,0.0
2023-06-09 15:30:00-04:00,6.440000057220459,6.489999771118164,6.440000057220459,6.460000038146973,95326,0.0,0.0
2023-06-12 09:30:00-04:00,6.46999979019165,6.599999904632568,6.445000171661377,6.590000152587891,58368,0.0,0.0
2023-06-12 10:30:00-04:00,6.580100059509277,6.590000152587891,6.46999979019165,6.46999979019165,36567,0.0,0.0
2023-06-12 11:30:00-04:00,6.46999979019165,6.489999771118164,6.429999828338623,6.480000019073486,23928,0.0,0.0
2023-06-12 12:30:00-04:00,6.489999771118164,6.5,6.465000152587891,6.474999904632568,30660,0.0,0.0
2023-06-12 13:30:00-04:00,6.465000152587891,6.519999980926514,6.454999923706055,6.5,36362,0.0,0.0
2023-06-12 14:30:00-04:00,6.494999885559082,6.510000228881836,6.480000019073486,6.505000114440918,34094,0.0,0.0
2023-06-12 15:30:00-04:00,6.510000228881836,6.510000228881836,6.449999809265137,6.46999979019165,50989,0.0,0.0
2023-06-13 09:30:00-04:00,6.519999980926514,6.619999885559082,6.440000057220459,6.610000133514404,72251,0.0,0.0
2023-06-13 10:30:00-04:00,6.599999904632568,6.614999771118164,6.485000133514404,6.510000228881836,35900,0.0,0.0
2023-06-13 11:30:00-04:00,6.514999866485596,6.53000020980835,6.489999771118164,6.510000228881836,26408,0.0,0.0
2023-06-13 12:30:00-04:00,6.519999980926514,6.534999847412109,6.5,6.510000228881836,24581,0.0,0.0
2023-06-13 13:30:00-04:00,6.510000228881836,6.539999961853027,6.494999885559082,6.53000020980835,25081,0.0,0.0
2023-06-13 14:30:00-04:00,6.513000011444092,6.51800012588501,6.489999771118164,6.505000114440918,32825,0.0,0.0
2023-06-13 15:30:00-04:00,6.509500026702881,6.53000020980835,6.505000114440918,6.519999980926514,68993,0.0,0.0
2023-06-14 09:30:00-04:00,6.559999942779541,6.650000095367432,6.534999847412109,6.559999942779541,46078,0.0,0.0
2023-06-14 10:30:00-04:00,6.559999942779541,6.579999923706055,6.499899864196777,6.525000095367432,37144,0.0,0.0
2023-06-14 11:30:00-04:00,6.53000020980835,6.574999809265137,6.53000020980835,6.545000076293945,25569,0.0,0.0
2023-06-14 12:30:00-04:00,6.539999961853027,6.545000076293945,6.485000133514404,6.5,28622,0.0,0.0
2023-06-14 13:30:00-04:00,6.494999885559082,6.505000114440918,6.394999980926514,6.429999828338623,37126,0.0,0.0
2023-06-14 14:30:00-04:00,6.429999828338623,6.480000019073486,6.414999961853027,6.460000038146973,65906,0.0,0.0
2023-06-14 15:30:00-04:00,6.454999923706055,6.485000133514404,6.429999828338623,6.440000057220459,58349,0.0,0.0
2023-06-15 09:30:00-04:00,6.400000095367432,6.440000057220459,6.329999923706055,6.425000190734863,33074,0.0,0.0
2023-06-15 10:30:00-04:00,6.420000076293945,6.429999828338623,6.364999771118164,6.429999828338623,31350,0.0,0.0
2023-06-15 11:30:00-04:00,6.449999809265137,6.460000038146973,6.414999961853027,6.414999961853027,19814,0.0,0.0
2023-06-15 12:30:00-04:00,6.409999847412109,6.445000171661377,6.40500020980835,6.409999847412109,22501,0.0,0.0
2023-06-15 13:30:00-04:00,6.409999847412109,6.449999809265137,6.409999847412109,6.434999942779541,31279,0.0,0.0
2023-06-15 14:30:00-04:00,6.434999942779541,6.519999980926514,6.434999942779541,6.485000133514404,38442,0.0,0.0
2023-06-15 15:30:00-04:00,6.489999771118164,6.559999942779541,6.485000133514404,6.559999942779541,72642,0.0,0.0
2023-06-16 09:30:00-04:00,6.559999942779541,6.710000038146973,6.539999961853027,6.659999847412109,195953,0.0,0.0
2023-06-16 10:30:00-04:00,6.659999847412109,6.670000076293945,6.599999904632568,6.610000133514404,59260,0.0,0.0
2023-06-16 11:30:00-04:00,6.614999771118164,6.679999828338623,6.614999771118164,6.650000095367432,49236,0.0,0.0
2023-06-16 12:30:00-04:00,6.650000095367432,6.690000057220459,6.650000095367432,6.675000190734863,70178,0.0,0.0
2023-06-16 13:30:00-04:00,6.675000190734863,6.675000190734863,6.619999885559082,6.630000114440918,62348,0.0,0.0
2023-06-16 14:30:00-04:00,6.639999866485596,6.679999828338623,6.614999771118164,6.664999961853027,175227,0.0,0.0
2023-06-16 15:30:00-04:00,6.670000076293945,6.710000038146973,6.619999885559082,6.65500020980835,430558,0.0,0.0
2023-06-20 09:30:00-04:00,6.579999923706055,6.579999923706055,6.400000095367432,6.429999828338623,68537,0.0,0.0
2023-06-20 10:30:00-04:00,6.434999942779541,6.5,6.434999942779541,6.449999809265137,39979,0.0,0.0
2023-06-20 11:30:00-04:00,6.454999923706055,6.525000095367432,6.429999828338623,6.525000095367432,39877,0.0,0.0
2023-06-20 12:30:00-04:00,6.519999980926514,6.570000171661377,6.519999980926514,6.559999942779541,26349,0.0,0.0
2023-06-20 13:30:00-04:00,6.554999828338623,6.570000171661377,6.53000020980835,6.545000076293945,30750,0.0,0.0
2023-06-20 14:30:00-04:00,6.549499988555908,6.610000133514404,6.539999961853027,6.579999923706055,36709,0.0,0.0
2023-06-20 15:30:00-04:00,6.579999923706055,6.590000152587891,6.550000190734863,6.565000057220459,65833,0.0,0.0
2023-06-21 09:30:00-04:00,6.5,6.510000228881836,6.429999828338623,6.480000019073486,64563,0.0,0.0
2023-06-21 10:30:00-04:00,6.474999904632568,6.539999961853027,6.460000038146973,6.510000228881836,43591,0.0,0.0
2023-06-21 11:30:00-04:00,6.510000228881836,6.53000020980835,6.480000019073486,6.53000020980835,26743,0.0,0.0
2023-06-21 12:30:00-04:00,6.534999847412109,6.534999847412109,6.494999885559082,6.510000228881836,18962,0.0,0.0
2023-06-21 13:30:00-04:00,6.510000228881836,6.5792999267578125,6.510000228881836,6.574999809265137,21312,0.0,0.0
2023-06-21 14:30:00-04:00,6.579999923706055,6.585000038146973,6.525000095367432,6.53000020980835,30373,0.0,0.0
2023-06-21 15:30:00-04:00,6.53000020980835,6.539999961853027,6.510000228881836,6.53000020980835,64546,0.0,0.0
2023-06-22 09:30:00-04:00,6.53000020980835,6.53000020980835,6.284999847412109,6.295000076293945,75594,0.0,0.0
2023-06-22 10:30:00-04:00,6.289999961853027,6.304999828338623,6.170000076293945,6.195000171661377,33269,0.0,0.0
2023-06-22 11:30:00-04:00,6.195000171661377,6.300000190734863,6.195000171661377,6.284999847412109,33753,0.0,0.0
2023-06-22 12:30:00-04:00,6.284999847412109,6.40500020980835,6.284999847412109,6.400000095367432,70586,0.0,0.0
2023-06-22 13:30:00-04:00,6.40500020980835,6.409999847412109,6.364999771118164,6.394999980926514,40485,0.0,0.0
2023-06-22 14:30:00-04:00,6.400000095367432,6.429999828338623,6.400000095367432,6.425000190734863,36592,0.0,0.0
2023-06-22 15:30:00-04:00,6.425000190734863,6.449999809265137,6.414999961853027,6.429999828338623,146406,0.0,0.0
2023-06-23 09:30:00-04:00,6.260000228881836,6.369999885559082,6.260000228881836,6.320000171661377,36773,0.0,0.0
2023-06-23 10:30:00-04:00,6.324999809265137,6.340000152587891,6.239999771118164,6.244999885559082,33668,0.0,0.0
2023-06-23 11:30:00-04:00,6.242499828338623,6.269999980926514,6.230000019073486,6.235000133514404,36782,0.0,0.0
2023-06-23 12:30:00-04:00,6.239999771118164,6.260000228881836,6.21999979019165,6.21999979019165,18255,0.0,0.0
2023-06-23 13:30:00-04:00,6.224999904632568,6.230000019073486,6.199999809265137,6.204999923706055,27936,0.0,0.0
2023-06-23 14:30:00-04:00,6.199999809265137,6.210000038146973,6.139999866485596,6.190000057220459,51849,0.0,0.0
2023-06-23 15:30:00-04:00,6.192299842834473,6.420000076293945,6.179999828338623,6.360000133514404,478836,0.0,0.0
2023-06-26 09:30:00-04:00,6.329999923706055,6.570000171661377,6.320000171661377,6.559999942779541,72585,0.0,0.0
2023-06-26 10:30:00-04:00,6.590000152587891,6.744999885559082,6.559999942779541,6.739999771118164,75193,0.0,0.0
2023-06-26 11:30:00-04:00,6.75,6.800000190734863,6.699999809265137,6.739999771118164,96261,0.0,0.0
2023-06-26 12:30:00-04:00,6.739999771118164,6.744999885559082,6.710000038146973,6.71999979019165,62223,0.0,0.0
2023-06-26 13:30:00-04:00,6.724999904632568,6.739999771118164,6.710000038146973,6.710000038146973,64113,0.0,0.0
2023-06-26 14:30:00-04:00,6.71999979019165,6.737500190734863,6.710000038146973,6.715000152587891,33009,0.0,0.0
2023-06-26 15:30:00-04:00,6.715000152587891,6.724999904632568,6.650000095367432,6.65500020980835,69643,0.0,0.0
2023-06-27 09:30:00-04:00,6.690000057220459,6.739999771118164,6.610000133514404,6.730000019073486,48675,0.0,0.0
2023-06-27 10:30:00-04:00,6.739999771118164,6.760000228881836,6.625,6.630000114440918,77469,0.0,0.0
2023-06-27 11:30:00-04:00,6.630000114440918,6.659999847412109,6.619999885559082,6.650000095367432,45964,0.0,0.0
2023-06-27 12:30:00-04:00,6.644999980926514,6.809999942779541,6.644999980926514,6.78000020980835,188598,0.0,0.0
2023-06-27 13:30:00-04:00,6.78000020980835,6.809999942779541,6.739999771118164,6.764999866485596,40132,0.0,0.0
2023-06-27 14:30:00-04:00,6.769999980926514,6.824999809265137,6.769999980926514,6.800000190734863,61498,0.0,0.0
2023-06-27 15:30:00-04:00,6.804999828338623,6.804999828338623,6.769999980926514,6.769999980926514,56256,0.0,0.0
2023-06-28 09:30:00-04:00,6.760000228881836,6.760000228881836,6.639999866485596,6.639999866485596,56676,0.0,0.0
2023-06-28 10:30:00-04:00,6.639999866485596,6.690000057220459,6.625,6.664999961853027,40423,0.0,0.0
2023-06-28 11:30:00-04:00,6.659999847412109,6.670000076293945,6.6020002365112305,6.661200046539307,33195,0.0,0.0
2023-06-28 12:30:00-04:00,6.659999847412109,6.675000190734863,6.590000152587891,6.610000133514404,26236,0.0,0.0
2023-06-28 13:30:00-04:00,6.599999904632568,6.650000095367432,6.599999904632568,6.625,19154,0.0,0.0
2023-06-28 14:30:00-04:00,6.619999885559082,6.650000095367432,6.610000133514404,6.644999980926514,25218,0.0,0.0
2023-06-28 15:30:00-04:00,6.650000095367432,6.670000076293945,6.630000114440918,6.650000095367432,39732,0.0,0.0
2023-06-29 09:30:00-04:00,6.559999942779541,6.630000114440918,6.53000020980835,6.570000171661377,38285,0.0,0.0
2023-06-29 10:30:00-04:00,6.579999923706055,6.590000152587891,6.53000020980835,6.534999847412109,32524,0.0,0.0
2023-06-29 11:30:00-04:00,6.53249979019165,6.659999847412109,6.53249979019165,6.639999866485596,28147,0.0,0.0
2023-06-29 12:30:00-04:00,6.635000228881836,6.679999828338623,6.619999885559082,6.670000076293945,20868,0.0,0.0
2023-06-29 13:30:00-04:00,6.670000076293945,6.675000190734863,6.639999866485596,6.664999961853027,18375,0.0,0.0
2023-06-29 14:30:00-04:00,6.670000076293945,6.675000190734863,6.651000022888184,6.664999961853027,15573,0.0,0.0
2023-06-29 15:30:00-04:00,6.670000076293945,6.679999828338623,6.639999866485596,6.659999847412109,41494,0.0,0.0
2023-06-30 09:30:00-04:00,6.760000228881836,6.760000228881836,6.625,6.664999961853027,45944,0.0,0.0
2023-06-30 10:30:00-04:00,6.664999961853027,6.679999828338623,6.610000133514404,6.619999885559082,50170,0.0,0.0
2023-06-30 11:30:00-04:00,6.630000114440918,6.679999828338623,6.614999771118164,6.625,42649,0.0,0.0
2023-06-30 12:30:00-04:00,6.629300117492676,6.639999866485596,6.59499979019165,6.619999885559082,20501,0.0,0.0
2023-06-30 13:30:00-04:00,6.619999885559082,6.619999885559082,6.570000171661377,6.599999904632568,35209,0.0,0.0
2023-06-30 14:30:00-04:00,6.590000152587891,6.599999904632568,6.539999961853027,6.565000057220459,37234,0.0,0.0
2023-06-30 15:30:00-04:00,6.559999942779541,6.619999885559082,6.53000020980835,6.599999904632568,46190,0.0,0.0
2023-07-03 09:30:00-04:00,6.570000171661377,6.829999923706055,6.570000171661377,6.820000171661377,76170,0.0,0.0
2023-07-03 10:30:00-04:00,6.815000057220459,6.880000114440918,6.78000020980835,6.880000114440918,59691,0.0,0.0
2023-07-03 11:30:00-04:00,6.869999885559082,6.914999961853027,6.855000019073486,6.855000019073486,56386,0.0,0.0
2023-07-05 09:30:00-04:00,6.800000190734863,6.880000114440918,6.739999771118164,6.84499979019165,79126,0.0,0.0
2023-07-05 10:30:00-04:00,6.849999904632568,6.96999979019165,6.849999904632568,6.960000038146973,45340,0.0,0.0
2023-07-05 11:30:00-04:00,6.965000152587891,6.989999771118164,6.920000076293945,6.920000076293945,45645,0.0,0.0
2023-07-05 12:30:00-04:00,6.920000076293945,6.95989990234375,6.920000076293945,6.940000057220459,23442,0.0,0.0
2023-07-05 13:30:00-04:00,6.940000057220459,6.940000057220459,6.889999866485596,6.889999866485596,30824,0.0,0.0
2023-07-05 14:30:00-04:00,6.880000114440918,6.909999847412109,6.849999904632568,6.855000019073486,24181,0.0,0.0
2023-07-05 15:30:00-04:00,6.849999904632568,6.849999904632568,6.730000019073486,6.730000019073486,78911,0.0,0.0
2023-07-06 09:30:00-04:00,6.599999904632568,6.639999866485596,6.474999904632568,6.539999961853027,82069,0.0,0.0
2023-07-06 10:30:00-04:00,6.53000020980835,6.570000171661377,6.519999980926514,6.539999961853027,25038,0.0,0.0
2023-07-06 11:30:00-04:00,6.539999961853027,6.599999904632568,6.539999961853027,6.565000057220459,16523,0.0,0.0
2023-07-06 12:30:00-04:00,6.565000057220459,6.610000133514404,6.565000057220459,6.599999904632568,15613,0.0,0.0
2023-07-06 13:30:00-04:00,6.610000133514404,6.699999809265137,6.610000133514404,6.695000171661377,22179,0.0,0.0
2023-07-06 14:30:00-04:00,6.695000171661377,6.699999809265137,6.675000190734863,6.695000171661377,21739,0.0,0.0
2023-07-06 15:30:00-04:00,6.695000171661377,6.760000228881836,6.690000057220459,6.75,65454,0.0,0.0
2023-07-07 09:30:00-04:00,6.71999979019165,6.820000171661377,6.71999979019165,6.820000171661377,56345,0.0,0.0
2023-07-07 10:30:00-04:00,6.829999923706055,6.96999979019165,6.829999923706055,6.96999979019165,34084,0.0,0.0
2023-07-07 11:30:00-04:00,6.974999904632568,6.980100154876709,6.914999961853027,6.934999942779541,43378,0.0,0.0
2023-07-07 12:30:00-04:00,6.940000057220459,6.980000019073486,6.929999828338623,6.965000152587891,43994,0.0,0.0
2023-07-07 13:30:00-04:00,6.960000038146973,6.960000038146973,6.900000095367432,6.949999809265137,46392,0.0,0.0
2023-07-07 14:30:00-04:00,6.949999809265137,6.960000038146973,6.932499885559082,6.960000038146973,55956,0.0,0.0
2023-07-07 15:30:00-04:00,6.954999923706055,6.96999979019165,6.889999866485596,6.900000095367432,127218,0.0,0.0
2023-07-10 09:30:00-04:00,6.829999923706055,7.0,6.809999942779541,6.980000019073486,63581,0.0,0.0
2023-07-10 10:30:00-04:00,6.980000019073486,6.980000019073486,6.914999961853027,6.940000057220459,23372,0.0,0.0
2023-07-10 11:30:00-04:00,6.940000057220459,6.949999809265137,6.900000095367432,6.909999847412109,20264,0.0,0.0
2023-07-10 12:30:00-04:00,6.920000076293945,6.925000190734863,6.889999866485596,6.889999866485596,16561,0.0,0.0
2023-07-10 13:30:00-04:00,6.892000198364258,6.920000076293945,6.880000114440918,6.880000114440918,21520,0.0,0.0
2023-07-10 14:30:00-04:00,6.885000228881836,6.885000228881836,6.835000038146973,6.835000038146973,25924,0.0,0.0
2023-07-10 15:30:00-04:00,6.835000038146973,6.860000133514404,6.829999923706055,6.855000019073486,44051,0.0,0.0
2023-07-11 09:30:00-04:00,6.909999847412109,6.940000057220459,6.800000190734863,6.940000057220459,45425,0.0,0.0
2023-07-11 10:30:00-04:00,6.929999828338623,6.929999828338623,6.875,6.885000228881836,28674,0.0,0.0
2023-07-11 11:30:00-04:00,6.885000228881836,6.909999847412109,6.860000133514404,6.875,23999,0.0,0.0
2023-07-11 12:30:00-04:00,6.880000114440918,6.889999866485596,6.835000038146973,6.840000152587891,24827,0.0,0.0
2023-07-11 13:30:00-04:00,6.84499979019165,6.860000133514404,6.820000171661377,6.835000038146973,36856,0.0,0.0
2023-07-11 14:30:00-04:00,6.840000152587891,6.885000228881836,6.824999809265137,6.875,102035,0.0,0.0
2023-07-11 15:30:00-04:00,6.875,6.889999866485596,6.860000133514404,6.880000114440918,55574,0.0,0.0
2023-07-12 09:30:00-04:00,7.0,7.070000171661377,6.900000095367432,6.929999828338623,83051,0.0,0.0
2023-07-12 10:30:00-04:00,6.940000057220459,6.985000133514404,6.920000076293945,6.925000190734863,27952,0.0,0.0
2023-07-12 11:30:00-04:00,6.929999828338623,6.954999923706055,6.889999866485596,6.889999866485596,29817,0.0,0.0
2023-07-12 12:30:00-04:00,6.900000095367432,6.934999942779541,6.889999866485596,6.909999847412109,20333,0.0,0.0
2023-07-12 13:30:00-04:00,6.909999847412109,6.914999961853027,6.849999904632568,6.849999904632568,30180,0.0,0.0
2023-07-12 14:30:00-04:00,6.85699987411499,6.909999847412109,6.840000152587891,6.840000152587891,60560,0.0,0.0
2023-07-12 15:30:00-04:00,6.840000152587891,6.875,6.820000171661377,6.840000152587891,75886,0.0,0.0
2023-07-13 09:30:00-04:00,6.860000133514404,6.864999771118164,6.789999961853027,6.864999771118164,55826,0.0,0.0
2023-07-13 10:30:00-04:00,6.880000114440918,6.889999866485596,6.824999809265137,6.84499979019165,34938,0.0,0.0
2023-07-13 11:30:00-04:00,6.849999904632568,6.900000095367432,6.849999904632568,6.860499858856201,52660,0.0,0.0
2023-07-13 12:30:00-04:00,6.860000133514404,6.880000114440918,6.84499979019165,6.855000019073486,27257,0.0,0.0
2023-07-13 13:30:00-04:00,6.855000019073486,6.875,6.84499979019165,6.864999771118164,22988,0.0,0.0
2023-07-13 14:30:00-04:00,6.869999885559082,6.885000228881836,6.864999771118164,6.869999885559082,65510,0.0,0.0
2023-07-13 15:30:00-04:00,6.875,6.909999847412109,6.875,6.880000114440918,41786,0.0,0.0
2023-07-14 09:30:00-04:00,6.849999904632568,6.880000114440918,6.784999847412109,6.795000076293945,49345,0.0,0.0
2023-07-14 10:30:00-04:00,6.800000190734863,6.800000190734863,6.75,6.775000095367432,41063,0.0,0.0
2023-07-14 11:30:00-04:00,6.789999961853027,6.800000190734863,6.760000228881836,6.784999847412109,16986,0.0,0.0
2023-07-14 12:30:00-04:00,6.781199932098389,6.789999961853027,6.769999980926514,6.775000095367432,14998,0.0,0.0
2023-07-14 13:30:00-04:00,6.769999980926514,6.787499904632568,6.764999866485596,6.784999847412109,17969,0.0,0.0
2023-07-14 14:30:00-04:00,6.78000020980835,6.795000076293945,6.744999885559082,6.764999866485596,31015,0.0,0.0
2023-07-14 15:30:00-04:00,6.760000228881836,6.777500152587891,6.755000114440918,6.769999980926514,39521,0.0,0.0
2023-07-17 09:30:00-04:00,6.760000228881836,6.769999980926514,6.699999809265137,6.704999923706055,51613,0.0,0.0
2023-07-17 10:30:00-04:00,6.704999923706055,6.71999979019165,6.695000171661377,6.710000038146973,25377,0.0,0.0
2023-07-17 11:30:00-04:00,6.699999809265137,6.704999923706055,6.65880012512207,6.675000190734863,18331,0.0,0.0
2023-07-17 12:30:00-04:00,6.670000076293945,6.684999942779541,6.610000133514404,6.610000133514404,50747,0.0,0.0
2023-07-17 13:30:00-04:00,6.614999771118164,6.627099990844727,6.570000171661377,6.570000171661377,25976,0.0,0.0
2023-07-17 14:30:00-04:00,6.559999942779541,6.590000152587891,6.550000190734863,6.585000038146973,61575,0.0,0.0
2023-07-17 15:30:00-04:00,6.585000038146973,6.619999885559082,6.579999923706055,6.599999904632568,48408,0.0,0.0
2023-07-18 09:30:00-04:00,6.599999904632568,6.880000114440918,6.599999904632568,6.809999942779541,78586,0.0,0.0
2023-07-18 10:30:00-04:00,6.804999828338623,6.804999828338623,6.71999979019165,6.744999885559082,34072,0.0,0.0
2023-07-18 11:30:00-04:00,6.739999771118164,6.744999885559082,6.659999847412109,6.670000076293945,25891,0.0,0.0
2023-07-18 12:30:00-04:00,6.661099910736084,6.669899940490723,6.614999771118164,6.630000114440918,32480,0.0,0.0
2023-07-18 13:30:00-04:00,6.630000114440918,6.650000095367432,6.610000133514404,6.650000095367432,26453,0.0,0.0
2023-07-18 14:30:00-04:00,6.644999980926514,6.684999942779541,6.644999980926514,6.65500020980835,38618,0.0,0.0
2023-07-18 15:30:00-04:00,6.650000095367432,6.699999809265137,6.639999866485596,6.695000171661377,61806,0.0,0.0
2023-07-19 09:30:00-04:00,6.710000038146973,6.855000019073486,6.710000038146973,6.800000190734863,42930,0.0,0.0
2023-07-19 10:30:00-04:00,6.804999828338623,6.809999942779541,6.75,6.760000228881836,21575,0.0,0.0
2023-07-19 11:30:00-04:00,6.764999866485596,6.815000057220459,6.760000228881836,6.813799858093262,34797,0.0,0.0
2023-07-19 12:30:00-04:00,6.809999942779541,6.809999942779541,6.769999980926514,6.800000190734863,19312,0.0,0.0
2023-07-19 13:30:00-04:00,6.800000190734863,6.829999923706055,6.789999961853027,6.820000171661377,19391,0.0,0.0
2023-07-19 14:30:00-04:00,6.820000171661377,6.84089994430542,6.800000190734863,6.84089994430542,86139,0.0,0.0
2023-07-19 15:30:00-04:00,6.84499979019165,6.855000019073486,6.815000057220459,6.84499979019165,60950,0.0,0.0
2023-07-20 09:30:00-04:00,6.849999904632568,6.860000133514404,6.71999979019165,6.730000019073486,35109,0.0,0.0
2023-07-20 10:30:00-04:00,6.739999771118164,6.75,6.679999828338623,6.704999923706055,23038,0.0,0.0
2023-07-20 11:30:00-04:00,6.700500011444092,6.71999979019165,6.690000057220459,6.695000171661377,17653,0.0,0.0
2023-07-20 12:30:00-04:00,6.704999923706055,6.704999923706055,6.65500020980835,6.659999847412109,12128,0.0,0.0
2023-07-20 13:30:00-04:00,6.670000076293945,6.675000190734863,6.644999980926514,6.670000076293945,27363,0.0,0.0
2023-07-20 14:30:00-04:00,6.664999961853027,6.684999942779541,6.639999866485596,6.644999980926514,28697,0.0,0.0
2023-07-20 15:30:00-04:00,6.650000095367432,6.724999904632568,6.641499996185303,6.715000152587891,86793,0.0,0.0
2023-07-21 09:30:00-04:00,6.78000020980835,6.789999961853027,6.625,6.659999847412109,53723,0.0,0.0
2023-07-21 10:30:00-04:00,6.639999866485596,6.675000190734863,6.635000228881836,6.659999847412109,20238,0.0,0.0
2023-07-21 11:30:00-04:00,6.670000076293945,6.699999809265137,6.650000095367432,6.679999828338623,19172,0.0,0.0
2023-07-21 12:30:00-04:00,6.690000057220459,6.690000057220459,6.650000095367432,6.650000095367432,21695,0.0,0.0
2023-07-21 13:30:00-04:00,6.650000095367432,6.650000095367432,6.619999885559082,6.625,15917,0.0,0.0
2023-07-21 14:30:00-04:00,6.625,6.650000095367432,6.614999771118164,6.625,24230,0.0,0.0
2023-07-21 15:30:00-04:00,6.625,6.639999866485596,6.610000133514404,6.614999771118164,95383,0.0,0.0
2023-07-24 09:30:00-04:00,6.610000133514404,6.78000020980835,6.610000133514404,6.644999980926514,40152,0.0,0.0
2023-07-24 10:30:00-04:00,6.650000095367432,6.670000076293945,6.625,6.659999847412109,26332,0.0,0.0
2023-07-24 11:30:00-04:00,6.670000076293945,6.739999771118164,6.664999961853027,6.735000133514404,25788,0.0,0.0
2023-07-24 12:30:00-04:00,6.735000133514404,6.769999980926514,6.724999904632568,6.724999904632568,25900,0.0,0.0
2023-07-24 13:30:00-04:00,6.724999904632568,6.739999771118164,6.715000152587891,6.736000061035156,18196,0.0,0.0
2023-07-24 14:30:00-04:00,6.730000019073486,6.730000019073486,6.699999809265137,6.699999809265137,22222,0.0,0.0
2023-07-24 15:30:00-04:00,6.699999809265137,6.735000133514404,6.699999809265137,6.730000019073486,37906,0.0,0.0
2023-07-25 09:30:00-04:00,6.670000076293945,6.739999771118164,6.659999847412109,6.699999809265137,25275,0.0,0.0
2023-07-25 10:30:00-04:00,6.699999809265137,6.7133002281188965,6.675000190734863,6.690000057220459,19534,0.0,0.0
2023-07-25 11:30:00-04:00,6.690100193023682,6.699999809265137,6.639999866485596,6.639999866485596,14725,0.0,0.0
2023-07-25 12:30:00-04:00,6.641200065612793,6.651500225067139,6.610000133514404,6.619900226593018,11543,0.0,0.0
2023-07-25 13:30:00-04:00,6.610000133514404,6.630000114440918,6.605000019073486,6.6269001960754395,17882,0.0,0.0
2023-07-25 14:30:00-04:00,6.625,6.630000114440918,6.559999942779541,6.565000057220459,31556,0.0,0.0
2023-07-25 15:30:00-04:00,6.559999942779541,6.559999942779541,6.519999980926514,6.550000190734863,73819,0.0,0.0
2023-07-26 09:30:00-04:00,6.550000190734863,6.670000076293945,6.550000190734863,6.630000114440918,38961,0.0,0.0
2023-07-26 10:30:00-04:00,6.630000114440918,6.684999942779541,6.619999885559082,6.644199848175049,28560,0.0,0.0
2023-07-26 11:30:00-04:00,6.648799896240234,6.651000022888184,6.619999885559082,6.650000095367432,20659,0.0,0.0
2023-07-26 12:30:00-04:00,6.659999847412109,6.664999961853027,6.614999771118164,6.639999866485596,16152,0.0,0.0
2023-07-26 13:30:00-04:00,6.630000114440918,6.644999980926514,6.610000133514404,6.625,18108,0.0,0.0
2023-07-26 14:30:00-04:00,6.625,6.670000076293945,6.614999771118164,6.650000095367432,49360,0.0,0.0
2023-07-26 15:30:00-04:00,6.644999980926514,6.699999809265137,6.630000114440918,6.695000171661377,106182,0.0,0.0
2023-07-27 09:30:00-04:00,6.710000038146973,6.760000228881836,6.644999980926514,6.699999809265137,54027,0.0,0.0
2023-07-27 10:30:00-04:00,6.695000171661377,6.710000038146973,6.614999771118164,6.614999771118164,65874,0.0,0.0
2023-07-27 11:30:00-04:00,6.610000133514404,6.650000095367432,6.59499979019165,6.610000133514404,79009,0.0,0.0
2023-07-27 12:30:00-04:00,6.605000019073486,6.650000095367432,6.605000019073486,6.605000019073486,35090,0.0,0.0
2023-07-27 13:30:00-04:00,6.605000019073486,6.605000019073486,6.489999771118164,6.5,37669,0.0,0.0
2023-07-27 14:30:00-04:00,6.491099834442139,6.510000228881836,6.445000171661377,6.480000019073486,45515,0.0,0.0
2023-07-27 15:30:00-04:00,6.480000019073486,6.489999771118164,6.46999979019165,6.480000019073486,62089,0.0,0.0
2023-07-28 09:30:00-04:00,6.489999771118164,6.579999923706055,6.470200061798096,6.480000019073486,107064,0.0,0.0
2023-07-28 10:30:00-04:00,6.474999904632568,6.510000228881836,6.465000152587891,6.510000228881836,21014,0.0,0.0
2023-07-28 11:30:00-04:00,6.5,6.519999980926514,6.479899883270264,6.519999980926514,25150,0.0,0.0
2023-07-28 12:30:00-04:00,6.514999866485596,6.519999980926514,6.489999771118164,6.494999885559082,17165,0.0,0.0
2023-07-28 13:30:00-04:00,6.494999885559082,6.519999980926514,6.454999923706055,6.494999885559082,47060,0.0,0.0
2023-07-28 14:30:00-04:00,6.489999771118164,6.53000020980835,6.489999771118164,6.514999866485596,26410,0.0,0.0
2023-07-28 15:30:00-04:00,6.514999866485596,6.525000095367432,6.489999771118164,6.5,52246,0.0,0.0
2023-07-31 09:30:00-04:00,6.519999980926514,6.675000190734863,6.5,6.664999961853027,58268,0.0,0.0
2023-07-31 10:30:00-04:00,6.664999961853027,6.664999961853027,6.565000057220459,6.610000133514404,26262,0.0,0.0
2023-07-31 11:30:00-04:00,6.605000019073486,6.639999866485596,6.579999923706055,6.587500095367432,40515,0.0,0.0
2023-07-31 12:30:00-04:00,6.590000152587891,6.610000133514404,6.539999961853027,6.559999942779541,27218,0.0,0.0
2023-07-31 13:30:00-04:00,6.559999942779541,6.559999942779541,6.5,6.510000228881836,71575,0.0,0.0
2023-07-31 14:30:00-04:00,6.510000228881836,6.550000190734863,6.5,6.514999866485596,76323,0.0,0.0
2023-07-31 15:30:00-04:00,6.514999866485596,6.519999980926514,6.460000038146973,6.5,202858,0.0,0.0
2023-08-01 09:30:00-04:00,6.480000019073486,6.489999771118164,6.340000152587891,6.340000152587891,49200,0.0,0.0
2023-08-01 10:30:00-04:00,6.329999923706055,6.389999866485596,6.315000057220459,6.375,28068,0.0,0.0
2023-08-01 11:30:00-04:00,6.369999885559082,6.369999885559082,6.28000020980835,6.28000020980835,21346,0.0,0.0
2023-08-01 12:30:00-04:00,6.275000095367432,6.315000057220459,6.269999980926514,6.315000057220459,46367,0.0,0.0
2023-08-01 13:30:00-04:00,6.315000057220459,6.324999809265137,6.284999847412109,6.289999961853027,21309,0.0,0.0
2023-08-01 14:30:00-04:00,6.289999961853027,6.300000190734863,6.28000020980835,6.28000020980835,32482,0.0,0.0
2023-08-01 15:30:00-04:00,6.28000020980835,6.304999828338623,6.260000228881836,6.289999961853027,83806,0.0,0.0
2023-08-02 09:30:00-04:00,6.210000038146973,6.230000019073486,6.159999847412109,6.230000019073486,42506,0.0,0.0
2023-08-02 10:30:00-04:00,6.230000019073486,6.25,6.184999942779541,6.210000038146973,21380,0.0,0.0
2023-08-02 11:30:00-04:00,6.21999979019165,6.239999771118164,6.175000190734863,6.199999809265137,33455,0.0,0.0
2023-08-02 12:30:00-04:00,6.199999809265137,6.260000228881836,6.195000171661377,6.244999885559082,23216,0.0,0.0
2023-08-02 13:30:00-04:00,6.25,6.25,6.2133002281188965,6.235000133514404,17564,0.0,0.0
2023-08-02 14:30:00-04:00,6.239999771118164,6.239999771118164,6.202600002288818,6.215000152587891,26241,0.0,0.0
2023-08-02 15:30:00-04:00,6.21589994430542,6.25,6.215000152587891,6.239999771118164,42351,0.0,0.0
2023-08-03 09:30:00-04:00,6.159999847412109,6.21999979019165,6.054999828338623,6.090000152587891,43732,0.0,0.0
2023-08-03 10:30:00-04:00,6.099999904632568,6.179999828338623,6.090000152587891,6.159999847412109,32360,0.0,0.0
2023-08-03 11:30:00-04:00,6.159999847412109,6.190000057220459,6.150000095367432,6.164999961853027,16150,0.0,0.0
2023-08-03 12:30:00-04:00,6.175000190734863,6.21999979019165,6.170000076293945,6.210000038146973,20325,0.0,0.0
2023-08-03 13:30:00-04:00,6.199999809265137,6.199999809265137,6.159999847412109,6.184999942779541,25588,0.0,0.0
2023-08-03 14:30:00-04:00,6.184999942779541,6.190000057220459,6.170000076293945,6.184999942779541,17564,0.0,0.0
2023-08-03 15:30:00-04:00,6.179999828338623,6.195000171661377,6.159999847412109,6.159999847412109,64619,0.0,0.0
2023-08-04 09:30:00-04:00,6.199999809265137,6.264999866485596,6.139999866485596,6.25,31939,0.0,0.0
2023-08-04 10:30:00-04:00,6.25,6.25,6.21999979019165,6.239999771118164,23118,0.0,0.0
2023-08-04 11:30:00-04:00,6.239999771118164,6.260000228881836,6.223199844360352,6.260000228881836,17056,0.0,0.0
2023-08-04 12:30:00-04:00,6.25,6.289999961853027,6.244999885559082,6.264999866485596,22435,0.0,0.0
2023-08-04 13:30:00-04:00,6.264699935913086,6.264999866485596,6.184999942779541,6.199999809265137,40642,0.0,0.0
2023-08-04 14:30:00-04:00,6.199999809265137,6.199999809265137,6.170000076293945,6.184999942779541,41975,0.0,0.0
2023-08-04 15:30:00-04:00,6.190000057220459,6.21999979019165,6.184999942779541,6.204999923706055,56841,0.0,0.0
2023-08-07 09:30:00-04:00,6.210000038146973,6.300000190734863,6.190000057220459,6.28000020980835,40742,0.0,0.0
2023-08-07 10:30:00-04:00,6.275000095367432,6.309999942779541,6.25,6.260000228881836,50585,0.0,0.0
2023-08-07 11:30:00-04:00,6.264999866485596,6.264999866485596,6.215000152587891,6.21999979019165,35104,0.0,0.0
2023-08-07 12:30:00-04:00,6.224999904632568,6.260000228881836,6.21999979019165,6.244999885559082,32636,0.0,0.0
2023-08-07 13:30:00-04:00,6.244999885559082,6.25,6.230000019073486,6.239999771118164,23045,0.0,0.0
2023-08-07 14:30:00-04:00,6.239999771118164,6.277699947357178,6.239999771118164,6.264999866485596,35951,0.0,0.0
2023-08-07 15:30:00-04:00,6.269999980926514,6.289999961853027,6.25,6.269999980926514,80735,0.0,0.0
2023-08-08 09:30:00-04:00,6.190000057220459,6.190000057220459,6.050000190734863,6.135000228881836,58639,0.0,0.0
2023-08-08 10:30:00-04:00,6.135000228881836,6.15500020980835,6.105000019073486,6.15500020980835,24897,0.0,0.0
2023-08-08 11:30:00-04:00,6.159999847412109,6.175000190734863,6.131100177764893,6.164999961853027,25842,0.0,0.0
2023-08-08 12:30:00-04:00,6.159999847412109,6.179999828338623,6.139999866485596,6.14900016784668,32775,0.0,0.0
2023-08-08 13:30:00-04:00,6.144999980926514,6.159999847412109,6.125,6.150000095367432,25797,0.0,0.0
2023-08-08 14:30:00-04:00,6.144999980926514,6.159999847412109,6.135000228881836,6.139999866485596,31101,0.0,0.0
2023-08-08 15:30:00-04:00,6.139999866485596,6.15500020980835,6.119999885559082,6.150000095367432,63146,0.0,0.0
2023-08-09 09:30:00-04:00,6.099999904632568,6.179999828338623,6.070000171661377,6.150000095367432,42355,0.0,0.0
2023-08-09 10:30:00-04:00,6.15500020980835,6.210000038146973,6.09499979019165,6.099999904632568,80323,0.0,0.0
2023-08-09 11:30:00-04:00,6.099999904632568,6.119999885559082,6.080100059509277,6.099999904632568,22240,0.0,0.0
2023-08-09 12:30:00-04:00,6.099999904632568,6.119999885559082,6.099999904632568,6.114999771118164,12321,0.0,0.0
2023-08-09 13:30:00-04:00,6.119999885559082,6.159999847412109,6.119999885559082,6.150000095367432,28825,0.0,0.0
2023-08-09 14:30:00-04:00,6.150000095367432,6.159999847412109,6.1006999015808105,6.114999771118164,38713,0.0,0.0
2023-08-09 15:30:00-04:00,6.110000133514404,6.150000095367432,6.110000133514404,6.150000095367432,65620,0.0,0.0
2023-08-10 09:30:00-04:00,6.21999979019165,6.690000057220459,6.119999885559082,6.630000114440918,135783,0.0,0.0
2023-08-10 10:30:00-04:00,6.637499809265137,6.644999980926514,6.519999980926514,6.590000152587891,100868,0.0,0.0
2023-08-10 11:30:00-04:00,6.5802001953125,6.599999904632568,6.480000019073486,6.480000019073486,34689,0.0,0.0
2023-08-10 12:30:00-04:00,6.489999771118164,6.585000038146973,6.465000152587891,6.579999923706055,61851,0.0,0.0
2023-08-10 13:30:00-04:00,6.570000171661377,6.570000171661377,6.414999961853027,6.414999961853027,54426,0.0,0.0
2023-08-10 14:30:00-04:00,6.409999847412109,6.420000076293945,6.349999904632568,6.389999866485596,73333,0.0,0.0
2023-08-10 15:30:00-04:00,6.389999866485596,6.420000076293945,6.385000228881836,6.40500020980835,61339,0.0,0.0
2023-08-11 09:30:00-04:00,6.389999866485596,6.510000228881836,6.389999866485596,6.510000228881836,95797,0.0,0.0
2023-08-11 10:30:00-04:00,6.519100189208984,6.570000171661377,6.510000228881836,6.510000228881836,40019,0.0,0.0
2023-08-11 11:30:00-04:00,6.514999866485596,6.550000190734863,6.46999979019165,6.519999980926514,42796,0.0,0.0
2023-08-11 12:30:00-04:00,6.519999980926514,6.550000190734863,6.519999980926514,6.53000020980835,28198,0.0,0.0
2023-08-11 13:30:00-04:00,6.53000020980835,6.559999942779541,6.5,6.539999961853027,70225,0.0,0.0
2023-08-11 14:30:00-04:00,6.559999942779541,6.599999904632568,6.550099849700928,6.585000038146973,42607,0.0,0.0
2023-08-11 15:30:00-04:00,6.585000038146973,6.585000038146973,6.53000020980835,6.559999942779541,80012,0.0,0.0
2023-08-14 09:30:00-04:00,6.53000020980835,6.550000190734863,6.400000095367432,6.465000152587891,49893,0.0,0.0
2023-08-14 10:30:00-04:00,6.460000038146973,6.489999771118164,6.440000057220459,6.465000152587891,43178,0.0,0.0
2023-08-14 11:30:00-04:00,6.460000038146973,6.489999771118164,6.449999809265137,6.46999979019165,23100,0.0,0.0
2023-08-14 12:30:00-04:00,6.46999979019165,6.539999961853027,6.46999979019165,6.5,27725,0.0,0.0
2023-08-14 13:30:00-04:00,6.494999885559082,6.5,6.440000057220459,6.440000057220459,24210,0.0,0.0
2023-08-14 14:30:00-04:00,6.440000057220459,6.449999809265137,6.420000076293945,6.429999828338623,29392,0.0,0.0
2023-08-14 15:30:00-04:00,6.429999828338623,6.449999809265137,6.420000076293945,6.440000057220459,47436,0.0,0.0
2023-08-15 09:30:00-04:00,6.309999942779541,6.349999904632568,6.255000114440918,6.255000114440918,38777,0.0,0.0
2023-08-15 10:30:00-04:00,6.260000228881836,6.300000190734863,6.250100135803223,6.284999847412109,19277,0.0,0.0
2023-08-15 11:30:00-04:00,6.286499977111816,6.309999942779541,6.239999771118164,6.239999771118164,23083,0.0,0.0
2023-08-15 12:30:00-04:00,6.239999771118164,6.239999771118164,6.210000038146973,6.235000133514404,23672,0.0,0.0
2023-08-15 13:30:00-04:00,6.239999771118164,6.275000095367432,6.230000019073486,6.269999980926514,26077,0.0,0.0
2023-08-15 14:30:00-04:00,6.269999980926514,6.329999923706055,6.264999866485596,6.295000076293945,45191,0.0,0.0
2023-08-15 15:30:00-04:00,6.295000076293945,6.300000190734863,6.28000020980835,6.28000020980835,41103,0.0,0.0
2023-08-16 09:30:00-04:00,6.260000228881836,6.340000152587891,6.25,6.300000190734863,43679,0.0,0.0
2023-08-16 10:30:00-04:00,6.309999942779541,6.340000152587891,6.300000190734863,6.340000152587891,18755,0.0,0.0
2023-08-16 11:30:00-04:00,6.340000152587891,6.360000133514404,6.329999923706055,6.3379998207092285,18483,0.0,0.0
2023-08-16 12:30:00-04:00,6.335000038146973,6.34499979019165,6.269999980926514,6.269999980926514,20363,0.0,0.0
2023-08-16 13:30:00-04:00,6.260000228881836,6.28000020980835,6.235000133514404,6.260000228881836,18087,0.0,0.0
2023-08-16 14:30:00-04:00,6.260000228881836,6.269999980926514,6.210000038146973,6.215000152587891,23305,0.0,0.0
2023-08-16 15:30:00-04:00,6.21999979019165,6.230000019073486,6.199999809265137,6.210000038146973,29632,0.0,0.0
2023-08-17 09:30:00-04:00,6.204999923706055,6.304999828338623,6.190000057220459,6.289999961853027,22600,0.0,0.0
2023-08-17 10:30:00-04:00,6.300000190734863,6.300000190734863,6.239999771118164,6.25,19959,0.0,0.0
2023-08-17 11:30:00-04:00,6.25,6.260000228881836,6.224999904632568,6.255000114440918,17694,0.0,0.0
2023-08-17 12:30:00-04:00,6.258999824523926,6.258999824523926,6.21999979019165,6.21999979019165,30917,0.0,0.0
2023-08-17 13:30:00-04:00,6.224999904632568,6.224999904632568,6.199999809265137,6.224999904632568,20152,0.0,0.0
2023-08-17 14:30:00-04:00,6.224999904632568,6.230000019073486,6.199999809265137,6.215000152587891,25495,0.0,0.0
2023-08-17 15:30:00-04:00,6.215000152587891,6.215000152587891,6.144999980926514,6.159999847412109,75656,0.0,0.0
2023-08-18 09:30:00-04:00,6.079999923706055,6.179999828338623,6.079999923706055,6.08050012588501,32070,0.0,0.0
2023-08-18 10:30:00-04:00,6.085000038146973,6.125,6.085000038146973,6.099999904632568,23435,0.0,0.0
2023-08-18 11:30:00-04:00,6.085000038146973,6.099999904632568,6.050000190734863,6.09499979019165,21652,0.0,0.0
2023-08-18 12:30:00-04:00,6.090000152587891,6.090000152587891,6.03000020980835,6.039999961853027,21461,0.0,0.0
2023-08-18 13:30:00-04:00,6.039999961853027,6.050000190734863,5.9807000160217285,5.985000133514404,26011,0.0,0.0
2023-08-18 14:30:00-04:00,5.989999771118164,6.0,5.940000057220459,5.974999904632568,42087,0.0,0.0
2023-08-18 15:30:00-04:00,5.978799819946289,5.989999771118164,5.949999809265137,5.960000038146973,40549,0.0,0.0
2023-08-21 09:30:00-04:00,5.940000057220459,5.940000057220459,5.690000057220459,5.710000038146973,77719,0.0,0.0
2023-08-21 10:30:00-04:00,5.710000038146973,5.75,5.704999923706055,5.720600128173828,65447,0.0,0.0
2023-08-21 11:30:00-04:00,5.730000019073486,5.835000038146973,5.724999904632568,5.829999923706055,41373,0.0,0.0
2023-08-21 12:30:00-04:00,5.840000152587891,5.840000152587891,5.78000020980835,5.820000171661377,26201,0.0,0.0
2023-08-21 13:30:00-04:00,5.820000171661377,5.829999923706055,5.809999942779541,5.815000057220459,19495,0.0,0.0
2023-08-21 14:30:00-04:00,5.820000171661377,5.849999904632568,5.809999942779541,5.84499979019165,33349,0.0,0.0
2023-08-21 15:30:00-04:00,5.849999904632568,5.849999904632568,5.820000171661377,5.820899963378906,55051,0.0,0.0
2023-08-22 09:30:00-04:00,5.829999923706055,5.835000038146973,5.730000019073486,5.809999942779541,36648,0.0,0.0
2023-08-22 10:30:00-04:00,5.809999942779541,5.840000152587891,5.764999866485596,5.78000020980835,74089,0.0,0.0
2023-08-22 11:30:00-04:00,5.784999847412109,5.800000190734863,5.769999980926514,5.795000076293945,25918,0.0,0.0
2023-08-22 12:30:00-04:00,5.800000190734863,5.829999923706055,5.795000076293945,5.820000171661377,18449,0.0,0.0
2023-08-22 13:30:00-04:00,5.820000171661377,5.860000133514404,5.809999942779541,5.84499979019165,53432,0.0,0.0
2023-08-22 14:30:00-04:00,5.84499979019165,5.869999885559082,5.835000038146973,5.84499979019165,61462,0.0,0.0
2023-08-22 15:30:00-04:00,5.849999904632568,5.849999904632568,5.789999961853027,5.809999942779541,68689,0.0,0.0
2023-08-23 09:30:00-04:00,5.769999980926514,5.829999923706055,5.710000038146973,5.75,36955,0.0,0.0
2023-08-23 10:30:00-04:00,5.75,5.750699996948242,5.730000019073486,5.739999771118164,29047,0.0,0.0
2023-08-23 11:30:00-04:00,5.739999771118164,5.760000228881836,5.735000133514404,5.744999885559082,33409,0.0,0.0
2023-08-23 12:30:00-04:00,5.75,5.800000190734863,5.75,5.789999961853027,38573,0.0,0.0
2023-08-23 13:30:00-04:00,5.789999961853027,5.809999942779541,5.789999961853027,5.789999961853027,21165,0.0,0.0
2023-08-23 14:30:00-04:00,5.795000076293945,5.795000076293945,5.760000228881836,5.784999847412109,41752,0.0,0.0
2023-08-23 15:30:00-04:00,5.784999847412109,5.800000190734863,5.78000020980835,5.789999961853027,51185,0.0,0.0
2023-08-24 09:30:00-04:00,5.739999771118164,5.875,5.739999771118164,5.835000038146973,58670,0.0,0.0
2023-08-24 10:30:00-04:00,5.829999923706055,5.849999904632568,5.775000095367432,5.775000095367432,28960,0.0,0.0
2023-08-24 11:30:00-04:00,5.78000020980835,5.820000171661377,5.769999980926514,5.775000095367432,41409,0.0,0.0
2023-08-24 12:30:00-04:00,5.78000020980835,5.795000076293945,5.75,5.760000228881836,17670,0.0,0.0
2023-08-24 13:30:00-04:00,5.755000114440918,5.764999866485596,5.730000019073486,5.735000133514404,18316,0.0,0.0
2023-08-24 14:30:00-04:00,5.735000133514404,5.75,5.715000152587891,5.735000133514404,56479,0.0,0.0
2023-08-24 15:30:00-04:00,5.739999771118164,5.75,5.710000038146973,5.710000038146973,68408,0.0,0.0
2023-08-25 09:30:00-04:00,5.730000019073486,5.789999961853027,5.71999979019165,5.724999904632568,35983,0.0,0.0
2023-08-25 10:30:00-04:00,5.71999979019165,5.730000019073486,5.679999828338623,5.710000038146973,29726,0.0,0.0
2023-08-25 11:30:00-04:00,5.715000152587891,5.730000019073486,5.690000057220459,5.724999904632568,24791,0.0,0.0
2023-08-25 12:30:00-04:00,5.71999979019165,5.730000019073486,5.670000076293945,5.679999828338623,27082,0.0,0.0
2023-08-25 13:30:00-04:00,5.670000076293945,5.71999979019165,5.659999847412109,5.71999979019165,44971,0.0,0.0
2023-08-25 14:30:00-04:00,5.71999979019165,5.739999771118164,5.706999778747559,5.739999771118164,70804,0.0,0.0
2023-08-25 15:30:00-04:00,5.735000133514404,5.739999771118164,5.699999809265137,5.71999979019165,60685,0.0,0.0
2023-08-28 09:30:00-04:00,5.699999809265137,5.940000057220459,5.699999809265137,5.920000076293945,68835,0.0,0.0
2023-08-28 10:30:00-04:00,5.929999828338623,6.005000114440918,5.889999866485596,5.909999847412109,36753,0.0,0.0
2023-08-28 11:30:00-04:00,5.909999847412109,5.920000076293945,5.880000114440918,5.900000095367432,40342,0.0,0.0
2023-08-28 12:30:00-04:00,5.900000095367432,5.914999961853027,5.889999866485596,5.909999847412109,33154,0.0,0.0
2023-08-28 13:30:00-04:00,5.90500020980835,5.929999828338623,5.880000114440918,5.885000228881836,27056,0.0,0.0
2023-08-28 14:30:00-04:00,5.889999866485596,5.909900188446045,5.849999904632568,5.875,53421,0.0,0.0
2023-08-28 15:30:00-04:00,5.875,5.889999866485596,5.849999904632568,5.869999885559082,80047,0.0,0.0
2023-08-29 09:30:00-04:00,5.829999923706055,5.960000038146973,5.820000171661377,5.949999809265137,39453,0.0,0.0
2023-08-29 10:30:00-04:00,5.949999809265137,5.96999979019165,5.909999847412109,5.929999828338623,50454,0.0,0.0
2023-08-29 11:30:00-04:00,5.940000057220459,5.953100204467773,5.929999828338623,5.945000171661377,29402,0.0,0.0
2023-08-29 12:30:00-04:00,5.949999809265137,5.980000019073486,5.940000057220459,5.960000038146973,46805,0.0,0.0
2023-08-29 13:30:00-04:00,5.96999979019165,5.96999979019165,5.929999828338623,5.929999828338623,34087,0.0,0.0
2023-08-29 14:30:00-04:00,5.929999828338623,5.940000057220459,5.90500020980835,5.925000190734863,58981,0.0,0.0
2023-08-29 15:30:00-04:00,5.925000190734863,5.929999828338623,5.800000190734863,5.929999828338623,210757,0.0,0.0
2023-08-30 09:30:00-04:00,5.909999847412109,5.949999809265137,5.809999942779541,5.869999885559082,37837,0.0,0.0
2023-08-30 10:30:00-04:00,5.869999885559082,5.894999980926514,5.829999923706055,5.849999904632568,32731,0.0,0.0
2023-08-30 11:30:00-04:00,5.849999904632568,5.869999885559082,5.809999942779541,5.869999885559082,43454,0.0,0.0
2023-08-30 12:30:00-04:00,5.869999885559082,5.889999866485596,5.840000152587891,5.880000114440918,36547,0.0,0.0
2023-08-30 13:30:00-04:00,5.880000114440918,5.900000095367432,5.869999885559082,5.875,30937,0.0,0.0
2023-08-30 14:30:00-04:00,5.869999885559082,5.909999847412109,5.860000133514404,5.869999885559082,61023,0.0,0.0
2023-08-30 15:30:00-04:00,5.860000133514404,5.869999885559082,5.849999904632568,5.869999885559082,96170,0.0,0.0
2023-08-31 09:30:00-04:00,5.860000133514404,5.909999847412109,5.820000171661377,5.824999809265137,31811,0.0,0.0
2023-08-31 10:30:00-04:00,5.829999923706055,5.860000133514404,5.809999942779541,5.829999923706055,53339,0.0,0.0
2023-08-31 11:30:00-04:00,5.820000171661377,5.840000152587891,5.809999942779541,5.820000171661377,63577,0.0,0.0
2023-08-31 12:30:00-04:00,5.824999809265137,5.849999904632568,5.809999942779541,5.840000152587891,44119,0.0,0.0
2023-08-31 13:30:00-04:00,5.840000152587891,5.84499979019165,5.829999923706055,5.829999923706055,30024,0.0,0.0
2023-08-31 14:30:00-04:00,5.835000038146973,5.840000152587891,5.800000190734863,5.824999809265137,114188,0.0,0.0
2023-08-31 15:30:00-04:00,5.824999809265137,5.835000038146973,5.820000171661377,5.829999923706055,93847,0.0,0.0
2023-09-01 09:30:00-04:00,5.880000114440918,5.960999965667725,5.880000114440918,5.949999809265137,106124,0.0,0.0
2023-09-01 10:30:00-04:00,5.940000057220459,5.940999984741211,5.909999847412109,5.939499855041504,72108,0.0,0.0
2023-09-01 11:30:00-04:00,5.929999828338623,5.954999923706055,5.909999847412109,5.940000057220459,53458,0.0,0.0
2023-09-01 12:30:00-04:00,5.940000057220459,5.949999809265137,5.869999885559082,5.869999885559082,97839,0.0,0.0
2023-09-01 13:30:00-04:00,5.869999885559082,5.925000190734863,5.869999885559082,5.880000114440918,47852,0.0,0.0
2023-09-01 14:30:00-04:00,5.880000114440918,5.894999980926514,5.849999904632568,5.849999904632568,51062,0.0,0.0
2023-09-01 15:30:00-04:00,5.849999904632568,5.860000133514404,5.829999923706055,5.840000152587891,66965,0.0,0.0
2023-09-05 09:30:00-04:00,5.53000020980835,5.550000190734863,5.105000019073486,5.534999847412109,1239423,0.0,0.0
2023-09-05 10:30:00-04:00,5.53000020980835,5.590000152587891,5.510000228881836,5.545000076293945,723171,0.0,0.0
2023-09-05 11:30:00-04:00,5.545000076293945,5.579999923706055,5.53000020980835,5.545000076293945,369776,0.0,0.0
2023-09-05 12:30:00-04:00,5.545000076293945,5.550000190734863,5.349999904632568,5.364999771118164,249139,0.0,0.0
2023-09-05 13:30:00-04:00,5.360000133514404,5.429999828338623,5.329999923706055,5.34499979019165,242671,0.0,0.0
2023-09-05 14:30:00-04:00,5.340000152587891,5.409999847412109,5.25,5.389999866485596,442841,0.0,0.0
2023-09-05 15:30:00-04:00,5.385000228881836,5.449999809265137,5.380000114440918,5.440000057220459,353120,0.0,0.0
2023-09-06 09:30:00-04:00,5.409999847412109,5.46999979019165,5.356599807739258,5.375,271269,0.0,0.0
2023-09-06 10:30:00-04:00,5.369999885559082,5.400000095367432,5.300000190734863,5.34499979019165,212108,0.0,0.0
2023-09-06 11:30:00-04:00,5.34499979019165,5.389999866485596,5.329999923706055,5.340000152587891,126775,0.0,0.0
2023-09-06 12:30:00-04:00,5.335000038146973,5.429999828338623,5.329999923706055,5.421299934387207,192155,0.0,0.0
2023-09-06 13:30:00-04:00,5.425000190734863,5.425000190734863,5.34499979019165,5.375,166505,0.0,0.0
2023-09-06 14:30:00-04:00,5.375,5.429999828338623,5.369999885559082,5.414999961853027,149261,0.0,0.0
2023-09-06 15:30:00-04:00,5.414999961853027,5.420000076293945,5.389999866485596,5.389999866485596,242858,0.0,0.0
2023-09-07 09:30:00-04:00,5.340000152587891,5.355000019073486,5.204999923706055,5.28000020980835,264243,0.0,0.0
2023-09-07 10:30:00-04:00,5.275000095367432,5.324999809265137,5.260000228881836,5.324999809265137,199198,0.0,0.0
2023-09-07 11:30:00-04:00,5.324999809265137,5.400000095367432,5.315000057220459,5.380000114440918,180095,0.0,0.0
2023-09-07 12:30:00-04:00,5.380000114440918,5.420000076293945,5.360000133514404,5.389999866485596,177464,0.0,0.0
2023-09-07 13:30:00-04:00,5.394999980926514,5.420000076293945,5.360000133514404,5.409999847412109,145918,0.0,0.0
2023-09-07 14:30:00-04:00,5.414999961853027,5.489999771118164,5.409999847412109,5.485000133514404,202576,0.0,0.0
2023-09-07 15:30:00-04:00,5.485000133514404,5.5,5.449999809265137,5.449999809265137,286712,0.0,0.0
2023-09-08 09:30:00-04:00,5.449999809265137,5.494999885559082,5.340000152587891,5.389999866485596,174907,0.0,0.0
2023-09-08 10:30:00-04:00,5.394999980926514,5.429999828338623,5.329999923706055,5.410999774932861,143984,0.0,0.0
2023-09-08 11:30:00-04:00,5.409999847412109,5.429999828338623,5.369999885559082,5.409999847412109,112321,0.0,0.0
2023-09-08 12:30:00-04:00,5.414999961853027,5.489999771118164,5.400000095367432,5.485000133514404,111792,0.0,0.0
2023-09-08 13:30:00-04:00,5.4899001121521,5.545000076293945,5.485000133514404,5.5,134771,0.0,0.0
2023-09-08 14:30:00-04:00,5.505000114440918,5.539999961853027,5.5,5.510000228881836,149180,0.0,0.0
2023-09-08 15:30:00-04:00,5.517499923706055,5.519999980926514,5.46999979019165,5.472499847412109,237411,0.0,0.0
2023-09-11 09:30:00-04:00,5.489999771118164,5.519999980926514,5.409999847412109,5.485000133514404,205157,0.0,0.0
2023-09-11 10:30:00-04:00,5.480000019073486,5.559999942779541,5.480000019073486,5.53000020980835,157331,0.0,0.0
2023-09-11 11:30:00-04:00,5.534999847412109,5.574999809265137,5.525000095367432,5.559999942779541,117330,0.0,0.0
2023-09-11 12:30:00-04:00,5.565000057220459,5.567500114440918,5.5,5.505000114440918,136625,0.0,0.0
2023-09-11 13:30:00-04:00,5.505000114440918,5.525000095367432,5.480000019073486,5.489999771118164,119412,0.0,0.0
2023-09-11 14:30:00-04:00,5.494999885559082,5.5,5.480000019073486,5.480000019073486,140536,0.0,0.0
2023-09-11 15:30:00-04:00,5.480000019073486,5.480000019073486,5.449999809265137,5.465000152587891,233114,0.0,0.0
2023-09-12 09:30:00-04:00,5.409999847412109,5.510000228881836,5.400000095367432,5.449999809265137,190729,0.0,0.0
2023-09-12 10:30:00-04:00,5.454999923706055,5.510000228881836,5.429999828338623,5.505000114440918,170364,0.0,0.0
2023-09-12 11:30:00-04:00,5.5,5.53000020980835,5.489999771118164,5.519999980926514,142302,0.0,0.0
2023-09-12 12:30:00-04:00,5.519999980926514,5.53000020980835,5.480000019073486,5.514999866485596,135163,0.0,0.0
2023-09-12 13:30:00-04:00,5.514999866485596,5.519999980926514,5.489999771118164,5.505000114440918,117171,0.0,0.0
2023-09-12 14:30:00-04:00,5.5,5.507500171661377,5.485000133514404,5.5,199543,0.0,0.0
2023-09-12 15:30:00-04:00,5.5,5.5,5.460000038146973,5.5,207241,0.0,0.0
2023-09-13 09:30:00-04:00,5.5,5.579999923706055,5.429999828338623,5.579999923706055,171221,0.0,0.0
2023-09-13 10:30:00-04:00,5.579999923706055,5.630000114440918,5.539999961853027,5.545000076293945,172514,0.0,0.0
2023-09-13 11:30:00-04:00,5.539999961853027,5.590000152587891,5.519999980926514,5.585000038146973,121192,0.0,0.0
2023-09-13 12:30:00-04:00,5.585000038146973,5.590000152587891,5.489999771118164,5.489999771118164,133723,0.0,0.0
2023-09-13 13:30:00-04:00,5.489999771118164,5.510000228881836,5.480000019073486,5.494999885559082,117064,0.0,0.0
2023-09-13 14:30:00-04:00,5.494999885559082,5.5,5.449999809265137,5.460000038146973,210287,0.0,0.0
2023-09-13 15:30:00-04:00,5.460000038146973,5.46999979019165,5.440000057220459,5.465000152587891,272539,0.0,0.0
2023-09-14 09:30:00-04:00,5.46999979019165,5.559999942779541,5.46999979019165,5.514999866485596,275258,0.0,0.0
2023-09-14 10:30:00-04:00,5.510000228881836,5.510000228881836,5.420000076293945,5.454999923706055,180108,0.0,0.0
2023-09-14 11:30:00-04:00,5.454999923706055,5.619999885559082,5.449999809265137,5.574999809265137,184862,0.0,0.0
2023-09-14 12:30:00-04:00,5.574999809265137,5.590000152587891,5.539999961853027,5.539999961853027,129863,0.0,0.0
2023-09-14 13:30:00-04:00,5.539999961853027,5.59499979019165,5.510000228881836,5.570000171661377,197819,0.0,0.0
2023-09-14 14:30:00-04:00,5.574999809265137,5.579999923706055,5.539999961853027,5.539999961853027,176180,0.0,0.0
2023-09-14 15:30:00-04:00,5.539999961853027,5.559999942779541,5.53000020980835,5.550000190734863,316551,0.0,0.0
2023-09-15 09:30:00-04:00,5.329999923706055,5.53000020980835,5.329999923706055,5.400000095367432,456998,0.0,0.0
2023-09-15 10:30:00-04:00,5.400000095367432,5.414999961853027,5.329999923706055,5.348999977111816,239148,0.0,0.0
2023-09-15 11:30:00-04:00,5.34499979019165,5.389999866485596,5.329999923706055,5.34499979019165,167201,0.0,0.0
2023-09-15 12:30:00-04:00,5.349999904632568,5.400000095367432,5.340000152587891,5.369999885559082,205810,0.0,0.0
2023-09-15 13:30:00-04:00,5.375,5.5,5.360000133514404,5.480000019073486,299848,0.0,0.0
2023-09-15 14:30:00-04:00,5.480000019073486,5.519999980926514,5.460000038146973,5.505000114440918,408084,0.0,0.0
2023-09-15 15:30:00-04:00,5.5,5.510000228881836,5.429999828338623,5.460000038146973,1476671,0.0,0.0
2023-09-18 09:30:00-04:00,5.5,5.619999885559082,5.460000038146973,5.554999828338623,302871,0.0,0.0
2023-09-18 10:30:00-04:00,5.554999828338623,5.579999923706055,5.489999771118164,5.519999980926514,188662,0.0,0.0
2023-09-18 11:30:00-04:00,5.525000095367432,5.539999961853027,5.494999885559082,5.505000114440918,150321,0.0,0.0
2023-09-18 12:30:00-04:00,5.5,5.510000228881836,5.489999771118164,5.505000114440918,98256,0.0,0.0
2023-09-18 13:30:00-04:00,5.5,5.514999866485596,5.454999923706055,5.454999923706055,194938,0.0,0.0
2023-09-18 14:30:00-04:00,5.454999923706055,5.454999923706055,5.380000114440918,5.40500020980835,404383,0.0,0.0
2023-09-18 15:30:00-04:00,5.409999847412109,5.434999942779541,5.400000095367432,5.409999847412109,268872,0.0,0.0
2023-09-19 09:30:00-04:00,5.409999847412109,5.480000019073486,5.394999980926514,5.394999980926514,116271,0.0,0.0
2023-09-19 10:30:00-04:00,5.394999980926514,5.400000095367432,5.349999904632568,5.355000019073486,94477,0.0,0.0
2023-09-19 11:30:00-04:00,5.360000133514404,5.380000114440918,5.309999942779541,5.375,116234,0.0,0.0
2023-09-19 12:30:00-04:00,5.375,5.389999866485596,5.349999904632568,5.389999866485596,88139,0.0,0.0
2023-09-19 13:30:00-04:00,5.389999866485596,5.389999866485596,5.369999885559082,5.375,78474,0.0,0.0
2023-09-19 14:30:00-04:00,5.369999885559082,5.429999828338623,5.369999885559082,5.429999828338623,125400,0.0,0.0
2023-09-19 15:30:00-04:00,5.429999828338623,5.440000057220459,5.425899982452393,5.434999942779541,135301,0.0,0.0
2023-09-20 09:30:00-04:00,5.460000038146973,5.565000057220459,5.429999828338623,5.53000020980835,92426,0.0,0.0
2023-09-20 10:30:00-04:00,5.534999847412109,5.539999961853027,5.510000228881836,5.510000228881836,59413,0.0,0.0
2023-09-20 11:30:00-04:00,5.510000228881836,5.539999961853027,5.494999885559082,5.514999866485596,95564,0.0,0.0
2023-09-20 12:30:00-04:00,5.519999980926514,5.539999961853027,5.489999771118164,5.519999980926514,112248,0.0,0.0
2023-09-20 13:30:00-04:00,5.519999980926514,5.559999942779541,5.510000228881836,5.534999847412109,128376,0.0,0.0
2023-09-20 14:30:00-04:00,5.534999847412109,5.559999942779541,5.489999771118164,5.489999771118164,153275,0.0,0.0
2023-09-20 15:30:00-04:00,5.489999771118164,5.494999885559082,5.440000057220459,5.480000019073486,442397,0.0,0.0
2023-09-21 09:30:00-04:00,5.400000095367432,5.460000038146973,5.360000133514404,5.409999847412109,246823,0.0,0.0
2023-09-21 10:30:00-04:00,5.409999847412109,5.414999961853027,5.375,5.385000228881836,178584,0.0,0.0
2023-09-21 11:30:00-04:00,5.380000114440918,5.409999847412109,5.369999885559082,5.375,69838,0.0,0.0
2023-09-21 12:30:00-04:00,5.375899791717529,5.376500129699707,5.289999961853027,5.349999904632568,319905,0.0,0.0
2023-09-21 13:30:00-04:00,5.349999904632568,5.360000133514404,5.309999942779541,5.317999839782715,78380,0.0,0.0
2023-09-21 14:30:00-04:00,5.309999942779541,5.340000152587891,5.309999942779541,5.315000057220459,109827,0.0,0.0
2023-09-21 15:30:00-04:00,5.309999942779541,5.360000133514404,5.309999942779541,5.329999923706055,345072,0.0,0.0
2023-09-22 09:30:00-04:00,5.340000152587891,5.369999885559082,5.25,5.329999923706055,101175,0.0,0.0
2023-09-22 10:30:00-04:00,5.335000038146973,5.360000133514404,5.329999923706055,5.349400043487549,61759,0.0,0.0
2023-09-22 11:30:00-04:00,5.34499979019165,5.369999885559082,5.320000171661377,5.355000019073486,57472,0.0,0.0
2023-09-22 12:30:00-04:00,5.355000019073486,5.394999980926514,5.349999904632568,5.355000019073486,46428,0.0,0.0
2023-09-22 13:30:00-04:00,5.360000133514404,5.364999771118164,5.324999809265137,5.335000038146973,67584,0.0,0.0
2023-09-22 14:30:00-04:00,5.335000038146973,5.389999866485596,5.329999923706055,5.389999866485596,83230,0.0,0.0
2023-09-22 15:30:00-04:00,5.385000228881836,5.385000228881836,5.320000171661377,5.34499979019165,189475,0.0,0.0
2023-09-25 09:30:00-04:00,5.300000190734863,5.360000133514404,5.269999980926514,5.310100078582764,71477,0.0,0.0
2023-09-25 10:30:00-04:00,5.315000057220459,5.349999904632568,5.269999980926514,5.304999828338623,88871,0.0,0.0
2023-09-25 11:30:00-04:00,5.304999828338623,5.320000171661377,5.28000020980835,5.300000190734863,60702,0.0,0.0
2023-09-25 12:30:00-04:00,5.304999828338623,5.335000038146973,5.264999866485596,5.269999980926514,74553,0.0,0.0
2023-09-25 13:30:00-04:00,5.269999980926514,5.295000076293945,5.255000114440918,5.284999847412109,95256,0.0,0.0
2023-09-25 14:30:00-04:00,5.281499862670898,5.295000076293945,5.254000186920166,5.260000228881836,95680,0.0,0.0
2023-09-25 15:30:00-04:00,5.264999866485596,5.304999828338623,5.260000228881836,5.300000190734863,136217,0.0,0.0
2023-09-26 09:30:00-04:00,5.25,5.320000171661377,5.244999885559082,5.275000095367432,90845,0.0,0.0
2023-09-26 10:30:00-04:00,5.269999980926514,5.300000190734863,5.25,5.25,62127,0.0,0.0
2023-09-26 11:30:00-04:00,5.25,5.289999961853027,5.230000019073486,5.275000095367432,107646,0.0,0.0
2023-09-26 12:30:00-04:00,5.269999980926514,5.28000020980835,5.210000038146973,5.244999885559082,100400,0.0,0.0
2023-09-26 13:30:00-04:00,5.239999771118164,5.239999771118164,5.195000171661377,5.199999809265137,66688,0.0,0.0
2023-09-26 14:30:00-04:00,5.204999923706055,5.239099979400635,5.199999809265137,5.215000152587891,136976,0.0,0.0
2023-09-26 15:30:00-04:00,5.210000038146973,5.21999979019165,5.190000057220459,5.199999809265137,256115,0.0,0.0
2023-09-27 09:30:00-04:00,5.269999980926514,5.309999942779541,5.210000038146973,5.260000228881836,114753,0.0,0.0
2023-09-27 10:30:00-04:00,5.260000228881836,5.269999980926514,5.21999979019165,5.255000114440918,68847,0.0,0.0
2023-09-27 11:30:00-04:00,5.255000114440918,5.269999980926514,5.199999809265137,5.21999979019165,151000,0.0,0.0
2023-09-27 12:30:00-04:00,5.21999979019165,5.235000133514404,5.170000076293945,5.170000076293945,43419,0.0,0.0
2023-09-27 13:30:00-04:00,5.170000076293945,5.239999771118164,5.170000076293945,5.239999771118164,60939,0.0,0.0
2023-09-27 14:30:00-04:00,5.239999771118164,5.300000190734863,5.239999771118164,5.295000076293945,77255,0.0,0.0
2023-09-27 15:30:00-04:00,5.295000076293945,5.295000076293945,5.25,5.269999980926514,128150,0.0,0.0
2023-09-28 09:30:00-04:00,5.170000076293945,5.269999980926514,5.159999847412109,5.159999847412109,138748,0.0,0.0
2023-09-28 10:30:00-04:00,5.159999847412109,5.235000133514404,5.15500020980835,5.227499961853027,66946,0.0,0.0
2023-09-28 11:30:00-04:00,5.230000019073486,5.284999847412109,5.230000019073486,5.284999847412109,50584,0.0,0.0
2023-09-28 12:30:00-04:00,5.28000020980835,5.28000020980835,5.230000019073486,5.235000133514404,66363,0.0,0.0
2023-09-28 13:30:00-04:00,5.230000019073486,5.260000228881836,5.210000038146973,5.244999885559082,49589,0.0,0.0
2023-09-28 14:30:00-04:00,5.239999771118164,5.260000228881836,5.21999979019165,5.255000114440918,79806,0.0,0.0
2023-09-28 15:30:00-04:00,5.25,5.255000114440918,5.199999809265137,5.210000038146973,94062,0.0,0.0
2023-09-29 09:30:00-04:00,5.269999980926514,5.320000171661377,5.25,5.260000228881836,98804,0.0,0.0
2023-09-29 10:30:00-04:00,5.260000228881836,5.275000095367432,5.215000152587891,5.215000152587891,70805,0.0,0.0
2023-09-29 11:30:00-04:00,5.210000038146973,5.215000152587891,5.179999828338623,5.199999809265137,115807,0.0,0.0
2023-09-29 12:30:00-04:00,5.199999809265137,5.204999923706055,5.15500020980835,5.195000171661377,150823,0.0,0.0
2023-09-29 13:30:00-04:00,5.190000057220459,5.204999923706055,5.170000076293945,5.195000171661377,55072,0.0,0.0
2023-09-29 14:30:00-04:00,5.190000057220459,5.21999979019165,5.184999942779541,5.204999923706055,108267,0.0,0.0
2023-09-29 15:30:00-04:00,5.199999809265137,5.230000019073486,5.190000057220459,5.21999979019165,165252,0.0,0.0
2023-10-02 09:30:00-04:00,5.170000076293945,5.21999979019165,5.074999809265137,5.074999809265137,76260,0.0,0.0
2023-10-02 10:30:00-04:00,5.079999923706055,5.090000152587891,5.010000228881836,5.077300071716309,126678,0.0,0.0
2023-10-02 11:30:00-04:00,5.079999923706055,5.090000152587891,5.010000228881836,5.019999980926514,79357,0.0,0.0
2023-10-02 12:30:00-04:00,5.014999866485596,5.025000095367432,5.0,5.010000228881836,58204,0.0,0.0
2023-10-02 13:30:00-04:00,5.005000114440918,5.005000114440918,4.920000076293945,4.925000190734863,162010,0.0,0.0
2023-10-02 14:30:00-04:00,4.929200172424316,4.934999942779541,4.869999885559082,4.889999866485596,195450,0.0,0.0
2023-10-02 15:30:00-04:00,4.885000228881836,4.894999980926514,4.860000133514404,4.869999885559082,212216,0.0,0.0
2023-10-03 09:30:00-04:00,4.820000171661377,4.849999904632568,4.619999885559082,4.619999885559082,197494,0.0,0.0
2023-10-03 10:30:00-04:00,4.625,4.630000114440918,4.550000190734863,4.559999942779541,158586,0.0,0.0
2023-10-03 11:30:00-04:00,4.559999942779541,4.590000152587891,4.519999980926514,4.539999961853027,134621,0.0,0.0
2023-10-03 12:30:00-04:00,4.539999961853027,4.545000076293945,4.449999809265137,4.46999979019165,150603,0.0,0.0
2023-10-03 13:30:00-04:00,4.46999979019165,4.474999904632568,4.409999847412109,4.445000171661377,194186,0.0,0.0
2023-10-03 14:30:00-04:00,4.445000171661377,4.485000133514404,4.420000076293945,4.480000019073486,147355,0.0,0.0
2023-10-03 15:30:00-04:00,4.480000019073486,4.53000020980835,4.465000152587891,4.53000020980835,200795,0.0,0.0
2023-10-04 09:30:00-04:00,4.53000020980835,4.610000133514404,4.489999771118164,4.489999771118164,127094,0.0,0.0
2023-10-04 10:30:00-04:00,4.494999885559082,4.605000019073486,4.480000019073486,4.605000019073486,145150,0.0,0.0
2023-10-04 11:30:00-04:00,4.599999904632568,4.670000076293945,4.590000152587891,4.619999885559082,168128,0.0,0.0
2023-10-04 12:30:00-04:00,4.625,4.644999980926514,4.605000019073486,4.610000133514404,82414,0.0,0.0
2023-10-04 13:30:00-04:00,4.599999904632568,4.650000095367432,4.599999904632568,4.639999866485596,98443,0.0,0.0
2023-10-04 14:30:00-04:00,4.630000114440918,4.690000057220459,4.630000114440918,4.664999961853027,91159,0.0,0.0
2023-10-04 15:30:00-04:00,4.659999847412109,4.690000057220459,4.650000095367432,4.690000057220459,176026,0.0,0.0
2023-10-05 09:30:00-04:00,4.670000076293945,4.755000114440918,4.650000095367432,4.690000057220459,71679,0.0,0.0
2023-10-05 10:30:00-04:00,4.679999828338623,4.684999942779541,4.635000228881836,4.664999961853027,41928,0.0,0.0
2023-10-05 11:30:00-04:00,4.6682000160217285,4.697500228881836,4.659999847412109,4.695000171661377,44455,0.0,0.0
2023-10-05 12:30:00-04:00,4.699999809265137,4.707499980926514,4.670000076293945,4.690000057220459,53744,0.0,0.0
2023-10-05 13:30:00-04:00,4.690000057220459,4.78000020980835,4.690000057220459,4.775000095367432,60740,0.0,0.0
2023-10-05 14:30:00-04:00,4.78000020980835,4.800000190734863,4.75,4.75,87069,0.0,0.0
2023-10-05 15:30:00-04:00,4.755000114440918,4.784999847412109,4.75,4.775000095367432,203719,0.0,0.0
2023-10-06 09:30:00-04:00,4.730000019073486,4.769999980926514,4.650000095367432,4.715000152587891,215168,0.0,0.0
2023-10-06 10:30:00-04:00,4.71999979019165,4.795000076293945,4.699999809265137,4.789999961853027,0,0.0,0.0
2023-10-06 11:30:00-04:00,4.800000190734863,4.849999904632568,4.79010009765625,4.815199851989746,335577,0.0,0.0
2023-10-06 12:30:00-04:00,4.815000057220459,4.820000171661377,4.78000020980835,4.815000057220459,47066,0.0,0.0
2023-10-06 13:30:00-04:00,4.820000171661377,4.849999904632568,4.815000057220459,4.84499979019165,29027,0.0,0.0
2023-10-06 14:30:00-04:00,4.84499979019165,4.864999771118164,4.820000171661377,4.835000038146973,70267,0.0,0.0
2023-10-06 15:30:00-04:00,4.835000038146973,4.840000152587891,4.820000171661377,4.840000152587891,64486,0.0,0.0
2023-10-09 09:30:00-04:00,4.78000020980835,4.909999847412109,4.78000020980835,4.909999847412109,86636,0.0,0.0
2023-10-09 10:30:00-04:00,4.909999847412109,4.960000038146973,4.869999885559082,4.960000038146973,77009,0.0,0.0
2023-10-09 11:30:00-04:00,4.96999979019165,4.96999979019165,4.920000076293945,4.940000057220459,30267,0.0,0.0
2023-10-09 12:30:00-04:00,4.940000057220459,4.980000019073486,4.934999942779541,4.96999979019165,47942,0.0,0.0
2023-10-09 13:30:00-04:00,4.974999904632568,5.019999980926514,4.96999979019165,5.014999866485596,34568,0.0,0.0
2023-10-09 14:30:00-04:00,5.014999866485596,5.014999866485596,4.96999979019165,4.980000019073486,55920,0.0,0.0
2023-10-09 15:30:00-04:00,4.985000133514404,4.9878997802734375,4.960000038146973,4.962500095367432,62732,0.0,0.0
2023-10-10 09:30:00-04:00,4.940000057220459,5.045000076293945,4.940000057220459,5.045000076293945,37720,0.0,0.0
2023-10-10 10:30:00-04:00,5.039999961853027,5.079999923706055,5.019999980926514,5.039999961853027,64450,0.0,0.0
2023-10-10 11:30:00-04:00,5.034999847412109,5.070000171661377,5.019999980926514,5.03000020980835,48454,0.0,0.0
2023-10-10 12:30:00-04:00,5.034999847412109,5.039999961853027,5.010000228881836,5.034999847412109,32687,0.0,0.0
2023-10-10 13:30:00-04:00,5.034999847412109,5.050000190734863,5.010000228881836,5.025000095367432,38335,0.0,0.0
2023-10-10 14:30:00-04:00,5.025000095367432,5.026299953460693,4.980000019073486,4.980000019073486,50057,0.0,0.0
2023-10-10 15:30:00-04:00,4.980000019073486,4.989999771118164,4.96999979019165,4.980000019073486,88604,0.0,0.0
2023-10-11 09:30:00-04:00,4.980000019073486,5.114999771118164,4.960000038146973,5.070000171661377,50039,0.0,0.0
2023-10-11 10:30:00-04:00,5.059999942779541,5.110000133514404,5.050000190734863,5.085000038146973,40031,0.0,0.0
2023-10-11 11:30:00-04:00,5.085000038146973,5.099999904632568,5.079999923706055,5.099999904632568,20303,0.0,0.0
2023-10-11 12:30:00-04:00,5.09499979019165,5.130000114440918,5.090000152587891,5.130000114440918,36218,0.0,0.0
2023-10-11 13:30:00-04:00,5.135000228881836,5.170000076293945,5.130000114440918,5.170000076293945,25208,0.0,0.0
2023-10-11 14:30:00-04:00,5.159999847412109,5.190000057220459,5.152500152587891,5.184999942779541,42339,0.0,0.0
2023-10-11 15:30:00-04:00,5.185999870300293,5.190000057220459,5.159999847412109,5.164999961853027,80657,0.0,0.0
2023-10-12 09:30:00-04:00,5.139999866485596,5.179999828338623,5.085000038146973,5.150000095367432,71080,0.0,0.0
2023-10-12 10:30:00-04:00,5.159999847412109,5.170000076293945,5.119999885559082,5.135000228881836,28658,0.0,0.0
2023-10-12 11:30:00-04:00,5.135000228881836,5.199999809265137,5.110000133514404,5.179999828338623,42531,0.0,0.0
2023-10-12 12:30:00-04:00,5.179999828338623,5.179999828338623,5.059999942779541,5.059999942779541,51230,0.0,0.0
2023-10-12 13:30:00-04:00,5.059999942779541,5.070000171661377,5.0,5.010000228881836,126647,0.0,0.0
2023-10-12 14:30:00-04:00,5.010000228881836,5.034999847412109,4.989999771118164,5.014999866485596,95471,0.0,0.0
2023-10-12 15:30:00-04:00,5.019999980926514,5.034999847412109,5.010000228881836,5.019999980926514,84158,0.0,0.0
2023-10-13 09:30:00-04:00,5.070000171661377,5.090000152587891,4.949999809265137,4.954999923706055,39591,0.0,0.0
2023-10-13 10:30:00-04:00,4.960000038146973,4.980000019073486,4.920000076293945,4.929999828338623,28704,0.0,0.0
2023-10-13 11:30:00-04:00,4.926400184631348,4.929999828338623,4.885000228881836,4.920000076293945,48488,0.0,0.0
2023-10-13 12:30:00-04:00,4.914999961853027,4.920000076293945,4.864999771118164,4.869999885559082,45558,0.0,0.0
2023-10-13 13:30:00-04:00,4.869999885559082,4.889999866485596,4.860000133514404,4.875,38469,0.0,0.0
2023-10-13 14:30:00-04:00,4.875,4.880000114440918,4.829999923706055,4.829999923706055,38962,0.0,0.0
2023-10-13 15:30:00-04:00,4.829999923706055,4.869999885559082,4.829999923706055,4.860000133514404,62633,0.0,0.0
2023-10-16 09:30:00-04:00,4.929999828338623,5.025000095367432,4.900000095367432,4.965000152587891,93098,0.0,0.0
2023-10-16 10:30:00-04:00,4.96999979019165,5.0,4.961299896240234,4.974999904632568,61119,0.0,0.0
2023-10-16 11:30:00-04:00,4.974999904632568,5.039999961853027,4.965000152587891,5.025000095367432,64337,0.0,0.0
2023-10-16 12:30:00-04:00,5.025000095367432,5.050000190734863,5.020100116729736,5.050000190734863,62083,0.0,0.0
2023-10-16 13:30:00-04:00,5.039999961853027,5.059999942779541,5.039999961853027,5.045000076293945,42595,0.0,0.0
2023-10-16 14:30:00-04:00,5.039999961853027,5.039999961853027,5.019999980926514,5.034999847412109,66867,0.0,0.0
2023-10-16 15:30:00-04:00,5.034999847412109,5.039999961853027,5.010000228881836,5.019999980926514,88764,0.0,0.0
2023-10-17 09:30:00-04:00,4.960000038146973,5.090000152587891,4.960000038146973,5.054999828338623,68316,0.0,0.0
2023-10-17 10:30:00-04:00,5.050000190734863,5.119999885559082,5.03000020980835,5.119999885559082,30848,0.0,0.0
2023-10-17 11:30:00-04:00,5.111199855804443,5.159999847412109,5.111199855804443,5.15500020980835,24641,0.0,0.0
2023-10-17 12:30:00-04:00,5.159999847412109,5.190000057220459,5.125,5.15500020980835,47236,0.0,0.0
2023-10-17 13:30:00-04:00,5.150000095367432,5.150000095367432,5.105000019073486,5.105000019073486,46633,0.0,0.0
2023-10-17 14:30:00-04:00,5.105000019073486,5.159999847412109,5.09499979019165,5.15500020980835,46616,0.0,0.0
2023-10-17 15:30:00-04:00,5.15500020980835,5.159999847412109,5.130000114440918,5.139999866485596,68269,0.0,0.0
2023-10-18 09:30:00-04:00,5.039999961853027,5.090000152587891,4.989999771118164,5.0,37064,0.0,0.0
2023-10-18 10:30:00-04:00,5.008800029754639,5.025000095367432,4.90500020980835,4.909999847412109,30591,0.0,0.0
2023-10-18 11:30:00-04:00,4.90749979019165,4.940000057220459,4.885000228881836,4.925000190734863,40832,0.0,0.0
2023-10-18 12:30:00-04:00,4.925000190734863,4.940000057220459,4.900000095367432,4.90500020980835,35561,0.0,0.0
2023-10-18 13:30:00-04:00,4.900000095367432,4.929999828338623,4.869999885559082,4.900000095367432,41772,0.0,0.0
2023-10-18 14:30:00-04:00,4.900000095367432,4.909999847412109,4.860000133514404,4.880000114440918,50478,0.0,0.0
2023-10-18 15:30:00-04:00,4.880000114440918,4.887899875640869,4.840000152587891,4.849999904632568,114228,0.0,0.0
2023-10-19 09:30:00-04:00,4.829999923706055,4.925000190734863,4.815000057220459,4.889999866485596,62024,0.0,0.0
2023-10-19 10:30:00-04:00,4.880000114440918,4.929999828338623,4.860000133514404,4.925000190734863,56937,0.0,0.0
2023-10-19 11:30:00-04:00,4.920000076293945,4.929999828338623,4.889999866485596,4.894999980926514,32290,0.0,0.0
2023-10-19 12:30:00-04:00,4.900000095367432,4.945000171661377,4.864999771118164,4.934999942779541,55953,0.0,0.0
2023-10-19 13:30:00-04:00,4.960000038146973,4.960000038146973,4.880000114440918,4.914999961853027,82169,0.0,0.0
2023-10-19 14:30:00-04:00,4.909999847412109,4.918399810791016,4.829999923706055,4.840000152587891,46275,0.0,0.0
2023-10-19 15:30:00-04:00,4.840000152587891,4.860000133514404,4.820000171661377,4.849999904632568,71473,0.0,0.0
2023-10-20 09:30:00-04:00,4.880000114440918,4.90500020980835,4.809999942779541,4.820000171661377,64847,0.0,0.0
2023-10-20 10:30:00-04:00,4.815000057220459,4.875,4.815000057220459,4.824999809265137,33356,0.0,0.0
2023-10-20 11:30:00-04:00,4.824999809265137,4.835000038146973,4.804999828338623,4.824999809265137,22340,0.0,0.0
2023-10-20 12:30:00-04:00,4.829999923706055,4.840000152587891,4.800000190734863,4.815000057220459,32824,0.0,0.0
2023-10-20 13:30:00-04:00,4.809999942779541,4.820000171661377,4.804999828338623,4.809999942779541,31129,0.0,0.0
2023-10-20 14:30:00-04:00,4.809999942779541,4.820000171661377,4.764999866485596,4.775000095367432,59992,0.0,0.0
2023-10-20 15:30:00-04:00,4.775000095367432,4.78000020980835,4.75,4.759500026702881,74385,0.0,0.0
2023-10-23 09:30:00-04:00,4.71999979019165,4.78000020980835,4.650000095367432,4.75,71344,0.0,0.0
2023-10-23 10:30:00-04:00,4.744999885559082,4.789999961853027,4.724999904632568,4.789999961853027,30823,0.0,0.0
2023-10-23 11:30:00-04:00,4.789999961853027,4.809999942779541,4.739999771118164,4.755000114440918,55316,0.0,0.0
2023-10-23 12:30:00-04:00,4.750999927520752,4.800000190734863,4.75,4.78000020980835,32105,0.0,0.0
2023-10-23 13:30:00-04:00,4.775000095367432,4.809999942779541,4.760000228881836,4.78000020980835,31598,0.0,0.0
2023-10-23 14:30:00-04:00,4.78000020980835,4.800000190734863,4.755000114440918,4.755000114440918,46925,0.0,0.0
2023-10-23 15:30:00-04:00,4.755000114440918,4.789999961853027,4.744999885559082,4.789999961853027,88106,0.0,0.0
2023-10-24 09:30:00-04:00,4.809999942779541,4.909900188446045,4.78000020980835,4.900000095367432,53337,0.0,0.0
2023-10-24 10:30:00-04:00,4.900000095367432,4.925000190734863,4.880000114440918,4.9004998207092285,51943,0.0,0.0
2023-10-24 11:30:00-04:00,4.900000095367432,4.900000095367432,4.820000171661377,4.824999809265137,30313,0.0,0.0
2023-10-24 12:30:00-04:00,4.824999809265137,4.840000152587891,4.804999828338623,4.829999923706055,37418,0.0,0.0
2023-10-24 13:30:00-04:00,4.839900016784668,4.869999885559082,4.829999923706055,4.835000038146973,42604,0.0,0.0
2023-10-24 14:30:00-04:00,4.835000038146973,4.84499979019165,4.789999961853027,4.804999828338623,65963,0.0,0.0
2023-10-24 15:30:00-04:00,4.800000190734863,4.849999904632568,4.800000190734863,4.849999904632568,108262,0.0,0.0
2023-10-25 09:30:00-04:00,4.789999961853027,4.820000171661377,4.699999809265137,4.724999904632568,34700,0.0,0.0
2023-10-25 10:30:00-04:00,4.730000019073486,4.755000114440918,4.71999979019165,4.75,29823,0.0,0.0
2023-10-25 11:30:00-04:00,4.755000114440918,4.755000114440918,4.659999847412109,4.679999828338623,33141,0.0,0.0
2023-10-25 12:30:00-04:00,4.675000190734863,4.684999942779541,4.639999866485596,4.664999961853027,47809,0.0,0.0
2023-10-25 13:30:00-04:00,4.664999961853027,4.690000057220459,4.659999847412109,4.684999942779541,28405,0.0,0.0
2023-10-25 14:30:00-04:00,4.679999828338623,4.679999828338623,4.639999866485596,4.65500020980835,56296,0.0,0.0
2023-10-25 15:30:00-04:00,4.650000095367432,4.670000076293945,4.639999866485596,4.65500020980835,86761,0.0,0.0
2023-10-26 09:30:00-04:00,4.679999828338623,4.75,4.679999828338623,4.71999979019165,53701,0.0,0.0
2023-10-26 10:30:00-04:00,4.710000038146973,4.769999980926514,4.695000171661377,4.715000152587891,36302,0.0,0.0
2023-10-26 11:30:00-04:00,4.710000038146973,4.735000133514404,4.65500020980835,4.65500020980835,40884,0.0,0.0
2023-10-26 12:30:00-04:00,4.65500020980835,4.65500020980835,4.630000114440918,4.630000114440918,24884,0.0,0.0
2023-10-26 13:30:00-04:00,4.625,4.65500020980835,4.625,4.635000228881836,32623,0.0,0.0
2023-10-26 14:30:00-04:00,4.639999866485596,4.699999809265137,4.639999866485596,4.65500020980835,81051,0.0,0.0
2023-10-26 15:30:00-04:00,4.650000095367432,4.659999847412109,4.639999866485596,4.650000095367432,55079,0.0,0.0
2023-10-27 09:30:00-04:00,4.650000095367432,4.679999828338623,4.619999885559082,4.650000095367432,36237,0.0,0.0
2023-10-27 10:30:00-04:00,4.639999866485596,4.684999942779541,4.614999771118164,4.675000190734863,28673,0.0,0.0
2023-10-27 11:30:00-04:00,4.670000076293945,4.679999828338623,4.639999866485596,4.644999980926514,24248,0.0,0.0
2023-10-27 12:30:00-04:00,4.644999980926514,4.65500020980835,4.610000133514404,4.614999771118164,34066,0.0,0.0
2023-10-27 13:30:00-04:00,4.610000133514404,4.619999885559082,4.585000038146973,4.605000019073486,37729,0.0,0.0
2023-10-27 14:30:00-04:00,4.605000019073486,4.625,4.59499979019165,4.605000019073486,25775,0.0,0.0
2023-10-27 15:30:00-04:00,4.605000019073486,4.630000114440918,4.605000019073486,4.630000114440918,49165,0.0,0.0
2023-10-30 09:30:00-04:00,4.690000057220459,4.78000020980835,4.659999847412109,4.659999847412109,26369,0.0,0.0
2023-10-30 10:30:00-04:00,4.659999847412109,4.659999847412109,4.585000038146973,4.599999904632568,11804,0.0,0.0
2023-10-30 11:30:00-04:00,4.605000019073486,4.650000095367432,4.605000019073486,4.644999980926514,40712,0.0,0.0
2023-10-30 12:30:00-04:00,4.644999980926514,4.684999942779541,4.630000114440918,4.681000232696533,25787,0.0,0.0
2023-10-30 13:30:00-04:00,4.679999828338623,4.710000038146973,4.659999847412109,4.699999809265137,28052,0.0,0.0
2023-10-30 14:30:00-04:00,4.699999809265137,4.724999904632568,4.695000171661377,4.699999809265137,58930,0.0,0.0
2023-10-30 15:30:00-04:00,4.699999809265137,4.710000038146973,4.690000057220459,4.690000057220459,43696,0.0,0.0
2023-10-31 09:30:00-04:00,4.710000038146973,4.75,4.644999980926514,4.659999847412109,28100,0.0,0.0
2023-10-31 10:30:00-04:00,4.667500019073486,4.764999866485596,4.667500019073486,4.75,28763,0.0,0.0
2023-10-31 11:30:00-04:00,4.744999885559082,4.744999885559082,4.71999979019165,4.739999771118164,29473,0.0,0.0
2023-10-31 12:30:00-04:00,4.739999771118164,4.764999866485596,4.739999771118164,4.744999885559082,19024,0.0,0.0
2023-10-31 13:30:00-04:00,4.744999885559082,4.748000144958496,4.71999979019165,4.71999979019165,15208,0.0,0.0
2023-10-31 14:30:00-04:00,4.725800037384033,4.755000114440918,4.71999979019165,4.744999885559082,16871,0.0,0.0
2023-10-31 15:30:00-04:00,4.739999771118164,4.820000171661377,4.715000152587891,4.78000020980835,224501,0.0,0.0
2023-11-01 09:30:00-04:00,4.800000190734863,4.815000057220459,4.730000019073486,4.804999828338623,44959,0.0,0.0
2023-11-01 10:30:00-04:00,4.804999828338623,4.820000171661377,4.710000038146973,4.715000152587891,46178,0.0,0.0
2023-11-01 11:30:00-04:00,4.719099998474121,4.78000020980835,4.719099998474121,4.764999866485596,44575,0.0,0.0
2023-11-01 12:30:00-04:00,4.769999980926514,4.78000020980835,4.690000057220459,4.704999923706055,19708,0.0,0.0
2023-11-01 13:30:00-04:00,4.699999809265137,4.739999771118164,4.695000171661377,4.724999904632568,20877,0.0,0.0
2023-11-01 14:30:00-04:00,4.724999904632568,4.739999771118164,4.679999828338623,4.735000133514404,52653,0.0,0.0
2023-11-01 15:30:00-04:00,4.7399001121521,4.75,4.724999904632568,4.735000133514404,73707,0.0,0.0
2023-11-02 09:30:00-04:00,4.820000171661377,4.965000152587891,4.760000228881836,4.90500020980835,66212,0.0,0.0
2023-11-02 10:30:00-04:00,4.90500020980835,4.954999923706055,4.90500020980835,4.954999923706055,22712,0.0,0.0
2023-11-02 11:30:00-04:00,4.954999923706055,4.9679999351501465,4.934999942779541,4.954999923706055,15650,0.0,0.0
2023-11-02 12:30:00-04:00,4.960000038146973,4.994999885559082,4.949999809265137,4.980000019073486,26919,0.0,0.0
2023-11-02 13:30:00-04:00,4.974999904632568,5.014999866485596,4.974999904632568,5.014999866485596,19489,0.0,0.0
2023-11-02 14:30:00-04:00,5.014999866485596,5.039999961853027,5.005000114440918,5.03000020980835,23226,0.0,0.0
2023-11-02 15:30:00-04:00,5.039999961853027,5.059999942779541,5.03000020980835,5.050000190734863,73756,0.0,0.0
2023-11-03 09:30:00-04:00,5.179999828338623,5.385000228881836,5.179999828338623,5.335000038146973,61880,0.0,0.0
2023-11-03 10:30:00-04:00,5.340000152587891,5.40500020980835,5.340000152587891,5.394999980926514,47623,0.0,0.0
2023-11-03 11:30:00-04:00,5.400000095367432,5.415200233459473,5.394999980926514,5.409999847412109,16589,0.0,0.0
2023-11-03 12:30:00-04:00,5.40500020980835,5.425000190734863,5.394999980926514,5.409999847412109,37666,0.0,0.0
2023-11-03 13:30:00-04:00,5.420000076293945,5.420000076293945,5.369999885559082,5.400000095367432,27755,0.0,0.0
2023-11-03 14:30:00-04:00,5.400000095367432,5.420000076293945,5.390600204467773,5.390600204467773,52081,0.0,0.0
2023-11-03 15:30:00-04:00,5.389999866485596,5.394999980926514,5.329999923706055,5.329999923706055,99910,0.0,0.0
2023-11-06 09:30:00-05:00,5.320000171661377,5.329999923706055,5.21999979019165,5.230199813842773,38439,0.0,0.0
2023-11-06 10:30:00-05:00,5.239999771118164,5.28000020980835,5.235000133514404,5.25,20459,0.0,0.0
2023-11-06 11:30:00-05:00,5.25,5.269999980926514,5.21999979019165,5.244999885559082,26221,0.0,0.0
2023-11-06 12:30:00-05:00,5.244999885559082,5.289999961853027,5.239999771118164,5.260000228881836,25065,0.0,0.0
2023-11-06 13:30:00-05:00,5.255000114440918,5.284999847412109,5.235000133514404,5.28000020980835,28377,0.0,0.0
2023-11-06 14:30:00-05:00,5.28000020980835,5.300000190734863,5.275000095367432,5.28000020980835,35201,0.0,0.0
2023-11-06 15:30:00-05:00,5.275000095367432,5.289999961853027,5.269999980926514,5.289999961853027,48140,0.0,0.0
2023-11-07 09:30:00-05:00,5.230000019073486,5.25,5.144999980926514,5.210000038146973,32940,0.0,0.0
2023-11-07 10:30:00-05:00,5.209000110626221,5.235000133514404,5.184999942779541,5.184999942779541,21945,0.0,0.0
2023-11-07 11:30:00-05:00,5.184999942779541,5.204999923706055,5.179999828338623,5.179999828338623,22244,0.0,0.0
2023-11-07 12:30:00-05:00,5.179999828338623,5.184999942779541,5.130000114440918,5.164999961853027,28999,0.0,0.0
2023-11-07 13:30:00-05:00,5.164999961853027,5.195000171661377,5.159999847412109,5.159999847412109,27230,0.0,0.0
2023-11-07 14:30:00-05:00,5.159999847412109,5.170000076293945,5.119999885559082,5.119999885559082,35202,0.0,0.0
2023-11-07 15:30:00-05:00,5.119999885559082,5.139999866485596,5.119999885559082,5.125,47858,0.0,0.0
2023-11-08 09:30:00-05:00,5.130000114440918,5.150000095367432,5.065000057220459,5.079999923706055,31186,0.0,0.0
2023-11-08 10:30:00-05:00,5.079999923706055,5.085000038146973,5.014999866485596,5.025000095367432,65770,0.0,0.0
2023-11-08 11:30:00-05:00,5.019999980926514,5.050000190734863,4.974999904632568,4.974999904632568,50325,0.0,0.0
2023-11-08 12:30:00-05:00,4.96999979019165,5.0,4.954999923706055,4.994999885559082,55388,0.0,0.0
2023-11-08 13:30:00-05:00,4.994999885559082,5.019999980926514,4.994999885559082,5.010000228881836,41682,0.0,0.0
2023-11-08 14:30:00-05:00,5.010000228881836,5.019999980926514,4.980000019073486,4.980000019073486,49442,0.0,0.0
2023-11-08 15:30:00-05:00,4.980000019073486,5.059999942779541,4.96999979019165,5.054999828338623,45359,0.0,0.0
2023-11-09 09:30:00-05:00,5.110000133514404,5.119999885559082,5.034999847412109,5.070000171661377,48379,0.0,0.0
2023-11-09 10:30:00-05:00,5.070000171661377,5.090000152587891,5.039999961853027,5.045000076293945,32102,0.0,0.0
2023-11-09 11:30:00-05:00,5.050000190734863,5.085000038146973,5.025000095367432,5.059999942779541,30395,0.0,0.0
2023-11-09 12:30:00-05:00,5.065000057220459,5.079999923706055,5.0,5.000100135803223,30607,0.0,0.0
2023-11-09 13:30:00-05:00,5.005000114440918,5.03000020980835,4.980000019073486,4.985000133514404,50308,0.0,0.0
2023-11-09 14:30:00-05:00,4.989999771118164,5.039999961853027,4.985000133514404,5.025000095367432,44160,0.0,0.0
2023-11-09 15:30:00-05:00,5.025000095367432,5.03000020980835,5.014999866485596,5.025000095367432,47083,0.0,0.0
2023-11-10 09:30:00-05:00,5.039999961853027,5.28000020980835,5.02209997177124,5.110000133514404,171540,0.0,0.0
2023-11-10 10:30:00-05:00,5.105000019073486,5.105000019073486,4.965000152587891,4.989999771118164,91657,0.0,0.0
2023-11-10 11:30:00-05:00,4.989999771118164,5.014999866485596,4.949999809265137,4.960000038146973,59670,0.0,0.0
2023-11-10 12:30:00-05:00,4.96999979019165,5.005000114440918,4.960000038146973,4.994999885559082,77249,0.0,0.0
2023-11-10 13:30:00-05:00,4.989999771118164,5.019999980926514,4.960000038146973,5.014999866485596,67931,0.0,0.0
2023-11-10 14:30:00-05:00,5.014999866485596,5.019999980926514,4.960000038146973,4.994999885559082,74122,0.0,0.0
2023-11-10 15:30:00-05:00,5.0,5.0,4.965000152587891,5.0,87537,0.0,0.0
2023-11-13 09:30:00-05:00,5.0,5.019999980926514,4.784999847412109,4.879300117492676,146250,0.0,0.0
2023-11-13 10:30:00-05:00,4.880000114440918,4.89109992980957,4.824999809265137,4.885000228881836,65087,0.0,0.0
2023-11-13 11:30:00-05:00,4.880000114440918,4.900000095367432,4.630000114440918,4.630000114440918,173243,0.0,0.0
2023-11-13 12:30:00-05:00,4.625,4.690000057220459,4.610000133514404,4.630000114440918,60349,0.0,0.0
2023-11-13 13:30:00-05:00,4.630000114440918,4.704999923706055,4.610000133514404,4.65500020980835,101429,0.0,0.0
2023-11-13 14:30:00-05:00,4.650000095367432,4.675000190734863,4.625,4.650000095367432,91360,0.0,0.0
2023-11-13 15:30:00-05:00,4.650000095367432,4.710000038146973,4.644999980926514,4.679999828338623,98083,0.0,0.0
2023-11-14 09:30:00-05:00,4.940000057220459,5.139999866485596,4.940000057220459,5.130000114440918,286466,0.0,0.0
2023-11-14 10:30:00-05:00,5.130000114440918,5.239999771118164,5.119999885559082,5.199999809265137,226762,0.0,0.0
2023-11-14 11:30:00-05:00,5.190000057220459,5.190000057220459,5.130000114440918,5.159999847412109,96745,0.0,0.0
2023-11-14 12:30:00-05:00,5.159999847412109,5.170000076293945,5.059999942779541,5.070000171661377,64805,0.0,0.0
2023-11-14 13:30:00-05:00,5.074999809265137,5.105000019073486,5.070000171661377,5.085000038146973,64633,0.0,0.0
2023-11-14 14:30:00-05:00,5.090000152587891,5.150000095367432,5.070000171661377,5.149899959564209,78700,0.0,0.0
2023-11-14 15:30:00-05:00,5.150000095367432,5.159999847412109,5.099999904632568,5.130000114440918,159735,0.0,0.0
2023-11-15 09:30:00-05:00,5.150000095367432,5.349999904632568,5.119999885559082,5.34499979019165,131591,0.0,0.0
2023-11-15 10:30:00-05:00,5.34499979019165,5.399899959564209,5.324999809265137,5.366700172424316,83784,0.0,0.0
2023-11-15 11:30:00-05:00,5.364999771118164,5.369999885559082,5.320499897003174,5.34499979019165,46870,0.0,0.0
2023-11-15 12:30:00-05:00,5.340000152587891,5.369999885559082,5.329999923706055,5.335000038146973,52842,0.0,0.0
2023-11-15 13:30:00-05:00,5.329999923706055,5.340000152587891,5.275000095367432,5.295000076293945,120281,0.0,0.0
2023-11-15 14:30:00-05:00,5.289999961853027,5.329999923706055,5.269999980926514,5.275000095367432,131640,0.0,0.0
2023-11-15 15:30:00-05:00,5.28000020980835,5.289999961853027,5.25,5.25,165419,0.0,0.0
2023-11-16 09:30:00-05:00,5.21999979019165,5.269999980926514,5.090000152587891,5.099999904632568,48215,0.0,0.0
2023-11-16 10:30:00-05:00,5.09499979019165,5.099999904632568,5.010000228881836,5.079999923706055,36287,0.0,0.0
2023-11-16 11:30:00-05:00,5.074999809265137,5.090000152587891,5.059999942779541,5.0605998039245605,31573,0.0,0.0
2023-11-16 12:30:00-05:00,5.065000057220459,5.09499979019165,5.059999942779541,5.063700199127197,26756,0.0,0.0
2023-11-16 13:30:00-05:00,5.070000171661377,5.079899787902832,5.045000076293945,5.065000057220459,38964,0.0,0.0
2023-11-16 14:30:00-05:00,5.069900035858154,5.090000152587891,5.059999942779541,5.059999942779541,33642,0.0,0.0
2023-11-16 15:30:00-05:00,5.059999942779541,5.070000171661377,5.039999961853027,5.050000190734863,65434,0.0,0.0
2023-11-17 09:30:00-05:00,5.139999866485596,5.184999942779541,5.050000190734863,5.150000095367432,82731,0.0,0.0
2023-11-17 10:30:00-05:00,5.156899929046631,5.159999847412109,5.110000133514404,5.110000133514404,48560,0.0,0.0
2023-11-17 11:30:00-05:00,5.110000133514404,5.150000095367432,5.090000152587891,5.135000228881836,35603,0.0,0.0
2023-11-17 12:30:00-05:00,5.139999866485596,5.170000076293945,5.135000228881836,5.159999847412109,24545,0.0,0.0
2023-11-17 13:30:00-05:00,5.164999961853027,5.170000076293945,5.150000095367432,5.159999847412109,23000,0.0,0.0
2023-11-17 14:30:00-05:00,5.159999847412109,5.16949987411499,5.135000228881836,5.150000095367432,35169,0.0,0.0
2023-11-17 15:30:00-05:00,5.15500020980835,5.170000076293945,5.139999866485596,5.139999866485596,55272,0.0,0.0
2023-11-20 09:30:00-05:00,5.099999904632568,5.110000133514404,4.989999771118164,5.085000038146973,74400,0.0,0.0
2023-11-20 10:30:00-05:00,5.085000038146973,5.110000133514404,5.070000171661377,5.105000019073486,45072,0.0,0.0
2023-11-20 11:30:00-05:00,5.099999904632568,5.105000019073486,5.079999923706055,5.09499979019165,38363,0.0,0.0
2023-11-20 12:30:00-05:00,5.090000152587891,5.09499979019165,5.025000095367432,5.03000020980835,48333,0.0,0.0
2023-11-20 13:30:00-05:00,5.034999847412109,5.067999839782715,5.03000020980835,5.050000190734863,74208,0.0,0.0
2023-11-20 14:30:00-05:00,5.054999828338623,5.070199966430664,5.050000190734863,5.059999942779541,57923,0.0,0.0
2023-11-20 15:30:00-05:00,5.059999942779541,5.070000171661377,5.054999828338623,5.059999942779541,47048,0.0,0.0
2023-11-21 09:30:00-05:00,5.0,5.0,4.909900188446045,4.949999809265137,111856,0.0,0.0
2023-11-21 10:30:00-05:00,4.949999809265137,4.958000183105469,4.925000190734863,4.945000171661377,36998,0.0,0.0
2023-11-21 11:30:00-05:00,4.945000171661377,4.949999809265137,4.929999828338623,4.945000171661377,54433,0.0,0.0
2023-11-21 12:30:00-05:00,4.945000171661377,4.958899974822998,4.945000171661377,4.954999923706055,16511,0.0,0.0
2023-11-21 13:30:00-05:00,4.960000038146973,4.960000038146973,4.94189977645874,4.949999809265137,32660,0.0,0.0
2023-11-21 14:30:00-05:00,4.954999923706055,4.954999923706055,4.929999828338623,4.934999942779541,32946,0.0,0.0
2023-11-21 15:30:00-05:00,4.929999828338623,4.949999809265137,4.909999847412109,4.949999809265137,65172,0.0,0.0
2023-11-22 09:30:00-05:00,4.989999771118164,5.010000228881836,4.934999942779541,5.0,59629,0.0,0.0
2023-11-22 10:30:00-05:00,5.0,5.000999927520752,4.954999923706055,4.960000038146973,29904,0.0,0.0
2023-11-22 11:30:00-05:00,4.954999923706055,4.980000019073486,4.944699764251709,4.944699764251709,35036,0.0,0.0
2023-11-22 12:30:00-05:00,4.940000057220459,4.940000057220459,4.900000095367432,4.90500020980835,38335,0.0,0.0
2023-11-22 13:30:00-05:00,4.90500020980835,4.929999828338623,4.900000095367432,4.925000190734863,31014,0.0,0.0
2023-11-22 14:30:00-05:00,4.925000190734863,4.974999904632568,4.90500020980835,4.974999904632568,57723,0.0,0.0
2023-11-22 15:30:00-05:00,4.974999904632568,5.0,4.965000152587891,5.0,48722,0.0,0.0
2023-11-24 09:30:00-05:00,4.989999771118164,5.034999847412109,4.965000152587891,5.034999847412109,168840,0.0,0.0
2023-11-24 10:30:00-05:00,5.032400131225586,5.050000190734863,5.014999866485596,5.034999847412109,42822,0.0,0.0
2023-11-24 11:30:00-05:00,5.034999847412109,5.054999828338623,5.019999980926514,5.045000076293945,60886,0.0,0.0
2023-11-27 09:30:00-05:00,4.989999771118164,5.059999942779541,4.909999847412109,5.045000076293945,112393,0.0,0.0
2023-11-27 10:30:00-05:00,5.045000076293945,5.070000171661377,5.019999980926514,5.03000020980835,42887,0.0,0.0
2023-11-27 11:30:00-05:00,5.034999847412109,5.065000057220459,5.025000095367432,5.065000057220459,50964,0.0,0.0
2023-11-27 12:30:00-05:00,5.065000057220459,5.074999809265137,5.050000190734863,5.065000057220459,35067,0.0,0.0
2023-11-27 13:30:00-05:00,5.059999942779541,5.105000019073486,5.059999942779541,5.105000019073486,50464,0.0,0.0
2023-11-27 14:30:00-05:00,5.105000019073486,5.110000133514404,5.070000171661377,5.074999809265137,75517,0.0,0.0
2023-11-27 15:30:00-05:00,5.070000171661377,5.110000133514404,5.070000171661377,5.110000133514404,97105,0.0,0.0
2023-11-28 09:30:00-05:00,5.070000171661377,5.164999961853027,5.010000228881836,5.143599987030029,63863,0.0,0.0
2023-11-28 10:30:00-05:00,5.139999866485596,5.170000076293945,5.135000228881836,5.159999847412109,33436,0.0,0.0
2023-11-28 11:30:00-05:00,5.15500020980835,5.204999923706055,5.150000095367432,5.194900035858154,37413,0.0,0.0
2023-11-28 12:30:00-05:00,5.195000171661377,5.195000171661377,5.175000190734863,5.18120002746582,29880,0.0,0.0
2023-11-28 13:30:00-05:00,5.179999828338623,5.239999771118164,5.175000190734863,5.224999904632568,51649,0.0,0.0
2023-11-28 14:30:00-05:00,5.224999904632568,5.239999771118164,5.21999979019165,5.235000133514404,41730,0.0,0.0
2023-11-28 15:30:00-05:00,5.235000133514404,5.260000228881836,5.230000019073486,5.239999771118164,80950,0.0,0.0
2023-11-29 09:30:00-05:00,5.300000190734863,5.559999942779541,5.300000190734863,5.505000114440918,98722,0.0,0.0
2023-11-29 10:30:00-05:00,5.505000114440918,5.519999980926514,5.329999923706055,5.340000152587891,70462,0.0,0.0
2023-11-29 11:30:00-05:00,5.34499979019165,5.34499979019165,5.320000171661377,5.322500228881836,34060,0.0,0.0
2023-11-29 12:30:00-05:00,5.324999809265137,5.335000038146973,5.309999942779541,5.310100078582764,23144,0.0,0.0
2023-11-29 13:30:00-05:00,5.309999942779541,5.329999923706055,5.28000020980835,5.326300144195557,39717,0.0,0.0
2023-11-29 14:30:00-05:00,5.324999809265137,5.349999904632568,5.289999961853027,5.300000190734863,50024,0.0,0.0
2023-11-29 15:30:00-05:00,5.300000190734863,5.304999828338623,5.28000020980835,5.28000020980835,54640,0.0,0.0
2023-11-30 09:30:00-05:00,5.289999961853027,5.389999866485596,5.25,5.380000114440918,57194,0.0,0.0
2023-11-30 10:30:00-05:00,5.375,5.389999866485596,5.324999809265137,5.329999923706055,48291,0.0,0.0
2023-11-30 11:30:00-05:00,5.324999809265137,5.324999809265137,5.260000228881836,5.28000020980835,35828,0.0,0.0
2023-11-30 12:30:00-05:00,5.2779998779296875,5.304999828338623,5.269999980926514,5.284999847412109,55315,0.0,0.0
2023-11-30 13:30:00-05:00,5.284999847412109,5.300000190734863,5.25,5.264999866485596,41340,0.0,0.0
2023-11-30 14:30:00-05:00,5.269999980926514,5.289999961853027,5.25,5.25,74572,0.0,0.0
2023-11-30 15:30:00-05:00,5.255000114440918,5.255000114440918,5.159999847412109,5.159999847412109,486306,0.0,0.0
2023-12-01 09:30:00-05:00,5.159999847412109,5.255000114440918,5.090000152587891,5.244999885559082,83239,0.0,0.0
2023-12-01 10:30:00-05:00,5.239999771118164,5.409999847412109,5.21999979019165,5.409999847412109,77686,0.0,0.0
2023-12-01 11:30:00-05:00,5.414999961853027,5.545000076293945,5.380000114440918,5.53000020980835,71779,0.0,0.0
2023-12-01 12:30:00-05:00,5.519999980926514,5.579999923706055,5.519999980926514,5.525000095367432,66757,0.0,0.0
2023-12-01 13:30:00-05:00,5.519999980926514,5.579999923706055,5.519999980926514,5.534999847412109,63870,0.0,0.0
2023-12-01 14:30:00-05:00,5.534999847412109,5.554999828338623,5.505000114440918,5.525000095367432,54130,0.0,0.0
2023-12-01 15:30:00-05:00,5.525000095367432,5.590000152587891,5.525000095367432,5.590000152587891,99412,0.0,0.0
2023-12-04 09:30:00-05:00,5.579999923706055,5.630000114440918,5.539999961853027,5.599999904632568,52536,0.0,0.0
2023-12-04 10:30:00-05:00,5.599999904632568,5.65500020980835,5.579999923706055,5.587100028991699,41839,0.0,0.0
2023-12-04 11:30:00-05:00,5.579999923706055,5.630000114440918,5.565000057220459,5.610000133514404,40739,0.0,0.0
2023-12-04 12:30:00-05:00,5.610000133514404,5.630000114440918,5.585000038146973,5.599999904632568,37199,0.0,0.0
2023-12-04 13:30:00-05:00,5.590000152587891,5.630000114440918,5.585000038146973,5.630000114440918,37546,0.0,0.0
2023-12-04 14:30:00-05:00,5.625,5.638999938964844,5.605000019073486,5.610000133514404,46939,0.0,0.0
2023-12-04 15:30:00-05:00,5.610000133514404,5.630000114440918,5.585000038146973,5.630000114440918,76544,0.0,0.0
2023-12-05 09:30:00-05:00,5.619999885559082,5.650000095367432,5.505000114440918,5.549900054931641,56786,0.0,0.0
2023-12-05 10:30:00-05:00,5.550000190734863,5.567500114440918,5.520299911499023,5.550000190734863,22458,0.0,0.0
2023-12-05 11:30:00-05:00,5.539999961853027,5.550000190734863,5.489999771118164,5.494999885559082,35107,0.0,0.0
2023-12-05 12:30:00-05:00,5.493599891662598,5.525000095367432,5.480000019073486,5.518899917602539,32480,0.0,0.0
2023-12-05 13:30:00-05:00,5.514999866485596,5.53000020980835,5.485000133514404,5.53000020980835,26435,0.0,0.0
2023-12-05 14:30:00-05:00,5.53000020980835,5.550000190734863,5.519999980926514,5.539999961853027,45279,0.0,0.0
2023-12-05 15:30:00-05:00,5.545000076293945,5.599999904632568,5.545000076293945,5.579999923706055,90528,0.0,0.0
2023-12-06 09:30:00-05:00,5.670000076293945,5.795000076293945,5.61929988861084,5.739999771118164,114345,0.0,0.0
2023-12-06 10:30:00-05:00,5.755000114440918,5.789999961853027,5.679999828338623,5.7052998542785645,57502,0.0,0.0
2023-12-06 11:30:00-05:00,5.699999809265137,5.699999809265137,5.599999904632568,5.625,41108,0.0,0.0
2023-12-06 12:30:00-05:00,5.619999885559082,5.619999885559082,5.559999942779541,5.579999923706055,34303,0.0,0.0
2023-12-06 13:30:00-05:00,5.579999923706055,5.599999904632568,5.554999828338623,5.554999828338623,38744,0.0,0.0
2023-12-06 14:30:00-05:00,5.554999828338623,5.579999923706055,5.534999847412109,5.545000076293945,49451,0.0,0.0
2023-12-06 15:30:00-05:00,5.545000076293945,5.550000190734863,5.510000228881836,5.534999847412109,75468,0.0,0.0
2023-12-07 09:30:00-05:00,5.559999942779541,5.659999847412109,5.550000190734863,5.659999847412109,51665,0.0,0.0
2023-12-07 10:30:00-05:00,5.650000095367432,5.650000095367432,5.605000019073486,5.619999885559082,22376,0.0,0.0
2023-12-07 11:30:00-05:00,5.625,5.679999828338623,5.619200229644775,5.650000095367432,44339,0.0,0.0
2023-12-07 12:30:00-05:00,5.650700092315674,5.684999942779541,5.630000114440918,5.630000114440918,30329,0.0,0.0
2023-12-07 13:30:00-05:00,5.630000114440918,5.659999847412109,5.625,5.635000228881836,31718,0.0,0.0
2023-12-07 14:30:00-05:00,5.630000114440918,5.639999866485596,5.610000133514404,5.630000114440918,34139,0.0,0.0
2023-12-07 15:30:00-05:00,5.625,5.639999866485596,5.605000019073486,5.639999866485596,58623,0.0,0.0
2023-12-08 09:30:00-05:00,5.630000114440918,5.639999866485596,5.480000019073486,5.610000133514404,47245,0.0,0.0
2023-12-08 10:30:00-05:00,5.599999904632568,5.627500057220459,5.525000095367432,5.549900054931641,23988,0.0,0.0
2023-12-08 11:30:00-05:00,5.550000190734863,5.565000057220459,5.525000095367432,5.543399810791016,26162,0.0,0.0
2023-12-08 12:30:00-05:00,5.545000076293945,5.550000190734863,5.519999980926514,5.534999847412109,27730,0.0,0.0
2023-12-08 13:30:00-05:00,5.53000020980835,5.579999923706055,5.53000020980835,5.574999809265137,35484,0.0,0.0
2023-12-08 14:30:00-05:00,5.579999923706055,5.579999923706055,5.557799816131592,5.559999942779541,61487,0.0,0.0
2023-12-08 15:30:00-05:00,5.559999942779541,5.599999904632568,5.559999942779541,5.599999904632568,50725,0.0,0.0
2023-12-11 09:30:00-05:00,5.550000190734863,5.579999923706055,5.511000156402588,5.542500019073486,44281,0.0,0.0
2023-12-11 10:30:00-05:00,5.554999828338623,5.574999809265137,5.542500019073486,5.570000171661377,20403,0.0,0.0
2023-12-11 11:30:00-05:00,5.559999942779541,5.59499979019165,5.559999942779541,5.585000038146973,18101,0.0,0.0
2023-12-11 12:30:00-05:00,5.585000038146973,5.59499979019165,5.559999942779541,5.579999923706055,20433,0.0,0.0
2023-12-11 13:30:00-05:00,5.574999809265137,5.585000038146973,5.550000190734863,5.550000190734863,27243,0.0,0.0
2023-12-11 14:30:00-05:00,5.550000190734863,5.559999942779541,5.545000076293945,5.545000076293945,33060,0.0,0.0
2023-12-11 15:30:00-05:00,5.550600051879883,5.559999942779541,5.540299892425537,5.559999942779541,50251,0.0,0.0
2023-12-12 09:30:00-05:00,5.579999923706055,5.579999923706055,5.460000038146973,5.480000019073486,76927,0.0,0.0
2023-12-12 10:30:00-05:00,5.480000019073486,5.489999771118164,5.445000171661377,5.464300155639648,81923,0.0,0.0
2023-12-12 11:30:00-05:00,5.46999979019165,5.474999904632568,5.449999809265137,5.465000152587891,18544,0.0,0.0
2023-12-12 12:30:00-05:00,5.46999979019165,5.474999904632568,5.460000038146973,5.465000152587891,32869,0.0,0.0
2023-12-12 13:30:00-05:00,5.46999979019165,5.474999904632568,5.445000171661377,5.450500011444092,37091,0.0,0.0
2023-12-12 14:30:00-05:00,5.460000038146973,5.460000038146973,5.429999828338623,5.460000038146973,29924,0.0,0.0
2023-12-12 15:30:00-05:00,5.454999923706055,5.46999979019165,5.445000171661377,5.465000152587891,49554,0.0,0.0
2023-12-13 09:30:00-05:00,5.440000057220459,5.440000057220459,5.369999885559082,5.440000057220459,176525,0.0,0.0
2023-12-13 10:30:00-05:00,5.429999828338623,5.477499961853027,5.429999828338623,5.454999923706055,46112,0.0,0.0
2023-12-13 11:30:00-05:00,5.454999923706055,5.468100070953369,5.429999828338623,5.429999828338623,18453,0.0,0.0
2023-12-13 12:30:00-05:00,5.434999942779541,5.440000057220459,5.400000095367432,5.400000095367432,33501,0.0,0.0
2023-12-13 13:30:00-05:00,5.400000095367432,5.630000114440918,5.39900016784668,5.630000114440918,71839,0.0,0.0
2023-12-13 14:30:00-05:00,5.625,5.824999809265137,5.619999885559082,5.800000190734863,85681,0.0,0.0
2023-12-13 15:30:00-05:00,5.800000190734863,5.840000152587891,5.800000190734863,5.800000190734863,137601,0.0,0.0
2023-12-14 09:30:00-05:00,5.980000019073486,6.21999979019165,5.980000019073486,6.159999847412109,217810,0.0,0.0
2023-12-14 10:30:00-05:00,6.150000095367432,6.166999816894531,6.090000152587891,6.130000114440918,98940,0.0,0.0
2023-12-14 11:30:00-05:00,6.119999885559082,6.199999809265137,6.119999885559082,6.199999809265137,63479,0.0,0.0
2023-12-14 12:30:00-05:00,6.190000057220459,6.21999979019165,6.133399963378906,6.170000076293945,87970,0.0,0.0
2023-12-14 13:30:00-05:00,6.1697001457214355,6.170000076293945,6.039999961853027,6.050000190734863,90213,0.0,0.0
2023-12-14 14:30:00-05:00,6.050000190734863,6.090000152587891,6.019999980926514,6.090000152587891,81252,0.0,0.0
2023-12-14 15:30:00-05:00,6.079999923706055,6.119999885559082,6.059999942779541,6.105000019073486,92921,0.0,0.0
2023-12-15 09:30:00-05:00,6.139999866485596,6.170000076293945,5.980000019073486,6.03000020980835,238642,0.0,0.0
2023-12-15 10:30:00-05:00,6.019999980926514,6.110000133514404,6.005000114440918,6.090000152587891,132276,0.0,0.0
2023-12-15 11:30:00-05:00,6.079999923706055,6.125,6.070000171661377,6.110000133514404,115909,0.0,0.0
2023-12-15 12:30:00-05:00,6.130000114440918,6.139999866485596,6.010000228881836,6.034999847412109,124754,0.0,0.0
2023-12-15 13:30:00-05:00,6.034999847412109,6.034999847412109,5.960000038146973,5.980000019073486,58840,0.0,0.0
2023-12-15 14:30:00-05:00,5.985000133514404,6.0,5.960000038146973,5.994999885559082,39228,0.0,0.0
2023-12-15 15:30:00-05:00,6.0,6.010000228881836,5.96999979019165,5.96999979019165,76151,0.0,0.0
2023-12-18 09:30:00-05:00,5.989999771118164,5.989999771118164,5.820000171661377,5.900000095367432,84542,0.0,0.0
2023-12-18 10:30:00-05:00,5.902500152587891,5.920000076293945,5.84250020980835,5.875,51906,0.0,0.0
2023-12-18 11:30:00-05:00,5.869999885559082,5.889999866485596,5.860599994659424,5.880000114440918,34483,0.0,0.0
2023-12-18 12:30:00-05:00,5.875,5.90500020980835,5.849999904632568,5.860099792480469,54296,0.0,0.0
2023-12-18 13:30:00-05:00,5.864999771118164,5.869999885559082,5.809999942779541,5.809999942779541,47582,0.0,0.0
2023-12-18 14:30:00-05:00,5.820000171661377,5.824999809265137,5.769999980926514,5.775000095367432,78396,0.0,0.0
2023-12-18 15:30:00-05:00,5.769999980926514,5.789999961853027,5.755000114440918,5.764999866485596,65916,0.0,0.0
2023-12-19 09:30:00-05:00,5.869999885559082,5.925000190734863,5.840000152587891,5.875,72733,0.0,0.0
2023-12-19 10:30:00-05:00,5.860000133514404,5.960000038146973,5.849999904632568,5.90500020980835,80880,0.0,0.0
2023-12-19 11:30:00-05:00,5.914999961853027,5.940000057220459,5.900000095367432,5.920000076293945,61830,0.0,0.0
2023-12-19 12:30:00-05:00,5.922699928283691,6.019999980926514,5.920000076293945,6.019999980926514,130785,0.0,0.0
2023-12-19 13:30:00-05:00,6.019999980926514,6.070000171661377,6.019999980926514,6.03000020980835,62520,0.0,0.0
2023-12-19 14:30:00-05:00,6.03000020980835,6.034999847412109,5.993000030517578,6.019999980926514,104515,0.0,0.0
2023-12-19 15:30:00-05:00,6.019999980926514,6.050000190734863,6.010000228881836,6.039999961853027,113617,0.0,0.0
2023-12-20 09:30:00-05:00,6.0,6.119999885559082,5.96999979019165,6.09499979019165,53838,0.0,0.0
2023-12-20 10:30:00-05:00,6.099999904632568,6.144999980926514,6.059999942779541,6.139999866485596,40999,0.0,0.0
2023-12-20 11:30:00-05:00,6.150000095367432,6.170000076293945,6.099999904632568,6.110000133514404,29211,0.0,0.0
2023-12-20 12:30:00-05:00,6.110000133514404,6.135000228881836,6.090000152587891,6.090000152587891,26628,0.0,0.0
2023-12-20 13:30:00-05:00,6.09499979019165,6.110000133514404,6.050000190734863,6.065000057220459,26039,0.0,0.0
2023-12-20 14:30:00-05:00,6.070000171661377,6.070000171661377,5.925000190734863,5.960000038146973,105838,0.0,0.0
2023-12-20 15:30:00-05:00,5.965000152587891,5.989999771118164,5.940000057220459,5.949999809265137,156144,0.0,0.0
2023-12-21 09:30:00-05:00,6.010000228881836,6.070000171661377,6.0,6.021399974822998,30265,0.0,0.0
2023-12-21 10:30:00-05:00,6.03000020980835,6.03000020980835,5.985000133514404,5.990200042724609,23299,0.0,0.0
2023-12-21 11:30:00-05:00,5.989999771118164,6.021299839019775,5.980000019073486,6.011099815368652,24598,0.0,0.0
2023-12-21 12:30:00-05:00,6.014999866485596,6.019999980926514,5.992499828338623,6.010000228881836,40005,0.0,0.0
2023-12-21 13:30:00-05:00,6.005000114440918,6.014999866485596,5.989999771118164,6.010000228881836,17535,0.0,0.0
2023-12-21 14:30:00-05:00,6.0,6.014999866485596,5.980000019073486,6.010000228881836,69780,0.0,0.0
2023-12-21 15:30:00-05:00,6.0,6.070000171661377,6.0,6.050000190734863,65211,0.0,0.0
2023-12-22 09:30:00-05:00,6.059999942779541,6.170000076293945,6.010000228881836,6.110000133514404,61024,0.0,0.0
2023-12-22 10:30:00-05:00,6.119999885559082,6.130000114440918,6.039999961853027,6.0625,32455,0.0,0.0
2023-12-22 11:30:00-05:00,6.0625,6.074999809265137,6.010000228881836,6.037700176239014,45487,0.0,0.0
2023-12-22 12:30:00-05:00,6.039999961853027,6.070000171661377,6.019999980926514,6.039999961853027,30703,0.0,0.0
2023-12-22 13:30:00-05:00,6.03000020980835,6.050000190734863,5.96999979019165,5.974999904632568,37575,0.0,0.0
2023-12-22 14:30:00-05:00,5.96999979019165,6.010000228881836,5.949999809265137,5.96999979019165,57793,0.0,0.0
2023-12-22 15:30:00-05:00,5.980000019073486,5.989999771118164,5.960000038146973,5.985000133514404,45852,0.0,0.0
2023-12-26 09:30:00-05:00,5.96999979019165,5.989999771118164,5.880000114440918,5.940000057220459,53269,0.0,0.0
2023-12-26 10:30:00-05:00,5.940000057220459,5.945000171661377,5.875,5.90500020980835,37396,0.0,0.0
2023-12-26 11:30:00-05:00,5.90500020980835,5.920000076293945,5.90500020980835,5.914999961853027,21299,0.0,0.0
2023-12-26 12:30:00-05:00,5.920000076293945,5.920499801635742,5.900000095367432,5.920000076293945,41171,0.0,0.0
2023-12-26 13:30:00-05:00,5.920000076293945,5.925099849700928,5.909999847412109,5.909999847412109,16354,0.0,0.0
2023-12-26 14:30:00-05:00,5.909999847412109,5.949999809265137,5.900000095367432,5.945000171661377,63146,0.0,0.0
2023-12-26 15:30:00-05:00,5.940000057220459,5.949999809265137,5.920000076293945,5.929999828338623,45513,0.0,0.0
2023-12-27 09:30:00-05:00,5.900000095367432,5.900000095367432,5.828700065612793,5.869999885559082,65727,0.0,0.0
2023-12-27 10:30:00-05:00,5.864999771118164,5.889999866485596,5.849999904632568,5.875,62894,0.0,0.0
2023-12-27 11:30:00-05:00,5.880000114440918,5.894999980926514,5.849999904632568,5.880000114440918,41053,0.0,0.0
2023-12-27 12:30:00-05:00,5.885000228881836,5.929999828338623,5.869999885559082,5.909999847412109,46208,0.0,0.0
2023-12-27 13:30:00-05:00,5.909999847412109,5.914999961853027,5.869999885559082,5.880099773406982,57956,0.0,0.0
2023-12-27 14:30:00-05:00,5.88100004196167,5.900000095367432,5.869999885559082,5.875,66229,0.0,0.0
2023-12-27 15:30:00-05:00,5.869999885559082,5.900000095367432,5.869999885559082,5.900000095367432,56457,0.0,0.0
2023-12-28 09:30:00-05:00,5.78000020980835,5.894999980926514,5.78000020980835,5.883200168609619,60985,0.0,0.0
2023-12-28 10:30:00-05:00,5.889999866485596,5.900000095367432,5.850500106811523,5.850900173187256,35916,0.0,0.0
2023-12-28 11:30:00-05:00,5.849999904632568,5.880199909210205,5.849999904632568,5.85099983215332,25629,0.0,0.0
2023-12-28 12:30:00-05:00,5.860000133514404,5.864999771118164,5.820000171661377,5.832499980926514,38938,0.0,0.0
2023-12-28 13:30:00-05:00,5.840000152587891,5.849999904632568,5.820000171661377,5.830999851226807,24503,0.0,0.0
2023-12-28 14:30:00-05:00,5.835000038146973,5.835000038146973,5.804999828338623,5.824999809265137,43107,0.0,0.0
2023-12-28 15:30:00-05:00,5.824999809265137,5.869999885559082,5.824999809265137,5.869999885559082,66606,0.0,0.0
2023-12-29 09:30:00-05:00,5.809999942779541,5.861999988555908,5.769999980926514,5.78000020980835,42329,0.0,0.0
2023-12-29 10:30:00-05:00,5.78000020980835,5.800000190734863,5.739999771118164,5.739999771118164,38289,0.0,0.0
2023-12-29 11:30:00-05:00,5.739999771118164,5.764999866485596,5.739999771118164,5.739999771118164,24178,0.0,0.0
2023-12-29 12:30:00-05:00,5.735000133514404,5.760000228881836,5.730000019073486,5.75,18097,0.0,0.0
2023-12-29 13:30:00-05:00,5.75,5.769999980926514,5.732500076293945,5.735000133514404,17540,0.0,0.0
2023-12-29 14:30:00-05:00,5.730000019073486,5.769999980926514,5.71999979019165,5.769999980926514,35715,0.0,0.0
2023-12-29 15:30:00-05:00,5.769999980926514,5.769999980926514,5.715000152587891,5.715000152587891,46042,0.0,0.0
2024-01-02 09:30:00-05:00,5.710000038146973,5.800000190734863,5.680099964141846,5.789999961853027,99314,0.0,0.0
2024-01-02 10:30:00-05:00,5.789999961853027,5.864999771118164,5.784999847412109,5.833600044250488,27193,0.0,0.0
2024-01-02 11:30:00-05:00,5.829999923706055,5.864999771118164,5.820000171661377,5.860000133514404,42693,0.0,0.0
2024-01-02 12:30:00-05:00,5.860000133514404,5.90500020980835,5.860000133514404,5.900000095367432,47058,0.0,0.0
2024-01-02 13:30:00-05:00,5.894999980926514,5.900000095367432,5.840000152587891,5.84499979019165,31813,0.0,0.0
2024-01-02 14:30:00-05:00,5.840000152587891,5.840000152587891,5.755000114440918,5.775000095367432,60357,0.0,0.0
2024-01-02 15:30:00-05:00,5.769999980926514,5.78000020980835,5.744999885559082,5.769999980926514,58379,0.0,0.0
2024-01-03 09:30:00-05:00,5.71999979019165,5.71999979019165,5.539999961853027,5.559999942779541,138413,0.0,0.0
2024-01-03 10:30:00-05:00,5.55810022354126,5.585000038146973,5.525000095367432,5.574999809265137,74953,0.0,0.0
2024-01-03 11:30:00-05:00,5.579999923706055,5.585000038146973,5.559999942779541,5.570000171661377,31825,0.0,0.0
2024-01-03 12:30:00-05:00,5.559999942779541,5.585000038146973,5.554999828338623,5.585000038146973,39046,0.0,0.0
2024-01-03 13:30:00-05:00,5.579999923706055,5.590000152587891,5.53000020980835,5.585000038146973,53676,0.0,0.0
2024-01-03 14:30:00-05:00,5.590000152587891,5.610000133514404,5.514999866485596,5.550000190734863,105811,0.0,0.0
2024-01-03 15:30:00-05:00,5.550000190734863,5.559999942779541,5.539999961853027,5.545000076293945,93743,0.0,0.0
2024-01-04 09:30:00-05:00,5.519999980926514,5.579999923706055,5.489999771118164,5.570000171661377,41478,0.0,0.0
2024-01-04 10:30:00-05:00,5.559999942779541,5.599999904632568,5.559999942779541,5.599999904632568,12734,0.0,0.0
2024-01-04 11:30:00-05:00,5.601900100708008,5.610000133514404,5.539999961853027,5.550000190734863,32016,0.0,0.0
2024-01-04 12:30:00-05:00,5.550000190734863,5.550000190734863,5.5,5.53000020980835,45762,0.0,0.0
2024-01-04 13:30:00-05:00,5.531199932098389,5.565000057220459,5.53000020980835,5.550300121307373,31177,0.0,0.0
2024-01-04 14:30:00-05:00,5.550000190734863,5.570000171661377,5.539999961853027,5.559999942779541,24054,0.0,0.0
2024-01-04 15:30:00-05:00,5.570000171661377,5.574999809265137,5.53000020980835,5.534999847412109,74241,0.0,0.0
2024-01-05 09:30:00-05:00,5.480000019073486,5.619999885559082,5.449999809265137,5.619999885559082,47775,0.0,0.0
2024-01-05 10:30:00-05:00,5.619999885559082,5.644999980926514,5.579999923706055,5.579999923706055,20527,0.0,0.0
2024-01-05 11:30:00-05:00,5.579999923706055,5.579999923706055,5.539999961853027,5.554999828338623,14857,0.0,0.0
2024-01-05 12:30:00-05:00,5.550000190734863,5.570000171661377,5.545000076293945,5.570000171661377,24257,0.0,0.0
2024-01-05 13:30:00-05:00,5.574999809265137,5.599999904632568,5.570000171661377,5.579999923706055,20108,0.0,0.0
2024-01-05 14:30:00-05:00,5.579999923706055,5.579999923706055,5.545000076293945,5.570000171661377,42898,0.0,0.0
2024-01-05 15:30:00-05:00,5.574999809265137,5.574999809265137,5.554999828338623,5.565000057220459,86677,0.0,0.0
2024-01-08 09:30:00-05:00,5.559999942779541,5.630000114440918,5.5,5.610000133514404,32184,0.0,0.0
2024-01-08 10:30:00-05:00,5.610000133514404,5.625,5.580100059509277,5.617300033569336,20934,0.0,0.0
2024-01-08 11:30:00-05:00,5.610000133514404,5.619999885559082,5.574999809265137,5.590000152587891,30454,0.0,0.0
2024-01-08 12:30:00-05:00,5.585000038146973,5.630000114440918,5.585000038146973,5.619999885559082,23837,0.0,0.0
2024-01-08 13:30:00-05:00,5.618899822235107,5.630000114440918,5.610000133514404,5.614999771118164,31360,0.0,0.0
2024-01-08 14:30:00-05:00,5.630000114440918,5.650000095367432,5.619900226593018,5.619999885559082,21963,0.0,0.0
2024-01-08 15:30:00-05:00,5.610000133514404,5.635499954223633,5.610000133514404,5.630000114440918,30575,0.0,0.0
2024-01-09 09:30:00-05:00,5.550000190734863,5.550000190734863,5.440499782562256,5.505000114440918,96538,0.0,0.0
2024-01-09 10:30:00-05:00,5.510000228881836,5.514999866485596,5.4618000984191895,5.480000019073486,42916,0.0,0.0
2024-01-09 11:30:00-05:00,5.480000019073486,5.480000019073486,5.460000038146973,5.480000019073486,25226,0.0,0.0
2024-01-09 12:30:00-05:00,5.489999771118164,5.505000114440918,5.465000152587891,5.480000019073486,41172,0.0,0.0
2024-01-09 13:30:00-05:00,5.480000019073486,5.519999980926514,5.460100173950195,5.514999866485596,35034,0.0,0.0
2024-01-09 14:30:00-05:00,5.519999980926514,5.53000020980835,5.5,5.514999866485596,25908,0.0,0.0
2024-01-09 15:30:00-05:00,5.514999866485596,5.519999980926514,5.480000019073486,5.489999771118164,54898,0.0,0.0
2024-01-10 09:30:00-05:00,5.489999771118164,5.519999980926514,5.460000038146973,5.49970006942749,41796,0.0,0.0
2024-01-10 10:30:00-05:00,5.510000228881836,5.53000020980835,5.504000186920166,5.515699863433838,13026,0.0,0.0
2024-01-10 11:30:00-05:00,5.510000228881836,5.53000020980835,5.505000114440918,5.519999980926514,23894,0.0,0.0
2024-01-10 12:30:00-05:00,5.514999866485596,5.539999961853027,5.5,5.525000095367432,33149,0.0,0.0
2024-01-10 13:30:00-05:00,5.525000095367432,5.525000095367432,5.5,5.519999980926514,15093,0.0,0.0
2024-01-10 14:30:00-05:00,5.525000095367432,5.528800010681152,5.46999979019165,5.481299877166748,49221,0.0,0.0
2024-01-10 15:30:00-05:00,5.480000019073486,5.510000228881836,5.46999979019165,5.510000228881836,33420,0.0,0.0
2024-01-11 09:30:00-05:00,5.46999979019165,5.5,5.324999809265137,5.34499979019165,115136,0.0,0.0
2024-01-11 10:30:00-05:00,5.349999904632568,5.369800090789795,5.3491997718811035,5.360000133514404,25675,0.0,0.0
2024-01-11 11:30:00-05:00,5.355000019073486,5.360000133514404,5.324999809265137,5.349999904632568,46884,0.0,0.0
2024-01-11 12:30:00-05:00,5.340000152587891,5.369999885559082,5.335000038146973,5.349999904632568,23194,0.0,0.0
2024-01-11 13:30:00-05:00,5.34499979019165,5.357100009918213,5.324999809265137,5.340000152587891,34619,0.0,0.0
2024-01-11 14:30:00-05:00,5.34499979019165,5.364999771118164,5.322500228881836,5.34499979019165,42909,0.0,0.0
2024-01-11 15:30:00-05:00,5.34499979019165,5.360000133514404,5.320000171661377,5.360000133514404,51303,0.0,0.0
2024-01-12 09:30:00-05:00,5.460000038146973,5.525000095367432,5.380000114440918,5.394999980926514,90708,0.0,0.0
2024-01-12 10:30:00-05:00,5.400000095367432,5.400000095367432,5.355000019073486,5.400000095367432,28998,0.0,0.0
2024-01-12 11:30:00-05:00,5.40500020980835,5.410099983215332,5.369999885559082,5.409900188446045,44378,0.0,0.0
2024-01-12 12:30:00-05:00,5.40500020980835,5.440000057220459,5.400000095367432,5.425000190734863,28368,0.0,0.0
2024-01-12 13:30:00-05:00,5.429999828338623,5.460000038146973,5.425000190734863,5.449999809265137,29861,0.0,0.0
2024-01-12 14:30:00-05:00,5.449999809265137,5.449999809265137,5.389999866485596,5.405900001525879,48895,0.0,0.0
2024-01-12 15:30:00-05:00,5.40500020980835,5.414999961853027,5.389999866485596,5.389999866485596,38085,0.0,0.0
2024-01-16 09:30:00-05:00,5.349999904632568,5.400000095367432,5.244999885559082,5.295000076293945,66966,0.0,0.0
2024-01-16 10:30:00-05:00,5.289999961853027,5.309999942779541,5.260000228881836,5.300000190734863,34025,0.0,0.0
2024-01-16 11:30:00-05:00,5.300000190734863,5.315000057220459,5.255000114440918,5.255000114440918,31911,0.0,0.0
2024-01-16 12:30:00-05:00,5.260000228881836,5.269999980926514,5.230000019073486,5.255000114440918,32856,0.0,0.0
2024-01-16 13:30:00-05:00,5.255000114440918,5.255000114440918,5.190000057220459,5.199999809265137,47528,0.0,0.0
2024-01-16 14:30:00-05:00,5.195000171661377,5.235000133514404,5.190000057220459,5.21999979019165,47379,0.0,0.0
2024-01-16 15:30:00-05:00,5.21999979019165,5.224999904632568,5.195000171661377,5.210000038146973,81933,0.0,0.0
2024-01-17 09:30:00-05:00,5.119999885559082,5.190000057220459,5.054999828338623,5.150000095367432,78829,0.0,0.0
2024-01-17 10:30:00-05:00,5.139999866485596,5.139999866485596,5.050000190734863,5.054999828338623,77068,0.0,0.0
2024-01-17 11:30:00-05:00,5.050000190734863,5.068699836730957,5.025000095367432,5.03000020980835,67141,0.0,0.0
2024-01-17 12:30:00-05:00,5.03000020980835,5.045000076293945,4.989999771118164,4.989999771118164,84459,0.0,0.0
2024-01-17 13:30:00-05:00,4.994999885559082,5.03000020980835,4.989999771118164,5.025000095367432,99141,0.0,0.0
2024-01-17 14:30:00-05:00,5.026700019836426,5.045000076293945,5.019999980926514,5.045000076293945,51522,0.0,0.0
2024-01-17 15:30:00-05:00,5.050000190734863,5.059999942779541,5.039999961853027,5.050000190734863,78569,0.0,0.0
2024-01-18 09:30:00-05:00,5.070000171661377,5.130000114440918,5.059999942779541,5.074999809265137,63378,0.0,0.0
2024-01-18 10:30:00-05:00,5.079999923706055,5.09499979019165,5.039999961853027,5.059999942779541,51319,0.0,0.0
2024-01-18 11:30:00-05:00,5.059999942779541,5.070000171661377,5.030099868774414,5.045000076293945,39438,0.0,0.0
2024-01-18 12:30:00-05:00,5.034999847412109,5.039999961853027,5.014999866485596,5.019999980926514,36756,0.0,0.0
2024-01-18 13:30:00-05:00,5.01669979095459,5.039999961853027,5.013999938964844,5.03000020980835,33941,0.0,0.0
2024-01-18 14:30:00-05:00,5.039999961853027,5.050000190734863,5.019999980926514,5.045000076293945,68286,0.0,0.0
2024-01-18 15:30:00-05:00,5.050000190734863,5.059999942779541,5.039999961853027,5.054999828338623,52911,0.0,0.0
2024-01-19 09:30:00-05:00,5.099999904632568,5.130000114440918,5.019999980926514,5.045000076293945,54502,0.0,0.0
2024-01-19 10:30:00-05:00,5.039999961853027,5.059999942779541,5.03000020980835,5.054999828338623,30902,0.0,0.0
2024-01-19 11:30:00-05:00,5.059999942779541,5.068999767303467,5.025000095367432,5.068999767303467,28597,0.0,0.0
2024-01-19 12:30:00-05:00,5.070000171661377,5.09499979019165,5.050000190734863,5.09499979019165,16986,0.0,0.0
2024-01-19 13:30:00-05:00,5.099999904632568,5.150000095367432,5.099999904632568,5.139999866485596,32891,0.0,0.0
2024-01-19 14:30:00-05:00,5.144999980926514,5.150000095367432,5.125,5.135000228881836,37060,0.0,0.0
2024-01-19 15:30:00-05:00,5.135000228881836,5.144999980926514,5.125,5.139999866485596,54800,0.0,0.0
2024-01-22 09:30:00-05:00,5.210000038146973,5.275000095367432,5.175000190734863,5.260000228881836,55859,0.0,0.0
2024-01-22 10:30:00-05:00,5.255000114440918,5.255000114440918,5.199999809265137,5.210000038146973,15107,0.0,0.0
2024-01-22 11:30:00-05:00,5.211100101470947,5.215199947357178,5.179999828338623,5.195000171661377,13445,0.0,0.0
2024-01-22 12:30:00-05:00,5.190000057220459,5.190000057220459,5.159999847412109,5.159999847412109,17238,0.0,0.0
2024-01-22 13:30:00-05:00,5.159999847412109,5.170000076293945,5.139999866485596,5.1697998046875,29153,0.0,0.0
2024-01-22 14:30:00-05:00,5.159999847412109,5.224999904632568,5.159999847412109,5.211100101470947,41079,0.0,0.0
2024-01-22 15:30:00-05:00,5.215000152587891,5.224999904632568,5.199999809265137,5.210000038146973,40507,0.0,0.0
2024-01-23 09:30:00-05:00,5.269999980926514,5.320000171661377,5.239999771118164,5.25,33470,0.0,0.0
2024-01-23 10:30:00-05:00,5.21999979019165,5.224999904632568,5.139999866485596,5.139999866485596,27474,0.0,0.0
2024-01-23 11:30:00-05:00,5.144999980926514,5.15500020980835,5.125,5.150899887084961,24490,0.0,0.0
2024-01-23 12:30:00-05:00,5.150000095367432,5.164999961853027,5.13100004196167,5.150000095367432,33407,0.0,0.0
2024-01-23 13:30:00-05:00,5.150000095367432,5.179999828338623,5.139999866485596,5.179999828338623,30274,0.0,0.0
2024-01-23 14:30:00-05:00,5.179999828338623,5.210000038146973,5.170000076293945,5.190000057220459,33470,0.0,0.0
2024-01-23 15:30:00-05:00,5.195000171661377,5.199999809265137,5.175000190734863,5.179999828338623,27130,0.0,0.0
2024-01-24 09:30:00-05:00,5.300000190734863,5.300000190734863,5.21999979019165,5.235000133514404,48467,0.0,0.0
2024-01-24 10:30:00-05:00,5.239999771118164,5.275000095367432,5.229000091552734,5.273799896240234,17569,0.0,0.0
2024-01-24 11:30:00-05:00,5.28000020980835,5.289999961853027,5.255000114440918,5.264999866485596,47068,0.0,0.0
2024-01-24 12:30:00-05:00,5.264999866485596,5.269999980926514,5.230000019073486,5.25,34659,0.0,0.0
2024-01-24 13:30:00-05:00,5.239999771118164,5.255000114440918,5.21999979019165,5.224999904632568,40599,0.0,0.0
2024-01-24 14:30:00-05:00,5.224999904632568,5.264999866485596,5.224999904632568,5.25,44641,0.0,0.0
2024-01-24 15:30:00-05:00,5.244999885559082,5.260000228881836,5.230000019073486,5.25,93584,0.0,0.0
2024-01-25 09:30:00-05:00,5.340000152587891,5.425000190734863,5.329999923706055,5.409999847412109,63400,0.0,0.0
2024-01-25 10:30:00-05:00,5.409999847412109,5.409999847412109,5.329999923706055,5.373700141906738,32725,0.0,0.0
2024-01-25 11:30:00-05:00,5.371200084686279,5.371200084686279,5.320099830627441,5.329999923706055,18748,0.0,0.0
2024-01-25 12:30:00-05:00,5.329999923706055,5.355000019073486,5.301400184631348,5.3445000648498535,17826,0.0,0.0
2024-01-25 13:30:00-05:00,5.34499979019165,5.380000114440918,5.340000152587891,5.375,18444,0.0,0.0
2024-01-25 14:30:00-05:00,5.375,5.375,5.3302001953125,5.3302001953125,18277,0.0,0.0
2024-01-25 15:30:00-05:00,5.339900016784668,5.385000228881836,5.329999923706055,5.380000114440918,48092,0.0,0.0
2024-01-26 09:30:00-05:00,5.429999828338623,5.480000019073486,5.420000076293945,5.425000190734863,51430,0.0,0.0
2024-01-26 10:30:00-05:00,5.429999828338623,5.460000038146973,5.409999847412109,5.409999847412109,13950,0.0,0.0
2024-01-26 11:30:00-05:00,5.414999961853027,5.425000190734863,5.403500080108643,5.414999961853027,11474,0.0,0.0
2024-01-26 12:30:00-05:00,5.420000076293945,5.420000076293945,5.385000228881836,5.399199962615967,16329,0.0,0.0
2024-01-26 13:30:00-05:00,5.400000095367432,5.40500020980835,5.389999866485596,5.400000095367432,13681,0.0,0.0
2024-01-26 14:30:00-05:00,5.394999980926514,5.40500020980835,5.380000114440918,5.385000228881836,19090,0.0,0.0
2024-01-26 15:30:00-05:00,5.389999866485596,5.394999980926514,5.380000114440918,5.394999980926514,30749,0.0,0.0
2024-01-29 09:30:00-05:00,5.380000114440918,5.420000076293945,5.324999809265137,5.349999904632568,43078,0.0,0.0
2024-01-29 10:30:00-05:00,5.355000019073486,5.375,5.34499979019165,5.369999885559082,17597,0.0,0.0
2024-01-29 11:30:00-05:00,5.355000019073486,5.360000133514404,5.315000057220459,5.320000171661377,19791,0.0,0.0
2024-01-29 12:30:00-05:00,5.315000057220459,5.324999809265137,5.304999828338623,5.315000057220459,11417,0.0,0.0
2024-01-29 13:30:00-05:00,5.320000171661377,5.320000171661377,5.297999858856201,5.315000057220459,44920,0.0,0.0
2024-01-29 14:30:00-05:00,5.320000171661377,5.400000095367432,5.315000057220459,5.400000095367432,27627,0.0,0.0
2024-01-29 15:30:00-05:00,5.400000095367432,5.40500020980835,5.369999885559082,5.380000114440918,45733,0.0,0.0
2024-01-30 09:30:00-05:00,5.369999885559082,5.380000114440918,5.292600154876709,5.295000076293945,38307,0.0,0.0
2024-01-30 10:30:00-05:00,5.289999961853027,5.295000076293945,5.269999980926514,5.295000076293945,21850,0.0,0.0
2024-01-30 11:30:00-05:00,5.295000076293945,5.324999809265137,5.295000076293945,5.309999942779541,19728,0.0,0.0
2024-01-30 12:30:00-05:00,5.315000057220459,5.319900035858154,5.271200180053711,5.28000020980835,21077,0.0,0.0
2024-01-30 13:30:00-05:00,5.28000020980835,5.304999828338623,5.269999980926514,5.300000190734863,28007,0.0,0.0
2024-01-30 14:30:00-05:00,5.295000076293945,5.295000076293945,5.235000133514404,5.239999771118164,20272,0.0,0.0
2024-01-30 15:30:00-05:00,5.239999771118164,5.260000228881836,5.239999771118164,5.25,42763,0.0,0.0
2024-01-31 09:30:00-05:00,5.239999771118164,5.256199836730957,5.179999828338623,5.224999904632568,44903,0.0,0.0
2024-01-31 10:30:00-05:00,5.230000019073486,5.275000095367432,5.230000019073486,5.255000114440918,30737,0.0,0.0
2024-01-31 11:30:00-05:00,5.25,5.28000020980835,5.210000038146973,5.275000095367432,45656,0.0,0.0
2024-01-31 12:30:00-05:00,5.269999980926514,5.28000020980835,5.244999885559082,5.25,35253,0.0,0.0
2024-01-31 13:30:00-05:00,5.255000114440918,5.269999980926514,5.210000038146973,5.210000038146973,22983,0.0,0.0
2024-01-31 14:30:00-05:00,5.199999809265137,5.320000171661377,5.119999885559082,5.170000076293945,177657,0.0,0.0
2024-01-31 15:30:00-05:00,5.159999847412109,5.164999961853027,5.130000114440918,5.139999866485596,137327,0.0,0.0
2024-02-01 09:30:00-05:00,5.150000095367432,5.170000076293945,5.0,5.019999980926514,131555,0.0,0.0
2024-02-01 10:30:00-05:00,5.03000020980835,5.050000190734863,4.954999923706055,4.989999771118164,93734,0.0,0.0
2024-02-01 11:30:00-05:00,4.994999885559082,5.059999942779541,4.980000019073486,5.039999961853027,60276,0.0,0.0
2024-02-01 12:30:00-05:00,5.045000076293945,5.079999923706055,5.025000095367432,5.079999923706055,52453,0.0,0.0
2024-02-01 13:30:00-05:00,5.074999809265137,5.110000133514404,5.065000057220459,5.09499979019165,25811,0.0,0.0
2024-02-01 14:30:00-05:00,5.090000152587891,5.119999885559082,5.070000171661377,5.114999771118164,41764,0.0,0.0
2024-02-01 15:30:00-05:00,5.114999771118164,5.139999866485596,5.110000133514404,5.139999866485596,65239,0.0,0.0
2024-02-02 09:30:00-05:00,5.070000171661377,5.070000171661377,4.90500020980835,4.934999942779541,51191,0.0,0.0
2024-02-02 10:30:00-05:00,4.940000057220459,4.954999923706055,4.909999847412109,4.940000057220459,64569,0.0,0.0
2024-02-02 11:30:00-05:00,4.945000171661377,4.95989990234375,4.929999828338623,4.940000057220459,54287,0.0,0.0
2024-02-02 12:30:00-05:00,4.940000057220459,4.949999809265137,4.90500020980835,4.939899921417236,82211,0.0,0.0
2024-02-02 13:30:00-05:00,4.940000057220459,4.954999923706055,4.929999828338623,4.934999942779541,34252,0.0,0.0
2024-02-02 14:30:00-05:00,4.934999942779541,4.985000133514404,4.929999828338623,4.985000133514404,67003,0.0,0.0
2024-02-02 15:30:00-05:00,4.985000133514404,4.985000133514404,4.909999847412109,4.909999847412109,80793,0.0,0.0
2024-02-05 09:30:00-05:00,4.909999847412109,4.909999847412109,4.795000076293945,4.815000057220459,115963,0.0,0.0
2024-02-05 10:30:00-05:00,4.820000171661377,4.829999923706055,4.78000020980835,4.78000020980835,43961,0.0,0.0
2024-02-05 11:30:00-05:00,4.78000020980835,4.795000076293945,4.769999980926514,4.776500225067139,32820,0.0,0.0
2024-02-05 12:30:00-05:00,4.78000020980835,4.820000171661377,4.775000095367432,4.784999847412109,48752,0.0,0.0
2024-02-05 13:30:00-05:00,4.789999961853027,4.828999996185303,4.784999847412109,4.824999809265137,36276,0.0,0.0
2024-02-05 14:30:00-05:00,4.820700168609619,4.840000152587891,4.820000171661377,4.835000038146973,48901,0.0,0.0
2024-02-05 15:30:00-05:00,4.835000038146973,4.849999904632568,4.789999961853027,4.789999961853027,115471,0.0,0.0
2024-02-06 09:30:00-05:00,4.78000020980835,4.875,4.739999771118164,4.860000133514404,75032,0.0,0.0
2024-02-06 10:30:00-05:00,4.864999771118164,4.885000228881836,4.824999809265137,4.84499979019165,41621,0.0,0.0
2024-02-06 11:30:00-05:00,4.840000152587891,4.885000228881836,4.835000038146973,4.885000228881836,32277,0.0,0.0
2024-02-06 12:30:00-05:00,4.885000228881836,4.900000095367432,4.840000152587891,4.855000019073486,54726,0.0,0.0
2024-02-06 13:30:00-05:00,4.860000133514404,4.875,4.824999809265137,4.829999923706055,38699,0.0,0.0
2024-02-06 14:30:00-05:00,4.829999923706055,4.835000038146973,4.800000190734863,4.804999828338623,55325,0.0,0.0
2024-02-06 15:30:00-05:00,4.800000190734863,4.809999942779541,4.78000020980835,4.78000020980835,51253,0.0,0.0
2024-02-07 09:30:00-05:00,4.760000228881836,4.784999847412109,4.675000190734863,4.699999809265137,77348,0.0,0.0
2024-02-07 10:30:00-05:00,4.699999809265137,4.699999809265137,4.650000095367432,4.659999847412109,47897,0.0,0.0
2024-02-07 11:30:00-05:00,4.659999847412109,4.679999828338623,4.639999866485596,4.644999980926514,60470,0.0,0.0
2024-02-07 12:30:00-05:00,4.644999980926514,4.65500020980835,4.619999885559082,4.639999866485596,34302,0.0,0.0
2024-02-07 13:30:00-05:00,4.644999980926514,4.690000057220459,4.644999980926514,4.675000190734863,90210,0.0,0.0
2024-02-07 14:30:00-05:00,4.6732001304626465,4.699999809265137,4.659999847412109,4.675000190734863,43558,0.0,0.0
2024-02-07 15:30:00-05:00,4.679999828338623,4.679999828338623,4.639999866485596,4.639999866485596,72939,0.0,0.0
2024-02-08 09:30:00-05:00,4.659999847412109,4.764999866485596,4.659999847412109,4.764999866485596,49700,0.0,0.0
2024-02-08 10:30:00-05:00,4.764999866485596,4.764999866485596,4.695000171661377,4.699999809265137,25161,0.0,0.0
2024-02-08 11:30:00-05:00,4.710000038146973,4.764999866485596,4.710000038146973,4.764999866485596,37107,0.0,0.0
2024-02-08 12:30:00-05:00,4.764999866485596,4.809999942779541,4.75,4.804999828338623,29433,0.0,0.0
2024-02-08 13:30:00-05:00,4.809999942779541,4.869999885559082,4.800000190734863,4.849999904632568,30739,0.0,0.0
2024-02-08 14:30:00-05:00,4.855000019073486,4.855000019073486,4.820000171661377,4.840000152587891,42305,0.0,0.0
2024-02-08 15:30:00-05:00,4.840000152587891,4.860000133514404,4.835000038146973,4.849999904632568,58242,0.0,0.0
2024-02-09 09:30:00-05:00,4.849999904632568,4.900000095367432,4.824999809265137,4.824999809265137,59950,0.0,0.0
2024-02-09 10:30:00-05:00,4.820000171661377,4.860000133514404,4.809999942779541,4.840000152587891,24394,0.0,0.0
2024-02-09 11:30:00-05:00,4.84499979019165,4.864999771118164,4.829999923706055,4.860000133514404,16060,0.0,0.0
2024-02-09 12:30:00-05:00,4.849999904632568,4.914999961853027,4.849999904632568,4.914999961853027,17305,0.0,0.0
2024-02-09 13:30:00-05:00,4.919899940490723,4.919899940490723,4.889999866485596,4.889999866485596,21085,0.0,0.0
2024-02-09 14:30:00-05:00,4.889999866485596,4.900000095367432,4.860000133514404,4.894999980926514,27550,0.0,0.0
2024-02-09 15:30:00-05:00,4.894999980926514,4.909999847412109,4.889999866485596,4.909999847412109,42931,0.0,0.0
2024-02-12 09:30:00-05:00,4.900000095367432,5.070000171661377,4.900000095367432,5.045000076293945,133109,0.0,0.0
2024-02-12 10:30:00-05:00,5.039999961853027,5.090000152587891,5.0320000648498535,5.090000152587891,46347,0.0,0.0
2024-02-12 11:30:00-05:00,5.090000152587891,5.109899997711182,5.085000038146973,5.090000152587891,34263,0.0,0.0
2024-02-12 12:30:00-05:00,5.09499979019165,5.125,5.09499979019165,5.119999885559082,42756,0.0,0.0
2024-02-12 13:30:00-05:00,5.119999885559082,5.170000076293945,5.114999771118164,5.159999847412109,32255,0.0,0.0
2024-02-12 14:30:00-05:00,5.159999847412109,5.179999828338623,5.144999980926514,5.150000095367432,60890,0.0,0.0
2024-02-12 15:30:00-05:00,5.150000095367432,5.170100212097168,5.135000228881836,5.139999866485596,99960,0.0,0.0
2024-02-13 09:30:00-05:00,4.960000038146973,4.960000038146973,4.820000171661377,4.835000038146973,109330,0.0,0.0
2024-02-13 10:30:00-05:00,4.835000038146973,4.860000133514404,4.829999923706055,4.835000038146973,40374,0.0,0.0
2024-02-13 11:30:00-05:00,4.835000038146973,4.84499979019165,4.769999980926514,4.769999980926514,53748,0.0,0.0
2024-02-13 12:30:00-05:00,4.78000020980835,4.800000190734863,4.775000095367432,4.800000190734863,37649,0.0,0.0
2024-02-13 13:30:00-05:00,4.791999816894531,4.791999816894531,4.704999923706055,4.704999923706055,66790,0.0,0.0
2024-02-13 14:30:00-05:00,4.704999923706055,4.71999979019165,4.650000095367432,4.670000076293945,111866,0.0,0.0
2024-02-13 15:30:00-05:00,4.670000076293945,4.679999828338623,4.659999847412109,4.679999828338623,67848,0.0,0.0
2024-02-14 09:30:00-05:00,4.739999771118164,4.78000020980835,4.6757001876831055,4.695000171661377,65038,0.0,0.0
2024-02-14 10:30:00-05:00,4.690000057220459,4.699999809265137,4.670000076293945,4.695000171661377,30188,0.0,0.0
2024-02-14 11:30:00-05:00,4.695000171661377,4.704999923706055,4.630000114440918,4.644999980926514,43595,0.0,0.0
2024-02-14 12:30:00-05:00,4.644999980926514,4.644999980926514,4.559999942779541,4.585000038146973,53229,0.0,0.0
2024-02-14 13:30:00-05:00,4.585000038146973,4.619999885559082,4.579999923706055,4.599999904632568,47099,0.0,0.0
2024-02-14 14:30:00-05:00,4.599999904632568,4.639999866485596,4.59499979019165,4.619999885559082,32071,0.0,0.0
2024-02-14 15:30:00-05:00,4.619999885559082,4.639999866485596,4.610000133514404,4.610000133514404,54375,0.0,0.0
2024-02-15 09:30:00-05:00,4.690000057220459,4.804999828338623,4.679999828338623,4.784999847412109,60256,0.0,0.0
2024-02-15 10:30:00-05:00,4.78000020980835,4.78000020980835,4.699999809265137,4.730000019073486,34136,0.0,0.0
2024-02-15 11:30:00-05:00,4.730000019073486,4.795000076293945,4.730000019073486,4.789999961853027,23611,0.0,0.0
2024-02-15 12:30:00-05:00,4.78249979019165,4.864999771118164,4.78249979019165,4.84250020980835,32466,0.0,0.0
2024-02-15 13:30:00-05:00,4.85129976272583,4.875,4.840000152587891,4.864999771118164,36431,0.0,0.0
2024-02-15 14:30:00-05:00,4.860000133514404,4.889999866485596,4.84499979019165,4.864999771118164,59906,0.0,0.0
2024-02-15 15:30:00-05:00,4.869999885559082,4.880000114440918,4.849999904632568,4.880000114440918,60941,0.0,0.0
2024-02-16 09:30:00-05:00,4.800000190734863,4.849999904632568,4.730000019073486,4.820000171661377,84036,0.0,0.0
2024-02-16 10:30:00-05:00,4.820000171661377,4.840000152587891,4.795000076293945,4.815000057220459,33401,0.0,0.0
2024-02-16 11:30:00-05:00,4.815000057220459,4.840000152587891,4.804999828338623,4.840000152587891,30465,0.0,0.0
2024-02-16 12:30:00-05:00,4.835000038146973,4.84499979019165,4.820000171661377,4.84499979019165,19510,0.0,0.0
2024-02-16 13:30:00-05:00,4.84499979019165,4.84499979019165,4.800000190734863,4.840000152587891,26712,0.0,0.0
2024-02-16 14:30:00-05:00,4.835000038146973,4.835000038146973,4.800000190734863,4.820000171661377,40118,0.0,0.0
2024-02-16 15:30:00-05:00,4.820000171661377,4.835000038146973,4.809999942779541,4.820000171661377,76671,0.0,0.0
2024-02-20 09:30:00-05:00,4.760000228881836,4.769999980926514,4.711299896240234,4.755000114440918,44715,0.0,0.0
2024-02-20 10:30:00-05:00,4.760499954223633,4.760499954223633,4.724999904632568,4.735000133514404,13710,0.0,0.0
2024-02-20 11:30:00-05:00,4.735000133514404,4.739999771118164,4.704999923706055,4.724999904632568,40705,0.0,0.0
2024-02-20 12:30:00-05:00,4.71999979019165,4.739999771118164,4.710000038146973,4.730000019073486,31708,0.0,0.0
2024-02-20 13:30:00-05:00,4.730000019073486,4.735000133514404,4.710000038146973,4.730000019073486,35302,0.0,0.0
2024-02-20 14:30:00-05:00,4.724999904632568,4.730000019073486,4.710000038146973,4.715000152587891,22982,0.0,0.0
2024-02-20 15:30:00-05:00,4.715000152587891,4.71999979019165,4.680099964141846,4.710000038146973,67836,0.0,0.0
2024-02-21 09:30:00-05:00,4.679999828338623,4.75,4.675000190734863,4.704999923706055,29831,0.0,0.0
2024-02-21 10:30:00-05:00,4.706600189208984,4.706600189208984,4.670000076293945,4.690000057220459,24007,0.0,0.0
2024-02-21 11:30:00-05:00,4.695000171661377,4.695000171661377,4.670000076293945,4.670000076293945,17216,0.0,0.0
2024-02-21 12:30:00-05:00,4.670000076293945,4.670499801635742,4.650000095367432,4.659999847412109,18936,0.0,0.0
2024-02-21 13:30:00-05:00,4.664999961853027,4.670000076293945,4.614999771118164,4.630000114440918,26462,0.0,0.0
2024-02-21 14:30:00-05:00,4.625,4.630000114440918,4.599999904632568,4.614999771118164,21243,0.0,0.0
2024-02-21 15:30:00-05:00,4.614999771118164,4.65500020980835,4.611599922180176,4.639999866485596,61556,0.0,0.0
2024-02-22 09:30:00-05:00,4.630000114440918,4.639999866485596,4.570000171661377,4.5894999504089355,72492,0.0,0.0
2024-02-22 10:30:00-05:00,4.579999923706055,4.599999904632568,4.570000171661377,4.590000152587891,34660,0.0,0.0
2024-02-22 11:30:00-05:00,4.590000152587891,4.605000019073486,4.581299781799316,4.599999904632568,19960,0.0,0.0
2024-02-22 12:30:00-05:00,4.599999904632568,4.610000133514404,4.579999923706055,4.579999923706055,49208,0.0,0.0
2024-02-22 13:30:00-05:00,4.574999809265137,4.58050012588501,4.559999942779541,4.578800201416016,25008,0.0,0.0
2024-02-22 14:30:00-05:00,4.574999809265137,4.574999809265137,4.5,4.510000228881836,46854,0.0,0.0
2024-02-22 15:30:00-05:00,4.51200008392334,4.51200008392334,4.460000038146973,4.46999979019165,95248,0.0,0.0
2024-02-23 09:30:00-05:00,4.489999771118164,4.5,4.409999847412109,4.440000057220459,83763,0.0,0.0
2024-02-23 10:30:00-05:00,4.448699951171875,4.5,4.445000171661377,4.489999771118164,33045,0.0,0.0
2024-02-23 11:30:00-05:00,4.494999885559082,4.534999847412109,4.480999946594238,4.519999980926514,31314,0.0,0.0
2024-02-23 12:30:00-05:00,4.519999980926514,4.519999980926514,4.489999771118164,4.494999885559082,19711,0.0,0.0
2024-02-23 13:30:00-05:00,4.499300003051758,4.518799781799316,4.474999904632568,4.474999904632568,25725,0.0,0.0
2024-02-23 14:30:00-05:00,4.480000019073486,4.485000133514404,4.440000057220459,4.445000171661377,16430,0.0,0.0
2024-02-23 15:30:00-05:00,4.445000171661377,4.445300102233887,4.409999847412109,4.409999847412109,34091,0.0,0.0
2024-02-26 09:30:00-05:00,4.400000095367432,4.409999847412109,4.320000171661377,4.34499979019165,73670,0.0,0.0
2024-02-26 10:30:00-05:00,4.34499979019165,4.389999866485596,4.342899799346924,4.389999866485596,58048,0.0,0.0
2024-02-26 11:30:00-05:00,4.385000228881836,4.389999866485596,4.369999885559082,4.385000228881836,22062,0.0,0.0
2024-02-26 12:30:00-05:00,4.385000228881836,4.385000228881836,4.289999961853027,4.299099922180176,57777,0.0,0.0
2024-02-26 13:30:00-05:00,4.295000076293945,4.349999904632568,4.294300079345703,4.34499979019165,51802,0.0,0.0
2024-02-26 14:30:00-05:00,4.349999904632568,4.360000133514404,4.329999923706055,4.335000038146973,46577,0.0,0.0
2024-02-26 15:30:00-05:00,4.337500095367432,4.360000133514404,4.320000171661377,4.320000171661377,62015,0.0,0.0
2024-02-27 09:30:00-05:00,4.380000114440918,4.451200008392334,4.369999885559082,4.380000114440918,69651,0.0,0.0
2024-02-27 10:30:00-05:00,4.389999866485596,4.440000057220459,4.380000114440918,4.429999828338623,33645,0.0,0.0
2024-02-27 11:30:00-05:00,4.440000057220459,4.460000038146973,4.429999828338623,4.449999809265137,27035,0.0,0.0
2024-02-27 12:30:00-05:00,4.440700054168701,4.5,4.440700054168701,4.46999979019165,39544,0.0,0.0
2024-02-27 13:30:00-05:00,4.465000152587891,4.510000228881836,4.460000038146973,4.465000152587891,97197,0.0,0.0
2024-02-27 14:30:00-05:00,4.465000152587891,4.46999979019165,4.449999809265137,4.46999979019165,29822,0.0,0.0
2024-02-27 15:30:00-05:00,4.46999979019165,4.46999979019165,4.429999828338623,4.429999828338623,54264,0.0,0.0
2024-02-28 09:30:00-05:00,4.289999961853027,4.400000095367432,3.7750000953674316,3.865000009536743,508556,0.0,0.0
2024-02-28 10:30:00-05:00,3.859999895095825,3.990000009536743,3.8399999141693115,3.8798999786376953,392692,0.0,0.0
2024-02-28 11:30:00-05:00,3.875,3.934999942779541,3.805000066757202,3.869499921798706,271214,0.0,0.0
2024-02-28 12:30:00-05:00,3.869999885559082,4.025000095367432,3.8698999881744385,3.875,277218,0.0,0.0
2024-02-28 13:30:00-05:00,3.875,3.890000104904175,3.759999990463257,3.7899999618530273,207441,0.0,0.0
2024-02-28 14:30:00-05:00,3.7850000858306885,3.7899999618530273,3.6798999309539795,3.7599000930786133,296170,0.0,0.0
2024-02-28 15:30:00-05:00,3.755000114440918,3.759999990463257,3.6500000953674316,3.680000066757202,205523,0.0,0.0
2024-02-29 09:30:00-05:00,3.7899999618530273,3.8399999141693115,3.7200000286102295,3.74399995803833,181097,0.0,0.0
2024-02-29 10:30:00-05:00,3.75,3.759999990463257,3.5999999046325684,3.6050000190734863,101832,0.0,0.0
2024-02-29 11:30:00-05:00,3.6050000190734863,3.609999895095825,3.5299999713897705,3.5299999713897705,103014,0.0,0.0
2024-02-29 12:30:00-05:00,3.537899971008301,3.559999942779541,3.5350000858306885,3.555000066757202,74164,0.0,0.0
2024-02-29 13:30:00-05:00,3.555000066757202,3.565000057220459,3.515000104904175,3.515000104904175,57509,0.0,0.0
2024-02-29 14:30:00-05:00,3.512200117111206,3.539900064468384,3.450000047683716,3.509999990463257,166350,0.0,0.0
2024-02-29 15:30:00-05:00,3.505000114440918,3.5299999713897705,3.5,3.509999990463257,119881,0.0,0.0
2024-03-01 09:30:00-05:00,3.549999952316284,3.549999952316284,3.440000057220459,3.4700000286102295,369080,0.0,0.0
2024-03-01 10:30:00-05:00,3.4749999046325684,3.569999933242798,3.4549999237060547,3.559999942779541,69499,0.0,0.0
2024-03-01 11:30:00-05:00,3.555000066757202,3.5999999046325684,3.5299999713897705,3.5899999141693115,53792,0.0,0.0
2024-03-01 12:30:00-05:00,3.598900079727173,3.619999885559082,3.5399999618530273,3.5399999618530273,49825,0.0,0.0
2024-03-01 13:30:00-05:00,3.5450000762939453,3.5850000381469727,3.5399999618530273,3.575000047683716,50160,0.0,0.0
2024-03-01 14:30:00-05:00,3.575000047683716,3.5950000286102295,3.565000057220459,3.5950000286102295,61449,0.0,0.0
2024-03-01 15:30:00-05:00,3.5899999141693115,3.5999999046325684,3.569999933242798,3.5850000381469727,57709,0.0,0.0
2024-03-04 09:30:00-05:00,3.5799999237060547,3.5799999237060547,3.434999942779541,3.444999933242798,205943,0.0,0.0
2024-03-04 10:30:00-05:00,3.4453999996185303,3.450000047683716,3.384999990463257,3.4000000953674316,160620,0.0,0.0
2024-03-04 11:30:00-05:00,3.3980000019073486,3.450000047683716,3.380000114440918,3.450000047683716,81596,0.0,0.0
2024-03-04 12:30:00-05:00,3.444999933242798,3.4800000190734863,3.440000057220459,3.440000057220459,76047,0.0,0.0
2024-03-04 13:30:00-05:00,3.440000057220459,3.440000057220459,3.380000114440918,3.390000104904175,103186,0.0,0.0
2024-03-04 14:30:00-05:00,3.3949999809265137,3.434999942779541,3.359999895095825,3.365000009536743,94188,0.0,0.0
2024-03-04 15:30:00-05:00,3.359999895095825,3.369999885559082,3.3299999237060547,3.3389999866485596,160244,0.0,0.0
2024-03-05 09:30:00-05:00,3.3299999237060547,3.4049999713897705,3.2899999618530273,3.4000000953674316,195643,0.0,0.0
2024-03-05 10:30:00-05:00,3.390000104904175,3.4549999237060547,3.390000104904175,3.440000057220459,116274,0.0,0.0
2024-03-05 11:30:00-05:00,3.434999942779541,3.434999942779541,3.390000104904175,3.4100000858306885,65963,0.0,0.0
2024-03-05 12:30:00-05:00,3.4000000953674316,3.4149999618530273,3.390000104904175,3.4149999618530273,62365,0.0,0.0
2024-03-05 13:30:00-05:00,3.4100000858306885,3.434999942779541,3.4100000858306885,3.424999952316284,61369,0.0,0.0
2024-03-05 14:30:00-05:00,3.428100109100342,3.428100109100342,3.359999895095825,3.380000114440918,57836,0.0,0.0
2024-03-05 15:30:00-05:00,3.375,3.375,3.299999952316284,3.309999942779541,136289,0.0,0.0
2024-03-06 09:30:00-05:00,3.369999885559082,3.5299999713897705,3.369999885559082,3.440000057220459,108467,0.0,0.0
2024-03-06 10:30:00-05:00,3.430000066757202,3.440000057220459,3.3949999809265137,3.434999942779541,44501,0.0,0.0
2024-03-06 11:30:00-05:00,3.435699939727783,3.4700000286102295,3.3949999809265137,3.4700000286102295,73539,0.0,0.0
2024-03-06 12:30:00-05:00,3.4600000381469727,3.5,3.450000047683716,3.4700000286102295,66053,0.0,0.0
2024-03-06 13:30:00-05:00,3.4700000286102295,3.4700000286102295,3.4000000953674316,3.4100000858306885,62774,0.0,0.0
2024-03-06 14:30:00-05:00,3.4100000858306885,3.430000066757202,3.3949999809265137,3.4200000762939453,48307,0.0,0.0
2024-03-06 15:30:00-05:00,3.430000066757202,3.4700000286102295,3.4200000762939453,3.4600000381469727,66001,0.0,0.0
2024-03-07 09:30:00-05:00,3.490000009536743,3.5399999618530273,3.490000009536743,3.490000009536743,61329,0.0,0.0
2024-03-07 10:30:00-05:00,3.494999885559082,3.509000062942505,3.4600000381469727,3.4800000190734863,72708,0.0,0.0
2024-03-07 11:30:00-05:00,3.4800000190734863,3.484999895095825,3.4600000381469727,3.4700000286102295,51024,0.0,0.0
2024-03-07 12:30:00-05:00,3.4700000286102295,3.4800000190734863,3.4600000381469727,3.4600000381469727,49336,0.0,0.0
2024-03-07 13:30:00-05:00,3.4649999141693115,3.490000009536743,3.4600000381469727,3.4700000286102295,53683,0.0,0.0
2024-03-07 14:30:00-05:00,3.4751999378204346,3.5399999618530273,3.4739999771118164,3.515000104904175,103735,0.0,0.0
2024-03-07 15:30:00-05:00,3.515000104904175,3.5299999713897705,3.509999990463257,3.5299999713897705,47217,0.0,0.0
2024-03-08 09:30:00-05:00,3.5899999141693115,3.717400074005127,3.5899999141693115,3.674999952316284,71888,0.0,0.0
2024-03-08 10:30:00-05:00,3.680000066757202,3.6898999214172363,3.5947000980377197,3.5947000980377197,47990,0.0,0.0
2024-03-08 11:30:00-05:00,3.5957999229431152,3.6198999881744385,3.5899999141693115,3.5950000286102295,20281,0.0,0.0
2024-03-08 12:30:00-05:00,3.5950000286102295,3.5999999046325684,3.549999952316284,3.5599000453948975,29795,0.0,0.0
2024-03-08 13:30:00-05:00,3.559999942779541,3.5899999141693115,3.5399999618530273,3.5799999237060547,35155,0.0,0.0
2024-03-08 14:30:00-05:00,3.5799999237060547,3.5799999237060547,3.549999952316284,3.559999942779541,41813,0.0,0.0
2024-03-08 15:30:00-05:00,3.549999952316284,3.569999933242798,3.549999952316284,3.549999952316284,32516,0.0,0.0
2024-03-11 09:30:00-04:00,3.549999952316284,3.5899999141693115,3.509999990463257,3.5250000953674316,62638,0.0,0.0
2024-03-11 10:30:00-04:00,3.5201001167297363,3.5450000762939453,3.509999990463257,3.5250000953674316,26540,0.0,0.0
2024-03-11 11:30:00-04:00,3.5299999713897705,3.5399999618530273,3.5199999809265137,3.5350000858306885,34182,0.0,0.0
2024-03-11 12:30:00-04:00,3.5315001010894775,3.5399999618530273,3.515000104904175,3.5199999809265137,26272,0.0,0.0
2024-03-11 13:30:00-04:00,3.515000104904175,3.515000104904175,3.4934000968933105,3.494999885559082,46071,0.0,0.0
2024-03-11 14:30:00-04:00,3.494999885559082,3.509999990463257,3.490000009536743,3.505000114440918,26021,0.0,0.0
2024-03-11 15:30:00-04:00,3.5,3.5,3.4800000190734863,3.5,60335,0.0,0.0
2024-03-12 09:30:00-04:00,3.490000009536743,3.509999990463257,3.4100000858306885,3.424999952316284,62193,0.0,0.0
2024-03-12 10:30:00-04:00,3.430000066757202,3.4600000381469727,3.424999952316284,3.424999952316284,51569,0.0,0.0
2024-03-12 11:30:00-04:00,3.4200000762939453,3.4200000762939453,3.3399999141693115,3.3399999141693115,50206,0.0,0.0
2024-03-12 12:30:00-04:00,3.3450000286102295,3.369999885559082,3.3399999141693115,3.365000009536743,70305,0.0,0.0
2024-03-12 13:30:00-04:00,3.365000009536743,3.4100000858306885,3.351099967956543,3.399199962615967,49543,0.0,0.0
2024-03-12 14:30:00-04:00,3.4000000953674316,3.440000057220459,3.4000000953674316,3.440000057220459,39001,0.0,0.0
2024-03-12 15:30:00-04:00,3.440000057220459,3.4800000190734863,3.430000066757202,3.4800000190734863,98141,0.0,0.0
2024-03-13 09:30:00-04:00,3.4700000286102295,3.590100049972534,3.4700000286102295,3.490000009536743,77175,0.0,0.0
2024-03-13 10:30:00-04:00,3.490000009536743,3.490000009536743,3.4649999141693115,3.4700000286102295,25174,0.0,0.0
2024-03-13 11:30:00-04:00,3.4700000286102295,3.494999885559082,3.4649999141693115,3.490000009536743,29694,0.0,0.0
2024-03-13 12:30:00-04:00,3.490000009536743,3.5,3.4800000190734863,3.490000009536743,12436,0.0,0.0
2024-03-13 13:30:00-04:00,3.490000009536743,3.494999885559082,3.4700000286102295,3.4749999046325684,11406,0.0,0.0
2024-03-13 14:30:00-04:00,3.4749999046325684,3.4749999046325684,3.4200000762939453,3.424999952316284,33408,0.0,0.0
2024-03-13 15:30:00-04:00,3.430000066757202,3.450000047683716,3.4200000762939453,3.4200000762939453,45150,0.0,0.0
2024-03-14 09:30:00-04:00,3.4200000762939453,3.4200000762939453,3.325000047683716,3.3299999237060547,59941,0.0,0.0
2024-03-14 10:30:00-04:00,3.3399999141693115,3.4000000953674316,3.3399999141693115,3.3949999809265137,53003,0.0,0.0
2024-03-14 11:30:00-04:00,3.3975000381469727,3.4000000953674316,3.359999895095825,3.359999895095825,32217,0.0,0.0
2024-03-14 12:30:00-04:00,3.3550000190734863,3.3698999881744385,3.3450000286102295,3.3468000888824463,15686,0.0,0.0
2024-03-14 13:30:00-04:00,3.3399999141693115,3.380000114440918,3.3399999141693115,3.365000009536743,22184,0.0,0.0
2024-03-14 14:30:00-04:00,3.359999895095825,3.389400005340576,3.3499999046325684,3.380000114440918,85424,0.0,0.0
2024-03-14 15:30:00-04:00,3.384999990463257,3.424999952316284,3.384999990463257,3.4200000762939453,66583,0.0,0.0
2024-03-15 09:30:00-04:00,3.390000104904175,3.509999990463257,3.380000114440918,3.444999933242798,140393,0.0,0.0
2024-03-15 10:30:00-04:00,3.444999933242798,3.4600000381469727,3.424999952316284,3.424999952316284,20802,0.0,0.0
2024-03-15 11:30:00-04:00,3.424999952316284,3.424999952316284,3.391200065612793,3.391200065612793,13551,0.0,0.0
2024-03-15 12:30:00-04:00,3.3949999809265137,3.4100000858306885,3.380000114440918,3.390000104904175,12532,0.0,0.0
2024-03-15 13:30:00-04:00,3.3891000747680664,3.4100000858306885,3.380000114440918,3.4049999713897705,24776,0.0,0.0
2024-03-15 14:30:00-04:00,3.4000000953674316,3.4649999141693115,3.4000000953674316,3.4549999237060547,52051,0.0,0.0
2024-03-15 15:30:00-04:00,3.4600000381469727,3.5,3.4549999237060547,3.490000009536743,84859,0.0,0.0
2024-03-18 09:30:00-04:00,3.509999990463257,3.509999990463257,3.4049999713897705,3.4649999141693115,75268,0.0,0.0
2024-03-18 10:30:00-04:00,3.4649999141693115,3.4649999141693115,3.430000066757202,3.430000066757202,39077,0.0,0.0
2024-03-18 11:30:00-04:00,3.440000057220459,3.444999933242798,3.4149999618530273,3.4165000915527344,21780,0.0,0.0
2024-03-18 12:30:00-04:00,3.4200000762939453,3.4398999214172363,3.4200000762939453,3.434999942779541,26880,0.0,0.0
2024-03-18 13:30:00-04:00,3.434999942779541,3.450000047683716,3.4100000858306885,3.4149999618530273,24030,0.0,0.0
2024-03-18 14:30:00-04:00,3.4200000762939453,3.424999952316284,3.390000104904175,3.4049999713897705,27223,0.0,0.0
2024-03-18 15:30:00-04:00,3.4100000858306885,3.4100000858306885,3.390000104904175,3.4000000953674316,27225,0.0,0.0
2024-03-19 09:30:00-04:00,3.430000066757202,3.4700000286102295,3.359999895095825,3.359999895095825,71006,0.0,0.0
2024-03-19 10:30:00-04:00,3.359999895095825,3.390000104904175,3.3499999046325684,3.380000114440918,47439,0.0,0.0
2024-03-19 11:30:00-04:00,3.384999990463257,3.4000000953674316,3.380000114440918,3.3949999809265137,19453,0.0,0.0
2024-03-19 12:30:00-04:00,3.3993000984191895,3.4200000762939453,3.3949999809265137,3.404599905014038,26852,0.0,0.0
2024-03-19 13:30:00-04:00,3.409899950027466,3.4200000762939453,3.4000000953674316,3.4149999618530273,31683,0.0,0.0
2024-03-19 14:30:00-04:00,3.4200000762939453,3.4700000286102295,3.4200000762939453,3.4549999237060547,30767,0.0,0.0
2024-03-19 15:30:00-04:00,3.4549999237060547,3.4600000381469727,3.430000066757202,3.444999933242798,73337,0.0,0.0
2024-03-20 09:30:00-04:00,3.390000104904175,3.43969988822937,3.3301000595092773,3.4200000762939453,100386,0.0,0.0
2024-03-20 10:30:00-04:00,3.424999952316284,3.449899911880493,3.4200000762939453,3.4200000762939453,17076,0.0,0.0
2024-03-20 11:30:00-04:00,3.4200000762939453,3.430000066757202,3.4100000858306885,3.430000066757202,10700,0.0,0.0
2024-03-20 12:30:00-04:00,3.4200000762939453,3.430000066757202,3.4200000762939453,3.424999952316284,11540,0.0,0.0
2024-03-20 13:30:00-04:00,3.424999952316284,3.4700000286102295,3.4200000762939453,3.434999942779541,62344,0.0,0.0
2024-03-20 14:30:00-04:00,3.434999942779541,3.5350000858306885,3.4100000858306885,3.5350000858306885,115970,0.0,0.0
2024-03-20 15:30:00-04:00,3.5299999713897705,3.5450000762939453,3.5,3.5199999809265137,59508,0.0,0.0
2024-03-21 09:30:00-04:00,3.559999942779541,3.609999895095825,3.549999952316284,3.5957000255584717,66854,0.0,0.0
2024-03-21 10:30:00-04:00,3.5899999141693115,3.6198999881744385,3.5799999237060547,3.5850000381469727,36797,0.0,0.0
2024-03-21 11:30:00-04:00,3.5799999237060547,3.5899999141693115,3.550800085067749,3.555000066757202,22794,0.0,0.0
2024-03-21 12:30:00-04:00,3.549999952316284,3.565000057220459,3.5350000858306885,3.559999942779541,23652,0.0,0.0
2024-03-21 13:30:00-04:00,3.555000066757202,3.569999933242798,3.5315001010894775,3.569999933242798,27975,0.0,0.0
2024-03-21 14:30:00-04:00,3.565000057220459,3.5999999046325684,3.555000066757202,3.591099977493286,43120,0.0,0.0
2024-03-21 15:30:00-04:00,3.5999999046325684,3.630000114440918,3.5950000286102295,3.615999937057495,75510,0.0,0.0
2024-03-22 09:30:00-04:00,3.619999885559082,3.619999885559082,3.5,3.509999990463257,106853,0.0,0.0
2024-03-22 10:30:00-04:00,3.509999990463257,3.509999990463257,3.4200000762939453,3.4649999141693115,62103,0.0,0.0
2024-03-22 11:30:00-04:00,3.4697000980377197,3.4700000286102295,3.4000000953674316,3.4049999713897705,24338,0.0,0.0
2024-03-22 12:30:00-04:00,3.4100000858306885,3.450000047683716,3.4000000953674316,3.4200000762939453,36830,0.0,0.0
2024-03-22 13:30:00-04:00,3.4200000762939453,3.424999952316284,3.390000104904175,3.4161999225616455,30571,0.0,0.0
2024-03-22 14:30:00-04:00,3.4100000858306885,3.4200000762939453,3.390000104904175,3.4049999713897705,53880,0.0,0.0
2024-03-22 15:30:00-04:00,3.4049999713897705,3.4100000858306885,3.319999933242798,3.3350000381469727,163173,0.0,0.0
2024-03-25 09:30:00-04:00,3.369999885559082,3.509999990463257,3.359999895095825,3.365000009536743,145306,0.0,0.0
2024-03-25 10:30:00-04:00,3.369999885559082,3.440000057220459,3.3550000190734863,3.440000057220459,109795,0.0,0.0
2024-03-25 11:30:00-04:00,3.4300999641418457,3.440000057220459,3.380000114440918,3.390000104904175,49201,0.0,0.0
2024-03-25 12:30:00-04:00,3.390000104904175,3.4000000953674316,3.365000009536743,3.365000009536743,27946,0.0,0.0
2024-03-25 13:30:00-04:00,3.369999885559082,3.375,3.3499999046325684,3.359999895095825,41087,0.0,0.0
2024-03-25 14:30:00-04:00,3.359999895095825,3.359999895095825,3.3257999420166016,3.3450000286102295,81503,0.0,0.0
2024-03-25 15:30:00-04:00,3.3499999046325684,3.3499999046325684,3.3299999237060547,3.3399999141693115,38862,0.0,0.0
2024-03-26 09:30:00-04:00,3.390000104904175,3.3949999809265137,3.2899999618530273,3.359999895095825,201482,0.0,0.0
2024-03-26 10:30:00-04:00,3.359999895095825,3.359999895095825,3.299999952316284,3.315000057220459,58352,0.0,0.0
2024-03-26 11:30:00-04:00,3.3199000358581543,3.325000047683716,3.2699999809265137,3.2950000762939453,108768,0.0,0.0
2024-03-26 12:30:00-04:00,3.2899999618530273,3.299999952316284,3.2699999809265137,3.2750000953674316,27604,0.0,0.0
2024-03-26 13:30:00-04:00,3.2799999713897705,3.2992000579833984,3.255000114440918,3.2750000953674316,61014,0.0,0.0
2024-03-26 14:30:00-04:00,3.2750000953674316,3.2887001037597656,3.255000114440918,3.2750000953674316,106440,0.0,0.0
2024-03-26 15:30:00-04:00,3.2799999713897705,3.2799999713897705,3.240000009536743,3.244999885559082,88718,0.0,0.0
2024-03-27 09:30:00-04:00,3.265000104904175,3.3299999237060547,3.1700000762939453,3.2939000129699707,176467,0.0,0.0
2024-03-27 10:30:00-04:00,3.299999952316284,3.329900026321411,3.299999952316284,3.325000047683716,42660,0.0,0.0
2024-03-27 11:30:00-04:00,3.319999933242798,3.3499999046325684,3.299999952316284,3.3499999046325684,67043,0.0,0.0
2024-03-27 12:30:00-04:00,3.3499999046325684,3.369999885559082,3.3450000286102295,3.365000009536743,43452,0.0,0.0
2024-03-27 13:30:00-04:00,3.365000009536743,3.369999885559082,3.3299999237060547,3.3450000286102295,36008,0.0,0.0
2024-03-27 14:30:00-04:00,3.3499999046325684,3.369999885559082,3.3499999046325684,3.362499952316284,57282,0.0,0.0
2024-03-27 15:30:00-04:00,3.365000009536743,3.440000057220459,3.3550000190734863,3.438999891281128,156622,0.0,0.0
2024-03-28 09:30:00-04:00,3.4200000762939453,3.5399999618530273,3.4200000762939453,3.5399999618530273,96632,0.0,0.0
2024-03-28 10:30:00-04:00,3.5450000762939453,3.559999942779541,3.5299999713897705,3.5299999713897705,53971,0.0,0.0
2024-03-28 11:30:00-04:00,3.5299999713897705,3.5399999618530273,3.4800000190734863,3.5,47773,0.0,0.0
2024-03-28 12:30:00-04:00,3.5,3.5350000858306885,3.490000009536743,3.509999990463257,49805,0.0,0.0
2024-03-28 13:30:00-04:00,3.5118000507354736,3.5118000507354736,3.4800000190734863,3.4800000190734863,32305,0.0,0.0
2024-03-28 14:30:00-04:00,3.4800000190734863,3.549999952316284,3.4800000190734863,3.5299999713897705,62557,0.0,0.0
2024-03-28 15:30:00-04:00,3.5350000858306885,3.5399999618530273,3.509999990463257,3.515000104904175,106710,0.0,0.0
2024-04-01 09:30:00-04:00,3.5299999713897705,3.549999952316284,3.4100000858306885,3.4200000762939453,64000,0.0,0.0
2024-04-01 10:30:00-04:00,3.4100000858306885,3.444999933242798,3.4100000858306885,3.440000057220459,27263,0.0,0.0
2024-04-01 11:30:00-04:00,3.434999942779541,3.43969988822937,3.390000104904175,3.4289000034332275,52709,0.0,0.0
2024-04-01 12:30:00-04:00,3.4200000762939453,3.430000066757202,3.4000000953674316,3.4200000762939453,29259,0.0,0.0
2024-04-01 13:30:00-04:00,3.4200000762939453,3.4600000381469727,3.4200000762939453,3.430000066757202,57789,0.0,0.0
2024-04-01 14:30:00-04:00,3.430000066757202,3.440000057220459,3.4100000858306885,3.4100000858306885,36119,0.0,0.0
2024-04-01 15:30:00-04:00,3.4100000858306885,3.4149999618530273,3.3949999809265137,3.4000000953674316,52765,0.0,0.0
2024-04-02 09:30:00-04:00,3.369999885559082,3.369999885559082,3.319999933242798,3.3550000190734863,54827,0.0,0.0
2024-04-02 10:30:00-04:00,3.3598999977111816,3.4000000953674316,3.3508999347686768,3.3949999809265137,48509,0.0,0.0
2024-04-02 11:30:00-04:00,3.4000000953674316,3.4000000953674316,3.359999895095825,3.375,35956,0.0,0.0
2024-04-02 12:30:00-04:00,3.375,3.375,3.3299999237060547,3.3299999237060547,38387,0.0,0.0
2024-04-02 13:30:00-04:00,3.3299999237060547,3.3399999141693115,3.319999933242798,3.3350000381469727,29718,0.0,0.0
2024-04-02 14:30:00-04:00,3.3350000381469727,3.359999895095825,3.3299999237060547,3.3487000465393066,59364,0.0,0.0
2024-04-02 15:30:00-04:00,3.3399999141693115,3.3499999046325684,3.3299999237060547,3.3350000381469727,89380,0.0,0.0
2024-04-03 09:30:00-04:00,3.3399999141693115,3.380000114440918,3.3299999237060547,3.375,42811,0.0,0.0
2024-04-03 10:30:00-04:00,3.375,3.380000114440918,3.3499999046325684,3.3499999046325684,19575,0.0,0.0
2024-04-03 11:30:00-04:00,3.3550000190734863,3.380000114440918,3.3550000190734863,3.375,20022,0.0,0.0
2024-04-03 12:30:00-04:00,3.380000114440918,3.3949999809265137,3.380000114440918,3.380000114440918,18837,0.0,0.0
2024-04-03 13:30:00-04:00,3.380000114440918,3.380000114440918,3.3499999046325684,3.3550000190734863,29748,0.0,0.0
2024-04-03 14:30:00-04:00,3.3550000190734863,3.3568999767303467,3.3299999237060547,3.3299999237060547,36230,0.0,0.0
2024-04-03 15:30:00-04:00,3.3299999237060547,3.3399999141693115,3.325000047683716,3.3399999141693115,43981,0.0,0.0
2024-04-04 09:30:00-04:00,3.4100000858306885,3.4600000381469727,3.384999990463257,3.4368999004364014,65267,0.0,0.0
2024-04-04 10:30:00-04:00,3.434999942779541,3.444999933242798,3.4000000953674316,3.4149999618530273,38103,0.0,0.0
2024-04-04 11:30:00-04:00,3.4200000762939453,3.4200000762939453,3.4100000858306885,3.4149999618530273,17068,0.0,0.0
2024-04-04 12:30:00-04:00,3.4147000312805176,3.4200000762939453,3.4096999168395996,3.4149999618530273,22015,0.0,0.0
2024-04-04 13:30:00-04:00,3.4149999618530273,3.4200000762939453,3.3499999046325684,3.3550000190734863,57534,0.0,0.0
2024-04-04 14:30:00-04:00,3.3499999046325684,3.359999895095825,3.305000066757202,3.305000066757202,56969,0.0,0.0
2024-04-04 15:30:00-04:00,3.309999942779541,3.3299999237060547,3.299999952316284,3.3299999237060547,53433,0.0,0.0
2024-04-05 09:30:00-04:00,3.299999952316284,3.319999933242798,3.240000009536743,3.240000009536743,111249,0.0,0.0
2024-04-05 10:30:00-04:00,3.2428998947143555,3.2799999713897705,3.2428998947143555,3.255000114440918,34283,0.0,0.0
2024-04-05 11:30:00-04:00,3.255000114440918,3.305000066757202,3.255000114440918,3.305000066757202,28088,0.0,0.0
2024-04-05 12:30:00-04:00,3.305000066757202,3.319999933242798,3.2899999618530273,3.2899999618530273,25912,0.0,0.0
2024-04-05 13:30:00-04:00,3.2899999618530273,3.299999952316284,3.255000114440918,3.2850000858306885,40931,0.0,0.0
2024-04-05 14:30:00-04:00,3.2850000858306885,3.2899999618530273,3.259999990463257,3.2699999809265137,30468,0.0,0.0
2024-04-05 15:30:00-04:00,3.265000104904175,3.2699999809265137,3.25,3.255000114440918,53194,0.0,0.0
2024-04-08 09:30:00-04:00,3.299999952316284,3.3350000381469727,3.259999990463257,3.2699999809265137,65618,0.0,0.0
2024-04-08 10:30:00-04:00,3.2750000953674316,3.299999952316284,3.255000114440918,3.2899999618530273,95441,0.0,0.0
2024-04-08 11:30:00-04:00,3.2899999618530273,3.2899999618530273,3.2699999809265137,3.289900064468384,23482,0.0,0.0
2024-04-08 12:30:00-04:00,3.2813000679016113,3.305000066757202,3.280900001525879,3.299999952316284,43499,0.0,0.0
2024-04-08 13:30:00-04:00,3.299999952316284,3.309999942779541,3.2899999618530273,3.2950000762939453,34720,0.0,0.0
2024-04-08 14:30:00-04:00,3.2899999618530273,3.2950000762939453,3.265000104904175,3.2750000953674316,46799,0.0,0.0
2024-04-08 15:30:00-04:00,3.2699999809265137,3.2950000762939453,3.2699999809265137,3.2750000953674316,78015,0.0,0.0
2024-04-09 09:30:00-04:00,3.2799999713897705,3.369999885559082,3.2799999713897705,3.365000009536743,58617,0.0,0.0
2024-04-09 10:30:00-04:00,3.359999895095825,3.359999895095825,3.3329999446868896,3.3450000286102295,31574,0.0,0.0
2024-04-09 11:30:00-04:00,3.3499999046325684,3.375,3.3399999141693115,3.375,23568,0.0,0.0
2024-04-09 12:30:00-04:00,3.380000114440918,3.4100000858306885,3.365000009536743,3.4100000858306885,47776,0.0,0.0
2024-04-09 13:30:00-04:00,3.4100000858306885,3.4100000858306885,3.3550000190734863,3.359999895095825,35323,0.0,0.0
2024-04-09 14:30:00-04:00,3.359999895095825,3.3949999809265137,3.359999895095825,3.3949999809265137,52204,0.0,0.0
2024-04-09 15:30:00-04:00,3.4000000953674316,3.4000000953674316,3.390000104904175,3.4000000953674316,53224,0.0,0.0
2024-04-10 09:30:00-04:00,3.309999942779541,3.3299999237060547,3.190000057220459,3.249500036239624,93821,0.0,0.0
2024-04-10 10:30:00-04:00,3.244999885559082,3.25,3.191200017929077,3.216099977493286,52383,0.0,0.0
2024-04-10 11:30:00-04:00,3.218899965286255,3.218899965286255,3.1700000762939453,3.180000066757202,81448,0.0,0.0
2024-04-10 12:30:00-04:00,3.184999942779541,3.194999933242798,3.1500000953674316,3.1500000953674316,92384,0.0,0.0
2024-04-10 13:30:00-04:00,3.140000104904175,3.1700000762939453,3.119999885559082,3.119999885559082,100110,0.0,0.0
2024-04-10 14:30:00-04:00,3.130000114440918,3.1600000858306885,3.119999885559082,3.1500000953674316,73969,0.0,0.0
2024-04-10 15:30:00-04:00,3.1500000953674316,3.1700000762939453,3.134999990463257,3.1600000858306885,86221,0.0,0.0
2024-04-11 09:30:00-04:00,3.1700000762939453,3.2300000190734863,3.140000104904175,3.1549999713897705,54735,0.0,0.0
2024-04-11 10:30:00-04:00,3.1600000858306885,3.180000066757202,3.1500000953674316,3.180000066757202,32497,0.0,0.0
2024-04-11 11:30:00-04:00,3.174999952316284,3.2300000190734863,3.1700000762939453,3.194999933242798,63056,0.0,0.0
2024-04-11 12:30:00-04:00,3.194999933242798,3.2249999046325684,3.194999933242798,3.2149999141693115,65989,0.0,0.0
2024-04-11 13:30:00-04:00,3.2200000286102295,3.244999885559082,3.2100000381469727,3.2249999046325684,70391,0.0,0.0
2024-04-11 14:30:00-04:00,3.2249999046325684,3.240000009536743,3.2100000381469727,3.2325000762939453,74855,0.0,0.0
2024-04-11 15:30:00-04:00,3.234999895095825,3.25,3.2300000190734863,3.2300000190734863,37830,0.0,0.0
2024-04-12 09:30:00-04:00,3.2200000286102295,3.2699999809265137,3.200000047683716,3.234999895095825,81475,0.0,0.0
2024-04-12 10:30:00-04:00,3.234999895095825,3.259999990463257,3.2300000190734863,3.234999895095825,26056,0.0,0.0
2024-04-12 11:30:00-04:00,3.234999895095825,3.240000009536743,3.2100000381469727,3.2100000381469727,26495,0.0,0.0
2024-04-12 12:30:00-04:00,3.2100000381469727,3.2100000381469727,3.180000066757202,3.1984000205993652,65837,0.0,0.0
2024-04-12 13:30:00-04:00,3.1958000659942627,3.2149999141693115,3.180000066757202,3.184999942779541,57376,0.0,0.0
2024-04-12 14:30:00-04:00,3.184999942779541,3.184999942779541,3.1500000953674316,3.160099983215332,56417,0.0,0.0
2024-04-12 15:30:00-04:00,3.1649999618530273,3.180000066757202,3.1500000953674316,3.1600000858306885,51258,0.0,0.0
2024-04-15 09:30:00-04:00,3.190000057220459,3.2100000381469727,3.1500000953674316,3.184999942779541,97265,0.0,0.0
2024-04-15 10:30:00-04:00,3.184999942779541,3.2049999237060547,3.1700000762939453,3.174999952316284,46364,0.0,0.0
2024-04-15 11:30:00-04:00,3.180000066757202,3.199899911880493,3.1600000858306885,3.1600000858306885,20782,0.0,0.0
2024-04-15 12:30:00-04:00,3.1649999618530273,3.180000066757202,3.140000104904175,3.140000104904175,50948,0.0,0.0
2024-04-15 13:30:00-04:00,3.140000104904175,3.1600000858306885,3.130000114440918,3.132999897003174,83673,0.0,0.0
2024-04-15 14:30:00-04:00,3.134999990463257,3.1500000953674316,3.083400011062622,3.083400011062622,154068,0.0,0.0
2024-04-15 15:30:00-04:00,3.0850000381469727,3.0999999046325684,3.075000047683716,3.0799999237060547,149347,0.0,0.0
2024-04-16 09:30:00-04:00,3.069999933242798,3.0999999046325684,3.0199999809265137,3.0799999237060547,97076,0.0,0.0
2024-04-16 10:30:00-04:00,3.078900098800659,3.109999895095825,3.065000057220459,3.0882999897003174,58155,0.0,0.0
2024-04-16 11:30:00-04:00,3.0850000381469727,3.0996999740600586,3.059999942779541,3.0799999237060547,50093,0.0,0.0
2024-04-16 12:30:00-04:00,3.0799999237060547,3.0850000381469727,3.065000057220459,3.069999933242798,34406,0.0,0.0
2024-04-16 13:30:00-04:00,3.059999942779541,3.069999933242798,3.0450000762939453,3.0450000762939453,43660,0.0,0.0
2024-04-16 14:30:00-04:00,3.0399999618530273,3.059999942779541,3.0399999618530273,3.057499885559082,38016,0.0,0.0
2024-04-16 15:30:00-04:00,3.055000066757202,3.059999942779541,3.0399999618530273,3.0399999618530273,53322,0.0,0.0
2024-04-17 09:30:00-04:00,3.069999933242798,3.1198999881744385,3.069999933242798,3.075000047683716,35577,0.0,0.0
2024-04-17 10:30:00-04:00,3.0787999629974365,3.0787999629974365,3.0299999713897705,3.0350000858306885,64638,0.0,0.0
2024-04-17 11:30:00-04:00,3.0299999713897705,3.049999952316284,3.0199999809265137,3.0199999809265137,43820,0.0,0.0
2024-04-17 12:30:00-04:00,3.0199999809265137,3.049999952316284,3.009999990463257,3.049999952316284,94272,0.0,0.0
2024-04-17 13:30:00-04:00,3.055000066757202,3.130000114440918,3.055000066757202,3.0799999237060547,91762,0.0,0.0
2024-04-17 14:30:00-04:00,3.0799999237060547,3.1050000190734863,3.069999933242798,3.0899999141693115,84705,0.0,0.0
2024-04-17 15:30:00-04:00,3.0850000381469727,3.0899999141693115,3.069999933242798,3.0799999237060547,48749,0.0,0.0
2024-04-18 09:30:00-04:00,3.0899999141693115,3.109999895095825,3.0399999618530273,3.069999933242798,62247,0.0,0.0
2024-04-18 10:30:00-04:00,3.075000047683716,3.0899999141693115,3.059999942779541,3.059999942779541,49122,0.0,0.0
2024-04-18 11:30:00-04:00,3.059999942779541,3.0899999141693115,3.0399999618530273,3.075000047683716,141550,0.0,0.0
2024-04-18 12:30:00-04:00,3.069999933242798,3.075000047683716,3.0299999713897705,3.049999952316284,47553,0.0,0.0
2024-04-18 13:30:00-04:00,3.049999952316284,3.059999942779541,3.0250000953674316,3.0250000953674316,50560,0.0,0.0
2024-04-18 14:30:00-04:00,3.0250000953674316,3.039900064468384,3.015000104904175,3.0250000953674316,86722,0.0,0.0
2024-04-18 15:30:00-04:00,3.0299999713897705,3.059999942779541,3.0250000953674316,3.059999942779541,96969,0.0,0.0
2024-04-19 09:30:00-04:00,3.0399999618530273,3.109999895095825,3.0399999618530273,3.109999895095825,59649,0.0,0.0
2024-04-19 10:30:00-04:00,3.109999895095825,3.115000009536743,3.0799999237060547,3.1050000190734863,41788,0.0,0.0
2024-04-19 11:30:00-04:00,3.0999999046325684,3.130000114440918,3.0999999046325684,3.0999999046325684,36531,0.0,0.0
2024-04-19 12:30:00-04:00,3.1050000190734863,3.140000104904175,3.0999999046325684,3.140000104904175,65711,0.0,0.0
2024-04-19 13:30:00-04:00,3.140000104904175,3.1600000858306885,3.119999885559082,3.130000114440918,54056,0.0,0.0
2024-04-19 14:30:00-04:00,3.125,3.130000114440918,3.109999895095825,3.119999885559082,45646,0.0,0.0
2024-04-19 15:30:00-04:00,3.1250998973846436,3.1700000762939453,3.115000009536743,3.1700000762939453,80175,0.0,0.0
2024-04-22 09:30:00-04:00,3.1700000762939453,3.180000066757202,3.125,3.134999990463257,42495,0.0,0.0
2024-04-22 10:30:00-04:00,3.1338999271392822,3.134999990463257,3.1050000190734863,3.115000009536743,44093,0.0,0.0
2024-04-22 11:30:00-04:00,3.115000009536743,3.130000114440918,3.109999895095825,3.125,30337,0.0,0.0
2024-04-22 12:30:00-04:00,3.125,3.140000104904175,3.119999885559082,3.140000104904175,95401,0.0,0.0
2024-04-22 13:30:00-04:00,3.134999990463257,3.2200000286102295,3.130000114440918,3.2100000381469727,84686,0.0,0.0
2024-04-22 14:30:00-04:00,3.2149999141693115,3.255000114440918,3.2100000381469727,3.2200000286102295,73295,0.0,0.0
2024-04-22 15:30:00-04:00,3.2249999046325684,3.2799999713897705,3.2149999141693115,3.2799999713897705,75197,0.0,0.0
2024-04-23 09:30:00-04:00,3.259999990463257,3.3499999046325684,3.259999990463257,3.2799999713897705,52606,0.0,0.0
2024-04-23 10:30:00-04:00,3.2799999713897705,3.299999952316284,3.2699999809265137,3.2950000762939453,48703,0.0,0.0
2024-04-23 11:30:00-04:00,3.2899999618530273,3.2899999618530273,3.255000114440918,3.265000104904175,28278,0.0,0.0
2024-04-23 12:30:00-04:00,3.259999990463257,3.2799999713897705,3.244999885559082,3.2602999210357666,35253,0.0,0.0
2024-04-23 13:30:00-04:00,3.265000104904175,3.299999952316284,3.265000104904175,3.2799999713897705,27922,0.0,0.0
2024-04-23 14:30:00-04:00,3.288800001144409,3.3001999855041504,3.240000009536743,3.240000009536743,76893,0.0,0.0
2024-04-23 15:30:00-04:00,3.244999885559082,3.2699999809265137,3.240000009536743,3.2699999809265137,66142,0.0,0.0
2024-04-24 09:30:00-04:00,3.25,3.315000057220459,3.194999933242798,3.2799999713897705,95766,0.0,0.0
2024-04-24 10:30:00-04:00,3.2850000858306885,3.2850000858306885,3.240000009536743,3.240000009536743,17004,0.0,0.0
2024-04-24 11:30:00-04:00,3.246500015258789,3.2799999713897705,3.240000009536743,3.2750000953674316,31508,0.0,0.0
2024-04-24 12:30:00-04:00,3.2699999809265137,3.2699999809265137,3.240000009536743,3.265000104904175,40454,0.0,0.0
2024-04-24 13:30:00-04:00,3.265000104904175,3.2850000858306885,3.259999990463257,3.2850000858306885,23639,0.0,0.0
2024-04-24 14:30:00-04:00,3.2880001068115234,3.3350000381469727,3.2813000679016113,3.3350000381469727,46635,0.0,0.0
2024-04-24 15:30:00-04:00,3.3350000381469727,3.359999895095825,3.331199884414673,3.3450000286102295,47671,0.0,0.0
2024-04-25 09:30:00-04:00,3.2799999713897705,3.2899999618530273,3.2049999237060547,3.240000009536743,46185,0.0,0.0
2024-04-25 10:30:00-04:00,3.240000009536743,3.25,3.234999895095825,3.244999885559082,34872,0.0,0.0
2024-04-25 11:30:00-04:00,3.25,3.25,3.234999895095825,3.240000009536743,25445,0.0,0.0
2024-04-25 12:30:00-04:00,3.244999885559082,3.25,3.2300000190734863,3.234999895095825,27373,0.0,0.0
2024-04-25 13:30:00-04:00,3.234999895095825,3.259999990463257,3.2200000286102295,3.2249999046325684,44646,0.0,0.0
2024-04-25 14:30:00-04:00,3.2249999046325684,3.259999990463257,3.2200000286102295,3.259999990463257,54410,0.0,0.0
2024-04-25 15:30:00-04:00,3.259999990463257,3.259999990463257,3.2300000190734863,3.234999895095825,48231,0.0,0.0
2024-04-26 09:30:00-04:00,3.240000009536743,3.2899999618530273,3.2300000190734863,3.25,26401,0.0,0.0
2024-04-26 10:30:00-04:00,3.259999990463257,3.259999990463257,3.2200000286102295,3.2300000190734863,18818,0.0,0.0
2024-04-26 11:30:00-04:00,3.2300000190734863,3.2499001026153564,3.2300000190734863,3.240000009536743,18941,0.0,0.0
2024-04-26 12:30:00-04:00,3.2339999675750732,3.240000009536743,3.2200000286102295,3.2300000190734863,26306,0.0,0.0
2024-04-26 13:30:00-04:00,3.2300000190734863,3.2300000190734863,3.2200000286102295,3.2200000286102295,15162,0.0,0.0
2024-04-26 14:30:00-04:00,3.2200000286102295,3.244999885559082,3.2200000286102295,3.244999885559082,30813,0.0,0.0
2024-04-26 15:30:00-04:00,3.242799997329712,3.255000114440918,3.240000009536743,3.25,38447,0.0,0.0
2024-04-29 09:30:00-04:00,3.259999990463257,3.339400053024292,3.25,3.265000104904175,82540,0.0,0.0
2024-04-29 10:30:00-04:00,3.259999990463257,3.2699999809265137,3.25,3.255000114440918,37045,0.0,0.0
2024-04-29 11:30:00-04:00,3.255000114440918,3.2750000953674316,3.240000009536743,3.265000104904175,96618,0.0,0.0
2024-04-29 12:30:00-04:00,3.265000104904175,3.2799999713897705,3.259999990463257,3.2750000953674316,72522,0.0,0.0
2024-04-29 13:30:00-04:00,3.2750000953674316,3.279900074005127,3.259999990463257,3.2750000953674316,57593,0.0,0.0
2024-04-29 14:30:00-04:00,3.2750000953674316,3.315000057220459,3.259999990463257,3.299999952316284,57163,0.0,0.0
2024-04-29 15:30:00-04:00,3.305000066757202,3.309999942779541,3.2699999809265137,3.2699999809265137,63020,0.0,0.0
2024-04-30 09:30:00-04:00,3.25,3.25,3.1500000953674316,3.1700000762939453,89103,0.0,0.0
2024-04-30 10:30:00-04:00,3.1600000858306885,3.174999952316284,3.134999990463257,3.1500000953674316,42458,0.0,0.0
2024-04-30 11:30:00-04:00,3.1500000953674316,3.174999952316284,3.140000104904175,3.1600000858306885,47265,0.0,0.0
2024-04-30 12:30:00-04:00,3.1600000858306885,3.1700000762939453,3.130000114440918,3.1700000762939453,63520,0.0,0.0
2024-04-30 13:30:00-04:00,3.1700000762939453,3.180000066757202,3.1500000953674316,3.1500000953674316,42825,0.0,0.0
2024-04-30 14:30:00-04:00,3.1500000953674316,3.1600000858306885,3.130000114440918,3.1449999809265137,63667,0.0,0.0
2024-04-30 15:30:00-04:00,3.140000104904175,3.1449999809265137,3.119999885559082,3.119999885559082,75684,0.0,0.0
2024-05-01 09:30:00-04:00,3.130000114440918,3.1600000858306885,3.109999895095825,3.125,51166,0.0,0.0
2024-05-01 10:30:00-04:00,3.119999885559082,3.130000114440918,3.0999999046325684,3.119999885559082,45413,0.0,0.0
2024-05-01 11:30:00-04:00,3.125,3.180000066757202,3.109999895095825,3.180000066757202,74915,0.0,0.0
2024-05-01 12:30:00-04:00,3.174999952316284,3.2100000381469727,3.1700000762939453,3.184999942779541,91272,0.0,0.0
2024-05-01 13:30:00-04:00,3.180000066757202,3.2300000190734863,3.180000066757202,3.2100000381469727,65597,0.0,0.0
2024-05-01 14:30:00-04:00,3.2049999237060547,3.305000066757202,3.190000057220459,3.2699999809265137,105408,0.0,0.0
2024-05-01 15:30:00-04:00,3.265000104904175,3.2699999809265137,3.2100000381469727,3.2200000286102295,78867,0.0,0.0
2024-05-02 09:30:00-04:00,3.2699999809265137,3.2950000762939453,3.240000009536743,3.2950000762939453,73069,0.0,0.0
2024-05-02 10:30:00-04:00,3.2950000762939453,3.299999952316284,3.2699999809265137,3.2899999618530273,24099,0.0,0.0
2024-05-02 11:30:00-04:00,3.2899999618530273,3.3299999237060547,3.2899999618530273,3.3299999237060547,32593,0.0,0.0
2024-05-02 12:30:00-04:00,3.325000047683716,3.3499999046325684,3.315000057220459,3.3499999046325684,37382,0.0,0.0
2024-05-02 13:30:00-04:00,3.3450000286102295,3.369999885559082,3.3299999237060547,3.369999885559082,76560,0.0,0.0
2024-05-02 14:30:00-04:00,3.369999885559082,3.4000000953674316,3.369999885559082,3.380000114440918,73413,0.0,0.0
2024-05-02 15:30:00-04:00,3.380000114440918,3.4100000858306885,3.375,3.4000000953674316,55103,0.0,0.0
2024-05-03 09:30:00-04:00,3.4600000381469727,3.5199999809265137,3.440000057220459,3.4800000190734863,124276,0.0,0.0
2024-05-03 10:30:00-04:00,3.4800000190734863,3.5,3.4700000286102295,3.494999885559082,60933,0.0,0.0
2024-05-03 11:30:00-04:00,3.5,3.5199999809265137,3.450000047683716,3.490000009536743,50108,0.0,0.0
2024-05-03 12:30:00-04:00,3.490000009536743,3.494999885559082,3.4700000286102295,3.4700000286102295,37334,0.0,0.0
2024-05-03 13:30:00-04:00,3.4700000286102295,3.4700000286102295,3.450000047683716,3.4549999237060547,24423,0.0,0.0
2024-05-03 14:30:00-04:00,3.450000047683716,3.4600000381469727,3.4100000858306885,3.434999942779541,43262,0.0,0.0
2024-05-03 15:30:00-04:00,3.434999942779541,3.450000047683716,3.4200000762939453,3.450000047683716,42019,0.0,0.0
2024-05-06 09:30:00-04:00,3.4800000190734863,3.509999990463257,3.424999952316284,3.444999933242798,80937,0.0,0.0
2024-05-06 10:30:00-04:00,3.444999933242798,3.444999933242798,3.4000000953674316,3.4149999618530273,54867,0.0,0.0
2024-05-06 11:30:00-04:00,3.4149999618530273,3.440000057220459,3.4049999713897705,3.424999952316284,44268,0.0,0.0
2024-05-06 12:30:00-04:00,3.424999952316284,3.440000057220459,3.4100000858306885,3.4300999641418457,39165,0.0,0.0
2024-05-06 13:30:00-04:00,3.434999942779541,3.5,3.430000066757202,3.4800000190734863,42999,0.0,0.0
2024-05-06 14:30:00-04:00,3.484999895095825,3.484999895095825,3.450000047683716,3.4749999046325684,32190,0.0,0.0
2024-05-06 15:30:00-04:00,3.4749999046325684,3.509999990463257,3.4749999046325684,3.509999990463257,40076,0.0,0.0
2024-05-07 09:30:00-04:00,3.5299999713897705,3.5299999713897705,3.4700000286102295,3.4700000286102295,53478,0.0,0.0
2024-05-07 10:30:00-04:00,3.4700000286102295,3.490000009536743,3.4260001182556152,3.4260001182556152,35961,0.0,0.0
2024-05-07 11:30:00-04:00,3.4296000003814697,3.440000057220459,3.4000000953674316,3.4000000953674316,29494,0.0,0.0
2024-05-07 12:30:00-04:00,3.4000000953674316,3.4000000953674316,3.365000009536743,3.369999885559082,29777,0.0,0.0
2024-05-07 13:30:00-04:00,3.369999885559082,3.390000104904175,3.3399999141693115,3.359999895095825,58599,0.0,0.0
2024-05-07 14:30:00-04:00,3.365000009536743,3.4000000953674316,3.3499999046325684,3.359999895095825,165042,0.0,0.0
2024-05-07 15:30:00-04:00,3.359999895095825,3.396899938583374,3.359999895095825,3.384999990463257,40303,0.0,0.0
2024-05-08 09:30:00-04:00,3.3299999237060547,3.3299999237060547,3.265000104904175,3.2950000762939453,69932,0.0,0.0
2024-05-08 10:30:00-04:00,3.309999942779541,3.319999933242798,3.2950000762939453,3.305000066757202,29551,0.0,0.0
2024-05-08 11:30:00-04:00,3.309999942779541,3.3499999046325684,3.299999952316284,3.3350000381469727,39802,0.0,0.0
2024-05-08 12:30:00-04:00,3.3350000381469727,3.3399999141693115,3.2899999618530273,3.2899999618530273,66112,0.0,0.0
2024-05-08 13:30:00-04:00,3.2899999618530273,3.319999933242798,3.2899999618530273,3.299999952316284,56063,0.0,0.0
2024-05-08 14:30:00-04:00,3.299999952316284,3.3299999237060547,3.299999952316284,3.319999933242798,55104,0.0,0.0
2024-05-08 15:30:00-04:00,3.325000047683716,3.3299999237060547,3.309999942779541,3.3299999237060547,63067,0.0,0.0
2024-05-09 09:30:00-04:00,3.4100000858306885,3.5399999618530273,3.390500068664551,3.4649999141693115,256252,0.0,0.0
2024-05-09 10:30:00-04:00,3.4700000286102295,3.5350000858306885,3.4200000762939453,3.4700000286102295,250440,0.0,0.0
2024-05-09 11:30:00-04:00,3.462599992752075,3.4700000286102295,3.384999990463257,3.390000104904175,78039,0.0,0.0
2024-05-09 12:30:00-04:00,3.390000104904175,3.434999942779541,3.3499999046325684,3.390000104904175,101409,0.0,0.0
2024-05-09 13:30:00-04:00,3.380000114440918,3.4149999618530273,3.380000114440918,3.390000104904175,60702,0.0,0.0
2024-05-09 14:30:00-04:00,3.390000104904175,3.4100000858306885,3.369999885559082,3.4000000953674316,65701,0.0,0.0
2024-05-09 15:30:00-04:00,3.4049999713897705,3.4149999618530273,3.390000104904175,3.4000000953674316,74579,0.0,0.0
2024-05-10 09:30:00-04:00,3.4100000858306885,3.5399999618530273,3.3299999237060547,3.4200000762939453,672933,0.0,0.0
2024-05-10 10:30:00-04:00,3.424999952316284,3.6600000858306885,3.424999952316284,3.4549999237060547,384616,0.0,0.0
2024-05-10 11:30:00-04:00,3.4549999237060547,3.4800000190734863,3.430000066757202,3.4749999046325684,62207,0.0,0.0
2024-05-10 12:30:00-04:00,3.4700000286102295,3.559999942779541,3.434999942779541,3.559999942779541,88983,0.0,0.0
2024-05-10 13:30:00-04:00,3.569999933242798,3.7049999237060547,3.569999933242798,3.684999942779541,94763,0.0,0.0
2024-05-10 14:30:00-04:00,3.690000057220459,3.7049999237060547,3.640000104904175,3.6909000873565674,159347,0.0,0.0
2024-05-10 15:30:00-04:00,3.694999933242798,3.7300000190734863,3.694999933242798,3.7200000286102295,148449,0.0,0.0
2024-05-13 09:30:00-04:00,3.7899999618530273,3.869999885559082,3.7699999809265137,3.7699999809265137,239976,0.0,0.0
2024-05-13 10:30:00-04:00,3.7799999713897705,3.8069000244140625,3.7249999046325684,3.7249999046325684,103064,0.0,0.0
2024-05-13 11:30:00-04:00,3.700000047683716,3.765000104904175,3.694999933242798,3.734999895095825,146614,0.0,0.0
2024-05-13 12:30:00-04:00,3.7300000190734863,3.7399001121520996,3.7100000381469727,3.7100000381469727,37690,0.0,0.0
2024-05-13 13:30:00-04:00,3.7149999141693115,3.740000009536743,3.7100000381469727,3.734999895095825,66731,0.0,0.0
2024-05-13 14:30:00-04:00,3.7300000190734863,3.765000104904175,3.7300000190734863,3.740000009536743,96741,0.0,0.0
2024-05-13 15:30:00-04:00,3.7400999069213867,3.75,3.7300000190734863,3.7300000190734863,148866,0.0,0.0
2024-05-14 09:30:00-04:00,3.7699999809265137,3.871299982070923,3.7699999809265137,3.7899999618530273,247114,0.0,0.0
2024-05-14 10:30:00-04:00,3.7950000762939453,3.819999933242798,3.7797000408172607,3.799999952316284,54352,0.0,0.0
2024-05-14 11:30:00-04:00,3.809999942779541,3.825000047683716,3.75,3.759999990463257,114273,0.0,0.0
2024-05-14 12:30:00-04:00,3.755000114440918,3.759999990463257,3.7049999237060547,3.7300000190734863,56249,0.0,0.0
2024-05-14 13:30:00-04:00,3.7249999046325684,3.75,3.7200000286102295,3.734999895095825,43995,0.0,0.0
2024-05-14 14:30:00-04:00,3.734999895095825,3.75,3.7200000286102295,3.7200000286102295,73565,0.0,0.0
2024-05-14 15:30:00-04:00,3.7249999046325684,3.75,3.7100000381469727,3.7100000381469727,122986,0.0,0.0
2024-05-15 09:30:00-04:00,3.7899999618530273,3.809999942779541,3.759999990463257,3.7850000858306885,72236,0.0,0.0
2024-05-15 10:30:00-04:00,3.7899999618530273,3.809999942779541,3.7699999809265137,3.7699999809265137,86265,0.0,0.0
2024-05-15 11:30:00-04:00,3.759999990463257,3.7899999618530273,3.75,3.7850000858306885,71299,0.0,0.0
2024-05-15 12:30:00-04:00,3.7899999618530273,3.8299999237060547,3.7750000953674316,3.7750000953674316,70188,0.0,0.0
2024-05-15 13:30:00-04:00,3.7750000953674316,3.789900064468384,3.759999990463257,3.7699999809265137,35291,0.0,0.0
2024-05-15 14:30:00-04:00,3.7699999809265137,3.799999952316284,3.759999990463257,3.7699999809265137,54700,0.0,0.0
2024-05-15 15:30:00-04:00,3.7750000953674316,3.779900074005127,3.7300000190734863,3.734999895095825,93578,0.0,0.0
2024-05-16 09:30:00-04:00,3.700000047683716,3.759999990463257,3.680000066757202,3.7009999752044678,127595,0.0,0.0
2024-05-16 10:30:00-04:00,3.7049999237060547,3.7200000286102295,3.700000047683716,3.7149999141693115,36755,0.0,0.0
2024-05-16 11:30:00-04:00,3.7149999141693115,3.765000104904175,3.7100000381469727,3.765000104904175,41576,0.0,0.0
2024-05-16 12:30:00-04:00,3.759999990463257,3.765000104904175,3.7300000190734863,3.740000009536743,55204,0.0,0.0
2024-05-16 13:30:00-04:00,3.740000009536743,3.7599000930786133,3.7200000286102295,3.7200000286102295,57966,0.0,0.0
2024-05-16 14:30:00-04:00,3.7200000286102295,3.744999885559082,3.7100000381469727,3.7200000286102295,64767,0.0,0.0
2024-05-16 15:30:00-04:00,3.7249999046325684,3.744999885559082,3.7125000953674316,3.7200000286102295,77228,0.0,0.0
2024-05-17 09:30:00-04:00,3.7100000381469727,3.7200000286102295,3.640000104904175,3.6565001010894775,92286,0.0,0.0
2024-05-17 10:30:00-04:00,3.6549999713897705,3.6549999713897705,3.630000114440918,3.630000114440918,40662,0.0,0.0
2024-05-17 11:30:00-04:00,3.630000114440918,3.700000047683716,3.619999885559082,3.6700000762939453,77659,0.0,0.0
2024-05-17 12:30:00-04:00,3.6738998889923096,3.684999942779541,3.6500000953674316,3.6500000953674316,42031,0.0,0.0
2024-05-17 13:30:00-04:00,3.6500000953674316,3.6596999168395996,3.619999885559082,3.619999885559082,30411,0.0,0.0
2024-05-17 14:30:00-04:00,3.619999885559082,3.6649999618530273,3.5999999046325684,3.640000104904175,121473,0.0,0.0
2024-05-17 15:30:00-04:00,3.640000104904175,3.680000066757202,3.640000104904175,3.6700000762939453,70468,0.0,0.0
2024-05-20 09:30:00-04:00,3.680000066757202,3.7100000381469727,3.6500000953674316,3.6500000953674316,46945,0.0,0.0
2024-05-20 10:30:00-04:00,3.6600000858306885,3.690000057220459,3.6500000953674316,3.680000066757202,47928,0.0,0.0
2024-05-20 11:30:00-04:00,3.6800999641418457,3.7699999809265137,3.680000066757202,3.690000057220459,228406,0.0,0.0
2024-05-20 12:30:00-04:00,3.690000057220459,3.7300000190734863,3.690000057220459,3.7249999046325684,75156,0.0,0.0
2024-05-20 13:30:00-04:00,3.7200000286102295,3.740000009536743,3.7100000381469727,3.7100000381469727,51668,0.0,0.0
2024-05-20 14:30:00-04:00,3.7149999141693115,3.7200000286102295,3.700000047683716,3.7100000381469727,33484,0.0,0.0
2024-05-20 15:30:00-04:00,3.7100000381469727,3.719099998474121,3.690000057220459,3.690000057220459,53409,0.0,0.0
2024-05-21 09:30:00-04:00,3.6700000762939453,3.740000009536743,3.6614999771118164,3.734999895095825,66120,0.0,0.0
2024-05-21 10:30:00-04:00,3.7300000190734863,3.740000009536743,3.7200000286102295,3.7200000286102295,25878,0.0,0.0
2024-05-21 11:30:00-04:00,3.7200000286102295,3.7295000553131104,3.684999942779541,3.700000047683716,91638,0.0,0.0
2024-05-21 12:30:00-04:00,3.700000047683716,3.759999990463257,3.700000047683716,3.7200000286102295,33105,0.0,0.0
2024-05-21 13:30:00-04:00,3.7249999046325684,3.734999895095825,3.7100000381469727,3.7249999046325684,28177,0.0,0.0
2024-05-21 14:30:00-04:00,3.7200000286102295,3.740000009536743,3.7100000381469727,3.7200000286102295,34638,0.0,0.0
2024-05-21 15:30:00-04:00,3.7200000286102295,3.75,3.7200000286102295,3.75,57265,0.0,0.0
2024-05-22 09:30:00-04:00,3.7200000286102295,3.740000009536743,3.684999942779541,3.690000057220459,43162,0.0,0.0
2024-05-22 10:30:00-04:00,3.690000057220459,3.7249999046325684,3.690000057220459,3.690000057220459,104637,0.0,0.0
2024-05-22 11:30:00-04:00,3.690000057220459,3.7249999046325684,3.680000066757202,3.7049999237060547,26951,0.0,0.0
2024-05-22 12:30:00-04:00,3.700000047683716,3.7249999046325684,3.700000047683716,3.7149999141693115,32138,0.0,0.0
2024-05-22 13:30:00-04:00,3.7100000381469727,3.7200000286102295,3.6600000858306885,3.6600000858306885,47302,0.0,0.0
2024-05-22 14:30:00-04:00,3.6600000858306885,3.6600000858306885,3.625,3.640000104904175,69454,0.0,0.0
2024-05-22 15:30:00-04:00,3.630000114440918,3.640000104904175,3.609999895095825,3.615000009536743,48726,0.0,0.0
2024-05-23 09:30:00-04:00,3.619999885559082,3.619999885559082,3.440000057220459,3.440000057220459,116928,0.0,0.0
2024-05-23 10:30:00-04:00,3.444999933242798,3.549999952316284,3.440000057220459,3.509999990463257,163034,0.0,0.0
2024-05-23 11:30:00-04:00,3.509999990463257,3.5799999237060547,3.505000114440918,3.5450000762939453,95568,0.0,0.0
2024-05-23 12:30:00-04:00,3.549999952316284,3.549999952316284,3.484999895095825,3.490000009536743,30677,0.0,0.0
2024-05-23 13:30:00-04:00,3.490000009536743,3.490000009536743,3.434999942779541,3.434999942779541,49749,0.0,0.0
2024-05-23 14:30:00-04:00,3.434999942779541,3.450000047683716,3.4200000762939453,3.4200000762939453,52179,0.0,0.0
2024-05-23 15:30:00-04:00,3.422499895095825,3.4800000190734863,3.4100000858306885,3.4549999237060547,140984,0.0,0.0
2024-05-24 09:30:00-04:00,3.490000009536743,3.509999990463257,3.4600000381469727,3.4800000190734863,54454,0.0,0.0
2024-05-24 10:30:00-04:00,3.4800000190734863,3.509999990463257,3.4600000381469727,3.505000114440918,75685,0.0,0.0
2024-05-24 11:30:00-04:00,3.505000114440918,3.5399999618530273,3.494999885559082,3.509999990463257,25465,0.0,0.0
2024-05-24 12:30:00-04:00,3.509999990463257,3.5199999809265137,3.490000009536743,3.494999885559082,34386,0.0,0.0
2024-05-24 13:30:00-04:00,3.490000009536743,3.509999990463257,3.4800000190734863,3.5,33563,0.0,0.0
2024-05-24 14:30:00-04:00,3.507499933242798,3.509999990463257,3.484999895095825,3.494999885559082,25176,0.0,0.0
2024-05-24 15:30:00-04:00,3.494999885559082,3.5299999713897705,3.490000009536743,3.5299999713897705,52014,0.0,0.0
2024-05-28 09:30:00-04:00,3.5899999141693115,3.6649999618530273,3.569999933242798,3.619999885559082,71899,0.0,0.0
2024-05-28 10:30:00-04:00,3.619999885559082,3.634999990463257,3.5899999141693115,3.619999885559082,47575,0.0,0.0
2024-05-28 11:30:00-04:00,3.619999885559082,3.6500000953674316,3.5999999046325684,3.64520001411438,52972,0.0,0.0
2024-05-28 12:30:00-04:00,3.6600000858306885,3.684999942779541,3.640000104904175,3.680000066757202,44619,0.0,0.0
2024-05-28 13:30:00-04:00,3.674999952316284,3.690000057220459,3.630000114440918,3.640000104904175,46819,0.0,0.0
2024-05-28 14:30:00-04:00,3.630000114440918,3.6500000953674316,3.619999885559082,3.619999885559082,37536,0.0,0.0
2024-05-28 15:30:00-04:00,3.619999885559082,3.640000104904175,3.619999885559082,3.619999885559082,65913,0.0,0.0
2024-05-29 09:30:00-04:00,3.5899999141693115,3.5899999141693115,3.509999990463257,3.569999933242798,66250,0.0,0.0
2024-05-29 10:30:00-04:00,3.5399999618530273,3.569999933242798,3.5299999713897705,3.565000057220459,37281,0.0,0.0
2024-05-29 11:30:00-04:00,3.559999942779541,3.569999933242798,3.5399999618530273,3.565000057220459,20248,0.0,0.0
2024-05-29 12:30:00-04:00,3.565000057220459,3.575000047683716,3.5299999713897705,3.5332000255584717,20393,0.0,0.0
2024-05-29 13:30:00-04:00,3.5399999618530273,3.5399999618530273,3.5250000953674316,3.5250000953674316,19036,0.0,0.0
2024-05-29 14:30:00-04:00,3.525399923324585,3.535099983215332,3.5199999809265137,3.5299999713897705,36243,0.0,0.0
2024-05-29 15:30:00-04:00,3.5299999713897705,3.5399999618530273,3.5199999809265137,3.5199999809265137,48021,0.0,0.0
2024-05-30 09:30:00-04:00,3.569999933242798,3.630000114440918,3.559999942779541,3.575000047683716,54181,0.0,0.0
2024-05-30 10:30:00-04:00,3.569999933242798,3.634999990463257,3.559999942779541,3.634999990463257,40549,0.0,0.0
2024-05-30 11:30:00-04:00,3.630000114440918,3.6449999809265137,3.609999895095825,3.6449999809265137,22564,0.0,0.0
2024-05-30 12:30:00-04:00,3.6449999809265137,3.6500000953674316,3.630000114440918,3.6449999809265137,28515,0.0,0.0
2024-05-30 13:30:00-04:00,3.6470999717712402,3.6649999618530273,3.640000104904175,3.6549999713897705,26596,0.0,0.0
2024-05-30 14:30:00-04:00,3.6600000858306885,3.674999952316284,3.640000104904175,3.6549999713897705,51213,0.0,0.0
2024-05-30 15:30:00-04:00,3.6600000858306885,3.680000066757202,3.6500000953674316,3.680000066757202,60212,0.0,0.0
2024-05-31 09:30:00-04:00,3.75,3.7899999618530273,3.700000047683716,3.7799999713897705,88424,0.0,0.0
2024-05-31 10:30:00-04:00,3.7850000858306885,3.7950000762939453,3.765000104904175,3.7799999713897705,46489,0.0,0.0
2024-05-31 11:30:00-04:00,3.7750000953674316,3.7797999382019043,3.7200000286102295,3.740000009536743,69835,0.0,0.0
2024-05-31 12:30:00-04:00,3.744999885559082,3.7899999618530273,3.744999885559082,3.7899999618530273,63016,0.0,0.0
2024-05-31 13:30:00-04:00,3.7899999618530273,3.8450000286102295,3.7846999168395996,3.8392999172210693,30790,0.0,0.0
2024-05-31 14:30:00-04:00,3.8350000381469727,3.8399999141693115,3.7950000762939453,3.799999952316284,57838,0.0,0.0
2024-05-31 15:30:00-04:00,3.7950000762939453,3.799999952316284,3.740000009536743,3.755000114440918,96625,0.0,0.0
2024-06-03 09:30:00-04:00,3.7699999809265137,3.799999952316284,3.75,3.789900064468384,49037,0.0,0.0
2024-06-03 10:30:00-04:00,3.7899999618530273,3.7899999618530273,3.740000009536743,3.744999885559082,31168,0.0,0.0
2024-06-03 11:30:00-04:00,3.740000009536743,3.740000009536743,3.690000057220459,3.7100000381469727,30203,0.0,0.0
2024-06-03 12:30:00-04:00,3.700000047683716,3.75,3.690000057220459,3.75,21613,0.0,0.0
2024-06-03 13:30:00-04:00,3.759999990463257,3.7799999713897705,3.755000114440918,3.7750000953674316,31090,0.0,0.0
2024-06-03 14:30:00-04:00,3.7699999809265137,3.7850000858306885,3.759999990463257,3.7750000953674316,30652,0.0,0.0
2024-06-03 15:30:00-04:00,3.7750000953674316,3.8499999046325684,3.7699999809265137,3.8499999046325684,79994,0.0,0.0
2024-06-04 09:30:00-04:00,3.809999942779541,3.8299999237060547,3.734999895095825,3.740000009536743,46859,0.0,0.0
2024-06-04 10:30:00-04:00,3.740000009536743,3.755000114440918,3.7249999046325684,3.734999895095825,37788,0.0,0.0
2024-06-04 11:30:00-04:00,3.73799991607666,3.73799991607666,3.7012999057769775,3.7300000190734863,22429,0.0,0.0
2024-06-04 12:30:00-04:00,3.7300000190734863,3.75,3.7200000286102295,3.75,24408,0.0,0.0
2024-06-04 13:30:00-04:00,3.744999885559082,3.759999990463257,3.7100000381469727,3.719899892807007,42755,0.0,0.0
2024-06-04 14:30:00-04:00,3.7149999141693115,3.75,3.700000047683716,3.7249999046325684,75247,0.0,0.0
2024-06-04 15:30:00-04:00,3.7200000286102295,3.7300000190734863,3.700000047683716,3.7049999237060547,26708,0.0,0.0
2024-06-05 09:30:00-04:00,3.7300000190734863,3.7300000190734863,3.640000104904175,3.6449999809265137,112159,0.0,0.0
2024-06-05 10:30:00-04:00,3.6449999809265137,3.6449999809265137,3.5899999141693115,3.6050000190734863,120690,0.0,0.0
2024-06-05 11:30:00-04:00,3.609999895095825,3.619999885559082,3.5899999141693115,3.5950000286102295,28799,0.0,0.0
2024-06-05 12:30:00-04:00,3.599900007247925,3.5999999046325684,3.5799999237060547,3.5899999141693115,25969,0.0,0.0
2024-06-05 13:30:00-04:00,3.5899999141693115,3.595599889755249,3.5799999237060547,3.5799999237060547,29592,0.0,0.0
2024-06-05 14:30:00-04:00,3.5799999237060547,3.5899999141693115,3.565000057220459,3.569999933242798,24176,0.0,0.0
2024-06-05 15:30:00-04:00,3.569999933242798,3.5799999237060547,3.559999942779541,3.569999933242798,86912,0.0,0.0
2024-06-06 09:30:00-04:00,3.549999952316284,3.5850000381469727,3.5299999713897705,3.555000066757202,41989,0.0,0.0
2024-06-06 10:30:00-04:00,3.549999952316284,3.559999942779541,3.490000009536743,3.5199999809265137,128127,0.0,0.0
2024-06-06 11:30:00-04:00,3.515000104904175,3.5153000354766846,3.490000009536743,3.494999885559082,21857,0.0,0.0
2024-06-06 12:30:00-04:00,3.490000009536743,3.5199999809265137,3.490000009536743,3.5199999809265137,21453,0.0,0.0
2024-06-06 13:30:00-04:00,3.5199999809265137,3.5399999618530273,3.5,3.5,15140,0.0,0.0
2024-06-06 14:30:00-04:00,3.5,3.529900074005127,3.4800000190734863,3.5199999809265137,58634,0.0,0.0
2024-06-06 15:30:00-04:00,3.5288000106811523,3.569999933242798,3.5199999809265137,3.559999942779541,49342,0.0,0.0
2024-06-07 09:30:00-04:00,3.559999942779541,3.559999942779541,3.490000009536743,3.5450000762939453,30566,0.0,0.0
2024-06-07 10:30:00-04:00,3.5350000858306885,3.5350000858306885,3.450000047683716,3.4798998832702637,99190,0.0,0.0
2024-06-07 11:30:00-04:00,3.4749999046325684,3.490000009536743,3.4700000286102295,3.47979998588562,8607,0.0,0.0
2024-06-07 12:30:00-04:00,3.4800000190734863,3.4800000190734863,3.440000057220459,3.4498000144958496,28829,0.0,0.0
2024-06-07 13:30:00-04:00,3.4498000144958496,3.5,3.4449000358581543,3.4549999237060547,82977,0.0,0.0
2024-06-07 14:30:00-04:00,3.450000047683716,3.4649999141693115,3.450000047683716,3.450000047683716,21854,0.0,0.0
2024-06-07 15:30:00-04:00,3.4600000381469727,3.4800000190734863,3.450000047683716,3.4700000286102295,35348,0.0,0.0
2024-06-10 09:30:00-04:00,3.450000047683716,3.490000009536743,3.424999952316284,3.434999942779541,47119,0.0,0.0
2024-06-10 10:30:00-04:00,3.430000066757202,3.4749999046325684,3.4100000858306885,3.450000047683716,84790,0.0,0.0
2024-06-10 11:30:00-04:00,3.450000047683716,3.4600000381469727,3.4200000762939453,3.4549999237060547,20212,0.0,0.0
2024-06-10 12:30:00-04:00,3.4600000381469727,3.4700000286102295,3.450000047683716,3.4549999237060547,25695,0.0,0.0
2024-06-10 13:30:00-04:00,3.450000047683716,3.4600000381469727,3.450000047683716,3.450000047683716,16288,0.0,0.0
2024-06-10 14:30:00-04:00,3.4535999298095703,3.509999990463257,3.450000047683716,3.494999885559082,100651,0.0,0.0
2024-06-10 15:30:00-04:00,3.5,3.5,3.4800000190734863,3.490000009536743,28044,0.0,0.0
2024-06-11 09:30:00-04:00,3.440000057220459,3.4700000286102295,3.390000104904175,3.4200000762939453,101197,0.0,0.0
2024-06-11 10:30:00-04:00,3.4200000762939453,3.424999952316284,3.4030001163482666,3.4200000762939453,14016,0.0,0.0
2024-06-11 11:30:00-04:00,3.424999952316284,3.424999952316284,3.4000000953674316,3.4049999713897705,18276,0.0,0.0
2024-06-11 12:30:00-04:00,3.4049999713897705,3.4200000762939453,3.4000000953674316,3.4149999618530273,25665,0.0,0.0
2024-06-11 13:30:00-04:00,3.418100118637085,3.430000066757202,3.4100000858306885,3.430000066757202,22056,0.0,0.0
2024-06-11 14:30:00-04:00,3.424999952316284,3.430000066757202,3.4100000858306885,3.424999952316284,25750,0.0,0.0
2024-06-11 15:30:00-04:00,3.4200000762939453,3.434999942779541,3.4100000858306885,3.424999952316284,38993,0.0,0.0
2024-06-12 09:30:00-04:00,3.549999952316284,3.6449999809265137,3.450000047683716,3.609999895095825,54708,0.0,0.0
2024-06-12 10:30:00-04:00,3.5950000286102295,3.625,3.5799999237060547,3.5999999046325684,27716,0.0,0.0
2024-06-12 11:30:00-04:00,3.5950000286102295,3.60509991645813,3.5850000381469727,3.5910000801086426,17735,0.0,0.0
2024-06-12 12:30:00-04:00,3.597100019454956,3.597100019454956,3.5450000762939453,3.569999933242798,36172,0.0,0.0
2024-06-12 13:30:00-04:00,3.559999942779541,3.575000047683716,3.5399999618530273,3.549999952316284,27849,0.0,0.0
2024-06-12 14:30:00-04:00,3.549999952316284,3.565000057220459,3.4549999237060547,3.4600000381469727,51836,0.0,0.0
2024-06-12 15:30:00-04:00,3.4600000381469727,3.4600000381469727,3.430000066757202,3.440000057220459,47065,0.0,0.0
2024-06-13 09:30:00-04:00,3.450000047683716,3.4700000286102295,3.4179999828338623,3.440000057220459,42318,0.0,0.0
2024-06-13 10:30:00-04:00,3.424999952316284,3.440000057220459,3.4200000762939453,3.440000057220459,22547,0.0,0.0
2024-06-13 11:30:00-04:00,3.444999933242798,3.450000047683716,3.430000066757202,3.450000047683716,20233,0.0,0.0
2024-06-13 12:30:00-04:00,3.4549999237060547,3.4749999046325684,3.444999933242798,3.4649999141693115,27254,0.0,0.0
2024-06-13 13:30:00-04:00,3.4600000381469727,3.4800000190734863,3.450000047683716,3.4547998905181885,33832,0.0,0.0
2024-06-13 14:30:00-04:00,3.4549999237060547,3.484999895095825,3.451200008392334,3.4649999141693115,27945,0.0,0.0
2024-06-13 15:30:00-04:00,3.4700000286102295,3.4700000286102295,3.4600000381469727,3.4649999141693115,32015,0.0,0.0
2024-06-14 09:30:00-04:00,3.430000066757202,3.4700000286102295,3.4000000953674316,3.450000047683716,66357,0.0,0.0
2024-06-14 10:30:00-04:00,3.440000057220459,3.4591000080108643,3.440000057220459,3.453900098800659,19504,0.0,0.0
2024-06-14 11:30:00-04:00,3.450000047683716,3.4549999237060547,3.440000057220459,3.450000047683716,13960,0.0,0.0
2024-06-14 12:30:00-04:00,3.444999933242798,3.4600000381469727,3.434999942779541,3.440000057220459,25283,0.0,0.0
2024-06-14 13:30:00-04:00,3.440000057220459,3.444999933242798,3.4200000762939453,3.4200000762939453,27675,0.0,0.0
2024-06-14 14:30:00-04:00,3.4200000762939453,3.440000057220459,3.4149999618530273,3.434999942779541,34105,0.0,0.0
2024-06-14 15:30:00-04:00,3.434999942779541,3.444999933242798,3.430000066757202,3.440000057220459,37199,0.0,0.0
2024-06-17 09:30:00-04:00,3.4100000858306885,3.434999942779541,3.380000114440918,3.390199899673462,35877,0.0,0.0
2024-06-17 10:30:00-04:00,3.390000104904175,3.390000104904175,3.359999895095825,3.376300096511841,15888,0.0,0.0
2024-06-17 11:30:00-04:00,3.375,3.375,3.299999952316284,3.325000047683716,98657,0.0,0.0
2024-06-17 12:30:00-04:00,3.3299999237060547,3.3399999141693115,3.319999933242798,3.325000047683716,27382,0.0,0.0
2024-06-17 13:30:00-04:00,3.325000047683716,3.3450000286102295,3.319999933242798,3.3399999141693115,21445,0.0,0.0
2024-06-17 14:30:00-04:00,3.3399999141693115,3.3499999046325684,3.319999933242798,3.325000047683716,21178,0.0,0.0
2024-06-17 15:30:00-04:00,3.319999933242798,3.369999885559082,3.319999933242798,3.365000009536743,61095,0.0,0.0
2024-06-18 09:30:00-04:00,3.380000114440918,3.4200000762939453,3.359999895095825,3.380000114440918,57595,0.0,0.0
2024-06-18 10:30:00-04:00,3.384999990463257,3.408799886703491,3.375,3.390000104904175,28214,0.0,0.0
2024-06-18 11:30:00-04:00,3.390000104904175,3.4149999618530273,3.380000114440918,3.4100000858306885,20522,0.0,0.0
2024-06-18 12:30:00-04:00,3.4049999713897705,3.4049999713897705,3.369999885559082,3.369999885559082,60971,0.0,0.0
2024-06-18 13:30:00-04:00,3.369999885559082,3.3852999210357666,3.365000009536743,3.365000009536743,34025,0.0,0.0
2024-06-18 14:30:00-04:00,3.369999885559082,3.375,3.3450000286102295,3.3450000286102295,43077,0.0,0.0
2024-06-18 15:30:00-04:00,3.3450000286102295,3.4000000953674316,3.3443000316619873,3.369999885559082,121441,0.0,0.0
2024-06-20 09:30:00-04:00,3.3399999141693115,3.365000009536743,3.319999933242798,3.365000009536743,37541,0.0,0.0
2024-06-20 10:30:00-04:00,3.359999895095825,3.359999895095825,3.309999942779541,3.315000057220459,16424,0.0,0.0
2024-06-20 11:30:00-04:00,3.309999942779541,3.3299999237060547,3.309999942779541,3.309999942779541,41604,0.0,0.0
2024-06-20 12:30:00-04:00,3.309999942779541,3.3350000381469727,3.309999942779541,3.325000047683716,39623,0.0,0.0
2024-06-20 13:30:00-04:00,3.319999933242798,3.3450000286102295,3.315000057220459,3.3399999141693115,80150,0.0,0.0
2024-06-20 14:30:00-04:00,3.3399999141693115,3.380000114440918,3.319999933242798,3.3550000190734863,137972,0.0,0.0
2024-06-20 15:30:00-04:00,3.3550000190734863,3.369999885559082,3.3399999141693115,3.359999895095825,95526,0.0,0.0
2024-06-21 09:30:00-04:00,3.359999895095825,3.359999895095825,3.325000047683716,3.3499999046325684,183591,0.0,0.0
2024-06-21 10:30:00-04:00,3.3450000286102295,3.359999895095825,3.3399999141693115,3.3550000190734863,27258,0.0,0.0
2024-06-21 11:30:00-04:00,3.3550000190734863,3.359999895095825,3.3452999591827393,3.3499999046325684,32636,0.0,0.0
2024-06-21 12:30:00-04:00,3.3598999977111816,3.390000104904175,3.3499999046325684,3.380000114440918,19003,0.0,0.0
2024-06-21 13:30:00-04:00,3.384999990463257,3.440000057220459,3.384999990463257,3.425100088119507,33676,0.0,0.0
2024-06-21 14:30:00-04:00,3.430000066757202,3.4600000381469727,3.4100000858306885,3.4600000381469727,57086,0.0,0.0
2024-06-21 15:30:00-04:00,3.4600000381469727,3.4649999141693115,3.4100000858306885,3.4100000858306885,106990,0.0,0.0
2024-06-24 09:30:00-04:00,3.4000000953674316,3.4110000133514404,3.3499999046325684,3.359999895095825,129346,0.0,0.0
2024-06-24 10:30:00-04:00,3.359999895095825,3.375,3.3299999237060547,3.3299999237060547,54143,0.0,0.0
2024-06-24 11:30:00-04:00,3.3350000381469727,3.3550000190734863,3.305000066757202,3.3450000286102295,70980,0.0,0.0
2024-06-24 12:30:00-04:00,3.3450000286102295,3.3499999046325684,3.315000057220459,3.349299907684326,35695,0.0,0.0
2024-06-24 13:30:00-04:00,3.3499999046325684,3.365000009536743,3.3399999141693115,3.359999895095825,32341,0.0,0.0
2024-06-24 14:30:00-04:00,3.3694000244140625,3.4200000762939453,3.359999895095825,3.4200000762939453,83892,0.0,0.0
2024-06-24 15:30:00-04:00,3.4200000762939453,3.4200000762939453,3.390000104904175,3.390000104904175,30607,0.0,0.0
2024-06-25 09:30:00-04:00,3.4100000858306885,3.4200000762939453,3.365000009536743,3.369999885559082,80098,0.0,0.0
2024-06-25 10:30:00-04:00,3.369999885559082,3.380000114440918,3.3399999141693115,3.3450000286102295,29766,0.0,0.0
2024-06-25 11:30:00-04:00,3.3450000286102295,3.3499999046325684,3.3299999237060547,3.3450000286102295,54745,0.0,0.0
2024-06-25 12:30:00-04:00,3.3399999141693115,3.3499999046325684,3.3299999237060547,3.3450000286102295,24916,0.0,0.0
2024-06-25 13:30:00-04:00,3.347399950027466,3.359999895095825,3.3299999237060547,3.3499999046325684,51055,0.0,0.0
2024-06-25 14:30:00-04:00,3.3499999046325684,3.359999895095825,3.3399999141693115,3.3499999046325684,43661,0.0,0.0
2024-06-25 15:30:00-04:00,3.3550000190734863,3.3594000339508057,3.319999933242798,3.319999933242798,148123,0.0,0.0
2024-06-26 09:30:00-04:00,3.3299999237060547,3.3299999237060547,3.305000066757202,3.325000047683716,72335,0.0,0.0
2024-06-26 10:30:00-04:00,3.325000047683716,3.3299999237060547,3.309999942779541,3.325000047683716,22187,0.0,0.0
2024-06-26 11:30:00-04:00,3.3299999237060547,3.3399999141693115,3.309999942779541,3.315000057220459,45704,0.0,0.0
2024-06-26 12:30:00-04:00,3.309999942779541,3.3399999141693115,3.309999942779541,3.3299999237060547,52028,0.0,0.0
2024-06-26 13:30:00-04:00,3.3289999961853027,3.3350000381469727,3.315000057220459,3.319999933242798,44053,0.0,0.0
2024-06-26 14:30:00-04:00,3.319999933242798,3.3450000286102295,3.319999933242798,3.3350000381469727,107770,0.0,0.0
2024-06-26 15:30:00-04:00,3.3350000381469727,3.390000104904175,3.3301000595092773,3.390000104904175,80036,0.0,0.0
2024-06-27 09:30:00-04:00,3.380000114440918,3.4100000858306885,3.369999885559082,3.3949999809265137,37261,0.0,0.0
2024-06-27 10:30:00-04:00,3.3949999809265137,3.440000057220459,3.390000104904175,3.4149999618530273,43708,0.0,0.0
2024-06-27 11:30:00-04:00,3.4149999618530273,3.430000066757202,3.4100000858306885,3.4149999618530273,42808,0.0,0.0
2024-06-27 12:30:00-04:00,3.4149999618530273,3.4149999618530273,3.390000104904175,3.3949999809265137,77659,0.0,0.0
2024-06-27 13:30:00-04:00,3.3949999809265137,3.4200000762939453,3.3949999809265137,3.4100000858306885,58219,0.0,0.0
2024-06-27 14:30:00-04:00,3.4149999618530273,3.430000066757202,3.390000104904175,3.424999952316284,60995,0.0,0.0
2024-06-27 15:30:00-04:00,3.424999952316284,3.494999885559082,3.424999952316284,3.494999885559082,110204,0.0,0.0
2024-06-28 09:30:00-04:00,3.450000047683716,3.484999895095825,3.430000066757202,3.484999895095825,52582,0.0,0.0
2024-06-28 10:30:00-04:00,3.490000009536743,3.5299999713897705,3.4800000190734863,3.505000114440918,55342,0.0,0.0
2024-06-28 11:30:00-04:00,3.505000114440918,3.515000104904175,3.4700000286102295,3.475399971008301,30760,0.0,0.0
2024-06-28 12:30:00-04:00,3.4749999046325684,3.4800000190734863,3.4549999237060547,3.45989990234375,20516,0.0,0.0
2024-06-28 13:30:00-04:00,3.450000047683716,3.450000047683716,3.430000066757202,3.444999933242798,29307,0.0,0.0
2024-06-28 14:30:00-04:00,3.440000057220459,3.509999990463257,3.440000057220459,3.484999895095825,130767,0.0,0.0
2024-06-28 15:30:00-04:00,3.4892001152038574,3.609999895095825,3.4749999046325684,3.5899999141693115,374865,0.0,0.0
2024-07-01 09:30:00-04:00,3.5799999237060547,3.6305999755859375,3.4999001026153564,3.505000114440918,108377,0.0,0.0
2024-07-01 10:30:00-04:00,3.5,3.5,3.4300999641418457,3.440000057220459,43789,0.0,0.0
2024-07-01 11:30:00-04:00,3.450000047683716,3.4749999046325684,3.4321999549865723,3.4749999046325684,44980,0.0,0.0
2024-07-01 12:30:00-04:00,3.4749999046325684,3.4798998832702637,3.440000057220459,3.4649999141693115,40609,0.0,0.0
2024-07-01 13:30:00-04:00,3.4649999141693115,3.490000009536743,3.460099935531616,3.4800000190734863,49312,0.0,0.0
2024-07-01 14:30:00-04:00,3.4700000286102295,3.4800000190734863,3.4600000381469727,3.4649999141693115,39371,0.0,0.0
2024-07-01 15:30:00-04:00,3.4700000286102295,3.4800000190734863,3.4649999141693115,3.4649999141693115,54507,0.0,0.0
2024-07-02 09:30:00-04:00,3.390000104904175,3.424999952316284,3.384999990463257,3.4200000762939453,91317,0.0,0.0
2024-07-02 10:30:00-04:00,3.4100000858306885,3.424999952316284,3.4049999713897705,3.4149999618530273,19049,0.0,0.0
2024-07-02 11:30:00-04:00,3.4149999618530273,3.430000066757202,3.4100000858306885,3.4149999618530273,31266,0.0,0.0
2024-07-02 12:30:00-04:00,3.4200000762939453,3.4200000762939453,3.3949999809265137,3.4026999473571777,25763,0.0,0.0
2024-07-02 13:30:00-04:00,3.4000000953674316,3.4100000858306885,3.390000104904175,3.404599905014038,27928,0.0,0.0
2024-07-02 14:30:00-04:00,3.4049999713897705,3.430000066757202,3.4035000801086426,3.424999952316284,27151,0.0,0.0
2024-07-02 15:30:00-04:00,3.424999952316284,3.450000047683716,3.4200000762939453,3.434999942779541,41340,0.0,0.0
2024-07-03 09:30:00-04:00,3.430000066757202,3.496799945831299,3.430000066757202,3.494999885559082,31200,0.0,0.0
2024-07-03 10:30:00-04:00,3.494999885559082,3.509999990463257,3.4649999141693115,3.4649999141693115,26081,0.0,0.0
2024-07-03 11:30:00-04:00,3.4649999141693115,3.5,3.450000047683716,3.4749999046325684,43202,0.0,0.0
2024-07-05 09:30:00-04:00,3.490000009536743,3.490000009536743,3.4200000762939453,3.444999933242798,43842,0.0,0.0
2024-07-05 10:30:00-04:00,3.444999933242798,3.4595000743865967,3.430000066757202,3.430000066757202,30841,0.0,0.0
2024-07-05 11:30:00-04:00,3.430000066757202,3.4398999214172363,3.4000000953674316,3.4000000953674316,20690,0.0,0.0
2024-07-05 12:30:00-04:00,3.4049999713897705,3.4049999713897705,3.380000114440918,3.384999990463257,39467,0.0,0.0
2024-07-05 13:30:00-04:00,3.384999990463257,3.390000104904175,3.359999895095825,3.359999895095825,15809,0.0,0.0
2024-07-05 14:30:00-04:00,3.365000009536743,3.369999885559082,3.3450000286102295,3.3499999046325684,42820,0.0,0.0
2024-07-05 15:30:00-04:00,3.3550000190734863,3.359999895095825,3.3399999141693115,3.359999895095825,34733,0.0,0.0
2024-07-08 09:30:00-04:00,3.4000000953674316,3.434999942779541,3.380000114440918,3.430000066757202,52983,0.0,0.0
2024-07-08 10:30:00-04:00,3.4200000762939453,3.450000047683716,3.4100000858306885,3.4149999618530273,29465,0.0,0.0
2024-07-08 11:30:00-04:00,3.4100000858306885,3.4158999919891357,3.390000104904175,3.4149999618530273,35976,0.0,0.0
2024-07-08 12:30:00-04:00,3.4149999618530273,3.440000057220459,3.4100000858306885,3.4100000858306885,32272,0.0,0.0
2024-07-08 13:30:00-04:00,3.4149999618530273,3.449700117111206,3.4100000858306885,3.444999933242798,28848,0.0,0.0
2024-07-08 14:30:00-04:00,3.444999933242798,3.4700000286102295,3.430000066757202,3.4649999141693115,49134,0.0,0.0
2024-07-08 15:30:00-04:00,3.4649999141693115,3.4649999141693115,3.4600000381469727,3.4600000381469727,39107,0.0,0.0
2024-07-09 09:30:00-04:00,3.440000057220459,3.440000057220459,3.359999895095825,3.375,46145,0.0,0.0
2024-07-09 10:30:00-04:00,3.369999885559082,3.380000114440918,3.365000009536743,3.365000009536743,23364,0.0,0.0
2024-07-09 11:30:00-04:00,3.365000009536743,3.380000114440918,3.3499999046325684,3.3499999046325684,57139,0.0,0.0
2024-07-09 12:30:00-04:00,3.3499999046325684,3.380000114440918,3.3399999141693115,3.3499999046325684,42670,0.0,0.0
2024-07-09 13:30:00-04:00,3.3550000190734863,3.369999885559082,3.3399999141693115,3.369999885559082,33163,0.0,0.0
2024-07-09 14:30:00-04:00,3.359999895095825,3.3647000789642334,3.3399999141693115,3.3550000190734863,39928,0.0,0.0
2024-07-09 15:30:00-04:00,3.3550000190734863,3.359999895095825,3.3499999046325684,3.3499999046325684,27429,0.0,0.0
2024-07-10 09:30:00-04:00,3.4000000953674316,3.4049999713897705,3.3499999046325684,3.3499999046325684,33505,0.0,0.0
2024-07-10 10:30:00-04:00,3.349900007247925,3.358799934387207,3.3399999141693115,3.3450000286102295,22738,0.0,0.0
2024-07-10 11:30:00-04:00,3.3450000286102295,3.390000104904175,3.3399999141693115,3.384999990463257,33868,0.0,0.0
2024-07-10 12:30:00-04:00,3.380000114440918,3.4000000953674316,3.365000009536743,3.365000009536743,54507,0.0,0.0
2024-07-10 13:30:00-04:00,3.365000009536743,3.384999990463257,3.359999895095825,3.380000114440918,18336,0.0,0.0
2024-07-10 14:30:00-04:00,3.375,3.390000104904175,3.369999885559082,3.380000114440918,16252,0.0,0.0
2024-07-10 15:30:00-04:00,3.384999990463257,3.4149999618530273,3.380000114440918,3.4049999713897705,47426,0.0,0.0
2024-07-11 09:30:00-04:00,3.5,3.674999952316284,3.460200071334839,3.6540000438690186,102069,0.0,0.0
2024-07-11 10:30:00-04:00,3.6600000858306885,3.7200000286102295,3.6549999713897705,3.7149999141693115,65973,0.0,0.0
2024-07-11 11:30:00-04:00,3.7100000381469727,3.740000009536743,3.690000057220459,3.7249999046325684,41521,0.0,0.0
2024-07-11 12:30:00-04:00,3.7300000190734863,3.799999952316284,3.7300000190734863,3.799999952316284,49311,0.0,0.0
2024-07-11 13:30:00-04:00,3.799999952316284,3.799999952316284,3.759999990463257,3.7750000953674316,38184,0.0,0.0
2024-07-11 14:30:00-04:00,3.7799999713897705,3.7799999713897705,3.75,3.7799999713897705,41403,0.0,0.0
2024-07-11 15:30:00-04:00,3.7780001163482666,3.809999942779541,3.7780001163482666,3.805000066757202,67871,0.0,0.0
2024-07-12 09:30:00-04:00,3.8499999046325684,3.885999917984009,3.809999942779541,3.8801000118255615,80003,0.0,0.0
2024-07-12 10:30:00-04:00,3.875,3.9100000858306885,3.875,3.8801000118255615,61658,0.0,0.0
2024-07-12 11:30:00-04:00,3.884999990463257,3.890000104904175,3.8499999046325684,3.8499999046325684,25946,0.0,0.0
2024-07-12 12:30:00-04:00,3.8550000190734863,3.880000114440918,3.8299999237060547,3.867500066757202,42003,0.0,0.0
2024-07-12 13:30:00-04:00,3.869999885559082,3.9000000953674316,3.859999895095825,3.859999895095825,41736,0.0,0.0
2024-07-12 14:30:00-04:00,3.859999895095825,3.869999885559082,3.8399999141693115,3.8399999141693115,37185,0.0,0.0
2024-07-12 15:30:00-04:00,3.8499999046325684,3.859999895095825,3.799999952316284,3.809999942779541,81620,0.0,0.0
2024-07-15 09:30:00-04:00,3.880000114440918,3.934999942779541,3.865000009536743,3.8949999809265137,121219,0.0,0.0
2024-07-15 10:30:00-04:00,3.9000000953674316,3.934999942779541,3.8907999992370605,3.9300999641418457,32680,0.0,0.0
2024-07-15 11:30:00-04:00,3.934999942779541,3.940000057220459,3.903700113296509,3.903700113296509,26610,0.0,0.0
2024-07-15 12:30:00-04:00,3.9049999713897705,3.9049999713897705,3.859999895095825,3.890000104904175,29656,0.0,0.0
2024-07-15 13:30:00-04:00,3.884999990463257,3.9700000286102295,3.8719000816345215,3.9649999141693115,61726,0.0,0.0
2024-07-15 14:30:00-04:00,3.9649999141693115,3.9700000286102295,3.934999942779541,3.9649999141693115,49057,0.0,0.0
2024-07-15 15:30:00-04:00,3.9649999141693115,3.990000009536743,3.9649999141693115,3.990000009536743,101762,0.0,0.0
2024-07-16 09:30:00-04:00,4.03000020980835,4.074999809265137,4.0,4.050000190734863,86047,0.0,0.0
2024-07-16 10:30:00-04:00,4.039999961853027,4.059999942779541,4.025000095367432,4.045000076293945,31612,0.0,0.0
2024-07-16 11:30:00-04:00,4.050000190734863,4.059999942779541,4.010000228881836,4.034999847412109,42044,0.0,0.0
2024-07-16 12:30:00-04:00,4.03980016708374,4.039999961853027,4.014699935913086,4.039999961853027,22303,0.0,0.0
2024-07-16 13:30:00-04:00,4.045000076293945,4.090000152587891,4.045000076293945,4.074999809265137,31446,0.0,0.0
2024-07-16 14:30:00-04:00,4.074999809265137,4.110000133514404,4.074999809265137,4.09499979019165,31540,0.0,0.0
2024-07-16 15:30:00-04:00,4.09499979019165,4.170000076293945,4.090000152587891,4.170000076293945,87674,0.0,0.0
2024-07-17 09:30:00-04:00,4.150000095367432,4.230000019073486,4.119999885559082,4.170000076293945,84250,0.0,0.0
2024-07-17 10:30:00-04:00,4.164999961853027,4.179999828338623,4.120100021362305,4.159999847412109,46433,0.0,0.0
2024-07-17 11:30:00-04:00,4.159999847412109,4.179999828338623,4.150000095367432,4.150100231170654,33965,0.0,0.0
2024-07-17 12:30:00-04:00,4.150000095367432,4.15500020980835,4.09499979019165,4.130000114440918,31515,0.0,0.0
2024-07-17 13:30:00-04:00,4.130000114440918,4.200699806213379,4.130000114440918,4.199999809265137,43469,0.0,0.0
2024-07-17 14:30:00-04:00,4.190000057220459,4.21999979019165,4.170000076293945,4.184999942779541,55375,0.0,0.0
2024-07-17 15:30:00-04:00,4.184999942779541,4.195000171661377,4.139999866485596,4.139999866485596,55141,0.0,0.0
2024-07-18 09:30:00-04:00,4.110000133514404,4.215000152587891,4.079999923706055,4.215000152587891,50084,0.0,0.0
2024-07-18 10:30:00-04:00,4.21999979019165,4.224999904632568,4.15500020980835,4.15500020980835,44487,0.0,0.0
2024-07-18 11:30:00-04:00,4.159999847412109,4.179999828338623,4.099999904632568,4.099999904632568,35292,0.0,0.0
2024-07-18 12:30:00-04:00,4.105000019073486,4.139999866485596,4.105000019073486,4.130000114440918,23799,0.0,0.0
2024-07-18 13:30:00-04:00,4.135000228881836,4.135000228881836,4.03000020980835,4.03000020980835,33898,0.0,0.0
2024-07-18 14:30:00-04:00,4.025000095367432,4.025000095367432,3.9749999046325684,3.994999885559082,40843,0.0,0.0
2024-07-18 15:30:00-04:00,3.994999885559082,4.014999866485596,3.990000009536743,4.005000114440918,36193,0.0,0.0
2024-07-19 09:30:00-04:00,4.0,4.005000114440918,3.950000047683716,3.9749999046325684,49164,0.0,0.0
2024-07-19 10:30:00-04:00,3.9767000675201416,3.990000009536743,3.930999994277954,3.950000047683716,17350,0.0,0.0
2024-07-19 11:30:00-04:00,3.934999942779541,3.974400043487549,3.934999942779541,3.95989990234375,17537,0.0,0.0
2024-07-19 12:30:00-04:00,3.950000047683716,3.9800000190734863,3.950000047683716,3.9800000190734863,17103,0.0,0.0
2024-07-19 13:30:00-04:00,3.9800000190734863,4.0,3.9649999141693115,3.9649999141693115,14963,0.0,0.0
2024-07-19 14:30:00-04:00,3.9649999141693115,3.9700000286102295,3.940000057220459,3.9600000381469727,21336,0.0,0.0
2024-07-19 15:30:00-04:00,3.9600000381469727,3.9800000190734863,3.940000057220459,3.9800000190734863,66599,0.0,0.0
2024-07-22 09:30:00-04:00,4.010000228881836,4.03000020980835,3.934999942779541,3.9700000286102295,45850,0.0,0.0
2024-07-22 10:30:00-04:00,3.9749999046325684,4.034999847412109,3.9749999046325684,4.024499893188477,16014,0.0,0.0
2024-07-22 11:30:00-04:00,4.014999866485596,4.039999961853027,4.014999866485596,4.025000095367432,17125,0.0,0.0
2024-07-22 12:30:00-04:00,4.019999980926514,4.039999961853027,4.014999866485596,4.039700031280518,9055,0.0,0.0
2024-07-22 13:30:00-04:00,4.039999961853027,4.050000190734863,4.03000020980835,4.050000190734863,22834,0.0,0.0
2024-07-22 14:30:00-04:00,4.059999942779541,4.110000133514404,4.054999828338623,4.109899997711182,24980,0.0,0.0
2024-07-22 15:30:00-04:00,4.110000133514404,4.139999866485596,4.110000133514404,4.110000133514404,42624,0.0,0.0
2024-07-23 09:30:00-04:00,4.070000171661377,4.139500141143799,4.050000190734863,4.130000114440918,32670,0.0,0.0
2024-07-23 10:30:00-04:00,4.139999866485596,4.15500020980835,4.099999904632568,4.119999885559082,27479,0.0,0.0
2024-07-23 11:30:00-04:00,4.125,4.150000095367432,4.119999885559082,4.125,20124,0.0,0.0
2024-07-23 12:30:00-04:00,4.125,4.144999980926514,4.105000019073486,4.105000019073486,19741,0.0,0.0
2024-07-23 13:30:00-04:00,4.099999904632568,4.110000133514404,4.065000057220459,4.074999809265137,38768,0.0,0.0
2024-07-23 14:30:00-04:00,4.074999809265137,4.09499979019165,4.059999942779541,4.090000152587891,36149,0.0,0.0
2024-07-23 15:30:00-04:00,4.090000152587891,4.099999904632568,4.079999923706055,4.085000038146973,39271,0.0,0.0
2024-07-24 09:30:00-04:00,4.070000171661377,4.139999866485596,4.039999961853027,4.090000152587891,46009,0.0,0.0
2024-07-24 10:30:00-04:00,4.099999904632568,4.139999866485596,4.099999904632568,4.139999866485596,37250,0.0,0.0
2024-07-24 11:30:00-04:00,4.159999847412109,4.199999809265137,4.159999847412109,4.179999828338623,37596,0.0,0.0
2024-07-24 12:30:00-04:00,4.175000190734863,4.179999828338623,4.144999980926514,4.159999847412109,23161,0.0,0.0
2024-07-24 13:30:00-04:00,4.150100231170654,4.170000076293945,4.110000133514404,4.114999771118164,22398,0.0,0.0
2024-07-24 14:30:00-04:00,4.113699913024902,4.119999885559082,4.065000057220459,4.085000038146973,25449,0.0,0.0
2024-07-24 15:30:00-04:00,4.079999923706055,4.09499979019165,4.039999961853027,4.039999961853027,44284,0.0,0.0
2024-07-25 09:30:00-04:00,4.079999923706055,4.150000095367432,4.019999980926514,4.150000095367432,33875,0.0,0.0
2024-07-25 10:30:00-04:00,4.139999866485596,4.159999847412109,4.110000133514404,4.150000095367432,20980,0.0,0.0
2024-07-25 11:30:00-04:00,4.154200077056885,4.179999828338623,4.144999980926514,4.179999828338623,22596,0.0,0.0
2024-07-25 12:30:00-04:00,4.170000076293945,4.203000068664551,4.159999847412109,4.170000076293945,33397,0.0,0.0
2024-07-25 13:30:00-04:00,4.164999961853027,4.170000076293945,4.054999828338623,4.059999942779541,73581,0.0,0.0
2024-07-25 14:30:00-04:00,4.054999828338623,4.09499979019165,4.014999866485596,4.090000152587891,49587,0.0,0.0
2024-07-25 15:30:00-04:00,4.090000152587891,4.099999904632568,4.079999923706055,4.085000038146973,43307,0.0,0.0
2024-07-26 09:30:00-04:00,4.210000038146973,4.212500095367432,4.166800022125244,4.190000057220459,52663,0.0,0.0
2024-07-26 10:30:00-04:00,4.190000057220459,4.190000057220459,4.119999885559082,4.139999866485596,23953,0.0,0.0
2024-07-26 11:30:00-04:00,4.144999980926514,4.230000019073486,4.139999866485596,4.210000038146973,42135,0.0,0.0
2024-07-26 12:30:00-04:00,4.199999809265137,4.199999809265137,4.164999961853027,4.175000190734863,13107,0.0,0.0
2024-07-26 13:30:00-04:00,4.179999828338623,4.190000057220459,4.159999847412109,4.190000057220459,18574,0.0,0.0
2024-07-26 14:30:00-04:00,4.190000057220459,4.21999979019165,4.18120002746582,4.210000038146973,28361,0.0,0.0
2024-07-26 15:30:00-04:00,4.210000038146973,4.21999979019165,4.19350004196167,4.210000038146973,32832,0.0,0.0
2024-07-29 09:30:00-04:00,4.21999979019165,4.21999979019165,4.135000228881836,4.135000228881836,26982,0.0,0.0
2024-07-29 10:30:00-04:00,4.130000114440918,4.130000114440918,4.105000019073486,4.11929988861084,23569,0.0,0.0
2024-07-29 11:30:00-04:00,4.114999771118164,4.114999771118164,3.9600000381469727,4.0,477792,0.0,0.0
2024-07-29 12:30:00-04:00,4.010000228881836,4.010000228881836,3.9749999046325684,3.990000009536743,22012,0.0,0.0
2024-07-29 13:30:00-04:00,3.9800000190734863,3.990000009536743,3.9600000381469727,3.9600000381469727,53207,0.0,0.0
2024-07-29 14:30:00-04:00,3.9600000381469727,3.987499952316284,3.950000047683716,3.9600000381469727,31878,0.0,0.0
2024-07-29 15:30:00-04:00,3.9600000381469727,3.994999885559082,3.9600000381469727,3.9800000190734863,31470,0.0,0.0
2024-07-30 09:30:00-04:00,4.010000228881836,4.059999942779541,3.9683001041412354,4.010000228881836,39888,0.0,0.0
2024-07-30 10:30:00-04:00,4.019899845123291,4.03000020980835,4.010000228881836,4.019000053405762,20728,0.0,0.0
2024-07-30 11:30:00-04:00,4.010000228881836,4.038899898529053,4.005000114440918,4.038899898529053,21663,0.0,0.0
2024-07-30 12:30:00-04:00,4.039999961853027,4.079999923706055,4.039999961853027,4.054999828338623,25597,0.0,0.0
2024-07-30 13:30:00-04:00,4.059999942779541,4.070000171661377,4.050000190734863,4.050000190734863,17828,0.0,0.0
2024-07-30 14:30:00-04:00,4.050000190734863,4.074999809265137,4.03000020980835,4.065000057220459,22549,0.0,0.0
2024-07-30 15:30:00-04:00,4.070000171661377,4.130000114440918,4.070000171661377,4.119999885559082,44500,0.0,0.0
2024-07-31 09:30:00-04:00,4.139999866485596,4.139999866485596,4.050000190734863,4.065000057220459,67399,0.0,0.0
2024-07-31 10:30:00-04:00,4.070000171661377,4.125,4.054999828338623,4.059999942779541,22388,0.0,0.0
2024-07-31 11:30:00-04:00,4.054999828338623,4.119999885559082,4.054999828338623,4.119999885559082,18002,0.0,0.0
2024-07-31 12:30:00-04:00,4.130000114440918,4.139999866485596,4.099999904632568,4.110000133514404,16207,0.0,0.0
2024-07-31 13:30:00-04:00,4.110000133514404,4.130000114440918,4.099999904632568,4.110000133514404,26965,0.0,0.0
2024-07-31 14:30:00-04:00,4.110000133514404,4.2399001121521,4.110000133514404,4.135000228881836,52866,0.0,0.0
2024-07-31 15:30:00-04:00,4.130000114440918,4.130000114440918,4.059999942779541,4.059999942779541,68060,0.0,0.0
2024-08-01 09:30:00-04:00,4.079999923706055,4.139999866485596,4.03000020980835,4.03000020980835,28885,0.0,0.0
2024-08-01 10:30:00-04:00,4.019999980926514,4.025000095367432,3.9600000381469727,3.9700000286102295,21719,0.0,0.0
2024-08-01 11:30:00-04:00,3.9649999141693115,3.9899001121520996,3.950000047683716,3.9800000190734863,19733,0.0,0.0
2024-08-01 12:30:00-04:00,3.9867000579833984,3.9899001121520996,3.934999942779541,3.936300039291382,13010,0.0,0.0
2024-08-01 13:30:00-04:00,3.935699939727783,3.9600000381469727,3.934999942779541,3.940000057220459,13539,0.0,0.0
2024-08-01 14:30:00-04:00,3.940000057220459,3.9749999046325684,3.9100000858306885,3.9600000381469727,28433,0.0,0.0
2024-08-01 15:30:00-04:00,3.9700000286102295,4.019999980926514,3.9649999141693115,4.010000228881836,56321,0.0,0.0
2024-08-02 09:30:00-04:00,3.890000104904175,3.9700000286102295,3.880000114440918,3.909899950027466,39519,0.0,0.0
2024-08-02 10:30:00-04:00,3.9100000858306885,3.9200000762939453,3.880000114440918,3.890000104904175,26354,0.0,0.0
2024-08-02 11:30:00-04:00,3.8949999809265137,3.940000057220459,3.890000104904175,3.940000057220459,16127,0.0,0.0
2024-08-02 12:30:00-04:00,3.930000066757202,3.9493000507354736,3.9200000762939453,3.9200000762939453,15054,0.0,0.0
2024-08-02 13:30:00-04:00,3.9200000762939453,3.9200000762939453,3.880000114440918,3.8949999809265137,11734,0.0,0.0
2024-08-02 14:30:00-04:00,3.8949999809265137,3.8949999809265137,3.859999895095825,3.875,28355,0.0,0.0
2024-08-02 15:30:00-04:00,3.875,3.880000114440918,3.8399999141693115,3.8450000286102295,46085,0.0,0.0
2024-08-05 09:30:00-04:00,3.700000047683716,3.7049999237060547,3.5799999237060547,3.640000104904175,94395,0.0,0.0
2024-08-05 10:30:00-04:00,3.640000104904175,3.7100000381469727,3.640000104904175,3.7049999237060547,41903,0.0,0.0
2024-08-05 11:30:00-04:00,3.700000047683716,3.740000009536743,3.694999933242798,3.7300000190734863,26232,0.0,0.0
2024-08-05 12:30:00-04:00,3.7300000190734863,3.75,3.700000047683716,3.7100000381469727,31893,0.0,0.0
2024-08-05 13:30:00-04:00,3.700000047683716,3.7390999794006348,3.700000047683716,3.7149999141693115,23814,0.0,0.0
2024-08-05 14:30:00-04:00,3.7111001014709473,3.7149999141693115,3.6649999618530273,3.7100000381469727,31382,0.0,0.0
2024-08-05 15:30:00-04:00,3.7200000286102295,3.7300000190734863,3.66129994392395,3.700000047683716,50131,0.0,0.0
2024-08-06 09:30:00-04:00,3.7200000286102295,3.720099925994873,3.640000104904175,3.7200000286102295,20846,0.0,0.0
2024-08-06 10:30:00-04:00,3.7100000381469727,3.759999990463257,3.700000047683716,3.700000047683716,34531,0.0,0.0
2024-08-06 11:30:00-04:00,3.700000047683716,3.7599000930786133,3.699899911880493,3.755000114440918,14486,0.0,0.0
2024-08-06 12:30:00-04:00,3.75,3.7699999809265137,3.7300000190734863,3.7690999507904053,20097,0.0,0.0
2024-08-06 13:30:00-04:00,3.765000104904175,3.839900016784668,3.765000104904175,3.839900016784668,32631,0.0,0.0
2024-08-06 14:30:00-04:00,3.8299999237060547,3.859999895095825,3.7699999809265137,3.809999942779541,34529,0.0,0.0
2024-08-06 15:30:00-04:00,3.799999952316284,3.806999921798706,3.7699999809265137,3.7850000858306885,15913,0.0,0.0
2024-08-07 09:30:00-04:00,3.930000066757202,3.930000066757202,3.7730000019073486,3.7730000019073486,57395,0.0,0.0
2024-08-07 10:30:00-04:00,3.7704999446868896,3.815000057220459,3.7704999446868896,3.815000057220459,35677,0.0,0.0
2024-08-07 11:30:00-04:00,3.815000057220459,3.815000057220459,3.7799999713897705,3.7950000762939453,19973,0.0,0.0
2024-08-07 12:30:00-04:00,3.7950000762939453,3.7950000762939453,3.740000009536743,3.7699999809265137,18687,0.0,0.0
2024-08-07 13:30:00-04:00,3.7774999141693115,3.7774999141693115,3.700000047683716,3.7049999237060547,15390,0.0,0.0
2024-08-07 14:30:00-04:00,3.7049999237060547,3.7300000190734863,3.6800999641418457,3.7149999141693115,24664,0.0,0.0
2024-08-07 15:30:00-04:00,3.7100000381469727,3.75,3.7100000381469727,3.75,45196,0.0,0.0
2024-08-08 09:30:00-04:00,3.799999952316284,3.8399999141693115,3.75,3.7950000762939453,53815,0.0,0.0
2024-08-08 10:30:00-04:00,3.7899999618530273,3.8297998905181885,3.7850000858306885,3.819999933242798,30802,0.0,0.0
2024-08-08 11:30:00-04:00,3.8350000381469727,3.8350000381469727,3.7899999618530273,3.7899999618530273,21357,0.0,0.0
2024-08-08 12:30:00-04:00,3.7950000762939453,3.809999942779541,3.7750000953674316,3.805000066757202,19265,0.0,0.0
2024-08-08 13:30:00-04:00,3.809999942779541,3.8299999237060547,3.805000066757202,3.809999942779541,30537,0.0,0.0
2024-08-08 14:30:00-04:00,3.805000066757202,3.8450000286102295,3.799999952316284,3.8450000286102295,19876,0.0,0.0
2024-08-08 15:30:00-04:00,3.8450000286102295,3.884999990463257,3.825000047683716,3.8499999046325684,83388,0.0,0.0
2024-08-09 09:30:00-04:00,3.809999942779541,3.8949999809265137,3.619999885559082,3.6245999336242676,55238,0.0,0.0
2024-08-09 10:30:00-04:00,3.6298999786376953,3.6700000762939453,3.609999895095825,3.6698999404907227,50740,0.0,0.0
2024-08-09 11:30:00-04:00,3.6679999828338623,3.6700000762939453,3.630000114440918,3.6368000507354736,22237,0.0,0.0
2024-08-09 12:30:00-04:00,3.634999990463257,3.740000009536743,3.630000114440918,3.7249999046325684,86289,0.0,0.0
2024-08-09 13:30:00-04:00,3.7300000190734863,3.75,3.7049999237060547,3.7049999237060547,28221,0.0,0.0
2024-08-09 14:30:00-04:00,3.7100000381469727,3.740000009536743,3.700000047683716,3.7049999237060547,31716,0.0,0.0
2024-08-09 15:30:00-04:00,3.7049999237060547,3.759999990463257,3.7049999237060547,3.759999990463257,49879,0.0,0.0
2024-08-12 09:30:00-04:00,3.759999990463257,3.759999990463257,3.6050000190734863,3.630000114440918,52261,0.0,0.0
2024-08-12 10:30:00-04:00,3.625,3.6500000953674316,3.565000057220459,3.565000057220459,69924,0.0,0.0
2024-08-12 11:30:00-04:00,3.565000057220459,3.5699000358581543,3.5299999713897705,3.5299999713897705,28812,0.0,0.0
2024-08-12 12:30:00-04:00,3.5299999713897705,3.539900064468384,3.5,3.515000104904175,68656,0.0,0.0
2024-08-12 13:30:00-04:00,3.5199999809265137,3.529900074005127,3.5,3.5,20136,0.0,0.0
2024-08-12 14:30:00-04:00,3.5,3.615000009536743,3.5,3.615000009536743,95494,0.0,0.0
2024-08-12 15:30:00-04:00,3.615000009536743,3.625,3.559999942779541,3.5999999046325684,52948,0.0,0.0
2024-08-13 09:30:00-04:00,3.640000104904175,3.6500000953674316,3.5950000286102295,3.5950000286102295,27512,0.0,0.0
2024-08-13 10:30:00-04:00,3.5899999141693115,3.6600000858306885,3.5899999141693115,3.6549999713897705,35186,0.0,0.0
2024-08-13 11:30:00-04:00,3.6589999198913574,3.700000047683716,3.6500000953674316,3.688999891281128,14234,0.0,0.0
2024-08-13 12:30:00-04:00,3.684999942779541,3.7300000190734863,3.684999942779541,3.7300000190734863,32019,0.0,0.0
2024-08-13 13:30:00-04:00,3.7300000190734863,3.7300000190734863,3.700000047683716,3.7049999237060547,14688,0.0,0.0
2024-08-13 14:30:00-04:00,3.7049999237060547,3.7249999046325684,3.700000047683716,3.7049999237060547,13269,0.0,0.0
2024-08-13 15:30:00-04:00,3.7049999237060547,3.7249999046325684,3.700000047683716,3.7049999237060547,33327,0.0,0.0
2024-08-14 09:30:00-04:00,3.7300000190734863,3.740000009536743,3.6549999713897705,3.680000066757202,19948,0.0,0.0
2024-08-14 10:30:00-04:00,3.677500009536743,3.684999942779541,3.6649999618530273,3.674999952316284,13348,0.0,0.0
2024-08-14 11:30:00-04:00,3.680000066757202,3.694999933242798,3.6549999713897705,3.6549999713897705,12350,0.0,0.0
2024-08-14 12:30:00-04:00,3.6549999713897705,3.6600000858306885,3.6449999809265137,3.6449999809265137,9489,0.0,0.0
2024-08-14 13:30:00-04:00,3.6449999809265137,3.670799970626831,3.640000104904175,3.6549999713897705,15728,0.0,0.0
2024-08-14 14:30:00-04:00,3.6549999713897705,3.700000047683716,3.6549999713897705,3.6700000762939453,28983,0.0,0.0
2024-08-14 15:30:00-04:00,3.6700000762939453,3.680000066757202,3.6600000858306885,3.6649999618530273,14178,0.0,0.0
2024-08-15 09:30:00-04:00,3.75,3.75,3.680000066757202,3.690000057220459,24173,0.0,0.0
2024-08-15 10:30:00-04:00,3.69350004196167,3.75,3.69350004196167,3.734999895095825,22449,0.0,0.0
2024-08-15 11:30:00-04:00,3.7393999099731445,3.789599895477295,3.7300000190734863,3.7799999713897705,36374,0.0,0.0
2024-08-15 12:30:00-04:00,3.7850000858306885,3.7950000762939453,3.759999990463257,3.7950000762939453,26294,0.0,0.0
2024-08-15 13:30:00-04:00,3.7950000762939453,3.809999942779541,3.765000104904175,3.7950000762939453,23336,0.0,0.0
2024-08-15 14:30:00-04:00,3.7950000762939453,3.805000066757202,3.7699999809265137,3.7850000858306885,27448,0.0,0.0
2024-08-15 15:30:00-04:00,3.7799999713897705,3.7850000858306885,3.7100000381469727,3.7200000286102295,42587,0.0,0.0
2024-08-16 09:30:00-04:00,3.7100000381469727,3.7699999809265137,3.6600000858306885,3.7200000286102295,25295,0.0,0.0
2024-08-16 10:30:00-04:00,3.7149999141693115,3.7249999046325684,3.7100000381469727,3.7149999141693115,16818,0.0,0.0
2024-08-16 11:30:00-04:00,3.7149999141693115,3.7300000190734863,3.7100000381469727,3.7200000286102295,18392,0.0,0.0
2024-08-16 12:30:00-04:00,3.7149999141693115,3.7300000190734863,3.7100000381469727,3.7149999141693115,14058,0.0,0.0
2024-08-16 13:30:00-04:00,3.7149999141693115,3.7190001010894775,3.700000047683716,3.7049999237060547,18559,0.0,0.0
2024-08-16 14:30:00-04:00,3.700000047683716,3.7249999046325684,3.690000057220459,3.7049999237060547,52485,0.0,0.0
2024-08-16 15:30:00-04:00,3.700000047683716,3.7200000286102295,3.690000057220459,3.7200000286102295,48359,0.0,0.0
2024-08-19 09:30:00-04:00,3.7100000381469727,3.765000104904175,3.700000047683716,3.75,60248,0.0,0.0
2024-08-19 10:30:00-04:00,3.75,3.8150999546051025,3.744999885559082,3.799999952316284,31190,0.0,0.0
2024-08-19 11:30:00-04:00,3.799999952316284,3.809999942779541,3.7750000953674316,3.7799999713897705,19056,0.0,0.0
2024-08-19 12:30:00-04:00,3.789900064468384,3.7950000762939453,3.7750000953674316,3.7899999618530273,10856,0.0,0.0
2024-08-19 13:30:00-04:00,3.7899999618530273,3.819999933242798,3.7850000858306885,3.805000066757202,31845,0.0,0.0
2024-08-19 14:30:00-04:00,3.800100088119507,3.816499948501587,3.7799999713897705,3.805000066757202,32517,0.0,0.0
2024-08-19 15:30:00-04:00,3.799999952316284,3.8299999237060547,3.799999952316284,3.8299999237060547,37483,0.0,0.0
2024-08-20 09:30:00-04:00,3.799999952316284,3.8299999237060547,3.7799999713897705,3.7799999713897705,30698,0.0,0.0
2024-08-20 10:30:00-04:00,3.7850000858306885,3.7899999618530273,3.7690000534057617,3.7699999809265137,22101,0.0,0.0
2024-08-20 11:30:00-04:00,3.7699999809265137,3.7962000370025635,3.76990008354187,3.7899999618530273,15715,0.0,0.0
2024-08-20 12:30:00-04:00,3.7888998985290527,3.7950000762939453,3.7699999809265137,3.7699999809265137,11679,0.0,0.0
2024-08-20 13:30:00-04:00,3.775099992752075,3.799999952316284,3.7599000930786133,3.7950000762939453,20610,0.0,0.0
2024-08-20 14:30:00-04:00,3.799999952316284,3.799999952316284,3.7950000762939453,3.7950000762939453,5009,0.0,0.0
2024-08-20 15:30:00-04:00,3.7901999950408936,3.799999952316284,3.7699999809265137,3.7699999809265137,16354,0.0,0.0
2024-08-21 09:30:00-04:00,3.809999942779541,3.809999942779541,3.75,3.759999990463257,19375,0.0,0.0
2024-08-21 10:30:00-04:00,3.759999990463257,3.7699999809265137,3.7300000190734863,3.759999990463257,24535,0.0,0.0
2024-08-21 11:30:00-04:00,3.765000104904175,3.7690999507904053,3.7500998973846436,3.7690999507904053,6390,0.0,0.0
2024-08-21 12:30:00-04:00,3.759999990463257,3.7799999713897705,3.755000114440918,3.7799999713897705,4344,0.0,0.0
2024-08-21 13:30:00-04:00,3.7850000858306885,3.799999952316284,3.7850000858306885,3.7950000762939453,8673,0.0,0.0
2024-08-21 14:30:00-04:00,3.799999952316284,3.809999942779541,3.7850000858306885,3.809999942779541,10300,0.0,0.0
2024-08-21 15:30:00-04:00,3.809999942779541,3.8299999237060547,3.809999942779541,3.809999942779541,23002,0.0,0.0
2024-08-22 09:30:00-04:00,3.799999952316284,3.809999942779541,3.7699999809265137,3.7899999618530273,10854,0.0,0.0
2024-08-22 10:30:00-04:00,3.7799999713897705,3.7899999618530273,3.7699999809265137,3.7850000858306885,22793,0.0,0.0
2024-08-22 11:30:00-04:00,3.7808001041412354,3.799999952316284,3.7699999809265137,3.7950000762939453,8761,0.0,0.0
2024-08-22 12:30:00-04:00,3.7913999557495117,3.799999952316284,3.759999990463257,3.765000104904175,32342,0.0,0.0
2024-08-22 13:30:00-04:00,3.759999990463257,3.7699999809265137,3.734999895095825,3.7699999809265137,34088,0.0,0.0
2024-08-22 14:30:00-04:00,3.7699999809265137,3.799999952316284,3.759999990463257,3.789900064468384,12662,0.0,0.0
2024-08-22 15:30:00-04:00,3.7850000858306885,3.7899999618530273,3.740000009536743,3.740000009536743,22817,0.0,0.0
2024-08-23 09:30:00-04:00,3.7899999618530273,3.930000066757202,3.7874999046325684,3.930000066757202,34870,0.0,0.0
2024-08-23 10:30:00-04:00,3.950000047683716,4.03000020980835,3.940000057220459,4.025000095367432,36506,0.0,0.0
2024-08-23 11:30:00-04:00,4.03000020980835,4.03000020980835,4.0,4.014999866485596,41473,0.0,0.0
2024-08-23 12:30:00-04:00,4.019899845123291,4.050000190734863,4.010000228881836,4.034999847412109,77928,0.0,0.0
2024-08-23 13:30:00-04:00,4.03000020980835,4.039999961853027,4.019999980926514,4.034999847412109,10941,0.0,0.0
2024-08-23 14:30:00-04:00,4.034999847412109,4.065000057220459,4.03000020980835,4.065000057220459,27482,0.0,0.0
2024-08-23 15:30:00-04:00,4.065000057220459,4.079999923706055,4.050000190734863,4.070000171661377,26663,0.0,0.0
2024-08-26 09:30:00-04:00,4.119999885559082,4.239999771118164,4.119999885559082,4.210000038146973,59221,0.0,0.0
2024-08-26 10:30:00-04:00,4.218800067901611,4.244999885559082,4.190000057220459,4.190000057220459,34893,0.0,0.0
2024-08-26 11:30:00-04:00,4.199999809265137,4.260000228881836,4.199999809265137,4.25,31129,0.0,0.0
2024-08-26 12:30:00-04:00,4.255000114440918,4.28000020980835,4.227499961853027,4.235000133514404,44689,0.0,0.0
2024-08-26 13:30:00-04:00,4.236299991607666,4.244999885559082,4.214200019836426,4.230000019073486,36208,0.0,0.0
2024-08-26 14:30:00-04:00,4.224999904632568,4.224999904632568,4.159999847412109,4.184999942779541,39738,0.0,0.0
2024-08-26 15:30:00-04:00,4.179999828338623,4.195000171661377,4.125,4.15500020980835,70846,0.0,0.0
2024-08-27 09:30:00-04:00,4.099999904632568,4.130000114440918,4.059999942779541,4.130000114440918,28472,0.0,0.0
2024-08-27 10:30:00-04:00,4.130000114440918,4.150000095367432,4.110000133514404,4.119999885559082,32671,0.0,0.0
2024-08-27 11:30:00-04:00,4.119999885559082,4.159999847412109,4.110000133514404,4.110000133514404,66078,0.0,0.0
2024-08-27 12:30:00-04:00,4.110000133514404,4.139999866485596,4.099999904632568,4.139999866485596,9998,0.0,0.0
2024-08-27 13:30:00-04:00,4.144999980926514,4.179999828338623,4.144999980926514,4.179900169372559,11749,0.0,0.0
2024-08-27 14:30:00-04:00,4.175000190734863,4.195000171661377,4.170000076293945,4.175000190734863,13106,0.0,0.0
2024-08-27 15:30:00-04:00,4.170000076293945,4.175000190734863,4.119999885559082,4.119999885559082,23013,0.0,0.0
2024-08-28 09:30:00-04:00,4.099999904632568,4.135000228881836,4.090000152587891,4.105000019073486,12225,0.0,0.0
2024-08-28 10:30:00-04:00,4.114999771118164,4.135000228881836,4.099999904632568,4.114999771118164,19912,0.0,0.0
2024-08-28 11:30:00-04:00,4.110000133514404,4.128900051116943,4.090000152587891,4.090000152587891,12869,0.0,0.0
2024-08-28 12:30:00-04:00,4.070000171661377,4.0995001792907715,4.059999942779541,4.085000038146973,16878,0.0,0.0
2024-08-28 13:30:00-04:00,4.079999923706055,4.079999923706055,4.04010009765625,4.045000076293945,17408,0.0,0.0
2024-08-28 14:30:00-04:00,4.043099880218506,4.105000019073486,4.039999961853027,4.105000019073486,19942,0.0,0.0
2024-08-28 15:30:00-04:00,4.099999904632568,4.099999904632568,4.039999961853027,4.039999961853027,67426,0.0,0.0
2024-08-29 09:30:00-04:00,4.099999904632568,4.144999980926514,4.025000095367432,4.139999866485596,31472,0.0,0.0
2024-08-29 10:30:00-04:00,4.144999980926514,4.15500020980835,4.099999904632568,4.150000095367432,20718,0.0,0.0
2024-08-29 11:30:00-04:00,4.159999847412109,4.188799858093262,4.159999847412109,4.179999828338623,17553,0.0,0.0
2024-08-29 12:30:00-04:00,4.17140007019043,4.195000171661377,4.170000076293945,4.195000171661377,20336,0.0,0.0
2024-08-29 13:30:00-04:00,4.199999809265137,4.215000152587891,4.184999942779541,4.199999809265137,13977,0.0,0.0
2024-08-29 14:30:00-04:00,4.195000171661377,4.204999923706055,4.164999961853027,4.204999923706055,48328,0.0,0.0
2024-08-29 15:30:00-04:00,4.204999923706055,4.204999923706055,4.159999847412109,4.175000190734863,35502,0.0,0.0
2024-08-30 09:30:00-04:00,4.199999809265137,4.230000019073486,4.190000057220459,4.21999979019165,16520,0.0,0.0
2024-08-30 10:30:00-04:00,4.230000019073486,4.244999885559082,4.150000095367432,4.150000095367432,35555,0.0,0.0
2024-08-30 11:30:00-04:00,4.150000095367432,4.150000095367432,4.099999904632568,4.099999904632568,9536,0.0,0.0
2024-08-30 12:30:00-04:00,4.099999904632568,4.110000133514404,4.090000152587891,4.090000152587891,10450,0.0,0.0
2024-08-30 13:30:00-04:00,4.09499979019165,4.099999904632568,4.085000038146973,4.090000152587891,10637,0.0,0.0
2024-08-30 14:30:00-04:00,4.089799880981445,4.114999771118164,4.059999942779541,4.110000133514404,20221,0.0,0.0
2024-08-30 15:30:00-04:00,4.114999771118164,4.114999771118164,4.059999942779541,4.090000152587891,103911,0.0,0.0
