Datetime,Open,High,Low,Close,Volume,Dividends,Stock Splits
2022-09-01 09:30:00-04:00,51.97999954223633,52.69499969482422,51.97999954223633,52.69499969482422,0,0.0,0.0
2022-09-01 10:30:00-04:00,52.689998626708984,52.7599983215332,52.38999938964844,52.58000183105469,17433,0.0,0.0
2022-09-01 11:30:00-04:00,52.53139877319336,52.64500045776367,52.494998931884766,52.63999938964844,10603,0.0,0.0
2022-09-01 12:30:00-04:00,52.654998779296875,52.90999984741211,52.619998931884766,52.90999984741211,15975,0.0,0.0
2022-09-01 13:30:00-04:00,52.8650016784668,52.869998931884766,52.625,52.82500076293945,13023,0.0,0.0
2022-09-01 14:30:00-04:00,52.85499954223633,52.95000076293945,52.84000015258789,52.91999816894531,16389,0.0,0.0
2022-09-01 15:30:00-04:00,52.900001525878906,53.060001373291016,52.814998626708984,53.04999923706055,36372,0.0,0.0
2022-09-02 09:30:00-04:00,52.47999954223633,52.4900016784668,52.029998779296875,52.29999923706055,35511,0.0,0.0
2022-09-02 10:30:00-04:00,52.30500030517578,52.41999816894531,52.2599983215332,52.2599983215332,13387,0.0,0.0
2022-09-02 11:30:00-04:00,52.279998779296875,52.439998626708984,52.2599983215332,52.34000015258789,22942,0.0,0.0
2022-09-02 12:30:00-04:00,52.345001220703125,52.345001220703125,51.90999984741211,51.90999984741211,38753,0.0,0.0
2022-09-02 13:30:00-04:00,51.85499954223633,51.95000076293945,51.63999938964844,51.83000183105469,18647,0.0,0.0
2022-09-02 14:30:00-04:00,51.880001068115234,51.95000076293945,51.709999084472656,51.77000045776367,18651,0.0,0.0
2022-09-02 15:30:00-04:00,51.75899887084961,52.0099983215332,51.619998931884766,51.970001220703125,75223,0.0,0.0
2022-09-06 09:30:00-04:00,52.599998474121094,52.67499923706055,52.369998931884766,52.560001373291016,0,0.0,0.0
2022-09-06 10:30:00-04:00,52.529998779296875,52.900001525878906,52.47999954223633,52.64500045776367,20543,0.0,0.0
2022-09-06 11:30:00-04:00,52.630001068115234,52.77000045776367,52.46500015258789,52.56999969482422,16370,0.0,0.0
2022-09-06 12:30:00-04:00,52.5619010925293,52.619998931884766,52.439998626708984,52.4900016784668,12974,0.0,0.0
2022-09-06 13:30:00-04:00,52.4900016784668,52.599998474121094,52.41999816894531,52.5,12015,0.0,0.0
2022-09-06 14:30:00-04:00,52.52000045776367,52.56999969482422,52.43000030517578,52.4900016784668,16056,0.0,0.0
2022-09-06 15:30:00-04:00,52.470001220703125,52.52000045776367,52.34000015258789,52.505001068115234,49189,0.0,0.0
2022-09-07 09:30:00-04:00,52.7599983215332,52.900001525878906,52.709999084472656,52.900001525878906,0,0.0,0.0
2022-09-07 10:30:00-04:00,52.95000076293945,52.97999954223633,52.81999969482422,52.93000030517578,32168,0.0,0.0
2022-09-07 11:30:00-04:00,52.900001525878906,53.06999969482422,52.900001525878906,53.06999969482422,11154,0.0,0.0
2022-09-07 12:30:00-04:00,53.07500076293945,53.16999816894531,53.06999969482422,53.122501373291016,25945,0.0,0.0
2022-09-07 13:30:00-04:00,53.150001525878906,53.439998626708984,53.150001525878906,53.41999816894531,23467,0.0,0.0
2022-09-07 14:30:00-04:00,53.439998626708984,53.45000076293945,53.29999923706055,53.400001525878906,17085,0.0,0.0
2022-09-07 15:30:00-04:00,53.380001068115234,53.470001220703125,53.310001373291016,53.40999984741211,31113,0.0,0.0
2022-09-08 09:30:00-04:00,53.209999084472656,53.22999954223633,52.93000030517578,53.0099983215332,12612,0.0,0.0
2022-09-08 10:30:00-04:00,53.09000015258789,53.29999923706055,53.09000015258789,53.18000030517578,13312,0.0,0.0
2022-09-08 11:30:00-04:00,53.15999984741211,53.290000915527344,52.9900016784668,53.060001373291016,20706,0.0,0.0
2022-09-08 12:30:00-04:00,53.09000015258789,53.27000045776367,53.08000183105469,53.220001220703125,28693,0.0,0.0
2022-09-08 13:30:00-04:00,53.220001220703125,53.290000915527344,53.165000915527344,53.22999954223633,11444,0.0,0.0
2022-09-08 14:30:00-04:00,53.2599983215332,53.26499938964844,53.150001525878906,53.22999954223633,15271,0.0,0.0
2022-09-08 15:30:00-04:00,53.2400016784668,53.38999938964844,53.185001373291016,53.349998474121094,29250,0.0,0.0
2022-09-09 09:30:00-04:00,53.220001220703125,53.31999969482422,52.90999984741211,53.279998779296875,12355,0.0,0.0
2022-09-09 10:30:00-04:00,53.215599060058594,53.369998931884766,53.209999084472656,53.28499984741211,13381,0.0,0.0
2022-09-09 11:30:00-04:00,53.28499984741211,53.375,53.279998779296875,53.375,21292,0.0,0.0
2022-09-09 12:30:00-04:00,53.369998931884766,53.41999816894531,53.27000045776367,53.34000015258789,20684,0.0,0.0
2022-09-09 13:30:00-04:00,53.36000061035156,53.369998931884766,53.279998779296875,53.33000183105469,13441,0.0,0.0
2022-09-09 14:30:00-04:00,53.33000183105469,53.459999084472656,53.310001373291016,53.36000061035156,27879,0.0,0.0
2022-09-09 15:30:00-04:00,53.36000061035156,53.470001220703125,53.34000015258789,53.470001220703125,41196,0.0,0.0
2022-09-12 09:30:00-04:00,53.88999938964844,54.16999816894531,53.58000183105469,54.11000061035156,0,0.0,0.0
2022-09-12 10:30:00-04:00,54.119998931884766,54.17499923706055,54.0099983215332,54.10499954223633,37272,0.0,0.0
2022-09-12 11:30:00-04:00,54.13999938964844,54.154998779296875,53.93000030517578,53.97999954223633,10814,0.0,0.0
2022-09-12 12:30:00-04:00,53.974998474121094,54.0525016784668,53.974998474121094,54.040000915527344,15555,0.0,0.0
2022-09-12 13:30:00-04:00,54.02000045776367,54.025001525878906,53.900001525878906,53.90999984741211,10409,0.0,0.0
2022-09-12 14:30:00-04:00,53.900001525878906,53.93000030517578,53.849998474121094,53.89500045776367,14041,0.0,0.0
2022-09-12 15:30:00-04:00,53.900001525878906,54.0099983215332,53.900001525878906,53.97999954223633,25370,0.0,0.0
2022-09-13 09:30:00-04:00,53.02000045776367,53.10499954223633,52.779998779296875,53.0,26936,0.0,0.0
2022-09-13 10:30:00-04:00,52.95000076293945,52.9900016784668,52.805599212646484,52.805599212646484,22572,0.0,0.0
2022-09-13 11:30:00-04:00,52.79999923706055,53.005001068115234,52.79999923706055,52.96500015258789,10542,0.0,0.0
2022-09-13 12:30:00-04:00,52.95500183105469,53.040000915527344,52.90999984741211,53.029998779296875,11797,0.0,0.0
2022-09-13 13:30:00-04:00,53.02000045776367,53.029998779296875,52.88999938964844,52.90999984741211,12885,0.0,0.0
2022-09-13 14:30:00-04:00,52.88999938964844,52.88999938964844,52.709999084472656,52.720001220703125,14862,0.0,0.0
2022-09-13 15:30:00-04:00,52.724998474121094,52.77000045776367,52.619998931884766,52.720001220703125,24711,0.0,0.0
2022-09-14 09:30:00-04:00,52.849998474121094,53.16999816894531,52.75,52.900001525878906,18441,0.0,0.0
2022-09-14 10:30:00-04:00,52.93000030517578,53.029998779296875,52.810001373291016,52.83000183105469,22188,0.0,0.0
2022-09-14 11:30:00-04:00,52.880001068115234,52.939998626708984,52.849998474121094,52.91999816894531,9572,0.0,0.0
2022-09-14 12:30:00-04:00,52.93000030517578,52.97999954223633,52.810001373291016,52.849998474121094,14274,0.0,0.0
2022-09-14 13:30:00-04:00,52.856300354003906,52.869998931884766,52.709999084472656,52.79999923706055,10069,0.0,0.0
2022-09-14 14:30:00-04:00,52.80500030517578,52.88999938964844,52.720001220703125,52.79999923706055,20442,0.0,0.0
2022-09-14 15:30:00-04:00,52.79499816894531,52.90999984741211,52.709999084472656,52.900001525878906,20537,0.0,0.0
2022-09-15 09:30:00-04:00,52.20000076293945,52.209999084472656,51.970001220703125,52.029998779296875,30092,0.0,0.0
2022-09-15 10:30:00-04:00,52.066001892089844,52.11000061035156,51.86009979248047,51.93000030517578,20651,0.0,0.0
2022-09-15 11:30:00-04:00,51.939998626708984,51.939998626708984,51.75,51.76499938964844,14464,0.0,0.0
2022-09-15 12:30:00-04:00,51.790000915527344,51.9900016784668,51.790000915527344,51.88999938964844,20436,0.0,0.0
2022-09-15 13:30:00-04:00,51.86000061035156,51.900001525878906,51.584999084472656,51.61000061035156,21976,0.0,0.0
2022-09-15 14:30:00-04:00,51.630001068115234,51.779998779296875,51.5,51.54999923706055,17760,0.0,0.0
2022-09-15 15:30:00-04:00,51.560001373291016,51.72999954223633,51.52000045776367,51.70000076293945,26465,0.0,0.0
2022-09-16 09:30:00-04:00,50.81999969482422,51.0099983215332,50.65999984741211,50.86000061035156,0,0.0,0.0
2022-09-16 10:30:00-04:00,50.81999969482422,50.939998626708984,50.65999984741211,50.70000076293945,26091,0.0,0.0
2022-09-16 11:30:00-04:00,50.68000030517578,50.709999084472656,50.54999923706055,50.58000183105469,21824,0.0,0.0
2022-09-16 12:30:00-04:00,50.58000183105469,50.689998626708984,50.43000030517578,50.43000030517578,22742,0.0,0.0
2022-09-16 13:30:00-04:00,50.41999816894531,50.540000915527344,50.31999969482422,50.5,22112,0.0,0.0
2022-09-16 14:30:00-04:00,50.529998779296875,50.630001068115234,50.47999954223633,50.54999923706055,31575,0.0,0.0
2022-09-16 15:30:00-04:00,50.529998779296875,50.63999938964844,50.5,50.58000183105469,48839,0.0,0.0
2022-09-19 09:30:00-04:00,50.84000015258789,51.13999938964844,50.7400016784668,50.869998931884766,41523,0.0,0.0
2022-09-19 10:30:00-04:00,50.904998779296875,51.130001068115234,50.904998779296875,50.970001220703125,14927,0.0,0.0
2022-09-19 11:30:00-04:00,50.93000030517578,51.029998779296875,50.900001525878906,50.93000030517578,8680,0.0,0.0
2022-09-19 12:30:00-04:00,50.90999984741211,51.08000183105469,50.90999984741211,51.0,22803,0.0,0.0
2022-09-19 13:30:00-04:00,51.0099983215332,51.08000183105469,50.970001220703125,51.08000183105469,20948,0.0,0.0
2022-09-19 14:30:00-04:00,51.07500076293945,51.2599983215332,51.060001373291016,51.165000915527344,17867,0.0,0.0
2022-09-19 15:30:00-04:00,51.16999816894531,51.16999816894531,51.099998474121094,51.099998474121094,27149,0.0,0.0
2022-09-20 09:30:00-04:00,51.630001068115234,52.220001220703125,51.61000061035156,52.150001525878906,68338,0.0,0.0
2022-09-20 10:30:00-04:00,52.150001525878906,52.31999969482422,52.13999938964844,52.20000076293945,23125,0.0,0.0
2022-09-20 11:30:00-04:00,52.20000076293945,52.334999084472656,52.119998931884766,52.22999954223633,22406,0.0,0.0
2022-09-20 12:30:00-04:00,52.220001220703125,52.2400016784668,52.04999923706055,52.084999084472656,22515,0.0,0.0
2022-09-20 13:30:00-04:00,52.10499954223633,52.130001068115234,52.0099983215332,52.040000915527344,33823,0.0,0.0
2022-09-20 14:30:00-04:00,52.029998779296875,52.125,52.0099983215332,52.02000045776367,30619,0.0,0.0
2022-09-20 15:30:00-04:00,52.02000045776367,52.13999938964844,51.95000076293945,52.0,53907,0.0,0.0
2022-09-21 09:30:00-04:00,51.790000915527344,51.790000915527344,51.290000915527344,51.380001068115234,18756,0.0,0.0
2022-09-21 10:30:00-04:00,51.310001373291016,51.58000183105469,51.20500183105469,51.560001373291016,33924,0.0,0.0
2022-09-21 11:30:00-04:00,51.59000015258789,51.779998779296875,51.560001373291016,51.7400016784668,24302,0.0,0.0
2022-09-21 12:30:00-04:00,51.75,51.79999923706055,51.499298095703125,51.5,25566,0.0,0.0
2022-09-21 13:30:00-04:00,51.5,51.619998931884766,51.189998626708984,51.349998474121094,28053,0.0,0.0
2022-09-21 14:30:00-04:00,51.33000183105469,51.7599983215332,51.29999923706055,51.31999969482422,35213,0.0,0.0
2022-09-21 15:30:00-04:00,51.31999969482422,51.43000030517578,51.130001068115234,51.25,59900,0.0,0.0
2022-09-22 09:30:00-04:00,51.11000061035156,51.380001068115234,51.11000061035156,51.369998931884766,37757,0.0,0.0
2022-09-22 10:30:00-04:00,51.380001068115234,51.47999954223633,51.27000045776367,51.31999969482422,48531,0.0,0.0
2022-09-22 11:30:00-04:00,51.33000183105469,51.369998931884766,51.2599983215332,51.310001373291016,43001,0.0,0.0
2022-09-22 12:30:00-04:00,51.29999923706055,51.5099983215332,51.27000045776367,51.45000076293945,43958,0.0,0.0
2022-09-22 13:30:00-04:00,51.459999084472656,51.470001220703125,51.27000045776367,51.345001220703125,27729,0.0,0.0
2022-09-22 14:30:00-04:00,51.345001220703125,51.40999984741211,51.29999923706055,51.349998474121094,23648,0.0,0.0
2022-09-22 15:30:00-04:00,51.369998931884766,51.459999084472656,51.310001373291016,51.31999969482422,72952,0.0,0.0
2022-09-23 09:30:00-04:00,50.66999816894531,51.040000915527344,50.66999816894531,50.939998626708984,39720,0.0,0.0
2022-09-23 10:30:00-04:00,50.93000030517578,50.95000076293945,50.779998779296875,50.880001068115234,26698,0.0,0.0
2022-09-23 11:30:00-04:00,50.869998931884766,50.880001068115234,50.66999816894531,50.71500015258789,22046,0.0,0.0
2022-09-23 12:30:00-04:00,50.665000915527344,50.79999923706055,50.61000061035156,50.67499923706055,31602,0.0,0.0
2022-09-23 13:30:00-04:00,50.650001525878906,50.672000885009766,50.400001525878906,50.40599822998047,21340,0.0,0.0
2022-09-23 14:30:00-04:00,50.40999984741211,50.48500061035156,50.33000183105469,50.39500045776367,24072,0.0,0.0
2022-09-23 15:30:00-04:00,50.41999816894531,50.689998626708984,50.41999816894531,50.63999938964844,61012,0.0,0.0
2022-09-26 09:30:00-04:00,50.369998931884766,50.56999969482422,50.34000015258789,50.5,15086,0.0,0.0
2022-09-26 10:30:00-04:00,50.459999084472656,50.459999084472656,50.04999923706055,50.11000061035156,30214,0.0,0.0
2022-09-26 11:30:00-04:00,50.119998931884766,50.13999938964844,49.79499816894531,49.810001373291016,20152,0.0,0.0
2022-09-26 12:30:00-04:00,49.80500030517578,50.09000015258789,49.80500030517578,49.939998626708984,25731,0.0,0.0
2022-09-26 13:30:00-04:00,49.93000030517578,50.099998474121094,49.880001068115234,49.97999954223633,19895,0.0,0.0
2022-09-26 14:30:00-04:00,49.959999084472656,50.095001220703125,49.91999816894531,50.0,26128,0.0,0.0
2022-09-26 15:30:00-04:00,50.0,50.189998626708984,49.93000030517578,49.93000030517578,41916,0.0,0.0
2022-09-27 09:30:00-04:00,50.84000015258789,51.040000915527344,50.630001068115234,50.75,35313,0.0,0.0
2022-09-27 10:30:00-04:00,50.75,50.97999954223633,50.7400016784668,50.79999923706055,35105,0.0,0.0
2022-09-27 11:30:00-04:00,50.810001373291016,50.869998931884766,50.4900016784668,50.650001525878906,26023,0.0,0.0
2022-09-27 12:30:00-04:00,50.630001068115234,50.630001068115234,50.52000045776367,50.61000061035156,26110,0.0,0.0
2022-09-27 13:30:00-04:00,50.61000061035156,50.61000061035156,50.459999084472656,50.54499816894531,23082,0.0,0.0
2022-09-27 14:30:00-04:00,50.560001373291016,50.68000030517578,50.540000915527344,50.58000183105469,22405,0.0,0.0
2022-09-27 15:30:00-04:00,50.59000015258789,50.599998474121094,50.43000030517578,50.58000183105469,41032,0.0,0.0
2022-09-28 09:30:00-04:00,51.630001068115234,52.09000015258789,51.459999084472656,51.95000076293945,56883,0.0,0.0
2022-09-28 10:30:00-04:00,52.0,52.13999938964844,51.970001220703125,52.06999969482422,23009,0.0,0.0
2022-09-28 11:30:00-04:00,52.09000015258789,52.54999923706055,52.09000015258789,52.54999923706055,30241,0.0,0.0
2022-09-28 12:30:00-04:00,52.5,52.599998474121094,52.38999938964844,52.459999084472656,20676,0.0,0.0
2022-09-28 13:30:00-04:00,52.45000076293945,52.509700775146484,52.369998931884766,52.509700775146484,15009,0.0,0.0
2022-09-28 14:30:00-04:00,52.5099983215332,52.68000030517578,52.5099983215332,52.650001525878906,24992,0.0,0.0
2022-09-28 15:30:00-04:00,52.6150016784668,52.65999984741211,52.2599983215332,52.290000915527344,86267,0.0,0.0
2022-09-29 09:30:00-04:00,52.810001373291016,52.810001373291016,52.40999984741211,52.58000183105469,45215,0.0,0.0
2022-09-29 10:30:00-04:00,52.540000915527344,52.744998931884766,52.439998626708984,52.66999816894531,21489,0.0,0.0
2022-09-29 11:30:00-04:00,52.66999816894531,52.91999816894531,52.66999816894531,52.790000915527344,27631,0.0,0.0
2022-09-29 12:30:00-04:00,52.810001373291016,52.810001373291016,52.310001373291016,52.34000015258789,31451,0.0,0.0
2022-09-29 13:30:00-04:00,52.349998474121094,52.459999084472656,52.22999954223633,52.314998626708984,31906,0.0,0.0
2022-09-29 14:30:00-04:00,52.33000183105469,52.44499969482422,52.31999969482422,52.369998931884766,35255,0.0,0.0
2022-09-29 15:30:00-04:00,52.369998931884766,52.43000030517578,52.15999984741211,52.22999954223633,93427,0.0,0.0
2022-09-30 09:30:00-04:00,52.2599983215332,53.040000915527344,52.25,53.0099983215332,0,0.0,0.0
2022-09-30 10:30:00-04:00,53.0099983215332,53.08000183105469,52.779998779296875,52.779998779296875,20593,0.0,0.0
2022-09-30 11:30:00-04:00,52.7401008605957,52.77000045776367,52.529998779296875,52.56999969482422,12589,0.0,0.0
2022-09-30 12:30:00-04:00,52.54999923706055,52.70000076293945,52.5,52.529998779296875,19872,0.0,0.0
2022-09-30 13:30:00-04:00,52.560001373291016,52.560001373291016,52.400001525878906,52.43000030517578,20914,0.0,0.0
2022-09-30 14:30:00-04:00,52.439998626708984,52.5,52.349998474121094,52.40999984741211,27268,0.0,0.0
2022-09-30 15:30:00-04:00,52.43000030517578,52.459999084472656,52.279998779296875,52.33000183105469,46155,0.0,0.0
2022-10-03 09:30:00-04:00,53.65999984741211,54.0,53.439998626708984,53.84000015258789,40167,0.0,0.0
2022-10-03 10:30:00-04:00,53.849998474121094,53.97999954223633,53.7599983215332,53.7599983215332,23720,0.0,0.0
2022-10-03 11:30:00-04:00,53.7599983215332,53.880001068115234,53.66999816894531,53.72999954223633,28111,0.0,0.0
2022-10-03 12:30:00-04:00,53.720001220703125,53.91999816894531,53.720001220703125,53.88999938964844,23491,0.0,0.0
2022-10-03 13:30:00-04:00,53.91999816894531,54.040000915527344,53.849998474121094,53.9900016784668,26656,0.0,0.0
2022-10-03 14:30:00-04:00,54.0,54.31999969482422,53.970001220703125,54.13999938964844,47767,0.0,0.0
2022-10-03 15:30:00-04:00,54.15999984741211,54.220001220703125,54.040000915527344,54.150001525878906,62122,0.0,0.0
2022-10-04 09:30:00-04:00,54.08000183105469,54.33000183105469,53.7599983215332,54.130001068115234,25455,0.0,0.0
2022-10-04 10:30:00-04:00,54.15999984741211,54.22999954223633,54.09000015258789,54.189998626708984,25467,0.0,0.0
2022-10-04 11:30:00-04:00,54.18000030517578,54.310001373291016,54.0099983215332,54.06999969482422,20372,0.0,0.0
2022-10-04 12:30:00-04:00,54.099998474121094,54.10499954223633,53.77000045776367,53.84000015258789,16172,0.0,0.0
2022-10-04 13:30:00-04:00,53.81999969482422,53.93000030517578,53.77000045776367,53.8650016784668,21171,0.0,0.0
2022-10-04 14:30:00-04:00,53.86000061035156,53.970001220703125,53.83620071411133,53.92499923706055,18321,0.0,0.0
2022-10-04 15:30:00-04:00,53.90999984741211,54.11000061035156,53.86000061035156,54.06999969482422,60060,0.0,0.0
2022-10-05 09:30:00-04:00,53.72999954223633,53.90999984741211,53.52000045776367,53.52000045776367,19249,0.0,0.0
2022-10-05 10:30:00-04:00,53.5,53.630001068115234,53.48500061035156,53.630001068115234,9445,0.0,0.0
2022-10-05 11:30:00-04:00,53.625,53.77000045776367,53.61000061035156,53.689998626708984,9699,0.0,0.0
2022-10-05 12:30:00-04:00,53.689998626708984,53.90999984741211,53.68330001831055,53.88999938964844,11498,0.0,0.0
2022-10-05 13:30:00-04:00,53.90999984741211,54.08000183105469,53.85499954223633,54.08000183105469,14784,0.0,0.0
2022-10-05 14:30:00-04:00,54.099998474121094,54.130001068115234,54.029998779296875,54.099998474121094,15152,0.0,0.0
2022-10-05 15:30:00-04:00,54.099998474121094,54.10540008544922,53.970001220703125,54.029998779296875,41580,0.0,0.0
2022-10-06 09:30:00-04:00,53.22999954223633,53.400001525878906,52.790000915527344,52.880001068115234,0,0.0,0.0
2022-10-06 10:30:00-04:00,52.849998474121094,53.0099983215332,52.83000183105469,52.939998626708984,8028,0.0,0.0
2022-10-06 11:30:00-04:00,52.94499969482422,52.9900016784668,52.779998779296875,52.91899871826172,12564,0.0,0.0
2022-10-06 12:30:00-04:00,52.90999984741211,52.91999816894531,52.770301818847656,52.86000061035156,12760,0.0,0.0
2022-10-06 13:30:00-04:00,52.875,52.875,52.7599983215332,52.7599983215332,12875,0.0,0.0
2022-10-06 14:30:00-04:00,52.77000045776367,52.84000015258789,52.650001525878906,52.81999969482422,24332,0.0,0.0
2022-10-06 15:30:00-04:00,52.849998474121094,52.849998474121094,52.709999084472656,52.7400016784668,35238,0.0,0.0
2022-10-07 09:30:00-04:00,52.369998931884766,52.45000076293945,52.119998931884766,52.349998474121094,26885,0.0,0.0
2022-10-07 10:30:00-04:00,52.29499816894531,52.54999923706055,52.29499816894531,52.51499938964844,15103,0.0,0.0
2022-10-07 11:30:00-04:00,52.540000915527344,52.599998474121094,52.5099983215332,52.52000045776367,10397,0.0,0.0
2022-10-07 12:30:00-04:00,52.5099983215332,52.529998779296875,52.38999938964844,52.43000030517578,14493,0.0,0.0
2022-10-07 13:30:00-04:00,52.380001068115234,52.470001220703125,52.34000015258789,52.349998474121094,15118,0.0,0.0
2022-10-07 14:30:00-04:00,52.34000015258789,52.40999984741211,52.290000915527344,52.314998626708984,23558,0.0,0.0
2022-10-07 15:30:00-04:00,52.310001373291016,52.47999954223633,52.29999923706055,52.400001525878906,30825,0.0,0.0
2022-10-10 09:30:00-04:00,52.75,53.0,52.709999084472656,52.970001220703125,0,0.0,0.0
2022-10-10 10:30:00-04:00,52.9900016784668,53.0,52.689998626708984,52.75,21256,0.0,0.0
2022-10-10 11:30:00-04:00,52.77000045776367,52.86000061035156,52.61000061035156,52.61000061035156,12576,0.0,0.0
2022-10-10 12:30:00-04:00,52.599998474121094,52.720001220703125,52.4900016784668,52.61000061035156,17685,0.0,0.0
2022-10-10 13:30:00-04:00,52.619998931884766,52.81999969482422,52.61000061035156,52.7400016784668,17340,0.0,0.0
2022-10-10 14:30:00-04:00,52.720001220703125,52.79999923706055,52.66999816894531,52.720001220703125,18437,0.0,0.0
2022-10-10 15:30:00-04:00,52.689998626708984,52.720001220703125,52.59000015258789,52.59000015258789,23200,0.0,0.0
2022-10-11 09:30:00-04:00,51.41999816894531,51.4900016784668,51.09000015258789,51.380001068115234,69008,0.0,0.0
2022-10-11 10:30:00-04:00,51.369998931884766,51.720001220703125,51.369998931884766,51.720001220703125,26568,0.0,0.0
2022-10-11 11:30:00-04:00,51.720001220703125,51.88999938964844,51.720001220703125,51.869998931884766,11398,0.0,0.0
2022-10-11 12:30:00-04:00,51.88999938964844,52.01499938964844,51.880001068115234,51.9900016784668,24278,0.0,0.0
2022-10-11 13:30:00-04:00,52.0099983215332,52.130001068115234,52.0,52.09000015258789,16078,0.0,0.0
2022-10-11 14:30:00-04:00,52.099998474121094,52.130001068115234,51.599998474121094,51.71500015258789,20772,0.0,0.0
2022-10-11 15:30:00-04:00,51.720001220703125,51.91999816894531,51.689998626708984,51.79999923706055,39511,0.0,0.0
2022-10-12 09:30:00-04:00,51.279998779296875,51.599998474121094,50.9900016784668,51.52000045776367,19764,0.0,0.0
2022-10-12 10:30:00-04:00,51.47999954223633,51.54999923706055,51.36000061035156,51.3849983215332,12327,0.0,0.0
2022-10-12 11:30:00-04:00,51.36000061035156,51.46500015258789,51.2599983215332,51.2599983215332,10519,0.0,0.0
2022-10-12 12:30:00-04:00,51.25,51.310001373291016,51.209999084472656,51.220001220703125,13670,0.0,0.0
2022-10-12 13:30:00-04:00,51.20000076293945,51.279998779296875,51.130001068115234,51.27000045776367,21398,0.0,0.0
2022-10-12 14:30:00-04:00,51.2400016784668,51.279998779296875,51.13999938964844,51.220001220703125,19938,0.0,0.0
2022-10-12 15:30:00-04:00,51.209999084472656,51.2400016784668,51.099998474121094,51.119998931884766,35769,0.0,0.0
2022-10-13 09:30:00-04:00,50.5099983215332,51.34000015258789,50.5099983215332,51.22999954223633,0,0.0,0.0
2022-10-13 10:30:00-04:00,51.2400016784668,51.81999969482422,51.2400016784668,51.80500030517578,18760,0.0,0.0
2022-10-13 11:30:00-04:00,51.81999969482422,52.06999969482422,51.720001220703125,51.720001220703125,25801,0.0,0.0
2022-10-13 12:30:00-04:00,51.65999984741211,51.90999984741211,51.65999984741211,51.8650016784668,18383,0.0,0.0
2022-10-13 13:30:00-04:00,51.880001068115234,51.97999954223633,51.779998779296875,51.790000915527344,20176,0.0,0.0
2022-10-13 14:30:00-04:00,51.810001373291016,51.959999084472656,51.790000915527344,51.790000915527344,15274,0.0,0.0
2022-10-13 15:30:00-04:00,51.79999923706055,51.810001373291016,51.64099884033203,51.70000076293945,31656,0.0,0.0
2022-10-14 09:30:00-04:00,52.029998779296875,52.290000915527344,51.79999923706055,52.20000076293945,0,0.0,0.0
2022-10-14 10:30:00-04:00,52.16999816894531,52.29999923706055,52.09000015258789,52.165000915527344,24913,0.0,0.0
2022-10-14 11:30:00-04:00,52.13999938964844,52.189998626708984,51.95000076293945,51.97999954223633,16836,0.0,0.0
2022-10-14 12:30:00-04:00,51.95000076293945,51.95000076293945,51.69499969482422,51.79999923706055,14857,0.0,0.0
2022-10-14 13:30:00-04:00,51.880001068115234,52.040000915527344,51.810001373291016,51.93000030517578,10988,0.0,0.0
2022-10-14 14:30:00-04:00,51.880001068115234,51.93000030517578,51.72999954223633,51.849998474121094,20472,0.0,0.0
2022-10-14 15:30:00-04:00,51.810001373291016,51.880001068115234,51.709999084472656,51.7400016784668,36315,0.0,0.0
2022-10-17 09:30:00-04:00,52.70000076293945,52.849998474121094,52.505001068115234,52.58000183105469,0,0.0,0.0
2022-10-17 10:30:00-04:00,52.630001068115234,52.709999084472656,52.470001220703125,52.70000076293945,12866,0.0,0.0
2022-10-17 11:30:00-04:00,52.69499969482422,52.90999984741211,52.689998626708984,52.88999938964844,14699,0.0,0.0
2022-10-17 12:30:00-04:00,52.90999984741211,52.9900016784668,52.83000183105469,52.9900016784668,15900,0.0,0.0
2022-10-17 13:30:00-04:00,53.0,53.029998779296875,52.939998626708984,53.0,19573,0.0,0.0
2022-10-17 14:30:00-04:00,52.988399505615234,53.06999969482422,52.779998779296875,52.779998779296875,25258,0.0,0.0
2022-10-17 15:30:00-04:00,52.790000915527344,52.869998931884766,52.7400016784668,52.77000045776367,16621,0.0,0.0
2022-10-18 09:30:00-04:00,53.04999923706055,53.47999954223633,52.90999984741211,53.16999816894531,19184,0.0,0.0
2022-10-18 10:30:00-04:00,53.209999084472656,53.279998779296875,53.01359939575195,53.08000183105469,18496,0.0,0.0
2022-10-18 11:30:00-04:00,53.0099983215332,53.18000030517578,52.90999984741211,53.029998779296875,11648,0.0,0.0
2022-10-18 12:30:00-04:00,53.04499816894531,53.060001373291016,52.970001220703125,53.029998779296875,7403,0.0,0.0
2022-10-18 13:30:00-04:00,53.099998474121094,53.189998626708984,52.90999984741211,52.974998474121094,10707,0.0,0.0
2022-10-18 14:30:00-04:00,53.02000045776367,53.02000045776367,52.75,52.970001220703125,28707,0.0,0.0
2022-10-18 15:30:00-04:00,53.0,53.185001373291016,52.970001220703125,53.040000915527344,24596,0.0,0.0
2022-10-19 09:30:00-04:00,52.04999923706055,52.369998931884766,51.61280059814453,51.970001220703125,16460,0.0,0.0
2022-10-19 10:30:00-04:00,51.939998626708984,51.939998626708984,51.61000061035156,51.67499923706055,11346,0.0,0.0
2022-10-19 11:30:00-04:00,51.689998626708984,51.97999954223633,51.619998931884766,51.77000045776367,16726,0.0,0.0
2022-10-19 12:30:00-04:00,51.72999954223633,51.72999954223633,51.470001220703125,51.665000915527344,19957,0.0,0.0
2022-10-19 13:30:00-04:00,51.63999938964844,51.77000045776367,51.564998626708984,51.64899826049805,10918,0.0,0.0
2022-10-19 14:30:00-04:00,51.689998626708984,51.69580078125,51.48500061035156,51.51499938964844,14090,0.0,0.0
2022-10-19 15:30:00-04:00,51.5099983215332,51.66999816894531,51.474998474121094,51.63999938964844,31660,0.0,0.0
2022-10-20 09:30:00-04:00,52.33000183105469,52.41999816894531,51.80099868774414,52.33000183105469,0,0.0,0.0
2022-10-20 10:30:00-04:00,52.38999938964844,52.45000076293945,52.290000915527344,52.290000915527344,9614,0.0,0.0
2022-10-20 11:30:00-04:00,52.349998474121094,52.400001525878906,52.16999816894531,52.16999816894531,13548,0.0,0.0
2022-10-20 12:30:00-04:00,52.18000030517578,52.189998626708984,51.95500183105469,52.04999923706055,5564,0.0,0.0
2022-10-20 13:30:00-04:00,51.9900016784668,52.0,51.83000183105469,51.83000183105469,5287,0.0,0.0
2022-10-20 14:30:00-04:00,51.900001525878906,52.08000183105469,51.88999938964844,52.0,15321,0.0,0.0
2022-10-20 15:30:00-04:00,52.040000915527344,52.07500076293945,51.900001525878906,51.970001220703125,22761,0.0,0.0
2022-10-21 09:30:00-04:00,51.95000076293945,52.400001525878906,51.849998474121094,52.060001373291016,11533,0.0,0.0
2022-10-21 10:30:00-04:00,52.119998931884766,52.29999923706055,52.02000045776367,52.29999923706055,8137,0.0,0.0
2022-10-21 11:30:00-04:00,52.38999938964844,52.5099983215332,52.150001525878906,52.345001220703125,19535,0.0,0.0
2022-10-21 12:30:00-04:00,52.43000030517578,52.4900016784668,52.38999938964844,52.470001220703125,6113,0.0,0.0
2022-10-21 13:30:00-04:00,52.4900016784668,52.529998779296875,52.349998474121094,52.349998474121094,10371,0.0,0.0
2022-10-21 14:30:00-04:00,52.349998474121094,52.5629997253418,52.349998474121094,52.5099983215332,10874,0.0,0.0
2022-10-21 15:30:00-04:00,52.53499984741211,52.56999969482422,52.439998626708984,52.529998779296875,20733,0.0,0.0
2022-10-24 09:30:00-04:00,52.54999923706055,52.959999084472656,52.34000015258789,52.349998474121094,0,0.0,0.0
2022-10-24 10:30:00-04:00,52.38999938964844,52.59000015258789,52.38999938964844,52.56999969482422,4794,0.0,0.0
2022-10-24 11:30:00-04:00,52.619998931884766,52.79999923706055,52.619998931884766,52.7400016784668,2675,0.0,0.0
2022-10-24 12:30:00-04:00,52.755001068115234,52.779998779296875,52.57500076293945,52.6349983215332,11090,0.0,0.0
2022-10-24 13:30:00-04:00,52.630001068115234,52.720001220703125,52.51499938964844,52.51499938964844,8656,0.0,0.0
2022-10-24 14:30:00-04:00,52.5099983215332,52.63999938964844,52.494998931884766,52.59000015258789,9483,0.0,0.0
2022-10-24 15:30:00-04:00,52.619998931884766,52.65999984741211,52.540000915527344,52.56999969482422,24245,0.0,0.0
2022-10-25 09:30:00-04:00,53.20000076293945,53.595001220703125,53.032501220703125,53.4900016784668,33604,0.0,0.0
2022-10-25 10:30:00-04:00,53.540000915527344,53.63999938964844,53.459999084472656,53.59000015258789,12887,0.0,0.0
2022-10-25 11:30:00-04:00,53.59000015258789,53.650001525878906,53.560001373291016,53.59000015258789,6664,0.0,0.0
2022-10-25 12:30:00-04:00,53.58729934692383,53.58729934692383,53.529998779296875,53.560001373291016,9237,0.0,0.0
2022-10-25 13:30:00-04:00,53.56999969482422,53.709999084472656,53.52000045776367,53.67499923706055,15196,0.0,0.0
2022-10-25 14:30:00-04:00,53.68000030517578,53.720001220703125,53.52000045776367,53.560001373291016,16235,0.0,0.0
2022-10-25 15:30:00-04:00,53.52000045776367,53.689998626708984,53.52000045776367,53.54999923706055,25474,0.0,0.0
2022-10-26 09:30:00-04:00,53.84000015258789,54.060001373291016,53.6245002746582,53.91999816894531,0,0.0,0.0
2022-10-26 10:30:00-04:00,53.939998626708984,54.040000915527344,53.869998931884766,53.95500183105469,17479,0.0,0.0
2022-10-26 11:30:00-04:00,54.029998779296875,54.064998626708984,53.90999984741211,53.97999954223633,16549,0.0,0.0
2022-10-26 12:30:00-04:00,53.9900016784668,54.005001068115234,53.83000183105469,53.83000183105469,13603,0.0,0.0
2022-10-26 13:30:00-04:00,53.81999969482422,53.9900016784668,53.7400016784668,53.970001220703125,20777,0.0,0.0
2022-10-26 14:30:00-04:00,53.970001220703125,54.029998779296875,53.869998931884766,53.93000030517578,15890,0.0,0.0
2022-10-26 15:30:00-04:00,53.97999954223633,54.02000045776367,53.8849983215332,54.0,34155,0.0,0.0
2022-10-27 09:30:00-04:00,54.15999984741211,54.47999954223633,54.15999984741211,54.43000030517578,14572,0.0,0.0
2022-10-27 10:30:00-04:00,54.47999954223633,54.47999954223633,54.2599983215332,54.334999084472656,15076,0.0,0.0
2022-10-27 11:30:00-04:00,54.279998779296875,54.47999954223633,54.27000045776367,54.470001220703125,22647,0.0,0.0
2022-10-27 12:30:00-04:00,54.43000030517578,54.79999923706055,54.43000030517578,54.72999954223633,28400,0.0,0.0
2022-10-27 13:30:00-04:00,54.724998474121094,54.79999923706055,54.630001068115234,54.689998626708984,24679,0.0,0.0
2022-10-27 14:30:00-04:00,54.67499923706055,54.720001220703125,54.52000045776367,54.66999816894531,26013,0.0,0.0
2022-10-27 15:30:00-04:00,54.63999938964844,54.68000030517578,54.5099983215332,54.560001373291016,43370,0.0,0.0
2022-10-28 09:30:00-04:00,53.869998931884766,54.56999969482422,53.720001220703125,54.46500015258789,17449,0.0,0.0
2022-10-28 10:30:00-04:00,54.470001220703125,54.709999084472656,54.36000061035156,54.654998779296875,14000,0.0,0.0
2022-10-28 11:30:00-04:00,54.68000030517578,55.14500045776367,54.61000061035156,55.029998779296875,18107,0.0,0.0
2022-10-28 12:30:00-04:00,54.970001220703125,55.084999084472656,54.875,55.060001373291016,12055,0.0,0.0
2022-10-28 13:30:00-04:00,55.05500030517578,55.05500030517578,54.65999984741211,54.88999938964844,13428,0.0,0.0
2022-10-28 14:30:00-04:00,54.95500183105469,55.290000915527344,54.95500183105469,55.209999084472656,29345,0.0,0.0
2022-10-28 15:30:00-04:00,55.20000076293945,55.279998779296875,55.040000915527344,55.279998779296875,29893,0.0,0.0
2022-10-31 09:30:00-04:00,54.11000061035156,54.279998779296875,53.75,53.98910140991211,37195,0.0,0.0
2022-10-31 10:30:00-04:00,54.0,54.220001220703125,54.0,54.130001068115234,17682,0.0,0.0
2022-10-31 11:30:00-04:00,54.18000030517578,54.25400161743164,54.119998931884766,54.209999084472656,22965,0.0,0.0
2022-10-31 12:30:00-04:00,54.19919967651367,54.470001220703125,54.19860076904297,54.43000030517578,29102,0.0,0.0
2022-10-31 13:30:00-04:00,54.375,54.375,54.290000915527344,54.369998931884766,12067,0.0,0.0
2022-10-31 14:30:00-04:00,54.349998474121094,54.38999938964844,54.15999984741211,54.349998474121094,19379,0.0,0.0
2022-10-31 15:30:00-04:00,54.349998474121094,54.38999938964844,54.16999816894531,54.2599983215332,57082,0.0,0.0
2022-11-01 09:30:00-04:00,55.279998779296875,55.720001220703125,55.119998931884766,55.720001220703125,0,0.0,0.0
2022-11-01 10:30:00-04:00,55.61000061035156,55.685001373291016,55.41999816894531,55.494998931884766,48178,0.0,0.0
2022-11-01 11:30:00-04:00,55.5099983215332,55.63999938964844,55.400001525878906,55.470001220703125,51509,0.0,0.0
2022-11-01 12:30:00-04:00,55.47999954223633,55.7400016784668,55.45000076293945,55.70000076293945,17597,0.0,0.0
2022-11-01 13:30:00-04:00,55.75,55.75,55.52000045776367,55.630001068115234,29172,0.0,0.0
2022-11-01 14:30:00-04:00,55.61000061035156,55.779998779296875,55.529998779296875,55.72999954223633,48672,0.0,0.0
2022-11-01 15:30:00-04:00,55.72999954223633,55.84000015258789,55.619998931884766,55.720001220703125,89398,0.0,0.0
2022-11-02 09:30:00-04:00,55.689998626708984,55.83000183105469,55.52000045776367,55.7599983215332,46382,0.0,0.0
2022-11-02 10:30:00-04:00,55.75,55.959999084472656,55.709999084472656,55.959999084472656,33927,0.0,0.0
2022-11-02 11:30:00-04:00,55.959999084472656,56.310001373291016,55.93000030517578,56.310001373291016,25432,0.0,0.0
2022-11-02 12:30:00-04:00,56.31999969482422,56.5,56.119998931884766,56.40999984741211,30868,0.0,0.0
2022-11-02 13:30:00-04:00,56.459999084472656,56.869998931884766,56.41999816894531,56.779998779296875,30646,0.0,0.0
2022-11-02 14:30:00-04:00,56.79999923706055,56.79999923706055,55.81999969482422,55.81999969482422,159123,0.0,0.0
2022-11-02 15:30:00-04:00,55.84000015258789,55.849998474121094,55.31999969482422,55.31999969482422,160881,0.0,0.0
2022-11-03 09:30:00-04:00,55.43000030517578,55.43000030517578,54.810001373291016,55.349998474121094,0,0.0,0.0
2022-11-03 10:30:00-04:00,55.310001373291016,55.3849983215332,55.150001525878906,55.31999969482422,19197,0.0,0.0
2022-11-03 11:30:00-04:00,55.27000045776367,55.66999816894531,55.27000045776367,55.5,21126,0.0,0.0
2022-11-03 12:30:00-04:00,55.4656982421875,55.54999923706055,55.369998931884766,55.459999084472656,18569,0.0,0.0
2022-11-03 13:30:00-04:00,55.45000076293945,55.75,55.439998626708984,55.7400016784668,20575,0.0,0.0
2022-11-03 14:30:00-04:00,55.75,55.805999755859375,55.63999938964844,55.805999755859375,23686,0.0,0.0
2022-11-03 15:30:00-04:00,55.78499984741211,55.900001525878906,55.720001220703125,55.880001068115234,42742,0.0,0.0
2022-11-04 09:30:00-04:00,55.720001220703125,55.79999923706055,55.22999954223633,55.41999816894531,36890,0.0,0.0
2022-11-04 10:30:00-04:00,55.43000030517578,55.439998626708984,55.11000061035156,55.150001525878906,22380,0.0,0.0
2022-11-04 11:30:00-04:00,55.189998626708984,55.189998626708984,55.04999923706055,55.13999938964844,14912,0.0,0.0
2022-11-04 12:30:00-04:00,55.11000061035156,55.189998626708984,55.060001373291016,55.15999984741211,13797,0.0,0.0
2022-11-04 13:30:00-04:00,55.13999938964844,55.15999984741211,55.09000015258789,55.15999984741211,14837,0.0,0.0
2022-11-04 14:30:00-04:00,55.15999984741211,55.439998626708984,55.15999984741211,55.41999816894531,21624,0.0,0.0
2022-11-04 15:30:00-04:00,55.380001068115234,55.650001525878906,55.36000061035156,55.630001068115234,38101,0.0,0.0
2022-11-07 09:30:00-05:00,55.36000061035156,55.72999954223633,55.15999984741211,55.66999816894531,63650,0.0,0.0
2022-11-07 10:30:00-05:00,55.66999816894531,55.880001068115234,55.59000015258789,55.875,63236,0.0,0.0
2022-11-07 11:30:00-05:00,55.8650016784668,55.9900016784668,55.60499954223633,55.9900016784668,31108,0.0,0.0
2022-11-07 12:30:00-05:00,55.9900016784668,56.099998474121094,55.959999084472656,56.06999969482422,21433,0.0,0.0
2022-11-07 13:30:00-05:00,56.06999969482422,56.5099983215332,56.06999969482422,56.5099983215332,25635,0.0,0.0
2022-11-07 14:30:00-05:00,56.5,56.709999084472656,56.31999969482422,56.43000030517578,56643,0.0,0.0
2022-11-07 15:30:00-05:00,56.400001525878906,56.459999084472656,56.2599983215332,56.380001068115234,99484,0.0,0.0
2022-11-08 09:30:00-05:00,56.38999938964844,56.7599983215332,56.22999954223633,56.689998626708984,0,0.0,0.0
2022-11-08 10:30:00-05:00,56.60499954223633,56.689998626708984,56.58000183105469,56.68000030517578,43626,0.0,0.0
2022-11-08 11:30:00-05:00,56.689998626708984,56.689998626708984,56.599998474121094,56.665000915527344,36779,0.0,0.0
2022-11-08 12:30:00-05:00,56.650001525878906,56.689998626708984,56.47999954223633,56.47999954223633,26032,0.0,0.0
2022-11-08 13:30:00-05:00,56.47999954223633,56.630001068115234,56.435001373291016,56.435001373291016,23006,0.0,0.0
2022-11-08 14:30:00-05:00,56.435001373291016,56.63999938964844,56.340999603271484,56.61000061035156,27073,0.0,0.0
2022-11-08 15:30:00-05:00,56.599998474121094,56.630001068115234,56.369998931884766,56.400001525878906,42187,0.0,0.0
2022-11-09 09:30:00-05:00,56.08000183105469,56.59000015258789,55.970001220703125,56.4900016784668,45848,0.0,0.0
2022-11-09 10:30:00-05:00,56.439998626708984,56.52000045776367,56.310001373291016,56.4900016784668,43850,0.0,0.0
2022-11-09 11:30:00-05:00,56.459999084472656,56.560001373291016,56.27000045776367,56.5099983215332,42474,0.0,0.0
2022-11-09 12:30:00-05:00,56.5099983215332,56.560001373291016,56.2599983215332,56.310001373291016,32272,0.0,0.0
2022-11-09 13:30:00-05:00,56.27000045776367,56.279998779296875,56.130001068115234,56.18000030517578,36048,0.0,0.0
2022-11-09 14:30:00-05:00,56.18000030517578,56.189998626708984,56.0,56.099998474121094,36843,0.0,0.0
2022-11-09 15:30:00-05:00,56.099998474121094,56.099998474121094,55.93000030517578,55.97999954223633,53936,0.0,0.0
2022-11-10 09:30:00-05:00,57.27000045776367,57.650001525878906,56.68000030517578,57.220001220703125,0,0.0,0.0
2022-11-10 10:30:00-05:00,57.20000076293945,57.290000915527344,56.83000183105469,56.959999084472656,27429,0.0,0.0
2022-11-10 11:30:00-05:00,56.97999954223633,57.130001068115234,56.86000061035156,57.119998931884766,14636,0.0,0.0
2022-11-10 12:30:00-05:00,57.150001525878906,57.150001525878906,56.880001068115234,57.06999969482422,7512,0.0,0.0
2022-11-10 13:30:00-05:00,57.099998474121094,57.15999984741211,57.02000045776367,57.130001068115234,6649,0.0,0.0
2022-11-10 14:30:00-05:00,57.130001068115234,57.36000061035156,57.119998931884766,57.345001220703125,8622,0.0,0.0
2022-11-10 15:30:00-05:00,57.36000061035156,57.47999954223633,57.31999969482422,57.470001220703125,24663,0.0,0.0
2022-11-11 09:30:00-05:00,57.220001220703125,57.220001220703125,56.36000061035156,56.529998779296875,36170,0.0,0.0
2022-11-11 10:30:00-05:00,56.4900016784668,56.560001373291016,56.279998779296875,56.28499984741211,10309,0.0,0.0
2022-11-11 11:30:00-05:00,56.25,56.45000076293945,56.20000076293945,56.45000076293945,13031,0.0,0.0
2022-11-11 12:30:00-05:00,56.45500183105469,56.560001373291016,56.41999816894531,56.560001373291016,18767,0.0,0.0
2022-11-11 13:30:00-05:00,56.560001373291016,56.599998474121094,56.45000076293945,56.4900016784668,17039,0.0,0.0
2022-11-11 14:30:00-05:00,56.5099983215332,56.7599983215332,56.507999420166016,56.7599983215332,21317,0.0,0.0
2022-11-11 15:30:00-05:00,56.7400016784668,56.90999984741211,56.66999816894531,56.900001525878906,20270,0.0,0.0
2022-11-14 09:30:00-05:00,54.470001220703125,54.7400016784668,53.72999954223633,54.47999954223633,54889,0.0,0.0
2022-11-14 10:30:00-05:00,54.459999084472656,54.81999969482422,54.380001068115234,54.81999969482422,32107,0.0,0.0
2022-11-14 11:30:00-05:00,54.79999923706055,55.02000045776367,54.75,54.790000915527344,30919,0.0,0.0
2022-11-14 12:30:00-05:00,54.81999969482422,54.84000015258789,54.720001220703125,54.810001373291016,20018,0.0,0.0
2022-11-14 13:30:00-05:00,54.790000915527344,54.790000915527344,54.52000045776367,54.54499816894531,30791,0.0,0.0
2022-11-14 14:30:00-05:00,54.54499816894531,54.7400016784668,54.47999954223633,54.599998474121094,38009,0.0,0.0
2022-11-14 15:30:00-05:00,54.619998931884766,54.65999984741211,54.349998474121094,54.45000076293945,61186,0.0,0.0
2022-11-15 09:30:00-05:00,55.06999969482422,55.79999923706055,55.06999969482422,55.79999923706055,34339,0.0,0.0
2022-11-15 10:30:00-05:00,55.810001373291016,55.84000015258789,55.630001068115234,55.665000915527344,50301,0.0,0.0
2022-11-15 11:30:00-05:00,55.70000076293945,55.7599983215332,55.47999954223633,55.53499984741211,15179,0.0,0.0
2022-11-15 12:30:00-05:00,55.529998779296875,55.58000183105469,54.9900016784668,55.119998931884766,21236,0.0,0.0
2022-11-15 13:30:00-05:00,55.13999938964844,55.13999938964844,54.790000915527344,55.06999969482422,24930,0.0,0.0
2022-11-15 14:30:00-05:00,55.040000915527344,55.25,54.939998626708984,55.21500015258789,19772,0.0,0.0
2022-11-15 15:30:00-05:00,55.21500015258789,55.21500015258789,54.9900016784668,55.04999923706055,50206,0.0,0.0
2022-11-16 09:30:00-05:00,55.43000030517578,55.689998626708984,55.16999816894531,55.29499816894531,15837,0.0,0.0
2022-11-16 10:30:00-05:00,55.349998474121094,55.45000076293945,55.22999954223633,55.34000015258789,10853,0.0,0.0
2022-11-16 11:30:00-05:00,55.334999084472656,55.334999084472656,55.040000915527344,55.14500045776367,16494,0.0,0.0
2022-11-16 12:30:00-05:00,55.154998779296875,55.33000183105469,55.02000045776367,55.04999923706055,19681,0.0,0.0
2022-11-16 13:30:00-05:00,55.04999923706055,55.09000015258789,54.72999954223633,54.790000915527344,23042,0.0,0.0
2022-11-16 14:30:00-05:00,54.78499984741211,55.11000061035156,54.70000076293945,55.060001373291016,22258,0.0,0.0
2022-11-16 15:30:00-05:00,55.064998626708984,55.0890007019043,54.994998931884766,55.040000915527344,28755,0.0,0.0
2022-11-17 09:30:00-05:00,54.29999923706055,54.400001525878906,54.10499954223633,54.375,15928,0.0,0.0
2022-11-17 10:30:00-05:00,54.375,54.41999816894531,54.310001373291016,54.36750030517578,8470,0.0,0.0
2022-11-17 11:30:00-05:00,54.41910171508789,54.599998474121094,54.349998474121094,54.54499816894531,8188,0.0,0.0
2022-11-17 12:30:00-05:00,54.54499816894531,54.790000915527344,54.439998626708984,54.790000915527344,18163,0.0,0.0
2022-11-17 13:30:00-05:00,54.81999969482422,54.9900016784668,54.68000030517578,54.689998626708984,12364,0.0,0.0
2022-11-17 14:30:00-05:00,54.689998626708984,54.7400016784668,54.439998626708984,54.5099983215332,23696,0.0,0.0
2022-11-17 15:30:00-05:00,54.52000045776367,54.63999938964844,54.400001525878906,54.56999969482422,38619,0.0,0.0
2022-11-18 09:30:00-05:00,54.54999923706055,54.63999938964844,54.119998931884766,54.119998931884766,38501,0.0,0.0
2022-11-18 10:30:00-05:00,54.125,54.36000061035156,54.04999923706055,54.25,37255,0.0,0.0
2022-11-18 11:30:00-05:00,54.27000045776367,54.290000915527344,53.869998931884766,53.869998931884766,35308,0.0,0.0
2022-11-18 12:30:00-05:00,53.869998931884766,53.939998626708984,53.720001220703125,53.79999923706055,25582,0.0,0.0
2022-11-18 13:30:00-05:00,53.834999084472656,53.8650016784668,53.66999816894531,53.8650016784668,22569,0.0,0.0
2022-11-18 14:30:00-05:00,53.88999938964844,54.005001068115234,53.77000045776367,54.005001068115234,17703,0.0,0.0
2022-11-18 15:30:00-05:00,54.02000045776367,54.060001373291016,53.68000030517578,53.95000076293945,72110,0.0,0.0
2022-11-21 09:30:00-05:00,53.540000915527344,54.029998779296875,53.45000076293945,53.875,13196,0.0,0.0
2022-11-21 10:30:00-05:00,53.779998779296875,53.83000183105469,53.56999969482422,53.720001220703125,15143,0.0,0.0
2022-11-21 11:30:00-05:00,53.709999084472656,54.130001068115234,53.650001525878906,54.130001068115234,22371,0.0,0.0
2022-11-21 12:30:00-05:00,54.13999938964844,54.29999923706055,54.029998779296875,54.09000015258789,12195,0.0,0.0
2022-11-21 13:30:00-05:00,54.09000015258789,54.14500045776367,54.02000045776367,54.14500045776367,40242,0.0,0.0
2022-11-21 14:30:00-05:00,54.14500045776367,54.380001068115234,54.09000015258789,54.189998626708984,27918,0.0,0.0
2022-11-21 15:30:00-05:00,54.150001525878906,54.16999816894531,54.0,54.08000183105469,52800,0.0,0.0
2022-11-22 09:30:00-05:00,54.15999984741211,54.15999984741211,53.869998931884766,54.150001525878906,0,0.0,0.0
2022-11-22 10:30:00-05:00,54.13999938964844,54.18000030517578,53.95000076293945,53.959999084472656,38615,0.0,0.0
2022-11-22 11:30:00-05:00,53.98500061035156,54.209999084472656,53.900001525878906,54.209999084472656,76082,0.0,0.0
2022-11-22 12:30:00-05:00,54.38999938964844,54.525001525878906,54.28499984741211,54.3650016784668,18463,0.0,0.0
2022-11-22 13:30:00-05:00,54.404998779296875,54.45000076293945,54.11000061035156,54.27000045776367,38213,0.0,0.0
2022-11-22 14:30:00-05:00,54.310001373291016,54.3849983215332,54.09000015258789,54.1150016784668,26856,0.0,0.0
2022-11-22 15:30:00-05:00,54.09749984741211,54.2599983215332,54.0,54.189998626708984,91493,0.0,0.0
2022-11-23 09:30:00-05:00,54.41999816894531,54.41999816894531,54.02000045776367,54.15999984741211,16406,0.0,0.0
2022-11-23 10:30:00-05:00,54.150001525878906,54.38999938964844,54.150001525878906,54.27000045776367,21620,0.0,0.0
2022-11-23 11:30:00-05:00,54.209999084472656,54.29999923706055,54.029998779296875,54.16999816894531,18725,0.0,0.0
2022-11-23 12:30:00-05:00,54.189998626708984,54.564998626708984,54.189998626708984,54.5,13677,0.0,0.0
2022-11-23 13:30:00-05:00,54.494998931884766,54.93000030517578,54.459999084472656,54.75,12861,0.0,0.0
2022-11-23 14:30:00-05:00,54.744998931884766,54.84000015258789,54.56999969482422,54.709999084472656,18018,0.0,0.0
2022-11-23 15:30:00-05:00,54.72010040283203,54.72999954223633,54.279998779296875,54.4900016784668,43947,0.0,0.0
2022-11-25 09:30:00-05:00,54.52000045776367,54.93000030517578,54.52000045776367,54.59000015258789,17247,0.0,0.0
2022-11-25 10:30:00-05:00,54.59000015258789,54.650001525878906,54.45000076293945,54.625,26441,0.0,0.0
2022-11-25 11:30:00-05:00,54.625,54.75,54.5,54.51499938964844,28299,0.0,0.0
2022-11-28 09:30:00-05:00,54.52000045776367,54.66999816894531,54.45000076293945,54.599998474121094,17902,0.0,0.0
2022-11-28 10:30:00-05:00,54.56999969482422,54.70249938964844,54.45000076293945,54.70249938964844,55839,0.0,0.0
2022-11-28 11:30:00-05:00,54.7244987487793,54.85499954223633,54.5,54.84000015258789,21906,0.0,0.0
2022-11-28 12:30:00-05:00,54.81999969482422,54.939998626708984,54.54999923706055,54.70000076293945,18978,0.0,0.0
2022-11-28 13:30:00-05:00,54.70000076293945,54.7400016784668,54.459999084472656,54.58000183105469,19851,0.0,0.0
2022-11-28 14:30:00-05:00,54.60499954223633,54.60499954223633,54.40999984741211,54.47999954223633,24905,0.0,0.0
2022-11-28 15:30:00-05:00,54.43000030517578,54.560001373291016,54.400001525878906,54.529998779296875,48531,0.0,0.0
2022-11-29 09:30:00-05:00,55.0,55.41999816894531,54.91999816894531,55.26499938964844,32560,0.0,0.0
2022-11-29 10:30:00-05:00,55.279998779296875,55.34000015258789,55.130001068115234,55.314998626708984,27202,0.0,0.0
2022-11-29 11:30:00-05:00,55.34000015258789,55.6349983215332,55.2599983215332,55.6349983215332,42462,0.0,0.0
2022-11-29 12:30:00-05:00,55.60499954223633,55.60499954223633,55.439998626708984,55.474998474121094,31525,0.0,0.0
2022-11-29 13:30:00-05:00,55.474998474121094,55.619998931884766,55.45000076293945,55.5,40480,0.0,0.0
2022-11-29 14:30:00-05:00,55.505001068115234,55.52000045776367,55.400001525878906,55.43000030517578,17355,0.0,0.0
2022-11-29 15:30:00-05:00,55.439998626708984,55.4900016784668,55.25,55.290000915527344,39784,0.0,0.0
2022-11-30 09:30:00-05:00,55.7599983215332,55.88999938964844,55.25,55.36000061035156,22337,0.0,0.0
2022-11-30 10:30:00-05:00,55.310001373291016,55.5099983215332,55.29499816894531,55.35499954223633,40112,0.0,0.0
2022-11-30 11:30:00-05:00,55.35499954223633,55.439998626708984,55.27000045776367,55.310001373291016,18030,0.0,0.0
2022-11-30 12:30:00-05:00,55.275001525878906,55.435001373291016,55.244998931884766,55.36000061035156,14125,0.0,0.0
2022-11-30 13:30:00-05:00,55.34000015258789,55.899200439453125,55.33000183105469,55.79999923706055,24077,0.0,0.0
2022-11-30 14:30:00-05:00,55.86000061035156,56.060001373291016,55.709999084472656,56.02000045776367,27830,0.0,0.0
2022-11-30 15:30:00-05:00,56.02000045776367,56.4900016784668,55.599998474121094,56.29999923706055,145501,0.0,0.0
2022-12-01 09:30:00-05:00,56.0,56.435001373291016,55.88999938964844,55.90999984741211,43339,0.0,0.0
2022-12-01 10:30:00-05:00,55.997501373291016,56.2400016784668,55.900001525878906,56.119998931884766,36253,0.0,0.0
2022-12-01 11:30:00-05:00,56.09000015258789,56.2400016784668,56.029998779296875,56.20000076293945,21191,0.0,0.0
2022-12-01 12:30:00-05:00,56.220001220703125,56.400001525878906,56.220001220703125,56.279998779296875,22289,0.0,0.0
2022-12-01 13:30:00-05:00,56.310001373291016,56.33000183105469,56.06999969482422,56.16999816894531,24447,0.0,0.0
2022-12-01 14:30:00-05:00,56.11000061035156,56.2599983215332,56.04999923706055,56.099998474121094,34366,0.0,0.0
2022-12-01 15:30:00-05:00,56.099998474121094,56.18000030517578,56.040000915527344,56.09000015258789,84883,0.0,0.0
2022-12-02 09:30:00-05:00,55.91999816894531,55.97999954223633,55.63999938964844,55.810001373291016,21937,0.0,0.0
2022-12-02 10:30:00-05:00,55.779998779296875,55.9900016784668,55.689998626708984,55.97999954223633,35395,0.0,0.0
2022-12-02 11:30:00-05:00,55.97999954223633,56.20000076293945,55.97999954223633,56.040000915527344,33735,0.0,0.0
2022-12-02 12:30:00-05:00,56.040000915527344,56.150001525878906,55.9900016784668,56.04999923706055,25166,0.0,0.0
2022-12-02 13:30:00-05:00,56.04999923706055,56.4900016784668,56.04999923706055,56.4900016784668,22234,0.0,0.0
2022-12-02 14:30:00-05:00,56.47999954223633,56.650001525878906,56.35499954223633,56.369998931884766,51591,0.0,0.0
2022-12-02 15:30:00-05:00,56.369998931884766,56.369998931884766,56.209999084472656,56.22999954223633,55709,0.0,0.0
2022-12-05 09:30:00-05:00,55.630001068115234,55.63999938964844,55.04999923706055,55.43000030517578,39017,0.0,0.0
2022-12-05 10:30:00-05:00,55.36000061035156,55.4900016784668,55.189998626708984,55.32600021362305,28055,0.0,0.0
2022-12-05 11:30:00-05:00,55.310001373291016,55.33000183105469,55.0099983215332,55.029998779296875,23579,0.0,0.0
2022-12-05 12:30:00-05:00,55.040000915527344,55.04999923706055,54.94499969482422,54.97999954223633,19953,0.0,0.0
2022-12-05 13:30:00-05:00,54.97999954223633,55.0099983215332,54.79999923706055,54.810001373291016,27447,0.0,0.0
2022-12-05 14:30:00-05:00,54.84000015258789,54.880001068115234,54.70000076293945,54.82500076293945,22071,0.0,0.0
2022-12-05 15:30:00-05:00,54.82500076293945,54.91999816894531,54.72999954223633,54.7599983215332,42473,0.0,0.0
2022-12-06 09:30:00-05:00,53.560001373291016,53.56999969482422,53.09000015258789,53.38999938964844,38199,0.0,0.0
2022-12-06 10:30:00-05:00,53.2599983215332,53.380001068115234,53.18000030517578,53.27000045776367,18336,0.0,0.0
2022-12-06 11:30:00-05:00,53.2599983215332,53.290000915527344,53.05059814453125,53.14550018310547,18190,0.0,0.0
2022-12-06 12:30:00-05:00,53.119998931884766,53.18000030517578,52.81489944458008,52.81489944458008,28930,0.0,0.0
2022-12-06 13:30:00-05:00,52.81999969482422,53.18000030517578,52.790000915527344,53.150001525878906,31558,0.0,0.0
2022-12-06 14:30:00-05:00,53.11000061035156,53.18000030517578,53.06999969482422,53.11000061035156,14085,0.0,0.0
2022-12-06 15:30:00-05:00,53.04999923706055,53.349998474121094,53.04999923706055,53.189998626708984,38189,0.0,0.0
2022-12-07 09:30:00-05:00,53.25,53.41999816894531,53.08000183105469,53.209999084472656,17365,0.0,0.0
2022-12-07 10:30:00-05:00,53.209999084472656,53.26499938964844,52.94499969482422,53.08000183105469,20972,0.0,0.0
2022-12-07 11:30:00-05:00,53.07500076293945,53.2400016784668,53.06999969482422,53.18000030517578,26671,0.0,0.0
2022-12-07 12:30:00-05:00,53.16999816894531,53.22999954223633,53.119998931884766,53.16999816894531,11150,0.0,0.0
2022-12-07 13:30:00-05:00,53.150001525878906,53.29999923706055,53.10499954223633,53.29999923706055,11057,0.0,0.0
2022-12-07 14:30:00-05:00,53.310001373291016,53.349998474121094,53.2400016784668,53.27000045776367,8668,0.0,0.0
2022-12-07 15:30:00-05:00,53.27909851074219,53.380001068115234,53.209999084472656,53.22999954223633,30857,0.0,0.0
2022-12-08 09:30:00-05:00,53.04999923706055,53.432498931884766,53.04999923706055,53.36000061035156,9810,0.0,0.0
2022-12-08 10:30:00-05:00,53.36000061035156,53.529998779296875,53.29999923706055,53.34000015258789,16183,0.0,0.0
2022-12-08 11:30:00-05:00,53.400001525878906,53.63999938964844,53.391998291015625,53.56999969482422,18555,0.0,0.0
2022-12-08 12:30:00-05:00,53.599998474121094,53.76900100708008,53.599998474121094,53.73500061035156,14041,0.0,0.0
2022-12-08 13:30:00-05:00,53.75,53.810001373291016,53.650001525878906,53.689998626708984,16629,0.0,0.0
2022-12-08 14:30:00-05:00,53.68000030517578,53.81999969482422,53.68000030517578,53.79999923706055,51866,0.0,0.0
2022-12-08 15:30:00-05:00,53.80500030517578,53.810001373291016,53.61000061035156,53.70000076293945,72359,0.0,0.0
2022-12-09 09:30:00-05:00,53.91999816894531,54.095001220703125,53.84000015258789,53.900001525878906,0,0.0,0.0
2022-12-09 10:30:00-05:00,53.900001525878906,53.959999084472656,53.81999969482422,53.95000076293945,20634,0.0,0.0
2022-12-09 11:30:00-05:00,53.88999938964844,54.040000915527344,53.86000061035156,53.974998474121094,14796,0.0,0.0
2022-12-09 12:30:00-05:00,53.97999954223633,54.060001373291016,53.91999816894531,53.970001220703125,14927,0.0,0.0
2022-12-09 13:30:00-05:00,53.97999954223633,54.04499816894531,53.939998626708984,53.959999084472656,11885,0.0,0.0
2022-12-09 14:30:00-05:00,53.939998626708984,54.09000015258789,53.928001403808594,54.08000183105469,16258,0.0,0.0
2022-12-09 15:30:00-05:00,54.07500076293945,54.099998474121094,53.849998474121094,53.86000061035156,60987,0.0,0.0
2022-12-12 09:30:00-05:00,54.310001373291016,54.439998626708984,54.119998931884766,54.369998931884766,0,0.0,0.0
2022-12-12 10:30:00-05:00,54.369998931884766,54.369998931884766,54.244998931884766,54.310001373291016,14156,0.0,0.0
2022-12-12 11:30:00-05:00,54.29999923706055,54.349998474121094,54.27000045776367,54.31999969482422,19166,0.0,0.0
2022-12-12 12:30:00-05:00,54.34000015258789,54.40999984741211,54.33000183105469,54.36000061035156,13878,0.0,0.0
2022-12-12 13:30:00-05:00,54.38999938964844,54.41999816894531,54.2599983215332,54.29999923706055,18462,0.0,0.0
2022-12-12 14:30:00-05:00,54.28609848022461,54.415000915527344,54.279998779296875,54.400001525878906,9161,0.0,0.0
2022-12-12 15:30:00-05:00,54.41999816894531,54.459999084472656,54.310001373291016,54.33000183105469,23854,0.0,0.0
2022-12-13 09:30:00-05:00,55.06999969482422,55.150001525878906,54.5,54.880001068115234,10848,0.0,0.0
2022-12-13 10:30:00-05:00,54.810001373291016,54.88589859008789,54.630001068115234,54.86000061035156,7269,0.0,0.0
2022-12-13 11:30:00-05:00,54.869998931884766,54.88999938964844,54.52000045776367,54.63999938964844,8544,0.0,0.0
2022-12-13 12:30:00-05:00,54.61000061035156,54.79999923706055,54.529998779296875,54.689998626708984,10595,0.0,0.0
2022-12-13 13:30:00-05:00,54.720001220703125,54.814998626708984,54.66999816894531,54.7400016784668,10107,0.0,0.0
2022-12-13 14:30:00-05:00,54.7599983215332,54.84000015258789,54.54999923706055,54.65999984741211,18437,0.0,0.0
2022-12-13 15:30:00-05:00,54.650001525878906,54.70000076293945,54.540000915527344,54.54999923706055,39143,0.0,0.0
2022-12-14 09:30:00-05:00,54.95000076293945,55.09000015258789,54.83639907836914,55.040000915527344,0,0.0,0.0
2022-12-14 10:30:00-05:00,55.08000183105469,55.20000076293945,55.060001373291016,55.15999984741211,17445,0.0,0.0
2022-12-14 11:30:00-05:00,55.150001525878906,55.15999984741211,55.090999603271484,55.090999603271484,6375,0.0,0.0
2022-12-14 12:30:00-05:00,55.13999938964844,55.290000915527344,55.13999938964844,55.27000045776367,6388,0.0,0.0
2022-12-14 13:30:00-05:00,55.290000915527344,55.30500030517578,54.709999084472656,54.939998626708984,13184,0.0,0.0
2022-12-14 14:30:00-05:00,54.849998474121094,55.130001068115234,54.65999984741211,54.849998474121094,15797,0.0,0.0
2022-12-14 15:30:00-05:00,54.80500030517578,55.02000045776367,54.755001068115234,54.880001068115234,29843,0.0,0.0
2022-12-15 09:30:00-05:00,54.43000030517578,54.43000030517578,53.959999084472656,54.0,8049,0.0,0.0
2022-12-15 10:30:00-05:00,53.9900016784668,54.029998779296875,53.810001373291016,53.869998931884766,11232,0.0,0.0
2022-12-15 11:30:00-05:00,53.88999938964844,54.040000915527344,53.88999938964844,53.97999954223633,6075,0.0,0.0
2022-12-15 12:30:00-05:00,53.9900016784668,54.0099983215332,53.7599983215332,53.77000045776367,10702,0.0,0.0
2022-12-15 13:30:00-05:00,53.779998779296875,53.79999923706055,53.66999816894531,53.7400016784668,8665,0.0,0.0
2022-12-15 14:30:00-05:00,53.724998474121094,53.779998779296875,53.529998779296875,53.724998474121094,24267,0.0,0.0
2022-12-15 15:30:00-05:00,53.720001220703125,53.744998931884766,53.45000076293945,53.52000045776367,25396,0.0,0.0
2022-12-16 09:30:00-05:00,52.34000015258789,52.83000183105469,52.209999084472656,52.40999984741211,21543,0.0,0.0
2022-12-16 10:30:00-05:00,52.400001525878906,52.45000076293945,52.31999969482422,52.36000061035156,13073,0.0,0.0
2022-12-16 11:30:00-05:00,52.36000061035156,52.459999084472656,52.31999969482422,52.459999084472656,13485,0.0,0.0
2022-12-16 12:30:00-05:00,52.47999954223633,52.52000045776367,52.2400016784668,52.2400016784668,14789,0.0,0.0
2022-12-16 13:30:00-05:00,52.27000045776367,52.34000015258789,52.220001220703125,52.27000045776367,16987,0.0,0.0
2022-12-16 14:30:00-05:00,52.27000045776367,52.540000915527344,52.220001220703125,52.470001220703125,15954,0.0,0.0
2022-12-16 15:30:00-05:00,52.474998474121094,52.72999954223633,52.470001220703125,52.709999084472656,62054,0.0,0.0
2022-12-19 09:30:00-05:00,53.5099983215332,53.622501373291016,53.0,53.20000076293945,24934,0.0,0.0
2022-12-19 10:30:00-05:00,53.279998779296875,53.36000061035156,53.279998779296875,53.36000061035156,4529,0.0,0.0
2022-12-19 11:30:00-05:00,53.439998626708984,53.470001220703125,53.11000061035156,53.207000732421875,16979,0.0,0.0
2022-12-19 12:30:00-05:00,53.18000030517578,53.20500183105469,53.13999938964844,53.14500045776367,6503,0.0,0.0
2022-12-19 13:30:00-05:00,53.13999938964844,53.13999938964844,52.880001068115234,52.91999816894531,12060,0.0,0.0
2022-12-19 14:30:00-05:00,52.91999816894531,53.0,52.7599983215332,52.82500076293945,17173,0.0,0.0
2022-12-19 15:30:00-05:00,52.83000183105469,52.90999984741211,52.79999923706055,52.849998474121094,18831,0.0,0.0
2022-12-20 09:30:00-05:00,52.880001068115234,52.959999084472656,52.689998626708984,52.8849983215332,6216,0.0,0.0
2022-12-20 10:30:00-05:00,52.90999984741211,53.02000045776367,52.869998931884766,53.02000045776367,10751,0.0,0.0
2022-12-20 11:30:00-05:00,52.97999954223633,53.1150016784668,52.94499969482422,53.04499816894531,18493,0.0,0.0
2022-12-20 12:30:00-05:00,53.029998779296875,53.11000061035156,53.002498626708984,53.0099983215332,11139,0.0,0.0
2022-12-20 13:30:00-05:00,53.02000045776367,53.084999084472656,52.95000076293945,53.06999969482422,10855,0.0,0.0
2022-12-20 14:30:00-05:00,53.04999923706055,53.06999969482422,52.95000076293945,52.970001220703125,10087,0.0,0.0
2022-12-20 15:30:00-05:00,53.02000045776367,53.08000183105469,52.9900016784668,53.06999969482422,16455,0.0,0.0
2022-12-21 09:30:00-05:00,53.279998779296875,53.56999969482422,53.22999954223633,53.56999969482422,9244,0.0,0.0
2022-12-21 10:30:00-05:00,53.630001068115234,53.77000045776367,53.52000045776367,53.77000045776367,4896,0.0,0.0
2022-12-21 11:30:00-05:00,53.76499938964844,53.79999923706055,53.52000045776367,53.599998474121094,8509,0.0,0.0
2022-12-21 12:30:00-05:00,53.619998931884766,53.810001373291016,53.619998931884766,53.66360092163086,14406,0.0,0.0
2022-12-21 13:30:00-05:00,53.68000030517578,53.75,53.6349983215332,53.6349983215332,9674,0.0,0.0
2022-12-21 14:30:00-05:00,53.65999984741211,53.66999816894531,53.5,53.5,11620,0.0,0.0
2022-12-21 15:30:00-05:00,53.505001068115234,53.689998626708984,53.505001068115234,53.68000030517578,25855,0.0,0.0
2022-12-22 09:30:00-05:00,52.91999816894531,53.2400016784668,52.849998474121094,53.05500030517578,43361,0.0,0.0
2022-12-22 10:30:00-05:00,53.0,53.18000030517578,52.959999084472656,53.11000061035156,20021,0.0,0.0
2022-12-22 11:30:00-05:00,53.130001068115234,53.185001373291016,52.97999954223633,53.084999084472656,40227,0.0,0.0
2022-12-22 12:30:00-05:00,53.060001373291016,53.095001220703125,52.90999984741211,52.939998626708984,13271,0.0,0.0
2022-12-22 13:30:00-05:00,52.92499923706055,53.08000183105469,52.88999938964844,53.060001373291016,14736,0.0,0.0
2022-12-22 14:30:00-05:00,53.04999923706055,53.220001220703125,53.029998779296875,53.209999084472656,22233,0.0,0.0
2022-12-22 15:30:00-05:00,53.20000076293945,53.2400016784668,53.05099868774414,53.18000030517578,55121,0.0,0.0
2022-12-23 09:30:00-05:00,52.75,52.75,52.43000030517578,52.66999816894531,26218,0.0,0.0
2022-12-23 10:30:00-05:00,52.63999938964844,52.7400016784668,52.47999954223633,52.47999954223633,14400,0.0,0.0
2022-12-23 11:30:00-05:00,52.4900016784668,52.525001525878906,52.42499923706055,52.435001373291016,12084,0.0,0.0
2022-12-23 12:30:00-05:00,52.43000030517578,52.45500183105469,52.380001068115234,52.400001525878906,7315,0.0,0.0
2022-12-23 13:30:00-05:00,52.400001525878906,52.44499969482422,52.36000061035156,52.38999938964844,7960,0.0,0.0
2022-12-23 14:30:00-05:00,52.40999984741211,52.560001373291016,52.40999984741211,52.4900016784668,10625,0.0,0.0
2022-12-23 15:30:00-05:00,52.5,52.61000061035156,52.4900016784668,52.59000015258789,32010,0.0,0.0
2022-12-27 09:30:00-05:00,51.959999084472656,51.959999084472656,51.58000183105469,51.915000915527344,13524,0.0,0.0
2022-12-27 10:30:00-05:00,51.869998931884766,51.959999084472656,51.70000076293945,51.7599983215332,14029,0.0,0.0
2022-12-27 11:30:00-05:00,51.7400016784668,51.7400016784668,51.58000183105469,51.599998474121094,9462,0.0,0.0
2022-12-27 12:30:00-05:00,51.63999938964844,51.63999938964844,51.54499816894531,51.61000061035156,10093,0.0,0.0
2022-12-27 13:30:00-05:00,51.61000061035156,51.61000061035156,51.369998931884766,51.38999938964844,14628,0.0,0.0
2022-12-27 14:30:00-05:00,51.34000015258789,51.380001068115234,51.189998626708984,51.33000183105469,36179,0.0,0.0
2022-12-27 15:30:00-05:00,51.334999084472656,51.349998474121094,51.11000061035156,51.189998626708984,43183,0.0,0.0
2022-12-28 09:30:00-05:00,51.380001068115234,51.630001068115234,51.27000045776367,51.630001068115234,0,0.0,0.0
2022-12-28 10:30:00-05:00,51.650001525878906,51.65999984741211,51.5,51.59000015258789,9106,0.0,0.0
2022-12-28 11:30:00-05:00,51.61000061035156,51.619998931884766,51.36000061035156,51.439998626708984,18771,0.0,0.0
2022-12-28 12:30:00-05:00,51.470001220703125,51.66999816894531,51.439998626708984,51.56999969482422,11481,0.0,0.0
2022-12-28 13:30:00-05:00,51.560001373291016,51.720001220703125,51.5,51.720001220703125,15837,0.0,0.0
2022-12-28 14:30:00-05:00,51.70000076293945,51.83000183105469,51.63999938964844,51.779998779296875,19649,0.0,0.0
2022-12-28 15:30:00-05:00,51.79999923706055,51.83000183105469,51.685001373291016,51.720001220703125,28378,0.0,0.0
2022-12-29 09:30:00-05:00,51.849998474121094,52.279998779296875,51.849998474121094,52.20000076293945,0,0.0,0.0
2022-12-29 10:30:00-05:00,52.310001373291016,52.560001373291016,52.310001373291016,52.4900016784668,9703,0.0,0.0
2022-12-29 11:30:00-05:00,52.439998626708984,52.529998779296875,52.41999816894531,52.41999816894531,7863,0.0,0.0
2022-12-29 12:30:00-05:00,52.40250015258789,52.40250015258789,52.189998626708984,52.34000015258789,14539,0.0,0.0
2022-12-29 13:30:00-05:00,52.345001220703125,52.349998474121094,52.18000030517578,52.18000030517578,9293,0.0,0.0
2022-12-29 14:30:00-05:00,52.150001525878906,52.21500015258789,52.11000061035156,52.119998931884766,13805,0.0,0.0
2022-12-29 15:30:00-05:00,52.159000396728516,52.209999084472656,52.060001373291016,52.099998474121094,24342,0.0,0.0
2022-12-30 09:30:00-05:00,51.75,51.9900016784668,51.65999984741211,51.75,11033,0.0,0.0
2022-12-30 10:30:00-05:00,51.71500015258789,51.71500015258789,51.470001220703125,51.5,6105,0.0,0.0
2022-12-30 11:30:00-05:00,51.52000045776367,51.599998474121094,51.439998626708984,51.439998626708984,7519,0.0,0.0
2022-12-30 12:30:00-05:00,51.400001525878906,51.40999984741211,51.27000045776367,51.290000915527344,42507,0.0,0.0
2022-12-30 13:30:00-05:00,51.34000015258789,51.359901428222656,51.27000045776367,51.32500076293945,6075,0.0,0.0
2022-12-30 14:30:00-05:00,51.36000061035156,51.54999923706055,51.36000061035156,51.54999923706055,7514,0.0,0.0
2022-12-30 15:30:00-05:00,51.52000045776367,51.7599983215332,51.5,51.7400016784668,32209,0.0,0.0
2023-01-03 09:30:00-05:00,51.7400016784668,51.92499923706055,51.59000015258789,51.720001220703125,0,0.0,0.0
2023-01-03 10:30:00-05:00,51.720001220703125,51.720001220703125,51.349998474121094,51.470001220703125,12723,0.0,0.0
2023-01-03 11:30:00-05:00,51.404998779296875,51.560001373291016,51.310001373291016,51.52000045776367,16645,0.0,0.0
2023-01-03 12:30:00-05:00,51.52000045776367,51.689998626708984,51.47999954223633,51.685001373291016,13690,0.0,0.0
2023-01-03 13:30:00-05:00,51.709999084472656,51.7400016784668,51.599998474121094,51.599998474121094,10977,0.0,0.0
2023-01-03 14:30:00-05:00,51.59000015258789,51.76499938964844,51.59000015258789,51.619998931884766,23560,0.0,0.0
2023-01-03 15:30:00-05:00,51.63999938964844,51.92499923706055,51.63999938964844,51.689998626708984,75030,0.0,0.0
2023-01-04 09:30:00-05:00,51.939998626708984,52.11000061035156,51.7599983215332,51.974998474121094,0,0.0,0.0
2023-01-04 10:30:00-05:00,51.970001220703125,52.099998474121094,51.84000015258789,51.880001068115234,20095,0.0,0.0
2023-01-04 11:30:00-05:00,51.91999816894531,52.220001220703125,51.849998474121094,52.04999923706055,16168,0.0,0.0
2023-01-04 12:30:00-05:00,52.06999969482422,52.290000915527344,52.06999969482422,52.11000061035156,17117,0.0,0.0
2023-01-04 13:30:00-05:00,52.08000183105469,52.1349983215332,51.849998474121094,51.849998474121094,15418,0.0,0.0
2023-01-04 14:30:00-05:00,51.849998474121094,52.20500183105469,51.849998474121094,52.095001220703125,48071,0.0,0.0
2023-01-04 15:30:00-05:00,52.095001220703125,52.150001525878906,51.939998626708984,52.0,50982,0.0,0.0
2023-01-05 09:30:00-05:00,52.20000076293945,52.529998779296875,51.7400016784668,51.90999984741211,17982,0.0,0.0
2023-01-05 10:30:00-05:00,51.970001220703125,51.970001220703125,51.86000061035156,51.875,20992,0.0,0.0
2023-01-05 11:30:00-05:00,51.86000061035156,51.880001068115234,51.66999816894531,51.72999954223633,18080,0.0,0.0
2023-01-05 12:30:00-05:00,51.72999954223633,51.790000915527344,51.529998779296875,51.76499938964844,16203,0.0,0.0
2023-01-05 13:30:00-05:00,51.76499938964844,51.779998779296875,51.599998474121094,51.66999816894531,20204,0.0,0.0
2023-01-05 14:30:00-05:00,51.709999084472656,51.814998626708984,51.599998474121094,51.68000030517578,21600,0.0,0.0
2023-01-05 15:30:00-05:00,51.689998626708984,51.73500061035156,51.58000183105469,51.61000061035156,42728,0.0,0.0
2023-01-06 09:30:00-05:00,51.83000183105469,52.279998779296875,51.64500045776367,51.834999084472656,0,0.0,0.0
2023-01-06 10:30:00-05:00,51.90999984741211,52.029998779296875,51.834999084472656,52.02000045776367,17485,0.0,0.0
2023-01-06 11:30:00-05:00,52.02000045776367,52.369998931884766,52.0,52.33000183105469,15023,0.0,0.0
2023-01-06 12:30:00-05:00,52.310001373291016,52.83000183105469,52.27069854736328,52.83000183105469,52558,0.0,0.0
2023-01-06 13:30:00-05:00,52.790000915527344,53.08000183105469,52.52000045776367,52.970001220703125,80431,0.0,0.0
2023-01-06 14:30:00-05:00,52.959999084472656,53.13999938964844,52.75,52.869998931884766,92195,0.0,0.0
2023-01-06 15:30:00-05:00,52.88999938964844,52.9900016784668,52.68000030517578,52.709999084472656,106080,0.0,0.0
2023-01-09 09:30:00-05:00,53.11000061035156,53.41999816894531,52.779998779296875,53.209999084472656,30280,0.0,0.0
2023-01-09 10:30:00-05:00,53.2760009765625,53.349998474121094,53.0099983215332,53.189998626708984,28068,0.0,0.0
2023-01-09 11:30:00-05:00,53.20000076293945,53.380001068115234,53.150001525878906,53.36000061035156,36874,0.0,0.0
2023-01-09 12:30:00-05:00,53.369998931884766,53.369998931884766,53.25,53.36000061035156,22404,0.0,0.0
2023-01-09 13:30:00-05:00,53.36000061035156,53.38999938964844,53.209999084472656,53.38999938964844,33739,0.0,0.0
2023-01-09 14:30:00-05:00,53.349998474121094,53.38999938964844,53.040000915527344,53.09000015258789,44555,0.0,0.0
2023-01-09 15:30:00-05:00,53.04999923706055,53.150001525878906,53.0099983215332,53.13999938964844,42161,0.0,0.0
2023-01-10 09:30:00-05:00,52.83000183105469,53.29999923706055,52.709999084472656,53.1150016784668,0,0.0,0.0
2023-01-10 10:30:00-05:00,53.099998474121094,53.29999923706055,53.04999923706055,53.22999954223633,40526,0.0,0.0
2023-01-10 11:30:00-05:00,53.224998474121094,53.224998474121094,53.029998779296875,53.09000015258789,24464,0.0,0.0
2023-01-10 12:30:00-05:00,53.09000015258789,53.380001068115234,53.06999969482422,53.35499954223633,39621,0.0,0.0
2023-01-10 13:30:00-05:00,53.349998474121094,53.439998626708984,53.279998779296875,53.36000061035156,29815,0.0,0.0
2023-01-10 14:30:00-05:00,53.34000015258789,53.45000076293945,53.119998931884766,53.119998931884766,35394,0.0,0.0
2023-01-10 15:30:00-05:00,53.130001068115234,53.27000045776367,53.08000183105469,53.224998474121094,54393,0.0,0.0
2023-01-11 09:30:00-05:00,52.869998931884766,53.11000061035156,52.52000045776367,52.970001220703125,79337,0.0,0.0
2023-01-11 10:30:00-05:00,52.970001220703125,52.970001220703125,52.63999938964844,52.68000030517578,43000,0.0,0.0
2023-01-11 11:30:00-05:00,52.709999084472656,52.720001220703125,52.4900016784668,52.560001373291016,37221,0.0,0.0
2023-01-11 12:30:00-05:00,52.54999923706055,52.61000061035156,52.400001525878906,52.599998474121094,18001,0.0,0.0
2023-01-11 13:30:00-05:00,52.60499954223633,52.68000030517578,52.595001220703125,52.68000030517578,13661,0.0,0.0
2023-01-11 14:30:00-05:00,52.665000915527344,52.68000030517578,52.54499816894531,52.61000061035156,9334,0.0,0.0
2023-01-11 15:30:00-05:00,52.625,52.65999984741211,52.56999969482422,52.59000015258789,41785,0.0,0.0
2023-01-12 09:30:00-05:00,53.25,53.34000015258789,52.81999969482422,53.220001220703125,32317,0.0,0.0
2023-01-12 10:30:00-05:00,53.26499938964844,53.380001068115234,53.119998931884766,53.255001068115234,12629,0.0,0.0
2023-01-12 11:30:00-05:00,53.220001220703125,53.42499923706055,53.20000076293945,53.42499923706055,17878,0.0,0.0
2023-01-12 12:30:00-05:00,53.42499923706055,53.63999938964844,53.42499923706055,53.505001068115234,18401,0.0,0.0
2023-01-12 13:30:00-05:00,53.540000915527344,53.540000915527344,53.41999816894531,53.421600341796875,9412,0.0,0.0
2023-01-12 14:30:00-05:00,53.44499969482422,53.470001220703125,53.33000183105469,53.400001525878906,8815,0.0,0.0
2023-01-12 15:30:00-05:00,53.375,53.435001373291016,53.22999954223633,53.369998931884766,33081,0.0,0.0
2023-01-13 09:30:00-05:00,53.31999969482422,53.38999938964844,53.06999969482422,53.13999938964844,12734,0.0,0.0
2023-01-13 10:30:00-05:00,53.18000030517578,53.41999816894531,53.130001068115234,53.38999938964844,15553,0.0,0.0
2023-01-13 11:30:00-05:00,53.34000015258789,53.45500183105469,53.17100143432617,53.45500183105469,15903,0.0,0.0
2023-01-13 12:30:00-05:00,53.43000030517578,53.4900016784668,53.220001220703125,53.30950164794922,13159,0.0,0.0
2023-01-13 13:30:00-05:00,53.31999969482422,53.41999816894531,53.29999923706055,53.41999816894531,25027,0.0,0.0
2023-01-13 14:30:00-05:00,53.43000030517578,53.619998931884766,53.38999938964844,53.54999923706055,18580,0.0,0.0
2023-01-13 15:30:00-05:00,53.54999923706055,53.68000030517578,53.54999923706055,53.58000183105469,44779,0.0,0.0
2023-01-17 09:30:00-05:00,53.58000183105469,53.83000183105469,53.4900016784668,53.619998931884766,16544,0.0,0.0
2023-01-17 10:30:00-05:00,53.599998474121094,53.70000076293945,53.529998779296875,53.650001525878906,13403,0.0,0.0
2023-01-17 11:30:00-05:00,53.63999938964844,53.65999984741211,53.540000915527344,53.630001068115234,9535,0.0,0.0
2023-01-17 12:30:00-05:00,53.66109848022461,53.775001525878906,53.63999938964844,53.76599884033203,5647,0.0,0.0
2023-01-17 13:30:00-05:00,53.7400016784668,53.959999084472656,53.720001220703125,53.959999084472656,14716,0.0,0.0
2023-01-17 14:30:00-05:00,53.97999954223633,53.97999954223633,53.849998474121094,53.880001068115234,19647,0.0,0.0
2023-01-17 15:30:00-05:00,53.880001068115234,53.900001525878906,53.790000915527344,53.790000915527344,70101,0.0,0.0
2023-01-18 09:30:00-05:00,54.08000183105469,54.13999938964844,53.88999938964844,53.98500061035156,13270,0.0,0.0
2023-01-18 10:30:00-05:00,53.970001220703125,54.0099983215332,53.91999816894531,53.959999084472656,19433,0.0,0.0
2023-01-18 11:30:00-05:00,53.935001373291016,54.16999816894531,53.900001525878906,54.15999984741211,16370,0.0,0.0
2023-01-18 12:30:00-05:00,54.130001068115234,54.22999954223633,53.90999984741211,54.130001068115234,21846,0.0,0.0
2023-01-18 13:30:00-05:00,54.130001068115234,54.38999938964844,54.08000183105469,54.34000015258789,41566,0.0,0.0
2023-01-18 14:30:00-05:00,54.32500076293945,54.34000015258789,54.10499954223633,54.22999954223633,22708,0.0,0.0
2023-01-18 15:30:00-05:00,54.224998474121094,54.25,53.91999816894531,54.029998779296875,61391,0.0,0.0
2023-01-19 09:30:00-05:00,53.88999938964844,53.88999938964844,53.39500045776367,53.46099853515625,13750,0.0,0.0
2023-01-19 10:30:00-05:00,53.46099853515625,53.529998779296875,53.369998931884766,53.369998931884766,9334,0.0,0.0
2023-01-19 11:30:00-05:00,53.369998931884766,53.5,53.34000015258789,53.34000015258789,15848,0.0,0.0
2023-01-19 12:30:00-05:00,53.34000015258789,53.4900016784668,53.279998779296875,53.43000030517578,30949,0.0,0.0
2023-01-19 13:30:00-05:00,53.43000030517578,53.58000183105469,53.400001525878906,53.560001373291016,12329,0.0,0.0
2023-01-19 14:30:00-05:00,53.560001373291016,53.72999954223633,53.53499984741211,53.560001373291016,26464,0.0,0.0
2023-01-19 15:30:00-05:00,53.529998779296875,53.630001068115234,53.5099983215332,53.529998779296875,24471,0.0,0.0
2023-01-20 09:30:00-05:00,53.70000076293945,53.86000061035156,53.56999969482422,53.82500076293945,13419,0.0,0.0
2023-01-20 10:30:00-05:00,53.81999969482422,53.83000183105469,53.54999923706055,53.54999923706055,10372,0.0,0.0
2023-01-20 11:30:00-05:00,53.56999969482422,53.619998931884766,53.459999084472656,53.61000061035156,17487,0.0,0.0
2023-01-20 12:30:00-05:00,53.599998474121094,53.650001525878906,53.439998626708984,53.4900016784668,22242,0.0,0.0
2023-01-20 13:30:00-05:00,53.4900016784668,53.619998931884766,53.470001220703125,53.58000183105469,18138,0.0,0.0
2023-01-20 14:30:00-05:00,53.58000183105469,53.59000015258789,53.41999816894531,53.459999084472656,20338,0.0,0.0
2023-01-20 15:30:00-05:00,53.47999954223633,53.66999816894531,53.45500183105469,53.65999984741211,43476,0.0,0.0
2023-01-23 09:30:00-05:00,53.0,53.43000030517578,52.79999923706055,53.150001525878906,27770,0.0,0.0
2023-01-23 10:30:00-05:00,53.11000061035156,53.119998931884766,52.90999984741211,53.11000061035156,12960,0.0,0.0
2023-01-23 11:30:00-05:00,53.09000015258789,53.09000015258789,52.872501373291016,52.96500015258789,6812,0.0,0.0
2023-01-23 12:30:00-05:00,52.959999084472656,53.09000015258789,52.939998626708984,53.08000183105469,11857,0.0,0.0
2023-01-23 13:30:00-05:00,53.08000183105469,53.279998779296875,53.06999969482422,53.06999969482422,15677,0.0,0.0
2023-01-23 14:30:00-05:00,53.09000015258789,53.36000061035156,53.09000015258789,53.27000045776367,17125,0.0,0.0
2023-01-23 15:30:00-05:00,53.290000915527344,53.290000915527344,53.18000030517578,53.18000030517578,24787,0.0,0.0
2023-01-24 09:30:00-05:00,52.25,52.310001373291016,52.04999923706055,52.22999954223633,6851,0.0,0.0
2023-01-24 10:30:00-05:00,52.22999954223633,52.290000915527344,52.150001525878906,52.22999954223633,11063,0.0,0.0
2023-01-24 11:30:00-05:00,52.22999954223633,52.25,52.14500045776367,52.150001525878906,8231,0.0,0.0
2023-01-24 12:30:00-05:00,52.13999938964844,52.16999816894531,52.04999923706055,52.119998931884766,7183,0.0,0.0
2023-01-24 13:30:00-05:00,52.099998474121094,52.099998474121094,51.869998931884766,51.869998931884766,18228,0.0,0.0
2023-01-24 14:30:00-05:00,51.8849983215332,51.90999984741211,51.69499969482422,51.869998931884766,16574,0.0,0.0
2023-01-24 15:30:00-05:00,51.869998931884766,51.959999084472656,51.790000915527344,51.939998626708984,44980,0.0,0.0
2023-01-25 09:30:00-05:00,51.18000030517578,51.4900016784668,51.16999816894531,51.4900016784668,10145,0.0,0.0
2023-01-25 10:30:00-05:00,51.5099983215332,51.79999923706055,51.41999816894531,51.68000030517578,9971,0.0,0.0
2023-01-25 11:30:00-05:00,51.709999084472656,51.9900016784668,51.59000015258789,51.790000915527344,12374,0.0,0.0
2023-01-25 12:30:00-05:00,51.755001068115234,52.11000061035156,51.755001068115234,52.11000061035156,11736,0.0,0.0
2023-01-25 13:30:00-05:00,52.130001068115234,52.529998779296875,52.06999969482422,52.4900016784668,32341,0.0,0.0
2023-01-25 14:30:00-05:00,52.529998779296875,52.599998474121094,52.2599983215332,52.369998931884766,33780,0.0,0.0
2023-01-25 15:30:00-05:00,52.290000915527344,52.470001220703125,52.27000045776367,52.36000061035156,36848,0.0,0.0
2023-01-26 09:30:00-05:00,52.689998626708984,52.689998626708984,52.290000915527344,52.334999084472656,10080,0.0,0.0
2023-01-26 10:30:00-05:00,52.334999084472656,52.400001525878906,52.2400016784668,52.30500030517578,6349,0.0,0.0
2023-01-26 11:30:00-05:00,52.335601806640625,52.400001525878906,52.22999954223633,52.349998474121094,13947,0.0,0.0
2023-01-26 12:30:00-05:00,52.349998474121094,52.400001525878906,52.31999969482422,52.380001068115234,12296,0.0,0.0
2023-01-26 13:30:00-05:00,52.34000015258789,52.400001525878906,52.279998779296875,52.310001373291016,7338,0.0,0.0
2023-01-26 14:30:00-05:00,52.31999969482422,52.33000183105469,52.2599983215332,52.33000183105469,7043,0.0,0.0
2023-01-26 15:30:00-05:00,52.34000015258789,52.5,52.31999969482422,52.5,20956,0.0,0.0
2023-01-27 09:30:00-05:00,52.70000076293945,53.0099983215332,52.68000030517578,52.880001068115234,18800,0.0,0.0
2023-01-27 10:30:00-05:00,52.880001068115234,53.220001220703125,52.849998474121094,53.209999084472656,15554,0.0,0.0
2023-01-27 11:30:00-05:00,53.209999084472656,53.209999084472656,52.720001220703125,53.15999984741211,26434,0.0,0.0
2023-01-27 12:30:00-05:00,53.15999984741211,53.220001220703125,53.099998474121094,53.209999084472656,10156,0.0,0.0
2023-01-27 13:30:00-05:00,53.154998779296875,53.33000183105469,53.119998931884766,53.2599983215332,9374,0.0,0.0
2023-01-27 14:30:00-05:00,53.290000915527344,53.43000030517578,53.279998779296875,53.400001525878906,19719,0.0,0.0
2023-01-27 15:30:00-05:00,53.38999938964844,53.41999816894531,53.33000183105469,53.349998474121094,21461,0.0,0.0
2023-01-30 09:30:00-05:00,53.11000061035156,53.65999984741211,53.11000061035156,53.619998931884766,14731,0.0,0.0
2023-01-30 10:30:00-05:00,53.58000183105469,53.599998474121094,53.4900016784668,53.529998779296875,5604,0.0,0.0
2023-01-30 11:30:00-05:00,53.54999923706055,53.63999938964844,53.529998779296875,53.560001373291016,10107,0.0,0.0
2023-01-30 12:30:00-05:00,53.599998474121094,53.77000045776367,53.58000183105469,53.619998931884766,24783,0.0,0.0
2023-01-30 13:30:00-05:00,53.619998931884766,53.619998931884766,53.47999954223633,53.505001068115234,11765,0.0,0.0
2023-01-30 14:30:00-05:00,53.494998931884766,53.560001373291016,53.45500183105469,53.470001220703125,16233,0.0,0.0
2023-01-30 15:30:00-05:00,53.459999084472656,53.63999938964844,53.459999084472656,53.54999923706055,36316,0.0,0.0
2023-01-31 09:30:00-05:00,53.33000183105469,53.619998931884766,53.16999816894531,53.540000915527344,0,0.0,0.0
2023-01-31 10:30:00-05:00,53.58000183105469,53.58000183105469,53.33000183105469,53.34000015258789,20981,0.0,0.0
2023-01-31 11:30:00-05:00,53.31999969482422,53.48500061035156,53.25,53.48500061035156,13260,0.0,0.0
2023-01-31 12:30:00-05:00,53.5,53.54999923706055,53.459999084472656,53.54999923706055,7811,0.0,0.0
2023-01-31 13:30:00-05:00,53.540000915527344,53.599998474121094,53.5,53.584999084472656,14940,0.0,0.0
2023-01-31 14:30:00-05:00,53.584999084472656,53.70000076293945,53.560001373291016,53.654998779296875,39107,0.0,0.0
2023-01-31 15:30:00-05:00,53.68000030517578,53.810001373291016,53.599998474121094,53.79999923706055,78787,0.0,0.0
2023-02-01 09:30:00-05:00,54.02000045776367,54.02000045776367,53.29999923706055,53.38999938964844,31049,0.0,0.0
2023-02-01 10:30:00-05:00,53.38999938964844,53.4900016784668,53.29999923706055,53.4900016784668,20421,0.0,0.0
2023-02-01 11:30:00-05:00,53.470001220703125,53.4900016784668,53.34000015258789,53.43000030517578,15264,0.0,0.0
2023-02-01 12:30:00-05:00,53.43000030517578,53.630001068115234,53.43000030517578,53.60499954223633,12274,0.0,0.0
2023-02-01 13:30:00-05:00,53.59000015258789,53.650001525878906,53.54010009765625,53.613399505615234,11703,0.0,0.0
2023-02-01 14:30:00-05:00,53.59000015258789,53.970001220703125,53.42499923706055,53.91999816894531,32287,0.0,0.0
2023-02-01 15:30:00-05:00,53.939998626708984,54.04999923706055,53.78409957885742,53.869998931884766,30095,0.0,0.0
2023-02-02 09:30:00-05:00,53.91999816894531,53.91999816894531,53.38999938964844,53.41999816894531,0,0.0,0.0
2023-02-02 10:30:00-05:00,53.41999816894531,53.63999938964844,53.39500045776367,53.47999954223633,28017,0.0,0.0
2023-02-02 11:30:00-05:00,53.47999954223633,53.5099983215332,53.36000061035156,53.4900016784668,20843,0.0,0.0
2023-02-02 12:30:00-05:00,53.5099983215332,53.560001373291016,53.470001220703125,53.5099983215332,14691,0.0,0.0
2023-02-02 13:30:00-05:00,53.5099983215332,53.7400016784668,53.5,53.68000030517578,28593,0.0,0.0
2023-02-02 14:30:00-05:00,53.66999816894531,53.84000015258789,53.65999984741211,53.810001373291016,34513,0.0,0.0
2023-02-02 15:30:00-05:00,53.779998779296875,53.88999938964844,53.7599983215332,53.79999923706055,63729,0.0,0.0
2023-02-03 09:30:00-05:00,53.400001525878906,53.540000915527344,53.29999923706055,53.40999984741211,10450,0.0,0.0
2023-02-03 10:30:00-05:00,53.380001068115234,53.45000076293945,53.279998779296875,53.310001373291016,14911,0.0,0.0
2023-02-03 11:30:00-05:00,53.29999923706055,53.29999923706055,53.150001525878906,53.224998474121094,9727,0.0,0.0
2023-02-03 12:30:00-05:00,53.224998474121094,53.224998474121094,52.88999938964844,52.91999816894531,23278,0.0,0.0
2023-02-03 13:30:00-05:00,52.880001068115234,52.9900016784668,52.849998474121094,52.970001220703125,21329,0.0,0.0
2023-02-03 14:30:00-05:00,52.95000076293945,53.220001220703125,52.94499969482422,53.154998779296875,16880,0.0,0.0
2023-02-03 15:30:00-05:00,53.154998779296875,53.220001220703125,53.06999969482422,53.099998474121094,36303,0.0,0.0
2023-02-06 09:30:00-05:00,53.099998474121094,53.099998474121094,52.91999816894531,52.970001220703125,0,0.0,0.0
2023-02-06 10:30:00-05:00,52.939998626708984,53.04499816894531,52.939998626708984,53.0099983215332,5317,0.0,0.0
2023-02-06 11:30:00-05:00,53.0,53.0,52.904998779296875,52.93000030517578,6240,0.0,0.0
2023-02-06 12:30:00-05:00,52.939998626708984,53.08000183105469,52.93000030517578,53.0099983215332,17145,0.0,0.0
2023-02-06 13:30:00-05:00,53.02000045776367,53.150001525878906,53.0,53.029998779296875,22171,0.0,0.0
2023-02-06 14:30:00-05:00,53.04999923706055,53.04999923706055,52.939998626708984,52.970001220703125,9869,0.0,0.0
2023-02-06 15:30:00-05:00,52.970001220703125,53.029998779296875,52.93000030517578,52.939998626708984,34478,0.0,0.0
2023-02-07 09:30:00-05:00,53.77000045776367,53.84000015258789,53.5099983215332,53.64500045776367,27628,0.0,0.0
2023-02-07 10:30:00-05:00,53.650001525878906,53.900001525878906,53.650001525878906,53.8650016784668,9809,0.0,0.0
2023-02-07 11:30:00-05:00,53.88999938964844,53.88999938964844,53.720001220703125,53.720001220703125,14771,0.0,0.0
2023-02-07 12:30:00-05:00,53.709999084472656,54.0,53.63999938964844,53.7599983215332,16706,0.0,0.0
2023-02-07 13:30:00-05:00,53.68000030517578,53.93000030517578,53.630001068115234,53.89569854736328,15430,0.0,0.0
2023-02-07 14:30:00-05:00,53.89500045776367,54.04999923706055,53.880001068115234,54.04999923706055,14780,0.0,0.0
2023-02-07 15:30:00-05:00,54.06999969482422,54.25,53.97999954223633,54.22999954223633,47391,0.0,0.0
2023-02-08 09:30:00-05:00,54.529998779296875,54.68000030517578,54.45500183105469,54.540000915527344,8428,0.0,0.0
2023-02-08 10:30:00-05:00,54.54999923706055,54.66999816894531,54.54999923706055,54.58000183105469,6848,0.0,0.0
2023-02-08 11:30:00-05:00,54.599998474121094,54.939998626708984,54.599998474121094,54.83000183105469,13836,0.0,0.0
2023-02-08 12:30:00-05:00,54.86000061035156,55.095001220703125,54.81999969482422,55.029998779296875,17323,0.0,0.0
2023-02-08 13:30:00-05:00,54.994998931884766,55.029998779296875,54.88999938964844,54.93000030517578,12800,0.0,0.0
2023-02-08 14:30:00-05:00,54.95000076293945,55.002498626708984,54.77000045776367,54.849998474121094,32428,0.0,0.0
2023-02-08 15:30:00-05:00,54.86000061035156,54.970001220703125,54.84000015258789,54.959999084472656,28153,0.0,0.0
2023-02-09 09:30:00-05:00,55.27000045776367,55.27000045776367,54.599998474121094,54.599998474121094,0,0.0,0.0
2023-02-09 10:30:00-05:00,54.59389877319336,54.709999084472656,54.369998931884766,54.44499969482422,15719,0.0,0.0
2023-02-09 11:30:00-05:00,54.459999084472656,54.459999084472656,54.36000061035156,54.40999984741211,11590,0.0,0.0
2023-02-09 12:30:00-05:00,54.40999984741211,54.40999984741211,54.22999954223633,54.34749984741211,17667,0.0,0.0
2023-02-09 13:30:00-05:00,54.310001373291016,54.33000183105469,54.18000030517578,54.20000076293945,12208,0.0,0.0
2023-02-09 14:30:00-05:00,54.2400016784668,54.439998626708984,54.20500183105469,54.35499954223633,19762,0.0,0.0
2023-02-09 15:30:00-05:00,54.33000183105469,54.41999816894531,54.27000045776367,54.34000015258789,41626,0.0,0.0
2023-02-10 09:30:00-05:00,54.65999984741211,54.84000015258789,54.58000183105469,54.65999984741211,0,0.0,0.0
2023-02-10 10:30:00-05:00,54.630001068115234,54.683799743652344,54.47999954223633,54.683799743652344,5573,0.0,0.0
2023-02-10 11:30:00-05:00,54.627601623535156,54.779998779296875,54.58000183105469,54.7400016784668,12520,0.0,0.0
2023-02-10 12:30:00-05:00,54.77000045776367,54.79999923706055,54.70500183105469,54.76499938964844,6863,0.0,0.0
2023-02-10 13:30:00-05:00,54.72999954223633,54.775001525878906,54.68000030517578,54.70000076293945,6204,0.0,0.0
2023-02-10 14:30:00-05:00,54.70000076293945,54.88999938964844,54.691001892089844,54.84000015258789,23779,0.0,0.0
2023-02-10 15:30:00-05:00,54.849998474121094,54.93000030517578,54.83000183105469,54.90999984741211,25557,0.0,0.0
2023-02-13 09:30:00-05:00,55.04999923706055,55.119998931884766,54.959999084472656,54.970001220703125,0,0.0,0.0
2023-02-13 10:30:00-05:00,54.970001220703125,55.17499923706055,54.970001220703125,55.0099983215332,14416,0.0,0.0
2023-02-13 11:30:00-05:00,54.9900016784668,55.209999084472656,54.970001220703125,55.18000030517578,11529,0.0,0.0
2023-02-13 12:30:00-05:00,55.18000030517578,55.189998626708984,55.099998474121094,55.150699615478516,8228,0.0,0.0
2023-02-13 13:30:00-05:00,55.189998626708984,55.238399505615234,55.15999984741211,55.220001220703125,10953,0.0,0.0
2023-02-13 14:30:00-05:00,55.189998626708984,55.380001068115234,55.15999984741211,55.31999969482422,27315,0.0,0.0
2023-02-13 15:30:00-05:00,55.29999923706055,55.505001068115234,55.279998779296875,55.279998779296875,63980,0.0,0.0
2023-02-14 09:30:00-05:00,55.279998779296875,55.40999984741211,55.0,55.39500045776367,0,0.0,0.0
2023-02-14 10:30:00-05:00,55.369998931884766,55.43000030517578,55.220001220703125,55.290000915527344,19930,0.0,0.0
2023-02-14 11:30:00-05:00,55.2599983215332,55.38999938964844,55.14030075073242,55.3849983215332,12056,0.0,0.0
2023-02-14 12:30:00-05:00,55.380001068115234,55.58000183105469,55.369998931884766,55.525001525878906,25223,0.0,0.0
2023-02-14 13:30:00-05:00,55.54999923706055,55.55500030517578,55.439998626708984,55.51499938964844,13213,0.0,0.0
2023-02-14 14:30:00-05:00,55.51499938964844,55.51499938964844,55.36000061035156,55.404998779296875,52122,0.0,0.0
2023-02-14 15:30:00-05:00,55.400001525878906,55.529998779296875,55.380001068115234,55.38999938964844,61525,0.0,0.0
2023-02-15 09:30:00-05:00,55.130001068115234,55.470001220703125,55.09000015258789,55.150001525878906,38571,0.0,0.0
2023-02-15 10:30:00-05:00,55.15999984741211,55.220001220703125,55.060001373291016,55.15999984741211,18912,0.0,0.0
2023-02-15 11:30:00-05:00,55.150001525878906,55.22999954223633,55.09000015258789,55.13999938964844,14555,0.0,0.0
2023-02-15 12:30:00-05:00,55.13999938964844,55.22999954223633,55.130001068115234,55.22999954223633,12855,0.0,0.0
2023-02-15 13:30:00-05:00,55.22999954223633,55.290000915527344,55.209999084472656,55.27000045776367,16267,0.0,0.0
2023-02-15 14:30:00-05:00,55.290000915527344,55.369998931884766,55.189998626708984,55.189998626708984,19681,0.0,0.0
2023-02-15 15:30:00-05:00,55.20000076293945,55.20000076293945,55.08000183105469,55.189998626708984,60428,0.0,0.0
2023-02-16 09:30:00-05:00,54.9900016784668,55.15999984741211,54.70500183105469,55.060001373291016,0,0.0,0.0
2023-02-16 10:30:00-05:00,55.040000915527344,55.13999938964844,54.970001220703125,54.9900016784668,24995,0.0,0.0
2023-02-16 11:30:00-05:00,54.970001220703125,55.25,54.939998626708984,55.224998474121094,22140,0.0,0.0
2023-02-16 12:30:00-05:00,55.2400016784668,55.34000015258789,55.23500061035156,55.2400016784668,19213,0.0,0.0
2023-02-16 13:30:00-05:00,55.25,55.310001373291016,55.15999984741211,55.20000076293945,24856,0.0,0.0
2023-02-16 14:30:00-05:00,55.20000076293945,55.224998474121094,54.95000076293945,55.01499938964844,35449,0.0,0.0
2023-02-16 15:30:00-05:00,54.9900016784668,55.13999938964844,54.849998474121094,54.88999938964844,70923,0.0,0.0
2023-02-17 09:30:00-05:00,55.0099983215332,55.13999938964844,54.81999969482422,54.9900016784668,0,0.0,0.0
2023-02-17 10:30:00-05:00,55.060001373291016,55.1150016784668,54.91999816894531,54.97999954223633,9813,0.0,0.0
2023-02-17 11:30:00-05:00,54.970001220703125,55.11000061035156,54.970001220703125,55.060001373291016,7695,0.0,0.0
2023-02-17 12:30:00-05:00,55.04999923706055,55.130001068115234,55.040000915527344,55.11000061035156,13330,0.0,0.0
2023-02-17 13:30:00-05:00,55.06999969482422,55.279998779296875,55.06999969482422,55.22999954223633,10633,0.0,0.0
2023-02-17 14:30:00-05:00,55.2400016784668,55.369998931884766,55.220001220703125,55.314998626708984,23968,0.0,0.0
2023-02-17 15:30:00-05:00,55.290000915527344,55.439998626708984,55.22999954223633,55.25,56447,0.0,0.0
2023-02-21 09:30:00-05:00,54.79999923706055,54.900001525878906,54.54999923706055,54.630001068115234,29312,0.0,0.0
2023-02-21 10:30:00-05:00,54.65999984741211,54.709999084472656,54.5,54.5,9923,0.0,0.0
2023-02-21 11:30:00-05:00,54.5,54.560001373291016,54.5,54.540000915527344,5823,0.0,0.0
2023-02-21 12:30:00-05:00,54.595001220703125,54.68000030517578,54.54999923706055,54.54999923706055,9907,0.0,0.0
2023-02-21 13:30:00-05:00,54.540000915527344,54.59000015258789,54.5,54.52000045776367,7776,0.0,0.0
2023-02-21 14:30:00-05:00,54.58000183105469,54.58000183105469,54.52000045776367,54.520999908447266,8898,0.0,0.0
2023-02-21 15:30:00-05:00,54.54970169067383,54.59000015258789,54.43000030517578,54.5099983215332,32746,0.0,0.0
2023-02-22 09:30:00-05:00,54.54999923706055,54.54999923706055,54.29999923706055,54.33000183105469,17864,0.0,0.0
2023-02-22 10:30:00-05:00,54.33000183105469,54.45000076293945,54.27000045776367,54.439998626708984,16255,0.0,0.0
2023-02-22 11:30:00-05:00,54.400001525878906,54.63999938964844,54.349998474121094,54.630001068115234,22357,0.0,0.0
2023-02-22 12:30:00-05:00,54.63999938964844,54.650001525878906,54.540000915527344,54.630001068115234,6756,0.0,0.0
2023-02-22 13:30:00-05:00,54.68000030517578,54.69499969482422,54.470001220703125,54.58000183105469,8143,0.0,0.0
2023-02-22 14:30:00-05:00,54.53329849243164,54.54999923706055,54.40999984741211,54.540000915527344,10666,0.0,0.0
2023-02-22 15:30:00-05:00,54.470001220703125,54.470001220703125,54.279998779296875,54.34000015258789,33569,0.0,0.0
2023-02-23 09:30:00-05:00,54.099998474121094,54.45000076293945,54.099998474121094,54.38999938964844,17653,0.0,0.0
2023-02-23 10:30:00-05:00,54.36000061035156,54.39500045776367,54.220001220703125,54.290000915527344,13544,0.0,0.0
2023-02-23 11:30:00-05:00,54.2599983215332,54.290000915527344,54.119998931884766,54.290000915527344,9988,0.0,0.0
2023-02-23 12:30:00-05:00,54.290000915527344,54.4900016784668,54.290000915527344,54.46699905395508,15441,0.0,0.0
2023-02-23 13:30:00-05:00,54.5,54.61000061035156,54.459999084472656,54.584999084472656,12358,0.0,0.0
2023-02-23 14:30:00-05:00,54.560001373291016,54.61000061035156,54.52000045776367,54.529998779296875,11311,0.0,0.0
2023-02-23 15:30:00-05:00,54.529998779296875,54.63999938964844,54.5,54.63999938964844,39507,0.0,0.0
2023-02-24 09:30:00-05:00,54.63999938964844,54.63999938964844,54.36000061035156,54.36000061035156,0,0.0,0.0
2023-02-24 10:30:00-05:00,54.369998931884766,54.41999816894531,54.290000915527344,54.35499954223633,11560,0.0,0.0
2023-02-24 11:30:00-05:00,54.349998474121094,54.400001525878906,54.279998779296875,54.290000915527344,15813,0.0,0.0
2023-02-24 12:30:00-05:00,54.285301208496094,54.29999923706055,54.11130142211914,54.18000030517578,17033,0.0,0.0
2023-02-24 13:30:00-05:00,54.150001525878906,54.4900016784668,54.11000061035156,54.310001373291016,34738,0.0,0.0
2023-02-24 14:30:00-05:00,54.29999923706055,54.36000061035156,54.22999954223633,54.33000183105469,20467,0.0,0.0
2023-02-24 15:30:00-05:00,54.29999923706055,54.31100082397461,54.15999984741211,54.16999816894531,28975,0.0,0.0
2023-02-27 09:30:00-05:00,54.25,54.25,53.810001373291016,53.98500061035156,41959,0.0,0.0
2023-02-27 10:30:00-05:00,53.97999954223633,54.02000045776367,53.81999969482422,53.82500076293945,22651,0.0,0.0
2023-02-27 11:30:00-05:00,53.810001373291016,53.84000015258789,53.790000915527344,53.80500030517578,12166,0.0,0.0
2023-02-27 12:30:00-05:00,53.80500030517578,54.130001068115234,53.80500030517578,54.029998779296875,28226,0.0,0.0
2023-02-27 13:30:00-05:00,54.040000915527344,54.04999923706055,53.86000061035156,53.880001068115234,11247,0.0,0.0
2023-02-27 14:30:00-05:00,53.880001068115234,53.880001068115234,53.77000045776367,53.79999923706055,15667,0.0,0.0
2023-02-27 15:30:00-05:00,53.779998779296875,53.790000915527344,53.689998626708984,53.72999954223633,47589,0.0,0.0
2023-02-28 09:30:00-05:00,52.959999084472656,53.007198333740234,52.52000045776367,52.61000061035156,54149,0.0,0.0
2023-02-28 10:30:00-05:00,52.599998474121094,52.70000076293945,52.459999084472656,52.5,33233,0.0,0.0
2023-02-28 11:30:00-05:00,52.45000076293945,52.540000915527344,52.36000061035156,52.470001220703125,24989,0.0,0.0
2023-02-28 12:30:00-05:00,52.47999954223633,52.58000183105469,52.41999816894531,52.54999923706055,15467,0.0,0.0
2023-02-28 13:30:00-05:00,52.540000915527344,52.63999938964844,52.52000045776367,52.619998931884766,15798,0.0,0.0
2023-02-28 14:30:00-05:00,52.59000015258789,52.599998474121094,52.52000045776367,52.560001373291016,14300,0.0,0.0
2023-02-28 15:30:00-05:00,52.560001373291016,52.56999969482422,52.2400016784668,52.25,72098,0.0,0.0
2023-03-01 09:30:00-05:00,52.619998931884766,52.970001220703125,52.54999923706055,52.849998474121094,17150,0.0,0.0
2023-03-01 10:30:00-05:00,52.86000061035156,52.9900016784668,52.83000183105469,52.93000030517578,16867,0.0,0.0
2023-03-01 11:30:00-05:00,52.93000030517578,53.36000061035156,52.900001525878906,53.2400016784668,51109,0.0,0.0
2023-03-01 12:30:00-05:00,53.209999084472656,53.2400016784668,52.95000076293945,52.970001220703125,24868,0.0,0.0
2023-03-01 13:30:00-05:00,52.95000076293945,53.08599853515625,52.91999816894531,52.970001220703125,20007,0.0,0.0
2023-03-01 14:30:00-05:00,52.939998626708984,53.099998474121094,52.900001525878906,53.01100158691406,26898,0.0,0.0
2023-03-01 15:30:00-05:00,53.040000915527344,53.22999954223633,53.040000915527344,53.209999084472656,50372,0.0,0.0
2023-03-02 09:30:00-05:00,53.25,53.58000183105469,53.25,53.5,19708,0.0,0.0
2023-03-02 10:30:00-05:00,53.5099983215332,53.790000915527344,53.5099983215332,53.720001220703125,21601,0.0,0.0
2023-03-02 11:30:00-05:00,53.689998626708984,53.7400016784668,53.650001525878906,53.65999984741211,12374,0.0,0.0
2023-03-02 12:30:00-05:00,53.68000030517578,53.709999084472656,53.560001373291016,53.599998474121094,10778,0.0,0.0
2023-03-02 13:30:00-05:00,53.599998474121094,53.689998626708984,53.599998474121094,53.66999816894531,15525,0.0,0.0
2023-03-02 14:30:00-05:00,53.66999816894531,53.724998474121094,53.63999938964844,53.70000076293945,14531,0.0,0.0
2023-03-02 15:30:00-05:00,53.72999954223633,53.779998779296875,53.630001068115234,53.63999938964844,24958,0.0,0.0
2023-03-03 09:30:00-05:00,54.09000015258789,54.380001068115234,54.060001373291016,54.375,18502,0.0,0.0
2023-03-03 10:30:00-05:00,54.369998931884766,54.400001525878906,54.07500076293945,54.130001068115234,11761,0.0,0.0
2023-03-03 11:30:00-05:00,54.1150016784668,54.15999984741211,54.06999969482422,54.150001525878906,20356,0.0,0.0
2023-03-03 12:30:00-05:00,54.17499923706055,54.25,54.13999938964844,54.224998474121094,20841,0.0,0.0
2023-03-03 13:30:00-05:00,54.224998474121094,54.2400016784668,54.16999816894531,54.22999954223633,18645,0.0,0.0
2023-03-03 14:30:00-05:00,54.22999954223633,54.290000915527344,54.209999084472656,54.27000045776367,18315,0.0,0.0
2023-03-03 15:30:00-05:00,54.2599983215332,54.36000061035156,54.25,54.279998779296875,32819,0.0,0.0
2023-03-06 09:30:00-05:00,54.349998474121094,54.5,54.29999923706055,54.43000030517578,8144,0.0,0.0
2023-03-06 10:30:00-05:00,54.43000030517578,54.45610046386719,54.2400016784668,54.36000061035156,13155,0.0,0.0
2023-03-06 11:30:00-05:00,54.36000061035156,54.5,54.349998474121094,54.48500061035156,21187,0.0,0.0
2023-03-06 12:30:00-05:00,54.470001220703125,54.5,54.40999984741211,54.43000030517578,11176,0.0,0.0
2023-03-06 13:30:00-05:00,54.40999984741211,54.459999084472656,54.36000061035156,54.41999816894531,7673,0.0,0.0
2023-03-06 14:30:00-05:00,54.40999984741211,54.435001373291016,54.39500045776367,54.400001525878906,14885,0.0,0.0
2023-03-06 15:30:00-05:00,54.39500045776367,54.439998626708984,54.3849983215332,54.43000030517578,20863,0.0,0.0
2023-03-07 09:30:00-05:00,54.4900016784668,54.59000015258789,54.439998626708984,54.4900016784668,0,0.0,0.0
2023-03-07 10:30:00-05:00,54.5099983215332,54.529998779296875,54.404998779296875,54.470001220703125,21022,0.0,0.0
2023-03-07 11:30:00-05:00,54.459999084472656,54.58000183105469,54.45000076293945,54.4900016784668,12566,0.0,0.0
2023-03-07 12:30:00-05:00,54.470001220703125,54.470001220703125,54.38999938964844,54.4275016784668,18683,0.0,0.0
2023-03-07 13:30:00-05:00,54.41999816894531,54.45000076293945,54.310001373291016,54.41999816894531,44311,0.0,0.0
2023-03-07 14:30:00-05:00,54.40999984741211,54.45000076293945,54.38999938964844,54.439998626708984,22899,0.0,0.0
2023-03-07 15:30:00-05:00,54.45000076293945,54.45000076293945,54.220001220703125,54.279998779296875,55523,0.0,0.0
2023-03-08 09:30:00-05:00,54.119998931884766,54.47999954223633,54.04999923706055,54.13999938964844,0,0.0,0.0
2023-03-08 10:30:00-05:00,54.18000030517578,54.27000045776367,54.130001068115234,54.220001220703125,7986,0.0,0.0
2023-03-08 11:30:00-05:00,54.189998626708984,54.33000183105469,54.16999816894531,54.220001220703125,18577,0.0,0.0
2023-03-08 12:30:00-05:00,54.20000076293945,54.22999954223633,54.15999984741211,54.15999984741211,7750,0.0,0.0
2023-03-08 13:30:00-05:00,54.130001068115234,54.15999984741211,54.08000183105469,54.1150016784668,20777,0.0,0.0
2023-03-08 14:30:00-05:00,54.130001068115234,54.16999816894531,54.02000045776367,54.08000183105469,17279,0.0,0.0
2023-03-08 15:30:00-05:00,54.099998474121094,54.2599983215332,54.04999923706055,54.2599983215332,21368,0.0,0.0
2023-03-09 09:30:00-05:00,53.70000076293945,53.84000015258789,53.529998779296875,53.75,24728,0.0,0.0
2023-03-09 10:30:00-05:00,53.77000045776367,53.83000183105469,53.709999084472656,53.790000915527344,9479,0.0,0.0
2023-03-09 11:30:00-05:00,53.790000915527344,53.88999938964844,53.779998779296875,53.880001068115234,11530,0.0,0.0
2023-03-09 12:30:00-05:00,53.880001068115234,53.900001525878906,53.66999816894531,53.66999816894531,11661,0.0,0.0
2023-03-09 13:30:00-05:00,53.63999938964844,53.70000076293945,53.45000076293945,53.540000915527344,22223,0.0,0.0
2023-03-09 14:30:00-05:00,53.529998779296875,53.529998779296875,53.31999969482422,53.415000915527344,23496,0.0,0.0
2023-03-09 15:30:00-05:00,53.40999984741211,53.584999084472656,53.404998779296875,53.54999923706055,49335,0.0,0.0
2023-03-10 09:30:00-05:00,53.709999084472656,53.900001525878906,53.61000061035156,53.72999954223633,12713,0.0,0.0
2023-03-10 10:30:00-05:00,53.7599983215332,53.91999816894531,53.7599983215332,53.849998474121094,7105,0.0,0.0
2023-03-10 11:30:00-05:00,53.869998931884766,53.95000076293945,53.720001220703125,53.72999954223633,6964,0.0,0.0
2023-03-10 12:30:00-05:00,53.779998779296875,53.939998626708984,53.529998779296875,53.56999969482422,18842,0.0,0.0
2023-03-10 13:30:00-05:00,53.560001373291016,53.599998474121094,53.400001525878906,53.40999984741211,10519,0.0,0.0
2023-03-10 14:30:00-05:00,53.41999816894531,53.54999923706055,53.38999938964844,53.41999816894531,8939,0.0,0.0
2023-03-10 15:30:00-05:00,53.40999984741211,53.41999816894531,53.29999923706055,53.40999984741211,26069,0.0,0.0
2023-03-13 09:30:00-04:00,53.0099983215332,53.779998779296875,53.0099983215332,53.572601318359375,20871,0.0,0.0
2023-03-13 10:30:00-04:00,53.58000183105469,53.97999954223633,53.58000183105469,53.939998626708984,18949,0.0,0.0
2023-03-13 11:30:00-04:00,53.939998626708984,54.20000076293945,53.720001220703125,53.88999938964844,40485,0.0,0.0
2023-03-13 12:30:00-04:00,53.93000030517578,53.97999954223633,53.59000015258789,53.65999984741211,22567,0.0,0.0
2023-03-13 13:30:00-04:00,53.685001373291016,53.89500045776367,53.650001525878906,53.729801177978516,32010,0.0,0.0
2023-03-13 14:30:00-04:00,53.7400016784668,53.790000915527344,53.599998474121094,53.599998474121094,21675,0.0,0.0
2023-03-13 15:30:00-04:00,53.630001068115234,53.779998779296875,53.619998931884766,53.7599983215332,40369,0.0,0.0
2023-03-14 09:30:00-04:00,53.41999816894531,53.68000030517578,53.209999084472656,53.63999938964844,32844,0.0,0.0
2023-03-14 10:30:00-04:00,53.64500045776367,53.7599983215332,53.560001373291016,53.755001068115234,30281,0.0,0.0
2023-03-14 11:30:00-04:00,53.77000045776367,53.77000045776367,53.4900016784668,53.51499938964844,28262,0.0,0.0
2023-03-14 12:30:00-04:00,53.5,53.55500030517578,53.2400016784668,53.27000045776367,24298,0.0,0.0
2023-03-14 13:30:00-04:00,53.2599983215332,53.43000030517578,53.189998626708984,53.31999969482422,30267,0.0,0.0
2023-03-14 14:30:00-04:00,53.30500030517578,53.65999984741211,53.29999923706055,53.61000061035156,48298,0.0,0.0
2023-03-14 15:30:00-04:00,53.599998474121094,53.625,53.439998626708984,53.5,91457,0.0,0.0
2023-03-15 09:30:00-04:00,53.11000061035156,53.5,53.11000061035156,53.279998779296875,17298,0.0,0.0
2023-03-15 10:30:00-04:00,53.20000076293945,53.334999084472656,53.189998626708984,53.31999969482422,15676,0.0,0.0
2023-03-15 11:30:00-04:00,53.33000183105469,53.33000183105469,53.09000015258789,53.15999984741211,20856,0.0,0.0
2023-03-15 12:30:00-04:00,53.18000030517578,53.30009841918945,53.04999923706055,53.29999923706055,13533,0.0,0.0
2023-03-15 13:30:00-04:00,53.2599983215332,53.34000015258789,53.04999923706055,53.290000915527344,16145,0.0,0.0
2023-03-15 14:30:00-04:00,53.31999969482422,53.439998626708984,53.189998626708984,53.39500045776367,18177,0.0,0.0
2023-03-15 15:30:00-04:00,53.41999816894531,53.44499969482422,53.310001373291016,53.3849983215332,45365,0.0,0.0
2023-03-16 09:30:00-04:00,53.029998779296875,53.43000030517578,53.029998779296875,53.43000030517578,0,0.0,0.0
2023-03-16 10:30:00-04:00,53.45000076293945,53.81999969482422,53.45000076293945,53.779998779296875,16845,0.0,0.0
2023-03-16 11:30:00-04:00,53.75,53.79999923706055,53.630001068115234,53.79999923706055,15771,0.0,0.0
2023-03-16 12:30:00-04:00,53.790000915527344,54.06999969482422,53.790000915527344,53.959999084472656,19359,0.0,0.0
2023-03-16 13:30:00-04:00,53.970001220703125,54.040000915527344,53.939998626708984,54.0099983215332,13304,0.0,0.0
2023-03-16 14:30:00-04:00,54.025001525878906,54.18000030517578,54.0099983215332,54.04999923706055,25300,0.0,0.0
2023-03-16 15:30:00-04:00,54.02000045776367,54.209999084472656,53.9900016784668,54.209999084472656,54149,0.0,0.0
2023-03-17 09:30:00-04:00,54.95000076293945,55.130001068115234,54.349998474121094,55.060001373291016,62511,0.0,0.0
2023-03-17 10:30:00-04:00,55.06999969482422,55.369998931884766,55.06999969482422,55.349998474121094,33892,0.0,0.0
2023-03-17 11:30:00-04:00,55.36000061035156,55.540000915527344,55.150001525878906,55.540000915527344,53536,0.0,0.0
2023-03-17 12:30:00-04:00,55.540000915527344,55.5890007019043,55.36000061035156,55.47999954223633,30139,0.0,0.0
2023-03-17 13:30:00-04:00,55.470001220703125,55.5099983215332,55.209999084472656,55.224998474121094,29828,0.0,0.0
2023-03-17 14:30:00-04:00,55.209999084472656,55.33000183105469,55.099998474121094,55.314998626708984,50160,0.0,0.0
2023-03-17 15:30:00-04:00,55.310001373291016,55.310001373291016,55.099998474121094,55.119998931884766,74677,0.0,0.0
2023-03-20 09:30:00-04:00,55.13999938964844,55.13999938964844,54.529998779296875,54.560001373291016,52254,0.0,0.0
2023-03-20 10:30:00-04:00,54.52000045776367,54.54999923706055,54.38999938964844,54.529998779296875,41229,0.0,0.0
2023-03-20 11:30:00-04:00,54.525001525878906,54.54999923706055,54.36000061035156,54.52000045776367,17036,0.0,0.0
2023-03-20 12:30:00-04:00,54.51499938964844,54.790000915527344,54.4900016784668,54.720001220703125,20532,0.0,0.0
2023-03-20 13:30:00-04:00,54.72999954223633,54.90999984741211,54.59000015258789,54.70000076293945,42118,0.0,0.0
2023-03-20 14:30:00-04:00,54.70000076293945,54.70000076293945,54.560001373291016,54.619998931884766,37732,0.0,0.0
2023-03-20 15:30:00-04:00,54.619998931884766,54.720001220703125,54.47999954223633,54.5,53158,0.0,0.0
2023-03-21 09:30:00-04:00,54.470001220703125,54.470001220703125,54.08000183105469,54.189998626708984,50787,0.0,0.0
2023-03-21 10:30:00-04:00,54.209999084472656,54.209999084472656,54.02000045776367,54.09000015258789,29146,0.0,0.0
2023-03-21 11:30:00-04:00,54.130001068115234,54.209999084472656,53.880001068115234,54.209999084472656,26068,0.0,0.0
2023-03-21 12:30:00-04:00,54.20000076293945,54.275001525878906,54.18000030517578,54.2599983215332,15172,0.0,0.0
2023-03-21 13:30:00-04:00,54.279998779296875,54.290000915527344,54.189998626708984,54.279998779296875,24548,0.0,0.0
2023-03-21 14:30:00-04:00,54.291500091552734,54.33000183105469,54.220001220703125,54.29999923706055,33381,0.0,0.0
2023-03-21 15:30:00-04:00,54.29999923706055,54.439998626708984,54.25,54.369998931884766,61939,0.0,0.0
2023-03-22 09:30:00-04:00,54.779998779296875,54.849998474121094,54.5099983215332,54.810001373291016,24141,0.0,0.0
2023-03-22 10:30:00-04:00,54.810001373291016,54.810001373291016,54.65999984741211,54.72999954223633,29009,0.0,0.0
2023-03-22 11:30:00-04:00,54.7400016784668,54.84000015258789,54.70000076293945,54.7599983215332,20092,0.0,0.0
2023-03-22 12:30:00-04:00,54.75,54.75,54.60499954223633,54.689998626708984,11649,0.0,0.0
2023-03-22 13:30:00-04:00,54.70000076293945,54.880001068115234,54.63999938964844,54.79999923706055,17810,0.0,0.0
2023-03-22 14:30:00-04:00,54.790000915527344,55.0,54.599998474121094,54.78499984741211,26353,0.0,0.0
2023-03-22 15:30:00-04:00,54.79999923706055,54.810001373291016,54.33000183105469,54.349998474121094,57097,0.0,0.0
2023-03-23 09:30:00-04:00,54.349998474121094,54.68000030517578,54.349998474121094,54.65999984741211,0,0.0,0.0
2023-03-23 10:30:00-04:00,54.68000030517578,54.790000915527344,54.58000183105469,54.619998931884766,17914,0.0,0.0
2023-03-23 11:30:00-04:00,54.63999938964844,54.790000915527344,54.619998931884766,54.778499603271484,18037,0.0,0.0
2023-03-23 12:30:00-04:00,54.790000915527344,54.81999969482422,54.4900016784668,54.58000183105469,36783,0.0,0.0
2023-03-23 13:30:00-04:00,54.58000183105469,54.63970184326172,54.5,54.52000045776367,16739,0.0,0.0
2023-03-23 14:30:00-04:00,54.52000045776367,54.56999969482422,54.34000015258789,54.439998626708984,19493,0.0,0.0
2023-03-23 15:30:00-04:00,54.41999816894531,54.56999969482422,54.369998931884766,54.47999954223633,36816,0.0,0.0
2023-03-24 09:30:00-04:00,54.61000061035156,54.79999923706055,54.349998474121094,54.650001525878906,36140,0.0,0.0
2023-03-24 10:30:00-04:00,54.630001068115234,54.630001068115234,54.45000076293945,54.54999923706055,19867,0.0,0.0
2023-03-24 11:30:00-04:00,54.56999969482422,54.689998626708984,54.529998779296875,54.66999816894531,19247,0.0,0.0
2023-03-24 12:30:00-04:00,54.65999984741211,54.8025016784668,54.65999984741211,54.779998779296875,22133,0.0,0.0
2023-03-24 13:30:00-04:00,54.76499938964844,54.95000076293945,54.76499938964844,54.900001525878906,32610,0.0,0.0
2023-03-24 14:30:00-04:00,54.880001068115234,54.95000076293945,54.849998474121094,54.90999984741211,21283,0.0,0.0
2023-03-24 15:30:00-04:00,54.88999938964844,54.900001525878906,54.70000076293945,54.7400016784668,54103,0.0,0.0
2023-03-27 09:30:00-04:00,54.90999984741211,55.13999938964844,54.90999984741211,55.04999923706055,18353,0.0,0.0
2023-03-27 10:30:00-04:00,55.040000915527344,55.21500015258789,55.0,55.21500015258789,18139,0.0,0.0
2023-03-27 11:30:00-04:00,55.21500015258789,55.290000915527344,55.130001068115234,55.22999954223633,22178,0.0,0.0
2023-03-27 12:30:00-04:00,55.2400016784668,55.380001068115234,55.22010040283203,55.310001373291016,31742,0.0,0.0
2023-03-27 13:30:00-04:00,55.309898376464844,55.402000427246094,55.29800033569336,55.369998931884766,10398,0.0,0.0
2023-03-27 14:30:00-04:00,55.380001068115234,55.40999984741211,55.13999938964844,55.209999084472656,38776,0.0,0.0
2023-03-27 15:30:00-04:00,55.220001220703125,55.290000915527344,55.18000030517578,55.249000549316406,41959,0.0,0.0
2023-03-28 09:30:00-04:00,55.47999954223633,56.060001373291016,55.47999954223633,56.0099983215332,41330,0.0,0.0
2023-03-28 10:30:00-04:00,56.0099983215332,56.040000915527344,55.91999816894531,55.959999084472656,36715,0.0,0.0
2023-03-28 11:30:00-04:00,55.95500183105469,56.125,55.94499969482422,56.125,19173,0.0,0.0
2023-03-28 12:30:00-04:00,56.11000061035156,56.125,55.98500061035156,56.08000183105469,16853,0.0,0.0
2023-03-28 13:30:00-04:00,56.08000183105469,56.08000183105469,55.94499969482422,56.0,34804,0.0,0.0
2023-03-28 14:30:00-04:00,56.0099983215332,56.060001373291016,55.9900016784668,56.03499984741211,32052,0.0,0.0
2023-03-28 15:30:00-04:00,56.02000045776367,56.11000061035156,55.970001220703125,56.09000015258789,105974,0.0,0.0
2023-03-29 09:30:00-04:00,56.369998931884766,56.369998931884766,56.099998474121094,56.29999923706055,23718,0.0,0.0
2023-03-29 10:30:00-04:00,56.314998626708984,56.39500045776367,56.314998626708984,56.349998474121094,24540,0.0,0.0
2023-03-29 11:30:00-04:00,56.349998474121094,56.38999938964844,56.29999923706055,56.33000183105469,30098,0.0,0.0
2023-03-29 12:30:00-04:00,56.33000183105469,56.3650016784668,56.29999923706055,56.330101013183594,20270,0.0,0.0
2023-03-29 13:30:00-04:00,56.33000183105469,56.380001068115234,56.25,56.3650016784668,48460,0.0,0.0
2023-03-29 14:30:00-04:00,56.36000061035156,56.42499923706055,56.310001373291016,56.404998779296875,53655,0.0,0.0
2023-03-29 15:30:00-04:00,56.400001525878906,56.43000030517578,56.36000061035156,56.36000061035156,153195,0.0,0.0
2023-03-30 09:30:00-04:00,56.689998626708984,56.79999923706055,56.45500183105469,56.4900016784668,10286,0.0,0.0
2023-03-30 10:30:00-04:00,56.459999084472656,56.459999084472656,56.380001068115234,56.41999816894531,12486,0.0,0.0
2023-03-30 11:30:00-04:00,56.40999984741211,56.42499923706055,56.290000915527344,56.42499923706055,16980,0.0,0.0
2023-03-30 12:30:00-04:00,56.43000030517578,56.43000030517578,56.29499816894531,56.310001373291016,11618,0.0,0.0
2023-03-30 13:30:00-04:00,56.29859924316406,56.41400146484375,56.290000915527344,56.40999984741211,6823,0.0,0.0
2023-03-30 14:30:00-04:00,56.41999816894531,56.43000030517578,56.29999923706055,56.32749938964844,22775,0.0,0.0
2023-03-30 15:30:00-04:00,56.33000183105469,56.400001525878906,56.310001373291016,56.310001373291016,22921,0.0,0.0
2023-03-31 09:30:00-04:00,56.849998474121094,57.10499954223633,56.720001220703125,56.9900016784668,32920,0.0,0.0
2023-03-31 10:30:00-04:00,56.93000030517578,56.95500183105469,56.83000183105469,56.95000076293945,13259,0.0,0.0
2023-03-31 11:30:00-04:00,56.90999984741211,56.95000076293945,56.900001525878906,56.935001373291016,12449,0.0,0.0
2023-03-31 12:30:00-04:00,56.935001373291016,57.0,56.900001525878906,56.959999084472656,11839,0.0,0.0
2023-03-31 13:30:00-04:00,56.939998626708984,57.04999923706055,56.91999816894531,56.97999954223633,12847,0.0,0.0
2023-03-31 14:30:00-04:00,56.97999954223633,57.10499954223633,56.97999954223633,57.09000015258789,15200,0.0,0.0
2023-03-31 15:30:00-04:00,57.09000015258789,57.09000015258789,56.88999938964844,56.93000030517578,81911,0.0,0.0
2023-04-03 09:30:00-04:00,57.25,57.25,56.810001373291016,57.220001220703125,32440,0.0,0.0
2023-04-03 10:30:00-04:00,57.226200103759766,57.226200103759766,56.98500061035156,57.060001373291016,21839,0.0,0.0
2023-04-03 11:30:00-04:00,57.040000915527344,57.18000030517578,57.040000915527344,57.11000061035156,24760,0.0,0.0
2023-04-03 12:30:00-04:00,57.119998931884766,57.189998626708984,57.08000183105469,57.14500045776367,21555,0.0,0.0
2023-04-03 13:30:00-04:00,57.150001525878906,57.220001220703125,57.08000183105469,57.130001068115234,22566,0.0,0.0
2023-04-03 14:30:00-04:00,57.13999938964844,57.380001068115234,57.13999938964844,57.349998474121094,38569,0.0,0.0
2023-04-03 15:30:00-04:00,57.33000183105469,57.42499923706055,57.33000183105469,57.345001220703125,70188,0.0,0.0
2023-04-04 09:30:00-04:00,57.279998779296875,57.540000915527344,57.23500061035156,57.5099983215332,16400,0.0,0.0
2023-04-04 10:30:00-04:00,57.5,57.599998474121094,57.470001220703125,57.505001068115234,27999,0.0,0.0
2023-04-04 11:30:00-04:00,57.5,57.599998474121094,57.45000076293945,57.56999969482422,27435,0.0,0.0
2023-04-04 12:30:00-04:00,57.57500076293945,57.72999954223633,57.56999969482422,57.724998474121094,29241,0.0,0.0
2023-04-04 13:30:00-04:00,57.709999084472656,57.720001220703125,57.599998474121094,57.599998474121094,26918,0.0,0.0
2023-04-04 14:30:00-04:00,57.599998474121094,57.65999984741211,57.540000915527344,57.55500030517578,28664,0.0,0.0
2023-04-04 15:30:00-04:00,57.560001373291016,57.608001708984375,57.43000030517578,57.47999954223633,95358,0.0,0.0
2023-04-05 09:30:00-04:00,57.790000915527344,57.86000061035156,57.47999954223633,57.65999984741211,0,0.0,0.0
2023-04-05 10:30:00-04:00,57.65999984741211,57.720001220703125,57.40999984741211,57.529998779296875,59316,0.0,0.0
2023-04-05 11:30:00-04:00,57.540000915527344,57.7599983215332,57.529998779296875,57.7400016784668,42862,0.0,0.0
2023-04-05 12:30:00-04:00,57.73249816894531,57.79999923706055,57.70000076293945,57.720001220703125,18834,0.0,0.0
2023-04-05 13:30:00-04:00,57.73500061035156,57.91999816894531,57.720001220703125,57.91999816894531,16548,0.0,0.0
2023-04-05 14:30:00-04:00,57.904998779296875,58.0099983215332,57.900001525878906,58.0,30284,0.0,0.0
2023-04-05 15:30:00-04:00,57.9900016784668,58.029998779296875,57.83000183105469,57.95000076293945,58214,0.0,0.0
2023-04-06 09:30:00-04:00,58.08000183105469,58.43000030517578,58.08000183105469,58.29999923706055,42966,0.0,0.0
2023-04-06 10:30:00-04:00,58.30500030517578,58.630001068115234,58.30500030517578,58.47800064086914,43095,0.0,0.0
2023-04-06 11:30:00-04:00,58.47999954223633,58.63999938964844,58.470001220703125,58.56999969482422,24358,0.0,0.0
2023-04-06 12:30:00-04:00,58.599998474121094,58.70000076293945,58.55500030517578,58.68000030517578,20613,0.0,0.0
2023-04-06 13:30:00-04:00,58.70000076293945,58.810001373291016,58.65999984741211,58.77000045776367,34081,0.0,0.0
2023-04-06 14:30:00-04:00,58.75199890136719,58.86000061035156,58.75,58.84000015258789,38625,0.0,0.0
2023-04-06 15:30:00-04:00,58.84000015258789,58.845001220703125,58.720001220703125,58.79999923706055,67851,0.0,0.0
2023-04-10 09:30:00-04:00,58.900001525878906,59.13999938964844,58.79499816894531,58.79999923706055,23797,0.0,0.0
2023-04-10 10:30:00-04:00,58.810001373291016,58.83000183105469,58.73270034790039,58.81999969482422,13241,0.0,0.0
2023-04-10 11:30:00-04:00,58.83000183105469,58.83000183105469,58.65999984741211,58.70000076293945,13141,0.0,0.0
2023-04-10 12:30:00-04:00,58.689998626708984,58.84000015258789,58.685001373291016,58.84000015258789,16187,0.0,0.0
2023-04-10 13:30:00-04:00,58.81999969482422,58.84000015258789,58.7599983215332,58.81999969482422,14312,0.0,0.0
2023-04-10 14:30:00-04:00,58.83000183105469,58.909000396728516,58.82500076293945,58.880001068115234,20402,0.0,0.0
2023-04-10 15:30:00-04:00,58.88999938964844,58.970001220703125,58.869998931884766,58.959999084472656,45942,0.0,0.0
2023-04-11 09:30:00-04:00,58.720001220703125,58.81999969482422,58.650001525878906,58.70000076293945,42022,0.0,0.0
2023-04-11 10:30:00-04:00,58.70500183105469,58.72999954223633,58.630001068115234,58.70000076293945,22032,0.0,0.0
2023-04-11 11:30:00-04:00,58.65999984741211,58.83000183105469,58.599998474121094,58.83000183105469,20642,0.0,0.0
2023-04-11 12:30:00-04:00,58.811500549316406,58.849998474121094,58.790000915527344,58.84000015258789,17293,0.0,0.0
2023-04-11 13:30:00-04:00,58.849998474121094,58.849998474121094,58.744998931884766,58.7599983215332,20949,0.0,0.0
2023-04-11 14:30:00-04:00,58.779998779296875,58.86000061035156,58.779998779296875,58.849998474121094,24700,0.0,0.0
2023-04-11 15:30:00-04:00,58.84000015258789,58.86000061035156,58.689998626708984,58.7599983215332,53976,0.0,0.0
2023-04-12 09:30:00-04:00,60.099998474121094,60.45000076293945,59.849998474121094,60.41999816894531,60952,0.0,0.0
2023-04-12 10:30:00-04:00,60.40999984741211,60.41999816894531,59.98500061035156,60.10499954223633,28869,0.0,0.0
2023-04-12 11:30:00-04:00,60.08000183105469,60.22999954223633,60.040000915527344,60.22999954223633,15903,0.0,0.0
2023-04-12 12:30:00-04:00,60.25,60.290000915527344,60.220001220703125,60.279998779296875,14364,0.0,0.0
2023-04-12 13:30:00-04:00,60.290000915527344,60.349998474121094,60.209999084472656,60.209999084472656,13145,0.0,0.0
2023-04-12 14:30:00-04:00,60.18000030517578,60.209999084472656,60.02000045776367,60.095001220703125,24554,0.0,0.0
2023-04-12 15:30:00-04:00,60.099998474121094,60.13999938964844,59.959999084472656,60.04999923706055,67549,0.0,0.0
2023-04-13 09:30:00-04:00,59.959999084472656,60.0099983215332,59.810001373291016,59.970001220703125,40534,0.0,0.0
2023-04-13 10:30:00-04:00,59.93000030517578,59.98500061035156,59.83000183105469,59.98500061035156,19545,0.0,0.0
2023-04-13 11:30:00-04:00,60.0099983215332,60.029998779296875,59.90999984741211,60.0099983215332,23752,0.0,0.0
2023-04-13 12:30:00-04:00,60.0099983215332,60.13999938964844,60.005001068115234,60.08000183105469,21008,0.0,0.0
2023-04-13 13:30:00-04:00,60.08000183105469,60.25,60.06999969482422,60.22999954223633,20800,0.0,0.0
2023-04-13 14:30:00-04:00,60.22999954223633,60.279998779296875,60.18000030517578,60.2400016784668,36138,0.0,0.0
2023-04-13 15:30:00-04:00,60.2400016784668,60.29999923706055,60.20000076293945,60.279998779296875,57286,0.0,0.0
2023-04-14 09:30:00-04:00,60.25,60.334999084472656,60.150001525878906,60.2599983215332,15025,0.0,0.0
2023-04-14 10:30:00-04:00,60.27000045776367,60.290000915527344,60.209999084472656,60.220001220703125,19001,0.0,0.0
2023-04-14 11:30:00-04:00,60.209999084472656,60.209999084472656,60.029998779296875,60.119998931884766,18420,0.0,0.0
2023-04-14 12:30:00-04:00,60.11000061035156,60.15999984741211,60.029998779296875,60.10499954223633,15146,0.0,0.0
2023-04-14 13:30:00-04:00,60.09000015258789,60.1254997253418,60.040000915527344,60.10499954223633,19422,0.0,0.0
2023-04-14 14:30:00-04:00,60.11000061035156,60.130001068115234,59.97999954223633,60.084999084472656,27911,0.0,0.0
2023-04-14 15:30:00-04:00,60.08000183105469,60.119998931884766,60.060001373291016,60.099998474121094,35583,0.0,0.0
2023-04-17 09:30:00-04:00,59.84000015258789,60.029998779296875,59.54999923706055,59.599998474121094,53210,0.0,0.0
2023-04-17 10:30:00-04:00,59.61000061035156,59.619998931884766,59.4900016784668,59.5099983215332,34602,0.0,0.0
2023-04-17 11:30:00-04:00,59.49530029296875,59.75,59.4900016784668,59.720001220703125,43987,0.0,0.0
2023-04-17 12:30:00-04:00,59.72999954223633,59.83000183105469,59.709999084472656,59.83000183105469,21057,0.0,0.0
2023-04-17 13:30:00-04:00,59.83000183105469,59.875,59.82500076293945,59.83000183105469,11162,0.0,0.0
2023-04-17 14:30:00-04:00,59.83000183105469,59.959999084472656,59.83000183105469,59.93000030517578,14763,0.0,0.0
2023-04-17 15:30:00-04:00,59.930999755859375,59.970001220703125,59.849998474121094,59.93000030517578,29073,0.0,0.0
2023-04-18 09:30:00-04:00,60.63999938964844,60.63999938964844,60.25299835205078,60.36000061035156,36371,0.0,0.0
2023-04-18 10:30:00-04:00,60.349998474121094,60.380001068115234,60.310001373291016,60.33000183105469,16660,0.0,0.0
2023-04-18 11:30:00-04:00,60.33000183105469,60.470001220703125,60.29999923706055,60.439998626708984,19531,0.0,0.0
2023-04-18 12:30:00-04:00,60.45000076293945,60.48500061035156,60.31999969482422,60.375,42336,0.0,0.0
2023-04-18 13:30:00-04:00,60.375,60.5,60.375,60.474998474121094,12622,0.0,0.0
2023-04-18 14:30:00-04:00,60.470001220703125,60.630001068115234,60.40999984741211,60.47999954223633,71024,0.0,0.0
2023-04-18 15:30:00-04:00,60.470001220703125,60.47999954223633,60.31999969482422,60.349998474121094,67919,0.0,0.0
2023-04-19 09:30:00-04:00,60.65999984741211,60.72999954223633,60.34000015258789,60.439998626708984,35315,0.0,0.0
2023-04-19 10:30:00-04:00,60.41999816894531,60.459999084472656,60.310001373291016,60.33000183105469,17124,0.0,0.0
2023-04-19 11:30:00-04:00,60.31999969482422,60.470001220703125,60.27000045776367,60.400001525878906,21789,0.0,0.0
2023-04-19 12:30:00-04:00,60.400001525878906,60.400001525878906,60.25,60.33000183105469,14130,0.0,0.0
2023-04-19 13:30:00-04:00,60.290000915527344,60.34000015258789,60.220001220703125,60.220001220703125,12897,0.0,0.0
2023-04-19 14:30:00-04:00,60.23540115356445,60.34000015258789,60.23540115356445,60.29999923706055,16625,0.0,0.0
2023-04-19 15:30:00-04:00,60.29999923706055,60.33000183105469,60.2599983215332,60.290000915527344,31406,0.0,0.0
2023-04-20 09:30:00-04:00,59.7400016784668,59.790000915527344,59.5,59.59000015258789,34082,0.0,0.0
2023-04-20 10:30:00-04:00,59.59000015258789,59.599998474121094,59.459999084472656,59.529998779296875,30115,0.0,0.0
2023-04-20 11:30:00-04:00,59.59000015258789,59.66999816894531,59.54999923706055,59.63999938964844,16603,0.0,0.0
2023-04-20 12:30:00-04:00,59.650001525878906,59.79999923706055,59.650001525878906,59.79999923706055,36021,0.0,0.0
2023-04-20 13:30:00-04:00,59.779998779296875,59.88999938964844,59.709999084472656,59.709999084472656,20647,0.0,0.0
2023-04-20 14:30:00-04:00,59.68000030517578,59.68000030517578,59.529998779296875,59.61000061035156,34919,0.0,0.0
2023-04-20 15:30:00-04:00,59.650001525878906,59.68000030517578,59.53499984741211,59.66999816894531,90347,0.0,0.0
2023-04-21 09:30:00-04:00,60.0099983215332,60.13999938964844,59.84000015258789,60.095001220703125,32781,0.0,0.0
2023-04-21 10:30:00-04:00,60.099998474121094,60.099998474121094,59.94499969482422,59.96500015258789,29478,0.0,0.0
2023-04-21 11:30:00-04:00,59.970001220703125,60.16999816894531,59.959999084472656,60.16999816894531,23224,0.0,0.0
2023-04-21 12:30:00-04:00,60.20000076293945,60.290000915527344,60.19499969482422,60.23500061035156,19252,0.0,0.0
2023-04-21 13:30:00-04:00,60.25,60.27000045776367,60.22999954223633,60.25,26712,0.0,0.0
2023-04-21 14:30:00-04:00,60.290000915527344,60.31999969482422,60.2400016784668,60.310001373291016,24846,0.0,0.0
2023-04-21 15:30:00-04:00,60.310001373291016,60.45000076293945,60.310001373291016,60.439998626708984,86876,0.0,0.0
2023-04-24 09:30:00-04:00,59.25,59.29999923706055,59.0099983215332,59.099998474121094,63353,0.0,0.0
2023-04-24 10:30:00-04:00,59.099998474121094,59.13999938964844,59.040000915527344,59.11000061035156,55172,0.0,0.0
2023-04-24 11:30:00-04:00,59.10499954223633,59.150001525878906,59.040000915527344,59.150001525878906,18465,0.0,0.0
2023-04-24 12:30:00-04:00,59.13999938964844,59.150001525878906,59.04499816894531,59.04999923706055,11213,0.0,0.0
2023-04-24 13:30:00-04:00,59.064998626708984,59.150001525878906,59.064998626708984,59.13999938964844,10337,0.0,0.0
2023-04-24 14:30:00-04:00,59.1349983215332,59.18000030517578,59.1349983215332,59.13999938964844,18747,0.0,0.0
2023-04-24 15:30:00-04:00,59.13999938964844,59.150001525878906,59.04999923706055,59.060001373291016,69504,0.0,0.0
2023-04-25 09:30:00-04:00,59.5099983215332,59.5099983215332,59.38999938964844,59.45000076293945,31531,0.0,0.0
2023-04-25 10:30:00-04:00,59.44499969482422,59.52000045776367,59.27000045776367,59.29999923706055,37698,0.0,0.0
2023-04-25 11:30:00-04:00,59.2599983215332,59.2599983215332,59.18000030517578,59.220001220703125,30779,0.0,0.0
2023-04-25 12:30:00-04:00,59.20500183105469,59.2400016784668,59.08000183105469,59.119998931884766,33560,0.0,0.0
2023-04-25 13:30:00-04:00,59.119998931884766,59.189998626708984,59.08000183105469,59.150001525878906,31641,0.0,0.0
2023-04-25 14:30:00-04:00,59.119998931884766,59.20000076293945,59.08000183105469,59.16999816894531,39435,0.0,0.0
2023-04-25 15:30:00-04:00,59.189998626708984,59.33000183105469,59.165000915527344,59.27000045776367,106838,0.0,0.0
2023-04-26 09:30:00-04:00,59.560001373291016,59.689998626708984,59.41999816894531,59.45000076293945,0,0.0,0.0
2023-04-26 10:30:00-04:00,59.47999954223633,59.51499938964844,59.439998626708984,59.47999954223633,20081,0.0,0.0
2023-04-26 11:30:00-04:00,59.494998931884766,59.540000915527344,59.435001373291016,59.45000076293945,14385,0.0,0.0
2023-04-26 12:30:00-04:00,59.45000076293945,59.529998779296875,59.435001373291016,59.529998779296875,16504,0.0,0.0
2023-04-26 13:30:00-04:00,59.529998779296875,59.599998474121094,59.529998779296875,59.599998474121094,14389,0.0,0.0
2023-04-26 14:30:00-04:00,59.58000183105469,59.630001068115234,59.52000045776367,59.560001373291016,22364,0.0,0.0
2023-04-26 15:30:00-04:00,59.560001373291016,59.59000015258789,59.470001220703125,59.470001220703125,58217,0.0,0.0
2023-04-27 09:30:00-04:00,60.43000030517578,60.43000030517578,60.220001220703125,60.2400016784668,32465,0.0,0.0
2023-04-27 10:30:00-04:00,60.24800109863281,60.310001373291016,60.150001525878906,60.290000915527344,16250,0.0,0.0
2023-04-27 11:30:00-04:00,60.314998626708984,60.367000579833984,60.22819900512695,60.27149963378906,11935,0.0,0.0
2023-04-27 12:30:00-04:00,60.279998779296875,60.290000915527344,60.22999954223633,60.27000045776367,9292,0.0,0.0
2023-04-27 13:30:00-04:00,60.275001525878906,60.415000915527344,60.275001525878906,60.40999984741211,11127,0.0,0.0
2023-04-27 14:30:00-04:00,60.439998626708984,60.54999923706055,60.41999816894531,60.45000076293945,15643,0.0,0.0
2023-04-27 15:30:00-04:00,60.44499969482422,60.59000015258789,60.40999984741211,60.58000183105469,44193,0.0,0.0
2023-04-28 09:30:00-04:00,60.720001220703125,60.720001220703125,60.54999923706055,60.57500076293945,8972,0.0,0.0
2023-04-28 10:30:00-04:00,60.560001373291016,60.61000061035156,60.494998931884766,60.61000061035156,7818,0.0,0.0
2023-04-28 11:30:00-04:00,60.619998931884766,60.689998626708984,60.619998931884766,60.650001525878906,6662,0.0,0.0
2023-04-28 12:30:00-04:00,60.65999984741211,60.70000076293945,60.63999938964844,60.650001525878906,7848,0.0,0.0
2023-04-28 13:30:00-04:00,60.63999938964844,60.63999938964844,60.560001373291016,60.560001373291016,16117,0.0,0.0
2023-04-28 14:30:00-04:00,60.540000915527344,60.540000915527344,60.38999938964844,60.38999938964844,10157,0.0,0.0
2023-04-28 15:30:00-04:00,60.369998931884766,60.5,60.349998474121094,60.470001220703125,32122,0.0,0.0
2023-05-01 09:30:00-04:00,60.310001373291016,60.61000061035156,60.22999954223633,60.38999938964844,32747,0.0,0.0
2023-05-01 10:30:00-04:00,60.41999816894531,60.564998626708984,60.380001068115234,60.52000045776367,8623,0.0,0.0
2023-05-01 11:30:00-04:00,60.560001373291016,60.59000015258789,60.52510070800781,60.58000183105469,5045,0.0,0.0
2023-05-01 12:30:00-04:00,60.560001373291016,60.65999984741211,60.560001373291016,60.65999984741211,5241,0.0,0.0
2023-05-01 13:30:00-04:00,60.63999938964844,60.79999923706055,60.619998931884766,60.724998474121094,16395,0.0,0.0
2023-05-01 14:30:00-04:00,60.724998474121094,60.779998779296875,60.68000030517578,60.779998779296875,31518,0.0,0.0
2023-05-01 15:30:00-04:00,60.790000915527344,60.900001525878906,60.7599983215332,60.88999938964844,48739,0.0,0.0
2023-05-02 09:30:00-04:00,60.93000030517578,60.95000076293945,60.71500015258789,60.84000015258789,40966,0.0,0.0
2023-05-02 10:30:00-04:00,60.85499954223633,60.904998779296875,60.7400016784668,60.80500030517578,30655,0.0,0.0
2023-05-02 11:30:00-04:00,60.790000915527344,61.17499923706055,60.790000915527344,61.17499923706055,22769,0.0,0.0
2023-05-02 12:30:00-04:00,61.20000076293945,61.400001525878906,61.189998626708984,61.38999938964844,26034,0.0,0.0
2023-05-02 13:30:00-04:00,61.369998931884766,61.369998931884766,61.130001068115234,61.209999084472656,47159,0.0,0.0
2023-05-02 14:30:00-04:00,61.2400016784668,61.2400016784668,60.90999984741211,60.93000030517578,59482,0.0,0.0
2023-05-02 15:30:00-04:00,60.93000030517578,61.150001525878906,60.900001525878906,61.06999969482422,54645,0.0,0.0
2023-05-03 09:30:00-04:00,61.11000061035156,61.150001525878906,60.90999984741211,60.93000030517578,20138,0.0,0.0
2023-05-03 10:30:00-04:00,60.88999938964844,60.93000030517578,60.83000183105469,60.89500045776367,29661,0.0,0.0
2023-05-03 11:30:00-04:00,60.90999984741211,60.939998626708984,60.81999969482422,60.90999984741211,21825,0.0,0.0
2023-05-03 12:30:00-04:00,60.92499923706055,61.22999954223633,60.90999984741211,61.20000076293945,24535,0.0,0.0
2023-05-03 13:30:00-04:00,61.20000076293945,61.279998779296875,61.025001525878906,61.279998779296875,27283,0.0,0.0
2023-05-03 14:30:00-04:00,61.25,61.380001068115234,61.10499954223633,61.2599983215332,61131,0.0,0.0
2023-05-03 15:30:00-04:00,61.242000579833984,61.290000915527344,61.06999969482422,61.06999969482422,82779,0.0,0.0
2023-05-04 09:30:00-04:00,61.20000076293945,61.310001373291016,60.79999923706055,60.959999084472656,19162,0.0,0.0
2023-05-04 10:30:00-04:00,60.959999084472656,61.0,60.900001525878906,60.900001525878906,10584,0.0,0.0
2023-05-04 11:30:00-04:00,60.88999938964844,60.91999816894531,60.720001220703125,60.79999923706055,25467,0.0,0.0
2023-05-04 12:30:00-04:00,60.779998779296875,60.904998779296875,60.7599983215332,60.849998474121094,29142,0.0,0.0
2023-05-04 13:30:00-04:00,60.84000015258789,60.869998931884766,60.720001220703125,60.849998474121094,21809,0.0,0.0
2023-05-04 14:30:00-04:00,60.84000015258789,61.0099983215332,60.834999084472656,60.939998626708984,26374,0.0,0.0
2023-05-04 15:30:00-04:00,60.91999816894531,61.0,60.90999984741211,60.95000076293945,35802,0.0,0.0
2023-05-05 09:30:00-04:00,60.7599983215332,60.95000076293945,60.70000076293945,60.79999923706055,22052,0.0,0.0
2023-05-05 10:30:00-04:00,60.7599983215332,60.869998931884766,60.7599983215332,60.849998474121094,14648,0.0,0.0
2023-05-05 11:30:00-04:00,60.85499954223633,60.869998931884766,60.709999084472656,60.7400016784668,12240,0.0,0.0
2023-05-05 12:30:00-04:00,60.72999954223633,60.7400016784668,60.654998779296875,60.71500015258789,13365,0.0,0.0
2023-05-05 13:30:00-04:00,60.709999084472656,60.81999969482422,60.709999084472656,60.81999969482422,13183,0.0,0.0
2023-05-05 14:30:00-04:00,60.810001373291016,60.900001525878906,60.790000915527344,60.88999938964844,18566,0.0,0.0
2023-05-05 15:30:00-04:00,60.8849983215332,60.8849983215332,60.72999954223633,60.779998779296875,48082,0.0,0.0
2023-05-08 09:30:00-04:00,60.560001373291016,60.709999084472656,60.3849983215332,60.5,0,0.0,0.0
2023-05-08 10:30:00-04:00,60.5,60.619998931884766,60.40999984741211,60.5099983215332,36711,0.0,0.0
2023-05-08 11:30:00-04:00,60.525001525878906,60.63999938964844,60.41999816894531,60.53499984741211,34039,0.0,0.0
2023-05-08 12:30:00-04:00,60.52000045776367,60.540000915527344,60.40999984741211,60.45000076293945,24215,0.0,0.0
2023-05-08 13:30:00-04:00,60.46500015258789,60.46500015258789,60.33000183105469,60.33000183105469,23273,0.0,0.0
2023-05-08 14:30:00-04:00,60.31999969482422,60.45000076293945,60.31999969482422,60.36000061035156,20210,0.0,0.0
2023-05-08 15:30:00-04:00,60.38999938964844,60.45000076293945,60.36000061035156,60.44499969482422,54501,0.0,0.0
2023-05-09 09:30:00-04:00,60.540000915527344,60.744998931884766,60.400001525878906,60.744998931884766,0,0.0,0.0
2023-05-09 10:30:00-04:00,60.720001220703125,60.7400016784668,60.630001068115234,60.72999954223633,23912,0.0,0.0
2023-05-09 11:30:00-04:00,60.720001220703125,60.75,60.65999984741211,60.69499969482422,38822,0.0,0.0
2023-05-09 12:30:00-04:00,60.70000076293945,60.70000076293945,60.439998626708984,60.52000045776367,32454,0.0,0.0
2023-05-09 13:30:00-04:00,60.52000045776367,60.534000396728516,60.43000030517578,60.45000076293945,29328,0.0,0.0
2023-05-09 14:30:00-04:00,60.43000030517578,60.5099983215332,60.400001525878906,60.470001220703125,31609,0.0,0.0
2023-05-09 15:30:00-04:00,60.439998626708984,60.47999954223633,60.290000915527344,60.36000061035156,54609,0.0,0.0
2023-05-10 09:30:00-04:00,57.79999923706055,57.810001373291016,56.5,56.7400016784668,108354,0.0,0.0
2023-05-10 10:30:00-04:00,56.75,56.935001373291016,56.5,56.665000915527344,63578,0.0,0.0
2023-05-10 11:30:00-04:00,56.65999984741211,57.47999954223633,56.65999984741211,57.47999954223633,64760,0.0,0.0
2023-05-10 12:30:00-04:00,57.470001220703125,58.0099983215332,57.34000015258789,57.709999084472656,77124,0.0,0.0
2023-05-10 13:30:00-04:00,57.599998474121094,58.13999938964844,57.599998474121094,58.09000015258789,58367,0.0,0.0
2023-05-10 14:30:00-04:00,58.099998474121094,58.599998474121094,58.099998474121094,58.540000915527344,33043,0.0,0.0
2023-05-10 15:30:00-04:00,58.540000915527344,58.689998626708984,58.40999984741211,58.56999969482422,62360,0.0,0.0
2023-05-11 09:30:00-04:00,55.5099983215332,55.720001220703125,55.11000061035156,55.45000076293945,58789,0.0,0.0
2023-05-11 10:30:00-04:00,55.41999816894531,55.529998779296875,55.06999969482422,55.06999969482422,56496,0.0,0.0
2023-05-11 11:30:00-04:00,55.029998779296875,55.08000183105469,54.869998931884766,55.04999923706055,42758,0.0,0.0
2023-05-11 12:30:00-04:00,55.03499984741211,55.13999938964844,55.0099983215332,55.040000915527344,44880,0.0,0.0
2023-05-11 13:30:00-04:00,55.029998779296875,55.15999984741211,54.81999969482422,54.880001068115234,81164,0.0,0.0
2023-05-11 14:30:00-04:00,54.88999938964844,54.93000030517578,54.86000061035156,54.90999984741211,57097,0.0,0.0
2023-05-11 15:30:00-04:00,54.90999984741211,54.93000030517578,54.75,54.779998779296875,131185,0.0,0.0
2023-05-12 09:30:00-04:00,54.439998626708984,54.959999084472656,54.314998626708984,54.58000183105469,54840,0.0,0.0
2023-05-12 10:30:00-04:00,54.58000183105469,54.58000183105469,54.060001373291016,54.099998474121094,56634,0.0,0.0
2023-05-12 11:30:00-04:00,54.099998474121094,54.22999954223633,54.0,54.11000061035156,158191,0.0,0.0
2023-05-12 12:30:00-04:00,54.08000183105469,54.36000061035156,54.08000183105469,54.27000045776367,50719,0.0,0.0
2023-05-12 13:30:00-04:00,54.2400016784668,54.310001373291016,54.07500076293945,54.310001373291016,35972,0.0,0.0
2023-05-12 14:30:00-04:00,54.310001373291016,54.40999984741211,54.25,54.40999984741211,23290,0.0,0.0
2023-05-12 15:30:00-04:00,54.45000076293945,54.58000183105469,54.36000061035156,54.470001220703125,70487,0.0,0.0
2023-05-15 09:30:00-04:00,54.9900016784668,55.2599983215332,54.849998474121094,55.18000030517578,24623,0.0,0.0
2023-05-15 10:30:00-04:00,55.20109939575195,55.20109939575195,54.91999816894531,54.97999954223633,21089,0.0,0.0
2023-05-15 11:30:00-04:00,55.0,55.0,54.81999969482422,54.86000061035156,31607,0.0,0.0
2023-05-15 12:30:00-04:00,54.8650016784668,55.150001525878906,54.79999923706055,55.04999923706055,23380,0.0,0.0
2023-05-15 13:30:00-04:00,55.03499984741211,55.18000030517578,54.935001373291016,55.15999984741211,27654,0.0,0.0
2023-05-15 14:30:00-04:00,55.18000030517578,55.310001373291016,55.13999938964844,55.279998779296875,37083,0.0,0.0
2023-05-15 15:30:00-04:00,55.290000915527344,55.36000061035156,55.2599983215332,55.310001373291016,80239,0.0,0.0
2023-05-16 09:30:00-04:00,55.09000015258789,55.09000015258789,54.83000183105469,54.95500183105469,15214,0.0,0.0
2023-05-16 10:30:00-04:00,54.97999954223633,55.119998931884766,54.845001220703125,55.1150016784668,19275,0.0,0.0
2023-05-16 11:30:00-04:00,55.099998474121094,55.18000030517578,55.06999969482422,55.150001525878906,19803,0.0,0.0
2023-05-16 12:30:00-04:00,55.13999938964844,55.15999984741211,55.06999969482422,55.099998474121094,18732,0.0,0.0
2023-05-16 13:30:00-04:00,55.119998931884766,55.16999816894531,55.05149841308594,55.09000015258789,28812,0.0,0.0
2023-05-16 14:30:00-04:00,55.06999969482422,55.18000030517578,55.040000915527344,55.04999923706055,43290,0.0,0.0
2023-05-16 15:30:00-04:00,55.05500030517578,55.15999984741211,55.029998779296875,55.15999984741211,66499,0.0,0.0
2023-05-17 09:30:00-04:00,54.7599983215332,54.790000915527344,54.470001220703125,54.52000045776367,13960,0.0,0.0
2023-05-17 10:30:00-04:00,54.52000045776367,54.529998779296875,54.380001068115234,54.45000076293945,18871,0.0,0.0
2023-05-17 11:30:00-04:00,54.45000076293945,54.5099983215332,54.349998474121094,54.5099983215332,15985,0.0,0.0
2023-05-17 12:30:00-04:00,54.5,54.57500076293945,54.459999084472656,54.540000915527344,15806,0.0,0.0
2023-05-17 13:30:00-04:00,54.540000915527344,54.61000061035156,54.5,54.5,8561,0.0,0.0
2023-05-17 14:30:00-04:00,54.47999954223633,54.525001525878906,54.45000076293945,54.45000076293945,9293,0.0,0.0
2023-05-17 15:30:00-04:00,54.439998626708984,54.63999938964844,54.40999984741211,54.61000061035156,36380,0.0,0.0
2023-05-18 09:30:00-04:00,53.86000061035156,53.86000061035156,53.619998931884766,53.76499938964844,21805,0.0,0.0
2023-05-18 10:30:00-04:00,53.71500015258789,53.790000915527344,53.650001525878906,53.68000030517578,13336,0.0,0.0
2023-05-18 11:30:00-04:00,53.654998779296875,53.68000030517578,53.38999938964844,53.38999938964844,17498,0.0,0.0
2023-05-18 12:30:00-04:00,53.40999984741211,53.45000076293945,53.119998931884766,53.27000045776367,40098,0.0,0.0
2023-05-18 13:30:00-04:00,53.279998779296875,53.279998779296875,53.220001220703125,53.275001525878906,23108,0.0,0.0
2023-05-18 14:30:00-04:00,53.25,53.31999969482422,53.209999084472656,53.279998779296875,32103,0.0,0.0
2023-05-18 15:30:00-04:00,53.290000915527344,53.45000076293945,53.279998779296875,53.349998474121094,60048,0.0,0.0
2023-05-19 09:30:00-04:00,53.47999954223633,53.709999084472656,53.209999084472656,53.63999938964844,102102,0.0,0.0
2023-05-19 10:30:00-04:00,53.6349983215332,53.72249984741211,53.4900016784668,53.4900016784668,60075,0.0,0.0
2023-05-19 11:30:00-04:00,53.4900016784668,53.4900016784668,53.349998474121094,53.41999816894531,23172,0.0,0.0
2023-05-19 12:30:00-04:00,53.40999984741211,53.5099983215332,53.2599983215332,53.31999969482422,24449,0.0,0.0
2023-05-19 13:30:00-04:00,53.22999954223633,53.38999938964844,53.130001068115234,53.28499984741211,30025,0.0,0.0
2023-05-19 14:30:00-04:00,53.27000045776367,53.650001525878906,53.2599983215332,53.540000915527344,50877,0.0,0.0
2023-05-19 15:30:00-04:00,53.529998779296875,53.61000061035156,53.439998626708984,53.459999084472656,63672,0.0,0.0
2023-05-22 09:30:00-04:00,53.97999954223633,54.45000076293945,53.97999954223633,54.275001525878906,19361,0.0,0.0
2023-05-22 10:30:00-04:00,54.310001373291016,54.310001373291016,54.13999938964844,54.21500015258789,12185,0.0,0.0
2023-05-22 11:30:00-04:00,54.21500015258789,54.29999923706055,54.13059997558594,54.150001525878906,16733,0.0,0.0
2023-05-22 12:30:00-04:00,54.150001525878906,54.279998779296875,54.130001068115234,54.252498626708984,11995,0.0,0.0
2023-05-22 13:30:00-04:00,54.310001373291016,54.310001373291016,54.20000076293945,54.22999954223633,12046,0.0,0.0
2023-05-22 14:30:00-04:00,54.2599983215332,54.29999923706055,54.150001525878906,54.15999984741211,17098,0.0,0.0
2023-05-22 15:30:00-04:00,54.16999816894531,54.25,54.099998474121094,54.11000061035156,59536,0.0,0.0
2023-05-23 09:30:00-04:00,54.279998779296875,54.36000061035156,53.91999816894531,54.11000061035156,0,0.0,0.0
2023-05-23 10:30:00-04:00,54.11000061035156,54.25,53.9900016784668,54.18000030517578,30389,0.0,0.0
2023-05-23 11:30:00-04:00,54.18000030517578,54.22999954223633,54.04010009765625,54.154998779296875,19952,0.0,0.0
2023-05-23 12:30:00-04:00,54.18000030517578,54.20000076293945,54.000099182128906,54.03499984741211,15119,0.0,0.0
2023-05-23 13:30:00-04:00,53.97999954223633,54.08000183105469,53.904998779296875,53.959999084472656,14091,0.0,0.0
2023-05-23 14:30:00-04:00,53.93000030517578,53.9900016784668,53.880001068115234,53.90999984741211,18496,0.0,0.0
2023-05-23 15:30:00-04:00,53.915000915527344,54.099998474121094,53.915000915527344,54.08000183105469,69313,0.0,0.0
2023-05-24 09:30:00-04:00,54.810001373291016,54.869998931884766,54.43000030517578,54.61000061035156,26196,0.0,0.0
2023-05-24 10:30:00-04:00,54.619998931884766,54.65999984741211,54.52000045776367,54.63999938964844,25843,0.0,0.0
2023-05-24 11:30:00-04:00,54.61000061035156,54.650001525878906,54.42499923706055,54.439998626708984,16871,0.0,0.0
2023-05-24 12:30:00-04:00,54.41999816894531,54.619998931884766,54.41999816894531,54.59000015258789,13415,0.0,0.0
2023-05-24 13:30:00-04:00,54.599998474121094,54.63999938964844,54.52000045776367,54.61000061035156,16785,0.0,0.0
2023-05-24 14:30:00-04:00,54.61000061035156,54.689998626708984,54.5099983215332,54.56999969482422,20088,0.0,0.0
2023-05-24 15:30:00-04:00,54.58000183105469,54.77000045776367,54.58000183105469,54.72999954223633,52005,0.0,0.0
2023-05-25 09:30:00-04:00,54.529998779296875,55.119998931884766,54.21500015258789,54.2400016784668,14696,0.0,0.0
2023-05-25 10:30:00-04:00,54.15999984741211,54.310001373291016,54.150001525878906,54.27000045776367,10347,0.0,0.0
2023-05-25 11:30:00-04:00,54.2400016784668,54.2400016784668,54.150001525878906,54.209999084472656,9943,0.0,0.0
2023-05-25 12:30:00-04:00,54.20000076293945,54.38999938964844,54.154998779296875,54.38999938964844,13408,0.0,0.0
2023-05-25 13:30:00-04:00,54.34000015258789,54.48500061035156,54.33000183105469,54.415000915527344,10606,0.0,0.0
2023-05-25 14:30:00-04:00,54.38999938964844,54.47999954223633,54.33000183105469,54.47999954223633,8209,0.0,0.0
2023-05-25 15:30:00-04:00,54.459999084472656,54.5,54.310001373291016,54.459999084472656,36144,0.0,0.0
2023-05-26 09:30:00-04:00,54.75,54.970001220703125,54.70000076293945,54.8650016784668,35449,0.0,0.0
2023-05-26 10:30:00-04:00,54.880001068115234,54.93000030517578,54.66999816894531,54.7400016784668,25510,0.0,0.0
2023-05-26 11:30:00-04:00,54.7400016784668,54.790000915527344,54.650001525878906,54.650001525878906,24364,0.0,0.0
2023-05-26 12:30:00-04:00,54.66999816894531,54.66999816894531,54.560001373291016,54.570499420166016,47497,0.0,0.0
2023-05-26 13:30:00-04:00,54.599998474121094,54.630001068115234,54.36000061035156,54.380001068115234,53455,0.0,0.0
2023-05-26 14:30:00-04:00,54.3843994140625,54.619998931884766,54.3843994140625,54.56999969482422,24133,0.0,0.0
2023-05-26 15:30:00-04:00,54.58000183105469,54.619998931884766,54.4900016784668,54.52000045776367,61066,0.0,0.0
2023-05-30 09:30:00-04:00,54.16999816894531,54.34000015258789,54.099998474121094,54.310001373291016,13370,0.0,0.0
2023-05-30 10:30:00-04:00,54.31999969482422,54.369998931884766,54.029998779296875,54.16999816894531,8215,0.0,0.0
2023-05-30 11:30:00-04:00,54.16999816894531,54.279998779296875,54.099998474121094,54.1150016784668,21741,0.0,0.0
2023-05-30 12:30:00-04:00,54.099998474121094,54.189998626708984,54.099998474121094,54.154998779296875,29561,0.0,0.0
2023-05-30 13:30:00-04:00,54.13999938964844,54.369998931884766,54.119998931884766,54.369998931884766,20817,0.0,0.0
2023-05-30 14:30:00-04:00,54.380001068115234,54.439998626708984,54.29999923706055,54.38999938964844,18863,0.0,0.0
2023-05-30 15:30:00-04:00,54.38999938964844,54.56999969482422,54.375,54.5099983215332,44808,0.0,0.0
2023-05-31 09:30:00-04:00,54.47999954223633,54.810001373291016,54.47999954223633,54.79999923706055,0,0.0,0.0
2023-05-31 10:30:00-04:00,54.72999954223633,54.939998626708984,54.689998626708984,54.86949920654297,21070,0.0,0.0
2023-05-31 11:30:00-04:00,54.869998931884766,54.88999938964844,54.76499938964844,54.779998779296875,18075,0.0,0.0
2023-05-31 12:30:00-04:00,54.810001373291016,54.880001068115234,54.779998779296875,54.869998931884766,11540,0.0,0.0
2023-05-31 13:30:00-04:00,54.880001068115234,55.13999938964844,54.880001068115234,55.06999969482422,19386,0.0,0.0
2023-05-31 14:30:00-04:00,55.08000183105469,55.154998779296875,55.029998779296875,55.060001373291016,31417,0.0,0.0
2023-05-31 15:30:00-04:00,55.060001373291016,55.25,55.025001525878906,55.22999954223633,101023,0.0,0.0
2023-06-01 09:30:00-04:00,56.09000015258789,56.20000076293945,55.75,55.95000076293945,38353,0.0,0.0
2023-06-01 10:30:00-04:00,55.959999084472656,56.150001525878906,55.95000076293945,56.02000045776367,65873,0.0,0.0
2023-06-01 11:30:00-04:00,56.029998779296875,56.20000076293945,55.9900016784668,56.040000915527344,25012,0.0,0.0
2023-06-01 12:30:00-04:00,56.01499938964844,56.11000061035156,55.79999923706055,55.82500076293945,28170,0.0,0.0
2023-06-01 13:30:00-04:00,55.810001373291016,55.86000061035156,55.72999954223633,55.77000045776367,28186,0.0,0.0
2023-06-01 14:30:00-04:00,55.81809997558594,55.869998931884766,55.70000076293945,55.70000076293945,23661,0.0,0.0
2023-06-01 15:30:00-04:00,55.709999084472656,55.84000015258789,55.685001373291016,55.84000015258789,39556,0.0,0.0
2023-06-02 09:30:00-04:00,56.31999969482422,56.529998779296875,56.279998779296875,56.290000915527344,23307,0.0,0.0
2023-06-02 10:30:00-04:00,56.28499984741211,56.470001220703125,56.28499984741211,56.380001068115234,21705,0.0,0.0
2023-06-02 11:30:00-04:00,56.40999984741211,56.529998779296875,56.31999969482422,56.525001525878906,15235,0.0,0.0
2023-06-02 12:30:00-04:00,56.54499816894531,56.54499816894531,56.45000076293945,56.470001220703125,15262,0.0,0.0
2023-06-02 13:30:00-04:00,56.5,56.689998626708984,56.470001220703125,56.689998626708984,14512,0.0,0.0
2023-06-02 14:30:00-04:00,56.689998626708984,56.709999084472656,56.560001373291016,56.61000061035156,21965,0.0,0.0
2023-06-02 15:30:00-04:00,56.61000061035156,56.810001373291016,56.560001373291016,56.709999084472656,51819,0.0,0.0
2023-06-05 09:30:00-04:00,56.27000045776367,56.40999984741211,56.040000915527344,56.38999938964844,18105,0.0,0.0
2023-06-05 10:30:00-04:00,56.34000015258789,56.34000015258789,56.16999816894531,56.31999969482422,26085,0.0,0.0
2023-06-05 11:30:00-04:00,56.36000061035156,56.400001525878906,56.22999954223633,56.33000183105469,25422,0.0,0.0
2023-06-05 12:30:00-04:00,56.29999923706055,56.459999084472656,56.2599983215332,56.27000045776367,29172,0.0,0.0
2023-06-05 13:30:00-04:00,56.2599983215332,56.38999938964844,56.2599983215332,56.34000015258789,23878,0.0,0.0
2023-06-05 14:30:00-04:00,56.29999923706055,56.33000183105469,56.189998626708984,56.22999954223633,26545,0.0,0.0
2023-06-05 15:30:00-04:00,56.279998779296875,56.41999816894531,56.22999954223633,56.41999816894531,34630,0.0,0.0
2023-06-06 09:30:00-04:00,56.709999084472656,56.779998779296875,56.43000030517578,56.529998779296875,15377,0.0,0.0
2023-06-06 10:30:00-04:00,56.529998779296875,56.63999938964844,56.52000045776367,56.560001373291016,15083,0.0,0.0
2023-06-06 11:30:00-04:00,56.560001373291016,56.560001373291016,56.45000076293945,56.5,11700,0.0,0.0
2023-06-06 12:30:00-04:00,56.5099983215332,56.53799819946289,56.43000030517578,56.459999084472656,12359,0.0,0.0
2023-06-06 13:30:00-04:00,56.40999984741211,56.689998626708984,56.40999984741211,56.630001068115234,16493,0.0,0.0
2023-06-06 14:30:00-04:00,56.650001525878906,56.7400016784668,56.62889862060547,56.62889862060547,22826,0.0,0.0
2023-06-06 15:30:00-04:00,56.63999938964844,56.7400016784668,56.619998931884766,56.7400016784668,72618,0.0,0.0
2023-06-07 09:30:00-04:00,57.119998931884766,57.400001525878906,56.90999984741211,56.93000030517578,23230,0.0,0.0
2023-06-07 10:30:00-04:00,56.93000030517578,56.959999084472656,56.88999938964844,56.93000030517578,20547,0.0,0.0
2023-06-07 11:30:00-04:00,56.959999084472656,57.1161994934082,56.88999938964844,57.1161994934082,17632,0.0,0.0
2023-06-07 12:30:00-04:00,57.150001525878906,57.150001525878906,56.97999954223633,57.060001373291016,19719,0.0,0.0
2023-06-07 13:30:00-04:00,57.08000183105469,57.16999816894531,57.0,57.099998474121094,24417,0.0,0.0
2023-06-07 14:30:00-04:00,57.119998931884766,57.2599983215332,57.09000015258789,57.220001220703125,35083,0.0,0.0
2023-06-07 15:30:00-04:00,57.220001220703125,57.25,56.970001220703125,57.040000915527344,76729,0.0,0.0
2023-06-08 09:30:00-04:00,56.91999816894531,56.91999816894531,56.6349983215332,56.83000183105469,25010,0.0,0.0
2023-06-08 10:30:00-04:00,56.88999938964844,56.89500045776367,56.779998779296875,56.790000915527344,18731,0.0,0.0
2023-06-08 11:30:00-04:00,56.775001525878906,57.0,56.7599983215332,57.0,16616,0.0,0.0
2023-06-08 12:30:00-04:00,57.0,57.04999923706055,56.90999984741211,57.029998779296875,18564,0.0,0.0
2023-06-08 13:30:00-04:00,57.03499984741211,57.03499984741211,56.970001220703125,56.9900016784668,14664,0.0,0.0
2023-06-08 14:30:00-04:00,57.029998779296875,57.04499816894531,56.970001220703125,56.970001220703125,21238,0.0,0.0
2023-06-08 15:30:00-04:00,56.970001220703125,56.9900016784668,56.95000076293945,56.97999954223633,61954,0.0,0.0
2023-06-09 09:30:00-04:00,56.790000915527344,57.060001373291016,56.45000076293945,56.869998931884766,18749,0.0,0.0
2023-06-09 10:30:00-04:00,56.900001525878906,56.900001525878906,56.84000015258789,56.84000015258789,11256,0.0,0.0
2023-06-09 11:30:00-04:00,56.86000061035156,56.93000030517578,56.84000015258789,56.900001525878906,15312,0.0,0.0
2023-06-09 12:30:00-04:00,56.900001525878906,57.0099983215332,56.900001525878906,57.0099983215332,11631,0.0,0.0
2023-06-09 13:30:00-04:00,57.02000045776367,57.04999923706055,56.9900016784668,57.040000915527344,9903,0.0,0.0
2023-06-09 14:30:00-04:00,57.02000045776367,57.09000015258789,57.0,57.060001373291016,12793,0.0,0.0
2023-06-09 15:30:00-04:00,57.06999969482422,57.25,57.06999969482422,57.25,34239,0.0,0.0
2023-06-12 09:30:00-04:00,57.060001373291016,57.060001373291016,56.80500030517578,56.959999084472656,0,0.0,0.0
2023-06-12 10:30:00-04:00,56.9900016784668,57.029998779296875,56.959999084472656,57.0099983215332,10656,0.0,0.0
2023-06-12 11:30:00-04:00,57.0,57.060001373291016,56.98500061035156,57.02000045776367,11130,0.0,0.0
2023-06-12 12:30:00-04:00,57.040000915527344,57.09000015258789,56.970001220703125,56.970001220703125,11195,0.0,0.0
2023-06-12 13:30:00-04:00,56.88999938964844,57.02000045776367,56.86000061035156,57.02000045776367,10485,0.0,0.0
2023-06-12 14:30:00-04:00,57.040000915527344,57.09000015258789,57.0099983215332,57.084999084472656,15888,0.0,0.0
2023-06-12 15:30:00-04:00,57.08000183105469,57.15999984741211,56.93000030517578,56.970001220703125,38896,0.0,0.0
2023-06-13 09:30:00-04:00,57.400001525878906,57.7599983215332,57.400001525878906,57.56999969482422,12410,0.0,0.0
2023-06-13 10:30:00-04:00,57.595001220703125,57.70000076293945,57.540000915527344,57.56999969482422,13593,0.0,0.0
2023-06-13 11:30:00-04:00,57.59000015258789,57.59000015258789,57.4900016784668,57.55500030517578,8404,0.0,0.0
2023-06-13 12:30:00-04:00,57.560001373291016,57.58000183105469,57.486900329589844,57.56999969482422,9503,0.0,0.0
2023-06-13 13:30:00-04:00,57.56010055541992,57.56999969482422,57.5,57.5099983215332,10029,0.0,0.0
2023-06-13 14:30:00-04:00,57.5099983215332,57.630001068115234,57.5099983215332,57.54999923706055,11313,0.0,0.0
2023-06-13 15:30:00-04:00,57.54999923706055,57.79999923706055,57.540000915527344,57.790000915527344,43317,0.0,0.0
2023-06-14 09:30:00-04:00,57.619998931884766,57.91999816894531,57.58000183105469,57.89500045776367,15036,0.0,0.0
2023-06-14 10:30:00-04:00,57.880001068115234,58.060001373291016,57.875,57.959999084472656,74549,0.0,0.0
2023-06-14 11:30:00-04:00,57.939998626708984,57.95000076293945,57.875,57.91999816894531,22222,0.0,0.0
2023-06-14 12:30:00-04:00,57.95000076293945,57.959999084472656,57.86000061035156,57.880001068115234,16400,0.0,0.0
2023-06-14 13:30:00-04:00,57.88999938964844,57.900001525878906,57.650001525878906,57.66999816894531,23017,0.0,0.0
2023-06-14 14:30:00-04:00,57.67499923706055,57.93000030517578,57.654998779296875,57.83000183105469,79914,0.0,0.0
2023-06-14 15:30:00-04:00,57.81999969482422,57.84000015258789,57.68000030517578,57.709999084472656,38973,0.0,0.0
2023-06-15 09:30:00-04:00,58.529998779296875,58.95000076293945,58.4900016784668,58.939998626708984,35219,0.0,0.0
2023-06-15 10:30:00-04:00,58.987998962402344,59.22999954223633,58.977500915527344,59.191001892089844,12218,0.0,0.0
2023-06-15 11:30:00-04:00,59.18000030517578,59.209999084472656,59.08000183105469,59.13999938964844,10208,0.0,0.0
2023-06-15 12:30:00-04:00,59.130001068115234,59.209999084472656,59.06999969482422,59.189998626708984,11892,0.0,0.0
2023-06-15 13:30:00-04:00,59.19499969482422,59.4900016784668,59.19499969482422,59.349998474121094,51315,0.0,0.0
2023-06-15 14:30:00-04:00,59.349998474121094,59.52000045776367,59.34000015258789,59.45000076293945,36889,0.0,0.0
2023-06-15 15:30:00-04:00,59.439998626708984,59.4900016784668,59.380001068115234,59.400001525878906,44865,0.0,0.0
2023-06-16 09:30:00-04:00,60.27000045776367,60.27000045776367,59.93000030517578,59.959999084472656,28084,0.0,0.0
2023-06-16 10:30:00-04:00,59.98500061035156,60.0,59.730499267578125,59.900001525878906,35689,0.0,0.0
2023-06-16 11:30:00-04:00,59.90800094604492,60.04999923706055,59.86000061035156,60.04999923706055,19177,0.0,0.0
2023-06-16 12:30:00-04:00,60.05099868774414,60.060001373291016,59.95000076293945,59.98500061035156,16188,0.0,0.0
2023-06-16 13:30:00-04:00,59.935001373291016,60.099998474121094,59.935001373291016,60.09000015258789,14396,0.0,0.0
2023-06-16 14:30:00-04:00,60.09000015258789,60.11000061035156,60.02000045776367,60.04999923706055,32590,0.0,0.0
2023-06-16 15:30:00-04:00,60.040000915527344,60.279998779296875,60.040000915527344,60.27000045776367,76057,0.0,0.0
2023-06-20 09:30:00-04:00,60.220001220703125,60.38999938964844,60.220001220703125,60.2599983215332,17873,0.0,0.0
2023-06-20 10:30:00-04:00,60.2599983215332,60.45000076293945,60.2599983215332,60.439998626708984,18186,0.0,0.0
2023-06-20 11:30:00-04:00,60.439998626708984,60.540000915527344,60.380001068115234,60.43000030517578,28799,0.0,0.0
2023-06-20 12:30:00-04:00,60.43000030517578,60.540000915527344,60.404998779296875,60.53499984741211,14904,0.0,0.0
2023-06-20 13:30:00-04:00,60.54999923706055,60.58000183105469,60.45000076293945,60.459999084472656,16040,0.0,0.0
2023-06-20 14:30:00-04:00,60.459999084472656,60.470001220703125,60.35499954223633,60.36000061035156,49725,0.0,0.0
2023-06-20 15:30:00-04:00,60.36000061035156,60.40999984741211,60.27000045776367,60.40999984741211,57760,0.0,0.0
2023-06-21 09:30:00-04:00,60.189998626708984,60.22999954223633,59.91999816894531,60.09000015258789,10169,0.0,0.0
2023-06-21 10:30:00-04:00,60.099998474121094,60.119998931884766,59.970001220703125,59.98500061035156,9199,0.0,0.0
2023-06-21 11:30:00-04:00,59.97999954223633,59.97999954223633,59.849998474121094,59.95000076293945,16472,0.0,0.0
2023-06-21 12:30:00-04:00,59.95000076293945,60.16999816894531,59.90999984741211,60.130001068115234,24279,0.0,0.0
2023-06-21 13:30:00-04:00,60.13999938964844,60.470001220703125,60.130001068115234,60.470001220703125,36623,0.0,0.0
2023-06-21 14:30:00-04:00,60.470001220703125,60.5,60.36000061035156,60.39500045776367,22587,0.0,0.0
2023-06-21 15:30:00-04:00,60.38999938964844,60.709999084472656,60.380001068115234,60.68000030517578,91315,0.0,0.0
2023-06-22 09:30:00-04:00,60.34000015258789,60.56999969482422,60.099998474121094,60.36000061035156,66179,0.0,0.0
2023-06-22 10:30:00-04:00,60.3849983215332,60.43000030517578,60.290000915527344,60.290000915527344,25099,0.0,0.0
2023-06-22 11:30:00-04:00,60.2599983215332,60.540000915527344,60.2599983215332,60.5099983215332,18683,0.0,0.0
2023-06-22 12:30:00-04:00,60.52799987792969,60.540000915527344,60.439998626708984,60.47999954223633,20247,0.0,0.0
2023-06-22 13:30:00-04:00,60.4900016784668,60.540000915527344,60.459999084472656,60.5099983215332,28096,0.0,0.0
2023-06-22 14:30:00-04:00,60.529998779296875,60.70000076293945,60.5099983215332,60.599998474121094,42389,0.0,0.0
2023-06-22 15:30:00-04:00,60.59000015258789,60.61000061035156,60.43000030517578,60.540000915527344,48106,0.0,0.0
2023-06-23 09:30:00-04:00,61.45000076293945,61.529998779296875,60.97999954223633,61.0,34179,0.0,0.0
2023-06-23 10:30:00-04:00,61.0099983215332,61.079898834228516,60.880001068115234,60.880001068115234,7007,0.0,0.0
2023-06-23 11:30:00-04:00,60.88999938964844,61.060001373291016,60.83789825439453,61.03499984741211,16371,0.0,0.0
2023-06-23 12:30:00-04:00,61.029998779296875,61.09000015258789,61.0,61.09000015258789,12083,0.0,0.0
2023-06-23 13:30:00-04:00,61.02000045776367,61.150001525878906,61.02000045776367,61.06999969482422,12261,0.0,0.0
2023-06-23 14:30:00-04:00,61.060001373291016,61.060001373291016,60.939998626708984,60.939998626708984,15295,0.0,0.0
2023-06-23 15:30:00-04:00,60.959999084472656,61.04999923706055,60.95000076293945,60.9900016784668,41922,0.0,0.0
2023-06-26 09:30:00-04:00,61.61000061035156,61.720001220703125,61.25,61.41999816894531,50793,0.0,0.0
2023-06-26 10:30:00-04:00,61.459999084472656,61.630001068115234,61.310001373291016,61.5099983215332,26480,0.0,0.0
2023-06-26 11:30:00-04:00,61.5,61.54999923706055,61.41999816894531,61.54610061645508,23099,0.0,0.0
2023-06-26 12:30:00-04:00,61.52000045776367,61.66999816894531,61.470001220703125,61.61000061035156,19095,0.0,0.0
2023-06-26 13:30:00-04:00,61.61000061035156,61.68000030517578,61.47999954223633,61.525001525878906,22378,0.0,0.0
2023-06-26 14:30:00-04:00,61.529998779296875,61.54999923706055,61.459999084472656,61.459999084472656,22075,0.0,0.0
2023-06-26 15:30:00-04:00,61.470001220703125,61.51499938964844,61.40999984741211,61.43000030517578,44833,0.0,0.0
2023-06-27 09:30:00-04:00,61.439998626708984,61.47999954223633,61.2599983215332,61.47999954223633,15837,0.0,0.0
2023-06-27 10:30:00-04:00,61.45000076293945,61.58000183105469,61.375,61.400001525878906,16409,0.0,0.0
2023-06-27 11:30:00-04:00,61.3849983215332,61.54999923706055,61.3849983215332,61.459999084472656,17035,0.0,0.0
2023-06-27 12:30:00-04:00,61.43000030517578,61.505001068115234,61.41999816894531,61.505001068115234,16557,0.0,0.0
2023-06-27 13:30:00-04:00,61.529998779296875,61.529998779296875,61.41999816894531,61.41999816894531,11351,0.0,0.0
2023-06-27 14:30:00-04:00,61.41999816894531,61.41999816894531,61.290000915527344,61.400001525878906,13135,0.0,0.0
2023-06-27 15:30:00-04:00,61.400001525878906,61.439998626708984,61.34000015258789,61.34000015258789,34514,0.0,0.0
2023-06-28 09:30:00-04:00,62.06999969482422,62.26499938964844,61.994998931884766,62.08000183105469,32732,0.0,0.0
2023-06-28 10:30:00-04:00,62.119998931884766,62.25,62.04499816894531,62.25,15719,0.0,0.0
2023-06-28 11:30:00-04:00,62.279998779296875,62.349998474121094,62.25,62.314998626708984,18745,0.0,0.0
2023-06-28 12:30:00-04:00,62.310001373291016,62.400001525878906,62.29999923706055,62.310001373291016,14832,0.0,0.0
2023-06-28 13:30:00-04:00,62.31999969482422,62.36000061035156,62.2400016784668,62.255001068115234,13082,0.0,0.0
2023-06-28 14:30:00-04:00,62.255001068115234,62.314998626708984,62.22999954223633,62.2599983215332,11151,0.0,0.0
2023-06-28 15:30:00-04:00,62.2599983215332,62.40999984741211,62.220001220703125,62.40999984741211,26138,0.0,0.0
2023-06-29 09:30:00-04:00,62.40999984741211,62.560001373291016,62.15999984741211,62.4900016784668,13697,0.0,0.0
2023-06-29 10:30:00-04:00,62.4900016784668,62.69499969482422,62.470001220703125,62.650001525878906,11041,0.0,0.0
2023-06-29 11:30:00-04:00,62.66379928588867,62.69499969482422,62.560001373291016,62.560001373291016,13555,0.0,0.0
2023-06-29 12:30:00-04:00,62.59000015258789,62.650001525878906,62.560001373291016,62.560001373291016,7428,0.0,0.0
2023-06-29 13:30:00-04:00,62.619998931884766,62.650001525878906,62.560001373291016,62.650001525878906,5872,0.0,0.0
2023-06-29 14:30:00-04:00,62.650001525878906,62.72700119018555,62.619998931884766,62.720001220703125,11784,0.0,0.0
2023-06-29 15:30:00-04:00,62.709999084472656,62.7400016784668,62.650001525878906,62.650001525878906,22600,0.0,0.0
2023-06-30 09:30:00-04:00,63.27000045776367,63.27000045776367,62.7400016784668,63.08000183105469,0,0.0,0.0
2023-06-30 10:30:00-04:00,63.060001373291016,63.099998474121094,62.900001525878906,63.029998779296875,8959,0.0,0.0
2023-06-30 11:30:00-04:00,63.0,63.06999969482422,63.0,63.04999923706055,4687,0.0,0.0
2023-06-30 12:30:00-04:00,63.084999084472656,63.19990158081055,63.060001373291016,63.16999816894531,8877,0.0,0.0
2023-06-30 13:30:00-04:00,63.185001373291016,63.29999923706055,63.18000030517578,63.29999923706055,7762,0.0,0.0
2023-06-30 14:30:00-04:00,63.27000045776367,63.31999969482422,63.150001525878906,63.150001525878906,12251,0.0,0.0
2023-06-30 15:30:00-04:00,63.150001525878906,63.162498474121094,63.040000915527344,63.11000061035156,31459,0.0,0.0
2023-07-03 09:30:00-04:00,62.7400016784668,62.869998931884766,62.33000183105469,62.415000915527344,27173,0.0,0.0
2023-07-03 10:30:00-04:00,62.435001373291016,62.560001373291016,62.310001373291016,62.31999969482422,32440,0.0,0.0
2023-07-03 11:30:00-04:00,62.34000015258789,62.5,62.27000045776367,62.47999954223633,47852,0.0,0.0
2023-07-05 09:30:00-04:00,62.7599983215332,63.20000076293945,62.66999816894531,63.04999923706055,24069,0.0,0.0
2023-07-05 10:30:00-04:00,63.09000015258789,63.09000015258789,62.9900016784668,63.06999969482422,9264,0.0,0.0
2023-07-05 11:30:00-04:00,63.029998779296875,63.34000015258789,63.029998779296875,63.2400016784668,18178,0.0,0.0
2023-07-05 12:30:00-04:00,63.220001220703125,63.220001220703125,63.099998474121094,63.13999938964844,12221,0.0,0.0
2023-07-05 13:30:00-04:00,63.13999938964844,63.13999938964844,63.02000045776367,63.11000061035156,9224,0.0,0.0
2023-07-05 14:30:00-04:00,63.11000061035156,63.310001373291016,63.06999969482422,63.279998779296875,24463,0.0,0.0
2023-07-05 15:30:00-04:00,63.2599983215332,63.27000045776367,63.18000030517578,63.220001220703125,30815,0.0,0.0
2023-07-06 09:30:00-04:00,63.38999938964844,63.43000030517578,63.029998779296875,63.060001373291016,31923,0.0,0.0
2023-07-06 10:30:00-04:00,63.040000915527344,63.16999816894531,62.939998626708984,63.060001373291016,20596,0.0,0.0
2023-07-06 11:30:00-04:00,63.060001373291016,63.25,63.040000915527344,63.20500183105469,25714,0.0,0.0
2023-07-06 12:30:00-04:00,63.189998626708984,63.380001068115234,63.189998626708984,63.345001220703125,17538,0.0,0.0
2023-07-06 13:30:00-04:00,63.345001220703125,63.345001220703125,63.099998474121094,63.154998779296875,20419,0.0,0.0
2023-07-06 14:30:00-04:00,63.16999816894531,63.209999084472656,63.099998474121094,63.130001068115234,21221,0.0,0.0
2023-07-06 15:30:00-04:00,63.119998931884766,63.2599983215332,63.099998474121094,63.2599983215332,33327,0.0,0.0
2023-07-07 09:30:00-04:00,62.63999938964844,62.73500061035156,62.595001220703125,62.65999984741211,10079,0.0,0.0
2023-07-07 10:30:00-04:00,62.69499969482422,62.709999084472656,62.3650016784668,62.470001220703125,10863,0.0,0.0
2023-07-07 11:30:00-04:00,62.43000030517578,62.439998626708984,62.279998779296875,62.38249969482422,11468,0.0,0.0
2023-07-07 12:30:00-04:00,62.41999816894531,62.720001220703125,62.41999816894531,62.70159912109375,27162,0.0,0.0
2023-07-07 13:30:00-04:00,62.709999084472656,62.720001220703125,62.5099983215332,62.5099983215332,8467,0.0,0.0
2023-07-07 14:30:00-04:00,62.5,62.58000183105469,62.45000076293945,62.58000183105469,16766,0.0,0.0
2023-07-07 15:30:00-04:00,62.599998474121094,62.599998474121094,62.369998931884766,62.400001525878906,30447,0.0,0.0
2023-07-10 09:30:00-04:00,62.2599983215332,62.79999923706055,62.20000076293945,62.41999816894531,10451,0.0,0.0
2023-07-10 10:30:00-04:00,62.474998474121094,62.52000045776367,62.34000015258789,62.41999816894531,7816,0.0,0.0
2023-07-10 11:30:00-04:00,62.3849983215332,62.4900016784668,62.20719909667969,62.4900016784668,12231,0.0,0.0
2023-07-10 12:30:00-04:00,62.5099983215332,62.599998474121094,62.45000076293945,62.560001373291016,13937,0.0,0.0
2023-07-10 13:30:00-04:00,62.58000183105469,62.5890007019043,62.34000015258789,62.439998626708984,13535,0.0,0.0
2023-07-10 14:30:00-04:00,62.439998626708984,62.505001068115234,62.43000030517578,62.505001068115234,13395,0.0,0.0
2023-07-10 15:30:00-04:00,62.5,62.529998779296875,62.439998626708984,62.52000045776367,24054,0.0,0.0
2023-07-11 09:30:00-04:00,62.380001068115234,62.970001220703125,62.380001068115234,62.51499938964844,20595,0.0,0.0
2023-07-11 10:30:00-04:00,62.435001373291016,62.499000549316406,62.380001068115234,62.43000030517578,13211,0.0,0.0
2023-07-11 11:30:00-04:00,62.439998626708984,62.529998779296875,62.33000183105469,62.52000045776367,21739,0.0,0.0
2023-07-11 12:30:00-04:00,62.4900016784668,62.4900016784668,62.18000030517578,62.275001525878906,21980,0.0,0.0
2023-07-11 13:30:00-04:00,62.279998779296875,62.43000030517578,62.27000045776367,62.400001525878906,12005,0.0,0.0
2023-07-11 14:30:00-04:00,62.45000076293945,62.630001068115234,62.435001373291016,62.619998931884766,16762,0.0,0.0
2023-07-11 15:30:00-04:00,62.58000183105469,62.689998626708984,62.5099983215332,62.689998626708984,40020,0.0,0.0
2023-07-12 09:30:00-04:00,63.02000045776367,63.180198669433594,62.79999923706055,62.939701080322266,36384,0.0,0.0
2023-07-12 10:30:00-04:00,62.869998931884766,63.02000045776367,62.83000183105469,62.880001068115234,32410,0.0,0.0
2023-07-12 11:30:00-04:00,62.880001068115234,62.900001525878906,62.77000045776367,62.83000183105469,24067,0.0,0.0
2023-07-12 12:30:00-04:00,62.81999969482422,62.939998626708984,62.790000915527344,62.939998626708984,22588,0.0,0.0
2023-07-12 13:30:00-04:00,62.939998626708984,62.95000076293945,62.790000915527344,62.790000915527344,24552,0.0,0.0
2023-07-12 14:30:00-04:00,62.79999923706055,62.84000015258789,62.70000076293945,62.709999084472656,30937,0.0,0.0
2023-07-12 15:30:00-04:00,62.7400016784668,62.790000915527344,62.66999816894531,62.66999816894531,68963,0.0,0.0
2023-07-13 09:30:00-04:00,62.15999984741211,62.52000045776367,62.0,62.07500076293945,69418,0.0,0.0
2023-07-13 10:30:00-04:00,62.07500076293945,62.29999923706055,62.06999969482422,62.275001525878906,34906,0.0,0.0
2023-07-13 11:30:00-04:00,62.275001525878906,62.279998779296875,62.09000015258789,62.22600173950195,50747,0.0,0.0
2023-07-13 12:30:00-04:00,62.209999084472656,62.29999923706055,62.16999816894531,62.29999923706055,17435,0.0,0.0
2023-07-13 13:30:00-04:00,62.29999923706055,62.459999084472656,62.28499984741211,62.40999984741211,12940,0.0,0.0
2023-07-13 14:30:00-04:00,62.40999984741211,62.40999984741211,62.27000045776367,62.36000061035156,21715,0.0,0.0
2023-07-13 15:30:00-04:00,62.349998474121094,62.4900016784668,62.349998474121094,62.40999984741211,51506,0.0,0.0
2023-07-14 09:30:00-04:00,62.04999923706055,62.20500183105469,61.849998474121094,61.849998474121094,29626,0.0,0.0
2023-07-14 10:30:00-04:00,61.869998931884766,61.900001525878906,61.600101470947266,61.81999969482422,20837,0.0,0.0
2023-07-14 11:30:00-04:00,61.80500030517578,61.849998474121094,61.720001220703125,61.73500061035156,16633,0.0,0.0
2023-07-14 12:30:00-04:00,61.70000076293945,61.939998626708984,61.67499923706055,61.875,9616,0.0,0.0
2023-07-14 13:30:00-04:00,61.900001525878906,61.95000076293945,61.790000915527344,61.90999984741211,19379,0.0,0.0
2023-07-14 14:30:00-04:00,61.90999984741211,62.0099983215332,61.86000061035156,62.0,18134,0.0,0.0
2023-07-14 15:30:00-04:00,62.005001068115234,62.02000045776367,61.86000061035156,61.915000915527344,45124,0.0,0.0
2023-07-17 09:30:00-04:00,63.290000915527344,63.45000076293945,63.189998626708984,63.279998779296875,35085,0.0,0.0
2023-07-17 10:30:00-04:00,63.22999954223633,63.29999923706055,63.20000076293945,63.2400016784668,26686,0.0,0.0
2023-07-17 11:30:00-04:00,63.22999954223633,63.25,63.13999938964844,63.15999984741211,18911,0.0,0.0
2023-07-17 12:30:00-04:00,63.15999984741211,63.22999954223633,63.15999984741211,63.20000076293945,16553,0.0,0.0
2023-07-17 13:30:00-04:00,63.16999816894531,63.22999954223633,63.14500045776367,63.220001220703125,26655,0.0,0.0
2023-07-17 14:30:00-04:00,63.22999954223633,63.29999923706055,63.220001220703125,63.29999923706055,23166,0.0,0.0
2023-07-17 15:30:00-04:00,63.31999969482422,63.36000061035156,63.18000030517578,63.189998626708984,48130,0.0,0.0
2023-07-18 09:30:00-04:00,62.970001220703125,63.2400016784668,62.68000030517578,63.08000183105469,26506,0.0,0.0
2023-07-18 10:30:00-04:00,63.099998474121094,63.31999969482422,63.02000045776367,63.22999954223633,19476,0.0,0.0
2023-07-18 11:30:00-04:00,63.220001220703125,63.275001525878906,63.15999984741211,63.1619987487793,14799,0.0,0.0
2023-07-18 12:30:00-04:00,63.14500045776367,63.150001525878906,63.029998779296875,63.029998779296875,11399,0.0,0.0
2023-07-18 13:30:00-04:00,62.9900016784668,62.9900016784668,62.80500030517578,62.900001525878906,10389,0.0,0.0
2023-07-18 14:30:00-04:00,62.900001525878906,62.959999084472656,62.900001525878906,62.95000076293945,7118,0.0,0.0
2023-07-18 15:30:00-04:00,62.93000030517578,63.029998779296875,62.93000030517578,63.02000045776367,29938,0.0,0.0
2023-07-19 09:30:00-04:00,63.41999816894531,63.929901123046875,63.33000183105469,63.40999984741211,36002,0.0,0.0
2023-07-19 10:30:00-04:00,63.36000061035156,63.5,63.275001525878906,63.41999816894531,20634,0.0,0.0
2023-07-19 11:30:00-04:00,63.41999816894531,63.52000045776367,63.38999938964844,63.38999938964844,12915,0.0,0.0
2023-07-19 12:30:00-04:00,63.43000030517578,63.540000915527344,63.41999816894531,63.52000045776367,11006,0.0,0.0
2023-07-19 13:30:00-04:00,63.5,63.5,63.33000183105469,63.400001525878906,15545,0.0,0.0
2023-07-19 14:30:00-04:00,63.439998626708984,63.5,63.380001068115234,63.470001220703125,21332,0.0,0.0
2023-07-19 15:30:00-04:00,63.474998474121094,63.474998474121094,63.31999969482422,63.31999969482422,36912,0.0,0.0
2023-07-20 09:30:00-04:00,64.37999725341797,64.68000030517578,64.19000244140625,64.41000366210938,42014,0.0,0.0
2023-07-20 10:30:00-04:00,64.4000015258789,64.55999755859375,64.4000015258789,64.44999694824219,30994,0.0,0.0
2023-07-20 11:30:00-04:00,64.43000030517578,64.56999969482422,64.41000366210938,64.41000366210938,21487,0.0,0.0
2023-07-20 12:30:00-04:00,64.43000030517578,64.58000183105469,64.41999816894531,64.52999877929688,8517,0.0,0.0
2023-07-20 13:30:00-04:00,64.48999786376953,64.56500244140625,64.45999908447266,64.5,10172,0.0,0.0
2023-07-20 14:30:00-04:00,64.52999877929688,64.5999984741211,64.5,64.54299926757812,15914,0.0,0.0
2023-07-20 15:30:00-04:00,64.58000183105469,64.5999984741211,64.5,64.5,46167,0.0,0.0
2023-07-21 09:30:00-04:00,64.5999984741211,64.5999984741211,64.38999938964844,64.56999969482422,18879,0.0,0.0
2023-07-21 10:30:00-04:00,64.56999969482422,64.79000091552734,64.48999786376953,64.69000244140625,16974,0.0,0.0
2023-07-21 11:30:00-04:00,64.73999786376953,64.79000091552734,64.66000366210938,64.66000366210938,16697,0.0,0.0
2023-07-21 12:30:00-04:00,64.69999694824219,64.81999969482422,64.69999694824219,64.79000091552734,9207,0.0,0.0
2023-07-21 13:30:00-04:00,64.77999877929688,64.9000015258789,64.77999877929688,64.875,15078,0.0,0.0
2023-07-21 14:30:00-04:00,64.86000061035156,65.0,64.86000061035156,64.94999694824219,20391,0.0,0.0
2023-07-21 15:30:00-04:00,64.95500183105469,64.97000122070312,64.83000183105469,64.83000183105469,23850,0.0,0.0
2023-07-24 09:30:00-04:00,65.69999694824219,66.0199966430664,65.5999984741211,65.83999633789062,36919,0.0,0.0
2023-07-24 10:30:00-04:00,65.83999633789062,65.83999633789062,65.55999755859375,65.66000366210938,24417,0.0,0.0
2023-07-24 11:30:00-04:00,65.66000366210938,65.75,65.4800033569336,65.54000091552734,19125,0.0,0.0
2023-07-24 12:30:00-04:00,65.54499816894531,65.56999969482422,65.41000366210938,65.41000366210938,23860,0.0,0.0
2023-07-24 13:30:00-04:00,65.43000030517578,65.5199966430664,65.37000274658203,65.4800033569336,19328,0.0,0.0
2023-07-24 14:30:00-04:00,65.4800033569336,65.56999969482422,65.44999694824219,65.45999908447266,19792,0.0,0.0
2023-07-24 15:30:00-04:00,65.45999908447266,65.55999755859375,65.44999694824219,65.5,23224,0.0,0.0
2023-07-25 09:30:00-04:00,66.05999755859375,66.19999694824219,65.87000274658203,65.98999786376953,23655,0.0,0.0
2023-07-25 10:30:00-04:00,65.97000122070312,66.11000061035156,65.80500030517578,65.88500213623047,15848,0.0,0.0
2023-07-25 11:30:00-04:00,65.94999694824219,66.08999633789062,65.68000030517578,65.75,25719,0.0,0.0
2023-07-25 12:30:00-04:00,65.72000122070312,65.87000274658203,65.69000244140625,65.83000183105469,17168,0.0,0.0
2023-07-25 13:30:00-04:00,65.8499984741211,65.95500183105469,65.83999633789062,65.83999633789062,22823,0.0,0.0
2023-07-25 14:30:00-04:00,65.87999725341797,66.03500366210938,65.87999725341797,66.01000213623047,20948,0.0,0.0
2023-07-25 15:30:00-04:00,66.0,66.0,65.91000366210938,65.91000366210938,38502,0.0,0.0
2023-07-26 09:30:00-04:00,65.77999877929688,67.68000030517578,65.06999969482422,67.62999725341797,46830,0.0,0.0
2023-07-26 10:30:00-04:00,67.6500015258789,68.02999877929688,67.55500030517578,67.55500030517578,28101,0.0,0.0
2023-07-26 11:30:00-04:00,67.59239959716797,68.08000183105469,67.59239959716797,68.0,26062,0.0,0.0
2023-07-26 12:30:00-04:00,68.04000091552734,68.19999694824219,67.86000061035156,67.88999938964844,29816,0.0,0.0
2023-07-26 13:30:00-04:00,67.88500213623047,68.04000091552734,67.65499877929688,67.66000366210938,21921,0.0,0.0
2023-07-26 14:30:00-04:00,67.69000244140625,67.8499984741211,67.52999877929688,67.8499984741211,41590,0.0,0.0
2023-07-26 15:30:00-04:00,67.83000183105469,68.33000183105469,67.81999969482422,68.08000183105469,94188,0.0,0.0
2023-07-27 09:30:00-04:00,67.41999816894531,67.8499984741211,67.1500015258789,67.52999877929688,36544,0.0,0.0
2023-07-27 10:30:00-04:00,67.54000091552734,68.12000274658203,67.54000091552734,68.08999633789062,28163,0.0,0.0
2023-07-27 11:30:00-04:00,68.08000183105469,68.16999816894531,67.88999938964844,67.95999908447266,23289,0.0,0.0
2023-07-27 12:30:00-04:00,68.05999755859375,68.0999984741211,67.9749984741211,67.9749984741211,11734,0.0,0.0
2023-07-27 13:30:00-04:00,68.01000213623047,68.08000183105469,67.81999969482422,67.81999969482422,11809,0.0,0.0
2023-07-27 14:30:00-04:00,67.80000305175781,67.88999938964844,67.76000213623047,67.79499816894531,22097,0.0,0.0
2023-07-27 15:30:00-04:00,67.81999969482422,67.94000244140625,67.69000244140625,67.94000244140625,39969,0.0,0.0
2023-07-28 09:30:00-04:00,68.29000091552734,68.72000122070312,68.06999969482422,68.70999908447266,0,0.0,0.0
2023-07-28 10:30:00-04:00,68.69999694824219,68.87999725341797,68.56500244140625,68.69999694824219,21292,0.0,0.0
2023-07-28 11:30:00-04:00,68.71499633789062,68.79499816894531,68.61000061035156,68.70999908447266,13482,0.0,0.0
2023-07-28 12:30:00-04:00,68.71499633789062,68.86000061035156,68.61499786376953,68.61499786376953,13634,0.0,0.0
2023-07-28 13:30:00-04:00,68.59149932861328,68.86000061035156,68.58999633789062,68.83499908447266,21015,0.0,0.0
2023-07-28 14:30:00-04:00,68.80999755859375,68.87699890136719,68.80000305175781,68.81999969482422,21417,0.0,0.0
2023-07-28 15:30:00-04:00,68.83499908447266,68.83499908447266,68.58100128173828,68.76499938964844,39805,0.0,0.0
2023-07-31 09:30:00-04:00,68.80999755859375,68.91510009765625,68.49400329589844,68.5999984741211,25526,0.0,0.0
2023-07-31 10:30:00-04:00,68.54000091552734,68.72000122070312,68.52999877929688,68.58000183105469,25570,0.0,0.0
2023-07-31 11:30:00-04:00,68.58999633789062,68.66999816894531,68.58000183105469,68.625,24346,0.0,0.0
2023-07-31 12:30:00-04:00,68.66000366210938,68.69999694824219,68.58000183105469,68.6500015258789,19991,0.0,0.0
2023-07-31 13:30:00-04:00,68.65499877929688,68.75,68.5999984741211,68.68000030517578,46591,0.0,0.0
2023-07-31 14:30:00-04:00,68.68000030517578,68.73999786376953,68.5999984741211,68.62000274658203,36803,0.0,0.0
2023-07-31 15:30:00-04:00,68.63999938964844,68.68000030517578,68.5999984741211,68.63999938964844,61860,0.0,0.0
2023-08-01 09:30:00-04:00,68.91000366210938,68.91999816894531,68.56999969482422,68.83000183105469,58268,0.0,0.0
2023-08-01 10:30:00-04:00,68.80000305175781,69.05999755859375,68.79000091552734,69.0,37924,0.0,0.0
2023-08-01 11:30:00-04:00,69.01000213623047,69.4000015258789,69.01000213623047,69.37999725341797,35722,0.0,0.0
2023-08-01 12:30:00-04:00,69.37999725341797,69.41000366210938,69.23999786376953,69.41000366210938,15833,0.0,0.0
2023-08-01 13:30:00-04:00,69.38999938964844,69.48999786376953,69.36000061035156,69.45500183105469,12794,0.0,0.0
2023-08-01 14:30:00-04:00,69.45500183105469,69.45500183105469,69.26000213623047,69.26000213623047,22340,0.0,0.0
2023-08-01 15:30:00-04:00,69.2699966430664,69.30999755859375,69.19999694824219,69.26000213623047,32693,0.0,0.0
2023-08-02 09:30:00-04:00,68.87000274658203,69.33000183105469,68.66999816894531,69.0199966430664,60225,0.0,0.0
2023-08-02 10:30:00-04:00,69.04499816894531,69.18499755859375,68.81300354003906,69.15299987792969,26279,0.0,0.0
2023-08-02 11:30:00-04:00,69.19100189208984,69.31999969482422,69.0999984741211,69.31999969482422,15691,0.0,0.0
2023-08-02 12:30:00-04:00,69.30999755859375,69.38990020751953,69.25,69.33999633789062,22210,0.0,0.0
2023-08-02 13:30:00-04:00,69.3499984741211,69.385498046875,69.2699966430664,69.27999877929688,13862,0.0,0.0
2023-08-02 14:30:00-04:00,69.29000091552734,69.37999725341797,69.25,69.2750015258789,30541,0.0,0.0
2023-08-02 15:30:00-04:00,69.26000213623047,69.4000015258789,69.0999984741211,69.37000274658203,88415,0.0,0.0
2023-08-03 09:30:00-04:00,69.05000305175781,69.28500366210938,68.4113998413086,68.86000061035156,23631,0.0,0.0
2023-08-03 10:30:00-04:00,68.73999786376953,69.0999984741211,68.66999816894531,69.05999755859375,22720,0.0,0.0
2023-08-03 11:30:00-04:00,69.06500244140625,69.11000061035156,68.72000122070312,68.73500061035156,34951,0.0,0.0
2023-08-03 12:30:00-04:00,68.69999694824219,68.79000091552734,68.62999725341797,68.74500274658203,31927,0.0,0.0
2023-08-03 13:30:00-04:00,68.75499725341797,68.8499984741211,68.69000244140625,68.8499984741211,36937,0.0,0.0
2023-08-03 14:30:00-04:00,68.82499694824219,68.84500122070312,68.4000015258789,68.79000091552734,60418,0.0,0.0
2023-08-03 15:30:00-04:00,68.7699966430664,68.95999908447266,68.75,68.91999816894531,59866,0.0,0.0
2023-08-04 09:30:00-04:00,68.87000274658203,69.3499984741211,68.43000030517578,69.33999633789062,0,0.0,0.0
2023-08-04 10:30:00-04:00,69.29000091552734,69.45999908447266,69.16999816894531,69.34500122070312,38126,0.0,0.0
2023-08-04 11:30:00-04:00,69.36000061035156,69.5,69.26000213623047,69.41999816894531,45808,0.0,0.0
2023-08-04 12:30:00-04:00,69.3949966430664,69.44000244140625,69.36499786376953,69.37010192871094,36230,0.0,0.0
2023-08-04 13:30:00-04:00,69.38500213623047,69.41999816894531,69.19999694824219,69.24500274658203,34135,0.0,0.0
2023-08-04 14:30:00-04:00,69.26000213623047,69.2750015258789,69.05999755859375,69.1500015258789,35772,0.0,0.0
2023-08-04 15:30:00-04:00,69.11000061035156,69.19000244140625,69.08999633789062,69.16999816894531,47643,0.0,0.0
2023-08-07 09:30:00-04:00,68.87999725341797,69.19999694824219,68.81999969482422,69.1500015258789,51569,0.0,0.0
2023-08-07 10:30:00-04:00,69.16000366210938,69.37000274658203,69.13999938964844,69.19999694824219,52391,0.0,0.0
2023-08-07 11:30:00-04:00,69.2030029296875,69.23999786376953,68.97000122070312,69.08499908447266,41418,0.0,0.0
2023-08-07 12:30:00-04:00,69.0999984741211,69.26000213623047,69.0,69.25,32693,0.0,0.0
2023-08-07 13:30:00-04:00,69.22000122070312,69.27999877929688,69.16999816894531,69.25,40858,0.0,0.0
2023-08-07 14:30:00-04:00,69.25800323486328,69.27999877929688,69.06999969482422,69.12999725341797,38302,0.0,0.0
2023-08-07 15:30:00-04:00,69.12999725341797,69.25,69.08999633789062,69.12999725341797,68047,0.0,0.0
2023-08-08 09:30:00-04:00,69.30000305175781,69.5999984741211,68.8499984741211,69.5999984741211,0,0.0,0.0
2023-08-08 10:30:00-04:00,69.56999969482422,69.81999969482422,69.54000091552734,69.73500061035156,73381,0.0,0.0
2023-08-08 11:30:00-04:00,69.7300033569336,69.9000015258789,69.62999725341797,69.9000015258789,59192,0.0,0.0
2023-08-08 12:30:00-04:00,69.88999938964844,69.97000122070312,69.83999633789062,69.9000015258789,56853,0.0,0.0
2023-08-08 13:30:00-04:00,69.93000030517578,70.13999938964844,69.87000274658203,70.05999755859375,51339,0.0,0.0
2023-08-08 14:30:00-04:00,70.05000305175781,70.0999984741211,69.94999694824219,70.0199966430664,68207,0.0,0.0
2023-08-08 15:30:00-04:00,69.9800033569336,70.01000213623047,69.8499984741211,70.01000213623047,87268,0.0,0.0
2023-08-09 09:30:00-04:00,71.5999984741211,71.97000122070312,71.27999877929688,71.91000366210938,41364,0.0,0.0
2023-08-09 10:30:00-04:00,71.91000366210938,72.05000305175781,71.77999877929688,71.80500030517578,41046,0.0,0.0
2023-08-09 11:30:00-04:00,71.80000305175781,71.81999969482422,71.43000030517578,71.75,33183,0.0,0.0
2023-08-09 12:30:00-04:00,71.80400085449219,71.81999969482422,71.68000030517578,71.68000030517578,28300,0.0,0.0
2023-08-09 13:30:00-04:00,71.69999694824219,71.80000305175781,71.62000274658203,71.70999908447266,25564,0.0,0.0
2023-08-09 14:30:00-04:00,71.7300033569336,71.75499725341797,71.62000274658203,71.72000122070312,30383,0.0,0.0
2023-08-09 15:30:00-04:00,71.70999908447266,71.71499633789062,71.48999786376953,71.5,60011,0.0,0.0
2023-08-10 09:30:00-04:00,71.87000274658203,71.87000274658203,71.36000061035156,71.72000122070312,57431,0.0,0.0
2023-08-10 10:30:00-04:00,71.7300033569336,72.11000061035156,71.72000122070312,72.11000061035156,60497,0.0,0.0
2023-08-10 11:30:00-04:00,72.0999984741211,72.12999725341797,71.7699966430664,71.87999725341797,65938,0.0,0.0
2023-08-10 12:30:00-04:00,71.87999725341797,71.89710235595703,71.66999816894531,71.69000244140625,71850,0.0,0.0
2023-08-10 13:30:00-04:00,71.69000244140625,71.80000305175781,71.62999725341797,71.71499633789062,60898,0.0,0.0
2023-08-10 14:30:00-04:00,71.69999694824219,71.80999755859375,71.6500015258789,71.73999786376953,67861,0.0,0.0
2023-08-10 15:30:00-04:00,71.73500061035156,71.77999877929688,71.63999938964844,71.7699966430664,86882,0.0,0.0
2023-08-11 09:30:00-04:00,71.62000274658203,71.63739776611328,70.95999908447266,71.37999725341797,62510,0.0,0.0
2023-08-11 10:30:00-04:00,71.38999938964844,71.51000213623047,71.26000213623047,71.30999755859375,46719,0.0,0.0
2023-08-11 11:30:00-04:00,71.31999969482422,71.37999725341797,71.12999725341797,71.25,34949,0.0,0.0
2023-08-11 12:30:00-04:00,71.27999877929688,71.32499694824219,71.11000061035156,71.19000244140625,25947,0.0,0.0
2023-08-11 13:30:00-04:00,71.18240356445312,71.33999633789062,70.97000122070312,71.33999633789062,34819,0.0,0.0
2023-08-11 14:30:00-04:00,71.30000305175781,71.36000061035156,71.16999816894531,71.33499908447266,38986,0.0,0.0
2023-08-11 15:30:00-04:00,71.3499984741211,71.51000213623047,71.29000091552734,71.51000213623047,121599,0.0,0.0
2023-08-14 09:30:00-04:00,71.4000015258789,71.4000015258789,70.5,70.7300033569336,60289,0.0,0.0
2023-08-14 10:30:00-04:00,70.69999694824219,70.79000091552734,70.65499877929688,70.76000213623047,43308,0.0,0.0
2023-08-14 11:30:00-04:00,70.75499725341797,70.75499725341797,70.62000274658203,70.73999786376953,36307,0.0,0.0
2023-08-14 12:30:00-04:00,70.7300033569336,70.7300033569336,70.63999938964844,70.6500015258789,28436,0.0,0.0
2023-08-14 13:30:00-04:00,70.62999725341797,70.76000213623047,70.5999984741211,70.69000244140625,35621,0.0,0.0
2023-08-14 14:30:00-04:00,70.67500305175781,70.73999786376953,70.6500015258789,70.69999694824219,34096,0.0,0.0
2023-08-14 15:30:00-04:00,70.70999908447266,70.8499984741211,70.69000244140625,70.81999969482422,36953,0.0,0.0
2023-08-15 09:30:00-04:00,70.76000213623047,71.09500122070312,70.5,70.8949966430664,26149,0.0,0.0
2023-08-15 10:30:00-04:00,70.88999938964844,71.19999694824219,70.87999725341797,71.06999969482422,28378,0.0,0.0
2023-08-15 11:30:00-04:00,71.06999969482422,71.06999969482422,70.88999938964844,70.91000366210938,23359,0.0,0.0
2023-08-15 12:30:00-04:00,70.9000015258789,71.04000091552734,70.83000183105469,71.04000091552734,19859,0.0,0.0
2023-08-15 13:30:00-04:00,71.04000091552734,71.04000091552734,70.86000061035156,70.94999694824219,25684,0.0,0.0
2023-08-15 14:30:00-04:00,70.94999694824219,71.05000305175781,70.9000015258789,71.0199966430664,58142,0.0,0.0
2023-08-15 15:30:00-04:00,71.0199966430664,71.12999725341797,70.9800033569336,71.06999969482422,65506,0.0,0.0
2023-08-16 09:30:00-04:00,71.47000122070312,71.69999694824219,71.29000091552734,71.45999908447266,72797,0.0,0.0
2023-08-16 10:30:00-04:00,71.41999816894531,71.52999877929688,71.4000015258789,71.44999694824219,57662,0.0,0.0
2023-08-16 11:30:00-04:00,71.47000122070312,71.51000213623047,71.33999633789062,71.4000015258789,57678,0.0,0.0
2023-08-16 12:30:00-04:00,71.41999816894531,71.45999908447266,71.16000366210938,71.33000183105469,52736,0.0,0.0
2023-08-16 13:30:00-04:00,71.29000091552734,71.30000305175781,71.12000274658203,71.19000244140625,55351,0.0,0.0
2023-08-16 14:30:00-04:00,71.2300033569336,71.27999877929688,71.0999984741211,71.13999938964844,55414,0.0,0.0
2023-08-16 15:30:00-04:00,71.12999725341797,71.2300033569336,70.9800033569336,71.0,110726,0.0,0.0
2023-08-17 09:30:00-04:00,71.44000244140625,71.73999786376953,71.2699966430664,71.44999694824219,57751,0.0,0.0
2023-08-17 10:30:00-04:00,71.39199829101562,71.54000091552734,71.33000183105469,71.48500061035156,54806,0.0,0.0
2023-08-17 11:30:00-04:00,71.45999908447266,71.62000274658203,71.44999694824219,71.62000274658203,54414,0.0,0.0
2023-08-17 12:30:00-04:00,71.62000274658203,71.7300033569336,71.5199966430664,71.68000030517578,33336,0.0,0.0
2023-08-17 13:30:00-04:00,71.70999908447266,71.7300033569336,71.56999969482422,71.6500015258789,50102,0.0,0.0
2023-08-17 14:30:00-04:00,71.67990112304688,71.69999694824219,71.51000213623047,71.5199966430664,50216,0.0,0.0
2023-08-17 15:30:00-04:00,71.51000213623047,71.54000091552734,71.19999694824219,71.44000244140625,141459,0.0,0.0
2023-08-18 09:30:00-04:00,71.08000183105469,71.3550033569336,70.80000305175781,71.13999938964844,48114,0.0,0.0
2023-08-18 10:30:00-04:00,71.12999725341797,71.37999725341797,71.05999755859375,71.26499938964844,57621,0.0,0.0
2023-08-18 11:30:00-04:00,71.27999877929688,71.36000061035156,71.12999725341797,71.30999755859375,44824,0.0,0.0
2023-08-18 12:30:00-04:00,71.30999755859375,71.36000061035156,71.1500015258789,71.16999816894531,44792,0.0,0.0
2023-08-18 13:30:00-04:00,71.18000030517578,71.33999633789062,71.12999725341797,71.30000305175781,44808,0.0,0.0
2023-08-18 14:30:00-04:00,71.30000305175781,71.41999816894531,71.25,71.29499816894531,65980,0.0,0.0
2023-08-18 15:30:00-04:00,71.30000305175781,71.38999938964844,71.18000030517578,71.38999938964844,114014,0.0,0.0
2023-08-21 09:30:00-04:00,71.66000366210938,72.02999877929688,71.58000183105469,71.7300033569336,38154,0.0,0.0
2023-08-21 10:30:00-04:00,71.72000122070312,71.72000122070312,71.55000305175781,71.63999938964844,56953,0.0,0.0
2023-08-21 11:30:00-04:00,71.61000061035156,71.9000015258789,71.54000091552734,71.88999938964844,56603,0.0,0.0
2023-08-21 12:30:00-04:00,71.86000061035156,71.87000274658203,71.68000030517578,71.73500061035156,57729,0.0,0.0
2023-08-21 13:30:00-04:00,71.76000213623047,71.83999633789062,71.66999816894531,71.70999908447266,55420,0.0,0.0
2023-08-21 14:30:00-04:00,71.69000244140625,71.80000305175781,71.62000274658203,71.74500274658203,61945,0.0,0.0
2023-08-21 15:30:00-04:00,71.73999786376953,71.83000183105469,71.66999816894531,71.71499633789062,78128,0.0,0.0
2023-08-22 09:30:00-04:00,71.93000030517578,71.95999908447266,71.36000061035156,71.43000030517578,65371,0.0,0.0
2023-08-22 10:30:00-04:00,71.4000015258789,71.7300033569336,71.37999725341797,71.66999816894531,58279,0.0,0.0
2023-08-22 11:30:00-04:00,71.66000366210938,71.70999908447266,71.56999969482422,71.66000366210938,49627,0.0,0.0
2023-08-22 12:30:00-04:00,71.66999816894531,71.66999816894531,71.41999816894531,71.55999755859375,49083,0.0,0.0
2023-08-22 13:30:00-04:00,71.5199966430664,71.55999755859375,71.33000183105469,71.41000366210938,56998,0.0,0.0
2023-08-22 14:30:00-04:00,71.45999908447266,71.5999984741211,71.38999938964844,71.5999984741211,61526,0.0,0.0
2023-08-22 15:30:00-04:00,71.58000183105469,71.58000183105469,71.31999969482422,71.47000122070312,88705,0.0,0.0
2023-08-23 09:30:00-04:00,72.0999984741211,72.72000122070312,72.0999984741211,72.72000122070312,31368,0.0,0.0
2023-08-23 10:30:00-04:00,72.76499938964844,72.87000274658203,72.6050033569336,72.80000305175781,27688,0.0,0.0
2023-08-23 11:30:00-04:00,72.80999755859375,73.11000061035156,72.80999755859375,73.0999984741211,68459,0.0,0.0
2023-08-23 12:30:00-04:00,73.11000061035156,73.16999816894531,72.87000274658203,72.93000030517578,45198,0.0,0.0
2023-08-23 13:30:00-04:00,72.93000030517578,72.94999694824219,72.52999877929688,72.62000274658203,78379,0.0,0.0
2023-08-23 14:30:00-04:00,72.6500015258789,72.69000244140625,72.52999877929688,72.6449966430664,74898,0.0,0.0
2023-08-23 15:30:00-04:00,72.61000061035156,72.7699966430664,72.51000213623047,72.7699966430664,86844,0.0,0.0
2023-08-24 09:30:00-04:00,72.0,72.13999938964844,71.5,71.5,67003,0.0,0.0
2023-08-24 10:30:00-04:00,71.47000122070312,71.47000122070312,71.02999877929688,71.12999725341797,69222,0.0,0.0
2023-08-24 11:30:00-04:00,71.12999725341797,71.12999725341797,70.91999816894531,71.03500366210938,57889,0.0,0.0
2023-08-24 12:30:00-04:00,71.0199966430664,71.02999877929688,70.81999969482422,70.88999938964844,56603,0.0,0.0
2023-08-24 13:30:00-04:00,70.88999938964844,71.05999755859375,70.88999938964844,71.0199966430664,56979,0.0,0.0
2023-08-24 14:30:00-04:00,71.0199966430664,71.19000244140625,70.95999908447266,71.13500213623047,60451,0.0,0.0
2023-08-24 15:30:00-04:00,71.13500213623047,71.13999938964844,70.87999725341797,70.98999786376953,83304,0.0,0.0
2023-08-25 09:30:00-04:00,70.54000091552734,70.69999694824219,70.30000305175781,70.30000305175781,35286,0.0,0.0
2023-08-25 10:30:00-04:00,70.2301025390625,70.36000061035156,70.04000091552734,70.19999694824219,20291,0.0,0.0
2023-08-25 11:30:00-04:00,70.18000030517578,70.30000305175781,70.12999725341797,70.27999877929688,23348,0.0,0.0
2023-08-25 12:30:00-04:00,70.27999877929688,70.31999969482422,70.02999877929688,70.08999633789062,17065,0.0,0.0
2023-08-25 13:30:00-04:00,70.13999938964844,70.33000183105469,70.06999969482422,70.30500030517578,16134,0.0,0.0
2023-08-25 14:30:00-04:00,70.29000091552734,70.37999725341797,70.26000213623047,70.3499984741211,21558,0.0,0.0
2023-08-25 15:30:00-04:00,70.36499786376953,70.4000015258789,70.19999694824219,70.30000305175781,35551,0.0,0.0
2023-08-28 09:30:00-04:00,70.26000213623047,70.52999877929688,70.20999908447266,70.2699966430664,12826,0.0,0.0
2023-08-28 10:30:00-04:00,70.27999877929688,70.41500091552734,70.2300033569336,70.3499984741211,16760,0.0,0.0
2023-08-28 11:30:00-04:00,70.36000061035156,70.44000244140625,70.25499725341797,70.30999755859375,13634,0.0,0.0
2023-08-28 12:30:00-04:00,70.30999755859375,70.38999938964844,70.25,70.3550033569336,7588,0.0,0.0
2023-08-28 13:30:00-04:00,70.3499984741211,70.41000366210938,70.20999908447266,70.23999786376953,10968,0.0,0.0
2023-08-28 14:30:00-04:00,70.23999786376953,70.30999755859375,70.20500183105469,70.28500366210938,16428,0.0,0.0
2023-08-28 15:30:00-04:00,70.26000213623047,70.3499984741211,70.19000244140625,70.29000091552734,53473,0.0,0.0
2023-08-29 09:30:00-04:00,69.58000183105469,69.94000244140625,69.5199966430664,69.73999786376953,49243,0.0,0.0
2023-08-29 10:30:00-04:00,69.70999908447266,69.9800033569336,69.55000305175781,69.94499969482422,44259,0.0,0.0
2023-08-29 11:30:00-04:00,69.91999816894531,69.93499755859375,69.73300170898438,69.80999755859375,31817,0.0,0.0
2023-08-29 12:30:00-04:00,69.79000091552734,69.83999633789062,69.66000366210938,69.67500305175781,19548,0.0,0.0
2023-08-29 13:30:00-04:00,69.69000244140625,69.75,69.62999725341797,69.62999725341797,23081,0.0,0.0
2023-08-29 14:30:00-04:00,69.62999725341797,69.81500244140625,69.62999725341797,69.74500274658203,93870,0.0,0.0
2023-08-29 15:30:00-04:00,69.72000122070312,69.7300033569336,69.53500366210938,69.66000366210938,54153,0.0,0.0
2023-08-30 09:30:00-04:00,69.1500015258789,69.43000030517578,69.05999755859375,69.11499786376953,108203,0.0,0.0
2023-08-30 10:30:00-04:00,69.08000183105469,69.2300033569336,69.06999969482422,69.1500015258789,42192,0.0,0.0
2023-08-30 11:30:00-04:00,69.12999725341797,69.13999938964844,69.0,69.01499938964844,49567,0.0,0.0
2023-08-30 12:30:00-04:00,69.0,69.01000213623047,68.8499984741211,68.91999816894531,30067,0.0,0.0
2023-08-30 13:30:00-04:00,68.88999938964844,69.05999755859375,68.88999938964844,69.0199966430664,25368,0.0,0.0
2023-08-30 14:30:00-04:00,69.04000091552734,69.0999984741211,68.86499786376953,68.88500213623047,38454,0.0,0.0
2023-08-30 15:30:00-04:00,68.86000061035156,68.9000015258789,68.62999725341797,68.76000213623047,72874,0.0,0.0
2023-08-31 09:30:00-04:00,68.33999633789062,68.51000213623047,67.8499984741211,68.04000091552734,110093,0.0,0.0
2023-08-31 10:30:00-04:00,68.05000305175781,68.19999694824219,68.01000213623047,68.0999984741211,44083,0.0,0.0
2023-08-31 11:30:00-04:00,68.06999969482422,68.18000030517578,67.98999786376953,68.13999938964844,35718,0.0,0.0
2023-08-31 12:30:00-04:00,68.12000274658203,68.1729965209961,68.0999984741211,68.12999725341797,18582,0.0,0.0
2023-08-31 13:30:00-04:00,68.125,68.18000030517578,68.06999969482422,68.16999816894531,16917,0.0,0.0
2023-08-31 14:30:00-04:00,68.16000366210938,68.19000244140625,68.05000305175781,68.08999633789062,26547,0.0,0.0
2023-08-31 15:30:00-04:00,68.09500122070312,68.13999938964844,67.91999816894531,67.97000122070312,66566,0.0,0.0
2023-09-01 09:30:00-04:00,67.83999633789062,67.99500274658203,67.69000244140625,67.86000061035156,27098,0.0,0.0
2023-09-01 10:30:00-04:00,67.8499984741211,67.91000366210938,67.68000030517578,67.69999694824219,27387,0.0,0.0
2023-09-01 11:30:00-04:00,67.70999908447266,67.80999755859375,67.62999725341797,67.73999786376953,30546,0.0,0.0
2023-09-01 12:30:00-04:00,67.7699966430664,67.80000305175781,67.70999908447266,67.73999786376953,27274,0.0,0.0
2023-09-01 13:30:00-04:00,67.74500274658203,67.94999694824219,67.72000122070312,67.94000244140625,31013,0.0,0.0
2023-09-01 14:30:00-04:00,67.91999816894531,68.22000122070312,67.91999816894531,68.22000122070312,35362,0.0,0.0
2023-09-01 15:30:00-04:00,68.2300033569336,68.23999786376953,68.04000091552734,68.04000091552734,79978,0.0,0.0
2023-09-05 09:30:00-04:00,67.77999877929688,67.77999877929688,67.3550033569336,67.41999816894531,19362,0.0,0.0
2023-09-05 10:30:00-04:00,67.43499755859375,67.45999908447266,67.33399963378906,67.4000015258789,12693,0.0,0.0
2023-09-05 11:30:00-04:00,67.38999938964844,67.41500091552734,67.02749633789062,67.02749633789062,19147,0.0,0.0
2023-09-05 12:30:00-04:00,67.0199966430664,67.0999984741211,66.92500305175781,67.06999969482422,28335,0.0,0.0
2023-09-05 13:30:00-04:00,67.06999969482422,67.0999984741211,66.91500091552734,66.94000244140625,26713,0.0,0.0
2023-09-05 14:30:00-04:00,66.94999694824219,66.9800033569336,66.81999969482422,66.83000183105469,26153,0.0,0.0
2023-09-05 15:30:00-04:00,66.83000183105469,66.95999908447266,66.83000183105469,66.91000366210938,27256,0.0,0.0
2023-09-06 09:30:00-04:00,67.04000091552734,67.36000061035156,66.95999908447266,67.12000274658203,39756,0.0,0.0
2023-09-06 10:30:00-04:00,67.11000061035156,67.31999969482422,67.0199966430664,67.31999969482422,32501,0.0,0.0
2023-09-06 11:30:00-04:00,67.38999938964844,67.44999694824219,67.0999984741211,67.1050033569336,36412,0.0,0.0
2023-09-06 12:30:00-04:00,67.08999633789062,67.13999938964844,67.02999877929688,67.13970184326172,16937,0.0,0.0
2023-09-06 13:30:00-04:00,67.12000274658203,67.23999786376953,67.08999633789062,67.20999908447266,17042,0.0,0.0
2023-09-06 14:30:00-04:00,67.20999908447266,67.2699966430664,67.12999725341797,67.20999908447266,26232,0.0,0.0
2023-09-06 15:30:00-04:00,67.19999694824219,67.25,67.0199966430664,67.0199966430664,54337,0.0,0.0
2023-09-07 09:30:00-04:00,67.58999633789062,67.58999633789062,67.01000213623047,67.32499694824219,27668,0.0,0.0
2023-09-07 10:30:00-04:00,67.33999633789062,67.48999786376953,67.29000091552734,67.4000015258789,49925,0.0,0.0
2023-09-07 11:30:00-04:00,67.43000030517578,67.48500061035156,67.2300033569336,67.2300033569336,38944,0.0,0.0
2023-09-07 12:30:00-04:00,67.22000122070312,67.26000213623047,67.12999725341797,67.20999908447266,16259,0.0,0.0
2023-09-07 13:30:00-04:00,67.2300033569336,67.23999786376953,67.16999816894531,67.23999786376953,19567,0.0,0.0
2023-09-07 14:30:00-04:00,67.26000213623047,67.32499694824219,67.21499633789062,67.29000091552734,26461,0.0,0.0
2023-09-07 15:30:00-04:00,67.29000091552734,67.33499908447266,67.26000213623047,67.27999877929688,85668,0.0,0.0
2023-09-08 09:30:00-04:00,67.20999908447266,67.62000274658203,67.20999908447266,67.62000274658203,16381,0.0,0.0
2023-09-08 10:30:00-04:00,67.63500213623047,67.77999877929688,67.51499938964844,67.68000030517578,43614,0.0,0.0
2023-09-08 11:30:00-04:00,67.62000274658203,67.81999969482422,67.56999969482422,67.70999908447266,19858,0.0,0.0
2023-09-08 12:30:00-04:00,67.70999908447266,67.91999816894531,67.70999908447266,67.9000015258789,19173,0.0,0.0
2023-09-08 13:30:00-04:00,67.91000366210938,67.91999816894531,67.73999786376953,67.79499816894531,21659,0.0,0.0
2023-09-08 14:30:00-04:00,67.80999755859375,67.91000366210938,67.80000305175781,67.81999969482422,30390,0.0,0.0
2023-09-08 15:30:00-04:00,67.80000305175781,67.93000030517578,67.7249984741211,67.80000305175781,47733,0.0,0.0
2023-09-11 09:30:00-04:00,68.0,68.55000305175781,68.0,68.43000030517578,36680,0.0,0.0
2023-09-11 10:30:00-04:00,68.47000122070312,68.52999877929688,68.30500030517578,68.36000061035156,16917,0.0,0.0
2023-09-11 11:30:00-04:00,68.30999755859375,68.63999938964844,68.30999755859375,68.62999725341797,21357,0.0,0.0
2023-09-11 12:30:00-04:00,68.62999725341797,68.62999725341797,68.5,68.5199966430664,15667,0.0,0.0
2023-09-11 13:30:00-04:00,68.55000305175781,68.55000305175781,68.33999633789062,68.37999725341797,15405,0.0,0.0
2023-09-11 14:30:00-04:00,68.36499786376953,68.4000015258789,68.2300033569336,68.25,21425,0.0,0.0
2023-09-11 15:30:00-04:00,68.23999786376953,68.27999877929688,68.18000030517578,68.27999877929688,48085,0.0,0.0
2023-09-12 09:30:00-04:00,68.55999755859375,68.87999725341797,68.55999755859375,68.70999908447266,42657,0.0,0.0
2023-09-12 10:30:00-04:00,68.69000244140625,69.02999877929688,68.69000244140625,68.98999786376953,35850,0.0,0.0
2023-09-12 11:30:00-04:00,68.98999786376953,69.2300033569336,68.94999694824219,69.16000366210938,24201,0.0,0.0
2023-09-12 12:30:00-04:00,69.12999725341797,69.16000366210938,68.95999908447266,69.0,34354,0.0,0.0
2023-09-12 13:30:00-04:00,68.9800033569336,69.0,68.83000183105469,68.91000366210938,20248,0.0,0.0
2023-09-12 14:30:00-04:00,68.91999816894531,68.91999816894531,68.77999877929688,68.81500244140625,20370,0.0,0.0
2023-09-12 15:30:00-04:00,68.81500244140625,68.88999938964844,68.79000091552734,68.8499984741211,42725,0.0,0.0
2023-09-13 09:30:00-04:00,69.23999786376953,69.40249633789062,69.17500305175781,69.30000305175781,32509,0.0,0.0
2023-09-13 10:30:00-04:00,69.33999633789062,69.33999633789062,69.19999694824219,69.26000213623047,25535,0.0,0.0
2023-09-13 11:30:00-04:00,69.2750015258789,69.33999633789062,69.23999786376953,69.30999755859375,16814,0.0,0.0
2023-09-13 12:30:00-04:00,69.31500244140625,69.36000061035156,69.27999877929688,69.34500122070312,23069,0.0,0.0
2023-09-13 13:30:00-04:00,69.34500122070312,69.41999816894531,69.31500244140625,69.33000183105469,24604,0.0,0.0
2023-09-13 14:30:00-04:00,69.33999633789062,69.3550033569336,69.28299713134766,69.3550033569336,32130,0.0,0.0
2023-09-13 15:30:00-04:00,69.33999633789062,69.66000366210938,69.33999633789062,69.6500015258789,82985,0.0,0.0
2023-09-14 09:30:00-04:00,69.69999694824219,69.83999633789062,69.2300033569336,69.37999725341797,44668,0.0,0.0
2023-09-14 10:30:00-04:00,69.4800033569336,69.48999786376953,69.31999969482422,69.46499633789062,18804,0.0,0.0
2023-09-14 11:30:00-04:00,69.50199890136719,69.55000305175781,69.41300201416016,69.44999694824219,16704,0.0,0.0
2023-09-14 12:30:00-04:00,69.44999694824219,69.51499938964844,69.44000244140625,69.4800033569336,25746,0.0,0.0
2023-09-14 13:30:00-04:00,69.4800033569336,69.52420043945312,69.43000030517578,69.47000122070312,25901,0.0,0.0
2023-09-14 14:30:00-04:00,69.4800033569336,69.58000183105469,69.4800033569336,69.49500274658203,28961,0.0,0.0
2023-09-14 15:30:00-04:00,69.48999786376953,69.5999984741211,69.4800033569336,69.54000091552734,60169,0.0,0.0
2023-09-15 09:30:00-04:00,69.80000305175781,70.29000091552734,69.6500015258789,70.04000091552734,29945,0.0,0.0
2023-09-15 10:30:00-04:00,70.05999755859375,70.08000183105469,69.91000366210938,69.98999786376953,19909,0.0,0.0
2023-09-15 11:30:00-04:00,69.98999786376953,70.13999938964844,69.98999786376953,70.05000305175781,18347,0.0,0.0
2023-09-15 12:30:00-04:00,70.04000091552734,70.08000183105469,69.97000122070312,70.0,18464,0.0,0.0
2023-09-15 13:30:00-04:00,70.0199966430664,70.12999725341797,70.0,70.0250015258789,17269,0.0,0.0
2023-09-15 14:30:00-04:00,70.01000213623047,70.04499816894531,69.9000015258789,69.9000015258789,32035,0.0,0.0
2023-09-15 15:30:00-04:00,69.88999938964844,69.9800033569336,69.80000305175781,69.8499984741211,48167,0.0,0.0
2023-09-18 09:30:00-04:00,69.08999633789062,69.1500015258789,68.63999938964844,68.72000122070312,20652,0.0,0.0
2023-09-18 10:30:00-04:00,68.8499984741211,68.91000366210938,68.70999908447266,68.80999755859375,20277,0.0,0.0
2023-09-18 11:30:00-04:00,68.81999969482422,68.87000274658203,68.58499908447266,68.66999816894531,9146,0.0,0.0
2023-09-18 12:30:00-04:00,68.67500305175781,68.9000015258789,68.6449966430664,68.9000015258789,24092,0.0,0.0
2023-09-18 13:30:00-04:00,68.87000274658203,68.93000030517578,68.6500015258789,68.69000244140625,12809,0.0,0.0
2023-09-18 14:30:00-04:00,68.66000366210938,68.72000122070312,68.51000213623047,68.58000183105469,19411,0.0,0.0
2023-09-18 15:30:00-04:00,68.55999755859375,68.76000213623047,68.55999755859375,68.69000244140625,38174,0.0,0.0
2023-09-19 09:30:00-04:00,68.79000091552734,68.93000030517578,68.44000244140625,68.54000091552734,7148,0.0,0.0
2023-09-19 10:30:00-04:00,68.52999877929688,68.61000061035156,68.4000015258789,68.61000061035156,16218,0.0,0.0
2023-09-19 11:30:00-04:00,68.58999633789062,68.62000274658203,68.52999877929688,68.56500244140625,12592,0.0,0.0
2023-09-19 12:30:00-04:00,68.58999633789062,68.72000122070312,68.55999755859375,68.63999938964844,14084,0.0,0.0
2023-09-19 13:30:00-04:00,68.6449966430664,68.69000244140625,68.0999984741211,68.54000091552734,37107,0.0,0.0
2023-09-19 14:30:00-04:00,68.55000305175781,68.72000122070312,68.54499816894531,68.61499786376953,22641,0.0,0.0
2023-09-19 15:30:00-04:00,68.61000061035156,68.6500015258789,68.5,68.6500015258789,34310,0.0,0.0
2023-09-20 09:30:00-04:00,68.5,68.98500061035156,68.37999725341797,68.77999877929688,44354,0.0,0.0
2023-09-20 10:30:00-04:00,68.80999755859375,69.0,68.69999694824219,68.8499984741211,36221,0.0,0.0
2023-09-20 11:30:00-04:00,68.8499984741211,68.8499984741211,68.66999816894531,68.80000305175781,29657,0.0,0.0
2023-09-20 12:30:00-04:00,68.77999877929688,68.86000061035156,68.76000213623047,68.81500244140625,35984,0.0,0.0
2023-09-20 13:30:00-04:00,68.79000091552734,68.79000091552734,68.55000305175781,68.68000030517578,29127,0.0,0.0
2023-09-20 14:30:00-04:00,68.66000366210938,68.70999908447266,68.23999786376953,68.23999786376953,50243,0.0,0.0
2023-09-20 15:30:00-04:00,68.27999877929688,68.36000061035156,68.11000061035156,68.20999908447266,65131,0.0,0.0
2023-09-21 09:30:00-04:00,68.36000061035156,68.83999633789062,68.19999694824219,68.3949966430664,29101,0.0,0.0
2023-09-21 10:30:00-04:00,68.41999816894531,68.5199966430664,68.12999725341797,68.16000366210938,26554,0.0,0.0
2023-09-21 11:30:00-04:00,68.19000244140625,68.26000213623047,68.0250015258789,68.04000091552734,28201,0.0,0.0
2023-09-21 12:30:00-04:00,68.05000305175781,68.19000244140625,68.0199966430664,68.11000061035156,16097,0.0,0.0
2023-09-21 13:30:00-04:00,68.11000061035156,68.23999786376953,68.11000061035156,68.13999938964844,16254,0.0,0.0
2023-09-21 14:30:00-04:00,68.1500015258789,68.20999908447266,68.06999969482422,68.0999984741211,22832,0.0,0.0
2023-09-21 15:30:00-04:00,68.0999984741211,68.13500213623047,67.91000366210938,67.91000366210938,55867,0.0,0.0
2023-09-22 09:30:00-04:00,67.19000244140625,67.22000122070312,66.75,67.0199966430664,45072,0.0,0.0
2023-09-22 10:30:00-04:00,66.96499633789062,67.04000091552734,66.62999725341797,66.66999816894531,19883,0.0,0.0
2023-09-22 11:30:00-04:00,66.66500091552734,66.83499908447266,66.66500091552734,66.69000244140625,12866,0.0,0.0
2023-09-22 12:30:00-04:00,66.69000244140625,66.77999877929688,66.51000213623047,66.54499816894531,20915,0.0,0.0
2023-09-22 13:30:00-04:00,66.52100372314453,66.61499786376953,66.4530029296875,66.49500274658203,22410,0.0,0.0
2023-09-22 14:30:00-04:00,66.50890350341797,66.58000183105469,66.44499969482422,66.5199966430664,29364,0.0,0.0
2023-09-22 15:30:00-04:00,66.5,66.5199966430664,66.36000061035156,66.5,60034,0.0,0.0
2023-09-25 09:30:00-04:00,66.0199966430664,66.22000122070312,65.69999694824219,66.09500122070312,37860,0.0,0.0
2023-09-25 10:30:00-04:00,66.05999755859375,66.1050033569336,65.94999694824219,66.05000305175781,12095,0.0,0.0
2023-09-25 11:30:00-04:00,66.06999969482422,66.19999694824219,66.05000305175781,66.1500015258789,21988,0.0,0.0
2023-09-25 12:30:00-04:00,66.12999725341797,66.25499725341797,66.11199951171875,66.12000274658203,23767,0.0,0.0
2023-09-25 13:30:00-04:00,66.11000061035156,66.1500015258789,66.06999969482422,66.06999969482422,15554,0.0,0.0
2023-09-25 14:30:00-04:00,66.13500213623047,66.13500213623047,66.05000305175781,66.12000274658203,21814,0.0,0.0
2023-09-25 15:30:00-04:00,66.16000366210938,66.16999816894531,65.98999786376953,66.0,57801,0.0,0.0
2023-09-26 09:30:00-04:00,65.87000274658203,66.30000305175781,65.86000061035156,66.05999755859375,0,0.0,0.0
2023-09-26 10:30:00-04:00,66.05999755859375,66.37999725341797,66.05999755859375,66.18000030517578,21298,0.0,0.0
2023-09-26 11:30:00-04:00,66.19499969482422,66.33000183105469,66.06999969482422,66.30000305175781,14617,0.0,0.0
2023-09-26 12:30:00-04:00,66.30000305175781,66.45999908447266,66.26000213623047,66.37999725341797,13643,0.0,0.0
2023-09-26 13:30:00-04:00,66.37999725341797,66.37999725341797,66.12999725341797,66.18000030517578,18290,0.0,0.0
2023-09-26 14:30:00-04:00,66.19000244140625,66.27999877929688,66.06999969482422,66.12000274658203,16932,0.0,0.0
2023-09-26 15:30:00-04:00,66.12249755859375,66.1500015258789,65.88999938964844,65.93000030517578,68999,0.0,0.0
2023-09-27 09:30:00-04:00,66.23999786376953,66.5999984741211,66.13999938964844,66.16000366210938,16280,0.0,0.0
2023-09-27 10:30:00-04:00,66.16000366210938,66.16999816894531,65.77999877929688,65.8550033569336,22414,0.0,0.0
2023-09-27 11:30:00-04:00,65.8499984741211,65.94999694824219,65.56999969482422,65.58000183105469,12841,0.0,0.0
2023-09-27 12:30:00-04:00,65.63500213623047,65.68000030517578,65.44000244140625,65.58000183105469,18322,0.0,0.0
2023-09-27 13:30:00-04:00,65.55000305175781,65.55999755859375,65.41999816894531,65.4749984741211,14750,0.0,0.0
2023-09-27 14:30:00-04:00,65.51000213623047,65.97000122070312,65.51000213623047,65.95999908447266,21454,0.0,0.0
2023-09-27 15:30:00-04:00,65.93000030517578,65.93000030517578,65.73200225830078,65.7699966430664,42826,0.0,0.0
2023-09-28 09:30:00-04:00,65.55999755859375,65.75,65.27010345458984,65.69999694824219,15450,0.0,0.0
2023-09-28 10:30:00-04:00,65.67500305175781,65.68000030517578,65.54000091552734,65.63999938964844,16987,0.0,0.0
2023-09-28 11:30:00-04:00,65.66380310058594,65.81500244140625,65.65499877929688,65.81500244140625,14948,0.0,0.0
2023-09-28 12:30:00-04:00,65.80999755859375,65.83999633789062,65.75,65.81999969482422,15616,0.0,0.0
2023-09-28 13:30:00-04:00,65.79000091552734,65.97000122070312,65.69000244140625,65.94499969482422,16538,0.0,0.0
2023-09-28 14:30:00-04:00,65.94000244140625,66.04499816894531,65.86499786376953,66.0250015258789,26747,0.0,0.0
2023-09-28 15:30:00-04:00,66.01499938964844,66.05999755859375,65.86000061035156,66.04000091552734,54595,0.0,0.0
2023-09-29 09:30:00-04:00,67.62000274658203,67.8499984741211,66.86000061035156,67.05999755859375,65794,0.0,0.0
2023-09-29 10:30:00-04:00,67.06999969482422,67.13999938964844,66.88500213623047,67.0199966430664,18761,0.0,0.0
2023-09-29 11:30:00-04:00,67.06999969482422,67.06999969482422,66.94499969482422,66.97000122070312,10279,0.0,0.0
2023-09-29 12:30:00-04:00,66.97000122070312,67.06999969482422,66.80000305175781,67.0250015258789,16101,0.0,0.0
2023-09-29 13:30:00-04:00,66.98999786376953,67.04000091552734,66.87999725341797,66.95999908447266,24341,0.0,0.0
2023-09-29 14:30:00-04:00,66.91999816894531,67.11000061035156,66.9000015258789,67.08999633789062,30070,0.0,0.0
2023-09-29 15:30:00-04:00,67.05999755859375,67.08000183105469,66.87000274658203,66.87000274658203,61141,0.0,0.0
2023-10-02 09:30:00-04:00,66.79000091552734,66.86000061035156,66.36499786376953,66.5999984741211,0,0.0,0.0
2023-10-02 10:30:00-04:00,66.56999969482422,66.5999984741211,66.44000244140625,66.56999969482422,9951,0.0,0.0
2023-10-02 11:30:00-04:00,66.52999877929688,66.55000305175781,66.36000061035156,66.45999908447266,28322,0.0,0.0
2023-10-02 12:30:00-04:00,66.44000244140625,66.55999755859375,66.30500030517578,66.52999877929688,23808,0.0,0.0
2023-10-02 13:30:00-04:00,66.4800033569336,66.58000183105469,66.45999908447266,66.4749984741211,24303,0.0,0.0
2023-10-02 14:30:00-04:00,66.44999694824219,66.58999633789062,66.42500305175781,66.4800033569336,53201,0.0,0.0
2023-10-02 15:30:00-04:00,66.5,66.54000091552734,66.44999694824219,66.5,36580,0.0,0.0
2023-10-03 09:30:00-04:00,65.93000030517578,66.16500091552734,65.76499938964844,65.83499908447266,23457,0.0,0.0
2023-10-03 10:30:00-04:00,65.83499908447266,65.91999816894531,65.77999877929688,65.80000305175781,14069,0.0,0.0
2023-10-03 11:30:00-04:00,65.80000305175781,65.9749984741211,65.77999877929688,65.96499633789062,12149,0.0,0.0
2023-10-03 12:30:00-04:00,65.97000122070312,66.16500091552734,65.97000122070312,66.12999725341797,20251,0.0,0.0
2023-10-03 13:30:00-04:00,66.12999725341797,66.16000366210938,65.79000091552734,65.8550033569336,20461,0.0,0.0
2023-10-03 14:30:00-04:00,65.83999633789062,66.04000091552734,65.82009887695312,65.98500061035156,30092,0.0,0.0
2023-10-03 15:30:00-04:00,65.98500061035156,66.13999938964844,65.98500061035156,66.13999938964844,38889,0.0,0.0
2023-10-04 09:30:00-04:00,65.80000305175781,65.80500030517578,65.4000015258789,65.44000244140625,18608,0.0,0.0
2023-10-04 10:30:00-04:00,65.40499877929688,65.5,65.33999633789062,65.43000030517578,14882,0.0,0.0
2023-10-04 11:30:00-04:00,65.48999786376953,65.72000122070312,65.38999938964844,65.68499755859375,32459,0.0,0.0
2023-10-04 12:30:00-04:00,65.73999786376953,65.94999694824219,65.73999786376953,65.83999633789062,12712,0.0,0.0
2023-10-04 13:30:00-04:00,65.83999633789062,65.8949966430664,65.69499969482422,65.72000122070312,19184,0.0,0.0
2023-10-04 14:30:00-04:00,65.72000122070312,65.91000366210938,65.70999908447266,65.88500213623047,19912,0.0,0.0
2023-10-04 15:30:00-04:00,65.9000015258789,65.91999816894531,65.7699966430664,65.86000061035156,50763,0.0,0.0
2023-10-05 09:30:00-04:00,65.66000366210938,66.0,65.55999755859375,65.83999633789062,0,0.0,0.0
2023-10-05 10:30:00-04:00,65.83000183105469,65.88999938964844,65.3949966430664,65.5999984741211,28917,0.0,0.0
2023-10-05 11:30:00-04:00,65.5999984741211,65.69000244140625,65.48999786376953,65.66999816894531,14506,0.0,0.0
2023-10-05 12:30:00-04:00,65.68000030517578,65.69999694824219,65.57499694824219,65.5999984741211,9895,0.0,0.0
2023-10-05 13:30:00-04:00,65.61499786376953,65.72000122070312,65.58999633789062,65.69999694824219,11325,0.0,0.0
2023-10-05 14:30:00-04:00,65.72000122070312,65.9800033569336,65.72000122070312,65.83499908447266,32884,0.0,0.0
2023-10-05 15:30:00-04:00,65.8499984741211,65.86000061035156,65.66000366210938,65.73999786376953,69908,0.0,0.0
2023-10-06 09:30:00-04:00,65.83000183105469,66.08999633789062,65.53500366210938,65.7300033569336,40150,0.0,0.0
2023-10-06 10:30:00-04:00,65.73999786376953,65.97000122070312,65.69000244140625,65.97000122070312,25864,0.0,0.0
2023-10-06 11:30:00-04:00,66.04000091552734,66.29000091552734,66.03500366210938,66.06999969482422,26270,0.0,0.0
2023-10-06 12:30:00-04:00,66.1050033569336,66.41999816894531,66.1050033569336,66.3499984741211,25583,0.0,0.0
2023-10-06 13:30:00-04:00,66.38999938964844,66.43000030517578,66.2300033569336,66.33499908447266,22792,0.0,0.0
2023-10-06 14:30:00-04:00,66.33999633789062,66.54000091552734,66.30000305175781,66.54000091552734,36422,0.0,0.0
2023-10-06 15:30:00-04:00,66.55000305175781,66.58999633789062,66.2300033569336,66.31999969482422,86065,0.0,0.0
2023-10-09 09:30:00-04:00,66.62000274658203,66.83000183105469,66.36000061035156,66.77999877929688,33340,0.0,0.0
2023-10-09 10:30:00-04:00,66.75,66.79000091552734,66.43499755859375,66.72000122070312,25915,0.0,0.0
2023-10-09 11:30:00-04:00,66.7699966430664,66.88999938964844,66.70999908447266,66.83999633789062,6353,0.0,0.0
2023-10-09 12:30:00-04:00,66.87999725341797,66.99500274658203,66.73999786376953,66.88999938964844,13822,0.0,0.0
2023-10-09 13:30:00-04:00,66.91000366210938,66.94999694824219,66.70999908447266,66.73999786376953,33287,0.0,0.0
2023-10-09 14:30:00-04:00,66.75,66.80000305175781,66.62000274658203,66.69999694824219,25412,0.0,0.0
2023-10-09 15:30:00-04:00,66.69999694824219,66.75,66.62000274658203,66.62000274658203,24930,0.0,0.0
2023-10-10 09:30:00-04:00,66.30999755859375,66.72000122070312,66.16999816894531,66.69000244140625,88502,0.0,0.0
2023-10-10 10:30:00-04:00,66.70999908447266,66.93499755859375,66.62999725341797,66.87999725341797,63162,0.0,0.0
2023-10-10 11:30:00-04:00,66.8499984741211,67.12999725341797,66.80999755859375,67.0999984741211,57622,0.0,0.0
2023-10-10 12:30:00-04:00,67.08000183105469,67.12999725341797,66.86000061035156,66.98999786376953,23051,0.0,0.0
2023-10-10 13:30:00-04:00,66.98999786376953,67.04000091552734,66.9000015258789,66.94000244140625,21907,0.0,0.0
2023-10-10 14:30:00-04:00,66.91000366210938,67.02999877929688,66.86000061035156,67.02999877929688,28404,0.0,0.0
2023-10-10 15:30:00-04:00,67.0199966430664,67.0199966430664,66.73999786376953,66.79000091552734,86918,0.0,0.0
2023-10-11 09:30:00-04:00,67.30999755859375,67.30999755859375,66.86000061035156,67.09500122070312,22664,0.0,0.0
2023-10-11 10:30:00-04:00,67.13999938964844,67.21499633789062,67.05500030517578,67.19999694824219,13592,0.0,0.0
2023-10-11 11:30:00-04:00,67.16999816894531,67.31999969482422,67.1500015258789,67.28500366210938,15924,0.0,0.0
2023-10-11 12:30:00-04:00,67.25,67.25,67.13500213623047,67.1449966430664,8558,0.0,0.0
2023-10-11 13:30:00-04:00,67.13500213623047,67.13500213623047,66.96499633789062,67.0199966430664,17250,0.0,0.0
2023-10-11 14:30:00-04:00,66.98999786376953,67.26000213623047,66.98999786376953,67.2300033569336,18386,0.0,0.0
2023-10-11 15:30:00-04:00,67.26000213623047,67.4000015258789,67.25,67.38999938964844,45935,0.0,0.0
2023-10-12 09:30:00-04:00,67.12999725341797,67.12999725341797,66.45999908447266,66.58999633789062,0,0.0,0.0
2023-10-12 10:30:00-04:00,66.54000091552734,66.7300033569336,66.4800033569336,66.61000061035156,10550,0.0,0.0
2023-10-12 11:30:00-04:00,66.58000183105469,66.7300033569336,66.54000091552734,66.56999969482422,15059,0.0,0.0
2023-10-12 12:30:00-04:00,66.56999969482422,66.58999633789062,66.06400299072266,66.06400299072266,19792,0.0,0.0
2023-10-12 13:30:00-04:00,66.08000183105469,66.11000061035156,65.76499938964844,65.94999694824219,22170,0.0,0.0
2023-10-12 14:30:00-04:00,65.8499984741211,66.16000366210938,65.8499984741211,66.08000183105469,29054,0.0,0.0
2023-10-12 15:30:00-04:00,66.08000183105469,66.19000244140625,66.04000091552734,66.13999938964844,36569,0.0,0.0
2023-10-13 09:30:00-04:00,65.79000091552734,66.61000061035156,65.4800033569336,66.2699966430664,26067,0.0,0.0
2023-10-13 10:30:00-04:00,66.26000213623047,66.37000274658203,66.13999938964844,66.19999694824219,19232,0.0,0.0
2023-10-13 11:30:00-04:00,66.23999786376953,66.45999908447266,66.23999786376953,66.41999816894531,16074,0.0,0.0
2023-10-13 12:30:00-04:00,66.4000015258789,66.5199966430664,66.25399780273438,66.29000091552734,14090,0.0,0.0
2023-10-13 13:30:00-04:00,66.23400115966797,66.44000244140625,66.2300033569336,66.30999755859375,19254,0.0,0.0
2023-10-13 14:30:00-04:00,66.33999633789062,66.44000244140625,66.33999633789062,66.41000366210938,27240,0.0,0.0
2023-10-13 15:30:00-04:00,66.41000366210938,66.47000122070312,66.33000183105469,66.43000030517578,45752,0.0,0.0
2023-10-16 09:30:00-04:00,66.9800033569336,66.9800033569336,66.51399993896484,66.80000305175781,27477,0.0,0.0
2023-10-16 10:30:00-04:00,66.8499984741211,66.98500061035156,66.80000305175781,66.91999816894531,22075,0.0,0.0
2023-10-16 11:30:00-04:00,66.94999694824219,66.95999908447266,66.68499755859375,66.80000305175781,15981,0.0,0.0
2023-10-16 12:30:00-04:00,66.80999755859375,66.9000015258789,66.7300033569336,66.80999755859375,15203,0.0,0.0
2023-10-16 13:30:00-04:00,66.7699966430664,66.80999755859375,66.58000183105469,66.6500015258789,14870,0.0,0.0
2023-10-16 14:30:00-04:00,66.65499877929688,66.7300033569336,66.61000061035156,66.68499755859375,18131,0.0,0.0
2023-10-16 15:30:00-04:00,66.66999816894531,66.73999786376953,66.61000061035156,66.72000122070312,42210,0.0,0.0
2023-10-17 09:30:00-04:00,66.87999725341797,66.95999908447266,66.47000122070312,66.60250091552734,0,0.0,0.0
2023-10-17 10:30:00-04:00,66.58499908447266,66.75,66.56999969482422,66.66000366210938,16971,0.0,0.0
2023-10-17 11:30:00-04:00,66.5999984741211,66.75,66.43000030517578,66.5250015258789,21934,0.0,0.0
2023-10-17 12:30:00-04:00,66.5250015258789,66.5250015258789,66.04000091552734,66.19999694824219,20214,0.0,0.0
2023-10-17 13:30:00-04:00,66.23999786376953,66.23999786376953,66.03399658203125,66.03399658203125,18026,0.0,0.0
2023-10-17 14:30:00-04:00,66.11000061035156,66.25,66.05999755859375,66.18000030517578,25720,0.0,0.0
2023-10-17 15:30:00-04:00,66.19499969482422,66.41000366210938,66.19499969482422,66.33000183105469,47460,0.0,0.0
2023-10-18 09:30:00-04:00,67.69999694824219,68.12000274658203,67.33999633789062,67.36000061035156,66572,0.0,0.0
2023-10-18 10:30:00-04:00,67.4124984741211,67.62000274658203,67.36000061035156,67.44049835205078,71698,0.0,0.0
2023-10-18 11:30:00-04:00,67.4800033569336,67.55000305175781,67.41000366210938,67.4749984741211,64910,0.0,0.0
2023-10-18 12:30:00-04:00,67.5,67.70999908447266,67.44999694824219,67.62999725341797,18544,0.0,0.0
2023-10-18 13:30:00-04:00,67.62999725341797,67.87000274658203,67.62999725341797,67.73999786376953,23612,0.0,0.0
2023-10-18 14:30:00-04:00,67.75499725341797,67.87999725341797,67.69000244140625,67.7699966430664,27486,0.0,0.0
2023-10-18 15:30:00-04:00,67.75,67.80999755859375,67.71499633789062,67.76000213623047,42705,0.0,0.0
2023-10-19 09:30:00-04:00,67.44999694824219,67.79000091552734,66.7300033569336,66.86000061035156,0,0.0,0.0
2023-10-19 10:30:00-04:00,66.81999969482422,67.05000305175781,66.7300033569336,67.02999877929688,24512,0.0,0.0
2023-10-19 11:30:00-04:00,67.08000183105469,67.52999877929688,66.98999786376953,67.24400329589844,33470,0.0,0.0
2023-10-19 12:30:00-04:00,67.20999908447266,67.4800033569336,67.13400268554688,67.44999694824219,20884,0.0,0.0
2023-10-19 13:30:00-04:00,67.44930267333984,67.4800033569336,67.31999969482422,67.41000366210938,15596,0.0,0.0
2023-10-19 14:30:00-04:00,67.33999633789062,67.36000061035156,67.16999816894531,67.23999786376953,21440,0.0,0.0
2023-10-19 15:30:00-04:00,67.25,67.31999969482422,67.12000274658203,67.23999786376953,46352,0.0,0.0
2023-10-20 09:30:00-04:00,67.0,67.18000030517578,66.26000213623047,66.31999969482422,16085,0.0,0.0
2023-10-20 10:30:00-04:00,66.27999877929688,66.44999694824219,66.26000213623047,66.33999633789062,22772,0.0,0.0
2023-10-20 11:30:00-04:00,66.30999755859375,66.5,66.26000213623047,66.43000030517578,12976,0.0,0.0
2023-10-20 12:30:00-04:00,66.4000015258789,66.43499755859375,66.36000061035156,66.38999938964844,15562,0.0,0.0
2023-10-20 13:30:00-04:00,66.37000274658203,66.43000030517578,66.3499984741211,66.4000015258789,13787,0.0,0.0
2023-10-20 14:30:00-04:00,66.37999725341797,66.44599914550781,66.36000061035156,66.41999816894531,20427,0.0,0.0
2023-10-20 15:30:00-04:00,66.44000244140625,66.44000244140625,66.22000122070312,66.23999786376953,67655,0.0,0.0
2023-10-23 09:30:00-04:00,66.0,66.63200378417969,66.0,66.5,34485,0.0,0.0
2023-10-23 10:30:00-04:00,66.55000305175781,66.68000030517578,66.42500305175781,66.56999969482422,10527,0.0,0.0
2023-10-23 11:30:00-04:00,66.58000183105469,66.61599731445312,66.41999816894531,66.55950164794922,12363,0.0,0.0
2023-10-23 12:30:00-04:00,66.53939819335938,66.72000122070312,66.51000213623047,66.55999755859375,10389,0.0,0.0
2023-10-23 13:30:00-04:00,66.55500030517578,66.6500015258789,66.45999908447266,66.51000213623047,9818,0.0,0.0
2023-10-23 14:30:00-04:00,66.5,66.58999633789062,66.48999786376953,66.51000213623047,14835,0.0,0.0
2023-10-23 15:30:00-04:00,66.48999786376953,66.58999633789062,66.44999694824219,66.5,53589,0.0,0.0
2023-10-24 09:30:00-04:00,66.66000366210938,67.08999633789062,66.4000015258789,66.65499877929688,22727,0.0,0.0
2023-10-24 10:30:00-04:00,66.55500030517578,66.86000061035156,66.47000122070312,66.80999755859375,17134,0.0,0.0
2023-10-24 11:30:00-04:00,66.86000061035156,66.94000244140625,66.70999908447266,66.70999908447266,8625,0.0,0.0
2023-10-24 12:30:00-04:00,66.69999694824219,66.77999877929688,66.62000274658203,66.69999694824219,14496,0.0,0.0
2023-10-24 13:30:00-04:00,66.69999694824219,66.77999877929688,66.68000030517578,66.74739837646484,18800,0.0,0.0
2023-10-24 14:30:00-04:00,66.7699966430664,66.91999816894531,66.75,66.79000091552734,23817,0.0,0.0
2023-10-24 15:30:00-04:00,66.79000091552734,66.88999938964844,66.77999877929688,66.77999877929688,33661,0.0,0.0
2023-10-25 09:30:00-04:00,66.19000244140625,66.42500305175781,65.94000244140625,66.0999984741211,22361,0.0,0.0
2023-10-25 10:30:00-04:00,66.16999816894531,66.6050033569336,66.16999816894531,66.5199966430664,22373,0.0,0.0
2023-10-25 11:30:00-04:00,66.48500061035156,66.61000061035156,66.44999694824219,66.5,15845,0.0,0.0
2023-10-25 12:30:00-04:00,66.5,66.5199966430664,66.36000061035156,66.38999938964844,27155,0.0,0.0
2023-10-25 13:30:00-04:00,66.33999633789062,66.41999816894531,66.27999877929688,66.31999969482422,14700,0.0,0.0
2023-10-25 14:30:00-04:00,66.31999969482422,66.34500122070312,66.25,66.30000305175781,21171,0.0,0.0
2023-10-25 15:30:00-04:00,66.30999755859375,66.38500213623047,66.0999984741211,66.11000061035156,63751,0.0,0.0
2023-10-26 09:30:00-04:00,65.48999786376953,65.6500015258789,64.63999938964844,64.83499908447266,44074,0.0,0.0
2023-10-26 10:30:00-04:00,64.83999633789062,65.05000305175781,64.62999725341797,64.68000030517578,31930,0.0,0.0
2023-10-26 11:30:00-04:00,64.63999938964844,64.69999694824219,64.41000366210938,64.46499633789062,38981,0.0,0.0
2023-10-26 12:30:00-04:00,64.41999816894531,64.62000274658203,64.41999816894531,64.5199966430664,37308,0.0,0.0
2023-10-26 13:30:00-04:00,64.5,64.69999694824219,64.43000030517578,64.57499694824219,32905,0.0,0.0
2023-10-26 14:30:00-04:00,64.56500244140625,64.86000061035156,64.55999755859375,64.72000122070312,47249,0.0,0.0
2023-10-26 15:30:00-04:00,64.70999908447266,64.80999755859375,64.58000183105469,64.5999984741211,111002,0.0,0.0
2023-10-27 09:30:00-04:00,64.38999938964844,65.6500015258789,64.08999633789062,65.37999725341797,40584,0.0,0.0
2023-10-27 10:30:00-04:00,65.37999725341797,65.55000305175781,64.88999938964844,65.11000061035156,26344,0.0,0.0
2023-10-27 11:30:00-04:00,65.08000183105469,65.30999755859375,64.9000015258789,65.26000213623047,16118,0.0,0.0
2023-10-27 12:30:00-04:00,65.27999877929688,65.31600189208984,64.95999908447266,64.95999908447266,15918,0.0,0.0
2023-10-27 13:30:00-04:00,65.0,65.20999908447266,64.94000244140625,65.16999816894531,18632,0.0,0.0
2023-10-27 14:30:00-04:00,65.1583023071289,65.4000015258789,65.08000183105469,65.34500122070312,37972,0.0,0.0
2023-10-27 15:30:00-04:00,65.4000015258789,65.4800033569336,65.05000305175781,65.05000305175781,40909,0.0,0.0
2023-10-30 09:30:00-04:00,64.86000061035156,64.9800033569336,64.4749984741211,64.4749984741211,24399,0.0,0.0
2023-10-30 10:30:00-04:00,64.5,65.0,64.44999694824219,64.68000030517578,15417,0.0,0.0
2023-10-30 11:30:00-04:00,64.80999755859375,64.88500213623047,64.6500015258789,64.87989807128906,9931,0.0,0.0
2023-10-30 12:30:00-04:00,64.91000366210938,64.91000366210938,64.68000030517578,64.87000274658203,8608,0.0,0.0
2023-10-30 13:30:00-04:00,64.94000244140625,64.94000244140625,64.75,64.81999969482422,10612,0.0,0.0
2023-10-30 14:30:00-04:00,64.83000183105469,64.8499984741211,64.69000244140625,64.72000122070312,19376,0.0,0.0
2023-10-30 15:30:00-04:00,64.76000213623047,64.91000366210938,64.73999786376953,64.83999633789062,27558,0.0,0.0
2023-10-31 09:30:00-04:00,65.25,65.33000183105469,64.83999633789062,64.94000244140625,24298,0.0,0.0
2023-10-31 10:30:00-04:00,64.99500274658203,65.33499908447266,64.80999755859375,65.19999694824219,37262,0.0,0.0
2023-10-31 11:30:00-04:00,65.09400177001953,65.19999694824219,64.98999786376953,65.02999877929688,16171,0.0,0.0
2023-10-31 12:30:00-04:00,65.05000305175781,65.25499725341797,65.05000305175781,65.14900207519531,25539,0.0,0.0
2023-10-31 13:30:00-04:00,65.1449966430664,65.18000030517578,64.9800033569336,65.0999984741211,16063,0.0,0.0
2023-10-31 14:30:00-04:00,65.1050033569336,65.12999725341797,65.0,65.11000061035156,18638,0.0,0.0
2023-10-31 15:30:00-04:00,65.15499877929688,65.18000030517578,65.04000091552734,65.12999725341797,52379,0.0,0.0
2023-11-01 09:30:00-04:00,65.18000030517578,65.51000213623047,64.9800033569336,65.33499908447266,85328,0.0,0.0
2023-11-01 10:30:00-04:00,65.2699966430664,65.55000305175781,65.23999786376953,65.23999786376953,15430,0.0,0.0
2023-11-01 11:30:00-04:00,65.19000244140625,65.47000122070312,65.19000244140625,65.4000015258789,25398,0.0,0.0
2023-11-01 12:30:00-04:00,65.41999816894531,65.44999694824219,65.12000274658203,65.17500305175781,25760,0.0,0.0
2023-11-01 13:30:00-04:00,65.12000274658203,65.22000122070312,65.08999633789062,65.16000366210938,27066,0.0,0.0
2023-11-01 14:30:00-04:00,65.16000366210938,65.4800033569336,65.06999969482422,65.44000244140625,48469,0.0,0.0
2023-11-01 15:30:00-04:00,65.41999816894531,65.51000213623047,65.25,65.51000213623047,61075,0.0,0.0
2023-11-02 09:30:00-04:00,65.08999633789062,65.08999633789062,64.44999694824219,64.57499694824219,32394,0.0,0.0
2023-11-02 10:30:00-04:00,64.55999755859375,64.68000030517578,64.37000274658203,64.44000244140625,23029,0.0,0.0
2023-11-02 11:30:00-04:00,64.37999725341797,64.48999786376953,64.25,64.29000091552734,15187,0.0,0.0
2023-11-02 12:30:00-04:00,64.36000061035156,64.46499633789062,64.2699966430664,64.46499633789062,14472,0.0,0.0
2023-11-02 13:30:00-04:00,64.41000366210938,64.55000305175781,64.38999938964844,64.52999877929688,17157,0.0,0.0
2023-11-02 14:30:00-04:00,64.56500244140625,64.5999984741211,64.45999908447266,64.51000213623047,13481,0.0,0.0
2023-11-02 15:30:00-04:00,64.5199966430664,64.58000183105469,64.44000244140625,64.54000091552734,48207,0.0,0.0
2023-11-03 09:30:00-04:00,64.01000213623047,64.20999908447266,63.720001220703125,64.0199966430664,56114,0.0,0.0
2023-11-03 10:30:00-04:00,64.02999877929688,64.27999877929688,63.95500183105469,64.27999877929688,49432,0.0,0.0
2023-11-03 11:30:00-04:00,64.27999877929688,64.48999786376953,64.19000244140625,64.45999908447266,51265,0.0,0.0
2023-11-03 12:30:00-04:00,64.47000122070312,64.56999969482422,64.43000030517578,64.4800033569336,24599,0.0,0.0
2023-11-03 13:30:00-04:00,64.5199966430664,64.55500030517578,64.30000305175781,64.3499984741211,33818,0.0,0.0
2023-11-03 14:30:00-04:00,64.33999633789062,64.43000030517578,64.2300033569336,64.23999786376953,35340,0.0,0.0
2023-11-03 15:30:00-04:00,64.23999786376953,64.30000305175781,64.12000274658203,64.30000305175781,54599,0.0,0.0
2023-11-06 09:30:00-05:00,64.6500015258789,64.6500015258789,64.36499786376953,64.55000305175781,8504,0.0,0.0
2023-11-06 10:30:00-05:00,64.45999908447266,64.56999969482422,64.41500091552734,64.43000030517578,12412,0.0,0.0
2023-11-06 11:30:00-05:00,64.44000244140625,64.7300033569336,64.43000030517578,64.7300033569336,12488,0.0,0.0
2023-11-06 12:30:00-05:00,64.81999969482422,64.83000183105469,64.5199966430664,64.79000091552734,20029,0.0,0.0
2023-11-06 13:30:00-05:00,64.83000183105469,64.83000183105469,64.62000274658203,64.70999908447266,13518,0.0,0.0
2023-11-06 14:30:00-05:00,64.70999908447266,64.79000091552734,64.69000244140625,64.79000091552734,8675,0.0,0.0
2023-11-06 15:30:00-05:00,64.77999877929688,64.77999877929688,64.55000305175781,64.73999786376953,27803,0.0,0.0
2023-11-07 09:30:00-05:00,65.4000015258789,65.4000015258789,64.86000061035156,65.07340240478516,11744,0.0,0.0
2023-11-07 10:30:00-05:00,65.12999725341797,65.20999908447266,65.0199966430664,65.13999938964844,7383,0.0,0.0
2023-11-07 11:30:00-05:00,65.19499969482422,65.19499969482422,65.00499725341797,65.00499725341797,11005,0.0,0.0
2023-11-07 12:30:00-05:00,65.0,65.04499816894531,64.91999816894531,65.04499816894531,9638,0.0,0.0
2023-11-07 13:30:00-05:00,65.06999969482422,65.08000183105469,64.98999786376953,65.06999969482422,13534,0.0,0.0
2023-11-07 14:30:00-05:00,65.0250015258789,65.04499816894531,64.94400024414062,65.0,16518,0.0,0.0
2023-11-07 15:30:00-05:00,64.98999786376953,65.15499877929688,64.9000015258789,64.91000366210938,42684,0.0,0.0
2023-11-08 09:30:00-05:00,65.63999938964844,66.32499694824219,65.4749984741211,66.18499755859375,36968,0.0,0.0
2023-11-08 10:30:00-05:00,66.16500091552734,66.36000061035156,66.12000274658203,66.2249984741211,12626,0.0,0.0
2023-11-08 11:30:00-05:00,66.2249984741211,66.33000183105469,66.18499755859375,66.21499633789062,14655,0.0,0.0
2023-11-08 12:30:00-05:00,66.20999908447266,66.36000061035156,66.18000030517578,66.31999969482422,20254,0.0,0.0
2023-11-08 13:30:00-05:00,66.28500366210938,66.30000305175781,66.19000244140625,66.23999786376953,15369,0.0,0.0
2023-11-08 14:30:00-05:00,66.26000213623047,66.31999969482422,66.21600341796875,66.2750015258789,21040,0.0,0.0
2023-11-08 15:30:00-05:00,66.2750015258789,66.4000015258789,66.26000213623047,66.36000061035156,40865,0.0,0.0
2023-11-09 09:30:00-05:00,66.3499984741211,66.3499984741211,65.61000061035156,65.61000061035156,7620,0.0,0.0
2023-11-09 10:30:00-05:00,65.58999633789062,65.6500015258789,65.5199966430664,65.6050033569336,5508,0.0,0.0
2023-11-09 11:30:00-05:00,65.62999725341797,65.69999694824219,65.56500244140625,65.58999633789062,9961,0.0,0.0
2023-11-09 12:30:00-05:00,65.56500244140625,65.56500244140625,65.1500015258789,65.30000305175781,8708,0.0,0.0
2023-11-09 13:30:00-05:00,65.32499694824219,65.33999633789062,64.7699966430664,64.83999633789062,14738,0.0,0.0
2023-11-09 14:30:00-05:00,64.81999969482422,64.87999725341797,64.63999938964844,64.81999969482422,49109,0.0,0.0
2023-11-09 15:30:00-05:00,64.81999969482422,64.87000274658203,64.70999908447266,64.77999877929688,91584,0.0,0.0
2023-11-10 09:30:00-05:00,64.87999725341797,65.18000030517578,64.83000183105469,65.07499694824219,40276,0.0,0.0
2023-11-10 10:30:00-05:00,65.01000213623047,65.2249984741211,64.93000030517578,65.12000274658203,15456,0.0,0.0
2023-11-10 11:30:00-05:00,65.0999984741211,65.41500091552734,65.04000091552734,65.26499938964844,18454,0.0,0.0
2023-11-10 12:30:00-05:00,65.26000213623047,65.43000030517578,65.26000213623047,65.36000061035156,12697,0.0,0.0
2023-11-10 13:30:00-05:00,65.3499984741211,65.54499816894531,65.3499984741211,65.44000244140625,12515,0.0,0.0
2023-11-10 14:30:00-05:00,65.44000244140625,65.77999877929688,65.41999816894531,65.77999877929688,18047,0.0,0.0
2023-11-10 15:30:00-05:00,65.7300033569336,65.75,65.38999938964844,65.4000015258789,36130,0.0,0.0
2023-11-13 09:30:00-05:00,65.30999755859375,65.45999908447266,65.01000213623047,65.1449966430664,11825,0.0,0.0
2023-11-13 10:30:00-05:00,65.18000030517578,65.23999786376953,65.0199966430664,65.12000274658203,15386,0.0,0.0
2023-11-13 11:30:00-05:00,65.19000244140625,65.38500213623047,65.16999816894531,65.2249984741211,13763,0.0,0.0
2023-11-13 12:30:00-05:00,65.16000366210938,65.23999786376953,65.05999755859375,65.1500015258789,10539,0.0,0.0
2023-11-13 13:30:00-05:00,65.11000061035156,65.2699966430664,65.06999969482422,65.06999969482422,12454,0.0,0.0
2023-11-13 14:30:00-05:00,65.08000183105469,65.12000274658203,65.0,65.0,21227,0.0,0.0
2023-11-13 15:30:00-05:00,65.0,65.05000305175781,64.86000061035156,64.86000061035156,22469,0.0,0.0
2023-11-14 09:30:00-05:00,65.41000366210938,65.69000244140625,65.125,65.61000061035156,7316,0.0,0.0
2023-11-14 10:30:00-05:00,65.61000061035156,65.6500015258789,65.29000091552734,65.44999694824219,14773,0.0,0.0
2023-11-14 11:30:00-05:00,65.37999725341797,65.52999877929688,65.0999984741211,65.18000030517578,11048,0.0,0.0
2023-11-14 12:30:00-05:00,65.19999694824219,65.2699966430664,65.04499816894531,65.2300033569336,22419,0.0,0.0
2023-11-14 13:30:00-05:00,65.2300033569336,65.33000183105469,65.08000183105469,65.25499725341797,19557,0.0,0.0
2023-11-14 14:30:00-05:00,65.22000122070312,65.36000061035156,65.19819641113281,65.26000213623047,15767,0.0,0.0
2023-11-14 15:30:00-05:00,65.27999877929688,65.4000015258789,65.23999786376953,65.23999786376953,37175,0.0,0.0
2023-11-15 09:30:00-05:00,65.19999694824219,65.58999633789062,65.13999938964844,65.51499938964844,22115,0.0,0.0
2023-11-15 10:30:00-05:00,65.5250015258789,65.91000366210938,65.5250015258789,65.7300033569336,21632,0.0,0.0
2023-11-15 11:30:00-05:00,65.73999786376953,65.83999633789062,65.66000366210938,65.80000305175781,19001,0.0,0.0
2023-11-15 12:30:00-05:00,65.77999877929688,65.81999969482422,65.69999694824219,65.76499938964844,17090,0.0,0.0
2023-11-15 13:30:00-05:00,65.74500274658203,65.87000274658203,65.73999786376953,65.83999633789062,17624,0.0,0.0
2023-11-15 14:30:00-05:00,65.87000274658203,65.88999938964844,65.75,65.7699966430664,19787,0.0,0.0
2023-11-15 15:30:00-05:00,65.76000213623047,65.79000091552734,65.63999938964844,65.66999816894531,64195,0.0,0.0
2023-11-16 09:30:00-05:00,66.41000366210938,66.91000366210938,65.94000244140625,66.86499786376953,32194,0.0,0.0
2023-11-16 10:30:00-05:00,66.80000305175781,66.82499694824219,66.5,66.58000183105469,18826,0.0,0.0
2023-11-16 11:30:00-05:00,66.55000305175781,66.61000061035156,66.30999755859375,66.33999633789062,27489,0.0,0.0
2023-11-16 12:30:00-05:00,66.37000274658203,66.41000366210938,66.0199966430664,66.08999633789062,24648,0.0,0.0
2023-11-16 13:30:00-05:00,66.08000183105469,66.12149810791016,65.92400360107422,66.1050033569336,20492,0.0,0.0
2023-11-16 14:30:00-05:00,66.11000061035156,66.32499694824219,66.11000061035156,66.27999877929688,24946,0.0,0.0
2023-11-16 15:30:00-05:00,66.27999877929688,66.4198989868164,66.27999877929688,66.3499984741211,42009,0.0,0.0
2023-11-17 09:30:00-05:00,66.86000061035156,67.33999633789062,66.80000305175781,67.01499938964844,41034,0.0,0.0
2023-11-17 10:30:00-05:00,67.06999969482422,67.0999984741211,66.73500061035156,66.73999786376953,22607,0.0,0.0
2023-11-17 11:30:00-05:00,66.79000091552734,66.91999816894531,66.7750015258789,66.79000091552734,21051,0.0,0.0
2023-11-17 12:30:00-05:00,66.79499816894531,66.91000366210938,66.75,66.86000061035156,15438,0.0,0.0
2023-11-17 13:30:00-05:00,66.8499984741211,66.88999938964844,66.80999755859375,66.875,20199,0.0,0.0
2023-11-17 14:30:00-05:00,66.875,66.88999938964844,66.7300033569336,66.88999938964844,28644,0.0,0.0
2023-11-17 15:30:00-05:00,66.91000366210938,66.9800033569336,66.83999633789062,66.8949966430664,95911,0.0,0.0
2023-11-20 09:30:00-05:00,66.87999725341797,67.56999969482422,66.87999725341797,67.37999725341797,21348,0.0,0.0
2023-11-20 10:30:00-05:00,67.38999938964844,67.54000091552734,67.38999938964844,67.46499633789062,15575,0.0,0.0
2023-11-20 11:30:00-05:00,67.41999816894531,67.46499633789062,67.37000274658203,67.38500213623047,8730,0.0,0.0
2023-11-20 12:30:00-05:00,67.34500122070312,67.36000061035156,67.20999908447266,67.31999969482422,15587,0.0,0.0
2023-11-20 13:30:00-05:00,67.40499877929688,67.6050033569336,67.36499786376953,67.55999755859375,6765,0.0,0.0
2023-11-20 14:30:00-05:00,67.57499694824219,67.62000274658203,67.44999694824219,67.55999755859375,17750,0.0,0.0
2023-11-20 15:30:00-05:00,67.61000061035156,67.61000061035156,67.44999694824219,67.5,19518,0.0,0.0
2023-11-21 09:30:00-05:00,67.79000091552734,67.99500274658203,67.75,67.98999786376953,5101,0.0,0.0
2023-11-21 10:30:00-05:00,67.86499786376953,68.0999984741211,67.8499984741211,68.03500366210938,8217,0.0,0.0
2023-11-21 11:30:00-05:00,68.08000183105469,68.3499984741211,68.08000183105469,68.23249816894531,19811,0.0,0.0
2023-11-21 12:30:00-05:00,68.23500061035156,68.33000183105469,68.23500061035156,68.33000183105469,13599,0.0,0.0
2023-11-21 13:30:00-05:00,68.30000305175781,68.38999938964844,68.27999877929688,68.32499694824219,15996,0.0,0.0
2023-11-21 14:30:00-05:00,68.32499694824219,68.4800033569336,68.29000091552734,68.43000030517578,23154,0.0,0.0
2023-11-21 15:30:00-05:00,68.43000030517578,68.5199966430664,68.16000366210938,68.18000030517578,58879,0.0,0.0
2023-11-22 09:30:00-05:00,68.33999633789062,69.05999755859375,67.91999816894531,68.05000305175781,43051,0.0,0.0
2023-11-22 10:30:00-05:00,68.02999877929688,68.08899688720703,67.86000061035156,67.88999938964844,10751,0.0,0.0
2023-11-22 11:30:00-05:00,67.83999633789062,68.08999633789062,67.83999633789062,67.97000122070312,11931,0.0,0.0
2023-11-22 12:30:00-05:00,67.95999908447266,67.98500061035156,67.80000305175781,67.98500061035156,15313,0.0,0.0
2023-11-22 13:30:00-05:00,68.0,68.04000091552734,67.91000366210938,68.04000091552734,12793,0.0,0.0
2023-11-22 14:30:00-05:00,68.12000274658203,68.13999938964844,67.72000122070312,67.7699966430664,15569,0.0,0.0
2023-11-22 15:30:00-05:00,67.79000091552734,67.80000305175781,67.56999969482422,67.61000061035156,57553,0.0,0.0
2023-11-24 09:30:00-05:00,67.73999786376953,68.13999938964844,67.66500091552734,67.9800033569336,28672,0.0,0.0
2023-11-24 10:30:00-05:00,67.91999816894531,68.44000244140625,67.9000015258789,68.38500213623047,24592,0.0,0.0
2023-11-24 11:30:00-05:00,68.33000183105469,68.47000122070312,68.20999908447266,68.31999969482422,15311,0.0,0.0
2023-11-27 09:30:00-05:00,68.12999725341797,68.2300033569336,67.54000091552734,67.82499694824219,36252,0.0,0.0
2023-11-27 10:30:00-05:00,67.77999877929688,67.88500213623047,67.7300033569336,67.88500213623047,7413,0.0,0.0
2023-11-27 11:30:00-05:00,67.86000061035156,67.91000366210938,67.6500015258789,67.76499938964844,13950,0.0,0.0
2023-11-27 12:30:00-05:00,67.80999755859375,67.9000015258789,67.77999877929688,67.9000015258789,4812,0.0,0.0
2023-11-27 13:30:00-05:00,67.9000015258789,67.96499633789062,67.75,67.81999969482422,10514,0.0,0.0
2023-11-27 14:30:00-05:00,67.7699966430664,67.88999938964844,67.7699966430664,67.80000305175781,8856,0.0,0.0
2023-11-27 15:30:00-05:00,67.87000274658203,67.87000274658203,67.69999694824219,67.7300033569336,22250,0.0,0.0
2023-11-28 09:30:00-05:00,68.01000213623047,68.1500015258789,67.86499786376953,68.13999938964844,66463,0.0,0.0
2023-11-28 10:30:00-05:00,68.13999938964844,68.22000122070312,68.0199966430664,68.11000061035156,15203,0.0,0.0
2023-11-28 11:30:00-05:00,68.08820343017578,68.12000274658203,68.01000213623047,68.12000274658203,13427,0.0,0.0
2023-11-28 12:30:00-05:00,68.08000183105469,68.12999725341797,67.875,67.99980163574219,27060,0.0,0.0
2023-11-28 13:30:00-05:00,68.02999877929688,68.04000091552734,67.9000015258789,67.94000244140625,13942,0.0,0.0
2023-11-28 14:30:00-05:00,67.9800033569336,68.0999984741211,67.9000015258789,67.94999694824219,23966,0.0,0.0
2023-11-28 15:30:00-05:00,67.93000030517578,67.94000244140625,67.75,67.83000183105469,35722,0.0,0.0
2023-11-29 09:30:00-05:00,68.16999816894531,68.49469757080078,68.0,68.19499969482422,69841,0.0,0.0
2023-11-29 10:30:00-05:00,68.19000244140625,68.41999816894531,68.12000274658203,68.25499725341797,15100,0.0,0.0
2023-11-29 11:30:00-05:00,68.33000183105469,68.33000183105469,68.12000274658203,68.25,20643,0.0,0.0
2023-11-29 12:30:00-05:00,68.26000213623047,68.37000274658203,68.19999694824219,68.29000091552734,48272,0.0,0.0
2023-11-29 13:30:00-05:00,68.19000244140625,68.29499816894531,68.18000030517578,68.2699966430664,12165,0.0,0.0
2023-11-29 14:30:00-05:00,68.2699966430664,68.2750015258789,68.05000305175781,68.08999633789062,11744,0.0,0.0
2023-11-29 15:30:00-05:00,68.04000091552734,68.30999755859375,68.04000091552734,68.2699966430664,82163,0.0,0.0
2023-11-30 09:30:00-05:00,69.0,70.02999877929688,68.86000061035156,69.56999969482422,80854,0.0,0.0
2023-11-30 10:30:00-05:00,69.5999984741211,69.8499984741211,69.5999984741211,69.66000366210938,24634,0.0,0.0
2023-11-30 11:30:00-05:00,69.66000366210938,69.66999816894531,69.44010162353516,69.54010009765625,34716,0.0,0.0
2023-11-30 12:30:00-05:00,69.55999755859375,69.63999938964844,69.4800033569336,69.51000213623047,17797,0.0,0.0
2023-11-30 13:30:00-05:00,69.5,69.55500030517578,69.38999938964844,69.41999816894531,14719,0.0,0.0
2023-11-30 14:30:00-05:00,69.43000030517578,69.6884994506836,69.41000366210938,69.62000274658203,57612,0.0,0.0
2023-11-30 15:30:00-05:00,69.62000274658203,69.91000366210938,69.61000061035156,69.91000366210938,86448,0.0,0.0
2023-12-01 09:30:00-05:00,69.7249984741211,69.86000061035156,69.19999694824219,69.25499725341797,78288,0.0,0.0
2023-12-01 10:30:00-05:00,69.22000122070312,69.62000274658203,69.20999908447266,69.57499694824219,35179,0.0,0.0
2023-12-01 11:30:00-05:00,69.56999969482422,69.77999877929688,69.55000305175781,69.72010040283203,23149,0.0,0.0
2023-12-01 12:30:00-05:00,69.7300033569336,69.81999969482422,69.62000274658203,69.73999786376953,21221,0.0,0.0
2023-12-01 13:30:00-05:00,69.75,69.81999969482422,69.5999984741211,69.72000122070312,52148,0.0,0.0
2023-12-01 14:30:00-05:00,69.70999908447266,69.83499908447266,69.63999938964844,69.69000244140625,32182,0.0,0.0
2023-12-01 15:30:00-05:00,69.68000030517578,69.70999908447266,69.5199966430664,69.62000274658203,46917,0.0,0.0
2023-12-04 09:30:00-05:00,69.5199966430664,69.93000030517578,69.47000122070312,69.9000015258789,65293,0.0,0.0
2023-12-04 10:30:00-05:00,69.94000244140625,70.04000091552734,69.80000305175781,69.80000305175781,29793,0.0,0.0
2023-12-04 11:30:00-05:00,69.80999755859375,69.98999786376953,69.7699966430664,69.83000183105469,13192,0.0,0.0
2023-12-04 12:30:00-05:00,69.86000061035156,69.91000366210938,69.66999816894531,69.7300033569336,10719,0.0,0.0
2023-12-04 13:30:00-05:00,69.67500305175781,69.74500274658203,69.56999969482422,69.7249984741211,13583,0.0,0.0
2023-12-04 14:30:00-05:00,69.70999908447266,70.0,69.70999908447266,69.83000183105469,30565,0.0,0.0
2023-12-04 15:30:00-05:00,69.80999755859375,69.91999816894531,69.75499725341797,69.86000061035156,28954,0.0,0.0
2023-12-05 09:30:00-05:00,69.7699966430664,69.7699966430664,69.31999969482422,69.55000305175781,51174,0.0,0.0
2023-12-05 10:30:00-05:00,69.61000061035156,69.72000122070312,69.51000213623047,69.72000122070312,17439,0.0,0.0
2023-12-05 11:30:00-05:00,69.7300033569336,69.9000015258789,69.54010009765625,69.79000091552734,16165,0.0,0.0
2023-12-05 12:30:00-05:00,69.7699966430664,69.91999816894531,69.72000122070312,69.81999969482422,16046,0.0,0.0
2023-12-05 13:30:00-05:00,69.83999633789062,69.88999938964844,69.73999786376953,69.80000305175781,8914,0.0,0.0
2023-12-05 14:30:00-05:00,69.79499816894531,69.83999633789062,69.58000183105469,69.65979766845703,16414,0.0,0.0
2023-12-05 15:30:00-05:00,69.6500015258789,69.80000305175781,69.6050033569336,69.77999877929688,26413,0.0,0.0
2023-12-06 09:30:00-05:00,69.2699966430664,69.37000274658203,69.02999877929688,69.33000183105469,122398,0.0,0.0
2023-12-06 10:30:00-05:00,69.41999816894531,69.69999694824219,69.27999877929688,69.44000244140625,184396,0.0,0.0
2023-12-06 11:30:00-05:00,69.44000244140625,69.63999938964844,69.41999816894531,69.62000274658203,49477,0.0,0.0
2023-12-06 12:30:00-05:00,69.62000274658203,69.72000122070312,69.5999984741211,69.625,38838,0.0,0.0
2023-12-06 13:30:00-05:00,69.62000274658203,69.73500061035156,69.5999984741211,69.6500015258789,37640,0.0,0.0
2023-12-06 14:30:00-05:00,69.63999938964844,69.66999816894531,69.26000213623047,69.30000305175781,254017,0.0,0.0
2023-12-06 15:30:00-05:00,69.26000213623047,69.47000122070312,69.23999786376953,69.44499969482422,96008,0.0,0.0
2023-12-07 09:30:00-05:00,69.5,69.75,69.12000274658203,69.55000305175781,89513,0.0,0.0
2023-12-07 10:30:00-05:00,69.45999908447266,69.58000183105469,69.30999755859375,69.40499877929688,15052,0.0,0.0
2023-12-07 11:30:00-05:00,69.45999908447266,69.80000305175781,69.43000030517578,69.70500183105469,50039,0.0,0.0
2023-12-07 12:30:00-05:00,69.66999816894531,69.69000244140625,69.52999877929688,69.62000274658203,28215,0.0,0.0
2023-12-07 13:30:00-05:00,69.61000061035156,69.69999694824219,69.4800033569336,69.55999755859375,15571,0.0,0.0
2023-12-07 14:30:00-05:00,69.5999984741211,69.5999984741211,69.37000274658203,69.37999725341797,40832,0.0,0.0
2023-12-07 15:30:00-05:00,69.43000030517578,69.77999877929688,69.41999816894531,69.77999877929688,73169,0.0,0.0
2023-12-08 09:30:00-05:00,69.23999786376953,69.56999969482422,69.05999755859375,69.3499984741211,67977,0.0,0.0
2023-12-08 10:30:00-05:00,69.41000366210938,69.47000122070312,69.13999938964844,69.16999816894531,22190,0.0,0.0
2023-12-08 11:30:00-05:00,69.13999938964844,69.1500015258789,68.7249984741211,68.78500366210938,32678,0.0,0.0
2023-12-08 12:30:00-05:00,68.76000213623047,69.0,68.56999969482422,68.79000091552734,54066,0.0,0.0
2023-12-08 13:30:00-05:00,68.73999786376953,68.80999755859375,68.58999633789062,68.58999633789062,64584,0.0,0.0
2023-12-08 14:30:00-05:00,68.58000183105469,68.63999938964844,68.51000213623047,68.58999633789062,26157,0.0,0.0
2023-12-08 15:30:00-05:00,68.58999633789062,68.87000274658203,68.56999969482422,68.84500122070312,103041,0.0,0.0
2023-12-11 09:30:00-05:00,65.5,65.93000030517578,64.69999694824219,65.5999984741211,200634,0.0,0.0
2023-12-11 10:30:00-05:00,65.60060119628906,65.66999816894531,65.19000244140625,65.2750015258789,30993,0.0,0.0
2023-12-11 11:30:00-05:00,65.26000213623047,65.26000213623047,64.58000183105469,64.75,51986,0.0,0.0
2023-12-11 12:30:00-05:00,64.77999877929688,64.89990234375,64.5,64.61000061035156,33514,0.0,0.0
2023-12-11 13:30:00-05:00,64.58000183105469,65.00900268554688,64.54000091552734,64.70999908447266,31952,0.0,0.0
2023-12-11 14:30:00-05:00,64.73999786376953,64.94999694824219,64.63999938964844,64.94000244140625,26195,0.0,0.0
2023-12-11 15:30:00-05:00,64.96499633789062,64.96499633789062,64.76000213623047,64.86000061035156,74117,0.0,0.0
2023-12-12 09:30:00-05:00,66.33000183105469,66.33000183105469,65.6875,65.81999969482422,137462,0.0,0.0
2023-12-12 10:30:00-05:00,65.80000305175781,65.96499633789062,65.69999694824219,65.7699966430664,34969,0.0,0.0
2023-12-12 11:30:00-05:00,65.78500366210938,65.86000061035156,65.73500061035156,65.7750015258789,16146,0.0,0.0
2023-12-12 12:30:00-05:00,65.7750015258789,65.87999725341797,65.44999694824219,65.8499984741211,48693,0.0,0.0
2023-12-12 13:30:00-05:00,65.84500122070312,65.92990112304688,65.80999755859375,65.80999755859375,19697,0.0,0.0
2023-12-12 14:30:00-05:00,65.83000183105469,66.0,65.76000213623047,65.96499633789062,39118,0.0,0.0
2023-12-12 15:30:00-05:00,65.97000122070312,66.22000122070312,65.94000244140625,66.20999908447266,76187,0.0,0.0
2023-12-13 09:30:00-05:00,67.12000274658203,67.12000274658203,66.5199966430664,67.0,98540,0.0,0.0
2023-12-13 10:30:00-05:00,66.94999694824219,67.05000305175781,66.90499877929688,66.93000030517578,19753,0.0,0.0
2023-12-13 11:30:00-05:00,66.91999816894531,67.1500015258789,66.91999816894531,66.9800033569336,15090,0.0,0.0
2023-12-13 12:30:00-05:00,66.94999694824219,66.9800033569336,66.81999969482422,66.8499984741211,15139,0.0,0.0
2023-12-13 13:30:00-05:00,66.80000305175781,67.0,66.69000244140625,67.0,17937,0.0,0.0
2023-12-13 14:30:00-05:00,66.947998046875,67.43000030517578,66.947998046875,67.41000366210938,27775,0.0,0.0
2023-12-13 15:30:00-05:00,67.47000122070312,67.47000122070312,67.29000091552734,67.30000305175781,42026,0.0,0.0
2023-12-14 09:30:00-05:00,67.36000061035156,67.5199966430664,66.72000122070312,66.72000122070312,65746,0.0,0.0
2023-12-14 10:30:00-05:00,66.70999908447266,66.7300033569336,66.40499877929688,66.51000213623047,15681,0.0,0.0
2023-12-14 11:30:00-05:00,66.58000183105469,66.65899658203125,66.4000015258789,66.63999938964844,13276,0.0,0.0
2023-12-14 12:30:00-05:00,66.55999755859375,66.95999908447266,66.55999755859375,66.69999694824219,18147,0.0,0.0
2023-12-14 13:30:00-05:00,66.6500015258789,66.69000244140625,66.4092025756836,66.46499633789062,12230,0.0,0.0
2023-12-14 14:30:00-05:00,66.44000244140625,66.4800033569336,66.4000015258789,66.44999694824219,26164,0.0,0.0
2023-12-14 15:30:00-05:00,66.45999908447266,66.69000244140625,66.41000366210938,66.69000244140625,63959,0.0,0.0
2023-12-15 09:30:00-05:00,66.77999877929688,67.04000091552734,66.51499938964844,66.61000061035156,58930,0.0,0.0
2023-12-15 10:30:00-05:00,66.61000061035156,66.80000305175781,66.4800033569336,66.77999877929688,24263,0.0,0.0
2023-12-15 11:30:00-05:00,66.75,66.81999969482422,66.56549835205078,66.69000244140625,15563,0.0,0.0
2023-12-15 12:30:00-05:00,66.66999816894531,66.83429718017578,66.6500015258789,66.76000213623047,17513,0.0,0.0
2023-12-15 13:30:00-05:00,66.7300033569336,66.7300033569336,66.55000305175781,66.66000366210938,18433,0.0,0.0
2023-12-15 14:30:00-05:00,66.56999969482422,66.70999908447266,66.56999969482422,66.66000366210938,18339,0.0,0.0
2023-12-15 15:30:00-05:00,66.68000030517578,66.68000030517578,66.56999969482422,66.62000274658203,60310,0.0,0.0
2023-12-18 09:30:00-05:00,67.06999969482422,67.31999969482422,66.88999938964844,67.05999755859375,18071,0.0,0.0
2023-12-18 10:30:00-05:00,67.16999816894531,67.30000305175781,67.04000091552734,67.2300033569336,15947,0.0,0.0
2023-12-18 11:30:00-05:00,67.24500274658203,67.27999877929688,67.11000061035156,67.19000244140625,12036,0.0,0.0
2023-12-18 12:30:00-05:00,67.1500015258789,67.16999816894531,67.04149627685547,67.16999816894531,12118,0.0,0.0
2023-12-18 13:30:00-05:00,67.18000030517578,67.18000030517578,67.05000305175781,67.0999984741211,9077,0.0,0.0
2023-12-18 14:30:00-05:00,67.06999969482422,67.31999969482422,67.06999969482422,67.23999786376953,14267,0.0,0.0
2023-12-18 15:30:00-05:00,67.279296875,67.29000091552734,67.19999694824219,67.20999908447266,37299,0.0,0.0
2023-12-19 09:30:00-05:00,67.48999786376953,68.18499755859375,67.48999786376953,68.12999725341797,15210,0.0,0.0
2023-12-19 10:30:00-05:00,68.18499755859375,68.41000366210938,68.17500305175781,68.30999755859375,19386,0.0,0.0
2023-12-19 11:30:00-05:00,68.30999755859375,68.30999755859375,68.12999725341797,68.19999694824219,13840,0.0,0.0
2023-12-19 12:30:00-05:00,68.22000122070312,68.24500274658203,67.95999908447266,68.04499816894531,16510,0.0,0.0
2023-12-19 13:30:00-05:00,68.08000183105469,68.13999938964844,67.83999633789062,67.83999633789062,14766,0.0,0.0
2023-12-19 14:30:00-05:00,67.83999633789062,68.125,67.81199645996094,68.08999633789062,18761,0.0,0.0
2023-12-19 15:30:00-05:00,68.08000183105469,68.20999908447266,68.05400085449219,68.13999938964844,43391,0.0,0.0
2023-12-20 09:30:00-05:00,67.75,67.75,67.09739685058594,67.22000122070312,24480,0.0,0.0
2023-12-20 10:30:00-05:00,67.26709747314453,67.58999633789062,67.23500061035156,67.45600128173828,13471,0.0,0.0
2023-12-20 11:30:00-05:00,67.44999694824219,67.44999694824219,67.26010131835938,67.30999755859375,7559,0.0,0.0
2023-12-20 12:30:00-05:00,67.3499984741211,67.54000091552734,67.30999755859375,67.33999633789062,14717,0.0,0.0
2023-12-20 13:30:00-05:00,67.33999633789062,67.3499984741211,67.2300033569336,67.26000213623047,11861,0.0,0.0
2023-12-20 14:30:00-05:00,67.12000274658203,67.12999725341797,66.5999984741211,66.62000274658203,23824,0.0,0.0
2023-12-20 15:30:00-05:00,66.6500015258789,66.6500015258789,66.31999969482422,66.37000274658203,57850,0.0,0.0
2023-12-21 09:30:00-05:00,66.7699966430664,67.16999816894531,66.62999725341797,66.7300033569336,15846,0.0,0.0
2023-12-21 10:30:00-05:00,66.81500244140625,66.83000183105469,66.6500015258789,66.7699966430664,9984,0.0,0.0
2023-12-21 11:30:00-05:00,66.80999755859375,67.01000213623047,66.62000274658203,66.83000183105469,30340,0.0,0.0
2023-12-21 12:30:00-05:00,66.69999694824219,66.75,66.55000305175781,66.6500015258789,12716,0.0,0.0
2023-12-21 13:30:00-05:00,66.63999938964844,66.80000305175781,66.5999984741211,66.70500183105469,13810,0.0,0.0
2023-12-21 14:30:00-05:00,66.69999694824219,66.83000183105469,66.68000030517578,66.80500030517578,47879,0.0,0.0
2023-12-21 15:30:00-05:00,66.80750274658203,66.91999816894531,66.73999786376953,66.79000091552734,81485,0.0,0.0
2023-12-22 09:30:00-05:00,67.61000061035156,67.76000213623047,67.41000366210938,67.55000305175781,48102,0.0,0.0
2023-12-22 10:30:00-05:00,67.4800033569336,67.81999969482422,67.4000015258789,67.71499633789062,67461,0.0,0.0
2023-12-22 11:30:00-05:00,67.75,67.83999633789062,67.52999877929688,67.52999877929688,18188,0.0,0.0
2023-12-22 12:30:00-05:00,67.5199966430664,67.54000091552734,67.37999725341797,67.37999725341797,11196,0.0,0.0
2023-12-22 13:30:00-05:00,67.36000061035156,67.45999908447266,67.11000061035156,67.16999816894531,15641,0.0,0.0
2023-12-22 14:30:00-05:00,67.19499969482422,67.44000244140625,67.19000244140625,67.36000061035156,17207,0.0,0.0
2023-12-22 15:30:00-05:00,67.31999969482422,67.44000244140625,67.30000305175781,67.30999755859375,49610,0.0,0.0
2023-12-26 09:30:00-05:00,67.41000366210938,67.51000213623047,67.05000305175781,67.30000305175781,25467,0.0,0.0
2023-12-26 10:30:00-05:00,67.30999755859375,67.3499984741211,67.19999694824219,67.27999877929688,24827,0.0,0.0
2023-12-26 11:30:00-05:00,67.2699966430664,67.41999816894531,67.19999694824219,67.37999725341797,25865,0.0,0.0
2023-12-26 12:30:00-05:00,67.38500213623047,67.52999877929688,67.38500213623047,67.44999694824219,5727,0.0,0.0
2023-12-26 13:30:00-05:00,67.47000122070312,67.47000122070312,67.30000305175781,67.3550033569336,12169,0.0,0.0
2023-12-26 14:30:00-05:00,67.37999725341797,67.41999816894531,67.30000305175781,67.36000061035156,16435,0.0,0.0
2023-12-26 15:30:00-05:00,67.41999816894531,67.41999816894531,67.19999694824219,67.22000122070312,30668,0.0,0.0
2023-12-27 09:30:00-05:00,67.88999938964844,68.19000244140625,67.79000091552734,68.11000061035156,19463,0.0,0.0
2023-12-27 10:30:00-05:00,68.08000183105469,68.12989807128906,68.00499725341797,68.05000305175781,50346,0.0,0.0
2023-12-27 11:30:00-05:00,68.02999877929688,68.13999938964844,68.02999877929688,68.05000305175781,9511,0.0,0.0
2023-12-27 12:30:00-05:00,68.05000305175781,68.06999969482422,67.9800033569336,68.05989837646484,35817,0.0,0.0
2023-12-27 13:30:00-05:00,68.0199966430664,68.04000091552734,67.91999816894531,67.9800033569336,64832,0.0,0.0
2023-12-27 14:30:00-05:00,67.97000122070312,68.01000213623047,67.9000015258789,67.9800033569336,33431,0.0,0.0
2023-12-27 15:30:00-05:00,68.0,68.16999816894531,68.0,68.16999816894531,50003,0.0,0.0
2023-12-28 09:30:00-05:00,69.69999694824219,69.98999786376953,69.51000213623047,69.66000366210938,47268,0.0,0.0
2023-12-28 10:30:00-05:00,69.69999694824219,69.87000274658203,69.56999969482422,69.86000061035156,32302,0.0,0.0
2023-12-28 11:30:00-05:00,69.87000274658203,69.87999725341797,69.66000366210938,69.69999694824219,13646,0.0,0.0
2023-12-28 12:30:00-05:00,69.7300033569336,69.7300033569336,69.55999755859375,69.66999816894531,22657,0.0,0.0
2023-12-28 13:30:00-05:00,69.69999694824219,69.7249984741211,69.6500015258789,69.69999694824219,8616,0.0,0.0
2023-12-28 14:30:00-05:00,69.69000244140625,69.7699966430664,69.69000244140625,69.76499938964844,9279,0.0,0.0
2023-12-28 15:30:00-05:00,69.76499938964844,69.86000061035156,69.7300033569336,69.77999877929688,37787,0.0,0.0
2023-12-29 09:30:00-05:00,69.52999877929688,69.69999694824219,69.47000122070312,69.56999969482422,5089,0.0,0.0
2023-12-29 10:30:00-05:00,69.44000244140625,69.48989868164062,69.2699966430664,69.2699966430664,4549,0.0,0.0
2023-12-29 11:30:00-05:00,69.20999908447266,69.33000183105469,69.20999908447266,69.33000183105469,6421,0.0,0.0
2023-12-29 12:30:00-05:00,69.33999633789062,69.62000274658203,69.33999633789062,69.62000274658203,11789,0.0,0.0
2023-12-29 13:30:00-05:00,69.58000183105469,69.66000366210938,69.58000183105469,69.63999938964844,5134,0.0,0.0
2023-12-29 14:30:00-05:00,69.63999938964844,69.71800231933594,69.62999725341797,69.69999694824219,10964,0.0,0.0
2023-12-29 15:30:00-05:00,69.69999694824219,69.80999755859375,69.56999969482422,69.58000183105469,21225,0.0,0.0
2024-01-02 09:30:00-05:00,70.16999816894531,71.12999725341797,70.0999984741211,71.05000305175781,53958,0.0,0.0
2024-01-02 10:30:00-05:00,71.01499938964844,71.11000061035156,70.95999908447266,71.0199966430664,12674,0.0,0.0
2024-01-02 11:30:00-05:00,70.98999786376953,71.11199951171875,70.95999908447266,71.0,10863,0.0,0.0
2024-01-02 12:30:00-05:00,71.04000091552734,71.05999755859375,70.86000061035156,70.86000061035156,14184,0.0,0.0
2024-01-02 13:30:00-05:00,70.94000244140625,71.0,70.77999877929688,70.8386001586914,5352,0.0,0.0
2024-01-02 14:30:00-05:00,70.77999877929688,70.81999969482422,70.69999694824219,70.76000213623047,21819,0.0,0.0
2024-01-02 15:30:00-05:00,70.7699966430664,70.94999694824219,70.7300033569336,70.83000183105469,38659,0.0,0.0
2024-01-03 09:30:00-05:00,70.69999694824219,71.05500030517578,70.6500015258789,70.66999816894531,9331,0.0,0.0
2024-01-03 10:30:00-05:00,70.6500015258789,70.68000030517578,70.44999694824219,70.6500015258789,18260,0.0,0.0
2024-01-03 11:30:00-05:00,70.61000061035156,70.62000274658203,70.55000305175781,70.55000305175781,9237,0.0,0.0
2024-01-03 12:30:00-05:00,70.55999755859375,70.69999694824219,70.55000305175781,70.68000030517578,10813,0.0,0.0
2024-01-03 13:30:00-05:00,70.70999908447266,70.70999908447266,70.55000305175781,70.69999694824219,19933,0.0,0.0
2024-01-03 14:30:00-05:00,70.66000366210938,70.68990325927734,70.5,70.5199966430664,36962,0.0,0.0
2024-01-03 15:30:00-05:00,70.52999877929688,70.6500015258789,70.5,70.5,32630,0.0,0.0
2024-01-04 09:30:00-05:00,70.44000244140625,70.69999694824219,70.4000015258789,70.69999694824219,26028,0.0,0.0
2024-01-04 10:30:00-05:00,70.69000244140625,70.73999786376953,70.55000305175781,70.66600036621094,9757,0.0,0.0
2024-01-04 11:30:00-05:00,70.69999694824219,70.98999786376953,70.58000183105469,70.62999725341797,17351,0.0,0.0
2024-01-04 12:30:00-05:00,70.55000305175781,70.58000183105469,70.41999816894531,70.53500366210938,8409,0.0,0.0
2024-01-04 13:30:00-05:00,70.56999969482422,70.56999969482422,70.36000061035156,70.37999725341797,6708,0.0,0.0
2024-01-04 14:30:00-05:00,70.30999755859375,70.44000244140625,70.23370361328125,70.44000244140625,20348,0.0,0.0
2024-01-04 15:30:00-05:00,70.44999694824219,70.5,70.22000122070312,70.22000122070312,46398,0.0,0.0
2024-01-05 09:30:00-05:00,70.30999755859375,70.7699966430664,70.2666015625,70.69599914550781,19356,0.0,0.0
2024-01-05 10:30:00-05:00,70.70999908447266,70.8499984741211,70.59500122070312,70.6500015258789,18985,0.0,0.0
2024-01-05 11:30:00-05:00,70.5999984741211,70.69000244140625,70.48999786376953,70.5,13977,0.0,0.0
2024-01-05 12:30:00-05:00,70.45999908447266,70.57499694824219,70.41000366210938,70.52999877929688,7998,0.0,0.0
2024-01-05 13:30:00-05:00,70.53500366210938,70.5999984741211,70.50299835205078,70.5199966430664,10695,0.0,0.0
2024-01-05 14:30:00-05:00,70.5199966430664,70.5199966430664,70.37000274658203,70.375,19475,0.0,0.0
2024-01-05 15:30:00-05:00,70.38800048828125,70.54000091552734,70.36000061035156,70.54000091552734,46718,0.0,0.0
2024-01-08 09:30:00-05:00,70.0999984741211,70.0999984741211,69.30500030517578,69.40499877929688,54648,0.0,0.0
2024-01-08 10:30:00-05:00,69.43000030517578,69.5999984741211,69.33000183105469,69.5199966430664,15312,0.0,0.0
2024-01-08 11:30:00-05:00,69.52999877929688,69.58999633789062,69.48500061035156,69.5,15985,0.0,0.0
2024-01-08 12:30:00-05:00,69.5,69.58999633789062,69.4000015258789,69.4749984741211,16263,0.0,0.0
2024-01-08 13:30:00-05:00,69.44999694824219,69.56500244140625,69.44000244140625,69.51000213623047,13494,0.0,0.0
2024-01-08 14:30:00-05:00,69.66999816894531,69.80500030517578,69.58000183105469,69.71499633789062,15267,0.0,0.0
2024-01-08 15:30:00-05:00,69.73999786376953,69.86000061035156,69.69000244140625,69.86000061035156,37049,0.0,0.0
2024-01-09 09:30:00-05:00,69.66000366210938,69.66000366210938,69.125,69.3499984741211,25043,0.0,0.0
2024-01-09 10:30:00-05:00,69.33999633789062,69.38999938964844,69.2300033569336,69.33999633789062,14818,0.0,0.0
2024-01-09 11:30:00-05:00,69.30000305175781,69.5479965209961,69.30000305175781,69.44000244140625,16760,0.0,0.0
2024-01-09 12:30:00-05:00,69.41999816894531,69.48500061035156,69.31999969482422,69.36000061035156,10584,0.0,0.0
2024-01-09 13:30:00-05:00,69.33999633789062,69.4800033569336,69.33999633789062,69.44000244140625,10932,0.0,0.0
2024-01-09 14:30:00-05:00,69.41999816894531,69.52999877929688,69.36000061035156,69.47000122070312,18679,0.0,0.0
2024-01-09 15:30:00-05:00,69.44999694824219,69.4800033569336,69.33999633789062,69.4000015258789,36748,0.0,0.0
2024-01-10 09:30:00-05:00,69.54000091552734,69.76000213623047,69.41999816894531,69.50499725341797,13240,0.0,0.0
2024-01-10 10:30:00-05:00,69.56999969482422,69.63999938964844,69.29000091552734,69.5999984741211,20574,0.0,0.0
2024-01-10 11:30:00-05:00,69.63999938964844,69.71499633789062,69.5199966430664,69.71499633789062,8439,0.0,0.0
2024-01-10 12:30:00-05:00,69.63749694824219,69.75499725341797,69.62000274658203,69.75499725341797,10248,0.0,0.0
2024-01-10 13:30:00-05:00,69.76000213623047,69.82990264892578,69.70999908447266,69.82990264892578,10468,0.0,0.0
2024-01-10 14:30:00-05:00,69.7699966430664,70.01000213623047,69.7699966430664,69.9000015258789,14416,0.0,0.0
2024-01-10 15:30:00-05:00,69.87000274658203,69.88999938964844,69.77999877929688,69.83999633789062,29008,0.0,0.0
2024-01-11 09:30:00-05:00,68.41999816894531,68.5999984741211,68.16000366210938,68.30000305175781,26813,0.0,0.0
2024-01-11 10:30:00-05:00,68.30500030517578,68.31999969482422,68.06999969482422,68.06999969482422,19852,0.0,0.0
2024-01-11 11:30:00-05:00,68.12999725341797,68.19999694824219,68.05999755859375,68.13500213623047,16143,0.0,0.0
2024-01-11 12:30:00-05:00,68.11000061035156,68.31999969482422,68.08000183105469,68.25,15916,0.0,0.0
2024-01-11 13:30:00-05:00,68.2699966430664,68.30999755859375,68.16000366210938,68.19000244140625,16540,0.0,0.0
2024-01-11 14:30:00-05:00,68.19059753417969,68.27999877929688,68.12000274658203,68.1500015258789,36900,0.0,0.0
2024-01-11 15:30:00-05:00,68.13999938964844,68.16000366210938,68.04000091552734,68.1500015258789,44579,0.0,0.0
2024-01-12 09:30:00-05:00,68.23999786376953,69.54989624023438,67.80000305175781,69.13890075683594,152399,0.0,0.0
2024-01-12 10:30:00-05:00,69.18499755859375,69.56999969482422,69.11000061035156,69.47000122070312,67634,0.0,0.0
2024-01-12 11:30:00-05:00,69.43000030517578,69.63999938964844,69.37999725341797,69.4800033569336,35899,0.0,0.0
2024-01-12 12:30:00-05:00,69.47010040283203,69.5199966430664,69.44000244140625,69.4749984741211,17226,0.0,0.0
2024-01-12 13:30:00-05:00,69.44999694824219,69.52999877929688,69.41999816894531,69.44000244140625,20580,0.0,0.0
2024-01-12 14:30:00-05:00,69.36000061035156,69.42400360107422,69.26000213623047,69.31999969482422,35052,0.0,0.0
2024-01-12 15:30:00-05:00,69.33999633789062,69.41000366210938,69.29000091552734,69.38999938964844,40194,0.0,0.0
2024-01-16 09:30:00-05:00,69.33000183105469,69.4800033569336,68.83999633789062,68.91000366210938,24637,0.0,0.0
2024-01-16 10:30:00-05:00,68.98999786376953,69.19000244140625,68.98999786376953,69.02999877929688,11174,0.0,0.0
2024-01-16 11:30:00-05:00,69.1500015258789,69.1500015258789,69.01499938964844,69.0199966430664,16135,0.0,0.0
2024-01-16 12:30:00-05:00,68.97000122070312,69.0199966430664,68.91500091552734,68.9800033569336,7077,0.0,0.0
2024-01-16 13:30:00-05:00,68.98500061035156,69.00050354003906,68.80000305175781,68.86000061035156,10214,0.0,0.0
2024-01-16 14:30:00-05:00,68.86000061035156,68.93000030517578,68.84500122070312,68.86000061035156,12622,0.0,0.0
2024-01-16 15:30:00-05:00,68.83999633789062,68.9800033569336,68.83000183105469,68.9800033569336,20467,0.0,0.0
2024-01-17 09:30:00-05:00,68.25,68.25,67.58000183105469,67.72000122070312,29917,0.0,0.0
2024-01-17 10:30:00-05:00,67.7300033569336,67.80000305175781,67.52999877929688,67.55000305175781,11503,0.0,0.0
2024-01-17 11:30:00-05:00,67.5,67.66999816894531,67.3499984741211,67.4749984741211,13125,0.0,0.0
2024-01-17 12:30:00-05:00,67.45989990234375,67.49500274658203,67.37999725341797,67.37999725341797,5091,0.0,0.0
2024-01-17 13:30:00-05:00,67.29000091552734,67.44999694824219,67.16000366210938,67.44999694824219,22958,0.0,0.0
2024-01-17 14:30:00-05:00,67.43000030517578,67.44000244140625,67.27999877929688,67.38500213623047,12057,0.0,0.0
2024-01-17 15:30:00-05:00,67.38500213623047,67.45500183105469,67.31999969482422,67.38999938964844,70375,0.0,0.0
2024-01-18 09:30:00-05:00,67.8499984741211,68.04000091552734,67.70500183105469,67.94499969482422,18141,0.0,0.0
2024-01-18 10:30:00-05:00,67.94999694824219,68.02999877929688,67.80999755859375,67.97750091552734,16661,0.0,0.0
2024-01-18 11:30:00-05:00,67.98999786376953,68.08999633789062,67.93000030517578,67.97000122070312,14389,0.0,0.0
2024-01-18 12:30:00-05:00,67.8949966430664,67.93000030517578,67.84500122070312,67.88999938964844,10921,0.0,0.0
2024-01-18 13:30:00-05:00,67.86499786376953,67.94999694824219,67.83999633789062,67.94999694824219,11847,0.0,0.0
2024-01-18 14:30:00-05:00,67.98999786376953,68.0999984741211,67.9000015258789,68.0999984741211,13045,0.0,0.0
2024-01-18 15:30:00-05:00,68.0999984741211,68.18000030517578,68.05400085449219,68.16999816894531,31069,0.0,0.0
2024-01-19 09:30:00-05:00,68.19000244140625,68.19000244140625,67.73999786376953,67.80000305175781,7077,0.0,0.0
2024-01-19 10:30:00-05:00,67.71499633789062,67.95999908447266,67.69000244140625,67.81999969482422,13342,0.0,0.0
2024-01-19 11:30:00-05:00,67.75,67.76000213623047,67.69999694824219,67.7249984741211,15641,0.0,0.0
2024-01-19 12:30:00-05:00,67.75,67.94999694824219,67.7249984741211,67.91500091552734,8945,0.0,0.0
2024-01-19 13:30:00-05:00,68.0,68.0199966430664,67.93000030517578,67.98999786376953,8748,0.0,0.0
2024-01-19 14:30:00-05:00,67.94999694824219,67.97000122070312,67.87000274658203,67.94000244140625,13843,0.0,0.0
2024-01-19 15:30:00-05:00,67.93000030517578,67.97000122070312,67.86000061035156,67.90899658203125,20773,0.0,0.0
2024-01-22 09:30:00-05:00,67.80000305175781,67.98999786376953,67.58999633789062,67.98999786376953,9717,0.0,0.0
2024-01-22 10:30:00-05:00,67.93000030517578,67.9800033569336,67.72000122070312,67.72000122070312,9087,0.0,0.0
2024-01-22 11:30:00-05:00,67.75,67.75,67.5999984741211,67.5999984741211,8559,0.0,0.0
2024-01-22 12:30:00-05:00,67.70999908447266,67.70999908447266,67.5199966430664,67.5199966430664,14216,0.0,0.0
2024-01-22 13:30:00-05:00,67.54000091552734,67.59559631347656,67.48999786376953,67.5,9309,0.0,0.0
2024-01-22 14:30:00-05:00,67.45999908447266,67.56999969482422,67.43000030517578,67.54499816894531,12900,0.0,0.0
2024-01-22 15:30:00-05:00,67.54499816894531,67.54499816894531,67.3499984741211,67.36000061035156,27989,0.0,0.0
2024-01-23 09:30:00-05:00,67.5999984741211,68.05999755859375,67.5999984741211,67.86499786376953,28081,0.0,0.0
2024-01-23 10:30:00-05:00,67.84500122070312,67.88999938964844,67.70500183105469,67.80999755859375,27676,0.0,0.0
2024-01-23 11:30:00-05:00,67.8499984741211,68.01000213623047,67.80000305175781,67.86000061035156,13203,0.0,0.0
2024-01-23 12:30:00-05:00,67.87000274658203,67.9000015258789,67.77999877929688,67.8499984741211,11758,0.0,0.0
2024-01-23 13:30:00-05:00,67.86000061035156,68.0199966430664,67.83499908447266,68.0199966430664,19400,0.0,0.0
2024-01-23 14:30:00-05:00,67.98999786376953,68.05000305175781,67.91000366210938,67.96499633789062,21126,0.0,0.0
2024-01-23 15:30:00-05:00,67.97000122070312,68.22000122070312,67.94000244140625,68.22000122070312,52375,0.0,0.0
2024-01-24 09:30:00-05:00,71.0,72.15799713134766,70.44000244140625,70.86499786376953,61226,0.0,0.0
2024-01-24 10:30:00-05:00,70.79000091552734,70.93990325927734,70.51499938964844,70.54000091552734,32905,0.0,0.0
2024-01-24 11:30:00-05:00,70.58000183105469,70.7300033569336,70.55999755859375,70.66999816894531,48853,0.0,0.0
2024-01-24 12:30:00-05:00,70.6500015258789,70.84500122070312,70.5999984741211,70.71499633789062,27940,0.0,0.0
2024-01-24 13:30:00-05:00,70.71499633789062,70.75959777832031,70.52999877929688,70.61000061035156,23198,0.0,0.0
2024-01-24 14:30:00-05:00,70.58769989013672,70.58769989013672,70.2750015258789,70.38999938964844,27074,0.0,0.0
2024-01-24 15:30:00-05:00,70.41000366210938,70.4749984741211,70.31999969482422,70.33999633789062,52884,0.0,0.0
2024-01-25 09:30:00-05:00,69.7699966430664,70.0,69.28500366210938,69.45999908447266,29246,0.0,0.0
2024-01-25 10:30:00-05:00,69.48999786376953,69.48999786376953,69.18000030517578,69.33000183105469,24209,0.0,0.0
2024-01-25 11:30:00-05:00,69.2750015258789,69.38999938964844,69.214599609375,69.26000213623047,14659,0.0,0.0
2024-01-25 12:30:00-05:00,69.26000213623047,69.55000305175781,69.22000122070312,69.48999786376953,18302,0.0,0.0
2024-01-25 13:30:00-05:00,69.48999786376953,69.6500015258789,69.43499755859375,69.5199966430664,14306,0.0,0.0
2024-01-25 14:30:00-05:00,69.55500030517578,69.61000061035156,69.37999725341797,69.5,21020,0.0,0.0
2024-01-25 15:30:00-05:00,69.5,69.51000213623047,69.38999938964844,69.4800033569336,51553,0.0,0.0
2024-01-26 09:30:00-05:00,69.7300033569336,69.7300033569336,69.4800033569336,69.61000061035156,16386,0.0,0.0
2024-01-26 10:30:00-05:00,69.51000213623047,69.63999938964844,69.4800033569336,69.5999984741211,13236,0.0,0.0
2024-01-26 11:30:00-05:00,69.57250213623047,69.57250213623047,69.4800033569336,69.52999877929688,7213,0.0,0.0
2024-01-26 12:30:00-05:00,69.5250015258789,69.5250015258789,69.47000122070312,69.49500274658203,16189,0.0,0.0
2024-01-26 13:30:00-05:00,69.47000122070312,69.5999984741211,69.44000244140625,69.55000305175781,15662,0.0,0.0
2024-01-26 14:30:00-05:00,69.55000305175781,69.66000366210938,69.5,69.61000061035156,23974,0.0,0.0
2024-01-26 15:30:00-05:00,69.58000183105469,69.6500015258789,69.51000213623047,69.54000091552734,38135,0.0,0.0
2024-01-29 09:30:00-05:00,70.7300033569336,70.7300033569336,69.7301025390625,69.97000122070312,19624,0.0,0.0
2024-01-29 10:30:00-05:00,69.94000244140625,70.0,69.7300033569336,69.81999969482422,12430,0.0,0.0
2024-01-29 11:30:00-05:00,69.7750015258789,69.87000274658203,69.55999755859375,69.58000183105469,28849,0.0,0.0
2024-01-29 12:30:00-05:00,69.63999938964844,69.7300033569336,69.5999984741211,69.69000244140625,23623,0.0,0.0
2024-01-29 13:30:00-05:00,69.72000122070312,69.7300033569336,69.63999938964844,69.69000244140625,22180,0.0,0.0
2024-01-29 14:30:00-05:00,69.66999816894531,69.87750244140625,69.6500015258789,69.83999633789062,42626,0.0,0.0
2024-01-29 15:30:00-05:00,69.86000061035156,70.04000091552734,69.7300033569336,70.0,51419,0.0,0.0
2024-01-30 09:30:00-05:00,70.0999984741211,71.0,69.33999633789062,69.3499984741211,27674,0.0,0.0
2024-01-30 10:30:00-05:00,69.37000274658203,69.83000183105469,69.2300033569336,69.43499755859375,26018,0.0,0.0
2024-01-30 11:30:00-05:00,69.43499755859375,69.79000091552734,69.33000183105469,69.47000122070312,21618,0.0,0.0
2024-01-30 12:30:00-05:00,69.47000122070312,69.58000183105469,69.41000366210938,69.5199966430664,16424,0.0,0.0
2024-01-30 13:30:00-05:00,69.54000091552734,69.59500122070312,69.4000015258789,69.53500366210938,21105,0.0,0.0
2024-01-30 14:30:00-05:00,69.5,69.56999969482422,69.41999816894531,69.45999908447266,30009,0.0,0.0
2024-01-30 15:30:00-05:00,69.43000030517578,69.48999786376953,69.33000183105469,69.4000015258789,44518,0.0,0.0
2024-01-31 09:30:00-05:00,72.97000122070312,73.5999984741211,72.97000122070312,73.2300033569336,57918,0.0,0.0
2024-01-31 10:30:00-05:00,73.28500366210938,73.38500213623047,73.12010192871094,73.28990173339844,21766,0.0,0.0
2024-01-31 11:30:00-05:00,73.21499633789062,73.29000091552734,72.95999908447266,72.98999786376953,59805,0.0,0.0
2024-01-31 12:30:00-05:00,73.0,73.09989929199219,72.95999908447266,73.05000305175781,25468,0.0,0.0
2024-01-31 13:30:00-05:00,73.02999877929688,73.05999755859375,71.94000244140625,72.22000122070312,46781,0.0,0.0
2024-01-31 14:30:00-05:00,72.19000244140625,72.56999969482422,71.66000366210938,72.11000061035156,50849,0.0,0.0
2024-01-31 15:30:00-05:00,72.05999755859375,72.37000274658203,71.7699966430664,71.98999786376953,144772,0.0,0.0
2024-02-01 09:30:00-05:00,71.5999984741211,71.94999694824219,71.36000061035156,71.88999938964844,17499,0.0,0.0
2024-02-01 10:30:00-05:00,71.79000091552734,72.29499816894531,71.79000091552734,72.12000274658203,20130,0.0,0.0
2024-02-01 11:30:00-05:00,72.16999816894531,72.33999633789062,72.11000061035156,72.27999877929688,6419,0.0,0.0
2024-02-01 12:30:00-05:00,72.22000122070312,72.33000183105469,72.08999633789062,72.19000244140625,21213,0.0,0.0
2024-02-01 13:30:00-05:00,72.19000244140625,72.27989959716797,72.12000274658203,72.20999908447266,13607,0.0,0.0
2024-02-01 14:30:00-05:00,72.24500274658203,72.63500213623047,72.18000030517578,72.5999984741211,17985,0.0,0.0
2024-02-01 15:30:00-05:00,72.56999969482422,72.62999725341797,72.37000274658203,72.37000274658203,46468,0.0,0.0
2024-02-02 09:30:00-05:00,72.41999816894531,72.41999816894531,71.45999908447266,71.7249984741211,27720,0.0,0.0
2024-02-02 10:30:00-05:00,71.62000274658203,71.77999877929688,71.5250015258789,71.77999877929688,18692,0.0,0.0
2024-02-02 11:30:00-05:00,71.73999786376953,71.8499984741211,71.69000244140625,71.7699966430664,14114,0.0,0.0
2024-02-02 12:30:00-05:00,71.80000305175781,72.05000305175781,71.73999786376953,71.97000122070312,27637,0.0,0.0
2024-02-02 13:30:00-05:00,71.95500183105469,72.11000061035156,71.94000244140625,72.07499694824219,19403,0.0,0.0
2024-02-02 14:30:00-05:00,72.09500122070312,72.38999938964844,72.06999969482422,72.36000061035156,27172,0.0,0.0
2024-02-02 15:30:00-05:00,72.33000183105469,72.33999633789062,72.13999938964844,72.20999908447266,52638,0.0,0.0
2024-02-05 09:30:00-05:00,72.7300033569336,73.27999877929688,72.5999984741211,72.87000274658203,27358,0.0,0.0
2024-02-05 10:30:00-05:00,72.83000183105469,72.94999694824219,72.79000091552734,72.8416976928711,20181,0.0,0.0
2024-02-05 11:30:00-05:00,72.9000015258789,72.9800033569336,72.76000213623047,72.87000274658203,13199,0.0,0.0
2024-02-05 12:30:00-05:00,72.91999816894531,72.9800033569336,72.86000061035156,72.86000061035156,17014,0.0,0.0
2024-02-05 13:30:00-05:00,72.83999633789062,72.91999816894531,72.80999755859375,72.91999816894531,15823,0.0,0.0
2024-02-05 14:30:00-05:00,72.93000030517578,73.04000091552734,72.90499877929688,72.97000122070312,17603,0.0,0.0
2024-02-05 15:30:00-05:00,72.9800033569336,73.0999984741211,72.8499984741211,72.8499984741211,54410,0.0,0.0
2024-02-06 09:30:00-05:00,73.7699966430664,73.79000091552734,72.91000366210938,73.0199966430664,86136,0.0,0.0
2024-02-06 10:30:00-05:00,72.95999908447266,73.31999969482422,72.91000366210938,73.26000213623047,30664,0.0,0.0
2024-02-06 11:30:00-05:00,73.33999633789062,73.37999725341797,73.1449966430664,73.29499816894531,45518,0.0,0.0
2024-02-06 12:30:00-05:00,73.26000213623047,73.3125,73.13490295410156,73.27999877929688,20400,0.0,0.0
2024-02-06 13:30:00-05:00,73.30000305175781,73.37999725341797,73.17500305175781,73.19499969482422,32125,0.0,0.0
2024-02-06 14:30:00-05:00,73.15499877929688,73.38999938964844,73.15499877929688,73.2699966430664,32014,0.0,0.0
2024-02-06 15:30:00-05:00,73.25,73.36000061035156,73.19000244140625,73.20999908447266,76368,0.0,0.0
2024-02-07 09:30:00-05:00,73.5,73.83000183105469,73.41999816894531,73.80999755859375,25721,0.0,0.0
2024-02-07 10:30:00-05:00,73.76499938964844,73.91500091552734,73.75499725341797,73.79000091552734,20097,0.0,0.0
2024-02-07 11:30:00-05:00,73.72000122070312,73.7699966430664,73.44999694824219,73.48500061035156,19785,0.0,0.0
2024-02-07 12:30:00-05:00,73.44999694824219,73.51000213623047,73.37000274658203,73.5,30275,0.0,0.0
2024-02-07 13:30:00-05:00,73.5,73.5198974609375,73.36000061035156,73.37000274658203,22384,0.0,0.0
2024-02-07 14:30:00-05:00,73.37000274658203,73.4800033569336,73.36000061035156,73.4000015258789,19952,0.0,0.0
2024-02-07 15:30:00-05:00,73.4000015258789,73.5199966430664,73.4000015258789,73.41000366210938,69423,0.0,0.0
2024-02-08 09:30:00-05:00,73.19000244140625,73.55000305175781,73.01000213623047,73.12999725341797,37812,0.0,0.0
2024-02-08 10:30:00-05:00,73.12989807128906,73.12999725341797,72.9209976196289,73.0,30696,0.0,0.0
2024-02-08 11:30:00-05:00,73.01000213623047,73.16999816894531,73.01000213623047,73.16500091552734,23817,0.0,0.0
2024-02-08 12:30:00-05:00,73.09500122070312,73.12000274658203,73.05999755859375,73.05999755859375,12626,0.0,0.0
2024-02-08 13:30:00-05:00,73.11000061035156,73.19999694824219,73.05999755859375,73.12000274658203,18351,0.0,0.0
2024-02-08 14:30:00-05:00,73.11000061035156,73.31999969482422,73.08000183105469,73.21499633789062,18136,0.0,0.0
2024-02-08 15:30:00-05:00,73.20999908447266,73.30000305175781,73.13999938964844,73.26000213623047,54246,0.0,0.0
2024-02-09 09:30:00-05:00,73.2699966430664,73.61000061035156,73.2699966430664,73.5999984741211,9517,0.0,0.0
2024-02-09 10:30:00-05:00,73.70999908447266,73.75990295410156,73.56999969482422,73.7300033569336,9520,0.0,0.0
2024-02-09 11:30:00-05:00,73.66999816894531,73.73500061035156,73.55999755859375,73.72000122070312,11175,0.0,0.0
2024-02-09 12:30:00-05:00,73.71499633789062,73.77999877929688,73.68990325927734,73.76000213623047,13916,0.0,0.0
2024-02-09 13:30:00-05:00,73.78500366210938,73.93000030517578,73.72000122070312,73.91000366210938,15889,0.0,0.0
2024-02-09 14:30:00-05:00,73.91000366210938,74.12999725341797,73.86000061035156,74.12000274658203,33394,0.0,0.0
2024-02-09 15:30:00-05:00,74.13999938964844,74.1500015258789,73.94999694824219,74.1500015258789,52769,0.0,0.0
2024-02-12 09:30:00-05:00,75.4000015258789,75.6500015258789,75.12999725341797,75.55999755859375,59039,0.0,0.0
2024-02-12 10:30:00-05:00,75.49500274658203,75.49500274658203,75.26000213623047,75.30999755859375,36214,0.0,0.0
2024-02-12 11:30:00-05:00,75.3499984741211,75.6500015258789,75.31999969482422,75.6500015258789,12831,0.0,0.0
2024-02-12 12:30:00-05:00,75.6500015258789,75.86000061035156,75.63999938964844,75.79000091552734,10666,0.0,0.0
2024-02-12 13:30:00-05:00,75.7876968383789,75.79000091552734,75.6500015258789,75.79000091552734,12496,0.0,0.0
2024-02-12 14:30:00-05:00,75.70999908447266,75.73999786376953,75.48999786376953,75.52999877929688,16113,0.0,0.0
2024-02-12 15:30:00-05:00,75.52999877929688,75.69999694824219,75.44000244140625,75.51000213623047,36179,0.0,0.0
2024-02-13 09:30:00-05:00,75.29000091552734,75.48999786376953,74.7300033569336,74.88749694824219,65934,0.0,0.0
2024-02-13 10:30:00-05:00,74.9000015258789,74.94999694824219,74.72000122070312,74.87999725341797,40746,0.0,0.0
2024-02-13 11:30:00-05:00,74.83499908447266,74.93000030517578,74.6500015258789,74.66000366210938,37754,0.0,0.0
2024-02-13 12:30:00-05:00,74.70999908447266,74.75,74.58000183105469,74.61000061035156,12713,0.0,0.0
2024-02-13 13:30:00-05:00,74.58000183105469,74.75,74.5250015258789,74.5999984741211,42672,0.0,0.0
2024-02-13 14:30:00-05:00,74.5999984741211,74.68000030517578,74.2699966430664,74.68000030517578,56633,0.0,0.0
2024-02-13 15:30:00-05:00,74.69000244140625,74.83000183105469,74.56999969482422,74.77999877929688,46385,0.0,0.0
2024-02-14 09:30:00-05:00,74.76000213623047,75.04000091552734,74.76000213623047,74.95999908447266,18256,0.0,0.0
2024-02-14 10:30:00-05:00,74.87999725341797,74.95999908447266,74.80999755859375,74.87999725341797,10581,0.0,0.0
2024-02-14 11:30:00-05:00,74.89700317382812,75.0,74.87000274658203,74.94000244140625,10436,0.0,0.0
2024-02-14 12:30:00-05:00,74.91020202636719,75.26000213623047,74.91020202636719,75.1332015991211,27908,0.0,0.0
2024-02-14 13:30:00-05:00,75.12000274658203,75.49299621582031,75.12000274658203,75.44000244140625,27705,0.0,0.0
2024-02-14 14:30:00-05:00,75.44000244140625,75.58000183105469,75.43000030517578,75.48999786376953,35142,0.0,0.0
2024-02-14 15:30:00-05:00,75.47000122070312,75.5999984741211,75.47000122070312,75.58000183105469,42485,0.0,0.0
2024-02-15 09:30:00-05:00,75.54000091552734,75.7300033569336,74.81999969482422,74.84500122070312,44319,0.0,0.0
2024-02-15 10:30:00-05:00,74.83000183105469,74.97989654541016,74.58000183105469,74.70999908447266,20558,0.0,0.0
2024-02-15 11:30:00-05:00,74.70999908447266,74.70999908447266,74.5999984741211,74.61000061035156,14293,0.0,0.0
2024-02-15 12:30:00-05:00,74.6500015258789,74.75,74.55999755859375,74.63999938964844,22159,0.0,0.0
2024-02-15 13:30:00-05:00,74.66000366210938,74.81999969482422,74.66000366210938,74.80500030517578,13270,0.0,0.0
2024-02-15 14:30:00-05:00,74.80000305175781,75.01000213623047,74.77999877929688,74.95999908447266,22617,0.0,0.0
2024-02-15 15:30:00-05:00,74.98999786376953,75.19999694824219,74.94999694824219,75.01000213623047,68227,0.0,0.0
2024-02-16 09:30:00-05:00,75.4000015258789,75.63999938964844,75.16999816894531,75.41000366210938,34539,0.0,0.0
2024-02-16 10:30:00-05:00,75.29000091552734,75.66500091552734,75.27999877929688,75.58000183105469,13899,0.0,0.0
2024-02-16 11:30:00-05:00,75.62999725341797,75.80999755859375,75.54000091552734,75.54000091552734,15650,0.0,0.0
2024-02-16 12:30:00-05:00,75.5,75.70999908447266,75.5,75.6500015258789,14424,0.0,0.0
2024-02-16 13:30:00-05:00,75.6500015258789,75.98999786376953,75.6500015258789,75.86000061035156,15821,0.0,0.0
2024-02-16 14:30:00-05:00,75.83000183105469,75.83000183105469,75.54000091552734,75.7300033569336,12091,0.0,0.0
2024-02-16 15:30:00-05:00,75.76000213623047,75.76000213623047,75.45999908447266,75.4800033569336,37924,0.0,0.0
2024-02-20 09:30:00-05:00,75.75,76.63999938964844,75.6500015258789,76.61000061035156,56274,0.0,0.0
2024-02-20 10:30:00-05:00,76.53500366210938,76.55999755859375,76.37000274658203,76.52999877929688,20536,0.0,0.0
2024-02-20 11:30:00-05:00,76.52999877929688,76.52999877929688,76.2300033569336,76.2699966430664,19551,0.0,0.0
2024-02-20 12:30:00-05:00,76.27999877929688,76.33000183105469,76.2300033569336,76.23999786376953,13059,0.0,0.0
2024-02-20 13:30:00-05:00,76.23999786376953,76.27999877929688,76.0250015258789,76.16000366210938,13492,0.0,0.0
2024-02-20 14:30:00-05:00,76.11000061035156,76.13999938964844,75.89620208740234,76.05000305175781,40694,0.0,0.0
2024-02-20 15:30:00-05:00,76.03500366210938,76.16999816894531,75.94000244140625,76.05999755859375,67967,0.0,0.0
2024-02-21 09:30:00-05:00,76.19999694824219,76.19999694824219,75.58000183105469,75.58999633789062,28028,0.0,0.0
2024-02-21 10:30:00-05:00,75.55500030517578,75.73999786376953,75.52660369873047,75.56999969482422,34320,0.0,0.0
2024-02-21 11:30:00-05:00,75.59500122070312,75.63999938964844,75.30000305175781,75.33999633789062,15805,0.0,0.0
2024-02-21 12:30:00-05:00,75.30999755859375,75.43499755859375,75.30000305175781,75.4000015258789,16740,0.0,0.0
2024-02-21 13:30:00-05:00,75.41000366210938,75.58999633789062,75.41000366210938,75.4800033569336,13161,0.0,0.0
2024-02-21 14:30:00-05:00,75.5,75.62999725341797,75.47000122070312,75.51000213623047,18517,0.0,0.0
2024-02-21 15:30:00-05:00,75.51000213623047,75.73999786376953,75.51000213623047,75.6500015258789,40516,0.0,0.0
2024-02-22 09:30:00-05:00,75.9000015258789,76.4749984741211,75.8499984741211,76.4749984741211,42728,0.0,0.0
2024-02-22 10:30:00-05:00,76.4800033569336,76.62999725341797,76.36000061035156,76.62999725341797,28120,0.0,0.0
2024-02-22 11:30:00-05:00,76.62999725341797,76.72000122070312,76.5,76.5,14656,0.0,0.0
2024-02-22 12:30:00-05:00,76.52999877929688,76.75499725341797,76.5199966430664,76.75,12583,0.0,0.0
2024-02-22 13:30:00-05:00,76.79000091552734,76.95999908447266,76.75,76.94000244140625,14200,0.0,0.0
2024-02-22 14:30:00-05:00,76.86000061035156,76.86000061035156,76.68000030517578,76.80999755859375,22006,0.0,0.0
2024-02-22 15:30:00-05:00,76.79000091552734,76.87999725341797,76.7229995727539,76.81999969482422,36748,0.0,0.0
2024-02-23 09:30:00-05:00,77.0,77.58999633789062,77.0,77.50499725341797,20395,0.0,0.0
2024-02-23 10:30:00-05:00,77.43000030517578,77.5,77.33999633789062,77.5,16002,0.0,0.0
2024-02-23 11:30:00-05:00,77.5,77.63999938964844,77.46499633789062,77.51000213623047,10158,0.0,0.0
2024-02-23 12:30:00-05:00,77.55500030517578,77.6500015258789,77.5199966430664,77.62000274658203,9139,0.0,0.0
2024-02-23 13:30:00-05:00,77.62000274658203,77.62000274658203,77.5,77.5999984741211,11521,0.0,0.0
2024-02-23 14:30:00-05:00,77.62000274658203,77.70999908447266,77.59500122070312,77.65499877929688,19808,0.0,0.0
2024-02-23 15:30:00-05:00,77.6449966430664,77.72000122070312,77.58999633789062,77.58999633789062,31052,0.0,0.0
2024-02-26 09:30:00-05:00,77.47000122070312,77.58999633789062,77.2300033569336,77.26499938964844,10456,0.0,0.0
2024-02-26 10:30:00-05:00,77.30999755859375,77.30999755859375,76.97000122070312,77.0199966430664,11961,0.0,0.0
2024-02-26 11:30:00-05:00,77.04989624023438,77.13999938964844,77.01000213623047,77.13999938964844,8016,0.0,0.0
2024-02-26 12:30:00-05:00,77.12999725341797,77.19999694824219,77.05999755859375,77.05999755859375,7325,0.0,0.0
2024-02-26 13:30:00-05:00,77.03500366210938,77.12000274658203,76.97000122070312,77.06999969482422,9521,0.0,0.0
2024-02-26 14:30:00-05:00,77.0999984741211,77.19000244140625,77.05000305175781,77.12999725341797,14639,0.0,0.0
2024-02-26 15:30:00-05:00,77.1500015258789,77.16000366210938,77.0999984741211,77.0999984741211,26266,0.0,0.0
2024-02-27 09:30:00-05:00,77.08000183105469,77.4800033569336,77.08000183105469,77.4000015258789,18302,0.0,0.0
2024-02-27 10:30:00-05:00,77.33000183105469,77.5,77.30999755859375,77.3499984741211,13270,0.0,0.0
2024-02-27 11:30:00-05:00,77.3499984741211,77.375,77.12999725341797,77.18499755859375,8003,0.0,0.0
2024-02-27 12:30:00-05:00,77.22000122070312,77.25,77.08999633789062,77.0999984741211,7597,0.0,0.0
2024-02-27 13:30:00-05:00,77.07499694824219,77.20429992675781,77.05000305175781,77.13999938964844,11341,0.0,0.0
2024-02-27 14:30:00-05:00,77.0999984741211,77.0999984741211,76.81999969482422,76.87000274658203,25266,0.0,0.0
2024-02-27 15:30:00-05:00,76.83999633789062,77.08999633789062,76.83000183105469,76.83000183105469,57892,0.0,0.0
2024-02-28 09:30:00-05:00,76.69000244140625,77.1500015258789,76.63999938964844,76.91500091552734,25221,0.0,0.0
2024-02-28 10:30:00-05:00,76.9800033569336,77.02999877929688,76.83999633789062,76.83999633789062,18941,0.0,0.0
2024-02-28 11:30:00-05:00,76.79000091552734,77.0199966430664,76.79000091552734,76.99500274658203,13683,0.0,0.0
2024-02-28 12:30:00-05:00,76.98999786376953,77.01000213623047,76.8499984741211,76.94000244140625,6728,0.0,0.0
2024-02-28 13:30:00-05:00,76.88999938964844,77.01000213623047,76.88999938964844,76.96499633789062,9184,0.0,0.0
2024-02-28 14:30:00-05:00,76.94999694824219,77.06999969482422,76.93000030517578,77.06999969482422,7182,0.0,0.0
2024-02-28 15:30:00-05:00,77.0989990234375,77.19000244140625,77.0199966430664,77.13999938964844,28626,0.0,0.0
2024-02-29 09:30:00-05:00,77.06999969482422,77.13999938964844,76.6050033569336,76.63999938964844,11186,0.0,0.0
2024-02-29 10:30:00-05:00,76.74500274658203,77.05999755859375,76.62000274658203,76.95999908447266,19579,0.0,0.0
2024-02-29 11:30:00-05:00,76.98999786376953,77.05000305175781,76.7300033569336,76.75,9288,0.0,0.0
2024-02-29 12:30:00-05:00,76.73999786376953,76.78500366210938,76.70999908447266,76.77999877929688,6135,0.0,0.0
2024-02-29 13:30:00-05:00,76.73500061035156,76.80999755859375,76.7300033569336,76.78250122070312,4355,0.0,0.0
2024-02-29 14:30:00-05:00,76.77999877929688,76.86499786376953,76.7699966430664,76.83499908447266,26492,0.0,0.0
2024-02-29 15:30:00-05:00,76.81999969482422,77.01000213623047,76.73999786376953,76.73999786376953,63670,0.0,0.0
2024-03-01 09:30:00-05:00,74.66000366210938,75.1500015258789,74.01100158691406,75.12999725341797,31588,0.0,0.0
2024-03-01 10:30:00-05:00,75.1449966430664,75.1449966430664,74.79499816894531,74.80000305175781,19206,0.0,0.0
2024-03-01 11:30:00-05:00,74.72000122070312,74.8499984741211,74.70999908447266,74.80000305175781,19498,0.0,0.0
2024-03-01 12:30:00-05:00,74.7300033569336,74.78479766845703,74.56500244140625,74.69999694824219,13193,0.0,0.0
2024-03-01 13:30:00-05:00,74.73739624023438,74.8499984741211,74.62000274658203,74.69499969482422,10280,0.0,0.0
2024-03-01 14:30:00-05:00,74.70500183105469,74.91000366210938,74.70500183105469,74.81999969482422,19121,0.0,0.0
2024-03-01 15:30:00-05:00,74.79000091552734,74.9000015258789,74.73999786376953,74.81999969482422,35424,0.0,0.0
2024-03-04 09:30:00-05:00,75.7699966430664,76.08000183105469,75.63009643554688,75.83000183105469,22820,0.0,0.0
2024-03-04 10:30:00-05:00,75.9000015258789,75.91999816894531,75.7699966430664,75.86000061035156,17587,0.0,0.0
2024-03-04 11:30:00-05:00,75.9000015258789,75.98999786376953,75.9000015258789,75.97250366210938,6168,0.0,0.0
2024-03-04 12:30:00-05:00,75.91999816894531,75.97000122070312,75.80999755859375,75.83999633789062,5932,0.0,0.0
2024-03-04 13:30:00-05:00,75.81999969482422,75.94000244140625,75.7699966430664,75.93000030517578,11304,0.0,0.0
2024-03-04 14:30:00-05:00,75.87999725341797,76.0999984741211,75.87999725341797,76.0999984741211,8228,0.0,0.0
2024-03-04 15:30:00-05:00,76.08000183105469,76.2699966430664,76.05999755859375,76.06999969482422,32040,0.0,0.0
2024-03-05 09:30:00-05:00,76.45999908447266,76.45999908447266,75.62000274658203,75.69000244140625,26406,0.0,0.0
2024-03-05 10:30:00-05:00,75.69000244140625,75.80500030517578,75.61000061035156,75.77999877929688,14805,0.0,0.0
2024-03-05 11:30:00-05:00,75.75499725341797,75.83000183105469,75.68000030517578,75.70999908447266,18666,0.0,0.0
2024-03-05 12:30:00-05:00,75.66999816894531,75.7699966430664,75.62999725341797,75.69000244140625,7595,0.0,0.0
2024-03-05 13:30:00-05:00,75.69999694824219,76.03500366210938,75.69000244140625,76.0199966430664,16142,0.0,0.0
2024-03-05 14:30:00-05:00,75.99400329589844,75.99400329589844,75.80000305175781,75.81999969482422,14034,0.0,0.0
2024-03-05 15:30:00-05:00,75.81999969482422,76.0199966430664,75.77999877929688,75.80999755859375,61952,0.0,0.0
2024-03-06 09:30:00-05:00,75.87000274658203,76.28500366210938,75.38999938964844,75.56999969482422,24176,0.0,0.0
2024-03-06 10:30:00-05:00,75.48999786376953,75.66999816894531,75.4000015258789,75.5999984741211,20820,0.0,0.0
2024-03-06 11:30:00-05:00,75.58000183105469,75.80000305175781,75.58000183105469,75.58000183105469,12913,0.0,0.0
2024-03-06 12:30:00-05:00,75.625,75.70999908447266,75.5199966430664,75.70999908447266,17323,0.0,0.0
2024-03-06 13:30:00-05:00,75.70999908447266,75.81999969482422,75.61000061035156,75.7750015258789,27543,0.0,0.0
2024-03-06 14:30:00-05:00,75.75,75.80000305175781,75.69000244140625,75.69999694824219,25190,0.0,0.0
2024-03-06 15:30:00-05:00,75.69999694824219,75.7699966430664,75.5999984741211,75.5999984741211,46409,0.0,0.0
2024-03-07 09:30:00-05:00,76.01000213623047,76.43000030517578,76.01000213623047,76.19999694824219,11161,0.0,0.0
2024-03-07 10:30:00-05:00,76.19000244140625,76.44000244140625,76.08000183105469,76.4000015258789,17582,0.0,0.0
2024-03-07 11:30:00-05:00,76.38999938964844,76.52999877929688,76.37000274658203,76.49500274658203,12021,0.0,0.0
2024-03-07 12:30:00-05:00,76.49500274658203,76.53990173339844,76.38999938964844,76.51000213623047,6359,0.0,0.0
2024-03-07 13:30:00-05:00,76.5199966430664,76.60199737548828,76.5,76.56500244140625,8471,0.0,0.0
2024-03-07 14:30:00-05:00,76.5999984741211,76.66000366210938,76.52999877929688,76.55999755859375,12744,0.0,0.0
2024-03-07 15:30:00-05:00,76.51000213623047,76.52999877929688,76.3499984741211,76.3499984741211,40231,0.0,0.0
2024-03-08 09:30:00-05:00,76.3499984741211,76.66000366210938,76.18000030517578,76.62999725341797,12779,0.0,0.0
2024-03-08 10:30:00-05:00,76.62000274658203,76.7300033569336,76.5199966430664,76.6500015258789,9984,0.0,0.0
2024-03-08 11:30:00-05:00,76.6500015258789,76.67900085449219,76.45999908447266,76.66000366210938,5068,0.0,0.0
2024-03-08 12:30:00-05:00,76.63999938964844,76.69999694824219,76.5,76.5999984741211,11219,0.0,0.0
2024-03-08 13:30:00-05:00,76.5999984741211,76.69000244140625,76.5,76.59500122070312,7034,0.0,0.0
2024-03-08 14:30:00-05:00,76.63999938964844,76.87000274658203,76.61499786376953,76.68499755859375,23161,0.0,0.0
2024-03-08 15:30:00-05:00,76.66000366210938,76.73999786376953,76.56999969482422,76.56999969482422,35041,0.0,0.0
2024-03-11 09:30:00-04:00,76.81999969482422,76.88999938964844,76.77999877929688,76.80000305175781,14212,0.0,0.0
2024-03-11 10:30:00-04:00,76.80000305175781,76.98999786376953,76.79499816894531,76.95999908447266,9860,0.0,0.0
2024-03-11 11:30:00-04:00,76.91999816894531,77.0,76.81999969482422,76.87999725341797,16847,0.0,0.0
2024-03-11 12:30:00-04:00,76.92500305175781,77.12000274658203,76.92500305175781,77.05000305175781,9778,0.0,0.0
2024-03-11 13:30:00-04:00,77.06999969482422,77.06999969482422,76.83999633789062,76.97000122070312,8384,0.0,0.0
2024-03-11 14:30:00-04:00,76.9749984741211,77.1500015258789,76.9749984741211,77.06999969482422,17723,0.0,0.0
2024-03-11 15:30:00-04:00,77.05999755859375,77.29000091552734,77.0199966430664,77.29000091552734,35113,0.0,0.0
2024-03-12 09:30:00-04:00,76.7300033569336,76.7300033569336,76.2300033569336,76.4800033569336,22068,0.0,0.0
2024-03-12 10:30:00-04:00,76.41000366210938,76.6050033569336,76.33999633789062,76.3550033569336,19550,0.0,0.0
2024-03-12 11:30:00-04:00,76.33999633789062,76.54000091552734,76.27999877929688,76.45999908447266,14476,0.0,0.0
2024-03-12 12:30:00-04:00,76.44499969482422,76.48999786376953,76.37000274658203,76.46499633789062,6670,0.0,0.0
2024-03-12 13:30:00-04:00,76.46499633789062,76.69000244140625,76.38999938964844,76.55999755859375,25159,0.0,0.0
2024-03-12 14:30:00-04:00,76.54000091552734,76.54000091552734,76.4000015258789,76.4000015258789,12938,0.0,0.0
2024-03-12 15:30:00-04:00,76.4000015258789,76.44000244140625,76.30999755859375,76.30999755859375,25216,0.0,0.0
2024-03-13 09:30:00-04:00,76.2300033569336,76.37999725341797,75.73999786376953,75.79000091552734,10357,0.0,0.0
2024-03-13 10:30:00-04:00,75.7300033569336,75.7300033569336,75.29000091552734,75.33000183105469,29847,0.0,0.0
2024-03-13 11:30:00-04:00,75.30999755859375,75.30999755859375,75.13999938964844,75.18199920654297,15142,0.0,0.0
2024-03-13 12:30:00-04:00,75.18000030517578,75.37999725341797,75.0199966430664,75.19000244140625,14191,0.0,0.0
2024-03-13 13:30:00-04:00,75.23500061035156,75.27999877929688,75.1500015258789,75.1500015258789,6608,0.0,0.0
2024-03-13 14:30:00-04:00,75.19000244140625,75.19999694824219,74.9000015258789,75.08999633789062,31749,0.0,0.0
2024-03-13 15:30:00-04:00,75.08999633789062,75.37000274658203,75.0199966430664,75.2699966430664,41824,0.0,0.0
2024-03-14 09:30:00-04:00,75.30000305175781,75.36830139160156,75.05999755859375,75.09989929199219,5248,0.0,0.0
2024-03-14 10:30:00-04:00,75.0199966430664,75.0199966430664,74.9000015258789,74.9000015258789,17097,0.0,0.0
2024-03-14 11:30:00-04:00,74.97000122070312,75.16999816894531,74.93000030517578,75.1500015258789,12151,0.0,0.0
2024-03-14 12:30:00-04:00,75.12999725341797,75.16500091552734,75.02999877929688,75.04000091552734,8647,0.0,0.0
2024-03-14 13:30:00-04:00,75.0999984741211,75.16999816894531,75.04499816894531,75.13500213623047,10815,0.0,0.0
2024-03-14 14:30:00-04:00,75.16999816894531,75.26000213623047,75.05999755859375,75.21499633789062,26122,0.0,0.0
2024-03-14 15:30:00-04:00,75.21499633789062,75.48999786376953,75.18000030517578,75.48999786376953,37596,0.0,0.0
2024-03-15 09:30:00-04:00,75.51000213623047,75.95999908447266,75.51000213623047,75.83000183105469,12538,0.0,0.0
2024-03-15 10:30:00-04:00,75.79000091552734,75.88999938964844,75.75,75.80000305175781,20672,0.0,0.0
2024-03-15 11:30:00-04:00,75.80999755859375,75.80999755859375,75.55000305175781,75.61000061035156,19112,0.0,0.0
2024-03-15 12:30:00-04:00,75.54000091552734,75.55000305175781,75.4749984741211,75.51000213623047,5531,0.0,0.0
2024-03-15 13:30:00-04:00,75.54989624023438,75.5625,75.44499969482422,75.48999786376953,13810,0.0,0.0
2024-03-15 14:30:00-04:00,75.44999694824219,75.62999725341797,75.41000366210938,75.5199966430664,18076,0.0,0.0
2024-03-15 15:30:00-04:00,75.4800033569336,75.51000213623047,75.22000122070312,75.25,48694,0.0,0.0
2024-03-18 09:30:00-04:00,75.6500015258789,75.78500366210938,75.44000244140625,75.55999755859375,23027,0.0,0.0
2024-03-18 10:30:00-04:00,75.5,75.58000183105469,75.44999694824219,75.5199966430664,11433,0.0,0.0
2024-03-18 11:30:00-04:00,75.60990142822266,75.60990142822266,75.48999786376953,75.51499938964844,11965,0.0,0.0
2024-03-18 12:30:00-04:00,75.51499938964844,75.57499694824219,75.48999786376953,75.5,15215,0.0,0.0
2024-03-18 13:30:00-04:00,75.51499938964844,75.5374984741211,75.33999633789062,75.51000213623047,46336,0.0,0.0
2024-03-18 14:30:00-04:00,75.4800033569336,75.63999938964844,75.45999908447266,75.58999633789062,23190,0.0,0.0
2024-03-18 15:30:00-04:00,75.58999633789062,75.58999633789062,75.44499969482422,75.51000213623047,62692,0.0,0.0
2024-03-19 09:30:00-04:00,73.95999908447266,74.13480377197266,72.58999633789062,72.6050033569336,47237,0.0,0.0
2024-03-19 10:30:00-04:00,72.59500122070312,73.04000091552734,72.52999877929688,72.94000244140625,15271,0.0,0.0
2024-03-19 11:30:00-04:00,72.9000015258789,73.05999755859375,72.88500213623047,72.93000030517578,76807,0.0,0.0
2024-03-19 12:30:00-04:00,72.93000030517578,72.94999694824219,72.68000030517578,72.74500274658203,49484,0.0,0.0
2024-03-19 13:30:00-04:00,72.75,73.41000366210938,72.68000030517578,73.41000366210938,52616,0.0,0.0
2024-03-19 14:30:00-04:00,73.41000366210938,73.45999908447266,73.18000030517578,73.22000122070312,19808,0.0,0.0
2024-03-19 15:30:00-04:00,73.16999816894531,73.25,73.02999877929688,73.02999877929688,45073,0.0,0.0
2024-03-20 09:30:00-04:00,72.94000244140625,72.94000244140625,72.13999938964844,72.62999725341797,33223,0.0,0.0
2024-03-20 10:30:00-04:00,72.72000122070312,72.72000122070312,72.41000366210938,72.48999786376953,9677,0.0,0.0
2024-03-20 11:30:00-04:00,72.52999877929688,72.62999725341797,72.37000274658203,72.4000015258789,11514,0.0,0.0
2024-03-20 12:30:00-04:00,72.37999725341797,72.46990203857422,72.37999725341797,72.45999908447266,21368,0.0,0.0
2024-03-20 13:30:00-04:00,72.48999786376953,72.88999938964844,72.45999908447266,72.80500030517578,12653,0.0,0.0
2024-03-20 14:30:00-04:00,72.80999755859375,73.04000091552734,72.73500061035156,73.0,15476,0.0,0.0
2024-03-20 15:30:00-04:00,72.97000122070312,72.97000122070312,72.70500183105469,72.80999755859375,41801,0.0,0.0
2024-03-21 09:30:00-04:00,72.30999755859375,73.45999908447266,72.05999755859375,73.45999908447266,38591,0.0,0.0
2024-03-21 10:30:00-04:00,73.4000015258789,73.5811996459961,73.3550033569336,73.58000183105469,11434,0.0,0.0
2024-03-21 11:30:00-04:00,73.54000091552734,73.66999816894531,73.4000015258789,73.4800033569336,12717,0.0,0.0
2024-03-21 12:30:00-04:00,73.52999877929688,73.63200378417969,73.41000366210938,73.58999633789062,12106,0.0,0.0
2024-03-21 13:30:00-04:00,73.58000183105469,73.58000183105469,73.33000183105469,73.35870361328125,7951,0.0,0.0
2024-03-21 14:30:00-04:00,73.29000091552734,73.3550033569336,73.19999694824219,73.26300048828125,11507,0.0,0.0
2024-03-21 15:30:00-04:00,73.26000213623047,73.2698974609375,72.91000366210938,72.91999816894531,34340,0.0,0.0
2024-03-22 09:30:00-04:00,73.5,74.15499877929688,73.5,74.12000274658203,46841,0.0,0.0
2024-03-22 10:30:00-04:00,74.12000274658203,74.17500305175781,73.91000366210938,74.05999755859375,15047,0.0,0.0
2024-03-22 11:30:00-04:00,74.11000061035156,74.19000244140625,73.95999908447266,73.97000122070312,15400,0.0,0.0
2024-03-22 12:30:00-04:00,73.97000122070312,73.97000122070312,73.63999938964844,73.6500015258789,28306,0.0,0.0
2024-03-22 13:30:00-04:00,73.70999908447266,73.75,73.4800033569336,73.50499725341797,12629,0.0,0.0
2024-03-22 14:30:00-04:00,73.48999786376953,73.66999816894531,73.4800033569336,73.63719940185547,24788,0.0,0.0
2024-03-22 15:30:00-04:00,73.66999816894531,73.7300033569336,73.4800033569336,73.48999786376953,40768,0.0,0.0
2024-03-25 09:30:00-04:00,73.22000122070312,73.53990173339844,73.0199966430664,73.31999969482422,8570,0.0,0.0
2024-03-25 10:30:00-04:00,73.36399841308594,73.4800033569336,73.31999969482422,73.38999938964844,13321,0.0,0.0
2024-03-25 11:30:00-04:00,73.41000366210938,73.48999786376953,73.37000274658203,73.44999694824219,16186,0.0,0.0
2024-03-25 12:30:00-04:00,73.44999694824219,73.4800033569336,73.41000366210938,73.41999816894531,11484,0.0,0.0
2024-03-25 13:30:00-04:00,73.41000366210938,73.48999786376953,73.4000015258789,73.47000122070312,11212,0.0,0.0
2024-03-25 14:30:00-04:00,73.44499969482422,73.46499633789062,73.3499984741211,73.45999908447266,22083,0.0,0.0
2024-03-25 15:30:00-04:00,73.45999908447266,73.55999755859375,73.37999725341797,73.41000366210938,35928,0.0,0.0
2024-03-26 09:30:00-04:00,73.4000015258789,73.61000061035156,73.19999694824219,73.44999694824219,26399,0.0,0.0
2024-03-26 10:30:00-04:00,73.42379760742188,73.5,73.23999786376953,73.26000213623047,9593,0.0,0.0
2024-03-26 11:30:00-04:00,73.26000213623047,73.30999755859375,73.13500213623047,73.13500213623047,7813,0.0,0.0
2024-03-26 12:30:00-04:00,73.12000274658203,73.12000274658203,72.97000122070312,73.06939697265625,6617,0.0,0.0
2024-03-26 13:30:00-04:00,73.04000091552734,73.08000183105469,73.01000213623047,73.05999755859375,7012,0.0,0.0
2024-03-26 14:30:00-04:00,73.05000305175781,73.0999984741211,73.0199966430664,73.03500366210938,13481,0.0,0.0
2024-03-26 15:30:00-04:00,72.98999786376953,73.0,72.77999877929688,72.83000183105469,42920,0.0,0.0
2024-03-27 09:30:00-04:00,72.91000366210938,73.2699966430664,72.61000061035156,72.63999938964844,16843,0.0,0.0
2024-03-27 10:30:00-04:00,72.7300033569336,72.7300033569336,72.54000091552734,72.55000305175781,8138,0.0,0.0
2024-03-27 11:30:00-04:00,72.55000305175781,72.56999969482422,72.37999725341797,72.41999816894531,4773,0.0,0.0
2024-03-27 12:30:00-04:00,72.47000122070312,72.55000305175781,72.41999816894531,72.44000244140625,5294,0.0,0.0
2024-03-27 13:30:00-04:00,72.42500305175781,72.48999786376953,72.29000091552734,72.48999786376953,4893,0.0,0.0
2024-03-27 14:30:00-04:00,72.44999694824219,72.5,72.26000213623047,72.26000213623047,9567,0.0,0.0
2024-03-27 15:30:00-04:00,72.23999786376953,72.37999725341797,72.19000244140625,72.30999755859375,30264,0.0,0.0
2024-03-28 09:30:00-04:00,73.1500015258789,73.5999984741211,73.04000091552734,73.5999984741211,32232,0.0,0.0
2024-03-28 10:30:00-04:00,73.55999755859375,73.80999755859375,73.55999755859375,73.70999908447266,15629,0.0,0.0
2024-03-28 11:30:00-04:00,73.69999694824219,73.70999908447266,73.61000061035156,73.69999694824219,10329,0.0,0.0
2024-03-28 12:30:00-04:00,73.68499755859375,73.69999694824219,73.58000183105469,73.6500015258789,10701,0.0,0.0
2024-03-28 13:30:00-04:00,73.66000366210938,73.66000366210938,73.51000213623047,73.5199966430664,13229,0.0,0.0
2024-03-28 14:30:00-04:00,73.4800033569336,73.51000213623047,73.22000122070312,73.51000213623047,12491,0.0,0.0
2024-03-28 15:30:00-04:00,73.51000213623047,73.52999877929688,73.33000183105469,73.33999633789062,31534,0.0,0.0
2024-04-01 09:30:00-04:00,74.44000244140625,74.44000244140625,73.80000305175781,74.02999877929688,21795,0.0,0.0
2024-04-01 10:30:00-04:00,73.93000030517578,73.9800033569336,73.80999755859375,73.8499984741211,9950,0.0,0.0
2024-04-01 11:30:00-04:00,73.86000061035156,73.87999725341797,73.66999816894531,73.77999877929688,15019,0.0,0.0
2024-04-01 12:30:00-04:00,73.7699966430664,73.86499786376953,73.75,73.82499694824219,8443,0.0,0.0
2024-04-01 13:30:00-04:00,73.82499694824219,73.86000061035156,73.76000213623047,73.79000091552734,10243,0.0,0.0
2024-04-01 14:30:00-04:00,73.78500366210938,73.94000244140625,73.7249984741211,73.87000274658203,20583,0.0,0.0
2024-04-01 15:30:00-04:00,73.8499984741211,73.97000122070312,73.79000091552734,73.94000244140625,33407,0.0,0.0
2024-04-02 09:30:00-04:00,73.83000183105469,73.83000183105469,73.05000305175781,73.52999877929688,65956,0.0,0.0
2024-04-02 10:30:00-04:00,73.5199966430664,73.87999725341797,73.5199966430664,73.66000366210938,16150,0.0,0.0
2024-04-02 11:30:00-04:00,73.7300033569336,73.83999633789062,73.5199966430664,73.67500305175781,21013,0.0,0.0
2024-04-02 12:30:00-04:00,73.69999694824219,73.79499816894531,73.6500015258789,73.7249984741211,15240,0.0,0.0
2024-04-02 13:30:00-04:00,73.76000213623047,73.8499984741211,73.69999694824219,73.78500366210938,15475,0.0,0.0
2024-04-02 14:30:00-04:00,73.78500366210938,73.79000091552734,73.6500015258789,73.79000091552734,18832,0.0,0.0
2024-04-02 15:30:00-04:00,73.77999877929688,73.86000061035156,73.69999694824219,73.80999755859375,32614,0.0,0.0
2024-04-03 09:30:00-04:00,73.5,73.5,72.5,72.63500213623047,27980,0.0,0.0
2024-04-03 10:30:00-04:00,72.68000030517578,73.08830261230469,72.63249969482422,73.0,24996,0.0,0.0
2024-04-03 11:30:00-04:00,73.00499725341797,73.19000244140625,72.9177017211914,73.13999938964844,24269,0.0,0.0
2024-04-03 12:30:00-04:00,73.26000213623047,73.30000305175781,73.01000213623047,73.0999984741211,21040,0.0,0.0
2024-04-03 13:30:00-04:00,73.0999984741211,73.15499877929688,73.04000091552734,73.1449966430664,19377,0.0,0.0
2024-04-03 14:30:00-04:00,73.1449966430664,73.1449966430664,72.88999938964844,73.0,28330,0.0,0.0
2024-04-03 15:30:00-04:00,73.0,73.26000213623047,72.98500061035156,73.05999755859375,35354,0.0,0.0
2024-04-04 09:30:00-04:00,73.30000305175781,73.41000366210938,73.08000183105469,73.33070373535156,11934,0.0,0.0
2024-04-04 10:30:00-04:00,73.37000274658203,73.5999984741211,73.19999694824219,73.5999984741211,15621,0.0,0.0
2024-04-04 11:30:00-04:00,73.55500030517578,73.62000274658203,73.44999694824219,73.52069854736328,14564,0.0,0.0
2024-04-04 12:30:00-04:00,73.46150207519531,73.54000091552734,73.33599853515625,73.44499969482422,19298,0.0,0.0
2024-04-04 13:30:00-04:00,73.43499755859375,73.4800033569336,73.26000213623047,73.36000061035156,15577,0.0,0.0
2024-04-04 14:30:00-04:00,73.34500122070312,73.3499984741211,73.05999755859375,73.07499694824219,8558,0.0,0.0
2024-04-04 15:30:00-04:00,73.05999755859375,73.05999755859375,72.8499984741211,72.88999938964844,20869,0.0,0.0
2024-04-05 09:30:00-04:00,73.38999938964844,73.68000030517578,73.30999755859375,73.48999786376953,24813,0.0,0.0
2024-04-05 10:30:00-04:00,73.54000091552734,74.06999969482422,73.49500274658203,73.96150207519531,25748,0.0,0.0
2024-04-05 11:30:00-04:00,74.12999725341797,74.12999725341797,73.9749984741211,73.9800033569336,4251,0.0,0.0
2024-04-05 12:30:00-04:00,73.94999694824219,73.98999786376953,73.83999633789062,73.91000366210938,10852,0.0,0.0
2024-04-05 13:30:00-04:00,73.91000366210938,73.93000030517578,73.76000213623047,73.80000305175781,12708,0.0,0.0
2024-04-05 14:30:00-04:00,73.76950073242188,73.89990234375,73.76950073242188,73.77999877929688,9621,0.0,0.0
2024-04-05 15:30:00-04:00,73.80120086669922,73.91999816894531,73.66999816894531,73.77999877929688,62379,0.0,0.0
2024-04-08 09:30:00-04:00,73.62999725341797,73.75,73.4000015258789,73.66999816894531,11806,0.0,0.0
2024-04-08 10:30:00-04:00,73.68000030517578,73.97000122070312,73.68000030517578,73.94000244140625,18517,0.0,0.0
2024-04-08 11:30:00-04:00,73.94999694824219,74.06999969482422,73.71499633789062,73.76000213623047,14879,0.0,0.0
2024-04-08 12:30:00-04:00,73.73999786376953,73.79000091552734,73.66500091552734,73.76000213623047,14133,0.0,0.0
2024-04-08 13:30:00-04:00,73.77999877929688,73.83999633789062,73.66500091552734,73.69499969482422,7015,0.0,0.0
2024-04-08 14:30:00-04:00,73.69499969482422,73.69499969482422,73.61000061035156,73.62000274658203,9917,0.0,0.0
2024-04-08 15:30:00-04:00,73.6449966430664,73.77999877929688,73.56999969482422,73.75,21177,0.0,0.0
2024-04-09 09:30:00-04:00,73.62000274658203,73.77999877929688,73.5199966430664,73.71499633789062,8048,0.0,0.0
2024-04-09 10:30:00-04:00,73.71499633789062,73.77999877929688,73.44999694824219,73.59500122070312,14804,0.0,0.0
2024-04-09 11:30:00-04:00,73.58999633789062,73.7750015258789,73.58999633789062,73.67250061035156,5100,0.0,0.0
2024-04-09 12:30:00-04:00,73.73999786376953,73.76000213623047,73.69499969482422,73.73999786376953,5274,0.0,0.0
2024-04-09 13:30:00-04:00,73.73999786376953,73.73999786376953,73.47000122070312,73.55999755859375,17280,0.0,0.0
2024-04-09 14:30:00-04:00,73.52999877929688,73.6500015258789,73.52999877929688,73.6500015258789,8831,0.0,0.0
2024-04-09 15:30:00-04:00,73.63999938964844,73.88999938964844,73.55999755859375,73.88999938964844,33848,0.0,0.0
2024-04-10 09:30:00-04:00,73.0199966430664,73.69000244140625,72.83000183105469,73.02999877929688,20665,0.0,0.0
2024-04-10 10:30:00-04:00,73.04000091552734,73.27999877929688,72.98999786376953,73.12000274658203,8406,0.0,0.0
2024-04-10 11:30:00-04:00,73.02999877929688,73.18000030517578,73.0,73.0,4838,0.0,0.0
2024-04-10 12:30:00-04:00,72.98999786376953,73.01000213623047,72.76000213623047,72.94999694824219,6692,0.0,0.0
2024-04-10 13:30:00-04:00,72.80000305175781,72.93000030517578,72.70999908447266,72.83000183105469,8193,0.0,0.0
2024-04-10 14:30:00-04:00,72.77999877929688,72.80999755859375,72.69999694824219,72.79000091552734,13413,0.0,0.0
2024-04-10 15:30:00-04:00,72.73999786376953,72.83999633789062,72.58000183105469,72.58999633789062,45362,0.0,0.0
2024-04-11 09:30:00-04:00,72.58999633789062,72.66999816894531,72.33000183105469,72.37999725341797,11832,0.0,0.0
2024-04-11 10:30:00-04:00,72.37999725341797,72.70999908447266,72.36000061035156,72.6500015258789,8214,0.0,0.0
2024-04-11 11:30:00-04:00,72.63999938964844,72.83999633789062,72.57499694824219,72.62999725341797,9557,0.0,0.0
2024-04-11 12:30:00-04:00,72.66999816894531,72.72000122070312,72.56999969482422,72.69999694824219,8967,0.0,0.0
2024-04-11 13:30:00-04:00,72.69999694824219,73.0,72.66999816894531,72.94999694824219,17136,0.0,0.0
2024-04-11 14:30:00-04:00,72.92500305175781,73.16000366210938,72.90010070800781,73.05999755859375,28864,0.0,0.0
2024-04-11 15:30:00-04:00,73.0199966430664,73.05000305175781,72.6500015258789,72.68000030517578,28041,0.0,0.0
2024-04-12 09:30:00-04:00,72.38999938964844,72.38999938964844,71.73999786376953,71.9800033569336,7856,0.0,0.0
2024-04-12 10:30:00-04:00,71.73999786376953,71.80000305175781,71.55999755859375,71.7300033569336,21579,0.0,0.0
2024-04-12 11:30:00-04:00,71.79499816894531,72.02999877929688,71.69999694824219,71.73750305175781,32668,0.0,0.0
2024-04-12 12:30:00-04:00,71.69999694824219,71.76000213623047,71.66000366210938,71.66000366210938,29436,0.0,0.0
2024-04-12 13:30:00-04:00,71.69000244140625,71.7699966430664,71.66000366210938,71.68499755859375,22007,0.0,0.0
2024-04-12 14:30:00-04:00,71.68000030517578,71.69000244140625,71.31999969482422,71.31999969482422,49176,0.0,0.0
2024-04-12 15:30:00-04:00,71.31999969482422,71.58000183105469,71.2249984741211,71.44000244140625,86155,0.0,0.0
2024-04-15 09:30:00-04:00,71.33000183105469,71.9000015258789,71.33000183105469,71.73999786376953,9444,0.0,0.0
2024-04-15 10:30:00-04:00,71.6500015258789,71.80000305175781,71.62000274658203,71.80000305175781,8850,0.0,0.0
2024-04-15 11:30:00-04:00,71.77999877929688,71.83799743652344,71.69999694824219,71.7699966430664,16215,0.0,0.0
2024-04-15 12:30:00-04:00,71.70999908447266,71.76000213623047,71.41999816894531,71.41999816894531,6180,0.0,0.0
2024-04-15 13:30:00-04:00,71.41000366210938,71.4198989868164,71.0,71.04550170898438,95097,0.0,0.0
2024-04-15 14:30:00-04:00,71.0,71.12999725341797,70.86000061035156,71.0199966430664,46893,0.0,0.0
2024-04-15 15:30:00-04:00,71.02999877929688,71.27999877929688,71.01000213623047,71.18000030517578,47931,0.0,0.0
2024-04-16 09:30:00-04:00,71.30000305175781,71.77999877929688,71.1500015258789,71.56500244140625,35744,0.0,0.0
2024-04-16 10:30:00-04:00,71.5,71.69999694824219,71.44999694824219,71.51000213623047,15534,0.0,0.0
2024-04-16 11:30:00-04:00,71.5,71.7300033569336,71.5,71.61750030517578,8114,0.0,0.0
2024-04-16 12:30:00-04:00,71.62000274658203,71.69000244140625,71.58000183105469,71.6500015258789,8396,0.0,0.0
2024-04-16 13:30:00-04:00,71.5,71.77999877929688,71.41000366210938,71.68499755859375,22860,0.0,0.0
2024-04-16 14:30:00-04:00,71.68499755859375,71.87000274658203,71.63999938964844,71.71099853515625,12940,0.0,0.0
2024-04-16 15:30:00-04:00,71.70999908447266,71.72000122070312,71.53500366210938,71.63999938964844,32866,0.0,0.0
2024-04-17 09:30:00-04:00,71.6500015258789,71.70500183105469,71.19999694824219,71.30999755859375,16879,0.0,0.0
2024-04-17 10:30:00-04:00,71.30000305175781,71.41000366210938,71.2699966430664,71.33000183105469,10418,0.0,0.0
2024-04-17 11:30:00-04:00,71.31999969482422,71.43000030517578,71.29000091552734,71.33000183105469,23686,0.0,0.0
2024-04-17 12:30:00-04:00,71.29000091552734,71.37000274658203,71.19999694824219,71.3499984741211,24125,0.0,0.0
2024-04-17 13:30:00-04:00,71.25,71.47000122070312,71.19000244140625,71.38999938964844,9891,0.0,0.0
2024-04-17 14:30:00-04:00,71.4000015258789,71.44999694824219,71.25,71.38999938964844,10161,0.0,0.0
2024-04-17 15:30:00-04:00,71.4000015258789,71.4800033569336,71.30000305175781,71.3499984741211,27695,0.0,0.0
2024-04-18 09:30:00-04:00,71.0999984741211,71.0999984741211,70.79000091552734,71.06999969482422,22655,0.0,0.0
2024-04-18 10:30:00-04:00,71.05999755859375,71.36000061035156,71.05999755859375,71.29000091552734,4656,0.0,0.0
2024-04-18 11:30:00-04:00,71.20999908447266,71.29000091552734,71.20999908447266,71.2300033569336,5407,0.0,0.0
2024-04-18 12:30:00-04:00,71.2300033569336,71.2300033569336,71.05500030517578,71.05999755859375,8279,0.0,0.0
2024-04-18 13:30:00-04:00,71.06999969482422,71.10990142822266,71.01000213623047,71.04000091552734,6246,0.0,0.0
2024-04-18 14:30:00-04:00,71.0,71.11599731445312,70.94000244140625,71.02999877929688,9243,0.0,0.0
2024-04-18 15:30:00-04:00,71.13999938964844,71.13999938964844,70.91000366210938,70.91000366210938,24060,0.0,0.0
2024-04-19 09:30:00-04:00,70.9000015258789,71.23999786376953,70.71499633789062,71.18000030517578,17144,0.0,0.0
2024-04-19 10:30:00-04:00,71.08999633789062,71.0999984741211,70.97000122070312,70.98999786376953,10100,0.0,0.0
2024-04-19 11:30:00-04:00,71.0,71.19000244140625,70.9739990234375,71.05999755859375,11034,0.0,0.0
2024-04-19 12:30:00-04:00,71.0199966430664,71.26000213623047,70.9800033569336,71.2300033569336,18644,0.0,0.0
2024-04-19 13:30:00-04:00,71.20999908447266,71.30000305175781,71.16999816894531,71.19000244140625,10129,0.0,0.0
2024-04-19 14:30:00-04:00,71.16000366210938,71.2699966430664,71.05999755859375,71.2699966430664,10374,0.0,0.0
2024-04-19 15:30:00-04:00,71.26000213623047,71.29000091552734,71.08999633789062,71.12999725341797,29535,0.0,0.0
2024-04-22 09:30:00-04:00,71.47000122070312,71.91999816894531,71.47000122070312,71.8499984741211,11345,0.0,0.0
2024-04-22 10:30:00-04:00,71.86000061035156,71.97000122070312,71.77999877929688,71.79000091552734,14415,0.0,0.0
2024-04-22 11:30:00-04:00,71.83000183105469,71.87999725341797,71.76499938964844,71.83999633789062,10389,0.0,0.0
2024-04-22 12:30:00-04:00,71.80000305175781,72.08999633789062,71.79000091552734,72.08000183105469,19684,0.0,0.0
2024-04-22 13:30:00-04:00,72.07499694824219,72.2300033569336,72.05000305175781,72.20999908447266,10356,0.0,0.0
2024-04-22 14:30:00-04:00,72.18000030517578,72.18000030517578,71.91999816894531,71.94000244140625,12751,0.0,0.0
2024-04-22 15:30:00-04:00,71.93000030517578,72.16000366210938,71.88999938964844,72.16000366210938,32283,0.0,0.0
2024-04-23 09:30:00-04:00,72.0,72.0,71.41999816894531,71.62999725341797,24425,0.0,0.0
2024-04-23 10:30:00-04:00,71.6500015258789,71.66999816894531,71.54000091552734,71.5999984741211,10492,0.0,0.0
2024-04-23 11:30:00-04:00,71.5999984741211,71.75,71.56999969482422,71.75,17416,0.0,0.0
2024-04-23 12:30:00-04:00,71.70999908447266,71.88999938964844,71.70999908447266,71.80000305175781,12565,0.0,0.0
2024-04-23 13:30:00-04:00,71.81999969482422,71.9000015258789,71.73500061035156,71.75,19016,0.0,0.0
2024-04-23 14:30:00-04:00,71.75,71.7699966430664,71.58999633789062,71.58999633789062,13260,0.0,0.0
2024-04-23 15:30:00-04:00,71.58499908447266,71.62999725341797,71.47000122070312,71.4800033569336,20287,0.0,0.0
2024-04-24 09:30:00-04:00,71.43000030517578,71.62999725341797,71.29499816894531,71.29499816894531,8724,0.0,0.0
2024-04-24 10:30:00-04:00,71.30500030517578,71.43000030517578,71.1500015258789,71.4000015258789,11796,0.0,0.0
2024-04-24 11:30:00-04:00,71.44000244140625,71.44999694824219,71.08999633789062,71.15499877929688,17036,0.0,0.0
2024-04-24 12:30:00-04:00,71.13999938964844,71.25,70.94999694824219,71.25,13894,0.0,0.0
2024-04-24 13:30:00-04:00,71.24500274658203,71.30999755859375,71.05500030517578,71.05500030517578,10138,0.0,0.0
2024-04-24 14:30:00-04:00,71.07499694824219,71.08000183105469,70.86000061035156,71.01000213623047,11479,0.0,0.0
2024-04-24 15:30:00-04:00,70.97000122070312,71.04000091552734,70.77999877929688,70.95500183105469,58166,0.0,0.0
2024-04-25 09:30:00-04:00,73.4000015258789,74.16000366210938,73.2699966430664,74.08999633789062,43283,0.0,0.0
2024-04-25 10:30:00-04:00,74.08000183105469,74.1500015258789,73.69000244140625,74.1500015258789,30848,0.0,0.0
2024-04-25 11:30:00-04:00,74.08499908447266,74.33000183105469,74.05000305175781,74.19000244140625,25321,0.0,0.0
2024-04-25 12:30:00-04:00,74.21499633789062,74.24849700927734,73.88999938964844,73.93000030517578,19375,0.0,0.0
2024-04-25 13:30:00-04:00,73.86000061035156,74.19000244140625,73.86000061035156,74.08999633789062,21599,0.0,0.0
2024-04-25 14:30:00-04:00,74.08999633789062,74.16500091552734,73.94999694824219,74.12999725341797,17518,0.0,0.0
2024-04-25 15:30:00-04:00,74.12999725341797,74.1698989868164,74.01000213623047,74.0199966430664,44770,0.0,0.0
2024-04-26 09:30:00-04:00,74.2699966430664,74.77999877929688,74.26000213623047,74.62000274658203,16714,0.0,0.0
2024-04-26 10:30:00-04:00,74.62000274658203,74.6500015258789,74.23999786376953,74.33000183105469,14474,0.0,0.0
2024-04-26 11:30:00-04:00,74.31999969482422,74.54000091552734,74.29000091552734,74.47000122070312,18111,0.0,0.0
2024-04-26 12:30:00-04:00,74.52999877929688,74.62000274658203,74.45500183105469,74.54000091552734,15325,0.0,0.0
2024-04-26 13:30:00-04:00,74.52999877929688,74.66000366210938,74.5199966430664,74.61000061035156,12793,0.0,0.0
2024-04-26 14:30:00-04:00,74.5999984741211,74.69000244140625,74.55999755859375,74.62000274658203,15582,0.0,0.0
2024-04-26 15:30:00-04:00,74.625,74.6449966430664,74.5199966430664,74.56999969482422,40525,0.0,0.0
2024-04-29 09:30:00-04:00,74.83000183105469,75.22000122070312,74.83000183105469,75.0999984741211,15203,0.0,0.0
2024-04-29 10:30:00-04:00,75.11000061035156,75.11000061035156,74.87000274658203,74.90499877929688,10014,0.0,0.0
2024-04-29 11:30:00-04:00,74.87999725341797,75.02999877929688,74.87999725341797,74.9800033569336,11436,0.0,0.0
2024-04-29 12:30:00-04:00,74.9800033569336,75.0,74.80000305175781,74.86000061035156,19349,0.0,0.0
2024-04-29 13:30:00-04:00,74.8499984741211,74.91799926757812,74.80000305175781,74.83999633789062,9104,0.0,0.0
2024-04-29 14:30:00-04:00,74.80999755859375,74.81999969482422,74.51000213623047,74.51000213623047,37062,0.0,0.0
2024-04-29 15:30:00-04:00,74.56999969482422,74.56999969482422,74.30000305175781,74.41999816894531,83817,0.0,0.0
2024-04-30 09:30:00-04:00,74.01000213623047,74.05999755859375,73.48999786376953,73.70999908447266,5767,0.0,0.0
2024-04-30 10:30:00-04:00,73.66000366210938,73.66999816894531,73.38500213623047,73.5199966430664,11195,0.0,0.0
2024-04-30 11:30:00-04:00,73.61000061035156,73.83999633789062,73.55000305175781,73.83000183105469,6807,0.0,0.0
2024-04-30 12:30:00-04:00,73.80000305175781,73.80000305175781,73.63999938964844,73.7300033569336,7792,0.0,0.0
2024-04-30 13:30:00-04:00,73.75,73.75,73.48999786376953,73.55999755859375,20300,0.0,0.0
2024-04-30 14:30:00-04:00,73.56500244140625,73.62000274658203,73.5,73.51000213623047,19405,0.0,0.0
2024-04-30 15:30:00-04:00,73.5,73.58000183105469,73.4000015258789,73.46499633789062,65433,0.0,0.0
2024-05-01 09:30:00-04:00,73.37999725341797,73.87999725341797,73.37999725341797,73.81500244140625,5241,0.0,0.0
2024-05-01 10:30:00-04:00,73.87000274658203,74.01499938964844,73.87000274658203,73.9000015258789,5957,0.0,0.0
2024-05-01 11:30:00-04:00,73.87000274658203,73.98999786376953,73.83000183105469,73.97000122070312,10633,0.0,0.0
2024-05-01 12:30:00-04:00,73.91999816894531,73.93499755859375,73.76000213623047,73.9000015258789,8336,0.0,0.0
2024-05-01 13:30:00-04:00,73.87000274658203,74.03500366210938,73.80000305175781,74.03500366210938,20318,0.0,0.0
2024-05-01 14:30:00-04:00,74.0,74.2750015258789,73.91000366210938,74.16999816894531,27893,0.0,0.0
2024-05-01 15:30:00-04:00,74.12999725341797,74.1500015258789,73.94999694824219,73.97000122070312,31323,0.0,0.0
2024-05-02 09:30:00-04:00,74.63999938964844,74.95999908447266,74.4800033569336,74.8550033569336,37356,0.0,0.0
2024-05-02 10:30:00-04:00,74.8550033569336,75.05999755859375,74.80999755859375,75.00499725341797,34391,0.0,0.0
2024-05-02 11:30:00-04:00,74.95999908447266,75.1854019165039,74.91999816894531,75.08999633789062,14351,0.0,0.0
2024-05-02 12:30:00-04:00,75.12000274658203,75.18990325927734,75.08000183105469,75.13999938964844,6696,0.0,0.0
2024-05-02 13:30:00-04:00,75.08999633789062,75.12000274658203,74.8499984741211,74.91000366210938,43310,0.0,0.0
2024-05-02 14:30:00-04:00,74.91000366210938,75.06999969482422,74.87000274658203,75.04499816894531,33856,0.0,0.0
2024-05-02 15:30:00-04:00,74.98999786376953,74.98999786376953,74.73500061035156,74.77999877929688,43839,0.0,0.0
2024-05-03 09:30:00-04:00,74.88999938964844,75.43000030517578,74.70500183105469,75.17500305175781,32634,0.0,0.0
2024-05-03 10:30:00-04:00,75.16999816894531,75.25,75.12000274658203,75.13999938964844,28492,0.0,0.0
2024-05-03 11:30:00-04:00,75.19999694824219,75.31999969482422,75.12999725341797,75.16999816894531,34116,0.0,0.0
2024-05-03 12:30:00-04:00,75.17310333251953,75.29499816894531,75.1500015258789,75.29499816894531,20197,0.0,0.0
2024-05-03 13:30:00-04:00,75.29000091552734,75.31999969482422,75.18000030517578,75.20999908447266,11257,0.0,0.0
2024-05-03 14:30:00-04:00,75.18000030517578,75.19499969482422,75.12000274658203,75.1500015258789,30818,0.0,0.0
2024-05-03 15:30:00-04:00,75.1500015258789,75.23999786376953,75.12999725341797,75.23999786376953,51783,0.0,0.0
2024-05-06 09:30:00-04:00,74.94999694824219,75.19000244140625,74.9000015258789,75.1500015258789,12523,0.0,0.0
2024-05-06 10:30:00-04:00,75.1500015258789,75.16999816894531,75.05000305175781,75.05000305175781,11481,0.0,0.0
2024-05-06 11:30:00-04:00,75.12000274658203,75.16999816894531,74.83999633789062,74.9000015258789,7998,0.0,0.0
2024-05-06 12:30:00-04:00,74.91999816894531,75.01000213623047,74.87580108642578,74.94999694824219,9152,0.0,0.0
2024-05-06 13:30:00-04:00,74.91999816894531,74.98999786376953,74.8499984741211,74.97000122070312,9931,0.0,0.0
2024-05-06 14:30:00-04:00,74.93499755859375,75.05999755859375,74.87000274658203,75.0,15463,0.0,0.0
2024-05-06 15:30:00-04:00,74.9800033569336,75.08999633789062,74.88999938964844,74.88999938964844,24604,0.0,0.0
2024-05-07 09:30:00-04:00,73.2300033569336,74.47000122070312,72.20999908447266,72.25499725341797,31100,0.0,0.0
2024-05-07 10:30:00-04:00,72.45999908447266,72.61000061035156,71.23999786376953,71.27999877929688,45526,0.0,0.0
2024-05-07 11:30:00-04:00,71.3499984741211,71.72000122070312,71.12000274658203,71.47000122070312,16459,0.0,0.0
2024-05-07 12:30:00-04:00,71.41999816894531,71.7699966430664,71.3499984741211,71.7699966430664,10553,0.0,0.0
2024-05-07 13:30:00-04:00,71.7300033569336,71.76000213623047,71.55000305175781,71.66000366210938,11782,0.0,0.0
2024-05-07 14:30:00-04:00,71.5999984741211,71.79000091552734,71.4800033569336,71.66000366210938,19944,0.0,0.0
2024-05-07 15:30:00-04:00,71.7300033569336,71.7300033569336,71.4000015258789,71.41999816894531,51927,0.0,0.0
2024-05-08 09:30:00-04:00,71.58000183105469,71.91999816894531,71.02999877929688,71.88999938964844,14515,0.0,0.0
2024-05-08 10:30:00-04:00,71.88999938964844,71.88999938964844,71.52999877929688,71.7300033569336,12881,0.0,0.0
2024-05-08 11:30:00-04:00,71.7300033569336,71.77999877929688,71.36000061035156,71.43000030517578,13188,0.0,0.0
2024-05-08 12:30:00-04:00,71.41000366210938,71.6500015258789,71.41000366210938,71.55500030517578,11128,0.0,0.0
2024-05-08 13:30:00-04:00,71.55999755859375,71.62000274658203,71.37999725341797,71.37999725341797,10244,0.0,0.0
2024-05-08 14:30:00-04:00,71.41000366210938,71.41000366210938,71.26000213623047,71.36000061035156,13663,0.0,0.0
2024-05-08 15:30:00-04:00,71.33000183105469,71.58000183105469,71.30000305175781,71.44999694824219,40268,0.0,0.0
2024-05-09 09:30:00-04:00,70.58999633789062,70.58999633789062,69.1449966430664,69.20999908447266,56989,0.0,0.0
2024-05-09 10:30:00-04:00,69.02999877929688,69.47000122070312,69.02999877929688,69.19999694824219,30090,0.0,0.0
2024-05-09 11:30:00-04:00,69.16999816894531,69.375,69.16999816894531,69.26000213623047,18884,0.0,0.0
2024-05-09 12:30:00-04:00,69.22000122070312,69.29000091552734,69.16999816894531,69.20999908447266,21428,0.0,0.0
2024-05-09 13:30:00-04:00,69.20999908447266,69.48999786376953,69.20500183105469,69.48999786376953,22146,0.0,0.0
2024-05-09 14:30:00-04:00,69.4800033569336,69.50499725341797,69.25,69.38999938964844,29268,0.0,0.0
2024-05-09 15:30:00-04:00,69.37999725341797,69.4800033569336,69.16999816894531,69.45999908447266,125506,0.0,0.0
2024-05-10 09:30:00-04:00,69.61000061035156,70.02999877929688,69.61000061035156,69.68000030517578,62513,0.0,0.0
2024-05-10 10:30:00-04:00,69.7249984741211,69.83000183105469,69.52999877929688,69.72000122070312,45723,0.0,0.0
2024-05-10 11:30:00-04:00,69.72000122070312,69.80000305175781,69.52999877929688,69.56500244140625,37678,0.0,0.0
2024-05-10 12:30:00-04:00,69.52999877929688,69.5999984741211,69.31500244140625,69.31999969482422,45088,0.0,0.0
2024-05-10 13:30:00-04:00,69.33999633789062,69.62000274658203,69.16000366210938,69.52999877929688,122406,0.0,0.0
2024-05-10 14:30:00-04:00,69.52999877929688,69.63500213623047,69.51000213623047,69.55999755859375,72097,0.0,0.0
2024-05-10 15:30:00-04:00,69.56500244140625,69.5790023803711,69.12999725341797,69.1500015258789,151967,0.0,0.0
2024-05-13 09:30:00-04:00,69.5199966430664,70.16000366210938,69.5199966430664,69.83999633789062,39264,0.0,0.0
2024-05-13 10:30:00-04:00,69.87000274658203,70.18000030517578,69.87000274658203,69.94499969482422,24175,0.0,0.0
2024-05-13 11:30:00-04:00,69.93000030517578,70.08499908447266,69.93000030517578,70.08499908447266,37746,0.0,0.0
2024-05-13 12:30:00-04:00,70.08999633789062,70.20999908447266,69.9800033569336,70.02999877929688,15998,0.0,0.0
2024-05-13 13:30:00-04:00,70.02999877929688,70.02999877929688,69.81999969482422,69.94000244140625,16823,0.0,0.0
2024-05-13 14:30:00-04:00,69.97000122070312,69.9800033569336,69.80999755859375,69.83000183105469,37467,0.0,0.0
2024-05-13 15:30:00-04:00,69.83999633789062,69.98999786376953,69.80999755859375,69.87000274658203,57093,0.0,0.0
2024-05-14 09:30:00-04:00,69.80000305175781,69.98999786376953,69.13999938964844,69.22000122070312,35897,0.0,0.0
2024-05-14 10:30:00-04:00,69.19999694824219,69.33999633789062,69.16000366210938,69.2249984741211,40869,0.0,0.0
2024-05-14 11:30:00-04:00,69.22000122070312,69.29000091552734,69.20999908447266,69.25499725341797,30924,0.0,0.0
2024-05-14 12:30:00-04:00,69.25,69.2699966430664,69.13999938964844,69.16000366210938,58624,0.0,0.0
2024-05-14 13:30:00-04:00,69.16000366210938,69.2300033569336,69.02999877929688,69.06999969482422,31112,0.0,0.0
2024-05-14 14:30:00-04:00,69.06999969482422,69.5,69.0,69.43000030517578,60426,0.0,0.0
2024-05-14 15:30:00-04:00,69.41000366210938,69.73999786376953,69.30999755859375,69.68000030517578,84434,0.0,0.0
2024-05-15 09:30:00-04:00,70.0,70.11000061035156,69.44999694824219,69.44999694824219,31839,0.0,0.0
2024-05-15 10:30:00-04:00,69.41999816894531,69.76000213623047,69.3949966430664,69.70999908447266,43415,0.0,0.0
2024-05-15 11:30:00-04:00,69.70999908447266,69.9000015258789,69.62999725341797,69.69989776611328,18692,0.0,0.0
2024-05-15 12:30:00-04:00,69.66000366210938,69.69999694824219,69.48999786376953,69.56999969482422,31783,0.0,0.0
2024-05-15 13:30:00-04:00,69.61000061035156,69.9000015258789,69.58000183105469,69.79000091552734,45878,0.0,0.0
2024-05-15 14:30:00-04:00,69.7300033569336,69.87999725341797,69.66999816894531,69.77999877929688,46640,0.0,0.0
2024-05-15 15:30:00-04:00,69.75,69.75,69.61000061035156,69.62999725341797,85155,0.0,0.0
2024-05-16 09:30:00-04:00,69.55999755859375,69.5999984741211,69.01000213623047,69.27999877929688,30005,0.0,0.0
2024-05-16 10:30:00-04:00,69.24500274658203,69.55000305175781,69.18000030517578,69.2300033569336,42002,0.0,0.0
2024-05-16 11:30:00-04:00,69.22000122070312,69.33999633789062,69.16999816894531,69.29000091552734,15908,0.0,0.0
2024-05-16 12:30:00-04:00,69.26000213623047,69.36000061035156,69.2300033569336,69.36000061035156,12865,0.0,0.0
2024-05-16 13:30:00-04:00,69.33999633789062,69.38999938964844,69.27999877929688,69.27999877929688,16577,0.0,0.0
2024-05-16 14:30:00-04:00,69.25499725341797,69.4800033569336,69.23999786376953,69.45999908447266,28546,0.0,0.0
2024-05-16 15:30:00-04:00,69.44000244140625,69.4800033569336,69.27999877929688,69.29000091552734,69078,0.0,0.0
2024-05-17 09:30:00-04:00,69.18000030517578,69.18000030517578,68.62000274658203,68.80999755859375,32063,0.0,0.0
2024-05-17 10:30:00-04:00,68.72000122070312,68.79000091552734,68.61499786376953,68.6500015258789,28310,0.0,0.0
2024-05-17 11:30:00-04:00,68.61000061035156,68.61000061035156,68.31999969482422,68.37000274658203,20153,0.0,0.0
2024-05-17 12:30:00-04:00,68.33999633789062,68.57830047607422,68.33999633789062,68.50340270996094,15955,0.0,0.0
2024-05-17 13:30:00-04:00,68.44000244140625,68.55999755859375,68.31999969482422,68.31999969482422,19035,0.0,0.0
2024-05-17 14:30:00-04:00,68.30999755859375,68.41000366210938,68.20999908447266,68.31849670410156,22432,0.0,0.0
2024-05-17 15:30:00-04:00,68.30000305175781,68.41000366210938,68.16000366210938,68.25,52637,0.0,0.0
2024-05-20 09:30:00-04:00,68.3499984741211,69.0,68.3499984741211,68.77999877929688,35945,0.0,0.0
2024-05-20 10:30:00-04:00,68.83000183105469,69.0,68.6803970336914,68.81500244140625,29122,0.0,0.0
2024-05-20 11:30:00-04:00,68.83499908447266,68.91790008544922,68.7699966430664,68.80999755859375,31518,0.0,0.0
2024-05-20 12:30:00-04:00,68.80999755859375,68.80999755859375,68.73999786376953,68.75,22293,0.0,0.0
2024-05-20 13:30:00-04:00,68.75,68.80000305175781,68.55999755859375,68.7300033569336,26455,0.0,0.0
2024-05-20 14:30:00-04:00,68.66999816894531,68.73999786376953,68.55999755859375,68.73999786376953,34338,0.0,0.0
2024-05-20 15:30:00-04:00,68.75,68.86000061035156,68.70999908447266,68.70999908447266,40874,0.0,0.0
2024-05-21 09:30:00-04:00,68.83999633789062,69.16000366210938,68.69999694824219,69.0199966430664,19256,0.0,0.0
2024-05-21 10:30:00-04:00,68.9749984741211,69.0199966430664,68.75499725341797,68.80000305175781,21658,0.0,0.0
2024-05-21 11:30:00-04:00,68.80999755859375,68.86000061035156,68.58000183105469,68.58999633789062,16605,0.0,0.0
2024-05-21 12:30:00-04:00,68.61000061035156,68.7300033569336,68.57499694824219,68.72000122070312,18041,0.0,0.0
2024-05-21 13:30:00-04:00,68.75,68.83999633789062,68.69000244140625,68.80500030517578,11597,0.0,0.0
2024-05-21 14:30:00-04:00,68.80999755859375,68.87000274658203,68.72000122070312,68.77999877929688,18800,0.0,0.0
2024-05-21 15:30:00-04:00,68.77999877929688,68.97000122070312,68.72000122070312,68.93000030517578,64255,0.0,0.0
2024-05-22 09:30:00-04:00,69.2300033569336,70.08499908447266,69.2300033569336,69.62000274658203,50377,0.0,0.0
2024-05-22 10:30:00-04:00,69.625,69.70500183105469,69.55999755859375,69.61000061035156,54360,0.0,0.0
2024-05-22 11:30:00-04:00,69.5999984741211,69.86000061035156,69.58000183105469,69.83000183105469,33125,0.0,0.0
2024-05-22 12:30:00-04:00,69.83000183105469,70.12999725341797,69.83000183105469,70.0199966430664,44947,0.0,0.0
2024-05-22 13:30:00-04:00,70.05000305175781,70.1500015258789,69.79000091552734,69.80500030517578,41217,0.0,0.0
2024-05-22 14:30:00-04:00,69.80500030517578,69.91999816894531,69.79000091552734,69.8550033569336,35393,0.0,0.0
2024-05-22 15:30:00-04:00,69.86000061035156,69.86000061035156,69.61000061035156,69.67500305175781,130964,0.0,0.0
2024-05-23 09:30:00-04:00,69.91999816894531,69.91999816894531,69.38999938964844,69.54000091552734,56829,0.0,0.0
2024-05-23 10:30:00-04:00,69.48500061035156,69.77999877929688,69.48500061035156,69.69000244140625,37707,0.0,0.0
2024-05-23 11:30:00-04:00,69.68000030517578,69.8499984741211,69.68000030517578,69.7300033569336,26614,0.0,0.0
2024-05-23 12:30:00-04:00,69.7300033569336,69.875,69.69999694824219,69.73999786376953,25889,0.0,0.0
2024-05-23 13:30:00-04:00,69.73999786376953,69.73999786376953,69.54000091552734,69.56500244140625,40884,0.0,0.0
2024-05-23 14:30:00-04:00,69.58000183105469,69.58999633789062,69.36000061035156,69.51000213623047,43687,0.0,0.0
2024-05-23 15:30:00-04:00,69.51499938964844,69.62000274658203,69.44999694824219,69.61000061035156,80823,0.0,0.0
2024-05-24 09:30:00-04:00,69.5999984741211,69.84500122070312,69.18499755859375,69.26000213623047,32262,0.0,0.0
2024-05-24 10:30:00-04:00,69.26499938964844,69.52999877929688,69.11000061035156,69.43000030517578,48287,0.0,0.0
2024-05-24 11:30:00-04:00,69.44999694824219,69.66000366210938,69.33999633789062,69.66000366210938,27432,0.0,0.0
2024-05-24 12:30:00-04:00,69.68000030517578,69.72000122070312,69.61000061035156,69.68000030517578,23156,0.0,0.0
2024-05-24 13:30:00-04:00,69.68990325927734,69.72000122070312,69.5,69.53500366210938,21105,0.0,0.0
2024-05-24 14:30:00-04:00,69.5199966430664,69.61000061035156,69.44000244140625,69.55000305175781,32834,0.0,0.0
2024-05-24 15:30:00-04:00,69.58000183105469,69.5999984741211,69.4000015258789,69.52999877929688,60851,0.0,0.0
2024-05-28 09:30:00-04:00,70.43000030517578,70.91999816894531,70.26000213623047,70.80999755859375,53124,0.0,0.0
2024-05-28 10:30:00-04:00,70.7750015258789,71.04000091552734,70.7750015258789,70.82499694824219,30360,0.0,0.0
2024-05-28 11:30:00-04:00,70.87000274658203,71.0,70.77999877929688,70.83000183105469,21632,0.0,0.0
2024-05-28 12:30:00-04:00,70.79499816894531,70.87000274658203,70.69999694824219,70.7699966430664,14569,0.0,0.0
2024-05-28 13:30:00-04:00,70.80999755859375,70.88999938964844,70.73999786376953,70.7750015258789,16921,0.0,0.0
2024-05-28 14:30:00-04:00,70.80000305175781,70.8499984741211,70.73999786376953,70.80999755859375,28453,0.0,0.0
2024-05-28 15:30:00-04:00,70.80000305175781,71.02999877929688,70.79499816894531,70.93299865722656,49758,0.0,0.0
2024-05-29 09:30:00-04:00,70.98999786376953,71.48999786376953,70.61000061035156,70.61000061035156,49675,0.0,0.0
2024-05-29 10:30:00-04:00,70.61000061035156,70.83999633789062,70.61000061035156,70.73500061035156,44602,0.0,0.0
2024-05-29 11:30:00-04:00,70.76000213623047,70.81999969482422,70.61000061035156,70.63999938964844,37868,0.0,0.0
2024-05-29 12:30:00-04:00,70.63999938964844,70.66999816894531,70.41000366210938,70.51499938964844,61272,0.0,0.0
2024-05-29 13:30:00-04:00,70.5199966430664,70.54000091552734,70.36000061035156,70.41500091552734,32695,0.0,0.0
2024-05-29 14:30:00-04:00,70.42500305175781,70.54989624023438,70.3499984741211,70.38500213623047,29308,0.0,0.0
2024-05-29 15:30:00-04:00,70.37000274658203,70.66000366210938,70.33999633789062,70.54000091552734,114978,0.0,0.0
2024-05-30 09:30:00-04:00,70.16999816894531,70.30500030517578,69.73999786376953,69.97000122070312,39565,0.0,0.0
2024-05-30 10:30:00-04:00,69.91000366210938,69.91999816894531,69.66000366210938,69.69000244140625,28783,0.0,0.0
2024-05-30 11:30:00-04:00,69.61000061035156,69.94999694824219,69.61000061035156,69.9000015258789,34873,0.0,0.0
2024-05-30 12:30:00-04:00,69.88999938964844,70.06999969482422,69.7300033569336,69.80999755859375,22143,0.0,0.0
2024-05-30 13:30:00-04:00,69.83999633789062,69.83999633789062,69.5999984741211,69.66999816894531,19971,0.0,0.0
2024-05-30 14:30:00-04:00,69.69499969482422,69.77999877929688,69.55999755859375,69.75,32697,0.0,0.0
2024-05-30 15:30:00-04:00,69.73500061035156,70.04000091552734,69.69000244140625,69.88999938964844,98808,0.0,0.0
2024-05-31 09:30:00-04:00,69.5,69.58999633789062,68.41500091552734,68.41500091552734,54375,0.0,0.0
2024-05-31 10:30:00-04:00,68.4000015258789,68.54000091552734,68.06999969482422,68.30500030517578,42581,0.0,0.0
2024-05-31 11:30:00-04:00,68.31999969482422,68.58000183105469,68.2750015258789,68.41000366210938,27256,0.0,0.0
2024-05-31 12:30:00-04:00,68.45500183105469,68.62989807128906,68.45500183105469,68.55999755859375,20223,0.0,0.0
2024-05-31 13:30:00-04:00,68.5802993774414,68.72000122070312,68.52999877929688,68.6500015258789,23147,0.0,0.0
2024-05-31 14:30:00-04:00,68.62999725341797,68.76000213623047,68.5199966430664,68.68000030517578,26475,0.0,0.0
2024-05-31 15:30:00-04:00,68.62999725341797,68.69999694824219,68.51000213623047,68.66000366210938,92645,0.0,0.0
2024-06-03 09:30:00-04:00,69.30000305175781,69.69499969482422,68.94999694824219,69.34500122070312,16113,0.0,0.0
2024-06-03 10:30:00-04:00,69.24500274658203,69.4000015258789,69.08999633789062,69.33000183105469,16888,0.0,0.0
2024-06-03 11:30:00-04:00,69.2699966430664,69.41000366210938,69.08999633789062,69.21499633789062,11436,0.0,0.0
2024-06-03 12:30:00-04:00,69.19499969482422,69.59500122070312,69.14800262451172,69.58999633789062,31026,0.0,0.0
2024-06-03 13:30:00-04:00,69.55000305175781,69.80000305175781,69.37999725341797,69.69999694824219,42429,0.0,0.0
2024-06-03 14:30:00-04:00,69.69000244140625,69.98500061035156,69.4800033569336,69.4800033569336,40356,0.0,0.0
2024-06-03 15:30:00-04:00,69.4800033569336,69.63500213623047,69.38999938964844,69.44999694824219,59190,0.0,0.0
2024-06-04 09:30:00-04:00,68.98999786376953,69.0,68.43000030517578,68.86499786376953,15803,0.0,0.0
2024-06-04 10:30:00-04:00,68.83000183105469,69.05000305175781,68.79000091552734,68.80999755859375,18493,0.0,0.0
2024-06-04 11:30:00-04:00,68.83999633789062,69.06500244140625,68.73999786376953,68.86000061035156,15537,0.0,0.0
2024-06-04 12:30:00-04:00,68.8550033569336,68.93000030517578,68.65599822998047,68.69999694824219,8027,0.0,0.0
2024-06-04 13:30:00-04:00,68.74500274658203,68.87999725341797,68.62999725341797,68.87999725341797,8036,0.0,0.0
2024-06-04 14:30:00-04:00,68.8949966430664,68.9749984741211,68.77999877929688,68.80999755859375,23593,0.0,0.0
2024-06-04 15:30:00-04:00,68.81999969482422,68.8499984741211,68.72000122070312,68.73999786376953,24452,0.0,0.0
2024-06-05 09:30:00-04:00,69.44000244140625,69.81999969482422,69.33000183105469,69.41000366210938,25519,0.0,0.0
2024-06-05 10:30:00-04:00,69.41000366210938,69.73999786376953,69.27999877929688,69.62000274658203,28319,0.0,0.0
2024-06-05 11:30:00-04:00,69.62999725341797,69.66000366210938,69.29000091552734,69.48999786376953,18126,0.0,0.0
2024-06-05 12:30:00-04:00,69.48999786376953,69.63500213623047,69.37999725341797,69.63500213623047,15978,0.0,0.0
2024-06-05 13:30:00-04:00,69.63999938964844,69.72599792480469,69.4000015258789,69.4800033569336,30995,0.0,0.0
2024-06-05 14:30:00-04:00,69.50499725341797,69.54000091552734,69.38999938964844,69.54000091552734,17898,0.0,0.0
2024-06-05 15:30:00-04:00,69.54000091552734,69.58999633789062,69.41000366210938,69.54000091552734,46229,0.0,0.0
2024-06-06 09:30:00-04:00,69.86000061035156,70.25,69.80000305175781,70.25,18739,0.0,0.0
2024-06-06 10:30:00-04:00,70.16000366210938,70.31999969482422,70.06999969482422,70.29000091552734,11575,0.0,0.0
2024-06-06 11:30:00-04:00,70.29000091552734,70.36499786376953,70.23999786376953,70.33000183105469,7901,0.0,0.0
2024-06-06 12:30:00-04:00,70.3550033569336,70.6500015258789,70.19539642333984,70.33999633789062,27342,0.0,0.0
2024-06-06 13:30:00-04:00,70.3499984741211,70.38999938964844,70.19499969482422,70.32499694824219,9092,0.0,0.0
2024-06-06 14:30:00-04:00,70.30999755859375,70.4800033569336,70.30249786376953,70.37000274658203,16909,0.0,0.0
2024-06-06 15:30:00-04:00,70.38999938964844,70.3949966430664,70.27999877929688,70.36000061035156,16827,0.0,0.0
2024-06-07 09:30:00-04:00,71.76000213623047,71.9800033569336,71.62000274658203,71.83000183105469,22479,0.0,0.0
2024-06-07 10:30:00-04:00,71.83000183105469,71.91000366210938,71.70999908447266,71.81999969482422,23028,0.0,0.0
2024-06-07 11:30:00-04:00,71.81999969482422,71.83999633789062,71.5999984741211,71.75990295410156,21735,0.0,0.0
2024-06-07 12:30:00-04:00,71.5999984741211,71.62999725341797,71.3499984741211,71.42500305175781,14510,0.0,0.0
2024-06-07 13:30:00-04:00,71.45999908447266,71.56999969482422,71.29000091552734,71.44999694824219,14620,0.0,0.0
2024-06-07 14:30:00-04:00,71.4800033569336,71.5,71.30000305175781,71.36100006103516,19421,0.0,0.0
2024-06-07 15:30:00-04:00,71.38500213623047,71.44999694824219,71.26000213623047,71.36000061035156,51059,0.0,0.0
2024-06-10 09:30:00-04:00,71.81999969482422,72.16999816894531,71.81999969482422,72.16999816894531,32328,0.0,0.0
2024-06-10 10:30:00-04:00,72.16000366210938,72.30999755859375,72.02999877929688,72.30000305175781,21286,0.0,0.0
2024-06-10 11:30:00-04:00,72.25499725341797,72.37999725341797,72.17500305175781,72.17500305175781,9516,0.0,0.0
2024-06-10 12:30:00-04:00,72.13999938964844,72.2699966430664,72.12999725341797,72.12999725341797,9191,0.0,0.0
2024-06-10 13:30:00-04:00,72.1500015258789,72.25,72.13999938964844,72.18000030517578,5448,0.0,0.0
2024-06-10 14:30:00-04:00,72.18000030517578,72.53500366210938,72.16999816894531,72.5,14243,0.0,0.0
2024-06-10 15:30:00-04:00,72.4800033569336,72.70999908447266,72.43000030517578,72.59500122070312,43580,0.0,0.0
2024-06-11 09:30:00-04:00,72.19999694824219,72.19999694824219,71.79000091552734,71.8949966430664,16469,0.0,0.0
2024-06-11 10:30:00-04:00,71.87000274658203,72.12000274658203,71.87000274658203,71.93000030517578,21543,0.0,0.0
2024-06-11 11:30:00-04:00,72.02999877929688,72.26000213623047,71.94999694824219,72.12149810791016,15569,0.0,0.0
2024-06-11 12:30:00-04:00,72.13999938964844,72.23999786376953,72.11000061035156,72.13999938964844,10978,0.0,0.0
2024-06-11 13:30:00-04:00,72.0999984741211,72.22000122070312,72.04000091552734,72.18000030517578,16057,0.0,0.0
2024-06-11 14:30:00-04:00,72.1500015258789,72.26000213623047,72.08000183105469,72.12999725341797,18166,0.0,0.0
2024-06-11 15:30:00-04:00,72.08999633789062,72.13999938964844,71.91000366210938,72.0199966430664,33155,0.0,0.0
2024-06-12 09:30:00-04:00,72.13999938964844,72.40499877929688,71.62000274658203,71.6500015258789,33845,0.0,0.0
2024-06-12 10:30:00-04:00,71.66999816894531,71.7300033569336,71.51000213623047,71.6050033569336,20580,0.0,0.0
2024-06-12 11:30:00-04:00,71.5999984741211,71.70999908447266,71.51000213623047,71.54000091552734,17138,0.0,0.0
2024-06-12 12:30:00-04:00,71.54000091552734,71.72200012207031,71.51000213623047,71.69999694824219,36516,0.0,0.0
2024-06-12 13:30:00-04:00,71.6449966430664,71.68000030517578,71.51000213623047,71.66000366210938,20133,0.0,0.0
2024-06-12 14:30:00-04:00,71.67500305175781,71.76799774169922,71.58000183105469,71.63500213623047,22276,0.0,0.0
2024-06-12 15:30:00-04:00,71.63999938964844,71.73999786376953,71.61000061035156,71.66000366210938,59098,0.0,0.0
2024-06-13 09:30:00-04:00,72.87999725341797,72.87999725341797,72.25,72.41000366210938,21038,0.0,0.0
2024-06-13 10:30:00-04:00,72.4800033569336,72.58999633789062,72.31999969482422,72.58999633789062,12113,0.0,0.0
2024-06-13 11:30:00-04:00,72.55999755859375,72.62249755859375,72.43000030517578,72.5,10175,0.0,0.0
2024-06-13 12:30:00-04:00,72.48999786376953,72.6500015258789,72.45500183105469,72.58000183105469,17479,0.0,0.0
2024-06-13 13:30:00-04:00,72.52999877929688,72.52999877929688,72.30999755859375,72.37999725341797,6484,0.0,0.0
2024-06-13 14:30:00-04:00,72.37999725341797,72.65499877929688,72.37999725341797,72.65499877929688,12131,0.0,0.0
2024-06-13 15:30:00-04:00,72.62000274658203,72.73999786376953,72.55999755859375,72.66000366210938,49975,0.0,0.0
2024-06-14 09:30:00-04:00,72.41000366210938,72.69999694824219,72.13999938964844,72.33999633789062,12299,0.0,0.0
2024-06-14 10:30:00-04:00,72.27999877929688,72.52999877929688,72.27999877929688,72.51499938964844,21969,0.0,0.0
2024-06-14 11:30:00-04:00,72.5199966430664,72.55999755859375,72.19999694824219,72.19999694824219,12634,0.0,0.0
2024-06-14 12:30:00-04:00,72.31999969482422,72.31999969482422,72.18499755859375,72.19000244140625,9946,0.0,0.0
2024-06-14 13:30:00-04:00,72.19000244140625,72.22000122070312,72.0999984741211,72.20999908447266,9694,0.0,0.0
2024-06-14 14:30:00-04:00,72.2300033569336,72.2300033569336,72.05000305175781,72.05999755859375,18477,0.0,0.0
2024-06-14 15:30:00-04:00,72.05999755859375,72.11000061035156,71.79000091552734,71.79000091552734,47970,0.0,0.0
2024-06-17 09:30:00-04:00,71.66999816894531,71.8499984741211,71.20999908447266,71.4800033569336,66915,0.0,0.0
2024-06-17 10:30:00-04:00,71.5999984741211,71.69999694824219,71.30000305175781,71.69999694824219,37385,0.0,0.0
2024-06-17 11:30:00-04:00,71.7249984741211,71.7249984741211,71.54000091552734,71.69000244140625,35577,0.0,0.0
2024-06-17 12:30:00-04:00,71.72200012207031,71.86499786376953,71.54000091552734,71.62000274658203,40475,0.0,0.0
2024-06-17 13:30:00-04:00,71.63999938964844,71.80999755859375,71.63999938964844,71.79000091552734,27309,0.0,0.0
2024-06-17 14:30:00-04:00,71.7699966430664,71.97830200195312,71.7699966430664,71.87999725341797,30065,0.0,0.0
2024-06-17 15:30:00-04:00,71.79000091552734,71.9000015258789,71.65499877929688,71.69999694824219,49666,0.0,0.0
2024-06-18 09:30:00-04:00,71.51000213623047,71.63999938964844,71.1500015258789,71.1500015258789,21306,0.0,0.0
2024-06-18 10:30:00-04:00,71.12000274658203,71.24749755859375,71.0,71.10009765625,8198,0.0,0.0
2024-06-18 11:30:00-04:00,71.0999984741211,71.13500213623047,70.70500183105469,70.9000015258789,19832,0.0,0.0
2024-06-18 12:30:00-04:00,70.9000015258789,70.9000015258789,70.5199966430664,70.7300033569336,7688,0.0,0.0
2024-06-18 13:30:00-04:00,70.70999908447266,70.85399627685547,70.65499877929688,70.77999877929688,19764,0.0,0.0
2024-06-18 14:30:00-04:00,70.80000305175781,70.93779754638672,70.75,70.79000091552734,16655,0.0,0.0
2024-06-18 15:30:00-04:00,70.76000213623047,70.8499984741211,70.72000122070312,70.80999755859375,43381,0.0,0.0
2024-06-20 09:30:00-04:00,70.69000244140625,71.33999633789062,70.69000244140625,71.13999938964844,26075,0.0,0.0
2024-06-20 10:30:00-04:00,71.11000061035156,71.20999908447266,71.04499816894531,71.19000244140625,12778,0.0,0.0
2024-06-20 11:30:00-04:00,71.20999908447266,71.29000091552734,71.05000305175781,71.05000305175781,14146,0.0,0.0
2024-06-20 12:30:00-04:00,71.0,71.0199966430664,70.75,70.7699966430664,13579,0.0,0.0
2024-06-20 13:30:00-04:00,70.79499816894531,70.87000274658203,70.66000366210938,70.86000061035156,15210,0.0,0.0
2024-06-20 14:30:00-04:00,70.83000183105469,70.91000366210938,70.68499755859375,70.8499984741211,17839,0.0,0.0
2024-06-20 15:30:00-04:00,70.83000183105469,70.94999694824219,70.73999786376953,70.80999755859375,57845,0.0,0.0
2024-06-21 09:30:00-04:00,70.72000122070312,71.30999755859375,70.72000122070312,71.08999633789062,14641,0.0,0.0
2024-06-21 10:30:00-04:00,71.06999969482422,71.20999908447266,70.94999694824219,71.08999633789062,12965,0.0,0.0
2024-06-21 11:30:00-04:00,71.08999633789062,71.25,71.08000183105469,71.12999725341797,16776,0.0,0.0
2024-06-21 12:30:00-04:00,71.19000244140625,71.36000061035156,71.19000244140625,71.26000213623047,22058,0.0,0.0
2024-06-21 13:30:00-04:00,71.29499816894531,71.33399963378906,71.24500274658203,71.30000305175781,20298,0.0,0.0
2024-06-21 14:30:00-04:00,71.30000305175781,71.38999938964844,71.27999877929688,71.37999725341797,23700,0.0,0.0
2024-06-21 15:30:00-04:00,71.36000061035156,71.70600128173828,71.29000091552734,71.55999755859375,100950,0.0,0.0
2024-06-24 09:30:00-04:00,71.8499984741211,72.22000122070312,71.77999877929688,72.13999938964844,6118,0.0,0.0
2024-06-24 10:30:00-04:00,72.16000366210938,72.29000091552734,72.13999938964844,72.29000091552734,5872,0.0,0.0
2024-06-24 11:30:00-04:00,72.19000244140625,72.25,72.04000091552734,72.18499755859375,12099,0.0,0.0
2024-06-24 12:30:00-04:00,72.18499755859375,72.37000274658203,72.11000061035156,72.18000030517578,16520,0.0,0.0
2024-06-24 13:30:00-04:00,72.18000030517578,72.26000213623047,72.13819885253906,72.19999694824219,15208,0.0,0.0
2024-06-24 14:30:00-04:00,72.19999694824219,72.23999786376953,71.93000030517578,72.04000091552734,19492,0.0,0.0
2024-06-24 15:30:00-04:00,72.05500030517578,72.26000213623047,72.0199966430664,72.1500015258789,35136,0.0,0.0
2024-06-25 09:30:00-04:00,72.05000305175781,72.08999633789062,71.5999984741211,71.76499938964844,38188,0.0,0.0
2024-06-25 10:30:00-04:00,71.73999786376953,71.88999938964844,71.63999938964844,71.83499908447266,45513,0.0,0.0
2024-06-25 11:30:00-04:00,71.83499908447266,71.87999725341797,71.70999908447266,71.76010131835938,26367,0.0,0.0
2024-06-25 12:30:00-04:00,71.79000091552734,72.03829956054688,71.73999786376953,71.95999908447266,29283,0.0,0.0
2024-06-25 13:30:00-04:00,71.94000244140625,72.08000183105469,71.80000305175781,71.96499633789062,34251,0.0,0.0
2024-06-25 14:30:00-04:00,71.94000244140625,72.00990295410156,71.79000091552734,71.94999694824219,27888,0.0,0.0
2024-06-25 15:30:00-04:00,71.95500183105469,72.0999984741211,71.7699966430664,71.80000305175781,81390,0.0,0.0
2024-06-26 09:30:00-04:00,71.91000366210938,71.97000122070312,71.55000305175781,71.69999694824219,26962,0.0,0.0
2024-06-26 10:30:00-04:00,71.69999694824219,71.80500030517578,71.62000274658203,71.70999908447266,17910,0.0,0.0
2024-06-26 11:30:00-04:00,71.63500213623047,71.8499984741211,71.62999725341797,71.81999969482422,17877,0.0,0.0
2024-06-26 12:30:00-04:00,71.81999969482422,72.0250015258789,71.79000091552734,71.81999969482422,31055,0.0,0.0
2024-06-26 13:30:00-04:00,71.87000274658203,71.91999816894531,71.75,71.91999816894531,11993,0.0,0.0
2024-06-26 14:30:00-04:00,71.87999725341797,71.95999908447266,71.79499816894531,71.9000015258789,14699,0.0,0.0
2024-06-26 15:30:00-04:00,71.93000030517578,72.06999969482422,71.8499984741211,72.0,43122,0.0,0.0
2024-06-27 09:30:00-04:00,73.5999984741211,74.98999786376953,73.37999725341797,74.98999786376953,52918,0.0,0.0
2024-06-27 10:30:00-04:00,75.0,75.61499786376953,74.91000366210938,75.55000305175781,40538,0.0,0.0
2024-06-27 11:30:00-04:00,75.51000213623047,75.79499816894531,75.44000244140625,75.73500061035156,30392,0.0,0.0
2024-06-27 12:30:00-04:00,75.69999694824219,75.69999694824219,75.33999633789062,75.44000244140625,29366,0.0,0.0
2024-06-27 13:30:00-04:00,75.5,75.5,75.16000366210938,75.2699966430664,30535,0.0,0.0
2024-06-27 14:30:00-04:00,75.2300033569336,75.44999694824219,75.12999725341797,75.44999694824219,44364,0.0,0.0
2024-06-27 15:30:00-04:00,75.48999786376953,75.55999755859375,75.2699966430664,75.36000061035156,72910,0.0,0.0
2024-06-28 09:30:00-04:00,75.86000061035156,76.37000274658203,75.83999633789062,76.37000274658203,17535,0.0,0.0
2024-06-28 10:30:00-04:00,76.39990234375,76.44999694824219,76.18000030517578,76.25,12078,0.0,0.0
2024-06-28 11:30:00-04:00,76.3550033569336,76.51499938964844,76.26000213623047,76.41999816894531,13370,0.0,0.0
2024-06-28 12:30:00-04:00,76.44400024414062,76.80999755859375,76.44400024414062,76.52999877929688,27575,0.0,0.0
2024-06-28 13:30:00-04:00,76.56999969482422,76.83000183105469,76.53500366210938,76.70999908447266,32635,0.0,0.0
2024-06-28 14:30:00-04:00,76.7300033569336,76.75,76.61000061035156,76.68499755859375,54820,0.0,0.0
2024-06-28 15:30:00-04:00,76.68499755859375,76.69499969482422,76.16000366210938,76.19000244140625,61798,0.0,0.0
2024-07-01 09:30:00-04:00,76.11000061035156,76.19000244140625,75.66000366210938,75.75,13098,0.0,0.0
2024-07-01 10:30:00-04:00,75.69999694824219,75.69999694824219,75.25,75.36000061035156,13986,0.0,0.0
2024-07-01 11:30:00-04:00,75.30000305175781,75.44000244140625,75.12999725341797,75.42649841308594,14327,0.0,0.0
2024-07-01 12:30:00-04:00,75.36000061035156,75.52999877929688,75.18000030517578,75.22000122070312,8759,0.0,0.0
2024-07-01 13:30:00-04:00,75.18499755859375,75.47000122070312,75.16999816894531,75.30999755859375,25851,0.0,0.0
2024-07-01 14:30:00-04:00,75.26000213623047,75.30989837646484,75.19999694824219,75.26499938964844,17838,0.0,0.0
2024-07-01 15:30:00-04:00,75.29000091552734,75.43000030517578,75.19499969482422,75.41000366210938,31295,0.0,0.0
2024-07-02 09:30:00-04:00,75.37000274658203,75.68000030517578,75.08999633789062,75.65499877929688,47710,0.0,0.0
2024-07-02 10:30:00-04:00,75.66000366210938,75.83000183105469,75.5999984741211,75.72000122070312,15543,0.0,0.0
2024-07-02 11:30:00-04:00,75.69000244140625,75.9000015258789,75.5999984741211,75.79000091552734,12815,0.0,0.0
2024-07-02 12:30:00-04:00,75.83000183105469,75.91000366210938,75.73999786376953,75.88999938964844,17476,0.0,0.0
2024-07-02 13:30:00-04:00,75.9198989868164,76.23999786376953,75.87000274658203,76.22000122070312,30201,0.0,0.0
2024-07-02 14:30:00-04:00,76.2249984741211,76.2699966430664,75.86000061035156,76.19000244140625,28928,0.0,0.0
2024-07-02 15:30:00-04:00,76.25499725341797,76.25499725341797,76.00499725341797,76.11000061035156,45211,0.0,0.0
2024-07-03 09:30:00-04:00,76.55999755859375,76.77999877929688,76.05999755859375,76.77999877929688,10955,0.0,0.0
2024-07-03 10:30:00-04:00,76.77999877929688,76.78939819335938,76.27999877929688,76.32499694824219,25615,0.0,0.0
2024-07-03 11:30:00-04:00,76.31500244140625,76.33999633789062,76.0999984741211,76.18000030517578,13693,0.0,0.0
2024-07-05 09:30:00-04:00,77.12999725341797,77.41999816894531,76.91000366210938,77.4000015258789,13991,0.0,0.0
2024-07-05 10:30:00-04:00,77.4000015258789,77.54499816894531,77.30000305175781,77.4800033569336,16210,0.0,0.0
2024-07-05 11:30:00-04:00,77.52999877929688,77.83499908447266,77.48999786376953,77.80999755859375,15241,0.0,0.0
2024-07-05 12:30:00-04:00,77.83000183105469,77.97000122070312,77.7699966430664,77.95999908447266,21018,0.0,0.0
2024-07-05 13:30:00-04:00,77.9800033569336,78.08000183105469,77.95999908447266,77.97000122070312,20157,0.0,0.0
2024-07-05 14:30:00-04:00,77.9800033569336,77.98999786376953,77.72000122070312,77.76499938964844,29627,0.0,0.0
2024-07-05 15:30:00-04:00,77.73999786376953,78.04000091552734,77.73999786376953,78.04000091552734,20150,0.0,0.0
2024-07-08 09:30:00-04:00,77.93000030517578,78.05000305175781,77.63999938964844,77.88999938964844,15941,0.0,0.0
2024-07-08 10:30:00-04:00,77.83000183105469,77.87999725341797,77.47000122070312,77.56999969482422,13351,0.0,0.0
2024-07-08 11:30:00-04:00,77.5250015258789,77.58000183105469,77.29000091552734,77.58000183105469,22130,0.0,0.0
2024-07-08 12:30:00-04:00,77.55000305175781,77.58000183105469,77.45999908447266,77.58000183105469,20199,0.0,0.0
2024-07-08 13:30:00-04:00,77.58000183105469,77.59500122070312,77.48999786376953,77.56999969482422,16003,0.0,0.0
2024-07-08 14:30:00-04:00,77.55000305175781,77.7699966430664,77.44000244140625,77.73500061035156,30299,0.0,0.0
2024-07-08 15:30:00-04:00,77.7300033569336,77.76000213623047,77.5,77.52999877929688,55647,0.0,0.0
2024-07-09 09:30:00-04:00,78.02999877929688,78.02999877929688,77.23500061035156,77.33999633789062,23888,0.0,0.0
2024-07-09 10:30:00-04:00,77.37000274658203,77.59500122070312,77.36000061035156,77.48500061035156,19247,0.0,0.0
2024-07-09 11:30:00-04:00,77.44499969482422,77.69999694824219,77.38999938964844,77.69999694824219,29574,0.0,0.0
2024-07-09 12:30:00-04:00,77.69999694824219,77.69999694824219,77.62000274658203,77.63999938964844,18891,0.0,0.0
2024-07-09 13:30:00-04:00,77.5999984741211,77.66999816894531,77.55000305175781,77.58999633789062,25933,0.0,0.0
2024-07-09 14:30:00-04:00,77.59500122070312,77.73999786376953,77.56999969482422,77.69999694824219,22003,0.0,0.0
2024-07-09 15:30:00-04:00,77.69000244140625,77.76000213623047,77.6449966430664,77.69999694824219,46611,0.0,0.0
2024-07-10 09:30:00-04:00,77.80999755859375,78.16999816894531,77.73999786376953,77.83999633789062,29402,0.0,0.0
2024-07-10 10:30:00-04:00,77.77999877929688,78.25,77.63999938964844,78.25,56386,0.0,0.0
2024-07-10 11:30:00-04:00,78.26000213623047,78.33000183105469,78.18000030517578,78.30999755859375,12660,0.0,0.0
2024-07-10 12:30:00-04:00,78.29000091552734,78.44000244140625,78.23999786376953,78.37000274658203,21946,0.0,0.0
2024-07-10 13:30:00-04:00,78.31999969482422,78.37000274658203,78.27999877929688,78.3499984741211,12961,0.0,0.0
2024-07-10 14:30:00-04:00,78.3499984741211,78.4000015258789,78.30000305175781,78.3499984741211,16484,0.0,0.0
2024-07-10 15:30:00-04:00,78.33000183105469,78.41999816894531,78.19000244140625,78.2300033569336,39599,0.0,0.0
2024-07-11 09:30:00-04:00,78.43000030517578,79.25,78.43000030517578,79.08000183105469,22859,0.0,0.0
2024-07-11 10:30:00-04:00,79.13999938964844,79.31999969482422,79.0999984741211,79.1500015258789,23143,0.0,0.0
2024-07-11 11:30:00-04:00,79.1500015258789,79.36000061035156,79.1500015258789,79.2699966430664,20594,0.0,0.0
2024-07-11 12:30:00-04:00,79.22000122070312,79.2699966430664,78.72000122070312,78.73500061035156,14481,0.0,0.0
2024-07-11 13:30:00-04:00,78.7300033569336,78.75,78.55000305175781,78.55999755859375,13188,0.0,0.0
2024-07-11 14:30:00-04:00,78.52999877929688,78.75,78.5,78.56999969482422,24364,0.0,0.0
2024-07-11 15:30:00-04:00,78.55999755859375,78.80999755859375,78.55999755859375,78.77999877929688,22120,0.0,0.0
2024-07-12 09:30:00-04:00,79.30999755859375,79.9800033569336,79.30999755859375,79.9800033569336,24863,0.0,0.0
2024-07-12 10:30:00-04:00,79.9800033569336,80.0,79.7750015258789,79.97000122070312,24395,0.0,0.0
2024-07-12 11:30:00-04:00,79.95999908447266,80.13999938964844,79.73999786376953,79.83000183105469,20665,0.0,0.0
2024-07-12 12:30:00-04:00,79.79000091552734,79.83999633789062,79.66000366210938,79.77999877929688,13598,0.0,0.0
2024-07-12 13:30:00-04:00,79.72000122070312,79.94999694824219,79.69000244140625,79.90499877929688,14216,0.0,0.0
2024-07-12 14:30:00-04:00,79.94999694824219,79.98999786376953,79.7699966430664,79.83000183105469,15969,0.0,0.0
2024-07-12 15:30:00-04:00,79.83000183105469,79.83999633789062,79.5199966430664,79.58000183105469,30665,0.0,0.0
2024-07-15 09:30:00-04:00,80.08000183105469,80.6500015258789,79.37999725341797,80.5199966430664,75425,0.0,0.0
2024-07-15 10:30:00-04:00,80.53399658203125,80.6229019165039,80.20999908447266,80.54000091552734,52045,0.0,0.0
2024-07-15 11:30:00-04:00,80.5,80.79000091552734,80.4749984741211,80.56999969482422,22673,0.0,0.0
2024-07-15 12:30:00-04:00,80.5999984741211,80.69999694824219,80.4000015258789,80.51000213623047,22427,0.0,0.0
2024-07-15 13:30:00-04:00,80.5199966430664,80.58999633789062,80.33499908447266,80.42990112304688,20591,0.0,0.0
2024-07-15 14:30:00-04:00,80.41000366210938,80.55000305175781,80.33999633789062,80.3949966430664,22416,0.0,0.0
2024-07-15 15:30:00-04:00,80.42649841308594,80.4800033569336,80.33999633789062,80.44000244140625,58226,0.0,0.0
2024-07-16 09:30:00-04:00,79.62999725341797,79.68000030517578,79.23999786376953,79.25,22928,0.0,0.0
2024-07-16 10:30:00-04:00,79.25,79.25,78.26000213623047,78.47000122070312,33231,0.0,0.0
2024-07-16 11:30:00-04:00,78.48999786376953,78.5,78.0999984741211,78.13999938964844,30239,0.0,0.0
2024-07-16 12:30:00-04:00,78.11000061035156,78.20999908447266,77.94000244140625,78.1500015258789,30521,0.0,0.0
2024-07-16 13:30:00-04:00,78.18900299072266,78.44999694824219,78.01000213623047,78.4000015258789,36292,0.0,0.0
2024-07-16 14:30:00-04:00,78.3499984741211,78.44010162353516,78.3499984741211,78.4000015258789,16538,0.0,0.0
2024-07-16 15:30:00-04:00,78.37999725341797,78.4800033569336,78.01000213623047,78.47000122070312,111402,0.0,0.0
2024-07-17 09:30:00-04:00,78.47000122070312,78.7699966430664,78.02999877929688,78.66000366210938,19014,0.0,0.0
2024-07-17 10:30:00-04:00,78.70999908447266,78.7699966430664,78.5,78.73999786376953,13737,0.0,0.0
2024-07-17 11:30:00-04:00,78.69000244140625,78.95500183105469,78.69000244140625,78.80000305175781,15562,0.0,0.0
2024-07-17 12:30:00-04:00,78.78500366210938,79.04499816894531,78.59040069580078,78.9800033569336,38163,0.0,0.0
2024-07-17 13:30:00-04:00,79.0199966430664,79.08999633789062,78.8499984741211,78.95999908447266,15032,0.0,0.0
2024-07-17 14:30:00-04:00,79.05000305175781,79.1050033569336,78.65499877929688,78.65499877929688,29604,0.0,0.0
2024-07-17 15:30:00-04:00,78.79499816894531,78.80000305175781,78.56999969482422,78.7300033569336,32554,0.0,0.0
2024-07-18 09:30:00-04:00,78.94999694824219,79.33999633789062,78.63999938964844,79.33999633789062,22133,0.0,0.0
2024-07-18 10:30:00-04:00,79.3499984741211,79.43000030517578,78.80999755859375,79.20999908447266,19765,0.0,0.0
2024-07-18 11:30:00-04:00,79.1500015258789,79.1500015258789,78.9000015258789,79.05000305175781,19899,0.0,0.0
2024-07-18 12:30:00-04:00,79.12000274658203,79.36000061035156,79.05999755859375,79.05999755859375,10571,0.0,0.0
2024-07-18 13:30:00-04:00,78.97000122070312,79.17990112304688,78.94010162353516,79.06999969482422,17292,0.0,0.0
2024-07-18 14:30:00-04:00,79.04000091552734,79.08999633789062,78.86000061035156,79.06999969482422,15806,0.0,0.0
2024-07-18 15:30:00-04:00,79.08000183105469,79.30000305175781,79.0,79.04000091552734,38556,0.0,0.0
2024-07-19 09:30:00-04:00,78.91000366210938,78.95999908447266,78.05000305175781,78.05000305175781,13584,0.0,0.0
2024-07-19 10:30:00-04:00,78.12999725341797,78.12999725341797,77.7699966430664,77.91000366210938,13854,0.0,0.0
2024-07-19 11:30:00-04:00,77.88999938964844,78.15499877929688,77.81500244140625,78.00499725341797,10835,0.0,0.0
2024-07-19 12:30:00-04:00,77.91999816894531,78.0999984741211,77.83999633789062,78.08499908447266,8485,0.0,0.0
2024-07-19 13:30:00-04:00,78.0199966430664,78.30999755859375,77.94000244140625,78.29000091552734,17965,0.0,0.0
2024-07-19 14:30:00-04:00,78.2699966430664,78.30000305175781,78.19999694824219,78.25,12543,0.0,0.0
2024-07-19 15:30:00-04:00,78.25,78.31999969482422,78.08499908447266,78.12000274658203,22562,0.0,0.0
2024-07-22 09:30:00-04:00,80.02999877929688,80.10199737548828,79.49500274658203,79.82499694824219,34540,0.0,0.0
2024-07-22 10:30:00-04:00,79.79000091552734,79.97000122070312,79.72000122070312,79.86000061035156,16586,0.0,0.0
2024-07-22 11:30:00-04:00,79.94000244140625,80.07990264892578,79.81999969482422,79.91000366210938,19883,0.0,0.0
2024-07-22 12:30:00-04:00,79.88999938964844,80.08000183105469,79.8499984741211,79.95999908447266,12149,0.0,0.0
2024-07-22 13:30:00-04:00,79.98999786376953,80.22000122070312,79.95999908447266,80.06999969482422,17296,0.0,0.0
2024-07-22 14:30:00-04:00,80.04000091552734,80.11000061035156,80.0199966430664,80.05000305175781,10286,0.0,0.0
2024-07-22 15:30:00-04:00,80.05000305175781,80.24500274658203,80.0,80.0199966430664,32456,0.0,0.0
2024-07-23 09:30:00-04:00,81.0,81.00499725341797,80.44999694824219,80.81999969482422,39636,0.0,0.0
2024-07-23 10:30:00-04:00,80.81999969482422,81.01499938964844,80.70999908447266,80.83000183105469,20812,0.0,0.0
2024-07-23 11:30:00-04:00,80.80000305175781,80.94000244140625,80.77999877929688,80.86000061035156,15699,0.0,0.0
2024-07-23 12:30:00-04:00,80.91999816894531,80.91999816894531,80.73999786376953,80.86000061035156,14795,0.0,0.0
2024-07-23 13:30:00-04:00,80.81999969482422,80.94000244140625,80.7750015258789,80.88999938964844,16239,0.0,0.0
2024-07-23 14:30:00-04:00,80.87000274658203,80.9800033569336,80.87000274658203,80.94000244140625,11519,0.0,0.0
2024-07-23 15:30:00-04:00,80.91999816894531,80.9800033569336,80.76000213623047,80.9000015258789,22348,0.0,0.0
2024-07-24 09:30:00-04:00,80.56999969482422,81.01000213623047,80.12999725341797,80.30000305175781,21031,0.0,0.0
2024-07-24 10:30:00-04:00,80.30500030517578,80.31999969482422,79.94999694824219,80.19000244140625,13603,0.0,0.0
2024-07-24 11:30:00-04:00,80.08999633789062,80.56999969482422,80.08999633789062,80.33000183105469,13826,0.0,0.0
2024-07-24 12:30:00-04:00,80.33000183105469,80.59500122070312,80.16000366210938,80.36000061035156,14297,0.0,0.0
2024-07-24 13:30:00-04:00,80.36000061035156,80.44999694824219,80.27999877929688,80.44999694824219,12127,0.0,0.0
2024-07-24 14:30:00-04:00,80.44999694824219,80.44999694824219,80.08999633789062,80.25,19272,0.0,0.0
2024-07-24 15:30:00-04:00,80.30000305175781,80.4000015258789,79.94999694824219,80.06999969482422,89220,0.0,0.0
2024-07-25 09:30:00-04:00,80.63999938964844,81.23999786376953,80.5,81.13500213623047,28878,0.0,0.0
2024-07-25 10:30:00-04:00,81.23999786376953,81.29000091552734,80.9000015258789,81.25,16203,0.0,0.0
2024-07-25 11:30:00-04:00,81.08999633789062,81.30000305175781,80.8499984741211,81.08499908447266,14863,0.0,0.0
2024-07-25 12:30:00-04:00,81.14350128173828,81.14350128173828,80.87000274658203,80.9749984741211,14172,0.0,0.0
2024-07-25 13:30:00-04:00,80.93000030517578,80.98609924316406,80.69999694824219,80.75,14114,0.0,0.0
2024-07-25 14:30:00-04:00,80.76000213623047,80.94000244140625,80.63999938964844,80.94000244140625,17075,0.0,0.0
2024-07-25 15:30:00-04:00,80.88999938964844,80.91999816894531,80.70999908447266,80.88999938964844,42888,0.0,0.0
2024-07-26 09:30:00-04:00,81.20999908447266,81.9800033569336,81.16000366210938,81.83999633789062,39698,0.0,0.0
2024-07-26 10:30:00-04:00,81.7699966430664,81.7699966430664,81.3949966430664,81.40499877929688,28515,0.0,0.0
2024-07-26 11:30:00-04:00,81.45999908447266,81.58000183105469,81.37000274658203,81.52989959716797,17209,0.0,0.0
2024-07-26 12:30:00-04:00,81.46499633789062,81.61000061035156,81.41999816894531,81.61000061035156,20054,0.0,0.0
2024-07-26 13:30:00-04:00,81.63500213623047,81.7699966430664,81.43000030517578,81.44999694824219,18145,0.0,0.0
2024-07-26 14:30:00-04:00,81.48500061035156,81.62000274658203,81.3499984741211,81.4800033569336,28379,0.0,0.0
2024-07-26 15:30:00-04:00,81.44000244140625,81.5,81.22000122070312,81.22000122070312,62820,0.0,0.0
2024-07-29 09:30:00-04:00,81.22000122070312,82.88999938964844,81.19000244140625,82.48999786376953,34030,0.0,0.0
2024-07-29 10:30:00-04:00,82.45999908447266,82.7699966430664,82.22000122070312,82.63999938964844,17237,0.0,0.0
2024-07-29 11:30:00-04:00,82.54499816894531,82.76000213623047,82.20999908447266,82.4749984741211,13590,0.0,0.0
2024-07-29 12:30:00-04:00,82.55999755859375,82.58499908447266,81.83000183105469,82.0,18275,0.0,0.0
2024-07-29 13:30:00-04:00,82.01000213623047,82.12999725341797,81.8499984741211,81.93499755859375,11509,0.0,0.0
2024-07-29 14:30:00-04:00,81.93499755859375,82.3010025024414,81.87000274658203,82.18000030517578,16816,0.0,0.0
2024-07-29 15:30:00-04:00,82.16999816894531,82.26000213623047,81.88500213623047,82.0199966430664,42147,0.0,0.0
2024-07-30 09:30:00-04:00,81.76000213623047,81.76000213623047,80.7300033569336,80.94000244140625,33612,0.0,0.0
2024-07-30 10:30:00-04:00,81.0199966430664,81.05999755859375,80.3499984741211,80.63999938964844,31784,0.0,0.0
2024-07-30 11:30:00-04:00,80.44000244140625,80.51000213623047,80.19000244140625,80.37999725341797,27716,0.0,0.0
2024-07-30 12:30:00-04:00,80.41500091552734,80.45999908447266,80.12000274658203,80.41999816894531,23380,0.0,0.0
2024-07-30 13:30:00-04:00,80.37000274658203,80.5999984741211,80.1500015258789,80.5999984741211,31055,0.0,0.0
2024-07-30 14:30:00-04:00,80.57499694824219,80.72000122070312,80.38999938964844,80.69999694824219,32775,0.0,0.0
2024-07-30 15:30:00-04:00,80.69499969482422,80.8499984741211,80.55999755859375,80.6500015258789,68021,0.0,0.0
2024-07-31 09:30:00-04:00,80.70999908447266,81.5199966430664,80.53500366210938,81.5199966430664,35869,0.0,0.0
2024-07-31 10:30:00-04:00,81.35009765625,81.62999725341797,81.27999877929688,81.33000183105469,31716,0.0,0.0
2024-07-31 11:30:00-04:00,81.3550033569336,81.36000061035156,81.18000030517578,81.33999633789062,16978,0.0,0.0
2024-07-31 12:30:00-04:00,81.3499984741211,81.98999786376953,81.3499984741211,81.8550033569336,53634,0.0,0.0
2024-07-31 13:30:00-04:00,81.9000015258789,81.9000015258789,81.45999908447266,81.58000183105469,29047,0.0,0.0
2024-07-31 14:30:00-04:00,81.62000274658203,81.83999633789062,81.47000122070312,81.55500030517578,29342,0.0,0.0
2024-07-31 15:30:00-04:00,81.5999984741211,81.5999984741211,81.28600311279297,81.29000091552734,49286,0.0,0.0
2024-08-01 09:30:00-04:00,81.9800033569336,82.93000030517578,81.9800033569336,82.75,25291,0.0,0.0
2024-08-01 10:30:00-04:00,82.73500061035156,82.73500061035156,82.3499984741211,82.5,16681,0.0,0.0
2024-08-01 11:30:00-04:00,82.49500274658203,82.5,82.2300033569336,82.30999755859375,10121,0.0,0.0
2024-08-01 12:30:00-04:00,82.30500030517578,82.55000305175781,82.26000213623047,82.55000305175781,13866,0.0,0.0
2024-08-01 13:30:00-04:00,82.55500030517578,82.61499786376953,82.4000015258789,82.4749984741211,16863,0.0,0.0
2024-08-01 14:30:00-04:00,82.47000122070312,82.62999725341797,82.38999938964844,82.60800170898438,17135,0.0,0.0
2024-08-01 15:30:00-04:00,82.58999633789062,82.80500030517578,82.55000305175781,82.58999633789062,47425,0.0,0.0
2024-08-02 09:30:00-04:00,82.16000366210938,82.66000366210938,82.0,82.26499938964844,29667,0.0,0.0
2024-08-02 10:30:00-04:00,82.37000274658203,82.37000274658203,81.98500061035156,82.0999984741211,12745,0.0,0.0
2024-08-02 11:30:00-04:00,82.19000244140625,82.6500015258789,82.11000061035156,82.61000061035156,27477,0.0,0.0
2024-08-02 12:30:00-04:00,82.69000244140625,82.90499877929688,82.69000244140625,82.76499938964844,8523,0.0,0.0
2024-08-02 13:30:00-04:00,82.74500274658203,82.81999969482422,82.62000274658203,82.81999969482422,13262,0.0,0.0
2024-08-02 14:30:00-04:00,82.81500244140625,82.88999938964844,82.66999816894531,82.80999755859375,11013,0.0,0.0
2024-08-02 15:30:00-04:00,82.86000061035156,83.25,82.81999969482422,83.25,53313,0.0,0.0
2024-08-05 09:30:00-04:00,81.06999969482422,81.06999969482422,79.63999938964844,79.63999938964844,18722,0.0,0.0
2024-08-05 10:30:00-04:00,79.66000366210938,80.33999633789062,79.5,80.27999877929688,33166,0.0,0.0
2024-08-05 11:30:00-04:00,80.33999633789062,81.13999938964844,80.16000366210938,81.12999725341797,36194,0.0,0.0
2024-08-05 12:30:00-04:00,80.98999786376953,81.30999755859375,80.91000366210938,80.92500305175781,49015,0.0,0.0
2024-08-05 13:30:00-04:00,80.9000015258789,81.06999969482422,80.75,81.05999755859375,10765,0.0,0.0
2024-08-05 14:30:00-04:00,80.98999786376953,81.08000183105469,80.6500015258789,80.91999816894531,18886,0.0,0.0
2024-08-05 15:30:00-04:00,80.95999908447266,81.02999877929688,80.77999877929688,80.80000305175781,45623,0.0,0.0
2024-08-06 09:30:00-04:00,81.3499984741211,81.97000122070312,80.97599792480469,81.71499633789062,51405,0.0,0.0
2024-08-06 10:30:00-04:00,81.68000030517578,82.26000213623047,81.66000366210938,82.01499938964844,41787,0.0,0.0
2024-08-06 11:30:00-04:00,82.01000213623047,82.06999969482422,81.75,81.81500244140625,16525,0.0,0.0
2024-08-06 12:30:00-04:00,81.76000213623047,81.94999694824219,81.7300033569336,81.81999969482422,17134,0.0,0.0
2024-08-06 13:30:00-04:00,81.8550033569336,82.0,81.83000183105469,81.94999694824219,10134,0.0,0.0
2024-08-06 14:30:00-04:00,81.95680236816406,82.0999984741211,81.93000030517578,82.0999984741211,33145,0.0,0.0
2024-08-06 15:30:00-04:00,82.0999984741211,82.0999984741211,81.7300033569336,81.7300033569336,91292,0.0,0.0
2024-08-07 09:30:00-04:00,82.73999786376953,84.02999877929688,82.73999786376953,83.61000061035156,31509,0.0,0.0
2024-08-07 10:30:00-04:00,83.70999908447266,83.9000015258789,83.29000091552734,83.44999694824219,34902,0.0,0.0
2024-08-07 11:30:00-04:00,83.43000030517578,83.61000061035156,83.19000244140625,83.61000061035156,34837,0.0,0.0
2024-08-07 12:30:00-04:00,83.55000305175781,83.63999938964844,82.80999755859375,82.93000030517578,29063,0.0,0.0
2024-08-07 13:30:00-04:00,82.87999725341797,82.9800033569336,82.70999908447266,82.8499984741211,19928,0.0,0.0
2024-08-07 14:30:00-04:00,82.92500305175781,83.01000213623047,82.70010375976562,82.97000122070312,23511,0.0,0.0
2024-08-07 15:30:00-04:00,82.94000244140625,83.04550170898438,82.66000366210938,82.69999694824219,48359,0.0,0.0
2024-08-08 09:30:00-04:00,83.27999877929688,83.5999984741211,83.11000061035156,83.5,13752,0.0,0.0
2024-08-08 10:30:00-04:00,83.55999755859375,83.81999969482422,83.54000091552734,83.68000030517578,22928,0.0,0.0
2024-08-08 11:30:00-04:00,83.73999786376953,83.7699966430664,83.48999786376953,83.5999984741211,10553,0.0,0.0
2024-08-08 12:30:00-04:00,83.55000305175781,83.7300033569336,83.5,83.69999694824219,9438,0.0,0.0
2024-08-08 13:30:00-04:00,83.69999694824219,83.75,83.62999725341797,83.66000366210938,12696,0.0,0.0
2024-08-08 14:30:00-04:00,83.69419860839844,84.1500015258789,83.66999816894531,84.0250015258789,72570,0.0,0.0
2024-08-08 15:30:00-04:00,84.04000091552734,84.04000091552734,83.75,83.97000122070312,57545,0.0,0.0
2024-08-09 09:30:00-04:00,84.2699966430664,84.45999908447266,84.06999969482422,84.45999908447266,12811,0.0,0.0
2024-08-09 10:30:00-04:00,84.375,84.44999694824219,84.11000061035156,84.11000061035156,15459,0.0,0.0
2024-08-09 11:30:00-04:00,84.09500122070312,84.15750122070312,83.91000366210938,83.94000244140625,14845,0.0,0.0
2024-08-09 12:30:00-04:00,83.87999725341797,83.9800033569336,83.7699966430664,83.83499908447266,8095,0.0,0.0
2024-08-09 13:30:00-04:00,83.83499908447266,83.93000030517578,83.5999984741211,83.76000213623047,15126,0.0,0.0
2024-08-09 14:30:00-04:00,83.69000244140625,83.83000183105469,83.58999633789062,83.58999633789062,14831,0.0,0.0
2024-08-09 15:30:00-04:00,83.66000366210938,83.95999908447266,83.55999755859375,83.95999908447266,27661,0.0,0.0
2024-08-12 09:30:00-04:00,82.87000274658203,82.87000274658203,82.4000015258789,82.68000030517578,26573,0.0,0.0
2024-08-12 10:30:00-04:00,82.68000030517578,82.94000244140625,82.55999755859375,82.5999984741211,26709,0.0,0.0
2024-08-12 11:30:00-04:00,82.58000183105469,82.63999938964844,82.51000213623047,82.55000305175781,8596,0.0,0.0
2024-08-12 12:30:00-04:00,82.52999877929688,82.63999938964844,82.4800033569336,82.48999786376953,7098,0.0,0.0
2024-08-12 13:30:00-04:00,82.5199966430664,82.5199966430664,82.27999877929688,82.41500091552734,6193,0.0,0.0
2024-08-12 14:30:00-04:00,82.41500091552734,82.44499969482422,82.24610137939453,82.3550033569336,10335,0.0,0.0
2024-08-12 15:30:00-04:00,82.37000274658203,82.37000274658203,82.18000030517578,82.23999786376953,33249,0.0,0.0
2024-08-13 09:30:00-04:00,82.55999755859375,83.45999908447266,82.55999755859375,83.45999908447266,11021,0.0,0.0
2024-08-13 10:30:00-04:00,83.45999908447266,83.62999725341797,83.19999694824219,83.61000061035156,12492,0.0,0.0
2024-08-13 11:30:00-04:00,83.58000183105469,83.58000183105469,83.37000274658203,83.41000366210938,15351,0.0,0.0
2024-08-13 12:30:00-04:00,83.43000030517578,83.4800033569336,83.29000091552734,83.47000122070312,10727,0.0,0.0
2024-08-13 13:30:00-04:00,83.375,83.41999816894531,83.27999877929688,83.41999816894531,10689,0.0,0.0
2024-08-13 14:30:00-04:00,83.4000015258789,83.45999908447266,83.27010345458984,83.27010345458984,9486,0.0,0.0
2024-08-13 15:30:00-04:00,83.30000305175781,83.4000015258789,83.26000213623047,83.38999938964844,19874,0.0,0.0
2024-08-14 09:30:00-04:00,81.43000030517578,82.22000122070312,81.43000030517578,81.5199966430664,31230,0.0,0.0
2024-08-14 10:30:00-04:00,81.5199966430664,81.62000274658203,81.30000305175781,81.31500244140625,11435,0.0,0.0
2024-08-14 11:30:00-04:00,81.30999755859375,81.55249786376953,81.2300033569336,81.51750183105469,11975,0.0,0.0
2024-08-14 12:30:00-04:00,81.30999755859375,81.38500213623047,81.30000305175781,81.36000061035156,5233,0.0,0.0
2024-08-14 13:30:00-04:00,81.42250061035156,81.53800201416016,81.37000274658203,81.48999786376953,11221,0.0,0.0
2024-08-14 14:30:00-04:00,81.49500274658203,81.56999969482422,81.47000122070312,81.48999786376953,8509,0.0,0.0
2024-08-14 15:30:00-04:00,81.45999908447266,81.48999786376953,81.4000015258789,81.41999816894531,61610,0.0,0.0
2024-08-15 09:30:00-04:00,81.61000061035156,81.63999938964844,81.50299835205078,81.61000061035156,11075,0.0,0.0
2024-08-15 10:30:00-04:00,81.5999984741211,81.66999816894531,81.45999908447266,81.6449966430664,11615,0.0,0.0
2024-08-15 11:30:00-04:00,81.66999816894531,81.66999816894531,81.56999969482422,81.6500015258789,7643,0.0,0.0
2024-08-15 12:30:00-04:00,81.62999725341797,81.62999725341797,81.55999755859375,81.58999633789062,5691,0.0,0.0
2024-08-15 13:30:00-04:00,81.57499694824219,81.80500030517578,81.55000305175781,81.80000305175781,22213,0.0,0.0
2024-08-15 14:30:00-04:00,81.76000213623047,81.80220031738281,81.68000030517578,81.69000244140625,12345,0.0,0.0
2024-08-15 15:30:00-04:00,81.69999694824219,81.69999694824219,81.47000122070312,81.52999877929688,25574,0.0,0.0
2024-08-16 09:30:00-04:00,81.52999877929688,81.80999755859375,81.4000015258789,81.5199966430664,14294,0.0,0.0
2024-08-16 10:30:00-04:00,81.5999984741211,81.74960327148438,81.43000030517578,81.5999984741211,12214,0.0,0.0
2024-08-16 11:30:00-04:00,81.5999984741211,81.79499816894531,81.5199966430664,81.79499816894531,12602,0.0,0.0
2024-08-16 12:30:00-04:00,81.79499816894531,82.03500366210938,81.79499816894531,82.03500366210938,9527,0.0,0.0
2024-08-16 13:30:00-04:00,82.0374984741211,82.0374984741211,81.77999877929688,81.77999877929688,14963,0.0,0.0
2024-08-16 14:30:00-04:00,81.80000305175781,81.97000122070312,81.7699966430664,81.80999755859375,19192,0.0,0.0
2024-08-16 15:30:00-04:00,81.80000305175781,81.91500091552734,81.73999786376953,81.7699966430664,27443,0.0,0.0
2024-08-19 09:30:00-04:00,82.11000061035156,82.88999938964844,82.11000061035156,82.68000030517578,29089,0.0,0.0
2024-08-19 10:30:00-04:00,82.69000244140625,82.73999786376953,82.51499938964844,82.6500015258789,16443,0.0,0.0
2024-08-19 11:30:00-04:00,82.69000244140625,82.84500122070312,82.55999755859375,82.6281967163086,8002,0.0,0.0
2024-08-19 12:30:00-04:00,82.68000030517578,82.7699966430664,82.62000274658203,82.68000030517578,7461,0.0,0.0
2024-08-19 13:30:00-04:00,82.68000030517578,82.73999786376953,82.63999938964844,82.7300033569336,6441,0.0,0.0
2024-08-19 14:30:00-04:00,82.7300033569336,82.97000122070312,82.66999816894531,82.94000244140625,23360,0.0,0.0
2024-08-19 15:30:00-04:00,82.94000244140625,82.95999908447266,82.7300033569336,82.7699966430664,28850,0.0,0.0
2024-08-20 09:30:00-04:00,82.75,83.41999816894531,82.5999984741211,83.16000366210938,18241,0.0,0.0
2024-08-20 10:30:00-04:00,83.17749786376953,83.38999938964844,83.12000274658203,83.2300033569336,24096,0.0,0.0
2024-08-20 11:30:00-04:00,83.23999786376953,83.2699966430664,83.11000061035156,83.20500183105469,16683,0.0,0.0
2024-08-20 12:30:00-04:00,83.19999694824219,83.3499984741211,83.16999816894531,83.20500183105469,13621,0.0,0.0
2024-08-20 13:30:00-04:00,83.21499633789062,83.44999694824219,83.13999938964844,83.42500305175781,7566,0.0,0.0
2024-08-20 14:30:00-04:00,83.43000030517578,83.43000030517578,83.22000122070312,83.29000091552734,16954,0.0,0.0
2024-08-20 15:30:00-04:00,83.29100036621094,83.5,83.18000030517578,83.18000030517578,33656,0.0,0.0
2024-08-21 09:30:00-04:00,84.0999984741211,84.0999984741211,83.55000305175781,83.69999694824219,27134,0.0,0.0
2024-08-21 10:30:00-04:00,83.68000030517578,83.93000030517578,83.52999877929688,83.93000030517578,21104,0.0,0.0
2024-08-21 11:30:00-04:00,83.91000366210938,83.91000366210938,83.66999816894531,83.76000213623047,19795,0.0,0.0
2024-08-21 12:30:00-04:00,83.80999755859375,83.87999725341797,83.76499938964844,83.7699966430664,7633,0.0,0.0
2024-08-21 13:30:00-04:00,83.79000091552734,84.01000213623047,83.72660064697266,83.80999755859375,11348,0.0,0.0
2024-08-21 14:30:00-04:00,83.8499984741211,83.8949966430664,83.69999694824219,83.80500030517578,14624,0.0,0.0
2024-08-21 15:30:00-04:00,83.80500030517578,84.2300033569336,83.7249984741211,84.20999908447266,52189,0.0,0.0
2024-08-22 09:30:00-04:00,83.72000122070312,83.72000122070312,82.87000274658203,82.87000274658203,11300,0.0,0.0
2024-08-22 10:30:00-04:00,82.8499984741211,82.97000122070312,82.72000122070312,82.74500274658203,10145,0.0,0.0
2024-08-22 11:30:00-04:00,82.69999694824219,82.77999877929688,82.62000274658203,82.77999877929688,9857,0.0,0.0
2024-08-22 12:30:00-04:00,82.86990356445312,82.86990356445312,82.4000015258789,82.4000015258789,6100,0.0,0.0
2024-08-22 13:30:00-04:00,82.37999725341797,82.66000366210938,82.36000061035156,82.66000366210938,10077,0.0,0.0
2024-08-22 14:30:00-04:00,82.62000274658203,82.68000030517578,82.45999908447266,82.45999908447266,14266,0.0,0.0
2024-08-22 15:30:00-04:00,82.45999908447266,82.5999984741211,82.32499694824219,82.47000122070312,37786,0.0,0.0
2024-08-23 09:30:00-04:00,83.01000213623047,83.01000213623047,82.43000030517578,82.74500274658203,10023,0.0,0.0
2024-08-23 10:30:00-04:00,82.82990264892578,82.82990264892578,82.52999877929688,82.63999938964844,6172,0.0,0.0
2024-08-23 11:30:00-04:00,82.72000122070312,82.72000122070312,82.2300033569336,82.26499938964844,20473,0.0,0.0
2024-08-23 12:30:00-04:00,82.2699966430664,82.4854965209961,82.16999816894531,82.44000244140625,19201,0.0,0.0
2024-08-23 13:30:00-04:00,82.44000244140625,82.47250366210938,82.1500015258789,82.1500015258789,9767,0.0,0.0
2024-08-23 14:30:00-04:00,82.25499725341797,82.35659790039062,82.13999938964844,82.3550033569336,13520,0.0,0.0
2024-08-23 15:30:00-04:00,82.37000274658203,82.37000274658203,82.0,82.06999969482422,52124,0.0,0.0
2024-08-26 09:30:00-04:00,81.94999694824219,82.67500305175781,81.94999694824219,82.67500305175781,19540,0.0,0.0
2024-08-26 10:30:00-04:00,82.73500061035156,82.76000213623047,82.27999877929688,82.27999877929688,5870,0.0,0.0
2024-08-26 11:30:00-04:00,82.27999877929688,82.47000122070312,82.26000213623047,82.33499908447266,12612,0.0,0.0
2024-08-26 12:30:00-04:00,82.27999877929688,82.41999816894531,82.16000366210938,82.3499984741211,11198,0.0,0.0
2024-08-26 13:30:00-04:00,82.32499694824219,82.32499694824219,81.87999725341797,82.1500015258789,10530,0.0,0.0
2024-08-26 14:30:00-04:00,82.20999908447266,82.5,82.18000030517578,82.44000244140625,9982,0.0,0.0
2024-08-26 15:30:00-04:00,82.49500274658203,82.52999877929688,82.30999755859375,82.31999969482422,15492,0.0,0.0
2024-08-27 09:30:00-04:00,82.27999877929688,82.5999984741211,82.27999877929688,82.4800033569336,8746,0.0,0.0
2024-08-27 10:30:00-04:00,82.47000122070312,82.83000183105469,82.47000122070312,82.5999984741211,12597,0.0,0.0
2024-08-27 11:30:00-04:00,82.52999877929688,82.57250213623047,82.37000274658203,82.54499816894531,14178,0.0,0.0
2024-08-27 12:30:00-04:00,82.55000305175781,82.58000183105469,82.45500183105469,82.4800033569336,10607,0.0,0.0
2024-08-27 13:30:00-04:00,82.46499633789062,82.51000213623047,82.2699966430664,82.4000015258789,17695,0.0,0.0
2024-08-27 14:30:00-04:00,82.3499984741211,82.53399658203125,82.33999633789062,82.48999786376953,38970,0.0,0.0
2024-08-27 15:30:00-04:00,82.4800033569336,82.69999694824219,82.44999694824219,82.4800033569336,38884,0.0,0.0
2024-08-28 09:30:00-04:00,82.48999786376953,83.69999694824219,82.48999786376953,83.52999877929688,27536,0.0,0.0
2024-08-28 10:30:00-04:00,83.5199966430664,83.83499908447266,83.41999816894531,83.52999877929688,11629,0.0,0.0
2024-08-28 11:30:00-04:00,83.52999877929688,83.52999877929688,83.25,83.31999969482422,7686,0.0,0.0
2024-08-28 12:30:00-04:00,83.2750015258789,83.41999816894531,83.25,83.41919708251953,7889,0.0,0.0
2024-08-28 13:30:00-04:00,83.38999938964844,83.38999938964844,82.9800033569336,82.9800033569336,21446,0.0,0.0
2024-08-28 14:30:00-04:00,82.9800033569336,83.20999908447266,82.87000274658203,83.04000091552734,15449,0.0,0.0
2024-08-28 15:30:00-04:00,83.03500366210938,83.22000122070312,82.96099853515625,83.22000122070312,25685,0.0,0.0
2024-08-29 09:30:00-04:00,83.0999984741211,83.0999984741211,82.5999984741211,82.91999816894531,12473,0.0,0.0
2024-08-29 10:30:00-04:00,82.87999725341797,82.87999725341797,82.81500244140625,82.81500244140625,3404,0.0,0.0
2024-08-29 11:30:00-04:00,82.8499984741211,83.01000213623047,82.83999633789062,82.94999694824219,2698,0.0,0.0
2024-08-29 12:30:00-04:00,82.95999908447266,83.08999633789062,82.87000274658203,83.08000183105469,8307,0.0,0.0
2024-08-29 13:30:00-04:00,83.0199966430664,83.08000183105469,82.91000366210938,82.9800033569336,8799,0.0,0.0
2024-08-29 14:30:00-04:00,82.94000244140625,82.94000244140625,82.66000366210938,82.66000366210938,11327,0.0,0.0
2024-08-29 15:30:00-04:00,82.66500091552734,82.66500091552734,82.23999786376953,82.23999786376953,31285,0.0,0.0
2024-08-30 09:30:00-04:00,83.5199966430664,83.55500030517578,83.2300033569336,83.45500183105469,29196,0.0,0.0
2024-08-30 10:30:00-04:00,83.44000244140625,83.44999694824219,83.26499938964844,83.26499938964844,11631,0.0,0.0
2024-08-30 11:30:00-04:00,83.25499725341797,83.29499816894531,83.08999633789062,83.20999908447266,13025,0.0,0.0
2024-08-30 12:30:00-04:00,83.08999633789062,83.08999633789062,82.97000122070312,82.98500061035156,8237,0.0,0.0
2024-08-30 13:30:00-04:00,82.98999786376953,83.2699966430664,82.97000122070312,83.26000213623047,30253,0.0,0.0
2024-08-30 14:30:00-04:00,83.2699966430664,83.36000061035156,83.19000244140625,83.31999969482422,13037,0.0,0.0
2024-08-30 15:30:00-04:00,83.31500244140625,83.47000122070312,83.2699966430664,83.4000015258789,34427,0.0,0.0
