Datetime,Open,High,Low,Close,Volume,Dividends,Stock Splits
2022-09-01 09:30:00-04:00,2.4800000190734863,2.5899999141693115,2.4600000381469727,2.490000009536743,0,0.0,0.0
2022-09-01 10:30:00-04:00,2.4997000694274902,2.4997000694274902,2.4807000160217285,2.4807000160217285,754,0.0,0.0
2022-09-01 11:30:00-04:00,2.4999001026153564,2.4999001026153564,2.4600000381469727,2.4707999229431152,10922,0.0,0.0
2022-09-01 12:30:00-04:00,2.4700000286102295,2.4749999046325684,2.450000047683716,2.4700000286102295,10890,0.0,0.0
2022-09-01 13:30:00-04:00,2.4649999141693115,2.4700000286102295,2.4200000762939453,2.4700000286102295,4291,0.0,0.0
2022-09-01 14:30:00-04:00,2.4600000381469727,2.4600000381469727,2.390000104904175,2.4600000381469727,22058,0.0,0.0
2022-09-01 15:30:00-04:00,2.4600000381469727,2.4600000381469727,2.450000047683716,2.450000047683716,1074,0.0,0.0
2022-09-02 09:30:00-04:00,2.4600000381469727,2.509999990463257,2.410399913787842,2.4656999111175537,6740,0.0,0.0
2022-09-02 10:30:00-04:00,2.470099925994873,2.4769999980926514,2.4600000381469727,2.4600000381469727,3039,0.0,0.0
2022-09-02 11:30:00-04:00,2.4600000381469727,2.4700000286102295,2.4600000381469727,2.4700000286102295,4698,0.0,0.0
2022-09-02 12:30:00-04:00,2.4549999237060547,2.4600000381469727,2.4549999237060547,2.4600000381469727,1163,0.0,0.0
2022-09-02 13:30:00-04:00,2.4600000381469727,2.4600000381469727,2.4600000381469727,2.4600000381469727,577,0.0,0.0
2022-09-02 14:30:00-04:00,2.460700035095215,2.464200019836426,2.450000047683716,2.450200080871582,4070,0.0,0.0
2022-09-02 15:30:00-04:00,2.440000057220459,2.440000057220459,2.4100000858306885,2.430000066757202,7534,0.0,0.0
2022-09-06 09:30:00-04:00,2.4200000762939453,2.4874000549316406,2.4200000762939453,2.446700096130371,6806,0.0,0.0
2022-09-06 10:30:00-04:00,2.440000057220459,2.450000047683716,2.4200000762939453,2.450000047683716,2634,0.0,0.0
2022-09-06 11:30:00-04:00,2.440000057220459,2.441200017929077,2.369999885559082,2.390000104904175,5674,0.0,0.0
2022-09-06 12:30:00-04:00,2.430000066757202,2.430000066757202,2.4200000762939453,2.4200000762939453,1225,0.0,0.0
2022-09-06 13:30:00-04:00,2.4100000858306885,2.4298999309539795,2.4100000858306885,2.4100000858306885,1940,0.0,0.0
2022-09-06 14:30:00-04:00,2.4000000953674316,2.4100000858306885,2.3499999046325684,2.369999885559082,22762,0.0,0.0
2022-09-06 15:30:00-04:00,2.369999885559082,2.369999885559082,2.3399999141693115,2.3399999141693115,9839,0.0,0.0
2022-09-07 09:30:00-04:00,2.309999942779541,2.3945999145507812,2.309999942779541,2.3701000213623047,18211,0.0,0.0
2022-09-07 10:30:00-04:00,2.389899969100952,2.440000057220459,2.389899969100952,2.440000057220459,12160,0.0,0.0
2022-09-07 11:30:00-04:00,2.4330999851226807,2.4600000381469727,2.4100000858306885,2.4100000858306885,8120,0.0,0.0
2022-09-07 12:30:00-04:00,2.4251999855041504,2.430000066757202,2.4100000858306885,2.4100000858306885,1895,0.0,0.0
2022-09-07 13:30:00-04:00,2.4200000762939453,2.4337000846862793,2.4100000858306885,2.4100000858306885,10030,0.0,0.0
2022-09-07 14:30:00-04:00,2.4200000762939453,2.440000057220459,2.4200000762939453,2.440000057220459,2674,0.0,0.0
2022-09-07 15:30:00-04:00,2.440000057220459,2.450000047683716,2.4326999187469482,2.440000057220459,1741,0.0,0.0
2022-09-08 09:30:00-04:00,2.430000066757202,2.5,2.430000066757202,2.4700000286102295,17524,0.0,0.0
2022-09-08 10:30:00-04:00,2.5,2.5399999618530273,2.4800000190734863,2.5199999809265137,4348,0.0,0.0
2022-09-08 11:30:00-04:00,2.5199999809265137,2.5199999809265137,2.5,2.509999990463257,8991,0.0,0.0
2022-09-08 12:30:00-04:00,2.512200117111206,2.5399999618530273,2.5100998878479004,2.5299999713897705,5148,0.0,0.0
2022-09-08 13:30:00-04:00,2.533799886703491,2.5499000549316406,2.5299999713897705,2.5299999713897705,6584,0.0,0.0
2022-09-08 14:30:00-04:00,2.5216000080108643,2.5216000080108643,2.5055999755859375,2.5055999755859375,2908,0.0,0.0
2022-09-08 15:30:00-04:00,2.5083999633789062,2.5199999809265137,2.5,2.5,3859,0.0,0.0
2022-09-09 09:30:00-04:00,2.5399999618530273,2.5799999237060547,2.5399999618530273,2.569999933242798,7490,0.0,0.0
2022-09-09 10:30:00-04:00,2.5799999237060547,2.5799999237060547,2.549999952316284,2.569999933242798,3600,0.0,0.0
2022-09-09 11:30:00-04:00,2.569999933242798,2.590100049972534,2.569999933242798,2.590100049972534,8872,0.0,0.0
2022-09-09 12:30:00-04:00,2.5754001140594482,2.5999999046325684,2.5701000690460205,2.5701000690460205,6464,0.0,0.0
2022-09-09 13:30:00-04:00,2.5799999237060547,2.5799999237060547,2.569999933242798,2.569999933242798,2124,0.0,0.0
2022-09-09 14:30:00-04:00,2.5687999725341797,2.5736000537872314,2.524399995803833,2.524399995803833,7131,0.0,0.0
2022-09-09 15:30:00-04:00,2.549999952316284,2.569999933242798,2.5199999809265137,2.5199999809265137,7893,0.0,0.0
2022-09-12 09:30:00-04:00,2.559999942779541,2.609999895095825,2.549999952316284,2.5694000720977783,23674,0.0,0.0
2022-09-12 10:30:00-04:00,2.609999895095825,2.619999885559082,2.549999952316284,2.549999952316284,13665,0.0,0.0
2022-09-12 11:30:00-04:00,2.5999999046325684,2.630000114440918,2.5799999237060547,2.630000114440918,3717,0.0,0.0
2022-09-12 12:30:00-04:00,2.630000114440918,2.680000066757202,2.6122000217437744,2.6700000762939453,3578,0.0,0.0
2022-09-12 13:30:00-04:00,2.680000066757202,2.7864999771118164,2.6619999408721924,2.740000009536743,31580,0.0,0.0
2022-09-12 14:30:00-04:00,2.7300000190734863,2.740000009536743,2.714200019836426,2.7200000286102295,3263,0.0,0.0
2022-09-12 15:30:00-04:00,2.7200000286102295,2.740000009536743,2.710099935531616,2.740000009536743,10956,0.0,0.0
2022-09-13 09:30:00-04:00,2.740000009536743,2.740000009536743,2.6700000762939453,2.690000057220459,46603,0.0,0.0
2022-09-13 10:30:00-04:00,2.690000057220459,2.7200000286102295,2.6700000762939453,2.678800106048584,9179,0.0,0.0
2022-09-13 11:30:00-04:00,2.6600000858306885,2.690000057220459,2.6600000858306885,2.680000066757202,6210,0.0,0.0
2022-09-13 12:30:00-04:00,2.671600103378296,2.7200000286102295,2.671299934387207,2.7200000286102295,21730,0.0,0.0
2022-09-13 13:30:00-04:00,2.7200000286102295,2.799999952316284,2.700000047683716,2.7899999618530273,38085,0.0,0.0
2022-09-13 14:30:00-04:00,2.7600998878479004,2.760200023651123,2.700000047683716,2.740000009536743,7123,0.0,0.0
2022-09-13 15:30:00-04:00,2.7200000286102295,2.7899999618530273,2.7100000381469727,2.789900064468384,33156,0.0,0.0
2022-09-14 09:30:00-04:00,2.7899999618530273,2.7899999618530273,2.740000009536743,2.7899999618530273,9167,0.0,0.0
2022-09-14 10:30:00-04:00,2.784600019454956,2.7899999618530273,2.7699999809265137,2.7899999618530273,2398,0.0,0.0
2022-09-14 11:30:00-04:00,2.7799999713897705,2.950000047683716,2.7799999713897705,2.9453999996185303,33795,0.0,0.0
2022-09-14 12:30:00-04:00,2.940000057220459,2.9700000286102295,2.910799980163574,2.940000057220459,27496,0.0,0.0
2022-09-14 13:30:00-04:00,2.950000047683716,2.9700000286102295,2.9200000762939453,2.950000047683716,35947,0.0,0.0
2022-09-14 14:30:00-04:00,2.949899911880493,2.9702999591827393,2.949899911880493,2.9697999954223633,17470,0.0,0.0
2022-09-14 15:30:00-04:00,2.9700000286102295,2.9700000286102295,2.9170000553131104,2.950000047683716,27313,0.0,0.0
2022-09-15 09:30:00-04:00,2.9000000953674316,2.950000047683716,2.8499999046325684,2.9000000953674316,46076,0.0,0.0
2022-09-15 10:30:00-04:00,2.899899959564209,2.950000047683716,2.8901000022888184,2.930000066757202,14082,0.0,0.0
2022-09-15 11:30:00-04:00,2.940000057220459,2.940000057220459,2.869999885559082,2.890000104904175,14364,0.0,0.0
2022-09-15 12:30:00-04:00,2.9000000953674316,2.9200000762939453,2.890000104904175,2.9200000762939453,4162,0.0,0.0
2022-09-15 13:30:00-04:00,2.9000000953674316,2.930000066757202,2.9000000953674316,2.928999900817871,12608,0.0,0.0
2022-09-15 14:30:00-04:00,2.9100000858306885,2.9200000762939453,2.8299999237060547,2.8304998874664307,15139,0.0,0.0
2022-09-15 15:30:00-04:00,2.8299999237060547,2.869999885559082,2.8299999237060547,2.8399999141693115,12434,0.0,0.0
2022-09-16 09:30:00-04:00,2.8499999046325684,2.8499999046325684,2.75,2.8499999046325684,18551,0.0,0.0
2022-09-16 10:30:00-04:00,2.8499999046325684,2.8499999046325684,2.8350000381469727,2.8350000381469727,516,0.0,0.0
2022-09-16 11:30:00-04:00,2.839900016784668,2.8399999141693115,2.809999942779541,2.8299999237060547,10212,0.0,0.0
2022-09-16 12:30:00-04:00,2.8450000286102295,2.859999895095825,2.8399999141693115,2.8399999141693115,696,0.0,0.0
2022-09-16 13:30:00-04:00,2.8299999237060547,2.8350000381469727,2.799999952316284,2.809999942779541,4437,0.0,0.0
2022-09-16 14:30:00-04:00,2.799999952316284,2.809999942779541,2.75,2.7500998973846436,13824,0.0,0.0
2022-09-16 15:30:00-04:00,2.765000104904175,2.9200000762939453,2.765000104904175,2.9200000762939453,34280,0.0,0.0
2022-09-19 09:30:00-04:00,2.809999942779541,2.869999885559082,2.759999990463257,2.819999933242798,24689,0.0,0.0
2022-09-19 10:30:00-04:00,2.819999933242798,2.8399999141693115,2.759999990463257,2.7699999809265137,7834,0.0,0.0
2022-09-19 11:30:00-04:00,2.7699999809265137,2.7799999713897705,2.7100000381469727,2.7300000190734863,18228,0.0,0.0
2022-09-19 12:30:00-04:00,2.7300000190734863,2.75,2.7200000286102295,2.7200000286102295,7336,0.0,0.0
2022-09-19 13:30:00-04:00,2.7100000381469727,2.7100000381469727,2.6500000953674316,2.680000066757202,29221,0.0,0.0
2022-09-19 14:30:00-04:00,2.680000066757202,2.7300000190734863,2.6600000858306885,2.7200000286102295,47452,0.0,0.0
2022-09-19 15:30:00-04:00,2.7300000190734863,2.7300000190734863,2.700000047683716,2.7200000286102295,5463,0.0,0.0
2022-09-20 09:30:00-04:00,2.6600000858306885,2.700000047683716,2.6500000953674316,2.6500000953674316,8551,0.0,0.0
2022-09-20 10:30:00-04:00,2.690000057220459,2.700000047683716,2.6600000858306885,2.6600000858306885,9110,0.0,0.0
2022-09-20 11:30:00-04:00,2.6700000762939453,2.6933000087738037,2.6500000953674316,2.690000057220459,10221,0.0,0.0
2022-09-20 12:30:00-04:00,2.680000066757202,2.690000057220459,2.680000066757202,2.690000057220459,1036,0.0,0.0
2022-09-20 13:30:00-04:00,2.684999942779541,2.684999942779541,2.6600000858306885,2.6600000858306885,13189,0.0,0.0
2022-09-20 14:30:00-04:00,2.6600000858306885,2.6600000858306885,2.609999895095825,2.6500000953674316,6568,0.0,0.0
2022-09-20 15:30:00-04:00,2.6500000953674316,2.6600000858306885,2.5299999713897705,2.5899999141693115,16708,0.0,0.0
2022-09-21 09:30:00-04:00,2.569999933242798,2.569999933242798,2.509999990463257,2.5450000762939453,15363,0.0,0.0
2022-09-21 10:30:00-04:00,2.549999952316284,2.5513999462127686,2.5199999809265137,2.520900011062622,5043,0.0,0.0
2022-09-21 11:30:00-04:00,2.5299999713897705,2.5299999713897705,2.509999990463257,2.509999990463257,2117,0.0,0.0
2022-09-21 12:30:00-04:00,2.5199999809265137,2.5299999713897705,2.5199999809265137,2.5250000953674316,5527,0.0,0.0
2022-09-21 13:30:00-04:00,2.5299999713897705,2.5299999713897705,2.5199999809265137,2.5199999809265137,4377,0.0,0.0
2022-09-21 14:30:00-04:00,2.522700071334839,2.575000047683716,2.522700071334839,2.565000057220459,6564,0.0,0.0
2022-09-21 15:30:00-04:00,2.5685999393463135,2.5685999393463135,2.5199999809265137,2.5199999809265137,11802,0.0,0.0
2022-09-22 09:30:00-04:00,2.5199999809265137,2.565000057220459,2.4000000953674316,2.5399999618530273,41739,0.0,0.0
2022-09-22 10:30:00-04:00,2.549999952316284,2.549999952316284,2.5,2.5009000301361084,12893,0.0,0.0
2022-09-22 11:30:00-04:00,2.509999990463257,2.509999990463257,2.5,2.5,4494,0.0,0.0
2022-09-22 12:30:00-04:00,2.5,2.5,2.4600000381469727,2.4600000381469727,19031,0.0,0.0
2022-09-22 13:30:00-04:00,2.4800000190734863,2.4825000762939453,2.4700000286102295,2.4825000762939453,5928,0.0,0.0
2022-09-22 14:30:00-04:00,2.48009991645813,2.490000009536743,2.4700000286102295,2.4800000190734863,5443,0.0,0.0
2022-09-22 15:30:00-04:00,2.4700000286102295,2.4800000190734863,2.450000047683716,2.4549999237060547,14170,0.0,0.0
2022-09-23 09:30:00-04:00,2.440000057220459,2.440000057220459,2.3499999046325684,2.389699935913086,25847,0.0,0.0
2022-09-23 10:30:00-04:00,2.384999990463257,2.384999990463257,2.3201000690460205,2.369999885559082,22825,0.0,0.0
2022-09-23 11:30:00-04:00,2.390000104904175,2.390000104904175,2.369999885559082,2.384999990463257,7810,0.0,0.0
2022-09-23 12:30:00-04:00,2.384999990463257,2.4100000858306885,2.3801000118255615,2.4100000858306885,6564,0.0,0.0
2022-09-23 13:30:00-04:00,2.4100000858306885,2.4100000858306885,2.38700008392334,2.390000104904175,3081,0.0,0.0
2022-09-23 14:30:00-04:00,2.384999990463257,2.384999990463257,2.3299999237060547,2.365000009536743,33941,0.0,0.0
2022-09-23 15:30:00-04:00,2.380000114440918,2.380000114440918,2.359999895095825,2.359999895095825,2437,0.0,0.0
2022-09-26 09:30:00-04:00,2.3299999237060547,2.450000047683716,2.3299999237060547,2.424499988555908,11804,0.0,0.0
2022-09-26 10:30:00-04:00,2.440000057220459,2.450000047683716,2.390000104904175,2.4100000858306885,7260,0.0,0.0
2022-09-26 11:30:00-04:00,2.3901000022888184,2.4100000858306885,2.359999895095825,2.370699882507324,2959,0.0,0.0
2022-09-26 12:30:00-04:00,2.369999885559082,2.369999885559082,2.3299999237060547,2.3417999744415283,2670,0.0,0.0
2022-09-26 13:30:00-04:00,2.3499999046325684,2.3499999046325684,2.3299999237060547,2.3499999046325684,11252,0.0,0.0
2022-09-26 14:30:00-04:00,2.3499999046325684,2.3499999046325684,2.341200113296509,2.3499999046325684,2039,0.0,0.0
2022-09-26 15:30:00-04:00,2.3399999141693115,2.359999895095825,2.2899999618530273,2.319999933242798,19770,0.0,0.0
2022-09-27 09:30:00-04:00,2.4100000858306885,2.4100000858306885,2.3299999237060547,2.3301000595092773,10552,0.0,0.0
2022-09-27 10:30:00-04:00,2.3499999046325684,2.430000066757202,2.3399999141693115,2.380000114440918,15025,0.0,0.0
2022-09-27 11:30:00-04:00,2.375,2.380000114440918,2.3499999046325684,2.380000114440918,9147,0.0,0.0
2022-09-27 12:30:00-04:00,2.380000114440918,2.380000114440918,2.369999885559082,2.369999885559082,1968,0.0,0.0
2022-09-27 13:30:00-04:00,2.372999906539917,2.380000114440918,2.3499999046325684,2.365000009536743,2722,0.0,0.0
2022-09-27 14:30:00-04:00,2.3499999046325684,2.3550000190734863,2.319999933242798,2.319999933242798,7381,0.0,0.0
2022-09-27 15:30:00-04:00,2.3299999237060547,2.3299999237060547,2.2899999618530273,2.305000066757202,14248,0.0,0.0
2022-09-28 09:30:00-04:00,2.299999952316284,2.3399999141693115,2.2300000190734863,2.3299999237060547,31575,0.0,0.0
2022-09-28 10:30:00-04:00,2.359999895095825,2.4000000953674316,2.3299999237060547,2.390000104904175,18275,0.0,0.0
2022-09-28 11:30:00-04:00,2.380000114440918,2.4200000762939453,2.3499999046325684,2.390000104904175,20634,0.0,0.0
2022-09-28 12:30:00-04:00,2.4100000858306885,2.450000047683716,2.400099992752075,2.4110000133514404,4002,0.0,0.0
2022-09-28 13:30:00-04:00,2.430000066757202,2.440000057220459,2.4130001068115234,2.430000066757202,3312,0.0,0.0
2022-09-28 14:30:00-04:00,2.4200000762939453,2.440000057220459,2.4054999351501465,2.430000066757202,6736,0.0,0.0
2022-09-28 15:30:00-04:00,2.4100000858306885,2.440000057220459,2.309999942779541,2.3399999141693115,82020,0.0,0.0
2022-09-29 09:30:00-04:00,2.3299999237060547,2.364000082015991,2.25,2.309999942779541,49751,0.0,0.0
2022-09-29 10:30:00-04:00,2.309999942779541,2.3399999141693115,2.299999952316284,2.3399999141693115,7896,0.0,0.0
2022-09-29 11:30:00-04:00,2.3189001083374023,2.369999885559082,2.3189001083374023,2.359999895095825,9586,0.0,0.0
2022-09-29 12:30:00-04:00,2.369999885559082,2.369999885559082,2.299999952316284,2.3499999046325684,9079,0.0,0.0
2022-09-29 13:30:00-04:00,2.337100028991699,2.3399999141693115,2.326900005340576,2.3299999237060547,6544,0.0,0.0
2022-09-29 14:30:00-04:00,2.319999933242798,2.3299999237060547,2.2750000953674316,2.2750000953674316,5620,0.0,0.0
2022-09-29 15:30:00-04:00,2.2750000953674316,2.3399999141693115,2.2750000953674316,2.3399999141693115,17479,0.0,0.0
2022-09-30 09:30:00-04:00,2.319999933242798,2.450000047683716,2.319999933242798,2.444999933242798,0,0.0,0.0
2022-09-30 10:30:00-04:00,2.5,2.559999942779541,2.4261999130249023,2.4700000286102295,8624,0.0,0.0
2022-09-30 11:30:00-04:00,2.456199884414673,2.4600000381469727,2.430999994277954,2.450000047683716,2139,0.0,0.0
2022-09-30 12:30:00-04:00,2.440000057220459,2.450000047683716,2.440000057220459,2.450000047683716,1021,0.0,0.0
2022-09-30 13:30:00-04:00,2.450000047683716,2.450000047683716,2.4100000858306885,2.4100000858306885,3613,0.0,0.0
2022-09-30 14:30:00-04:00,2.4149999618530273,2.440000057220459,2.4000000953674316,2.4200000762939453,3539,0.0,0.0
2022-09-30 15:30:00-04:00,2.430000066757202,2.430000066757202,2.4000000953674316,2.4100000858306885,5872,0.0,0.0
2022-10-03 09:30:00-04:00,2.4200000762939453,2.4700000286102295,2.4200000762939453,2.450000047683716,18275,0.0,0.0
2022-10-03 10:30:00-04:00,2.4600000381469727,2.4600000381469727,2.4200000762939453,2.440000057220459,11212,0.0,0.0
2022-10-03 11:30:00-04:00,2.430000066757202,2.440000057220459,2.4000000953674316,2.430000066757202,6598,0.0,0.0
2022-10-03 12:30:00-04:00,2.4100000858306885,2.440000057220459,2.4000000953674316,2.4100000858306885,6537,0.0,0.0
2022-10-03 13:30:00-04:00,2.4110000133514404,2.430000066757202,2.4000000953674316,2.4100000858306885,4439,0.0,0.0
2022-10-03 14:30:00-04:00,2.4133999347686768,2.450000047683716,2.4100000858306885,2.450000047683716,12971,0.0,0.0
2022-10-03 15:30:00-04:00,2.4200000762939453,2.450000047683716,2.4200000762939453,2.430000066757202,17240,0.0,0.0
2022-10-04 09:30:00-04:00,2.4600000381469727,2.5199999809265137,2.440000057220459,2.4800000190734863,25066,0.0,0.0
2022-10-04 10:30:00-04:00,2.4800000190734863,2.4800000190734863,2.460099935531616,2.4700000286102295,9356,0.0,0.0
2022-10-04 11:30:00-04:00,2.4700000286102295,2.4800000190734863,2.450700044631958,2.4600000381469727,8464,0.0,0.0
2022-10-04 12:30:00-04:00,2.4600000381469727,2.5,2.458899974822998,2.490000009536743,11055,0.0,0.0
2022-10-04 13:30:00-04:00,2.4700000286102295,2.5,2.4700000286102295,2.484999895095825,4526,0.0,0.0
2022-10-04 14:30:00-04:00,2.4800000190734863,2.5299999713897705,2.4700000286102295,2.505000114440918,12194,0.0,0.0
2022-10-04 15:30:00-04:00,2.5,2.5799999237060547,2.5,2.5450000762939453,7740,0.0,0.0
2022-10-05 09:30:00-04:00,2.4800000190734863,2.630000114440918,2.450000047683716,2.559999942779541,7926,0.0,0.0
2022-10-05 10:30:00-04:00,2.559999942779541,2.559999942779541,2.5299999713897705,2.535599946975708,2522,0.0,0.0
2022-10-05 11:30:00-04:00,2.549999952316284,2.549999952316284,2.5399999618530273,2.549999952316284,2824,0.0,0.0
2022-10-05 12:30:00-04:00,2.549999952316284,2.5799999237060547,2.5399999618530273,2.5799999237060547,3563,0.0,0.0
2022-10-05 13:30:00-04:00,2.550100088119507,2.5999999046325684,2.550100088119507,2.5799999237060547,651,0.0,0.0
2022-10-05 14:30:00-04:00,2.559999942779541,2.5799999237060547,2.5399999618530273,2.5799999237060547,9517,0.0,0.0
2022-10-05 15:30:00-04:00,2.575000047683716,2.5799999237060547,2.5399999618530273,2.565000057220459,1976,0.0,0.0
2022-10-06 09:30:00-04:00,2.5399999618530273,2.630000114440918,2.5399999618530273,2.555000066757202,6978,0.0,0.0
2022-10-06 10:30:00-04:00,2.559999942779541,2.569999933242798,2.5399999618530273,2.569999933242798,3859,0.0,0.0
2022-10-06 12:30:00-04:00,2.554500102996826,2.565000057220459,2.5199999809265137,2.5199999809265137,5923,0.0,0.0
2022-10-06 13:30:00-04:00,2.569999933242798,2.569999933242798,2.5399999618530273,2.549999952316284,3662,0.0,0.0
2022-10-06 14:30:00-04:00,2.5399999618530273,2.559999942779541,2.5299999713897705,2.559999942779541,6167,0.0,0.0
2022-10-06 15:30:00-04:00,2.569999933242798,2.569999933242798,2.5199999809265137,2.5399999618530273,3152,0.0,0.0
2022-10-07 09:30:00-04:00,2.549999952316284,2.549999952316284,2.4700000286102295,2.509999990463257,12806,0.0,0.0
2022-10-07 10:30:00-04:00,2.5199999809265137,2.5899999141693115,2.512200117111206,2.569999933242798,4752,0.0,0.0
2022-10-07 11:30:00-04:00,2.569999933242798,2.5899999141693115,2.5450000762939453,2.5450000762939453,6692,0.0,0.0
2022-10-07 12:30:00-04:00,2.559999942779541,2.559999942779541,2.509999990463257,2.5299999713897705,3470,0.0,0.0
2022-10-07 13:30:00-04:00,2.5499000549316406,2.559999942779541,2.5299999713897705,2.559999942779541,0,0.0,0.0
2022-10-07 14:30:00-04:00,2.559999942779541,2.5799999237060547,2.519399881362915,2.5799999237060547,38173,0.0,0.0
2022-10-07 15:30:00-04:00,2.559999942779541,2.5899999141693115,2.559999942779541,2.5899999141693115,1444,0.0,0.0
2022-10-10 09:30:00-04:00,2.5899999141693115,2.5899999141693115,2.5380001068115234,2.569999933242798,10638,0.0,0.0
2022-10-10 10:30:00-04:00,2.569999933242798,2.5899999141693115,2.550100088119507,2.5632998943328857,4282,0.0,0.0
2022-10-10 11:30:00-04:00,2.5799999237060547,2.5899999141693115,2.5601000785827637,2.5601000785827637,3971,0.0,0.0
2022-10-10 12:30:00-04:00,2.559999942779541,2.5899999141693115,2.549999952316284,2.5899999141693115,10008,0.0,0.0
2022-10-10 13:30:00-04:00,2.5899999141693115,2.5899999141693115,2.5399999618530273,2.541800022125244,2643,0.0,0.0
2022-10-10 14:30:00-04:00,2.5754001140594482,2.5754001140594482,2.5754001140594482,2.5754001140594482,548,0.0,0.0
2022-10-10 15:30:00-04:00,2.5799999237060547,2.5999999046325684,2.571000099182129,2.571000099182129,8404,0.0,0.0
2022-10-11 09:30:00-04:00,2.5799999237060547,2.5999999046325684,2.543299913406372,2.5799999237060547,23837,0.0,0.0
2022-10-11 10:30:00-04:00,2.5625998973846436,2.6600000858306885,2.5625998973846436,2.640000104904175,11524,0.0,0.0
2022-10-11 11:30:00-04:00,2.640000104904175,2.732100009918213,2.640000104904175,2.7160000801086426,20620,0.0,0.0
2022-10-11 12:30:00-04:00,2.7112998962402344,2.799999952316284,2.7100000381469727,2.7999000549316406,25186,0.0,0.0
2022-10-11 13:30:00-04:00,2.811000108718872,2.9000000953674316,2.759999990463257,2.759999990463257,36468,0.0,0.0
2022-10-11 14:30:00-04:00,2.7799999713897705,2.7799999713897705,2.6666998863220215,2.698699951171875,19035,0.0,0.0
2022-10-11 15:30:00-04:00,2.690000057220459,2.7063000202178955,2.680000066757202,2.690000057220459,6238,0.0,0.0
2022-10-12 09:30:00-04:00,2.7100000381469727,2.7699999809265137,2.7100000381469727,2.765000104904175,10877,0.0,0.0
2022-10-12 10:30:00-04:00,2.7699999809265137,2.7799999713897705,2.7230000495910645,2.7230000495910645,15730,0.0,0.0
2022-10-12 11:30:00-04:00,2.740000009536743,2.8399999141693115,2.740000009536743,2.809999942779541,30461,0.0,0.0
2022-10-12 12:30:00-04:00,2.799999952316284,2.799999952316284,2.7300000190734863,2.740000009536743,6567,0.0,0.0
2022-10-12 13:30:00-04:00,2.7544000148773193,2.7899999618530273,2.753200054168701,2.7899999618530273,9139,0.0,0.0
2022-10-12 14:30:00-04:00,2.7899999618530273,2.819999933242798,2.7683000564575195,2.7699999809265137,17483,0.0,0.0
2022-10-12 15:30:00-04:00,2.7699999809265137,2.7799999713897705,2.7699999809265137,2.7699999809265137,1658,0.0,0.0
2022-10-13 09:30:00-04:00,2.559999942779541,2.7699999809265137,2.509999990463257,2.767899990081787,21136,0.0,0.0
2022-10-13 10:30:00-04:00,2.7616000175476074,2.809999942779541,2.746000051498413,2.799999952316284,24211,0.0,0.0
2022-10-13 11:30:00-04:00,2.792799949645996,2.819999933242798,2.759999990463257,2.7699999809265137,8718,0.0,0.0
2022-10-13 12:30:00-04:00,2.783099889755249,2.819999933242798,2.7799999713897705,2.81030011177063,3721,0.0,0.0
2022-10-13 13:30:00-04:00,2.8489999771118164,2.859999895095825,2.7799999713897705,2.8297998905181885,32913,0.0,0.0
2022-10-13 14:30:00-04:00,2.819999933242798,2.819999933242798,2.8101000785827637,2.8101000785827637,1229,0.0,0.0
2022-10-13 15:30:00-04:00,2.815000057220459,2.815000057220459,2.7799999713897705,2.7899999618530273,9610,0.0,0.0
2022-10-14 09:30:00-04:00,2.7899999618530273,2.837399959564209,2.7799999713897705,2.7899999618530273,8314,0.0,0.0
2022-10-14 10:30:00-04:00,2.79010009765625,2.799999952316284,2.7899999618530273,2.799999952316284,10282,0.0,0.0
2022-10-14 11:30:00-04:00,2.799999952316284,2.825000047683716,2.759999990463257,2.759999990463257,7897,0.0,0.0
2022-10-14 12:30:00-04:00,2.799999952316284,2.799999952316284,2.788300037384033,2.788300037384033,1264,0.0,0.0
2022-10-14 13:30:00-04:00,2.790600061416626,2.8039000034332275,2.790600061416626,2.8039000034332275,1160,0.0,0.0
2022-10-14 14:30:00-04:00,2.7899999618530273,2.7899999618530273,2.7799999713897705,2.7799999713897705,534,0.0,0.0
2022-10-14 15:30:00-04:00,2.7799999713897705,2.799999952316284,2.7300000190734863,2.7300000190734863,20412,0.0,0.0
2022-10-17 09:30:00-04:00,2.7799999713897705,2.8499999046325684,2.7692999839782715,2.8499999046325684,32480,0.0,0.0
2022-10-17 10:30:00-04:00,2.840100049972534,2.869999885559082,2.802799940109253,2.802799940109253,4643,0.0,0.0
2022-10-17 11:30:00-04:00,2.799999952316284,2.8034000396728516,2.7799999713897705,2.7899999618530273,4257,0.0,0.0
2022-10-17 12:30:00-04:00,2.799999952316284,2.8399999141693115,2.799999952316284,2.805000066757202,9503,0.0,0.0
2022-10-17 13:30:00-04:00,2.819999933242798,2.8399999141693115,2.809999942779541,2.8399999141693115,8028,0.0,0.0
2022-10-17 14:30:00-04:00,2.8203001022338867,2.8499999046325684,2.819999933242798,2.840100049972534,8951,0.0,0.0
2022-10-17 15:30:00-04:00,2.8399999141693115,2.8499999046325684,2.8299999237060547,2.8299999237060547,1228,0.0,0.0
2022-10-18 09:30:00-04:00,2.859999895095825,2.940000057220459,2.859999895095825,2.9000000953674316,27246,0.0,0.0
2022-10-18 10:30:00-04:00,2.9344000816345215,2.9344000816345215,2.8717000484466553,2.880000114440918,13054,0.0,0.0
2022-10-18 11:30:00-04:00,2.8701000213623047,2.890000104904175,2.8666000366210938,2.884999990463257,5779,0.0,0.0
2022-10-18 12:30:00-04:00,2.884999990463257,2.884999990463257,2.869999885559082,2.869999885559082,1500,0.0,0.0
2022-10-18 13:30:00-04:00,2.884999990463257,2.884999990463257,2.880500078201294,2.880500078201294,581,0.0,0.0
2022-10-18 14:30:00-04:00,2.88919997215271,2.8949999809265137,2.887200117111206,2.890000104904175,1621,0.0,0.0
2022-10-18 15:30:00-04:00,2.880000114440918,2.9200000762939453,2.880000114440918,2.9100000858306885,15228,0.0,0.0
2022-10-19 09:30:00-04:00,2.9100000858306885,2.9800000190734863,2.860100030899048,2.9795000553131104,18209,0.0,0.0
2022-10-19 10:30:00-04:00,2.9800000190734863,2.9893999099731445,2.930000066757202,2.940000057220459,12129,0.0,0.0
2022-10-19 11:30:00-04:00,2.9484000205993652,2.9484000205993652,2.9484000205993652,2.9484000205993652,1157,0.0,0.0
2022-10-19 12:30:00-04:00,2.9700000286102295,2.9700000286102295,2.950000047683716,2.9658000469207764,3174,0.0,0.0
2022-10-19 13:30:00-04:00,2.955399990081787,2.9800000190734863,2.934999942779541,2.950000047683716,5418,0.0,0.0
2022-10-19 14:30:00-04:00,2.9700000286102295,2.9700000286102295,2.9572999477386475,2.9572999477386475,691,0.0,0.0
2022-10-19 15:30:00-04:00,2.9700000286102295,2.9700000286102295,2.950000047683716,2.9700000286102295,6928,0.0,0.0
2022-10-20 09:30:00-04:00,2.9100000858306885,2.949899911880493,2.609999895095825,2.8299999237060547,45992,0.0,0.0
2022-10-20 10:30:00-04:00,2.880000114440918,2.898400068283081,2.80649995803833,2.8350000381469727,46455,0.0,0.0
2022-10-20 11:30:00-04:00,2.8350000381469727,2.9100000858306885,2.8350000381469727,2.890000104904175,20179,0.0,0.0
2022-10-20 12:30:00-04:00,2.859999895095825,2.890000104904175,2.7799999713897705,2.7799999713897705,29861,0.0,0.0
2022-10-20 13:30:00-04:00,2.7799999713897705,2.7799999713897705,2.5799999237060547,2.630000114440918,108910,0.0,0.0
2022-10-20 14:30:00-04:00,2.619999885559082,2.630000114440918,2.4800000190734863,2.491300106048584,54115,0.0,0.0
2022-10-20 15:30:00-04:00,2.4999001026153564,2.5299999713897705,2.490000009536743,2.490000009536743,27390,0.0,0.0
2022-10-21 09:30:00-04:00,2.4800000190734863,2.5450000762939453,2.4800000190734863,2.5199999809265137,9319,0.0,0.0
2022-10-21 10:30:00-04:00,2.514699935913086,2.5299999713897705,2.509999990463257,2.509999990463257,13012,0.0,0.0
2022-10-21 11:30:00-04:00,2.5283000469207764,2.5434000492095947,2.5,2.5199999809265137,11964,0.0,0.0
2022-10-21 12:30:00-04:00,2.505000114440918,2.509999990463257,2.4677999019622803,2.4800000190734863,11510,0.0,0.0
2022-10-21 13:30:00-04:00,2.4700000286102295,2.5299999713897705,2.4600000381469727,2.4700000286102295,22929,0.0,0.0
2022-10-21 14:30:00-04:00,2.4600000381469727,2.4600000381469727,2.3399999141693115,2.4100000858306885,20410,0.0,0.0
2022-10-21 15:30:00-04:00,2.409899950027466,2.4200000762939453,2.390000104904175,2.390000104904175,10096,0.0,0.0
2022-10-24 09:30:00-04:00,2.390000104904175,2.4082000255584717,2.299999952316284,2.299999952316284,41816,0.0,0.0
2022-10-24 10:30:00-04:00,2.3299999237060547,2.3399999141693115,2.25,2.265700101852417,57145,0.0,0.0
2022-10-24 11:30:00-04:00,2.26990008354187,2.2699999809265137,2.2300000190734863,2.25,45835,0.0,0.0
2022-10-24 12:30:00-04:00,2.2599000930786133,2.2899999618530273,2.25,2.259999990463257,18342,0.0,0.0
2022-10-24 13:30:00-04:00,2.279900074005127,2.2799999713897705,2.240000009536743,2.240000009536743,19504,0.0,0.0
2022-10-24 14:30:00-04:00,2.255000114440918,2.259999990463257,2.2200000286102295,2.2400999069213867,27989,0.0,0.0
2022-10-24 15:30:00-04:00,2.240000009536743,2.25,2.2200000286102295,2.2300000190734863,24438,0.0,0.0
2022-10-25 09:30:00-04:00,2.2200000286102295,2.2699999809265137,2.2200000286102295,2.2400999069213867,107867,0.0,0.0
2022-10-25 10:30:00-04:00,2.240000009536743,2.281599998474121,2.240000009536743,2.2799999713897705,30689,0.0,0.0
2022-10-25 11:30:00-04:00,2.281599998474121,2.3698999881744385,2.2799999713897705,2.3201000690460205,16181,0.0,0.0
2022-10-25 12:30:00-04:00,2.3210999965667725,2.3210999965667725,2.2799999713897705,2.299999952316284,14037,0.0,0.0
2022-10-25 13:30:00-04:00,2.2999000549316406,2.3299999237060547,2.2899999618530273,2.295099973678589,8361,0.0,0.0
2022-10-25 14:30:00-04:00,2.319999933242798,2.359999895095825,2.299999952316284,2.340100049972534,29494,0.0,0.0
2022-10-25 15:30:00-04:00,2.3399999141693115,2.3499999046325684,2.3299999237060547,2.3399999141693115,15862,0.0,0.0
2022-10-26 09:30:00-04:00,2.3499999046325684,2.4700000286102295,2.3499999046325684,2.416300058364868,73408,0.0,0.0
2022-10-26 10:30:00-04:00,2.433000087738037,2.492799997329712,2.430299997329712,2.488600015640259,23755,0.0,0.0
2022-10-26 11:30:00-04:00,2.490000009536743,2.5299999713897705,2.48009991645813,2.4862000942230225,52422,0.0,0.0
2022-10-26 12:30:00-04:00,2.482300043106079,2.5,2.4300999641418457,2.4800000190734863,37695,0.0,0.0
2022-10-26 13:30:00-04:00,2.4500999450683594,2.4600000381469727,2.430000066757202,2.450000047683716,5997,0.0,0.0
2022-10-26 14:30:00-04:00,2.4600000381469727,2.490000009536743,2.4600000381469727,2.47189998626709,23697,0.0,0.0
2022-10-26 15:30:00-04:00,2.470099925994873,2.4800000190734863,2.450000047683716,2.4577999114990234,4999,0.0,0.0
2022-10-27 09:30:00-04:00,2.440000057220459,2.535599946975708,2.440000057220459,2.5000998973846436,41352,0.0,0.0
2022-10-27 10:30:00-04:00,2.500999927520752,2.509999990463257,2.4637999534606934,2.4637999534606934,23874,0.0,0.0
2022-10-27 11:30:00-04:00,2.450000047683716,2.4600000381469727,2.420099973678589,2.4421000480651855,14087,0.0,0.0
2022-10-27 12:30:00-04:00,2.440000057220459,2.450000047683716,2.431999921798706,2.440000057220459,7619,0.0,0.0
2022-10-27 13:30:00-04:00,2.440000057220459,2.440000057220459,2.440000057220459,2.440000057220459,827,0.0,0.0
2022-10-27 14:30:00-04:00,2.450000047683716,2.4600000381469727,2.430000066757202,2.444999933242798,4674,0.0,0.0
2022-10-27 15:30:00-04:00,2.4409000873565674,2.450000047683716,2.43149995803833,2.43149995803833,4065,0.0,0.0
2022-10-28 09:30:00-04:00,2.430000066757202,2.450000047683716,2.4000000953674316,2.420099973678589,10352,0.0,0.0
2022-10-28 10:30:00-04:00,2.440000057220459,2.440000057220459,2.4200000762939453,2.4323999881744385,8027,0.0,0.0
2022-10-28 11:30:00-04:00,2.4319000244140625,2.453200101852417,2.430000066757202,2.453200101852417,2983,0.0,0.0
2022-10-28 12:30:00-04:00,2.458699941635132,2.4700000286102295,2.458699941635132,2.4600000381469727,6674,0.0,0.0
2022-10-28 13:30:00-04:00,2.4549999237060547,2.469899892807007,2.450000047683716,2.469899892807007,19705,0.0,0.0
2022-10-28 14:30:00-04:00,2.4700000286102295,2.4798998832702637,2.4100000858306885,2.450000047683716,20275,0.0,0.0
2022-10-28 15:30:00-04:00,2.430000066757202,2.4398999214172363,2.4200000762939453,2.4200000762939453,3676,0.0,0.0
2022-10-31 09:30:00-04:00,2.4100000858306885,2.4649999141693115,2.4100000858306885,2.450000047683716,8850,0.0,0.0
2022-10-31 10:30:00-04:00,2.440000057220459,2.440000057220459,2.360100030899048,2.4000000953674316,31321,0.0,0.0
2022-10-31 11:30:00-04:00,2.4000000953674316,2.4000000953674316,2.3499999046325684,2.365000009536743,22015,0.0,0.0
2022-10-31 12:30:00-04:00,2.3659000396728516,2.368499994277954,2.2899999618530273,2.319999933242798,11832,0.0,0.0
2022-10-31 13:30:00-04:00,2.309999942779541,2.3290998935699463,2.2899999618530273,2.309999942779541,15609,0.0,0.0
2022-10-31 14:30:00-04:00,2.309999942779541,2.319999933242798,2.2899999618530273,2.299999952316284,12087,0.0,0.0
2022-10-31 15:30:00-04:00,2.299999952316284,2.319999933242798,2.299999952316284,2.3101000785827637,18437,0.0,0.0
2022-11-01 09:30:00-04:00,2.359999895095825,2.430000066757202,2.3299999237060547,2.331700086593628,16417,0.0,0.0
2022-11-01 10:30:00-04:00,2.3299999237060547,2.339900016784668,2.2899999618530273,2.2904000282287598,5389,0.0,0.0
2022-11-01 11:30:00-04:00,2.2899999618530273,2.309299945831299,2.2699999809265137,2.308500051498413,9417,0.0,0.0
2022-11-01 12:30:00-04:00,2.266700029373169,2.309999942779541,2.25,2.2899999618530273,12136,0.0,0.0
2022-11-01 13:30:00-04:00,2.2799999713897705,2.299499988555908,2.259999990463257,2.2699999809265137,9217,0.0,0.0
2022-11-01 14:30:00-04:00,2.259999990463257,2.2699999809265137,2.240000009536743,2.240000009536743,10029,0.0,0.0
2022-11-01 15:30:00-04:00,2.23799991607666,2.240000009536743,2.2300000190734863,2.2383999824523926,7186,0.0,0.0
2022-11-02 09:30:00-04:00,2.200000047683716,2.259999990463257,2.200000047683716,2.259999990463257,17369,0.0,0.0
2022-11-02 10:30:00-04:00,2.2502999305725098,2.255000114440918,2.2495999336242676,2.2495999336242676,2202,0.0,0.0
2022-11-02 11:30:00-04:00,2.240000009536743,2.240000009536743,2.194999933242798,2.202500104904175,17977,0.0,0.0
2022-11-02 12:30:00-04:00,2.2100000381469727,2.2300000190734863,2.200000047683716,2.2300000190734863,2566,0.0,0.0
2022-11-02 13:30:00-04:00,2.2300000190734863,2.2699999809265137,2.2300000190734863,2.2699999809265137,3706,0.0,0.0
2022-11-02 14:30:00-04:00,2.2200000286102295,2.240000009536743,2.190000057220459,2.190000057220459,10763,0.0,0.0
2022-11-02 15:30:00-04:00,2.193000078201294,2.2100000381469727,2.190000057220459,2.190000057220459,24823,0.0,0.0
2022-11-03 09:30:00-04:00,2.200000047683716,2.259999990463257,2.200000047683716,2.2228000164031982,12392,0.0,0.0
2022-11-03 10:30:00-04:00,2.2300000190734863,2.309999942779541,2.2300000190734863,2.265000104904175,10833,0.0,0.0
2022-11-03 11:30:00-04:00,2.2500998973846436,2.2500998973846436,2.200000047683716,2.234100103378296,6731,0.0,0.0
2022-11-03 12:30:00-04:00,2.240000009536743,2.241300106048584,2.240000009536743,2.2411000728607178,844,0.0,0.0
2022-11-03 13:30:00-04:00,2.2400999069213867,2.2402000427246094,2.2200000286102295,2.236799955368042,27404,0.0,0.0
2022-11-03 14:30:00-04:00,2.25,2.25,2.2100000381469727,2.248800039291382,4819,0.0,0.0
2022-11-03 15:30:00-04:00,2.25,2.259999990463257,2.240000009536743,2.259999990463257,40419,0.0,0.0
2022-11-04 09:30:00-04:00,2.2899999618530273,2.299999952316284,2.2486000061035156,2.272700071334839,41154,0.0,0.0
2022-11-04 10:30:00-04:00,2.2792000770568848,2.2792000770568848,2.2679998874664307,2.2679998874664307,8172,0.0,0.0
2022-11-04 11:30:00-04:00,2.253700017929077,2.253700017929077,2.2200000286102295,2.2230000495910645,7015,0.0,0.0
2022-11-04 12:30:00-04:00,2.2200000286102295,2.240000009536743,2.2019999027252197,2.2149999141693115,6680,0.0,0.0
2022-11-04 13:30:00-04:00,2.200000047683716,2.2072999477386475,2.1700000762939453,2.200000047683716,15394,0.0,0.0
2022-11-04 14:30:00-04:00,2.200000047683716,2.2100000381469727,2.1900999546051025,2.200000047683716,4572,0.0,0.0
2022-11-04 15:30:00-04:00,2.2014999389648438,2.2298998832702637,2.200000047683716,2.228300094604492,5167,0.0,0.0
2022-11-07 09:30:00-05:00,2.25,2.308199882507324,2.25,2.2599000930786133,15545,0.0,0.0
2022-11-07 10:30:00-05:00,2.25,2.25,2.240000009536743,2.240000009536743,1972,0.0,0.0
2022-11-07 11:30:00-05:00,2.2300000190734863,2.2330000400543213,2.2300000190734863,2.2330000400543213,463,0.0,0.0
2022-11-07 12:30:00-05:00,2.2249999046325684,2.2249999046325684,2.2200000286102295,2.2239999771118164,2908,0.0,0.0
2022-11-07 13:30:00-05:00,2.2200000286102295,2.2300000190734863,2.2100000381469727,2.2300000190734863,11258,0.0,0.0
2022-11-07 14:30:00-05:00,2.240000009536743,2.240000009536743,2.2200000286102295,2.2200000286102295,4137,0.0,0.0
2022-11-07 15:30:00-05:00,2.238100051879883,2.238100051879883,2.2200000286102295,2.2300000190734863,4934,0.0,0.0
2022-11-08 09:30:00-05:00,2.2799999713897705,2.2799999713897705,2.2000999450683594,2.2193000316619873,10510,0.0,0.0
2022-11-08 10:30:00-05:00,2.2200000286102295,2.2200000286102295,2.2000999450683594,2.2139999866485596,5531,0.0,0.0
2022-11-08 11:30:00-05:00,2.2314999103546143,2.240000009536743,2.2300000190734863,2.240000009536743,4964,0.0,0.0
2022-11-08 12:30:00-05:00,2.234999895095825,2.25,2.2300000190734863,2.23009991645813,14818,0.0,0.0
2022-11-08 13:30:00-05:00,2.234999895095825,2.234999895095825,2.2300000190734863,2.23009991645813,902,0.0,0.0
2022-11-08 14:30:00-05:00,2.2399001121520996,2.25,2.2300000190734863,2.234999895095825,8133,0.0,0.0
2022-11-08 15:30:00-05:00,2.234999895095825,2.25,2.2300000190734863,2.25,5659,0.0,0.0
2022-11-09 09:30:00-05:00,2.200000047683716,2.25,2.1010000705718994,2.1010000705718994,42900,0.0,0.0
2022-11-09 10:30:00-05:00,2.0999999046325684,2.100100040435791,2.009999990463257,2.0299999713897705,46583,0.0,0.0
2022-11-09 11:30:00-05:00,2.0308001041412354,2.0308001041412354,1.8300000429153442,1.8450000286102295,75882,0.0,0.0
2022-11-09 12:30:00-05:00,1.8451999425888062,1.850000023841858,1.76010000705719,1.8140000104904175,87184,0.0,0.0
2022-11-09 13:30:00-05:00,1.8099000453948975,1.8799999952316284,1.8049999475479126,1.8523000478744507,20551,0.0,0.0
2022-11-09 14:30:00-05:00,1.840000033378601,1.8899999856948853,1.8006999492645264,1.8200000524520874,54244,0.0,0.0
2022-11-09 15:30:00-05:00,1.81850004196167,1.8250000476837158,1.7799999713897705,1.784999966621399,46396,0.0,0.0
2022-11-10 09:30:00-05:00,1.909999966621399,1.9699000120162964,1.850000023841858,1.8899999856948853,82486,0.0,0.0
2022-11-10 10:30:00-05:00,1.8801000118255615,1.9299999475479126,1.8601000308990479,1.899999976158142,31357,0.0,0.0
2022-11-10 11:30:00-05:00,1.8930000066757202,1.934999942779541,1.8899999856948853,1.934999942779541,21364,0.0,0.0
2022-11-10 12:30:00-05:00,1.9387999773025513,1.940000057220459,1.9000999927520752,1.902999997138977,4858,0.0,0.0
2022-11-10 13:30:00-05:00,1.9049999713897705,1.9199999570846558,1.899999976158142,1.9199999570846558,7484,0.0,0.0
2022-11-10 14:30:00-05:00,1.910099983215332,1.9129999876022339,1.9000999927520752,1.9000999927520752,8558,0.0,0.0
2022-11-10 15:30:00-05:00,1.909000039100647,1.909999966621399,1.8799999952316284,1.8799999952316284,16506,0.0,0.0
2022-11-11 09:30:00-05:00,1.909999966621399,1.9900000095367432,1.909999966621399,1.9900000095367432,23886,0.0,0.0
2022-11-11 10:30:00-05:00,1.9700000286102295,2.0,1.9500000476837158,1.9800000190734863,11809,0.0,0.0
2022-11-11 11:30:00-05:00,1.9615999460220337,1.9800000190734863,1.9400999546051025,1.9700000286102295,30981,0.0,0.0
2022-11-11 12:30:00-05:00,1.9601000547409058,1.9800000190734863,1.9600000381469727,1.9601000547409058,8004,0.0,0.0
2022-11-11 13:30:00-05:00,1.9601000547409058,1.9625999927520752,1.9500000476837158,1.9625999927520752,7290,0.0,0.0
2022-11-11 14:30:00-05:00,1.9600000381469727,1.9600000381469727,1.9500000476837158,1.9600000381469727,857,0.0,0.0
2022-11-11 15:30:00-05:00,1.9600000381469727,1.9800000190734863,1.9600000381469727,1.9800000190734863,6541,0.0,0.0
2022-11-14 09:30:00-05:00,1.9700000286102295,2.049999952316284,1.9700000286102295,1.9900000095367432,13471,0.0,0.0
2022-11-14 10:30:00-05:00,1.9855999946594238,2.0,1.9800000190734863,1.9800000190734863,7190,0.0,0.0
2022-11-14 11:30:00-05:00,1.9800000190734863,1.9900000095367432,1.9800000190734863,1.9900000095367432,1698,0.0,0.0
2022-11-14 12:30:00-05:00,2.0,2.0,1.9900000095367432,1.9900000095367432,4932,0.0,0.0
2022-11-14 13:30:00-05:00,1.9900000095367432,2.0,1.9900000095367432,1.9900000095367432,8117,0.0,0.0
2022-11-14 14:30:00-05:00,1.9901000261306763,2.0,1.9900000095367432,1.9900000095367432,10422,0.0,0.0
2022-11-14 15:30:00-05:00,1.9901000261306763,1.9901000261306763,1.9299999475479126,1.9402999877929688,8377,0.0,0.0
2022-11-15 09:30:00-05:00,2.049999952316284,2.049999952316284,1.9900000095367432,2.0385000705718994,29954,0.0,0.0
2022-11-15 10:30:00-05:00,2.0334999561309814,2.0399999618530273,2.009999990463257,2.009999990463257,50283,0.0,0.0
2022-11-15 11:30:00-05:00,2.0,2.0399999618530273,1.9900000095367432,1.9950000047683716,15264,0.0,0.0
2022-11-15 12:30:00-05:00,1.9950000047683716,2.0,1.9800000190734863,1.9825999736785889,13416,0.0,0.0
2022-11-15 13:30:00-05:00,2.0,2.0199999809265137,1.9910000562667847,2.0,4179,0.0,0.0
2022-11-15 14:30:00-05:00,2.0,2.0250000953674316,2.0,2.0250000953674316,8703,0.0,0.0
2022-11-15 15:30:00-05:00,2.0199999809265137,2.0299999713897705,2.009999990463257,2.029900074005127,2523,0.0,0.0
2022-11-16 09:30:00-05:00,1.9700000286102295,2.049999952316284,1.9700000286102295,1.9996999502182007,15137,0.0,0.0
2022-11-16 10:30:00-05:00,2.0199999809265137,2.049999952316284,1.9900000095367432,2.0315001010894775,12402,0.0,0.0
2022-11-16 11:30:00-05:00,2.0199999809265137,2.0199999809265137,1.9900000095367432,2.0099000930786133,4744,0.0,0.0
2022-11-16 12:30:00-05:00,1.9910999536514282,2.0299999713897705,1.9900000095367432,2.0199999809265137,3336,0.0,0.0
2022-11-16 13:30:00-05:00,2.009999990463257,2.009999990463257,1.9902000427246094,1.9970999956130981,6277,0.0,0.0
2022-11-16 14:30:00-05:00,1.997499942779541,2.009999990463257,1.9926999807357788,2.0,5123,0.0,0.0
2022-11-16 15:30:00-05:00,2.009999990463257,2.0199999809265137,1.9900000095367432,2.0199999809265137,26239,0.0,0.0
2022-11-17 09:30:00-05:00,2.009999990463257,2.0299999713897705,2.009999990463257,2.0299999713897705,0,0.0,0.0
2022-11-17 10:30:00-05:00,2.036799907684326,2.0399999618530273,2.0,2.0178000926971436,48852,0.0,0.0
2022-11-17 11:30:00-05:00,2.0299999713897705,2.049999952316284,2.021899938583374,2.0350000858306885,24713,0.0,0.0
2022-11-17 12:30:00-05:00,2.0350000858306885,2.0350000858306885,2.005000114440918,2.0243000984191895,10150,0.0,0.0
2022-11-17 13:30:00-05:00,2.012200117111206,2.01990008354187,2.001699924468994,2.001699924468994,2141,0.0,0.0
2022-11-17 14:30:00-05:00,2.005000114440918,2.009999990463257,1.9900000095367432,2.0,7848,0.0,0.0
2022-11-17 15:30:00-05:00,2.009999990463257,2.0845000743865967,2.009999990463257,2.059999942779541,0,0.0,0.0
2022-11-18 09:30:00-05:00,2.069999933242798,2.2100000381469727,2.069999933242798,2.190000057220459,127502,0.0,0.0
2022-11-18 10:30:00-05:00,2.180000066757202,2.1909000873565674,2.1700000762939453,2.1700000762939453,10627,0.0,0.0
2022-11-18 11:30:00-05:00,2.1791999340057373,2.2499001026153564,2.1500000953674316,2.2200000286102295,24946,0.0,0.0
2022-11-18 12:30:00-05:00,2.248300075531006,2.3399999141693115,2.200000047683716,2.200000047683716,91802,0.0,0.0
2022-11-18 13:30:00-05:00,2.200000047683716,2.2699999809265137,2.069999933242798,2.2100000381469727,34759,0.0,0.0
2022-11-18 14:30:00-05:00,2.2100000381469727,2.240000009536743,2.200000047683716,2.220099925994873,15819,0.0,0.0
2022-11-18 15:30:00-05:00,2.2298998832702637,2.2899999618530273,2.2298998832702637,2.259999990463257,19115,0.0,0.0
2022-11-21 09:30:00-05:00,2.2699999809265137,2.4600000381469727,2.259999990463257,2.380000114440918,87739,0.0,0.0
2022-11-21 10:30:00-05:00,2.390000104904175,2.4000000953674316,2.3712000846862793,2.384999990463257,8798,0.0,0.0
2022-11-21 11:30:00-05:00,2.384999990463257,2.5000998973846436,2.384999990463257,2.490000009536743,62904,0.0,0.0
2022-11-21 12:30:00-05:00,2.4463000297546387,2.5199999809265137,2.4400999546051025,2.4900999069213867,29040,0.0,0.0
2022-11-21 13:30:00-05:00,2.49180006980896,2.5199999809265137,2.49180006980896,2.503999948501587,22195,0.0,0.0
2022-11-21 14:30:00-05:00,2.5,2.509999990463257,2.4600000381469727,2.4844000339508057,13989,0.0,0.0
2022-11-21 15:30:00-05:00,2.483299970626831,2.509999990463257,2.4800000190734863,2.5088999271392822,10485,0.0,0.0
2022-11-22 09:30:00-05:00,2.559999942779541,2.559999942779541,2.430000066757202,2.4600000381469727,30383,0.0,0.0
2022-11-22 10:30:00-05:00,2.4600000381469727,2.4700000286102295,2.45989990234375,2.460099935531616,29467,0.0,0.0
2022-11-22 11:30:00-05:00,2.4700000286102295,2.4700000286102295,2.450000047683716,2.4595000743865967,14990,0.0,0.0
2022-11-22 12:30:00-05:00,2.4600000381469727,2.4800000190734863,2.4600000381469727,2.4700000286102295,8575,0.0,0.0
2022-11-22 13:30:00-05:00,2.4649999141693115,2.4700000286102295,2.400099992752075,2.430000066757202,21960,0.0,0.0
2022-11-22 14:30:00-05:00,2.4100000858306885,2.4600000381469727,2.4000000953674316,2.400099992752075,26651,0.0,0.0
2022-11-22 15:30:00-05:00,2.430000066757202,2.4600000381469727,2.4100000858306885,2.4600000381469727,12261,0.0,0.0
2022-11-23 09:30:00-05:00,2.430000066757202,2.4600000381469727,2.4100000858306885,2.4600000381469727,8931,0.0,0.0
2022-11-23 10:30:00-05:00,2.450000047683716,2.4600000381469727,2.4100000858306885,2.4100000858306885,24151,0.0,0.0
2022-11-23 11:30:00-05:00,2.4198999404907227,2.4398999214172363,2.4128000736236572,2.4398999214172363,5911,0.0,0.0
2022-11-23 12:30:00-05:00,2.440000057220459,2.450000047683716,2.430000066757202,2.430000066757202,16211,0.0,0.0
2022-11-23 13:30:00-05:00,2.430000066757202,2.444999933242798,2.430000066757202,2.444999933242798,3890,0.0,0.0
2022-11-23 14:30:00-05:00,2.4410998821258545,2.450000047683716,2.4300999641418457,2.450000047683716,21977,0.0,0.0
2022-11-23 15:30:00-05:00,2.450000047683716,2.4700000286102295,2.440000057220459,2.450000047683716,3740,0.0,0.0
2022-11-25 09:30:00-05:00,2.450000047683716,2.450000047683716,2.430000066757202,2.450000047683716,34571,0.0,0.0
2022-11-25 10:30:00-05:00,2.444999933242798,2.450000047683716,2.440000057220459,2.444999933242798,20366,0.0,0.0
2022-11-25 11:30:00-05:00,2.450000047683716,2.4600000381469727,2.444999933242798,2.4500999450683594,41596,0.0,0.0
2022-11-28 09:30:00-05:00,2.4200000762939453,2.499000072479248,2.4200000762939453,2.450000047683716,27691,0.0,0.0
2022-11-28 10:30:00-05:00,2.4528000354766846,2.4700000286102295,2.450000047683716,2.450000047683716,18772,0.0,0.0
2022-11-28 11:30:00-05:00,2.450700044631958,2.4600000381469727,2.450700044631958,2.45770001411438,1879,0.0,0.0
2022-11-28 12:30:00-05:00,2.45989990234375,2.4700000286102295,2.450000047683716,2.4600000381469727,19606,0.0,0.0
2022-11-28 13:30:00-05:00,2.4700000286102295,2.4700000286102295,2.450000047683716,2.458699941635132,23691,0.0,0.0
2022-11-28 14:30:00-05:00,2.460099935531616,2.4700000286102295,2.450000047683716,2.469899892807007,14894,0.0,0.0
2022-11-28 15:30:00-05:00,2.4549999237060547,2.4600000381469727,2.450000047683716,2.4600000381469727,15128,0.0,0.0
2022-11-29 09:30:00-05:00,2.490000009536743,2.490000009536743,2.4214000701904297,2.4398999214172363,59943,0.0,0.0
2022-11-29 10:30:00-05:00,2.4400999546051025,2.450000047683716,2.4400999546051025,2.447700023651123,15339,0.0,0.0
2022-11-29 11:30:00-05:00,2.450000047683716,2.450000047683716,2.432300090789795,2.432300090789795,11835,0.0,0.0
2022-11-29 12:30:00-05:00,2.440000057220459,2.4600000381469727,2.437000036239624,2.437000036239624,44886,0.0,0.0
2022-11-29 13:30:00-05:00,2.430000066757202,2.430000066757202,2.349299907684326,2.390000104904175,29470,0.0,0.0
2022-11-29 14:30:00-05:00,2.3840999603271484,2.4100000858306885,2.369999885559082,2.3845999240875244,13927,0.0,0.0
2022-11-29 15:30:00-05:00,2.390000104904175,2.390000104904175,2.359999895095825,2.380000114440918,42645,0.0,0.0
2022-11-30 09:30:00-05:00,2.440000057220459,2.440000057220459,2.319999933242798,2.3299999237060547,20899,0.0,0.0
2022-11-30 10:30:00-05:00,2.3299999237060547,2.339900016784668,2.25,2.2699999809265137,28062,0.0,0.0
2022-11-30 11:30:00-05:00,2.259999990463257,2.299999952316284,2.259999990463257,2.2899999618530273,17983,0.0,0.0
2022-11-30 12:30:00-05:00,2.29010009765625,2.369999885559082,2.2892000675201416,2.3399999141693115,37187,0.0,0.0
2022-11-30 13:30:00-05:00,2.3499999046325684,2.3499999046325684,2.2899999618530273,2.339900016784668,65858,0.0,0.0
2022-11-30 14:30:00-05:00,2.3299999237060547,2.3499999046325684,2.319999933242798,2.328200101852417,18680,0.0,0.0
2022-11-30 15:30:00-05:00,2.3299999237060547,2.380000114440918,2.319999933242798,2.319999933242798,18896,0.0,0.0
2022-12-01 09:30:00-05:00,2.2799999713897705,2.299999952316284,2.049999952316284,2.069999933242798,227226,0.0,0.0
2022-12-01 10:30:00-05:00,2.052000045776367,2.25,2.049999952316284,2.2100000381469727,97521,0.0,0.0
2022-12-01 11:30:00-05:00,2.226599931716919,2.25,2.19320011138916,2.25,14276,0.0,0.0
2022-12-01 12:30:00-05:00,2.25,2.319700002670288,2.23009991645813,2.2850000858306885,17090,0.0,0.0
2022-12-01 13:30:00-05:00,2.2850000858306885,2.2850000858306885,2.2200000286102295,2.246000051498413,5121,0.0,0.0
2022-12-01 14:30:00-05:00,2.2209999561309814,2.2298998832702637,2.194999933242798,2.2100000381469727,11734,0.0,0.0
2022-12-01 15:30:00-05:00,2.20989990234375,2.20989990234375,2.1500000953674316,2.159899950027466,28052,0.0,0.0
2022-12-02 09:30:00-05:00,2.130000114440918,2.2999000549316406,2.130000114440918,2.259999990463257,33619,0.0,0.0
2022-12-02 10:30:00-05:00,2.259999990463257,2.2699999809265137,2.2402000427246094,2.2699999809265137,16029,0.0,0.0
2022-12-02 11:30:00-05:00,2.2541000843048096,2.2699999809265137,2.2400999069213867,2.259999990463257,20742,0.0,0.0
2022-12-02 12:30:00-05:00,2.2500998973846436,2.2969000339508057,2.2500998973846436,2.2850000858306885,11281,0.0,0.0
2022-12-02 13:30:00-05:00,2.2850000858306885,2.2899999618530273,2.2500998973846436,2.2500998973846436,8633,0.0,0.0
2022-12-02 14:30:00-05:00,2.2500998973846436,2.3099000453948975,2.2500998973846436,2.299999952316284,21523,0.0,0.0
2022-12-02 15:30:00-05:00,2.280100107192993,2.309999942779541,2.280100107192993,2.2899999618530273,18309,0.0,0.0
2022-12-05 09:30:00-05:00,2.390000104904175,2.390000104904175,2.309999942779541,2.3299999237060547,14707,0.0,0.0
2022-12-05 10:30:00-05:00,2.309999942779541,2.32450008392334,2.309999942779541,2.309999942779541,3519,0.0,0.0
2022-12-05 11:30:00-05:00,2.299999952316284,2.309999942779541,2.2699999809265137,2.2799999713897705,3500,0.0,0.0
2022-12-05 12:30:00-05:00,2.2750000953674316,2.2750000953674316,2.2100000381469727,2.2200000286102295,10509,0.0,0.0
2022-12-05 13:30:00-05:00,2.2200000286102295,2.2300000190734863,2.2200000286102295,2.2200000286102295,1367,0.0,0.0
2022-12-05 14:30:00-05:00,2.2200000286102295,2.2200000286102295,2.0,2.1298999786376953,77160,0.0,0.0
2022-12-05 15:30:00-05:00,2.119999885559082,2.130000114440918,2.109999895095825,2.119999885559082,5266,0.0,0.0
2022-12-06 09:30:00-05:00,2.0999999046325684,2.1301000118255615,2.0000998973846436,2.0599000453948975,18590,0.0,0.0
2022-12-06 10:30:00-05:00,2.049999952316284,2.049999952316284,1.899999976158142,1.9098999500274658,149968,0.0,0.0
2022-12-06 11:30:00-05:00,1.909999966621399,1.9199999570846558,1.8899999856948853,1.899999976158142,60016,0.0,0.0
2022-12-06 12:30:00-05:00,1.8907999992370605,1.899999976158142,1.8899999856948853,1.8997000455856323,23256,0.0,0.0
2022-12-06 13:30:00-05:00,1.8899999856948853,1.9199999570846558,1.8899999856948853,1.9056999683380127,11318,0.0,0.0
2022-12-06 14:30:00-05:00,1.899999976158142,1.909999966621399,1.8600000143051147,1.875,73643,0.0,0.0
2022-12-06 15:30:00-05:00,1.8700000047683716,1.8700000047683716,1.809999942779541,1.809999942779541,45212,0.0,0.0
2022-12-07 09:30:00-05:00,1.8700000047683716,1.9800000190734863,1.850000023841858,1.850100040435791,37823,0.0,0.0
2022-12-07 10:30:00-05:00,1.8600000143051147,1.8698999881744385,1.8350000381469727,1.8394999504089355,8237,0.0,0.0
2022-12-07 11:30:00-05:00,1.8365999460220337,1.8516000509262085,1.8317999839782715,1.8516000509262085,12927,0.0,0.0
2022-12-07 12:30:00-05:00,1.8392000198364258,1.850000023841858,1.8350000381469727,1.8450000286102295,4754,0.0,0.0
2022-12-07 13:30:00-05:00,1.8450000286102295,1.8450000286102295,1.8301000595092773,1.8350000381469727,9451,0.0,0.0
2022-12-07 14:30:00-05:00,1.840000033378601,1.843500018119812,1.8300000429153442,1.837499976158142,5418,0.0,0.0
2022-12-07 15:30:00-05:00,1.8300000429153442,1.840000033378601,1.809999942779541,1.840000033378601,9826,0.0,0.0
2022-12-08 09:30:00-05:00,1.850000023841858,1.8600000143051147,1.7999999523162842,1.8200000524520874,9093,0.0,0.0
2022-12-08 10:30:00-05:00,1.820099949836731,1.850000023841858,1.8200000524520874,1.8377000093460083,10172,0.0,0.0
2022-12-08 11:30:00-05:00,1.840000033378601,1.840000033378601,1.7999999523162842,1.8300000429153442,8350,0.0,0.0
2022-12-08 12:30:00-05:00,1.8300000429153442,1.840000033378601,1.8284000158309937,1.840000033378601,934,0.0,0.0
2022-12-08 13:30:00-05:00,1.840000033378601,1.909999966621399,1.840000033378601,1.8624000549316406,21203,0.0,0.0
2022-12-08 14:30:00-05:00,1.8600000143051147,1.8799999952316284,1.8600000143051147,1.8799999952316284,2895,0.0,0.0
2022-12-08 15:30:00-05:00,1.850100040435791,1.8899999856948853,1.850100040435791,1.8899999856948853,0,0.0,0.0
2022-12-09 09:30:00-05:00,1.850000023841858,1.9049999713897705,1.850000023841858,1.88100004196167,11626,0.0,0.0
2022-12-09 10:30:00-05:00,1.885599970817566,2.119999885559082,1.885599970817566,2.0018999576568604,52872,0.0,0.0
2022-12-09 11:30:00-05:00,2.009999990463257,2.2799999713897705,2.009999990463257,2.059999942779541,63531,0.0,0.0
2022-12-09 12:30:00-05:00,2.049999952316284,2.069999933242798,2.0,2.050100088119507,33503,0.0,0.0
2022-12-09 13:30:00-05:00,2.049999952316284,2.109800100326538,1.9299999475479126,2.109800100326538,78248,0.0,0.0
2022-12-09 14:30:00-05:00,2.0899999141693115,2.2200000286102295,2.0899999141693115,2.109999895095825,60637,0.0,0.0
2022-12-09 15:30:00-05:00,2.1233999729156494,2.140000104904175,2.0999999046325684,2.119999885559082,12309,0.0,0.0
2022-12-12 09:30:00-05:00,2.069999933242798,2.2300000190734863,2.069999933242798,2.1301000118255615,52293,0.0,0.0
2022-12-12 10:30:00-05:00,2.1700000762939453,2.180000066757202,2.140000104904175,2.180000066757202,3210,0.0,0.0
2022-12-12 11:30:00-05:00,2.1500000953674316,2.259999990463257,2.1500000953674316,2.190000057220459,34044,0.0,0.0
2022-12-12 12:30:00-05:00,2.180299997329712,2.200000047683716,2.1401000022888184,2.1401000022888184,32354,0.0,0.0
2022-12-12 13:30:00-05:00,2.140000104904175,2.1700000762939453,2.130000114440918,2.130000114440918,15829,0.0,0.0
2022-12-12 14:30:00-05:00,2.119999885559082,2.128000020980835,2.0999999046325684,2.1019999980926514,7962,0.0,0.0
2022-12-12 15:30:00-05:00,2.109999895095825,2.140000104904175,2.109999895095825,2.1226000785827637,6002,0.0,0.0
2022-12-13 09:30:00-05:00,2.180000066757202,2.219899892807007,2.1500000953674316,2.1600000858306885,8134,0.0,0.0
2022-12-13 10:30:00-05:00,2.1310999393463135,2.1500000953674316,2.130000114440918,2.1301000118255615,2433,0.0,0.0
2022-12-13 11:30:00-05:00,2.1500000953674316,2.1600000858306885,2.130000114440918,2.1600000858306885,19304,0.0,0.0
2022-12-13 12:30:00-05:00,2.130000114440918,2.1431000232696533,2.119999885559082,2.1431000232696533,2087,0.0,0.0
2022-12-13 13:30:00-05:00,2.130000114440918,2.130000114440918,2.130000114440918,2.130000114440918,352,0.0,0.0
2022-12-13 14:30:00-05:00,2.1301000118255615,2.1301000118255615,2.109999895095825,2.1224000453948975,16107,0.0,0.0
2022-12-13 15:30:00-05:00,2.127700090408325,2.1287999153137207,2.127700090408325,2.1287999153137207,1226,0.0,0.0
2022-12-14 09:30:00-05:00,2.1500000953674316,2.190000057220459,2.0899999141693115,2.0899999141693115,49071,0.0,0.0
2022-12-14 10:30:00-05:00,2.130000114440918,2.190000057220459,2.130000114440918,2.140000104904175,34124,0.0,0.0
2022-12-14 11:30:00-05:00,2.1500000953674316,2.1500000953674316,2.1370999813079834,2.1445000171661377,8086,0.0,0.0
2022-12-14 12:30:00-05:00,2.1391000747680664,2.1500000953674316,2.1301000118255615,2.140000104904175,7883,0.0,0.0
2022-12-14 13:30:00-05:00,2.1500000953674316,2.1500000953674316,2.050100088119507,2.0899999141693115,28188,0.0,0.0
2022-12-14 14:30:00-05:00,2.0899999141693115,2.109999895095825,2.059999942779541,2.109999895095825,22399,0.0,0.0
2022-12-14 15:30:00-05:00,2.0899999141693115,2.092900037765503,2.049999952316284,2.049999952316284,11452,0.0,0.0
2022-12-15 09:30:00-05:00,2.009999990463257,2.0899999141693115,2.009999990463257,2.0209999084472656,8737,0.0,0.0
2022-12-15 10:30:00-05:00,2.059999942779541,2.069999933242798,1.9700000286102295,1.9700000286102295,7967,0.0,0.0
2022-12-15 11:30:00-05:00,1.9800000190734863,2.049999952316284,1.9800000190734863,2.049999952316284,19130,0.0,0.0
2022-12-15 12:30:00-05:00,2.049999952316284,2.049999952316284,1.9900000095367432,2.0,13914,0.0,0.0
2022-12-15 13:30:00-05:00,2.0,2.0,1.9950000047683716,1.999899983406067,1301,0.0,0.0
2022-12-15 14:30:00-05:00,2.0,2.0,1.9700000286102295,1.9700000286102295,37820,0.0,0.0
2022-12-15 15:30:00-05:00,1.9780999422073364,1.9900000095367432,1.9500000476837158,1.9500000476837158,13351,0.0,0.0
2022-12-16 09:30:00-05:00,1.9500000476837158,2.059999942779541,1.9500000476837158,1.9580999612808228,6612,0.0,0.0
2022-12-16 10:30:00-05:00,1.9500000476837158,1.9600000381469727,1.9199999570846558,1.9199999570846558,15483,0.0,0.0
2022-12-16 11:30:00-05:00,1.9299999475479126,1.940000057220459,1.9199999570846558,1.9299999475479126,2348,0.0,0.0
2022-12-16 12:30:00-05:00,1.9328999519348145,1.940000057220459,1.8899999856948853,1.9098999500274658,11862,0.0,0.0
2022-12-16 13:30:00-05:00,1.899999976158142,1.9299999475479126,1.899999976158142,1.9299999475479126,5520,0.0,0.0
2022-12-16 14:30:00-05:00,1.909999966621399,1.9500000476837158,1.899999976158142,1.909999966621399,23469,0.0,0.0
2022-12-16 15:30:00-05:00,1.909999966621399,1.9199999570846558,1.899999976158142,1.9199999570846558,6819,0.0,0.0
2022-12-19 09:30:00-05:00,1.899999976158142,1.9299999475479126,1.850000023841858,1.8899999856948853,31949,0.0,0.0
2022-12-19 10:30:00-05:00,1.8799999952316284,1.8899999856948853,1.8799999952316284,1.8799999952316284,1594,0.0,0.0
2022-12-19 11:30:00-05:00,1.8799999952316284,1.8899999856948853,1.850000023841858,1.8672000169754028,15950,0.0,0.0
2022-12-19 12:30:00-05:00,1.850600004196167,1.8799999952316284,1.7999999523162842,1.811400055885315,102545,0.0,0.0
2022-12-19 13:30:00-05:00,1.8200000524520874,1.8206000328063965,1.805899977684021,1.8133000135421753,13777,0.0,0.0
2022-12-19 14:30:00-05:00,1.8200000524520874,1.8200000524520874,1.7899999618530273,1.7999999523162842,14791,0.0,0.0
2022-12-19 15:30:00-05:00,1.7990000247955322,1.7999999523162842,1.7799999713897705,1.7999999523162842,8800,0.0,0.0
2022-12-20 09:30:00-05:00,1.809999942779541,1.8109999895095825,1.7799999713897705,1.7899999618530273,10426,0.0,0.0
2022-12-20 10:30:00-05:00,1.7999999523162842,1.809999942779541,1.7899999618530273,1.7899999618530273,17411,0.0,0.0
2022-12-20 11:30:00-05:00,1.7799999713897705,1.7799999713897705,1.7400000095367432,1.75,7394,0.0,0.0
2022-12-20 12:30:00-05:00,1.7400000095367432,1.7400000095367432,1.7000000476837158,1.7000000476837158,10452,0.0,0.0
2022-12-20 13:30:00-05:00,1.7100000381469727,1.7100000381469727,1.6399999856948853,1.6699999570846558,37766,0.0,0.0
2022-12-20 14:30:00-05:00,1.6749999523162842,1.6749999523162842,1.6299999952316284,1.6690000295639038,53385,0.0,0.0
2022-12-20 15:30:00-05:00,1.659999966621399,1.7200000286102295,1.659999966621399,1.7200000286102295,8625,0.0,0.0
2022-12-21 09:30:00-05:00,1.7100000381469727,1.929900050163269,1.7100000381469727,1.75,31208,0.0,0.0
2022-12-21 10:30:00-05:00,1.7300000190734863,1.8000999689102173,1.7300000190734863,1.7899999618530273,7072,0.0,0.0
2022-12-21 11:30:00-05:00,1.7705999612808228,1.7705999612808228,1.75,1.750100016593933,4661,0.0,0.0
2022-12-21 12:30:00-05:00,1.75,1.7599999904632568,1.7136000394821167,1.7599999904632568,14969,0.0,0.0
2022-12-21 13:30:00-05:00,1.742300033569336,1.7599999904632568,1.7201000452041626,1.7201999425888062,10286,0.0,0.0
2022-12-21 14:30:00-05:00,1.7400000095367432,1.7699999809265137,1.7201000452041626,1.7699999809265137,25095,0.0,0.0
2022-12-21 15:30:00-05:00,1.75,1.7599999904632568,1.7400000095367432,1.7400000095367432,4015,0.0,0.0
2022-12-22 09:30:00-05:00,1.7000000476837158,1.7799999713897705,1.6699999570846558,1.6699999570846558,54922,0.0,0.0
2022-12-22 10:30:00-05:00,1.6699999570846558,1.6742000579833984,1.6200000047683716,1.6289000511169434,56628,0.0,0.0
2022-12-22 11:30:00-05:00,1.625,1.625,1.5800000429153442,1.5800000429153442,21525,0.0,0.0
2022-12-22 12:30:00-05:00,1.5800000429153442,1.590000033378601,1.5399999618530273,1.559999942779541,11414,0.0,0.0
2022-12-22 13:30:00-05:00,1.5499999523162842,1.5699000358581543,1.5499999523162842,1.559000015258789,31410,0.0,0.0
2022-12-22 14:30:00-05:00,1.5599000453948975,1.590000033378601,1.5499999523162842,1.590000033378601,24595,0.0,0.0
2022-12-22 15:30:00-05:00,1.6075999736785889,1.6200000047683716,1.590000033378601,1.600000023841858,0,0.0,0.0
2022-12-23 09:30:00-05:00,1.600000023841858,1.600000023841858,1.559999942779541,1.559999942779541,15133,0.0,0.0
2022-12-23 10:30:00-05:00,1.559999942779541,1.559999942779541,1.5499999523162842,1.5549999475479126,19035,0.0,0.0
2022-12-23 11:30:00-05:00,1.5499999523162842,1.5700000524520874,1.5499999523162842,1.5700000524520874,62066,0.0,0.0
2022-12-23 12:30:00-05:00,1.5700000524520874,1.5700000524520874,1.5499999523162842,1.559999942779541,18888,0.0,0.0
2022-12-23 13:30:00-05:00,1.559999942779541,1.5700000524520874,1.559999942779541,1.56850004196167,9817,0.0,0.0
2022-12-23 14:30:00-05:00,1.5657000541687012,1.5700000524520874,1.5499999523162842,1.5499999523162842,14434,0.0,0.0
2022-12-23 15:30:00-05:00,1.559999942779541,1.5700000524520874,1.5549999475479126,1.5700000524520874,9694,0.0,0.0
2022-12-27 09:30:00-05:00,1.5299999713897705,1.5499999523162842,1.5,1.534999966621399,33123,0.0,0.0
2022-12-27 10:30:00-05:00,1.5299999713897705,1.5299999713897705,1.4919999837875366,1.5299999713897705,48799,0.0,0.0
2022-12-27 11:30:00-05:00,1.5199999809265137,1.5449999570846558,1.5099999904632568,1.5399999618530273,15331,0.0,0.0
2022-12-27 12:30:00-05:00,1.5300999879837036,1.5401999950408936,1.5299999713897705,1.5357999801635742,10863,0.0,0.0
2022-12-27 13:30:00-05:00,1.5399999618530273,1.5399999618530273,1.5199999809265137,1.520900011062622,7777,0.0,0.0
2022-12-27 14:30:00-05:00,1.5299999713897705,1.5299999713897705,1.5199999809265137,1.523800015449524,3608,0.0,0.0
2022-12-27 15:30:00-05:00,1.5299999713897705,1.530500054359436,1.5099999904632568,1.5273000001907349,34502,0.0,0.0
2022-12-28 09:30:00-05:00,1.4500000476837158,1.5399999618530273,1.4450000524520874,1.5399999618530273,25802,0.0,0.0
2022-12-28 10:30:00-05:00,1.5286999940872192,1.5286999940872192,1.4800000190734863,1.5,14724,0.0,0.0
2022-12-28 11:30:00-05:00,1.5010000467300415,1.5010000467300415,1.4671000242233276,1.4700000286102295,19959,0.0,0.0
2022-12-28 12:30:00-05:00,1.4800000190734863,1.5,1.4800000190734863,1.5,47363,0.0,0.0
2022-12-28 13:30:00-05:00,1.4900000095367432,1.5,1.4900000095367432,1.5,5656,0.0,0.0
2022-12-28 14:30:00-05:00,1.4900000095367432,1.4900000095367432,1.4500000476837158,1.4514000415802002,17144,0.0,0.0
2022-12-28 15:30:00-05:00,1.4598000049591064,1.4599000215530396,1.4500000476837158,1.4500000476837158,10631,0.0,0.0
2022-12-29 09:30:00-05:00,1.4500000476837158,1.5199999809265137,1.4500000476837158,1.4797999858856201,29805,0.0,0.0
2022-12-29 10:30:00-05:00,1.471500039100647,1.5,1.471500039100647,1.4900000095367432,3704,0.0,0.0
2022-12-29 11:30:00-05:00,1.4896999597549438,1.4900000095367432,1.4601000547409058,1.4800000190734863,15403,0.0,0.0
2022-12-29 12:30:00-05:00,1.4757000207901,1.4800000190734863,1.4700000286102295,1.4800000190734863,5540,0.0,0.0
2022-12-29 13:30:00-05:00,1.4600000381469727,1.4800000190734863,1.4600000381469727,1.4600000381469727,17780,0.0,0.0
2022-12-29 14:30:00-05:00,1.4606000185012817,1.4700000286102295,1.4500999450683594,1.4500999450683594,10153,0.0,0.0
2022-12-29 15:30:00-05:00,1.4600000381469727,1.4700000286102295,1.4500000476837158,1.4700000286102295,12520,0.0,0.0
2022-12-30 09:30:00-05:00,1.4299999475479126,1.499899983406067,1.4199999570846558,1.4900000095367432,28670,0.0,0.0
2022-12-30 10:30:00-05:00,1.4600000381469727,1.4800000190734863,1.440000057220459,1.4500999450683594,27039,0.0,0.0
2022-12-30 11:30:00-05:00,1.4450000524520874,1.4700000286102295,1.4299999475479126,1.4357999563217163,42717,0.0,0.0
2022-12-30 12:30:00-05:00,1.440000057220459,1.4500000476837158,1.4218000173568726,1.440000057220459,35489,0.0,0.0
2022-12-30 13:30:00-05:00,1.440000057220459,1.4622999429702759,1.4299999475479126,1.4601000547409058,19474,0.0,0.0
2022-12-30 14:30:00-05:00,1.465000033378601,1.5449999570846558,1.4600000381469727,1.5398999452590942,74635,0.0,0.0
2022-12-30 15:30:00-05:00,1.5399999618530273,1.559999942779541,1.5311000347137451,1.5499999523162842,33602,0.0,0.0
2023-01-03 09:30:00-05:00,1.5800000429153442,1.642699956893921,1.5700000524520874,1.5700000524520874,31435,0.0,0.0
2023-01-03 10:30:00-05:00,1.5700000524520874,1.5872000455856323,1.5063999891281128,1.5299999713897705,6913,0.0,0.0
2023-01-03 11:30:00-05:00,1.538699984550476,1.5398999452590942,1.4900000095367432,1.4900000095367432,8814,0.0,0.0
2023-01-03 12:30:00-05:00,1.499899983406067,1.499899983406067,1.4600000381469727,1.4700000286102295,11714,0.0,0.0
2023-01-03 13:30:00-05:00,1.465000033378601,1.4800000190734863,1.4600000381469727,1.4600000381469727,21381,0.0,0.0
2023-01-03 14:30:00-05:00,1.4600000381469727,1.4800000190734863,1.4600000381469727,1.4600000381469727,12026,0.0,0.0
2023-01-03 15:30:00-05:00,1.4700000286102295,1.4799000024795532,1.4299999475479126,1.4299999475479126,23679,0.0,0.0
2023-01-04 09:30:00-05:00,1.4500000476837158,1.5598000288009644,1.4500000476837158,1.5199999809265137,66925,0.0,0.0
2023-01-04 10:30:00-05:00,1.5298000574111938,1.5399999618530273,1.5289000272750854,1.5300999879837036,8793,0.0,0.0
2023-01-04 11:30:00-05:00,1.5399999618530273,1.5508999824523926,1.5399999618530273,1.5507999658584595,7448,0.0,0.0
2023-01-04 12:30:00-05:00,1.559999942779541,1.5800000429153442,1.5599000453948975,1.5700000524520874,18653,0.0,0.0
2023-01-04 13:30:00-05:00,1.5800000429153442,1.5800000429153442,1.5499999523162842,1.559999942779541,3516,0.0,0.0
2023-01-04 14:30:00-05:00,1.5499999523162842,1.5819000005722046,1.5499999523162842,1.5819000005722046,6248,0.0,0.0
2023-01-04 15:30:00-05:00,1.5808000564575195,1.5808000564575195,1.559999942779541,1.5800000429153442,4759,0.0,0.0
2023-01-05 09:30:00-05:00,1.5800000429153442,1.5800000429153442,1.5399999618530273,1.5750000476837158,2923,0.0,0.0
2023-01-05 10:30:00-05:00,1.5800000429153442,1.600000023841858,1.5299999713897705,1.559999942779541,39491,0.0,0.0
2023-01-05 11:30:00-05:00,1.559999942779541,1.5700000524520874,1.559999942779541,1.559999942779541,1946,0.0,0.0
2023-01-05 12:30:00-05:00,1.5612000226974487,1.5700000524520874,1.5612000226974487,1.5700000524520874,1577,0.0,0.0
2023-01-05 13:30:00-05:00,1.5712000131607056,1.5875999927520752,1.570099949836731,1.5875999927520752,1973,0.0,0.0
2023-01-05 14:30:00-05:00,1.5850000381469727,1.600000023841858,1.5700000524520874,1.600000023841858,9191,0.0,0.0
2023-01-05 15:30:00-05:00,1.5901999473571777,1.5994999408721924,1.590000033378601,1.590000033378601,3293,0.0,0.0
2023-01-06 09:30:00-05:00,1.5499999523162842,1.600000023841858,1.5400999784469604,1.600000023841858,36689,0.0,0.0
2023-01-06 10:30:00-05:00,1.6050000190734863,1.659999966621399,1.6050000190734863,1.6500999927520752,5116,0.0,0.0
2023-01-06 11:30:00-05:00,1.659999966621399,1.7062000036239624,1.6588000059127808,1.7000000476837158,13080,0.0,0.0
2023-01-06 12:30:00-05:00,1.690000057220459,1.6938999891281128,1.6799999475479126,1.6799999475479126,4835,0.0,0.0
2023-01-06 13:30:00-05:00,1.6749000549316406,1.6922999620437622,1.6299999952316284,1.6799999475479126,29140,0.0,0.0
2023-01-06 14:30:00-05:00,1.684999942779541,1.684999942779541,1.6200000047683716,1.6349999904632568,18608,0.0,0.0
2023-01-06 15:30:00-05:00,1.6299999952316284,1.6799999475479126,1.6299999952316284,1.649999976158142,11596,0.0,0.0
2023-01-09 09:30:00-05:00,1.6799999475479126,1.6899000406265259,1.6500999927520752,1.6799999475479126,22305,0.0,0.0
2023-01-09 10:30:00-05:00,1.690000057220459,1.75,1.6699999570846558,1.75,27735,0.0,0.0
2023-01-09 11:30:00-05:00,1.75,1.75,1.7200000286102295,1.7200000286102295,6462,0.0,0.0
2023-01-09 12:30:00-05:00,1.722100019454956,1.7400000095367432,1.7200000286102295,1.736899971961975,10621,0.0,0.0
2023-01-09 13:30:00-05:00,1.7300000190734863,1.75,1.7200000286102295,1.7200000286102295,9279,0.0,0.0
2023-01-09 14:30:00-05:00,1.7200000286102295,1.7300000190734863,1.659999966621399,1.659999966621399,19856,0.0,0.0
2023-01-09 15:30:00-05:00,1.6699999570846558,1.6799999475479126,1.659999966621399,1.6749999523162842,8372,0.0,0.0
2023-01-10 09:30:00-05:00,1.649999976158142,1.7400000095367432,1.6399999856948853,1.7000999450683594,5405,0.0,0.0
2023-01-10 10:30:00-05:00,1.707900047302246,1.7400000095367432,1.7000000476837158,1.73989999294281,6183,0.0,0.0
2023-01-10 11:30:00-05:00,1.7301000356674194,1.7700999975204468,1.7300000190734863,1.7649999856948853,11993,0.0,0.0
2023-01-10 12:30:00-05:00,1.7692999839782715,1.7700999975204468,1.7692999839782715,1.7699999809265137,3891,0.0,0.0
2023-01-10 13:30:00-05:00,1.7799999713897705,1.7799999713897705,1.7400000095367432,1.7608000040054321,15269,0.0,0.0
2023-01-10 14:30:00-05:00,1.7649999856948853,1.7899999618530273,1.7649999856948853,1.7818000316619873,6642,0.0,0.0
2023-01-10 15:30:00-05:00,1.7899999618530273,1.7899999618530273,1.7799999713897705,1.784999966621399,0,0.0,0.0
2023-01-11 09:30:00-05:00,1.690000057220459,1.7800999879837036,1.6413999795913696,1.7799999713897705,44369,0.0,0.0
2023-01-11 10:30:00-05:00,1.7872999906539917,1.8200000524520874,1.784500002861023,1.809999942779541,10149,0.0,0.0
2023-01-11 11:30:00-05:00,1.820099949836731,1.820099949836731,1.820099949836731,1.820099949836731,350,0.0,0.0
2023-01-11 12:30:00-05:00,1.840000033378601,1.840000033378601,1.8200000524520874,1.8200000524520874,1309,0.0,0.0
2023-01-11 13:30:00-05:00,1.8250999450683594,1.840000033378601,1.8200000524520874,1.820099949836731,5389,0.0,0.0
2023-01-11 14:30:00-05:00,1.8108999729156494,1.8186999559402466,1.7899999618530273,1.7949999570846558,15370,0.0,0.0
2023-01-11 15:30:00-05:00,1.7999999523162842,1.7999999523162842,1.7899999618530273,1.7999999523162842,6506,0.0,0.0
2023-01-12 09:30:00-05:00,1.840000033378601,1.840000033378601,1.7905999422073364,1.8200000524520874,9615,0.0,0.0
2023-01-12 10:30:00-05:00,1.8250000476837158,1.840000033378601,1.8250000476837158,1.840000033378601,11095,0.0,0.0
2023-01-12 11:30:00-05:00,1.8300000429153442,1.850000023841858,1.8300000429153442,1.8499000072479248,56930,0.0,0.0
2023-01-12 12:30:00-05:00,1.840000033378601,1.84089994430542,1.840000033378601,1.8401000499725342,5763,0.0,0.0
2023-01-12 13:30:00-05:00,1.8301000595092773,1.8350000381469727,1.8200000524520874,1.8200000524520874,7092,0.0,0.0
2023-01-12 14:30:00-05:00,1.823199987411499,1.823199987411499,1.7999999523162842,1.8200000524520874,7091,0.0,0.0
2023-01-12 15:30:00-05:00,1.8200000524520874,1.850000023841858,1.8200000524520874,1.8300000429153442,0,0.0,0.0
2023-01-13 09:30:00-05:00,1.8200000524520874,1.8899999856948853,1.8200000524520874,1.8899999856948853,20124,0.0,0.0
2023-01-13 10:30:00-05:00,1.8899999856948853,1.9700000286102295,1.8899999856948853,1.9700000286102295,12406,0.0,0.0
2023-01-13 11:30:00-05:00,1.9800000190734863,2.0,1.8300000429153442,1.8899999856948853,84211,0.0,0.0
2023-01-13 12:30:00-05:00,1.8799999952316284,1.940000057220459,1.8601000308990479,1.940000057220459,10994,0.0,0.0
2023-01-13 13:30:00-05:00,1.940000057220459,1.9700000286102295,1.940000057220459,1.940000057220459,3490,0.0,0.0
2023-01-13 14:30:00-05:00,1.9416999816894531,1.9416999816894531,1.9199999570846558,1.9200999736785889,9349,0.0,0.0
2023-01-13 15:30:00-05:00,1.9249999523162842,1.9249999523162842,1.8700000047683716,1.8700000047683716,9853,0.0,0.0
2023-01-17 09:30:00-05:00,1.8700000047683716,1.9042999744415283,1.8401000499725342,1.899999976158142,13899,0.0,0.0
2023-01-17 10:30:00-05:00,1.909999966621399,1.909999966621399,1.8722000122070312,1.878499984741211,15531,0.0,0.0
2023-01-17 11:30:00-05:00,1.8899999856948853,1.899999976158142,1.8700000047683716,1.8700000047683716,3417,0.0,0.0
2023-01-17 12:30:00-05:00,1.8707000017166138,1.8707000017166138,1.7400000095367432,1.8200000524520874,37117,0.0,0.0
2023-01-17 13:30:00-05:00,1.7999999523162842,1.8200000524520874,1.75,1.7899999618530273,16262,0.0,0.0
2023-01-17 14:30:00-05:00,1.7999999523162842,1.8300000429153442,1.7999999523162842,1.809999942779541,1321,0.0,0.0
2023-01-17 15:30:00-05:00,1.809999942779541,1.8299000263214111,1.809999942779541,1.8200000524520874,5624,0.0,0.0
2023-01-18 09:30:00-05:00,1.8200000524520874,1.8450000286102295,1.8200000524520874,1.8200000524520874,10796,0.0,0.0
2023-01-18 10:30:00-05:00,1.816499948501587,1.8200000524520874,1.7857999801635742,1.8049999475479126,4687,0.0,0.0
2023-01-18 11:30:00-05:00,1.7999999523162842,1.8099000453948975,1.691499948501587,1.7899999618530273,32803,0.0,0.0
2023-01-18 12:30:00-05:00,1.7799999713897705,1.7800999879837036,1.7200000286102295,1.7301000356674194,10995,0.0,0.0
2023-01-18 13:30:00-05:00,1.7300000190734863,1.75,1.7300000190734863,1.75,2280,0.0,0.0
2023-01-18 14:30:00-05:00,1.7400000095367432,1.7400000095367432,1.7276999950408936,1.7276999950408936,792,0.0,0.0
2023-01-18 15:30:00-05:00,1.7299000024795532,1.7299000024795532,1.690000057220459,1.690000057220459,6131,0.0,0.0
2023-01-19 09:30:00-05:00,1.690000057220459,1.690000057220459,1.659999966621399,1.6720000505447388,17037,0.0,0.0
2023-01-19 10:30:00-05:00,1.6799999475479126,1.6799999475479126,1.6100000143051147,1.6100000143051147,35835,0.0,0.0
2023-01-19 11:30:00-05:00,1.6399999856948853,1.6399999856948853,1.6349999904632568,1.6349999904632568,2143,0.0,0.0
2023-01-19 12:30:00-05:00,1.6360000371932983,1.6360000371932983,1.6360000371932983,1.6360000371932983,536,0.0,0.0
2023-01-19 13:30:00-05:00,1.6349999904632568,1.649999976158142,1.6349999904632568,1.6449999809265137,2589,0.0,0.0
2023-01-19 14:30:00-05:00,1.6399999856948853,1.6483999490737915,1.6349999904632568,1.6349999904632568,7878,0.0,0.0
2023-01-19 15:30:00-05:00,1.6301000118255615,1.6449999809265137,1.6301000118255615,1.6399999856948853,7504,0.0,0.0
2023-01-20 09:30:00-05:00,1.6699999570846558,1.7000000476837158,1.6699999570846558,1.6699999570846558,6217,0.0,0.0
2023-01-20 10:30:00-05:00,1.6886999607086182,1.6886999607086182,1.659999966621399,1.659999966621399,3369,0.0,0.0
2023-01-20 11:30:00-05:00,1.6598999500274658,1.659999966621399,1.6598999500274658,1.659999966621399,758,0.0,0.0
2023-01-20 12:30:00-05:00,1.649999976158142,1.649999976158142,1.6449999809265137,1.6449999809265137,2793,0.0,0.0
2023-01-20 13:30:00-05:00,1.6399999856948853,1.6699999570846558,1.6399999856948853,1.6699999570846558,7527,0.0,0.0
2023-01-20 14:30:00-05:00,1.6699999570846558,1.690000057220459,1.6699999570846558,1.690000057220459,7359,0.0,0.0
2023-01-20 15:30:00-05:00,1.6799999475479126,1.690000057220459,1.6799999475479126,1.6799999475479126,871,0.0,0.0
2023-01-23 09:30:00-05:00,1.6799999475479126,1.75,1.660099983215332,1.7350000143051147,21417,0.0,0.0
2023-01-23 10:30:00-05:00,1.7400000095367432,1.7400000095367432,1.715000033378601,1.7199000120162964,8665,0.0,0.0
2023-01-23 11:30:00-05:00,1.7200000286102295,1.7300000190734863,1.7000000476837158,1.7000000476837158,4977,0.0,0.0
2023-01-23 12:30:00-05:00,1.7200000286102295,1.7200000286102295,1.7200000286102295,1.7200000286102295,1407,0.0,0.0
2023-01-23 13:30:00-05:00,1.725000023841858,1.7400000095367432,1.7201000452041626,1.7400000095367432,2114,0.0,0.0
2023-01-23 14:30:00-05:00,1.7300000190734863,1.7300000190734863,1.7079999446868896,1.7079999446868896,3636,0.0,0.0
2023-01-23 15:30:00-05:00,1.7000000476837158,1.7100000381469727,1.7000000476837158,1.7000000476837158,1987,0.0,0.0
2023-01-24 09:30:00-05:00,1.7000000476837158,1.7301000356674194,1.659999966621399,1.7000999450683594,17816,0.0,0.0
2023-01-24 10:30:00-05:00,1.7000000476837158,1.7000000476837158,1.6900999546051025,1.7000000476837158,1615,0.0,0.0
2023-01-24 11:30:00-05:00,1.7199000120162964,1.7200000286102295,1.7100000381469727,1.7100000381469727,8615,0.0,0.0
2023-01-24 12:30:00-05:00,1.7000000476837158,1.7100000381469727,1.7000000476837158,1.7000000476837158,4386,0.0,0.0
2023-01-24 13:30:00-05:00,1.690000057220459,1.6950000524520874,1.6799999475479126,1.6799999475479126,2574,0.0,0.0
2023-01-24 14:30:00-05:00,1.684999942779541,1.7200000286102295,1.684999942779541,1.7050000429153442,17083,0.0,0.0
2023-01-24 15:30:00-05:00,1.6950000524520874,1.7075999975204468,1.690000057220459,1.7075999975204468,1835,0.0,0.0
2023-01-25 09:30:00-05:00,1.6799999475479126,1.7200000286102295,1.6799999475479126,1.7000000476837158,33874,0.0,0.0
2023-01-25 10:30:00-05:00,1.7000000476837158,1.7000000476837158,1.684999942779541,1.684999942779541,4546,0.0,0.0
2023-01-25 11:30:00-05:00,1.6800999641418457,1.7200000286102295,1.6800999641418457,1.7100000381469727,11330,0.0,0.0
2023-01-25 12:30:00-05:00,1.7200000286102295,1.725000023841858,1.7200000286102295,1.725000023841858,746,0.0,0.0
2023-01-25 13:30:00-05:00,1.7200000286102295,1.725000023841858,1.7106000185012817,1.7201000452041626,3310,0.0,0.0
2023-01-25 14:30:00-05:00,1.725000023841858,1.7293000221252441,1.7100000381469727,1.7100000381469727,2364,0.0,0.0
2023-01-25 15:30:00-05:00,1.715000033378601,1.7200000286102295,1.7100000381469727,1.7200000286102295,0,0.0,0.0
2023-01-26 09:30:00-05:00,1.75,1.7999999523162842,1.7217999696731567,1.7999999523162842,25049,0.0,0.0
2023-01-26 10:30:00-05:00,1.7906999588012695,1.7979999780654907,1.783400058746338,1.7979999780654907,6141,0.0,0.0
2023-01-26 11:30:00-05:00,1.7899999618530273,1.7999999523162842,1.7899999618530273,1.7907999753952026,3615,0.0,0.0
2023-01-26 12:30:00-05:00,1.7899999618530273,1.7973999977111816,1.7899999618530273,1.7973999977111816,536,0.0,0.0
2023-01-26 13:30:00-05:00,1.7899999618530273,1.7990000247955322,1.7899999618530273,1.7899999618530273,3059,0.0,0.0
2023-01-26 14:30:00-05:00,1.7799999713897705,1.7799999713897705,1.75,1.75,32302,0.0,0.0
2023-01-26 15:30:00-05:00,1.7655999660491943,1.7655999660491943,1.7400000095367432,1.75,6491,0.0,0.0
2023-01-27 09:30:00-05:00,1.7400000095367432,1.7999999523162842,1.7400000095367432,1.7699999809265137,8563,0.0,0.0
2023-01-27 10:30:00-05:00,1.7699999809265137,1.7699999809265137,1.7200000286102295,1.75,11737,0.0,0.0
2023-01-27 11:30:00-05:00,1.7599999904632568,1.7599999904632568,1.7599999904632568,1.7599999904632568,200,0.0,0.0
2023-01-27 12:30:00-05:00,1.7400000095367432,1.75,1.7200000286102295,1.7200000286102295,4917,0.0,0.0
2023-01-27 13:30:00-05:00,1.7400000095367432,1.75,1.7200000286102295,1.7200000286102295,18352,0.0,0.0
2023-01-27 14:30:00-05:00,1.7599999904632568,1.7599999904632568,1.7549999952316284,1.7599999904632568,1425,0.0,0.0
2023-01-27 15:30:00-05:00,1.7450000047683716,1.7450000047683716,1.7400000095367432,1.7400000095367432,451,0.0,0.0
2023-01-30 09:30:00-05:00,1.7599999904632568,1.7599999904632568,1.7000000476837158,1.75,29054,0.0,0.0
2023-01-30 10:30:00-05:00,1.7400000095367432,1.7400000095367432,1.672700047492981,1.7200000286102295,27413,0.0,0.0
2023-01-30 11:30:00-05:00,1.7300000190734863,1.735200047492981,1.7200000286102295,1.7200000286102295,1349,0.0,0.0
2023-01-30 12:30:00-05:00,1.7201000452041626,1.7300000190734863,1.7000000476837158,1.7050000429153442,4636,0.0,0.0
2023-01-30 13:30:00-05:00,1.7091000080108643,1.7091000080108643,1.690000057220459,1.6907000541687012,5729,0.0,0.0
2023-01-30 14:30:00-05:00,1.7000000476837158,1.7000000476837158,1.6799999475479126,1.690000057220459,3264,0.0,0.0
2023-01-30 15:30:00-05:00,1.6799999475479126,1.7599999904632568,1.6799999475479126,1.75,47591,0.0,0.0
2023-01-31 09:30:00-05:00,1.7300000190734863,1.7999999523162842,1.7300000190734863,1.7799999713897705,17236,0.0,0.0
2023-01-31 10:30:00-05:00,1.7899999618530273,1.7899999618530273,1.7529000043869019,1.7599999904632568,7006,0.0,0.0
2023-01-31 11:30:00-05:00,1.7599999904632568,1.7699999809265137,1.75,1.7599999904632568,9397,0.0,0.0
2023-01-31 12:30:00-05:00,1.7599999904632568,1.7699999809265137,1.7511999607086182,1.7599999904632568,7734,0.0,0.0
2023-01-31 13:30:00-05:00,1.7599999904632568,1.8200000524520874,1.7549999952316284,1.8200000524520874,17852,0.0,0.0
2023-01-31 14:30:00-05:00,1.8200000524520874,1.8300000429153442,1.7900999784469604,1.8200000524520874,24202,0.0,0.0
2023-01-31 15:30:00-05:00,1.8300000429153442,1.840000033378601,1.8200000524520874,1.8301000595092773,12760,0.0,0.0
2023-02-01 09:30:00-05:00,1.7400000095367432,1.850000023841858,1.7400000095367432,1.848099946975708,11196,0.0,0.0
2023-02-01 10:30:00-05:00,1.8300000429153442,1.8300000429153442,1.7100000381469727,1.7300000190734863,9395,0.0,0.0
2023-02-01 11:30:00-05:00,1.75,1.8799999952316284,1.7400000095367432,1.7899999618530273,29975,0.0,0.0
2023-02-01 12:30:00-05:00,1.7899999618530273,1.7899999618530273,1.6799999475479126,1.7200000286102295,19744,0.0,0.0
2023-02-01 13:30:00-05:00,1.7000000476837158,1.7300000190734863,1.7000000476837158,1.7199000120162964,10541,0.0,0.0
2023-02-01 14:30:00-05:00,1.7100000381469727,1.739400029182434,1.690000057220459,1.7030999660491943,24606,0.0,0.0
2023-02-01 15:30:00-05:00,1.7000000476837158,1.7299000024795532,1.7000000476837158,1.7000000476837158,20242,0.0,0.0
2023-02-02 09:30:00-05:00,1.7100000381469727,1.7599999904632568,1.7100000381469727,1.7400000095367432,27845,0.0,0.0
2023-02-02 10:30:00-05:00,1.75,1.7799999713897705,1.75,1.7799999713897705,15203,0.0,0.0
2023-02-02 11:30:00-05:00,1.774999976158142,1.7898999452590942,1.76010000705719,1.774999976158142,11966,0.0,0.0
2023-02-02 12:30:00-05:00,1.7854000329971313,1.7914999723434448,1.732300043106079,1.7400000095367432,19457,0.0,0.0
2023-02-02 13:30:00-05:00,1.75,1.7699999809265137,1.7100000381469727,1.7200000286102295,10590,0.0,0.0
2023-02-02 14:30:00-05:00,1.7396999597549438,1.7396999597549438,1.7350000143051147,1.7350000143051147,2316,0.0,0.0
2023-02-02 15:30:00-05:00,1.738800048828125,1.7400000095367432,1.7300000190734863,1.7400000095367432,1484,0.0,0.0
2023-02-03 09:30:00-05:00,1.7300000190734863,1.7300000190734863,1.7000000476837158,1.7100000381469727,0,0.0,0.0
2023-02-03 10:30:00-05:00,1.722000002861023,1.7300000190734863,1.7000000476837158,1.7000999450683594,12274,0.0,0.0
2023-02-03 11:30:00-05:00,1.722100019454956,1.7359999418258667,1.715000033378601,1.7201000452041626,11194,0.0,0.0
2023-02-03 12:30:00-05:00,1.7200000286102295,1.7300000190734863,1.7100000381469727,1.7300000190734863,4065,0.0,0.0
2023-02-03 13:30:00-05:00,1.7201000452041626,1.721500039100647,1.7100000381469727,1.7200000286102295,4795,0.0,0.0
2023-02-03 14:30:00-05:00,1.7100000381469727,1.7100000381469727,1.694000005722046,1.7000000476837158,8295,0.0,0.0
2023-02-03 15:30:00-05:00,1.6950000524520874,1.6964999437332153,1.690000057220459,1.690000057220459,2972,0.0,0.0
2023-02-06 09:30:00-05:00,1.649999976158142,1.6799999475479126,1.600000023841858,1.6466000080108643,45915,0.0,0.0
2023-02-06 10:30:00-05:00,1.6299999952316284,1.649999976158142,1.600000023841858,1.6211999654769897,33752,0.0,0.0
2023-02-06 11:30:00-05:00,1.649999976158142,1.649999976158142,1.600000023841858,1.600000023841858,11949,0.0,0.0
2023-02-06 12:30:00-05:00,1.6100000143051147,1.6200000047683716,1.600000023841858,1.6150000095367432,7137,0.0,0.0
2023-02-06 13:30:00-05:00,1.6119999885559082,1.6200000047683716,1.6100000143051147,1.6103999614715576,6479,0.0,0.0
2023-02-06 14:30:00-05:00,1.6100000143051147,1.6200000047683716,1.6100000143051147,1.6150000095367432,3892,0.0,0.0
2023-02-06 15:30:00-05:00,1.618299961090088,1.6200000047683716,1.600000023841858,1.6198999881744385,0,0.0,0.0
2023-02-07 09:30:00-05:00,1.559999942779541,1.6100000143051147,1.559999942779541,1.5800000429153442,34492,0.0,0.0
2023-02-07 10:30:00-05:00,1.5800000429153442,1.590000033378601,1.5700000524520874,1.5800000429153442,2607,0.0,0.0
2023-02-07 11:30:00-05:00,1.600000023841858,1.600000023841858,1.5800000429153442,1.5800000429153442,5195,0.0,0.0
2023-02-07 12:30:00-05:00,1.5800000429153442,1.590000033378601,1.559999942779541,1.5850000381469727,8610,0.0,0.0
2023-02-07 13:30:00-05:00,1.5850000381469727,1.590000033378601,1.5700000524520874,1.5850000381469727,4436,0.0,0.0
2023-02-07 14:30:00-05:00,1.5866999626159668,1.590000033378601,1.5700000524520874,1.589900016784668,10727,0.0,0.0
2023-02-07 15:30:00-05:00,1.590000033378601,1.590000033378601,1.5700000524520874,1.5700000524520874,7718,0.0,0.0
2023-02-08 09:30:00-05:00,1.5700000524520874,1.6299999952316284,1.559999942779541,1.559999942779541,26208,0.0,0.0
2023-02-08 10:30:00-05:00,1.5700000524520874,1.593500018119812,1.5437999963760376,1.5825999975204468,27420,0.0,0.0
2023-02-08 11:30:00-05:00,1.6098999977111816,1.6098999977111816,1.600000023841858,1.600000023841858,701,0.0,0.0
2023-02-08 12:30:00-05:00,1.6023999452590942,1.6100000143051147,1.600000023841858,1.6007000207901,4154,0.0,0.0
2023-02-08 13:30:00-05:00,1.6098999977111816,1.6100000143051147,1.600100040435791,1.6100000143051147,2537,0.0,0.0
2023-02-08 14:30:00-05:00,1.6019999980926514,1.6100000143051147,1.600000023841858,1.600000023841858,3660,0.0,0.0
2023-02-08 15:30:00-05:00,1.6009999513626099,1.6100000143051147,1.600000023841858,1.600100040435791,3656,0.0,0.0
2023-02-09 09:30:00-05:00,1.590000033378601,1.6299999952316284,1.5820000171661377,1.6002000570297241,6100,0.0,0.0
2023-02-09 10:30:00-05:00,1.5901999473571777,1.5901999473571777,1.590000033378601,1.590000033378601,2119,0.0,0.0
2023-02-09 11:30:00-05:00,1.5800000429153442,1.5800000429153442,1.5299999713897705,1.5499999523162842,7629,0.0,0.0
2023-02-09 12:30:00-05:00,1.5570000410079956,1.559999942779541,1.5499999523162842,1.559999942779541,9538,0.0,0.0
2023-02-09 13:30:00-05:00,1.5549999475479126,1.5699000358581543,1.551800012588501,1.559999942779541,6915,0.0,0.0
2023-02-09 14:30:00-05:00,1.565600037574768,1.5700000524520874,1.548799991607666,1.5498000383377075,15211,0.0,0.0
2023-02-09 15:30:00-05:00,1.5462000370025635,1.5499999523162842,1.5399999618530273,1.5399999618530273,15265,0.0,0.0
2023-02-10 09:30:00-05:00,1.559999942779541,1.590000033378601,1.559999942779541,1.5600999593734741,7115,0.0,0.0
2023-02-10 10:30:00-05:00,1.559999942779541,1.5800000429153442,1.55840003490448,1.5750000476837158,6567,0.0,0.0
2023-02-10 11:30:00-05:00,1.5710999965667725,1.5710999965667725,1.5700000524520874,1.5700000524520874,1019,0.0,0.0
2023-02-10 12:30:00-05:00,1.5750000476837158,1.5800000429153442,1.5700000524520874,1.5750000476837158,4370,0.0,0.0
2023-02-10 13:30:00-05:00,1.5750999450683594,1.5800000429153442,1.5700000524520874,1.5760999917984009,9375,0.0,0.0
2023-02-10 14:30:00-05:00,1.5800000429153442,1.5800000429153442,1.5700000524520874,1.5750000476837158,4076,0.0,0.0
2023-02-10 15:30:00-05:00,1.5784000158309937,1.5800000429153442,1.573199987411499,1.5800000429153442,12801,0.0,0.0
2023-02-13 09:30:00-05:00,1.590000033378601,1.590000033378601,1.562999963760376,1.5800000429153442,0,0.0,0.0
2023-02-13 10:30:00-05:00,1.579800009727478,1.5800000429153442,1.5793999433517456,1.5793999433517456,4106,0.0,0.0
2023-02-13 11:30:00-05:00,1.5700000524520874,1.5700000524520874,1.559999942779541,1.5687999725341797,2424,0.0,0.0
2023-02-13 12:30:00-05:00,1.565000057220459,1.5700000524520874,1.559999942779541,1.5700000524520874,2500,0.0,0.0
2023-02-13 13:30:00-05:00,1.5693999528884888,1.5700000524520874,1.559999942779541,1.5700000524520874,7581,0.0,0.0
2023-02-13 14:30:00-05:00,1.5700000524520874,1.5700000524520874,1.5600999593734741,1.5700000524520874,4497,0.0,0.0
2023-02-13 15:30:00-05:00,1.5700000524520874,1.5700000524520874,1.559999942779541,1.5700000524520874,2145,0.0,0.0
2023-02-14 09:30:00-05:00,1.559999942779541,1.6267000436782837,1.5399999618530273,1.6267000436782837,39813,0.0,0.0
2023-02-14 10:30:00-05:00,1.6200000047683716,1.6298999786376953,1.600000023841858,1.6050000190734863,8545,0.0,0.0
2023-02-14 11:30:00-05:00,1.6088999509811401,1.6088999509811401,1.5800000429153442,1.5800000429153442,1623,0.0,0.0
2023-02-14 12:30:00-05:00,1.5700000524520874,1.589900016784668,1.5600999593734741,1.589900016784668,13692,0.0,0.0
2023-02-14 13:30:00-05:00,1.5801000595092773,1.5885000228881836,1.570099949836731,1.5779999494552612,2496,0.0,0.0
2023-02-14 14:30:00-05:00,1.562999963760376,1.5800000429153442,1.5549999475479126,1.55649995803833,4164,0.0,0.0
2023-02-14 15:30:00-05:00,1.559999942779541,1.559999942779541,1.5499999523162842,1.5499999523162842,6569,0.0,0.0
2023-02-15 09:30:00-05:00,1.5499999523162842,1.5801000595092773,1.5369999408721924,1.5700000524520874,2887,0.0,0.0
2023-02-15 10:30:00-05:00,1.5499999523162842,1.5800000429153442,1.5476000308990479,1.562999963760376,9303,0.0,0.0
2023-02-15 11:30:00-05:00,1.5716999769210815,1.5800000429153442,1.5700000524520874,1.5800000429153442,2869,0.0,0.0
2023-02-15 12:30:00-05:00,1.5800000429153442,1.600000023841858,1.5800000429153442,1.5922000408172607,4257,0.0,0.0
2023-02-15 13:30:00-05:00,1.5810999870300293,1.600000023841858,1.5810999870300293,1.590000033378601,986,0.0,0.0
2023-02-15 14:30:00-05:00,1.594499945640564,1.594499945640564,1.594499945640564,1.594499945640564,544,0.0,0.0
2023-02-15 15:30:00-05:00,1.590000033378601,1.6100000143051147,1.590000033378601,1.6100000143051147,2005,0.0,0.0
2023-02-16 09:30:00-05:00,1.5700000524520874,1.5850000381469727,1.5700000524520874,1.5774999856948853,2572,0.0,0.0
2023-02-16 10:30:00-05:00,1.5700000524520874,1.5800000429153442,1.5700000524520874,1.5800000429153442,2347,0.0,0.0
2023-02-16 11:30:00-05:00,1.5891000032424927,1.589900016784668,1.5800000429153442,1.589900016784668,5863,0.0,0.0
2023-02-16 12:30:00-05:00,1.5850000381469727,1.590000033378601,1.5800000429153442,1.5800000429153442,2858,0.0,0.0
2023-02-16 13:30:00-05:00,1.570099949836731,1.5800000429153442,1.570099949836731,1.5800000429153442,1603,0.0,0.0
2023-02-16 14:30:00-05:00,1.5700000524520874,1.5700000524520874,1.5449999570846558,1.5585999488830566,6129,0.0,0.0
2023-02-16 15:30:00-05:00,1.5499999523162842,1.559999942779541,1.5399999618530273,1.5399999618530273,5424,0.0,0.0
2023-02-17 09:30:00-05:00,1.5299999713897705,1.5700000524520874,1.5299999713897705,1.5499999523162842,2696,0.0,0.0
2023-02-17 10:30:00-05:00,1.5570000410079956,1.5579999685287476,1.5440000295639038,1.5440000295639038,948,0.0,0.0
2023-02-17 11:30:00-05:00,1.5542999505996704,1.559999942779541,1.5499999523162842,1.559999942779541,822,0.0,0.0
2023-02-17 12:30:00-05:00,1.5599000453948975,1.5700000524520874,1.5297000408172607,1.5297000408172607,31670,0.0,0.0
2023-02-17 13:30:00-05:00,1.5399999618530273,1.5399999618530273,1.5399999618530273,1.5399999618530273,847,0.0,0.0
2023-02-17 14:30:00-05:00,1.5399999618530273,1.5478999614715576,1.5299999713897705,1.5321999788284302,8545,0.0,0.0
2023-02-17 15:30:00-05:00,1.5399999618530273,1.5449999570846558,1.5299999713897705,1.5299999713897705,3734,0.0,0.0
2023-02-21 09:30:00-05:00,1.5499999523162842,1.590000033378601,1.5477999448776245,1.5819000005722046,11648,0.0,0.0
2023-02-21 10:30:00-05:00,1.5708999633789062,1.590000033378601,1.5399999618530273,1.5462000370025635,14128,0.0,0.0
2023-02-21 11:30:00-05:00,1.569000005722046,1.5700000524520874,1.5321999788284302,1.5499999523162842,11816,0.0,0.0
2023-02-21 12:30:00-05:00,1.559999942779541,1.5700000524520874,1.5499999523162842,1.559999942779541,2213,0.0,0.0
2023-02-21 13:30:00-05:00,1.5700000524520874,1.5700000524520874,1.5400999784469604,1.5449999570846558,17332,0.0,0.0
2023-02-21 14:30:00-05:00,1.5499999523162842,1.5700000524520874,1.5499999523162842,1.559999942779541,6849,0.0,0.0
2023-02-21 15:30:00-05:00,1.559999942779541,1.5700000524520874,1.5400999784469604,1.5499999523162842,4996,0.0,0.0
2023-02-22 09:30:00-05:00,1.5399999618530273,1.559999942779541,1.5299999713897705,1.5300999879837036,2898,0.0,0.0
2023-02-22 10:30:00-05:00,1.5326000452041626,1.5399999618530273,1.5299999713897705,1.5318000316619873,2933,0.0,0.0
2023-02-22 11:30:00-05:00,1.5299999713897705,1.534999966621399,1.5299999713897705,1.534999966621399,1468,0.0,0.0
2023-02-22 12:30:00-05:00,1.5218000411987305,1.5499999523162842,1.5218000411987305,1.5499999523162842,2260,0.0,0.0
2023-02-22 13:30:00-05:00,1.5399999618530273,1.5499999523162842,1.5399999618530273,1.5499999523162842,3201,0.0,0.0
2023-02-22 14:30:00-05:00,1.5499000549316406,1.5499999523162842,1.524999976158142,1.5499999523162842,5893,0.0,0.0
2023-02-22 15:30:00-05:00,1.5199999809265137,1.5299999713897705,1.5199999809265137,1.5199999809265137,2667,0.0,0.0
2023-02-23 09:30:00-05:00,1.5,1.5800000429153442,1.5,1.5449999570846558,0,0.0,0.0
2023-02-23 10:30:00-05:00,1.5499999523162842,1.5592999458312988,1.5099999904632568,1.5399999618530273,2029,0.0,0.0
2023-02-23 11:30:00-05:00,1.5099999904632568,1.5299999713897705,1.5099999904632568,1.5299999713897705,996,0.0,0.0
2023-02-23 12:30:00-05:00,1.5247999429702759,1.5299999713897705,1.5247999429702759,1.5299999713897705,229,0.0,0.0
2023-02-23 13:30:00-05:00,1.5119999647140503,1.5549999475479126,1.5119999647140503,1.5549999475479126,3422,0.0,0.0
2023-02-23 14:30:00-05:00,1.559999942779541,1.5622999668121338,1.5099999904632568,1.51010000705719,20337,0.0,0.0
2023-02-23 15:30:00-05:00,1.5099999904632568,1.5299999713897705,1.5,1.5,14325,0.0,0.0
2023-02-24 09:30:00-05:00,1.5299999713897705,1.559999942779541,1.5,1.5399999618530273,8781,0.0,0.0
2023-02-24 10:30:00-05:00,1.5499999523162842,1.5499999523162842,1.5299999713897705,1.5299999713897705,216,0.0,0.0
2023-02-24 11:30:00-05:00,1.5299999713897705,1.5299999713897705,1.5299999713897705,1.5299999713897705,270,0.0,0.0
2023-02-24 12:30:00-05:00,1.5199999809265137,1.5399999618530273,1.5199999809265137,1.5399999618530273,7019,0.0,0.0
2023-02-24 13:30:00-05:00,1.51010000705719,1.5199999809265137,1.51010000705719,1.5149999856948853,1115,0.0,0.0
2023-02-24 14:30:00-05:00,1.5099999904632568,1.5299999713897705,1.5,1.5099999904632568,7386,0.0,0.0
2023-02-24 15:30:00-05:00,1.5,1.5,1.4600000381469727,1.475000023841858,14419,0.0,0.0
2023-02-27 09:30:00-05:00,1.4700000286102295,1.5399999618530273,1.4700000286102295,1.5399999618530273,3329,0.0,0.0
2023-02-27 10:30:00-05:00,1.4905999898910522,1.5299999713897705,1.4905999898910522,1.5299999713897705,1266,0.0,0.0
2023-02-27 11:30:00-05:00,1.5006999969482422,1.5099999904632568,1.500100016593933,1.5049999952316284,2474,0.0,0.0
2023-02-27 12:30:00-05:00,1.5099999904632568,1.5099999904632568,1.4800000190734863,1.5099999904632568,3694,0.0,0.0
2023-02-27 13:30:00-05:00,1.486199975013733,1.5299999713897705,1.486199975013733,1.5299999713897705,1269,0.0,0.0
2023-02-27 14:30:00-05:00,1.5099999904632568,1.5199999809265137,1.5099999904632568,1.5199999809265137,327,0.0,0.0
2023-02-27 15:30:00-05:00,1.5099999904632568,1.5099999904632568,1.4700000286102295,1.4700000286102295,0,0.0,0.0
2023-02-28 09:30:00-05:00,1.4800000190734863,1.590000033378601,1.4800000190734863,1.590000033378601,7918,0.0,0.0
2023-02-28 10:30:00-05:00,1.590000033378601,1.590000033378601,1.5800000429153442,1.5800000429153442,1607,0.0,0.0
2023-02-28 11:30:00-05:00,1.559999942779541,1.5600999593734741,1.5499999523162842,1.5499999523162842,2737,0.0,0.0
2023-02-28 12:30:00-05:00,1.5449999570846558,1.5700000524520874,1.5449999570846558,1.5700000524520874,2761,0.0,0.0
2023-02-28 13:30:00-05:00,1.559999942779541,1.5800000429153442,1.559999942779541,1.5707999467849731,467,0.0,0.0
2023-02-28 14:30:00-05:00,1.5499999523162842,1.5700000524520874,1.5,1.5049999952316284,18264,0.0,0.0
2023-02-28 15:30:00-05:00,1.5049999952316284,1.5099999904632568,1.4800000190734863,1.4800000190734863,9430,0.0,0.0
2023-03-01 09:30:00-05:00,1.600000023841858,1.8600000143051147,1.590000033378601,1.7999999523162842,187483,0.0,0.0
2023-03-01 10:30:00-05:00,1.7400000095367432,1.899999976158142,1.7400000095367432,1.8801000118255615,112173,0.0,0.0
2023-03-01 11:30:00-05:00,1.8799999952316284,2.0,1.850100040435791,1.899899959564209,284646,0.0,0.0
2023-03-01 12:30:00-05:00,1.8899999856948853,1.9299999475479126,1.7699999809265137,1.820099949836731,98681,0.0,0.0
2023-03-01 13:30:00-05:00,1.8200000524520874,1.8600000143051147,1.8200000524520874,1.840000033378601,45606,0.0,0.0
2023-03-01 14:30:00-05:00,1.840000033378601,1.850000023841858,1.7599999904632568,1.7799999713897705,66920,0.0,0.0
2023-03-01 15:30:00-05:00,1.7799999713897705,1.7867000102996826,1.7000000476837158,1.75,69217,0.0,0.0
2023-03-02 09:30:00-05:00,1.75,1.882599949836731,1.6699999570846558,1.8630000352859497,72268,0.0,0.0
2023-03-02 10:30:00-05:00,1.8661999702453613,1.8700000047683716,1.7599999904632568,1.8000999689102173,37800,0.0,0.0
2023-03-02 11:30:00-05:00,1.809999942779541,1.809999942779541,1.7899999618530273,1.8071999549865723,11583,0.0,0.0
2023-03-02 12:30:00-05:00,1.7899999618530273,1.8200000524520874,1.7699999809265137,1.8200000524520874,1417,0.0,0.0
2023-03-02 13:30:00-05:00,1.7899999618530273,1.7960000038146973,1.76010000705719,1.7782000303268433,6260,0.0,0.0
2023-03-02 14:30:00-05:00,1.7699999809265137,1.778499960899353,1.7400000095367432,1.7497999668121338,26166,0.0,0.0
2023-03-02 15:30:00-05:00,1.7374000549316406,1.75,1.7300000190734863,1.7300000190734863,0,0.0,0.0
2023-03-03 09:30:00-05:00,1.7300000190734863,1.7790000438690186,1.7000000476837158,1.7200000286102295,15063,0.0,0.0
2023-03-03 10:30:00-05:00,1.7200000286102295,1.7200000286102295,1.600000023841858,1.6779999732971191,40372,0.0,0.0
2023-03-03 11:30:00-05:00,1.6820000410079956,1.6919000148773193,1.6799999475479126,1.690000057220459,4623,0.0,0.0
2023-03-03 12:30:00-05:00,1.6800999641418457,1.6970000267028809,1.659999966621399,1.6729999780654907,7812,0.0,0.0
2023-03-03 13:30:00-05:00,1.6799999475479126,1.7100000381469727,1.6799999475479126,1.7000000476837158,5031,0.0,0.0
2023-03-03 14:30:00-05:00,1.7200000286102295,1.7512999773025513,1.7037999629974365,1.7512999773025513,43452,0.0,0.0
2023-03-03 15:30:00-05:00,1.75,1.7898999452590942,1.7400000095367432,1.7400000095367432,28609,0.0,0.0
2023-03-06 09:30:00-05:00,1.7799999713897705,1.7899999618530273,1.7519999742507935,1.76010000705719,13267,0.0,0.0
2023-03-06 10:30:00-05:00,1.76010000705719,1.76010000705719,1.7301000356674194,1.7400000095367432,7465,0.0,0.0
2023-03-06 11:30:00-05:00,1.7300000190734863,1.7350000143051147,1.7300000190734863,1.7350000143051147,803,0.0,0.0
2023-03-06 12:30:00-05:00,1.7350000143051147,1.7350000143051147,1.7000000476837158,1.7000000476837158,4446,0.0,0.0
2023-03-06 13:30:00-05:00,1.7200000286102295,1.73989999294281,1.6799999475479126,1.690000057220459,11344,0.0,0.0
2023-03-06 14:30:00-05:00,1.7141000032424927,1.7141000032424927,1.690000057220459,1.6900999546051025,7800,0.0,0.0
2023-03-06 15:30:00-05:00,1.690000057220459,1.7000000476837158,1.659999966621399,1.659999966621399,6716,0.0,0.0
2023-03-07 09:30:00-05:00,1.6699999570846558,1.7050000429153442,1.6699999570846558,1.7000000476837158,5116,0.0,0.0
2023-03-07 10:30:00-05:00,1.690000057220459,1.6929999589920044,1.684999942779541,1.6929999589920044,2598,0.0,0.0
2023-03-07 11:30:00-05:00,1.690000057220459,1.767899990081787,1.690000057220459,1.767899990081787,12827,0.0,0.0
2023-03-07 12:30:00-05:00,1.7999999523162842,1.809999942779541,1.7700999975204468,1.771399974822998,9471,0.0,0.0
2023-03-07 13:30:00-05:00,1.7799999713897705,1.7799999713897705,1.7100000381469727,1.7300000190734863,17078,0.0,0.0
2023-03-07 14:30:00-05:00,1.7300000190734863,1.7300000190734863,1.7200000286102295,1.7300000190734863,2291,0.0,0.0
2023-03-07 15:30:00-05:00,1.7200000286102295,1.7300000190734863,1.690000057220459,1.690000057220459,0,0.0,0.0
2023-03-08 09:30:00-05:00,1.7100000381469727,1.7100000381469727,1.6799999475479126,1.684999942779541,8786,0.0,0.0
2023-03-08 10:30:00-05:00,1.659999966621399,1.6978000402450562,1.659999966621399,1.690000057220459,5424,0.0,0.0
2023-03-08 11:30:00-05:00,1.6934000253677368,1.6999000310897827,1.6603000164031982,1.6999000310897827,13903,0.0,0.0
2023-03-08 12:30:00-05:00,1.686400055885315,1.687999963760376,1.658400058746338,1.660099983215332,4056,0.0,0.0
2023-03-08 13:30:00-05:00,1.6756000518798828,1.6756000518798828,1.6699999570846558,1.6699999570846558,1440,0.0,0.0
2023-03-08 14:30:00-05:00,1.65910005569458,1.6699999570846558,1.649999976158142,1.659999966621399,6567,0.0,0.0
2023-03-08 15:30:00-05:00,1.659999966621399,1.659999966621399,1.6399999856948853,1.6399999856948853,2862,0.0,0.0
2023-03-09 09:30:00-05:00,1.6200000047683716,1.659999966621399,1.6200000047683716,1.659999966621399,4669,0.0,0.0
2023-03-09 10:30:00-05:00,1.6399999856948853,1.6698999404907227,1.6299999952316284,1.6584999561309814,1753,0.0,0.0
2023-03-09 11:30:00-05:00,1.6668000221252441,1.6699999570846558,1.6552000045776367,1.6699999570846558,3847,0.0,0.0
2023-03-09 12:30:00-05:00,1.6699999570846558,1.6699999570846558,1.6527999639511108,1.6527999639511108,595,0.0,0.0
2023-03-09 13:30:00-05:00,1.6749000549316406,1.6749000549316406,1.6100000143051147,1.6100000143051147,5307,0.0,0.0
2023-03-09 14:30:00-05:00,1.6100000143051147,1.6299999952316284,1.4950000047683716,1.5,73558,0.0,0.0
2023-03-09 15:30:00-05:00,1.538699984550476,1.5499999523162842,1.5199999809265137,1.5499999523162842,5593,0.0,0.0
2023-03-10 09:30:00-05:00,1.5499999523162842,1.5499999523162842,1.409999966621399,1.4199999570846558,23088,0.0,0.0
2023-03-10 10:30:00-05:00,1.4200999736785889,1.4399000406265259,1.399999976158142,1.4199999570846558,31985,0.0,0.0
2023-03-10 11:30:00-05:00,1.4199999570846558,1.4399000406265259,1.409999966621399,1.4399000406265259,19082,0.0,0.0
2023-03-10 12:30:00-05:00,1.434999942779541,1.434999942779541,1.3580000400543213,1.3580000400543213,75614,0.0,0.0
2023-03-10 13:30:00-05:00,1.399999976158142,1.399999976158142,1.3401000499725342,1.3499000072479248,47200,0.0,0.0
2023-03-10 14:30:00-05:00,1.3493000268936157,1.3600000143051147,1.3350000381469727,1.3523000478744507,32410,0.0,0.0
2023-03-10 15:30:00-05:00,1.3301000595092773,1.3580000400543213,1.3300000429153442,1.340000033378601,11600,0.0,0.0
2023-03-13 09:30:00-04:00,1.3300000429153442,1.3899999856948853,1.2999999523162842,1.309999942779541,20801,0.0,0.0
2023-03-13 10:30:00-04:00,1.309999942779541,1.309999942779541,1.2400000095367432,1.2904000282287598,109644,0.0,0.0
2023-03-13 11:30:00-04:00,1.309999942779541,1.309999942779541,1.2920000553131104,1.2979999780654907,20808,0.0,0.0
2023-03-13 12:30:00-04:00,1.292799949645996,1.2999999523162842,1.2848999500274658,1.2984000444412231,4571,0.0,0.0
2023-03-13 13:30:00-04:00,1.2899999618530273,1.2899999618530273,1.2799999713897705,1.2898999452590942,4985,0.0,0.0
2023-03-13 14:30:00-04:00,1.2899999618530273,1.2999999523162842,1.2799999713897705,1.2799999713897705,14437,0.0,0.0
2023-03-13 15:30:00-04:00,1.2799999713897705,1.2999999523162842,1.2799999713897705,1.2920000553131104,10884,0.0,0.0
2023-03-14 09:30:00-04:00,1.3200000524520874,1.394700050354004,1.3200000524520874,1.3600000143051147,5406,0.0,0.0
2023-03-14 10:30:00-04:00,1.3700000047683716,1.399899959564209,1.3600000143051147,1.399899959564209,17105,0.0,0.0
2023-03-14 11:30:00-04:00,1.3799999952316284,1.399899959564209,1.3700000047683716,1.3799999952316284,7990,0.0,0.0
2023-03-14 12:30:00-04:00,1.3701000213623047,1.3899999856948853,1.3700000047683716,1.3799999952316284,2358,0.0,0.0
2023-03-14 13:30:00-04:00,1.3700000047683716,1.3899999856948853,1.3600000143051147,1.3650000095367432,5521,0.0,0.0
2023-03-14 14:30:00-04:00,1.3650000095367432,1.367900013923645,1.3600000143051147,1.3600000143051147,5786,0.0,0.0
2023-03-14 15:30:00-04:00,1.3600000143051147,1.3700000047683716,1.309999942779541,1.309999942779541,14596,0.0,0.0
2023-03-15 09:30:00-04:00,1.2799999713897705,1.2999999523162842,1.25,1.2899999618530273,13859,0.0,0.0
2023-03-15 10:30:00-04:00,1.2949999570846558,1.3099000453948975,1.2949999570846558,1.2999999523162842,6132,0.0,0.0
2023-03-15 11:30:00-04:00,1.2999999523162842,1.3086999654769897,1.2899999618530273,1.3086999654769897,1326,0.0,0.0
2023-03-15 12:30:00-04:00,1.291599988937378,1.2999999523162842,1.291599988937378,1.2999999523162842,1039,0.0,0.0
2023-03-15 13:30:00-04:00,1.309999942779541,1.3200000524520874,1.3049999475479126,1.3200000524520874,4219,0.0,0.0
2023-03-15 14:30:00-04:00,1.3300000429153442,1.3300000429153442,1.2899999618530273,1.298799991607666,14663,0.0,0.0
2023-03-15 15:30:00-04:00,1.2949999570846558,1.2949999570846558,1.2799999713897705,1.2799999713897705,1260,0.0,0.0
2023-03-16 09:30:00-04:00,1.2699999809265137,1.2899999618530273,1.25,1.284999966621399,12790,0.0,0.0
2023-03-16 10:30:00-04:00,1.2799999713897705,1.2899999618530273,1.2599999904632568,1.2899999618530273,3011,0.0,0.0
2023-03-16 11:30:00-04:00,1.309999942779541,1.309999942779541,1.309999942779541,1.309999942779541,238,0.0,0.0
2023-03-16 12:30:00-04:00,1.3066999912261963,1.309999942779541,1.2900999784469604,1.2999999523162842,6324,0.0,0.0
2023-03-16 13:30:00-04:00,1.3092999458312988,1.309999942779541,1.2999999523162842,1.2999999523162842,1462,0.0,0.0
2023-03-16 14:30:00-04:00,1.2899999618530273,1.2900999784469604,1.2899999618530273,1.2900999784469604,404,0.0,0.0
2023-03-16 15:30:00-04:00,1.29830002784729,1.29830002784729,1.2699999809265137,1.2699999809265137,12544,0.0,0.0
2023-03-17 09:30:00-04:00,1.2599999904632568,1.2799999713897705,1.2599999904632568,1.26010000705719,831,0.0,0.0
2023-03-17 10:30:00-04:00,1.2848000526428223,1.2890000343322754,1.2800999879837036,1.2890000343322754,1533,0.0,0.0
2023-03-17 11:30:00-04:00,1.2799999713897705,1.2799999713897705,1.2599999904632568,1.2799999713897705,2712,0.0,0.0
2023-03-17 12:30:00-04:00,1.2798999547958374,1.2899999618530273,1.2798999547958374,1.2899999618530273,1501,0.0,0.0
2023-03-17 13:30:00-04:00,1.2899999618530273,1.2984000444412231,1.2890000343322754,1.2900999784469604,6444,0.0,0.0
2023-03-17 14:30:00-04:00,1.2999999523162842,1.2999999523162842,1.2899999618530273,1.2899999618530273,3764,0.0,0.0
2023-03-17 15:30:00-04:00,1.2899999618530273,1.2999999523162842,1.1699999570846558,1.1799999475479126,34523,0.0,0.0
2023-03-20 09:30:00-04:00,1.190000057220459,1.2000000476837158,1.1678999662399292,1.1678999662399292,11334,0.0,0.0
2023-03-20 10:30:00-04:00,1.1649999618530273,1.1699999570846558,1.149999976158142,1.1658999919891357,6079,0.0,0.0
2023-03-20 11:30:00-04:00,1.159999966621399,1.159999966621399,1.1507999897003174,1.1549999713897705,2965,0.0,0.0
2023-03-20 12:30:00-04:00,1.1549999713897705,1.159999966621399,1.1549999713897705,1.159000039100647,4584,0.0,0.0
2023-03-20 13:30:00-04:00,1.1549999713897705,1.1577999591827393,1.149999976158142,1.1549999713897705,993,0.0,0.0
2023-03-20 14:30:00-04:00,1.1598999500274658,1.159999966621399,1.1549999713897705,1.1549999713897705,1296,0.0,0.0
2023-03-20 15:30:00-04:00,1.159999966621399,1.159999966621399,1.1549999713897705,1.1598999500274658,2676,0.0,0.0
2023-03-21 09:30:00-04:00,1.2200000286102295,1.4199999570846558,1.2200000286102295,1.3799999952316284,151695,0.0,0.0
2023-03-21 10:30:00-04:00,1.3799999952316284,1.440000057220459,1.3799999952316284,1.4291000366210938,116423,0.0,0.0
2023-03-21 11:30:00-04:00,1.4306000471115112,1.4306000471115112,1.350000023841858,1.429900050163269,76724,0.0,0.0
2023-03-21 12:30:00-04:00,1.4199999570846558,1.4711999893188477,1.4019999504089355,1.4700000286102295,53237,0.0,0.0
2023-03-21 13:30:00-04:00,1.475000023841858,1.5399999618530273,1.4600000381469727,1.4800000190734863,123555,0.0,0.0
2023-03-21 14:30:00-04:00,1.4900000095367432,1.590000033378601,1.440000057220459,1.5299999713897705,241212,0.0,0.0
2023-03-21 15:30:00-04:00,1.5327999591827393,1.590000033378601,1.4900000095367432,1.5700000524520874,101767,0.0,0.0
2023-03-22 09:30:00-04:00,1.659999966621399,2.25,1.659999966621399,2.2237000465393066,5360709,0.0,0.0
2023-03-22 10:30:00-04:00,2.2235000133514404,2.2799999713897705,2.009999990463257,2.0299999713897705,4051860,0.0,0.0
2023-03-22 11:30:00-04:00,2.0299999713897705,2.030100107192993,1.7999999523162842,1.8200000524520874,2156588,0.0,0.0
2023-03-22 12:30:00-04:00,1.8200000524520874,1.909999966621399,1.7699999809265137,1.9049999713897705,843050,0.0,0.0
2023-03-22 13:30:00-04:00,1.9049999713897705,1.9500000476837158,1.8899999856948853,1.929900050163269,733828,0.0,0.0
2023-03-22 14:30:00-04:00,1.9299999475479126,1.9399000406265259,1.850000023841858,1.9275000095367432,833865,0.0,0.0
2023-03-22 15:30:00-04:00,1.9299999475479126,2.0199999809265137,1.899999976158142,2.005000114440918,469594,0.0,0.0
2023-03-23 09:30:00-04:00,2.200000047683716,2.200000047683716,1.850000023841858,1.8579000234603882,1531802,0.0,0.0
2023-03-23 10:30:00-04:00,1.8598999977111816,1.8849999904632568,1.7999999523162842,1.8006999492645264,300942,0.0,0.0
2023-03-23 11:30:00-04:00,1.7999999523162842,1.850000023841858,1.7000000476837158,1.7734999656677246,268095,0.0,0.0
2023-03-23 12:30:00-04:00,1.7699999809265137,1.8020000457763672,1.7000000476837158,1.7100000381469727,157922,0.0,0.0
2023-03-23 13:30:00-04:00,1.718400001525879,1.7200000286102295,1.5099999904632568,1.5099999904632568,269100,0.0,0.0
2023-03-23 14:30:00-04:00,1.5198999643325806,1.6168999671936035,1.5099999904632568,1.6059000492095947,163245,0.0,0.0
2023-03-23 15:30:00-04:00,1.6100000143051147,1.8200000524520874,1.6100000143051147,1.809999942779541,159383,0.0,0.0
2023-03-24 09:30:00-04:00,1.75,1.9199999570846558,1.7249000072479248,1.8934999704360962,227923,0.0,0.0
2023-03-24 10:30:00-04:00,1.8899999856948853,1.899899959564209,1.8200000524520874,1.850000023841858,75229,0.0,0.0
2023-03-24 11:30:00-04:00,1.8417999744415283,1.9600000381469727,1.840000033378601,1.9450000524520874,109178,0.0,0.0
2023-03-24 12:30:00-04:00,1.940000057220459,1.9500000476837158,1.8300000429153442,1.8499000072479248,97279,0.0,0.0
2023-03-24 13:30:00-04:00,1.850000023841858,1.909999966621399,1.850000023841858,1.8645999431610107,32689,0.0,0.0
2023-03-24 14:30:00-04:00,1.8601000308990479,1.899999976158142,1.8300000429153442,1.8700000047683716,54640,0.0,0.0
2023-03-24 15:30:00-04:00,1.8601000308990479,1.8700000047683716,1.8300000429153442,1.8401000499725342,70494,0.0,0.0
2023-03-27 09:30:00-04:00,1.8799999952316284,1.899999976158142,1.649999976158142,1.6996999979019165,154342,0.0,0.0
2023-03-27 10:30:00-04:00,1.690000057220459,1.690000057220459,1.5600999593734741,1.6100000143051147,115647,0.0,0.0
2023-03-27 11:30:00-04:00,1.600100040435791,1.6098999977111816,1.5400999784469604,1.600000023841858,76385,0.0,0.0
2023-03-27 12:30:00-04:00,1.5968999862670898,1.6050000190734863,1.580199956893921,1.580199956893921,22531,0.0,0.0
2023-03-27 13:30:00-04:00,1.5800000429153442,1.6200000047683716,1.5800000429153442,1.6150000095367432,56909,0.0,0.0
2023-03-27 14:30:00-04:00,1.6101000308990479,1.7000000476837158,1.5800000429153442,1.6403000354766846,134686,0.0,0.0
2023-03-27 15:30:00-04:00,1.6486999988555908,1.7400000095367432,1.6449999809265137,1.7400000095367432,74490,0.0,0.0
2023-03-28 09:30:00-04:00,1.6399999856948853,1.75,1.6399999856948853,1.6431000232696533,30688,0.0,0.0
2023-03-28 10:30:00-04:00,1.6401000022888184,1.7000000476837158,1.6299999952316284,1.6917999982833862,23200,0.0,0.0
2023-03-28 11:30:00-04:00,1.6901999711990356,1.7300000190734863,1.6799999475479126,1.6799999475479126,16513,0.0,0.0
2023-03-28 12:30:00-04:00,1.690000057220459,1.7000000476837158,1.6699999570846558,1.690000057220459,33103,0.0,0.0
2023-03-28 13:30:00-04:00,1.690000057220459,1.7300000190734863,1.6699999570846558,1.690000057220459,54383,0.0,0.0
2023-03-28 14:30:00-04:00,1.6950000524520874,1.7899999618530273,1.6800999641418457,1.7899999618530273,29024,0.0,0.0
2023-03-28 15:30:00-04:00,1.7899999618530273,1.8300000429153442,1.7799999713897705,1.8300000429153442,42434,0.0,0.0
2023-03-29 09:30:00-04:00,1.850000023841858,1.850000023841858,1.6200000047683716,1.6577999591827393,52938,0.0,0.0
2023-03-29 10:30:00-04:00,1.659999966621399,1.6799999475479126,1.6100000143051147,1.6399999856948853,47653,0.0,0.0
2023-03-29 11:30:00-04:00,1.6301000118255615,1.6591999530792236,1.600000023841858,1.6568000316619873,24391,0.0,0.0
2023-03-29 12:30:00-04:00,1.6568000316619873,1.6568000316619873,1.6401000022888184,1.649999976158142,15054,0.0,0.0
2023-03-29 13:30:00-04:00,1.649999976158142,1.659999966621399,1.6401000022888184,1.6449999809265137,8970,0.0,0.0
2023-03-29 14:30:00-04:00,1.649999976158142,1.6699999570846558,1.6399999856948853,1.659999966621399,23298,0.0,0.0
2023-03-29 15:30:00-04:00,1.6591999530792236,1.690000057220459,1.649999976158142,1.659999966621399,39291,0.0,0.0
2023-03-30 09:30:00-04:00,2.869999885559082,2.880000114440918,2.5,2.7839999198913574,24257464,0.0,0.0
2023-03-30 10:30:00-04:00,2.780100107192993,2.8499999046325684,2.4200000762939453,2.615000009536743,5463610,0.0,0.0
2023-03-30 11:30:00-04:00,2.6198999881744385,2.649899959564209,2.4800000190734863,2.5785000324249268,1895277,0.0,0.0
2023-03-30 12:30:00-04:00,2.579699993133545,2.819999933242798,2.559999942779541,2.769200086593628,3988308,0.0,0.0
2023-03-30 13:30:00-04:00,2.762700080871582,2.9700000286102295,2.7200000286102295,2.885999917984009,7441293,0.0,0.0
2023-03-30 14:30:00-04:00,2.884999990463257,2.9398999214172363,2.6700000762939453,2.8759000301361084,4329005,0.0,0.0
2023-03-30 15:30:00-04:00,2.8798999786376953,2.950000047683716,2.690000057220459,2.940700054168701,3853038,0.0,0.0
2023-03-31 09:30:00-04:00,3.049999952316284,3.0999999046325684,2.6500000953674316,2.8589000701904297,4556487,0.0,0.0
2023-03-31 10:30:00-04:00,2.8589000701904297,2.9800000190734863,2.75,2.869999885559082,1171356,0.0,0.0
2023-03-31 11:30:00-04:00,2.875,3.01990008354187,2.8299999237060547,2.9700000286102295,897375,0.0,0.0
2023-03-31 12:30:00-04:00,2.9800000190734863,3.049999952316284,2.819999933242798,2.8698999881744385,870884,0.0,0.0
2023-03-31 13:30:00-04:00,2.865000009536743,3.0299999713897705,2.8499999046325684,2.9619998931884766,691168,0.0,0.0
2023-03-31 14:30:00-04:00,2.9688000679016113,3.069999933242798,2.880000114440918,3.0306999683380127,681249,0.0,0.0
2023-03-31 15:30:00-04:00,3.0399999618530273,3.0799999237060547,2.930000066757202,2.990000009536743,764619,0.0,0.0
2023-04-03 09:30:00-04:00,3.0299999713897705,3.25,3.0199999809265137,3.178999900817871,1980642,0.0,0.0
2023-04-03 10:30:00-04:00,3.1700000762939453,3.390000104904175,3.130000114440918,3.359999895095825,1205307,0.0,0.0
2023-04-03 11:30:00-04:00,3.359999895095825,3.4800000190734863,3.3450000286102295,3.3766000270843506,833366,0.0,0.0
2023-04-03 12:30:00-04:00,3.380000114440918,3.450000047683716,3.3299999237060547,3.4200000762939453,673166,0.0,0.0
2023-04-03 13:30:00-04:00,3.4291999340057373,3.6600000858306885,3.369999885559082,3.6301000118255615,1048059,0.0,0.0
2023-04-03 14:30:00-04:00,3.630000114440918,3.799999952316284,3.5999999046325684,3.640000104904175,1282299,0.0,0.0
2023-04-03 15:30:00-04:00,3.640000104904175,3.700000047683716,3.5299999713897705,3.6600000858306885,730522,0.0,0.0
2023-04-04 09:30:00-04:00,3.7200000286102295,3.837899923324585,3.369999885559082,3.6900999546051025,1235092,0.0,0.0
2023-04-04 10:30:00-04:00,3.7049999237060547,3.7799999713897705,3.470099925994873,3.630000114440918,632377,0.0,0.0
2023-04-04 11:30:00-04:00,3.625,3.640000104904175,3.4600000381469727,3.5,314177,0.0,0.0
2023-04-04 12:30:00-04:00,3.5,3.549999952316284,3.4600000381469727,3.5350000858306885,120057,0.0,0.0
2023-04-04 13:30:00-04:00,3.5350000858306885,3.619999885559082,3.4700000286102295,3.5999999046325684,241502,0.0,0.0
2023-04-04 14:30:00-04:00,3.5899999141693115,3.5899999141693115,3.4800000190734863,3.5250000953674316,249546,0.0,0.0
2023-04-04 15:30:00-04:00,3.5250000953674316,3.549999952316284,3.490000009536743,3.509999990463257,261874,0.0,0.0
2023-04-05 09:30:00-04:00,3.390000104904175,3.680299997329712,3.259999990463257,3.619999885559082,640737,0.0,0.0
2023-04-05 10:30:00-04:00,3.619999885559082,3.6500000953674316,3.4600000381469727,3.490000009536743,230291,0.0,0.0
2023-04-05 11:30:00-04:00,3.484100103378296,3.5799999237060547,3.450000047683716,3.5799999237060547,122490,0.0,0.0
2023-04-05 12:30:00-04:00,3.5799999237060547,3.609999895095825,3.5,3.5950000286102295,104661,0.0,0.0
2023-04-05 13:30:00-04:00,3.5801000595092773,3.740000009536743,3.559999942779541,3.619999885559082,360149,0.0,0.0
2023-04-05 14:30:00-04:00,3.6389999389648438,3.6500000953674316,3.5,3.569999933242798,234139,0.0,0.0
2023-04-05 15:30:00-04:00,3.5799999237060547,3.609999895095825,3.549999952316284,3.559999942779541,168783,0.0,0.0
2023-04-06 09:30:00-04:00,3.559999942779541,3.7985000610351562,3.5,3.674999952316284,712874,0.0,0.0
2023-04-06 10:30:00-04:00,3.6700000762939453,3.674999952316284,3.4700000286102295,3.5,298700,0.0,0.0
2023-04-06 11:30:00-04:00,3.490000009536743,3.509999990463257,3.4100000858306885,3.450000047683716,232061,0.0,0.0
2023-04-06 12:30:00-04:00,3.4474000930786133,3.559999942779541,3.4200000762939453,3.4600000381469727,113511,0.0,0.0
2023-04-06 13:30:00-04:00,3.4695000648498535,3.559999942779541,3.4519999027252197,3.5199999809265137,83659,0.0,0.0
2023-04-06 14:30:00-04:00,3.509999990463257,3.5199999809265137,3.440000057220459,3.490000009536743,186760,0.0,0.0
2023-04-06 15:30:00-04:00,3.4811999797821045,3.5,3.440000057220459,3.440000057220459,239505,0.0,0.0
2023-04-10 09:30:00-04:00,3.430000066757202,3.4700000286102295,3.2799999713897705,3.3208000659942627,325459,0.0,0.0
2023-04-10 10:30:00-04:00,3.319999933242798,3.359999895095825,3.109999895095825,3.25,366350,0.0,0.0
2023-04-10 11:30:00-04:00,3.259999990463257,3.299999952316284,3.190000057220459,3.2750000953674316,180545,0.0,0.0
2023-04-10 12:30:00-04:00,3.279900074005127,3.309999942779541,3.210099935531616,3.240000009536743,256600,0.0,0.0
2023-04-10 13:30:00-04:00,3.2300000190734863,3.2799999713897705,3.200000047683716,3.2149999141693115,201185,0.0,0.0
2023-04-10 14:30:00-04:00,3.2200000286102295,3.2699999809265137,3.210099935531616,3.259999990463257,141190,0.0,0.0
2023-04-10 15:30:00-04:00,3.265000104904175,3.359999895095825,3.265000104904175,3.299999952316284,225469,0.0,0.0
2023-04-11 09:30:00-04:00,3.299999952316284,3.390000104904175,3.2323999404907227,3.359999895095825,113303,0.0,0.0
2023-04-11 10:30:00-04:00,3.3499999046325684,3.3747000694274902,3.2699999809265137,3.286600112915039,58967,0.0,0.0
2023-04-11 11:30:00-04:00,3.2799999713897705,3.309999942779541,3.25,3.299999952316284,51599,0.0,0.0
2023-04-11 12:30:00-04:00,3.305000066757202,3.358299970626831,3.2699999809265137,3.319999933242798,79633,0.0,0.0
2023-04-11 13:30:00-04:00,3.319999933242798,3.327500104904175,3.259999990463257,3.259999990463257,58369,0.0,0.0
2023-04-11 14:30:00-04:00,3.265000104904175,3.299999952316284,3.240000009536743,3.25,105065,0.0,0.0
2023-04-11 15:30:00-04:00,3.244999885559082,3.307499885559082,3.240000009536743,3.25,147021,0.0,0.0
2023-04-12 09:30:00-04:00,3.25,3.2699999809265137,3.1600000858306885,3.160099983215332,146759,0.0,0.0
2023-04-12 10:30:00-04:00,3.1700000762939453,3.200000047683716,3.049999952316284,3.115000009536743,305028,0.0,0.0
2023-04-12 11:30:00-04:00,3.119999885559082,3.119999885559082,3.0576000213623047,3.0799999237060547,102227,0.0,0.0
2023-04-12 12:30:00-04:00,3.0850000381469727,3.140000104904175,3.059999942779541,3.140000104904175,106145,0.0,0.0
2023-04-12 13:30:00-04:00,3.134999990463257,3.1700000762939453,3.069999933242798,3.0999999046325684,68898,0.0,0.0
2023-04-12 14:30:00-04:00,3.109999895095825,3.1219000816345215,3.0799999237060547,3.0899999141693115,55811,0.0,0.0
2023-04-12 15:30:00-04:00,3.098400115966797,3.109999895095825,3.075000047683716,3.0899999141693115,150462,0.0,0.0
2023-04-13 09:30:00-04:00,3.0799999237060547,3.369999885559082,3.049999952316284,3.337599992752075,241118,0.0,0.0
2023-04-13 10:30:00-04:00,3.3329999446868896,3.3329999446868896,3.1700000762939453,3.240000009536743,130947,0.0,0.0
2023-04-13 11:30:00-04:00,3.240000009536743,3.2850000858306885,3.2200000286102295,3.255000114440918,85737,0.0,0.0
2023-04-13 12:30:00-04:00,3.240000009536743,3.299999952316284,3.200000047683716,3.240000009536743,67910,0.0,0.0
2023-04-13 13:30:00-04:00,3.255000114440918,3.259999990463257,3.1303999423980713,3.1449999809265137,196751,0.0,0.0
2023-04-13 14:30:00-04:00,3.140000104904175,3.1549999713897705,2.9800000190734863,2.990000009536743,377125,0.0,0.0
2023-04-13 15:30:00-04:00,3.0,3.0555999279022217,2.9600000381469727,3.049999952316284,134928,0.0,0.0
2023-04-14 09:30:00-04:00,3.0,3.130000114440918,3.0,3.0450000762939453,174560,0.0,0.0
2023-04-14 10:30:00-04:00,3.0350000858306885,3.0799999237060547,2.9800000190734863,2.990000009536743,96931,0.0,0.0
2023-04-14 11:30:00-04:00,3.0,3.0399999618530273,2.9700000286102295,3.0399999618530273,68861,0.0,0.0
2023-04-14 12:30:00-04:00,3.0374999046325684,3.130000114440918,3.0299999713897705,3.0950000286102295,151318,0.0,0.0
2023-04-14 13:30:00-04:00,3.0999999046325684,3.122499942779541,3.059999942779541,3.115000009536743,71139,0.0,0.0
2023-04-14 14:30:00-04:00,3.115000009536743,3.2093000411987305,3.0850000381469727,3.180000066757202,135699,0.0,0.0
2023-04-14 15:30:00-04:00,3.1800999641418457,3.1800999641418457,3.119999885559082,3.1500000953674316,75418,0.0,0.0
2023-04-17 09:30:00-04:00,3.140000104904175,3.2699999809265137,3.140000104904175,3.220099925994873,283553,0.0,0.0
2023-04-17 10:30:00-04:00,3.2149999141693115,3.309999942779541,3.2100000381469727,3.259999990463257,170308,0.0,0.0
2023-04-17 11:30:00-04:00,3.259999990463257,3.319999933242798,3.241499900817871,3.2699999809265137,142497,0.0,0.0
2023-04-17 12:30:00-04:00,3.265000104904175,3.2799999713897705,3.25,3.259999990463257,87275,0.0,0.0
2023-04-17 13:30:00-04:00,3.259999990463257,3.2699999809265137,3.220099925994873,3.259999990463257,134006,0.0,0.0
2023-04-17 14:30:00-04:00,3.255000114440918,3.2699999809265137,3.2249999046325684,3.25,93061,0.0,0.0
2023-04-17 15:30:00-04:00,3.244999885559082,3.25,3.109999895095825,3.1600000858306885,166877,0.0,0.0
2023-04-18 09:30:00-04:00,3.190000057220459,3.2300000190734863,3.119999885559082,3.17930006980896,106099,0.0,0.0
2023-04-18 10:30:00-04:00,3.182800054550171,3.25,3.1500000953674316,3.190000057220459,58757,0.0,0.0
2023-04-18 11:30:00-04:00,3.180000066757202,3.180000066757202,3.059999942779541,3.059999942779541,131290,0.0,0.0
2023-04-18 12:30:00-04:00,3.0699000358581543,3.184999942779541,3.0399999618530273,3.1798999309539795,107180,0.0,0.0
2023-04-18 13:30:00-04:00,3.1600000858306885,3.2100000381469727,3.1549999713897705,3.194999933242798,61430,0.0,0.0
2023-04-18 14:30:00-04:00,3.1991000175476074,3.2100000381469727,3.1549999713897705,3.180000066757202,62398,0.0,0.0
2023-04-18 15:30:00-04:00,3.180000066757202,3.25,3.1700000762939453,3.240000009536743,140400,0.0,0.0
2023-04-19 09:30:00-04:00,3.180000066757202,3.390000104904175,3.180000066757202,3.3399999141693115,313681,0.0,0.0
2023-04-19 10:30:00-04:00,3.3399999141693115,3.3399999141693115,3.130000114440918,3.180000066757202,115947,0.0,0.0
2023-04-19 11:30:00-04:00,3.1700000762939453,3.2200000286102295,3.1600000858306885,3.180000066757202,78181,0.0,0.0
2023-04-19 12:30:00-04:00,3.1800999641418457,3.2200000286102295,3.1600000858306885,3.2100000381469727,63821,0.0,0.0
2023-04-19 13:30:00-04:00,3.2100000381469727,3.2750000953674316,3.2049999237060547,3.2750000953674316,36541,0.0,0.0
2023-04-19 14:30:00-04:00,3.2699999809265137,3.2750000953674316,3.180000066757202,3.180000066757202,51202,0.0,0.0
2023-04-19 15:30:00-04:00,3.180000066757202,3.2100000381469727,3.1649999618530273,3.180000066757202,73867,0.0,0.0
2023-04-20 09:30:00-04:00,3.180000066757202,3.25,3.140000104904175,3.1798999309539795,81212,0.0,0.0
2023-04-20 10:30:00-04:00,3.190000057220459,3.2300000190734863,3.1500000953674316,3.180000066757202,54252,0.0,0.0
2023-04-20 11:30:00-04:00,3.1844000816345215,3.2200000286102295,3.149899959564209,3.159899950027466,46239,0.0,0.0
2023-04-20 12:30:00-04:00,3.1600000858306885,3.200000047683716,3.1533000469207764,3.200000047683716,29823,0.0,0.0
2023-04-20 13:30:00-04:00,3.200000047683716,3.2100000381469727,3.1549999713897705,3.1649999618530273,40646,0.0,0.0
2023-04-20 14:30:00-04:00,3.1600000858306885,3.1700000762939453,3.0999999046325684,3.130000114440918,92006,0.0,0.0
2023-04-20 15:30:00-04:00,3.130000114440918,3.1500000953674316,3.109999895095825,3.130000114440918,50160,0.0,0.0
2023-04-21 09:30:00-04:00,3.130000114440918,3.174999952316284,3.0999999046325684,3.121000051498413,51234,0.0,0.0
2023-04-21 10:30:00-04:00,3.125,3.1500000953674316,3.0899999141693115,3.130000114440918,38732,0.0,0.0
2023-04-21 11:30:00-04:00,3.119999885559082,3.1700000762939453,3.119999885559082,3.1600000858306885,27196,0.0,0.0
2023-04-21 12:30:00-04:00,3.150599956512451,3.1637001037597656,3.130000114440918,3.140000104904175,43465,0.0,0.0
2023-04-21 13:30:00-04:00,3.140000104904175,3.240000009536743,3.1333999633789062,3.180799961090088,71624,0.0,0.0
2023-04-21 14:30:00-04:00,3.184999942779541,3.2200000286102295,3.1500000953674316,3.1600000858306885,46043,0.0,0.0
2023-04-21 15:30:00-04:00,3.1600000858306885,3.184999942779541,3.1500000953674316,3.180000066757202,60668,0.0,0.0
2023-04-24 09:30:00-04:00,3.2100000381469727,3.2300000190734863,3.0399999618530273,3.0450000762939453,105675,0.0,0.0
2023-04-24 10:30:00-04:00,3.049999952316284,3.0899999141693115,3.0299999713897705,3.0799999237060547,76987,0.0,0.0
2023-04-24 11:30:00-04:00,3.0799999237060547,3.1064000129699707,3.049999952316284,3.0899999141693115,33583,0.0,0.0
2023-04-24 12:30:00-04:00,3.0950000286102295,3.119999885559082,3.0450000762939453,3.055000066757202,77242,0.0,0.0
2023-04-24 13:30:00-04:00,3.055000066757202,3.119999885559082,3.049999952316284,3.0950000286102295,45735,0.0,0.0
2023-04-24 14:30:00-04:00,3.093100070953369,3.0950000286102295,3.0309998989105225,3.0450000762939453,71287,0.0,0.0
2023-04-24 15:30:00-04:00,3.049999952316284,3.049999952316284,3.0,3.0199999809265137,144272,0.0,0.0
2023-04-25 09:30:00-04:00,3.0,3.0,2.799999952316284,2.8499999046325684,337839,0.0,0.0
2023-04-25 10:30:00-04:00,2.8598999977111816,2.930000066757202,2.8299999237060547,2.8499999046325684,70034,0.0,0.0
2023-04-25 11:30:00-04:00,2.859999895095825,2.859999895095825,2.799999952316284,2.8132998943328857,53901,0.0,0.0
2023-04-25 12:30:00-04:00,2.8190999031066895,2.8886001110076904,2.809999942779541,2.865000009536743,56608,0.0,0.0
2023-04-25 13:30:00-04:00,2.8689000606536865,2.9000000953674316,2.8499999046325684,2.875,36238,0.0,0.0
2023-04-25 14:30:00-04:00,2.869999885559082,2.880000114440918,2.8450000286102295,2.8499999046325684,68146,0.0,0.0
2023-04-25 15:30:00-04:00,2.8499999046325684,2.859999895095825,2.8299999237060547,2.8499999046325684,116918,0.0,0.0
2023-04-26 09:30:00-04:00,2.869999885559082,2.944999933242798,2.8399999141693115,2.9000000953674316,104218,0.0,0.0
2023-04-26 10:30:00-04:00,2.9100000858306885,3.0199999809265137,2.9100000858306885,3.015000104904175,70456,0.0,0.0
2023-04-26 11:30:00-04:00,3.015000104904175,3.049999952316284,3.0099000930786133,3.0299999713897705,47086,0.0,0.0
2023-04-26 12:30:00-04:00,3.0399999618530273,3.0399999618530273,2.984999895095825,2.994999885559082,27005,0.0,0.0
2023-04-26 13:30:00-04:00,3.0,3.065000057220459,3.0,3.065000057220459,67102,0.0,0.0
2023-04-26 14:30:00-04:00,3.069999933242798,3.069999933242798,3.0,3.0199999809265137,94898,0.0,0.0
2023-04-26 15:30:00-04:00,3.0250000953674316,3.0250000953674316,2.9700000286102295,2.9700000286102295,110578,0.0,0.0
2023-04-27 09:30:00-04:00,3.0199999809265137,3.0299999713897705,2.98009991645813,3.0199999809265137,46948,0.0,0.0
2023-04-27 10:30:00-04:00,3.009999990463257,3.0199999809265137,2.9000000953674316,2.9649999141693115,128133,0.0,0.0
2023-04-27 11:30:00-04:00,2.9649999141693115,3.015000104904175,2.950000047683716,2.994999885559082,59024,0.0,0.0
2023-04-27 12:30:00-04:00,2.994999885559082,3.0199999809265137,2.990000009536743,2.990000009536743,36282,0.0,0.0
2023-04-27 13:30:00-04:00,2.9900999069213867,3.0,2.9800000190734863,2.984999895095825,20091,0.0,0.0
2023-04-27 14:30:00-04:00,2.990000009536743,3.059999942779541,2.9807000160217285,3.057499885559082,108355,0.0,0.0
2023-04-27 15:30:00-04:00,3.049999952316284,3.065000057220459,3.0299999713897705,3.0399999618530273,135756,0.0,0.0
2023-04-28 09:30:00-04:00,3.009999990463257,3.190000057220459,3.009999990463257,3.1700000762939453,137739,0.0,0.0
2023-04-28 10:30:00-04:00,3.1835999488830566,3.25,3.169300079345703,3.25,150568,0.0,0.0
2023-04-28 11:30:00-04:00,3.244999885559082,3.305000066757202,3.2100000381469727,3.2950000762939453,98152,0.0,0.0
2023-04-28 12:30:00-04:00,3.297600030899048,3.297600030899048,3.240000009536743,3.244999885559082,32405,0.0,0.0
2023-04-28 13:30:00-04:00,3.244999885559082,3.255000114440918,3.180000066757202,3.1891000270843506,62989,0.0,0.0
2023-04-28 14:30:00-04:00,3.190000057220459,3.2049999237060547,3.125,3.130000114440918,55679,0.0,0.0
2023-04-28 15:30:00-04:00,3.130000114440918,3.1600000858306885,3.069999933242798,3.1500000953674316,215831,0.0,0.0
2023-05-01 09:30:00-04:00,3.1500000953674316,3.2200000286102295,3.021699905395508,3.049999952316284,132869,0.0,0.0
2023-05-01 10:30:00-04:00,3.059999942779541,3.079900026321411,3.015000104904175,3.0299999713897705,79849,0.0,0.0
2023-05-01 11:30:00-04:00,3.0250000953674316,3.065000057220459,3.009999990463257,3.049999952316284,55810,0.0,0.0
2023-05-01 12:30:00-04:00,3.059999942779541,3.059999942779541,3.0250000953674316,3.0350000858306885,52003,0.0,0.0
2023-05-01 13:30:00-04:00,3.0350000858306885,3.0399999618530273,3.0199999809265137,3.0199999809265137,36492,0.0,0.0
2023-05-01 14:30:00-04:00,3.0199999809265137,3.069999933242798,3.0199999809265137,3.0399999618530273,69817,0.0,0.0
2023-05-01 15:30:00-04:00,3.0450000762939453,3.119999885559082,3.0450000762939453,3.119999885559082,90177,0.0,0.0
2023-05-02 09:30:00-04:00,3.059999942779541,3.069999933242798,2.990000009536743,3.049999952316284,114850,0.0,0.0
2023-05-02 10:30:00-04:00,3.048799991607666,3.048799991607666,2.990000009536743,3.047499895095825,60636,0.0,0.0
2023-05-02 11:30:00-04:00,3.0450000762939453,3.069999933242798,3.0250000953674316,3.0450000762939453,32964,0.0,0.0
2023-05-02 12:30:00-04:00,3.0450000762939453,3.059999942779541,3.0339999198913574,3.049999952316284,24634,0.0,0.0
2023-05-02 13:30:00-04:00,3.055000066757202,3.059999942779541,3.0299999713897705,3.0408999919891357,28339,0.0,0.0
2023-05-02 14:30:00-04:00,3.0450000762939453,3.065000057220459,3.0299999713897705,3.055000066757202,36566,0.0,0.0
2023-05-02 15:30:00-04:00,3.055000066757202,3.069999933242798,3.0399999618530273,3.0450000762939453,60083,0.0,0.0
2023-05-03 09:30:00-04:00,3.049999952316284,3.0899999141693115,2.9800000190734863,3.069999933242798,47213,0.0,0.0
2023-05-03 10:30:00-04:00,3.0799999237060547,3.0799999237060547,3.0450000762939453,3.065000057220459,14963,0.0,0.0
2023-05-03 11:30:00-04:00,3.069999933242798,3.0999999046325684,3.059999942779541,3.0850000381469727,24089,0.0,0.0
2023-05-03 12:30:00-04:00,3.0999999046325684,3.0999999046325684,3.049999952316284,3.059999942779541,11620,0.0,0.0
2023-05-03 13:30:00-04:00,3.059999942779541,3.065000057220459,3.0450000762939453,3.0450000762939453,25275,0.0,0.0
2023-05-03 14:30:00-04:00,3.049999952316284,3.0899999141693115,3.0450000762939453,3.049999952316284,24040,0.0,0.0
2023-05-03 15:30:00-04:00,3.055000066757202,3.065000057220459,3.0450000762939453,3.049999952316284,34305,0.0,0.0
2023-05-04 09:30:00-04:00,3.0799999237060547,3.2249999046325684,3.0399999618530273,3.050100088119507,232861,0.0,0.0
2023-05-04 10:30:00-04:00,3.049999952316284,3.0801000595092773,3.0299999713897705,3.055000066757202,44054,0.0,0.0
2023-05-04 11:30:00-04:00,3.0599000453948975,3.069999933242798,3.0299999713897705,3.069999933242798,23141,0.0,0.0
2023-05-04 12:30:00-04:00,3.069999933242798,3.075000047683716,2.9800000190734863,3.049999952316284,112964,0.0,0.0
2023-05-04 13:30:00-04:00,3.049999952316284,3.049999952316284,3.0,3.0199999809265137,61658,0.0,0.0
2023-05-04 14:30:00-04:00,3.015000104904175,3.0299999713897705,3.000699996948242,3.015000104904175,20216,0.0,0.0
2023-05-04 15:30:00-04:00,3.0199999809265137,3.0299999713897705,3.009999990463257,3.0299999713897705,91244,0.0,0.0
2023-05-05 09:30:00-04:00,3.069999933242798,3.069999933242798,2.9900999069213867,3.0250000953674316,74063,0.0,0.0
2023-05-05 10:30:00-04:00,3.0199999809265137,3.0250000953674316,2.9700000286102295,2.984999895095825,88839,0.0,0.0
2023-05-05 11:30:00-04:00,2.990000009536743,2.990000009536743,2.950000047683716,2.9749999046325684,72745,0.0,0.0
2023-05-05 12:30:00-04:00,2.9749999046325684,3.0,2.9700000286102295,2.9800000190734863,19302,0.0,0.0
2023-05-05 13:30:00-04:00,2.984999895095825,3.0,2.9725000858306885,2.990000009536743,18128,0.0,0.0
2023-05-05 14:30:00-04:00,2.984999895095825,3.005000114440918,2.984999895095825,2.994999885559082,31436,0.0,0.0
2023-05-05 15:30:00-04:00,2.994999885559082,3.009999990463257,2.9800000190734863,2.990000009536743,167503,0.0,0.0
2023-05-08 09:30:00-04:00,3.0,3.1679999828338623,3.0,3.0999999046325684,120450,0.0,0.0
2023-05-08 10:30:00-04:00,3.115000009536743,3.140000104904175,3.0999999046325684,3.109999895095825,40241,0.0,0.0
2023-05-08 11:30:00-04:00,3.0999999046325684,3.109999895095825,2.994999885559082,3.009999990463257,103157,0.0,0.0
2023-05-08 12:30:00-04:00,3.0,3.0120999813079834,2.9800000190734863,3.005000114440918,90718,0.0,0.0
2023-05-08 13:30:00-04:00,3.0,3.009999990463257,2.9700000286102295,2.9800000190734863,69225,0.0,0.0
2023-05-08 14:30:00-04:00,2.9797000885009766,3.005000114440918,2.9700000286102295,2.990000009536743,84210,0.0,0.0
2023-05-08 15:30:00-04:00,2.984999895095825,3.009999990463257,2.950000047683716,3.0,112194,0.0,0.0
2023-05-09 09:30:00-04:00,2.9600000381469727,2.990000009536743,2.940000057220459,2.9700000286102295,38245,0.0,0.0
2023-05-09 10:30:00-04:00,2.9600000381469727,2.9749999046325684,2.940000057220459,2.956899881362915,21294,0.0,0.0
2023-05-09 11:30:00-04:00,2.950000047683716,2.990000009536743,2.940000057220459,2.950000047683716,25131,0.0,0.0
2023-05-09 12:30:00-04:00,2.950000047683716,2.9681999683380127,2.950000047683716,2.9600000381469727,21290,0.0,0.0
2023-05-09 13:30:00-04:00,2.9600000381469727,3.0,2.950000047683716,2.990000009536743,19105,0.0,0.0
2023-05-09 14:30:00-04:00,2.990000009536743,2.9900999069213867,2.950000047683716,2.9549999237060547,20757,0.0,0.0
2023-05-09 15:30:00-04:00,2.9586000442504883,2.9649999141693115,2.940000057220459,2.940000057220459,53842,0.0,0.0
2023-05-10 09:30:00-04:00,2.9200000762939453,2.9342000484466553,2.869999885559082,2.9100000858306885,54361,0.0,0.0
2023-05-10 10:30:00-04:00,2.9100000858306885,2.9200000762939453,2.890000104904175,2.9000000953674316,34879,0.0,0.0
2023-05-10 11:30:00-04:00,2.8986001014709473,2.9094998836517334,2.884999990463257,2.9000000953674316,31477,0.0,0.0
2023-05-10 12:30:00-04:00,2.890000104904175,2.9100000858306885,2.869999885559082,2.889899969100952,45206,0.0,0.0
2023-05-10 13:30:00-04:00,2.884999990463257,2.9200000762939453,2.884999990463257,2.9100000858306885,9436,0.0,0.0
2023-05-10 14:30:00-04:00,2.9049999713897705,2.9149999618530273,2.890000104904175,2.9049999713897705,11397,0.0,0.0
2023-05-10 15:30:00-04:00,2.9100000858306885,2.9200000762939453,2.884999990463257,2.9000000953674316,45015,0.0,0.0
2023-05-11 09:30:00-04:00,2.8499999046325684,2.9049999713897705,2.680000066757202,2.6898999214172363,576904,0.0,0.0
2023-05-11 10:30:00-04:00,2.690000057220459,2.7300000190734863,2.6600000858306885,2.700000047683716,182109,0.0,0.0
2023-05-11 11:30:00-04:00,2.694999933242798,2.75,2.694999933242798,2.7200000286102295,99728,0.0,0.0
2023-05-11 12:30:00-04:00,2.7149999141693115,2.759999990463257,2.700000047683716,2.7249999046325684,39693,0.0,0.0
2023-05-11 13:30:00-04:00,2.7200000286102295,2.75,2.694999933242798,2.7149999141693115,81518,0.0,0.0
2023-05-11 14:30:00-04:00,2.7100000381469727,2.740000009536743,2.700000047683716,2.7149999141693115,131961,0.0,0.0
2023-05-11 15:30:00-04:00,2.7149999141693115,2.75,2.700000047683716,2.740000009536743,110066,0.0,0.0
2023-05-12 09:30:00-04:00,2.7899999618530273,2.7899999618530273,2.6700000762939453,2.694999933242798,599927,0.0,0.0
2023-05-12 10:30:00-04:00,2.6900999546051025,2.7200000286102295,2.6487998962402344,2.700000047683716,97624,0.0,0.0
2023-05-12 11:30:00-04:00,2.708899974822998,2.7799999713897705,2.708899974822998,2.734999895095825,75964,0.0,0.0
2023-05-12 12:30:00-04:00,2.740000009536743,2.799999952316284,2.740000009536743,2.7899999618530273,56424,0.0,0.0
2023-05-12 13:30:00-04:00,2.799999952316284,2.799999952316284,2.759999990463257,2.7950000762939453,38124,0.0,0.0
2023-05-12 14:30:00-04:00,2.7950000762939453,2.819999933242798,2.7799999713897705,2.809999942779541,58215,0.0,0.0
2023-05-12 15:30:00-04:00,2.809999942779541,2.819999933242798,2.7701001167297363,2.7750000953674316,77404,0.0,0.0
2023-05-15 09:30:00-04:00,2.7899999618530273,2.799999952316284,2.7112998962402344,2.740000009536743,72490,0.0,0.0
2023-05-15 10:30:00-04:00,2.7300000190734863,2.7899999618530273,2.720099925994873,2.7699999809265137,49463,0.0,0.0
2023-05-15 11:30:00-04:00,2.759999990463257,2.7899999618530273,2.744999885559082,2.7850000858306885,24256,0.0,0.0
2023-05-15 12:30:00-04:00,2.7850000858306885,2.799999952316284,2.759999990463257,2.780600070953369,31117,0.0,0.0
2023-05-15 13:30:00-04:00,2.7750000953674316,2.805000066757202,2.765000104904175,2.7950000762939453,56501,0.0,0.0
2023-05-15 14:30:00-04:00,2.799099922180176,2.799999952316284,2.765000104904175,2.7850000858306885,37228,0.0,0.0
2023-05-15 15:30:00-04:00,2.7899999618530273,2.799999952316284,2.7750000953674316,2.7899999618530273,37420,0.0,0.0
2023-05-16 09:30:00-04:00,2.740000009536743,2.7699999809265137,2.700000047683716,2.765000104904175,80104,0.0,0.0
2023-05-16 10:30:00-04:00,2.765000104904175,2.8118999004364014,2.759999990463257,2.809999942779541,56134,0.0,0.0
2023-05-16 11:30:00-04:00,2.815000057220459,2.8299999237060547,2.799999952316284,2.8299999237060547,22850,0.0,0.0
2023-05-16 12:30:00-04:00,2.8301000595092773,2.839900016784668,2.809999942779541,2.819999933242798,15645,0.0,0.0
2023-05-16 13:30:00-04:00,2.819999933242798,2.890000104904175,2.815000057220459,2.869999885559082,74939,0.0,0.0
2023-05-16 14:30:00-04:00,2.880000114440918,2.9200000762939453,2.867500066757202,2.9100000858306885,63462,0.0,0.0
2023-05-16 15:30:00-04:00,2.9149999618530273,2.924999952316284,2.9000000953674316,2.9200000762939453,32158,0.0,0.0
2023-05-17 09:30:00-04:00,2.9200000762939453,2.9200000762939453,2.799999952316284,2.8499999046325684,35631,0.0,0.0
2023-05-17 10:30:00-04:00,2.859999895095825,2.859999895095825,2.7899999618530273,2.799999952316284,40983,0.0,0.0
2023-05-17 11:30:00-04:00,2.799999952316284,2.819999933242798,2.7699999809265137,2.7999000549316406,38899,0.0,0.0
2023-05-17 12:30:00-04:00,2.7899999618530273,2.8499999046325684,2.7899999618530273,2.8499999046325684,27343,0.0,0.0
2023-05-17 13:30:00-04:00,2.8399999141693115,2.875,2.83270001411438,2.859999895095825,48313,0.0,0.0
2023-05-17 14:30:00-04:00,2.865000009536743,2.875,2.8399999141693115,2.8399999141693115,20680,0.0,0.0
2023-05-17 15:30:00-04:00,2.8399999141693115,2.880000114440918,2.8399999141693115,2.875,27380,0.0,0.0
2023-05-18 09:30:00-04:00,2.859999895095825,2.9100000858306885,2.8499999046325684,2.9100000858306885,48120,0.0,0.0
2023-05-18 10:30:00-04:00,2.9200000762939453,2.9200000762939453,2.880000114440918,2.9049999713897705,21689,0.0,0.0
2023-05-18 11:30:00-04:00,2.9100000858306885,2.9100000858306885,2.8299999237060547,2.8399999141693115,24161,0.0,0.0
2023-05-18 12:30:00-04:00,2.8399999141693115,2.8499999046325684,2.815000057220459,2.8399999141693115,15958,0.0,0.0
2023-05-18 13:30:00-04:00,2.825000047683716,2.8450000286102295,2.809999942779541,2.8399999141693115,38931,0.0,0.0
2023-05-18 14:30:00-04:00,2.8399999141693115,2.8499999046325684,2.809999942779541,2.8399999141693115,48647,0.0,0.0
2023-05-18 15:30:00-04:00,2.8399999141693115,2.865000009536743,2.8399999141693115,2.859999895095825,35506,0.0,0.0
2023-05-19 09:30:00-04:00,2.8499999046325684,2.8550000190734863,2.75,2.7699999809265137,56361,0.0,0.0
2023-05-19 10:30:00-04:00,2.765000104904175,2.799999952316284,2.7407000064849854,2.799999952316284,34130,0.0,0.0
2023-05-19 11:30:00-04:00,2.7899999618530273,2.799999952316284,2.759999990463257,2.7899999618530273,16526,0.0,0.0
2023-05-19 12:30:00-04:00,2.7799999713897705,2.805000066757202,2.7699999809265137,2.799999952316284,19796,0.0,0.0
2023-05-19 13:30:00-04:00,2.7950000762939453,2.805000066757202,2.7799999713897705,2.799999952316284,26841,0.0,0.0
2023-05-19 14:30:00-04:00,2.799999952316284,2.819999933242798,2.7899999618530273,2.805000066757202,20554,0.0,0.0
2023-05-19 15:30:00-04:00,2.809999942779541,2.819999933242798,2.7799999713897705,2.799999952316284,67812,0.0,0.0
2023-05-22 09:30:00-04:00,2.799999952316284,2.8499999046325684,2.7899999618530273,2.805000066757202,40044,0.0,0.0
2023-05-22 10:30:00-04:00,2.805000066757202,2.8299999237060547,2.79010009765625,2.815000057220459,39415,0.0,0.0
2023-05-22 11:30:00-04:00,2.809999942779541,2.8550000190734863,2.7950000762939453,2.8350000381469727,44327,0.0,0.0
2023-05-22 12:30:00-04:00,2.8350000381469727,2.869999885559082,2.8350000381469727,2.8399999141693115,30109,0.0,0.0
2023-05-22 13:30:00-04:00,2.8450000286102295,2.859999895095825,2.8299999237060547,2.8350000381469727,20360,0.0,0.0
2023-05-22 14:30:00-04:00,2.8350000381469727,2.8450000286102295,2.800100088119507,2.800100088119507,28121,0.0,0.0
2023-05-22 15:30:00-04:00,2.799999952316284,2.8350000381469727,2.799999952316284,2.819999933242798,32484,0.0,0.0
2023-05-23 09:30:00-04:00,2.7899999618530273,2.8290998935699463,2.7799999713897705,2.8290998935699463,17400,0.0,0.0
2023-05-23 10:30:00-04:00,2.809999942779541,2.8499999046325684,2.809999942779541,2.8499999046325684,13605,0.0,0.0
2023-05-23 11:30:00-04:00,2.8499999046325684,2.859999895095825,2.799999952316284,2.8162999153137207,25841,0.0,0.0
2023-05-23 12:30:00-04:00,2.8092000484466553,2.809999942779541,2.7899999618530273,2.799999952316284,11758,0.0,0.0
2023-05-23 13:30:00-04:00,2.799999952316284,2.809999942779541,2.7699999809265137,2.7699999809265137,31590,0.0,0.0
2023-05-23 14:30:00-04:00,2.7799999713897705,2.7899999618530273,2.765000104904175,2.7776999473571777,30894,0.0,0.0
2023-05-23 15:30:00-04:00,2.7750000953674316,2.7850000858306885,2.759999990463257,2.7699999809265137,19207,0.0,0.0
2023-05-24 09:30:00-04:00,2.75,2.7750000953674316,2.7100000381469727,2.7149999141693115,41700,0.0,0.0
2023-05-24 10:30:00-04:00,2.7105000019073486,2.759999990463257,2.700000047683716,2.75,34848,0.0,0.0
2023-05-24 11:30:00-04:00,2.744999885559082,2.75,2.7149999141693115,2.7300000190734863,17691,0.0,0.0
2023-05-24 12:30:00-04:00,2.7249999046325684,2.765000104904175,2.7249999046325684,2.755000114440918,17479,0.0,0.0
2023-05-24 13:30:00-04:00,2.755000114440918,2.7799999713897705,2.744999885559082,2.75,15185,0.0,0.0
2023-05-24 14:30:00-04:00,2.744999885559082,2.7699999809265137,2.740000009536743,2.765000104904175,19160,0.0,0.0
2023-05-24 15:30:00-04:00,2.765000104904175,2.799999952316284,2.759999990463257,2.7799999713897705,34411,0.0,0.0
2023-05-25 09:30:00-04:00,2.740000009536743,2.7799999713897705,2.700000047683716,2.7100000381469727,43065,0.0,0.0
2023-05-25 10:30:00-04:00,2.7100000381469727,2.7200000286102295,2.6700000762939453,2.674999952316284,27367,0.0,0.0
2023-05-25 11:30:00-04:00,2.6700000762939453,2.700000047683716,2.6600000858306885,2.674999952316284,30190,0.0,0.0
2023-05-25 12:30:00-04:00,2.674999952316284,2.700000047683716,2.6600000858306885,2.694999933242798,14832,0.0,0.0
2023-05-25 13:30:00-04:00,2.690000057220459,2.700000047683716,2.6500000953674316,2.65120005607605,44606,0.0,0.0
2023-05-25 14:30:00-04:00,2.6549999713897705,2.6700000762939453,2.6500000953674316,2.6700000762939453,40756,0.0,0.0
2023-05-25 15:30:00-04:00,2.6649999618530273,2.6666998863220215,2.6500000953674316,2.6600000858306885,21241,0.0,0.0
2023-05-26 09:30:00-04:00,2.640000104904175,2.700000047683716,2.6113998889923096,2.651099920272827,44176,0.0,0.0
2023-05-26 10:30:00-04:00,2.6549999713897705,2.6700000762939453,2.640000104904175,2.6549999713897705,36880,0.0,0.0
2023-05-26 11:30:00-04:00,2.6700000762939453,2.6700000762939453,2.640000104904175,2.6500000953674316,43660,0.0,0.0
2023-05-26 12:30:00-04:00,2.6449999809265137,2.680000066757202,2.640000104904175,2.6600000858306885,70563,0.0,0.0
2023-05-26 13:30:00-04:00,2.6600000858306885,2.6600000858306885,2.640000104904175,2.6449999809265137,32221,0.0,0.0
2023-05-26 14:30:00-04:00,2.640000104904175,2.6500000953674316,2.634000062942505,2.634999990463257,25801,0.0,0.0
2023-05-26 15:30:00-04:00,2.634999990463257,2.6600000858306885,2.619999885559082,2.6449999809265137,105945,0.0,0.0
2023-05-30 09:30:00-04:00,2.609999895095825,2.6700000762939453,2.609999895095825,2.640000104904175,48218,0.0,0.0
2023-05-30 10:30:00-04:00,2.630000114440918,2.630000114440918,2.5999999046325684,2.6050000190734863,34376,0.0,0.0
2023-05-30 11:30:00-04:00,2.6050000190734863,2.630000114440918,2.565000057220459,2.5804998874664307,38833,0.0,0.0
2023-05-30 12:30:00-04:00,2.5799999237060547,2.5899999141693115,2.549999952316284,2.5899999141693115,22965,0.0,0.0
2023-05-30 13:30:00-04:00,2.5850000381469727,2.5999999046325684,2.575000047683716,2.5799999237060547,42979,0.0,0.0
2023-05-30 14:30:00-04:00,2.5799999237060547,2.5822999477386475,2.5299999713897705,2.538800001144409,50723,0.0,0.0
2023-05-30 15:30:00-04:00,2.5350000858306885,2.5399999618530273,2.515000104904175,2.5299999713897705,78189,0.0,0.0
2023-05-31 09:30:00-04:00,2.509999990463257,2.549999952316284,2.490000009536743,2.5,48587,0.0,0.0
2023-05-31 10:30:00-04:00,2.5,2.5250000953674316,2.4600000381469727,2.4800000190734863,111922,0.0,0.0
2023-05-31 11:30:00-04:00,2.4800000190734863,2.505000114440918,2.4700000286102295,2.5,58172,0.0,0.0
2023-05-31 12:30:00-04:00,2.505000114440918,2.5199999809265137,2.5,2.509999990463257,17741,0.0,0.0
2023-05-31 13:30:00-04:00,2.509999990463257,2.5299999713897705,2.5,2.5199999809265137,50577,0.0,0.0
2023-05-31 14:30:00-04:00,2.5199999809265137,2.5399999618530273,2.5,2.5,38645,0.0,0.0
2023-05-31 15:30:00-04:00,2.5,2.5199999809265137,2.5,2.5199999809265137,27640,0.0,0.0
2023-06-01 09:30:00-04:00,2.4800000190734863,2.5399999618530273,2.4600000381469727,2.5399999618530273,19491,0.0,0.0
2023-06-01 10:30:00-04:00,2.5450000762939453,2.5950000286102295,2.540600061416626,2.5899999141693115,25279,0.0,0.0
2023-06-01 11:30:00-04:00,2.5899999141693115,2.634999990463257,2.5899999141693115,2.634999990463257,43374,0.0,0.0
2023-06-01 12:30:00-04:00,2.6391000747680664,2.6600000858306885,2.582900047302246,2.582900047302246,29456,0.0,0.0
2023-06-01 13:30:00-04:00,2.5799999237060547,2.634999990463257,2.5799999237060547,2.6050000190734863,19332,0.0,0.0
2023-06-01 14:30:00-04:00,2.6050000190734863,2.6326000690460205,2.5950000286102295,2.625,33561,0.0,0.0
2023-06-01 15:30:00-04:00,2.619999885559082,2.634999990463257,2.615000009536743,2.630000114440918,20992,0.0,0.0
2023-06-02 09:30:00-04:00,2.630000114440918,2.640000104904175,2.5999999046325684,2.619999885559082,18303,0.0,0.0
2023-06-02 10:30:00-04:00,2.619999885559082,2.6500000953674316,2.609999895095825,2.634999990463257,38757,0.0,0.0
2023-06-02 11:30:00-04:00,2.632200002670288,2.640000104904175,2.5950000286102295,2.5950000286102295,53609,0.0,0.0
2023-06-02 12:30:00-04:00,2.590100049972534,2.5999999046325684,2.555000066757202,2.565000057220459,54315,0.0,0.0
2023-06-02 13:30:00-04:00,2.559999942779541,2.559999942779541,2.5,2.5,53690,0.0,0.0
2023-06-02 14:30:00-04:00,2.5009000301361084,2.509999990463257,2.4800000190734863,2.484999895095825,99681,0.0,0.0
2023-06-02 15:30:00-04:00,2.490000009536743,2.509999990463257,2.4700000286102295,2.5,148131,0.0,0.0
2023-06-05 09:30:00-04:00,2.5,2.5,2.4000000953674316,2.430000066757202,182452,0.0,0.0
2023-06-05 10:30:00-04:00,2.434999942779541,2.450000047683716,2.4200000762939453,2.424999952316284,44109,0.0,0.0
2023-06-05 11:30:00-04:00,2.430000066757202,2.440000057220459,2.4000000953674316,2.4200000762939453,80894,0.0,0.0
2023-06-05 12:30:00-04:00,2.410399913787842,2.434999942779541,2.400099992752075,2.400099992752075,65226,0.0,0.0
2023-06-05 13:30:00-04:00,2.4100000858306885,2.4200000762939453,2.4000000953674316,2.4149999618530273,32493,0.0,0.0
2023-06-05 14:30:00-04:00,2.4149999618530273,2.4200000762939453,2.380000114440918,2.380000114440918,108391,0.0,0.0
2023-06-05 15:30:00-04:00,2.380000114440918,2.4000000953674316,2.3499999046325684,2.4000000953674316,123449,0.0,0.0
2023-06-06 09:30:00-04:00,2.390000104904175,2.390000104904175,2.3403000831604004,2.359999895095825,139681,0.0,0.0
2023-06-06 10:30:00-04:00,2.369999885559082,2.390000104904175,2.369999885559082,2.370800018310547,77901,0.0,0.0
2023-06-06 11:30:00-04:00,2.375,2.4000000953674316,2.375,2.375,101203,0.0,0.0
2023-06-06 12:30:00-04:00,2.375,2.4000000953674316,2.369999885559082,2.390000104904175,67874,0.0,0.0
2023-06-06 13:30:00-04:00,2.380000114440918,2.4200000762939453,2.380000114440918,2.4200000762939453,137133,0.0,0.0
2023-06-06 14:30:00-04:00,2.4149999618530273,2.450000047683716,2.4100000858306885,2.444999933242798,61158,0.0,0.0
2023-06-06 15:30:00-04:00,2.444999933242798,2.450000047683716,2.4200000762939453,2.430000066757202,199055,0.0,0.0
2023-06-07 09:30:00-04:00,2.450000047683716,2.549999952316284,2.390000104904175,2.484999895095825,81928,0.0,0.0
2023-06-07 10:30:00-04:00,2.490000009536743,2.4911000728607178,2.440000057220459,2.4600000381469727,44001,0.0,0.0
2023-06-07 11:30:00-04:00,2.4649999141693115,2.490000009536743,2.452500104904175,2.490000009536743,20053,0.0,0.0
2023-06-07 12:30:00-04:00,2.48009991645813,2.5,2.454900026321411,2.4883999824523926,59414,0.0,0.0
2023-06-07 13:30:00-04:00,2.4800000190734863,2.5,2.4600000381469727,2.490000009536743,21049,0.0,0.0
2023-06-07 14:30:00-04:00,2.484999895095825,2.5399999618530273,2.4800000190734863,2.505000114440918,66508,0.0,0.0
2023-06-07 15:30:00-04:00,2.505000114440918,2.549999952316284,2.5,2.549999952316284,61075,0.0,0.0
2023-06-08 09:30:00-04:00,2.5,2.5350000858306885,2.4800000190734863,2.515000104904175,42444,0.0,0.0
2023-06-08 10:30:00-04:00,2.5250000953674316,2.5799999237060547,2.5250000953674316,2.559999942779541,27412,0.0,0.0
2023-06-08 11:30:00-04:00,2.569999933242798,2.6092000007629395,2.565000057220459,2.6050000190734863,41732,0.0,0.0
2023-06-08 12:30:00-04:00,2.5999999046325684,2.5999999046325684,2.549999952316284,2.559999942779541,34849,0.0,0.0
2023-06-08 13:30:00-04:00,2.561800003051758,2.5899999141693115,2.555000066757202,2.5799999237060547,30075,0.0,0.0
2023-06-08 14:30:00-04:00,2.5899999141693115,2.609999895095825,2.569999933242798,2.5899999141693115,122759,0.0,0.0
2023-06-08 15:30:00-04:00,2.5799999237060547,2.609999895095825,2.575000047683716,2.5999999046325684,103231,0.0,0.0
2023-06-09 09:30:00-04:00,2.5799999237060547,2.7607998847961426,2.5799999237060547,2.75,145157,0.0,0.0
2023-06-09 10:30:00-04:00,2.75,2.7799999713897705,2.7100000381469727,2.7300000190734863,78197,0.0,0.0
2023-06-09 11:30:00-04:00,2.7100000381469727,2.755000114440918,2.7049999237060547,2.740799903869629,40551,0.0,0.0
2023-06-09 12:30:00-04:00,2.740000009536743,2.7699999809265137,2.740000009536743,2.765000104904175,46600,0.0,0.0
2023-06-09 13:30:00-04:00,2.765700101852417,2.7999000549316406,2.7600998878479004,2.7750000953674316,57813,0.0,0.0
2023-06-09 14:30:00-04:00,2.7699999809265137,2.7799999713897705,2.75,2.755000114440918,32128,0.0,0.0
2023-06-09 15:30:00-04:00,2.755000114440918,2.7699999809265137,2.75,2.7699999809265137,93480,0.0,0.0
2023-06-12 09:30:00-04:00,2.799999952316284,2.9700000286102295,2.740000009536743,2.950000047683716,210828,0.0,0.0
2023-06-12 10:30:00-04:00,2.950000047683716,3.069999933242798,2.930000066757202,3.0450000762939453,171731,0.0,0.0
2023-06-12 11:30:00-04:00,3.049299955368042,3.0999999046325684,3.0201001167297363,3.099900007247925,189611,0.0,0.0
2023-06-12 12:30:00-04:00,3.0999999046325684,3.0999999046325684,3.0199999809265137,3.049999952316284,120517,0.0,0.0
2023-06-12 13:30:00-04:00,3.049999952316284,3.0787999629974365,3.0199999809265137,3.049999952316284,56855,0.0,0.0
2023-06-12 14:30:00-04:00,3.049999952316284,3.0899999141693115,3.0225000381469727,3.0225000381469727,54914,0.0,0.0
2023-06-12 15:30:00-04:00,3.027899980545044,3.049999952316284,2.9700000286102295,2.9839999675750732,113992,0.0,0.0
2023-06-13 09:30:00-04:00,3.0299999713897705,3.0299999713897705,2.9200000762939453,3.005000114440918,80070,0.0,0.0
2023-06-13 10:30:00-04:00,3.0,3.015000104904175,2.960099935531616,2.9749999046325684,26025,0.0,0.0
2023-06-13 11:30:00-04:00,2.9702999591827393,3.0,2.950000047683716,3.0,26032,0.0,0.0
2023-06-13 12:30:00-04:00,2.994999885559082,3.005000114440918,2.944999933242798,2.9600000381469727,46708,0.0,0.0
2023-06-13 13:30:00-04:00,2.9649999141693115,2.9688000679016113,2.930000066757202,2.930000066757202,30012,0.0,0.0
2023-06-13 14:30:00-04:00,2.930000066757202,2.940000057220459,2.880000114440918,2.9000000953674316,128207,0.0,0.0
2023-06-13 15:30:00-04:00,2.9049999713897705,2.9100000858306885,2.884999990463257,2.890000104904175,32455,0.0,0.0
2023-06-14 09:30:00-04:00,2.859999895095825,2.914099931716919,2.7701001167297363,2.7701001167297363,79265,0.0,0.0
2023-06-14 10:30:00-04:00,2.7750000953674316,2.7899999618530273,2.759999990463257,2.7699999809265137,21639,0.0,0.0
2023-06-14 11:30:00-04:00,2.7600998878479004,2.7600998878479004,2.694999933242798,2.694999933242798,134528,0.0,0.0
2023-06-14 12:30:00-04:00,2.7091000080108643,2.7300000190734863,2.6600000858306885,2.6649999618530273,80386,0.0,0.0
2023-06-14 13:30:00-04:00,2.6700000762939453,2.7300000190734863,2.640000104904175,2.7049999237060547,63797,0.0,0.0
2023-06-14 14:30:00-04:00,2.7049999237060547,2.759999990463257,2.700000047683716,2.740000009536743,30314,0.0,0.0
2023-06-14 15:30:00-04:00,2.7300000190734863,2.740000009536743,2.7149999141693115,2.740000009536743,46008,0.0,0.0
2023-06-15 09:30:00-04:00,2.7100000381469727,2.805000066757202,2.680000066757202,2.805000066757202,39329,0.0,0.0
2023-06-15 10:30:00-04:00,2.809999942779541,2.8196001052856445,2.762200117111206,2.7850000858306885,21101,0.0,0.0
2023-06-15 11:30:00-04:00,2.7850000858306885,2.7850000858306885,2.7490999698638916,2.755000114440918,44801,0.0,0.0
2023-06-15 12:30:00-04:00,2.755000114440918,2.759999990463257,2.740000009536743,2.759999990463257,9923,0.0,0.0
2023-06-15 13:30:00-04:00,2.75,2.799999952316284,2.75,2.789299964904785,13125,0.0,0.0
2023-06-15 14:30:00-04:00,2.7850000858306885,2.799999952316284,2.7699999809265137,2.7750000953674316,22925,0.0,0.0
2023-06-15 15:30:00-04:00,2.7799999713897705,2.7799999713897705,2.740000009536743,2.744999885559082,35210,0.0,0.0
2023-06-16 09:30:00-04:00,2.740000009536743,2.7799999713897705,2.7200000286102295,2.7249999046325684,80450,0.0,0.0
2023-06-16 10:30:00-04:00,2.7200000286102295,2.7300000190734863,2.6600000858306885,2.6700000762939453,30742,0.0,0.0
2023-06-16 11:30:00-04:00,2.6649999618530273,2.6700000762939453,2.619999885559082,2.6700000762939453,43197,0.0,0.0
2023-06-16 12:30:00-04:00,2.680000066757202,2.7100000381469727,2.680000066757202,2.680000066757202,19716,0.0,0.0
2023-06-16 13:30:00-04:00,2.680000066757202,2.7100000381469727,2.6700000762939453,2.694999933242798,24520,0.0,0.0
2023-06-16 14:30:00-04:00,2.700000047683716,2.700000047683716,2.674999952316284,2.690000057220459,60961,0.0,0.0
2023-06-16 15:30:00-04:00,2.684999942779541,2.7200000286102295,2.680000066757202,2.680000066757202,98140,0.0,0.0
2023-06-20 09:30:00-04:00,2.6500000953674316,2.75,2.6201000213623047,2.680000066757202,65875,0.0,0.0
2023-06-20 10:30:00-04:00,2.677999973297119,2.7200000286102295,2.677999973297119,2.7149999141693115,23384,0.0,0.0
2023-06-20 11:30:00-04:00,2.7200000286102295,2.75,2.7100000381469727,2.75,13689,0.0,0.0
2023-06-20 12:30:00-04:00,2.7500998973846436,2.805000066757202,2.744999885559082,2.805000066757202,36893,0.0,0.0
2023-06-20 13:30:00-04:00,2.8053998947143555,2.819999933242798,2.7899999618530273,2.7899999618530273,22767,0.0,0.0
2023-06-20 14:30:00-04:00,2.7899999618530273,2.7899999618530273,2.759999990463257,2.7699999809265137,36693,0.0,0.0
2023-06-20 15:30:00-04:00,2.7699999809265137,2.7899999618530273,2.7613000869750977,2.7750000953674316,25530,0.0,0.0
2023-06-21 09:30:00-04:00,2.880000114440918,2.880000114440918,2.710099935531616,2.734999895095825,107102,0.0,0.0
2023-06-21 10:30:00-04:00,2.7300000190734863,2.759999990463257,2.7200000286102295,2.75,34514,0.0,0.0
2023-06-21 11:30:00-04:00,2.75,2.809999942779541,2.75,2.809999942779541,35304,0.0,0.0
2023-06-21 12:30:00-04:00,2.809999942779541,2.859999895095825,2.7899999618530273,2.8499999046325684,44279,0.0,0.0
2023-06-21 13:30:00-04:00,2.8499999046325684,2.859999895095825,2.819999933242798,2.8385000228881836,19279,0.0,0.0
2023-06-21 14:30:00-04:00,2.8350000381469727,2.8350000381469727,2.755000114440918,2.755000114440918,29927,0.0,0.0
2023-06-21 15:30:00-04:00,2.755000114440918,2.755000114440918,2.7200000286102295,2.7200000286102295,36905,0.0,0.0
2023-06-22 09:30:00-04:00,2.7200000286102295,2.799999952316284,2.6798999309539795,2.690000057220459,23657,0.0,0.0
2023-06-22 10:30:00-04:00,2.6791000366210938,2.76990008354187,2.6700000762939453,2.76990008354187,37674,0.0,0.0
2023-06-22 11:30:00-04:00,2.765000104904175,2.8399999141693115,2.765000104904175,2.8350000381469727,57740,0.0,0.0
2023-06-22 12:30:00-04:00,2.8350000381469727,2.8499999046325684,2.819999933242798,2.8399999141693115,19733,0.0,0.0
2023-06-22 13:30:00-04:00,2.8499999046325684,2.859999895095825,2.8399999141693115,2.8399999141693115,11761,0.0,0.0
2023-06-22 14:30:00-04:00,2.8299999237060547,2.8299999237060547,2.7950000762939453,2.7950000762939453,11008,0.0,0.0
2023-06-22 15:30:00-04:00,2.799999952316284,2.805000066757202,2.7871999740600586,2.7899999618530273,24978,0.0,0.0
2023-06-23 09:30:00-04:00,2.759999990463257,2.869999885559082,2.752000093460083,2.8513998985290527,40185,0.0,0.0
2023-06-23 10:30:00-04:00,2.869999885559082,2.9000000953674316,2.8499999046325684,2.898699998855591,25459,0.0,0.0
2023-06-23 11:30:00-04:00,2.9000000953674316,2.9691998958587646,2.8949999809265137,2.934999942779541,55832,0.0,0.0
2023-06-23 12:30:00-04:00,2.934999942779541,2.934999942779541,2.865000009536743,2.865000009536743,54803,0.0,0.0
2023-06-23 13:30:00-04:00,2.869999885559082,2.8791000843048096,2.8499999046325684,2.869999885559082,11323,0.0,0.0
2023-06-23 14:30:00-04:00,2.860100030899048,2.869999885559082,2.8399999141693115,2.8550000190734863,19296,0.0,0.0
2023-06-23 15:30:00-04:00,2.8550000190734863,2.859999895095825,2.8299999237060547,2.8399999141693115,43937,0.0,0.0
2023-06-26 09:30:00-04:00,2.8399999141693115,2.869999885559082,2.7300000190734863,2.73009991645813,72990,0.0,0.0
2023-06-26 10:30:00-04:00,2.7339999675750732,2.75,2.7100000381469727,2.7149999141693115,25771,0.0,0.0
2023-06-26 11:30:00-04:00,2.710099935531616,2.7799999713897705,2.7100000381469727,2.75,26590,0.0,0.0
2023-06-26 12:30:00-04:00,2.744999885559082,2.799999952316284,2.740000009536743,2.799999952316284,26718,0.0,0.0
2023-06-26 13:30:00-04:00,2.7950000762939453,2.8399999141693115,2.7799999713897705,2.805000066757202,28597,0.0,0.0
2023-06-26 14:30:00-04:00,2.805000066757202,2.8299999237060547,2.7950000762939453,2.809999942779541,28109,0.0,0.0
2023-06-26 15:30:00-04:00,2.805000066757202,2.819999933242798,2.7799999713897705,2.819999933242798,32274,0.0,0.0
2023-06-27 09:30:00-04:00,2.819999933242798,2.819999933242798,2.7300000190734863,2.7899999618530273,110734,0.0,0.0
2023-06-27 10:30:00-04:00,2.7846999168395996,2.7846999168395996,2.690000057220459,2.7049999237060547,146824,0.0,0.0
2023-06-27 11:30:00-04:00,2.700000047683716,2.7249999046325684,2.700000047683716,2.7249999046325684,28345,0.0,0.0
2023-06-27 12:30:00-04:00,2.7218000888824463,2.768399953842163,2.7207000255584717,2.768399953842163,11176,0.0,0.0
2023-06-27 13:30:00-04:00,2.765000104904175,2.7899999618530273,2.740000009536743,2.744999885559082,42921,0.0,0.0
2023-06-27 14:30:00-04:00,2.742500066757202,2.7850000858306885,2.7300000190734863,2.7799999713897705,53989,0.0,0.0
2023-06-27 15:30:00-04:00,2.7701001167297363,2.7850000858306885,2.765000104904175,2.7750000953674316,41249,0.0,0.0
2023-06-28 09:30:00-04:00,2.7799999713897705,2.8299999237060547,2.740000009536743,2.809999942779541,39532,0.0,0.0
2023-06-28 10:30:00-04:00,2.809999942779541,2.8698999881744385,2.809999942779541,2.8450000286102295,16561,0.0,0.0
2023-06-28 11:30:00-04:00,2.8450000286102295,2.880000114440918,2.8450000286102295,2.869999885559082,16909,0.0,0.0
2023-06-28 12:30:00-04:00,2.8671998977661133,2.927299976348877,2.8499999046325684,2.924999952316284,35312,0.0,0.0
2023-06-28 13:30:00-04:00,2.930000066757202,3.0,2.9100000858306885,2.9700000286102295,109025,0.0,0.0
2023-06-28 14:30:00-04:00,2.9800000190734863,3.0399999618530273,2.950000047683716,3.0,149830,0.0,0.0
2023-06-28 15:30:00-04:00,3.0,3.0250000953674316,3.0,3.015000104904175,54874,0.0,0.0
2023-06-29 09:30:00-04:00,3.009999990463257,3.0999999046325684,3.009999990463257,3.049999952316284,165626,0.0,0.0
2023-06-29 10:30:00-04:00,3.0399999618530273,3.046999931335449,2.9911000728607178,2.992300033569336,16548,0.0,0.0
2023-06-29 11:30:00-04:00,3.009999990463257,3.049999952316284,3.0,3.0250000953674316,29090,0.0,0.0
2023-06-29 12:30:00-04:00,3.0250000953674316,3.049999952316284,3.0250000953674316,3.0450000762939453,10166,0.0,0.0
2023-06-29 13:30:00-04:00,3.0490000247955322,3.065000057220459,3.0399999618530273,3.0450000762939453,32662,0.0,0.0
2023-06-29 14:30:00-04:00,3.0420000553131104,3.049999952316284,3.009999990463257,3.0350000858306885,27301,0.0,0.0
2023-06-29 15:30:00-04:00,3.0399999618530273,3.049999952316284,3.009999990463257,3.009999990463257,30513,0.0,0.0
2023-06-30 09:30:00-04:00,3.0299999713897705,3.0299999713897705,2.850100040435791,2.9100000858306885,154413,0.0,0.0
2023-06-30 10:30:00-04:00,2.9182000160217285,2.9384000301361084,2.890000104904175,2.9000000953674316,20358,0.0,0.0
2023-06-30 11:30:00-04:00,2.890000104904175,2.934999942779541,2.890000104904175,2.930000066757202,6509,0.0,0.0
2023-06-30 12:30:00-04:00,2.930000066757202,2.9549999237060547,2.9200000762939453,2.940000057220459,5137,0.0,0.0
2023-06-30 13:30:00-04:00,2.940000057220459,2.9800000190734863,2.940000057220459,2.9600000381469727,16517,0.0,0.0
2023-06-30 14:30:00-04:00,2.9600000381469727,2.9600000381469727,2.9200000762939453,2.9200000762939453,17528,0.0,0.0
2023-06-30 15:30:00-04:00,2.9200000762939453,2.944999933242798,2.9000000953674316,2.940000057220459,23853,0.0,0.0
2023-07-03 09:30:00-04:00,2.9600000381469727,3.0,2.9463000297546387,2.990000009536743,20811,0.0,0.0
2023-07-03 10:30:00-04:00,3.0,3.069999933242798,3.0,3.049999952316284,92206,0.0,0.0
2023-07-03 11:30:00-04:00,3.0564000606536865,3.069999933242798,3.009999990463257,3.0450000762939453,82315,0.0,0.0
2023-07-05 09:30:00-04:00,3.140000104904175,3.2100000381469727,3.089900016784668,3.1600000858306885,46809,0.0,0.0
2023-07-05 10:30:00-04:00,3.1700000762939453,3.190000057220459,3.0999999046325684,3.1198999881744385,55760,0.0,0.0
2023-07-05 11:30:00-04:00,3.128700017929077,3.1449999809265137,3.119999885559082,3.1449999809265137,10219,0.0,0.0
2023-07-05 12:30:00-04:00,3.1449999809265137,3.1449999809265137,3.1050000190734863,3.1171000003814697,5400,0.0,0.0
2023-07-05 13:30:00-04:00,3.1270999908447266,3.1270999908447266,3.059999942779541,3.059999942779541,63563,0.0,0.0
2023-07-05 14:30:00-04:00,3.059999942779541,3.059999942779541,3.033799886703491,3.0399999618530273,19607,0.0,0.0
2023-07-05 15:30:00-04:00,3.049999952316284,3.049999952316284,3.009999990463257,3.015000104904175,16306,0.0,0.0
2023-07-06 09:30:00-04:00,3.009999990463257,3.0199999809265137,2.809999942779541,2.8285000324249268,98250,0.0,0.0
2023-07-06 10:30:00-04:00,2.8299999237060547,2.8499999046325684,2.819999933242798,2.8399999141693115,47031,0.0,0.0
2023-07-06 11:30:00-04:00,2.8399999141693115,2.869999885559082,2.8399999141693115,2.865000009536743,18565,0.0,0.0
2023-07-06 12:30:00-04:00,2.865000009536743,2.880000114440918,2.8450000286102295,2.8499999046325684,21631,0.0,0.0
2023-07-06 13:30:00-04:00,2.8550000190734863,2.9100000858306885,2.8399999141693115,2.869999885559082,43168,0.0,0.0
2023-07-06 14:30:00-04:00,2.869999885559082,2.930000066757202,2.869999885559082,2.890000104904175,37727,0.0,0.0
2023-07-06 15:30:00-04:00,2.880000114440918,2.890000104904175,2.8450000286102295,2.869999885559082,36348,0.0,0.0
2023-07-07 09:30:00-04:00,2.8299999237060547,2.9000000953674316,2.799999952316284,2.8450000286102295,30360,0.0,0.0
2023-07-07 10:30:00-04:00,2.8399999141693115,2.8931000232696533,2.825000047683716,2.880000114440918,28414,0.0,0.0
2023-07-07 11:30:00-04:00,2.880000114440918,2.880000114440918,2.859999895095825,2.875,12851,0.0,0.0
2023-07-07 12:30:00-04:00,2.880000114440918,2.880000114440918,2.8399999141693115,2.849900007247925,25889,0.0,0.0
2023-07-07 13:30:00-04:00,2.840100049972534,2.840100049972534,2.815000057220459,2.8350000381469727,21898,0.0,0.0
2023-07-07 14:30:00-04:00,2.8299999237060547,2.8299999237060547,2.809999942779541,2.809999942779541,26218,0.0,0.0
2023-07-07 15:30:00-04:00,2.815000057220459,2.819999933242798,2.7899999618530273,2.809999942779541,36158,0.0,0.0
2023-07-10 09:30:00-04:00,2.8499999046325684,2.869999885559082,2.7899999618530273,2.8299999237060547,38753,0.0,0.0
2023-07-10 10:30:00-04:00,2.8299999237060547,2.8450000286102295,2.809999942779541,2.819999933242798,49842,0.0,0.0
2023-07-10 11:30:00-04:00,2.819999933242798,2.8399999141693115,2.809999942779541,2.819999933242798,14997,0.0,0.0
2023-07-10 12:30:00-04:00,2.819999933242798,2.840100049972534,2.805000066757202,2.840100049972534,19843,0.0,0.0
2023-07-10 13:30:00-04:00,2.8499999046325684,2.880000114440918,2.8499999046325684,2.875,23620,0.0,0.0
2023-07-10 14:30:00-04:00,2.869999885559082,2.869999885559082,2.8499999046325684,2.8499999046325684,13678,0.0,0.0
2023-07-10 15:30:00-04:00,2.8499999046325684,2.8550000190734863,2.8299999237060547,2.8299999237060547,12947,0.0,0.0
2023-07-11 09:30:00-04:00,2.8399999141693115,2.8499999046325684,2.819999933242798,2.8499999046325684,9129,0.0,0.0
2023-07-11 10:30:00-04:00,2.8499999046325684,2.869999885559082,2.8273000717163086,2.8299999237060547,9058,0.0,0.0
2023-07-11 11:30:00-04:00,2.819999933242798,2.859999895095825,2.819999933242798,2.8499999046325684,8024,0.0,0.0
2023-07-11 12:30:00-04:00,2.8450000286102295,2.8499999046325684,2.8385000228881836,2.8385000228881836,5004,0.0,0.0
2023-07-11 13:30:00-04:00,2.8350000381469727,2.8399999141693115,2.7699999809265137,2.789900064468384,31984,0.0,0.0
2023-07-11 14:30:00-04:00,2.7799999713897705,2.7799999713897705,2.7300000190734863,2.759999990463257,93012,0.0,0.0
2023-07-11 15:30:00-04:00,2.750999927520752,2.7599000930786133,2.7100000381469727,2.734999895095825,38734,0.0,0.0
2023-07-12 09:30:00-04:00,2.75,2.7797000408172607,2.7000999450683594,2.7174999713897705,32371,0.0,0.0
2023-07-12 10:30:00-04:00,2.7149999141693115,2.7149999141693115,2.670099973678589,2.6912999153137207,42304,0.0,0.0
2023-07-12 11:30:00-04:00,2.694999933242798,2.700000047683716,2.6600000858306885,2.690000057220459,42515,0.0,0.0
2023-07-12 12:30:00-04:00,2.680000066757202,2.7200000286102295,2.680000066757202,2.7200000286102295,17386,0.0,0.0
2023-07-12 13:30:00-04:00,2.7200000286102295,2.7400999069213867,2.7100000381469727,2.7200000286102295,33846,0.0,0.0
2023-07-12 14:30:00-04:00,2.7200000286102295,2.7200000286102295,2.609999895095825,2.630000114440918,106843,0.0,0.0
2023-07-12 15:30:00-04:00,2.633500099182129,2.6600000858306885,2.619999885559082,2.6500000953674316,53299,0.0,0.0
2023-07-13 09:30:00-04:00,2.6500000953674316,2.6649999618530273,2.619999885559082,2.634999990463257,30350,0.0,0.0
2023-07-13 10:30:00-04:00,2.6342999935150146,2.6600000858306885,2.615000009536743,2.6500000953674316,26740,0.0,0.0
2023-07-13 11:30:00-04:00,2.640000104904175,2.6600000858306885,2.640000104904175,2.6600000858306885,7969,0.0,0.0
2023-07-13 12:30:00-04:00,2.6700000762939453,2.7699999809265137,2.6700000762939453,2.744999885559082,97928,0.0,0.0
2023-07-13 13:30:00-04:00,2.740000009536743,2.740000009536743,2.700000047683716,2.700000047683716,34406,0.0,0.0
2023-07-13 14:30:00-04:00,2.700000047683716,2.700000047683716,2.670799970626831,2.690000057220459,21034,0.0,0.0
2023-07-13 15:30:00-04:00,2.6972999572753906,2.734999895095825,2.6972999572753906,2.7300000190734863,33472,0.0,0.0
2023-07-14 09:30:00-04:00,2.7300000190734863,2.8399999141693115,2.7300000190734863,2.7899999618530273,62288,0.0,0.0
2023-07-14 10:30:00-04:00,2.7899999618530273,2.825000047683716,2.7799999713897705,2.7899999618530273,21451,0.0,0.0
2023-07-14 11:30:00-04:00,2.7899999618530273,2.7899999618530273,2.740000009536743,2.751800060272217,30430,0.0,0.0
2023-07-14 12:30:00-04:00,2.755000114440918,2.755000114440918,2.7300000190734863,2.7300000190734863,4299,0.0,0.0
2023-07-14 13:30:00-04:00,2.734999895095825,2.7399001121520996,2.7200000286102295,2.7200000286102295,6119,0.0,0.0
2023-07-14 14:30:00-04:00,2.7200000286102295,2.740000009536743,2.7100000381469727,2.734999895095825,8211,0.0,0.0
2023-07-14 15:30:00-04:00,2.734999895095825,2.759999990463257,2.734999895095825,2.755000114440918,17155,0.0,0.0
2023-07-17 09:30:00-04:00,2.740000009536743,2.8299999237060547,2.740000009536743,2.815000057220459,25989,0.0,0.0
2023-07-17 10:30:00-04:00,2.819999933242798,2.8554999828338623,2.809999942779541,2.8350000381469727,10434,0.0,0.0
2023-07-17 11:30:00-04:00,2.8299999237060547,2.8550000190734863,2.815000057220459,2.8550000190734863,11296,0.0,0.0
2023-07-17 12:30:00-04:00,2.8499999046325684,2.869999885559082,2.809999942779541,2.809999942779541,9644,0.0,0.0
2023-07-17 13:30:00-04:00,2.809999942779541,2.819999933242798,2.7899999618530273,2.7950000762939453,7512,0.0,0.0
2023-07-17 14:30:00-04:00,2.7899999618530273,2.7899999618530273,2.7699999809265137,2.7713000774383545,12385,0.0,0.0
2023-07-17 15:30:00-04:00,2.7699999809265137,2.7899999618530273,2.759999990463257,2.7899999618530273,14901,0.0,0.0
2023-07-18 09:30:00-04:00,2.7899999618530273,2.8201000690460205,2.759999990463257,2.7850000858306885,22883,0.0,0.0
2023-07-18 10:30:00-04:00,2.7850000858306885,2.8570001125335693,2.7850000858306885,2.8299999237060547,18781,0.0,0.0
2023-07-18 11:30:00-04:00,2.825000047683716,2.869999885559082,2.815000057220459,2.859999895095825,8475,0.0,0.0
2023-07-18 12:30:00-04:00,2.859999895095825,2.859999895095825,2.8299999237060547,2.8299999237060547,10440,0.0,0.0
2023-07-18 13:30:00-04:00,2.8350000381469727,2.8399999141693115,2.799999952316284,2.809999942779541,10541,0.0,0.0
2023-07-18 14:30:00-04:00,2.809999942779541,2.8101000785827637,2.799999952316284,2.8046000003814697,3376,0.0,0.0
2023-07-18 15:30:00-04:00,2.799999952316284,2.819999933242798,2.799999952316284,2.799999952316284,12505,0.0,0.0
2023-07-19 09:30:00-04:00,2.7799999713897705,2.8405001163482666,2.740000009536743,2.8405001163482666,44348,0.0,0.0
2023-07-19 10:30:00-04:00,2.8299999237060547,2.8299999237060547,2.789900064468384,2.819999933242798,29852,0.0,0.0
2023-07-19 11:30:00-04:00,2.819999933242798,2.890000104904175,2.819999933242798,2.8299999237060547,39944,0.0,0.0
2023-07-19 12:30:00-04:00,2.8299999237060547,2.8299999237060547,2.809999942779541,2.809999942779541,7281,0.0,0.0
2023-07-19 13:30:00-04:00,2.809999942779541,2.819999933242798,2.799999952316284,2.809999942779541,6868,0.0,0.0
2023-07-19 14:30:00-04:00,2.809999942779541,2.825000047683716,2.8022000789642334,2.825000047683716,5759,0.0,0.0
2023-07-19 15:30:00-04:00,2.819999933242798,2.819999933242798,2.805000066757202,2.815000057220459,13777,0.0,0.0
2023-07-20 09:30:00-04:00,2.799999952316284,2.890000104904175,2.799999952316284,2.825000047683716,53752,0.0,0.0
2023-07-20 10:30:00-04:00,2.825000047683716,2.884999990463257,2.825000047683716,2.8812999725341797,18089,0.0,0.0
2023-07-20 11:30:00-04:00,2.884999990463257,2.890000104904175,2.8499999046325684,2.8698999881744385,12983,0.0,0.0
2023-07-20 12:30:00-04:00,2.8698999881744385,2.924999952316284,2.8499999046325684,2.9049999713897705,51765,0.0,0.0
2023-07-20 13:30:00-04:00,2.9089999198913574,2.9600000381469727,2.9089999198913574,2.934999942779541,53884,0.0,0.0
2023-07-20 14:30:00-04:00,2.930000066757202,2.9800000190734863,2.9200000762939453,2.9549999237060547,45701,0.0,0.0
2023-07-20 15:30:00-04:00,2.9549999237060547,2.9800000190734863,2.934999942779541,2.9700000286102295,30170,0.0,0.0
2023-07-21 09:30:00-04:00,2.990000009536743,2.990000009536743,2.8506999015808105,2.8506999015808105,33594,0.0,0.0
2023-07-21 10:30:00-04:00,2.8548998832702637,2.9217000007629395,2.8499999046325684,2.9200000762939453,15726,0.0,0.0
2023-07-21 11:30:00-04:00,2.930000066757202,2.934999942779541,2.9000000953674316,2.934999942779541,19484,0.0,0.0
2023-07-21 12:30:00-04:00,2.934999942779541,2.970099925994873,2.9200000762939453,2.970099925994873,5533,0.0,0.0
2023-07-21 13:30:00-04:00,2.9612998962402344,3.0,2.950000047683716,2.950000047683716,36332,0.0,0.0
2023-07-21 14:30:00-04:00,2.9440999031066895,2.9800000190734863,2.9440999031066895,2.9749999046325684,8764,0.0,0.0
2023-07-21 15:30:00-04:00,2.9749999046325684,2.9800000190734863,2.9700000286102295,2.9700000286102295,10202,0.0,0.0
2023-07-24 09:30:00-04:00,2.9600000381469727,3.049999952316284,2.930000066757202,3.009999990463257,58156,0.0,0.0
2023-07-24 10:30:00-04:00,3.009999990463257,3.009999990463257,2.950000047683716,2.950000047683716,22169,0.0,0.0
2023-07-24 11:30:00-04:00,2.944999933242798,2.944999933242798,2.869999885559082,2.884999990463257,31795,0.0,0.0
2023-07-24 12:30:00-04:00,2.88919997215271,2.889899969100952,2.869999885559082,2.8812999725341797,5289,0.0,0.0
2023-07-24 13:30:00-04:00,2.880000114440918,2.8812999725341797,2.809999942779541,2.819999933242798,38936,0.0,0.0
2023-07-24 14:30:00-04:00,2.8101000785827637,2.819999933242798,2.780100107192993,2.7950000762939453,35520,0.0,0.0
2023-07-24 15:30:00-04:00,2.7899999618530273,2.7950000762939453,2.700000047683716,2.700000047683716,67329,0.0,0.0
2023-07-25 09:30:00-04:00,2.700000047683716,2.759999990463257,2.680000066757202,2.680000066757202,54604,0.0,0.0
2023-07-25 10:30:00-04:00,2.6791999340057373,2.7100000381469727,2.674999952316284,2.700000047683716,13949,0.0,0.0
2023-07-25 11:30:00-04:00,2.7100000381469727,2.7300000190734863,2.700000047683716,2.7200000286102295,10050,0.0,0.0
2023-07-25 12:30:00-04:00,2.7149999141693115,2.740000009536743,2.700000047683716,2.740000009536743,45228,0.0,0.0
2023-07-25 13:30:00-04:00,2.744999885559082,2.759999990463257,2.7200000286102295,2.759999990463257,25278,0.0,0.0
2023-07-25 14:30:00-04:00,2.759999990463257,2.7699999809265137,2.740000009536743,2.765000104904175,14502,0.0,0.0
2023-07-25 15:30:00-04:00,2.765000104904175,2.7899999618530273,2.759999990463257,2.7899999618530273,47565,0.0,0.0
2023-07-26 09:30:00-04:00,2.7799999713897705,2.865000009536743,2.7100000381469727,2.8299999237060547,21260,0.0,0.0
2023-07-26 10:30:00-04:00,2.8399999141693115,2.846299886703491,2.8073999881744385,2.815000057220459,5325,0.0,0.0
2023-07-26 11:30:00-04:00,2.8101999759674072,2.825000047683716,2.800100088119507,2.822000026702881,6924,0.0,0.0
2023-07-26 12:30:00-04:00,2.825000047683716,2.8499999046325684,2.819999933242798,2.8299999237060547,4473,0.0,0.0
2023-07-26 13:30:00-04:00,2.815000057220459,2.825000047683716,2.805000066757202,2.825000047683716,5351,0.0,0.0
2023-07-26 14:30:00-04:00,2.819999933242798,2.865000009536743,2.819999933242798,2.8399999141693115,16332,0.0,0.0
2023-07-26 15:30:00-04:00,2.8499999046325684,2.8550000190734863,2.8299999237060547,2.8399999141693115,4448,0.0,0.0
2023-07-27 09:30:00-04:00,2.8701999187469482,2.8701999187469482,2.809999942779541,2.8399999141693115,11341,0.0,0.0
2023-07-27 10:30:00-04:00,2.8317999839782715,2.8317999839782715,2.799999952316284,2.819999933242798,7178,0.0,0.0
2023-07-27 11:30:00-04:00,2.819999933242798,2.880000114440918,2.819999933242798,2.8701999187469482,13004,0.0,0.0
2023-07-27 12:30:00-04:00,2.880000114440918,2.880000114440918,2.819999933242798,2.8299999237060547,14904,0.0,0.0
2023-07-27 13:30:00-04:00,2.819999933242798,2.8399999141693115,2.819999933242798,2.8399999141693115,9344,0.0,0.0
2023-07-27 14:30:00-04:00,2.8301000595092773,2.8429999351501465,2.799999952316284,2.819999933242798,35984,0.0,0.0
2023-07-27 15:30:00-04:00,2.809999942779541,2.8299999237060547,2.799999952316284,2.8299999237060547,13795,0.0,0.0
2023-07-28 09:30:00-04:00,2.8299999237060547,2.940000057220459,2.8299999237060547,2.8719000816345215,29749,0.0,0.0
2023-07-28 10:30:00-04:00,2.8798999786376953,2.9600000381469727,2.869999885559082,2.950000047683716,39607,0.0,0.0
2023-07-28 11:30:00-04:00,2.950000047683716,3.0399999618530273,2.940000057220459,3.0299999713897705,60219,0.0,0.0
2023-07-28 12:30:00-04:00,3.0199999809265137,3.0799999237060547,2.990000009536743,3.0,75730,0.0,0.0
2023-07-28 13:30:00-04:00,2.990000009536743,3.0199999809265137,2.9700000286102295,2.9800000190734863,17402,0.0,0.0
2023-07-28 14:30:00-04:00,2.97160005569458,2.9800000190734863,2.950000047683716,2.9600000381469727,10101,0.0,0.0
2023-07-28 15:30:00-04:00,2.950000047683716,2.9700000286102295,2.930000066757202,2.9600000381469727,17085,0.0,0.0
2023-07-31 09:30:00-04:00,2.940000057220459,3.0,2.930000066757202,2.9900999069213867,28243,0.0,0.0
2023-07-31 10:30:00-04:00,2.9944000244140625,3.009999990463257,2.9200000762939453,2.9600000381469727,26324,0.0,0.0
2023-07-31 11:30:00-04:00,2.9800000190734863,3.0,2.9600000381469727,2.970099925994873,12919,0.0,0.0
2023-07-31 12:30:00-04:00,2.9800000190734863,2.9800000190734863,2.9600000381469727,2.9723000526428223,6346,0.0,0.0
2023-07-31 13:30:00-04:00,2.9749999046325684,2.990000009536743,2.9700000286102295,2.9800000190734863,16275,0.0,0.0
2023-07-31 14:30:00-04:00,2.9800000190734863,3.009999990463257,2.9781999588012695,2.994999885559082,78100,0.0,0.0
2023-07-31 15:30:00-04:00,2.990000009536743,2.990000009536743,2.950000047683716,2.9800000190734863,22783,0.0,0.0
2023-08-01 09:30:00-04:00,2.940000057220459,3.0,2.890000104904175,2.890000104904175,15586,0.0,0.0
2023-08-01 10:30:00-04:00,2.889899969100952,2.9200000762939453,2.880000114440918,2.9100000858306885,6350,0.0,0.0
2023-08-01 11:30:00-04:00,2.90910005569458,2.9100000858306885,2.890000104904175,2.8991000652313232,11063,0.0,0.0
2023-08-01 12:30:00-04:00,2.890000104904175,2.890000104904175,2.869999885559082,2.884999990463257,12533,0.0,0.0
2023-08-01 13:30:00-04:00,2.869999885559082,2.880000114440918,2.8499999046325684,2.880000114440918,13073,0.0,0.0
2023-08-01 14:30:00-04:00,2.890000104904175,2.8949999809265137,2.880000114440918,2.890000104904175,4471,0.0,0.0
2023-08-01 15:30:00-04:00,2.890000104904175,2.930000066757202,2.890000104904175,2.930000066757202,16084,0.0,0.0
2023-08-02 09:30:00-04:00,2.880000114440918,2.930000066757202,2.799999952316284,2.8499999046325684,0,0.0,0.0
2023-08-02 10:30:00-04:00,2.859999895095825,2.859999895095825,2.819999933242798,2.8299999237060547,8478,0.0,0.0
2023-08-02 11:30:00-04:00,2.8468000888824463,2.8499999046325684,2.8299999237060547,2.8299999237060547,2118,0.0,0.0
2023-08-02 12:30:00-04:00,2.825000047683716,2.859999895095825,2.819999933242798,2.859999895095825,11595,0.0,0.0
2023-08-02 13:30:00-04:00,2.8450000286102295,2.8499999046325684,2.819999933242798,2.8399999141693115,6614,0.0,0.0
2023-08-02 14:30:00-04:00,2.8399999141693115,2.8499999046325684,2.8299999237060547,2.8399999141693115,6904,0.0,0.0
2023-08-02 15:30:00-04:00,2.8399999141693115,2.859999895095825,2.839900016784668,2.859999895095825,22553,0.0,0.0
2023-08-03 09:30:00-04:00,2.8399999141693115,2.869999885559082,2.821000099182129,2.8450000286102295,2835,0.0,0.0
2023-08-03 10:30:00-04:00,2.8499999046325684,2.8499999046325684,2.819999933242798,2.8350000381469727,9099,0.0,0.0
2023-08-03 11:30:00-04:00,2.8499999046325684,2.880000114440918,2.841599941253662,2.8550000190734863,4882,0.0,0.0
2023-08-03 12:30:00-04:00,2.845599889755249,2.9000000953674316,2.8299999237060547,2.869999885559082,11842,0.0,0.0
2023-08-03 13:30:00-04:00,2.890000104904175,2.9000000953674316,2.850100040435791,2.9000000953674316,10076,0.0,0.0
2023-08-03 14:30:00-04:00,2.8801000118255615,2.9100000858306885,2.850100040435791,2.850100040435791,15362,0.0,0.0
2023-08-03 15:30:00-04:00,2.859999895095825,2.9200000762939453,2.859999895095825,2.9200000762939453,18178,0.0,0.0
2023-08-04 09:30:00-04:00,2.940000057220459,2.940000057220459,2.819999933242798,2.8399999141693115,12722,0.0,0.0
2023-08-04 10:30:00-04:00,2.8399999141693115,2.9000000953674316,2.8399999141693115,2.890000104904175,12864,0.0,0.0
2023-08-04 11:30:00-04:00,2.890000104904175,2.930000066757202,2.880000114440918,2.9200000762939453,9992,0.0,0.0
2023-08-04 12:30:00-04:00,2.9200000762939453,2.969399929046631,2.9000000953674316,2.969399929046631,13157,0.0,0.0
2023-08-04 13:30:00-04:00,2.9700000286102295,3.0,2.940000057220459,2.9700000286102295,34792,0.0,0.0
2023-08-04 14:30:00-04:00,2.9549999237060547,2.9800000190734863,2.9100000858306885,2.940000057220459,16187,0.0,0.0
2023-08-04 15:30:00-04:00,2.940000057220459,2.950000047683716,2.9000000953674316,2.9200000762939453,19729,0.0,0.0
2023-08-07 09:30:00-04:00,2.950000047683716,3.0,2.8399999141693115,2.869999885559082,28205,0.0,0.0
2023-08-07 10:30:00-04:00,2.880000114440918,2.880000114440918,2.809999942779541,2.819999933242798,16489,0.0,0.0
2023-08-07 11:30:00-04:00,2.819999933242798,2.880000114440918,2.819999933242798,2.865000009536743,8120,0.0,0.0
2023-08-07 12:30:00-04:00,2.859999895095825,2.880000114440918,2.8399999141693115,2.859999895095825,5865,0.0,0.0
2023-08-07 13:30:00-04:00,2.8550000190734863,2.890000104904175,2.8550000190734863,2.875,11454,0.0,0.0
2023-08-07 14:30:00-04:00,2.875,2.8949999809265137,2.8499999046325684,2.890000104904175,16346,0.0,0.0
2023-08-07 15:30:00-04:00,2.8801000118255615,2.9000000953674316,2.869999885559082,2.9000000953674316,26657,0.0,0.0
2023-08-08 09:30:00-04:00,2.8399999141693115,2.880000114440918,2.822499990463257,2.8499999046325684,13080,0.0,0.0
2023-08-08 10:30:00-04:00,2.8299999237060547,2.880000114440918,2.819999933242798,2.869999885559082,12729,0.0,0.0
2023-08-08 11:30:00-04:00,2.8499999046325684,2.869999885559082,2.8399999141693115,2.859999895095825,5256,0.0,0.0
2023-08-08 12:30:00-04:00,2.859999895095825,2.9000000953674316,2.859999895095825,2.9000000953674316,32925,0.0,0.0
2023-08-08 13:30:00-04:00,2.859999895095825,2.930000066757202,2.859999895095825,2.930000066757202,14457,0.0,0.0
2023-08-08 14:30:00-04:00,2.930000066757202,2.9800000190734863,2.9149999618530273,2.9649999141693115,21123,0.0,0.0
2023-08-08 15:30:00-04:00,2.9519999027252197,3.0,2.9519999027252197,2.9600000381469727,12522,0.0,0.0
2023-08-09 09:30:00-04:00,2.950000047683716,2.990000009536743,2.940000057220459,2.990000009536743,8774,0.0,0.0
2023-08-09 10:30:00-04:00,2.9649999141693115,2.9700000286102295,2.929500102996826,2.9549999237060547,3991,0.0,0.0
2023-08-09 11:30:00-04:00,2.940000057220459,2.9600000381469727,2.9200000762939453,2.9600000381469727,15186,0.0,0.0
2023-08-09 12:30:00-04:00,2.950000047683716,3.0,2.950000047683716,2.990000009536743,9292,0.0,0.0
2023-08-09 13:30:00-04:00,2.990000009536743,2.990000009536743,2.9700000286102295,2.977299928665161,3270,0.0,0.0
2023-08-09 14:30:00-04:00,2.9800000190734863,2.990000009536743,2.9600000381469727,2.9700000286102295,13970,0.0,0.0
2023-08-09 15:30:00-04:00,2.9700000286102295,2.9800000190734863,2.930000066757202,2.9600000381469727,20963,0.0,0.0
2023-08-10 09:30:00-04:00,2.930000066757202,2.990000009536743,2.930000066757202,2.9642999172210693,5944,0.0,0.0
2023-08-10 10:30:00-04:00,2.9600000381469727,2.9600000381469727,2.900099992752075,2.9049999713897705,15012,0.0,0.0
2023-08-10 11:30:00-04:00,2.9049999713897705,2.990000009536743,2.9049999713897705,2.950000047683716,17867,0.0,0.0
2023-08-10 12:30:00-04:00,2.930000066757202,2.990000009536743,2.930000066757202,2.9749999046325684,4058,0.0,0.0
2023-08-10 13:30:00-04:00,2.990000009536743,2.990000009536743,2.969399929046631,2.9749999046325684,8592,0.0,0.0
2023-08-10 14:30:00-04:00,2.990000009536743,2.990000009536743,2.960400104522705,2.9700000286102295,1710,0.0,0.0
2023-08-10 15:30:00-04:00,2.9800000190734863,2.990000009536743,2.950000047683716,2.990000009536743,7569,0.0,0.0
2023-08-11 09:30:00-04:00,3.0,3.2399001121520996,2.9972000122070312,3.2174999713897705,71407,0.0,0.0
2023-08-11 10:30:00-04:00,3.200200080871582,3.2799999713897705,3.200000047683716,3.259999990463257,56612,0.0,0.0
2023-08-11 11:30:00-04:00,3.259999990463257,3.359999895095825,3.0799999237060547,3.0799999237060547,152310,0.0,0.0
2023-08-11 12:30:00-04:00,3.1449999809265137,3.190000057220459,3.130000114440918,3.1449999809265137,7451,0.0,0.0
2023-08-11 13:30:00-04:00,3.1489999294281006,3.178999900817871,3.069999933242798,3.075000047683716,15207,0.0,0.0
2023-08-11 14:30:00-04:00,3.0799999237060547,3.0899999141693115,2.9800000190734863,2.9800000190734863,58204,0.0,0.0
2023-08-11 15:30:00-04:00,2.9600000381469727,3.009999990463257,2.9549999237060547,2.9800000190734863,158223,0.0,0.0
2023-08-14 09:30:00-04:00,2.9200000762939453,2.97979998588562,2.799499988555908,2.8399999141693115,48576,0.0,0.0
2023-08-14 10:30:00-04:00,2.897599935531616,2.95989990234375,2.8499999046325684,2.859999895095825,11201,0.0,0.0
2023-08-14 11:30:00-04:00,2.859999895095825,2.890000104904175,2.7799999713897705,2.8194000720977783,35164,0.0,0.0
2023-08-14 12:30:00-04:00,2.8199000358581543,2.934999942779541,2.8199000358581543,2.8499999046325684,21832,0.0,0.0
2023-08-14 13:30:00-04:00,2.8499999046325684,2.869999885559082,2.819999933242798,2.8499999046325684,3901,0.0,0.0
2023-08-14 14:30:00-04:00,2.8499999046325684,2.859999895095825,2.8299999237060547,2.8299999237060547,4584,0.0,0.0
2023-08-14 15:30:00-04:00,2.8399999141693115,2.8499999046325684,2.7699999809265137,2.809999942779541,31434,0.0,0.0
2023-08-15 09:30:00-04:00,3.2300000190734863,3.359999895095825,2.5399999618530273,2.7200000286102295,2905131,0.0,0.0
2023-08-15 10:30:00-04:00,2.740000009536743,2.779900074005127,2.640000104904175,2.75,278246,0.0,0.0
2023-08-15 11:30:00-04:00,2.7499001026153564,2.869999885559082,2.7300000190734863,2.7809998989105225,166703,0.0,0.0
2023-08-15 12:30:00-04:00,2.759999990463257,2.799999952316284,2.700000047683716,2.7799999713897705,78805,0.0,0.0
2023-08-15 13:30:00-04:00,2.799999952316284,2.809999942779541,2.7332000732421875,2.7799999713897705,59327,0.0,0.0
2023-08-15 14:30:00-04:00,2.740000009536743,2.809999942779541,2.7100000381469727,2.773400068283081,85120,0.0,0.0
2023-08-15 15:30:00-04:00,2.7699999809265137,2.809999942779541,2.7300000190734863,2.7899999618530273,86493,0.0,0.0
2023-08-16 09:30:00-04:00,2.7100000381469727,2.869999885559082,2.619999885559082,2.7799999713897705,331817,0.0,0.0
2023-08-16 10:30:00-04:00,2.759999990463257,2.7799999713897705,2.700000047683716,2.7200000286102295,51684,0.0,0.0
2023-08-16 11:30:00-04:00,2.7200000286102295,2.75,2.700000047683716,2.7200000286102295,52291,0.0,0.0
2023-08-16 12:30:00-04:00,2.7200000286102295,2.7200000286102295,2.6136999130249023,2.6500000953674316,64796,0.0,0.0
2023-08-16 13:30:00-04:00,2.6700000762939453,2.740000009536743,2.6600000858306885,2.7063000202178955,70615,0.0,0.0
2023-08-16 14:30:00-04:00,2.7049999237060547,2.740000009536743,2.5897998809814453,2.634999990463257,184750,0.0,0.0
2023-08-16 15:30:00-04:00,2.630000114440918,2.690000057220459,2.619999885559082,2.6500000953674316,65711,0.0,0.0
2023-08-17 09:30:00-04:00,2.6700000762939453,2.75,2.6700000762939453,2.75,76577,0.0,0.0
2023-08-17 10:30:00-04:00,2.7300000190734863,2.818000078201294,2.7300000190734863,2.7685999870300293,49044,0.0,0.0
2023-08-17 11:30:00-04:00,2.763000011444092,2.7699999809265137,2.7300000190734863,2.7600998878479004,20061,0.0,0.0
2023-08-17 12:30:00-04:00,2.7600998878479004,2.7799999713897705,2.75,2.759999990463257,27090,0.0,0.0
2023-08-17 13:30:00-04:00,2.759999990463257,2.799999952316284,2.7200000286102295,2.7699999809265137,32842,0.0,0.0
2023-08-17 14:30:00-04:00,2.7899999618530273,2.819999933242798,2.759999990463257,2.799999952316284,35403,0.0,0.0
2023-08-17 15:30:00-04:00,2.799999952316284,2.799999952316284,2.740000009536743,2.759999990463257,28073,0.0,0.0
2023-08-18 09:30:00-04:00,2.6700000762939453,2.819999933242798,2.6500000953674316,2.805000066757202,35964,0.0,0.0
2023-08-18 10:30:00-04:00,2.8069000244140625,2.890000104904175,2.759999990463257,2.8619000911712646,49210,0.0,0.0
2023-08-18 11:30:00-04:00,2.850100040435791,2.930000066757202,2.819999933242798,2.9149999618530273,33190,0.0,0.0
2023-08-18 12:30:00-04:00,2.9149999618530273,3.0,2.9000000953674316,2.971299886703491,62891,0.0,0.0
2023-08-18 13:30:00-04:00,2.9800000190734863,3.049999952316284,2.9600000381469727,2.9667999744415283,74012,0.0,0.0
2023-08-18 14:30:00-04:00,2.9600000381469727,2.9700000286102295,2.9100000858306885,2.930000066757202,42981,0.0,0.0
2023-08-18 15:30:00-04:00,2.930000066757202,2.944999933242798,2.9000000953674316,2.930000066757202,28809,0.0,0.0
2023-08-21 09:30:00-04:00,2.880000114440918,3.140000104904175,2.880000114440918,2.9549999237060547,158893,0.0,0.0
2023-08-21 10:30:00-04:00,2.942500114440918,2.990000009536743,2.940000057220459,2.984999895095825,25322,0.0,0.0
2023-08-21 11:30:00-04:00,2.97379994392395,3.0,2.97379994392395,2.990000009536743,40441,0.0,0.0
2023-08-21 12:30:00-04:00,3.0,3.069999933242798,2.9600000381469727,3.069999933242798,99948,0.0,0.0
2023-08-21 13:30:00-04:00,3.059999942779541,3.0999999046325684,3.0,3.059999942779541,107962,0.0,0.0
2023-08-21 14:30:00-04:00,3.069999933242798,3.0899999141693115,3.0299999713897705,3.059999942779541,99130,0.0,0.0
2023-08-21 15:30:00-04:00,3.069999933242798,3.0999999046325684,3.0399999618530273,3.0899999141693115,83888,0.0,0.0
2023-08-22 09:30:00-04:00,3.049999952316284,3.069999933242798,2.950000047683716,2.9800000190734863,89793,0.0,0.0
2023-08-22 10:30:00-04:00,2.9860999584198,3.069999933242798,2.9860999584198,3.059999942779541,16437,0.0,0.0
2023-08-22 11:30:00-04:00,3.0450000762939453,3.069999933242798,3.0299999713897705,3.059999942779541,13500,0.0,0.0
2023-08-22 12:30:00-04:00,3.049999952316284,3.069999933242798,3.0399999618530273,3.04010009765625,11659,0.0,0.0
2023-08-22 13:30:00-04:00,3.059999942779541,3.075000047683716,3.049999952316284,3.0601000785827637,24828,0.0,0.0
2023-08-22 14:30:00-04:00,3.069999933242798,3.0950000286102295,2.940000057220459,3.0799999237060547,71590,0.0,0.0
2023-08-22 15:30:00-04:00,3.0899999141693115,3.0999999046325684,3.069999933242798,3.0899999141693115,47532,0.0,0.0
2023-08-23 09:30:00-04:00,3.119999885559082,3.2899999618530273,3.0799999237060547,3.0899999141693115,156889,0.0,0.0
2023-08-23 10:30:00-04:00,3.0999999046325684,3.0999999046325684,2.950000047683716,3.0199999809265137,84344,0.0,0.0
2023-08-23 11:30:00-04:00,3.0199999809265137,3.039900064468384,2.9619998931884766,2.9700000286102295,23704,0.0,0.0
2023-08-23 12:30:00-04:00,2.9800000190734863,3.0399999618530273,2.9800000190734863,3.0299999713897705,17364,0.0,0.0
2023-08-23 13:30:00-04:00,3.0199999809265137,3.0299999713897705,3.012500047683716,3.012500047683716,11053,0.0,0.0
2023-08-23 14:30:00-04:00,3.0299999713897705,3.0899999141693115,3.0299999713897705,3.0799999237060547,31130,0.0,0.0
2023-08-23 15:30:00-04:00,3.069999933242798,3.0799999237060547,3.059999942779541,3.0799999237060547,24380,0.0,0.0
2023-08-24 09:30:00-04:00,3.049999952316284,3.0999999046325684,3.0,3.0799999237060547,14879,0.0,0.0
2023-08-24 10:30:00-04:00,3.069999933242798,3.130000114440918,3.059999942779541,3.0799999237060547,99468,0.0,0.0
2023-08-24 11:30:00-04:00,3.0799999237060547,3.140000104904175,3.0199999809265137,3.0399999618530273,124032,0.0,0.0
2023-08-24 12:30:00-04:00,3.0399999618530273,3.0899999141693115,3.0299999713897705,3.0799999237060547,9431,0.0,0.0
2023-08-24 13:30:00-04:00,3.0799999237060547,3.0999999046325684,3.049999952316284,3.081399917602539,14826,0.0,0.0
2023-08-24 14:30:00-04:00,3.0999999046325684,3.0999999046325684,3.0601000785827637,3.0850000381469727,29910,0.0,0.0
2023-08-24 15:30:00-04:00,3.0950000286102295,3.0999999046325684,3.0701000690460205,3.0799999237060547,47029,0.0,0.0
2023-08-25 09:30:00-04:00,3.0399999618530273,3.109999895095825,3.0299999713897705,3.0899999141693115,56821,0.0,0.0
2023-08-25 10:30:00-04:00,3.0799999237060547,3.0899999141693115,3.0399999618530273,3.0899999141693115,30411,0.0,0.0
2023-08-25 11:30:00-04:00,3.0887999534606934,3.0899999141693115,3.0,3.0399999618530273,59619,0.0,0.0
2023-08-25 12:30:00-04:00,3.049999952316284,3.0799999237060547,2.950000047683716,3.049999952316284,71166,0.0,0.0
2023-08-25 13:30:00-04:00,3.0425000190734863,3.059999942779541,3.0,3.049999952316284,19988,0.0,0.0
2023-08-25 14:30:00-04:00,3.009999990463257,3.0899999141693115,3.009999990463257,3.0299999713897705,31439,0.0,0.0
2023-08-25 15:30:00-04:00,3.0211000442504883,3.0299999713897705,2.9700000286102295,3.009999990463257,60243,0.0,0.0
2023-08-28 09:30:00-04:00,3.0299999713897705,3.200000047683716,3.009999990463257,3.1600000858306885,130693,0.0,0.0
2023-08-28 10:30:00-04:00,3.140000104904175,3.2100000381469727,3.119999885559082,3.198899984359741,37914,0.0,0.0
2023-08-28 11:30:00-04:00,3.190000057220459,3.25,3.1600000858306885,3.2399001121520996,39232,0.0,0.0
2023-08-28 12:30:00-04:00,3.240000009536743,3.240000009536743,3.2179999351501465,3.2249999046325684,32727,0.0,0.0
2023-08-28 13:30:00-04:00,3.240000009536743,3.259999990463257,3.2100000381469727,3.251800060272217,47676,0.0,0.0
2023-08-28 14:30:00-04:00,3.2535998821258545,3.3299999237060547,3.2535998821258545,3.3299999237060547,83557,0.0,0.0
2023-08-28 15:30:00-04:00,3.3350000381469727,3.390000104904175,3.319999933242798,3.360100030899048,116315,0.0,0.0
2023-08-29 09:30:00-04:00,3.390000104904175,3.4600000381469727,3.312000036239624,3.4200000762939453,93193,0.0,0.0
2023-08-29 10:30:00-04:00,3.4200000762939453,3.5315001010894775,3.390000104904175,3.4649999141693115,170168,0.0,0.0
2023-08-29 11:30:00-04:00,3.450000047683716,3.4800000190734863,3.450000047683716,3.4600000381469727,28990,0.0,0.0
2023-08-29 12:30:00-04:00,3.4600000381469727,3.490000009536743,3.440000057220459,3.4800000190734863,38346,0.0,0.0
2023-08-29 13:30:00-04:00,3.4800000190734863,3.569999933242798,3.4800000190734863,3.549999952316284,59475,0.0,0.0
2023-08-29 14:30:00-04:00,3.5499000549316406,3.555799961090088,3.440000057220459,3.4677999019622803,80373,0.0,0.0
2023-08-29 15:30:00-04:00,3.4600000381469727,3.4800000190734863,3.430000066757202,3.4700000286102295,87212,0.0,0.0
2023-08-30 09:30:00-04:00,3.490000009536743,3.6600000858306885,3.4700000286102295,3.5483999252319336,94338,0.0,0.0
2023-08-30 10:30:00-04:00,3.549999952316284,3.640000104904175,3.549999952316284,3.630000114440918,38166,0.0,0.0
2023-08-30 11:30:00-04:00,3.640000104904175,3.7300000190734863,3.6391000747680664,3.7281999588012695,109935,0.0,0.0
2023-08-30 12:30:00-04:00,3.7249999046325684,3.759399890899658,3.622299909591675,3.6600000858306885,59580,0.0,0.0
2023-08-30 13:30:00-04:00,3.6500000953674316,3.6500000953674316,3.5999999046325684,3.630000114440918,12761,0.0,0.0
2023-08-30 14:30:00-04:00,3.609999895095825,3.640000104904175,3.5399999618530273,3.5799999237060547,33487,0.0,0.0
2023-08-30 15:30:00-04:00,3.579900026321411,3.609999895095825,3.5,3.559999942779541,81373,0.0,0.0
2023-08-31 09:30:00-04:00,3.6600000858306885,3.7562999725341797,3.619999885559082,3.6410999298095703,132045,0.0,0.0
2023-08-31 10:30:00-04:00,3.649600028991699,3.6700000762939453,3.5999999046325684,3.6600000858306885,47665,0.0,0.0
2023-08-31 11:30:00-04:00,3.672300100326538,3.6898999214172363,3.5817999839782715,3.5850000381469727,44827,0.0,0.0
2023-08-31 12:30:00-04:00,3.569999933242798,3.569999933242798,3.494999885559082,3.5199999809265137,40864,0.0,0.0
2023-08-31 13:30:00-04:00,3.5350000858306885,3.569999933242798,3.5350000858306885,3.555000066757202,15041,0.0,0.0
2023-08-31 14:30:00-04:00,3.569999933242798,3.569999933242798,3.450000047683716,3.5199999809265137,51369,0.0,0.0
2023-08-31 15:30:00-04:00,3.5199999809265137,3.5299999713897705,3.4502999782562256,3.5199999809265137,63990,0.0,0.0
2023-09-01 09:30:00-04:00,3.5199999809265137,3.6600000858306885,3.494999885559082,3.6600000858306885,65014,0.0,0.0
2023-09-01 10:30:00-04:00,3.6600000858306885,3.734999895095825,3.640000104904175,3.700000047683716,61026,0.0,0.0
2023-09-01 11:30:00-04:00,3.700000047683716,3.7100000381469727,3.6600000858306885,3.6600000858306885,27535,0.0,0.0
2023-09-01 12:30:00-04:00,3.674999952316284,3.690000057220459,3.640000104904175,3.6700000762939453,13003,0.0,0.0
2023-09-01 13:30:00-04:00,3.680000066757202,3.690000057220459,3.640000104904175,3.6600000858306885,20909,0.0,0.0
2023-09-01 14:30:00-04:00,3.643199920654297,3.700000047683716,3.619999885559082,3.640000104904175,55923,0.0,0.0
2023-09-01 15:30:00-04:00,3.630000114440918,3.680000066757202,3.619999885559082,3.6500000953674316,69176,0.0,0.0
2023-09-05 09:30:00-04:00,3.6600000858306885,3.869999885559082,3.6600000858306885,3.8350000381469727,146326,0.0,0.0
2023-09-05 10:30:00-04:00,3.819999933242798,3.8239998817443848,3.6201000213623047,3.6449999809265137,100856,0.0,0.0
2023-09-05 11:30:00-04:00,3.640000104904175,3.6500000953674316,3.569999933242798,3.619999885559082,59689,0.0,0.0
2023-09-05 12:30:00-04:00,3.619999885559082,3.619999885559082,3.5299999713897705,3.549999952316284,53697,0.0,0.0
2023-09-05 13:30:00-04:00,3.5599000453948975,3.5699000358581543,3.5,3.5,22347,0.0,0.0
2023-09-05 14:30:00-04:00,3.515000104904175,3.5299999713897705,3.440000057220459,3.4800000190734863,60063,0.0,0.0
2023-09-05 15:30:00-04:00,3.4800000190734863,3.490000009536743,3.450000047683716,3.4800000190734863,28626,0.0,0.0
2023-09-06 09:30:00-04:00,3.490000009536743,3.569999933242798,3.430000066757202,3.440000057220459,66680,0.0,0.0
2023-09-06 10:30:00-04:00,3.440000057220459,3.4800000190734863,3.4200000762939453,3.4800000190734863,49883,0.0,0.0
2023-09-06 11:30:00-04:00,3.490000009536743,3.4999001026153564,3.4112000465393066,3.4800000190734863,52510,0.0,0.0
2023-09-06 12:30:00-04:00,3.4800000190734863,3.4800000190734863,3.430000066757202,3.434999942779541,8170,0.0,0.0
2023-09-06 13:30:00-04:00,3.427299976348877,3.5299999713897705,3.427299976348877,3.494999885559082,46148,0.0,0.0
2023-09-06 14:30:00-04:00,3.5099000930786133,3.5199999809265137,3.4600000381469727,3.4800000190734863,24044,0.0,0.0
2023-09-06 15:30:00-04:00,3.490000009536743,3.490000009536743,3.4200000762939453,3.444999933242798,36547,0.0,0.0
2023-09-07 09:30:00-04:00,3.450000047683716,3.450000047683716,3.1500000953674316,3.2049999237060547,149372,0.0,0.0
2023-09-07 10:30:00-04:00,3.200000047683716,3.319999933242798,3.200000047683716,3.2799999713897705,25950,0.0,0.0
2023-09-07 11:30:00-04:00,3.2750000953674316,3.2799999713897705,3.2100000381469727,3.2114999294281006,24262,0.0,0.0
2023-09-07 12:30:00-04:00,3.2149999141693115,3.259999990463257,3.130000114440918,3.134999990463257,58238,0.0,0.0
2023-09-07 13:30:00-04:00,3.1500000953674316,3.1600000858306885,3.1110000610351562,3.1110000610351562,28504,0.0,0.0
2023-09-07 14:30:00-04:00,3.109999895095825,3.1700000762939453,3.069999933242798,3.1600000858306885,42921,0.0,0.0
2023-09-07 15:30:00-04:00,3.1600000858306885,3.190000057220459,3.1500000953674316,3.1700000762939453,38626,0.0,0.0
2023-09-08 09:30:00-04:00,3.1500000953674316,3.299999952316284,3.119999885559082,3.259999990463257,80168,0.0,0.0
2023-09-08 10:30:00-04:00,3.2899999618530273,3.3299999237060547,3.25,3.3299999237060547,24276,0.0,0.0
2023-09-08 11:30:00-04:00,3.3299999237060547,3.3499999046325684,3.2899999618530273,3.3387999534606934,37712,0.0,0.0
2023-09-08 12:30:00-04:00,3.338399887084961,3.359999895095825,3.3201000690460205,3.3399999141693115,29532,0.0,0.0
2023-09-08 13:30:00-04:00,3.3301000595092773,3.369999885559082,3.3301000595092773,3.3499999046325684,21623,0.0,0.0
2023-09-08 14:30:00-04:00,3.341399908065796,3.380000114440918,3.3299999237060547,3.359999895095825,31408,0.0,0.0
2023-09-08 15:30:00-04:00,3.369999885559082,3.369999885559082,3.299999952316284,3.299999952316284,26614,0.0,0.0
2023-09-11 09:30:00-04:00,3.359999895095825,3.4100000858306885,3.2899999618530273,3.4100000858306885,58380,0.0,0.0
2023-09-11 10:30:00-04:00,3.3910999298095703,3.4200000762939453,3.380000114440918,3.390000104904175,45982,0.0,0.0
2023-09-11 11:30:00-04:00,3.398900032043457,3.398900032043457,3.3691999912261963,3.380000114440918,9820,0.0,0.0
2023-09-11 12:30:00-04:00,3.390000104904175,3.430000066757202,3.390000104904175,3.430000066757202,28648,0.0,0.0
2023-09-11 13:30:00-04:00,3.440000057220459,3.4600000381469727,3.4100000858306885,3.444999933242798,28160,0.0,0.0
2023-09-11 14:30:00-04:00,3.442500114440918,3.4649999141693115,3.4000000953674316,3.4000000953674316,40820,0.0,0.0
2023-09-11 15:30:00-04:00,3.3949999809265137,3.4100000858306885,3.3810999393463135,3.4100000858306885,21144,0.0,0.0
2023-09-12 09:30:00-04:00,3.4100000858306885,3.5199999809265137,3.384999990463257,3.490000009536743,62081,0.0,0.0
2023-09-12 10:30:00-04:00,3.490000009536743,3.5299999713897705,3.450000047683716,3.5211000442504883,41978,0.0,0.0
2023-09-12 11:30:00-04:00,3.5250000953674316,3.565000057220459,3.490000009536743,3.5299999713897705,52860,0.0,0.0
2023-09-12 12:30:00-04:00,3.5299999713897705,3.559999942779541,3.509999990463257,3.559999942779541,24677,0.0,0.0
2023-09-12 13:30:00-04:00,3.559999942779541,3.5799999237060547,3.5399999618530273,3.555000066757202,64266,0.0,0.0
2023-09-12 14:30:00-04:00,3.555000066757202,3.5799999237060547,3.549999952316284,3.5517001152038574,16021,0.0,0.0
2023-09-12 15:30:00-04:00,3.5590999126434326,3.569999933242798,3.509999990463257,3.509999990463257,29251,0.0,0.0
2023-09-13 09:30:00-04:00,3.4800000190734863,3.5399999618530273,3.390000104904175,3.390000104904175,56424,0.0,0.0
2023-09-13 10:30:00-04:00,3.4019999504089355,3.4100000858306885,3.339900016784668,3.4049999713897705,63449,0.0,0.0
2023-09-13 11:30:00-04:00,3.4049999713897705,3.430000066757202,3.369999885559082,3.3949999809265137,25656,0.0,0.0
2023-09-13 12:30:00-04:00,3.4000000953674316,3.4800000190734863,3.380000114440918,3.450000047683716,28343,0.0,0.0
2023-09-13 13:30:00-04:00,3.450000047683716,3.450000047683716,3.4000000953674316,3.4100000858306885,20565,0.0,0.0
2023-09-13 14:30:00-04:00,3.4012999534606934,3.4200000762939453,3.369999885559082,3.390000104904175,13371,0.0,0.0
2023-09-13 15:30:00-04:00,3.3819000720977783,3.4000000953674316,3.359999895095825,3.380000114440918,24674,0.0,0.0
2023-09-14 09:30:00-04:00,3.390000104904175,3.4000000953674316,3.3499999046325684,3.375,12670,0.0,0.0
2023-09-14 10:30:00-04:00,3.380000114440918,3.4000000953674316,3.380000114440918,3.3949999809265137,3654,0.0,0.0
2023-09-14 11:30:00-04:00,3.380000114440918,3.380000114440918,3.353300094604492,3.365000009536743,17195,0.0,0.0
2023-09-14 12:30:00-04:00,3.365000009536743,3.4100000858306885,3.3450000286102295,3.4000000953674316,29917,0.0,0.0
2023-09-14 13:30:00-04:00,3.4100000858306885,3.4600000381469727,3.4100000858306885,3.4600000381469727,23889,0.0,0.0
2023-09-14 14:30:00-04:00,3.450000047683716,3.4600000381469727,3.390000104904175,3.4000000953674316,49949,0.0,0.0
2023-09-14 15:30:00-04:00,3.390000104904175,3.4100000858306885,3.3499999046325684,3.4100000858306885,28507,0.0,0.0
2023-09-15 09:30:00-04:00,3.390000104904175,3.4200000762939453,3.3399999141693115,3.380000114440918,14531,0.0,0.0
2023-09-15 10:30:00-04:00,3.382999897003174,3.390000104904175,3.3299999237060547,3.359999895095825,18867,0.0,0.0
2023-09-15 11:30:00-04:00,3.369999885559082,3.369999885559082,3.299999952316284,3.3399999141693115,36221,0.0,0.0
2023-09-15 12:30:00-04:00,3.3399999141693115,3.359999895095825,3.299999952316284,3.299999952316284,7998,0.0,0.0
2023-09-15 13:30:00-04:00,3.299999952316284,3.3099000453948975,3.265000104904175,3.2899999618530273,21586,0.0,0.0
2023-09-15 14:30:00-04:00,3.289900064468384,3.305000066757202,3.2799999713897705,3.2850000858306885,39117,0.0,0.0
2023-09-15 15:30:00-04:00,3.2850000858306885,3.309999942779541,3.2699999809265137,3.2899999618530273,23010,0.0,0.0
2023-09-18 09:30:00-04:00,3.2799999713897705,3.2850000858306885,3.180000066757202,3.1935999393463135,65411,0.0,0.0
2023-09-18 10:30:00-04:00,3.197999954223633,3.2200000286102295,3.180000066757202,3.190000057220459,22321,0.0,0.0
2023-09-18 11:30:00-04:00,3.184999942779541,3.240000009536743,3.180000066757202,3.234999895095825,24328,0.0,0.0
2023-09-18 12:30:00-04:00,3.240000009536743,3.259999990463257,3.233099937438965,3.255000114440918,5546,0.0,0.0
2023-09-18 13:30:00-04:00,3.259999990463257,3.2799999713897705,3.2300000190734863,3.2314999103546143,12892,0.0,0.0
2023-09-18 14:30:00-04:00,3.2309999465942383,3.2309999465942383,3.1700000762939453,3.1900999546051025,21301,0.0,0.0
2023-09-18 15:30:00-04:00,3.190000057220459,3.2149999141693115,3.174999952316284,3.2100000381469727,36810,0.0,0.0
2023-09-19 09:30:00-04:00,3.1700000762939453,3.3396999835968018,3.1500000953674316,3.319999933242798,43272,0.0,0.0
2023-09-19 10:30:00-04:00,3.339900016784668,3.339900016784668,3.2850000858306885,3.2899999618530273,30233,0.0,0.0
2023-09-19 11:30:00-04:00,3.299099922180176,3.3299999237060547,3.2799999713897705,3.2850000858306885,16521,0.0,0.0
2023-09-19 12:30:00-04:00,3.2850000858306885,3.3399999141693115,3.2699999809265137,3.3399999141693115,15643,0.0,0.0
2023-09-19 13:30:00-04:00,3.3399999141693115,3.390000104904175,3.3299999237060547,3.3499999046325684,53416,0.0,0.0
2023-09-19 14:30:00-04:00,3.3399999141693115,3.4200000762939453,3.3299999237060547,3.4200000762939453,91092,0.0,0.0
2023-09-19 15:30:00-04:00,3.4100000858306885,3.4298999309539795,3.380000114440918,3.3949999809265137,72728,0.0,0.0
2023-09-20 09:30:00-04:00,3.440000057220459,3.5199999809265137,3.411099910736084,3.509999990463257,79548,0.0,0.0
2023-09-20 10:30:00-04:00,3.505000114440918,3.5785000324249268,3.5,3.559999942779541,98284,0.0,0.0
2023-09-20 11:30:00-04:00,3.5636000633239746,3.5999999046325684,3.549999952316284,3.559999942779541,66738,0.0,0.0
2023-09-20 12:30:00-04:00,3.565000057220459,3.5899999141693115,3.549999952316284,3.569999933242798,62418,0.0,0.0
2023-09-20 13:30:00-04:00,3.559999942779541,3.630000114440918,3.5399999618530273,3.619999885559082,48862,0.0,0.0
2023-09-20 14:30:00-04:00,3.619999885559082,3.6600000858306885,3.549999952316284,3.569999933242798,225504,0.0,0.0
2023-09-20 15:30:00-04:00,3.569999933242798,3.5780999660491943,3.5399999618530273,3.559999942779541,41761,0.0,0.0
2023-09-21 09:30:00-04:00,3.5999999046325684,3.609999895095825,3.450000047683716,3.4800000190734863,115981,0.0,0.0
2023-09-21 10:30:00-04:00,3.490000009536743,3.490000009536743,3.4000000953674316,3.4700000286102295,32496,0.0,0.0
2023-09-21 11:30:00-04:00,3.4619998931884766,3.509999990463257,3.4600000381469727,3.509999990463257,25454,0.0,0.0
2023-09-21 12:30:00-04:00,3.509999990463257,3.51990008354187,3.450000047683716,3.4600000381469727,49247,0.0,0.0
2023-09-21 13:30:00-04:00,3.4700000286102295,3.4800000190734863,3.390000104904175,3.390000104904175,35027,0.0,0.0
2023-09-21 14:30:00-04:00,3.4000000953674316,3.409899950027466,3.369999885559082,3.380000114440918,34596,0.0,0.0
2023-09-21 15:30:00-04:00,3.380000114440918,3.4100000858306885,3.380000114440918,3.4000000953674316,45162,0.0,0.0
2023-09-22 09:30:00-04:00,3.440000057220459,3.440000057220459,3.369999885559082,3.4000000953674316,50457,0.0,0.0
2023-09-22 10:30:00-04:00,3.4000000953674316,3.4049999713897705,3.369999885559082,3.384999990463257,32767,0.0,0.0
2023-09-22 11:30:00-04:00,3.3949999809265137,3.430000066757202,3.380000114440918,3.4000000953674316,55764,0.0,0.0
2023-09-22 12:30:00-04:00,3.390000104904175,3.4000000953674316,3.380000114440918,3.380000114440918,23125,0.0,0.0
2023-09-22 13:30:00-04:00,3.375,3.375,3.2952001094818115,3.328200101852417,46420,0.0,0.0
2023-09-22 14:30:00-04:00,3.329900026321411,3.359999895095825,3.319999933242798,3.3299999237060547,14623,0.0,0.0
2023-09-22 15:30:00-04:00,3.3299999237060547,3.3299999237060547,3.2699999809265137,3.309999942779541,62416,0.0,0.0
2023-09-25 09:30:00-04:00,1.8300000429153442,2.0,1.7300000190734863,1.9300999641418457,1602917,0.0,0.0
2023-09-25 10:30:00-04:00,1.9355000257492065,2.3299999237060547,1.934999942779541,2.190000057220459,1167392,0.0,0.0
2023-09-25 11:30:00-04:00,2.180000066757202,2.2298998832702637,2.1310999393463135,2.2086000442504883,209993,0.0,0.0
2023-09-25 12:30:00-04:00,2.190000057220459,2.2899999618530273,2.1800999641418457,2.23009991645813,146356,0.0,0.0
2023-09-25 13:30:00-04:00,2.2200000286102295,2.253200054168701,2.0999999046325684,2.1487998962402344,205587,0.0,0.0
2023-09-25 14:30:00-04:00,2.1449999809265137,2.180000066757202,2.0999999046325684,2.1600000858306885,164686,0.0,0.0
2023-09-25 15:30:00-04:00,2.178499937057495,2.2100000381469727,2.1549999713897705,2.180000066757202,189199,0.0,0.0
2023-09-26 09:30:00-04:00,2.180000066757202,2.2899999618530273,2.1050000190734863,2.1800999641418457,238896,0.0,0.0
2023-09-26 10:30:00-04:00,2.184999942779541,2.186500072479248,2.130000114440918,2.1480000019073486,70976,0.0,0.0
2023-09-26 11:30:00-04:00,2.140000104904175,2.1600000858306885,2.130000114440918,2.139899969100952,56225,0.0,0.0
2023-09-26 12:30:00-04:00,2.1301000118255615,2.140000104904175,2.069999933242798,2.075000047683716,135873,0.0,0.0
2023-09-26 13:30:00-04:00,2.069999933242798,2.0799999237060547,2.0399999618530273,2.0399999618530273,66586,0.0,0.0
2023-09-26 14:30:00-04:00,2.0399999618530273,2.04010009765625,1.940000057220459,1.940000057220459,174911,0.0,0.0
2023-09-26 15:30:00-04:00,1.9450000524520874,1.9500000476837158,1.8799999952316284,1.9199999570846558,303952,0.0,0.0
2023-09-27 09:30:00-04:00,1.9600000381469727,2.052000045776367,1.9500000476837158,2.015000104904175,181361,0.0,0.0
2023-09-27 10:30:00-04:00,2.015000104904175,2.130000114440918,2.015000104904175,2.069999933242798,133761,0.0,0.0
2023-09-27 11:30:00-04:00,2.0799999237060547,2.0899999141693115,2.030100107192993,2.0350000858306885,97642,0.0,0.0
2023-09-27 12:30:00-04:00,2.0350000858306885,2.0787999629974365,2.0313000679016113,2.055000066757202,47794,0.0,0.0
2023-09-27 13:30:00-04:00,2.055000066757202,2.0899999141693115,2.0450000762939453,2.0899999141693115,53164,0.0,0.0
2023-09-27 14:30:00-04:00,2.0899999141693115,2.125,2.0701000690460205,2.118799924850464,48435,0.0,0.0
2023-09-27 15:30:00-04:00,2.118799924850464,2.118799924850464,2.0899999141693115,2.0999999046325684,69246,0.0,0.0
2023-09-28 09:30:00-04:00,2.140000104904175,2.240000009536743,2.069999933242798,2.2200000286102295,118488,0.0,0.0
2023-09-28 10:30:00-04:00,2.2300000190734863,2.2950000762939453,2.190000057220459,2.2950000762939453,115498,0.0,0.0
2023-09-28 11:30:00-04:00,2.2899999618530273,2.299999952316284,2.259999990463257,2.299999952316284,94780,0.0,0.0
2023-09-28 12:30:00-04:00,2.299999952316284,2.319999933242798,2.2750000953674316,2.2950000762939453,99435,0.0,0.0
2023-09-28 13:30:00-04:00,2.299999952316284,2.319999933242798,2.2899999618530273,2.299999952316284,53862,0.0,0.0
2023-09-28 14:30:00-04:00,2.309999942779541,2.315000057220459,2.259999990463257,2.2699999809265137,54059,0.0,0.0
2023-09-28 15:30:00-04:00,2.2799999713897705,2.299999952316284,2.25,2.2899999618530273,101608,0.0,0.0
2023-09-29 09:30:00-04:00,2.3499999046325684,2.4702000617980957,2.305000066757202,2.3120999336242676,131804,0.0,0.0
2023-09-29 10:30:00-04:00,2.309999942779541,2.3399999141693115,2.2699999809265137,2.2799999713897705,35707,0.0,0.0
2023-09-29 11:30:00-04:00,2.2799999713897705,2.299999952316284,2.25,2.2799999713897705,50395,0.0,0.0
2023-09-29 12:30:00-04:00,2.2799999713897705,2.309999942779541,2.2750000953674316,2.305000066757202,28072,0.0,0.0
2023-09-29 13:30:00-04:00,2.309999942779541,2.315000057220459,2.2799999713897705,2.2799999713897705,18751,0.0,0.0
2023-09-29 14:30:00-04:00,2.2799999713897705,2.2850000858306885,2.255000114440918,2.259999990463257,35370,0.0,0.0
2023-09-29 15:30:00-04:00,2.265000104904175,2.2950000762939453,2.255000114440918,2.2790000438690186,52227,0.0,0.0
2023-10-02 09:30:00-04:00,2.240000009536743,2.240000009536743,2.1500000953674316,2.180000066757202,109011,0.0,0.0
2023-10-02 10:30:00-04:00,2.184999942779541,2.240000009536743,2.180000066757202,2.2188000679016113,60872,0.0,0.0
2023-10-02 11:30:00-04:00,2.2100000381469727,2.2200000286102295,2.174999952316284,2.174999952316284,39061,0.0,0.0
2023-10-02 12:30:00-04:00,2.1749000549316406,2.184999942779541,2.1600000858306885,2.1700000762939453,22592,0.0,0.0
2023-10-02 13:30:00-04:00,2.180000066757202,2.190000057220459,2.1700000762939453,2.174999952316284,37606,0.0,0.0
2023-10-02 14:30:00-04:00,2.174999952316284,2.194999933242798,2.140000104904175,2.1500000953674316,45531,0.0,0.0
2023-10-02 15:30:00-04:00,2.1500000953674316,2.2100000381469727,2.140000104904175,2.190000057220459,55908,0.0,0.0
2023-10-03 09:30:00-04:00,2.190000057220459,2.190000057220459,2.059999942779541,2.0999999046325684,72605,0.0,0.0
2023-10-03 10:30:00-04:00,2.109999895095825,2.1500000953674316,2.109999895095825,2.1449999809265137,13680,0.0,0.0
2023-10-03 11:30:00-04:00,2.1500000953674316,2.174999952316284,2.130000114440918,2.1707000732421875,33046,0.0,0.0
2023-10-03 12:30:00-04:00,2.1700000762939453,2.2300000190734863,2.1700000762939453,2.2200000286102295,51894,0.0,0.0
2023-10-03 13:30:00-04:00,2.2200000286102295,2.2249999046325684,2.194999933242798,2.202399969100952,36484,0.0,0.0
2023-10-03 14:30:00-04:00,2.2100000381469727,2.2200000286102295,2.2049999237060547,2.2049999237060547,18247,0.0,0.0
2023-10-03 15:30:00-04:00,2.2049999237060547,2.240000009536743,2.194999933242798,2.2300000190734863,49752,0.0,0.0
2023-10-04 09:30:00-04:00,2.1600000858306885,2.2300000190734863,2.1600000858306885,2.1800999641418457,47452,0.0,0.0
2023-10-04 10:30:00-04:00,2.190000057220459,2.2200000286102295,2.1700000762939453,2.2149999141693115,16581,0.0,0.0
2023-10-04 11:30:00-04:00,2.2100000381469727,2.234999895095825,2.200000047683716,2.2149999141693115,24158,0.0,0.0
2023-10-04 12:30:00-04:00,2.2200000286102295,2.2200000286102295,2.194999933242798,2.194999933242798,14253,0.0,0.0
2023-10-04 13:30:00-04:00,2.190000057220459,2.200000047683716,2.174999952316284,2.194999933242798,18179,0.0,0.0
2023-10-04 14:30:00-04:00,2.194999933242798,2.25,2.194999933242798,2.234999895095825,38904,0.0,0.0
2023-10-04 15:30:00-04:00,2.234999895095825,2.240000009536743,2.2200000286102295,2.2200000286102295,27692,0.0,0.0
2023-10-05 09:30:00-04:00,2.2300000190734863,2.319999933242798,2.1600000858306885,2.1649999618530273,24098,0.0,0.0
2023-10-05 10:30:00-04:00,2.1649999618530273,2.200000047683716,2.1407999992370605,2.180000066757202,56614,0.0,0.0
2023-10-05 11:30:00-04:00,2.180000066757202,2.190000057220459,2.1700000762939453,2.180000066757202,28234,0.0,0.0
2023-10-05 12:30:00-04:00,2.180000066757202,2.184999942779541,2.119999885559082,2.130000114440918,14519,0.0,0.0
2023-10-05 13:30:00-04:00,2.140000104904175,2.1649999618530273,2.130000114440918,2.1600000858306885,11539,0.0,0.0
2023-10-05 14:30:00-04:00,2.1549999713897705,2.2200000286102295,2.1549999713897705,2.2149999141693115,34967,0.0,0.0
2023-10-05 15:30:00-04:00,2.2200000286102295,2.25,2.2100000381469727,2.25,86934,0.0,0.0
2023-10-06 09:30:00-04:00,2.2300000190734863,2.2300000190734863,2.1500000953674316,2.1700000762939453,26273,0.0,0.0
2023-10-06 10:30:00-04:00,2.1700000762939453,2.2200000286102295,2.1700000762939453,2.2200000286102295,20292,0.0,0.0
2023-10-06 11:30:00-04:00,2.2200000286102295,2.240000009536743,2.2200000286102295,2.2300000190734863,8936,0.0,0.0
2023-10-06 12:30:00-04:00,2.2300000190734863,2.2300000190734863,2.1900999546051025,2.1900999546051025,19351,0.0,0.0
2023-10-06 13:30:00-04:00,2.190000057220459,2.2100000381469727,2.180000066757202,2.2049999237060547,16526,0.0,0.0
2023-10-06 14:30:00-04:00,2.2100000381469727,2.2200000286102295,2.200000047683716,2.2049999237060547,8107,0.0,0.0
2023-10-06 15:30:00-04:00,2.200000047683716,2.240000009536743,2.200000047683716,2.240000009536743,39061,0.0,0.0
2023-10-09 09:30:00-04:00,2.200000047683716,2.200000047683716,2.0799999237060547,2.0950000286102295,105421,0.0,0.0
2023-10-09 10:30:00-04:00,2.0950000286102295,2.159899950027466,2.0950000286102295,2.159899950027466,31818,0.0,0.0
2023-10-09 11:30:00-04:00,2.1549999713897705,2.1649999618530273,2.140000104904175,2.1500000953674316,33124,0.0,0.0
2023-10-09 12:30:00-04:00,2.1500000953674316,2.1549999713897705,2.115000009536743,2.1449999809265137,48735,0.0,0.0
2023-10-09 13:30:00-04:00,2.140000104904175,2.1600000858306885,2.130000114440918,2.1549999713897705,16093,0.0,0.0
2023-10-09 14:30:00-04:00,2.1549999713897705,2.1700000762939453,2.140000104904175,2.1449999809265137,24617,0.0,0.0
2023-10-09 15:30:00-04:00,2.140000104904175,2.140000104904175,2.119999885559082,2.130000114440918,29461,0.0,0.0
2023-10-10 09:30:00-04:00,2.109999895095825,2.130000114440918,2.0799999237060547,2.0799999237060547,34626,0.0,0.0
2023-10-10 10:30:00-04:00,2.0799999237060547,2.109999895095825,2.049999952316284,2.100800037384033,210479,0.0,0.0
2023-10-10 11:30:00-04:00,2.1010000705718994,2.140000104904175,2.1010000705718994,2.140000104904175,11431,0.0,0.0
2023-10-10 12:30:00-04:00,2.1449999809265137,2.1700000762939453,2.139899969100952,2.1700000762939453,17783,0.0,0.0
2023-10-10 13:30:00-04:00,2.1700000762939453,2.190000057220459,2.1549999713897705,2.190000057220459,13620,0.0,0.0
2023-10-10 14:30:00-04:00,2.184999942779541,2.2100000381469727,2.174999952316284,2.2100000381469727,15607,0.0,0.0
2023-10-10 15:30:00-04:00,2.2100000381469727,2.2149999141693115,2.180000066757202,2.180000066757202,18610,0.0,0.0
2023-10-11 09:30:00-04:00,2.200000047683716,2.25,2.180000066757202,2.200000047683716,24893,0.0,0.0
2023-10-11 10:30:00-04:00,2.200000047683716,2.200000047683716,2.1649999618530273,2.1649999618530273,16100,0.0,0.0
2023-10-11 11:30:00-04:00,2.1649999618530273,2.1649999618530273,2.134999990463257,2.1389999389648438,11276,0.0,0.0
2023-10-11 12:30:00-04:00,2.140000104904175,2.1600000858306885,2.125,2.1500000953674316,34662,0.0,0.0
2023-10-11 13:30:00-04:00,2.1500000953674316,2.1600000858306885,2.140000104904175,2.1549999713897705,17699,0.0,0.0
2023-10-11 14:30:00-04:00,2.1549999713897705,2.180000066757202,2.1500000953674316,2.174999952316284,23776,0.0,0.0
2023-10-11 15:30:00-04:00,2.174999952316284,2.174999952316284,2.1600000858306885,2.1600000858306885,30690,0.0,0.0
2023-10-12 09:30:00-04:00,2.140000104904175,2.1500000953674316,2.009999990463257,2.009999990463257,83222,0.0,0.0
2023-10-12 10:30:00-04:00,2.009999990463257,2.01990008354187,1.9950000047683716,2.005000114440918,47475,0.0,0.0
2023-10-12 11:30:00-04:00,2.0088000297546387,2.015000104904175,2.0,2.009999990463257,28391,0.0,0.0
2023-10-12 12:30:00-04:00,2.005000114440918,2.009999990463257,1.9950000047683716,2.005000114440918,99695,0.0,0.0
2023-10-12 13:30:00-04:00,2.005000114440918,2.009999990463257,1.9900000095367432,1.9950000047683716,25875,0.0,0.0
2023-10-12 14:30:00-04:00,1.9900000095367432,1.9950000047683716,1.9600000381469727,1.975000023841858,36578,0.0,0.0
2023-10-12 15:30:00-04:00,1.9701000452041626,2.0,1.9701000452041626,1.9950000047683716,41171,0.0,0.0
2023-10-13 09:30:00-04:00,2.0,2.009999990463257,1.9700000286102295,1.9800000190734863,45830,0.0,0.0
2023-10-13 10:30:00-04:00,1.9850000143051147,1.9900000095367432,1.9500000476837158,1.9600000381469727,48929,0.0,0.0
2023-10-13 11:30:00-04:00,1.9600000381469727,1.965000033378601,1.9299999475479126,1.934999942779541,40690,0.0,0.0
2023-10-13 12:30:00-04:00,1.940000057220459,1.975000023841858,1.9293999671936035,1.975000023841858,48113,0.0,0.0
2023-10-13 13:30:00-04:00,1.975000023841858,1.9800000190734863,1.9607000350952148,1.9700000286102295,15651,0.0,0.0
2023-10-13 14:30:00-04:00,1.9700000286102295,1.975000023841858,1.9600000381469727,1.965000033378601,7659,0.0,0.0
2023-10-13 15:30:00-04:00,1.9600000381469727,1.9700000286102295,1.9600000381469727,1.9600000381469727,15258,0.0,0.0
2023-10-16 09:30:00-04:00,1.9800000190734863,2.089900016784668,1.9800000190734863,2.055000066757202,64362,0.0,0.0
2023-10-16 10:30:00-04:00,2.059999942779541,2.099900007247925,2.0546998977661133,2.0799999237060547,27512,0.0,0.0
2023-10-16 11:30:00-04:00,2.0799999237060547,2.0999999046325684,2.0799999237060547,2.0950000286102295,54465,0.0,0.0
2023-10-16 12:30:00-04:00,2.0994999408721924,2.0999999046325684,2.0899999141693115,2.0999999046325684,35933,0.0,0.0
2023-10-16 13:30:00-04:00,2.0996999740600586,2.0999999046325684,2.0601000785827637,2.065000057220459,17752,0.0,0.0
2023-10-16 14:30:00-04:00,2.059999942779541,2.0850000381469727,2.049999952316284,2.069999933242798,30218,0.0,0.0
2023-10-16 15:30:00-04:00,2.065000057220459,2.0799999237060547,2.059999942779541,2.059999942779541,29239,0.0,0.0
2023-10-17 09:30:00-04:00,2.0799999237060547,2.194999933242798,2.069999933242798,2.184999942779541,32273,0.0,0.0
2023-10-17 10:30:00-04:00,2.180000066757202,2.194999933242798,2.1700000762939453,2.184999942779541,16761,0.0,0.0
2023-10-17 11:30:00-04:00,2.190000057220459,2.2100000381469727,2.184499979019165,2.185699939727783,21607,0.0,0.0
2023-10-17 12:30:00-04:00,2.183500051498413,2.184999942779541,2.1649999618530273,2.184999942779541,8405,0.0,0.0
2023-10-17 13:30:00-04:00,2.1898999214172363,2.190000057220459,2.180000066757202,2.184999942779541,9534,0.0,0.0
2023-10-17 14:30:00-04:00,2.184999942779541,2.190000057220459,2.180000066757202,2.1814000606536865,10531,0.0,0.0
2023-10-17 15:30:00-04:00,2.184999942779541,2.190000057220459,2.180000066757202,2.180000066757202,15513,0.0,0.0
2023-10-18 09:30:00-04:00,2.1600000858306885,2.1600000858306885,2.109999895095825,2.109999895095825,15513,0.0,0.0
2023-10-18 10:30:00-04:00,2.1050000190734863,2.119999885559082,2.0999999046325684,2.1098999977111816,18093,0.0,0.0
2023-10-18 11:30:00-04:00,2.100800037384033,2.1500000953674316,2.0850000381469727,2.125,28478,0.0,0.0
2023-10-18 12:30:00-04:00,2.130000114440918,2.1600000858306885,2.130000114440918,2.1500000953674316,11920,0.0,0.0
2023-10-18 13:30:00-04:00,2.1500000953674316,2.1507999897003174,2.130000114440918,2.140000104904175,20563,0.0,0.0
2023-10-18 14:30:00-04:00,2.134999990463257,2.134999990463257,2.115000009536743,2.1208999156951904,14165,0.0,0.0
2023-10-18 15:30:00-04:00,2.120800018310547,2.120800018310547,2.0999999046325684,2.1050000190734863,29595,0.0,0.0
2023-10-19 09:30:00-04:00,2.0799999237060547,2.119999885559082,1.9800000190734863,2.009999990463257,58297,0.0,0.0
2023-10-19 10:30:00-04:00,2.005000114440918,2.005000114440918,1.9800000190734863,1.9950000047683716,19589,0.0,0.0
2023-10-19 11:30:00-04:00,1.999899983406067,2.0199999809265137,1.9950000047683716,2.0190000534057617,10179,0.0,0.0
2023-10-19 12:30:00-04:00,2.009999990463257,2.049999952316284,2.000999927520752,2.0399999618530273,27096,0.0,0.0
2023-10-19 13:30:00-04:00,2.049999952316284,2.049999952316284,2.0199999809265137,2.0199999809265137,49378,0.0,0.0
2023-10-19 14:30:00-04:00,2.0199999809265137,2.0199999809265137,2.0,2.0199999809265137,22650,0.0,0.0
2023-10-19 15:30:00-04:00,2.015000104904175,2.0199999809265137,2.0,2.0199999809265137,29437,0.0,0.0
2023-10-20 09:30:00-04:00,1.9600000381469727,1.9600000381469727,1.6100000143051147,1.6706000566482544,677212,0.0,0.0
2023-10-20 10:30:00-04:00,1.6700999736785889,1.6706000566482544,1.6299999952316284,1.6475000381469727,115056,0.0,0.0
2023-10-20 11:30:00-04:00,1.648800015449524,1.6685999631881714,1.6399999856948853,1.6509000062942505,63062,0.0,0.0
2023-10-20 12:30:00-04:00,1.6549999713897705,1.7599999904632568,1.6549999713897705,1.7549999952316284,82132,0.0,0.0
2023-10-20 13:30:00-04:00,1.7549999952316284,1.8200000524520874,1.7549999952316284,1.8013999462127686,240971,0.0,0.0
2023-10-20 14:30:00-04:00,1.8049999475479126,1.840000033378601,1.8049999475479126,1.840000033378601,86357,0.0,0.0
2023-10-20 15:30:00-04:00,1.8350000381469727,1.8799999952316284,1.8300000429153442,1.875,66015,0.0,0.0
2023-10-23 09:30:00-04:00,1.7999999523162842,1.8250000476837158,1.7400000095367432,1.809999942779541,99714,0.0,0.0
2023-10-23 10:30:00-04:00,1.815000057220459,1.8200000524520874,1.7999999523162842,1.8200000524520874,22299,0.0,0.0
2023-10-23 11:30:00-04:00,1.815000057220459,1.8200000524520874,1.7999999523162842,1.815000057220459,23496,0.0,0.0
2023-10-23 12:30:00-04:00,1.815000057220459,1.8200000524520874,1.75,1.7649999856948853,44612,0.0,0.0
2023-10-23 13:30:00-04:00,1.7604999542236328,1.774999976158142,1.7300000190734863,1.7598999738693237,40510,0.0,0.0
2023-10-23 14:30:00-04:00,1.750100016593933,1.7549999952316284,1.7100000381469727,1.7300000190734863,33003,0.0,0.0
2023-10-23 15:30:00-04:00,1.7201000452041626,1.7300000190734863,1.7100000381469727,1.7200000286102295,32568,0.0,0.0
2023-10-24 09:30:00-04:00,1.7699999809265137,1.774999976158142,1.6740000247955322,1.684999942779541,60661,0.0,0.0
2023-10-24 10:30:00-04:00,1.684999942779541,1.690000057220459,1.649999976158142,1.649999976158142,56792,0.0,0.0
2023-10-24 11:30:00-04:00,1.6549999713897705,1.690000057220459,1.625,1.684999942779541,105192,0.0,0.0
2023-10-24 12:30:00-04:00,1.684999942779541,1.690000057220459,1.6699999570846558,1.684999942779541,31165,0.0,0.0
2023-10-24 13:30:00-04:00,1.684999942779541,1.690000057220459,1.6699999570846558,1.6749999523162842,24320,0.0,0.0
2023-10-24 14:30:00-04:00,1.6749999523162842,1.6799999475479126,1.6399999856948853,1.6477999687194824,55894,0.0,0.0
2023-10-24 15:30:00-04:00,1.6399999856948853,1.6699999570846558,1.6399999856948853,1.659999966621399,59947,0.0,0.0
2023-10-25 09:30:00-04:00,1.659999966621399,1.6999000310897827,1.6399999856948853,1.684999942779541,45574,0.0,0.0
2023-10-25 10:30:00-04:00,1.690000057220459,1.7000000476837158,1.684999942779541,1.690000057220459,22832,0.0,0.0
2023-10-25 11:30:00-04:00,1.690000057220459,1.7000000476837158,1.6842000484466553,1.6950000524520874,14575,0.0,0.0
2023-10-25 12:30:00-04:00,1.6950000524520874,1.7588000297546387,1.690000057220459,1.725000023841858,72089,0.0,0.0
2023-10-25 13:30:00-04:00,1.726199984550476,1.7400000095367432,1.7200000286102295,1.7200000286102295,20884,0.0,0.0
2023-10-25 14:30:00-04:00,1.7200000286102295,1.7300000190734863,1.7100000381469727,1.7300000190734863,12266,0.0,0.0
2023-10-25 15:30:00-04:00,1.7300000190734863,1.7400000095367432,1.7100000381469727,1.7200000286102295,34036,0.0,0.0
2023-10-26 09:30:00-04:00,1.7200000286102295,1.7700999975204468,1.715000033378601,1.7549999952316284,33870,0.0,0.0
2023-10-26 10:30:00-04:00,1.7599999904632568,1.7899999618530273,1.7400000095367432,1.7649999856948853,35468,0.0,0.0
2023-10-26 11:30:00-04:00,1.7599999904632568,1.7699999809265137,1.7200000286102295,1.725000023841858,19973,0.0,0.0
2023-10-26 12:30:00-04:00,1.7300000190734863,1.7400000095367432,1.7107000350952148,1.715000033378601,26962,0.0,0.0
2023-10-26 13:30:00-04:00,1.7100000381469727,1.7200000286102295,1.690000057220459,1.718999981880188,20230,0.0,0.0
2023-10-26 14:30:00-04:00,1.7200000286102295,1.7300000190734863,1.7100000381469727,1.715000033378601,14849,0.0,0.0
2023-10-26 15:30:00-04:00,1.715000033378601,1.715000033378601,1.7000000476837158,1.7000000476837158,17971,0.0,0.0
2023-10-27 09:30:00-04:00,1.7300000190734863,1.7379000186920166,1.7099000215530396,1.7300000190734863,23237,0.0,0.0
2023-10-27 10:30:00-04:00,1.7201000452041626,1.7300000190734863,1.7100000381469727,1.725000023841858,9449,0.0,0.0
2023-10-27 11:30:00-04:00,1.7200000286102295,1.7300000190734863,1.7200000286102295,1.7200000286102295,7201,0.0,0.0
2023-10-27 12:30:00-04:00,1.7300000190734863,1.7300000190734863,1.7000000476837158,1.7050000429153442,12308,0.0,0.0
2023-10-27 13:30:00-04:00,1.7000000476837158,1.7100000381469727,1.6950000524520874,1.7050000429153442,27922,0.0,0.0
2023-10-27 14:30:00-04:00,1.702299952507019,1.7100000381469727,1.690000057220459,1.7100000381469727,9481,0.0,0.0
2023-10-27 15:30:00-04:00,1.7100000381469727,1.7100000381469727,1.6950000524520874,1.7000000476837158,26877,0.0,0.0
2023-10-30 09:30:00-04:00,1.6699999570846558,1.7812000513076782,1.6699999570846558,1.7300000190734863,24626,0.0,0.0
2023-10-30 10:30:00-04:00,1.7207000255584717,1.7350000143051147,1.7100000381469727,1.7350000143051147,5770,0.0,0.0
2023-10-30 11:30:00-04:00,1.7400000095367432,1.7450000047683716,1.7300000190734863,1.7300000190734863,13321,0.0,0.0
2023-10-30 12:30:00-04:00,1.725000023841858,1.7300000190734863,1.7100000381469727,1.7300000190734863,4558,0.0,0.0
2023-10-30 13:30:00-04:00,1.7294000387191772,1.7400000095367432,1.7200000286102295,1.7350000143051147,4782,0.0,0.0
2023-10-30 14:30:00-04:00,1.7400000095367432,1.75,1.7300000190734863,1.7450000047683716,7106,0.0,0.0
2023-10-30 15:30:00-04:00,1.7450000047683716,1.75,1.7300000190734863,1.7300000190734863,16989,0.0,0.0
2023-10-31 09:30:00-04:00,1.7100000381469727,1.8300000429153442,1.7100000381469727,1.809999942779541,34916,0.0,0.0
2023-10-31 10:30:00-04:00,1.815000057220459,1.8899999856948853,1.809999942779541,1.8250000476837158,31376,0.0,0.0
2023-10-31 11:30:00-04:00,1.8350000381469727,1.8949999809265137,1.8300000429153442,1.8700000047683716,26916,0.0,0.0
2023-10-31 12:30:00-04:00,1.875,1.8949999809265137,1.850000023841858,1.875,28324,0.0,0.0
2023-10-31 13:30:00-04:00,1.875,1.940000057220459,1.875,1.934999942779541,30505,0.0,0.0
2023-10-31 14:30:00-04:00,1.930899977684021,1.940000057220459,1.8910000324249268,1.9168000221252441,20163,0.0,0.0
2023-10-31 15:30:00-04:00,1.9199999570846558,1.9199999570846558,1.875,1.8799999952316284,13656,0.0,0.0
2023-11-01 09:30:00-04:00,1.8899999856948853,1.899999976158142,1.850000023841858,1.8700000047683716,17433,0.0,0.0
2023-11-01 10:30:00-04:00,1.8639999628067017,1.8899999856948853,1.8200000524520874,1.8200000524520874,17459,0.0,0.0
2023-11-01 11:30:00-04:00,1.8200000524520874,1.840000033378601,1.7799999713897705,1.7799999713897705,10893,0.0,0.0
2023-11-01 12:30:00-04:00,1.7884999513626099,1.8200000524520874,1.7800999879837036,1.7999999523162842,0,0.0,0.0
2023-11-01 13:30:00-04:00,1.8049999475479126,1.8049999475479126,1.7549999952316284,1.7549999952316284,106130,0.0,0.0
2023-11-01 14:30:00-04:00,1.75,1.7898999452590942,1.7200000286102295,1.75,54362,0.0,0.0
2023-11-01 15:30:00-04:00,1.7549999952316284,1.7799999713897705,1.75,1.7699999809265137,31027,0.0,0.0
2023-11-02 09:30:00-04:00,1.7899999618530273,1.8700000047683716,1.7699999809265137,1.7699999809265137,14117,0.0,0.0
2023-11-02 10:30:00-04:00,1.7799999713897705,1.809999942779541,1.7699999809265137,1.7999999523162842,13781,0.0,0.0
2023-11-02 11:30:00-04:00,1.7899999618530273,1.809999942779541,1.7699999809265137,1.7699999809265137,13643,0.0,0.0
2023-11-02 12:30:00-04:00,1.7799999713897705,1.7861000299453735,1.7599999904632568,1.7799999713897705,13932,0.0,0.0
2023-11-02 13:30:00-04:00,1.7799999713897705,1.8006000518798828,1.7798999547958374,1.7999999523162842,17859,0.0,0.0
2023-11-02 14:30:00-04:00,1.7999999523162842,1.809999942779541,1.7899999618530273,1.809999942779541,11871,0.0,0.0
2023-11-02 15:30:00-04:00,1.809999942779541,1.809999942779541,1.7949999570846558,1.8049999475479126,14794,0.0,0.0
2023-11-03 09:30:00-04:00,1.840000033378601,1.940000057220459,1.840000033378601,1.9199999570846558,21223,0.0,0.0
2023-11-03 10:30:00-04:00,1.9140000343322754,1.9500000476837158,1.8899999856948853,1.934999942779541,48281,0.0,0.0
2023-11-03 11:30:00-04:00,1.9300999641418457,1.9300999641418457,1.899999976158142,1.899999976158142,15131,0.0,0.0
2023-11-03 12:30:00-04:00,1.909999966621399,1.940000057220459,1.899999976158142,1.9192999601364136,46783,0.0,0.0
2023-11-03 13:30:00-04:00,1.910599946975708,1.940000057220459,1.910099983215332,1.940000057220459,10974,0.0,0.0
2023-11-03 14:30:00-04:00,1.9300999641418457,1.9450000524520874,1.899999976158142,1.9049999713897705,20256,0.0,0.0
2023-11-03 15:30:00-04:00,1.9003000259399414,1.9049999713897705,1.8899999856948853,1.8899999856948853,7724,0.0,0.0
2023-11-06 09:30:00-05:00,1.9199999570846558,1.9199999570846558,1.840000033378601,1.8600000143051147,62464,0.0,0.0
2023-11-06 10:30:00-05:00,1.8639999628067017,1.8868999481201172,1.7799999713897705,1.7799999713897705,45529,0.0,0.0
2023-11-06 11:30:00-05:00,1.784999966621399,1.7899999618530273,1.7548999786376953,1.7799999713897705,26752,0.0,0.0
2023-11-06 12:30:00-05:00,1.7899999618530273,1.8200000524520874,1.7799999713897705,1.8200000524520874,12926,0.0,0.0
2023-11-06 13:30:00-05:00,1.8200000524520874,1.8299000263214111,1.809999942779541,1.809999942779541,5770,0.0,0.0
2023-11-06 14:30:00-05:00,1.8200000524520874,1.840000033378601,1.7999999523162842,1.7999999523162842,22468,0.0,0.0
2023-11-06 15:30:00-05:00,1.7999999523162842,1.809999942779541,1.7599999904632568,1.7599999904632568,33357,0.0,0.0
2023-11-07 09:30:00-05:00,1.7599999904632568,1.8300000429153442,1.7599999904632568,1.8300000429153442,20422,0.0,0.0
2023-11-07 10:30:00-05:00,1.8300000429153442,1.840000033378601,1.8200000524520874,1.8350000381469727,34160,0.0,0.0
2023-11-07 11:30:00-05:00,1.8300000429153442,1.840000033378601,1.8300000429153442,1.8350000381469727,7306,0.0,0.0
2023-11-07 12:30:00-05:00,1.840000033378601,1.850000023841858,1.8200000524520874,1.8350000381469727,21661,0.0,0.0
2023-11-07 13:30:00-05:00,1.840000033378601,1.850000023841858,1.8300000429153442,1.840000033378601,14112,0.0,0.0
2023-11-07 14:30:00-05:00,1.8499000072479248,1.8700000047683716,1.840000033378601,1.8600000143051147,10264,0.0,0.0
2023-11-07 15:30:00-05:00,1.8650000095367432,1.875,1.8600000143051147,1.8700000047683716,23340,0.0,0.0
2023-11-08 09:30:00-05:00,1.8600000143051147,1.8600000143051147,1.7899999618530273,1.7899999618530273,25317,0.0,0.0
2023-11-08 10:30:00-05:00,1.7899999618530273,1.8200000524520874,1.7799999713897705,1.809999942779541,15252,0.0,0.0
2023-11-08 11:30:00-05:00,1.8075000047683716,1.840000033378601,1.7999999523162842,1.837499976158142,27677,0.0,0.0
2023-11-08 12:30:00-05:00,1.840000033378601,1.840000033378601,1.8300000429153442,1.840000033378601,14844,0.0,0.0
2023-11-08 13:30:00-05:00,1.840000033378601,1.840000033378601,1.8300000429153442,1.840000033378601,11733,0.0,0.0
2023-11-08 14:30:00-05:00,1.840000033378601,1.850000023841858,1.8350000381469727,1.840000033378601,11946,0.0,0.0
2023-11-08 15:30:00-05:00,1.8450000286102295,1.8600000143051147,1.8300000429153442,1.840000033378601,103027,0.0,0.0
2023-11-09 09:30:00-05:00,1.840000033378601,1.840000033378601,1.7100000381469727,1.7699999809265137,99388,0.0,0.0
2023-11-09 10:30:00-05:00,1.7789000272750854,1.7798999547958374,1.749899983406067,1.749899983406067,17483,0.0,0.0
2023-11-09 11:30:00-05:00,1.7450000047683716,1.7799999713897705,1.7300000190734863,1.73989999294281,23453,0.0,0.0
2023-11-09 12:30:00-05:00,1.7519999742507935,1.7599999904632568,1.7400000095367432,1.7450000047683716,22006,0.0,0.0
2023-11-09 13:30:00-05:00,1.7450000047683716,1.7599999904632568,1.7000000476837158,1.7100000381469727,45779,0.0,0.0
2023-11-09 14:30:00-05:00,1.7109999656677246,1.7199000120162964,1.6999000310897827,1.7050000429153442,15088,0.0,0.0
2023-11-09 15:30:00-05:00,1.7000000476837158,1.7050000429153442,1.690000057220459,1.690000057220459,66965,0.0,0.0
2023-11-10 09:30:00-05:00,1.690000057220459,1.7000000476837158,1.659999966621399,1.6699999570846558,72821,0.0,0.0
2023-11-10 10:30:00-05:00,1.6699999570846558,1.7064000368118286,1.6699999570846558,1.7050000429153442,22396,0.0,0.0
2023-11-10 11:30:00-05:00,1.7000999450683594,1.7099000215530396,1.690000057220459,1.690000057220459,10768,0.0,0.0
2023-11-10 12:30:00-05:00,1.690000057220459,1.7000000476837158,1.6799999475479126,1.6950000524520874,37260,0.0,0.0
2023-11-10 13:30:00-05:00,1.6950000524520874,1.7000000476837158,1.6799999475479126,1.684999942779541,39027,0.0,0.0
2023-11-10 14:30:00-05:00,1.6799999475479126,1.7050000429153442,1.6799999475479126,1.7000000476837158,22069,0.0,0.0
2023-11-10 15:30:00-05:00,1.7050000429153442,1.7100000381469727,1.7000000476837158,1.7100000381469727,21634,0.0,0.0
2023-11-13 09:30:00-05:00,1.690000057220459,1.7400000095367432,1.690000057220459,1.7000000476837158,36429,0.0,0.0
2023-11-13 10:30:00-05:00,1.7000000476837158,1.7649999856948853,1.6990000009536743,1.7649999856948853,10338,0.0,0.0
2023-11-13 11:30:00-05:00,1.7699999809265137,1.7798999547958374,1.7400000095367432,1.7549999952316284,15959,0.0,0.0
2023-11-13 12:30:00-05:00,1.7598999738693237,1.7599999904632568,1.7200000286102295,1.7350000143051147,15888,0.0,0.0
2023-11-13 13:30:00-05:00,1.7400000095367432,1.7400000095367432,1.7200000286102295,1.7200000286102295,11330,0.0,0.0
2023-11-13 14:30:00-05:00,1.725000023841858,1.75,1.7100000381469727,1.725000023841858,25148,0.0,0.0
2023-11-13 15:30:00-05:00,1.7300000190734863,1.7300000190734863,1.7074999809265137,1.7100000381469727,17490,0.0,0.0
2023-11-14 09:30:00-05:00,1.7200000286102295,1.8049999475479126,1.7200000286102295,1.7649999856948853,29194,0.0,0.0
2023-11-14 10:30:00-05:00,1.7640000581741333,1.7640000581741333,1.6799999475479126,1.697100043296814,47772,0.0,0.0
2023-11-14 11:30:00-05:00,1.6998000144958496,1.7099000215530396,1.690000057220459,1.6950000524520874,29748,0.0,0.0
2023-11-14 12:30:00-05:00,1.690000057220459,1.7000000476837158,1.6699999570846558,1.6799999475479126,32187,0.0,0.0
2023-11-14 13:30:00-05:00,1.690000057220459,1.7100000381469727,1.6699999570846558,1.690000057220459,32590,0.0,0.0
2023-11-14 14:30:00-05:00,1.690000057220459,1.7050000429153442,1.690000057220459,1.7000000476837158,15811,0.0,0.0
2023-11-14 15:30:00-05:00,1.7000000476837158,1.7300000190734863,1.690000057220459,1.7300000190734863,28371,0.0,0.0
2023-11-15 09:30:00-05:00,1.7000000476837158,1.75,1.6699999570846558,1.7099000215530396,0,0.0,0.0
2023-11-15 10:30:00-05:00,1.7000000476837158,1.75,1.6699999570846558,1.7000000476837158,100208,0.0,0.0
2023-11-15 11:30:00-05:00,1.7050000429153442,1.7099000215530396,1.684999942779541,1.7005000114440918,11600,0.0,0.0
2023-11-15 12:30:00-05:00,1.7100000381469727,1.7100000381469727,1.6699999570846558,1.679900050163269,17608,0.0,0.0
2023-11-15 13:30:00-05:00,1.6790000200271606,1.690000057220459,1.6699999570846558,1.6805000305175781,21267,0.0,0.0
2023-11-15 14:30:00-05:00,1.6799999475479126,1.6805000305175781,1.649999976158142,1.659999966621399,20871,0.0,0.0
2023-11-15 15:30:00-05:00,1.6549999713897705,1.7100000381469727,1.649999976158142,1.6699999570846558,92923,0.0,0.0
2023-11-16 09:30:00-05:00,1.6200000047683716,1.659999966621399,1.5200999975204468,1.534999966621399,206524,0.0,0.0
2023-11-16 10:30:00-05:00,1.5299999713897705,1.5398999452590942,1.4800000190734863,1.4936000108718872,81017,0.0,0.0
2023-11-16 11:30:00-05:00,1.5,1.5700000524520874,1.4900000095367432,1.5403000116348267,26456,0.0,0.0
2023-11-16 12:30:00-05:00,1.5399999618530273,1.5499999523162842,1.5190000534057617,1.534999966621399,11911,0.0,0.0
2023-11-16 13:30:00-05:00,1.524999976158142,1.559999942779541,1.5199999809265137,1.5399999618530273,29708,0.0,0.0
2023-11-16 14:30:00-05:00,1.5399999618530273,1.559999942779541,1.5399999618530273,1.5449999570846558,17405,0.0,0.0
2023-11-16 15:30:00-05:00,1.5499999523162842,1.590000033378601,1.5400999784469604,1.5700000524520874,34696,0.0,0.0
2023-11-17 09:30:00-05:00,1.600000023841858,1.600000023841858,1.559999942779541,1.590000033378601,30897,0.0,0.0
2023-11-17 10:30:00-05:00,1.590000033378601,1.6490000486373901,1.590000033378601,1.600000023841858,44078,0.0,0.0
2023-11-17 11:30:00-05:00,1.600000023841858,1.600100040435791,1.5700000524520874,1.590000033378601,26756,0.0,0.0
2023-11-17 12:30:00-05:00,1.600000023841858,1.600000023841858,1.590000033378601,1.600000023841858,6195,0.0,0.0
2023-11-17 13:30:00-05:00,1.5901000499725342,1.6299999952316284,1.590000033378601,1.6100000143051147,27273,0.0,0.0
2023-11-17 14:30:00-05:00,1.6200000047683716,1.6699999570846558,1.6200000047683716,1.6699999570846558,48385,0.0,0.0
2023-11-17 15:30:00-05:00,1.6699999570846558,1.6699999570846558,1.6100000143051147,1.6100000143051147,22192,0.0,0.0
2023-11-20 09:30:00-05:00,1.6200000047683716,1.6200000047683716,1.5199999809265137,1.5800000429153442,100531,0.0,0.0
2023-11-20 10:30:00-05:00,1.590000033378601,1.6301000118255615,1.590000033378601,1.6150000095367432,91619,0.0,0.0
2023-11-20 11:30:00-05:00,1.6200000047683716,1.6401000022888184,1.6100000143051147,1.6353000402450562,22764,0.0,0.0
2023-11-20 12:30:00-05:00,1.6299999952316284,1.649999976158142,1.600000023841858,1.6399999856948853,63358,0.0,0.0
2023-11-20 13:30:00-05:00,1.6399999856948853,1.659999966621399,1.6299999952316284,1.649999976158142,33013,0.0,0.0
2023-11-20 14:30:00-05:00,1.659999966621399,1.6649999618530273,1.6299999952316284,1.649999976158142,53710,0.0,0.0
2023-11-20 15:30:00-05:00,1.659999966621399,1.659999966621399,1.6399999856948853,1.659999966621399,31274,0.0,0.0
2023-11-21 09:30:00-05:00,1.6399999856948853,1.6699999570846558,1.6200000047683716,1.660099983215332,34922,0.0,0.0
2023-11-21 10:30:00-05:00,1.6540000438690186,1.659999966621399,1.6540000438690186,1.6549999713897705,2285,0.0,0.0
2023-11-21 11:30:00-05:00,1.659999966621399,1.659999966621399,1.649999976158142,1.649999976158142,8949,0.0,0.0
2023-11-21 12:30:00-05:00,1.6549999713897705,1.6699999570846558,1.6299999952316284,1.659999966621399,40645,0.0,0.0
2023-11-21 13:30:00-05:00,1.6619999408721924,1.6799999475479126,1.659999966621399,1.6699999570846558,4264,0.0,0.0
2023-11-21 14:30:00-05:00,1.659999966621399,1.6699999570846558,1.659999966621399,1.6649999618530273,4012,0.0,0.0
2023-11-21 15:30:00-05:00,1.6649999618530273,1.6649999618530273,1.6399999856948853,1.649999976158142,50459,0.0,0.0
2023-11-22 09:30:00-05:00,1.659999966621399,1.684999942779541,1.6100000143051147,1.649999976158142,21858,0.0,0.0
2023-11-22 10:30:00-05:00,1.6593999862670898,1.6593999862670898,1.6301000118255615,1.6401000022888184,18672,0.0,0.0
2023-11-22 11:30:00-05:00,1.649999976158142,1.649999976158142,1.6299999952316284,1.6399999856948853,5059,0.0,0.0
2023-11-22 12:30:00-05:00,1.6399999856948853,1.649999976158142,1.6200000047683716,1.6299999952316284,11079,0.0,0.0
2023-11-22 13:30:00-05:00,1.6298999786376953,1.6299999952316284,1.6200000047683716,1.6299999952316284,4305,0.0,0.0
2023-11-22 14:30:00-05:00,1.625,1.625,1.600000023841858,1.600000023841858,13895,0.0,0.0
2023-11-22 15:30:00-05:00,1.6050000190734863,1.6299999952316284,1.600000023841858,1.6299999952316284,22334,0.0,0.0
2023-11-24 09:30:00-05:00,1.6299999952316284,1.690000057220459,1.6200000047683716,1.690000057220459,22591,0.0,0.0
2023-11-24 10:30:00-05:00,1.684000015258789,1.684999942779541,1.659999966621399,1.659999966621399,24322,0.0,0.0
2023-11-24 11:30:00-05:00,1.659999966621399,1.6749999523162842,1.6449999809265137,1.649999976158142,13740,0.0,0.0
2023-11-24 12:30:00-05:00,1.649999976158142,1.659999966621399,1.649999976158142,1.659999966621399,0,0.0,0.0
2023-11-27 09:30:00-05:00,1.6399999856948853,1.7000000476837158,1.6399999856948853,1.659999966621399,53611,0.0,0.0
2023-11-27 10:30:00-05:00,1.659999966621399,1.6799999475479126,1.649999976158142,1.6649999618530273,25099,0.0,0.0
2023-11-27 11:30:00-05:00,1.6699999570846558,1.6799999475479126,1.649999976158142,1.649999976158142,21644,0.0,0.0
2023-11-27 12:30:00-05:00,1.6549999713897705,1.6799999475479126,1.6549999713897705,1.6639000177383423,16939,0.0,0.0
2023-11-27 13:30:00-05:00,1.659999966621399,1.6799999475479126,1.659999966621399,1.6799999475479126,7392,0.0,0.0
2023-11-27 14:30:00-05:00,1.6756999492645264,1.690000057220459,1.6649999618530273,1.6799999475479126,48326,0.0,0.0
2023-11-27 15:30:00-05:00,1.6799999475479126,1.690000057220459,1.649999976158142,1.649999976158142,24342,0.0,0.0
2023-11-28 09:30:00-05:00,1.649999976158142,1.6510000228881836,1.6200000047683716,1.6335999965667725,19228,0.0,0.0
2023-11-28 10:30:00-05:00,1.6299999952316284,1.649999976158142,1.5800000429153442,1.600000023841858,108303,0.0,0.0
2023-11-28 11:30:00-05:00,1.600100040435791,1.6332000494003296,1.600000023841858,1.6100000143051147,48212,0.0,0.0
2023-11-28 12:30:00-05:00,1.6100000143051147,1.6141999959945679,1.600000023841858,1.600000023841858,30458,0.0,0.0
2023-11-28 13:30:00-05:00,1.600000023841858,1.6100000143051147,1.600000023841858,1.600000023841858,20029,0.0,0.0
2023-11-28 14:30:00-05:00,1.600000023841858,1.6100000143051147,1.600000023841858,1.6050000190734863,14093,0.0,0.0
2023-11-28 15:30:00-05:00,1.6100000143051147,1.6100000143051147,1.590000033378601,1.590000033378601,63436,0.0,0.0
2023-11-29 09:30:00-05:00,1.5700000524520874,1.6299999952316284,1.5700000524520874,1.600000023841858,68213,0.0,0.0
2023-11-29 10:30:00-05:00,1.6050000190734863,1.6200000047683716,1.590000033378601,1.600000023841858,16169,0.0,0.0
2023-11-29 11:30:00-05:00,1.5950000286102295,1.600000023841858,1.5600999593734741,1.5950000286102295,86630,0.0,0.0
2023-11-29 12:30:00-05:00,1.5950000286102295,1.5950000286102295,1.5700000524520874,1.5750000476837158,17630,0.0,0.0
2023-11-29 13:30:00-05:00,1.5750000476837158,1.5800000429153442,1.565000057220459,1.5700000524520874,13020,0.0,0.0
2023-11-29 14:30:00-05:00,1.5625,1.5699000358581543,1.5499999523162842,1.559999942779541,18737,0.0,0.0
2023-11-29 15:30:00-05:00,1.5499999523162842,1.5700000524520874,1.5499999523162842,1.559999942779541,37627,0.0,0.0
2023-11-30 09:30:00-05:00,1.559999942779541,1.600100040435791,1.559999942779541,1.5800000429153442,21684,0.0,0.0
2023-11-30 10:30:00-05:00,1.5839999914169312,1.6100000143051147,1.5839999914169312,1.600000023841858,12329,0.0,0.0
2023-11-30 11:30:00-05:00,1.590000033378601,1.5950000286102295,1.5750000476837158,1.5950000286102295,12550,0.0,0.0
2023-11-30 12:30:00-05:00,1.5950000286102295,1.6100000143051147,1.583899974822998,1.600000023841858,8769,0.0,0.0
2023-11-30 13:30:00-05:00,1.5850000381469727,1.6100000143051147,1.5850000381469727,1.600000023841858,18042,0.0,0.0
2023-11-30 14:30:00-05:00,1.600000023841858,1.6100000143051147,1.5950000286102295,1.6100000143051147,19965,0.0,0.0
2023-11-30 15:30:00-05:00,1.6100000143051147,1.7000000476837158,1.600000023841858,1.7000000476837158,198658,0.0,0.0
2023-12-01 09:30:00-05:00,1.649999976158142,1.7000000476837158,1.6100000143051147,1.6649999618530273,77076,0.0,0.0
2023-12-01 10:30:00-05:00,1.6640000343322754,1.7000000476837158,1.6640000343322754,1.6799999475479126,54605,0.0,0.0
2023-12-01 11:30:00-05:00,1.6799999475479126,1.690000057220459,1.6699999570846558,1.684999942779541,24078,0.0,0.0
2023-12-01 12:30:00-05:00,1.6799999475479126,1.690000057220459,1.6649999618530273,1.690000057220459,23254,0.0,0.0
2023-12-01 13:30:00-05:00,1.690000057220459,1.690000057220459,1.6799999475479126,1.684999942779541,4566,0.0,0.0
2023-12-01 14:30:00-05:00,1.684999942779541,1.7000000476837158,1.6749999523162842,1.7000000476837158,57629,0.0,0.0
2023-12-01 15:30:00-05:00,1.7000000476837158,1.725000023841858,1.690000057220459,1.7000000476837158,244706,0.0,0.0
2023-12-04 09:30:00-05:00,1.75,1.7799999713897705,1.690000057220459,1.7000000476837158,49442,0.0,0.0
2023-12-04 10:30:00-05:00,1.7000000476837158,1.7400000095367432,1.694000005722046,1.7200000286102295,19207,0.0,0.0
2023-12-04 11:30:00-05:00,1.7200000286102295,1.7599999904632568,1.7200000286102295,1.7400000095367432,24440,0.0,0.0
2023-12-04 12:30:00-05:00,1.7400000095367432,1.75,1.725000023841858,1.725000023841858,11640,0.0,0.0
2023-12-04 13:30:00-05:00,1.725000023841858,1.7300000190734863,1.7200000286102295,1.7300000190734863,12137,0.0,0.0
2023-12-04 14:30:00-05:00,1.725000023841858,1.7408000230789185,1.725000023841858,1.7300000190734863,44429,0.0,0.0
2023-12-04 15:30:00-05:00,1.7400000095367432,1.7400000095367432,1.7200000286102295,1.725000023841858,22785,0.0,0.0
2023-12-05 09:30:00-05:00,1.7699999809265137,1.7699999809265137,1.75,1.7549999952316284,32335,0.0,0.0
2023-12-05 10:30:00-05:00,1.753999948501587,1.7599999904632568,1.7510000467300415,1.7549999952316284,8393,0.0,0.0
2023-12-05 11:30:00-05:00,1.7549999952316284,1.7580000162124634,1.7450000047683716,1.746500015258789,23753,0.0,0.0
2023-12-05 12:30:00-05:00,1.7400000095367432,1.7400000095367432,1.7100000381469727,1.715000033378601,22398,0.0,0.0
2023-12-05 13:30:00-05:00,1.715000033378601,1.7200000286102295,1.7008999586105347,1.7050000429153442,11749,0.0,0.0
2023-12-05 14:30:00-05:00,1.7050000429153442,1.708899974822998,1.690000057220459,1.6950000524520874,11449,0.0,0.0
2023-12-05 15:30:00-05:00,1.6950000524520874,1.7000000476837158,1.6799999475479126,1.6799999475479126,19260,0.0,0.0
2023-12-06 09:30:00-05:00,1.690000057220459,1.7200000286102295,1.690000057220459,1.7199000120162964,0,0.0,0.0
2023-12-06 10:30:00-05:00,1.7139999866485596,1.7380000352859497,1.7139999866485596,1.7350000143051147,9102,0.0,0.0
2023-12-06 11:30:00-05:00,1.7400000095367432,1.7400000095367432,1.7309999465942383,1.7350000143051147,4057,0.0,0.0
2023-12-06 12:30:00-05:00,1.7350000143051147,1.7400000095367432,1.7300000190734863,1.7300000190734863,5905,0.0,0.0
2023-12-06 13:30:00-05:00,1.7400000095367432,1.75,1.7400000095367432,1.7400000095367432,11966,0.0,0.0
2023-12-06 14:30:00-05:00,1.7310999631881714,1.7400000095367432,1.7300000190734863,1.7302000522613525,4822,0.0,0.0
2023-12-06 15:30:00-05:00,1.730299949645996,1.7307000160217285,1.6799999475479126,1.6799999475479126,33335,0.0,0.0
2023-12-07 09:30:00-05:00,1.659999966621399,1.690000057220459,1.649999976158142,1.6698999404907227,12958,0.0,0.0
2023-12-07 10:30:00-05:00,1.6640000343322754,1.690000057220459,1.6549999713897705,1.690000057220459,40866,0.0,0.0
2023-12-07 11:30:00-05:00,1.684999942779541,1.690000057220459,1.684999942779541,1.690000057220459,744,0.0,0.0
2023-12-07 12:30:00-05:00,1.684999942779541,1.7000000476837158,1.684999942779541,1.6992000341415405,10519,0.0,0.0
2023-12-07 13:30:00-05:00,1.7000000476837158,1.7050000429153442,1.690000057220459,1.7050000429153442,14489,0.0,0.0
2023-12-07 14:30:00-05:00,1.7100000381469727,1.7200000286102295,1.7000000476837158,1.7000000476837158,15599,0.0,0.0
2023-12-07 15:30:00-05:00,1.7050000429153442,1.7100000381469727,1.6950000524520874,1.7100000381469727,9718,0.0,0.0
2023-12-08 09:30:00-05:00,1.690000057220459,1.7400000095367432,1.6782000064849854,1.690000057220459,56763,0.0,0.0
2023-12-08 10:30:00-05:00,1.6890000104904175,1.690000057220459,1.659999966621399,1.6799999475479126,35114,0.0,0.0
2023-12-08 11:30:00-05:00,1.684999942779541,1.6861000061035156,1.6799999475479126,1.6799999475479126,3968,0.0,0.0
2023-12-08 12:30:00-05:00,1.6799999475479126,1.6950000524520874,1.6799999475479126,1.6900999546051025,9029,0.0,0.0
2023-12-08 13:30:00-05:00,1.690000057220459,1.7000999450683594,1.6799999475479126,1.6950000524520874,16232,0.0,0.0
2023-12-08 14:30:00-05:00,1.7000000476837158,1.7005000114440918,1.6799999475479126,1.690000057220459,7873,0.0,0.0
2023-12-08 15:30:00-05:00,1.684999942779541,1.690000057220459,1.6699999570846558,1.6749999523162842,11258,0.0,0.0
2023-12-11 09:30:00-05:00,1.659999966621399,1.690000057220459,1.659999966621399,1.6749999523162842,45900,0.0,0.0
2023-12-11 10:30:00-05:00,1.6740000247955322,1.6799999475479126,1.659999966621399,1.6649999618530273,14072,0.0,0.0
2023-12-11 11:30:00-05:00,1.6699999570846558,1.6789000034332275,1.6649999618530273,1.6699999570846558,6312,0.0,0.0
2023-12-11 12:30:00-05:00,1.6749999523162842,1.6799999475479126,1.6699999570846558,1.6699999570846558,5468,0.0,0.0
2023-12-11 13:30:00-05:00,1.6749999523162842,1.6749999523162842,1.6301000118255615,1.648900032043457,30542,0.0,0.0
2023-12-11 14:30:00-05:00,1.6402000188827515,1.6699999570846558,1.6402000188827515,1.6699999570846558,11853,0.0,0.0
2023-12-11 15:30:00-05:00,1.6699999570846558,1.6799999475479126,1.656999945640564,1.6699999570846558,20197,0.0,0.0
2023-12-12 09:30:00-05:00,1.6399999856948853,1.6699999570846558,1.6399999856948853,1.6449999809265137,20504,0.0,0.0
2023-12-12 10:30:00-05:00,1.649999976158142,1.659999966621399,1.6349999904632568,1.6349999904632568,40885,0.0,0.0
2023-12-12 11:30:00-05:00,1.6398999691009521,1.649999976158142,1.6301000118255615,1.649999976158142,14706,0.0,0.0
2023-12-12 12:30:00-05:00,1.649999976158142,1.649999976158142,1.6399999856948853,1.6399999856948853,23587,0.0,0.0
2023-12-12 13:30:00-05:00,1.6399999856948853,1.6549999713897705,1.6399999856948853,1.6449999809265137,11780,0.0,0.0
2023-12-12 14:30:00-05:00,1.649999976158142,1.6649999618530273,1.6399999856948853,1.6649999618530273,19583,0.0,0.0
2023-12-12 15:30:00-05:00,1.6649999618530273,1.6698999404907227,1.6299999952316284,1.6399999856948853,87237,0.0,0.0
2023-12-13 09:30:00-05:00,1.6100000143051147,1.6549999713897705,1.6100000143051147,1.6399999856948853,52560,0.0,0.0
2023-12-13 10:30:00-05:00,1.6339999437332153,1.659999966621399,1.6339999437332153,1.649999976158142,13746,0.0,0.0
2023-12-13 11:30:00-05:00,1.649999976158142,1.649999976158142,1.6309000253677368,1.6349999904632568,16561,0.0,0.0
2023-12-13 12:30:00-05:00,1.639299988746643,1.6399999856948853,1.6050000190734863,1.6098999977111816,15745,0.0,0.0
2023-12-13 13:30:00-05:00,1.6100000143051147,1.649999976158142,1.6098999977111816,1.6349999904632568,20377,0.0,0.0
2023-12-13 14:30:00-05:00,1.6308000087738037,1.6799999475479126,1.6308000087738037,1.649999976158142,23929,0.0,0.0
2023-12-13 15:30:00-05:00,1.649999976158142,1.690000057220459,1.6402000188827515,1.6799999475479126,20050,0.0,0.0
2023-12-14 09:30:00-05:00,1.690000057220459,1.7200000286102295,1.6299999952316284,1.7000000476837158,37493,0.0,0.0
2023-12-14 10:30:00-05:00,1.694000005722046,1.7050000429153442,1.6799999475479126,1.6950000524520874,23610,0.0,0.0
2023-12-14 11:30:00-05:00,1.690000057220459,1.7050000429153442,1.6799999475479126,1.6950000524520874,13149,0.0,0.0
2023-12-14 12:30:00-05:00,1.6950000524520874,1.6950000524520874,1.6649999618530273,1.6749999523162842,19416,0.0,0.0
2023-12-14 13:30:00-05:00,1.659999966621399,1.6749999523162842,1.659999966621399,1.6749999523162842,5528,0.0,0.0
2023-12-14 14:30:00-05:00,1.6749999523162842,1.684999942779541,1.659999966621399,1.6699999570846558,9228,0.0,0.0
2023-12-14 15:30:00-05:00,1.6649999618530273,1.6799999475479126,1.659999966621399,1.659999966621399,43930,0.0,0.0
2023-12-15 09:30:00-05:00,1.6399999856948853,1.7200000286102295,1.6399999856948853,1.6549999713897705,22795,0.0,0.0
2023-12-15 10:30:00-05:00,1.649999976158142,1.7200000286102295,1.6150000095367432,1.684999942779541,36378,0.0,0.0
2023-12-15 11:30:00-05:00,1.684999942779541,1.690000057220459,1.6549999713897705,1.6699999570846558,15866,0.0,0.0
2023-12-15 12:30:00-05:00,1.6699999570846558,1.6799999475479126,1.6299999952316284,1.6399999856948853,27195,0.0,0.0
2023-12-15 13:30:00-05:00,1.6349999904632568,1.6699999570846558,1.6299999952316284,1.6699999570846558,23305,0.0,0.0
2023-12-15 14:30:00-05:00,1.6649999618530273,1.6699999570846558,1.649999976158142,1.6549999713897705,9341,0.0,0.0
2023-12-15 15:30:00-05:00,1.6549999713897705,1.659999966621399,1.6200000047683716,1.625,28379,0.0,0.0
2023-12-18 09:30:00-05:00,1.6399999856948853,1.6999000310897827,1.625,1.690000057220459,53478,0.0,0.0
2023-12-18 10:30:00-05:00,1.684999942779541,1.7075999975204468,1.684999942779541,1.7000000476837158,24023,0.0,0.0
2023-12-18 11:30:00-05:00,1.6999000310897827,1.7100000381469727,1.692199945449829,1.7100000381469727,12199,0.0,0.0
2023-12-18 12:30:00-05:00,1.7200000286102295,1.7200000286102295,1.6799999475479126,1.6799999475479126,34615,0.0,0.0
2023-12-18 13:30:00-05:00,1.679900050163269,1.6799999475479126,1.6699999570846558,1.6699999570846558,70365,0.0,0.0
2023-12-18 14:30:00-05:00,1.6799999475479126,1.690000057220459,1.6699999570846558,1.6799999475479126,22527,0.0,0.0
2023-12-18 15:30:00-05:00,1.6799999475479126,1.7000000476837158,1.659999966621399,1.7000000476837158,45565,0.0,0.0
2023-12-19 09:30:00-05:00,1.7000000476837158,1.909999966621399,1.7000000476837158,1.850600004196167,130388,0.0,0.0
2023-12-19 10:30:00-05:00,1.850000023841858,1.9700000286102295,1.8496999740600586,1.9049999713897705,95172,0.0,0.0
2023-12-19 11:30:00-05:00,1.899999976158142,1.940000057220459,1.899999976158142,1.934999942779541,67497,0.0,0.0
2023-12-19 12:30:00-05:00,1.9399000406265259,1.9399000406265259,1.899999976158142,1.9190000295639038,24834,0.0,0.0
2023-12-19 13:30:00-05:00,1.9133000373840332,1.9287999868392944,1.899999976158142,1.9149999618530273,43905,0.0,0.0
2023-12-19 14:30:00-05:00,1.909999966621399,1.9199999570846558,1.899999976158142,1.9149999618530273,28064,0.0,0.0
2023-12-19 15:30:00-05:00,1.909999966621399,1.9249999523162842,1.899999976158142,1.899999976158142,28470,0.0,0.0
2023-12-20 09:30:00-05:00,1.899999976158142,1.9049999713897705,1.8200000524520874,1.8949999809265137,51810,0.0,0.0
2023-12-20 10:30:00-05:00,1.8949999809265137,1.9000999927520752,1.850000023841858,1.8550000190734863,42344,0.0,0.0
2023-12-20 11:30:00-05:00,1.8502999544143677,1.8773000240325928,1.8217999935150146,1.8700000047683716,65295,0.0,0.0
2023-12-20 12:30:00-05:00,1.8799999952316284,1.899999976158142,1.8700000047683716,1.8940000534057617,12536,0.0,0.0
2023-12-20 13:30:00-05:00,1.8899999856948853,1.8899999856948853,1.871399998664856,1.871399998664856,12793,0.0,0.0
2023-12-20 14:30:00-05:00,1.8700000047683716,1.8701000213623047,1.850000023841858,1.850000023841858,18002,0.0,0.0
2023-12-20 15:30:00-05:00,1.8550000190734863,1.8600000143051147,1.850000023841858,1.850000023841858,23039,0.0,0.0
2023-12-21 09:30:00-05:00,1.909999966621399,1.909999966621399,1.8300000429153442,1.8588999509811401,24527,0.0,0.0
2023-12-21 10:30:00-05:00,1.8550000190734863,1.8700000047683716,1.850000023841858,1.850000023841858,66874,0.0,0.0
2023-12-21 11:30:00-05:00,1.850000023841858,1.8799999952316284,1.850000023841858,1.878999948501587,27529,0.0,0.0
2023-12-21 12:30:00-05:00,1.8700000047683716,1.8799999952316284,1.8700000047683716,1.8795000314712524,6318,0.0,0.0
2023-12-21 13:30:00-05:00,1.8789000511169434,1.8899999856948853,1.8789000511169434,1.8799999952316284,7149,0.0,0.0
2023-12-21 14:30:00-05:00,1.8899999856948853,1.8899999856948853,1.875,1.8799999952316284,28566,0.0,0.0
2023-12-21 15:30:00-05:00,1.875,1.875,1.8600000143051147,1.8600000143051147,14588,0.0,0.0
2023-12-22 09:30:00-05:00,1.8700000047683716,1.909999966621399,1.8700000047683716,1.8701000213623047,15642,0.0,0.0
2023-12-22 10:30:00-05:00,1.875,1.909999966621399,1.850000023841858,1.899999976158142,17784,0.0,0.0
2023-12-22 11:30:00-05:00,1.899999976158142,1.9200999736785889,1.899999976158142,1.9179999828338623,24960,0.0,0.0
2023-12-22 12:30:00-05:00,1.909999966621399,1.909999966621399,1.8550000190734863,1.8700000047683716,62766,0.0,0.0
2023-12-22 13:30:00-05:00,1.875,1.8899999856948853,1.8550000190734863,1.8550000190734863,44132,0.0,0.0
2023-12-22 14:30:00-05:00,1.8550000190734863,1.8550000190734863,1.8300000429153442,1.8350000381469727,36875,0.0,0.0
2023-12-22 15:30:00-05:00,1.8300000429153442,1.8550000190734863,1.8200000524520874,1.8300000429153442,26539,0.0,0.0
2023-12-26 09:30:00-05:00,1.8799999952316284,1.9279999732971191,1.850000023841858,1.8799999952316284,107320,0.0,0.0
2023-12-26 10:30:00-05:00,1.8700000047683716,1.888100028038025,1.840000033378601,1.8550000190734863,47143,0.0,0.0
2023-12-26 11:30:00-05:00,1.8550000190734863,1.941499948501587,1.8450000286102295,1.9149999618530273,55686,0.0,0.0
2023-12-26 12:30:00-05:00,1.909999966621399,1.9199999570846558,1.8799999952316284,1.899999976158142,60128,0.0,0.0
2023-12-26 13:30:00-05:00,1.909999966621399,1.9199999570846558,1.8600000143051147,1.8949999809265137,42383,0.0,0.0
2023-12-26 14:30:00-05:00,1.899999976158142,1.9038000106811523,1.8899999856948853,1.8949999809265137,11127,0.0,0.0
2023-12-26 15:30:00-05:00,1.8949999809265137,1.909999966621399,1.8949999809265137,1.909999966621399,18397,0.0,0.0
2023-12-27 09:30:00-05:00,1.9299999475479126,1.9500000476837158,1.899999976158142,1.9249999523162842,25427,0.0,0.0
2023-12-27 10:30:00-05:00,1.9299999475479126,1.9700000286102295,1.909999966621399,1.9651999473571777,43782,0.0,0.0
2023-12-27 11:30:00-05:00,1.965000033378601,1.9700000286102295,1.9199999570846558,1.9299999475479126,41211,0.0,0.0
2023-12-27 12:30:00-05:00,1.9199999570846558,1.9450000524520874,1.9199999570846558,1.9299999475479126,17764,0.0,0.0
2023-12-27 13:30:00-05:00,1.9249999523162842,1.9700000286102295,1.909999966621399,1.9600000381469727,123667,0.0,0.0
2023-12-27 14:30:00-05:00,1.9600000381469727,1.9700000286102295,1.9500000476837158,1.9600000381469727,28987,0.0,0.0
2023-12-27 15:30:00-05:00,1.9600000381469727,2.0,1.9500000476837158,1.9900000095367432,40775,0.0,0.0
2023-12-28 09:30:00-05:00,2.0,2.109999895095825,2.0,2.109999895095825,83216,0.0,0.0
2023-12-28 10:30:00-05:00,2.109999895095825,2.1649999618530273,2.100100040435791,2.115000009536743,80943,0.0,0.0
2023-12-28 11:30:00-05:00,2.1198999881744385,2.1500000953674316,2.0899999141693115,2.130000114440918,28562,0.0,0.0
2023-12-28 12:30:00-05:00,2.140000104904175,2.1500000953674316,2.109999895095825,2.119999885559082,18970,0.0,0.0
2023-12-28 13:30:00-05:00,2.130000114440918,2.134200096130371,2.0999999046325684,2.1050000190734863,12427,0.0,0.0
2023-12-28 14:30:00-05:00,2.109999895095825,2.1700000762939453,2.1050000190734863,2.1449999809265137,71914,0.0,0.0
2023-12-28 15:30:00-05:00,2.1500000953674316,2.180000066757202,2.1500000953674316,2.1700000762939453,27491,0.0,0.0
2023-12-29 09:30:00-05:00,2.2300000190734863,2.369999885559082,2.1700000762939453,2.2100000381469727,300336,0.0,0.0
2023-12-29 10:30:00-05:00,2.25,2.25,2.119999885559082,2.184999942779541,92739,0.0,0.0
2023-12-29 11:30:00-05:00,2.180000066757202,2.200000047683716,2.1700000762939453,2.1700000762939453,17460,0.0,0.0
2023-12-29 12:30:00-05:00,2.1700000762939453,2.219899892807007,2.1700000762939453,2.2049999237060547,49624,0.0,0.0
2023-12-29 13:30:00-05:00,2.200000047683716,2.239799976348877,2.190000057220459,2.234999895095825,44604,0.0,0.0
2023-12-29 14:30:00-05:00,2.240000009536743,2.2699999809265137,2.2211999893188477,2.25,53948,0.0,0.0
2023-12-29 15:30:00-05:00,2.25,2.259999990463257,2.200000047683716,2.2300000190734863,38933,0.0,0.0
2024-01-02 09:30:00-05:00,2.2899999618530273,2.364500045776367,2.190200090408325,2.220099925994873,60769,0.0,0.0
2024-01-02 10:30:00-05:00,2.2300000190734863,2.259999990463257,2.190000057220459,2.20989990234375,30347,0.0,0.0
2024-01-02 11:30:00-05:00,2.200000047683716,2.25,2.190000057220459,2.2300000190734863,43238,0.0,0.0
2024-01-02 12:30:00-05:00,2.2300000190734863,2.2300000190734863,2.200000047683716,2.2100000381469727,13029,0.0,0.0
2024-01-02 13:30:00-05:00,2.2100000381469727,2.2149999141693115,2.190000057220459,2.2049999237060547,21301,0.0,0.0
2024-01-02 14:30:00-05:00,2.2049999237060547,2.2149999141693115,2.190000057220459,2.2149999141693115,44730,0.0,0.0
2024-01-02 15:30:00-05:00,2.2139999866485596,2.2200000286102295,2.200000047683716,2.2100000381469727,21227,0.0,0.0
2024-01-03 09:30:00-05:00,1.9900000095367432,1.9900000095367432,1.850000023841858,1.8604999780654907,253843,0.0,0.0
2024-01-03 10:30:00-05:00,1.8799999952316284,1.9276000261306763,1.8799999952316284,1.9276000261306763,53233,0.0,0.0
2024-01-03 11:30:00-05:00,1.9299999475479126,1.9800000190734863,1.909999966621399,1.975000023841858,67699,0.0,0.0
2024-01-03 12:30:00-05:00,1.975000023841858,2.0299999713897705,1.9700000286102295,2.005000114440918,281446,0.0,0.0
2024-01-03 13:30:00-05:00,2.005000114440918,2.0099000930786133,1.9500000476837158,1.9700000286102295,77666,0.0,0.0
2024-01-03 14:30:00-05:00,1.9700000286102295,1.9700000286102295,1.9450000524520874,1.9450000524520874,46509,0.0,0.0
2024-01-03 15:30:00-05:00,1.9450000524520874,1.9600000381469727,1.940000057220459,1.9600000381469727,61514,0.0,0.0
2024-01-04 09:30:00-05:00,2.0,2.0299999713897705,1.975000023841858,1.975000023841858,381631,0.0,0.0
2024-01-04 10:30:00-05:00,1.9701999425888062,1.9780999422073364,1.940000057220459,1.9500000476837158,36395,0.0,0.0
2024-01-04 11:30:00-05:00,1.9450000524520874,1.9500000476837158,1.909999966621399,1.9299999475479126,28064,0.0,0.0
2024-01-04 12:30:00-05:00,1.9299999475479126,1.9299999475479126,1.9199999570846558,1.9299999475479126,7655,0.0,0.0
2024-01-04 13:30:00-05:00,1.9299999475479126,1.9600000381469727,1.9200999736785889,1.9500000476837158,12637,0.0,0.0
2024-01-04 14:30:00-05:00,1.9500000476837158,1.9600000381469727,1.940000057220459,1.9579999446868896,8424,0.0,0.0
2024-01-04 15:30:00-05:00,1.9600000381469727,1.9600000381469727,1.940000057220459,1.9400999546051025,23903,0.0,0.0
2024-01-05 09:30:00-05:00,1.940000057220459,1.940000057220459,1.850000023841858,1.899999976158142,54799,0.0,0.0
2024-01-05 10:30:00-05:00,1.909999966621399,1.9199999570846558,1.899999976158142,1.9149999618530273,10755,0.0,0.0
2024-01-05 11:30:00-05:00,1.9198999404907227,1.9198999404907227,1.8949999809265137,1.8949999809265137,18860,0.0,0.0
2024-01-05 12:30:00-05:00,1.8899999856948853,1.9199999570846558,1.8700000047683716,1.9199999570846558,17796,0.0,0.0
2024-01-05 13:30:00-05:00,1.9199999570846558,1.9299999475479126,1.9049999713897705,1.9299999475479126,13902,0.0,0.0
2024-01-05 14:30:00-05:00,1.9200999736785889,1.9249999523162842,1.899999976158142,1.909999966621399,14646,0.0,0.0
2024-01-05 15:30:00-05:00,1.9049999713897705,1.909999966621399,1.8899999856948853,1.8899999856948853,13464,0.0,0.0
2024-01-08 09:30:00-05:00,1.899999976158142,1.909999966621399,1.8876999616622925,1.9049999713897705,25372,0.0,0.0
2024-01-08 10:30:00-05:00,1.9049999713897705,1.9249999523162842,1.899999976158142,1.9191999435424805,23022,0.0,0.0
2024-01-08 11:30:00-05:00,1.909999966621399,1.9199999570846558,1.909999966621399,1.9180999994277954,4047,0.0,0.0
2024-01-08 12:30:00-05:00,1.909999966621399,1.9700000286102295,1.909999966621399,1.9600000381469727,19875,0.0,0.0
2024-01-08 13:30:00-05:00,1.9700000286102295,1.9900000095367432,1.9600000381469727,1.9900000095367432,17220,0.0,0.0
2024-01-08 14:30:00-05:00,1.9900000095367432,2.009999990463257,1.9799000024795532,1.9800000190734863,45156,0.0,0.0
2024-01-08 15:30:00-05:00,1.9900000095367432,2.009999990463257,1.9850000143051147,2.0,10521,0.0,0.0
2024-01-09 09:30:00-05:00,1.9900000095367432,2.0199999809265137,1.9700000286102295,2.009999990463257,10221,0.0,0.0
2024-01-09 10:30:00-05:00,2.0190000534057617,2.0199999809265137,2.0,2.015000104904175,9010,0.0,0.0
2024-01-09 11:30:00-05:00,2.0100998878479004,2.0185999870300293,2.009999990463257,2.0100998878479004,1615,0.0,0.0
2024-01-09 12:30:00-05:00,2.009999990463257,2.009999990463257,1.9900000095367432,1.9900000095367432,5668,0.0,0.0
2024-01-09 13:30:00-05:00,1.9900000095367432,1.9907000064849854,1.9600000381469727,1.9700000286102295,7544,0.0,0.0
2024-01-09 14:30:00-05:00,1.975000023841858,1.9900000095367432,1.9700000286102295,1.9700000286102295,14354,0.0,0.0
2024-01-09 15:30:00-05:00,1.9800000190734863,1.9800000190734863,1.9700000286102295,1.9800000190734863,10337,0.0,0.0
2024-01-10 09:30:00-05:00,2.0,2.0299999713897705,1.9299999475479126,1.9550000429153442,25449,0.0,0.0
2024-01-10 10:30:00-05:00,1.9599000215530396,1.9600000381469727,1.9450000524520874,1.9450000524520874,8223,0.0,0.0
2024-01-10 11:30:00-05:00,1.9450000524520874,1.9550000429153442,1.9450000524520874,1.9450000524520874,4358,0.0,0.0
2024-01-10 12:30:00-05:00,1.940000057220459,1.940000057220459,1.9299999475479126,1.940000057220459,1939,0.0,0.0
2024-01-10 13:30:00-05:00,1.9500000476837158,2.0,1.9500000476837158,1.9950000047683716,13941,0.0,0.0
2024-01-10 14:30:00-05:00,1.9950000047683716,2.049999952316284,1.9900000095367432,2.0399999618530273,52183,0.0,0.0
2024-01-10 15:30:00-05:00,2.0399999618530273,2.049999952316284,2.0299999713897705,2.0399999618530273,14982,0.0,0.0
2024-01-11 09:30:00-05:00,2.0199999809265137,2.0292999744415283,1.9600000381469727,1.9700000286102295,28759,0.0,0.0
2024-01-11 10:30:00-05:00,1.9714000225067139,1.9714000225067139,1.9500999450683594,1.9601000547409058,5595,0.0,0.0
2024-01-11 11:30:00-05:00,1.9500999450683594,1.965000033378601,1.9500999450683594,1.9600000381469727,4616,0.0,0.0
2024-01-11 12:30:00-05:00,1.9600000381469727,1.9950000047683716,1.9600000381469727,1.9950000047683716,6803,0.0,0.0
2024-01-11 13:30:00-05:00,1.9980000257492065,2.005000114440918,1.9900000095367432,2.005000114440918,11567,0.0,0.0
2024-01-11 14:30:00-05:00,2.005000114440918,2.0199999809265137,2.0,2.009999990463257,6018,0.0,0.0
2024-01-11 15:30:00-05:00,2.009999990463257,2.009999990463257,2.0,2.005000114440918,7828,0.0,0.0
2024-01-12 09:30:00-05:00,2.049999952316284,2.049999952316284,2.0,2.009999990463257,30151,0.0,0.0
2024-01-12 10:30:00-05:00,2.0,2.0,1.9800000190734863,1.9850000143051147,10357,0.0,0.0
2024-01-12 11:30:00-05:00,1.9900000095367432,2.0199999809265137,1.9700000286102295,2.000999927520752,29570,0.0,0.0
2024-01-12 12:30:00-05:00,1.9993000030517578,2.0,1.9800000190734863,1.9950000047683716,2387,0.0,0.0
2024-01-12 13:30:00-05:00,1.9908000230789185,2.0,1.9908000230789185,2.0,1062,0.0,0.0
2024-01-12 14:30:00-05:00,1.9900000095367432,2.0,1.9700000286102295,1.9800000190734863,10796,0.0,0.0
2024-01-12 15:30:00-05:00,1.9800000190734863,1.9800000190734863,1.9700000286102295,1.9800000190734863,9195,0.0,0.0
2024-01-16 09:30:00-05:00,1.9700000286102295,1.9700000286102295,1.909999966621399,1.955399990081787,29113,0.0,0.0
2024-01-16 10:30:00-05:00,1.9500000476837158,1.9600000381469727,1.899999976158142,1.9049999713897705,31599,0.0,0.0
2024-01-16 11:30:00-05:00,1.899999976158142,1.909999966621399,1.8801000118255615,1.8849999904632568,18617,0.0,0.0
2024-01-16 12:30:00-05:00,1.8700000047683716,1.899999976158142,1.8700000047683716,1.8899999856948853,6970,0.0,0.0
2024-01-16 13:30:00-05:00,1.8899999856948853,1.9049999713897705,1.8799999952316284,1.899999976158142,12434,0.0,0.0
2024-01-16 14:30:00-05:00,1.8899999856948853,1.899999976158142,1.8899999856948853,1.8949999809265137,3945,0.0,0.0
2024-01-16 15:30:00-05:00,1.8949999809265137,1.909999966621399,1.8949999809265137,1.899999976158142,8315,0.0,0.0
2024-01-17 09:30:00-05:00,1.8700000047683716,1.8700000047683716,1.840000033378601,1.8550000190734863,14087,0.0,0.0
2024-01-17 10:30:00-05:00,1.8598999977111816,1.8598999977111816,1.840000033378601,1.840000033378601,7057,0.0,0.0
2024-01-17 11:30:00-05:00,1.840000033378601,1.850000023841858,1.840000033378601,1.840000033378601,3872,0.0,0.0
2024-01-17 12:30:00-05:00,1.840000033378601,1.850000023841858,1.840000033378601,1.8480000495910645,7282,0.0,0.0
2024-01-17 13:30:00-05:00,1.840000033378601,1.8600000143051147,1.840000033378601,1.8450000286102295,11016,0.0,0.0
2024-01-17 14:30:00-05:00,1.840000033378601,1.8600000143051147,1.840000033378601,1.8550000190734863,11475,0.0,0.0
2024-01-17 15:30:00-05:00,1.8550000190734863,1.8799999952316284,1.850000023841858,1.8799999952316284,33078,0.0,0.0
2024-01-18 09:30:00-05:00,1.8899999856948853,1.9900000095367432,1.8799999952316284,1.9600000381469727,32450,0.0,0.0
2024-01-18 10:30:00-05:00,1.9600000381469727,1.9800000190734863,1.8799999952316284,1.8899999856948853,50345,0.0,0.0
2024-01-18 11:30:00-05:00,1.899999976158142,1.9500000476837158,1.8899999856948853,1.9500000476837158,19727,0.0,0.0
2024-01-18 12:30:00-05:00,1.9450000524520874,1.9700000286102295,1.909999966621399,1.9299999475479126,36338,0.0,0.0
2024-01-18 13:30:00-05:00,1.940000057220459,1.940000057220459,1.899999976158142,1.9199999570846558,24098,0.0,0.0
2024-01-18 14:30:00-05:00,1.9198999404907227,1.9199999570846558,1.8700000047683716,1.8700000047683716,65436,0.0,0.0
2024-01-18 15:30:00-05:00,1.8700000047683716,1.899999976158142,1.8700000047683716,1.8899999856948853,28068,0.0,0.0
2024-01-19 09:30:00-05:00,1.8899999856948853,1.8899999856948853,1.8300000429153442,1.8300000429153442,32085,0.0,0.0
2024-01-19 10:30:00-05:00,1.8350000381469727,1.8451000452041626,1.8300000429153442,1.8350000381469727,14975,0.0,0.0
2024-01-19 11:30:00-05:00,1.8350000381469727,1.840000033378601,1.8100999593734741,1.815000057220459,10528,0.0,0.0
2024-01-19 12:30:00-05:00,1.8199000358581543,1.8300000429153442,1.809999942779541,1.815000057220459,10003,0.0,0.0
2024-01-19 13:30:00-05:00,1.8200000524520874,1.840000033378601,1.8200000524520874,1.8320000171661377,12462,0.0,0.0
2024-01-19 14:30:00-05:00,1.8350000381469727,1.840000033378601,1.8200000524520874,1.840000033378601,22431,0.0,0.0
2024-01-19 15:30:00-05:00,1.8300000429153442,1.840000033378601,1.8300000429153442,1.8300000429153442,5813,0.0,0.0
2024-01-22 09:30:00-05:00,1.8200000524520874,1.8700000047683716,1.8200000524520874,1.850000023841858,23268,0.0,0.0
2024-01-22 10:30:00-05:00,1.840000033378601,1.848099946975708,1.8200000524520874,1.8200000524520874,5293,0.0,0.0
2024-01-22 11:30:00-05:00,1.8300000429153442,1.8300000429153442,1.7999999523162842,1.815000057220459,9808,0.0,0.0
2024-01-22 12:30:00-05:00,1.815000057220459,1.8300000429153442,1.815000057220459,1.8250000476837158,15479,0.0,0.0
2024-01-22 13:30:00-05:00,1.8250000476837158,1.8300000429153442,1.8200000524520874,1.8250000476837158,3820,0.0,0.0
2024-01-22 14:30:00-05:00,1.8300000429153442,1.840000033378601,1.8215999603271484,1.8350000381469727,4910,0.0,0.0
2024-01-22 15:30:00-05:00,1.8350000381469727,1.850000023841858,1.8350000381469727,1.8490999937057495,4933,0.0,0.0
2024-01-23 09:30:00-05:00,1.850000023841858,1.8799999952316284,1.840000033378601,1.8550000190734863,9580,0.0,0.0
2024-01-23 10:30:00-05:00,1.8566999435424805,1.8600000143051147,1.8450000286102295,1.8600000143051147,15728,0.0,0.0
2024-01-23 11:30:00-05:00,1.8550000190734863,1.8600000143051147,1.8507000207901,1.8550000190734863,12690,0.0,0.0
2024-01-23 12:30:00-05:00,1.8502999544143677,1.8700000047683716,1.8502999544143677,1.8693000078201294,3973,0.0,0.0
2024-01-23 13:30:00-05:00,1.8650000095367432,1.8799999952316284,1.8650000095367432,1.877500057220459,6098,0.0,0.0
2024-01-23 14:30:00-05:00,1.8799999952316284,1.899999976158142,1.8799999952316284,1.8952000141143799,5251,0.0,0.0
2024-01-23 15:30:00-05:00,1.8899999856948853,1.899999976158142,1.8799999952316284,1.8799999952316284,13016,0.0,0.0
2024-01-24 09:30:00-05:00,1.9199999570846558,1.9199999570846558,1.815000057220459,1.815000057220459,23335,0.0,0.0
2024-01-24 10:30:00-05:00,1.809999942779541,1.8300000429153442,1.809999942779541,1.8250000476837158,11325,0.0,0.0
2024-01-24 11:30:00-05:00,1.840000033378601,1.840000033378601,1.8250000476837158,1.829300045967102,5478,0.0,0.0
2024-01-24 12:30:00-05:00,1.8300000429153442,1.8600000143051147,1.809999942779541,1.8250000476837158,17489,0.0,0.0
2024-01-24 13:30:00-05:00,1.8250000476837158,1.850000023841858,1.820099949836731,1.840000033378601,7135,0.0,0.0
2024-01-24 14:30:00-05:00,1.8350000381469727,1.850000023841858,1.8350000381469727,1.850000023841858,3313,0.0,0.0
2024-01-24 15:30:00-05:00,1.8450000286102295,1.850000023841858,1.8300000429153442,1.8300000429153442,12855,0.0,0.0
2024-01-25 09:30:00-05:00,1.850000023841858,1.850000023841858,1.791200041770935,1.791200041770935,36410,0.0,0.0
2024-01-25 10:30:00-05:00,1.7999999523162842,1.8200000524520874,1.7949999570846558,1.809999942779541,14661,0.0,0.0
2024-01-25 11:30:00-05:00,1.8099000453948975,1.809999942779541,1.7905999422073364,1.7999999523162842,7692,0.0,0.0
2024-01-25 12:30:00-05:00,1.7949999570846558,1.8049999475479126,1.7899999618530273,1.7949999570846558,4625,0.0,0.0
2024-01-25 13:30:00-05:00,1.7999999523162842,1.7999999523162842,1.7955000400543213,1.7999999523162842,930,0.0,0.0
2024-01-25 14:30:00-05:00,1.7949999570846558,1.809999942779541,1.7899999618530273,1.8049999475479126,17475,0.0,0.0
2024-01-25 15:30:00-05:00,1.8020000457763672,1.8200000524520874,1.7999999523162842,1.809999942779541,8093,0.0,0.0
2024-01-26 09:30:00-05:00,1.7999999523162842,1.8600000143051147,1.7999000549316406,1.815000057220459,33795,0.0,0.0
2024-01-26 10:30:00-05:00,1.8200000524520874,1.8285000324249268,1.8174999952316284,1.8285000324249268,1085,0.0,0.0
2024-01-26 11:30:00-05:00,1.8250000476837158,1.850000023841858,1.8250000476837158,1.850000023841858,18536,0.0,0.0
2024-01-26 12:30:00-05:00,1.850100040435791,1.8691999912261963,1.8450000286102295,1.8650000095367432,3855,0.0,0.0
2024-01-26 13:30:00-05:00,1.86080002784729,1.8899999856948853,1.86080002784729,1.8899999856948853,9118,0.0,0.0
2024-01-26 14:30:00-05:00,1.8949999809265137,1.9199999570846558,1.850000023841858,1.8899999856948853,36437,0.0,0.0
2024-01-26 15:30:00-05:00,1.8899999856948853,1.9010000228881836,1.8600000143051147,1.8700000047683716,19360,0.0,0.0
2024-01-29 09:30:00-05:00,1.850000023841858,1.8819999694824219,1.850000023841858,1.8799999952316284,7041,0.0,0.0
2024-01-29 10:30:00-05:00,1.8901000022888184,1.899999976158142,1.8799999952316284,1.8799999952316284,9084,0.0,0.0
2024-01-29 11:30:00-05:00,1.8880000114440918,1.8899999856948853,1.8799999952316284,1.8799999952316284,11928,0.0,0.0
2024-01-29 12:30:00-05:00,1.8799999952316284,1.8949999809265137,1.8705999851226807,1.8949999809265137,8130,0.0,0.0
2024-01-29 13:30:00-05:00,1.8949999809265137,1.936400055885315,1.8949999809265137,1.9299999475479126,25898,0.0,0.0
2024-01-29 14:30:00-05:00,1.934999942779541,1.9500000476837158,1.9199999570846558,1.940000057220459,21773,0.0,0.0
2024-01-29 15:30:00-05:00,1.940000057220459,1.9850000143051147,1.940000057220459,1.9600000381469727,54787,0.0,0.0
2024-01-30 09:30:00-05:00,1.9800000190734863,1.9800000190734863,1.909999966621399,1.909999966621399,23383,0.0,0.0
2024-01-30 10:30:00-05:00,1.909999966621399,1.909999966621399,1.8700000047683716,1.9049999713897705,15785,0.0,0.0
2024-01-30 11:30:00-05:00,1.9098999500274658,1.9199999570846558,1.899999976158142,1.9110000133514404,32257,0.0,0.0
2024-01-30 12:30:00-05:00,1.9149999618530273,1.9299999475479126,1.9149999618530273,1.9299999475479126,3876,0.0,0.0
2024-01-30 13:30:00-05:00,1.9200999736785889,1.9299999475479126,1.909999966621399,1.9299999475479126,4658,0.0,0.0
2024-01-30 14:30:00-05:00,1.940000057220459,1.9500000476837158,1.9299999475479126,1.9500000476837158,9486,0.0,0.0
2024-01-30 15:30:00-05:00,1.9600000381469727,1.9600000381469727,1.9500000476837158,1.9500000476837158,7499,0.0,0.0
2024-01-31 09:30:00-05:00,1.9199999570846558,1.9500000476837158,1.899999976158142,1.9299999475479126,12425,0.0,0.0
2024-01-31 10:30:00-05:00,1.9299999475479126,1.9607000350952148,1.9299999475479126,1.9500000476837158,6084,0.0,0.0
2024-01-31 11:30:00-05:00,1.9500000476837158,1.975000023841858,1.9450000524520874,1.975000023841858,12408,0.0,0.0
2024-01-31 12:30:00-05:00,1.9800000190734863,2.005000114440918,1.9701999425888062,1.9900000095367432,21400,0.0,0.0
2024-01-31 13:30:00-05:00,1.9984999895095825,2.109999895095825,1.9984999895095825,2.0899999141693115,58046,0.0,0.0
2024-01-31 14:30:00-05:00,2.0801000595092773,2.1500000953674316,2.072000026702881,2.0850000381469727,29948,0.0,0.0
2024-01-31 15:30:00-05:00,2.0799999237060547,2.0899999141693115,2.059999942779541,2.059999942779541,24888,0.0,0.0
2024-02-01 09:30:00-05:00,2.0999999046325684,2.140000104904175,2.0799999237060547,2.119999885559082,35744,0.0,0.0
2024-02-01 10:30:00-05:00,2.115000009536743,2.115000009536743,2.0799999237060547,2.1080000400543213,16993,0.0,0.0
2024-02-01 11:30:00-05:00,2.1050000190734863,2.140000104904175,2.0999999046325684,2.130000114440918,40987,0.0,0.0
2024-02-01 12:30:00-05:00,2.125,2.130000114440918,2.109999895095825,2.119999885559082,8158,0.0,0.0
2024-02-01 13:30:00-05:00,2.119999885559082,2.130000114440918,2.109999895095825,2.125,9199,0.0,0.0
2024-02-01 14:30:00-05:00,2.130000114440918,2.130000114440918,2.115000009536743,2.1198999881744385,7102,0.0,0.0
2024-02-01 15:30:00-05:00,2.115000009536743,2.119999885559082,2.0799999237060547,2.0799999237060547,18647,0.0,0.0
2024-02-02 09:30:00-05:00,2.140000104904175,2.140000104904175,2.0199999809265137,2.0299999713897705,129539,0.0,0.0
2024-02-02 10:30:00-05:00,2.0299999713897705,2.0896999835968018,2.0199999809265137,2.0299999713897705,29082,0.0,0.0
2024-02-02 11:30:00-05:00,2.0299999713897705,2.059999942779541,2.009999990463257,2.0199999809265137,38552,0.0,0.0
2024-02-02 12:30:00-05:00,2.0371999740600586,2.069999933242798,2.015000104904175,2.069999933242798,32938,0.0,0.0
2024-02-02 13:30:00-05:00,2.069999933242798,2.119800090789795,2.069999933242798,2.119800090789795,8952,0.0,0.0
2024-02-02 14:30:00-05:00,2.0999999046325684,2.140000104904175,2.0999999046325684,2.125,16727,0.0,0.0
2024-02-02 15:30:00-05:00,2.1301000118255615,2.140000104904175,2.059999942779541,2.130000114440918,38218,0.0,0.0
2024-02-05 09:30:00-05:00,2.0899999141693115,2.1600000858306885,2.0899999141693115,2.1201000213623047,35645,0.0,0.0
2024-02-05 10:30:00-05:00,2.1308000087738037,2.1308000087738037,2.119999885559082,2.125,13384,0.0,0.0
2024-02-05 11:30:00-05:00,2.130000114440918,2.140000104904175,2.130000114440918,2.140000104904175,5647,0.0,0.0
2024-02-05 12:30:00-05:00,2.1449999809265137,2.1700000762939453,2.119999885559082,2.125,18861,0.0,0.0
2024-02-05 13:30:00-05:00,2.115000009536743,2.1298999786376953,2.1050000190734863,2.1050000190734863,12550,0.0,0.0
2024-02-05 14:30:00-05:00,2.1050000190734863,2.109999895095825,2.0999999046325684,2.0999999046325684,3424,0.0,0.0
2024-02-05 15:30:00-05:00,2.1078999042510986,2.119999885559082,2.049999952316284,2.049999952316284,43892,0.0,0.0
2024-02-06 09:30:00-05:00,2.059999942779541,2.0864999294281006,2.0199999809265137,2.0599000453948975,12841,0.0,0.0
2024-02-06 10:30:00-05:00,2.0404000282287598,2.049999952316284,2.0399999618530273,2.04010009765625,2493,0.0,0.0
2024-02-06 11:30:00-05:00,2.04010009765625,2.059999942779541,2.0299999713897705,2.049999952316284,27257,0.0,0.0
2024-02-06 12:30:00-05:00,2.069999933242798,2.0799999237060547,2.069999933242798,2.0769999027252197,1723,0.0,0.0
2024-02-06 13:30:00-05:00,2.0850000381469727,2.1184000968933105,1.9900000095367432,2.0,59978,0.0,0.0
2024-02-06 14:30:00-05:00,2.0,2.0,1.9700000286102295,1.9800000190734863,56434,0.0,0.0
2024-02-06 15:30:00-05:00,1.9850000143051147,2.0199999809265137,1.9800000190734863,1.9900000095367432,32298,0.0,0.0
2024-02-07 09:30:00-05:00,2.0199999809265137,2.0199999809265137,1.9700000286102295,1.9900000095367432,22727,0.0,0.0
2024-02-07 10:30:00-05:00,1.9911999702453613,1.9916000366210938,1.9699000120162964,1.9884999990463257,11428,0.0,0.0
2024-02-07 11:30:00-05:00,1.9800000190734863,1.9808000326156616,1.9700000286102295,1.9795000553131104,5099,0.0,0.0
2024-02-07 12:30:00-05:00,1.9800000190734863,2.0,1.9700000286102295,1.9950000047683716,11416,0.0,0.0
2024-02-07 13:30:00-05:00,1.9950000047683716,2.009999990463257,1.9800000190734863,1.9850000143051147,69295,0.0,0.0
2024-02-07 14:30:00-05:00,1.9800000190734863,2.0,1.9700000286102295,1.9950000047683716,57258,0.0,0.0
2024-02-07 15:30:00-05:00,2.0,2.0,1.9700000286102295,1.9900000095367432,61405,0.0,0.0
2024-02-08 09:30:00-05:00,2.009999990463257,2.009999990463257,1.965000033378601,1.968000054359436,12875,0.0,0.0
2024-02-08 10:30:00-05:00,1.9629000425338745,1.9699000120162964,1.9601000547409058,1.965000033378601,2938,0.0,0.0
2024-02-08 11:30:00-05:00,1.9699000120162964,1.9699000120162964,1.9299999475479126,1.9591000080108643,31530,0.0,0.0
2024-02-08 12:30:00-05:00,1.9500000476837158,1.9558000564575195,1.934999942779541,1.9450000524520874,31186,0.0,0.0
2024-02-08 13:30:00-05:00,1.9400999546051025,1.9500000476837158,1.940000057220459,1.9499000310897827,4951,0.0,0.0
2024-02-08 14:30:00-05:00,1.940000057220459,1.9500000476837158,1.9199999570846558,1.9266999959945679,20923,0.0,0.0
2024-02-08 15:30:00-05:00,1.9293999671936035,1.9500000476837158,1.909999966621399,1.9249999523162842,21779,0.0,0.0
2024-02-09 09:30:00-05:00,1.909999966621399,1.965000033378601,1.909999966621399,1.9299999475479126,72357,0.0,0.0
2024-02-09 10:30:00-05:00,1.9299999475479126,1.940000057220459,1.9199999570846558,1.9249999523162842,14702,0.0,0.0
2024-02-09 11:30:00-05:00,1.9287999868392944,1.9600000381469727,1.9199999570846558,1.9357000589370728,49926,0.0,0.0
2024-02-09 12:30:00-05:00,1.940000057220459,1.9500000476837158,1.9306000471115112,1.9306000471115112,16780,0.0,0.0
2024-02-09 13:30:00-05:00,1.9299999475479126,1.940000057220459,1.9299999475479126,1.9299999475479126,3711,0.0,0.0
2024-02-09 14:30:00-05:00,1.9387999773025513,1.9700000286102295,1.9199999570846558,1.9500000476837158,113559,0.0,0.0
2024-02-09 15:30:00-05:00,1.940000057220459,1.940000057220459,1.9199999570846558,1.9199999570846558,38718,0.0,0.0
2024-02-12 09:30:00-05:00,1.899999976158142,1.909999966621399,1.8799999952316284,1.8899999856948853,68383,0.0,0.0
2024-02-12 10:30:00-05:00,1.8849999904632568,1.899999976158142,1.8650000095367432,1.8949999809265137,20273,0.0,0.0
2024-02-12 11:30:00-05:00,1.8949999809265137,1.8949999809265137,1.8700000047683716,1.8700000047683716,21784,0.0,0.0
2024-02-12 12:30:00-05:00,1.8700000047683716,1.899999976158142,1.8600000143051147,1.8899999856948853,26501,0.0,0.0
2024-02-12 13:30:00-05:00,1.8899999856948853,1.8899999856948853,1.8700000047683716,1.8700000047683716,10763,0.0,0.0
2024-02-12 14:30:00-05:00,1.875,1.875,1.850000023841858,1.8698999881744385,42795,0.0,0.0
2024-02-12 15:30:00-05:00,1.8650000095367432,1.8650000095367432,1.8200000524520874,1.8300000429153442,40620,0.0,0.0
2024-02-13 09:30:00-05:00,1.809999942779541,1.850000023841858,1.7899999618530273,1.7998000383377075,41044,0.0,0.0
2024-02-13 10:30:00-05:00,1.7999999523162842,1.8092000484466553,1.7949999570846558,1.8005000352859497,15213,0.0,0.0
2024-02-13 11:30:00-05:00,1.8087999820709229,1.8250000476837158,1.8049999475479126,1.815000057220459,30176,0.0,0.0
2024-02-13 12:30:00-05:00,1.815000057220459,1.815000057220459,1.7910000085830688,1.8049999475479126,20830,0.0,0.0
2024-02-13 13:30:00-05:00,1.8049999475479126,1.8049999475479126,1.7899999618530273,1.7999999523162842,8907,0.0,0.0
2024-02-13 14:30:00-05:00,1.799299955368042,1.7999999523162842,1.7899999618530273,1.7949999570846558,6404,0.0,0.0
2024-02-13 15:30:00-05:00,1.7949999570846558,1.7999999523162842,1.7949999570846558,1.7999999523162842,9014,0.0,0.0
2024-02-14 09:30:00-05:00,1.8300000429153442,1.840000033378601,1.8049999475479126,1.809999942779541,13530,0.0,0.0
2024-02-14 10:30:00-05:00,1.8049999475479126,1.809999942779541,1.7942999601364136,1.7999999523162842,11149,0.0,0.0
2024-02-14 11:30:00-05:00,1.8049999475479126,1.8062000274658203,1.7900999784469604,1.7900999784469604,17928,0.0,0.0
2024-02-14 12:30:00-05:00,1.7907999753952026,1.8049999475479126,1.7907999753952026,1.7990000247955322,9029,0.0,0.0
2024-02-14 13:30:00-05:00,1.7999999523162842,1.809999942779541,1.7927000522613525,1.7949999570846558,11377,0.0,0.0
2024-02-14 14:30:00-05:00,1.7949999570846558,1.809999942779541,1.7899999618530273,1.8049999475479126,12183,0.0,0.0
2024-02-14 15:30:00-05:00,1.8049999475479126,1.8200000524520874,1.7999999523162842,1.809999942779541,5775,0.0,0.0
2024-02-15 09:30:00-05:00,1.809999942779541,1.840000033378601,1.7999999523162842,1.8049999475479126,36331,0.0,0.0
2024-02-15 10:30:00-05:00,1.7999999523162842,1.7999999523162842,1.7900999784469604,1.7906999588012695,28881,0.0,0.0
2024-02-15 11:30:00-05:00,1.7999999523162842,1.809999942779541,1.7999999523162842,1.7999999523162842,7404,0.0,0.0
2024-02-15 12:30:00-05:00,1.8049999475479126,1.8049999475479126,1.7699999809265137,1.7699999809265137,48115,0.0,0.0
2024-02-15 13:30:00-05:00,1.7799999713897705,1.7899999618530273,1.774999976158142,1.7799999713897705,60248,0.0,0.0
2024-02-15 14:30:00-05:00,1.7798999547958374,1.7899999618530273,1.7699999809265137,1.774999976158142,21160,0.0,0.0
2024-02-15 15:30:00-05:00,1.7799999713897705,1.7999999523162842,1.7699999809265137,1.7899999618530273,120202,0.0,0.0
2024-02-16 09:30:00-05:00,1.6200000047683716,1.725000023841858,1.5504000186920166,1.6950000524520874,234805,0.0,0.0
2024-02-16 10:30:00-05:00,1.6907999515533447,1.7194000482559204,1.690000057220459,1.7187000513076782,14547,0.0,0.0
2024-02-16 11:30:00-05:00,1.7151999473571777,1.7608000040054321,1.715000033378601,1.7608000040054321,19314,0.0,0.0
2024-02-16 12:30:00-05:00,1.760699987411499,1.7699999809265137,1.75,1.7549999952316284,15130,0.0,0.0
2024-02-16 13:30:00-05:00,1.7549999952316284,1.7699999809265137,1.75,1.7649999856948853,12170,0.0,0.0
2024-02-16 14:30:00-05:00,1.76010000705719,1.7699999809265137,1.7436000108718872,1.7450000047683716,19998,0.0,0.0
2024-02-16 15:30:00-05:00,1.7450000047683716,1.749899983406067,1.7300000190734863,1.7301000356674194,13247,0.0,0.0
2024-02-20 09:30:00-05:00,1.7300000190734863,1.7699999809265137,1.7200000286102295,1.7549999952316284,51113,0.0,0.0
2024-02-20 10:30:00-05:00,1.7549999952316284,1.7599999904632568,1.7305999994277954,1.736799955368042,17178,0.0,0.0
2024-02-20 11:30:00-05:00,1.7300000190734863,1.7400000095367432,1.725000023841858,1.7309999465942383,7197,0.0,0.0
2024-02-20 12:30:00-05:00,1.7350000143051147,1.7549999952316284,1.7345000505447388,1.7400000095367432,13479,0.0,0.0
2024-02-20 13:30:00-05:00,1.7350000143051147,1.7400000095367432,1.7200000286102295,1.7400000095367432,15596,0.0,0.0
2024-02-20 14:30:00-05:00,1.7350000143051147,1.7799999713897705,1.7350000143051147,1.774999976158142,17639,0.0,0.0
2024-02-20 15:30:00-05:00,1.7799999713897705,1.7799999713897705,1.7599999904632568,1.7599999904632568,16136,0.0,0.0
2024-02-21 09:30:00-05:00,1.7899999618530273,1.7899999618530273,1.7050000429153442,1.7200000286102295,54455,0.0,0.0
2024-02-21 10:30:00-05:00,1.7100000381469727,1.73989999294281,1.7050000429153442,1.73989999294281,20950,0.0,0.0
2024-02-21 11:30:00-05:00,1.7309999465942383,1.749400019645691,1.7000000476837158,1.715000033378601,28856,0.0,0.0
2024-02-21 12:30:00-05:00,1.7200000286102295,1.7200000286102295,1.6950000524520874,1.6950000524520874,48549,0.0,0.0
2024-02-21 13:30:00-05:00,1.7000000476837158,1.7100000381469727,1.6698999404907227,1.6950000524520874,37796,0.0,0.0
2024-02-21 14:30:00-05:00,1.7000000476837158,1.7050000429153442,1.6901999711990356,1.7000000476837158,15431,0.0,0.0
2024-02-21 15:30:00-05:00,1.7050000429153442,1.7100000381469727,1.690000057220459,1.7000000476837158,27272,0.0,0.0
2024-02-22 09:30:00-05:00,1.7400000095367432,1.7400000095367432,1.690000057220459,1.7000000476837158,34531,0.0,0.0
2024-02-22 10:30:00-05:00,1.690000057220459,1.7000000476837158,1.6794999837875366,1.6799999475479126,19802,0.0,0.0
2024-02-22 11:30:00-05:00,1.6799999475479126,1.6799999475479126,1.659999966621399,1.6699999570846558,16526,0.0,0.0
2024-02-22 12:30:00-05:00,1.6799999475479126,1.690000057220459,1.6699999570846558,1.6699999570846558,9556,0.0,0.0
2024-02-22 13:30:00-05:00,1.6779999732971191,1.690000057220459,1.6699999570846558,1.684999942779541,19966,0.0,0.0
2024-02-22 14:30:00-05:00,1.684999942779541,1.684999942779541,1.6100000143051147,1.6649999618530273,82903,0.0,0.0
2024-02-22 15:30:00-05:00,1.6699999570846558,1.6699999570846558,1.6399999856948853,1.6399999856948853,22589,0.0,0.0
2024-02-23 09:30:00-05:00,1.6200000047683716,1.649999976158142,1.6200000047683716,1.649999976158142,41871,0.0,0.0
2024-02-23 10:30:00-05:00,1.6509000062942505,1.6799999475479126,1.6398999691009521,1.6698999404907227,27878,0.0,0.0
2024-02-23 11:30:00-05:00,1.6699999570846558,1.6799999475479126,1.659999966621399,1.6799999475479126,10279,0.0,0.0
2024-02-23 12:30:00-05:00,1.6799999475479126,1.6799999475479126,1.659999966621399,1.6649999618530273,16950,0.0,0.0
2024-02-23 13:30:00-05:00,1.6610000133514404,1.6699999570846558,1.659999966621399,1.6699999570846558,10415,0.0,0.0
2024-02-23 14:30:00-05:00,1.6699999570846558,1.7000000476837158,1.659999966621399,1.690000057220459,23613,0.0,0.0
2024-02-23 15:30:00-05:00,1.690000057220459,1.7100000381469727,1.6799999475479126,1.7000000476837158,30985,0.0,0.0
2024-02-26 09:30:00-05:00,1.6799999475479126,1.7799999713897705,1.6799999475479126,1.7450000047683716,42277,0.0,0.0
2024-02-26 10:30:00-05:00,1.7401000261306763,1.7599999904632568,1.7281999588012695,1.7599999904632568,13098,0.0,0.0
2024-02-26 11:30:00-05:00,1.7699999809265137,1.7799999713897705,1.7400000095367432,1.7497999668121338,17625,0.0,0.0
2024-02-26 12:30:00-05:00,1.7400000095367432,1.75,1.7400000095367432,1.7450000047683716,6723,0.0,0.0
2024-02-26 13:30:00-05:00,1.7400000095367432,1.75,1.7400000095367432,1.75,12370,0.0,0.0
2024-02-26 14:30:00-05:00,1.75,1.75,1.7350000143051147,1.75,9559,0.0,0.0
2024-02-26 15:30:00-05:00,1.7450000047683716,1.746899962425232,1.7208000421524048,1.7300000190734863,7230,0.0,0.0
2024-02-27 09:30:00-05:00,1.7400000095367432,1.7599999904632568,1.7108999490737915,1.715000033378601,35170,0.0,0.0
2024-02-27 10:30:00-05:00,1.715000033378601,1.7400000095367432,1.7109999656677246,1.7300000190734863,9018,0.0,0.0
2024-02-27 11:30:00-05:00,1.7386000156402588,1.7400000095367432,1.7200000286102295,1.7350000143051147,24747,0.0,0.0
2024-02-27 12:30:00-05:00,1.7311999797821045,1.7400000095367432,1.7000000476837158,1.7000000476837158,14673,0.0,0.0
2024-02-27 13:30:00-05:00,1.7000000476837158,1.7100000381469727,1.6992000341415405,1.7000000476837158,14731,0.0,0.0
2024-02-27 14:30:00-05:00,1.7000000476837158,1.7200000286102295,1.7000000476837158,1.7000000476837158,24157,0.0,0.0
2024-02-27 15:30:00-05:00,1.7050000429153442,1.7100000381469727,1.690000057220459,1.7000000476837158,18212,0.0,0.0
2024-02-28 09:30:00-05:00,1.7100000381469727,1.7200000286102295,1.69159996509552,1.69159996509552,27349,0.0,0.0
2024-02-28 10:30:00-05:00,1.690000057220459,1.690000057220459,1.6799999475479126,1.6799999475479126,11320,0.0,0.0
2024-02-28 11:30:00-05:00,1.690000057220459,1.7300000190734863,1.6865999698638916,1.725000023841858,22886,0.0,0.0
2024-02-28 12:30:00-05:00,1.7300000190734863,1.7369999885559082,1.7200000286102295,1.7300000190734863,9529,0.0,0.0
2024-02-28 13:30:00-05:00,1.725000023841858,1.7300000190734863,1.7200000286102295,1.7239999771118164,13204,0.0,0.0
2024-02-28 14:30:00-05:00,1.729699969291687,1.729699969291687,1.7000000476837158,1.7000000476837158,14365,0.0,0.0
2024-02-28 15:30:00-05:00,1.7000000476837158,1.7050000429153442,1.690000057220459,1.6998000144958496,6759,0.0,0.0
2024-02-29 09:30:00-05:00,1.7000000476837158,1.7400000095367432,1.6799999475479126,1.7000000476837158,18468,0.0,0.0
2024-02-29 10:30:00-05:00,1.7000000476837158,1.7000000476837158,1.6799999475479126,1.690000057220459,12477,0.0,0.0
2024-02-29 11:30:00-05:00,1.6998000144958496,1.7000000476837158,1.691100001335144,1.6998000144958496,4170,0.0,0.0
2024-02-29 12:30:00-05:00,1.6964999437332153,1.7000000476837158,1.6900999546051025,1.7000000476837158,7833,0.0,0.0
2024-02-29 13:30:00-05:00,1.690000057220459,1.690000057220459,1.6693999767303467,1.6699999570846558,18175,0.0,0.0
2024-02-29 14:30:00-05:00,1.6698999404907227,1.6699999570846558,1.6299999952316284,1.6449999809265137,34990,0.0,0.0
2024-02-29 15:30:00-05:00,1.6449999809265137,1.6549999713897705,1.6200000047683716,1.6200000047683716,64176,0.0,0.0
2024-03-01 09:30:00-05:00,1.6299999952316284,1.6698999404907227,1.6298999786376953,1.6449999809265137,29958,0.0,0.0
2024-03-01 10:30:00-05:00,1.6449999809265137,1.649999976158142,1.6100000143051147,1.6399999856948853,49322,0.0,0.0
2024-03-01 11:30:00-05:00,1.6399999856948853,1.649999976158142,1.6200000047683716,1.6200000047683716,29725,0.0,0.0
2024-03-01 12:30:00-05:00,1.6200000047683716,1.6399999856948853,1.6100000143051147,1.6299999952316284,38251,0.0,0.0
2024-03-01 13:30:00-05:00,1.625,1.6399999856948853,1.600000023841858,1.6399999856948853,27720,0.0,0.0
2024-03-01 14:30:00-05:00,1.6399999856948853,1.649999976158142,1.6399999856948853,1.649999976158142,11794,0.0,0.0
2024-03-01 15:30:00-05:00,1.649999976158142,1.649999976158142,1.6200000047683716,1.6200000047683716,24620,0.0,0.0
2024-03-04 09:30:00-05:00,1.6306999921798706,1.6397000551223755,1.5750000476837158,1.6265000104904175,73496,0.0,0.0
2024-03-04 10:30:00-05:00,1.6200000047683716,1.6292999982833862,1.590000033378601,1.600000023841858,0,0.0,0.0
2024-03-04 11:30:00-05:00,1.600000023841858,1.600000023841858,1.5700000524520874,1.5700000524520874,9341,0.0,0.0
2024-03-04 12:30:00-05:00,1.5750000476837158,1.6399999856948853,1.5750000476837158,1.63919997215271,34139,0.0,0.0
2024-03-04 13:30:00-05:00,1.6399999856948853,1.649999976158142,1.6399999856948853,1.6399999856948853,6721,0.0,0.0
2024-03-04 14:30:00-05:00,1.6399999856948853,1.6399999856948853,1.6100000143051147,1.62090003490448,8775,0.0,0.0
2024-03-04 15:30:00-05:00,1.6200000047683716,1.6399999856948853,1.590000033378601,1.6200000047683716,106422,0.0,0.0
2024-03-05 09:30:00-05:00,1.6299999952316284,1.6299999952316284,1.5600999593734741,1.6200000047683716,50381,0.0,0.0
2024-03-05 10:30:00-05:00,1.6150000095367432,1.6200000047683716,1.5989999771118164,1.600000023841858,5728,0.0,0.0
2024-03-05 11:30:00-05:00,1.5850000381469727,1.6096999645233154,1.5700000524520874,1.6096999645233154,9605,0.0,0.0
2024-03-05 12:30:00-05:00,1.6100000143051147,1.6399999856948853,1.600000023841858,1.6399999856948853,16498,0.0,0.0
2024-03-05 13:30:00-05:00,1.6399999856948853,1.659999966621399,1.6299999952316284,1.6511000394821167,23656,0.0,0.0
2024-03-05 14:30:00-05:00,1.659999966621399,1.6700999736785889,1.6549999713897705,1.6694999933242798,8222,0.0,0.0
2024-03-05 15:30:00-05:00,1.6649999618530273,1.6799999475479126,1.6299999952316284,1.6299999952316284,82992,0.0,0.0
2024-03-06 09:30:00-05:00,1.6699999570846558,1.6779999732971191,1.6211999654769897,1.6399999856948853,9433,0.0,0.0
2024-03-06 10:30:00-05:00,1.649999976158142,1.649999976158142,1.6299999952316284,1.6299999952316284,22,0.0,0.0
2024-03-06 11:30:00-05:00,1.6299999952316284,1.6399999856948853,1.6299999952316284,1.6399999856948853,3377,0.0,0.0
2024-03-06 12:30:00-05:00,1.6399999856948853,1.649999976158142,1.631100058555603,1.649899959564209,4951,0.0,0.0
2024-03-06 13:30:00-05:00,1.6399999856948853,1.6649999618530273,1.6349999904632568,1.6649999618530273,14152,0.0,0.0
2024-03-06 14:30:00-05:00,1.6549999713897705,1.6799999475479126,1.6549999713897705,1.6649999618530273,7507,0.0,0.0
2024-03-06 15:30:00-05:00,1.659999966621399,1.6699999570846558,1.6549999713897705,1.6699999570846558,24908,0.0,0.0
2024-03-07 09:30:00-05:00,1.6799999475479126,1.6999000310897827,1.659999966621399,1.684999942779541,49207,0.0,0.0
2024-03-07 10:30:00-05:00,1.6799999475479126,1.690000057220459,1.6699999570846558,1.6706000566482544,15659,0.0,0.0
2024-03-07 11:30:00-05:00,1.6790000200271606,1.6799999475479126,1.6699999570846558,1.6699999570846558,4494,0.0,0.0
2024-03-07 12:30:00-05:00,1.6700999736785889,1.6799999475479126,1.6700999736785889,1.6799999475479126,3819,0.0,0.0
2024-03-07 13:30:00-05:00,1.6699999570846558,1.6799999475479126,1.659999966621399,1.6749999523162842,5717,0.0,0.0
2024-03-07 14:30:00-05:00,1.6799999475479126,1.6799999475479126,1.6699999570846558,1.6699999570846558,871,0.0,0.0
2024-03-07 15:30:00-05:00,1.6791000366210938,1.690000057220459,1.6699999570846558,1.6799999475479126,6047,0.0,0.0
2024-03-08 09:30:00-05:00,1.7000000476837158,1.7480000257492065,1.6820000410079956,1.7085000276565552,26721,0.0,0.0
2024-03-08 10:30:00-05:00,1.7000000476837158,1.7091000080108643,1.6799999475479126,1.690000057220459,9782,0.0,0.0
2024-03-08 11:30:00-05:00,1.690000057220459,1.690000057220459,1.6699999570846558,1.6699999570846558,4778,0.0,0.0
2024-03-08 12:30:00-05:00,1.6699999570846558,1.670300006866455,1.659999966621399,1.659999966621399,3845,0.0,0.0
2024-03-08 13:30:00-05:00,1.6549999713897705,1.659999966621399,1.649999976158142,1.6549999713897705,14082,0.0,0.0
2024-03-08 14:30:00-05:00,1.659999966621399,1.659999966621399,1.649999976158142,1.649999976158142,6482,0.0,0.0
2024-03-08 15:30:00-05:00,1.649999976158142,1.659999966621399,1.649999976158142,1.649999976158142,3934,0.0,0.0
2024-03-11 09:30:00-04:00,1.6604000329971313,1.6799999475479126,1.6399999856948853,1.659999966621399,34164,0.0,0.0
2024-03-11 10:30:00-04:00,1.6500999927520752,1.659999966621399,1.6100000143051147,1.6100000143051147,40643,0.0,0.0
2024-03-11 11:30:00-04:00,1.6100000143051147,1.631100058555603,1.6100000143051147,1.6299999952316284,20691,0.0,0.0
2024-03-11 12:30:00-04:00,1.6299999952316284,1.6399999856948853,1.6100000143051147,1.6100000143051147,12517,0.0,0.0
2024-03-11 13:30:00-04:00,1.6198999881744385,1.6200000047683716,1.600000023841858,1.6050000190734863,26311,0.0,0.0
2024-03-11 14:30:00-04:00,1.6050000190734863,1.6100000143051147,1.590000033378601,1.5950000286102295,23151,0.0,0.0
2024-03-11 15:30:00-04:00,1.5950000286102295,1.6299999952316284,1.590000033378601,1.6100000143051147,27036,0.0,0.0
2024-03-12 09:30:00-04:00,1.6399999856948853,1.6399999856948853,1.565000057220459,1.5800000429153442,59197,0.0,0.0
2024-03-12 10:30:00-04:00,1.5800000429153442,1.5800000429153442,1.559999942779541,1.559999942779541,34741,0.0,0.0
2024-03-12 11:30:00-04:00,1.565000057220459,1.5800000429153442,1.552299976348877,1.565000057220459,28471,0.0,0.0
2024-03-12 12:30:00-04:00,1.5694999694824219,1.5694999694824219,1.5099999904632568,1.5599000453948975,233687,0.0,0.0
2024-03-12 13:30:00-04:00,1.559999942779541,1.559999942779541,1.5499999523162842,1.5499999523162842,7042,0.0,0.0
2024-03-12 14:30:00-04:00,1.5549999475479126,1.5700000524520874,1.5549999475479126,1.5699000358581543,15369,0.0,0.0
2024-03-12 15:30:00-04:00,1.5800000429153442,1.600000023841858,1.5799000263214111,1.5950000286102295,36137,0.0,0.0
2024-03-13 09:30:00-04:00,1.5700000524520874,1.6009999513626099,1.5700000524520874,1.5800000429153442,25378,0.0,0.0
2024-03-13 10:30:00-04:00,1.5800000429153442,1.590000033378601,1.5800000429153442,1.5850000381469727,15090,0.0,0.0
2024-03-13 11:30:00-04:00,1.5800000429153442,1.590000033378601,1.559000015258789,1.559999942779541,16887,0.0,0.0
2024-03-13 12:30:00-04:00,1.5592999458312988,1.559999942779541,1.5,1.5449999570846558,140660,0.0,0.0
2024-03-13 13:30:00-04:00,1.5399999618530273,1.5499000549316406,1.5399999618530273,1.549299955368042,8100,0.0,0.0
2024-03-13 14:30:00-04:00,1.5399999618530273,1.565000057220459,1.534999966621399,1.534999966621399,22225,0.0,0.0
2024-03-13 15:30:00-04:00,1.539199948310852,1.539199948310852,1.5099999904632568,1.5199999809265137,48648,0.0,0.0
2024-03-14 09:30:00-04:00,1.5,1.5099999904632568,1.4700000286102295,1.4900000095367432,76736,0.0,0.0
2024-03-14 10:30:00-04:00,1.4800000190734863,1.5,1.4700000286102295,1.4865000247955322,19404,0.0,0.0
2024-03-14 11:30:00-04:00,1.489300012588501,1.4900000095367432,1.4800000190734863,1.4900000095367432,6893,0.0,0.0
2024-03-14 12:30:00-04:00,1.4950000047683716,1.4950000047683716,1.4800000190734863,1.4900000095367432,11206,0.0,0.0
2024-03-14 13:30:00-04:00,1.480299949645996,1.5,1.4800000190734863,1.4900000095367432,8399,0.0,0.0
2024-03-14 14:30:00-04:00,1.4901000261306763,1.5,1.4793000221252441,1.489300012588501,17959,0.0,0.0
2024-03-14 15:30:00-04:00,1.4800000190734863,1.5,1.4800000190734863,1.4800000190734863,10190,0.0,0.0
2024-03-15 09:30:00-04:00,1.5099999904632568,1.524999976158142,1.4850000143051147,1.5,54651,0.0,0.0
2024-03-15 10:30:00-04:00,1.5,1.5099999904632568,1.4703999757766724,1.4800000190734863,7289,0.0,0.0
2024-03-15 11:30:00-04:00,1.499899983406067,1.499899983406067,1.4850000143051147,1.4900000095367432,3731,0.0,0.0
2024-03-15 12:30:00-04:00,1.4800000190734863,1.4900000095367432,1.4800000190734863,1.489400029182434,10579,0.0,0.0
2024-03-15 13:30:00-04:00,1.4800000190734863,1.4896999597549438,1.4800000190734863,1.4800000190734863,9677,0.0,0.0
2024-03-15 14:30:00-04:00,1.4800000190734863,1.5,1.4800000190734863,1.4996000528335571,29490,0.0,0.0
2024-03-15 15:30:00-04:00,1.4950000047683716,1.5,1.4500000476837158,1.4500000476837158,91810,0.0,0.0
2024-03-18 09:30:00-04:00,1.4800000190734863,1.5199999809265137,1.4780000448226929,1.5198999643325806,21849,0.0,0.0
2024-03-18 10:30:00-04:00,1.5149999856948853,1.5149999856948853,1.4700000286102295,1.475000023841858,16868,0.0,0.0
2024-03-18 11:30:00-04:00,1.4800000190734863,1.482699990272522,1.4600000381469727,1.482699990272522,3004,0.0,0.0
2024-03-18 12:30:00-04:00,1.4800000190734863,1.499899983406067,1.4700000286102295,1.4800000190734863,13041,0.0,0.0
2024-03-18 13:30:00-04:00,1.4900000095367432,1.4900000095367432,1.4700000286102295,1.4700000286102295,9201,0.0,0.0
2024-03-18 14:30:00-04:00,1.4709999561309814,1.4900000095367432,1.4299999475479126,1.440000057220459,85922,0.0,0.0
2024-03-18 15:30:00-04:00,1.434999942779541,1.4459999799728394,1.3901000022888184,1.434999942779541,179453,0.0,0.0
2024-03-19 09:30:00-04:00,1.4299999475479126,1.4799000024795532,1.3899999856948853,1.4500000476837158,12501,0.0,0.0
2024-03-19 10:30:00-04:00,1.4500000476837158,1.4700000286102295,1.4428999423980713,1.4600000381469727,7665,0.0,0.0
2024-03-19 11:30:00-04:00,1.4500000476837158,1.5099999904632568,1.4500000476837158,1.5099999904632568,27631,0.0,0.0
2024-03-19 12:30:00-04:00,1.5099999904632568,1.5299999713897705,1.4950000047683716,1.5,30842,0.0,0.0
2024-03-19 13:30:00-04:00,1.5099999904632568,1.5099999904632568,1.350000023841858,1.4812999963760376,574511,0.0,0.0
2024-03-19 14:30:00-04:00,1.4950000047683716,1.4982000589370728,1.4850000143051147,1.4850000143051147,19289,0.0,0.0
2024-03-19 15:30:00-04:00,1.4900000095367432,1.4900000095367432,1.440000057220459,1.440000057220459,41339,0.0,0.0
2024-03-20 09:30:00-04:00,1.4500000476837158,1.4700000286102295,1.4006999731063843,1.409999966621399,11252,0.0,0.0
2024-03-20 10:30:00-04:00,1.410099983215332,1.4399000406265259,1.409999966621399,1.4299999475479126,21166,0.0,0.0
2024-03-20 11:30:00-04:00,1.4299999475479126,1.440000057220459,1.4265999794006348,1.4299999475479126,10001,0.0,0.0
2024-03-20 12:30:00-04:00,1.434999942779541,1.4500000476837158,1.434999942779541,1.4443000555038452,8724,0.0,0.0
2024-03-20 13:30:00-04:00,1.4500000476837158,1.4500000476837158,1.4299999475479126,1.4500000476837158,3193,0.0,0.0
2024-03-20 14:30:00-04:00,1.4515000581741333,1.4515000581741333,1.4500000476837158,1.4500000476837158,2834,0.0,0.0
2024-03-20 15:30:00-04:00,1.4700000286102295,1.4900000095367432,1.3899999856948853,1.409999966621399,277687,0.0,0.0
2024-03-21 09:30:00-04:00,1.4299999475479126,1.4700000286102295,1.424399971961975,1.440000057220459,16397,0.0,0.0
2024-03-21 10:30:00-04:00,1.4299999475479126,1.468999981880188,1.4200999736785889,1.440000057220459,15431,0.0,0.0
2024-03-21 11:30:00-04:00,1.434999942779541,1.434999942779541,1.4149999618530273,1.4193999767303467,3837,0.0,0.0
2024-03-21 12:30:00-04:00,1.4149999618530273,1.4199999570846558,1.3799999952316284,1.3899999856948853,30861,0.0,0.0
2024-03-21 13:30:00-04:00,1.3899999856948853,1.399899959564209,1.3700000047683716,1.3799999952316284,25761,0.0,0.0
2024-03-21 14:30:00-04:00,1.3875000476837158,1.4299999475479126,1.3839999437332153,1.4199999570846558,38349,0.0,0.0
2024-03-21 15:30:00-04:00,1.4199999570846558,1.4199999570846558,1.399999976158142,1.399999976158142,19128,0.0,0.0
2024-03-22 09:30:00-04:00,1.3899999856948853,1.4112000465393066,1.3899999856948853,1.399999976158142,14517,0.0,0.0
2024-03-22 10:30:00-04:00,1.399999976158142,1.4097000360488892,1.399999976158142,1.399999976158142,12119,0.0,0.0
2024-03-22 11:30:00-04:00,1.4098999500274658,1.409999966621399,1.3899999856948853,1.3899999856948853,9942,0.0,0.0
2024-03-22 12:30:00-04:00,1.399999976158142,1.399999976158142,1.3899999856948853,1.3899999856948853,9318,0.0,0.0
2024-03-22 13:30:00-04:00,1.3980000019073486,1.3980000019073486,1.3899999856948853,1.3899999856948853,2468,0.0,0.0
2024-03-22 14:30:00-04:00,1.3949999809265137,1.399999976158142,1.3899999856948853,1.3899999856948853,9194,0.0,0.0
2024-03-22 15:30:00-04:00,1.3940000534057617,1.399899959564209,1.3799999952316284,1.3799999952316284,13033,0.0,0.0
2024-03-25 09:30:00-04:00,1.3899999856948853,1.4342000484466553,1.3899999856948853,1.410099983215332,0,0.0,0.0
2024-03-25 10:30:00-04:00,1.4199999570846558,1.4381999969482422,1.4199999570846558,1.437999963760376,6683,0.0,0.0
2024-03-25 11:30:00-04:00,1.440000057220459,1.4519000053405762,1.4299999475479126,1.4459999799728394,60379,0.0,0.0
2024-03-25 12:30:00-04:00,1.4600000381469727,1.4600000381469727,1.440000057220459,1.441499948501587,7220,0.0,0.0
2024-03-25 13:30:00-04:00,1.4499000310897827,1.4500000476837158,1.440000057220459,1.440000057220459,16710,0.0,0.0
2024-03-25 14:30:00-04:00,1.4450000524520874,1.4499000310897827,1.440000057220459,1.4400999546051025,17664,0.0,0.0
2024-03-25 15:30:00-04:00,1.440000057220459,1.440000057220459,1.440000057220459,1.440000057220459,15712,0.0,0.0
2024-03-26 09:30:00-04:00,1.4600000381469727,1.4600000381469727,1.4299999475479126,1.4404000043869019,8701,0.0,0.0
2024-03-26 10:30:00-04:00,1.4500000476837158,1.4500000476837158,1.440000057220459,1.440000057220459,12077,0.0,0.0
2024-03-26 11:30:00-04:00,1.4390000104904175,1.440000057220459,1.4299999475479126,1.440000057220459,9209,0.0,0.0
2024-03-26 12:30:00-04:00,1.4299999475479126,1.436400055885315,1.4299999475479126,1.436400055885315,1249,0.0,0.0
2024-03-26 13:30:00-04:00,1.4393999576568604,1.440000057220459,1.430799961090088,1.4393999576568604,5162,0.0,0.0
2024-03-26 14:30:00-04:00,1.434999942779541,1.440000057220459,1.4149999618530273,1.4299999475479126,15435,0.0,0.0
2024-03-26 15:30:00-04:00,1.4199999570846558,1.4299999475479126,1.3899999856948853,1.3899999856948853,30405,0.0,0.0
2024-03-27 09:30:00-04:00,1.409999966621399,1.4550000429153442,1.399999976158142,1.4550000429153442,38290,0.0,0.0
2024-03-27 10:30:00-04:00,1.4300999641418457,1.4600000381469727,1.4299999475479126,1.4450000524520874,27437,0.0,0.0
2024-03-27 11:30:00-04:00,1.440000057220459,1.440000057220459,1.434999942779541,1.434999942779541,3032,0.0,0.0
2024-03-27 12:30:00-04:00,1.4397000074386597,1.440000057220459,1.4299999475479126,1.4299999475479126,7483,0.0,0.0
2024-03-27 13:30:00-04:00,1.4299999475479126,1.4299999475479126,1.429900050163269,1.4299999475479126,8867,0.0,0.0
2024-03-27 14:30:00-04:00,1.4299999475479126,1.440000057220459,1.4199999570846558,1.440000057220459,12119,0.0,0.0
2024-03-27 15:30:00-04:00,1.4299999475479126,1.4299999475479126,1.4199999570846558,1.4199999570846558,10267,0.0,0.0
2024-03-28 09:30:00-04:00,1.4199999570846558,1.4900000095367432,1.4199999570846558,1.4299999475479126,44241,0.0,0.0
2024-03-28 10:30:00-04:00,1.4585000276565552,1.5149999856948853,1.4585000276565552,1.4900000095367432,43155,0.0,0.0
2024-03-28 11:30:00-04:00,1.4801000356674194,1.5199999809265137,1.475000023841858,1.4900000095367432,49218,0.0,0.0
2024-03-28 12:30:00-04:00,1.4700000286102295,1.5,1.4700000286102295,1.4800000190734863,12349,0.0,0.0
2024-03-28 13:30:00-04:00,1.4600000381469727,1.4800000190734863,1.4600000381469727,1.4729000329971313,10880,0.0,0.0
2024-03-28 14:30:00-04:00,1.4800000190734863,1.5,1.4700000286102295,1.4800000190734863,11310,0.0,0.0
2024-03-28 15:30:00-04:00,1.4700000286102295,1.4800000190734863,1.4700000286102295,1.475000023841858,7220,0.0,0.0
2024-04-01 09:30:00-04:00,1.5199999809265137,1.524999976158142,1.4199999570846558,1.434999942779541,150147,0.0,0.0
2024-04-01 10:30:00-04:00,1.434999942779541,1.4600000381469727,1.4300999641418457,1.4600000381469727,37911,0.0,0.0
2024-04-01 11:30:00-04:00,1.4600000381469727,1.4900000095367432,1.4550000429153442,1.465000033378601,19576,0.0,0.0
2024-04-01 12:30:00-04:00,1.4541000127792358,1.4700000286102295,1.4500000476837158,1.4700000286102295,23419,0.0,0.0
2024-04-01 13:30:00-04:00,1.4600000381469727,1.4700000286102295,1.4500000476837158,1.4500000476837158,12595,0.0,0.0
2024-04-01 14:30:00-04:00,1.4550000429153442,1.4700000286102295,1.4500000476837158,1.465000033378601,16981,0.0,0.0
2024-04-01 15:30:00-04:00,1.4700000286102295,1.4900000095367432,1.4700000286102295,1.4800000190734863,21862,0.0,0.0
2024-04-02 09:30:00-04:00,1.4600000381469727,1.5499999523162842,1.4600000381469727,1.5,44748,0.0,0.0
2024-04-02 10:30:00-04:00,1.4950000047683716,1.5,1.4800000190734863,1.4900000095367432,23519,0.0,0.0
2024-04-02 11:30:00-04:00,1.4950000047683716,1.4950000047683716,1.440000057220459,1.440000057220459,46824,0.0,0.0
2024-04-02 12:30:00-04:00,1.440000057220459,1.4450000524520874,1.409999966621399,1.4199999570846558,47568,0.0,0.0
2024-04-02 13:30:00-04:00,1.4299999475479126,1.4299999475479126,1.409999966621399,1.4299999475479126,35586,0.0,0.0
2024-04-02 14:30:00-04:00,1.4299999475479126,1.4500000476837158,1.4199999570846558,1.4199999570846558,15620,0.0,0.0
2024-04-02 15:30:00-04:00,1.4199999570846558,1.4600000381469727,1.4199999570846558,1.4500000476837158,46706,0.0,0.0
2024-04-03 09:30:00-04:00,1.5499999523162842,1.6899000406265259,1.5399999618530273,1.6799999475479126,222335,0.0,0.0
2024-04-03 10:30:00-04:00,1.690000057220459,1.75,1.659999966621399,1.7079999446868896,169414,0.0,0.0
2024-04-03 11:30:00-04:00,1.7100000381469727,1.7200000286102295,1.649999976158142,1.690000057220459,33346,0.0,0.0
2024-04-03 12:30:00-04:00,1.6950000524520874,1.7400000095367432,1.6900999546051025,1.729699969291687,85850,0.0,0.0
2024-04-03 13:30:00-04:00,1.7400000095367432,1.7899999618530273,1.7301000356674194,1.7857999801635742,53273,0.0,0.0
2024-04-03 14:30:00-04:00,1.7897000312805176,1.850000023841858,1.784999966621399,1.7949999570846558,97475,0.0,0.0
2024-04-03 15:30:00-04:00,1.7899999618530273,1.809999942779541,1.7599999904632568,1.7899999618530273,43686,0.0,0.0
2024-04-04 09:30:00-04:00,1.7799999713897705,1.8580000400543213,1.777400016784668,1.8250000476837158,66138,0.0,0.0
2024-04-04 10:30:00-04:00,1.818600058555603,1.8300000429153442,1.7100000381469727,1.7599999904632568,61258,0.0,0.0
2024-04-04 11:30:00-04:00,1.75,1.75,1.6526000499725342,1.6799999475479126,41353,0.0,0.0
2024-04-04 12:30:00-04:00,1.6699999570846558,1.7380000352859497,1.659999966621399,1.7380000352859497,26213,0.0,0.0
2024-04-04 13:30:00-04:00,1.725000023841858,1.7400000095367432,1.6799999475479126,1.6799999475479126,7872,0.0,0.0
2024-04-04 14:30:00-04:00,1.6799999475479126,1.6900999546051025,1.6101000308990479,1.6404999494552612,86631,0.0,0.0
2024-04-04 15:30:00-04:00,1.6399999856948853,1.6799999475479126,1.6399999856948853,1.6699999570846558,25762,0.0,0.0
2024-04-05 09:30:00-04:00,1.690000057220459,1.7899999618530273,1.6799999475479126,1.7050000429153442,29919,0.0,0.0
2024-04-05 10:30:00-04:00,1.6799999475479126,1.7400000095367432,1.6799999475479126,1.7350000143051147,13963,0.0,0.0
2024-04-05 11:30:00-04:00,1.7386000156402588,1.7625000476837158,1.7386000156402588,1.7549999952316284,7895,0.0,0.0
2024-04-05 12:30:00-04:00,1.7549999952316284,1.7646000385284424,1.7200000286102295,1.7200000286102295,18511,0.0,0.0
2024-04-05 13:30:00-04:00,1.7289999723434448,1.7400000095367432,1.7100000381469727,1.7300000190734863,9064,0.0,0.0
2024-04-05 14:30:00-04:00,1.7331000566482544,1.7599999904632568,1.7000999450683594,1.7100000381469727,10129,0.0,0.0
2024-04-05 15:30:00-04:00,1.7134000062942505,1.7300000190734863,1.6700999736785889,1.7100000381469727,35722,0.0,0.0
2024-04-08 09:30:00-04:00,1.7100000381469727,1.7200000286102295,1.6100000143051147,1.649999976158142,52817,0.0,0.0
2024-04-08 10:30:00-04:00,1.6399999856948853,1.649999976158142,1.6200000047683716,1.649999976158142,24993,0.0,0.0
2024-04-08 11:30:00-04:00,1.659999966621399,1.659999966621399,1.6399999856948853,1.6399999856948853,9306,0.0,0.0
2024-04-08 12:30:00-04:00,1.6496000289916992,1.6699999570846558,1.6399999856948853,1.6449999809265137,12052,0.0,0.0
2024-04-08 13:30:00-04:00,1.6399999856948853,1.649999976158142,1.6299999952316284,1.6399999856948853,26245,0.0,0.0
2024-04-08 14:30:00-04:00,1.6399999856948853,1.649999976158142,1.6299999952316284,1.6299999952316284,18807,0.0,0.0
2024-04-08 15:30:00-04:00,1.6200000047683716,1.649999976158142,1.6200000047683716,1.6299999952316284,26973,0.0,0.0
2024-04-09 09:30:00-04:00,1.659999966621399,1.6699999570846558,1.5800000429153442,1.6200000047683716,107305,0.0,0.0
2024-04-09 10:30:00-04:00,1.6200000047683716,1.6299999952316284,1.6200000047683716,1.6299999952316284,1390,0.0,0.0
2024-04-09 11:30:00-04:00,1.6399999856948853,1.6399999856948853,1.6299999952316284,1.6349999904632568,1832,0.0,0.0
2024-04-09 12:30:00-04:00,1.6349999904632568,1.6399999856948853,1.6299999952316284,1.6299999952316284,20442,0.0,0.0
2024-04-09 13:30:00-04:00,1.6399999856948853,1.649999976158142,1.6299999952316284,1.6299999952316284,5745,0.0,0.0
2024-04-09 14:30:00-04:00,1.6299999952316284,1.6399999856948853,1.6200000047683716,1.6200000047683716,11083,0.0,0.0
2024-04-09 15:30:00-04:00,1.6301000118255615,1.6398999691009521,1.6200000047683716,1.6200000047683716,7880,0.0,0.0
2024-04-10 09:30:00-04:00,1.600000023841858,1.6299999952316284,1.5800000429153442,1.5920000076293945,45491,0.0,0.0
2024-04-10 10:30:00-04:00,1.600000023841858,1.6200000047683716,1.590000033378601,1.6100000143051147,42588,0.0,0.0
2024-04-10 11:30:00-04:00,1.6100000143051147,1.6298999786376953,1.590000033378601,1.590000033378601,12703,0.0,0.0
2024-04-10 12:30:00-04:00,1.590000033378601,1.600000023841858,1.590000033378601,1.5953999757766724,8024,0.0,0.0
2024-04-10 13:30:00-04:00,1.5932999849319458,1.600000023841858,1.5700000524520874,1.5700000524520874,9015,0.0,0.0
2024-04-10 14:30:00-04:00,1.5800000429153442,1.6299999952316284,1.5700000524520874,1.5750000476837158,11820,0.0,0.0
2024-04-10 15:30:00-04:00,1.5700000524520874,1.5750000476837158,1.559999942779541,1.559999942779541,14893,0.0,0.0
2024-04-11 09:30:00-04:00,1.6100000143051147,1.6100000143051147,1.559999942779541,1.5750000476837158,23188,0.0,0.0
2024-04-11 10:30:00-04:00,1.5750000476837158,1.590000033378601,1.5628999471664429,1.5750000476837158,14081,0.0,0.0
2024-04-11 11:30:00-04:00,1.5700000524520874,1.5700000524520874,1.5700000524520874,1.5700000524520874,11472,0.0,0.0
2024-04-11 12:30:00-04:00,1.5700000524520874,1.5800000429153442,1.5499999523162842,1.5505000352859497,23499,0.0,0.0
2024-04-11 13:30:00-04:00,1.5499999523162842,1.600000023841858,1.5499999523162842,1.5990999937057495,23512,0.0,0.0
2024-04-11 14:30:00-04:00,1.590000033378601,1.600000023841858,1.5700000524520874,1.597599983215332,11091,0.0,0.0
2024-04-11 15:30:00-04:00,1.5951000452041626,1.6100000143051147,1.5800000429153442,1.5982999801635742,36787,0.0,0.0
2024-04-12 09:30:00-04:00,1.6100000143051147,1.6299999952316284,1.590000033378601,1.6100000143051147,26485,0.0,0.0
2024-04-12 10:30:00-04:00,1.600100040435791,1.6100000143051147,1.600100040435791,1.6050000190734863,2790,0.0,0.0
2024-04-12 11:30:00-04:00,1.6050000190734863,1.6200000047683716,1.6028000116348267,1.6100000143051147,10818,0.0,0.0
2024-04-12 12:30:00-04:00,1.6150000095367432,1.6150000095367432,1.5500999689102173,1.5750000476837158,27947,0.0,0.0
2024-04-12 13:30:00-04:00,1.559999942779541,1.5605000257492065,1.4600000381469727,1.4800000190734863,123943,0.0,0.0
2024-04-12 14:30:00-04:00,1.4600000381469727,1.4700000286102295,1.440000057220459,1.4500000476837158,224666,0.0,0.0
2024-04-12 15:30:00-04:00,1.4500000476837158,1.4586999416351318,1.440000057220459,1.440000057220459,75288,0.0,0.0
2024-04-15 09:30:00-04:00,1.4900000095367432,1.5199999809265137,1.4850000143051147,1.4850000143051147,21980,0.0,0.0
2024-04-15 10:30:00-04:00,1.4850000143051147,1.4850000143051147,1.4600000381469727,1.4601999521255493,8013,0.0,0.0
2024-04-15 11:30:00-04:00,1.4700000286102295,1.4800000190734863,1.4600000381469727,1.4700000286102295,17199,0.0,0.0
2024-04-15 12:30:00-04:00,1.475000023841858,1.4800000190734863,1.4600000381469727,1.4600000381469727,5348,0.0,0.0
2024-04-15 13:30:00-04:00,1.4600000381469727,1.4699000120162964,1.4299999475479126,1.440000057220459,51727,0.0,0.0
2024-04-15 14:30:00-04:00,1.4544999599456787,1.4699000120162964,1.4402999877929688,1.444000005722046,7884,0.0,0.0
2024-04-15 15:30:00-04:00,1.4664000272750854,1.4700000286102295,1.4500000476837158,1.4500000476837158,15800,0.0,0.0
2024-04-16 09:30:00-04:00,1.4700000286102295,1.5,1.4199999570846558,1.4479999542236328,21183,0.0,0.0
2024-04-16 10:30:00-04:00,1.4500000476837158,1.4500000476837158,1.409999966621399,1.4249999523162842,17023,0.0,0.0
2024-04-16 11:30:00-04:00,1.4479999542236328,1.4600000381469727,1.440000057220459,1.4557000398635864,12240,0.0,0.0
2024-04-16 12:30:00-04:00,1.440000057220459,1.4500000476837158,1.440000057220459,1.4500000476837158,8582,0.0,0.0
2024-04-16 13:30:00-04:00,1.440000057220459,1.444100022315979,1.409999966621399,1.4249999523162842,10790,0.0,0.0
2024-04-16 14:30:00-04:00,1.409999966621399,1.4289000034332275,1.399999976158142,1.409999966621399,13540,0.0,0.0
2024-04-16 15:30:00-04:00,1.4112999439239502,1.4299999475479126,1.399999976158142,1.4199999570846558,21920,0.0,0.0
2024-04-17 09:30:00-04:00,1.399999976158142,1.4299999475479126,1.3700000047683716,1.3799999952316284,66500,0.0,0.0
2024-04-17 10:30:00-04:00,1.3949999809265137,1.440000057220459,1.3799999952316284,1.399999976158142,23921,0.0,0.0
2024-04-17 11:30:00-04:00,1.440000057220459,1.4500000476837158,1.409999966621399,1.4500000476837158,9171,0.0,0.0
2024-04-17 12:30:00-04:00,1.4500000476837158,1.4500000476837158,1.4299999475479126,1.4299999475479126,9845,0.0,0.0
2024-04-17 13:30:00-04:00,1.4494999647140503,1.4500000476837158,1.440000057220459,1.440000057220459,7259,0.0,0.0
2024-04-17 14:30:00-04:00,1.444200038909912,1.444200038909912,1.4300999641418457,1.434999942779541,4316,0.0,0.0
2024-04-17 15:30:00-04:00,1.4299999475479126,1.4299999475479126,1.4199999570846558,1.4199999570846558,6330,0.0,0.0
2024-04-18 09:30:00-04:00,1.4299999475479126,1.4700000286102295,1.4199999570846558,1.440000057220459,28486,0.0,0.0
2024-04-18 10:30:00-04:00,1.440000057220459,1.469099998474121,1.440000057220459,1.4600000381469727,4010,0.0,0.0
2024-04-18 11:30:00-04:00,1.440000057220459,1.4769999980926514,1.440000057220459,1.4769999980926514,17647,0.0,0.0
2024-04-18 12:30:00-04:00,1.4700000286102295,1.4700000286102295,1.440000057220459,1.440000057220459,11608,0.0,0.0
2024-04-18 13:30:00-04:00,1.4199999570846558,1.440000057220459,1.409999966621399,1.409999966621399,3607,0.0,0.0
2024-04-18 14:30:00-04:00,1.399999976158142,1.4297000169754028,1.399999976158142,1.399999976158142,3086,0.0,0.0
2024-04-18 15:30:00-04:00,1.409999966621399,1.4122999906539917,1.3899999856948853,1.399999976158142,8660,0.0,0.0
2024-04-19 09:30:00-04:00,1.409999966621399,1.440000057220459,1.399999976158142,1.399999976158142,15940,0.0,0.0
2024-04-19 10:30:00-04:00,1.3899999856948853,1.399999976158142,1.3899999856948853,1.3899999856948853,11183,0.0,0.0
2024-04-19 11:30:00-04:00,1.399999976158142,1.4199999570846558,1.399999976158142,1.4199999570846558,23016,0.0,0.0
2024-04-19 12:30:00-04:00,1.4271999597549438,1.4699000120162964,1.4200999736785889,1.4299999475479126,18488,0.0,0.0
2024-04-19 13:30:00-04:00,1.440000057220459,1.4550000429153442,1.4199999570846558,1.440000057220459,31837,0.0,0.0
2024-04-19 14:30:00-04:00,1.4423999786376953,1.4550000429153442,1.440000057220459,1.4550000429153442,22915,0.0,0.0
2024-04-19 15:30:00-04:00,1.4500000476837158,1.4600000381469727,1.440000057220459,1.4600000381469727,6490,0.0,0.0
2024-04-22 09:30:00-04:00,1.4500000476837158,1.4800000190734863,1.4500000476837158,1.4500000476837158,8132,0.0,0.0
2024-04-22 10:30:00-04:00,1.4600000381469727,1.476199984550476,1.440000057220459,1.4500000476837158,8942,0.0,0.0
2024-04-22 11:30:00-04:00,1.4500000476837158,1.4700000286102295,1.4500000476837158,1.4600000381469727,5418,0.0,0.0
2024-04-22 12:30:00-04:00,1.4700000286102295,1.4700000286102295,1.4500000476837158,1.4500000476837158,6328,0.0,0.0
2024-04-22 13:30:00-04:00,1.4500000476837158,1.4700000286102295,1.4500000476837158,1.4600000381469727,10746,0.0,0.0
2024-04-22 14:30:00-04:00,1.4600000381469727,1.4700000286102295,1.4500000476837158,1.4602999687194824,10075,0.0,0.0
2024-04-22 15:30:00-04:00,1.4600000381469727,1.4600000381469727,1.440000057220459,1.440000057220459,22543,0.0,0.0
2024-04-23 09:30:00-04:00,1.4800000190734863,1.6058000326156616,1.4800000190734863,1.5600999593734741,73691,0.0,0.0
2024-04-23 10:30:00-04:00,1.559999942779541,1.5800000429153442,1.5449999570846558,1.559999942779541,19427,0.0,0.0
2024-04-23 11:30:00-04:00,1.5602999925613403,1.5700000524520874,1.5499999523162842,1.5700000524520874,9350,0.0,0.0
2024-04-23 12:30:00-04:00,1.559999942779541,1.5700000524520874,1.559999942779541,1.565000057220459,4389,0.0,0.0
2024-04-23 13:30:00-04:00,1.565000057220459,1.5679999589920044,1.5571999549865723,1.5591000318527222,8291,0.0,0.0
2024-04-23 14:30:00-04:00,1.5503000020980835,1.5549999475479126,1.5199999809265137,1.5369000434875488,31142,0.0,0.0
2024-04-23 15:30:00-04:00,1.5299999713897705,1.559999942779541,1.524999976158142,1.559999942779541,4651,0.0,0.0
2024-04-24 09:30:00-04:00,1.5800000429153442,1.594499945640564,1.534999966621399,1.559999942779541,18472,0.0,0.0
2024-04-24 10:30:00-04:00,1.5485999584197998,1.5485999584197998,1.5099999904632568,1.5299999713897705,4240,0.0,0.0
2024-04-24 11:30:00-04:00,1.5200999975204468,1.5200999975204468,1.5049999952316284,1.5199999809265137,8343,0.0,0.0
2024-04-24 12:30:00-04:00,1.5299999713897705,1.5299999713897705,1.5,1.5099999904632568,16843,0.0,0.0
2024-04-24 13:30:00-04:00,1.5149999856948853,1.5299999713897705,1.4900000095367432,1.4900000095367432,21793,0.0,0.0
2024-04-24 14:30:00-04:00,1.4800000190734863,1.4900000095367432,1.4800000190734863,1.4900000095367432,12556,0.0,0.0
2024-04-24 15:30:00-04:00,1.4950000047683716,1.5,1.4900000095367432,1.4900000095367432,4406,0.0,0.0
2024-04-25 09:30:00-04:00,1.4800000190734863,1.48989999294281,1.4550000429153442,1.4700000286102295,22137,0.0,0.0
2024-04-25 10:30:00-04:00,1.4620000123977661,1.4620000123977661,1.4199999570846558,1.4500000476837158,33139,0.0,0.0
2024-04-25 11:30:00-04:00,1.4500000476837158,1.4700000286102295,1.4386999607086182,1.4700000286102295,1122,0.0,0.0
2024-04-25 12:30:00-04:00,1.440000057220459,1.4596999883651733,1.4299999475479126,1.4596999883651733,4322,0.0,0.0
2024-04-25 13:30:00-04:00,1.4500000476837158,1.4800000190734863,1.4500000476837158,1.4797999858856201,10859,0.0,0.0
2024-04-25 14:30:00-04:00,1.4795000553131104,1.4795000553131104,1.4700000286102295,1.4700000286102295,9343,0.0,0.0
2024-04-25 15:30:00-04:00,1.475000023841858,1.475000023841858,1.4450000524520874,1.4500000476837158,38996,0.0,0.0
2024-04-26 09:30:00-04:00,1.4500000476837158,1.5399999618530273,1.4500000476837158,1.5399999618530273,57009,0.0,0.0
2024-04-26 10:30:00-04:00,1.524999976158142,1.5499999523162842,1.5111000537872314,1.5299999713897705,25886,0.0,0.0
2024-04-26 11:30:00-04:00,1.527999997138977,1.5399999618530273,1.527999997138977,1.534999966621399,12842,0.0,0.0
2024-04-26 12:30:00-04:00,1.5399999618530273,1.5399999618530273,1.534999966621399,1.5398000478744507,5291,0.0,0.0
2024-04-26 13:30:00-04:00,1.5499999523162842,1.5499999523162842,1.531499981880188,1.5399999618530273,5455,0.0,0.0
2024-04-26 14:30:00-04:00,1.5499999523162842,1.5800000429153442,1.5399999618530273,1.5786000490188599,26958,0.0,0.0
2024-04-26 15:30:00-04:00,1.5499999523162842,1.565000057220459,1.5299999713897705,1.5399999618530273,23497,0.0,0.0
2024-04-29 09:30:00-04:00,1.559999942779541,1.6299999952316284,1.559999942779541,1.628100037574768,63319,0.0,0.0
2024-04-29 10:30:00-04:00,1.6492999792099,1.7100000381469727,1.6492999792099,1.6700999736785889,51854,0.0,0.0
2024-04-29 11:30:00-04:00,1.6799999475479126,1.7854000329971313,1.6730999946594238,1.7400000095367432,45900,0.0,0.0
2024-04-29 12:30:00-04:00,1.7300000190734863,1.7699999809265137,1.7266000509262085,1.7599999904632568,25498,0.0,0.0
2024-04-29 13:30:00-04:00,1.7699999809265137,1.9198999404907227,1.769700050354004,1.9129999876022339,107268,0.0,0.0
2024-04-29 14:30:00-04:00,1.9199999570846558,1.940000057220459,1.840000033378601,1.8849999904632568,83761,0.0,0.0
2024-04-29 15:30:00-04:00,1.8849999904632568,1.8849999904632568,1.809999942779541,1.8200000524520874,56732,0.0,0.0
2024-04-30 09:30:00-04:00,1.7899999618530273,1.7999999523162842,1.7200000286102295,1.7200000286102295,95201,0.0,0.0
2024-04-30 10:30:00-04:00,1.7289999723434448,1.73989999294281,1.6950000524520874,1.7000000476837158,39765,0.0,0.0
2024-04-30 11:30:00-04:00,1.7101000547409058,1.7200000286102295,1.6799999475479126,1.6799999475479126,18850,0.0,0.0
2024-04-30 12:30:00-04:00,1.690000057220459,1.7050000429153442,1.6799999475479126,1.7037999629974365,18876,0.0,0.0
2024-04-30 13:30:00-04:00,1.690000057220459,1.715000033378601,1.684999942779541,1.7100000381469727,23117,0.0,0.0
2024-04-30 14:30:00-04:00,1.7289999723434448,1.7300000190734863,1.7000000476837158,1.7000999450683594,10667,0.0,0.0
2024-04-30 15:30:00-04:00,1.7050000429153442,1.7300000190734863,1.690000057220459,1.690000057220459,23923,0.0,0.0
2024-05-01 09:30:00-04:00,1.659999966621399,1.7400000095367432,1.659999966621399,1.7400000095367432,24050,0.0,0.0
2024-05-01 10:30:00-04:00,1.7400000095367432,1.7400000095367432,1.7200000286102295,1.7201000452041626,9996,0.0,0.0
2024-05-01 11:30:00-04:00,1.725000023841858,1.7300000190734863,1.715000033378601,1.7194000482559204,2717,0.0,0.0
2024-05-01 12:30:00-04:00,1.715000033378601,1.718500018119812,1.7100000381469727,1.7100000381469727,4451,0.0,0.0
2024-05-01 13:30:00-04:00,1.715000033378601,1.715000033378601,1.7100000381469727,1.715000033378601,2051,0.0,0.0
2024-05-01 14:30:00-04:00,1.7100000381469727,1.7300000190734863,1.7100000381469727,1.7300000190734863,6608,0.0,0.0
2024-05-01 15:30:00-04:00,1.725000023841858,1.7300000190734863,1.7100000381469727,1.7300000190734863,10288,0.0,0.0
2024-05-02 09:30:00-04:00,1.7400000095367432,1.7400000095367432,1.7100000381469727,1.7137000560760498,8121,0.0,0.0
2024-05-02 10:30:00-04:00,1.7101000547409058,1.725000023841858,1.7000999450683594,1.7100000381469727,11747,0.0,0.0
2024-05-02 11:30:00-04:00,1.7100000381469727,1.73989999294281,1.7100000381469727,1.7300000190734863,52739,0.0,0.0
2024-05-02 12:30:00-04:00,1.7319999933242798,1.7799999713897705,1.7319999933242798,1.7799999713897705,26399,0.0,0.0
2024-05-02 13:30:00-04:00,1.7799999713897705,1.7799999713897705,1.770400047302246,1.770400047302246,3682,0.0,0.0
2024-05-02 14:30:00-04:00,1.7798999547958374,1.7899999618530273,1.7698999643325806,1.7799999713897705,12370,0.0,0.0
2024-05-02 15:30:00-04:00,1.7899999618530273,1.7899999618530273,1.7699999809265137,1.7899999618530273,5660,0.0,0.0
2024-05-03 09:30:00-04:00,1.7999999523162842,1.8299000263214111,1.7100000381469727,1.7400000095367432,43948,0.0,0.0
2024-05-03 10:30:00-04:00,1.7898999452590942,1.7898999452590942,1.7200000286102295,1.7200000286102295,8014,0.0,0.0
2024-05-03 11:30:00-04:00,1.7293000221252441,1.7299000024795532,1.7000000476837158,1.7096999883651733,20081,0.0,0.0
2024-05-03 12:30:00-04:00,1.7100000381469727,1.7299000024795532,1.7100000381469727,1.7200000286102295,4732,0.0,0.0
2024-05-03 13:30:00-04:00,1.7100000381469727,1.7300000190734863,1.7100000381469727,1.7300000190734863,5462,0.0,0.0
2024-05-03 14:30:00-04:00,1.7488000392913818,1.8899999856948853,1.7488000392913818,1.7999999523162842,78422,0.0,0.0
2024-05-03 15:30:00-04:00,1.7999999523162842,1.7999999523162842,1.7699999809265137,1.7899999618530273,11462,0.0,0.0
2024-05-06 09:30:00-04:00,1.7899999618530273,1.7899999618530273,1.7200000286102295,1.7568999528884888,45449,0.0,0.0
2024-05-06 10:30:00-04:00,1.7799999713897705,1.7799999713897705,1.7401000261306763,1.7458000183105469,14608,0.0,0.0
2024-05-06 11:30:00-04:00,1.75,1.757200002670288,1.7400000095367432,1.7549999952316284,7214,0.0,0.0
2024-05-06 12:30:00-04:00,1.7599999904632568,1.7691999673843384,1.75,1.75,3973,0.0,0.0
2024-05-06 13:30:00-04:00,1.75,1.7599999904632568,1.7450000047683716,1.7450000047683716,12895,0.0,0.0
2024-05-06 14:30:00-04:00,1.75,1.7599999904632568,1.7400000095367432,1.750100016593933,17581,0.0,0.0
2024-05-06 15:30:00-04:00,1.7450000047683716,1.749400019645691,1.7300000190734863,1.7300000190734863,9613,0.0,0.0
2024-05-07 09:30:00-04:00,1.7300000190734863,1.7799999713897705,1.725000023841858,1.7699999809265137,23712,0.0,0.0
2024-05-07 10:30:00-04:00,1.7699999809265137,1.809999942779541,1.7599999904632568,1.809999942779541,39107,0.0,0.0
2024-05-07 11:30:00-04:00,1.804900050163269,1.850000023841858,1.7924000024795532,1.8200000524520874,46578,0.0,0.0
2024-05-07 12:30:00-04:00,1.8300000429153442,1.9199999570846558,1.811400055885315,1.9199999570846558,41111,0.0,0.0
2024-05-07 13:30:00-04:00,1.9199999570846558,1.9199999570846558,1.850000023841858,1.8600000143051147,43064,0.0,0.0
2024-05-07 14:30:00-04:00,1.843999981880188,1.8518999814987183,1.8336999416351318,1.850000023841858,10468,0.0,0.0
2024-05-07 15:30:00-04:00,1.850000023841858,1.8590999841690063,1.8450000286102295,1.850000023841858,8613,0.0,0.0
2024-05-08 09:30:00-04:00,1.840000033378601,1.8600000143051147,1.7999999523162842,1.8496999740600586,27461,0.0,0.0
2024-05-08 10:30:00-04:00,1.840000033378601,1.8494000434875488,1.809999942779541,1.8357000350952148,4580,0.0,0.0
2024-05-08 11:30:00-04:00,1.8200000524520874,1.8300000429153442,1.7999999523162842,1.8200000524520874,18543,0.0,0.0
2024-05-08 12:30:00-04:00,1.8200000524520874,1.8200000524520874,1.801300048828125,1.809999942779541,12303,0.0,0.0
2024-05-08 13:30:00-04:00,1.8200000524520874,1.840000033378601,1.8200000524520874,1.8301000595092773,14307,0.0,0.0
2024-05-08 14:30:00-04:00,1.840000033378601,1.8499000072479248,1.8100999593734741,1.8250000476837158,8760,0.0,0.0
2024-05-08 15:30:00-04:00,1.829200029373169,1.8300000429153442,1.8200000524520874,1.8300000429153442,6051,0.0,0.0
2024-05-09 09:30:00-04:00,1.9800000190734863,1.9800000190734863,1.822700023651123,1.8791999816894531,55431,0.0,0.0
2024-05-09 10:30:00-04:00,1.8700000047683716,1.899999976158142,1.8601000308990479,1.8899999856948853,12982,0.0,0.0
2024-05-09 11:30:00-04:00,1.8799999952316284,1.8801000118255615,1.850000023841858,1.8601000308990479,14552,0.0,0.0
2024-05-09 12:30:00-04:00,1.8767999410629272,1.8799999952316284,1.8700000047683716,1.8795000314712524,11668,0.0,0.0
2024-05-09 13:30:00-04:00,1.8700000047683716,1.8700000047683716,1.8600000143051147,1.8698999881744385,10952,0.0,0.0
2024-05-09 14:30:00-04:00,1.840000033378601,1.8700000047683716,1.8300000429153442,1.851199984550476,21558,0.0,0.0
2024-05-09 15:30:00-04:00,1.8600000143051147,1.8799999952316284,1.850100040435791,1.8799999952316284,12378,0.0,0.0
2024-05-10 09:30:00-04:00,1.909999966621399,1.9299999475479126,1.850000023841858,1.8901000022888184,0,0.0,0.0
2024-05-10 10:30:00-04:00,1.8849999904632568,1.899999976158142,1.850100040435791,1.8799999952316284,54309,0.0,0.0
2024-05-10 11:30:00-04:00,1.873900055885315,1.9299999475479126,1.8550000190734863,1.9149999618530273,69507,0.0,0.0
2024-05-10 12:30:00-04:00,1.909999966621399,1.9742000102996826,1.8899999856948853,1.9400999546051025,66845,0.0,0.0
2024-05-10 13:30:00-04:00,1.9586999416351318,1.9800000190734863,1.9493000507354736,1.975000023841858,70947,0.0,0.0
2024-05-10 14:30:00-04:00,1.9800000190734863,1.9800000190734863,1.9600000381469727,1.9600000381469727,29701,0.0,0.0
2024-05-10 15:30:00-04:00,1.965000033378601,1.9700000286102295,1.940000057220459,1.9499000310897827,18686,0.0,0.0
2024-05-13 09:30:00-04:00,1.940000057220459,2.130000114440918,1.9299999475479126,2.1050000190734863,167585,0.0,0.0
2024-05-13 10:30:00-04:00,2.109999895095825,2.1700000762939453,2.0899999141693115,2.0899999141693115,69537,0.0,0.0
2024-05-13 11:30:00-04:00,2.0899999141693115,2.130000114440918,2.069999933242798,2.069999933242798,20957,0.0,0.0
2024-05-13 12:30:00-04:00,2.0799999237060547,2.0899999141693115,2.069999933242798,2.0899999141693115,11374,0.0,0.0
2024-05-13 13:30:00-04:00,2.0999999046325684,2.115000009536743,2.0899999141693115,2.115000009536743,28986,0.0,0.0
2024-05-13 14:30:00-04:00,2.1191000938415527,2.1191000938415527,2.075000047683716,2.0799999237060547,27275,0.0,0.0
2024-05-13 15:30:00-04:00,2.069999933242798,2.069999933242798,2.04010009765625,2.049999952316284,43743,0.0,0.0
2024-05-14 09:30:00-04:00,2.0299999713897705,2.049999952316284,1.940000057220459,1.940000057220459,44503,0.0,0.0
2024-05-14 10:30:00-04:00,1.9550000429153442,1.9759999513626099,1.840000033378601,1.9493000507354736,103441,0.0,0.0
2024-05-14 11:30:00-04:00,1.9299999475479126,1.9600000381469727,1.9299999475479126,1.9577000141143799,17235,0.0,0.0
2024-05-14 12:30:00-04:00,1.9199999570846558,1.9600000381469727,1.8949999809265137,1.9299999475479126,68860,0.0,0.0
2024-05-14 13:30:00-04:00,1.9550000429153442,1.965000033378601,1.940000057220459,1.9500000476837158,16946,0.0,0.0
2024-05-14 14:30:00-04:00,1.9450000524520874,1.9788000583648682,1.9299999475479126,1.9586000442504883,20963,0.0,0.0
2024-05-14 15:30:00-04:00,1.940000057220459,1.9700000286102295,1.940000057220459,1.9700000286102295,9210,0.0,0.0
2024-05-15 09:30:00-04:00,1.9900000095367432,2.049999952316284,1.9900000095367432,2.0350000858306885,27518,0.0,0.0
2024-05-15 10:30:00-04:00,2.0350000858306885,2.0599000453948975,2.0299999713897705,2.0599000453948975,67884,0.0,0.0
2024-05-15 11:30:00-04:00,2.049999952316284,2.180000066757202,2.049999952316284,2.1798999309539795,112914,0.0,0.0
2024-05-15 12:30:00-04:00,2.174999952316284,2.2200000286102295,2.1500000953674316,2.1956000328063965,144414,0.0,0.0
2024-05-15 13:30:00-04:00,2.180000066757202,2.234999895095825,2.1700000762939453,2.2298998832702637,89202,0.0,0.0
2024-05-15 14:30:00-04:00,2.2300000190734863,2.265000104904175,2.190000057220459,2.2599000930786133,92183,0.0,0.0
2024-05-15 15:30:00-04:00,2.25,2.2699999809265137,2.2200000286102295,2.259999990463257,72910,0.0,0.0
2024-05-16 09:30:00-04:00,2.2899999618530273,2.5,2.2100000381469727,2.4827001094818115,309737,0.0,0.0
2024-05-16 10:30:00-04:00,2.4700000286102295,2.640000104904175,2.450000047683716,2.6050000190734863,413181,0.0,0.0
2024-05-16 11:30:00-04:00,2.5999999046325684,2.630000114440918,2.549999952316284,2.630000114440918,151597,0.0,0.0
2024-05-16 12:30:00-04:00,2.6201000213623047,2.6596999168395996,2.559999942779541,2.5899999141693115,120765,0.0,0.0
2024-05-16 13:30:00-04:00,2.5801000595092773,2.5999999046325684,2.4514999389648438,2.4600000381469727,99240,0.0,0.0
2024-05-16 14:30:00-04:00,2.460099935531616,2.460099935531616,2.3499999046325684,2.389899969100952,98062,0.0,0.0
2024-05-16 15:30:00-04:00,2.369999885559082,2.4100000858306885,2.369999885559082,2.390000104904175,37009,0.0,0.0
2024-05-17 09:30:00-04:00,2.549999952316284,2.629699945449829,2.460099935531616,2.549999952316284,188623,0.0,0.0
2024-05-17 10:30:00-04:00,2.5350000858306885,2.8299999237060547,2.5299999713897705,2.7149999141693115,274033,0.0,0.0
2024-05-17 11:30:00-04:00,2.7300000190734863,2.789900064468384,2.680000066757202,2.700200080871582,92578,0.0,0.0
2024-05-17 12:30:00-04:00,2.702199935913086,2.9000000953674316,2.700000047683716,2.8915998935699463,99498,0.0,0.0
2024-05-17 13:30:00-04:00,2.884999990463257,2.8893001079559326,2.75,2.75,88127,0.0,0.0
2024-05-17 14:30:00-04:00,2.7500998973846436,2.7899999618530273,2.7300000190734863,2.763700008392334,90260,0.0,0.0
2024-05-17 15:30:00-04:00,2.765000104904175,2.7699999809265137,2.75,2.765000104904175,63436,0.0,0.0
2024-05-20 09:30:00-04:00,2.809999942779541,3.069999933242798,2.740000009536743,2.740000009536743,475803,0.0,0.0
2024-05-20 10:30:00-04:00,2.744999885559082,2.759999990463257,2.5799999237060547,2.7100000381469727,240485,0.0,0.0
2024-05-20 11:30:00-04:00,2.719899892807007,2.7499001026153564,2.6700000762939453,2.7100000381469727,45540,0.0,0.0
2024-05-20 12:30:00-04:00,2.7081000804901123,2.7200000286102295,2.680000066757202,2.690000057220459,18336,0.0,0.0
2024-05-20 13:30:00-04:00,2.680000066757202,2.690000057220459,2.609999895095825,2.630000114440918,44185,0.0,0.0
2024-05-20 14:30:00-04:00,2.634999990463257,2.6500000953674316,2.5799999237060547,2.5950000286102295,47852,0.0,0.0
2024-05-20 15:30:00-04:00,2.5817999839782715,2.638000011444092,2.559999942779541,2.609999895095825,69118,0.0,0.0
2024-05-21 09:30:00-04:00,2.640000104904175,2.76990008354187,2.614500045776367,2.6298999786376953,44201,0.0,0.0
2024-05-21 10:30:00-04:00,2.634999990463257,2.7100000381469727,2.634999990463257,2.700000047683716,25598,0.0,0.0
2024-05-21 11:30:00-04:00,2.7100000381469727,2.7300000190734863,2.6600000858306885,2.6907999515533447,118039,0.0,0.0
2024-05-21 12:30:00-04:00,2.7200000286102295,2.7200000286102295,2.6600000858306885,2.6600000858306885,24595,0.0,0.0
2024-05-21 13:30:00-04:00,2.6700000762939453,2.690000057220459,2.640000104904175,2.690000057220459,11665,0.0,0.0
2024-05-21 14:30:00-04:00,2.690000057220459,2.690000057220459,2.630000114440918,2.6500000953674316,21581,0.0,0.0
2024-05-21 15:30:00-04:00,2.6449999809265137,2.6700000762939453,2.630000114440918,2.6700000762939453,13831,0.0,0.0
2024-05-22 09:30:00-04:00,2.75,2.75,2.6600000858306885,2.6600000858306885,48914,0.0,0.0
2024-05-22 10:30:00-04:00,2.640000104904175,2.659899950027466,2.524399995803833,2.5399999618530273,89387,0.0,0.0
2024-05-22 11:30:00-04:00,2.5450000762939453,2.549999952316284,2.4600000381469727,2.4870998859405518,49586,0.0,0.0
2024-05-22 12:30:00-04:00,2.4700000286102295,2.5199999809265137,2.4600000381469727,2.5199999809265137,22032,0.0,0.0
2024-05-22 13:30:00-04:00,2.5299999713897705,2.5299999713897705,2.484999895095825,2.490000009536743,47322,0.0,0.0
2024-05-22 14:30:00-04:00,2.4800000190734863,2.490000009536743,2.430000066757202,2.490000009536743,52548,0.0,0.0
2024-05-22 15:30:00-04:00,2.494999885559082,2.5299999713897705,2.450000047683716,2.5199999809265137,28169,0.0,0.0
2024-05-23 09:30:00-04:00,2.509999990463257,2.509999990463257,2.259999990463257,2.359999895095825,197438,0.0,0.0
2024-05-23 10:30:00-04:00,2.369999885559082,2.369999885559082,2.200000047683716,2.369999885559082,133975,0.0,0.0
2024-05-23 11:30:00-04:00,2.3499999046325684,2.3499999046325684,2.257999897003174,2.292099952697754,47267,0.0,0.0
2024-05-23 12:30:00-04:00,2.293600082397461,2.309999942779541,2.2799999713897705,2.2850000858306885,22526,0.0,0.0
2024-05-23 13:30:00-04:00,2.2888998985290527,2.2888998985290527,2.109999895095825,2.200000047683716,126929,0.0,0.0
2024-05-23 14:30:00-04:00,2.194999933242798,2.194999933242798,2.1500000953674316,2.1700000762939453,50887,0.0,0.0
2024-05-23 15:30:00-04:00,2.1700000762939453,2.259999990463257,2.1700000762939453,2.240000009536743,52639,0.0,0.0
2024-05-24 09:30:00-04:00,2.3299999237060547,2.430000066757202,2.259999990463257,2.359999895095825,57532,0.0,0.0
2024-05-24 10:30:00-04:00,2.362299919128418,2.3898000717163086,2.309999942779541,2.3898000717163086,32540,0.0,0.0
2024-05-24 11:30:00-04:00,2.369999885559082,2.369999885559082,2.340100049972534,2.359999895095825,13969,0.0,0.0
2024-05-24 12:30:00-04:00,2.3399999141693115,2.3598999977111816,2.331399917602539,2.3350000381469727,25503,0.0,0.0
2024-05-24 13:30:00-04:00,2.3499999046325684,2.3499999046325684,2.3299999237060547,2.3299999237060547,3677,0.0,0.0
2024-05-24 14:30:00-04:00,2.338900089263916,2.3499999046325684,2.309999942779541,2.348099946975708,14746,0.0,0.0
2024-05-24 15:30:00-04:00,2.3341000080108643,2.3499999046325684,2.3201000690460205,2.3489999771118164,12045,0.0,0.0
2024-05-28 09:30:00-04:00,2.380000114440918,2.380000114440918,2.3059000968933105,2.3450000286102295,50319,0.0,0.0
2024-05-28 10:30:00-04:00,2.359999895095825,2.4000000953674316,2.3499999046325684,2.3721001148223877,32896,0.0,0.0
2024-05-28 11:30:00-04:00,2.390000104904175,2.4000000953674316,2.380000114440918,2.390000104904175,8872,0.0,0.0
2024-05-28 12:30:00-04:00,2.390000104904175,2.390000104904175,2.3310999870300293,2.359999895095825,21373,0.0,0.0
2024-05-28 13:30:00-04:00,2.3694000244140625,2.3694000244140625,2.2799999713897705,2.299999952316284,34496,0.0,0.0
2024-05-28 14:30:00-04:00,2.297100067138672,2.3299999237060547,2.2899999618530273,2.3299999237060547,19839,0.0,0.0
2024-05-28 15:30:00-04:00,2.320199966430664,2.369999885559082,2.319999933242798,2.3399999141693115,8331,0.0,0.0
2024-05-29 09:30:00-04:00,2.309999942779541,2.3450000286102295,2.2899999618530273,2.3399999141693115,50539,0.0,0.0
2024-05-29 10:30:00-04:00,2.3399999141693115,2.3399999141693115,2.253999948501587,2.2799999713897705,44844,0.0,0.0
2024-05-29 11:30:00-04:00,2.2799999713897705,2.2899999618530273,2.200000047683716,2.240000009536743,34644,0.0,0.0
2024-05-29 12:30:00-04:00,2.2200000286102295,2.259999990463257,2.2149999141693115,2.2300000190734863,8253,0.0,0.0
2024-05-29 13:30:00-04:00,2.234999895095825,2.234999895095825,2.180000066757202,2.200000047683716,27324,0.0,0.0
2024-05-29 14:30:00-04:00,2.200000047683716,2.2200000286102295,2.180000066757202,2.180000066757202,20030,0.0,0.0
2024-05-29 15:30:00-04:00,2.190000057220459,2.2200000286102295,2.180000066757202,2.200000047683716,17340,0.0,0.0
2024-05-30 09:30:00-04:00,2.1600000858306885,2.2799999713897705,2.1600000858306885,2.2799999713897705,30519,0.0,0.0
2024-05-30 10:30:00-04:00,2.2701001167297363,2.3499999046325684,2.2701001167297363,2.3499999046325684,30704,0.0,0.0
2024-05-30 11:30:00-04:00,2.365000009536743,2.450000047683716,2.3615000247955322,2.449899911880493,28265,0.0,0.0
2024-05-30 12:30:00-04:00,2.434999942779541,2.440000057220459,2.4100000858306885,2.4198999404907227,10532,0.0,0.0
2024-05-30 13:30:00-04:00,2.424999952316284,2.4398999214172363,2.356800079345703,2.356800079345703,18462,0.0,0.0
2024-05-30 14:30:00-04:00,2.359999895095825,2.369999885559082,2.3299999237060547,2.369999885559082,10003,0.0,0.0
2024-05-30 15:30:00-04:00,2.380000114440918,2.380000114440918,2.3399999141693115,2.3399999141693115,23858,0.0,0.0
2024-05-31 09:30:00-04:00,2.369999885559082,2.4993999004364014,2.359999895095825,2.424999952316284,88835,0.0,0.0
2024-05-31 10:30:00-04:00,2.430000066757202,2.430000066757202,2.359999895095825,2.390000104904175,35663,0.0,0.0
2024-05-31 11:30:00-04:00,2.4198999404907227,2.430299997329712,2.4100000858306885,2.4200000762939453,3996,0.0,0.0
2024-05-31 12:30:00-04:00,2.4200000762939453,2.4200000762939453,2.340100049972534,2.377000093460083,41928,0.0,0.0
2024-05-31 13:30:00-04:00,2.359999895095825,2.38100004196167,2.3519999980926514,2.3722000122070312,9020,0.0,0.0
2024-05-31 14:30:00-04:00,2.3499999046325684,2.365000009536743,2.3450000286102295,2.3450000286102295,16237,0.0,0.0
2024-05-31 15:30:00-04:00,2.3499999046325684,2.430000066757202,2.3450000286102295,2.430000066757202,34279,0.0,0.0
2024-06-03 09:30:00-04:00,2.4800000190734863,2.5964999198913574,2.450000047683716,2.4800000190734863,67773,0.0,0.0
2024-06-03 10:30:00-04:00,2.4909000396728516,2.5399999618530273,2.4200000762939453,2.484999895095825,54098,0.0,0.0
2024-06-03 11:30:00-04:00,2.4700000286102295,2.4700000286102295,2.4200000762939453,2.4200000762939453,21440,0.0,0.0
2024-06-03 12:30:00-04:00,2.4100000858306885,2.430000066757202,2.3519999980926514,2.3982999324798584,54738,0.0,0.0
2024-06-03 13:30:00-04:00,2.380000114440918,2.4600000381469727,2.380000114440918,2.430000066757202,12738,0.0,0.0
2024-06-03 14:30:00-04:00,2.400599956512451,2.4200000762939453,2.359999895095825,2.360100030899048,27722,0.0,0.0
2024-06-03 15:30:00-04:00,2.369999885559082,2.399899959564209,2.359999895095825,2.380000114440918,35450,0.0,0.0
2024-06-04 09:30:00-04:00,2.390000104904175,2.390000104904175,2.2739999294281006,2.3197999000549316,60190,0.0,0.0
2024-06-04 10:30:00-04:00,2.309999942779541,2.3199000358581543,2.2799999713897705,2.309999942779541,27520,0.0,0.0
2024-06-04 11:30:00-04:00,2.309999942779541,2.349900007247925,2.309999942779541,2.3489999771118164,14618,0.0,0.0
2024-06-04 12:30:00-04:00,2.3450000286102295,2.369999885559082,2.3450000286102295,2.3680999279022217,8081,0.0,0.0
2024-06-04 13:30:00-04:00,2.359999895095825,2.380000114440918,2.359999895095825,2.380000114440918,11228,0.0,0.0
2024-06-04 14:30:00-04:00,2.375,2.4100000858306885,2.369999885559082,2.4000000953674316,14508,0.0,0.0
2024-06-04 15:30:00-04:00,2.4000000953674316,2.440000057220459,2.390000104904175,2.440000057220459,24054,0.0,0.0
2024-06-05 09:30:00-04:00,2.450000047683716,2.450000047683716,2.309999942779541,2.359100103378296,51903,0.0,0.0
2024-06-05 10:30:00-04:00,2.3596999645233154,2.359999895095825,2.2799999713897705,2.2899999618530273,38123,0.0,0.0
2024-06-05 11:30:00-04:00,2.3148000240325928,2.349900007247925,2.299999952316284,2.325000047683716,8422,0.0,0.0
2024-06-05 12:30:00-04:00,2.338200092315674,2.3499999046325684,2.299999952316284,2.3499999046325684,15186,0.0,0.0
2024-06-05 13:30:00-04:00,2.3680999279022217,2.380000114440918,2.339900016784668,2.3499999046325684,7565,0.0,0.0
2024-06-05 14:30:00-04:00,2.3499999046325684,2.390000104904175,2.3299999237060547,2.3499999046325684,62181,0.0,0.0
2024-06-05 15:30:00-04:00,2.3498001098632812,2.3498001098632812,2.319999933242798,2.3299999237060547,6543,0.0,0.0
2024-06-06 09:30:00-04:00,2.309999942779541,2.359999895095825,2.299999952316284,2.328399896621704,23693,0.0,0.0
2024-06-06 10:30:00-04:00,2.299999952316284,2.319999933242798,2.25,2.265000104904175,42384,0.0,0.0
2024-06-06 11:30:00-04:00,2.2799999713897705,2.2799999713897705,2.2330000400543213,2.2600998878479004,34653,0.0,0.0
2024-06-06 12:30:00-04:00,2.259999990463257,2.259999990463257,2.240000009536743,2.255000114440918,14014,0.0,0.0
2024-06-06 13:30:00-04:00,2.259999990463257,2.2999000549316406,2.2500998973846436,2.2701001167297363,25823,0.0,0.0
2024-06-06 14:30:00-04:00,2.2799999713897705,2.289900064468384,2.2750000953674316,2.2860000133514404,1457,0.0,0.0
2024-06-06 15:30:00-04:00,2.2999000549316406,2.319999933242798,2.2899999618530273,2.299999952316284,12338,0.0,0.0
2024-06-07 09:30:00-04:00,2.265500068664551,2.309999942779541,2.252000093460083,2.309999942779541,10128,0.0,0.0
2024-06-07 10:30:00-04:00,2.299999952316284,2.305000066757202,2.2799999713897705,2.2899999618530273,5439,0.0,0.0
2024-06-07 11:30:00-04:00,2.299999952316284,2.303800106048584,2.2699999809265137,2.2850000858306885,18262,0.0,0.0
2024-06-07 12:30:00-04:00,2.299999952316284,2.299999952316284,2.259999990463257,2.259999990463257,7724,0.0,0.0
2024-06-07 13:30:00-04:00,2.259999990463257,2.259999990463257,2.2200000286102295,2.2200000286102295,14075,0.0,0.0
2024-06-07 14:30:00-04:00,2.2476999759674072,2.25,2.2100000381469727,2.2300000190734863,12380,0.0,0.0
2024-06-07 15:30:00-04:00,2.2356998920440674,2.25,2.2200000286102295,2.2200000286102295,13489,0.0,0.0
2024-06-10 09:30:00-04:00,2.200000047683716,2.2095000743865967,2.1549999713897705,2.1600000858306885,69885,0.0,0.0
2024-06-10 10:30:00-04:00,2.162600040435791,2.174999952316284,2.049999952316284,2.1198999881744385,67106,0.0,0.0
2024-06-10 11:30:00-04:00,2.109999895095825,2.119999885559082,2.0799999237060547,2.109999895095825,45924,0.0,0.0
2024-06-10 12:30:00-04:00,2.0999999046325684,2.0999999046325684,2.059999942779541,2.089900016784668,24374,0.0,0.0
2024-06-10 13:30:00-04:00,2.089900016784668,2.117500066757202,2.0801000595092773,2.0801000595092773,18279,0.0,0.0
2024-06-10 14:30:00-04:00,2.0850000381469727,2.0852999687194824,2.075000047683716,2.075000047683716,5159,0.0,0.0
2024-06-10 15:30:00-04:00,2.0799999237060547,2.0899999141693115,2.069999933242798,2.075000047683716,20319,0.0,0.0
2024-06-11 09:30:00-04:00,2.059999942779541,2.128000020980835,2.059999942779541,2.128000020980835,15180,0.0,0.0
2024-06-11 10:30:00-04:00,2.1500000953674316,2.200000047683716,2.1500000953674316,2.1600000858306885,22448,0.0,0.0
2024-06-11 11:30:00-04:00,2.1600000858306885,2.1700000762939453,2.140000104904175,2.140000104904175,3729,0.0,0.0
2024-06-11 12:30:00-04:00,2.130000114440918,2.130000114440918,2.109999895095825,2.130000114440918,3732,0.0,0.0
2024-06-11 13:30:00-04:00,2.130000114440918,2.180000066757202,2.130000114440918,2.180000066757202,29635,0.0,0.0
2024-06-11 14:30:00-04:00,2.178800106048584,2.2300000190734863,2.178800106048584,2.215399980545044,18107,0.0,0.0
2024-06-11 15:30:00-04:00,2.2149999141693115,2.2149999141693115,2.1900999546051025,2.2100000381469727,16719,0.0,0.0
2024-06-12 09:30:00-04:00,2.2899999618530273,2.2899999618530273,2.1891000270843506,2.190000057220459,23102,0.0,0.0
2024-06-12 10:30:00-04:00,2.194999933242798,2.194999933242798,2.131999969482422,2.1422998905181885,9170,0.0,0.0
2024-06-12 11:30:00-04:00,2.1700000762939453,2.1700000762939453,2.130000114440918,2.139899969100952,5550,0.0,0.0
2024-06-12 12:30:00-04:00,2.140000104904175,2.1549999713897705,2.130000114440918,2.1549999713897705,15032,0.0,0.0
2024-06-12 13:30:00-04:00,2.1689999103546143,2.200000047683716,2.1500000953674316,2.1600000858306885,8581,0.0,0.0
2024-06-12 14:30:00-04:00,2.167099952697754,2.194999933242798,2.1649999618530273,2.180000066757202,9363,0.0,0.0
2024-06-12 15:30:00-04:00,2.180000066757202,2.180000066757202,2.1600000858306885,2.1700000762939453,9607,0.0,0.0
2024-06-13 09:30:00-04:00,2.1700000762939453,2.180000066757202,2.0999999046325684,2.11929988861084,35619,0.0,0.0
2024-06-13 10:30:00-04:00,2.125,2.129699945449829,2.0799999237060547,2.0899999141693115,59563,0.0,0.0
2024-06-13 11:30:00-04:00,2.0799999237060547,2.115000009536743,2.069999933242798,2.1050000190734863,0,0.0,0.0
2024-06-13 12:30:00-04:00,2.0999999046325684,2.0999999046325684,2.0799999237060547,2.0850000381469727,3360,0.0,0.0
2024-06-13 13:30:00-04:00,2.089900016784668,2.0999999046325684,2.0850000381469727,2.0999999046325684,7133,0.0,0.0
2024-06-13 14:30:00-04:00,2.0920000076293945,2.1500000953674316,2.0920000076293945,2.1500000953674316,7738,0.0,0.0
2024-06-13 15:30:00-04:00,2.140000104904175,2.1600000858306885,2.119999885559082,2.125,4956,0.0,0.0
2024-06-14 09:30:00-04:00,2.1500000953674316,2.1500000953674316,1.909999966621399,2.009999990463257,146597,0.0,0.0
2024-06-14 10:30:00-04:00,2.009999990463257,2.0399999618530273,1.9901000261306763,2.015000104904175,21848,0.0,0.0
2024-06-14 11:30:00-04:00,2.009999990463257,2.049999952316284,2.009999990463257,2.009999990463257,16036,0.0,0.0
2024-06-14 12:30:00-04:00,2.015000104904175,2.0250000953674316,2.0,2.009999990463257,16633,0.0,0.0
2024-06-14 13:30:00-04:00,2.009999990463257,2.009999990463257,1.9900000095367432,1.9900000095367432,17004,0.0,0.0
2024-06-14 14:30:00-04:00,2.0,2.0299999713897705,1.9900000095367432,1.9997999668121338,25168,0.0,0.0
2024-06-14 15:30:00-04:00,1.9950000047683716,2.0399999618530273,1.9950000047683716,2.0299999713897705,17812,0.0,0.0
2024-06-17 09:30:00-04:00,2.0,2.049999952316284,2.0,2.0399999618530273,8190,0.0,0.0
2024-06-17 10:30:00-04:00,2.0099000930786133,2.009999990463257,1.9600000381469727,1.9700000286102295,21389,0.0,0.0
2024-06-17 11:30:00-04:00,1.9700000286102295,1.9700000286102295,1.9500000476837158,1.9500999450683594,54377,0.0,0.0
2024-06-17 12:30:00-04:00,1.9600000381469727,2.0199999809265137,1.9550000429153442,1.9900000095367432,103584,0.0,0.0
2024-06-17 13:30:00-04:00,1.988700032234192,2.0100998878479004,1.9860999584197998,2.009999990463257,26792,0.0,0.0
2024-06-17 14:30:00-04:00,2.0199999809265137,2.0299999713897705,2.012200117111206,2.01990008354187,10911,0.0,0.0
2024-06-17 15:30:00-04:00,2.0299999713897705,2.0299999713897705,2.0,2.0,12880,0.0,0.0
2024-06-18 09:30:00-04:00,2.0,2.06469988822937,1.9800000190734863,1.9800000190734863,17665,0.0,0.0
2024-06-18 10:30:00-04:00,1.9800000190734863,1.9850000143051147,1.9299999475479126,1.9700000286102295,33697,0.0,0.0
2024-06-18 11:30:00-04:00,1.9800000190734863,1.9801000356674194,1.9700000286102295,1.9700000286102295,13439,0.0,0.0
2024-06-18 12:30:00-04:00,1.9800000190734863,1.9800000190734863,1.9699000120162964,1.9699000120162964,6758,0.0,0.0
2024-06-18 13:30:00-04:00,1.9600000381469727,1.9600000381469727,1.934999942779541,1.9393999576568604,19318,0.0,0.0
2024-06-18 14:30:00-04:00,1.9399000406265259,1.9600000381469727,1.909999966621399,1.910099983215332,23241,0.0,0.0
2024-06-18 15:30:00-04:00,1.909999966621399,1.9249999523162842,1.8899999856948853,1.8899999856948853,39621,0.0,0.0
2024-06-20 09:30:00-04:00,1.8799999952316284,1.940000057220459,1.8550000190734863,1.8550000190734863,22114,0.0,0.0
2024-06-20 10:30:00-04:00,1.8550000190734863,1.8788000345230103,1.809999942779541,1.8660999536514282,28768,0.0,0.0
2024-06-20 11:30:00-04:00,1.8799999952316284,1.899899959564209,1.8700000047683716,1.8898999691009521,7107,0.0,0.0
2024-06-20 12:30:00-04:00,1.8774000406265259,1.8799999952316284,1.851199984550476,1.8598999977111816,9028,0.0,0.0
2024-06-20 13:30:00-04:00,1.871000051498413,1.8899999856948853,1.8401000499725342,1.8401999473571777,10418,0.0,0.0
2024-06-20 14:30:00-04:00,1.8450000286102295,1.8600000143051147,1.8200000524520874,1.850000023841858,18216,0.0,0.0
2024-06-20 15:30:00-04:00,1.850100040435791,1.8899999856948853,1.850100040435791,1.8849999904632568,8456,0.0,0.0
2024-06-21 09:30:00-04:00,1.850000023841858,1.8799999952316284,1.75,1.8300000429153442,70648,0.0,0.0
2024-06-21 10:30:00-04:00,1.8289999961853027,1.840000033378601,1.8200000524520874,1.8300000429153442,21123,0.0,0.0
2024-06-21 11:30:00-04:00,1.850000023841858,1.86899995803833,1.8309999704360962,1.840000033378601,5576,0.0,0.0
2024-06-21 12:30:00-04:00,1.850000023841858,1.8600000143051147,1.840000033378601,1.850000023841858,6713,0.0,0.0
2024-06-21 13:30:00-04:00,1.8450000286102295,1.8680000305175781,1.8450000286102295,1.8600000143051147,4858,0.0,0.0
2024-06-21 14:30:00-04:00,1.8650000095367432,1.8880000114440918,1.840000033378601,1.850100040435791,7423,0.0,0.0
2024-06-21 15:30:00-04:00,1.8680000305175781,1.9500000476837158,1.8600000143051147,1.9500000476837158,37007,0.0,0.0
2024-06-24 09:30:00-04:00,1.9500000476837158,1.9800000190734863,1.9199999570846558,1.9550000429153442,47762,0.0,0.0
2024-06-24 10:30:00-04:00,1.9599000215530396,1.9600000381469727,1.9450000524520874,1.9450000524520874,14765,0.0,0.0
2024-06-24 11:30:00-04:00,1.9450000524520874,1.9500000476837158,1.9249999523162842,1.9363000392913818,32362,0.0,0.0
2024-06-24 12:30:00-04:00,1.940000057220459,1.940000057220459,1.9200999736785889,1.9249999523162842,3043,0.0,0.0
2024-06-24 13:30:00-04:00,1.9200999736785889,1.9299999475479126,1.910099983215332,1.910099983215332,4954,0.0,0.0
2024-06-24 14:30:00-04:00,1.9149999618530273,1.9199999570846558,1.909999966621399,1.909999966621399,4809,0.0,0.0
2024-06-24 15:30:00-04:00,1.9235999584197998,1.9299999475479126,1.899999976158142,1.909999966621399,8678,0.0,0.0
2024-06-25 09:30:00-04:00,1.8600000143051147,1.9500000476837158,1.850000023841858,1.896299958229065,23344,0.0,0.0
2024-06-25 10:30:00-04:00,1.8899999856948853,1.909999966621399,1.8899999856948853,1.909999966621399,4218,0.0,0.0
2024-06-25 11:30:00-04:00,1.8902000188827515,1.899999976158142,1.8653000593185425,1.8653000593185425,11359,0.0,0.0
2024-06-25 12:30:00-04:00,1.8601000308990479,1.8799999952316284,1.850100040435791,1.8650000095367432,25058,0.0,0.0
2024-06-25 13:30:00-04:00,1.8698999881744385,1.8899999856948853,1.8650000095367432,1.8701000213623047,7318,0.0,0.0
2024-06-25 14:30:00-04:00,1.875,1.8899999856948853,1.8701000213623047,1.8899999856948853,8481,0.0,0.0
2024-06-25 15:30:00-04:00,1.899899959564209,1.9033000469207764,1.8799999952316284,1.8980000019073486,31481,0.0,0.0
2024-06-26 09:30:00-04:00,1.850000023841858,1.9499000310897827,1.8367999792099,1.9199999570846558,22890,0.0,0.0
2024-06-26 10:30:00-04:00,1.9199999570846558,1.9199999570846558,1.9103000164031982,1.9199999570846558,2925,0.0,0.0
2024-06-26 11:30:00-04:00,1.9299999475479126,1.9491000175476074,1.909999966621399,1.934999942779541,22131,0.0,0.0
2024-06-26 12:30:00-04:00,1.9427000284194946,1.9600000381469727,1.9301999807357788,1.9600000381469727,24077,0.0,0.0
2024-06-26 13:30:00-04:00,1.9800000190734863,1.9900000095367432,1.965000033378601,1.965000033378601,17407,0.0,0.0
2024-06-26 14:30:00-04:00,1.9800000190734863,1.9800000190734863,1.9773999452590942,1.9800000190734863,1712,0.0,0.0
2024-06-26 15:30:00-04:00,1.9700000286102295,2.0299999713897705,1.9700000286102295,2.0199999809265137,24776,0.0,0.0
2024-06-27 09:30:00-04:00,2.0399999618530273,2.1098999977111816,1.9800000190734863,2.0999999046325684,52697,0.0,0.0
2024-06-27 10:30:00-04:00,2.0999999046325684,2.0999999046325684,2.0799999237060547,2.0799999237060547,9018,0.0,0.0
2024-06-27 11:30:00-04:00,2.0899999141693115,2.0999999046325684,2.0899999141693115,2.0950000286102295,10254,0.0,0.0
2024-06-27 12:30:00-04:00,2.0950000286102295,2.0950000286102295,2.0350000858306885,2.0350000858306885,8885,0.0,0.0
2024-06-27 13:30:00-04:00,2.0299999713897705,2.0399999618530273,2.009999990463257,2.0199999809265137,7267,0.0,0.0
2024-06-27 14:30:00-04:00,2.009999990463257,2.0299999713897705,2.009999990463257,2.0199999809265137,7337,0.0,0.0
2024-06-27 15:30:00-04:00,2.0239999294281006,2.0299999713897705,2.0,2.010999917984009,13617,0.0,0.0
2024-06-28 09:30:00-04:00,2.0399999618530273,2.069999933242798,2.009999990463257,2.009999990463257,11632,0.0,0.0
2024-06-28 10:30:00-04:00,1.9901000261306763,2.009999990463257,1.9901000261306763,2.009999990463257,14031,0.0,0.0
2024-06-28 11:30:00-04:00,2.015000104904175,2.0689001083374023,2.015000104904175,2.0399999618530273,19942,0.0,0.0
2024-06-28 12:30:00-04:00,2.009999990463257,2.0299999713897705,2.0,2.0,13282,0.0,0.0
2024-06-28 13:30:00-04:00,2.0,2.0,1.9500000476837158,1.975000023841858,17262,0.0,0.0
2024-06-28 14:30:00-04:00,1.9600000381469727,2.0,1.940000057220459,2.0,11850,0.0,0.0
2024-06-28 15:30:00-04:00,2.0,2.009999990463257,1.980299949645996,1.9900000095367432,8420,0.0,0.0
2024-07-01 09:30:00-04:00,2.0399999618530273,2.049999952316284,1.9700000286102295,1.9809000492095947,47921,0.0,0.0
2024-07-01 10:30:00-04:00,1.9900000095367432,2.0,1.940000057220459,1.9500000476837158,40221,0.0,0.0
2024-07-01 11:30:00-04:00,1.9234999418258667,1.9399000406265259,1.899999976158142,1.9155999422073364,18243,0.0,0.0
2024-07-01 12:30:00-04:00,1.920699954032898,1.9256000518798828,1.920699954032898,1.9249999523162842,1218,0.0,0.0
2024-07-01 13:30:00-04:00,1.9199999570846558,1.9199999570846558,1.899999976158142,1.909999966621399,4019,0.0,0.0
2024-07-01 14:30:00-04:00,1.9050999879837036,1.9198999404907227,1.899999976158142,1.909999966621399,7416,0.0,0.0
2024-07-01 15:30:00-04:00,1.909999966621399,1.9450000524520874,1.909999966621399,1.940000057220459,16511,0.0,0.0
2024-07-02 09:30:00-04:00,1.9299999475479126,1.9700000286102295,1.899999976158142,1.9199999570846558,29043,0.0,0.0
2024-07-02 10:30:00-04:00,1.902400016784668,1.9900000095367432,1.899899959564209,1.9500000476837158,20572,0.0,0.0
2024-07-02 11:30:00-04:00,1.9900000095367432,2.0199999809265137,1.975000023841858,1.9901000261306763,18925,0.0,0.0
2024-07-02 12:30:00-04:00,1.9700000286102295,1.9900000095367432,1.9700000286102295,1.9800000190734863,12500,0.0,0.0
2024-07-02 13:30:00-04:00,1.9900000095367432,2.0,1.9800000190734863,2.0,3048,0.0,0.0
2024-07-02 14:30:00-04:00,1.9846999645233154,2.0,1.9800000190734863,2.0,11899,0.0,0.0
2024-07-02 15:30:00-04:00,1.9950000047683716,2.0,1.9600000381469727,1.9700000286102295,11795,0.0,0.0
2024-07-03 09:30:00-04:00,1.9600000381469727,1.9600000381469727,1.9200999736785889,1.940000057220459,0,0.0,0.0
2024-07-03 10:30:00-04:00,1.940000057220459,1.9599000215530396,1.940000057220459,1.940000057220459,16000,0.0,0.0
2024-07-03 11:30:00-04:00,1.9479999542236328,1.9591000080108643,1.9400999546051025,1.9401999711990356,9858,0.0,0.0
2024-07-05 09:30:00-04:00,1.940000057220459,1.9600000381469727,1.899999976158142,1.9000999927520752,2154,0.0,0.0
2024-07-05 10:30:00-04:00,1.9149999618530273,1.9149999618530273,1.899999976158142,1.899999976158142,12639,0.0,0.0
2024-07-05 11:30:00-04:00,1.9049999713897705,1.9198999404907227,1.899999976158142,1.909999966621399,13251,0.0,0.0
2024-07-05 12:30:00-04:00,1.899999976158142,1.909999966621399,1.8700000047683716,1.8700000047683716,16928,0.0,0.0
2024-07-05 13:30:00-04:00,1.8702000379562378,1.8849999904632568,1.8700000047683716,1.8799999952316284,12199,0.0,0.0
2024-07-05 14:30:00-04:00,1.8861000537872314,1.8861000537872314,1.8301000595092773,1.8450000286102295,26327,0.0,0.0
2024-07-05 15:30:00-04:00,1.840000033378601,1.8799999952316284,1.7999999523162842,1.8700000047683716,29253,0.0,0.0
2024-07-08 09:30:00-04:00,1.899999976158142,1.899999976158142,1.850000023841858,1.8650000095367432,24505,0.0,0.0
2024-07-08 10:30:00-04:00,1.8601000308990479,1.8799999952316284,1.850000023841858,1.850000023841858,13525,0.0,0.0
2024-07-08 11:30:00-04:00,1.850100040435791,1.8799999952316284,1.8300000429153442,1.8600000143051147,30323,0.0,0.0
2024-07-08 12:30:00-04:00,1.8600000143051147,1.86899995803833,1.8600000143051147,1.86899995803833,5340,0.0,0.0
2024-07-08 13:30:00-04:00,1.8516000509262085,1.8600000143051147,1.850000023841858,1.8550000190734863,1944,0.0,0.0
2024-07-08 14:30:00-04:00,1.8524999618530273,1.8899999856948853,1.8499000072479248,1.875,39785,0.0,0.0
2024-07-08 15:30:00-04:00,1.875,1.909999966621399,1.875,1.9049999713897705,7959,0.0,0.0
2024-07-09 09:30:00-04:00,1.9199999570846558,1.965000033378601,1.909999966621399,1.9299999475479126,27513,0.0,0.0
2024-07-09 10:30:00-04:00,1.9149999618530273,1.9299999475479126,1.8799999952316284,1.899999976158142,24392,0.0,0.0
2024-07-09 11:30:00-04:00,1.899999976158142,1.9199999570846558,1.8919999599456787,1.9190000295639038,16855,0.0,0.0
2024-07-09 12:30:00-04:00,1.9198999404907227,1.9700000286102295,1.9198999404907227,1.9700000286102295,21751,0.0,0.0
2024-07-09 13:30:00-04:00,1.9601000547409058,1.9700000286102295,1.9545999765396118,1.9600000381469727,18461,0.0,0.0
2024-07-09 14:30:00-04:00,1.9700000286102295,1.9900000095367432,1.940000057220459,1.9800000190734863,15687,0.0,0.0
2024-07-09 15:30:00-04:00,1.9800000190734863,1.9800000190734863,1.9500000476837158,1.9543999433517456,16497,0.0,0.0
2024-07-10 09:30:00-04:00,1.9299999475479126,1.9900000095367432,1.9299999475479126,1.9800000190734863,17362,0.0,0.0
2024-07-10 10:30:00-04:00,1.9500000476837158,1.9850000143051147,1.9500000476837158,1.9850000143051147,8298,0.0,0.0
2024-07-10 11:30:00-04:00,1.98989999294281,2.0,1.9700000286102295,1.9900000095367432,13039,0.0,0.0
2024-07-10 12:30:00-04:00,2.0,2.0199999809265137,1.9900000095367432,2.005000114440918,14704,0.0,0.0
2024-07-10 13:30:00-04:00,2.0,2.0006000995635986,1.9800000190734863,1.9800000190734863,6892,0.0,0.0
2024-07-10 14:30:00-04:00,1.9799000024795532,1.9800000190734863,1.9700000286102295,1.9707000255584717,2440,0.0,0.0
2024-07-10 15:30:00-04:00,1.9800000190734863,1.9900000095367432,1.975000023841858,1.9800000190734863,5424,0.0,0.0
2024-07-11 09:30:00-04:00,1.9900000095367432,2.11929988861084,1.982699990272522,2.0799999237060547,108678,0.0,0.0
2024-07-11 10:30:00-04:00,2.059799909591675,2.0799999237060547,2.0404999256134033,2.069999933242798,12569,0.0,0.0
2024-07-11 11:30:00-04:00,2.059999942779541,2.109999895095825,2.050100088119507,2.090100049972534,52058,0.0,0.0
2024-07-11 12:30:00-04:00,2.0931999683380127,2.200000047683716,2.0931999683380127,2.197999954223633,40681,0.0,0.0
2024-07-11 13:30:00-04:00,2.200000047683716,2.25,2.1628000736236572,2.25,51336,0.0,0.0
2024-07-11 14:30:00-04:00,2.240499973297119,2.25,2.2107999324798584,2.2253000736236572,36464,0.0,0.0
2024-07-11 15:30:00-04:00,2.2249999046325684,2.240000009536743,2.180000066757202,2.240000009536743,40406,0.0,0.0
2024-07-12 09:30:00-04:00,2.2699999809265137,2.2887001037597656,2.119999885559082,2.2100000381469727,35960,0.0,0.0
2024-07-12 10:30:00-04:00,2.1867001056671143,2.1867001056671143,2.0799999237060547,2.1698999404907227,46938,0.0,0.0
2024-07-12 11:30:00-04:00,2.180000066757202,2.25,2.1700000762939453,2.2149999141693115,38151,0.0,0.0
2024-07-12 12:30:00-04:00,2.2300000190734863,2.2300000190734863,2.194999933242798,2.2049999237060547,6532,0.0,0.0
2024-07-12 13:30:00-04:00,2.200000047683716,2.200000047683716,2.180000066757202,2.192199945449829,4385,0.0,0.0
2024-07-12 14:30:00-04:00,2.180000066757202,2.200000047683716,2.131500005722046,2.190000057220459,24029,0.0,0.0
2024-07-12 15:30:00-04:00,2.190000057220459,2.200000047683716,2.1800999641418457,2.194999933242798,9802,0.0,0.0
2024-07-15 09:30:00-04:00,2.2200000286102295,2.240000009536743,2.160099983215332,2.180000066757202,49875,0.0,0.0
2024-07-15 10:30:00-04:00,2.200000047683716,2.2200000286102295,2.1800999641418457,2.190000057220459,16717,0.0,0.0
2024-07-15 11:30:00-04:00,2.180799961090088,2.190000057220459,2.1600000858306885,2.190000057220459,27305,0.0,0.0
2024-07-15 12:30:00-04:00,2.1700000762939453,2.1884000301361084,2.1700000762939453,2.180000066757202,8116,0.0,0.0
2024-07-15 13:30:00-04:00,2.170099973678589,2.1717000007629395,2.170099973678589,2.1717000007629395,1035,0.0,0.0
2024-07-15 14:30:00-04:00,2.190000057220459,2.2100000381469727,2.1821000576019287,2.1854000091552734,7356,0.0,0.0
2024-07-15 15:30:00-04:00,2.2100000381469727,2.2100000381469727,2.180000066757202,2.180000066757202,5160,0.0,0.0
2024-07-16 09:30:00-04:00,2.200000047683716,2.2797000408172607,2.200000047683716,2.259999990463257,60719,0.0,0.0
2024-07-16 10:30:00-04:00,2.2695000171661377,2.279900074005127,2.260499954223633,2.2697999477386475,8251,0.0,0.0
2024-07-16 11:30:00-04:00,2.2699999809265137,2.2699999809265137,2.250200033187866,2.259999990463257,11802,0.0,0.0
2024-07-16 12:30:00-04:00,2.265000104904175,2.279900074005127,2.265000104904175,2.279900074005127,6284,0.0,0.0
2024-07-16 13:30:00-04:00,2.2799999713897705,2.2899999618530273,2.25,2.25,16379,0.0,0.0
2024-07-16 14:30:00-04:00,2.25,2.2500998973846436,2.2100000381469727,2.2172999382019043,24213,0.0,0.0
2024-07-16 15:30:00-04:00,2.2151999473571777,2.2399001121520996,2.2149999141693115,2.234999895095825,11212,0.0,0.0
2024-07-17 09:30:00-04:00,2.200000047683716,2.2699999809265137,2.1700000762939453,2.255000114440918,22129,0.0,0.0
2024-07-17 10:30:00-04:00,2.244999885559082,2.2699999809265137,2.22160005569458,2.22160005569458,5358,0.0,0.0
2024-07-17 11:30:00-04:00,2.2200000286102295,2.2200000286102295,2.1500000953674316,2.1700000762939453,11821,0.0,0.0
2024-07-17 12:30:00-04:00,2.1649999618530273,2.1805999279022217,2.1500000953674316,2.1500000953674316,8726,0.0,0.0
2024-07-17 13:30:00-04:00,2.1700000762939453,2.192199945449829,2.1700000762939453,2.183199882507324,3736,0.0,0.0
2024-07-17 14:30:00-04:00,2.180000066757202,2.190000057220459,2.1700000762939453,2.170099973678589,7805,0.0,0.0
2024-07-17 15:30:00-04:00,2.1700000762939453,2.1898999214172363,2.1600000858306885,2.1600000858306885,5791,0.0,0.0
2024-07-18 09:30:00-04:00,2.180000066757202,2.2298998832702637,2.1524999141693115,2.190000057220459,42777,0.0,0.0
2024-07-18 10:30:00-04:00,2.189500093460083,2.190000057220459,2.1050000190734863,2.1050000190734863,15955,0.0,0.0
2024-07-18 11:30:00-04:00,2.106100082397461,2.109999895095825,2.0899999141693115,2.1092000007629395,8410,0.0,0.0
2024-07-18 12:30:00-04:00,2.0899999141693115,2.0999999046325684,2.0799999237060547,2.0999999046325684,12689,0.0,0.0
2024-07-18 13:30:00-04:00,2.0950000286102295,2.0992000102996826,2.059999942779541,2.059999942779541,7659,0.0,0.0
2024-07-18 14:30:00-04:00,2.084700107574463,2.0999999046325684,2.059999942779541,2.0683000087738037,17039,0.0,0.0
2024-07-18 15:30:00-04:00,2.0699000358581543,2.0999999046325684,2.065200090408325,2.0899999141693115,8370,0.0,0.0
2024-07-19 09:30:00-04:00,2.069999933242798,2.089900016784668,2.0,2.0838000774383545,28964,0.0,0.0
2024-07-19 10:30:00-04:00,2.0899999141693115,2.0899999141693115,2.049999952316284,2.050100088119507,3378,0.0,0.0
2024-07-19 11:30:00-04:00,2.0524001121520996,2.0524001121520996,2.038300037384033,2.0508999824523926,3944,0.0,0.0
2024-07-19 12:30:00-04:00,2.049999952316284,2.0699000358581543,2.049999952316284,2.0564000606536865,2053,0.0,0.0
2024-07-19 13:30:00-04:00,2.059999942779541,2.069999933242798,2.059999942779541,2.065700054168701,2174,0.0,0.0
2024-07-19 14:30:00-04:00,2.0799999237060547,2.0799999237060547,2.069999933242798,2.069999933242798,1404,0.0,0.0
2024-07-19 15:30:00-04:00,2.109999895095825,2.1500000953674316,2.109999895095825,2.130000114440918,10566,0.0,0.0
2024-07-22 09:30:00-04:00,2.140000104904175,2.140000104904175,1.9800000190734863,2.049999952316284,73393,0.0,0.0
2024-07-22 10:30:00-04:00,2.0497000217437744,2.0699000358581543,2.04010009765625,2.04010009765625,4959,0.0,0.0
2024-07-22 11:30:00-04:00,2.0560998916625977,2.069999933242798,2.0299999713897705,2.04229998588562,12200,0.0,0.0
2024-07-22 12:30:00-04:00,2.055000066757202,2.0694000720977783,2.0541999340057373,2.059999942779541,14327,0.0,0.0
2024-07-22 13:30:00-04:00,2.081700086593628,2.081700086593628,2.060699939727783,2.069999933242798,9548,0.0,0.0
2024-07-22 14:30:00-04:00,2.0899999141693115,2.140000104904175,2.0899999141693115,2.140000104904175,5976,0.0,0.0
2024-07-22 15:30:00-04:00,2.130000114440918,2.1600000858306885,2.119999885559082,2.119999885559082,13744,0.0,0.0
2024-07-23 09:30:00-04:00,2.200000047683716,2.2200000286102295,2.119999885559082,2.2049999237060547,69304,0.0,0.0
2024-07-23 10:30:00-04:00,2.200000047683716,2.2035000324249268,2.1500000953674316,2.1600000858306885,15453,0.0,0.0
2024-07-23 11:30:00-04:00,2.1700000762939453,2.2100000381469727,2.1700000762939453,2.1840999126434326,14812,0.0,0.0
2024-07-23 12:30:00-04:00,2.184999942779541,2.200000047683716,2.1700000762939453,2.190000057220459,7162,0.0,0.0
2024-07-23 13:30:00-04:00,2.199899911880493,2.2100000381469727,2.190000057220459,2.2100000381469727,13000,0.0,0.0
2024-07-23 14:30:00-04:00,2.2100000381469727,2.2799999713897705,2.2007999420166016,2.25,33752,0.0,0.0
2024-07-23 15:30:00-04:00,2.238800048828125,2.25,2.1900999546051025,2.2200000286102295,21154,0.0,0.0
2024-07-24 09:30:00-04:00,2.2200000286102295,2.2499001026153564,2.190000057220459,2.2249999046325684,23210,0.0,0.0
2024-07-24 10:30:00-04:00,2.2100000381469727,2.2149999141693115,2.1500000953674316,2.1500000953674316,28070,0.0,0.0
2024-07-24 11:30:00-04:00,2.1500000953674316,2.180000066757202,2.109999895095825,2.1500000953674316,16340,0.0,0.0
2024-07-24 12:30:00-04:00,2.1700000762939453,2.1700000762939453,2.1140999794006348,2.1140999794006348,66181,0.0,0.0
2024-07-24 13:30:00-04:00,2.109999895095825,2.119999885559082,2.0899999141693115,2.0985000133514404,7996,0.0,0.0
2024-07-24 14:30:00-04:00,2.0799999237060547,2.0799999237060547,2.009999990463257,2.0199999809265137,15026,0.0,0.0
2024-07-24 15:30:00-04:00,2.0299999713897705,2.0399999618530273,2.0199999809265137,2.0199999809265137,16315,0.0,0.0
2024-07-25 09:30:00-04:00,2.069999933242798,2.0999999046325684,2.009999990463257,2.0999999046325684,11255,0.0,0.0
2024-07-25 10:30:00-04:00,2.119999885559082,2.119999885559082,2.069999933242798,2.069999933242798,25981,0.0,0.0
2024-07-25 11:30:00-04:00,2.089900016784668,2.089900016784668,2.065000057220459,2.065000057220459,1402,0.0,0.0
2024-07-25 12:30:00-04:00,2.066800117492676,2.066800117492676,2.0299999713897705,2.039400100708008,12055,0.0,0.0
2024-07-25 13:30:00-04:00,2.0350000858306885,2.0673000812530518,2.0350000858306885,2.0673000812530518,10678,0.0,0.0
2024-07-25 14:30:00-04:00,2.077500104904175,2.0799999237060547,2.062000036239624,2.069999933242798,2981,0.0,0.0
2024-07-25 15:30:00-04:00,2.059999942779541,2.0850000381469727,2.049999952316284,2.0799999237060547,10460,0.0,0.0
2024-07-26 09:30:00-04:00,2.109999895095825,2.140000104904175,2.1075000762939453,2.130000114440918,8868,0.0,0.0
2024-07-26 10:30:00-04:00,2.1198999881744385,2.1198999881744385,2.0957999229431152,2.1050000190734863,2485,0.0,0.0
2024-07-26 11:30:00-04:00,2.109999895095825,2.1314001083374023,2.109999895095825,2.127000093460083,3930,0.0,0.0
2024-07-26 12:30:00-04:00,2.100100040435791,2.130000114440918,2.100100040435791,2.119999885559082,13174,0.0,0.0
2024-07-26 13:30:00-04:00,2.0999999046325684,2.109999895095825,2.091099977493286,2.1050000190734863,3841,0.0,0.0
2024-07-26 14:30:00-04:00,2.0999999046325684,2.109999895095825,2.0999999046325684,2.109999895095825,210,0.0,0.0
2024-07-26 15:30:00-04:00,2.0999999046325684,2.109999895095825,2.0927000045776367,2.109999895095825,3064,0.0,0.0
2024-07-29 09:30:00-04:00,2.140000104904175,2.200000047683716,2.119999885559082,2.1500000953674316,36313,0.0,0.0
2024-07-29 10:30:00-04:00,2.1500000953674316,2.1500000953674316,2.119999885559082,2.1500000953674316,1318,0.0,0.0
2024-07-29 11:30:00-04:00,2.1500000953674316,2.1700000762939453,2.1500000953674316,2.1698999404907227,2120,0.0,0.0
2024-07-29 12:30:00-04:00,2.1700000762939453,2.1898999214172363,2.1500000953674316,2.1500000953674316,10278,0.0,0.0
2024-07-29 13:30:00-04:00,2.140000104904175,2.1500000953674316,2.119999885559082,2.140000104904175,5854,0.0,0.0
2024-07-29 14:30:00-04:00,2.1500000953674316,2.1600000858306885,2.1500000953674316,2.1500000953674316,2562,0.0,0.0
2024-07-29 15:30:00-04:00,2.1500000953674316,2.1700000762939453,2.130000114440918,2.1500000953674316,13146,0.0,0.0
2024-07-30 09:30:00-04:00,2.200000047683716,2.200000047683716,2.0601000785827637,2.109999895095825,21424,0.0,0.0
2024-07-30 10:30:00-04:00,2.117799997329712,2.119999885559082,2.049999952316284,2.059999942779541,31932,0.0,0.0
2024-07-30 11:30:00-04:00,2.059999942779541,2.1050000190734863,2.059999942779541,2.0985000133514404,27213,0.0,0.0
2024-07-30 12:30:00-04:00,2.0799999237060547,2.0799999237060547,2.069999933242798,2.0790998935699463,2336,0.0,0.0
2024-07-30 13:30:00-04:00,2.075000047683716,2.075000047683716,2.049999952316284,2.049999952316284,23933,0.0,0.0
2024-07-30 14:30:00-04:00,2.055000066757202,2.130000114440918,2.055000066757202,2.109999895095825,68774,0.0,0.0
2024-07-30 15:30:00-04:00,2.1298999786376953,2.130000114440918,2.110100030899048,2.119999885559082,3099,0.0,0.0
2024-07-31 09:30:00-04:00,2.119999885559082,2.119999885559082,2.049999952316284,2.049999952316284,9444,0.0,0.0
2024-07-31 10:30:00-04:00,2.0799999237060547,2.200000047683716,2.0799999237060547,2.1491000652313232,49301,0.0,0.0
2024-07-31 11:30:00-04:00,2.1449999809265137,2.1700000762939453,2.130000114440918,2.130000114440918,3194,0.0,0.0
2024-07-31 12:30:00-04:00,2.114799976348877,2.119999885559082,2.114799976348877,2.119999885559082,2388,0.0,0.0
2024-07-31 13:30:00-04:00,2.140000104904175,2.140000104904175,2.1201000213623047,2.130000114440918,2018,0.0,0.0
2024-07-31 14:30:00-04:00,2.125,2.200000047683716,2.125,2.180299997329712,14379,0.0,0.0
2024-07-31 15:30:00-04:00,2.1600000858306885,2.1644999980926514,2.119999885559082,2.140000104904175,6982,0.0,0.0
2024-08-01 09:30:00-04:00,2.109999895095825,2.130000114440918,2.069999933242798,2.0810999870300293,40996,0.0,0.0
2024-08-01 10:30:00-04:00,2.089600086212158,2.0999999046325684,2.0801000595092773,2.0801000595092773,12944,0.0,0.0
2024-08-01 11:30:00-04:00,2.089900016784668,2.099900007247925,2.0799999237060547,2.0831000804901123,3115,0.0,0.0
2024-08-01 12:30:00-04:00,2.0799999237060547,2.0899999141693115,2.0799999237060547,2.0899999141693115,5766,0.0,0.0
2024-08-01 13:30:00-04:00,2.069999933242798,2.069999933242798,2.0350000858306885,2.055000066757202,49376,0.0,0.0
2024-08-01 14:30:00-04:00,2.079900026321411,2.079900026321411,2.0199999809265137,2.0199999809265137,18877,0.0,0.0
2024-08-01 15:30:00-04:00,2.0199999809265137,2.0399999618530273,2.0199999809265137,2.0399999618530273,3000,0.0,0.0
2024-08-02 09:30:00-04:00,1.940000057220459,1.9500000476837158,1.8799999952316284,1.8949999809265137,114413,0.0,0.0
2024-08-02 10:30:00-04:00,1.8990000486373901,1.9249999523162842,1.8990000486373901,1.9249999523162842,7830,0.0,0.0
2024-08-02 11:30:00-04:00,1.934999942779541,1.934999942779541,1.9239000082015991,1.9251999855041504,7251,0.0,0.0
2024-08-02 12:30:00-04:00,1.9500000476837158,1.9508999586105347,1.9450000524520874,1.9508999586105347,1348,0.0,0.0
2024-08-02 13:30:00-04:00,1.9600000381469727,1.9600000381469727,1.9509999752044678,1.9600000381469727,6482,0.0,0.0
2024-08-02 14:30:00-04:00,1.9600000381469727,1.9700000286102295,1.940000057220459,1.940000057220459,11885,0.0,0.0
2024-08-02 15:30:00-04:00,1.9600000381469727,1.9600000381469727,1.9199999570846558,1.940000057220459,20624,0.0,0.0
2024-08-05 09:30:00-04:00,1.8799999952316284,1.8899999856948853,1.8217999935150146,1.8899999856948853,93714,0.0,0.0
2024-08-05 10:30:00-04:00,1.8799999952316284,1.8899999856948853,1.850000023841858,1.850000023841858,21854,0.0,0.0
2024-08-05 11:30:00-04:00,1.8700000047683716,1.8798999786376953,1.8600000143051147,1.875,2069,0.0,0.0
2024-08-05 12:30:00-04:00,1.8799999952316284,1.8997999429702759,1.8700000047683716,1.8799999952316284,3841,0.0,0.0
2024-08-05 13:30:00-04:00,1.8801000118255615,1.9049999713897705,1.8799999952316284,1.8899999856948853,6703,0.0,0.0
2024-08-05 14:30:00-04:00,1.8860000371932983,1.9600000381469727,1.8799999952316284,1.9149999618530273,58868,0.0,0.0
2024-08-05 15:30:00-04:00,1.899999976158142,1.9500000476837158,1.850000023841858,1.9199999570846558,34601,0.0,0.0
2024-08-06 09:30:00-04:00,1.9600000381469727,1.9850000143051147,1.8899999856948853,1.940000057220459,17284,0.0,0.0
2024-08-06 10:30:00-04:00,1.9199999570846558,1.9900000095367432,1.899999976158142,1.9500000476837158,21881,0.0,0.0
2024-08-06 11:30:00-04:00,1.9500000476837158,1.9500000476837158,1.899999976158142,1.899999976158142,8459,0.0,0.0
2024-08-06 12:30:00-04:00,1.9199999570846558,1.9299999475479126,1.909999966621399,1.909999966621399,11748,0.0,0.0
2024-08-06 13:30:00-04:00,1.9200999736785889,1.9390000104904175,1.9200999736785889,1.920699954032898,2835,0.0,0.0
2024-08-06 14:30:00-04:00,1.9299999475479126,1.9550000429153442,1.9199999570846558,1.9407999515533447,13186,0.0,0.0
2024-08-06 15:30:00-04:00,1.9199999570846558,1.940000057220459,1.909999966621399,1.9299999475479126,6502,0.0,0.0
2024-08-07 09:30:00-04:00,1.929900050163269,1.940000057220459,1.8701000213623047,1.9014999866485596,38850,0.0,0.0
2024-08-07 10:30:00-04:00,1.8901000022888184,1.940000057220459,1.8901000022888184,1.899999976158142,5115,0.0,0.0
2024-08-07 11:30:00-04:00,1.92330002784729,1.92330002784729,1.9000999927520752,1.909999966621399,14289,0.0,0.0
2024-08-07 12:30:00-04:00,1.899999976158142,1.899999976158142,1.850100040435791,1.8700000047683716,30930,0.0,0.0
2024-08-07 13:30:00-04:00,1.850000023841858,1.8798999786376953,1.840000033378601,1.8798999786376953,27067,0.0,0.0
2024-08-07 14:30:00-04:00,1.8598999977111816,1.8799999952316284,1.840000033378601,1.8600000143051147,9924,0.0,0.0
2024-08-07 15:30:00-04:00,1.8650000095367432,1.8700000047683716,1.8650000095367432,1.8700000047683716,8530,0.0,0.0
2024-08-08 09:30:00-04:00,1.8700000047683716,1.8899999856948853,1.8503999710083008,1.8700000047683716,16496,0.0,0.0
2024-08-08 10:30:00-04:00,1.8700000047683716,1.8899999856948853,1.840000033378601,1.8898999691009521,29749,0.0,0.0
2024-08-08 11:30:00-04:00,1.8899999856948853,1.8899999856948853,1.8899999856948853,1.8899999856948853,1146,0.0,0.0
2024-08-08 12:30:00-04:00,1.8899999856948853,1.8899999856948853,1.8898999691009521,1.8898999691009521,7931,0.0,0.0
2024-08-08 13:30:00-04:00,1.8899999856948853,1.898300051689148,1.8801000118255615,1.898300051689148,515,0.0,0.0
2024-08-08 14:30:00-04:00,1.8799999952316284,1.919100046157837,1.8799999952316284,1.8899999856948853,9733,0.0,0.0
2024-08-08 15:30:00-04:00,1.9098999500274658,1.9249999523162842,1.8899999856948853,1.909999966621399,24882,0.0,0.0
2024-08-09 09:30:00-04:00,1.8899999856948853,1.899999976158142,1.809999942779541,1.8273999691009521,33842,0.0,0.0
2024-08-09 10:30:00-04:00,1.8258999586105347,1.8258999586105347,1.7699999809265137,1.7700999975204468,60898,0.0,0.0
2024-08-09 11:30:00-04:00,1.75,1.784999966621399,1.75,1.7799999713897705,13030,0.0,0.0
2024-08-09 12:30:00-04:00,1.7699999809265137,1.8188999891281128,1.7699999809265137,1.7899999618530273,9565,0.0,0.0
2024-08-09 13:30:00-04:00,1.819000005722046,1.8300000429153442,1.7899999618530273,1.7899999618530273,3442,0.0,0.0
2024-08-09 14:30:00-04:00,1.7899999618530273,1.7979999780654907,1.7699999809265137,1.7699999809265137,3381,0.0,0.0
2024-08-09 15:30:00-04:00,1.7699999809265137,1.7699999809265137,1.75,1.75,20705,0.0,0.0
2024-08-12 09:30:00-04:00,1.7599999904632568,1.8200000524520874,1.75,1.7599999904632568,40667,0.0,0.0
2024-08-12 10:30:00-04:00,1.7799999713897705,1.7800999879837036,1.750100016593933,1.7599999904632568,22082,0.0,0.0
2024-08-12 11:30:00-04:00,1.7599999904632568,1.7799999713897705,1.7549999952316284,1.7750999927520752,39335,0.0,0.0
2024-08-12 12:30:00-04:00,1.7800999879837036,1.7999999523162842,1.7799999713897705,1.7899999618530273,5352,0.0,0.0
2024-08-12 13:30:00-04:00,1.7899999618530273,1.809999942779541,1.7899999618530273,1.7900999784469604,1173,0.0,0.0
2024-08-12 14:30:00-04:00,1.7899999618530273,1.801200032234192,1.7799999713897705,1.7799999713897705,4476,0.0,0.0
2024-08-12 15:30:00-04:00,1.7799999713897705,1.7799999713897705,1.7599999904632568,1.7599999904632568,11558,0.0,0.0
2024-08-13 09:30:00-04:00,1.7999999523162842,1.8000999689102173,1.7599999904632568,1.7599999904632568,25913,0.0,0.0
2024-08-13 10:30:00-04:00,1.7599999904632568,1.7799999713897705,1.750100016593933,1.7723000049591064,8718,0.0,0.0
2024-08-13 11:30:00-04:00,1.7649999856948853,1.7798999547958374,1.7519999742507935,1.7798999547958374,13401,0.0,0.0
2024-08-13 12:30:00-04:00,1.7734999656677246,1.7734999656677246,1.75,1.75,4818,0.0,0.0
2024-08-13 13:30:00-04:00,1.75,1.7598999738693237,1.75,1.75,28823,0.0,0.0
2024-08-13 14:30:00-04:00,1.7598999738693237,1.7598999738693237,1.7100000381469727,1.7207000255584717,32183,0.0,0.0
2024-08-13 15:30:00-04:00,1.715000033378601,1.7300000190734863,1.715000033378601,1.7200000286102295,3931,0.0,0.0
2024-08-14 09:30:00-04:00,1.7400000095367432,1.749899983406067,1.7200000286102295,1.7300000190734863,5006,0.0,0.0
2024-08-14 10:30:00-04:00,1.7229000329971313,1.725000023841858,1.7000000476837158,1.7200000286102295,9885,0.0,0.0
2024-08-14 11:30:00-04:00,1.7039999961853027,1.7039999961853027,1.649999976158142,1.6535999774932861,20878,0.0,0.0
2024-08-14 12:30:00-04:00,1.6399999856948853,1.659999966621399,1.6299999952316284,1.6349999904632568,15035,0.0,0.0
2024-08-14 13:30:00-04:00,1.6349999904632568,1.6699999570846558,1.6349999904632568,1.6699999570846558,33506,0.0,0.0
2024-08-14 14:30:00-04:00,1.6649999618530273,1.6699999570846558,1.649999976158142,1.649999976158142,11504,0.0,0.0
2024-08-14 15:30:00-04:00,1.6584999561309814,1.6698999404907227,1.649999976158142,1.6519999504089355,14104,0.0,0.0
2024-08-15 09:30:00-04:00,1.659999966621399,1.7200000286102295,1.659999966621399,1.7200000286102295,0,0.0,0.0
2024-08-15 10:30:00-04:00,1.7300000190734863,1.7699999809265137,1.7300000190734863,1.7669999599456787,12304,0.0,0.0
2024-08-15 11:30:00-04:00,1.7699999809265137,1.7699999809265137,1.725000023841858,1.7599999904632568,20462,0.0,0.0
2024-08-15 12:30:00-04:00,1.7699999809265137,1.7699999809265137,1.75,1.7553999423980713,16242,0.0,0.0
2024-08-15 13:30:00-04:00,1.7584999799728394,1.7698999643325806,1.7301000356674194,1.7301000356674194,9659,0.0,0.0
2024-08-15 14:30:00-04:00,1.7487000226974487,1.7599999904632568,1.7301000356674194,1.75,7766,0.0,0.0
2024-08-15 15:30:00-04:00,1.75,1.75,1.7000000476837158,1.7201000452041626,20795,0.0,0.0
2024-08-16 09:30:00-04:00,1.7000000476837158,1.7899999618530273,1.7000000476837158,1.771399974822998,27208,0.0,0.0
2024-08-16 10:30:00-04:00,1.7300000190734863,1.75,1.7300000190734863,1.7400000095367432,2025,0.0,0.0
2024-08-16 11:30:00-04:00,1.7483999729156494,1.75,1.7300000190734863,1.75,5823,0.0,0.0
2024-08-16 12:30:00-04:00,1.7599999904632568,1.7599999904632568,1.7000000476837158,1.749899983406067,48983,0.0,0.0
2024-08-16 13:30:00-04:00,1.7400000095367432,1.75,1.715000033378601,1.7300000190734863,4032,0.0,0.0
2024-08-16 14:30:00-04:00,1.7400000095367432,1.7400000095367432,1.7200000286102295,1.7300000190734863,4215,0.0,0.0
2024-08-16 15:30:00-04:00,1.725000023841858,1.7400000095367432,1.7200000286102295,1.7300000190734863,3649,0.0,0.0
2024-08-19 09:30:00-04:00,1.7300000190734863,1.7649999856948853,1.6799999475479126,1.7281999588012695,30737,0.0,0.0
2024-08-19 10:30:00-04:00,1.7100000381469727,1.749899983406067,1.690000057220459,1.749899983406067,9722,0.0,0.0
2024-08-19 11:30:00-04:00,1.7300000190734863,1.7300000190734863,1.690000057220459,1.7100000381469727,12068,0.0,0.0
2024-08-19 12:30:00-04:00,1.7200000286102295,1.7400000095367432,1.7200000286102295,1.7350000143051147,2125,0.0,0.0
2024-08-19 13:30:00-04:00,1.7408000230789185,1.751099944114685,1.7200000286102295,1.75,14749,0.0,0.0
2024-08-19 14:30:00-04:00,1.75,1.7591999769210815,1.7400000095367432,1.7400000095367432,10918,0.0,0.0
2024-08-19 15:30:00-04:00,1.7300000190734863,1.7350000143051147,1.7100000381469727,1.7300000190734863,6445,0.0,0.0
2024-08-20 09:30:00-04:00,1.7000000476837158,1.748900055885315,1.7000000476837158,1.7200000286102295,8051,0.0,0.0
2024-08-20 10:30:00-04:00,1.7297999858856201,1.7890000343322754,1.729699969291687,1.7890000343322754,34450,0.0,0.0
2024-08-20 11:30:00-04:00,1.7899999618530273,1.7899999618530273,1.7599999904632568,1.7599999904632568,6929,0.0,0.0
2024-08-20 12:30:00-04:00,1.736299991607666,1.75,1.736299991607666,1.75,945,0.0,0.0
2024-08-20 13:30:00-04:00,1.7450000047683716,1.7799999713897705,1.7450000047683716,1.7799999713897705,13173,0.0,0.0
2024-08-20 14:30:00-04:00,1.7599999904632568,1.7799999713897705,1.75,1.779099941253662,13452,0.0,0.0
2024-08-20 15:30:00-04:00,1.774999976158142,1.7799999713897705,1.7649999856948853,1.7699999809265137,8694,0.0,0.0
2024-08-21 09:30:00-04:00,1.7400000095367432,1.7888000011444092,1.7400000095367432,1.7799999713897705,35292,0.0,0.0
2024-08-21 10:30:00-04:00,1.7762999534606934,1.7762999534606934,1.7699999809265137,1.7700999975204468,3365,0.0,0.0
2024-08-21 12:30:00-04:00,1.7699999809265137,1.7799999713897705,1.7599999904632568,1.7599999904632568,9469,0.0,0.0
2024-08-21 13:30:00-04:00,1.7599999904632568,1.7799999713897705,1.7599999904632568,1.7799999713897705,6099,0.0,0.0
2024-08-21 14:30:00-04:00,1.774999976158142,1.7799999713897705,1.75,1.7599999904632568,33517,0.0,0.0
2024-08-21 15:30:00-04:00,1.75,1.7899999618530273,1.75,1.7799999713897705,29546,0.0,0.0
2024-08-22 09:30:00-04:00,1.7699999809265137,1.7799999713897705,1.75,1.7515000104904175,11996,0.0,0.0
2024-08-22 10:30:00-04:00,1.7599999904632568,1.76010000705719,1.725000023841858,1.7259999513626099,17072,0.0,0.0
2024-08-22 11:30:00-04:00,1.7201000452041626,1.7300000190734863,1.7100000381469727,1.7300000190734863,19583,0.0,0.0
2024-08-22 12:30:00-04:00,1.7200000286102295,1.7300000190734863,1.7200000286102295,1.7200000286102295,1189,0.0,0.0
2024-08-22 13:30:00-04:00,1.7211999893188477,1.7211999893188477,1.7100000381469727,1.7200000286102295,6245,0.0,0.0
2024-08-22 14:30:00-04:00,1.725000023841858,1.725000023841858,1.7151999473571777,1.7151999473571777,13017,0.0,0.0
2024-08-22 15:30:00-04:00,1.715000033378601,1.715000033378601,1.6799999475479126,1.6799999475479126,14873,0.0,0.0
2024-08-23 09:30:00-04:00,1.6799999475479126,1.7300000190734863,1.659999966621399,1.7000000476837158,50805,0.0,0.0
2024-08-23 10:30:00-04:00,1.7000000476837158,1.715000033378601,1.690000057220459,1.7000000476837158,16180,0.0,0.0
2024-08-23 11:30:00-04:00,1.6970000267028809,1.6970000267028809,1.6699999570846558,1.6799999475479126,59135,0.0,0.0
2024-08-23 12:30:00-04:00,1.6799999475479126,1.690000057220459,1.6699999570846558,1.690000057220459,14520,0.0,0.0
2024-08-23 13:30:00-04:00,1.684999942779541,1.684999942779541,1.6699999570846558,1.6699999570846558,1813,0.0,0.0
2024-08-23 14:30:00-04:00,1.6700999736785889,1.6899000406265259,1.6699999570846558,1.6699999570846558,7662,0.0,0.0
2024-08-23 15:30:00-04:00,1.6729999780654907,1.6899000406265259,1.659999966621399,1.659999966621399,36344,0.0,0.0
2024-08-26 09:30:00-04:00,1.659999966621399,1.6799999475479126,1.6399999856948853,1.6497000455856323,42439,0.0,0.0
2024-08-26 10:30:00-04:00,1.6399999856948853,1.6399999856948853,1.5800000429153442,1.590000033378601,93744,0.0,0.0
2024-08-26 11:30:00-04:00,1.5800000429153442,1.6100000143051147,1.5750000476837158,1.5950000286102295,82839,0.0,0.0
2024-08-26 12:30:00-04:00,1.600000023841858,1.6100000143051147,1.590000033378601,1.600000023841858,6017,0.0,0.0
2024-08-26 13:30:00-04:00,1.6050000190734863,1.6098999977111816,1.5700000524520874,1.5700000524520874,24596,0.0,0.0
2024-08-26 14:30:00-04:00,1.5793999433517456,1.5999000072479248,1.5750000476837158,1.5999000072479248,5963,0.0,0.0
2024-08-26 15:30:00-04:00,1.590000033378601,1.590000033378601,1.5700000524520874,1.5700000524520874,29506,0.0,0.0
2024-08-27 09:30:00-04:00,1.5700000524520874,1.6085000038146973,1.5700000524520874,1.5800000429153442,18099,0.0,0.0
2024-08-27 10:30:00-04:00,1.5800000429153442,1.5800000429153442,1.5449999570846558,1.5449999570846558,48331,0.0,0.0
2024-08-27 11:30:00-04:00,1.5299999713897705,1.5521999597549438,1.5,1.5134999752044678,42160,0.0,0.0
2024-08-27 12:30:00-04:00,1.5195000171661377,1.5398999452590942,1.5099999904632568,1.5199999809265137,10333,0.0,0.0
2024-08-27 13:30:00-04:00,1.5398999452590942,1.5398999452590942,1.5099999904632568,1.51010000705719,37078,0.0,0.0
2024-08-27 14:30:00-04:00,1.5199999809265137,1.5199999809265137,1.4700000286102295,1.4950000047683716,47203,0.0,0.0
2024-08-27 15:30:00-04:00,1.4803999662399292,1.5,1.4800000190734863,1.4800000190734863,12838,0.0,0.0
2024-08-28 09:30:00-04:00,1.5,1.559999942779541,1.5,1.5099999904632568,34784,0.0,0.0
2024-08-28 10:30:00-04:00,1.5199999809265137,1.5199999809265137,1.440000057220459,1.440000057220459,33557,0.0,0.0
2024-08-28 11:30:00-04:00,1.4600000381469727,1.4700000286102295,1.440000057220459,1.4500000476837158,23982,0.0,0.0
2024-08-28 12:30:00-04:00,1.4500000476837158,1.4843000173568726,1.4500000476837158,1.4800000190734863,20591,0.0,0.0
2024-08-28 13:30:00-04:00,1.4800000190734863,1.4800000190734863,1.4500000476837158,1.4500000476837158,24196,0.0,0.0
2024-08-28 14:30:00-04:00,1.4500000476837158,1.472100019454956,1.440000057220459,1.4600000381469727,27991,0.0,0.0
2024-08-28 15:30:00-04:00,1.4600000381469727,1.4900000095367432,1.440000057220459,1.465000033378601,21471,0.0,0.0
2024-08-29 09:30:00-04:00,1.4700000286102295,1.5099999904632568,1.4700000286102295,1.500100016593933,19986,0.0,0.0
2024-08-29 10:30:00-04:00,1.5099999904632568,1.5099999904632568,1.5,1.5073000192642212,13190,0.0,0.0
2024-08-29 11:30:00-04:00,1.5099999904632568,1.5099999904632568,1.4900000095367432,1.5099999904632568,13452,0.0,0.0
2024-08-29 12:30:00-04:00,1.5,1.5149999856948853,1.4931000471115112,1.5,6028,0.0,0.0
2024-08-29 13:30:00-04:00,1.5099999904632568,1.5199999809265137,1.5,1.5,7187,0.0,0.0
2024-08-29 14:30:00-04:00,1.5099999904632568,1.5099999904632568,1.4700000286102295,1.4700000286102295,17307,0.0,0.0
2024-08-29 15:30:00-04:00,1.4700000286102295,1.4700000286102295,1.440000057220459,1.4500000476837158,31334,0.0,0.0
2024-08-30 09:30:00-04:00,1.4500000476837158,1.5399999618530273,1.4500000476837158,1.4800000190734863,28516,0.0,0.0
2024-08-30 10:30:00-04:00,1.4800000190734863,1.48989999294281,1.4600000381469727,1.4673000574111938,19720,0.0,0.0
2024-08-30 11:30:00-04:00,1.4607000350952148,1.4687999486923218,1.4500000476837158,1.4687999486923218,21769,0.0,0.0
2024-08-30 12:30:00-04:00,1.4634000062942505,1.4634000062942505,1.4299999475479126,1.4392000436782837,30142,0.0,0.0
2024-08-30 13:30:00-04:00,1.434999942779541,1.440000057220459,1.4199999570846558,1.4199999570846558,10548,0.0,0.0
2024-08-30 14:30:00-04:00,1.4394999742507935,1.4450000524520874,1.4299999475479126,1.4450000524520874,15865,0.0,0.0
2024-08-30 15:30:00-04:00,1.440000057220459,1.4700000286102295,1.4299999475479126,1.4600000381469727,116290,0.0,0.0
