Datetime,Open,High,Low,Close,Volume,Dividends,Stock Splits,Capital Gains
2022-09-01 09:30:00-04:00,24.84000015258789,24.84000015258789,24.780000686645508,24.780000686645508,0,0.0,0.0,0.0
2022-09-01 10:30:00-04:00,24.799999237060547,24.833200454711914,24.735000610351562,24.780000686645508,414,0.0,0.0,0.0
2022-09-01 11:30:00-04:00,24.84000015258789,24.84000015258789,24.84000015258789,24.84000015258789,334,0.0,0.0,0.0
2022-09-01 13:30:00-04:00,25.010000228881836,25.010000228881836,24.989999771118164,24.989999771118164,550,0.0,0.0,0.0
2022-09-01 14:30:00-04:00,25.020000457763672,25.049999237060547,25.020000457763672,25.049999237060547,300,0.0,0.0,0.0
2022-09-01 15:30:00-04:00,25.020000457763672,25.08340072631836,24.78820037841797,25.08340072631836,300,0.0,0.0,0.0
2022-09-06 12:30:00-04:00,24.770000457763672,24.770000457763672,24.768600463867188,24.768600463867188,287,0.0,0.0,0.0
2022-09-07 09:30:00-04:00,24.780000686645508,24.780000686645508,24.780000686645508,24.780000686645508,42,0.0,0.0,0.0
2022-09-07 12:30:00-04:00,25.040000915527344,25.040000915527344,24.97920036315918,24.97920036315918,1685,0.0,0.0,0.0
2022-09-07 13:30:00-04:00,25.170000076293945,25.191099166870117,25.170000076293945,25.191099166870117,150,0.0,0.0,0.0
2022-09-08 11:30:00-04:00,25.280000686645508,25.280000686645508,25.280000686645508,25.280000686645508,0,0.0,0.0,0.0
2022-09-08 13:30:00-04:00,25.25,25.25,25.25,25.25,100,0.0,0.0,0.0
2022-09-08 15:30:00-04:00,25.299999237060547,25.333999633789062,25.299999237060547,25.333999633789062,100,0.0,0.0,0.0
2022-09-09 09:30:00-04:00,25.530099868774414,25.81450080871582,25.530099868774414,25.81450080871582,232,0.0,0.0,0.0
2022-09-12 10:30:00-04:00,26.0,26.0,26.0,26.0,0,0.0,0.0,0.0
2022-09-12 11:30:00-04:00,26.030000686645508,26.030000686645508,26.0,26.0,207,0.0,0.0,0.0
2022-09-12 14:30:00-04:00,26.0,26.038299560546875,26.0,26.038299560546875,100,0.0,0.0,0.0
2022-09-13 09:30:00-04:00,25.360000610351562,25.41189956665039,25.360000610351562,25.41189956665039,0,0.0,0.0,0.0
2022-09-13 10:30:00-04:00,25.290000915527344,25.290000915527344,25.290000915527344,25.290000915527344,129,0.0,0.0,0.0
2022-09-13 11:30:00-04:00,25.209999084472656,25.209999084472656,25.209999084472656,25.209999084472656,111,0.0,0.0,0.0
2022-09-13 13:30:00-04:00,25.299999237060547,25.299999237060547,25.299999237060547,25.299999237060547,415,0.0,0.0,0.0
2022-09-13 14:30:00-04:00,24.979999542236328,24.979999542236328,24.910400390625,24.910400390625,100,0.0,0.0,0.0
2022-09-14 09:30:00-04:00,25.020000457763672,25.020000457763672,24.90999984741211,24.90999984741211,0,0.0,0.0,0.0
2022-09-14 10:30:00-04:00,25.020000457763672,25.020000457763672,25.020000457763672,25.020000457763672,150,0.0,0.0,0.0
2022-09-14 11:30:00-04:00,25.040000915527344,25.040000915527344,25.040000915527344,25.040000915527344,100,0.0,0.0,0.0
2022-09-14 13:30:00-04:00,24.988000869750977,24.988000869750977,24.988000869750977,24.988000869750977,100,0.0,0.0,0.0
2022-09-14 14:30:00-04:00,24.850000381469727,25.010000228881836,24.850000381469727,25.010000228881836,100,0.0,0.0,0.0
2022-09-15 09:30:00-04:00,25.040000915527344,25.040000915527344,25.040000915527344,25.040000915527344,0,0.0,0.0,0.0
2022-09-15 10:30:00-04:00,24.920000076293945,24.920000076293945,24.920000076293945,24.920000076293945,119,0.0,0.0,0.0
2022-09-15 12:30:00-04:00,24.950000762939453,24.950000762939453,24.950000762939453,24.950000762939453,400,0.0,0.0,0.0
2022-09-15 13:30:00-04:00,24.979999542236328,24.979999542236328,24.979999542236328,24.979999542236328,100,0.0,0.0,0.0
2022-09-15 14:30:00-04:00,24.670000076293945,24.747800827026367,24.670000076293945,24.747800827026367,100,0.0,0.0,0.0
2022-09-16 09:30:00-04:00,24.364999771118164,24.40999984741211,24.239999771118164,24.40399932861328,2494,0.0,0.0,0.0
2022-09-16 10:30:00-04:00,24.43000030517578,24.43000030517578,24.43000030517578,24.43000030517578,100,0.0,0.0,0.0
2022-09-16 14:30:00-04:00,24.510000228881836,24.510000228881836,24.484800338745117,24.484800338745117,100,0.0,0.0,0.0
2022-09-19 10:30:00-04:00,24.405500411987305,24.420000076293945,24.405500411987305,24.420000076293945,203,0.0,0.0,0.0
2022-09-19 12:30:00-04:00,24.450000762939453,24.450000762939453,24.450000762939453,24.450000762939453,160,0.0,0.0,0.0
2022-09-19 14:30:00-04:00,24.579999923706055,24.610000610351562,24.579999923706055,24.610000610351562,229,0.0,0.0,0.0
2022-09-19 15:30:00-04:00,24.59000015258789,24.59000015258789,24.58489990234375,24.58489990234375,100,0.0,0.0,0.0
2022-09-20 10:30:00-04:00,24.31999969482422,24.31999969482422,24.31999969482422,24.31999969482422,0,0.0,0.0,0.0
2022-09-20 12:30:00-04:00,24.399999618530273,24.399999618530273,24.399999618530273,24.399999618530273,100,0.0,0.0,0.0
2022-09-20 15:30:00-04:00,24.350000381469727,24.399999618530273,24.350000381469727,24.399999618530273,1244,0.0,0.0,0.0
2022-09-21 11:30:00-04:00,24.520000457763672,24.520000457763672,24.520000457763672,24.520000457763672,0,0.0,0.0,0.0
2022-09-21 12:30:00-04:00,24.510000228881836,24.510000228881836,24.510000228881836,24.510000228881836,100,0.0,0.0,0.0
2022-09-21 13:30:00-04:00,24.170000076293945,24.170000076293945,24.170000076293945,24.170000076293945,336,0.0,0.0,0.0
2022-09-21 14:30:00-04:00,24.3799991607666,24.3799991607666,23.983699798583984,23.983699798583984,100,0.0,0.0,0.0
2022-09-22 09:30:00-04:00,23.700000762939453,23.81999969482422,23.700000762939453,23.81999969482422,0,0.0,0.0,0.0
2022-09-22 13:30:00-04:00,23.770000457763672,23.770000457763672,23.770000457763672,23.770000457763672,100,0.0,0.0,0.0
2022-09-22 14:30:00-04:00,23.860000610351562,23.860000610351562,23.860000610351562,23.860000610351562,100,0.0,0.0,0.0
2022-09-22 15:30:00-04:00,23.860000610351562,23.860000610351562,23.73979949951172,23.73979949951172,200,0.0,0.0,0.0
2022-09-23 09:30:00-04:00,23.440000534057617,23.440000534057617,23.260000228881836,23.260000228881836,650,0.0,0.0,0.0
2022-09-23 11:30:00-04:00,23.200000762939453,23.200000762939453,23.200000762939453,23.200000762939453,165,0.0,0.0,0.0
2022-09-23 12:30:00-04:00,23.1299991607666,23.190000534057617,23.1299991607666,23.15999984741211,766,0.0,0.0,0.0
2022-09-23 13:30:00-04:00,23.110000610351562,23.110000610351562,23.110000610351562,23.110000610351562,1049,0.0,0.0,0.0
2022-09-23 14:30:00-04:00,23.020000457763672,23.1299991607666,23.010000228881836,23.1299991607666,2859,0.0,0.0,0.0
2022-09-23 15:30:00-04:00,23.299999237060547,23.299999237060547,23.25,23.25,1162,0.0,0.0,0.0
2022-09-26 10:30:00-04:00,23.43000030517578,23.43000030517578,23.43000030517578,23.43000030517578,0,0.0,0.0,0.0
2022-09-26 11:30:00-04:00,23.200000762939453,23.200000762939453,23.200000762939453,23.200000762939453,100,0.0,0.0,0.0
2022-09-26 15:30:00-04:00,23.149999618530273,23.149999618530273,23.11750030517578,23.11750030517578,100,0.0,0.0,0.0
2022-09-27 10:30:00-04:00,23.309999465942383,23.309999465942383,23.309999465942383,23.309999465942383,0,0.0,0.0,0.0
2022-09-27 11:30:00-04:00,23.100000381469727,23.100000381469727,22.99970054626465,22.99970054626465,150,0.0,0.0,0.0
2022-09-28 11:30:00-04:00,23.170000076293945,23.443099975585938,23.170000076293945,23.443099975585938,344,0.0,0.0,0.0
2022-09-29 14:30:00-04:00,22.809999465942383,22.809999465942383,22.809999465942383,22.809999465942383,0,0.0,0.0,0.0
2022-09-29 15:30:00-04:00,23.020000457763672,23.020000457763672,22.687400817871094,22.687400817871094,0,0.0,0.0,0.0
2022-10-03 12:30:00-04:00,23.079999923706055,23.079999923706055,23.079999923706055,23.079999923706055,60,0.0,0.0,0.0
2022-10-03 14:30:00-04:00,23.31999969482422,23.31999969482422,23.272300720214844,23.272300720214844,100,0.0,0.0,0.0
2022-10-04 09:30:00-04:00,23.93000030517578,24.01569938659668,23.93000030517578,24.01569938659668,0,0.0,0.0,0.0
2022-10-05 14:30:00-04:00,24.020000457763672,24.020000457763672,23.95709991455078,23.95709991455078,0,0.0,0.0,0.0
2022-10-06 15:30:00-04:00,23.679500579833984,23.69219970703125,22.953399658203125,23.69219970703125,496,0.0,0.0,0.0
2022-10-11 09:30:00-04:00,22.700000762939453,22.700000762939453,22.649999618530273,22.65369987487793,190,0.0,0.0,0.0
2022-10-12 12:30:00-04:00,22.68000030517578,22.690000534057617,22.601999282836914,22.601999282836914,469,0.0,0.0,0.0
2022-10-13 09:30:00-04:00,22.3799991607666,23.213600158691406,22.3799991607666,23.213600158691406,0,0.0,0.0,0.0
2022-10-14 09:30:00-04:00,22.950000762939453,22.950000762939453,22.950000762939453,22.950000762939453,94,0.0,0.0,0.0
2022-10-14 14:30:00-04:00,22.719999313354492,22.719999313354492,22.71780014038086,22.71780014038086,331,0.0,0.0,0.0
2022-10-14 15:30:00-04:00,22.700000762939453,22.700000762939453,22.700000762939453,22.700000762939453,100,0.0,0.0,0.0
2022-10-18 10:30:00-04:00,23.540000915527344,23.540000915527344,23.517799377441406,23.517799377441406,0,0.0,0.0,0.0
2022-10-19 10:30:00-04:00,23.50779914855957,23.50779914855957,23.50779914855957,23.50779914855957,146,0.0,0.0,0.0
2022-10-19 11:30:00-04:00,23.520000457763672,23.520000457763672,23.520000457763672,23.520000457763672,135,0.0,0.0,0.0
2022-10-19 15:30:00-04:00,23.3799991607666,23.424800872802734,23.3799991607666,23.424800872802734,100,0.0,0.0,0.0
2022-10-20 13:30:00-04:00,23.155000686645508,23.212799072265625,23.155000686645508,23.155000686645508,0,0.0,0.0,0.0
2022-10-21 12:30:00-04:00,23.6200008392334,23.758899688720703,23.6200008392334,23.758899688720703,93,0.0,0.0,0.0
2022-10-26 09:30:00-04:00,24.219999313354492,24.229999542236328,24.219999313354492,24.229999542236328,4900,0.0,0.0,0.0
2022-10-26 14:30:00-04:00,24.299999237060547,24.299999237060547,24.2539005279541,24.2539005279541,0,0.0,0.0,0.0
2022-10-27 13:30:00-04:00,24.149999618530273,24.553499221801758,24.13170051574707,24.553499221801758,5064,0.0,0.0,0.0
2022-11-02 11:30:00-04:00,24.329999923706055,24.34000015258789,24.329999923706055,24.34000015258789,1456,0.0,0.0,0.0
2022-11-02 14:30:00-04:00,24.5,24.5,23.815900802612305,23.815900802612305,0,0.0,0.0,0.0
2022-11-03 09:30:00-04:00,23.510000228881836,23.510000228881836,23.479999542236328,23.479999542236328,1401,0.0,0.0,0.0
2022-11-03 10:30:00-04:00,23.540000915527344,23.540000915527344,23.532800674438477,23.532800674438477,199,0.0,0.0,0.0
2022-11-04 11:30:00-04:00,23.59000015258789,23.59000015258789,23.59000015258789,23.59000015258789,3500,0.0,0.0,0.0
2022-11-04 12:30:00-04:00,23.59000015258789,23.59000015258789,23.59000015258789,23.59000015258789,500,0.0,0.0,0.0
2022-11-04 14:30:00-04:00,23.600000381469727,23.820499420166016,23.600000381469727,23.820499420166016,100,0.0,0.0,0.0
2022-11-07 09:30:00-05:00,23.989999771118164,24.163000106811523,23.979999542236328,24.163000106811523,400,0.0,0.0,0.0
2022-11-08 09:30:00-05:00,24.209999084472656,24.209999084472656,24.170000076293945,24.170000076293945,0,0.0,0.0,0.0
2022-11-08 10:30:00-05:00,24.350000381469727,24.350000381469727,23.749000549316406,23.749000549316406,0,0.0,0.0,0.0
2022-11-10 09:30:00-05:00,24.670000076293945,25.14929962158203,24.65999984741211,25.14929962158203,4723,0.0,0.0,0.0
2022-11-11 09:30:00-05:00,25.18000030517578,25.41200065612793,25.170000076293945,25.41200065612793,0,0.0,0.0,0.0
2022-11-14 09:30:00-05:00,25.25,25.25,25.25,25.25,0,0.0,0.0,0.0
2022-11-14 14:30:00-05:00,25.389999389648438,25.420000076293945,25.389999389648438,25.389999389648438,10000,0.0,0.0,0.0
2022-11-14 15:30:00-05:00,25.239999771118164,25.239999771118164,25.181499481201172,25.181499481201172,100,0.0,0.0,0.0
2022-11-15 09:30:00-05:00,26.0,26.899999618530273,25.200000762939453,25.3700008392334,41324,0.0,0.0,0.0
2022-11-15 10:30:00-05:00,25.799800872802734,25.799800872802734,25.450000762939453,25.510000228881836,10124,0.0,0.0,0.0
2022-11-15 12:30:00-05:00,25.489900588989258,25.489900588989258,25.489900588989258,25.489900588989258,140,0.0,0.0,0.0
2022-11-15 13:30:00-05:00,25.219999313354492,25.219999313354492,25.219999313354492,25.219999313354492,4502,0.0,0.0,0.0
2022-11-15 15:30:00-05:00,25.420000076293945,25.420000076293945,25.405000686645508,25.405000686645508,1000,0.0,0.0,0.0
2022-11-16 11:30:00-05:00,25.275100708007812,25.275100708007812,25.11199951171875,25.11199951171875,1098,0.0,0.0,0.0
2022-11-18 10:30:00-05:00,25.09000015258789,25.149999618530273,25.09000015258789,25.149999618530273,353,0.0,0.0,0.0
2022-11-18 11:30:00-05:00,25.170000076293945,25.209800720214844,25.100000381469727,25.209800720214844,6743,0.0,0.0,0.0
2022-11-21 09:30:00-05:00,25.110000610351562,25.110000610351562,25.110000610351562,25.110000610351562,0,0.0,0.0,0.0
2022-11-23 10:30:00-05:00,25.600000381469727,25.600000381469727,25.600000381469727,25.600000381469727,0,0.0,0.0,0.0
2022-11-23 12:30:00-05:00,25.510000228881836,25.62350082397461,25.469999313354492,25.62350082397461,822,0.0,0.0,0.0
2022-11-25 09:30:00-05:00,25.610000610351562,25.6299991607666,25.484500885009766,25.59000015258789,5081,0.0,0.0,0.0
2022-11-28 09:30:00-05:00,25.459999084472656,25.459999084472656,25.175500869750977,25.175500869750977,0,0.0,0.0,0.0
2022-11-30 09:30:00-05:00,25.1200008392334,25.1200008392334,25.1200008392334,25.1200008392334,142,0.0,0.0,0.0
2022-11-30 11:30:00-05:00,25.079999923706055,25.934900283813477,25.079999923706055,25.934900283813477,222,0.0,0.0,0.0
2022-12-01 09:30:00-05:00,25.950000762939453,25.97960090637207,25.950000762939453,25.97960090637207,0,0.0,0.0,0.0
2022-12-02 09:30:00-05:00,25.690000534057617,25.719999313354492,25.684999465942383,25.719999313354492,297,0.0,0.0,0.0
2022-12-02 10:30:00-05:00,25.75,25.760000228881836,25.75,25.760000228881836,366,0.0,0.0,0.0
2022-12-02 11:30:00-05:00,25.81999969482422,25.905099868774414,25.81999969482422,25.905099868774414,110,0.0,0.0,0.0
2022-12-07 09:30:00-05:00,24.959999084472656,25.0,24.959999084472656,25.0,235,0.0,0.0,0.0
2022-12-07 15:30:00-05:00,24.93000030517578,25.192100524902344,24.920000076293945,25.000699996948242,2000,0.0,0.0,0.0
2022-12-09 09:30:00-05:00,25.1299991607666,25.1299991607666,25.03339958190918,25.03339958190918,4429,0.0,0.0,0.0
2022-12-12 09:30:00-05:00,25.040000915527344,25.347999572753906,25.040000915527344,25.347999572753906,0,0.0,0.0,0.0
2022-12-13 09:30:00-05:00,26.09000015258789,26.09000015258789,25.514999389648438,25.514999389648438,211,0.0,0.0,0.0
2022-12-14 10:30:00-05:00,25.690000534057617,25.739999771118164,25.385700225830078,25.385700225830078,119,0.0,0.0,0.0
2022-12-15 09:30:00-05:00,24.799999237060547,24.799999237060547,24.799999237060547,24.799999237060547,277,0.0,0.0,0.0
2022-12-15 13:30:00-05:00,24.65999984741211,24.73900032043457,24.6200008392334,24.73900032043457,3223,0.0,0.0,0.0
2022-12-16 09:30:00-05:00,24.489999771118164,24.489999771118164,24.31999969482422,24.31999969482422,2160,0.0,0.0,0.0
2022-12-16 10:30:00-05:00,24.270000457763672,24.270000457763672,24.270000457763672,24.270000457763672,2000,0.0,0.0,0.0
2022-12-16 11:30:00-05:00,24.264699935913086,24.270000457763672,24.25,24.25,8125,0.0,0.0,0.0
2022-12-16 12:30:00-05:00,24.219999313354492,24.229999542236328,24.219999313354492,24.219999313354492,24000,0.0,0.0,0.0
2022-12-16 13:30:00-05:00,24.229999542236328,24.229999542236328,24.229999542236328,24.229999542236328,3000,0.0,0.0,0.0
2022-12-16 14:30:00-05:00,24.25,24.3843994140625,24.239999771118164,24.3843994140625,2505,0.0,0.0,0.0
2022-12-19 09:30:00-05:00,24.209999084472656,24.209999084472656,24.209999084472656,24.209999084472656,0,0.0,0.0,0.0
2022-12-19 11:30:00-05:00,24.15999984741211,24.170000076293945,24.149999618530273,24.170000076293945,4613,0.0,0.0,0.0
2022-12-19 13:30:00-05:00,24.100000381469727,24.154300689697266,24.084699630737305,24.084699630737305,7406,0.0,0.0,0.0
2022-12-21 11:30:00-05:00,24.510000228881836,24.521400451660156,24.510000228881836,24.521400451660156,124,0.0,0.0,0.0
2022-12-22 14:30:00-05:00,24.018999099731445,24.018999099731445,24.018999099731445,24.018999099731445,1372,0.0,0.0,0.0
2022-12-22 15:30:00-05:00,24.110000610351562,24.162599563598633,24.110000610351562,24.162599563598633,445,0.0,0.0,0.0
2022-12-23 12:30:00-05:00,24.25,24.346200942993164,24.25,24.346200942993164,0,0.0,0.0,0.0
2022-12-29 14:30:00-05:00,24.37929916381836,24.37929916381836,24.35919952392578,24.371999740600586,1013,0.0,0.0,0.0
2022-12-29 15:30:00-05:00,24.329999923706055,24.3799991607666,24.329999923706055,24.3799991607666,3174,0.0,0.0,0.0
2022-12-30 09:30:00-05:00,24.25,24.260000228881836,24.211599349975586,24.211599349975586,18618,0.0,0.0,0.0
2022-12-30 10:30:00-05:00,24.209999084472656,24.219999313354492,24.165000915527344,24.165000915527344,14833,0.0,0.0,0.0
2022-12-30 11:30:00-05:00,24.200000762939453,24.239999771118164,24.190000534057617,24.219999313354492,13213,0.0,0.0,0.0
2022-12-30 12:30:00-05:00,24.22410011291504,24.229999542236328,24.106000900268555,24.106000900268555,6111,0.0,0.0,0.0
2022-12-30 13:30:00-05:00,24.16939926147461,24.170000076293945,24.0802001953125,24.0802001953125,19234,0.0,0.0,0.0
2022-12-30 14:30:00-05:00,24.1200008392334,24.239999771118164,24.110000610351562,24.209999084472656,4710,0.0,0.0,0.0
2022-12-30 15:30:00-05:00,24.219999313354492,24.316600799560547,24.209999084472656,24.316600799560547,6786,0.0,0.0,0.0
2023-01-03 09:30:00-05:00,24.270000457763672,24.270000457763672,24.270000457763672,24.270000457763672,0,0.0,0.0,0.0
2023-01-03 10:30:00-05:00,24.18000030517578,24.229999542236328,24.18000030517578,24.229999542236328,500,0.0,0.0,0.0
2023-01-03 11:30:00-05:00,24.100000381469727,24.100000381469727,24.100000381469727,24.100000381469727,200,0.0,0.0,0.0
2023-01-03 13:30:00-05:00,24.100000381469727,24.100000381469727,24.100000381469727,24.100000381469727,610,0.0,0.0,0.0
2023-01-03 14:30:00-05:00,24.18000030517578,24.211200714111328,24.18000030517578,24.211200714111328,200,0.0,0.0,0.0
2023-01-04 13:30:00-05:00,24.34000015258789,24.34000015258789,24.301000595092773,24.301000595092773,294,0.0,0.0,0.0
2023-01-05 09:30:00-05:00,24.170000076293945,24.170000076293945,24.170000076293945,24.170000076293945,0,0.0,0.0,0.0
2023-01-05 10:30:00-05:00,24.110000610351562,24.110000610351562,24.110000610351562,24.110000610351562,200,0.0,0.0,0.0
2023-01-05 11:30:00-05:00,24.079999923706055,24.079999923706055,24.079999923706055,24.079999923706055,200,0.0,0.0,0.0
2023-01-05 14:30:00-05:00,24.190000534057617,24.190000534057617,24.062000274658203,24.062000274658203,401,0.0,0.0,0.0
2023-01-06 10:30:00-05:00,24.40999984741211,24.40999984741211,24.40999984741211,24.40999984741211,0,0.0,0.0,0.0
2023-01-06 11:30:00-05:00,24.530000686645508,24.530000686645508,24.530000686645508,24.530000686645508,205,0.0,0.0,0.0
2023-01-06 14:30:00-05:00,24.68000030517578,24.719999313354492,24.650400161743164,24.650400161743164,1099,0.0,0.0,0.0
2023-01-09 10:30:00-05:00,24.97909927368164,24.97909927368164,24.97909927368164,24.97909927368164,147,0.0,0.0,0.0
2023-01-09 12:30:00-05:00,24.950000762939453,24.950000762939453,24.950000762939453,24.950000762939453,205,0.0,0.0,0.0
2023-01-09 13:30:00-05:00,24.81100082397461,24.81100082397461,24.81100082397461,24.81100082397461,120,0.0,0.0,0.0
2023-01-09 14:30:00-05:00,24.690000534057617,24.690000534057617,24.637699127197266,24.637699127197266,205,0.0,0.0,0.0
2023-01-10 09:30:00-05:00,24.729999542236328,24.729999542236328,24.68000030517578,24.68000030517578,0,0.0,0.0,0.0
2023-01-10 10:30:00-05:00,24.559999465942383,24.559999465942383,24.559999465942383,24.559999465942383,200,0.0,0.0,0.0
2023-01-10 11:30:00-05:00,24.610000610351562,24.610000610351562,24.610000610351562,24.610000610351562,200,0.0,0.0,0.0
2023-01-10 14:30:00-05:00,24.739999771118164,24.794599533081055,24.739999771118164,24.794599533081055,100,0.0,0.0,0.0
2023-01-11 10:30:00-05:00,24.900100708007812,24.900100708007812,24.899999618530273,24.899999618530273,200,0.0,0.0,0.0
2023-01-11 12:30:00-05:00,25.0,25.11829948425293,25.0,25.11829948425293,205,0.0,0.0,0.0
2023-01-12 10:30:00-05:00,25.170000076293945,25.170000076293945,25.170000076293945,25.170000076293945,0,0.0,0.0,0.0
2023-01-12 12:30:00-05:00,25.270000457763672,25.270000457763672,25.25,25.25,1200,0.0,0.0,0.0
2023-01-12 14:30:00-05:00,25.270000457763672,25.270000457763672,25.21030044555664,25.270000457763672,200,0.0,0.0,0.0
2023-01-13 10:30:00-05:00,25.149999618530273,25.149999618530273,25.149999618530273,25.149999618530273,0,0.0,0.0,0.0
2023-01-13 15:30:00-05:00,25.299999237060547,25.325599670410156,25.299999237060547,25.325599670410156,3600,0.0,0.0,0.0
2023-01-17 10:30:00-05:00,25.329999923706055,25.329999923706055,25.329999923706055,25.329999923706055,0,0.0,0.0,0.0
2023-01-17 15:30:00-05:00,25.280000686645508,25.280000686645508,25.24220085144043,25.24220085144043,300,0.0,0.0,0.0
2023-01-18 09:30:00-05:00,25.360000610351562,25.360000610351562,25.360000610351562,25.360000610351562,0,0.0,0.0,0.0
2023-01-18 10:30:00-05:00,25.290000915527344,25.290000915527344,25.290000915527344,25.290000915527344,200,0.0,0.0,0.0
2023-01-18 11:30:00-05:00,25.030000686645508,25.030000686645508,25.030000686645508,25.030000686645508,301,0.0,0.0,0.0
2023-01-18 15:30:00-05:00,24.920000076293945,24.920000076293945,24.827199935913086,24.827199935913086,204,0.0,0.0,0.0
2023-01-19 09:30:00-05:00,24.700000762939453,24.700000762939453,24.670000076293945,24.670000076293945,0,0.0,0.0,0.0
2023-01-19 10:30:00-05:00,24.610000610351562,24.610000610351562,24.610000610351562,24.610000610351562,200,0.0,0.0,0.0
2023-01-19 15:30:00-05:00,24.75,24.75,24.633399963378906,24.633399963378906,300,0.0,0.0,0.0
2023-01-20 12:30:00-05:00,24.829999923706055,24.829999923706055,24.829999923706055,24.829999923706055,0,0.0,0.0,0.0
2023-01-20 13:30:00-05:00,24.934999465942383,25.104799270629883,24.934999465942383,25.104799270629883,1102,0.0,0.0,0.0
2023-01-23 09:30:00-05:00,25.1200008392334,25.149999618530273,25.1200008392334,25.149999618530273,0,0.0,0.0,0.0
2023-01-23 11:30:00-05:00,25.479999542236328,25.479999542236328,25.479999542236328,25.479999542236328,300,0.0,0.0,0.0
2023-01-23 13:30:00-05:00,25.530000686645508,25.530000686645508,25.530000686645508,25.530000686645508,200,0.0,0.0,0.0
2023-01-23 15:30:00-05:00,25.392099380493164,25.445999145507812,25.392099380493164,25.445999145507812,400,0.0,0.0,0.0
2023-01-24 11:30:00-05:00,25.40239906311035,25.40239906311035,25.40239906311035,25.40239906311035,0,0.0,0.0,0.0
2023-01-24 13:30:00-05:00,25.420000076293945,25.420000076293945,25.420000076293945,25.420000076293945,300,0.0,0.0,0.0
2023-01-24 15:30:00-05:00,25.406999588012695,25.406999588012695,25.406999588012695,25.406999588012695,0,0.0,0.0,0.0
2023-01-25 09:30:00-05:00,25.049999237060547,25.049999237060547,25.049999237060547,25.049999237060547,200,0.0,0.0,0.0
2023-01-25 10:30:00-05:00,25.020000457763672,25.059900283813477,25.020000457763672,25.059900283813477,365,0.0,0.0,0.0
2023-01-25 11:30:00-05:00,25.190000534057617,25.190000534057617,25.18000030517578,25.18000030517578,300,0.0,0.0,0.0
2023-01-25 15:30:00-05:00,25.3700008392334,25.3700008392334,25.36389923095703,25.36389923095703,200,0.0,0.0,0.0
2023-01-26 09:30:00-05:00,25.540000915527344,25.540000915527344,25.540000915527344,25.540000915527344,0,0.0,0.0,0.0
2023-01-26 12:30:00-05:00,25.549999237060547,25.56999969482422,25.529199600219727,25.56999969482422,600,0.0,0.0,0.0
2023-01-26 14:30:00-05:00,25.600000381469727,25.662399291992188,25.600000381469727,25.662399291992188,721,0.0,0.0,0.0
2023-01-27 10:30:00-05:00,25.709999084472656,25.709999084472656,25.709999084472656,25.709999084472656,0,0.0,0.0,0.0
2023-01-27 15:30:00-05:00,25.860000610351562,25.860000610351562,25.755300521850586,25.755300521850586,200,0.0,0.0,0.0
2023-01-30 09:30:00-05:00,25.65999984741211,25.65999984741211,25.65999984741211,25.65999984741211,0,0.0,0.0,0.0
2023-01-30 10:30:00-05:00,25.56999969482422,25.579999923706055,25.56999969482422,25.579999923706055,966,0.0,0.0,0.0
2023-01-30 11:30:00-05:00,25.549999237060547,25.559999465942383,25.549999237060547,25.549999237060547,771,0.0,0.0,0.0
2023-01-30 15:30:00-05:00,25.43000030517578,25.43000030517578,25.43000030517578,25.43000030517578,200,0.0,0.0,0.0
2023-01-31 14:30:00-05:00,25.649999618530273,25.767799377441406,25.649999618530273,25.767799377441406,0,0.0,0.0,0.0
2023-02-01 10:30:00-05:00,25.719999313354492,25.719999313354492,25.719999313354492,25.719999313354492,0,0.0,0.0,0.0
2023-02-01 11:30:00-05:00,25.700000762939453,25.700000762939453,25.700000762939453,25.700000762939453,200,0.0,0.0,0.0
2023-02-01 13:30:00-05:00,25.709999084472656,25.709999084472656,25.709999084472656,25.709999084472656,200,0.0,0.0,0.0
2023-02-01 14:30:00-05:00,26.059999465942383,26.059999465942383,26.059999465942383,26.059999465942383,232,0.0,0.0,0.0
2023-02-01 15:30:00-05:00,26.170000076293945,26.270000457763672,26.069799423217773,26.069799423217773,0,0.0,0.0,0.0
2023-02-02 10:30:00-05:00,26.506200790405273,26.530000686645508,26.5,26.508499145507812,2297,0.0,0.0,0.0
2023-02-02 11:30:00-05:00,26.489999771118164,26.540000915527344,26.475000381469727,26.540000915527344,10554,0.0,0.0,0.0
2023-02-02 12:30:00-05:00,26.530000686645508,26.829999923706055,26.506000518798828,26.56599998474121,20973,0.0,0.0,0.0
2023-02-02 13:30:00-05:00,26.65999984741211,26.950000762939453,26.59000015258789,26.59000015258789,11144,0.0,0.0,0.0
2023-02-02 14:30:00-05:00,26.399999618530273,26.482500076293945,26.31999969482422,26.482500076293945,0,0.0,0.0,0.0
2023-02-03 11:30:00-05:00,26.459999084472656,26.459999084472656,26.459999084472656,26.459999084472656,100,0.0,0.0,0.0
2023-02-03 12:30:00-05:00,26.520000457763672,26.520000457763672,26.21489906311035,26.21489906311035,1900,0.0,0.0,0.0
2023-02-07 12:30:00-05:00,26.149999618530273,26.149999618530273,26.149999618530273,26.149999618530273,0,0.0,0.0,0.0
2023-02-07 15:30:00-05:00,26.459999084472656,26.459999084472656,26.459999084472656,26.459999084472656,200,0.0,0.0,0.0
2023-02-08 10:30:00-05:00,26.18000030517578,26.18000030517578,26.18000030517578,26.18000030517578,200,0.0,0.0,0.0
2023-02-08 12:30:00-05:00,26.260000228881836,26.260000228881836,26.260000228881836,26.260000228881836,895,0.0,0.0,0.0
2023-02-08 13:30:00-05:00,26.200000762939453,26.200000762939453,26.190000534057617,26.190000534057617,525,0.0,0.0,0.0
2023-02-08 15:30:00-05:00,26.139999389648438,26.139999389648438,26.118000030517578,26.118000030517578,0,0.0,0.0,0.0
2023-02-09 10:30:00-05:00,26.229999542236328,26.229999542236328,26.229999542236328,26.229999542236328,240,0.0,0.0,0.0
2023-02-09 12:30:00-05:00,26.0846004486084,26.1299991607666,26.075000762939453,26.1200008392334,22920,0.0,0.0,0.0
2023-02-09 13:30:00-05:00,26.110000610351562,26.139999389648438,26.049999237060547,26.049999237060547,30338,0.0,0.0,0.0
2023-02-09 14:30:00-05:00,25.989999771118164,25.989999771118164,25.912700653076172,25.912700653076172,1040,0.0,0.0,0.0
2023-02-10 09:30:00-05:00,25.799999237060547,25.799999237060547,25.799999237060547,25.799999237060547,0,0.0,0.0,0.0
2023-02-10 13:30:00-05:00,25.8700008392334,25.8700008392334,25.8700008392334,25.8700008392334,0,0.0,0.0,0.0
2023-02-10 14:30:00-05:00,25.889999389648438,25.941299438476562,25.8799991607666,25.941299438476562,800,0.0,0.0,0.0
2023-02-13 10:30:00-05:00,26.122900009155273,26.122900009155273,26.122900009155273,26.122900009155273,0,0.0,0.0,0.0
2023-02-13 13:30:00-05:00,26.239999771118164,26.239999771118164,26.239999771118164,26.239999771118164,100,0.0,0.0,0.0
2023-02-13 14:30:00-05:00,26.229999542236328,26.235000610351562,26.229999542236328,26.229999542236328,400,0.0,0.0,0.0
2023-02-13 15:30:00-05:00,26.270000457763672,26.270000457763672,26.229999542236328,26.239500045776367,266,0.0,0.0,0.0
2023-02-14 09:30:00-05:00,26.3700008392334,26.3700008392334,26.360000610351562,26.360000610351562,0,0.0,0.0,0.0
2023-02-14 10:30:00-05:00,26.280000686645508,26.280000686645508,26.270000457763672,26.270000457763672,500,0.0,0.0,0.0
2023-02-14 13:30:00-05:00,26.209999084472656,26.27039909362793,26.209999084472656,26.27039909362793,382,0.0,0.0,0.0
2023-02-15 09:30:00-05:00,26.100000381469727,26.100000381469727,26.100000381469727,26.100000381469727,0,0.0,0.0,0.0
2023-02-15 10:30:00-05:00,26.1200008392334,26.1200008392334,26.1200008392334,26.1200008392334,116,0.0,0.0,0.0
2023-02-15 11:30:00-05:00,26.19499969482422,26.19499969482422,26.190000534057617,26.190000534057617,500,0.0,0.0,0.0
2023-02-15 15:30:00-05:00,26.309999465942383,26.309999465942383,26.284299850463867,26.284299850463867,300,0.0,0.0,0.0
2023-02-16 09:30:00-05:00,25.946399688720703,26.040000915527344,25.946399688720703,25.946399688720703,0,0.0,0.0,0.0
2023-02-17 10:30:00-05:00,25.780000686645508,25.780000686645508,25.780000686645508,25.780000686645508,0,0.0,0.0,0.0
2023-02-17 11:30:00-05:00,25.690000534057617,25.690000534057617,25.690000534057617,25.690000534057617,100,0.0,0.0,0.0
2023-02-17 12:30:00-05:00,25.729999542236328,25.729999542236328,25.729999542236328,25.729999542236328,100,0.0,0.0,0.0
2023-02-17 13:30:00-05:00,25.719999313354492,25.85300064086914,25.719999313354492,25.85300064086914,100,0.0,0.0,0.0
2023-02-21 10:30:00-05:00,25.479999542236328,25.479999542236328,25.479999542236328,25.479999542236328,0,0.0,0.0,0.0
2023-02-21 12:30:00-05:00,25.450000762939453,25.450000762939453,25.450000762939453,25.450000762939453,100,0.0,0.0,0.0
2023-02-21 13:30:00-05:00,25.399999618530273,25.399999618530273,25.329999923706055,25.329999923706055,300,0.0,0.0,0.0
2023-02-21 15:30:00-05:00,25.399999618530273,25.399999618530273,25.344900131225586,25.344900131225586,200,0.0,0.0,0.0
2023-02-22 10:30:00-05:00,25.252500534057617,25.270000457763672,25.252500534057617,25.270000457763672,253,0.0,0.0,0.0
2023-02-22 13:30:00-05:00,25.399999618530273,25.399999618530273,25.399999618530273,25.399999618530273,300,0.0,0.0,0.0
2023-02-22 15:30:00-05:00,25.260000228881836,25.260000228881836,25.260000228881836,25.260000228881836,400,0.0,0.0,0.0
2023-02-23 10:30:00-05:00,25.399999618530273,25.399999618530273,25.290000915527344,25.290000915527344,100,0.0,0.0,0.0
2023-02-23 11:30:00-05:00,25.190000534057617,25.190000534057617,25.190000534057617,25.190000534057617,200,0.0,0.0,0.0
2023-02-23 13:30:00-05:00,25.200000762939453,25.200000762939453,25.200000762939453,25.200000762939453,397,0.0,0.0,0.0
2023-02-23 15:30:00-05:00,25.43000030517578,25.43000030517578,25.429899215698242,25.429899215698242,1837,0.0,0.0,0.0
2023-02-24 09:30:00-05:00,25.010000228881836,25.010000228881836,25.010000228881836,25.010000228881836,0,0.0,0.0,0.0
2023-02-24 10:30:00-05:00,24.969999313354492,24.969999313354492,24.969999313354492,24.969999313354492,200,0.0,0.0,0.0
2023-02-24 11:30:00-05:00,25.09000015258789,25.09000015258789,25.09000015258789,25.09000015258789,200,0.0,0.0,0.0
2023-02-24 12:30:00-05:00,25.020000457763672,25.112699508666992,25.020000457763672,25.112699508666992,100,0.0,0.0,0.0
2023-02-27 10:30:00-05:00,25.389999389648438,25.389999389648438,25.389999389648438,25.389999389648438,0,0.0,0.0,0.0
2023-02-27 13:30:00-05:00,25.280000686645508,25.290000915527344,25.280000686645508,25.290000915527344,200,0.0,0.0,0.0
2023-02-27 14:30:00-05:00,25.280000686645508,25.280000686645508,25.19569969177246,25.19569969177246,100,0.0,0.0,0.0
2023-02-28 11:30:00-05:00,25.209999084472656,25.209999084472656,25.209999084472656,25.209999084472656,361,0.0,0.0,0.0
2023-02-28 14:30:00-05:00,25.260000228881836,25.260000228881836,25.160200119018555,25.160200119018555,164,0.0,0.0,0.0
2023-03-01 10:30:00-05:00,25.059999465942383,25.059999465942383,25.059999465942383,25.059999465942383,0,0.0,0.0,0.0
2023-03-01 12:30:00-05:00,25.079999923706055,25.079999923706055,24.969999313354492,24.969999313354492,820,0.0,0.0,0.0
2023-03-01 15:30:00-05:00,25.049999237060547,25.049999237060547,25.009199142456055,25.009199142456055,200,0.0,0.0,0.0
2023-03-02 13:30:00-05:00,25.030000686645508,25.030000686645508,25.030000686645508,25.030000686645508,0,0.0,0.0,0.0
2023-03-02 15:30:00-05:00,25.15999984741211,25.229999542236328,25.15999984741211,25.189699172973633,3034,0.0,0.0,0.0
2023-03-03 15:30:00-05:00,25.6200008392334,25.63680076599121,25.6200008392334,25.63680076599121,0,0.0,0.0,0.0
2023-03-06 10:30:00-05:00,25.81999969482422,25.81999969482422,25.81999969482422,25.81999969482422,0,0.0,0.0,0.0
2023-03-06 11:30:00-05:00,25.81999969482422,25.81999969482422,25.81220054626465,25.81220054626465,490,0.0,0.0,0.0
2023-03-06 12:30:00-05:00,25.809999465942383,25.809999465942383,25.663799285888672,25.663799285888672,0,0.0,0.0,0.0
2023-03-07 10:30:00-05:00,25.520000457763672,25.520000457763672,25.389999389648438,25.389999389648438,300,0.0,0.0,0.0
2023-03-07 11:30:00-05:00,25.3700008392334,25.3700008392334,25.224000930786133,25.224000930786133,210,0.0,0.0,0.0
2023-03-08 09:30:00-05:00,25.229999542236328,25.229999542236328,25.229999542236328,25.229999542236328,0,0.0,0.0,0.0
2023-03-08 11:30:00-05:00,25.25,25.280000686645508,25.239999771118164,25.280000686645508,500,0.0,0.0,0.0
2023-03-08 12:30:00-05:00,25.145000457763672,25.145000457763672,25.145000457763672,25.145000457763672,151,0.0,0.0,0.0
2023-03-08 14:30:00-05:00,25.144800186157227,25.26129913330078,25.144800186157227,25.26129913330078,130,0.0,0.0,0.0
2023-03-09 09:30:00-05:00,25.34000015258789,25.34000015258789,25.34000015258789,25.34000015258789,0,0.0,0.0,0.0
2023-03-09 11:30:00-05:00,25.270000457763672,25.270000457763672,25.270000457763672,25.270000457763672,200,0.0,0.0,0.0
2023-03-09 12:30:00-05:00,25.209999084472656,25.209999084472656,25.100000381469727,25.100000381469727,200,0.0,0.0,0.0
2023-03-09 13:30:00-05:00,25.010000228881836,25.010000228881836,25.010000228881836,25.010000228881836,114,0.0,0.0,0.0
2023-03-09 14:30:00-05:00,24.979999542236328,24.979999542236328,24.75,24.7716007232666,0,0.0,0.0,0.0
2023-03-10 11:30:00-05:00,24.68000030517578,24.68000030517578,24.68000030517578,24.68000030517578,209,0.0,0.0,0.0
2023-03-10 12:30:00-05:00,24.510000228881836,24.510000228881836,24.510000228881836,24.510000228881836,100,0.0,0.0,0.0
2023-03-10 15:30:00-05:00,24.40999984741211,24.40999984741211,24.361799240112305,24.361799240112305,200,0.0,0.0,0.0
2023-03-13 10:30:00-04:00,24.559999465942383,24.559999465942383,24.559999465942383,24.559999465942383,0,0.0,0.0,0.0
2023-03-13 11:30:00-04:00,24.530000686645508,24.530000686645508,24.340200424194336,24.340200424194336,200,0.0,0.0,0.0
2023-03-14 11:30:00-04:00,24.850000381469727,24.850000381469727,24.745500564575195,24.850000381469727,35,0.0,0.0,0.0
2023-03-15 10:30:00-04:00,24.3700008392334,24.3700008392334,24.329999923706055,24.329999923706055,200,0.0,0.0,0.0
2023-03-15 11:30:00-04:00,24.3700008392334,24.3700008392334,24.3700008392334,24.3700008392334,100,0.0,0.0,0.0
2023-03-15 15:30:00-04:00,24.549999237060547,24.549999237060547,24.52440071105957,24.52440071105957,100,0.0,0.0,0.0
2023-03-16 11:30:00-04:00,24.850000381469727,24.850000381469727,24.850000381469727,24.850000381469727,0,0.0,0.0,0.0
2023-03-16 14:30:00-04:00,25.031400680541992,25.04990005493164,25.031400680541992,25.04990005493164,470,0.0,0.0,0.0
2023-03-16 15:30:00-04:00,25.06060028076172,25.06060028076172,25.010000228881836,25.05940055847168,800,0.0,0.0,0.0
2023-03-17 10:30:00-04:00,24.780000686645508,24.780000686645508,24.780000686645508,24.780000686645508,0,0.0,0.0,0.0
2023-03-17 12:30:00-04:00,24.84000015258789,24.84000015258789,24.84000015258789,24.84000015258789,100,0.0,0.0,0.0
2023-03-17 15:30:00-04:00,24.780000686645508,24.780000686645508,24.763200759887695,24.763200759887695,100,0.0,0.0,0.0
2023-03-20 10:30:00-04:00,24.899999618530273,24.969999313354492,24.899999618530273,24.969999313354492,100,0.0,0.0,0.0
2023-03-20 11:30:00-04:00,24.889999389648438,24.889999389648438,24.889999389648438,24.889999389648438,100,0.0,0.0,0.0
2023-03-20 14:30:00-04:00,24.940000534057617,24.993099212646484,24.890100479125977,24.993099212646484,200,0.0,0.0,0.0
2023-03-21 11:30:00-04:00,25.15999984741211,25.184999465942383,25.15999984741211,25.184999465942383,641,0.0,0.0,0.0
2023-03-21 13:30:00-04:00,25.209999084472656,25.367799758911133,24.956300735473633,24.956300735473633,106,0.0,0.0,0.0
2023-03-24 12:30:00-04:00,24.95989990234375,25.083099365234375,24.95989990234375,25.083099365234375,19,0.0,0.0,0.0
2023-03-28 12:30:00-04:00,25.079999923706055,25.105199813842773,25.079999923706055,25.105199813842773,30,0.0,0.0,0.0
2023-03-29 10:30:00-04:00,25.34000015258789,25.360000610351562,25.34000015258789,25.360000610351562,300,0.0,0.0,0.0
2023-03-29 11:30:00-04:00,25.40999984741211,25.420000076293945,25.33009910583496,25.3700008392334,1844,0.0,0.0,0.0
2023-03-29 12:30:00-04:00,25.420000076293945,25.660400390625,25.39240074157715,25.660400390625,0,0.0,0.0,0.0
2023-03-31 15:30:00-04:00,26.0,26.06170082092285,26.0,26.06170082092285,634,0.0,0.0,0.0
2023-04-03 15:30:00-04:00,26.170000076293945,26.170000076293945,26.164499282836914,26.164499282836914,0,0.0,0.0,0.0
2023-04-04 15:30:00-04:00,25.93000030517578,25.966400146484375,25.93000030517578,25.966400146484375,90,0.0,0.0,0.0
2023-04-05 14:30:00-04:00,25.899999618530273,25.999099731445312,25.898399353027344,25.898399353027344,125150,0.0,0.0,0.0
2023-04-10 15:30:00-04:00,25.959999084472656,26.013200759887695,25.959999084472656,26.013200759887695,0,0.0,0.0,0.0
2023-04-11 10:30:00-04:00,26.049999237060547,26.049999237060547,26.049999237060547,26.049999237060547,189,0.0,0.0,0.0
2023-04-11 11:30:00-04:00,26.079999923706055,26.079999923706055,26.079999923706055,26.079999923706055,185,0.0,0.0,0.0
2023-04-11 14:30:00-04:00,26.15999984741211,26.15999984741211,26.15999984741211,26.15999984741211,62534,0.0,0.0,0.0
2023-04-11 15:30:00-04:00,26.059999465942383,26.059999465942383,26.049999237060547,26.049999237060547,300,0.0,0.0,0.0
2023-04-12 14:30:00-04:00,25.940000534057617,25.940000534057617,25.886699676513672,25.886699676513672,272,0.0,0.0,0.0
2023-04-13 09:30:00-04:00,25.9950008392334,26.29520034790039,25.9950008392334,25.9950008392334,134,0.0,0.0,0.0
2023-04-14 11:30:00-04:00,26.139999389648438,26.139999389648438,26.139999389648438,26.139999389648438,1554,0.0,0.0,0.0
2023-04-14 13:30:00-04:00,26.200000762939453,26.236799240112305,26.174999237060547,26.236799240112305,1406,0.0,0.0,0.0
2023-04-19 10:30:00-04:00,26.31999969482422,26.31999969482422,26.31999969482422,26.31999969482422,0,0.0,0.0,0.0
2023-04-19 14:30:00-04:00,26.31999969482422,26.3799991607666,26.31999969482422,26.331199645996094,1095,0.0,0.0,0.0
2023-04-20 10:30:00-04:00,26.239999771118164,26.239999771118164,26.239999771118164,26.239999771118164,0,0.0,0.0,0.0
2023-04-20 11:30:00-04:00,26.229999542236328,26.229999542236328,26.229999542236328,26.229999542236328,174,0.0,0.0,0.0
2023-04-20 15:30:00-04:00,26.04010009765625,26.147300720214844,26.04010009765625,26.147300720214844,0,0.0,0.0,0.0
2023-04-21 12:30:00-04:00,26.14940071105957,26.189800262451172,26.14940071105957,26.189800262451172,0,0.0,0.0,0.0
2023-04-25 09:30:00-04:00,25.760799407958984,26.110000610351562,25.760799407958984,25.760799407958984,0,0.0,0.0,0.0
2023-04-26 11:30:00-04:00,25.829999923706055,25.829999923706055,25.829999923706055,25.829999923706055,0,0.0,0.0,0.0
2023-04-26 14:30:00-04:00,25.59000015258789,25.642900466918945,25.59000015258789,25.642900466918945,0,0.0,0.0,0.0
2023-04-27 10:30:00-04:00,25.93000030517578,25.93000030517578,25.93000030517578,25.93000030517578,0,0.0,0.0,0.0
2023-04-27 15:30:00-04:00,26.172199249267578,26.42609977722168,26.172199249267578,26.42609977722168,14,0.0,0.0,0.0
2023-05-03 10:30:00-04:00,26.070199966430664,26.070199966430664,26.070199966430664,26.070199966430664,802,0.0,0.0,0.0
2023-05-03 14:30:00-04:00,26.110000610351562,26.200000762939453,25.658899307250977,25.658899307250977,0,0.0,0.0,0.0
2023-05-05 13:30:00-04:00,26.1299991607666,26.183399200439453,26.1299991607666,26.183399200439453,0,0.0,0.0,0.0
2023-05-09 09:30:00-04:00,26.1299991607666,26.1299991607666,26.077600479125977,26.077600479125977,0,0.0,0.0,0.0
2023-05-10 09:30:00-04:00,26.31999969482422,26.31999969482422,26.31999969482422,26.31999969482422,0,0.0,0.0,0.0
2023-05-10 14:30:00-04:00,26.11009979248047,26.191699981689453,26.11009979248047,26.136199951171875,0,0.0,0.0,0.0
2023-05-18 14:30:00-04:00,26.46500015258789,26.626800537109375,26.46500015258789,26.626800537109375,259,0.0,0.0,0.0
2023-05-19 09:30:00-04:00,26.729999542236328,26.729999542236328,26.729999542236328,26.729999542236328,0,0.0,0.0,0.0
2023-05-19 14:30:00-04:00,26.531099319458008,26.604700088500977,26.531099319458008,26.604700088500977,2729,0.0,0.0,0.0
2023-05-23 10:30:00-04:00,26.559999465942383,26.559999465942383,26.559999465942383,26.559999465942383,0,0.0,0.0,0.0
2023-05-23 11:30:00-04:00,26.510000228881836,26.510000228881836,26.510000228881836,26.510000228881836,3163,0.0,0.0,0.0
2023-05-23 15:30:00-04:00,26.274799346923828,26.274799346923828,26.043100357055664,26.043100357055664,0,0.0,0.0,0.0
2023-05-25 09:30:00-04:00,26.25,26.297700881958008,26.25,26.297700881958008,0,0.0,0.0,0.0
2023-05-26 11:30:00-04:00,26.639999389648438,26.701400756835938,26.639999389648438,26.701400756835938,0,0.0,0.0,0.0
2023-06-02 09:30:00-04:00,27.030000686645508,27.030000686645508,27.030000686645508,27.030000686645508,0,0.0,0.0,0.0
2023-06-02 10:30:00-04:00,27.020099639892578,27.020099639892578,27.020099639892578,27.020099639892578,792,0.0,0.0,0.0
2023-06-02 11:30:00-04:00,27.190000534057617,27.190000534057617,27.190000534057617,27.190000534057617,249,0.0,0.0,0.0
2023-06-02 12:30:00-04:00,27.235000610351562,27.23940086364746,27.235000610351562,27.23940086364746,261,0.0,0.0,0.0
2023-06-05 12:30:00-04:00,27.31999969482422,27.31999969482422,27.180700302124023,27.180700302124023,210,0.0,0.0,0.0
2023-06-06 15:30:00-04:00,27.246999740600586,27.246999740600586,27.246999740600586,27.246999740600586,10,0.0,0.0,0.0
2023-06-07 09:30:00-04:00,27.280000686645508,27.29990005493164,27.100900650024414,27.100900650024414,0,0.0,0.0,0.0
2023-06-08 14:30:00-04:00,27.280000686645508,27.299999237060547,27.280000686645508,27.299999237060547,2637,0.0,0.0,0.0
2023-06-08 15:30:00-04:00,27.28809928894043,27.28809928894043,27.280000686645508,27.28809928894043,687,0.0,0.0,0.0
2023-06-09 10:30:00-04:00,27.440000534057617,27.440000534057617,27.3799991607666,27.3799991607666,174,0.0,0.0,0.0
2023-06-09 11:30:00-04:00,27.299999237060547,27.299999237060547,27.299999237060547,27.299999237060547,400,0.0,0.0,0.0
2023-06-09 13:30:00-04:00,27.378000259399414,27.378000259399414,27.3262996673584,27.378000259399414,185,0.0,0.0,0.0
2023-06-12 09:30:00-04:00,27.450000762939453,27.597200393676758,27.450000762939453,27.597200393676758,0,0.0,0.0,0.0
2023-06-13 12:30:00-04:00,27.8700008392334,27.8700008392334,27.825300216674805,27.825300216674805,0,0.0,0.0,0.0
2023-06-14 12:30:00-04:00,27.959999084472656,27.959999084472656,27.82309913635254,27.82309913635254,843,0.0,0.0,0.0
2023-06-15 10:30:00-04:00,28.14419937133789,28.14419937133789,28.14419937133789,28.14419937133789,400,0.0,0.0,0.0
2023-06-15 11:30:00-04:00,28.139999389648438,28.139999389648438,28.139999389648438,28.139999389648438,100,0.0,0.0,0.0
2023-06-15 12:30:00-04:00,28.139999389648438,28.139999389648438,28.139999389648438,28.139999389648438,120,0.0,0.0,0.0
2023-06-15 15:30:00-04:00,28.31999969482422,28.31999969482422,28.31999969482422,28.31999969482422,100,0.0,0.0,0.0
2023-06-16 12:30:00-04:00,28.3700008392334,28.3700008392334,28.157499313354492,28.157499313354492,0,0.0,0.0,0.0
2023-06-20 09:30:00-04:00,28.049999237060547,28.049999237060547,28.049999237060547,28.049999237060547,0,0.0,0.0,0.0
2023-06-20 12:30:00-04:00,28.030000686645508,28.03499984741211,28.00909996032715,28.00909996032715,0,0.0,0.0,0.0
2023-06-21 14:30:00-04:00,27.940000534057617,27.940000534057617,27.812299728393555,27.812299728393555,112,0.0,0.0,0.0
2023-06-22 10:30:00-04:00,27.81999969482422,27.88520050048828,27.81999969482422,27.88520050048828,0,0.0,0.0,0.0
2023-06-23 11:30:00-04:00,27.676000595092773,27.676000595092773,27.676000595092773,27.676000595092773,1245,0.0,0.0,0.0
2023-06-23 12:30:00-04:00,27.75,27.789899826049805,27.681699752807617,27.681699752807617,1914,0.0,0.0,0.0
2023-06-26 09:30:00-04:00,27.649999618530273,27.848100662231445,27.541200637817383,27.848100662231445,0,0.0,0.0,0.0
2023-06-28 11:30:00-04:00,27.860000610351562,27.860000610351562,27.860000610351562,27.860000610351562,1429,0.0,0.0,0.0
2023-06-28 14:30:00-04:00,27.79199981689453,27.79199981689453,27.739999771118164,27.739999771118164,108,0.0,0.0,0.0
2023-06-29 12:30:00-04:00,27.940000534057617,27.94499969482422,27.940000534057617,27.940000534057617,448,0.0,0.0,0.0
2023-06-29 13:30:00-04:00,27.875,27.875,27.875,27.875,800,0.0,0.0,0.0
2023-06-29 14:30:00-04:00,27.940000534057617,27.95210075378418,27.93000030517578,27.95210075378418,0,0.0,0.0,0.0
2023-06-30 11:30:00-04:00,28.229999542236328,28.40559959411621,28.229999542236328,28.40559959411621,1168,0.0,0.0,0.0
2023-07-05 09:30:00-04:00,28.3700008392334,28.3700008392334,28.299999237060547,28.363500595092773,0,0.0,0.0,0.0
2023-07-06 10:30:00-04:00,27.87190055847168,28.07469940185547,27.87190055847168,28.07469940185547,262,0.0,0.0,0.0
2023-07-07 13:30:00-04:00,28.243099212646484,28.299999237060547,28.220500946044922,28.220500946044922,968,0.0,0.0,0.0
2023-07-07 14:30:00-04:00,28.190000534057617,28.190000534057617,28.18000030517578,28.18000030517578,250,0.0,0.0,0.0
2023-07-07 15:30:00-04:00,28.079999923706055,28.079999923706055,27.899999618530273,27.899999618530273,7029,0.0,0.0,0.0
2023-07-11 14:30:00-04:00,28.137399673461914,28.276899337768555,28.137399673461914,28.276899337768555,200,0.0,0.0,0.0
2023-07-12 10:30:00-04:00,28.65239906311035,28.65239906311035,28.65239906311035,28.65239906311035,0,0.0,0.0,0.0
2023-07-12 11:30:00-04:00,28.600000381469727,28.600000381469727,28.510000228881836,28.510000228881836,201,0.0,0.0,0.0
2023-07-12 14:30:00-04:00,28.56999969482422,28.56999969482422,28.549999237060547,28.549999237060547,735,0.0,0.0,0.0
2023-07-12 15:30:00-04:00,28.529699325561523,28.529699325561523,28.529699325561523,28.529699325561523,0,0.0,0.0,0.0
2023-07-13 13:30:00-04:00,28.79990005493164,28.79990005493164,28.79990005493164,28.79990005493164,227,0.0,0.0,0.0
2023-07-13 14:30:00-04:00,28.86319923400879,28.86319923400879,28.86319923400879,28.86319923400879,400,0.0,0.0,0.0
2023-07-13 15:30:00-04:00,28.90399932861328,28.93000030517578,28.899999618530273,28.899999618530273,2549,0.0,0.0,0.0
2023-07-14 10:30:00-04:00,28.889999389648438,28.889999389648438,28.889999389648438,28.889999389648438,204,0.0,0.0,0.0
2023-07-14 11:30:00-04:00,28.90999984741211,28.90999984741211,28.90999984741211,28.90999984741211,100,0.0,0.0,0.0
2023-07-14 13:30:00-04:00,28.91990089416504,28.91990089416504,28.822200775146484,28.822200775146484,347,0.0,0.0,0.0
2023-07-17 10:30:00-04:00,28.899999618530273,28.93000030517578,28.899999618530273,28.929899215698242,2626,0.0,0.0,0.0
2023-07-17 12:30:00-04:00,28.969999313354492,28.969999313354492,28.969999313354492,28.969999313354492,193,0.0,0.0,0.0
2023-07-17 13:30:00-04:00,29.020000457763672,29.020000457763672,29.020000457763672,29.020000457763672,172,0.0,0.0,0.0
2023-07-17 14:30:00-04:00,29.020000457763672,29.020000457763672,29.020000457763672,29.020000457763672,4684,0.0,0.0,0.0
2023-07-17 15:30:00-04:00,29.059999465942383,29.059999465942383,28.989999771118164,28.989999771118164,0,0.0,0.0,0.0
2023-07-18 10:30:00-04:00,29.143800735473633,29.145000457763672,29.139999389648438,29.145000457763672,2573,0.0,0.0,0.0
2023-07-18 11:30:00-04:00,29.15999984741211,29.15999984741211,29.15999984741211,29.15999984741211,160,0.0,0.0,0.0
2023-07-18 15:30:00-04:00,29.31999969482422,29.334699630737305,29.309999465942383,29.309999465942383,550,0.0,0.0,0.0
2023-07-19 10:30:00-04:00,29.440000534057617,29.440000534057617,29.401199340820312,29.401199340820312,1174,0.0,0.0,0.0
2023-07-19 11:30:00-04:00,29.440000534057617,29.440000534057617,29.440000534057617,29.440000534057617,412,0.0,0.0,0.0
2023-07-19 14:30:00-04:00,29.450000762939453,29.450000762939453,29.450000762939453,29.450000762939453,470,0.0,0.0,0.0
2023-07-19 15:30:00-04:00,29.420000076293945,29.420000076293945,29.395299911499023,29.395299911499023,0,0.0,0.0,0.0
2023-07-20 09:30:00-04:00,29.31999969482422,29.31999969482422,29.260000228881836,29.260000228881836,697,0.0,0.0,0.0
2023-07-20 10:30:00-04:00,29.252500534057617,29.252500534057617,29.252500534057617,29.252500534057617,410,0.0,0.0,0.0
2023-07-20 12:30:00-04:00,29.229999542236328,29.229999542236328,29.229999542236328,29.229999542236328,0,0.0,0.0,0.0
2023-07-20 14:30:00-04:00,29.170000076293945,29.170000076293945,29.170000076293945,29.170000076293945,1490,0.0,0.0,0.0
2023-07-20 15:30:00-04:00,29.1299991607666,29.1299991607666,29.105899810791016,29.105899810791016,2586,0.0,0.0,0.0
2023-07-21 09:30:00-04:00,29.229999542236328,29.229999542236328,29.149999618530273,29.18000030517578,0,0.0,0.0,0.0
2023-07-21 11:30:00-04:00,29.209999084472656,29.209999084472656,29.209999084472656,29.209999084472656,739,0.0,0.0,0.0
2023-07-21 15:30:00-04:00,29.1299991607666,29.131799697875977,29.1299991607666,29.131799697875977,100,0.0,0.0,0.0
2023-07-24 09:30:00-04:00,29.287799835205078,29.287799835205078,29.287799835205078,29.287799835205078,0,0.0,0.0,0.0
2023-07-24 10:30:00-04:00,29.25,29.25,29.25,29.25,331,0.0,0.0,0.0
2023-07-24 12:30:00-04:00,29.280000686645508,29.280000686645508,29.277000427246094,29.277000427246094,0,0.0,0.0,0.0
2023-07-25 14:30:00-04:00,29.469999313354492,29.48390007019043,29.469999313354492,29.48390007019043,450,0.0,0.0,0.0
2023-07-25 15:30:00-04:00,29.40999984741211,29.40999984741211,29.40999984741211,29.40999984741211,0,0.0,0.0,0.0
2023-07-26 11:30:00-04:00,29.300800323486328,29.300800323486328,29.300800323486328,29.300800323486328,314,0.0,0.0,0.0
2023-07-26 12:30:00-04:00,29.299999237060547,29.299999237060547,29.299999237060547,29.299999237060547,117,0.0,0.0,0.0
2023-07-26 13:30:00-04:00,29.290000915527344,29.31920051574707,29.290000915527344,29.31920051574707,418,0.0,0.0,0.0
2023-07-26 14:30:00-04:00,29.209999084472656,29.210100173950195,29.209999084472656,29.210100173950195,279,0.0,0.0,0.0
2023-07-26 15:30:00-04:00,29.309999465942383,29.344999313354492,29.309999465942383,29.32699966430664,0,0.0,0.0,0.0
2023-07-27 10:30:00-04:00,29.600000381469727,29.600000381469727,29.54010009765625,29.54010009765625,1153,0.0,0.0,0.0
2023-07-27 11:30:00-04:00,29.59510040283203,29.600000381469727,29.59510040283203,29.600000381469727,0,0.0,0.0,0.0
2023-07-27 12:30:00-04:00,29.610000610351562,29.610000610351562,29.45009994506836,29.469999313354492,6302,0.0,0.0,0.0
2023-07-27 13:30:00-04:00,29.44499969482422,29.454999923706055,29.309999465942383,29.31920051574707,1929,0.0,0.0,0.0
2023-07-27 15:30:00-04:00,29.09980010986328,29.09980010986328,29.09980010986328,29.09980010986328,0,0.0,0.0,0.0
2023-07-28 12:30:00-04:00,29.520000457763672,29.520000457763672,29.454999923706055,29.513200759887695,100,0.0,0.0,0.0
2023-07-31 11:30:00-04:00,29.540000915527344,29.540000915527344,29.510000228881836,29.524999618530273,543,0.0,0.0,0.0
2023-07-31 12:30:00-04:00,29.5,29.5,29.5,29.5,100,0.0,0.0,0.0
2023-07-31 13:30:00-04:00,29.527999877929688,29.534799575805664,29.5,29.5,867,0.0,0.0,0.0
2023-07-31 14:30:00-04:00,29.5,29.5,29.5,29.5,13600,0.0,0.0,0.0
2023-07-31 15:30:00-04:00,29.469999313354492,29.549999237060547,29.469999313354492,29.549999237060547,425,0.0,0.0,0.0
2023-08-01 09:30:00-04:00,29.485000610351562,29.5,29.440000534057617,29.5,0,0.0,0.0,0.0
2023-08-01 10:30:00-04:00,29.459999084472656,29.459999084472656,29.459999084472656,29.459999084472656,37000,0.0,0.0,0.0
2023-08-01 11:30:00-04:00,29.43000030517578,29.43000030517578,29.43000030517578,29.43000030517578,0,0.0,0.0,0.0
2023-08-01 15:30:00-04:00,29.459999084472656,29.48110008239746,29.459999084472656,29.48110008239746,38903,0.0,0.0,0.0
2023-08-02 09:30:00-04:00,29.209999084472656,29.209999084472656,29.100000381469727,29.100000381469727,0,0.0,0.0,0.0
2023-08-02 10:30:00-04:00,29.049999237060547,29.049999237060547,29.049999237060547,29.049999237060547,200,0.0,0.0,0.0
2023-08-02 11:30:00-04:00,29.0,29.0,29.0,29.0,267,0.0,0.0,0.0
2023-08-02 14:30:00-04:00,28.93000030517578,28.93000030517578,28.93000030517578,28.93000030517578,201,0.0,0.0,0.0
2023-08-02 15:30:00-04:00,28.929500579833984,28.929500579833984,28.929500579833984,28.929500579833984,0,0.0,0.0,0.0
2023-08-03 09:30:00-04:00,28.75,28.75,28.75,28.75,0,0.0,0.0,0.0
2023-08-03 14:30:00-04:00,28.831499099731445,28.831499099731445,28.831499099731445,28.831499099731445,16,0.0,0.0,0.0
2023-08-04 11:30:00-04:00,29.059999465942383,29.059999465942383,29.059999465942383,29.059999465942383,0,0.0,0.0,0.0
2023-08-04 12:30:00-04:00,29.09000015258789,29.09000015258789,29.040000915527344,29.040000915527344,1278,0.0,0.0,0.0
2023-08-04 13:30:00-04:00,29.039400100708008,29.039400100708008,28.940000534057617,28.940000534057617,224,0.0,0.0,0.0
2023-08-04 14:30:00-04:00,28.610000610351562,28.610000610351562,28.584800720214844,28.584800720214844,200,0.0,0.0,0.0
2023-08-07 09:30:00-04:00,28.829999923706055,28.829999923706055,28.829999923706055,28.829999923706055,0,0.0,0.0,0.0
2023-08-07 10:30:00-04:00,28.81999969482422,28.81999969482422,28.81999969482422,28.81999969482422,200,0.0,0.0,0.0
2023-08-07 11:30:00-04:00,28.829999923706055,28.829999923706055,28.829999923706055,28.829999923706055,126,0.0,0.0,0.0
2023-08-07 13:30:00-04:00,28.8700008392334,28.8700008392334,28.8700008392334,28.8700008392334,200,0.0,0.0,0.0
2023-08-07 14:30:00-04:00,28.905799865722656,28.905799865722656,28.905799865722656,28.905799865722656,600,0.0,0.0,0.0
2023-08-07 15:30:00-04:00,28.93079948425293,28.93079948425293,28.93079948425293,28.93079948425293,0,0.0,0.0,0.0
2023-08-08 09:30:00-04:00,28.703800201416016,28.703800201416016,28.559999465942383,28.559999465942383,440,0.0,0.0,0.0
2023-08-08 10:30:00-04:00,28.530000686645508,28.530000686645508,28.530000686645508,28.530000686645508,305,0.0,0.0,0.0
2023-08-08 13:30:00-04:00,28.6200008392334,28.665000915527344,28.600000381469727,28.665000915527344,719,0.0,0.0,0.0
2023-08-08 14:30:00-04:00,28.700000762939453,28.790800094604492,28.700000762939453,28.790800094604492,0,0.0,0.0,0.0
2023-08-09 09:30:00-04:00,28.81999969482422,28.81999969482422,28.81999969482422,28.81999969482422,104,0.0,0.0,0.0
2023-08-09 10:30:00-04:00,28.700000762939453,28.700000762939453,28.698999404907227,28.698999404907227,827,0.0,0.0,0.0
2023-08-09 11:30:00-04:00,28.5,28.5,28.5,28.5,212,0.0,0.0,0.0
2023-08-09 15:30:00-04:00,28.65999984741211,28.65999984741211,28.494800567626953,28.494800567626953,0,0.0,0.0,0.0
2023-08-10 09:30:00-04:00,28.93000030517578,28.93000030517578,28.93000030517578,28.93000030517578,200,0.0,0.0,0.0
2023-08-10 10:30:00-04:00,28.899999618530273,28.899999618530273,28.899999618530273,28.899999618530273,200,0.0,0.0,0.0
2023-08-10 11:30:00-04:00,28.75,28.75,28.625,28.625,403,0.0,0.0,0.0
2023-08-10 14:30:00-04:00,28.48349952697754,28.48349952697754,28.48349952697754,28.48349952697754,0,0.0,0.0,0.0
2023-08-11 10:30:00-04:00,28.510000228881836,28.510000228881836,28.510000228881836,28.510000228881836,250,0.0,0.0,0.0
2023-08-11 11:30:00-04:00,28.440000534057617,28.440000534057617,28.440000534057617,28.440000534057617,0,0.0,0.0,0.0
2023-08-11 14:30:00-04:00,28.504600524902344,28.504600524902344,28.504600524902344,28.504600524902344,862,0.0,0.0,0.0
2023-08-11 15:30:00-04:00,28.450000762939453,28.450000762939453,28.419700622558594,28.419700622558594,200,0.0,0.0,0.0
2023-08-14 09:30:00-04:00,28.399999618530273,28.399999618530273,28.399999618530273,28.399999618530273,0,0.0,0.0,0.0
2023-08-14 10:30:00-04:00,28.56999969482422,28.56999969482422,28.56999969482422,28.56999969482422,203,0.0,0.0,0.0
2023-08-14 11:30:00-04:00,28.59000015258789,28.59000015258789,28.579999923706055,28.579999923706055,550,0.0,0.0,0.0
2023-08-14 14:30:00-04:00,28.57990074157715,28.628000259399414,28.55150032043457,28.628000259399414,0,0.0,0.0,0.0
2023-08-15 09:30:00-04:00,28.549999237060547,28.549999237060547,28.549999237060547,28.549999237060547,1585,0.0,0.0,0.0
2023-08-15 11:30:00-04:00,28.3799991607666,28.3799991607666,28.3799991607666,28.3799991607666,200,0.0,0.0,0.0
2023-08-15 12:30:00-04:00,28.34000015258789,28.34000015258789,28.34000015258789,28.34000015258789,116,0.0,0.0,0.0
2023-08-15 13:30:00-04:00,28.34600067138672,28.350000381469727,28.326000213623047,28.326000213623047,1900,0.0,0.0,0.0
2023-08-15 14:30:00-04:00,28.290000915527344,28.290000915527344,28.2367000579834,28.2367000579834,0,0.0,0.0,0.0
2023-08-16 09:30:00-04:00,28.219999313354492,28.290000915527344,28.219999313354492,28.290000915527344,3410,0.0,0.0,0.0
2023-08-16 12:30:00-04:00,28.149999618530273,28.155000686645508,28.149999618530273,28.149999618530273,1073,0.0,0.0,0.0
2023-08-16 15:30:00-04:00,28.030000686645508,28.030000686645508,27.956199645996094,27.956199645996094,0,0.0,0.0,0.0
2023-08-17 11:30:00-04:00,27.899999618530273,27.899999618530273,27.899999618530273,27.899999618530273,2000,0.0,0.0,0.0
2023-08-17 13:30:00-04:00,27.860000610351562,27.86989974975586,27.829999923706055,27.84000015258789,10237,0.0,0.0,0.0
2023-08-17 14:30:00-04:00,27.684999465942383,27.684999465942383,27.684999465942383,27.684999465942383,0,0.0,0.0,0.0
2023-08-18 15:30:00-04:00,27.725000381469727,27.769899368286133,27.639999389648438,27.639999389648438,1225,0.0,0.0,0.0
2023-08-21 09:30:00-04:00,27.829999923706055,27.829999923706055,27.829999923706055,27.829999923706055,1897,0.0,0.0,0.0
2023-08-21 10:30:00-04:00,27.669599533081055,27.690000534057617,27.649999618530273,27.649999618530273,4425,0.0,0.0,0.0
2023-08-21 11:30:00-04:00,27.584999084472656,27.610000610351562,27.559999465942383,27.610000610351562,0,0.0,0.0,0.0
2023-08-21 15:30:00-04:00,27.899999618530273,27.899999618530273,27.899999618530273,27.899999618530273,15,0.0,0.0,0.0
2023-08-22 10:30:00-04:00,27.8799991607666,27.8799991607666,27.8799991607666,27.8799991607666,0,0.0,0.0,0.0
2023-08-22 11:30:00-04:00,27.850000381469727,27.850000381469727,27.850000381469727,27.850000381469727,360,0.0,0.0,0.0
2023-08-22 12:30:00-04:00,27.844999313354492,27.844999313354492,27.790000915527344,27.790000915527344,417,0.0,0.0,0.0
2023-08-22 14:30:00-04:00,27.760400772094727,27.760400772094727,27.760400772094727,27.760400772094727,0,0.0,0.0,0.0
2023-08-23 13:30:00-04:00,28.21500015258789,28.21500015258789,28.200000762939453,28.200000762939453,401,0.0,0.0,0.0
2023-08-23 14:30:00-04:00,28.209999084472656,28.209999084472656,28.194400787353516,28.194400787353516,768,0.0,0.0,0.0
2023-08-23 15:30:00-04:00,28.239999771118164,28.239999771118164,28.153499603271484,28.153499603271484,0,0.0,0.0,0.0
2023-08-24 09:30:00-04:00,28.260000228881836,28.260000228881836,28.260000228881836,28.260000228881836,202,0.0,0.0,0.0
2023-08-24 10:30:00-04:00,28.059999465942383,28.059999465942383,28.059999465942383,28.059999465942383,200,0.0,0.0,0.0
2023-08-24 11:30:00-04:00,27.8700008392334,27.949899673461914,27.8700008392334,27.924400329589844,586,0.0,0.0,0.0
2023-08-24 14:30:00-04:00,27.829999923706055,27.829999923706055,27.68939971923828,27.68939971923828,534,0.0,0.0,0.0
2023-08-25 09:30:00-04:00,27.940000534057617,27.940000534057617,27.700000762939453,27.700000762939453,5472,0.0,0.0,0.0
2023-08-25 10:30:00-04:00,27.639999389648438,27.878400802612305,27.639999389648438,27.878400802612305,1571,0.0,0.0,0.0
2023-08-28 12:30:00-04:00,28.170000076293945,28.170000076293945,28.16990089416504,28.16990089416504,0,0.0,0.0,0.0
2023-08-28 13:30:00-04:00,28.010000228881836,28.010000228881836,27.984399795532227,27.984399795532227,324,0.0,0.0,0.0
2023-08-28 15:30:00-04:00,28.123899459838867,28.123899459838867,28.094200134277344,28.123899459838867,1690,0.0,0.0,0.0
2023-08-29 09:30:00-04:00,28.149999618530273,28.149999618530273,28.149999618530273,28.149999618530273,0,0.0,0.0,0.0
2023-08-29 11:30:00-04:00,28.530000686645508,28.530000686645508,28.530000686645508,28.530000686645508,900,0.0,0.0,0.0
2023-08-29 13:30:00-04:00,28.646499633789062,28.670000076293945,28.588899612426758,28.61319923400879,5280,0.0,0.0,0.0
2023-08-29 14:30:00-04:00,28.65999984741211,28.700000762939453,28.62649917602539,28.700000762939453,8262,0.0,0.0,0.0
2023-08-29 15:30:00-04:00,28.66320037841797,28.66320037841797,28.66320037841797,28.66320037841797,0,0.0,0.0,0.0
2023-08-30 12:30:00-04:00,28.850000381469727,28.850000381469727,28.850000381469727,28.850000381469727,1450,0.0,0.0,0.0
2023-08-30 14:30:00-04:00,28.809999465942383,28.809999465942383,28.809999465942383,28.809999465942383,1263,0.0,0.0,0.0
2023-08-30 15:30:00-04:00,28.838499069213867,28.838499069213867,28.78179931640625,28.78179931640625,0,0.0,0.0,0.0
2023-09-01 10:30:00-04:00,28.805200576782227,28.805200576782227,28.805200576782227,28.805200576782227,123,0.0,0.0,0.0
2023-09-01 11:30:00-04:00,28.70199966430664,28.816600799560547,28.70199966430664,28.816600799560547,125,0.0,0.0,0.0
2023-09-05 15:30:00-04:00,28.709999084472656,28.709999084472656,28.6200008392334,28.65999984741211,0,0.0,0.0,0.0
2023-09-06 09:30:00-04:00,28.420000076293945,28.420000076293945,28.40999984741211,28.40999984741211,0,0.0,0.0,0.0
2023-09-06 10:30:00-04:00,28.3700008392334,28.3700008392334,28.299999237060547,28.299999237060547,1193,0.0,0.0,0.0
2023-09-06 11:30:00-04:00,28.309999465942383,28.309999465942383,28.290000915527344,28.290000915527344,400,0.0,0.0,0.0
2023-09-06 12:30:00-04:00,28.229999542236328,28.229999542236328,28.229999542236328,28.229999542236328,204,0.0,0.0,0.0
2023-09-06 13:30:00-04:00,28.280000686645508,28.280000686645508,28.260000228881836,28.260000228881836,300,0.0,0.0,0.0
2023-09-06 14:30:00-04:00,28.329999923706055,28.329999923706055,28.299999237060547,28.329999923706055,617,0.0,0.0,0.0
2023-09-06 15:30:00-04:00,28.329999923706055,28.369800567626953,28.329999923706055,28.369800567626953,303,0.0,0.0,0.0
2023-09-07 09:30:00-04:00,28.149999618530273,28.149999618530273,28.149999618530273,28.149999618530273,0,0.0,0.0,0.0
2023-09-07 10:30:00-04:00,28.20159912109375,28.20159912109375,28.20159912109375,28.20159912109375,0,0.0,0.0,0.0
2023-09-07 14:30:00-04:00,28.280000686645508,28.290000915527344,28.229999542236328,28.25,3920,0.0,0.0,0.0
2023-09-07 15:30:00-04:00,28.25,28.25,28.239999771118164,28.239999771118164,300,0.0,0.0,0.0
2023-09-08 10:30:00-04:00,28.360000610351562,28.360000610351562,28.360000610351562,28.360000610351562,0,0.0,0.0,0.0
2023-09-08 11:30:00-04:00,28.360000610351562,28.360000610351562,28.360000610351562,28.360000610351562,100,0.0,0.0,0.0
2023-09-08 12:30:00-04:00,28.31999969482422,28.31999969482422,28.31999969482422,28.31999969482422,100,0.0,0.0,0.0
2023-09-08 13:30:00-04:00,28.309999465942383,28.309999465942383,28.309999465942383,28.309999465942383,120,0.0,0.0,0.0
2023-09-08 14:30:00-04:00,28.239999771118164,28.276599884033203,28.209999084472656,28.276599884033203,6762,0.0,0.0,0.0
2023-09-11 10:30:00-04:00,28.420000076293945,28.420000076293945,28.420000076293945,28.420000076293945,0,0.0,0.0,0.0
2023-09-11 12:30:00-04:00,28.540000915527344,28.540000915527344,28.540000915527344,28.540000915527344,182,0.0,0.0,0.0
2023-09-11 15:30:00-04:00,28.579999923706055,28.584999084472656,28.530000686645508,28.536699295043945,0,0.0,0.0,0.0
2023-09-12 09:30:00-04:00,28.40999984741211,28.40999984741211,28.40999984741211,28.40999984741211,100,0.0,0.0,0.0
2023-09-12 10:30:00-04:00,28.360000610351562,28.360000610351562,28.360000610351562,28.360000610351562,224,0.0,0.0,0.0
2023-09-12 13:30:00-04:00,28.479999542236328,28.479999542236328,28.479999542236328,28.479999542236328,278,0.0,0.0,0.0
2023-09-12 14:30:00-04:00,28.360000610351562,28.360000610351562,28.280000686645508,28.32430076599121,0,0.0,0.0,0.0
2023-09-13 11:30:00-04:00,28.399999618530273,28.399999618530273,28.399999618530273,28.399999618530273,0,0.0,0.0,0.0
2023-09-13 14:30:00-04:00,28.440000534057617,28.440000534057617,28.290000915527344,28.290000915527344,1303,0.0,0.0,0.0
2023-09-13 15:30:00-04:00,28.360000610351562,28.40999984741211,28.360000610351562,28.3799991607666,0,0.0,0.0,0.0
2023-09-14 13:30:00-04:00,28.709999084472656,28.709999084472656,28.709999084472656,28.709999084472656,1500,0.0,0.0,0.0
2023-09-14 14:30:00-04:00,28.75,28.75,28.665599822998047,28.665599822998047,0,0.0,0.0,0.0
2023-09-15 09:30:00-04:00,28.509000778198242,28.520000457763672,28.469999313354492,28.489999771118164,800,0.0,0.0,0.0
2023-09-15 10:30:00-04:00,28.450000762939453,28.459999084472656,28.329999923706055,28.3700008392334,961,0.0,0.0,0.0
2023-09-15 11:30:00-04:00,28.358999252319336,28.3799991607666,28.315000534057617,28.3799991607666,402,0.0,0.0,0.0
2023-09-15 15:30:00-04:00,28.217199325561523,28.219999313354492,28.20039939880371,28.219999313354492,1100,0.0,0.0,0.0
2023-09-18 15:30:00-04:00,28.209999084472656,28.25,28.209999084472656,28.2455997467041,0,0.0,0.0,0.0
2023-09-19 09:30:00-04:00,28.149999618530273,28.15999984741211,28.139999389648438,28.139999389648438,2910,0.0,0.0,0.0
2023-09-19 11:30:00-04:00,28.0,28.0,28.0,28.0,252,0.0,0.0,0.0
2023-09-19 15:30:00-04:00,28.18000030517578,28.18000030517578,28.15999984741211,28.170000076293945,0,0.0,0.0,0.0
2023-09-20 14:30:00-04:00,28.149999618530273,28.149999618530273,27.791900634765625,27.791900634765625,200,0.0,0.0,0.0
2023-09-21 09:30:00-04:00,27.479999542236328,27.479999542236328,27.40999984741211,27.40999984741211,6341,0.0,0.0,0.0
2023-09-21 11:30:00-04:00,27.388599395751953,27.388599395751953,27.360000610351562,27.360000610351562,2000,0.0,0.0,0.0
2023-09-21 14:30:00-04:00,27.34000015258789,27.360000610351562,27.183900833129883,27.183900833129883,0,0.0,0.0,0.0
2023-09-22 14:30:00-04:00,27.278799057006836,27.278799057006836,27.278799057006836,27.278799057006836,1116,0.0,0.0,0.0
2023-09-22 15:30:00-04:00,27.219999313354492,27.219999313354492,27.090200424194336,27.090200424194336,200,0.0,0.0,0.0
2023-09-25 11:30:00-04:00,27.139999389648438,27.139999389648438,27.139999389648438,27.139999389648438,0,0.0,0.0,0.0
2023-09-25 12:30:00-04:00,27.170000076293945,27.170000076293945,27.170000076293945,27.170000076293945,100,0.0,0.0,0.0
2023-09-25 13:30:00-04:00,27.18000030517578,27.18000030517578,27.15999984741211,27.15999984741211,624,0.0,0.0,0.0
2023-09-25 15:30:00-04:00,27.149999618530273,27.20319938659668,27.149999618530273,27.20319938659668,0,0.0,0.0,0.0
2023-09-26 12:30:00-04:00,26.81999969482422,26.81999969482422,26.712400436401367,26.712400436401367,36,0.0,0.0,0.0
2023-09-27 12:30:00-04:00,26.579999923706055,26.579999923706055,26.559999465942383,26.559999465942383,344,0.0,0.0,0.0
2023-09-27 15:30:00-04:00,26.729999542236328,26.729999542236328,26.68589973449707,26.68589973449707,0,0.0,0.0,0.0
2023-09-28 14:30:00-04:00,26.899999618530273,26.899999618530273,26.877399444580078,26.877399444580078,8,0.0,0.0,0.0
2023-09-29 10:30:00-04:00,27.09000015258789,27.09000015258789,26.780500411987305,26.780500411987305,700,0.0,0.0,0.0
2023-10-03 09:30:00-04:00,26.68000030517578,26.719999313354492,26.670000076293945,26.670000076293945,7733,0.0,0.0,0.0
2023-10-03 13:30:00-04:00,26.295000076293945,26.295000076293945,26.295000076293945,26.295000076293945,100,0.0,0.0,0.0
2023-10-03 14:30:00-04:00,26.350000381469727,26.350000381469727,26.329999923706055,26.329999923706055,711,0.0,0.0,0.0
2023-10-03 15:30:00-04:00,26.379899978637695,26.379899978637695,26.31999969482422,26.33919906616211,0,0.0,0.0,0.0
2023-10-04 11:30:00-04:00,26.530000686645508,26.540000915527344,26.479999542236328,26.479999542236328,2260,0.0,0.0,0.0
2023-10-04 12:30:00-04:00,26.539600372314453,26.539600372314453,26.530000686645508,26.530000686645508,4571,0.0,0.0,0.0
2023-10-04 13:30:00-04:00,26.469999313354492,26.479999542236328,26.43000030517578,26.43000030517578,1100,0.0,0.0,0.0
2023-10-04 14:30:00-04:00,26.530000686645508,26.530000686645508,26.530000686645508,26.530000686645508,395,0.0,0.0,0.0
2023-10-04 15:30:00-04:00,26.670000076293945,26.670000076293945,26.625200271606445,26.625200271606445,300,0.0,0.0,0.0
2023-10-05 13:30:00-04:00,26.5,26.5,26.5,26.5,0,0.0,0.0,0.0
2023-10-05 15:30:00-04:00,26.545000076293945,26.545000076293945,26.545000076293945,26.545000076293945,289,0.0,0.0,0.0
2023-10-06 09:30:00-04:00,26.299999237060547,26.299999237060547,26.299999237060547,26.299999237060547,53,0.0,0.0,0.0
2023-10-06 11:30:00-04:00,26.8799991607666,26.952600479125977,26.851999282836914,26.952600479125977,400,0.0,0.0,0.0
2023-10-10 14:30:00-04:00,27.420000076293945,27.420000076293945,27.323200225830078,27.323200225830078,0,0.0,0.0,0.0
2023-10-11 13:30:00-04:00,27.30780029296875,27.456199645996094,27.30780029296875,27.456199645996094,0,0.0,0.0,0.0
2023-10-12 10:30:00-04:00,27.440000534057617,27.440000534057617,27.227800369262695,27.227800369262695,288,0.0,0.0,0.0
2023-10-13 14:30:00-04:00,27.100000381469727,27.100000381469727,27.05120086669922,27.068199157714844,4314,0.0,0.0,0.0
2023-10-16 09:30:00-04:00,27.209999084472656,27.209999084472656,27.209999084472656,27.209999084472656,0,0.0,0.0,0.0
2023-10-16 11:30:00-04:00,27.424999237060547,27.479999542236328,27.424999237060547,27.436500549316406,1051,0.0,0.0,0.0
2023-10-16 15:30:00-04:00,27.469999313354492,27.479999542236328,27.420000076293945,27.453899383544922,0,0.0,0.0,0.0
2023-10-17 14:30:00-04:00,27.40999984741211,27.40999984741211,27.40999984741211,27.40999984741211,252,0.0,0.0,0.0
2023-10-17 15:30:00-04:00,27.354799270629883,27.40250015258789,27.354799270629883,27.40250015258789,0,0.0,0.0,0.0
2023-10-18 15:30:00-04:00,27.0,27.0,26.899999618530273,26.959999084472656,2862,0.0,0.0,0.0
2023-10-19 10:30:00-04:00,26.8700008392334,26.889999389648438,26.8700008392334,26.889999389648438,0,0.0,0.0,0.0
2023-10-19 11:30:00-04:00,26.959999084472656,27.019800186157227,26.959999084472656,27.019800186157227,6545,0.0,0.0,0.0
2023-10-19 12:30:00-04:00,26.8799991607666,26.8799991607666,26.81999969482422,26.81999969482422,1728,0.0,0.0,0.0
2023-10-19 14:30:00-04:00,26.760000228881836,26.760000228881836,26.719999313354492,26.719999313354492,519,0.0,0.0,0.0
2023-10-19 15:30:00-04:00,26.720199584960938,26.720199584960938,26.600000381469727,26.697500228881836,1505,0.0,0.0,0.0
2023-10-20 09:30:00-04:00,26.653200149536133,26.653200149536133,26.653200149536133,26.653200149536133,0,0.0,0.0,0.0
2023-10-20 11:30:00-04:00,26.399999618530273,26.459999084472656,26.399900436401367,26.459999084472656,1175,0.0,0.0,0.0
2023-10-20 12:30:00-04:00,26.510000228881836,26.510000228881836,26.510000228881836,26.510000228881836,120,0.0,0.0,0.0
2023-10-20 13:30:00-04:00,26.530000686645508,26.530000686645508,26.469999313354492,26.469999313354492,1670,0.0,0.0,0.0
2023-10-20 14:30:00-04:00,26.3700008392334,26.389999389648438,26.27869987487793,26.27869987487793,613,0.0,0.0,0.0
2023-10-23 09:30:00-04:00,26.202199935913086,26.202199935913086,26.185699462890625,26.185699462890625,0,0.0,0.0,0.0
2023-10-24 09:30:00-04:00,26.3799991607666,26.3799991607666,26.3799991607666,26.3799991607666,1500,0.0,0.0,0.0
2023-10-24 10:30:00-04:00,26.40920066833496,26.40920066833496,26.350000381469727,26.350000381469727,2374,0.0,0.0,0.0
2023-10-24 14:30:00-04:00,26.44499969482422,26.44499969482422,26.44499969482422,26.44499969482422,188,0.0,0.0,0.0
2023-10-24 15:30:00-04:00,26.479999542236328,26.479999542236328,26.430700302124023,26.430700302124023,0,0.0,0.0,0.0
2023-10-25 13:30:00-04:00,25.950000762939453,25.950000762939453,25.950000762939453,25.950000762939453,50091,0.0,0.0,0.0
2023-10-25 15:30:00-04:00,26.030000686645508,26.030000686645508,25.95829963684082,25.95829963684082,0,0.0,0.0,0.0
2023-10-26 09:30:00-04:00,25.8799991607666,25.8799991607666,25.8799991607666,25.8799991607666,215,0.0,0.0,0.0
2023-10-26 15:30:00-04:00,25.6200008392334,25.6200008392334,25.6200008392334,25.6200008392334,0,0.0,0.0,0.0
2023-10-27 13:30:00-04:00,25.420000076293945,25.45319938659668,25.40999984741211,25.435699462890625,801,0.0,0.0,0.0
2023-10-30 14:30:00-04:00,25.8351993560791,25.8351993560791,25.81999969482422,25.81999969482422,0,0.0,0.0,0.0
2023-10-30 15:30:00-04:00,25.81999969482422,25.81999969482422,25.802099227905273,25.802099227905273,0,0.0,0.0,0.0
2023-10-31 09:30:00-04:00,25.770000457763672,25.829999923706055,25.760000228881836,25.829999923706055,350,0.0,0.0,0.0
2023-10-31 10:30:00-04:00,25.790000915527344,25.8700008392334,25.790000915527344,25.850000381469727,551,0.0,0.0,0.0
2023-10-31 11:30:00-04:00,25.799999237060547,25.8700008392334,25.799999237060547,25.81999969482422,346,0.0,0.0,0.0
2023-10-31 12:30:00-04:00,25.8799991607666,25.899999618530273,25.8799991607666,25.899999618530273,300,0.0,0.0,0.0
2023-10-31 13:30:00-04:00,25.950000762939453,25.950000762939453,25.90999984741211,25.90999984741211,300,0.0,0.0,0.0
2023-10-31 14:30:00-04:00,25.959999084472656,25.989999771118164,25.899999618530273,25.899999618530273,13160,0.0,0.0,0.0
2023-10-31 15:30:00-04:00,25.959999084472656,25.959999084472656,25.958499908447266,25.958499908447266,0,0.0,0.0,0.0
2023-11-01 13:30:00-04:00,26.03849983215332,26.100000381469727,26.03849983215332,26.100000381469727,3670,0.0,0.0,0.0
2023-11-01 14:30:00-04:00,26.200000762939453,26.2726993560791,26.049999237060547,26.2726993560791,0,0.0,0.0,0.0
2023-11-02 13:30:00-04:00,26.81999969482422,26.81999969482422,26.81999969482422,26.81999969482422,100,0.0,0.0,0.0
2023-11-02 14:30:00-04:00,26.859899520874023,26.859899520874023,26.853500366210938,26.853500366210938,120,0.0,0.0,0.0
2023-11-03 09:30:00-04:00,27.1299991607666,27.1299991607666,27.1299991607666,27.1299991607666,0,0.0,0.0,0.0
2023-11-03 14:30:00-04:00,27.260000228881836,27.260000228881836,27.17329978942871,27.17329978942871,2242,0.0,0.0,0.0
2023-11-06 13:30:00-05:00,27.079999923706055,27.196699142456055,27.079999923706055,27.196699142456055,0,0.0,0.0,0.0
2023-11-07 12:30:00-05:00,27.229999542236328,27.260000228881836,27.219999313354492,27.219999313354492,2007,0.0,0.0,0.0
2023-11-07 14:30:00-05:00,27.333200454711914,27.342500686645508,27.29789924621582,27.342500686645508,0,0.0,0.0,0.0
2023-11-09 12:30:00-05:00,27.040199279785156,27.040199279785156,27.040199279785156,27.040199279785156,0,0.0,0.0,0.0
2023-11-10 09:30:00-05:00,27.219999313354492,27.219999313354492,27.219999313354492,27.219999313354492,420,0.0,0.0,0.0
2023-11-10 14:30:00-05:00,27.5,27.5,27.5,27.5,445,0.0,0.0,0.0
2023-11-10 15:30:00-05:00,27.579999923706055,27.59000015258789,27.549999237060547,27.56999969482422,1211,0.0,0.0,0.0
2023-11-14 09:30:00-05:00,28.110000610351562,28.110000610351562,28.109899520874023,28.110000610351562,490,0.0,0.0,0.0
2023-11-14 11:30:00-05:00,28.190000534057617,28.225000381469727,28.184999465942383,28.209999084472656,1637,0.0,0.0,0.0
2023-11-14 14:30:00-05:00,28.269899368286133,28.3700008392334,28.264999389648438,28.3700008392334,8541,0.0,0.0,0.0
2023-11-14 15:30:00-05:00,28.280000686645508,28.299999237060547,28.280000686645508,28.299999237060547,0,0.0,0.0,0.0
2023-11-15 12:30:00-05:00,28.329999923706055,28.329999923706055,28.329999923706055,28.329999923706055,800,0.0,0.0,0.0
2023-11-15 13:30:00-05:00,28.40999984741211,28.40999984741211,28.399999618530273,28.399999618530273,200,0.0,0.0,0.0
2023-11-15 15:30:00-05:00,28.3700008392334,28.3700008392334,28.3700008392334,28.3700008392334,600,0.0,0.0,0.0
2023-11-16 10:30:00-05:00,28.34000015258789,28.34000015258789,28.34000015258789,28.34000015258789,0,0.0,0.0,0.0
2023-11-16 12:30:00-05:00,28.34000015258789,28.34000015258789,28.329999923706055,28.329999923706055,201,0.0,0.0,0.0
2023-11-16 15:30:00-05:00,28.3700008392334,28.371999740600586,28.3700008392334,28.371999740600586,0,0.0,0.0,0.0
2023-11-17 12:30:00-05:00,28.43000030517578,28.43000030517578,28.43000030517578,28.43000030517578,100,0.0,0.0,0.0
2023-11-17 13:30:00-05:00,28.450000762939453,28.479999542236328,28.450000762939453,28.479999542236328,212,0.0,0.0,0.0
2023-11-17 15:30:00-05:00,28.440000534057617,28.440000534057617,28.436199188232422,28.436199188232422,135,0.0,0.0,0.0
2023-11-20 12:30:00-05:00,28.6299991607666,28.6299991607666,28.6299991607666,28.6299991607666,1267,0.0,0.0,0.0
2023-11-20 13:30:00-05:00,28.705900192260742,28.709999084472656,28.684999465942383,28.684999465942383,882,0.0,0.0,0.0
2023-11-20 14:30:00-05:00,28.690000534057617,28.81999969482422,28.684999465942383,28.715700149536133,0,0.0,0.0,0.0
2023-11-21 09:30:00-05:00,28.690000534057617,28.690000534057617,28.639999389648438,28.639999389648438,4201,0.0,0.0,0.0
2023-11-21 10:30:00-05:00,28.639999389648438,28.639999389648438,28.639999389648438,28.639999389648438,104,0.0,0.0,0.0
2023-11-21 11:30:00-05:00,28.65999984741211,28.65999984741211,28.65999984741211,28.65999984741211,100,0.0,0.0,0.0
2023-11-21 12:30:00-05:00,28.700000762939453,28.700000762939453,28.700000762939453,28.700000762939453,200,0.0,0.0,0.0
2023-11-21 14:30:00-05:00,28.709999084472656,28.709999084472656,28.67840003967285,28.67840003967285,0,0.0,0.0,0.0
2023-11-22 09:30:00-05:00,28.829999923706055,28.93000030517578,28.810699462890625,28.810699462890625,3749,0.0,0.0,0.0
2023-11-24 09:30:00-05:00,28.81999969482422,28.829999923706055,28.80069923400879,28.80069923400879,0,0.0,0.0,0.0
2023-11-27 09:30:00-05:00,28.739999771118164,28.75,28.73590087890625,28.73590087890625,0,0.0,0.0,0.0
2023-11-28 09:30:00-05:00,28.690000534057617,28.719999313354492,28.690000534057617,28.719999313354492,8570,0.0,0.0,0.0
2023-11-28 12:30:00-05:00,28.709999084472656,28.729999542236328,28.709999084472656,28.729999542236328,3001,0.0,0.0,0.0
2023-11-28 15:30:00-05:00,28.799999237060547,28.799999237060547,28.75119972229004,28.75119972229004,0,0.0,0.0,0.0
2023-11-29 09:30:00-05:00,29.030000686645508,29.059999465942383,29.030000686645508,29.049999237060547,10653,0.0,0.0,0.0
2023-11-29 14:30:00-05:00,28.79599952697754,28.79599952697754,28.790000915527344,28.790000915527344,354,0.0,0.0,0.0
2023-11-29 15:30:00-05:00,28.720500946044922,28.720500946044922,28.720500946044922,28.720500946044922,0,0.0,0.0,0.0
2023-11-30 09:30:00-05:00,28.75,28.760000228881836,28.729999542236328,28.760000228881836,5001,0.0,0.0,0.0
2023-11-30 12:30:00-05:00,28.670000076293945,28.670000076293945,28.670000076293945,28.670000076293945,141,0.0,0.0,0.0
2023-11-30 14:30:00-05:00,28.661500930786133,28.661500930786133,28.661500930786133,28.661500930786133,311,0.0,0.0,0.0
2023-11-30 15:30:00-05:00,28.78499984741211,28.884700775146484,28.78499984741211,28.884700775146484,0,0.0,0.0,0.0
2023-12-01 09:30:00-05:00,28.8799991607666,28.889999389648438,28.8799991607666,28.889999389648438,4000,0.0,0.0,0.0
2023-12-01 10:30:00-05:00,28.8799991607666,28.93000030517578,28.8700008392334,28.93000030517578,11200,0.0,0.0,0.0
2023-12-01 11:30:00-05:00,28.954999923706055,29.037700653076172,28.954999923706055,29.037700653076172,917,0.0,0.0,0.0
2023-12-01 12:30:00-05:00,29.149999618530273,29.178699493408203,29.149999618530273,29.178699493408203,200,0.0,0.0,0.0
2023-12-01 13:30:00-05:00,29.100000381469727,29.100000381469727,29.100000381469727,29.100000381469727,100,0.0,0.0,0.0
2023-12-01 14:30:00-05:00,29.100000381469727,29.100000381469727,29.100000381469727,29.100000381469727,150,0.0,0.0,0.0
2023-12-01 15:30:00-05:00,29.139999389648438,29.139999389648438,29.139999389648438,29.139999389648438,100,0.0,0.0,0.0
2023-12-04 09:30:00-05:00,28.899999618530273,28.93000030517578,28.899999618530273,28.920000076293945,0,0.0,0.0,0.0
2023-12-04 12:30:00-05:00,28.920000076293945,28.920000076293945,28.920000076293945,28.920000076293945,100,0.0,0.0,0.0
2023-12-04 15:30:00-05:00,28.8799991607666,28.920400619506836,28.860000610351562,28.920400619506836,400,0.0,0.0,0.0
2023-12-05 09:30:00-05:00,28.790000915527344,28.93000030517578,28.790000915527344,28.93000030517578,495,0.0,0.0,0.0
2023-12-05 11:30:00-05:00,28.899999618530273,28.917600631713867,28.876699447631836,28.876699447631836,0,0.0,0.0,0.0
2023-12-06 09:30:00-05:00,29.010000228881836,29.010000228881836,28.969999313354492,28.969999313354492,3058,0.0,0.0,0.0
2023-12-06 11:30:00-05:00,28.854000091552734,28.854000091552734,28.854000091552734,28.854000091552734,488,0.0,0.0,0.0
2023-12-06 13:30:00-05:00,28.875,28.899999618530273,28.69659996032715,28.69659996032715,0,0.0,0.0,0.0
2023-12-07 10:30:00-05:00,28.895000457763672,28.895000457763672,28.895000457763672,28.895000457763672,170,0.0,0.0,0.0
2023-12-07 11:30:00-05:00,28.954999923706055,28.985000610351562,28.954999923706055,28.981399536132812,599,0.0,0.0,0.0
2023-12-07 12:30:00-05:00,29.010000228881836,29.014999389648438,28.991100311279297,29.014999389648438,985,0.0,0.0,0.0
2023-12-07 15:30:00-05:00,28.979999542236328,29.019899368286133,28.979999542236328,29.019899368286133,0,0.0,0.0,0.0
2023-12-08 09:30:00-05:00,28.989999771118164,29.209999084472656,28.989999771118164,29.209999084472656,13551,0.0,0.0,0.0
2023-12-08 10:30:00-05:00,29.18000030517578,29.18000030517578,29.1299991607666,29.1299991607666,3131,0.0,0.0,0.0
2023-12-08 13:30:00-05:00,29.139999389648438,29.139999389648438,29.139999389648438,29.139999389648438,200,0.0,0.0,0.0
2023-12-08 14:30:00-05:00,29.24410057067871,29.24410057067871,29.24169921875,29.24169921875,145,0.0,0.0,0.0
2023-12-11 09:30:00-05:00,29.200000762939453,29.345800399780273,29.200000762939453,29.345800399780273,151,0.0,0.0,0.0
2023-12-12 11:30:00-05:00,29.391399383544922,29.424999237060547,29.320100784301758,29.424999237060547,2297,0.0,0.0,0.0
2023-12-12 12:30:00-05:00,29.420000076293945,29.420000076293945,29.420000076293945,29.420000076293945,139,0.0,0.0,0.0
2023-12-12 15:30:00-05:00,29.459999084472656,29.520000457763672,29.459999084472656,29.520000457763672,0,0.0,0.0,0.0
2023-12-13 12:30:00-05:00,29.51849937438965,29.51849937438965,29.51849937438965,29.51849937438965,839,0.0,0.0,0.0
2023-12-13 13:30:00-05:00,29.528099060058594,29.84000015258789,29.528099060058594,29.84000015258789,1173,0.0,0.0,0.0
2023-12-13 14:30:00-05:00,29.860000610351562,30.110000610351562,29.860000610351562,30.030000686645508,1086,0.0,0.0,0.0
2023-12-13 15:30:00-05:00,30.020000457763672,30.063400268554688,30.020000457763672,30.063400268554688,0,0.0,0.0,0.0
2023-12-14 09:30:00-05:00,30.280000686645508,30.350000381469727,30.280000686645508,30.309999465942383,6620,0.0,0.0,0.0
2023-12-14 12:30:00-05:00,30.360000610351562,30.360000610351562,30.190000534057617,30.190000534057617,200,0.0,0.0,0.0
2023-12-14 13:30:00-05:00,30.149999618530273,30.149999618530273,30.018299102783203,30.110000610351562,989,0.0,0.0,0.0
2023-12-14 14:30:00-05:00,30.15999984741211,30.200000762939453,30.15999984741211,30.200000762939453,200,0.0,0.0,0.0
2023-12-14 15:30:00-05:00,30.209999084472656,30.239999771118164,30.209999084472656,30.239999771118164,0,0.0,0.0,0.0
2023-12-15 13:30:00-05:00,30.209999084472656,30.209999084472656,30.209999084472656,30.209999084472656,100,0.0,0.0,0.0
2023-12-15 15:30:00-05:00,30.170000076293945,30.24370002746582,30.170000076293945,30.24370002746582,309,0.0,0.0,0.0
2023-12-18 10:30:00-05:00,30.38599967956543,30.430700302124023,30.38599967956543,30.430700302124023,6709,0.0,0.0,0.0
2023-12-18 11:30:00-05:00,30.405000686645508,30.452699661254883,30.405000686645508,30.43269920349121,723,0.0,0.0,0.0
2023-12-18 12:30:00-05:00,30.434999465942383,30.455400466918945,30.434999465942383,30.455400466918945,751,0.0,0.0,0.0
2023-12-18 13:30:00-05:00,30.510000228881836,30.530000686645508,30.440000534057617,30.530000686645508,584,0.0,0.0,0.0
2023-12-18 15:30:00-05:00,30.510000228881836,30.510000228881836,30.44499969482422,30.45800018310547,0,0.0,0.0,0.0
2023-12-19 09:30:00-05:00,30.530000686645508,30.6200008392334,30.530000686645508,30.6200008392334,14069,0.0,0.0,0.0
2023-12-19 10:30:00-05:00,30.490100860595703,30.604000091552734,30.490100860595703,30.604000091552734,850,0.0,0.0,0.0
2023-12-19 11:30:00-05:00,30.65999984741211,30.65999984741211,30.65999984741211,30.65999984741211,294,0.0,0.0,0.0
2023-12-19 12:30:00-05:00,30.591899871826172,30.69409942626953,30.591899871826172,30.69409942626953,0,0.0,0.0,0.0
2023-12-20 09:30:00-05:00,30.649700164794922,30.709999084472656,30.649700164794922,30.709999084472656,638,0.0,0.0,0.0
2023-12-20 12:30:00-05:00,30.790000915527344,30.790000915527344,30.790000915527344,30.790000915527344,265,0.0,0.0,0.0
2023-12-20 13:30:00-05:00,30.690000534057617,30.739999771118164,30.649999618530273,30.65999984741211,1872,0.0,0.0,0.0
2023-12-20 14:30:00-05:00,30.639999389648438,30.639999389648438,30.209999084472656,30.260000228881836,2057,0.0,0.0,0.0
2023-12-20 15:30:00-05:00,30.139999389648438,30.190000534057617,30.099199295043945,30.099199295043945,0,0.0,0.0,0.0
2023-12-21 09:30:00-05:00,30.40999984741211,30.450000762939453,30.40999984741211,30.450000762939453,2194,0.0,0.0,0.0
2023-12-21 11:30:00-05:00,30.21619987487793,30.21619987487793,30.21619987487793,30.21619987487793,1044,0.0,0.0,0.0
2023-12-21 12:30:00-05:00,30.209999084472656,30.209999084472656,30.209999084472656,30.209999084472656,200,0.0,0.0,0.0
2023-12-21 13:30:00-05:00,30.259300231933594,30.259300231933594,30.259300231933594,30.259300231933594,402,0.0,0.0,0.0
2023-12-21 14:30:00-05:00,30.25149917602539,30.31839942932129,30.25149917602539,30.31839942932129,4312,0.0,0.0,0.0
2023-12-21 15:30:00-05:00,30.51569938659668,30.51569938659668,30.51569938659668,30.51569938659668,0,0.0,0.0,0.0
2023-12-22 09:30:00-05:00,30.68000030517578,30.68000030517578,30.68000030517578,30.68000030517578,100,0.0,0.0,0.0
2023-12-22 10:30:00-05:00,30.719999313354492,30.719999313354492,30.6299991607666,30.689899444580078,605,0.0,0.0,0.0
2023-12-22 11:30:00-05:00,30.65999984741211,30.670000076293945,30.65999984741211,30.670000076293945,400,0.0,0.0,0.0
2023-12-22 12:30:00-05:00,30.649999618530273,30.700000762939453,30.649999618530273,30.700000762939453,400,0.0,0.0,0.0
2023-12-22 13:30:00-05:00,30.68000030517578,30.68000030517578,30.510000228881836,30.514999389648438,7554,0.0,0.0,0.0
2023-12-22 14:30:00-05:00,30.489999771118164,30.600000381469727,30.459999084472656,30.600000381469727,2200,0.0,0.0,0.0
2023-12-22 15:30:00-05:00,30.610000610351562,30.610000610351562,30.58449935913086,30.58449935913086,200,0.0,0.0,0.0
2023-12-26 12:30:00-05:00,30.729999542236328,30.729999542236328,30.729999542236328,30.729999542236328,0,0.0,0.0,0.0
2023-12-26 14:30:00-05:00,30.75480079650879,30.809999465942383,30.75480079650879,30.809999465942383,684,0.0,0.0,0.0
2023-12-26 15:30:00-05:00,30.770000457763672,30.770000457763672,30.770000457763672,30.770000457763672,0,0.0,0.0,0.0
2023-12-27 11:30:00-05:00,30.770000457763672,30.770000457763672,30.770000457763672,30.770000457763672,202,0.0,0.0,0.0
2023-12-27 12:30:00-05:00,30.716400146484375,30.790000915527344,30.716400146484375,30.790000915527344,360,0.0,0.0,0.0
2023-12-27 13:30:00-05:00,30.770000457763672,30.770000457763672,30.65999984741211,30.729999542236328,4703,0.0,0.0,0.0
2023-12-27 14:30:00-05:00,30.75,30.790000915527344,30.75,30.790000915527344,600,0.0,0.0,0.0
2023-12-27 15:30:00-05:00,30.770000457763672,30.8700008392334,30.75,30.8700008392334,0,0.0,0.0,0.0
2023-12-28 09:30:00-05:00,30.899999618530273,30.899999618530273,30.899999618530273,30.899999618530273,3122,0.0,0.0,0.0
2023-12-28 12:30:00-05:00,30.899999618530273,30.899999618530273,30.860000610351562,30.860000610351562,300,0.0,0.0,0.0
2023-12-28 14:30:00-05:00,30.909900665283203,30.909900665283203,30.854999542236328,30.854999542236328,2600,0.0,0.0,0.0
2023-12-28 15:30:00-05:00,30.850000381469727,30.850000381469727,30.850000381469727,30.850000381469727,0,0.0,0.0,0.0
2023-12-29 09:30:00-05:00,30.829999923706055,30.829999923706055,30.829999923706055,30.829999923706055,112,0.0,0.0,0.0
2023-12-29 12:30:00-05:00,30.579999923706055,30.579999923706055,30.579999923706055,30.579999923706055,115,0.0,0.0,0.0
2023-12-29 13:30:00-05:00,30.65999984741211,30.690000534057617,30.65999984741211,30.690000534057617,200,0.0,0.0,0.0
2023-12-29 14:30:00-05:00,30.719999313354492,30.739999771118164,30.719999313354492,30.739999771118164,202,0.0,0.0,0.0
2023-12-29 15:30:00-05:00,30.61319923400879,30.61319923400879,30.61319923400879,30.61319923400879,100,0.0,0.0,0.0
2024-01-02 09:30:00-05:00,30.43000030517578,30.440000534057617,30.43000030517578,30.440000534057617,5258,0.0,0.0,0.0
2024-01-02 12:30:00-05:00,30.5,30.5,30.5,30.5,121,0.0,0.0,0.0
2024-01-02 15:30:00-05:00,30.375099182128906,30.375099182128906,30.375099182128906,30.375099182128906,0,0.0,0.0,0.0
2024-01-03 12:30:00-05:00,30.15999984741211,30.18000030517578,30.15999984741211,30.18000030517578,210,0.0,0.0,0.0
2024-01-03 14:30:00-05:00,30.139999389648438,30.139999389648438,30.04560089111328,30.04560089111328,0,0.0,0.0,0.0
2024-01-04 09:30:00-05:00,30.09000015258789,30.110000610351562,30.09000015258789,30.110000610351562,900,0.0,0.0,0.0
2024-01-04 10:30:00-05:00,30.15999984741211,30.18000030517578,30.15999984741211,30.18000030517578,400,0.0,0.0,0.0
2024-01-04 11:30:00-05:00,30.219999313354492,30.219999313354492,30.219999313354492,30.219999313354492,200,0.0,0.0,0.0
2024-01-04 12:30:00-05:00,30.100000381469727,30.100000381469727,30.100000381469727,30.100000381469727,419,0.0,0.0,0.0
2024-01-04 15:30:00-05:00,29.93000030517578,29.93000030517578,29.93000030517578,29.93000030517578,2500,0.0,0.0,0.0
2024-01-05 09:30:00-05:00,30.010000228881836,30.1299991607666,30.010000228881836,30.1299991607666,5542,0.0,0.0,0.0
2024-01-05 10:30:00-05:00,30.09149932861328,30.09149932861328,30.09149932861328,30.09149932861328,1474,0.0,0.0,0.0
2024-01-05 13:30:00-05:00,29.989999771118164,30.059999465942383,29.9601993560791,29.9601993560791,828,0.0,0.0,0.0
2024-01-08 09:30:00-05:00,30.040000915527344,30.1200008392334,30.040000915527344,30.1200008392334,0,0.0,0.0,0.0
2024-01-08 14:30:00-05:00,30.49370002746582,30.49370002746582,30.49370002746582,30.49370002746582,142,0.0,0.0,0.0
2024-01-08 15:30:00-05:00,30.47879981994629,30.54599952697754,30.47879981994629,30.54599952697754,173,0.0,0.0,0.0
2024-01-09 09:30:00-05:00,30.280000686645508,30.299999237060547,30.280000686645508,30.290000915527344,0,0.0,0.0,0.0
2024-01-09 12:30:00-05:00,30.485000610351562,30.4950008392334,30.485000610351562,30.4950008392334,468,0.0,0.0,0.0
2024-01-09 15:30:00-05:00,30.450000762939453,30.450000762939453,30.44809913635254,30.44809913635254,0,0.0,0.0,0.0
2024-01-10 09:30:00-05:00,30.510000228881836,30.530000686645508,30.510000228881836,30.520000457763672,6000,0.0,0.0,0.0
2024-01-10 10:30:00-05:00,30.489999771118164,30.489999771118164,30.489999771118164,30.489999771118164,645,0.0,0.0,0.0
2024-01-10 11:30:00-05:00,30.55769920349121,30.579999923706055,30.55769920349121,30.579999923706055,863,0.0,0.0,0.0
2024-01-10 14:30:00-05:00,30.651599884033203,30.651599884033203,30.651599884033203,30.651599884033203,290,0.0,0.0,0.0
2024-01-10 15:30:00-05:00,30.690000534057617,30.700000762939453,30.690000534057617,30.700000762939453,777,0.0,0.0,0.0
2024-01-11 09:30:00-05:00,30.729999542236328,30.809999465942383,30.520000457763672,30.520000457763672,0,0.0,0.0,0.0
2024-01-11 10:30:00-05:00,30.56999969482422,30.56999969482422,30.4419002532959,30.479999542236328,1850,0.0,0.0,0.0
2024-01-11 12:30:00-05:00,30.41010093688965,30.4950008392334,30.41010093688965,30.4950008392334,646,0.0,0.0,0.0
2024-01-11 13:30:00-05:00,30.5049991607666,30.633499145507812,30.469999313354492,30.633499145507812,0,0.0,0.0,0.0
2024-01-12 14:30:00-05:00,30.579999923706055,30.671600341796875,30.579999923706055,30.671600341796875,2626,0.0,0.0,0.0
2024-01-16 10:30:00-05:00,30.540000915527344,30.59000015258789,30.540000915527344,30.59000015258789,1502,0.0,0.0,0.0
2024-01-16 12:30:00-05:00,30.459999084472656,30.459999084472656,30.459999084472656,30.459999084472656,949,0.0,0.0,0.0
2024-01-16 13:30:00-05:00,30.3705997467041,30.416400909423828,30.3705997467041,30.416400909423828,275,0.0,0.0,0.0
2024-01-16 15:30:00-05:00,30.389999389648438,30.487300872802734,30.389999389648438,30.487300872802734,0,0.0,0.0,0.0
2024-01-17 09:30:00-05:00,30.190000534057617,30.190000534057617,30.15999984741211,30.15999984741211,1677,0.0,0.0,0.0
2024-01-17 10:30:00-05:00,30.299999237060547,30.299999237060547,30.299999237060547,30.299999237060547,1053,0.0,0.0,0.0
2024-01-17 12:30:00-05:00,30.196500778198242,30.209999084472656,30.15999984741211,30.15999984741211,16411,0.0,0.0,0.0
2024-01-17 13:30:00-05:00,30.170000076293945,30.229999542236328,30.141000747680664,30.229999542236328,14451,0.0,0.0,0.0
2024-01-17 14:30:00-05:00,30.202299118041992,30.300500869750977,30.139999389648438,30.300500869750977,0,0.0,0.0,0.0
2024-01-18 12:30:00-05:00,30.3700008392334,30.3799991607666,30.3700008392334,30.3799991607666,285,0.0,0.0,0.0
2024-01-18 13:30:00-05:00,30.3700008392334,30.3700008392334,30.3700008392334,30.3700008392334,100,0.0,0.0,0.0
2024-01-18 15:30:00-05:00,30.6200008392334,30.63010025024414,30.610000610351562,30.63010025024414,0,0.0,0.0,0.0
2024-01-19 09:30:00-05:00,30.739999771118164,30.75,30.739999771118164,30.739999771118164,6069,0.0,0.0,0.0
2024-01-19 12:30:00-05:00,30.969999313354492,30.969999313354492,30.969999313354492,30.969999313354492,1500,0.0,0.0,0.0
2024-01-19 14:30:00-05:00,31.145000457763672,31.145000457763672,31.145000457763672,31.145000457763672,274,0.0,0.0,0.0
2024-01-22 15:30:00-05:00,31.29960060119629,31.29960060119629,31.239999771118164,31.239999771118164,0,0.0,0.0,0.0
2024-01-23 14:30:00-05:00,31.350000381469727,31.350000381469727,31.350000381469727,31.350000381469727,0,0.0,0.0,0.0
2024-01-23 15:30:00-05:00,31.399999618530273,31.43000030517578,31.399999618530273,31.43000030517578,8670,0.0,0.0,0.0
2024-01-24 09:30:00-05:00,31.639999389648438,31.639999389648438,31.444299697875977,31.444299697875977,0,0.0,0.0,0.0
2024-01-25 09:30:00-05:00,31.71500015258789,31.71500015258789,31.71500015258789,31.71500015258789,351,0.0,0.0,0.0
2024-01-25 13:30:00-05:00,31.479999542236328,31.479999542236328,31.479999542236328,31.479999542236328,192,0.0,0.0,0.0
2024-01-25 14:30:00-05:00,31.650699615478516,31.650699615478516,31.644699096679688,31.644699096679688,0,0.0,0.0,0.0
2024-01-29 15:30:00-05:00,32.0,32.029998779296875,31.98900032043457,31.98900032043457,1375,0.0,0.0,0.0
2024-01-30 10:30:00-05:00,31.959999084472656,31.959999084472656,31.959999084472656,31.959999084472656,0,0.0,0.0,0.0
2024-01-30 13:30:00-05:00,31.90089988708496,31.90089988708496,31.90089988708496,31.90089988708496,481,0.0,0.0,0.0
2024-01-30 15:30:00-05:00,31.950000762939453,31.950000762939453,31.283899307250977,31.283899307250977,0,0.0,0.0,0.0
2024-02-01 11:30:00-05:00,31.420000076293945,31.741300582885742,31.420000076293945,31.741300582885742,0,0.0,0.0,0.0
2024-02-02 12:30:00-05:00,32.18000030517578,32.2599983215332,32.18000030517578,32.2599983215332,3000,0.0,0.0,0.0
2024-02-02 13:30:00-05:00,32.27000045776367,32.27000045776367,32.27000045776367,32.27000045776367,1500,0.0,0.0,0.0
2024-02-02 15:30:00-05:00,32.429901123046875,32.429901123046875,32.349998474121094,32.4099006652832,650,0.0,0.0,0.0
2024-02-05 13:30:00-05:00,32.119998931884766,32.16419982910156,32.119998931884766,32.16419982910156,0,0.0,0.0,0.0
2024-02-06 12:30:00-05:00,32.150001525878906,32.150001525878906,32.150001525878906,32.150001525878906,1500,0.0,0.0,0.0
2024-02-06 15:30:00-05:00,32.189998626708984,32.2599983215332,32.189998626708984,32.2599983215332,0,0.0,0.0,0.0
2024-02-07 12:30:00-05:00,32.59000015258789,32.59000015258789,32.589900970458984,32.589900970458984,360,0.0,0.0,0.0
2024-02-07 13:30:00-05:00,32.66999816894531,32.66999816894531,32.64680099487305,32.64680099487305,931,0.0,0.0,0.0
2024-02-07 15:30:00-05:00,32.650001525878906,32.650001525878906,32.650001525878906,32.650001525878906,0,0.0,0.0,0.0
2024-02-08 11:30:00-05:00,32.650001525878906,32.650001525878906,32.61650085449219,32.61650085449219,1554,0.0,0.0,0.0
2024-02-08 13:30:00-05:00,32.584999084472656,32.584999084472656,32.584999084472656,32.584999084472656,218,0.0,0.0,0.0
2024-02-08 15:30:00-05:00,32.6697998046875,32.91939926147461,32.6697998046875,32.91939926147461,0,0.0,0.0,0.0
2024-02-12 10:30:00-05:00,33.06999969482422,33.06999969482422,32.89030075073242,32.89030075073242,10,0.0,0.0,0.0
2024-02-13 11:30:00-05:00,32.34619903564453,32.34619903564453,32.34619903564453,32.34619903564453,328,0.0,0.0,0.0
2024-02-13 12:30:00-05:00,32.400001525878906,32.400001525878906,32.334598541259766,32.334598541259766,1291,0.0,0.0,0.0
2024-02-13 14:30:00-05:00,32.040000915527344,32.040000915527344,32.040000915527344,32.040000915527344,270,0.0,0.0,0.0
2024-02-13 15:30:00-05:00,32.18000030517578,32.21950149536133,32.18000030517578,32.21950149536133,0,0.0,0.0,0.0
2024-02-14 15:30:00-05:00,32.5880012512207,32.77000045776367,32.5880012512207,32.77000045776367,313,0.0,0.0,0.0
2024-02-15 13:30:00-05:00,32.920101165771484,32.920101165771484,32.920101165771484,32.920101165771484,1504,0.0,0.0,0.0
2024-02-15 14:30:00-05:00,33.02000045776367,33.02000045776367,33.02000045776367,33.02000045776367,512,0.0,0.0,0.0
2024-02-15 15:30:00-05:00,33.029998779296875,33.040000915527344,33.029998779296875,33.040000915527344,0,0.0,0.0,0.0
2024-02-16 12:30:00-05:00,32.970001220703125,32.970001220703125,32.75310134887695,32.75310134887695,800,0.0,0.0,0.0
2024-02-21 09:30:00-05:00,32.38999938964844,32.38999938964844,32.38999938964844,32.38999938964844,0,0.0,0.0,0.0
2024-02-21 10:30:00-05:00,32.51250076293945,32.51250076293945,32.51250076293945,32.51250076293945,97,0.0,0.0,0.0
2024-02-22 13:30:00-05:00,33.4900016784668,33.4900016784668,33.4900016784668,33.4900016784668,192,0.0,0.0,0.0
2024-02-22 15:30:00-05:00,33.560001373291016,33.60319900512695,33.560001373291016,33.56209945678711,0,0.0,0.0,0.0
2024-02-23 10:30:00-05:00,33.58869934082031,33.58869934082031,33.58869934082031,33.58869934082031,100,0.0,0.0,0.0
2024-02-23 12:30:00-05:00,33.63800048828125,33.63800048828125,33.63800048828125,33.63800048828125,147,0.0,0.0,0.0
2024-02-23 14:30:00-05:00,33.63999938964844,33.63999938964844,33.60419845581055,33.60419845581055,755,0.0,0.0,0.0
2024-02-26 14:30:00-05:00,33.439998626708984,33.439998626708984,33.38679885864258,33.38679885864258,0,0.0,0.0,0.0
2024-02-27 14:30:00-05:00,33.416099548339844,33.45109939575195,33.416099548339844,33.45109939575195,0,0.0,0.0,0.0
2024-02-28 14:30:00-05:00,33.369998931884766,33.369998931884766,33.3385009765625,33.3385009765625,144,0.0,0.0,0.0
2024-02-29 12:30:00-05:00,33.503501892089844,33.529998779296875,33.503501892089844,33.529998779296875,1936,0.0,0.0,0.0
2024-02-29 15:30:00-05:00,33.58000183105469,33.68009948730469,33.58000183105469,33.68009948730469,100,0.0,0.0,0.0
2024-03-01 09:30:00-05:00,33.619998931884766,33.619998931884766,33.619998931884766,33.619998931884766,0,0.0,0.0,0.0
2024-03-01 10:30:00-05:00,33.880001068115234,33.900001525878906,33.869998931884766,33.869998931884766,5236,0.0,0.0,0.0
2024-03-01 11:30:00-05:00,33.83000183105469,33.939998626708984,33.83000183105469,33.939998626708984,9440,0.0,0.0,0.0
2024-03-01 12:30:00-05:00,33.95000076293945,33.970001220703125,33.890098571777344,33.970001220703125,4940,0.0,0.0,0.0
2024-03-01 14:30:00-05:00,34.09000015258789,34.09000015258789,33.97999954223633,34.03499984741211,8415,0.0,0.0,0.0
2024-03-01 15:30:00-05:00,34.06999969482422,34.09000015258789,34.04349899291992,34.09000015258789,1120,0.0,0.0,0.0
2024-03-04 09:30:00-05:00,33.97999954223633,33.97999954223633,33.97999954223633,33.97999954223633,0,0.0,0.0,0.0
2024-03-04 12:30:00-05:00,34.09000015258789,34.09000015258789,34.040000915527344,34.050899505615234,610,0.0,0.0,0.0
2024-03-04 13:30:00-05:00,34.0099983215332,34.0099983215332,34.0099983215332,34.0099983215332,235,0.0,0.0,0.0
2024-03-04 14:30:00-05:00,34.12110137939453,34.189998626708984,34.12110137939453,34.189998626708984,1925,0.0,0.0,0.0
2024-03-04 15:30:00-05:00,34.029998779296875,34.029998779296875,34.0099983215332,34.0099983215332,422,0.0,0.0,0.0
2024-03-05 09:30:00-05:00,33.7400016784668,33.7400016784668,33.7400016784668,33.7400016784668,0,0.0,0.0,0.0
2024-03-05 14:30:00-05:00,33.349998474121094,33.484798431396484,33.349998474121094,33.484798431396484,500,0.0,0.0,0.0
2024-03-06 09:30:00-05:00,33.77000045776367,33.77000045776367,33.77000045776367,33.77000045776367,0,0.0,0.0,0.0
2024-03-06 11:30:00-05:00,33.95000076293945,33.95000076293945,33.95000076293945,33.95000076293945,973,0.0,0.0,0.0
2024-03-06 12:30:00-05:00,33.76530075073242,33.76530075073242,33.76530075073242,33.76530075073242,0,0.0,0.0,0.0
2024-03-07 13:30:00-05:00,34.357200622558594,34.380001068115234,34.2848014831543,34.2848014831543,101,0.0,0.0,0.0
2024-03-08 14:30:00-05:00,34.220001220703125,34.220001220703125,34.220001220703125,34.220001220703125,4901,0.0,0.0,0.0
2024-03-11 09:30:00-04:00,33.86000061035156,33.86000061035156,33.86000061035156,33.86000061035156,0,0.0,0.0,0.0
2024-03-11 10:30:00-04:00,33.88999938964844,33.88999938964844,33.88999938964844,33.88999938964844,100,0.0,0.0,0.0
2024-03-11 12:30:00-04:00,33.93000030517578,33.93000030517578,33.93000030517578,33.93000030517578,550,0.0,0.0,0.0
2024-03-11 13:30:00-04:00,33.83300018310547,33.83300018310547,33.83300018310547,33.83300018310547,450,0.0,0.0,0.0
2024-03-11 14:30:00-04:00,33.90999984741211,33.90999984741211,33.88420104980469,33.88420104980469,0,0.0,0.0,0.0
2024-03-12 15:30:00-04:00,34.459999084472656,34.4900016784668,34.459999084472656,34.47570037841797,248,0.0,0.0,0.0
2024-03-13 09:30:00-04:00,34.43000030517578,34.43000030517578,34.43000030517578,34.43000030517578,510,0.0,0.0,0.0
2024-03-13 10:30:00-04:00,34.42499923706055,34.459999084472656,34.42499923706055,34.43980026245117,759,0.0,0.0,0.0
2024-03-13 14:30:00-04:00,34.349998474121094,34.349998474121094,34.349998474121094,34.349998474121094,220,0.0,0.0,0.0
2024-03-13 15:30:00-04:00,34.38999938964844,34.38999938964844,34.352901458740234,34.352901458740234,285,0.0,0.0,0.0
2024-03-14 09:30:00-04:00,34.189998626708984,34.189998626708984,34.189998626708984,34.189998626708984,0,0.0,0.0,0.0
2024-03-14 14:30:00-04:00,33.959999084472656,34.182098388671875,33.959999084472656,34.182098388671875,28,0.0,0.0,0.0
2024-03-15 11:30:00-04:00,33.91999816894531,33.91999816894531,33.855201721191406,33.855201721191406,274,0.0,0.0,0.0
2024-03-18 11:30:00-04:00,34.369998931884766,34.369998931884766,34.369998931884766,34.369998931884766,241,0.0,0.0,0.0
2024-03-18 14:30:00-04:00,34.380001068115234,34.380001068115234,34.173500061035156,34.173500061035156,0,0.0,0.0,0.0
2024-03-19 11:30:00-04:00,34.17499923706055,34.27000045776367,34.17499923706055,34.27000045776367,2500,0.0,0.0,0.0
2024-03-19 12:30:00-04:00,34.31999969482422,34.36000061035156,34.31999969482422,34.36000061035156,3894,0.0,0.0,0.0
2024-03-19 13:30:00-04:00,34.3849983215332,34.400001525878906,34.29999923706055,34.400001525878906,626,0.0,0.0,0.0
2024-03-19 14:30:00-04:00,34.40999984741211,34.40999984741211,34.31700134277344,34.36000061035156,2994,0.0,0.0,0.0
2024-03-19 15:30:00-04:00,34.43000030517578,34.46110153198242,34.4297981262207,34.46110153198242,0,0.0,0.0,0.0
2024-03-20 11:30:00-04:00,34.44499969482422,34.44499969482422,34.44499969482422,34.44499969482422,100,0.0,0.0,0.0
2024-03-20 12:30:00-04:00,34.5,34.5,34.5,34.5,284,0.0,0.0,0.0
2024-03-20 14:30:00-04:00,34.5,34.870201110839844,34.5,34.870201110839844,0,0.0,0.0,0.0
2024-03-21 12:30:00-04:00,35.11000061035156,35.11000061035156,35.11000061035156,35.11000061035156,230,0.0,0.0,0.0
2024-03-21 14:30:00-04:00,35.099998474121094,35.099998474121094,35.03929901123047,35.03929901123047,3478,0.0,0.0,0.0
2024-03-22 09:30:00-04:00,35.099998474121094,35.099998474121094,35.099998474121094,35.099998474121094,0,0.0,0.0,0.0
2024-03-22 12:30:00-04:00,34.99399948120117,35.05500030517578,34.99399948120117,35.05500030517578,731,0.0,0.0,0.0
2024-03-22 15:30:00-04:00,35.040000915527344,35.040000915527344,35.040000915527344,35.040000915527344,305,0.0,0.0,0.0
2024-03-25 13:30:00-04:00,34.83000183105469,34.83000183105469,34.79600143432617,34.79600143432617,0,0.0,0.0,0.0
2024-03-26 09:30:00-04:00,34.9900016784668,34.9900016784668,34.92499923706055,34.97990036010742,122,0.0,0.0,0.0
2024-03-26 14:30:00-04:00,34.91999816894531,34.91999816894531,34.674400329589844,34.674400329589844,0,0.0,0.0,0.0
2024-03-27 10:30:00-04:00,34.77399826049805,34.83000183105469,34.77399826049805,34.829898834228516,937,0.0,0.0,0.0
2024-03-27 14:30:00-04:00,34.84000015258789,34.849998474121094,34.84000015258789,34.849998474121094,1536,0.0,0.0,0.0
2024-03-27 15:30:00-04:00,35.040000915527344,35.0713996887207,35.040000915527344,35.0713996887207,248,0.0,0.0,0.0
2024-03-28 09:30:00-04:00,35.15999984741211,35.189998626708984,35.15999984741211,35.189998626708984,0,0.0,0.0,0.0
2024-03-28 11:30:00-04:00,35.20000076293945,35.20000076293945,35.186100006103516,35.186100006103516,1025,0.0,0.0,0.0
2024-03-28 12:30:00-04:00,35.16999816894531,35.16999816894531,35.13999938964844,35.13999938964844,506,0.0,0.0,0.0
2024-03-28 13:30:00-04:00,35.16999816894531,35.16999816894531,35.16999816894531,35.16999816894531,900,0.0,0.0,0.0
2024-03-28 14:30:00-04:00,35.196998596191406,35.196998596191406,35.196998596191406,35.196998596191406,425,0.0,0.0,0.0
2024-03-28 15:30:00-04:00,35.22999954223633,35.22999954223633,35.20560073852539,35.20560073852539,132,0.0,0.0,0.0
2024-04-01 15:30:00-04:00,35.06999969482422,35.06999969482422,35.06999969482422,35.06999969482422,0,0.0,0.0,0.0
2024-04-02 09:30:00-04:00,34.59000015258789,34.599998474121094,34.59000015258789,34.599998474121094,1507,0.0,0.0,0.0
2024-04-02 14:30:00-04:00,34.630001068115234,34.67570114135742,34.630001068115234,34.67570114135742,163,0.0,0.0,0.0
2024-04-03 09:30:00-04:00,34.540000915527344,34.540000915527344,34.540000915527344,34.540000915527344,0,0.0,0.0,0.0
2024-04-03 13:30:00-04:00,34.900001525878906,34.900001525878906,34.899898529052734,34.899898529052734,1440,0.0,0.0,0.0
2024-04-03 15:30:00-04:00,34.77000045776367,34.77000045776367,34.72890090942383,34.72890090942383,0,0.0,0.0,0.0
2024-04-04 13:30:00-04:00,34.650001525878906,34.65999984741211,34.650001525878906,34.65999984741211,1505,0.0,0.0,0.0
2024-04-04 14:30:00-04:00,34.54999923706055,34.650001525878906,34.15800094604492,34.15800094604492,3938,0.0,0.0,0.0
2024-04-05 10:30:00-04:00,34.45000076293945,34.59000015258789,34.45000076293945,34.59000015258789,1531,0.0,0.0,0.0
2024-04-05 14:30:00-04:00,34.68000030517578,34.69990158081055,34.64500045776367,34.68000030517578,1984,0.0,0.0,0.0
2024-04-05 15:30:00-04:00,34.7400016784668,34.7400016784668,34.72480010986328,34.72480010986328,100,0.0,0.0,0.0
2024-04-08 09:30:00-04:00,34.72999954223633,34.72999954223633,34.709800720214844,34.709800720214844,0,0.0,0.0,0.0
2024-04-08 10:30:00-04:00,34.83000183105469,34.83000183105469,34.79999923706055,34.79999923706055,564,0.0,0.0,0.0
2024-04-08 12:30:00-04:00,34.7400016784668,34.7400016784668,34.64339828491211,34.64339828491211,0,0.0,0.0,0.0
2024-04-09 09:30:00-04:00,34.7400016784668,34.7400016784668,34.63999938964844,34.63999938964844,1110,0.0,0.0,0.0
2024-04-09 10:30:00-04:00,34.369998931884766,34.459999084472656,34.349998474121094,34.349998474121094,2741,0.0,0.0,0.0
2024-04-09 14:30:00-04:00,34.5,34.5,34.4900016784668,34.4900016784668,207,0.0,0.0,0.0
2024-04-09 15:30:00-04:00,34.619998931884766,34.66659927368164,34.619998931884766,34.66659927368164,0,0.0,0.0,0.0
2024-04-10 11:30:00-04:00,34.150001525878906,34.15999984741211,34.150001525878906,34.15999984741211,142639,0.0,0.0,0.0
2024-04-10 13:30:00-04:00,34.2599983215332,34.310001373291016,34.209999084472656,34.310001373291016,3134,0.0,0.0,0.0
2024-04-10 15:30:00-04:00,34.33000183105469,34.33000183105469,34.28379821777344,34.28379821777344,630,0.0,0.0,0.0
2024-04-11 09:30:00-04:00,34.25,34.25,34.25,34.25,0,0.0,0.0,0.0
2024-04-11 10:30:00-04:00,34.17399978637695,34.17399978637695,34.17399978637695,34.17399978637695,675,0.0,0.0,0.0
2024-04-11 12:30:00-04:00,34.599998474121094,34.689998626708984,34.58000183105469,34.58000183105469,0,0.0,0.0,0.0
2024-04-11 15:30:00-04:00,34.7400016784668,34.7400016784668,34.618499755859375,34.618499755859375,121,0.0,0.0,0.0
2024-04-15 10:30:00-04:00,33.96549987792969,33.96549987792969,33.36429977416992,33.36429977416992,0,0.0,0.0,0.0
2024-04-16 09:30:00-04:00,33.36000061035156,33.36000061035156,33.36000061035156,33.36000061035156,709,0.0,0.0,0.0
2024-04-16 11:30:00-04:00,33.368900299072266,33.368900299072266,33.349998474121094,33.349998474121094,1300,0.0,0.0,0.0
2024-04-16 13:30:00-04:00,33.229000091552734,33.229000091552734,33.229000091552734,33.229000091552734,809,0.0,0.0,0.0
2024-04-16 14:30:00-04:00,33.40999984741211,33.40999984741211,33.38249969482422,33.40999984741211,1053,0.0,0.0,0.0
2024-04-16 15:30:00-04:00,33.369998931884766,33.369998931884766,33.26430130004883,33.26430130004883,0,0.0,0.0,0.0
2024-04-17 10:30:00-04:00,33.130001068115234,33.130001068115234,33.130001068115234,33.130001068115234,875,0.0,0.0,0.0
2024-04-17 12:30:00-04:00,32.959999084472656,32.959999084472656,32.959999084472656,32.959999084472656,1947,0.0,0.0,0.0
2024-04-17 15:30:00-04:00,33.0099983215332,33.0099983215332,32.799800872802734,32.799800872802734,0,0.0,0.0,0.0
2024-04-19 13:30:00-04:00,32.5,32.5,32.5,32.5,49,0.0,0.0,0.0
2024-04-22 11:30:00-04:00,32.59000015258789,32.7322998046875,32.59000015258789,32.7322998046875,140,0.0,0.0,0.0
2024-04-23 10:30:00-04:00,33.22999954223633,33.22999954223633,33.22990036010742,33.22990036010742,1124,0.0,0.0,0.0
2024-04-23 14:30:00-04:00,33.349998474121094,33.349998474121094,33.24879837036133,33.24879837036133,0,0.0,0.0,0.0
2024-04-24 11:30:00-04:00,33.119998931884766,33.29999923706055,33.119998931884766,33.29999923706055,109,0.0,0.0,0.0
2024-04-25 15:30:00-04:00,32.97999954223633,33.04629898071289,32.97999954223633,33.04629898071289,610,0.0,0.0,0.0
2024-04-26 11:30:00-04:00,33.55730056762695,33.55730056762695,33.55730056762695,33.55730056762695,600,0.0,0.0,0.0
2024-04-26 13:30:00-04:00,33.59640121459961,33.59640121459961,33.59640121459961,33.59640121459961,215,0.0,0.0,0.0
2024-04-30 15:30:00-04:00,33.130001068115234,33.15010070800781,32.967498779296875,32.967498779296875,0,0.0,0.0,0.0
2024-05-01 14:30:00-04:00,33.02000045776367,33.45000076293945,32.755699157714844,32.755699157714844,1271,0.0,0.0,0.0
2024-05-02 10:30:00-04:00,32.810001373291016,33.07229995727539,32.810001373291016,33.07229995727539,100,0.0,0.0,0.0
2024-05-03 09:30:00-04:00,33.650001525878906,33.650001525878906,33.650001525878906,33.650001525878906,500,0.0,0.0,0.0
2024-05-03 10:30:00-04:00,33.495601654052734,33.599998474121094,33.495601654052734,33.599998474121094,1796,0.0,0.0,0.0
2024-05-03 11:30:00-04:00,33.63999938964844,33.63999938964844,33.63999938964844,33.63999938964844,143,0.0,0.0,0.0
2024-05-03 13:30:00-04:00,33.70000076293945,33.70000076293945,33.70000076293945,33.70000076293945,117,0.0,0.0,0.0
2024-05-03 14:30:00-04:00,33.720001220703125,33.720001220703125,33.720001220703125,33.720001220703125,101,0.0,0.0,0.0
2024-05-03 15:30:00-04:00,33.76900100708008,33.76900100708008,33.70539855957031,33.70539855957031,577,0.0,0.0,0.0
2024-05-06 09:30:00-04:00,33.97999954223633,34.04999923706055,33.97999954223633,34.04999923706055,1703,0.0,0.0,0.0
2024-05-06 10:30:00-04:00,34.02000045776367,34.029998779296875,34.019901275634766,34.029998779296875,442,0.0,0.0,0.0
2024-05-06 12:30:00-04:00,33.98720169067383,34.04999923706055,33.98500061035156,34.04999923706055,1435,0.0,0.0,0.0
2024-05-06 15:30:00-04:00,34.2599983215332,34.2599983215332,34.25,34.2599983215332,1764,0.0,0.0,0.0
2024-05-07 09:30:00-04:00,34.2599983215332,34.2599983215332,34.2599983215332,34.2599983215332,0,0.0,0.0,0.0
2024-05-07 13:30:00-04:00,34.33000183105469,34.33000183105469,34.30009841918945,34.30009841918945,0,0.0,0.0,0.0
2024-05-09 11:30:00-04:00,34.45000076293945,34.45000076293945,34.45000076293945,34.45000076293945,342,0.0,0.0,0.0
2024-05-09 12:30:00-04:00,34.47999954223633,34.49330139160156,34.38999938964844,34.49330139160156,0,0.0,0.0,0.0
2024-05-10 10:30:00-04:00,34.54999923706055,34.560001373291016,34.54999923706055,34.560001373291016,1767,0.0,0.0,0.0
2024-05-10 13:30:00-04:00,34.59000015258789,34.618900299072266,34.59000015258789,34.618900299072266,729,0.0,0.0,0.0
2024-05-13 12:30:00-04:00,34.529998779296875,34.529998779296875,34.529998779296875,34.529998779296875,0,0.0,0.0,0.0
2024-05-13 14:30:00-04:00,34.6599006652832,34.6599006652832,34.57889938354492,34.57889938354492,652,0.0,0.0,0.0
2024-05-14 09:30:00-04:00,34.63999938964844,34.63999938964844,34.63999938964844,34.63999938964844,0,0.0,0.0,0.0
2024-05-14 10:30:00-04:00,34.66999816894531,34.66999816894531,34.59199905395508,34.59199905395508,716,0.0,0.0,0.0
2024-05-14 14:30:00-04:00,34.81999969482422,34.858001708984375,34.78499984741211,34.858001708984375,2387,0.0,0.0,0.0
2024-05-15 09:30:00-04:00,35.099998474121094,35.130001068115234,35.099998474121094,35.130001068115234,0,0.0,0.0,0.0
2024-05-15 10:30:00-04:00,35.2400016784668,35.27000045776367,35.21269989013672,35.25400161743164,1037,0.0,0.0,0.0
2024-05-15 11:30:00-04:00,35.27000045776367,35.27000045776367,35.27000045776367,35.27000045776367,300,0.0,0.0,0.0
2024-05-15 12:30:00-04:00,35.369998931884766,35.369998931884766,35.33769989013672,35.369998931884766,2055,0.0,0.0,0.0
2024-05-15 13:30:00-04:00,35.43000030517578,35.43000030517578,35.43000030517578,35.43000030517578,18139,0.0,0.0,0.0
2024-05-15 15:30:00-04:00,35.40999984741211,35.452301025390625,35.40999984741211,35.452301025390625,0,0.0,0.0,0.0
2024-05-16 09:30:00-04:00,35.5099983215332,35.5099983215332,35.5099983215332,35.5099983215332,560,0.0,0.0,0.0
2024-05-16 10:30:00-04:00,35.58000183105469,35.58000183105469,35.58000183105469,35.58000183105469,1685,0.0,0.0,0.0
2024-05-16 13:30:00-04:00,35.415000915527344,35.470001220703125,35.415000915527344,35.41699981689453,0,0.0,0.0,0.0
2024-05-17 10:30:00-04:00,35.380401611328125,35.380401611328125,35.380401611328125,35.380401611328125,1170,0.0,0.0,0.0
2024-05-17 13:30:00-04:00,35.334999084472656,35.334999084472656,35.334999084472656,35.334999084472656,460,0.0,0.0,0.0
2024-05-17 15:30:00-04:00,35.400001525878906,35.400001525878906,35.36949920654297,35.36949920654297,126,0.0,0.0,0.0
2024-05-20 11:30:00-04:00,35.649898529052734,35.649898529052734,35.61000061035156,35.61000061035156,11370,0.0,0.0,0.0
2024-05-20 14:30:00-04:00,35.5,35.5,35.47309875488281,35.5,1792,0.0,0.0,0.0
2024-05-20 15:30:00-04:00,35.46049880981445,35.46049880981445,35.423301696777344,35.423301696777344,310,0.0,0.0,0.0
2024-05-21 09:30:00-04:00,35.41999816894531,35.41999816894531,35.41999816894531,35.41999816894531,315,0.0,0.0,0.0
2024-05-21 10:30:00-04:00,35.48500061035156,35.48500061035156,35.48500061035156,35.48500061035156,705,0.0,0.0,0.0
2024-05-21 11:30:00-04:00,35.474998474121094,35.529998779296875,35.474998474121094,35.48979949951172,495,0.0,0.0,0.0
2024-05-21 15:30:00-04:00,35.5453987121582,35.609901428222656,35.500099182128906,35.58610153198242,0,0.0,0.0,0.0
2024-05-22 09:30:00-04:00,35.619998931884766,35.619998931884766,35.529998779296875,35.529998779296875,2278,0.0,0.0,0.0
2024-05-22 10:30:00-04:00,35.59000015258789,35.619998931884766,35.529998779296875,35.529998779296875,1876,0.0,0.0,0.0
2024-05-22 11:30:00-04:00,35.58000183105469,35.58000183105469,35.47999954223633,35.54999923706055,3039,0.0,0.0,0.0
2024-05-22 13:30:00-04:00,35.349998474121094,35.349998474121094,35.349998474121094,35.349998474121094,100,0.0,0.0,0.0
2024-05-22 15:30:00-04:00,35.349998474121094,35.43000030517578,35.279998779296875,35.41999816894531,0,0.0,0.0,0.0
2024-05-23 09:30:00-04:00,35.720001220703125,35.720001220703125,35.720001220703125,35.720001220703125,2989,0.0,0.0,0.0
2024-05-23 10:30:00-04:00,35.46989822387695,35.46989822387695,35.380001068115234,35.380001068115234,3422,0.0,0.0,0.0
2024-05-23 12:30:00-04:00,35.435001373291016,35.470001220703125,35.435001373291016,35.470001220703125,383,0.0,0.0,0.0
2024-05-23 14:30:00-04:00,34.9900016784668,34.9900016784668,34.9900016784668,34.9900016784668,133,0.0,0.0,0.0
2024-05-23 15:30:00-04:00,34.970001220703125,34.990501403808594,34.93000030517578,34.990501403808594,0,0.0,0.0,0.0
2024-05-24 15:30:00-04:00,35.310001373291016,35.369998931884766,35.310001373291016,35.34519958496094,717,0.0,0.0,0.0
2024-05-28 09:30:00-04:00,35.3849983215332,35.3849983215332,35.3849983215332,35.3849983215332,0,0.0,0.0,0.0
2024-05-28 10:30:00-04:00,35.43299865722656,35.43299865722656,35.43299865722656,35.43299865722656,413,0.0,0.0,0.0
2024-05-28 12:30:00-04:00,35.41999816894531,35.43000030517578,35.395999908447266,35.43000030517578,3262,0.0,0.0,0.0
2024-05-28 15:30:00-04:00,35.349998474121094,35.360198974609375,35.349998474121094,35.360198974609375,100,0.0,0.0,0.0
2024-05-29 09:30:00-04:00,34.97999954223633,34.97999954223633,34.97999954223633,34.97999954223633,0,0.0,0.0,0.0
2024-05-29 14:30:00-04:00,35.119998931884766,35.130001068115234,35.119998931884766,35.130001068115234,329,0.0,0.0,0.0
2024-05-29 15:30:00-04:00,35.119998931884766,35.119998931884766,34.70650100708008,34.70650100708008,0,0.0,0.0,0.0
2024-05-31 10:30:00-04:00,34.464298248291016,35.03030014038086,34.464298248291016,35.03030014038086,243,0.0,0.0,0.0
2024-06-03 09:30:00-04:00,35.31999969482422,35.31999969482422,35.31999969482422,35.31999969482422,0,0.0,0.0,0.0
2024-06-03 10:30:00-04:00,35.04999923706055,35.04999923706055,35.04999923706055,35.04999923706055,730,0.0,0.0,0.0
2024-06-03 11:30:00-04:00,34.8849983215332,34.8849983215332,34.8849983215332,34.8849983215332,310,0.0,0.0,0.0
2024-06-03 12:30:00-04:00,34.779998779296875,34.779998779296875,34.779998779296875,34.779998779296875,102,0.0,0.0,0.0
2024-06-03 13:30:00-04:00,34.9900016784668,34.9900016784668,34.9900016784668,34.9900016784668,100,0.0,0.0,0.0
2024-06-03 14:30:00-04:00,35.01570129394531,35.01570129394531,34.9739990234375,34.9739990234375,1440,0.0,0.0,0.0
2024-06-03 15:30:00-04:00,35.08000183105469,35.189998626708984,35.06999969482422,35.189998626708984,0,0.0,0.0,0.0
2024-06-04 15:30:00-04:00,35.150001525878906,35.25,35.150001525878906,35.23469924926758,1035,0.0,0.0,0.0
2024-06-05 10:30:00-04:00,35.59989929199219,35.848899841308594,35.59989929199219,35.848899841308594,0,0.0,0.0,0.0
2024-06-06 14:30:00-04:00,35.804901123046875,35.86989974975586,35.804901123046875,35.849998474121094,2462,0.0,0.0,0.0
2024-06-06 15:30:00-04:00,35.86000061035156,35.86000061035156,35.82939910888672,35.849300384521484,4527,0.0,0.0,0.0
2024-06-07 09:30:00-04:00,35.849300384521484,37.630001068115234,35.849300384521484,36.099998474121094,0,0.0,0.0,0.0
2024-06-07 12:30:00-04:00,36.060001373291016,36.099998474121094,35.97999954223633,36.099998474121094,2460,0.0,0.0,0.0
2024-06-07 13:30:00-04:00,35.849998474121094,35.959999084472656,35.801998138427734,35.801998138427734,1451,0.0,0.0,0.0
2024-06-10 09:30:00-04:00,35.70500183105469,35.70500183105469,35.70500183105469,35.70500183105469,0,0.0,0.0,0.0
2024-06-10 15:30:00-04:00,35.93000030517578,35.93000030517578,35.915199279785156,35.915199279785156,0,0.0,0.0,0.0
2024-06-11 14:30:00-04:00,35.9900016784668,36.0443000793457,35.9900016784668,36.0443000793457,235,0.0,0.0,0.0
2024-06-12 09:30:00-04:00,36.599998474121094,36.599998474121094,36.599998474121094,36.599998474121094,790,0.0,0.0,0.0
2024-06-12 10:30:00-04:00,36.79999923706055,36.810001373291016,36.7400016784668,36.7400016784668,2249,0.0,0.0,0.0
2024-06-12 11:30:00-04:00,36.685298919677734,36.689998626708984,36.654998779296875,36.654998779296875,1810,0.0,0.0,0.0
2024-06-12 12:30:00-04:00,36.720001220703125,36.720001220703125,36.720001220703125,36.720001220703125,100,0.0,0.0,0.0
2024-06-12 13:30:00-04:00,36.650001525878906,36.689998626708984,36.599998474121094,36.64500045776367,1361,0.0,0.0,0.0
2024-06-12 14:30:00-04:00,36.71390151977539,36.78499984741211,36.71390151977539,36.78499984741211,641,0.0,0.0,0.0
2024-06-12 15:30:00-04:00,36.45800018310547,36.630001068115234,36.45640182495117,36.57490158081055,2600,0.0,0.0,0.0
2024-06-13 09:30:00-04:00,36.72999954223633,36.72999954223633,36.619998931884766,36.619998931884766,0,0.0,0.0,0.0
2024-06-13 11:30:00-04:00,36.540000915527344,36.540000915527344,36.41999816894531,36.41999816894531,827,0.0,0.0,0.0
2024-06-13 12:30:00-04:00,36.310001373291016,36.45000076293945,36.310001373291016,36.45000076293945,720,0.0,0.0,0.0
2024-06-13 15:30:00-04:00,36.70000076293945,36.70000076293945,36.65739822387695,36.65739822387695,0,0.0,0.0,0.0
2024-06-14 10:30:00-04:00,36.54999923706055,36.54999923706055,36.54999923706055,36.54999923706055,344,0.0,0.0,0.0
2024-06-14 11:30:00-04:00,36.59000015258789,36.59000015258789,36.589900970458984,36.589900970458984,431,0.0,0.0,0.0
2024-06-14 12:30:00-04:00,36.58000183105469,36.599998474121094,36.54499816894531,36.59000015258789,3429,0.0,0.0,0.0
2024-06-14 13:30:00-04:00,36.57400131225586,36.57400131225586,36.57400131225586,36.57400131225586,300,0.0,0.0,0.0
2024-06-14 15:30:00-04:00,36.61000061035156,36.61000061035156,36.61000061035156,36.61000061035156,100,0.0,0.0,0.0
2024-06-17 09:30:00-04:00,36.61000061035156,36.61000061035156,36.61000061035156,36.61000061035156,0,0.0,0.0,0.0
2024-06-17 10:30:00-04:00,36.63330078125,36.77000045776367,36.63330078125,36.77000045776367,375,0.0,0.0,0.0
2024-06-17 11:30:00-04:00,36.76499938964844,36.83000183105469,36.76499938964844,36.83000183105469,696,0.0,0.0,0.0
2024-06-17 13:30:00-04:00,37.150001525878906,37.220001220703125,37.150001525878906,37.15999984741211,941,0.0,0.0,0.0
2024-06-17 14:30:00-04:00,37.2400016784668,37.2400016784668,37.189998626708984,37.19660186767578,1425,0.0,0.0,0.0
2024-06-17 15:30:00-04:00,37.209999084472656,37.209999084472656,37.119998931884766,37.119998931884766,5872,0.0,0.0,0.0
2024-06-18 09:30:00-04:00,37.13999938964844,37.16999816894531,37.13999938964844,37.16999816894531,0,0.0,0.0,0.0
2024-06-18 11:30:00-04:00,37.09000015258789,37.09000015258789,37.09000015258789,37.09000015258789,2000,0.0,0.0,0.0
2024-06-18 13:30:00-04:00,37.25,37.25,37.25,37.25,1108,0.0,0.0,0.0
2024-06-18 14:30:00-04:00,37.220001220703125,37.2400016784668,37.18000030517578,37.2400016784668,2179,0.0,0.0,0.0
2024-06-18 15:30:00-04:00,37.209999084472656,37.220001220703125,37.19620132446289,37.214298248291016,1986,0.0,0.0,0.0
2024-06-20 09:30:00-04:00,37.36000061035156,37.36000061035156,37.36000061035156,37.36000061035156,0,0.0,0.0,0.0
2024-06-20 10:30:00-04:00,37.3401985168457,37.3401985168457,37.3401985168457,37.3401985168457,670,0.0,0.0,0.0
2024-06-20 11:30:00-04:00,37.209999084472656,37.209999084472656,37.105201721191406,37.105201721191406,0,0.0,0.0,0.0
2024-06-24 12:30:00-04:00,37.130001068115234,37.130001068115234,37.06999969482422,37.06999969482422,1331,0.0,0.0,0.0
2024-06-24 13:30:00-04:00,36.95600128173828,36.95600128173828,36.834800720214844,36.834800720214844,0,0.0,0.0,0.0
2024-06-25 14:30:00-04:00,37.007198333740234,37.007198333740234,37.007198333740234,37.007198333740234,57,0.0,0.0,0.0
2024-06-26 10:30:00-04:00,36.90999984741211,36.90999984741211,36.90999984741211,36.90999984741211,1377,0.0,0.0,0.0
2024-06-26 12:30:00-04:00,36.959999084472656,36.959999084472656,36.959999084472656,36.959999084472656,62006,0.0,0.0,0.0
2024-06-26 14:30:00-04:00,36.95000076293945,37.122501373291016,36.939998626708984,37.122501373291016,0,0.0,0.0,0.0
2024-06-27 13:30:00-04:00,37.12189865112305,37.18000030517578,36.9900016784668,37.08729934692383,167,0.0,0.0,0.0
2024-06-28 11:30:00-04:00,37.189998626708984,37.189998626708984,37.189998626708984,37.189998626708984,131,0.0,0.0,0.0
2024-06-28 14:30:00-04:00,37.06999969482422,37.06999969482422,36.92580032348633,36.92580032348633,150,0.0,0.0,0.0
2024-07-01 09:30:00-04:00,36.97010040283203,37.01020050048828,36.95000076293945,36.95000076293945,1911,0.0,0.0,0.0
2024-07-01 15:30:00-04:00,37.02000045776367,37.02000045776367,37.02000045776367,37.02000045776367,570,0.0,0.0,0.0
2024-07-02 10:30:00-04:00,37.12990188598633,37.12990188598633,37.12990188598633,37.12990188598633,0,0.0,0.0,0.0
2024-07-02 12:30:00-04:00,37.13159942626953,37.13159942626953,37.13159942626953,37.13159942626953,1049,0.0,0.0,0.0
2024-07-02 13:30:00-04:00,37.20000076293945,37.21989822387695,37.130001068115234,37.130001068115234,1481,0.0,0.0,0.0
2024-07-02 15:30:00-04:00,37.28990173339844,37.56990051269531,37.28990173339844,37.56990051269531,0,0.0,0.0,0.0
2024-07-05 09:30:00-04:00,40.75,40.75,37.650001525878906,37.65999984741211,2002,0.0,0.0,0.0
2024-07-05 11:30:00-04:00,37.69960021972656,37.7599983215332,37.69960021972656,37.709999084472656,678,0.0,0.0,0.0
2024-07-05 13:30:00-04:00,37.88999938964844,37.900001525878906,37.770599365234375,37.883399963378906,15004,0.0,0.0,0.0
2024-07-08 09:30:00-04:00,38.02000045776367,38.02000045776367,37.939998626708984,37.939998626708984,0,0.0,0.0,0.0
2024-07-08 10:30:00-04:00,37.959999084472656,37.970001220703125,37.959999084472656,37.96969985961914,892,0.0,0.0,0.0
2024-07-08 11:30:00-04:00,37.94499969482422,37.94499969482422,37.858001708984375,37.858001708984375,423,0.0,0.0,0.0
2024-07-08 13:30:00-04:00,37.9093017578125,37.9093017578125,37.9093017578125,37.9093017578125,0,0.0,0.0,0.0
2024-07-09 09:30:00-04:00,38.029998779296875,38.029998779296875,38.029998779296875,38.029998779296875,100,0.0,0.0,0.0
2024-07-09 11:30:00-04:00,38.10879898071289,38.10879898071289,38.10879898071289,38.10879898071289,656,0.0,0.0,0.0
2024-07-09 12:30:00-04:00,38.08000183105469,38.130001068115234,38.04999923706055,38.04999923706055,1604,0.0,0.0,0.0
2024-07-09 14:30:00-04:00,38.0099983215332,38.52180099487305,37.95280075073242,38.52180099487305,0,0.0,0.0,0.0
2024-07-11 09:30:00-04:00,38.58000183105469,38.630001068115234,38.58000183105469,38.630001068115234,1233,0.0,0.0,0.0
2024-07-11 10:30:00-04:00,38.2599983215332,38.2599983215332,38.2598991394043,38.2598991394043,1423,0.0,0.0,0.0
2024-07-11 11:30:00-04:00,37.970001220703125,38.082801818847656,37.970001220703125,38.036800384521484,4310,0.0,0.0,0.0
2024-07-11 12:30:00-04:00,38.029998779296875,38.040000915527344,38.029998779296875,38.040000915527344,9609,0.0,0.0,0.0
2024-07-11 15:30:00-04:00,38.06999969482422,38.11000061035156,38.06999969482422,38.077598571777344,0,0.0,0.0,0.0
2024-07-12 14:30:00-04:00,38.70000076293945,38.70000076293945,38.33620071411133,38.33620071411133,262,0.0,0.0,0.0
2024-07-15 09:30:00-04:00,38.54999923706055,38.66999816894531,38.529998779296875,38.63959884643555,2002,0.0,0.0,0.0
2024-07-15 10:30:00-04:00,38.75,38.81999969482422,38.7400016784668,38.81999969482422,675,0.0,0.0,0.0
2024-07-15 11:30:00-04:00,38.79999923706055,38.79999923706055,38.65999984741211,38.65999984741211,268,0.0,0.0,0.0
2024-07-15 12:30:00-04:00,38.599998474121094,38.599998474121094,38.599998474121094,38.599998474121094,204,0.0,0.0,0.0
2024-07-15 14:30:00-04:00,38.599998474121094,38.599998474121094,38.599998474121094,38.599998474121094,701,0.0,0.0,0.0
2024-07-15 15:30:00-04:00,38.56999969482422,38.56999969482422,38.56999969482422,38.56999969482422,0,0.0,0.0,0.0
2024-07-16 10:30:00-04:00,38.720001220703125,38.720001220703125,38.720001220703125,38.720001220703125,213,0.0,0.0,0.0
2024-07-16 11:30:00-04:00,38.720001220703125,38.720001220703125,38.65999984741211,38.65999984741211,730,0.0,0.0,0.0
2024-07-16 13:30:00-04:00,38.74879837036133,38.74879837036133,38.74879837036133,38.74879837036133,181,0.0,0.0,0.0
2024-07-16 14:30:00-04:00,38.823001861572266,38.87889862060547,38.823001861572266,38.87889862060547,1286,0.0,0.0,0.0
2024-07-17 09:30:00-04:00,38.540000915527344,38.540000915527344,38.540000915527344,38.540000915527344,0,0.0,0.0,0.0
2024-07-17 11:30:00-04:00,38.19990158081055,38.19990158081055,38.1598014831543,38.168399810791016,3495,0.0,0.0,0.0
2024-07-17 12:30:00-04:00,38.119998931884766,38.119998931884766,38.119998931884766,38.119998931884766,250,0.0,0.0,0.0
2024-07-17 14:30:00-04:00,38.220001220703125,38.239898681640625,38.130001068115234,38.130001068115234,1513,0.0,0.0,0.0
2024-07-17 15:30:00-04:00,38.209999084472656,38.209999084472656,38.150001525878906,38.18000030517578,0,0.0,0.0,0.0
2024-07-18 14:30:00-04:00,37.66999816894531,37.66999816894531,37.25410079956055,37.25410079956055,100,0.0,0.0,0.0
2024-07-22 10:30:00-04:00,37.83000183105469,37.83000183105469,37.83000183105469,37.83000183105469,737,0.0,0.0,0.0
2024-07-22 11:30:00-04:00,37.560001373291016,37.560001373291016,37.560001373291016,37.560001373291016,541,0.0,0.0,0.0
2024-07-22 15:30:00-04:00,37.91999816894531,37.91999816894531,37.83470153808594,37.83470153808594,908,0.0,0.0,0.0
2024-07-23 09:30:00-04:00,38.09000015258789,38.09000015258789,38.09000015258789,38.09000015258789,0,0.0,0.0,0.0
2024-07-23 10:30:00-04:00,37.869998931884766,37.869998931884766,37.7599983215332,37.7599983215332,260,0.0,0.0,0.0
2024-07-23 11:30:00-04:00,37.88999938964844,37.88999938964844,37.72420120239258,37.72420120239258,0,0.0,0.0,0.0
2024-07-24 11:30:00-04:00,36.83000183105469,36.88159942626953,36.810699462890625,36.88159942626953,1110,0.0,0.0,0.0
2024-07-24 15:30:00-04:00,36.59000015258789,36.59000015258789,36.5,36.5,3835,0.0,0.0,0.0
2024-07-25 09:30:00-04:00,36.2599983215332,36.2599983215332,36.2599983215332,36.2599983215332,0,0.0,0.0,0.0
2024-07-25 11:30:00-04:00,36.97999954223633,36.97999954223633,36.97999954223633,36.97999954223633,334,0.0,0.0,0.0
2024-07-25 14:30:00-04:00,36.5099983215332,36.5099983215332,36.32550048828125,36.32550048828125,0,0.0,0.0,0.0
2024-07-26 12:30:00-04:00,37.08000183105469,37.08000183105469,36.74150085449219,36.74150085449219,595,0.0,0.0,0.0
2024-07-29 09:30:00-04:00,37.02000045776367,37.02000045776367,37.02000045776367,37.02000045776367,116,0.0,0.0,0.0
2024-07-29 12:30:00-04:00,36.99169921875,36.99169921875,36.83430099487305,36.83430099487305,0,0.0,0.0,0.0
2024-07-30 09:30:00-04:00,37.029998779296875,37.029998779296875,37.029998779296875,37.029998779296875,172,0.0,0.0,0.0
2024-07-30 11:30:00-04:00,36.540000915527344,36.540000915527344,36.540000915527344,36.540000915527344,149,0.0,0.0,0.0
2024-07-30 14:30:00-04:00,36.54999923706055,36.56999969482422,36.5099983215332,36.54999923706055,2880,0.0,0.0,0.0
2024-07-30 15:30:00-04:00,36.56999969482422,36.657501220703125,36.56999969482422,36.657501220703125,100,0.0,0.0,0.0
2024-07-31 10:30:00-04:00,37.38999938964844,37.459999084472656,37.349998474121094,37.459999084472656,280,0.0,0.0,0.0
2024-07-31 12:30:00-04:00,37.43000030517578,37.43000030517578,37.38999938964844,37.400001525878906,4353,0.0,0.0,0.0
2024-07-31 14:30:00-04:00,37.4901008605957,37.4901008605957,37.4901008605957,37.4901008605957,478,0.0,0.0,0.0
2024-07-31 15:30:00-04:00,37.439998626708984,37.439998626708984,37.439998626708984,37.439998626708984,112,0.0,0.0,0.0
2024-08-01 09:30:00-04:00,37.310001373291016,37.54199981689453,37.310001373291016,37.54199981689453,0,0.0,0.0,0.0
2024-08-01 11:30:00-04:00,36.970001220703125,36.970001220703125,36.93000030517578,36.93000030517578,1064,0.0,0.0,0.0
2024-08-01 12:30:00-04:00,36.630001068115234,36.630001068115234,36.630001068115234,36.630001068115234,174,0.0,0.0,0.0
2024-08-01 14:30:00-04:00,36.43000030517578,36.63800048828125,36.43000030517578,36.63800048828125,0,0.0,0.0,0.0
2024-08-02 13:30:00-04:00,35.529998779296875,35.529998779296875,35.52000045776367,35.52000045776367,2826,0.0,0.0,0.0
2024-08-02 15:30:00-04:00,35.56999969482422,35.7692985534668,35.56999969482422,35.7692985534668,656,0.0,0.0,0.0
2024-08-05 09:30:00-04:00,33.61000061035156,34.38999938964844,33.61000061035156,34.38990020751953,3191,0.0,0.0,0.0
2024-08-05 10:30:00-04:00,34.459999084472656,34.459999084472656,34.459999084472656,34.459999084472656,101,0.0,0.0,0.0
2024-08-05 11:30:00-04:00,34.720001220703125,34.779998779296875,34.639198303222656,34.779998779296875,406,0.0,0.0,0.0
2024-08-05 12:30:00-04:00,34.869998931884766,34.869998931884766,34.459999084472656,34.59000015258789,29883,0.0,0.0,0.0
2024-08-05 13:30:00-04:00,34.58000183105469,34.709999084472656,34.52000045776367,34.52000045776367,7568,0.0,0.0,0.0
2024-08-05 14:30:00-04:00,34.42279815673828,34.514400482177734,34.279998779296875,34.37009811401367,1968,0.0,0.0,0.0
2024-08-05 15:30:00-04:00,34.279998779296875,34.349998474121094,34.279998779296875,34.34000015258789,0,0.0,0.0,0.0
2024-08-06 09:30:00-04:00,34.88999938964844,35.02000045776367,34.88999938964844,34.91999816894531,1242,0.0,0.0,0.0
2024-08-06 12:30:00-04:00,35.14500045776367,35.14500045776367,35.14500045776367,35.14500045776367,245,0.0,0.0,0.0
2024-08-06 14:30:00-04:00,35.40999984741211,35.40999984741211,35.310001373291016,35.310001373291016,319,0.0,0.0,0.0
2024-08-06 15:30:00-04:00,34.93000030517578,34.93000030517578,34.880001068115234,34.880001068115234,336,0.0,0.0,0.0
2024-08-07 11:30:00-04:00,35.3849983215332,35.3849983215332,35.18000030517578,35.18600082397461,265,0.0,0.0,0.0
2024-08-07 12:30:00-04:00,34.93000030517578,34.93000030517578,34.869998931884766,34.869998931884766,1795,0.0,0.0,0.0
2024-08-07 15:30:00-04:00,34.400001525878906,34.40999984741211,34.400001525878906,34.40999984741211,590,0.0,0.0,0.0
2024-08-08 09:30:00-04:00,34.65999984741211,34.65999984741211,34.65999984741211,34.65999984741211,0,0.0,0.0,0.0
2024-08-08 11:30:00-04:00,35.2598991394043,35.35820007324219,35.2598991394043,35.35820007324219,1195,0.0,0.0,0.0
2024-08-08 12:30:00-04:00,35.230098724365234,35.230098724365234,35.230098724365234,35.230098724365234,400,0.0,0.0,0.0
2024-08-08 13:30:00-04:00,35.57820129394531,35.57820129394531,35.57820129394531,35.57820129394531,210,0.0,0.0,0.0
2024-08-08 14:30:00-04:00,35.49020004272461,35.49039840698242,35.41360092163086,35.41360092163086,0,0.0,0.0,0.0
2024-08-09 10:30:00-04:00,35.43000030517578,35.647499084472656,35.43000030517578,35.647499084472656,107,0.0,0.0,0.0
2024-08-12 15:30:00-04:00,35.54999923706055,35.605499267578125,35.54999923706055,35.605499267578125,0,0.0,0.0,0.0
2024-08-13 09:30:00-04:00,36.0099983215332,36.08000183105469,36.0099983215332,36.08000183105469,724,0.0,0.0,0.0
2024-08-13 11:30:00-04:00,36.27000045776367,36.27000045776367,36.27000045776367,36.27000045776367,520,0.0,0.0,0.0
2024-08-13 12:30:00-04:00,36.400001525878906,36.400001525878906,36.400001525878906,36.400001525878906,210,0.0,0.0,0.0
2024-08-13 14:30:00-04:00,36.38999938964844,36.38999938964844,36.38999938964844,36.38999938964844,138,0.0,0.0,0.0
2024-08-13 15:30:00-04:00,36.47999954223633,36.47999954223633,36.47999954223633,36.47999954223633,0,0.0,0.0,0.0
2024-08-14 10:30:00-04:00,36.537200927734375,36.537200927734375,36.537200927734375,36.537200927734375,354,0.0,0.0,0.0
2024-08-14 11:30:00-04:00,36.717201232910156,36.717201232910156,36.687198638916016,36.687198638916016,0,0.0,0.0,0.0
2024-08-15 09:30:00-04:00,37.099998474121094,37.099998474121094,37.099998474121094,37.099998474121094,116,0.0,0.0,0.0
2024-08-15 11:30:00-04:00,37.43000030517578,37.43000030517578,37.36000061035156,37.38999938964844,9129,0.0,0.0,0.0
2024-08-15 12:30:00-04:00,37.4900016784668,37.4900016784668,37.40999984741211,37.40999984741211,1359,0.0,0.0,0.0
2024-08-15 15:30:00-04:00,37.540000915527344,37.540000915527344,37.41019821166992,37.41019821166992,1777,0.0,0.0,0.0
2024-08-16 09:30:00-04:00,37.56999969482422,37.56999969482422,37.56999969482422,37.56999969482422,0,0.0,0.0,0.0
2024-08-16 10:30:00-04:00,37.459999084472656,37.459999084472656,37.380001068115234,37.380001068115234,214,0.0,0.0,0.0
2024-08-16 11:30:00-04:00,37.471500396728516,37.564998626708984,37.471500396728516,37.564998626708984,2713,0.0,0.0,0.0
2024-08-16 13:30:00-04:00,37.59000015258789,37.59000015258789,37.59000015258789,37.59000015258789,102,0.0,0.0,0.0
2024-08-16 15:30:00-04:00,37.58000183105469,37.599998474121094,37.54999923706055,37.57569885253906,1500,0.0,0.0,0.0
2024-08-19 09:30:00-04:00,37.380001068115234,37.66999816894531,37.380001068115234,37.63999938964844,0,0.0,0.0,0.0
2024-08-19 11:30:00-04:00,37.849998474121094,37.880001068115234,37.78770065307617,37.83000183105469,8476,0.0,0.0,0.0
2024-08-19 12:30:00-04:00,37.88999938964844,37.939998626708984,37.86000061035156,37.939998626708984,1830,0.0,0.0,0.0
2024-08-19 13:30:00-04:00,37.95000076293945,37.970001220703125,37.95000076293945,37.970001220703125,2900,0.0,0.0,0.0
2024-08-19 14:30:00-04:00,38.029998779296875,38.029998779296875,37.9900016784668,37.9900016784668,573,0.0,0.0,0.0
2024-08-19 15:30:00-04:00,38.029998779296875,38.08380126953125,38.029998779296875,38.08380126953125,0,0.0,0.0,0.0
2024-08-20 14:30:00-04:00,38.09000015258789,38.099998474121094,38.09000015258789,38.099998474121094,268,0.0,0.0,0.0
2024-08-20 15:30:00-04:00,38.040000915527344,38.040000915527344,38.01620101928711,38.01620101928711,0,0.0,0.0,0.0
2024-08-21 09:30:00-04:00,38.150001525878906,38.15399932861328,38.150001525878906,38.15399932861328,5455,0.0,0.0,0.0
2024-08-21 11:30:00-04:00,38.08000183105469,38.19850158691406,38.08000183105469,38.119998931884766,4932,0.0,0.0,0.0
2024-08-21 12:30:00-04:00,38.150001525878906,38.2599983215332,38.150001525878906,38.22809982299805,4934,0.0,0.0,0.0
2024-08-21 13:30:00-04:00,38.27000045776367,38.27000045776367,38.237701416015625,38.237701416015625,522,0.0,0.0,0.0
2024-08-21 14:30:00-04:00,38.29999923706055,38.29999923706055,38.150001525878906,38.150001525878906,590,0.0,0.0,0.0
2024-08-21 15:30:00-04:00,38.13999938964844,38.33000183105469,38.13999938964844,38.31999969482422,0,0.0,0.0,0.0
2024-08-22 12:30:00-04:00,38.060001373291016,38.060001373291016,37.967098236083984,37.967098236083984,1142,0.0,0.0,0.0
2024-08-22 13:30:00-04:00,37.79999923706055,37.79999923706055,37.7599983215332,37.7599983215332,510,0.0,0.0,0.0
2024-08-22 14:30:00-04:00,37.869998931884766,37.869998931884766,37.869998931884766,37.869998931884766,156,0.0,0.0,0.0
2024-08-22 15:30:00-04:00,37.79999923706055,37.79999923706055,37.702598571777344,37.702598571777344,0,0.0,0.0,0.0
2024-08-23 09:30:00-04:00,38.349998474121094,38.349998474121094,38.349998474121094,38.349998474121094,225,0.0,0.0,0.0
2024-08-23 11:30:00-04:00,38.310001373291016,38.310001373291016,38.310001373291016,38.310001373291016,100,0.0,0.0,0.0
2024-08-23 13:30:00-04:00,38.220001220703125,38.220001220703125,38.220001220703125,38.220001220703125,1000,0.0,0.0,0.0
2024-08-23 14:30:00-04:00,38.27000045776367,38.27000045776367,38.27000045776367,38.27000045776367,242,0.0,0.0,0.0
2024-08-23 15:30:00-04:00,38.279998779296875,38.34939956665039,38.279998779296875,38.34939956665039,100,0.0,0.0,0.0
2024-08-26 09:30:00-04:00,38.31999969482422,38.31999969482422,38.31999969482422,38.31999969482422,0,0.0,0.0,0.0
2024-08-26 10:30:00-04:00,38.22999954223633,38.22999954223633,38.22999954223633,38.22999954223633,164,0.0,0.0,0.0
2024-08-26 11:30:00-04:00,38.189998626708984,38.190101623535156,38.189998626708984,38.190101623535156,863,0.0,0.0,0.0
2024-08-26 15:30:00-04:00,38.20000076293945,38.212398529052734,38.15999984741211,38.15999984741211,0,0.0,0.0,0.0
2024-08-27 09:30:00-04:00,38.099998474121094,38.099998474121094,38.099998474121094,38.099998474121094,937,0.0,0.0,0.0
2024-08-27 14:30:00-04:00,38.27000045776367,38.27000045776367,38.257999420166016,38.257999420166016,268,0.0,0.0,0.0
2024-08-28 11:30:00-04:00,37.959999084472656,37.959999084472656,37.90999984741211,37.90999984741211,469,0.0,0.0,0.0
2024-08-28 12:30:00-04:00,37.90999984741211,37.90999984741211,37.90999984741211,37.90999984741211,1541,0.0,0.0,0.0
2024-08-28 13:30:00-04:00,37.720001220703125,37.720001220703125,37.65999984741211,37.65999984741211,696,0.0,0.0,0.0
2024-08-28 15:30:00-04:00,37.91999816894531,38.0093994140625,37.91999816894531,38.0093994140625,0,0.0,0.0,0.0
2024-08-29 14:30:00-04:00,38.04999923706055,38.04999923706055,37.923500061035156,37.923500061035156,2741,0.0,0.0,0.0
2024-08-30 09:30:00-04:00,38.279998779296875,38.279998779296875,38.2400016784668,38.2400016784668,0,0.0,0.0,0.0
2024-08-30 13:30:00-04:00,37.890098571777344,37.890098571777344,37.890098571777344,37.890098571777344,321,0.0,0.0,0.0
2024-08-30 14:30:00-04:00,38.08000183105469,38.43899917602539,38.08000183105469,38.43899917602539,413,0.0,0.0,0.0
