Datetime,Open,High,Low,Close,Volume,Dividends,Stock Splits
2025-02-07 09:04:00+09:00,5190.0,5190.0,5190.0,5190.0,0,0.0,0.0
2025-02-07 09:05:00+09:00,5280.0,5280.0,5280.0,5280.0,21500,0.0,0.0
2025-02-07 09:06:00+09:00,5280.0,5280.0,5260.0,5260.0,400,0.0,0.0
2025-02-07 09:07:00+09:00,5250.0,5260.0,5250.0,5260.0,400,0.0,0.0
2025-02-07 09:09:00+09:00,5270.0,5270.0,5260.0,5270.0,400,0.0,0.0
2025-02-07 09:10:00+09:00,5260.0,5280.0,5260.0,5280.0,1000,0.0,0.0
2025-02-07 09:11:00+09:00,5270.0,5280.0,5270.0,5280.0,200,0.0,0.0
2025-02-07 09:12:00+09:00,5270.0,5280.0,5270.0,5280.0,300,0.0,0.0
2025-02-07 09:13:00+09:00,5270.0,5270.0,5270.0,5270.0,200,0.0,0.0
2025-02-07 09:14:00+09:00,5270.0,5280.0,5270.0,5280.0,1300,0.0,0.0
2025-02-07 09:15:00+09:00,5280.0,5290.0,5270.0,5290.0,700,0.0,0.0
2025-02-07 09:16:00+09:00,5270.0,5270.0,5260.0,5270.0,3200,0.0,0.0
2025-02-07 09:17:00+09:00,5270.0,5270.0,5270.0,5270.0,200,0.0,0.0
2025-02-07 09:18:00+09:00,5270.0,5270.0,5270.0,5270.0,100,0.0,0.0
2025-02-07 09:21:00+09:00,5280.0,5280.0,5280.0,5280.0,1000,0.0,0.0
2025-02-07 09:22:00+09:00,5280.0,5280.0,5280.0,5280.0,100,0.0,0.0
2025-02-07 09:24:00+09:00,5280.0,5280.0,5280.0,5280.0,400,0.0,0.0
2025-02-07 09:25:00+09:00,5280.0,5290.0,5280.0,5290.0,600,0.0,0.0
2025-02-07 09:26:00+09:00,5300.0,5300.0,5300.0,5300.0,700,0.0,0.0
2025-02-07 09:27:00+09:00,5310.0,5320.0,5310.0,5320.0,900,0.0,0.0
2025-02-07 09:28:00+09:00,5320.0,5320.0,5320.0,5320.0,100,0.0,0.0
2025-02-07 09:29:00+09:00,5320.0,5330.0,5310.0,5310.0,1200,0.0,0.0
2025-02-07 09:31:00+09:00,5310.0,5310.0,5310.0,5310.0,100,0.0,0.0
2025-02-07 09:32:00+09:00,5290.0,5310.0,5290.0,5290.0,36300,0.0,0.0
2025-02-07 09:34:00+09:00,5310.0,5320.0,5300.0,5320.0,1800,0.0,0.0
2025-02-07 09:35:00+09:00,5320.0,5320.0,5320.0,5320.0,1100,0.0,0.0
2025-02-07 09:36:00+09:00,5330.0,5340.0,5330.0,5340.0,1300,0.0,0.0
2025-02-07 09:37:00+09:00,5340.0,5350.0,5330.0,5330.0,1900,0.0,0.0
2025-02-07 09:38:00+09:00,5330.0,5330.0,5330.0,5330.0,100,0.0,0.0
2025-02-07 09:39:00+09:00,5320.0,5320.0,5320.0,5320.0,100,0.0,0.0
2025-02-07 09:40:00+09:00,5330.0,5330.0,5320.0,5320.0,400,0.0,0.0
2025-02-07 09:41:00+09:00,5320.0,5320.0,5310.0,5310.0,200,0.0,0.0
2025-02-07 09:44:00+09:00,5320.0,5320.0,5320.0,5320.0,200,0.0,0.0
2025-02-07 09:45:00+09:00,5320.0,5320.0,5320.0,5320.0,200,0.0,0.0
2025-02-07 09:46:00+09:00,5320.0,5320.0,5320.0,5320.0,200,0.0,0.0
2025-02-07 09:47:00+09:00,5320.0,5320.0,5310.0,5310.0,200,0.0,0.0
2025-02-07 09:50:00+09:00,5310.0,5310.0,5300.0,5300.0,1700,0.0,0.0
2025-02-07 09:53:00+09:00,5310.0,5310.0,5310.0,5310.0,500,0.0,0.0
2025-02-07 09:54:00+09:00,5310.0,5310.0,5310.0,5310.0,100,0.0,0.0
2025-02-07 09:55:00+09:00,5320.0,5320.0,5320.0,5320.0,1400,0.0,0.0
2025-02-07 09:56:00+09:00,5320.0,5330.0,5320.0,5330.0,200,0.0,0.0
2025-02-07 09:58:00+09:00,5330.0,5340.0,5330.0,5340.0,1400,0.0,0.0
2025-02-07 09:59:00+09:00,5340.0,5350.0,5340.0,5350.0,800,0.0,0.0
2025-02-07 10:00:00+09:00,5350.0,5360.0,5350.0,5360.0,1100,0.0,0.0
2025-02-07 10:02:00+09:00,5350.0,5350.0,5350.0,5350.0,300,0.0,0.0
2025-02-07 10:03:00+09:00,5340.0,5340.0,5340.0,5340.0,900,0.0,0.0
2025-02-07 10:05:00+09:00,5340.0,5340.0,5330.0,5330.0,3100,0.0,0.0
2025-02-07 10:06:00+09:00,5330.0,5330.0,5320.0,5320.0,400,0.0,0.0
2025-02-07 10:08:00+09:00,5330.0,5330.0,5330.0,5330.0,100,0.0,0.0
2025-02-07 10:09:00+09:00,5330.0,5330.0,5330.0,5330.0,400,0.0,0.0
2025-02-07 10:11:00+09:00,5320.0,5320.0,5320.0,5320.0,100,0.0,0.0
2025-02-07 10:12:00+09:00,5330.0,5330.0,5330.0,5330.0,300,0.0,0.0
2025-02-07 10:15:00+09:00,5330.0,5330.0,5320.0,5330.0,800,0.0,0.0
2025-02-07 10:16:00+09:00,5340.0,5340.0,5340.0,5340.0,800,0.0,0.0
2025-02-07 10:18:00+09:00,5350.0,5350.0,5350.0,5350.0,400,0.0,0.0
2025-02-07 10:20:00+09:00,5350.0,5350.0,5350.0,5350.0,300,0.0,0.0
2025-02-07 10:23:00+09:00,5340.0,5340.0,5340.0,5340.0,700,0.0,0.0
2025-02-07 10:28:00+09:00,5330.0,5330.0,5330.0,5330.0,100,0.0,0.0
2025-02-07 10:34:00+09:00,5330.0,5330.0,5330.0,5330.0,100,0.0,0.0
2025-02-07 10:35:00+09:00,5340.0,5340.0,5340.0,5340.0,100,0.0,0.0
2025-02-07 10:36:00+09:00,5340.0,5340.0,5340.0,5340.0,600,0.0,0.0
2025-02-07 10:40:00+09:00,5350.0,5350.0,5350.0,5350.0,500,0.0,0.0
2025-02-07 10:43:00+09:00,5340.0,5340.0,5330.0,5330.0,1400,0.0,0.0
2025-02-07 10:45:00+09:00,5330.0,5330.0,5330.0,5330.0,100,0.0,0.0
2025-02-07 10:49:00+09:00,5320.0,5320.0,5320.0,5320.0,500,0.0,0.0
2025-02-07 10:51:00+09:00,5310.0,5310.0,5310.0,5310.0,100,0.0,0.0
2025-02-07 10:54:00+09:00,5320.0,5350.0,5320.0,5350.0,1100,0.0,0.0
2025-02-07 10:55:00+09:00,5340.0,5340.0,5340.0,5340.0,500,0.0,0.0
2025-02-07 10:59:00+09:00,5340.0,5340.0,5340.0,5340.0,100,0.0,0.0
2025-02-07 11:00:00+09:00,5340.0,5350.0,5340.0,5350.0,200,0.0,0.0
2025-02-07 11:05:00+09:00,5350.0,5350.0,5350.0,5350.0,2800,0.0,0.0
2025-02-07 11:06:00+09:00,5340.0,5340.0,5330.0,5330.0,900,0.0,0.0
2025-02-07 11:09:00+09:00,5330.0,5330.0,5320.0,5320.0,200,0.0,0.0
2025-02-07 11:11:00+09:00,5340.0,5340.0,5340.0,5340.0,100,0.0,0.0
2025-02-07 11:15:00+09:00,5340.0,5340.0,5340.0,5340.0,300,0.0,0.0
2025-02-07 11:16:00+09:00,5340.0,5340.0,5330.0,5330.0,500,0.0,0.0
2025-02-07 11:18:00+09:00,5330.0,5330.0,5330.0,5330.0,200,0.0,0.0
2025-02-07 11:20:00+09:00,5340.0,5340.0,5340.0,5340.0,100,0.0,0.0
2025-02-07 11:23:00+09:00,5330.0,5330.0,5330.0,5330.0,200,0.0,0.0
2025-02-07 11:25:00+09:00,5340.0,5340.0,5340.0,5340.0,100,0.0,0.0
2025-02-07 11:27:00+09:00,5330.0,5330.0,5330.0,5330.0,200,0.0,0.0
2025-02-07 11:28:00+09:00,5330.0,5330.0,5320.0,5320.0,200,0.0,0.0
2025-02-07 11:29:00+09:00,5340.0,5340.0,5330.0,5330.0,200,0.0,0.0
2025-02-07 11:30:00+09:00,5320.0,5320.0,5320.0,5320.0,100,0.0,0.0
2025-02-07 12:30:00+09:00,5330.0,5330.0,5330.0,5330.0,2100,0.0,0.0
2025-02-07 12:32:00+09:00,5320.0,5320.0,5320.0,5320.0,100,0.0,0.0
2025-02-07 12:34:00+09:00,5320.0,5320.0,5320.0,5320.0,100,0.0,0.0
2025-02-07 12:35:00+09:00,5330.0,5340.0,5330.0,5330.0,1100,0.0,0.0
2025-02-07 12:37:00+09:00,5330.0,5330.0,5330.0,5330.0,100,0.0,0.0
2025-02-07 12:40:00+09:00,5330.0,5330.0,5330.0,5330.0,100,0.0,0.0
2025-02-07 12:42:00+09:00,5320.0,5320.0,5320.0,5320.0,800,0.0,0.0
2025-02-07 12:44:00+09:00,5310.0,5310.0,5310.0,5310.0,200,0.0,0.0
2025-02-07 12:45:00+09:00,5320.0,5320.0,5320.0,5320.0,500,0.0,0.0
2025-02-07 12:47:00+09:00,5320.0,5320.0,5320.0,5320.0,100,0.0,0.0
2025-02-07 12:48:00+09:00,5320.0,5320.0,5320.0,5320.0,100,0.0,0.0
2025-02-07 12:49:00+09:00,5320.0,5320.0,5320.0,5320.0,500,0.0,0.0
2025-02-07 12:50:00+09:00,5330.0,5330.0,5330.0,5330.0,100,0.0,0.0
2025-02-07 12:54:00+09:00,5330.0,5330.0,5330.0,5330.0,800,0.0,0.0
2025-02-07 12:55:00+09:00,5340.0,5340.0,5340.0,5340.0,100,0.0,0.0
2025-02-07 12:58:00+09:00,5340.0,5340.0,5340.0,5340.0,200,0.0,0.0
2025-02-07 12:59:00+09:00,5330.0,5330.0,5330.0,5330.0,1200,0.0,0.0
2025-02-07 13:02:00+09:00,5330.0,5330.0,5330.0,5330.0,100,0.0,0.0
2025-02-07 13:05:00+09:00,5320.0,5330.0,5320.0,5330.0,200,0.0,0.0
2025-02-07 13:08:00+09:00,5330.0,5330.0,5330.0,5330.0,1400,0.0,0.0
2025-02-07 13:09:00+09:00,5330.0,5330.0,5330.0,5330.0,500,0.0,0.0
2025-02-07 13:17:00+09:00,5320.0,5320.0,5320.0,5320.0,800,0.0,0.0
2025-02-07 13:18:00+09:00,5320.0,5320.0,5320.0,5320.0,200,0.0,0.0
2025-02-07 13:20:00+09:00,5320.0,5320.0,5310.0,5320.0,700,0.0,0.0
2025-02-07 13:23:00+09:00,5310.0,5310.0,5310.0,5310.0,500,0.0,0.0
2025-02-07 13:24:00+09:00,5310.0,5310.0,5310.0,5310.0,100,0.0,0.0
2025-02-07 13:26:00+09:00,5310.0,5310.0,5310.0,5310.0,700,0.0,0.0
2025-02-07 13:27:00+09:00,5300.0,5300.0,5300.0,5300.0,500,0.0,0.0
2025-02-07 13:29:00+09:00,5300.0,5300.0,5300.0,5300.0,400,0.0,0.0
2025-02-07 13:33:00+09:00,5310.0,5310.0,5310.0,5310.0,300,0.0,0.0
2025-02-07 13:34:00+09:00,5310.0,5310.0,5310.0,5310.0,100,0.0,0.0
2025-02-07 13:35:00+09:00,5310.0,5310.0,5310.0,5310.0,1300,0.0,0.0
2025-02-07 13:36:00+09:00,5320.0,5320.0,5320.0,5320.0,300,0.0,0.0
2025-02-07 13:40:00+09:00,5310.0,5310.0,5310.0,5310.0,600,0.0,0.0
2025-02-07 13:41:00+09:00,5310.0,5320.0,5310.0,5320.0,500,0.0,0.0
2025-02-07 13:45:00+09:00,5310.0,5310.0,5300.0,5300.0,1700,0.0,0.0
2025-02-07 13:50:00+09:00,5300.0,5300.0,5300.0,5300.0,100,0.0,0.0
2025-02-07 13:53:00+09:00,5300.0,5300.0,5290.0,5290.0,800,0.0,0.0
2025-02-07 13:55:00+09:00,5290.0,5300.0,5290.0,5300.0,700,0.0,0.0
2025-02-07 13:58:00+09:00,5310.0,5310.0,5310.0,5310.0,100,0.0,0.0
2025-02-07 13:59:00+09:00,5300.0,5300.0,5300.0,5300.0,100,0.0,0.0
2025-02-07 14:00:00+09:00,5310.0,5310.0,5310.0,5310.0,200,0.0,0.0
2025-02-07 14:01:00+09:00,5310.0,5310.0,5310.0,5310.0,300,0.0,0.0
2025-02-07 14:05:00+09:00,5310.0,5310.0,5310.0,5310.0,500,0.0,0.0
2025-02-07 14:12:00+09:00,5310.0,5310.0,5310.0,5310.0,100,0.0,0.0
2025-02-07 14:13:00+09:00,5310.0,5310.0,5310.0,5310.0,100,0.0,0.0
2025-02-07 14:14:00+09:00,5310.0,5310.0,5310.0,5310.0,600,0.0,0.0
2025-02-07 14:15:00+09:00,5310.0,5310.0,5310.0,5310.0,100,0.0,0.0
2025-02-07 14:16:00+09:00,5310.0,5310.0,5310.0,5310.0,800,0.0,0.0
2025-02-07 14:17:00+09:00,5300.0,5300.0,5300.0,5300.0,100,0.0,0.0
2025-02-07 14:19:00+09:00,5300.0,5310.0,5300.0,5310.0,200,0.0,0.0
2025-02-07 14:20:00+09:00,5320.0,5320.0,5320.0,5320.0,100,0.0,0.0
2025-02-07 14:23:00+09:00,5310.0,5310.0,5310.0,5310.0,300,0.0,0.0
2025-02-07 14:26:00+09:00,5310.0,5310.0,5310.0,5310.0,100,0.0,0.0
2025-02-07 14:30:00+09:00,5320.0,5330.0,5320.0,5330.0,1300,0.0,0.0
2025-02-07 14:33:00+09:00,5320.0,5320.0,5320.0,5320.0,100,0.0,0.0
2025-02-07 14:34:00+09:00,5330.0,5330.0,5330.0,5330.0,200,0.0,0.0
2025-02-07 14:40:00+09:00,5330.0,5330.0,5330.0,5330.0,200,0.0,0.0
2025-02-07 14:42:00+09:00,5320.0,5320.0,5320.0,5320.0,500,0.0,0.0
2025-02-07 14:43:00+09:00,5320.0,5320.0,5320.0,5320.0,400,0.0,0.0
2025-02-07 14:45:00+09:00,5320.0,5330.0,5320.0,5330.0,200,0.0,0.0
2025-02-07 14:50:00+09:00,5330.0,5330.0,5320.0,5320.0,200,0.0,0.0
2025-02-07 14:51:00+09:00,5320.0,5320.0,5310.0,5310.0,1000,0.0,0.0
2025-02-07 14:54:00+09:00,5310.0,5310.0,5310.0,5310.0,100,0.0,0.0
2025-02-07 14:58:00+09:00,5310.0,5310.0,5310.0,5310.0,100,0.0,0.0
2025-02-07 15:01:00+09:00,5320.0,5320.0,5320.0,5320.0,100,0.0,0.0
2025-02-07 15:05:00+09:00,5310.0,5310.0,5310.0,5310.0,100,0.0,0.0
2025-02-07 15:07:00+09:00,5320.0,5320.0,5320.0,5320.0,100,0.0,0.0
2025-02-07 15:08:00+09:00,5310.0,5310.0,5310.0,5310.0,600,0.0,0.0
2025-02-07 15:12:00+09:00,5310.0,5310.0,5310.0,5310.0,500,0.0,0.0
2025-02-07 15:14:00+09:00,5300.0,5300.0,5300.0,5300.0,700,0.0,0.0
2025-02-07 15:15:00+09:00,5310.0,5310.0,5300.0,5300.0,200,0.0,0.0
2025-02-07 15:18:00+09:00,5300.0,5300.0,5300.0,5300.0,300,0.0,0.0
2025-02-07 15:19:00+09:00,5300.0,5300.0,5300.0,5300.0,100,0.0,0.0
2025-02-07 15:20:00+09:00,5300.0,5300.0,5300.0,5300.0,100,0.0,0.0
2025-02-07 15:21:00+09:00,5300.0,5300.0,5300.0,5300.0,200,0.0,0.0
2025-02-07 15:22:00+09:00,5300.0,5320.0,5300.0,5320.0,1400,0.0,0.0
2025-02-07 15:24:00+09:00,5320.0,5320.0,5320.0,5320.0,100,0.0,0.0
2025-02-10 09:00:00+09:00,5290.0,5290.0,5260.0,5260.0,5500,0.0,0.0
2025-02-10 09:01:00+09:00,5250.0,5250.0,5210.0,5240.0,3200,0.0,0.0
2025-02-10 09:02:00+09:00,5240.0,5240.0,5240.0,5240.0,300,0.0,0.0
2025-02-10 09:04:00+09:00,5240.0,5250.0,5230.0,5240.0,500,0.0,0.0
2025-02-10 09:07:00+09:00,5220.0,5220.0,5220.0,5220.0,0,0.0,0.0
2025-02-10 09:10:00+09:00,5220.0,5220.0,5210.0,5210.0,300,0.0,0.0
2025-02-10 09:12:00+09:00,5230.0,5230.0,5230.0,5230.0,100,0.0,0.0
2025-02-10 09:13:00+09:00,5210.0,5210.0,5190.0,5190.0,600,0.0,0.0
2025-02-10 09:14:00+09:00,5190.0,5190.0,5190.0,5190.0,100,0.0,0.0
2025-02-10 09:15:00+09:00,5200.0,5200.0,5200.0,5200.0,100,0.0,0.0
2025-02-10 09:16:00+09:00,5200.0,5200.0,5200.0,5200.0,200,0.0,0.0
2025-02-10 09:17:00+09:00,5200.0,5200.0,5200.0,5200.0,200,0.0,0.0
2025-02-10 09:19:00+09:00,5200.0,5200.0,5200.0,5200.0,100,0.0,0.0
2025-02-10 09:21:00+09:00,5190.0,5190.0,5180.0,5180.0,500,0.0,0.0
2025-02-10 09:22:00+09:00,5190.0,5190.0,5190.0,5190.0,100,0.0,0.0
2025-02-10 09:23:00+09:00,5180.0,5180.0,5170.0,5170.0,200,0.0,0.0
2025-02-10 09:24:00+09:00,5160.0,5160.0,5160.0,5160.0,100,0.0,0.0
2025-02-10 09:25:00+09:00,5160.0,5170.0,5160.0,5160.0,600,0.0,0.0
2025-02-10 09:26:00+09:00,5150.0,5150.0,5150.0,5150.0,700,0.0,0.0
2025-02-10 09:29:00+09:00,5160.0,5160.0,5160.0,5160.0,100,0.0,0.0
2025-02-10 09:33:00+09:00,5150.0,5150.0,5150.0,5150.0,400,0.0,0.0
2025-02-10 09:34:00+09:00,5140.0,5140.0,5140.0,5140.0,100,0.0,0.0
2025-02-10 09:36:00+09:00,5130.0,5130.0,5130.0,5130.0,100,0.0,0.0
2025-02-10 09:39:00+09:00,5140.0,5150.0,5140.0,5150.0,1100,0.0,0.0
2025-02-10 09:41:00+09:00,5140.0,5140.0,5140.0,5140.0,200,0.0,0.0
2025-02-10 09:42:00+09:00,5150.0,5150.0,5150.0,5150.0,300,0.0,0.0
2025-02-10 09:43:00+09:00,5140.0,5140.0,5140.0,5140.0,300,0.0,0.0
2025-02-10 09:44:00+09:00,5130.0,5140.0,5130.0,5130.0,900,0.0,0.0
2025-02-10 09:46:00+09:00,5130.0,5130.0,5130.0,5130.0,100,0.0,0.0
2025-02-10 09:47:00+09:00,5140.0,5140.0,5130.0,5130.0,200,0.0,0.0
2025-02-10 09:50:00+09:00,5130.0,5130.0,5130.0,5130.0,100,0.0,0.0
2025-02-10 09:52:00+09:00,5130.0,5130.0,5130.0,5130.0,200,0.0,0.0
2025-02-10 09:54:00+09:00,5130.0,5130.0,5130.0,5130.0,500,0.0,0.0
2025-02-10 09:55:00+09:00,5130.0,5130.0,5130.0,5130.0,100,0.0,0.0
2025-02-10 09:56:00+09:00,5130.0,5130.0,5130.0,5130.0,200,0.0,0.0
2025-02-10 10:00:00+09:00,5140.0,5150.0,5140.0,5150.0,2700,0.0,0.0
2025-02-10 10:02:00+09:00,5150.0,5150.0,5140.0,5140.0,1800,0.0,0.0
2025-02-10 10:07:00+09:00,5140.0,5140.0,5140.0,5140.0,400,0.0,0.0
2025-02-10 10:08:00+09:00,5140.0,5140.0,5140.0,5140.0,100,0.0,0.0
2025-02-10 10:11:00+09:00,5140.0,5140.0,5140.0,5140.0,100,0.0,0.0
2025-02-10 10:12:00+09:00,5150.0,5150.0,5130.0,5130.0,500,0.0,0.0
2025-02-10 10:14:00+09:00,5130.0,5130.0,5130.0,5130.0,200,0.0,0.0
2025-02-10 10:18:00+09:00,5120.0,5120.0,5120.0,5120.0,900,0.0,0.0
2025-02-10 10:19:00+09:00,5120.0,5120.0,5120.0,5120.0,500,0.0,0.0
2025-02-10 10:21:00+09:00,5120.0,5120.0,5120.0,5120.0,400,0.0,0.0
2025-02-10 10:24:00+09:00,5120.0,5120.0,5120.0,5120.0,100,0.0,0.0
2025-02-10 10:28:00+09:00,5120.0,5120.0,5120.0,5120.0,400,0.0,0.0
2025-02-10 10:29:00+09:00,5120.0,5120.0,5120.0,5120.0,700,0.0,0.0
2025-02-10 10:30:00+09:00,5120.0,5120.0,5120.0,5120.0,100,0.0,0.0
2025-02-10 10:31:00+09:00,5120.0,5120.0,5120.0,5120.0,1800,0.0,0.0
2025-02-10 10:33:00+09:00,5120.0,5120.0,5120.0,5120.0,200,0.0,0.0
2025-02-10 10:35:00+09:00,5110.0,5110.0,5110.0,5110.0,300,0.0,0.0
2025-02-10 10:39:00+09:00,5110.0,5110.0,5100.0,5100.0,600,0.0,0.0
2025-02-10 10:42:00+09:00,5100.0,5100.0,5100.0,5100.0,100,0.0,0.0
2025-02-10 10:46:00+09:00,5110.0,5110.0,5110.0,5110.0,100,0.0,0.0
2025-02-10 10:48:00+09:00,5100.0,5100.0,5100.0,5100.0,1000,0.0,0.0
2025-02-10 10:49:00+09:00,5100.0,5100.0,5100.0,5100.0,200,0.0,0.0
2025-02-10 10:59:00+09:00,5100.0,5100.0,5100.0,5100.0,100,0.0,0.0
2025-02-10 11:01:00+09:00,5100.0,5100.0,5100.0,5100.0,100,0.0,0.0
2025-02-10 11:03:00+09:00,5100.0,5100.0,5100.0,5100.0,100,0.0,0.0
2025-02-10 11:05:00+09:00,5100.0,5100.0,5090.0,5090.0,500,0.0,0.0
2025-02-10 11:08:00+09:00,5100.0,5100.0,5100.0,5100.0,200,0.0,0.0
2025-02-10 11:12:00+09:00,5100.0,5100.0,5100.0,5100.0,100,0.0,0.0
2025-02-10 11:16:00+09:00,5100.0,5100.0,5070.0,5080.0,2500,0.0,0.0
2025-02-10 11:17:00+09:00,5070.0,5070.0,5070.0,5070.0,300,0.0,0.0
2025-02-10 11:19:00+09:00,5070.0,5070.0,5070.0,5070.0,200,0.0,0.0
2025-02-10 11:21:00+09:00,5070.0,5070.0,5070.0,5070.0,100,0.0,0.0
2025-02-10 11:22:00+09:00,5070.0,5070.0,5070.0,5070.0,100,0.0,0.0
2025-02-10 11:23:00+09:00,5070.0,5070.0,5070.0,5070.0,300,0.0,0.0
2025-02-10 11:26:00+09:00,5060.0,5060.0,5060.0,5060.0,300,0.0,0.0
2025-02-10 11:27:00+09:00,5070.0,5070.0,5070.0,5070.0,1000,0.0,0.0
2025-02-10 11:29:00+09:00,5060.0,5070.0,5060.0,5070.0,600,0.0,0.0
2025-02-10 11:30:00+09:00,5060.0,5060.0,5060.0,5060.0,700,0.0,0.0
2025-02-10 12:30:00+09:00,5060.0,5070.0,5060.0,5070.0,4300,0.0,0.0
2025-02-10 12:31:00+09:00,5080.0,5090.0,5080.0,5090.0,400,0.0,0.0
2025-02-10 12:33:00+09:00,5080.0,5080.0,5080.0,5080.0,200,0.0,0.0
2025-02-10 12:34:00+09:00,5080.0,5080.0,5080.0,5080.0,100,0.0,0.0
2025-02-10 12:35:00+09:00,5080.0,5080.0,5080.0,5080.0,400,0.0,0.0
2025-02-10 12:36:00+09:00,5080.0,5080.0,5080.0,5080.0,100,0.0,0.0
2025-02-10 12:37:00+09:00,5080.0,5080.0,5080.0,5080.0,200,0.0,0.0
2025-02-10 12:39:00+09:00,5080.0,5080.0,5080.0,5080.0,100,0.0,0.0
2025-02-10 12:42:00+09:00,5080.0,5080.0,5080.0,5080.0,300,0.0,0.0
2025-02-10 12:43:00+09:00,5080.0,5080.0,5080.0,5080.0,100,0.0,0.0
2025-02-10 12:47:00+09:00,5080.0,5080.0,5080.0,5080.0,500,0.0,0.0
2025-02-10 12:48:00+09:00,5080.0,5080.0,5080.0,5080.0,100,0.0,0.0
2025-02-10 12:49:00+09:00,5090.0,5090.0,5090.0,5090.0,300,0.0,0.0
2025-02-10 12:50:00+09:00,5080.0,5080.0,5080.0,5080.0,700,0.0,0.0
2025-02-10 12:51:00+09:00,5090.0,5090.0,5080.0,5080.0,1300,0.0,0.0
2025-02-10 12:55:00+09:00,5080.0,5080.0,5080.0,5080.0,300,0.0,0.0
2025-02-10 12:59:00+09:00,5080.0,5090.0,5080.0,5090.0,300,0.0,0.0
2025-02-10 13:01:00+09:00,5090.0,5090.0,5090.0,5090.0,400,0.0,0.0
2025-02-10 13:05:00+09:00,5090.0,5090.0,5090.0,5090.0,200,0.0,0.0
2025-02-10 13:06:00+09:00,5100.0,5100.0,5100.0,5100.0,200,0.0,0.0
2025-02-10 13:08:00+09:00,5090.0,5090.0,5090.0,5090.0,400,0.0,0.0
2025-02-10 13:09:00+09:00,5100.0,5100.0,5100.0,5100.0,1200,0.0,0.0
2025-02-10 13:14:00+09:00,5110.0,5110.0,5110.0,5110.0,200,0.0,0.0
2025-02-10 13:16:00+09:00,5110.0,5130.0,5110.0,5130.0,2200,0.0,0.0
2025-02-10 13:17:00+09:00,5140.0,5150.0,5140.0,5150.0,400,0.0,0.0
2025-02-10 13:19:00+09:00,5140.0,5140.0,5140.0,5140.0,700,0.0,0.0
2025-02-10 13:20:00+09:00,5150.0,5150.0,5140.0,5140.0,100,0.0,0.0
2025-02-10 13:21:00+09:00,5130.0,5130.0,5130.0,5130.0,500,0.0,0.0
2025-02-10 13:26:00+09:00,5130.0,5130.0,5130.0,5130.0,100,0.0,0.0
2025-02-10 13:27:00+09:00,5140.0,5140.0,5140.0,5140.0,100,0.0,0.0
2025-02-10 13:30:00+09:00,5140.0,5140.0,5140.0,5140.0,600,0.0,0.0
2025-02-10 13:34:00+09:00,5150.0,5150.0,5150.0,5150.0,300,0.0,0.0
2025-02-10 13:37:00+09:00,5150.0,5160.0,5150.0,5160.0,200,0.0,0.0
2025-02-10 13:38:00+09:00,5150.0,5150.0,5150.0,5150.0,100,0.0,0.0
2025-02-10 13:39:00+09:00,5160.0,5160.0,5160.0,5160.0,100,0.0,0.0
2025-02-10 13:40:00+09:00,5150.0,5150.0,5150.0,5150.0,500,0.0,0.0
2025-02-10 13:42:00+09:00,5140.0,5140.0,5140.0,5140.0,600,0.0,0.0
2025-02-10 13:44:00+09:00,5140.0,5140.0,5140.0,5140.0,100,0.0,0.0
2025-02-10 13:46:00+09:00,5150.0,5150.0,5150.0,5150.0,900,0.0,0.0
2025-02-10 13:48:00+09:00,5150.0,5150.0,5150.0,5150.0,100,0.0,0.0
2025-02-10 13:50:00+09:00,5150.0,5150.0,5150.0,5150.0,200,0.0,0.0
2025-02-10 13:51:00+09:00,5150.0,5150.0,5130.0,5130.0,1300,0.0,0.0
2025-02-10 13:52:00+09:00,5140.0,5140.0,5140.0,5140.0,100,0.0,0.0
2025-02-10 13:55:00+09:00,5140.0,5140.0,5140.0,5140.0,100,0.0,0.0
2025-02-10 13:59:00+09:00,5130.0,5130.0,5130.0,5130.0,400,0.0,0.0
2025-02-10 14:01:00+09:00,5130.0,5130.0,5130.0,5130.0,700,0.0,0.0
2025-02-10 14:03:00+09:00,5130.0,5130.0,5130.0,5130.0,200,0.0,0.0
2025-02-10 14:11:00+09:00,5130.0,5130.0,5130.0,5130.0,400,0.0,0.0
2025-02-10 14:12:00+09:00,5130.0,5130.0,5130.0,5130.0,300,0.0,0.0
2025-02-10 14:13:00+09:00,5120.0,5120.0,5120.0,5120.0,600,0.0,0.0
2025-02-10 14:17:00+09:00,5130.0,5130.0,5130.0,5130.0,1600,0.0,0.0
2025-02-10 14:24:00+09:00,5140.0,5140.0,5140.0,5140.0,200,0.0,0.0
2025-02-10 14:27:00+09:00,5140.0,5140.0,5140.0,5140.0,2200,0.0,0.0
2025-02-10 14:29:00+09:00,5150.0,5150.0,5140.0,5140.0,800,0.0,0.0
2025-02-10 14:30:00+09:00,5140.0,5140.0,5140.0,5140.0,200,0.0,0.0
2025-02-10 14:34:00+09:00,5140.0,5140.0,5140.0,5140.0,100,0.0,0.0
2025-02-10 14:35:00+09:00,5140.0,5140.0,5140.0,5140.0,100,0.0,0.0
2025-02-10 14:36:00+09:00,5140.0,5140.0,5140.0,5140.0,100,0.0,0.0
2025-02-10 14:44:00+09:00,5150.0,5160.0,5150.0,5150.0,900,0.0,0.0
2025-02-10 14:46:00+09:00,5150.0,5150.0,5150.0,5150.0,100,0.0,0.0
2025-02-10 14:47:00+09:00,5150.0,5150.0,5150.0,5150.0,200,0.0,0.0
2025-02-10 14:56:00+09:00,5140.0,5140.0,5140.0,5140.0,400,0.0,0.0
2025-02-10 14:57:00+09:00,5150.0,5150.0,5140.0,5140.0,200,0.0,0.0
2025-02-10 14:58:00+09:00,5130.0,5140.0,5130.0,5140.0,500,0.0,0.0
2025-02-10 15:04:00+09:00,5150.0,5150.0,5150.0,5150.0,500,0.0,0.0
2025-02-10 15:09:00+09:00,5140.0,5140.0,5140.0,5140.0,800,0.0,0.0
2025-02-10 15:15:00+09:00,5130.0,5130.0,5130.0,5130.0,200,0.0,0.0
2025-02-10 15:17:00+09:00,5140.0,5140.0,5140.0,5140.0,200,0.0,0.0
2025-02-10 15:19:00+09:00,5130.0,5130.0,5120.0,5130.0,1600,0.0,0.0
2025-02-10 15:20:00+09:00,5130.0,5130.0,5130.0,5130.0,1500,0.0,0.0
2025-02-10 15:22:00+09:00,5130.0,5130.0,5130.0,5130.0,100,0.0,0.0
2025-02-10 15:23:00+09:00,5120.0,5120.0,5120.0,5120.0,200,0.0,0.0
2025-02-10 15:24:00+09:00,5120.0,5140.0,5120.0,5140.0,1100,0.0,0.0
2025-02-12 09:04:00+09:00,5130.0,5130.0,5130.0,5130.0,0,0.0,0.0
2025-02-12 09:06:00+09:00,5130.0,5130.0,5120.0,5120.0,700,0.0,0.0
2025-02-12 09:11:00+09:00,5120.0,5120.0,5120.0,5120.0,400,0.0,0.0
2025-02-12 09:12:00+09:00,5110.0,5110.0,5110.0,5110.0,300,0.0,0.0
2025-02-12 09:13:00+09:00,5110.0,5120.0,5100.0,5100.0,1900,0.0,0.0
2025-02-12 09:14:00+09:00,5100.0,5100.0,5100.0,5100.0,100,0.0,0.0
2025-02-12 09:15:00+09:00,5110.0,5110.0,5110.0,5110.0,400,0.0,0.0
2025-02-12 09:17:00+09:00,5110.0,5110.0,5110.0,5110.0,100,0.0,0.0
2025-02-12 09:18:00+09:00,5110.0,5120.0,5110.0,5120.0,1000,0.0,0.0
2025-02-12 09:21:00+09:00,5120.0,5120.0,5120.0,5120.0,1000,0.0,0.0
2025-02-12 09:22:00+09:00,5120.0,5130.0,5120.0,5130.0,1000,0.0,0.0
2025-02-12 09:24:00+09:00,5120.0,5120.0,5110.0,5110.0,1300,0.0,0.0
2025-02-12 09:25:00+09:00,5110.0,5110.0,5110.0,5110.0,400,0.0,0.0
2025-02-12 09:26:00+09:00,5110.0,5120.0,5110.0,5120.0,1300,0.0,0.0
2025-02-12 09:30:00+09:00,5120.0,5120.0,5120.0,5120.0,500,0.0,0.0
2025-02-12 09:31:00+09:00,5120.0,5120.0,5120.0,5120.0,100,0.0,0.0
2025-02-12 09:34:00+09:00,5120.0,5120.0,5120.0,5120.0,700,0.0,0.0
2025-02-12 09:35:00+09:00,5120.0,5120.0,5110.0,5110.0,1200,0.0,0.0
2025-02-12 09:41:00+09:00,5110.0,5110.0,5110.0,5110.0,300,0.0,0.0
2025-02-12 09:43:00+09:00,5100.0,5100.0,5100.0,5100.0,100,0.0,0.0
2025-02-12 09:45:00+09:00,5110.0,5110.0,5110.0,5110.0,1000,0.0,0.0
2025-02-12 09:46:00+09:00,5110.0,5110.0,5110.0,5110.0,300,0.0,0.0
2025-02-12 09:49:00+09:00,5110.0,5110.0,5110.0,5110.0,300,0.0,0.0
2025-02-12 09:50:00+09:00,5120.0,5120.0,5120.0,5120.0,400,0.0,0.0
2025-02-12 09:51:00+09:00,5120.0,5120.0,5120.0,5120.0,200,0.0,0.0
2025-02-12 09:54:00+09:00,5120.0,5120.0,5120.0,5120.0,100,0.0,0.0
2025-02-12 09:58:00+09:00,5120.0,5120.0,5120.0,5120.0,100,0.0,0.0
2025-02-12 10:01:00+09:00,5120.0,5120.0,5120.0,5120.0,400,0.0,0.0
2025-02-12 10:03:00+09:00,5120.0,5120.0,5120.0,5120.0,200,0.0,0.0
2025-02-12 10:05:00+09:00,5120.0,5120.0,5120.0,5120.0,100,0.0,0.0
2025-02-12 10:13:00+09:00,5130.0,5130.0,5130.0,5130.0,400,0.0,0.0
2025-02-12 10:15:00+09:00,5130.0,5130.0,5130.0,5130.0,300,0.0,0.0
2025-02-12 10:29:00+09:00,5140.0,5140.0,5140.0,5140.0,400,0.0,0.0
2025-02-12 10:30:00+09:00,5150.0,5150.0,5150.0,5150.0,300,0.0,0.0
2025-02-12 10:33:00+09:00,5150.0,5150.0,5150.0,5150.0,500,0.0,0.0
2025-02-12 10:35:00+09:00,5140.0,5140.0,5140.0,5140.0,500,0.0,0.0
2025-02-12 10:38:00+09:00,5130.0,5130.0,5130.0,5130.0,200,0.0,0.0
2025-02-12 10:39:00+09:00,5140.0,5140.0,5140.0,5140.0,100,0.0,0.0
2025-02-12 10:44:00+09:00,5140.0,5140.0,5140.0,5140.0,100,0.0,0.0
2025-02-12 10:45:00+09:00,5150.0,5150.0,5150.0,5150.0,700,0.0,0.0
2025-02-12 10:48:00+09:00,5150.0,5150.0,5150.0,5150.0,100,0.0,0.0
2025-02-12 10:49:00+09:00,5150.0,5150.0,5150.0,5150.0,600,0.0,0.0
2025-02-12 10:53:00+09:00,5150.0,5150.0,5150.0,5150.0,100,0.0,0.0
2025-02-12 10:59:00+09:00,5150.0,5150.0,5150.0,5150.0,200,0.0,0.0
2025-02-12 11:00:00+09:00,5150.0,5150.0,5140.0,5140.0,700,0.0,0.0
2025-02-12 11:01:00+09:00,5140.0,5140.0,5140.0,5140.0,300,0.0,0.0
2025-02-12 11:03:00+09:00,5140.0,5140.0,5140.0,5140.0,100,0.0,0.0
2025-02-12 11:04:00+09:00,5140.0,5140.0,5140.0,5140.0,600,0.0,0.0
2025-02-12 11:06:00+09:00,5140.0,5140.0,5140.0,5140.0,200,0.0,0.0
2025-02-12 11:09:00+09:00,5140.0,5140.0,5140.0,5140.0,100,0.0,0.0
2025-02-12 11:11:00+09:00,5140.0,5140.0,5140.0,5140.0,300,0.0,0.0
2025-02-12 11:15:00+09:00,5140.0,5140.0,5140.0,5140.0,300,0.0,0.0
2025-02-12 11:20:00+09:00,5140.0,5140.0,5140.0,5140.0,400,0.0,0.0
2025-02-12 11:24:00+09:00,5140.0,5140.0,5140.0,5140.0,1000,0.0,0.0
2025-02-12 11:27:00+09:00,5140.0,5140.0,5140.0,5140.0,100,0.0,0.0
2025-02-12 11:30:00+09:00,5140.0,5140.0,5140.0,5140.0,100,0.0,0.0
2025-02-12 12:30:00+09:00,5140.0,5150.0,5140.0,5140.0,3900,0.0,0.0
2025-02-12 12:34:00+09:00,5130.0,5130.0,5130.0,5130.0,1600,0.0,0.0
2025-02-12 12:37:00+09:00,5140.0,5140.0,5140.0,5140.0,200,0.0,0.0
2025-02-12 12:38:00+09:00,5140.0,5140.0,5140.0,5140.0,600,0.0,0.0
2025-02-12 12:50:00+09:00,5150.0,5150.0,5150.0,5150.0,900,0.0,0.0
2025-02-12 12:58:00+09:00,5160.0,5160.0,5160.0,5160.0,100,0.0,0.0
2025-02-12 13:03:00+09:00,5160.0,5160.0,5150.0,5150.0,1200,0.0,0.0
2025-02-12 13:16:00+09:00,5140.0,5140.0,5140.0,5140.0,200,0.0,0.0
2025-02-12 13:19:00+09:00,5140.0,5140.0,5140.0,5140.0,800,0.0,0.0
2025-02-12 13:20:00+09:00,5140.0,5140.0,5140.0,5140.0,100,0.0,0.0
2025-02-12 13:26:00+09:00,5150.0,5150.0,5150.0,5150.0,1600,0.0,0.0
2025-02-12 13:39:00+09:00,5160.0,5160.0,5160.0,5160.0,900,0.0,0.0
2025-02-12 13:40:00+09:00,5160.0,5160.0,5160.0,5160.0,100,0.0,0.0
2025-02-12 13:52:00+09:00,5160.0,5160.0,5160.0,5160.0,100,0.0,0.0
2025-02-12 14:04:00+09:00,5150.0,5150.0,5140.0,5140.0,2500,0.0,0.0
2025-02-12 14:05:00+09:00,5130.0,5130.0,5130.0,5130.0,1600,0.0,0.0
2025-02-12 14:06:00+09:00,5130.0,5130.0,5130.0,5130.0,500,0.0,0.0
2025-02-12 14:16:00+09:00,5130.0,5130.0,5130.0,5130.0,100,0.0,0.0
2025-02-12 14:43:00+09:00,5130.0,5130.0,5130.0,5130.0,2900,0.0,0.0
2025-02-12 14:44:00+09:00,5130.0,5130.0,5130.0,5130.0,200,0.0,0.0
2025-02-12 14:47:00+09:00,5140.0,5140.0,5140.0,5140.0,700,0.0,0.0
2025-02-12 14:49:00+09:00,5140.0,5140.0,5140.0,5140.0,600,0.0,0.0
2025-02-12 15:02:00+09:00,5150.0,5150.0,5150.0,5150.0,800,0.0,0.0
2025-02-12 15:04:00+09:00,5150.0,5150.0,5150.0,5150.0,300,0.0,0.0
2025-02-12 15:05:00+09:00,5150.0,5150.0,5150.0,5150.0,400,0.0,0.0
2025-02-12 15:07:00+09:00,5150.0,5150.0,5150.0,5150.0,200,0.0,0.0
2025-02-12 15:08:00+09:00,5150.0,5160.0,5130.0,5130.0,2300,0.0,0.0
2025-02-12 15:09:00+09:00,5130.0,5130.0,5130.0,5130.0,100,0.0,0.0
2025-02-12 15:11:00+09:00,5130.0,5130.0,5130.0,5130.0,100,0.0,0.0
2025-02-12 15:14:00+09:00,5120.0,5120.0,5120.0,5120.0,1100,0.0,0.0
2025-02-12 15:15:00+09:00,5120.0,5120.0,5120.0,5120.0,700,0.0,0.0
2025-02-12 15:19:00+09:00,5120.0,5120.0,5120.0,5120.0,800,0.0,0.0
2025-02-12 15:20:00+09:00,5130.0,5130.0,5130.0,5130.0,60600,0.0,0.0
2025-02-13 09:06:00+09:00,5190.0,5190.0,5190.0,5190.0,0,0.0,0.0
2025-02-13 09:07:00+09:00,5190.0,5190.0,5190.0,5190.0,300,0.0,0.0
2025-02-13 09:08:00+09:00,5180.0,5180.0,5180.0,5180.0,500,0.0,0.0
2025-02-13 09:10:00+09:00,5160.0,5170.0,5150.0,5170.0,3300,0.0,0.0
2025-02-13 09:15:00+09:00,5170.0,5170.0,5170.0,5170.0,300,0.0,0.0
2025-02-13 09:20:00+09:00,5170.0,5170.0,5170.0,5170.0,200,0.0,0.0
2025-02-13 09:21:00+09:00,5170.0,5170.0,5170.0,5170.0,600,0.0,0.0
2025-02-13 09:22:00+09:00,5170.0,5170.0,5170.0,5170.0,200,0.0,0.0
2025-02-13 09:23:00+09:00,5170.0,5170.0,5170.0,5170.0,200,0.0,0.0
2025-02-13 09:24:00+09:00,5180.0,5180.0,5180.0,5180.0,400,0.0,0.0
2025-02-13 09:26:00+09:00,5180.0,5180.0,5180.0,5180.0,200,0.0,0.0
2025-02-13 09:27:00+09:00,5170.0,5170.0,5160.0,5170.0,2700,0.0,0.0
2025-02-13 09:28:00+09:00,5170.0,5170.0,5160.0,5170.0,300,0.0,0.0
2025-02-13 09:29:00+09:00,5170.0,5170.0,5170.0,5170.0,100,0.0,0.0
2025-02-13 09:31:00+09:00,5170.0,5170.0,5170.0,5170.0,200,0.0,0.0
2025-02-13 09:32:00+09:00,5170.0,5170.0,5170.0,5170.0,400,0.0,0.0
2025-02-13 09:38:00+09:00,5160.0,5160.0,5160.0,5160.0,500,0.0,0.0
2025-02-13 09:39:00+09:00,5170.0,5170.0,5170.0,5170.0,400,0.0,0.0
2025-02-13 09:40:00+09:00,5180.0,5180.0,5180.0,5180.0,600,0.0,0.0
2025-02-13 09:41:00+09:00,5180.0,5180.0,5170.0,5170.0,500,0.0,0.0
2025-02-13 09:43:00+09:00,5180.0,5220.0,5180.0,5220.0,6300,0.0,0.0
2025-02-13 09:44:00+09:00,5210.0,5210.0,5210.0,5210.0,100,0.0,0.0
2025-02-13 09:45:00+09:00,5210.0,5210.0,5200.0,5200.0,500,0.0,0.0
2025-02-13 09:46:00+09:00,5200.0,5200.0,5200.0,5200.0,100,0.0,0.0
2025-02-13 09:49:00+09:00,5200.0,5200.0,5200.0,5200.0,100,0.0,0.0
2025-02-13 09:50:00+09:00,5200.0,5200.0,5200.0,5200.0,900,0.0,0.0
2025-02-13 09:52:00+09:00,5190.0,5190.0,5190.0,5190.0,100,0.0,0.0
2025-02-13 09:54:00+09:00,5190.0,5200.0,5190.0,5190.0,900,0.0,0.0
2025-02-13 09:55:00+09:00,5200.0,5200.0,5200.0,5200.0,200,0.0,0.0
2025-02-13 09:56:00+09:00,5210.0,5210.0,5210.0,5210.0,100,0.0,0.0
2025-02-13 09:59:00+09:00,5200.0,5200.0,5200.0,5200.0,500,0.0,0.0
2025-02-13 10:00:00+09:00,5210.0,5210.0,5210.0,5210.0,900,0.0,0.0
2025-02-13 10:01:00+09:00,5210.0,5210.0,5210.0,5210.0,300,0.0,0.0
2025-02-13 10:03:00+09:00,5200.0,5200.0,5170.0,5180.0,9900,0.0,0.0
2025-02-13 10:04:00+09:00,5170.0,5170.0,5170.0,5170.0,1100,0.0,0.0
2025-02-13 10:06:00+09:00,5180.0,5180.0,5180.0,5180.0,300,0.0,0.0
2025-02-13 10:09:00+09:00,5170.0,5170.0,5170.0,5170.0,500,0.0,0.0
2025-02-13 10:11:00+09:00,5160.0,5160.0,5160.0,5160.0,100,0.0,0.0
2025-02-13 10:13:00+09:00,5160.0,5160.0,5160.0,5160.0,200,0.0,0.0
2025-02-13 10:14:00+09:00,5170.0,5170.0,5170.0,5170.0,100,0.0,0.0
2025-02-13 10:17:00+09:00,5160.0,5160.0,5160.0,5160.0,2800,0.0,0.0
2025-02-13 10:18:00+09:00,5160.0,5160.0,5160.0,5160.0,100,0.0,0.0
2025-02-13 10:21:00+09:00,5150.0,5150.0,5150.0,5150.0,100,0.0,0.0
2025-02-13 10:22:00+09:00,5150.0,5150.0,5150.0,5150.0,200,0.0,0.0
2025-02-13 10:23:00+09:00,5160.0,5160.0,5160.0,5160.0,700,0.0,0.0
2025-02-13 10:27:00+09:00,5160.0,5160.0,5160.0,5160.0,100,0.0,0.0
2025-02-13 10:28:00+09:00,5150.0,5150.0,5150.0,5150.0,500,0.0,0.0
2025-02-13 10:29:00+09:00,5150.0,5150.0,5150.0,5150.0,500,0.0,0.0
2025-02-13 10:31:00+09:00,5140.0,5140.0,5140.0,5140.0,100,0.0,0.0
2025-02-13 10:32:00+09:00,5150.0,5150.0,5150.0,5150.0,500,0.0,0.0
2025-02-13 10:34:00+09:00,5140.0,5140.0,5130.0,5130.0,800,0.0,0.0
2025-02-13 10:35:00+09:00,5140.0,5140.0,5140.0,5140.0,400,0.0,0.0
2025-02-13 10:39:00+09:00,5130.0,5130.0,5110.0,5120.0,2200,0.0,0.0
2025-02-13 10:40:00+09:00,5120.0,5120.0,5120.0,5120.0,100,0.0,0.0
2025-02-13 10:44:00+09:00,5120.0,5130.0,5110.0,5130.0,2300,0.0,0.0
2025-02-13 10:45:00+09:00,5140.0,5140.0,5120.0,5120.0,2100,0.0,0.0
2025-02-13 10:49:00+09:00,5120.0,5120.0,5120.0,5120.0,300,0.0,0.0
2025-02-13 10:50:00+09:00,5120.0,5120.0,5120.0,5120.0,200,0.0,0.0
2025-02-13 10:51:00+09:00,5120.0,5120.0,5110.0,5110.0,1300,0.0,0.0
2025-02-13 10:54:00+09:00,5120.0,5120.0,5120.0,5120.0,300,0.0,0.0
2025-02-13 10:55:00+09:00,5120.0,5120.0,5120.0,5120.0,200,0.0,0.0
2025-02-13 11:02:00+09:00,5110.0,5110.0,5100.0,5110.0,1100,0.0,0.0
2025-02-13 11:03:00+09:00,5110.0,5110.0,5110.0,5110.0,200,0.0,0.0
2025-02-13 11:04:00+09:00,5100.0,5100.0,5100.0,5100.0,200,0.0,0.0
2025-02-13 11:06:00+09:00,5100.0,5100.0,5100.0,5100.0,100,0.0,0.0
2025-02-13 11:11:00+09:00,5110.0,5110.0,5110.0,5110.0,100,0.0,0.0
2025-02-13 11:12:00+09:00,5100.0,5100.0,5100.0,5100.0,100,0.0,0.0
2025-02-13 11:20:00+09:00,5100.0,5100.0,5100.0,5100.0,100,0.0,0.0
2025-02-13 11:21:00+09:00,5110.0,5110.0,5110.0,5110.0,1200,0.0,0.0
2025-02-13 11:24:00+09:00,5100.0,5110.0,5100.0,5110.0,200,0.0,0.0
2025-02-13 11:28:00+09:00,5110.0,5110.0,5110.0,5110.0,400,0.0,0.0
2025-02-13 11:30:00+09:00,5110.0,5110.0,5110.0,5110.0,400,0.0,0.0
2025-02-13 12:30:00+09:00,5110.0,5140.0,5110.0,5140.0,3000,0.0,0.0
2025-02-13 12:32:00+09:00,5140.0,5140.0,5130.0,5140.0,300,0.0,0.0
2025-02-13 12:33:00+09:00,5140.0,5140.0,5140.0,5140.0,100,0.0,0.0
2025-02-13 12:35:00+09:00,5140.0,5140.0,5130.0,5130.0,300,0.0,0.0
2025-02-13 12:36:00+09:00,5130.0,5130.0,5130.0,5130.0,100,0.0,0.0
2025-02-13 12:37:00+09:00,5130.0,5130.0,5120.0,5120.0,200,0.0,0.0
2025-02-13 12:40:00+09:00,5130.0,5130.0,5130.0,5130.0,600,0.0,0.0
2025-02-13 12:42:00+09:00,5120.0,5120.0,5110.0,5110.0,700,0.0,0.0
2025-02-13 12:43:00+09:00,5110.0,5110.0,5110.0,5110.0,100,0.0,0.0
2025-02-13 12:45:00+09:00,5120.0,5120.0,5120.0,5120.0,100,0.0,0.0
2025-02-13 12:47:00+09:00,5110.0,5110.0,5110.0,5110.0,100,0.0,0.0
2025-02-13 12:48:00+09:00,5110.0,5110.0,5090.0,5090.0,3500,0.0,0.0
2025-02-13 12:49:00+09:00,5090.0,5090.0,5090.0,5090.0,100,0.0,0.0
2025-02-13 12:50:00+09:00,5110.0,5110.0,5100.0,5100.0,2900,0.0,0.0
2025-02-13 12:51:00+09:00,5110.0,5110.0,5100.0,5100.0,600,0.0,0.0
2025-02-13 12:54:00+09:00,5100.0,5100.0,5100.0,5100.0,100,0.0,0.0
2025-02-13 12:59:00+09:00,5100.0,5100.0,5090.0,5090.0,1500,0.0,0.0
2025-02-13 13:00:00+09:00,5100.0,5100.0,5100.0,5100.0,700,0.0,0.0
2025-02-13 13:01:00+09:00,5100.0,5100.0,5090.0,5090.0,600,0.0,0.0
2025-02-13 13:02:00+09:00,5100.0,5100.0,5100.0,5100.0,500,0.0,0.0
2025-02-13 13:03:00+09:00,5100.0,5100.0,5100.0,5100.0,700,0.0,0.0
2025-02-13 13:04:00+09:00,5100.0,5100.0,5100.0,5100.0,100,0.0,0.0
2025-02-13 13:05:00+09:00,5100.0,5110.0,5100.0,5100.0,400,0.0,0.0
2025-02-13 13:06:00+09:00,5100.0,5100.0,5100.0,5100.0,100,0.0,0.0
2025-02-13 13:12:00+09:00,5110.0,5110.0,5100.0,5100.0,1300,0.0,0.0
2025-02-13 13:15:00+09:00,5110.0,5110.0,5110.0,5110.0,500,0.0,0.0
2025-02-13 13:16:00+09:00,5110.0,5110.0,5110.0,5110.0,100,0.0,0.0
2025-02-13 13:19:00+09:00,5110.0,5110.0,5110.0,5110.0,100,0.0,0.0
2025-02-13 13:20:00+09:00,5110.0,5110.0,5110.0,5110.0,100,0.0,0.0
2025-02-13 13:23:00+09:00,5110.0,5110.0,5110.0,5110.0,500,0.0,0.0
2025-02-13 13:24:00+09:00,5110.0,5110.0,5110.0,5110.0,100,0.0,0.0
2025-02-13 13:30:00+09:00,5120.0,5120.0,5120.0,5120.0,1500,0.0,0.0
2025-02-13 13:31:00+09:00,5110.0,5110.0,5110.0,5110.0,100,0.0,0.0
2025-02-13 13:32:00+09:00,5120.0,5120.0,5120.0,5120.0,300,0.0,0.0
2025-02-13 13:34:00+09:00,5120.0,5120.0,5120.0,5120.0,200,0.0,0.0
2025-02-13 13:35:00+09:00,5120.0,5120.0,5120.0,5120.0,200,0.0,0.0
2025-02-13 13:38:00+09:00,5130.0,5130.0,5130.0,5130.0,800,0.0,0.0
2025-02-13 13:39:00+09:00,5130.0,5130.0,5130.0,5130.0,800,0.0,0.0
2025-02-13 13:43:00+09:00,5130.0,5130.0,5130.0,5130.0,300,0.0,0.0
2025-02-13 13:48:00+09:00,5130.0,5130.0,5130.0,5130.0,700,0.0,0.0
2025-02-13 13:59:00+09:00,5120.0,5120.0,5110.0,5110.0,2400,0.0,0.0
2025-02-13 14:02:00+09:00,5120.0,5120.0,5120.0,5120.0,1000,0.0,0.0
2025-02-13 14:03:00+09:00,5120.0,5120.0,5120.0,5120.0,600,0.0,0.0
2025-02-13 14:05:00+09:00,5120.0,5120.0,5120.0,5120.0,200,0.0,0.0
2025-02-13 14:18:00+09:00,5120.0,5120.0,5120.0,5120.0,2200,0.0,0.0
2025-02-13 14:20:00+09:00,5120.0,5120.0,5120.0,5120.0,100,0.0,0.0
2025-02-13 14:21:00+09:00,5120.0,5120.0,5120.0,5120.0,100,0.0,0.0
2025-02-13 14:23:00+09:00,5120.0,5120.0,5120.0,5120.0,200,0.0,0.0
2025-02-13 14:29:00+09:00,5110.0,5110.0,5110.0,5110.0,1300,0.0,0.0
2025-02-13 14:30:00+09:00,5110.0,5110.0,5110.0,5110.0,400,0.0,0.0
2025-02-13 14:31:00+09:00,5110.0,5110.0,5110.0,5110.0,200,0.0,0.0
2025-02-13 14:37:00+09:00,5110.0,5110.0,5110.0,5110.0,200,0.0,0.0
2025-02-13 14:38:00+09:00,5110.0,5110.0,5110.0,5110.0,100,0.0,0.0
2025-02-13 14:39:00+09:00,5100.0,5100.0,5100.0,5100.0,100,0.0,0.0
2025-02-13 14:44:00+09:00,5110.0,5110.0,5110.0,5110.0,1300,0.0,0.0
2025-02-13 14:48:00+09:00,5120.0,5120.0,5120.0,5120.0,200,0.0,0.0
2025-02-13 14:50:00+09:00,5110.0,5110.0,5110.0,5110.0,1400,0.0,0.0
2025-02-13 14:58:00+09:00,5120.0,5120.0,5120.0,5120.0,700,0.0,0.0
2025-02-13 15:00:00+09:00,5120.0,5120.0,5120.0,5120.0,400,0.0,0.0
2025-02-13 15:08:00+09:00,5120.0,5120.0,5120.0,5120.0,100,0.0,0.0
2025-02-13 15:09:00+09:00,5110.0,5110.0,5110.0,5110.0,700,0.0,0.0
2025-02-13 15:16:00+09:00,5110.0,5110.0,5110.0,5110.0,100,0.0,0.0
2025-02-13 15:19:00+09:00,5120.0,5120.0,5120.0,5120.0,100,0.0,0.0
2025-02-13 15:20:00+09:00,5120.0,5120.0,5120.0,5120.0,200,0.0,0.0
2025-02-13 15:22:00+09:00,5110.0,5110.0,5110.0,5110.0,100,0.0,0.0
2025-02-13 15:23:00+09:00,5110.0,5110.0,5100.0,5100.0,1600,0.0,0.0
2025-02-13 15:24:00+09:00,5110.0,5110.0,5110.0,5110.0,500,0.0,0.0
2025-02-14 09:05:00+09:00,5120.0,5120.0,5120.0,5120.0,0,0.0,0.0
2025-02-14 09:20:00+09:00,5110.0,5110.0,5110.0,5110.0,100,0.0,0.0
2025-02-14 09:22:00+09:00,5110.0,5110.0,5110.0,5110.0,300,0.0,0.0
2025-02-14 09:28:00+09:00,5120.0,5150.0,5120.0,5150.0,5600,0.0,0.0
2025-02-14 09:29:00+09:00,5150.0,5150.0,5150.0,5150.0,300,0.0,0.0
2025-02-14 09:30:00+09:00,5150.0,5150.0,5150.0,5150.0,100,0.0,0.0
2025-02-14 09:32:00+09:00,5150.0,5150.0,5150.0,5150.0,500,0.0,0.0
2025-02-14 09:36:00+09:00,5150.0,5150.0,5150.0,5150.0,2100,0.0,0.0
2025-02-14 09:37:00+09:00,5140.0,5140.0,5140.0,5140.0,200,0.0,0.0
2025-02-14 09:38:00+09:00,5140.0,5140.0,5140.0,5140.0,800,0.0,0.0
2025-02-14 09:39:00+09:00,5130.0,5130.0,5130.0,5130.0,100,0.0,0.0
2025-02-14 09:41:00+09:00,5140.0,5140.0,5140.0,5140.0,300,0.0,0.0
2025-02-14 09:48:00+09:00,5140.0,5140.0,5140.0,5140.0,100,0.0,0.0
2025-02-14 09:49:00+09:00,5140.0,5140.0,5140.0,5140.0,600,0.0,0.0
2025-02-14 09:53:00+09:00,5130.0,5130.0,5130.0,5130.0,100,0.0,0.0
2025-02-14 09:54:00+09:00,5140.0,5140.0,5140.0,5140.0,400,0.0,0.0
2025-02-14 09:58:00+09:00,5140.0,5140.0,5140.0,5140.0,400,0.0,0.0
2025-02-14 09:59:00+09:00,5140.0,5140.0,5140.0,5140.0,200,0.0,0.0
2025-02-14 10:05:00+09:00,5140.0,5140.0,5140.0,5140.0,300,0.0,0.0
2025-02-14 10:06:00+09:00,5140.0,5140.0,5140.0,5140.0,100,0.0,0.0
2025-02-14 10:08:00+09:00,5140.0,5140.0,5140.0,5140.0,100,0.0,0.0
2025-02-14 10:09:00+09:00,5150.0,5150.0,5150.0,5150.0,600,0.0,0.0
2025-02-14 10:11:00+09:00,5150.0,5150.0,5150.0,5150.0,100,0.0,0.0
2025-02-14 10:16:00+09:00,5150.0,5150.0,5150.0,5150.0,100,0.0,0.0
2025-02-14 10:20:00+09:00,5150.0,5150.0,5150.0,5150.0,100,0.0,0.0
2025-02-14 10:23:00+09:00,5160.0,5160.0,5160.0,5160.0,300,0.0,0.0
2025-02-14 10:25:00+09:00,5160.0,5160.0,5160.0,5160.0,700,0.0,0.0
2025-02-14 10:26:00+09:00,5160.0,5160.0,5160.0,5160.0,200,0.0,0.0
2025-02-14 10:30:00+09:00,5160.0,5160.0,5160.0,5160.0,900,0.0,0.0
2025-02-14 10:36:00+09:00,5160.0,5160.0,5160.0,5160.0,400,0.0,0.0
2025-02-14 10:39:00+09:00,5160.0,5160.0,5160.0,5160.0,100,0.0,0.0
2025-02-14 10:42:00+09:00,5160.0,5160.0,5160.0,5160.0,800,0.0,0.0
2025-02-14 10:43:00+09:00,5160.0,5160.0,5160.0,5160.0,100,0.0,0.0
2025-02-14 10:48:00+09:00,5160.0,5160.0,5160.0,5160.0,500,0.0,0.0
2025-02-14 10:52:00+09:00,5170.0,5170.0,5170.0,5170.0,1300,0.0,0.0
2025-02-14 10:53:00+09:00,5170.0,5170.0,5170.0,5170.0,200,0.0,0.0
2025-02-14 10:57:00+09:00,5170.0,5170.0,5170.0,5170.0,100,0.0,0.0
2025-02-14 10:59:00+09:00,5170.0,5170.0,5170.0,5170.0,100,0.0,0.0
2025-02-14 11:01:00+09:00,5170.0,5170.0,5170.0,5170.0,400,0.0,0.0
2025-02-14 11:02:00+09:00,5160.0,5160.0,5160.0,5160.0,100,0.0,0.0
2025-02-14 11:06:00+09:00,5170.0,5170.0,5170.0,5170.0,600,0.0,0.0
2025-02-14 11:09:00+09:00,5170.0,5170.0,5170.0,5170.0,700,0.0,0.0
2025-02-14 11:11:00+09:00,5170.0,5170.0,5160.0,5170.0,2200,0.0,0.0
2025-02-14 11:12:00+09:00,5180.0,5180.0,5180.0,5180.0,800,0.0,0.0
2025-02-14 11:15:00+09:00,5190.0,5190.0,5190.0,5190.0,1900,0.0,0.0
2025-02-14 11:16:00+09:00,5180.0,5180.0,5180.0,5180.0,100,0.0,0.0
2025-02-14 11:17:00+09:00,5190.0,5190.0,5190.0,5190.0,300,0.0,0.0
2025-02-14 11:25:00+09:00,5180.0,5180.0,5180.0,5180.0,500,0.0,0.0
2025-02-14 11:26:00+09:00,5180.0,5180.0,5180.0,5180.0,400,0.0,0.0
2025-02-14 11:29:00+09:00,5170.0,5170.0,5170.0,5170.0,100,0.0,0.0
2025-02-14 11:30:00+09:00,5170.0,5170.0,5170.0,5170.0,200,0.0,0.0
2025-02-14 12:30:00+09:00,5190.0,5200.0,5190.0,5200.0,2100,0.0,0.0
2025-02-14 12:31:00+09:00,5210.0,5210.0,5210.0,5210.0,800,0.0,0.0
2025-02-14 12:33:00+09:00,5210.0,5210.0,5210.0,5210.0,100,0.0,0.0
2025-02-14 12:34:00+09:00,5210.0,5210.0,5200.0,5200.0,1100,0.0,0.0
2025-02-14 12:38:00+09:00,5200.0,5200.0,5200.0,5200.0,100,0.0,0.0
2025-02-14 12:42:00+09:00,5200.0,5200.0,5200.0,5200.0,300,0.0,0.0
2025-02-14 12:45:00+09:00,5200.0,5200.0,5200.0,5200.0,400,0.0,0.0
2025-02-14 12:48:00+09:00,5200.0,5200.0,5200.0,5200.0,600,0.0,0.0
2025-02-14 12:53:00+09:00,5190.0,5190.0,5190.0,5190.0,100,0.0,0.0
2025-02-14 12:58:00+09:00,5190.0,5190.0,5190.0,5190.0,100,0.0,0.0
2025-02-14 13:00:00+09:00,5190.0,5190.0,5190.0,5190.0,900,0.0,0.0
2025-02-14 13:03:00+09:00,5180.0,5180.0,5180.0,5180.0,100,0.0,0.0
2025-02-14 13:04:00+09:00,5180.0,5180.0,5180.0,5180.0,100,0.0,0.0
2025-02-14 13:07:00+09:00,5180.0,5180.0,5180.0,5180.0,100,0.0,0.0
2025-02-14 13:12:00+09:00,5180.0,5180.0,5180.0,5180.0,100,0.0,0.0
2025-02-14 13:15:00+09:00,5190.0,5190.0,5190.0,5190.0,900,0.0,0.0
2025-02-14 13:16:00+09:00,5190.0,5190.0,5190.0,5190.0,500,0.0,0.0
2025-02-14 13:22:00+09:00,5180.0,5180.0,5180.0,5180.0,100,0.0,0.0
2025-02-14 13:26:00+09:00,5180.0,5180.0,5180.0,5180.0,400,0.0,0.0
2025-02-14 13:29:00+09:00,5180.0,5190.0,5180.0,5190.0,1200,0.0,0.0
2025-02-14 13:30:00+09:00,5190.0,5190.0,5190.0,5190.0,400,0.0,0.0
2025-02-14 13:35:00+09:00,5190.0,5190.0,5190.0,5190.0,300,0.0,0.0
2025-02-14 13:41:00+09:00,5190.0,5190.0,5190.0,5190.0,100,0.0,0.0
2025-02-14 13:45:00+09:00,5190.0,5190.0,5190.0,5190.0,100,0.0,0.0
2025-02-14 13:50:00+09:00,5190.0,5190.0,5190.0,5190.0,100,0.0,0.0
2025-02-14 13:55:00+09:00,5190.0,5190.0,5190.0,5190.0,100,0.0,0.0
2025-02-14 13:56:00+09:00,5190.0,5190.0,5190.0,5190.0,800,0.0,0.0
2025-02-14 13:59:00+09:00,5180.0,5180.0,5180.0,5180.0,200,0.0,0.0
2025-02-14 14:01:00+09:00,5190.0,5190.0,5190.0,5190.0,100,0.0,0.0
2025-02-14 14:03:00+09:00,5190.0,5190.0,5190.0,5190.0,100,0.0,0.0
2025-02-14 14:11:00+09:00,5190.0,5190.0,5190.0,5190.0,46800,0.0,0.0
2025-02-14 14:16:00+09:00,5180.0,5190.0,5180.0,5180.0,2600,0.0,0.0
2025-02-14 14:17:00+09:00,5170.0,5170.0,5170.0,5170.0,200,0.0,0.0
2025-02-14 14:18:00+09:00,5170.0,5170.0,5170.0,5170.0,100,0.0,0.0
2025-02-14 14:40:00+09:00,5170.0,5170.0,5170.0,5170.0,100,0.0,0.0
2025-02-14 14:55:00+09:00,5180.0,5180.0,5180.0,5180.0,100,0.0,0.0
2025-02-14 14:56:00+09:00,5170.0,5170.0,5170.0,5170.0,1200,0.0,0.0
2025-02-14 14:57:00+09:00,5170.0,5170.0,5170.0,5170.0,1400,0.0,0.0
2025-02-14 15:02:00+09:00,5170.0,5170.0,5170.0,5170.0,100,0.0,0.0
2025-02-14 15:04:00+09:00,5170.0,5170.0,5170.0,5170.0,500,0.0,0.0
2025-02-14 15:05:00+09:00,5180.0,5180.0,5180.0,5180.0,1100,0.0,0.0
2025-02-14 15:08:00+09:00,5190.0,5190.0,5190.0,5190.0,600,0.0,0.0
2025-02-14 15:10:00+09:00,5180.0,5180.0,5180.0,5180.0,500,0.0,0.0
2025-02-14 15:11:00+09:00,5180.0,5180.0,5180.0,5180.0,100,0.0,0.0
2025-02-14 15:15:00+09:00,5180.0,5180.0,5180.0,5180.0,1100,0.0,0.0
2025-02-14 15:18:00+09:00,5180.0,5180.0,5180.0,5180.0,400,0.0,0.0
2025-02-14 15:19:00+09:00,5180.0,5180.0,5170.0,5170.0,500,0.0,0.0
2025-02-14 15:24:00+09:00,5180.0,5180.0,5180.0,5180.0,500,0.0,0.0
