Datetime,Open,High,Low,Close,Volume,Dividends,Stock Splits
2025-02-17 09:00:00+09:00,2670.0,2680.0,2661.0,2677.0,0,0.0,0.0
2025-02-17 09:02:00+09:00,2676.0,2676.0,2671.0,2671.0,400,0.0,0.0
2025-02-17 09:03:00+09:00,2670.0,2670.0,2670.0,2670.0,100,0.0,0.0
2025-02-17 09:06:00+09:00,2670.0,2670.0,2669.0,2669.0,0,0.0,0.0
2025-02-17 09:09:00+09:00,2669.0,2669.0,2668.0,2668.0,500,0.0,0.0
2025-02-17 09:10:00+09:00,2668.0,2669.0,2660.0,2665.0,6300,0.0,0.0
2025-02-17 09:11:00+09:00,2664.0,2664.0,2660.0,2660.0,300,0.0,0.0
2025-02-17 09:13:00+09:00,2660.0,2661.0,2656.0,2657.0,1400,0.0,0.0
2025-02-17 09:14:00+09:00,2659.0,2660.0,2659.0,2660.0,400,0.0,0.0
2025-02-17 09:19:00+09:00,2661.0,2662.0,2656.0,2658.0,3000,0.0,0.0
2025-02-17 09:22:00+09:00,2658.0,2658.0,2658.0,2658.0,100,0.0,0.0
2025-02-17 09:23:00+09:00,2658.0,2658.0,2658.0,2658.0,100,0.0,0.0
2025-02-17 09:24:00+09:00,2660.0,2665.0,2660.0,2665.0,1400,0.0,0.0
2025-02-17 09:25:00+09:00,2666.0,2666.0,2658.0,2658.0,1700,0.0,0.0
2025-02-17 09:26:00+09:00,2658.0,2658.0,2658.0,2658.0,100,0.0,0.0
2025-02-17 09:28:00+09:00,2656.0,2656.0,2654.0,2654.0,300,0.0,0.0
2025-02-17 09:29:00+09:00,2654.0,2654.0,2654.0,2654.0,100,0.0,0.0
2025-02-17 09:30:00+09:00,2653.0,2653.0,2652.0,2652.0,400,0.0,0.0
2025-02-17 09:32:00+09:00,2651.0,2651.0,2646.0,2646.0,300,0.0,0.0
2025-02-17 09:33:00+09:00,2642.0,2642.0,2642.0,2642.0,100,0.0,0.0
2025-02-17 09:35:00+09:00,2642.0,2642.0,2641.0,2641.0,300,0.0,0.0
2025-02-17 09:36:00+09:00,2640.0,2640.0,2637.0,2637.0,400,0.0,0.0
2025-02-17 09:37:00+09:00,2641.0,2649.0,2641.0,2645.0,2100,0.0,0.0
2025-02-17 09:39:00+09:00,2648.0,2648.0,2648.0,2648.0,600,0.0,0.0
2025-02-17 09:41:00+09:00,2648.0,2648.0,2646.0,2646.0,500,0.0,0.0
2025-02-17 09:46:00+09:00,2646.0,2646.0,2645.0,2645.0,700,0.0,0.0
2025-02-17 09:49:00+09:00,2647.0,2651.0,2647.0,2648.0,2000,0.0,0.0
2025-02-17 09:52:00+09:00,2647.0,2647.0,2646.0,2646.0,500,0.0,0.0
2025-02-17 09:53:00+09:00,2644.0,2644.0,2644.0,2644.0,200,0.0,0.0
2025-02-17 09:54:00+09:00,2646.0,2648.0,2646.0,2646.0,700,0.0,0.0
2025-02-17 09:56:00+09:00,2647.0,2648.0,2647.0,2648.0,300,0.0,0.0
2025-02-17 09:59:00+09:00,2651.0,2651.0,2651.0,2651.0,100,0.0,0.0
2025-02-17 10:00:00+09:00,2651.0,2651.0,2648.0,2648.0,900,0.0,0.0
2025-02-17 10:02:00+09:00,2645.0,2645.0,2644.0,2644.0,300,0.0,0.0
2025-02-17 10:04:00+09:00,2643.0,2643.0,2641.0,2641.0,200,0.0,0.0
2025-02-17 10:06:00+09:00,2641.0,2641.0,2639.0,2639.0,500,0.0,0.0
2025-02-17 10:07:00+09:00,2640.0,2643.0,2640.0,2643.0,1100,0.0,0.0
2025-02-17 10:09:00+09:00,2645.0,2645.0,2645.0,2645.0,400,0.0,0.0
2025-02-17 10:11:00+09:00,2646.0,2646.0,2646.0,2646.0,300,0.0,0.0
2025-02-17 10:12:00+09:00,2645.0,2645.0,2645.0,2645.0,200,0.0,0.0
2025-02-17 10:14:00+09:00,2645.0,2645.0,2645.0,2645.0,300,0.0,0.0
2025-02-17 10:15:00+09:00,2646.0,2648.0,2643.0,2648.0,2400,0.0,0.0
2025-02-17 10:18:00+09:00,2646.0,2647.0,2646.0,2647.0,200,0.0,0.0
2025-02-17 10:30:00+09:00,2647.0,2647.0,2641.0,2646.0,1600,0.0,0.0
2025-02-17 10:31:00+09:00,2647.0,2647.0,2647.0,2647.0,200,0.0,0.0
2025-02-17 10:32:00+09:00,2646.0,2647.0,2645.0,2645.0,400,0.0,0.0
2025-02-17 10:38:00+09:00,2648.0,2648.0,2648.0,2648.0,40600,0.0,0.0
2025-02-17 10:39:00+09:00,2651.0,2656.0,2651.0,2656.0,3300,0.0,0.0
2025-02-17 10:40:00+09:00,2656.0,2656.0,2656.0,2656.0,300,0.0,0.0
2025-02-17 10:41:00+09:00,2655.0,2656.0,2655.0,2656.0,700,0.0,0.0
2025-02-17 10:42:00+09:00,2656.0,2657.0,2654.0,2654.0,400,0.0,0.0
2025-02-17 10:43:00+09:00,2654.0,2654.0,2652.0,2652.0,300,0.0,0.0
2025-02-17 10:44:00+09:00,2653.0,2653.0,2652.0,2652.0,1200,0.0,0.0
2025-02-17 10:46:00+09:00,2653.0,2653.0,2653.0,2653.0,400,0.0,0.0
2025-02-17 10:49:00+09:00,2656.0,2656.0,2656.0,2656.0,500,0.0,0.0
2025-02-17 10:50:00+09:00,2656.0,2656.0,2656.0,2656.0,300,0.0,0.0
2025-02-17 10:51:00+09:00,2656.0,2656.0,2656.0,2656.0,200,0.0,0.0
2025-02-17 10:53:00+09:00,2657.0,2658.0,2655.0,2655.0,1000,0.0,0.0
2025-02-17 10:59:00+09:00,2656.0,2656.0,2656.0,2656.0,200,0.0,0.0
2025-02-17 11:03:00+09:00,2658.0,2658.0,2655.0,2655.0,1400,0.0,0.0
2025-02-17 11:04:00+09:00,2655.0,2655.0,2655.0,2655.0,200,0.0,0.0
2025-02-17 11:06:00+09:00,2655.0,2655.0,2655.0,2655.0,100,0.0,0.0
2025-02-17 11:07:00+09:00,2653.0,2653.0,2653.0,2653.0,200,0.0,0.0
2025-02-17 11:09:00+09:00,2653.0,2653.0,2653.0,2653.0,100,0.0,0.0
2025-02-17 11:10:00+09:00,2652.0,2652.0,2652.0,2652.0,100,0.0,0.0
2025-02-17 11:12:00+09:00,2651.0,2652.0,2650.0,2650.0,700,0.0,0.0
2025-02-17 11:21:00+09:00,2650.0,2650.0,2650.0,2650.0,400,0.0,0.0
2025-02-17 11:22:00+09:00,2650.0,2650.0,2650.0,2650.0,300,0.0,0.0
2025-02-17 11:24:00+09:00,2651.0,2651.0,2648.0,2648.0,800,0.0,0.0
2025-02-17 11:30:00+09:00,2650.0,2650.0,2650.0,2650.0,100,0.0,0.0
2025-02-17 12:30:00+09:00,2645.0,2645.0,2642.0,2642.0,3200,0.0,0.0
2025-02-17 12:31:00+09:00,2645.0,2645.0,2643.0,2643.0,200,0.0,0.0
2025-02-17 12:33:00+09:00,2641.0,2641.0,2635.0,2635.0,1800,0.0,0.0
2025-02-17 12:34:00+09:00,2635.0,2635.0,2635.0,2635.0,100,0.0,0.0
2025-02-17 12:38:00+09:00,2634.0,2634.0,2628.0,2631.0,2000,0.0,0.0
2025-02-17 12:39:00+09:00,2631.0,2635.0,2627.0,2633.0,3800,0.0,0.0
2025-02-17 12:40:00+09:00,2636.0,2638.0,2636.0,2638.0,1000,0.0,0.0
2025-02-17 12:41:00+09:00,2640.0,2642.0,2640.0,2642.0,800,0.0,0.0
2025-02-17 12:42:00+09:00,2640.0,2640.0,2638.0,2638.0,700,0.0,0.0
2025-02-17 12:43:00+09:00,2640.0,2640.0,2640.0,2640.0,500,0.0,0.0
2025-02-17 12:45:00+09:00,2640.0,2640.0,2640.0,2640.0,100,0.0,0.0
2025-02-17 12:46:00+09:00,2640.0,2640.0,2640.0,2640.0,100,0.0,0.0
2025-02-17 12:47:00+09:00,2640.0,2641.0,2640.0,2641.0,300,0.0,0.0
2025-02-17 12:51:00+09:00,2642.0,2642.0,2637.0,2637.0,1300,0.0,0.0
2025-02-17 12:57:00+09:00,2639.0,2639.0,2638.0,2638.0,800,0.0,0.0
2025-02-17 13:00:00+09:00,2638.0,2638.0,2637.0,2637.0,600,0.0,0.0
2025-02-17 13:01:00+09:00,2638.0,2638.0,2636.0,2636.0,900,0.0,0.0
2025-02-17 13:03:00+09:00,2636.0,2636.0,2636.0,2636.0,300,0.0,0.0
2025-02-17 13:04:00+09:00,2637.0,2637.0,2635.0,2635.0,500,0.0,0.0
2025-02-17 13:07:00+09:00,2636.0,2636.0,2636.0,2636.0,200,0.0,0.0
2025-02-17 13:12:00+09:00,2638.0,2640.0,2638.0,2638.0,2400,0.0,0.0
2025-02-17 13:15:00+09:00,2638.0,2638.0,2638.0,2638.0,300,0.0,0.0
2025-02-17 13:16:00+09:00,2637.0,2637.0,2637.0,2637.0,100,0.0,0.0
2025-02-17 13:21:00+09:00,2637.0,2637.0,2637.0,2637.0,100,0.0,0.0
2025-02-17 13:24:00+09:00,2638.0,2638.0,2637.0,2637.0,1000,0.0,0.0
2025-02-17 13:25:00+09:00,2638.0,2638.0,2638.0,2638.0,100,0.0,0.0
2025-02-17 13:27:00+09:00,2637.0,2637.0,2637.0,2637.0,100,0.0,0.0
2025-02-17 13:28:00+09:00,2638.0,2638.0,2636.0,2636.0,900,0.0,0.0
2025-02-17 13:29:00+09:00,2635.0,2635.0,2635.0,2635.0,100,0.0,0.0
2025-02-17 13:32:00+09:00,2635.0,2635.0,2634.0,2634.0,500,0.0,0.0
2025-02-17 13:34:00+09:00,2636.0,2639.0,2636.0,2639.0,1400,0.0,0.0
2025-02-17 13:35:00+09:00,2638.0,2638.0,2638.0,2638.0,100,0.0,0.0
2025-02-17 13:48:00+09:00,2638.0,2640.0,2638.0,2639.0,1400,0.0,0.0
2025-02-17 13:49:00+09:00,2640.0,2640.0,2639.0,2639.0,600,0.0,0.0
2025-02-17 13:50:00+09:00,2639.0,2639.0,2639.0,2639.0,200,0.0,0.0
2025-02-17 13:51:00+09:00,2638.0,2638.0,2638.0,2638.0,100,0.0,0.0
2025-02-17 13:54:00+09:00,2639.0,2639.0,2638.0,2638.0,300,0.0,0.0
2025-02-17 13:56:00+09:00,2638.0,2638.0,2633.0,2636.0,3300,0.0,0.0
2025-02-17 13:59:00+09:00,2639.0,2639.0,2639.0,2639.0,400,0.0,0.0
2025-02-17 14:00:00+09:00,2640.0,2641.0,2640.0,2641.0,600,0.0,0.0
2025-02-17 14:01:00+09:00,2641.0,2641.0,2640.0,2640.0,400,0.0,0.0
2025-02-17 14:03:00+09:00,2640.0,2640.0,2640.0,2640.0,300,0.0,0.0
2025-02-17 14:04:00+09:00,2640.0,2641.0,2640.0,2641.0,700,0.0,0.0
2025-02-17 14:05:00+09:00,2642.0,2643.0,2642.0,2642.0,800,0.0,0.0
2025-02-17 14:11:00+09:00,2641.0,2641.0,2640.0,2640.0,400,0.0,0.0
2025-02-17 14:12:00+09:00,2641.0,2641.0,2640.0,2640.0,500,0.0,0.0
2025-02-17 14:13:00+09:00,2639.0,2639.0,2639.0,2639.0,100,0.0,0.0
2025-02-17 14:17:00+09:00,2640.0,2640.0,2640.0,2640.0,100,0.0,0.0
2025-02-17 14:19:00+09:00,2640.0,2640.0,2640.0,2640.0,300,0.0,0.0
2025-02-17 14:22:00+09:00,2642.0,2644.0,2642.0,2642.0,2300,0.0,0.0
2025-02-17 14:27:00+09:00,2643.0,2643.0,2643.0,2643.0,400,0.0,0.0
2025-02-17 14:28:00+09:00,2643.0,2643.0,2643.0,2643.0,200,0.0,0.0
2025-02-17 14:29:00+09:00,2642.0,2642.0,2640.0,2640.0,900,0.0,0.0
2025-02-17 14:31:00+09:00,2641.0,2641.0,2641.0,2641.0,300,0.0,0.0
2025-02-17 14:32:00+09:00,2640.0,2640.0,2640.0,2640.0,100,0.0,0.0
2025-02-17 14:33:00+09:00,2642.0,2643.0,2642.0,2643.0,1500,0.0,0.0
2025-02-17 14:34:00+09:00,2644.0,2644.0,2644.0,2644.0,300,0.0,0.0
2025-02-17 14:36:00+09:00,2645.0,2645.0,2645.0,2645.0,400,0.0,0.0
2025-02-17 14:37:00+09:00,2646.0,2646.0,2646.0,2646.0,200,0.0,0.0
2025-02-17 14:38:00+09:00,2646.0,2646.0,2646.0,2646.0,800,0.0,0.0
2025-02-17 14:39:00+09:00,2646.0,2646.0,2646.0,2646.0,100,0.0,0.0
2025-02-17 14:43:00+09:00,2647.0,2647.0,2647.0,2647.0,600,0.0,0.0
2025-02-17 14:45:00+09:00,2648.0,2648.0,2648.0,2648.0,700,0.0,0.0
2025-02-17 14:46:00+09:00,2647.0,2647.0,2646.0,2646.0,600,0.0,0.0
2025-02-17 14:47:00+09:00,2647.0,2647.0,2647.0,2647.0,100,0.0,0.0
2025-02-17 14:49:00+09:00,2648.0,2648.0,2647.0,2647.0,700,0.0,0.0
2025-02-17 14:52:00+09:00,2648.0,2652.0,2648.0,2649.0,3200,0.0,0.0
2025-02-17 14:57:00+09:00,2652.0,2653.0,2652.0,2652.0,1100,0.0,0.0
2025-02-17 14:58:00+09:00,2654.0,2656.0,2654.0,2656.0,1000,0.0,0.0
2025-02-17 14:59:00+09:00,2654.0,2654.0,2654.0,2654.0,700,0.0,0.0
2025-02-17 15:00:00+09:00,2654.0,2654.0,2651.0,2651.0,1300,0.0,0.0
2025-02-17 15:06:00+09:00,2652.0,2653.0,2652.0,2653.0,700,0.0,0.0
2025-02-17 15:07:00+09:00,2653.0,2653.0,2652.0,2652.0,700,0.0,0.0
2025-02-17 15:09:00+09:00,2653.0,2656.0,2653.0,2656.0,1100,0.0,0.0
2025-02-17 15:10:00+09:00,2656.0,2657.0,2656.0,2657.0,900,0.0,0.0
2025-02-17 15:11:00+09:00,2657.0,2657.0,2656.0,2656.0,900,0.0,0.0
2025-02-17 15:12:00+09:00,2657.0,2661.0,2657.0,2661.0,3000,0.0,0.0
2025-02-17 15:13:00+09:00,2661.0,2661.0,2658.0,2660.0,500,0.0,0.0
2025-02-17 15:14:00+09:00,2660.0,2662.0,2660.0,2662.0,1200,0.0,0.0
2025-02-17 15:15:00+09:00,2662.0,2662.0,2661.0,2661.0,300,0.0,0.0
2025-02-17 15:16:00+09:00,2660.0,2661.0,2657.0,2661.0,2200,0.0,0.0
2025-02-17 15:17:00+09:00,2660.0,2660.0,2657.0,2657.0,500,0.0,0.0
2025-02-17 15:19:00+09:00,2657.0,2657.0,2657.0,2657.0,400,0.0,0.0
2025-02-17 15:20:00+09:00,2654.0,2654.0,2654.0,2654.0,200,0.0,0.0
2025-02-17 15:21:00+09:00,2654.0,2656.0,2654.0,2654.0,900,0.0,0.0
2025-02-17 15:22:00+09:00,2651.0,2651.0,2651.0,2651.0,100,0.0,0.0
2025-02-17 15:23:00+09:00,2650.0,2650.0,2650.0,2650.0,500,0.0,0.0
2025-02-17 15:24:00+09:00,2652.0,2654.0,2650.0,2654.0,500,0.0,0.0
2025-02-18 09:04:00+09:00,2639.0,2639.0,2639.0,2639.0,0,0.0,0.0
2025-02-18 09:05:00+09:00,2642.0,2646.0,2642.0,2642.0,21300,0.0,0.0
2025-02-18 09:07:00+09:00,2646.0,2650.0,2646.0,2647.0,1600,0.0,0.0
2025-02-18 09:08:00+09:00,2648.0,2648.0,2647.0,2647.0,500,0.0,0.0
2025-02-18 09:09:00+09:00,2644.0,2655.0,2644.0,2655.0,3500,0.0,0.0
2025-02-18 09:10:00+09:00,2653.0,2653.0,2653.0,2653.0,200,0.0,0.0
2025-02-18 09:11:00+09:00,2658.0,2658.0,2658.0,2658.0,100,0.0,0.0
2025-02-18 09:12:00+09:00,2660.0,2662.0,2658.0,2658.0,1000,0.0,0.0
2025-02-18 09:13:00+09:00,2657.0,2657.0,2648.0,2648.0,1000,0.0,0.0
2025-02-18 09:15:00+09:00,2655.0,2656.0,2655.0,2656.0,600,0.0,0.0
2025-02-18 09:16:00+09:00,2660.0,2661.0,2659.0,2659.0,700,0.0,0.0
2025-02-18 09:17:00+09:00,2659.0,2659.0,2657.0,2657.0,400,0.0,0.0
2025-02-18 09:19:00+09:00,2658.0,2659.0,2657.0,2657.0,700,0.0,0.0
2025-02-18 09:20:00+09:00,2654.0,2659.0,2654.0,2655.0,1100,0.0,0.0
2025-02-18 09:21:00+09:00,2655.0,2655.0,2655.0,2655.0,100,0.0,0.0
2025-02-18 09:25:00+09:00,2657.0,2657.0,2657.0,2657.0,200,0.0,0.0
2025-02-18 09:28:00+09:00,2658.0,2658.0,2656.0,2656.0,800,0.0,0.0
2025-02-18 09:29:00+09:00,2656.0,2658.0,2656.0,2658.0,200,0.0,0.0
2025-02-18 09:30:00+09:00,2659.0,2660.0,2656.0,2660.0,500,0.0,0.0
2025-02-18 09:33:00+09:00,2660.0,2662.0,2660.0,2660.0,800,0.0,0.0
2025-02-18 09:34:00+09:00,2659.0,2659.0,2659.0,2659.0,300,0.0,0.0
2025-02-18 09:35:00+09:00,2657.0,2657.0,2657.0,2657.0,100,0.0,0.0
2025-02-18 09:38:00+09:00,2660.0,2660.0,2654.0,2659.0,2200,0.0,0.0
2025-02-18 09:40:00+09:00,2663.0,2665.0,2661.0,2661.0,1200,0.0,0.0
2025-02-18 09:42:00+09:00,2664.0,2665.0,2664.0,2665.0,500,0.0,0.0
2025-02-18 09:43:00+09:00,2664.0,2664.0,2664.0,2664.0,100,0.0,0.0
2025-02-18 09:44:00+09:00,2669.0,2670.0,2667.0,2670.0,1900,0.0,0.0
2025-02-18 09:46:00+09:00,2670.0,2670.0,2664.0,2667.0,1800,0.0,0.0
2025-02-18 09:47:00+09:00,2667.0,2667.0,2667.0,2667.0,100,0.0,0.0
2025-02-18 09:49:00+09:00,2667.0,2667.0,2664.0,2664.0,200,0.0,0.0
2025-02-18 09:50:00+09:00,2665.0,2665.0,2665.0,2665.0,100,0.0,0.0
2025-02-18 09:51:00+09:00,2667.0,2667.0,2667.0,2667.0,300,0.0,0.0
2025-02-18 09:55:00+09:00,2670.0,2670.0,2668.0,2668.0,800,0.0,0.0
2025-02-18 09:58:00+09:00,2671.0,2672.0,2669.0,2669.0,800,0.0,0.0
2025-02-18 09:59:00+09:00,2672.0,2672.0,2662.0,2662.0,4300,0.0,0.0
2025-02-18 10:02:00+09:00,2662.0,2662.0,2662.0,2662.0,100,0.0,0.0
2025-02-18 10:03:00+09:00,2662.0,2662.0,2662.0,2662.0,100,0.0,0.0
2025-02-18 10:04:00+09:00,2661.0,2661.0,2659.0,2659.0,600,0.0,0.0
2025-02-18 10:05:00+09:00,2657.0,2657.0,2655.0,2655.0,200,0.0,0.0
2025-02-18 10:07:00+09:00,2659.0,2661.0,2659.0,2659.0,900,0.0,0.0
2025-02-18 10:08:00+09:00,2657.0,2657.0,2657.0,2657.0,100,0.0,0.0
2025-02-18 10:09:00+09:00,2657.0,2657.0,2657.0,2657.0,100,0.0,0.0
2025-02-18 10:11:00+09:00,2658.0,2658.0,2656.0,2656.0,300,0.0,0.0
2025-02-18 10:14:00+09:00,2659.0,2659.0,2659.0,2659.0,400,0.0,0.0
2025-02-18 10:16:00+09:00,2659.0,2659.0,2655.0,2658.0,1300,0.0,0.0
2025-02-18 10:17:00+09:00,2659.0,2660.0,2659.0,2660.0,600,0.0,0.0
2025-02-18 10:20:00+09:00,2659.0,2659.0,2657.0,2657.0,300,0.0,0.0
2025-02-18 10:21:00+09:00,2659.0,2662.0,2659.0,2662.0,500,0.0,0.0
2025-02-18 10:22:00+09:00,2661.0,2661.0,2659.0,2659.0,500,0.0,0.0
2025-02-18 10:23:00+09:00,2661.0,2661.0,2661.0,2661.0,100,0.0,0.0
2025-02-18 10:25:00+09:00,2661.0,2662.0,2660.0,2660.0,400,0.0,0.0
2025-02-18 10:26:00+09:00,2660.0,2660.0,2660.0,2660.0,100,0.0,0.0
2025-02-18 10:27:00+09:00,2659.0,2659.0,2659.0,2659.0,400,0.0,0.0
2025-02-18 10:29:00+09:00,2660.0,2661.0,2660.0,2660.0,400,0.0,0.0
2025-02-18 10:30:00+09:00,2663.0,2663.0,2663.0,2663.0,200,0.0,0.0
2025-02-18 10:32:00+09:00,2664.0,2664.0,2664.0,2664.0,100,0.0,0.0
2025-02-18 10:33:00+09:00,2665.0,2665.0,2665.0,2665.0,100,0.0,0.0
2025-02-18 10:34:00+09:00,2665.0,2665.0,2664.0,2665.0,500,0.0,0.0
2025-02-18 10:35:00+09:00,2663.0,2663.0,2663.0,2663.0,100,0.0,0.0
2025-02-18 10:37:00+09:00,2663.0,2663.0,2663.0,2663.0,300,0.0,0.0
2025-02-18 10:38:00+09:00,2662.0,2662.0,2662.0,2662.0,100,0.0,0.0
2025-02-18 10:41:00+09:00,2665.0,2666.0,2665.0,2666.0,500,0.0,0.0
2025-02-18 10:49:00+09:00,2671.0,2674.0,2670.0,2671.0,60900,0.0,0.0
2025-02-18 10:50:00+09:00,2671.0,2671.0,2671.0,2671.0,100,0.0,0.0
2025-02-18 10:51:00+09:00,2672.0,2672.0,2671.0,2671.0,200,0.0,0.0
2025-02-18 10:54:00+09:00,2674.0,2674.0,2672.0,2672.0,300,0.0,0.0
2025-02-18 10:55:00+09:00,2671.0,2671.0,2671.0,2671.0,100,0.0,0.0
2025-02-18 10:57:00+09:00,2673.0,2674.0,2673.0,2674.0,300,0.0,0.0
2025-02-18 10:58:00+09:00,2675.0,2675.0,2673.0,2673.0,800,0.0,0.0
2025-02-18 10:59:00+09:00,2671.0,2671.0,2671.0,2671.0,200,0.0,0.0
2025-02-18 11:01:00+09:00,2672.0,2672.0,2672.0,2672.0,63000,0.0,0.0
2025-02-18 11:02:00+09:00,2674.0,2675.0,2674.0,2675.0,800,0.0,0.0
2025-02-18 11:04:00+09:00,2673.0,2673.0,2672.0,2672.0,400,0.0,0.0
2025-02-18 11:06:00+09:00,2672.0,2672.0,2672.0,2672.0,100,0.0,0.0
2025-02-18 11:10:00+09:00,2672.0,2672.0,2671.0,2671.0,900,0.0,0.0
2025-02-18 11:13:00+09:00,2672.0,2672.0,2672.0,2672.0,400,0.0,0.0
2025-02-18 11:15:00+09:00,2672.0,2672.0,2672.0,2672.0,200,0.0,0.0
2025-02-18 11:16:00+09:00,2671.0,2671.0,2670.0,2670.0,200,0.0,0.0
2025-02-18 11:18:00+09:00,2670.0,2670.0,2670.0,2670.0,400,0.0,0.0
2025-02-18 11:19:00+09:00,2669.0,2669.0,2669.0,2669.0,200,0.0,0.0
2025-02-18 11:20:00+09:00,2668.0,2668.0,2668.0,2668.0,100,0.0,0.0
2025-02-18 11:21:00+09:00,2668.0,2671.0,2668.0,2670.0,700,0.0,0.0
2025-02-18 11:24:00+09:00,2670.0,2670.0,2669.0,2669.0,600,0.0,0.0
2025-02-18 11:25:00+09:00,2669.0,2669.0,2669.0,2669.0,100,0.0,0.0
2025-02-18 11:27:00+09:00,2670.0,2670.0,2670.0,2670.0,100,0.0,0.0
2025-02-18 11:28:00+09:00,2670.0,2671.0,2670.0,2671.0,200,0.0,0.0
2025-02-18 11:29:00+09:00,2671.0,2671.0,2670.0,2670.0,400,0.0,0.0
2025-02-18 12:30:00+09:00,2675.0,2680.0,2675.0,2678.0,5400,0.0,0.0
2025-02-18 12:31:00+09:00,2681.0,2681.0,2676.0,2676.0,1300,0.0,0.0
2025-02-18 12:32:00+09:00,2680.0,2680.0,2678.0,2678.0,800,0.0,0.0
2025-02-18 12:34:00+09:00,2676.0,2676.0,2676.0,2676.0,100,0.0,0.0
2025-02-18 12:36:00+09:00,2675.0,2675.0,2675.0,2675.0,200,0.0,0.0
2025-02-18 12:38:00+09:00,2674.0,2674.0,2672.0,2672.0,600,0.0,0.0
2025-02-18 12:39:00+09:00,2672.0,2672.0,2672.0,2672.0,100,0.0,0.0
2025-02-18 12:40:00+09:00,2671.0,2671.0,2671.0,2671.0,100,0.0,0.0
2025-02-18 12:41:00+09:00,2671.0,2671.0,2671.0,2671.0,100,0.0,0.0
2025-02-18 12:42:00+09:00,2671.0,2674.0,2670.0,2670.0,1700,0.0,0.0
2025-02-18 12:43:00+09:00,2669.0,2671.0,2669.0,2670.0,900,0.0,0.0
2025-02-18 12:45:00+09:00,2673.0,2673.0,2673.0,2673.0,200,0.0,0.0
2025-02-18 12:46:00+09:00,2671.0,2673.0,2671.0,2673.0,200,0.0,0.0
2025-02-18 12:47:00+09:00,2675.0,2675.0,2675.0,2675.0,600,0.0,0.0
2025-02-18 12:48:00+09:00,2676.0,2676.0,2668.0,2671.0,4400,0.0,0.0
2025-02-18 12:51:00+09:00,2675.0,2675.0,2675.0,2675.0,300,0.0,0.0
2025-02-18 12:52:00+09:00,2672.0,2672.0,2671.0,2671.0,400,0.0,0.0
2025-02-18 12:53:00+09:00,2671.0,2671.0,2671.0,2671.0,200,0.0,0.0
2025-02-18 12:54:00+09:00,2672.0,2672.0,2672.0,2672.0,100,0.0,0.0
2025-02-18 12:55:00+09:00,2673.0,2673.0,2673.0,2673.0,300,0.0,0.0
2025-02-18 12:56:00+09:00,2674.0,2674.0,2674.0,2674.0,200,0.0,0.0
2025-02-18 12:57:00+09:00,2674.0,2674.0,2673.0,2673.0,400,0.0,0.0
2025-02-18 12:58:00+09:00,2675.0,2675.0,2675.0,2675.0,100,0.0,0.0
2025-02-18 12:59:00+09:00,2676.0,2676.0,2676.0,2676.0,200,0.0,0.0
2025-02-18 13:00:00+09:00,2677.0,2677.0,2677.0,2677.0,200,0.0,0.0
2025-02-18 13:01:00+09:00,2677.0,2677.0,2677.0,2677.0,200,0.0,0.0
2025-02-18 13:05:00+09:00,2675.0,2675.0,2674.0,2674.0,500,0.0,0.0
2025-02-18 13:07:00+09:00,2674.0,2675.0,2674.0,2675.0,300,0.0,0.0
2025-02-18 13:09:00+09:00,2675.0,2675.0,2674.0,2674.0,400,0.0,0.0
2025-02-18 13:11:00+09:00,2674.0,2674.0,2674.0,2674.0,100,0.0,0.0
2025-02-18 13:13:00+09:00,2674.0,2677.0,2674.0,2676.0,1500,0.0,0.0
2025-02-18 13:15:00+09:00,2678.0,2678.0,2678.0,2678.0,300,0.0,0.0
2025-02-18 13:20:00+09:00,2678.0,2678.0,2674.0,2674.0,1400,0.0,0.0
2025-02-18 13:23:00+09:00,2674.0,2674.0,2673.0,2673.0,200,0.0,0.0
2025-02-18 13:26:00+09:00,2671.0,2673.0,2671.0,2671.0,600,0.0,0.0
2025-02-18 13:28:00+09:00,2671.0,2671.0,2671.0,2671.0,500,0.0,0.0
2025-02-18 13:29:00+09:00,2670.0,2670.0,2670.0,2670.0,200,0.0,0.0
2025-02-18 13:30:00+09:00,2670.0,2670.0,2670.0,2670.0,100,0.0,0.0
2025-02-18 13:31:00+09:00,2670.0,2671.0,2670.0,2671.0,500,0.0,0.0
2025-02-18 13:34:00+09:00,2670.0,2670.0,2670.0,2670.0,100,0.0,0.0
2025-02-18 13:35:00+09:00,2667.0,2667.0,2667.0,2667.0,100,0.0,0.0
2025-02-18 13:37:00+09:00,2666.0,2666.0,2666.0,2666.0,200,0.0,0.0
2025-02-18 13:38:00+09:00,2664.0,2664.0,2664.0,2664.0,100,0.0,0.0
2025-02-18 13:40:00+09:00,2663.0,2667.0,2663.0,2664.0,1100,0.0,0.0
2025-02-18 13:42:00+09:00,2668.0,2669.0,2667.0,2667.0,700,0.0,0.0
2025-02-18 13:44:00+09:00,2667.0,2667.0,2665.0,2665.0,800,0.0,0.0
2025-02-18 13:46:00+09:00,2667.0,2672.0,2666.0,2672.0,1700,0.0,0.0
2025-02-18 13:50:00+09:00,2674.0,2675.0,2672.0,2672.0,1300,0.0,0.0
2025-02-18 13:52:00+09:00,2674.0,2674.0,2674.0,2674.0,100,0.0,0.0
2025-02-18 13:54:00+09:00,2674.0,2676.0,2674.0,2676.0,600,0.0,0.0
2025-02-18 13:55:00+09:00,2676.0,2676.0,2672.0,2672.0,1400,0.0,0.0
2025-02-18 13:56:00+09:00,2674.0,2674.0,2674.0,2674.0,103100,0.0,0.0
2025-02-18 13:58:00+09:00,2675.0,2675.0,2675.0,2675.0,200,0.0,0.0
2025-02-18 14:01:00+09:00,2674.0,2674.0,2673.0,2673.0,300,0.0,0.0
2025-02-18 14:06:00+09:00,2674.0,2675.0,2674.0,2675.0,500,0.0,0.0
2025-02-18 14:07:00+09:00,2674.0,2674.0,2674.0,2674.0,200,0.0,0.0
2025-02-18 14:08:00+09:00,2674.0,2674.0,2674.0,2674.0,500,0.0,0.0
2025-02-18 14:09:00+09:00,2673.0,2673.0,2673.0,2673.0,100,0.0,0.0
2025-02-18 14:11:00+09:00,2673.0,2673.0,2673.0,2673.0,100,0.0,0.0
2025-02-18 14:12:00+09:00,2674.0,2674.0,2674.0,2674.0,200,0.0,0.0
2025-02-18 14:13:00+09:00,2674.0,2674.0,2674.0,2674.0,100,0.0,0.0
2025-02-18 14:14:00+09:00,2675.0,2675.0,2675.0,2675.0,300,0.0,0.0
2025-02-18 14:15:00+09:00,2674.0,2674.0,2674.0,2674.0,100,0.0,0.0
2025-02-18 14:17:00+09:00,2674.0,2674.0,2674.0,2674.0,100,0.0,0.0
2025-02-18 14:18:00+09:00,2675.0,2675.0,2675.0,2675.0,200,0.0,0.0
2025-02-18 14:19:00+09:00,2674.0,2674.0,2673.0,2673.0,700,0.0,0.0
2025-02-18 14:20:00+09:00,2673.0,2673.0,2673.0,2673.0,100,0.0,0.0
2025-02-18 14:21:00+09:00,2675.0,2676.0,2675.0,2675.0,500,0.0,0.0
2025-02-18 14:23:00+09:00,2676.0,2677.0,2676.0,2677.0,600,0.0,0.0
2025-02-18 14:24:00+09:00,2677.0,2677.0,2676.0,2676.0,500,0.0,0.0
2025-02-18 14:27:00+09:00,2676.0,2676.0,2676.0,2676.0,100,0.0,0.0
2025-02-18 14:28:00+09:00,2676.0,2676.0,2676.0,2676.0,108700,0.0,0.0
2025-02-18 14:29:00+09:00,2676.0,2676.0,2675.0,2675.0,1100,0.0,0.0
2025-02-18 14:32:00+09:00,2676.0,2676.0,2672.0,2672.0,1600,0.0,0.0
2025-02-18 14:35:00+09:00,2673.0,2673.0,2673.0,2673.0,300,0.0,0.0
2025-02-18 14:41:00+09:00,2675.0,2675.0,2672.0,2672.0,700,0.0,0.0
2025-02-18 14:47:00+09:00,2673.0,2674.0,2673.0,2673.0,600,0.0,0.0
2025-02-18 14:48:00+09:00,2675.0,2675.0,2675.0,2675.0,800,0.0,0.0
2025-02-18 14:49:00+09:00,2674.0,2674.0,2674.0,2674.0,400,0.0,0.0
2025-02-18 14:50:00+09:00,2674.0,2674.0,2673.0,2673.0,900,0.0,0.0
2025-02-18 14:52:00+09:00,2674.0,2674.0,2674.0,2674.0,200,0.0,0.0
2025-02-18 14:53:00+09:00,2675.0,2675.0,2675.0,2675.0,800,0.0,0.0
2025-02-18 14:54:00+09:00,2675.0,2676.0,2675.0,2676.0,500,0.0,0.0
2025-02-18 14:55:00+09:00,2677.0,2677.0,2677.0,2677.0,300,0.0,0.0
2025-02-18 14:56:00+09:00,2678.0,2679.0,2678.0,2679.0,1300,0.0,0.0
2025-02-18 14:57:00+09:00,2680.0,2681.0,2680.0,2681.0,500,0.0,0.0
2025-02-18 14:58:00+09:00,2681.0,2681.0,2679.0,2680.0,1100,0.0,0.0
2025-02-18 14:59:00+09:00,2682.0,2682.0,2682.0,2682.0,500,0.0,0.0
2025-02-18 15:00:00+09:00,2682.0,2682.0,2675.0,2675.0,1500,0.0,0.0
2025-02-18 15:01:00+09:00,2678.0,2678.0,2678.0,2678.0,100,0.0,0.0
2025-02-18 15:02:00+09:00,2677.0,2678.0,2676.0,2678.0,1200,0.0,0.0
2025-02-18 15:03:00+09:00,2678.0,2678.0,2678.0,2678.0,400,0.0,0.0
2025-02-18 15:04:00+09:00,2678.0,2678.0,2678.0,2678.0,200,0.0,0.0
2025-02-18 15:05:00+09:00,2678.0,2678.0,2678.0,2678.0,300,0.0,0.0
2025-02-18 15:06:00+09:00,2678.0,2678.0,2678.0,2678.0,200,0.0,0.0
2025-02-18 15:07:00+09:00,2678.0,2678.0,2678.0,2678.0,200,0.0,0.0
2025-02-18 15:08:00+09:00,2677.0,2677.0,2677.0,2677.0,100,0.0,0.0
2025-02-18 15:10:00+09:00,2677.0,2680.0,2677.0,2680.0,1400,0.0,0.0
2025-02-18 15:11:00+09:00,2681.0,2684.0,2681.0,2682.0,4000,0.0,0.0
2025-02-18 15:12:00+09:00,2684.0,2685.0,2684.0,2685.0,1300,0.0,0.0
2025-02-18 15:13:00+09:00,2686.0,2687.0,2686.0,2687.0,900,0.0,0.0
2025-02-18 15:14:00+09:00,2689.0,2691.0,2689.0,2690.0,1500,0.0,0.0
2025-02-18 15:15:00+09:00,2690.0,2690.0,2690.0,2690.0,100,0.0,0.0
2025-02-18 15:16:00+09:00,2692.0,2693.0,2682.0,2682.0,15500,0.0,0.0
2025-02-18 15:17:00+09:00,2684.0,2684.0,2684.0,2684.0,700,0.0,0.0
2025-02-18 15:19:00+09:00,2684.0,2684.0,2683.0,2683.0,400,0.0,0.0
2025-02-18 15:20:00+09:00,2684.0,2684.0,2684.0,2684.0,400,0.0,0.0
2025-02-18 15:21:00+09:00,2684.0,2684.0,2684.0,2684.0,200,0.0,0.0
2025-02-18 15:22:00+09:00,2683.0,2683.0,2683.0,2683.0,400,0.0,0.0
2025-02-18 15:23:00+09:00,2682.0,2682.0,2679.0,2679.0,800,0.0,0.0
2025-02-18 15:24:00+09:00,2681.0,2681.0,2681.0,2681.0,100,0.0,0.0
2025-02-19 09:04:00+09:00,2691.0,2693.0,2691.0,2693.0,0,0.0,0.0
2025-02-19 09:05:00+09:00,2699.0,2699.0,2699.0,2699.0,100,0.0,0.0
2025-02-19 09:07:00+09:00,2700.0,2700.0,2700.0,2700.0,11800,0.0,0.0
2025-02-19 09:19:00+09:00,2703.0,2705.0,2701.0,2701.0,1200,0.0,0.0
2025-02-19 09:22:00+09:00,2701.0,2701.0,2701.0,2701.0,13100,0.0,0.0
2025-02-19 09:23:00+09:00,2701.0,2701.0,2700.0,2700.0,400,0.0,0.0
2025-02-19 09:24:00+09:00,2702.0,2703.0,2702.0,2703.0,600,0.0,0.0
2025-02-19 09:26:00+09:00,2701.0,2701.0,2701.0,2701.0,100,0.0,0.0
2025-02-19 09:27:00+09:00,2701.0,2701.0,2701.0,2701.0,100,0.0,0.0
2025-02-19 09:29:00+09:00,2699.0,2699.0,2699.0,2699.0,100,0.0,0.0
2025-02-19 09:31:00+09:00,2702.0,2708.0,2699.0,2706.0,1300,0.0,0.0
2025-02-19 09:32:00+09:00,2706.0,2706.0,2704.0,2704.0,300,0.0,0.0
2025-02-19 09:35:00+09:00,2704.0,2704.0,2704.0,2704.0,200,0.0,0.0
2025-02-19 09:37:00+09:00,2707.0,2708.0,2707.0,2707.0,400,0.0,0.0
2025-02-19 09:40:00+09:00,2707.0,2707.0,2707.0,2707.0,200,0.0,0.0
2025-02-19 09:41:00+09:00,2706.0,2706.0,2706.0,2706.0,200,0.0,0.0
2025-02-19 09:42:00+09:00,2706.0,2706.0,2703.0,2703.0,300,0.0,0.0
2025-02-19 09:47:00+09:00,2703.0,2703.0,2703.0,2703.0,100,0.0,0.0
2025-02-19 09:49:00+09:00,2706.0,2708.0,2706.0,2708.0,1000,0.0,0.0
2025-02-19 09:51:00+09:00,2710.0,2711.0,2709.0,2711.0,1100,0.0,0.0
2025-02-19 09:53:00+09:00,2711.0,2711.0,2709.0,2709.0,300,0.0,0.0
2025-02-19 09:57:00+09:00,2711.0,2711.0,2711.0,2711.0,100,0.0,0.0
2025-02-19 09:58:00+09:00,2711.0,2711.0,2711.0,2711.0,100,0.0,0.0
2025-02-19 10:01:00+09:00,2711.0,2711.0,2707.0,2707.0,1000,0.0,0.0
2025-02-19 10:02:00+09:00,2702.0,2702.0,2702.0,2702.0,100,0.0,0.0
2025-02-19 10:05:00+09:00,2699.0,2699.0,2699.0,2699.0,100,0.0,0.0
2025-02-19 10:07:00+09:00,2697.0,2697.0,2693.0,2693.0,300,0.0,0.0
2025-02-19 10:08:00+09:00,2693.0,2693.0,2693.0,2693.0,100,0.0,0.0
2025-02-19 10:09:00+09:00,2693.0,2694.0,2692.0,2693.0,900,0.0,0.0
2025-02-19 10:12:00+09:00,2695.0,2696.0,2695.0,2695.0,300,0.0,0.0
2025-02-19 10:16:00+09:00,2695.0,2695.0,2695.0,2695.0,200,0.0,0.0
2025-02-19 10:17:00+09:00,2695.0,2695.0,2695.0,2695.0,500,0.0,0.0
2025-02-19 10:18:00+09:00,2693.0,2693.0,2691.0,2692.0,600,0.0,0.0
2025-02-19 10:20:00+09:00,2690.0,2690.0,2690.0,2690.0,200,0.0,0.0
2025-02-19 10:21:00+09:00,2689.0,2689.0,2689.0,2689.0,100,0.0,0.0
2025-02-19 10:22:00+09:00,2688.0,2688.0,2687.0,2687.0,400,0.0,0.0
2025-02-19 10:23:00+09:00,2686.0,2686.0,2686.0,2686.0,500,0.0,0.0
2025-02-19 10:24:00+09:00,2687.0,2689.0,2687.0,2689.0,1200,0.0,0.0
2025-02-19 10:25:00+09:00,2690.0,2690.0,2690.0,2690.0,200,0.0,0.0
2025-02-19 10:27:00+09:00,2689.0,2689.0,2689.0,2689.0,100,0.0,0.0
2025-02-19 10:29:00+09:00,2689.0,2690.0,2689.0,2690.0,500,0.0,0.0
2025-02-19 10:31:00+09:00,2687.0,2688.0,2687.0,2688.0,300,0.0,0.0
2025-02-19 10:32:00+09:00,2688.0,2688.0,2686.0,2688.0,500,0.0,0.0
2025-02-19 10:33:00+09:00,2688.0,2688.0,2688.0,2688.0,400,0.0,0.0
2025-02-19 10:35:00+09:00,2686.0,2686.0,2686.0,2686.0,100,0.0,0.0
2025-02-19 10:37:00+09:00,2686.0,2686.0,2686.0,2686.0,100,0.0,0.0
2025-02-19 10:38:00+09:00,2687.0,2687.0,2687.0,2687.0,200,0.0,0.0
2025-02-19 10:39:00+09:00,2685.0,2685.0,2684.0,2684.0,900,0.0,0.0
2025-02-19 10:41:00+09:00,2683.0,2683.0,2683.0,2683.0,200,0.0,0.0
2025-02-19 10:43:00+09:00,2681.0,2681.0,2681.0,2681.0,100,0.0,0.0
2025-02-19 10:44:00+09:00,2681.0,2681.0,2681.0,2681.0,100,0.0,0.0
2025-02-19 10:46:00+09:00,2681.0,2681.0,2680.0,2680.0,1400,0.0,0.0
2025-02-19 10:47:00+09:00,2681.0,2684.0,2681.0,2684.0,1000,0.0,0.0
2025-02-19 10:48:00+09:00,2684.0,2684.0,2684.0,2684.0,200,0.0,0.0
2025-02-19 10:50:00+09:00,2682.0,2682.0,2682.0,2682.0,400,0.0,0.0
2025-02-19 10:51:00+09:00,2681.0,2681.0,2681.0,2681.0,200,0.0,0.0
2025-02-19 10:52:00+09:00,2683.0,2683.0,2683.0,2683.0,400,0.0,0.0
2025-02-19 10:53:00+09:00,2684.0,2684.0,2684.0,2684.0,100,0.0,0.0
2025-02-19 10:54:00+09:00,2684.0,2684.0,2684.0,2684.0,100,0.0,0.0
2025-02-19 10:55:00+09:00,2683.0,2683.0,2683.0,2683.0,200,0.0,0.0
2025-02-19 10:58:00+09:00,2682.0,2682.0,2682.0,2682.0,100,0.0,0.0
2025-02-19 10:59:00+09:00,2682.0,2682.0,2682.0,2682.0,100,0.0,0.0
2025-02-19 11:00:00+09:00,2682.0,2682.0,2682.0,2682.0,100,0.0,0.0
2025-02-19 11:01:00+09:00,2680.0,2684.0,2679.0,2684.0,900,0.0,0.0
2025-02-19 11:02:00+09:00,2684.0,2684.0,2684.0,2684.0,100,0.0,0.0
2025-02-19 11:03:00+09:00,2685.0,2685.0,2685.0,2685.0,100,0.0,0.0
2025-02-19 11:05:00+09:00,2685.0,2685.0,2685.0,2685.0,200,0.0,0.0
2025-02-19 11:06:00+09:00,2685.0,2685.0,2683.0,2684.0,1600,0.0,0.0
2025-02-19 11:09:00+09:00,2683.0,2683.0,2683.0,2683.0,200,0.0,0.0
2025-02-19 11:13:00+09:00,2683.0,2684.0,2683.0,2684.0,700,0.0,0.0
2025-02-19 11:14:00+09:00,2685.0,2686.0,2685.0,2686.0,300,0.0,0.0
2025-02-19 11:15:00+09:00,2687.0,2687.0,2685.0,2685.0,600,0.0,0.0
2025-02-19 11:17:00+09:00,2683.0,2683.0,2683.0,2683.0,200,0.0,0.0
2025-02-19 11:18:00+09:00,2683.0,2683.0,2683.0,2683.0,100,0.0,0.0
2025-02-19 11:19:00+09:00,2684.0,2684.0,2683.0,2683.0,600,0.0,0.0
2025-02-19 11:21:00+09:00,2684.0,2686.0,2684.0,2686.0,700,0.0,0.0
2025-02-19 11:23:00+09:00,2685.0,2686.0,2683.0,2683.0,41400,0.0,0.0
2025-02-19 11:24:00+09:00,2681.0,2681.0,2681.0,2681.0,100,0.0,0.0
2025-02-19 11:25:00+09:00,2683.0,2683.0,2683.0,2683.0,100,0.0,0.0
2025-02-19 11:26:00+09:00,2683.0,2683.0,2683.0,2683.0,200,0.0,0.0
2025-02-19 11:27:00+09:00,2683.0,2683.0,2681.0,2683.0,500,0.0,0.0
2025-02-19 11:29:00+09:00,2683.0,2684.0,2682.0,2684.0,300,0.0,0.0
2025-02-19 11:30:00+09:00,2684.0,2684.0,2684.0,2684.0,100,0.0,0.0
2025-02-19 12:30:00+09:00,2680.0,2682.0,2680.0,2680.0,6400,0.0,0.0
2025-02-19 12:31:00+09:00,2679.0,2679.0,2679.0,2679.0,100,0.0,0.0
2025-02-19 12:32:00+09:00,2678.0,2680.0,2678.0,2680.0,3400,0.0,0.0
2025-02-19 12:33:00+09:00,2679.0,2679.0,2678.0,2678.0,300,0.0,0.0
2025-02-19 12:34:00+09:00,2677.0,2677.0,2676.0,2676.0,500,0.0,0.0
2025-02-19 12:35:00+09:00,2675.0,2676.0,2675.0,2676.0,600,0.0,0.0
2025-02-19 12:36:00+09:00,2677.0,2677.0,2677.0,2677.0,300,0.0,0.0
2025-02-19 12:37:00+09:00,2679.0,2679.0,2679.0,2679.0,100,0.0,0.0
2025-02-19 12:38:00+09:00,2679.0,2679.0,2679.0,2679.0,300,0.0,0.0
2025-02-19 12:39:00+09:00,2679.0,2679.0,2679.0,2679.0,200,0.0,0.0
2025-02-19 12:40:00+09:00,2679.0,2679.0,2679.0,2679.0,500,0.0,0.0
2025-02-19 12:41:00+09:00,2679.0,2683.0,2679.0,2683.0,1900,0.0,0.0
2025-02-19 12:43:00+09:00,2684.0,2684.0,2684.0,2684.0,300,0.0,0.0
2025-02-19 12:44:00+09:00,2683.0,2683.0,2682.0,2682.0,700,0.0,0.0
2025-02-19 12:46:00+09:00,2682.0,2682.0,2680.0,2680.0,1200,0.0,0.0
2025-02-19 12:49:00+09:00,2680.0,2680.0,2680.0,2680.0,200,0.0,0.0
2025-02-19 12:50:00+09:00,2679.0,2682.0,2679.0,2682.0,1600,0.0,0.0
2025-02-19 12:51:00+09:00,2683.0,2683.0,2682.0,2682.0,400,0.0,0.0
2025-02-19 12:54:00+09:00,2684.0,2685.0,2684.0,2685.0,500,0.0,0.0
2025-02-19 12:55:00+09:00,2685.0,2685.0,2685.0,2685.0,100,0.0,0.0
2025-02-19 12:56:00+09:00,2685.0,2685.0,2685.0,2685.0,300,0.0,0.0
2025-02-19 13:02:00+09:00,2684.0,2684.0,2684.0,2684.0,100,0.0,0.0
2025-02-19 13:03:00+09:00,2684.0,2685.0,2684.0,2685.0,800,0.0,0.0
2025-02-19 13:06:00+09:00,2684.0,2684.0,2684.0,2684.0,500,0.0,0.0
2025-02-19 13:07:00+09:00,2682.0,2684.0,2682.0,2682.0,400,0.0,0.0
2025-02-19 13:08:00+09:00,2682.0,2682.0,2682.0,2682.0,900,0.0,0.0
2025-02-19 13:09:00+09:00,2681.0,2681.0,2681.0,2681.0,100,0.0,0.0
2025-02-19 13:11:00+09:00,2681.0,2684.0,2681.0,2683.0,1200,0.0,0.0
2025-02-19 13:13:00+09:00,2683.0,2683.0,2683.0,2683.0,100,0.0,0.0
2025-02-19 13:15:00+09:00,2684.0,2684.0,2684.0,2684.0,200,0.0,0.0
2025-02-19 13:17:00+09:00,2684.0,2684.0,2684.0,2684.0,1200,0.0,0.0
2025-02-19 13:19:00+09:00,2683.0,2683.0,2683.0,2683.0,100,0.0,0.0
2025-02-19 13:21:00+09:00,2683.0,2683.0,2682.0,2682.0,300,0.0,0.0
2025-02-19 13:24:00+09:00,2680.0,2684.0,2680.0,2681.0,2200,0.0,0.0
2025-02-19 13:25:00+09:00,2682.0,2682.0,2682.0,2682.0,300,0.0,0.0
2025-02-19 13:30:00+09:00,2682.0,2682.0,2682.0,2682.0,1100,0.0,0.0
2025-02-19 13:33:00+09:00,2682.0,2682.0,2682.0,2682.0,400,0.0,0.0
2025-02-19 13:34:00+09:00,2681.0,2681.0,2681.0,2681.0,200,0.0,0.0
2025-02-19 13:35:00+09:00,2680.0,2680.0,2680.0,2680.0,100,0.0,0.0
2025-02-19 13:36:00+09:00,2680.0,2680.0,2680.0,2680.0,100,0.0,0.0
2025-02-19 13:38:00+09:00,2680.0,2680.0,2680.0,2680.0,100,0.0,0.0
2025-02-19 13:39:00+09:00,2679.0,2679.0,2679.0,2679.0,100,0.0,0.0
2025-02-19 13:41:00+09:00,2679.0,2679.0,2679.0,2679.0,74000,0.0,0.0
2025-02-19 13:43:00+09:00,2678.0,2680.0,2678.0,2680.0,1800,0.0,0.0
2025-02-19 13:45:00+09:00,2680.0,2680.0,2680.0,2680.0,600,0.0,0.0
2025-02-19 13:47:00+09:00,2680.0,2680.0,2680.0,2680.0,100,0.0,0.0
2025-02-19 13:50:00+09:00,2679.0,2680.0,2679.0,2680.0,200,0.0,0.0
2025-02-19 13:51:00+09:00,2680.0,2680.0,2680.0,2680.0,200,0.0,0.0
2025-02-19 13:54:00+09:00,2680.0,2680.0,2680.0,2680.0,100,0.0,0.0
2025-02-19 13:56:00+09:00,2680.0,2682.0,2680.0,2682.0,500,0.0,0.0
2025-02-19 13:59:00+09:00,2683.0,2685.0,2683.0,2684.0,1400,0.0,0.0
2025-02-19 14:00:00+09:00,2685.0,2685.0,2685.0,2685.0,500,0.0,0.0
2025-02-19 14:02:00+09:00,2684.0,2684.0,2683.0,2683.0,400,0.0,0.0
2025-02-19 14:04:00+09:00,2683.0,2683.0,2683.0,2683.0,100,0.0,0.0
2025-02-19 14:05:00+09:00,2683.0,2684.0,2683.0,2684.0,500,0.0,0.0
2025-02-19 14:06:00+09:00,2684.0,2684.0,2684.0,2684.0,1200,0.0,0.0
2025-02-19 14:13:00+09:00,2685.0,2685.0,2685.0,2685.0,100,0.0,0.0
2025-02-19 14:14:00+09:00,2686.0,2686.0,2686.0,2686.0,300,0.0,0.0
2025-02-19 14:15:00+09:00,2685.0,2685.0,2684.0,2684.0,1100,0.0,0.0
2025-02-19 14:17:00+09:00,2683.0,2683.0,2683.0,2683.0,300,0.0,0.0
2025-02-19 14:18:00+09:00,2683.0,2683.0,2683.0,2683.0,300,0.0,0.0
2025-02-19 14:22:00+09:00,2684.0,2684.0,2684.0,2684.0,700,0.0,0.0
2025-02-19 14:23:00+09:00,2683.0,2683.0,2683.0,2683.0,100,0.0,0.0
2025-02-19 14:24:00+09:00,2684.0,2684.0,2684.0,2684.0,200,0.0,0.0
2025-02-19 14:27:00+09:00,2685.0,2685.0,2685.0,2685.0,200,0.0,0.0
2025-02-19 14:29:00+09:00,2684.0,2685.0,2684.0,2685.0,500,0.0,0.0
2025-02-19 14:33:00+09:00,2685.0,2685.0,2685.0,2685.0,200,0.0,0.0
2025-02-19 14:34:00+09:00,2685.0,2685.0,2685.0,2685.0,1000,0.0,0.0
2025-02-19 14:35:00+09:00,2684.0,2684.0,2683.0,2683.0,400,0.0,0.0
2025-02-19 14:36:00+09:00,2683.0,2683.0,2683.0,2683.0,200,0.0,0.0
2025-02-19 14:37:00+09:00,2683.0,2683.0,2683.0,2683.0,100,0.0,0.0
2025-02-19 14:38:00+09:00,2683.0,2683.0,2683.0,2683.0,200,0.0,0.0
2025-02-19 14:39:00+09:00,2683.0,2683.0,2683.0,2683.0,100,0.0,0.0
2025-02-19 14:40:00+09:00,2682.0,2682.0,2682.0,2682.0,300,0.0,0.0
2025-02-19 14:41:00+09:00,2682.0,2682.0,2682.0,2682.0,100,0.0,0.0
2025-02-19 14:42:00+09:00,2682.0,2682.0,2682.0,2682.0,200,0.0,0.0
2025-02-19 14:43:00+09:00,2682.0,2682.0,2682.0,2682.0,100,0.0,0.0
2025-02-19 14:45:00+09:00,2682.0,2682.0,2680.0,2680.0,800,0.0,0.0
2025-02-19 14:46:00+09:00,2679.0,2680.0,2679.0,2680.0,900,0.0,0.0
2025-02-19 14:47:00+09:00,2679.0,2679.0,2679.0,2679.0,100,0.0,0.0
2025-02-19 14:48:00+09:00,2679.0,2679.0,2679.0,2679.0,100,0.0,0.0
2025-02-19 14:50:00+09:00,2680.0,2681.0,2680.0,2681.0,400,0.0,0.0
2025-02-19 14:51:00+09:00,2681.0,2681.0,2681.0,2681.0,91100,0.0,0.0
2025-02-19 14:52:00+09:00,2681.0,2681.0,2681.0,2681.0,200,0.0,0.0
2025-02-19 14:54:00+09:00,2682.0,2682.0,2682.0,2682.0,100,0.0,0.0
2025-02-19 14:55:00+09:00,2682.0,2682.0,2680.0,2680.0,1300,0.0,0.0
2025-02-19 14:56:00+09:00,2679.0,2679.0,2679.0,2679.0,100,0.0,0.0
2025-02-19 14:59:00+09:00,2680.0,2680.0,2680.0,2680.0,400,0.0,0.0
2025-02-19 15:01:00+09:00,2680.0,2680.0,2680.0,2680.0,1100,0.0,0.0
2025-02-19 15:03:00+09:00,2680.0,2680.0,2680.0,2680.0,100,0.0,0.0
2025-02-19 15:04:00+09:00,2680.0,2680.0,2680.0,2680.0,100,0.0,0.0
2025-02-19 15:07:00+09:00,2680.0,2680.0,2680.0,2680.0,700,0.0,0.0
2025-02-19 15:08:00+09:00,2679.0,2680.0,2679.0,2679.0,95400,0.0,0.0
2025-02-19 15:09:00+09:00,2679.0,2679.0,2679.0,2679.0,200,0.0,0.0
2025-02-19 15:10:00+09:00,2679.0,2679.0,2679.0,2679.0,300,0.0,0.0
2025-02-19 15:11:00+09:00,2679.0,2679.0,2676.0,2677.0,1000,0.0,0.0
2025-02-19 15:12:00+09:00,2678.0,2678.0,2678.0,2678.0,500,0.0,0.0
2025-02-19 15:13:00+09:00,2679.0,2679.0,2678.0,2678.0,1100,0.0,0.0
2025-02-19 15:14:00+09:00,2679.0,2679.0,2679.0,2679.0,300,0.0,0.0
2025-02-19 15:15:00+09:00,2679.0,2679.0,2679.0,2679.0,400,0.0,0.0
2025-02-19 15:16:00+09:00,2679.0,2679.0,2679.0,2679.0,200,0.0,0.0
2025-02-19 15:17:00+09:00,2679.0,2679.0,2678.0,2678.0,500,0.0,0.0
2025-02-19 15:18:00+09:00,2678.0,2679.0,2678.0,2678.0,600,0.0,0.0
2025-02-19 15:20:00+09:00,2678.0,2678.0,2678.0,2678.0,300,0.0,0.0
2025-02-19 15:21:00+09:00,2678.0,2678.0,2678.0,2678.0,100,0.0,0.0
2025-02-19 15:22:00+09:00,2679.0,2679.0,2676.0,2677.0,1300,0.0,0.0
2025-02-19 15:23:00+09:00,2675.0,2676.0,2675.0,2676.0,300,0.0,0.0
2025-02-19 15:24:00+09:00,2677.0,2677.0,2676.0,2677.0,500,0.0,0.0
2025-02-20 09:04:00+09:00,2675.0,2675.0,2675.0,2675.0,0,0.0,0.0
2025-02-20 09:05:00+09:00,2702.0,2702.0,2702.0,2702.0,7700,0.0,0.0
2025-02-20 09:06:00+09:00,2705.0,2705.0,2695.0,2695.0,1900,0.0,0.0
2025-02-20 09:07:00+09:00,2697.0,2697.0,2694.0,2694.0,200,0.0,0.0
2025-02-20 09:08:00+09:00,2694.0,2694.0,2694.0,2694.0,100,0.0,0.0
2025-02-20 09:09:00+09:00,2694.0,2694.0,2688.0,2688.0,1200,0.0,0.0
2025-02-20 09:10:00+09:00,2691.0,2694.0,2690.0,2691.0,900,0.0,0.0
2025-02-20 09:12:00+09:00,2694.0,2700.0,2694.0,2698.0,1800,0.0,0.0
2025-02-20 09:13:00+09:00,2698.0,2698.0,2695.0,2695.0,500,0.0,0.0
2025-02-20 09:14:00+09:00,2695.0,2695.0,2695.0,2695.0,200,0.0,0.0
2025-02-20 09:15:00+09:00,2693.0,2693.0,2689.0,2692.0,900,0.0,0.0
2025-02-20 09:16:00+09:00,2696.0,2696.0,2696.0,2696.0,200,0.0,0.0
2025-02-20 09:17:00+09:00,2695.0,2695.0,2695.0,2695.0,100,0.0,0.0
2025-02-20 09:22:00+09:00,2697.0,2700.0,2697.0,2700.0,500,0.0,0.0
2025-02-20 09:23:00+09:00,2700.0,2700.0,2698.0,2698.0,1200,0.0,0.0
2025-02-20 09:26:00+09:00,2700.0,2700.0,2700.0,2700.0,400,0.0,0.0
2025-02-20 09:27:00+09:00,2701.0,2701.0,2701.0,2701.0,400,0.0,0.0
2025-02-20 09:29:00+09:00,2701.0,2701.0,2701.0,2701.0,100,0.0,0.0
2025-02-20 09:31:00+09:00,2700.0,2700.0,2695.0,2695.0,1600,0.0,0.0
2025-02-20 09:33:00+09:00,2698.0,2702.0,2698.0,2702.0,700,0.0,0.0
2025-02-20 09:34:00+09:00,2702.0,2702.0,2702.0,2702.0,200,0.0,0.0
2025-02-20 09:35:00+09:00,2704.0,2704.0,2704.0,2704.0,100,0.0,0.0
2025-02-20 09:36:00+09:00,2704.0,2704.0,2704.0,2704.0,21000,0.0,0.0
2025-02-20 09:38:00+09:00,2704.0,2704.0,2703.0,2703.0,300,0.0,0.0
2025-02-20 09:39:00+09:00,2703.0,2703.0,2700.0,2700.0,500,0.0,0.0
2025-02-20 09:43:00+09:00,2701.0,2701.0,2701.0,2701.0,300,0.0,0.0
2025-02-20 09:45:00+09:00,2701.0,2701.0,2699.0,2699.0,1100,0.0,0.0
2025-02-20 09:46:00+09:00,2701.0,2701.0,2698.0,2698.0,300,0.0,0.0
2025-02-20 09:53:00+09:00,2701.0,2701.0,2701.0,2701.0,800,0.0,0.0
2025-02-20 09:54:00+09:00,2700.0,2700.0,2698.0,2698.0,500,0.0,0.0
2025-02-20 09:56:00+09:00,2700.0,2700.0,2700.0,2700.0,300,0.0,0.0
2025-02-20 09:57:00+09:00,2701.0,2701.0,2698.0,2698.0,700,0.0,0.0
2025-02-20 10:00:00+09:00,2698.0,2698.0,2698.0,2698.0,100,0.0,0.0
2025-02-20 10:01:00+09:00,2698.0,2698.0,2695.0,2695.0,900,0.0,0.0
2025-02-20 10:02:00+09:00,2696.0,2696.0,2696.0,2696.0,100,0.0,0.0
2025-02-20 10:03:00+09:00,2698.0,2698.0,2698.0,2698.0,700,0.0,0.0
2025-02-20 10:04:00+09:00,2698.0,2698.0,2698.0,2698.0,100,0.0,0.0
2025-02-20 10:06:00+09:00,2698.0,2698.0,2698.0,2698.0,200,0.0,0.0
2025-02-20 10:07:00+09:00,2699.0,2699.0,2696.0,2696.0,700,0.0,0.0
2025-02-20 10:09:00+09:00,2698.0,2701.0,2696.0,2696.0,7500,0.0,0.0
2025-02-20 10:10:00+09:00,2695.0,2700.0,2694.0,2700.0,3000,0.0,0.0
2025-02-20 10:12:00+09:00,2703.0,2703.0,2703.0,2703.0,0,0.0,0.0
2025-02-20 10:15:00+09:00,2701.0,2701.0,2699.0,2699.0,40300,0.0,0.0
2025-02-20 10:17:00+09:00,2698.0,2698.0,2698.0,2698.0,400,0.0,0.0
2025-02-20 10:18:00+09:00,2700.0,2702.0,2700.0,2702.0,2300,0.0,0.0
2025-02-20 10:19:00+09:00,2702.0,2707.0,2702.0,2705.0,5900,0.0,0.0
2025-02-20 10:21:00+09:00,2703.0,2703.0,2703.0,2703.0,800,0.0,0.0
2025-02-20 10:23:00+09:00,2703.0,2703.0,2703.0,2703.0,300,0.0,0.0
2025-02-20 10:26:00+09:00,2703.0,2703.0,2702.0,2702.0,1500,0.0,0.0
2025-02-20 10:28:00+09:00,2702.0,2702.0,2702.0,2702.0,200,0.0,0.0
2025-02-20 10:29:00+09:00,2703.0,2705.0,2703.0,2705.0,5000,0.0,0.0
2025-02-20 10:31:00+09:00,2706.0,2709.0,2706.0,2709.0,2700,0.0,0.0
2025-02-20 10:32:00+09:00,2707.0,2707.0,2705.0,2705.0,1000,0.0,0.0
2025-02-20 10:33:00+09:00,2706.0,2706.0,2706.0,2706.0,200,0.0,0.0
2025-02-20 10:35:00+09:00,2706.0,2706.0,2706.0,2706.0,100,0.0,0.0
2025-02-20 10:36:00+09:00,2707.0,2708.0,2707.0,2708.0,400,0.0,0.0
2025-02-20 10:38:00+09:00,2710.0,2710.0,2708.0,2708.0,500,0.0,0.0
2025-02-20 10:39:00+09:00,2708.0,2708.0,2708.0,2708.0,600,0.0,0.0
2025-02-20 10:41:00+09:00,2709.0,2709.0,2709.0,2709.0,300,0.0,0.0
2025-02-20 10:44:00+09:00,2709.0,2709.0,2707.0,2707.0,1600,0.0,0.0
2025-02-20 10:45:00+09:00,2707.0,2707.0,2707.0,2707.0,200,0.0,0.0
2025-02-20 10:46:00+09:00,2707.0,2707.0,2706.0,2706.0,200,0.0,0.0
2025-02-20 10:49:00+09:00,2704.0,2704.0,2704.0,2704.0,200,0.0,0.0
2025-02-20 10:50:00+09:00,2704.0,2704.0,2704.0,2704.0,200,0.0,0.0
2025-02-20 10:53:00+09:00,2703.0,2703.0,2703.0,2703.0,100,0.0,0.0
2025-02-20 10:55:00+09:00,2705.0,2705.0,2702.0,2702.0,900,0.0,0.0
2025-02-20 10:57:00+09:00,2701.0,2701.0,2701.0,2701.0,300,0.0,0.0
2025-02-20 11:00:00+09:00,2701.0,2701.0,2701.0,2701.0,100,0.0,0.0
2025-02-20 11:01:00+09:00,2701.0,2701.0,2701.0,2701.0,100,0.0,0.0
2025-02-20 11:02:00+09:00,2701.0,2701.0,2701.0,2701.0,300,0.0,0.0
2025-02-20 11:03:00+09:00,2700.0,2700.0,2699.0,2699.0,400,0.0,0.0
2025-02-20 11:04:00+09:00,2698.0,2698.0,2698.0,2698.0,100,0.0,0.0
2025-02-20 11:06:00+09:00,2698.0,2698.0,2698.0,2698.0,100,0.0,0.0
2025-02-20 11:07:00+09:00,2698.0,2698.0,2698.0,2698.0,100,0.0,0.0
2025-02-20 11:11:00+09:00,2698.0,2699.0,2698.0,2699.0,300,0.0,0.0
2025-02-20 11:12:00+09:00,2699.0,2699.0,2699.0,2699.0,400,0.0,0.0
2025-02-20 11:15:00+09:00,2700.0,2700.0,2699.0,2699.0,400,0.0,0.0
2025-02-20 11:16:00+09:00,2699.0,2699.0,2699.0,2699.0,300,0.0,0.0
2025-02-20 11:17:00+09:00,2698.0,2698.0,2698.0,2698.0,100,0.0,0.0
2025-02-20 11:20:00+09:00,2697.0,2697.0,2697.0,2697.0,400,0.0,0.0
2025-02-20 11:21:00+09:00,2695.0,2697.0,2695.0,2697.0,400,0.0,0.0
2025-02-20 11:22:00+09:00,2696.0,2696.0,2696.0,2696.0,100,0.0,0.0
2025-02-20 11:23:00+09:00,2695.0,2695.0,2695.0,2695.0,100,0.0,0.0
2025-02-20 11:25:00+09:00,2695.0,2695.0,2695.0,2695.0,100,0.0,0.0
2025-02-20 11:27:00+09:00,2694.0,2694.0,2694.0,2694.0,200,0.0,0.0
2025-02-20 11:29:00+09:00,2694.0,2694.0,2694.0,2694.0,70300,0.0,0.0
2025-02-20 11:30:00+09:00,2695.0,2695.0,2695.0,2695.0,100,0.0,0.0
2025-02-20 12:30:00+09:00,2700.0,2700.0,2698.0,2698.0,1900,0.0,0.0
2025-02-20 12:31:00+09:00,2696.0,2696.0,2695.0,2695.0,500,0.0,0.0
2025-02-20 12:32:00+09:00,2695.0,2695.0,2694.0,2694.0,200,0.0,0.0
2025-02-20 12:33:00+09:00,2694.0,2694.0,2694.0,2694.0,200,0.0,0.0
2025-02-20 12:34:00+09:00,2692.0,2692.0,2692.0,2692.0,100,0.0,0.0
2025-02-20 12:36:00+09:00,2692.0,2692.0,2691.0,2691.0,400,0.0,0.0
2025-02-20 12:37:00+09:00,2690.0,2690.0,2690.0,2690.0,100,0.0,0.0
2025-02-20 12:38:00+09:00,2688.0,2688.0,2688.0,2688.0,100,0.0,0.0
2025-02-20 12:39:00+09:00,2688.0,2688.0,2687.0,2687.0,600,0.0,0.0
2025-02-20 12:40:00+09:00,2689.0,2689.0,2689.0,2689.0,500,0.0,0.0
2025-02-20 12:45:00+09:00,2689.0,2689.0,2689.0,2689.0,100,0.0,0.0
2025-02-20 12:46:00+09:00,2688.0,2690.0,2687.0,2690.0,1500,0.0,0.0
2025-02-20 12:49:00+09:00,2690.0,2690.0,2690.0,2690.0,200,0.0,0.0
2025-02-20 12:50:00+09:00,2690.0,2690.0,2690.0,2690.0,300,0.0,0.0
2025-02-20 12:54:00+09:00,2689.0,2689.0,2689.0,2689.0,1400,0.0,0.0
2025-02-20 12:55:00+09:00,2690.0,2691.0,2690.0,2691.0,1100,0.0,0.0
2025-02-20 12:57:00+09:00,2689.0,2689.0,2689.0,2689.0,200,0.0,0.0
2025-02-20 13:01:00+09:00,2691.0,2691.0,2691.0,2691.0,200,0.0,0.0
2025-02-20 13:04:00+09:00,2691.0,2691.0,2691.0,2691.0,100,0.0,0.0
2025-02-20 13:09:00+09:00,2694.0,2694.0,2694.0,2694.0,200,0.0,0.0
2025-02-20 13:10:00+09:00,2696.0,2696.0,2696.0,2696.0,200,0.0,0.0
2025-02-20 13:13:00+09:00,2693.0,2693.0,2692.0,2692.0,1000,0.0,0.0
2025-02-20 13:14:00+09:00,2692.0,2692.0,2691.0,2691.0,600,0.0,0.0
2025-02-20 13:19:00+09:00,2692.0,2692.0,2692.0,2692.0,200,0.0,0.0
2025-02-20 13:25:00+09:00,2694.0,2695.0,2694.0,2695.0,400,0.0,0.0
2025-02-20 13:28:00+09:00,2695.0,2695.0,2694.0,2694.0,1600,0.0,0.0
2025-02-20 13:29:00+09:00,2693.0,2695.0,2693.0,2695.0,300,0.0,0.0
2025-02-20 13:32:00+09:00,2694.0,2694.0,2694.0,2694.0,100,0.0,0.0
2025-02-20 13:35:00+09:00,2694.0,2694.0,2694.0,2694.0,100,0.0,0.0
2025-02-20 13:37:00+09:00,2695.0,2695.0,2695.0,2695.0,400,0.0,0.0
2025-02-20 13:39:00+09:00,2694.0,2694.0,2694.0,2694.0,500,0.0,0.0
2025-02-20 13:40:00+09:00,2694.0,2694.0,2694.0,2694.0,100,0.0,0.0
2025-02-20 13:41:00+09:00,2693.0,2693.0,2691.0,2691.0,2700,0.0,0.0
2025-02-20 13:44:00+09:00,2690.0,2691.0,2690.0,2691.0,200,0.0,0.0
2025-02-20 13:46:00+09:00,2690.0,2690.0,2690.0,2690.0,100,0.0,0.0
2025-02-20 13:48:00+09:00,2690.0,2690.0,2690.0,2690.0,100,0.0,0.0
2025-02-20 13:50:00+09:00,2690.0,2690.0,2690.0,2690.0,100,0.0,0.0
2025-02-20 13:53:00+09:00,2690.0,2690.0,2690.0,2690.0,100,0.0,0.0
2025-02-20 13:54:00+09:00,2692.0,2692.0,2692.0,2692.0,400,0.0,0.0
2025-02-20 14:00:00+09:00,2694.0,2694.0,2692.0,2692.0,300,0.0,0.0
2025-02-20 14:01:00+09:00,2692.0,2692.0,2691.0,2691.0,800,0.0,0.0
2025-02-20 14:02:00+09:00,2690.0,2690.0,2690.0,2690.0,100,0.0,0.0
2025-02-20 14:03:00+09:00,2690.0,2690.0,2689.0,2689.0,500,0.0,0.0
2025-02-20 14:04:00+09:00,2688.0,2689.0,2688.0,2688.0,500,0.0,0.0
2025-02-20 14:05:00+09:00,2689.0,2690.0,2689.0,2690.0,300,0.0,0.0
2025-02-20 14:07:00+09:00,2691.0,2691.0,2691.0,2691.0,200,0.0,0.0
2025-02-20 14:11:00+09:00,2689.0,2689.0,2687.0,2687.0,500,0.0,0.0
2025-02-20 14:13:00+09:00,2687.0,2688.0,2687.0,2687.0,700,0.0,0.0
2025-02-20 14:16:00+09:00,2687.0,2687.0,2687.0,2687.0,100,0.0,0.0
2025-02-20 14:18:00+09:00,2687.0,2687.0,2687.0,2687.0,200,0.0,0.0
2025-02-20 14:20:00+09:00,2687.0,2687.0,2687.0,2687.0,100,0.0,0.0
2025-02-20 14:21:00+09:00,2688.0,2689.0,2687.0,2689.0,600,0.0,0.0
2025-02-20 14:24:00+09:00,2690.0,2690.0,2690.0,2690.0,300,0.0,0.0
2025-02-20 14:25:00+09:00,2691.0,2691.0,2691.0,2691.0,300,0.0,0.0
2025-02-20 14:34:00+09:00,2691.0,2691.0,2691.0,2691.0,100,0.0,0.0
2025-02-20 14:35:00+09:00,2692.0,2692.0,2692.0,2692.0,200,0.0,0.0
2025-02-20 14:36:00+09:00,2692.0,2692.0,2692.0,2692.0,100,0.0,0.0
2025-02-20 14:37:00+09:00,2691.0,2692.0,2691.0,2691.0,2400,0.0,0.0
2025-02-20 14:38:00+09:00,2691.0,2691.0,2690.0,2690.0,500,0.0,0.0
2025-02-20 14:39:00+09:00,2690.0,2690.0,2690.0,2690.0,100,0.0,0.0
2025-02-20 14:41:00+09:00,2691.0,2691.0,2691.0,2691.0,100,0.0,0.0
2025-02-20 14:42:00+09:00,2691.0,2691.0,2689.0,2689.0,1200,0.0,0.0
2025-02-20 14:44:00+09:00,2689.0,2689.0,2689.0,2689.0,100,0.0,0.0
2025-02-20 14:45:00+09:00,2689.0,2690.0,2689.0,2689.0,500,0.0,0.0
2025-02-20 14:47:00+09:00,2689.0,2689.0,2689.0,2689.0,200,0.0,0.0
2025-02-20 14:49:00+09:00,2689.0,2692.0,2689.0,2690.0,1800,0.0,0.0
2025-02-20 14:50:00+09:00,2690.0,2690.0,2687.0,2687.0,900,0.0,0.0
2025-02-20 14:53:00+09:00,2688.0,2688.0,2688.0,2688.0,100,0.0,0.0
2025-02-20 14:54:00+09:00,2688.0,2689.0,2688.0,2689.0,500,0.0,0.0
2025-02-20 14:55:00+09:00,2689.0,2689.0,2688.0,2688.0,900,0.0,0.0
2025-02-20 14:56:00+09:00,2689.0,2689.0,2689.0,2689.0,500,0.0,0.0
2025-02-20 14:57:00+09:00,2689.0,2689.0,2686.0,2686.0,900,0.0,0.0
2025-02-20 15:00:00+09:00,2686.0,2686.0,2686.0,2686.0,100,0.0,0.0
2025-02-20 15:01:00+09:00,2686.0,2686.0,2686.0,2686.0,500,0.0,0.0
2025-02-20 15:02:00+09:00,2686.0,2686.0,2686.0,2686.0,100,0.0,0.0
2025-02-20 15:03:00+09:00,2686.0,2686.0,2685.0,2685.0,1300,0.0,0.0
2025-02-20 15:04:00+09:00,2685.0,2686.0,2685.0,2686.0,200,0.0,0.0
2025-02-20 15:05:00+09:00,2686.0,2687.0,2686.0,2686.0,1200,0.0,0.0
2025-02-20 15:06:00+09:00,2688.0,2688.0,2688.0,2688.0,600,0.0,0.0
2025-02-20 15:10:00+09:00,2688.0,2688.0,2684.0,2684.0,1800,0.0,0.0
2025-02-20 15:11:00+09:00,2684.0,2684.0,2682.0,2682.0,500,0.0,0.0
2025-02-20 15:12:00+09:00,2682.0,2682.0,2681.0,2681.0,300,0.0,0.0
2025-02-20 15:13:00+09:00,2685.0,2685.0,2685.0,2685.0,400,0.0,0.0
2025-02-20 15:14:00+09:00,2685.0,2685.0,2685.0,2685.0,100,0.0,0.0
2025-02-20 15:15:00+09:00,2685.0,2685.0,2685.0,2685.0,100,0.0,0.0
2025-02-20 15:16:00+09:00,2685.0,2685.0,2685.0,2685.0,100,0.0,0.0
2025-02-20 15:17:00+09:00,2685.0,2687.0,2685.0,2687.0,600,0.0,0.0
2025-02-20 15:18:00+09:00,2687.0,2687.0,2687.0,2687.0,1000,0.0,0.0
2025-02-20 15:20:00+09:00,2686.0,2686.0,2686.0,2686.0,300,0.0,0.0
2025-02-20 15:21:00+09:00,2686.0,2687.0,2686.0,2687.0,500,0.0,0.0
2025-02-20 15:22:00+09:00,2685.0,2685.0,2685.0,2685.0,200,0.0,0.0
2025-02-20 15:23:00+09:00,2684.0,2684.0,2682.0,2682.0,500,0.0,0.0
2025-02-20 15:24:00+09:00,2684.0,2684.0,2679.0,2679.0,700,0.0,0.0
2025-02-21 09:05:00+09:00,2698.0,2698.0,2692.0,2697.0,0,0.0,0.0
2025-02-21 09:10:00+09:00,2702.0,2702.0,2701.0,2701.0,400,0.0,0.0
2025-02-21 09:11:00+09:00,2702.0,2702.0,2702.0,2702.0,100,0.0,0.0
2025-02-21 09:12:00+09:00,2702.0,2702.0,2702.0,2702.0,100,0.0,0.0
2025-02-21 09:13:00+09:00,2701.0,2701.0,2698.0,2698.0,800,0.0,0.0
2025-02-21 09:15:00+09:00,2694.0,2694.0,2694.0,2694.0,100,0.0,0.0
2025-02-21 09:16:00+09:00,2699.0,2699.0,2699.0,2699.0,400,0.0,0.0
2025-02-21 09:17:00+09:00,2700.0,2700.0,2700.0,2700.0,100,0.0,0.0
2025-02-21 09:18:00+09:00,2699.0,2699.0,2698.0,2698.0,500,0.0,0.0
2025-02-21 09:20:00+09:00,2698.0,2698.0,2698.0,2698.0,100,0.0,0.0
2025-02-21 09:22:00+09:00,2694.0,2694.0,2694.0,2694.0,100,0.0,0.0
2025-02-21 09:23:00+09:00,2697.0,2697.0,2697.0,2697.0,100,0.0,0.0
2025-02-21 09:26:00+09:00,2697.0,2697.0,2697.0,2697.0,200,0.0,0.0
2025-02-21 09:27:00+09:00,2700.0,2700.0,2700.0,2700.0,200,0.0,0.0
2025-02-21 09:31:00+09:00,2700.0,2707.0,2700.0,2707.0,1500,0.0,0.0
2025-02-21 09:35:00+09:00,2707.0,2707.0,2707.0,2707.0,600,0.0,0.0
2025-02-21 09:38:00+09:00,2704.0,2704.0,2704.0,2704.0,100,0.0,0.0
2025-02-21 09:41:00+09:00,2702.0,2702.0,2702.0,2702.0,100,0.0,0.0
2025-02-21 09:42:00+09:00,2704.0,2705.0,2704.0,2705.0,200,0.0,0.0
2025-02-21 09:45:00+09:00,2704.0,2704.0,2703.0,2703.0,500,0.0,0.0
2025-02-21 09:48:00+09:00,2702.0,2702.0,2702.0,2702.0,100,0.0,0.0
2025-02-21 09:49:00+09:00,2702.0,2702.0,2702.0,2702.0,300,0.0,0.0
2025-02-21 09:50:00+09:00,2700.0,2700.0,2700.0,2700.0,200,0.0,0.0
2025-02-21 09:53:00+09:00,2700.0,2700.0,2700.0,2700.0,200,0.0,0.0
2025-02-21 09:54:00+09:00,2701.0,2701.0,2701.0,2701.0,200,0.0,0.0
2025-02-21 09:55:00+09:00,2699.0,2699.0,2699.0,2699.0,100,0.0,0.0
2025-02-21 09:57:00+09:00,2701.0,2703.0,2701.0,2703.0,600,0.0,0.0
2025-02-21 09:58:00+09:00,2705.0,2705.0,2705.0,2705.0,200,0.0,0.0
2025-02-21 09:59:00+09:00,2704.0,2704.0,2704.0,2704.0,100,0.0,0.0
2025-02-21 10:03:00+09:00,2704.0,2704.0,2701.0,2701.0,800,0.0,0.0
2025-02-21 10:04:00+09:00,2700.0,2700.0,2697.0,2697.0,300,0.0,0.0
2025-02-21 10:08:00+09:00,2697.0,2697.0,2697.0,2697.0,100,0.0,0.0
2025-02-21 10:09:00+09:00,2697.0,2697.0,2697.0,2697.0,100,0.0,0.0
2025-02-21 10:10:00+09:00,2697.0,2697.0,2697.0,2697.0,100,0.0,0.0
2025-02-21 10:12:00+09:00,2697.0,2697.0,2697.0,2697.0,100,0.0,0.0
2025-02-21 10:14:00+09:00,2697.0,2697.0,2697.0,2697.0,100,0.0,0.0
2025-02-21 10:15:00+09:00,2695.0,2695.0,2695.0,2695.0,100,0.0,0.0
2025-02-21 10:16:00+09:00,2695.0,2695.0,2695.0,2695.0,200,0.0,0.0
2025-02-21 10:17:00+09:00,2692.0,2692.0,2692.0,2692.0,100,0.0,0.0
2025-02-21 10:19:00+09:00,2692.0,2692.0,2692.0,2692.0,100,0.0,0.0
2025-02-21 10:20:00+09:00,2691.0,2691.0,2691.0,2691.0,100,0.0,0.0
2025-02-21 10:22:00+09:00,2691.0,2691.0,2691.0,2691.0,200,0.0,0.0
2025-02-21 10:23:00+09:00,2691.0,2691.0,2691.0,2691.0,300,0.0,0.0
2025-02-21 10:24:00+09:00,2691.0,2691.0,2691.0,2691.0,100,0.0,0.0
2025-02-21 10:27:00+09:00,2690.0,2690.0,2689.0,2689.0,200,0.0,0.0
2025-02-21 10:28:00+09:00,2687.0,2691.0,2687.0,2691.0,1100,0.0,0.0
2025-02-21 10:29:00+09:00,2691.0,2692.0,2691.0,2692.0,300,0.0,0.0
2025-02-21 10:30:00+09:00,2694.0,2694.0,2694.0,2694.0,300,0.0,0.0
2025-02-21 10:31:00+09:00,2694.0,2695.0,2694.0,2695.0,500,0.0,0.0
2025-02-21 10:35:00+09:00,2695.0,2696.0,2695.0,2696.0,400,0.0,0.0
2025-02-21 10:37:00+09:00,2697.0,2698.0,2696.0,2698.0,700,0.0,0.0
2025-02-21 10:39:00+09:00,2698.0,2698.0,2698.0,2698.0,200,0.0,0.0
2025-02-21 10:43:00+09:00,2699.0,2700.0,2699.0,2700.0,500,0.0,0.0
2025-02-21 10:44:00+09:00,2700.0,2700.0,2700.0,2700.0,200,0.0,0.0
2025-02-21 10:46:00+09:00,2697.0,2697.0,2696.0,2696.0,400,0.0,0.0
2025-02-21 10:47:00+09:00,2697.0,2697.0,2696.0,2696.0,300,0.0,0.0
2025-02-21 10:50:00+09:00,2697.0,2697.0,2697.0,2697.0,200,0.0,0.0
2025-02-21 10:51:00+09:00,2697.0,2697.0,2697.0,2697.0,100,0.0,0.0
2025-02-21 10:52:00+09:00,2695.0,2695.0,2693.0,2693.0,500,0.0,0.0
2025-02-21 10:53:00+09:00,2695.0,2696.0,2695.0,2696.0,400,0.0,0.0
2025-02-21 10:54:00+09:00,2695.0,2695.0,2695.0,2695.0,100,0.0,0.0
2025-02-21 10:56:00+09:00,2693.0,2693.0,2693.0,2693.0,200,0.0,0.0
2025-02-21 10:59:00+09:00,2693.0,2693.0,2693.0,2693.0,100,0.0,0.0
2025-02-21 11:00:00+09:00,2693.0,2693.0,2692.0,2692.0,300,0.0,0.0
2025-02-21 11:01:00+09:00,2690.0,2690.0,2690.0,2690.0,100,0.0,0.0
2025-02-21 11:02:00+09:00,2691.0,2693.0,2691.0,2693.0,400,0.0,0.0
2025-02-21 11:05:00+09:00,2694.0,2694.0,2694.0,2694.0,600,0.0,0.0
2025-02-21 11:06:00+09:00,2693.0,2693.0,2693.0,2693.0,200,0.0,0.0
2025-02-21 11:08:00+09:00,2693.0,2693.0,2693.0,2693.0,100,0.0,0.0
2025-02-21 11:10:00+09:00,2691.0,2691.0,2691.0,2691.0,100,0.0,0.0
2025-02-21 11:12:00+09:00,2691.0,2693.0,2691.0,2693.0,500,0.0,0.0
2025-02-21 11:13:00+09:00,2693.0,2693.0,2693.0,2693.0,300,0.0,0.0
2025-02-21 11:15:00+09:00,2693.0,2693.0,2693.0,2693.0,100,0.0,0.0
2025-02-21 11:17:00+09:00,2693.0,2694.0,2693.0,2694.0,200,0.0,0.0
2025-02-21 11:18:00+09:00,2695.0,2695.0,2695.0,2695.0,600,0.0,0.0
2025-02-21 11:20:00+09:00,2694.0,2694.0,2694.0,2694.0,500,0.0,0.0
2025-02-21 11:21:00+09:00,2694.0,2694.0,2694.0,2694.0,100,0.0,0.0
2025-02-21 11:22:00+09:00,2691.0,2693.0,2691.0,2693.0,200,0.0,0.0
2025-02-21 11:23:00+09:00,2693.0,2693.0,2693.0,2693.0,100,0.0,0.0
2025-02-21 11:25:00+09:00,2694.0,2695.0,2694.0,2695.0,400,0.0,0.0
2025-02-21 11:26:00+09:00,2695.0,2695.0,2695.0,2695.0,200,0.0,0.0
2025-02-21 11:28:00+09:00,2693.0,2693.0,2693.0,2693.0,100,0.0,0.0
2025-02-21 11:29:00+09:00,2696.0,2696.0,2696.0,2696.0,0,0.0,0.0
2025-02-21 12:30:00+09:00,2697.0,2700.0,2697.0,2697.0,32700,0.0,0.0
2025-02-21 12:31:00+09:00,2693.0,2693.0,2693.0,2693.0,400,0.0,0.0
2025-02-21 12:33:00+09:00,2691.0,2691.0,2691.0,2691.0,400,0.0,0.0
2025-02-21 12:35:00+09:00,2694.0,2697.0,2691.0,2697.0,2100,0.0,0.0
2025-02-21 12:36:00+09:00,2696.0,2697.0,2696.0,2696.0,600,0.0,0.0
2025-02-21 12:37:00+09:00,2696.0,2696.0,2696.0,2696.0,100,0.0,0.0
2025-02-21 12:38:00+09:00,2697.0,2697.0,2697.0,2697.0,100,0.0,0.0
2025-02-21 12:39:00+09:00,2696.0,2696.0,2696.0,2696.0,200,0.0,0.0
2025-02-21 12:41:00+09:00,2696.0,2696.0,2696.0,2696.0,200,0.0,0.0
2025-02-21 12:43:00+09:00,2695.0,2695.0,2695.0,2695.0,300,0.0,0.0
2025-02-21 12:45:00+09:00,2695.0,2695.0,2695.0,2695.0,200,0.0,0.0
2025-02-21 12:47:00+09:00,2696.0,2696.0,2696.0,2696.0,500,0.0,0.0
2025-02-21 12:48:00+09:00,2697.0,2698.0,2697.0,2698.0,800,0.0,0.0
2025-02-21 12:49:00+09:00,2700.0,2700.0,2700.0,2700.0,300,0.0,0.0
2025-02-21 12:50:00+09:00,2700.0,2700.0,2700.0,2700.0,100,0.0,0.0
2025-02-21 12:54:00+09:00,2700.0,2700.0,2700.0,2700.0,300,0.0,0.0
2025-02-21 12:55:00+09:00,2700.0,2700.0,2700.0,2700.0,100,0.0,0.0
2025-02-21 12:58:00+09:00,2699.0,2699.0,2699.0,2699.0,100,0.0,0.0
2025-02-21 12:59:00+09:00,2700.0,2700.0,2700.0,2700.0,100,0.0,0.0
2025-02-21 13:00:00+09:00,2699.0,2700.0,2699.0,2699.0,1400,0.0,0.0
2025-02-21 13:03:00+09:00,2698.0,2699.0,2698.0,2699.0,400,0.0,0.0
2025-02-21 13:04:00+09:00,2699.0,2699.0,2699.0,2699.0,100,0.0,0.0
2025-02-21 13:07:00+09:00,2698.0,2698.0,2698.0,2698.0,100,0.0,0.0
2025-02-21 13:09:00+09:00,2698.0,2700.0,2698.0,2700.0,200,0.0,0.0
2025-02-21 13:10:00+09:00,2700.0,2700.0,2700.0,2700.0,300,0.0,0.0
2025-02-21 13:11:00+09:00,2701.0,2701.0,2701.0,2701.0,200,0.0,0.0
2025-02-21 13:15:00+09:00,2700.0,2700.0,2700.0,2700.0,100,0.0,0.0
2025-02-21 13:16:00+09:00,2701.0,2701.0,2701.0,2701.0,100,0.0,0.0
2025-02-21 13:18:00+09:00,2701.0,2701.0,2701.0,2701.0,100,0.0,0.0
2025-02-21 13:20:00+09:00,2701.0,2701.0,2701.0,2701.0,100,0.0,0.0
2025-02-21 13:22:00+09:00,2701.0,2701.0,2701.0,2701.0,500,0.0,0.0
2025-02-21 13:23:00+09:00,2702.0,2702.0,2702.0,2702.0,200,0.0,0.0
2025-02-21 13:24:00+09:00,2702.0,2703.0,2702.0,2703.0,1300,0.0,0.0
2025-02-21 13:27:00+09:00,2704.0,2704.0,2702.0,2702.0,1400,0.0,0.0
2025-02-21 13:28:00+09:00,2701.0,2701.0,2701.0,2701.0,600,0.0,0.0
2025-02-21 13:29:00+09:00,2701.0,2702.0,2701.0,2702.0,400,0.0,0.0
2025-02-21 13:32:00+09:00,2702.0,2702.0,2702.0,2702.0,300,0.0,0.0
2025-02-21 13:33:00+09:00,2702.0,2702.0,2702.0,2702.0,300,0.0,0.0
2025-02-21 13:39:00+09:00,2701.0,2701.0,2701.0,2701.0,100,0.0,0.0
2025-02-21 13:40:00+09:00,2701.0,2701.0,2701.0,2701.0,100,0.0,0.0
2025-02-21 13:42:00+09:00,2701.0,2701.0,2701.0,2701.0,100,0.0,0.0
2025-02-21 13:44:00+09:00,2701.0,2701.0,2701.0,2701.0,100,0.0,0.0
2025-02-21 13:45:00+09:00,2701.0,2701.0,2701.0,2701.0,100,0.0,0.0
2025-02-21 13:47:00+09:00,2701.0,2701.0,2701.0,2701.0,200,0.0,0.0
2025-02-21 13:48:00+09:00,2702.0,2706.0,2702.0,2706.0,1600,0.0,0.0
2025-02-21 13:50:00+09:00,2707.0,2707.0,2707.0,2707.0,100,0.0,0.0
2025-02-21 13:51:00+09:00,2707.0,2707.0,2707.0,2707.0,600,0.0,0.0
2025-02-21 13:53:00+09:00,2706.0,2706.0,2706.0,2706.0,500,0.0,0.0
2025-02-21 13:54:00+09:00,2705.0,2706.0,2705.0,2706.0,400,0.0,0.0
2025-02-21 13:56:00+09:00,2705.0,2705.0,2705.0,2705.0,100,0.0,0.0
2025-02-21 13:57:00+09:00,2705.0,2705.0,2705.0,2705.0,100,0.0,0.0
2025-02-21 13:59:00+09:00,2705.0,2705.0,2705.0,2705.0,200,0.0,0.0
2025-02-21 14:02:00+09:00,2707.0,2709.0,2707.0,2709.0,1200,0.0,0.0
2025-02-21 14:09:00+09:00,2709.0,2709.0,2709.0,2709.0,300,0.0,0.0
2025-02-21 14:10:00+09:00,2709.0,2709.0,2709.0,2709.0,200,0.0,0.0
2025-02-21 14:13:00+09:00,2709.0,2709.0,2709.0,2709.0,500,0.0,0.0
2025-02-21 14:15:00+09:00,2709.0,2709.0,2709.0,2709.0,200,0.0,0.0
2025-02-21 14:17:00+09:00,2710.0,2710.0,2710.0,2710.0,700,0.0,0.0
2025-02-21 14:18:00+09:00,2710.0,2710.0,2709.0,2709.0,900,0.0,0.0
2025-02-21 14:19:00+09:00,2709.0,2709.0,2709.0,2709.0,200,0.0,0.0
2025-02-21 14:23:00+09:00,2708.0,2708.0,2708.0,2708.0,500,0.0,0.0
2025-02-21 14:27:00+09:00,2708.0,2708.0,2708.0,2708.0,300,0.0,0.0
2025-02-21 14:30:00+09:00,2708.0,2708.0,2708.0,2708.0,300,0.0,0.0
2025-02-21 14:32:00+09:00,2709.0,2710.0,2709.0,2710.0,1400,0.0,0.0
2025-02-21 14:34:00+09:00,2709.0,2709.0,2709.0,2709.0,300,0.0,0.0
2025-02-21 14:37:00+09:00,2708.0,2708.0,2708.0,2708.0,500,0.0,0.0
2025-02-21 14:40:00+09:00,2709.0,2709.0,2709.0,2709.0,1000,0.0,0.0
2025-02-21 14:43:00+09:00,2709.0,2709.0,2709.0,2709.0,900,0.0,0.0
2025-02-21 14:44:00+09:00,2710.0,2710.0,2709.0,2709.0,900,0.0,0.0
2025-02-21 14:45:00+09:00,2709.0,2709.0,2709.0,2709.0,100,0.0,0.0
2025-02-21 14:46:00+09:00,2709.0,2709.0,2709.0,2709.0,400,0.0,0.0
2025-02-21 14:47:00+09:00,2709.0,2709.0,2709.0,2709.0,200,0.0,0.0
2025-02-21 14:48:00+09:00,2709.0,2709.0,2709.0,2709.0,100,0.0,0.0
2025-02-21 14:49:00+09:00,2708.0,2708.0,2708.0,2708.0,800,0.0,0.0
2025-02-21 14:51:00+09:00,2708.0,2708.0,2708.0,2708.0,100,0.0,0.0
2025-02-21 14:53:00+09:00,2710.0,2710.0,2710.0,2710.0,400,0.0,0.0
2025-02-21 14:55:00+09:00,2711.0,2712.0,2711.0,2711.0,1300,0.0,0.0
2025-02-21 14:56:00+09:00,2711.0,2711.0,2711.0,2711.0,200,0.0,0.0
2025-02-21 14:57:00+09:00,2710.0,2710.0,2710.0,2710.0,500,0.0,0.0
2025-02-21 14:58:00+09:00,2710.0,2710.0,2710.0,2710.0,100,0.0,0.0
2025-02-21 14:59:00+09:00,2710.0,2710.0,2710.0,2710.0,100,0.0,0.0
2025-02-21 15:00:00+09:00,2710.0,2710.0,2708.0,2708.0,1000,0.0,0.0
2025-02-21 15:06:00+09:00,2708.0,2708.0,2707.0,2708.0,1800,0.0,0.0
2025-02-21 15:07:00+09:00,2708.0,2708.0,2708.0,2708.0,100,0.0,0.0
2025-02-21 15:08:00+09:00,2709.0,2710.0,2709.0,2710.0,500,0.0,0.0
2025-02-21 15:09:00+09:00,2710.0,2711.0,2710.0,2710.0,700,0.0,0.0
2025-02-21 15:10:00+09:00,2710.0,2710.0,2710.0,2710.0,100,0.0,0.0
2025-02-21 15:11:00+09:00,2711.0,2711.0,2711.0,2711.0,100,0.0,0.0
2025-02-21 15:13:00+09:00,2711.0,2711.0,2710.0,2710.0,1100,0.0,0.0
2025-02-21 15:15:00+09:00,2710.0,2710.0,2709.0,2709.0,800,0.0,0.0
2025-02-21 15:18:00+09:00,2709.0,2709.0,2706.0,2707.0,1200,0.0,0.0
2025-02-21 15:19:00+09:00,2706.0,2706.0,2706.0,2706.0,100,0.0,0.0
2025-02-21 15:21:00+09:00,2707.0,2707.0,2707.0,2707.0,600,0.0,0.0
2025-02-21 15:22:00+09:00,2708.0,2708.0,2708.0,2708.0,100,0.0,0.0
2025-02-21 15:24:00+09:00,2708.0,2710.0,2708.0,2708.0,1100,0.0,0.0
