Datetime,Open,High,Low,Close,Volume,Dividends,Stock Splits
2024-08-28 09:30:00-04:00,43.54999923706055,43.54999923706055,43.54999923706055,43.54999923706055,0,0.0,0.0
2024-08-28 09:35:00-04:00,43.70500183105469,43.70500183105469,43.70000076293945,43.70000076293945,663,0.0,0.0
2024-08-28 09:40:00-04:00,43.77000045776367,43.849998474121094,43.77000045776367,43.849998474121094,1681,0.0,0.0
2024-08-28 09:50:00-04:00,43.90999984741211,43.90999984741211,43.900001525878906,43.900001525878906,852,0.0,0.0
2024-08-28 09:55:00-04:00,43.970001220703125,44.04999923706055,43.970001220703125,43.98500061035156,5279,0.0,0.0
2024-08-28 10:00:00-04:00,43.939998626708984,43.939998626708984,43.915000915527344,43.915000915527344,1953,0.0,0.0
2024-08-28 10:05:00-04:00,43.97999954223633,44.01100158691406,43.97999954223633,44.0,1221,0.0,0.0
2024-08-28 10:10:00-04:00,44.0,44.08000183105469,43.93000030517578,44.08000183105469,3332,0.0,0.0
2024-08-28 10:15:00-04:00,44.11000061035156,44.130001068115234,44.08000183105469,44.119998931884766,2110,0.0,0.0
2024-08-28 10:25:00-04:00,44.119998931884766,44.119998931884766,44.029998779296875,44.029998779296875,3057,0.0,0.0
2024-08-28 10:30:00-04:00,44.189998626708984,44.2400016784668,44.189998626708984,44.22700119018555,1821,0.0,0.0
2024-08-28 10:35:00-04:00,44.25,44.25,44.25,44.25,793,0.0,0.0
2024-08-28 10:50:00-04:00,44.2599983215332,44.30500030517578,44.2599983215332,44.30500030517578,1528,0.0,0.0
2024-08-28 10:55:00-04:00,44.34749984741211,44.380001068115234,44.345001220703125,44.369998931884766,3964,0.0,0.0
2024-08-28 11:00:00-04:00,44.400001525878906,44.400001525878906,44.382301330566406,44.382301330566406,1417,0.0,0.0
2024-08-28 11:05:00-04:00,44.40999984741211,44.40999984741211,44.40999984741211,44.40999984741211,458,0.0,0.0
2024-08-28 11:10:00-04:00,44.39500045776367,44.45000076293945,44.39500045776367,44.439998626708984,3085,0.0,0.0
2024-08-28 11:15:00-04:00,44.275001525878906,44.275001525878906,44.275001525878906,44.275001525878906,348,0.0,0.0
2024-08-28 11:20:00-04:00,44.125,44.13999938964844,44.04999923706055,44.060001373291016,994,0.0,0.0
2024-08-28 11:30:00-04:00,44.1260986328125,44.1260986328125,44.1260986328125,44.1260986328125,250,0.0,0.0
2024-08-28 11:35:00-04:00,44.06999969482422,44.13999938964844,44.06999969482422,44.13999938964844,2684,0.0,0.0
2024-08-28 11:40:00-04:00,44.119998931884766,44.119998931884766,44.11000061035156,44.11000061035156,1141,0.0,0.0
2024-08-28 11:45:00-04:00,44.16999816894531,44.16999816894531,44.150001525878906,44.150001525878906,646,0.0,0.0
2024-08-28 11:50:00-04:00,44.21500015258789,44.21500015258789,44.21500015258789,44.21500015258789,371,0.0,0.0
2024-08-28 11:55:00-04:00,44.18000030517578,44.18000030517578,44.16999816894531,44.18000030517578,983,0.0,0.0
2024-08-28 12:00:00-04:00,44.220001220703125,44.220001220703125,44.119998931884766,44.189998626708984,4201,0.0,0.0
2024-08-28 12:05:00-04:00,44.08000183105469,44.08000183105469,44.08000183105469,44.08000183105469,328,0.0,0.0
2024-08-28 12:10:00-04:00,44.119998931884766,44.119998931884766,44.09000015258789,44.09000015258789,516,0.0,0.0
2024-08-28 12:20:00-04:00,44.029998779296875,44.029998779296875,43.93000030517578,43.93000030517578,2752,0.0,0.0
2024-08-28 12:25:00-04:00,43.94499969482422,43.94499969482422,43.94499969482422,43.94499969482422,404,0.0,0.0
2024-08-28 12:30:00-04:00,43.875,43.939998626708984,43.875,43.90999984741211,2430,0.0,0.0
2024-08-28 12:35:00-04:00,43.90999984741211,43.90999984741211,43.90999984741211,43.90999984741211,745,0.0,0.0
2024-08-28 12:40:00-04:00,43.939998626708984,43.939998626708984,43.939998626708984,43.939998626708984,2102,0.0,0.0
2024-08-28 12:45:00-04:00,43.935001373291016,43.959999084472656,43.935001373291016,43.95000076293945,1223,0.0,0.0
2024-08-28 12:50:00-04:00,43.970001220703125,43.970001220703125,43.970001220703125,43.970001220703125,525,0.0,0.0
2024-08-28 12:55:00-04:00,43.95000076293945,43.95000076293945,43.89500045776367,43.89500045776367,2478,0.0,0.0
2024-08-28 13:10:00-04:00,43.95000076293945,43.95000076293945,43.93000030517578,43.93000030517578,1323,0.0,0.0
2024-08-28 13:15:00-04:00,43.95000076293945,43.95000076293945,43.92100143432617,43.95000076293945,1058,0.0,0.0
2024-08-28 13:20:00-04:00,43.95000076293945,43.95000076293945,43.900001525878906,43.900001525878906,786,0.0,0.0
2024-08-28 13:25:00-04:00,43.89500045776367,43.89500045776367,43.89500045776367,43.89500045776367,327,0.0,0.0
2024-08-28 13:30:00-04:00,43.935001373291016,43.935001373291016,43.93000030517578,43.93000030517578,945,0.0,0.0
2024-08-28 13:35:00-04:00,43.93000030517578,43.93000030517578,43.93000030517578,43.93000030517578,1845,0.0,0.0
2024-08-28 13:50:00-04:00,43.81999969482422,43.81999969482422,43.7400016784668,43.7599983215332,4600,0.0,0.0
2024-08-28 13:55:00-04:00,43.744998931884766,43.744998931884766,43.70000076293945,43.70000076293945,3781,0.0,0.0
2024-08-28 14:00:00-04:00,43.720001220703125,43.720001220703125,43.70000076293945,43.720001220703125,1664,0.0,0.0
2024-08-28 14:05:00-04:00,43.7599983215332,43.7599983215332,43.709999084472656,43.709999084472656,984,0.0,0.0
2024-08-28 14:10:00-04:00,43.709999084472656,43.709999084472656,43.61000061035156,43.63999938964844,1856,0.0,0.0
2024-08-28 14:15:00-04:00,43.560001373291016,43.560001373291016,43.560001373291016,43.560001373291016,1010,0.0,0.0
2024-08-28 14:20:00-04:00,43.529998779296875,43.529998779296875,43.529998779296875,43.529998779296875,299,0.0,0.0
2024-08-28 14:25:00-04:00,43.560001373291016,43.560001373291016,43.52000045776367,43.529998779296875,1959,0.0,0.0
2024-08-28 14:30:00-04:00,43.59000015258789,43.59000015258789,43.54999923706055,43.56999969482422,2354,0.0,0.0
2024-08-28 14:35:00-04:00,43.57749938964844,43.57749938964844,43.57749938964844,43.57749938964844,1057,0.0,0.0
2024-08-28 14:40:00-04:00,43.630001068115234,43.630001068115234,43.630001068115234,43.630001068115234,465,0.0,0.0
2024-08-28 14:45:00-04:00,43.630001068115234,43.68000030517578,43.630001068115234,43.630001068115234,2657,0.0,0.0
2024-08-28 14:50:00-04:00,43.665000915527344,43.77000045776367,43.665000915527344,43.77000045776367,2342,0.0,0.0
2024-08-28 14:55:00-04:00,43.82500076293945,43.82500076293945,43.82500076293945,43.82500076293945,1385,0.0,0.0
2024-08-28 15:00:00-04:00,43.845001220703125,43.8849983215332,43.845001220703125,43.8849983215332,1017,0.0,0.0
2024-08-28 15:05:00-04:00,43.88999938964844,43.88999938964844,43.810001373291016,43.810001373291016,4918,0.0,0.0
2024-08-28 15:10:00-04:00,43.84000015258789,43.849998474121094,43.810001373291016,43.83000183105469,2538,0.0,0.0
2024-08-28 15:15:00-04:00,43.849998474121094,43.869998931884766,43.81999969482422,43.845001220703125,3378,0.0,0.0
2024-08-28 15:20:00-04:00,43.98500061035156,44.04999923706055,43.95500183105469,44.04999923706055,7871,0.0,0.0
2024-08-28 15:25:00-04:00,44.060001373291016,44.08000183105469,44.040000915527344,44.040000915527344,3174,0.0,0.0
2024-08-28 15:30:00-04:00,44.05500030517578,44.059200286865234,44.0099983215332,44.03499984741211,4433,0.0,0.0
2024-08-28 15:35:00-04:00,44.040000915527344,44.07500076293945,44.0,44.07500076293945,4936,0.0,0.0
2024-08-28 15:40:00-04:00,44.060001373291016,44.099998474121094,44.040000915527344,44.099998474121094,8666,0.0,0.0
2024-08-28 15:45:00-04:00,44.099998474121094,44.125,44.03499984741211,44.04999923706055,7031,0.0,0.0
2024-08-28 15:50:00-04:00,44.005001068115234,44.029998779296875,43.86000061035156,44.0,10039,0.0,0.0
2024-08-28 15:55:00-04:00,44.02000045776367,44.084999084472656,43.97999954223633,44.040000915527344,22278,0.0,0.0
2024-08-29 09:30:00-04:00,43.86000061035156,43.86000061035156,43.75,43.779998779296875,7803,0.0,0.0
2024-08-29 09:35:00-04:00,43.65999984741211,43.7400016784668,43.65999984741211,43.7400016784668,359,0.0,0.0
2024-08-29 09:40:00-04:00,43.68000030517578,43.79999923706055,43.630001068115234,43.66999816894531,4913,0.0,0.0
2024-08-29 09:45:00-04:00,43.59000015258789,43.59000015258789,43.42499923706055,43.47999954223633,3267,0.0,0.0
2024-08-29 09:50:00-04:00,43.38999938964844,43.435001373291016,43.38999938964844,43.435001373291016,814,0.0,0.0
2024-08-29 09:55:00-04:00,43.61000061035156,43.72999954223633,43.56999969482422,43.584999084472656,4059,0.0,0.0
2024-08-29 10:00:00-04:00,43.689998626708984,43.84000015258789,43.65999984741211,43.84000015258789,2442,0.0,0.0
2024-08-29 10:05:00-04:00,43.84000015258789,43.869998931884766,43.84000015258789,43.869998931884766,887,0.0,0.0
2024-08-29 10:10:00-04:00,43.94499969482422,43.9900016784668,43.93000030517578,43.97999954223633,5811,0.0,0.0
2024-08-29 10:15:00-04:00,43.994998931884766,43.994998931884766,43.994998931884766,43.994998931884766,805,0.0,0.0
2024-08-29 10:20:00-04:00,44.060001373291016,44.08000183105469,44.040000915527344,44.040000915527344,2232,0.0,0.0
2024-08-29 10:25:00-04:00,44.13999938964844,44.13999938964844,44.119998931884766,44.119998931884766,1071,0.0,0.0
2024-08-29 10:35:00-04:00,43.97999954223633,43.97999954223633,43.97999954223633,43.97999954223633,1820,0.0,0.0
2024-08-29 10:40:00-04:00,43.869998931884766,43.869998931884766,43.869998931884766,43.869998931884766,277,0.0,0.0
2024-08-29 10:45:00-04:00,43.810001373291016,43.810001373291016,43.79999923706055,43.79999923706055,1046,0.0,0.0
2024-08-29 10:50:00-04:00,43.83000183105469,43.83000183105469,43.83000183105469,43.83000183105469,864,0.0,0.0
2024-08-29 10:55:00-04:00,43.72999954223633,43.7599983215332,43.70249938964844,43.7599983215332,1369,0.0,0.0
2024-08-29 11:00:00-04:00,43.77000045776367,43.77000045776367,43.650001525878906,43.650001525878906,920,0.0,0.0
2024-08-29 11:05:00-04:00,43.67940139770508,43.67940139770508,43.67940139770508,43.67940139770508,305,0.0,0.0
2024-08-29 11:10:00-04:00,43.60279846191406,43.60279846191406,43.560001373291016,43.595001220703125,769,0.0,0.0
2024-08-29 11:15:00-04:00,43.68000030517578,43.724998474121094,43.68000030517578,43.724998474121094,2228,0.0,0.0
2024-08-29 11:20:00-04:00,43.75,43.83000183105469,43.75,43.81999969482422,1808,0.0,0.0
2024-08-29 11:25:00-04:00,43.83000183105469,43.83000183105469,43.83000183105469,43.83000183105469,979,0.0,0.0
2024-08-29 11:30:00-04:00,43.900001525878906,43.939998626708984,43.86000061035156,43.86000061035156,4800,0.0,0.0
2024-08-29 11:35:00-04:00,43.86000061035156,43.900001525878906,43.86000061035156,43.89500045776367,831,0.0,0.0
2024-08-29 11:40:00-04:00,43.849998474121094,43.849998474121094,43.849998474121094,43.849998474121094,455,0.0,0.0
2024-08-29 11:45:00-04:00,43.86000061035156,43.900001525878906,43.86000061035156,43.900001525878906,2479,0.0,0.0
2024-08-29 11:50:00-04:00,43.900001525878906,43.91999816894531,43.880001068115234,43.880001068115234,4465,0.0,0.0
2024-08-29 11:55:00-04:00,43.95000076293945,43.95000076293945,43.95000076293945,43.95000076293945,865,0.0,0.0
2024-08-29 12:00:00-04:00,44.0,44.0099983215332,44.0,44.0099983215332,1278,0.0,0.0
2024-08-29 12:05:00-04:00,44.029998779296875,44.029998779296875,44.0,44.0,913,0.0,0.0
2024-08-29 12:10:00-04:00,44.09000015258789,44.125,44.09000015258789,44.125,1025,0.0,0.0
2024-08-29 12:15:00-04:00,44.099998474121094,44.099998474121094,44.099998474121094,44.099998474121094,867,0.0,0.0
2024-08-29 12:20:00-04:00,44.025001525878906,44.04999923706055,44.025001525878906,44.04999923706055,1543,0.0,0.0
2024-08-29 12:25:00-04:00,44.08000183105469,44.08000183105469,44.08000183105469,44.08000183105469,564,0.0,0.0
2024-08-29 12:30:00-04:00,44.08000183105469,44.08000183105469,44.06999969482422,44.06999969482422,1058,0.0,0.0
2024-08-29 12:35:00-04:00,44.150001525878906,44.18000030517578,44.150001525878906,44.18000030517578,3941,0.0,0.0
2024-08-29 12:40:00-04:00,44.13999938964844,44.13999938964844,44.13999938964844,44.13999938964844,685,0.0,0.0
2024-08-29 12:45:00-04:00,44.09000015258789,44.09000015258789,44.06999969482422,44.06999969482422,949,0.0,0.0
2024-08-29 12:50:00-04:00,44.099998474121094,44.099998474121094,44.099998474121094,44.099998474121094,1328,0.0,0.0
2024-08-29 13:00:00-04:00,44.084999084472656,44.10499954223633,43.959999084472656,43.959999084472656,12161,0.0,0.0
2024-08-29 13:05:00-04:00,43.94499969482422,43.959999084472656,43.86000061035156,43.92499923706055,2643,0.0,0.0
2024-08-29 13:10:00-04:00,43.93000030517578,43.93000030517578,43.86000061035156,43.86000061035156,2055,0.0,0.0
2024-08-29 13:15:00-04:00,43.93000030517578,43.93000030517578,43.93000030517578,43.93000030517578,103,0.0,0.0
2024-08-29 13:20:00-04:00,43.95159912109375,43.95159912109375,43.95159912109375,43.95159912109375,347,0.0,0.0
2024-08-29 13:25:00-04:00,43.94499969482422,43.9900016784668,43.94499969482422,43.9900016784668,2076,0.0,0.0
2024-08-29 13:30:00-04:00,43.974998474121094,44.06999969482422,43.974998474121094,44.01499938964844,24043,0.0,0.0
2024-08-29 13:35:00-04:00,44.0,44.0,44.0,44.0,600,0.0,0.0
2024-08-29 13:40:00-04:00,43.94499969482422,43.94499969482422,43.94499969482422,43.94499969482422,1270,0.0,0.0
2024-08-29 13:45:00-04:00,43.97999954223633,44.029998779296875,43.97999954223633,44.029998779296875,1008,0.0,0.0
2024-08-29 13:50:00-04:00,44.09000015258789,44.130001068115234,44.09000015258789,44.10499954223633,1186,0.0,0.0
2024-08-29 13:55:00-04:00,44.17499923706055,44.17499923706055,44.150001525878906,44.150001525878906,1825,0.0,0.0
2024-08-29 14:00:00-04:00,44.12820053100586,44.12820053100586,44.06999969482422,44.06999969482422,886,0.0,0.0
2024-08-29 14:10:00-04:00,44.13999938964844,44.150001525878906,44.119998931884766,44.130001068115234,3340,0.0,0.0
2024-08-29 14:15:00-04:00,44.119998931884766,44.119998931884766,44.099998474121094,44.099998474121094,1029,0.0,0.0
2024-08-29 14:20:00-04:00,44.064998626708984,44.064998626708984,44.064998626708984,44.064998626708984,625,0.0,0.0
2024-08-29 14:25:00-04:00,44.0099983215332,44.06999969482422,44.0099983215332,44.06999969482422,1236,0.0,0.0
2024-08-29 14:30:00-04:00,44.04999923706055,44.08000183105469,44.04999923706055,44.04999923706055,2420,0.0,0.0
2024-08-29 14:40:00-04:00,43.90999984741211,43.90999984741211,43.814998626708984,43.814998626708984,1806,0.0,0.0
2024-08-29 14:45:00-04:00,43.810001373291016,43.89500045776367,43.79999923706055,43.89500045776367,2182,0.0,0.0
2024-08-29 14:50:00-04:00,43.869998931884766,43.869998931884766,43.869998931884766,43.869998931884766,1133,0.0,0.0
2024-08-29 14:55:00-04:00,43.900001525878906,43.900001525878906,43.84000015258789,43.84000015258789,1138,0.0,0.0
2024-08-29 15:00:00-04:00,43.84000015258789,43.86899948120117,43.810001373291016,43.86899948120117,2017,0.0,0.0
2024-08-29 15:10:00-04:00,43.880699157714844,43.88999938964844,43.869998931884766,43.88999938964844,8089,0.0,0.0
2024-08-29 15:15:00-04:00,43.88999938964844,43.97999954223633,43.880001068115234,43.970001220703125,3363,0.0,0.0
2024-08-29 15:20:00-04:00,44.0,44.029998779296875,43.9900016784668,44.0099983215332,1900,0.0,0.0
2024-08-29 15:25:00-04:00,43.9900016784668,44.0099983215332,43.9900016784668,44.0099983215332,4606,0.0,0.0
2024-08-29 15:30:00-04:00,44.029998779296875,44.029998779296875,43.94499969482422,43.970001220703125,4748,0.0,0.0
2024-08-29 15:35:00-04:00,44.029998779296875,44.08000183105469,43.95000076293945,43.959999084472656,6958,0.0,0.0
2024-08-29 15:40:00-04:00,43.93000030517578,43.93000030517578,43.93000030517578,43.93000030517578,2357,0.0,0.0
2024-08-29 15:45:00-04:00,43.790000915527344,43.790000915527344,43.7400016784668,43.7400016784668,2380,0.0,0.0
2024-08-29 15:50:00-04:00,43.7599983215332,43.7599983215332,43.709999084472656,43.75,7634,0.0,0.0
2024-08-29 15:55:00-04:00,43.7400016784668,43.77000045776367,43.65999984741211,43.65999984741211,20080,0.0,0.0
2024-08-30 09:30:00-04:00,43.84000015258789,43.880001068115234,43.83000183105469,43.83000183105469,2530,0.0,0.0
2024-08-30 09:50:00-04:00,43.900001525878906,43.9900016784668,43.900001525878906,43.959999084472656,996,0.0,0.0
2024-08-30 09:55:00-04:00,43.95000076293945,43.95000076293945,43.93000030517578,43.93000030517578,3870,0.0,0.0
2024-08-30 10:00:00-04:00,43.91999816894531,44.02000045776367,43.91999816894531,43.97999954223633,3862,0.0,0.0
2024-08-30 10:05:00-04:00,44.040000915527344,44.040000915527344,43.9900016784668,43.9900016784668,2134,0.0,0.0
2024-08-30 10:10:00-04:00,43.959999084472656,43.959999084472656,43.959999084472656,43.959999084472656,963,0.0,0.0
2024-08-30 10:20:00-04:00,43.88999938964844,43.88999938964844,43.86000061035156,43.86000061035156,1035,0.0,0.0
2024-08-30 10:25:00-04:00,43.790000915527344,43.939998626708984,43.790000915527344,43.90999984741211,1878,0.0,0.0
2024-08-30 10:30:00-04:00,44.060001373291016,44.060001373291016,43.95750045776367,43.95750045776367,1645,0.0,0.0
2024-08-30 10:35:00-04:00,43.8849983215332,43.95000076293945,43.8849983215332,43.93000030517578,3539,0.0,0.0
2024-08-30 10:45:00-04:00,43.790000915527344,43.79999923706055,43.790000915527344,43.79999923706055,667,0.0,0.0
2024-08-30 10:50:00-04:00,43.84000015258789,43.84000015258789,43.810001373291016,43.810001373291016,1749,0.0,0.0
2024-08-30 10:55:00-04:00,43.779998779296875,43.779998779296875,43.779998779296875,43.779998779296875,106,0.0,0.0
2024-08-30 11:00:00-04:00,43.709999084472656,43.75,43.70000076293945,43.7400016784668,2200,0.0,0.0
2024-08-30 11:05:00-04:00,43.779998779296875,43.779998779296875,43.7400016784668,43.7400016784668,2404,0.0,0.0
2024-08-30 11:10:00-04:00,43.640098571777344,43.640098571777344,43.640098571777344,43.640098571777344,1177,0.0,0.0
2024-08-30 11:15:00-04:00,43.70000076293945,43.70000076293945,43.564998626708984,43.58000183105469,2316,0.0,0.0
2024-08-30 11:20:00-04:00,43.540000915527344,43.540000915527344,43.540000915527344,43.540000915527344,208,0.0,0.0
2024-08-30 11:25:00-04:00,43.53810119628906,43.59000015258789,43.529998779296875,43.56999969482422,2319,0.0,0.0
2024-08-30 11:30:00-04:00,43.58000183105469,43.58000183105469,43.54999923706055,43.560001373291016,2171,0.0,0.0
2024-08-30 11:35:00-04:00,43.4900016784668,43.4900016784668,43.4900016784668,43.4900016784668,332,0.0,0.0
2024-08-30 11:40:00-04:00,43.5099983215332,43.5099983215332,43.5099983215332,43.5099983215332,871,0.0,0.0
2024-08-30 11:45:00-04:00,43.52000045776367,43.529998779296875,43.52000045776367,43.529998779296875,2043,0.0,0.0
2024-08-30 11:50:00-04:00,43.47600173950195,43.47600173950195,43.47600173950195,43.47600173950195,1459,0.0,0.0
2024-08-30 11:55:00-04:00,43.4900016784668,43.4900016784668,43.4900016784668,43.4900016784668,728,0.0,0.0
2024-08-30 12:00:00-04:00,43.40999984741211,43.40999984741211,43.40999984741211,43.40999984741211,226,0.0,0.0
2024-08-30 12:05:00-04:00,43.43000030517578,43.43000030517578,43.43000030517578,43.43000030517578,900,0.0,0.0
2024-08-30 12:20:00-04:00,43.439998626708984,43.439998626708984,43.439998626708984,43.439998626708984,267,0.0,0.0
2024-08-30 12:25:00-04:00,43.439998626708984,43.439998626708984,43.415000915527344,43.415000915527344,2321,0.0,0.0
2024-08-30 12:30:00-04:00,43.41999816894531,43.43000030517578,43.41999816894531,43.41999816894531,2286,0.0,0.0
2024-08-30 12:35:00-04:00,43.45000076293945,43.45000076293945,43.45000076293945,43.45000076293945,151,0.0,0.0
2024-08-30 12:40:00-04:00,43.43000030517578,43.43000030517578,43.41999816894531,43.41999816894531,1455,0.0,0.0
2024-08-30 12:50:00-04:00,43.45000076293945,43.52000045776367,43.45000076293945,43.52000045776367,801,0.0,0.0
2024-08-30 12:55:00-04:00,43.54999923706055,43.58000183105469,43.54999923706055,43.58000183105469,2181,0.0,0.0
2024-08-30 13:00:00-04:00,43.560001373291016,43.630001068115234,43.560001373291016,43.630001068115234,3371,0.0,0.0
2024-08-30 13:05:00-04:00,43.595001220703125,43.595001220703125,43.595001220703125,43.595001220703125,396,0.0,0.0
2024-08-30 13:10:00-04:00,43.57500076293945,43.57500076293945,43.57500076293945,43.57500076293945,462,0.0,0.0
2024-08-30 13:15:00-04:00,43.599998474121094,43.650001525878906,43.599998474121094,43.599998474121094,3637,0.0,0.0
2024-08-30 13:25:00-04:00,43.59000015258789,43.59000015258789,43.5620002746582,43.5620002746582,1603,0.0,0.0
2024-08-30 13:30:00-04:00,43.5,43.58000183105469,43.5,43.58000183105469,1604,0.0,0.0
2024-08-30 13:35:00-04:00,43.540000915527344,43.540000915527344,43.540000915527344,43.540000915527344,1751,0.0,0.0
2024-08-30 13:50:00-04:00,43.529998779296875,43.53499984741211,43.529998779296875,43.53499984741211,1488,0.0,0.0
2024-08-30 13:55:00-04:00,43.4900016784668,43.4900016784668,43.4900016784668,43.4900016784668,969,0.0,0.0
2024-08-30 14:10:00-04:00,43.55500030517578,43.61000061035156,43.55500030517578,43.60499954223633,917,0.0,0.0
2024-08-30 14:15:00-04:00,43.56999969482422,43.56999969482422,43.4900016784668,43.51499938964844,4165,0.0,0.0
2024-08-30 14:20:00-04:00,43.5,43.5,43.4900016784668,43.4900016784668,1038,0.0,0.0
2024-08-30 14:25:00-04:00,43.560001373291016,43.560001373291016,43.52000045776367,43.52000045776367,1949,0.0,0.0
2024-08-30 14:35:00-04:00,43.630001068115234,43.630001068115234,43.56999969482422,43.625,521,0.0,0.0
2024-08-30 14:40:00-04:00,43.59880065917969,43.625,43.59880065917969,43.61000061035156,2908,0.0,0.0
2024-08-30 14:45:00-04:00,43.63999938964844,43.72999954223633,43.63999938964844,43.68000030517578,2744,0.0,0.0
2024-08-30 14:50:00-04:00,43.69499969482422,43.720001220703125,43.63999938964844,43.63999938964844,1281,0.0,0.0
2024-08-30 14:55:00-04:00,43.63999938964844,43.650001525878906,43.625,43.650001525878906,1315,0.0,0.0
2024-08-30 15:00:00-04:00,43.65999984741211,43.689998626708984,43.65999984741211,43.65999984741211,1540,0.0,0.0
2024-08-30 15:05:00-04:00,43.689998626708984,43.689998626708984,43.66999816894531,43.66999816894531,1727,0.0,0.0
2024-08-30 15:10:00-04:00,43.650001525878906,43.650001525878906,43.630001068115234,43.650001525878906,2963,0.0,0.0
2024-08-30 15:15:00-04:00,43.61000061035156,43.63999938964844,43.61000061035156,43.63999938964844,3784,0.0,0.0
2024-08-30 15:20:00-04:00,43.689998626708984,43.84000015258789,43.689998626708984,43.84000015258789,7883,0.0,0.0
2024-08-30 15:25:00-04:00,43.849998474121094,43.88999938964844,43.79999923706055,43.79999923706055,5452,0.0,0.0
2024-08-30 15:30:00-04:00,43.755001068115234,43.790000915527344,43.68000030517578,43.7400016784668,6917,0.0,0.0
2024-08-30 15:35:00-04:00,43.7400016784668,43.77000045776367,43.7400016784668,43.77000045776367,3201,0.0,0.0
2024-08-30 15:40:00-04:00,43.7599983215332,43.79999923706055,43.7599983215332,43.775001525878906,1523,0.0,0.0
2024-08-30 15:45:00-04:00,43.79999923706055,43.79999923706055,43.77000045776367,43.77000045776367,6867,0.0,0.0
2024-08-30 15:50:00-04:00,43.77000045776367,43.98500061035156,43.77000045776367,43.97999954223633,11087,0.0,0.0
2024-08-30 15:55:00-04:00,43.95500183105469,44.04999923706055,43.915000915527344,43.9900016784668,21320,0.0,0.0
2024-09-03 09:30:00-04:00,43.7599983215332,44.099998474121094,43.7599983215332,44.099998474121094,5460,0.0,0.0
2024-09-03 09:35:00-04:00,44.165000915527344,44.165000915527344,44.060001373291016,44.060001373291016,2311,0.0,0.0
2024-09-03 09:45:00-04:00,44.064998626708984,44.064998626708984,43.93000030517578,43.93000030517578,3347,0.0,0.0
2024-09-03 09:50:00-04:00,43.875,43.875,43.869998931884766,43.869998931884766,735,0.0,0.0
2024-09-03 10:00:00-04:00,43.83000183105469,43.83000183105469,43.529998779296875,43.560001373291016,7915,0.0,0.0
2024-09-03 10:05:00-04:00,43.595001220703125,43.595001220703125,43.595001220703125,43.595001220703125,710,0.0,0.0
2024-09-03 10:10:00-04:00,43.66999816894531,43.66999816894531,43.65999984741211,43.65999984741211,1944,0.0,0.0
2024-09-03 10:15:00-04:00,43.58000183105469,43.58000183105469,43.58000183105469,43.58000183105469,554,0.0,0.0
2024-09-03 10:20:00-04:00,43.61000061035156,43.61000061035156,43.4900016784668,43.4900016784668,2144,0.0,0.0
2024-09-03 10:25:00-04:00,43.529998779296875,43.564998626708984,43.529998779296875,43.529998779296875,4230,0.0,0.0
2024-09-03 10:30:00-04:00,43.494998931884766,43.560001373291016,43.494998931884766,43.540000915527344,2046,0.0,0.0
2024-09-03 10:35:00-04:00,43.540000915527344,43.59000015258789,43.540000915527344,43.560001373291016,3875,0.0,0.0
2024-09-03 10:40:00-04:00,43.59000015258789,43.59000015258789,43.56999969482422,43.56999969482422,2692,0.0,0.0
2024-09-03 10:45:00-04:00,43.43000030517578,43.43000030517578,43.43000030517578,43.43000030517578,153,0.0,0.0
2024-09-03 10:50:00-04:00,43.51499938964844,43.51499938964844,43.51499938964844,43.51499938964844,813,0.0,0.0
2024-09-03 10:55:00-04:00,43.630001068115234,43.72999954223633,43.630001068115234,43.724998474121094,3800,0.0,0.0
2024-09-03 11:10:00-04:00,43.834999084472656,44.005001068115234,43.834999084472656,44.005001068115234,1577,0.0,0.0
2024-09-03 11:15:00-04:00,43.959999084472656,43.959999084472656,43.88999938964844,43.88999938964844,4262,0.0,0.0
2024-09-03 11:20:00-04:00,43.96500015258789,43.97999954223633,43.88999938964844,43.97999954223633,1256,0.0,0.0
2024-09-03 11:25:00-04:00,44.0,44.029998779296875,44.0,44.02000045776367,2719,0.0,0.0
2024-09-03 11:30:00-04:00,43.9900016784668,43.9900016784668,43.9900016784668,43.9900016784668,666,0.0,0.0
2024-09-03 11:35:00-04:00,43.98500061035156,43.98500061035156,43.959999084472656,43.959999084472656,421,0.0,0.0
2024-09-03 11:40:00-04:00,43.94499969482422,44.05500030517578,43.94499969482422,44.029998779296875,4755,0.0,0.0
2024-09-03 11:45:00-04:00,44.0,44.0,44.0,44.0,1043,0.0,0.0
2024-09-03 11:50:00-04:00,44.07500076293945,44.07500076293945,44.07500076293945,44.07500076293945,705,0.0,0.0
2024-09-03 11:55:00-04:00,44.119998931884766,44.119998931884766,44.099998474121094,44.099998474121094,2222,0.0,0.0
2024-09-03 12:00:00-04:00,44.060001373291016,44.060001373291016,44.060001373291016,44.060001373291016,771,0.0,0.0
2024-09-03 12:05:00-04:00,44.04999923706055,44.099998474121094,43.9900016784668,44.099998474121094,4914,0.0,0.0
2024-09-03 12:10:00-04:00,44.11000061035156,44.11000061035156,44.11000061035156,44.11000061035156,1301,0.0,0.0
2024-09-03 12:15:00-04:00,44.130001068115234,44.150001525878906,44.130001068115234,44.150001525878906,2045,0.0,0.0
2024-09-03 12:20:00-04:00,44.17499923706055,44.17499923706055,44.150001525878906,44.150001525878906,1055,0.0,0.0
2024-09-03 12:25:00-04:00,44.099998474121094,44.099998474121094,44.06999969482422,44.06999969482422,1544,0.0,0.0
2024-09-03 12:30:00-04:00,44.06999969482422,44.09000015258789,44.06999969482422,44.09000015258789,1487,0.0,0.0
2024-09-03 12:35:00-04:00,44.11000061035156,44.11000061035156,44.060001373291016,44.060001373291016,2825,0.0,0.0
2024-09-03 12:40:00-04:00,44.0099983215332,44.0099983215332,43.9900016784668,44.005001068115234,1069,0.0,0.0
2024-09-03 12:45:00-04:00,43.9900016784668,43.9900016784668,43.88999938964844,43.939998626708984,6063,0.0,0.0
2024-09-03 12:50:00-04:00,43.95000076293945,43.974998474121094,43.939998626708984,43.939998626708984,1096,0.0,0.0
2024-09-03 12:55:00-04:00,43.915000915527344,43.915000915527344,43.915000915527344,43.915000915527344,933,0.0,0.0
2024-09-03 13:00:00-04:00,43.974998474121094,43.9900016784668,43.93000030517578,43.93000030517578,2546,0.0,0.0
2024-09-03 13:05:00-04:00,43.939998626708984,43.970001220703125,43.939998626708984,43.970001220703125,273,0.0,0.0
2024-09-03 13:10:00-04:00,43.9900016784668,43.9900016784668,43.91999816894531,43.93000030517578,4204,0.0,0.0
2024-09-03 13:20:00-04:00,43.939998626708984,43.96500015258789,43.939998626708984,43.96500015258789,2029,0.0,0.0
2024-09-03 13:25:00-04:00,43.970001220703125,43.970001220703125,43.959999084472656,43.959999084472656,1110,0.0,0.0
2024-09-03 13:30:00-04:00,43.900001525878906,43.900001525878906,43.8650016784668,43.8650016784668,730,0.0,0.0
2024-09-03 13:35:00-04:00,43.85499954223633,43.939998626708984,43.85499954223633,43.91999816894531,4082,0.0,0.0
2024-09-03 13:40:00-04:00,43.86000061035156,43.86000061035156,43.81999969482422,43.81999969482422,1304,0.0,0.0
2024-09-03 13:45:00-04:00,43.84000015258789,43.86000061035156,43.84000015258789,43.86000061035156,3358,0.0,0.0
2024-09-03 13:50:00-04:00,43.83000183105469,43.83000183105469,43.83000183105469,43.83000183105469,451,0.0,0.0
2024-09-03 13:55:00-04:00,43.790000915527344,43.790000915527344,43.720001220703125,43.720001220703125,2549,0.0,0.0
2024-09-03 14:00:00-04:00,43.709999084472656,43.709999084472656,43.70000076293945,43.70000076293945,526,0.0,0.0
2024-09-03 14:05:00-04:00,43.72999954223633,43.7599983215332,43.72999954223633,43.7400016784668,1976,0.0,0.0
2024-09-03 14:10:00-04:00,43.73540115356445,43.73540115356445,43.70000076293945,43.70000076293945,629,0.0,0.0
2024-09-03 14:15:00-04:00,43.70000076293945,43.70000076293945,43.70000076293945,43.70000076293945,821,0.0,0.0
2024-09-03 14:20:00-04:00,43.650001525878906,43.650001525878906,43.61000061035156,43.61000061035156,3115,0.0,0.0
2024-09-03 14:25:00-04:00,43.599998474121094,43.599998474121094,43.59000015258789,43.59000015258789,1927,0.0,0.0
2024-09-03 14:30:00-04:00,43.584999084472656,43.584999084472656,43.584999084472656,43.584999084472656,350,0.0,0.0
2024-09-03 14:35:00-04:00,43.595001220703125,43.595001220703125,43.54999923706055,43.59000015258789,4395,0.0,0.0
2024-09-03 14:40:00-04:00,43.56999969482422,43.56999969482422,43.540000915527344,43.540000915527344,1043,0.0,0.0
2024-09-03 14:45:00-04:00,43.52000045776367,43.52000045776367,43.52000045776367,43.52000045776367,1559,0.0,0.0
2024-09-03 14:50:00-04:00,43.47999954223633,43.47999954223633,43.470001220703125,43.47999954223633,2254,0.0,0.0
2024-09-03 14:55:00-04:00,43.41999816894531,43.43000030517578,43.41999816894531,43.43000030517578,2307,0.0,0.0
2024-09-03 15:00:00-04:00,43.45000076293945,43.5099983215332,43.45000076293945,43.505001068115234,2126,0.0,0.0
2024-09-03 15:05:00-04:00,43.540000915527344,43.540000915527344,43.529998779296875,43.529998779296875,1920,0.0,0.0
2024-09-03 15:10:00-04:00,43.459999084472656,43.525001525878906,43.459999084472656,43.5,3130,0.0,0.0
2024-09-03 15:15:00-04:00,43.45000076293945,43.470001220703125,43.45000076293945,43.470001220703125,3032,0.0,0.0
2024-09-03 15:20:00-04:00,43.45000076293945,43.47999954223633,43.45000076293945,43.470001220703125,3406,0.0,0.0
2024-09-03 15:25:00-04:00,43.470001220703125,43.47999954223633,43.459999084472656,43.459999084472656,2736,0.0,0.0
2024-09-03 15:30:00-04:00,43.470001220703125,43.560001373291016,43.46200180053711,43.560001373291016,5561,0.0,0.0
2024-09-03 15:35:00-04:00,43.52000045776367,43.53990173339844,43.459999084472656,43.459999084472656,4156,0.0,0.0
2024-09-03 15:40:00-04:00,43.4630012512207,43.47999954223633,43.45000076293945,43.47999954223633,5349,0.0,0.0
2024-09-03 15:45:00-04:00,43.46200180053711,43.5099983215332,43.44200134277344,43.5,7062,0.0,0.0
2024-09-03 15:50:00-04:00,43.470001220703125,43.4900016784668,43.39500045776367,43.45000076293945,10618,0.0,0.0
2024-09-03 15:55:00-04:00,43.470001220703125,43.619998931884766,43.470001220703125,43.56999969482422,25771,0.0,0.0
2024-09-04 09:30:00-04:00,43.459999084472656,43.8650016784668,43.314998626708984,43.8650016784668,4458,0.0,0.0
2024-09-04 09:35:00-04:00,43.81999969482422,43.81999969482422,43.65999984741211,43.65999984741211,4447,0.0,0.0
2024-09-04 09:40:00-04:00,43.810001373291016,44.025001525878906,43.810001373291016,43.86000061035156,3625,0.0,0.0
2024-09-04 09:45:00-04:00,43.810001373291016,43.810001373291016,43.689998626708984,43.724998474121094,1699,0.0,0.0
2024-09-04 09:50:00-04:00,43.95500183105469,43.95500183105469,43.95500183105469,43.95500183105469,511,0.0,0.0
2024-09-04 09:55:00-04:00,43.86000061035156,43.904998779296875,43.775001525878906,43.84000015258789,4233,0.0,0.0
2024-09-04 10:00:00-04:00,43.779998779296875,43.779998779296875,43.334999084472656,43.45000076293945,4008,0.0,0.0
2024-09-04 10:05:00-04:00,43.45000076293945,43.45000076293945,43.415000915527344,43.415000915527344,380,0.0,0.0
2024-09-04 10:10:00-04:00,43.5,43.5,43.459999084472656,43.459999084472656,3130,0.0,0.0
2024-09-04 10:15:00-04:00,43.36000061035156,43.369998931884766,43.36000061035156,43.3650016784668,1062,0.0,0.0
2024-09-04 10:20:00-04:00,43.349998474121094,43.400001525878906,43.34000015258789,43.400001525878906,1937,0.0,0.0
2024-09-04 10:25:00-04:00,43.3650016784668,43.38999938964844,43.3650016784668,43.369998931884766,2681,0.0,0.0
2024-09-04 10:30:00-04:00,43.404998779296875,43.404998779296875,43.349998474121094,43.349998474121094,831,0.0,0.0
2024-09-04 10:35:00-04:00,43.439998626708984,43.439998626708984,43.439998626708984,43.439998626708984,1809,0.0,0.0
2024-09-04 10:45:00-04:00,43.56999969482422,43.59000015258789,43.459999084472656,43.459999084472656,3654,0.0,0.0
2024-09-04 10:50:00-04:00,43.4900016784668,43.4900016784668,43.4900016784668,43.4900016784668,494,0.0,0.0
2024-09-04 10:55:00-04:00,43.564998626708984,43.564998626708984,43.564998626708984,43.564998626708984,173,0.0,0.0
2024-09-04 11:00:00-04:00,43.599998474121094,43.63999938964844,43.57500076293945,43.60499954223633,3593,0.0,0.0
2024-09-04 11:05:00-04:00,43.56999969482422,43.56999969482422,43.470001220703125,43.470001220703125,1100,0.0,0.0
2024-09-04 11:10:00-04:00,43.45500183105469,43.45500183105469,43.220001220703125,43.220001220703125,2181,0.0,0.0
2024-09-04 11:15:00-04:00,43.255001068115234,43.290000915527344,43.2400016784668,43.279998779296875,3379,0.0,0.0
2024-09-04 11:20:00-04:00,43.314998626708984,43.314998626708984,43.314998626708984,43.314998626708984,279,0.0,0.0
2024-09-04 11:25:00-04:00,43.279998779296875,43.279998779296875,43.2599983215332,43.2599983215332,3277,0.0,0.0
2024-09-04 11:30:00-04:00,43.19499969482422,43.19499969482422,43.150001525878906,43.189998626708984,2160,0.0,0.0
2024-09-04 11:35:00-04:00,43.209999084472656,43.22999954223633,43.15999984741211,43.15999984741211,1520,0.0,0.0
2024-09-04 11:40:00-04:00,43.189998626708984,43.279998779296875,43.189998626708984,43.279998779296875,1300,0.0,0.0
2024-09-04 11:45:00-04:00,43.29999923706055,43.29999923706055,43.29999923706055,43.29999923706055,517,0.0,0.0
2024-09-04 11:55:00-04:00,43.189998626708984,43.189998626708984,43.189998626708984,43.189998626708984,298,0.0,0.0
2024-09-04 12:00:00-04:00,43.189998626708984,43.189998626708984,43.125,43.125,5346,0.0,0.0
2024-09-04 12:05:00-04:00,43.11000061035156,43.150001525878906,43.11000061035156,43.150001525878906,1498,0.0,0.0
2024-09-04 12:10:00-04:00,43.17499923706055,43.17499923706055,43.17499923706055,43.17499923706055,316,0.0,0.0
2024-09-04 12:15:00-04:00,43.189998626708984,43.189998626708984,43.189998626708984,43.189998626708984,2103,0.0,0.0
2024-09-04 12:20:00-04:00,43.18000030517578,43.27000045776367,43.18000030517578,43.27000045776367,1892,0.0,0.0
2024-09-04 12:25:00-04:00,43.2599983215332,43.2599983215332,43.2599983215332,43.2599983215332,342,0.0,0.0
2024-09-04 12:30:00-04:00,43.244998931884766,43.290000915527344,43.244998931884766,43.290000915527344,1111,0.0,0.0
2024-09-04 12:35:00-04:00,43.29999923706055,43.29999923706055,43.2599983215332,43.2599983215332,1196,0.0,0.0
2024-09-04 12:40:00-04:00,43.2599983215332,43.2599983215332,43.18000030517578,43.209999084472656,1520,0.0,0.0
2024-09-04 12:45:00-04:00,43.16999816894531,43.209999084472656,43.16999816894531,43.209999084472656,1387,0.0,0.0
2024-09-04 12:50:00-04:00,43.279998779296875,43.279998779296875,43.279998779296875,43.279998779296875,329,0.0,0.0
2024-09-04 12:55:00-04:00,43.25,43.25,43.220001220703125,43.220001220703125,1973,0.0,0.0
2024-09-04 13:00:00-04:00,43.1150016784668,43.130001068115234,43.11000061035156,43.130001068115234,665,0.0,0.0
2024-09-04 13:05:00-04:00,43.165000915527344,43.165000915527344,43.165000915527344,43.165000915527344,236,0.0,0.0
2024-09-04 13:10:00-04:00,43.220001220703125,43.22999954223633,43.209999084472656,43.209999084472656,1641,0.0,0.0
2024-09-04 13:15:00-04:00,43.189998626708984,43.189998626708984,43.189998626708984,43.189998626708984,262,0.0,0.0
2024-09-04 13:20:00-04:00,43.16999816894531,43.189998626708984,43.130001068115234,43.130001068115234,2578,0.0,0.0
2024-09-04 13:25:00-04:00,43.099998474121094,43.11000061035156,43.084999084472656,43.084999084472656,1610,0.0,0.0
2024-09-04 13:30:00-04:00,43.040000915527344,43.040000915527344,43.040000915527344,43.040000915527344,1151,0.0,0.0
2024-09-04 13:35:00-04:00,43.029998779296875,43.09000015258789,43.029998779296875,43.08000183105469,1953,0.0,0.0
2024-09-04 13:40:00-04:00,43.04999923706055,43.04999923706055,43.025001525878906,43.025001525878906,1263,0.0,0.0
2024-09-04 13:45:00-04:00,43.02000045776367,43.04999923706055,43.02000045776367,43.04999923706055,2406,0.0,0.0
2024-09-04 13:55:00-04:00,42.91999816894531,42.91999816894531,42.900001525878906,42.900001525878906,821,0.0,0.0
2024-09-04 14:00:00-04:00,42.900001525878906,42.900001525878906,42.84000015258789,42.86000061035156,2413,0.0,0.0
2024-09-04 14:10:00-04:00,42.79499816894531,42.81999969482422,42.779998779296875,42.779998779296875,2092,0.0,0.0
2024-09-04 14:20:00-04:00,42.849998474121094,42.86000061035156,42.84000015258789,42.84000015258789,1398,0.0,0.0
2024-09-04 14:25:00-04:00,42.869998931884766,42.869998931884766,42.869998931884766,42.869998931884766,1267,0.0,0.0
2024-09-04 14:35:00-04:00,42.880001068115234,42.88999938964844,42.814998626708984,42.82500076293945,3652,0.0,0.0
2024-09-04 14:40:00-04:00,42.810001373291016,42.8577995300293,42.810001373291016,42.8577995300293,1576,0.0,0.0
2024-09-04 14:45:00-04:00,42.88999938964844,42.88999938964844,42.88999938964844,42.88999938964844,644,0.0,0.0
2024-09-04 14:55:00-04:00,42.959999084472656,42.959999084472656,42.939998626708984,42.939998626708984,4169,0.0,0.0
2024-09-04 15:05:00-04:00,42.915000915527344,42.95000076293945,42.915000915527344,42.95000076293945,1168,0.0,0.0
2024-09-04 15:10:00-04:00,42.939998626708984,42.95000076293945,42.90999984741211,42.93000030517578,3811,0.0,0.0
2024-09-04 15:15:00-04:00,42.91999816894531,42.939998626708984,42.91999816894531,42.939998626708984,1649,0.0,0.0
2024-09-04 15:20:00-04:00,42.959999084472656,42.97999954223633,42.95000076293945,42.97999954223633,3112,0.0,0.0
2024-09-04 15:25:00-04:00,42.97999954223633,42.9900016784668,42.95000076293945,42.9900016784668,1495,0.0,0.0
2024-09-04 15:30:00-04:00,42.97999954223633,42.9900016784668,42.91999816894531,42.92499923706055,5767,0.0,0.0
2024-09-04 15:35:00-04:00,42.90999984741211,43.0,42.90999984741211,43.0,4449,0.0,0.0
2024-09-04 15:40:00-04:00,43.0,43.09000015258789,43.0,43.09000015258789,4009,0.0,0.0
2024-09-04 15:45:00-04:00,43.04999923706055,43.04999923706055,42.9900016784668,42.9900016784668,3886,0.0,0.0
2024-09-04 15:50:00-04:00,43.02000045776367,43.029998779296875,42.9900016784668,43.0099983215332,7992,0.0,0.0
2024-09-04 15:55:00-04:00,43.060001373291016,43.20000076293945,43.060001373291016,43.099998474121094,15194,0.0,0.0
2024-09-05 09:30:00-04:00,43.4900016784668,43.53499984741211,43.08000183105469,43.08000183105469,2721,0.0,0.0
2024-09-05 09:35:00-04:00,43.084999084472656,43.209999084472656,43.029998779296875,43.11000061035156,7842,0.0,0.0
2024-09-05 09:40:00-04:00,43.092498779296875,43.2400016784668,43.092498779296875,43.2400016784668,1052,0.0,0.0
2024-09-05 09:45:00-04:00,43.36000061035156,43.36000061035156,43.1349983215332,43.1349983215332,2995,0.0,0.0
2024-09-05 09:55:00-04:00,43.1349983215332,43.18000030517578,43.1349983215332,43.16999816894531,825,0.0,0.0
2024-09-05 10:00:00-04:00,43.185001373291016,43.380001068115234,43.185001373291016,43.380001068115234,6013,0.0,0.0
2024-09-05 10:05:00-04:00,43.369998931884766,43.369998931884766,43.29999923706055,43.29999923706055,479,0.0,0.0
2024-09-05 10:10:00-04:00,43.2400016784668,43.2400016784668,43.17499923706055,43.17499923706055,462,0.0,0.0
2024-09-05 10:15:00-04:00,43.13999938964844,43.13999938964844,43.13999938964844,43.13999938964844,324,0.0,0.0
2024-09-05 10:20:00-04:00,43.1349983215332,43.334999084472656,43.1349983215332,43.30500030517578,5158,0.0,0.0
2024-09-05 10:25:00-04:00,43.317501068115234,43.317501068115234,43.25,43.27000045776367,1776,0.0,0.0
2024-09-05 10:30:00-04:00,43.2599983215332,43.29499816894531,43.209999084472656,43.209999084472656,1874,0.0,0.0
2024-09-05 10:40:00-04:00,43.06999969482422,43.06999969482422,43.029998779296875,43.029998779296875,1053,0.0,0.0
2024-09-05 10:45:00-04:00,43.029998779296875,43.029998779296875,43.029998779296875,43.029998779296875,1195,0.0,0.0
2024-09-05 10:50:00-04:00,42.880001068115234,42.880001068115234,42.79999923706055,42.849998474121094,1904,0.0,0.0
2024-09-05 10:55:00-04:00,42.904998779296875,42.904998779296875,42.88999938964844,42.88999938964844,1680,0.0,0.0
2024-09-05 11:00:00-04:00,42.88999938964844,42.93000030517578,42.88999938964844,42.93000030517578,367,0.0,0.0
2024-09-05 11:05:00-04:00,42.970001220703125,42.974998474121094,42.970001220703125,42.970001220703125,4230,0.0,0.0
2024-09-05 11:10:00-04:00,42.814998626708984,42.814998626708984,42.720001220703125,42.720001220703125,587,0.0,0.0
2024-09-05 11:15:00-04:00,42.72999954223633,42.7599983215332,42.72999954223633,42.7599983215332,462,0.0,0.0
2024-09-05 11:20:00-04:00,42.77000045776367,42.77000045776367,42.70000076293945,42.70000076293945,1235,0.0,0.0
2024-09-05 11:25:00-04:00,42.60499954223633,42.60499954223633,42.560001373291016,42.57500076293945,1080,0.0,0.0
2024-09-05 11:30:00-04:00,42.56999969482422,42.599998474121094,42.564998626708984,42.584999084472656,1531,0.0,0.0
2024-09-05 11:35:00-04:00,42.584999084472656,42.65999984741211,42.584999084472656,42.584999084472656,3398,0.0,0.0
2024-09-05 11:40:00-04:00,42.540000915527344,42.599998474121094,42.53499984741211,42.54999923706055,1000,0.0,0.0
2024-09-05 11:45:00-04:00,42.54999923706055,42.599998474121094,42.54999923706055,42.58000183105469,1990,0.0,0.0
2024-09-05 11:50:00-04:00,42.59000015258789,42.6150016784668,42.540000915527344,42.540000915527344,4210,0.0,0.0
2024-09-05 11:55:00-04:00,42.58000183105469,42.61000061035156,42.54999923706055,42.57500076293945,7878,0.0,0.0
2024-09-05 12:00:00-04:00,42.54499816894531,42.6150016784668,42.54499816894531,42.599998474121094,2395,0.0,0.0
2024-09-05 12:05:00-04:00,42.54999923706055,42.560001373291016,42.54999923706055,42.560001373291016,943,0.0,0.0
2024-09-05 12:10:00-04:00,42.52000045776367,42.529998779296875,42.439998626708984,42.529998779296875,4453,0.0,0.0
2024-09-05 12:15:00-04:00,42.540000915527344,42.540000915527344,42.47999954223633,42.529998779296875,1590,0.0,0.0
2024-09-05 12:20:00-04:00,42.540000915527344,42.58000183105469,42.529998779296875,42.58000183105469,4685,0.0,0.0
2024-09-05 12:30:00-04:00,42.540000915527344,42.540000915527344,42.5099983215332,42.525001525878906,3148,0.0,0.0
2024-09-05 12:35:00-04:00,42.5,42.52000045776367,42.45000076293945,42.45000076293945,2041,0.0,0.0
2024-09-05 12:40:00-04:00,42.45000076293945,42.529998779296875,42.45000076293945,42.529998779296875,2331,0.0,0.0
2024-09-05 12:45:00-04:00,42.52000045776367,42.54999923706055,42.52000045776367,42.54999923706055,6979,0.0,0.0
2024-09-05 12:50:00-04:00,42.56999969482422,42.619998931884766,42.56999969482422,42.599998474121094,2323,0.0,0.0
2024-09-05 12:55:00-04:00,42.619998931884766,42.650001525878906,42.619998931884766,42.630001068115234,3296,0.0,0.0
2024-09-05 13:00:00-04:00,42.59000015258789,42.59000015258789,42.560001373291016,42.560001373291016,1156,0.0,0.0
2024-09-05 13:05:00-04:00,42.54499816894531,42.58000183105469,42.494998931884766,42.54999923706055,6043,0.0,0.0
2024-09-05 13:10:00-04:00,42.564998626708984,42.59000015258789,42.564998626708984,42.58100128173828,2467,0.0,0.0
2024-09-05 13:15:00-04:00,42.54010009765625,42.619998931884766,42.540000915527344,42.619998931884766,3801,0.0,0.0
2024-09-05 13:20:00-04:00,42.619998931884766,42.619998931884766,42.61000061035156,42.61000061035156,1495,0.0,0.0
2024-09-05 13:25:00-04:00,42.650001525878906,42.65999984741211,42.60499954223633,42.60499954223633,3267,0.0,0.0
2024-09-05 13:30:00-04:00,42.560001373291016,42.560001373291016,42.540000915527344,42.540000915527344,1501,0.0,0.0
2024-09-05 13:35:00-04:00,42.56999969482422,42.619998931884766,42.56999969482422,42.619998931884766,2686,0.0,0.0
2024-09-05 13:40:00-04:00,42.619998931884766,42.63999938964844,42.595001220703125,42.63999938964844,4391,0.0,0.0
2024-09-05 13:45:00-04:00,42.69499969482422,42.720001220703125,42.69499969482422,42.709999084472656,2043,0.0,0.0
2024-09-05 13:50:00-04:00,42.66999816894531,42.66999816894531,42.63999938964844,42.63999938964844,479,0.0,0.0
2024-09-05 13:55:00-04:00,42.6349983215332,42.654998779296875,42.630001068115234,42.654998779296875,2467,0.0,0.0
2024-09-05 14:00:00-04:00,42.68000030517578,42.72999954223633,42.65999984741211,42.65999984741211,3056,0.0,0.0
2024-09-05 14:05:00-04:00,42.654998779296875,42.709999084472656,42.654998779296875,42.709999084472656,2335,0.0,0.0
2024-09-05 14:10:00-04:00,42.72999954223633,42.7400016784668,42.689998626708984,42.689998626708984,2990,0.0,0.0
2024-09-05 14:15:00-04:00,42.66999816894531,42.7599983215332,42.66999816894531,42.7599983215332,4280,0.0,0.0
2024-09-05 14:20:00-04:00,42.7400016784668,42.7400016784668,42.709999084472656,42.709999084472656,1088,0.0,0.0
2024-09-05 14:25:00-04:00,42.689998626708984,42.689998626708984,42.66999816894531,42.68000030517578,1499,0.0,0.0
2024-09-05 14:30:00-04:00,42.685001373291016,42.75,42.685001373291016,42.75,2958,0.0,0.0
2024-09-05 14:35:00-04:00,42.75,42.75,42.70000076293945,42.70500183105469,3713,0.0,0.0
2024-09-05 14:40:00-04:00,42.70000076293945,42.73500061035156,42.70000076293945,42.73500061035156,2171,0.0,0.0
2024-09-05 14:45:00-04:00,42.7599983215332,42.77000045776367,42.75,42.77000045776367,4821,0.0,0.0
2024-09-05 14:50:00-04:00,42.790000915527344,42.810001373291016,42.790000915527344,42.810001373291016,1394,0.0,0.0
2024-09-05 14:55:00-04:00,42.79999923706055,42.79999923706055,42.70000076293945,42.70000076293945,2857,0.0,0.0
2024-09-05 15:00:00-04:00,42.68000030517578,42.68000030517578,42.66999816894531,42.66999816894531,1608,0.0,0.0
2024-09-05 15:05:00-04:00,42.619998931884766,42.619998931884766,42.61000061035156,42.61000061035156,1706,0.0,0.0
2024-09-05 15:10:00-04:00,42.61000061035156,42.720001220703125,42.599998474121094,42.720001220703125,7161,0.0,0.0
2024-09-05 15:15:00-04:00,42.70000076293945,42.70000076293945,42.63999938964844,42.68000030517578,3099,0.0,0.0
2024-09-05 15:20:00-04:00,42.66999816894531,42.70000076293945,42.66999816894531,42.70000076293945,3184,0.0,0.0
2024-09-05 15:25:00-04:00,42.70000076293945,42.709999084472656,42.68000030517578,42.689998626708984,2936,0.0,0.0
2024-09-05 15:30:00-04:00,42.68000030517578,42.720001220703125,42.6619987487793,42.70500183105469,5182,0.0,0.0
2024-09-05 15:35:00-04:00,42.68000030517578,42.689998626708984,42.625,42.625,6268,0.0,0.0
2024-09-05 15:40:00-04:00,42.61000061035156,42.63999938964844,42.540000915527344,42.560001373291016,7695,0.0,0.0
2024-09-05 15:45:00-04:00,42.56999969482422,42.56999969482422,42.540000915527344,42.56100082397461,5062,0.0,0.0
2024-09-05 15:50:00-04:00,42.58000183105469,42.599998474121094,42.529998779296875,42.560001373291016,9619,0.0,0.0
2024-09-05 15:55:00-04:00,42.57500076293945,42.650001525878906,42.529998779296875,42.650001525878906,22514,0.0,0.0
2024-09-06 09:30:00-04:00,42.7599983215332,42.915000915527344,42.7599983215332,42.915000915527344,2570,0.0,0.0
2024-09-06 09:35:00-04:00,43.06999969482422,43.139801025390625,42.904998779296875,42.90999984741211,4326,0.0,0.0
2024-09-06 09:40:00-04:00,42.880001068115234,43.08000183105469,42.85499954223633,42.94499969482422,3720,0.0,0.0
2024-09-06 09:45:00-04:00,43.025001525878906,43.13999938964844,43.025001525878906,43.060001373291016,1123,0.0,0.0
2024-09-06 09:50:00-04:00,43.02000045776367,43.064998626708984,42.974998474121094,42.974998474121094,3779,0.0,0.0
2024-09-06 09:55:00-04:00,43.02000045776367,43.02000045776367,43.02000045776367,43.02000045776367,139,0.0,0.0
2024-09-06 10:00:00-04:00,42.875,43.0,42.86000061035156,42.86000061035156,3580,0.0,0.0
2024-09-06 10:05:00-04:00,42.86000061035156,42.869998931884766,42.70500183105469,42.810001373291016,4305,0.0,0.0
2024-09-06 10:10:00-04:00,42.79999923706055,42.814998626708984,42.720001220703125,42.7599983215332,2841,0.0,0.0
2024-09-06 10:15:00-04:00,42.709999084472656,42.709999084472656,42.56999969482422,42.65999984741211,3921,0.0,0.0
2024-09-06 10:20:00-04:00,42.65999984741211,42.65999984741211,42.44499969482422,42.44499969482422,1626,0.0,0.0
2024-09-06 10:25:00-04:00,42.435001373291016,42.505001068115234,42.3849983215332,42.38999938964844,3702,0.0,0.0
2024-09-06 10:30:00-04:00,42.439998626708984,42.45000076293945,42.400001525878906,42.402000427246094,3164,0.0,0.0
2024-09-06 10:35:00-04:00,42.310001373291016,42.32500076293945,42.310001373291016,42.32500076293945,2670,0.0,0.0
2024-09-06 10:40:00-04:00,42.29999923706055,42.29999923706055,42.29999923706055,42.29999923706055,1316,0.0,0.0
2024-09-06 10:45:00-04:00,42.247501373291016,42.31999969482422,42.247501373291016,42.29999923706055,2960,0.0,0.0
2024-09-06 10:50:00-04:00,42.275001525878906,42.275001525878906,42.244998931884766,42.244998931884766,953,0.0,0.0
2024-09-06 10:55:00-04:00,42.21500015258789,42.21500015258789,42.119998931884766,42.165000915527344,3736,0.0,0.0
2024-09-06 11:00:00-04:00,42.209999084472656,42.4900016784668,42.209999084472656,42.369998931884766,5176,0.0,0.0
2024-09-06 11:05:00-04:00,42.369998931884766,42.369998931884766,42.23500061035156,42.23500061035156,1816,0.0,0.0
2024-09-06 11:10:00-04:00,42.170501708984375,42.209999084472656,42.11000061035156,42.11000061035156,1873,0.0,0.0
2024-09-06 11:15:00-04:00,42.04999923706055,42.04999923706055,41.959999084472656,41.959999084472656,1643,0.0,0.0
2024-09-06 11:20:00-04:00,41.994998931884766,41.994998931884766,41.939998626708984,41.939998626708984,304,0.0,0.0
2024-09-06 11:25:00-04:00,41.959999084472656,41.98500061035156,41.875,41.875,4126,0.0,0.0
2024-09-06 11:30:00-04:00,41.915000915527344,41.915000915527344,41.904998779296875,41.904998779296875,932,0.0,0.0
2024-09-06 11:35:00-04:00,41.915000915527344,41.9900016784668,41.915000915527344,41.9900016784668,2479,0.0,0.0
2024-09-06 11:40:00-04:00,41.9900016784668,42.029998779296875,41.935001373291016,42.029998779296875,4575,0.0,0.0
2024-09-06 11:45:00-04:00,41.97999954223633,42.005001068115234,41.90999984741211,42.005001068115234,5178,0.0,0.0
2024-09-06 11:50:00-04:00,41.9900016784668,41.9900016784668,41.970001220703125,41.97999954223633,1167,0.0,0.0
2024-09-06 11:55:00-04:00,41.970001220703125,41.9900016784668,41.970001220703125,41.9900016784668,653,0.0,0.0
2024-09-06 12:00:00-04:00,41.97999954223633,42.025001525878906,41.97999954223633,42.025001525878906,1362,0.0,0.0
2024-09-06 12:05:00-04:00,42.03499984741211,42.15999984741211,42.03499984741211,42.15999984741211,5288,0.0,0.0
2024-09-06 12:10:00-04:00,42.130001068115234,42.130001068115234,42.084999084472656,42.095001220703125,4826,0.0,0.0
2024-09-06 12:15:00-04:00,42.095001220703125,42.150001525878906,42.029998779296875,42.029998779296875,3669,0.0,0.0
2024-09-06 12:20:00-04:00,41.97999954223633,42.04999923706055,41.97999954223633,42.04999923706055,682,0.0,0.0
2024-09-06 12:25:00-04:00,42.09000015258789,42.09000015258789,42.060001373291016,42.060001373291016,1037,0.0,0.0
2024-09-06 12:30:00-04:00,41.93000030517578,42.040000915527344,41.93000030517578,42.040000915527344,989,0.0,0.0
2024-09-06 12:35:00-04:00,42.04999923706055,42.04999923706055,42.0,42.0099983215332,1235,0.0,0.0
2024-09-06 12:40:00-04:00,42.02000045776367,42.02000045776367,42.0,42.0,1157,0.0,0.0
2024-09-06 12:45:00-04:00,41.9900016784668,41.9900016784668,41.86000061035156,41.86000061035156,930,0.0,0.0
2024-09-06 12:50:00-04:00,41.84000015258789,41.88999938964844,41.81999969482422,41.88999938964844,2060,0.0,0.0
2024-09-06 12:55:00-04:00,41.93000030517578,41.93000030517578,41.93000030517578,41.93000030517578,1506,0.0,0.0
2024-09-06 13:00:00-04:00,42.040000915527344,42.119998931884766,42.040000915527344,42.11000061035156,2929,0.0,0.0
2024-09-06 13:05:00-04:00,42.06999969482422,42.119998931884766,42.04999923706055,42.119998931884766,2034,0.0,0.0
2024-09-06 13:10:00-04:00,42.1349983215332,42.1349983215332,42.130001068115234,42.130001068115234,411,0.0,0.0
2024-09-06 13:15:00-04:00,42.099998474121094,42.099998474121094,42.060001373291016,42.060001373291016,1724,0.0,0.0
2024-09-06 13:20:00-04:00,42.040000915527344,42.18000030517578,42.040000915527344,42.17900085449219,3574,0.0,0.0
2024-09-06 13:25:00-04:00,42.15999984741211,42.16999816894531,42.130001068115234,42.150001525878906,2260,0.0,0.0
2024-09-06 13:30:00-04:00,42.150001525878906,42.150001525878906,42.125,42.1349983215332,2085,0.0,0.0
2024-09-06 13:35:00-04:00,42.04999923706055,42.04999923706055,42.04999923706055,42.04999923706055,330,0.0,0.0
2024-09-06 13:40:00-04:00,42.07699966430664,42.09000015258789,42.060001373291016,42.09000015258789,905,0.0,0.0
2024-09-06 13:45:00-04:00,42.08000183105469,42.08000183105469,42.04499816894531,42.04499816894531,2978,0.0,0.0
2024-09-06 13:50:00-04:00,42.064998626708984,42.09000015258789,42.05500030517578,42.05500030517578,1388,0.0,0.0
2024-09-06 13:55:00-04:00,42.084999084472656,42.084999084472656,42.04999923706055,42.06999969482422,2322,0.0,0.0
2024-09-06 14:00:00-04:00,42.06999969482422,42.06999969482422,42.0,42.01499938964844,1743,0.0,0.0
2024-09-06 14:05:00-04:00,41.9900016784668,42.02000045776367,41.9900016784668,42.02000045776367,1073,0.0,0.0
2024-09-06 14:10:00-04:00,42.029998779296875,42.060001373291016,42.029998779296875,42.040000915527344,3618,0.0,0.0
2024-09-06 14:15:00-04:00,42.029998779296875,42.029998779296875,41.970001220703125,41.970001220703125,2153,0.0,0.0
2024-09-06 14:20:00-04:00,41.970001220703125,41.970001220703125,41.93000030517578,41.93000030517578,711,0.0,0.0
2024-09-06 14:25:00-04:00,41.90999984741211,41.90999984741211,41.83000183105469,41.869998931884766,2826,0.0,0.0
2024-09-06 14:30:00-04:00,41.88999938964844,41.900001525878906,41.84000015258789,41.84000015258789,2084,0.0,0.0
2024-09-06 14:35:00-04:00,41.81999969482422,41.849998474121094,41.810001373291016,41.849998474121094,1900,0.0,0.0
2024-09-06 14:40:00-04:00,41.86000061035156,41.88999938964844,41.86000061035156,41.88999938964844,1158,0.0,0.0
2024-09-06 14:45:00-04:00,41.91999816894531,41.91999816894531,41.904998779296875,41.91999816894531,1490,0.0,0.0
2024-09-06 14:50:00-04:00,41.939998626708984,41.939998626708984,41.880001068115234,41.90999984741211,3915,0.0,0.0
2024-09-06 14:55:00-04:00,41.90999984741211,41.95000076293945,41.90999984741211,41.95000076293945,1302,0.0,0.0
2024-09-06 15:00:00-04:00,41.959999084472656,42.0099983215332,41.959999084472656,41.970001220703125,3358,0.0,0.0
2024-09-06 15:05:00-04:00,42.040000915527344,42.040000915527344,42.040000915527344,42.040000915527344,691,0.0,0.0
2024-09-06 15:10:00-04:00,42.04999923706055,42.069000244140625,42.04999923706055,42.069000244140625,1970,0.0,0.0
2024-09-06 15:15:00-04:00,42.08000183105469,42.08000183105469,42.029998779296875,42.029998779296875,2599,0.0,0.0
2024-09-06 15:20:00-04:00,42.040000915527344,42.08000183105469,42.040000915527344,42.064998626708984,2321,0.0,0.0
2024-09-06 15:25:00-04:00,42.064998626708984,42.09000015258789,42.04999923706055,42.04999923706055,5932,0.0,0.0
2024-09-06 15:30:00-04:00,42.0,42.029998779296875,41.9900016784668,41.9900016784668,3915,0.0,0.0
2024-09-06 15:35:00-04:00,41.90999984741211,42.06999969482422,41.90999984741211,42.060001373291016,6423,0.0,0.0
2024-09-06 15:40:00-04:00,42.05500030517578,42.11000061035156,42.029998779296875,42.08000183105469,9315,0.0,0.0
2024-09-06 15:45:00-04:00,42.099998474121094,42.11000061035156,42.07500076293945,42.09000015258789,6390,0.0,0.0
2024-09-06 15:50:00-04:00,42.06999969482422,42.08000183105469,41.9900016784668,42.029998779296875,19592,0.0,0.0
2024-09-06 15:55:00-04:00,42.0,42.130001068115234,42.0,42.119998931884766,74635,0.0,0.0
2024-09-09 09:30:00-04:00,42.150001525878906,42.150001525878906,41.78499984741211,42.01499938964844,16631,0.0,0.0
2024-09-09 09:35:00-04:00,41.900001525878906,42.099998474121094,41.900001525878906,42.0099983215332,2762,0.0,0.0
2024-09-09 09:40:00-04:00,42.119998931884766,42.119998931884766,42.0,42.029998779296875,1236,0.0,0.0
2024-09-09 09:45:00-04:00,41.91999816894531,41.91999816894531,41.849998474121094,41.869998931884766,2067,0.0,0.0
2024-09-09 09:50:00-04:00,41.67499923706055,41.88999938964844,41.67499923706055,41.810001373291016,3098,0.0,0.0
2024-09-09 09:55:00-04:00,41.81999969482422,41.83000183105469,41.81999969482422,41.83000183105469,1242,0.0,0.0
2024-09-09 10:00:00-04:00,42.05500030517578,42.14500045776367,42.040000915527344,42.14500045776367,10395,0.0,0.0
2024-09-09 10:05:00-04:00,42.16999816894531,42.22999954223633,42.16999816894531,42.209999084472656,3333,0.0,0.0
2024-09-09 10:10:00-04:00,42.224998474121094,42.26499938964844,42.189998626708984,42.244998931884766,14013,0.0,0.0
2024-09-09 10:15:00-04:00,42.29499816894531,42.369998931884766,42.275001525878906,42.29999923706055,3226,0.0,0.0
2024-09-09 10:20:00-04:00,42.165000915527344,42.165000915527344,42.130001068115234,42.130001068115234,748,0.0,0.0
2024-09-09 10:25:00-04:00,42.1150016784668,42.209999084472656,42.1150016784668,42.13999938964844,3369,0.0,0.0
2024-09-09 10:30:00-04:00,42.099998474121094,42.165000915527344,42.040000915527344,42.084999084472656,2313,0.0,0.0
2024-09-09 10:35:00-04:00,42.119998931884766,42.18000030517578,42.11000061035156,42.18000030517578,1934,0.0,0.0
2024-09-09 10:40:00-04:00,42.150001525878906,42.150001525878906,42.10499954223633,42.10499954223633,1197,0.0,0.0
2024-09-09 10:45:00-04:00,42.08000183105469,42.18000030517578,42.08000183105469,42.18000030517578,5255,0.0,0.0
2024-09-09 10:50:00-04:00,42.18000030517578,42.18000030517578,42.08000183105469,42.08000183105469,2000,0.0,0.0
2024-09-09 10:55:00-04:00,42.03499984741211,42.07500076293945,42.03499984741211,42.07500076293945,482,0.0,0.0
2024-09-09 11:00:00-04:00,41.97999954223633,41.97999954223633,41.86000061035156,41.86000061035156,1063,0.0,0.0
2024-09-09 11:05:00-04:00,41.85499954223633,41.91999816894531,41.85499954223633,41.91999816894531,709,0.0,0.0
2024-09-09 11:10:00-04:00,41.85499954223633,41.90999984741211,41.85499954223633,41.90999984741211,705,0.0,0.0
2024-09-09 11:15:00-04:00,41.849998474121094,41.869998931884766,41.79499816894531,41.83000183105469,3352,0.0,0.0
2024-09-09 11:20:00-04:00,41.83000183105469,41.84000015258789,41.83000183105469,41.84000015258789,2784,0.0,0.0
2024-09-09 11:25:00-04:00,41.79999923706055,41.86000061035156,41.79999923706055,41.86000061035156,1281,0.0,0.0
2024-09-09 11:30:00-04:00,41.900001525878906,41.900001525878906,41.900001525878906,41.900001525878906,815,0.0,0.0
2024-09-09 11:35:00-04:00,41.915000915527344,41.91999816894531,41.900001525878906,41.91999816894531,1113,0.0,0.0
2024-09-09 11:40:00-04:00,41.91999816894531,41.93000030517578,41.880001068115234,41.91999816894531,3361,0.0,0.0
2024-09-09 11:45:00-04:00,42.05500030517578,42.05500030517578,42.05500030517578,42.05500030517578,220,0.0,0.0
2024-09-09 11:50:00-04:00,42.06119918823242,42.099998474121094,42.06119918823242,42.07500076293945,2248,0.0,0.0
2024-09-09 11:55:00-04:00,42.060001373291016,42.060001373291016,42.060001373291016,42.060001373291016,909,0.0,0.0
2024-09-09 12:05:00-04:00,42.11000061035156,42.11000061035156,42.11000061035156,42.11000061035156,1996,0.0,0.0
2024-09-09 12:10:00-04:00,42.11000061035156,42.130001068115234,42.11000061035156,42.111000061035156,3281,0.0,0.0
2024-09-09 12:20:00-04:00,42.17499923706055,42.20000076293945,42.130001068115234,42.130001068115234,1980,0.0,0.0
2024-09-09 12:25:00-04:00,42.130001068115234,42.150001525878906,42.12099838256836,42.12099838256836,3066,0.0,0.0
2024-09-09 12:30:00-04:00,42.189998626708984,42.189998626708984,42.16999816894531,42.189998626708984,1566,0.0,0.0
2024-09-09 12:35:00-04:00,42.20000076293945,42.20000076293945,42.15999984741211,42.15999984741211,1388,0.0,0.0
2024-09-09 12:40:00-04:00,42.16999816894531,42.16999816894531,42.16999816894531,42.16999816894531,735,0.0,0.0
2024-09-09 12:45:00-04:00,42.20000076293945,42.20000076293945,42.16999816894531,42.16999816894531,1088,0.0,0.0
2024-09-09 12:50:00-04:00,42.150001525878906,42.150001525878906,42.119998931884766,42.130001068115234,2311,0.0,0.0
2024-09-09 12:55:00-04:00,42.165000915527344,42.189998626708984,42.165000915527344,42.189998626708984,1507,0.0,0.0
2024-09-09 13:00:00-04:00,42.16999816894531,42.220001220703125,42.16999816894531,42.220001220703125,1966,0.0,0.0
2024-09-09 13:05:00-04:00,42.20000076293945,42.20000076293945,42.196998596191406,42.196998596191406,622,0.0,0.0
2024-09-09 13:10:00-04:00,42.16999816894531,42.16999816894531,42.16999816894531,42.16999816894531,1256,0.0,0.0
2024-09-09 13:15:00-04:00,42.119998931884766,42.119998931884766,42.08000183105469,42.08000183105469,2610,0.0,0.0
2024-09-09 13:25:00-04:00,42.04999923706055,42.06999969482422,42.04999923706055,42.06999969482422,734,0.0,0.0
2024-09-09 13:30:00-04:00,42.040000915527344,42.040000915527344,42.025001525878906,42.025001525878906,882,0.0,0.0
2024-09-09 13:35:00-04:00,42.0099983215332,42.0099983215332,42.0099983215332,42.0099983215332,968,0.0,0.0
2024-09-09 13:40:00-04:00,42.01750183105469,42.029998779296875,41.9900016784668,41.9900016784668,1411,0.0,0.0
2024-09-09 13:45:00-04:00,41.959999084472656,41.9900016784668,41.959999084472656,41.9900016784668,2179,0.0,0.0
2024-09-09 13:50:00-04:00,41.9900016784668,41.9900016784668,41.9900016784668,41.9900016784668,704,0.0,0.0
2024-09-09 13:55:00-04:00,41.98500061035156,42.0099983215332,41.959999084472656,42.0099983215332,2930,0.0,0.0
2024-09-09 14:00:00-04:00,42.02000045776367,42.02000045776367,42.02000045776367,42.02000045776367,404,0.0,0.0
2024-09-09 14:05:00-04:00,42.03499984741211,42.06999969482422,42.029998779296875,42.06999969482422,1620,0.0,0.0
2024-09-09 14:10:00-04:00,42.04999923706055,42.060001373291016,42.04999923706055,42.060001373291016,982,0.0,0.0
2024-09-09 14:15:00-04:00,42.10499954223633,42.119998931884766,42.10499954223633,42.119998931884766,2315,0.0,0.0
2024-09-09 14:20:00-04:00,42.09000015258789,42.09000015258789,42.09000015258789,42.09000015258789,631,0.0,0.0
2024-09-09 14:25:00-04:00,42.08000183105469,42.11000061035156,42.08000183105469,42.11000061035156,1409,0.0,0.0
2024-09-09 14:30:00-04:00,42.084999084472656,42.084999084472656,42.084999084472656,42.084999084472656,1292,0.0,0.0
2024-09-09 14:35:00-04:00,42.08000183105469,42.08000183105469,42.0099983215332,42.0099983215332,1705,0.0,0.0
2024-09-09 14:40:00-04:00,41.9900016784668,42.04499816894531,41.9900016784668,42.04499816894531,2870,0.0,0.0
2024-09-09 14:45:00-04:00,42.060001373291016,42.060001373291016,42.02000045776367,42.02000045776367,1746,0.0,0.0
2024-09-09 14:50:00-04:00,42.0099983215332,42.0099983215332,41.9900016784668,41.994998931884766,1033,0.0,0.0
2024-09-09 14:55:00-04:00,41.970001220703125,42.02000045776367,41.970001220703125,42.0099983215332,1785,0.0,0.0
2024-09-09 15:00:00-04:00,41.900001525878906,41.90999984741211,41.869998931884766,41.90999984741211,3396,0.0,0.0
2024-09-09 15:05:00-04:00,41.970001220703125,42.0,41.970001220703125,42.0,1794,0.0,0.0
2024-09-09 15:10:00-04:00,42.0,42.04499816894531,41.970001220703125,42.04499816894531,1888,0.0,0.0
2024-09-09 15:15:00-04:00,42.06999969482422,42.09000015258789,42.06999969482422,42.06999969482422,2154,0.0,0.0
2024-09-09 15:20:00-04:00,42.040000915527344,42.04999923706055,42.0099983215332,42.03499984741211,3841,0.0,0.0
2024-09-09 15:25:00-04:00,42.06999969482422,42.09000015258789,42.04999923706055,42.060001373291016,2437,0.0,0.0
2024-09-09 15:30:00-04:00,42.029998779296875,42.095001220703125,42.029998779296875,42.060001373291016,4628,0.0,0.0
2024-09-09 15:35:00-04:00,42.09000015258789,42.09000015258789,42.01100158691406,42.04999923706055,3341,0.0,0.0
2024-09-09 15:40:00-04:00,42.04999923706055,42.060001373291016,41.974998474121094,41.9900016784668,8221,0.0,0.0
2024-09-09 15:45:00-04:00,41.98500061035156,41.98500061035156,41.88999938964844,41.91999816894531,5306,0.0,0.0
2024-09-09 15:50:00-04:00,41.90999984741211,41.90999984741211,41.82099914550781,41.84000015258789,8917,0.0,0.0
2024-09-09 15:55:00-04:00,41.86000061035156,42.0099983215332,41.86000061035156,42.0,25790,0.0,0.0
2024-09-10 09:30:00-04:00,42.16999816894531,42.16999816894531,41.91999816894531,41.91999816894531,3229,0.0,0.0
2024-09-10 09:35:00-04:00,41.92499923706055,42.1150016784668,41.92499923706055,42.1150016784668,1242,0.0,0.0
2024-09-10 09:55:00-04:00,41.755001068115234,41.755001068115234,41.689998626708984,41.689998626708984,3151,0.0,0.0
2024-09-10 10:00:00-04:00,41.63999938964844,41.7599983215332,41.63999938964844,41.7599983215332,10964,0.0,0.0
2024-09-10 10:05:00-04:00,41.54999923706055,41.564998626708984,41.54999923706055,41.564998626708984,955,0.0,0.0
2024-09-10 10:10:00-04:00,41.439998626708984,41.439998626708984,41.220001220703125,41.220001220703125,919,0.0,0.0
2024-09-10 10:15:00-04:00,41.334999084472656,41.400001525878906,41.334999084472656,41.38999938964844,2456,0.0,0.0
2024-09-10 10:20:00-04:00,41.334999084472656,41.334999084472656,41.279998779296875,41.31999969482422,3059,0.0,0.0
2024-09-10 10:25:00-04:00,41.314998626708984,41.375,41.310001373291016,41.375,1673,0.0,0.0
2024-09-10 10:30:00-04:00,41.369998931884766,41.369998931884766,41.29999923706055,41.29999923706055,917,0.0,0.0
2024-09-10 10:35:00-04:00,41.369998931884766,41.470001220703125,41.369998931884766,41.470001220703125,1381,0.0,0.0
2024-09-10 10:40:00-04:00,41.494998931884766,41.59000015258789,41.494998931884766,41.59000015258789,1639,0.0,0.0
2024-09-10 10:45:00-04:00,41.540000915527344,41.70000076293945,41.540000915527344,41.689998626708984,1982,0.0,0.0
2024-09-10 10:50:00-04:00,41.709999084472656,41.709999084472656,41.63999938964844,41.68000030517578,2504,0.0,0.0
2024-09-10 10:55:00-04:00,41.720001220703125,41.720001220703125,41.66999816894531,41.66999816894531,2130,0.0,0.0
2024-09-10 11:00:00-04:00,41.66999816894531,41.66999816894531,41.66999816894531,41.66999816894531,671,0.0,0.0
2024-09-10 11:05:00-04:00,41.63999938964844,41.63999938964844,41.63999938964844,41.63999938964844,755,0.0,0.0
2024-09-10 11:10:00-04:00,41.7400016784668,41.75,41.709999084472656,41.709999084472656,5259,0.0,0.0
2024-09-10 11:15:00-04:00,41.77000045776367,41.77000045776367,41.720001220703125,41.720001220703125,1046,0.0,0.0
2024-09-10 11:20:00-04:00,41.70000076293945,41.70000076293945,41.66999816894531,41.685001373291016,1239,0.0,0.0
2024-09-10 11:25:00-04:00,41.689998626708984,41.689998626708984,41.68000030517578,41.68000030517578,1039,0.0,0.0
2024-09-10 11:35:00-04:00,41.5,41.560001373291016,41.439998626708984,41.46500015258789,5158,0.0,0.0
2024-09-10 11:40:00-04:00,41.5,41.560001373291016,41.5,41.540000915527344,2367,0.0,0.0
2024-09-10 11:45:00-04:00,41.494998931884766,41.494998931884766,41.494998931884766,41.494998931884766,570,0.0,0.0
2024-09-10 11:50:00-04:00,41.40999984741211,41.40999984741211,41.40999984741211,41.40999984741211,676,0.0,0.0
2024-09-10 11:55:00-04:00,41.380001068115234,41.404998779296875,41.380001068115234,41.404998779296875,616,0.0,0.0
2024-09-10 12:00:00-04:00,41.35300064086914,41.35300064086914,41.290000915527344,41.290000915527344,728,0.0,0.0
2024-09-10 12:05:00-04:00,41.33000183105469,41.369998931884766,41.290000915527344,41.369998931884766,1328,0.0,0.0
2024-09-10 12:10:00-04:00,41.33000183105469,41.33000183105469,41.33000183105469,41.33000183105469,956,0.0,0.0
2024-09-10 12:15:00-04:00,41.29999923706055,41.29999923706055,41.25,41.2599983215332,2257,0.0,0.0
2024-09-10 12:20:00-04:00,41.2599983215332,41.2599983215332,41.18000030517578,41.18000030517578,696,0.0,0.0
2024-09-10 12:25:00-04:00,41.2400016784668,41.2400016784668,41.189998626708984,41.189998626708984,2667,0.0,0.0
2024-09-10 12:30:00-04:00,41.130001068115234,41.19499969482422,41.130001068115234,41.19499969482422,2355,0.0,0.0
2024-09-10 12:35:00-04:00,41.209999084472656,41.275001525878906,41.209999084472656,41.2400016784668,2317,0.0,0.0
2024-09-10 12:40:00-04:00,41.26499938964844,41.28499984741211,41.25,41.25,1399,0.0,0.0
2024-09-10 12:45:00-04:00,41.27000045776367,41.279998779296875,41.27000045776367,41.279998779296875,1507,0.0,0.0
2024-09-10 12:50:00-04:00,41.310001373291016,41.38999938964844,41.310001373291016,41.38999938964844,1360,0.0,0.0
2024-09-10 12:55:00-04:00,41.369998931884766,41.369998931884766,41.32699966430664,41.32699966430664,1527,0.0,0.0
2024-09-10 13:00:00-04:00,41.279998779296875,41.34000015258789,41.279998779296875,41.34000015258789,788,0.0,0.0
2024-09-10 13:05:00-04:00,41.31999969482422,41.33000183105469,41.30500030517578,41.33000183105469,693,0.0,0.0
2024-09-10 13:10:00-04:00,41.42900085449219,41.459999084472656,41.40999984741211,41.439998626708984,1492,0.0,0.0
2024-09-10 13:15:00-04:00,41.439998626708984,41.470001220703125,41.41999816894531,41.41999816894531,1248,0.0,0.0
2024-09-10 13:20:00-04:00,41.40999984741211,41.48099899291992,41.40999984741211,41.48099899291992,1979,0.0,0.0
2024-09-10 13:25:00-04:00,41.47999954223633,41.52000045776367,41.47999954223633,41.52000045776367,1548,0.0,0.0
2024-09-10 13:30:00-04:00,41.55500030517578,41.599998474121094,41.55500030517578,41.599998474121094,1056,0.0,0.0
2024-09-10 13:35:00-04:00,41.59000015258789,41.619998931884766,41.54999923706055,41.619998931884766,2755,0.0,0.0
2024-09-10 13:40:00-04:00,41.61000061035156,41.630001068115234,41.61000061035156,41.61000061035156,1486,0.0,0.0
2024-09-10 13:45:00-04:00,41.630001068115234,41.630001068115234,41.560001373291016,41.560001373291016,1888,0.0,0.0
2024-09-10 13:50:00-04:00,41.56999969482422,41.59000015258789,41.54499816894531,41.54499816894531,751,0.0,0.0
2024-09-10 13:55:00-04:00,41.59000015258789,41.63999938964844,41.59000015258789,41.63999938964844,1793,0.0,0.0
2024-09-10 14:00:00-04:00,41.650001525878906,41.72999954223633,41.650001525878906,41.70000076293945,2853,0.0,0.0
2024-09-10 14:05:00-04:00,41.720001220703125,41.73899841308594,41.720001220703125,41.73899841308594,1410,0.0,0.0
2024-09-10 14:10:00-04:00,41.65999984741211,41.65999984741211,41.65999984741211,41.65999984741211,893,0.0,0.0
2024-09-10 14:15:00-04:00,41.70000076293945,41.729000091552734,41.70000076293945,41.729000091552734,1865,0.0,0.0
2024-09-10 14:20:00-04:00,41.779998779296875,41.85499954223633,41.744998931884766,41.85499954223633,2808,0.0,0.0
2024-09-10 14:25:00-04:00,41.85499954223633,41.88999938964844,41.85499954223633,41.88999938964844,1166,0.0,0.0
2024-09-10 14:30:00-04:00,41.880001068115234,41.939998626708984,41.880001068115234,41.91999816894531,2231,0.0,0.0
2024-09-10 14:35:00-04:00,41.90999984741211,41.95899963378906,41.90999984741211,41.94900131225586,1464,0.0,0.0
2024-09-10 14:40:00-04:00,41.90999984741211,41.95899963378906,41.90999984741211,41.95899963378906,1287,0.0,0.0
2024-09-10 14:45:00-04:00,41.939998626708984,41.98899841308594,41.939998626708984,41.98899841308594,1233,0.0,0.0
2024-09-10 14:50:00-04:00,41.974998474121094,41.999000549316406,41.970001220703125,41.970001220703125,2554,0.0,0.0
2024-09-10 14:55:00-04:00,41.98500061035156,41.9900016784668,41.88999938964844,41.88999938964844,2561,0.0,0.0
2024-09-10 15:00:00-04:00,41.869998931884766,41.880001068115234,41.86000061035156,41.86000061035156,1502,0.0,0.0
2024-09-10 15:05:00-04:00,41.900001525878906,41.900001525878906,41.83000183105469,41.83000183105469,1766,0.0,0.0
2024-09-10 15:10:00-04:00,41.82500076293945,41.82500076293945,41.82500076293945,41.82500076293945,1023,0.0,0.0
2024-09-10 15:15:00-04:00,41.86000061035156,41.86000061035156,41.79100036621094,41.810001373291016,2089,0.0,0.0
2024-09-10 15:20:00-04:00,41.81999969482422,41.90999984741211,41.79999923706055,41.880001068115234,3058,0.0,0.0
2024-09-10 15:25:00-04:00,41.880001068115234,41.8849983215332,41.86000061035156,41.8849983215332,2520,0.0,0.0
2024-09-10 15:30:00-04:00,41.790000915527344,41.790000915527344,41.70000076293945,41.7400016784668,2195,0.0,0.0
2024-09-10 15:35:00-04:00,41.720001220703125,41.73899841308594,41.65999984741211,41.71500015258789,6425,0.0,0.0
2024-09-10 15:40:00-04:00,41.73899841308594,41.78499984741211,41.720001220703125,41.78499984741211,4955,0.0,0.0
2024-09-10 15:45:00-04:00,41.77000045776367,41.849998474121094,41.77000045776367,41.849998474121094,3899,0.0,0.0
2024-09-10 15:50:00-04:00,41.84000015258789,41.97999954223633,41.81999969482422,41.94499969482422,11517,0.0,0.0
2024-09-10 15:55:00-04:00,41.869998931884766,41.97999954223633,41.849998474121094,41.97999954223633,46364,0.0,0.0
2024-09-11 09:30:00-04:00,41.81999969482422,41.81999969482422,41.81999969482422,41.81999969482422,2584,0.0,0.0
2024-09-11 09:35:00-04:00,41.43000030517578,41.43000030517578,41.29999923706055,41.29999923706055,585,0.0,0.0
2024-09-11 09:40:00-04:00,41.209999084472656,41.36000061035156,41.209999084472656,41.287498474121094,1108,0.0,0.0
2024-09-11 09:45:00-04:00,41.380001068115234,41.380001068115234,41.380001068115234,41.380001068115234,875,0.0,0.0
2024-09-11 09:50:00-04:00,41.0,41.0,41.0,41.0,732,0.0,0.0
2024-09-11 09:55:00-04:00,40.869998931884766,41.02000045776367,40.869998931884766,41.02000045776367,1586,0.0,0.0
2024-09-11 10:00:00-04:00,40.900001525878906,40.900001525878906,40.709999084472656,40.83000183105469,13758,0.0,0.0
2024-09-11 10:05:00-04:00,40.72999954223633,40.755001068115234,40.619998931884766,40.755001068115234,4624,0.0,0.0
2024-09-11 10:10:00-04:00,40.75,40.80500030517578,40.75,40.80500030517578,2641,0.0,0.0
2024-09-11 10:15:00-04:00,40.70000076293945,40.70000076293945,40.65999984741211,40.65999984741211,1626,0.0,0.0
2024-09-11 10:20:00-04:00,40.65999984741211,40.720001220703125,40.599998474121094,40.720001220703125,4430,0.0,0.0
2024-09-11 10:25:00-04:00,40.654998779296875,40.654998779296875,40.45000076293945,40.45000076293945,1968,0.0,0.0
2024-09-11 10:30:00-04:00,40.4900016784668,40.51599884033203,40.375,40.4474983215332,3522,0.0,0.0
2024-09-11 10:35:00-04:00,40.5,40.5,40.42499923706055,40.47999954223633,1889,0.0,0.0
2024-09-11 10:40:00-04:00,40.45000076293945,40.5,40.439998626708984,40.439998626708984,1304,0.0,0.0
2024-09-11 10:45:00-04:00,40.5,40.5,40.40999984741211,40.40999984741211,1443,0.0,0.0
2024-09-11 10:50:00-04:00,40.45000076293945,40.45000076293945,40.400001525878906,40.45000076293945,2493,0.0,0.0
2024-09-11 10:55:00-04:00,40.45500183105469,40.4900016784668,40.45500183105469,40.4900016784668,823,0.0,0.0
2024-09-11 11:00:00-04:00,40.459999084472656,40.5099983215332,40.459999084472656,40.5099983215332,1654,0.0,0.0
2024-09-11 11:05:00-04:00,40.5,40.540000915527344,40.470001220703125,40.540000915527344,1333,0.0,0.0
2024-09-11 11:10:00-04:00,40.470001220703125,40.599998474121094,40.470001220703125,40.599998474121094,2092,0.0,0.0
2024-09-11 11:15:00-04:00,40.560001373291016,40.58000183105469,40.5,40.564998626708984,3373,0.0,0.0
2024-09-11 11:20:00-04:00,40.6349983215332,40.6349983215332,40.6349983215332,40.6349983215332,1064,0.0,0.0
2024-09-11 11:25:00-04:00,40.599998474121094,40.599998474121094,40.5,40.5099983215332,6337,0.0,0.0
2024-09-11 11:30:00-04:00,40.58000183105469,40.59400177001953,40.560001373291016,40.59400177001953,1384,0.0,0.0
2024-09-11 11:35:00-04:00,40.599998474121094,40.66999816894531,40.599998474121094,40.66999816894531,625,0.0,0.0
2024-09-11 11:40:00-04:00,40.61000061035156,40.61000061035156,40.61000061035156,40.61000061035156,624,0.0,0.0
2024-09-11 11:45:00-04:00,40.619998931884766,40.630001068115234,40.619998931884766,40.630001068115234,1359,0.0,0.0
2024-09-11 11:50:00-04:00,40.619998931884766,40.619998931884766,40.564998626708984,40.58000183105469,3280,0.0,0.0
2024-09-11 11:55:00-04:00,40.529998779296875,40.53499984741211,40.48500061035156,40.53499984741211,1623,0.0,0.0
2024-09-11 12:00:00-04:00,40.529998779296875,40.54499816894531,40.529998779296875,40.54499816894531,1418,0.0,0.0
2024-09-11 12:10:00-04:00,40.7400016784668,40.7400016784668,40.66999816894531,40.70500183105469,2241,0.0,0.0
2024-09-11 12:15:00-04:00,40.65999984741211,40.65999984741211,40.65999984741211,40.65999984741211,232,0.0,0.0
2024-09-11 12:20:00-04:00,40.709999084472656,40.72999954223633,40.68000030517578,40.72999954223633,1730,0.0,0.0
2024-09-11 12:25:00-04:00,40.70000076293945,40.70000076293945,40.70000076293945,40.70000076293945,333,0.0,0.0
2024-09-11 12:30:00-04:00,40.72999954223633,40.72999954223633,40.72999954223633,40.72999954223633,711,0.0,0.0
2024-09-11 12:40:00-04:00,40.724998474121094,40.79499816894531,40.724998474121094,40.79499816894531,2284,0.0,0.0
2024-09-11 12:45:00-04:00,40.75,40.75,40.70000076293945,40.709999084472656,1807,0.0,0.0
2024-09-11 12:50:00-04:00,40.72999954223633,40.72999954223633,40.724998474121094,40.724998474121094,1247,0.0,0.0
2024-09-11 12:55:00-04:00,40.75,40.75,40.709999084472656,40.709999084472656,1259,0.0,0.0
2024-09-11 13:00:00-04:00,40.70000076293945,40.70000076293945,40.70000076293945,40.70000076293945,470,0.0,0.0
2024-09-11 13:05:00-04:00,40.689998626708984,40.7599983215332,40.689998626708984,40.7599983215332,1173,0.0,0.0
2024-09-11 13:10:00-04:00,40.83000183105469,40.83000183105469,40.83000183105469,40.83000183105469,156,0.0,0.0
2024-09-11 13:15:00-04:00,40.889400482177734,40.92499923706055,40.85499954223633,40.869998931884766,6046,0.0,0.0
2024-09-11 13:20:00-04:00,40.84000015258789,40.84000015258789,40.810001373291016,40.810001373291016,703,0.0,0.0
2024-09-11 13:25:00-04:00,40.79999923706055,40.79999923706055,40.779998779296875,40.779998779296875,786,0.0,0.0
2024-09-11 13:30:00-04:00,40.79499816894531,40.86000061035156,40.79499816894531,40.845001220703125,6488,0.0,0.0
2024-09-11 13:35:00-04:00,40.88999938964844,40.88999938964844,40.84000015258789,40.88999938964844,1797,0.0,0.0
2024-09-11 13:40:00-04:00,40.91999816894531,40.91999816894531,40.88999938964844,40.88999938964844,693,0.0,0.0
2024-09-11 13:50:00-04:00,40.95500183105469,40.95500183105469,40.900001525878906,40.900001525878906,1287,0.0,0.0
2024-09-11 13:55:00-04:00,40.88999938964844,40.90999984741211,40.880001068115234,40.90999984741211,1244,0.0,0.0
2024-09-11 14:00:00-04:00,40.900001525878906,40.915000915527344,40.869998931884766,40.904998779296875,3967,0.0,0.0
2024-09-11 14:05:00-04:00,40.935001373291016,40.935001373291016,40.935001373291016,40.935001373291016,174,0.0,0.0
2024-09-11 14:10:00-04:00,40.95500183105469,40.95500183105469,40.95500183105469,40.95500183105469,1057,0.0,0.0
2024-09-11 14:15:00-04:00,40.869998931884766,40.875,40.84000015258789,40.869998931884766,1226,0.0,0.0
2024-09-11 14:20:00-04:00,40.875,40.875,40.875,40.875,1014,0.0,0.0
2024-09-11 14:25:00-04:00,40.95500183105469,40.95500183105469,40.95500183105469,40.95500183105469,686,0.0,0.0
2024-09-11 14:30:00-04:00,40.994998931884766,41.060001373291016,40.994998931884766,41.060001373291016,656,0.0,0.0
2024-09-11 14:35:00-04:00,41.0,41.060001373291016,41.0,41.060001373291016,2752,0.0,0.0
2024-09-11 14:40:00-04:00,41.150001525878906,41.21500015258789,41.13999938964844,41.21500015258789,1345,0.0,0.0
2024-09-11 14:45:00-04:00,41.21500015258789,41.21500015258789,41.15999984741211,41.15999984741211,1974,0.0,0.0
2024-09-11 14:50:00-04:00,41.165000915527344,41.165000915527344,41.0,41.0,2031,0.0,0.0
2024-09-11 14:55:00-04:00,41.0099983215332,41.060001373291016,41.0099983215332,41.04600143432617,1386,0.0,0.0
2024-09-11 15:00:00-04:00,41.04999923706055,41.06999969482422,41.04499816894531,41.06999969482422,967,0.0,0.0
2024-09-11 15:05:00-04:00,41.099998474121094,41.10499954223633,41.060001373291016,41.060001373291016,2470,0.0,0.0
2024-09-11 15:10:00-04:00,41.084999084472656,41.084999084472656,41.040000915527344,41.04999923706055,3696,0.0,0.0
2024-09-11 15:15:00-04:00,41.060001373291016,41.154998779296875,41.060001373291016,41.154998779296875,1015,0.0,0.0
2024-09-11 15:20:00-04:00,41.11000061035156,41.26499938964844,41.11000061035156,41.26499938964844,4719,0.0,0.0
2024-09-11 15:25:00-04:00,41.290000915527344,41.404998779296875,41.290000915527344,41.29999923706055,9700,0.0,0.0
2024-09-11 15:30:00-04:00,41.32899856567383,41.5099983215332,41.32899856567383,41.5099983215332,5006,0.0,0.0
2024-09-11 15:35:00-04:00,41.494998931884766,41.494998931884766,41.400001525878906,41.40999984741211,8076,0.0,0.0
2024-09-11 15:40:00-04:00,41.40999984741211,41.40999984741211,41.27000045776367,41.310001373291016,8627,0.0,0.0
2024-09-11 15:45:00-04:00,41.30099868774414,41.31999969482422,41.290000915527344,41.29199981689453,4608,0.0,0.0
2024-09-11 15:50:00-04:00,41.290000915527344,41.3849983215332,41.23099899291992,41.3849983215332,11251,0.0,0.0
2024-09-11 15:55:00-04:00,41.404998779296875,41.40999984741211,41.27000045776367,41.29999923706055,22888,0.0,0.0
2024-09-12 09:30:00-04:00,41.40999984741211,41.40999984741211,41.380001068115234,41.40999984741211,3387,0.0,0.0
2024-09-12 09:40:00-04:00,41.2599983215332,41.2599983215332,41.07099914550781,41.07099914550781,466,0.0,0.0
2024-09-12 09:45:00-04:00,41.099998474121094,41.099998474121094,40.93000030517578,40.97999954223633,1472,0.0,0.0
2024-09-12 09:50:00-04:00,40.94499969482422,41.02000045776367,40.94499969482422,41.01750183105469,3834,0.0,0.0
2024-09-12 09:55:00-04:00,41.02000045776367,41.04999923706055,41.02000045776367,41.04999923706055,693,0.0,0.0
2024-09-12 10:00:00-04:00,41.0,41.084999084472656,41.0,41.0099983215332,7182,0.0,0.0
2024-09-12 10:10:00-04:00,41.10499954223633,41.10499954223633,41.099998474121094,41.099998474121094,488,0.0,0.0
2024-09-12 10:20:00-04:00,41.119998931884766,41.119998931884766,41.119998931884766,41.119998931884766,846,0.0,0.0
2024-09-12 10:30:00-04:00,41.22700119018555,41.22700119018555,41.224998474121094,41.224998474121094,713,0.0,0.0
2024-09-12 10:40:00-04:00,41.38999938964844,41.39500045776367,41.38999938964844,41.39500045776367,1188,0.0,0.0
2024-09-12 10:45:00-04:00,41.400001525878906,41.400001525878906,41.400001525878906,41.400001525878906,672,0.0,0.0
2024-09-12 10:50:00-04:00,41.34000015258789,41.34000015258789,41.279998779296875,41.310001373291016,1645,0.0,0.0
2024-09-12 11:10:00-04:00,41.18000030517578,41.279998779296875,41.18000030517578,41.279998779296875,4580,0.0,0.0
2024-09-12 11:15:00-04:00,41.25,41.25,41.25,41.25,2033,0.0,0.0
2024-09-12 11:30:00-04:00,41.380001068115234,41.380001068115234,41.380001068115234,41.380001068115234,777,0.0,0.0
2024-09-12 11:50:00-04:00,41.27000045776367,41.27000045776367,41.27000045776367,41.27000045776367,1121,0.0,0.0
2024-09-12 11:55:00-04:00,41.189998626708984,41.189998626708984,41.189998626708984,41.189998626708984,328,0.0,0.0
2024-09-12 12:00:00-04:00,41.220001220703125,41.220001220703125,41.220001220703125,41.220001220703125,258,0.0,0.0
2024-09-12 12:05:00-04:00,41.220001220703125,41.220001220703125,41.220001220703125,41.220001220703125,436,0.0,0.0
2024-09-12 12:10:00-04:00,41.196998596191406,41.196998596191406,41.196998596191406,41.196998596191406,694,0.0,0.0
2024-09-12 12:15:00-04:00,41.189998626708984,41.220001220703125,41.189998626708984,41.209999084472656,2226,0.0,0.0
2024-09-12 12:25:00-04:00,41.119998931884766,41.16999816894531,41.119998931884766,41.16999816894531,680,0.0,0.0
2024-09-12 12:30:00-04:00,41.15999984741211,41.18000030517578,41.130001068115234,41.130001068115234,1705,0.0,0.0
2024-09-12 12:35:00-04:00,41.119998931884766,41.119998931884766,41.119998931884766,41.119998931884766,211,0.0,0.0
2024-09-12 12:40:00-04:00,41.119998931884766,41.15999984741211,41.119998931884766,41.15999984741211,853,0.0,0.0
2024-09-12 12:50:00-04:00,41.220001220703125,41.220001220703125,41.220001220703125,41.220001220703125,1086,0.0,0.0
2024-09-12 13:00:00-04:00,41.2599983215332,41.2599983215332,41.2599983215332,41.2599983215332,479,0.0,0.0
2024-09-12 13:10:00-04:00,41.220001220703125,41.2599983215332,41.220001220703125,41.2599983215332,1422,0.0,0.0
2024-09-12 13:15:00-04:00,41.2400016784668,41.2400016784668,41.220001220703125,41.22999954223633,818,0.0,0.0
2024-09-12 13:20:00-04:00,41.224998474121094,41.224998474121094,41.20000076293945,41.209999084472656,519,0.0,0.0
2024-09-12 13:25:00-04:00,41.209999084472656,41.244998931884766,41.209999084472656,41.2400016784668,1654,0.0,0.0
2024-09-12 13:30:00-04:00,41.2400016784668,41.29999923706055,41.2400016784668,41.27000045776367,2732,0.0,0.0
2024-09-12 13:35:00-04:00,41.310001373291016,41.310001373291016,41.310001373291016,41.310001373291016,521,0.0,0.0
2024-09-12 13:40:00-04:00,41.369998931884766,41.369998931884766,41.34000015258789,41.34000015258789,977,0.0,0.0
2024-09-12 13:45:00-04:00,41.35499954223633,41.35499954223633,41.35499954223633,41.35499954223633,556,0.0,0.0
2024-09-12 13:50:00-04:00,41.369998931884766,41.38999938964844,41.29999923706055,41.35499954223633,2829,0.0,0.0
2024-09-12 14:00:00-04:00,41.380001068115234,41.44499969482422,41.380001068115234,41.44499969482422,2026,0.0,0.0
2024-09-12 14:05:00-04:00,41.25,41.25,41.25,41.25,695,0.0,0.0
2024-09-12 14:10:00-04:00,41.2400016784668,41.2400016784668,41.189998626708984,41.189998626708984,931,0.0,0.0
2024-09-12 14:15:00-04:00,41.106998443603516,41.106998443603516,41.106998443603516,41.106998443603516,300,0.0,0.0
2024-09-12 14:30:00-04:00,41.11000061035156,41.125,41.11000061035156,41.1150016784668,3369,0.0,0.0
2024-09-12 14:40:00-04:00,41.13999938964844,41.14500045776367,41.13999938964844,41.14500045776367,1180,0.0,0.0
2024-09-12 14:45:00-04:00,41.130001068115234,41.13999938964844,41.099998474121094,41.13999938964844,3488,0.0,0.0
2024-09-12 14:50:00-04:00,41.13999938964844,41.13999938964844,41.040000915527344,41.08000183105469,2314,0.0,0.0
2024-09-12 14:55:00-04:00,41.099998474121094,41.099998474121094,41.099998474121094,41.099998474121094,1929,0.0,0.0
2024-09-12 15:00:00-04:00,41.060001373291016,41.06999969482422,41.040000915527344,41.04999923706055,2028,0.0,0.0
2024-09-12 15:05:00-04:00,41.029998779296875,41.09000015258789,41.029998779296875,41.060001373291016,8614,0.0,0.0
2024-09-12 15:10:00-04:00,41.06999969482422,41.125,41.06999969482422,41.099998474121094,2358,0.0,0.0
2024-09-12 15:15:00-04:00,41.09000015258789,41.09000015258789,41.09000015258789,41.09000015258789,576,0.0,0.0
2024-09-12 15:20:00-04:00,41.09000015258789,41.09000015258789,40.959999084472656,40.974998474121094,5520,0.0,0.0
2024-09-12 15:25:00-04:00,40.986000061035156,41.0,40.986000061035156,41.0,3105,0.0,0.0
2024-09-12 15:30:00-04:00,41.0,41.0,40.97999954223633,40.98500061035156,5943,0.0,0.0
2024-09-12 15:35:00-04:00,40.994998931884766,41.07500076293945,40.994998931884766,41.040000915527344,9864,0.0,0.0
2024-09-12 15:40:00-04:00,41.040000915527344,41.04999923706055,41.0,41.02000045776367,7543,0.0,0.0
2024-09-12 15:45:00-04:00,41.005001068115234,41.040000915527344,40.95100021362305,40.95100021362305,9912,0.0,0.0
2024-09-12 15:50:00-04:00,40.959999084472656,41.005001068115234,40.875,41.005001068115234,14417,0.0,0.0
2024-09-12 15:55:00-04:00,41.029998779296875,41.150001525878906,41.02000045776367,41.13999938964844,30174,0.0,0.0
2024-09-13 09:30:00-04:00,41.7599983215332,41.900001525878906,41.7599983215332,41.900001525878906,4675,0.0,0.0
2024-09-13 09:40:00-04:00,41.72249984741211,41.72249984741211,41.72249984741211,41.72249984741211,502,0.0,0.0
2024-09-13 09:45:00-04:00,41.619998931884766,41.709999084472656,41.619998931884766,41.630001068115234,1369,0.0,0.0
2024-09-13 09:50:00-04:00,41.720001220703125,41.72999954223633,41.70000076293945,41.72999954223633,1590,0.0,0.0
2024-09-13 09:55:00-04:00,41.90999984741211,41.93000030517578,41.90999984741211,41.93000030517578,1090,0.0,0.0
2024-09-13 10:00:00-04:00,41.79999923706055,41.79999923706055,41.779998779296875,41.779998779296875,428,0.0,0.0
2024-09-13 10:05:00-04:00,41.79499816894531,41.81999969482422,41.79499816894531,41.81999969482422,1436,0.0,0.0
2024-09-13 10:10:00-04:00,42.09000015258789,42.119998931884766,42.09000015258789,42.119998931884766,1682,0.0,0.0
2024-09-13 10:15:00-04:00,42.08000183105469,42.130001068115234,42.08000183105469,42.125,4384,0.0,0.0
2024-09-13 10:20:00-04:00,42.06999969482422,42.08000183105469,42.064998626708984,42.08000183105469,1190,0.0,0.0
2024-09-13 10:25:00-04:00,42.189998626708984,42.189998626708984,42.119998931884766,42.17499923706055,1186,0.0,0.0
2024-09-13 10:30:00-04:00,42.119998931884766,42.119998931884766,42.08000183105469,42.106998443603516,1967,0.0,0.0
2024-09-13 10:35:00-04:00,42.060001373291016,42.06999969482422,42.060001373291016,42.06999969482422,1589,0.0,0.0
2024-09-13 10:40:00-04:00,42.08000183105469,42.13999938964844,42.08000183105469,42.13999938964844,1068,0.0,0.0
2024-09-13 10:45:00-04:00,42.06999969482422,42.08000183105469,42.064998626708984,42.08000183105469,1113,0.0,0.0
2024-09-13 10:50:00-04:00,42.04499816894531,42.08000183105469,42.04499816894531,42.08000183105469,647,0.0,0.0
2024-09-13 10:55:00-04:00,42.099998474121094,42.11000061035156,41.974998474121094,41.974998474121094,1313,0.0,0.0
2024-09-13 11:00:00-04:00,41.959999084472656,41.959999084472656,41.89500045776367,41.89500045776367,535,0.0,0.0
2024-09-13 11:05:00-04:00,41.939998626708984,41.95000076293945,41.904998779296875,41.904998779296875,716,0.0,0.0
2024-09-13 11:10:00-04:00,41.904998779296875,41.904998779296875,41.86000061035156,41.86000061035156,1235,0.0,0.0
2024-09-13 11:15:00-04:00,41.85499954223633,41.85499954223633,41.75,41.7599983215332,5440,0.0,0.0
2024-09-13 11:20:00-04:00,41.75,41.790000915527344,41.7400016784668,41.75,7192,0.0,0.0
2024-09-13 11:25:00-04:00,41.75,41.790000915527344,41.70000076293945,41.75,22449,0.0,0.0
2024-09-13 11:30:00-04:00,41.720001220703125,41.73500061035156,41.720001220703125,41.73500061035156,655,0.0,0.0
2024-09-13 11:35:00-04:00,41.75,41.75,41.709999084472656,41.709999084472656,1297,0.0,0.0
2024-09-13 11:40:00-04:00,41.75,41.810001373291016,41.75,41.790000915527344,12405,0.0,0.0
2024-09-13 11:45:00-04:00,41.84000015258789,41.87200164794922,41.84000015258789,41.87200164794922,1199,0.0,0.0
2024-09-13 11:50:00-04:00,41.915000915527344,41.91999816894531,41.915000915527344,41.91999816894531,833,0.0,0.0
2024-09-13 11:55:00-04:00,41.959999084472656,41.959999084472656,41.959999084472656,41.959999084472656,103,0.0,0.0
2024-09-13 12:00:00-04:00,41.97999954223633,42.02000045776367,41.97999954223633,41.97999954223633,2415,0.0,0.0
2024-09-13 12:05:00-04:00,42.0,42.007999420166016,42.0,42.007999420166016,1275,0.0,0.0
2024-09-13 12:10:00-04:00,42.04999923706055,42.04999923706055,42.029998779296875,42.029998779296875,805,0.0,0.0
2024-09-13 12:15:00-04:00,42.06999969482422,42.06999969482422,42.06999969482422,42.06999969482422,364,0.0,0.0
2024-09-13 12:20:00-04:00,42.11000061035156,42.11000061035156,42.11000061035156,42.11000061035156,1087,0.0,0.0
2024-09-13 12:25:00-04:00,42.04999923706055,42.04999923706055,42.0,42.0099983215332,3029,0.0,0.0
2024-09-13 12:30:00-04:00,41.88999938964844,41.88999938964844,41.88999938964844,41.88999938964844,378,0.0,0.0
2024-09-13 12:35:00-04:00,41.89500045776367,41.95000076293945,41.8849983215332,41.8849983215332,4406,0.0,0.0
2024-09-13 12:40:00-04:00,41.939998626708984,41.9900016784668,41.93000030517578,41.9900016784668,1177,0.0,0.0
2024-09-13 12:55:00-04:00,41.98500061035156,41.98500061035156,41.90999984741211,41.90999984741211,1138,0.0,0.0
2024-09-13 13:00:00-04:00,41.91999816894531,41.959999084472656,41.91999816894531,41.93000030517578,987,0.0,0.0
2024-09-13 13:05:00-04:00,41.959999084472656,41.970001220703125,41.959999084472656,41.970001220703125,3446,0.0,0.0
2024-09-13 13:10:00-04:00,42.02000045776367,42.02000045776367,41.933799743652344,41.933799743652344,1016,0.0,0.0
2024-09-13 13:20:00-04:00,41.91999816894531,41.91999816894531,41.91999816894531,41.91999816894531,293,0.0,0.0
2024-09-13 13:25:00-04:00,42.0,42.0,41.91999816894531,41.93000030517578,2042,0.0,0.0
2024-09-13 13:30:00-04:00,41.95000076293945,42.029998779296875,41.95000076293945,42.029998779296875,1423,0.0,0.0
2024-09-13 13:40:00-04:00,42.029998779296875,42.060001373291016,42.029998779296875,42.060001373291016,366,0.0,0.0
2024-09-13 13:45:00-04:00,42.07500076293945,42.07500076293945,42.064998626708984,42.064998626708984,933,0.0,0.0
2024-09-13 13:50:00-04:00,42.099998474121094,42.099998474121094,42.02000045776367,42.02000045776367,1656,0.0,0.0
2024-09-13 13:55:00-04:00,42.0099983215332,42.0099983215332,42.0099983215332,42.0099983215332,1328,0.0,0.0
2024-09-13 14:05:00-04:00,41.97999954223633,42.04999923706055,41.97999954223633,42.04999923706055,2192,0.0,0.0
2024-09-13 14:10:00-04:00,42.02000045776367,42.02000045776367,42.02000045776367,42.02000045776367,144,0.0,0.0
2024-09-13 14:15:00-04:00,42.029998779296875,42.029998779296875,41.9900016784668,41.9900016784668,1032,0.0,0.0
2024-09-13 14:20:00-04:00,42.005001068115234,42.005001068115234,41.94499969482422,41.94499969482422,881,0.0,0.0
2024-09-13 14:25:00-04:00,41.900001525878906,41.900001525878906,41.900001525878906,41.900001525878906,740,0.0,0.0
2024-09-13 14:30:00-04:00,41.91999816894531,41.97999954223633,41.91999816894531,41.97999954223633,1760,0.0,0.0
2024-09-13 14:35:00-04:00,41.90999984741211,41.93199920654297,41.88999938964844,41.93199920654297,880,0.0,0.0
2024-09-13 14:40:00-04:00,41.95000076293945,41.959999084472656,41.939998626708984,41.959999084472656,1864,0.0,0.0
2024-09-13 14:45:00-04:00,42.040000915527344,42.040000915527344,41.9900016784668,42.0,1148,0.0,0.0
2024-09-13 14:50:00-04:00,41.970001220703125,41.970001220703125,41.90999984741211,41.90999984741211,599,0.0,0.0
2024-09-13 14:55:00-04:00,41.970001220703125,41.970001220703125,41.970001220703125,41.970001220703125,1400,0.0,0.0
2024-09-13 15:00:00-04:00,41.91999816894531,41.91999816894531,41.900001525878906,41.900001525878906,1036,0.0,0.0
2024-09-13 15:05:00-04:00,41.90999984741211,41.959999084472656,41.90999984741211,41.959999084472656,1183,0.0,0.0
2024-09-13 15:10:00-04:00,41.939998626708984,41.959999084472656,41.90999984741211,41.915000915527344,2486,0.0,0.0
2024-09-13 15:15:00-04:00,41.93000030517578,41.970001220703125,41.93000030517578,41.970001220703125,1112,0.0,0.0
2024-09-13 15:20:00-04:00,41.9900016784668,42.0,41.83000183105469,41.83000183105469,13575,0.0,0.0
2024-09-13 15:25:00-04:00,41.790000915527344,42.11000061035156,41.7400016784668,42.11000061035156,16359,0.0,0.0
2024-09-13 15:30:00-04:00,42.09000015258789,42.18000030517578,42.084999084472656,42.17499923706055,5492,0.0,0.0
2024-09-13 15:35:00-04:00,42.18000030517578,42.18000030517578,42.095001220703125,42.13999938964844,3622,0.0,0.0
2024-09-13 15:40:00-04:00,42.14500045776367,42.14500045776367,42.09000015258789,42.09000015258789,4110,0.0,0.0
2024-09-13 15:45:00-04:00,42.11000061035156,42.22999954223633,42.11000061035156,42.154998779296875,6097,0.0,0.0
2024-09-13 15:50:00-04:00,42.15399932861328,42.279998779296875,42.15399932861328,42.279998779296875,10335,0.0,0.0
2024-09-13 15:55:00-04:00,42.290000915527344,42.34000015258789,42.290000915527344,42.33000183105469,26766,0.0,0.0
2024-09-16 09:30:00-04:00,42.470001220703125,42.96670150756836,42.470001220703125,42.96670150756836,3251,0.0,0.0
2024-09-16 09:35:00-04:00,42.2400016784668,42.2400016784668,42.04999923706055,42.04999923706055,1461,0.0,0.0
2024-09-16 09:40:00-04:00,42.06999969482422,42.06999969482422,41.79999923706055,41.79999923706055,1376,0.0,0.0
2024-09-16 09:45:00-04:00,41.709999084472656,41.724998474121094,41.709999084472656,41.724998474121094,1395,0.0,0.0
2024-09-16 09:50:00-04:00,41.83000183105469,41.915000915527344,41.83000183105469,41.915000915527344,1401,0.0,0.0
2024-09-16 09:55:00-04:00,41.97999954223633,41.98500061035156,41.97999954223633,41.98500061035156,2657,0.0,0.0
2024-09-16 10:00:00-04:00,42.04999923706055,42.04999923706055,41.9900016784668,42.029998779296875,3843,0.0,0.0
2024-09-16 10:05:00-04:00,42.0099983215332,42.185001373291016,42.0,42.185001373291016,1575,0.0,0.0
2024-09-16 10:10:00-04:00,42.25,42.310001373291016,42.20000076293945,42.20000076293945,2001,0.0,0.0
2024-09-16 10:15:00-04:00,42.2400016784668,42.3650016784668,42.2400016784668,42.3650016784668,1112,0.0,0.0
2024-09-16 10:20:00-04:00,42.3650016784668,42.45000076293945,42.33000183105469,42.369998931884766,2470,0.0,0.0
2024-09-16 10:25:00-04:00,42.319000244140625,42.319000244140625,42.244998931884766,42.244998931884766,1184,0.0,0.0
2024-09-16 10:30:00-04:00,42.20199966430664,42.20199966430664,42.189998626708984,42.20000076293945,1007,0.0,0.0
2024-09-16 10:35:00-04:00,42.189998626708984,42.27000045776367,42.189998626708984,42.255001068115234,634,0.0,0.0
2024-09-16 10:40:00-04:00,42.244998931884766,42.369998931884766,42.244998931884766,42.369998931884766,16532,0.0,0.0
2024-09-16 10:45:00-04:00,42.43000030517578,42.45000076293945,42.43000030517578,42.43000030517578,893,0.0,0.0
2024-09-16 10:50:00-04:00,42.529998779296875,42.529998779296875,42.470001220703125,42.470001220703125,618,0.0,0.0
2024-09-16 10:55:00-04:00,42.53499984741211,42.53499984741211,42.53499984741211,42.53499984741211,305,0.0,0.0
2024-09-16 11:00:00-04:00,42.56999969482422,42.638999938964844,42.564998626708984,42.638999938964844,1530,0.0,0.0
2024-09-16 11:05:00-04:00,42.650001525878906,42.724998474121094,42.650001525878906,42.66999816894531,1528,0.0,0.0
2024-09-16 11:10:00-04:00,42.73500061035156,42.73500061035156,42.65999984741211,42.65999984741211,1507,0.0,0.0
2024-09-16 11:15:00-04:00,42.66999816894531,42.66999816894531,42.66999816894531,42.66999816894531,724,0.0,0.0
2024-09-16 11:20:00-04:00,42.650001525878906,42.685001373291016,42.619998931884766,42.685001373291016,1918,0.0,0.0
2024-09-16 11:25:00-04:00,42.66999816894531,42.66999816894531,42.630001068115234,42.630001068115234,564,0.0,0.0
2024-09-16 11:30:00-04:00,42.61000061035156,42.61000061035156,42.56999969482422,42.584999084472656,2184,0.0,0.0
2024-09-16 11:40:00-04:00,42.61000061035156,42.61000061035156,42.59000015258789,42.59000015258789,1266,0.0,0.0
2024-09-16 11:45:00-04:00,42.66999816894531,42.720001220703125,42.66999816894531,42.720001220703125,802,0.0,0.0
2024-09-16 11:50:00-04:00,42.79499816894531,42.810001373291016,42.7599983215332,42.810001373291016,1758,0.0,0.0
2024-09-16 11:55:00-04:00,42.81999969482422,42.834999084472656,42.80609893798828,42.83000183105469,1886,0.0,0.0
2024-09-16 12:00:00-04:00,42.86000061035156,42.92499923706055,42.86000061035156,42.92499923706055,1563,0.0,0.0
2024-09-16 12:05:00-04:00,43.0,43.06999969482422,42.98500061035156,43.06999969482422,1362,0.0,0.0
2024-09-16 12:10:00-04:00,43.029998779296875,43.029998779296875,43.0,43.0,757,0.0,0.0
2024-09-16 12:15:00-04:00,42.95000076293945,42.97999954223633,42.939998626708984,42.97999954223633,2508,0.0,0.0
2024-09-16 12:20:00-04:00,42.9900016784668,42.9900016784668,42.98500061035156,42.98500061035156,1164,0.0,0.0
2024-09-16 12:25:00-04:00,42.970001220703125,43.04499816894531,42.970001220703125,43.040000915527344,775,0.0,0.0
2024-09-16 12:30:00-04:00,43.025001525878906,43.02539825439453,43.0099983215332,43.0099983215332,655,0.0,0.0
2024-09-16 12:35:00-04:00,43.029998779296875,43.029998779296875,42.97999954223633,42.97999954223633,2887,0.0,0.0
2024-09-16 12:40:00-04:00,43.0,43.0,42.9900016784668,42.9900016784668,1106,0.0,0.0
2024-09-16 12:45:00-04:00,42.97999954223633,42.97999954223633,42.970001220703125,42.970001220703125,417,0.0,0.0
2024-09-16 12:50:00-04:00,42.970001220703125,43.02000045776367,42.970001220703125,43.02000045776367,1301,0.0,0.0
2024-09-16 12:55:00-04:00,42.974998474121094,42.9900016784668,42.974998474121094,42.98249816894531,972,0.0,0.0
2024-09-16 13:00:00-04:00,42.95000076293945,42.95000076293945,42.93000030517578,42.93000030517578,1238,0.0,0.0
2024-09-16 13:05:00-04:00,42.91999816894531,42.91999816894531,42.875,42.900001525878906,1060,0.0,0.0
2024-09-16 13:10:00-04:00,42.915000915527344,42.915000915527344,42.900001525878906,42.900001525878906,742,0.0,0.0
2024-09-16 13:15:00-04:00,42.90999984741211,42.93000030517578,42.90999984741211,42.91999816894531,1090,0.0,0.0
2024-09-16 13:20:00-04:00,42.915000915527344,42.95500183105469,42.915000915527344,42.95500183105469,1507,0.0,0.0
2024-09-16 13:25:00-04:00,42.93000030517578,42.93000030517578,42.875,42.875,1376,0.0,0.0
2024-09-16 13:30:00-04:00,42.869998931884766,42.869998931884766,42.83000183105469,42.83000183105469,601,0.0,0.0
2024-09-16 13:35:00-04:00,42.849998474121094,42.849998474121094,42.834999084472656,42.834999084472656,1063,0.0,0.0
2024-09-16 13:40:00-04:00,42.88999938964844,42.88999938964844,42.88999938964844,42.88999938964844,101,0.0,0.0
2024-09-16 13:45:00-04:00,42.90999984741211,42.90999984741211,42.779998779296875,42.779998779296875,2002,0.0,0.0
2024-09-16 13:50:00-04:00,42.75,42.77000045776367,42.75,42.75,993,0.0,0.0
2024-09-16 13:55:00-04:00,42.709999084472656,42.709999084472656,42.709999084472656,42.709999084472656,448,0.0,0.0
2024-09-16 14:00:00-04:00,42.68000030517578,42.68000030517578,42.65019989013672,42.65019989013672,1811,0.0,0.0
2024-09-16 14:05:00-04:00,42.720001220703125,42.72999954223633,42.720001220703125,42.72999954223633,1220,0.0,0.0
2024-09-16 14:10:00-04:00,42.790000915527344,42.790000915527344,42.7599983215332,42.7599983215332,1246,0.0,0.0
2024-09-16 14:15:00-04:00,42.75,42.75,42.75,42.75,420,0.0,0.0
2024-09-16 14:20:00-04:00,42.77000045776367,42.77000045776367,42.77000045776367,42.77000045776367,247,0.0,0.0
2024-09-16 14:25:00-04:00,42.77000045776367,42.81999969482422,42.77000045776367,42.81999969482422,1862,0.0,0.0
2024-09-16 14:35:00-04:00,42.810001373291016,42.810001373291016,42.75,42.7599983215332,3934,0.0,0.0
2024-09-16 14:40:00-04:00,42.709999084472656,42.709999084472656,42.69499969482422,42.69499969482422,717,0.0,0.0
2024-09-16 14:45:00-04:00,42.66400146484375,42.72999954223633,42.66400146484375,42.72999954223633,1228,0.0,0.0
2024-09-16 14:50:00-04:00,42.71500015258789,42.71500015258789,42.71500015258789,42.71500015258789,204,0.0,0.0
2024-09-16 14:55:00-04:00,42.7400016784668,42.7599983215332,42.7400016784668,42.7599983215332,1236,0.0,0.0
2024-09-16 15:00:00-04:00,42.790000915527344,42.790000915527344,42.72999954223633,42.7400016784668,2040,0.0,0.0
2024-09-16 15:05:00-04:00,42.75,42.779998779296875,42.75,42.75,1739,0.0,0.0
2024-09-16 15:10:00-04:00,42.779998779296875,42.779998779296875,42.75,42.75,1935,0.0,0.0
2024-09-16 15:15:00-04:00,42.720001220703125,42.720001220703125,42.720001220703125,42.720001220703125,1691,0.0,0.0
2024-09-16 15:20:00-04:00,42.7140007019043,42.7140007019043,42.689998626708984,42.689998626708984,1176,0.0,0.0
2024-09-16 15:25:00-04:00,42.709999084472656,42.84000015258789,42.709999084472656,42.84000015258789,6451,0.0,0.0
2024-09-16 15:30:00-04:00,42.810001373291016,42.84000015258789,42.72999954223633,42.75,6656,0.0,0.0
2024-09-16 15:35:00-04:00,42.73500061035156,42.744998931884766,42.72999954223633,42.72999954223633,2175,0.0,0.0
2024-09-16 15:40:00-04:00,42.7400016784668,42.7400016784668,42.66999816894531,42.70000076293945,5695,0.0,0.0
2024-09-16 15:45:00-04:00,42.720001220703125,42.7599983215332,42.720001220703125,42.7400016784668,3993,0.0,0.0
2024-09-16 15:50:00-04:00,42.7400016784668,42.81999969482422,42.70000076293945,42.81999969482422,10955,0.0,0.0
2024-09-16 15:55:00-04:00,42.81999969482422,42.83000183105469,42.7599983215332,42.810001373291016,26766,0.0,0.0
2024-09-17 09:30:00-04:00,43.279998779296875,43.279998779296875,43.279998779296875,43.279998779296875,2177,0.0,0.0
2024-09-17 09:35:00-04:00,43.08000183105469,43.08000183105469,43.08000183105469,43.08000183105469,1180,0.0,0.0
2024-09-17 09:40:00-04:00,42.8650016784668,43.08000183105469,42.86000061035156,42.8650016784668,3810,0.0,0.0
2024-09-17 09:45:00-04:00,43.02000045776367,43.06999969482422,42.8650016784668,43.04999923706055,2169,0.0,0.0
2024-09-17 09:50:00-04:00,43.04999923706055,43.224998474121094,43.04499816894531,43.15999984741211,4250,0.0,0.0
2024-09-17 09:55:00-04:00,42.994998931884766,42.994998931884766,42.974998474121094,42.974998474121094,476,0.0,0.0
2024-09-17 10:00:00-04:00,42.97999954223633,42.9900016784668,42.779998779296875,42.96500015258789,2023,0.0,0.0
2024-09-17 10:05:00-04:00,42.997501373291016,43.005001068115234,42.997501373291016,43.005001068115234,919,0.0,0.0
2024-09-17 10:10:00-04:00,43.03499984741211,43.03499984741211,42.93000030517578,43.029998779296875,1236,0.0,0.0
2024-09-17 10:15:00-04:00,43.119998931884766,43.2400016784668,43.119998931884766,43.16999816894531,2881,0.0,0.0
2024-09-17 10:20:00-04:00,43.25,43.599998474121094,43.25,43.599998474121094,16795,0.0,0.0
2024-09-17 10:25:00-04:00,43.58000183105469,43.66999816894531,43.47999954223633,43.540000915527344,2623,0.0,0.0
2024-09-17 10:30:00-04:00,43.540000915527344,43.540000915527344,43.43000030517578,43.46500015258789,3466,0.0,0.0
2024-09-17 10:35:00-04:00,43.529998779296875,43.529998779296875,43.529998779296875,43.529998779296875,1128,0.0,0.0
2024-09-17 10:45:00-04:00,43.689998626708984,43.70000076293945,43.65999984741211,43.65999984741211,2832,0.0,0.0
2024-09-17 10:55:00-04:00,43.5099983215332,43.56999969482422,43.5099983215332,43.56999969482422,957,0.0,0.0
2024-09-17 11:00:00-04:00,43.630001068115234,43.68000030517578,43.630001068115234,43.650001525878906,2539,0.0,0.0
2024-09-17 11:05:00-04:00,43.720001220703125,43.75,43.720001220703125,43.75,553,0.0,0.0
2024-09-17 11:10:00-04:00,43.775001525878906,43.775001525878906,43.68000030517578,43.68000030517578,926,0.0,0.0
2024-09-17 11:15:00-04:00,43.689998626708984,43.81999969482422,43.689998626708984,43.81999969482422,997,0.0,0.0
2024-09-17 11:20:00-04:00,43.81999969482422,43.81999969482422,43.81999969482422,43.81999969482422,8973,0.0,0.0
2024-09-17 11:25:00-04:00,43.880001068115234,43.91999816894531,43.86000061035156,43.91999816894531,2524,0.0,0.0
2024-09-17 11:30:00-04:00,43.88999938964844,43.939998626708984,43.88999938964844,43.939998626708984,987,0.0,0.0
2024-09-17 11:35:00-04:00,43.91999816894531,44.099998474121094,43.91999816894531,44.099998474121094,1370,0.0,0.0
2024-09-17 11:40:00-04:00,44.040000915527344,44.040000915527344,44.040000915527344,44.040000915527344,1241,0.0,0.0
2024-09-17 11:45:00-04:00,43.9900016784668,43.9900016784668,43.93000030517578,43.93000030517578,497,0.0,0.0
2024-09-17 11:50:00-04:00,43.900001525878906,43.900001525878906,43.900001525878906,43.900001525878906,833,0.0,0.0
2024-09-17 11:55:00-04:00,43.775001525878906,43.775001525878906,43.775001525878906,43.775001525878906,562,0.0,0.0
2024-09-17 12:00:00-04:00,43.66999816894531,43.689998626708984,43.66999816894531,43.689998626708984,1040,0.0,0.0
2024-09-17 12:10:00-04:00,43.67499923706055,43.69499969482422,43.67499923706055,43.69499969482422,1241,0.0,0.0
2024-09-17 12:20:00-04:00,43.75,43.79999923706055,43.75,43.75,3720,0.0,0.0
2024-09-17 12:25:00-04:00,43.779998779296875,43.81999969482422,43.72999954223633,43.81999969482422,1310,0.0,0.0
2024-09-17 12:30:00-04:00,43.81999969482422,43.82500076293945,43.7599983215332,43.775001525878906,11774,0.0,0.0
2024-09-17 12:35:00-04:00,43.66999816894531,43.66999816894531,43.625,43.625,1867,0.0,0.0
2024-09-17 12:40:00-04:00,43.599998474121094,43.599998474121094,43.52000045776367,43.52000045776367,771,0.0,0.0
2024-09-17 12:45:00-04:00,43.51499938964844,43.51499938964844,43.51499938964844,43.51499938964844,891,0.0,0.0
2024-09-17 12:50:00-04:00,43.2400016784668,43.31999969482422,43.20000076293945,43.31999969482422,2278,0.0,0.0
2024-09-17 12:55:00-04:00,43.22999954223633,43.22999954223633,43.04999923706055,43.04999923706055,2437,0.0,0.0
2024-09-17 13:00:00-04:00,43.08000183105469,43.130001068115234,43.060001373291016,43.130001068115234,2173,0.0,0.0
2024-09-17 13:05:00-04:00,43.119998931884766,43.119998931884766,43.119998931884766,43.119998931884766,630,0.0,0.0
2024-09-17 13:10:00-04:00,43.10499954223633,43.10499954223633,43.0,43.029998779296875,2255,0.0,0.0
2024-09-17 13:15:00-04:00,43.029998779296875,43.08000183105469,43.029998779296875,43.08000183105469,2074,0.0,0.0
2024-09-17 13:20:00-04:00,43.09000015258789,43.125,43.09000015258789,43.125,676,0.0,0.0
2024-09-17 13:25:00-04:00,43.11000061035156,43.11000061035156,43.09000015258789,43.09000015258789,491,0.0,0.0
2024-09-17 13:30:00-04:00,43.04999923706055,43.20000076293945,43.04999923706055,43.09000015258789,2892,0.0,0.0
2024-09-17 13:35:00-04:00,43.09000015258789,43.119998931884766,43.09000015258789,43.119998931884766,1600,0.0,0.0
2024-09-17 13:40:00-04:00,43.029998779296875,43.029998779296875,42.935001373291016,42.935001373291016,773,0.0,0.0
2024-09-17 13:45:00-04:00,42.935001373291016,43.119998931884766,42.935001373291016,43.119998931884766,1821,0.0,0.0
2024-09-17 13:50:00-04:00,43.18000030517578,43.189998626708984,43.15999984741211,43.17499923706055,863,0.0,0.0
2024-09-17 13:55:00-04:00,43.20000076293945,43.23500061035156,43.17499923706055,43.209999084472656,1804,0.0,0.0
2024-09-17 14:00:00-04:00,43.20000076293945,43.224998474121094,43.189998626708984,43.224998474121094,1850,0.0,0.0
2024-09-17 14:05:00-04:00,43.18000030517578,43.18000030517578,43.114898681640625,43.114898681640625,922,0.0,0.0
2024-09-17 14:10:00-04:00,43.119998931884766,43.1349983215332,43.09000015258789,43.09000015258789,2760,0.0,0.0
2024-09-17 14:15:00-04:00,43.060001373291016,43.09000015258789,43.040000915527344,43.08000183105469,2006,0.0,0.0
2024-09-17 14:20:00-04:00,43.099998474121094,43.130001068115234,43.099998474121094,43.130001068115234,1705,0.0,0.0
2024-09-17 14:25:00-04:00,43.119998931884766,43.150001525878906,43.119998931884766,43.150001525878906,3776,0.0,0.0
2024-09-17 14:30:00-04:00,43.150001525878906,43.150001525878906,43.13999938964844,43.13999938964844,1566,0.0,0.0
2024-09-17 14:35:00-04:00,43.1349983215332,43.1349983215332,43.11000061035156,43.11000061035156,586,0.0,0.0
2024-09-17 14:40:00-04:00,43.16999816894531,43.16999816894531,43.16999816894531,43.16999816894531,1983,0.0,0.0
2024-09-17 14:45:00-04:00,43.16999816894531,43.16999816894531,43.11000061035156,43.11000061035156,3311,0.0,0.0
2024-09-17 14:50:00-04:00,43.13999938964844,43.20000076293945,43.130001068115234,43.20000076293945,2282,0.0,0.0
2024-09-17 14:55:00-04:00,43.189998626708984,43.189998626708984,43.189998626708984,43.189998626708984,1242,0.0,0.0
2024-09-17 15:00:00-04:00,43.150001525878906,43.150001525878906,43.1349983215332,43.1349983215332,1971,0.0,0.0
2024-09-17 15:05:00-04:00,43.09000015258789,43.10499954223633,43.084999084472656,43.099998474121094,2528,0.0,0.0
2024-09-17 15:10:00-04:00,43.09000015258789,43.11000061035156,43.08700180053711,43.11000061035156,1432,0.0,0.0
2024-09-17 15:15:00-04:00,43.119998931884766,43.12200164794922,43.040000915527344,43.04499816894531,3435,0.0,0.0
2024-09-17 15:20:00-04:00,43.029998779296875,43.029998779296875,42.93000030517578,42.970001220703125,3349,0.0,0.0
2024-09-17 15:25:00-04:00,42.97999954223633,43.060001373291016,42.97999954223633,43.0099983215332,4004,0.0,0.0
2024-09-17 15:30:00-04:00,42.91999816894531,42.959999084472656,42.88999938964844,42.959999084472656,2523,0.0,0.0
2024-09-17 15:35:00-04:00,42.96500015258789,43.040000915527344,42.95100021362305,43.040000915527344,5452,0.0,0.0
2024-09-17 15:40:00-04:00,43.060001373291016,43.06999969482422,42.92100143432617,42.92100143432617,3880,0.0,0.0
2024-09-17 15:45:00-04:00,42.95000076293945,43.0099983215332,42.95000076293945,42.974998474121094,5524,0.0,0.0
2024-09-17 15:50:00-04:00,42.9900016784668,43.09000015258789,42.970001220703125,43.04999923706055,8237,0.0,0.0
2024-09-17 15:55:00-04:00,43.040000915527344,43.08000183105469,42.9900016784668,43.08000183105469,27057,0.0,0.0
2024-09-18 09:30:00-04:00,43.099998474121094,43.099998474121094,43.099998474121094,43.099998474121094,1348,0.0,0.0
2024-09-18 09:40:00-04:00,43.150001525878906,43.290000915527344,43.150001525878906,43.290000915527344,1272,0.0,0.0
2024-09-18 09:45:00-04:00,43.25,43.349998474121094,43.209999084472656,43.349998474121094,1539,0.0,0.0
2024-09-18 09:55:00-04:00,43.09000015258789,43.185001373291016,43.040000915527344,43.040000915527344,1839,0.0,0.0
2024-09-18 10:00:00-04:00,43.04499816894531,43.04499816894531,42.95000076293945,42.95000076293945,854,0.0,0.0
2024-09-18 10:05:00-04:00,42.96500015258789,42.970001220703125,42.939998626708984,42.94499969482422,2318,0.0,0.0
2024-09-18 10:10:00-04:00,42.869998931884766,43.0,42.869998931884766,42.8849983215332,2221,0.0,0.0
2024-09-18 10:15:00-04:00,42.88999938964844,42.88999938964844,42.8849983215332,42.8849983215332,670,0.0,0.0
2024-09-18 10:20:00-04:00,42.880001068115234,42.880001068115234,42.880001068115234,42.880001068115234,1798,0.0,0.0
2024-09-18 10:25:00-04:00,42.54999923706055,42.70000076293945,42.54999923706055,42.689998626708984,1615,0.0,0.0
2024-09-18 10:30:00-04:00,42.52000045776367,42.597999572753906,42.52000045776367,42.597999572753906,1493,0.0,0.0
2024-09-18 10:40:00-04:00,42.61000061035156,42.61000061035156,42.61000061035156,42.61000061035156,571,0.0,0.0
2024-09-18 10:50:00-04:00,42.47999954223633,42.63999938964844,42.470001220703125,42.61000061035156,2808,0.0,0.0
2024-09-18 10:55:00-04:00,42.709999084472656,42.709999084472656,42.70500183105469,42.70500183105469,1165,0.0,0.0
2024-09-18 11:00:00-04:00,42.7400016784668,42.77000045776367,42.7400016784668,42.77000045776367,2123,0.0,0.0
2024-09-18 11:05:00-04:00,42.78499984741211,42.78499984741211,42.71009826660156,42.77000045776367,657,0.0,0.0
2024-09-18 11:10:00-04:00,42.7599983215332,42.7599983215332,42.7599983215332,42.7599983215332,1031,0.0,0.0
2024-09-18 11:15:00-04:00,42.720001220703125,42.73500061035156,42.720001220703125,42.72999954223633,949,0.0,0.0
2024-09-18 11:20:00-04:00,42.73500061035156,42.810001373291016,42.73500061035156,42.7400016784668,890,0.0,0.0
2024-09-18 11:25:00-04:00,42.755001068115234,42.77000045776367,42.7400016784668,42.7400016784668,1534,0.0,0.0
2024-09-18 11:30:00-04:00,42.70000076293945,42.709999084472656,42.70000076293945,42.709999084472656,788,0.0,0.0
2024-09-18 11:35:00-04:00,42.724998474121094,42.76900100708008,42.720001220703125,42.720001220703125,1464,0.0,0.0
2024-09-18 11:40:00-04:00,42.77000045776367,42.790000915527344,42.7599983215332,42.7599983215332,1625,0.0,0.0
2024-09-18 11:45:00-04:00,42.689998626708984,42.689998626708984,42.689998626708984,42.689998626708984,1330,0.0,0.0
2024-09-18 11:50:00-04:00,42.72999954223633,42.72999954223633,42.72999954223633,42.72999954223633,317,0.0,0.0
2024-09-18 11:55:00-04:00,42.689998626708984,42.70000076293945,42.689998626708984,42.70000076293945,823,0.0,0.0
2024-09-18 12:00:00-04:00,42.68000030517578,42.68000030517578,42.630001068115234,42.65999984741211,1938,0.0,0.0
2024-09-18 12:05:00-04:00,42.66999816894531,42.66999816894531,42.66999816894531,42.66999816894531,328,0.0,0.0
2024-09-18 12:10:00-04:00,42.75,42.75,42.709999084472656,42.709999084472656,1029,0.0,0.0
2024-09-18 12:15:00-04:00,42.654998779296875,42.654998779296875,42.654998779296875,42.654998779296875,632,0.0,0.0
2024-09-18 12:20:00-04:00,42.630001068115234,42.630001068115234,42.619998931884766,42.619998931884766,788,0.0,0.0
2024-09-18 12:25:00-04:00,42.650001525878906,42.650001525878906,42.64500045776367,42.64500045776367,1518,0.0,0.0
2024-09-18 12:30:00-04:00,42.63999938964844,42.63999938964844,42.63999938964844,42.63999938964844,827,0.0,0.0
2024-09-18 12:40:00-04:00,42.62900161743164,42.62900161743164,42.58000183105469,42.58000183105469,494,0.0,0.0
2024-09-18 12:45:00-04:00,42.619998931884766,42.619998931884766,42.595001220703125,42.595001220703125,387,0.0,0.0
2024-09-18 12:50:00-04:00,42.54999923706055,42.54999923706055,42.54999923706055,42.54999923706055,885,0.0,0.0
2024-09-18 12:55:00-04:00,42.6150016784668,42.619998931884766,42.599998474121094,42.619998931884766,549,0.0,0.0
2024-09-18 13:00:00-04:00,42.59000015258789,42.59000015258789,42.59000015258789,42.59000015258789,711,0.0,0.0
2024-09-18 13:05:00-04:00,42.599998474121094,42.619998931884766,42.58000183105469,42.61000061035156,1343,0.0,0.0
2024-09-18 13:10:00-04:00,42.63999938964844,42.65999984741211,42.63999938964844,42.65999984741211,1158,0.0,0.0
2024-09-18 13:15:00-04:00,42.68000030517578,42.68000030517578,42.68000030517578,42.68000030517578,319,0.0,0.0
2024-09-18 13:20:00-04:00,42.68000030517578,42.73500061035156,42.68000030517578,42.709999084472656,1172,0.0,0.0
2024-09-18 13:25:00-04:00,42.68000030517578,42.72700119018555,42.68000030517578,42.72700119018555,924,0.0,0.0
2024-09-18 13:30:00-04:00,42.7599983215332,42.779998779296875,42.7599983215332,42.779998779296875,653,0.0,0.0
2024-09-18 13:35:00-04:00,42.849998474121094,42.849998474121094,42.79999923706055,42.81999969482422,1254,0.0,0.0
2024-09-18 13:40:00-04:00,42.86000061035156,42.86000061035156,42.81999969482422,42.81999969482422,1174,0.0,0.0
2024-09-18 13:45:00-04:00,42.7599983215332,42.7599983215332,42.7599983215332,42.7599983215332,217,0.0,0.0
2024-09-18 13:50:00-04:00,42.779998779296875,42.78499984741211,42.779998779296875,42.78499984741211,1268,0.0,0.0
2024-09-18 13:55:00-04:00,42.85499954223633,42.88999938964844,42.85499954223633,42.88999938964844,1080,0.0,0.0
2024-09-18 14:00:00-04:00,42.869998931884766,43.630001068115234,42.869998931884766,43.59000015258789,5159,0.0,0.0
2024-09-18 14:05:00-04:00,43.59000015258789,43.77000045776367,43.59000015258789,43.619998931884766,1679,0.0,0.0
2024-09-18 14:10:00-04:00,43.625,43.84000015258789,43.400001525878906,43.6150016784668,7928,0.0,0.0
2024-09-18 14:15:00-04:00,43.689998626708984,44.040000915527344,43.65999984741211,43.970001220703125,9198,0.0,0.0
2024-09-18 14:20:00-04:00,44.125,44.13999938964844,43.939998626708984,43.939998626708984,3325,0.0,0.0
2024-09-18 14:25:00-04:00,43.959999084472656,44.060001373291016,43.95000076293945,43.9900016784668,10098,0.0,0.0
2024-09-18 14:30:00-04:00,44.11000061035156,44.38249969482422,44.11000061035156,44.38249969482422,7155,0.0,0.0
2024-09-18 14:35:00-04:00,44.439998626708984,44.63999938964844,44.099998474121094,44.61000061035156,16118,0.0,0.0
2024-09-18 14:40:00-04:00,44.4900016784668,44.630001068115234,43.880001068115234,43.880001068115234,12113,0.0,0.0
2024-09-18 14:45:00-04:00,43.77000045776367,44.3650016784668,43.77000045776367,44.1349983215332,7109,0.0,0.0
2024-09-18 14:50:00-04:00,44.099998474121094,44.209999084472656,44.06999969482422,44.209999084472656,5916,0.0,0.0
2024-09-18 14:55:00-04:00,44.16999816894531,44.16999816894531,43.619998931884766,43.619998931884766,1935,0.0,0.0
2024-09-18 15:00:00-04:00,43.58000183105469,43.650001525878906,43.4900016784668,43.650001525878906,4222,0.0,0.0
2024-09-18 15:05:00-04:00,43.33000183105469,43.349998474121094,43.272499084472656,43.349998474121094,2223,0.0,0.0
2024-09-18 15:10:00-04:00,43.45000076293945,43.82500076293945,43.45000076293945,43.82500076293945,3362,0.0,0.0
2024-09-18 15:15:00-04:00,43.7400016784668,43.7400016784668,43.70000076293945,43.70000076293945,2965,0.0,0.0
2024-09-18 15:20:00-04:00,43.56999969482422,43.56999969482422,43.30500030517578,43.4900016784668,3585,0.0,0.0
2024-09-18 15:25:00-04:00,43.560001373291016,43.7599983215332,43.560001373291016,43.66999816894531,5016,0.0,0.0
2024-09-18 15:30:00-04:00,43.625,43.65999984741211,43.25,43.25,5319,0.0,0.0
2024-09-18 15:35:00-04:00,43.25,43.38999938964844,43.16999816894531,43.29999923706055,7626,0.0,0.0
2024-09-18 15:40:00-04:00,43.28499984741211,43.349998474121094,43.279998779296875,43.290000915527344,6623,0.0,0.0
2024-09-18 15:45:00-04:00,43.2400016784668,43.30500030517578,43.18000030517578,43.25,5758,0.0,0.0
2024-09-18 15:50:00-04:00,43.19499969482422,43.310001373291016,43.189998626708984,43.2400016784668,9666,0.0,0.0
2024-09-18 15:55:00-04:00,43.209999084472656,43.27000045776367,43.04999923706055,43.130001068115234,28976,0.0,0.0
2024-09-19 09:30:00-04:00,44.220001220703125,44.2400016784668,44.15999984741211,44.2400016784668,2931,0.0,0.0
2024-09-19 09:35:00-04:00,44.15999984741211,44.40999984741211,44.060001373291016,44.130001068115234,1426,0.0,0.0
2024-09-19 09:40:00-04:00,44.310001373291016,44.36000061035156,43.66999816894531,43.66999816894531,6782,0.0,0.0
2024-09-19 09:45:00-04:00,43.52000045776367,43.779998779296875,43.52000045776367,43.73500061035156,2600,0.0,0.0
2024-09-19 09:50:00-04:00,43.810001373291016,44.0099983215332,43.689998626708984,44.0099983215332,3124,0.0,0.0
2024-09-19 09:55:00-04:00,44.09000015258789,44.130001068115234,43.959999084472656,43.959999084472656,2595,0.0,0.0
2024-09-19 10:00:00-04:00,43.939998626708984,43.939998626708984,43.849998474121094,43.849998474121094,1645,0.0,0.0
2024-09-19 10:05:00-04:00,43.84000015258789,43.84000015258789,43.79499816894531,43.8025016784668,1147,0.0,0.0
2024-09-19 10:10:00-04:00,43.66999816894531,44.11000061035156,43.66999816894531,44.057498931884766,4919,0.0,0.0
2024-09-19 10:15:00-04:00,44.07500076293945,44.209999084472656,44.07500076293945,44.209999084472656,993,0.0,0.0
2024-09-19 10:20:00-04:00,44.20000076293945,44.20000076293945,44.130001068115234,44.130001068115234,1929,0.0,0.0
2024-09-19 10:25:00-04:00,44.29999923706055,44.3849983215332,44.290000915527344,44.290000915527344,6304,0.0,0.0
2024-09-19 10:30:00-04:00,44.30500030517578,44.349998474121094,44.220001220703125,44.2599983215332,3157,0.0,0.0
2024-09-19 10:35:00-04:00,44.25,44.349998474121094,44.220001220703125,44.349998474121094,3614,0.0,0.0
2024-09-19 10:45:00-04:00,43.95000076293945,43.95000076293945,43.90999984741211,43.90999984741211,800,0.0,0.0
2024-09-19 10:50:00-04:00,43.92499923706055,43.93000030517578,43.92499923706055,43.93000030517578,1026,0.0,0.0
2024-09-19 10:55:00-04:00,43.79999923706055,43.79999923706055,43.79999923706055,43.79999923706055,706,0.0,0.0
2024-09-19 11:00:00-04:00,43.790000915527344,43.900001525878906,43.790000915527344,43.900001525878906,1814,0.0,0.0
2024-09-19 11:05:00-04:00,43.90999984741211,44.029998779296875,43.90999984741211,43.90999984741211,529,0.0,0.0
2024-09-19 11:10:00-04:00,43.79999923706055,43.810001373291016,43.790000915527344,43.810001373291016,986,0.0,0.0
2024-09-19 11:15:00-04:00,43.83000183105469,43.875,43.83000183105469,43.875,4664,0.0,0.0
2024-09-19 11:25:00-04:00,43.880001068115234,43.939998626708984,43.880001068115234,43.907501220703125,2442,0.0,0.0
2024-09-19 11:30:00-04:00,43.790000915527344,43.790000915527344,43.7400016784668,43.7400016784668,783,0.0,0.0
2024-09-19 11:35:00-04:00,43.75,43.84000015258789,43.75,43.75,2677,0.0,0.0
2024-09-19 11:40:00-04:00,43.76499938964844,43.810001373291016,43.76499938964844,43.810001373291016,2116,0.0,0.0
2024-09-19 11:45:00-04:00,43.75,43.77000045776367,43.744998931884766,43.77000045776367,1083,0.0,0.0
2024-09-19 11:50:00-04:00,43.82500076293945,43.82500076293945,43.82500076293945,43.82500076293945,1103,0.0,0.0
2024-09-19 11:55:00-04:00,43.81999969482422,43.849998474121094,43.810001373291016,43.810001373291016,1431,0.0,0.0
2024-09-19 12:00:00-04:00,43.849998474121094,43.869998931884766,43.849998474121094,43.869998931884766,810,0.0,0.0
2024-09-19 12:05:00-04:00,43.915000915527344,43.91749954223633,43.915000915527344,43.91749954223633,1281,0.0,0.0
2024-09-19 12:10:00-04:00,43.79999923706055,43.875,43.79999923706055,43.875,1743,0.0,0.0
2024-09-19 12:15:00-04:00,43.95000076293945,44.02000045776367,43.935001373291016,43.959999084472656,1630,0.0,0.0
2024-09-19 12:20:00-04:00,43.970001220703125,43.970001220703125,43.89500045776367,43.89500045776367,904,0.0,0.0
2024-09-19 12:25:00-04:00,43.939998626708984,43.939998626708984,43.92499923706055,43.92499923706055,443,0.0,0.0
2024-09-19 12:30:00-04:00,43.95000076293945,44.0,43.95000076293945,43.95500183105469,2415,0.0,0.0
2024-09-19 12:35:00-04:00,43.90999984741211,43.93000030517578,43.900001525878906,43.915000915527344,1824,0.0,0.0
2024-09-19 12:40:00-04:00,44.029998779296875,44.040000915527344,44.029998779296875,44.040000915527344,2184,0.0,0.0
2024-09-19 12:55:00-04:00,44.084999084472656,44.084999084472656,44.08000183105469,44.08000183105469,803,0.0,0.0
2024-09-19 13:00:00-04:00,44.10499954223633,44.16999816894531,44.10499954223633,44.119998931884766,1958,0.0,0.0
2024-09-19 13:05:00-04:00,44.16999816894531,44.189998626708984,44.16999816894531,44.189998626708984,2318,0.0,0.0
2024-09-19 13:10:00-04:00,44.150001525878906,44.150001525878906,44.13999938964844,44.13999938964844,631,0.0,0.0
2024-09-19 13:15:00-04:00,44.130001068115234,44.18000030517578,44.130001068115234,44.18000030517578,1655,0.0,0.0
2024-09-19 13:20:00-04:00,44.13999938964844,44.13999938964844,44.099998474121094,44.099998474121094,1182,0.0,0.0
2024-09-19 13:25:00-04:00,44.1349983215332,44.1349983215332,44.1349983215332,44.1349983215332,846,0.0,0.0
2024-09-19 13:30:00-04:00,44.130001068115234,44.150001525878906,44.130001068115234,44.150001525878906,1206,0.0,0.0
2024-09-19 13:40:00-04:00,44.130001068115234,44.130001068115234,44.130001068115234,44.130001068115234,1745,0.0,0.0
2024-09-19 13:45:00-04:00,44.209999084472656,44.22999954223633,44.15999984741211,44.15999984741211,1392,0.0,0.0
2024-09-19 13:50:00-04:00,44.16999816894531,44.189998626708984,44.15999984741211,44.15999984741211,1371,0.0,0.0
2024-09-19 13:55:00-04:00,44.13999938964844,44.13999938964844,44.13999938964844,44.13999938964844,359,0.0,0.0
2024-09-19 14:00:00-04:00,44.154998779296875,44.16999816894531,44.154998779296875,44.16999816894531,1537,0.0,0.0
2024-09-19 14:05:00-04:00,44.13999938964844,44.13999938964844,44.13999938964844,44.13999938964844,806,0.0,0.0
2024-09-19 14:10:00-04:00,44.099998474121094,44.119998931884766,44.064998626708984,44.08000183105469,1674,0.0,0.0
2024-09-19 14:15:00-04:00,44.060001373291016,44.060001373291016,43.95000076293945,43.95000076293945,1467,0.0,0.0
2024-09-19 14:20:00-04:00,44.0,44.0,44.0,44.0,876,0.0,0.0
2024-09-19 14:25:00-04:00,43.97999954223633,44.04999923706055,43.97999954223633,44.04999923706055,2462,0.0,0.0
2024-09-19 14:30:00-04:00,44.11000061035156,44.14500045776367,44.11000061035156,44.14500045776367,1414,0.0,0.0
2024-09-19 14:35:00-04:00,44.1349983215332,44.16999816894531,44.1349983215332,44.16999816894531,1695,0.0,0.0
2024-09-19 14:40:00-04:00,44.20000076293945,44.22999954223633,44.189998626708984,44.189998626708984,2216,0.0,0.0
2024-09-19 14:45:00-04:00,44.25,44.25,44.15999984741211,44.15999984741211,2265,0.0,0.0
2024-09-19 14:50:00-04:00,44.119998931884766,44.20750045776367,44.119998931884766,44.20750045776367,2137,0.0,0.0
2024-09-19 15:00:00-04:00,44.189998626708984,44.2599983215332,44.119998931884766,44.125,4602,0.0,0.0
2024-09-19 15:05:00-04:00,44.150001525878906,44.209999084472656,44.150001525878906,44.209999084472656,3286,0.0,0.0
2024-09-19 15:10:00-04:00,44.18000030517578,44.18000030517578,44.150001525878906,44.150001525878906,1089,0.0,0.0
2024-09-19 15:15:00-04:00,44.119998931884766,44.130001068115234,44.08000183105469,44.119998931884766,3239,0.0,0.0
2024-09-19 15:20:00-04:00,44.09000015258789,44.15999984741211,44.09000015258789,44.15999984741211,1943,0.0,0.0
2024-09-19 15:25:00-04:00,44.150001525878906,44.150001525878906,44.130001068115234,44.130001068115234,2017,0.0,0.0
2024-09-19 15:30:00-04:00,44.125,44.18000030517578,44.125,44.13999938964844,4654,0.0,0.0
2024-09-19 15:35:00-04:00,44.165000915527344,44.189998626708984,44.11000061035156,44.11000061035156,5297,0.0,0.0
2024-09-19 15:40:00-04:00,44.13999938964844,44.20500183105469,44.13999938964844,44.189998626708984,4077,0.0,0.0
2024-09-19 15:45:00-04:00,44.209999084472656,44.27000045776367,44.20000076293945,44.20000076293945,8272,0.0,0.0
2024-09-19 15:50:00-04:00,44.220001220703125,44.2400016784668,44.05500030517578,44.099998474121094,9967,0.0,0.0
2024-09-19 15:55:00-04:00,44.099998474121094,44.20000076293945,44.099998474121094,44.18000030517578,21678,0.0,0.0
2024-09-20 09:30:00-04:00,43.880001068115234,43.880001068115234,43.720001220703125,43.720001220703125,142030,0.0,0.0
2024-09-20 09:35:00-04:00,43.79999923706055,43.79999923706055,43.79999923706055,43.79999923706055,254,0.0,0.0
2024-09-20 09:40:00-04:00,43.86000061035156,43.86000061035156,43.779998779296875,43.779998779296875,892,0.0,0.0
2024-09-20 09:45:00-04:00,44.0099983215332,44.0099983215332,43.81999969482422,43.880001068115234,3145,0.0,0.0
2024-09-20 09:50:00-04:00,43.85499954223633,43.869998931884766,43.85499954223633,43.869998931884766,2420,0.0,0.0
2024-09-20 09:55:00-04:00,43.86000061035156,43.86000061035156,43.86000061035156,43.86000061035156,230,0.0,0.0
2024-09-20 10:00:00-04:00,43.84000015258789,43.900001525878906,43.84000015258789,43.869998931884766,3300,0.0,0.0
2024-09-20 10:05:00-04:00,43.900001525878906,43.974998474121094,43.869998931884766,43.94499969482422,3230,0.0,0.0
2024-09-20 10:10:00-04:00,43.93000030517578,43.93000030517578,43.93000030517578,43.93000030517578,483,0.0,0.0
2024-09-20 10:15:00-04:00,43.900001525878906,43.939998626708984,43.900001525878906,43.939998626708984,2504,0.0,0.0
2024-09-20 10:20:00-04:00,44.02000045776367,44.02000045776367,43.915000915527344,43.915000915527344,8955,0.0,0.0
2024-09-20 10:25:00-04:00,43.959999084472656,44.0,43.875,43.939998626708984,7702,0.0,0.0
2024-09-20 10:30:00-04:00,43.900001525878906,43.9900016784668,43.900001525878906,43.97999954223633,2906,0.0,0.0
2024-09-20 10:35:00-04:00,43.92499923706055,43.935001373291016,43.92499923706055,43.93000030517578,1410,0.0,0.0
2024-09-20 10:40:00-04:00,43.96500015258789,44.0,43.94499969482422,43.94499969482422,3042,0.0,0.0
2024-09-20 10:50:00-04:00,44.060001373291016,44.060001373291016,44.060001373291016,44.060001373291016,1072,0.0,0.0
2024-09-20 11:00:00-04:00,44.0099983215332,44.0099983215332,43.935001373291016,43.935001373291016,1528,0.0,0.0
2024-09-20 11:05:00-04:00,43.939998626708984,43.95000076293945,43.939998626708984,43.95000076293945,865,0.0,0.0
2024-09-20 11:10:00-04:00,43.88999938964844,43.95000076293945,43.88249969482422,43.95000076293945,1689,0.0,0.0
2024-09-20 11:15:00-04:00,43.880001068115234,43.880001068115234,43.84000015258789,43.84000015258789,2019,0.0,0.0
2024-09-20 11:20:00-04:00,43.84000015258789,43.88999938964844,43.790000915527344,43.88999938964844,3510,0.0,0.0
2024-09-20 11:25:00-04:00,43.86000061035156,43.869998931884766,43.79999923706055,43.810001373291016,2429,0.0,0.0
2024-09-20 11:30:00-04:00,43.77000045776367,43.779998779296875,43.599998474121094,43.75,4513,0.0,0.0
2024-09-20 11:35:00-04:00,43.81999969482422,43.81999969482422,43.75,43.790000915527344,1888,0.0,0.0
2024-09-20 11:40:00-04:00,43.83000183105469,43.83000183105469,43.83000183105469,43.83000183105469,1061,0.0,0.0
2024-09-20 11:50:00-04:00,43.88999938964844,43.88999938964844,43.720001220703125,43.720001220703125,2651,0.0,0.0
2024-09-20 11:55:00-04:00,43.70000076293945,43.70000076293945,43.70000076293945,43.70000076293945,1114,0.0,0.0
2024-09-20 12:00:00-04:00,43.58000183105469,43.63999938964844,43.58000183105469,43.60499954223633,3894,0.0,0.0
2024-09-20 12:05:00-04:00,43.72999954223633,43.72999954223633,43.685001373291016,43.685001373291016,372,0.0,0.0
2024-09-20 12:10:00-04:00,43.650001525878906,43.720001220703125,43.650001525878906,43.720001220703125,1788,0.0,0.0
2024-09-20 12:15:00-04:00,43.689998626708984,43.72999954223633,43.689998626708984,43.72999954223633,2170,0.0,0.0
2024-09-20 12:25:00-04:00,43.7400016784668,43.7400016784668,43.720001220703125,43.720001220703125,1799,0.0,0.0
2024-09-20 12:30:00-04:00,43.75899887084961,43.75899887084961,43.75,43.75,970,0.0,0.0
2024-09-20 12:35:00-04:00,43.755001068115234,43.79999923706055,43.755001068115234,43.7599983215332,3316,0.0,0.0
2024-09-20 12:40:00-04:00,43.77000045776367,43.77000045776367,43.77000045776367,43.77000045776367,844,0.0,0.0
2024-09-20 12:45:00-04:00,43.75,43.75,43.75,43.75,1456,0.0,0.0
2024-09-20 12:50:00-04:00,43.77000045776367,43.83000183105469,43.77000045776367,43.810001373291016,3649,0.0,0.0
2024-09-20 12:55:00-04:00,43.779998779296875,43.779998779296875,43.75,43.75,1821,0.0,0.0
2024-09-20 13:00:00-04:00,43.7599983215332,43.76499938964844,43.7599983215332,43.76499938964844,1049,0.0,0.0
2024-09-20 13:05:00-04:00,43.75,43.790000915527344,43.75,43.790000915527344,2347,0.0,0.0
2024-09-20 13:10:00-04:00,43.80500030517578,43.80500030517578,43.790000915527344,43.790000915527344,1227,0.0,0.0
2024-09-20 13:15:00-04:00,43.79999923706055,43.849998474121094,43.78499984741211,43.849998474121094,2516,0.0,0.0
2024-09-20 13:20:00-04:00,43.83000183105469,43.83000183105469,43.810001373291016,43.810001373291016,1580,0.0,0.0
2024-09-20 13:25:00-04:00,43.79999923706055,43.80500030517578,43.790000915527344,43.790000915527344,1650,0.0,0.0
2024-09-20 13:30:00-04:00,43.779998779296875,43.81999969482422,43.779998779296875,43.81999969482422,1962,0.0,0.0
2024-09-20 13:35:00-04:00,43.834999084472656,43.834999084472656,43.834999084472656,43.834999084472656,1111,0.0,0.0
2024-09-20 13:40:00-04:00,43.86000061035156,43.86000061035156,43.84000015258789,43.849998474121094,1856,0.0,0.0
2024-09-20 13:45:00-04:00,43.849998474121094,43.89500045776367,43.82899856567383,43.869998931884766,3718,0.0,0.0
2024-09-20 13:50:00-04:00,43.90999984741211,43.90999984741211,43.83000183105469,43.83000183105469,1709,0.0,0.0
2024-09-20 13:55:00-04:00,43.81999969482422,43.83000183105469,43.810001373291016,43.81999969482422,3141,0.0,0.0
2024-09-20 14:00:00-04:00,43.81999969482422,43.81999969482422,43.7599983215332,43.779998779296875,2353,0.0,0.0
2024-09-20 14:05:00-04:00,43.76499938964844,43.790000915527344,43.76499938964844,43.790000915527344,993,0.0,0.0
2024-09-20 14:10:00-04:00,43.7599983215332,43.849998474121094,43.7599983215332,43.83000183105469,2549,0.0,0.0
2024-09-20 14:15:00-04:00,43.790000915527344,43.790000915527344,43.7599983215332,43.779998779296875,1509,0.0,0.0
2024-09-20 14:20:00-04:00,43.76499938964844,43.76499938964844,43.76499938964844,43.76499938964844,830,0.0,0.0
2024-09-20 14:25:00-04:00,43.70000076293945,43.70000076293945,43.6349983215332,43.6349983215332,1025,0.0,0.0
2024-09-20 14:30:00-04:00,43.63999938964844,43.68000030517578,43.63999938964844,43.68000030517578,2464,0.0,0.0
2024-09-20 14:35:00-04:00,43.63999938964844,43.64500045776367,43.595001220703125,43.61000061035156,1847,0.0,0.0
2024-09-20 14:40:00-04:00,43.58000183105469,43.58000183105469,43.52000045776367,43.529998779296875,2224,0.0,0.0
2024-09-20 14:45:00-04:00,43.525001525878906,43.525001525878906,43.4900016784668,43.52000045776367,2789,0.0,0.0
2024-09-20 14:50:00-04:00,43.525001525878906,43.540000915527344,43.51599884033203,43.540000915527344,2715,0.0,0.0
2024-09-20 14:55:00-04:00,43.540000915527344,43.54999923706055,43.52000045776367,43.54999923706055,3557,0.0,0.0
2024-09-20 15:00:00-04:00,43.52000045776367,43.599998474121094,43.52000045776367,43.54999923706055,3118,0.0,0.0
2024-09-20 15:05:00-04:00,43.560001373291016,43.630001068115234,43.560001373291016,43.58000183105469,2971,0.0,0.0
2024-09-20 15:10:00-04:00,43.54999923706055,43.54999923706055,43.43000030517578,43.43000030517578,4044,0.0,0.0
2024-09-20 15:15:00-04:00,43.5099983215332,43.58000183105469,43.5099983215332,43.564998626708984,2756,0.0,0.0
2024-09-20 15:20:00-04:00,43.560001373291016,43.599998474121094,43.54499816894531,43.54499816894531,4128,0.0,0.0
2024-09-20 15:25:00-04:00,43.59000015258789,43.6150016784668,43.56999969482422,43.599998474121094,2688,0.0,0.0
2024-09-20 15:30:00-04:00,43.619998931884766,43.619998931884766,43.54499816894531,43.58000183105469,6899,0.0,0.0
2024-09-20 15:35:00-04:00,43.56999969482422,43.585201263427734,43.5099983215332,43.525001525878906,7904,0.0,0.0
2024-09-20 15:40:00-04:00,43.5,43.619998931884766,43.4900016784668,43.619998931884766,8575,0.0,0.0
2024-09-20 15:45:00-04:00,43.584999084472656,43.584999084472656,43.439998626708984,43.4900016784668,9215,0.0,0.0
2024-09-20 15:50:00-04:00,43.36000061035156,43.40999984741211,43.2599983215332,43.38999938964844,31198,0.0,0.0
2024-09-20 15:55:00-04:00,43.404998779296875,43.41999816894531,43.34000015258789,43.380001068115234,48104,0.0,0.0
2024-09-23 09:30:00-04:00,43.619998931884766,43.619998931884766,43.4900016784668,43.540000915527344,5282,0.0,0.0
2024-09-23 09:35:00-04:00,43.65999984741211,43.65999984741211,43.65999984741211,43.65999984741211,506,0.0,0.0
2024-09-23 09:40:00-04:00,43.64500045776367,43.720001220703125,43.540000915527344,43.560001373291016,2783,0.0,0.0
2024-09-23 09:50:00-04:00,43.39250183105469,43.39250183105469,43.3849983215332,43.3849983215332,624,0.0,0.0
2024-09-23 09:55:00-04:00,43.40999984741211,43.40999984741211,43.380001068115234,43.380001068115234,1179,0.0,0.0
2024-09-23 10:00:00-04:00,43.3849983215332,43.38999938964844,43.34000015258789,43.35499954223633,1973,0.0,0.0
2024-09-23 10:05:00-04:00,43.400001525878906,43.45000076293945,43.38999938964844,43.45000076293945,2828,0.0,0.0
2024-09-23 10:10:00-04:00,43.48500061035156,43.61000061035156,43.47999954223633,43.61000061035156,1369,0.0,0.0
2024-09-23 10:15:00-04:00,43.564998626708984,43.66999816894531,43.564998626708984,43.60499954223633,2693,0.0,0.0
2024-09-23 10:20:00-04:00,43.650001525878906,43.744998931884766,43.630001068115234,43.744998931884766,1476,0.0,0.0
2024-09-23 10:25:00-04:00,43.65999984741211,43.66999816894531,43.584999084472656,43.59000015258789,3088,0.0,0.0
2024-09-23 10:30:00-04:00,43.584999084472656,43.665000915527344,43.584999084472656,43.665000915527344,940,0.0,0.0
2024-09-23 10:35:00-04:00,43.619998931884766,43.650001525878906,43.584999084472656,43.625,2605,0.0,0.0
2024-09-23 10:40:00-04:00,43.59000015258789,43.69499969482422,43.56999969482422,43.69499969482422,3209,0.0,0.0
2024-09-23 10:45:00-04:00,43.67499923706055,43.67499923706055,43.6349983215332,43.63999938964844,1557,0.0,0.0
2024-09-23 10:50:00-04:00,43.63999938964844,43.70500183105469,43.63999938964844,43.70000076293945,2562,0.0,0.0
2024-09-23 10:55:00-04:00,43.560001373291016,43.59000015258789,43.540000915527344,43.59000015258789,817,0.0,0.0
2024-09-23 11:00:00-04:00,43.58000183105469,43.58000183105469,43.470001220703125,43.4900016784668,1248,0.0,0.0
2024-09-23 11:05:00-04:00,43.470001220703125,43.47999954223633,43.435001373291016,43.435001373291016,1604,0.0,0.0
2024-09-23 11:10:00-04:00,43.459999084472656,43.459999084472656,43.375,43.375,2350,0.0,0.0
2024-09-23 11:15:00-04:00,43.369998931884766,43.369998931884766,43.3650016784668,43.3650016784668,529,0.0,0.0
2024-09-23 11:20:00-04:00,43.34000015258789,43.3650016784668,43.244998931884766,43.310001373291016,3361,0.0,0.0
2024-09-23 11:25:00-04:00,43.29499816894531,43.31999969482422,43.244998931884766,43.31999969482422,841,0.0,0.0
2024-09-23 11:35:00-04:00,43.28499984741211,43.31999969482422,43.28499984741211,43.31999969482422,999,0.0,0.0
2024-09-23 11:40:00-04:00,43.38999938964844,43.38999938964844,43.38999938964844,43.38999938964844,580,0.0,0.0
2024-09-23 11:45:00-04:00,43.369998931884766,43.369998931884766,43.369998931884766,43.369998931884766,353,0.0,0.0
2024-09-23 11:50:00-04:00,43.369998931884766,43.369998931884766,43.369998931884766,43.369998931884766,467,0.0,0.0
2024-09-23 11:55:00-04:00,43.33000183105469,43.41999816894531,43.33000183105469,43.39500045776367,4709,0.0,0.0
2024-09-23 12:00:00-04:00,43.400001525878906,43.400001525878906,43.3650016784668,43.380001068115234,2153,0.0,0.0
2024-09-23 12:10:00-04:00,43.380001068115234,43.380001068115234,43.310001373291016,43.349998474121094,1593,0.0,0.0
2024-09-23 12:15:00-04:00,43.349998474121094,43.380001068115234,43.349998474121094,43.380001068115234,1131,0.0,0.0
2024-09-23 12:20:00-04:00,43.36000061035156,43.380001068115234,43.33000183105469,43.33000183105469,628,0.0,0.0
2024-09-23 12:25:00-04:00,43.33000183105469,43.33000183105469,43.33000183105469,43.33000183105469,948,0.0,0.0
2024-09-23 12:30:00-04:00,43.290000915527344,43.290000915527344,43.244998931884766,43.244998931884766,1076,0.0,0.0
2024-09-23 12:35:00-04:00,43.290000915527344,43.290000915527344,43.255001068115234,43.255001068115234,3417,0.0,0.0
2024-09-23 12:40:00-04:00,43.2400016784668,43.43000030517578,43.2400016784668,43.43000030517578,12625,0.0,0.0
2024-09-23 12:45:00-04:00,43.43000030517578,43.43000030517578,43.369998931884766,43.375,2422,0.0,0.0
2024-09-23 12:50:00-04:00,43.375,43.5,43.375,43.459999084472656,5236,0.0,0.0
2024-09-23 12:55:00-04:00,43.45000076293945,43.45000076293945,43.45000076293945,43.45000076293945,573,0.0,0.0
2024-09-23 13:00:00-04:00,43.40999984741211,43.40999984741211,43.40999984741211,43.40999984741211,1364,0.0,0.0
2024-09-23 13:20:00-04:00,43.41999816894531,43.41999816894531,43.41999816894531,43.41999816894531,264,0.0,0.0
2024-09-23 13:25:00-04:00,43.40999984741211,43.40999984741211,43.40999984741211,43.40999984741211,531,0.0,0.0
2024-09-23 13:30:00-04:00,43.45000076293945,43.47999954223633,43.45000076293945,43.47999954223633,2314,0.0,0.0
2024-09-23 13:35:00-04:00,43.47999954223633,43.47999954223633,43.459999084472656,43.474998474121094,1897,0.0,0.0
2024-09-23 13:40:00-04:00,43.46500015258789,43.48419952392578,43.439998626708984,43.48419952392578,1056,0.0,0.0
2024-09-23 13:45:00-04:00,43.4900016784668,43.529998779296875,43.47999954223633,43.494998931884766,2683,0.0,0.0
2024-09-23 13:50:00-04:00,43.47999954223633,43.47999954223633,43.46500015258789,43.46500015258789,558,0.0,0.0
2024-09-23 13:55:00-04:00,43.439998626708984,43.439998626708984,43.439998626708984,43.439998626708984,383,0.0,0.0
2024-09-23 14:00:00-04:00,43.439998626708984,43.439998626708984,43.40999984741211,43.40999984741211,2454,0.0,0.0
2024-09-23 14:05:00-04:00,43.40999984741211,43.47999954223633,43.40999984741211,43.47999954223633,2876,0.0,0.0
2024-09-23 14:10:00-04:00,43.439998626708984,43.439998626708984,43.435001373291016,43.435001373291016,765,0.0,0.0
2024-09-23 14:20:00-04:00,43.47999954223633,43.55500030517578,43.47999954223633,43.54499816894531,4104,0.0,0.0
2024-09-23 14:25:00-04:00,43.52000045776367,43.52000045776367,43.470001220703125,43.5,2702,0.0,0.0
2024-09-23 14:40:00-04:00,43.47999954223633,43.48500061035156,43.45000076293945,43.48500061035156,2329,0.0,0.0
2024-09-23 14:45:00-04:00,43.5,43.5,43.4900016784668,43.5,1925,0.0,0.0
2024-09-23 14:50:00-04:00,43.470001220703125,43.47999954223633,43.470001220703125,43.47999954223633,1591,0.0,0.0
2024-09-23 14:55:00-04:00,43.439998626708984,43.439998626708984,43.43000030517578,43.43000030517578,1366,0.0,0.0
2024-09-23 15:00:00-04:00,43.43000030517578,43.43000030517578,43.41999816894531,43.41999816894531,1335,0.0,0.0
2024-09-23 15:05:00-04:00,43.459999084472656,43.5099983215332,43.459999084472656,43.5099983215332,2975,0.0,0.0
2024-09-23 15:10:00-04:00,43.494998931884766,43.529998779296875,43.494998931884766,43.529998779296875,1452,0.0,0.0
2024-09-23 15:15:00-04:00,43.54999923706055,43.54999923706055,43.52289962768555,43.52289962768555,738,0.0,0.0
2024-09-23 15:20:00-04:00,43.52000045776367,43.529998779296875,43.5099983215332,43.52000045776367,1916,0.0,0.0
2024-09-23 15:25:00-04:00,43.47999954223633,43.5,43.47999954223633,43.48550033569336,3314,0.0,0.0
2024-09-23 15:30:00-04:00,43.5,43.505001068115234,43.5,43.505001068115234,2899,0.0,0.0
2024-09-23 15:35:00-04:00,43.5,43.52000045776367,43.48500061035156,43.48500061035156,2768,0.0,0.0
2024-09-23 15:40:00-04:00,43.5,43.540000915527344,43.5,43.540000915527344,4991,0.0,0.0
2024-09-23 15:45:00-04:00,43.560001373291016,43.619998931884766,43.560001373291016,43.60499954223633,5863,0.0,0.0
2024-09-23 15:50:00-04:00,43.54999923706055,43.54999923706055,43.47999954223633,43.4900016784668,5590,0.0,0.0
2024-09-23 15:55:00-04:00,43.470001220703125,43.474998474121094,43.41999816894531,43.41999816894531,20300,0.0,0.0
2024-09-24 09:30:00-04:00,43.45000076293945,43.5,43.20000076293945,43.20000076293945,12426,0.0,0.0
2024-09-24 09:35:00-04:00,43.349998474121094,43.35499954223633,43.349998474121094,43.349998474121094,666,0.0,0.0
2024-09-24 09:40:00-04:00,43.31999969482422,43.31999969482422,43.31999969482422,43.31999969482422,817,0.0,0.0
2024-09-24 09:45:00-04:00,43.65999984741211,43.65999984741211,43.625,43.625,224,0.0,0.0
2024-09-24 09:50:00-04:00,43.5099983215332,43.5099983215332,43.41999816894531,43.43000030517578,969,0.0,0.0
2024-09-24 09:55:00-04:00,43.46500015258789,43.470001220703125,43.46500015258789,43.470001220703125,3880,0.0,0.0
2024-09-24 10:10:00-04:00,43.41999816894531,43.41999816894531,43.30500030517578,43.36000061035156,1397,0.0,0.0
2024-09-24 10:15:00-04:00,43.290000915527344,43.290000915527344,43.290000915527344,43.290000915527344,270,0.0,0.0
2024-09-24 10:20:00-04:00,43.334999084472656,43.34000015258789,43.28499984741211,43.34000015258789,1245,0.0,0.0
2024-09-24 10:30:00-04:00,43.18000030517578,43.18000030517578,43.18000030517578,43.18000030517578,900,0.0,0.0
2024-09-24 10:35:00-04:00,42.9900016784668,42.9900016784668,42.9900016784668,42.9900016784668,464,0.0,0.0
2024-09-24 10:40:00-04:00,42.95500183105469,42.97999954223633,42.95500183105469,42.97999954223633,1099,0.0,0.0
2024-09-24 10:45:00-04:00,43.0099983215332,43.05500030517578,43.0,43.0,1145,0.0,0.0
2024-09-24 10:50:00-04:00,42.96009826660156,42.974998474121094,42.96009826660156,42.974998474121094,762,0.0,0.0
2024-09-24 11:00:00-04:00,43.02000045776367,43.02000045776367,43.02000045776367,43.02000045776367,830,0.0,0.0
2024-09-24 11:05:00-04:00,42.93000030517578,42.93000030517578,42.93000030517578,42.93000030517578,294,0.0,0.0
2024-09-24 11:10:00-04:00,42.935001373291016,42.935001373291016,42.89250183105469,42.89500045776367,1375,0.0,0.0
2024-09-24 11:15:00-04:00,42.939998626708984,42.970001220703125,42.939998626708984,42.970001220703125,1428,0.0,0.0
2024-09-24 11:25:00-04:00,42.939998626708984,42.98500061035156,42.91999816894531,42.92499923706055,1779,0.0,0.0
2024-09-24 11:35:00-04:00,42.91999816894531,42.91999816894531,42.91999816894531,42.91999816894531,819,0.0,0.0
2024-09-24 11:45:00-04:00,42.810001373291016,42.810001373291016,42.810001373291016,42.810001373291016,1136,0.0,0.0
2024-09-24 11:50:00-04:00,42.83000183105469,42.83000183105469,42.779998779296875,42.779998779296875,1023,0.0,0.0
2024-09-24 11:55:00-04:00,42.77000045776367,42.77000045776367,42.7400016784668,42.7400016784668,923,0.0,0.0
2024-09-24 12:00:00-04:00,42.744998931884766,42.744998931884766,42.70000076293945,42.70000076293945,720,0.0,0.0
2024-09-24 12:05:00-04:00,42.720001220703125,42.720001220703125,42.720001220703125,42.720001220703125,449,0.0,0.0
2024-09-24 12:15:00-04:00,42.7400016784668,42.7400016784668,42.7400016784668,42.7400016784668,254,0.0,0.0
2024-09-24 12:20:00-04:00,42.63999938964844,42.63999938964844,42.630001068115234,42.630001068115234,928,0.0,0.0
2024-09-24 12:25:00-04:00,42.58000183105469,42.650001525878906,42.58000183105469,42.650001525878906,1964,0.0,0.0
2024-09-24 12:30:00-04:00,42.584999084472656,42.584999084472656,42.584999084472656,42.584999084472656,880,0.0,0.0
2024-09-24 12:35:00-04:00,42.625,42.625,42.625,42.625,490,0.0,0.0
2024-09-24 12:40:00-04:00,42.58000183105469,42.61000061035156,42.58000183105469,42.61000061035156,2010,0.0,0.0
2024-09-24 12:50:00-04:00,42.72999954223633,42.7599983215332,42.72999954223633,42.72999954223633,1478,0.0,0.0
2024-09-24 12:55:00-04:00,42.720001220703125,42.72999954223633,42.709999084472656,42.72999954223633,1998,0.0,0.0
2024-09-24 13:10:00-04:00,42.79999923706055,42.8650016784668,42.79999923706055,42.8650016784668,1704,0.0,0.0
2024-09-24 13:15:00-04:00,42.88999938964844,42.939998626708984,42.880001068115234,42.939998626708984,2027,0.0,0.0
2024-09-24 13:20:00-04:00,42.970001220703125,42.970001220703125,42.970001220703125,42.970001220703125,785,0.0,0.0
2024-09-24 13:25:00-04:00,42.91999816894531,42.94499969482422,42.91999816894531,42.94499969482422,672,0.0,0.0
2024-09-24 13:30:00-04:00,42.95000076293945,42.95000076293945,42.95000076293945,42.95000076293945,569,0.0,0.0
2024-09-24 13:40:00-04:00,42.904998779296875,42.90999984741211,42.904998779296875,42.90999984741211,354,0.0,0.0
2024-09-24 13:45:00-04:00,42.869998931884766,42.915000915527344,42.84000015258789,42.915000915527344,2805,0.0,0.0
2024-09-24 13:55:00-04:00,42.875,42.875,42.875,42.875,452,0.0,0.0
2024-09-24 14:00:00-04:00,42.849998474121094,42.86000061035156,42.845001220703125,42.845001220703125,899,0.0,0.0
2024-09-24 14:05:00-04:00,42.83000183105469,42.83000183105469,42.83000183105469,42.83000183105469,201,0.0,0.0
2024-09-24 14:10:00-04:00,42.81999969482422,42.86000061035156,42.810001373291016,42.810001373291016,2497,0.0,0.0
2024-09-24 14:15:00-04:00,42.810001373291016,42.81999969482422,42.810001373291016,42.810001373291016,1360,0.0,0.0
2024-09-24 14:20:00-04:00,42.79999923706055,42.814998626708984,42.790000915527344,42.790000915527344,1464,0.0,0.0
2024-09-24 14:25:00-04:00,42.80500030517578,42.80500030517578,42.80500030517578,42.80500030517578,700,0.0,0.0
2024-09-24 14:30:00-04:00,42.76499938964844,42.83000183105469,42.76499938964844,42.83000183105469,2222,0.0,0.0
2024-09-24 14:35:00-04:00,42.849998474121094,42.849998474121094,42.849998474121094,42.849998474121094,329,0.0,0.0
2024-09-24 14:40:00-04:00,42.83000183105469,42.849998474121094,42.790000915527344,42.790000915527344,2940,0.0,0.0
2024-09-24 14:50:00-04:00,42.83000183105469,42.84000015258789,42.78499984741211,42.78499984741211,887,0.0,0.0
2024-09-24 14:55:00-04:00,42.779998779296875,42.779998779296875,42.779998779296875,42.779998779296875,1043,0.0,0.0
2024-09-24 15:00:00-04:00,42.79499816894531,42.79499816894531,42.779998779296875,42.779998779296875,1184,0.0,0.0
2024-09-24 15:10:00-04:00,42.810001373291016,42.810001373291016,42.810001373291016,42.810001373291016,708,0.0,0.0
2024-09-24 15:15:00-04:00,42.78499984741211,42.78499984741211,42.78499984741211,42.78499984741211,1132,0.0,0.0
2024-09-24 15:20:00-04:00,42.84000015258789,42.84000015258789,42.790000915527344,42.79750061035156,1919,0.0,0.0
2024-09-24 15:25:00-04:00,42.81999969482422,42.83000183105469,42.80500030517578,42.80500030517578,3388,0.0,0.0
2024-09-24 15:35:00-04:00,42.81999969482422,42.82500076293945,42.755001068115234,42.7599983215332,3324,0.0,0.0
2024-09-24 15:40:00-04:00,42.75,42.7599983215332,42.7400016784668,42.7400016784668,3198,0.0,0.0
2024-09-24 15:45:00-04:00,42.75,42.77000045776367,42.70000076293945,42.724998474121094,5721,0.0,0.0
2024-09-24 15:50:00-04:00,42.70000076293945,42.779998779296875,42.65999984741211,42.709999084472656,12168,0.0,0.0
2024-09-24 15:55:00-04:00,42.68000030517578,42.70000076293945,42.58000183105469,42.61000061035156,21371,0.0,0.0
2024-09-25 09:30:00-04:00,42.630001068115234,42.630001068115234,42.630001068115234,42.630001068115234,3296,0.0,0.0
2024-09-25 09:35:00-04:00,42.79999923706055,42.79999923706055,42.79999923706055,42.79999923706055,557,0.0,0.0
2024-09-25 09:40:00-04:00,42.31999969482422,42.470001220703125,42.31999969482422,42.45000076293945,2837,0.0,0.0
2024-09-25 09:45:00-04:00,42.369998931884766,42.369998931884766,42.369998931884766,42.369998931884766,1066,0.0,0.0
2024-09-25 09:50:00-04:00,42.369998931884766,42.4900016784668,42.3224983215332,42.375,4995,0.0,0.0
2024-09-25 09:55:00-04:00,42.36000061035156,42.36000061035156,42.25,42.25,995,0.0,0.0
2024-09-25 10:05:00-04:00,42.349998474121094,42.349998474121094,42.290000915527344,42.345001220703125,812,0.0,0.0
2024-09-25 10:10:00-04:00,42.369998931884766,42.369998931884766,42.290000915527344,42.290000915527344,1153,0.0,0.0
2024-09-25 10:15:00-04:00,42.22999954223633,42.22999954223633,42.22999954223633,42.22999954223633,658,0.0,0.0
2024-09-25 10:25:00-04:00,42.18000030517578,42.189998626708984,42.130001068115234,42.18000030517578,3550,0.0,0.0
2024-09-25 10:30:00-04:00,42.17499923706055,42.17499923706055,42.17499923706055,42.17499923706055,1235,0.0,0.0
2024-09-25 10:40:00-04:00,42.290000915527344,42.290000915527344,42.22999954223633,42.2599983215332,2407,0.0,0.0
2024-09-25 10:45:00-04:00,42.2599983215332,42.31909942626953,42.2599983215332,42.31909942626953,1006,0.0,0.0
2024-09-25 10:50:00-04:00,42.36000061035156,42.415000915527344,42.349998474121094,42.400001525878906,1992,0.0,0.0
2024-09-25 10:55:00-04:00,42.400001525878906,42.400001525878906,42.32500076293945,42.32500076293945,1651,0.0,0.0
2024-09-25 11:00:00-04:00,42.33000183105469,42.334999084472656,42.33000183105469,42.334999084472656,468,0.0,0.0
2024-09-25 11:05:00-04:00,42.29249954223633,42.375,42.28499984741211,42.375,1239,0.0,0.0
2024-09-25 11:10:00-04:00,42.369998931884766,42.369998931884766,42.279998779296875,42.33000183105469,2867,0.0,0.0
2024-09-25 11:15:00-04:00,42.310001373291016,42.31999969482422,42.310001373291016,42.31999969482422,851,0.0,0.0
2024-09-25 11:20:00-04:00,42.36000061035156,42.36000061035156,42.33000183105469,42.33000183105469,1297,0.0,0.0
2024-09-25 11:30:00-04:00,42.310001373291016,42.310001373291016,42.279998779296875,42.279998779296875,837,0.0,0.0
2024-09-25 11:35:00-04:00,42.279998779296875,42.279998779296875,42.279998779296875,42.279998779296875,869,0.0,0.0
2024-09-25 11:40:00-04:00,42.30500030517578,42.30500030517578,42.27000045776367,42.27000045776367,2173,0.0,0.0
2024-09-25 11:50:00-04:00,42.29999923706055,42.29999923706055,42.29999923706055,42.29999923706055,639,0.0,0.0
2024-09-25 11:55:00-04:00,42.36000061035156,42.36000061035156,42.33000183105469,42.36000061035156,1302,0.0,0.0
2024-09-25 12:00:00-04:00,42.380001068115234,42.415000915527344,42.369998931884766,42.369998931884766,1553,0.0,0.0
2024-09-25 12:05:00-04:00,42.349998474121094,42.375,42.349998474121094,42.349998474121094,1213,0.0,0.0
2024-09-25 12:10:00-04:00,42.369998931884766,42.369998931884766,42.33000183105469,42.33000183105469,948,0.0,0.0
2024-09-25 12:15:00-04:00,42.32500076293945,42.32500076293945,42.32500076293945,42.32500076293945,183,0.0,0.0
2024-09-25 12:20:00-04:00,42.290000915527344,42.31999969482422,42.255001068115234,42.255001068115234,712,0.0,0.0
2024-09-25 12:25:00-04:00,42.2400016784668,42.2400016784668,42.2400016784668,42.2400016784668,1131,0.0,0.0
2024-09-25 12:30:00-04:00,42.209999084472656,42.220001220703125,42.13999938964844,42.189998626708984,1680,0.0,0.0
2024-09-25 12:35:00-04:00,42.16999816894531,42.16999816894531,42.130001068115234,42.130001068115234,438,0.0,0.0
2024-09-25 12:40:00-04:00,42.09000015258789,42.099998474121094,42.09000015258789,42.095001220703125,662,0.0,0.0
2024-09-25 12:45:00-04:00,42.06999969482422,42.06999969482422,42.06999969482422,42.06999969482422,422,0.0,0.0
2024-09-25 12:50:00-04:00,42.099998474121094,42.10499954223633,42.099998474121094,42.10499954223633,1265,0.0,0.0
2024-09-25 12:55:00-04:00,42.08000183105469,42.08000183105469,42.08000183105469,42.08000183105469,312,0.0,0.0
2024-09-25 13:00:00-04:00,42.04999923706055,42.11000061035156,42.04999923706055,42.08000183105469,2035,0.0,0.0
2024-09-25 13:05:00-04:00,42.08000183105469,42.08000183105469,42.02000045776367,42.02000045776367,595,0.0,0.0
2024-09-25 13:15:00-04:00,42.0099983215332,42.060001373291016,42.0099983215332,42.05500030517578,1984,0.0,0.0
2024-09-25 13:20:00-04:00,42.029998779296875,42.029998779296875,41.9900016784668,41.9900016784668,1082,0.0,0.0
2024-09-25 13:25:00-04:00,41.9900016784668,41.9900016784668,41.959999084472656,41.959999084472656,750,0.0,0.0
2024-09-25 13:30:00-04:00,41.97999954223633,42.005001068115234,41.97999954223633,42.005001068115234,1602,0.0,0.0
2024-09-25 13:35:00-04:00,41.970001220703125,41.97999954223633,41.91999816894531,41.97999954223633,1356,0.0,0.0
2024-09-25 13:40:00-04:00,41.970001220703125,41.970001220703125,41.91999816894531,41.970001220703125,1444,0.0,0.0
2024-09-25 13:45:00-04:00,41.95000076293945,41.95000076293945,41.95000076293945,41.95000076293945,1090,0.0,0.0
2024-09-25 13:50:00-04:00,42.0099983215332,42.0099983215332,42.0099983215332,42.0099983215332,611,0.0,0.0
2024-09-25 14:05:00-04:00,42.0,42.02000045776367,41.9900016784668,41.9900016784668,2468,0.0,0.0
2024-09-25 14:10:00-04:00,42.0,42.060001373291016,42.0,42.029998779296875,2497,0.0,0.0
2024-09-25 14:20:00-04:00,42.029998779296875,42.040000915527344,42.0,42.040000915527344,4256,0.0,0.0
2024-09-25 14:30:00-04:00,42.119998931884766,42.119998931884766,42.099998474121094,42.099998474121094,2081,0.0,0.0
2024-09-25 14:35:00-04:00,42.185001373291016,42.20000076293945,42.16999816894531,42.16999816894531,1454,0.0,0.0
2024-09-25 14:40:00-04:00,42.15999984741211,42.15999984741211,42.119998931884766,42.119998931884766,1207,0.0,0.0
2024-09-25 14:45:00-04:00,42.13999938964844,42.13999938964844,42.13999938964844,42.13999938964844,732,0.0,0.0
2024-09-25 14:50:00-04:00,42.099998474121094,42.13999938964844,42.099998474121094,42.13999938964844,2001,0.0,0.0
2024-09-25 14:55:00-04:00,42.1431999206543,42.1431999206543,42.099998474121094,42.13999938964844,2780,0.0,0.0
2024-09-25 15:00:00-04:00,42.150001525878906,42.16999816894531,42.150001525878906,42.16999816894531,1394,0.0,0.0
2024-09-25 15:05:00-04:00,42.16999816894531,42.189998626708984,42.165000915527344,42.18000030517578,2395,0.0,0.0
2024-09-25 15:10:00-04:00,42.18600082397461,42.209999084472656,42.18600082397461,42.209999084472656,2362,0.0,0.0
2024-09-25 15:15:00-04:00,42.220001220703125,42.22999954223633,42.1510009765625,42.1510009765625,3559,0.0,0.0
2024-09-25 15:20:00-04:00,42.150001525878906,42.150001525878906,42.13999938964844,42.13999938964844,1388,0.0,0.0
2024-09-25 15:25:00-04:00,42.112998962402344,42.18000030517578,42.112998962402344,42.18000030517578,3667,0.0,0.0
2024-09-25 15:30:00-04:00,42.150001525878906,42.150001525878906,42.1150016784668,42.150001525878906,5051,0.0,0.0
2024-09-25 15:35:00-04:00,42.130001068115234,42.130001068115234,42.04999923706055,42.06999969482422,3090,0.0,0.0
2024-09-25 15:40:00-04:00,42.05500030517578,42.130001068115234,42.040000915527344,42.119998931884766,7142,0.0,0.0
2024-09-25 15:45:00-04:00,42.119998931884766,42.150001525878906,42.005001068115234,42.040000915527344,5700,0.0,0.0
2024-09-25 15:50:00-04:00,42.0099983215332,42.084999084472656,42.0099983215332,42.029998779296875,10150,0.0,0.0
2024-09-25 15:55:00-04:00,42.040000915527344,42.040000915527344,41.939998626708984,41.9900016784668,24850,0.0,0.0
2024-09-26 09:30:00-04:00,42.560001373291016,42.869998931884766,42.18000030517578,42.42499923706055,4703,0.0,0.0
2024-09-26 09:35:00-04:00,42.630001068115234,42.720001220703125,42.494998931884766,42.494998931884766,1805,0.0,0.0
2024-09-26 09:45:00-04:00,42.290000915527344,42.439998626708984,42.290000915527344,42.38999938964844,1005,0.0,0.0
2024-09-26 09:55:00-04:00,42.38999938964844,42.38999938964844,42.38999938964844,42.38999938964844,1727,0.0,0.0
2024-09-26 10:00:00-04:00,42.45000076293945,42.54999923706055,42.380001068115234,42.439998626708984,5435,0.0,0.0
2024-09-26 10:05:00-04:00,42.42499923706055,42.42499923706055,42.34000015258789,42.34000015258789,1298,0.0,0.0
2024-09-26 10:15:00-04:00,42.31999969482422,42.31999969482422,42.287498474121094,42.287498474121094,1428,0.0,0.0
2024-09-26 10:20:00-04:00,42.287498474121094,42.287498474121094,42.06999969482422,42.06999969482422,699,0.0,0.0
2024-09-26 10:25:00-04:00,42.119998931884766,42.209999084472656,42.11000061035156,42.209999084472656,2525,0.0,0.0
2024-09-26 10:30:00-04:00,42.28499984741211,42.38999938964844,42.27000045776367,42.38999938964844,2060,0.0,0.0
2024-09-26 10:35:00-04:00,42.380001068115234,42.380001068115234,42.380001068115234,42.380001068115234,853,0.0,0.0
2024-09-26 10:40:00-04:00,42.34000015258789,42.36000061035156,42.314998626708984,42.349998474121094,2065,0.0,0.0
2024-09-26 10:45:00-04:00,42.40999984741211,42.40999984741211,42.3650016784668,42.3650016784668,1331,0.0,0.0
2024-09-26 10:55:00-04:00,42.25,42.2599983215332,42.25,42.2599983215332,798,0.0,0.0
2024-09-26 11:05:00-04:00,42.29999923706055,42.33000183105469,42.27000045776367,42.27000045776367,1114,0.0,0.0
2024-09-26 11:10:00-04:00,42.29499816894531,42.369998931884766,42.29499816894531,42.369998931884766,1431,0.0,0.0
2024-09-26 11:15:00-04:00,42.3671989440918,42.5,42.3671989440918,42.470001220703125,3425,0.0,0.0
2024-09-26 11:20:00-04:00,42.529998779296875,42.529998779296875,42.494998931884766,42.525001525878906,1032,0.0,0.0
2024-09-26 11:25:00-04:00,42.4900016784668,42.5099983215332,42.47999954223633,42.5099983215332,2810,0.0,0.0
2024-09-26 11:30:00-04:00,42.5,42.529998779296875,42.5,42.529998779296875,1096,0.0,0.0
2024-09-26 11:40:00-04:00,42.58000183105469,42.58000183105469,42.525001525878906,42.525001525878906,1384,0.0,0.0
2024-09-26 11:45:00-04:00,42.54999923706055,42.63999938964844,42.54999923706055,42.58000183105469,735,0.0,0.0
2024-09-26 11:50:00-04:00,42.5099983215332,42.584999084472656,42.5099983215332,42.584999084472656,344,0.0,0.0
2024-09-26 11:55:00-04:00,42.633201599121094,42.64500045776367,42.560001373291016,42.560001373291016,2170,0.0,0.0
2024-09-26 12:05:00-04:00,42.52000045776367,42.52000045776367,42.5,42.5,425,0.0,0.0
2024-09-26 12:10:00-04:00,42.497501373291016,42.497501373291016,42.494998931884766,42.494998931884766,1053,0.0,0.0
2024-09-26 12:15:00-04:00,42.497501373291016,42.52000045776367,42.470001220703125,42.494998931884766,1966,0.0,0.0
2024-09-26 12:20:00-04:00,42.51499938964844,42.560001373291016,42.51499938964844,42.560001373291016,1358,0.0,0.0
2024-09-26 12:25:00-04:00,42.502498626708984,42.502498626708984,42.502498626708984,42.502498626708984,223,0.0,0.0
2024-09-26 12:30:00-04:00,42.474998474121094,42.5,42.474998474121094,42.5,1253,0.0,0.0
2024-09-26 12:35:00-04:00,42.54999923706055,42.54999923706055,42.54999923706055,42.54999923706055,465,0.0,0.0
2024-09-26 12:40:00-04:00,42.560001373291016,42.560001373291016,42.52000045776367,42.52000045776367,1374,0.0,0.0
2024-09-26 12:45:00-04:00,42.61000061035156,42.63999938964844,42.61000061035156,42.63999938964844,1472,0.0,0.0
2024-09-26 12:50:00-04:00,42.66999816894531,42.66999816894531,42.66999816894531,42.66999816894531,444,0.0,0.0
2024-09-26 12:55:00-04:00,42.630001068115234,42.63999938964844,42.630001068115234,42.63999938964844,616,0.0,0.0
2024-09-26 13:00:00-04:00,42.63999938964844,42.63999938964844,42.63999938964844,42.63999938964844,358,0.0,0.0
2024-09-26 13:05:00-04:00,42.66999816894531,42.66999816894531,42.619998931884766,42.619998931884766,1335,0.0,0.0
2024-09-26 13:10:00-04:00,42.63999938964844,42.63999938964844,42.61000061035156,42.61000061035156,2230,0.0,0.0
2024-09-26 13:15:00-04:00,42.564998626708984,42.564998626708984,42.52000045776367,42.52000045776367,305,0.0,0.0
2024-09-26 13:20:00-04:00,42.54999923706055,42.595001220703125,42.54999923706055,42.58000183105469,1281,0.0,0.0
2024-09-26 13:25:00-04:00,42.54909896850586,42.619998931884766,42.54909896850586,42.619998931884766,1509,0.0,0.0
2024-09-26 13:30:00-04:00,42.63999938964844,42.650001525878906,42.63999938964844,42.64500045776367,991,0.0,0.0
2024-09-26 13:35:00-04:00,42.619998931884766,42.650001525878906,42.58000183105469,42.630001068115234,1626,0.0,0.0
2024-09-26 13:40:00-04:00,42.619998931884766,42.619998931884766,42.619998931884766,42.619998931884766,840,0.0,0.0
2024-09-26 13:45:00-04:00,42.63999938964844,42.63999938964844,42.63999938964844,42.63999938964844,456,0.0,0.0
2024-09-26 13:50:00-04:00,42.619998931884766,42.619998931884766,42.599998474121094,42.599998474121094,1053,0.0,0.0
2024-09-26 13:55:00-04:00,42.630001068115234,42.630001068115234,42.630001068115234,42.630001068115234,358,0.0,0.0
2024-09-26 14:00:00-04:00,42.63999938964844,42.650001525878906,42.6349983215332,42.6349983215332,1503,0.0,0.0
2024-09-26 14:05:00-04:00,42.65999984741211,42.665000915527344,42.650001525878906,42.650001525878906,1436,0.0,0.0
2024-09-26 14:10:00-04:00,42.619998931884766,42.63999938964844,42.619998931884766,42.63999938964844,739,0.0,0.0
2024-09-26 14:15:00-04:00,42.625,42.66999816894531,42.625,42.66999816894531,1359,0.0,0.0
2024-09-26 14:20:00-04:00,42.70000076293945,42.709999084472656,42.67499923706055,42.67499923706055,1807,0.0,0.0
2024-09-26 14:30:00-04:00,42.66999816894531,42.66999816894531,42.619998931884766,42.63999938964844,2223,0.0,0.0
2024-09-26 14:35:00-04:00,42.61000061035156,42.619998931884766,42.61000061035156,42.619998931884766,390,0.0,0.0
2024-09-26 14:40:00-04:00,42.58000183105469,42.61000061035156,42.56999969482422,42.56999969482422,2075,0.0,0.0
2024-09-26 14:45:00-04:00,42.6150016784668,42.6150016784668,42.6150016784668,42.6150016784668,428,0.0,0.0
2024-09-26 14:50:00-04:00,42.619998931884766,42.619998931884766,42.61000061035156,42.61000061035156,663,0.0,0.0
2024-09-26 14:55:00-04:00,42.61000061035156,42.619998931884766,42.56999969482422,42.59000015258789,1488,0.0,0.0
2024-09-26 15:00:00-04:00,42.59000015258789,42.630001068115234,42.59000015258789,42.630001068115234,1933,0.0,0.0
2024-09-26 15:05:00-04:00,42.63999938964844,42.63999938964844,42.61000061035156,42.61000061035156,2810,0.0,0.0
2024-09-26 15:10:00-04:00,42.630001068115234,42.650001525878906,42.630001068115234,42.63999938964844,1540,0.0,0.0
2024-09-26 15:15:00-04:00,42.63999938964844,42.63999938964844,42.59000015258789,42.59000015258789,2099,0.0,0.0
2024-09-26 15:20:00-04:00,42.58000183105469,42.58000183105469,42.54999923706055,42.54999923706055,2465,0.0,0.0
2024-09-26 15:25:00-04:00,42.540000915527344,42.540000915527344,42.47999954223633,42.5099983215332,2770,0.0,0.0
2024-09-26 15:30:00-04:00,42.439998626708984,42.45500183105469,42.400001525878906,42.400001525878906,2180,0.0,0.0
2024-09-26 15:35:00-04:00,42.369998931884766,42.400001525878906,42.369998931884766,42.369998931884766,3321,0.0,0.0
2024-09-26 15:40:00-04:00,42.369998931884766,42.369998931884766,42.310001373291016,42.33000183105469,5769,0.0,0.0
2024-09-26 15:45:00-04:00,42.33000183105469,42.33000183105469,42.27000045776367,42.279998779296875,4349,0.0,0.0
2024-09-26 15:50:00-04:00,42.27000045776367,42.31999969482422,42.25,42.31999969482422,11024,0.0,0.0
2024-09-26 15:55:00-04:00,42.345001220703125,42.400001525878906,42.29999923706055,42.36000061035156,22638,0.0,0.0
2024-09-27 09:30:00-04:00,42.81999969482422,42.81999969482422,42.60499954223633,42.7400016784668,6313,0.0,0.0
2024-09-27 09:35:00-04:00,42.69499969482422,42.69499969482422,42.58000183105469,42.58000183105469,938,0.0,0.0
2024-09-27 09:40:00-04:00,42.52000045776367,42.52000045776367,42.52000045776367,42.52000045776367,577,0.0,0.0
2024-09-27 09:45:00-04:00,42.349998474121094,42.540000915527344,42.349998474121094,42.474998474121094,2566,0.0,0.0
2024-09-27 09:50:00-04:00,42.439998626708984,42.48500061035156,42.375,42.43000030517578,1797,0.0,0.0
2024-09-27 09:55:00-04:00,42.40999984741211,42.5,42.40999984741211,42.5,1613,0.0,0.0
2024-09-27 10:00:00-04:00,42.41999816894531,42.599998474121094,42.41999816894531,42.599998474121094,1249,0.0,0.0
2024-09-27 10:05:00-04:00,42.560001373291016,42.560001373291016,42.4900016784668,42.5099983215332,1168,0.0,0.0
2024-09-27 10:10:00-04:00,42.58000183105469,42.58000183105469,42.529998779296875,42.529998779296875,387,0.0,0.0
2024-09-27 10:15:00-04:00,42.58000183105469,42.58000183105469,42.55500030517578,42.55500030517578,330,0.0,0.0
2024-09-27 10:20:00-04:00,42.55500030517578,42.56999969482422,42.540000915527344,42.54999923706055,1820,0.0,0.0
2024-09-27 10:25:00-04:00,42.69499969482422,42.69499969482422,42.689998626708984,42.689998626708984,729,0.0,0.0
2024-09-27 10:30:00-04:00,42.689998626708984,42.724998474121094,42.689998626708984,42.724998474121094,1789,0.0,0.0
2024-09-27 10:35:00-04:00,42.75,42.75,42.75,42.75,240,0.0,0.0
2024-09-27 10:40:00-04:00,42.76499938964844,42.845001220703125,42.76499938964844,42.845001220703125,896,0.0,0.0
2024-09-27 10:45:00-04:00,42.92499923706055,42.92499923706055,42.92499923706055,42.92499923706055,545,0.0,0.0
2024-09-27 10:50:00-04:00,42.91999816894531,42.959999084472656,42.915000915527344,42.959999084472656,1098,0.0,0.0
2024-09-27 10:55:00-04:00,42.95500183105469,42.95500183105469,42.90999984741211,42.92250061035156,1589,0.0,0.0
2024-09-27 11:00:00-04:00,42.970001220703125,42.970001220703125,42.95000076293945,42.95000076293945,1329,0.0,0.0
2024-09-27 11:05:00-04:00,42.9900016784668,43.14500045776367,42.9900016784668,43.060001373291016,4339,0.0,0.0
2024-09-27 11:10:00-04:00,43.08000183105469,43.099998474121094,43.0099983215332,43.09000015258789,3127,0.0,0.0
2024-09-27 11:15:00-04:00,43.040000915527344,43.06999969482422,43.040000915527344,43.06999969482422,1127,0.0,0.0
2024-09-27 11:20:00-04:00,43.0099983215332,43.0099983215332,43.0099983215332,43.0099983215332,860,0.0,0.0
2024-09-27 11:25:00-04:00,43.06999969482422,43.1349983215332,43.06999969482422,43.11000061035156,1140,0.0,0.0
2024-09-27 11:30:00-04:00,43.130001068115234,43.2400016784668,43.119998931884766,43.23500061035156,4638,0.0,0.0
2024-09-27 11:35:00-04:00,43.11000061035156,43.189998626708984,43.04010009765625,43.130001068115234,2575,0.0,0.0
2024-09-27 11:40:00-04:00,43.119998931884766,43.119998931884766,43.119998931884766,43.119998931884766,1193,0.0,0.0
2024-09-27 11:45:00-04:00,43.060001373291016,43.060001373291016,43.060001373291016,43.060001373291016,509,0.0,0.0
2024-09-27 11:50:00-04:00,43.025001525878906,43.025001525878906,42.97999954223633,42.97999954223633,568,0.0,0.0
2024-09-27 11:55:00-04:00,42.959999084472656,42.97999954223633,42.959999084472656,42.97999954223633,857,0.0,0.0
2024-09-27 12:00:00-04:00,42.93000030517578,42.95000076293945,42.93000030517578,42.95000076293945,643,0.0,0.0
2024-09-27 12:05:00-04:00,42.95500183105469,42.9900016784668,42.95500183105469,42.9900016784668,302,0.0,0.0
2024-09-27 12:10:00-04:00,42.91999816894531,42.91999816894531,42.84000015258789,42.84000015258789,807,0.0,0.0
2024-09-27 12:15:00-04:00,42.84000015258789,42.84000015258789,42.81999969482422,42.84000015258789,873,0.0,0.0
2024-09-27 12:20:00-04:00,42.83000183105469,42.84000015258789,42.81999969482422,42.81999969482422,1206,0.0,0.0
2024-09-27 12:25:00-04:00,42.79499816894531,42.834999084472656,42.79499816894531,42.82500076293945,1353,0.0,0.0
2024-09-27 12:30:00-04:00,42.790000915527344,42.790000915527344,42.69499969482422,42.69499969482422,1608,0.0,0.0
2024-09-27 12:35:00-04:00,42.70000076293945,42.70500183105469,42.65999984741211,42.66999816894531,3563,0.0,0.0
2024-09-27 12:40:00-04:00,42.625,42.630001068115234,42.625,42.630001068115234,374,0.0,0.0
2024-09-27 12:45:00-04:00,42.619998931884766,42.63999938964844,42.619998931884766,42.63999938964844,1366,0.0,0.0
2024-09-27 12:50:00-04:00,42.689998626708984,42.689998626708984,42.689998626708984,42.689998626708984,310,0.0,0.0
2024-09-27 12:55:00-04:00,42.685001373291016,42.685001373291016,42.685001373291016,42.685001373291016,463,0.0,0.0
2024-09-27 13:00:00-04:00,42.68000030517578,42.68000030517578,42.665000915527344,42.665000915527344,453,0.0,0.0
2024-09-27 13:05:00-04:00,42.630001068115234,42.630001068115234,42.54499816894531,42.54499816894531,934,0.0,0.0
2024-09-27 13:10:00-04:00,42.57500076293945,42.58000183105469,42.57500076293945,42.58000183105469,475,0.0,0.0
2024-09-27 13:15:00-04:00,42.595001220703125,42.595001220703125,42.56999969482422,42.56999969482422,856,0.0,0.0
2024-09-27 13:20:00-04:00,42.57500076293945,42.630001068115234,42.57500076293945,42.630001068115234,1507,0.0,0.0
2024-09-27 13:25:00-04:00,42.68000030517578,42.68000030517578,42.6775016784668,42.6775016784668,564,0.0,0.0
2024-09-27 13:30:00-04:00,42.80500030517578,42.80500030517578,42.744998931884766,42.744998931884766,2585,0.0,0.0
2024-09-27 13:35:00-04:00,42.709999084472656,42.709999084472656,42.709999084472656,42.709999084472656,314,0.0,0.0
2024-09-27 13:40:00-04:00,42.709999084472656,42.72999954223633,42.709999084472656,42.72999954223633,512,0.0,0.0
2024-09-27 13:45:00-04:00,42.70000076293945,42.70000076293945,42.69449996948242,42.69449996948242,871,0.0,0.0
2024-09-27 13:50:00-04:00,42.68000030517578,42.685001373291016,42.68000030517578,42.685001373291016,1069,0.0,0.0
2024-09-27 13:55:00-04:00,42.66999816894531,42.66999816894531,42.630001068115234,42.630001068115234,1511,0.0,0.0
2024-09-27 14:00:00-04:00,42.6150016784668,42.6150016784668,42.61249923706055,42.61249923706055,1131,0.0,0.0
2024-09-27 14:10:00-04:00,42.63999938964844,42.64250183105469,42.63999938964844,42.64250183105469,212,0.0,0.0
2024-09-27 14:15:00-04:00,42.630001068115234,42.630001068115234,42.59000015258789,42.59000015258789,1471,0.0,0.0
2024-09-27 14:20:00-04:00,42.54999923706055,42.54999923706055,42.54999923706055,42.54999923706055,356,0.0,0.0
2024-09-27 14:25:00-04:00,42.54999923706055,42.54999923706055,42.5099983215332,42.5099983215332,1183,0.0,0.0
2024-09-27 14:30:00-04:00,42.5,42.5099983215332,42.4900016784668,42.4900016784668,990,0.0,0.0
2024-09-27 14:35:00-04:00,42.459999084472656,42.474998474121094,42.459999084472656,42.474998474121094,934,0.0,0.0
2024-09-27 14:40:00-04:00,42.4900016784668,42.5,42.4900016784668,42.5,850,0.0,0.0
2024-09-27 14:45:00-04:00,42.5,42.540000915527344,42.4900016784668,42.540000915527344,1161,0.0,0.0
2024-09-27 14:50:00-04:00,42.54999923706055,42.55500030517578,42.540000915527344,42.54999923706055,1650,0.0,0.0
2024-09-27 14:55:00-04:00,42.560001373291016,42.58000183105469,42.560001373291016,42.58000183105469,1215,0.0,0.0
2024-09-27 15:00:00-04:00,42.560001373291016,42.560001373291016,42.560001373291016,42.560001373291016,551,0.0,0.0
2024-09-27 15:05:00-04:00,42.560001373291016,42.560001373291016,42.560001373291016,42.560001373291016,632,0.0,0.0
2024-09-27 15:10:00-04:00,42.505001068115234,42.54499816894531,42.505001068115234,42.54499816894531,2089,0.0,0.0
2024-09-27 15:20:00-04:00,42.529998779296875,42.529998779296875,42.46500015258789,42.46500015258789,1121,0.0,0.0
2024-09-27 15:25:00-04:00,42.474998474121094,42.48500061035156,42.470001220703125,42.48500061035156,1445,0.0,0.0
2024-09-27 15:30:00-04:00,42.47999954223633,42.47999954223633,42.47999954223633,42.47999954223633,1192,0.0,0.0
2024-09-27 15:35:00-04:00,42.400001525878906,42.400001525878906,42.400001525878906,42.400001525878906,164,0.0,0.0
2024-09-27 15:40:00-04:00,42.38999938964844,42.415000915527344,42.3650016784668,42.415000915527344,1689,0.0,0.0
2024-09-27 15:45:00-04:00,42.439998626708984,42.45000076293945,42.40999984741211,42.45000076293945,4523,0.0,0.0
2024-09-27 15:50:00-04:00,42.47999954223633,42.529998779296875,42.47999954223633,42.52000045776367,4007,0.0,0.0
2024-09-27 15:55:00-04:00,42.529998779296875,42.630001068115234,42.529998779296875,42.560001373291016,11836,0.0,0.0
