Datetime,Open,High,Low,Close,Volume,Dividends,Stock Splits
2024-08-13 09:00:00+09:00,2460.0,2487.0,2459.5,2467.0,0,0.0,0.0
2024-08-13 09:01:00+09:00,2472.0,2478.0,2467.5,2475.5,4600,0.0,0.0
2024-08-13 09:02:00+09:00,2479.0,2484.5,2475.5,2481.0,7800,0.0,0.0
2024-08-13 09:03:00+09:00,2479.5,2486.0,2473.0,2475.5,9000,0.0,0.0
2024-08-13 09:04:00+09:00,2477.0,2482.0,2476.0,2481.0,4900,0.0,0.0
2024-08-13 09:05:00+09:00,2479.5,2486.5,2477.5,2485.0,8100,0.0,0.0
2024-08-13 09:06:00+09:00,2486.0,2487.5,2484.5,2487.5,7000,0.0,0.0
2024-08-13 09:07:00+09:00,2485.5,2485.5,2475.0,2476.0,11300,0.0,0.0
2024-08-13 09:08:00+09:00,2478.5,2482.5,2478.0,2478.0,7000,0.0,0.0
2024-08-13 09:09:00+09:00,2476.5,2477.0,2471.5,2477.0,5800,0.0,0.0
2024-08-13 09:10:00+09:00,2475.5,2480.5,2474.0,2480.5,4700,0.0,0.0
2024-08-13 09:11:00+09:00,2482.0,2484.0,2479.0,2479.0,5600,0.0,0.0
2024-08-13 09:12:00+09:00,2479.0,2479.0,2475.0,2475.0,4300,0.0,0.0
2024-08-13 09:13:00+09:00,2476.5,2481.0,2473.0,2478.0,11200,0.0,0.0
2024-08-13 09:14:00+09:00,2478.0,2479.0,2477.5,2478.0,5200,0.0,0.0
2024-08-13 09:15:00+09:00,2478.0,2478.0,2472.0,2475.5,6100,0.0,0.0
2024-08-13 09:16:00+09:00,2474.5,2477.0,2466.0,2466.0,4800,0.0,0.0
2024-08-13 09:17:00+09:00,2465.5,2472.0,2465.0,2465.0,4500,0.0,0.0
2024-08-13 09:18:00+09:00,2466.0,2467.0,2464.0,2465.0,5700,0.0,0.0
2024-08-13 09:19:00+09:00,2464.5,2466.0,2463.5,2464.0,3800,0.0,0.0
2024-08-13 09:20:00+09:00,2464.0,2466.5,2464.0,2465.0,3300,0.0,0.0
2024-08-13 09:21:00+09:00,2465.0,2466.5,2459.5,2459.5,6700,0.0,0.0
2024-08-13 09:22:00+09:00,2459.0,2459.5,2449.0,2452.0,12900,0.0,0.0
2024-08-13 09:23:00+09:00,2453.5,2453.5,2449.0,2449.0,5000,0.0,0.0
2024-08-13 09:24:00+09:00,2449.0,2450.5,2448.0,2450.0,7300,0.0,0.0
2024-08-13 09:25:00+09:00,2448.5,2449.5,2447.5,2449.0,4200,0.0,0.0
2024-08-13 09:26:00+09:00,2448.5,2449.5,2446.5,2449.5,5600,0.0,0.0
2024-08-13 09:27:00+09:00,2449.0,2452.0,2448.0,2451.0,3100,0.0,0.0
2024-08-13 09:28:00+09:00,2452.5,2453.0,2450.5,2450.5,4200,0.0,0.0
2024-08-13 09:29:00+09:00,2450.0,2452.5,2449.0,2450.5,8100,0.0,0.0
2024-08-13 09:30:00+09:00,2450.0,2450.0,2446.5,2446.5,5900,0.0,0.0
2024-08-13 09:31:00+09:00,2448.0,2448.0,2446.5,2447.5,3800,0.0,0.0
2024-08-13 09:32:00+09:00,2448.0,2451.5,2446.5,2450.0,3700,0.0,0.0
2024-08-13 09:33:00+09:00,2450.5,2452.0,2449.0,2452.0,3700,0.0,0.0
2024-08-13 09:34:00+09:00,2452.5,2457.0,2452.5,2457.0,5100,0.0,0.0
2024-08-13 09:35:00+09:00,2457.5,2460.5,2457.5,2460.5,4700,0.0,0.0
2024-08-13 09:36:00+09:00,2461.0,2467.0,2461.0,2466.0,5900,0.0,0.0
2024-08-13 09:37:00+09:00,2466.5,2468.5,2466.5,2466.5,6300,0.0,0.0
2024-08-13 09:38:00+09:00,2466.0,2466.5,2465.0,2466.0,3900,0.0,0.0
2024-08-13 09:39:00+09:00,2466.0,2466.0,2459.0,2460.5,3300,0.0,0.0
2024-08-13 09:40:00+09:00,2461.0,2464.5,2461.0,2464.0,3200,0.0,0.0
2024-08-13 09:41:00+09:00,2465.0,2469.5,2465.0,2468.0,2100,0.0,0.0
2024-08-13 09:42:00+09:00,2468.0,2468.5,2465.5,2467.5,5300,0.0,0.0
2024-08-13 09:43:00+09:00,2467.5,2467.5,2461.5,2461.5,5100,0.0,0.0
2024-08-13 09:44:00+09:00,2463.5,2464.5,2463.5,2464.5,2100,0.0,0.0
2024-08-13 09:45:00+09:00,2465.0,2469.5,2464.5,2469.5,6700,0.0,0.0
2024-08-13 09:46:00+09:00,2472.0,2473.0,2472.0,2473.0,2000,0.0,0.0
2024-08-13 09:47:00+09:00,2473.0,2475.0,2472.0,2475.0,5600,0.0,0.0
2024-08-13 09:48:00+09:00,2475.5,2476.5,2474.0,2474.5,4800,0.0,0.0
2024-08-13 09:49:00+09:00,2473.5,2473.5,2473.0,2473.0,2400,0.0,0.0
2024-08-13 09:50:00+09:00,2472.5,2472.5,2471.0,2471.0,5600,0.0,0.0
2024-08-13 09:51:00+09:00,2471.5,2474.5,2471.5,2474.5,2700,0.0,0.0
2024-08-13 09:52:00+09:00,2474.5,2475.5,2474.5,2475.5,2600,0.0,0.0
2024-08-13 09:53:00+09:00,2475.5,2479.5,2475.5,2479.5,3300,0.0,0.0
2024-08-13 09:54:00+09:00,2480.0,2481.5,2478.5,2481.5,3200,0.0,0.0
2024-08-13 09:55:00+09:00,2481.5,2483.5,2481.5,2483.5,2300,0.0,0.0
2024-08-13 09:56:00+09:00,2486.5,2487.0,2484.5,2484.5,4300,0.0,0.0
2024-08-13 09:57:00+09:00,2485.5,2487.0,2484.0,2487.0,3900,0.0,0.0
2024-08-13 09:58:00+09:00,2487.0,2487.5,2486.5,2487.0,6800,0.0,0.0
2024-08-13 09:59:00+09:00,2487.0,2487.0,2480.5,2480.5,3600,0.0,0.0
2024-08-13 10:00:00+09:00,2480.5,2481.0,2479.5,2480.0,3700,0.0,0.0
2024-08-13 10:01:00+09:00,2481.0,2482.5,2481.0,2481.5,5200,0.0,0.0
2024-08-13 10:02:00+09:00,2482.0,2483.0,2481.5,2482.0,4900,0.0,0.0
2024-08-13 10:03:00+09:00,2482.5,2482.5,2478.0,2479.5,5200,0.0,0.0
2024-08-13 10:04:00+09:00,2479.0,2479.0,2475.0,2477.0,2100,0.0,0.0
2024-08-13 10:05:00+09:00,2477.5,2478.0,2475.5,2476.5,3300,0.0,0.0
2024-08-13 10:06:00+09:00,2478.5,2481.5,2478.5,2480.5,2300,0.0,0.0
2024-08-13 10:07:00+09:00,2480.0,2480.0,2479.5,2479.5,4900,0.0,0.0
2024-08-13 10:08:00+09:00,2479.5,2480.5,2479.0,2479.0,5100,0.0,0.0
2024-08-13 10:09:00+09:00,2478.5,2478.5,2478.0,2478.5,1400,0.0,0.0
2024-08-13 10:10:00+09:00,2478.5,2478.5,2475.5,2476.5,4500,0.0,0.0
2024-08-13 10:11:00+09:00,2477.0,2477.0,2476.0,2477.0,3800,0.0,0.0
2024-08-13 10:12:00+09:00,2477.0,2478.0,2476.0,2478.0,2300,0.0,0.0
2024-08-13 10:13:00+09:00,2478.5,2481.5,2478.5,2481.5,3000,0.0,0.0
2024-08-13 10:14:00+09:00,2481.5,2482.0,2480.5,2480.5,3800,0.0,0.0
2024-08-13 10:15:00+09:00,2481.5,2482.5,2481.0,2482.5,2600,0.0,0.0
2024-08-13 10:16:00+09:00,2483.0,2485.0,2483.0,2483.5,4000,0.0,0.0
2024-08-13 10:17:00+09:00,2484.0,2486.0,2484.0,2486.0,1000,0.0,0.0
2024-08-13 10:18:00+09:00,2486.5,2488.5,2486.0,2488.5,1800,0.0,0.0
2024-08-13 10:19:00+09:00,2488.0,2488.5,2486.5,2487.5,4100,0.0,0.0
2024-08-13 10:20:00+09:00,2487.0,2487.5,2484.0,2486.5,4700,0.0,0.0
2024-08-13 10:21:00+09:00,2486.0,2486.0,2485.0,2485.0,1800,0.0,0.0
2024-08-13 10:22:00+09:00,2485.0,2485.5,2483.5,2483.5,4300,0.0,0.0
2024-08-13 10:23:00+09:00,2482.5,2484.0,2482.0,2484.0,4800,0.0,0.0
2024-08-13 10:24:00+09:00,2483.5,2485.0,2483.5,2485.0,2000,0.0,0.0
2024-08-13 10:25:00+09:00,2485.0,2488.5,2485.0,2488.0,5300,0.0,0.0
2024-08-13 10:26:00+09:00,2489.0,2491.5,2489.0,2491.5,6400,0.0,0.0
2024-08-13 10:27:00+09:00,2492.0,2492.0,2488.0,2489.0,8200,0.0,0.0
2024-08-13 10:28:00+09:00,2487.5,2487.5,2484.0,2486.5,3300,0.0,0.0
2024-08-13 10:29:00+09:00,2486.5,2488.5,2485.5,2488.0,4100,0.0,0.0
2024-08-13 10:30:00+09:00,2488.5,2488.5,2485.5,2485.5,2500,0.0,0.0
2024-08-13 10:31:00+09:00,2485.5,2485.5,2484.5,2484.5,1500,0.0,0.0
2024-08-13 10:32:00+09:00,2485.5,2487.5,2485.5,2487.0,3800,0.0,0.0
2024-08-13 10:33:00+09:00,2488.5,2489.5,2488.5,2489.5,600,0.0,0.0
2024-08-13 10:34:00+09:00,2490.0,2495.0,2489.0,2492.5,8500,0.0,0.0
2024-08-13 10:35:00+09:00,2492.5,2493.5,2492.5,2493.0,2000,0.0,0.0
2024-08-13 10:36:00+09:00,2493.0,2495.0,2492.5,2495.0,5400,0.0,0.0
2024-08-13 10:37:00+09:00,2496.0,2496.0,2495.5,2495.5,1400,0.0,0.0
2024-08-13 10:38:00+09:00,2495.5,2497.0,2493.0,2495.0,8500,0.0,0.0
2024-08-13 10:39:00+09:00,2495.0,2495.0,2494.5,2494.5,1700,0.0,0.0
2024-08-13 10:40:00+09:00,2494.5,2494.5,2493.0,2494.0,3000,0.0,0.0
2024-08-13 10:41:00+09:00,2495.0,2495.0,2494.0,2494.0,4700,0.0,0.0
2024-08-13 10:42:00+09:00,2494.0,2494.0,2492.5,2492.5,1300,0.0,0.0
2024-08-13 10:43:00+09:00,2491.5,2491.5,2490.5,2490.5,1500,0.0,0.0
2024-08-13 10:44:00+09:00,2490.5,2490.5,2488.5,2489.5,6400,0.0,0.0
2024-08-13 10:45:00+09:00,2489.5,2493.5,2489.5,2490.5,4900,0.0,0.0
2024-08-13 10:46:00+09:00,2490.5,2490.5,2489.5,2489.5,3300,0.0,0.0
2024-08-13 10:47:00+09:00,2490.0,2490.5,2489.5,2490.5,1000,0.0,0.0
2024-08-13 10:48:00+09:00,2490.5,2490.5,2490.0,2490.5,2000,0.0,0.0
2024-08-13 10:49:00+09:00,2490.0,2490.0,2489.0,2490.0,3300,0.0,0.0
2024-08-13 10:50:00+09:00,2490.5,2494.0,2489.5,2494.0,3600,0.0,0.0
2024-08-13 10:51:00+09:00,2494.5,2496.5,2494.0,2496.5,1300,0.0,0.0
2024-08-13 10:52:00+09:00,2497.5,2497.5,2496.0,2496.0,4500,0.0,0.0
2024-08-13 10:53:00+09:00,2496.0,2496.0,2495.0,2496.0,3200,0.0,0.0
2024-08-13 10:54:00+09:00,2496.0,2496.5,2495.5,2496.5,2600,0.0,0.0
2024-08-13 10:55:00+09:00,2497.5,2498.0,2495.0,2495.0,4100,0.0,0.0
2024-08-13 10:56:00+09:00,2495.0,2495.5,2494.5,2494.5,1900,0.0,0.0
2024-08-13 10:57:00+09:00,2495.0,2495.5,2493.5,2494.5,2900,0.0,0.0
2024-08-13 10:58:00+09:00,2494.5,2495.5,2494.0,2494.0,3900,0.0,0.0
2024-08-13 10:59:00+09:00,2495.0,2495.5,2494.5,2494.5,2200,0.0,0.0
2024-08-13 11:00:00+09:00,2494.5,2494.5,2493.5,2493.5,1400,0.0,0.0
2024-08-13 11:01:00+09:00,2494.0,2494.0,2493.0,2493.0,1700,0.0,0.0
2024-08-13 11:02:00+09:00,2493.5,2494.5,2493.0,2494.0,1800,0.0,0.0
2024-08-13 11:03:00+09:00,2494.0,2496.5,2494.0,2495.0,3300,0.0,0.0
2024-08-13 11:04:00+09:00,2496.0,2496.5,2495.0,2495.5,2100,0.0,0.0
2024-08-13 11:05:00+09:00,2496.0,2497.5,2496.0,2496.5,3600,0.0,0.0
2024-08-13 11:06:00+09:00,2496.5,2496.5,2494.5,2495.5,3400,0.0,0.0
2024-08-13 11:07:00+09:00,2495.5,2495.5,2494.5,2494.5,1600,0.0,0.0
2024-08-13 11:08:00+09:00,2495.5,2495.5,2494.0,2495.0,3600,0.0,0.0
2024-08-13 11:09:00+09:00,2495.5,2495.5,2495.0,2495.5,500,0.0,0.0
2024-08-13 11:10:00+09:00,2495.5,2495.5,2494.0,2494.0,4600,0.0,0.0
2024-08-13 11:11:00+09:00,2494.0,2494.0,2491.5,2491.5,2400,0.0,0.0
2024-08-13 11:12:00+09:00,2491.0,2491.0,2489.5,2490.0,3300,0.0,0.0
2024-08-13 11:13:00+09:00,2490.5,2492.0,2490.5,2491.0,3500,0.0,0.0
2024-08-13 11:14:00+09:00,2491.5,2491.5,2491.0,2491.0,900,0.0,0.0
2024-08-13 11:15:00+09:00,2492.0,2492.0,2492.0,2492.0,2200,0.0,0.0
2024-08-13 11:16:00+09:00,2491.5,2491.5,2489.5,2490.0,3200,0.0,0.0
2024-08-13 11:17:00+09:00,2490.5,2491.0,2485.0,2485.0,6800,0.0,0.0
2024-08-13 11:18:00+09:00,2485.5,2485.5,2483.5,2483.5,3000,0.0,0.0
2024-08-13 11:19:00+09:00,2483.0,2484.0,2483.0,2484.0,600,0.0,0.0
2024-08-13 11:20:00+09:00,2484.5,2485.5,2484.0,2485.0,3500,0.0,0.0
2024-08-13 11:21:00+09:00,2485.5,2485.5,2481.5,2482.5,7500,0.0,0.0
2024-08-13 11:22:00+09:00,2482.5,2483.5,2482.5,2483.0,3400,0.0,0.0
2024-08-13 11:23:00+09:00,2483.5,2487.0,2483.5,2486.0,4400,0.0,0.0
2024-08-13 11:24:00+09:00,2486.0,2486.5,2485.5,2486.5,1600,0.0,0.0
2024-08-13 11:25:00+09:00,2486.5,2487.0,2486.5,2487.0,500,0.0,0.0
2024-08-13 11:26:00+09:00,2487.0,2487.0,2485.5,2485.5,4000,0.0,0.0
2024-08-13 11:27:00+09:00,2485.5,2485.5,2482.0,2482.0,1200,0.0,0.0
2024-08-13 11:28:00+09:00,2482.0,2482.0,2479.5,2479.5,1900,0.0,0.0
2024-08-13 11:29:00+09:00,2481.0,2481.0,2479.5,2479.5,1700,0.0,0.0
2024-08-13 11:30:00+09:00,2479.0,2479.0,2478.0,2478.0,1800,0.0,0.0
2024-08-13 11:35:00+09:00,2478.0,2478.0,2478.0,2478.0,0,0.0,0.0
2024-08-13 12:30:00+09:00,2478.0,2478.0,2467.0,2470.0,695500,0.0,0.0
2024-08-13 12:31:00+09:00,2470.5,2475.5,2470.5,2473.5,2100,0.0,0.0
2024-08-13 12:32:00+09:00,2477.0,2477.0,2477.0,2477.0,2500,0.0,0.0
2024-08-13 12:33:00+09:00,2477.0,2478.5,2476.5,2477.0,4400,0.0,0.0
2024-08-13 12:34:00+09:00,2477.0,2477.0,2475.5,2475.5,6200,0.0,0.0
2024-08-13 12:35:00+09:00,2476.5,2478.5,2473.0,2478.0,8400,0.0,0.0
2024-08-13 12:36:00+09:00,2478.5,2479.0,2477.0,2478.0,6100,0.0,0.0
2024-08-13 12:37:00+09:00,2478.5,2480.0,2478.5,2478.5,2600,0.0,0.0
2024-08-13 12:38:00+09:00,2479.0,2479.5,2479.0,2479.0,1200,0.0,0.0
2024-08-13 12:39:00+09:00,2479.0,2479.5,2479.0,2479.0,1200,0.0,0.0
2024-08-13 12:40:00+09:00,2479.5,2480.5,2479.0,2480.0,5100,0.0,0.0
2024-08-13 12:41:00+09:00,2480.0,2480.5,2479.5,2480.5,1000,0.0,0.0
2024-08-13 12:42:00+09:00,2480.5,2481.5,2479.5,2481.0,5900,0.0,0.0
2024-08-13 12:43:00+09:00,2481.5,2483.0,2481.0,2481.0,3300,0.0,0.0
2024-08-13 12:44:00+09:00,2481.5,2481.5,2480.0,2480.0,2400,0.0,0.0
2024-08-13 12:45:00+09:00,2479.5,2479.5,2478.0,2478.0,1200,0.0,0.0
2024-08-13 12:46:00+09:00,2478.0,2478.0,2473.0,2476.0,7900,0.0,0.0
2024-08-13 12:47:00+09:00,2476.0,2477.0,2475.0,2475.5,3300,0.0,0.0
2024-08-13 12:48:00+09:00,2476.0,2476.5,2474.5,2474.5,2900,0.0,0.0
2024-08-13 12:49:00+09:00,2474.0,2474.0,2471.0,2472.0,5300,0.0,0.0
2024-08-13 12:50:00+09:00,2473.5,2473.5,2473.0,2473.0,700,0.0,0.0
2024-08-13 12:51:00+09:00,2472.5,2474.5,2472.0,2472.5,4100,0.0,0.0
2024-08-13 12:52:00+09:00,2472.0,2472.0,2470.5,2470.5,800,0.0,0.0
2024-08-13 12:53:00+09:00,2471.0,2471.5,2468.5,2469.0,3800,0.0,0.0
2024-08-13 12:54:00+09:00,2469.0,2469.5,2465.5,2465.5,7500,0.0,0.0
2024-08-13 12:55:00+09:00,2466.0,2470.0,2466.0,2469.0,7200,0.0,0.0
2024-08-13 12:56:00+09:00,2468.0,2471.5,2467.5,2471.5,5000,0.0,0.0
2024-08-13 12:57:00+09:00,2472.0,2473.0,2470.5,2470.5,2300,0.0,0.0
2024-08-13 12:58:00+09:00,2470.5,2470.5,2469.5,2469.5,2100,0.0,0.0
2024-08-13 12:59:00+09:00,2470.0,2470.5,2469.0,2470.5,3100,0.0,0.0
2024-08-13 13:00:00+09:00,2470.0,2472.0,2470.0,2471.0,2300,0.0,0.0
2024-08-13 13:01:00+09:00,2471.5,2471.5,2471.0,2471.0,1300,0.0,0.0
2024-08-13 13:02:00+09:00,2471.0,2471.0,2470.0,2470.5,2800,0.0,0.0
2024-08-13 13:03:00+09:00,2470.0,2470.0,2468.5,2468.5,1000,0.0,0.0
2024-08-13 13:04:00+09:00,2469.0,2469.0,2469.0,2469.0,1500,0.0,0.0
2024-08-13 13:05:00+09:00,2469.5,2469.5,2467.5,2467.5,5200,0.0,0.0
2024-08-13 13:06:00+09:00,2467.0,2467.0,2466.5,2467.0,2600,0.0,0.0
2024-08-13 13:07:00+09:00,2466.5,2466.5,2466.5,2466.5,100,0.0,0.0
2024-08-13 13:08:00+09:00,2467.0,2467.0,2466.5,2466.5,900,0.0,0.0
2024-08-13 13:09:00+09:00,2466.5,2467.5,2466.5,2467.5,3600,0.0,0.0
2024-08-13 13:10:00+09:00,2467.5,2468.5,2467.0,2468.5,3800,0.0,0.0
2024-08-13 13:11:00+09:00,2468.0,2468.5,2467.5,2468.5,900,0.0,0.0
2024-08-13 13:12:00+09:00,2468.0,2468.0,2467.0,2467.0,6300,0.0,0.0
2024-08-13 13:13:00+09:00,2466.5,2466.5,2463.5,2464.0,4100,0.0,0.0
2024-08-13 13:14:00+09:00,2463.5,2463.5,2462.5,2462.5,700,0.0,0.0
2024-08-13 13:15:00+09:00,2462.5,2462.5,2457.5,2457.5,4000,0.0,0.0
2024-08-13 13:16:00+09:00,2457.0,2461.5,2457.0,2460.5,7400,0.0,0.0
2024-08-13 13:17:00+09:00,2460.5,2461.0,2460.5,2460.5,700,0.0,0.0
2024-08-13 13:18:00+09:00,2460.5,2460.5,2460.5,2460.5,1000,0.0,0.0
2024-08-13 13:19:00+09:00,2460.0,2462.0,2460.0,2460.5,4500,0.0,0.0
2024-08-13 13:20:00+09:00,2460.5,2461.0,2458.0,2459.0,3900,0.0,0.0
2024-08-13 13:21:00+09:00,2458.0,2459.0,2458.0,2459.0,900,0.0,0.0
2024-08-13 13:22:00+09:00,2459.0,2459.0,2458.5,2458.5,1300,0.0,0.0
2024-08-13 13:23:00+09:00,2459.0,2459.5,2458.5,2459.5,4700,0.0,0.0
2024-08-13 13:24:00+09:00,2460.0,2461.0,2460.0,2460.0,1800,0.0,0.0
2024-08-13 13:25:00+09:00,2461.0,2461.5,2460.5,2461.0,1800,0.0,0.0
2024-08-13 13:26:00+09:00,2461.5,2461.5,2459.0,2460.5,3100,0.0,0.0
2024-08-13 13:27:00+09:00,2460.5,2461.0,2460.0,2460.5,2200,0.0,0.0
2024-08-13 13:28:00+09:00,2461.0,2461.5,2460.5,2461.5,1000,0.0,0.0
2024-08-13 13:29:00+09:00,2461.5,2462.0,2461.0,2462.0,1400,0.0,0.0
2024-08-13 13:30:00+09:00,2462.0,2463.0,2461.5,2462.5,2400,0.0,0.0
2024-08-13 13:31:00+09:00,2463.5,2464.0,2463.0,2464.0,1500,0.0,0.0
2024-08-13 13:32:00+09:00,2463.5,2464.0,2462.5,2464.0,5900,0.0,0.0
2024-08-13 13:33:00+09:00,2464.5,2465.0,2464.5,2465.0,700,0.0,0.0
2024-08-13 13:34:00+09:00,2465.0,2466.0,2465.0,2466.0,1900,0.0,0.0
2024-08-13 13:35:00+09:00,2466.0,2467.5,2466.0,2467.5,1100,0.0,0.0
2024-08-13 13:36:00+09:00,2468.0,2469.0,2468.0,2469.0,2100,0.0,0.0
2024-08-13 13:37:00+09:00,2469.0,2471.0,2468.0,2471.0,6200,0.0,0.0
2024-08-13 13:38:00+09:00,2471.0,2474.0,2471.0,2474.0,3200,0.0,0.0
2024-08-13 13:39:00+09:00,2473.5,2474.0,2473.5,2473.5,2200,0.0,0.0
2024-08-13 13:40:00+09:00,2474.0,2476.0,2474.0,2476.0,3900,0.0,0.0
2024-08-13 13:41:00+09:00,2475.5,2477.5,2475.5,2477.5,5100,0.0,0.0
2024-08-13 13:42:00+09:00,2477.5,2478.0,2476.0,2476.5,4500,0.0,0.0
2024-08-13 13:43:00+09:00,2477.0,2478.5,2477.0,2478.5,3100,0.0,0.0
2024-08-13 13:44:00+09:00,2479.0,2479.0,2478.0,2478.0,2900,0.0,0.0
2024-08-13 13:45:00+09:00,2478.5,2479.5,2478.5,2479.5,3200,0.0,0.0
2024-08-13 13:46:00+09:00,2479.5,2480.0,2478.5,2478.5,4200,0.0,0.0
2024-08-13 13:47:00+09:00,2479.0,2479.5,2479.0,2479.5,2800,0.0,0.0
2024-08-13 13:48:00+09:00,2479.5,2480.0,2479.5,2480.0,700,0.0,0.0
2024-08-13 13:49:00+09:00,2480.0,2480.0,2478.5,2478.5,3600,0.0,0.0
2024-08-13 13:50:00+09:00,2478.5,2479.5,2478.5,2479.5,3600,0.0,0.0
2024-08-13 13:51:00+09:00,2479.5,2479.5,2477.5,2477.5,8900,0.0,0.0
2024-08-13 13:52:00+09:00,2477.0,2477.0,2474.0,2474.0,4100,0.0,0.0
2024-08-13 13:53:00+09:00,2473.5,2473.5,2473.0,2473.0,2800,0.0,0.0
2024-08-13 13:54:00+09:00,2472.0,2472.5,2471.5,2472.5,3200,0.0,0.0
2024-08-13 13:55:00+09:00,2472.5,2474.0,2472.5,2474.0,3300,0.0,0.0
2024-08-13 13:56:00+09:00,2474.5,2474.5,2473.0,2473.0,3000,0.0,0.0
2024-08-13 13:57:00+09:00,2474.0,2474.0,2472.0,2472.0,3800,0.0,0.0
2024-08-13 13:58:00+09:00,2472.0,2472.5,2469.5,2469.5,3400,0.0,0.0
2024-08-13 13:59:00+09:00,2470.0,2471.5,2470.0,2471.5,2900,0.0,0.0
2024-08-13 14:00:00+09:00,2471.0,2471.0,2469.5,2470.5,4600,0.0,0.0
2024-08-13 14:01:00+09:00,2470.5,2471.0,2470.5,2471.0,1600,0.0,0.0
2024-08-13 14:02:00+09:00,2471.5,2471.5,2470.5,2470.5,5100,0.0,0.0
2024-08-13 14:03:00+09:00,2470.5,2470.5,2470.5,2470.5,200,0.0,0.0
2024-08-13 14:04:00+09:00,2471.0,2472.5,2471.0,2472.5,5900,0.0,0.0
2024-08-13 14:05:00+09:00,2472.0,2472.0,2469.5,2470.0,5200,0.0,0.0
2024-08-13 14:07:00+09:00,2469.5,2469.5,2469.0,2469.0,4400,0.0,0.0
2024-08-13 14:08:00+09:00,2468.5,2470.5,2468.5,2470.5,5000,0.0,0.0
2024-08-13 14:09:00+09:00,2471.0,2472.0,2471.0,2472.0,1900,0.0,0.0
2024-08-13 14:10:00+09:00,2472.0,2476.5,2472.0,2476.5,5700,0.0,0.0
2024-08-13 14:11:00+09:00,2475.5,2476.0,2475.0,2475.0,3800,0.0,0.0
2024-08-13 14:12:00+09:00,2474.5,2474.5,2474.5,2474.5,700,0.0,0.0
2024-08-13 14:13:00+09:00,2475.0,2475.0,2474.5,2474.5,3500,0.0,0.0
2024-08-13 14:14:00+09:00,2474.5,2474.5,2473.5,2474.0,6300,0.0,0.0
2024-08-13 14:15:00+09:00,2474.5,2475.5,2474.5,2475.5,1400,0.0,0.0
2024-08-13 14:16:00+09:00,2476.0,2476.0,2475.0,2475.0,4100,0.0,0.0
2024-08-13 14:17:00+09:00,2475.5,2475.5,2472.0,2472.0,4000,0.0,0.0
2024-08-13 14:18:00+09:00,2472.5,2472.5,2472.5,2472.5,1400,0.0,0.0
2024-08-13 14:19:00+09:00,2473.0,2474.0,2473.0,2473.5,2200,0.0,0.0
2024-08-13 14:20:00+09:00,2473.0,2473.0,2473.0,2473.0,4100,0.0,0.0
2024-08-13 14:21:00+09:00,2473.0,2474.0,2473.0,2473.5,5000,0.0,0.0
2024-08-13 14:22:00+09:00,2474.0,2474.0,2473.5,2473.5,1600,0.0,0.0
2024-08-13 14:23:00+09:00,2474.0,2474.5,2474.0,2474.5,2000,0.0,0.0
2024-08-13 14:24:00+09:00,2474.5,2474.5,2474.0,2474.5,400,0.0,0.0
2024-08-13 14:25:00+09:00,2474.0,2474.5,2474.0,2474.0,600,0.0,0.0
2024-08-13 14:26:00+09:00,2474.5,2475.0,2474.0,2474.5,4400,0.0,0.0
2024-08-13 14:27:00+09:00,2475.5,2476.5,2475.5,2476.5,2100,0.0,0.0
2024-08-13 14:28:00+09:00,2476.5,2478.0,2476.5,2478.0,2900,0.0,0.0
2024-08-13 14:29:00+09:00,2478.0,2478.0,2477.0,2477.0,6400,0.0,0.0
2024-08-13 14:30:00+09:00,2477.5,2480.0,2477.5,2480.0,2600,0.0,0.0
2024-08-13 14:31:00+09:00,2480.5,2481.5,2480.5,2481.5,2200,0.0,0.0
2024-08-13 14:32:00+09:00,2481.5,2482.0,2481.5,2482.0,800,0.0,0.0
2024-08-13 14:33:00+09:00,2482.5,2483.0,2482.5,2483.0,1800,0.0,0.0
2024-08-13 14:34:00+09:00,2483.5,2484.0,2483.5,2484.0,1700,0.0,0.0
2024-08-13 14:35:00+09:00,2484.0,2484.0,2483.0,2483.0,7000,0.0,0.0
2024-08-13 14:36:00+09:00,2483.0,2483.0,2483.0,2483.0,1500,0.0,0.0
2024-08-13 14:37:00+09:00,2483.0,2484.0,2483.0,2483.5,5200,0.0,0.0
2024-08-13 14:38:00+09:00,2483.5,2483.5,2483.5,2483.5,400,0.0,0.0
2024-08-13 14:39:00+09:00,2484.0,2484.0,2483.5,2483.5,400,0.0,0.0
2024-08-13 14:40:00+09:00,2484.0,2484.5,2482.0,2482.5,14600,0.0,0.0
2024-08-13 14:41:00+09:00,2483.0,2486.5,2482.5,2486.5,6200,0.0,0.0
2024-08-13 14:42:00+09:00,2486.5,2486.5,2486.5,2486.5,700,0.0,0.0
2024-08-13 14:43:00+09:00,2486.5,2487.5,2486.5,2487.0,3800,0.0,0.0
2024-08-13 14:44:00+09:00,2487.5,2489.5,2487.5,2489.5,6800,0.0,0.0
2024-08-13 14:45:00+09:00,2489.5,2490.5,2489.5,2490.5,3200,0.0,0.0
2024-08-13 14:46:00+09:00,2490.5,2490.5,2487.0,2488.0,11300,0.0,0.0
2024-08-13 14:47:00+09:00,2487.5,2488.0,2487.5,2488.0,3500,0.0,0.0
2024-08-13 14:48:00+09:00,2487.5,2489.0,2487.0,2488.5,11500,0.0,0.0
2024-08-13 14:49:00+09:00,2488.5,2489.5,2488.0,2489.5,6200,0.0,0.0
2024-08-13 14:50:00+09:00,2490.0,2490.0,2488.5,2489.0,10700,0.0,0.0
2024-08-13 14:51:00+09:00,2489.0,2491.0,2488.5,2490.5,5900,0.0,0.0
2024-08-13 14:52:00+09:00,2491.0,2491.0,2487.0,2487.0,5300,0.0,0.0
2024-08-13 14:53:00+09:00,2486.5,2488.5,2486.5,2488.5,6500,0.0,0.0
2024-08-13 14:54:00+09:00,2489.0,2493.0,2489.0,2490.5,8200,0.0,0.0
2024-08-13 14:55:00+09:00,2490.5,2490.5,2490.0,2490.5,3700,0.0,0.0
2024-08-13 14:56:00+09:00,2490.0,2490.5,2488.5,2490.0,3900,0.0,0.0
2024-08-13 14:57:00+09:00,2489.0,2490.0,2488.5,2489.0,7200,0.0,0.0
2024-08-13 14:58:00+09:00,2490.0,2492.0,2490.0,2491.5,4900,0.0,0.0
2024-08-13 14:59:00+09:00,2491.5,2497.5,2491.5,2496.0,23200,0.0,0.0
2024-08-14 09:00:00+09:00,2491.5,2496.5,2487.5,2496.5,35400,0.0,0.0
2024-08-14 09:01:00+09:00,2497.0,2500.5,2491.0,2495.0,9200,0.0,0.0
2024-08-14 09:02:00+09:00,2495.5,2495.5,2491.0,2494.5,10200,0.0,0.0
2024-08-14 09:03:00+09:00,2495.0,2495.0,2491.5,2493.5,3900,0.0,0.0
2024-08-14 09:04:00+09:00,2493.0,2493.0,2492.0,2492.0,3100,0.0,0.0
2024-08-14 09:05:00+09:00,2492.5,2494.0,2491.5,2494.0,3700,0.0,0.0
2024-08-14 09:06:00+09:00,2493.5,2496.0,2493.5,2496.0,2300,0.0,0.0
2024-08-14 09:07:00+09:00,2496.0,2499.0,2495.5,2499.0,1900,0.0,0.0
2024-08-14 09:08:00+09:00,2499.5,2500.0,2497.5,2500.0,3700,0.0,0.0
2024-08-14 09:09:00+09:00,2499.5,2501.0,2499.0,2501.0,5000,0.0,0.0
2024-08-14 09:10:00+09:00,2500.5,2506.5,2500.5,2502.5,3500,0.0,0.0
2024-08-14 09:11:00+09:00,2502.5,2505.5,2500.0,2504.0,8000,0.0,0.0
2024-08-14 09:12:00+09:00,2506.0,2506.5,2504.0,2504.0,2100,0.0,0.0
2024-08-14 09:13:00+09:00,2504.5,2507.0,2504.5,2506.0,800,0.0,0.0
2024-08-14 09:14:00+09:00,2507.0,2510.0,2507.0,2508.0,2800,0.0,0.0
2024-08-14 09:15:00+09:00,2507.5,2510.0,2506.0,2510.0,12300,0.0,0.0
2024-08-14 09:16:00+09:00,2509.5,2512.0,2508.5,2510.0,16800,0.0,0.0
2024-08-14 09:17:00+09:00,2510.5,2511.0,2510.5,2510.5,1000,0.0,0.0
2024-08-14 09:18:00+09:00,2510.5,2510.5,2509.5,2510.5,6000,0.0,0.0
2024-08-14 09:19:00+09:00,2510.5,2511.0,2510.0,2510.0,7000,0.0,0.0
2024-08-14 09:20:00+09:00,2510.5,2513.0,2509.0,2512.0,22400,0.0,0.0
2024-08-14 09:21:00+09:00,2513.0,2513.0,2511.5,2512.5,8100,0.0,0.0
2024-08-14 09:22:00+09:00,2512.5,2514.5,2512.0,2513.0,18200,0.0,0.0
2024-08-14 09:23:00+09:00,2513.5,2513.5,2509.5,2510.0,4800,0.0,0.0
2024-08-14 09:24:00+09:00,2510.5,2511.0,2508.5,2508.5,4500,0.0,0.0
2024-08-14 09:25:00+09:00,2508.5,2511.5,2508.5,2510.5,3600,0.0,0.0
2024-08-14 09:26:00+09:00,2511.0,2512.5,2510.5,2510.5,6300,0.0,0.0
2024-08-14 09:27:00+09:00,2510.0,2511.5,2510.0,2511.0,2400,0.0,0.0
2024-08-14 09:28:00+09:00,2511.0,2511.0,2510.5,2510.5,2300,0.0,0.0
2024-08-14 09:29:00+09:00,2511.0,2511.0,2510.5,2511.0,3200,0.0,0.0
2024-08-14 09:30:00+09:00,2511.0,2512.5,2511.0,2511.0,5200,0.0,0.0
2024-08-14 09:31:00+09:00,2511.5,2514.0,2511.5,2514.0,9700,0.0,0.0
2024-08-14 09:32:00+09:00,2514.5,2516.5,2512.5,2515.5,26500,0.0,0.0
2024-08-14 09:33:00+09:00,2516.0,2516.5,2512.0,2512.0,9000,0.0,0.0
2024-08-14 09:34:00+09:00,2512.5,2514.0,2512.0,2514.0,4500,0.0,0.0
2024-08-14 09:35:00+09:00,2514.5,2515.0,2514.0,2515.0,3000,0.0,0.0
2024-08-14 09:36:00+09:00,2515.5,2516.0,2514.0,2516.0,8400,0.0,0.0
2024-08-14 09:37:00+09:00,2516.0,2516.0,2513.5,2516.0,7600,0.0,0.0
2024-08-14 09:38:00+09:00,2516.0,2524.0,2514.0,2523.0,24500,0.0,0.0
2024-08-14 09:39:00+09:00,2523.0,2523.0,2521.5,2523.0,2000,0.0,0.0
2024-08-14 09:40:00+09:00,2523.0,2525.0,2523.0,2525.0,6400,0.0,0.0
2024-08-14 09:41:00+09:00,2525.5,2526.0,2524.5,2525.5,1400,0.0,0.0
2024-08-14 09:42:00+09:00,2526.0,2527.5,2526.0,2527.5,2100,0.0,0.0
2024-08-14 09:43:00+09:00,2528.0,2529.5,2526.5,2526.5,4900,0.0,0.0
2024-08-14 09:44:00+09:00,2526.5,2528.0,2526.5,2527.0,2600,0.0,0.0
2024-08-14 09:45:00+09:00,2528.0,2529.5,2527.5,2529.5,4000,0.0,0.0
2024-08-14 09:46:00+09:00,2529.0,2530.0,2529.0,2530.0,1000,0.0,0.0
2024-08-14 09:47:00+09:00,2530.0,2533.5,2529.5,2530.0,6700,0.0,0.0
2024-08-14 09:48:00+09:00,2530.5,2532.5,2530.5,2531.5,4700,0.0,0.0
2024-08-14 09:49:00+09:00,2533.0,2534.5,2530.5,2530.5,9500,0.0,0.0
2024-08-14 09:50:00+09:00,2530.5,2531.5,2528.5,2528.5,4700,0.0,0.0
2024-08-14 09:51:00+09:00,2528.5,2529.5,2528.5,2529.5,1100,0.0,0.0
2024-08-14 09:52:00+09:00,2529.0,2529.0,2528.0,2528.0,3600,0.0,0.0
2024-08-14 09:53:00+09:00,2528.0,2528.5,2525.5,2525.5,3700,0.0,0.0
2024-08-14 09:54:00+09:00,2526.0,2526.5,2525.0,2526.5,4100,0.0,0.0
2024-08-14 09:55:00+09:00,2527.5,2528.5,2527.5,2528.5,1300,0.0,0.0
2024-08-14 09:56:00+09:00,2529.0,2530.0,2529.0,2530.0,1200,0.0,0.0
2024-08-14 09:57:00+09:00,2530.5,2533.0,2530.5,2533.0,1200,0.0,0.0
2024-08-14 09:58:00+09:00,2532.5,2532.5,2528.5,2528.5,9800,0.0,0.0
2024-08-14 09:59:00+09:00,2529.5,2529.5,2529.5,2529.5,2400,0.0,0.0
2024-08-14 10:00:00+09:00,2529.0,2531.5,2527.0,2531.5,7400,0.0,0.0
2024-08-14 10:01:00+09:00,2532.0,2532.0,2530.5,2530.5,3700,0.0,0.0
2024-08-14 10:02:00+09:00,2530.5,2530.5,2529.0,2529.0,3900,0.0,0.0
2024-08-14 10:03:00+09:00,2528.5,2529.0,2528.5,2529.0,900,0.0,0.0
2024-08-14 10:04:00+09:00,2528.5,2528.5,2526.5,2527.0,2600,0.0,0.0
2024-08-14 10:05:00+09:00,2526.5,2528.0,2526.5,2528.0,3200,0.0,0.0
2024-08-14 10:06:00+09:00,2527.5,2528.0,2526.0,2527.0,5000,0.0,0.0
2024-08-14 10:07:00+09:00,2528.0,2529.5,2528.0,2529.5,1700,0.0,0.0
2024-08-14 10:08:00+09:00,2529.0,2530.5,2529.0,2529.5,3500,0.0,0.0
2024-08-14 10:09:00+09:00,2530.0,2530.0,2530.0,2530.0,300,0.0,0.0
2024-08-14 10:10:00+09:00,2530.0,2531.5,2529.0,2529.0,6200,0.0,0.0
2024-08-14 10:11:00+09:00,2529.5,2529.5,2527.0,2527.0,3300,0.0,0.0
2024-08-14 10:12:00+09:00,2526.0,2526.0,2524.0,2524.0,1800,0.0,0.0
2024-08-14 10:13:00+09:00,2523.0,2523.0,2522.5,2522.5,1900,0.0,0.0
2024-08-14 10:14:00+09:00,2522.5,2523.0,2522.0,2523.0,1500,0.0,0.0
2024-08-14 10:15:00+09:00,2522.5,2524.5,2522.5,2524.5,2700,0.0,0.0
2024-08-14 10:16:00+09:00,2525.0,2525.5,2524.0,2525.5,5900,0.0,0.0
2024-08-14 10:17:00+09:00,2525.5,2529.0,2525.5,2529.0,1700,0.0,0.0
2024-08-14 10:18:00+09:00,2527.5,2528.0,2527.5,2527.5,1900,0.0,0.0
2024-08-14 10:19:00+09:00,2528.0,2528.5,2526.5,2528.5,4700,0.0,0.0
2024-08-14 10:20:00+09:00,2529.0,2529.0,2529.0,2529.0,2200,0.0,0.0
2024-08-14 10:21:00+09:00,2529.0,2530.5,2529.0,2530.5,3400,0.0,0.0
2024-08-14 10:22:00+09:00,2532.5,2532.5,2532.5,2532.5,2500,0.0,0.0
2024-08-14 10:23:00+09:00,2533.0,2533.5,2533.0,2533.0,3000,0.0,0.0
2024-08-14 10:24:00+09:00,2533.0,2533.0,2532.0,2532.0,2000,0.0,0.0
2024-08-14 10:25:00+09:00,2532.0,2533.0,2531.5,2531.5,4600,0.0,0.0
2024-08-14 10:26:00+09:00,2531.5,2532.0,2531.5,2531.5,3300,0.0,0.0
2024-08-14 10:27:00+09:00,2532.0,2532.5,2532.0,2532.5,900,0.0,0.0
2024-08-14 10:28:00+09:00,2532.5,2532.5,2530.0,2530.0,6100,0.0,0.0
2024-08-14 10:29:00+09:00,2530.0,2530.5,2530.0,2530.5,1300,0.0,0.0
2024-08-14 10:30:00+09:00,2530.5,2530.5,2530.5,2530.5,2200,0.0,0.0
2024-08-14 10:31:00+09:00,2530.5,2531.5,2530.5,2531.5,2000,0.0,0.0
2024-08-14 10:32:00+09:00,2531.5,2533.0,2531.5,2533.0,2400,0.0,0.0
2024-08-14 10:33:00+09:00,2533.0,2534.0,2532.5,2533.0,9500,0.0,0.0
2024-08-14 10:34:00+09:00,2532.5,2533.0,2531.5,2533.0,2300,0.0,0.0
2024-08-14 10:35:00+09:00,2533.5,2533.5,2533.0,2533.0,2800,0.0,0.0
2024-08-14 10:36:00+09:00,2534.0,2534.5,2533.5,2533.5,2200,0.0,0.0
2024-08-14 10:37:00+09:00,2533.5,2533.5,2531.0,2531.0,5400,0.0,0.0
2024-08-14 10:38:00+09:00,2530.5,2531.5,2529.5,2531.5,5500,0.0,0.0
2024-08-14 10:39:00+09:00,2532.5,2533.0,2532.5,2533.0,1800,0.0,0.0
2024-08-14 10:40:00+09:00,2533.5,2536.5,2532.5,2535.0,10400,0.0,0.0
2024-08-14 10:41:00+09:00,2535.0,2535.5,2534.5,2535.5,1400,0.0,0.0
2024-08-14 10:42:00+09:00,2535.5,2536.0,2535.5,2536.0,1000,0.0,0.0
2024-08-14 10:43:00+09:00,2536.5,2537.0,2536.0,2537.0,2600,0.0,0.0
2024-08-14 10:44:00+09:00,2537.0,2537.5,2536.0,2536.0,5800,0.0,0.0
2024-08-14 10:45:00+09:00,2536.0,2536.0,2535.5,2536.0,2600,0.0,0.0
2024-08-14 10:46:00+09:00,2536.0,2537.5,2535.0,2535.0,9600,0.0,0.0
2024-08-14 10:47:00+09:00,2534.0,2534.0,2533.0,2533.0,2800,0.0,0.0
2024-08-14 10:48:00+09:00,2533.5,2533.5,2533.0,2533.0,2800,0.0,0.0
2024-08-14 10:49:00+09:00,2533.0,2533.0,2532.0,2532.5,3100,0.0,0.0
2024-08-14 10:50:00+09:00,2532.0,2533.0,2531.5,2533.0,2500,0.0,0.0
2024-08-14 10:51:00+09:00,2533.0,2533.0,2533.0,2533.0,1200,0.0,0.0
2024-08-14 10:52:00+09:00,2531.5,2533.0,2531.5,2532.0,12100,0.0,0.0
2024-08-14 10:53:00+09:00,2531.5,2531.5,2529.0,2531.0,2300,0.0,0.0
2024-08-14 10:54:00+09:00,2531.5,2531.5,2531.5,2531.5,800,0.0,0.0
2024-08-14 10:55:00+09:00,2532.0,2532.5,2532.0,2532.5,1500,0.0,0.0
2024-08-14 10:56:00+09:00,2533.0,2537.5,2533.0,2537.5,11800,0.0,0.0
2024-08-14 10:57:00+09:00,2538.0,2538.5,2538.0,2538.5,2100,0.0,0.0
2024-08-14 10:58:00+09:00,2539.5,2539.5,2536.0,2536.5,6700,0.0,0.0
2024-08-14 10:59:00+09:00,2537.0,2540.0,2537.0,2539.5,1600,0.0,0.0
2024-08-14 11:00:00+09:00,2541.5,2542.0,2541.5,2542.0,2700,0.0,0.0
2024-08-14 11:01:00+09:00,2542.0,2543.0,2541.5,2543.0,5900,0.0,0.0
2024-08-14 11:02:00+09:00,2543.5,2544.5,2543.5,2544.5,500,0.0,0.0
2024-08-14 11:03:00+09:00,2545.0,2545.5,2543.0,2543.0,4900,0.0,0.0
2024-08-14 11:04:00+09:00,2543.0,2543.0,2538.5,2539.5,4400,0.0,0.0
2024-08-14 11:05:00+09:00,2540.5,2540.5,2538.0,2538.0,2900,0.0,0.0
2024-08-14 11:06:00+09:00,2536.5,2539.0,2534.5,2537.5,4500,0.0,0.0
2024-08-14 11:07:00+09:00,2535.0,2541.0,2534.5,2535.0,15800,0.0,0.0
2024-08-14 11:08:00+09:00,2534.0,2538.5,2534.0,2538.5,1800,0.0,0.0
2024-08-14 11:09:00+09:00,2538.5,2539.5,2538.0,2539.5,1700,0.0,0.0
2024-08-14 11:10:00+09:00,2540.0,2541.5,2539.0,2539.0,3100,0.0,0.0
2024-08-14 11:11:00+09:00,2538.5,2538.5,2535.0,2535.0,3100,0.0,0.0
2024-08-14 11:12:00+09:00,2535.0,2535.0,2531.0,2532.0,3300,0.0,0.0
2024-08-14 11:13:00+09:00,2531.5,2531.5,2528.5,2528.5,2400,0.0,0.0
2024-08-14 11:14:00+09:00,2529.0,2529.5,2529.0,2529.5,1300,0.0,0.0
2024-08-14 11:15:00+09:00,2529.0,2529.0,2525.0,2525.5,2400,0.0,0.0
2024-08-14 11:16:00+09:00,2524.5,2527.5,2524.0,2527.5,1900,0.0,0.0
2024-08-14 11:17:00+09:00,2528.0,2534.5,2528.0,2534.5,1400,0.0,0.0
2024-08-14 11:18:00+09:00,2534.0,2538.5,2534.0,2538.0,5400,0.0,0.0
2024-08-14 11:19:00+09:00,2538.0,2538.5,2534.5,2535.0,5700,0.0,0.0
2024-08-14 11:20:00+09:00,2535.0,2535.5,2534.0,2534.5,4000,0.0,0.0
2024-08-14 11:21:00+09:00,2534.5,2536.0,2531.5,2536.0,8200,0.0,0.0
2024-08-14 11:22:00+09:00,2535.5,2537.5,2535.0,2536.5,3000,0.0,0.0
2024-08-14 11:23:00+09:00,2537.0,2537.0,2535.0,2535.0,3500,0.0,0.0
2024-08-14 11:24:00+09:00,2535.0,2535.0,2534.0,2534.0,800,0.0,0.0
2024-08-14 11:25:00+09:00,2533.0,2533.0,2528.5,2528.5,4700,0.0,0.0
2024-08-14 11:26:00+09:00,2527.5,2527.5,2524.5,2524.5,1600,0.0,0.0
2024-08-14 11:27:00+09:00,2524.0,2527.0,2523.5,2526.5,4800,0.0,0.0
2024-08-14 11:28:00+09:00,2526.5,2528.5,2526.5,2528.0,2100,0.0,0.0
2024-08-14 11:29:00+09:00,2528.5,2528.5,2524.5,2524.5,4300,0.0,0.0
2024-08-14 11:30:00+09:00,2523.0,2523.0,2523.0,2523.0,3000,0.0,0.0
2024-08-14 11:35:00+09:00,2523.0,2523.0,2523.0,2523.0,0,0.0,0.0
2024-08-14 12:30:00+09:00,2524.5,2528.0,2523.5,2528.0,728500,0.0,0.0
2024-08-14 12:31:00+09:00,2526.5,2531.5,2526.0,2531.5,4800,0.0,0.0
2024-08-14 12:32:00+09:00,2532.0,2532.5,2528.0,2529.5,6500,0.0,0.0
2024-08-14 12:33:00+09:00,2530.0,2532.0,2530.0,2530.5,4900,0.0,0.0
2024-08-14 12:34:00+09:00,2531.0,2535.0,2531.0,2535.0,1600,0.0,0.0
2024-08-14 12:35:00+09:00,2535.0,2537.0,2534.5,2537.0,2700,0.0,0.0
2024-08-14 12:36:00+09:00,2537.5,2539.0,2537.5,2538.0,4200,0.0,0.0
2024-08-14 12:37:00+09:00,2537.5,2538.0,2537.0,2537.0,4400,0.0,0.0
2024-08-14 12:38:00+09:00,2537.5,2539.5,2537.5,2539.5,2100,0.0,0.0
2024-08-14 12:39:00+09:00,2539.5,2541.0,2539.5,2540.5,4900,0.0,0.0
2024-08-14 12:40:00+09:00,2540.5,2541.0,2540.0,2540.5,6400,0.0,0.0
2024-08-14 12:41:00+09:00,2540.5,2540.5,2536.5,2536.5,3100,0.0,0.0
2024-08-14 12:42:00+09:00,2536.5,2538.0,2536.5,2538.0,1200,0.0,0.0
2024-08-14 12:43:00+09:00,2538.5,2538.5,2538.0,2538.5,800,0.0,0.0
2024-08-14 12:44:00+09:00,2539.0,2539.0,2539.0,2539.0,100,0.0,0.0
2024-08-14 12:45:00+09:00,2538.5,2539.5,2538.0,2539.5,5500,0.0,0.0
2024-08-14 12:46:00+09:00,2540.0,2541.5,2540.0,2541.5,1000,0.0,0.0
2024-08-14 12:47:00+09:00,2541.0,2541.0,2539.5,2540.0,5500,0.0,0.0
2024-08-14 12:48:00+09:00,2540.5,2541.0,2539.0,2539.0,3300,0.0,0.0
2024-08-14 12:49:00+09:00,2539.0,2539.0,2538.0,2538.5,1900,0.0,0.0
2024-08-14 12:50:00+09:00,2538.5,2538.5,2536.0,2536.0,2500,0.0,0.0
2024-08-14 12:51:00+09:00,2535.5,2535.5,2535.0,2535.0,1500,0.0,0.0
2024-08-14 12:52:00+09:00,2535.5,2536.0,2535.0,2535.0,2500,0.0,0.0
2024-08-14 12:53:00+09:00,2536.0,2536.0,2532.5,2532.5,2300,0.0,0.0
2024-08-14 12:54:00+09:00,2532.5,2534.0,2532.5,2533.5,1800,0.0,0.0
2024-08-14 12:55:00+09:00,2534.0,2535.5,2533.5,2535.5,3800,0.0,0.0
2024-08-14 12:56:00+09:00,2535.5,2536.0,2535.5,2535.5,1100,0.0,0.0
2024-08-14 12:57:00+09:00,2536.5,2536.5,2534.5,2534.5,4800,0.0,0.0
2024-08-14 12:58:00+09:00,2534.0,2534.0,2528.5,2530.0,4900,0.0,0.0
2024-08-14 12:59:00+09:00,2529.5,2530.0,2529.5,2529.5,3000,0.0,0.0
2024-08-14 13:00:00+09:00,2530.5,2531.0,2530.5,2531.0,1200,0.0,0.0
2024-08-14 13:01:00+09:00,2531.5,2531.5,2530.5,2530.5,4700,0.0,0.0
2024-08-14 13:02:00+09:00,2530.5,2530.5,2530.0,2530.0,2500,0.0,0.0
2024-08-14 13:03:00+09:00,2529.5,2530.0,2528.5,2528.5,2500,0.0,0.0
2024-08-14 13:04:00+09:00,2528.0,2528.5,2527.5,2528.0,3400,0.0,0.0
2024-08-14 13:05:00+09:00,2528.5,2529.0,2528.5,2528.5,2600,0.0,0.0
2024-08-14 13:07:00+09:00,2528.5,2528.5,2528.0,2528.0,4600,0.0,0.0
2024-08-14 13:08:00+09:00,2528.0,2528.5,2528.0,2528.0,600,0.0,0.0
2024-08-14 13:09:00+09:00,2528.5,2529.0,2527.5,2527.5,3400,0.0,0.0
2024-08-14 13:10:00+09:00,2527.0,2527.0,2524.5,2524.5,3100,0.0,0.0
2024-08-14 13:11:00+09:00,2525.0,2526.0,2524.0,2524.5,3800,0.0,0.0
2024-08-14 13:12:00+09:00,2525.0,2525.0,2525.0,2525.0,1100,0.0,0.0
2024-08-14 13:13:00+09:00,2525.5,2526.5,2525.0,2526.5,2600,0.0,0.0
2024-08-14 13:14:00+09:00,2526.5,2527.0,2526.5,2526.5,2000,0.0,0.0
2024-08-14 13:15:00+09:00,2527.0,2528.0,2526.5,2528.0,1300,0.0,0.0
2024-08-14 13:16:00+09:00,2529.0,2530.0,2529.0,2530.0,400,0.0,0.0
2024-08-14 13:17:00+09:00,2530.0,2530.0,2528.0,2528.0,6600,0.0,0.0
2024-08-14 13:18:00+09:00,2527.5,2527.5,2527.0,2527.0,2200,0.0,0.0
2024-08-14 13:19:00+09:00,2527.0,2527.0,2524.5,2524.5,4100,0.0,0.0
2024-08-14 13:20:00+09:00,2524.0,2525.0,2523.5,2525.0,2500,0.0,0.0
2024-08-14 13:21:00+09:00,2526.0,2526.0,2525.0,2525.0,2800,0.0,0.0
2024-08-14 13:23:00+09:00,2524.5,2525.5,2524.5,2524.5,4400,0.0,0.0
2024-08-14 13:24:00+09:00,2525.0,2525.5,2525.0,2525.5,1200,0.0,0.0
2024-08-14 13:25:00+09:00,2526.0,2526.0,2523.0,2523.5,7800,0.0,0.0
2024-08-14 13:26:00+09:00,2524.0,2524.0,2521.0,2523.0,4000,0.0,0.0
2024-08-14 13:27:00+09:00,2522.5,2522.5,2522.0,2522.0,1300,0.0,0.0
2024-08-14 13:28:00+09:00,2522.5,2523.5,2522.5,2523.0,3900,0.0,0.0
2024-08-14 13:29:00+09:00,2523.0,2524.0,2523.0,2524.0,1800,0.0,0.0
2024-08-14 13:30:00+09:00,2524.0,2524.5,2524.0,2524.5,2200,0.0,0.0
2024-08-14 13:31:00+09:00,2524.5,2524.5,2522.5,2524.0,9600,0.0,0.0
2024-08-14 13:32:00+09:00,2524.0,2524.0,2522.0,2523.0,4600,0.0,0.0
2024-08-14 13:33:00+09:00,2523.5,2524.0,2523.5,2524.0,1800,0.0,0.0
2024-08-14 13:34:00+09:00,2524.5,2527.0,2524.5,2527.0,5700,0.0,0.0
2024-08-14 13:35:00+09:00,2528.0,2528.0,2528.0,2528.0,800,0.0,0.0
2024-08-14 13:36:00+09:00,2528.5,2528.5,2528.5,2528.5,700,0.0,0.0
2024-08-14 13:37:00+09:00,2529.0,2529.0,2529.0,2529.0,900,0.0,0.0
2024-08-14 13:38:00+09:00,2529.5,2530.5,2528.0,2530.0,13800,0.0,0.0
2024-08-14 13:39:00+09:00,2530.5,2530.5,2529.0,2529.0,1800,0.0,0.0
2024-08-14 13:40:00+09:00,2529.5,2530.5,2529.5,2530.5,2300,0.0,0.0
2024-08-14 13:41:00+09:00,2530.5,2530.5,2530.0,2530.0,200,0.0,0.0
2024-08-14 13:42:00+09:00,2530.0,2530.5,2530.0,2530.5,4600,0.0,0.0
2024-08-14 13:43:00+09:00,2530.0,2530.0,2529.5,2529.5,3200,0.0,0.0
2024-08-14 13:44:00+09:00,2529.5,2530.0,2529.5,2529.5,4700,0.0,0.0
2024-08-14 13:45:00+09:00,2529.0,2529.0,2528.5,2529.0,3600,0.0,0.0
2024-08-14 13:46:00+09:00,2528.0,2529.5,2528.0,2529.0,6000,0.0,0.0
2024-08-14 13:47:00+09:00,2529.0,2529.5,2528.0,2529.5,3400,0.0,0.0
2024-08-14 13:48:00+09:00,2529.0,2529.5,2529.0,2529.5,1600,0.0,0.0
2024-08-14 13:49:00+09:00,2530.0,2531.0,2530.0,2531.0,1600,0.0,0.0
2024-08-14 13:50:00+09:00,2530.5,2531.5,2530.5,2531.5,1400,0.0,0.0
2024-08-14 13:51:00+09:00,2531.0,2531.0,2531.0,2531.0,7100,0.0,0.0
2024-08-14 13:52:00+09:00,2530.5,2530.5,2527.5,2527.5,3300,0.0,0.0
2024-08-14 13:53:00+09:00,2527.0,2527.0,2527.0,2527.0,500,0.0,0.0
2024-08-14 13:54:00+09:00,2526.5,2528.0,2526.5,2528.0,4200,0.0,0.0
2024-08-14 13:55:00+09:00,2528.0,2528.5,2528.0,2528.5,2100,0.0,0.0
2024-08-14 13:56:00+09:00,2528.0,2528.0,2528.0,2528.0,100,0.0,0.0
2024-08-14 13:58:00+09:00,2527.5,2527.5,2526.5,2527.5,10500,0.0,0.0
2024-08-14 13:59:00+09:00,2528.0,2528.0,2526.5,2526.5,2400,0.0,0.0
2024-08-14 14:00:00+09:00,2526.5,2526.5,2525.5,2526.0,5100,0.0,0.0
2024-08-14 14:01:00+09:00,2526.5,2528.0,2526.5,2528.0,1700,0.0,0.0
2024-08-14 14:02:00+09:00,2529.0,2530.5,2529.0,2530.5,1200,0.0,0.0
2024-08-14 14:03:00+09:00,2530.0,2530.0,2530.0,2530.0,400,0.0,0.0
2024-08-14 14:04:00+09:00,2530.0,2530.5,2530.0,2530.0,5500,0.0,0.0
2024-08-14 14:05:00+09:00,2531.0,2531.0,2528.5,2528.5,5700,0.0,0.0
2024-08-14 14:06:00+09:00,2528.5,2528.5,2528.0,2528.0,2300,0.0,0.0
2024-08-14 14:07:00+09:00,2527.5,2527.5,2524.5,2525.0,2700,0.0,0.0
2024-08-14 14:08:00+09:00,2525.0,2526.5,2525.0,2526.5,2300,0.0,0.0
2024-08-14 14:09:00+09:00,2526.5,2527.5,2526.0,2527.5,1500,0.0,0.0
2024-08-14 14:10:00+09:00,2527.0,2527.5,2526.5,2527.0,2700,0.0,0.0
2024-08-14 14:11:00+09:00,2527.5,2529.5,2527.5,2529.5,4600,0.0,0.0
2024-08-14 14:12:00+09:00,2529.5,2530.0,2529.5,2530.0,2600,0.0,0.0
2024-08-14 14:13:00+09:00,2530.0,2530.0,2526.0,2526.0,6300,0.0,0.0
2024-08-14 14:14:00+09:00,2526.0,2526.5,2524.0,2525.5,3400,0.0,0.0
2024-08-14 14:15:00+09:00,2525.0,2526.0,2523.5,2526.0,2500,0.0,0.0
2024-08-14 14:16:00+09:00,2526.5,2526.5,2524.0,2524.0,2300,0.0,0.0
2024-08-14 14:17:00+09:00,2525.0,2525.5,2525.0,2525.5,1200,0.0,0.0
2024-08-14 14:18:00+09:00,2526.0,2526.5,2525.5,2526.0,6400,0.0,0.0
2024-08-14 14:19:00+09:00,2526.5,2527.0,2526.5,2526.5,1300,0.0,0.0
2024-08-14 14:20:00+09:00,2527.0,2527.5,2527.0,2527.5,3400,0.0,0.0
2024-08-14 14:21:00+09:00,2527.5,2528.5,2527.5,2528.5,1200,0.0,0.0
2024-08-14 14:22:00+09:00,2529.0,2530.0,2529.0,2530.0,1000,0.0,0.0
2024-08-14 14:23:00+09:00,2529.5,2530.5,2529.5,2530.5,3600,0.0,0.0
2024-08-14 14:24:00+09:00,2530.0,2530.0,2528.5,2530.0,4800,0.0,0.0
2024-08-14 14:25:00+09:00,2530.0,2530.0,2528.0,2529.0,4700,0.0,0.0
2024-08-14 14:26:00+09:00,2529.5,2530.0,2529.5,2529.5,4500,0.0,0.0
2024-08-14 14:27:00+09:00,2529.0,2529.0,2527.5,2528.5,4200,0.0,0.0
2024-08-14 14:28:00+09:00,2528.0,2528.0,2527.5,2527.5,2600,0.0,0.0
2024-08-14 14:29:00+09:00,2527.0,2527.0,2526.0,2526.0,2100,0.0,0.0
2024-08-14 14:30:00+09:00,2526.5,2526.5,2525.0,2525.5,4400,0.0,0.0
2024-08-14 14:31:00+09:00,2525.0,2527.0,2525.0,2527.0,3600,0.0,0.0
2024-08-14 14:32:00+09:00,2527.0,2527.0,2526.0,2526.0,2900,0.0,0.0
2024-08-14 14:33:00+09:00,2526.0,2526.5,2526.0,2526.5,1400,0.0,0.0
2024-08-14 14:34:00+09:00,2527.0,2528.0,2527.0,2528.0,3300,0.0,0.0
2024-08-14 14:35:00+09:00,2528.0,2530.0,2527.5,2530.0,6200,0.0,0.0
2024-08-14 14:36:00+09:00,2530.0,2531.0,2530.0,2530.5,3600,0.0,0.0
2024-08-14 14:37:00+09:00,2531.0,2531.0,2528.5,2528.5,6200,0.0,0.0
2024-08-14 14:38:00+09:00,2528.5,2528.5,2525.5,2526.0,8100,0.0,0.0
2024-08-14 14:39:00+09:00,2526.0,2529.5,2526.0,2529.5,5800,0.0,0.0
2024-08-14 14:40:00+09:00,2529.5,2530.0,2528.0,2528.0,3800,0.0,0.0
2024-08-14 14:41:00+09:00,2527.0,2528.5,2527.0,2528.0,3200,0.0,0.0
2024-08-14 14:42:00+09:00,2527.0,2527.0,2523.0,2523.0,2500,0.0,0.0
2024-08-14 14:43:00+09:00,2522.0,2524.0,2521.5,2524.0,5000,0.0,0.0
2024-08-14 14:44:00+09:00,2524.5,2525.0,2524.0,2524.5,1900,0.0,0.0
2024-08-14 14:45:00+09:00,2524.5,2526.0,2524.0,2526.0,6700,0.0,0.0
2024-08-14 14:46:00+09:00,2526.5,2527.5,2526.0,2527.0,4500,0.0,0.0
2024-08-14 14:47:00+09:00,2526.5,2527.0,2525.5,2526.5,2800,0.0,0.0
2024-08-14 14:48:00+09:00,2527.5,2529.0,2527.0,2527.0,3900,0.0,0.0
2024-08-14 14:49:00+09:00,2526.5,2526.5,2521.5,2521.5,2100,0.0,0.0
2024-08-14 14:50:00+09:00,2521.5,2524.0,2520.5,2524.0,7900,0.0,0.0
2024-08-14 14:51:00+09:00,2523.5,2524.5,2523.0,2524.5,3800,0.0,0.0
2024-08-14 14:52:00+09:00,2525.0,2525.0,2524.0,2524.0,2600,0.0,0.0
2024-08-14 14:53:00+09:00,2524.0,2526.0,2523.5,2525.5,6900,0.0,0.0
2024-08-14 14:54:00+09:00,2525.0,2526.5,2525.0,2526.5,500,0.0,0.0
2024-08-14 14:55:00+09:00,2526.5,2526.5,2524.0,2524.0,1900,0.0,0.0
2024-08-14 14:56:00+09:00,2523.5,2525.0,2523.5,2525.0,4800,0.0,0.0
2024-08-14 14:57:00+09:00,2525.0,2525.0,2523.0,2523.5,1600,0.0,0.0
2024-08-14 14:58:00+09:00,2523.0,2524.0,2522.5,2524.0,7600,0.0,0.0
2024-08-14 14:59:00+09:00,2523.0,2526.0,2520.0,2521.5,23600,0.0,0.0
2024-08-15 09:00:00+09:00,2520.0,2527.0,2518.0,2520.5,21900,0.0,0.0
2024-08-15 09:01:00+09:00,2518.0,2518.0,2511.5,2511.5,15200,0.0,0.0
2024-08-15 09:02:00+09:00,2511.0,2521.0,2510.0,2520.0,8300,0.0,0.0
2024-08-15 09:03:00+09:00,2520.0,2524.5,2520.0,2524.5,5500,0.0,0.0
2024-08-15 09:04:00+09:00,2525.0,2529.5,2525.0,2525.5,1600,0.0,0.0
2024-08-15 09:05:00+09:00,2526.0,2528.0,2521.5,2524.5,8000,0.0,0.0
2024-08-15 09:06:00+09:00,2525.5,2528.5,2525.5,2527.0,1000,0.0,0.0
2024-08-15 09:07:00+09:00,2528.5,2531.0,2528.5,2531.0,2800,0.0,0.0
2024-08-15 09:08:00+09:00,2531.5,2533.5,2530.5,2531.0,6500,0.0,0.0
2024-08-15 09:09:00+09:00,2532.5,2535.0,2532.0,2535.0,3000,0.0,0.0
2024-08-15 09:10:00+09:00,2536.5,2536.5,2534.5,2534.5,6200,0.0,0.0
2024-08-15 09:11:00+09:00,2534.5,2535.0,2532.5,2532.5,9100,0.0,0.0
2024-08-15 09:12:00+09:00,2532.5,2535.0,2531.5,2533.5,3300,0.0,0.0
2024-08-15 09:13:00+09:00,2533.0,2533.5,2531.5,2532.5,4700,0.0,0.0
2024-08-15 09:14:00+09:00,2532.5,2533.0,2531.5,2533.0,1800,0.0,0.0
2024-08-15 09:15:00+09:00,2533.5,2534.0,2532.5,2534.0,5200,0.0,0.0
2024-08-15 09:16:00+09:00,2535.0,2536.5,2534.5,2535.5,1800,0.0,0.0
2024-08-15 09:17:00+09:00,2535.5,2535.5,2532.0,2532.5,6300,0.0,0.0
2024-08-15 09:18:00+09:00,2533.5,2534.5,2533.0,2533.5,3400,0.0,0.0
2024-08-15 09:19:00+09:00,2534.0,2537.0,2534.0,2537.0,3100,0.0,0.0
2024-08-15 09:20:00+09:00,2535.5,2536.0,2535.5,2535.5,2700,0.0,0.0
2024-08-15 09:21:00+09:00,2536.0,2537.0,2535.5,2536.5,2500,0.0,0.0
2024-08-15 09:22:00+09:00,2537.0,2537.0,2533.0,2533.5,4600,0.0,0.0
2024-08-15 09:23:00+09:00,2533.0,2533.0,2531.5,2532.0,2100,0.0,0.0
2024-08-15 09:24:00+09:00,2532.5,2533.5,2532.5,2532.5,1900,0.0,0.0
2024-08-15 09:25:00+09:00,2533.0,2535.0,2533.0,2534.0,2600,0.0,0.0
2024-08-15 09:26:00+09:00,2534.0,2534.5,2533.5,2533.5,2300,0.0,0.0
2024-08-15 09:27:00+09:00,2533.5,2534.0,2532.5,2532.5,5000,0.0,0.0
2024-08-15 09:28:00+09:00,2532.5,2532.5,2529.0,2529.0,2400,0.0,0.0
2024-08-15 09:29:00+09:00,2529.5,2532.5,2529.0,2532.0,3700,0.0,0.0
2024-08-15 09:30:00+09:00,2531.0,2531.0,2530.0,2530.5,3900,0.0,0.0
2024-08-15 09:31:00+09:00,2530.5,2531.0,2530.5,2530.5,1400,0.0,0.0
2024-08-15 09:32:00+09:00,2531.5,2531.5,2530.5,2531.0,3400,0.0,0.0
2024-08-15 09:33:00+09:00,2531.0,2531.0,2529.5,2529.5,2600,0.0,0.0
2024-08-15 09:34:00+09:00,2529.0,2531.5,2529.0,2531.0,2400,0.0,0.0
2024-08-15 09:35:00+09:00,2531.5,2532.0,2531.5,2532.0,1000,0.0,0.0
2024-08-15 09:36:00+09:00,2532.0,2532.0,2532.0,2532.0,200,0.0,0.0
2024-08-15 09:37:00+09:00,2532.0,2532.5,2532.0,2532.5,2100,0.0,0.0
2024-08-15 09:38:00+09:00,2532.5,2532.5,2532.5,2532.5,1000,0.0,0.0
2024-08-15 09:39:00+09:00,2533.0,2534.5,2533.0,2533.5,3500,0.0,0.0
2024-08-15 09:40:00+09:00,2533.5,2534.5,2533.0,2534.0,4000,0.0,0.0
2024-08-15 09:41:00+09:00,2534.5,2535.5,2534.5,2535.5,600,0.0,0.0
2024-08-15 09:42:00+09:00,2535.5,2535.5,2534.5,2534.5,2500,0.0,0.0
2024-08-15 09:43:00+09:00,2533.5,2533.5,2533.5,2533.5,100,0.0,0.0
2024-08-15 09:44:00+09:00,2532.5,2533.0,2532.0,2532.0,1600,0.0,0.0
2024-08-15 09:45:00+09:00,2532.0,2533.5,2528.0,2528.0,6500,0.0,0.0
2024-08-15 09:46:00+09:00,2527.0,2528.0,2527.0,2527.5,1900,0.0,0.0
2024-08-15 09:47:00+09:00,2527.0,2528.0,2523.5,2523.5,3400,0.0,0.0
2024-08-15 09:48:00+09:00,2521.0,2521.0,2519.0,2520.0,600,0.0,0.0
2024-08-15 09:49:00+09:00,2520.0,2521.5,2519.5,2521.5,1900,0.0,0.0
2024-08-15 09:50:00+09:00,2521.5,2521.5,2519.0,2519.5,1800,0.0,0.0
2024-08-15 09:51:00+09:00,2521.5,2522.0,2521.0,2521.0,1100,0.0,0.0
2024-08-15 09:52:00+09:00,2522.0,2523.0,2521.0,2521.0,2100,0.0,0.0
2024-08-15 09:53:00+09:00,2522.0,2522.0,2518.0,2518.0,2000,0.0,0.0
2024-08-15 09:54:00+09:00,2518.0,2519.0,2517.0,2519.0,1500,0.0,0.0
2024-08-15 09:55:00+09:00,2518.0,2518.0,2515.5,2515.5,1600,0.0,0.0
2024-08-15 09:56:00+09:00,2515.5,2516.0,2515.0,2515.5,1500,0.0,0.0
2024-08-15 09:57:00+09:00,2515.5,2516.0,2515.5,2516.0,800,0.0,0.0
2024-08-15 09:58:00+09:00,2516.5,2516.5,2516.0,2516.5,1900,0.0,0.0
2024-08-15 09:59:00+09:00,2515.5,2516.0,2515.5,2516.0,400,0.0,0.0
2024-08-15 10:00:00+09:00,2515.5,2518.5,2515.5,2516.5,6400,0.0,0.0
2024-08-15 10:01:00+09:00,2516.0,2516.0,2515.5,2515.5,900,0.0,0.0
2024-08-15 10:02:00+09:00,2515.0,2517.5,2515.0,2517.5,1700,0.0,0.0
2024-08-15 10:03:00+09:00,2518.0,2518.0,2511.0,2511.0,3100,0.0,0.0
2024-08-15 10:04:00+09:00,2511.0,2512.5,2511.0,2512.0,1500,0.0,0.0
2024-08-15 10:05:00+09:00,2513.0,2513.5,2512.5,2513.5,2400,0.0,0.0
2024-08-15 10:06:00+09:00,2514.0,2518.0,2514.0,2518.0,3700,0.0,0.0
2024-08-15 10:07:00+09:00,2518.5,2518.5,2518.0,2518.0,600,0.0,0.0
2024-08-15 10:08:00+09:00,2519.5,2521.5,2519.5,2520.5,6800,0.0,0.0
2024-08-15 10:09:00+09:00,2519.5,2520.0,2518.5,2518.5,2200,0.0,0.0
2024-08-15 10:10:00+09:00,2518.0,2518.5,2517.0,2517.0,700,0.0,0.0
2024-08-15 10:11:00+09:00,2517.5,2518.5,2517.5,2518.0,1300,0.0,0.0
2024-08-15 10:12:00+09:00,2517.0,2517.5,2516.0,2517.5,1800,0.0,0.0
2024-08-15 10:13:00+09:00,2517.5,2517.5,2517.5,2517.5,600,0.0,0.0
2024-08-15 10:14:00+09:00,2518.0,2518.5,2513.0,2513.0,2700,0.0,0.0
2024-08-15 10:15:00+09:00,2514.0,2516.5,2514.0,2516.5,1700,0.0,0.0
2024-08-15 10:16:00+09:00,2516.0,2516.5,2515.5,2516.5,900,0.0,0.0
2024-08-15 10:18:00+09:00,2518.0,2518.0,2517.0,2517.5,1700,0.0,0.0
2024-08-15 10:19:00+09:00,2518.0,2518.0,2515.0,2515.0,2800,0.0,0.0
2024-08-15 10:20:00+09:00,2513.0,2513.5,2513.0,2513.5,500,0.0,0.0
2024-08-15 10:21:00+09:00,2513.5,2513.5,2510.0,2510.0,1500,0.0,0.0
2024-08-15 10:22:00+09:00,2511.5,2512.5,2511.5,2512.5,2600,0.0,0.0
2024-08-15 10:23:00+09:00,2512.5,2514.0,2512.5,2514.0,2800,0.0,0.0
2024-08-15 10:24:00+09:00,2514.0,2515.0,2513.5,2513.5,2700,0.0,0.0
2024-08-15 10:25:00+09:00,2513.5,2514.0,2513.5,2514.0,1500,0.0,0.0
2024-08-15 10:26:00+09:00,2514.0,2514.0,2512.5,2513.0,5000,0.0,0.0
2024-08-15 10:27:00+09:00,2513.0,2514.0,2513.0,2514.0,600,0.0,0.0
2024-08-15 10:28:00+09:00,2515.0,2516.0,2513.0,2513.0,2900,0.0,0.0
2024-08-15 10:29:00+09:00,2513.5,2515.0,2513.5,2515.0,1100,0.0,0.0
2024-08-15 10:30:00+09:00,2515.0,2516.5,2515.0,2516.5,1000,0.0,0.0
2024-08-15 10:31:00+09:00,2517.0,2517.0,2517.0,2517.0,2200,0.0,0.0
2024-08-15 10:32:00+09:00,2517.5,2518.0,2517.0,2518.0,600,0.0,0.0
2024-08-15 10:33:00+09:00,2518.5,2518.5,2515.0,2515.0,2600,0.0,0.0
2024-08-15 10:34:00+09:00,2516.0,2517.5,2515.5,2517.5,1300,0.0,0.0
2024-08-15 10:35:00+09:00,2517.5,2519.5,2517.5,2519.5,800,0.0,0.0
2024-08-15 10:36:00+09:00,2519.0,2519.0,2517.0,2517.5,1700,0.0,0.0
2024-08-15 10:37:00+09:00,2517.5,2517.5,2517.0,2517.0,2400,0.0,0.0
2024-08-15 10:38:00+09:00,2516.5,2517.5,2514.0,2517.5,4800,0.0,0.0
2024-08-15 10:39:00+09:00,2518.0,2518.5,2518.0,2518.5,1000,0.0,0.0
2024-08-15 10:40:00+09:00,2519.0,2519.5,2519.0,2519.5,400,0.0,0.0
2024-08-15 10:41:00+09:00,2519.5,2519.5,2519.5,2519.5,200,0.0,0.0
2024-08-15 10:42:00+09:00,2520.0,2521.5,2520.0,2521.0,1300,0.0,0.0
2024-08-15 10:43:00+09:00,2521.0,2521.0,2520.5,2521.0,2100,0.0,0.0
2024-08-15 10:44:00+09:00,2521.0,2521.5,2520.5,2520.5,3000,0.0,0.0
2024-08-15 10:45:00+09:00,2521.0,2522.0,2521.0,2522.0,2800,0.0,0.0
2024-08-15 10:46:00+09:00,2522.5,2523.0,2522.5,2523.0,700,0.0,0.0
2024-08-15 10:47:00+09:00,2523.5,2523.5,2522.0,2522.0,2900,0.0,0.0
2024-08-15 10:48:00+09:00,2522.5,2524.0,2522.5,2524.0,1000,0.0,0.0
2024-08-15 10:49:00+09:00,2524.0,2524.0,2524.0,2524.0,100,0.0,0.0
2024-08-15 10:50:00+09:00,2524.5,2524.5,2522.0,2522.0,3400,0.0,0.0
2024-08-15 10:51:00+09:00,2522.0,2522.5,2521.5,2522.5,1200,0.0,0.0
2024-08-15 10:52:00+09:00,2522.5,2522.5,2522.5,2522.5,1400,0.0,0.0
2024-08-15 10:53:00+09:00,2522.0,2522.0,2522.0,2522.0,100,0.0,0.0
2024-08-15 10:54:00+09:00,2522.5,2522.5,2522.0,2522.0,2700,0.0,0.0
2024-08-15 10:55:00+09:00,2522.0,2522.0,2521.0,2521.5,2400,0.0,0.0
2024-08-15 10:56:00+09:00,2521.5,2521.5,2521.0,2521.0,1000,0.0,0.0
2024-08-15 10:57:00+09:00,2521.5,2521.5,2520.5,2521.5,3900,0.0,0.0
2024-08-15 10:58:00+09:00,2521.5,2521.5,2521.0,2521.0,1400,0.0,0.0
2024-08-15 10:59:00+09:00,2521.0,2521.0,2519.5,2520.0,2200,0.0,0.0
2024-08-15 11:00:00+09:00,2520.0,2521.5,2518.5,2518.5,6400,0.0,0.0
2024-08-15 11:01:00+09:00,2518.5,2519.5,2518.5,2519.0,1200,0.0,0.0
2024-08-15 11:02:00+09:00,2519.0,2519.0,2517.0,2517.5,1600,0.0,0.0
2024-08-15 11:03:00+09:00,2516.5,2518.5,2516.5,2518.5,3500,0.0,0.0
2024-08-15 11:04:00+09:00,2518.5,2518.5,2516.0,2516.0,1500,0.0,0.0
2024-08-15 11:05:00+09:00,2514.0,2515.0,2513.0,2513.0,900,0.0,0.0
2024-08-15 11:06:00+09:00,2512.0,2515.0,2512.0,2515.0,2500,0.0,0.0
2024-08-15 11:07:00+09:00,2515.0,2517.5,2515.0,2517.5,1300,0.0,0.0
2024-08-15 11:08:00+09:00,2517.0,2518.0,2517.0,2518.0,800,0.0,0.0
2024-08-15 11:09:00+09:00,2518.0,2518.0,2518.0,2518.0,400,0.0,0.0
2024-08-15 11:10:00+09:00,2518.0,2518.5,2517.5,2518.5,2000,0.0,0.0
2024-08-15 11:11:00+09:00,2518.5,2518.5,2518.5,2518.5,1100,0.0,0.0
2024-08-15 11:12:00+09:00,2518.5,2518.5,2518.5,2518.5,100,0.0,0.0
2024-08-15 11:13:00+09:00,2519.0,2519.0,2518.5,2518.5,200,0.0,0.0
2024-08-15 11:14:00+09:00,2519.0,2520.5,2519.0,2520.5,2100,0.0,0.0
2024-08-15 11:15:00+09:00,2520.5,2521.5,2520.5,2521.5,1100,0.0,0.0
2024-08-15 11:16:00+09:00,2521.5,2521.5,2519.0,2519.0,5100,0.0,0.0
2024-08-15 11:17:00+09:00,2519.0,2519.0,2518.5,2518.5,1900,0.0,0.0
2024-08-15 11:18:00+09:00,2518.0,2519.0,2518.0,2519.0,3000,0.0,0.0
2024-08-15 11:19:00+09:00,2519.0,2519.0,2518.5,2518.5,200,0.0,0.0
2024-08-15 11:20:00+09:00,2519.0,2519.0,2518.0,2518.0,4400,0.0,0.0
2024-08-15 11:21:00+09:00,2518.0,2518.5,2518.0,2518.5,1000,0.0,0.0
2024-08-15 11:22:00+09:00,2518.5,2518.5,2518.5,2518.5,2700,0.0,0.0
2024-08-15 11:23:00+09:00,2518.0,2519.5,2516.5,2519.5,4400,0.0,0.0
2024-08-15 11:24:00+09:00,2520.0,2520.5,2520.0,2520.5,900,0.0,0.0
2024-08-15 11:25:00+09:00,2520.0,2520.0,2517.5,2517.5,3300,0.0,0.0
2024-08-15 11:26:00+09:00,2517.0,2518.0,2517.0,2518.0,2200,0.0,0.0
2024-08-15 11:27:00+09:00,2517.5,2517.5,2515.0,2515.0,2000,0.0,0.0
2024-08-15 11:28:00+09:00,2515.0,2515.5,2515.0,2515.0,1400,0.0,0.0
2024-08-15 11:29:00+09:00,2515.0,2515.5,2514.5,2514.5,1800,0.0,0.0
2024-08-15 11:30:00+09:00,2513.0,2513.0,2512.5,2512.5,900,0.0,0.0
2024-08-15 11:35:00+09:00,2512.5,2512.5,2512.5,2512.5,0,0.0,0.0
2024-08-15 12:30:00+09:00,2509.5,2512.0,2508.5,2508.5,398800,0.0,0.0
2024-08-15 12:31:00+09:00,2508.5,2510.5,2508.5,2510.5,6500,0.0,0.0
2024-08-15 12:32:00+09:00,2511.0,2511.0,2509.5,2509.5,2600,0.0,0.0
2024-08-15 12:33:00+09:00,2509.5,2509.5,2508.5,2508.5,1900,0.0,0.0
2024-08-15 12:34:00+09:00,2508.5,2508.5,2507.0,2507.0,1500,0.0,0.0
2024-08-15 12:35:00+09:00,2507.0,2510.0,2506.5,2508.0,6900,0.0,0.0
2024-08-15 12:36:00+09:00,2508.5,2510.0,2508.5,2509.5,2000,0.0,0.0
2024-08-15 12:37:00+09:00,2508.5,2509.5,2508.5,2509.5,1100,0.0,0.0
2024-08-15 12:38:00+09:00,2509.5,2511.5,2509.0,2511.5,2500,0.0,0.0
2024-08-15 12:39:00+09:00,2512.0,2512.0,2509.5,2509.5,2800,0.0,0.0
2024-08-15 12:40:00+09:00,2510.0,2510.5,2510.0,2510.0,2200,0.0,0.0
2024-08-15 12:41:00+09:00,2510.0,2510.0,2508.0,2509.0,1400,0.0,0.0
2024-08-15 12:42:00+09:00,2509.0,2509.0,2508.5,2508.5,1000,0.0,0.0
2024-08-15 12:43:00+09:00,2508.5,2508.5,2508.0,2508.0,1100,0.0,0.0
2024-08-15 12:44:00+09:00,2507.0,2508.5,2507.0,2508.5,1900,0.0,0.0
2024-08-15 12:45:00+09:00,2508.5,2508.5,2507.0,2507.0,1400,0.0,0.0
2024-08-15 12:46:00+09:00,2506.5,2506.5,2505.5,2505.5,800,0.0,0.0
2024-08-15 12:47:00+09:00,2505.5,2507.0,2505.5,2506.5,3400,0.0,0.0
2024-08-15 12:48:00+09:00,2506.5,2506.5,2506.5,2506.5,200,0.0,0.0
2024-08-15 12:49:00+09:00,2506.5,2506.5,2505.0,2505.0,1800,0.0,0.0
2024-08-15 12:50:00+09:00,2505.0,2506.0,2504.0,2505.5,5100,0.0,0.0
2024-08-15 12:51:00+09:00,2506.0,2506.0,2505.5,2505.5,1000,0.0,0.0
2024-08-15 12:52:00+09:00,2505.0,2505.0,2505.0,2505.0,300,0.0,0.0
2024-08-15 12:53:00+09:00,2505.0,2505.5,2504.5,2504.5,3600,0.0,0.0
2024-08-15 12:54:00+09:00,2504.5,2505.5,2503.5,2505.5,9400,0.0,0.0
2024-08-15 12:55:00+09:00,2506.0,2508.5,2506.0,2507.5,2500,0.0,0.0
2024-08-15 12:56:00+09:00,2508.0,2508.5,2506.5,2506.5,2500,0.0,0.0
2024-08-15 12:57:00+09:00,2506.0,2506.0,2505.0,2505.0,700,0.0,0.0
2024-08-15 12:58:00+09:00,2505.5,2505.5,2504.5,2504.5,1200,0.0,0.0
2024-08-15 12:59:00+09:00,2504.5,2504.5,2503.5,2503.5,1700,0.0,0.0
2024-08-15 13:00:00+09:00,2504.0,2505.0,2503.5,2505.0,2200,0.0,0.0
2024-08-15 13:01:00+09:00,2504.5,2505.0,2504.5,2505.0,700,0.0,0.0
2024-08-15 13:02:00+09:00,2505.0,2505.5,2503.5,2505.0,4800,0.0,0.0
2024-08-15 13:03:00+09:00,2504.0,2504.0,2503.0,2503.5,1000,0.0,0.0
2024-08-15 13:04:00+09:00,2504.0,2504.5,2504.0,2504.5,800,0.0,0.0
2024-08-15 13:05:00+09:00,2504.0,2504.0,2504.0,2504.0,900,0.0,0.0
2024-08-15 13:06:00+09:00,2503.5,2503.5,2503.0,2503.0,900,0.0,0.0
2024-08-15 13:07:00+09:00,2503.0,2503.0,2502.0,2502.0,5100,0.0,0.0
2024-08-15 13:08:00+09:00,2501.5,2501.5,2501.0,2501.5,1200,0.0,0.0
2024-08-15 13:09:00+09:00,2501.5,2501.5,2501.5,2501.5,800,0.0,0.0
2024-08-15 13:10:00+09:00,2501.0,2501.0,2501.0,2501.0,600,0.0,0.0
2024-08-15 13:11:00+09:00,2500.5,2500.5,2499.5,2500.0,3400,0.0,0.0
2024-08-15 13:12:00+09:00,2500.0,2500.0,2500.0,2500.0,2100,0.0,0.0
2024-08-15 13:13:00+09:00,2500.0,2500.0,2500.0,2500.0,200,0.0,0.0
2024-08-15 13:14:00+09:00,2500.5,2500.5,2500.0,2500.5,2400,0.0,0.0
2024-08-15 13:15:00+09:00,2500.5,2500.5,2500.0,2500.0,2000,0.0,0.0
2024-08-15 13:16:00+09:00,2500.0,2500.5,2500.0,2500.0,1100,0.0,0.0
2024-08-15 13:17:00+09:00,2500.0,2500.0,2499.5,2500.0,3300,0.0,0.0
2024-08-15 13:18:00+09:00,2499.5,2500.0,2499.0,2500.0,2800,0.0,0.0
2024-08-15 13:19:00+09:00,2500.5,2501.0,2500.5,2501.0,1000,0.0,0.0
2024-08-15 13:20:00+09:00,2501.5,2501.5,2501.5,2501.5,600,0.0,0.0
2024-08-15 13:21:00+09:00,2501.5,2501.5,2501.5,2501.5,1400,0.0,0.0
2024-08-15 13:23:00+09:00,2501.5,2501.5,2501.5,2501.5,1000,0.0,0.0
2024-08-15 13:24:00+09:00,2502.0,2502.5,2502.0,2502.5,1500,0.0,0.0
2024-08-15 13:25:00+09:00,2502.5,2502.5,2502.5,2502.5,1700,0.0,0.0
2024-08-15 13:26:00+09:00,2502.5,2502.5,2502.5,2502.5,200,0.0,0.0
2024-08-15 13:27:00+09:00,2503.0,2503.0,2503.0,2503.0,800,0.0,0.0
2024-08-15 13:28:00+09:00,2503.0,2503.0,2503.0,2503.0,1800,0.0,0.0
2024-08-15 13:29:00+09:00,2502.5,2502.5,2502.0,2502.5,2100,0.0,0.0
2024-08-15 13:30:00+09:00,2503.0,2504.0,2503.0,2504.0,2200,0.0,0.0
2024-08-15 13:31:00+09:00,2503.5,2504.0,2503.5,2504.0,200,0.0,0.0
2024-08-15 13:32:00+09:00,2504.0,2506.0,2504.0,2505.0,2800,0.0,0.0
2024-08-15 13:33:00+09:00,2506.0,2506.0,2505.5,2505.5,600,0.0,0.0
2024-08-15 13:34:00+09:00,2505.0,2505.0,2505.0,2505.0,200,0.0,0.0
2024-08-15 13:35:00+09:00,2505.5,2505.5,2505.0,2505.5,4500,0.0,0.0
2024-08-15 13:36:00+09:00,2505.5,2505.5,2505.5,2505.5,700,0.0,0.0
2024-08-15 13:37:00+09:00,2505.0,2505.0,2505.0,2505.0,200,0.0,0.0
2024-08-15 13:38:00+09:00,2505.0,2505.0,2504.5,2504.5,2900,0.0,0.0
2024-08-15 13:39:00+09:00,2504.0,2504.5,2504.0,2504.5,800,0.0,0.0
2024-08-15 13:40:00+09:00,2505.0,2505.0,2504.5,2504.5,1700,0.0,0.0
2024-08-15 13:42:00+09:00,2504.5,2504.5,2503.5,2503.5,2300,0.0,0.0
2024-08-15 13:43:00+09:00,2503.0,2503.0,2502.5,2502.5,2400,0.0,0.0
2024-08-15 13:44:00+09:00,2502.0,2505.0,2502.0,2505.0,3200,0.0,0.0
2024-08-15 13:45:00+09:00,2505.5,2509.5,2505.5,2509.5,7100,0.0,0.0
2024-08-15 13:46:00+09:00,2509.5,2510.0,2509.5,2510.0,1000,0.0,0.0
2024-08-15 13:47:00+09:00,2510.0,2510.0,2509.5,2509.5,4200,0.0,0.0
2024-08-15 13:48:00+09:00,2509.5,2509.5,2509.5,2509.5,1100,0.0,0.0
2024-08-15 13:50:00+09:00,2509.0,2509.0,2509.0,2509.0,100,0.0,0.0
2024-08-15 13:51:00+09:00,2509.5,2510.0,2508.5,2508.5,4900,0.0,0.0
2024-08-15 13:52:00+09:00,2508.5,2508.5,2508.5,2508.5,200,0.0,0.0
2024-08-15 13:53:00+09:00,2507.5,2508.0,2507.5,2508.0,1900,0.0,0.0
2024-08-15 13:54:00+09:00,2508.0,2508.5,2508.0,2508.0,1300,0.0,0.0
2024-08-15 13:55:00+09:00,2507.5,2508.5,2507.5,2507.5,3000,0.0,0.0
2024-08-15 13:56:00+09:00,2508.5,2508.5,2508.0,2508.0,1800,0.0,0.0
2024-08-15 13:57:00+09:00,2508.5,2509.0,2508.5,2509.0,500,0.0,0.0
2024-08-15 13:59:00+09:00,2508.5,2509.0,2508.5,2509.0,2700,0.0,0.0
2024-08-15 14:00:00+09:00,2509.0,2509.0,2508.0,2508.0,2100,0.0,0.0
2024-08-15 14:01:00+09:00,2507.5,2507.5,2507.0,2507.5,2200,0.0,0.0
2024-08-15 14:02:00+09:00,2507.0,2507.5,2507.0,2507.5,3800,0.0,0.0
2024-08-15 14:03:00+09:00,2507.0,2507.0,2506.5,2506.5,1300,0.0,0.0
2024-08-15 14:04:00+09:00,2506.0,2506.0,2505.0,2505.0,1500,0.0,0.0
2024-08-15 14:05:00+09:00,2504.5,2504.5,2501.5,2501.5,2900,0.0,0.0
2024-08-15 14:06:00+09:00,2501.5,2503.5,2501.5,2503.5,3300,0.0,0.0
2024-08-15 14:08:00+09:00,2504.5,2506.0,2504.5,2506.0,2300,0.0,0.0
2024-08-15 14:09:00+09:00,2506.5,2506.5,2506.5,2506.5,700,0.0,0.0
2024-08-15 14:10:00+09:00,2506.5,2506.5,2506.5,2506.5,1400,0.0,0.0
2024-08-15 14:11:00+09:00,2506.0,2506.0,2505.5,2505.5,3300,0.0,0.0
2024-08-15 14:12:00+09:00,2505.5,2506.0,2505.5,2506.0,2100,0.0,0.0
2024-08-15 14:13:00+09:00,2506.0,2507.0,2506.0,2506.5,2800,0.0,0.0
2024-08-15 14:14:00+09:00,2507.0,2507.0,2507.0,2507.0,500,0.0,0.0
2024-08-15 14:15:00+09:00,2507.0,2507.5,2507.0,2507.0,6800,0.0,0.0
2024-08-15 14:16:00+09:00,2507.5,2507.5,2507.5,2507.5,100,0.0,0.0
2024-08-15 14:17:00+09:00,2507.5,2507.5,2507.5,2507.5,100,0.0,0.0
2024-08-15 14:18:00+09:00,2507.0,2507.0,2506.5,2506.5,2700,0.0,0.0
2024-08-15 14:19:00+09:00,2506.5,2507.0,2506.5,2507.0,7000,0.0,0.0
2024-08-15 14:20:00+09:00,2506.5,2506.5,2506.0,2506.0,3700,0.0,0.0
2024-08-15 14:21:00+09:00,2506.0,2506.5,2505.5,2506.5,1300,0.0,0.0
2024-08-15 14:22:00+09:00,2506.5,2506.5,2505.5,2505.5,2200,0.0,0.0
2024-08-15 14:23:00+09:00,2505.5,2506.0,2505.5,2505.5,1500,0.0,0.0
2024-08-15 14:24:00+09:00,2505.5,2506.5,2505.5,2506.0,1700,0.0,0.0
2024-08-15 14:25:00+09:00,2506.5,2507.5,2506.5,2507.5,2900,0.0,0.0
2024-08-15 14:26:00+09:00,2507.5,2507.5,2507.5,2507.5,3000,0.0,0.0
2024-08-15 14:27:00+09:00,2507.5,2507.5,2506.5,2507.0,3600,0.0,0.0
2024-08-15 14:28:00+09:00,2506.5,2507.5,2506.5,2507.0,2500,0.0,0.0
2024-08-15 14:29:00+09:00,2507.5,2508.5,2507.5,2508.5,2500,0.0,0.0
2024-08-15 14:30:00+09:00,2508.0,2508.5,2508.0,2508.5,500,0.0,0.0
2024-08-15 14:31:00+09:00,2508.0,2508.0,2507.5,2508.0,4300,0.0,0.0
2024-08-15 14:32:00+09:00,2508.0,2509.0,2508.0,2509.0,3100,0.0,0.0
2024-08-15 14:33:00+09:00,2510.0,2510.0,2509.5,2509.5,400,0.0,0.0
2024-08-15 14:34:00+09:00,2509.5,2510.0,2509.5,2510.0,1700,0.0,0.0
2024-08-15 14:35:00+09:00,2510.0,2511.5,2510.0,2511.5,4200,0.0,0.0
2024-08-15 14:37:00+09:00,2511.0,2511.5,2511.0,2511.5,1500,0.0,0.0
2024-08-15 14:38:00+09:00,2511.5,2513.0,2511.5,2512.0,5600,0.0,0.0
2024-08-15 14:39:00+09:00,2512.0,2512.0,2512.0,2512.0,100,0.0,0.0
2024-08-15 14:40:00+09:00,2511.5,2514.0,2511.5,2514.0,5800,0.0,0.0
2024-08-15 14:41:00+09:00,2513.5,2514.5,2513.5,2514.5,2100,0.0,0.0
2024-08-15 14:42:00+09:00,2514.5,2515.0,2514.0,2515.0,3800,0.0,0.0
2024-08-15 14:43:00+09:00,2515.0,2515.5,2514.0,2514.5,14400,0.0,0.0
2024-08-15 14:44:00+09:00,2514.5,2514.5,2514.5,2514.5,600,0.0,0.0
2024-08-15 14:45:00+09:00,2514.0,2514.0,2513.0,2513.0,9300,0.0,0.0
2024-08-15 14:46:00+09:00,2513.0,2513.0,2513.0,2513.0,1600,0.0,0.0
2024-08-15 14:47:00+09:00,2513.5,2515.0,2512.5,2515.0,11700,0.0,0.0
2024-08-15 14:48:00+09:00,2514.5,2514.5,2513.5,2514.0,3400,0.0,0.0
2024-08-15 14:49:00+09:00,2513.5,2514.0,2513.0,2513.0,3700,0.0,0.0
2024-08-15 14:50:00+09:00,2513.5,2513.5,2512.0,2512.0,9500,0.0,0.0
2024-08-15 14:51:00+09:00,2511.5,2511.5,2511.0,2511.5,3100,0.0,0.0
2024-08-15 14:52:00+09:00,2511.5,2511.5,2510.0,2510.0,4900,0.0,0.0
2024-08-15 14:53:00+09:00,2509.5,2510.0,2509.0,2509.0,5200,0.0,0.0
2024-08-15 14:54:00+09:00,2508.5,2509.5,2508.5,2509.0,5400,0.0,0.0
2024-08-15 14:55:00+09:00,2509.0,2509.5,2509.0,2509.0,3400,0.0,0.0
2024-08-15 14:56:00+09:00,2509.0,2510.5,2509.0,2510.0,8200,0.0,0.0
2024-08-15 14:57:00+09:00,2510.0,2511.0,2509.0,2509.5,5800,0.0,0.0
2024-08-15 14:58:00+09:00,2510.0,2512.0,2510.0,2512.0,3600,0.0,0.0
2024-08-15 14:59:00+09:00,2511.5,2512.5,2510.0,2510.0,4500,0.0,0.0
2024-08-16 09:00:00+09:00,2550.0,2557.0,2530.0,2557.0,46000,0.0,0.0
2024-08-16 09:01:00+09:00,2557.0,2563.0,2557.0,2562.0,10900,0.0,0.0
2024-08-16 09:02:00+09:00,2562.0,2563.0,2559.0,2562.5,4600,0.0,0.0
2024-08-16 09:03:00+09:00,2563.5,2567.0,2563.5,2564.0,1900,0.0,0.0
2024-08-16 09:04:00+09:00,2566.0,2566.0,2561.5,2564.5,8800,0.0,0.0
2024-08-16 09:05:00+09:00,2566.0,2567.5,2566.0,2567.5,3700,0.0,0.0
2024-08-16 09:06:00+09:00,2568.0,2571.0,2567.5,2571.0,6500,0.0,0.0
2024-08-16 09:07:00+09:00,2570.5,2571.0,2570.0,2571.0,7000,0.0,0.0
2024-08-16 09:08:00+09:00,2572.0,2573.0,2566.5,2569.0,6600,0.0,0.0
2024-08-16 09:09:00+09:00,2569.5,2571.5,2569.0,2570.5,2800,0.0,0.0
2024-08-16 09:10:00+09:00,2571.5,2572.0,2570.5,2570.5,3300,0.0,0.0
2024-08-16 09:11:00+09:00,2571.0,2571.0,2569.5,2569.5,6200,0.0,0.0
2024-08-16 09:12:00+09:00,2569.5,2569.5,2562.5,2562.5,3100,0.0,0.0
2024-08-16 09:13:00+09:00,2562.5,2565.5,2562.5,2565.5,4600,0.0,0.0
2024-08-16 09:14:00+09:00,2567.5,2567.5,2565.5,2565.5,4300,0.0,0.0
2024-08-16 09:15:00+09:00,2565.5,2565.5,2564.0,2564.0,2700,0.0,0.0
2024-08-16 09:16:00+09:00,2564.0,2564.5,2562.5,2564.0,2100,0.0,0.0
2024-08-16 09:17:00+09:00,2564.5,2564.5,2564.0,2564.5,2200,0.0,0.0
2024-08-16 09:18:00+09:00,2564.5,2567.0,2564.0,2567.0,2400,0.0,0.0
2024-08-16 09:19:00+09:00,2567.5,2569.0,2567.5,2569.0,2100,0.0,0.0
2024-08-16 09:20:00+09:00,2568.5,2569.0,2566.5,2569.0,4700,0.0,0.0
2024-08-16 09:21:00+09:00,2570.0,2571.0,2569.0,2569.0,4500,0.0,0.0
2024-08-16 09:22:00+09:00,2569.5,2569.5,2568.0,2568.0,3800,0.0,0.0
2024-08-16 09:23:00+09:00,2568.5,2570.0,2568.5,2569.5,2100,0.0,0.0
2024-08-16 09:24:00+09:00,2569.5,2570.5,2569.0,2570.5,4300,0.0,0.0
2024-08-16 09:25:00+09:00,2571.5,2571.5,2571.0,2571.5,1000,0.0,0.0
2024-08-16 09:26:00+09:00,2572.0,2573.0,2570.0,2570.0,4400,0.0,0.0
2024-08-16 09:27:00+09:00,2570.0,2570.0,2567.5,2569.0,2100,0.0,0.0
2024-08-16 09:28:00+09:00,2569.5,2572.5,2569.5,2572.5,3400,0.0,0.0
2024-08-16 09:29:00+09:00,2572.5,2573.0,2572.5,2572.5,900,0.0,0.0
2024-08-16 09:30:00+09:00,2572.5,2574.5,2572.5,2574.5,4800,0.0,0.0
2024-08-16 09:31:00+09:00,2574.5,2576.0,2572.0,2572.0,12100,0.0,0.0
2024-08-16 09:32:00+09:00,2570.5,2570.5,2569.5,2570.0,4200,0.0,0.0
2024-08-16 09:33:00+09:00,2570.0,2571.0,2569.0,2570.5,5100,0.0,0.0
2024-08-16 09:34:00+09:00,2571.0,2571.0,2570.0,2570.0,2100,0.0,0.0
2024-08-16 09:35:00+09:00,2570.0,2570.0,2567.0,2568.5,4000,0.0,0.0
2024-08-16 09:36:00+09:00,2569.0,2570.5,2569.0,2570.5,1800,0.0,0.0
2024-08-16 09:37:00+09:00,2571.0,2571.0,2570.5,2570.5,2400,0.0,0.0
2024-08-16 09:38:00+09:00,2570.5,2570.5,2569.0,2569.0,3900,0.0,0.0
2024-08-16 09:39:00+09:00,2569.5,2570.5,2569.5,2570.5,7800,0.0,0.0
2024-08-16 09:40:00+09:00,2570.5,2572.0,2569.5,2569.5,4500,0.0,0.0
2024-08-16 09:41:00+09:00,2569.5,2569.5,2567.5,2569.0,4000,0.0,0.0
2024-08-16 09:42:00+09:00,2569.5,2569.5,2569.0,2569.5,2300,0.0,0.0
2024-08-16 09:43:00+09:00,2569.5,2569.5,2568.5,2568.5,1500,0.0,0.0
2024-08-16 09:44:00+09:00,2568.5,2569.0,2567.5,2567.5,4200,0.0,0.0
2024-08-16 09:45:00+09:00,2567.5,2567.5,2560.0,2561.5,11800,0.0,0.0
2024-08-16 09:46:00+09:00,2562.5,2563.5,2562.0,2563.5,900,0.0,0.0
2024-08-16 09:47:00+09:00,2563.5,2563.5,2560.5,2560.5,3900,0.0,0.0
2024-08-16 09:48:00+09:00,2560.5,2560.5,2557.0,2557.5,2900,0.0,0.0
2024-08-16 09:49:00+09:00,2557.0,2559.0,2557.0,2558.5,4800,0.0,0.0
2024-08-16 09:50:00+09:00,2558.5,2558.5,2550.0,2555.5,19100,0.0,0.0
2024-08-16 09:51:00+09:00,2556.0,2558.5,2556.0,2558.5,1100,0.0,0.0
2024-08-16 09:52:00+09:00,2559.0,2559.5,2557.5,2558.0,3500,0.0,0.0
2024-08-16 09:53:00+09:00,2558.5,2559.5,2558.5,2559.5,500,0.0,0.0
2024-08-16 09:54:00+09:00,2560.0,2561.5,2560.0,2561.5,2200,0.0,0.0
2024-08-16 09:55:00+09:00,2561.5,2561.5,2560.5,2561.5,3100,0.0,0.0
2024-08-16 09:56:00+09:00,2561.5,2563.0,2561.5,2563.0,1200,0.0,0.0
2024-08-16 09:57:00+09:00,2563.0,2566.5,2562.5,2566.5,4300,0.0,0.0
2024-08-16 09:58:00+09:00,2567.0,2568.0,2565.0,2565.0,4700,0.0,0.0
2024-08-16 09:59:00+09:00,2565.5,2566.0,2564.0,2564.0,1500,0.0,0.0
2024-08-16 10:00:00+09:00,2563.5,2565.5,2563.5,2565.5,2700,0.0,0.0
2024-08-16 10:01:00+09:00,2566.0,2566.5,2566.0,2566.5,300,0.0,0.0
2024-08-16 10:02:00+09:00,2567.5,2568.0,2567.0,2567.0,2300,0.0,0.0
2024-08-16 10:03:00+09:00,2567.0,2567.0,2564.5,2564.5,2900,0.0,0.0
2024-08-16 10:04:00+09:00,2565.0,2565.0,2564.0,2565.0,2200,0.0,0.0
2024-08-16 10:05:00+09:00,2565.0,2565.5,2564.0,2564.0,3200,0.0,0.0
2024-08-16 10:06:00+09:00,2564.0,2564.0,2563.0,2563.0,1200,0.0,0.0
2024-08-16 10:07:00+09:00,2563.0,2563.0,2562.5,2563.0,1700,0.0,0.0
2024-08-16 10:08:00+09:00,2563.5,2563.5,2563.0,2563.5,2200,0.0,0.0
2024-08-16 10:09:00+09:00,2564.0,2566.0,2564.0,2565.5,2900,0.0,0.0
2024-08-16 10:10:00+09:00,2565.5,2566.5,2565.5,2566.5,1100,0.0,0.0
2024-08-16 10:11:00+09:00,2567.0,2567.0,2561.0,2561.0,8000,0.0,0.0
2024-08-16 10:12:00+09:00,2560.5,2561.0,2560.0,2560.5,1800,0.0,0.0
2024-08-16 10:13:00+09:00,2560.5,2561.0,2559.5,2559.5,1200,0.0,0.0
2024-08-16 10:14:00+09:00,2559.0,2560.0,2559.0,2560.0,1300,0.0,0.0
2024-08-16 10:15:00+09:00,2560.5,2563.5,2560.5,2563.5,1400,0.0,0.0
2024-08-16 10:16:00+09:00,2564.0,2565.0,2563.5,2563.5,3000,0.0,0.0
2024-08-16 10:17:00+09:00,2564.0,2565.0,2564.0,2565.0,1100,0.0,0.0
2024-08-16 10:18:00+09:00,2565.0,2566.0,2565.0,2566.0,800,0.0,0.0
2024-08-16 10:19:00+09:00,2566.5,2568.0,2565.5,2565.5,4000,0.0,0.0
2024-08-16 10:20:00+09:00,2565.5,2565.5,2564.5,2565.0,1100,0.0,0.0
2024-08-16 10:21:00+09:00,2564.5,2564.5,2564.0,2564.0,1400,0.0,0.0
2024-08-16 10:22:00+09:00,2563.5,2565.5,2563.5,2564.5,3700,0.0,0.0
2024-08-16 10:23:00+09:00,2564.0,2564.0,2562.5,2562.5,1000,0.0,0.0
2024-08-16 10:24:00+09:00,2563.0,2563.5,2563.0,2563.5,2200,0.0,0.0
2024-08-16 10:25:00+09:00,2564.0,2564.5,2563.5,2564.5,2600,0.0,0.0
2024-08-16 10:26:00+09:00,2564.5,2564.5,2563.5,2563.5,3100,0.0,0.0
2024-08-16 10:27:00+09:00,2563.0,2563.5,2563.0,2563.0,1900,0.0,0.0
2024-08-16 10:28:00+09:00,2563.0,2564.0,2563.0,2564.0,1300,0.0,0.0
2024-08-16 10:29:00+09:00,2564.5,2564.5,2564.5,2564.5,1700,0.0,0.0
2024-08-16 10:30:00+09:00,2565.0,2565.5,2564.5,2564.5,3400,0.0,0.0
2024-08-16 10:31:00+09:00,2565.0,2565.5,2565.0,2565.0,1900,0.0,0.0
2024-08-16 10:32:00+09:00,2565.5,2565.5,2565.5,2565.5,1200,0.0,0.0
2024-08-16 10:33:00+09:00,2566.0,2566.5,2566.0,2566.5,600,0.0,0.0
2024-08-16 10:34:00+09:00,2566.5,2566.5,2566.0,2566.0,1800,0.0,0.0
2024-08-16 10:35:00+09:00,2566.0,2568.5,2566.0,2568.5,1100,0.0,0.0
2024-08-16 10:36:00+09:00,2568.5,2568.5,2566.0,2566.5,3800,0.0,0.0
2024-08-16 10:37:00+09:00,2566.0,2566.0,2565.5,2565.5,1800,0.0,0.0
2024-08-16 10:38:00+09:00,2565.0,2565.0,2564.5,2565.0,1200,0.0,0.0
2024-08-16 10:39:00+09:00,2564.5,2564.5,2562.5,2564.0,4300,0.0,0.0
2024-08-16 10:40:00+09:00,2563.5,2564.5,2563.5,2564.5,1000,0.0,0.0
2024-08-16 10:41:00+09:00,2564.5,2564.5,2564.5,2564.5,600,0.0,0.0
2024-08-16 10:42:00+09:00,2564.5,2565.0,2564.5,2564.5,300,0.0,0.0
2024-08-16 10:43:00+09:00,2565.0,2565.5,2565.0,2565.5,1000,0.0,0.0
2024-08-16 10:45:00+09:00,2565.5,2566.5,2565.5,2566.5,1300,0.0,0.0
2024-08-16 10:46:00+09:00,2567.5,2567.5,2565.5,2565.5,5400,0.0,0.0
2024-08-16 10:47:00+09:00,2565.5,2565.5,2565.5,2565.5,900,0.0,0.0
2024-08-16 10:48:00+09:00,2565.5,2566.5,2565.5,2566.5,2600,0.0,0.0
2024-08-16 10:49:00+09:00,2566.0,2566.0,2563.5,2563.5,4600,0.0,0.0
2024-08-16 10:50:00+09:00,2563.0,2564.0,2562.5,2564.0,2100,0.0,0.0
2024-08-16 10:51:00+09:00,2564.0,2564.0,2564.0,2564.0,400,0.0,0.0
2024-08-16 10:52:00+09:00,2566.0,2566.0,2565.5,2565.5,3800,0.0,0.0
2024-08-16 10:53:00+09:00,2565.0,2565.5,2564.5,2565.5,2500,0.0,0.0
2024-08-16 10:54:00+09:00,2565.5,2565.5,2565.0,2565.5,1500,0.0,0.0
2024-08-16 10:55:00+09:00,2566.0,2566.0,2566.0,2566.0,1600,0.0,0.0
2024-08-16 10:56:00+09:00,2566.0,2566.5,2566.0,2566.5,700,0.0,0.0
2024-08-16 10:57:00+09:00,2567.0,2567.0,2567.0,2567.0,1200,0.0,0.0
2024-08-16 10:58:00+09:00,2567.5,2567.5,2567.5,2567.5,200,0.0,0.0
2024-08-16 10:59:00+09:00,2567.5,2568.0,2567.5,2568.0,300,0.0,0.0
2024-08-16 11:00:00+09:00,2568.0,2568.0,2567.5,2568.0,3200,0.0,0.0
2024-08-16 11:01:00+09:00,2568.5,2569.5,2568.5,2569.5,800,0.0,0.0
2024-08-16 11:02:00+09:00,2569.5,2569.5,2569.0,2569.5,2900,0.0,0.0
2024-08-16 11:03:00+09:00,2569.5,2570.0,2569.5,2570.0,400,0.0,0.0
2024-08-16 11:04:00+09:00,2570.0,2570.0,2569.5,2570.0,4700,0.0,0.0
2024-08-16 11:05:00+09:00,2569.5,2569.5,2568.0,2568.5,2900,0.0,0.0
2024-08-16 11:06:00+09:00,2569.0,2569.0,2568.5,2568.5,2000,0.0,0.0
2024-08-16 11:07:00+09:00,2568.5,2568.5,2568.5,2568.5,2500,0.0,0.0
2024-08-16 11:08:00+09:00,2569.0,2570.5,2569.0,2570.5,2900,0.0,0.0
2024-08-16 11:09:00+09:00,2570.5,2570.5,2569.5,2569.5,1300,0.0,0.0
2024-08-16 11:10:00+09:00,2569.5,2569.5,2569.5,2569.5,1500,0.0,0.0
2024-08-16 11:11:00+09:00,2570.0,2570.0,2568.5,2568.5,1900,0.0,0.0
2024-08-16 11:12:00+09:00,2568.0,2568.0,2567.5,2567.5,1700,0.0,0.0
2024-08-16 11:13:00+09:00,2567.5,2567.5,2567.0,2567.0,2000,0.0,0.0
2024-08-16 11:14:00+09:00,2567.0,2567.0,2567.0,2567.0,100,0.0,0.0
2024-08-16 11:15:00+09:00,2567.5,2568.5,2567.5,2568.0,1700,0.0,0.0
2024-08-16 11:16:00+09:00,2568.5,2568.5,2567.5,2567.5,2800,0.0,0.0
2024-08-16 11:17:00+09:00,2568.0,2568.0,2567.0,2567.0,2000,0.0,0.0
2024-08-16 11:18:00+09:00,2567.0,2567.0,2565.5,2566.0,1400,0.0,0.0
2024-08-16 11:19:00+09:00,2566.0,2566.0,2565.0,2565.0,900,0.0,0.0
2024-08-16 11:20:00+09:00,2564.5,2564.5,2564.0,2564.0,1200,0.0,0.0
2024-08-16 11:21:00+09:00,2564.0,2564.0,2564.0,2564.0,600,0.0,0.0
2024-08-16 11:22:00+09:00,2564.0,2564.0,2563.5,2564.0,1600,0.0,0.0
2024-08-16 11:23:00+09:00,2563.5,2564.5,2563.0,2564.5,4000,0.0,0.0
2024-08-16 11:24:00+09:00,2565.0,2565.0,2565.0,2565.0,200,0.0,0.0
2024-08-16 11:25:00+09:00,2565.0,2565.5,2565.0,2565.0,700,0.0,0.0
2024-08-16 11:26:00+09:00,2565.5,2565.5,2564.5,2564.5,1300,0.0,0.0
2024-08-16 11:27:00+09:00,2565.5,2565.5,2564.0,2564.0,1600,0.0,0.0
2024-08-16 11:28:00+09:00,2563.5,2563.5,2563.0,2563.0,400,0.0,0.0
2024-08-16 11:29:00+09:00,2564.0,2564.0,2563.0,2564.0,300,0.0,0.0
2024-08-16 11:30:00+09:00,2564.0,2564.0,2564.0,2564.0,600,0.0,0.0
2024-08-16 11:35:00+09:00,2564.0,2564.0,2564.0,2564.0,0,0.0,0.0
2024-08-16 12:30:00+09:00,2559.5,2562.5,2556.0,2556.0,476800,0.0,0.0
2024-08-16 12:31:00+09:00,2555.5,2557.0,2553.5,2556.5,8800,0.0,0.0
2024-08-16 12:32:00+09:00,2556.5,2557.5,2556.0,2557.5,1300,0.0,0.0
2024-08-16 12:33:00+09:00,2557.0,2558.0,2557.0,2558.0,700,0.0,0.0
2024-08-16 12:34:00+09:00,2558.0,2558.5,2558.0,2558.5,1300,0.0,0.0
2024-08-16 12:36:00+09:00,2559.0,2559.0,2557.5,2557.5,6400,0.0,0.0
2024-08-16 12:37:00+09:00,2556.5,2557.5,2556.5,2557.5,4800,0.0,0.0
2024-08-16 12:38:00+09:00,2557.5,2558.0,2556.5,2556.5,1300,0.0,0.0
2024-08-16 12:39:00+09:00,2556.0,2556.5,2556.0,2556.0,1600,0.0,0.0
2024-08-16 12:40:00+09:00,2556.0,2557.5,2556.0,2557.5,3400,0.0,0.0
2024-08-16 12:41:00+09:00,2557.5,2558.0,2557.0,2557.5,2700,0.0,0.0
2024-08-16 12:43:00+09:00,2557.0,2558.5,2557.0,2558.5,2700,0.0,0.0
2024-08-16 12:44:00+09:00,2558.5,2559.5,2558.5,2559.5,2400,0.0,0.0
2024-08-16 12:45:00+09:00,2559.5,2561.5,2559.5,2561.0,2200,0.0,0.0
2024-08-16 12:46:00+09:00,2561.0,2561.5,2561.0,2561.5,900,0.0,0.0
2024-08-16 12:47:00+09:00,2561.0,2561.0,2560.0,2560.0,1400,0.0,0.0
2024-08-16 12:48:00+09:00,2560.0,2560.0,2559.5,2559.5,300,0.0,0.0
2024-08-16 12:49:00+09:00,2560.0,2561.5,2560.0,2561.0,2600,0.0,0.0
2024-08-16 12:50:00+09:00,2560.5,2560.5,2560.0,2560.0,1200,0.0,0.0
2024-08-16 12:51:00+09:00,2560.5,2560.5,2560.5,2560.5,1100,0.0,0.0
2024-08-16 12:52:00+09:00,2560.5,2560.5,2560.5,2560.5,1200,0.0,0.0
2024-08-16 12:53:00+09:00,2560.0,2560.5,2559.5,2559.5,2200,0.0,0.0
2024-08-16 12:54:00+09:00,2559.0,2559.5,2559.0,2559.5,1100,0.0,0.0
2024-08-16 12:55:00+09:00,2559.0,2560.0,2559.0,2560.0,2800,0.0,0.0
2024-08-16 12:56:00+09:00,2560.5,2560.5,2560.0,2560.0,1300,0.0,0.0
2024-08-16 12:57:00+09:00,2560.0,2560.5,2560.0,2560.5,500,0.0,0.0
2024-08-16 12:58:00+09:00,2560.0,2560.0,2560.0,2560.0,200,0.0,0.0
2024-08-16 12:59:00+09:00,2560.5,2561.0,2560.0,2560.5,4200,0.0,0.0
2024-08-16 13:00:00+09:00,2560.5,2561.0,2560.0,2560.5,2300,0.0,0.0
2024-08-16 13:01:00+09:00,2560.5,2561.5,2560.0,2560.0,4100,0.0,0.0
2024-08-16 13:02:00+09:00,2560.5,2560.5,2560.5,2560.5,100,0.0,0.0
2024-08-16 13:03:00+09:00,2560.5,2560.5,2560.0,2560.0,400,0.0,0.0
2024-08-16 13:04:00+09:00,2560.0,2560.0,2559.5,2559.5,2000,0.0,0.0
2024-08-16 13:05:00+09:00,2559.0,2559.0,2558.5,2558.5,700,0.0,0.0
2024-08-16 13:06:00+09:00,2558.0,2558.0,2558.0,2558.0,1300,0.0,0.0
2024-08-16 13:07:00+09:00,2558.0,2558.5,2558.0,2558.0,1500,0.0,0.0
2024-08-16 13:08:00+09:00,2558.5,2558.5,2556.5,2556.5,5200,0.0,0.0
2024-08-16 13:09:00+09:00,2556.0,2556.0,2555.5,2555.5,1500,0.0,0.0
2024-08-16 13:10:00+09:00,2555.0,2555.0,2554.5,2554.5,800,0.0,0.0
2024-08-16 13:11:00+09:00,2554.5,2554.5,2554.0,2554.0,800,0.0,0.0
2024-08-16 13:12:00+09:00,2553.5,2553.5,2553.5,2553.5,1300,0.0,0.0
2024-08-16 13:13:00+09:00,2553.0,2553.0,2553.0,2553.0,1300,0.0,0.0
2024-08-16 13:14:00+09:00,2553.0,2553.0,2551.5,2551.5,2800,0.0,0.0
2024-08-16 13:15:00+09:00,2551.5,2553.0,2551.5,2553.0,6900,0.0,0.0
2024-08-16 13:16:00+09:00,2552.5,2552.5,2552.0,2552.0,900,0.0,0.0
2024-08-16 13:17:00+09:00,2551.5,2552.0,2551.5,2552.0,400,0.0,0.0
2024-08-16 13:18:00+09:00,2552.0,2552.0,2550.5,2550.5,2600,0.0,0.0
2024-08-16 13:19:00+09:00,2550.5,2552.0,2550.0,2551.5,4600,0.0,0.0
2024-08-16 13:20:00+09:00,2552.0,2554.0,2552.0,2554.0,3700,0.0,0.0
2024-08-16 13:21:00+09:00,2554.5,2555.0,2554.5,2555.0,600,0.0,0.0
2024-08-16 13:22:00+09:00,2555.0,2555.5,2555.0,2555.5,400,0.0,0.0
2024-08-16 13:23:00+09:00,2554.5,2554.5,2554.5,2554.5,3000,0.0,0.0
2024-08-16 13:24:00+09:00,2555.0,2555.0,2554.5,2554.5,2400,0.0,0.0
2024-08-16 13:25:00+09:00,2554.0,2554.0,2554.0,2554.0,900,0.0,0.0
2024-08-16 13:26:00+09:00,2553.5,2554.0,2552.5,2552.5,1600,0.0,0.0
2024-08-16 13:27:00+09:00,2553.0,2553.0,2553.0,2553.0,1100,0.0,0.0
2024-08-16 13:28:00+09:00,2552.5,2552.5,2551.0,2551.0,2100,0.0,0.0
2024-08-16 13:29:00+09:00,2551.5,2553.5,2550.0,2553.5,4700,0.0,0.0
2024-08-16 13:30:00+09:00,2553.0,2553.0,2552.5,2553.0,1800,0.0,0.0
2024-08-16 13:31:00+09:00,2552.5,2552.5,2551.5,2551.5,1200,0.0,0.0
2024-08-16 13:32:00+09:00,2552.0,2552.0,2549.0,2549.0,3200,0.0,0.0
2024-08-16 13:33:00+09:00,2549.0,2551.0,2549.0,2551.0,2800,0.0,0.0
2024-08-16 13:34:00+09:00,2550.5,2550.5,2550.0,2550.0,1400,0.0,0.0
2024-08-16 13:35:00+09:00,2550.0,2550.5,2550.0,2550.0,300,0.0,0.0
2024-08-16 13:36:00+09:00,2550.0,2550.0,2549.0,2549.0,1500,0.0,0.0
2024-08-16 13:37:00+09:00,2549.5,2549.5,2548.5,2548.5,5400,0.0,0.0
2024-08-16 13:38:00+09:00,2548.5,2549.5,2548.5,2549.0,2700,0.0,0.0
2024-08-16 13:39:00+09:00,2549.5,2550.5,2549.5,2550.0,2200,0.0,0.0
2024-08-16 13:40:00+09:00,2550.5,2551.0,2550.0,2551.0,2300,0.0,0.0
2024-08-16 13:41:00+09:00,2551.5,2552.5,2551.5,2552.0,800,0.0,0.0
2024-08-16 13:42:00+09:00,2552.5,2553.0,2552.5,2552.5,1100,0.0,0.0
2024-08-16 13:43:00+09:00,2551.5,2551.5,2551.5,2551.5,100,0.0,0.0
2024-08-16 13:44:00+09:00,2552.0,2553.0,2552.0,2553.0,2000,0.0,0.0
2024-08-16 13:45:00+09:00,2553.5,2553.5,2553.0,2553.0,2700,0.0,0.0
2024-08-16 13:46:00+09:00,2552.5,2552.5,2552.5,2552.5,200,0.0,0.0
2024-08-16 13:47:00+09:00,2553.0,2553.0,2552.0,2552.0,2700,0.0,0.0
2024-08-16 13:48:00+09:00,2552.0,2554.0,2552.0,2553.5,5600,0.0,0.0
2024-08-16 13:49:00+09:00,2553.5,2555.5,2553.5,2555.5,2100,0.0,0.0
2024-08-16 13:50:00+09:00,2554.5,2556.0,2553.5,2553.5,2500,0.0,0.0
2024-08-16 13:51:00+09:00,2553.5,2554.5,2553.5,2554.5,1100,0.0,0.0
2024-08-16 13:52:00+09:00,2554.0,2554.5,2554.0,2554.0,500,0.0,0.0
2024-08-16 13:53:00+09:00,2554.0,2555.0,2554.0,2554.0,2300,0.0,0.0
2024-08-16 13:54:00+09:00,2554.0,2555.0,2554.0,2555.0,900,0.0,0.0
2024-08-16 13:55:00+09:00,2555.0,2555.5,2554.5,2554.5,1400,0.0,0.0
2024-08-16 13:56:00+09:00,2553.5,2554.0,2553.5,2554.0,1000,0.0,0.0
2024-08-16 13:57:00+09:00,2554.0,2554.5,2554.0,2554.0,600,0.0,0.0
2024-08-16 13:58:00+09:00,2553.5,2554.0,2553.0,2553.0,1500,0.0,0.0
2024-08-16 13:59:00+09:00,2553.5,2553.5,2552.5,2552.5,300,0.0,0.0
2024-08-16 14:00:00+09:00,2552.5,2554.0,2552.5,2554.0,4400,0.0,0.0
2024-08-16 14:01:00+09:00,2554.5,2556.0,2554.0,2554.5,2500,0.0,0.0
2024-08-16 14:02:00+09:00,2554.0,2554.5,2553.5,2553.5,1600,0.0,0.0
2024-08-16 14:03:00+09:00,2553.0,2554.0,2551.0,2551.0,2600,0.0,0.0
2024-08-16 14:04:00+09:00,2550.5,2553.5,2550.5,2553.5,3400,0.0,0.0
2024-08-16 14:05:00+09:00,2553.5,2553.5,2553.5,2553.5,400,0.0,0.0
2024-08-16 14:06:00+09:00,2553.0,2553.5,2553.0,2553.5,1100,0.0,0.0
2024-08-16 14:07:00+09:00,2553.5,2555.5,2553.5,2555.5,2100,0.0,0.0
2024-08-16 14:08:00+09:00,2555.5,2555.5,2553.5,2554.0,3200,0.0,0.0
2024-08-16 14:09:00+09:00,2553.5,2553.5,2553.0,2553.5,1300,0.0,0.0
2024-08-16 14:10:00+09:00,2553.5,2554.0,2552.5,2554.0,3800,0.0,0.0
2024-08-16 14:11:00+09:00,2553.5,2554.5,2553.5,2554.5,2500,0.0,0.0
2024-08-16 14:12:00+09:00,2553.5,2555.5,2553.5,2555.5,3300,0.0,0.0
2024-08-16 14:13:00+09:00,2555.0,2555.0,2555.0,2555.0,800,0.0,0.0
2024-08-16 14:14:00+09:00,2554.5,2554.5,2554.5,2554.5,1100,0.0,0.0
2024-08-16 14:15:00+09:00,2554.0,2555.0,2553.5,2555.0,3500,0.0,0.0
2024-08-16 14:16:00+09:00,2555.0,2555.5,2555.0,2555.0,1300,0.0,0.0
2024-08-16 14:17:00+09:00,2554.5,2554.5,2554.5,2554.5,100,0.0,0.0
2024-08-16 14:18:00+09:00,2555.0,2556.0,2555.0,2555.5,2800,0.0,0.0
2024-08-16 14:19:00+09:00,2555.5,2555.5,2555.5,2555.5,1000,0.0,0.0
2024-08-16 14:20:00+09:00,2555.0,2555.5,2554.0,2554.0,1700,0.0,0.0
2024-08-16 14:21:00+09:00,2554.0,2554.0,2553.0,2554.0,3600,0.0,0.0
2024-08-16 14:22:00+09:00,2554.0,2556.0,2554.0,2556.0,2000,0.0,0.0
2024-08-16 14:23:00+09:00,2555.5,2555.5,2554.5,2554.5,1700,0.0,0.0
2024-08-16 14:24:00+09:00,2554.0,2554.5,2554.0,2554.5,1500,0.0,0.0
2024-08-16 14:25:00+09:00,2554.0,2554.5,2553.5,2554.0,900,0.0,0.0
2024-08-16 14:26:00+09:00,2554.0,2554.5,2553.0,2553.0,1900,0.0,0.0
2024-08-16 14:27:00+09:00,2553.0,2553.0,2553.0,2553.0,100,0.0,0.0
2024-08-16 14:28:00+09:00,2553.0,2553.5,2551.5,2552.0,1600,0.0,0.0
2024-08-16 14:29:00+09:00,2552.0,2553.0,2552.0,2553.0,2800,0.0,0.0
2024-08-16 14:30:00+09:00,2552.5,2554.0,2551.0,2554.0,4200,0.0,0.0
2024-08-16 14:31:00+09:00,2553.0,2554.0,2553.0,2554.0,1400,0.0,0.0
2024-08-16 14:32:00+09:00,2554.0,2554.5,2553.0,2553.0,2400,0.0,0.0
2024-08-16 14:33:00+09:00,2553.0,2554.0,2553.0,2553.5,2400,0.0,0.0
2024-08-16 14:34:00+09:00,2553.0,2553.5,2553.0,2553.0,1000,0.0,0.0
2024-08-16 14:35:00+09:00,2553.0,2556.0,2553.0,2555.5,4900,0.0,0.0
2024-08-16 14:36:00+09:00,2556.5,2556.5,2555.5,2555.5,1200,0.0,0.0
2024-08-16 14:37:00+09:00,2555.5,2555.5,2553.5,2553.5,2100,0.0,0.0
2024-08-16 14:38:00+09:00,2552.5,2554.5,2552.5,2553.5,4300,0.0,0.0
2024-08-16 14:39:00+09:00,2553.5,2553.5,2551.0,2551.0,3700,0.0,0.0
2024-08-16 14:40:00+09:00,2551.0,2552.0,2549.0,2552.0,5200,0.0,0.0
2024-08-16 14:41:00+09:00,2552.0,2553.0,2551.0,2551.0,3800,0.0,0.0
2024-08-16 14:42:00+09:00,2550.5,2551.0,2549.5,2550.5,2600,0.0,0.0
2024-08-16 14:43:00+09:00,2549.0,2549.0,2547.0,2548.0,1700,0.0,0.0
2024-08-16 14:44:00+09:00,2547.5,2550.0,2547.0,2549.0,5800,0.0,0.0
2024-08-16 14:45:00+09:00,2549.0,2551.5,2548.0,2548.0,7700,0.0,0.0
2024-08-16 14:46:00+09:00,2547.5,2548.5,2547.5,2548.5,3400,0.0,0.0
2024-08-16 14:47:00+09:00,2547.5,2550.0,2547.0,2549.0,6600,0.0,0.0
2024-08-16 14:48:00+09:00,2549.5,2549.5,2548.0,2549.5,2800,0.0,0.0
2024-08-16 14:49:00+09:00,2549.5,2551.5,2549.5,2550.0,4900,0.0,0.0
2024-08-16 14:50:00+09:00,2550.5,2551.5,2550.5,2550.5,5500,0.0,0.0
2024-08-16 14:51:00+09:00,2551.0,2551.5,2550.0,2550.5,6600,0.0,0.0
2024-08-16 14:52:00+09:00,2550.5,2553.5,2549.5,2551.0,7700,0.0,0.0
2024-08-16 14:53:00+09:00,2551.5,2552.5,2551.0,2551.0,7100,0.0,0.0
2024-08-16 14:54:00+09:00,2551.0,2551.0,2548.5,2549.5,7100,0.0,0.0
2024-08-16 14:55:00+09:00,2550.0,2553.0,2549.5,2553.0,5700,0.0,0.0
2024-08-16 14:56:00+09:00,2552.5,2553.5,2551.5,2552.0,4700,0.0,0.0
2024-08-16 14:57:00+09:00,2551.5,2553.5,2551.5,2552.0,5200,0.0,0.0
2024-08-16 14:58:00+09:00,2552.5,2553.0,2551.5,2551.5,4500,0.0,0.0
2024-08-16 14:59:00+09:00,2552.5,2554.5,2547.5,2547.5,27400,0.0,0.0
