Datetime,Open,High,Low,Close,Volume,Dividends,Stock Splits
2024-09-20 09:00:00+09:00,3215.0,3230.0,3210.0,3210.0,0,0.0,0.0
2024-09-20 09:05:00+09:00,3210.0,3210.0,3195.0,3200.0,1600,0.0,0.0
2024-09-20 09:10:00+09:00,3210.0,3210.0,3210.0,3210.0,0,0.0,0.0
2024-09-20 09:15:00+09:00,3210.0,3210.0,3210.0,3210.0,190,0.0,0.0
2024-09-20 09:20:00+09:00,3210.0,3210.0,3210.0,3210.0,0,0.0,0.0
2024-09-20 09:25:00+09:00,3210.0,3210.0,3210.0,3210.0,918,0.0,0.0
2024-09-20 09:30:00+09:00,3215.0,3220.0,3215.0,3220.0,5,0.0,0.0
2024-09-20 09:35:00+09:00,3200.0,3200.0,3195.0,3195.0,302,0.0,0.0
2024-09-20 09:40:00+09:00,3195.0,3200.0,3190.0,3200.0,1149,0.0,0.0
2024-09-20 09:45:00+09:00,3215.0,3215.0,3215.0,3215.0,37,0.0,0.0
2024-09-20 09:55:00+09:00,3210.0,3215.0,3210.0,3215.0,0,0.0,0.0
2024-09-20 10:00:00+09:00,3210.0,3225.0,3210.0,3225.0,53,0.0,0.0
2024-09-20 10:05:00+09:00,3230.0,3235.0,3205.0,3230.0,2523,0.0,0.0
2024-09-20 10:15:00+09:00,3220.0,3220.0,3205.0,3205.0,25,0.0,0.0
2024-09-20 10:25:00+09:00,3205.0,3205.0,3200.0,3200.0,2580,0.0,0.0
2024-09-20 10:30:00+09:00,3215.0,3215.0,3170.0,3170.0,3061,0.0,0.0
2024-09-20 10:35:00+09:00,3200.0,3200.0,3200.0,3200.0,100,0.0,0.0
2024-09-20 10:50:00+09:00,3205.0,3205.0,3205.0,3205.0,60,0.0,0.0
2024-09-20 11:00:00+09:00,3185.0,3185.0,3185.0,3185.0,88,0.0,0.0
2024-09-20 11:05:00+09:00,3190.0,3210.0,3190.0,3210.0,10,0.0,0.0
2024-09-20 11:10:00+09:00,3200.0,3200.0,3200.0,3200.0,109,0.0,0.0
2024-09-20 11:20:00+09:00,3200.0,3210.0,3200.0,3210.0,0,0.0,0.0
2024-09-20 11:25:00+09:00,3210.0,3210.0,3210.0,3210.0,221,0.0,0.0
2024-09-20 11:45:00+09:00,3215.0,3220.0,3200.0,3210.0,170,0.0,0.0
2024-09-20 11:50:00+09:00,3210.0,3215.0,3210.0,3215.0,181,0.0,0.0
2024-09-20 12:30:00+09:00,3215.0,3220.0,3215.0,3220.0,454,0.0,0.0
2024-09-20 13:00:00+09:00,3220.0,3220.0,3220.0,3220.0,0,0.0,0.0
2024-09-20 13:55:00+09:00,3220.0,3220.0,3205.0,3205.0,179,0.0,0.0
2024-09-20 14:10:00+09:00,3220.0,3225.0,3205.0,3205.0,1488,0.0,0.0
2024-09-20 14:15:00+09:00,3220.0,3235.0,3220.0,3235.0,14,0.0,0.0
2024-09-20 14:30:00+09:00,3215.0,3230.0,3205.0,3230.0,1908,0.0,0.0
2024-09-23 09:00:00+09:00,3210.0,3210.0,3210.0,3210.0,0,0.0,0.0
2024-09-23 09:05:00+09:00,3210.0,3210.0,3200.0,3200.0,0,0.0,0.0
2024-09-23 09:10:00+09:00,3200.0,3220.0,3200.0,3220.0,5,0.0,0.0
2024-09-23 09:20:00+09:00,3200.0,3215.0,3200.0,3215.0,5,0.0,0.0
2024-09-23 09:25:00+09:00,3210.0,3220.0,3210.0,3220.0,29,0.0,0.0
2024-09-23 09:35:00+09:00,3210.0,3210.0,3210.0,3210.0,0,0.0,0.0
2024-09-23 09:40:00+09:00,3210.0,3220.0,3210.0,3220.0,995,0.0,0.0
2024-09-23 09:45:00+09:00,3215.0,3225.0,3215.0,3225.0,0,0.0,0.0
2024-09-23 09:50:00+09:00,3225.0,3225.0,3225.0,3225.0,27,0.0,0.0
2024-09-23 09:55:00+09:00,3225.0,3260.0,3220.0,3235.0,412,0.0,0.0
2024-09-23 10:00:00+09:00,3230.0,3250.0,3225.0,3240.0,51,0.0,0.0
2024-09-23 10:05:00+09:00,3235.0,3235.0,3230.0,3230.0,21,0.0,0.0
2024-09-23 10:10:00+09:00,3230.0,3245.0,3225.0,3225.0,177,0.0,0.0
2024-09-23 10:15:00+09:00,3220.0,3220.0,3215.0,3215.0,699,0.0,0.0
2024-09-23 10:20:00+09:00,3215.0,3215.0,3215.0,3215.0,0,0.0,0.0
2024-09-23 11:00:00+09:00,3210.0,3245.0,3205.0,3240.0,395,0.0,0.0
2024-09-23 11:05:00+09:00,3230.0,3245.0,3230.0,3230.0,48,0.0,0.0
2024-09-23 11:20:00+09:00,3220.0,3220.0,3220.0,3220.0,3,0.0,0.0
2024-09-23 11:30:00+09:00,3215.0,3220.0,3215.0,3215.0,807,0.0,0.0
2024-09-23 11:35:00+09:00,3210.0,3210.0,3200.0,3200.0,97,0.0,0.0
2024-09-23 11:40:00+09:00,3205.0,3215.0,3205.0,3215.0,6,0.0,0.0
2024-09-23 11:45:00+09:00,3215.0,3215.0,3215.0,3215.0,16,0.0,0.0
2024-09-23 11:50:00+09:00,3215.0,3215.0,3200.0,3200.0,380,0.0,0.0
2024-09-23 11:55:00+09:00,3200.0,3215.0,3195.0,3200.0,1024,0.0,0.0
2024-09-23 12:00:00+09:00,3195.0,3215.0,3185.0,3215.0,1204,0.0,0.0
2024-09-23 12:05:00+09:00,3200.0,3215.0,3200.0,3215.0,4,0.0,0.0
2024-09-23 12:15:00+09:00,3195.0,3215.0,3195.0,3195.0,16,0.0,0.0
2024-09-23 12:20:00+09:00,3190.0,3190.0,3170.0,3175.0,1122,0.0,0.0
2024-09-23 12:25:00+09:00,3175.0,3195.0,3170.0,3185.0,211,0.0,0.0
2024-09-23 12:30:00+09:00,3170.0,3205.0,3170.0,3190.0,141,0.0,0.0
2024-09-23 12:35:00+09:00,3195.0,3200.0,3190.0,3200.0,6,0.0,0.0
2024-09-23 12:40:00+09:00,3190.0,3215.0,3185.0,3210.0,204,0.0,0.0
2024-09-23 12:45:00+09:00,3185.0,3200.0,3185.0,3185.0,5,0.0,0.0
2024-09-23 12:55:00+09:00,3190.0,3210.0,3180.0,3180.0,34,0.0,0.0
2024-09-23 13:00:00+09:00,3185.0,3210.0,3185.0,3210.0,97,0.0,0.0
2024-09-23 13:20:00+09:00,3190.0,3190.0,3190.0,3190.0,1,0.0,0.0
2024-09-23 13:55:00+09:00,3190.0,3190.0,3190.0,3190.0,4,0.0,0.0
2024-09-23 14:00:00+09:00,3190.0,3210.0,3185.0,3185.0,141,0.0,0.0
2024-09-23 14:10:00+09:00,3190.0,3205.0,3190.0,3205.0,0,0.0,0.0
2024-09-23 14:30:00+09:00,3190.0,3190.0,3190.0,3190.0,1,0.0,0.0
2024-09-23 14:35:00+09:00,3190.0,3210.0,3190.0,3210.0,8,0.0,0.0
2024-09-23 14:40:00+09:00,3200.0,3205.0,3200.0,3205.0,51,0.0,0.0
2024-09-23 14:55:00+09:00,3205.0,3205.0,3205.0,3205.0,19,0.0,0.0
2024-09-24 09:00:00+09:00,3210.0,3210.0,3210.0,3210.0,3,0.0,0.0
2024-09-24 09:25:00+09:00,3205.0,3210.0,3190.0,3190.0,119,0.0,0.0
2024-09-24 09:30:00+09:00,3210.0,3210.0,3210.0,3210.0,0,0.0,0.0
2024-09-24 10:05:00+09:00,3205.0,3210.0,3205.0,3210.0,31,0.0,0.0
2024-09-24 10:20:00+09:00,3210.0,3210.0,3205.0,3210.0,0,0.0,0.0
2024-09-24 10:35:00+09:00,3190.0,3190.0,3185.0,3185.0,1877,0.0,0.0
2024-09-24 11:15:00+09:00,3185.0,3185.0,3180.0,3180.0,0,0.0,0.0
2024-09-24 11:20:00+09:00,3175.0,3175.0,3175.0,3175.0,11,0.0,0.0
2024-09-24 11:25:00+09:00,3175.0,3175.0,3170.0,3175.0,189,0.0,0.0
2024-09-24 11:30:00+09:00,3165.0,3190.0,3155.0,3185.0,1431,0.0,0.0
2024-09-24 11:45:00+09:00,3180.0,3180.0,3180.0,3180.0,97,0.0,0.0
2024-09-24 12:00:00+09:00,3180.0,3180.0,3180.0,3180.0,0,0.0,0.0
2024-09-24 12:05:00+09:00,3180.0,3180.0,3180.0,3180.0,1999,0.0,0.0
2024-09-24 12:10:00+09:00,3175.0,3175.0,3175.0,3175.0,0,0.0,0.0
2024-09-24 12:20:00+09:00,3170.0,3170.0,3170.0,3170.0,3,0.0,0.0
2024-09-24 12:25:00+09:00,3165.0,3165.0,3100.0,3105.0,5039,0.0,0.0
2024-09-24 12:30:00+09:00,3135.0,3190.0,3135.0,3170.0,2059,0.0,0.0
2024-09-24 12:35:00+09:00,3170.0,3170.0,3170.0,3170.0,2,0.0,0.0
2024-09-24 12:45:00+09:00,3160.0,3160.0,3150.0,3160.0,1044,0.0,0.0
2024-09-24 12:50:00+09:00,3170.0,3185.0,3140.0,3180.0,631,0.0,0.0
2024-09-24 12:55:00+09:00,3180.0,3185.0,3175.0,3185.0,537,0.0,0.0
2024-09-24 13:00:00+09:00,3185.0,3185.0,3180.0,3185.0,965,0.0,0.0
2024-09-24 13:05:00+09:00,3180.0,3185.0,3140.0,3155.0,3869,0.0,0.0
2024-09-24 13:10:00+09:00,3150.0,3150.0,3140.0,3150.0,17,0.0,0.0
2024-09-24 13:15:00+09:00,3140.0,3170.0,3130.0,3170.0,1688,0.0,0.0
2024-09-24 13:20:00+09:00,3170.0,3170.0,3155.0,3165.0,0,0.0,0.0
2024-09-24 13:25:00+09:00,3165.0,3165.0,3165.0,3165.0,1,0.0,0.0
2024-09-24 13:30:00+09:00,3155.0,3155.0,3150.0,3150.0,1133,0.0,0.0
2024-09-24 13:35:00+09:00,3150.0,3155.0,3140.0,3155.0,1203,0.0,0.0
2024-09-24 13:40:00+09:00,3155.0,3155.0,3155.0,3155.0,9,0.0,0.0
2024-09-24 13:45:00+09:00,3155.0,3155.0,3155.0,3155.0,0,0.0,0.0
2024-09-24 13:50:00+09:00,3145.0,3155.0,3130.0,3135.0,1401,0.0,0.0
2024-09-24 13:55:00+09:00,3155.0,3155.0,3130.0,3150.0,723,0.0,0.0
2024-09-24 14:00:00+09:00,3150.0,3150.0,3150.0,3150.0,2,0.0,0.0
2024-09-24 14:05:00+09:00,3150.0,3150.0,3135.0,3150.0,1002,0.0,0.0
2024-09-24 14:10:00+09:00,3150.0,3165.0,3135.0,3165.0,2284,0.0,0.0
2024-09-24 14:15:00+09:00,3135.0,3135.0,3130.0,3135.0,2131,0.0,0.0
2024-09-24 14:20:00+09:00,3135.0,3155.0,3135.0,3145.0,1,0.0,0.0
2024-09-24 14:25:00+09:00,3145.0,3145.0,3145.0,3145.0,31,0.0,0.0
2024-09-24 14:40:00+09:00,3135.0,3135.0,3135.0,3135.0,77,0.0,0.0
2024-09-24 14:50:00+09:00,3140.0,3140.0,3140.0,3140.0,386,0.0,0.0
2024-09-24 14:55:00+09:00,3145.0,3145.0,3145.0,3145.0,0,0.0,0.0
2024-09-25 09:00:00+09:00,3130.0,3130.0,3130.0,3130.0,81,0.0,0.0
2024-09-25 09:05:00+09:00,3130.0,3170.0,3130.0,3170.0,48,0.0,0.0
2024-09-25 09:10:00+09:00,3160.0,3160.0,3145.0,3145.0,7,0.0,0.0
2024-09-25 09:15:00+09:00,3140.0,3150.0,3100.0,3130.0,969,0.0,0.0
2024-09-25 09:20:00+09:00,3125.0,3135.0,3125.0,3135.0,11,0.0,0.0
2024-09-25 09:35:00+09:00,3135.0,3135.0,3135.0,3135.0,9,0.0,0.0
2024-09-25 09:40:00+09:00,3130.0,3130.0,3100.0,3125.0,505,0.0,0.0
2024-09-25 10:00:00+09:00,3125.0,3125.0,3125.0,3125.0,99,0.0,0.0
2024-09-25 10:20:00+09:00,3110.0,3110.0,3110.0,3110.0,3,0.0,0.0
2024-09-25 10:30:00+09:00,3125.0,3125.0,3110.0,3125.0,3,0.0,0.0
2024-09-25 10:35:00+09:00,3125.0,3130.0,3125.0,3130.0,100,0.0,0.0
2024-09-25 10:40:00+09:00,3125.0,3130.0,3125.0,3130.0,37,0.0,0.0
2024-09-25 11:00:00+09:00,3125.0,3135.0,3125.0,3135.0,970,0.0,0.0
2024-09-25 11:15:00+09:00,3135.0,3135.0,3130.0,3130.0,998,0.0,0.0
2024-09-25 11:20:00+09:00,3130.0,3130.0,3130.0,3130.0,18,0.0,0.0
2024-09-25 11:35:00+09:00,3120.0,3120.0,3120.0,3120.0,999,0.0,0.0
2024-09-25 12:05:00+09:00,3120.0,3120.0,3120.0,3120.0,229,0.0,0.0
2024-09-25 12:15:00+09:00,3110.0,3125.0,3110.0,3125.0,0,0.0,0.0
2024-09-25 12:20:00+09:00,3130.0,3130.0,3130.0,3130.0,1100,0.0,0.0
2024-09-25 12:25:00+09:00,3125.0,3125.0,3125.0,3125.0,0,0.0,0.0
2024-09-25 12:55:00+09:00,3125.0,3125.0,3125.0,3125.0,39,0.0,0.0
2024-09-25 13:00:00+09:00,3125.0,3125.0,3125.0,3125.0,0,0.0,0.0
2024-09-25 13:05:00+09:00,3125.0,3125.0,3125.0,3125.0,1,0.0,0.0
2024-09-25 13:15:00+09:00,3125.0,3160.0,3125.0,3160.0,4092,0.0,0.0
2024-09-25 13:20:00+09:00,3155.0,3160.0,3155.0,3160.0,2300,0.0,0.0
2024-09-25 13:25:00+09:00,3160.0,3160.0,3160.0,3160.0,4,0.0,0.0
2024-09-25 14:10:00+09:00,3145.0,3145.0,3135.0,3135.0,1091,0.0,0.0
2024-09-25 14:15:00+09:00,3135.0,3155.0,3130.0,3155.0,33,0.0,0.0
2024-09-25 14:40:00+09:00,3150.0,3150.0,3150.0,3150.0,362,0.0,0.0
2024-09-25 14:45:00+09:00,3150.0,3150.0,3145.0,3150.0,0,0.0,0.0
2024-09-26 09:00:00+09:00,3160.0,3165.0,3135.0,3160.0,93,0.0,0.0
2024-09-26 09:05:00+09:00,3160.0,3160.0,3160.0,3160.0,1,0.0,0.0
2024-09-26 09:10:00+09:00,3160.0,3160.0,3160.0,3160.0,1,0.0,0.0
2024-09-26 09:15:00+09:00,3160.0,3170.0,3145.0,3170.0,14,0.0,0.0
2024-09-26 09:25:00+09:00,3170.0,3175.0,3170.0,3175.0,32,0.0,0.0
2024-09-26 09:35:00+09:00,3175.0,3220.0,3175.0,3220.0,185,0.0,0.0
2024-09-26 09:40:00+09:00,3215.0,3215.0,3215.0,3215.0,0,0.0,0.0
2024-09-26 09:50:00+09:00,3195.0,3195.0,3175.0,3180.0,776,0.0,0.0
2024-09-26 10:00:00+09:00,3180.0,3180.0,3180.0,3180.0,0,0.0,0.0
2024-09-26 10:15:00+09:00,3180.0,3180.0,3180.0,3180.0,623,0.0,0.0
2024-09-26 10:25:00+09:00,3180.0,3195.0,3180.0,3195.0,0,0.0,0.0
2024-09-26 10:30:00+09:00,3195.0,3200.0,3195.0,3200.0,2,0.0,0.0
2024-09-26 10:55:00+09:00,3185.0,3190.0,3185.0,3190.0,50,0.0,0.0
2024-09-26 11:00:00+09:00,3190.0,3190.0,3160.0,3160.0,513,0.0,0.0
2024-09-26 11:05:00+09:00,3155.0,3160.0,3155.0,3160.0,1009,0.0,0.0
2024-09-26 11:10:00+09:00,3155.0,3210.0,3150.0,3210.0,1914,0.0,0.0
2024-09-26 11:15:00+09:00,3205.0,3210.0,3205.0,3210.0,0,0.0,0.0
2024-09-26 11:25:00+09:00,3205.0,3210.0,3205.0,3210.0,998,0.0,0.0
2024-09-26 11:30:00+09:00,3210.0,3250.0,3210.0,3245.0,42,0.0,0.0
2024-09-26 11:35:00+09:00,3225.0,3225.0,3210.0,3210.0,1175,0.0,0.0
2024-09-26 11:40:00+09:00,3235.0,3235.0,3235.0,3235.0,1,0.0,0.0
2024-09-26 12:00:00+09:00,3230.0,3230.0,3230.0,3230.0,3,0.0,0.0
2024-09-26 12:05:00+09:00,3235.0,3250.0,3210.0,3250.0,535,0.0,0.0
2024-09-26 12:10:00+09:00,3250.0,3285.0,3250.0,3285.0,1023,0.0,0.0
2024-09-26 12:15:00+09:00,3285.0,3290.0,3285.0,3290.0,99,0.0,0.0
2024-09-26 12:20:00+09:00,3285.0,3290.0,3285.0,3290.0,131,0.0,0.0
2024-09-26 12:25:00+09:00,3295.0,3295.0,3295.0,3295.0,0,0.0,0.0
2024-09-26 12:35:00+09:00,3290.0,3295.0,3290.0,3290.0,107,0.0,0.0
2024-09-26 12:40:00+09:00,3275.0,3285.0,3245.0,3245.0,218,0.0,0.0
2024-09-26 12:45:00+09:00,3270.0,3275.0,3270.0,3275.0,7,0.0,0.0
2024-09-26 12:50:00+09:00,3275.0,3300.0,3275.0,3300.0,1335,0.0,0.0
2024-09-26 13:00:00+09:00,3295.0,3300.0,3295.0,3300.0,0,0.0,0.0
2024-09-26 13:15:00+09:00,3295.0,3295.0,3250.0,3260.0,1099,0.0,0.0
2024-09-26 13:20:00+09:00,3275.0,3295.0,3260.0,3295.0,262,0.0,0.0
2024-09-26 13:25:00+09:00,3295.0,3320.0,3295.0,3320.0,462,0.0,0.0
2024-09-26 13:35:00+09:00,3320.0,3345.0,3320.0,3320.0,880,0.0,0.0
2024-09-26 13:40:00+09:00,3335.0,3340.0,3335.0,3340.0,1247,0.0,0.0
2024-09-26 13:45:00+09:00,3340.0,3340.0,3300.0,3300.0,11,0.0,0.0
2024-09-26 13:50:00+09:00,3325.0,3340.0,3325.0,3340.0,700,0.0,0.0
2024-09-26 13:55:00+09:00,3335.0,3340.0,3320.0,3320.0,280,0.0,0.0
2024-09-26 14:00:00+09:00,3315.0,3560.0,3300.0,3330.0,40738,0.0,0.0
2024-09-26 14:05:00+09:00,3320.0,3360.0,3265.0,3360.0,13797,0.0,0.0
2024-09-26 14:10:00+09:00,3365.0,3430.0,3300.0,3360.0,6087,0.0,0.0
2024-09-26 14:15:00+09:00,3345.0,3360.0,3270.0,3305.0,1711,0.0,0.0
2024-09-26 14:20:00+09:00,3305.0,3345.0,3300.0,3345.0,4442,0.0,0.0
2024-09-26 14:25:00+09:00,3345.0,3345.0,3245.0,3295.0,9065,0.0,0.0
2024-09-26 14:30:00+09:00,3300.0,3320.0,3290.0,3320.0,4149,0.0,0.0
2024-09-26 14:35:00+09:00,3320.0,3390.0,3315.0,3315.0,3027,0.0,0.0
2024-09-26 14:40:00+09:00,3310.0,3325.0,3305.0,3325.0,503,0.0,0.0
2024-09-26 14:45:00+09:00,3330.0,3330.0,3270.0,3295.0,1906,0.0,0.0
2024-09-26 14:50:00+09:00,3295.0,3325.0,3295.0,3310.0,667,0.0,0.0
2024-09-26 14:55:00+09:00,3310.0,3310.0,3290.0,3290.0,1208,0.0,0.0
2024-09-27 09:00:00+09:00,3270.0,3295.0,3270.0,3295.0,247,0.0,0.0
2024-09-27 09:05:00+09:00,3270.0,3310.0,3265.0,3310.0,288,0.0,0.0
2024-09-27 09:10:00+09:00,3305.0,3305.0,3305.0,3305.0,3,0.0,0.0
2024-09-27 09:15:00+09:00,3295.0,3295.0,3285.0,3285.0,61,0.0,0.0
2024-09-27 09:20:00+09:00,3310.0,3310.0,3290.0,3290.0,254,0.0,0.0
2024-09-27 09:25:00+09:00,3290.0,3290.0,3280.0,3280.0,261,0.0,0.0
2024-09-27 09:30:00+09:00,3300.0,3300.0,3300.0,3300.0,0,0.0,0.0
2024-09-27 09:35:00+09:00,3305.0,3305.0,3300.0,3300.0,84,0.0,0.0
2024-09-27 09:40:00+09:00,3285.0,3305.0,3285.0,3305.0,52,0.0,0.0
2024-09-27 09:45:00+09:00,3285.0,3285.0,3275.0,3275.0,323,0.0,0.0
2024-09-27 09:50:00+09:00,3270.0,3290.0,3270.0,3290.0,19,0.0,0.0
2024-09-27 09:55:00+09:00,3280.0,3295.0,3280.0,3295.0,122,0.0,0.0
2024-09-27 10:00:00+09:00,3300.0,3300.0,3280.0,3280.0,356,0.0,0.0
2024-09-27 10:05:00+09:00,3280.0,3280.0,3280.0,3280.0,185,0.0,0.0
2024-09-27 10:10:00+09:00,3280.0,3280.0,3280.0,3280.0,168,0.0,0.0
2024-09-27 10:15:00+09:00,3275.0,3285.0,3270.0,3285.0,556,0.0,0.0
2024-09-27 10:30:00+09:00,3270.0,3270.0,3260.0,3270.0,649,0.0,0.0
2024-09-27 10:35:00+09:00,3270.0,3270.0,3265.0,3270.0,103,0.0,0.0
2024-09-27 10:40:00+09:00,3260.0,3270.0,3260.0,3260.0,247,0.0,0.0
2024-09-27 10:45:00+09:00,3255.0,3265.0,3235.0,3260.0,1233,0.0,0.0
2024-09-27 10:50:00+09:00,3260.0,3265.0,3260.0,3260.0,32,0.0,0.0
2024-09-27 10:55:00+09:00,3260.0,3260.0,3255.0,3255.0,28,0.0,0.0
2024-09-27 11:00:00+09:00,3260.0,3260.0,3245.0,3255.0,12,0.0,0.0
2024-09-27 11:05:00+09:00,3255.0,3255.0,3245.0,3245.0,36,0.0,0.0
2024-09-27 11:10:00+09:00,3240.0,3255.0,3235.0,3255.0,501,0.0,0.0
2024-09-27 11:15:00+09:00,3255.0,3255.0,3255.0,3255.0,7,0.0,0.0
2024-09-27 11:20:00+09:00,3250.0,3250.0,3250.0,3250.0,0,0.0,0.0
2024-09-27 11:25:00+09:00,3245.0,3245.0,3245.0,3245.0,135,0.0,0.0
2024-09-27 11:30:00+09:00,3240.0,3245.0,3225.0,3245.0,427,0.0,0.0
2024-09-27 11:35:00+09:00,3220.0,3245.0,3220.0,3245.0,238,0.0,0.0
2024-09-27 11:40:00+09:00,3240.0,3240.0,3240.0,3240.0,2,0.0,0.0
2024-09-27 12:15:00+09:00,3240.0,3240.0,3235.0,3235.0,21,0.0,0.0
2024-09-27 12:20:00+09:00,3225.0,3225.0,3215.0,3215.0,667,0.0,0.0
2024-09-27 12:25:00+09:00,3225.0,3230.0,3225.0,3230.0,10,0.0,0.0
2024-09-27 12:30:00+09:00,3230.0,3235.0,3230.0,3230.0,11,0.0,0.0
2024-09-27 12:40:00+09:00,3225.0,3225.0,3205.0,3205.0,1943,0.0,0.0
2024-09-27 12:45:00+09:00,3225.0,3225.0,3225.0,3225.0,0,0.0,0.0
2024-09-27 13:00:00+09:00,3225.0,3225.0,3225.0,3225.0,0,0.0,0.0
2024-09-27 13:05:00+09:00,3205.0,3205.0,3205.0,3205.0,180,0.0,0.0
2024-09-27 13:10:00+09:00,3220.0,3220.0,3220.0,3220.0,209,0.0,0.0
2024-09-27 13:20:00+09:00,3210.0,3210.0,3210.0,3210.0,0,0.0,0.0
2024-09-27 13:25:00+09:00,3220.0,3220.0,3220.0,3220.0,0,0.0,0.0
2024-09-27 13:35:00+09:00,3220.0,3230.0,3220.0,3230.0,800,0.0,0.0
2024-09-27 13:40:00+09:00,3235.0,3245.0,3235.0,3245.0,800,0.0,0.0
2024-09-27 13:45:00+09:00,3245.0,3245.0,3220.0,3245.0,0,0.0,0.0
2024-09-27 13:55:00+09:00,3245.0,3245.0,3245.0,3245.0,1,0.0,0.0
2024-09-27 14:00:00+09:00,3220.0,3235.0,3220.0,3235.0,692,0.0,0.0
2024-09-27 14:05:00+09:00,3235.0,3235.0,3230.0,3230.0,5,0.0,0.0
2024-09-27 14:10:00+09:00,3220.0,3230.0,3220.0,3230.0,41,0.0,0.0
2024-09-27 14:15:00+09:00,3230.0,3230.0,3230.0,3230.0,3,0.0,0.0
2024-09-27 14:20:00+09:00,3220.0,3220.0,3210.0,3210.0,1011,0.0,0.0
2024-09-27 14:25:00+09:00,3210.0,3210.0,3205.0,3205.0,186,0.0,0.0
2024-09-27 14:30:00+09:00,3205.0,3205.0,3205.0,3205.0,61,0.0,0.0
2024-09-27 14:35:00+09:00,3205.0,3205.0,3190.0,3190.0,386,0.0,0.0
2024-09-27 14:40:00+09:00,3195.0,3200.0,3195.0,3200.0,115,0.0,0.0
2024-09-27 14:45:00+09:00,3200.0,3200.0,3195.0,3200.0,12,0.0,0.0
2024-09-27 14:50:00+09:00,3195.0,3200.0,3185.0,3190.0,579,0.0,0.0
2024-09-27 14:55:00+09:00,3190.0,3190.0,3185.0,3190.0,381,0.0,0.0
2024-09-30 09:00:00+09:00,3200.0,3200.0,3175.0,3175.0,0,0.0,0.0
2024-09-30 09:05:00+09:00,3170.0,3170.0,3160.0,3160.0,109,0.0,0.0
2024-09-30 09:10:00+09:00,3180.0,3185.0,3180.0,3185.0,36,0.0,0.0
2024-09-30 09:15:00+09:00,3185.0,3185.0,3160.0,3160.0,66,0.0,0.0
2024-09-30 09:20:00+09:00,3185.0,3185.0,3120.0,3155.0,2026,0.0,0.0
2024-09-30 09:25:00+09:00,3160.0,3225.0,3160.0,3195.0,580,0.0,0.0
2024-09-30 09:30:00+09:00,3185.0,3185.0,3185.0,3185.0,7,0.0,0.0
2024-09-30 09:35:00+09:00,3175.0,3180.0,3175.0,3180.0,11,0.0,0.0
2024-09-30 09:40:00+09:00,3175.0,3205.0,3175.0,3205.0,31,0.0,0.0
2024-09-30 09:45:00+09:00,3180.0,3180.0,3155.0,3155.0,539,0.0,0.0
2024-09-30 09:50:00+09:00,3175.0,3175.0,3160.0,3160.0,31,0.0,0.0
2024-09-30 10:00:00+09:00,3155.0,3155.0,3145.0,3145.0,335,0.0,0.0
2024-09-30 10:05:00+09:00,3140.0,3140.0,3110.0,3140.0,1808,0.0,0.0
2024-09-30 10:10:00+09:00,3140.0,3145.0,3100.0,3135.0,3255,0.0,0.0
2024-09-30 10:15:00+09:00,3135.0,3135.0,3135.0,3135.0,1,0.0,0.0
2024-09-30 10:20:00+09:00,3135.0,3135.0,3135.0,3135.0,199,0.0,0.0
2024-09-30 10:25:00+09:00,3135.0,3135.0,3135.0,3135.0,0,0.0,0.0
2024-09-30 10:30:00+09:00,3135.0,3155.0,3135.0,3150.0,39,0.0,0.0
2024-09-30 10:35:00+09:00,3125.0,3125.0,3075.0,3075.0,11222,0.0,0.0
2024-09-30 10:40:00+09:00,3075.0,3085.0,3075.0,3085.0,242,0.0,0.0
2024-09-30 10:45:00+09:00,3085.0,3100.0,3085.0,3100.0,131,0.0,0.0
2024-09-30 10:50:00+09:00,3100.0,3100.0,3085.0,3085.0,1140,0.0,0.0
2024-09-30 10:55:00+09:00,3095.0,3095.0,3095.0,3095.0,0,0.0,0.0
2024-09-30 11:00:00+09:00,3095.0,3095.0,3090.0,3090.0,36,0.0,0.0
2024-09-30 11:05:00+09:00,3080.0,3090.0,3075.0,3075.0,478,0.0,0.0
2024-09-30 11:10:00+09:00,3090.0,3090.0,3075.0,3075.0,413,0.0,0.0
2024-09-30 11:15:00+09:00,3085.0,3085.0,3075.0,3085.0,2008,0.0,0.0
2024-09-30 11:20:00+09:00,3085.0,3100.0,3085.0,3100.0,298,0.0,0.0
2024-09-30 11:30:00+09:00,3085.0,3095.0,3085.0,3095.0,1002,0.0,0.0
2024-09-30 11:35:00+09:00,3095.0,3095.0,3080.0,3095.0,1063,0.0,0.0
2024-09-30 11:40:00+09:00,3095.0,3095.0,3095.0,3095.0,199,0.0,0.0
2024-09-30 11:50:00+09:00,3085.0,3085.0,3080.0,3080.0,492,0.0,0.0
2024-09-30 11:55:00+09:00,3085.0,3085.0,3085.0,3085.0,0,0.0,0.0
2024-09-30 12:00:00+09:00,3095.0,3095.0,3080.0,3090.0,908,0.0,0.0
2024-09-30 12:05:00+09:00,3090.0,3100.0,3090.0,3100.0,1061,0.0,0.0
2024-09-30 12:10:00+09:00,3100.0,3100.0,3100.0,3100.0,940,0.0,0.0
2024-09-30 12:15:00+09:00,3100.0,3100.0,3100.0,3100.0,999,0.0,0.0
2024-09-30 12:20:00+09:00,3105.0,3105.0,3105.0,3105.0,42,0.0,0.0
2024-09-30 12:35:00+09:00,3105.0,3105.0,3105.0,3105.0,0,0.0,0.0
2024-09-30 12:45:00+09:00,3090.0,3110.0,3085.0,3110.0,2004,0.0,0.0
2024-09-30 12:50:00+09:00,3110.0,3110.0,3095.0,3095.0,52,0.0,0.0
2024-09-30 12:55:00+09:00,3115.0,3115.0,3115.0,3115.0,0,0.0,0.0
2024-09-30 13:00:00+09:00,3110.0,3110.0,3110.0,3110.0,5,0.0,0.0
2024-09-30 13:05:00+09:00,3095.0,3095.0,3090.0,3090.0,4601,0.0,0.0
2024-09-30 13:15:00+09:00,3100.0,3100.0,3100.0,3100.0,0,0.0,0.0
2024-09-30 13:30:00+09:00,3090.0,3090.0,3085.0,3085.0,1470,0.0,0.0
2024-09-30 13:40:00+09:00,3090.0,3090.0,3090.0,3090.0,1744,0.0,0.0
2024-09-30 13:45:00+09:00,3085.0,3085.0,3080.0,3080.0,0,0.0,0.0
2024-09-30 13:50:00+09:00,3080.0,3080.0,3080.0,3080.0,206,0.0,0.0
2024-09-30 13:55:00+09:00,3080.0,3085.0,3080.0,3085.0,438,0.0,0.0
2024-09-30 14:00:00+09:00,3080.0,3085.0,3080.0,3085.0,209,0.0,0.0
2024-09-30 14:05:00+09:00,3085.0,3085.0,3080.0,3085.0,78,0.0,0.0
2024-09-30 14:20:00+09:00,3085.0,3120.0,3085.0,3120.0,1561,0.0,0.0
2024-09-30 14:25:00+09:00,3085.0,3085.0,3085.0,3085.0,740,0.0,0.0
2024-09-30 14:35:00+09:00,3105.0,3105.0,3105.0,3105.0,0,0.0,0.0
2024-09-30 14:50:00+09:00,3095.0,3095.0,3090.0,3090.0,94,0.0,0.0
2024-09-30 14:55:00+09:00,3085.0,3090.0,3080.0,3090.0,2622,0.0,0.0
2024-10-02 09:00:00+09:00,3045.0,3045.0,2915.0,3020.0,0,0.0,0.0
2024-10-02 09:05:00+09:00,3000.0,3000.0,2985.0,2995.0,1214,0.0,0.0
2024-10-02 09:10:00+09:00,2995.0,3045.0,2995.0,3045.0,9448,0.0,0.0
2024-10-02 09:15:00+09:00,3045.0,3055.0,3045.0,3050.0,104,0.0,0.0
2024-10-02 09:20:00+09:00,3045.0,3095.0,3045.0,3050.0,112,0.0,0.0
2024-10-02 09:25:00+09:00,3045.0,3055.0,3035.0,3055.0,510,0.0,0.0
2024-10-02 09:30:00+09:00,3050.0,3050.0,3030.0,3050.0,108,0.0,0.0
2024-10-02 09:40:00+09:00,3045.0,3050.0,3045.0,3050.0,3,0.0,0.0
2024-10-02 09:45:00+09:00,3050.0,3080.0,3050.0,3050.0,256,0.0,0.0
2024-10-02 09:50:00+09:00,3045.0,3065.0,3045.0,3065.0,5,0.0,0.0
2024-10-02 10:05:00+09:00,3065.0,3065.0,3065.0,3065.0,299,0.0,0.0
2024-10-02 10:20:00+09:00,3065.0,3085.0,3065.0,3070.0,106,0.0,0.0
2024-10-02 10:25:00+09:00,3085.0,3085.0,3085.0,3085.0,2,0.0,0.0
2024-10-02 10:35:00+09:00,3070.0,3070.0,3055.0,3055.0,66,0.0,0.0
2024-10-02 10:45:00+09:00,3070.0,3070.0,3070.0,3070.0,0,0.0,0.0
2024-10-02 10:55:00+09:00,3065.0,3065.0,3065.0,3065.0,40,0.0,0.0
2024-10-02 11:20:00+09:00,3070.0,3070.0,3065.0,3065.0,82,0.0,0.0
2024-10-02 11:25:00+09:00,3055.0,3065.0,3020.0,3065.0,1680,0.0,0.0
2024-10-02 11:40:00+09:00,3065.0,3065.0,3060.0,3060.0,935,0.0,0.0
2024-10-02 11:45:00+09:00,3060.0,3060.0,3060.0,3060.0,0,0.0,0.0
2024-10-02 12:00:00+09:00,3060.0,3060.0,3060.0,3060.0,0,0.0,0.0
2024-10-02 12:05:00+09:00,3060.0,3060.0,3060.0,3060.0,16,0.0,0.0
2024-10-02 12:10:00+09:00,3045.0,3045.0,3045.0,3045.0,2,0.0,0.0
2024-10-02 12:15:00+09:00,3060.0,3060.0,3060.0,3060.0,0,0.0,0.0
2024-10-02 12:50:00+09:00,3060.0,3060.0,3035.0,3060.0,1044,0.0,0.0
2024-10-02 13:05:00+09:00,3050.0,3065.0,3045.0,3065.0,27,0.0,0.0
2024-10-02 13:30:00+09:00,3055.0,3065.0,3045.0,3045.0,2016,0.0,0.0
2024-10-02 13:35:00+09:00,3065.0,3065.0,3065.0,3065.0,1,0.0,0.0
2024-10-02 13:45:00+09:00,3040.0,3040.0,3040.0,3040.0,10,0.0,0.0
2024-10-02 13:50:00+09:00,3040.0,3055.0,3035.0,3055.0,1013,0.0,0.0
2024-10-02 14:00:00+09:00,3055.0,3065.0,3055.0,3065.0,86,0.0,0.0
2024-10-02 14:30:00+09:00,3065.0,3065.0,3065.0,3065.0,0,0.0,0.0
2024-10-02 14:40:00+09:00,3060.0,3060.0,3045.0,3060.0,136,0.0,0.0
2024-10-02 14:45:00+09:00,3060.0,3060.0,3055.0,3055.0,512,0.0,0.0
2024-10-02 14:55:00+09:00,3060.0,3060.0,3060.0,3060.0,1,0.0,0.0
2024-10-04 09:00:00+09:00,3080.0,3080.0,3065.0,3065.0,0,0.0,0.0
2024-10-04 09:05:00+09:00,3030.0,3060.0,3030.0,3060.0,32,0.0,0.0
2024-10-04 09:10:00+09:00,3060.0,3060.0,3060.0,3060.0,16,0.0,0.0
2024-10-04 09:15:00+09:00,3060.0,3060.0,3045.0,3045.0,3,0.0,0.0
2024-10-04 09:20:00+09:00,3040.0,3060.0,3035.0,3060.0,11,0.0,0.0
2024-10-04 09:35:00+09:00,3060.0,3075.0,3045.0,3045.0,59,0.0,0.0
2024-10-04 09:40:00+09:00,3060.0,3060.0,3060.0,3060.0,0,0.0,0.0
2024-10-04 10:05:00+09:00,3060.0,3065.0,3060.0,3065.0,10,0.0,0.0
2024-10-04 10:10:00+09:00,3060.0,3060.0,3060.0,3060.0,2,0.0,0.0
2024-10-04 10:20:00+09:00,3065.0,3065.0,3065.0,3065.0,0,0.0,0.0
2024-10-04 10:30:00+09:00,3040.0,3040.0,3040.0,3040.0,50,0.0,0.0
2024-10-04 10:40:00+09:00,3040.0,3060.0,3040.0,3060.0,3,0.0,0.0
2024-10-04 10:50:00+09:00,3050.0,3050.0,3050.0,3050.0,2,0.0,0.0
2024-10-04 10:55:00+09:00,3050.0,3050.0,3050.0,3050.0,4,0.0,0.0
2024-10-04 11:00:00+09:00,3050.0,3060.0,3050.0,3060.0,49,0.0,0.0
2024-10-04 11:05:00+09:00,3045.0,3045.0,3035.0,3035.0,203,0.0,0.0
2024-10-04 11:15:00+09:00,3050.0,3060.0,3050.0,3060.0,17,0.0,0.0
2024-10-04 11:50:00+09:00,3045.0,3045.0,3045.0,3045.0,0,0.0,0.0
2024-10-04 11:55:00+09:00,3050.0,3050.0,3050.0,3050.0,1,0.0,0.0
2024-10-04 12:00:00+09:00,3040.0,3040.0,3040.0,3040.0,13,0.0,0.0
2024-10-04 12:10:00+09:00,3050.0,3050.0,3040.0,3040.0,4,0.0,0.0
2024-10-04 12:15:00+09:00,3040.0,3060.0,3035.0,3060.0,303,0.0,0.0
2024-10-04 12:30:00+09:00,3055.0,3060.0,3055.0,3060.0,0,0.0,0.0
2024-10-04 12:35:00+09:00,3060.0,3060.0,3060.0,3060.0,476,0.0,0.0
2024-10-04 12:40:00+09:00,3065.0,3065.0,3065.0,3065.0,245,0.0,0.0
2024-10-04 12:45:00+09:00,3065.0,3070.0,3065.0,3070.0,36,0.0,0.0
2024-10-04 12:50:00+09:00,3065.0,3070.0,3065.0,3070.0,234,0.0,0.0
2024-10-04 12:55:00+09:00,3065.0,3070.0,3065.0,3070.0,282,0.0,0.0
2024-10-04 13:35:00+09:00,3065.0,3075.0,3040.0,3075.0,0,0.0,0.0
2024-10-04 13:40:00+09:00,3050.0,3065.0,3050.0,3065.0,154,0.0,0.0
2024-10-04 13:45:00+09:00,3055.0,3055.0,3055.0,3055.0,1120,0.0,0.0
2024-10-04 14:15:00+09:00,3060.0,3065.0,3060.0,3065.0,0,0.0,0.0
2024-10-04 14:35:00+09:00,3065.0,3075.0,3065.0,3075.0,9,0.0,0.0
2024-10-04 14:50:00+09:00,3055.0,3055.0,3055.0,3055.0,60,0.0,0.0
2024-10-04 14:55:00+09:00,3065.0,3065.0,3065.0,3065.0,1546,0.0,0.0
2024-10-07 09:00:00+09:00,3070.0,3095.0,3070.0,3095.0,0,0.0,0.0
2024-10-07 09:05:00+09:00,3095.0,3095.0,3075.0,3095.0,111,0.0,0.0
2024-10-07 09:10:00+09:00,3075.0,3075.0,3065.0,3070.0,83,0.0,0.0
2024-10-07 09:15:00+09:00,3070.0,3095.0,3070.0,3095.0,2813,0.0,0.0
2024-10-07 09:20:00+09:00,3095.0,3095.0,3065.0,3095.0,8,0.0,0.0
2024-10-07 09:25:00+09:00,3095.0,3095.0,3090.0,3095.0,25,0.0,0.0
2024-10-07 09:30:00+09:00,3085.0,3095.0,3085.0,3095.0,1,0.0,0.0
2024-10-07 09:35:00+09:00,3070.0,3085.0,3070.0,3085.0,6,0.0,0.0
2024-10-07 09:40:00+09:00,3085.0,3085.0,3085.0,3085.0,1,0.0,0.0
2024-10-07 09:45:00+09:00,3070.0,3080.0,3055.0,3080.0,947,0.0,0.0
2024-10-07 09:50:00+09:00,3080.0,3085.0,3080.0,3085.0,2,0.0,0.0
2024-10-07 09:55:00+09:00,3085.0,3085.0,3085.0,3085.0,2,0.0,0.0
2024-10-07 10:00:00+09:00,3070.0,3085.0,3065.0,3085.0,107,0.0,0.0
2024-10-07 10:15:00+09:00,3080.0,3090.0,3080.0,3090.0,594,0.0,0.0
2024-10-07 10:20:00+09:00,3090.0,3110.0,3090.0,3110.0,1204,0.0,0.0
2024-10-07 10:25:00+09:00,3110.0,3160.0,3110.0,3160.0,1900,0.0,0.0
2024-10-07 10:30:00+09:00,3160.0,3180.0,3160.0,3170.0,431,0.0,0.0
2024-10-07 10:35:00+09:00,3150.0,3150.0,3130.0,3130.0,224,0.0,0.0
2024-10-07 10:40:00+09:00,3135.0,3135.0,3135.0,3135.0,0,0.0,0.0
2024-10-07 10:45:00+09:00,3145.0,3150.0,3145.0,3150.0,2,0.0,0.0
2024-10-07 10:50:00+09:00,3135.0,3135.0,3135.0,3135.0,9,0.0,0.0
2024-10-07 11:00:00+09:00,3130.0,3130.0,3125.0,3125.0,77,0.0,0.0
2024-10-07 11:05:00+09:00,3125.0,3130.0,3125.0,3130.0,24,0.0,0.0
2024-10-07 11:10:00+09:00,3130.0,3130.0,3130.0,3130.0,0,0.0,0.0
2024-10-07 11:15:00+09:00,3135.0,3150.0,3135.0,3150.0,13,0.0,0.0
2024-10-07 11:20:00+09:00,3135.0,3145.0,3135.0,3145.0,5,0.0,0.0
2024-10-07 11:25:00+09:00,3125.0,3125.0,3125.0,3125.0,0,0.0,0.0
2024-10-07 11:40:00+09:00,3135.0,3135.0,3135.0,3135.0,4,0.0,0.0
2024-10-07 12:05:00+09:00,3140.0,3140.0,3140.0,3140.0,46,0.0,0.0
2024-10-07 12:10:00+09:00,3140.0,3140.0,3140.0,3140.0,2,0.0,0.0
2024-10-07 12:20:00+09:00,3140.0,3145.0,3140.0,3145.0,18,0.0,0.0
2024-10-07 12:30:00+09:00,3130.0,3140.0,3125.0,3125.0,227,0.0,0.0
2024-10-07 12:40:00+09:00,3125.0,3125.0,3125.0,3125.0,0,0.0,0.0
2024-10-07 12:55:00+09:00,3125.0,3125.0,3120.0,3120.0,730,0.0,0.0
2024-10-07 13:00:00+09:00,3125.0,3140.0,3120.0,3135.0,0,0.0,0.0
2024-10-07 13:10:00+09:00,3135.0,3135.0,3135.0,3135.0,6,0.0,0.0
2024-10-07 13:50:00+09:00,3120.0,3120.0,3120.0,3120.0,96,0.0,0.0
2024-10-07 13:55:00+09:00,3125.0,3135.0,3125.0,3135.0,0,0.0,0.0
2024-10-07 14:15:00+09:00,3120.0,3120.0,3120.0,3120.0,0,0.0,0.0
2024-10-07 14:30:00+09:00,3120.0,3125.0,3110.0,3125.0,461,0.0,0.0
2024-10-07 14:40:00+09:00,3125.0,3125.0,3125.0,3125.0,0,0.0,0.0
2024-10-07 14:55:00+09:00,3110.0,3110.0,3110.0,3110.0,95,0.0,0.0
2024-10-08 09:00:00+09:00,3120.0,3130.0,3115.0,3130.0,167,0.0,0.0
2024-10-08 09:05:00+09:00,3120.0,3140.0,3110.0,3130.0,314,0.0,0.0
2024-10-08 09:10:00+09:00,3120.0,3130.0,3105.0,3130.0,3503,0.0,0.0
2024-10-08 09:15:00+09:00,3110.0,3125.0,3110.0,3110.0,45,0.0,0.0
2024-10-08 09:20:00+09:00,3125.0,3125.0,3125.0,3125.0,23,0.0,0.0
2024-10-08 09:25:00+09:00,3125.0,3130.0,3125.0,3130.0,145,0.0,0.0
2024-10-08 09:30:00+09:00,3135.0,3135.0,3135.0,3135.0,0,0.0,0.0
2024-10-08 09:35:00+09:00,3135.0,3135.0,3130.0,3130.0,0,0.0,0.0
2024-10-08 09:40:00+09:00,3130.0,3130.0,3130.0,3130.0,10,0.0,0.0
2024-10-08 09:45:00+09:00,3125.0,3130.0,3120.0,3130.0,0,0.0,0.0
2024-10-08 09:50:00+09:00,3130.0,3130.0,3130.0,3130.0,1,0.0,0.0
2024-10-08 09:55:00+09:00,3120.0,3130.0,3120.0,3130.0,212,0.0,0.0
2024-10-08 10:05:00+09:00,3130.0,3130.0,3130.0,3130.0,1,0.0,0.0
2024-10-08 10:20:00+09:00,3120.0,3120.0,3120.0,3120.0,299,0.0,0.0
2024-10-08 10:25:00+09:00,3120.0,3130.0,3120.0,3130.0,4,0.0,0.0
2024-10-08 10:30:00+09:00,3130.0,3130.0,3130.0,3130.0,0,0.0,0.0
2024-10-08 10:35:00+09:00,3120.0,3120.0,3120.0,3120.0,3,0.0,0.0
2024-10-08 10:40:00+09:00,3130.0,3145.0,3130.0,3145.0,1552,0.0,0.0
2024-10-08 10:45:00+09:00,3145.0,3145.0,3120.0,3140.0,24,0.0,0.0
2024-10-08 10:50:00+09:00,3140.0,3140.0,3140.0,3140.0,2,0.0,0.0
2024-10-08 10:55:00+09:00,3130.0,3130.0,3125.0,3130.0,11,0.0,0.0
2024-10-08 11:00:00+09:00,3130.0,3130.0,3130.0,3130.0,0,0.0,0.0
2024-10-08 11:05:00+09:00,3130.0,3130.0,3115.0,3130.0,304,0.0,0.0
2024-10-08 11:10:00+09:00,3125.0,3130.0,3120.0,3125.0,445,0.0,0.0
2024-10-08 11:15:00+09:00,3130.0,3135.0,3110.0,3135.0,270,0.0,0.0
2024-10-08 11:30:00+09:00,3120.0,3125.0,3115.0,3125.0,9,0.0,0.0
2024-10-08 11:35:00+09:00,3125.0,3130.0,3125.0,3130.0,9,0.0,0.0
2024-10-08 11:50:00+09:00,3120.0,3130.0,3120.0,3125.0,17,0.0,0.0
2024-10-08 11:55:00+09:00,3130.0,3130.0,3130.0,3130.0,0,0.0,0.0
2024-10-08 12:00:00+09:00,3120.0,3130.0,3105.0,3130.0,2669,0.0,0.0
2024-10-08 12:05:00+09:00,3125.0,3125.0,3115.0,3115.0,4,0.0,0.0
2024-10-08 12:10:00+09:00,3120.0,3120.0,3120.0,3120.0,1,0.0,0.0
2024-10-08 12:25:00+09:00,3115.0,3115.0,3100.0,3100.0,2192,0.0,0.0
2024-10-08 12:30:00+09:00,3115.0,3115.0,3115.0,3115.0,0,0.0,0.0
2024-10-08 13:00:00+09:00,3105.0,3115.0,3095.0,3115.0,3912,0.0,0.0
2024-10-08 13:05:00+09:00,3100.0,3115.0,3095.0,3115.0,553,0.0,0.0
2024-10-08 13:30:00+09:00,3115.0,3115.0,3115.0,3115.0,1,0.0,0.0
2024-10-08 13:35:00+09:00,3115.0,3115.0,3115.0,3115.0,99,0.0,0.0
2024-10-08 13:40:00+09:00,3115.0,3115.0,3115.0,3115.0,50,0.0,0.0
2024-10-08 14:05:00+09:00,3115.0,3115.0,3115.0,3115.0,0,0.0,0.0
2024-10-08 14:35:00+09:00,3100.0,3100.0,3100.0,3100.0,4,0.0,0.0
2024-10-08 14:45:00+09:00,3100.0,3100.0,3095.0,3095.0,5,0.0,0.0
2024-10-08 14:50:00+09:00,3100.0,3100.0,3100.0,3100.0,260,0.0,0.0
2024-10-10 09:00:00+09:00,3090.0,3185.0,3090.0,3140.0,0,0.0,0.0
2024-10-10 09:05:00+09:00,3135.0,3140.0,3120.0,3120.0,187,0.0,0.0
2024-10-10 09:10:00+09:00,3135.0,3135.0,3105.0,3130.0,101,0.0,0.0
2024-10-10 09:15:00+09:00,3125.0,3130.0,3125.0,3130.0,49,0.0,0.0
2024-10-10 09:20:00+09:00,3120.0,3125.0,3120.0,3125.0,3,0.0,0.0
2024-10-10 09:30:00+09:00,3120.0,3125.0,3120.0,3125.0,2,0.0,0.0
2024-10-10 09:40:00+09:00,3115.0,3115.0,3115.0,3115.0,11,0.0,0.0
2024-10-10 09:45:00+09:00,3125.0,3125.0,3125.0,3125.0,0,0.0,0.0
2024-10-10 09:50:00+09:00,3120.0,3125.0,3120.0,3125.0,2,0.0,0.0
2024-10-10 10:00:00+09:00,3125.0,3135.0,3125.0,3135.0,7,0.0,0.0
2024-10-10 10:10:00+09:00,3130.0,3135.0,3130.0,3135.0,4,0.0,0.0
2024-10-10 10:30:00+09:00,3115.0,3130.0,3105.0,3130.0,363,0.0,0.0
2024-10-10 10:55:00+09:00,3125.0,3130.0,3105.0,3115.0,1603,0.0,0.0
2024-10-10 11:05:00+09:00,3100.0,3120.0,3100.0,3120.0,515,0.0,0.0
2024-10-10 11:10:00+09:00,3100.0,3100.0,3095.0,3095.0,606,0.0,0.0
2024-10-10 11:15:00+09:00,3120.0,3120.0,3120.0,3120.0,0,0.0,0.0
2024-10-10 11:20:00+09:00,3120.0,3120.0,3120.0,3120.0,9,0.0,0.0
2024-10-10 11:30:00+09:00,3120.0,3120.0,3120.0,3120.0,60,0.0,0.0
2024-10-10 11:35:00+09:00,3100.0,3100.0,3100.0,3100.0,3,0.0,0.0
2024-10-10 11:40:00+09:00,3120.0,3120.0,3120.0,3120.0,6,0.0,0.0
2024-10-10 11:50:00+09:00,3120.0,3120.0,3120.0,3120.0,0,0.0,0.0
2024-10-10 12:10:00+09:00,3100.0,3100.0,3095.0,3095.0,68,0.0,0.0
2024-10-10 12:20:00+09:00,3095.0,3095.0,3095.0,3095.0,56,0.0,0.0
2024-10-10 12:25:00+09:00,3095.0,3130.0,3095.0,3130.0,21,0.0,0.0
2024-10-10 13:10:00+09:00,3100.0,3115.0,3095.0,3115.0,310,0.0,0.0
2024-10-10 13:40:00+09:00,3115.0,3115.0,3115.0,3115.0,350,0.0,0.0
2024-10-10 13:50:00+09:00,3105.0,3105.0,3105.0,3105.0,0,0.0,0.0
2024-10-10 13:55:00+09:00,3115.0,3115.0,3115.0,3115.0,1,0.0,0.0
2024-10-10 14:00:00+09:00,3115.0,3115.0,3105.0,3115.0,234,0.0,0.0
2024-10-10 14:05:00+09:00,3115.0,3115.0,3115.0,3115.0,511,0.0,0.0
2024-10-10 14:10:00+09:00,3115.0,3115.0,3115.0,3115.0,182,0.0,0.0
2024-10-10 14:15:00+09:00,3120.0,3120.0,3120.0,3120.0,0,0.0,0.0
2024-10-10 14:20:00+09:00,3100.0,3120.0,3100.0,3120.0,220,0.0,0.0
2024-10-10 14:25:00+09:00,3100.0,3120.0,3100.0,3120.0,20,0.0,0.0
2024-10-10 14:30:00+09:00,3100.0,3100.0,3095.0,3095.0,517,0.0,0.0
2024-10-10 14:35:00+09:00,3120.0,3125.0,3120.0,3125.0,0,0.0,0.0
2024-10-10 14:40:00+09:00,3120.0,3125.0,3120.0,3125.0,6,0.0,0.0
2024-10-11 09:00:00+09:00,3125.0,3125.0,3125.0,3125.0,2,0.0,0.0
2024-10-11 09:10:00+09:00,3125.0,3125.0,3125.0,3125.0,2,0.0,0.0
2024-10-11 09:15:00+09:00,3125.0,3140.0,3125.0,3140.0,120,0.0,0.0
2024-10-11 09:20:00+09:00,3140.0,3140.0,3140.0,3140.0,0,0.0,0.0
2024-10-11 09:40:00+09:00,3135.0,3135.0,3135.0,3135.0,9,0.0,0.0
2024-10-11 09:55:00+09:00,3130.0,3140.0,3130.0,3140.0,8,0.0,0.0
2024-10-11 11:35:00+09:00,3115.0,3115.0,3115.0,3115.0,68,0.0,0.0
2024-10-11 11:40:00+09:00,3115.0,3115.0,3110.0,3115.0,18,0.0,0.0
2024-10-11 11:45:00+09:00,3115.0,3115.0,3115.0,3115.0,7,0.0,0.0
2024-10-11 11:50:00+09:00,3105.0,3105.0,3095.0,3095.0,667,0.0,0.0
2024-10-11 11:55:00+09:00,3095.0,3095.0,3095.0,3095.0,5,0.0,0.0
2024-10-11 12:00:00+09:00,3090.0,3095.0,3090.0,3095.0,118,0.0,0.0
2024-10-11 12:05:00+09:00,3090.0,3095.0,3085.0,3095.0,673,0.0,0.0
2024-10-11 12:10:00+09:00,3095.0,3095.0,3090.0,3095.0,92,0.0,0.0
2024-10-11 12:15:00+09:00,3095.0,3095.0,3090.0,3095.0,5,0.0,0.0
2024-10-11 12:20:00+09:00,3095.0,3110.0,3095.0,3110.0,310,0.0,0.0
2024-10-11 12:25:00+09:00,3110.0,3125.0,3110.0,3125.0,4501,0.0,0.0
2024-10-11 12:30:00+09:00,3095.0,3095.0,3065.0,3070.0,17858,0.0,0.0
2024-10-11 12:35:00+09:00,3070.0,3085.0,3070.0,3085.0,757,0.0,0.0
2024-10-11 12:40:00+09:00,3085.0,3095.0,3085.0,3095.0,922,0.0,0.0
2024-10-11 12:50:00+09:00,3095.0,3095.0,3095.0,3095.0,0,0.0,0.0
2024-10-11 12:55:00+09:00,3095.0,3095.0,3095.0,3095.0,61,0.0,0.0
2024-10-11 13:00:00+09:00,3080.0,3080.0,3080.0,3080.0,0,0.0,0.0
2024-10-11 13:05:00+09:00,3095.0,3095.0,3095.0,3095.0,1,0.0,0.0
2024-10-11 13:10:00+09:00,3095.0,3095.0,3095.0,3095.0,335,0.0,0.0
2024-10-11 13:15:00+09:00,3095.0,3095.0,3095.0,3095.0,4,0.0,0.0
2024-10-11 13:20:00+09:00,3080.0,3095.0,3080.0,3095.0,32,0.0,0.0
2024-10-11 14:20:00+09:00,3090.0,3095.0,3090.0,3095.0,4,0.0,0.0
2024-10-14 09:00:00+09:00,3100.0,3100.0,3100.0,3100.0,0,0.0,0.0
2024-10-14 09:10:00+09:00,3100.0,3160.0,3100.0,3115.0,543,0.0,0.0
2024-10-14 09:15:00+09:00,3115.0,3115.0,3115.0,3115.0,14,0.0,0.0
2024-10-14 09:20:00+09:00,3115.0,3125.0,3115.0,3125.0,108,0.0,0.0
2024-10-14 09:25:00+09:00,3120.0,3120.0,3115.0,3115.0,205,0.0,0.0
2024-10-14 09:40:00+09:00,3115.0,3115.0,3115.0,3115.0,0,0.0,0.0
2024-10-14 09:45:00+09:00,3115.0,3115.0,3115.0,3115.0,9,0.0,0.0
2024-10-14 09:55:00+09:00,3115.0,3120.0,3110.0,3110.0,30,0.0,0.0
2024-10-14 10:05:00+09:00,3115.0,3115.0,3115.0,3115.0,305,0.0,0.0
2024-10-14 10:10:00+09:00,3120.0,3120.0,3090.0,3090.0,1773,0.0,0.0
2024-10-14 10:15:00+09:00,3090.0,3090.0,3085.0,3085.0,0,0.0,0.0
2024-10-14 10:25:00+09:00,3085.0,3085.0,3085.0,3085.0,3549,0.0,0.0
2024-10-14 10:30:00+09:00,3085.0,3085.0,3085.0,3085.0,0,0.0,0.0
2024-10-14 10:40:00+09:00,3090.0,3110.0,3090.0,3110.0,0,0.0,0.0
2024-10-14 10:45:00+09:00,3110.0,3110.0,3110.0,3110.0,50,0.0,0.0
2024-10-14 10:55:00+09:00,3110.0,3110.0,3110.0,3110.0,0,0.0,0.0
2024-10-14 11:50:00+09:00,3110.0,3110.0,3090.0,3090.0,704,0.0,0.0
2024-10-14 12:45:00+09:00,3110.0,3110.0,3110.0,3110.0,10,0.0,0.0
2024-10-14 13:15:00+09:00,3110.0,3110.0,3110.0,3110.0,595,0.0,0.0
2024-10-14 13:30:00+09:00,3095.0,3095.0,3095.0,3095.0,0,0.0,0.0
2024-10-14 13:45:00+09:00,3095.0,3095.0,3095.0,3095.0,4,0.0,0.0
2024-10-14 14:00:00+09:00,3095.0,3095.0,3095.0,3095.0,0,0.0,0.0
2024-10-14 14:05:00+09:00,3090.0,3090.0,3090.0,3090.0,986,0.0,0.0
2024-10-14 14:10:00+09:00,3110.0,3110.0,3110.0,3110.0,343,0.0,0.0
2024-10-14 14:15:00+09:00,3095.0,3095.0,3095.0,3095.0,0,0.0,0.0
2024-10-14 14:20:00+09:00,3110.0,3110.0,3110.0,3110.0,4,0.0,0.0
2024-10-14 14:25:00+09:00,3110.0,3110.0,3110.0,3110.0,66,0.0,0.0
2024-10-14 14:30:00+09:00,3110.0,3110.0,3085.0,3085.0,5226,0.0,0.0
2024-10-14 14:40:00+09:00,3090.0,3090.0,3090.0,3090.0,0,0.0,0.0
2024-10-14 14:45:00+09:00,3110.0,3110.0,3110.0,3110.0,0,0.0,0.0
2024-10-15 09:00:00+09:00,3100.0,3110.0,3100.0,3110.0,25,0.0,0.0
2024-10-15 09:05:00+09:00,3095.0,3115.0,3095.0,3115.0,53,0.0,0.0
2024-10-15 09:10:00+09:00,3090.0,3110.0,3090.0,3110.0,138,0.0,0.0
2024-10-15 09:15:00+09:00,3110.0,3110.0,3110.0,3110.0,30,0.0,0.0
2024-10-15 09:20:00+09:00,3110.0,3110.0,3110.0,3110.0,22,0.0,0.0
2024-10-15 09:25:00+09:00,3110.0,3110.0,3085.0,3085.0,1008,0.0,0.0
2024-10-15 09:30:00+09:00,3085.0,3100.0,3085.0,3100.0,0,0.0,0.0
2024-10-15 09:40:00+09:00,3095.0,3095.0,3095.0,3095.0,9,0.0,0.0
2024-10-15 09:45:00+09:00,3080.0,3080.0,3080.0,3080.0,85,0.0,0.0
2024-10-15 09:50:00+09:00,3080.0,3090.0,3080.0,3090.0,16,0.0,0.0
2024-10-15 10:00:00+09:00,3075.0,3090.0,3065.0,3090.0,1216,0.0,0.0
2024-10-15 10:05:00+09:00,3070.0,3090.0,3065.0,3090.0,319,0.0,0.0
2024-10-15 10:25:00+09:00,3075.0,3080.0,3070.0,3070.0,128,0.0,0.0
2024-10-15 10:35:00+09:00,3075.0,3075.0,3075.0,3075.0,2,0.0,0.0
2024-10-15 11:05:00+09:00,3075.0,3080.0,3075.0,3080.0,108,0.0,0.0
2024-10-15 11:15:00+09:00,3080.0,3080.0,3080.0,3080.0,0,0.0,0.0
2024-10-15 11:45:00+09:00,3080.0,3085.0,3080.0,3085.0,72,0.0,0.0
2024-10-15 11:50:00+09:00,3085.0,3085.0,3085.0,3085.0,29,0.0,0.0
2024-10-15 11:55:00+09:00,3090.0,3090.0,3090.0,3090.0,390,0.0,0.0
2024-10-15 12:05:00+09:00,3085.0,3085.0,3080.0,3080.0,0,0.0,0.0
2024-10-15 12:10:00+09:00,3090.0,3090.0,3080.0,3080.0,588,0.0,0.0
2024-10-15 12:15:00+09:00,3085.0,3085.0,3085.0,3085.0,146,0.0,0.0
2024-10-15 12:25:00+09:00,3085.0,3085.0,3080.0,3080.0,145,0.0,0.0
2024-10-15 12:45:00+09:00,3085.0,3085.0,3085.0,3085.0,1,0.0,0.0
2024-10-15 12:50:00+09:00,3085.0,3085.0,3085.0,3085.0,1,0.0,0.0
2024-10-15 12:55:00+09:00,3090.0,3090.0,3090.0,3090.0,2,0.0,0.0
2024-10-15 13:10:00+09:00,3085.0,3085.0,3080.0,3080.0,2201,0.0,0.0
2024-10-15 13:45:00+09:00,3085.0,3090.0,3085.0,3090.0,0,0.0,0.0
2024-10-15 14:05:00+09:00,3080.0,3080.0,3080.0,3080.0,4018,0.0,0.0
2024-10-15 14:25:00+09:00,3090.0,3090.0,3085.0,3085.0,0,0.0,0.0
2024-10-15 14:45:00+09:00,3085.0,3085.0,3080.0,3080.0,717,0.0,0.0
2024-10-15 14:50:00+09:00,3080.0,3085.0,3080.0,3085.0,0,0.0,0.0
2024-10-16 09:00:00+09:00,3095.0,3095.0,3050.0,3065.0,62,0.0,0.0
2024-10-16 09:05:00+09:00,3050.0,3050.0,3025.0,3050.0,275,0.0,0.0
2024-10-16 09:10:00+09:00,3050.0,3050.0,3050.0,3050.0,0,0.0,0.0
2024-10-16 09:15:00+09:00,3050.0,3055.0,3050.0,3055.0,63,0.0,0.0
2024-10-16 09:20:00+09:00,3055.0,3085.0,3000.0,3045.0,6110,0.0,0.0
2024-10-16 09:25:00+09:00,3050.0,3050.0,3050.0,3050.0,301,0.0,0.0
2024-10-16 09:30:00+09:00,3055.0,3055.0,3030.0,3055.0,176,0.0,0.0
2024-10-16 09:35:00+09:00,3055.0,3055.0,3055.0,3055.0,71,0.0,0.0
2024-10-16 09:40:00+09:00,3050.0,3055.0,3030.0,3030.0,442,0.0,0.0
2024-10-16 09:45:00+09:00,3055.0,3055.0,3025.0,3050.0,34,0.0,0.0
2024-10-16 09:50:00+09:00,3050.0,3050.0,3050.0,3050.0,124,0.0,0.0
2024-10-16 09:55:00+09:00,3030.0,3050.0,3030.0,3050.0,0,0.0,0.0
2024-10-16 10:00:00+09:00,3050.0,3050.0,3050.0,3050.0,1,0.0,0.0
2024-10-16 10:05:00+09:00,3050.0,3050.0,3050.0,3050.0,58,0.0,0.0
2024-10-16 10:10:00+09:00,3045.0,3050.0,3045.0,3050.0,0,0.0,0.0
2024-10-16 10:15:00+09:00,3050.0,3050.0,3015.0,3045.0,936,0.0,0.0
2024-10-16 10:20:00+09:00,3045.0,3050.0,3040.0,3050.0,40,0.0,0.0
2024-10-16 10:25:00+09:00,3050.0,3050.0,3050.0,3050.0,5,0.0,0.0
2024-10-16 10:30:00+09:00,3050.0,3050.0,3045.0,3050.0,21,0.0,0.0
2024-10-16 10:45:00+09:00,3050.0,3050.0,3050.0,3050.0,96,0.0,0.0
2024-10-16 11:10:00+09:00,3040.0,3040.0,3020.0,3020.0,2420,0.0,0.0
2024-10-16 11:15:00+09:00,3030.0,3035.0,3015.0,3035.0,521,0.0,0.0
2024-10-16 11:20:00+09:00,3035.0,3035.0,3005.0,3005.0,1082,0.0,0.0
2024-10-16 11:25:00+09:00,3020.0,3030.0,3020.0,3030.0,0,0.0,0.0
2024-10-16 11:30:00+09:00,3030.0,3045.0,3030.0,3045.0,18,0.0,0.0
2024-10-16 11:35:00+09:00,3045.0,3045.0,3045.0,3045.0,8,0.0,0.0
2024-10-16 11:40:00+09:00,3045.0,3045.0,3045.0,3045.0,2,0.0,0.0
2024-10-16 11:50:00+09:00,3020.0,3040.0,3010.0,3040.0,441,0.0,0.0
2024-10-16 11:55:00+09:00,3040.0,3040.0,3040.0,3040.0,1,0.0,0.0
2024-10-16 12:00:00+09:00,3035.0,3035.0,3035.0,3035.0,2,0.0,0.0
2024-10-16 12:10:00+09:00,3030.0,3030.0,3030.0,3030.0,3,0.0,0.0
2024-10-16 12:15:00+09:00,3015.0,3030.0,3015.0,3030.0,3,0.0,0.0
2024-10-16 12:25:00+09:00,3030.0,3030.0,3010.0,3030.0,503,0.0,0.0
2024-10-16 12:30:00+09:00,3030.0,3030.0,3030.0,3030.0,0,0.0,0.0
2024-10-16 12:35:00+09:00,3030.0,3030.0,3025.0,3030.0,1169,0.0,0.0
2024-10-16 12:40:00+09:00,3030.0,3040.0,3030.0,3040.0,45,0.0,0.0
2024-10-16 12:45:00+09:00,3040.0,3040.0,3025.0,3040.0,2,0.0,0.0
2024-10-16 12:50:00+09:00,3040.0,3040.0,3040.0,3040.0,1,0.0,0.0
2024-10-16 12:55:00+09:00,3040.0,3040.0,3040.0,3040.0,1,0.0,0.0
2024-10-16 13:05:00+09:00,3040.0,3040.0,3025.0,3040.0,1054,0.0,0.0
2024-10-16 13:10:00+09:00,3040.0,3040.0,3040.0,3040.0,2,0.0,0.0
2024-10-16 13:15:00+09:00,3040.0,3040.0,3030.0,3040.0,152,0.0,0.0
2024-10-16 13:20:00+09:00,3040.0,3040.0,3040.0,3040.0,5,0.0,0.0
2024-10-16 13:25:00+09:00,3025.0,3040.0,3025.0,3040.0,475,0.0,0.0
2024-10-16 13:30:00+09:00,3040.0,3040.0,3040.0,3040.0,0,0.0,0.0
2024-10-16 13:35:00+09:00,3040.0,3040.0,3030.0,3030.0,97,0.0,0.0
2024-10-16 13:40:00+09:00,3030.0,3040.0,3030.0,3040.0,95,0.0,0.0
2024-10-16 14:00:00+09:00,3030.0,3040.0,3025.0,3040.0,74,0.0,0.0
2024-10-16 14:15:00+09:00,3040.0,3040.0,3040.0,3040.0,1,0.0,0.0
2024-10-16 14:25:00+09:00,3040.0,3040.0,3040.0,3040.0,9,0.0,0.0
2024-10-16 14:40:00+09:00,3040.0,3060.0,3040.0,3060.0,2547,0.0,0.0
2024-10-16 14:45:00+09:00,3060.0,3080.0,3060.0,3080.0,103,0.0,0.0
2024-10-17 09:00:00+09:00,3080.0,3080.0,3070.0,3080.0,204,0.0,0.0
2024-10-17 09:05:00+09:00,3055.0,3075.0,2995.0,3045.0,747,0.0,0.0
2024-10-17 09:10:00+09:00,3045.0,3045.0,3045.0,3045.0,14,0.0,0.0
2024-10-17 09:15:00+09:00,3045.0,3065.0,3045.0,3065.0,220,0.0,0.0
2024-10-17 09:25:00+09:00,3040.0,3060.0,3035.0,3060.0,0,0.0,0.0
2024-10-17 09:35:00+09:00,3040.0,3060.0,3040.0,3060.0,2,0.0,0.0
2024-10-17 09:40:00+09:00,3060.0,3065.0,3060.0,3065.0,13,0.0,0.0
2024-10-17 10:05:00+09:00,3055.0,3065.0,3055.0,3065.0,35,0.0,0.0
2024-10-17 10:25:00+09:00,3060.0,3080.0,3040.0,3080.0,1833,0.0,0.0
2024-10-17 10:30:00+09:00,3080.0,3085.0,3080.0,3085.0,92,0.0,0.0
2024-10-17 10:35:00+09:00,3085.0,3085.0,3085.0,3085.0,1,0.0,0.0
2024-10-17 10:50:00+09:00,3080.0,3080.0,3080.0,3080.0,93,0.0,0.0
2024-10-17 11:20:00+09:00,3060.0,3065.0,3060.0,3065.0,0,0.0,0.0
2024-10-17 11:25:00+09:00,3065.0,3070.0,3065.0,3070.0,3,0.0,0.0
2024-10-17 11:30:00+09:00,3070.0,3070.0,3070.0,3070.0,59,0.0,0.0
2024-10-17 11:45:00+09:00,3070.0,3070.0,3070.0,3070.0,0,0.0,0.0
2024-10-17 11:50:00+09:00,3070.0,3070.0,3065.0,3070.0,140,0.0,0.0
2024-10-17 12:00:00+09:00,3070.0,3085.0,3070.0,3085.0,1800,0.0,0.0
2024-10-17 12:10:00+09:00,3085.0,3090.0,3085.0,3090.0,221,0.0,0.0
2024-10-17 12:15:00+09:00,3095.0,3100.0,3095.0,3100.0,492,0.0,0.0
2024-10-17 12:20:00+09:00,3095.0,3095.0,3095.0,3095.0,1,0.0,0.0
2024-10-17 12:25:00+09:00,3100.0,3100.0,3090.0,3100.0,200,0.0,0.0
2024-10-17 13:00:00+09:00,3095.0,3100.0,3095.0,3095.0,243,0.0,0.0
2024-10-17 13:05:00+09:00,3095.0,3095.0,3095.0,3095.0,1,0.0,0.0
2024-10-17 13:45:00+09:00,3085.0,3085.0,3085.0,3085.0,20,0.0,0.0
2024-10-17 13:55:00+09:00,3075.0,3075.0,3060.0,3060.0,3004,0.0,0.0
2024-10-17 14:00:00+09:00,3085.0,3085.0,3085.0,3085.0,0,0.0,0.0
2024-10-17 14:10:00+09:00,3070.0,3085.0,3070.0,3085.0,3,0.0,0.0
2024-10-17 14:15:00+09:00,3085.0,3090.0,3085.0,3090.0,13,0.0,0.0
2024-10-17 14:35:00+09:00,3075.0,3075.0,3075.0,3075.0,0,0.0,0.0
2024-10-17 14:40:00+09:00,3090.0,3105.0,3090.0,3105.0,3255,0.0,0.0
2024-10-17 14:45:00+09:00,3105.0,3105.0,3105.0,3105.0,124,0.0,0.0
2024-10-17 14:55:00+09:00,3105.0,3110.0,3105.0,3110.0,13,0.0,0.0
2024-10-18 09:00:00+09:00,3130.0,3130.0,3130.0,3130.0,2,0.0,0.0
2024-10-18 09:05:00+09:00,3130.0,3130.0,3130.0,3130.0,7,0.0,0.0
2024-10-18 09:10:00+09:00,3120.0,3130.0,3120.0,3130.0,31,0.0,0.0
2024-10-18 09:20:00+09:00,3120.0,3120.0,3120.0,3120.0,12,0.0,0.0
2024-10-18 09:25:00+09:00,3125.0,3125.0,3120.0,3120.0,101,0.0,0.0
2024-10-18 09:30:00+09:00,3120.0,3120.0,3120.0,3120.0,153,0.0,0.0
2024-10-18 09:40:00+09:00,3120.0,3120.0,3120.0,3120.0,0,0.0,0.0
2024-10-18 09:45:00+09:00,3115.0,3120.0,3115.0,3120.0,748,0.0,0.0
2024-10-18 09:50:00+09:00,3110.0,3110.0,3105.0,3105.0,0,0.0,0.0
2024-10-18 10:05:00+09:00,3120.0,3120.0,3120.0,3120.0,198,0.0,0.0
2024-10-18 10:15:00+09:00,3120.0,3135.0,3120.0,3135.0,439,0.0,0.0
2024-10-18 10:25:00+09:00,3120.0,3120.0,3120.0,3120.0,5,0.0,0.0
2024-10-18 10:35:00+09:00,3135.0,3140.0,3135.0,3140.0,5,0.0,0.0
2024-10-18 10:40:00+09:00,3130.0,3130.0,3130.0,3130.0,0,0.0,0.0
2024-10-18 10:55:00+09:00,3135.0,3140.0,3135.0,3140.0,20,0.0,0.0
2024-10-18 11:00:00+09:00,3140.0,3140.0,3140.0,3140.0,0,0.0,0.0
2024-10-18 11:20:00+09:00,3130.0,3130.0,3130.0,3130.0,1,0.0,0.0
2024-10-18 11:30:00+09:00,3135.0,3135.0,3135.0,3135.0,49,0.0,0.0
2024-10-18 11:55:00+09:00,3140.0,3145.0,3140.0,3145.0,0,0.0,0.0
2024-10-18 12:10:00+09:00,3145.0,3150.0,2925.0,2980.0,23689,0.0,0.0
2024-10-18 12:15:00+09:00,2970.0,3070.0,2970.0,3050.0,1594,0.0,0.0
2024-10-18 12:20:00+09:00,3050.0,3065.0,3040.0,3065.0,5,0.0,0.0
2024-10-18 12:25:00+09:00,3065.0,3070.0,3060.0,3060.0,54,0.0,0.0
2024-10-18 12:30:00+09:00,3060.0,3060.0,3055.0,3055.0,2,0.0,0.0
2024-10-18 12:35:00+09:00,3055.0,3055.0,3040.0,3040.0,60,0.0,0.0
2024-10-18 12:40:00+09:00,3040.0,3040.0,3040.0,3040.0,8,0.0,0.0
2024-10-18 12:45:00+09:00,3040.0,3040.0,3035.0,3040.0,377,0.0,0.0
2024-10-18 12:55:00+09:00,3040.0,3060.0,3040.0,3060.0,2326,0.0,0.0
2024-10-18 13:00:00+09:00,3060.0,3060.0,3060.0,3060.0,639,0.0,0.0
2024-10-18 13:05:00+09:00,3060.0,3060.0,3060.0,3060.0,1,0.0,0.0
2024-10-18 13:10:00+09:00,3060.0,3060.0,3060.0,3060.0,51,0.0,0.0
2024-10-18 13:15:00+09:00,3050.0,3050.0,3040.0,3050.0,0,0.0,0.0
2024-10-18 13:20:00+09:00,3050.0,3050.0,3040.0,3050.0,19,0.0,0.0
2024-10-18 13:50:00+09:00,3040.0,3040.0,3035.0,3035.0,55,0.0,0.0
2024-10-18 13:55:00+09:00,3040.0,3040.0,3040.0,3040.0,2,0.0,0.0
2024-10-18 14:00:00+09:00,3040.0,3040.0,3040.0,3040.0,2,0.0,0.0
2024-10-18 14:05:00+09:00,3040.0,3060.0,3035.0,3060.0,1732,0.0,0.0
2024-10-18 14:10:00+09:00,3060.0,3060.0,3060.0,3060.0,1,0.0,0.0
2024-10-18 14:40:00+09:00,3060.0,3065.0,3055.0,3055.0,101,0.0,0.0
2024-10-18 14:45:00+09:00,3060.0,3060.0,3060.0,3060.0,2,0.0,0.0
