Datetime,Open,High,Low,Close,Volume,Dividends,Stock Splits
2024-09-20 09:00:00+09:00,1618.0,1619.0,1590.0,1603.0,0,0.0,0.0
2024-09-20 09:05:00+09:00,1600.0,1619.0,1591.0,1612.0,75213,0.0,0.0
2024-09-20 09:10:00+09:00,1612.0,1612.0,1600.0,1610.0,47299,0.0,0.0
2024-09-20 09:15:00+09:00,1610.0,1610.0,1600.0,1604.0,49551,0.0,0.0
2024-09-20 09:20:00+09:00,1604.0,1610.0,1599.0,1600.0,77942,0.0,0.0
2024-09-20 09:25:00+09:00,1601.0,1607.0,1599.0,1601.0,19102,0.0,0.0
2024-09-20 09:30:00+09:00,1605.0,1608.0,1600.0,1606.0,11047,0.0,0.0
2024-09-20 09:35:00+09:00,1605.0,1606.0,1598.0,1601.0,25990,0.0,0.0
2024-09-20 09:40:00+09:00,1601.0,1606.0,1599.0,1603.0,5396,0.0,0.0
2024-09-20 09:45:00+09:00,1605.0,1605.0,1600.0,1603.0,10587,0.0,0.0
2024-09-20 09:50:00+09:00,1603.0,1606.0,1602.0,1605.0,3461,0.0,0.0
2024-09-20 09:55:00+09:00,1605.0,1605.0,1602.0,1603.0,7567,0.0,0.0
2024-09-20 10:00:00+09:00,1603.0,1605.0,1597.0,1597.0,25435,0.0,0.0
2024-09-20 10:05:00+09:00,1600.0,1600.0,1591.0,1591.0,60262,0.0,0.0
2024-09-20 10:10:00+09:00,1594.0,1598.0,1584.0,1584.0,67564,0.0,0.0
2024-09-20 10:15:00+09:00,1584.0,1588.0,1580.0,1581.0,17051,0.0,0.0
2024-09-20 10:20:00+09:00,1581.0,1587.0,1581.0,1587.0,7130,0.0,0.0
2024-09-20 10:25:00+09:00,1587.0,1590.0,1581.0,1586.0,5361,0.0,0.0
2024-09-20 10:30:00+09:00,1586.0,1594.0,1586.0,1594.0,4991,0.0,0.0
2024-09-20 10:35:00+09:00,1594.0,1596.0,1590.0,1595.0,19732,0.0,0.0
2024-09-20 10:40:00+09:00,1594.0,1595.0,1591.0,1591.0,5817,0.0,0.0
2024-09-20 10:45:00+09:00,1590.0,1591.0,1590.0,1590.0,6198,0.0,0.0
2024-09-20 10:50:00+09:00,1589.0,1590.0,1588.0,1589.0,10724,0.0,0.0
2024-09-20 10:55:00+09:00,1588.0,1589.0,1586.0,1589.0,11299,0.0,0.0
2024-09-20 11:00:00+09:00,1588.0,1589.0,1585.0,1589.0,14851,0.0,0.0
2024-09-20 11:05:00+09:00,1588.0,1589.0,1587.0,1588.0,2907,0.0,0.0
2024-09-20 11:10:00+09:00,1589.0,1590.0,1588.0,1590.0,2382,0.0,0.0
2024-09-20 11:15:00+09:00,1590.0,1590.0,1588.0,1589.0,4087,0.0,0.0
2024-09-20 11:20:00+09:00,1588.0,1590.0,1586.0,1586.0,3726,0.0,0.0
2024-09-20 11:25:00+09:00,1587.0,1590.0,1585.0,1589.0,7708,0.0,0.0
2024-09-20 11:30:00+09:00,1587.0,1587.0,1582.0,1586.0,17946,0.0,0.0
2024-09-20 11:35:00+09:00,1585.0,1589.0,1585.0,1587.0,5594,0.0,0.0
2024-09-20 11:40:00+09:00,1587.0,1588.0,1583.0,1587.0,4709,0.0,0.0
2024-09-20 11:45:00+09:00,1587.0,1587.0,1583.0,1583.0,6307,0.0,0.0
2024-09-20 11:50:00+09:00,1587.0,1587.0,1583.0,1583.0,3794,0.0,0.0
2024-09-20 11:55:00+09:00,1583.0,1588.0,1583.0,1585.0,2833,0.0,0.0
2024-09-20 12:00:00+09:00,1588.0,1589.0,1584.0,1589.0,10445,0.0,0.0
2024-09-20 12:05:00+09:00,1584.0,1589.0,1584.0,1588.0,417,0.0,0.0
2024-09-20 12:10:00+09:00,1588.0,1589.0,1585.0,1589.0,4196,0.0,0.0
2024-09-20 12:15:00+09:00,1589.0,1590.0,1589.0,1590.0,3583,0.0,0.0
2024-09-20 12:20:00+09:00,1593.0,1595.0,1589.0,1595.0,3478,0.0,0.0
2024-09-20 12:25:00+09:00,1594.0,1595.0,1589.0,1594.0,1159,0.0,0.0
2024-09-20 12:30:00+09:00,1593.0,1598.0,1593.0,1598.0,7313,0.0,0.0
2024-09-20 12:35:00+09:00,1598.0,1600.0,1598.0,1600.0,12473,0.0,0.0
2024-09-20 12:40:00+09:00,1598.0,1599.0,1596.0,1597.0,4009,0.0,0.0
2024-09-20 12:45:00+09:00,1596.0,1599.0,1596.0,1597.0,2690,0.0,0.0
2024-09-20 12:50:00+09:00,1597.0,1601.0,1596.0,1601.0,53388,0.0,0.0
2024-09-20 12:55:00+09:00,1601.0,1606.0,1599.0,1604.0,4613,0.0,0.0
2024-09-20 13:00:00+09:00,1599.0,1604.0,1599.0,1603.0,6850,0.0,0.0
2024-09-20 13:05:00+09:00,1602.0,1603.0,1601.0,1603.0,13381,0.0,0.0
2024-09-20 13:10:00+09:00,1601.0,1603.0,1600.0,1603.0,14758,0.0,0.0
2024-09-20 13:15:00+09:00,1603.0,1604.0,1601.0,1604.0,3904,0.0,0.0
2024-09-20 13:20:00+09:00,1604.0,1608.0,1603.0,1606.0,11238,0.0,0.0
2024-09-20 13:25:00+09:00,1606.0,1607.0,1603.0,1607.0,3895,0.0,0.0
2024-09-20 13:30:00+09:00,1606.0,1615.0,1606.0,1614.0,30356,0.0,0.0
2024-09-20 13:35:00+09:00,1614.0,1617.0,1611.0,1611.0,29984,0.0,0.0
2024-09-20 13:40:00+09:00,1611.0,1615.0,1608.0,1609.0,13124,0.0,0.0
2024-09-20 13:45:00+09:00,1609.0,1611.0,1605.0,1607.0,8818,0.0,0.0
2024-09-20 13:50:00+09:00,1608.0,1608.0,1606.0,1606.0,1356,0.0,0.0
2024-09-20 13:55:00+09:00,1605.0,1610.0,1598.0,1610.0,17066,0.0,0.0
2024-09-20 14:00:00+09:00,1610.0,1617.0,1610.0,1615.0,14138,0.0,0.0
2024-09-20 14:05:00+09:00,1615.0,1621.0,1611.0,1621.0,38441,0.0,0.0
2024-09-20 14:10:00+09:00,1622.0,1636.0,1621.0,1636.0,74862,0.0,0.0
2024-09-20 14:15:00+09:00,1636.0,1639.0,1626.0,1629.0,28643,0.0,0.0
2024-09-20 14:20:00+09:00,1627.0,1647.0,1626.0,1642.0,80642,0.0,0.0
2024-09-20 14:25:00+09:00,1640.0,1642.0,1631.0,1639.0,30115,0.0,0.0
2024-09-20 14:30:00+09:00,1639.0,1640.0,1633.0,1637.0,20613,0.0,0.0
2024-09-20 14:35:00+09:00,1638.0,1645.0,1638.0,1644.0,31079,0.0,0.0
2024-09-20 14:40:00+09:00,1645.0,1674.0,1645.0,1659.0,215594,0.0,0.0
2024-09-20 14:45:00+09:00,1657.0,1660.0,1652.0,1653.0,28773,0.0,0.0
2024-09-20 14:50:00+09:00,1652.0,1655.0,1649.0,1651.0,27204,0.0,0.0
2024-09-20 14:55:00+09:00,1652.0,1654.0,1649.0,1651.0,18519,0.0,0.0
2024-09-23 09:00:00+09:00,1661.0,1661.0,1616.0,1618.0,0,0.0,0.0
2024-09-23 09:05:00+09:00,1618.0,1623.0,1603.0,1608.0,96746,0.0,0.0
2024-09-23 09:10:00+09:00,1608.0,1610.0,1600.0,1608.0,89933,0.0,0.0
2024-09-23 09:15:00+09:00,1609.0,1610.0,1599.0,1599.0,82651,0.0,0.0
2024-09-23 09:20:00+09:00,1600.0,1603.0,1599.0,1601.0,29953,0.0,0.0
2024-09-23 09:25:00+09:00,1601.0,1608.0,1601.0,1605.0,14883,0.0,0.0
2024-09-23 09:30:00+09:00,1607.0,1608.0,1602.0,1602.0,27569,0.0,0.0
2024-09-23 09:35:00+09:00,1603.0,1608.0,1602.0,1605.0,6506,0.0,0.0
2024-09-23 09:40:00+09:00,1605.0,1608.0,1597.0,1606.0,62047,0.0,0.0
2024-09-23 09:45:00+09:00,1606.0,1606.0,1596.0,1600.0,15361,0.0,0.0
2024-09-23 09:50:00+09:00,1600.0,1606.0,1598.0,1598.0,10328,0.0,0.0
2024-09-23 09:55:00+09:00,1598.0,1599.0,1595.0,1595.0,35084,0.0,0.0
2024-09-23 10:00:00+09:00,1596.0,1596.0,1594.0,1595.0,21052,0.0,0.0
2024-09-23 10:05:00+09:00,1595.0,1596.0,1594.0,1595.0,28189,0.0,0.0
2024-09-23 10:10:00+09:00,1595.0,1597.0,1594.0,1595.0,20764,0.0,0.0
2024-09-23 10:15:00+09:00,1596.0,1598.0,1594.0,1598.0,14355,0.0,0.0
2024-09-23 10:20:00+09:00,1598.0,1599.0,1596.0,1597.0,4874,0.0,0.0
2024-09-23 10:25:00+09:00,1598.0,1599.0,1597.0,1599.0,5040,0.0,0.0
2024-09-23 10:30:00+09:00,1599.0,1600.0,1598.0,1598.0,6740,0.0,0.0
2024-09-23 10:35:00+09:00,1598.0,1598.0,1597.0,1598.0,3454,0.0,0.0
2024-09-23 10:40:00+09:00,1598.0,1599.0,1595.0,1596.0,19520,0.0,0.0
2024-09-23 10:45:00+09:00,1595.0,1596.0,1594.0,1596.0,18604,0.0,0.0
2024-09-23 10:50:00+09:00,1595.0,1599.0,1595.0,1599.0,3660,0.0,0.0
2024-09-23 10:55:00+09:00,1599.0,1600.0,1595.0,1600.0,10671,0.0,0.0
2024-09-23 11:00:00+09:00,1600.0,1600.0,1596.0,1600.0,1377,0.0,0.0
2024-09-23 11:05:00+09:00,1599.0,1606.0,1597.0,1605.0,9150,0.0,0.0
2024-09-23 11:10:00+09:00,1605.0,1606.0,1600.0,1606.0,1053,0.0,0.0
2024-09-23 11:15:00+09:00,1601.0,1607.0,1600.0,1607.0,11151,0.0,0.0
2024-09-23 11:20:00+09:00,1608.0,1609.0,1607.0,1609.0,3501,0.0,0.0
2024-09-23 11:25:00+09:00,1609.0,1613.0,1607.0,1612.0,4680,0.0,0.0
2024-09-23 11:30:00+09:00,1612.0,1624.0,1612.0,1622.0,11372,0.0,0.0
2024-09-23 11:35:00+09:00,1622.0,1623.0,1611.0,1611.0,19308,0.0,0.0
2024-09-23 11:40:00+09:00,1612.0,1617.0,1610.0,1617.0,5434,0.0,0.0
2024-09-23 11:45:00+09:00,1615.0,1615.0,1607.0,1608.0,14259,0.0,0.0
2024-09-23 11:50:00+09:00,1609.0,1609.0,1606.0,1606.0,7783,0.0,0.0
2024-09-23 11:55:00+09:00,1608.0,1614.0,1607.0,1614.0,363,0.0,0.0
2024-09-23 12:00:00+09:00,1613.0,1615.0,1608.0,1608.0,1225,0.0,0.0
2024-09-23 12:05:00+09:00,1608.0,1608.0,1606.0,1607.0,8792,0.0,0.0
2024-09-23 12:10:00+09:00,1606.0,1606.0,1603.0,1603.0,5202,0.0,0.0
2024-09-23 12:15:00+09:00,1604.0,1610.0,1603.0,1610.0,154,0.0,0.0
2024-09-23 12:20:00+09:00,1610.0,1610.0,1610.0,1610.0,110,0.0,0.0
2024-09-23 12:25:00+09:00,1606.0,1609.0,1606.0,1609.0,6806,0.0,0.0
2024-09-23 12:30:00+09:00,1609.0,1610.0,1604.0,1607.0,2135,0.0,0.0
2024-09-23 12:35:00+09:00,1605.0,1619.0,1604.0,1619.0,10894,0.0,0.0
2024-09-23 12:40:00+09:00,1616.0,1616.0,1616.0,1616.0,89,0.0,0.0
2024-09-23 12:45:00+09:00,1615.0,1617.0,1611.0,1615.0,2980,0.0,0.0
2024-09-23 12:50:00+09:00,1617.0,1617.0,1610.0,1610.0,11300,0.0,0.0
2024-09-23 12:55:00+09:00,1610.0,1614.0,1610.0,1611.0,3293,0.0,0.0
2024-09-23 13:00:00+09:00,1610.0,1613.0,1610.0,1613.0,14952,0.0,0.0
2024-09-23 13:05:00+09:00,1610.0,1613.0,1607.0,1607.0,18725,0.0,0.0
2024-09-23 13:10:00+09:00,1607.0,1612.0,1607.0,1609.0,0,0.0,0.0
2024-09-23 13:15:00+09:00,1609.0,1612.0,1608.0,1612.0,3221,0.0,0.0
2024-09-23 13:20:00+09:00,1611.0,1612.0,1609.0,1612.0,2285,0.0,0.0
2024-09-23 13:25:00+09:00,1612.0,1612.0,1608.0,1610.0,5259,0.0,0.0
2024-09-23 13:30:00+09:00,1611.0,1617.0,1609.0,1610.0,9631,0.0,0.0
2024-09-23 13:35:00+09:00,1610.0,1616.0,1609.0,1615.0,7749,0.0,0.0
2024-09-23 13:40:00+09:00,1611.0,1611.0,1611.0,1611.0,673,0.0,0.0
2024-09-23 13:45:00+09:00,1610.0,1615.0,1607.0,1614.0,15313,0.0,0.0
2024-09-23 13:50:00+09:00,1614.0,1614.0,1608.0,1613.0,10947,0.0,0.0
2024-09-23 13:55:00+09:00,1612.0,1612.0,1609.0,1609.0,857,0.0,0.0
2024-09-23 14:00:00+09:00,1609.0,1613.0,1606.0,1606.0,26015,0.0,0.0
2024-09-23 14:05:00+09:00,1608.0,1613.0,1608.0,1612.0,666,0.0,0.0
2024-09-23 14:10:00+09:00,1613.0,1613.0,1606.0,1613.0,5294,0.0,0.0
2024-09-23 14:15:00+09:00,1612.0,1612.0,1603.0,1606.0,13614,0.0,0.0
2024-09-23 14:20:00+09:00,1603.0,1606.0,1601.0,1605.0,15770,0.0,0.0
2024-09-23 14:25:00+09:00,1602.0,1605.0,1601.0,1605.0,4661,0.0,0.0
2024-09-23 14:30:00+09:00,1601.0,1605.0,1600.0,1600.0,17859,0.0,0.0
2024-09-23 14:35:00+09:00,1601.0,1601.0,1599.0,1600.0,10286,0.0,0.0
2024-09-23 14:40:00+09:00,1600.0,1604.0,1599.0,1603.0,2958,0.0,0.0
2024-09-23 14:45:00+09:00,1603.0,1605.0,1600.0,1600.0,10879,0.0,0.0
2024-09-23 14:50:00+09:00,1604.0,1605.0,1600.0,1605.0,7378,0.0,0.0
2024-09-23 14:55:00+09:00,1600.0,1600.0,1593.0,1596.0,66502,0.0,0.0
2024-09-24 09:00:00+09:00,1589.0,1597.0,1582.0,1584.0,19749,0.0,0.0
2024-09-24 09:05:00+09:00,1583.0,1584.0,1566.0,1575.0,67112,0.0,0.0
2024-09-24 09:10:00+09:00,1574.0,1575.0,1561.0,1565.0,64162,0.0,0.0
2024-09-24 09:15:00+09:00,1564.0,1569.0,1555.0,1555.0,47094,0.0,0.0
2024-09-24 09:20:00+09:00,1555.0,1565.0,1550.0,1557.0,59866,0.0,0.0
2024-09-24 09:25:00+09:00,1560.0,1566.0,1560.0,1566.0,5304,0.0,0.0
2024-09-24 09:30:00+09:00,1565.0,1565.0,1559.0,1561.0,14261,0.0,0.0
2024-09-24 09:35:00+09:00,1561.0,1561.0,1556.0,1557.0,13308,0.0,0.0
2024-09-24 09:40:00+09:00,1557.0,1561.0,1545.0,1546.0,47237,0.0,0.0
2024-09-24 09:45:00+09:00,1545.0,1546.0,1523.0,1530.0,132800,0.0,0.0
2024-09-24 09:50:00+09:00,1530.0,1541.0,1527.0,1532.0,75545,0.0,0.0
2024-09-24 09:55:00+09:00,1532.0,1534.0,1520.0,1530.0,54940,0.0,0.0
2024-09-24 10:00:00+09:00,1530.0,1532.0,1524.0,1532.0,15785,0.0,0.0
2024-09-24 10:05:00+09:00,1532.0,1537.0,1532.0,1537.0,12648,0.0,0.0
2024-09-24 10:10:00+09:00,1537.0,1542.0,1534.0,1542.0,12748,0.0,0.0
2024-09-24 10:15:00+09:00,1541.0,1542.0,1537.0,1537.0,24568,0.0,0.0
2024-09-24 10:20:00+09:00,1538.0,1540.0,1536.0,1537.0,9004,0.0,0.0
2024-09-24 10:25:00+09:00,1536.0,1537.0,1534.0,1534.0,5322,0.0,0.0
2024-09-24 10:30:00+09:00,1535.0,1537.0,1531.0,1532.0,19827,0.0,0.0
2024-09-24 10:35:00+09:00,1532.0,1537.0,1531.0,1535.0,12335,0.0,0.0
2024-09-24 10:40:00+09:00,1535.0,1537.0,1532.0,1537.0,15366,0.0,0.0
2024-09-24 10:45:00+09:00,1536.0,1537.0,1531.0,1537.0,13517,0.0,0.0
2024-09-24 10:50:00+09:00,1536.0,1536.0,1533.0,1535.0,4941,0.0,0.0
2024-09-24 10:55:00+09:00,1535.0,1535.0,1533.0,1533.0,6891,0.0,0.0
2024-09-24 11:00:00+09:00,1533.0,1534.0,1526.0,1532.0,22984,0.0,0.0
2024-09-24 11:05:00+09:00,1532.0,1533.0,1530.0,1531.0,2134,0.0,0.0
2024-09-24 11:10:00+09:00,1531.0,1532.0,1529.0,1529.0,7925,0.0,0.0
2024-09-24 11:15:00+09:00,1529.0,1532.0,1520.0,1531.0,63850,0.0,0.0
2024-09-24 11:20:00+09:00,1530.0,1531.0,1527.0,1528.0,3105,0.0,0.0
2024-09-24 11:25:00+09:00,1527.0,1528.0,1526.0,1526.0,10422,0.0,0.0
2024-09-24 11:30:00+09:00,1525.0,1529.0,1517.0,1529.0,59072,0.0,0.0
2024-09-24 11:35:00+09:00,1526.0,1528.0,1520.0,1526.0,5574,0.0,0.0
2024-09-24 11:40:00+09:00,1525.0,1526.0,1520.0,1520.0,8910,0.0,0.0
2024-09-24 11:45:00+09:00,1524.0,1527.0,1524.0,1527.0,211,0.0,0.0
2024-09-24 11:50:00+09:00,1526.0,1527.0,1519.0,1519.0,11994,0.0,0.0
2024-09-24 11:55:00+09:00,1520.0,1523.0,1520.0,1523.0,3881,0.0,0.0
2024-09-24 12:00:00+09:00,1523.0,1523.0,1521.0,1523.0,4051,0.0,0.0
2024-09-24 12:05:00+09:00,1522.0,1523.0,1521.0,1521.0,3603,0.0,0.0
2024-09-24 12:10:00+09:00,1521.0,1521.0,1519.0,1519.0,14306,0.0,0.0
2024-09-24 12:15:00+09:00,1519.0,1520.0,1518.0,1519.0,4657,0.0,0.0
2024-09-24 12:20:00+09:00,1521.0,1521.0,1518.0,1518.0,14809,0.0,0.0
2024-09-24 12:25:00+09:00,1519.0,1521.0,1518.0,1519.0,0,0.0,0.0
2024-09-24 12:30:00+09:00,1521.0,1522.0,1519.0,1521.0,4836,0.0,0.0
2024-09-24 12:35:00+09:00,1521.0,1523.0,1521.0,1523.0,7242,0.0,0.0
2024-09-24 12:40:00+09:00,1523.0,1524.0,1523.0,1524.0,2434,0.0,0.0
2024-09-24 12:45:00+09:00,1524.0,1526.0,1524.0,1526.0,1810,0.0,0.0
2024-09-24 12:50:00+09:00,1525.0,1526.0,1524.0,1526.0,8611,0.0,0.0
2024-09-24 12:55:00+09:00,1527.0,1529.0,1526.0,1529.0,13709,0.0,0.0
2024-09-24 13:00:00+09:00,1528.0,1529.0,1528.0,1528.0,7294,0.0,0.0
2024-09-24 13:05:00+09:00,1527.0,1529.0,1527.0,1528.0,3345,0.0,0.0
2024-09-24 13:10:00+09:00,1528.0,1529.0,1528.0,1528.0,2502,0.0,0.0
2024-09-24 13:15:00+09:00,1528.0,1529.0,1527.0,1529.0,1398,0.0,0.0
2024-09-24 13:20:00+09:00,1529.0,1529.0,1526.0,1527.0,5221,0.0,0.0
2024-09-24 13:25:00+09:00,1528.0,1528.0,1527.0,1527.0,2848,0.0,0.0
2024-09-24 13:30:00+09:00,1526.0,1527.0,1525.0,1527.0,3391,0.0,0.0
2024-09-24 13:35:00+09:00,1527.0,1527.0,1523.0,1523.0,18138,0.0,0.0
2024-09-24 13:40:00+09:00,1523.0,1523.0,1514.0,1517.0,73102,0.0,0.0
2024-09-24 13:45:00+09:00,1521.0,1521.0,1518.0,1518.0,6813,0.0,0.0
2024-09-24 13:50:00+09:00,1520.0,1527.0,1520.0,1527.0,6310,0.0,0.0
2024-09-24 13:55:00+09:00,1528.0,1529.0,1527.0,1529.0,7583,0.0,0.0
2024-09-24 14:00:00+09:00,1529.0,1529.0,1526.0,1527.0,3591,0.0,0.0
2024-09-24 14:05:00+09:00,1526.0,1528.0,1525.0,1528.0,2091,0.0,0.0
2024-09-24 14:10:00+09:00,1528.0,1534.0,1527.0,1533.0,11936,0.0,0.0
2024-09-24 14:15:00+09:00,1533.0,1534.0,1530.0,1532.0,9785,0.0,0.0
2024-09-24 14:20:00+09:00,1532.0,1535.0,1532.0,1535.0,13829,0.0,0.0
2024-09-24 14:25:00+09:00,1534.0,1538.0,1534.0,1537.0,16650,0.0,0.0
2024-09-24 14:30:00+09:00,1537.0,1537.0,1535.0,1537.0,5599,0.0,0.0
2024-09-24 14:35:00+09:00,1537.0,1537.0,1531.0,1531.0,31646,0.0,0.0
2024-09-24 14:40:00+09:00,1531.0,1532.0,1529.0,1529.0,5604,0.0,0.0
2024-09-24 14:45:00+09:00,1529.0,1531.0,1529.0,1531.0,4104,0.0,0.0
2024-09-24 14:50:00+09:00,1530.0,1532.0,1528.0,1528.0,10643,0.0,0.0
2024-09-24 14:55:00+09:00,1527.0,1532.0,1526.0,1532.0,11065,0.0,0.0
2024-09-25 09:00:00+09:00,1552.0,1561.0,1535.0,1535.0,42083,0.0,0.0
2024-09-25 09:05:00+09:00,1534.0,1552.0,1533.0,1552.0,78904,0.0,0.0
2024-09-25 09:10:00+09:00,1552.0,1553.0,1544.0,1548.0,12496,0.0,0.0
2024-09-25 09:15:00+09:00,1548.0,1550.0,1540.0,1540.0,14751,0.0,0.0
2024-09-25 09:20:00+09:00,1540.0,1544.0,1538.0,1544.0,5949,0.0,0.0
2024-09-25 09:25:00+09:00,1543.0,1543.0,1538.0,1540.0,5274,0.0,0.0
2024-09-25 09:30:00+09:00,1538.0,1540.0,1535.0,1537.0,10602,0.0,0.0
2024-09-25 09:35:00+09:00,1536.0,1540.0,1533.0,1539.0,32544,0.0,0.0
2024-09-25 09:40:00+09:00,1536.0,1539.0,1535.0,1537.0,6773,0.0,0.0
2024-09-25 09:45:00+09:00,1538.0,1540.0,1538.0,1539.0,5872,0.0,0.0
2024-09-25 09:50:00+09:00,1540.0,1545.0,1539.0,1545.0,16857,0.0,0.0
2024-09-25 09:55:00+09:00,1545.0,1545.0,1537.0,1542.0,9717,0.0,0.0
2024-09-25 10:00:00+09:00,1539.0,1542.0,1535.0,1540.0,5223,0.0,0.0
2024-09-25 10:05:00+09:00,1538.0,1540.0,1534.0,1535.0,30003,0.0,0.0
2024-09-25 10:10:00+09:00,1538.0,1538.0,1535.0,1538.0,743,0.0,0.0
2024-09-25 10:15:00+09:00,1537.0,1538.0,1520.0,1530.0,44263,0.0,0.0
2024-09-25 10:20:00+09:00,1524.0,1534.0,1522.0,1529.0,4677,0.0,0.0
2024-09-25 10:25:00+09:00,1528.0,1529.0,1519.0,1520.0,32120,0.0,0.0
2024-09-25 10:30:00+09:00,1528.0,1542.0,1521.0,1542.0,37526,0.0,0.0
2024-09-25 10:35:00+09:00,1539.0,1541.0,1538.0,1540.0,22366,0.0,0.0
2024-09-25 10:40:00+09:00,1540.0,1542.0,1539.0,1539.0,13887,0.0,0.0
2024-09-25 10:45:00+09:00,1538.0,1539.0,1537.0,1537.0,11820,0.0,0.0
2024-09-25 10:50:00+09:00,1537.0,1540.0,1534.0,1537.0,13405,0.0,0.0
2024-09-25 10:55:00+09:00,1539.0,1541.0,1533.0,1537.0,25043,0.0,0.0
2024-09-25 11:00:00+09:00,1537.0,1539.0,1536.0,1537.0,2412,0.0,0.0
2024-09-25 11:05:00+09:00,1536.0,1539.0,1535.0,1536.0,8548,0.0,0.0
2024-09-25 11:10:00+09:00,1535.0,1536.0,1534.0,1534.0,8162,0.0,0.0
2024-09-25 11:15:00+09:00,1534.0,1536.0,1534.0,1534.0,10780,0.0,0.0
2024-09-25 11:20:00+09:00,1536.0,1536.0,1534.0,1534.0,4162,0.0,0.0
2024-09-25 11:25:00+09:00,1535.0,1535.0,1534.0,1535.0,2584,0.0,0.0
2024-09-25 11:30:00+09:00,1535.0,1536.0,1534.0,1536.0,4989,0.0,0.0
2024-09-25 11:35:00+09:00,1536.0,1538.0,1535.0,1538.0,4370,0.0,0.0
2024-09-25 11:40:00+09:00,1537.0,1538.0,1535.0,1538.0,8253,0.0,0.0
2024-09-25 11:45:00+09:00,1538.0,1538.0,1535.0,1536.0,4438,0.0,0.0
2024-09-25 11:50:00+09:00,1536.0,1536.0,1534.0,1536.0,935,0.0,0.0
2024-09-25 11:55:00+09:00,1536.0,1538.0,1536.0,1538.0,1786,0.0,0.0
2024-09-25 12:00:00+09:00,1538.0,1539.0,1538.0,1539.0,1460,0.0,0.0
2024-09-25 12:05:00+09:00,1539.0,1540.0,1537.0,1538.0,4856,0.0,0.0
2024-09-25 12:10:00+09:00,1538.0,1538.0,1533.0,1535.0,10035,0.0,0.0
2024-09-25 12:15:00+09:00,1534.0,1537.0,1534.0,1537.0,1095,0.0,0.0
2024-09-25 12:20:00+09:00,1533.0,1537.0,1532.0,1536.0,25492,0.0,0.0
2024-09-25 12:25:00+09:00,1536.0,1536.0,1533.0,1536.0,2121,0.0,0.0
2024-09-25 12:30:00+09:00,1535.0,1535.0,1529.0,1530.0,26081,0.0,0.0
2024-09-25 12:35:00+09:00,1530.0,1536.0,1529.0,1536.0,4005,0.0,0.0
2024-09-25 12:40:00+09:00,1535.0,1535.0,1532.0,1534.0,4772,0.0,0.0
2024-09-25 12:45:00+09:00,1532.0,1534.0,1530.0,1534.0,10784,0.0,0.0
2024-09-25 12:50:00+09:00,1533.0,1534.0,1531.0,1534.0,3960,0.0,0.0
2024-09-25 12:55:00+09:00,1533.0,1534.0,1533.0,1534.0,20,0.0,0.0
2024-09-25 13:00:00+09:00,1533.0,1534.0,1530.0,1530.0,4970,0.0,0.0
2024-09-25 13:05:00+09:00,1534.0,1534.0,1528.0,1528.0,5610,0.0,0.0
2024-09-25 13:10:00+09:00,1530.0,1533.0,1530.0,1533.0,218,0.0,0.0
2024-09-25 13:15:00+09:00,1533.0,1533.0,1529.0,1529.0,3789,0.0,0.0
2024-09-25 13:20:00+09:00,1529.0,1529.0,1527.0,1528.0,4538,0.0,0.0
2024-09-25 13:25:00+09:00,1528.0,1532.0,1528.0,1531.0,1037,0.0,0.0
2024-09-25 13:30:00+09:00,1530.0,1530.0,1526.0,1529.0,21340,0.0,0.0
2024-09-25 13:35:00+09:00,1529.0,1529.0,1524.0,1529.0,10755,0.0,0.0
2024-09-25 13:40:00+09:00,1529.0,1529.0,1526.0,1527.0,840,0.0,0.0
2024-09-25 13:45:00+09:00,1527.0,1527.0,1522.0,1524.0,10866,0.0,0.0
2024-09-25 13:50:00+09:00,1524.0,1524.0,1521.0,1521.0,11949,0.0,0.0
2024-09-25 13:55:00+09:00,1521.0,1522.0,1520.0,1522.0,19884,0.0,0.0
2024-09-25 14:00:00+09:00,1521.0,1521.0,1515.0,1520.0,23250,0.0,0.0
2024-09-25 14:05:00+09:00,1520.0,1521.0,1516.0,1521.0,8712,0.0,0.0
2024-09-25 14:10:00+09:00,1520.0,1520.0,1516.0,1519.0,12106,0.0,0.0
2024-09-25 14:15:00+09:00,1519.0,1522.0,1519.0,1522.0,2942,0.0,0.0
2024-09-25 14:20:00+09:00,1522.0,1525.0,1521.0,1523.0,15652,0.0,0.0
2024-09-25 14:25:00+09:00,1523.0,1525.0,1521.0,1523.0,1159,0.0,0.0
2024-09-25 14:30:00+09:00,1522.0,1523.0,1516.0,1519.0,10100,0.0,0.0
2024-09-25 14:35:00+09:00,1519.0,1519.0,1513.0,1514.0,19609,0.0,0.0
2024-09-25 14:40:00+09:00,1514.0,1518.0,1514.0,1515.0,4606,0.0,0.0
2024-09-25 14:45:00+09:00,1514.0,1516.0,1510.0,1512.0,33202,0.0,0.0
2024-09-25 14:50:00+09:00,1512.0,1512.0,1500.0,1505.0,31932,0.0,0.0
2024-09-25 14:55:00+09:00,1505.0,1505.0,1495.0,1498.0,38604,0.0,0.0
2024-09-26 09:00:00+09:00,1500.0,1507.0,1486.0,1507.0,51338,0.0,0.0
2024-09-26 09:05:00+09:00,1507.0,1519.0,1507.0,1516.0,58784,0.0,0.0
2024-09-26 09:10:00+09:00,1516.0,1531.0,1514.0,1529.0,39831,0.0,0.0
2024-09-26 09:15:00+09:00,1529.0,1530.0,1514.0,1518.0,13507,0.0,0.0
2024-09-26 09:20:00+09:00,1515.0,1518.0,1510.0,1517.0,13892,0.0,0.0
2024-09-26 09:25:00+09:00,1515.0,1524.0,1515.0,1516.0,14002,0.0,0.0
2024-09-26 09:30:00+09:00,1516.0,1517.0,1510.0,1516.0,15473,0.0,0.0
2024-09-26 09:35:00+09:00,1516.0,1516.0,1503.0,1505.0,21840,0.0,0.0
2024-09-26 09:40:00+09:00,1505.0,1505.0,1501.0,1503.0,9202,0.0,0.0
2024-09-26 09:45:00+09:00,1503.0,1504.0,1492.0,1503.0,10338,0.0,0.0
2024-09-26 09:50:00+09:00,1497.0,1506.0,1497.0,1506.0,2339,0.0,0.0
2024-09-26 09:55:00+09:00,1505.0,1506.0,1504.0,1506.0,1828,0.0,0.0
2024-09-26 10:00:00+09:00,1505.0,1509.0,1498.0,1505.0,23570,0.0,0.0
2024-09-26 10:05:00+09:00,1505.0,1506.0,1500.0,1506.0,2220,0.0,0.0
2024-09-26 10:10:00+09:00,1501.0,1508.0,1501.0,1506.0,7596,0.0,0.0
2024-09-26 10:15:00+09:00,1506.0,1507.0,1504.0,1504.0,636,0.0,0.0
2024-09-26 10:20:00+09:00,1503.0,1506.0,1503.0,1505.0,2446,0.0,0.0
2024-09-26 10:25:00+09:00,1505.0,1508.0,1503.0,1508.0,8117,0.0,0.0
2024-09-26 10:30:00+09:00,1505.0,1508.0,1503.0,1508.0,1509,0.0,0.0
2024-09-26 10:35:00+09:00,1505.0,1508.0,1504.0,1504.0,1423,0.0,0.0
2024-09-26 10:40:00+09:00,1504.0,1504.0,1503.0,1503.0,7185,0.0,0.0
2024-09-26 10:45:00+09:00,1502.0,1503.0,1500.0,1500.0,13779,0.0,0.0
2024-09-26 10:50:00+09:00,1503.0,1504.0,1500.0,1504.0,4441,0.0,0.0
2024-09-26 10:55:00+09:00,1501.0,1504.0,1500.0,1504.0,5773,0.0,0.0
2024-09-26 11:00:00+09:00,1504.0,1508.0,1504.0,1507.0,3879,0.0,0.0
2024-09-26 11:05:00+09:00,1504.0,1507.0,1501.0,1506.0,4392,0.0,0.0
2024-09-26 11:10:00+09:00,1507.0,1507.0,1506.0,1507.0,1113,0.0,0.0
2024-09-26 11:15:00+09:00,1507.0,1508.0,1502.0,1505.0,8340,0.0,0.0
2024-09-26 11:20:00+09:00,1507.0,1510.0,1507.0,1509.0,2072,0.0,0.0
2024-09-26 11:25:00+09:00,1505.0,1508.0,1505.0,1507.0,15,0.0,0.0
2024-09-26 11:30:00+09:00,1507.0,1507.0,1506.0,1506.0,1331,0.0,0.0
2024-09-26 11:35:00+09:00,1505.0,1506.0,1505.0,1506.0,0,0.0,0.0
2024-09-26 11:40:00+09:00,1505.0,1506.0,1501.0,1506.0,4263,0.0,0.0
2024-09-26 11:45:00+09:00,1506.0,1510.0,1503.0,1510.0,7638,0.0,0.0
2024-09-26 11:50:00+09:00,1509.0,1509.0,1507.0,1507.0,2710,0.0,0.0
2024-09-26 11:55:00+09:00,1506.0,1506.0,1500.0,1505.0,7548,0.0,0.0
2024-09-26 12:00:00+09:00,1505.0,1505.0,1503.0,1504.0,584,0.0,0.0
2024-09-26 12:05:00+09:00,1504.0,1505.0,1502.0,1505.0,1650,0.0,0.0
2024-09-26 12:10:00+09:00,1505.0,1506.0,1505.0,1506.0,76,0.0,0.0
2024-09-26 12:15:00+09:00,1506.0,1510.0,1504.0,1509.0,5164,0.0,0.0
2024-09-26 12:20:00+09:00,1509.0,1509.0,1501.0,1501.0,3386,0.0,0.0
2024-09-26 12:25:00+09:00,1501.0,1508.0,1501.0,1507.0,815,0.0,0.0
2024-09-26 12:30:00+09:00,1506.0,1507.0,1501.0,1507.0,2179,0.0,0.0
2024-09-26 12:35:00+09:00,1507.0,1508.0,1502.0,1507.0,2514,0.0,0.0
2024-09-26 12:40:00+09:00,1502.0,1507.0,1502.0,1506.0,14,0.0,0.0
2024-09-26 12:45:00+09:00,1503.0,1506.0,1500.0,1500.0,12973,0.0,0.0
2024-09-26 12:50:00+09:00,1506.0,1506.0,1506.0,1506.0,0,0.0,0.0
2024-09-26 12:55:00+09:00,1505.0,1506.0,1502.0,1502.0,139,0.0,0.0
2024-09-26 13:00:00+09:00,1501.0,1506.0,1495.0,1506.0,22453,0.0,0.0
2024-09-26 13:05:00+09:00,1502.0,1505.0,1500.0,1505.0,1954,0.0,0.0
2024-09-26 13:10:00+09:00,1505.0,1505.0,1503.0,1503.0,1604,0.0,0.0
2024-09-26 13:15:00+09:00,1502.0,1504.0,1502.0,1504.0,878,0.0,0.0
2024-09-26 13:20:00+09:00,1503.0,1503.0,1499.0,1501.0,2678,0.0,0.0
2024-09-26 13:25:00+09:00,1501.0,1501.0,1500.0,1500.0,2361,0.0,0.0
2024-09-26 13:30:00+09:00,1500.0,1505.0,1500.0,1505.0,7024,0.0,0.0
2024-09-26 13:35:00+09:00,1504.0,1504.0,1500.0,1504.0,723,0.0,0.0
2024-09-26 13:40:00+09:00,1503.0,1503.0,1494.0,1495.0,12013,0.0,0.0
2024-09-26 13:45:00+09:00,1494.0,1500.0,1487.0,1497.0,26656,0.0,0.0
2024-09-26 13:50:00+09:00,1493.0,1497.0,1488.0,1490.0,9967,0.0,0.0
2024-09-26 13:55:00+09:00,1490.0,1498.0,1484.0,1484.0,38614,0.0,0.0
2024-09-26 14:00:00+09:00,1491.0,1497.0,1489.0,1490.0,1956,0.0,0.0
2024-09-26 14:05:00+09:00,1489.0,1490.0,1486.0,1490.0,5136,0.0,0.0
2024-09-26 14:10:00+09:00,1490.0,1492.0,1489.0,1489.0,6064,0.0,0.0
2024-09-26 14:15:00+09:00,1489.0,1491.0,1488.0,1489.0,1081,0.0,0.0
2024-09-26 14:20:00+09:00,1491.0,1493.0,1491.0,1493.0,4425,0.0,0.0
2024-09-26 14:25:00+09:00,1493.0,1493.0,1490.0,1491.0,1339,0.0,0.0
2024-09-26 14:30:00+09:00,1490.0,1491.0,1488.0,1488.0,3654,0.0,0.0
2024-09-26 14:35:00+09:00,1490.0,1492.0,1488.0,1492.0,3251,0.0,0.0
2024-09-26 14:40:00+09:00,1492.0,1492.0,1485.0,1488.0,16033,0.0,0.0
2024-09-26 14:45:00+09:00,1488.0,1488.0,1484.0,1486.0,17554,0.0,0.0
2024-09-26 14:50:00+09:00,1486.0,1490.0,1483.0,1490.0,12573,0.0,0.0
2024-09-26 14:55:00+09:00,1488.0,1491.0,1485.0,1488.0,22117,0.0,0.0
2024-09-27 09:00:00+09:00,1490.0,1499.0,1404.0,1419.0,213535,0.0,0.0
2024-09-27 09:05:00+09:00,1419.0,1419.0,1399.0,1408.0,311195,0.0,0.0
2024-09-27 09:10:00+09:00,1408.0,1415.0,1395.0,1410.0,107473,0.0,0.0
2024-09-27 09:15:00+09:00,1410.0,1411.0,1402.0,1410.0,22510,0.0,0.0
2024-09-27 09:20:00+09:00,1410.0,1410.0,1401.0,1403.0,38734,0.0,0.0
2024-09-27 09:25:00+09:00,1403.0,1405.0,1395.0,1395.0,114180,0.0,0.0
2024-09-27 09:30:00+09:00,1398.0,1404.0,1398.0,1404.0,31621,0.0,0.0
2024-09-27 09:35:00+09:00,1404.0,1408.0,1399.0,1408.0,58954,0.0,0.0
2024-09-27 09:40:00+09:00,1408.0,1408.0,1401.0,1406.0,11991,0.0,0.0
2024-09-27 09:45:00+09:00,1406.0,1407.0,1401.0,1406.0,3873,0.0,0.0
2024-09-27 09:50:00+09:00,1407.0,1409.0,1403.0,1407.0,26691,0.0,0.0
2024-09-27 09:55:00+09:00,1407.0,1408.0,1403.0,1407.0,4449,0.0,0.0
2024-09-27 10:00:00+09:00,1407.0,1409.0,1406.0,1408.0,8490,0.0,0.0
2024-09-27 10:05:00+09:00,1408.0,1408.0,1400.0,1403.0,30588,0.0,0.0
2024-09-27 10:10:00+09:00,1403.0,1406.0,1400.0,1405.0,24803,0.0,0.0
2024-09-27 10:15:00+09:00,1404.0,1404.0,1401.0,1404.0,10545,0.0,0.0
2024-09-27 10:20:00+09:00,1405.0,1405.0,1403.0,1403.0,6768,0.0,0.0
2024-09-27 10:25:00+09:00,1405.0,1406.0,1404.0,1404.0,4382,0.0,0.0
2024-09-27 10:30:00+09:00,1404.0,1409.0,1404.0,1409.0,7390,0.0,0.0
2024-09-27 10:35:00+09:00,1409.0,1412.0,1408.0,1411.0,6866,0.0,0.0
2024-09-27 10:40:00+09:00,1409.0,1414.0,1407.0,1414.0,15291,0.0,0.0
2024-09-27 10:45:00+09:00,1412.0,1416.0,1409.0,1411.0,46067,0.0,0.0
2024-09-27 10:50:00+09:00,1413.0,1414.0,1412.0,1413.0,1262,0.0,0.0
2024-09-27 10:55:00+09:00,1413.0,1414.0,1410.0,1413.0,2615,0.0,0.0
2024-09-27 11:00:00+09:00,1413.0,1415.0,1410.0,1413.0,7183,0.0,0.0
2024-09-27 11:05:00+09:00,1413.0,1414.0,1410.0,1410.0,6133,0.0,0.0
2024-09-27 11:10:00+09:00,1410.0,1413.0,1408.0,1409.0,6289,0.0,0.0
2024-09-27 11:15:00+09:00,1409.0,1412.0,1409.0,1412.0,2176,0.0,0.0
2024-09-27 11:20:00+09:00,1411.0,1412.0,1410.0,1411.0,5468,0.0,0.0
2024-09-27 11:25:00+09:00,1411.0,1411.0,1409.0,1410.0,2289,0.0,0.0
2024-09-27 11:30:00+09:00,1410.0,1410.0,1400.0,1408.0,47348,0.0,0.0
2024-09-27 11:35:00+09:00,1408.0,1408.0,1399.0,1407.0,66035,0.0,0.0
2024-09-27 11:40:00+09:00,1405.0,1407.0,1399.0,1407.0,7327,0.0,0.0
2024-09-27 11:45:00+09:00,1407.0,1408.0,1404.0,1408.0,2730,0.0,0.0
2024-09-27 11:50:00+09:00,1408.0,1411.0,1401.0,1408.0,13785,0.0,0.0
2024-09-27 11:55:00+09:00,1402.0,1409.0,1401.0,1408.0,6716,0.0,0.0
2024-09-27 12:00:00+09:00,1407.0,1407.0,1406.0,1407.0,4391,0.0,0.0
2024-09-27 12:05:00+09:00,1407.0,1408.0,1406.0,1408.0,7844,0.0,0.0
2024-09-27 12:10:00+09:00,1408.0,1409.0,1408.0,1409.0,13357,0.0,0.0
2024-09-27 12:15:00+09:00,1409.0,1409.0,1406.0,1406.0,2597,0.0,0.0
2024-09-27 12:20:00+09:00,1408.0,1408.0,1408.0,1408.0,0,0.0,0.0
2024-09-27 12:25:00+09:00,1408.0,1410.0,1407.0,1410.0,9504,0.0,0.0
2024-09-27 12:30:00+09:00,1410.0,1411.0,1407.0,1407.0,5222,0.0,0.0
2024-09-27 12:35:00+09:00,1408.0,1412.0,1408.0,1411.0,7786,0.0,0.0
2024-09-27 12:40:00+09:00,1408.0,1410.0,1408.0,1410.0,1826,0.0,0.0
2024-09-27 12:45:00+09:00,1409.0,1409.0,1406.0,1406.0,5188,0.0,0.0
2024-09-27 12:50:00+09:00,1406.0,1410.0,1406.0,1407.0,8711,0.0,0.0
2024-09-27 12:55:00+09:00,1406.0,1408.0,1406.0,1407.0,6010,0.0,0.0
2024-09-27 13:00:00+09:00,1407.0,1407.0,1404.0,1404.0,7513,0.0,0.0
2024-09-27 13:05:00+09:00,1405.0,1406.0,1404.0,1405.0,5785,0.0,0.0
2024-09-27 13:10:00+09:00,1404.0,1406.0,1404.0,1405.0,3028,0.0,0.0
2024-09-27 13:15:00+09:00,1405.0,1409.0,1405.0,1405.0,4789,0.0,0.0
2024-09-27 13:20:00+09:00,1408.0,1408.0,1405.0,1407.0,7751,0.0,0.0
2024-09-27 13:25:00+09:00,1407.0,1407.0,1404.0,1405.0,12721,0.0,0.0
2024-09-27 13:30:00+09:00,1405.0,1405.0,1400.0,1400.0,38093,0.0,0.0
2024-09-27 13:35:00+09:00,1402.0,1402.0,1400.0,1401.0,2144,0.0,0.0
2024-09-27 13:40:00+09:00,1401.0,1404.0,1401.0,1404.0,6215,0.0,0.0
2024-09-27 13:45:00+09:00,1403.0,1403.0,1399.0,1402.0,13488,0.0,0.0
2024-09-27 13:50:00+09:00,1402.0,1402.0,1400.0,1401.0,1210,0.0,0.0
2024-09-27 13:55:00+09:00,1401.0,1401.0,1400.0,1401.0,5178,0.0,0.0
2024-09-27 14:00:00+09:00,1400.0,1402.0,1400.0,1401.0,8456,0.0,0.0
2024-09-27 14:05:00+09:00,1401.0,1402.0,1399.0,1402.0,19864,0.0,0.0
2024-09-27 14:10:00+09:00,1402.0,1406.0,1401.0,1406.0,5312,0.0,0.0
2024-09-27 14:15:00+09:00,1406.0,1407.0,1402.0,1407.0,1330,0.0,0.0
2024-09-27 14:20:00+09:00,1405.0,1405.0,1402.0,1405.0,2168,0.0,0.0
2024-09-27 14:25:00+09:00,1405.0,1405.0,1400.0,1402.0,4035,0.0,0.0
2024-09-27 14:30:00+09:00,1401.0,1405.0,1399.0,1404.0,8992,0.0,0.0
2024-09-27 14:35:00+09:00,1404.0,1404.0,1400.0,1400.0,11140,0.0,0.0
2024-09-27 14:40:00+09:00,1400.0,1404.0,1400.0,1402.0,2925,0.0,0.0
2024-09-27 14:45:00+09:00,1402.0,1407.0,1399.0,1407.0,18066,0.0,0.0
2024-09-27 14:50:00+09:00,1405.0,1405.0,1402.0,1402.0,953,0.0,0.0
2024-09-27 14:55:00+09:00,1403.0,1404.0,1402.0,1402.0,3531,0.0,0.0
2024-09-30 09:00:00+09:00,1408.0,1412.0,1405.0,1407.0,0,0.0,0.0
2024-09-30 09:05:00+09:00,1407.0,1407.0,1395.0,1404.0,27017,0.0,0.0
2024-09-30 09:10:00+09:00,1403.0,1414.0,1400.0,1414.0,43253,0.0,0.0
2024-09-30 09:15:00+09:00,1414.0,1414.0,1410.0,1410.0,18812,0.0,0.0
2024-09-30 09:20:00+09:00,1410.0,1410.0,1399.0,1399.0,20291,0.0,0.0
2024-09-30 09:25:00+09:00,1405.0,1407.0,1395.0,1395.0,57315,0.0,0.0
2024-09-30 09:30:00+09:00,1396.0,1399.0,1386.0,1389.0,15586,0.0,0.0
2024-09-30 09:35:00+09:00,1389.0,1399.0,1389.0,1398.0,4525,0.0,0.0
2024-09-30 09:40:00+09:00,1399.0,1399.0,1393.0,1393.0,1731,0.0,0.0
2024-09-30 09:45:00+09:00,1393.0,1395.0,1389.0,1390.0,19756,0.0,0.0
2024-09-30 09:50:00+09:00,1390.0,1416.0,1389.0,1398.0,21636,0.0,0.0
2024-09-30 09:55:00+09:00,1398.0,1404.0,1397.0,1397.0,11489,0.0,0.0
2024-09-30 10:00:00+09:00,1397.0,1397.0,1394.0,1395.0,3021,0.0,0.0
2024-09-30 10:05:00+09:00,1395.0,1401.0,1392.0,1401.0,10427,0.0,0.0
2024-09-30 10:10:00+09:00,1402.0,1404.0,1393.0,1403.0,3507,0.0,0.0
2024-09-30 10:15:00+09:00,1403.0,1403.0,1394.0,1396.0,5552,0.0,0.0
2024-09-30 10:20:00+09:00,1396.0,1403.0,1396.0,1401.0,3861,0.0,0.0
2024-09-30 10:25:00+09:00,1401.0,1401.0,1394.0,1396.0,8416,0.0,0.0
2024-09-30 10:30:00+09:00,1395.0,1400.0,1392.0,1400.0,6697,0.0,0.0
2024-09-30 10:35:00+09:00,1400.0,1403.0,1400.0,1403.0,1661,0.0,0.0
2024-09-30 10:40:00+09:00,1404.0,1408.0,1404.0,1408.0,6037,0.0,0.0
2024-09-30 10:45:00+09:00,1407.0,1408.0,1403.0,1406.0,11247,0.0,0.0
2024-09-30 10:50:00+09:00,1406.0,1406.0,1402.0,1403.0,1969,0.0,0.0
2024-09-30 10:55:00+09:00,1403.0,1405.0,1400.0,1401.0,978,0.0,0.0
2024-09-30 11:00:00+09:00,1401.0,1403.0,1397.0,1402.0,26168,0.0,0.0
2024-09-30 11:05:00+09:00,1399.0,1403.0,1395.0,1403.0,9714,0.0,0.0
2024-09-30 11:10:00+09:00,1398.0,1398.0,1396.0,1396.0,831,0.0,0.0
2024-09-30 11:15:00+09:00,1395.0,1403.0,1390.0,1396.0,38771,0.0,0.0
2024-09-30 11:20:00+09:00,1396.0,1400.0,1396.0,1396.0,2300,0.0,0.0
2024-09-30 11:25:00+09:00,1396.0,1400.0,1394.0,1398.0,3133,0.0,0.0
2024-09-30 11:30:00+09:00,1398.0,1400.0,1398.0,1399.0,3284,0.0,0.0
2024-09-30 11:35:00+09:00,1399.0,1399.0,1394.0,1396.0,6520,0.0,0.0
2024-09-30 11:40:00+09:00,1396.0,1396.0,1395.0,1396.0,3718,0.0,0.0
2024-09-30 11:45:00+09:00,1396.0,1400.0,1396.0,1400.0,12563,0.0,0.0
2024-09-30 11:50:00+09:00,1400.0,1404.0,1400.0,1402.0,11039,0.0,0.0
2024-09-30 11:55:00+09:00,1401.0,1406.0,1397.0,1406.0,9551,0.0,0.0
2024-09-30 12:00:00+09:00,1406.0,1407.0,1405.0,1407.0,3025,0.0,0.0
2024-09-30 12:05:00+09:00,1407.0,1409.0,1407.0,1409.0,20157,0.0,0.0
2024-09-30 12:10:00+09:00,1408.0,1410.0,1407.0,1408.0,4089,0.0,0.0
2024-09-30 12:15:00+09:00,1408.0,1411.0,1408.0,1411.0,5337,0.0,0.0
2024-09-30 12:20:00+09:00,1411.0,1412.0,1409.0,1412.0,714,0.0,0.0
2024-09-30 12:25:00+09:00,1410.0,1426.0,1410.0,1425.0,31748,0.0,0.0
2024-09-30 12:30:00+09:00,1425.0,1427.0,1425.0,1426.0,5487,0.0,0.0
2024-09-30 12:35:00+09:00,1426.0,1427.0,1422.0,1423.0,3799,0.0,0.0
2024-09-30 12:40:00+09:00,1422.0,1424.0,1420.0,1424.0,4508,0.0,0.0
2024-09-30 12:45:00+09:00,1421.0,1423.0,1418.0,1418.0,7119,0.0,0.0
2024-09-30 12:50:00+09:00,1419.0,1419.0,1410.0,1413.0,4895,0.0,0.0
2024-09-30 12:55:00+09:00,1415.0,1417.0,1412.0,1417.0,1408,0.0,0.0
2024-09-30 13:00:00+09:00,1418.0,1420.0,1418.0,1420.0,3003,0.0,0.0
2024-09-30 13:05:00+09:00,1420.0,1420.0,1418.0,1420.0,3976,0.0,0.0
2024-09-30 13:10:00+09:00,1419.0,1419.0,1416.0,1419.0,5395,0.0,0.0
2024-09-30 13:15:00+09:00,1419.0,1419.0,1418.0,1418.0,306,0.0,0.0
2024-09-30 13:20:00+09:00,1419.0,1419.0,1415.0,1417.0,3414,0.0,0.0
2024-09-30 13:25:00+09:00,1417.0,1417.0,1415.0,1415.0,10893,0.0,0.0
2024-09-30 13:30:00+09:00,1415.0,1419.0,1414.0,1418.0,1952,0.0,0.0
2024-09-30 13:35:00+09:00,1417.0,1418.0,1414.0,1414.0,2749,0.0,0.0
2024-09-30 13:40:00+09:00,1416.0,1417.0,1414.0,1414.0,1578,0.0,0.0
2024-09-30 13:45:00+09:00,1414.0,1415.0,1414.0,1415.0,223,0.0,0.0
2024-09-30 13:50:00+09:00,1415.0,1416.0,1404.0,1416.0,19231,0.0,0.0
2024-09-30 13:55:00+09:00,1414.0,1418.0,1414.0,1417.0,17375,0.0,0.0
2024-09-30 14:00:00+09:00,1417.0,1417.0,1415.0,1417.0,98,0.0,0.0
2024-09-30 14:05:00+09:00,1417.0,1417.0,1417.0,1417.0,3088,0.0,0.0
2024-09-30 14:10:00+09:00,1417.0,1417.0,1415.0,1417.0,2295,0.0,0.0
2024-09-30 14:15:00+09:00,1414.0,1414.0,1413.0,1413.0,443,0.0,0.0
2024-09-30 14:20:00+09:00,1413.0,1416.0,1410.0,1410.0,846,0.0,0.0
2024-09-30 14:25:00+09:00,1409.0,1414.0,1408.0,1409.0,2929,0.0,0.0
2024-09-30 14:30:00+09:00,1408.0,1414.0,1407.0,1407.0,6515,0.0,0.0
2024-09-30 14:35:00+09:00,1407.0,1410.0,1404.0,1410.0,17125,0.0,0.0
2024-09-30 14:40:00+09:00,1405.0,1410.0,1404.0,1404.0,15591,0.0,0.0
2024-09-30 14:45:00+09:00,1410.0,1410.0,1403.0,1403.0,554,0.0,0.0
2024-09-30 14:50:00+09:00,1410.0,1410.0,1403.0,1410.0,3507,0.0,0.0
2024-09-30 14:55:00+09:00,1404.0,1410.0,1404.0,1410.0,703,0.0,0.0
2024-10-02 09:00:00+09:00,1387.0,1394.0,1381.0,1393.0,0,0.0,0.0
2024-10-02 09:05:00+09:00,1392.0,1398.0,1391.0,1394.0,5987,0.0,0.0
2024-10-02 09:10:00+09:00,1394.0,1394.0,1385.0,1390.0,11521,0.0,0.0
2024-10-02 09:15:00+09:00,1389.0,1393.0,1389.0,1390.0,15706,0.0,0.0
2024-10-02 09:20:00+09:00,1393.0,1393.0,1385.0,1385.0,17668,0.0,0.0
2024-10-02 09:25:00+09:00,1392.0,1392.0,1385.0,1391.0,5757,0.0,0.0
2024-10-02 09:30:00+09:00,1391.0,1391.0,1386.0,1389.0,2669,0.0,0.0
2024-10-02 09:35:00+09:00,1390.0,1390.0,1386.0,1387.0,3631,0.0,0.0
2024-10-02 09:40:00+09:00,1386.0,1390.0,1386.0,1386.0,3193,0.0,0.0
2024-10-02 09:45:00+09:00,1388.0,1389.0,1386.0,1388.0,4420,0.0,0.0
2024-10-02 09:50:00+09:00,1388.0,1389.0,1385.0,1385.0,16566,0.0,0.0
2024-10-02 09:55:00+09:00,1385.0,1388.0,1370.0,1380.0,61343,0.0,0.0
2024-10-02 10:00:00+09:00,1380.0,1384.0,1370.0,1380.0,34996,0.0,0.0
2024-10-02 10:05:00+09:00,1380.0,1383.0,1378.0,1382.0,4383,0.0,0.0
2024-10-02 10:10:00+09:00,1382.0,1388.0,1382.0,1387.0,25368,0.0,0.0
2024-10-02 10:15:00+09:00,1387.0,1393.0,1387.0,1393.0,11553,0.0,0.0
2024-10-02 10:20:00+09:00,1393.0,1437.0,1392.0,1428.0,34908,0.0,0.0
2024-10-02 10:25:00+09:00,1427.0,1428.0,1412.0,1422.0,38424,0.0,0.0
2024-10-02 10:30:00+09:00,1422.0,1422.0,1412.0,1419.0,4085,0.0,0.0
2024-10-02 10:35:00+09:00,1414.0,1414.0,1398.0,1410.0,21697,0.0,0.0
2024-10-02 10:40:00+09:00,1402.0,1409.0,1393.0,1402.0,20934,0.0,0.0
2024-10-02 10:45:00+09:00,1398.0,1402.0,1393.0,1401.0,2281,0.0,0.0
2024-10-02 10:50:00+09:00,1401.0,1401.0,1400.0,1401.0,927,0.0,0.0
2024-10-02 10:55:00+09:00,1399.0,1401.0,1399.0,1401.0,588,0.0,0.0
2024-10-02 11:00:00+09:00,1401.0,1406.0,1401.0,1406.0,4296,0.0,0.0
2024-10-02 11:05:00+09:00,1406.0,1411.0,1406.0,1410.0,2581,0.0,0.0
2024-10-02 11:10:00+09:00,1407.0,1417.0,1406.0,1413.0,6409,0.0,0.0
2024-10-02 11:15:00+09:00,1411.0,1412.0,1406.0,1407.0,3898,0.0,0.0
2024-10-02 11:20:00+09:00,1407.0,1412.0,1407.0,1411.0,26329,0.0,0.0
2024-10-02 11:25:00+09:00,1412.0,1412.0,1408.0,1412.0,0,0.0,0.0
2024-10-02 11:30:00+09:00,1412.0,1415.0,1408.0,1414.0,5856,0.0,0.0
2024-10-02 11:35:00+09:00,1414.0,1414.0,1411.0,1412.0,1571,0.0,0.0
2024-10-02 11:40:00+09:00,1413.0,1414.0,1413.0,1414.0,571,0.0,0.0
2024-10-02 11:45:00+09:00,1413.0,1414.0,1407.0,1414.0,2630,0.0,0.0
2024-10-02 11:50:00+09:00,1413.0,1414.0,1413.0,1414.0,416,0.0,0.0
2024-10-02 11:55:00+09:00,1414.0,1414.0,1406.0,1406.0,2759,0.0,0.0
2024-10-02 12:00:00+09:00,1406.0,1411.0,1405.0,1407.0,961,0.0,0.0
2024-10-02 12:05:00+09:00,1406.0,1412.0,1405.0,1412.0,3236,0.0,0.0
2024-10-02 12:10:00+09:00,1412.0,1418.0,1412.0,1417.0,7998,0.0,0.0
2024-10-02 12:15:00+09:00,1415.0,1419.0,1415.0,1418.0,5960,0.0,0.0
2024-10-02 12:20:00+09:00,1418.0,1420.0,1417.0,1418.0,6118,0.0,0.0
2024-10-02 12:25:00+09:00,1418.0,1419.0,1418.0,1419.0,952,0.0,0.0
2024-10-02 12:30:00+09:00,1418.0,1418.0,1418.0,1418.0,410,0.0,0.0
2024-10-02 12:35:00+09:00,1418.0,1418.0,1412.0,1417.0,1564,0.0,0.0
2024-10-02 12:40:00+09:00,1416.0,1419.0,1416.0,1419.0,4241,0.0,0.0
2024-10-02 12:45:00+09:00,1418.0,1420.0,1415.0,1420.0,5793,0.0,0.0
2024-10-02 12:50:00+09:00,1420.0,1422.0,1419.0,1422.0,4928,0.0,0.0
2024-10-02 12:55:00+09:00,1422.0,1424.0,1419.0,1422.0,17946,0.0,0.0
2024-10-02 13:00:00+09:00,1422.0,1422.0,1418.0,1422.0,0,0.0,0.0
2024-10-02 13:05:00+09:00,1422.0,1423.0,1419.0,1420.0,2741,0.0,0.0
2024-10-02 13:10:00+09:00,1418.0,1420.0,1410.0,1411.0,7489,0.0,0.0
2024-10-02 13:15:00+09:00,1411.0,1417.0,1411.0,1417.0,1064,0.0,0.0
2024-10-02 13:20:00+09:00,1416.0,1416.0,1412.0,1412.0,1313,0.0,0.0
2024-10-02 13:25:00+09:00,1412.0,1418.0,1412.0,1417.0,6296,0.0,0.0
2024-10-02 13:30:00+09:00,1415.0,1416.0,1411.0,1416.0,3091,0.0,0.0
2024-10-02 13:35:00+09:00,1414.0,1418.0,1412.0,1417.0,5124,0.0,0.0
2024-10-02 13:40:00+09:00,1417.0,1417.0,1410.0,1413.0,2708,0.0,0.0
2024-10-02 13:45:00+09:00,1414.0,1418.0,1408.0,1410.0,13801,0.0,0.0
2024-10-02 13:50:00+09:00,1411.0,1411.0,1410.0,1411.0,380,0.0,0.0
2024-10-02 13:55:00+09:00,1412.0,1412.0,1406.0,1406.0,5922,0.0,0.0
2024-10-02 14:00:00+09:00,1407.0,1407.0,1403.0,1404.0,8504,0.0,0.0
2024-10-02 14:05:00+09:00,1405.0,1407.0,1401.0,1407.0,10631,0.0,0.0
2024-10-02 14:10:00+09:00,1407.0,1407.0,1400.0,1400.0,13953,0.0,0.0
2024-10-02 14:15:00+09:00,1402.0,1410.0,1401.0,1408.0,0,0.0,0.0
2024-10-02 14:20:00+09:00,1410.0,1410.0,1401.0,1401.0,3252,0.0,0.0
2024-10-02 14:25:00+09:00,1405.0,1413.0,1405.0,1412.0,13751,0.0,0.0
2024-10-02 14:30:00+09:00,1409.0,1414.0,1405.0,1405.0,10538,0.0,0.0
2024-10-02 14:35:00+09:00,1405.0,1412.0,1405.0,1411.0,73,0.0,0.0
2024-10-02 14:40:00+09:00,1409.0,1409.0,1402.0,1402.0,7231,0.0,0.0
2024-10-02 14:45:00+09:00,1408.0,1408.0,1405.0,1405.0,314,0.0,0.0
2024-10-02 14:50:00+09:00,1403.0,1405.0,1395.0,1395.0,13339,0.0,0.0
2024-10-02 14:55:00+09:00,1395.0,1395.0,1394.0,1395.0,4550,0.0,0.0
2024-10-04 09:00:00+09:00,1414.0,1414.0,1400.0,1409.0,0,0.0,0.0
2024-10-04 09:05:00+09:00,1409.0,1410.0,1402.0,1410.0,6535,0.0,0.0
2024-10-04 09:10:00+09:00,1410.0,1410.0,1405.0,1406.0,2640,0.0,0.0
2024-10-04 09:15:00+09:00,1406.0,1407.0,1402.0,1406.0,4952,0.0,0.0
2024-10-04 09:20:00+09:00,1406.0,1406.0,1401.0,1401.0,23675,0.0,0.0
2024-10-04 09:25:00+09:00,1404.0,1410.0,1404.0,1407.0,3525,0.0,0.0
2024-10-04 09:30:00+09:00,1409.0,1410.0,1402.0,1410.0,6284,0.0,0.0
2024-10-04 09:35:00+09:00,1410.0,1411.0,1405.0,1410.0,2651,0.0,0.0
2024-10-04 09:40:00+09:00,1410.0,1412.0,1408.0,1412.0,3184,0.0,0.0
2024-10-04 09:45:00+09:00,1412.0,1416.0,1411.0,1415.0,5598,0.0,0.0
2024-10-04 09:50:00+09:00,1415.0,1415.0,1414.0,1415.0,2774,0.0,0.0
2024-10-04 09:55:00+09:00,1415.0,1417.0,1414.0,1417.0,3980,0.0,0.0
2024-10-04 10:00:00+09:00,1417.0,1418.0,1415.0,1417.0,3160,0.0,0.0
2024-10-04 10:05:00+09:00,1417.0,1420.0,1410.0,1419.0,17644,0.0,0.0
2024-10-04 10:10:00+09:00,1419.0,1431.0,1419.0,1429.0,35057,0.0,0.0
2024-10-04 10:15:00+09:00,1429.0,1432.0,1427.0,1429.0,15673,0.0,0.0
2024-10-04 10:20:00+09:00,1426.0,1430.0,1426.0,1430.0,1622,0.0,0.0
2024-10-04 10:25:00+09:00,1430.0,1430.0,1428.0,1429.0,1536,0.0,0.0
2024-10-04 10:30:00+09:00,1429.0,1437.0,1429.0,1437.0,21052,0.0,0.0
2024-10-04 10:35:00+09:00,1437.0,1440.0,1436.0,1436.0,17370,0.0,0.0
2024-10-04 10:40:00+09:00,1436.0,1438.0,1428.0,1436.0,10760,0.0,0.0
2024-10-04 10:45:00+09:00,1435.0,1436.0,1432.0,1432.0,935,0.0,0.0
2024-10-04 10:50:00+09:00,1432.0,1435.0,1430.0,1435.0,3601,0.0,0.0
2024-10-04 10:55:00+09:00,1431.0,1433.0,1430.0,1432.0,6911,0.0,0.0
2024-10-04 11:00:00+09:00,1430.0,1435.0,1430.0,1435.0,2216,0.0,0.0
2024-10-04 11:05:00+09:00,1435.0,1435.0,1431.0,1432.0,3235,0.0,0.0
2024-10-04 11:10:00+09:00,1432.0,1435.0,1431.0,1435.0,5372,0.0,0.0
2024-10-04 11:15:00+09:00,1435.0,1436.0,1432.0,1433.0,9927,0.0,0.0
2024-10-04 11:20:00+09:00,1433.0,1435.0,1431.0,1431.0,331,0.0,0.0
2024-10-04 11:25:00+09:00,1434.0,1434.0,1431.0,1434.0,639,0.0,0.0
2024-10-04 11:30:00+09:00,1434.0,1434.0,1432.0,1432.0,271,0.0,0.0
2024-10-04 11:35:00+09:00,1432.0,1433.0,1426.0,1430.0,15022,0.0,0.0
2024-10-04 11:40:00+09:00,1429.0,1433.0,1425.0,1433.0,5472,0.0,0.0
2024-10-04 11:45:00+09:00,1433.0,1433.0,1429.0,1433.0,2134,0.0,0.0
2024-10-04 11:50:00+09:00,1433.0,1433.0,1427.0,1432.0,614,0.0,0.0
2024-10-04 11:55:00+09:00,1432.0,1432.0,1427.0,1429.0,1095,0.0,0.0
2024-10-04 12:00:00+09:00,1430.0,1432.0,1429.0,1432.0,245,0.0,0.0
2024-10-04 12:05:00+09:00,1432.0,1432.0,1432.0,1432.0,13,0.0,0.0
2024-10-04 12:10:00+09:00,1430.0,1432.0,1424.0,1432.0,8043,0.0,0.0
2024-10-04 12:15:00+09:00,1431.0,1431.0,1431.0,1431.0,0,0.0,0.0
2024-10-04 12:20:00+09:00,1430.0,1432.0,1430.0,1430.0,259367,0.0,0.0
2024-10-04 12:25:00+09:00,1430.0,1430.0,1428.0,1429.0,3178,0.0,0.0
2024-10-04 12:30:00+09:00,1429.0,1432.0,1429.0,1432.0,483,0.0,0.0
2024-10-04 12:35:00+09:00,1431.0,1432.0,1428.0,1428.0,3337,0.0,0.0
2024-10-04 12:40:00+09:00,1429.0,1429.0,1426.0,1426.0,3980,0.0,0.0
2024-10-04 12:45:00+09:00,1428.0,1428.0,1425.0,1428.0,0,0.0,0.0
2024-10-04 12:50:00+09:00,1425.0,1428.0,1424.0,1427.0,690,0.0,0.0
2024-10-04 12:55:00+09:00,1427.0,1430.0,1427.0,1430.0,2001,0.0,0.0
2024-10-04 13:00:00+09:00,1427.0,1429.0,1425.0,1429.0,2535,0.0,0.0
2024-10-04 13:05:00+09:00,1426.0,1429.0,1424.0,1424.0,527,0.0,0.0
2024-10-04 13:10:00+09:00,1429.0,1429.0,1424.0,1426.0,1154,0.0,0.0
2024-10-04 13:15:00+09:00,1425.0,1426.0,1424.0,1426.0,632,0.0,0.0
2024-10-04 13:20:00+09:00,1424.0,1426.0,1423.0,1426.0,752,0.0,0.0
2024-10-04 13:25:00+09:00,1426.0,1427.0,1425.0,1425.0,3726,0.0,0.0
2024-10-04 13:30:00+09:00,1427.0,1427.0,1425.0,1427.0,0,0.0,0.0
2024-10-04 13:35:00+09:00,1427.0,1427.0,1427.0,1427.0,375,0.0,0.0
2024-10-04 13:40:00+09:00,1427.0,1427.0,1424.0,1424.0,1536,0.0,0.0
2024-10-04 13:45:00+09:00,1427.0,1427.0,1427.0,1427.0,1,0.0,0.0
2024-10-04 13:50:00+09:00,1424.0,1424.0,1418.0,1418.0,25616,0.0,0.0
2024-10-04 13:55:00+09:00,1418.0,1418.0,1417.0,1418.0,6525,0.0,0.0
2024-10-04 14:00:00+09:00,1418.0,1427.0,1412.0,1425.0,35581,0.0,0.0
2024-10-04 14:05:00+09:00,1425.0,1425.0,1423.0,1423.0,358,0.0,0.0
2024-10-04 14:10:00+09:00,1421.0,1423.0,1421.0,1422.0,1282,0.0,0.0
2024-10-04 14:15:00+09:00,1422.0,1423.0,1422.0,1422.0,672,0.0,0.0
2024-10-04 14:20:00+09:00,1423.0,1423.0,1422.0,1422.0,2005,0.0,0.0
2024-10-04 14:25:00+09:00,1422.0,1422.0,1413.0,1413.0,19130,0.0,0.0
2024-10-04 14:30:00+09:00,1422.0,1423.0,1413.0,1423.0,0,0.0,0.0
2024-10-04 14:35:00+09:00,1423.0,1423.0,1415.0,1415.0,3340,0.0,0.0
2024-10-04 14:40:00+09:00,1415.0,1423.0,1414.0,1421.0,8235,0.0,0.0
2024-10-04 14:45:00+09:00,1421.0,1423.0,1421.0,1423.0,3392,0.0,0.0
2024-10-04 14:50:00+09:00,1423.0,1431.0,1423.0,1430.0,6042,0.0,0.0
2024-10-04 14:55:00+09:00,1430.0,1430.0,1426.0,1426.0,1046,0.0,0.0
2024-10-07 09:00:00+09:00,1479.0,1489.0,1445.0,1471.0,0,0.0,0.0
2024-10-07 09:05:00+09:00,1467.0,1472.0,1445.0,1460.0,44472,0.0,0.0
2024-10-07 09:10:00+09:00,1461.0,1500.0,1461.0,1487.0,122333,0.0,0.0
2024-10-07 09:15:00+09:00,1487.0,1491.0,1472.0,1485.0,20489,0.0,0.0
2024-10-07 09:20:00+09:00,1485.0,1496.0,1479.0,1496.0,75955,0.0,0.0
2024-10-07 09:25:00+09:00,1495.0,1496.0,1482.0,1488.0,32014,0.0,0.0
2024-10-07 09:30:00+09:00,1488.0,1524.0,1482.0,1500.0,185735,0.0,0.0
2024-10-07 09:35:00+09:00,1500.0,1503.0,1491.0,1495.0,44147,0.0,0.0
2024-10-07 09:40:00+09:00,1493.0,1493.0,1481.0,1486.0,27551,0.0,0.0
2024-10-07 09:45:00+09:00,1486.0,1490.0,1481.0,1485.0,17532,0.0,0.0
2024-10-07 09:50:00+09:00,1484.0,1490.0,1482.0,1489.0,16069,0.0,0.0
2024-10-07 09:55:00+09:00,1487.0,1490.0,1486.0,1489.0,7655,0.0,0.0
2024-10-07 10:00:00+09:00,1490.0,1490.0,1477.0,1480.0,16915,0.0,0.0
2024-10-07 10:05:00+09:00,1480.0,1486.0,1480.0,1482.0,3857,0.0,0.0
2024-10-07 10:10:00+09:00,1484.0,1484.0,1479.0,1480.0,14727,0.0,0.0
2024-10-07 10:15:00+09:00,1480.0,1483.0,1479.0,1483.0,5305,0.0,0.0
2024-10-07 10:20:00+09:00,1482.0,1482.0,1475.0,1480.0,27871,0.0,0.0
2024-10-07 10:25:00+09:00,1480.0,1480.0,1475.0,1478.0,6128,0.0,0.0
2024-10-07 10:30:00+09:00,1478.0,1480.0,1476.0,1480.0,2951,0.0,0.0
2024-10-07 10:35:00+09:00,1480.0,1483.0,1476.0,1482.0,6249,0.0,0.0
2024-10-07 10:40:00+09:00,1482.0,1487.0,1477.0,1487.0,8670,0.0,0.0
2024-10-07 10:45:00+09:00,1486.0,1498.0,1478.0,1498.0,32256,0.0,0.0
2024-10-07 10:50:00+09:00,1496.0,1497.0,1490.0,1494.0,8874,0.0,0.0
2024-10-07 10:55:00+09:00,1493.0,1495.0,1481.0,1486.0,7423,0.0,0.0
2024-10-07 11:00:00+09:00,1486.0,1490.0,1482.0,1488.0,4115,0.0,0.0
2024-10-07 11:05:00+09:00,1488.0,1492.0,1484.0,1492.0,11631,0.0,0.0
2024-10-07 11:10:00+09:00,1487.0,1498.0,1486.0,1497.0,20594,0.0,0.0
2024-10-07 11:15:00+09:00,1496.0,1496.0,1490.0,1494.0,6693,0.0,0.0
2024-10-07 11:20:00+09:00,1494.0,1494.0,1488.0,1493.0,4621,0.0,0.0
2024-10-07 11:25:00+09:00,1489.0,1493.0,1488.0,1490.0,11890,0.0,0.0
2024-10-07 11:30:00+09:00,1490.0,1491.0,1486.0,1491.0,16383,0.0,0.0
2024-10-07 11:35:00+09:00,1490.0,1490.0,1485.0,1485.0,4606,0.0,0.0
2024-10-07 11:40:00+09:00,1485.0,1488.0,1484.0,1487.0,3715,0.0,0.0
2024-10-07 11:45:00+09:00,1486.0,1488.0,1480.0,1488.0,13582,0.0,0.0
2024-10-07 11:50:00+09:00,1488.0,1489.0,1481.0,1489.0,3333,0.0,0.0
2024-10-07 11:55:00+09:00,1487.0,1487.0,1487.0,1487.0,0,0.0,0.0
2024-10-07 12:00:00+09:00,1487.0,1500.0,1486.0,1499.0,55925,0.0,0.0
2024-10-07 12:05:00+09:00,1499.0,1501.0,1495.0,1495.0,13616,0.0,0.0
2024-10-07 12:10:00+09:00,1495.0,1497.0,1489.0,1489.0,12389,0.0,0.0
2024-10-07 12:15:00+09:00,1493.0,1495.0,1490.0,1495.0,1666,0.0,0.0
2024-10-07 12:20:00+09:00,1494.0,1496.0,1491.0,1494.0,7271,0.0,0.0
2024-10-07 12:25:00+09:00,1490.0,1497.0,1489.0,1497.0,30607,0.0,0.0
2024-10-07 12:30:00+09:00,1497.0,1504.0,1497.0,1501.0,20054,0.0,0.0
2024-10-07 12:35:00+09:00,1501.0,1501.0,1492.0,1500.0,8504,0.0,0.0
2024-10-07 12:40:00+09:00,1497.0,1500.0,1491.0,1499.0,1597,0.0,0.0
2024-10-07 12:45:00+09:00,1499.0,1499.0,1495.0,1497.0,3561,0.0,0.0
2024-10-07 12:50:00+09:00,1495.0,1497.0,1490.0,1497.0,2630,0.0,0.0
2024-10-07 12:55:00+09:00,1496.0,1496.0,1488.0,1490.0,4057,0.0,0.0
2024-10-07 13:00:00+09:00,1489.0,1494.0,1485.0,1492.0,4840,0.0,0.0
2024-10-07 13:05:00+09:00,1490.0,1493.0,1483.0,1487.0,17710,0.0,0.0
2024-10-07 13:10:00+09:00,1487.0,1489.0,1479.0,1487.0,14880,0.0,0.0
2024-10-07 13:15:00+09:00,1484.0,1487.0,1479.0,1480.0,1382,0.0,0.0
2024-10-07 13:20:00+09:00,1487.0,1487.0,1480.0,1487.0,3427,0.0,0.0
2024-10-07 13:25:00+09:00,1483.0,1483.0,1481.0,1481.0,4199,0.0,0.0
2024-10-07 13:30:00+09:00,1481.0,1482.0,1477.0,1477.0,22505,0.0,0.0
2024-10-07 13:35:00+09:00,1477.0,1482.0,1475.0,1475.0,7097,0.0,0.0
2024-10-07 13:40:00+09:00,1475.0,1482.0,1475.0,1482.0,2166,0.0,0.0
2024-10-07 13:45:00+09:00,1480.0,1480.0,1475.0,1475.0,4954,0.0,0.0
2024-10-07 13:50:00+09:00,1475.0,1475.0,1472.0,1475.0,8297,0.0,0.0
2024-10-07 13:55:00+09:00,1475.0,1481.0,1475.0,1475.0,1933,0.0,0.0
2024-10-07 14:00:00+09:00,1476.0,1481.0,1476.0,1481.0,168,0.0,0.0
2024-10-07 14:05:00+09:00,1481.0,1482.0,1476.0,1482.0,1512,0.0,0.0
2024-10-07 14:10:00+09:00,1482.0,1484.0,1478.0,1484.0,3543,0.0,0.0
2024-10-07 14:15:00+09:00,1485.0,1486.0,1482.0,1485.0,2731,0.0,0.0
2024-10-07 14:20:00+09:00,1485.0,1486.0,1483.0,1483.0,4691,0.0,0.0
2024-10-07 14:25:00+09:00,1486.0,1486.0,1482.0,1482.0,2951,0.0,0.0
2024-10-07 14:30:00+09:00,1482.0,1484.0,1480.0,1483.0,4571,0.0,0.0
2024-10-07 14:35:00+09:00,1481.0,1481.0,1476.0,1476.0,8546,0.0,0.0
2024-10-07 14:40:00+09:00,1477.0,1480.0,1476.0,1480.0,2336,0.0,0.0
2024-10-07 14:45:00+09:00,1480.0,1480.0,1474.0,1476.0,4101,0.0,0.0
2024-10-07 14:50:00+09:00,1475.0,1475.0,1473.0,1475.0,9999,0.0,0.0
2024-10-07 14:55:00+09:00,1473.0,1480.0,1473.0,1480.0,584,0.0,0.0
2024-10-08 09:00:00+09:00,1481.0,1492.0,1468.0,1470.0,37512,0.0,0.0
2024-10-08 09:05:00+09:00,1480.0,1480.0,1469.0,1476.0,7190,0.0,0.0
2024-10-08 09:10:00+09:00,1476.0,1477.0,1468.0,1475.0,7412,0.0,0.0
2024-10-08 09:15:00+09:00,1475.0,1481.0,1469.0,1481.0,6910,0.0,0.0
2024-10-08 09:20:00+09:00,1481.0,1490.0,1481.0,1483.0,13855,0.0,0.0
2024-10-08 09:25:00+09:00,1482.0,1489.0,1482.0,1486.0,5731,0.0,0.0
2024-10-08 09:30:00+09:00,1487.0,1494.0,1487.0,1493.0,10838,0.0,0.0
2024-10-08 09:35:00+09:00,1493.0,1494.0,1490.0,1493.0,9623,0.0,0.0
2024-10-08 09:40:00+09:00,1493.0,1493.0,1489.0,1493.0,10492,0.0,0.0
2024-10-08 09:45:00+09:00,1492.0,1495.0,1490.0,1495.0,10823,0.0,0.0
2024-10-08 09:50:00+09:00,1495.0,1500.0,1495.0,1499.0,16869,0.0,0.0
2024-10-08 09:55:00+09:00,1498.0,1504.0,1498.0,1500.0,23631,0.0,0.0
2024-10-08 10:00:00+09:00,1502.0,1502.0,1497.0,1497.0,23644,0.0,0.0
2024-10-08 10:05:00+09:00,1497.0,1500.0,1493.0,1493.0,11001,0.0,0.0
2024-10-08 10:10:00+09:00,1494.0,1494.0,1491.0,1491.0,4975,0.0,0.0
2024-10-08 10:15:00+09:00,1491.0,1492.0,1487.0,1489.0,8651,0.0,0.0
2024-10-08 10:20:00+09:00,1490.0,1492.0,1490.0,1490.0,4082,0.0,0.0
2024-10-08 10:25:00+09:00,1490.0,1490.0,1488.0,1489.0,3485,0.0,0.0
2024-10-08 10:30:00+09:00,1489.0,1490.0,1487.0,1490.0,3268,0.0,0.0
2024-10-08 10:35:00+09:00,1488.0,1491.0,1487.0,1491.0,3862,0.0,0.0
2024-10-08 10:40:00+09:00,1491.0,1492.0,1489.0,1490.0,8757,0.0,0.0
2024-10-08 10:45:00+09:00,1490.0,1495.0,1484.0,1495.0,20309,0.0,0.0
2024-10-08 10:50:00+09:00,1494.0,1494.0,1488.0,1492.0,1346,0.0,0.0
2024-10-08 10:55:00+09:00,1492.0,1500.0,1491.0,1500.0,26481,0.0,0.0
2024-10-08 11:00:00+09:00,1500.0,1501.0,1492.0,1493.0,11829,0.0,0.0
2024-10-08 11:05:00+09:00,1497.0,1499.0,1491.0,1499.0,10763,0.0,0.0
2024-10-08 11:10:00+09:00,1492.0,1497.0,1492.0,1497.0,2263,0.0,0.0
2024-10-08 11:15:00+09:00,1497.0,1504.0,1497.0,1503.0,32049,0.0,0.0
2024-10-08 11:20:00+09:00,1501.0,1510.0,1501.0,1507.0,15985,0.0,0.0
2024-10-08 11:25:00+09:00,1507.0,1515.0,1506.0,1515.0,26243,0.0,0.0
2024-10-08 11:30:00+09:00,1514.0,1515.0,1510.0,1510.0,34166,0.0,0.0
2024-10-08 11:35:00+09:00,1510.0,1513.0,1510.0,1513.0,10543,0.0,0.0
2024-10-08 11:40:00+09:00,1512.0,1513.0,1510.0,1511.0,2235,0.0,0.0
2024-10-08 11:45:00+09:00,1511.0,1512.0,1507.0,1510.0,11581,0.0,0.0
2024-10-08 11:50:00+09:00,1510.0,1511.0,1508.0,1509.0,13146,0.0,0.0
2024-10-08 11:55:00+09:00,1510.0,1510.0,1507.0,1509.0,9437,0.0,0.0
2024-10-08 12:00:00+09:00,1510.0,1510.0,1500.0,1507.0,10527,0.0,0.0
2024-10-08 12:05:00+09:00,1506.0,1506.0,1500.0,1505.0,34538,0.0,0.0
2024-10-08 12:10:00+09:00,1502.0,1505.0,1502.0,1504.0,683,0.0,0.0
2024-10-08 12:15:00+09:00,1503.0,1506.0,1501.0,1506.0,4998,0.0,0.0
2024-10-08 12:20:00+09:00,1505.0,1505.0,1501.0,1505.0,0,0.0,0.0
2024-10-08 12:25:00+09:00,1504.0,1505.0,1500.0,1500.0,35589,0.0,0.0
2024-10-08 12:30:00+09:00,1500.0,1503.0,1500.0,1501.0,0,0.0,0.0
2024-10-08 12:35:00+09:00,1500.0,1502.0,1493.0,1496.0,17555,0.0,0.0
2024-10-08 12:40:00+09:00,1495.0,1501.0,1493.0,1501.0,6754,0.0,0.0
2024-10-08 12:45:00+09:00,1501.0,1501.0,1495.0,1500.0,24,0.0,0.0
2024-10-08 12:50:00+09:00,1499.0,1499.0,1495.0,1499.0,2067,0.0,0.0
2024-10-08 12:55:00+09:00,1497.0,1497.0,1490.0,1490.0,9290,0.0,0.0
2024-10-08 13:00:00+09:00,1490.0,1499.0,1490.0,1492.0,12183,0.0,0.0
2024-10-08 13:05:00+09:00,1492.0,1492.0,1491.0,1491.0,0,0.0,0.0
2024-10-08 13:10:00+09:00,1491.0,1496.0,1489.0,1496.0,950,0.0,0.0
2024-10-08 13:15:00+09:00,1496.0,1496.0,1496.0,1496.0,1976,0.0,0.0
2024-10-08 13:20:00+09:00,1495.0,1495.0,1487.0,1495.0,4054,0.0,0.0
2024-10-08 13:25:00+09:00,1495.0,1498.0,1494.0,1498.0,2019,0.0,0.0
2024-10-08 13:30:00+09:00,1497.0,1498.0,1497.0,1497.0,1163,0.0,0.0
2024-10-08 13:35:00+09:00,1496.0,1497.0,1492.0,1497.0,2958,0.0,0.0
2024-10-08 13:40:00+09:00,1496.0,1498.0,1496.0,1496.0,423,0.0,0.0
2024-10-08 13:45:00+09:00,1496.0,1497.0,1489.0,1497.0,3388,0.0,0.0
2024-10-08 13:50:00+09:00,1490.0,1497.0,1489.0,1497.0,3679,0.0,0.0
2024-10-08 13:55:00+09:00,1497.0,1497.0,1490.0,1497.0,786,0.0,0.0
2024-10-08 14:00:00+09:00,1490.0,1497.0,1488.0,1494.0,1385,0.0,0.0
2024-10-08 14:05:00+09:00,1490.0,1493.0,1488.0,1493.0,3975,0.0,0.0
2024-10-08 14:10:00+09:00,1491.0,1496.0,1489.0,1489.0,15646,0.0,0.0
2024-10-08 14:15:00+09:00,1496.0,1497.0,1489.0,1497.0,13755,0.0,0.0
2024-10-08 14:20:00+09:00,1497.0,1497.0,1490.0,1490.0,5296,0.0,0.0
2024-10-08 14:25:00+09:00,1493.0,1493.0,1485.0,1490.0,13418,0.0,0.0
2024-10-08 14:30:00+09:00,1489.0,1490.0,1487.0,1490.0,1586,0.0,0.0
2024-10-08 14:35:00+09:00,1490.0,1493.0,1486.0,1492.0,5592,0.0,0.0
2024-10-08 14:40:00+09:00,1491.0,1492.0,1487.0,1487.0,1177,0.0,0.0
2024-10-08 14:45:00+09:00,1487.0,1488.0,1482.0,1483.0,13352,0.0,0.0
2024-10-08 14:50:00+09:00,1483.0,1487.0,1483.0,1484.0,4766,0.0,0.0
2024-10-08 14:55:00+09:00,1484.0,1491.0,1483.0,1491.0,8296,0.0,0.0
2024-10-10 09:00:00+09:00,1489.0,1518.0,1487.0,1515.0,0,0.0,0.0
2024-10-10 09:05:00+09:00,1512.0,1512.0,1492.0,1495.0,12251,0.0,0.0
2024-10-10 09:10:00+09:00,1498.0,1500.0,1484.0,1490.0,15855,0.0,0.0
2024-10-10 09:15:00+09:00,1494.0,1495.0,1485.0,1485.0,10407,0.0,0.0
2024-10-10 09:20:00+09:00,1490.0,1490.0,1483.0,1489.0,4835,0.0,0.0
2024-10-10 09:25:00+09:00,1488.0,1489.0,1484.0,1484.0,4482,0.0,0.0
2024-10-10 09:30:00+09:00,1486.0,1489.0,1486.0,1489.0,3555,0.0,0.0
2024-10-10 09:35:00+09:00,1489.0,1492.0,1488.0,1492.0,6357,0.0,0.0
2024-10-10 09:40:00+09:00,1491.0,1492.0,1490.0,1492.0,2475,0.0,0.0
2024-10-10 09:45:00+09:00,1491.0,1491.0,1487.0,1489.0,3670,0.0,0.0
2024-10-10 09:50:00+09:00,1488.0,1488.0,1483.0,1483.0,15819,0.0,0.0
2024-10-10 09:55:00+09:00,1483.0,1484.0,1482.0,1482.0,6560,0.0,0.0
2024-10-10 10:00:00+09:00,1484.0,1484.0,1479.0,1484.0,25734,0.0,0.0
2024-10-10 10:05:00+09:00,1484.0,1485.0,1482.0,1484.0,0,0.0,0.0
2024-10-10 10:10:00+09:00,1484.0,1484.0,1480.0,1483.0,2980,0.0,0.0
2024-10-10 10:15:00+09:00,1483.0,1483.0,1475.0,1483.0,10391,0.0,0.0
2024-10-10 10:20:00+09:00,1476.0,1483.0,1470.0,1482.0,15182,0.0,0.0
2024-10-10 10:25:00+09:00,1479.0,1479.0,1472.0,1478.0,339,0.0,0.0
2024-10-10 10:30:00+09:00,1478.0,1479.0,1473.0,1479.0,833,0.0,0.0
2024-10-10 10:35:00+09:00,1478.0,1478.0,1474.0,1474.0,501,0.0,0.0
2024-10-10 10:40:00+09:00,1474.0,1480.0,1472.0,1480.0,7392,0.0,0.0
2024-10-10 10:45:00+09:00,1480.0,1480.0,1474.0,1474.0,941,0.0,0.0
2024-10-10 10:50:00+09:00,1478.0,1479.0,1478.0,1479.0,302,0.0,0.0
2024-10-10 10:55:00+09:00,1479.0,1480.0,1476.0,1476.0,11766,0.0,0.0
2024-10-10 11:00:00+09:00,1476.0,1482.0,1476.0,1482.0,871,0.0,0.0
2024-10-10 11:05:00+09:00,1481.0,1481.0,1473.0,1479.0,13192,0.0,0.0
2024-10-10 11:10:00+09:00,1479.0,1479.0,1479.0,1479.0,675,0.0,0.0
2024-10-10 11:15:00+09:00,1478.0,1478.0,1477.0,1477.0,666,0.0,0.0
2024-10-10 11:20:00+09:00,1476.0,1477.0,1476.0,1476.0,1538,0.0,0.0
2024-10-10 11:25:00+09:00,1477.0,1477.0,1475.0,1475.0,42292,0.0,0.0
2024-10-10 11:30:00+09:00,1477.0,1477.0,1477.0,1477.0,1952,0.0,0.0
2024-10-10 11:35:00+09:00,1477.0,1478.0,1471.0,1475.0,9397,0.0,0.0
2024-10-10 11:40:00+09:00,1475.0,1475.0,1475.0,1475.0,2002,0.0,0.0
2024-10-10 11:45:00+09:00,1474.0,1474.0,1474.0,1474.0,679,0.0,0.0
2024-10-10 11:50:00+09:00,1475.0,1475.0,1474.0,1474.0,304,0.0,0.0
2024-10-10 11:55:00+09:00,1473.0,1473.0,1467.0,1468.0,18257,0.0,0.0
2024-10-10 12:00:00+09:00,1467.0,1467.0,1465.0,1465.0,7643,0.0,0.0
2024-10-10 12:05:00+09:00,1466.0,1466.0,1463.0,1466.0,7173,0.0,0.0
2024-10-10 12:10:00+09:00,1466.0,1466.0,1462.0,1466.0,1829,0.0,0.0
2024-10-10 12:15:00+09:00,1466.0,1466.0,1463.0,1466.0,3036,0.0,0.0
2024-10-10 12:20:00+09:00,1466.0,1466.0,1465.0,1466.0,1618,0.0,0.0
2024-10-10 12:25:00+09:00,1466.0,1466.0,1466.0,1466.0,0,0.0,0.0
2024-10-10 12:30:00+09:00,1466.0,1468.0,1466.0,1468.0,428,0.0,0.0
2024-10-10 12:35:00+09:00,1468.0,1468.0,1468.0,1468.0,243,0.0,0.0
2024-10-10 12:40:00+09:00,1468.0,1468.0,1467.0,1468.0,111,0.0,0.0
2024-10-10 12:45:00+09:00,1468.0,1468.0,1464.0,1468.0,3002,0.0,0.0
2024-10-10 12:50:00+09:00,1465.0,1468.0,1463.0,1468.0,17040,0.0,0.0
2024-10-10 12:55:00+09:00,1463.0,1467.0,1463.0,1465.0,486,0.0,0.0
2024-10-10 13:00:00+09:00,1465.0,1467.0,1465.0,1467.0,253,0.0,0.0
2024-10-10 13:05:00+09:00,1467.0,1467.0,1464.0,1467.0,1058,0.0,0.0
2024-10-10 13:10:00+09:00,1467.0,1467.0,1467.0,1467.0,13,0.0,0.0
2024-10-10 13:15:00+09:00,1467.0,1474.0,1466.0,1474.0,7332,0.0,0.0
2024-10-10 13:20:00+09:00,1471.0,1471.0,1466.0,1471.0,566,0.0,0.0
2024-10-10 13:25:00+09:00,1471.0,1472.0,1469.0,1472.0,1142,0.0,0.0
2024-10-10 13:30:00+09:00,1472.0,1474.0,1471.0,1474.0,3746,0.0,0.0
2024-10-10 13:35:00+09:00,1474.0,1475.0,1469.0,1473.0,4174,0.0,0.0
2024-10-10 13:40:00+09:00,1472.0,1472.0,1470.0,1472.0,644,0.0,0.0
2024-10-10 13:45:00+09:00,1472.0,1472.0,1470.0,1470.0,10639,0.0,0.0
2024-10-10 13:50:00+09:00,1470.0,1472.0,1470.0,1472.0,0,0.0,0.0
2024-10-10 13:55:00+09:00,1472.0,1472.0,1469.0,1470.0,2252,0.0,0.0
2024-10-10 14:00:00+09:00,1470.0,1472.0,1469.0,1470.0,6491,0.0,0.0
2024-10-10 14:05:00+09:00,1470.0,1470.0,1468.0,1469.0,4505,0.0,0.0
2024-10-10 14:10:00+09:00,1469.0,1470.0,1468.0,1469.0,2454,0.0,0.0
2024-10-10 14:15:00+09:00,1468.0,1468.0,1466.0,1468.0,4903,0.0,0.0
2024-10-10 14:20:00+09:00,1468.0,1469.0,1467.0,1469.0,6843,0.0,0.0
2024-10-10 14:25:00+09:00,1469.0,1470.0,1466.0,1470.0,19305,0.0,0.0
2024-10-10 14:30:00+09:00,1470.0,1473.0,1470.0,1473.0,2899,0.0,0.0
2024-10-10 14:35:00+09:00,1473.0,1473.0,1470.0,1473.0,14684,0.0,0.0
2024-10-10 14:40:00+09:00,1473.0,1473.0,1472.0,1473.0,2734,0.0,0.0
2024-10-10 14:45:00+09:00,1473.0,1473.0,1461.0,1468.0,20654,0.0,0.0
2024-10-10 14:50:00+09:00,1467.0,1468.0,1464.0,1467.0,15362,0.0,0.0
2024-10-10 14:55:00+09:00,1467.0,1467.0,1460.0,1465.0,19061,0.0,0.0
2024-10-11 09:00:00+09:00,1484.0,1485.0,1479.0,1480.0,20038,0.0,0.0
2024-10-11 09:05:00+09:00,1480.0,1485.0,1479.0,1483.0,15717,0.0,0.0
2024-10-11 09:10:00+09:00,1482.0,1482.0,1465.0,1475.0,13837,0.0,0.0
2024-10-11 09:15:00+09:00,1472.0,1475.0,1466.0,1475.0,6508,0.0,0.0
2024-10-11 09:20:00+09:00,1473.0,1475.0,1472.0,1473.0,3262,0.0,0.0
2024-10-11 09:25:00+09:00,1473.0,1474.0,1471.0,1471.0,6401,0.0,0.0
2024-10-11 09:30:00+09:00,1471.0,1474.0,1468.0,1474.0,1381,0.0,0.0
2024-10-11 09:35:00+09:00,1473.0,1477.0,1472.0,1477.0,27971,0.0,0.0
2024-10-11 09:40:00+09:00,1477.0,1481.0,1477.0,1480.0,6216,0.0,0.0
2024-10-11 09:45:00+09:00,1481.0,1481.0,1476.0,1480.0,4165,0.0,0.0
2024-10-11 09:50:00+09:00,1480.0,1481.0,1477.0,1481.0,3201,0.0,0.0
2024-10-11 09:55:00+09:00,1481.0,1481.0,1478.0,1478.0,2464,0.0,0.0
2024-10-11 10:00:00+09:00,1478.0,1480.0,1476.0,1480.0,3808,0.0,0.0
2024-10-11 10:05:00+09:00,1480.0,1480.0,1476.0,1479.0,222,0.0,0.0
2024-10-11 10:10:00+09:00,1479.0,1479.0,1478.0,1478.0,2904,0.0,0.0
2024-10-11 10:15:00+09:00,1479.0,1479.0,1477.0,1479.0,3832,0.0,0.0
2024-10-11 10:20:00+09:00,1479.0,1479.0,1479.0,1479.0,316,0.0,0.0
2024-10-11 10:25:00+09:00,1479.0,1480.0,1477.0,1480.0,2843,0.0,0.0
2024-10-11 10:30:00+09:00,1479.0,1481.0,1479.0,1480.0,1131,0.0,0.0
2024-10-11 10:35:00+09:00,1480.0,1481.0,1480.0,1480.0,3478,0.0,0.0
2024-10-11 10:40:00+09:00,1481.0,1481.0,1478.0,1478.0,2277,0.0,0.0
2024-10-11 10:45:00+09:00,1479.0,1479.0,1474.0,1479.0,19148,0.0,0.0
2024-10-11 10:50:00+09:00,1478.0,1478.0,1475.0,1475.0,1230,0.0,0.0
2024-10-11 10:55:00+09:00,1475.0,1479.0,1474.0,1478.0,3732,0.0,0.0
2024-10-11 11:00:00+09:00,1476.0,1476.0,1474.0,1474.0,3238,0.0,0.0
2024-10-11 11:05:00+09:00,1475.0,1478.0,1474.0,1474.0,2374,0.0,0.0
2024-10-11 11:10:00+09:00,1478.0,1478.0,1475.0,1476.0,589,0.0,0.0
2024-10-11 11:15:00+09:00,1476.0,1476.0,1474.0,1475.0,4509,0.0,0.0
2024-10-11 11:20:00+09:00,1476.0,1476.0,1475.0,1475.0,1422,0.0,0.0
2024-10-11 11:25:00+09:00,1475.0,1476.0,1474.0,1476.0,3556,0.0,0.0
2024-10-11 11:30:00+09:00,1476.0,1476.0,1473.0,1473.0,6777,0.0,0.0
2024-10-11 11:35:00+09:00,1473.0,1476.0,1473.0,1474.0,0,0.0,0.0
2024-10-11 11:40:00+09:00,1476.0,1476.0,1473.0,1474.0,1586,0.0,0.0
2024-10-11 11:45:00+09:00,1474.0,1475.0,1473.0,1473.0,3694,0.0,0.0
2024-10-11 11:50:00+09:00,1475.0,1475.0,1474.0,1474.0,805,0.0,0.0
2024-10-11 11:55:00+09:00,1473.0,1475.0,1470.0,1474.0,8043,0.0,0.0
2024-10-11 12:00:00+09:00,1471.0,1471.0,1470.0,1470.0,3423,0.0,0.0
2024-10-11 12:05:00+09:00,1474.0,1474.0,1473.0,1473.0,0,0.0,0.0
2024-10-11 12:10:00+09:00,1471.0,1471.0,1470.0,1470.0,4594,0.0,0.0
2024-10-11 12:15:00+09:00,1470.0,1470.0,1467.0,1467.0,11282,0.0,0.0
2024-10-11 12:20:00+09:00,1473.0,1473.0,1466.0,1470.0,9393,0.0,0.0
2024-10-11 12:25:00+09:00,1469.0,1469.0,1469.0,1469.0,59,0.0,0.0
2024-10-11 12:30:00+09:00,1469.0,1469.0,1467.0,1467.0,5336,0.0,0.0
2024-10-11 12:35:00+09:00,1466.0,1467.0,1465.0,1465.0,3116,0.0,0.0
2024-10-11 12:40:00+09:00,1467.0,1469.0,1465.0,1467.0,1113,0.0,0.0
2024-10-11 12:45:00+09:00,1467.0,1470.0,1467.0,1470.0,4659,0.0,0.0
2024-10-11 12:50:00+09:00,1470.0,1470.0,1467.0,1467.0,120,0.0,0.0
2024-10-11 12:55:00+09:00,1467.0,1470.0,1466.0,1466.0,6451,0.0,0.0
2024-10-11 13:00:00+09:00,1469.0,1469.0,1464.0,1464.0,15405,0.0,0.0
2024-10-11 13:05:00+09:00,1465.0,1480.0,1462.0,1480.0,48169,0.0,0.0
2024-10-11 13:10:00+09:00,1479.0,1479.0,1472.0,1473.0,827,0.0,0.0
2024-10-11 13:15:00+09:00,1473.0,1477.0,1473.0,1477.0,709,0.0,0.0
2024-10-11 13:20:00+09:00,1475.0,1476.0,1473.0,1475.0,6799,0.0,0.0
2024-10-11 13:25:00+09:00,1473.0,1475.0,1472.0,1472.0,1831,0.0,0.0
2024-10-11 13:30:00+09:00,1472.0,1472.0,1472.0,1472.0,3617,0.0,0.0
2024-10-11 13:35:00+09:00,1468.0,1470.0,1461.0,1465.0,11041,0.0,0.0
2024-10-11 13:40:00+09:00,1468.0,1470.0,1465.0,1465.0,3861,0.0,0.0
2024-10-11 13:45:00+09:00,1467.0,1475.0,1465.0,1475.0,14831,0.0,0.0
2024-10-11 13:50:00+09:00,1467.0,1474.0,1467.0,1467.0,235,0.0,0.0
2024-10-11 13:55:00+09:00,1467.0,1467.0,1461.0,1461.0,7938,0.0,0.0
2024-10-11 14:00:00+09:00,1467.0,1471.0,1460.0,1469.0,5263,0.0,0.0
2024-10-11 14:05:00+09:00,1465.0,1469.0,1460.0,1469.0,11171,0.0,0.0
2024-10-11 14:10:00+09:00,1466.0,1466.0,1465.0,1466.0,224,0.0,0.0
2024-10-11 14:15:00+09:00,1462.0,1465.0,1462.0,1465.0,1002,0.0,0.0
2024-10-11 14:20:00+09:00,1464.0,1464.0,1464.0,1464.0,0,0.0,0.0
2024-10-11 14:25:00+09:00,1463.0,1464.0,1453.0,1453.0,32851,0.0,0.0
2024-10-11 14:30:00+09:00,1453.0,1462.0,1453.0,1462.0,666,0.0,0.0
2024-10-11 14:35:00+09:00,1455.0,1460.0,1450.0,1455.0,47972,0.0,0.0
2024-10-11 14:40:00+09:00,1452.0,1454.0,1451.0,1451.0,10576,0.0,0.0
2024-10-11 14:45:00+09:00,1451.0,1452.0,1447.0,1452.0,7390,0.0,0.0
2024-10-11 14:50:00+09:00,1450.0,1452.0,1449.0,1451.0,3368,0.0,0.0
2024-10-11 14:55:00+09:00,1451.0,1463.0,1450.0,1460.0,6474,0.0,0.0
2024-10-14 09:00:00+09:00,1448.0,1458.0,1447.0,1455.0,0,0.0,0.0
2024-10-14 09:05:00+09:00,1455.0,1455.0,1446.0,1447.0,8046,0.0,0.0
2024-10-14 09:10:00+09:00,1446.0,1446.0,1400.0,1415.0,33160,0.0,0.0
2024-10-14 09:15:00+09:00,1415.0,1422.0,1414.0,1422.0,15367,0.0,0.0
2024-10-14 09:20:00+09:00,1422.0,1429.0,1422.0,1425.0,6780,0.0,0.0
2024-10-14 09:25:00+09:00,1425.0,1428.0,1424.0,1428.0,5727,0.0,0.0
2024-10-14 09:30:00+09:00,1428.0,1428.0,1422.0,1424.0,9803,0.0,0.0
2024-10-14 09:35:00+09:00,1422.0,1426.0,1420.0,1425.0,8311,0.0,0.0
2024-10-14 09:40:00+09:00,1425.0,1430.0,1425.0,1430.0,3224,0.0,0.0
2024-10-14 09:45:00+09:00,1430.0,1434.0,1429.0,1433.0,1082,0.0,0.0
2024-10-14 09:50:00+09:00,1433.0,1435.0,1433.0,1435.0,1672,0.0,0.0
2024-10-14 09:55:00+09:00,1437.0,1437.0,1433.0,1433.0,1548,0.0,0.0
2024-10-14 10:00:00+09:00,1433.0,1434.0,1427.0,1432.0,3058,0.0,0.0
2024-10-14 10:05:00+09:00,1432.0,1432.0,1428.0,1431.0,1000,0.0,0.0
2024-10-14 10:10:00+09:00,1428.0,1433.0,1427.0,1431.0,7930,0.0,0.0
2024-10-14 10:15:00+09:00,1427.0,1429.0,1420.0,1429.0,20921,0.0,0.0
2024-10-14 10:20:00+09:00,1423.0,1423.0,1420.0,1420.0,6297,0.0,0.0
2024-10-14 10:25:00+09:00,1420.0,1426.0,1420.0,1425.0,3446,0.0,0.0
2024-10-14 10:30:00+09:00,1425.0,1427.0,1417.0,1427.0,9729,0.0,0.0
2024-10-14 10:35:00+09:00,1427.0,1429.0,1416.0,1429.0,18109,0.0,0.0
2024-10-14 10:40:00+09:00,1429.0,1431.0,1427.0,1431.0,2889,0.0,0.0
2024-10-14 10:45:00+09:00,1431.0,1431.0,1427.0,1430.0,696,0.0,0.0
2024-10-14 10:50:00+09:00,1431.0,1431.0,1431.0,1431.0,86,0.0,0.0
2024-10-14 10:55:00+09:00,1431.0,1435.0,1430.0,1435.0,11475,0.0,0.0
2024-10-14 11:00:00+09:00,1435.0,1442.0,1435.0,1440.0,32553,0.0,0.0
2024-10-14 11:05:00+09:00,1442.0,1442.0,1437.0,1437.0,2588,0.0,0.0
2024-10-14 11:10:00+09:00,1442.0,1442.0,1434.0,1435.0,2610,0.0,0.0
2024-10-14 11:15:00+09:00,1435.0,1442.0,1435.0,1442.0,1203,0.0,0.0
2024-10-14 11:20:00+09:00,1442.0,1442.0,1435.0,1442.0,333,0.0,0.0
2024-10-14 11:25:00+09:00,1434.0,1441.0,1425.0,1441.0,4921,0.0,0.0
2024-10-14 11:30:00+09:00,1440.0,1440.0,1436.0,1440.0,2163,0.0,0.0
2024-10-14 11:35:00+09:00,1435.0,1439.0,1430.0,1438.0,3712,0.0,0.0
2024-10-14 11:40:00+09:00,1438.0,1439.0,1435.0,1435.0,867,0.0,0.0
2024-10-14 11:45:00+09:00,1435.0,1438.0,1433.0,1438.0,259,0.0,0.0
2024-10-14 11:50:00+09:00,1436.0,1438.0,1435.0,1438.0,531,0.0,0.0
2024-10-14 11:55:00+09:00,1438.0,1438.0,1434.0,1438.0,392,0.0,0.0
2024-10-14 12:00:00+09:00,1438.0,1440.0,1434.0,1435.0,2254,0.0,0.0
2024-10-14 12:05:00+09:00,1435.0,1439.0,1430.0,1438.0,10473,0.0,0.0
2024-10-14 12:10:00+09:00,1437.0,1439.0,1434.0,1435.0,1428,0.0,0.0
2024-10-14 12:15:00+09:00,1439.0,1439.0,1433.0,1433.0,2688,0.0,0.0
2024-10-14 12:20:00+09:00,1437.0,1437.0,1433.0,1437.0,0,0.0,0.0
2024-10-14 12:25:00+09:00,1433.0,1437.0,1433.0,1433.0,734,0.0,0.0
2024-10-14 12:30:00+09:00,1434.0,1437.0,1433.0,1433.0,1039,0.0,0.0
2024-10-14 12:35:00+09:00,1433.0,1434.0,1430.0,1434.0,4826,0.0,0.0
2024-10-14 12:40:00+09:00,1434.0,1434.0,1433.0,1434.0,325,0.0,0.0
2024-10-14 12:45:00+09:00,1434.0,1434.0,1433.0,1433.0,25,0.0,0.0
2024-10-14 12:50:00+09:00,1433.0,1433.0,1430.0,1433.0,2417,0.0,0.0
2024-10-14 12:55:00+09:00,1432.0,1432.0,1430.0,1432.0,1553,0.0,0.0
2024-10-14 13:00:00+09:00,1430.0,1432.0,1430.0,1432.0,0,0.0,0.0
2024-10-14 13:05:00+09:00,1432.0,1433.0,1432.0,1433.0,929,0.0,0.0
2024-10-14 13:10:00+09:00,1432.0,1433.0,1430.0,1431.0,5283,0.0,0.0
2024-10-14 13:15:00+09:00,1431.0,1431.0,1427.0,1427.0,6425,0.0,0.0
2024-10-14 13:20:00+09:00,1427.0,1430.0,1427.0,1430.0,0,0.0,0.0
2024-10-14 13:25:00+09:00,1430.0,1430.0,1430.0,1430.0,354,0.0,0.0
2024-10-14 13:30:00+09:00,1429.0,1430.0,1429.0,1430.0,57,0.0,0.0
2024-10-14 13:35:00+09:00,1429.0,1430.0,1427.0,1430.0,712,0.0,0.0
2024-10-14 13:40:00+09:00,1430.0,1430.0,1428.0,1428.0,3826,0.0,0.0
2024-10-14 13:45:00+09:00,1430.0,1433.0,1428.0,1431.0,3338,0.0,0.0
2024-10-14 13:50:00+09:00,1431.0,1431.0,1430.0,1430.0,0,0.0,0.0
2024-10-14 13:55:00+09:00,1430.0,1431.0,1429.0,1429.0,573,0.0,0.0
2024-10-14 14:00:00+09:00,1429.0,1429.0,1428.0,1428.0,1278,0.0,0.0
2024-10-14 14:05:00+09:00,1428.0,1429.0,1428.0,1429.0,1162,0.0,0.0
2024-10-14 14:10:00+09:00,1428.0,1429.0,1427.0,1429.0,6533,0.0,0.0
2024-10-14 14:15:00+09:00,1429.0,1430.0,1429.0,1429.0,2044,0.0,0.0
2024-10-14 14:20:00+09:00,1431.0,1436.0,1431.0,1436.0,22932,0.0,0.0
2024-10-14 14:25:00+09:00,1436.0,1436.0,1434.0,1434.0,1797,0.0,0.0
2024-10-14 14:30:00+09:00,1434.0,1434.0,1429.0,1432.0,12515,0.0,0.0
2024-10-14 14:35:00+09:00,1434.0,1434.0,1427.0,1433.0,1947,0.0,0.0
2024-10-14 14:40:00+09:00,1433.0,1433.0,1430.0,1430.0,357,0.0,0.0
2024-10-14 14:45:00+09:00,1430.0,1434.0,1430.0,1433.0,1220,0.0,0.0
2024-10-14 14:50:00+09:00,1431.0,1432.0,1430.0,1432.0,1477,0.0,0.0
2024-10-14 14:55:00+09:00,1431.0,1432.0,1430.0,1430.0,614,0.0,0.0
2024-10-15 09:00:00+09:00,1430.0,1441.0,1427.0,1440.0,19489,0.0,0.0
2024-10-15 09:05:00+09:00,1440.0,1441.0,1437.0,1439.0,1774,0.0,0.0
2024-10-15 09:10:00+09:00,1437.0,1452.0,1435.0,1452.0,17789,0.0,0.0
2024-10-15 09:15:00+09:00,1455.0,1468.0,1455.0,1468.0,22805,0.0,0.0
2024-10-15 09:20:00+09:00,1467.0,1468.0,1456.0,1456.0,15263,0.0,0.0
2024-10-15 09:25:00+09:00,1458.0,1459.0,1445.0,1455.0,8578,0.0,0.0
2024-10-15 09:30:00+09:00,1451.0,1459.0,1446.0,1459.0,10025,0.0,0.0
2024-10-15 09:35:00+09:00,1454.0,1458.0,1449.0,1453.0,5880,0.0,0.0
2024-10-15 09:40:00+09:00,1451.0,1453.0,1448.0,1448.0,6157,0.0,0.0
2024-10-15 09:45:00+09:00,1448.0,1453.0,1445.0,1451.0,5868,0.0,0.0
2024-10-15 09:50:00+09:00,1445.0,1450.0,1442.0,1449.0,2173,0.0,0.0
2024-10-15 09:55:00+09:00,1448.0,1449.0,1444.0,1449.0,159,0.0,0.0
2024-10-15 10:00:00+09:00,1449.0,1449.0,1449.0,1449.0,20,0.0,0.0
2024-10-15 10:05:00+09:00,1449.0,1449.0,1443.0,1443.0,5686,0.0,0.0
2024-10-15 10:10:00+09:00,1444.0,1448.0,1443.0,1448.0,2411,0.0,0.0
2024-10-15 10:15:00+09:00,1444.0,1448.0,1443.0,1447.0,2476,0.0,0.0
2024-10-15 10:20:00+09:00,1447.0,1453.0,1447.0,1453.0,4935,0.0,0.0
2024-10-15 10:25:00+09:00,1446.0,1453.0,1441.0,1452.0,9289,0.0,0.0
2024-10-15 10:30:00+09:00,1443.0,1451.0,1443.0,1451.0,803,0.0,0.0
2024-10-15 10:35:00+09:00,1451.0,1452.0,1445.0,1451.0,603,0.0,0.0
2024-10-15 10:40:00+09:00,1450.0,1450.0,1446.0,1446.0,183,0.0,0.0
2024-10-15 10:45:00+09:00,1450.0,1450.0,1440.0,1440.0,13204,0.0,0.0
2024-10-15 10:50:00+09:00,1440.0,1442.0,1430.0,1430.0,34002,0.0,0.0
2024-10-15 10:55:00+09:00,1440.0,1440.0,1427.0,1440.0,7628,0.0,0.0
2024-10-15 11:00:00+09:00,1440.0,1444.0,1436.0,1436.0,5076,0.0,0.0
2024-10-15 11:05:00+09:00,1437.0,1442.0,1430.0,1441.0,9321,0.0,0.0
2024-10-15 11:10:00+09:00,1441.0,1441.0,1433.0,1441.0,0,0.0,0.0
2024-10-15 11:15:00+09:00,1440.0,1440.0,1440.0,1440.0,213383,0.0,0.0
2024-10-15 11:20:00+09:00,1440.0,1440.0,1434.0,1436.0,5449,0.0,0.0
2024-10-15 11:25:00+09:00,1440.0,1440.0,1435.0,1438.0,428,0.0,0.0
2024-10-15 11:30:00+09:00,1438.0,1440.0,1438.0,1440.0,100,0.0,0.0
2024-10-15 11:35:00+09:00,1438.0,1440.0,1436.0,1440.0,1536,0.0,0.0
2024-10-15 11:40:00+09:00,1437.0,1439.0,1434.0,1434.0,4017,0.0,0.0
2024-10-15 11:45:00+09:00,1434.0,1435.0,1433.0,1435.0,1881,0.0,0.0
2024-10-15 11:50:00+09:00,1433.0,1434.0,1431.0,1431.0,6730,0.0,0.0
2024-10-15 11:55:00+09:00,1431.0,1432.0,1430.0,1432.0,3807,0.0,0.0
2024-10-15 12:00:00+09:00,1430.0,1430.0,1424.0,1424.0,8860,0.0,0.0
2024-10-15 12:05:00+09:00,1423.0,1430.0,1420.0,1428.0,14653,0.0,0.0
2024-10-15 12:10:00+09:00,1428.0,1429.0,1422.0,1429.0,12193,0.0,0.0
2024-10-15 12:15:00+09:00,1429.0,1430.0,1429.0,1430.0,11132,0.0,0.0
2024-10-15 12:20:00+09:00,1430.0,1430.0,1429.0,1429.0,2635,0.0,0.0
2024-10-15 12:25:00+09:00,1429.0,1430.0,1428.0,1429.0,2198,0.0,0.0
2024-10-15 12:30:00+09:00,1429.0,1432.0,1429.0,1432.0,2532,0.0,0.0
2024-10-15 12:35:00+09:00,1433.0,1439.0,1433.0,1437.0,14683,0.0,0.0
2024-10-15 12:40:00+09:00,1436.0,1438.0,1436.0,1436.0,8830,0.0,0.0
2024-10-15 12:45:00+09:00,1436.0,1436.0,1435.0,1436.0,36,0.0,0.0
2024-10-15 12:50:00+09:00,1436.0,1440.0,1436.0,1439.0,9178,0.0,0.0
2024-10-15 12:55:00+09:00,1438.0,1438.0,1437.0,1437.0,2654,0.0,0.0
2024-10-15 13:00:00+09:00,1437.0,1442.0,1437.0,1442.0,11944,0.0,0.0
2024-10-15 13:05:00+09:00,1442.0,1449.0,1442.0,1449.0,11834,0.0,0.0
2024-10-15 13:10:00+09:00,1450.0,1450.0,1450.0,1450.0,5199,0.0,0.0
2024-10-15 13:15:00+09:00,1449.0,1454.0,1449.0,1453.0,3050,0.0,0.0
2024-10-15 13:20:00+09:00,1453.0,1453.0,1450.0,1453.0,1044,0.0,0.0
2024-10-15 13:25:00+09:00,1453.0,1455.0,1450.0,1455.0,11538,0.0,0.0
2024-10-15 13:30:00+09:00,1455.0,1463.0,1455.0,1463.0,19730,0.0,0.0
2024-10-15 13:35:00+09:00,1460.0,1488.0,1460.0,1476.0,54110,0.0,0.0
2024-10-15 13:40:00+09:00,1476.0,1485.0,1470.0,1485.0,26608,0.0,0.0
2024-10-15 13:45:00+09:00,1485.0,1493.0,1477.0,1492.0,33077,0.0,0.0
2024-10-15 13:50:00+09:00,1492.0,1492.0,1485.0,1485.0,21641,0.0,0.0
2024-10-15 13:55:00+09:00,1485.0,1510.0,1484.0,1502.0,113788,0.0,0.0
2024-10-15 14:00:00+09:00,1509.0,1512.0,1492.0,1492.0,44767,0.0,0.0
2024-10-15 14:05:00+09:00,1493.0,1496.0,1485.0,1492.0,25226,0.0,0.0
2024-10-15 14:10:00+09:00,1493.0,1500.0,1487.0,1500.0,29535,0.0,0.0
2024-10-15 14:15:00+09:00,1500.0,1505.0,1499.0,1499.0,14795,0.0,0.0
2024-10-15 14:20:00+09:00,1496.0,1499.0,1495.0,1498.0,6407,0.0,0.0
2024-10-15 14:25:00+09:00,1498.0,1503.0,1490.0,1497.0,29856,0.0,0.0
2024-10-15 14:30:00+09:00,1497.0,1518.0,1495.0,1507.0,109836,0.0,0.0
2024-10-15 14:35:00+09:00,1507.0,1514.0,1500.0,1505.0,12499,0.0,0.0
2024-10-15 14:40:00+09:00,1505.0,1510.0,1505.0,1506.0,21247,0.0,0.0
2024-10-15 14:45:00+09:00,1510.0,1512.0,1508.0,1512.0,9775,0.0,0.0
2024-10-15 14:50:00+09:00,1511.0,1511.0,1505.0,1507.0,23303,0.0,0.0
2024-10-15 14:55:00+09:00,1506.0,1512.0,1506.0,1507.0,12225,0.0,0.0
2024-10-16 09:00:00+09:00,1523.0,1524.0,1502.0,1509.0,66562,0.0,0.0
2024-10-16 09:05:00+09:00,1503.0,1509.0,1489.0,1491.0,27988,0.0,0.0
2024-10-16 09:10:00+09:00,1490.0,1497.0,1489.0,1490.0,12396,0.0,0.0
2024-10-16 09:15:00+09:00,1490.0,1493.0,1484.0,1493.0,14413,0.0,0.0
2024-10-16 09:20:00+09:00,1493.0,1502.0,1491.0,1502.0,18698,0.0,0.0
2024-10-16 09:25:00+09:00,1502.0,1502.0,1495.0,1500.0,5776,0.0,0.0
2024-10-16 09:30:00+09:00,1498.0,1500.0,1495.0,1496.0,6215,0.0,0.0
2024-10-16 09:35:00+09:00,1496.0,1498.0,1487.0,1488.0,14282,0.0,0.0
2024-10-16 09:40:00+09:00,1487.0,1488.0,1472.0,1488.0,59155,0.0,0.0
2024-10-16 09:45:00+09:00,1487.0,1487.0,1481.0,1484.0,8907,0.0,0.0
2024-10-16 09:50:00+09:00,1484.0,1485.0,1480.0,1485.0,11155,0.0,0.0
2024-10-16 09:55:00+09:00,1485.0,1485.0,1480.0,1485.0,21291,0.0,0.0
2024-10-16 10:00:00+09:00,1485.0,1485.0,1484.0,1485.0,243,0.0,0.0
2024-10-16 10:05:00+09:00,1485.0,1485.0,1482.0,1484.0,4593,0.0,0.0
2024-10-16 10:10:00+09:00,1484.0,1491.0,1484.0,1491.0,11004,0.0,0.0
2024-10-16 10:15:00+09:00,1491.0,1492.0,1491.0,1491.0,0,0.0,0.0
2024-10-16 10:20:00+09:00,1490.0,1496.0,1486.0,1490.0,4448,0.0,0.0
2024-10-16 10:25:00+09:00,1496.0,1496.0,1495.0,1496.0,251,0.0,0.0
2024-10-16 10:30:00+09:00,1495.0,1496.0,1495.0,1495.0,755,0.0,0.0
2024-10-16 10:35:00+09:00,1495.0,1495.0,1493.0,1494.0,704,0.0,0.0
2024-10-16 10:40:00+09:00,1494.0,1495.0,1490.0,1494.0,10823,0.0,0.0
2024-10-16 10:45:00+09:00,1492.0,1496.0,1490.0,1496.0,4514,0.0,0.0
2024-10-16 10:50:00+09:00,1496.0,1496.0,1493.0,1493.0,2612,0.0,0.0
2024-10-16 10:55:00+09:00,1496.0,1496.0,1496.0,1496.0,0,0.0,0.0
2024-10-16 11:00:00+09:00,1496.0,1496.0,1495.0,1495.0,174,0.0,0.0
2024-10-16 11:05:00+09:00,1495.0,1496.0,1491.0,1496.0,8655,0.0,0.0
2024-10-16 11:10:00+09:00,1494.0,1497.0,1494.0,1497.0,534,0.0,0.0
2024-10-16 11:15:00+09:00,1494.0,1497.0,1492.0,1496.0,8921,0.0,0.0
2024-10-16 11:20:00+09:00,1493.0,1496.0,1490.0,1490.0,29863,0.0,0.0
2024-10-16 11:25:00+09:00,1492.0,1495.0,1491.0,1492.0,0,0.0,0.0
2024-10-16 11:30:00+09:00,1492.0,1494.0,1491.0,1492.0,1158,0.0,0.0
2024-10-16 11:35:00+09:00,1494.0,1494.0,1491.0,1494.0,1851,0.0,0.0
2024-10-16 11:40:00+09:00,1494.0,1495.0,1494.0,1495.0,1230,0.0,0.0
2024-10-16 11:45:00+09:00,1493.0,1495.0,1493.0,1495.0,1857,0.0,0.0
2024-10-16 11:50:00+09:00,1495.0,1495.0,1490.0,1491.0,10141,0.0,0.0
2024-10-16 11:55:00+09:00,1491.0,1495.0,1491.0,1492.0,0,0.0,0.0
2024-10-16 12:00:00+09:00,1491.0,1492.0,1491.0,1492.0,444,0.0,0.0
2024-10-16 12:05:00+09:00,1492.0,1492.0,1490.0,1491.0,2870,0.0,0.0
2024-10-16 12:10:00+09:00,1491.0,1492.0,1487.0,1492.0,19426,0.0,0.0
2024-10-16 12:15:00+09:00,1488.0,1488.0,1480.0,1480.0,23788,0.0,0.0
2024-10-16 12:20:00+09:00,1480.0,1491.0,1480.0,1491.0,4636,0.0,0.0
2024-10-16 12:25:00+09:00,1491.0,1491.0,1490.0,1490.0,222,0.0,0.0
2024-10-16 12:30:00+09:00,1490.0,1490.0,1488.0,1488.0,35,0.0,0.0
2024-10-16 12:35:00+09:00,1490.0,1490.0,1490.0,1490.0,0,0.0,0.0
2024-10-16 12:40:00+09:00,1488.0,1488.0,1484.0,1485.0,2227,0.0,0.0
2024-10-16 12:45:00+09:00,1485.0,1490.0,1485.0,1485.0,2959,0.0,0.0
2024-10-16 12:50:00+09:00,1485.0,1490.0,1484.0,1490.0,0,0.0,0.0
2024-10-16 12:55:00+09:00,1490.0,1490.0,1484.0,1489.0,1898,0.0,0.0
2024-10-16 13:00:00+09:00,1485.0,1489.0,1481.0,1481.0,7639,0.0,0.0
2024-10-16 13:05:00+09:00,1482.0,1488.0,1480.0,1487.0,1266,0.0,0.0
2024-10-16 13:10:00+09:00,1485.0,1485.0,1480.0,1485.0,16435,0.0,0.0
2024-10-16 13:15:00+09:00,1485.0,1485.0,1480.0,1481.0,2024,0.0,0.0
2024-10-16 13:20:00+09:00,1481.0,1481.0,1480.0,1481.0,369,0.0,0.0
2024-10-16 13:25:00+09:00,1481.0,1485.0,1479.0,1484.0,4689,0.0,0.0
2024-10-16 13:30:00+09:00,1480.0,1483.0,1479.0,1479.0,3115,0.0,0.0
2024-10-16 13:35:00+09:00,1479.0,1483.0,1476.0,1479.0,7533,0.0,0.0
2024-10-16 13:40:00+09:00,1478.0,1479.0,1476.0,1479.0,15512,0.0,0.0
2024-10-16 13:45:00+09:00,1479.0,1485.0,1474.0,1483.0,26889,0.0,0.0
2024-10-16 13:50:00+09:00,1483.0,1494.0,1483.0,1488.0,15010,0.0,0.0
2024-10-16 13:55:00+09:00,1488.0,1506.0,1480.0,1501.0,95451,0.0,0.0
2024-10-16 14:00:00+09:00,1501.0,1516.0,1490.0,1511.0,108300,0.0,0.0
2024-10-16 14:05:00+09:00,1510.0,1510.0,1502.0,1506.0,4405,0.0,0.0
2024-10-16 14:10:00+09:00,1502.0,1505.0,1498.0,1499.0,10361,0.0,0.0
2024-10-16 14:15:00+09:00,1498.0,1498.0,1489.0,1497.0,21715,0.0,0.0
2024-10-16 14:20:00+09:00,1496.0,1501.0,1495.0,1497.0,7066,0.0,0.0
2024-10-16 14:25:00+09:00,1499.0,1504.0,1496.0,1504.0,13033,0.0,0.0
2024-10-16 14:30:00+09:00,1503.0,1505.0,1500.0,1500.0,9311,0.0,0.0
2024-10-16 14:35:00+09:00,1498.0,1503.0,1498.0,1502.0,3243,0.0,0.0
2024-10-16 14:40:00+09:00,1502.0,1503.0,1500.0,1503.0,2355,0.0,0.0
2024-10-16 14:45:00+09:00,1501.0,1502.0,1500.0,1501.0,964,0.0,0.0
2024-10-16 14:50:00+09:00,1502.0,1502.0,1490.0,1495.0,26728,0.0,0.0
2024-10-16 14:55:00+09:00,1495.0,1498.0,1493.0,1495.0,5834,0.0,0.0
2024-10-17 09:00:00+09:00,1502.0,1513.0,1499.0,1499.0,59250,0.0,0.0
2024-10-17 09:05:00+09:00,1500.0,1502.0,1493.0,1493.0,14378,0.0,0.0
2024-10-17 09:10:00+09:00,1493.0,1500.0,1491.0,1493.0,10196,0.0,0.0
2024-10-17 09:15:00+09:00,1500.0,1500.0,1492.0,1494.0,10062,0.0,0.0
2024-10-17 09:20:00+09:00,1493.0,1493.0,1486.0,1490.0,43301,0.0,0.0
2024-10-17 09:25:00+09:00,1490.0,1492.0,1485.0,1490.0,19461,0.0,0.0
2024-10-17 09:30:00+09:00,1490.0,1490.0,1485.0,1489.0,8621,0.0,0.0
2024-10-17 09:35:00+09:00,1489.0,1489.0,1483.0,1483.0,14013,0.0,0.0
2024-10-17 09:40:00+09:00,1483.0,1486.0,1483.0,1486.0,3444,0.0,0.0
2024-10-17 09:45:00+09:00,1487.0,1490.0,1481.0,1481.0,23622,0.0,0.0
2024-10-17 09:50:00+09:00,1481.0,1482.0,1478.0,1482.0,35378,0.0,0.0
2024-10-17 09:55:00+09:00,1487.0,1487.0,1483.0,1487.0,7576,0.0,0.0
2024-10-17 10:00:00+09:00,1487.0,1494.0,1487.0,1494.0,10618,0.0,0.0
2024-10-17 10:05:00+09:00,1494.0,1500.0,1493.0,1496.0,15760,0.0,0.0
2024-10-17 10:10:00+09:00,1496.0,1511.0,1496.0,1511.0,15034,0.0,0.0
2024-10-17 10:15:00+09:00,1511.0,1521.0,1508.0,1521.0,62321,0.0,0.0
2024-10-17 10:20:00+09:00,1521.0,1550.0,1521.0,1544.0,114476,0.0,0.0
2024-10-17 10:25:00+09:00,1543.0,1543.0,1532.0,1534.0,43288,0.0,0.0
2024-10-17 10:30:00+09:00,1532.0,1560.0,1532.0,1555.0,66707,0.0,0.0
2024-10-17 10:35:00+09:00,1555.0,1557.0,1534.0,1550.0,42649,0.0,0.0
2024-10-17 10:40:00+09:00,1550.0,1550.0,1535.0,1548.0,16263,0.0,0.0
2024-10-17 10:45:00+09:00,1548.0,1549.0,1539.0,1545.0,8114,0.0,0.0
2024-10-17 10:50:00+09:00,1545.0,1547.0,1540.0,1542.0,3654,0.0,0.0
2024-10-17 10:55:00+09:00,1543.0,1543.0,1536.0,1539.0,35393,0.0,0.0
2024-10-17 11:00:00+09:00,1539.0,1561.0,1538.0,1557.0,29158,0.0,0.0
2024-10-17 11:05:00+09:00,1560.0,1580.0,1560.0,1574.0,110086,0.0,0.0
2024-10-17 11:10:00+09:00,1573.0,1578.0,1563.0,1575.0,42368,0.0,0.0
2024-10-17 11:15:00+09:00,1575.0,1575.0,1561.0,1567.0,22584,0.0,0.0
2024-10-17 11:20:00+09:00,1570.0,1584.0,1567.0,1583.0,44093,0.0,0.0
2024-10-17 11:25:00+09:00,1583.0,1610.0,1583.0,1604.0,221602,0.0,0.0
2024-10-17 11:30:00+09:00,1604.0,1610.0,1598.0,1600.0,72790,0.0,0.0
2024-10-17 11:35:00+09:00,1600.0,1607.0,1595.0,1607.0,60072,0.0,0.0
2024-10-17 11:40:00+09:00,1607.0,1620.0,1601.0,1608.0,85550,0.0,0.0
2024-10-17 11:45:00+09:00,1612.0,1615.0,1607.0,1609.0,20783,0.0,0.0
2024-10-17 11:50:00+09:00,1609.0,1616.0,1601.0,1616.0,82813,0.0,0.0
2024-10-17 11:55:00+09:00,1616.0,1616.0,1603.0,1612.0,11240,0.0,0.0
2024-10-17 12:00:00+09:00,1613.0,1623.0,1611.0,1619.0,96936,0.0,0.0
2024-10-17 12:05:00+09:00,1619.0,1645.0,1610.0,1635.0,157782,0.0,0.0
2024-10-17 12:10:00+09:00,1634.0,1652.0,1630.0,1640.0,159991,0.0,0.0
2024-10-17 12:15:00+09:00,1640.0,1670.0,1624.0,1626.0,319917,0.0,0.0
2024-10-17 12:20:00+09:00,1626.0,1648.0,1619.0,1641.0,123026,0.0,0.0
2024-10-17 12:25:00+09:00,1640.0,1642.0,1629.0,1633.0,42708,0.0,0.0
2024-10-17 12:30:00+09:00,1633.0,1651.0,1626.0,1637.0,81663,0.0,0.0
2024-10-17 12:35:00+09:00,1637.0,1642.0,1626.0,1627.0,44202,0.0,0.0
2024-10-17 12:40:00+09:00,1630.0,1637.0,1622.0,1626.0,45718,0.0,0.0
2024-10-17 12:45:00+09:00,1627.0,1631.0,1606.0,1609.0,76174,0.0,0.0
2024-10-17 12:50:00+09:00,1608.0,1619.0,1587.0,1614.0,105586,0.0,0.0
2024-10-17 12:55:00+09:00,1611.0,1618.0,1607.0,1607.0,28084,0.0,0.0
2024-10-17 13:00:00+09:00,1605.0,1614.0,1601.0,1608.0,17852,0.0,0.0
2024-10-17 13:05:00+09:00,1606.0,1606.0,1589.0,1590.0,36978,0.0,0.0
2024-10-17 13:10:00+09:00,1589.0,1596.0,1580.0,1596.0,23602,0.0,0.0
2024-10-17 13:15:00+09:00,1600.0,1602.0,1583.0,1589.0,20854,0.0,0.0
2024-10-17 13:20:00+09:00,1588.0,1589.0,1579.0,1580.0,34088,0.0,0.0
2024-10-17 13:25:00+09:00,1580.0,1606.0,1580.0,1606.0,31446,0.0,0.0
2024-10-17 13:30:00+09:00,1606.0,1608.0,1595.0,1604.0,18735,0.0,0.0
2024-10-17 13:35:00+09:00,1604.0,1604.0,1595.0,1595.0,20936,0.0,0.0
2024-10-17 13:40:00+09:00,1595.0,1595.0,1591.0,1591.0,37895,0.0,0.0
2024-10-17 13:45:00+09:00,1591.0,1597.0,1584.0,1585.0,24285,0.0,0.0
2024-10-17 13:50:00+09:00,1589.0,1595.0,1586.0,1586.0,17139,0.0,0.0
2024-10-17 13:55:00+09:00,1586.0,1592.0,1585.0,1591.0,14894,0.0,0.0
2024-10-17 14:00:00+09:00,1591.0,1595.0,1591.0,1595.0,2619,0.0,0.0
2024-10-17 14:05:00+09:00,1595.0,1599.0,1590.0,1598.0,8009,0.0,0.0
2024-10-17 14:10:00+09:00,1596.0,1598.0,1592.0,1592.0,5482,0.0,0.0
2024-10-17 14:15:00+09:00,1596.0,1598.0,1592.0,1597.0,11371,0.0,0.0
2024-10-17 14:20:00+09:00,1596.0,1597.0,1592.0,1592.0,8110,0.0,0.0
2024-10-17 14:25:00+09:00,1595.0,1599.0,1595.0,1595.0,8430,0.0,0.0
2024-10-17 14:30:00+09:00,1595.0,1596.0,1589.0,1590.0,21386,0.0,0.0
2024-10-17 14:35:00+09:00,1590.0,1591.0,1589.0,1590.0,7600,0.0,0.0
2024-10-17 14:40:00+09:00,1595.0,1596.0,1591.0,1596.0,5697,0.0,0.0
2024-10-17 14:45:00+09:00,1596.0,1600.0,1596.0,1600.0,9380,0.0,0.0
2024-10-17 14:50:00+09:00,1600.0,1600.0,1589.0,1600.0,39897,0.0,0.0
2024-10-17 14:55:00+09:00,1600.0,1600.0,1591.0,1597.0,14155,0.0,0.0
2024-10-18 09:00:00+09:00,1594.0,1601.0,1566.0,1601.0,76668,0.0,0.0
2024-10-18 09:05:00+09:00,1602.0,1610.0,1574.0,1575.0,81297,0.0,0.0
2024-10-18 09:10:00+09:00,1576.0,1585.0,1569.0,1584.0,38930,0.0,0.0
2024-10-18 09:15:00+09:00,1584.0,1611.0,1584.0,1606.0,35925,0.0,0.0
2024-10-18 09:20:00+09:00,1606.0,1606.0,1585.0,1586.0,28807,0.0,0.0
2024-10-18 09:25:00+09:00,1586.0,1586.0,1561.0,1564.0,74033,0.0,0.0
2024-10-18 09:30:00+09:00,1569.0,1582.0,1562.0,1571.0,18612,0.0,0.0
2024-10-18 09:35:00+09:00,1571.0,1580.0,1571.0,1573.0,6985,0.0,0.0
2024-10-18 09:40:00+09:00,1573.0,1582.0,1572.0,1577.0,18626,0.0,0.0
2024-10-18 09:45:00+09:00,1577.0,1577.0,1569.0,1569.0,3397,0.0,0.0
2024-10-18 09:50:00+09:00,1574.0,1574.0,1564.0,1565.0,6927,0.0,0.0
2024-10-18 09:55:00+09:00,1574.0,1574.0,1563.0,1568.0,6461,0.0,0.0
2024-10-18 10:00:00+09:00,1568.0,1572.0,1563.0,1563.0,21800,0.0,0.0
2024-10-18 10:05:00+09:00,1565.0,1572.0,1563.0,1567.0,10476,0.0,0.0
2024-10-18 10:10:00+09:00,1566.0,1570.0,1562.0,1563.0,18130,0.0,0.0
2024-10-18 10:15:00+09:00,1562.0,1569.0,1557.0,1569.0,18932,0.0,0.0
2024-10-18 10:20:00+09:00,1569.0,1569.0,1555.0,1555.0,20071,0.0,0.0
2024-10-18 10:25:00+09:00,1556.0,1568.0,1556.0,1558.0,6907,0.0,0.0
2024-10-18 10:30:00+09:00,1556.0,1563.0,1551.0,1563.0,25320,0.0,0.0
2024-10-18 10:35:00+09:00,1563.0,1563.0,1553.0,1562.0,2062,0.0,0.0
2024-10-18 10:40:00+09:00,1556.0,1558.0,1551.0,1557.0,11575,0.0,0.0
2024-10-18 10:45:00+09:00,1552.0,1557.0,1550.0,1552.0,11045,0.0,0.0
2024-10-18 10:50:00+09:00,1552.0,1555.0,1550.0,1555.0,3038,0.0,0.0
2024-10-18 10:55:00+09:00,1554.0,1555.0,1545.0,1546.0,10731,0.0,0.0
2024-10-18 11:00:00+09:00,1548.0,1550.0,1545.0,1545.0,14841,0.0,0.0
2024-10-18 11:05:00+09:00,1551.0,1552.0,1545.0,1552.0,6336,0.0,0.0
2024-10-18 11:10:00+09:00,1546.0,1552.0,1546.0,1552.0,9011,0.0,0.0
2024-10-18 11:15:00+09:00,1552.0,1552.0,1550.0,1552.0,6115,0.0,0.0
2024-10-18 11:20:00+09:00,1551.0,1562.0,1549.0,1562.0,16859,0.0,0.0
2024-10-18 11:25:00+09:00,1561.0,1567.0,1555.0,1560.0,5732,0.0,0.0
2024-10-18 11:30:00+09:00,1567.0,1582.0,1567.0,1582.0,22446,0.0,0.0
2024-10-18 11:35:00+09:00,1581.0,1581.0,1576.0,1577.0,2805,0.0,0.0
2024-10-18 11:40:00+09:00,1577.0,1579.0,1572.0,1578.0,2450,0.0,0.0
2024-10-18 11:45:00+09:00,1578.0,1583.0,1578.0,1583.0,13583,0.0,0.0
2024-10-18 11:50:00+09:00,1580.0,1583.0,1580.0,1582.0,1755,0.0,0.0
2024-10-18 11:55:00+09:00,1576.0,1581.0,1576.0,1581.0,1431,0.0,0.0
2024-10-18 12:00:00+09:00,1581.0,1582.0,1575.0,1581.0,3254,0.0,0.0
2024-10-18 12:05:00+09:00,1581.0,1582.0,1578.0,1582.0,2105,0.0,0.0
2024-10-18 12:10:00+09:00,1582.0,1582.0,1578.0,1582.0,3195,0.0,0.0
2024-10-18 12:15:00+09:00,1582.0,1583.0,1579.0,1583.0,839,0.0,0.0
2024-10-18 12:20:00+09:00,1583.0,1583.0,1580.0,1582.0,2204,0.0,0.0
2024-10-18 12:25:00+09:00,1582.0,1583.0,1578.0,1583.0,3553,0.0,0.0
2024-10-18 12:30:00+09:00,1578.0,1580.0,1577.0,1580.0,3396,0.0,0.0
2024-10-18 12:35:00+09:00,1580.0,1580.0,1574.0,1580.0,2867,0.0,0.0
2024-10-18 12:40:00+09:00,1579.0,1582.0,1574.0,1582.0,15749,0.0,0.0
2024-10-18 12:45:00+09:00,1583.0,1588.0,1577.0,1582.0,10675,0.0,0.0
2024-10-18 12:50:00+09:00,1582.0,1582.0,1579.0,1582.0,13352,0.0,0.0
2024-10-18 12:55:00+09:00,1582.0,1582.0,1576.0,1577.0,5224,0.0,0.0
2024-10-18 13:00:00+09:00,1576.0,1583.0,1576.0,1577.0,20755,0.0,0.0
2024-10-18 13:05:00+09:00,1580.0,1580.0,1573.0,1580.0,322,0.0,0.0
2024-10-18 13:10:00+09:00,1580.0,1580.0,1573.0,1579.0,3497,0.0,0.0
2024-10-18 13:15:00+09:00,1577.0,1577.0,1570.0,1575.0,9782,0.0,0.0
2024-10-18 13:20:00+09:00,1569.0,1575.0,1569.0,1575.0,2081,0.0,0.0
2024-10-18 13:25:00+09:00,1575.0,1576.0,1575.0,1576.0,11935,0.0,0.0
2024-10-18 13:30:00+09:00,1579.0,1579.0,1576.0,1578.0,3800,0.0,0.0
2024-10-18 13:35:00+09:00,1578.0,1579.0,1572.0,1578.0,1041,0.0,0.0
2024-10-18 13:40:00+09:00,1573.0,1576.0,1573.0,1573.0,5882,0.0,0.0
2024-10-18 13:45:00+09:00,1573.0,1573.0,1570.0,1570.0,7749,0.0,0.0
2024-10-18 13:50:00+09:00,1572.0,1572.0,1570.0,1570.0,2353,0.0,0.0
2024-10-18 13:55:00+09:00,1572.0,1572.0,1570.0,1570.0,1136,0.0,0.0
2024-10-18 14:00:00+09:00,1570.0,1572.0,1570.0,1572.0,209,0.0,0.0
2024-10-18 14:05:00+09:00,1572.0,1574.0,1565.0,1565.0,3977,0.0,0.0
2024-10-18 14:10:00+09:00,1569.0,1574.0,1565.0,1570.0,457,0.0,0.0
2024-10-18 14:15:00+09:00,1573.0,1574.0,1572.0,1574.0,1267,0.0,0.0
2024-10-18 14:20:00+09:00,1574.0,1575.0,1574.0,1575.0,317,0.0,0.0
2024-10-18 14:25:00+09:00,1575.0,1595.0,1575.0,1593.0,39503,0.0,0.0
2024-10-18 14:30:00+09:00,1593.0,1596.0,1590.0,1590.0,15726,0.0,0.0
2024-10-18 14:35:00+09:00,1588.0,1593.0,1580.0,1591.0,8585,0.0,0.0
2024-10-18 14:40:00+09:00,1585.0,1590.0,1580.0,1586.0,5704,0.0,0.0
2024-10-18 14:45:00+09:00,1586.0,1587.0,1581.0,1581.0,5250,0.0,0.0
2024-10-18 14:50:00+09:00,1586.0,1591.0,1584.0,1589.0,10546,0.0,0.0
2024-10-18 14:55:00+09:00,1589.0,1589.0,1583.0,1589.0,9085,0.0,0.0
