Datetime,Open,High,Low,Close,Volume,Dividends,Stock Splits
2024-08-26 09:30:00-04:00,35.849998474121094,35.849998474121094,35.779998779296875,35.82500076293945,66453,0.0,0.0
2024-08-26 09:31:00-04:00,35.82500076293945,35.880001068115234,35.72999954223633,35.7599983215332,11305,0.0,0.0
2024-08-26 09:32:00-04:00,35.779998779296875,35.83000183105469,35.75,35.82500076293945,4071,0.0,0.0
2024-08-26 09:33:00-04:00,35.83000183105469,35.849998474121094,35.755001068115234,35.790000915527344,12937,0.0,0.0
2024-08-26 09:34:00-04:00,35.79999923706055,35.79999923706055,35.75,35.755001068115234,3776,0.0,0.0
2024-08-26 09:35:00-04:00,35.779998779296875,35.81999969482422,35.72999954223633,35.81999969482422,3795,0.0,0.0
2024-08-26 09:36:00-04:00,35.810001373291016,35.849998474121094,35.79999923706055,35.810001373291016,7480,0.0,0.0
2024-08-26 09:37:00-04:00,35.79999923706055,35.83000183105469,35.79499816894531,35.83000183105469,4543,0.0,0.0
2024-08-26 09:38:00-04:00,35.83000183105469,35.85129928588867,35.83000183105469,35.85129928588867,2712,0.0,0.0
2024-08-26 09:39:00-04:00,35.86000061035156,35.88999938964844,35.84000015258789,35.86000061035156,6185,0.0,0.0
2024-08-26 09:40:00-04:00,35.85499954223633,35.85499954223633,35.79069900512695,35.810001373291016,3331,0.0,0.0
2024-08-26 09:41:00-04:00,35.79999923706055,35.84000015258789,35.779998779296875,35.83000183105469,7943,0.0,0.0
2024-08-26 09:42:00-04:00,35.82500076293945,35.82500076293945,35.79999923706055,35.810001373291016,2208,0.0,0.0
2024-08-26 09:43:00-04:00,35.81999969482422,35.84000015258789,35.810001373291016,35.84000015258789,3685,0.0,0.0
2024-08-26 09:44:00-04:00,35.84000015258789,35.88999938964844,35.82500076293945,35.88999938964844,7405,0.0,0.0
2024-08-26 09:45:00-04:00,35.880001068115234,35.94499969482422,35.880001068115234,35.94499969482422,27322,0.0,0.0
2024-08-26 09:46:00-04:00,35.95000076293945,35.96500015258789,35.939998626708984,35.96500015258789,12408,0.0,0.0
2024-08-26 09:47:00-04:00,35.970001220703125,36.02000045776367,35.970001220703125,36.0099983215332,26597,0.0,0.0
2024-08-26 09:48:00-04:00,36.0099983215332,36.029998779296875,36.005001068115234,36.029998779296875,2145,0.0,0.0
2024-08-26 09:49:00-04:00,36.040000915527344,36.08000183105469,36.029998779296875,36.08000183105469,12605,0.0,0.0
2024-08-26 09:50:00-04:00,36.08000183105469,36.130001068115234,36.06999969482422,36.130001068115234,31229,0.0,0.0
2024-08-26 09:51:00-04:00,36.130001068115234,36.150001525878906,36.130001068115234,36.130001068115234,23365,0.0,0.0
2024-08-26 09:52:00-04:00,36.11000061035156,36.13999938964844,36.08000183105469,36.10499954223633,40094,0.0,0.0
2024-08-26 09:53:00-04:00,36.099998474121094,36.15999984741211,36.099998474121094,36.15999984741211,5686,0.0,0.0
2024-08-26 09:54:00-04:00,36.14500045776367,36.15999984741211,36.119998931884766,36.13999938964844,12512,0.0,0.0
2024-08-26 09:55:00-04:00,36.130001068115234,36.150001525878906,36.119998931884766,36.125,5629,0.0,0.0
2024-08-26 09:56:00-04:00,36.125,36.150001525878906,36.095001220703125,36.095001220703125,9233,0.0,0.0
2024-08-26 09:57:00-04:00,36.11000061035156,36.125,36.09000015258789,36.09000015258789,2898,0.0,0.0
2024-08-26 09:58:00-04:00,36.11000061035156,36.11000061035156,36.060001373291016,36.07500076293945,11636,0.0,0.0
2024-08-26 09:59:00-04:00,36.06999969482422,36.099998474121094,36.06999969482422,36.099998474121094,5979,0.0,0.0
2024-08-26 10:00:00-04:00,36.099998474121094,36.125,36.01499938964844,36.01499938964844,19424,0.0,0.0
2024-08-26 10:01:00-04:00,36.01499938964844,36.01499938964844,35.959999084472656,36.0,21177,0.0,0.0
2024-08-26 10:02:00-04:00,36.002201080322266,36.0099983215332,35.95000076293945,35.959999084472656,18625,0.0,0.0
2024-08-26 10:03:00-04:00,35.95000076293945,35.970001220703125,35.95000076293945,35.959999084472656,1728,0.0,0.0
2024-08-26 10:04:00-04:00,35.959999084472656,35.959999084472656,35.915000915527344,35.91999816894531,9306,0.0,0.0
2024-08-26 10:05:00-04:00,35.91999816894531,35.939998626708984,35.90999984741211,35.90999984741211,22924,0.0,0.0
2024-08-26 10:06:00-04:00,35.904998779296875,35.90999984741211,35.88999938964844,35.89500045776367,11038,0.0,0.0
2024-08-26 10:07:00-04:00,35.89500045776367,35.900001525878906,35.880001068115234,35.8849983215332,7727,0.0,0.0
2024-08-26 10:08:00-04:00,35.8849983215332,35.8849983215332,35.84000015258789,35.84000015258789,15090,0.0,0.0
2024-08-26 10:09:00-04:00,35.84000015258789,35.849998474121094,35.83000183105469,35.845001220703125,5174,0.0,0.0
2024-08-26 10:10:00-04:00,35.849998474121094,35.875,35.834999084472656,35.834999084472656,10531,0.0,0.0
2024-08-26 10:11:00-04:00,35.834999084472656,35.834999084472656,35.810001373291016,35.810001373291016,7116,0.0,0.0
2024-08-26 10:12:00-04:00,35.80500030517578,35.82500076293945,35.78499984741211,35.78499984741211,6036,0.0,0.0
2024-08-26 10:13:00-04:00,35.78499984741211,35.79499816894531,35.779998779296875,35.79499816894531,4056,0.0,0.0
2024-08-26 10:14:00-04:00,35.79999923706055,35.83000183105469,35.79999923706055,35.82500076293945,13275,0.0,0.0
2024-08-26 10:15:00-04:00,35.82500076293945,35.834999084472656,35.79999923706055,35.834999084472656,9835,0.0,0.0
2024-08-26 10:16:00-04:00,35.83000183105469,35.8849983215332,35.83000183105469,35.8849983215332,19961,0.0,0.0
2024-08-26 10:17:00-04:00,35.880001068115234,35.88999938964844,35.82500076293945,35.82500076293945,10297,0.0,0.0
2024-08-26 10:18:00-04:00,35.82500076293945,35.83000183105469,35.810001373291016,35.814998626708984,5338,0.0,0.0
2024-08-26 10:19:00-04:00,35.81999969482422,35.82500076293945,35.79999923706055,35.814998626708984,6425,0.0,0.0
2024-08-26 10:20:00-04:00,35.814998626708984,35.814998626708984,35.779998779296875,35.779998779296875,11450,0.0,0.0
2024-08-26 10:21:00-04:00,35.790000915527344,35.790000915527344,35.775001525878906,35.78499984741211,3742,0.0,0.0
2024-08-26 10:22:00-04:00,35.77000045776367,35.78499984741211,35.75,35.77000045776367,9177,0.0,0.0
2024-08-26 10:23:00-04:00,35.77009963989258,35.77009963989258,35.73500061035156,35.73500061035156,12546,0.0,0.0
2024-08-26 10:24:00-04:00,35.73500061035156,35.7599983215332,35.72999954223633,35.7599983215332,9686,0.0,0.0
2024-08-26 10:25:00-04:00,35.7599983215332,35.79999923706055,35.7599983215332,35.79999923706055,4823,0.0,0.0
2024-08-26 10:26:00-04:00,35.80500030517578,35.83000183105469,35.80500030517578,35.81999969482422,11491,0.0,0.0
2024-08-26 10:27:00-04:00,35.815399169921875,35.81999969482422,35.790000915527344,35.790000915527344,9506,0.0,0.0
2024-08-26 10:28:00-04:00,35.790000915527344,35.790000915527344,35.7599983215332,35.775001525878906,3880,0.0,0.0
2024-08-26 10:29:00-04:00,35.775001525878906,35.78499984741211,35.744998931884766,35.744998931884766,28035,0.0,0.0
2024-08-26 10:30:00-04:00,35.755001068115234,35.779998779296875,35.73500061035156,35.744998931884766,30424,0.0,0.0
2024-08-26 10:31:00-04:00,35.744998931884766,35.744998931884766,35.70000076293945,35.70500183105469,7364,0.0,0.0
2024-08-26 10:32:00-04:00,35.70000076293945,35.70000076293945,35.66999816894531,35.66999816894531,8055,0.0,0.0
2024-08-26 10:33:00-04:00,35.68000030517578,35.70500183105469,35.66999816894531,35.66999816894531,22563,0.0,0.0
2024-08-26 10:34:00-04:00,35.665000915527344,35.689998626708984,35.665000915527344,35.66999816894531,32554,0.0,0.0
2024-08-26 10:35:00-04:00,35.68000030517578,35.689998626708984,35.654998779296875,35.66080093383789,23323,0.0,0.0
2024-08-26 10:36:00-04:00,35.665000915527344,35.67499923706055,35.63999938964844,35.64500045776367,14723,0.0,0.0
2024-08-26 10:37:00-04:00,35.64500045776367,35.650001525878906,35.61000061035156,35.61000061035156,9501,0.0,0.0
2024-08-26 10:38:00-04:00,35.60499954223633,35.61000061035156,35.560001373291016,35.56999969482422,12677,0.0,0.0
2024-08-26 10:39:00-04:00,35.56999969482422,35.584999084472656,35.54999923706055,35.584999084472656,17198,0.0,0.0
2024-08-26 10:40:00-04:00,35.584999084472656,35.64500045776367,35.584999084472656,35.64500045776367,41802,0.0,0.0
2024-08-26 10:41:00-04:00,35.64500045776367,35.64500045776367,35.59000015258789,35.595001220703125,7988,0.0,0.0
2024-08-26 10:42:00-04:00,35.59000015258789,35.60499954223633,35.59000015258789,35.595001220703125,17302,0.0,0.0
2024-08-26 10:43:00-04:00,35.595001220703125,35.595001220703125,35.540000915527344,35.540000915527344,8563,0.0,0.0
2024-08-26 10:44:00-04:00,35.540000915527344,35.58000183105469,35.529998779296875,35.54999923706055,8074,0.0,0.0
2024-08-26 10:45:00-04:00,35.54999923706055,35.61000061035156,35.54999923706055,35.59000015258789,26056,0.0,0.0
2024-08-26 10:46:00-04:00,35.584999084472656,35.584999084472656,35.560001373291016,35.57500076293945,11297,0.0,0.0
2024-08-26 10:47:00-04:00,35.56999969482422,35.57500076293945,35.564998626708984,35.564998626708984,4986,0.0,0.0
2024-08-26 10:48:00-04:00,35.560001373291016,35.584999084472656,35.54999923706055,35.560001373291016,9027,0.0,0.0
2024-08-26 10:49:00-04:00,35.55500030517578,35.564998626708984,35.54999923706055,35.564998626708984,6163,0.0,0.0
2024-08-26 10:50:00-04:00,35.560001373291016,35.57500076293945,35.55500030517578,35.560001373291016,11013,0.0,0.0
2024-08-26 10:51:00-04:00,35.564998626708984,35.59000015258789,35.564998626708984,35.58000183105469,7016,0.0,0.0
2024-08-26 10:52:00-04:00,35.58000183105469,35.630001068115234,35.58000183105469,35.630001068115234,21627,0.0,0.0
2024-08-26 10:53:00-04:00,35.625,35.625,35.595001220703125,35.61000061035156,8615,0.0,0.0
2024-08-26 10:54:00-04:00,35.619998931884766,35.625,35.61000061035156,35.61000061035156,6972,0.0,0.0
2024-08-26 10:55:00-04:00,35.6150016784668,35.625,35.61000061035156,35.61000061035156,9217,0.0,0.0
2024-08-26 10:56:00-04:00,35.6150016784668,35.625,35.599998474121094,35.60499954223633,14791,0.0,0.0
2024-08-26 10:57:00-04:00,35.599998474121094,35.619998931884766,35.584999084472656,35.6150016784668,12185,0.0,0.0
2024-08-26 10:58:00-04:00,35.61000061035156,35.630001068115234,35.61000061035156,35.630001068115234,7752,0.0,0.0
2024-08-26 10:59:00-04:00,35.625,35.64500045776367,35.625,35.6349983215332,5014,0.0,0.0
2024-08-26 11:00:00-04:00,35.6349983215332,35.63999938964844,35.619998931884766,35.619998931884766,9351,0.0,0.0
2024-08-26 11:01:00-04:00,35.619998931884766,35.630001068115234,35.619998931884766,35.625,3526,0.0,0.0
2024-08-26 11:02:00-04:00,35.619998931884766,35.64580154418945,35.619998931884766,35.64500045776367,8303,0.0,0.0
2024-08-26 11:03:00-04:00,35.64500045776367,35.65999984741211,35.625,35.65999984741211,11192,0.0,0.0
2024-08-26 11:04:00-04:00,35.66999816894531,35.66999816894531,35.625,35.6349983215332,15256,0.0,0.0
2024-08-26 11:05:00-04:00,35.630001068115234,35.6349983215332,35.60499954223633,35.61000061035156,6611,0.0,0.0
2024-08-26 11:06:00-04:00,35.599998474121094,35.60499954223633,35.56999969482422,35.599998474121094,13677,0.0,0.0
2024-08-26 11:07:00-04:00,35.599998474121094,35.599998474121094,35.56999969482422,35.58000183105469,6686,0.0,0.0
2024-08-26 11:08:00-04:00,35.577999114990234,35.58000183105469,35.560001373291016,35.564998626708984,7429,0.0,0.0
2024-08-26 11:09:00-04:00,35.564998626708984,35.58000183105469,35.560001373291016,35.57500076293945,5335,0.0,0.0
2024-08-26 11:10:00-04:00,35.57500076293945,35.57500076293945,35.54999923706055,35.54999923706055,4300,0.0,0.0
2024-08-26 11:11:00-04:00,35.54999923706055,35.550201416015625,35.540000915527344,35.54499816894531,3908,0.0,0.0
2024-08-26 11:12:00-04:00,35.540000915527344,35.54999923706055,35.540000915527344,35.54999923706055,3784,0.0,0.0
2024-08-26 11:13:00-04:00,35.54999923706055,35.560001373291016,35.525001525878906,35.525001525878906,7855,0.0,0.0
2024-08-26 11:14:00-04:00,35.525001525878906,35.525001525878906,35.52000045776367,35.525001525878906,2322,0.0,0.0
2024-08-26 11:15:00-04:00,35.52000045776367,35.540000915527344,35.52000045776367,35.540000915527344,4698,0.0,0.0
2024-08-26 11:16:00-04:00,35.53499984741211,35.53499984741211,35.5099983215332,35.525001525878906,7894,0.0,0.0
2024-08-26 11:17:00-04:00,35.525001525878906,35.529998779296875,35.510101318359375,35.52000045776367,13919,0.0,0.0
2024-08-26 11:18:00-04:00,35.529998779296875,35.529998779296875,35.52000045776367,35.52000045776367,3903,0.0,0.0
2024-08-26 11:19:00-04:00,35.525001525878906,35.54999923706055,35.525001525878906,35.54499816894531,12753,0.0,0.0
2024-08-26 11:20:00-04:00,35.54999923706055,35.560001373291016,35.54499816894531,35.5453987121582,12926,0.0,0.0
2024-08-26 11:21:00-04:00,35.54499816894531,35.560001373291016,35.54499816894531,35.54999923706055,8618,0.0,0.0
2024-08-26 11:22:00-04:00,35.54499816894531,35.54499816894531,35.525001525878906,35.53499984741211,12667,0.0,0.0
2024-08-26 11:23:00-04:00,35.53499984741211,35.55500030517578,35.53499984741211,35.55500030517578,4898,0.0,0.0
2024-08-26 11:24:00-04:00,35.54999923706055,35.56999969482422,35.529998779296875,35.53499984741211,11158,0.0,0.0
2024-08-26 11:25:00-04:00,35.53499984741211,35.53499984741211,35.5,35.5,8337,0.0,0.0
2024-08-26 11:26:00-04:00,35.494998931884766,35.53499984741211,35.4900016784668,35.51499938964844,8966,0.0,0.0
2024-08-26 11:27:00-04:00,35.5099983215332,35.52000045776367,35.5099983215332,35.52000045776367,65972,0.0,0.0
2024-08-26 11:28:00-04:00,35.52000045776367,35.540000915527344,35.51499938964844,35.525001525878906,11523,0.0,0.0
2024-08-26 11:29:00-04:00,35.525001525878906,35.525001525878906,35.52000045776367,35.52000045776367,2312,0.0,0.0
2024-08-26 11:30:00-04:00,35.52000045776367,35.52000045776367,35.4900016784668,35.5,8329,0.0,0.0
2024-08-26 11:31:00-04:00,35.5,35.50630187988281,35.4900016784668,35.4900016784668,5639,0.0,0.0
2024-08-26 11:32:00-04:00,35.494998931884766,35.5,35.48500061035156,35.494998931884766,4005,0.0,0.0
2024-08-26 11:33:00-04:00,35.494998931884766,35.5,35.48500061035156,35.48500061035156,6964,0.0,0.0
2024-08-26 11:34:00-04:00,35.47999954223633,35.4900016784668,35.47999954223633,35.48500061035156,2661,0.0,0.0
2024-08-26 11:35:00-04:00,35.4900016784668,35.5,35.47999954223633,35.47999954223633,9908,0.0,0.0
2024-08-26 11:36:00-04:00,35.48500061035156,35.4900016784668,35.470001220703125,35.470001220703125,4235,0.0,0.0
2024-08-26 11:37:00-04:00,35.470001220703125,35.470001220703125,35.43000030517578,35.435001373291016,11229,0.0,0.0
2024-08-26 11:38:00-04:00,35.43000030517578,35.439998626708984,35.42499923706055,35.43000030517578,9226,0.0,0.0
2024-08-26 11:39:00-04:00,35.435001373291016,35.459999084472656,35.435001373291016,35.459999084472656,6544,0.0,0.0
2024-08-26 11:40:00-04:00,35.459999084472656,35.470001220703125,35.45500183105469,35.46889877319336,10625,0.0,0.0
2024-08-26 11:41:00-04:00,35.470001220703125,35.5,35.459999084472656,35.5,9662,0.0,0.0
2024-08-26 11:42:00-04:00,35.5,35.5099983215332,35.4900016784668,35.494998931884766,9028,0.0,0.0
2024-08-26 11:43:00-04:00,35.494998931884766,35.505001068115234,35.47999954223633,35.47999954223633,10725,0.0,0.0
2024-08-26 11:44:00-04:00,35.48500061035156,35.4900016784668,35.470001220703125,35.47999954223633,6908,0.0,0.0
2024-08-26 11:45:00-04:00,35.474998474121094,35.474998474121094,35.45000076293945,35.459999084472656,13831,0.0,0.0
2024-08-26 11:46:00-04:00,35.46500015258789,35.46500015258789,35.459999084472656,35.459999084472656,5731,0.0,0.0
2024-08-26 11:47:00-04:00,35.45000076293945,35.45000076293945,35.40999984741211,35.439998626708984,9275,0.0,0.0
2024-08-26 11:48:00-04:00,35.44499969482422,35.470001220703125,35.44499969482422,35.470001220703125,4535,0.0,0.0
2024-08-26 11:49:00-04:00,35.46500015258789,35.47999954223633,35.46500015258789,35.47999954223633,4632,0.0,0.0
2024-08-26 11:50:00-04:00,35.47999954223633,35.47999954223633,35.439998626708984,35.45000076293945,11965,0.0,0.0
2024-08-26 11:51:00-04:00,35.439998626708984,35.439998626708984,35.40999984741211,35.40999984741211,3018,0.0,0.0
2024-08-26 11:52:00-04:00,35.415000915527344,35.415000915527344,35.380001068115234,35.38999938964844,12537,0.0,0.0
2024-08-26 11:53:00-04:00,35.3849983215332,35.40999984741211,35.3849983215332,35.404998779296875,10550,0.0,0.0
2024-08-26 11:54:00-04:00,35.404998779296875,35.40999984741211,35.400001525878906,35.40999984741211,2937,0.0,0.0
2024-08-26 11:55:00-04:00,35.400001525878906,35.415000915527344,35.38999938964844,35.400001525878906,8560,0.0,0.0
2024-08-26 11:56:00-04:00,35.39500045776367,35.400001525878906,35.3849983215332,35.39500045776367,5907,0.0,0.0
2024-08-26 11:57:00-04:00,35.38999938964844,35.39500045776367,35.375,35.375,3564,0.0,0.0
2024-08-26 11:58:00-04:00,35.369998931884766,35.375,35.36000061035156,35.3650016784668,6841,0.0,0.0
2024-08-26 11:59:00-04:00,35.3650016784668,35.3650016784668,35.35499954223633,35.36000061035156,3994,0.0,0.0
2024-08-26 12:00:00-04:00,35.36000061035156,35.36000061035156,35.34000015258789,35.349998474121094,13266,0.0,0.0
2024-08-26 12:01:00-04:00,35.347900390625,35.369998931884766,35.34000015258789,35.369998931884766,6694,0.0,0.0
2024-08-26 12:02:00-04:00,35.380001068115234,35.40999984741211,35.380001068115234,35.40999984741211,4414,0.0,0.0
2024-08-26 12:03:00-04:00,35.40999984741211,35.40999984741211,35.39500045776367,35.404998779296875,8197,0.0,0.0
2024-08-26 12:04:00-04:00,35.404998779296875,35.41999816894531,35.38999938964844,35.41999816894531,7147,0.0,0.0
2024-08-26 12:05:00-04:00,35.43000030517578,35.43000030517578,35.42499923706055,35.42499923706055,13945,0.0,0.0
2024-08-26 12:06:00-04:00,35.425498962402344,35.425498962402344,35.400001525878906,35.400001525878906,12869,0.0,0.0
2024-08-26 12:07:00-04:00,35.400001525878906,35.400001525878906,35.38999938964844,35.39500045776367,3752,0.0,0.0
2024-08-26 12:08:00-04:00,35.400001525878906,35.400001525878906,35.39500045776367,35.400001525878906,2674,0.0,0.0
2024-08-26 12:09:00-04:00,35.40999984741211,35.43000030517578,35.400001525878906,35.43000030517578,7296,0.0,0.0
2024-08-26 12:10:00-04:00,35.435001373291016,35.435001373291016,35.42499923706055,35.43000030517578,3853,0.0,0.0
2024-08-26 12:11:00-04:00,35.42499923706055,35.459999084472656,35.42499923706055,35.45500183105469,5203,0.0,0.0
2024-08-26 12:12:00-04:00,35.45000076293945,35.45500183105469,35.43000030517578,35.435001373291016,9951,0.0,0.0
2024-08-26 12:13:00-04:00,35.435001373291016,35.439998626708984,35.400001525878906,35.415000915527344,8153,0.0,0.0
2024-08-26 12:14:00-04:00,35.415000915527344,35.43000030517578,35.40999984741211,35.43000030517578,5434,0.0,0.0
2024-08-26 12:15:00-04:00,35.439998626708984,35.439998626708984,35.435001373291016,35.435001373291016,3662,0.0,0.0
2024-08-26 12:16:00-04:00,35.43000030517578,35.474998474121094,35.43000030517578,35.46500015258789,11336,0.0,0.0
2024-08-26 12:17:00-04:00,35.46500015258789,35.470001220703125,35.46500015258789,35.46500015258789,2521,0.0,0.0
2024-08-26 12:18:00-04:00,35.46500015258789,35.46500015258789,35.45000076293945,35.45000076293945,5047,0.0,0.0
2024-08-26 12:19:00-04:00,35.44499969482422,35.44499969482422,35.439998626708984,35.44499969482422,1905,0.0,0.0
2024-08-26 12:20:00-04:00,35.44499969482422,35.46500015258789,35.439998626708984,35.459999084472656,4303,0.0,0.0
2024-08-26 12:21:00-04:00,35.459999084472656,35.470001220703125,35.459999084472656,35.459999084472656,4248,0.0,0.0
2024-08-26 12:22:00-04:00,35.46500015258789,35.47999954223633,35.459999084472656,35.47999954223633,5224,0.0,0.0
2024-08-26 12:23:00-04:00,35.47999954223633,35.494998931884766,35.47999954223633,35.4900016784668,6435,0.0,0.0
2024-08-26 12:24:00-04:00,35.4900016784668,35.499698638916016,35.4900016784668,35.499698638916016,2342,0.0,0.0
2024-08-26 12:25:00-04:00,35.4900016784668,35.494998931884766,35.48500061035156,35.4900016784668,13138,0.0,0.0
2024-08-26 12:26:00-04:00,35.4900016784668,35.4900016784668,35.46500015258789,35.46500015258789,4845,0.0,0.0
2024-08-26 12:27:00-04:00,35.46500015258789,35.474998474121094,35.46500015258789,35.474998474121094,4387,0.0,0.0
2024-08-26 12:28:00-04:00,35.470001220703125,35.48500061035156,35.470001220703125,35.48500061035156,2550,0.0,0.0
2024-08-26 12:29:00-04:00,35.48500061035156,35.4900016784668,35.47999954223633,35.4900016784668,3233,0.0,0.0
2024-08-26 12:30:00-04:00,35.48749923706055,35.505001068115234,35.48749923706055,35.505001068115234,6037,0.0,0.0
2024-08-26 12:31:00-04:00,35.5099983215332,35.5099983215332,35.505001068115234,35.505001068115234,3930,0.0,0.0
2024-08-26 12:32:00-04:00,35.5,35.505001068115234,35.48500061035156,35.494998931884766,10076,0.0,0.0
2024-08-26 12:33:00-04:00,35.4900016784668,35.51689910888672,35.48500061035156,35.51499938964844,3524,0.0,0.0
2024-08-26 12:34:00-04:00,35.51499938964844,35.52000045776367,35.5,35.515201568603516,7574,0.0,0.0
2024-08-26 12:35:00-04:00,35.51499938964844,35.525001525878906,35.510501861572266,35.52000045776367,7037,0.0,0.0
2024-08-26 12:36:00-04:00,35.52000045776367,35.52000045776367,35.51499938964844,35.52000045776367,1492,0.0,0.0
2024-08-26 12:37:00-04:00,35.52000045776367,35.52000045776367,35.51499938964844,35.52000045776367,3521,0.0,0.0
2024-08-26 12:38:00-04:00,35.51499938964844,35.540000915527344,35.51499938964844,35.540000915527344,4580,0.0,0.0
2024-08-26 12:39:00-04:00,35.540000915527344,35.54999923706055,35.529998779296875,35.54499816894531,8948,0.0,0.0
2024-08-26 12:40:00-04:00,35.54990005493164,35.54990005493164,35.529998779296875,35.53499984741211,5490,0.0,0.0
2024-08-26 12:41:00-04:00,35.540000915527344,35.540000915527344,35.529998779296875,35.53499984741211,4646,0.0,0.0
2024-08-26 12:42:00-04:00,35.529998779296875,35.540000915527344,35.529998779296875,35.53499984741211,2850,0.0,0.0
2024-08-26 12:43:00-04:00,35.53499984741211,35.540000915527344,35.529998779296875,35.540000915527344,2685,0.0,0.0
2024-08-26 12:44:00-04:00,35.53499984741211,35.54999923706055,35.53499984741211,35.54499816894531,4894,0.0,0.0
2024-08-26 12:45:00-04:00,35.54999923706055,35.58000183105469,35.54499816894531,35.56999969482422,13420,0.0,0.0
2024-08-26 12:46:00-04:00,35.564998626708984,35.564998626708984,35.525001525878906,35.525001525878906,7881,0.0,0.0
2024-08-26 12:47:00-04:00,35.52000045776367,35.540000915527344,35.52000045776367,35.53499984741211,2109,0.0,0.0
2024-08-26 12:48:00-04:00,35.540000915527344,35.540000915527344,35.53499984741211,35.540000915527344,3829,0.0,0.0
2024-08-26 12:49:00-04:00,35.539798736572266,35.560001373291016,35.539798736572266,35.560001373291016,5385,0.0,0.0
2024-08-26 12:50:00-04:00,35.54999923706055,35.55500030517578,35.54999923706055,35.55500030517578,1726,0.0,0.0
2024-08-26 12:51:00-04:00,35.54999923706055,35.55500030517578,35.54499816894531,35.54499816894531,10553,0.0,0.0
2024-08-26 12:52:00-04:00,35.54499816894531,35.54999923706055,35.54499816894531,35.54999923706055,1669,0.0,0.0
2024-08-26 12:53:00-04:00,35.54999923706055,35.54999923706055,35.53499984741211,35.53499984741211,7903,0.0,0.0
2024-08-26 12:54:00-04:00,35.53499984741211,35.53499984741211,35.529998779296875,35.53499984741211,1457,0.0,0.0
2024-08-26 12:55:00-04:00,35.53499984741211,35.55500030517578,35.53499984741211,35.545501708984375,9008,0.0,0.0
2024-08-26 12:56:00-04:00,35.540000915527344,35.540000915527344,35.51499938964844,35.51499938964844,6466,0.0,0.0
2024-08-26 12:57:00-04:00,35.5099983215332,35.52000045776367,35.5099983215332,35.51499938964844,3952,0.0,0.0
2024-08-26 12:58:00-04:00,35.51499938964844,35.52000045776367,35.5099983215332,35.52000045776367,4018,0.0,0.0
2024-08-26 12:59:00-04:00,35.52000045776367,35.540000915527344,35.51499938964844,35.540000915527344,6832,0.0,0.0
2024-08-26 13:00:00-04:00,35.540000915527344,35.560001373291016,35.540000915527344,35.54999923706055,4328,0.0,0.0
2024-08-26 13:01:00-04:00,35.54999923706055,35.54999923706055,35.540000915527344,35.54499816894531,9426,0.0,0.0
2024-08-26 13:02:00-04:00,35.54499816894531,35.54499816894531,35.540000915527344,35.540000915527344,763,0.0,0.0
2024-08-26 13:03:00-04:00,35.54499816894531,35.54999923706055,35.525001525878906,35.525001525878906,13454,0.0,0.0
2024-08-26 13:04:00-04:00,35.525001525878906,35.540000915527344,35.525001525878906,35.540000915527344,5294,0.0,0.0
2024-08-26 13:05:00-04:00,35.53499984741211,35.53499984741211,35.525001525878906,35.525001525878906,5244,0.0,0.0
2024-08-26 13:06:00-04:00,35.529998779296875,35.529998779296875,35.5099983215332,35.51499938964844,6494,0.0,0.0
2024-08-26 13:07:00-04:00,35.51499938964844,35.525001525878906,35.5099983215332,35.5099983215332,7028,0.0,0.0
2024-08-26 13:08:00-04:00,35.505001068115234,35.5099983215332,35.470001220703125,35.47999954223633,13474,0.0,0.0
2024-08-26 13:09:00-04:00,35.47999954223633,35.505001068115234,35.47999954223633,35.494998931884766,6976,0.0,0.0
2024-08-26 13:10:00-04:00,35.4833984375,35.494998931884766,35.47999954223633,35.4900016784668,3153,0.0,0.0
2024-08-26 13:11:00-04:00,35.494998931884766,35.494998931884766,35.459999084472656,35.474998474121094,9773,0.0,0.0
2024-08-26 13:12:00-04:00,35.474998474121094,35.48500061035156,35.474998474121094,35.474998474121094,5560,0.0,0.0
2024-08-26 13:13:00-04:00,35.470001220703125,35.4900016784668,35.470001220703125,35.4900016784668,4045,0.0,0.0
2024-08-26 13:14:00-04:00,35.494998931884766,35.494998931884766,35.4900016784668,35.494998931884766,1902,0.0,0.0
2024-08-26 13:15:00-04:00,35.49639892578125,35.505001068115234,35.4900016784668,35.505001068115234,10539,0.0,0.0
2024-08-26 13:16:00-04:00,35.5099983215332,35.52000045776367,35.470001220703125,35.470001220703125,15048,0.0,0.0
2024-08-26 13:17:00-04:00,35.474998474121094,35.474998474121094,35.45500183105469,35.45500183105469,3944,0.0,0.0
2024-08-26 13:18:00-04:00,35.45000076293945,35.45500183105469,35.43000030517578,35.45500183105469,5991,0.0,0.0
2024-08-26 13:19:00-04:00,35.45500183105469,35.46500015258789,35.45000076293945,35.45100021362305,8466,0.0,0.0
2024-08-26 13:20:00-04:00,35.45500183105469,35.459999084472656,35.43000030517578,35.45000076293945,11292,0.0,0.0
2024-08-26 13:21:00-04:00,35.44499969482422,35.47999954223633,35.44499969482422,35.47999954223633,6488,0.0,0.0
2024-08-26 13:22:00-04:00,35.4900016784668,35.5,35.48500061035156,35.494998931884766,4836,0.0,0.0
2024-08-26 13:23:00-04:00,35.5,35.529998779296875,35.494998931884766,35.525001525878906,10556,0.0,0.0
2024-08-26 13:24:00-04:00,35.529998779296875,35.529998779296875,35.52000045776367,35.529998779296875,3261,0.0,0.0
2024-08-26 13:25:00-04:00,35.529998779296875,35.560001373291016,35.529998779296875,35.540000915527344,12320,0.0,0.0
2024-08-26 13:26:00-04:00,35.540000915527344,35.540000915527344,35.525001525878906,35.525001525878906,6293,0.0,0.0
2024-08-26 13:27:00-04:00,35.52000045776367,35.525001525878906,35.52000045776367,35.52000045776367,3729,0.0,0.0
2024-08-26 13:28:00-04:00,35.52000045776367,35.52000045776367,35.4900016784668,35.494998931884766,7864,0.0,0.0
2024-08-26 13:29:00-04:00,35.496498107910156,35.5,35.4900016784668,35.4900016784668,3976,0.0,0.0
2024-08-26 13:30:00-04:00,35.494998931884766,35.5099983215332,35.49250030517578,35.505001068115234,13850,0.0,0.0
2024-08-26 13:31:00-04:00,35.5099983215332,35.51499938964844,35.5,35.5099983215332,6155,0.0,0.0
2024-08-26 13:32:00-04:00,35.5099983215332,35.5099983215332,35.4900016784668,35.494998931884766,18690,0.0,0.0
2024-08-26 13:33:00-04:00,35.4900016784668,35.494998931884766,35.48249816894531,35.48500061035156,8372,0.0,0.0
2024-08-26 13:34:00-04:00,35.48500061035156,35.5,35.47999954223633,35.5,7978,0.0,0.0
2024-08-26 13:35:00-04:00,35.505001068115234,35.51499938964844,35.48500061035156,35.51499938964844,21541,0.0,0.0
2024-08-26 13:36:00-04:00,35.5,35.5099983215332,35.48500061035156,35.5099983215332,9705,0.0,0.0
2024-08-26 13:37:00-04:00,35.505001068115234,35.5099983215332,35.505001068115234,35.505001068115234,1755,0.0,0.0
2024-08-26 13:38:00-04:00,35.505001068115234,35.505001068115234,35.48500061035156,35.48500061035156,9544,0.0,0.0
2024-08-26 13:39:00-04:00,35.4900016784668,35.4900016784668,35.45500183105469,35.459999084472656,14982,0.0,0.0
2024-08-26 13:40:00-04:00,35.46500015258789,35.4900016784668,35.46500015258789,35.48249816894531,8658,0.0,0.0
2024-08-26 13:41:00-04:00,35.47999954223633,35.47999954223633,35.459999084472656,35.46500015258789,6139,0.0,0.0
2024-08-26 13:42:00-04:00,35.467498779296875,35.467498779296875,35.45000076293945,35.45000076293945,8649,0.0,0.0
2024-08-26 13:43:00-04:00,35.45000076293945,35.459999084472656,35.439998626708984,35.45500183105469,10576,0.0,0.0
2024-08-26 13:44:00-04:00,35.45500183105469,35.47999954223633,35.45500183105469,35.47999954223633,5689,0.0,0.0
2024-08-26 13:45:00-04:00,35.47999954223633,35.47999954223633,35.439998626708984,35.44499969482422,15507,0.0,0.0
2024-08-26 13:46:00-04:00,35.44499969482422,35.45500183105469,35.43000030517578,35.43000030517578,9169,0.0,0.0
2024-08-26 13:47:00-04:00,35.42499923706055,35.439998626708984,35.42499923706055,35.435001373291016,3707,0.0,0.0
2024-08-26 13:48:00-04:00,35.43000030517578,35.439998626708984,35.43000030517578,35.439998626708984,6262,0.0,0.0
2024-08-26 13:49:00-04:00,35.439998626708984,35.45000076293945,35.435001373291016,35.435001373291016,5824,0.0,0.0
2024-08-26 13:50:00-04:00,35.43000030517578,35.439998626708984,35.43000030517578,35.439998626708984,1936,0.0,0.0
2024-08-26 13:51:00-04:00,35.439998626708984,35.439998626708984,35.41999816894531,35.41999816894531,7198,0.0,0.0
2024-08-26 13:52:00-04:00,35.43000030517578,35.439998626708984,35.42499923706055,35.42499923706055,7030,0.0,0.0
2024-08-26 13:53:00-04:00,35.43000030517578,35.435001373291016,35.42110061645508,35.42110061645508,4009,0.0,0.0
2024-08-26 13:54:00-04:00,35.42499923706055,35.43000030517578,35.42499923706055,35.43000030517578,2232,0.0,0.0
2024-08-26 13:55:00-04:00,35.42499923706055,35.43000030517578,35.42499923706055,35.43000030517578,2062,0.0,0.0
2024-08-26 13:56:00-04:00,35.41999816894531,35.43000030517578,35.41999816894531,35.420101165771484,6240,0.0,0.0
2024-08-26 13:57:00-04:00,35.43000030517578,35.459999084472656,35.42499923706055,35.45500183105469,5810,0.0,0.0
2024-08-26 13:58:00-04:00,35.459999084472656,35.474998474121094,35.45500183105469,35.474998474121094,4620,0.0,0.0
2024-08-26 13:59:00-04:00,35.46500015258789,35.46500015258789,35.45500183105469,35.459999084472656,7289,0.0,0.0
2024-08-26 14:00:00-04:00,35.45000076293945,35.45500183105469,35.43000030517578,35.43000030517578,10050,0.0,0.0
2024-08-26 14:01:00-04:00,35.439998626708984,35.439998626708984,35.435001373291016,35.439998626708984,4294,0.0,0.0
2024-08-26 14:02:00-04:00,35.45000076293945,35.46500015258789,35.45000076293945,35.46500015258789,7695,0.0,0.0
2024-08-26 14:03:00-04:00,35.46500015258789,35.46500015258789,35.459999084472656,35.46500015258789,1066,0.0,0.0
2024-08-26 14:04:00-04:00,35.46500015258789,35.467899322509766,35.435001373291016,35.439998626708984,12256,0.0,0.0
2024-08-26 14:05:00-04:00,35.44499969482422,35.459999084472656,35.44499969482422,35.459999084472656,4124,0.0,0.0
2024-08-26 14:06:00-04:00,35.45500183105469,35.459999084472656,35.440101623535156,35.440101623535156,7009,0.0,0.0
2024-08-26 14:07:00-04:00,35.44499969482422,35.459999084472656,35.439998626708984,35.44499969482422,4007,0.0,0.0
2024-08-26 14:08:00-04:00,35.44139862060547,35.44139862060547,35.43000030517578,35.435001373291016,7266,0.0,0.0
2024-08-26 14:09:00-04:00,35.435001373291016,35.435001373291016,35.42499923706055,35.43000030517578,7332,0.0,0.0
2024-08-26 14:10:00-04:00,35.435001373291016,35.435001373291016,35.435001373291016,35.435001373291016,373,0.0,0.0
2024-08-26 14:11:00-04:00,35.435001373291016,35.439998626708984,35.43000030517578,35.439998626708984,10790,0.0,0.0
2024-08-26 14:12:00-04:00,35.439998626708984,35.45000076293945,35.435001373291016,35.45000076293945,7421,0.0,0.0
2024-08-26 14:13:00-04:00,35.45000076293945,35.459999084472656,35.43000030517578,35.435001373291016,15640,0.0,0.0
2024-08-26 14:14:00-04:00,35.439998626708984,35.459999084472656,35.439998626708984,35.45500183105469,6680,0.0,0.0
2024-08-26 14:15:00-04:00,35.45500183105469,35.459999084472656,35.45009994506836,35.45500183105469,5630,0.0,0.0
2024-08-26 14:16:00-04:00,35.45500183105469,35.459999084472656,35.45500183105469,35.459999084472656,1650,0.0,0.0
2024-08-26 14:17:00-04:00,35.45000076293945,35.46500015258789,35.45000076293945,35.45000076293945,8943,0.0,0.0
2024-08-26 14:18:00-04:00,35.459999084472656,35.470001220703125,35.45500183105469,35.45500183105469,11683,0.0,0.0
2024-08-26 14:19:00-04:00,35.459999084472656,35.46500015258789,35.459999084472656,35.459999084472656,3721,0.0,0.0
2024-08-26 14:20:00-04:00,35.459999084472656,35.4900016784668,35.459999084472656,35.47999954223633,10796,0.0,0.0
2024-08-26 14:21:00-04:00,35.474998474121094,35.47529983520508,35.459999084472656,35.459999084472656,8255,0.0,0.0
2024-08-26 14:22:00-04:00,35.470001220703125,35.494998931884766,35.470001220703125,35.48500061035156,11158,0.0,0.0
2024-08-26 14:23:00-04:00,35.4900016784668,35.4900016784668,35.48500061035156,35.48500061035156,1317,0.0,0.0
2024-08-26 14:24:00-04:00,35.48500061035156,35.48500061035156,35.459999084472656,35.459999084472656,7339,0.0,0.0
2024-08-26 14:25:00-04:00,35.459999084472656,35.459999084472656,35.439998626708984,35.45000076293945,5529,0.0,0.0
2024-08-26 14:26:00-04:00,35.44499969482422,35.470001220703125,35.44499969482422,35.470001220703125,6991,0.0,0.0
2024-08-26 14:27:00-04:00,35.46500015258789,35.47999954223633,35.459999084472656,35.46500015258789,8347,0.0,0.0
2024-08-26 14:28:00-04:00,35.470001220703125,35.474998474121094,35.45500183105469,35.459999084472656,8564,0.0,0.0
2024-08-26 14:29:00-04:00,35.45000076293945,35.470001220703125,35.45000076293945,35.470001220703125,2792,0.0,0.0
2024-08-26 14:30:00-04:00,35.459999084472656,35.4900016784668,35.459999084472656,35.4900016784668,6724,0.0,0.0
2024-08-26 14:31:00-04:00,35.4900016784668,35.4900016784668,35.470001220703125,35.470001220703125,9171,0.0,0.0
2024-08-26 14:32:00-04:00,35.474998474121094,35.4900016784668,35.470001220703125,35.48500061035156,6866,0.0,0.0
2024-08-26 14:33:00-04:00,35.4900016784668,35.494998931884766,35.474998474121094,35.494998931884766,15995,0.0,0.0
2024-08-26 14:34:00-04:00,35.494998931884766,35.525001525878906,35.494998931884766,35.525001525878906,17912,0.0,0.0
2024-08-26 14:35:00-04:00,35.529998779296875,35.584999084472656,35.529998779296875,35.56999969482422,13358,0.0,0.0
2024-08-26 14:36:00-04:00,35.57500076293945,35.57500076293945,35.540000915527344,35.54499816894531,10584,0.0,0.0
2024-08-26 14:37:00-04:00,35.54999923706055,35.58000183105469,35.54999923706055,35.58000183105469,2273,0.0,0.0
2024-08-26 14:38:00-04:00,35.57500076293945,35.58000183105469,35.54499816894531,35.56999969482422,10775,0.0,0.0
2024-08-26 14:39:00-04:00,35.58000183105469,35.58000183105469,35.56999969482422,35.575401306152344,3248,0.0,0.0
2024-08-26 14:40:00-04:00,35.56999969482422,35.57500076293945,35.56999969482422,35.56999969482422,1811,0.0,0.0
2024-08-26 14:41:00-04:00,35.57500076293945,35.584999084472656,35.56290054321289,35.564998626708984,8181,0.0,0.0
2024-08-26 14:42:00-04:00,35.564998626708984,35.58000183105469,35.560001373291016,35.57500076293945,5135,0.0,0.0
2024-08-26 14:43:00-04:00,35.58000183105469,35.59000015258789,35.56999969482422,35.584999084472656,7628,0.0,0.0
2024-08-26 14:44:00-04:00,35.59000015258789,35.59000015258789,35.584999084472656,35.584999084472656,2554,0.0,0.0
2024-08-26 14:45:00-04:00,35.584999084472656,35.595001220703125,35.583499908447266,35.595001220703125,9324,0.0,0.0
2024-08-26 14:46:00-04:00,35.595001220703125,35.595001220703125,35.584999084472656,35.584999084472656,5842,0.0,0.0
2024-08-26 14:47:00-04:00,35.59000015258789,35.59000015258789,35.58000183105469,35.58000183105469,11613,0.0,0.0
2024-08-26 14:48:00-04:00,35.584999084472656,35.59000015258789,35.58000183105469,35.58000183105469,6579,0.0,0.0
2024-08-26 14:49:00-04:00,35.57500076293945,35.58000183105469,35.560001373291016,35.564998626708984,8626,0.0,0.0
2024-08-26 14:50:00-04:00,35.56999969482422,35.57500076293945,35.54999923706055,35.560001373291016,8675,0.0,0.0
2024-08-26 14:51:00-04:00,35.56999969482422,35.56999969482422,35.54999923706055,35.560001373291016,3318,0.0,0.0
2024-08-26 14:52:00-04:00,35.55500030517578,35.55500030517578,35.54999923706055,35.55500030517578,1869,0.0,0.0
2024-08-26 14:53:00-04:00,35.54999923706055,35.560001373291016,35.54999923706055,35.54999923706055,3442,0.0,0.0
2024-08-26 14:54:00-04:00,35.55500030517578,35.560001373291016,35.54499816894531,35.560001373291016,21739,0.0,0.0
2024-08-26 14:55:00-04:00,35.55500030517578,35.560001373291016,35.54999923706055,35.54999923706055,6276,0.0,0.0
2024-08-26 14:56:00-04:00,35.55500030517578,35.560001373291016,35.53499984741211,35.540000915527344,22880,0.0,0.0
2024-08-26 14:57:00-04:00,35.53499984741211,35.540000915527344,35.529998779296875,35.53499984741211,3309,0.0,0.0
2024-08-26 14:58:00-04:00,35.540000915527344,35.54999923706055,35.532501220703125,35.54499816894531,9152,0.0,0.0
2024-08-26 14:59:00-04:00,35.54999923706055,35.56999969482422,35.54999923706055,35.56999969482422,9336,0.0,0.0
2024-08-26 15:00:00-04:00,35.564998626708984,35.58000183105469,35.564998626708984,35.57500076293945,4007,0.0,0.0
2024-08-26 15:01:00-04:00,35.58000183105469,35.58000183105469,35.564998626708984,35.56999969482422,15882,0.0,0.0
2024-08-26 15:02:00-04:00,35.56999969482422,35.595001220703125,35.56999969482422,35.584999084472656,7203,0.0,0.0
2024-08-26 15:03:00-04:00,35.59000015258789,35.599998474121094,35.584999084472656,35.595001220703125,11371,0.0,0.0
2024-08-26 15:04:00-04:00,35.59000015258789,35.59000015258789,35.57500076293945,35.58000183105469,10307,0.0,0.0
2024-08-26 15:05:00-04:00,35.59000015258789,35.595001220703125,35.584999084472656,35.595001220703125,4369,0.0,0.0
2024-08-26 15:06:00-04:00,35.595001220703125,35.599998474121094,35.54999923706055,35.56010055541992,19187,0.0,0.0
2024-08-26 15:07:00-04:00,35.564998626708984,35.56999969482422,35.560001373291016,35.564998626708984,1705,0.0,0.0
2024-08-26 15:08:00-04:00,35.560001373291016,35.560001373291016,35.540000915527344,35.54999923706055,12295,0.0,0.0
2024-08-26 15:09:00-04:00,35.54999923706055,35.54999923706055,35.54410171508789,35.54499816894531,4359,0.0,0.0
2024-08-26 15:10:00-04:00,35.54499816894531,35.560001373291016,35.540000915527344,35.54499816894531,6464,0.0,0.0
2024-08-26 15:11:00-04:00,35.54999923706055,35.56999969482422,35.540000915527344,35.56999969482422,10755,0.0,0.0
2024-08-26 15:12:00-04:00,35.56999969482422,35.57500076293945,35.54999923706055,35.55500030517578,11195,0.0,0.0
2024-08-26 15:13:00-04:00,35.55500030517578,35.58000183105469,35.54999923706055,35.58000183105469,7303,0.0,0.0
2024-08-26 15:14:00-04:00,35.58000183105469,35.584999084472656,35.56999969482422,35.56999969482422,8908,0.0,0.0
2024-08-26 15:15:00-04:00,35.58000183105469,35.58000183105469,35.560001373291016,35.57500076293945,8870,0.0,0.0
2024-08-26 15:16:00-04:00,35.56999969482422,35.57500076293945,35.54499816894531,35.55500030517578,10051,0.0,0.0
2024-08-26 15:17:00-04:00,35.55500030517578,35.560001373291016,35.54999923706055,35.560001373291016,3826,0.0,0.0
2024-08-26 15:18:00-04:00,35.564998626708984,35.58000183105469,35.564998626708984,35.58000183105469,5587,0.0,0.0
2024-08-26 15:19:00-04:00,35.57500076293945,35.584999084472656,35.564998626708984,35.56999969482422,12125,0.0,0.0
2024-08-26 15:20:00-04:00,35.56999969482422,35.57500076293945,35.564998626708984,35.57500076293945,4528,0.0,0.0
2024-08-26 15:21:00-04:00,35.57500076293945,35.58000183105469,35.57500076293945,35.58000183105469,5638,0.0,0.0
2024-08-26 15:22:00-04:00,35.57500076293945,35.59000015258789,35.57500076293945,35.59000015258789,6512,0.0,0.0
2024-08-26 15:23:00-04:00,35.59000015258789,35.59000015258789,35.58000183105469,35.584999084472656,4534,0.0,0.0
2024-08-26 15:24:00-04:00,35.59000015258789,35.599998474121094,35.58000183105469,35.599998474121094,16067,0.0,0.0
2024-08-26 15:25:00-04:00,35.595001220703125,35.599998474121094,35.584999084472656,35.595001220703125,19329,0.0,0.0
2024-08-26 15:26:00-04:00,35.595001220703125,35.595001220703125,35.584999084472656,35.595001220703125,9664,0.0,0.0
2024-08-26 15:27:00-04:00,35.595001220703125,35.599998474121094,35.59000015258789,35.595001220703125,8363,0.0,0.0
2024-08-26 15:28:00-04:00,35.59000015258789,35.60499954223633,35.584999084472656,35.584999084472656,12969,0.0,0.0
2024-08-26 15:29:00-04:00,35.584999084472656,35.584999084472656,35.56999969482422,35.56999969482422,13393,0.0,0.0
2024-08-26 15:30:00-04:00,35.56999969482422,35.56999969482422,35.55500030517578,35.560001373291016,13813,0.0,0.0
2024-08-26 15:31:00-04:00,35.55500030517578,35.564998626708984,35.55500030517578,35.564998626708984,10703,0.0,0.0
2024-08-26 15:32:00-04:00,35.560001373291016,35.58000183105469,35.560001373291016,35.57500076293945,6431,0.0,0.0
2024-08-26 15:33:00-04:00,35.57500076293945,35.57500076293945,35.560001373291016,35.564998626708984,6864,0.0,0.0
2024-08-26 15:34:00-04:00,35.564998626708984,35.56999969482422,35.54999923706055,35.55500030517578,9993,0.0,0.0
2024-08-26 15:35:00-04:00,35.54999923706055,35.564998626708984,35.54999923706055,35.564998626708984,30908,0.0,0.0
2024-08-26 15:36:00-04:00,35.564998626708984,35.564998626708984,35.54999923706055,35.54999923706055,14922,0.0,0.0
2024-08-26 15:37:00-04:00,35.55500030517578,35.560001373291016,35.54999923706055,35.55500030517578,4311,0.0,0.0
2024-08-26 15:38:00-04:00,35.55500030517578,35.55500030517578,35.529998779296875,35.53350067138672,23357,0.0,0.0
2024-08-26 15:39:00-04:00,35.53499984741211,35.54999923706055,35.529998779296875,35.54999923706055,13673,0.0,0.0
2024-08-26 15:40:00-04:00,35.54499816894531,35.560001373291016,35.540000915527344,35.54999923706055,25381,0.0,0.0
2024-08-26 15:41:00-04:00,35.55500030517578,35.560001373291016,35.54999923706055,35.55500030517578,19194,0.0,0.0
2024-08-26 15:42:00-04:00,35.54999923706055,35.60499954223633,35.54999923706055,35.599998474121094,30888,0.0,0.0
2024-08-26 15:43:00-04:00,35.595001220703125,35.595001220703125,35.58250045776367,35.58250045776367,19286,0.0,0.0
2024-08-26 15:44:00-04:00,35.584999084472656,35.584999084472656,35.560001373291016,35.564998626708984,26231,0.0,0.0
2024-08-26 15:45:00-04:00,35.564998626708984,35.56999969482422,35.54499816894531,35.54999923706055,24623,0.0,0.0
2024-08-26 15:46:00-04:00,35.54999923706055,35.55500030517578,35.54010009765625,35.54499816894531,14534,0.0,0.0
2024-08-26 15:47:00-04:00,35.54499816894531,35.55500030517578,35.540000915527344,35.54999923706055,27490,0.0,0.0
2024-08-26 15:48:00-04:00,35.54499816894531,35.560001373291016,35.54499816894531,35.560001373291016,12745,0.0,0.0
2024-08-26 15:49:00-04:00,35.55500030517578,35.560001373291016,35.54999923706055,35.55500030517578,14442,0.0,0.0
2024-08-26 15:50:00-04:00,35.55500030517578,35.599998474121094,35.55500030517578,35.57500076293945,67761,0.0,0.0
2024-08-26 15:51:00-04:00,35.57500076293945,35.60499954223633,35.57500076293945,35.57500076293945,46084,0.0,0.0
2024-08-26 15:52:00-04:00,35.58000183105469,35.584999084472656,35.56999969482422,35.57500076293945,18581,0.0,0.0
2024-08-26 15:53:00-04:00,35.57500076293945,35.58000183105469,35.54999923706055,35.564998626708984,41706,0.0,0.0
2024-08-26 15:54:00-04:00,35.564998626708984,35.58000183105469,35.560001373291016,35.57500076293945,56671,0.0,0.0
2024-08-26 15:55:00-04:00,35.57500076293945,35.59000015258789,35.540000915527344,35.54499816894531,109671,0.0,0.0
2024-08-26 15:56:00-04:00,35.54499816894531,35.595001220703125,35.54499816894531,35.584999084472656,79723,0.0,0.0
2024-08-26 15:57:00-04:00,35.595001220703125,35.599998474121094,35.52000045776367,35.525001525878906,114810,0.0,0.0
2024-08-26 15:58:00-04:00,35.529998779296875,35.54999923706055,35.525001525878906,35.54999923706055,97960,0.0,0.0
2024-08-26 15:59:00-04:00,35.54499816894531,35.59000015258789,35.529998779296875,35.58000183105469,262829,0.0,0.0
2024-08-27 09:30:00-04:00,35.5,35.625,35.4900016784668,35.56999969482422,82226,0.0,0.0
2024-08-27 09:31:00-04:00,35.56999969482422,35.56999969482422,35.459999084472656,35.470001220703125,17903,0.0,0.0
2024-08-27 09:32:00-04:00,35.470001220703125,35.529998779296875,35.439998626708984,35.525001525878906,10158,0.0,0.0
2024-08-27 09:33:00-04:00,35.529998779296875,35.529998779296875,35.470001220703125,35.505001068115234,11788,0.0,0.0
2024-08-27 09:34:00-04:00,35.5,35.54999923706055,35.470001220703125,35.48500061035156,9749,0.0,0.0
2024-08-27 09:35:00-04:00,35.47999954223633,35.55500030517578,35.47999954223633,35.54999923706055,5238,0.0,0.0
2024-08-27 09:36:00-04:00,35.529998779296875,35.529998779296875,35.5,35.5,4896,0.0,0.0
2024-08-27 09:37:00-04:00,35.52000045776367,35.58000183105469,35.4900016784668,35.564998626708984,4865,0.0,0.0
2024-08-27 09:38:00-04:00,35.564998626708984,35.59000015258789,35.45000076293945,35.45000076293945,75231,0.0,0.0
2024-08-27 09:39:00-04:00,35.45000076293945,35.470001220703125,35.41999816894531,35.43000030517578,10397,0.0,0.0
2024-08-27 09:40:00-04:00,35.439998626708984,35.45000076293945,35.369998931884766,35.38999938964844,17411,0.0,0.0
2024-08-27 09:41:00-04:00,35.38999938964844,35.40999984741211,35.369998931884766,35.40999984741211,6861,0.0,0.0
2024-08-27 09:42:00-04:00,35.41999816894531,35.43000030517578,35.38999938964844,35.41999816894531,9297,0.0,0.0
2024-08-27 09:43:00-04:00,35.43000030517578,35.439998626708984,35.36000061035156,35.380001068115234,12170,0.0,0.0
2024-08-27 09:44:00-04:00,35.40999984741211,35.45000076293945,35.38999938964844,35.45000076293945,4930,0.0,0.0
2024-08-27 09:45:00-04:00,35.41999816894531,35.41999816894531,35.38999938964844,35.400001525878906,13406,0.0,0.0
2024-08-27 09:46:00-04:00,35.38999938964844,35.404998779296875,35.34000015258789,35.404998779296875,34265,0.0,0.0
2024-08-27 09:47:00-04:00,35.38999938964844,35.41999816894531,35.38999938964844,35.40999984741211,10995,0.0,0.0
2024-08-27 09:48:00-04:00,35.41999816894531,35.439998626708984,35.41999816894531,35.439998626708984,4260,0.0,0.0
2024-08-27 09:49:00-04:00,35.470001220703125,35.470001220703125,35.439998626708984,35.439998626708984,14832,0.0,0.0
2024-08-27 09:50:00-04:00,35.439998626708984,35.459999084472656,35.43000030517578,35.459999084472656,3556,0.0,0.0
2024-08-27 09:51:00-04:00,35.45000076293945,35.4900016784668,35.439998626708984,35.4900016784668,8170,0.0,0.0
2024-08-27 09:52:00-04:00,35.5,35.5099983215332,35.470001220703125,35.5099983215332,14294,0.0,0.0
2024-08-27 09:53:00-04:00,35.52000045776367,35.540000915527344,35.5099983215332,35.540000915527344,6110,0.0,0.0
2024-08-27 09:54:00-04:00,35.53499984741211,35.564998626708984,35.529998779296875,35.54999923706055,14386,0.0,0.0
2024-08-27 09:55:00-04:00,35.54999923706055,35.54999923706055,35.51499938964844,35.51499938964844,7954,0.0,0.0
2024-08-27 09:56:00-04:00,35.52000045776367,35.52000045776367,35.47999954223633,35.48500061035156,6544,0.0,0.0
2024-08-27 09:57:00-04:00,35.4900016784668,35.540000915527344,35.47999954223633,35.540000915527344,10802,0.0,0.0
2024-08-27 09:58:00-04:00,35.54999923706055,35.54999923706055,35.510101318359375,35.53499984741211,13059,0.0,0.0
2024-08-27 09:59:00-04:00,35.540000915527344,35.54999923706055,35.529998779296875,35.529998779296875,7404,0.0,0.0
2024-08-27 10:00:00-04:00,35.529998779296875,35.55500030517578,35.529998779296875,35.55500030517578,12809,0.0,0.0
2024-08-27 10:01:00-04:00,35.55500030517578,35.58000183105469,35.54999923706055,35.57500076293945,15156,0.0,0.0
2024-08-27 10:02:00-04:00,35.58000183105469,35.59000015258789,35.57500076293945,35.57500076293945,4971,0.0,0.0
2024-08-27 10:03:00-04:00,35.54999923706055,35.56999969482422,35.54999923706055,35.54999923706055,12432,0.0,0.0
2024-08-27 10:04:00-04:00,35.54499816894531,35.54499816894531,35.5,35.54499816894531,16085,0.0,0.0
2024-08-27 10:05:00-04:00,35.54999923706055,35.54999923706055,35.529998779296875,35.53499984741211,10757,0.0,0.0
2024-08-27 10:06:00-04:00,35.53499984741211,35.54499816894531,35.525001525878906,35.54499816894531,14209,0.0,0.0
2024-08-27 10:07:00-04:00,35.54499816894531,35.54999923706055,35.529998779296875,35.54499816894531,12293,0.0,0.0
2024-08-27 10:08:00-04:00,35.54999923706055,35.56999969482422,35.54499816894531,35.55500030517578,20815,0.0,0.0
2024-08-27 10:09:00-04:00,35.560001373291016,35.560001373291016,35.529998779296875,35.53499984741211,12407,0.0,0.0
2024-08-27 10:10:00-04:00,35.53499984741211,35.53499984741211,35.52000045776367,35.529998779296875,88526,0.0,0.0
2024-08-27 10:11:00-04:00,35.525001525878906,35.55500030517578,35.525001525878906,35.53499984741211,16587,0.0,0.0
2024-08-27 10:12:00-04:00,35.540000915527344,35.57500076293945,35.540000915527344,35.560001373291016,18857,0.0,0.0
2024-08-27 10:13:00-04:00,35.560001373291016,35.56999969482422,35.5,35.5,82549,0.0,0.0
2024-08-27 10:14:00-04:00,35.5,35.52000045776367,35.494998931884766,35.52000045776367,18878,0.0,0.0
2024-08-27 10:15:00-04:00,35.52000045776367,35.560001373291016,35.52000045776367,35.560001373291016,13283,0.0,0.0
2024-08-27 10:16:00-04:00,35.55889892578125,35.560001373291016,35.540000915527344,35.54499816894531,15791,0.0,0.0
2024-08-27 10:17:00-04:00,35.540000915527344,35.540000915527344,35.5,35.52000045776367,16577,0.0,0.0
2024-08-27 10:18:00-04:00,35.525001525878906,35.53499984741211,35.5099983215332,35.52989959716797,14761,0.0,0.0
2024-08-27 10:19:00-04:00,35.52000045776367,35.525001525878906,35.5,35.505001068115234,15946,0.0,0.0
2024-08-27 10:20:00-04:00,35.5099983215332,35.564998626708984,35.4900016784668,35.564998626708984,22902,0.0,0.0
2024-08-27 10:21:00-04:00,35.560001373291016,35.599998474121094,35.560001373291016,35.59000015258789,10403,0.0,0.0
2024-08-27 10:22:00-04:00,35.59000015258789,35.59000015258789,35.584999084472656,35.59000015258789,10653,0.0,0.0
2024-08-27 10:23:00-04:00,35.59000015258789,35.595001220703125,35.56999969482422,35.59000015258789,13127,0.0,0.0
2024-08-27 10:24:00-04:00,35.599998474121094,35.63999938964844,35.599998474121094,35.6349983215332,16114,0.0,0.0
2024-08-27 10:25:00-04:00,35.63999938964844,35.63999938964844,35.619998931884766,35.6349983215332,9404,0.0,0.0
2024-08-27 10:26:00-04:00,35.63999938964844,35.63999938964844,35.584999084472656,35.584999084472656,17532,0.0,0.0
2024-08-27 10:27:00-04:00,35.58000183105469,35.58000183105469,35.560001373291016,35.560001373291016,16054,0.0,0.0
2024-08-27 10:28:00-04:00,35.560001373291016,35.584999084472656,35.54999923706055,35.56999969482422,11450,0.0,0.0
2024-08-27 10:29:00-04:00,35.56999969482422,35.58000183105469,35.560001373291016,35.57500076293945,6600,0.0,0.0
2024-08-27 10:30:00-04:00,35.58000183105469,35.619998931884766,35.58000183105469,35.61000061035156,11303,0.0,0.0
2024-08-27 10:31:00-04:00,35.60499954223633,35.61000061035156,35.58000183105469,35.595001220703125,8749,0.0,0.0
2024-08-27 10:32:00-04:00,35.595001220703125,35.619998931884766,35.59000015258789,35.619998931884766,10074,0.0,0.0
2024-08-27 10:33:00-04:00,35.619998931884766,35.630001068115234,35.619998931884766,35.619998931884766,12649,0.0,0.0
2024-08-27 10:34:00-04:00,35.619998931884766,35.625,35.599998474121094,35.6150016784668,6875,0.0,0.0
2024-08-27 10:35:00-04:00,35.619998931884766,35.625,35.61000061035156,35.625,7846,0.0,0.0
2024-08-27 10:36:00-04:00,35.63999938964844,35.650001525878906,35.63999938964844,35.64500045776367,8065,0.0,0.0
2024-08-27 10:37:00-04:00,35.650001525878906,35.650001525878906,35.61000061035156,35.6150016784668,12268,0.0,0.0
2024-08-27 10:38:00-04:00,35.619998931884766,35.619998931884766,35.59000015258789,35.61000061035156,18461,0.0,0.0
2024-08-27 10:39:00-04:00,35.61000061035156,35.650001525878906,35.61000061035156,35.650001525878906,8925,0.0,0.0
2024-08-27 10:40:00-04:00,35.650001525878906,35.68000030517578,35.63999938964844,35.63999938964844,17577,0.0,0.0
2024-08-27 10:41:00-04:00,35.650001525878906,35.65999984741211,35.64500045776367,35.64500045776367,7300,0.0,0.0
2024-08-27 10:42:00-04:00,35.63999938964844,35.65999984741211,35.63999938964844,35.650001525878906,4965,0.0,0.0
2024-08-27 10:43:00-04:00,35.650001525878906,35.654998779296875,35.630001068115234,35.650001525878906,9188,0.0,0.0
2024-08-27 10:44:00-04:00,35.654998779296875,35.654998779296875,35.619998931884766,35.630001068115234,8339,0.0,0.0
2024-08-27 10:45:00-04:00,35.630001068115234,35.63999938964844,35.619998931884766,35.625,13276,0.0,0.0
2024-08-27 10:46:00-04:00,35.625,35.625,35.599998474121094,35.599998474121094,5720,0.0,0.0
2024-08-27 10:47:00-04:00,35.60499954223633,35.61000061035156,35.58000183105469,35.60499954223633,12703,0.0,0.0
2024-08-27 10:48:00-04:00,35.60499954223633,35.6150016784668,35.599998474121094,35.599998474121094,12364,0.0,0.0
2024-08-27 10:49:00-04:00,35.595001220703125,35.60499954223633,35.59000015258789,35.599998474121094,5774,0.0,0.0
2024-08-27 10:50:00-04:00,35.59000015258789,35.599998474121094,35.56999969482422,35.58000183105469,14900,0.0,0.0
2024-08-27 10:51:00-04:00,35.59000015258789,35.60499954223633,35.59000015258789,35.599998474121094,4526,0.0,0.0
2024-08-27 10:53:00-04:00,35.57500076293945,35.57500076293945,35.56999969482422,35.57500076293945,22125,0.0,0.0
2024-08-27 10:54:00-04:00,35.57500076293945,35.59000015258789,35.56999969482422,35.584999084472656,10340,0.0,0.0
2024-08-27 10:55:00-04:00,35.59000015258789,35.61000061035156,35.59000015258789,35.599998474121094,9683,0.0,0.0
2024-08-27 10:56:00-04:00,35.599998474121094,35.61000061035156,35.595001220703125,35.595001220703125,11771,0.0,0.0
2024-08-27 10:57:00-04:00,35.595001220703125,35.595001220703125,35.58000183105469,35.584999084472656,12886,0.0,0.0
2024-08-27 10:58:00-04:00,35.58000183105469,35.61000061035156,35.58000183105469,35.61000061035156,10146,0.0,0.0
2024-08-27 10:59:00-04:00,35.61000061035156,35.63999938964844,35.61000061035156,35.63999938964844,9918,0.0,0.0
2024-08-27 11:00:00-04:00,35.63999938964844,35.65999984741211,35.63999938964844,35.65999984741211,6720,0.0,0.0
2024-08-27 11:01:00-04:00,35.665000915527344,35.66999816894531,35.6150016784668,35.619998931884766,14229,0.0,0.0
2024-08-27 11:02:00-04:00,35.61000061035156,35.62379837036133,35.60499954223633,35.62379837036133,11463,0.0,0.0
2024-08-27 11:03:00-04:00,35.619998931884766,35.619998931884766,35.59000015258789,35.59000015258789,7443,0.0,0.0
2024-08-27 11:04:00-04:00,35.584999084472656,35.61000061035156,35.57500076293945,35.600101470947266,7303,0.0,0.0
2024-08-27 11:05:00-04:00,35.61000061035156,35.61000061035156,35.59000015258789,35.595001220703125,9146,0.0,0.0
2024-08-27 11:06:00-04:00,35.59000015258789,35.59000015258789,35.57099914550781,35.5724983215332,5650,0.0,0.0
2024-08-27 11:07:00-04:00,35.57500076293945,35.625,35.57500076293945,35.619998931884766,14066,0.0,0.0
2024-08-27 11:08:00-04:00,35.630001068115234,35.63999938964844,35.619998931884766,35.63999938964844,7090,0.0,0.0
2024-08-27 11:09:00-04:00,35.63999938964844,35.63999938964844,35.595001220703125,35.595001220703125,15616,0.0,0.0
2024-08-27 11:10:00-04:00,35.59000015258789,35.619998931884766,35.584999084472656,35.619998931884766,9503,0.0,0.0
2024-08-27 11:11:00-04:00,35.61000061035156,35.630001068115234,35.599998474121094,35.60499954223633,8587,0.0,0.0
2024-08-27 11:12:00-04:00,35.61000061035156,35.61000061035156,35.59000015258789,35.59000015258789,4434,0.0,0.0
2024-08-27 11:13:00-04:00,35.59000015258789,35.59000015258789,35.58000183105469,35.59000015258789,3080,0.0,0.0
2024-08-27 11:14:00-04:00,35.59000015258789,35.59000015258789,35.54499816894531,35.54499816894531,18715,0.0,0.0
2024-08-27 11:15:00-04:00,35.540000915527344,35.54999923706055,35.540000915527344,35.54499816894531,5228,0.0,0.0
2024-08-27 11:16:00-04:00,35.54499816894531,35.54999923706055,35.540000915527344,35.54499816894531,4315,0.0,0.0
2024-08-27 11:17:00-04:00,35.54499816894531,35.56999969482422,35.540000915527344,35.55500030517578,16532,0.0,0.0
2024-08-27 11:18:00-04:00,35.55500030517578,35.57500076293945,35.540000915527344,35.55500030517578,14991,0.0,0.0
2024-08-27 11:19:00-04:00,35.54999923706055,35.560001373291016,35.54999923706055,35.55500030517578,7634,0.0,0.0
2024-08-27 11:20:00-04:00,35.560001373291016,35.58000183105469,35.560001373291016,35.58000183105469,7738,0.0,0.0
2024-08-27 11:21:00-04:00,35.58000183105469,35.599998474121094,35.564998626708984,35.57500076293945,12291,0.0,0.0
2024-08-27 11:22:00-04:00,35.57500076293945,35.599998474121094,35.57500076293945,35.57500076293945,7336,0.0,0.0
2024-08-27 11:23:00-04:00,35.57500076293945,35.59000015258789,35.564998626708984,35.56999969482422,5591,0.0,0.0
2024-08-27 11:24:00-04:00,35.56999969482422,35.57500076293945,35.560001373291016,35.560001373291016,4427,0.0,0.0
2024-08-27 11:25:00-04:00,35.560001373291016,35.560001373291016,35.540000915527344,35.54499816894531,15186,0.0,0.0
2024-08-27 11:26:00-04:00,35.54499816894531,35.54999923706055,35.540000915527344,35.54499816894531,7736,0.0,0.0
2024-08-27 11:27:00-04:00,35.54499816894531,35.560001373291016,35.54499816894531,35.560001373291016,7466,0.0,0.0
2024-08-27 11:28:00-04:00,35.560001373291016,35.584999084472656,35.55500030517578,35.58000183105469,9829,0.0,0.0
2024-08-27 11:29:00-04:00,35.57500076293945,35.58000183105469,35.560001373291016,35.560001373291016,11733,0.0,0.0
2024-08-27 11:30:00-04:00,35.55500030517578,35.55500030517578,35.540000915527344,35.54999923706055,9824,0.0,0.0
2024-08-27 11:31:00-04:00,35.54499816894531,35.54999923706055,35.540000915527344,35.54499816894531,6835,0.0,0.0
2024-08-27 11:32:00-04:00,35.54499816894531,35.54499816894531,35.52000045776367,35.525001525878906,10133,0.0,0.0
2024-08-27 11:33:00-04:00,35.525001525878906,35.525001525878906,35.48500061035156,35.48500061035156,9776,0.0,0.0
2024-08-27 11:34:00-04:00,35.47999954223633,35.5099983215332,35.47999954223633,35.4900016784668,10413,0.0,0.0
2024-08-27 11:35:00-04:00,35.4900016784668,35.5,35.48500061035156,35.5,4659,0.0,0.0
2024-08-27 11:36:00-04:00,35.494998931884766,35.5,35.4900016784668,35.4900016784668,6778,0.0,0.0
2024-08-27 11:37:00-04:00,35.5,35.5,35.47999954223633,35.48500061035156,11253,0.0,0.0
2024-08-27 11:38:00-04:00,35.48400115966797,35.4900016784668,35.470001220703125,35.474998474121094,17612,0.0,0.0
2024-08-27 11:39:00-04:00,35.474998474121094,35.474998474121094,35.45000076293945,35.45500183105469,23314,0.0,0.0
2024-08-27 11:40:00-04:00,35.46500015258789,35.46500015258789,35.43000030517578,35.439998626708984,10770,0.0,0.0
2024-08-27 11:41:00-04:00,35.43000030517578,35.45000076293945,35.43000030517578,35.44499969482422,8388,0.0,0.0
2024-08-27 11:42:00-04:00,35.44499969482422,35.459999084472656,35.439998626708984,35.45500183105469,17459,0.0,0.0
2024-08-27 11:43:00-04:00,35.45500183105469,35.45500183105469,35.439998626708984,35.45500183105469,9297,0.0,0.0
2024-08-27 11:44:00-04:00,35.459999084472656,35.459999084472656,35.439998626708984,35.439998626708984,16486,0.0,0.0
2024-08-27 11:45:00-04:00,35.435001373291016,35.435001373291016,35.41999816894531,35.42499923706055,6241,0.0,0.0
2024-08-27 11:46:00-04:00,35.41999816894531,35.439998626708984,35.41999816894531,35.435001373291016,14642,0.0,0.0
2024-08-27 11:47:00-04:00,35.435001373291016,35.459999084472656,35.435001373291016,35.45500183105469,13728,0.0,0.0
2024-08-27 11:48:00-04:00,35.45500183105469,35.529998779296875,35.45500183105469,35.525001525878906,25125,0.0,0.0
2024-08-27 11:49:00-04:00,35.525001525878906,35.53499984741211,35.525001525878906,35.529998779296875,4428,0.0,0.0
2024-08-27 11:50:00-04:00,35.529998779296875,35.540000915527344,35.51499938964844,35.52000045776367,13007,0.0,0.0
2024-08-27 11:51:00-04:00,35.5099983215332,35.525001525878906,35.5099983215332,35.52000045776367,2955,0.0,0.0
2024-08-27 11:52:00-04:00,35.529998779296875,35.529998779296875,35.494998931884766,35.494998931884766,11763,0.0,0.0
2024-08-27 11:53:00-04:00,35.494998931884766,35.5,35.4900016784668,35.497501373291016,8509,0.0,0.0
2024-08-27 11:54:00-04:00,35.4900016784668,35.529998779296875,35.4900016784668,35.529998779296875,11616,0.0,0.0
2024-08-27 11:55:00-04:00,35.529998779296875,35.529998779296875,35.51499938964844,35.525001525878906,8528,0.0,0.0
2024-08-27 11:56:00-04:00,35.525001525878906,35.529998779296875,35.52000045776367,35.525001525878906,4542,0.0,0.0
2024-08-27 11:57:00-04:00,35.525001525878906,35.52750015258789,35.52000045776367,35.52000045776367,2665,0.0,0.0
2024-08-27 11:58:00-04:00,35.529998779296875,35.529998779296875,35.52000045776367,35.525001525878906,2586,0.0,0.0
2024-08-27 11:59:00-04:00,35.525001525878906,35.54499816894531,35.525001525878906,35.53499984741211,21128,0.0,0.0
2024-08-27 12:00:00-04:00,35.529998779296875,35.53499984741211,35.51499938964844,35.52000045776367,7953,0.0,0.0
2024-08-27 12:01:00-04:00,35.525001525878906,35.54499816894531,35.52000045776367,35.54499816894531,9004,0.0,0.0
2024-08-27 12:02:00-04:00,35.54499816894531,35.57500076293945,35.540000915527344,35.57500076293945,19605,0.0,0.0
2024-08-27 12:03:00-04:00,35.57500076293945,35.584999084472656,35.55500030517578,35.56999969482422,19958,0.0,0.0
2024-08-27 12:04:00-04:00,35.57500076293945,35.584999084472656,35.564998626708984,35.564998626708984,10638,0.0,0.0
2024-08-27 12:05:00-04:00,35.560001373291016,35.560001373291016,35.54499816894531,35.54999923706055,6295,0.0,0.0
2024-08-27 12:06:00-04:00,35.54499816894531,35.54999923706055,35.529998779296875,35.53499984741211,6257,0.0,0.0
2024-08-27 12:07:00-04:00,35.53499984741211,35.55500030517578,35.529998779296875,35.55500030517578,6012,0.0,0.0
2024-08-27 12:08:00-04:00,35.560001373291016,35.560001373291016,35.529998779296875,35.53499984741211,6581,0.0,0.0
2024-08-27 12:09:00-04:00,35.540000915527344,35.57500076293945,35.540000915527344,35.57500076293945,9766,0.0,0.0
2024-08-27 12:10:00-04:00,35.59000015258789,35.599998474121094,35.57500076293945,35.58000183105469,15052,0.0,0.0
2024-08-27 12:11:00-04:00,35.58000183105469,35.584999084472656,35.564998626708984,35.56999969482422,7615,0.0,0.0
2024-08-27 12:12:00-04:00,35.56999969482422,35.58000183105469,35.564998626708984,35.58000183105469,6993,0.0,0.0
2024-08-27 12:13:00-04:00,35.57500076293945,35.599998474121094,35.57500076293945,35.599998474121094,5996,0.0,0.0
2024-08-27 12:14:00-04:00,35.59000015258789,35.59510040283203,35.584999084472656,35.595001220703125,6466,0.0,0.0
2024-08-27 12:15:00-04:00,35.59000015258789,35.599998474121094,35.59000015258789,35.59000015258789,6355,0.0,0.0
2024-08-27 12:16:00-04:00,35.595001220703125,35.595001220703125,35.584999084472656,35.584999084472656,4928,0.0,0.0
2024-08-27 12:17:00-04:00,35.584999084472656,35.59000015258789,35.560001373291016,35.560001373291016,11177,0.0,0.0
2024-08-27 12:18:00-04:00,35.564998626708984,35.56999969482422,35.560001373291016,35.56999969482422,2475,0.0,0.0
2024-08-27 12:19:00-04:00,35.564998626708984,35.56999969482422,35.560001373291016,35.56999969482422,2450,0.0,0.0
2024-08-27 12:20:00-04:00,35.564998626708984,35.56999969482422,35.540000915527344,35.540000915527344,19682,0.0,0.0
2024-08-27 12:21:00-04:00,35.540000915527344,35.540000915527344,35.494998931884766,35.494998931884766,8356,0.0,0.0
2024-08-27 12:22:00-04:00,35.5,35.51499938964844,35.5,35.505001068115234,6313,0.0,0.0
2024-08-27 12:23:00-04:00,35.5099983215332,35.5099983215332,35.5,35.5099983215332,6892,0.0,0.0
2024-08-27 12:24:00-04:00,35.52000045776367,35.540000915527344,35.52000045776367,35.540000915527344,8303,0.0,0.0
2024-08-27 12:25:00-04:00,35.540000915527344,35.54999923706055,35.53499984741211,35.54499816894531,2132,0.0,0.0
2024-08-27 12:26:00-04:00,35.54499816894531,35.560001373291016,35.54499816894531,35.560001373291016,4898,0.0,0.0
2024-08-27 12:27:00-04:00,35.55500030517578,35.560001373291016,35.532501220703125,35.540000915527344,7920,0.0,0.0
2024-08-27 12:28:00-04:00,35.53450012207031,35.540000915527344,35.52009963989258,35.529998779296875,5346,0.0,0.0
2024-08-27 12:29:00-04:00,35.525001525878906,35.529998779296875,35.52000045776367,35.52000045776367,5299,0.0,0.0
2024-08-27 12:30:00-04:00,35.52000045776367,35.529998779296875,35.52000045776367,35.525001525878906,2982,0.0,0.0
2024-08-27 12:31:00-04:00,35.52000045776367,35.525001525878906,35.5,35.505001068115234,9667,0.0,0.0
2024-08-27 12:32:00-04:00,35.5,35.540000915527344,35.5,35.53499984741211,9611,0.0,0.0
2024-08-27 12:33:00-04:00,35.540000915527344,35.54499816894531,35.53499984741211,35.540000915527344,32798,0.0,0.0
2024-08-27 12:34:00-04:00,35.53900146484375,35.53900146484375,35.529998779296875,35.53499984741211,2744,0.0,0.0
2024-08-27 12:35:00-04:00,35.53499984741211,35.53499984741211,35.5099983215332,35.51499938964844,6740,0.0,0.0
2024-08-27 12:36:00-04:00,35.52000045776367,35.52000045776367,35.5099983215332,35.52000045776367,6580,0.0,0.0
2024-08-27 12:37:00-04:00,35.51499938964844,35.51499938964844,35.5,35.505001068115234,4772,0.0,0.0
2024-08-27 12:38:00-04:00,35.5,35.5099983215332,35.5,35.505001068115234,8976,0.0,0.0
2024-08-27 12:39:00-04:00,35.505001068115234,35.5099983215332,35.4900016784668,35.5099983215332,22980,0.0,0.0
2024-08-27 12:40:00-04:00,35.51499938964844,35.529998779296875,35.4900016784668,35.529998779296875,8181,0.0,0.0
2024-08-27 12:41:00-04:00,35.525001525878906,35.525001525878906,35.505001068115234,35.505001068115234,4932,0.0,0.0
2024-08-27 12:42:00-04:00,35.5,35.505001068115234,35.48500061035156,35.5,6583,0.0,0.0
2024-08-27 12:43:00-04:00,35.5099983215332,35.52000045776367,35.505001068115234,35.52000045776367,10076,0.0,0.0
2024-08-27 12:44:00-04:00,35.525001525878906,35.53499984741211,35.520198822021484,35.525001525878906,5573,0.0,0.0
2024-08-27 12:45:00-04:00,35.525001525878906,35.54499816894531,35.525001525878906,35.54499816894531,5821,0.0,0.0
2024-08-27 12:46:00-04:00,35.54999923706055,35.560001373291016,35.54999923706055,35.55500030517578,3438,0.0,0.0
2024-08-27 12:47:00-04:00,35.560001373291016,35.56999969482422,35.55500030517578,35.560001373291016,7486,0.0,0.0
2024-08-27 12:48:00-04:00,35.56999969482422,35.59000015258789,35.564998626708984,35.58000183105469,19980,0.0,0.0
2024-08-27 12:49:00-04:00,35.58000183105469,35.584999084472656,35.57500076293945,35.58000183105469,3557,0.0,0.0
2024-08-27 12:50:00-04:00,35.584999084472656,35.595001220703125,35.584999084472656,35.584999084472656,7038,0.0,0.0
2024-08-27 12:51:00-04:00,35.59000015258789,35.59000015258789,35.56999969482422,35.58000183105469,9472,0.0,0.0
2024-08-27 12:52:00-04:00,35.56999969482422,35.57500076293945,35.560001373291016,35.560001373291016,4222,0.0,0.0
2024-08-27 12:53:00-04:00,35.560001373291016,35.57500076293945,35.55500030517578,35.560001373291016,11643,0.0,0.0
2024-08-27 12:54:00-04:00,35.56999969482422,35.56999969482422,35.560001373291016,35.560001373291016,4072,0.0,0.0
2024-08-27 12:55:00-04:00,35.56999969482422,35.56999969482422,35.55500030517578,35.55500030517578,8320,0.0,0.0
2024-08-27 12:56:00-04:00,35.54999923706055,35.55500030517578,35.540000915527344,35.55500030517578,4686,0.0,0.0
2024-08-27 12:57:00-04:00,35.560001373291016,35.560001373291016,35.54499816894531,35.560001373291016,6325,0.0,0.0
2024-08-27 12:58:00-04:00,35.564998626708984,35.584999084472656,35.564998626708984,35.58000183105469,5180,0.0,0.0
2024-08-27 12:59:00-04:00,35.58000183105469,35.59000015258789,35.560001373291016,35.59000015258789,25953,0.0,0.0
2024-08-27 13:00:00-04:00,35.584999084472656,35.59000015258789,35.584999084472656,35.584999084472656,2026,0.0,0.0
2024-08-27 13:01:00-04:00,35.59000015258789,35.61000061035156,35.59000015258789,35.61000061035156,3258,0.0,0.0
2024-08-27 13:02:00-04:00,35.61000061035156,35.625,35.584999084472656,35.584999084472656,18392,0.0,0.0
2024-08-27 13:03:00-04:00,35.584999084472656,35.599998474121094,35.58000183105469,35.595001220703125,14793,0.0,0.0
2024-08-27 13:04:00-04:00,35.595298767089844,35.595298767089844,35.59000015258789,35.595001220703125,2974,0.0,0.0
2024-08-27 13:05:00-04:00,35.59000015258789,35.59000015258789,35.57500076293945,35.584999084472656,8404,0.0,0.0
2024-08-27 13:06:00-04:00,35.584999084472656,35.595001220703125,35.584999084472656,35.584999084472656,6061,0.0,0.0
2024-08-27 13:07:00-04:00,35.584999084472656,35.595001220703125,35.584999084472656,35.595001220703125,3501,0.0,0.0
2024-08-27 13:08:00-04:00,35.595001220703125,35.599998474121094,35.595001220703125,35.599998474121094,2567,0.0,0.0
2024-08-27 13:09:00-04:00,35.595001220703125,35.599998474121094,35.584999084472656,35.584999084472656,7431,0.0,0.0
2024-08-27 13:10:00-04:00,35.58000183105469,35.595001220703125,35.58000183105469,35.595001220703125,8607,0.0,0.0
2024-08-27 13:11:00-04:00,35.595001220703125,35.599998474121094,35.56999969482422,35.56999969482422,11886,0.0,0.0
2024-08-27 13:12:00-04:00,35.56999969482422,35.58000183105469,35.55500030517578,35.57500076293945,9861,0.0,0.0
2024-08-27 13:13:00-04:00,35.58000183105469,35.58000183105469,35.564998626708984,35.57500076293945,10160,0.0,0.0
2024-08-27 13:14:00-04:00,35.58000183105469,35.599998474121094,35.58000183105469,35.595001220703125,4499,0.0,0.0
2024-08-27 13:15:00-04:00,35.59000015258789,35.59000015258789,35.560001373291016,35.564998626708984,9787,0.0,0.0
2024-08-27 13:16:00-04:00,35.564998626708984,35.564998626708984,35.55500030517578,35.55500030517578,3732,0.0,0.0
2024-08-27 13:17:00-04:00,35.560001373291016,35.57500076293945,35.55500030517578,35.57500076293945,4840,0.0,0.0
2024-08-27 13:18:00-04:00,35.57500076293945,35.57500076293945,35.56999969482422,35.57500076293945,17811,0.0,0.0
2024-08-27 13:19:00-04:00,35.56999969482422,35.57500076293945,35.564998626708984,35.564998626708984,17375,0.0,0.0
2024-08-27 13:20:00-04:00,35.564998626708984,35.57500076293945,35.564998626708984,35.56999969482422,7678,0.0,0.0
2024-08-27 13:21:00-04:00,35.56999969482422,35.58000183105469,35.56999969482422,35.58000183105469,5652,0.0,0.0
2024-08-27 13:22:00-04:00,35.58000183105469,35.59000015258789,35.57500076293945,35.57500076293945,3245,0.0,0.0
2024-08-27 13:23:00-04:00,35.57500076293945,35.58000183105469,35.56999969482422,35.57500076293945,9347,0.0,0.0
2024-08-27 13:24:00-04:00,35.58000183105469,35.584999084472656,35.57500076293945,35.58000183105469,5621,0.0,0.0
2024-08-27 13:25:00-04:00,35.58000183105469,35.584999084472656,35.57500076293945,35.584999084472656,5173,0.0,0.0
2024-08-27 13:26:00-04:00,35.59000015258789,35.60499954223633,35.59000015258789,35.60499954223633,9405,0.0,0.0
2024-08-27 13:27:00-04:00,35.60499954223633,35.61000061035156,35.60499954223633,35.60499954223633,4678,0.0,0.0
2024-08-27 13:28:00-04:00,35.60499954223633,35.61000061035156,35.60499954223633,35.60499954223633,10965,0.0,0.0
2024-08-27 13:29:00-04:00,35.60499954223633,35.60499954223633,35.59000015258789,35.595001220703125,4581,0.0,0.0
2024-08-27 13:30:00-04:00,35.595001220703125,35.60499954223633,35.59000015258789,35.59000015258789,5492,0.0,0.0
2024-08-27 13:31:00-04:00,35.595001220703125,35.599998474121094,35.564998626708984,35.57500076293945,10605,0.0,0.0
2024-08-27 13:32:00-04:00,35.57500076293945,35.57500076293945,35.560001373291016,35.564998626708984,4756,0.0,0.0
2024-08-27 13:33:00-04:00,35.564998626708984,35.57500076293945,35.560001373291016,35.56999969482422,5792,0.0,0.0
2024-08-27 13:34:00-04:00,35.56999969482422,35.57500076293945,35.55500030517578,35.56999969482422,8024,0.0,0.0
2024-08-27 13:35:00-04:00,35.564998626708984,35.58000183105469,35.564998626708984,35.57749938964844,4732,0.0,0.0
2024-08-27 13:36:00-04:00,35.56999969482422,35.56999969482422,35.55500030517578,35.560001373291016,10728,0.0,0.0
2024-08-27 13:37:00-04:00,35.55500030517578,35.56999969482422,35.54999923706055,35.55500030517578,10467,0.0,0.0
2024-08-27 13:38:00-04:00,35.55500030517578,35.55500030517578,35.53499984741211,35.54999923706055,7970,0.0,0.0
2024-08-27 13:39:00-04:00,35.54999923706055,35.57500076293945,35.54999923706055,35.57500076293945,6633,0.0,0.0
2024-08-27 13:40:00-04:00,35.56999969482422,35.56999969482422,35.54499816894531,35.54499816894531,5435,0.0,0.0
2024-08-27 13:41:00-04:00,35.54499816894531,35.55500030517578,35.53499984741211,35.540000915527344,9737,0.0,0.0
2024-08-27 13:42:00-04:00,35.54499816894531,35.57500076293945,35.540000915527344,35.56999969482422,9686,0.0,0.0
2024-08-27 13:43:00-04:00,35.56999969482422,35.58000183105469,35.54999923706055,35.55500030517578,8146,0.0,0.0
2024-08-27 13:44:00-04:00,35.55500030517578,35.55500030517578,35.540000915527344,35.54499816894531,5830,0.0,0.0
2024-08-27 13:45:00-04:00,35.540000915527344,35.54999923706055,35.53499984741211,35.54499816894531,7640,0.0,0.0
2024-08-27 13:46:00-04:00,35.540000915527344,35.54499816894531,35.525001525878906,35.525001525878906,4707,0.0,0.0
2024-08-27 13:47:00-04:00,35.522499084472656,35.540000915527344,35.51499938964844,35.53499984741211,9785,0.0,0.0
2024-08-27 13:48:00-04:00,35.53499984741211,35.54999923706055,35.53499984741211,35.54499816894531,6554,0.0,0.0
2024-08-27 13:49:00-04:00,35.54999923706055,35.55500030517578,35.54999923706055,35.55500030517578,3224,0.0,0.0
2024-08-27 13:50:00-04:00,35.54999923706055,35.55500030517578,35.53379821777344,35.540000915527344,5670,0.0,0.0
2024-08-27 13:51:00-04:00,35.53499984741211,35.53499984741211,35.52000045776367,35.525001525878906,5913,0.0,0.0
2024-08-27 13:52:00-04:00,35.529998779296875,35.540000915527344,35.525001525878906,35.53499984741211,5957,0.0,0.0
2024-08-27 13:53:00-04:00,35.529998779296875,35.540000915527344,35.529998779296875,35.53499984741211,2653,0.0,0.0
2024-08-27 13:54:00-04:00,35.53499984741211,35.53499984741211,35.52000045776367,35.525001525878906,7487,0.0,0.0
2024-08-27 13:55:00-04:00,35.525001525878906,35.525001525878906,35.5099983215332,35.5099983215332,5399,0.0,0.0
2024-08-27 13:56:00-04:00,35.51499938964844,35.51499938964844,35.5099983215332,35.51499938964844,1364,0.0,0.0
2024-08-27 13:57:00-04:00,35.51499938964844,35.56999969482422,35.51499938964844,35.560001373291016,20704,0.0,0.0
2024-08-27 13:58:00-04:00,35.560001373291016,35.560001373291016,35.55500030517578,35.560001373291016,11784,0.0,0.0
2024-08-27 13:59:00-04:00,35.56999969482422,35.56999969482422,35.54999923706055,35.560001373291016,10611,0.0,0.0
2024-08-27 14:00:00-04:00,35.560001373291016,35.56999969482422,35.55500030517578,35.56949996948242,6020,0.0,0.0
2024-08-27 14:01:00-04:00,35.56999969482422,35.56999969482422,35.55500030517578,35.55500030517578,5333,0.0,0.0
2024-08-27 14:02:00-04:00,35.560001373291016,35.560001373291016,35.54999923706055,35.55500030517578,6213,0.0,0.0
2024-08-27 14:03:00-04:00,35.55500030517578,35.56999969482422,35.54999923706055,35.564998626708984,5422,0.0,0.0
2024-08-27 14:04:00-04:00,35.564998626708984,35.564998626708984,35.55500030517578,35.55500030517578,4841,0.0,0.0
2024-08-27 14:05:00-04:00,35.560001373291016,35.58000183105469,35.560001373291016,35.58000183105469,11786,0.0,0.0
2024-08-27 14:06:00-04:00,35.57500076293945,35.58000183105469,35.56999969482422,35.56999969482422,5932,0.0,0.0
2024-08-27 14:07:00-04:00,35.560001373291016,35.57500076293945,35.560001373291016,35.57500076293945,5726,0.0,0.0
2024-08-27 14:08:00-04:00,35.57500076293945,35.58000183105469,35.57500076293945,35.57500076293945,5470,0.0,0.0
2024-08-27 14:09:00-04:00,35.57500076293945,35.58000183105469,35.564998626708984,35.57500076293945,12629,0.0,0.0
2024-08-27 14:10:00-04:00,35.57500076293945,35.57500076293945,35.55500030517578,35.56999969482422,7376,0.0,0.0
2024-08-27 14:11:00-04:00,35.564998626708984,35.564998626708984,35.55500030517578,35.564998626708984,4801,0.0,0.0
2024-08-27 14:12:00-04:00,35.560001373291016,35.564998626708984,35.55500030517578,35.560001373291016,3773,0.0,0.0
2024-08-27 14:13:00-04:00,35.560001373291016,35.564998626708984,35.54999923706055,35.564998626708984,4413,0.0,0.0
2024-08-27 14:14:00-04:00,35.564998626708984,35.564998626708984,35.560001373291016,35.560001373291016,3311,0.0,0.0
2024-08-27 14:15:00-04:00,35.564998626708984,35.58000183105469,35.560001373291016,35.560001373291016,13987,0.0,0.0
2024-08-27 14:16:00-04:00,35.564998626708984,35.564998626708984,35.55500030517578,35.560001373291016,3985,0.0,0.0
2024-08-27 14:17:00-04:00,35.55500030517578,35.560001373291016,35.54999923706055,35.55500030517578,7392,0.0,0.0
2024-08-27 14:18:00-04:00,35.55500030517578,35.56999969482422,35.54999923706055,35.564998626708984,22100,0.0,0.0
2024-08-27 14:19:00-04:00,35.564998626708984,35.564998626708984,35.55500030517578,35.564998626708984,10774,0.0,0.0
2024-08-27 14:20:00-04:00,35.564998626708984,35.564998626708984,35.54999923706055,35.55500030517578,6888,0.0,0.0
2024-08-27 14:21:00-04:00,35.55500030517578,35.56999969482422,35.55500030517578,35.564998626708984,4143,0.0,0.0
2024-08-27 14:22:00-04:00,35.564998626708984,35.564998626708984,35.560001373291016,35.560001373291016,3075,0.0,0.0
2024-08-27 14:23:00-04:00,35.564998626708984,35.564998626708984,35.54999923706055,35.55500030517578,7597,0.0,0.0
2024-08-27 14:24:00-04:00,35.54999923706055,35.564998626708984,35.54499816894531,35.54999923706055,17410,0.0,0.0
2024-08-27 14:25:00-04:00,35.55500030517578,35.560001373291016,35.54999923706055,35.55500030517578,2356,0.0,0.0
2024-08-27 14:26:00-04:00,35.560001373291016,35.58000183105469,35.55500030517578,35.58000183105469,13510,0.0,0.0
2024-08-27 14:27:00-04:00,35.57500076293945,35.58000183105469,35.56999969482422,35.58000183105469,8306,0.0,0.0
2024-08-27 14:28:00-04:00,35.57500076293945,35.58000183105469,35.5703010559082,35.57500076293945,4059,0.0,0.0
2024-08-27 14:29:00-04:00,35.5797004699707,35.584999084472656,35.57500076293945,35.57500076293945,10223,0.0,0.0
2024-08-27 14:30:00-04:00,35.56999969482422,35.57500076293945,35.560001373291016,35.57500076293945,10970,0.0,0.0
2024-08-27 14:31:00-04:00,35.57500076293945,35.58000183105469,35.57500076293945,35.57500076293945,8572,0.0,0.0
2024-08-27 14:32:00-04:00,35.57500076293945,35.58000183105469,35.54999923706055,35.54999923706055,16562,0.0,0.0
2024-08-27 14:33:00-04:00,35.55500030517578,35.564998626708984,35.55500030517578,35.55500030517578,6089,0.0,0.0
2024-08-27 14:34:00-04:00,35.560001373291016,35.564998626708984,35.55500030517578,35.560001373291016,4753,0.0,0.0
2024-08-27 14:35:00-04:00,35.564998626708984,35.595001220703125,35.564998626708984,35.59000015258789,20332,0.0,0.0
2024-08-27 14:36:00-04:00,35.595001220703125,35.60499954223633,35.59000015258789,35.595001220703125,12877,0.0,0.0
2024-08-27 14:37:00-04:00,35.59000015258789,35.595001220703125,35.584999084472656,35.595001220703125,4543,0.0,0.0
2024-08-27 14:38:00-04:00,35.59000015258789,35.599998474121094,35.59000015258789,35.595001220703125,5192,0.0,0.0
2024-08-27 14:39:00-04:00,35.59149932861328,35.60499954223633,35.59000015258789,35.59000015258789,13434,0.0,0.0
2024-08-27 14:40:00-04:00,35.595001220703125,35.599998474121094,35.59000015258789,35.595001220703125,4598,0.0,0.0
2024-08-27 14:41:00-04:00,35.595001220703125,35.599998474121094,35.584999084472656,35.595001220703125,14147,0.0,0.0
2024-08-27 14:42:00-04:00,35.595001220703125,35.599998474121094,35.59090042114258,35.599998474121094,8016,0.0,0.0
2024-08-27 14:43:00-04:00,35.595001220703125,35.599998474121094,35.58000183105469,35.584999084472656,24866,0.0,0.0
2024-08-27 14:44:00-04:00,35.58250045776367,35.6150016784668,35.58219909667969,35.6150016784668,10827,0.0,0.0
2024-08-27 14:45:00-04:00,35.6150016784668,35.6150016784668,35.59000015258789,35.59000015258789,14951,0.0,0.0
2024-08-27 14:46:00-04:00,35.59000015258789,35.599998474121094,35.59000015258789,35.595001220703125,6673,0.0,0.0
2024-08-27 14:47:00-04:00,35.59000015258789,35.61000061035156,35.59000015258789,35.61000061035156,8852,0.0,0.0
2024-08-27 14:48:00-04:00,35.61000061035156,35.61000061035156,35.59000015258789,35.59000015258789,11502,0.0,0.0
2024-08-27 14:49:00-04:00,35.595001220703125,35.599998474121094,35.59000015258789,35.59000015258789,5258,0.0,0.0
2024-08-27 14:50:00-04:00,35.595001220703125,35.595001220703125,35.58000183105469,35.584999084472656,22662,0.0,0.0
2024-08-27 14:51:00-04:00,35.58000183105469,35.599998474121094,35.58000183105469,35.595001220703125,9675,0.0,0.0
2024-08-27 14:52:00-04:00,35.599998474121094,35.61000061035156,35.599998474121094,35.60499954223633,5182,0.0,0.0
2024-08-27 14:53:00-04:00,35.599998474121094,35.60499954223633,35.584999084472656,35.584999084472656,10711,0.0,0.0
2024-08-27 14:54:00-04:00,35.584999084472656,35.599998474121094,35.58000183105469,35.599998474121094,10164,0.0,0.0
2024-08-27 14:55:00-04:00,35.595001220703125,35.599998474121094,35.595001220703125,35.595001220703125,3641,0.0,0.0
2024-08-27 14:56:00-04:00,35.599998474121094,35.599998474121094,35.57500076293945,35.57500076293945,16260,0.0,0.0
2024-08-27 14:57:00-04:00,35.57500076293945,35.60499954223633,35.56999969482422,35.60499954223633,12147,0.0,0.0
2024-08-27 14:58:00-04:00,35.599998474121094,35.599998474121094,35.58000183105469,35.58000183105469,13342,0.0,0.0
2024-08-27 14:59:00-04:00,35.57500076293945,35.57870101928711,35.56999969482422,35.57500076293945,4882,0.0,0.0
2024-08-27 15:00:00-04:00,35.57500076293945,35.58000183105469,35.564998626708984,35.564998626708984,15799,0.0,0.0
2024-08-27 15:01:00-04:00,35.564998626708984,35.56999969482422,35.560001373291016,35.56999969482422,17043,0.0,0.0
2024-08-27 15:02:00-04:00,35.564998626708984,35.57500076293945,35.54999923706055,35.564998626708984,34457,0.0,0.0
2024-08-27 15:03:00-04:00,35.56999969482422,35.58000183105469,35.560001373291016,35.564998626708984,10350,0.0,0.0
2024-08-27 15:04:00-04:00,35.56999969482422,35.56999969482422,35.54389953613281,35.54389953613281,7616,0.0,0.0
2024-08-27 15:05:00-04:00,35.54499816894531,35.560001373291016,35.540000915527344,35.560001373291016,7921,0.0,0.0
2024-08-27 15:06:00-04:00,35.55500030517578,35.55500030517578,35.53499984741211,35.53499984741211,12315,0.0,0.0
2024-08-27 15:07:00-04:00,35.53499984741211,35.560001373291016,35.53499984741211,35.54999923706055,18571,0.0,0.0
2024-08-27 15:08:00-04:00,35.55500030517578,35.57500076293945,35.55500030517578,35.56999969482422,12803,0.0,0.0
2024-08-27 15:09:00-04:00,35.564998626708984,35.56999969482422,35.564998626708984,35.56999969482422,3725,0.0,0.0
2024-08-27 15:10:00-04:00,35.564998626708984,35.56999969482422,35.560001373291016,35.564998626708984,4546,0.0,0.0
2024-08-27 15:11:00-04:00,35.564998626708984,35.56999969482422,35.55500030517578,35.56999969482422,15384,0.0,0.0
2024-08-27 15:12:00-04:00,35.56999969482422,35.56999969482422,35.54999923706055,35.55500030517578,12310,0.0,0.0
2024-08-27 15:13:00-04:00,35.54999923706055,35.560001373291016,35.54999923706055,35.55500030517578,14072,0.0,0.0
2024-08-27 15:14:00-04:00,35.54999923706055,35.56999969482422,35.54999923706055,35.564998626708984,12772,0.0,0.0
2024-08-27 15:15:00-04:00,35.56999969482422,35.58000183105469,35.56119918823242,35.58000183105469,12636,0.0,0.0
2024-08-27 15:16:00-04:00,35.57500076293945,35.58000183105469,35.56999969482422,35.57500076293945,6600,0.0,0.0
2024-08-27 15:17:00-04:00,35.57500076293945,35.599998474121094,35.56999969482422,35.599998474121094,42738,0.0,0.0
2024-08-27 15:18:00-04:00,35.60499954223633,35.619998931884766,35.599998474121094,35.60499954223633,14465,0.0,0.0
2024-08-27 15:19:00-04:00,35.60499954223633,35.61000061035156,35.59000015258789,35.595001220703125,13951,0.0,0.0
2024-08-27 15:20:00-04:00,35.59000015258789,35.595001220703125,35.59000015258789,35.5900993347168,16919,0.0,0.0
2024-08-27 15:21:00-04:00,35.595001220703125,35.60499954223633,35.59000015258789,35.60499954223633,14418,0.0,0.0
2024-08-27 15:22:00-04:00,35.599998474121094,35.6150016784668,35.595001220703125,35.6150016784668,14791,0.0,0.0
2024-08-27 15:23:00-04:00,35.619998931884766,35.619998931884766,35.61000061035156,35.61000061035156,9106,0.0,0.0
2024-08-27 15:24:00-04:00,35.6150016784668,35.619998931884766,35.60499954223633,35.60499954223633,7846,0.0,0.0
2024-08-27 15:25:00-04:00,35.60499954223633,35.60499954223633,35.595001220703125,35.599998474121094,9700,0.0,0.0
2024-08-27 15:26:00-04:00,35.595001220703125,35.599998474121094,35.59000015258789,35.595001220703125,8520,0.0,0.0
2024-08-27 15:27:00-04:00,35.599998474121094,35.625,35.595001220703125,35.6150016784668,22723,0.0,0.0
2024-08-27 15:28:00-04:00,35.61539840698242,35.625,35.59000015258789,35.59000015258789,21232,0.0,0.0
2024-08-27 15:29:00-04:00,35.59000015258789,35.61000061035156,35.59000015258789,35.60499954223633,12952,0.0,0.0
2024-08-27 15:30:00-04:00,35.60499954223633,35.60499954223633,35.59000015258789,35.599998474121094,17585,0.0,0.0
2024-08-27 15:31:00-04:00,35.595001220703125,35.599998474121094,35.59000015258789,35.595001220703125,14059,0.0,0.0
2024-08-27 15:32:00-04:00,35.59000015258789,35.599998474121094,35.59000015258789,35.595001220703125,9898,0.0,0.0
2024-08-27 15:33:00-04:00,35.595001220703125,35.6150016784668,35.59000015258789,35.60499954223633,16585,0.0,0.0
2024-08-27 15:34:00-04:00,35.61000061035156,35.630001068115234,35.60499954223633,35.625,20825,0.0,0.0
2024-08-27 15:35:00-04:00,35.625,35.6349983215332,35.61000061035156,35.625,31525,0.0,0.0
2024-08-27 15:36:00-04:00,35.625,35.630001068115234,35.619998931884766,35.625,5176,0.0,0.0
2024-08-27 15:37:00-04:00,35.625,35.65999984741211,35.625,35.64500045776367,23514,0.0,0.0
2024-08-27 15:38:00-04:00,35.64500045776367,35.64500045776367,35.6349983215332,35.6349983215332,11335,0.0,0.0
2024-08-27 15:39:00-04:00,35.6349983215332,35.650001525878906,35.6349983215332,35.650001525878906,13812,0.0,0.0
2024-08-27 15:40:00-04:00,35.64500045776367,35.66999816894531,35.64500045776367,35.654998779296875,18395,0.0,0.0
2024-08-27 15:41:00-04:00,35.654998779296875,35.65999984741211,35.630001068115234,35.630001068115234,18339,0.0,0.0
2024-08-27 15:42:00-04:00,35.6349983215332,35.650001525878906,35.6349983215332,35.650001525878906,19148,0.0,0.0
2024-08-27 15:43:00-04:00,35.64500045776367,35.65999984741211,35.63999938964844,35.654998779296875,17132,0.0,0.0
2024-08-27 15:44:00-04:00,35.65999984741211,35.66999816894531,35.654998779296875,35.654998779296875,19952,0.0,0.0
2024-08-27 15:45:00-04:00,35.654998779296875,35.654998779296875,35.630001068115234,35.630001068115234,20406,0.0,0.0
2024-08-27 15:46:00-04:00,35.6349983215332,35.650001525878906,35.625,35.6349983215332,18341,0.0,0.0
2024-08-27 15:47:00-04:00,35.6349983215332,35.654998779296875,35.625,35.630001068115234,33585,0.0,0.0
2024-08-27 15:48:00-04:00,35.630001068115234,35.630001068115234,35.61000061035156,35.61000061035156,12295,0.0,0.0
2024-08-27 15:49:00-04:00,35.619998931884766,35.630001068115234,35.6150016784668,35.619998931884766,19237,0.0,0.0
2024-08-27 15:50:00-04:00,35.619998931884766,35.630001068115234,35.61000061035156,35.61000061035156,31754,0.0,0.0
2024-08-27 15:51:00-04:00,35.6150016784668,35.619998931884766,35.599998474121094,35.599998474121094,30454,0.0,0.0
2024-08-27 15:52:00-04:00,35.599998474121094,35.619998931884766,35.599998474121094,35.619998931884766,28967,0.0,0.0
2024-08-27 15:53:00-04:00,35.619998931884766,35.630001068115234,35.61000061035156,35.625,34557,0.0,0.0
2024-08-27 15:54:00-04:00,35.625,35.630001068115234,35.6150016784668,35.619998931884766,51086,0.0,0.0
2024-08-27 15:55:00-04:00,35.625,35.66999816894531,35.619998931884766,35.650001525878906,87936,0.0,0.0
2024-08-27 15:56:00-04:00,35.650001525878906,35.650001525878906,35.6349983215332,35.650001525878906,70130,0.0,0.0
2024-08-27 15:57:00-04:00,35.64500045776367,35.650001525878906,35.630001068115234,35.630001068115234,68409,0.0,0.0
2024-08-27 15:58:00-04:00,35.630001068115234,35.63999938964844,35.630001068115234,35.630001068115234,100226,0.0,0.0
2024-08-27 15:59:00-04:00,35.6349983215332,35.6349983215332,35.58000183105469,35.61000061035156,285187,0.0,0.0
2024-08-28 09:30:00-04:00,35.52000045776367,35.630001068115234,35.52000045776367,35.53499984741211,77089,0.0,0.0
2024-08-28 09:31:00-04:00,35.540000915527344,35.56999969482422,35.494998931884766,35.5,8925,0.0,0.0
2024-08-28 09:32:00-04:00,35.5,35.58000183105469,35.5,35.55500030517578,13477,0.0,0.0
2024-08-28 09:33:00-04:00,35.56999969482422,35.70000076293945,35.56999969482422,35.66999816894531,10666,0.0,0.0
2024-08-28 09:34:00-04:00,35.66999816894531,35.66999816894531,35.61000061035156,35.6349983215332,6449,0.0,0.0
2024-08-28 09:35:00-04:00,35.630001068115234,35.650001525878906,35.59000015258789,35.599998474121094,8303,0.0,0.0
2024-08-28 09:36:00-04:00,35.599998474121094,35.650001525878906,35.5989990234375,35.599998474121094,13836,0.0,0.0
2024-08-28 09:37:00-04:00,35.599998474121094,35.63999938964844,35.59000015258789,35.63999938964844,7737,0.0,0.0
2024-08-28 09:38:00-04:00,35.6349983215332,35.65999984741211,35.58000183105469,35.59000015258789,7299,0.0,0.0
2024-08-28 09:39:00-04:00,35.58000183105469,35.599998474121094,35.560001373291016,35.560001373291016,7950,0.0,0.0
2024-08-28 09:40:00-04:00,35.560001373291016,35.630001068115234,35.560001373291016,35.619998931884766,8264,0.0,0.0
2024-08-28 09:41:00-04:00,35.630001068115234,35.650001525878906,35.599998474121094,35.599998474121094,9662,0.0,0.0
2024-08-28 09:42:00-04:00,35.61000061035156,35.649898529052734,35.59720993041992,35.599998474121094,12965,0.0,0.0
2024-08-28 09:43:00-04:00,35.61000061035156,35.619998931884766,35.599998474121094,35.60499954223633,4632,0.0,0.0
2024-08-28 09:44:00-04:00,35.60499954223633,35.619998931884766,35.56999969482422,35.58000183105469,27691,0.0,0.0
2024-08-28 09:45:00-04:00,35.59000015258789,35.595001220703125,35.54999923706055,35.59000015258789,22046,0.0,0.0
2024-08-28 09:46:00-04:00,35.59000015258789,35.599998474121094,35.564998626708984,35.580101013183594,10810,0.0,0.0
2024-08-28 09:47:00-04:00,35.59000015258789,35.61000061035156,35.470001220703125,35.48500061035156,21147,0.0,0.0
2024-08-28 09:48:00-04:00,35.5,35.52000045776367,35.46009826660156,35.474998474121094,46979,0.0,0.0
2024-08-28 09:49:00-04:00,35.47999954223633,35.525001525878906,35.474998474121094,35.494998931884766,13565,0.0,0.0
2024-08-28 09:50:00-04:00,35.5099983215332,35.525001525878906,35.494998931884766,35.5,11820,0.0,0.0
2024-08-28 09:51:00-04:00,35.5099983215332,35.5099983215332,35.4900016784668,35.4900016784668,6328,0.0,0.0
2024-08-28 09:52:00-04:00,35.4900016784668,35.529998779296875,35.47999954223633,35.525001525878906,11038,0.0,0.0
2024-08-28 09:53:00-04:00,35.525001525878906,35.529998779296875,35.435001373291016,35.439998626708984,10240,0.0,0.0
2024-08-28 09:54:00-04:00,35.45000076293945,35.47999954223633,35.45000076293945,35.47999954223633,6950,0.0,0.0
2024-08-28 09:55:00-04:00,35.470001220703125,35.48500061035156,35.44499969482422,35.45500183105469,42410,0.0,0.0
2024-08-28 09:56:00-04:00,35.45500183105469,35.470001220703125,35.43000030517578,35.43009948730469,14872,0.0,0.0
2024-08-28 09:57:00-04:00,35.439998626708984,35.45500183105469,35.43000030517578,35.439998626708984,10845,0.0,0.0
2024-08-28 09:58:00-04:00,35.439998626708984,35.439998626708984,35.369998931884766,35.369998931884766,10617,0.0,0.0
2024-08-28 09:59:00-04:00,35.369998931884766,35.43000030517578,35.369998931884766,35.40999984741211,296933,0.0,0.0
2024-08-28 10:00:00-04:00,35.40999984741211,35.40999984741211,35.345001220703125,35.3650016784668,77916,0.0,0.0
2024-08-28 10:01:00-04:00,35.380001068115234,35.380001068115234,35.31999969482422,35.36000061035156,18240,0.0,0.0
2024-08-28 10:02:00-04:00,35.36000061035156,35.380001068115234,35.33940124511719,35.349998474121094,16152,0.0,0.0
2024-08-28 10:03:00-04:00,35.345001220703125,35.37990188598633,35.32500076293945,35.369998931884766,23192,0.0,0.0
2024-08-28 10:04:00-04:00,35.380001068115234,35.3849983215332,35.349998474121094,35.3849983215332,12303,0.0,0.0
2024-08-28 10:05:00-04:00,35.3849983215332,35.3849983215332,35.349998474121094,35.35499954223633,11969,0.0,0.0
2024-08-28 10:06:00-04:00,35.35499954223633,35.3650016784668,35.33000183105469,35.34000015258789,15732,0.0,0.0
2024-08-28 10:07:00-04:00,35.345001220703125,35.36000061035156,35.31999969482422,35.32500076293945,14961,0.0,0.0
2024-08-28 10:08:00-04:00,35.32500076293945,35.415000915527344,35.32500076293945,35.415000915527344,71599,0.0,0.0
2024-08-28 10:09:00-04:00,35.40999984741211,35.43000030517578,35.400001525878906,35.415000915527344,11972,0.0,0.0
2024-08-28 10:10:00-04:00,35.40999984741211,35.41999816894531,35.380001068115234,35.38999938964844,10093,0.0,0.0
2024-08-28 10:11:00-04:00,35.38999938964844,35.43000030517578,35.349998474121094,35.43000030517578,73254,0.0,0.0
2024-08-28 10:12:00-04:00,35.43000030517578,35.43000030517578,35.404998779296875,35.43000030517578,19514,0.0,0.0
2024-08-28 10:13:00-04:00,35.43000030517578,35.43000030517578,35.40999984741211,35.415000915527344,16222,0.0,0.0
2024-08-28 10:14:00-04:00,35.41999816894531,35.41999816894531,35.38010025024414,35.38999938964844,13154,0.0,0.0
2024-08-28 10:15:00-04:00,35.38999938964844,35.400001525878906,35.3849983215332,35.38999938964844,9255,0.0,0.0
2024-08-28 10:16:00-04:00,35.38999938964844,35.41999816894531,35.3650016784668,35.41999816894531,10777,0.0,0.0
2024-08-28 10:17:00-04:00,35.40999984741211,35.43000030517578,35.40999984741211,35.41999816894531,11136,0.0,0.0
2024-08-28 10:18:00-04:00,35.43000030517578,35.470001220703125,35.43000030517578,35.439998626708984,12406,0.0,0.0
2024-08-28 10:19:00-04:00,35.45000076293945,35.4900016784668,35.439998626708984,35.47999954223633,17041,0.0,0.0
2024-08-28 10:20:00-04:00,35.470001220703125,35.52000045776367,35.45500183105469,35.48939895629883,13181,0.0,0.0
2024-08-28 10:21:00-04:00,35.47999954223633,35.4900016784668,35.459999084472656,35.46500015258789,5500,0.0,0.0
2024-08-28 10:22:00-04:00,35.459999084472656,35.459999084472656,35.415000915527344,35.415000915527344,4923,0.0,0.0
2024-08-28 10:23:00-04:00,35.415000915527344,35.43000030517578,35.380001068115234,35.41999816894531,13837,0.0,0.0
2024-08-28 10:24:00-04:00,35.43000030517578,35.5099983215332,35.41999816894531,35.494998931884766,15972,0.0,0.0
2024-08-28 10:25:00-04:00,35.494998931884766,35.5099983215332,35.494998931884766,35.5099983215332,10961,0.0,0.0
2024-08-28 10:26:00-04:00,35.505001068115234,35.52000045776367,35.4900016784668,35.4900016784668,7687,0.0,0.0
2024-08-28 10:27:00-04:00,35.4900016784668,35.5,35.4900016784668,35.5,5445,0.0,0.0
2024-08-28 10:28:00-04:00,35.494998931884766,35.494998931884766,35.470001220703125,35.48500061035156,11434,0.0,0.0
2024-08-28 10:29:00-04:00,35.48500061035156,35.4900016784668,35.48500061035156,35.48500061035156,9274,0.0,0.0
2024-08-28 10:30:00-04:00,35.48500061035156,35.51499938964844,35.48500061035156,35.494998931884766,11071,0.0,0.0
2024-08-28 10:31:00-04:00,35.4900016784668,35.494998931884766,35.47010040283203,35.494998931884766,8772,0.0,0.0
2024-08-28 10:32:00-04:00,35.49250030517578,35.5099983215332,35.48500061035156,35.494998931884766,8702,0.0,0.0
2024-08-28 10:33:00-04:00,35.5,35.529998779296875,35.494998931884766,35.505001068115234,11492,0.0,0.0
2024-08-28 10:34:00-04:00,35.505001068115234,35.52000045776367,35.5,35.505001068115234,10891,0.0,0.0
2024-08-28 10:35:00-04:00,35.5,35.5099983215332,35.4900016784668,35.5099983215332,12838,0.0,0.0
2024-08-28 10:36:00-04:00,35.5099983215332,35.540000915527344,35.5099983215332,35.51499938964844,16629,0.0,0.0
2024-08-28 10:37:00-04:00,35.5099983215332,35.52000045776367,35.494998931884766,35.494998931884766,3822,0.0,0.0
2024-08-28 10:38:00-04:00,35.494998931884766,35.51499938964844,35.4900016784668,35.5,8753,0.0,0.0
2024-08-28 10:39:00-04:00,35.494998931884766,35.5,35.470001220703125,35.48500061035156,11875,0.0,0.0
2024-08-28 10:40:00-04:00,35.48500061035156,35.48500061035156,35.45000076293945,35.459999084472656,10951,0.0,0.0
2024-08-28 10:41:00-04:00,35.470001220703125,35.474998474121094,35.44499969482422,35.44499969482422,13620,0.0,0.0
2024-08-28 10:42:00-04:00,35.44499969482422,35.45000076293945,35.42499923706055,35.439998626708984,6449,0.0,0.0
2024-08-28 10:43:00-04:00,35.45000076293945,35.45000076293945,35.404998779296875,35.415000915527344,8244,0.0,0.0
2024-08-28 10:44:00-04:00,35.415000915527344,35.415000915527344,35.369998931884766,35.375,9433,0.0,0.0
2024-08-28 10:45:00-04:00,35.380001068115234,35.380001068115234,35.36000061035156,35.375,10422,0.0,0.0
2024-08-28 10:46:00-04:00,35.375,35.380001068115234,35.35499954223633,35.35499954223633,10673,0.0,0.0
2024-08-28 10:47:00-04:00,35.35499954223633,35.35499954223633,35.31999969482422,35.334999084472656,13360,0.0,0.0
2024-08-28 10:48:00-04:00,35.34000015258789,35.380001068115234,35.334999084472656,35.369998931884766,73535,0.0,0.0
2024-08-28 10:49:00-04:00,35.360198974609375,35.360198974609375,35.33000183105469,35.34000015258789,8401,0.0,0.0
2024-08-28 10:50:00-04:00,35.345001220703125,35.35499954223633,35.33000183105469,35.34000015258789,9197,0.0,0.0
2024-08-28 10:51:00-04:00,35.33000183105469,35.334999084472656,35.29999923706055,35.33000183105469,12332,0.0,0.0
2024-08-28 10:52:00-04:00,35.334999084472656,35.334999084472656,35.310001373291016,35.310001373291016,14501,0.0,0.0
2024-08-28 10:53:00-04:00,35.310001373291016,35.33000183105469,35.279998779296875,35.29999923706055,24942,0.0,0.0
2024-08-28 10:54:00-04:00,35.29999923706055,35.33000183105469,35.279998779296875,35.279998779296875,18651,0.0,0.0
2024-08-28 10:55:00-04:00,35.279998779296875,35.29999923706055,35.2400016784668,35.2400016784668,7949,0.0,0.0
2024-08-28 10:56:00-04:00,35.2400016784668,35.279998779296875,35.2400016784668,35.26348114013672,20426,0.0,0.0
2024-08-28 10:57:00-04:00,35.25,35.25,35.23500061035156,35.2400016784668,13709,0.0,0.0
2024-08-28 10:58:00-04:00,35.2411003112793,35.25,35.224998474121094,35.244998931884766,22329,0.0,0.0
2024-08-28 10:59:00-04:00,35.244998931884766,35.2599983215332,35.22999954223633,35.2599983215332,10745,0.0,0.0
2024-08-28 11:00:00-04:00,35.25,35.255001068115234,35.209999084472656,35.255001068115234,12254,0.0,0.0
2024-08-28 11:01:00-04:00,35.2599983215332,35.26499938964844,35.189998626708984,35.224998474121094,20913,0.0,0.0
2024-08-28 11:02:00-04:00,35.224998474121094,35.224998474121094,35.17499923706055,35.17499923706055,11037,0.0,0.0
2024-08-28 11:03:00-04:00,35.17499923706055,35.20000076293945,35.150001525878906,35.150001525878906,13234,0.0,0.0
2024-08-28 11:04:00-04:00,35.150001525878906,35.185001373291016,35.150001525878906,35.18000030517578,14796,0.0,0.0
2024-08-28 11:05:00-04:00,35.189998626708984,35.20000076293945,35.185001373291016,35.20000076293945,12368,0.0,0.0
2024-08-28 11:06:00-04:00,35.209999084472656,35.2400016784668,35.209999084472656,35.2400016784668,8965,0.0,0.0
2024-08-28 11:07:00-04:00,35.2047004699707,35.2400016784668,35.20000076293945,35.2047004699707,13075,0.0,0.0
2024-08-28 11:08:00-04:00,35.209999084472656,35.25,35.209999084472656,35.22990036010742,21752,0.0,0.0
2024-08-28 11:09:00-04:00,35.224998474121094,35.2400016784668,35.19499969482422,35.20500183105469,15984,0.0,0.0
2024-08-28 11:10:00-04:00,35.20500183105469,35.220001220703125,35.15999984741211,35.15999984741211,18777,0.0,0.0
2024-08-28 11:11:00-04:00,35.165000915527344,35.18000030517578,35.14419937133789,35.16999816894531,7817,0.0,0.0
2024-08-28 11:12:00-04:00,35.16999816894531,35.16999816894531,35.0900993347168,35.099998474121094,30532,0.0,0.0
2024-08-28 11:13:00-04:00,35.10499954223633,35.150001525878906,35.095001220703125,35.150001525878906,33130,0.0,0.0
2024-08-28 11:14:00-04:00,35.150001525878906,35.15999984741211,35.11000061035156,35.11000061035156,15158,0.0,0.0
2024-08-28 11:15:00-04:00,35.11000061035156,35.18000030517578,35.11000061035156,35.13999938964844,44254,0.0,0.0
2024-08-28 11:16:00-04:00,35.13999938964844,35.189998626708984,35.13999938964844,35.185001373291016,25125,0.0,0.0
2024-08-28 11:17:00-04:00,35.189998626708984,35.189998626708984,35.16999816894531,35.185001373291016,44144,0.0,0.0
2024-08-28 11:18:00-04:00,35.189998626708984,35.209999084472656,35.18000030517578,35.20000076293945,63071,0.0,0.0
2024-08-28 11:19:00-04:00,35.19499969482422,35.209999084472656,35.18000030517578,35.19499969482422,18798,0.0,0.0
2024-08-28 11:20:00-04:00,35.20000076293945,35.209999084472656,35.189998626708984,35.19499969482422,9358,0.0,0.0
2024-08-28 11:21:00-04:00,35.19499969482422,35.20500183105469,35.185001373291016,35.189998626708984,12032,0.0,0.0
2024-08-28 11:22:00-04:00,35.189998626708984,35.19499969482422,35.16999816894531,35.16999816894531,43128,0.0,0.0
2024-08-28 11:23:00-04:00,35.15999984741211,35.189998626708984,35.15999984741211,35.185001373291016,10371,0.0,0.0
2024-08-28 11:24:00-04:00,35.189998626708984,35.19499969482422,35.18000030517578,35.18000030517578,24445,0.0,0.0
2024-08-28 11:25:00-04:00,35.185001373291016,35.189998626708984,35.14500045776367,35.14500045776367,22762,0.0,0.0
2024-08-28 11:26:00-04:00,35.14500045776367,35.15999984741211,35.13999938964844,35.154998779296875,9961,0.0,0.0
2024-08-28 11:27:00-04:00,35.150001525878906,35.15999984741211,35.130001068115234,35.15999984741211,18948,0.0,0.0
2024-08-28 11:28:00-04:00,35.150001525878906,35.15999984741211,35.130001068115234,35.13999938964844,10371,0.0,0.0
2024-08-28 11:29:00-04:00,35.13999938964844,35.16999816894531,35.13999938964844,35.165000915527344,23717,0.0,0.0
2024-08-28 11:30:00-04:00,35.165000915527344,35.17499923706055,35.125,35.130001068115234,26854,0.0,0.0
2024-08-28 11:31:00-04:00,35.130001068115234,35.130001068115234,35.119998931884766,35.130001068115234,16223,0.0,0.0
2024-08-28 11:32:00-04:00,35.119998931884766,35.1349983215332,35.09000015258789,35.095001220703125,11973,0.0,0.0
2024-08-28 11:33:00-04:00,35.10499954223633,35.13999938964844,35.09000015258789,35.099998474121094,40063,0.0,0.0
2024-08-28 11:34:00-04:00,35.10499954223633,35.1150016784668,35.08000183105469,35.08000183105469,16297,0.0,0.0
2024-08-28 11:35:00-04:00,35.084999084472656,35.1349983215332,35.084999084472656,35.1349983215332,13582,0.0,0.0
2024-08-28 11:36:00-04:00,35.13999938964844,35.17499923706055,35.13999938964844,35.154998779296875,12034,0.0,0.0
2024-08-28 11:37:00-04:00,35.15999984741211,35.18000030517578,35.13999938964844,35.17499923706055,19926,0.0,0.0
2024-08-28 11:38:00-04:00,35.17499923706055,35.20500183105469,35.17499923706055,35.20000076293945,9107,0.0,0.0
2024-08-28 11:39:00-04:00,35.20500183105469,35.220001220703125,35.20500183105469,35.21500015258789,10193,0.0,0.0
2024-08-28 11:40:00-04:00,35.21500015258789,35.220001220703125,35.15999984741211,35.220001220703125,24465,0.0,0.0
2024-08-28 11:41:00-04:00,35.220001220703125,35.224998474121094,35.18000030517578,35.189998626708984,11815,0.0,0.0
2024-08-28 11:42:00-04:00,35.189998626708984,35.20000076293945,35.18000030517578,35.185001373291016,7657,0.0,0.0
2024-08-28 11:43:00-04:00,35.18000030517578,35.20000076293945,35.18000030517578,35.185001373291016,28545,0.0,0.0
2024-08-28 11:44:00-04:00,35.185001373291016,35.185001373291016,35.15999984741211,35.165000915527344,19131,0.0,0.0
2024-08-28 11:45:00-04:00,35.15999984741211,35.17499923706055,35.15999984741211,35.16999816894531,12569,0.0,0.0
2024-08-28 11:46:00-04:00,35.15999984741211,35.189998626708984,35.15999984741211,35.189998626708984,11155,0.0,0.0
2024-08-28 11:47:00-04:00,35.189998626708984,35.20000076293945,35.150001525878906,35.154998779296875,27907,0.0,0.0
2024-08-28 11:48:00-04:00,35.15999984741211,35.165000915527344,35.150001525878906,35.15999984741211,12757,0.0,0.0
2024-08-28 11:49:00-04:00,35.15999984741211,35.15999984741211,35.13010025024414,35.1349983215332,9701,0.0,0.0
2024-08-28 11:50:00-04:00,35.1349983215332,35.15999984741211,35.13479995727539,35.14500045776367,12087,0.0,0.0
2024-08-28 11:51:00-04:00,35.150001525878906,35.154998779296875,35.130001068115234,35.154998779296875,14653,0.0,0.0
2024-08-28 11:52:00-04:00,35.15999984741211,35.15999984741211,35.150001525878906,35.150001525878906,6612,0.0,0.0
2024-08-28 11:53:00-04:00,35.13999938964844,35.14500045776367,35.130001068115234,35.1349983215332,5319,0.0,0.0
2024-08-28 11:54:00-04:00,35.1349983215332,35.16999816894531,35.125,35.125,25707,0.0,0.0
2024-08-28 11:55:00-04:00,35.130001068115234,35.13999938964844,35.1150016784668,35.125,11705,0.0,0.0
2024-08-28 11:56:00-04:00,35.125,35.130001068115234,35.1150016784668,35.1150016784668,6791,0.0,0.0
2024-08-28 11:57:00-04:00,35.125,35.150001525878906,35.099998474121094,35.11000061035156,19922,0.0,0.0
2024-08-28 11:58:00-04:00,35.11000061035156,35.125,35.11000061035156,35.1150016784668,6288,0.0,0.0
2024-08-28 11:59:00-04:00,35.1150016784668,35.125,35.11000061035156,35.1150016784668,10859,0.0,0.0
2024-08-28 12:00:00-04:00,35.1150016784668,35.1349983215332,35.11000061035156,35.119998931884766,11390,0.0,0.0
2024-08-28 12:01:00-04:00,35.119998931884766,35.13999938964844,35.119998931884766,35.1349983215332,5580,0.0,0.0
2024-08-28 12:02:00-04:00,35.130001068115234,35.130001068115234,35.095001220703125,35.099998474121094,5689,0.0,0.0
2024-08-28 12:03:00-04:00,35.099998474121094,35.099998474121094,35.095001220703125,35.095001220703125,3869,0.0,0.0
2024-08-28 12:04:00-04:00,35.09000015258789,35.09000015258789,35.07500076293945,35.07500076293945,13096,0.0,0.0
2024-08-28 12:05:00-04:00,35.07500076293945,35.08000183105469,35.040000915527344,35.04499816894531,11140,0.0,0.0
2024-08-28 12:06:00-04:00,35.04499816894531,35.04999923706055,35.025001525878906,35.025001525878906,13089,0.0,0.0
2024-08-28 12:07:00-04:00,35.025001525878906,35.040000915527344,35.025001525878906,35.040000915527344,5254,0.0,0.0
2024-08-28 12:08:00-04:00,35.04999923706055,35.06999969482422,35.040000915527344,35.06999969482422,10404,0.0,0.0
2024-08-28 12:09:00-04:00,35.064998626708984,35.084999084472656,35.064998626708984,35.084999084472656,16080,0.0,0.0
2024-08-28 12:10:00-04:00,35.08000183105469,35.09000015258789,35.08000183105469,35.09000015258789,7764,0.0,0.0
2024-08-28 12:11:00-04:00,35.084999084472656,35.089900970458984,35.04999923706055,35.05009841918945,15207,0.0,0.0
2024-08-28 12:12:00-04:00,35.05500030517578,35.060001373291016,34.9900016784668,34.9900016784668,115848,0.0,0.0
2024-08-28 12:13:00-04:00,34.98500061035156,35.0,34.964298248291016,34.964298248291016,10953,0.0,0.0
2024-08-28 12:14:00-04:00,34.96500015258789,34.994998931884766,34.959999084472656,34.972599029541016,20879,0.0,0.0
2024-08-28 12:15:00-04:00,34.974998474121094,34.97999954223633,34.935001373291016,34.935001373291016,8955,0.0,0.0
2024-08-28 12:16:00-04:00,34.939998626708984,34.959999084472656,34.91999816894531,34.91999816894531,14845,0.0,0.0
2024-08-28 12:17:00-04:00,34.93000030517578,34.939998626708984,34.91999816894531,34.935001373291016,10960,0.0,0.0
2024-08-28 12:18:00-04:00,34.935001373291016,34.935001373291016,34.915000915527344,34.92620086669922,9392,0.0,0.0
2024-08-28 12:19:00-04:00,34.92499923706055,34.93000030517578,34.915000915527344,34.91999816894531,11707,0.0,0.0
2024-08-28 12:20:00-04:00,34.915000915527344,34.93000030517578,34.89500045776367,34.90999984741211,18530,0.0,0.0
2024-08-28 12:21:00-04:00,34.90999984741211,34.915000915527344,34.8849983215332,34.8849983215332,18076,0.0,0.0
2024-08-28 12:22:00-04:00,34.8849983215332,34.90999984741211,34.8849983215332,34.88999938964844,9188,0.0,0.0
2024-08-28 12:23:00-04:00,34.8849983215332,34.8849983215332,34.85499954223633,34.85499954223633,6162,0.0,0.0
2024-08-28 12:24:00-04:00,34.850101470947266,34.8650016784668,34.849998474121094,34.849998474121094,10153,0.0,0.0
2024-08-28 12:25:00-04:00,34.85499954223633,34.8650016784668,34.84000015258789,34.84000015258789,6982,0.0,0.0
2024-08-28 12:26:00-04:00,34.845001220703125,34.8849983215332,34.845001220703125,34.8849983215332,9458,0.0,0.0
2024-08-28 12:27:00-04:00,34.88669967651367,34.89500045776367,34.8849983215332,34.89500045776367,6552,0.0,0.0
2024-08-28 12:28:00-04:00,34.900001525878906,34.900001525878906,34.84000015258789,34.849998474121094,25288,0.0,0.0
2024-08-28 12:29:00-04:00,34.84000015258789,34.869998931884766,34.84000015258789,34.869998931884766,9914,0.0,0.0
2024-08-28 12:30:00-04:00,34.8650016784668,34.869998931884766,34.845001220703125,34.85499954223633,15465,0.0,0.0
2024-08-28 12:31:00-04:00,34.85499954223633,34.85749816894531,34.834999084472656,34.834999084472656,7195,0.0,0.0
2024-08-28 12:32:00-04:00,34.834999084472656,34.86000061035156,34.834999084472656,34.847999572753906,11713,0.0,0.0
2024-08-28 12:33:00-04:00,34.849998474121094,34.86000061035156,34.834999084472656,34.85499954223633,11610,0.0,0.0
2024-08-28 12:34:00-04:00,34.86000061035156,34.88999938964844,34.86000061035156,34.88999938964844,10483,0.0,0.0
2024-08-28 12:35:00-04:00,34.88999938964844,34.89500045776367,34.880001068115234,34.8849983215332,9780,0.0,0.0
2024-08-28 12:36:00-04:00,34.875,34.875,34.8650016784668,34.8650016784668,6837,0.0,0.0
2024-08-28 12:37:00-04:00,34.869998931884766,34.880001068115234,34.86000061035156,34.86000061035156,6407,0.0,0.0
2024-08-28 12:38:00-04:00,34.86000061035156,34.900001525878906,34.86000061035156,34.89500045776367,11152,0.0,0.0
2024-08-28 12:39:00-04:00,34.88999938964844,34.900001525878906,34.88999938964844,34.89500045776367,11054,0.0,0.0
2024-08-28 12:40:00-04:00,34.88999938964844,34.90999984741211,34.88999938964844,34.89500045776367,13666,0.0,0.0
2024-08-28 12:41:00-04:00,34.900001525878906,34.900001525878906,34.875,34.880001068115234,8176,0.0,0.0
2024-08-28 12:42:00-04:00,34.880001068115234,34.90999984741211,34.875,34.8849983215332,14263,0.0,0.0
2024-08-28 12:43:00-04:00,34.8849983215332,34.900001525878906,34.8849983215332,34.89500045776367,7682,0.0,0.0
2024-08-28 12:44:00-04:00,34.89500045776367,34.91999816894531,34.88999938964844,34.915000915527344,11983,0.0,0.0
2024-08-28 12:45:00-04:00,34.90999984741211,34.92499923706055,34.904998779296875,34.90999984741211,12500,0.0,0.0
2024-08-28 12:46:00-04:00,34.915000915527344,34.939998626708984,34.915000915527344,34.939998626708984,9432,0.0,0.0
2024-08-28 12:47:00-04:00,34.935001373291016,34.939998626708984,34.904998779296875,34.90999984741211,11246,0.0,0.0
2024-08-28 12:48:00-04:00,34.915000915527344,34.92499923706055,34.915000915527344,34.91999816894531,6170,0.0,0.0
2024-08-28 12:49:00-04:00,34.91999816894531,34.939998626708984,34.91999816894531,34.93000030517578,20425,0.0,0.0
2024-08-28 12:50:00-04:00,34.935001373291016,34.939998626708984,34.88999938964844,34.92499923706055,58191,0.0,0.0
2024-08-28 12:51:00-04:00,34.91999816894531,34.970001220703125,34.91999816894531,34.95000076293945,17414,0.0,0.0
2024-08-28 12:52:00-04:00,34.95000076293945,34.97999954223633,34.93000030517578,34.959999084472656,12496,0.0,0.0
2024-08-28 12:53:00-04:00,34.959999084472656,34.964298248291016,34.95000076293945,34.95000076293945,6000,0.0,0.0
2024-08-28 12:54:00-04:00,34.959999084472656,34.970001220703125,34.939998626708984,34.95000076293945,23497,0.0,0.0
2024-08-28 12:55:00-04:00,34.95000076293945,34.96500015258789,34.9296989440918,34.935001373291016,22722,0.0,0.0
2024-08-28 12:56:00-04:00,34.935001373291016,34.95000076293945,34.935001373291016,34.939998626708984,10934,0.0,0.0
2024-08-28 12:57:00-04:00,34.94499969482422,34.959999084472656,34.94499969482422,34.959999084472656,8035,0.0,0.0
2024-08-28 12:58:00-04:00,34.95500183105469,34.959999084472656,34.939998626708984,34.95000076293945,14806,0.0,0.0
2024-08-28 12:59:00-04:00,34.95500183105469,34.95500183105469,34.92499923706055,34.935001373291016,10099,0.0,0.0
2024-08-28 13:00:00-04:00,34.935001373291016,34.959999084472656,34.93000030517578,34.95500183105469,13797,0.0,0.0
2024-08-28 13:01:00-04:00,34.95500183105469,34.97999954223633,34.95500183105469,34.96500015258789,13714,0.0,0.0
2024-08-28 13:02:00-04:00,34.959999084472656,34.9900016784668,34.95500183105469,34.959999084472656,8230,0.0,0.0
2024-08-28 13:03:00-04:00,34.970001220703125,34.9900016784668,34.959999084472656,34.959999084472656,25725,0.0,0.0
2024-08-28 13:04:00-04:00,34.959999084472656,34.97999954223633,34.91999816894531,34.970001220703125,91666,0.0,0.0
2024-08-28 13:05:00-04:00,34.97999954223633,34.9900016784668,34.970001220703125,34.970001220703125,9973,0.0,0.0
2024-08-28 13:06:00-04:00,34.97999954223633,34.97999954223633,34.959999084472656,34.96500015258789,8936,0.0,0.0
2024-08-28 13:07:00-04:00,34.970001220703125,35.02000045776367,34.970001220703125,35.0,14410,0.0,0.0
2024-08-28 13:08:00-04:00,35.0,35.0,34.97999954223633,34.9900016784668,6341,0.0,0.0
2024-08-28 13:09:00-04:00,34.98500061035156,34.9900016784668,34.97999954223633,34.97999954223633,5691,0.0,0.0
2024-08-28 13:10:00-04:00,34.98500061035156,34.986000061035156,34.95500183105469,34.974998474121094,15341,0.0,0.0
2024-08-28 13:11:00-04:00,34.974998474121094,34.974998474121094,34.95500183105469,34.959999084472656,11293,0.0,0.0
2024-08-28 13:12:00-04:00,34.95500183105469,34.959999084472656,34.939998626708984,34.959999084472656,9968,0.0,0.0
2024-08-28 13:13:00-04:00,34.95500183105469,34.959999084472656,34.95000076293945,34.95009994506836,9167,0.0,0.0
2024-08-28 13:14:00-04:00,34.939998626708984,34.95000076293945,34.900001525878906,34.900001525878906,17021,0.0,0.0
2024-08-28 13:15:00-04:00,34.900001525878906,34.91999816894531,34.900001525878906,34.900001525878906,14571,0.0,0.0
2024-08-28 13:16:00-04:00,34.900001525878906,34.900001525878906,34.869998931884766,34.869998931884766,11648,0.0,0.0
2024-08-28 13:17:00-04:00,34.869998931884766,34.880001068115234,34.86000061035156,34.869998931884766,15882,0.0,0.0
2024-08-28 13:18:00-04:00,34.869998931884766,34.869998931884766,34.84000015258789,34.84000015258789,11884,0.0,0.0
2024-08-28 13:19:00-04:00,34.849998474121094,34.875,34.849998474121094,34.8650016784668,14488,0.0,0.0
2024-08-28 13:20:00-04:00,34.8650016784668,34.87900161743164,34.849998474121094,34.86000061035156,8764,0.0,0.0
2024-08-28 13:21:00-04:00,34.86000061035156,34.88999938964844,34.86000061035156,34.880001068115234,14194,0.0,0.0
2024-08-28 13:22:00-04:00,34.880001068115234,34.88999938964844,34.84000015258789,34.849998474121094,11146,0.0,0.0
2024-08-28 13:23:00-04:00,34.849998474121094,34.85499954223633,34.83000183105469,34.849998474121094,18320,0.0,0.0
2024-08-28 13:24:00-04:00,34.86000061035156,34.8650016784668,34.83000183105469,34.84000015258789,48700,0.0,0.0
2024-08-28 13:25:00-04:00,34.84000015258789,34.8650016784668,34.84000015258789,34.845001220703125,11055,0.0,0.0
2024-08-28 13:26:00-04:00,34.845001220703125,34.86000061035156,34.845001220703125,34.849998474121094,9530,0.0,0.0
2024-08-28 13:27:00-04:00,34.86000061035156,34.880001068115234,34.86000061035156,34.8650016784668,9881,0.0,0.0
2024-08-28 13:28:00-04:00,34.869998931884766,34.869998931884766,34.83000183105469,34.834999084472656,13635,0.0,0.0
2024-08-28 13:29:00-04:00,34.834999084472656,34.849998474121094,34.83000183105469,34.845001220703125,10639,0.0,0.0
2024-08-28 13:30:00-04:00,34.84000015258789,34.869998931884766,34.84000015258789,34.8650016784668,17223,0.0,0.0
2024-08-28 13:31:00-04:00,34.86000061035156,34.880001068115234,34.85499954223633,34.875,12888,0.0,0.0
2024-08-28 13:32:00-04:00,34.875,34.880001068115234,34.869998931884766,34.869998931884766,11839,0.0,0.0
2024-08-28 13:33:00-04:00,34.880001068115234,34.90999984741211,34.8650016784668,34.880001068115234,23550,0.0,0.0
2024-08-28 13:34:00-04:00,34.880001068115234,34.88999938964844,34.8650016784668,34.8849983215332,7622,0.0,0.0
2024-08-28 13:35:00-04:00,34.88999938964844,34.90999984741211,34.880001068115234,34.880001068115234,14059,0.0,0.0
2024-08-28 13:36:00-04:00,34.880001068115234,34.95500183105469,34.880001068115234,34.95500183105469,34952,0.0,0.0
2024-08-28 13:37:00-04:00,34.959999084472656,35.0,34.95800018310547,34.9900016784668,25936,0.0,0.0
2024-08-28 13:38:00-04:00,34.9900016784668,34.9900016784668,34.95500183105469,34.959999084472656,43832,0.0,0.0
2024-08-28 13:39:00-04:00,34.959999084472656,34.970001220703125,34.939998626708984,34.95000076293945,9753,0.0,0.0
2024-08-28 13:40:00-04:00,34.95000076293945,34.95000076293945,34.92499923706055,34.93000030517578,10425,0.0,0.0
2024-08-28 13:41:00-04:00,34.93000030517578,34.95500183105469,34.91999816894531,34.93000030517578,5402,0.0,0.0
2024-08-28 13:42:00-04:00,34.92499923706055,34.959999084472656,34.92499923706055,34.95000076293945,10647,0.0,0.0
2024-08-28 13:43:00-04:00,34.95000076293945,34.96500015258789,34.939998626708984,34.95500183105469,13053,0.0,0.0
2024-08-28 13:44:00-04:00,34.959999084472656,34.970001220703125,34.93000030517578,34.95000076293945,8900,0.0,0.0
2024-08-28 13:45:00-04:00,34.94499969482422,34.959999084472656,34.94499969482422,34.9452018737793,11791,0.0,0.0
2024-08-28 13:46:00-04:00,34.95000076293945,34.95500183105469,34.94499969482422,34.94499969482422,3529,0.0,0.0
2024-08-28 13:47:00-04:00,34.94499969482422,34.96500015258789,34.92499923706055,34.95439910888672,13628,0.0,0.0
2024-08-28 13:48:00-04:00,34.970001220703125,34.9900016784668,34.959999084472656,34.9900016784668,10259,0.0,0.0
2024-08-28 13:49:00-04:00,34.97999954223633,34.9900016784668,34.959999084472656,34.9900016784668,22016,0.0,0.0
2024-08-28 13:50:00-04:00,34.97999954223633,35.02000045776367,34.97999954223633,35.01499938964844,14615,0.0,0.0
2024-08-28 13:51:00-04:00,35.02000045776367,35.025001525878906,34.970001220703125,34.974998474121094,14568,0.0,0.0
2024-08-28 13:52:00-04:00,34.974998474121094,34.974998474121094,34.939998626708984,34.94499969482422,13136,0.0,0.0
2024-08-28 13:53:00-04:00,34.94499969482422,34.959999084472656,34.939998626708984,34.939998626708984,17226,0.0,0.0
2024-08-28 13:54:00-04:00,34.939998626708984,34.95000076293945,34.935001373291016,34.939998626708984,16248,0.0,0.0
2024-08-28 13:55:00-04:00,34.93000030517578,34.93000030517578,34.90999984741211,34.90999984741211,8287,0.0,0.0
2024-08-28 13:56:00-04:00,34.904998779296875,34.90999984741211,34.88999938964844,34.89500045776367,7033,0.0,0.0
2024-08-28 13:57:00-04:00,34.900001525878906,34.90999984741211,34.869998931884766,34.880001068115234,16785,0.0,0.0
2024-08-28 13:58:00-04:00,34.875,34.875,34.849998474121094,34.86000061035156,7052,0.0,0.0
2024-08-28 13:59:00-04:00,34.849998474121094,34.849998474121094,34.82500076293945,34.834999084472656,8442,0.0,0.0
2024-08-28 14:00:00-04:00,34.834999084472656,34.84000015258789,34.814998626708984,34.814998626708984,11210,0.0,0.0
2024-08-28 14:01:00-04:00,34.814998626708984,34.834999084472656,34.814998626708984,34.81999969482422,21684,0.0,0.0
2024-08-28 14:02:00-04:00,34.81999969482422,34.82500076293945,34.80500030517578,34.82500076293945,7720,0.0,0.0
2024-08-28 14:03:00-04:00,34.81999969482422,34.845001220703125,34.810001373291016,34.820098876953125,16783,0.0,0.0
2024-08-28 14:04:00-04:00,34.83000183105469,34.83000183105469,34.79499816894531,34.80500030517578,16996,0.0,0.0
2024-08-28 14:05:00-04:00,34.80500030517578,34.81999969482422,34.80500030517578,34.81999969482422,14433,0.0,0.0
2024-08-28 14:06:00-04:00,34.81999969482422,34.82500076293945,34.77000045776367,34.78499984741211,42347,0.0,0.0
2024-08-28 14:07:00-04:00,34.790000915527344,34.834999084472656,34.779998779296875,34.834999084472656,17958,0.0,0.0
2024-08-28 14:08:00-04:00,34.834999084472656,34.86000061035156,34.834999084472656,34.849998474121094,39093,0.0,0.0
2024-08-28 14:09:00-04:00,34.849998474121094,34.900001525878906,34.849998474121094,34.89500045776367,42627,0.0,0.0
2024-08-28 14:10:00-04:00,34.89500045776367,34.900001525878906,34.880001068115234,34.8849983215332,15244,0.0,0.0
2024-08-28 14:11:00-04:00,34.880001068115234,34.88999938964844,34.880001068115234,34.880001068115234,12720,0.0,0.0
2024-08-28 14:12:00-04:00,34.880001068115234,34.88999938964844,34.869998931884766,34.869998931884766,11681,0.0,0.0
2024-08-28 14:13:00-04:00,34.875,34.904998779296875,34.875,34.904998779296875,12401,0.0,0.0
2024-08-28 14:14:00-04:00,34.90999984741211,34.91999816894531,34.90999984741211,34.915000915527344,5409,0.0,0.0
2024-08-28 14:15:00-04:00,34.90999984741211,34.92499923706055,34.904998779296875,34.92499923706055,18109,0.0,0.0
2024-08-28 14:16:00-04:00,34.92499923706055,34.92499923706055,34.915000915527344,34.915000915527344,12818,0.0,0.0
2024-08-28 14:17:00-04:00,34.915000915527344,34.91999816894531,34.900001525878906,34.91999816894531,37109,0.0,0.0
2024-08-28 14:18:00-04:00,34.915000915527344,34.91999816894531,34.915000915527344,34.915000915527344,6150,0.0,0.0
2024-08-28 14:19:00-04:00,34.915000915527344,34.92499923706055,34.900001525878906,34.90999984741211,45692,0.0,0.0
2024-08-28 14:20:00-04:00,34.90999984741211,34.92499923706055,34.907501220703125,34.92499923706055,7887,0.0,0.0
2024-08-28 14:21:00-04:00,34.92499923706055,34.93000030517578,34.88999938964844,34.915000915527344,15423,0.0,0.0
2024-08-28 14:22:00-04:00,34.915000915527344,34.915000915527344,34.88999938964844,34.88999938964844,9705,0.0,0.0
2024-08-28 14:23:00-04:00,34.880001068115234,34.88999938964844,34.85499954223633,34.880001068115234,20196,0.0,0.0
2024-08-28 14:24:00-04:00,34.869998931884766,34.8849983215332,34.869998931884766,34.875,8375,0.0,0.0
2024-08-28 14:25:00-04:00,34.869998931884766,34.880001068115234,34.86000061035156,34.86000061035156,16792,0.0,0.0
2024-08-28 14:26:00-04:00,34.86000061035156,34.869998931884766,34.86000061035156,34.869998931884766,6984,0.0,0.0
2024-08-28 14:27:00-04:00,34.86000061035156,34.86000061035156,34.84000015258789,34.85499954223633,12559,0.0,0.0
2024-08-28 14:28:00-04:00,34.849998474121094,34.86000061035156,34.81999969482422,34.81999969482422,11235,0.0,0.0
2024-08-28 14:29:00-04:00,34.83000183105469,34.83000183105469,34.81999969482422,34.82500076293945,7821,0.0,0.0
2024-08-28 14:30:00-04:00,34.82500076293945,34.900001525878906,34.82500076293945,34.900001525878906,31669,0.0,0.0
2024-08-28 14:31:00-04:00,34.89500045776367,34.91999816894531,34.88999938964844,34.91999816894531,26266,0.0,0.0
2024-08-28 14:32:00-04:00,34.915000915527344,34.93000030517578,34.90999984741211,34.93000030517578,20432,0.0,0.0
2024-08-28 14:33:00-04:00,34.92499923706055,34.939998626708984,34.91999816894531,34.92499923706055,24028,0.0,0.0
2024-08-28 14:34:00-04:00,34.92499923706055,34.96500015258789,34.91999816894531,34.96500015258789,23856,0.0,0.0
2024-08-28 14:35:00-04:00,34.96500015258789,34.970001220703125,34.93000030517578,34.94499969482422,34053,0.0,0.0
2024-08-28 14:36:00-04:00,34.94580078125,34.95500183105469,34.939998626708984,34.94499969482422,12951,0.0,0.0
2024-08-28 14:37:00-04:00,34.939998626708984,34.959999084472656,34.939998626708984,34.95000076293945,18081,0.0,0.0
2024-08-28 14:38:00-04:00,34.94499969482422,34.94499969482422,34.939998626708984,34.94499969482422,3435,0.0,0.0
2024-08-28 14:39:00-04:00,34.94499969482422,34.959999084472656,34.939998626708984,34.95009994506836,30483,0.0,0.0
2024-08-28 14:40:00-04:00,34.959999084472656,34.974998474121094,34.959999084472656,34.96500015258789,32186,0.0,0.0
2024-08-28 14:41:00-04:00,34.959999084472656,34.96500015258789,34.959999084472656,34.959999084472656,10910,0.0,0.0
2024-08-28 14:42:00-04:00,34.959999084472656,34.96500015258789,34.93000030517578,34.96500015258789,28791,0.0,0.0
2024-08-28 14:43:00-04:00,34.96500015258789,34.970001220703125,34.959999084472656,34.96500015258789,20047,0.0,0.0
2024-08-28 14:44:00-04:00,34.959999084472656,34.970001220703125,34.95000076293945,34.96500015258789,16243,0.0,0.0
2024-08-28 14:45:00-04:00,34.96500015258789,34.970001220703125,34.95500183105469,34.95500183105469,12712,0.0,0.0
2024-08-28 14:46:00-04:00,34.95500183105469,34.95500183105469,34.93000030517578,34.935001373291016,22517,0.0,0.0
2024-08-28 14:47:00-04:00,34.935001373291016,34.95000076293945,34.93000030517578,34.95000076293945,39165,0.0,0.0
2024-08-28 14:48:00-04:00,34.94499969482422,34.959999084472656,34.93000030517578,34.935001373291016,48666,0.0,0.0
2024-08-28 14:49:00-04:00,34.935001373291016,34.935001373291016,34.91999816894531,34.935001373291016,20740,0.0,0.0
2024-08-28 14:50:00-04:00,34.935001373291016,34.95000076293945,34.93000030517578,34.93000030517578,64920,0.0,0.0
2024-08-28 14:51:00-04:00,34.939998626708984,34.959999084472656,34.935001373291016,34.959999084472656,40294,0.0,0.0
2024-08-28 14:52:00-04:00,34.95500183105469,34.970001220703125,34.94499969482422,34.94499969482422,36340,0.0,0.0
2024-08-28 14:53:00-04:00,34.94499969482422,34.96500015258789,34.939998626708984,34.959999084472656,21213,0.0,0.0
2024-08-28 14:54:00-04:00,34.95500183105469,34.974998474121094,34.95000076293945,34.974998474121094,49706,0.0,0.0
2024-08-28 14:55:00-04:00,34.974998474121094,34.974998474121094,34.959999084472656,34.96500015258789,18463,0.0,0.0
2024-08-28 14:56:00-04:00,34.96500015258789,34.989898681640625,34.96500015258789,34.98500061035156,28623,0.0,0.0
2024-08-28 14:57:00-04:00,34.98500061035156,35.0099983215332,34.98500061035156,35.0,39739,0.0,0.0
2024-08-28 14:58:00-04:00,35.0,35.0,34.970001220703125,34.9900016784668,68610,0.0,0.0
2024-08-28 14:59:00-04:00,34.994998931884766,35.029998779296875,34.9900016784668,35.025001525878906,32377,0.0,0.0
2024-08-28 15:00:00-04:00,35.025001525878906,35.029998779296875,35.0,35.0099983215332,30745,0.0,0.0
2024-08-28 15:01:00-04:00,35.0099983215332,35.025001525878906,35.005001068115234,35.01499938964844,32315,0.0,0.0
2024-08-28 15:02:00-04:00,35.02000045776367,35.040000915527344,35.02000045776367,35.029998779296875,35604,0.0,0.0
2024-08-28 15:03:00-04:00,35.025001525878906,35.03499984741211,35.01499938964844,35.03499984741211,28862,0.0,0.0
2024-08-28 15:04:00-04:00,35.03499984741211,35.05500030517578,35.029998779296875,35.04999923706055,29505,0.0,0.0
2024-08-28 15:05:00-04:00,35.05500030517578,35.06999969482422,35.04999923706055,35.064998626708984,60865,0.0,0.0
2024-08-28 15:06:00-04:00,35.064998626708984,35.084999084472656,35.064998626708984,35.084999084472656,43890,0.0,0.0
2024-08-28 15:07:00-04:00,35.08000183105469,35.084999084472656,35.040000915527344,35.04499816894531,30954,0.0,0.0
2024-08-28 15:08:00-04:00,35.04499816894531,35.04999923706055,35.029998779296875,35.03499984741211,44483,0.0,0.0
2024-08-28 15:09:00-04:00,35.03499984741211,35.03499984741211,34.95000076293945,35.0,73922,0.0,0.0
2024-08-28 15:10:00-04:00,34.9900016784668,35.00400161743164,34.97999954223633,35.00400161743164,21858,0.0,0.0
2024-08-28 15:11:00-04:00,35.005001068115234,35.005001068115234,34.9900016784668,34.994998931884766,38360,0.0,0.0
2024-08-28 15:12:00-04:00,34.9900016784668,35.0,34.98500061035156,34.98500061035156,38771,0.0,0.0
2024-08-28 15:13:00-04:00,34.98500061035156,34.994998931884766,34.959999084472656,34.970001220703125,59179,0.0,0.0
2024-08-28 15:14:00-04:00,34.97999954223633,34.97999954223633,34.97200012207031,34.974998474121094,12404,0.0,0.0
2024-08-28 15:15:00-04:00,34.974998474121094,34.974998474121094,34.959999084472656,34.974998474121094,34963,0.0,0.0
2024-08-28 15:16:00-04:00,34.974998474121094,34.974998474121094,34.95000076293945,34.959999084472656,29588,0.0,0.0
2024-08-28 15:17:00-04:00,34.95240020751953,34.95240020751953,34.935001373291016,34.94499969482422,16942,0.0,0.0
2024-08-28 15:18:00-04:00,34.94499969482422,34.95000076293945,34.8849983215332,34.935001373291016,71859,0.0,0.0
2024-08-28 15:19:00-04:00,34.935001373291016,34.94499969482422,34.915000915527344,34.935001373291016,17970,0.0,0.0
2024-08-28 15:20:00-04:00,34.935001373291016,34.96500015258789,34.935001373291016,34.959999084472656,23347,0.0,0.0
2024-08-28 15:21:00-04:00,34.95500183105469,34.97200012207031,34.935001373291016,34.939998626708984,33197,0.0,0.0
2024-08-28 15:22:00-04:00,34.939998626708984,34.939998626708984,34.880001068115234,34.89500045776367,49897,0.0,0.0
2024-08-28 15:23:00-04:00,34.900001525878906,34.900001525878906,34.86000061035156,34.875,25709,0.0,0.0
2024-08-28 15:24:00-04:00,34.875,34.880001068115234,34.869998931884766,34.875,15361,0.0,0.0
2024-08-28 15:25:00-04:00,34.875,34.8849983215332,34.869998931884766,34.880001068115234,60434,0.0,0.0
2024-08-28 15:26:00-04:00,34.875,34.8849983215332,34.86000061035156,34.880001068115234,69008,0.0,0.0
2024-08-28 15:27:00-04:00,34.880001068115234,34.8849983215332,34.875,34.8849983215332,23398,0.0,0.0
2024-08-28 15:28:00-04:00,34.8849983215332,34.89500045776367,34.869998931884766,34.88999938964844,62279,0.0,0.0
2024-08-28 15:29:00-04:00,34.8849983215332,34.90999984741211,34.88199996948242,34.904998779296875,35276,0.0,0.0
2024-08-28 15:30:00-04:00,34.904998779296875,34.904998779296875,34.8650016784668,34.8650016784668,66988,0.0,0.0
2024-08-28 15:31:00-04:00,34.8650016784668,34.8849983215332,34.8650016784668,34.8650016784668,34544,0.0,0.0
2024-08-28 15:32:00-04:00,34.869998931884766,34.869998931884766,34.810001373291016,34.814998626708984,47917,0.0,0.0
2024-08-28 15:33:00-04:00,34.814998626708984,34.81999969482422,34.79999923706055,34.80500030517578,22155,0.0,0.0
2024-08-28 15:34:00-04:00,34.80500030517578,34.80500030517578,34.75,34.775001525878906,77462,0.0,0.0
2024-08-28 15:35:00-04:00,34.775001525878906,34.78499984741211,34.75,34.76499938964844,54100,0.0,0.0
2024-08-28 15:36:00-04:00,34.77000045776367,34.80500030517578,34.77000045776367,34.78070068359375,41880,0.0,0.0
2024-08-28 15:37:00-04:00,34.78120040893555,34.79499816894531,34.72999954223633,34.790000915527344,59342,0.0,0.0
2024-08-28 15:38:00-04:00,34.73500061035156,34.790000915527344,34.70500183105469,34.73500061035156,80540,0.0,0.0
2024-08-28 15:39:00-04:00,34.72999954223633,34.7599983215332,34.724998474121094,34.7400016784668,33447,0.0,0.0
2024-08-28 15:40:00-04:00,34.744998931884766,34.77000045776367,34.7400016784668,34.755001068115234,68357,0.0,0.0
2024-08-28 15:41:00-04:00,34.755001068115234,34.779998779296875,34.75,34.779998779296875,43964,0.0,0.0
2024-08-28 15:42:00-04:00,34.779998779296875,34.779998779296875,34.755001068115234,34.76499938964844,35589,0.0,0.0
2024-08-28 15:43:00-04:00,34.76499938964844,34.79499816894531,34.76499938964844,34.79499816894531,69643,0.0,0.0
2024-08-28 15:44:00-04:00,34.79499816894531,34.80500030517578,34.779998779296875,34.790000915527344,43319,0.0,0.0
2024-08-28 15:45:00-04:00,34.79499816894531,34.84000015258789,34.79499816894531,34.84000015258789,70832,0.0,0.0
2024-08-28 15:46:00-04:00,34.845001220703125,34.845001220703125,34.78499984741211,34.79999923706055,74117,0.0,0.0
2024-08-28 15:47:00-04:00,34.80500030517578,34.82500076293945,34.79999923706055,34.82500076293945,66926,0.0,0.0
2024-08-28 15:48:00-04:00,34.81999969482422,34.82500076293945,34.790000915527344,34.79499816894531,42935,0.0,0.0
2024-08-28 15:49:00-04:00,34.790000915527344,34.79499816894531,34.7400016784668,34.7599983215332,109669,0.0,0.0
2024-08-28 15:50:00-04:00,34.76499938964844,34.779998779296875,34.689998626708984,34.75,141130,0.0,0.0
2024-08-28 15:51:00-04:00,34.755001068115234,34.78499984741211,34.72999954223633,34.77000045776367,99970,0.0,0.0
2024-08-28 15:52:00-04:00,34.77000045776367,34.79499816894531,34.709999084472656,34.7400016784668,120415,0.0,0.0
2024-08-28 15:53:00-04:00,34.744998931884766,34.810001373291016,34.72999954223633,34.790000915527344,93646,0.0,0.0
2024-08-28 15:54:00-04:00,34.790000915527344,34.790000915527344,34.69499969482422,34.755001068115234,202387,0.0,0.0
2024-08-28 15:55:00-04:00,34.75,34.755001068115234,34.66999816894531,34.685001373291016,195886,0.0,0.0
2024-08-28 15:56:00-04:00,34.68199920654297,34.75,34.66999816894531,34.724998474121094,182409,0.0,0.0
2024-08-28 15:57:00-04:00,34.724998474121094,34.7400016784668,34.685001373291016,34.70500183105469,196882,0.0,0.0
2024-08-28 15:58:00-04:00,34.70000076293945,34.70500183105469,34.63999938964844,34.66999816894531,303810,0.0,0.0
2024-08-28 15:59:00-04:00,34.66999816894531,34.790000915527344,34.66999816894531,34.7599983215332,380644,0.0,0.0
2024-08-29 09:30:00-04:00,34.66999816894531,34.720001220703125,34.66999816894531,34.720001220703125,336662,0.0,0.0
2024-08-29 09:31:00-04:00,34.66999816894531,34.959999084472656,34.56999969482422,34.70000076293945,102614,0.0,0.0
2024-08-29 09:32:00-04:00,34.6349983215332,34.90999984741211,34.599998474121094,34.6349983215332,90020,0.0,0.0
2024-08-29 09:33:00-04:00,34.599998474121094,34.66999816894531,33.9900016784668,34.11000061035156,135857,0.0,0.0
2024-08-29 09:34:00-04:00,34.060001373291016,34.16999816894531,33.869998931884766,33.97999954223633,106166,0.0,0.0
2024-08-29 09:35:00-04:00,34.02000045776367,34.04990005493164,33.81999969482422,33.84000015258789,89661,0.0,0.0
2024-08-29 09:36:00-04:00,33.84000015258789,34.099998474121094,33.79999923706055,34.060001373291016,91085,0.0,0.0
2024-08-29 09:37:00-04:00,34.099998474121094,34.540000915527344,34.099998474121094,34.51900100708008,83846,0.0,0.0
2024-08-29 09:38:00-04:00,34.4900016784668,34.79240036010742,34.470001220703125,34.72999954223633,65775,0.0,0.0
2024-08-29 09:39:00-04:00,34.7400016784668,34.81999969482422,34.599998474121094,34.779998779296875,83344,0.0,0.0
2024-08-29 09:40:00-04:00,34.68000030517578,34.720001220703125,34.66999816894531,34.720001220703125,69369,0.0,0.0
2024-08-29 09:41:00-04:00,34.720001220703125,34.810001373291016,34.66999816894531,34.66999816894531,48584,0.0,0.0
2024-08-29 09:42:00-04:00,34.66999816894531,34.68000030517578,34.5099983215332,34.58000183105469,43703,0.0,0.0
2024-08-29 09:43:00-04:00,34.43000030517578,34.68000030517578,34.15999984741211,34.43000030517578,163174,0.0,0.0
2024-08-29 09:44:00-04:00,34.40999984741211,34.52000045776367,34.31999969482422,34.39500045776367,52408,0.0,0.0
2024-08-29 09:45:00-04:00,34.369998931884766,34.560001373291016,34.349998474121094,34.54999923706055,54084,0.0,0.0
2024-08-29 09:46:00-04:00,34.560001373291016,34.72999954223633,34.54999923706055,34.72999954223633,50431,0.0,0.0
2024-08-29 09:47:00-04:00,34.720001220703125,34.81330108642578,34.67499923706055,34.810001373291016,26533,0.0,0.0
2024-08-29 09:48:00-04:00,34.790000915527344,34.959999084472656,34.75,34.939998626708984,157329,0.0,0.0
2024-08-29 09:49:00-04:00,34.92499923706055,35.119998931884766,34.84000015258789,35.09000015258789,82385,0.0,0.0
2024-08-29 09:50:00-04:00,35.08000183105469,35.20000076293945,35.05500030517578,35.17499923706055,68583,0.0,0.0
2024-08-29 09:51:00-04:00,35.185001373291016,35.185001373291016,35.0,35.119998931884766,67980,0.0,0.0
2024-08-29 09:52:00-04:00,35.130001068115234,35.290000915527344,35.11000061035156,35.20500183105469,62674,0.0,0.0
2024-08-29 09:53:00-04:00,35.244998931884766,35.244998931884766,35.099998474121094,35.189998626708984,70400,0.0,0.0
2024-08-29 09:54:00-04:00,35.189998626708984,35.209999084472656,35.04999923706055,35.20000076293945,76964,0.0,0.0
2024-08-29 09:55:00-04:00,35.209999084472656,35.35898208618164,35.20000076293945,35.345001220703125,110311,0.0,0.0
2024-08-29 09:56:00-04:00,35.34000015258789,35.630001068115234,35.33000183105469,35.59000015258789,121183,0.0,0.0
2024-08-29 09:57:00-04:00,35.59000015258789,35.66999816894531,35.540000915527344,35.6150016784668,56872,0.0,0.0
2024-08-29 09:58:00-04:00,35.61000061035156,35.63999938964844,35.54999923706055,35.560001373291016,49515,0.0,0.0
2024-08-29 09:59:00-04:00,35.560001373291016,35.70000076293945,35.52000045776367,35.6349983215332,74178,0.0,0.0
2024-08-29 10:00:00-04:00,35.63999938964844,35.75,35.630001068115234,35.75,65364,0.0,0.0
2024-08-29 10:01:00-04:00,35.72999954223633,35.880001068115234,35.70050048828125,35.880001068115234,97918,0.0,0.0
2024-08-29 10:02:00-04:00,35.810001373291016,35.93000030517578,35.79999923706055,35.810001373291016,92182,0.0,0.0
2024-08-29 10:03:00-04:00,35.81999969482422,35.93000030517578,35.81999969482422,35.900001525878906,57358,0.0,0.0
2024-08-29 10:04:00-04:00,35.900001525878906,36.119998931884766,35.900001525878906,36.08000183105469,192526,0.0,0.0
2024-08-29 10:05:00-04:00,36.060001373291016,36.15999984741211,36.040000915527344,36.130001068115234,109570,0.0,0.0
2024-08-29 10:06:00-04:00,36.13999938964844,36.16999816894531,36.09000015258789,36.13999938964844,87499,0.0,0.0
2024-08-29 10:07:00-04:00,36.13010025024414,36.275001525878906,36.070098876953125,36.2599983215332,87816,0.0,0.0
2024-08-29 10:08:00-04:00,36.27000045776367,36.3650016784668,36.209999084472656,36.29999923706055,104754,0.0,0.0
2024-08-29 10:09:00-04:00,36.310001373291016,36.415000915527344,36.29999923706055,36.35499954223633,88755,0.0,0.0
2024-08-29 10:10:00-04:00,36.36000061035156,36.41999816894531,36.334999084472656,36.380001068115234,67862,0.0,0.0
2024-08-29 10:11:00-04:00,36.3849983215332,36.470001220703125,36.369998931884766,36.45000076293945,107021,0.0,0.0
2024-08-29 10:12:00-04:00,36.45000076293945,36.45500183105469,36.279998779296875,36.279998779296875,302286,0.0,0.0
2024-08-29 10:13:00-04:00,36.290000915527344,36.33000183105469,36.220001220703125,36.290000915527344,100828,0.0,0.0
2024-08-29 10:14:00-04:00,36.29999923706055,36.34000015258789,36.209999084472656,36.310001373291016,109179,0.0,0.0
2024-08-29 10:15:00-04:00,36.31999969482422,36.34000015258789,36.18000030517578,36.21799850463867,101424,0.0,0.0
2024-08-29 10:16:00-04:00,36.209999084472656,36.380001068115234,36.209999084472656,36.37770080566406,37640,0.0,0.0
2024-08-29 10:17:00-04:00,36.380001068115234,36.4900016784668,36.380001068115234,36.46989822387695,54150,0.0,0.0
2024-08-29 10:18:00-04:00,36.470001220703125,36.5,36.290000915527344,36.334999084472656,133527,0.0,0.0
2024-08-29 10:19:00-04:00,36.334999084472656,36.47999954223633,36.33000183105469,36.45000076293945,46443,0.0,0.0
2024-08-29 10:20:00-04:00,36.459999084472656,36.4900016784668,36.400001525878906,36.45000076293945,43547,0.0,0.0
2024-08-29 10:21:00-04:00,36.45000076293945,36.5,36.439998626708984,36.48500061035156,40940,0.0,0.0
2024-08-29 10:22:00-04:00,36.48500061035156,36.54999923706055,36.45000076293945,36.52000045776367,53984,0.0,0.0
2024-08-29 10:23:00-04:00,36.51499938964844,36.72999954223633,36.51499938964844,36.630001068115234,57580,0.0,0.0
2024-08-29 10:24:00-04:00,36.630001068115234,36.650001525878906,36.5900993347168,36.63999938964844,43147,0.0,0.0
2024-08-29 10:25:00-04:00,36.630001068115234,36.7400016784668,36.599998474121094,36.630001068115234,44930,0.0,0.0
2024-08-29 10:26:00-04:00,36.63999938964844,36.72999954223633,36.63999938964844,36.72999954223633,61191,0.0,0.0
2024-08-29 10:27:00-04:00,36.72999954223633,36.7599983215332,36.700599670410156,36.744998931884766,45261,0.0,0.0
2024-08-29 10:28:00-04:00,36.744998931884766,36.755001068115234,36.724998474121094,36.755001068115234,36155,0.0,0.0
2024-08-29 10:29:00-04:00,36.755001068115234,36.755001068115234,36.650001525878906,36.685001373291016,45974,0.0,0.0
2024-08-29 10:30:00-04:00,36.685001373291016,36.75,36.66999816894531,36.75,41219,0.0,0.0
2024-08-29 10:31:00-04:00,36.7400016784668,36.790000915527344,36.70000076293945,36.790000915527344,44879,0.0,0.0
2024-08-29 10:32:00-04:00,36.779998779296875,36.83000183105469,36.7400016784668,36.82500076293945,45238,0.0,0.0
2024-08-29 10:33:00-04:00,36.81999969482422,36.84000015258789,36.79499816894531,36.84000015258789,38085,0.0,0.0
2024-08-29 10:34:00-04:00,36.849998474121094,36.86989974975586,36.83000183105469,36.86000061035156,55550,0.0,0.0
2024-08-29 10:35:00-04:00,36.689998626708984,36.86000061035156,36.68000030517578,36.689998626708984,83229,0.0,0.0
2024-08-29 10:36:00-04:00,36.70000076293945,36.720001220703125,36.54999923706055,36.56990051269531,79221,0.0,0.0
2024-08-29 10:37:00-04:00,36.56999969482422,36.619998931884766,36.56999969482422,36.6150016784668,25807,0.0,0.0
2024-08-29 10:38:00-04:00,36.61000061035156,36.66999816894531,36.61000061035156,36.630001068115234,52029,0.0,0.0
2024-08-29 10:39:00-04:00,36.630001068115234,36.70000076293945,36.630001068115234,36.65999984741211,43925,0.0,0.0
2024-08-29 10:40:00-04:00,36.65999984741211,36.755001068115234,36.65999984741211,36.68000030517578,38877,0.0,0.0
2024-08-29 10:41:00-04:00,36.69499969482422,36.70000076293945,36.560001373291016,36.560001373291016,91786,0.0,0.0
2024-08-29 10:42:00-04:00,36.560001373291016,36.628700256347656,36.560001373291016,36.59000015258789,43337,0.0,0.0
2024-08-29 10:43:00-04:00,36.59000015258789,36.63999938964844,36.52000045776367,36.525001525878906,55145,0.0,0.0
2024-08-29 10:44:00-04:00,36.529998779296875,36.625,36.529998779296875,36.584999084472656,43380,0.0,0.0
2024-08-29 10:45:00-04:00,36.584999084472656,36.66999816894531,36.56999969482422,36.58000183105469,74249,0.0,0.0
2024-08-29 10:46:00-04:00,36.56999969482422,36.61000061035156,36.560001373291016,36.60200119018555,27475,0.0,0.0
2024-08-29 10:47:00-04:00,36.61000061035156,36.63999938964844,36.59000015258789,36.6349983215332,24764,0.0,0.0
2024-08-29 10:48:00-04:00,36.630001068115234,36.64500045776367,36.61000061035156,36.619998931884766,35044,0.0,0.0
2024-08-29 10:49:00-04:00,36.61000061035156,36.619998931884766,36.56999969482422,36.599998474121094,29933,0.0,0.0
2024-08-29 10:50:00-04:00,36.584999084472656,36.60660171508789,36.58000183105469,36.599998474121094,28641,0.0,0.0
2024-08-29 10:51:00-04:00,36.59000015258789,36.619998931884766,36.470001220703125,36.47999954223633,48344,0.0,0.0
2024-08-29 10:52:00-04:00,36.47999954223633,36.48500061035156,36.33000183105469,36.345001220703125,61749,0.0,0.0
2024-08-29 10:53:00-04:00,36.349998474121094,36.369998931884766,36.279998779296875,36.28499984741211,66465,0.0,0.0
2024-08-29 10:54:00-04:00,36.28099822998047,36.29999923706055,36.220001220703125,36.22990036010742,84966,0.0,0.0
2024-08-29 10:55:00-04:00,36.224998474121094,36.529998779296875,36.224998474121094,36.5,79500,0.0,0.0
2024-08-29 10:56:00-04:00,36.47999954223633,36.47999954223633,36.3849983215332,36.3849983215332,35748,0.0,0.0
2024-08-29 10:57:00-04:00,36.3849983215332,36.40999984741211,36.349998474121094,36.400001525878906,29197,0.0,0.0
2024-08-29 10:58:00-04:00,36.38999938964844,36.467498779296875,36.38999938964844,36.46500015258789,27700,0.0,0.0
2024-08-29 10:59:00-04:00,36.46500015258789,36.56999969482422,36.46500015258789,36.54999923706055,45814,0.0,0.0
2024-08-29 11:00:00-04:00,36.560001373291016,36.619998931884766,36.54999923706055,36.61000061035156,38201,0.0,0.0
2024-08-29 11:01:00-04:00,36.6150016784668,36.619998931884766,36.47999954223633,36.54499816894531,66461,0.0,0.0
2024-08-29 11:02:00-04:00,36.54499816894531,36.58000183105469,36.5099983215332,36.564998626708984,25095,0.0,0.0
2024-08-29 11:03:00-04:00,36.56999969482422,36.56999969482422,36.5099983215332,36.52000045776367,28925,0.0,0.0
2024-08-29 11:04:00-04:00,36.5099983215332,36.52000045776367,36.45000076293945,36.4900016784668,31629,0.0,0.0
2024-08-29 11:05:00-04:00,36.4900016784668,36.5,36.43000030517578,36.43009948730469,23524,0.0,0.0
2024-08-29 11:06:00-04:00,36.43000030517578,36.43000030517578,36.380001068115234,36.38999938964844,38491,0.0,0.0
2024-08-29 11:07:00-04:00,36.40999984741211,36.41999816894531,36.36000061035156,36.369998931884766,43100,0.0,0.0
2024-08-29 11:08:00-04:00,36.36000061035156,36.36000061035156,36.310001373291016,36.349998474121094,32106,0.0,0.0
2024-08-29 11:09:00-04:00,36.35499954223633,36.36000061035156,36.310001373291016,36.31100082397461,34379,0.0,0.0
2024-08-29 11:10:00-04:00,36.31019973754883,36.36000061035156,36.310001373291016,36.314998626708984,40633,0.0,0.0
2024-08-29 11:11:00-04:00,36.35499954223633,36.36000061035156,36.30500030517578,36.35499954223633,89107,0.0,0.0
2024-08-29 11:12:00-04:00,36.349998474121094,36.349998474121094,36.2599983215332,36.279998779296875,47923,0.0,0.0
2024-08-29 11:13:00-04:00,36.279998779296875,36.380001068115234,36.279998779296875,36.380001068115234,40364,0.0,0.0
2024-08-29 11:14:00-04:00,36.3849983215332,36.470001220703125,36.380001068115234,36.439998626708984,39531,0.0,0.0
2024-08-29 11:15:00-04:00,36.439998626708984,36.4900016784668,36.435001373291016,36.440101623535156,30664,0.0,0.0
2024-08-29 11:16:00-04:00,36.439998626708984,36.439998626708984,36.400001525878906,36.42399978637695,26655,0.0,0.0
2024-08-29 11:17:00-04:00,36.41999816894531,36.41999816894531,36.33000183105469,36.345001220703125,20385,0.0,0.0
2024-08-29 11:18:00-04:00,36.34000015258789,36.34000015258789,36.26499938964844,36.310001373291016,33653,0.0,0.0
2024-08-29 11:19:00-04:00,36.310001373291016,36.314998626708984,36.2599983215332,36.279998779296875,27570,0.0,0.0
2024-08-29 11:20:00-04:00,36.28499984741211,36.31999969482422,36.279998779296875,36.29999923706055,22126,0.0,0.0
2024-08-29 11:21:00-04:00,36.29999923706055,36.310001373291016,36.2400016784668,36.2400016784668,29134,0.0,0.0
2024-08-29 11:22:00-04:00,36.244998931884766,36.27000045776367,36.224998474121094,36.22999954223633,26503,0.0,0.0
2024-08-29 11:23:00-04:00,36.2400016784668,36.279998779296875,36.22999954223633,36.27000045776367,18134,0.0,0.0
2024-08-29 11:24:00-04:00,36.2599983215332,36.36000061035156,36.2599983215332,36.36000061035156,24851,0.0,0.0
2024-08-29 11:25:00-04:00,36.380001068115234,36.3849983215332,36.33000183105469,36.380001068115234,26131,0.0,0.0
2024-08-29 11:26:00-04:00,36.369998931884766,36.38999938964844,36.36000061035156,36.369998931884766,38858,0.0,0.0
2024-08-29 11:27:00-04:00,36.36000061035156,36.40999984741211,36.36000061035156,36.38999938964844,21785,0.0,0.0
2024-08-29 11:28:00-04:00,36.38999938964844,36.459999084472656,36.375,36.459999084472656,33928,0.0,0.0
2024-08-29 11:29:00-04:00,36.459999084472656,36.4900016784668,36.44499969482422,36.47999954223633,40508,0.0,0.0
2024-08-29 11:30:00-04:00,36.47999954223633,36.59000015258789,36.470001220703125,36.56999969482422,75539,0.0,0.0
2024-08-29 11:31:00-04:00,36.56999969482422,36.58000183105469,36.54999923706055,36.560001373291016,26863,0.0,0.0
2024-08-29 11:32:00-04:00,36.54999923706055,36.56999969482422,36.50640106201172,36.540000915527344,20263,0.0,0.0
2024-08-29 11:33:00-04:00,36.53499984741211,36.536598205566406,36.5,36.529998779296875,14896,0.0,0.0
2024-08-29 11:34:00-04:00,36.53499984741211,36.55500030517578,36.5,36.52000045776367,38467,0.0,0.0
2024-08-29 11:35:00-04:00,36.529998779296875,36.540000915527344,36.5099983215332,36.529998779296875,22342,0.0,0.0
2024-08-29 11:36:00-04:00,36.529998779296875,36.53499984741211,36.459999084472656,36.46030044555664,42569,0.0,0.0
2024-08-29 11:37:00-04:00,36.459999084472656,36.459999084472656,36.369998931884766,36.369998931884766,66085,0.0,0.0
2024-08-29 11:38:00-04:00,36.369998931884766,36.404998779296875,36.34000015258789,36.36000061035156,69621,0.0,0.0
2024-08-29 11:39:00-04:00,36.36000061035156,36.38999938964844,36.349998474121094,36.375,36024,0.0,0.0
2024-08-29 11:40:00-04:00,36.37009811401367,36.380001068115234,36.33000183105469,36.33000183105469,30881,0.0,0.0
2024-08-29 11:41:00-04:00,36.33000183105469,36.34000015258789,36.30500030517578,36.32500076293945,51664,0.0,0.0
2024-08-29 11:42:00-04:00,36.31999969482422,36.34000015258789,36.275001525878906,36.279998779296875,31490,0.0,0.0
2024-08-29 11:43:00-04:00,36.27000045776367,36.31999969482422,36.2599983215332,36.310001373291016,32567,0.0,0.0
2024-08-29 11:44:00-04:00,36.314998626708984,36.314998626708984,36.25,36.26499938964844,18195,0.0,0.0
2024-08-29 11:45:00-04:00,36.279998779296875,36.34000015258789,36.27000045776367,36.279998779296875,47245,0.0,0.0
2024-08-29 11:46:00-04:00,36.275001525878906,36.279998779296875,36.2400016784668,36.2400016784668,15130,0.0,0.0
2024-08-29 11:47:00-04:00,36.2400016784668,36.279998779296875,36.220001220703125,36.27949905395508,20409,0.0,0.0
2024-08-29 11:48:00-04:00,36.275001525878906,36.29999923706055,36.27000045776367,36.29999923706055,26038,0.0,0.0
2024-08-29 11:49:00-04:00,36.30009841918945,36.36000061035156,36.29999923706055,36.36000061035156,15364,0.0,0.0
2024-08-29 11:50:00-04:00,36.36000061035156,36.36000061035156,36.301998138427734,36.345001220703125,23261,0.0,0.0
2024-08-29 11:51:00-04:00,36.349998474121094,36.41999816894531,36.349998474121094,36.415000915527344,20035,0.0,0.0
2024-08-29 11:52:00-04:00,36.40999984741211,36.44499969482422,36.40999984741211,36.415000915527344,14534,0.0,0.0
2024-08-29 11:53:00-04:00,36.40999984741211,36.439998626708984,36.404998779296875,36.439998626708984,15780,0.0,0.0
2024-08-29 11:54:00-04:00,36.45000076293945,36.470001220703125,36.439998626708984,36.45500183105469,19970,0.0,0.0
2024-08-29 11:55:00-04:00,36.45500183105469,36.47999954223633,36.42499923706055,36.474998474121094,17413,0.0,0.0
2024-08-29 11:56:00-04:00,36.470001220703125,36.52000045776367,36.459999084472656,36.474998474121094,28097,0.0,0.0
2024-08-29 11:57:00-04:00,36.474998474121094,36.540000915527344,36.474998474121094,36.53499984741211,10523,0.0,0.0
2024-08-29 11:58:00-04:00,36.53499984741211,36.5442008972168,36.5099983215332,36.5442008972168,22569,0.0,0.0
2024-08-29 11:59:00-04:00,36.54499816894531,36.54999923706055,36.51499938964844,36.52000045776367,13142,0.0,0.0
2024-08-29 12:00:00-04:00,36.53499984741211,36.54499816894531,36.51499938964844,36.529998779296875,24434,0.0,0.0
2024-08-29 12:01:00-04:00,36.540000915527344,36.540000915527344,36.470001220703125,36.47999954223633,15708,0.0,0.0
2024-08-29 12:02:00-04:00,36.48500061035156,36.529998779296875,36.48500061035156,36.494998931884766,12249,0.0,0.0
2024-08-29 12:03:00-04:00,36.4900016784668,36.529998779296875,36.474998474121094,36.52199935913086,15342,0.0,0.0
2024-08-29 12:04:00-04:00,36.529998779296875,36.529998779296875,36.470001220703125,36.474998474121094,28091,0.0,0.0
2024-08-29 12:05:00-04:00,36.474998474121094,36.474998474121094,36.400001525878906,36.44499969482422,48859,0.0,0.0
2024-08-29 12:06:00-04:00,36.439998626708984,36.470001220703125,36.439998626708984,36.45000076293945,14075,0.0,0.0
2024-08-29 12:07:00-04:00,36.45000076293945,36.45500183105469,36.43009948730469,36.44499969482422,14777,0.0,0.0
2024-08-29 12:08:00-04:00,36.48500061035156,36.48500061035156,36.44499969482422,36.48500061035156,9893,0.0,0.0
2024-08-29 12:09:00-04:00,36.47999954223633,36.4900016784668,36.45000076293945,36.470001220703125,27491,0.0,0.0
2024-08-29 12:10:00-04:00,36.470001220703125,36.48500061035156,36.45000076293945,36.48500061035156,9134,0.0,0.0
2024-08-29 12:11:00-04:00,36.48500061035156,36.48500061035156,36.44499969482422,36.470001220703125,18088,0.0,0.0
2024-08-29 12:12:00-04:00,36.46500015258789,36.474998474121094,36.459999084472656,36.470001220703125,7872,0.0,0.0
2024-08-29 12:13:00-04:00,36.5,36.505001068115234,36.46500015258789,36.5,22124,0.0,0.0
2024-08-29 12:14:00-04:00,36.505001068115234,36.505001068115234,36.46500015258789,36.46500015258789,11839,0.0,0.0
2024-08-29 12:15:00-04:00,36.470001220703125,36.470001220703125,36.38999938964844,36.41999816894531,31092,0.0,0.0
2024-08-29 12:16:00-04:00,36.399898529052734,36.415000915527344,36.380001068115234,36.415000915527344,19832,0.0,0.0
2024-08-29 12:17:00-04:00,36.410099029541016,36.412498474121094,36.380001068115234,36.38990020751953,14838,0.0,0.0
2024-08-29 12:18:00-04:00,36.380001068115234,36.429901123046875,36.380001068115234,36.429901123046875,10726,0.0,0.0
2024-08-29 12:19:00-04:00,36.42499923706055,36.45830154418945,36.42499923706055,36.45000076293945,13028,0.0,0.0
2024-08-29 12:20:00-04:00,36.45500183105469,36.48500061035156,36.45500183105469,36.470001220703125,9935,0.0,0.0
2024-08-29 12:21:00-04:00,36.5,36.5,36.5,36.5,20605,0.0,0.0
2024-08-29 12:22:00-04:00,36.4900016784668,36.494998931884766,36.459999084472656,36.470001220703125,16825,0.0,0.0
2024-08-29 12:23:00-04:00,36.459999084472656,36.470001220703125,36.45500183105469,36.470001220703125,12442,0.0,0.0
2024-08-29 12:24:00-04:00,36.470001220703125,36.470001220703125,36.42499923706055,36.44499969482422,15740,0.0,0.0
2024-08-29 12:25:00-04:00,36.44499969482422,36.45000076293945,36.40999984741211,36.439998626708984,21274,0.0,0.0
2024-08-29 12:26:00-04:00,36.44499969482422,36.470001220703125,36.439998626708984,36.44499969482422,15815,0.0,0.0
2024-08-29 12:27:00-04:00,36.439998626708984,36.439998626708984,36.41999816894531,36.42100143432617,12309,0.0,0.0
2024-08-29 12:28:00-04:00,36.41999816894531,36.43000030517578,36.40999984741211,36.40999984741211,7697,0.0,0.0
2024-08-29 12:29:00-04:00,36.40999984741211,36.415000915527344,36.38999938964844,36.415000915527344,15314,0.0,0.0
2024-08-29 12:30:00-04:00,36.415000915527344,36.415000915527344,36.3849983215332,36.400001525878906,20369,0.0,0.0
2024-08-29 12:31:00-04:00,36.404998779296875,36.415000915527344,36.38999938964844,36.415000915527344,18181,0.0,0.0
2024-08-29 12:32:00-04:00,36.41999816894531,36.43000030517578,36.415000915527344,36.43000030517578,6168,0.0,0.0
2024-08-29 12:33:00-04:00,36.42499923706055,36.42499923706055,36.40999984741211,36.415000915527344,11440,0.0,0.0
2024-08-29 12:34:00-04:00,36.40999984741211,36.41999816894531,36.404998779296875,36.404998779296875,16361,0.0,0.0
2024-08-29 12:35:00-04:00,36.404998779296875,36.404998779296875,36.3849983215332,36.38999938964844,21036,0.0,0.0
2024-08-29 12:36:00-04:00,36.38999938964844,36.38999938964844,36.36000061035156,36.36000061035156,12679,0.0,0.0
2024-08-29 12:37:00-04:00,36.3650016784668,36.3650016784668,36.334999084472656,36.345001220703125,15535,0.0,0.0
2024-08-29 12:38:00-04:00,36.34000015258789,36.34000015258789,36.29999923706055,36.30099868774414,24109,0.0,0.0
2024-08-29 12:39:00-04:00,36.310001373291016,36.31999969482422,36.29999923706055,36.310001373291016,13586,0.0,0.0
2024-08-29 12:40:00-04:00,36.310001373291016,36.32500076293945,36.29999923706055,36.32500076293945,20169,0.0,0.0
2024-08-29 12:41:00-04:00,36.33000183105469,36.349998474121094,36.33000183105469,36.349998474121094,27381,0.0,0.0
2024-08-29 12:42:00-04:00,36.349998474121094,36.349998474121094,36.314998626708984,36.33000183105469,13104,0.0,0.0
2024-08-29 12:43:00-04:00,36.33000183105469,36.349998474121094,36.33000183105469,36.345001220703125,10492,0.0,0.0
2024-08-29 12:44:00-04:00,36.345001220703125,36.345001220703125,36.34000015258789,36.345001220703125,3603,0.0,0.0
2024-08-29 12:45:00-04:00,36.34000015258789,36.349998474121094,36.30500030517578,36.33440017700195,22102,0.0,0.0
2024-08-29 12:46:00-04:00,36.33000183105469,36.369998931884766,36.33000183105469,36.345001220703125,21927,0.0,0.0
2024-08-29 12:47:00-04:00,36.34000015258789,36.3650016784668,36.33000183105469,36.34000015258789,24052,0.0,0.0
2024-08-29 12:48:00-04:00,36.35499954223633,36.35499954223633,36.314998626708984,36.31800079345703,11528,0.0,0.0
2024-08-29 12:49:00-04:00,36.32500076293945,36.34000015258789,36.31999969482422,36.31999969482422,16582,0.0,0.0
2024-08-29 12:50:00-04:00,36.31999969482422,36.369998931884766,36.31999969482422,36.369998931884766,15642,0.0,0.0
2024-08-29 12:51:00-04:00,36.375,36.375,36.35499954223633,36.3650016784668,8994,0.0,0.0
2024-08-29 12:52:00-04:00,36.334999084472656,36.36000061035156,36.31999969482422,36.334999084472656,17133,0.0,0.0
2024-08-29 12:53:00-04:00,36.34000015258789,36.349998474121094,36.31999969482422,36.31999969482422,11511,0.0,0.0
2024-08-29 12:54:00-04:00,36.32500076293945,36.32500076293945,36.310001373291016,36.314998626708984,10424,0.0,0.0
2024-08-29 12:55:00-04:00,36.31999969482422,36.33000183105469,36.310001373291016,36.310001373291016,27825,0.0,0.0
2024-08-29 12:56:00-04:00,36.314998626708984,36.33000183105469,36.310001373291016,36.33000183105469,22128,0.0,0.0
2024-08-29 12:57:00-04:00,36.31999969482422,36.34000015258789,36.31999969482422,36.334999084472656,8938,0.0,0.0
2024-08-29 12:58:00-04:00,36.336299896240234,36.34000015258789,36.310001373291016,36.32500076293945,11850,0.0,0.0
2024-08-29 12:59:00-04:00,36.32500076293945,36.33000183105469,36.31999969482422,36.32500076293945,5397,0.0,0.0
2024-08-29 13:00:00-04:00,36.31999969482422,36.31999969482422,36.275001525878906,36.279998779296875,22860,0.0,0.0
2024-08-29 13:01:00-04:00,36.290000915527344,36.29499816894531,36.2400016784668,36.244998931884766,11850,0.0,0.0
2024-08-29 13:02:00-04:00,36.2401008605957,36.279998779296875,36.2401008605957,36.279998779296875,18923,0.0,0.0
2024-08-29 13:03:00-04:00,36.290000915527344,36.31999969482422,36.290000915527344,36.314998626708984,12902,0.0,0.0
2024-08-29 13:04:00-04:00,36.310001373291016,36.369998931884766,36.29499816894531,36.35499954223633,25188,0.0,0.0
2024-08-29 13:05:00-04:00,36.35499954223633,36.366600036621094,36.29499816894531,36.29999923706055,29918,0.0,0.0
2024-08-29 13:06:00-04:00,36.29499816894531,36.30500030517578,36.2599983215332,36.2599983215332,17029,0.0,0.0
2024-08-29 13:07:00-04:00,36.26499938964844,36.27000045776367,36.220001220703125,36.240501403808594,27074,0.0,0.0
2024-08-29 13:08:00-04:00,36.2400016784668,36.25,36.224998474121094,36.244998931884766,21374,0.0,0.0
2024-08-29 13:09:00-04:00,36.25,36.2599983215332,36.11000061035156,36.13999938964844,66935,0.0,0.0
2024-08-29 13:10:00-04:00,36.1349983215332,36.150001525878906,36.06010055541992,36.08000183105469,61042,0.0,0.0
2024-08-29 13:11:00-04:00,36.09000015258789,36.099998474121094,36.025001525878906,36.029998779296875,51425,0.0,0.0
2024-08-29 13:12:00-04:00,36.02000045776367,36.060001373291016,36.005001068115234,36.025001525878906,41115,0.0,0.0
2024-08-29 13:13:00-04:00,36.029998779296875,36.029998779296875,35.9900016784668,36.0,24206,0.0,0.0
2024-08-29 13:14:00-04:00,35.9900016784668,36.02000045776367,35.970001220703125,36.015499114990234,33470,0.0,0.0
2024-08-29 13:15:00-04:00,36.01499938964844,36.04999923706055,35.97999954223633,35.98500061035156,35559,0.0,0.0
2024-08-29 13:16:00-04:00,35.97999954223633,35.990501403808594,35.97019958496094,35.973201751708984,30862,0.0,0.0
2024-08-29 13:17:00-04:00,35.974998474121094,36.0099983215332,35.94499969482422,36.0099983215332,38022,0.0,0.0
2024-08-29 13:18:00-04:00,36.005001068115234,36.04999923706055,36.0,36.025001525878906,12054,0.0,0.0
2024-08-29 13:19:00-04:00,36.02000045776367,36.029998779296875,36.0099983215332,36.025001525878906,17015,0.0,0.0
2024-08-29 13:20:00-04:00,36.029998779296875,36.040000915527344,36.0,36.040000915527344,21483,0.0,0.0
2024-08-29 13:21:00-04:00,36.04499816894531,36.04999923706055,36.01499938964844,36.029998779296875,14268,0.0,0.0
2024-08-29 13:22:00-04:00,36.029998779296875,36.060001373291016,36.02000045776367,36.05500030517578,15646,0.0,0.0
2024-08-29 13:23:00-04:00,36.060001373291016,36.060001373291016,36.025001525878906,36.029998779296875,22880,0.0,0.0
2024-08-29 13:24:00-04:00,36.03499984741211,36.04499816894531,36.0099983215332,36.0166015625,11621,0.0,0.0
2024-08-29 13:25:00-04:00,36.0099983215332,36.02000045776367,36.0099983215332,36.01499938964844,14315,0.0,0.0
2024-08-29 13:26:00-04:00,36.01499938964844,36.06999969482422,36.01020050048828,36.064998626708984,17567,0.0,0.0
2024-08-29 13:27:00-04:00,36.06999969482422,36.09000015258789,36.04499816894531,36.04499816894531,23499,0.0,0.0
2024-08-29 13:28:00-04:00,36.040000915527344,36.06999969482422,36.040000915527344,36.064998626708984,10993,0.0,0.0
2024-08-29 13:29:00-04:00,36.064998626708984,36.06999969482422,36.060001373291016,36.06999969482422,12636,0.0,0.0
2024-08-29 13:30:00-04:00,36.06999969482422,36.1349983215332,36.060001373291016,36.1349983215332,40136,0.0,0.0
2024-08-29 13:31:00-04:00,36.1349983215332,36.13999938964844,36.1150016784668,36.119998931884766,30390,0.0,0.0
2024-08-29 13:32:00-04:00,36.119998931884766,36.130001068115234,36.080101013183594,36.125,22445,0.0,0.0
2024-08-29 13:33:00-04:00,36.130001068115234,36.130001068115234,36.0900993347168,36.119998931884766,47283,0.0,0.0
2024-08-29 13:34:00-04:00,36.119998931884766,36.119998931884766,36.082000732421875,36.095001220703125,17259,0.0,0.0
2024-08-29 13:35:00-04:00,36.09360122680664,36.099998474121094,36.09090042114258,36.095001220703125,9837,0.0,0.0
2024-08-29 13:36:00-04:00,36.095001220703125,36.095001220703125,36.040000915527344,36.04999923706055,18914,0.0,0.0
2024-08-29 13:37:00-04:00,36.060001373291016,36.060001373291016,36.02000045776367,36.025001525878906,17652,0.0,0.0
2024-08-29 13:38:00-04:00,36.025001525878906,36.03099822998047,36.0099983215332,36.0099983215332,15213,0.0,0.0
2024-08-29 13:39:00-04:00,36.0099983215332,36.0099983215332,35.97999954223633,36.005001068115234,31163,0.0,0.0
2024-08-29 13:40:00-04:00,36.005001068115234,36.04999923706055,36.00299835205078,36.01499938964844,56089,0.0,0.0
2024-08-29 13:41:00-04:00,36.0099983215332,36.029998779296875,35.959999084472656,36.0099983215332,49924,0.0,0.0
2024-08-29 13:42:00-04:00,36.005001068115234,36.0099983215332,35.974998474121094,35.9900016784668,23974,0.0,0.0
2024-08-29 13:43:00-04:00,36.0,36.005001068115234,35.974998474121094,35.974998474121094,24095,0.0,0.0
2024-08-29 13:44:00-04:00,35.97999954223633,35.97999954223633,35.970001220703125,35.974998474121094,23498,0.0,0.0
2024-08-29 13:45:00-04:00,35.974998474121094,35.974998474121094,35.939998626708984,35.95989990234375,29960,0.0,0.0
2024-08-29 13:46:00-04:00,35.959999084472656,36.0099983215332,35.95500183105469,35.994998931884766,33208,0.0,0.0
2024-08-29 13:47:00-04:00,35.9900016784668,35.9900016784668,35.95439910888672,35.96009826660156,29072,0.0,0.0
2024-08-29 13:48:00-04:00,35.96500015258789,35.970001220703125,35.91999816894531,35.93000030517578,20169,0.0,0.0
2024-08-29 13:49:00-04:00,35.939998626708984,35.959999084472656,35.880001068115234,35.92499923706055,46633,0.0,0.0
2024-08-29 13:50:00-04:00,35.92499923706055,35.935001373291016,35.849998474121094,35.880001068115234,41423,0.0,0.0
2024-08-29 13:51:00-04:00,35.88999938964844,35.93000030517578,35.880001068115234,35.880001068115234,37569,0.0,0.0
2024-08-29 13:52:00-04:00,35.875,35.88999938964844,35.869998931884766,35.8849983215332,11162,0.0,0.0
2024-08-29 13:53:00-04:00,35.88999938964844,35.91999816894531,35.8650016784668,35.8650016784668,32969,0.0,0.0
2024-08-29 13:54:00-04:00,35.86109924316406,35.86109924316406,35.83000183105469,35.845001220703125,32941,0.0,0.0
2024-08-29 13:55:00-04:00,35.849998474121094,35.849998474121094,35.775001525878906,35.779998779296875,37143,0.0,0.0
2024-08-29 13:56:00-04:00,35.78499984741211,35.85499954223633,35.779998779296875,35.849998474121094,50632,0.0,0.0
2024-08-29 13:57:00-04:00,35.85499954223633,35.869998931884766,35.84000015258789,35.869998931884766,23217,0.0,0.0
2024-08-29 13:58:00-04:00,35.8650016784668,35.88999938964844,35.85499954223633,35.85499954223633,19235,0.0,0.0
2024-08-29 13:59:00-04:00,35.85499954223633,35.869998931884766,35.845001220703125,35.845001220703125,17146,0.0,0.0
2024-08-29 14:00:00-04:00,35.849998474121094,35.88999938964844,35.834999084472656,35.8400993347168,71243,0.0,0.0
2024-08-29 14:01:00-04:00,35.849998474121094,35.85499954223633,35.83000183105469,35.849998474121094,31078,0.0,0.0
2024-08-29 14:02:00-04:00,35.86000061035156,35.93000030517578,35.86000061035156,35.904998779296875,18534,0.0,0.0
2024-08-29 14:03:00-04:00,35.904998779296875,35.91999816894531,35.88999938964844,35.904998779296875,35770,0.0,0.0
2024-08-29 14:04:00-04:00,35.90999984741211,35.90999984741211,35.900001525878906,35.90999984741211,17164,0.0,0.0
2024-08-29 14:05:00-04:00,35.904998779296875,35.904998779296875,35.810001373291016,35.814998626708984,79267,0.0,0.0
2024-08-29 14:06:00-04:00,35.814998626708984,35.84000015258789,35.814998626708984,35.84000015258789,15703,0.0,0.0
2024-08-29 14:07:00-04:00,35.845001220703125,35.849998474121094,35.790000915527344,35.79499816894531,18145,0.0,0.0
2024-08-29 14:08:00-04:00,35.79499816894531,35.83000183105469,35.790000915527344,35.82500076293945,22784,0.0,0.0
2024-08-29 14:09:00-04:00,35.82500076293945,35.82500076293945,35.779998779296875,35.814998626708984,25057,0.0,0.0
2024-08-29 14:10:00-04:00,35.814998626708984,35.81999969482422,35.76499938964844,35.79999923706055,33805,0.0,0.0
2024-08-29 14:11:00-04:00,35.79999923706055,35.79999923706055,35.78499984741211,35.79499816894531,22034,0.0,0.0
2024-08-29 14:12:00-04:00,35.797401428222656,35.797401428222656,35.755001068115234,35.7599983215332,25482,0.0,0.0
2024-08-29 14:13:00-04:00,35.75,35.779998779296875,35.7400016784668,35.77000045776367,18585,0.0,0.0
2024-08-29 14:14:00-04:00,35.77000045776367,35.77000045776367,35.72999954223633,35.7400016784668,27074,0.0,0.0
2024-08-29 14:15:00-04:00,35.7400016784668,35.7599983215332,35.724998474121094,35.7400016784668,17576,0.0,0.0
2024-08-29 14:16:00-04:00,35.73500061035156,35.75,35.69499969482422,35.71500015258789,42966,0.0,0.0
2024-08-29 14:17:00-04:00,35.720001220703125,35.72999954223633,35.70500183105469,35.709999084472656,52678,0.0,0.0
2024-08-29 14:18:00-04:00,35.72999954223633,35.7599983215332,35.724998474121094,35.73500061035156,19691,0.0,0.0
2024-08-29 14:19:00-04:00,35.73500061035156,35.744998931884766,35.72999954223633,35.7400016784668,22103,0.0,0.0
2024-08-29 14:20:00-04:00,35.7400016784668,35.7400016784668,35.69499969482422,35.70500183105469,28780,0.0,0.0
2024-08-29 14:21:00-04:00,35.70500183105469,35.709999084472656,35.689998626708984,35.69499969482422,41975,0.0,0.0
2024-08-29 14:22:00-04:00,35.70000076293945,35.7400016784668,35.70000076293945,35.73500061035156,19952,0.0,0.0
2024-08-29 14:23:00-04:00,35.7400016784668,35.7400016784668,35.709999084472656,35.709999084472656,18870,0.0,0.0
2024-08-29 14:24:00-04:00,35.71500015258789,35.75,35.709999084472656,35.73500061035156,25992,0.0,0.0
2024-08-29 14:25:00-04:00,35.73500061035156,35.77000045776367,35.73500061035156,35.75120162963867,20110,0.0,0.0
2024-08-29 14:26:00-04:00,35.75,35.75,35.709999084472656,35.720001220703125,36293,0.0,0.0
2024-08-29 14:27:00-04:00,35.720001220703125,35.720001220703125,35.66999816894531,35.66999816894531,32626,0.0,0.0
2024-08-29 14:28:00-04:00,35.66999816894531,35.66999816894531,35.599998474121094,35.60499954223633,45384,0.0,0.0
2024-08-29 14:29:00-04:00,35.60499954223633,35.665000915527344,35.60499954223633,35.665000915527344,34263,0.0,0.0
2024-08-29 14:30:00-04:00,35.66999816894531,35.67499923706055,35.625,35.65999984741211,32477,0.0,0.0
2024-08-29 14:31:00-04:00,35.630001068115234,35.630001068115234,35.630001068115234,35.630001068115234,23821,0.0,0.0
2024-08-29 14:32:00-04:00,35.63999938964844,35.650001525878906,35.54999923706055,35.54999923706055,52892,0.0,0.0
2024-08-29 14:33:00-04:00,35.55659866333008,35.60499954223633,35.54999923706055,35.60049819946289,30648,0.0,0.0
2024-08-29 14:34:00-04:00,35.60499954223633,35.62540054321289,35.57500076293945,35.57500076293945,17997,0.0,0.0
2024-08-29 14:35:00-04:00,35.57500076293945,35.59000015258789,35.560001373291016,35.57440185546875,35381,0.0,0.0
2024-08-29 14:36:00-04:00,35.56999969482422,35.61000061035156,35.56999969482422,35.60499954223633,32954,0.0,0.0
2024-08-29 14:37:00-04:00,35.599998474121094,35.599998474121094,35.57500076293945,35.59000015258789,17061,0.0,0.0
2024-08-29 14:38:00-04:00,35.59000015258789,35.59000015258789,35.51499938964844,35.51499938964844,51550,0.0,0.0
2024-08-29 14:39:00-04:00,35.52000045776367,35.54499816894531,35.5099983215332,35.53379821777344,29477,0.0,0.0
2024-08-29 14:40:00-04:00,35.529998779296875,35.560001373291016,35.505001068115234,35.5099983215332,50837,0.0,0.0
2024-08-29 14:41:00-04:00,35.51499938964844,35.52750015258789,35.4900016784668,35.5,35350,0.0,0.0
2024-08-29 14:42:00-04:00,35.5,35.5099983215332,35.47999954223633,35.48500061035156,19757,0.0,0.0
2024-08-29 14:43:00-04:00,35.47999954223633,35.47999954223633,35.435001373291016,35.459999084472656,27592,0.0,0.0
2024-08-29 14:44:00-04:00,35.459999084472656,35.46500015258789,35.41999816894531,35.439998626708984,41624,0.0,0.0
2024-08-29 14:45:00-04:00,35.439998626708984,35.5099983215332,35.435001373291016,35.505001068115234,29471,0.0,0.0
2024-08-29 14:46:00-04:00,35.505001068115234,35.518699645996094,35.47999954223633,35.51499938964844,15029,0.0,0.0
2024-08-29 14:47:00-04:00,35.51499938964844,35.52000045776367,35.470001220703125,35.47999954223633,25873,0.0,0.0
2024-08-29 14:48:00-04:00,35.46500015258789,35.5,35.44499969482422,35.5,21231,0.0,0.0
2024-08-29 14:49:00-04:00,35.505001068115234,35.52000045776367,35.4900016784668,35.494998931884766,28181,0.0,0.0
2024-08-29 14:50:00-04:00,35.4900016784668,35.4900016784668,35.415000915527344,35.415000915527344,58552,0.0,0.0
2024-08-29 14:51:00-04:00,35.41999816894531,35.42499923706055,35.380001068115234,35.415000915527344,41821,0.0,0.0
2024-08-29 14:52:00-04:00,35.41999816894531,35.45000076293945,35.415000915527344,35.44499969482422,14044,0.0,0.0
2024-08-29 14:53:00-04:00,35.439998626708984,35.459999084472656,35.43000030517578,35.435001373291016,40376,0.0,0.0
2024-08-29 14:54:00-04:00,35.430999755859375,35.54750061035156,35.430999755859375,35.54499816894531,50717,0.0,0.0
2024-08-29 14:55:00-04:00,35.540000915527344,35.54999923706055,35.4900016784668,35.4900016784668,68581,0.0,0.0
2024-08-29 14:56:00-04:00,35.47999954223633,35.47999954223633,35.43000030517578,35.439998626708984,38866,0.0,0.0
2024-08-29 14:57:00-04:00,35.45000076293945,35.47999954223633,35.44499969482422,35.474998474121094,20900,0.0,0.0
2024-08-29 14:58:00-04:00,35.474998474121094,35.4900016784668,35.459999084472656,35.4900016784668,44511,0.0,0.0
2024-08-29 14:59:00-04:00,35.494998931884766,35.525001525878906,35.48500061035156,35.4900016784668,32036,0.0,0.0
2024-08-29 15:00:00-04:00,35.48500061035156,35.5,35.470001220703125,35.48500061035156,44160,0.0,0.0
2024-08-29 15:01:00-04:00,35.48500061035156,35.48500061035156,35.48500061035156,35.48500061035156,15277,0.0,0.0
2024-08-29 15:02:00-04:00,35.48500061035156,35.48500061035156,35.450199127197266,35.46500015258789,31943,0.0,0.0
2024-08-29 15:03:00-04:00,35.459999084472656,35.4900016784668,35.459999084472656,35.46500015258789,28239,0.0,0.0
2024-08-29 15:04:00-04:00,35.46500015258789,35.4900016784668,35.46500015258789,35.477500915527344,26252,0.0,0.0
2024-08-29 15:05:00-04:00,35.47999954223633,35.48500061035156,35.46009826660156,35.48500061035156,35433,0.0,0.0
2024-08-29 15:06:00-04:00,35.48500061035156,35.48500061035156,35.459999084472656,35.470001220703125,34208,0.0,0.0
2024-08-29 15:07:00-04:00,35.459999084472656,35.47999954223633,35.45500183105469,35.470001220703125,28199,0.0,0.0
2024-08-29 15:08:00-04:00,35.474998474121094,35.4900016784668,35.45000076293945,35.470001220703125,29432,0.0,0.0
2024-08-29 15:09:00-04:00,35.46500015258789,35.476200103759766,35.45500183105469,35.474998474121094,24351,0.0,0.0
2024-08-29 15:10:00-04:00,35.47999954223633,35.4900016784668,35.470001220703125,35.474998474121094,29546,0.0,0.0
2024-08-29 15:11:00-04:00,35.474998474121094,35.494998931884766,35.46500015258789,35.470001220703125,25285,0.0,0.0
2024-08-29 15:12:00-04:00,35.474998474121094,35.474998474121094,35.45500183105469,35.46500015258789,22022,0.0,0.0
2024-08-29 15:13:00-04:00,35.46500015258789,35.474998474121094,35.45500183105469,35.45500183105469,31172,0.0,0.0
2024-08-29 15:14:00-04:00,35.45500183105469,35.474998474121094,35.45009994506836,35.46500015258789,31278,0.0,0.0
2024-08-29 15:15:00-04:00,35.46500015258789,35.494998931884766,35.459999084472656,35.494998931884766,37005,0.0,0.0
2024-08-29 15:16:00-04:00,35.494998931884766,35.560001373291016,35.494998931884766,35.54499816894531,33390,0.0,0.0
2024-08-29 15:17:00-04:00,35.54499816894531,35.57500076293945,35.525001525878906,35.56999969482422,25607,0.0,0.0
2024-08-29 15:18:00-04:00,35.57500076293945,35.584999084472656,35.55009841918945,35.55500030517578,19872,0.0,0.0
2024-08-29 15:19:00-04:00,35.54999923706055,35.54999923706055,35.525001525878906,35.54999923706055,35715,0.0,0.0
2024-08-29 15:20:00-04:00,35.540000915527344,35.54999923706055,35.53499984741211,35.54999923706055,33161,0.0,0.0
2024-08-29 15:21:00-04:00,35.54499816894531,35.54999923706055,35.529998779296875,35.53499984741211,21402,0.0,0.0
2024-08-29 15:22:00-04:00,35.529998779296875,35.540000915527344,35.525001525878906,35.529998779296875,23455,0.0,0.0
2024-08-29 15:23:00-04:00,35.52000045776367,35.529998779296875,35.470001220703125,35.470001220703125,40399,0.0,0.0
2024-08-29 15:24:00-04:00,35.474998474121094,35.4900016784668,35.390499114990234,35.400001525878906,90083,0.0,0.0
2024-08-29 15:25:00-04:00,35.400001525878906,35.40999984741211,35.38050079345703,35.404998779296875,46049,0.0,0.0
2024-08-29 15:26:00-04:00,35.404998779296875,35.459999084472656,35.4005012512207,35.459999084472656,36412,0.0,0.0
2024-08-29 15:27:00-04:00,35.470001220703125,35.470001220703125,35.459999084472656,35.459999084472656,34648,0.0,0.0
2024-08-29 15:28:00-04:00,35.46500015258789,35.47999954223633,35.439998626708984,35.44499969482422,34644,0.0,0.0
2024-08-29 15:29:00-04:00,35.439998626708984,35.44499969482422,35.400001525878906,35.42499923706055,45127,0.0,0.0
2024-08-29 15:30:00-04:00,35.42499923706055,35.439998626708984,35.400001525878906,35.41999816894531,57509,0.0,0.0
2024-08-29 15:31:00-04:00,35.42499923706055,35.42499923706055,35.40999984741211,35.40999984741211,24801,0.0,0.0
2024-08-29 15:32:00-04:00,35.40999984741211,35.459999084472656,35.404998779296875,35.45000076293945,62328,0.0,0.0
2024-08-29 15:33:00-04:00,35.45500183105469,35.5,35.44499969482422,35.4900016784668,73812,0.0,0.0
2024-08-29 15:34:00-04:00,35.46500015258789,35.47999954223633,35.45500183105469,35.470001220703125,30920,0.0,0.0
2024-08-29 15:35:00-04:00,35.474998474121094,35.4900016784668,35.46500015258789,35.48500061035156,40293,0.0,0.0
2024-08-29 15:36:00-04:00,35.48500061035156,35.4900016784668,35.46500015258789,35.470001220703125,37301,0.0,0.0
2024-08-29 15:37:00-04:00,35.470001220703125,35.5,35.46500015258789,35.47999954223633,44131,0.0,0.0
2024-08-29 15:38:00-04:00,35.47999954223633,35.4900016784668,35.46500015258789,35.48500061035156,43820,0.0,0.0
2024-08-29 15:39:00-04:00,35.48500061035156,35.48749923706055,35.415000915527344,35.42499923706055,44447,0.0,0.0
2024-08-29 15:40:00-04:00,35.42499923706055,35.435001373291016,35.415000915527344,35.415000915527344,57886,0.0,0.0
2024-08-29 15:41:00-04:00,35.40999984741211,35.41999816894531,35.39500045776367,35.404998779296875,56525,0.0,0.0
2024-08-29 15:42:00-04:00,35.404998779296875,35.404998779296875,35.38999938964844,35.39500045776367,48870,0.0,0.0
2024-08-29 15:43:00-04:00,35.39500045776367,35.39500045776367,35.35499954223633,35.375,67571,0.0,0.0
2024-08-29 15:44:00-04:00,35.369998931884766,35.38999938964844,35.3650016784668,35.3650016784668,39191,0.0,0.0
2024-08-29 15:45:00-04:00,35.3650016784668,35.41999816894531,35.3650016784668,35.415000915527344,104913,0.0,0.0
2024-08-29 15:46:00-04:00,35.415000915527344,35.439998626708984,35.400001525878906,35.404998779296875,69470,0.0,0.0
2024-08-29 15:47:00-04:00,35.404998779296875,35.44499969482422,35.400001525878906,35.44499969482422,38775,0.0,0.0
2024-08-29 15:48:00-04:00,35.439998626708984,35.45000076293945,35.43000030517578,35.435001373291016,58245,0.0,0.0
2024-08-29 15:49:00-04:00,35.435001373291016,35.45000076293945,35.435001373291016,35.44499969482422,66524,0.0,0.0
2024-08-29 15:50:00-04:00,35.459999084472656,35.5099983215332,35.459999084472656,35.505001068115234,141593,0.0,0.0
2024-08-29 15:51:00-04:00,35.5099983215332,35.52000045776367,35.47999954223633,35.48500061035156,89659,0.0,0.0
2024-08-29 15:52:00-04:00,35.4900016784668,35.55500030517578,35.480098724365234,35.54999923706055,92056,0.0,0.0
2024-08-29 15:53:00-04:00,35.54999923706055,35.56999969482422,35.52000045776367,35.525001525878906,93658,0.0,0.0
2024-08-29 15:54:00-04:00,35.525001525878906,35.529998779296875,35.47999954223633,35.48500061035156,153031,0.0,0.0
2024-08-29 15:55:00-04:00,35.48500061035156,35.529998779296875,35.459999084472656,35.46500015258789,250866,0.0,0.0
2024-08-29 15:56:00-04:00,35.459999084472656,35.47999954223633,35.459999084472656,35.474998474121094,216419,0.0,0.0
2024-08-29 15:57:00-04:00,35.474998474121094,35.4900016784668,35.41999816894531,35.420101165771484,197813,0.0,0.0
2024-08-29 15:58:00-04:00,35.41999816894531,35.439998626708984,35.38999938964844,35.41999816894531,288751,0.0,0.0
2024-08-29 15:59:00-04:00,35.42499923706055,35.5,35.42499923706055,35.470001220703125,323913,0.0,0.0
2024-08-30 09:30:00-04:00,35.650001525878906,36.040000915527344,35.560001373291016,36.02000045776367,150707,0.0,0.0
2024-08-30 09:31:00-04:00,36.0099983215332,36.0099983215332,35.834999084472656,35.834999084472656,12944,0.0,0.0
2024-08-30 09:32:00-04:00,35.83000183105469,35.83000183105469,35.72999954223633,35.7599983215332,9738,0.0,0.0
2024-08-30 09:33:00-04:00,35.7400016784668,35.7400016784668,35.61000061035156,35.67499923706055,13568,0.0,0.0
2024-08-30 09:34:00-04:00,35.67499923706055,35.7400016784668,35.67499923706055,35.71500015258789,4717,0.0,0.0
2024-08-30 09:35:00-04:00,35.71500015258789,35.88999938964844,35.71500015258789,35.7599983215332,8570,0.0,0.0
2024-08-30 09:36:00-04:00,35.790000915527344,35.81999969482422,35.70000076293945,35.72999954223633,7298,0.0,0.0
2024-08-30 09:37:00-04:00,35.709999084472656,35.810001373291016,35.709999084472656,35.77050018310547,9524,0.0,0.0
2024-08-30 09:38:00-04:00,35.779998779296875,35.81999969482422,35.75,35.77000045776367,9884,0.0,0.0
2024-08-30 09:39:00-04:00,35.77000045776367,35.779998779296875,35.72999954223633,35.75,8686,0.0,0.0
2024-08-30 09:40:00-04:00,35.7400016784668,35.7400016784668,35.59000015258789,35.59000015258789,24863,0.0,0.0
2024-08-30 09:41:00-04:00,35.61000061035156,35.619998931884766,35.56999969482422,35.56999969482422,18463,0.0,0.0
2024-08-30 09:42:00-04:00,35.564998626708984,35.56999969482422,35.5,35.5,19153,0.0,0.0
2024-08-30 09:43:00-04:00,35.505001068115234,35.540000915527344,35.47999954223633,35.529998779296875,15642,0.0,0.0
2024-08-30 09:44:00-04:00,35.54999923706055,35.54999923706055,35.5099983215332,35.5099983215332,8967,0.0,0.0
2024-08-30 09:45:00-04:00,35.52000045776367,35.560001373291016,35.5,35.5099983215332,27263,0.0,0.0
2024-08-30 09:46:00-04:00,35.5099983215332,35.54499816894531,35.5,35.5099983215332,20622,0.0,0.0
2024-08-30 09:47:00-04:00,35.5099983215332,35.52000045776367,35.459999084472656,35.4900016784668,14227,0.0,0.0
2024-08-30 09:48:00-04:00,35.5099983215332,35.54999923706055,35.5099983215332,35.5099983215332,21247,0.0,0.0
2024-08-30 09:49:00-04:00,35.5,35.54499816894531,35.5,35.5099983215332,16019,0.0,0.0
2024-08-30 09:50:00-04:00,35.52000045776367,35.54499816894531,35.47999954223633,35.51499938964844,105668,0.0,0.0
2024-08-30 09:51:00-04:00,35.529998779296875,35.599998474121094,35.529998779296875,35.56999969482422,27033,0.0,0.0
2024-08-30 09:52:00-04:00,35.56999969482422,35.619998931884766,35.560001373291016,35.584999084472656,24252,0.0,0.0
2024-08-30 09:53:00-04:00,35.599998474121094,35.630001068115234,35.599998474121094,35.619998931884766,9726,0.0,0.0
2024-08-30 09:54:00-04:00,35.630001068115234,35.630001068115234,35.540000915527344,35.540000915527344,17972,0.0,0.0
2024-08-30 09:55:00-04:00,35.529998779296875,35.59000015258789,35.5099983215332,35.560001373291016,19680,0.0,0.0
2024-08-30 09:56:00-04:00,35.560001373291016,35.560001373291016,35.5099983215332,35.5099983215332,10397,0.0,0.0
2024-08-30 09:57:00-04:00,35.5,35.54499816894531,35.5,35.540000915527344,12795,0.0,0.0
2024-08-30 09:58:00-04:00,35.540000915527344,35.56999969482422,35.5099983215332,35.54999923706055,22665,0.0,0.0
2024-08-30 09:59:00-04:00,35.54999923706055,35.63999938964844,35.529998779296875,35.619998931884766,19302,0.0,0.0
2024-08-30 10:00:00-04:00,35.63999938964844,35.65999984741211,35.599998474121094,35.630001068115234,31983,0.0,0.0
2024-08-30 10:01:00-04:00,35.6150016784668,35.70000076293945,35.6150016784668,35.70000076293945,13622,0.0,0.0
2024-08-30 10:02:00-04:00,35.68000030517578,35.7400016784668,35.66999816894531,35.68000030517578,17018,0.0,0.0
2024-08-30 10:03:00-04:00,35.70000076293945,35.76350021362305,35.689998626708984,35.75,15544,0.0,0.0
2024-08-30 10:04:00-04:00,35.75,35.779998779296875,35.7400016784668,35.75,14760,0.0,0.0
2024-08-30 10:05:00-04:00,35.75,35.7599983215332,35.68000030517578,35.70000076293945,16249,0.0,0.0
2024-08-30 10:06:00-04:00,35.70500183105469,35.720001220703125,35.70000076293945,35.71030044555664,9815,0.0,0.0
2024-08-30 10:07:00-04:00,35.709999084472656,35.7400016784668,35.689998626708984,35.70000076293945,18271,0.0,0.0
2024-08-30 10:08:00-04:00,35.720001220703125,35.75,35.709999084472656,35.71500015258789,12052,0.0,0.0
2024-08-30 10:09:00-04:00,35.71500015258789,35.74190139770508,35.709999084472656,35.720001220703125,13516,0.0,0.0
2024-08-30 10:10:00-04:00,35.720001220703125,35.81999969482422,35.71500015258789,35.81999969482422,41979,0.0,0.0
2024-08-30 10:11:00-04:00,35.810001373291016,35.849998474121094,35.79999923706055,35.79999923706055,16782,0.0,0.0
2024-08-30 10:12:00-04:00,35.79999923706055,35.810001373291016,35.779998779296875,35.790000915527344,8816,0.0,0.0
2024-08-30 10:13:00-04:00,35.779998779296875,35.915000915527344,35.779998779296875,35.89500045776367,75223,0.0,0.0
2024-08-30 10:14:00-04:00,35.900001525878906,35.92499923706055,35.8849983215332,35.88999938964844,23490,0.0,0.0
2024-08-30 10:15:00-04:00,35.900001525878906,35.9031982421875,35.79999923706055,35.810001373291016,18212,0.0,0.0
2024-08-30 10:16:00-04:00,35.814998626708984,35.814998626708984,35.77000045776367,35.779998779296875,34067,0.0,0.0
2024-08-30 10:17:00-04:00,35.790000915527344,35.83000183105469,35.779998779296875,35.779998779296875,19275,0.0,0.0
2024-08-30 10:18:00-04:00,35.779998779296875,35.79999923706055,35.7599983215332,35.790000915527344,15873,0.0,0.0
2024-08-30 10:19:00-04:00,35.790000915527344,35.814998626708984,35.77000045776367,35.814998626708984,17326,0.0,0.0
2024-08-30 10:20:00-04:00,35.82500076293945,35.85499954223633,35.77000045776367,35.77000045776367,29218,0.0,0.0
2024-08-30 10:21:00-04:00,35.7599983215332,35.779998779296875,35.720001220703125,35.720001220703125,15313,0.0,0.0
2024-08-30 10:22:00-04:00,35.720001220703125,35.7599983215332,35.68000030517578,35.7599983215332,14997,0.0,0.0
2024-08-30 10:23:00-04:00,35.76499938964844,35.77000045776367,35.720001220703125,35.7599983215332,13087,0.0,0.0
2024-08-30 10:24:00-04:00,35.7599983215332,35.79999923706055,35.75,35.75,19370,0.0,0.0
2024-08-30 10:25:00-04:00,35.75,35.779998779296875,35.7400016784668,35.7400016784668,12075,0.0,0.0
2024-08-30 10:26:00-04:00,35.7400016784668,35.7400016784668,35.709999084472656,35.7400016784668,11666,0.0,0.0
2024-08-30 10:27:00-04:00,35.75,35.80500030517578,35.75,35.80500030517578,13166,0.0,0.0
2024-08-30 10:28:00-04:00,35.810001373291016,35.849998474121094,35.810001373291016,35.84000015258789,15600,0.0,0.0
2024-08-30 10:29:00-04:00,35.845001220703125,35.88999938964844,35.84000015258789,35.849998474121094,15098,0.0,0.0
2024-08-30 10:30:00-04:00,35.86000061035156,35.86000061035156,35.81999969482422,35.84000015258789,14864,0.0,0.0
2024-08-30 10:31:00-04:00,35.849998474121094,35.92499923706055,35.849998474121094,35.91999816894531,8593,0.0,0.0
2024-08-30 10:32:00-04:00,35.93000030517578,36.0,35.91999816894531,35.97999954223633,51360,0.0,0.0
2024-08-30 10:33:00-04:00,35.98500061035156,36.0,35.95000076293945,35.974998474121094,32709,0.0,0.0
2024-08-30 10:34:00-04:00,35.97999954223633,36.0099983215332,35.959999084472656,35.959999084472656,56813,0.0,0.0
2024-08-30 10:35:00-04:00,35.959999084472656,36.02000045776367,35.939998626708984,36.02000045776367,10466,0.0,0.0
2024-08-30 10:36:00-04:00,36.01499938964844,36.01499938964844,35.974998474121094,36.0,12535,0.0,0.0
2024-08-30 10:37:00-04:00,36.0,36.029998779296875,35.9900016784668,36.0,9567,0.0,0.0
2024-08-30 10:38:00-04:00,36.0,36.0,35.959999084472656,35.97999954223633,18434,0.0,0.0
2024-08-30 10:39:00-04:00,35.97999954223633,35.994998931884766,35.974998474121094,35.994998931884766,4759,0.0,0.0
2024-08-30 10:40:00-04:00,35.994998931884766,36.0099983215332,35.97999954223633,36.005001068115234,15929,0.0,0.0
2024-08-30 10:41:00-04:00,36.0,36.01499938964844,35.97999954223633,36.01499938964844,15001,0.0,0.0
2024-08-30 10:42:00-04:00,36.02000045776367,36.10499954223633,36.01499938964844,36.10499954223633,22868,0.0,0.0
2024-08-30 10:43:00-04:00,36.10499954223633,36.11000061035156,36.08000183105469,36.084999084472656,13449,0.0,0.0
2024-08-30 10:44:00-04:00,36.084999084472656,36.11000061035156,36.029998779296875,36.05799865722656,44750,0.0,0.0
2024-08-30 10:45:00-04:00,36.04999923706055,36.05500030517578,36.0099983215332,36.02000045776367,25732,0.0,0.0
2024-08-30 10:46:00-04:00,36.02080154418945,36.040000915527344,36.02000045776367,36.040000915527344,9976,0.0,0.0
2024-08-30 10:47:00-04:00,36.040000915527344,36.040000915527344,35.97999954223633,35.97999954223633,19980,0.0,0.0
2024-08-30 10:48:00-04:00,35.9900016784668,36.040000915527344,35.9900016784668,35.9900016784668,28760,0.0,0.0
2024-08-30 10:49:00-04:00,35.9900016784668,36.01499938964844,35.97999954223633,36.005001068115234,17864,0.0,0.0
2024-08-30 10:50:00-04:00,36.0,36.0,35.959999084472656,35.96500015258789,16491,0.0,0.0
2024-08-30 10:51:00-04:00,35.96500015258789,35.970001220703125,35.90999984741211,35.91999816894531,15110,0.0,0.0
2024-08-30 10:52:00-04:00,35.923797607421875,35.93000030517578,35.90999984741211,35.91999816894531,13968,0.0,0.0
2024-08-30 10:53:00-04:00,35.92499923706055,35.93000030517578,35.869998931884766,35.869998931884766,15908,0.0,0.0
2024-08-30 10:54:00-04:00,35.869998931884766,35.915000915527344,35.86000061035156,35.900001525878906,18966,0.0,0.0
2024-08-30 10:55:00-04:00,35.89500045776367,35.90999984741211,35.89500045776367,35.904998779296875,8840,0.0,0.0
2024-08-30 10:56:00-04:00,35.904998779296875,35.904998779296875,35.849998474121094,35.900001525878906,42928,0.0,0.0
2024-08-30 10:57:00-04:00,35.904998779296875,35.939998626708984,35.89500045776367,35.90999984741211,19744,0.0,0.0
2024-08-30 10:58:00-04:00,35.90999984741211,35.93000030517578,35.81999969482422,35.81999969482422,82385,0.0,0.0
2024-08-30 10:59:00-04:00,35.849998474121094,35.94499969482422,35.849998474121094,35.939998626708984,19854,0.0,0.0
2024-08-30 11:00:00-04:00,35.93000030517578,35.93000030517578,35.880001068115234,35.91999816894531,59638,0.0,0.0
2024-08-30 11:01:00-04:00,35.93000030517578,35.93000030517578,35.869998931884766,35.869998931884766,11638,0.0,0.0
2024-08-30 11:02:00-04:00,35.869998931884766,35.8849983215332,35.8400993347168,35.8400993347168,41135,0.0,0.0
2024-08-30 11:03:00-04:00,35.845001220703125,35.875,35.845001220703125,35.869998931884766,28432,0.0,0.0
2024-08-30 11:04:00-04:00,35.880001068115234,35.900001525878906,35.880001068115234,35.880001068115234,9297,0.0,0.0
2024-08-30 11:05:00-04:00,35.880001068115234,35.880001068115234,35.80500030517578,35.82500076293945,25983,0.0,0.0
2024-08-30 11:06:00-04:00,35.83000183105469,35.85499954223633,35.81999969482422,35.85499954223633,11261,0.0,0.0
2024-08-30 11:07:00-04:00,35.849998474121094,35.8849983215332,35.84000015258789,35.8849983215332,10944,0.0,0.0
2024-08-30 11:08:00-04:00,35.869998931884766,35.880001068115234,35.86000061035156,35.869998931884766,6893,0.0,0.0
2024-08-30 11:09:00-04:00,35.869998931884766,35.904998779296875,35.86000061035156,35.904998779296875,10254,0.0,0.0
2024-08-30 11:10:00-04:00,35.904998779296875,35.904998779296875,35.8849983215332,35.900001525878906,20676,0.0,0.0
2024-08-30 11:11:00-04:00,35.904998779296875,35.90999984741211,35.88999938964844,35.90999984741211,10613,0.0,0.0
2024-08-30 11:12:00-04:00,35.900001525878906,35.900001525878906,35.875,35.89500045776367,8659,0.0,0.0
2024-08-30 11:13:00-04:00,35.900001525878906,35.900001525878906,35.88999938964844,35.900001525878906,3933,0.0,0.0
2024-08-30 11:14:00-04:00,35.89500045776367,35.900001525878906,35.875,35.88999938964844,17054,0.0,0.0
2024-08-30 11:15:00-04:00,35.8931999206543,35.904998779296875,35.84000015258789,35.86000061035156,16395,0.0,0.0
2024-08-30 11:16:00-04:00,35.85499954223633,35.875,35.845001220703125,35.869998931884766,8214,0.0,0.0
2024-08-30 11:17:00-04:00,35.869998931884766,35.880001068115234,35.86000061035156,35.869998931884766,9198,0.0,0.0
2024-08-30 11:18:00-04:00,35.86000061035156,35.880001068115234,35.834999084472656,35.86050033569336,18397,0.0,0.0
2024-08-30 11:19:00-04:00,35.86000061035156,35.8849983215332,35.849998474121094,35.8849983215332,8294,0.0,0.0
2024-08-30 11:20:00-04:00,35.8849983215332,35.8849983215332,35.86000061035156,35.8650016784668,14599,0.0,0.0
2024-08-30 11:21:00-04:00,35.869998931884766,35.8849983215332,35.86000061035156,35.8849983215332,12429,0.0,0.0
2024-08-30 11:22:00-04:00,35.880001068115234,35.89500045776367,35.880001068115234,35.89500045776367,10432,0.0,0.0
2024-08-30 11:23:00-04:00,35.88999938964844,35.88999938964844,35.83000183105469,35.834999084472656,10814,0.0,0.0
2024-08-30 11:24:00-04:00,35.84000015258789,35.880001068115234,35.834999084472656,35.869998931884766,13456,0.0,0.0
2024-08-30 11:25:00-04:00,35.869998931884766,35.880001068115234,35.849998474121094,35.86000061035156,17029,0.0,0.0
2024-08-30 11:26:00-04:00,35.849998474121094,35.869998931884766,35.834999084472656,35.8650016784668,13026,0.0,0.0
2024-08-30 11:27:00-04:00,35.8650016784668,35.8650016784668,35.80500030517578,35.80500030517578,10870,0.0,0.0
2024-08-30 11:28:00-04:00,35.79999923706055,35.810001373291016,35.79999923706055,35.79999923706055,8715,0.0,0.0
2024-08-30 11:29:00-04:00,35.80500030517578,35.814998626708984,35.79499816894531,35.810001373291016,19210,0.0,0.0
2024-08-30 11:30:00-04:00,35.81999969482422,35.845001220703125,35.81999969482422,35.84000015258789,9043,0.0,0.0
2024-08-30 11:31:00-04:00,35.84000015258789,35.8849983215332,35.84000015258789,35.8650016784668,17611,0.0,0.0
2024-08-30 11:32:00-04:00,35.86000061035156,35.86000061035156,35.82500076293945,35.86000061035156,13047,0.0,0.0
2024-08-30 11:33:00-04:00,35.86000061035156,35.86000061035156,35.83000183105469,35.849998474121094,13795,0.0,0.0
2024-08-30 11:34:00-04:00,35.86000061035156,35.90999984741211,35.851898193359375,35.904998779296875,13004,0.0,0.0
2024-08-30 11:35:00-04:00,35.904998779296875,35.92499923706055,35.89500045776367,35.90999984741211,14744,0.0,0.0
2024-08-30 11:36:00-04:00,35.91999816894531,35.91999816894531,35.880001068115234,35.880001068115234,9617,0.0,0.0
2024-08-30 11:37:00-04:00,35.880001068115234,35.88999938964844,35.845001220703125,35.869998931884766,8985,0.0,0.0
2024-08-30 11:38:00-04:00,35.869998931884766,35.900001525878906,35.86000061035156,35.880001068115234,9702,0.0,0.0
2024-08-30 11:39:00-04:00,35.88999938964844,35.89500045776367,35.880001068115234,35.88999938964844,8254,0.0,0.0
2024-08-30 11:40:00-04:00,35.900001525878906,35.935001373291016,35.900001525878906,35.935001373291016,6270,0.0,0.0
2024-08-30 11:41:00-04:00,35.935001373291016,35.95000076293945,35.91999816894531,35.95000076293945,8320,0.0,0.0
2024-08-30 11:42:00-04:00,35.94499969482422,35.959999084472656,35.939998626708984,35.95500183105469,5510,0.0,0.0
2024-08-30 11:43:00-04:00,35.95500183105469,35.989498138427734,35.95500183105469,35.97999954223633,19632,0.0,0.0
2024-08-30 11:44:00-04:00,35.974998474121094,35.974998474121094,35.95000076293945,35.95500183105469,9598,0.0,0.0
2024-08-30 11:45:00-04:00,35.959999084472656,35.974998474121094,35.93000030517578,35.93000030517578,8760,0.0,0.0
2024-08-30 11:46:00-04:00,35.935001373291016,35.96500015258789,35.91999816894531,35.96500015258789,7890,0.0,0.0
2024-08-30 11:47:00-04:00,35.96500015258789,35.96500015258789,35.91999816894531,35.91999816894531,7567,0.0,0.0
2024-08-30 11:48:00-04:00,35.92499923706055,35.92499923706055,35.880001068115234,35.88999938964844,13479,0.0,0.0
2024-08-30 11:49:00-04:00,35.899898529052734,35.904998779296875,35.880001068115234,35.900001525878906,14619,0.0,0.0
2024-08-30 11:50:00-04:00,35.904998779296875,35.92499923706055,35.900001525878906,35.915000915527344,9293,0.0,0.0
2024-08-30 11:51:00-04:00,35.915000915527344,35.92499923706055,35.90999984741211,35.91999816894531,5181,0.0,0.0
2024-08-30 11:52:00-04:00,35.91999816894531,35.93000030517578,35.91999816894531,35.92100143432617,6713,0.0,0.0
2024-08-30 11:53:00-04:00,35.92499923706055,35.92499923706055,35.880001068115234,35.910099029541016,17552,0.0,0.0
2024-08-30 11:54:00-04:00,35.915000915527344,35.91999816894531,35.90999984741211,35.91999816894531,7128,0.0,0.0
2024-08-30 11:55:00-04:00,35.93000030517578,35.97999954223633,35.93000030517578,35.95000076293945,16919,0.0,0.0
2024-08-30 11:56:00-04:00,35.95500183105469,35.95500183105469,35.95000076293945,35.95000076293945,3424,0.0,0.0
2024-08-30 11:57:00-04:00,35.95000076293945,35.95000076293945,35.904998779296875,35.93000030517578,16987,0.0,0.0
2024-08-30 11:58:00-04:00,35.93000030517578,35.935001373291016,35.90999984741211,35.92499923706055,10800,0.0,0.0
2024-08-30 11:59:00-04:00,35.92499923706055,35.935001373291016,35.91999816894531,35.91999816894531,9798,0.0,0.0
2024-08-30 12:00:00-04:00,35.915000915527344,35.919898986816406,35.88999938964844,35.88999938964844,14598,0.0,0.0
2024-08-30 12:01:00-04:00,35.880001068115234,35.8849983215332,35.86000061035156,35.8849983215332,8162,0.0,0.0
2024-08-30 12:02:00-04:00,35.8849983215332,35.904998779296875,35.880001068115234,35.904998779296875,11316,0.0,0.0
2024-08-30 12:03:00-04:00,35.904998779296875,35.904998779296875,35.84000015258789,35.849998474121094,9740,0.0,0.0
2024-08-30 12:04:00-04:00,35.86000061035156,35.875,35.84000015258789,35.875,9442,0.0,0.0
2024-08-30 12:05:00-04:00,35.880001068115234,35.90999984741211,35.880001068115234,35.9099006652832,5373,0.0,0.0
2024-08-30 12:06:00-04:00,35.90999984741211,35.959999084472656,35.900001525878906,35.95500183105469,17549,0.0,0.0
2024-08-30 12:07:00-04:00,35.959999084472656,36.0,35.959999084472656,35.959999084472656,14354,0.0,0.0
2024-08-30 12:08:00-04:00,35.959999084472656,35.97999954223633,35.95500183105469,35.97999954223633,5142,0.0,0.0
2024-08-30 12:09:00-04:00,35.989898681640625,35.9900016784668,35.98500061035156,35.9900016784668,3847,0.0,0.0
2024-08-30 12:10:00-04:00,35.9900016784668,36.0,35.97999954223633,35.97999954223633,14696,0.0,0.0
2024-08-30 12:11:00-04:00,35.974998474121094,36.0099983215332,35.974998474121094,35.97999954223633,15568,0.0,0.0
2024-08-30 12:12:00-04:00,35.9900016784668,35.9900016784668,35.970001220703125,35.974998474121094,9025,0.0,0.0
2024-08-30 12:13:00-04:00,35.974998474121094,35.9900016784668,35.974998474121094,35.97999954223633,5706,0.0,0.0
2024-08-30 12:14:00-04:00,35.98500061035156,35.98500061035156,35.970001220703125,35.970001220703125,10195,0.0,0.0
2024-08-30 12:15:00-04:00,35.974998474121094,36.005001068115234,35.974998474121094,36.005001068115234,10488,0.0,0.0
2024-08-30 12:16:00-04:00,36.005001068115234,36.018001556396484,35.9900016784668,36.0,15522,0.0,0.0
2024-08-30 12:17:00-04:00,36.0,36.040000915527344,36.0,36.03499984741211,10551,0.0,0.0
2024-08-30 12:18:00-04:00,36.03499984741211,36.03499984741211,36.02000045776367,36.029998779296875,7597,0.0,0.0
2024-08-30 12:19:00-04:00,36.025001525878906,36.029998779296875,35.9900016784668,36.005001068115234,9826,0.0,0.0
2024-08-30 12:20:00-04:00,36.005001068115234,36.01499938964844,36.0,36.0099983215332,41738,0.0,0.0
2024-08-30 12:21:00-04:00,36.0099983215332,36.0099983215332,36.0,36.0,4157,0.0,0.0
2024-08-30 12:22:00-04:00,36.005001068115234,36.01499938964844,36.005001068115234,36.0099983215332,8221,0.0,0.0
2024-08-30 12:23:00-04:00,36.01499938964844,36.01499938964844,35.974998474121094,35.974998474121094,13067,0.0,0.0
2024-08-30 12:24:00-04:00,35.970001220703125,35.98500061035156,35.970001220703125,35.970001220703125,9905,0.0,0.0
2024-08-30 12:25:00-04:00,35.96500015258789,35.974998474121094,35.959999084472656,35.974998474121094,7056,0.0,0.0
2024-08-30 12:26:00-04:00,35.974998474121094,35.98500061035156,35.974998474121094,35.98500061035156,4096,0.0,0.0
2024-08-30 12:27:00-04:00,35.97999954223633,35.97999954223633,35.90999984741211,35.915000915527344,15342,0.0,0.0
2024-08-30 12:28:00-04:00,35.90999984741211,35.93000030517578,35.89500045776367,35.91999816894531,15329,0.0,0.0
2024-08-30 12:29:00-04:00,35.915000915527344,35.91999816894531,35.89500045776367,35.89500045776367,8426,0.0,0.0
2024-08-30 12:30:00-04:00,35.89500045776367,35.90999984741211,35.89500045776367,35.89500045776367,6667,0.0,0.0
2024-08-30 12:31:00-04:00,35.89500045776367,35.90999984741211,35.89500045776367,35.89500045776367,8240,0.0,0.0
2024-08-30 12:32:00-04:00,35.900001525878906,35.900001525878906,35.880001068115234,35.8849983215332,12204,0.0,0.0
2024-08-30 12:33:00-04:00,35.8849983215332,35.904998779296875,35.880001068115234,35.880001068115234,9243,0.0,0.0
2024-08-30 12:34:00-04:00,35.875,35.89500045776367,35.875,35.89500045776367,3773,0.0,0.0
2024-08-30 12:35:00-04:00,35.88999938964844,35.88999938964844,35.880001068115234,35.8849983215332,5812,0.0,0.0
2024-08-30 12:36:00-04:00,35.8849983215332,35.88650131225586,35.86000061035156,35.8650016784668,15294,0.0,0.0
2024-08-30 12:37:00-04:00,35.8650016784668,35.875,35.85499954223633,35.86000061035156,27682,0.0,0.0
2024-08-30 12:38:00-04:00,35.86000061035156,35.88999938964844,35.85499954223633,35.869998931884766,16717,0.0,0.0
2024-08-30 12:39:00-04:00,35.880001068115234,35.900001525878906,35.880001068115234,35.900001525878906,5710,0.0,0.0
2024-08-30 12:40:00-04:00,35.900001525878906,35.900001525878906,35.8650016784668,35.8650016784668,10620,0.0,0.0
2024-08-30 12:41:00-04:00,35.869998931884766,35.8849983215332,35.8650016784668,35.875,5472,0.0,0.0
2024-08-30 12:42:00-04:00,35.872398376464844,35.872398376464844,35.849998474121094,35.85499954223633,8103,0.0,0.0
2024-08-30 12:43:00-04:00,35.85499954223633,35.8849983215332,35.85499954223633,35.880001068115234,7884,0.0,0.0
2024-08-30 12:44:00-04:00,35.88999938964844,35.89500045776367,35.8849983215332,35.8849983215332,5724,0.0,0.0
2024-08-30 12:45:00-04:00,35.880001068115234,35.89500045776367,35.869998931884766,35.88999938964844,8301,0.0,0.0
2024-08-30 12:46:00-04:00,35.88999938964844,35.89500045776367,35.869998931884766,35.89500045776367,12961,0.0,0.0
2024-08-30 12:47:00-04:00,35.89500045776367,35.89500045776367,35.880001068115234,35.8849983215332,4877,0.0,0.0
2024-08-30 12:48:00-04:00,35.88010025024414,35.88999938964844,35.875,35.88999938964844,6866,0.0,0.0
2024-08-30 12:49:00-04:00,35.89500045776367,35.915000915527344,35.89500045776367,35.90999984741211,20078,0.0,0.0
2024-08-30 12:50:00-04:00,35.900001525878906,35.904998779296875,35.880001068115234,35.904998779296875,7162,0.0,0.0
2024-08-30 12:51:00-04:00,35.904998779296875,35.92499923706055,35.90019989013672,35.91999816894531,4615,0.0,0.0
2024-08-30 12:52:00-04:00,35.91999816894531,35.939998626708984,35.900001525878906,35.939998626708984,8261,0.0,0.0
2024-08-30 12:53:00-04:00,35.939998626708984,35.94499969482422,35.935001373291016,35.935001373291016,10450,0.0,0.0
2024-08-30 12:54:00-04:00,35.935001373291016,35.94499969482422,35.935001373291016,35.94499969482422,3320,0.0,0.0
2024-08-30 12:55:00-04:00,35.94499969482422,35.94499969482422,35.904998779296875,35.904998779296875,8200,0.0,0.0
2024-08-30 12:56:00-04:00,35.90999984741211,35.94499969482422,35.90999984741211,35.94499969482422,7209,0.0,0.0
2024-08-30 12:57:00-04:00,35.95000076293945,35.959999084472656,35.93000030517578,35.939998626708984,10414,0.0,0.0
2024-08-30 12:58:00-04:00,35.935001373291016,35.94499969482422,35.93000030517578,35.94499969482422,4677,0.0,0.0
2024-08-30 12:59:00-04:00,35.939998626708984,35.95500183105469,35.939998626708984,35.95500183105469,9954,0.0,0.0
2024-08-30 13:00:00-04:00,35.95500183105469,35.95500183105469,35.939998626708984,35.94499969482422,7313,0.0,0.0
2024-08-30 13:01:00-04:00,35.95000076293945,35.95500183105469,35.93000030517578,35.93000030517578,8491,0.0,0.0
2024-08-30 13:02:00-04:00,35.939998626708984,35.9900016784668,35.935001373291016,35.97999954223633,32833,0.0,0.0
2024-08-30 13:03:00-04:00,35.9900016784668,36.0099983215332,35.97999954223633,35.98500061035156,12240,0.0,0.0
2024-08-30 13:04:00-04:00,35.9900016784668,36.0,35.970001220703125,35.9900016784668,9729,0.0,0.0
2024-08-30 13:05:00-04:00,35.98500061035156,35.98500061035156,35.95000076293945,35.95000076293945,8507,0.0,0.0
2024-08-30 13:06:00-04:00,35.939998626708984,35.939998626708984,35.91999816894531,35.91999816894531,4687,0.0,0.0
2024-08-30 13:07:00-04:00,35.92499923706055,35.970001220703125,35.92499923706055,35.959999084472656,8047,0.0,0.0
2024-08-30 13:08:00-04:00,35.96500015258789,35.96500015258789,35.95000076293945,35.95000076293945,5198,0.0,0.0
2024-08-30 13:09:00-04:00,35.95000076293945,35.95000076293945,35.92499923706055,35.92499923706055,4934,0.0,0.0
2024-08-30 13:10:00-04:00,35.92499923706055,35.92499923706055,35.904998779296875,35.904998779296875,8159,0.0,0.0
2024-08-30 13:11:00-04:00,35.904998779296875,35.904998779296875,35.88999938964844,35.89500045776367,4476,0.0,0.0
2024-08-30 13:12:00-04:00,35.900001525878906,35.939998626708984,35.900001525878906,35.939998626708984,7201,0.0,0.0
2024-08-30 13:13:00-04:00,35.935001373291016,35.94499969482422,35.935001373291016,35.94499969482422,6683,0.0,0.0
2024-08-30 13:14:00-04:00,35.939998626708984,35.95989990234375,35.939998626708984,35.95989990234375,4402,0.0,0.0
2024-08-30 13:15:00-04:00,35.95500183105469,35.970001220703125,35.939998626708984,35.94499969482422,7589,0.0,0.0
2024-08-30 13:16:00-04:00,35.94499969482422,35.95000076293945,35.93000030517578,35.93000030517578,6568,0.0,0.0
2024-08-30 13:17:00-04:00,35.93000030517578,35.935001373291016,35.91999816894531,35.935001373291016,9278,0.0,0.0
2024-08-30 13:18:00-04:00,35.939998626708984,35.94499969482422,35.935001373291016,35.935001373291016,5709,0.0,0.0
2024-08-30 13:19:00-04:00,35.939998626708984,35.939998626708984,35.91999816894531,35.91999816894531,8403,0.0,0.0
2024-08-30 13:20:00-04:00,35.925899505615234,35.925899505615234,35.915000915527344,35.91600036621094,7834,0.0,0.0
2024-08-30 13:21:00-04:00,35.90999984741211,35.915000915527344,35.90999984741211,35.915000915527344,5148,0.0,0.0
2024-08-30 13:22:00-04:00,35.90999984741211,35.92499923706055,35.90999984741211,35.91999816894531,9792,0.0,0.0
2024-08-30 13:23:00-04:00,35.90999984741211,35.90999984741211,35.8849983215332,35.89500045776367,7429,0.0,0.0
2024-08-30 13:24:00-04:00,35.89500045776367,35.915000915527344,35.88999938964844,35.915000915527344,6259,0.0,0.0
2024-08-30 13:25:00-04:00,35.90999984741211,35.91999816894531,35.900001525878906,35.915000915527344,9238,0.0,0.0
2024-08-30 13:26:00-04:00,35.91999816894531,35.92499923706055,35.904998779296875,35.90999984741211,9822,0.0,0.0
2024-08-30 13:27:00-04:00,35.915000915527344,35.915000915527344,35.89500045776367,35.89500045776367,4252,0.0,0.0
2024-08-30 13:28:00-04:00,35.89500045776367,35.900001525878906,35.8849983215332,35.88999938964844,6063,0.0,0.0
2024-08-30 13:29:00-04:00,35.8849983215332,35.900001525878906,35.8849983215332,35.89500045776367,6331,0.0,0.0
2024-08-30 13:30:00-04:00,35.89500045776367,35.900001525878906,35.8849983215332,35.900001525878906,7444,0.0,0.0
2024-08-30 13:31:00-04:00,35.904998779296875,35.91999816894531,35.900001525878906,35.904998779296875,7128,0.0,0.0
2024-08-30 13:32:00-04:00,35.904998779296875,35.90999984741211,35.900001525878906,35.90010070800781,3817,0.0,0.0
2024-08-30 13:33:00-04:00,35.904998779296875,35.904998779296875,35.88999938964844,35.904998779296875,10917,0.0,0.0
2024-08-30 13:34:00-04:00,35.900001525878906,35.90999984741211,35.8849983215332,35.89500045776367,13300,0.0,0.0
2024-08-30 13:35:00-04:00,35.89500045776367,35.904998779296875,35.89500045776367,35.904998779296875,3413,0.0,0.0
2024-08-30 13:36:00-04:00,35.90999984741211,35.915000915527344,35.904998779296875,35.915000915527344,6011,0.0,0.0
2024-08-30 13:37:00-04:00,35.915000915527344,35.915000915527344,35.89500045776367,35.904998779296875,11585,0.0,0.0
2024-08-30 13:38:00-04:00,35.900001525878906,35.91999816894531,35.89500045776367,35.91999816894531,6140,0.0,0.0
2024-08-30 13:39:00-04:00,35.92499923706055,35.92499923706055,35.8849983215332,35.8849983215332,9904,0.0,0.0
2024-08-30 13:40:00-04:00,35.8849983215332,35.904998779296875,35.8849983215332,35.904998779296875,8399,0.0,0.0
2024-08-30 13:41:00-04:00,35.904998779296875,35.904998779296875,35.89500045776367,35.89500045776367,6143,0.0,0.0
2024-08-30 13:42:00-04:00,35.900001525878906,35.915000915527344,35.900001525878906,35.915000915527344,3974,0.0,0.0
2024-08-30 13:43:00-04:00,35.915000915527344,35.95500183105469,35.915000915527344,35.951900482177734,27770,0.0,0.0
2024-08-30 13:44:00-04:00,35.95500183105469,35.95500183105469,35.93000030517578,35.93000030517578,13568,0.0,0.0
2024-08-30 13:45:00-04:00,35.935001373291016,35.94499969482422,35.92499923706055,35.935699462890625,27445,0.0,0.0
2024-08-30 13:46:00-04:00,35.93000030517578,35.935001373291016,35.93000030517578,35.93000030517578,1573,0.0,0.0
2024-08-30 13:47:00-04:00,35.935001373291016,35.97999954223633,35.8849983215332,35.88999938964844,31981,0.0,0.0
2024-08-30 13:48:00-04:00,35.89500045776367,35.90999984741211,35.8849983215332,35.8849983215332,10418,0.0,0.0
2024-08-30 13:49:00-04:00,35.88999938964844,35.904998779296875,35.880001068115234,35.8849983215332,8134,0.0,0.0
2024-08-30 13:50:00-04:00,35.880001068115234,35.880001068115234,35.849998474121094,35.875,8660,0.0,0.0
2024-08-30 13:51:00-04:00,35.880001068115234,35.880001068115234,35.849998474121094,35.849998474121094,9549,0.0,0.0
2024-08-30 13:52:00-04:00,35.849998474121094,35.869998931884766,35.849998474121094,35.869998931884766,7076,0.0,0.0
2024-08-30 13:53:00-04:00,35.8650016784668,35.8650016784668,35.86000061035156,35.8650016784668,3184,0.0,0.0
2024-08-30 13:54:00-04:00,35.869998931884766,35.88999938964844,35.86750030517578,35.880001068115234,8300,0.0,0.0
2024-08-30 13:55:00-04:00,35.8849983215332,35.88999938964844,35.880001068115234,35.880001068115234,1924,0.0,0.0
2024-08-30 13:56:00-04:00,35.8849983215332,35.8849983215332,35.83000183105469,35.845001220703125,21224,0.0,0.0
2024-08-30 13:57:00-04:00,35.845001220703125,35.855098724365234,35.834999084472656,35.845001220703125,10594,0.0,0.0
2024-08-30 13:58:00-04:00,35.845001220703125,35.845001220703125,35.84000015258789,35.845001220703125,3254,0.0,0.0
2024-08-30 13:59:00-04:00,35.84000015258789,35.849998474121094,35.81999969482422,35.82500076293945,9605,0.0,0.0
2024-08-30 14:00:00-04:00,35.81999969482422,35.83000183105469,35.814998626708984,35.82500076293945,7861,0.0,0.0
2024-08-30 14:01:00-04:00,35.82500076293945,35.834999084472656,35.82500076293945,35.834999084472656,8733,0.0,0.0
2024-08-30 14:02:00-04:00,35.83000183105469,35.869998931884766,35.83000183105469,35.8650016784668,11120,0.0,0.0
2024-08-30 14:03:00-04:00,35.8650016784668,35.869998931884766,35.84000015258789,35.845001220703125,13270,0.0,0.0
2024-08-30 14:04:00-04:00,35.849998474121094,35.8650016784668,35.849998474121094,35.85499954223633,11023,0.0,0.0
2024-08-30 14:05:00-04:00,35.85499954223633,35.85499954223633,35.845001220703125,35.849998474121094,7687,0.0,0.0
2024-08-30 14:06:00-04:00,35.849998474121094,35.849998474121094,35.81999969482422,35.845001220703125,16366,0.0,0.0
2024-08-30 14:07:00-04:00,35.84000015258789,35.849998474121094,35.83000183105469,35.8400993347168,11333,0.0,0.0
2024-08-30 14:08:00-04:00,35.845001220703125,35.849998474121094,35.834999084472656,35.845001220703125,8688,0.0,0.0
2024-08-30 14:09:00-04:00,35.845001220703125,35.849998474121094,35.84000015258789,35.845001220703125,7279,0.0,0.0
2024-08-30 14:10:00-04:00,35.84000015258789,35.85499954223633,35.834999084472656,35.85499954223633,31120,0.0,0.0
2024-08-30 14:11:00-04:00,35.849998474121094,35.875,35.849998474121094,35.875,8334,0.0,0.0
2024-08-30 14:12:00-04:00,35.875,35.880001068115234,35.8650016784668,35.8650016784668,8588,0.0,0.0
2024-08-30 14:13:00-04:00,35.8650016784668,35.869998931884766,35.849998474121094,35.869998931884766,10440,0.0,0.0
2024-08-30 14:14:00-04:00,35.875,35.8849983215332,35.86000061035156,35.86000061035156,10430,0.0,0.0
2024-08-30 14:15:00-04:00,35.869998931884766,35.88999938964844,35.869998931884766,35.88999938964844,9837,0.0,0.0
2024-08-30 14:16:00-04:00,35.88999938964844,35.89500045776367,35.849998474121094,35.85499954223633,17217,0.0,0.0
2024-08-30 14:17:00-04:00,35.85499954223633,35.8650016784668,35.845001220703125,35.86000061035156,20542,0.0,0.0
2024-08-30 14:18:00-04:00,35.86000061035156,35.86000061035156,35.849998474121094,35.85499954223633,5512,0.0,0.0
2024-08-30 14:19:00-04:00,35.85499954223633,35.8650016784668,35.85499954223633,35.8650016784668,7776,0.0,0.0
2024-08-30 14:20:00-04:00,35.8650016784668,35.869998931884766,35.849998474121094,35.869998931884766,13041,0.0,0.0
2024-08-30 14:21:00-04:00,35.86000061035156,35.86000061035156,35.849998474121094,35.85499954223633,5602,0.0,0.0
2024-08-30 14:22:00-04:00,35.85499954223633,35.869998931884766,35.85499954223633,35.8650016784668,20919,0.0,0.0
2024-08-30 14:23:00-04:00,35.8650016784668,35.869998931884766,35.83000183105469,35.834999084472656,16548,0.0,0.0
2024-08-30 14:24:00-04:00,35.834999084472656,35.834999084472656,35.81999969482422,35.834999084472656,11324,0.0,0.0
2024-08-30 14:25:00-04:00,35.84000015258789,35.92499923706055,35.84000015258789,35.90999984741211,26194,0.0,0.0
2024-08-30 14:26:00-04:00,35.90999984741211,35.93000030517578,35.904998779296875,35.92499923706055,5554,0.0,0.0
2024-08-30 14:27:00-04:00,35.92499923706055,35.935001373291016,35.904998779296875,35.90999984741211,13199,0.0,0.0
2024-08-30 14:28:00-04:00,35.915000915527344,35.915000915527344,35.88999938964844,35.89500045776367,14094,0.0,0.0
2024-08-30 14:29:00-04:00,35.88999938964844,35.89500045776367,35.869998931884766,35.89500045776367,15059,0.0,0.0
2024-08-30 14:30:00-04:00,35.89500045776367,35.900001525878906,35.8849983215332,35.8849983215332,5927,0.0,0.0
2024-08-30 14:31:00-04:00,35.8849983215332,35.904998779296875,35.88100051879883,35.900001525878906,15659,0.0,0.0
2024-08-30 14:32:00-04:00,35.89500045776367,35.935001373291016,35.89500045776367,35.935001373291016,13086,0.0,0.0
2024-08-30 14:33:00-04:00,35.935001373291016,35.95000076293945,35.93000030517578,35.95000076293945,5226,0.0,0.0
2024-08-30 14:34:00-04:00,35.939998626708984,35.95500183105469,35.93000030517578,35.95500183105469,23343,0.0,0.0
2024-08-30 14:35:00-04:00,35.95500183105469,35.95500183105469,35.939998626708984,35.939998626708984,9323,0.0,0.0
2024-08-30 14:36:00-04:00,35.94770050048828,35.94770050048828,35.935001373291016,35.939998626708984,6202,0.0,0.0
2024-08-30 14:37:00-04:00,35.935001373291016,35.935001373291016,35.93000030517578,35.935001373291016,3806,0.0,0.0
2024-08-30 14:38:00-04:00,35.93000030517578,35.93000030517578,35.915000915527344,35.92499923706055,17033,0.0,0.0
2024-08-30 14:39:00-04:00,35.92499923706055,35.92499923706055,35.91999816894531,35.92499923706055,4193,0.0,0.0
2024-08-30 14:40:00-04:00,35.91999816894531,35.93000030517578,35.915000915527344,35.91999816894531,11816,0.0,0.0
2024-08-30 14:41:00-04:00,35.91999816894531,35.93000030517578,35.85499954223633,35.85499954223633,44227,0.0,0.0
2024-08-30 14:42:00-04:00,35.85020065307617,35.86000061035156,35.834999084472656,35.834999084472656,17520,0.0,0.0
2024-08-30 14:43:00-04:00,35.83000183105469,35.834999084472656,35.82500076293945,35.82500076293945,12760,0.0,0.0
2024-08-30 14:44:00-04:00,35.82500076293945,35.838401794433594,35.810001373291016,35.83000183105469,17456,0.0,0.0
2024-08-30 14:45:00-04:00,35.83000183105469,35.869998931884766,35.83000183105469,35.869998931884766,14965,0.0,0.0
2024-08-30 14:46:00-04:00,35.86000061035156,35.869998931884766,35.84000015258789,35.849998474121094,15078,0.0,0.0
2024-08-30 14:47:00-04:00,35.845001220703125,35.86000061035156,35.8400993347168,35.85279846191406,13168,0.0,0.0
2024-08-30 14:48:00-04:00,35.849998474121094,35.8650016784668,35.845001220703125,35.86000061035156,9920,0.0,0.0
2024-08-30 14:49:00-04:00,35.85499954223633,35.880001068115234,35.85499954223633,35.875,8071,0.0,0.0
2024-08-30 14:50:00-04:00,35.880001068115234,35.92499923706055,35.869998931884766,35.900001525878906,29055,0.0,0.0
2024-08-30 14:51:00-04:00,35.904998779296875,35.94499969482422,35.904998779296875,35.935001373291016,19593,0.0,0.0
2024-08-30 14:52:00-04:00,35.93000030517578,35.959999084472656,35.93000030517578,35.959999084472656,15670,0.0,0.0
2024-08-30 14:53:00-04:00,35.959999084472656,35.97999954223633,35.94499969482422,35.94499969482422,11232,0.0,0.0
2024-08-30 14:54:00-04:00,35.939998626708984,35.939998626708984,35.91999816894531,35.93949890136719,14098,0.0,0.0
2024-08-30 14:55:00-04:00,35.935001373291016,35.939998626708984,35.92499923706055,35.92499923706055,9759,0.0,0.0
2024-08-30 14:56:00-04:00,35.935001373291016,35.939998626708984,35.92499923706055,35.92499923706055,8654,0.0,0.0
2024-08-30 14:57:00-04:00,35.91999816894531,35.92499923706055,35.90999984741211,35.915000915527344,9604,0.0,0.0
2024-08-30 14:58:00-04:00,35.90999984741211,35.939998626708984,35.90999984741211,35.939998626708984,16801,0.0,0.0
2024-08-30 14:59:00-04:00,35.93870162963867,35.95000076293945,35.93000030517578,35.94499969482422,13631,0.0,0.0
2024-08-30 15:00:00-04:00,35.95000076293945,35.97600173950195,35.939998626708984,35.959999084472656,11089,0.0,0.0
2024-08-30 15:01:00-04:00,35.96500015258789,35.97999954223633,35.96500015258789,35.974998474121094,16341,0.0,0.0
2024-08-30 15:02:00-04:00,35.974998474121094,36.005001068115234,35.970001220703125,35.994998931884766,29304,0.0,0.0
2024-08-30 15:03:00-04:00,35.99530029296875,35.99530029296875,35.97999954223633,35.9900016784668,12048,0.0,0.0
2024-08-30 15:04:00-04:00,35.98500061035156,35.98970031738281,35.93000030517578,35.93000030517578,15498,0.0,0.0
2024-08-30 15:05:00-04:00,35.935001373291016,35.959999084472656,35.90999984741211,35.915000915527344,22972,0.0,0.0
2024-08-30 15:06:00-04:00,35.91999816894531,35.94499969482422,35.91999816894531,35.939998626708984,13091,0.0,0.0
2024-08-30 15:07:00-04:00,35.95000076293945,35.95000076293945,35.91999816894531,35.91999816894531,8055,0.0,0.0
2024-08-30 15:08:00-04:00,35.92499923706055,35.94499969482422,35.92499923706055,35.935001373291016,9850,0.0,0.0
2024-08-30 15:09:00-04:00,35.935001373291016,35.935001373291016,35.90999984741211,35.90999984741211,8704,0.0,0.0
2024-08-30 15:10:00-04:00,35.90999984741211,35.92499923706055,35.904998779296875,35.9098014831543,15450,0.0,0.0
2024-08-30 15:11:00-04:00,35.90999984741211,35.93000030517578,35.88999938964844,35.89500045776367,11724,0.0,0.0
2024-08-30 15:12:00-04:00,35.900001525878906,35.915000915527344,35.900001525878906,35.900001525878906,14097,0.0,0.0
2024-08-30 15:13:00-04:00,35.900001525878906,35.92499923706055,35.89500045776367,35.91999816894531,12959,0.0,0.0
2024-08-30 15:14:00-04:00,35.91999816894531,35.91999816894531,35.88999938964844,35.88999938964844,19515,0.0,0.0
2024-08-30 15:15:00-04:00,35.8849983215332,35.89500045776367,35.875,35.89500045776367,12759,0.0,0.0
2024-08-30 15:16:00-04:00,35.89500045776367,35.904998779296875,35.88999938964844,35.89500045776367,13589,0.0,0.0
2024-08-30 15:17:00-04:00,35.900001525878906,35.9192008972168,35.899898529052734,35.915000915527344,16305,0.0,0.0
2024-08-30 15:18:00-04:00,35.915000915527344,35.93000030517578,35.90999984741211,35.92599868774414,12641,0.0,0.0
2024-08-30 15:19:00-04:00,35.93000030517578,35.95000076293945,35.92499923706055,35.95000076293945,29207,0.0,0.0
2024-08-30 15:20:00-04:00,35.95000076293945,35.970001220703125,35.94499969482422,35.94499969482422,20621,0.0,0.0
2024-08-30 15:21:00-04:00,35.940101623535156,35.97999954223633,35.939998626708984,35.974998474121094,14911,0.0,0.0
2024-08-30 15:22:00-04:00,35.970001220703125,35.97999954223633,35.970001220703125,35.974998474121094,10038,0.0,0.0
2024-08-30 15:23:00-04:00,35.974998474121094,36.005001068115234,35.974998474121094,35.994998931884766,23836,0.0,0.0
2024-08-30 15:24:00-04:00,35.994998931884766,36.0099983215332,35.994998931884766,36.0099983215332,11551,0.0,0.0
2024-08-30 15:25:00-04:00,36.005001068115234,36.005001068115234,35.9900016784668,35.994998931884766,19330,0.0,0.0
2024-08-30 15:26:00-04:00,35.994998931884766,36.0,35.9900016784668,35.994998931884766,10526,0.0,0.0
2024-08-30 15:27:00-04:00,35.994998931884766,36.025001525878906,35.9900016784668,36.0,49623,0.0,0.0
2024-08-30 15:28:00-04:00,36.005001068115234,36.029998779296875,36.0,36.029998779296875,21933,0.0,0.0
2024-08-30 15:29:00-04:00,36.029998779296875,36.04499816894531,36.01499938964844,36.03499984741211,26194,0.0,0.0
2024-08-30 15:30:00-04:00,36.040000915527344,36.064998626708984,36.029998779296875,36.03499984741211,31111,0.0,0.0
2024-08-30 15:31:00-04:00,36.040000915527344,36.064998626708984,36.02000045776367,36.064998626708984,41866,0.0,0.0
2024-08-30 15:32:00-04:00,36.064998626708984,36.06999969482422,36.040000915527344,36.064998626708984,38999,0.0,0.0
2024-08-30 15:33:00-04:00,36.060001373291016,36.064998626708984,36.03499984741211,36.064998626708984,20239,0.0,0.0
2024-08-30 15:34:00-04:00,36.064998626708984,36.064998626708984,36.04999923706055,36.05500030517578,12095,0.0,0.0
2024-08-30 15:35:00-04:00,36.05500030517578,36.095001220703125,36.05500030517578,36.084999084472656,40373,0.0,0.0
2024-08-30 15:36:00-04:00,36.08000183105469,36.12900161743164,36.06999969482422,36.125,45259,0.0,0.0
2024-08-30 15:37:00-04:00,36.130001068115234,36.154998779296875,36.119998931884766,36.125,44700,0.0,0.0
2024-08-30 15:38:00-04:00,36.125,36.154998779296875,36.125,36.1349983215332,23586,0.0,0.0
2024-08-30 15:39:00-04:00,36.1349983215332,36.16899871826172,36.1349983215332,36.165000915527344,22072,0.0,0.0
2024-08-30 15:40:00-04:00,36.165000915527344,36.165000915527344,36.150001525878906,36.159000396728516,30129,0.0,0.0
2024-08-30 15:41:00-04:00,36.154998779296875,36.16999816894531,36.154998779296875,36.15999984741211,29662,0.0,0.0
2024-08-30 15:42:00-04:00,36.15999984741211,36.185001373291016,36.154998779296875,36.154998779296875,37473,0.0,0.0
2024-08-30 15:43:00-04:00,36.154998779296875,36.15999984741211,36.13999938964844,36.14500045776367,27369,0.0,0.0
2024-08-30 15:44:00-04:00,36.150001525878906,36.154998779296875,36.099998474121094,36.11000061035156,51423,0.0,0.0
2024-08-30 15:45:00-04:00,36.1150016784668,36.11899948120117,36.05099868774414,36.05500030517578,49224,0.0,0.0
2024-08-30 15:46:00-04:00,36.04999923706055,36.05500030517578,35.974998474121094,35.974998474121094,46999,0.0,0.0
2024-08-30 15:47:00-04:00,35.98500061035156,36.0099983215332,35.98500061035156,36.005001068115234,33566,0.0,0.0
2024-08-30 15:48:00-04:00,36.005001068115234,36.025001525878906,36.0,36.0099983215332,38837,0.0,0.0
2024-08-30 15:49:00-04:00,36.02000045776367,36.08000183105469,36.02000045776367,36.07500076293945,30335,0.0,0.0
2024-08-30 15:50:00-04:00,36.08000183105469,36.119998931884766,36.064998626708984,36.1150016784668,83343,0.0,0.0
2024-08-30 15:51:00-04:00,36.119998931884766,36.150001525878906,36.099998474121094,36.13999938964844,68356,0.0,0.0
2024-08-30 15:52:00-04:00,36.14500045776367,36.14500045776367,36.095001220703125,36.119998931884766,63761,0.0,0.0
2024-08-30 15:53:00-04:00,36.125,36.130001068115234,36.084999084472656,36.10499954223633,72914,0.0,0.0
2024-08-30 15:54:00-04:00,36.099998474121094,36.10499954223633,36.08000183105469,36.084999084472656,68982,0.0,0.0
2024-08-30 15:55:00-04:00,36.084999084472656,36.150001525878906,36.08000183105469,36.14500045776367,144588,0.0,0.0
2024-08-30 15:56:00-04:00,36.14500045776367,36.22999954223633,36.13999938964844,36.20500183105469,132188,0.0,0.0
2024-08-30 15:57:00-04:00,36.20500183105469,36.22999954223633,36.189998626708984,36.19499969482422,179718,0.0,0.0
2024-08-30 15:58:00-04:00,36.20000076293945,36.2400016784668,36.189998626708984,36.23500061035156,256137,0.0,0.0
2024-08-30 15:59:00-04:00,36.23500061035156,36.25,36.16999816894531,36.185001373291016,316167,0.0,0.0
