Datetime,Open,High,Low,Close,Volume,Dividends,Stock Splits
2024-08-26 09:30:00-04:00,14.15999984741211,14.15999984741211,14.15999984741211,14.15999984741211,0,0.0,0.0
2024-08-26 09:32:00-04:00,14.114999771118164,14.114999771118164,14.114999771118164,14.114999771118164,262,0.0,0.0
2024-08-26 09:33:00-04:00,14.100000381469727,14.100000381469727,14.100000381469727,14.100000381469727,281,0.0,0.0
2024-08-26 09:41:00-04:00,14.095000267028809,14.159899711608887,14.095000267028809,14.159899711608887,5722,0.0,0.0
2024-08-26 09:44:00-04:00,14.1899995803833,14.1899995803833,14.140000343322754,14.140000343322754,400,0.0,0.0
2024-08-26 09:45:00-04:00,14.1850004196167,14.210000038146973,14.1850004196167,14.1899995803833,2363,0.0,0.0
2024-08-26 09:47:00-04:00,14.265000343322754,14.265000343322754,14.265000343322754,14.265000343322754,429,0.0,0.0
2024-08-26 09:51:00-04:00,14.270000457763672,14.270000457763672,14.26099967956543,14.265000343322754,3077,0.0,0.0
2024-08-26 09:52:00-04:00,14.289999961853027,14.289999961853027,14.28499984741211,14.28499984741211,430,0.0,0.0
2024-08-26 09:53:00-04:00,14.28499984741211,14.34000015258789,14.270000457763672,14.305000305175781,2805,0.0,0.0
2024-08-26 09:54:00-04:00,14.3100004196167,14.3149995803833,14.3100004196167,14.3149995803833,483,0.0,0.0
2024-08-26 09:55:00-04:00,14.369999885559082,14.375,14.350000381469727,14.359999656677246,1807,0.0,0.0
2024-08-26 09:56:00-04:00,14.350000381469727,14.350000381469727,14.350000381469727,14.350000381469727,596,0.0,0.0
2024-08-26 09:57:00-04:00,14.380000114440918,14.380000114440918,14.380000114440918,14.380000114440918,680,0.0,0.0
2024-08-26 09:58:00-04:00,14.418999671936035,14.449999809265137,14.418999671936035,14.449999809265137,1029,0.0,0.0
2024-08-26 09:59:00-04:00,14.4350004196167,14.4350004196167,14.40999984741211,14.40999984741211,570,0.0,0.0
2024-08-26 10:00:00-04:00,14.430000305175781,14.430000305175781,14.380000114440918,14.380000114440918,1802,0.0,0.0
2024-08-26 10:01:00-04:00,14.364999771118164,14.364999771118164,14.364999771118164,14.364999771118164,2568,0.0,0.0
2024-08-26 10:02:00-04:00,14.4350004196167,14.4350004196167,14.422200202941895,14.4350004196167,1012,0.0,0.0
2024-08-26 10:03:00-04:00,14.425000190734863,14.425000190734863,14.425000190734863,14.425000190734863,705,0.0,0.0
2024-08-26 10:05:00-04:00,14.454999923706055,14.454999923706055,14.447500228881836,14.447500228881836,244,0.0,0.0
2024-08-26 10:06:00-04:00,14.47249984741211,14.47249984741211,14.350000381469727,14.354999542236328,9954,0.0,0.0
2024-08-26 10:07:00-04:00,14.380000114440918,14.380000114440918,14.380000114440918,14.380000114440918,1224,0.0,0.0
2024-08-26 10:14:00-04:00,14.3100004196167,14.3100004196167,14.3100004196167,14.3100004196167,5083,0.0,0.0
2024-08-26 10:18:00-04:00,14.270000457763672,14.270000457763672,14.270000457763672,14.270000457763672,6013,0.0,0.0
2024-08-26 10:20:00-04:00,14.210000038146973,14.210000038146973,14.210000038146973,14.210000038146973,351,0.0,0.0
2024-08-26 10:21:00-04:00,14.210000038146973,14.244999885559082,14.210000038146973,14.239999771118164,1209,0.0,0.0
2024-08-26 10:26:00-04:00,14.3100004196167,14.34000015258789,14.3100004196167,14.34000015258789,481,0.0,0.0
2024-08-26 10:27:00-04:00,14.359999656677246,14.359999656677246,14.359999656677246,14.359999656677246,776,0.0,0.0
2024-08-26 10:29:00-04:00,14.329999923706055,14.329999923706055,14.329999923706055,14.329999923706055,262,0.0,0.0
2024-08-26 10:30:00-04:00,14.329999923706055,14.329999923706055,14.329999923706055,14.329999923706055,445,0.0,0.0
2024-08-26 10:31:00-04:00,14.300000190734863,14.300000190734863,14.289999961853027,14.289999961853027,446,0.0,0.0
2024-08-26 10:33:00-04:00,14.270000457763672,14.270000457763672,14.270000457763672,14.270000457763672,312,0.0,0.0
2024-08-26 10:36:00-04:00,14.260000228881836,14.260000228881836,14.260000228881836,14.260000228881836,371,0.0,0.0
2024-08-26 10:38:00-04:00,14.274999618530273,14.274999618530273,14.274999618530273,14.274999618530273,651,0.0,0.0
2024-08-26 10:39:00-04:00,14.265000343322754,14.295000076293945,14.265000343322754,14.295000076293945,1227,0.0,0.0
2024-08-26 10:40:00-04:00,14.329999923706055,14.329999923706055,14.329999923706055,14.329999923706055,735,0.0,0.0
2024-08-26 10:43:00-04:00,14.279999732971191,14.279999732971191,14.210000038146973,14.210000038146973,2314,0.0,0.0
2024-08-26 10:44:00-04:00,14.199999809265137,14.199999809265137,14.1850004196167,14.1850004196167,6146,0.0,0.0
2024-08-26 10:46:00-04:00,14.229999542236328,14.239999771118164,14.229999542236328,14.239999771118164,554,0.0,0.0
2024-08-26 10:47:00-04:00,14.229999542236328,14.229999542236328,14.229999542236328,14.229999542236328,2044,0.0,0.0
2024-08-26 10:50:00-04:00,14.255000114440918,14.255000114440918,14.255000114440918,14.255000114440918,210,0.0,0.0
2024-08-26 10:51:00-04:00,14.255000114440918,14.255000114440918,14.255000114440918,14.255000114440918,252,0.0,0.0
2024-08-26 10:52:00-04:00,14.289999961853027,14.3100004196167,14.289999961853027,14.3100004196167,1095,0.0,0.0
2024-08-26 10:56:00-04:00,14.300000190734863,14.300000190734863,14.300000190734863,14.300000190734863,319,0.0,0.0
2024-08-26 10:58:00-04:00,14.289999961853027,14.289999961853027,14.289999961853027,14.289999961853027,748,0.0,0.0
2024-08-26 11:01:00-04:00,14.309900283813477,14.309900283813477,14.309900283813477,14.309900283813477,315,0.0,0.0
2024-08-26 11:03:00-04:00,14.3100004196167,14.3100004196167,14.3100004196167,14.3100004196167,296,0.0,0.0
2024-08-26 11:04:00-04:00,14.350000381469727,14.359999656677246,14.34000015258789,14.359999656677246,4375,0.0,0.0
2024-08-26 11:06:00-04:00,14.34000015258789,14.34000015258789,14.34000015258789,14.34000015258789,519,0.0,0.0
2024-08-26 11:09:00-04:00,14.345000267028809,14.345000267028809,14.345000267028809,14.345000267028809,1176,0.0,0.0
2024-08-26 11:11:00-04:00,14.324000358581543,14.324000358581543,14.324000358581543,14.324000358581543,281,0.0,0.0
2024-08-26 11:12:00-04:00,14.319999694824219,14.319999694824219,14.319999694824219,14.319999694824219,613,0.0,0.0
2024-08-26 11:15:00-04:00,14.300000190734863,14.300000190734863,14.300000190734863,14.300000190734863,798,0.0,0.0
2024-08-26 11:20:00-04:00,14.319999694824219,14.319999694824219,14.300000190734863,14.300000190734863,694,0.0,0.0
2024-08-26 11:21:00-04:00,14.289999961853027,14.289999961853027,14.289999961853027,14.289999961853027,179,0.0,0.0
2024-08-26 11:25:00-04:00,14.305000305175781,14.305000305175781,14.305000305175781,14.305000305175781,170,0.0,0.0
2024-08-26 11:26:00-04:00,14.290800094604492,14.290800094604492,14.290800094604492,14.290800094604492,440,0.0,0.0
2024-08-26 11:28:00-04:00,14.319999694824219,14.319999694824219,14.319999694824219,14.319999694824219,1002,0.0,0.0
2024-08-26 11:31:00-04:00,14.34000015258789,14.34000015258789,14.319999694824219,14.319999694824219,1478,0.0,0.0
2024-08-26 11:35:00-04:00,14.350000381469727,14.359999656677246,14.350000381469727,14.359999656677246,736,0.0,0.0
2024-08-26 11:36:00-04:00,14.359999656677246,14.359999656677246,14.359999656677246,14.359999656677246,2351,0.0,0.0
2024-08-26 11:40:00-04:00,14.369999885559082,14.40999984741211,14.369999885559082,14.40999984741211,8119,0.0,0.0
2024-08-26 11:41:00-04:00,14.40999984741211,14.420000076293945,14.40999984741211,14.414999961853027,1566,0.0,0.0
2024-08-26 11:44:00-04:00,14.40999984741211,14.40999984741211,14.399999618530273,14.40999984741211,504,0.0,0.0
2024-08-26 11:45:00-04:00,14.40999984741211,14.40999984741211,14.40999984741211,14.40999984741211,612,0.0,0.0
2024-08-26 11:47:00-04:00,14.380000114440918,14.380000114440918,14.380000114440918,14.380000114440918,495,0.0,0.0
2024-08-26 11:50:00-04:00,14.40999984741211,14.40999984741211,14.404999732971191,14.404999732971191,340,0.0,0.0
2024-08-26 11:51:00-04:00,14.404999732971191,14.404999732971191,14.404999732971191,14.404999732971191,562,0.0,0.0
2024-08-26 11:56:00-04:00,14.399999618530273,14.399999618530273,14.399999618530273,14.399999618530273,129,0.0,0.0
2024-08-26 11:58:00-04:00,14.380000114440918,14.380000114440918,14.380000114440918,14.380000114440918,261,0.0,0.0
2024-08-26 11:59:00-04:00,14.390000343322754,14.390000343322754,14.390000343322754,14.390000343322754,514,0.0,0.0
2024-08-26 12:00:00-04:00,14.369999885559082,14.380000114440918,14.359999656677246,14.380000114440918,712,0.0,0.0
2024-08-26 12:02:00-04:00,14.404999732971191,14.404999732971191,14.404999732971191,14.404999732971191,1342,0.0,0.0
2024-08-26 12:05:00-04:00,14.380000114440918,14.380000114440918,14.380000114440918,14.380000114440918,947,0.0,0.0
2024-08-26 12:10:00-04:00,14.380000114440918,14.380000114440918,14.380000114440918,14.380000114440918,481,0.0,0.0
2024-08-26 12:12:00-04:00,14.385000228881836,14.385000228881836,14.385000228881836,14.385000228881836,272,0.0,0.0
2024-08-26 12:17:00-04:00,14.399999618530273,14.399999618530273,14.399999618530273,14.399999618530273,1167,0.0,0.0
2024-08-26 12:18:00-04:00,14.380000114440918,14.380000114440918,14.359999656677246,14.359999656677246,1578,0.0,0.0
2024-08-26 12:23:00-04:00,14.419899940490723,14.419899940490723,14.399999618530273,14.399999618530273,1123,0.0,0.0
2024-08-26 12:24:00-04:00,14.380000114440918,14.380000114440918,14.380000114440918,14.380000114440918,552,0.0,0.0
2024-08-26 12:31:00-04:00,14.391500473022461,14.391500473022461,14.391500473022461,14.391500473022461,647,0.0,0.0
2024-08-26 12:33:00-04:00,14.369999885559082,14.369999885559082,14.369999885559082,14.369999885559082,492,0.0,0.0
2024-08-26 12:34:00-04:00,14.380000114440918,14.380000114440918,14.380000114440918,14.380000114440918,263,0.0,0.0
2024-08-26 12:35:00-04:00,14.380000114440918,14.380000114440918,14.380000114440918,14.380000114440918,102,0.0,0.0
2024-08-26 12:36:00-04:00,14.380000114440918,14.380000114440918,14.380000114440918,14.380000114440918,436,0.0,0.0
2024-08-26 12:38:00-04:00,14.399999618530273,14.399999618530273,14.399999618530273,14.399999618530273,1641,0.0,0.0
2024-08-26 12:39:00-04:00,14.399999618530273,14.399999618530273,14.390000343322754,14.390000343322754,597,0.0,0.0
2024-08-26 12:41:00-04:00,14.395000457763672,14.395000457763672,14.395000457763672,14.395000457763672,1277,0.0,0.0
2024-08-26 12:55:00-04:00,14.395000457763672,14.395000457763672,14.395000457763672,14.395000457763672,103,0.0,0.0
2024-08-26 12:56:00-04:00,14.395000457763672,14.395000457763672,14.395000457763672,14.395000457763672,394,0.0,0.0
2024-08-26 12:57:00-04:00,14.40999984741211,14.40999984741211,14.40999984741211,14.40999984741211,682,0.0,0.0
2024-08-26 12:58:00-04:00,14.420000076293945,14.420000076293945,14.399999618530273,14.399999618530273,1628,0.0,0.0
2024-08-26 12:59:00-04:00,14.40999984741211,14.40999984741211,14.399999618530273,14.399999618530273,2478,0.0,0.0
2024-08-26 13:08:00-04:00,14.380000114440918,14.380000114440918,14.359999656677246,14.359999656677246,1103,0.0,0.0
2024-08-26 13:09:00-04:00,14.359999656677246,14.359999656677246,14.359999656677246,14.359999656677246,394,0.0,0.0
2024-08-26 13:11:00-04:00,14.380000114440918,14.380000114440918,14.369999885559082,14.369999885559082,687,0.0,0.0
2024-08-26 13:16:00-04:00,14.369999885559082,14.369999885559082,14.36400032043457,14.36400032043457,1086,0.0,0.0
2024-08-26 13:17:00-04:00,14.350000381469727,14.350000381469727,14.3100004196167,14.3100004196167,1761,0.0,0.0
2024-08-26 13:21:00-04:00,14.300000190734863,14.300000190734863,14.300000190734863,14.300000190734863,611,0.0,0.0
2024-08-26 13:24:00-04:00,14.29010009765625,14.29010009765625,14.29010009765625,14.29010009765625,5515,0.0,0.0
2024-08-26 13:29:00-04:00,14.3100004196167,14.3100004196167,14.3100004196167,14.3100004196167,234,0.0,0.0
2024-08-26 13:31:00-04:00,14.324999809265137,14.324999809265137,14.324999809265137,14.324999809265137,254,0.0,0.0
2024-08-26 13:32:00-04:00,14.3100004196167,14.3100004196167,14.3100004196167,14.3100004196167,390,0.0,0.0
2024-08-26 13:35:00-04:00,14.319999694824219,14.319999694824219,14.319999694824219,14.319999694824219,512,0.0,0.0
2024-08-26 13:38:00-04:00,14.324999809265137,14.324999809265137,14.324999809265137,14.324999809265137,478,0.0,0.0
2024-08-26 13:39:00-04:00,14.3100004196167,14.3100004196167,14.289999961853027,14.289999961853027,884,0.0,0.0
2024-08-26 13:41:00-04:00,14.3149995803833,14.339900016784668,14.300100326538086,14.300100326538086,10486,0.0,0.0
2024-08-26 13:42:00-04:00,14.3100004196167,14.3100004196167,14.3100004196167,14.3100004196167,591,0.0,0.0
2024-08-26 13:44:00-04:00,14.34000015258789,14.359999656677246,14.34000015258789,14.34000015258789,1031,0.0,0.0
2024-08-26 13:45:00-04:00,14.319999694824219,14.319999694824219,14.319999694824219,14.319999694824219,549,0.0,0.0
2024-08-26 13:47:00-04:00,14.3149995803833,14.3149995803833,14.3149995803833,14.3149995803833,242,0.0,0.0
2024-08-26 13:53:00-04:00,14.329999923706055,14.329999923706055,14.329999923706055,14.329999923706055,200,0.0,0.0
2024-08-26 13:55:00-04:00,14.3100004196167,14.3100004196167,14.3100004196167,14.3100004196167,1186,0.0,0.0
2024-08-26 14:02:00-04:00,14.390000343322754,14.390000343322754,14.390000343322754,14.390000343322754,314,0.0,0.0
2024-08-26 14:03:00-04:00,14.385000228881836,14.385000228881836,14.385000228881836,14.385000228881836,552,0.0,0.0
2024-08-26 14:10:00-04:00,14.375,14.375,14.375,14.375,232,0.0,0.0
2024-08-26 14:13:00-04:00,14.390000343322754,14.399999618530273,14.390000343322754,14.399999618530273,1205,0.0,0.0
2024-08-26 14:20:00-04:00,14.399999618530273,14.399999618530273,14.399999618530273,14.399999618530273,279,0.0,0.0
2024-08-26 14:21:00-04:00,14.399999618530273,14.399999618530273,14.390000343322754,14.390000343322754,469,0.0,0.0
2024-08-26 14:22:00-04:00,14.390000343322754,14.390000343322754,14.390000343322754,14.390000343322754,569,0.0,0.0
2024-08-26 14:26:00-04:00,14.399999618530273,14.40999984741211,14.399999618530273,14.40999984741211,2995,0.0,0.0
2024-08-26 14:27:00-04:00,14.399999618530273,14.399999618530273,14.390000343322754,14.399999618530273,1068,0.0,0.0
2024-08-26 14:28:00-04:00,14.390000343322754,14.390000343322754,14.390000343322754,14.390000343322754,321,0.0,0.0
2024-08-26 14:30:00-04:00,14.399999618530273,14.399999618530273,14.399999618530273,14.399999618530273,2480,0.0,0.0
2024-08-26 14:33:00-04:00,14.399999618530273,14.399999618530273,14.399999618530273,14.399999618530273,1212,0.0,0.0
2024-08-26 14:43:00-04:00,14.395000457763672,14.395000457763672,14.395000457763672,14.395000457763672,618,0.0,0.0
2024-08-26 14:44:00-04:00,14.399999618530273,14.399999618530273,14.385000228881836,14.385000228881836,1417,0.0,0.0
2024-08-26 14:46:00-04:00,14.399999618530273,14.40999984741211,14.399999618530273,14.40999984741211,386,0.0,0.0
2024-08-26 14:47:00-04:00,14.414999961853027,14.414999961853027,14.390000343322754,14.390000343322754,1377,0.0,0.0
2024-08-26 14:48:00-04:00,14.399999618530273,14.399999618530273,14.399999618530273,14.399999618530273,391,0.0,0.0
2024-08-26 14:49:00-04:00,14.380000114440918,14.380000114440918,14.369999885559082,14.369999885559082,532,0.0,0.0
2024-08-26 14:50:00-04:00,14.390000343322754,14.390000343322754,14.390000343322754,14.390000343322754,623,0.0,0.0
2024-08-26 14:51:00-04:00,14.37030029296875,14.37030029296875,14.369999885559082,14.369999885559082,676,0.0,0.0
2024-08-26 14:53:00-04:00,14.370400428771973,14.370400428771973,14.370400428771973,14.370400428771973,521,0.0,0.0
2024-08-26 14:56:00-04:00,14.385000228881836,14.385000228881836,14.385000228881836,14.385000228881836,369,0.0,0.0
2024-08-26 14:58:00-04:00,14.388999938964844,14.390000343322754,14.388999938964844,14.390000343322754,1284,0.0,0.0
2024-08-26 15:04:00-04:00,14.369999885559082,14.369999885559082,14.369999885559082,14.369999885559082,718,0.0,0.0
2024-08-26 15:06:00-04:00,14.380000114440918,14.380000114440918,14.380000114440918,14.380000114440918,238,0.0,0.0
2024-08-26 15:07:00-04:00,14.380000114440918,14.380000114440918,14.380000114440918,14.380000114440918,299,0.0,0.0
2024-08-26 15:08:00-04:00,14.382699966430664,14.40999984741211,14.382699966430664,14.40999984741211,1035,0.0,0.0
2024-08-26 15:09:00-04:00,14.40999984741211,14.425000190734863,14.40999984741211,14.40999984741211,2877,0.0,0.0
2024-08-26 15:13:00-04:00,14.399999618530273,14.40999984741211,14.399999618530273,14.399999618530273,1444,0.0,0.0
2024-08-26 15:14:00-04:00,14.390000343322754,14.390000343322754,14.390000343322754,14.390000343322754,1056,0.0,0.0
2024-08-26 15:15:00-04:00,14.390000343322754,14.390000343322754,14.390000343322754,14.390000343322754,455,0.0,0.0
2024-08-26 15:17:00-04:00,14.390000343322754,14.390000343322754,14.390000343322754,14.390000343322754,427,0.0,0.0
2024-08-26 15:18:00-04:00,14.380000114440918,14.380000114440918,14.380000114440918,14.380000114440918,546,0.0,0.0
2024-08-26 15:19:00-04:00,14.380000114440918,14.380000114440918,14.380000114440918,14.380000114440918,936,0.0,0.0
2024-08-26 15:24:00-04:00,14.369999885559082,14.369999885559082,14.359999656677246,14.359999656677246,746,0.0,0.0
2024-08-26 15:25:00-04:00,14.364999771118164,14.364999771118164,14.364999771118164,14.364999771118164,525,0.0,0.0
2024-08-26 15:27:00-04:00,14.359999656677246,14.359999656677246,14.359999656677246,14.359999656677246,380,0.0,0.0
2024-08-26 15:28:00-04:00,14.350000381469727,14.350000381469727,14.350000381469727,14.350000381469727,1197,0.0,0.0
2024-08-26 15:30:00-04:00,14.329999923706055,14.329999923706055,14.3100004196167,14.3100004196167,721,0.0,0.0
2024-08-26 15:31:00-04:00,14.3100004196167,14.3100004196167,14.3100004196167,14.3100004196167,756,0.0,0.0
2024-08-26 15:32:00-04:00,14.329999923706055,14.34000015258789,14.329999923706055,14.34000015258789,1888,0.0,0.0
2024-08-26 15:37:00-04:00,14.34000015258789,14.34000015258789,14.34000015258789,14.34000015258789,1376,0.0,0.0
2024-08-26 15:40:00-04:00,14.350000381469727,14.350000381469727,14.350000381469727,14.350000381469727,1103,0.0,0.0
2024-08-26 15:41:00-04:00,14.319999694824219,14.34000015258789,14.319999694824219,14.34000015258789,1903,0.0,0.0
2024-08-26 15:42:00-04:00,14.350000381469727,14.350000381469727,14.350000381469727,14.350000381469727,1055,0.0,0.0
2024-08-26 15:44:00-04:00,14.329999923706055,14.329999923706055,14.329999923706055,14.329999923706055,109,0.0,0.0
2024-08-26 15:45:00-04:00,14.329999923706055,14.329999923706055,14.329999923706055,14.329999923706055,893,0.0,0.0
2024-08-26 15:46:00-04:00,14.329999923706055,14.329999923706055,14.319999694824219,14.319999694824219,1043,0.0,0.0
2024-08-26 15:47:00-04:00,14.34000015258789,14.34000015258789,14.34000015258789,14.34000015258789,1399,0.0,0.0
2024-08-26 15:49:00-04:00,14.350000381469727,14.364999771118164,14.350000381469727,14.364999771118164,684,0.0,0.0
2024-08-26 15:50:00-04:00,14.350000381469727,14.359999656677246,14.350000381469727,14.350000381469727,1317,0.0,0.0
2024-08-26 15:51:00-04:00,14.350000381469727,14.350000381469727,14.34000015258789,14.34000015258789,1526,0.0,0.0
2024-08-26 15:52:00-04:00,14.350000381469727,14.350000381469727,14.345000267028809,14.350000381469727,1475,0.0,0.0
2024-08-26 15:53:00-04:00,14.345000267028809,14.345000267028809,14.345000267028809,14.345000267028809,441,0.0,0.0
2024-08-26 15:54:00-04:00,14.345000267028809,14.345000267028809,14.319999694824219,14.329999923706055,3667,0.0,0.0
2024-08-26 15:55:00-04:00,14.3100004196167,14.329999923706055,14.3100004196167,14.329999923706055,3287,0.0,0.0
2024-08-26 15:56:00-04:00,14.354999542236328,14.354999542236328,14.319999694824219,14.319999694824219,3158,0.0,0.0
2024-08-26 15:57:00-04:00,14.319999694824219,14.324999809265137,14.319999694824219,14.324999809265137,663,0.0,0.0
2024-08-26 15:58:00-04:00,14.329999923706055,14.329999923706055,14.3100004196167,14.3100004196167,4187,0.0,0.0
2024-08-26 15:59:00-04:00,14.319999694824219,14.369999885559082,14.319999694824219,14.369999885559082,7707,0.0,0.0
2024-08-27 09:30:00-04:00,14.210000038146973,14.210000038146973,14.210000038146973,14.210000038146973,3664,0.0,0.0
2024-08-27 09:31:00-04:00,14.324999809265137,14.324999809265137,14.324999809265137,14.324999809265137,109,0.0,0.0
2024-08-27 09:32:00-04:00,14.300000190734863,14.300000190734863,14.210000038146973,14.210000038146973,412,0.0,0.0
2024-08-27 09:33:00-04:00,14.210000038146973,14.210000038146973,14.210000038146973,14.210000038146973,595,0.0,0.0
2024-08-27 09:37:00-04:00,14.34000015258789,14.34000015258789,14.34000015258789,14.34000015258789,152,0.0,0.0
2024-08-27 09:38:00-04:00,14.265000343322754,14.265000343322754,14.170100212097168,14.170100212097168,300,0.0,0.0
2024-08-27 09:41:00-04:00,14.265000343322754,14.265000343322754,14.265000343322754,14.265000343322754,269,0.0,0.0
2024-08-27 09:42:00-04:00,14.239999771118164,14.239999771118164,14.239999771118164,14.239999771118164,677,0.0,0.0
2024-08-27 09:43:00-04:00,14.229999542236328,14.229999542236328,14.167499542236328,14.170000076293945,429,0.0,0.0
2024-08-27 09:45:00-04:00,14.100000381469727,14.100000381469727,14.100000381469727,14.100000381469727,105,0.0,0.0
2024-08-27 09:46:00-04:00,14.239999771118164,14.239999771118164,14.239999771118164,14.239999771118164,517,0.0,0.0
2024-08-27 09:51:00-04:00,14.170000076293945,14.170000076293945,14.154999732971191,14.154999732971191,405,0.0,0.0
2024-08-27 09:53:00-04:00,14.1899995803833,14.1899995803833,14.1899995803833,14.1899995803833,230,0.0,0.0
2024-08-27 09:56:00-04:00,14.119999885559082,14.119999885559082,14.050000190734863,14.050000190734863,811,0.0,0.0
2024-08-27 09:58:00-04:00,14.010000228881836,14.010000228881836,13.979999542236328,13.979999542236328,3603,0.0,0.0
2024-08-27 10:00:00-04:00,14.0600004196167,14.0600004196167,14.0600004196167,14.0600004196167,169,0.0,0.0
2024-08-27 10:01:00-04:00,14.069999694824219,14.069999694824219,14.0600004196167,14.069999694824219,1113,0.0,0.0
2024-08-27 10:02:00-04:00,14.0600004196167,14.0600004196167,14.0600004196167,14.0600004196167,1269,0.0,0.0
2024-08-27 10:06:00-04:00,14.100000381469727,14.100000381469727,14.100000381469727,14.100000381469727,662,0.0,0.0
2024-08-27 10:07:00-04:00,14.095000267028809,14.095000267028809,14.095000267028809,14.095000267028809,310,0.0,0.0
2024-08-27 10:10:00-04:00,14.100000381469727,14.100000381469727,14.100000381469727,14.100000381469727,102,0.0,0.0
2024-08-27 10:11:00-04:00,14.09000015258789,14.09000015258789,14.09000015258789,14.09000015258789,562,0.0,0.0
2024-08-27 10:13:00-04:00,14.069999694824219,14.069999694824219,14.069999694824219,14.069999694824219,1037,0.0,0.0
2024-08-27 10:20:00-04:00,14.109999656677246,14.140000343322754,14.109999656677246,14.140000343322754,1268,0.0,0.0
2024-08-27 10:21:00-04:00,14.15999984741211,14.199999809265137,14.15999984741211,14.180000305175781,796,0.0,0.0
2024-08-27 10:22:00-04:00,14.1899995803833,14.279899597167969,14.1899995803833,14.229999542236328,9221,0.0,0.0
2024-08-27 10:25:00-04:00,14.239999771118164,14.239999771118164,14.229999542236328,14.229999542236328,564,0.0,0.0
2024-08-27 10:28:00-04:00,14.239999771118164,14.239999771118164,14.239999771118164,14.239999771118164,346,0.0,0.0
2024-08-27 10:29:00-04:00,14.25,14.260000228881836,14.199999809265137,14.260000228881836,4315,0.0,0.0
2024-08-27 10:31:00-04:00,14.210000038146973,14.229000091552734,14.210000038146973,14.229000091552734,591,0.0,0.0
2024-08-27 10:33:00-04:00,14.210000038146973,14.265000343322754,14.210000038146973,14.265000343322754,1659,0.0,0.0
2024-08-27 10:34:00-04:00,14.265000343322754,14.265000343322754,14.265000343322754,14.265000343322754,872,0.0,0.0
2024-08-27 10:35:00-04:00,14.220000267028809,14.220000267028809,14.220000267028809,14.220000267028809,115,0.0,0.0
2024-08-27 10:36:00-04:00,14.260000228881836,14.260000228881836,14.260000228881836,14.260000228881836,2612,0.0,0.0
2024-08-27 10:40:00-04:00,14.25,14.25,14.25,14.25,388,0.0,0.0
2024-08-27 10:45:00-04:00,14.239999771118164,14.239999771118164,14.239999771118164,14.239999771118164,1087,0.0,0.0
2024-08-27 10:53:00-04:00,14.170000076293945,14.220000267028809,14.170000076293945,14.220000267028809,2599,0.0,0.0
2024-08-27 10:59:00-04:00,14.210000038146973,14.229999542236328,14.1899995803833,14.229999542236328,3883,0.0,0.0
2024-08-27 11:00:00-04:00,14.220000267028809,14.234999656677246,14.194999694824219,14.194999694824219,1199,0.0,0.0
2024-08-27 11:04:00-04:00,14.170000076293945,14.170000076293945,14.170000076293945,14.170000076293945,337,0.0,0.0
2024-08-27 11:05:00-04:00,14.1899995803833,14.1899995803833,14.1899995803833,14.1899995803833,222,0.0,0.0
2024-08-27 11:08:00-04:00,14.167799949645996,14.167799949645996,14.167799949645996,14.167799949645996,236,0.0,0.0
2024-08-27 11:11:00-04:00,14.180000305175781,14.180000305175781,14.180000305175781,14.180000305175781,225,0.0,0.0
2024-08-27 11:16:00-04:00,14.180000305175781,14.180000305175781,14.180000305175781,14.180000305175781,190,0.0,0.0
2024-08-27 11:18:00-04:00,14.170000076293945,14.1850004196167,14.170000076293945,14.170000076293945,890,0.0,0.0
2024-08-27 11:21:00-04:00,14.180000305175781,14.180000305175781,14.180000305175781,14.180000305175781,396,0.0,0.0
2024-08-27 11:24:00-04:00,14.160099983215332,14.160099983215332,14.160099983215332,14.160099983215332,101,0.0,0.0
2024-08-27 11:26:00-04:00,14.1899995803833,14.1899995803833,14.18649959564209,14.18649959564209,5362,0.0,0.0
2024-08-27 11:29:00-04:00,14.220000267028809,14.220000267028809,14.220000267028809,14.220000267028809,255,0.0,0.0
2024-08-27 11:30:00-04:00,14.21500015258789,14.21500015258789,14.15999984741211,14.15999984741211,2161,0.0,0.0
2024-08-27 11:31:00-04:00,14.149999618530273,14.149999618530273,14.149999618530273,14.149999618530273,228,0.0,0.0
2024-08-27 11:32:00-04:00,14.149999618530273,14.149999618530273,14.149999618530273,14.149999618530273,324,0.0,0.0
2024-08-27 11:34:00-04:00,14.145000457763672,14.145000457763672,14.145000457763672,14.145000457763672,674,0.0,0.0
2024-08-27 11:35:00-04:00,14.149999618530273,14.180000305175781,14.149999618530273,14.180000305175781,1218,0.0,0.0
2024-08-27 11:38:00-04:00,14.170000076293945,14.170000076293945,14.170000076293945,14.170000076293945,406,0.0,0.0
2024-08-27 11:40:00-04:00,14.175000190734863,14.175000190734863,14.150099754333496,14.150099754333496,1113,0.0,0.0
2024-08-27 11:42:00-04:00,14.199999809265137,14.199999809265137,14.175000190734863,14.175000190734863,506,0.0,0.0
2024-08-27 11:43:00-04:00,14.194999694824219,14.220000267028809,14.190099716186523,14.220000267028809,2179,0.0,0.0
2024-08-27 11:44:00-04:00,14.199999809265137,14.199999809265137,14.199999809265137,14.199999809265137,1477,0.0,0.0
2024-08-27 11:50:00-04:00,14.199999809265137,14.199999809265137,14.199999809265137,14.199999809265137,711,0.0,0.0
2024-08-27 11:51:00-04:00,14.180000305175781,14.1899995803833,14.130000114440918,14.170000076293945,2817,0.0,0.0
2024-08-27 11:53:00-04:00,14.180000305175781,14.1899995803833,14.180000305175781,14.1899995803833,473,0.0,0.0
2024-08-27 11:55:00-04:00,14.199999809265137,14.199999809265137,14.199999809265137,14.199999809265137,1160,0.0,0.0
2024-08-27 11:56:00-04:00,14.199999809265137,14.199999809265137,14.199999809265137,14.199999809265137,1999,0.0,0.0
2024-08-27 11:57:00-04:00,14.199999809265137,14.260000228881836,14.199999809265137,14.260000228881836,3789,0.0,0.0
2024-08-27 12:00:00-04:00,14.239999771118164,14.255000114440918,14.239999771118164,14.255000114440918,377,0.0,0.0
2024-08-27 12:01:00-04:00,14.229999542236328,14.25,14.229999542236328,14.25,281,0.0,0.0
2024-08-27 12:02:00-04:00,14.25,14.25,14.25,14.25,931,0.0,0.0
2024-08-27 12:03:00-04:00,14.239999771118164,14.25,14.239999771118164,14.25,688,0.0,0.0
2024-08-27 12:05:00-04:00,14.25,14.25,14.229999542236328,14.25,1221,0.0,0.0
2024-08-27 12:07:00-04:00,14.220000267028809,14.239999771118164,14.220000267028809,14.220000267028809,1123,0.0,0.0
2024-08-27 12:09:00-04:00,14.21500015258789,14.21500015258789,14.21500015258789,14.21500015258789,325,0.0,0.0
2024-08-27 12:11:00-04:00,14.21500015258789,14.225000381469727,14.21500015258789,14.220000267028809,1593,0.0,0.0
2024-08-27 12:12:00-04:00,14.229999542236328,14.229999542236328,14.229999542236328,14.229999542236328,337,0.0,0.0
2024-08-27 12:13:00-04:00,14.234000205993652,14.234000205993652,14.234000205993652,14.234000205993652,876,0.0,0.0
2024-08-27 12:15:00-04:00,14.234999656677246,14.249899864196777,14.234999656677246,14.249899864196777,738,0.0,0.0
2024-08-27 12:17:00-04:00,14.220000267028809,14.220000267028809,14.220000267028809,14.220000267028809,411,0.0,0.0
2024-08-27 12:19:00-04:00,14.225000381469727,14.25,14.225000381469727,14.25,652,0.0,0.0
2024-08-27 12:20:00-04:00,14.229999542236328,14.229999542236328,14.229999542236328,14.229999542236328,790,0.0,0.0
2024-08-27 12:22:00-04:00,14.220000267028809,14.229999542236328,14.210000038146973,14.210000038146973,709,0.0,0.0
2024-08-27 12:23:00-04:00,14.220000267028809,14.225000381469727,14.210000038146973,14.21500015258789,993,0.0,0.0
2024-08-27 12:24:00-04:00,14.21500015258789,14.21500015258789,14.210000038146973,14.210000038146973,4265,0.0,0.0
2024-08-27 12:25:00-04:00,14.1899995803833,14.1899995803833,14.1899995803833,14.1899995803833,260,0.0,0.0
2024-08-27 12:28:00-04:00,14.199999809265137,14.199999809265137,14.199999809265137,14.199999809265137,258,0.0,0.0
2024-08-27 12:30:00-04:00,14.1899995803833,14.199999809265137,14.1899995803833,14.1899995803833,792,0.0,0.0
2024-08-27 12:31:00-04:00,14.1899995803833,14.1899995803833,14.1899995803833,14.1899995803833,311,0.0,0.0
2024-08-27 12:34:00-04:00,14.180000305175781,14.180000305175781,14.180000305175781,14.180000305175781,261,0.0,0.0
2024-08-27 12:35:00-04:00,14.180000305175781,14.180000305175781,14.180000305175781,14.180000305175781,330,0.0,0.0
2024-08-27 12:36:00-04:00,14.180000305175781,14.180000305175781,14.170000076293945,14.170000076293945,666,0.0,0.0
2024-08-27 12:37:00-04:00,14.130000114440918,14.154999732971191,14.130000114440918,14.154999732971191,260,0.0,0.0
2024-08-27 12:40:00-04:00,14.15999984741211,14.15999984741211,14.15999984741211,14.15999984741211,127,0.0,0.0
2024-08-27 12:41:00-04:00,14.149999618530273,14.199999809265137,14.149999618530273,14.199999809265137,1866,0.0,0.0
2024-08-27 12:42:00-04:00,14.180000305175781,14.180000305175781,14.180000305175781,14.180000305175781,669,0.0,0.0
2024-08-27 12:46:00-04:00,14.210000038146973,14.210000038146973,14.210000038146973,14.210000038146973,794,0.0,0.0
2024-08-27 12:48:00-04:00,14.1899995803833,14.1899995803833,14.1899995803833,14.1899995803833,119,0.0,0.0
2024-08-27 12:49:00-04:00,14.210000038146973,14.21500015258789,14.210000038146973,14.21500015258789,1087,0.0,0.0
2024-08-27 12:52:00-04:00,14.199999809265137,14.199999809265137,14.199999809265137,14.199999809265137,461,0.0,0.0
2024-08-27 12:56:00-04:00,14.210000038146973,14.210000038146973,14.210000038146973,14.210000038146973,645,0.0,0.0
2024-08-27 12:57:00-04:00,14.210000038146973,14.210000038146973,14.204999923706055,14.204999923706055,746,0.0,0.0
2024-08-27 13:02:00-04:00,14.180000305175781,14.180000305175781,14.180000305175781,14.180000305175781,213,0.0,0.0
2024-08-27 13:03:00-04:00,14.1899995803833,14.1899995803833,14.1899995803833,14.1899995803833,261,0.0,0.0
2024-08-27 13:04:00-04:00,14.180000305175781,14.180000305175781,14.180000305175781,14.180000305175781,246,0.0,0.0
2024-08-27 13:05:00-04:00,14.1899995803833,14.1899995803833,14.1899995803833,14.1899995803833,494,0.0,0.0
2024-08-27 13:06:00-04:00,14.1899995803833,14.1899995803833,14.1899995803833,14.1899995803833,0,0.0,0.0
2024-08-27 13:08:00-04:00,14.180000305175781,14.180000305175781,14.180000305175781,14.180000305175781,656,0.0,0.0
2024-08-27 13:09:00-04:00,14.199999809265137,14.199999809265137,14.199999809265137,14.199999809265137,560,0.0,0.0
2024-08-27 13:10:00-04:00,14.210000038146973,14.220000267028809,14.210000038146973,14.220000267028809,916,0.0,0.0
2024-08-27 13:11:00-04:00,14.21500015258789,14.220000267028809,14.21500015258789,14.220000267028809,1087,0.0,0.0
2024-08-27 13:12:00-04:00,14.210000038146973,14.210000038146973,14.210000038146973,14.210000038146973,794,0.0,0.0
2024-08-27 13:15:00-04:00,14.199999809265137,14.199999809265137,14.199999809265137,14.199999809265137,399,0.0,0.0
2024-08-27 13:17:00-04:00,14.199999809265137,14.199999809265137,14.199999809265137,14.199999809265137,991,0.0,0.0
2024-08-27 13:22:00-04:00,14.204999923706055,14.204999923706055,14.204999923706055,14.204999923706055,231,0.0,0.0
2024-08-27 13:23:00-04:00,14.210000038146973,14.229999542236328,14.210000038146973,14.229999542236328,1439,0.0,0.0
2024-08-27 13:25:00-04:00,14.229999542236328,14.229999542236328,14.229999542236328,14.229999542236328,2624,0.0,0.0
2024-08-27 13:27:00-04:00,14.220000267028809,14.220000267028809,14.220000267028809,14.220000267028809,728,0.0,0.0
2024-08-27 13:29:00-04:00,14.211400032043457,14.211400032043457,14.211400032043457,14.211400032043457,1287,0.0,0.0
2024-08-27 13:30:00-04:00,14.225000381469727,14.229999542236328,14.225000381469727,14.229999542236328,837,0.0,0.0
2024-08-27 13:31:00-04:00,14.210000038146973,14.220000267028809,14.210000038146973,14.210000038146973,841,0.0,0.0
2024-08-27 13:36:00-04:00,14.229999542236328,14.239999771118164,14.229999542236328,14.239999771118164,845,0.0,0.0
2024-08-27 13:37:00-04:00,14.220000267028809,14.220000267028809,14.220000267028809,14.220000267028809,224,0.0,0.0
2024-08-27 13:38:00-04:00,14.220000267028809,14.220000267028809,14.220000267028809,14.220000267028809,323,0.0,0.0
2024-08-27 13:39:00-04:00,14.210000038146973,14.210000038146973,14.210000038146973,14.210000038146973,528,0.0,0.0
2024-08-27 13:43:00-04:00,14.210000038146973,14.210000038146973,14.210000038146973,14.210000038146973,313,0.0,0.0
2024-08-27 13:44:00-04:00,14.210000038146973,14.210000038146973,14.210000038146973,14.210000038146973,322,0.0,0.0
2024-08-27 13:45:00-04:00,14.199999809265137,14.210000038146973,14.199999809265137,14.210000038146973,439,0.0,0.0
2024-08-27 13:46:00-04:00,14.210000038146973,14.210000038146973,14.210000038146973,14.210000038146973,623,0.0,0.0
2024-08-27 13:48:00-04:00,14.229999542236328,14.229999542236328,14.229999542236328,14.229999542236328,1429,0.0,0.0
2024-08-27 13:50:00-04:00,14.229999542236328,14.229999542236328,14.229999542236328,14.229999542236328,787,0.0,0.0
2024-08-27 13:52:00-04:00,14.220000267028809,14.220000267028809,14.220000267028809,14.220000267028809,445,0.0,0.0
2024-08-27 13:56:00-04:00,14.199999809265137,14.199999809265137,14.199999809265137,14.199999809265137,491,0.0,0.0
2024-08-27 13:57:00-04:00,14.199999809265137,14.199999809265137,14.199999809265137,14.199999809265137,742,0.0,0.0
2024-08-27 14:01:00-04:00,14.220000267028809,14.239999771118164,14.220000267028809,14.239999771118164,1056,0.0,0.0
2024-08-27 14:02:00-04:00,14.229999542236328,14.229999542236328,14.229999542236328,14.229999542236328,300,0.0,0.0
2024-08-27 14:04:00-04:00,14.220000267028809,14.220000267028809,14.220000267028809,14.220000267028809,601,0.0,0.0
2024-08-27 14:05:00-04:00,14.210000038146973,14.210000038146973,14.210000038146973,14.210000038146973,205,0.0,0.0
2024-08-27 14:06:00-04:00,14.223999977111816,14.239999771118164,14.220000267028809,14.239999771118164,1462,0.0,0.0
2024-08-27 14:07:00-04:00,14.239999771118164,14.239999771118164,14.239999771118164,14.239999771118164,876,0.0,0.0
2024-08-27 14:08:00-04:00,14.220000267028809,14.220000267028809,14.220000267028809,14.220000267028809,369,0.0,0.0
2024-08-27 14:10:00-04:00,14.220000267028809,14.220000267028809,14.210000038146973,14.210000038146973,1099,0.0,0.0
2024-08-27 14:12:00-04:00,14.239999771118164,14.239999771118164,14.239999771118164,14.239999771118164,665,0.0,0.0
2024-08-27 14:13:00-04:00,14.243200302124023,14.243200302124023,14.243200302124023,14.243200302124023,590,0.0,0.0
2024-08-27 14:15:00-04:00,14.229999542236328,14.239999771118164,14.229999542236328,14.239999771118164,414,0.0,0.0
2024-08-27 14:16:00-04:00,14.239999771118164,14.25,14.239999771118164,14.25,818,0.0,0.0
2024-08-27 14:17:00-04:00,14.239999771118164,14.239999771118164,14.239999771118164,14.239999771118164,274,0.0,0.0
2024-08-27 14:18:00-04:00,14.239999771118164,14.239999771118164,14.239999771118164,14.239999771118164,709,0.0,0.0
2024-08-27 14:20:00-04:00,14.220000267028809,14.229999542236328,14.220000267028809,14.229999542236328,730,0.0,0.0
2024-08-27 14:21:00-04:00,14.220000267028809,14.239999771118164,14.220000267028809,14.239999771118164,708,0.0,0.0
2024-08-27 14:22:00-04:00,14.239999771118164,14.239999771118164,14.239999771118164,14.239999771118164,884,0.0,0.0
2024-08-27 14:24:00-04:00,14.229999542236328,14.229999542236328,14.229999542236328,14.229999542236328,465,0.0,0.0
2024-08-27 14:25:00-04:00,14.220000267028809,14.220000267028809,14.220000267028809,14.220000267028809,512,0.0,0.0
2024-08-27 14:26:00-04:00,14.210000038146973,14.210000038146973,14.199999809265137,14.199999809265137,623,0.0,0.0
2024-08-27 14:27:00-04:00,14.25,14.25,14.25,14.25,329,0.0,0.0
2024-08-27 14:28:00-04:00,14.229999542236328,14.229999542236328,14.229999542236328,14.229999542236328,730,0.0,0.0
2024-08-27 14:32:00-04:00,14.279999732971191,14.279999732971191,14.279999732971191,14.279999732971191,887,0.0,0.0
2024-08-27 14:34:00-04:00,14.289999961853027,14.289999961853027,14.289999961853027,14.289999961853027,144,0.0,0.0
2024-08-27 14:35:00-04:00,14.300000190734863,14.300000190734863,14.300000190734863,14.300000190734863,625,0.0,0.0
2024-08-27 14:36:00-04:00,14.300000190734863,14.300000190734863,14.300000190734863,14.300000190734863,335,0.0,0.0
2024-08-27 14:40:00-04:00,14.300000190734863,14.3100004196167,14.300000190734863,14.3100004196167,1885,0.0,0.0
2024-08-27 14:44:00-04:00,14.34000015258789,14.34000015258789,14.319999694824219,14.319999694824219,2359,0.0,0.0
2024-08-27 14:46:00-04:00,14.3100004196167,14.3100004196167,14.300000190734863,14.300000190734863,543,0.0,0.0
2024-08-27 14:50:00-04:00,14.305000305175781,14.319999694824219,14.305000305175781,14.319999694824219,681,0.0,0.0
2024-08-27 14:51:00-04:00,14.300000190734863,14.3100004196167,14.300000190734863,14.3100004196167,900,0.0,0.0
2024-08-27 14:52:00-04:00,14.300000190734863,14.300000190734863,14.300000190734863,14.300000190734863,349,0.0,0.0
2024-08-27 14:55:00-04:00,14.3100004196167,14.3100004196167,14.3100004196167,14.3100004196167,354,0.0,0.0
2024-08-27 14:56:00-04:00,14.3100004196167,14.3100004196167,14.3100004196167,14.3100004196167,895,0.0,0.0
2024-08-27 14:59:00-04:00,14.289999961853027,14.289999961853027,14.289999961853027,14.289999961853027,316,0.0,0.0
2024-08-27 15:01:00-04:00,14.289999961853027,14.289999961853027,14.289999961853027,14.289999961853027,262,0.0,0.0
2024-08-27 15:03:00-04:00,14.289999961853027,14.289999961853027,14.289999961853027,14.289999961853027,277,0.0,0.0
2024-08-27 15:04:00-04:00,14.279999732971191,14.279999732971191,14.279999732971191,14.279999732971191,621,0.0,0.0
2024-08-27 15:05:00-04:00,14.279999732971191,14.279999732971191,14.279999732971191,14.279999732971191,334,0.0,0.0
2024-08-27 15:08:00-04:00,14.300000190734863,14.300000190734863,14.289999961853027,14.300000190734863,1483,0.0,0.0
2024-08-27 15:09:00-04:00,14.305000305175781,14.305000305175781,14.289999961853027,14.289999961853027,2303,0.0,0.0
2024-08-27 15:10:00-04:00,14.290200233459473,14.290200233459473,14.290200233459473,14.290200233459473,238,0.0,0.0
2024-08-27 15:11:00-04:00,14.289999961853027,14.289999961853027,14.289999961853027,14.289999961853027,542,0.0,0.0
2024-08-27 15:12:00-04:00,14.279999732971191,14.295000076293945,14.279999732971191,14.280099868774414,1207,0.0,0.0
2024-08-27 15:13:00-04:00,14.279999732971191,14.279999732971191,14.279999732971191,14.279999732971191,102,0.0,0.0
2024-08-27 15:14:00-04:00,14.295000076293945,14.295000076293945,14.295000076293945,14.295000076293945,535,0.0,0.0
2024-08-27 15:15:00-04:00,14.279999732971191,14.279999732971191,14.279999732971191,14.279999732971191,523,0.0,0.0
2024-08-27 15:18:00-04:00,14.28499984741211,14.28499984741211,14.28499984741211,14.28499984741211,630,0.0,0.0
2024-08-27 15:20:00-04:00,14.300000190734863,14.300000190734863,14.28499984741211,14.28499984741211,592,0.0,0.0
2024-08-27 15:21:00-04:00,14.270000457763672,14.274999618530273,14.270000457763672,14.274999618530273,386,0.0,0.0
2024-08-27 15:22:00-04:00,14.274999618530273,14.274999618530273,14.274999618530273,14.274999618530273,390,0.0,0.0
2024-08-27 15:23:00-04:00,14.289999961853027,14.295000076293945,14.289999961853027,14.295000076293945,519,0.0,0.0
2024-08-27 15:24:00-04:00,14.289999961853027,14.289999961853027,14.279999732971191,14.279999732971191,411,0.0,0.0
2024-08-27 15:25:00-04:00,14.279999732971191,14.279999732971191,14.279999732971191,14.279999732971191,827,0.0,0.0
2024-08-27 15:29:00-04:00,14.279999732971191,14.300000190734863,14.279999732971191,14.300000190734863,1212,0.0,0.0
2024-08-27 15:31:00-04:00,14.289999961853027,14.289999961853027,14.279999732971191,14.279999732971191,1280,0.0,0.0
2024-08-27 15:32:00-04:00,14.270000457763672,14.270000457763672,14.270000457763672,14.270000457763672,3098,0.0,0.0
2024-08-27 15:34:00-04:00,14.270000457763672,14.270000457763672,14.229999542236328,14.229999542236328,2452,0.0,0.0
2024-08-27 15:36:00-04:00,14.244999885559082,14.244999885559082,14.244999885559082,14.244999885559082,782,0.0,0.0
2024-08-27 15:37:00-04:00,14.279999732971191,14.279999732971191,14.279999732971191,14.279999732971191,229,0.0,0.0
2024-08-27 15:38:00-04:00,14.260000228881836,14.270000457763672,14.260000228881836,14.270000457763672,944,0.0,0.0
2024-08-27 15:40:00-04:00,14.279999732971191,14.279999732971191,14.270000457763672,14.270000457763672,1143,0.0,0.0
2024-08-27 15:42:00-04:00,14.260000228881836,14.260000228881836,14.229999542236328,14.229999542236328,1851,0.0,0.0
2024-08-27 15:43:00-04:00,14.229999542236328,14.229999542236328,14.229999542236328,14.229999542236328,362,0.0,0.0
2024-08-27 15:44:00-04:00,14.239999771118164,14.239999771118164,14.239999771118164,14.239999771118164,443,0.0,0.0
2024-08-27 15:45:00-04:00,14.229999542236328,14.229999542236328,14.199999809265137,14.210000038146973,1961,0.0,0.0
2024-08-27 15:47:00-04:00,14.210000038146973,14.210000038146973,14.210000038146973,14.210000038146973,121,0.0,0.0
2024-08-27 15:48:00-04:00,14.199999809265137,14.210000038146973,14.199999809265137,14.210000038146973,2027,0.0,0.0
2024-08-27 15:49:00-04:00,14.180000305175781,14.180000305175781,14.180000305175781,14.180000305175781,1023,0.0,0.0
2024-08-27 15:50:00-04:00,14.180000305175781,14.180000305175781,14.180000305175781,14.180000305175781,500,0.0,0.0
2024-08-27 15:51:00-04:00,14.180000305175781,14.180000305175781,14.180000305175781,14.180000305175781,1093,0.0,0.0
2024-08-27 15:52:00-04:00,14.170000076293945,14.1899995803833,14.170000076293945,14.1899995803833,2255,0.0,0.0
2024-08-27 15:54:00-04:00,14.199999809265137,14.210000038146973,14.1899995803833,14.194999694824219,4847,0.0,0.0
2024-08-27 15:55:00-04:00,14.199999809265137,14.199999809265137,14.1899995803833,14.1899995803833,1543,0.0,0.0
2024-08-27 15:56:00-04:00,14.1899995803833,14.1899995803833,14.1899995803833,14.1899995803833,1563,0.0,0.0
2024-08-27 15:57:00-04:00,14.180000305175781,14.180000305175781,14.15999984741211,14.15999984741211,3970,0.0,0.0
2024-08-27 15:58:00-04:00,14.160099983215332,14.170000076293945,14.160099983215332,14.164999961853027,1309,0.0,0.0
2024-08-27 15:59:00-04:00,14.170000076293945,14.175000190734863,14.145000457763672,14.170000076293945,9424,0.0,0.0
2024-08-28 09:30:00-04:00,14.079999923706055,14.1899995803833,14.079999923706055,14.1899995803833,2104,0.0,0.0
2024-08-28 09:32:00-04:00,13.960000038146973,14.020000457763672,13.960000038146973,14.020000457763672,800,0.0,0.0
2024-08-28 09:33:00-04:00,14.069999694824219,14.069999694824219,14.069999694824219,14.069999694824219,257,0.0,0.0
2024-08-28 09:37:00-04:00,14.039999961853027,14.039999961853027,14.039999961853027,14.039999961853027,136,0.0,0.0
2024-08-28 09:42:00-04:00,14.005000114440918,14.005000114440918,14.005000114440918,14.005000114440918,353,0.0,0.0
2024-08-28 09:46:00-04:00,14.0600004196167,14.09000015258789,14.045000076293945,14.045000076293945,1374,0.0,0.0
2024-08-28 09:47:00-04:00,13.989999771118164,14.020000457763672,13.989999771118164,14.020000457763672,249,0.0,0.0
2024-08-28 09:48:00-04:00,14.0600004196167,14.069999694824219,14.039999961853027,14.039999961853027,677,0.0,0.0
2024-08-28 09:49:00-04:00,14.055000305175781,14.0600004196167,14.03499984741211,14.03499984741211,1451,0.0,0.0
2024-08-28 09:50:00-04:00,14.010000228881836,14.010000228881836,13.880000114440918,13.925000190734863,6809,0.0,0.0
2024-08-28 09:51:00-04:00,13.949999809265137,13.949999809265137,13.949999809265137,13.949999809265137,412,0.0,0.0
2024-08-28 09:55:00-04:00,13.970000267028809,13.970000267028809,13.970000267028809,13.970000267028809,522,0.0,0.0
2024-08-28 09:56:00-04:00,13.9399995803833,13.9399995803833,13.9399995803833,13.9399995803833,232,0.0,0.0
2024-08-28 09:59:00-04:00,13.9399995803833,13.9399995803833,13.920000076293945,13.920000076293945,723,0.0,0.0
2024-08-28 10:01:00-04:00,13.90999984741211,13.920000076293945,13.880000114440918,13.90999984741211,10211,0.0,0.0
2024-08-28 10:05:00-04:00,13.95989990234375,13.95989990234375,13.95989990234375,13.95989990234375,463,0.0,0.0
2024-08-28 10:06:00-04:00,13.960000038146973,13.960000038146973,13.960000038146973,13.960000038146973,509,0.0,0.0
2024-08-28 10:07:00-04:00,14.0,14.0,13.979999542236328,13.979999542236328,600,0.0,0.0
2024-08-28 10:10:00-04:00,13.944999694824219,13.944999694824219,13.944999694824219,13.944999694824219,314,0.0,0.0
2024-08-28 10:12:00-04:00,13.960000038146973,13.960000038146973,13.960000038146973,13.960000038146973,584,0.0,0.0
2024-08-28 10:14:00-04:00,13.96500015258789,13.96500015258789,13.96500015258789,13.96500015258789,3110,0.0,0.0
2024-08-28 10:17:00-04:00,13.991000175476074,13.991000175476074,13.991000175476074,13.991000175476074,278,0.0,0.0
2024-08-28 10:18:00-04:00,13.960000038146973,13.96500015258789,13.949999809265137,13.949999809265137,1464,0.0,0.0
2024-08-28 10:19:00-04:00,13.9399995803833,13.960000038146973,13.9399995803833,13.960000038146973,596,0.0,0.0
2024-08-28 10:20:00-04:00,13.9399995803833,13.9399995803833,13.9399995803833,13.9399995803833,337,0.0,0.0
2024-08-28 10:21:00-04:00,13.970000267028809,13.970000267028809,13.970000267028809,13.970000267028809,599,0.0,0.0
2024-08-28 10:26:00-04:00,13.970000267028809,13.970000267028809,13.9399995803833,13.944999694824219,1460,0.0,0.0
2024-08-28 10:29:00-04:00,13.951000213623047,13.951000213623047,13.951000213623047,13.951000213623047,1036,0.0,0.0
2024-08-28 10:30:00-04:00,13.949999809265137,13.949999809265137,13.9399995803833,13.944000244140625,891,0.0,0.0
2024-08-28 10:31:00-04:00,13.944999694824219,13.960000038146973,13.944999694824219,13.960000038146973,410,0.0,0.0
2024-08-28 10:35:00-04:00,13.970000267028809,14.0,13.970000267028809,14.0,517,0.0,0.0
2024-08-28 10:36:00-04:00,14.0,14.0,14.0,14.0,141,0.0,0.0
2024-08-28 10:37:00-04:00,13.994999885559082,13.994999885559082,13.994999885559082,13.994999885559082,437,0.0,0.0
2024-08-28 10:42:00-04:00,13.979999542236328,13.979999542236328,13.979999542236328,13.979999542236328,326,0.0,0.0
2024-08-28 10:44:00-04:00,13.960000038146973,13.960000038146973,13.960000038146973,13.960000038146973,519,0.0,0.0
2024-08-28 10:45:00-04:00,13.90999984741211,13.90999984741211,13.90999984741211,13.90999984741211,169,0.0,0.0
2024-08-28 10:48:00-04:00,13.9399995803833,13.9399995803833,13.9399995803833,13.9399995803833,1007,0.0,0.0
2024-08-28 10:53:00-04:00,13.90999984741211,13.90999984741211,13.90999984741211,13.90999984741211,193,0.0,0.0
2024-08-28 10:54:00-04:00,13.920000076293945,13.920000076293945,13.920000076293945,13.920000076293945,130,0.0,0.0
2024-08-28 10:55:00-04:00,13.925000190734863,13.925000190734863,13.925000190734863,13.925000190734863,107,0.0,0.0
2024-08-28 10:56:00-04:00,13.9399995803833,13.9399995803833,13.9399995803833,13.9399995803833,1043,0.0,0.0
2024-08-28 11:00:00-04:00,13.9399995803833,13.949999809265137,13.9399995803833,13.949999809265137,1070,0.0,0.0
2024-08-28 11:01:00-04:00,13.9399995803833,13.9399995803833,13.9399995803833,13.9399995803833,694,0.0,0.0
2024-08-28 11:04:00-04:00,13.899999618530273,13.920000076293945,13.899999618530273,13.920000076293945,1970,0.0,0.0
2024-08-28 11:05:00-04:00,13.9399995803833,13.9399995803833,13.9399995803833,13.9399995803833,243,0.0,0.0
2024-08-28 11:11:00-04:00,13.90999984741211,13.90999984741211,13.90999984741211,13.90999984741211,508,0.0,0.0
2024-08-28 11:12:00-04:00,13.90999984741211,13.90999984741211,13.90999984741211,13.90999984741211,679,0.0,0.0
2024-08-28 11:14:00-04:00,13.930000305175781,13.9399995803833,13.930000305175781,13.9399995803833,320,0.0,0.0
2024-08-28 11:15:00-04:00,13.9350004196167,13.9350004196167,13.9350004196167,13.9350004196167,228,0.0,0.0
2024-08-28 11:17:00-04:00,13.935999870300293,13.935999870300293,13.935999870300293,13.935999870300293,505,0.0,0.0
2024-08-28 11:18:00-04:00,13.930000305175781,13.930000305175781,13.930000305175781,13.930000305175781,1067,0.0,0.0
2024-08-28 11:21:00-04:00,13.920000076293945,13.920000076293945,13.883999824523926,13.890000343322754,3819,0.0,0.0
2024-08-28 11:22:00-04:00,13.890000343322754,13.909899711608887,13.890000343322754,13.909899711608887,3696,0.0,0.0
2024-08-28 11:23:00-04:00,13.890000343322754,13.90999984741211,13.890000343322754,13.90999984741211,866,0.0,0.0
2024-08-28 11:24:00-04:00,13.920000076293945,13.9399995803833,13.920000076293945,13.9399995803833,709,0.0,0.0
2024-08-28 11:25:00-04:00,13.9399995803833,13.9399995803833,13.930000305175781,13.930000305175781,927,0.0,0.0
2024-08-28 11:26:00-04:00,13.944999694824219,13.944999694824219,13.930000305175781,13.930000305175781,411,0.0,0.0
2024-08-28 11:27:00-04:00,13.9399995803833,13.949999809265137,13.920000076293945,13.920000076293945,467,0.0,0.0
2024-08-28 11:28:00-04:00,13.904999732971191,13.949999809265137,13.904999732971191,13.949999809265137,467,0.0,0.0
2024-08-28 11:29:00-04:00,13.960000038146973,13.979999542236328,13.960000038146973,13.979999542236328,2560,0.0,0.0
2024-08-28 11:32:00-04:00,14.010000228881836,14.010000228881836,14.010000228881836,14.010000228881836,304,0.0,0.0
2024-08-28 11:35:00-04:00,14.0,14.0,14.0,14.0,324,0.0,0.0
2024-08-28 11:36:00-04:00,14.010000228881836,14.010000228881836,14.0,14.0,415,0.0,0.0
2024-08-28 11:37:00-04:00,14.0,14.010000228881836,14.0,14.010000228881836,405,0.0,0.0
2024-08-28 11:38:00-04:00,14.015000343322754,14.029999732971191,14.015000343322754,14.029999732971191,517,0.0,0.0
2024-08-28 11:39:00-04:00,14.029999732971191,14.029999732971191,13.975000381469727,13.975000381469727,1375,0.0,0.0
2024-08-28 11:41:00-04:00,13.975000381469727,13.975000381469727,13.970000267028809,13.970000267028809,616,0.0,0.0
2024-08-28 11:46:00-04:00,13.989999771118164,13.989999771118164,13.989999771118164,13.989999771118164,136,0.0,0.0
2024-08-28 11:47:00-04:00,13.989999771118164,13.989999771118164,13.989999771118164,13.989999771118164,1299,0.0,0.0
2024-08-28 11:52:00-04:00,13.960000038146973,13.960000038146973,13.960000038146973,13.960000038146973,1270,0.0,0.0
2024-08-28 11:58:00-04:00,13.949999809265137,13.949999809265137,13.949999809265137,13.949999809265137,2396,0.0,0.0
2024-08-28 12:00:00-04:00,13.920000076293945,13.920000076293945,13.90999984741211,13.90999984741211,467,0.0,0.0
2024-08-28 12:02:00-04:00,13.880000114440918,13.880000114440918,13.880000114440918,13.880000114440918,1715,0.0,0.0
2024-08-28 12:03:00-04:00,13.880000114440918,13.890000343322754,13.880000114440918,13.890000343322754,4409,0.0,0.0
2024-08-28 12:05:00-04:00,13.880000114440918,13.880000114440918,13.880000114440918,13.880000114440918,2183,0.0,0.0
2024-08-28 12:06:00-04:00,13.880000114440918,13.880000114440918,13.819999694824219,13.829999923706055,16788,0.0,0.0
2024-08-28 12:08:00-04:00,13.8100004196167,13.829999923706055,13.800000190734863,13.819999694824219,4256,0.0,0.0
2024-08-28 12:15:00-04:00,13.829999923706055,13.850000381469727,13.829999923706055,13.850000381469727,2665,0.0,0.0
2024-08-28 12:16:00-04:00,13.84000015258789,13.84000015258789,13.8100004196167,13.8100004196167,2325,0.0,0.0
2024-08-28 12:17:00-04:00,13.819999694824219,13.829999923706055,13.819999694824219,13.824999809265137,3016,0.0,0.0
2024-08-28 12:18:00-04:00,13.8100004196167,13.8100004196167,13.8100004196167,13.8100004196167,1253,0.0,0.0
2024-08-28 12:19:00-04:00,13.8100004196167,13.8100004196167,13.8100004196167,13.8100004196167,827,0.0,0.0
2024-08-28 12:20:00-04:00,13.8100004196167,13.8100004196167,13.75,13.760000228881836,9808,0.0,0.0
2024-08-28 12:23:00-04:00,13.710000038146973,13.71500015258789,13.710000038146973,13.71500015258789,933,0.0,0.0
2024-08-28 12:24:00-04:00,13.720000267028809,13.720000267028809,13.720000267028809,13.720000267028809,200,0.0,0.0
2024-08-28 12:25:00-04:00,13.710000038146973,13.720000267028809,13.710000038146973,13.720000267028809,1158,0.0,0.0
2024-08-28 12:28:00-04:00,13.699999809265137,13.729999542236328,13.699999809265137,13.729999542236328,5495,0.0,0.0
2024-08-28 12:30:00-04:00,13.720000267028809,13.720000267028809,13.720000267028809,13.720000267028809,2467,0.0,0.0
2024-08-28 12:33:00-04:00,13.75,13.75,13.75,13.75,410,0.0,0.0
2024-08-28 12:35:00-04:00,13.744999885559082,13.744999885559082,13.744999885559082,13.744999885559082,353,0.0,0.0
2024-08-28 12:36:00-04:00,13.760000228881836,13.760000228881836,13.755000114440918,13.755000114440918,400,0.0,0.0
2024-08-28 12:37:00-04:00,13.755000114440918,13.755000114440918,13.755000114440918,13.755000114440918,125,0.0,0.0
2024-08-28 12:38:00-04:00,13.755000114440918,13.789999961853027,13.755000114440918,13.789999961853027,1858,0.0,0.0
2024-08-28 12:41:00-04:00,13.8100004196167,13.8100004196167,13.8100004196167,13.8100004196167,629,0.0,0.0
2024-08-28 12:42:00-04:00,13.84000015258789,13.84000015258789,13.829999923706055,13.829999923706055,458,0.0,0.0
2024-08-28 12:43:00-04:00,13.84000015258789,13.84000015258789,13.84000015258789,13.84000015258789,472,0.0,0.0
2024-08-28 12:46:00-04:00,13.84000015258789,13.869999885559082,13.84000015258789,13.869999885559082,702,0.0,0.0
2024-08-28 12:47:00-04:00,13.859999656677246,13.859999656677246,13.859999656677246,13.859999656677246,94,0.0,0.0
2024-08-28 12:50:00-04:00,13.859999656677246,13.859999656677246,13.854999542236328,13.854999542236328,404,0.0,0.0
2024-08-28 12:51:00-04:00,13.890000343322754,13.890000343322754,13.890000343322754,13.890000343322754,340,0.0,0.0
2024-08-28 12:56:00-04:00,13.869999885559082,13.869999885559082,13.850000381469727,13.850000381469727,355,0.0,0.0
2024-08-28 12:57:00-04:00,13.850000381469727,13.850000381469727,13.850000381469727,13.850000381469727,483,0.0,0.0
2024-08-28 12:59:00-04:00,13.864999771118164,13.880000114440918,13.850000381469727,13.869999885559082,1637,0.0,0.0
2024-08-28 13:00:00-04:00,13.869999885559082,13.869999885559082,13.869999885559082,13.869999885559082,331,0.0,0.0
2024-08-28 13:02:00-04:00,13.890000343322754,13.899999618530273,13.890000343322754,13.899999618530273,833,0.0,0.0
2024-08-28 13:03:00-04:00,13.857999801635742,13.869999885559082,13.85200023651123,13.864999771118164,1785,0.0,0.0
2024-08-28 13:08:00-04:00,13.880000114440918,13.880000114440918,13.880000114440918,13.880000114440918,402,0.0,0.0
2024-08-28 13:10:00-04:00,13.875,13.875,13.875,13.875,203,0.0,0.0
2024-08-28 13:14:00-04:00,13.875,13.875,13.875,13.875,385,0.0,0.0
2024-08-28 13:16:00-04:00,13.857999801635742,13.864999771118164,13.850000381469727,13.864999771118164,1285,0.0,0.0
2024-08-28 13:17:00-04:00,13.864999771118164,13.864999771118164,13.864999771118164,13.864999771118164,322,0.0,0.0
2024-08-28 13:18:00-04:00,13.880000114440918,13.880000114440918,13.880000114440918,13.880000114440918,589,0.0,0.0
2024-08-28 13:22:00-04:00,13.890000343322754,13.890000343322754,13.890000343322754,13.890000343322754,806,0.0,0.0
2024-08-28 13:23:00-04:00,13.890000343322754,13.890000343322754,13.890000343322754,13.890000343322754,411,0.0,0.0
2024-08-28 13:24:00-04:00,13.890000343322754,13.890000343322754,13.890000343322754,13.890000343322754,228,0.0,0.0
2024-08-28 13:26:00-04:00,13.890000343322754,13.890000343322754,13.890000343322754,13.890000343322754,1225,0.0,0.0
2024-08-28 13:32:00-04:00,13.899999618530273,13.899999618530273,13.899999618530273,13.899999618530273,432,0.0,0.0
2024-08-28 13:33:00-04:00,13.914999961853027,13.920000076293945,13.914999961853027,13.920000076293945,459,0.0,0.0
2024-08-28 13:35:00-04:00,13.920000076293945,13.920000076293945,13.899999618530273,13.90999984741211,1470,0.0,0.0
2024-08-28 13:40:00-04:00,13.925000190734863,13.925000190734863,13.925000190734863,13.925000190734863,2029,0.0,0.0
2024-08-28 13:42:00-04:00,13.930000305175781,13.930000305175781,13.930000305175781,13.930000305175781,528,0.0,0.0
2024-08-28 13:45:00-04:00,13.9399995803833,13.9399995803833,13.930000305175781,13.930000305175781,4327,0.0,0.0
2024-08-28 13:46:00-04:00,13.9350004196167,13.9350004196167,13.9350004196167,13.9350004196167,209,0.0,0.0
2024-08-28 13:47:00-04:00,13.9350004196167,13.9350004196167,13.930000305175781,13.930000305175781,1361,0.0,0.0
2024-08-28 13:48:00-04:00,13.949999809265137,13.970000267028809,13.949999809265137,13.970000267028809,634,0.0,0.0
2024-08-28 13:49:00-04:00,13.979999542236328,13.979999542236328,13.979999542236328,13.979999542236328,411,0.0,0.0
2024-08-28 13:51:00-04:00,13.979999542236328,13.979999542236328,13.979999542236328,13.979999542236328,313,0.0,0.0
2024-08-28 13:52:00-04:00,13.979999542236328,13.979999542236328,13.979999542236328,13.979999542236328,1011,0.0,0.0
2024-08-28 13:53:00-04:00,13.979999542236328,13.979999542236328,13.979999542236328,13.979999542236328,976,0.0,0.0
2024-08-28 13:55:00-04:00,13.979999542236328,13.979999542236328,13.979999542236328,13.979999542236328,487,0.0,0.0
2024-08-28 13:57:00-04:00,13.970000267028809,13.970000267028809,13.944999694824219,13.944999694824219,1031,0.0,0.0
2024-08-28 13:58:00-04:00,13.949999809265137,13.979999542236328,13.949999809265137,13.979999542236328,1123,0.0,0.0
2024-08-28 13:59:00-04:00,13.979999542236328,13.979999542236328,13.979999542236328,13.979999542236328,337,0.0,0.0
2024-08-28 14:00:00-04:00,13.975000381469727,13.975000381469727,13.975000381469727,13.975000381469727,156,0.0,0.0
2024-08-28 14:01:00-04:00,13.979999542236328,13.989999771118164,13.979999542236328,13.989999771118164,1069,0.0,0.0
2024-08-28 14:03:00-04:00,13.989999771118164,13.989999771118164,13.989999771118164,13.989999771118164,142,0.0,0.0
2024-08-28 14:05:00-04:00,14.0,14.0,14.0,14.0,851,0.0,0.0
2024-08-28 14:06:00-04:00,14.005000114440918,14.005000114440918,14.005000114440918,14.005000114440918,496,0.0,0.0
2024-08-28 14:07:00-04:00,13.989999771118164,13.989999771118164,13.979999542236328,13.979999542236328,4249,0.0,0.0
2024-08-28 14:09:00-04:00,14.005000114440918,14.005000114440918,14.0,14.0,1291,0.0,0.0
2024-08-28 14:11:00-04:00,13.989999771118164,13.989999771118164,13.989999771118164,13.989999771118164,531,0.0,0.0
2024-08-28 14:12:00-04:00,14.010000228881836,14.010000228881836,14.010000228881836,14.010000228881836,1226,0.0,0.0
2024-08-28 14:14:00-04:00,13.994999885559082,13.994999885559082,13.994999885559082,13.994999885559082,613,0.0,0.0
2024-08-28 14:15:00-04:00,13.989999771118164,13.989999771118164,13.989999771118164,13.989999771118164,704,0.0,0.0
2024-08-28 14:17:00-04:00,13.994999885559082,13.994999885559082,13.994999885559082,13.994999885559082,616,0.0,0.0
2024-08-28 14:20:00-04:00,14.010000228881836,14.020000457763672,14.0,14.020000457763672,1492,0.0,0.0
2024-08-28 14:21:00-04:00,14.020000457763672,14.020000457763672,14.020000457763672,14.020000457763672,413,0.0,0.0
2024-08-28 14:22:00-04:00,14.010000228881836,14.020000457763672,14.010000228881836,14.020000457763672,528,0.0,0.0
2024-08-28 14:23:00-04:00,14.010000228881836,14.010000228881836,14.010000228881836,14.010000228881836,795,0.0,0.0
2024-08-28 14:25:00-04:00,13.979999542236328,13.989999771118164,13.970000267028809,13.979999542236328,4076,0.0,0.0
2024-08-28 14:26:00-04:00,13.984999656677246,13.989999771118164,13.984999656677246,13.989999771118164,615,0.0,0.0
2024-08-28 14:27:00-04:00,13.984999656677246,13.989999771118164,13.984999656677246,13.989999771118164,834,0.0,0.0
2024-08-28 14:28:00-04:00,13.989999771118164,13.989999771118164,13.979999542236328,13.979999542236328,1000,0.0,0.0
2024-08-28 14:29:00-04:00,13.979000091552734,13.979000091552734,13.979000091552734,13.979000091552734,115,0.0,0.0
2024-08-28 14:31:00-04:00,13.975000381469727,13.975000381469727,13.975000381469727,13.975000381469727,336,0.0,0.0
2024-08-28 14:32:00-04:00,13.989999771118164,13.989999771118164,13.989999771118164,13.989999771118164,880,0.0,0.0
2024-08-28 14:34:00-04:00,13.984999656677246,13.984999656677246,13.984999656677246,13.984999656677246,264,0.0,0.0
2024-08-28 14:35:00-04:00,13.984999656677246,13.984999656677246,13.984999656677246,13.984999656677246,220,0.0,0.0
2024-08-28 14:36:00-04:00,13.984999656677246,13.984999656677246,13.984999656677246,13.984999656677246,662,0.0,0.0
2024-08-28 14:39:00-04:00,14.0,14.0,14.0,14.0,273,0.0,0.0
2024-08-28 14:40:00-04:00,14.0,14.010000228881836,14.0,14.010000228881836,564,0.0,0.0
2024-08-28 14:41:00-04:00,14.015000343322754,14.015000343322754,14.015000343322754,14.015000343322754,738,0.0,0.0
2024-08-28 14:42:00-04:00,14.005000114440918,14.005000114440918,14.005000114440918,14.005000114440918,724,0.0,0.0
2024-08-28 14:43:00-04:00,13.989999771118164,13.989999771118164,13.989999771118164,13.989999771118164,408,0.0,0.0
2024-08-28 14:44:00-04:00,13.989999771118164,13.989999771118164,13.989999771118164,13.989999771118164,621,0.0,0.0
2024-08-28 14:45:00-04:00,13.984999656677246,13.984999656677246,13.984999656677246,13.984999656677246,107,0.0,0.0
2024-08-28 14:46:00-04:00,13.984999656677246,13.984999656677246,13.984999656677246,13.984999656677246,638,0.0,0.0
2024-08-28 14:50:00-04:00,13.979999542236328,13.979999542236328,13.979999542236328,13.979999542236328,692,0.0,0.0
2024-08-28 14:52:00-04:00,13.989999771118164,13.989999771118164,13.979999542236328,13.979999542236328,430,0.0,0.0
2024-08-28 14:53:00-04:00,13.989999771118164,14.0,13.989999771118164,14.0,1385,0.0,0.0
2024-08-28 14:55:00-04:00,13.994999885559082,13.994999885559082,13.994999885559082,13.994999885559082,251,0.0,0.0
2024-08-28 14:57:00-04:00,13.994999885559082,13.994999885559082,13.989999771118164,13.989999771118164,827,0.0,0.0
2024-08-28 14:59:00-04:00,14.0,14.010000228881836,14.0,14.010000228881836,958,0.0,0.0
2024-08-28 15:00:00-04:00,14.010000228881836,14.010000228881836,14.010000228881836,14.010000228881836,670,0.0,0.0
2024-08-28 15:01:00-04:00,14.005000114440918,14.005000114440918,14.005000114440918,14.005000114440918,313,0.0,0.0
2024-08-28 15:02:00-04:00,13.989999771118164,13.989999771118164,13.989999771118164,13.989999771118164,882,0.0,0.0
2024-08-28 15:04:00-04:00,14.010000228881836,14.010000228881836,14.010000228881836,14.010000228881836,566,0.0,0.0
2024-08-28 15:05:00-04:00,14.005999565124512,14.015000343322754,14.0,14.005000114440918,5042,0.0,0.0
2024-08-28 15:06:00-04:00,13.989999771118164,14.005000114440918,13.989999771118164,14.0,1466,0.0,0.0
2024-08-28 15:07:00-04:00,14.0,14.020000457763672,14.0,14.020000457763672,1857,0.0,0.0
2024-08-28 15:08:00-04:00,14.015000343322754,14.015000343322754,14.0,14.0,516,0.0,0.0
2024-08-28 15:09:00-04:00,14.010000228881836,14.010000228881836,14.0,14.0,608,0.0,0.0
2024-08-28 15:10:00-04:00,13.989999771118164,13.989999771118164,13.960000038146973,13.960000038146973,1784,0.0,0.0
2024-08-28 15:11:00-04:00,13.970000267028809,13.989999771118164,13.970000267028809,13.989999771118164,4865,0.0,0.0
2024-08-28 15:12:00-04:00,13.979999542236328,13.979999542236328,13.979999542236328,13.979999542236328,200,0.0,0.0
2024-08-28 15:13:00-04:00,13.994999885559082,13.994999885559082,13.989999771118164,13.989999771118164,289,0.0,0.0
2024-08-28 15:14:00-04:00,14.0,14.010000228881836,14.0,14.010000228881836,731,0.0,0.0
2024-08-28 15:15:00-04:00,14.045000076293945,14.045000076293945,14.03499984741211,14.03499984741211,664,0.0,0.0
2024-08-28 15:16:00-04:00,14.045000076293945,14.045000076293945,14.045000076293945,14.045000076293945,668,0.0,0.0
2024-08-28 15:17:00-04:00,14.045000076293945,14.045000076293945,14.045000076293945,14.045000076293945,970,0.0,0.0
2024-08-28 15:19:00-04:00,14.050000190734863,14.050000190734863,14.050000190734863,14.050000190734863,167,0.0,0.0
2024-08-28 15:20:00-04:00,14.039999961853027,14.050000190734863,14.030099868774414,14.050000190734863,4160,0.0,0.0
2024-08-28 15:21:00-04:00,14.069999694824219,14.140000343322754,14.069999694824219,14.109999656677246,9913,0.0,0.0
2024-08-28 15:22:00-04:00,14.104999542236328,14.109999656677246,14.104999542236328,14.109999656677246,481,0.0,0.0
2024-08-28 15:23:00-04:00,14.114999771118164,14.119999885559082,14.100000381469727,14.109999656677246,3706,0.0,0.0
2024-08-28 15:24:00-04:00,14.109999656677246,14.140000343322754,14.109999656677246,14.119999885559082,2546,0.0,0.0
2024-08-28 15:25:00-04:00,14.119999885559082,14.119999885559082,14.109999656677246,14.109999656677246,797,0.0,0.0
2024-08-28 15:26:00-04:00,14.109999656677246,14.109999656677246,14.100000381469727,14.104999542236328,1616,0.0,0.0
2024-08-28 15:27:00-04:00,14.104999542236328,14.104999542236328,14.104999542236328,14.104999542236328,886,0.0,0.0
2024-08-28 15:28:00-04:00,14.100000381469727,14.104999542236328,14.100000381469727,14.100000381469727,776,0.0,0.0
2024-08-28 15:29:00-04:00,14.09000015258789,14.130000114440918,14.09000015258789,14.114999771118164,5843,0.0,0.0
2024-08-28 15:30:00-04:00,14.100000381469727,14.100000381469727,14.020000457763672,14.039999961853027,6941,0.0,0.0
2024-08-28 15:31:00-04:00,14.055000305175781,14.055000305175781,14.055000305175781,14.055000305175781,417,0.0,0.0
2024-08-28 15:33:00-04:00,14.09000015258789,14.095000267028809,14.09000015258789,14.09000015258789,1622,0.0,0.0
2024-08-28 15:34:00-04:00,14.09000015258789,14.119999885559082,14.09000015258789,14.119999885559082,1916,0.0,0.0
2024-08-28 15:35:00-04:00,14.11400032043457,14.11400032043457,14.0600004196167,14.0600004196167,4292,0.0,0.0
2024-08-28 15:36:00-04:00,14.069999694824219,14.079999923706055,14.069999694824219,14.079999923706055,1408,0.0,0.0
2024-08-28 15:37:00-04:00,14.069999694824219,14.069999694824219,14.069999694824219,14.069999694824219,599,0.0,0.0
2024-08-28 15:38:00-04:00,14.079999923706055,14.079999923706055,14.052000045776367,14.069999694824219,2227,0.0,0.0
2024-08-28 15:39:00-04:00,14.050000190734863,14.050000190734863,14.050000190734863,14.050000190734863,2528,0.0,0.0
2024-08-28 15:43:00-04:00,14.039999961853027,14.050000190734863,14.039999961853027,14.039999961853027,865,0.0,0.0
2024-08-28 15:44:00-04:00,14.050000190734863,14.055000305175781,14.03600025177002,14.03600025177002,2309,0.0,0.0
2024-08-28 15:46:00-04:00,14.039999961853027,14.0600004196167,14.029999732971191,14.029999732971191,9092,0.0,0.0
2024-08-28 15:47:00-04:00,14.0600004196167,14.0600004196167,14.052000045776367,14.0600004196167,2746,0.0,0.0
2024-08-28 15:48:00-04:00,14.0600004196167,14.0649995803833,14.050000190734863,14.0649995803833,2817,0.0,0.0
2024-08-28 15:49:00-04:00,14.0649995803833,14.069999694824219,14.041000366210938,14.041000366210938,2702,0.0,0.0
2024-08-28 15:50:00-04:00,14.039999961853027,14.045000076293945,14.020000457763672,14.020000457763672,2825,0.0,0.0
2024-08-28 15:51:00-04:00,14.039999961853027,14.039999961853027,14.039999961853027,14.039999961853027,494,0.0,0.0
2024-08-28 15:52:00-04:00,14.039999961853027,14.045000076293945,14.039999961853027,14.039999961853027,3821,0.0,0.0
2024-08-28 15:53:00-04:00,14.050000190734863,14.050000190734863,14.020000457763672,14.020000457763672,2879,0.0,0.0
2024-08-28 15:54:00-04:00,14.020000457763672,14.0600004196167,14.010000228881836,14.041999816894531,5591,0.0,0.0
2024-08-28 15:55:00-04:00,14.050000190734863,14.050000190734863,14.020000457763672,14.050000190734863,3829,0.0,0.0
2024-08-28 15:56:00-04:00,14.050000190734863,14.050000190734863,14.039999961853027,14.039999961853027,3040,0.0,0.0
2024-08-28 15:57:00-04:00,14.020000457763672,14.020000457763672,14.020000457763672,14.020000457763672,2659,0.0,0.0
2024-08-28 15:58:00-04:00,14.020000457763672,14.024999618530273,14.010000228881836,14.010000228881836,3920,0.0,0.0
2024-08-28 15:59:00-04:00,14.010000228881836,14.029999732971191,14.005000114440918,14.010000228881836,7426,0.0,0.0
2024-08-29 09:30:00-04:00,14.229999542236328,14.229999542236328,14.229999542236328,14.229999542236328,2247,0.0,0.0
2024-08-29 09:31:00-04:00,14.210000038146973,14.210000038146973,14.121000289916992,14.121000289916992,5103,0.0,0.0
2024-08-29 09:32:00-04:00,14.0600004196167,14.100000381469727,14.0,14.0,2136,0.0,0.0
2024-08-29 09:35:00-04:00,14.0,14.0,14.0,14.0,138,0.0,0.0
2024-08-29 09:37:00-04:00,14.048800468444824,14.048800468444824,14.048800468444824,14.048800468444824,437,0.0,0.0
2024-08-29 09:38:00-04:00,13.984999656677246,13.984999656677246,13.984999656677246,13.984999656677246,417,0.0,0.0
2024-08-29 09:39:00-04:00,13.966899871826172,13.966899871826172,13.966899871826172,13.966899871826172,158,0.0,0.0
2024-08-29 09:40:00-04:00,13.979999542236328,13.979999542236328,13.979999542236328,13.979999542236328,1783,0.0,0.0
2024-08-29 09:43:00-04:00,13.975000381469727,14.050000190734863,13.975000381469727,14.050000190734863,1144,0.0,0.0
2024-08-29 09:45:00-04:00,14.0,14.0,14.0,14.0,132,0.0,0.0
2024-08-29 09:46:00-04:00,14.0,14.0,14.0,14.0,1413,0.0,0.0
2024-08-29 09:50:00-04:00,13.949999809265137,13.949999809265137,13.949999809265137,13.949999809265137,659,0.0,0.0
2024-08-29 09:51:00-04:00,13.949999809265137,14.039999961853027,13.927499771118164,13.960000038146973,18081,0.0,0.0
2024-08-29 09:54:00-04:00,13.949999809265137,13.949999809265137,13.949999809265137,13.949999809265137,690,0.0,0.0
2024-08-29 09:55:00-04:00,13.989999771118164,14.029999732971191,13.989999771118164,14.010000228881836,1383,0.0,0.0
2024-08-29 09:58:00-04:00,14.020000457763672,14.020000457763672,14.020000457763672,14.020000457763672,212,0.0,0.0
2024-08-29 09:59:00-04:00,14.018099784851074,14.018099784851074,14.018099784851074,14.018099784851074,1003,0.0,0.0
2024-08-29 10:00:00-04:00,14.0600004196167,14.079999923706055,14.0600004196167,14.079999923706055,986,0.0,0.0
2024-08-29 10:01:00-04:00,14.100000381469727,14.100000381469727,14.100000381469727,14.100000381469727,1197,0.0,0.0
2024-08-29 10:04:00-04:00,14.130000114440918,14.130000114440918,14.130000114440918,14.130000114440918,1131,0.0,0.0
2024-08-29 10:12:00-04:00,14.16759967803955,14.16759967803955,14.16759967803955,14.16759967803955,149,0.0,0.0
2024-08-29 10:13:00-04:00,14.15999984741211,14.15999984741211,14.149999618530273,14.149999618530273,511,0.0,0.0
2024-08-29 10:14:00-04:00,14.170000076293945,14.175000190734863,14.170000076293945,14.175000190734863,307,0.0,0.0
2024-08-29 10:16:00-04:00,14.1899995803833,14.1899995803833,14.1899995803833,14.1899995803833,723,0.0,0.0
2024-08-29 10:17:00-04:00,14.1850004196167,14.1850004196167,14.1850004196167,14.1850004196167,522,0.0,0.0
2024-08-29 10:20:00-04:00,14.180000305175781,14.204999923706055,14.180000305175781,14.204999923706055,1449,0.0,0.0
2024-08-29 10:22:00-04:00,14.239999771118164,14.279999732971191,14.239999771118164,14.279999732971191,1088,0.0,0.0
2024-08-29 10:27:00-04:00,14.289999961853027,14.289999961853027,14.260000228881836,14.260000228881836,806,0.0,0.0
2024-08-29 10:28:00-04:00,14.25,14.25,14.239999771118164,14.239999771118164,566,0.0,0.0
2024-08-29 10:29:00-04:00,14.220000267028809,14.244999885559082,14.220000267028809,14.244999885559082,532,0.0,0.0
2024-08-29 10:30:00-04:00,14.239999771118164,14.239999771118164,14.220000267028809,14.220000267028809,1108,0.0,0.0
2024-08-29 10:31:00-04:00,14.220000267028809,14.220000267028809,14.220000267028809,14.220000267028809,300,0.0,0.0
2024-08-29 10:32:00-04:00,14.229999542236328,14.229999542236328,14.220000267028809,14.220000267028809,411,0.0,0.0
2024-08-29 10:35:00-04:00,14.210000038146973,14.210000038146973,14.210000038146973,14.210000038146973,1289,0.0,0.0
2024-08-29 10:37:00-04:00,14.229999542236328,14.229999542236328,14.21500015258789,14.21500015258789,1489,0.0,0.0
2024-08-29 10:40:00-04:00,14.199999809265137,14.199999809265137,14.199999809265137,14.199999809265137,413,0.0,0.0
2024-08-29 10:41:00-04:00,14.199999809265137,14.210000038146973,14.199999809265137,14.210000038146973,806,0.0,0.0
2024-08-29 10:43:00-04:00,14.210000038146973,14.220000267028809,14.1899995803833,14.220000267028809,4208,0.0,0.0
2024-08-29 10:44:00-04:00,14.220000267028809,14.220000267028809,14.220000267028809,14.220000267028809,538,0.0,0.0
2024-08-29 10:45:00-04:00,14.199999809265137,14.199999809265137,14.199999809265137,14.199999809265137,569,0.0,0.0
2024-08-29 10:47:00-04:00,14.1899995803833,14.210000038146973,14.1899995803833,14.210000038146973,2478,0.0,0.0
2024-08-29 10:49:00-04:00,14.180000305175781,14.180000305175781,14.15999984741211,14.15999984741211,390,0.0,0.0
2024-08-29 10:50:00-04:00,14.164999961853027,14.180000305175781,14.164999961853027,14.180000305175781,761,0.0,0.0
2024-08-29 10:51:00-04:00,14.1899995803833,14.1899995803833,14.1899995803833,14.1899995803833,759,0.0,0.0
2024-08-29 10:54:00-04:00,14.170000076293945,14.170000076293945,14.15999984741211,14.15999984741211,1492,0.0,0.0
2024-08-29 10:55:00-04:00,14.15999984741211,14.15999984741211,14.15999984741211,14.15999984741211,300,0.0,0.0
2024-08-29 10:56:00-04:00,14.15999984741211,14.15999984741211,14.15999984741211,14.15999984741211,175,0.0,0.0
2024-08-29 10:57:00-04:00,14.149999618530273,14.149999618530273,14.140000343322754,14.140000343322754,595,0.0,0.0
2024-08-29 11:00:00-04:00,14.140000343322754,14.154999732971191,14.140000343322754,14.154999732971191,692,0.0,0.0
2024-08-29 11:02:00-04:00,14.140000343322754,14.140000343322754,14.140000343322754,14.140000343322754,707,0.0,0.0
2024-08-29 11:07:00-04:00,14.119999885559082,14.119999885559082,14.119999885559082,14.119999885559082,642,0.0,0.0
2024-08-29 11:16:00-04:00,14.130000114440918,14.149999618530273,14.130000114440918,14.149999618530273,3436,0.0,0.0
2024-08-29 11:18:00-04:00,14.149999618530273,14.149999618530273,14.149999618530273,14.149999618530273,400,0.0,0.0
2024-08-29 11:19:00-04:00,14.145000457763672,14.170000076293945,14.145000457763672,14.149999618530273,3260,0.0,0.0
2024-08-29 11:25:00-04:00,14.149999618530273,14.149999618530273,14.149999618530273,14.149999618530273,435,0.0,0.0
2024-08-29 11:26:00-04:00,14.164999961853027,14.164999961853027,14.164999961853027,14.164999961853027,936,0.0,0.0
2024-08-29 11:29:00-04:00,14.180000305175781,14.180000305175781,14.180000305175781,14.180000305175781,702,0.0,0.0
2024-08-29 11:30:00-04:00,14.199999809265137,14.199999809265137,14.199999809265137,14.199999809265137,613,0.0,0.0
2024-08-29 11:32:00-04:00,14.239999771118164,14.260000228881836,14.239999771118164,14.25,4186,0.0,0.0
2024-08-29 11:33:00-04:00,14.239999771118164,14.239999771118164,14.239999771118164,14.239999771118164,566,0.0,0.0
2024-08-29 11:34:00-04:00,14.260000228881836,14.265000343322754,14.239999771118164,14.260000228881836,3037,0.0,0.0
2024-08-29 11:35:00-04:00,14.244999885559082,14.25,14.199999809265137,14.199999809265137,6795,0.0,0.0
2024-08-29 11:36:00-04:00,14.199999809265137,14.204999923706055,14.1899995803833,14.199999809265137,655,0.0,0.0
2024-08-29 11:37:00-04:00,14.15999984741211,14.15999984741211,14.15999984741211,14.15999984741211,108,0.0,0.0
2024-08-29 11:39:00-04:00,14.180000305175781,14.180000305175781,14.180000305175781,14.180000305175781,462,0.0,0.0
2024-08-29 11:40:00-04:00,14.1899995803833,14.1899995803833,14.170000076293945,14.170000076293945,382,0.0,0.0
2024-08-29 11:42:00-04:00,14.210000038146973,14.210000038146973,14.210000038146973,14.210000038146973,363,0.0,0.0
2024-08-29 11:46:00-04:00,14.149999618530273,14.149999618530273,14.149999618530273,14.149999618530273,344,0.0,0.0
2024-08-29 11:51:00-04:00,14.199999809265137,14.199999809265137,14.1899995803833,14.194999694824219,5463,0.0,0.0
2024-08-29 11:52:00-04:00,14.180000305175781,14.180000305175781,14.180000305175781,14.180000305175781,107,0.0,0.0
2024-08-29 11:53:00-04:00,14.180000305175781,14.180000305175781,14.15999984741211,14.164999961853027,1976,0.0,0.0
2024-08-29 11:54:00-04:00,14.149999618530273,14.170000076293945,14.149999618530273,14.149999618530273,7472,0.0,0.0
2024-08-29 11:55:00-04:00,14.140000343322754,14.140000343322754,14.119999885559082,14.130000114440918,4700,0.0,0.0
2024-08-29 11:56:00-04:00,14.100000381469727,14.100000381469727,14.100000381469727,14.100000381469727,477,0.0,0.0
2024-08-29 11:57:00-04:00,14.119999885559082,14.119999885559082,14.100000381469727,14.100000381469727,455,0.0,0.0
2024-08-29 11:58:00-04:00,14.100000381469727,14.109999656677246,14.100000381469727,14.100000381469727,1546,0.0,0.0
2024-08-29 12:03:00-04:00,14.109999656677246,14.109999656677246,14.100000381469727,14.100000381469727,51272,0.0,0.0
2024-08-29 12:04:00-04:00,14.09000015258789,14.09000015258789,14.09000015258789,14.09000015258789,1317,0.0,0.0
2024-08-29 12:06:00-04:00,14.09000015258789,14.130000114440918,14.09000015258789,14.130000114440918,4330,0.0,0.0
2024-08-29 12:07:00-04:00,14.119999885559082,14.130000114440918,14.119999885559082,14.130000114440918,17390,0.0,0.0
2024-08-29 12:08:00-04:00,14.119999885559082,14.125,14.109999656677246,14.109999656677246,50142,0.0,0.0
2024-08-29 12:12:00-04:00,14.100000381469727,14.100000381469727,14.09000015258789,14.09000015258789,583,0.0,0.0
2024-08-29 12:13:00-04:00,14.09000015258789,14.140000343322754,14.09000015258789,14.140000343322754,4477,0.0,0.0
2024-08-29 12:14:00-04:00,14.149999618530273,14.149999618530273,14.149999618530273,14.149999618530273,350,0.0,0.0
2024-08-29 12:15:00-04:00,14.170000076293945,14.175000190734863,14.170000076293945,14.175000190734863,493,0.0,0.0
2024-08-29 12:16:00-04:00,14.229999542236328,14.229999542236328,14.180000305175781,14.180000305175781,1914,0.0,0.0
2024-08-29 12:18:00-04:00,14.1850004196167,14.1850004196167,14.1850004196167,14.1850004196167,336,0.0,0.0
2024-08-29 12:19:00-04:00,14.170000076293945,14.170000076293945,14.170000076293945,14.170000076293945,355,0.0,0.0
2024-08-29 12:21:00-04:00,14.1899995803833,14.1899995803833,14.1899995803833,14.1899995803833,752,0.0,0.0
2024-08-29 12:22:00-04:00,14.15999984741211,14.15999984741211,14.15999984741211,14.15999984741211,148,0.0,0.0
2024-08-29 12:24:00-04:00,14.170000076293945,14.170000076293945,14.170000076293945,14.170000076293945,161,0.0,0.0
2024-08-29 12:25:00-04:00,14.220000267028809,14.220000267028809,14.199999809265137,14.199999809265137,561,0.0,0.0
2024-08-29 12:26:00-04:00,14.170000076293945,14.1899995803833,14.170000076293945,14.170000076293945,600,0.0,0.0
2024-08-29 12:27:00-04:00,14.170700073242188,14.170700073242188,14.170700073242188,14.170700073242188,402,0.0,0.0
2024-08-29 12:28:00-04:00,14.180000305175781,14.180000305175781,14.180000305175781,14.180000305175781,553,0.0,0.0
2024-08-29 12:32:00-04:00,14.165300369262695,14.165300369262695,14.165300369262695,14.165300369262695,295,0.0,0.0
2024-08-29 12:33:00-04:00,14.15999984741211,14.15999984741211,14.15999984741211,14.15999984741211,564,0.0,0.0
2024-08-29 12:35:00-04:00,14.15999984741211,14.15999984741211,14.15999984741211,14.15999984741211,116,0.0,0.0
2024-08-29 12:37:00-04:00,14.149999618530273,14.149999618530273,14.149999618530273,14.149999618530273,229,0.0,0.0
2024-08-29 12:38:00-04:00,14.15999984741211,14.199999809265137,14.15999984741211,14.199999809265137,5033,0.0,0.0
2024-08-29 12:40:00-04:00,14.180000305175781,14.1899995803833,14.180000305175781,14.1899995803833,381,0.0,0.0
2024-08-29 12:41:00-04:00,14.180000305175781,14.204999923706055,14.170000076293945,14.204999923706055,2663,0.0,0.0
2024-08-29 12:42:00-04:00,14.1899995803833,14.1899995803833,14.1899995803833,14.1899995803833,1412,0.0,0.0
2024-08-29 12:47:00-04:00,14.199999809265137,14.199999809265137,14.199999809265137,14.199999809265137,532,0.0,0.0
2024-08-29 12:48:00-04:00,14.1899995803833,14.1899995803833,14.1899995803833,14.1899995803833,391,0.0,0.0
2024-08-29 12:51:00-04:00,14.199999809265137,14.199999809265137,14.1899995803833,14.199999809265137,1467,0.0,0.0
2024-08-29 12:52:00-04:00,14.180000305175781,14.1899995803833,14.180000305175781,14.1899995803833,533,0.0,0.0
2024-08-29 12:55:00-04:00,14.21500015258789,14.21500015258789,14.21500015258789,14.21500015258789,106,0.0,0.0
2024-08-29 12:56:00-04:00,14.220000267028809,14.220000267028809,14.21500015258789,14.220000267028809,17187,0.0,0.0
2024-08-29 12:59:00-04:00,14.229999542236328,14.239999771118164,14.220000267028809,14.220000267028809,984,0.0,0.0
2024-08-29 13:01:00-04:00,14.220000267028809,14.220000267028809,14.220000267028809,14.220000267028809,423,0.0,0.0
2024-08-29 13:02:00-04:00,14.199999809265137,14.199999809265137,14.199999809265137,14.199999809265137,1715,0.0,0.0
2024-08-29 13:04:00-04:00,14.220000267028809,14.220000267028809,14.220000267028809,14.220000267028809,876,0.0,0.0
2024-08-29 13:09:00-04:00,14.15999984741211,14.15999984741211,14.15999984741211,14.15999984741211,437,0.0,0.0
2024-08-29 13:10:00-04:00,14.170000076293945,14.170000076293945,14.170000076293945,14.170000076293945,477,0.0,0.0
2024-08-29 13:11:00-04:00,14.170000076293945,14.170000076293945,14.170000076293945,14.170000076293945,584,0.0,0.0
2024-08-29 13:12:00-04:00,14.175000190734863,14.175000190734863,14.175000190734863,14.175000190734863,160,0.0,0.0
2024-08-29 13:13:00-04:00,14.1899995803833,14.1899995803833,14.1899995803833,14.1899995803833,768,0.0,0.0
2024-08-29 13:16:00-04:00,14.194999694824219,14.210000038146973,14.194999694824219,14.210000038146973,5364,0.0,0.0
2024-08-29 13:17:00-04:00,14.210000038146973,14.220000267028809,14.210000038146973,14.220000267028809,442,0.0,0.0
2024-08-29 13:19:00-04:00,14.225000381469727,14.225000381469727,14.225000381469727,14.225000381469727,172,0.0,0.0
2024-08-29 13:21:00-04:00,14.239999771118164,14.239999771118164,14.239999771118164,14.239999771118164,771,0.0,0.0
2024-08-29 13:27:00-04:00,14.244999885559082,14.244999885559082,14.239999771118164,14.239999771118164,2032,0.0,0.0
2024-08-29 13:28:00-04:00,14.25,14.25,14.229999542236328,14.244999885559082,4064,0.0,0.0
2024-08-29 13:29:00-04:00,14.244999885559082,14.255000114440918,14.239999771118164,14.255000114440918,4303,0.0,0.0
2024-08-29 13:30:00-04:00,14.244999885559082,14.244999885559082,14.244999885559082,14.244999885559082,10162,0.0,0.0
2024-08-29 13:32:00-04:00,14.252400398254395,14.252400398254395,14.252400398254395,14.252400398254395,195,0.0,0.0
2024-08-29 13:33:00-04:00,14.244999885559082,14.244999885559082,14.244999885559082,14.244999885559082,338,0.0,0.0
2024-08-29 13:34:00-04:00,14.244999885559082,14.274999618530273,14.244999885559082,14.274999618530273,2159,0.0,0.0
2024-08-29 13:35:00-04:00,14.274999618530273,14.274999618530273,14.260000228881836,14.274999618530273,558,0.0,0.0
2024-08-29 13:36:00-04:00,14.289999961853027,14.289999961853027,14.279999732971191,14.279999732971191,1075,0.0,0.0
2024-08-29 13:37:00-04:00,14.319999694824219,14.319999694824219,14.300000190734863,14.319999694824219,1501,0.0,0.0
2024-08-29 13:39:00-04:00,14.324999809265137,14.324999809265137,14.300000190734863,14.300000190734863,1118,0.0,0.0
2024-08-29 13:41:00-04:00,14.298299789428711,14.298299789428711,14.298299789428711,14.298299789428711,317,0.0,0.0
2024-08-29 13:42:00-04:00,14.300000190734863,14.324999809265137,14.300000190734863,14.324999809265137,1813,0.0,0.0
2024-08-29 13:45:00-04:00,14.3100004196167,14.3100004196167,14.3100004196167,14.3100004196167,346,0.0,0.0
2024-08-29 13:46:00-04:00,14.3100004196167,14.3100004196167,14.3100004196167,14.3100004196167,764,0.0,0.0
2024-08-29 13:47:00-04:00,14.3100004196167,14.3100004196167,14.3100004196167,14.3100004196167,352,0.0,0.0
2024-08-29 13:48:00-04:00,14.3100004196167,14.3100004196167,14.3100004196167,14.3100004196167,344,0.0,0.0
2024-08-29 13:49:00-04:00,14.289999961853027,14.300000190734863,14.289999961853027,14.300000190734863,1875,0.0,0.0
2024-08-29 13:52:00-04:00,14.300000190734863,14.300000190734863,14.279999732971191,14.279999732971191,2238,0.0,0.0
2024-08-29 13:53:00-04:00,14.25,14.279999732971191,14.25,14.279999732971191,622,0.0,0.0
2024-08-29 13:55:00-04:00,14.300000190734863,14.300000190734863,14.300000190734863,14.300000190734863,212,0.0,0.0
2024-08-29 13:56:00-04:00,14.279999732971191,14.279999732971191,14.279999732971191,14.279999732971191,202,0.0,0.0
2024-08-29 13:57:00-04:00,14.279999732971191,14.279999732971191,14.279999732971191,14.279999732971191,1116,0.0,0.0
2024-08-29 13:59:00-04:00,14.270000457763672,14.279999732971191,14.270000457763672,14.279999732971191,834,0.0,0.0
2024-08-29 14:00:00-04:00,14.260000228881836,14.260000228881836,14.260000228881836,14.260000228881836,157,0.0,0.0
2024-08-29 14:01:00-04:00,14.25,14.25,14.239999771118164,14.25,2768,0.0,0.0
2024-08-29 14:02:00-04:00,14.255000114440918,14.260000228881836,14.25,14.255000114440918,2396,0.0,0.0
2024-08-29 14:04:00-04:00,14.260000228881836,14.260000228881836,14.260000228881836,14.260000228881836,439,0.0,0.0
2024-08-29 14:05:00-04:00,14.25,14.25,14.25,14.25,1794,0.0,0.0
2024-08-29 14:08:00-04:00,14.265000343322754,14.265000343322754,14.260000228881836,14.265000343322754,1379,0.0,0.0
2024-08-29 14:09:00-04:00,14.270000457763672,14.270000457763672,14.270000457763672,14.270000457763672,643,0.0,0.0
2024-08-29 14:10:00-04:00,14.260000228881836,14.260000228881836,14.260000228881836,14.260000228881836,688,0.0,0.0
2024-08-29 14:11:00-04:00,14.260000228881836,14.279999732971191,14.260000228881836,14.279999732971191,1174,0.0,0.0
2024-08-29 14:12:00-04:00,14.289999961853027,14.300000190734863,14.289999961853027,14.300000190734863,1513,0.0,0.0
2024-08-29 14:13:00-04:00,14.300000190734863,14.300000190734863,14.295000076293945,14.295000076293945,984,0.0,0.0
2024-08-29 14:14:00-04:00,14.289999961853027,14.289999961853027,14.279999732971191,14.279999732971191,1873,0.0,0.0
2024-08-29 14:16:00-04:00,14.260000228881836,14.270000457763672,14.259499549865723,14.270000457763672,4279,0.0,0.0
2024-08-29 14:17:00-04:00,14.279999732971191,14.279999732971191,14.279999732971191,14.279999732971191,432,0.0,0.0
2024-08-29 14:18:00-04:00,14.289999961853027,14.289999961853027,14.279999732971191,14.279999732971191,1394,0.0,0.0
2024-08-29 14:19:00-04:00,14.270000457763672,14.279999732971191,14.270000457763672,14.279999732971191,687,0.0,0.0
2024-08-29 14:20:00-04:00,14.270000457763672,14.270000457763672,14.260000228881836,14.260000228881836,1085,0.0,0.0
2024-08-29 14:21:00-04:00,14.260000228881836,14.260000228881836,14.239999771118164,14.239999771118164,13977,0.0,0.0
2024-08-29 14:22:00-04:00,14.25,14.270000457763672,14.239999771118164,14.270000457763672,5451,0.0,0.0
2024-08-29 14:23:00-04:00,14.274999618530273,14.274999618530273,14.270000457763672,14.270000457763672,1085,0.0,0.0
2024-08-29 14:24:00-04:00,14.279999732971191,14.300000190734863,14.279999732971191,14.289999961853027,2284,0.0,0.0
2024-08-29 14:25:00-04:00,14.300000190734863,14.300000190734863,14.279999732971191,14.279999732971191,1065,0.0,0.0
2024-08-29 14:26:00-04:00,14.279999732971191,14.279999732971191,14.260000228881836,14.260000228881836,768,0.0,0.0
2024-08-29 14:27:00-04:00,14.260000228881836,14.260000228881836,14.260000228881836,14.260000228881836,298,0.0,0.0
2024-08-29 14:28:00-04:00,14.25,14.25,14.25,14.25,1023,0.0,0.0
2024-08-29 14:29:00-04:00,14.244999885559082,14.270000457763672,14.244999885559082,14.265000343322754,1889,0.0,0.0
2024-08-29 14:30:00-04:00,14.274999618530273,14.274999618530273,14.274999618530273,14.274999618530273,312,0.0,0.0
2024-08-29 14:32:00-04:00,14.3100004196167,14.3100004196167,14.295000076293945,14.300000190734863,1657,0.0,0.0
2024-08-29 14:33:00-04:00,14.300000190734863,14.300000190734863,14.300000190734863,14.300000190734863,351,0.0,0.0
2024-08-29 14:35:00-04:00,14.289999961853027,14.289999961853027,14.279999732971191,14.279999732971191,1716,0.0,0.0
2024-08-29 14:40:00-04:00,14.239999771118164,14.239999771118164,14.220000267028809,14.220000267028809,1723,0.0,0.0
2024-08-29 14:42:00-04:00,14.229999542236328,14.229999542236328,14.229999542236328,14.229999542236328,281,0.0,0.0
2024-08-29 14:43:00-04:00,14.220000267028809,14.220000267028809,14.199999809265137,14.199999809265137,1951,0.0,0.0
2024-08-29 14:46:00-04:00,14.17039966583252,14.17039966583252,14.17039966583252,14.17039966583252,430,0.0,0.0
2024-08-29 14:47:00-04:00,14.15999984741211,14.15999984741211,14.15999984741211,14.15999984741211,357,0.0,0.0
2024-08-29 14:48:00-04:00,14.140000343322754,14.149999618530273,14.140000343322754,14.140000343322754,1352,0.0,0.0
2024-08-29 14:49:00-04:00,14.149999618530273,14.15999984741211,14.149999618530273,14.15999984741211,1803,0.0,0.0
2024-08-29 14:50:00-04:00,14.130000114440918,14.130000114440918,14.119999885559082,14.119999885559082,1855,0.0,0.0
2024-08-29 14:52:00-04:00,14.062600135803223,14.062600135803223,14.062600135803223,14.062600135803223,579,0.0,0.0
2024-08-29 14:54:00-04:00,14.100000381469727,14.100000381469727,14.100000381469727,14.100000381469727,1448,0.0,0.0
2024-08-29 14:55:00-04:00,14.100000381469727,14.100000381469727,14.100000381469727,14.100000381469727,438,0.0,0.0
2024-08-29 14:56:00-04:00,14.09000015258789,14.09000015258789,14.09000015258789,14.09000015258789,404,0.0,0.0
2024-08-29 14:58:00-04:00,14.079999923706055,14.079999923706055,14.079999923706055,14.079999923706055,1768,0.0,0.0
2024-08-29 15:02:00-04:00,14.039999961853027,14.039999961853027,14.039999961853027,14.039999961853027,172,0.0,0.0
2024-08-29 15:03:00-04:00,14.029999732971191,14.029999732971191,14.029999732971191,14.029999732971191,145,0.0,0.0
2024-08-29 15:04:00-04:00,14.029999732971191,14.050000190734863,14.0,14.050000190734863,12841,0.0,0.0
2024-08-29 15:05:00-04:00,14.0600004196167,14.09000015258789,14.0600004196167,14.09000015258789,1292,0.0,0.0
2024-08-29 15:07:00-04:00,14.100000381469727,14.100000381469727,14.09000015258789,14.09000015258789,1439,0.0,0.0
2024-08-29 15:08:00-04:00,14.09000015258789,14.109999656677246,14.09000015258789,14.109999656677246,1489,0.0,0.0
2024-08-29 15:10:00-04:00,14.11989974975586,14.119999885559082,14.11989974975586,14.119999885559082,402,0.0,0.0
2024-08-29 15:11:00-04:00,14.130000114440918,14.130000114440918,14.119999885559082,14.119999885559082,705,0.0,0.0
2024-08-29 15:12:00-04:00,14.100000381469727,14.100000381469727,14.100000381469727,14.100000381469727,1377,0.0,0.0
2024-08-29 15:15:00-04:00,14.130000114440918,14.130000114440918,14.130000114440918,14.130000114440918,438,0.0,0.0
2024-08-29 15:16:00-04:00,14.170000076293945,14.170000076293945,14.149999618530273,14.170000076293945,1190,0.0,0.0
2024-08-29 15:17:00-04:00,14.1899995803833,14.1899995803833,14.1899995803833,14.1899995803833,1048,0.0,0.0
2024-08-29 15:18:00-04:00,14.180000305175781,14.180000305175781,14.170000076293945,14.170000076293945,1555,0.0,0.0
2024-08-29 15:19:00-04:00,14.149999618530273,14.149999618530273,14.140000343322754,14.140000343322754,1403,0.0,0.0
2024-08-29 15:20:00-04:00,14.140000343322754,14.140000343322754,14.140000343322754,14.140000343322754,874,0.0,0.0
2024-08-29 15:22:00-04:00,14.145000457763672,14.145000457763672,14.145000457763672,14.145000457763672,392,0.0,0.0
2024-08-29 15:23:00-04:00,14.135000228881836,14.135000228881836,14.135000228881836,14.135000228881836,473,0.0,0.0
2024-08-29 15:24:00-04:00,14.130000114440918,14.130000114440918,14.119999885559082,14.119999885559082,1109,0.0,0.0
2024-08-29 15:26:00-04:00,14.130000114440918,14.130000114440918,14.130000114440918,14.130000114440918,1368,0.0,0.0
2024-08-29 15:29:00-04:00,14.119999885559082,14.119999885559082,14.119999885559082,14.119999885559082,402,0.0,0.0
2024-08-29 15:30:00-04:00,14.130000114440918,14.130000114440918,14.130000114440918,14.130000114440918,1152,0.0,0.0
2024-08-29 15:32:00-04:00,14.109999656677246,14.119999885559082,14.109999656677246,14.119999885559082,2307,0.0,0.0
2024-08-29 15:36:00-04:00,14.100000381469727,14.100000381469727,14.09000015258789,14.09000015258789,1813,0.0,0.0
2024-08-29 15:37:00-04:00,14.109999656677246,14.140000343322754,14.109999656677246,14.140000343322754,3476,0.0,0.0
2024-08-29 15:40:00-04:00,14.135000228881836,14.135000228881836,14.135000228881836,14.135000228881836,547,0.0,0.0
2024-08-29 15:41:00-04:00,14.130000114440918,14.149999618530273,14.130000114440918,14.149999618530273,1101,0.0,0.0
2024-08-29 15:42:00-04:00,14.140000343322754,14.140000343322754,14.130000114440918,14.130000114440918,1649,0.0,0.0
2024-08-29 15:44:00-04:00,14.100000381469727,14.100000381469727,14.100000381469727,14.100000381469727,774,0.0,0.0
2024-08-29 15:45:00-04:00,14.109999656677246,14.109999656677246,14.109999656677246,14.109999656677246,317,0.0,0.0
2024-08-29 15:46:00-04:00,14.100000381469727,14.100000381469727,14.100000381469727,14.100000381469727,492,0.0,0.0
2024-08-29 15:47:00-04:00,14.100000381469727,14.100000381469727,14.09000015258789,14.09000015258789,1114,0.0,0.0
2024-08-29 15:48:00-04:00,14.099499702453613,14.099499702453613,14.099499702453613,14.099499702453613,5151,0.0,0.0
2024-08-29 15:50:00-04:00,14.069999694824219,14.09000015258789,14.039999961853027,14.079999923706055,5842,0.0,0.0
2024-08-29 15:51:00-04:00,14.09000015258789,14.09000015258789,14.09000015258789,14.09000015258789,1424,0.0,0.0
2024-08-29 15:52:00-04:00,14.100000381469727,14.109999656677246,14.100000381469727,14.104999542236328,5232,0.0,0.0
2024-08-29 15:53:00-04:00,14.100000381469727,14.100000381469727,14.09000015258789,14.100000381469727,2453,0.0,0.0
2024-08-29 15:54:00-04:00,14.095000267028809,14.095000267028809,14.079999923706055,14.09000015258789,4743,0.0,0.0
2024-08-29 15:55:00-04:00,14.09000015258789,14.09000015258789,14.079999923706055,14.079999923706055,3433,0.0,0.0
2024-08-29 15:56:00-04:00,14.085000038146973,14.095000267028809,14.069999694824219,14.085000038146973,7031,0.0,0.0
2024-08-29 15:57:00-04:00,14.079999923706055,14.079999923706055,14.079999923706055,14.079999923706055,3775,0.0,0.0
2024-08-29 15:58:00-04:00,14.079999923706055,14.09000015258789,14.069999694824219,14.09000015258789,5884,0.0,0.0
2024-08-29 15:59:00-04:00,14.09000015258789,14.09000015258789,14.079999923706055,14.079999923706055,8760,0.0,0.0
2024-08-30 09:30:00-04:00,13.829999923706055,14.050000190734863,13.829999923706055,14.050000190734863,4823,0.0,0.0
2024-08-30 09:31:00-04:00,13.932999610900879,13.932999610900879,13.729999542236328,13.729999542236328,3772,0.0,0.0
2024-08-30 09:33:00-04:00,13.829999923706055,13.829999923706055,13.829999923706055,13.829999923706055,184,0.0,0.0
2024-08-30 09:34:00-04:00,13.829999923706055,13.829999923706055,13.829999923706055,13.829999923706055,955,0.0,0.0
2024-08-30 09:35:00-04:00,13.920000076293945,13.920000076293945,13.920000076293945,13.920000076293945,183,0.0,0.0
2024-08-30 09:36:00-04:00,13.669500350952148,13.78499984741211,13.669500350952148,13.78499984741211,325,0.0,0.0
2024-08-30 09:37:00-04:00,13.90999984741211,13.90999984741211,13.90999984741211,13.90999984741211,55,0.0,0.0
2024-08-30 09:38:00-04:00,13.8149995803833,13.8149995803833,13.8149995803833,13.8149995803833,758,0.0,0.0
2024-08-30 09:40:00-04:00,13.930000305175781,13.930000305175781,13.930000305175781,13.930000305175781,117,0.0,0.0
2024-08-30 09:41:00-04:00,13.930000305175781,13.930000305175781,13.930000305175781,13.930000305175781,259,0.0,0.0
2024-08-30 09:44:00-04:00,13.9399995803833,13.9399995803833,13.9399995803833,13.9399995803833,262,0.0,0.0
2024-08-30 09:45:00-04:00,13.819999694824219,13.819999694824219,13.819999694824219,13.819999694824219,257,0.0,0.0
2024-08-30 09:47:00-04:00,13.829999923706055,13.829999923706055,13.829999923706055,13.829999923706055,121,0.0,0.0
2024-08-30 09:49:00-04:00,13.770000457763672,13.770000457763672,13.770000457763672,13.770000457763672,261,0.0,0.0
2024-08-30 09:50:00-04:00,13.789999961853027,13.789999961853027,13.789999961853027,13.789999961853027,605,0.0,0.0
2024-08-30 09:51:00-04:00,13.75,13.75,13.75,13.75,270,0.0,0.0
2024-08-30 09:52:00-04:00,13.75,13.75,13.75,13.75,247,0.0,0.0
2024-08-30 09:54:00-04:00,13.760000228881836,13.760000228881836,13.760000228881836,13.760000228881836,152,0.0,0.0
2024-08-30 09:55:00-04:00,13.760000228881836,13.779999732971191,13.760000228881836,13.779999732971191,673,0.0,0.0
2024-08-30 09:57:00-04:00,13.75529956817627,13.779999732971191,13.75,13.779999732971191,943,0.0,0.0
2024-08-30 09:59:00-04:00,13.810700416564941,13.810700416564941,13.810700416564941,13.810700416564941,300,0.0,0.0
2024-08-30 10:01:00-04:00,13.84000015258789,13.84000015258789,13.84000015258789,13.84000015258789,217,0.0,0.0
2024-08-30 10:03:00-04:00,13.829999923706055,13.829999923706055,13.829999923706055,13.829999923706055,136,0.0,0.0
2024-08-30 10:04:00-04:00,13.850000381469727,13.869999885559082,13.850000381469727,13.869999885559082,351,0.0,0.0
2024-08-30 10:05:00-04:00,13.829999923706055,13.885000228881836,13.829999923706055,13.869999885559082,4156,0.0,0.0
2024-08-30 10:06:00-04:00,13.836400032043457,13.850000381469727,13.836400032043457,13.850000381469727,697,0.0,0.0
2024-08-30 10:07:00-04:00,13.859999656677246,13.859999656677246,13.859999656677246,13.859999656677246,729,0.0,0.0
2024-08-30 10:08:00-04:00,13.859999656677246,13.869999885559082,13.859999656677246,13.869999885559082,698,0.0,0.0
2024-08-30 10:09:00-04:00,13.880000114440918,13.90999984741211,13.880000114440918,13.890000343322754,2656,0.0,0.0
2024-08-30 10:10:00-04:00,13.90999984741211,13.949999809265137,13.90999984741211,13.925600051879883,2734,0.0,0.0
2024-08-30 10:12:00-04:00,13.970000267028809,13.970000267028809,13.970000267028809,13.970000267028809,291,0.0,0.0
2024-08-30 10:15:00-04:00,13.90999984741211,13.9399995803833,13.899999618530273,13.920000076293945,11043,0.0,0.0
2024-08-30 10:16:00-04:00,13.920000076293945,13.920000076293945,13.880000114440918,13.899999618530273,4457,0.0,0.0
2024-08-30 10:17:00-04:00,13.890000343322754,13.899999618530273,13.890000343322754,13.899999618530273,2574,0.0,0.0
2024-08-30 10:18:00-04:00,13.899999618530273,13.90999984741211,13.885000228881836,13.899999618530273,3386,0.0,0.0
2024-08-30 10:19:00-04:00,13.899999618530273,13.904999732971191,13.899999618530273,13.904999732971191,230,0.0,0.0
2024-08-30 10:20:00-04:00,13.899999618530273,13.899999618530273,13.859999656677246,13.899999618530273,8363,0.0,0.0
2024-08-30 10:21:00-04:00,13.899999618530273,13.920000076293945,13.899999618530273,13.914999961853027,4769,0.0,0.0
2024-08-30 10:22:00-04:00,13.90999984741211,13.920000076293945,13.90999984741211,13.914999961853027,58,0.0,0.0
2024-08-30 10:23:00-04:00,13.899999618530273,13.899999618530273,13.899999618530273,13.899999618530273,751,0.0,0.0
2024-08-30 10:24:00-04:00,13.899999618530273,13.899999618530273,13.899999618530273,13.899999618530273,259,0.0,0.0
2024-08-30 10:25:00-04:00,13.899999618530273,13.90999984741211,13.899999618530273,13.90999984741211,1927,0.0,0.0
2024-08-30 10:26:00-04:00,13.890000343322754,13.899999618530273,13.890000343322754,13.899999618530273,511,0.0,0.0
2024-08-30 10:27:00-04:00,13.890000343322754,13.890000343322754,13.835000038146973,13.864999771118164,3293,0.0,0.0
2024-08-30 10:28:00-04:00,13.864999771118164,13.899999618530273,13.864999771118164,13.899999618530273,2886,0.0,0.0
2024-08-30 10:29:00-04:00,13.890000343322754,13.899999618530273,13.875,13.890000343322754,3345,0.0,0.0
2024-08-30 10:30:00-04:00,13.869999885559082,13.890000343322754,13.845000267028809,13.845000267028809,1124,0.0,0.0
2024-08-30 10:31:00-04:00,13.854999542236328,13.854999542236328,13.850000381469727,13.850000381469727,617,0.0,0.0
2024-08-30 10:32:00-04:00,13.869999885559082,13.869999885559082,13.829999923706055,13.845000267028809,1906,0.0,0.0
2024-08-30 10:33:00-04:00,13.854999542236328,13.854999542236328,13.854999542236328,13.854999542236328,511,0.0,0.0
2024-08-30 10:34:00-04:00,13.859999656677246,13.859999656677246,13.8149995803833,13.84000015258789,2883,0.0,0.0
2024-08-30 10:35:00-04:00,13.819999694824219,13.890000343322754,13.819999694824219,13.890000343322754,2234,0.0,0.0
2024-08-30 10:36:00-04:00,13.875,13.875,13.875,13.875,227,0.0,0.0
2024-08-30 10:37:00-04:00,13.875,13.875,13.870100021362305,13.870100021362305,471,0.0,0.0
2024-08-30 10:38:00-04:00,13.880000114440918,13.880000114440918,13.84000015258789,13.84000015258789,1342,0.0,0.0
2024-08-30 10:39:00-04:00,13.859999656677246,13.890000343322754,13.859999656677246,13.890000343322754,776,0.0,0.0
2024-08-30 10:40:00-04:00,13.880000114440918,13.880000114440918,13.875,13.875,356,0.0,0.0
2024-08-30 10:42:00-04:00,13.899999618530273,13.899999618530273,13.890000343322754,13.890000343322754,353,0.0,0.0
2024-08-30 10:43:00-04:00,13.875,13.875,13.875,13.875,116,0.0,0.0
2024-08-30 10:44:00-04:00,13.869999885559082,13.869999885559082,13.869999885559082,13.869999885559082,150,0.0,0.0
2024-08-30 10:45:00-04:00,13.850000381469727,13.869999885559082,13.84000015258789,13.84000015258789,1201,0.0,0.0
2024-08-30 10:46:00-04:00,13.869999885559082,13.869999885559082,13.869999885559082,13.869999885559082,103,0.0,0.0
2024-08-30 10:47:00-04:00,13.869999885559082,13.869999885559082,13.869999885559082,13.869999885559082,224,0.0,0.0
2024-08-30 10:49:00-04:00,13.869999885559082,13.899999618530273,13.869999885559082,13.899999618530273,1296,0.0,0.0
2024-08-30 10:51:00-04:00,13.859999656677246,13.890000343322754,13.859999656677246,13.890000343322754,740,0.0,0.0
2024-08-30 10:52:00-04:00,13.859999656677246,13.859999656677246,13.859999656677246,13.859999656677246,204,0.0,0.0
2024-08-30 10:53:00-04:00,13.899999618530273,13.899999618530273,13.869999885559082,13.869999885559082,579,0.0,0.0
2024-08-30 10:54:00-04:00,13.885000228881836,13.885000228881836,13.885000228881836,13.885000228881836,555,0.0,0.0
2024-08-30 10:55:00-04:00,13.885000228881836,13.885000228881836,13.885000228881836,13.885000228881836,109,0.0,0.0
2024-08-30 10:56:00-04:00,13.899999618530273,13.899999618530273,13.899999618530273,13.899999618530273,273,0.0,0.0
2024-08-30 10:57:00-04:00,13.880000114440918,13.880000114440918,13.880000114440918,13.880000114440918,478,0.0,0.0
2024-08-30 10:58:00-04:00,13.859999656677246,13.859999656677246,13.8149995803833,13.829999923706055,1212,0.0,0.0
2024-08-30 11:00:00-04:00,13.835000038146973,13.859999656677246,13.835000038146973,13.859999656677246,323,0.0,0.0
2024-08-30 11:01:00-04:00,13.845000267028809,13.845000267028809,13.845000267028809,13.845000267028809,132,0.0,0.0
2024-08-30 11:03:00-04:00,13.850000381469727,13.859999656677246,13.850000381469727,13.859999656677246,283,0.0,0.0
2024-08-30 11:04:00-04:00,13.845000267028809,13.845000267028809,13.845000267028809,13.845000267028809,347,0.0,0.0
2024-08-30 11:06:00-04:00,13.859999656677246,13.859999656677246,13.859999656677246,13.859999656677246,106,0.0,0.0
2024-08-30 11:07:00-04:00,13.859999656677246,13.869000434875488,13.859999656677246,13.869000434875488,586,0.0,0.0
2024-08-30 11:08:00-04:00,13.875,13.875,13.875,13.875,571,0.0,0.0
2024-08-30 11:10:00-04:00,13.869999885559082,13.869999885559082,13.859999656677246,13.859999656677246,729,0.0,0.0
2024-08-30 11:12:00-04:00,13.859999656677246,13.859999656677246,13.859999656677246,13.859999656677246,240,0.0,0.0
2024-08-30 11:13:00-04:00,13.859999656677246,13.875,13.859999656677246,13.875,4209,0.0,0.0
2024-08-30 11:14:00-04:00,13.880000114440918,13.880000114440918,13.869999885559082,13.869999885559082,702,0.0,0.0
2024-08-30 11:15:00-04:00,13.885000228881836,13.885000228881836,13.880000114440918,13.880000114440918,349,0.0,0.0
2024-08-30 11:16:00-04:00,13.869999885559082,13.869999885559082,13.869999885559082,13.869999885559082,203,0.0,0.0
2024-08-30 11:17:00-04:00,13.869999885559082,13.895000457763672,13.869999885559082,13.895000457763672,3620,0.0,0.0
2024-08-30 11:18:00-04:00,13.890000343322754,13.890000343322754,13.890000343322754,13.890000343322754,516,0.0,0.0
2024-08-30 11:20:00-04:00,13.890000343322754,13.890000343322754,13.890000343322754,13.890000343322754,104,0.0,0.0
2024-08-30 11:21:00-04:00,13.869999885559082,13.869999885559082,13.869999885559082,13.869999885559082,113,0.0,0.0
2024-08-30 11:22:00-04:00,13.890000343322754,13.890000343322754,13.890000343322754,13.890000343322754,249,0.0,0.0
2024-08-30 11:23:00-04:00,13.875,13.875,13.875,13.875,306,0.0,0.0
2024-08-30 11:24:00-04:00,13.890000343322754,13.890000343322754,13.875,13.875,1225,0.0,0.0
2024-08-30 11:26:00-04:00,13.863100051879883,13.863100051879883,13.863100051879883,13.863100051879883,519,0.0,0.0
2024-08-30 11:27:00-04:00,13.864999771118164,13.880000114440918,13.856300354003906,13.880000114440918,734,0.0,0.0
2024-08-30 11:30:00-04:00,13.859999656677246,13.869999885559082,13.8149995803833,13.8149995803833,1005,0.0,0.0
2024-08-30 11:31:00-04:00,13.819999694824219,13.819999694824219,13.819999694824219,13.819999694824219,239,0.0,0.0
2024-08-30 11:32:00-04:00,13.8100004196167,13.819999694824219,13.800000190734863,13.819999694824219,1518,0.0,0.0
2024-08-30 11:33:00-04:00,13.805000305175781,13.805000305175781,13.805000305175781,13.805000305175781,737,0.0,0.0
2024-08-30 11:38:00-04:00,13.8100004196167,13.8100004196167,13.8100004196167,13.8100004196167,471,0.0,0.0
2024-08-30 11:39:00-04:00,13.770000457763672,13.770000457763672,13.770000457763672,13.770000457763672,545,0.0,0.0
2024-08-30 11:41:00-04:00,13.789999961853027,13.789999961853027,13.789999961853027,13.789999961853027,630,0.0,0.0
2024-08-30 11:45:00-04:00,13.805000305175781,13.805000305175781,13.805000305175781,13.805000305175781,1383,0.0,0.0
2024-08-30 11:46:00-04:00,13.819999694824219,13.819999694824219,13.819999694824219,13.819999694824219,461,0.0,0.0
2024-08-30 11:47:00-04:00,13.800000190734863,13.800000190734863,13.800000190734863,13.800000190734863,826,0.0,0.0
2024-08-30 11:49:00-04:00,13.819999694824219,13.819999694824219,13.819999694824219,13.819999694824219,421,0.0,0.0
2024-08-30 11:51:00-04:00,13.824999809265137,13.824999809265137,13.824999809265137,13.824999809265137,121,0.0,0.0
2024-08-30 11:53:00-04:00,13.824999809265137,13.824999809265137,13.824999809265137,13.824999809265137,409,0.0,0.0
2024-08-30 11:54:00-04:00,13.824999809265137,13.824999809265137,13.824999809265137,13.824999809265137,282,0.0,0.0
2024-08-30 11:55:00-04:00,13.829999923706055,13.829999923706055,13.829999923706055,13.829999923706055,708,0.0,0.0
2024-08-30 11:59:00-04:00,13.84000015258789,13.84000015258789,13.84000015258789,13.84000015258789,535,0.0,0.0
2024-08-30 12:00:00-04:00,13.829999923706055,13.829999923706055,13.779999732971191,13.779999732971191,1214,0.0,0.0
2024-08-30 12:02:00-04:00,13.800000190734863,13.800000190734863,13.800000190734863,13.800000190734863,185,0.0,0.0
2024-08-30 12:04:00-04:00,13.8100004196167,13.819999694824219,13.8100004196167,13.8149995803833,1607,0.0,0.0
2024-08-30 12:06:00-04:00,13.829999923706055,13.835000038146973,13.829999923706055,13.835000038146973,1721,0.0,0.0
2024-08-30 12:08:00-04:00,13.829999923706055,13.829999923706055,13.829999923706055,13.829999923706055,744,0.0,0.0
2024-08-30 12:09:00-04:00,13.850000381469727,13.869999885559082,13.835000038146973,13.869999885559082,5566,0.0,0.0
2024-08-30 12:10:00-04:00,13.880000114440918,13.880000114440918,13.880000114440918,13.880000114440918,484,0.0,0.0
2024-08-30 12:11:00-04:00,13.859999656677246,13.859999656677246,13.859999656677246,13.859999656677246,1121,0.0,0.0
2024-08-30 12:12:00-04:00,13.859999656677246,13.869999885559082,13.859999656677246,13.869999885559082,1125,0.0,0.0
2024-08-30 12:15:00-04:00,13.84000015258789,13.850000381469727,13.84000015258789,13.850000381469727,1450,0.0,0.0
2024-08-30 12:17:00-04:00,13.84000015258789,13.84000015258789,13.84000015258789,13.84000015258789,203,0.0,0.0
2024-08-30 12:18:00-04:00,13.85789966583252,13.85789966583252,13.84000015258789,13.84000015258789,1385,0.0,0.0
2024-08-30 12:19:00-04:00,13.859999656677246,13.859999656677246,13.859999656677246,13.859999656677246,675,0.0,0.0
2024-08-30 12:21:00-04:00,13.8100004196167,13.8100004196167,13.8100004196167,13.8100004196167,608,0.0,0.0
2024-08-30 12:22:00-04:00,13.8149995803833,13.8149995803833,13.8149995803833,13.8149995803833,255,0.0,0.0
2024-08-30 12:23:00-04:00,13.829999923706055,13.829999923706055,13.829999923706055,13.829999923706055,622,0.0,0.0
2024-08-30 12:26:00-04:00,13.819999694824219,13.819999694824219,13.819999694824219,13.819999694824219,143,0.0,0.0
2024-08-30 12:27:00-04:00,13.805000305175781,13.805000305175781,13.789999961853027,13.789999961853027,843,0.0,0.0
2024-08-30 12:29:00-04:00,13.760000228881836,13.760000228881836,13.729999542236328,13.75,1538,0.0,0.0
2024-08-30 12:31:00-04:00,13.729999542236328,13.729999542236328,13.729999542236328,13.729999542236328,209,0.0,0.0
2024-08-30 12:32:00-04:00,13.710000038146973,13.710000038146973,13.675000190734863,13.675000190734863,635,0.0,0.0
2024-08-30 12:33:00-04:00,13.6850004196167,13.6850004196167,13.6850004196167,13.6850004196167,269,0.0,0.0
2024-08-30 12:35:00-04:00,13.664999961853027,13.664999961853027,13.640000343322754,13.640000343322754,1026,0.0,0.0
2024-08-30 12:36:00-04:00,13.654999732971191,13.654999732971191,13.654999732971191,13.654999732971191,401,0.0,0.0
2024-08-30 12:38:00-04:00,13.65999984741211,13.6899995803833,13.65999984741211,13.6899995803833,4944,0.0,0.0
2024-08-30 12:39:00-04:00,13.699999809265137,13.699999809265137,13.699999809265137,13.699999809265137,498,0.0,0.0
2024-08-30 12:40:00-04:00,13.6899995803833,13.6899995803833,13.6899995803833,13.6899995803833,168,0.0,0.0
2024-08-30 12:41:00-04:00,13.694999694824219,13.694999694824219,13.694999694824219,13.694999694824219,234,0.0,0.0
2024-08-30 12:42:00-04:00,13.699999809265137,13.699999809265137,13.6899995803833,13.6899995803833,865,0.0,0.0
2024-08-30 12:46:00-04:00,13.710000038146973,13.720000267028809,13.699999809265137,13.699999809265137,1811,0.0,0.0
2024-08-30 12:48:00-04:00,13.680000305175781,13.680000305175781,13.680000305175781,13.680000305175781,369,0.0,0.0
2024-08-30 12:49:00-04:00,13.675000190734863,13.675000190734863,13.65999984741211,13.65999984741211,448,0.0,0.0
2024-08-30 12:52:00-04:00,13.6899995803833,13.739999771118164,13.6899995803833,13.739999771118164,4101,0.0,0.0
2024-08-30 12:53:00-04:00,13.729999542236328,13.760000228881836,13.729999542236328,13.760000228881836,2037,0.0,0.0
2024-08-30 12:54:00-04:00,13.760000228881836,13.760000228881836,13.760000228881836,13.760000228881836,437,0.0,0.0
2024-08-30 12:56:00-04:00,13.75,13.779999732971191,13.75,13.779999732971191,790,0.0,0.0
2024-08-30 12:57:00-04:00,13.78499984741211,13.78499984741211,13.78499984741211,13.78499984741211,528,0.0,0.0
2024-08-30 13:00:00-04:00,13.789999961853027,13.789999961853027,13.789999961853027,13.789999961853027,563,0.0,0.0
2024-08-30 13:03:00-04:00,13.789999961853027,13.789999961853027,13.770000457763672,13.770000457763672,934,0.0,0.0
2024-08-30 13:06:00-04:00,13.774999618530273,13.774999618530273,13.774999618530273,13.774999618530273,1435,0.0,0.0
2024-08-30 13:10:00-04:00,13.760000228881836,13.760000228881836,13.760000228881836,13.760000228881836,824,0.0,0.0
2024-08-30 13:13:00-04:00,13.75,13.75,13.734999656677246,13.734999656677246,1702,0.0,0.0
2024-08-30 13:14:00-04:00,13.739999771118164,13.739999771118164,13.739999771118164,13.739999771118164,353,0.0,0.0
2024-08-30 13:16:00-04:00,13.75,13.75,13.75,13.75,831,0.0,0.0
2024-08-30 13:21:00-04:00,13.734999656677246,13.734999656677246,13.729999542236328,13.729999542236328,6006,0.0,0.0
2024-08-30 13:22:00-04:00,13.729999542236328,13.729999542236328,13.729999542236328,13.729999542236328,507,0.0,0.0
2024-08-30 13:23:00-04:00,13.680000305175781,13.680000305175781,13.677499771118164,13.677499771118164,1015,0.0,0.0
2024-08-30 13:25:00-04:00,13.699999809265137,13.720000267028809,13.699999809265137,13.699999809265137,1862,0.0,0.0
2024-08-30 13:28:00-04:00,13.729999542236328,13.75,13.729999542236328,13.75,805,0.0,0.0
2024-08-30 13:31:00-04:00,13.770000457763672,13.774999618530273,13.75,13.75,1599,0.0,0.0
2024-08-30 13:35:00-04:00,13.760000228881836,13.760000228881836,13.760000228881836,13.760000228881836,308,0.0,0.0
2024-08-30 13:37:00-04:00,13.755000114440918,13.755000114440918,13.755000114440918,13.755000114440918,233,0.0,0.0
2024-08-30 13:38:00-04:00,13.753499984741211,13.770000457763672,13.753499984741211,13.770000457763672,958,0.0,0.0
2024-08-30 13:39:00-04:00,13.770000457763672,13.770000457763672,13.760000228881836,13.760000228881836,1331,0.0,0.0
2024-08-30 13:40:00-04:00,13.789999961853027,13.789999961853027,13.779999732971191,13.779999732971191,475,0.0,0.0
2024-08-30 13:43:00-04:00,13.789999961853027,13.789999961853027,13.789999961853027,13.789999961853027,509,0.0,0.0
2024-08-30 13:45:00-04:00,13.800000190734863,13.800000190734863,13.800000190734863,13.800000190734863,470,0.0,0.0
2024-08-30 13:47:00-04:00,13.795000076293945,13.795000076293945,13.779999732971191,13.779999732971191,1297,0.0,0.0
2024-08-30 13:49:00-04:00,13.789999961853027,13.789999961853027,13.789999961853027,13.789999961853027,365,0.0,0.0
2024-08-30 13:52:00-04:00,13.789999961853027,13.789999961853027,13.789999961853027,13.789999961853027,785,0.0,0.0
2024-08-30 13:54:00-04:00,13.800000190734863,13.800000190734863,13.800000190734863,13.800000190734863,1218,0.0,0.0
2024-08-30 13:55:00-04:00,13.800000190734863,13.8100004196167,13.800000190734863,13.8100004196167,552,0.0,0.0
2024-08-30 13:56:00-04:00,13.800000190734863,13.800000190734863,13.800000190734863,13.800000190734863,1274,0.0,0.0
2024-08-30 13:59:00-04:00,13.8100004196167,13.8100004196167,13.8100004196167,13.8100004196167,312,0.0,0.0
2024-08-30 14:00:00-04:00,13.8100004196167,13.829999923706055,13.8100004196167,13.829999923706055,1230,0.0,0.0
2024-08-30 14:01:00-04:00,13.835000038146973,13.835000038146973,13.835000038146973,13.835000038146973,611,0.0,0.0
2024-08-30 14:03:00-04:00,13.842000007629395,13.842000007629395,13.842000007629395,13.842000007629395,940,0.0,0.0
2024-08-30 14:04:00-04:00,13.84000015258789,13.84000015258789,13.84000015258789,13.84000015258789,346,0.0,0.0
2024-08-30 14:05:00-04:00,13.829999923706055,13.829999923706055,13.8149995803833,13.8149995803833,565,0.0,0.0
2024-08-30 14:08:00-04:00,13.84000015258789,13.84000015258789,13.84000015258789,13.84000015258789,582,0.0,0.0
2024-08-30 14:09:00-04:00,13.829999923706055,13.850000381469727,13.829999923706055,13.850000381469727,1811,0.0,0.0
2024-08-30 14:11:00-04:00,13.850000381469727,13.850000381469727,13.850000381469727,13.850000381469727,709,0.0,0.0
2024-08-30 14:12:00-04:00,13.859999656677246,13.864999771118164,13.84000015258789,13.850000381469727,1603,0.0,0.0
2024-08-30 14:14:00-04:00,13.850000381469727,13.850000381469727,13.850000381469727,13.850000381469727,1001,0.0,0.0
2024-08-30 14:15:00-04:00,13.84000015258789,13.84000015258789,13.84000015258789,13.84000015258789,762,0.0,0.0
2024-08-30 14:19:00-04:00,13.850000381469727,13.850000381469727,13.850000381469727,13.850000381469727,711,0.0,0.0
2024-08-30 14:22:00-04:00,13.850000381469727,13.850000381469727,13.850000381469727,13.850000381469727,560,0.0,0.0
2024-08-30 14:25:00-04:00,13.859999656677246,13.859999656677246,13.845000267028809,13.845000267028809,590,0.0,0.0
2024-08-30 14:26:00-04:00,13.859999656677246,13.859999656677246,13.829999923706055,13.829999923706055,1696,0.0,0.0
2024-08-30 14:28:00-04:00,13.830100059509277,13.835000038146973,13.819999694824219,13.819999694824219,10501,0.0,0.0
2024-08-30 14:29:00-04:00,13.84000015258789,13.84000015258789,13.835000038146973,13.835000038146973,216,0.0,0.0
2024-08-30 14:30:00-04:00,13.835000038146973,13.835000038146973,13.835000038146973,13.835000038146973,568,0.0,0.0
2024-08-30 14:31:00-04:00,13.835000038146973,13.835000038146973,13.835000038146973,13.835000038146973,112,0.0,0.0
2024-08-30 14:32:00-04:00,13.84000015258789,13.84000015258789,13.84000015258789,13.84000015258789,343,0.0,0.0
2024-08-30 14:33:00-04:00,13.84000015258789,13.84000015258789,13.84000015258789,13.84000015258789,986,0.0,0.0
2024-08-30 14:35:00-04:00,13.845000267028809,13.845000267028809,13.845000267028809,13.845000267028809,229,0.0,0.0
2024-08-30 14:36:00-04:00,13.845000267028809,13.850000381469727,13.845000267028809,13.850000381469727,1247,0.0,0.0
2024-08-30 14:38:00-04:00,13.869999885559082,13.869999885559082,13.869999885559082,13.869999885559082,476,0.0,0.0
2024-08-30 14:39:00-04:00,13.875,13.880000114440918,13.869999885559082,13.880000114440918,4149,0.0,0.0
2024-08-30 14:40:00-04:00,13.895000457763672,13.895000457763672,13.890000343322754,13.890000343322754,1920,0.0,0.0
2024-08-30 14:48:00-04:00,13.869999885559082,13.869999885559082,13.869999885559082,13.869999885559082,569,0.0,0.0
2024-08-30 14:50:00-04:00,13.875,13.875,13.859999656677246,13.859999656677246,1063,0.0,0.0
2024-08-30 14:53:00-04:00,13.869999885559082,13.869999885559082,13.869999885559082,13.869999885559082,453,0.0,0.0
2024-08-30 14:54:00-04:00,13.859999656677246,13.864999771118164,13.829999923706055,13.864999771118164,3112,0.0,0.0
2024-08-30 14:56:00-04:00,13.859999656677246,13.859999656677246,13.850000381469727,13.859999656677246,2010,0.0,0.0
2024-08-30 14:57:00-04:00,13.859999656677246,13.859999656677246,13.859999656677246,13.859999656677246,110,0.0,0.0
2024-08-30 14:58:00-04:00,13.864999771118164,13.864999771118164,13.864999771118164,13.864999771118164,659,0.0,0.0
2024-08-30 15:00:00-04:00,13.869999885559082,13.880000114440918,13.869999885559082,13.880000114440918,2158,0.0,0.0
2024-08-30 15:07:00-04:00,13.890000343322754,13.890000343322754,13.859999656677246,13.869999885559082,1426,0.0,0.0
2024-08-30 15:08:00-04:00,13.869999885559082,13.869999885559082,13.850000381469727,13.859999656677246,3210,0.0,0.0
2024-08-30 15:12:00-04:00,13.869999885559082,13.869999885559082,13.869999885559082,13.869999885559082,400,0.0,0.0
2024-08-30 15:13:00-04:00,13.869999885559082,13.869999885559082,13.869999885559082,13.869999885559082,480,0.0,0.0
2024-08-30 15:16:00-04:00,13.864999771118164,13.864999771118164,13.859999656677246,13.859999656677246,1084,0.0,0.0
2024-08-30 15:17:00-04:00,13.859999656677246,13.859999656677246,13.859999656677246,13.859999656677246,1608,0.0,0.0
2024-08-30 15:20:00-04:00,13.890000343322754,13.890000343322754,13.869999885559082,13.869999885559082,2396,0.0,0.0
2024-08-30 15:24:00-04:00,13.890000343322754,13.890000343322754,13.890000343322754,13.890000343322754,1716,0.0,0.0
2024-08-30 15:29:00-04:00,13.899999618530273,13.899999618530273,13.899999618530273,13.899999618530273,531,0.0,0.0
2024-08-30 15:30:00-04:00,13.880000114440918,13.880000114440918,13.880000114440918,13.880000114440918,330,0.0,0.0
2024-08-30 15:31:00-04:00,13.880000114440918,13.880200386047363,13.880000114440918,13.880200386047363,851,0.0,0.0
2024-08-30 15:33:00-04:00,13.880000114440918,13.880000114440918,13.880000114440918,13.880000114440918,917,0.0,0.0
2024-08-30 15:34:00-04:00,13.875,13.875,13.859999656677246,13.869999885559082,2140,0.0,0.0
2024-08-30 15:35:00-04:00,13.875,13.890000343322754,13.869999885559082,13.890000343322754,1107,0.0,0.0
2024-08-30 15:36:00-04:00,13.880000114440918,13.895000457763672,13.880000114440918,13.895000457763672,1148,0.0,0.0
2024-08-30 15:37:00-04:00,13.899999618530273,13.920000076293945,13.899999618530273,13.920000076293945,3038,0.0,0.0
2024-08-30 15:39:00-04:00,13.890000343322754,13.890000343322754,13.880000114440918,13.880000114440918,1496,0.0,0.0
2024-08-30 15:40:00-04:00,13.869999885559082,13.869999885559082,13.859999656677246,13.859999656677246,291,0.0,0.0
2024-08-30 15:41:00-04:00,13.869999885559082,13.890000343322754,13.869999885559082,13.880000114440918,791,0.0,0.0
2024-08-30 15:42:00-04:00,13.880000114440918,13.880000114440918,13.869999885559082,13.869999885559082,1502,0.0,0.0
2024-08-30 15:43:00-04:00,13.869999885559082,13.869999885559082,13.869999885559082,13.869999885559082,1861,0.0,0.0
2024-08-30 15:48:00-04:00,13.880000114440918,13.890000343322754,13.880000114440918,13.890000343322754,865,0.0,0.0
2024-08-30 15:49:00-04:00,13.880000114440918,13.899999618530273,13.880000114440918,13.899999618530273,2932,0.0,0.0
2024-08-30 15:50:00-04:00,13.854999542236328,13.904999732971191,13.854999542236328,13.899999618530273,3247,0.0,0.0
2024-08-30 15:51:00-04:00,13.904999732971191,13.914999961853027,13.899999618530273,13.899999618530273,3028,0.0,0.0
2024-08-30 15:52:00-04:00,13.90999984741211,13.920000076293945,13.904999732971191,13.904999732971191,15997,0.0,0.0
2024-08-30 15:54:00-04:00,13.914999961853027,13.925000190734863,13.914999961853027,13.920000076293945,4276,0.0,0.0
2024-08-30 15:55:00-04:00,13.920000076293945,13.949999809265137,13.920000076293945,13.944999694824219,4365,0.0,0.0
2024-08-30 15:56:00-04:00,13.949999809265137,13.949999809265137,13.944999694824219,13.949999809265137,1478,0.0,0.0
2024-08-30 15:57:00-04:00,13.940199851989746,13.949999809265137,13.9399995803833,13.949999809265137,2038,0.0,0.0
2024-08-30 15:58:00-04:00,13.944999694824219,13.944999694824219,13.930000305175781,13.9350004196167,8733,0.0,0.0
2024-08-30 15:59:00-04:00,13.9399995803833,13.9399995803833,13.920000076293945,13.930000305175781,10054,0.0,0.0
