Datetime,Open,High,Low,Close,Volume,Dividends,Stock Splits
2024-06-27 09:00:00+08:00,17.850000381469727,18.0,17.799999237060547,17.950000762939453,0,0.0,0.0
2024-06-27 09:05:00+08:00,18.0,18.049999237060547,18.0,18.049999237060547,22000,0.0,0.0
2024-06-27 09:10:00+08:00,18.100000381469727,18.299999237060547,18.049999237060547,18.25,27496,0.0,0.0
2024-06-27 09:15:00+08:00,18.25,18.25,18.049999237060547,18.049999237060547,10123,0.0,0.0
2024-06-27 09:20:00+08:00,18.100000381469727,18.100000381469727,17.799999237060547,17.799999237060547,156725,0.0,0.0
2024-06-27 09:25:00+08:00,17.799999237060547,17.799999237060547,17.350000381469727,17.75,283562,0.0,0.0
2024-06-27 09:30:00+08:00,17.649999618530273,18.100000381469727,17.600000381469727,17.950000762939453,40506,0.0,0.0
2024-06-27 09:35:00+08:00,18.0,18.049999237060547,17.950000762939453,17.950000762939453,26974,0.0,0.0
2024-06-27 09:40:00+08:00,17.950000762939453,18.0,17.950000762939453,18.0,10822,0.0,0.0
2024-06-27 09:45:00+08:00,18.0,18.0,17.950000762939453,17.950000762939453,31512,0.0,0.0
2024-06-27 09:50:00+08:00,17.950000762939453,18.0,17.950000762939453,18.0,10406,0.0,0.0
2024-06-27 09:55:00+08:00,17.950000762939453,18.0,17.899999618530273,17.899999618530273,14203,0.0,0.0
2024-06-27 10:00:00+08:00,17.899999618530273,17.899999618530273,17.850000381469727,17.899999618530273,17479,0.0,0.0
2024-06-27 10:05:00+08:00,17.899999618530273,17.899999618530273,17.600000381469727,17.700000762939453,104577,0.0,0.0
2024-06-27 10:10:00+08:00,17.799999237060547,17.899999618530273,17.75,17.75,22625,0.0,0.0
2024-06-27 10:15:00+08:00,17.799999237060547,17.799999237060547,17.700000762939453,17.700000762939453,44225,0.0,0.0
2024-06-27 10:20:00+08:00,17.700000762939453,17.700000762939453,17.549999237060547,17.700000762939453,110017,0.0,0.0
2024-06-27 10:25:00+08:00,17.700000762939453,17.850000381469727,17.700000762939453,17.850000381469727,27890,0.0,0.0
2024-06-27 10:35:00+08:00,17.850000381469727,17.850000381469727,17.850000381469727,17.850000381469727,1980,0.0,0.0
2024-06-27 10:40:00+08:00,17.850000381469727,17.850000381469727,17.850000381469727,17.850000381469727,18454,0.0,0.0
2024-06-27 10:45:00+08:00,17.850000381469727,17.850000381469727,17.850000381469727,17.850000381469727,2578,0.0,0.0
2024-06-27 10:50:00+08:00,17.850000381469727,17.850000381469727,17.850000381469727,17.850000381469727,2100,0.0,0.0
2024-06-27 10:55:00+08:00,17.899999618530273,17.899999618530273,17.899999618530273,17.899999618530273,6419,0.0,0.0
2024-06-27 11:00:00+08:00,17.899999618530273,18.0,17.899999618530273,18.0,70820,0.0,0.0
2024-06-27 11:05:00+08:00,18.0,18.0,18.0,18.0,10813,0.0,0.0
2024-06-27 11:10:00+08:00,17.950000762939453,18.0,17.950000762939453,18.0,3675,0.0,0.0
2024-06-27 11:15:00+08:00,17.950000762939453,17.950000762939453,17.950000762939453,17.950000762939453,2304,0.0,0.0
2024-06-27 11:20:00+08:00,17.950000762939453,18.0,17.899999618530273,18.0,16616,0.0,0.0
2024-06-27 11:25:00+08:00,18.0,18.0,17.950000762939453,17.950000762939453,23100,0.0,0.0
2024-06-27 11:30:00+08:00,17.950000762939453,18.0,17.950000762939453,18.0,16182,0.0,0.0
2024-06-27 11:35:00+08:00,18.0,18.0,18.0,18.0,5274,0.0,0.0
2024-06-27 11:45:00+08:00,18.0,18.049999237060547,18.0,18.0,8159,0.0,0.0
2024-06-27 11:50:00+08:00,18.0,18.0,18.0,18.0,2149,0.0,0.0
2024-06-27 11:55:00+08:00,18.0,18.0,18.0,18.0,1350,0.0,0.0
2024-06-27 12:00:00+08:00,18.0,18.0,18.0,18.0,13040,0.0,0.0
2024-06-27 12:05:00+08:00,18.0,18.0,18.0,18.0,2738,0.0,0.0
2024-06-27 12:10:00+08:00,17.950000762939453,17.950000762939453,17.899999618530273,17.899999618530273,12658,0.0,0.0
2024-06-27 12:15:00+08:00,17.899999618530273,17.950000762939453,17.899999618530273,17.950000762939453,2400,0.0,0.0
2024-06-27 12:20:00+08:00,17.899999618530273,17.899999618530273,17.850000381469727,17.850000381469727,6000,0.0,0.0
2024-06-27 12:25:00+08:00,17.950000762939453,18.0,17.950000762939453,18.0,22673,0.0,0.0
2024-06-27 12:30:00+08:00,17.950000762939453,17.950000762939453,17.950000762939453,17.950000762939453,2060,0.0,0.0
2024-06-27 12:35:00+08:00,17.899999618530273,17.899999618530273,17.850000381469727,17.850000381469727,7025,0.0,0.0
2024-06-27 12:40:00+08:00,17.850000381469727,17.899999618530273,17.850000381469727,17.899999618530273,15248,0.0,0.0
2024-06-27 12:45:00+08:00,17.899999618530273,17.899999618530273,17.850000381469727,17.850000381469727,10360,0.0,0.0
2024-06-27 12:50:00+08:00,17.850000381469727,17.899999618530273,17.850000381469727,17.899999618530273,5700,0.0,0.0
2024-06-27 12:55:00+08:00,17.850000381469727,17.850000381469727,17.850000381469727,17.850000381469727,2270,0.0,0.0
2024-06-27 13:00:00+08:00,17.850000381469727,17.850000381469727,17.799999237060547,17.799999237060547,15243,0.0,0.0
2024-06-27 13:05:00+08:00,17.799999237060547,17.799999237060547,17.75,17.75,24746,0.0,0.0
2024-06-27 13:10:00+08:00,17.799999237060547,17.799999237060547,17.75,17.799999237060547,8921,0.0,0.0
2024-06-27 13:15:00+08:00,17.799999237060547,17.799999237060547,17.700000762939453,17.700000762939453,32115,0.0,0.0
2024-06-27 13:20:00+08:00,17.700000762939453,17.700000762939453,17.600000381469727,17.600000381469727,61714,0.0,0.0
2024-06-28 09:00:00+08:00,17.75,17.850000381469727,17.75,17.799999237060547,0,0.0,0.0
2024-06-28 09:05:00+08:00,17.700000762939453,17.700000762939453,17.700000762939453,17.700000762939453,5269,0.0,0.0
2024-06-28 09:10:00+08:00,17.799999237060547,17.799999237060547,17.75,17.75,17214,0.0,0.0
2024-06-28 09:15:00+08:00,17.799999237060547,17.899999618530273,17.799999237060547,17.899999618530273,35821,0.0,0.0
2024-06-28 09:20:00+08:00,17.899999618530273,18.450000762939453,17.899999618530273,18.25,64732,0.0,0.0
2024-06-28 09:25:00+08:00,18.25,18.25,18.200000762939453,18.25,21115,0.0,0.0
2024-06-28 09:30:00+08:00,18.25,18.25,18.25,18.25,7033,0.0,0.0
2024-06-28 09:35:00+08:00,18.299999237060547,18.350000381469727,18.200000762939453,18.25,72000,0.0,0.0
2024-06-28 09:40:00+08:00,18.25,18.25,18.100000381469727,18.200000762939453,64100,0.0,0.0
2024-06-28 09:45:00+08:00,18.149999618530273,18.25,18.149999618530273,18.25,25246,0.0,0.0
2024-06-28 09:50:00+08:00,18.25,18.350000381469727,18.200000762939453,18.299999237060547,49150,0.0,0.0
2024-06-28 09:55:00+08:00,18.299999237060547,18.350000381469727,18.25,18.25,32364,0.0,0.0
2024-06-28 10:00:00+08:00,18.25,18.299999237060547,18.25,18.299999237060547,20205,0.0,0.0
2024-06-28 10:05:00+08:00,18.299999237060547,18.299999237060547,18.299999237060547,18.299999237060547,10092,0.0,0.0
2024-06-28 10:10:00+08:00,18.350000381469727,18.399999618530273,18.350000381469727,18.399999618530273,21101,0.0,0.0
2024-06-28 10:15:00+08:00,18.299999237060547,18.399999618530273,18.299999237060547,18.350000381469727,34214,0.0,0.0
2024-06-28 10:20:00+08:00,18.350000381469727,18.350000381469727,18.299999237060547,18.299999237060547,10300,0.0,0.0
2024-06-28 10:25:00+08:00,18.25,18.25,18.25,18.25,5000,0.0,0.0
2024-06-28 10:30:00+08:00,18.299999237060547,18.350000381469727,18.299999237060547,18.350000381469727,19010,0.0,0.0
2024-06-28 10:35:00+08:00,18.350000381469727,18.350000381469727,18.350000381469727,18.350000381469727,23351,0.0,0.0
2024-06-28 10:45:00+08:00,18.299999237060547,18.299999237060547,18.25,18.25,10000,0.0,0.0
2024-06-28 10:50:00+08:00,18.299999237060547,18.299999237060547,18.25,18.25,3000,0.0,0.0
2024-06-28 10:55:00+08:00,18.299999237060547,18.299999237060547,18.25,18.25,13033,0.0,0.0
2024-06-28 11:05:00+08:00,18.25,18.25,18.100000381469727,18.149999618530273,84994,0.0,0.0
2024-06-28 11:10:00+08:00,18.149999618530273,18.149999618530273,18.149999618530273,18.149999618530273,10000,0.0,0.0
2024-06-28 11:15:00+08:00,18.149999618530273,18.350000381469727,18.149999618530273,18.350000381469727,34500,0.0,0.0
2024-06-28 11:25:00+08:00,18.299999237060547,18.299999237060547,18.299999237060547,18.299999237060547,1028,0.0,0.0
2024-06-28 11:30:00+08:00,18.299999237060547,18.350000381469727,18.299999237060547,18.299999237060547,6130,0.0,0.0
2024-06-28 11:40:00+08:00,18.299999237060547,18.299999237060547,18.299999237060547,18.299999237060547,2583,0.0,0.0
2024-06-28 11:50:00+08:00,18.25,18.25,18.25,18.25,8000,0.0,0.0
2024-06-28 11:55:00+08:00,18.25,18.25,18.25,18.25,2000,0.0,0.0
2024-06-28 12:00:00+08:00,18.25,18.25,18.25,18.25,2000,0.0,0.0
2024-06-28 12:05:00+08:00,18.25,18.25,18.25,18.25,1000,0.0,0.0
2024-06-28 12:10:00+08:00,18.25,18.25,18.200000762939453,18.200000762939453,7336,0.0,0.0
2024-06-28 12:20:00+08:00,18.299999237060547,18.299999237060547,18.299999237060547,18.299999237060547,17181,0.0,0.0
2024-06-28 12:25:00+08:00,18.299999237060547,18.350000381469727,18.299999237060547,18.350000381469727,5018,0.0,0.0
2024-06-28 12:30:00+08:00,18.350000381469727,18.350000381469727,18.299999237060547,18.299999237060547,5001,0.0,0.0
2024-06-28 12:35:00+08:00,18.299999237060547,18.350000381469727,18.299999237060547,18.350000381469727,31000,0.0,0.0
2024-06-28 12:40:00+08:00,18.399999618530273,18.450000762939453,18.350000381469727,18.450000762939453,78619,0.0,0.0
2024-06-28 12:45:00+08:00,18.450000762939453,18.549999237060547,18.450000762939453,18.5,139027,0.0,0.0
2024-06-28 12:50:00+08:00,18.5,18.649999618530273,18.5,18.649999618530273,66050,0.0,0.0
2024-06-28 12:55:00+08:00,18.700000762939453,19.25,18.700000762939453,19.149999618530273,291213,0.0,0.0
2024-06-28 13:00:00+08:00,19.200000762939453,19.200000762939453,19.049999237060547,19.049999237060547,83397,0.0,0.0
2024-06-28 13:05:00+08:00,19.100000381469727,19.299999237060547,19.100000381469727,19.25,140400,0.0,0.0
2024-06-28 13:10:00+08:00,19.299999237060547,19.350000381469727,19.25,19.299999237060547,1012814,0.0,0.0
2024-06-28 13:15:00+08:00,19.299999237060547,19.350000381469727,19.299999237060547,19.299999237060547,199513,0.0,0.0
2024-06-28 13:20:00+08:00,19.350000381469727,19.350000381469727,19.25,19.25,169500,0.0,0.0
2024-07-01 09:00:00+08:00,19.299999237060547,19.399999618530273,18.700000762939453,19.399999618530273,0,0.0,0.0
2024-07-01 09:05:00+08:00,19.299999237060547,19.350000381469727,19.0,19.049999237060547,117000,0.0,0.0
2024-07-01 09:10:00+08:00,18.950000762939453,19.100000381469727,18.799999237060547,18.950000762939453,89775,0.0,0.0
2024-07-01 09:15:00+08:00,19.0,19.149999618530273,18.950000762939453,19.100000381469727,29264,0.0,0.0
2024-07-01 09:20:00+08:00,19.100000381469727,19.100000381469727,19.0,19.049999237060547,13381,0.0,0.0
2024-07-01 09:25:00+08:00,19.049999237060547,19.200000762939453,19.049999237060547,19.200000762939453,25036,0.0,0.0
2024-07-01 09:30:00+08:00,19.200000762939453,19.25,19.149999618530273,19.149999618530273,33697,0.0,0.0
2024-07-01 09:35:00+08:00,19.149999618530273,19.25,19.149999618530273,19.25,26664,0.0,0.0
2024-07-01 09:40:00+08:00,19.299999237060547,19.299999237060547,19.25,19.299999237060547,63341,0.0,0.0
2024-07-01 09:45:00+08:00,19.299999237060547,19.399999618530273,19.299999237060547,19.350000381469727,69000,0.0,0.0
2024-07-01 09:50:00+08:00,19.350000381469727,19.75,19.350000381469727,19.549999237060547,401435,0.0,0.0
2024-07-01 09:55:00+08:00,19.649999618530273,19.799999237060547,19.5,19.700000762939453,416145,0.0,0.0
2024-07-01 10:00:00+08:00,19.75,20.299999237060547,19.75,20.200000762939453,512428,0.0,0.0
2024-07-01 10:05:00+08:00,20.200000762939453,20.549999237060547,20.200000762939453,20.450000762939453,301146,0.0,0.0
2024-07-01 10:10:00+08:00,20.399999618530273,20.75,20.350000381469727,20.700000762939453,334780,0.0,0.0
2024-07-01 10:15:00+08:00,20.700000762939453,20.700000762939453,20.549999237060547,20.700000762939453,260861,0.0,0.0
2024-07-01 10:20:00+08:00,20.700000762939453,20.899999618530273,20.600000381469727,20.899999618530273,251081,0.0,0.0
2024-07-01 10:25:00+08:00,20.899999618530273,21.100000381469727,20.75,21.100000381469727,755089,0.0,0.0
2024-07-01 10:30:00+08:00,21.100000381469727,21.100000381469727,21.049999237060547,21.100000381469727,587891,0.0,0.0
2024-07-01 10:35:00+08:00,21.100000381469727,21.100000381469727,21.0,21.049999237060547,189334,0.0,0.0
2024-07-01 10:40:00+08:00,21.049999237060547,21.100000381469727,21.0,21.100000381469727,152742,0.0,0.0
2024-07-01 10:45:00+08:00,21.049999237060547,21.100000381469727,21.0,21.049999237060547,70840,0.0,0.0
2024-07-01 10:50:00+08:00,21.049999237060547,21.100000381469727,21.0,21.100000381469727,75453,0.0,0.0
2024-07-01 10:55:00+08:00,21.049999237060547,21.100000381469727,21.049999237060547,21.049999237060547,60450,0.0,0.0
2024-07-01 11:00:00+08:00,21.049999237060547,21.100000381469727,21.0,21.0,55640,0.0,0.0
2024-07-01 11:05:00+08:00,21.0,21.100000381469727,21.0,21.049999237060547,68956,0.0,0.0
2024-07-01 11:10:00+08:00,21.049999237060547,21.100000381469727,21.0,21.049999237060547,85280,0.0,0.0
2024-07-01 11:15:00+08:00,21.100000381469727,21.100000381469727,21.049999237060547,21.100000381469727,121310,0.0,0.0
2024-07-01 11:20:00+08:00,21.100000381469727,21.100000381469727,21.100000381469727,21.100000381469727,569404,0.0,0.0
2024-07-01 11:25:00+08:00,21.100000381469727,21.100000381469727,21.100000381469727,21.100000381469727,13788,0.0,0.0
2024-07-01 11:30:00+08:00,21.100000381469727,21.100000381469727,21.100000381469727,21.100000381469727,108289,0.0,0.0
2024-07-01 11:35:00+08:00,21.100000381469727,21.100000381469727,21.100000381469727,21.100000381469727,20592,0.0,0.0
2024-07-01 11:40:00+08:00,21.100000381469727,21.100000381469727,21.100000381469727,21.100000381469727,10488,0.0,0.0
2024-07-01 11:45:00+08:00,21.100000381469727,21.100000381469727,21.100000381469727,21.100000381469727,15822,0.0,0.0
2024-07-01 11:50:00+08:00,21.100000381469727,21.100000381469727,21.100000381469727,21.100000381469727,14860,0.0,0.0
2024-07-01 11:55:00+08:00,21.100000381469727,21.100000381469727,21.100000381469727,21.100000381469727,10858,0.0,0.0
2024-07-01 12:00:00+08:00,21.100000381469727,21.100000381469727,21.100000381469727,21.100000381469727,3496,0.0,0.0
2024-07-01 12:05:00+08:00,21.100000381469727,21.100000381469727,21.100000381469727,21.100000381469727,7252,0.0,0.0
2024-07-01 12:10:00+08:00,21.100000381469727,21.100000381469727,21.100000381469727,21.100000381469727,7959,0.0,0.0
2024-07-01 12:15:00+08:00,21.100000381469727,21.100000381469727,21.100000381469727,21.100000381469727,11820,0.0,0.0
2024-07-01 12:20:00+08:00,21.100000381469727,21.100000381469727,21.100000381469727,21.100000381469727,12858,0.0,0.0
2024-07-01 12:30:00+08:00,21.100000381469727,21.100000381469727,21.100000381469727,21.100000381469727,13279,0.0,0.0
2024-07-01 12:35:00+08:00,21.100000381469727,21.100000381469727,21.100000381469727,21.100000381469727,3739,0.0,0.0
2024-07-01 12:40:00+08:00,21.100000381469727,21.100000381469727,21.100000381469727,21.100000381469727,25720,0.0,0.0
2024-07-01 12:45:00+08:00,21.100000381469727,21.100000381469727,21.100000381469727,21.100000381469727,5546,0.0,0.0
2024-07-01 12:50:00+08:00,21.100000381469727,21.100000381469727,21.100000381469727,21.100000381469727,11545,0.0,0.0
2024-07-01 12:55:00+08:00,21.100000381469727,21.100000381469727,21.100000381469727,21.100000381469727,454546,0.0,0.0
2024-07-01 13:00:00+08:00,21.100000381469727,21.100000381469727,21.049999237060547,21.100000381469727,254898,0.0,0.0
2024-07-01 13:05:00+08:00,21.049999237060547,21.100000381469727,21.0,21.049999237060547,167286,0.0,0.0
2024-07-01 13:10:00+08:00,21.0,21.100000381469727,20.950000762939453,21.100000381469727,99052,0.0,0.0
2024-07-01 13:15:00+08:00,21.100000381469727,21.100000381469727,21.049999237060547,21.100000381469727,77858,0.0,0.0
2024-07-01 13:20:00+08:00,21.100000381469727,21.100000381469727,21.100000381469727,21.100000381469727,38932,0.0,0.0
2024-07-02 09:00:00+08:00,21.100000381469727,22.5,21.100000381469727,22.0,0,0.0,0.0
2024-07-02 09:05:00+08:00,22.100000381469727,22.5,21.75,22.399999618530273,367883,0.0,0.0
2024-07-02 09:10:00+08:00,22.200000762939453,22.5,21.700000762939453,22.5,387739,0.0,0.0
2024-07-02 09:15:00+08:00,22.549999237060547,22.549999237060547,21.700000762939453,21.700000762939453,245734,0.0,0.0
2024-07-02 09:20:00+08:00,21.700000762939453,21.950000762939453,21.399999618530273,21.5,321981,0.0,0.0
2024-07-02 09:25:00+08:00,21.450000762939453,21.600000381469727,21.100000381469727,21.600000381469727,298545,0.0,0.0
2024-07-02 09:30:00+08:00,21.600000381469727,21.649999618530273,21.200000762939453,21.549999237060547,132665,0.0,0.0
2024-07-02 09:35:00+08:00,21.549999237060547,21.799999237060547,21.549999237060547,21.75,102252,0.0,0.0
2024-07-02 09:40:00+08:00,21.75,22.0,21.649999618530273,22.0,119868,0.0,0.0
2024-07-02 09:45:00+08:00,22.0,22.299999237060547,22.0,22.299999237060547,111581,0.0,0.0
2024-07-02 09:50:00+08:00,22.350000381469727,22.5,22.350000381469727,22.5,119573,0.0,0.0
2024-07-02 09:55:00+08:00,22.450000762939453,22.450000762939453,21.649999618530273,21.649999618530273,193060,0.0,0.0
2024-07-02 10:00:00+08:00,21.649999618530273,21.950000762939453,21.600000381469727,21.700000762939453,71443,0.0,0.0
2024-07-02 10:05:00+08:00,21.700000762939453,21.799999237060547,21.600000381469727,21.75,42000,0.0,0.0
2024-07-02 10:10:00+08:00,21.950000762939453,22.200000762939453,21.950000762939453,22.200000762939453,49580,0.0,0.0
2024-07-02 10:15:00+08:00,22.25,22.350000381469727,22.149999618530273,22.350000381469727,107690,0.0,0.0
2024-07-02 10:20:00+08:00,22.350000381469727,22.399999618530273,22.100000381469727,22.149999618530273,61937,0.0,0.0
2024-07-02 10:25:00+08:00,22.200000762939453,22.399999618530273,22.200000762939453,22.299999237060547,64961,0.0,0.0
2024-07-02 10:30:00+08:00,22.299999237060547,22.5,22.200000762939453,22.5,102221,0.0,0.0
2024-07-02 10:35:00+08:00,22.5,22.5,22.299999237060547,22.399999618530273,84800,0.0,0.0
2024-07-02 10:40:00+08:00,22.299999237060547,22.350000381469727,22.25,22.299999237060547,28597,0.0,0.0
2024-07-02 10:45:00+08:00,22.299999237060547,22.350000381469727,22.299999237060547,22.299999237060547,20657,0.0,0.0
2024-07-02 10:50:00+08:00,22.299999237060547,22.450000762939453,22.25,22.450000762939453,56140,0.0,0.0
2024-07-02 10:55:00+08:00,22.450000762939453,22.450000762939453,22.350000381469727,22.350000381469727,9400,0.0,0.0
2024-07-02 11:00:00+08:00,22.299999237060547,22.350000381469727,22.299999237060547,22.350000381469727,6312,0.0,0.0
2024-07-02 11:05:00+08:00,22.350000381469727,22.450000762939453,22.350000381469727,22.450000762939453,28751,0.0,0.0
2024-07-02 11:10:00+08:00,22.450000762939453,23.0,22.450000762939453,23.0,347943,0.0,0.0
2024-07-02 11:15:00+08:00,22.899999618530273,23.0,22.899999618530273,23.0,153610,0.0,0.0
2024-07-02 11:20:00+08:00,23.049999237060547,23.100000381469727,23.0,23.100000381469727,104103,0.0,0.0
2024-07-02 11:25:00+08:00,23.100000381469727,23.200000762939453,23.100000381469727,23.200000762939453,1294294,0.0,0.0
2024-07-02 11:30:00+08:00,23.200000762939453,23.200000762939453,23.200000762939453,23.200000762939453,96676,0.0,0.0
2024-07-02 11:35:00+08:00,23.200000762939453,23.200000762939453,23.200000762939453,23.200000762939453,35453,0.0,0.0
2024-07-02 11:40:00+08:00,23.200000762939453,23.200000762939453,23.200000762939453,23.200000762939453,10908,0.0,0.0
2024-07-02 11:45:00+08:00,23.200000762939453,23.200000762939453,23.200000762939453,23.200000762939453,21055,0.0,0.0
2024-07-02 11:50:00+08:00,23.200000762939453,23.200000762939453,23.200000762939453,23.200000762939453,22880,0.0,0.0
2024-07-02 11:55:00+08:00,23.200000762939453,23.200000762939453,23.200000762939453,23.200000762939453,15993,0.0,0.0
2024-07-02 12:00:00+08:00,23.200000762939453,23.200000762939453,23.200000762939453,23.200000762939453,17750,0.0,0.0
2024-07-02 12:05:00+08:00,23.200000762939453,23.200000762939453,23.200000762939453,23.200000762939453,21967,0.0,0.0
2024-07-02 12:10:00+08:00,23.200000762939453,23.200000762939453,23.200000762939453,23.200000762939453,3774,0.0,0.0
2024-07-02 12:15:00+08:00,23.200000762939453,23.200000762939453,23.200000762939453,23.200000762939453,2362,0.0,0.0
2024-07-02 12:20:00+08:00,23.200000762939453,23.200000762939453,23.200000762939453,23.200000762939453,54417,0.0,0.0
2024-07-02 12:25:00+08:00,23.200000762939453,23.200000762939453,23.200000762939453,23.200000762939453,11530,0.0,0.0
2024-07-02 12:30:00+08:00,23.200000762939453,23.200000762939453,23.200000762939453,23.200000762939453,4156,0.0,0.0
2024-07-02 12:35:00+08:00,23.200000762939453,23.200000762939453,23.200000762939453,23.200000762939453,10210,0.0,0.0
2024-07-02 12:40:00+08:00,23.200000762939453,23.200000762939453,23.200000762939453,23.200000762939453,9175,0.0,0.0
2024-07-02 12:45:00+08:00,23.200000762939453,23.200000762939453,23.200000762939453,23.200000762939453,3197,0.0,0.0
2024-07-02 12:55:00+08:00,23.200000762939453,23.200000762939453,23.200000762939453,23.200000762939453,2122,0.0,0.0
2024-07-02 13:00:00+08:00,23.200000762939453,23.200000762939453,23.200000762939453,23.200000762939453,57830,0.0,0.0
2024-07-02 13:05:00+08:00,23.200000762939453,23.200000762939453,23.200000762939453,23.200000762939453,2598,0.0,0.0
2024-07-02 13:10:00+08:00,23.200000762939453,23.200000762939453,23.200000762939453,23.200000762939453,39967,0.0,0.0
2024-07-02 13:15:00+08:00,23.200000762939453,23.200000762939453,23.200000762939453,23.200000762939453,6691,0.0,0.0
2024-07-02 13:20:00+08:00,23.200000762939453,23.200000762939453,23.200000762939453,23.200000762939453,29881,0.0,0.0
2024-07-03 09:00:00+08:00,24.5,24.600000381469727,23.700000762939453,24.25,1133000,0.0,0.0
2024-07-03 09:05:00+08:00,24.25,24.899999618530273,24.200000762939453,24.899999618530273,413000,0.0,0.0
2024-07-03 09:10:00+08:00,25.5,25.5,25.5,25.5,950690,0.0,0.0
2024-07-03 09:15:00+08:00,25.5,25.5,25.5,25.5,41084,0.0,0.0
2024-07-03 09:20:00+08:00,25.5,25.5,25.5,25.5,34809,0.0,0.0
2024-07-03 09:25:00+08:00,25.5,25.5,25.5,25.5,31801,0.0,0.0
2024-07-03 09:30:00+08:00,25.5,25.5,25.5,25.5,8713,0.0,0.0
2024-07-03 09:35:00+08:00,25.5,25.5,25.5,25.5,4153,0.0,0.0
2024-07-03 09:40:00+08:00,25.5,25.5,25.5,25.5,37132,0.0,0.0
2024-07-03 09:45:00+08:00,25.5,25.5,25.5,25.5,18130,0.0,0.0
2024-07-03 09:50:00+08:00,25.5,25.5,25.5,25.5,24383,0.0,0.0
2024-07-03 09:55:00+08:00,25.5,25.5,25.5,25.5,7081,0.0,0.0
2024-07-03 10:00:00+08:00,25.5,25.5,25.5,25.5,5108,0.0,0.0
2024-07-03 10:05:00+08:00,25.5,25.5,25.5,25.5,5596,0.0,0.0
2024-07-03 10:10:00+08:00,25.5,25.5,25.5,25.5,99158,0.0,0.0
2024-07-03 10:15:00+08:00,25.5,25.5,25.5,25.5,4415,0.0,0.0
2024-07-03 10:20:00+08:00,25.5,25.5,25.5,25.5,96100,0.0,0.0
2024-07-03 10:25:00+08:00,25.5,25.5,25.5,25.5,10906,0.0,0.0
2024-07-03 10:30:00+08:00,25.5,25.5,25.5,25.5,2176,0.0,0.0
2024-07-03 10:35:00+08:00,25.5,25.5,25.5,25.5,1950,0.0,0.0
2024-07-03 10:40:00+08:00,25.5,25.5,25.5,25.5,1650,0.0,0.0
2024-07-03 10:45:00+08:00,25.5,25.5,25.5,25.5,3232,0.0,0.0
2024-07-03 10:55:00+08:00,25.5,25.5,25.5,25.5,3355,0.0,0.0
2024-07-03 11:00:00+08:00,25.5,25.5,25.5,25.5,15372,0.0,0.0
2024-07-03 11:05:00+08:00,25.5,25.5,25.5,25.5,5838,0.0,0.0
2024-07-03 11:10:00+08:00,25.5,25.5,25.5,25.5,13550,0.0,0.0
2024-07-03 11:15:00+08:00,25.5,25.5,25.5,25.5,7986,0.0,0.0
2024-07-03 11:20:00+08:00,25.5,25.5,25.5,25.5,14080,0.0,0.0
2024-07-03 11:30:00+08:00,25.5,25.5,25.5,25.5,8331,0.0,0.0
2024-07-03 11:35:00+08:00,25.5,25.5,25.5,25.5,7581,0.0,0.0
2024-07-03 11:40:00+08:00,25.5,25.5,25.5,25.5,3350,0.0,0.0
2024-07-03 11:45:00+08:00,25.5,25.5,25.5,25.5,2300,0.0,0.0
2024-07-03 11:50:00+08:00,25.5,25.5,25.5,25.5,2350,0.0,0.0
2024-07-03 11:55:00+08:00,25.5,25.5,25.5,25.5,5301,0.0,0.0
2024-07-03 12:00:00+08:00,25.5,25.5,25.5,25.5,1715,0.0,0.0
2024-07-03 12:05:00+08:00,25.5,25.5,25.5,25.5,9393,0.0,0.0
2024-07-03 12:15:00+08:00,25.5,25.5,25.5,25.5,1935,0.0,0.0
2024-07-03 12:25:00+08:00,25.5,25.5,25.5,25.5,1503,0.0,0.0
2024-07-03 12:30:00+08:00,25.5,25.5,25.5,25.5,6300,0.0,0.0
2024-07-03 12:40:00+08:00,25.5,25.5,25.5,25.5,10580,0.0,0.0
2024-07-03 12:45:00+08:00,25.5,25.5,25.5,25.5,2150,0.0,0.0
2024-07-03 12:50:00+08:00,25.5,25.5,25.5,25.5,2290,0.0,0.0
2024-07-03 12:55:00+08:00,25.5,25.5,25.5,25.5,6355,0.0,0.0
2024-07-03 13:00:00+08:00,25.5,25.5,25.5,25.5,7300,0.0,0.0
2024-07-03 13:05:00+08:00,25.5,25.5,25.5,25.5,7054,0.0,0.0
2024-07-03 13:10:00+08:00,25.5,25.5,25.5,25.5,10347,0.0,0.0
2024-07-03 13:15:00+08:00,25.5,25.5,25.5,25.5,9442,0.0,0.0
2024-07-03 13:20:00+08:00,25.5,25.5,25.5,25.5,30489,0.0,0.0
2024-07-04 09:00:00+08:00,28.049999237060547,28.049999237060547,28.049999237060547,28.049999237060547,892000,0.0,0.0
2024-07-04 09:05:00+08:00,28.049999237060547,28.049999237060547,28.049999237060547,28.049999237060547,85127,0.0,0.0
2024-07-04 09:10:00+08:00,28.049999237060547,28.049999237060547,28.049999237060547,28.049999237060547,35082,0.0,0.0
2024-07-04 09:15:00+08:00,28.049999237060547,28.049999237060547,28.049999237060547,28.049999237060547,18029,0.0,0.0
2024-07-04 09:20:00+08:00,28.049999237060547,28.049999237060547,28.049999237060547,28.049999237060547,9600,0.0,0.0
2024-07-04 09:25:00+08:00,28.049999237060547,28.049999237060547,28.049999237060547,28.049999237060547,31556,0.0,0.0
2024-07-04 09:30:00+08:00,28.049999237060547,28.049999237060547,28.049999237060547,28.049999237060547,9538,0.0,0.0
2024-07-04 09:35:00+08:00,28.049999237060547,28.049999237060547,28.049999237060547,28.049999237060547,33500,0.0,0.0
2024-07-04 09:40:00+08:00,28.049999237060547,28.049999237060547,28.049999237060547,28.049999237060547,3438,0.0,0.0
2024-07-04 09:50:00+08:00,28.049999237060547,28.049999237060547,28.049999237060547,28.049999237060547,1000,0.0,0.0
2024-07-04 09:55:00+08:00,28.049999237060547,28.049999237060547,28.049999237060547,28.049999237060547,8860,0.0,0.0
2024-07-04 10:05:00+08:00,28.049999237060547,28.049999237060547,28.049999237060547,28.049999237060547,10005,0.0,0.0
2024-07-04 10:10:00+08:00,28.049999237060547,28.049999237060547,28.049999237060547,28.049999237060547,2581,0.0,0.0
2024-07-04 10:15:00+08:00,28.049999237060547,28.049999237060547,28.049999237060547,28.049999237060547,20167,0.0,0.0
2024-07-04 10:20:00+08:00,28.049999237060547,28.049999237060547,28.049999237060547,28.049999237060547,21605,0.0,0.0
2024-07-04 10:25:00+08:00,28.049999237060547,28.049999237060547,28.049999237060547,28.049999237060547,53220,0.0,0.0
2024-07-04 10:30:00+08:00,28.049999237060547,28.049999237060547,28.049999237060547,28.049999237060547,1215,0.0,0.0
2024-07-04 10:35:00+08:00,28.049999237060547,28.049999237060547,28.049999237060547,28.049999237060547,7100,0.0,0.0
2024-07-04 10:40:00+08:00,28.049999237060547,28.049999237060547,28.049999237060547,28.049999237060547,8973,0.0,0.0
2024-07-04 10:45:00+08:00,28.049999237060547,28.049999237060547,28.049999237060547,28.049999237060547,1475,0.0,0.0
2024-07-04 10:50:00+08:00,28.049999237060547,28.049999237060547,28.049999237060547,28.049999237060547,2320,0.0,0.0
2024-07-04 10:55:00+08:00,28.049999237060547,28.049999237060547,28.049999237060547,28.049999237060547,2590,0.0,0.0
2024-07-04 11:00:00+08:00,28.049999237060547,28.049999237060547,28.049999237060547,28.049999237060547,4385,0.0,0.0
2024-07-04 11:05:00+08:00,28.049999237060547,28.049999237060547,28.049999237060547,28.049999237060547,2624,0.0,0.0
2024-07-04 11:10:00+08:00,28.049999237060547,28.049999237060547,28.049999237060547,28.049999237060547,1781,0.0,0.0
2024-07-04 11:15:00+08:00,28.049999237060547,28.049999237060547,28.049999237060547,28.049999237060547,2477,0.0,0.0
2024-07-04 11:20:00+08:00,28.049999237060547,28.049999237060547,28.049999237060547,28.049999237060547,9050,0.0,0.0
2024-07-04 11:25:00+08:00,28.049999237060547,28.049999237060547,28.049999237060547,28.049999237060547,2032,0.0,0.0
2024-07-04 11:30:00+08:00,28.049999237060547,28.049999237060547,28.049999237060547,28.049999237060547,2842,0.0,0.0
2024-07-04 11:35:00+08:00,28.049999237060547,28.049999237060547,28.049999237060547,28.049999237060547,124344,0.0,0.0
2024-07-04 11:40:00+08:00,28.049999237060547,28.049999237060547,28.049999237060547,28.049999237060547,1760,0.0,0.0
2024-07-04 11:45:00+08:00,28.049999237060547,28.049999237060547,28.049999237060547,28.049999237060547,33578,0.0,0.0
2024-07-04 11:50:00+08:00,28.049999237060547,28.049999237060547,28.049999237060547,28.049999237060547,7162,0.0,0.0
2024-07-04 11:55:00+08:00,28.049999237060547,28.049999237060547,28.049999237060547,28.049999237060547,3859,0.0,0.0
2024-07-04 12:00:00+08:00,28.049999237060547,28.049999237060547,28.049999237060547,28.049999237060547,2320,0.0,0.0
2024-07-04 12:05:00+08:00,28.049999237060547,28.049999237060547,28.049999237060547,28.049999237060547,2000,0.0,0.0
2024-07-04 12:10:00+08:00,28.049999237060547,28.049999237060547,28.049999237060547,28.049999237060547,14624,0.0,0.0
2024-07-04 12:20:00+08:00,28.049999237060547,28.049999237060547,28.049999237060547,28.049999237060547,1100,0.0,0.0
2024-07-04 12:25:00+08:00,28.049999237060547,28.049999237060547,28.049999237060547,28.049999237060547,3220,0.0,0.0
2024-07-04 12:30:00+08:00,28.049999237060547,28.049999237060547,28.049999237060547,28.049999237060547,12305,0.0,0.0
2024-07-04 12:35:00+08:00,28.049999237060547,28.049999237060547,28.049999237060547,28.049999237060547,11040,0.0,0.0
2024-07-04 12:40:00+08:00,28.049999237060547,28.049999237060547,28.049999237060547,28.049999237060547,106305,0.0,0.0
2024-07-04 12:45:00+08:00,28.049999237060547,28.049999237060547,28.049999237060547,28.049999237060547,3068,0.0,0.0
2024-07-04 12:50:00+08:00,28.049999237060547,28.049999237060547,28.049999237060547,28.049999237060547,57263,0.0,0.0
2024-07-04 12:55:00+08:00,28.049999237060547,28.049999237060547,28.049999237060547,28.049999237060547,1000,0.0,0.0
2024-07-04 13:00:00+08:00,28.049999237060547,28.049999237060547,28.049999237060547,28.049999237060547,3100,0.0,0.0
2024-07-04 13:05:00+08:00,28.049999237060547,28.049999237060547,28.049999237060547,28.049999237060547,23295,0.0,0.0
2024-07-04 13:10:00+08:00,28.049999237060547,28.049999237060547,28.049999237060547,28.049999237060547,30180,0.0,0.0
2024-07-04 13:15:00+08:00,28.049999237060547,28.049999237060547,28.049999237060547,28.049999237060547,17821,0.0,0.0
2024-07-04 13:20:00+08:00,28.049999237060547,28.049999237060547,28.049999237060547,28.049999237060547,1358,0.0,0.0
2024-07-05 09:00:00+08:00,30.700000762939453,30.700000762939453,28.399999618530273,29.0,2011126,0.0,0.0
2024-07-05 09:05:00+08:00,29.100000381469727,30.5,29.100000381469727,30.5,1082000,0.0,0.0
2024-07-05 09:10:00+08:00,30.5,30.5,29.399999618530273,29.399999618530273,707115,0.0,0.0
2024-07-05 09:15:00+08:00,29.0,29.649999618530273,29.0,29.649999618530273,601608,0.0,0.0
2024-07-05 09:20:00+08:00,29.549999237060547,30.25,29.5,30.200000762939453,368891,0.0,0.0
2024-07-05 09:25:00+08:00,30.200000762939453,30.850000381469727,30.200000762939453,30.850000381469727,426107,0.0,0.0
2024-07-05 09:30:00+08:00,30.850000381469727,30.850000381469727,30.649999618530273,30.75,355933,0.0,0.0
2024-07-05 09:35:00+08:00,30.75,30.799999237060547,30.649999618530273,30.75,203708,0.0,0.0
2024-07-05 09:40:00+08:00,30.799999237060547,30.799999237060547,30.700000762939453,30.799999237060547,154815,0.0,0.0
2024-07-05 09:45:00+08:00,30.799999237060547,30.799999237060547,30.700000762939453,30.75,112372,0.0,0.0
2024-07-05 09:50:00+08:00,30.75,30.850000381469727,30.700000762939453,30.850000381469727,580071,0.0,0.0
2024-07-05 09:55:00+08:00,30.799999237060547,30.850000381469727,30.700000762939453,30.799999237060547,156308,0.0,0.0
2024-07-05 10:00:00+08:00,30.799999237060547,30.850000381469727,30.700000762939453,30.850000381469727,206534,0.0,0.0
2024-07-05 10:05:00+08:00,30.799999237060547,30.850000381469727,30.799999237060547,30.799999237060547,109223,0.0,0.0
2024-07-05 10:10:00+08:00,30.799999237060547,30.850000381469727,30.700000762939453,30.799999237060547,137562,0.0,0.0
2024-07-05 10:15:00+08:00,30.799999237060547,30.850000381469727,30.75,30.799999237060547,201400,0.0,0.0
2024-07-05 10:20:00+08:00,30.799999237060547,30.850000381469727,30.75,30.799999237060547,81390,0.0,0.0
2024-07-05 10:25:00+08:00,30.799999237060547,30.850000381469727,30.700000762939453,30.75,199508,0.0,0.0
2024-07-05 10:30:00+08:00,30.75,30.799999237060547,30.649999618530273,30.75,71536,0.0,0.0
2024-07-05 10:35:00+08:00,30.799999237060547,30.799999237060547,30.700000762939453,30.799999237060547,113566,0.0,0.0
2024-07-05 10:40:00+08:00,30.799999237060547,30.799999237060547,30.649999618530273,30.649999618530273,71210,0.0,0.0
2024-07-05 10:45:00+08:00,30.700000762939453,30.700000762939453,30.649999618530273,30.700000762939453,35045,0.0,0.0
2024-07-05 10:50:00+08:00,30.649999618530273,30.700000762939453,30.25,30.25,175796,0.0,0.0
2024-07-05 10:55:00+08:00,30.25,30.5,29.5,30.299999237060547,332997,0.0,0.0
2024-07-05 11:00:00+08:00,30.5,30.600000381469727,30.350000381469727,30.450000762939453,52621,0.0,0.0
2024-07-05 11:05:00+08:00,30.450000762939453,30.600000381469727,30.450000762939453,30.5,62552,0.0,0.0
2024-07-05 11:10:00+08:00,30.450000762939453,30.450000762939453,30.200000762939453,30.200000762939453,84255,0.0,0.0
2024-07-05 11:15:00+08:00,30.200000762939453,30.200000762939453,29.25,29.799999237060547,296684,0.0,0.0
2024-07-05 11:20:00+08:00,29.799999237060547,30.0,29.399999618530273,29.600000381469727,196296,0.0,0.0
2024-07-05 11:25:00+08:00,29.649999618530273,29.850000381469727,29.600000381469727,29.799999237060547,95334,0.0,0.0
2024-07-05 11:30:00+08:00,29.799999237060547,30.049999237060547,29.799999237060547,30.049999237060547,90700,0.0,0.0
2024-07-05 11:35:00+08:00,30.049999237060547,30.100000381469727,29.600000381469727,30.0,171206,0.0,0.0
2024-07-05 11:40:00+08:00,30.0,30.0,29.899999618530273,29.899999618530273,110278,0.0,0.0
2024-07-05 11:45:00+08:00,29.899999618530273,30.0,29.899999618530273,30.0,45050,0.0,0.0
2024-07-05 11:50:00+08:00,29.950000762939453,30.0,29.950000762939453,30.0,109074,0.0,0.0
2024-07-05 11:55:00+08:00,30.0,30.200000762939453,30.0,30.200000762939453,55079,0.0,0.0
2024-07-05 12:00:00+08:00,30.200000762939453,30.299999237060547,30.149999618530273,30.25,104332,0.0,0.0
2024-07-05 12:05:00+08:00,30.25,30.25,30.200000762939453,30.200000762939453,44527,0.0,0.0
2024-07-05 12:10:00+08:00,30.200000762939453,30.200000762939453,30.149999618530273,30.149999618530273,62278,0.0,0.0
2024-07-05 12:15:00+08:00,30.149999618530273,30.25,30.149999618530273,30.25,39155,0.0,0.0
2024-07-05 12:20:00+08:00,30.299999237060547,30.350000381469727,30.299999237060547,30.299999237060547,37003,0.0,0.0
2024-07-05 12:25:00+08:00,30.25,30.299999237060547,30.100000381469727,30.100000381469727,59710,0.0,0.0
2024-07-05 12:30:00+08:00,30.100000381469727,30.149999618530273,30.100000381469727,30.100000381469727,29409,0.0,0.0
2024-07-05 12:35:00+08:00,30.100000381469727,30.200000762939453,30.100000381469727,30.200000762939453,45171,0.0,0.0
2024-07-05 12:40:00+08:00,30.25,30.350000381469727,30.200000762939453,30.299999237060547,56434,0.0,0.0
2024-07-05 12:45:00+08:00,30.299999237060547,30.299999237060547,30.25,30.25,19101,0.0,0.0
2024-07-05 12:50:00+08:00,30.25,30.299999237060547,30.149999618530273,30.200000762939453,70200,0.0,0.0
2024-07-05 12:55:00+08:00,30.200000762939453,30.25,30.049999237060547,30.100000381469727,84200,0.0,0.0
2024-07-05 13:00:00+08:00,30.100000381469727,30.149999618530273,30.049999237060547,30.100000381469727,31000,0.0,0.0
2024-07-05 13:05:00+08:00,30.100000381469727,30.100000381469727,29.899999618530273,30.0,173080,0.0,0.0
2024-07-05 13:10:00+08:00,30.0,30.0,29.700000762939453,30.0,118880,0.0,0.0
2024-07-05 13:15:00+08:00,30.0,30.100000381469727,29.700000762939453,30.0,96692,0.0,0.0
2024-07-05 13:20:00+08:00,30.0,30.25,29.950000762939453,30.25,61183,0.0,0.0
2024-07-08 09:00:00+08:00,29.100000381469727,29.100000381469727,29.100000381469727,29.100000381469727,0,0.0,0.0
2024-07-08 09:05:00+08:00,28.200000762939453,28.200000762939453,28.200000762939453,28.200000762939453,321425,0.0,0.0
2024-07-08 09:10:00+08:00,28.0,28.0,28.0,28.0,448402,0.0,0.0
2024-07-08 09:15:00+08:00,28.0,28.0,28.0,28.0,298349,0.0,0.0
2024-07-08 09:20:00+08:00,28.350000381469727,28.350000381469727,28.350000381469727,28.350000381469727,129958,0.0,0.0
2024-07-08 09:25:00+08:00,28.450000762939453,28.450000762939453,28.450000762939453,28.450000762939453,117434,0.0,0.0
2024-07-08 09:30:00+08:00,28.5,28.5,28.5,28.5,62640,0.0,0.0
2024-07-08 09:35:00+08:00,28.600000381469727,28.600000381469727,28.600000381469727,28.600000381469727,38512,0.0,0.0
2024-07-08 09:40:00+08:00,28.549999237060547,28.549999237060547,28.549999237060547,28.549999237060547,50354,0.0,0.0
2024-07-08 09:45:00+08:00,28.5,28.5,28.5,28.5,70710,0.0,0.0
2024-07-08 09:50:00+08:00,28.5,28.5,28.5,28.5,73421,0.0,0.0
2024-07-08 09:55:00+08:00,28.450000762939453,28.450000762939453,28.450000762939453,28.450000762939453,77000,0.0,0.0
2024-07-08 10:00:00+08:00,28.350000381469727,28.350000381469727,28.350000381469727,28.350000381469727,61964,0.0,0.0
2024-07-08 10:05:00+08:00,28.299999237060547,28.299999237060547,28.299999237060547,28.299999237060547,52496,0.0,0.0
2024-07-08 10:10:00+08:00,28.0,28.0,28.0,28.0,147756,0.0,0.0
2024-07-08 10:15:00+08:00,28.049999237060547,28.049999237060547,28.049999237060547,28.049999237060547,48194,0.0,0.0
2024-07-08 10:20:00+08:00,28.0,28.0,28.0,28.0,101019,0.0,0.0
2024-07-08 10:25:00+08:00,28.0,28.0,28.0,28.0,99498,0.0,0.0
2024-07-08 10:30:00+08:00,27.950000762939453,27.950000762939453,27.950000762939453,27.950000762939453,81556,0.0,0.0
2024-07-08 10:35:00+08:00,27.850000381469727,27.850000381469727,27.850000381469727,27.850000381469727,109995,0.0,0.0
2024-07-08 10:40:00+08:00,27.5,27.5,27.5,27.5,153388,0.0,0.0
2024-07-08 10:45:00+08:00,27.350000381469727,27.350000381469727,27.350000381469727,27.350000381469727,179300,0.0,0.0
2024-07-08 10:50:00+08:00,27.350000381469727,27.350000381469727,27.350000381469727,27.350000381469727,210410,0.0,0.0
2024-07-08 10:55:00+08:00,27.399999618530273,27.399999618530273,27.399999618530273,27.399999618530273,131510,0.0,0.0
2024-07-08 11:00:00+08:00,27.399999618530273,27.399999618530273,27.399999618530273,27.399999618530273,129424,0.0,0.0
2024-07-08 11:05:00+08:00,27.399999618530273,27.399999618530273,27.399999618530273,27.399999618530273,38358,0.0,0.0
2024-07-08 11:10:00+08:00,27.399999618530273,27.399999618530273,27.399999618530273,27.399999618530273,66190,0.0,0.0
2024-07-08 11:15:00+08:00,27.399999618530273,27.399999618530273,27.399999618530273,27.399999618530273,36380,0.0,0.0
2024-07-08 11:20:00+08:00,27.450000762939453,27.450000762939453,27.450000762939453,27.450000762939453,15250,0.0,0.0
2024-07-08 11:25:00+08:00,27.450000762939453,27.450000762939453,27.450000762939453,27.450000762939453,17616,0.0,0.0
2024-07-08 11:30:00+08:00,27.5,27.5,27.5,27.5,18000,0.0,0.0
2024-07-08 11:35:00+08:00,27.549999237060547,27.549999237060547,27.549999237060547,27.549999237060547,47470,0.0,0.0
2024-07-08 11:40:00+08:00,27.549999237060547,27.549999237060547,27.549999237060547,27.549999237060547,14934,0.0,0.0
2024-07-08 11:45:00+08:00,27.549999237060547,27.549999237060547,27.549999237060547,27.549999237060547,21400,0.0,0.0
2024-07-08 11:50:00+08:00,27.75,27.75,27.75,27.75,12010,0.0,0.0
2024-07-08 11:55:00+08:00,27.75,27.75,27.75,27.75,30120,0.0,0.0
2024-07-08 12:00:00+08:00,27.75,27.75,27.75,27.75,15165,0.0,0.0
2024-07-08 12:05:00+08:00,27.75,27.75,27.75,27.75,8500,0.0,0.0
2024-07-08 12:10:00+08:00,27.75,27.75,27.75,27.75,15516,0.0,0.0
2024-07-08 12:15:00+08:00,27.75,27.75,27.75,27.75,40184,0.0,0.0
2024-07-08 12:20:00+08:00,27.75,27.75,27.75,27.75,22173,0.0,0.0
2024-07-08 12:25:00+08:00,27.75,27.75,27.75,27.75,7471,0.0,0.0
2024-07-08 12:30:00+08:00,27.700000762939453,27.700000762939453,27.700000762939453,27.700000762939453,45150,0.0,0.0
2024-07-08 12:35:00+08:00,27.700000762939453,27.700000762939453,27.700000762939453,27.700000762939453,29100,0.0,0.0
2024-07-08 12:40:00+08:00,27.700000762939453,27.700000762939453,27.700000762939453,27.700000762939453,17629,0.0,0.0
2024-07-08 12:45:00+08:00,27.649999618530273,27.649999618530273,27.649999618530273,27.649999618530273,19100,0.0,0.0
2024-07-08 12:50:00+08:00,27.649999618530273,27.649999618530273,27.649999618530273,27.649999618530273,29325,0.0,0.0
2024-07-08 12:55:00+08:00,27.600000381469727,27.600000381469727,27.600000381469727,27.600000381469727,47330,0.0,0.0
2024-07-08 13:00:00+08:00,27.549999237060547,27.549999237060547,27.549999237060547,27.549999237060547,56270,0.0,0.0
2024-07-08 13:05:00+08:00,27.549999237060547,27.549999237060547,27.549999237060547,27.549999237060547,26070,0.0,0.0
2024-07-08 13:10:00+08:00,27.5,27.5,27.5,27.5,58138,0.0,0.0
2024-07-08 13:15:00+08:00,27.5,27.5,27.5,27.5,56217,0.0,0.0
2024-07-08 13:20:00+08:00,27.5,27.5,27.5,27.5,34124,0.0,0.0
2024-07-09 09:00:00+08:00,26.549999237060547,26.549999237060547,26.549999237060547,26.549999237060547,108000,0.0,0.0
2024-07-09 09:05:00+08:00,26.100000381469727,26.100000381469727,26.100000381469727,26.100000381469727,134036,0.0,0.0
2024-07-09 09:10:00+08:00,25.5,25.5,25.5,25.5,222920,0.0,0.0
2024-07-09 09:15:00+08:00,25.100000381469727,25.100000381469727,25.100000381469727,25.100000381469727,182458,0.0,0.0
2024-07-09 09:20:00+08:00,25.0,25.0,25.0,25.0,399862,0.0,0.0
2024-07-09 09:25:00+08:00,24.899999618530273,24.899999618530273,24.899999618530273,24.899999618530273,191361,0.0,0.0
2024-07-09 09:30:00+08:00,24.799999237060547,24.799999237060547,24.799999237060547,24.799999237060547,170782,0.0,0.0
2024-07-09 09:35:00+08:00,24.75,24.75,24.75,24.75,210923,0.0,0.0
2024-07-09 09:40:00+08:00,24.75,24.75,24.75,24.75,240217,0.0,0.0
2024-07-09 09:45:00+08:00,24.75,24.75,24.75,24.75,92695,0.0,0.0
2024-07-09 09:50:00+08:00,24.75,24.75,24.75,24.75,79099,0.0,0.0
2024-07-09 09:55:00+08:00,24.75,24.75,24.75,24.75,195841,0.0,0.0
2024-07-09 10:00:00+08:00,24.75,24.75,24.75,24.75,18487,0.0,0.0
2024-07-09 10:05:00+08:00,24.75,24.75,24.75,24.75,12352,0.0,0.0
2024-07-09 10:10:00+08:00,24.75,24.75,24.75,24.75,13212,0.0,0.0
2024-07-09 10:15:00+08:00,24.75,24.75,24.75,24.75,7050,0.0,0.0
2024-07-09 10:20:00+08:00,24.75,24.75,24.75,24.75,37040,0.0,0.0
2024-07-09 10:25:00+08:00,24.75,24.75,24.75,24.75,19415,0.0,0.0
2024-07-09 10:30:00+08:00,24.75,24.75,24.75,24.75,21351,0.0,0.0
2024-07-09 10:35:00+08:00,24.75,24.75,24.75,24.75,14599,0.0,0.0
2024-07-09 10:40:00+08:00,24.75,24.75,24.75,24.75,18710,0.0,0.0
2024-07-09 10:45:00+08:00,24.75,24.75,24.75,24.75,9100,0.0,0.0
2024-07-09 10:50:00+08:00,24.75,24.75,24.75,24.75,22300,0.0,0.0
2024-07-09 10:55:00+08:00,24.75,24.75,24.75,24.75,4200,0.0,0.0
2024-07-09 11:00:00+08:00,24.75,24.75,24.75,24.75,19000,0.0,0.0
2024-07-09 11:05:00+08:00,24.75,24.75,24.75,24.75,2810,0.0,0.0
2024-07-09 11:10:00+08:00,24.75,24.75,24.75,24.75,16109,0.0,0.0
2024-07-09 11:15:00+08:00,24.75,24.75,24.75,24.75,7391,0.0,0.0
2024-07-09 11:20:00+08:00,24.75,24.75,24.75,24.75,10431,0.0,0.0
2024-07-09 11:25:00+08:00,24.75,24.75,24.75,24.75,14131,0.0,0.0
2024-07-09 11:30:00+08:00,24.75,24.75,24.75,24.75,6000,0.0,0.0
2024-07-09 11:35:00+08:00,24.75,24.75,24.75,24.75,9245,0.0,0.0
2024-07-09 11:40:00+08:00,24.75,24.75,24.75,24.75,8020,0.0,0.0
2024-07-09 11:45:00+08:00,24.75,24.75,24.75,24.75,12101,0.0,0.0
2024-07-09 11:50:00+08:00,24.75,24.75,24.75,24.75,8268,0.0,0.0
2024-07-09 11:55:00+08:00,24.75,24.75,24.75,24.75,9121,0.0,0.0
2024-07-09 12:00:00+08:00,24.75,24.75,24.75,24.75,4727,0.0,0.0
2024-07-09 12:05:00+08:00,24.75,24.75,24.75,24.75,10500,0.0,0.0
2024-07-09 12:10:00+08:00,24.75,24.75,24.75,24.75,19000,0.0,0.0
2024-07-09 12:15:00+08:00,24.75,24.75,24.75,24.75,10100,0.0,0.0
2024-07-09 12:20:00+08:00,24.75,24.75,24.75,24.75,9111,0.0,0.0
2024-07-09 12:25:00+08:00,24.75,24.75,24.75,24.75,11020,0.0,0.0
2024-07-09 12:30:00+08:00,24.75,24.75,24.75,24.75,12595,0.0,0.0
2024-07-09 12:35:00+08:00,24.75,24.75,24.75,24.75,22000,0.0,0.0
2024-07-09 12:40:00+08:00,24.75,24.75,24.75,24.75,6020,0.0,0.0
2024-07-09 12:45:00+08:00,24.75,24.75,24.75,24.75,210320,0.0,0.0
2024-07-09 12:50:00+08:00,24.899999618530273,24.899999618530273,24.899999618530273,24.899999618530273,159067,0.0,0.0
2024-07-09 12:55:00+08:00,25.0,25.0,25.0,25.0,76410,0.0,0.0
2024-07-09 13:00:00+08:00,25.149999618530273,25.149999618530273,25.149999618530273,25.149999618530273,38000,0.0,0.0
2024-07-09 13:05:00+08:00,25.350000381469727,25.350000381469727,25.350000381469727,25.350000381469727,57875,0.0,0.0
2024-07-09 13:10:00+08:00,26.450000762939453,26.450000762939453,26.450000762939453,26.450000762939453,98370,0.0,0.0
2024-07-09 13:15:00+08:00,26.5,26.5,26.5,26.5,90092,0.0,0.0
2024-07-09 13:20:00+08:00,26.899999618530273,26.899999618530273,26.899999618530273,26.899999618530273,128452,0.0,0.0
2024-07-10 09:00:00+08:00,26.5,26.5,26.5,26.5,119000,0.0,0.0
2024-07-10 09:05:00+08:00,26.399999618530273,26.399999618530273,26.399999618530273,26.399999618530273,61972,0.0,0.0
2024-07-10 09:10:00+08:00,26.350000381469727,26.350000381469727,26.350000381469727,26.350000381469727,36650,0.0,0.0
2024-07-10 09:15:00+08:00,26.299999237060547,26.299999237060547,26.299999237060547,26.299999237060547,37120,0.0,0.0
2024-07-10 09:20:00+08:00,26.149999618530273,26.149999618530273,26.149999618530273,26.149999618530273,35352,0.0,0.0
2024-07-10 09:25:00+08:00,26.299999237060547,26.299999237060547,26.299999237060547,26.299999237060547,60674,0.0,0.0
2024-07-10 09:30:00+08:00,26.5,26.5,26.5,26.5,38400,0.0,0.0
2024-07-10 09:35:00+08:00,27.0,27.0,27.0,27.0,63320,0.0,0.0
2024-07-10 09:40:00+08:00,27.049999237060547,27.049999237060547,27.049999237060547,27.049999237060547,46520,0.0,0.0
2024-07-10 09:45:00+08:00,27.25,27.25,27.25,27.25,33829,0.0,0.0
2024-07-10 09:50:00+08:00,27.5,27.5,27.5,27.5,96563,0.0,0.0
2024-07-10 09:55:00+08:00,27.399999618530273,27.399999618530273,27.399999618530273,27.399999618530273,163029,0.0,0.0
2024-07-10 10:00:00+08:00,27.0,27.0,27.0,27.0,118134,0.0,0.0
2024-07-10 10:05:00+08:00,26.799999237060547,26.799999237060547,26.799999237060547,26.799999237060547,37000,0.0,0.0
2024-07-10 10:10:00+08:00,26.799999237060547,26.799999237060547,26.799999237060547,26.799999237060547,30556,0.0,0.0
2024-07-10 10:15:00+08:00,27.0,27.0,27.0,27.0,66312,0.0,0.0
2024-07-10 10:20:00+08:00,27.0,27.0,27.0,27.0,111288,0.0,0.0
2024-07-10 10:25:00+08:00,27.350000381469727,27.350000381469727,27.350000381469727,27.350000381469727,45100,0.0,0.0
2024-07-10 10:30:00+08:00,27.0,27.0,27.0,27.0,45000,0.0,0.0
2024-07-10 10:35:00+08:00,26.950000762939453,26.950000762939453,26.950000762939453,26.950000762939453,13000,0.0,0.0
2024-07-10 10:40:00+08:00,26.700000762939453,26.700000762939453,26.700000762939453,26.700000762939453,75060,0.0,0.0
2024-07-10 10:45:00+08:00,26.799999237060547,26.799999237060547,26.799999237060547,26.799999237060547,1038,0.0,0.0
2024-07-10 10:50:00+08:00,27.0,27.0,27.0,27.0,16409,0.0,0.0
2024-07-10 10:55:00+08:00,26.700000762939453,26.700000762939453,26.700000762939453,26.700000762939453,57018,0.0,0.0
2024-07-10 11:00:00+08:00,26.75,26.75,26.75,26.75,4100,0.0,0.0
2024-07-10 11:05:00+08:00,26.75,26.75,26.75,26.75,10098,0.0,0.0
2024-07-10 11:10:00+08:00,26.75,26.75,26.75,26.75,19000,0.0,0.0
2024-07-10 11:15:00+08:00,26.75,26.75,26.75,26.75,29210,0.0,0.0
2024-07-10 11:20:00+08:00,26.75,26.75,26.75,26.75,0,0.0,0.0
2024-07-10 11:25:00+08:00,26.799999237060547,26.799999237060547,26.799999237060547,26.799999237060547,1478773,0.0,0.0
2024-07-10 11:30:00+08:00,26.899999618530273,26.899999618530273,26.899999618530273,26.899999618530273,5512,0.0,0.0
2024-07-10 11:35:00+08:00,26.899999618530273,26.899999618530273,26.899999618530273,26.899999618530273,9800,0.0,0.0
2024-07-10 11:40:00+08:00,26.850000381469727,26.850000381469727,26.850000381469727,26.850000381469727,7300,0.0,0.0
2024-07-10 11:45:00+08:00,26.899999618530273,26.899999618530273,26.899999618530273,26.899999618530273,8498,0.0,0.0
2024-07-10 11:50:00+08:00,27.0,27.0,27.0,27.0,61242,0.0,0.0
2024-07-10 11:55:00+08:00,27.299999237060547,27.299999237060547,27.299999237060547,27.299999237060547,25258,0.0,0.0
2024-07-10 12:00:00+08:00,27.299999237060547,27.299999237060547,27.299999237060547,27.299999237060547,23167,0.0,0.0
2024-07-10 12:05:00+08:00,27.450000762939453,27.450000762939453,27.450000762939453,27.450000762939453,75100,0.0,0.0
2024-07-10 12:10:00+08:00,27.450000762939453,27.450000762939453,27.450000762939453,27.450000762939453,19020,0.0,0.0
2024-07-10 12:15:00+08:00,27.450000762939453,27.450000762939453,27.450000762939453,27.450000762939453,16601,0.0,0.0
2024-07-10 12:20:00+08:00,27.450000762939453,27.450000762939453,27.450000762939453,27.450000762939453,21000,0.0,0.0
2024-07-10 12:25:00+08:00,27.450000762939453,27.450000762939453,27.450000762939453,27.450000762939453,42000,0.0,0.0
2024-07-10 12:30:00+08:00,27.450000762939453,27.450000762939453,27.450000762939453,27.450000762939453,49050,0.0,0.0
2024-07-10 12:35:00+08:00,27.600000381469727,27.600000381469727,27.600000381469727,27.600000381469727,32605,0.0,0.0
2024-07-10 12:40:00+08:00,27.899999618530273,27.899999618530273,27.899999618530273,27.899999618530273,28405,0.0,0.0
2024-07-10 12:45:00+08:00,28.299999237060547,28.299999237060547,28.299999237060547,28.299999237060547,209000,0.0,0.0
2024-07-10 12:50:00+08:00,29.0,29.0,29.0,29.0,100216,0.0,0.0
2024-07-10 12:55:00+08:00,29.200000762939453,29.200000762939453,29.200000762939453,29.200000762939453,69392,0.0,0.0
2024-07-10 13:00:00+08:00,29.200000762939453,29.200000762939453,29.200000762939453,29.200000762939453,99506,0.0,0.0
2024-07-10 13:05:00+08:00,29.100000381469727,29.100000381469727,29.100000381469727,29.100000381469727,59750,0.0,0.0
2024-07-10 13:10:00+08:00,28.899999618530273,28.899999618530273,28.899999618530273,28.899999618530273,63085,0.0,0.0
2024-07-10 13:15:00+08:00,28.0,28.0,28.0,28.0,58239,0.0,0.0
2024-07-10 13:20:00+08:00,28.200000762939453,28.200000762939453,28.200000762939453,28.200000762939453,38801,0.0,0.0
2024-07-11 09:00:00+08:00,29.0,29.0,29.0,29.0,153000,0.0,0.0
2024-07-11 09:05:00+08:00,29.5,29.5,29.5,29.5,149296,0.0,0.0
2024-07-11 09:10:00+08:00,29.549999237060547,29.549999237060547,29.549999237060547,29.549999237060547,224449,0.0,0.0
2024-07-11 09:15:00+08:00,29.5,29.5,29.5,29.5,90950,0.0,0.0
2024-07-11 09:20:00+08:00,28.75,28.75,28.75,28.75,109300,0.0,0.0
2024-07-11 09:25:00+08:00,28.399999618530273,28.399999618530273,28.399999618530273,28.399999618530273,60567,0.0,0.0
2024-07-11 09:30:00+08:00,28.200000762939453,28.200000762939453,28.200000762939453,28.200000762939453,83124,0.0,0.0
2024-07-11 09:35:00+08:00,28.0,28.0,28.0,28.0,38600,0.0,0.0
2024-07-11 09:40:00+08:00,28.0,28.0,28.0,28.0,27500,0.0,0.0
2024-07-11 09:45:00+08:00,28.149999618530273,28.149999618530273,28.149999618530273,28.149999618530273,30200,0.0,0.0
2024-07-11 09:50:00+08:00,28.5,28.5,28.5,28.5,24154,0.0,0.0
2024-07-11 09:55:00+08:00,28.5,28.5,28.5,28.5,23999,0.0,0.0
2024-07-11 10:00:00+08:00,28.700000762939453,28.700000762939453,28.700000762939453,28.700000762939453,6999,0.0,0.0
2024-07-11 10:05:00+08:00,29.0,29.0,29.0,29.0,10012,0.0,0.0
2024-07-11 10:10:00+08:00,28.850000381469727,28.850000381469727,28.850000381469727,28.850000381469727,39845,0.0,0.0
2024-07-11 10:15:00+08:00,28.850000381469727,28.850000381469727,28.850000381469727,28.850000381469727,15051,0.0,0.0
2024-07-11 10:20:00+08:00,29.0,29.0,29.0,29.0,51014,0.0,0.0
2024-07-11 10:25:00+08:00,29.0,29.0,29.0,29.0,13060,0.0,0.0
2024-07-11 10:30:00+08:00,28.850000381469727,28.850000381469727,28.850000381469727,28.850000381469727,35360,0.0,0.0
2024-07-11 10:35:00+08:00,28.850000381469727,28.850000381469727,28.850000381469727,28.850000381469727,17780,0.0,0.0
2024-07-11 10:40:00+08:00,28.700000762939453,28.700000762939453,28.700000762939453,28.700000762939453,33000,0.0,0.0
2024-07-11 10:45:00+08:00,28.700000762939453,28.700000762939453,28.700000762939453,28.700000762939453,87400,0.0,0.0
2024-07-11 10:50:00+08:00,28.700000762939453,28.700000762939453,28.700000762939453,28.700000762939453,8034,0.0,0.0
2024-07-11 10:55:00+08:00,28.799999237060547,28.799999237060547,28.799999237060547,28.799999237060547,9109,0.0,0.0
2024-07-11 11:00:00+08:00,28.700000762939453,28.700000762939453,28.700000762939453,28.700000762939453,22200,0.0,0.0
2024-07-11 11:05:00+08:00,28.799999237060547,28.799999237060547,28.799999237060547,28.799999237060547,17001,0.0,0.0
2024-07-11 11:10:00+08:00,28.600000381469727,28.600000381469727,28.600000381469727,28.600000381469727,8000,0.0,0.0
2024-07-11 11:15:00+08:00,28.5,28.5,28.5,28.5,3000,0.0,0.0
2024-07-11 11:20:00+08:00,28.5,28.5,28.5,28.5,7213,0.0,0.0
2024-07-11 11:25:00+08:00,28.5,28.5,28.5,28.5,6000,0.0,0.0
2024-07-11 11:30:00+08:00,28.600000381469727,28.600000381469727,28.600000381469727,28.600000381469727,14493,0.0,0.0
2024-07-11 11:35:00+08:00,28.700000762939453,28.700000762939453,28.700000762939453,28.700000762939453,12007,0.0,0.0
2024-07-11 11:40:00+08:00,28.850000381469727,28.850000381469727,28.850000381469727,28.850000381469727,43819,0.0,0.0
2024-07-11 11:45:00+08:00,28.850000381469727,28.850000381469727,28.850000381469727,28.850000381469727,15493,0.0,0.0
2024-07-11 11:50:00+08:00,28.850000381469727,28.850000381469727,28.850000381469727,28.850000381469727,10340,0.0,0.0
2024-07-11 11:55:00+08:00,28.75,28.75,28.75,28.75,20000,0.0,0.0
2024-07-11 12:00:00+08:00,28.700000762939453,28.700000762939453,28.700000762939453,28.700000762939453,17000,0.0,0.0
2024-07-11 12:05:00+08:00,28.649999618530273,28.649999618530273,28.649999618530273,28.649999618530273,33000,0.0,0.0
2024-07-11 12:10:00+08:00,28.649999618530273,28.649999618530273,28.649999618530273,28.649999618530273,7013,0.0,0.0
2024-07-11 12:15:00+08:00,28.799999237060547,28.799999237060547,28.799999237060547,28.799999237060547,13037,0.0,0.0
2024-07-11 12:20:00+08:00,28.950000762939453,28.950000762939453,28.950000762939453,28.950000762939453,49379,0.0,0.0
2024-07-11 12:25:00+08:00,29.0,29.0,29.0,29.0,68000,0.0,0.0
2024-07-11 12:30:00+08:00,29.100000381469727,29.100000381469727,29.100000381469727,29.100000381469727,108900,0.0,0.0
2024-07-11 12:35:00+08:00,29.299999237060547,29.299999237060547,29.299999237060547,29.299999237060547,71328,0.0,0.0
2024-07-11 12:40:00+08:00,29.5,29.5,29.5,29.5,168398,0.0,0.0
2024-07-11 12:45:00+08:00,29.5,29.5,29.5,29.5,65959,0.0,0.0
2024-07-11 12:50:00+08:00,29.549999237060547,29.549999237060547,29.549999237060547,29.549999237060547,31865,0.0,0.0
2024-07-11 12:55:00+08:00,29.600000381469727,29.600000381469727,29.600000381469727,29.600000381469727,33100,0.0,0.0
2024-07-11 13:00:00+08:00,29.5,29.5,29.5,29.5,37201,0.0,0.0
2024-07-11 13:05:00+08:00,29.5,29.5,29.5,29.5,42650,0.0,0.0
2024-07-11 13:10:00+08:00,29.25,29.25,29.25,29.25,30092,0.0,0.0
2024-07-11 13:15:00+08:00,29.200000762939453,29.200000762939453,29.200000762939453,29.200000762939453,29565,0.0,0.0
2024-07-11 13:20:00+08:00,29.0,29.0,29.0,29.0,63100,0.0,0.0
2024-07-12 09:00:00+08:00,28.0,28.0,28.0,28.0,91000,0.0,0.0
2024-07-12 09:05:00+08:00,28.049999237060547,28.049999237060547,28.049999237060547,28.049999237060547,31999,0.0,0.0
2024-07-12 09:10:00+08:00,28.5,28.5,28.5,28.5,39809,0.0,0.0
2024-07-12 09:15:00+08:00,29.0,29.0,29.0,29.0,46700,0.0,0.0
2024-07-12 09:20:00+08:00,29.100000381469727,29.100000381469727,29.100000381469727,29.100000381469727,29409,0.0,0.0
2024-07-12 09:25:00+08:00,28.700000762939453,28.700000762939453,28.700000762939453,28.700000762939453,22101,0.0,0.0
2024-07-12 09:30:00+08:00,28.899999618530273,28.899999618530273,28.899999618530273,28.899999618530273,28356,0.0,0.0
2024-07-12 09:35:00+08:00,28.799999237060547,28.799999237060547,28.799999237060547,28.799999237060547,18000,0.0,0.0
2024-07-12 09:40:00+08:00,28.799999237060547,28.799999237060547,28.799999237060547,28.799999237060547,11928,0.0,0.0
2024-07-12 09:45:00+08:00,28.5,28.5,28.5,28.5,32172,0.0,0.0
2024-07-12 09:50:00+08:00,28.299999237060547,28.299999237060547,28.299999237060547,28.299999237060547,15092,0.0,0.0
2024-07-12 09:55:00+08:00,28.299999237060547,28.299999237060547,28.299999237060547,28.299999237060547,4952,0.0,0.0
2024-07-12 10:00:00+08:00,28.299999237060547,28.299999237060547,28.299999237060547,28.299999237060547,8003,0.0,0.0
2024-07-12 10:05:00+08:00,28.25,28.25,28.25,28.25,10004,0.0,0.0
2024-07-12 10:10:00+08:00,28.149999618530273,28.149999618530273,28.149999618530273,28.149999618530273,22400,0.0,0.0
2024-07-12 10:15:00+08:00,28.200000762939453,28.200000762939453,28.200000762939453,28.200000762939453,10500,0.0,0.0
2024-07-12 10:20:00+08:00,28.25,28.25,28.25,28.25,12059,0.0,0.0
2024-07-12 10:25:00+08:00,28.5,28.5,28.5,28.5,12354,0.0,0.0
2024-07-12 10:30:00+08:00,28.75,28.75,28.75,28.75,26218,0.0,0.0
2024-07-12 10:35:00+08:00,28.75,28.75,28.75,28.75,18000,0.0,0.0
2024-07-12 10:40:00+08:00,28.75,28.75,28.75,28.75,10002,0.0,0.0
2024-07-12 10:45:00+08:00,28.75,28.75,28.75,28.75,19039,0.0,0.0
2024-07-12 10:50:00+08:00,28.75,28.75,28.75,28.75,9001,0.0,0.0
2024-07-12 10:55:00+08:00,28.75,28.75,28.75,28.75,7230,0.0,0.0
2024-07-12 11:00:00+08:00,28.549999237060547,28.549999237060547,28.549999237060547,28.549999237060547,8300,0.0,0.0
2024-07-12 11:05:00+08:00,28.5,28.5,28.5,28.5,19000,0.0,0.0
2024-07-12 11:10:00+08:00,28.299999237060547,28.299999237060547,28.299999237060547,28.299999237060547,10100,0.0,0.0
2024-07-12 11:15:00+08:00,28.299999237060547,28.299999237060547,28.299999237060547,28.299999237060547,9100,0.0,0.0
2024-07-12 11:20:00+08:00,28.200000762939453,28.200000762939453,28.200000762939453,28.200000762939453,7000,0.0,0.0
2024-07-12 11:25:00+08:00,28.200000762939453,28.200000762939453,28.200000762939453,28.200000762939453,6000,0.0,0.0
2024-07-12 11:30:00+08:00,28.299999237060547,28.299999237060547,28.299999237060547,28.299999237060547,10000,0.0,0.0
2024-07-12 11:35:00+08:00,28.350000381469727,28.350000381469727,28.350000381469727,28.350000381469727,2000,0.0,0.0
2024-07-12 11:40:00+08:00,28.299999237060547,28.299999237060547,28.299999237060547,28.299999237060547,11991,0.0,0.0
2024-07-12 11:45:00+08:00,28.299999237060547,28.299999237060547,28.299999237060547,28.299999237060547,6000,0.0,0.0
2024-07-12 11:50:00+08:00,28.299999237060547,28.299999237060547,28.299999237060547,28.299999237060547,5000,0.0,0.0
2024-07-12 11:55:00+08:00,28.200000762939453,28.200000762939453,28.200000762939453,28.200000762939453,36090,0.0,0.0
2024-07-12 12:00:00+08:00,28.149999618530273,28.149999618530273,28.149999618530273,28.149999618530273,8070,0.0,0.0
2024-07-12 12:05:00+08:00,28.149999618530273,28.149999618530273,28.149999618530273,28.149999618530273,1100,0.0,0.0
2024-07-12 12:10:00+08:00,28.149999618530273,28.149999618530273,28.149999618530273,28.149999618530273,13070,0.0,0.0
2024-07-12 12:15:00+08:00,28.200000762939453,28.200000762939453,28.200000762939453,28.200000762939453,6485,0.0,0.0
2024-07-12 12:20:00+08:00,28.200000762939453,28.200000762939453,28.200000762939453,28.200000762939453,1108,0.0,0.0
2024-07-12 12:25:00+08:00,28.149999618530273,28.149999618530273,28.149999618530273,28.149999618530273,16139,0.0,0.0
2024-07-12 12:30:00+08:00,28.100000381469727,28.100000381469727,28.100000381469727,28.100000381469727,6600,0.0,0.0
2024-07-12 12:35:00+08:00,28.100000381469727,28.100000381469727,28.100000381469727,28.100000381469727,24220,0.0,0.0
2024-07-12 12:40:00+08:00,28.100000381469727,28.100000381469727,28.100000381469727,28.100000381469727,14090,0.0,0.0
2024-07-12 12:45:00+08:00,28.100000381469727,28.100000381469727,28.100000381469727,28.100000381469727,11880,0.0,0.0
2024-07-12 12:50:00+08:00,28.100000381469727,28.100000381469727,28.100000381469727,28.100000381469727,23160,0.0,0.0
2024-07-12 12:55:00+08:00,28.149999618530273,28.149999618530273,28.149999618530273,28.149999618530273,13026,0.0,0.0
2024-07-12 13:00:00+08:00,28.149999618530273,28.149999618530273,28.149999618530273,28.149999618530273,2030,0.0,0.0
2024-07-12 13:05:00+08:00,28.200000762939453,28.200000762939453,28.200000762939453,28.200000762939453,12129,0.0,0.0
2024-07-12 13:10:00+08:00,28.200000762939453,28.200000762939453,28.200000762939453,28.200000762939453,5005,0.0,0.0
2024-07-12 13:15:00+08:00,28.100000381469727,28.100000381469727,28.100000381469727,28.100000381469727,61100,0.0,0.0
2024-07-12 13:20:00+08:00,28.049999237060547,28.049999237060547,28.049999237060547,28.049999237060547,53129,0.0,0.0
2024-07-15 09:00:00+08:00,28.0,28.0,28.0,28.0,0,0.0,0.0
2024-07-15 09:05:00+08:00,27.899999618530273,27.899999618530273,27.899999618530273,27.899999618530273,16432,0.0,0.0
2024-07-15 09:10:00+08:00,27.600000381469727,27.600000381469727,27.600000381469727,27.600000381469727,30587,0.0,0.0
2024-07-15 09:15:00+08:00,27.450000762939453,27.450000762939453,27.450000762939453,27.450000762939453,25110,0.0,0.0
2024-07-15 09:20:00+08:00,27.299999237060547,27.299999237060547,27.299999237060547,27.299999237060547,25104,0.0,0.0
2024-07-15 09:25:00+08:00,27.0,27.0,27.0,27.0,54200,0.0,0.0
2024-07-15 09:30:00+08:00,27.0,27.0,27.0,27.0,37159,0.0,0.0
2024-07-15 09:35:00+08:00,26.899999618530273,26.899999618530273,26.899999618530273,26.899999618530273,19225,0.0,0.0
2024-07-15 09:40:00+08:00,26.899999618530273,26.899999618530273,26.899999618530273,26.899999618530273,19000,0.0,0.0
2024-07-15 09:45:00+08:00,26.850000381469727,26.850000381469727,26.850000381469727,26.850000381469727,19915,0.0,0.0
2024-07-15 09:50:00+08:00,26.600000381469727,26.600000381469727,26.600000381469727,26.600000381469727,60298,0.0,0.0
2024-07-15 09:55:00+08:00,26.399999618530273,26.399999618530273,26.399999618530273,26.399999618530273,45111,0.0,0.0
2024-07-15 10:00:00+08:00,26.5,26.5,26.5,26.5,50081,0.0,0.0
2024-07-15 10:05:00+08:00,26.5,26.5,26.5,26.5,86860,0.0,0.0
2024-07-15 10:10:00+08:00,26.649999618530273,26.649999618530273,26.649999618530273,26.649999618530273,21630,0.0,0.0
2024-07-15 10:15:00+08:00,26.950000762939453,26.950000762939453,26.950000762939453,26.950000762939453,21290,0.0,0.0
2024-07-15 10:20:00+08:00,27.0,27.0,27.0,27.0,43200,0.0,0.0
2024-07-15 10:25:00+08:00,27.0,27.0,27.0,27.0,34375,0.0,0.0
2024-07-15 10:30:00+08:00,27.200000762939453,27.200000762939453,27.200000762939453,27.200000762939453,20050,0.0,0.0
2024-07-15 10:35:00+08:00,27.299999237060547,27.299999237060547,27.299999237060547,27.299999237060547,34027,0.0,0.0
2024-07-15 10:40:00+08:00,27.299999237060547,27.299999237060547,27.299999237060547,27.299999237060547,14000,0.0,0.0
2024-07-15 10:45:00+08:00,27.350000381469727,27.350000381469727,27.350000381469727,27.350000381469727,8209,0.0,0.0
2024-07-15 10:50:00+08:00,27.399999618530273,27.399999618530273,27.399999618530273,27.399999618530273,12170,0.0,0.0
2024-07-15 10:55:00+08:00,27.399999618530273,27.399999618530273,27.399999618530273,27.399999618530273,7178,0.0,0.0
2024-07-15 11:00:00+08:00,27.5,27.5,27.5,27.5,11000,0.0,0.0
2024-07-15 11:05:00+08:00,27.600000381469727,27.600000381469727,27.600000381469727,27.600000381469727,14500,0.0,0.0
2024-07-15 11:10:00+08:00,27.600000381469727,27.600000381469727,27.600000381469727,27.600000381469727,4016,0.0,0.0
2024-07-15 11:15:00+08:00,27.450000762939453,27.450000762939453,27.450000762939453,27.450000762939453,12000,0.0,0.0
2024-07-15 11:20:00+08:00,27.5,27.5,27.5,27.5,3134,0.0,0.0
2024-07-15 11:25:00+08:00,27.549999237060547,27.549999237060547,27.549999237060547,27.549999237060547,21000,0.0,0.0
2024-07-15 11:30:00+08:00,27.600000381469727,27.600000381469727,27.600000381469727,27.600000381469727,4410,0.0,0.0
2024-07-15 11:35:00+08:00,27.600000381469727,27.600000381469727,27.600000381469727,27.600000381469727,9050,0.0,0.0
2024-07-15 11:40:00+08:00,27.549999237060547,27.549999237060547,27.549999237060547,27.549999237060547,3193,0.0,0.0
2024-07-15 11:45:00+08:00,27.450000762939453,27.450000762939453,27.450000762939453,27.450000762939453,22145,0.0,0.0
2024-07-15 11:50:00+08:00,27.299999237060547,27.299999237060547,27.299999237060547,27.299999237060547,16100,0.0,0.0
2024-07-15 11:55:00+08:00,27.200000762939453,27.200000762939453,27.200000762939453,27.200000762939453,5100,0.0,0.0
2024-07-15 12:00:00+08:00,27.149999618530273,27.149999618530273,27.149999618530273,27.149999618530273,4000,0.0,0.0
2024-07-15 12:05:00+08:00,27.0,27.0,27.0,27.0,38270,0.0,0.0
2024-07-15 12:10:00+08:00,27.0,27.0,27.0,27.0,4186,0.0,0.0
2024-07-15 12:15:00+08:00,27.200000762939453,27.200000762939453,27.200000762939453,27.200000762939453,2000,0.0,0.0
2024-07-15 12:20:00+08:00,27.200000762939453,27.200000762939453,27.200000762939453,27.200000762939453,2004,0.0,0.0
2024-07-15 12:25:00+08:00,27.200000762939453,27.200000762939453,27.200000762939453,27.200000762939453,3000,0.0,0.0
2024-07-15 12:30:00+08:00,27.200000762939453,27.200000762939453,27.200000762939453,27.200000762939453,4033,0.0,0.0
2024-07-15 12:35:00+08:00,27.200000762939453,27.200000762939453,27.200000762939453,27.200000762939453,8002,0.0,0.0
2024-07-15 12:40:00+08:00,26.950000762939453,26.950000762939453,26.950000762939453,26.950000762939453,38037,0.0,0.0
2024-07-15 12:45:00+08:00,26.950000762939453,26.950000762939453,26.950000762939453,26.950000762939453,36060,0.0,0.0
2024-07-15 12:50:00+08:00,26.75,26.75,26.75,26.75,70997,0.0,0.0
2024-07-15 12:55:00+08:00,26.649999618530273,26.649999618530273,26.649999618530273,26.649999618530273,38528,0.0,0.0
2024-07-15 13:00:00+08:00,26.700000762939453,26.700000762939453,26.700000762939453,26.700000762939453,18000,0.0,0.0
2024-07-15 13:05:00+08:00,26.700000762939453,26.700000762939453,26.700000762939453,26.700000762939453,8675,0.0,0.0
2024-07-15 13:10:00+08:00,26.649999618530273,26.649999618530273,26.649999618530273,26.649999618530273,17288,0.0,0.0
2024-07-15 13:15:00+08:00,26.799999237060547,26.799999237060547,26.799999237060547,26.799999237060547,7361,0.0,0.0
2024-07-15 13:20:00+08:00,26.850000381469727,26.850000381469727,26.850000381469727,26.850000381469727,8195,0.0,0.0
2024-07-16 09:00:00+08:00,26.799999237060547,26.799999237060547,26.799999237060547,26.799999237060547,46000,0.0,0.0
2024-07-16 09:05:00+08:00,27.049999237060547,27.049999237060547,27.049999237060547,27.049999237060547,8000,0.0,0.0
2024-07-16 09:10:00+08:00,27.200000762939453,27.200000762939453,27.200000762939453,27.200000762939453,33077,0.0,0.0
2024-07-16 09:15:00+08:00,27.200000762939453,27.200000762939453,27.200000762939453,27.200000762939453,61064,0.0,0.0
2024-07-16 09:20:00+08:00,27.200000762939453,27.200000762939453,27.200000762939453,27.200000762939453,26103,0.0,0.0
2024-07-16 09:25:00+08:00,27.25,27.25,27.25,27.25,19280,0.0,0.0
2024-07-16 09:30:00+08:00,27.200000762939453,27.200000762939453,27.200000762939453,27.200000762939453,15000,0.0,0.0
2024-07-16 09:35:00+08:00,27.25,27.25,27.25,27.25,12001,0.0,0.0
2024-07-16 09:40:00+08:00,27.299999237060547,27.299999237060547,27.299999237060547,27.299999237060547,8500,0.0,0.0
2024-07-16 09:45:00+08:00,27.25,27.25,27.25,27.25,9097,0.0,0.0
2024-07-16 09:50:00+08:00,27.100000381469727,27.100000381469727,27.100000381469727,27.100000381469727,40140,0.0,0.0
2024-07-16 09:55:00+08:00,27.0,27.0,27.0,27.0,20013,0.0,0.0
2024-07-16 10:00:00+08:00,27.0,27.0,27.0,27.0,8301,0.0,0.0
2024-07-16 10:05:00+08:00,27.200000762939453,27.200000762939453,27.200000762939453,27.200000762939453,11000,0.0,0.0
2024-07-16 10:10:00+08:00,27.149999618530273,27.149999618530273,27.149999618530273,27.149999618530273,2001,0.0,0.0
2024-07-16 10:15:00+08:00,27.149999618530273,27.149999618530273,27.149999618530273,27.149999618530273,4020,0.0,0.0
2024-07-16 10:25:00+08:00,27.0,27.0,27.0,27.0,5053,0.0,0.0
2024-07-16 10:30:00+08:00,27.100000381469727,27.100000381469727,27.100000381469727,27.100000381469727,1343,0.0,0.0
2024-07-16 10:35:00+08:00,27.200000762939453,27.200000762939453,27.200000762939453,27.200000762939453,35973,0.0,0.0
2024-07-16 10:40:00+08:00,27.25,27.25,27.25,27.25,60189,0.0,0.0
2024-07-16 10:45:00+08:00,27.299999237060547,27.299999237060547,27.299999237060547,27.299999237060547,23261,0.0,0.0
2024-07-16 10:50:00+08:00,27.5,27.5,27.5,27.5,38709,0.0,0.0
2024-07-16 10:55:00+08:00,27.799999237060547,27.799999237060547,27.799999237060547,27.799999237060547,24451,0.0,0.0
2024-07-16 11:00:00+08:00,27.950000762939453,27.950000762939453,27.950000762939453,27.950000762939453,38389,0.0,0.0
2024-07-16 11:05:00+08:00,28.0,28.0,28.0,28.0,33510,0.0,0.0
2024-07-16 11:10:00+08:00,28.0,28.0,28.0,28.0,22021,0.0,0.0
2024-07-16 11:15:00+08:00,27.950000762939453,27.950000762939453,27.950000762939453,27.950000762939453,11050,0.0,0.0
2024-07-16 11:20:00+08:00,27.899999618530273,27.899999618530273,27.899999618530273,27.899999618530273,12000,0.0,0.0
2024-07-16 11:25:00+08:00,27.799999237060547,27.799999237060547,27.799999237060547,27.799999237060547,4112,0.0,0.0
2024-07-16 11:30:00+08:00,27.799999237060547,27.799999237060547,27.799999237060547,27.799999237060547,13000,0.0,0.0
2024-07-16 11:35:00+08:00,27.799999237060547,27.799999237060547,27.799999237060547,27.799999237060547,4290,0.0,0.0
2024-07-16 11:40:00+08:00,27.950000762939453,27.950000762939453,27.950000762939453,27.950000762939453,58001,0.0,0.0
2024-07-16 11:45:00+08:00,28.0,28.0,28.0,28.0,35975,0.0,0.0
2024-07-16 11:50:00+08:00,28.049999237060547,28.049999237060547,28.049999237060547,28.049999237060547,19064,0.0,0.0
2024-07-16 11:55:00+08:00,28.299999237060547,28.299999237060547,28.299999237060547,28.299999237060547,31655,0.0,0.0
2024-07-16 12:00:00+08:00,28.5,28.5,28.5,28.5,27907,0.0,0.0
2024-07-16 12:05:00+08:00,28.649999618530273,28.649999618530273,28.649999618530273,28.649999618530273,50150,0.0,0.0
2024-07-16 12:10:00+08:00,29.0,29.0,29.0,29.0,47535,0.0,0.0
2024-07-16 12:15:00+08:00,29.100000381469727,29.100000381469727,29.100000381469727,29.100000381469727,63247,0.0,0.0
2024-07-16 12:20:00+08:00,29.100000381469727,29.100000381469727,29.100000381469727,29.100000381469727,45130,0.0,0.0
2024-07-16 12:25:00+08:00,28.649999618530273,28.649999618530273,28.649999618530273,28.649999618530273,15024,0.0,0.0
2024-07-16 12:30:00+08:00,28.600000381469727,28.600000381469727,28.600000381469727,28.600000381469727,15000,0.0,0.0
2024-07-16 12:35:00+08:00,28.299999237060547,28.299999237060547,28.299999237060547,28.299999237060547,28100,0.0,0.0
2024-07-16 12:40:00+08:00,28.100000381469727,28.100000381469727,28.100000381469727,28.100000381469727,17434,0.0,0.0
2024-07-16 12:45:00+08:00,28.100000381469727,28.100000381469727,28.100000381469727,28.100000381469727,20143,0.0,0.0
2024-07-16 12:50:00+08:00,28.299999237060547,28.299999237060547,28.299999237060547,28.299999237060547,5099,0.0,0.0
2024-07-16 12:55:00+08:00,28.5,28.5,28.5,28.5,16175,0.0,0.0
2024-07-16 13:00:00+08:00,28.600000381469727,28.600000381469727,28.600000381469727,28.600000381469727,19000,0.0,0.0
2024-07-16 13:05:00+08:00,28.549999237060547,28.549999237060547,28.549999237060547,28.549999237060547,14093,0.0,0.0
2024-07-16 13:10:00+08:00,28.5,28.5,28.5,28.5,25010,0.0,0.0
2024-07-16 13:15:00+08:00,28.350000381469727,28.350000381469727,28.350000381469727,28.350000381469727,12050,0.0,0.0
2024-07-16 13:20:00+08:00,28.299999237060547,28.299999237060547,28.299999237060547,28.299999237060547,23247,0.0,0.0
2024-07-17 09:00:00+08:00,27.450000762939453,27.450000762939453,27.450000762939453,27.450000762939453,51000,0.0,0.0
2024-07-17 09:05:00+08:00,28.100000381469727,28.100000381469727,28.100000381469727,28.100000381469727,17000,0.0,0.0
2024-07-17 09:10:00+08:00,28.299999237060547,28.299999237060547,28.299999237060547,28.299999237060547,11981,0.0,0.0
2024-07-17 09:15:00+08:00,28.399999618530273,28.399999618530273,28.399999618530273,28.399999618530273,42000,0.0,0.0
2024-07-17 09:20:00+08:00,28.649999618530273,28.649999618530273,28.649999618530273,28.649999618530273,33682,0.0,0.0
2024-07-17 09:25:00+08:00,28.850000381469727,28.850000381469727,28.850000381469727,28.850000381469727,28451,0.0,0.0
2024-07-17 09:30:00+08:00,28.850000381469727,28.850000381469727,28.850000381469727,28.850000381469727,28100,0.0,0.0
2024-07-17 09:35:00+08:00,28.799999237060547,28.799999237060547,28.799999237060547,28.799999237060547,37079,0.0,0.0
2024-07-17 09:40:00+08:00,28.799999237060547,28.799999237060547,28.799999237060547,28.799999237060547,30000,0.0,0.0
2024-07-17 09:45:00+08:00,28.799999237060547,28.799999237060547,28.799999237060547,28.799999237060547,14330,0.0,0.0
2024-07-17 09:50:00+08:00,28.649999618530273,28.649999618530273,28.649999618530273,28.649999618530273,25100,0.0,0.0
2024-07-17 09:55:00+08:00,28.5,28.5,28.5,28.5,31015,0.0,0.0
2024-07-17 10:00:00+08:00,28.5,28.5,28.5,28.5,12098,0.0,0.0
2024-07-17 10:05:00+08:00,28.200000762939453,28.200000762939453,28.200000762939453,28.200000762939453,28396,0.0,0.0
2024-07-17 10:10:00+08:00,28.149999618530273,28.149999618530273,28.149999618530273,28.149999618530273,19100,0.0,0.0
2024-07-17 10:15:00+08:00,28.100000381469727,28.100000381469727,28.100000381469727,28.100000381469727,11100,0.0,0.0
2024-07-17 10:20:00+08:00,28.100000381469727,28.100000381469727,28.100000381469727,28.100000381469727,4000,0.0,0.0
2024-07-17 10:25:00+08:00,28.100000381469727,28.100000381469727,28.100000381469727,28.100000381469727,19127,0.0,0.0
2024-07-17 10:30:00+08:00,28.200000762939453,28.200000762939453,28.200000762939453,28.200000762939453,7200,0.0,0.0
2024-07-17 10:35:00+08:00,28.200000762939453,28.200000762939453,28.200000762939453,28.200000762939453,6106,0.0,0.0
2024-07-17 10:40:00+08:00,28.200000762939453,28.200000762939453,28.200000762939453,28.200000762939453,1000,0.0,0.0
2024-07-17 10:45:00+08:00,28.049999237060547,28.049999237060547,28.049999237060547,28.049999237060547,18400,0.0,0.0
2024-07-17 10:50:00+08:00,28.100000381469727,28.100000381469727,28.100000381469727,28.100000381469727,5000,0.0,0.0
2024-07-17 11:00:00+08:00,28.100000381469727,28.100000381469727,28.100000381469727,28.100000381469727,5000,0.0,0.0
2024-07-17 11:05:00+08:00,28.049999237060547,28.049999237060547,28.049999237060547,28.049999237060547,10100,0.0,0.0
2024-07-17 11:15:00+08:00,28.049999237060547,28.049999237060547,28.049999237060547,28.049999237060547,10050,0.0,0.0
2024-07-17 11:20:00+08:00,28.049999237060547,28.049999237060547,28.049999237060547,28.049999237060547,3000,0.0,0.0
2024-07-17 11:25:00+08:00,28.100000381469727,28.100000381469727,28.100000381469727,28.100000381469727,12000,0.0,0.0
2024-07-17 11:30:00+08:00,28.100000381469727,28.100000381469727,28.100000381469727,28.100000381469727,5000,0.0,0.0
2024-07-17 11:35:00+08:00,28.100000381469727,28.100000381469727,28.100000381469727,28.100000381469727,3000,0.0,0.0
2024-07-17 11:40:00+08:00,28.049999237060547,28.049999237060547,28.049999237060547,28.049999237060547,9270,0.0,0.0
2024-07-17 11:45:00+08:00,28.049999237060547,28.049999237060547,28.049999237060547,28.049999237060547,1195,0.0,0.0
2024-07-17 11:50:00+08:00,28.100000381469727,28.100000381469727,28.100000381469727,28.100000381469727,24148,0.0,0.0
2024-07-17 11:55:00+08:00,28.100000381469727,28.100000381469727,28.100000381469727,28.100000381469727,14000,0.0,0.0
2024-07-17 12:00:00+08:00,28.100000381469727,28.100000381469727,28.100000381469727,28.100000381469727,3096,0.0,0.0
2024-07-17 12:05:00+08:00,28.049999237060547,28.049999237060547,28.049999237060547,28.049999237060547,2000,0.0,0.0
2024-07-17 12:10:00+08:00,28.100000381469727,28.100000381469727,28.100000381469727,28.100000381469727,1000,0.0,0.0
2024-07-17 12:15:00+08:00,28.100000381469727,28.100000381469727,28.100000381469727,28.100000381469727,1104,0.0,0.0
2024-07-17 12:20:00+08:00,28.100000381469727,28.100000381469727,28.100000381469727,28.100000381469727,2000,0.0,0.0
2024-07-17 12:25:00+08:00,28.100000381469727,28.100000381469727,28.100000381469727,28.100000381469727,4130,0.0,0.0
2024-07-17 12:30:00+08:00,28.100000381469727,28.100000381469727,28.100000381469727,28.100000381469727,4200,0.0,0.0
2024-07-17 12:35:00+08:00,28.149999618530273,28.149999618530273,28.149999618530273,28.149999618530273,6756,0.0,0.0
2024-07-17 12:40:00+08:00,28.200000762939453,28.200000762939453,28.200000762939453,28.200000762939453,8000,0.0,0.0
2024-07-17 12:45:00+08:00,28.200000762939453,28.200000762939453,28.200000762939453,28.200000762939453,2130,0.0,0.0
2024-07-17 12:50:00+08:00,28.200000762939453,28.200000762939453,28.200000762939453,28.200000762939453,4000,0.0,0.0
2024-07-17 12:55:00+08:00,28.200000762939453,28.200000762939453,28.200000762939453,28.200000762939453,5009,0.0,0.0
2024-07-17 13:00:00+08:00,28.200000762939453,28.200000762939453,28.200000762939453,28.200000762939453,7010,0.0,0.0
2024-07-17 13:05:00+08:00,28.200000762939453,28.200000762939453,28.200000762939453,28.200000762939453,13030,0.0,0.0
2024-07-17 13:10:00+08:00,28.200000762939453,28.200000762939453,28.200000762939453,28.200000762939453,16000,0.0,0.0
2024-07-17 13:15:00+08:00,28.149999618530273,28.149999618530273,28.149999618530273,28.149999618530273,17198,0.0,0.0
2024-07-17 13:20:00+08:00,28.149999618530273,28.149999618530273,28.149999618530273,28.149999618530273,12070,0.0,0.0
2024-07-18 09:00:00+08:00,27.950000762939453,27.950000762939453,27.950000762939453,27.950000762939453,22000,0.0,0.0
2024-07-18 09:05:00+08:00,27.700000762939453,27.700000762939453,27.700000762939453,27.700000762939453,11228,0.0,0.0
2024-07-18 09:10:00+08:00,27.5,27.5,27.5,27.5,33014,0.0,0.0
2024-07-18 09:15:00+08:00,27.450000762939453,27.450000762939453,27.450000762939453,27.450000762939453,26100,0.0,0.0
2024-07-18 09:20:00+08:00,27.5,27.5,27.5,27.5,12013,0.0,0.0
2024-07-18 09:25:00+08:00,27.5,27.5,27.5,27.5,20020,0.0,0.0
2024-07-18 09:30:00+08:00,27.549999237060547,27.549999237060547,27.549999237060547,27.549999237060547,15100,0.0,0.0
2024-07-18 09:35:00+08:00,27.600000381469727,27.600000381469727,27.600000381469727,27.600000381469727,15030,0.0,0.0
2024-07-18 09:40:00+08:00,27.700000762939453,27.700000762939453,27.700000762939453,27.700000762939453,20000,0.0,0.0
2024-07-18 09:45:00+08:00,27.799999237060547,27.799999237060547,27.799999237060547,27.799999237060547,7579,0.0,0.0
2024-07-18 09:50:00+08:00,27.899999618530273,27.899999618530273,27.899999618530273,27.899999618530273,8300,0.0,0.0
2024-07-18 09:55:00+08:00,28.0,28.0,28.0,28.0,14000,0.0,0.0
2024-07-18 10:00:00+08:00,28.0,28.0,28.0,28.0,22230,0.0,0.0
2024-07-18 10:05:00+08:00,28.0,28.0,28.0,28.0,4270,0.0,0.0
2024-07-18 10:10:00+08:00,27.950000762939453,27.950000762939453,27.950000762939453,27.950000762939453,11154,0.0,0.0
2024-07-18 10:15:00+08:00,27.950000762939453,27.950000762939453,27.950000762939453,27.950000762939453,12230,0.0,0.0
2024-07-18 10:20:00+08:00,27.950000762939453,27.950000762939453,27.950000762939453,27.950000762939453,13910,0.0,0.0
2024-07-18 10:25:00+08:00,27.899999618530273,27.899999618530273,27.899999618530273,27.899999618530273,8510,0.0,0.0
2024-07-18 10:30:00+08:00,27.899999618530273,27.899999618530273,27.899999618530273,27.899999618530273,11000,0.0,0.0
2024-07-18 10:35:00+08:00,27.799999237060547,27.799999237060547,27.799999237060547,27.799999237060547,9050,0.0,0.0
2024-07-18 10:40:00+08:00,27.649999618530273,27.649999618530273,27.649999618530273,27.649999618530273,9172,0.0,0.0
2024-07-18 10:45:00+08:00,27.649999618530273,27.649999618530273,27.649999618530273,27.649999618530273,5100,0.0,0.0
2024-07-18 10:50:00+08:00,27.700000762939453,27.700000762939453,27.700000762939453,27.700000762939453,2100,0.0,0.0
2024-07-18 10:55:00+08:00,27.600000381469727,27.600000381469727,27.600000381469727,27.600000381469727,3360,0.0,0.0
2024-07-18 11:00:00+08:00,27.600000381469727,27.600000381469727,27.600000381469727,27.600000381469727,9000,0.0,0.0
2024-07-18 11:05:00+08:00,27.600000381469727,27.600000381469727,27.600000381469727,27.600000381469727,3050,0.0,0.0
2024-07-18 11:10:00+08:00,27.549999237060547,27.549999237060547,27.549999237060547,27.549999237060547,15105,0.0,0.0
2024-07-18 11:15:00+08:00,27.549999237060547,27.549999237060547,27.549999237060547,27.549999237060547,6015,0.0,0.0
2024-07-18 11:20:00+08:00,27.549999237060547,27.549999237060547,27.549999237060547,27.549999237060547,1000,0.0,0.0
2024-07-18 11:25:00+08:00,27.549999237060547,27.549999237060547,27.549999237060547,27.549999237060547,1068,0.0,0.0
2024-07-18 11:30:00+08:00,27.549999237060547,27.549999237060547,27.549999237060547,27.549999237060547,3000,0.0,0.0
2024-07-18 11:35:00+08:00,27.5,27.5,27.5,27.5,7500,0.0,0.0
2024-07-18 11:40:00+08:00,27.5,27.5,27.5,27.5,12584,0.0,0.0
2024-07-18 11:45:00+08:00,27.5,27.5,27.5,27.5,22000,0.0,0.0
2024-07-18 11:50:00+08:00,27.5,27.5,27.5,27.5,6000,0.0,0.0
2024-07-18 11:55:00+08:00,27.5,27.5,27.5,27.5,3000,0.0,0.0
2024-07-18 12:00:00+08:00,27.450000762939453,27.450000762939453,27.450000762939453,27.450000762939453,11791,0.0,0.0
2024-07-18 12:05:00+08:00,27.450000762939453,27.450000762939453,27.450000762939453,27.450000762939453,7209,0.0,0.0
2024-07-18 12:10:00+08:00,27.5,27.5,27.5,27.5,9020,0.0,0.0
2024-07-18 12:15:00+08:00,27.5,27.5,27.5,27.5,3130,0.0,0.0
2024-07-18 12:20:00+08:00,27.5,27.5,27.5,27.5,2000,0.0,0.0
2024-07-18 12:25:00+08:00,27.549999237060547,27.549999237060547,27.549999237060547,27.549999237060547,9200,0.0,0.0
2024-07-18 12:30:00+08:00,27.600000381469727,27.600000381469727,27.600000381469727,27.600000381469727,6170,0.0,0.0
2024-07-18 12:35:00+08:00,27.649999618530273,27.649999618530273,27.649999618530273,27.649999618530273,9000,0.0,0.0
2024-07-18 12:40:00+08:00,27.649999618530273,27.649999618530273,27.649999618530273,27.649999618530273,5100,0.0,0.0
2024-07-18 12:45:00+08:00,27.649999618530273,27.649999618530273,27.649999618530273,27.649999618530273,1081,0.0,0.0
2024-07-18 12:50:00+08:00,27.700000762939453,27.700000762939453,27.700000762939453,27.700000762939453,5179,0.0,0.0
2024-07-18 12:55:00+08:00,27.649999618530273,27.649999618530273,27.649999618530273,27.649999618530273,6200,0.0,0.0
2024-07-18 13:00:00+08:00,27.649999618530273,27.649999618530273,27.649999618530273,27.649999618530273,3210,0.0,0.0
2024-07-18 13:05:00+08:00,27.649999618530273,27.649999618530273,27.649999618530273,27.649999618530273,14060,0.0,0.0
2024-07-18 13:10:00+08:00,27.649999618530273,27.649999618530273,27.649999618530273,27.649999618530273,10040,0.0,0.0
2024-07-18 13:15:00+08:00,27.600000381469727,27.600000381469727,27.600000381469727,27.600000381469727,24239,0.0,0.0
2024-07-18 13:20:00+08:00,27.649999618530273,27.649999618530273,27.649999618530273,27.649999618530273,11019,0.0,0.0
2024-07-19 09:00:00+08:00,27.5,27.5,27.5,27.5,31000,0.0,0.0
2024-07-19 09:05:00+08:00,27.5,27.5,27.5,27.5,19648,0.0,0.0
2024-07-19 09:10:00+08:00,27.950000762939453,27.950000762939453,27.950000762939453,27.950000762939453,14020,0.0,0.0
2024-07-19 09:15:00+08:00,28.299999237060547,28.299999237060547,28.299999237060547,28.299999237060547,17175,0.0,0.0
2024-07-19 09:20:00+08:00,28.350000381469727,28.350000381469727,28.350000381469727,28.350000381469727,26120,0.0,0.0
2024-07-19 09:25:00+08:00,28.399999618530273,28.399999618530273,28.399999618530273,28.399999618530273,45100,0.0,0.0
2024-07-19 09:30:00+08:00,28.450000762939453,28.450000762939453,28.450000762939453,28.450000762939453,45629,0.0,0.0
2024-07-19 09:35:00+08:00,28.600000381469727,28.600000381469727,28.600000381469727,28.600000381469727,40419,0.0,0.0
2024-07-19 09:40:00+08:00,28.450000762939453,28.450000762939453,28.450000762939453,28.450000762939453,46995,0.0,0.0
2024-07-19 09:45:00+08:00,28.600000381469727,28.600000381469727,28.600000381469727,28.600000381469727,49586,0.0,0.0
2024-07-19 09:50:00+08:00,28.950000762939453,28.950000762939453,28.950000762939453,28.950000762939453,97000,0.0,0.0
2024-07-19 09:55:00+08:00,29.0,29.0,29.0,29.0,80850,0.0,0.0
2024-07-19 10:00:00+08:00,29.0,29.0,29.0,29.0,38846,0.0,0.0
2024-07-19 10:05:00+08:00,28.75,28.75,28.75,28.75,44156,0.0,0.0
2024-07-19 10:10:00+08:00,28.600000381469727,28.600000381469727,28.600000381469727,28.600000381469727,36176,0.0,0.0
2024-07-19 10:15:00+08:00,28.5,28.5,28.5,28.5,53197,0.0,0.0
2024-07-19 10:20:00+08:00,28.5,28.5,28.5,28.5,24201,0.0,0.0
2024-07-19 10:25:00+08:00,28.5,28.5,28.5,28.5,10010,0.0,0.0
2024-07-19 10:30:00+08:00,28.399999618530273,28.399999618530273,28.399999618530273,28.399999618530273,30244,0.0,0.0
2024-07-19 10:35:00+08:00,28.350000381469727,28.350000381469727,28.350000381469727,28.350000381469727,18065,0.0,0.0
2024-07-19 10:40:00+08:00,28.399999618530273,28.399999618530273,28.399999618530273,28.399999618530273,33100,0.0,0.0
2024-07-19 10:45:00+08:00,28.5,28.5,28.5,28.5,43373,0.0,0.0
2024-07-19 10:50:00+08:00,28.600000381469727,28.600000381469727,28.600000381469727,28.600000381469727,40000,0.0,0.0
2024-07-19 10:55:00+08:00,28.75,28.75,28.75,28.75,33919,0.0,0.0
2024-07-19 11:00:00+08:00,29.0,29.0,29.0,29.0,184642,0.0,0.0
2024-07-19 11:05:00+08:00,29.299999237060547,29.299999237060547,29.299999237060547,29.299999237060547,216409,0.0,0.0
2024-07-19 11:10:00+08:00,29.850000381469727,29.850000381469727,29.850000381469727,29.850000381469727,86000,0.0,0.0
2024-07-19 11:15:00+08:00,29.899999618530273,29.899999618530273,29.899999618530273,29.899999618530273,67300,0.0,0.0
2024-07-19 11:20:00+08:00,29.850000381469727,29.850000381469727,29.850000381469727,29.850000381469727,39000,0.0,0.0
2024-07-19 11:25:00+08:00,29.799999237060547,29.799999237060547,29.799999237060547,29.799999237060547,21876,0.0,0.0
2024-07-19 11:30:00+08:00,29.299999237060547,29.299999237060547,29.299999237060547,29.299999237060547,17001,0.0,0.0
2024-07-19 11:35:00+08:00,29.049999237060547,29.049999237060547,29.049999237060547,29.049999237060547,32100,0.0,0.0
2024-07-19 11:40:00+08:00,29.100000381469727,29.100000381469727,29.100000381469727,29.100000381469727,35040,0.0,0.0
2024-07-19 11:45:00+08:00,28.950000762939453,28.950000762939453,28.950000762939453,28.950000762939453,25050,0.0,0.0
2024-07-19 11:50:00+08:00,29.149999618530273,29.149999618530273,29.149999618530273,29.149999618530273,42023,0.0,0.0
2024-07-19 11:55:00+08:00,29.25,29.25,29.25,29.25,20050,0.0,0.0
2024-07-19 12:00:00+08:00,29.200000762939453,29.200000762939453,29.200000762939453,29.200000762939453,7000,0.0,0.0
2024-07-19 12:05:00+08:00,29.200000762939453,29.200000762939453,29.200000762939453,29.200000762939453,24030,0.0,0.0
2024-07-19 12:10:00+08:00,29.149999618530273,29.149999618530273,29.149999618530273,29.149999618530273,35100,0.0,0.0
2024-07-19 12:15:00+08:00,28.950000762939453,28.950000762939453,28.950000762939453,28.950000762939453,19220,0.0,0.0
2024-07-19 12:20:00+08:00,28.899999618530273,28.899999618530273,28.899999618530273,28.899999618530273,11314,0.0,0.0
2024-07-19 12:25:00+08:00,28.850000381469727,28.850000381469727,28.850000381469727,28.850000381469727,11115,0.0,0.0
2024-07-19 12:30:00+08:00,29.0,29.0,29.0,29.0,18050,0.0,0.0
2024-07-19 12:35:00+08:00,29.0,29.0,29.0,29.0,22000,0.0,0.0
2024-07-19 12:40:00+08:00,28.950000762939453,28.950000762939453,28.950000762939453,28.950000762939453,10120,0.0,0.0
2024-07-19 12:45:00+08:00,28.899999618530273,28.899999618530273,28.899999618530273,28.899999618530273,18170,0.0,0.0
2024-07-19 12:50:00+08:00,28.950000762939453,28.950000762939453,28.950000762939453,28.950000762939453,20000,0.0,0.0
2024-07-19 12:55:00+08:00,28.850000381469727,28.850000381469727,28.850000381469727,28.850000381469727,23521,0.0,0.0
2024-07-19 13:00:00+08:00,28.75,28.75,28.75,28.75,35022,0.0,0.0
2024-07-19 13:05:00+08:00,28.600000381469727,28.600000381469727,28.600000381469727,28.600000381469727,9100,0.0,0.0
2024-07-19 13:10:00+08:00,28.600000381469727,28.600000381469727,28.600000381469727,28.600000381469727,19419,0.0,0.0
2024-07-19 13:15:00+08:00,28.549999237060547,28.549999237060547,28.549999237060547,28.549999237060547,22227,0.0,0.0
2024-07-19 13:20:00+08:00,28.549999237060547,28.549999237060547,28.549999237060547,28.549999237060547,30229,0.0,0.0
2024-07-22 09:00:00+08:00,26.0,26.149999618530273,25.700000762939453,25.700000762939453,0,0.0,0.0
2024-07-22 09:05:00+08:00,25.700000762939453,26.649999618530273,25.700000762939453,26.0,609333,0.0,0.0
2024-07-22 09:10:00+08:00,25.850000381469727,26.600000381469727,25.700000762939453,25.700000762939453,401106,0.0,0.0
2024-07-22 09:15:00+08:00,25.700000762939453,25.850000381469727,25.700000762939453,25.850000381469727,81061,0.0,0.0
2024-07-22 09:20:00+08:00,25.75,25.850000381469727,25.700000762939453,25.75,81250,0.0,0.0
2024-07-22 09:25:00+08:00,25.75,25.850000381469727,25.700000762939453,25.700000762939453,72455,0.0,0.0
2024-07-22 09:30:00+08:00,25.700000762939453,25.700000762939453,25.700000762939453,25.700000762939453,149848,0.0,0.0
2024-07-22 09:35:00+08:00,25.700000762939453,25.700000762939453,25.700000762939453,25.700000762939453,5700,0.0,0.0
2024-07-22 09:40:00+08:00,25.700000762939453,25.700000762939453,25.700000762939453,25.700000762939453,71160,0.0,0.0
2024-07-22 09:45:00+08:00,25.700000762939453,25.700000762939453,25.700000762939453,25.700000762939453,101591,0.0,0.0
2024-07-22 09:50:00+08:00,25.700000762939453,25.700000762939453,25.700000762939453,25.700000762939453,77762,0.0,0.0
2024-07-22 09:55:00+08:00,25.700000762939453,25.700000762939453,25.700000762939453,25.700000762939453,35196,0.0,0.0
2024-07-22 10:00:00+08:00,25.700000762939453,25.850000381469727,25.700000762939453,25.700000762939453,36187,0.0,0.0
2024-07-22 10:05:00+08:00,25.700000762939453,25.799999237060547,25.700000762939453,25.799999237060547,75377,0.0,0.0
2024-07-22 10:10:00+08:00,25.700000762939453,25.799999237060547,25.700000762939453,25.700000762939453,17455,0.0,0.0
2024-07-22 10:15:00+08:00,25.700000762939453,26.0,25.700000762939453,25.75,26596,0.0,0.0
2024-07-22 10:20:00+08:00,25.75,25.75,25.700000762939453,25.700000762939453,29351,0.0,0.0
2024-07-22 10:25:00+08:00,25.700000762939453,25.700000762939453,25.700000762939453,25.700000762939453,2378,0.0,0.0
2024-07-22 10:30:00+08:00,25.700000762939453,25.700000762939453,25.700000762939453,25.700000762939453,7310,0.0,0.0
2024-07-22 10:35:00+08:00,25.700000762939453,25.700000762939453,25.700000762939453,25.700000762939453,51250,0.0,0.0
2024-07-22 10:40:00+08:00,25.700000762939453,25.700000762939453,25.700000762939453,25.700000762939453,25540,0.0,0.0
2024-07-22 10:45:00+08:00,25.700000762939453,25.700000762939453,25.700000762939453,25.700000762939453,23610,0.0,0.0
2024-07-22 10:50:00+08:00,25.700000762939453,25.700000762939453,25.700000762939453,25.700000762939453,25940,0.0,0.0
2024-07-22 10:55:00+08:00,25.700000762939453,25.700000762939453,25.700000762939453,25.700000762939453,7084,0.0,0.0
2024-07-22 11:00:00+08:00,25.700000762939453,25.75,25.700000762939453,25.700000762939453,36576,0.0,0.0
2024-07-22 11:10:00+08:00,25.75,25.899999618530273,25.700000762939453,25.700000762939453,42642,0.0,0.0
2024-07-22 11:15:00+08:00,25.950000762939453,25.950000762939453,25.799999237060547,25.799999237060547,16015,0.0,0.0
2024-07-22 11:20:00+08:00,25.75,25.75,25.75,25.75,42458,0.0,0.0
2024-07-22 11:25:00+08:00,25.700000762939453,25.700000762939453,25.700000762939453,25.700000762939453,4030,0.0,0.0
2024-07-22 11:30:00+08:00,25.700000762939453,25.75,25.700000762939453,25.75,11003,0.0,0.0
2024-07-22 11:35:00+08:00,25.75,25.799999237060547,25.75,25.75,11031,0.0,0.0
2024-07-22 11:40:00+08:00,25.75,25.799999237060547,25.700000762939453,25.799999237060547,30130,0.0,0.0
2024-07-22 11:45:00+08:00,25.700000762939453,25.75,25.700000762939453,25.75,20100,0.0,0.0
2024-07-22 11:50:00+08:00,25.700000762939453,25.75,25.700000762939453,25.700000762939453,19120,0.0,0.0
2024-07-22 11:55:00+08:00,25.700000762939453,25.700000762939453,25.700000762939453,25.700000762939453,27147,0.0,0.0
2024-07-22 12:00:00+08:00,25.700000762939453,25.700000762939453,25.700000762939453,25.700000762939453,4201,0.0,0.0
2024-07-22 12:05:00+08:00,25.700000762939453,25.700000762939453,25.700000762939453,25.700000762939453,11150,0.0,0.0
2024-07-22 12:15:00+08:00,25.700000762939453,25.700000762939453,25.700000762939453,25.700000762939453,12111,0.0,0.0
2024-07-22 12:20:00+08:00,25.700000762939453,25.700000762939453,25.700000762939453,25.700000762939453,2000,0.0,0.0
2024-07-22 12:25:00+08:00,25.700000762939453,25.700000762939453,25.700000762939453,25.700000762939453,9020,0.0,0.0
2024-07-22 12:30:00+08:00,25.700000762939453,25.700000762939453,25.700000762939453,25.700000762939453,2502,0.0,0.0
2024-07-22 12:35:00+08:00,25.700000762939453,25.700000762939453,25.700000762939453,25.700000762939453,5285,0.0,0.0
2024-07-22 12:40:00+08:00,25.700000762939453,25.700000762939453,25.700000762939453,25.700000762939453,2070,0.0,0.0
2024-07-22 12:45:00+08:00,25.700000762939453,25.700000762939453,25.700000762939453,25.700000762939453,3011,0.0,0.0
2024-07-22 12:50:00+08:00,25.700000762939453,25.700000762939453,25.700000762939453,25.700000762939453,3717,0.0,0.0
2024-07-22 12:55:00+08:00,25.700000762939453,25.700000762939453,25.700000762939453,25.700000762939453,8000,0.0,0.0
2024-07-22 13:00:00+08:00,25.700000762939453,25.700000762939453,25.700000762939453,25.700000762939453,14167,0.0,0.0
2024-07-22 13:05:00+08:00,25.700000762939453,25.700000762939453,25.700000762939453,25.700000762939453,5032,0.0,0.0
2024-07-22 13:10:00+08:00,25.700000762939453,25.700000762939453,25.700000762939453,25.700000762939453,5050,0.0,0.0
2024-07-22 13:15:00+08:00,25.700000762939453,25.700000762939453,25.700000762939453,25.700000762939453,24377,0.0,0.0
2024-07-22 13:20:00+08:00,25.700000762939453,25.700000762939453,25.700000762939453,25.700000762939453,5698,0.0,0.0
2024-07-23 09:00:00+08:00,25.299999237060547,25.299999237060547,24.299999237060547,24.350000381469727,148000,0.0,0.0
2024-07-23 09:05:00+08:00,24.399999618530273,24.5,23.149999618530273,23.149999618530273,345000,0.0,0.0
2024-07-23 09:10:00+08:00,23.299999237060547,24.149999618530273,23.149999618530273,23.950000762939453,317361,0.0,0.0
2024-07-23 09:15:00+08:00,23.799999237060547,23.799999237060547,23.149999618530273,23.299999237060547,193105,0.0,0.0
2024-07-23 09:20:00+08:00,23.350000381469727,23.600000381469727,23.25,23.299999237060547,94996,0.0,0.0
2024-07-23 09:25:00+08:00,23.399999618530273,23.549999237060547,23.25,23.350000381469727,60031,0.0,0.0
2024-07-23 09:30:00+08:00,23.299999237060547,23.5,23.299999237060547,23.399999618530273,44641,0.0,0.0
2024-07-23 09:35:00+08:00,23.399999618530273,23.399999618530273,23.149999618530273,23.200000762939453,216617,0.0,0.0
2024-07-23 09:40:00+08:00,23.200000762939453,23.25,23.149999618530273,23.149999618530273,321994,0.0,0.0
2024-07-23 09:45:00+08:00,23.200000762939453,23.299999237060547,23.149999618530273,23.299999237060547,101555,0.0,0.0
2024-07-23 09:50:00+08:00,23.25,23.399999618530273,23.25,23.399999618530273,27130,0.0,0.0
2024-07-23 09:55:00+08:00,23.399999618530273,24.399999618530273,23.399999618530273,24.399999618530273,136446,0.0,0.0
2024-07-23 10:00:00+08:00,24.299999237060547,24.299999237060547,24.149999618530273,24.200000762939453,42000,0.0,0.0
2024-07-23 10:05:00+08:00,24.200000762939453,24.200000762939453,23.850000381469727,23.850000381469727,22100,0.0,0.0
2024-07-23 10:10:00+08:00,23.850000381469727,24.25,23.850000381469727,24.25,37235,0.0,0.0
2024-07-23 10:15:00+08:00,24.25,24.25,23.850000381469727,23.899999618530273,27000,0.0,0.0
2024-07-23 10:20:00+08:00,24.100000381469727,24.100000381469727,24.0,24.0,12268,0.0,0.0
2024-07-23 10:25:00+08:00,24.0,24.0,24.0,24.0,5121,0.0,0.0
2024-07-23 10:30:00+08:00,24.0,24.200000762939453,23.950000762939453,24.200000762939453,12010,0.0,0.0
2024-07-23 10:35:00+08:00,24.200000762939453,24.200000762939453,24.200000762939453,24.200000762939453,3349,0.0,0.0
2024-07-23 10:40:00+08:00,24.0,24.049999237060547,24.0,24.049999237060547,2000,0.0,0.0
2024-07-23 10:45:00+08:00,24.200000762939453,24.450000762939453,24.200000762939453,24.450000762939453,35057,0.0,0.0
2024-07-23 10:50:00+08:00,24.399999618530273,24.450000762939453,24.299999237060547,24.299999237060547,13012,0.0,0.0
2024-07-23 10:55:00+08:00,24.200000762939453,24.200000762939453,24.0,24.0,15225,0.0,0.0
2024-07-23 11:00:00+08:00,24.0,24.0,24.0,24.0,3063,0.0,0.0
2024-07-23 11:05:00+08:00,24.0,24.049999237060547,24.0,24.0,12000,0.0,0.0
2024-07-23 11:10:00+08:00,24.049999237060547,24.049999237060547,24.0,24.0,5300,0.0,0.0
2024-07-23 11:15:00+08:00,24.049999237060547,24.100000381469727,24.049999237060547,24.100000381469727,6300,0.0,0.0
2024-07-23 11:20:00+08:00,24.100000381469727,24.100000381469727,23.950000762939453,24.0,20288,0.0,0.0
2024-07-23 11:25:00+08:00,23.950000762939453,23.950000762939453,23.600000381469727,23.600000381469727,51614,0.0,0.0
2024-07-23 11:30:00+08:00,23.600000381469727,23.600000381469727,23.600000381469727,23.600000381469727,10615,0.0,0.0
2024-07-23 11:35:00+08:00,23.5,23.549999237060547,23.5,23.549999237060547,31240,0.0,0.0
2024-07-23 11:40:00+08:00,23.5,23.5,23.299999237060547,23.399999618530273,56487,0.0,0.0
2024-07-23 11:45:00+08:00,23.299999237060547,23.600000381469727,23.299999237060547,23.299999237060547,6964,0.0,0.0
2024-07-23 11:50:00+08:00,23.350000381469727,23.549999237060547,23.350000381469727,23.350000381469727,8218,0.0,0.0
2024-07-23 11:55:00+08:00,23.399999618530273,23.399999618530273,23.25,23.299999237060547,29116,0.0,0.0
2024-07-23 12:00:00+08:00,23.299999237060547,23.299999237060547,23.299999237060547,23.299999237060547,17500,0.0,0.0
2024-07-23 12:05:00+08:00,23.299999237060547,23.299999237060547,23.25,23.299999237060547,10408,0.0,0.0
2024-07-23 12:10:00+08:00,23.299999237060547,23.299999237060547,23.25,23.299999237060547,11055,0.0,0.0
2024-07-23 12:15:00+08:00,23.299999237060547,23.450000762939453,23.25,23.450000762939453,18744,0.0,0.0
2024-07-23 12:20:00+08:00,23.450000762939453,23.450000762939453,23.350000381469727,23.350000381469727,7049,0.0,0.0
2024-07-23 12:25:00+08:00,23.350000381469727,23.350000381469727,23.299999237060547,23.299999237060547,18205,0.0,0.0
2024-07-23 12:30:00+08:00,23.299999237060547,23.399999618530273,23.299999237060547,23.299999237060547,15230,0.0,0.0
2024-07-23 12:35:00+08:00,23.299999237060547,23.299999237060547,23.25,23.299999237060547,4235,0.0,0.0
2024-07-23 12:40:00+08:00,23.299999237060547,23.399999618530273,23.299999237060547,23.350000381469727,42598,0.0,0.0
2024-07-23 12:45:00+08:00,23.350000381469727,23.350000381469727,23.350000381469727,23.350000381469727,8020,0.0,0.0
2024-07-23 12:50:00+08:00,23.350000381469727,23.350000381469727,23.299999237060547,23.350000381469727,13200,0.0,0.0
2024-07-23 12:55:00+08:00,23.350000381469727,23.399999618530273,23.299999237060547,23.299999237060547,9055,0.0,0.0
2024-07-23 13:00:00+08:00,23.350000381469727,23.399999618530273,23.299999237060547,23.350000381469727,25010,0.0,0.0
2024-07-23 13:05:00+08:00,23.350000381469727,23.350000381469727,23.299999237060547,23.350000381469727,37198,0.0,0.0
2024-07-23 13:10:00+08:00,23.350000381469727,23.350000381469727,23.299999237060547,23.299999237060547,64575,0.0,0.0
2024-07-23 13:15:00+08:00,23.299999237060547,23.350000381469727,23.25,23.299999237060547,34028,0.0,0.0
2024-07-23 13:20:00+08:00,23.25,23.350000381469727,23.25,23.350000381469727,24852,0.0,0.0
2024-07-26 09:00:00+08:00,21.5,22.25,21.5,22.049999237060547,0,0.0,0.0
2024-07-26 09:05:00+08:00,22.100000381469727,22.649999618530273,22.100000381469727,22.5,37600,0.0,0.0
2024-07-26 09:10:00+08:00,22.5,23.0,22.5,23.0,27153,0.0,0.0
2024-07-26 09:15:00+08:00,22.899999618530273,22.899999618530273,22.549999237060547,22.549999237060547,12667,0.0,0.0
2024-07-26 09:20:00+08:00,22.5,22.600000381469727,22.5,22.5,44620,0.0,0.0
2024-07-26 09:25:00+08:00,22.5,22.5,22.200000762939453,22.200000762939453,50799,0.0,0.0
2024-07-26 09:30:00+08:00,22.200000762939453,22.200000762939453,21.899999618530273,21.899999618530273,75770,0.0,0.0
2024-07-26 09:35:00+08:00,21.899999618530273,22.5,21.899999618530273,22.5,68104,0.0,0.0
2024-07-26 09:40:00+08:00,22.450000762939453,22.549999237060547,22.200000762939453,22.549999237060547,15131,0.0,0.0
2024-07-26 09:45:00+08:00,22.549999237060547,22.549999237060547,22.350000381469727,22.350000381469727,13125,0.0,0.0
2024-07-26 09:50:00+08:00,22.350000381469727,22.399999618530273,22.049999237060547,22.049999237060547,41427,0.0,0.0
2024-07-26 09:55:00+08:00,22.0,22.049999237060547,21.899999618530273,22.049999237060547,41019,0.0,0.0
2024-07-26 10:00:00+08:00,22.200000762939453,22.200000762939453,22.149999618530273,22.149999618530273,5498,0.0,0.0
2024-07-26 10:05:00+08:00,22.149999618530273,22.399999618530273,22.149999618530273,22.399999618530273,50647,0.0,0.0
2024-07-26 10:10:00+08:00,22.5,22.549999237060547,22.450000762939453,22.549999237060547,24146,0.0,0.0
2024-07-26 10:15:00+08:00,22.600000381469727,22.700000762939453,22.600000381469727,22.700000762939453,26350,0.0,0.0
2024-07-26 10:20:00+08:00,22.899999618530273,23.0,22.850000381469727,22.850000381469727,44014,0.0,0.0
2024-07-26 10:25:00+08:00,22.850000381469727,22.899999618530273,22.700000762939453,22.899999618530273,16000,0.0,0.0
2024-07-26 10:30:00+08:00,22.899999618530273,22.899999618530273,22.799999237060547,22.799999237060547,53058,0.0,0.0
2024-07-26 10:35:00+08:00,22.799999237060547,22.850000381469727,22.799999237060547,22.850000381469727,46103,0.0,0.0
2024-07-26 10:40:00+08:00,22.899999618530273,23.25,22.899999618530273,23.25,74980,0.0,0.0
2024-07-26 10:45:00+08:00,23.350000381469727,23.549999237060547,23.350000381469727,23.549999237060547,82276,0.0,0.0
2024-07-26 10:50:00+08:00,23.649999618530273,23.75,23.399999618530273,23.399999618530273,117445,0.0,0.0
2024-07-26 10:55:00+08:00,23.450000762939453,23.649999618530273,23.450000762939453,23.600000381469727,12200,0.0,0.0
2024-07-26 11:00:00+08:00,23.600000381469727,23.649999618530273,23.549999237060547,23.600000381469727,57000,0.0,0.0
2024-07-26 11:05:00+08:00,23.600000381469727,23.600000381469727,23.5,23.5,17380,0.0,0.0
2024-07-26 11:10:00+08:00,23.5,23.5,23.399999618530273,23.399999618530273,5500,0.0,0.0
2024-07-26 11:15:00+08:00,23.399999618530273,23.399999618530273,23.399999618530273,23.399999618530273,8060,0.0,0.0
2024-07-26 11:20:00+08:00,23.399999618530273,23.399999618530273,23.399999618530273,23.399999618530273,2000,0.0,0.0
2024-07-26 11:25:00+08:00,23.350000381469727,23.399999618530273,23.350000381469727,23.399999618530273,3030,0.0,0.0
2024-07-26 11:30:00+08:00,23.399999618530273,23.399999618530273,23.399999618530273,23.399999618530273,6248,0.0,0.0
2024-07-26 11:40:00+08:00,23.399999618530273,23.399999618530273,23.399999618530273,23.399999618530273,13000,0.0,0.0
2024-07-26 11:45:00+08:00,23.299999237060547,23.299999237060547,23.25,23.25,2000,0.0,0.0
2024-07-26 11:50:00+08:00,23.25,23.25,23.100000381469727,23.100000381469727,7000,0.0,0.0
2024-07-26 11:55:00+08:00,23.100000381469727,23.200000762939453,23.100000381469727,23.200000762939453,16000,0.0,0.0
2024-07-26 12:00:00+08:00,23.200000762939453,23.200000762939453,23.200000762939453,23.200000762939453,1110,0.0,0.0
2024-07-26 12:05:00+08:00,23.25,23.299999237060547,23.25,23.25,5349,0.0,0.0
2024-07-26 12:10:00+08:00,23.25,23.25,23.25,23.25,4030,0.0,0.0
2024-07-26 12:15:00+08:00,23.25,23.25,23.25,23.25,18311,0.0,0.0
2024-07-26 12:20:00+08:00,23.25,23.25,23.25,23.25,2002,0.0,0.0
2024-07-26 12:25:00+08:00,23.25,23.25,23.25,23.25,5376,0.0,0.0
2024-07-26 12:30:00+08:00,23.299999237060547,23.299999237060547,23.25,23.25,4482,0.0,0.0
2024-07-26 12:35:00+08:00,23.350000381469727,23.5,23.350000381469727,23.399999618530273,10914,0.0,0.0
2024-07-26 12:40:00+08:00,23.399999618530273,23.450000762939453,23.350000381469727,23.350000381469727,4350,0.0,0.0
2024-07-26 12:45:00+08:00,23.399999618530273,23.399999618530273,23.350000381469727,23.399999618530273,21757,0.0,0.0
2024-07-26 12:50:00+08:00,23.350000381469727,23.450000762939453,23.350000381469727,23.450000762939453,15612,0.0,0.0
2024-07-26 12:55:00+08:00,23.399999618530273,23.450000762939453,23.399999618530273,23.450000762939453,9000,0.0,0.0
2024-07-26 13:00:00+08:00,23.350000381469727,23.399999618530273,23.350000381469727,23.399999618530273,6190,0.0,0.0
2024-07-26 13:05:00+08:00,23.350000381469727,23.399999618530273,23.350000381469727,23.350000381469727,14200,0.0,0.0
2024-07-26 13:10:00+08:00,23.350000381469727,23.350000381469727,23.299999237060547,23.299999237060547,7110,0.0,0.0
2024-07-26 13:15:00+08:00,23.299999237060547,23.350000381469727,23.299999237060547,23.350000381469727,5211,0.0,0.0
2024-07-26 13:20:00+08:00,23.350000381469727,23.350000381469727,23.25,23.299999237060547,24875,0.0,0.0
