Datetime,Open,High,Low,Close,Volume,Dividends,Stock Splits
2022-09-15 09:30:00-04:00,11.270000457763672,11.279999732971191,11.220000267028809,11.229999542236328,45271,0.0,0.0
2022-09-15 10:30:00-04:00,11.210599899291992,11.289999961853027,11.210599899291992,11.289999961853027,63816,0.0,0.0
2022-09-15 11:30:00-04:00,11.289999961853027,11.289999961853027,11.22130012512207,11.239999771118164,46935,0.0,0.0
2022-09-15 12:30:00-04:00,11.239999771118164,11.266300201416016,11.22920036315918,11.260000228881836,33721,0.0,0.0
2022-09-15 13:30:00-04:00,11.260000228881836,11.260000228881836,11.199999809265137,11.25,47637,0.0,0.0
2022-09-15 14:30:00-04:00,11.230999946594238,11.260000228881836,11.180000305175781,11.1899995803833,69584,0.0,0.0
2022-09-15 15:30:00-04:00,11.180000305175781,11.210000038146973,11.170000076293945,11.210000038146973,22773,0.0,0.0
2022-09-16 09:30:00-04:00,11.119999885559082,11.199399948120117,11.100000381469727,11.168399810791016,67343,0.0,0.0
2022-09-16 10:30:00-04:00,11.167799949645996,11.229999542236328,11.130000114440918,11.189200401306152,102678,0.0,0.0
2022-09-16 11:30:00-04:00,11.180000305175781,11.210000038146973,11.149999618530273,11.149999618530273,52011,0.0,0.0
2022-09-16 12:30:00-04:00,11.149999618530273,11.180000305175781,11.149999618530273,11.158699989318848,22587,0.0,0.0
2022-09-16 13:30:00-04:00,11.15999984741211,11.199999809265137,11.15999984741211,11.180000305175781,47574,0.0,0.0
2022-09-16 14:30:00-04:00,11.1850004196167,11.229999542236328,11.180999755859375,11.199999809265137,20078,0.0,0.0
2022-09-16 15:30:00-04:00,11.199999809265137,11.229999542236328,11.180000305175781,11.220000267028809,41316,0.0,0.0
2022-09-19 09:30:00-04:00,11.100000381469727,11.169699668884277,11.100000381469727,11.140000343322754,178464,0.0,0.0
2022-09-19 10:30:00-04:00,11.130000114440918,11.220000267028809,11.110099792480469,11.175999641418457,103690,0.0,0.0
2022-09-19 11:30:00-04:00,11.199999809265137,11.201499938964844,11.149999618530273,11.149999618530273,56783,0.0,0.0
2022-09-19 12:30:00-04:00,11.154999732971191,11.170000076293945,11.140000343322754,11.149999618530273,40624,0.0,0.0
2022-09-19 13:30:00-04:00,11.154999732971191,11.229999542236328,11.140000343322754,11.218000411987305,96339,0.0,0.0
2022-09-19 14:30:00-04:00,11.145000457763672,11.4399995803833,11.140000343322754,11.4399995803833,269087,0.0,0.0
2022-09-19 15:30:00-04:00,11.4399995803833,11.4399995803833,11.34000015258789,11.354999542236328,101483,0.0,0.0
2022-09-20 09:30:00-04:00,11.3100004196167,11.3149995803833,11.210000038146973,11.224200248718262,43927,0.0,0.0
2022-09-20 10:30:00-04:00,11.25,11.295000076293945,11.210000038146973,11.244999885559082,109207,0.0,0.0
2022-09-20 11:30:00-04:00,11.289999961853027,11.295000076293945,11.220000267028809,11.270000457763672,43604,0.0,0.0
2022-09-20 12:30:00-04:00,11.265999794006348,11.284500122070312,11.229999542236328,11.239999771118164,40251,0.0,0.0
2022-09-20 13:30:00-04:00,11.25,11.255000114440918,11.210000038146973,11.248000144958496,43260,0.0,0.0
2022-09-20 14:30:00-04:00,11.25,11.270000457763672,11.210000038146973,11.251999855041504,126785,0.0,0.0
2022-09-20 15:30:00-04:00,11.256999969482422,11.286299705505371,11.229999542236328,11.260000228881836,31589,0.0,0.0
2022-09-21 09:30:00-04:00,11.239999771118164,11.316499710083008,11.239999771118164,11.289999961853027,47791,0.0,0.0
2022-09-21 10:30:00-04:00,11.291299819946289,11.295000076293945,11.239999771118164,11.259200096130371,32548,0.0,0.0
2022-09-21 11:30:00-04:00,11.25,11.270000457763672,11.229999542236328,11.241600036621094,27487,0.0,0.0
2022-09-21 12:30:00-04:00,11.25,11.270000457763672,11.216400146484375,11.216400146484375,42154,0.0,0.0
2022-09-21 13:30:00-04:00,11.21399974822998,11.227999687194824,11.109999656677246,11.109999656677246,75265,0.0,0.0
2022-09-21 14:30:00-04:00,11.126299858093262,11.260000228881836,11.119999885559082,11.130000114440918,55963,0.0,0.0
2022-09-21 15:30:00-04:00,11.119999885559082,11.140000343322754,11.100000381469727,11.100000381469727,74176,0.0,0.0
2022-09-22 09:30:00-04:00,11.069999694824219,11.100000381469727,11.0201997756958,11.0649995803833,135489,0.0,0.0
2022-09-22 10:30:00-04:00,11.0649995803833,11.069999694824219,11.029999732971191,11.045000076293945,63893,0.0,0.0
2022-09-22 11:30:00-04:00,11.045000076293945,11.100000381469727,11.039999961853027,11.069999694824219,77801,0.0,0.0
2022-09-22 12:30:00-04:00,11.063199996948242,11.130000114440918,11.063199996948242,11.100000381469727,68472,0.0,0.0
2022-09-22 13:30:00-04:00,11.09000015258789,11.109999656677246,11.050000190734863,11.050000190734863,43853,0.0,0.0
2022-09-22 14:30:00-04:00,11.050000190734863,11.109999656677246,11.050000190734863,11.079999923706055,107803,0.0,0.0
2022-09-22 15:30:00-04:00,11.0600004196167,11.069999694824219,11.029999732971191,11.050000190734863,50481,0.0,0.0
2022-09-23 09:30:00-04:00,11.0,11.020000457763672,10.890000343322754,10.979999542236328,280727,0.0,0.0
2022-09-23 10:30:00-04:00,10.979999542236328,10.982799530029297,10.890000343322754,10.930000305175781,123247,0.0,0.0
2022-09-23 11:30:00-04:00,10.920000076293945,10.9350004196167,10.829999923706055,10.84000015258789,77832,0.0,0.0
2022-09-23 12:30:00-04:00,10.842900276184082,10.930000305175781,10.84000015258789,10.902000427246094,93849,0.0,0.0
2022-09-23 13:30:00-04:00,10.905099868774414,10.912400245666504,10.84000015258789,10.859999656677246,51087,0.0,0.0
2022-09-23 14:30:00-04:00,10.859999656677246,10.880000114440918,10.8100004196167,10.859999656677246,48602,0.0,0.0
2022-09-23 15:30:00-04:00,10.880000114440918,10.9399995803833,10.859999656677246,10.930000305175781,76062,0.0,0.0
2022-09-26 09:30:00-04:00,10.819999694824219,10.920000076293945,10.8100004196167,10.88599967956543,173543,0.0,0.0
2022-09-26 10:30:00-04:00,10.880000114440918,10.890000343322754,10.8100004196167,10.8149995803833,64636,0.0,0.0
2022-09-26 11:30:00-04:00,10.812399864196777,10.819999694824219,10.75,10.75,118129,0.0,0.0
2022-09-26 12:30:00-04:00,10.757100105285645,10.75790023803711,10.649999618530273,10.684000015258789,220934,0.0,0.0
2022-09-26 13:30:00-04:00,10.699999809265137,10.760000228881836,10.680000305175781,10.687299728393555,141452,0.0,0.0
2022-09-26 14:30:00-04:00,10.6850004196167,10.720000267028809,10.670000076293945,10.720000267028809,57804,0.0,0.0
2022-09-26 15:30:00-04:00,10.71500015258789,10.75,10.680000305175781,10.699999809265137,88777,0.0,0.0
2022-09-27 09:30:00-04:00,10.729999542236328,10.829999923706055,10.569999694824219,10.668999671936035,174454,0.0,0.0
2022-09-27 10:30:00-04:00,10.675000190734863,10.699999809265137,10.619999885559082,10.635000228881836,59083,0.0,0.0
2022-09-27 11:30:00-04:00,10.646699905395508,10.646699905395508,10.5,10.555000305175781,143767,0.0,0.0
2022-09-27 12:30:00-04:00,10.564000129699707,10.579999923706055,10.550000190734863,10.569000244140625,38976,0.0,0.0
2022-09-27 13:30:00-04:00,10.550999641418457,10.587499618530273,10.529999732971191,10.587499618530273,75539,0.0,0.0
2022-09-27 14:30:00-04:00,10.579999923706055,10.645000457763672,10.579999923706055,10.609999656677246,91004,0.0,0.0
2022-09-27 15:30:00-04:00,10.602299690246582,10.609999656677246,10.539999961853027,10.550000190734863,123255,0.0,0.0
2022-09-28 09:30:00-04:00,10.569999694824219,10.618499755859375,10.560799598693848,10.600899696350098,122423,0.0,0.0
2022-09-28 10:30:00-04:00,10.608200073242188,10.680000305175781,10.59000015258789,10.680000305175781,105364,0.0,0.0
2022-09-28 11:30:00-04:00,10.664999961853027,10.699999809265137,10.664999961853027,10.670000076293945,47047,0.0,0.0
2022-09-28 12:30:00-04:00,10.670000076293945,10.6899995803833,10.659099578857422,10.68179988861084,66967,0.0,0.0
2022-09-28 13:30:00-04:00,10.6850004196167,10.6899995803833,10.630000114440918,10.644000053405762,88961,0.0,0.0
2022-09-28 14:30:00-04:00,10.642499923706055,10.65999984741211,10.569999694824219,10.640000343322754,191897,0.0,0.0
2022-09-28 15:30:00-04:00,10.640000343322754,10.654399871826172,10.614999771118164,10.645000457763672,125212,0.0,0.0
2022-09-29 09:30:00-04:00,10.579999923706055,10.59000015258789,10.4399995803833,10.487000465393066,265350,0.0,0.0
2022-09-29 10:30:00-04:00,10.470000267028809,10.529999732971191,10.460000038146973,10.514900207519531,81633,0.0,0.0
2022-09-29 11:30:00-04:00,10.515700340270996,10.520000457763672,10.460100173950195,10.460100173950195,48386,0.0,0.0
2022-09-29 12:30:00-04:00,10.470000267028809,10.479999542236328,10.430000305175781,10.456299781799316,72214,0.0,0.0
2022-09-29 13:30:00-04:00,10.456700325012207,10.479999542236328,10.38010025024414,10.408100128173828,144726,0.0,0.0
2022-09-29 14:30:00-04:00,10.416000366210938,10.473099708557129,10.406100273132324,10.466400146484375,60451,0.0,0.0
2022-09-29 15:30:00-04:00,10.479999542236328,10.489999771118164,10.420000076293945,10.4399995803833,63708,0.0,0.0
2022-09-30 09:30:00-04:00,10.380000114440918,10.428099632263184,10.270000457763672,10.329999923706055,237973,0.0,0.0
2022-09-30 10:30:00-04:00,10.335000038146973,10.369999885559082,10.319999694824219,10.359999656677246,54255,0.0,0.0
2022-09-30 11:30:00-04:00,10.362700462341309,10.377699851989746,10.300000190734863,10.319999694824219,102823,0.0,0.0
2022-09-30 12:30:00-04:00,10.319999694824219,10.390000343322754,10.319999694824219,10.376999855041504,61910,0.0,0.0
2022-09-30 13:30:00-04:00,10.371500015258789,10.380000114440918,10.329999923706055,10.359999656677246,105777,0.0,0.0
2022-09-30 14:30:00-04:00,10.359999656677246,10.380000114440918,10.329999923706055,10.350000381469727,88412,0.0,0.0
2022-09-30 15:30:00-04:00,10.354999542236328,10.379500389099121,10.329999923706055,10.34000015258789,59624,0.0,0.0
2022-10-03 09:30:00-04:00,10.430000305175781,10.46679973602295,10.359999656677246,10.419899940490723,169726,0.0,0.0
2022-10-03 10:30:00-04:00,10.40999984741211,10.431500434875488,10.390000343322754,10.40999984741211,70501,0.0,0.0
2022-10-03 11:30:00-04:00,10.404199600219727,10.4399995803833,10.399999618530273,10.418100357055664,56294,0.0,0.0
2022-10-03 12:30:00-04:00,10.425000190734863,10.4399995803833,10.40999984741211,10.414999961853027,27979,0.0,0.0
2022-10-03 13:30:00-04:00,10.414999961853027,10.434399604797363,10.399999618530273,10.434399604797363,70304,0.0,0.0
2022-10-03 14:30:00-04:00,10.4399995803833,10.467000007629395,10.430000305175781,10.43910026550293,44855,0.0,0.0
2022-10-03 15:30:00-04:00,10.4399995803833,10.449999809265137,10.420000076293945,10.449999809265137,31109,0.0,0.0
2022-10-04 09:30:00-04:00,10.460000038146973,10.619999885559082,10.430000305175781,10.59000015258789,86031,0.0,0.0
2022-10-04 10:30:00-04:00,10.539999961853027,10.619999885559082,10.520000457763672,10.59000015258789,293499,0.0,0.0
2022-10-04 11:30:00-04:00,10.588899612426758,10.609999656677246,10.5649995803833,10.600000381469727,101421,0.0,0.0
2022-10-04 12:30:00-04:00,10.598999977111816,10.609999656677246,10.5,10.501500129699707,126378,0.0,0.0
2022-10-04 13:30:00-04:00,10.5600004196167,10.563699722290039,10.460000038146973,10.526300430297852,166975,0.0,0.0
2022-10-04 14:30:00-04:00,10.49120044708252,10.579999923706055,10.489999771118164,10.526000022888184,165699,0.0,0.0
2022-10-04 15:30:00-04:00,10.529000282287598,10.5600004196167,10.524900436401367,10.550000190734863,35112,0.0,0.0
2022-10-05 09:30:00-04:00,10.479999542236328,10.5,10.329999923706055,10.345000267028809,172877,0.0,0.0
2022-10-05 10:30:00-04:00,10.350000381469727,10.40999984741211,10.34000015258789,10.40999984741211,97045,0.0,0.0
2022-10-05 11:30:00-04:00,10.402799606323242,10.409899711608887,10.369999885559082,10.399999618530273,51898,0.0,0.0
2022-10-05 12:30:00-04:00,10.39900016784668,10.420000076293945,10.380000114440918,10.40999984741211,33614,0.0,0.0
2022-10-05 13:30:00-04:00,10.420000076293945,10.449999809265137,10.40999984741211,10.4399995803833,55917,0.0,0.0
2022-10-05 14:30:00-04:00,10.4350004196167,10.460000038146973,10.420000076293945,10.449999809265137,66864,0.0,0.0
2022-10-05 15:30:00-04:00,10.440999984741211,10.449999809265137,10.369999885559082,10.380000114440918,35437,0.0,0.0
2022-10-06 09:30:00-04:00,10.40999984741211,10.420000076293945,10.260000228881836,10.270000457763672,405945,0.0,0.0
2022-10-06 10:30:00-04:00,10.289999961853027,10.319999694824219,10.260000228881836,10.30739974975586,166922,0.0,0.0
2022-10-06 11:30:00-04:00,10.3100004196167,10.31980037689209,10.262800216674805,10.28499984741211,78695,0.0,0.0
2022-10-06 12:30:00-04:00,10.272000312805176,10.3100004196167,10.262800216674805,10.279999732971191,49081,0.0,0.0
2022-10-06 13:30:00-04:00,10.279999732971191,10.289899826049805,10.25,10.25,83854,0.0,0.0
2022-10-06 14:30:00-04:00,10.260000228881836,10.270000457763672,10.199999809265137,10.260000228881836,279464,0.0,0.0
2022-10-06 15:30:00-04:00,10.265000343322754,10.279999732971191,10.229999542236328,10.239999771118164,38003,0.0,0.0
2022-10-07 09:30:00-04:00,10.199999809265137,10.239999771118164,10.109999656677246,10.152799606323242,219978,0.0,0.0
2022-10-07 10:30:00-04:00,10.155400276184082,10.1899995803833,10.140000343322754,10.189900398254395,93658,0.0,0.0
2022-10-07 11:30:00-04:00,10.180000305175781,10.1899995803833,10.149999618530273,10.149999618530273,38442,0.0,0.0
2022-10-07 12:30:00-04:00,10.140000343322754,10.149900436401367,10.100000381469727,10.111300468444824,73792,0.0,0.0
2022-10-07 13:30:00-04:00,10.114800453186035,10.125,10.09000015258789,10.095000267028809,76349,0.0,0.0
2022-10-07 14:30:00-04:00,10.095000267028809,10.109999656677246,10.071700096130371,10.071700096130371,126939,0.0,0.0
2022-10-07 15:30:00-04:00,10.07979965209961,10.15999984741211,10.069999694824219,10.15999984741211,108154,0.0,0.0
2022-10-10 09:30:00-04:00,10.130000114440918,10.149999618530273,10.029999732971191,10.0600004196167,402013,0.0,0.0
2022-10-10 10:30:00-04:00,10.069999694824219,10.100000381469727,9.970000267028809,10.039999961853027,424098,0.0,0.0
2022-10-10 11:30:00-04:00,9.979999542236328,10.047900199890137,9.979999542236328,10.0,167536,0.0,0.0
2022-10-10 12:30:00-04:00,10.010000228881836,10.029999732971191,9.970000267028809,10.005000114440918,233423,0.0,0.0
2022-10-10 13:30:00-04:00,9.982000350952148,10.079999923706055,9.979999542236328,10.03499984741211,273378,0.0,0.0
2022-10-10 14:30:00-04:00,10.039999961853027,10.0600004196167,10.0,10.020000457763672,156041,0.0,0.0
2022-10-10 15:30:00-04:00,10.020000457763672,10.055000305175781,10.020000457763672,10.029999732971191,107337,0.0,0.0
2022-10-11 09:30:00-04:00,10.020000457763672,10.069999694824219,9.960000038146973,10.020000457763672,214252,0.0,0.0
2022-10-11 10:30:00-04:00,10.020099639892578,10.220000267028809,10.0108003616333,10.145000457763672,344996,0.0,0.0
2022-10-11 11:30:00-04:00,10.149999618530273,10.229999542236328,10.140000343322754,10.219400405883789,135748,0.0,0.0
2022-10-11 12:30:00-04:00,10.220000267028809,10.270000457763672,10.1899995803833,10.234000205993652,120200,0.0,0.0
2022-10-11 13:30:00-04:00,10.229999542236328,10.260000228881836,10.199999809265137,10.204999923706055,67853,0.0,0.0
2022-10-11 14:30:00-04:00,10.210000038146973,10.229999542236328,10.100000381469727,10.130000114440918,65196,0.0,0.0
2022-10-11 15:30:00-04:00,10.130000114440918,10.164999961853027,10.1274995803833,10.154999732971191,53253,0.0,0.0
2022-10-12 09:30:00-04:00,10.130000114440918,10.329999923706055,10.09000015258789,10.190099716186523,230591,0.0,0.0
2022-10-12 10:30:00-04:00,10.199299812316895,10.199999809265137,10.12090015411377,10.130000114440918,77888,0.0,0.0
2022-10-12 11:30:00-04:00,10.119999885559082,10.130000114440918,10.039999961853027,10.039999961853027,49806,0.0,0.0
2022-10-12 12:30:00-04:00,10.045000076293945,10.079999923706055,10.039999961853027,10.055000305175781,39816,0.0,0.0
2022-10-12 13:30:00-04:00,10.059900283813477,10.1899995803833,10.039999961853027,10.145000457763672,248382,0.0,0.0
2022-10-12 14:30:00-04:00,10.145000457763672,10.15999984741211,10.039999961853027,10.050000190734863,149773,0.0,0.0
2022-10-12 15:30:00-04:00,10.045000076293945,10.0600004196167,10.039999961853027,10.039999961853027,79915,0.0,0.0
2022-10-13 09:30:00-04:00,9.930000305175781,10.039999961853027,9.829999923706055,9.991100311279297,426077,0.0,0.0
2022-10-13 10:30:00-04:00,9.990300178527832,10.170000076293945,9.9399995803833,10.117799758911133,178833,0.0,0.0
2022-10-13 11:30:00-04:00,10.130000114440918,10.260000228881836,10.100000381469727,10.149999618530273,154644,0.0,0.0
2022-10-13 12:30:00-04:00,10.145000457763672,10.229900360107422,10.135000228881836,10.21500015258789,109697,0.0,0.0
2022-10-13 13:30:00-04:00,10.21500015258789,10.260000228881836,10.199999809265137,10.25,84830,0.0,0.0
2022-10-13 14:30:00-04:00,10.25,10.329999923706055,10.229999542236328,10.239999771118164,120872,0.0,0.0
2022-10-13 15:30:00-04:00,10.240099906921387,10.270000457763672,10.1899995803833,10.1899995803833,100190,0.0,0.0
2022-10-14 09:30:00-04:00,10.260000228881836,10.319999694824219,10.079999923706055,10.130000114440918,124599,0.0,0.0
2022-10-14 10:30:00-04:00,10.130000114440918,10.170000076293945,10.074000358581543,10.100000381469727,67593,0.0,0.0
2022-10-14 11:30:00-04:00,10.079999923706055,10.079999923706055,10.024999618530273,10.03499984741211,32107,0.0,0.0
2022-10-14 12:30:00-04:00,10.036299705505371,10.069999694824219,10.029999732971191,10.039999961853027,32373,0.0,0.0
2022-10-14 13:30:00-04:00,10.043100357055664,10.079999923706055,10.039999961853027,10.043399810791016,67609,0.0,0.0
2022-10-14 14:30:00-04:00,10.039999961853027,10.085000038146973,10.017499923706055,10.079999923706055,94745,0.0,0.0
2022-10-14 15:30:00-04:00,10.085000038146973,10.104999542236328,10.039999961853027,10.0600004196167,46869,0.0,0.0
2022-10-17 09:30:00-04:00,10.149999618530273,10.300000190734863,10.149999618530273,10.260000228881836,95039,0.0,0.0
2022-10-17 10:30:00-04:00,10.260000228881836,10.289999961853027,10.229999542236328,10.270000457763672,58699,0.0,0.0
2022-10-17 11:30:00-04:00,10.263199806213379,10.34000015258789,10.26200008392334,10.270000457763672,79148,0.0,0.0
2022-10-17 12:30:00-04:00,10.274999618530273,10.274999618530273,10.210000038146973,10.239999771118164,72605,0.0,0.0
2022-10-17 13:30:00-04:00,10.228799819946289,10.24899959564209,10.210000038146973,10.225000381469727,71385,0.0,0.0
2022-10-17 14:30:00-04:00,10.229999542236328,10.239999771118164,10.199999809265137,10.220000267028809,42637,0.0,0.0
2022-10-17 15:30:00-04:00,10.220000267028809,10.239999771118164,10.210000038146973,10.21500015258789,27209,0.0,0.0
2022-10-18 09:30:00-04:00,10.350000381469727,10.460000038146973,10.305000305175781,10.395000457763672,73736,0.0,0.0
2022-10-18 10:30:00-04:00,10.420000076293945,10.460000038146973,10.329999923706055,10.350000381469727,161946,0.0,0.0
2022-10-18 11:30:00-04:00,10.399999618530273,10.399999618530273,10.329999923706055,10.354999542236328,85553,0.0,0.0
2022-10-18 12:30:00-04:00,10.359999656677246,10.399999618530273,10.345000267028809,10.390000343322754,115671,0.0,0.0
2022-10-18 13:30:00-04:00,10.359999656677246,10.4399995803833,10.35319995880127,10.439299583435059,56501,0.0,0.0
2022-10-18 14:30:00-04:00,10.430000305175781,10.4399995803833,10.359999656677246,10.399999618530273,94824,0.0,0.0
2022-10-18 15:30:00-04:00,10.389900207519531,10.4399995803833,10.389900207519531,10.430000305175781,49034,0.0,0.0
2022-10-19 09:30:00-04:00,10.399999618530273,10.470000267028809,10.331899642944336,10.460000038146973,158282,0.0,0.0
2022-10-19 10:30:00-04:00,10.40999984741211,10.470000267028809,10.359999656677246,10.361000061035156,98322,0.0,0.0
2022-10-19 11:30:00-04:00,10.359999656677246,10.378600120544434,10.25,10.271499633789062,131140,0.0,0.0
2022-10-19 12:30:00-04:00,10.329999923706055,10.329999923706055,10.244999885559082,10.319999694824219,213028,0.0,0.0
2022-10-19 13:30:00-04:00,10.255000114440918,10.359999656677246,10.25,10.319000244140625,110049,0.0,0.0
2022-10-19 14:30:00-04:00,10.34000015258789,10.359999656677246,10.300000190734863,10.3100004196167,77438,0.0,0.0
2022-10-19 15:30:00-04:00,10.307499885559082,10.359999656677246,10.300000190734863,10.359999656677246,21594,0.0,0.0
2022-10-20 09:30:00-04:00,10.329999923706055,10.390000343322754,10.281399726867676,10.345000267028809,14361,0.0,0.0
2022-10-20 10:30:00-04:00,10.345000267028809,10.399999618530273,10.289999961853027,10.319999694824219,198704,0.0,0.0
2022-10-20 11:30:00-04:00,10.358200073242188,10.390000343322754,10.289999961853027,10.309900283813477,145403,0.0,0.0
2022-10-20 12:30:00-04:00,10.359999656677246,10.359999656677246,10.229999542236328,10.279999732971191,148507,0.0,0.0
2022-10-20 13:30:00-04:00,10.300000190734863,10.300000190734863,10.180000305175781,10.210000038146973,161255,0.0,0.0
2022-10-20 14:30:00-04:00,10.229999542236328,10.260000228881836,10.175000190734863,10.225000381469727,138932,0.0,0.0
2022-10-20 15:30:00-04:00,10.225000381469727,10.289999961853027,10.210000038146973,10.279999732971191,48507,0.0,0.0
2022-10-21 09:30:00-04:00,10.270000457763672,10.340200424194336,10.219200134277344,10.270000457763672,48535,0.0,0.0
2022-10-21 10:30:00-04:00,10.279999732971191,10.300000190734863,10.25,10.300000190734863,45588,0.0,0.0
2022-10-21 11:30:00-04:00,10.300000190734863,10.369999885559082,10.286399841308594,10.3149995803833,70364,0.0,0.0
2022-10-21 12:30:00-04:00,10.310999870300293,10.420000076293945,10.310999870300293,10.38949966430664,55204,0.0,0.0
2022-10-21 13:30:00-04:00,10.384499549865723,10.428600311279297,10.380000114440918,10.414999961853027,44202,0.0,0.0
2022-10-21 14:30:00-04:00,10.41349983215332,10.479999542236328,10.399999618530273,10.460000038146973,62890,0.0,0.0
2022-10-21 15:30:00-04:00,10.470000267028809,10.479999542236328,10.460000038146973,10.479999542236328,20146,0.0,0.0
2022-10-24 09:30:00-04:00,10.5,10.550000190734863,10.399999618530273,10.460000038146973,119919,0.0,0.0
2022-10-24 10:30:00-04:00,10.449999809265137,10.5600004196167,10.430000305175781,10.527999877929688,108348,0.0,0.0
2022-10-24 11:30:00-04:00,10.53499984741211,10.623900413513184,10.531900405883789,10.550000190734863,63269,0.0,0.0
2022-10-24 12:30:00-04:00,10.550000190734863,10.5600004196167,10.5,10.54990005493164,82765,0.0,0.0
2022-10-24 13:30:00-04:00,10.53339958190918,10.550000190734863,10.515000343322754,10.550000190734863,38342,0.0,0.0
2022-10-24 14:30:00-04:00,10.559800148010254,10.579899787902832,10.539999961853027,10.550000190734863,28552,0.0,0.0
2022-10-24 15:30:00-04:00,10.5600004196167,10.5600004196167,10.529999732971191,10.5600004196167,46499,0.0,0.0
2022-10-25 09:30:00-04:00,10.59000015258789,10.680000305175781,10.5649995803833,10.667099952697754,48197,0.0,0.0
2022-10-25 10:30:00-04:00,10.635700225830078,10.680000305175781,10.5649995803833,10.661600112915039,149050,0.0,0.0
2022-10-25 11:30:00-04:00,10.664999961853027,10.721500396728516,10.66100025177002,10.692999839782715,100650,0.0,0.0
2022-10-25 12:30:00-04:00,10.6850004196167,10.721500396728516,10.619999885559082,10.65779972076416,174235,0.0,0.0
2022-10-25 13:30:00-04:00,10.699899673461914,10.699899673461914,10.649999618530273,10.659000396728516,39817,0.0,0.0
2022-10-25 14:30:00-04:00,10.65999984741211,10.715999603271484,10.630000114440918,10.700499534606934,99031,0.0,0.0
2022-10-25 15:30:00-04:00,10.710000038146973,10.720000267028809,10.65999984741211,10.680000305175781,28043,0.0,0.0
2022-10-26 09:30:00-04:00,10.65999984741211,10.71660041809082,10.630000114440918,10.702199935913086,34221,0.0,0.0
2022-10-26 10:30:00-04:00,10.645000457763672,10.75,10.645000457763672,10.704999923706055,189118,0.0,0.0
2022-10-26 11:30:00-04:00,10.729999542236328,10.75,10.699999809265137,10.710000038146973,97061,0.0,0.0
2022-10-26 12:30:00-04:00,10.720000267028809,10.75,10.699999809265137,10.744999885559082,105117,0.0,0.0
2022-10-26 13:30:00-04:00,10.744999885559082,10.746999740600586,10.710000038146973,10.722800254821777,91952,0.0,0.0
2022-10-26 14:30:00-04:00,10.720000267028809,10.746999740600586,10.670000076293945,10.680000305175781,102539,0.0,0.0
2022-10-26 15:30:00-04:00,10.680000305175781,10.699999809265137,10.649999618530273,10.649999618530273,64999,0.0,0.0
2022-10-27 09:30:00-04:00,10.699999809265137,10.779999732971191,10.699999809265137,10.740099906921387,190109,0.0,0.0
2022-10-27 10:30:00-04:00,10.729999542236328,10.760100364685059,10.6899995803833,10.710000038146973,148957,0.0,0.0
2022-10-27 11:30:00-04:00,10.707099914550781,10.71500015258789,10.670100212097168,10.676300048828125,74173,0.0,0.0
2022-10-27 12:30:00-04:00,10.6899995803833,10.701399803161621,10.65999984741211,10.680000305175781,60640,0.0,0.0
2022-10-27 13:30:00-04:00,10.675000190734863,10.701399803161621,10.640000343322754,10.654399871826172,138789,0.0,0.0
2022-10-27 14:30:00-04:00,10.645000457763672,10.65999984741211,10.619999885559082,10.635000228881836,158862,0.0,0.0
2022-10-27 15:30:00-04:00,10.634200096130371,10.656800270080566,10.609999656677246,10.630000114440918,35359,0.0,0.0
2022-10-28 09:30:00-04:00,10.600000381469727,10.758999824523926,10.550100326538086,10.739999771118164,107872,0.0,0.0
2022-10-28 10:30:00-04:00,10.739999771118164,10.739999771118164,10.680100440979004,10.6899995803833,22853,0.0,0.0
2022-10-28 11:30:00-04:00,10.692500114440918,10.739999771118164,10.684000015258789,10.730999946594238,54531,0.0,0.0
2022-10-28 12:30:00-04:00,10.739999771118164,10.760000228881836,10.729999542236328,10.734999656677246,39964,0.0,0.0
2022-10-28 13:30:00-04:00,10.739999771118164,10.746999740600586,10.729999542236328,10.73169994354248,31802,0.0,0.0
2022-10-28 14:30:00-04:00,10.73490047454834,10.774999618530273,10.73490047454834,10.755000114440918,64984,0.0,0.0
2022-10-28 15:30:00-04:00,10.753999710083008,10.779999732971191,10.75,10.779999732971191,68118,0.0,0.0
2022-10-31 09:30:00-04:00,10.739999771118164,10.739999771118164,10.630000114440918,10.71500015258789,93579,0.0,0.0
2022-10-31 10:30:00-04:00,10.71500015258789,10.75,10.710000038146973,10.748100280761719,19610,0.0,0.0
2022-10-31 11:30:00-04:00,10.748800277709961,10.749300003051758,10.680000305175781,10.710000038146973,20830,0.0,0.0
2022-10-31 12:30:00-04:00,10.699999809265137,10.699999809265137,10.65999984741211,10.680000305175781,31207,0.0,0.0
2022-10-31 13:30:00-04:00,10.675000190734863,10.708700180053711,10.675000190734863,10.697199821472168,43092,0.0,0.0
2022-10-31 14:30:00-04:00,10.697799682617188,10.70989990234375,10.649999618530273,10.680000305175781,39923,0.0,0.0
2022-10-31 15:30:00-04:00,10.663399696350098,10.698800086975098,10.649999618530273,10.670000076293945,33628,0.0,0.0
2022-11-01 09:30:00-04:00,10.75,10.75,10.680000305175781,10.729999542236328,110639,0.0,0.0
2022-11-01 10:30:00-04:00,10.699999809265137,10.739999771118164,10.670000076293945,10.709099769592285,83711,0.0,0.0
2022-11-01 11:30:00-04:00,10.680000305175781,10.748499870300293,10.680000305175781,10.720000267028809,64442,0.0,0.0
2022-11-01 12:30:00-04:00,10.720000267028809,10.760000228881836,10.710100173950195,10.751399993896484,96781,0.0,0.0
2022-11-01 13:30:00-04:00,10.75,10.760000228881836,10.699999809265137,10.710000038146973,97462,0.0,0.0
2022-11-01 14:30:00-04:00,10.710000038146973,10.718799591064453,10.680000305175781,10.694999694824219,128057,0.0,0.0
2022-11-01 15:30:00-04:00,10.6850004196167,10.710100173950195,10.6850004196167,10.694999694824219,50644,0.0,0.0
2022-11-02 09:30:00-04:00,10.710000038146973,10.72089958190918,10.649999618530273,10.69789981842041,44259,0.0,0.0
2022-11-02 10:30:00-04:00,10.680000305175781,10.710000038146973,10.675000190734863,10.710000038146973,85407,0.0,0.0
2022-11-02 11:30:00-04:00,10.6850004196167,10.75,10.6850004196167,10.729999542236328,50778,0.0,0.0
2022-11-02 12:30:00-04:00,10.729999542236328,10.789999961853027,10.720000267028809,10.770000457763672,93063,0.0,0.0
2022-11-02 13:30:00-04:00,10.75,10.850000381469727,10.739999771118164,10.839300155639648,117261,0.0,0.0
2022-11-02 14:30:00-04:00,10.819999694824219,10.859999656677246,10.649999618530273,10.664999961853027,184680,0.0,0.0
2022-11-02 15:30:00-04:00,10.65999984741211,10.84000015258789,10.65999984741211,10.729999542236328,184545,0.0,0.0
2022-11-03 09:30:00-04:00,10.75,10.84000015258789,10.670000076293945,10.83329963684082,405772,0.0,0.0
2022-11-03 10:30:00-04:00,10.831999778747559,10.875,10.8100004196167,10.824999809265137,68402,0.0,0.0
2022-11-03 11:30:00-04:00,10.8100004196167,10.920000076293945,10.802000045776367,10.875,148055,0.0,0.0
2022-11-03 12:30:00-04:00,10.880000114440918,10.909899711608887,10.859999656677246,10.859999656677246,43509,0.0,0.0
2022-11-03 13:30:00-04:00,10.868499755859375,10.899999618530273,10.859999656677246,10.875,46938,0.0,0.0
2022-11-03 14:30:00-04:00,10.876799583435059,10.930000305175781,10.829299926757812,10.885000228881836,116555,0.0,0.0
2022-11-03 15:30:00-04:00,10.880000114440918,10.920000076293945,10.860699653625488,10.904999732971191,124676,0.0,0.0
2022-11-04 09:30:00-04:00,10.960000038146973,11.04699993133545,10.920000076293945,11.04699993133545,215112,0.0,0.0
2022-11-04 10:30:00-04:00,11.050000190734863,11.063799858093262,10.9399995803833,10.960000038146973,96971,0.0,0.0
2022-11-04 11:30:00-04:00,10.96500015258789,10.96500015258789,10.84000015258789,10.915800094604492,58065,0.0,0.0
2022-11-04 12:30:00-04:00,10.90999984741211,10.90999984741211,10.819999694824219,10.880000114440918,62709,0.0,0.0
2022-11-04 13:30:00-04:00,10.890000343322754,10.920000076293945,10.850000381469727,10.920000076293945,60502,0.0,0.0
2022-11-04 14:30:00-04:00,10.920000076293945,11.0600004196167,10.90999984741211,11.050000190734863,279213,0.0,0.0
2022-11-04 15:30:00-04:00,11.050000190734863,11.09000015258789,11.029999732971191,11.079999923706055,86616,0.0,0.0
2022-11-07 09:30:00-05:00,11.09000015258789,11.09000015258789,10.960000038146973,11.0,84329,0.0,0.0
2022-11-07 10:30:00-05:00,11.00220012664795,11.0600004196167,10.989999771118164,11.029999732971191,58089,0.0,0.0
2022-11-07 11:30:00-05:00,11.039999961853027,11.039999961853027,10.930000305175781,10.9350004196167,64832,0.0,0.0
2022-11-07 12:30:00-05:00,10.9399995803833,10.970000267028809,10.899999618530273,10.909099578857422,53822,0.0,0.0
2022-11-07 13:30:00-05:00,10.904999732971191,10.9399995803833,10.890000343322754,10.90999984741211,36892,0.0,0.0
2022-11-07 14:30:00-05:00,10.918100357055664,10.920000076293945,10.881600379943848,10.895000457763672,110080,0.0,0.0
2022-11-07 15:30:00-05:00,10.89009952545166,10.899999618530273,10.880000114440918,10.895000457763672,34771,0.0,0.0
2022-11-08 09:30:00-05:00,10.899999618530273,10.964200019836426,10.84000015258789,10.949999809265137,116608,0.0,0.0
2022-11-08 10:30:00-05:00,10.959099769592285,10.989999771118164,10.899999618530273,10.9399995803833,44119,0.0,0.0
2022-11-08 11:30:00-05:00,10.970000267028809,10.98859977722168,10.970000267028809,10.979999542236328,19122,0.0,0.0
2022-11-08 12:30:00-05:00,10.989999771118164,11.010000228881836,10.920000076293945,10.920000076293945,62270,0.0,0.0
2022-11-08 13:30:00-05:00,10.91409969329834,10.96399974822998,10.899999618530273,10.899999618530273,26232,0.0,0.0
2022-11-08 14:30:00-05:00,10.899999618530273,10.994999885559082,10.880000114440918,10.994999885559082,57814,0.0,0.0
2022-11-08 15:30:00-05:00,10.989700317382812,11.001999855041504,10.944999694824219,10.960000038146973,16737,0.0,0.0
2022-11-09 09:30:00-05:00,10.9399995803833,10.961600303649902,10.883899688720703,10.920999526977539,97464,0.0,0.0
2022-11-09 10:30:00-05:00,10.899999618530273,10.961600303649902,10.869999885559082,10.92609977722168,83091,0.0,0.0
2022-11-09 11:30:00-05:00,10.880000114440918,10.949899673461914,10.869999885559082,10.917200088500977,58011,0.0,0.0
2022-11-09 12:30:00-05:00,10.925000190734863,10.949999809265137,10.899999618530273,10.899999618530273,50574,0.0,0.0
2022-11-09 13:30:00-05:00,10.949999809265137,10.949999809265137,10.890000343322754,10.904999732971191,49966,0.0,0.0
2022-11-09 14:30:00-05:00,10.890000343322754,10.9399995803833,10.880000114440918,10.899999618530273,173934,0.0,0.0
2022-11-09 15:30:00-05:00,10.904999732971191,10.90999984741211,10.859999656677246,10.869999885559082,105058,0.0,0.0
2022-11-10 09:30:00-05:00,11.119999885559082,11.270000457763672,11.069999694824219,11.244099617004395,314177,0.0,0.0
2022-11-10 10:30:00-05:00,11.239999771118164,11.239999771118164,11.149999618530273,11.180000305175781,91081,0.0,0.0
2022-11-10 11:30:00-05:00,11.1899995803833,11.225299835205078,11.109999656677246,11.110099792480469,98686,0.0,0.0
2022-11-10 12:30:00-05:00,11.100000381469727,11.109999656677246,11.0649995803833,11.095000267028809,60690,0.0,0.0
2022-11-10 13:30:00-05:00,11.095000267028809,11.125,11.09000015258789,11.125,47452,0.0,0.0
2022-11-10 14:30:00-05:00,11.120499610900879,11.225000381469727,11.119999885559082,11.225000381469727,63753,0.0,0.0
2022-11-10 15:30:00-05:00,11.229999542236328,11.239999771118164,11.1850004196167,11.239999771118164,63235,0.0,0.0
2022-11-11 09:30:00-05:00,11.25,11.289999961853027,11.079999923706055,11.199999809265137,205900,0.0,0.0
2022-11-11 10:30:00-05:00,11.220000267028809,11.289999961853027,11.109999656677246,11.109999656677246,168971,0.0,0.0
2022-11-11 11:30:00-05:00,11.149999618530273,11.149999618530273,11.092000007629395,11.126999855041504,39386,0.0,0.0
2022-11-11 12:30:00-05:00,11.109999656677246,11.180100440979004,11.092000007629395,11.135000228881836,96557,0.0,0.0
2022-11-11 13:30:00-05:00,11.149800300598145,11.160099983215332,11.085000038146973,11.130000114440918,82073,0.0,0.0
2022-11-11 14:30:00-05:00,11.119999885559082,11.130000114440918,11.024999618530273,11.050000190734863,194250,0.0,0.0
2022-11-11 15:30:00-05:00,11.06980037689209,11.072699546813965,11.039999961853027,11.050000190734863,24721,0.0,0.0
2022-11-14 09:30:00-05:00,11.050000190734863,11.100000381469727,11.016300201416016,11.039999961853027,76941,0.0,0.0
2022-11-14 10:30:00-05:00,11.03499984741211,11.066399574279785,10.9399995803833,10.960000038146973,56797,0.0,0.0
2022-11-14 11:30:00-05:00,10.954999923706055,10.994999885559082,10.944999694824219,10.970000267028809,59302,0.0,0.0
2022-11-14 12:30:00-05:00,10.975000381469727,11.020000457763672,10.975000381469727,11.020000457763672,26311,0.0,0.0
2022-11-14 13:30:00-05:00,11.015000343322754,11.029999732971191,11.0,11.015000343322754,46805,0.0,0.0
2022-11-14 14:30:00-05:00,11.020000457763672,11.029999732971191,11.0,11.010000228881836,57892,0.0,0.0
2022-11-14 15:30:00-05:00,11.015000343322754,11.039999961853027,11.0,11.020000457763672,38775,0.0,0.0
2022-11-15 09:30:00-05:00,11.029999732971191,11.079999923706055,10.979999542236328,11.069999694824219,119429,0.0,0.0
2022-11-15 10:30:00-05:00,11.079999923706055,11.086000442504883,11.053199768066406,11.079999923706055,51667,0.0,0.0
2022-11-15 11:30:00-05:00,11.091400146484375,11.130000114440918,11.079999923706055,11.109000205993652,50721,0.0,0.0
2022-11-15 12:30:00-05:00,11.109999656677246,11.180000305175781,11.085000038146973,11.095000267028809,92572,0.0,0.0
2022-11-15 13:30:00-05:00,11.09000015258789,11.217900276184082,11.069999694824219,11.217900276184082,82521,0.0,0.0
2022-11-15 14:30:00-05:00,11.212699890136719,11.229999542236328,11.15999984741211,11.180000305175781,49600,0.0,0.0
2022-11-15 15:30:00-05:00,11.170000076293945,11.220000267028809,11.15999984741211,11.21500015258789,26580,0.0,0.0
2022-11-16 09:30:00-05:00,11.15999984741211,11.239999771118164,11.149999618530273,11.234999656677246,92703,0.0,0.0
2022-11-16 10:30:00-05:00,11.180000305175781,11.239999771118164,11.180000305175781,11.210000038146973,59307,0.0,0.0
2022-11-16 11:30:00-05:00,11.219099998474121,11.25,11.199999809265137,11.244999885559082,90383,0.0,0.0
2022-11-16 12:30:00-05:00,11.25,11.279999732971191,11.231200218200684,11.25,122461,0.0,0.0
2022-11-16 13:30:00-05:00,11.268400192260742,11.270000457763672,11.21500015258789,11.234999656677246,133983,0.0,0.0
2022-11-16 14:30:00-05:00,11.234999656677246,11.239100456237793,11.180000305175781,11.210000038146973,104436,0.0,0.0
2022-11-16 15:30:00-05:00,11.220000267028809,11.25,11.210000038146973,11.25,32499,0.0,0.0
2022-11-17 09:30:00-05:00,11.15999984741211,11.180000305175781,11.104999542236328,11.149999618530273,49359,0.0,0.0
2022-11-17 10:30:00-05:00,11.15999984741211,11.177900314331055,11.09000015258789,11.160099983215332,54325,0.0,0.0
2022-11-17 11:30:00-05:00,11.163599967956543,11.170000076293945,11.100000381469727,11.140000343322754,22608,0.0,0.0
2022-11-17 12:30:00-05:00,11.12399959564209,11.170000076293945,11.119999885559082,11.149999618530273,16207,0.0,0.0
2022-11-17 13:30:00-05:00,11.150799751281738,11.169899940490723,11.135000228881836,11.14330005645752,17476,0.0,0.0
2022-11-17 14:30:00-05:00,11.140000343322754,11.140000343322754,11.100700378417969,11.104999542236328,21113,0.0,0.0
2022-11-17 15:30:00-05:00,11.104999542236328,11.180000305175781,11.104999542236328,11.180000305175781,28187,0.0,0.0
2022-11-18 09:30:00-05:00,11.15999984741211,11.175000190734863,11.114999771118164,11.128600120544434,47567,0.0,0.0
2022-11-18 10:30:00-05:00,11.13700008392334,11.15999984741211,11.109999656677246,11.119999885559082,58938,0.0,0.0
2022-11-18 11:30:00-05:00,11.119999885559082,11.119999885559082,11.079999923706055,11.09000015258789,27299,0.0,0.0
2022-11-18 12:30:00-05:00,11.079999923706055,11.119999885559082,11.069999694824219,11.1181001663208,32342,0.0,0.0
2022-11-18 13:30:00-05:00,11.119999885559082,11.127900123596191,11.104999542236328,11.119999885559082,14120,0.0,0.0
2022-11-18 14:30:00-05:00,11.119999885559082,11.180000305175781,11.109999656677246,11.180000305175781,33944,0.0,0.0
2022-11-18 15:30:00-05:00,11.180000305175781,11.25,11.170000076293945,11.244999885559082,83154,0.0,0.0
2022-11-21 09:30:00-05:00,11.170000076293945,11.227899551391602,11.15999984741211,11.180000305175781,95572,0.0,0.0
2022-11-21 10:30:00-05:00,11.210000038146973,11.21500015258789,11.170000076293945,11.175000190734863,51738,0.0,0.0
2022-11-21 11:30:00-05:00,11.18910026550293,11.239999771118164,11.170100212097168,11.183199882507324,86721,0.0,0.0
2022-11-21 12:30:00-05:00,11.207599639892578,11.219900131225586,11.178000450134277,11.219900131225586,38201,0.0,0.0
2022-11-21 13:30:00-05:00,11.180000305175781,11.220000267028809,11.175000190734863,11.199999809265137,38891,0.0,0.0
2022-11-21 14:30:00-05:00,11.199899673461914,11.220000267028809,11.175000190734863,11.189000129699707,60981,0.0,0.0
2022-11-21 15:30:00-05:00,11.1899995803833,11.220000267028809,11.180000305175781,11.199999809265137,32948,0.0,0.0
2022-11-22 09:30:00-05:00,11.199999809265137,11.289999961853027,11.199999809265137,11.260000228881836,87132,0.0,0.0
2022-11-22 10:30:00-05:00,11.260000228881836,11.3100004196167,11.229999542236328,11.280099868774414,121072,0.0,0.0
2022-11-22 11:30:00-05:00,11.279999732971191,11.3100004196167,11.260000228881836,11.289999961853027,125583,0.0,0.0
2022-11-22 12:30:00-05:00,11.289999961853027,11.3100004196167,11.26259994506836,11.270000457763672,89121,0.0,0.0
2022-11-22 13:30:00-05:00,11.29069995880127,11.34000015258789,11.26200008392334,11.312299728393555,134518,0.0,0.0
2022-11-22 14:30:00-05:00,11.319999694824219,11.350000381469727,11.289999961853027,11.34000015258789,229458,0.0,0.0
2022-11-22 15:30:00-05:00,11.341300010681152,11.369999885559082,11.329999923706055,11.350000381469727,136251,0.0,0.0
2022-11-23 09:30:00-05:00,11.350000381469727,11.359999656677246,11.319999694824219,11.350000381469727,97359,0.0,0.0
2022-11-23 10:30:00-05:00,11.338000297546387,11.420000076293945,11.319999694824219,11.359999656677246,159318,0.0,0.0
2022-11-23 11:30:00-05:00,11.389100074768066,11.389100074768066,11.319999694824219,11.340100288391113,142849,0.0,0.0
2022-11-23 12:30:00-05:00,11.33899974822998,11.350000381469727,11.305000305175781,11.311699867248535,56594,0.0,0.0
2022-11-23 13:30:00-05:00,11.319899559020996,11.329999923706055,11.300000190734863,11.305000305175781,55527,0.0,0.0
2022-11-23 14:30:00-05:00,11.324999809265137,11.324999809265137,11.28499984741211,11.305000305175781,82965,0.0,0.0
2022-11-23 15:30:00-05:00,11.305000305175781,11.359999656677246,11.300000190734863,11.359999656677246,31371,0.0,0.0
2022-11-25 09:30:00-05:00,11.319999694824219,11.405400276184082,11.289999961853027,11.405400276184082,46846,0.0,0.0
2022-11-25 10:30:00-05:00,11.406200408935547,11.406200408935547,11.350000381469727,11.358499526977539,18816,0.0,0.0
2022-11-25 11:30:00-05:00,11.351300239562988,11.364999771118164,11.324999809265137,11.362099647521973,29304,0.0,0.0
2022-11-28 09:30:00-05:00,11.350000381469727,11.380000114440918,11.338500022888184,11.369999885559082,64742,0.0,0.0
2022-11-28 10:30:00-05:00,11.350000381469727,11.369999885559082,11.34000015258789,11.364999771118164,33012,0.0,0.0
2022-11-28 11:30:00-05:00,11.362799644470215,11.420000076293945,11.359999656677246,11.371399879455566,52918,0.0,0.0
2022-11-28 12:30:00-05:00,11.371700286865234,11.380000114440918,11.359999656677246,11.375,36502,0.0,0.0
2022-11-28 13:30:00-05:00,11.380000114440918,11.390000343322754,11.369999885559082,11.380000114440918,38626,0.0,0.0
2022-11-28 14:30:00-05:00,11.375,11.390000343322754,11.314599990844727,11.314599990844727,187368,0.0,0.0
2022-11-28 15:30:00-05:00,11.34000015258789,11.390000343322754,11.319999694824219,11.359999656677246,51157,0.0,0.0
2022-11-29 09:30:00-05:00,11.25,11.276700019836426,11.170000076293945,11.188799858093262,102867,0.0,0.0
2022-11-29 10:30:00-05:00,11.204999923706055,11.25,11.180000305175781,11.1899995803833,40039,0.0,0.0
2022-11-29 11:30:00-05:00,11.188699722290039,11.210000038146973,11.180800437927246,11.19159984588623,26324,0.0,0.0
2022-11-29 12:30:00-05:00,11.210000038146973,11.284000396728516,11.210000038146973,11.260000228881836,25956,0.0,0.0
2022-11-29 13:30:00-05:00,11.260000228881836,11.289999961853027,11.2253999710083,11.229999542236328,25718,0.0,0.0
2022-11-29 14:30:00-05:00,11.220000267028809,11.260000228881836,11.210000038146973,11.229999542236328,38514,0.0,0.0
2022-11-29 15:30:00-05:00,11.246000289916992,11.251799583435059,11.220000267028809,11.229999542236328,25172,0.0,0.0
2022-11-30 09:30:00-05:00,11.220000267028809,11.279999732971191,11.1899995803833,11.226400375366211,32407,0.0,0.0
2022-11-30 10:30:00-05:00,11.210000038146973,11.25,11.194999694824219,11.229999542236328,58111,0.0,0.0
2022-11-30 11:30:00-05:00,11.199999809265137,11.25,11.194999694824219,11.209400177001953,62676,0.0,0.0
2022-11-30 12:30:00-05:00,11.223199844360352,11.225000381469727,11.164999961853027,11.196999549865723,50889,0.0,0.0
2022-11-30 13:30:00-05:00,11.1899995803833,11.32129955291748,11.1899995803833,11.279999732971191,94919,0.0,0.0
2022-11-30 14:30:00-05:00,11.300000190734863,11.32129955291748,11.25,11.276000022888184,159201,0.0,0.0
2022-11-30 15:30:00-05:00,11.279999732971191,11.34000015258789,11.274999618530273,11.329999923706055,83013,0.0,0.0
2022-12-01 09:30:00-05:00,11.380000114440918,11.460000038146973,11.300000190734863,11.36989974975586,197072,0.0,0.0
2022-12-01 10:30:00-05:00,11.359999656677246,11.36989974975586,11.319999694824219,11.350000381469727,70734,0.0,0.0
2022-12-01 11:30:00-05:00,11.350000381469727,11.354499816894531,11.270000457763672,11.295000076293945,80199,0.0,0.0
2022-12-01 12:30:00-05:00,11.295000076293945,11.34000015258789,11.272000312805176,11.289999961853027,39128,0.0,0.0
2022-12-01 13:30:00-05:00,11.289999961853027,11.289999961853027,11.220000267028809,11.220000267028809,20784,0.0,0.0
2022-12-01 14:30:00-05:00,11.210000038146973,11.273300170898438,11.210000038146973,11.265000343322754,102559,0.0,0.0
2022-12-01 15:30:00-05:00,11.260000228881836,11.305000305175781,11.24269962310791,11.270000457763672,39507,0.0,0.0
2022-12-02 09:30:00-05:00,11.170000076293945,11.244999885559082,11.130000114440918,11.199999809265137,65664,0.0,0.0
2022-12-02 10:30:00-05:00,11.197799682617188,11.242400169372559,11.170000076293945,11.177200317382812,30955,0.0,0.0
2022-12-02 11:30:00-05:00,11.170000076293945,11.1899995803833,11.160200119018555,11.170000076293945,24409,0.0,0.0
2022-12-02 12:30:00-05:00,11.177000045776367,11.180000305175781,11.109999656677246,11.119999885559082,46722,0.0,0.0
2022-12-02 13:30:00-05:00,11.11400032043457,11.154999732971191,11.110099792480469,11.145000457763672,54032,0.0,0.0
2022-12-02 14:30:00-05:00,11.140000343322754,11.175000190734863,11.119999885559082,11.119999885559082,54149,0.0,0.0
2022-12-02 15:30:00-05:00,11.125,11.130000114440918,11.109999656677246,11.119999885559082,19166,0.0,0.0
2022-12-05 09:30:00-05:00,11.119999885559082,11.119999885559082,11.029999732971191,11.03499984741211,65015,0.0,0.0
2022-12-05 10:30:00-05:00,11.038700103759766,11.074999809265137,11.029999732971191,11.03909969329834,54655,0.0,0.0
2022-12-05 11:30:00-05:00,11.039999961853027,11.0600004196167,11.0,11.043399810791016,43142,0.0,0.0
2022-12-05 12:30:00-05:00,11.039999961853027,11.04010009765625,11.006600379943848,11.03499984741211,22904,0.0,0.0
2022-12-05 13:30:00-05:00,11.039999961853027,11.055000305175781,11.020000457763672,11.050000190734863,52932,0.0,0.0
2022-12-05 14:30:00-05:00,11.050100326538086,11.095000267028809,11.050000190734863,11.069999694824219,41924,0.0,0.0
2022-12-05 15:30:00-05:00,11.0649995803833,11.09000015258789,11.0649995803833,11.079999923706055,30572,0.0,0.0
2022-12-06 09:30:00-05:00,11.0600004196167,11.140000343322754,11.0600004196167,11.130000114440918,55072,0.0,0.0
2022-12-06 10:30:00-05:00,11.119999885559082,11.180000305175781,11.109999656677246,11.134499549865723,55791,0.0,0.0
2022-12-06 11:30:00-05:00,11.135000228881836,11.149999618530273,11.09000015258789,11.119999885559082,19357,0.0,0.0
2022-12-06 12:30:00-05:00,11.11359977722168,11.149999618530273,11.104000091552734,11.114999771118164,21366,0.0,0.0
2022-12-06 13:30:00-05:00,11.114999771118164,11.145000457763672,11.100000381469727,11.119999885559082,26676,0.0,0.0
2022-12-06 14:30:00-05:00,11.119999885559082,11.14900016784668,11.119999885559082,11.137299537658691,31133,0.0,0.0
2022-12-06 15:30:00-05:00,11.135000228881836,11.170000076293945,11.120100021362305,11.15999984741211,13834,0.0,0.0
2022-12-07 09:30:00-05:00,11.140000343322754,11.244999885559082,11.130000114440918,11.244999885559082,59468,0.0,0.0
2022-12-07 10:30:00-05:00,11.15999984741211,11.25,11.15999984741211,11.21500015258789,90169,0.0,0.0
2022-12-07 11:30:00-05:00,11.239999771118164,11.24899959564209,11.180000305175781,11.206899642944336,69787,0.0,0.0
2022-12-07 12:30:00-05:00,11.211000442504883,11.239999771118164,11.170000076293945,11.183300018310547,97418,0.0,0.0
2022-12-07 13:30:00-05:00,11.210000038146973,11.220000267028809,11.145000457763672,11.149999618530273,129357,0.0,0.0
2022-12-07 14:30:00-05:00,11.15999984741211,11.229999542236328,11.0600004196167,11.229999542236328,131905,0.0,0.0
2022-12-07 15:30:00-05:00,11.229999542236328,11.260000228881836,11.180000305175781,11.229999542236328,59483,0.0,0.0
2022-12-08 09:30:00-05:00,11.15999984741211,11.34000015258789,11.15999984741211,11.300000190734863,62247,0.0,0.0
2022-12-08 10:30:00-05:00,11.29990005493164,11.359999656677246,11.260000228881836,11.34000015258789,93353,0.0,0.0
2022-12-08 11:30:00-05:00,11.319999694824219,11.32800006866455,11.234999656677246,11.239899635314941,86879,0.0,0.0
2022-12-08 12:30:00-05:00,11.239999771118164,11.253999710083008,11.239999771118164,11.25,9408,0.0,0.0
2022-12-08 13:30:00-05:00,11.241000175476074,11.274999618530273,11.180000305175781,11.204999923706055,48249,0.0,0.0
2022-12-08 14:30:00-05:00,11.199999809265137,11.199999809265137,11.160099983215332,11.189200401306152,29215,0.0,0.0
2022-12-08 15:30:00-05:00,11.185999870300293,11.199999809265137,11.152000427246094,11.199999809265137,48518,0.0,0.0
2022-12-09 09:30:00-05:00,11.069999694824219,11.180000305175781,11.069999694824219,11.125,93736,0.0,0.0
2022-12-09 10:30:00-05:00,11.139599800109863,11.180000305175781,11.114999771118164,11.149999618530273,73084,0.0,0.0
2022-12-09 11:30:00-05:00,11.180000305175781,11.199999809265137,11.140000343322754,11.170000076293945,92829,0.0,0.0
2022-12-09 12:30:00-05:00,11.194999694824219,11.210000038146973,11.166600227355957,11.204999923706055,40809,0.0,0.0
2022-12-09 13:30:00-05:00,11.199999809265137,11.229999542236328,11.180000305175781,11.227499961853027,68298,0.0,0.0
2022-12-09 14:30:00-05:00,11.220100402832031,11.350000381469727,11.220000267028809,11.226799964904785,194004,0.0,0.0
2022-12-09 15:30:00-05:00,11.221099853515625,11.239999771118164,11.166000366210938,11.21500015258789,32750,0.0,0.0
2022-12-12 09:30:00-05:00,11.270000457763672,11.279999732971191,11.170000076293945,11.229999542236328,146529,0.0,0.0
2022-12-12 10:30:00-05:00,11.239999771118164,11.367199897766113,11.239999771118164,11.300100326538086,144817,0.0,0.0
2022-12-12 11:30:00-05:00,11.289999961853027,11.319999694824219,11.239999771118164,11.25,77932,0.0,0.0
2022-12-12 12:30:00-05:00,11.25,11.270000457763672,11.229900360107422,11.239999771118164,41662,0.0,0.0
2022-12-12 13:30:00-05:00,11.248900413513184,11.260000228881836,11.220000267028809,11.239999771118164,35324,0.0,0.0
2022-12-12 14:30:00-05:00,11.239999771118164,11.270000457763672,11.220000267028809,11.265000343322754,53383,0.0,0.0
2022-12-12 15:30:00-05:00,11.265000343322754,11.289999961853027,11.239999771118164,11.260000228881836,44727,0.0,0.0
2022-12-13 09:30:00-05:00,11.489999771118164,11.489999771118164,11.319999694824219,11.395000457763672,408344,0.0,0.0
2022-12-13 10:30:00-05:00,11.399999618530273,11.460000038146973,11.342900276184082,11.350000381469727,181478,0.0,0.0
2022-12-13 11:30:00-05:00,11.35990047454834,11.369999885559082,11.25,11.286800384521484,111234,0.0,0.0
2022-12-13 12:30:00-05:00,11.289899826049805,11.29800033569336,11.25,11.29800033569336,74693,0.0,0.0
2022-12-13 13:30:00-05:00,11.25,11.34000015258789,11.25,11.324399948120117,109672,0.0,0.0
2022-12-13 14:30:00-05:00,11.329999923706055,11.350000381469727,11.2701997756958,11.329999923706055,81161,0.0,0.0
2022-12-13 15:30:00-05:00,11.332200050354004,11.359999656677246,11.3100004196167,11.3100004196167,46451,0.0,0.0
2022-12-14 09:30:00-05:00,11.239999771118164,11.329999923706055,11.239999771118164,11.32800006866455,70324,0.0,0.0
2022-12-14 10:30:00-05:00,11.32919979095459,11.404000282287598,11.309599876403809,11.399999618530273,88384,0.0,0.0
2022-12-14 11:30:00-05:00,11.390000343322754,11.40999984741211,11.359999656677246,11.369999885559082,54010,0.0,0.0
2022-12-14 12:30:00-05:00,11.36299991607666,11.390000343322754,11.359999656677246,11.375,49301,0.0,0.0
2022-12-14 13:30:00-05:00,11.377900123596191,11.420000076293945,11.270000457763672,11.3100004196167,92491,0.0,0.0
2022-12-14 14:30:00-05:00,11.345000267028809,11.390000343322754,11.253999710083008,11.289999961853027,133828,0.0,0.0
2022-12-14 15:30:00-05:00,11.289999961853027,11.369500160217285,11.279999732971191,11.345000267028809,54516,0.0,0.0
2022-12-15 09:30:00-05:00,11.289999961853027,11.3100004196167,11.220000267028809,11.289999961853027,72139,0.0,0.0
2022-12-15 10:30:00-05:00,11.274999618530273,11.300000190734863,11.210000038146973,11.220800399780273,73997,0.0,0.0
2022-12-15 11:30:00-05:00,11.225000381469727,11.278200149536133,11.210000038146973,11.278200149536133,37752,0.0,0.0
2022-12-15 12:30:00-05:00,11.270000457763672,11.277000427246094,11.25,11.263999938964844,31408,0.0,0.0
2022-12-15 13:30:00-05:00,11.270000457763672,11.299799919128418,11.260000228881836,11.265000343322754,33976,0.0,0.0
2022-12-15 14:30:00-05:00,11.270000457763672,11.350000381469727,11.270000457763672,11.345000267028809,55711,0.0,0.0
2022-12-15 15:30:00-05:00,11.347000122070312,11.354999542236328,11.3100004196167,11.3100004196167,47113,0.0,0.0
2022-12-16 09:30:00-05:00,11.229999542236328,11.270000457763672,11.210000038146973,11.220000267028809,58950,0.0,0.0
2022-12-16 10:30:00-05:00,11.21500015258789,11.239500045776367,11.175000190734863,11.229999542236328,103471,0.0,0.0
2022-12-16 11:30:00-05:00,11.229999542236328,11.25,11.210100173950195,11.229999542236328,95592,0.0,0.0
2022-12-16 12:30:00-05:00,11.239999771118164,11.25,11.210000038146973,11.210000038146973,40591,0.0,0.0
2022-12-16 13:30:00-05:00,11.210000038146973,11.210000038146973,11.149999618530273,11.17199993133545,97562,0.0,0.0
2022-12-16 14:30:00-05:00,11.179900169372559,11.224800109863281,11.15999984741211,11.21500015258789,48023,0.0,0.0
2022-12-16 15:30:00-05:00,11.21500015258789,11.232799530029297,11.180000305175781,11.1850004196167,63324,0.0,0.0
2022-12-19 09:30:00-05:00,11.149999618530273,11.210000038146973,11.119999885559082,11.199999809265137,85699,0.0,0.0
2022-12-19 10:30:00-05:00,11.210000038146973,11.210000038146973,11.15999984741211,11.180399894714355,54216,0.0,0.0
2022-12-19 11:30:00-05:00,11.1850004196167,11.229999542236328,11.170000076293945,11.204999923706055,82870,0.0,0.0
2022-12-19 12:30:00-05:00,11.199999809265137,11.229999542236328,11.199999809265137,11.210100173950195,29089,0.0,0.0
2022-12-19 13:30:00-05:00,11.208800315856934,11.220000267028809,11.149999618530273,11.15999984741211,45900,0.0,0.0
2022-12-19 14:30:00-05:00,11.170000076293945,11.210000038146973,11.15999984741211,11.18690013885498,36583,0.0,0.0
2022-12-19 15:30:00-05:00,11.177900314331055,11.220000267028809,11.177900314331055,11.215800285339355,29282,0.0,0.0
2022-12-20 09:30:00-05:00,11.170000076293945,11.21500015258789,11.130000114440918,11.194100379943848,32615,0.0,0.0
2022-12-20 10:30:00-05:00,11.194499969482422,11.239999771118164,11.149999618530273,11.149999618530273,634491,0.0,0.0
2022-12-20 11:30:00-05:00,11.182600021362305,11.265000343322754,11.149999618530273,11.265000343322754,99960,0.0,0.0
2022-12-20 12:30:00-05:00,11.234999656677246,11.300000190734863,11.234999656677246,11.25979995727539,75139,0.0,0.0
2022-12-20 13:30:00-05:00,11.290499687194824,11.3100004196167,11.250100135803223,11.309900283813477,72813,0.0,0.0
2022-12-20 14:30:00-05:00,11.29990005493164,11.3100004196167,11.239999771118164,11.25,115982,0.0,0.0
2022-12-20 15:30:00-05:00,11.276000022888184,11.28499984741211,11.199999809265137,11.204999923706055,55315,0.0,0.0
2022-12-21 09:30:00-05:00,11.350000381469727,11.399999618530273,11.3100004196167,11.390000343322754,327583,0.0,0.0
2022-12-21 10:30:00-05:00,11.359999656677246,11.40999984741211,11.354999542236328,11.395000457763672,196270,0.0,0.0
2022-12-21 11:30:00-05:00,11.399999618530273,11.409799575805664,11.350000381469727,11.369999885559082,143308,0.0,0.0
2022-12-21 12:30:00-05:00,11.390000343322754,11.399999618530273,11.350000381469727,11.390000343322754,110235,0.0,0.0
2022-12-21 13:30:00-05:00,11.380000114440918,11.399999618530273,11.364999771118164,11.364999771118164,71434,0.0,0.0
2022-12-21 14:30:00-05:00,11.389900207519531,11.389900207519531,11.34000015258789,11.350000381469727,106684,0.0,0.0
2022-12-21 15:30:00-05:00,11.345000267028809,11.399999618530273,11.340100288391113,11.399999618530273,54355,0.0,0.0
2022-12-22 09:30:00-05:00,11.359999656677246,11.380000114440918,11.329999923706055,11.336999893188477,63597,0.0,0.0
2022-12-22 10:30:00-05:00,11.34000015258789,11.359999656677246,11.321999549865723,11.334099769592285,109894,0.0,0.0
2022-12-22 11:30:00-05:00,11.354999542236328,11.359999656677246,11.28499984741211,11.28499984741211,74499,0.0,0.0
2022-12-22 12:30:00-05:00,11.324999809265137,11.324999809265137,11.229999542236328,11.250800132751465,80943,0.0,0.0
2022-12-22 13:30:00-05:00,11.239999771118164,11.28499984741211,11.229999542236328,11.270000457763672,47385,0.0,0.0
2022-12-22 14:30:00-05:00,11.265000343322754,11.278599739074707,11.220000267028809,11.244999885559082,149459,0.0,0.0
2022-12-22 15:30:00-05:00,11.244999885559082,11.3100004196167,11.239999771118164,11.3100004196167,74490,0.0,0.0
2022-12-23 09:30:00-05:00,11.3100004196167,11.350000381469727,11.25,11.342900276184082,90967,0.0,0.0
2022-12-23 10:30:00-05:00,11.349100112915039,11.378999710083008,11.345000267028809,11.359999656677246,27635,0.0,0.0
2022-12-23 11:30:00-05:00,11.359999656677246,11.430000305175781,11.340100288391113,11.404999732971191,45035,0.0,0.0
2022-12-23 12:30:00-05:00,11.40999984741211,11.430000305175781,11.395000457763672,11.420000076293945,25841,0.0,0.0
2022-12-23 13:30:00-05:00,11.414999961853027,11.4399995803833,11.380000114440918,11.420000076293945,47026,0.0,0.0
2022-12-23 14:30:00-05:00,11.425000190734863,11.449899673461914,11.416799545288086,11.430000305175781,47552,0.0,0.0
2022-12-23 15:30:00-05:00,11.429900169372559,11.449999809265137,11.420000076293945,11.444999694824219,26885,0.0,0.0
2022-12-27 09:30:00-05:00,11.420000076293945,11.460000038146973,11.369999885559082,11.430100440979004,86377,0.0,0.0
2022-12-27 10:30:00-05:00,11.430000305175781,11.449999809265137,11.390000343322754,11.4399995803833,54505,0.0,0.0
2022-12-27 11:30:00-05:00,11.4399995803833,11.449999809265137,11.399999618530273,11.40999984741211,97198,0.0,0.0
2022-12-27 12:30:00-05:00,11.40999984741211,11.425600051879883,11.40999984741211,11.414299964904785,16844,0.0,0.0
2022-12-27 13:30:00-05:00,11.420000076293945,11.430000305175781,11.369999885559082,11.369999885559082,53437,0.0,0.0
2022-12-27 14:30:00-05:00,11.379899978637695,11.4399995803833,11.369999885559082,11.437999725341797,62830,0.0,0.0
2022-12-27 15:30:00-05:00,11.436100006103516,11.4399995803833,11.380000114440918,11.399999618530273,72397,0.0,0.0
2022-12-28 09:30:00-05:00,11.390000343322754,11.414999961853027,11.369999885559082,11.373900413513184,154032,0.0,0.0
2022-12-28 10:30:00-05:00,11.39009952545166,11.404999732971191,11.329999923706055,11.353799819946289,165561,0.0,0.0
2022-12-28 11:30:00-05:00,11.34689998626709,11.380000114440918,11.329999923706055,11.380000114440918,184298,0.0,0.0
2022-12-28 12:30:00-05:00,11.34000015258789,11.390000343322754,11.34000015258789,11.354999542236328,104245,0.0,0.0
2022-12-28 13:30:00-05:00,11.364999771118164,11.369999885559082,11.34000015258789,11.363499641418457,84093,0.0,0.0
2022-12-28 14:30:00-05:00,11.364999771118164,11.390000343322754,11.34000015258789,11.34000015258789,62157,0.0,0.0
2022-12-28 15:30:00-05:00,11.350000381469727,11.369999885559082,11.333000183105469,11.350000381469727,37124,0.0,0.0
2022-12-29 09:30:00-05:00,11.260000228881836,11.33650016784668,11.260000228881836,11.319999694824219,17407,0.0,0.0
2022-12-29 10:30:00-05:00,11.320099830627441,11.33650016784668,11.300000190734863,11.3100004196167,66892,0.0,0.0
2022-12-29 11:30:00-05:00,11.311800003051758,11.369999885559082,11.3100004196167,11.350099563598633,89617,0.0,0.0
2022-12-29 12:30:00-05:00,11.350000381469727,11.390000343322754,11.34000015258789,11.345000267028809,100365,0.0,0.0
2022-12-29 13:30:00-05:00,11.354999542236328,11.359999656677246,11.270000457763672,11.274299621582031,176082,0.0,0.0
2022-12-29 14:30:00-05:00,11.309300422668457,11.309300422668457,11.270000457763672,11.279000282287598,43461,0.0,0.0
2022-12-29 15:30:00-05:00,11.279800415039062,11.329999923706055,11.271699905395508,11.329999923706055,13637,0.0,0.0
2022-12-30 09:30:00-05:00,11.289999961853027,11.380000114440918,11.289999961853027,11.359999656677246,53453,0.0,0.0
2022-12-30 10:30:00-05:00,11.35200023651123,11.355600357055664,11.300000190734863,11.305000305175781,26809,0.0,0.0
2022-12-30 11:30:00-05:00,11.301300048828125,11.309100151062012,11.25,11.28499984741211,48742,0.0,0.0
2022-12-30 12:30:00-05:00,11.279999732971191,11.29990005493164,11.210100173950195,11.225000381469727,39727,0.0,0.0
2022-12-30 13:30:00-05:00,11.229999542236328,11.239999771118164,11.15999984741211,11.180000305175781,58491,0.0,0.0
2022-12-30 14:30:00-05:00,11.184000015258789,11.260000228881836,11.184000015258789,11.23900032043457,67528,0.0,0.0
2022-12-30 15:30:00-05:00,11.229999542236328,11.270000457763672,11.229999542236328,11.25,12302,0.0,0.0
2023-01-03 09:30:00-05:00,11.319999694824219,11.395500183105469,11.229999542236328,11.300000190734863,175266,0.0,0.0
2023-01-03 10:30:00-05:00,11.296099662780762,11.339900016784668,11.255000114440918,11.26509952545166,32524,0.0,0.0
2023-01-03 11:30:00-05:00,11.265000343322754,11.329999923706055,11.256799697875977,11.28499984741211,67819,0.0,0.0
2023-01-03 12:30:00-05:00,11.280099868774414,11.296099662780762,11.25,11.289999961853027,42392,0.0,0.0
2023-01-03 13:30:00-05:00,11.28499984741211,11.305000305175781,11.25,11.286299705505371,61708,0.0,0.0
2023-01-03 14:30:00-05:00,11.28499984741211,11.3100004196167,11.255000114440918,11.303999900817871,35830,0.0,0.0
2023-01-03 15:30:00-05:00,11.30370044708252,11.34000015258789,11.300000190734863,11.305000305175781,36605,0.0,0.0
2023-01-04 09:30:00-05:00,11.3100004196167,11.319999694824219,11.259400367736816,11.279999732971191,52866,0.0,0.0
2023-01-04 10:30:00-05:00,11.28499984741211,11.331999778747559,11.28499984741211,11.300100326538086,45778,0.0,0.0
2023-01-04 11:30:00-05:00,11.3149995803833,11.319999694824219,11.3100004196167,11.3149995803833,36299,0.0,0.0
2023-01-04 12:30:00-05:00,11.3100004196167,11.319899559020996,11.300000190734863,11.3149995803833,25618,0.0,0.0
2023-01-04 13:30:00-05:00,11.311800003051758,11.324999809265137,11.28499984741211,11.28499984741211,67029,0.0,0.0
2023-01-04 14:30:00-05:00,11.28499984741211,11.32979965209961,11.279999732971191,11.3100004196167,28462,0.0,0.0
2023-01-04 15:30:00-05:00,11.319999694824219,11.319999694824219,11.279999732971191,11.3100004196167,47319,0.0,0.0
2023-01-05 09:30:00-05:00,11.25,11.289999961853027,11.220000267028809,11.22029972076416,149212,0.0,0.0
2023-01-05 10:30:00-05:00,11.255000114440918,11.28909969329834,11.210000038146973,11.229999542236328,128776,0.0,0.0
2023-01-05 11:30:00-05:00,11.220000267028809,11.270000457763672,11.220000267028809,11.270000457763672,211333,0.0,0.0
2023-01-05 12:30:00-05:00,11.25,11.369999885559082,11.244999885559082,11.315199851989746,186753,0.0,0.0
2023-01-05 13:30:00-05:00,11.270000457763672,11.369999885559082,11.260100364685059,11.274700164794922,149258,0.0,0.0
2023-01-05 14:30:00-05:00,11.32960033416748,11.336999893188477,11.255000114440918,11.255000114440918,115474,0.0,0.0
2023-01-05 15:30:00-05:00,11.25,11.274999618530273,11.239999771118164,11.270000457763672,22570,0.0,0.0
2023-01-06 09:30:00-05:00,11.300000190734863,11.399999618530273,11.279999732971191,11.350000381469727,120757,0.0,0.0
2023-01-06 10:30:00-05:00,11.359999656677246,11.420000076293945,11.359999656677246,11.392000198364258,72513,0.0,0.0
2023-01-06 11:30:00-05:00,11.390000343322754,11.419400215148926,11.38010025024414,11.389100074768066,38929,0.0,0.0
2023-01-06 12:30:00-05:00,11.380000114440918,11.399999618530273,11.370100021362305,11.389200210571289,44693,0.0,0.0
2023-01-06 13:30:00-05:00,11.390000343322754,11.399999618530273,11.380000114440918,11.390000343322754,36368,0.0,0.0
2023-01-06 14:30:00-05:00,11.38010025024414,11.390000343322754,11.369999885559082,11.385000228881836,46948,0.0,0.0
2023-01-06 15:30:00-05:00,11.385000228881836,11.399999618530273,11.385000228881836,11.399999618530273,36616,0.0,0.0
2023-01-09 09:30:00-05:00,11.420000076293945,11.420000076293945,11.354999542236328,11.380000114440918,70532,0.0,0.0
2023-01-09 10:30:00-05:00,11.369999885559082,11.430000305175781,11.369999885559082,11.404999732971191,101033,0.0,0.0
2023-01-09 11:30:00-05:00,11.42650032043457,11.430000305175781,11.375,11.381500244140625,140936,0.0,0.0
2023-01-09 12:30:00-05:00,11.380000114440918,11.399499893188477,11.369999885559082,11.385000228881836,59463,0.0,0.0
2023-01-09 13:30:00-05:00,11.380999565124512,11.390000343322754,11.359999656677246,11.385000228881836,107402,0.0,0.0
2023-01-09 14:30:00-05:00,11.364999771118164,11.420000076293945,11.359999656677246,11.395000457763672,115535,0.0,0.0
2023-01-09 15:30:00-05:00,11.399999618530273,11.430000305175781,11.399999618530273,11.430000305175781,57055,0.0,0.0
2023-01-10 09:30:00-05:00,11.420000076293945,11.449999809265137,11.390000343322754,11.399999618530273,128735,0.0,0.0
2023-01-10 10:30:00-05:00,11.383099555969238,11.470000267028809,11.350000381469727,11.4399995803833,91428,0.0,0.0
2023-01-10 11:30:00-05:00,11.43179988861084,11.449999809265137,11.410099983215332,11.418800354003906,30730,0.0,0.0
2023-01-10 12:30:00-05:00,11.414999961853027,11.449999809265137,11.40999984741211,11.4350004196167,42196,0.0,0.0
2023-01-10 13:30:00-05:00,11.4399995803833,11.467399597167969,11.420000076293945,11.4350004196167,43476,0.0,0.0
2023-01-10 14:30:00-05:00,11.439900398254395,11.460000038146973,11.430000305175781,11.4350004196167,23127,0.0,0.0
2023-01-10 15:30:00-05:00,11.4350004196167,11.475000381469727,11.434000015258789,11.470000267028809,66749,0.0,0.0
2023-01-11 09:30:00-05:00,11.460000038146973,11.5,11.420000076293945,11.486900329589844,130189,0.0,0.0
2023-01-11 10:30:00-05:00,11.484999656677246,11.489999771118164,11.449999809265137,11.470000267028809,56781,0.0,0.0
2023-01-11 11:30:00-05:00,11.477299690246582,11.5,11.460100173950195,11.5,55382,0.0,0.0
2023-01-11 12:30:00-05:00,11.494999885559082,11.5,11.470000267028809,11.494999885559082,31527,0.0,0.0
2023-01-11 13:30:00-05:00,11.494999885559082,11.510000228881836,11.48009967803955,11.505000114440918,54786,0.0,0.0
2023-01-11 14:30:00-05:00,11.506999969482422,11.510000228881836,11.479999542236328,11.487000465393066,43115,0.0,0.0
2023-01-11 15:30:00-05:00,11.488100051879883,11.489999771118164,11.479999542236328,11.484999656677246,18756,0.0,0.0
2023-01-12 09:30:00-05:00,11.449999809265137,11.510000228881836,11.40999984741211,11.494999885559082,169121,0.0,0.0
2023-01-12 10:30:00-05:00,11.50100040435791,11.569999694824219,11.484999656677246,11.550000190734863,72857,0.0,0.0
2023-01-12 11:30:00-05:00,11.539999961853027,11.579999923706055,11.539999961853027,11.574999809265137,46560,0.0,0.0
2023-01-12 12:30:00-05:00,11.579999923706055,11.609999656677246,11.553999900817871,11.579999923706055,80903,0.0,0.0
2023-01-12 13:30:00-05:00,11.569999694824219,11.614999771118164,11.569999694824219,11.600000381469727,54024,0.0,0.0
2023-01-12 14:30:00-05:00,11.600299835205078,11.609999656677246,11.581399917602539,11.59000015258789,46709,0.0,0.0
2023-01-12 15:30:00-05:00,11.595000267028809,11.619999885559082,11.579999923706055,11.609999656677246,78054,0.0,0.0
2023-01-13 09:30:00-05:00,11.539999961853027,11.649999618530273,11.520000457763672,11.649999618530273,174924,0.0,0.0
2023-01-13 10:30:00-05:00,11.579999923706055,11.704999923706055,11.579999923706055,11.6850004196167,200942,0.0,0.0
2023-01-13 11:30:00-05:00,11.6899995803833,11.710000038146973,11.663599967956543,11.675999641418457,242084,0.0,0.0
2023-01-13 12:30:00-05:00,11.677599906921387,11.729999542236328,11.664999961853027,11.720000267028809,156296,0.0,0.0
2023-01-13 13:30:00-05:00,11.697799682617188,11.729999542236328,11.6899995803833,11.729000091552734,141558,0.0,0.0
2023-01-13 14:30:00-05:00,11.704999923706055,11.739999771118164,11.699999809265137,11.739999771118164,185200,0.0,0.0
2023-01-13 15:30:00-05:00,11.739999771118164,11.75,11.699999809265137,11.75,86546,0.0,0.0
2023-01-17 09:30:00-05:00,11.75,11.84000015258789,11.729999542236328,11.8100004196167,283359,0.0,0.0
2023-01-17 10:30:00-05:00,11.806500434875488,11.829999923706055,11.729999542236328,11.739999771118164,148068,0.0,0.0
2023-01-17 11:30:00-05:00,11.734999656677246,11.75,11.65999984741211,11.675000190734863,38229,0.0,0.0
2023-01-17 12:30:00-05:00,11.673500061035156,11.699999809265137,11.673500061035156,11.680000305175781,37601,0.0,0.0
2023-01-17 13:30:00-05:00,11.680000305175781,11.720000267028809,11.630000114440918,11.720000267028809,56416,0.0,0.0
2023-01-17 14:30:00-05:00,11.71500015258789,11.725000381469727,11.670000076293945,11.6899995803833,40497,0.0,0.0
2023-01-17 15:30:00-05:00,11.680000305175781,11.689900398254395,11.630000114440918,11.640000343322754,60761,0.0,0.0
2023-01-18 09:30:00-05:00,11.640000343322754,11.670000076293945,11.610199928283691,11.650099754333496,120677,0.0,0.0
2023-01-18 10:30:00-05:00,11.65999984741211,11.720000267028809,11.63700008392334,11.697199821472168,104610,0.0,0.0
2023-01-18 11:30:00-05:00,11.6899995803833,11.699999809265137,11.664400100708008,11.680000305175781,88132,0.0,0.0
2023-01-18 12:30:00-05:00,11.670000076293945,11.675000190734863,11.610099792480469,11.620100021362305,34908,0.0,0.0
2023-01-18 13:30:00-05:00,11.630000114440918,11.680000305175781,11.62559986114502,11.649999618530273,30782,0.0,0.0
2023-01-18 14:30:00-05:00,11.640299797058105,11.670000076293945,11.63010025024414,11.649999618530273,47567,0.0,0.0
2023-01-18 15:30:00-05:00,11.640000343322754,11.645000457763672,11.579999923706055,11.579999923706055,0,0.0,0.0
2023-01-19 09:30:00-05:00,11.539999961853027,11.609399795532227,11.510000228881836,11.539999961853027,98871,0.0,0.0
2023-01-19 10:30:00-05:00,11.545900344848633,11.545900344848633,11.449999809265137,11.489999771118164,92800,0.0,0.0
2023-01-19 11:30:00-05:00,11.489999771118164,11.539999961853027,11.47920036315918,11.496600151062012,40386,0.0,0.0
2023-01-19 12:30:00-05:00,11.484999656677246,11.516500473022461,11.475000381469727,11.5,21260,0.0,0.0
2023-01-19 13:30:00-05:00,11.505000114440918,11.539999961853027,11.490099906921387,11.520000457763672,51382,0.0,0.0
2023-01-19 14:30:00-05:00,11.510000228881836,11.510000228881836,11.449999809265137,11.479900360107422,45227,0.0,0.0
2023-01-19 15:30:00-05:00,11.475000381469727,11.479999542236328,11.40999984741211,11.425000190734863,45050,0.0,0.0
2023-01-20 09:30:00-05:00,11.449999809265137,11.524999618530273,11.4350004196167,11.524999618530273,163242,0.0,0.0
2023-01-20 10:30:00-05:00,11.48009967803955,11.569999694824219,11.479999542236328,11.558899879455566,224794,0.0,0.0
2023-01-20 11:30:00-05:00,11.550000190734863,11.569999694824219,11.489999771118164,11.49020004272461,213785,0.0,0.0
2023-01-20 12:30:00-05:00,11.520000457763672,11.527700424194336,11.470000267028809,11.497400283813477,55329,0.0,0.0
2023-01-20 13:30:00-05:00,11.475000381469727,11.5600004196167,11.470000267028809,11.553000450134277,77922,0.0,0.0
2023-01-20 14:30:00-05:00,11.520000457763672,11.59000015258789,11.520000457763672,11.5600004196167,188444,0.0,0.0
2023-01-20 15:30:00-05:00,11.553999900817871,11.579999923706055,11.550000190734863,11.5600004196167,34525,0.0,0.0
2023-01-23 09:30:00-05:00,11.600000381469727,11.639900207519531,11.57699966430664,11.639900207519531,121853,0.0,0.0
2023-01-23 10:30:00-05:00,11.620100021362305,11.62600040435791,11.5600004196167,11.600000381469727,58454,0.0,0.0
2023-01-23 11:30:00-05:00,11.595999717712402,11.6899995803833,11.595999717712402,11.649999618530273,57316,0.0,0.0
2023-01-23 12:30:00-05:00,11.655699729919434,11.680100440979004,11.654999732971191,11.670000076293945,30146,0.0,0.0
2023-01-23 13:30:00-05:00,11.670000076293945,11.670000076293945,11.579999923706055,11.59000015258789,58857,0.0,0.0
2023-01-23 14:30:00-05:00,11.599900245666504,11.619999885559082,11.5600004196167,11.609999656677246,43573,0.0,0.0
2023-01-23 15:30:00-05:00,11.60669994354248,11.649999618530273,11.591400146484375,11.645000457763672,18724,0.0,0.0
2023-01-24 09:30:00-05:00,11.619999885559082,11.6899995803833,11.539999961853027,11.654999732971191,59301,0.0,0.0
2023-01-24 10:30:00-05:00,11.654999732971191,11.694999694824219,11.649999618530273,11.680000305175781,49876,0.0,0.0
2023-01-24 11:30:00-05:00,11.670000076293945,11.670000076293945,11.619999885559082,11.619999885559082,34293,0.0,0.0
2023-01-24 12:30:00-05:00,11.630000114440918,11.640000343322754,11.609999656677246,11.635000228881836,32746,0.0,0.0
2023-01-24 13:30:00-05:00,11.635000228881836,11.696999549865723,11.631699562072754,11.670000076293945,56938,0.0,0.0
2023-01-24 14:30:00-05:00,11.672599792480469,11.720000267028809,11.670000076293945,11.699999809265137,59442,0.0,0.0
2023-01-24 15:30:00-05:00,11.704999923706055,11.720000267028809,11.65999984741211,11.71500015258789,73102,0.0,0.0
2023-01-25 09:30:00-05:00,11.59000015258789,11.625,11.550000190734863,11.565999984741211,113091,0.0,0.0
2023-01-25 10:30:00-05:00,11.565799713134766,11.609999656677246,11.550000190734863,11.609999656677246,67174,0.0,0.0
2023-01-25 11:30:00-05:00,11.611000061035156,11.640000343322754,11.59000015258789,11.609999656677246,28124,0.0,0.0
2023-01-25 12:30:00-05:00,11.610199928283691,11.670000076293945,11.600099563598633,11.660599708557129,44253,0.0,0.0
2023-01-25 13:30:00-05:00,11.680000305175781,11.699999809265137,11.660300254821777,11.6899995803833,26060,0.0,0.0
2023-01-25 14:30:00-05:00,11.684100151062012,11.739999771118164,11.675999641418457,11.736700057983398,48642,0.0,0.0
2023-01-25 15:30:00-05:00,11.734999656677246,11.739999771118164,11.72029972076416,11.734999656677246,78564,0.0,0.0
2023-01-26 09:30:00-05:00,11.739999771118164,11.75,11.645000457763672,11.741900444030762,104425,0.0,0.0
2023-01-26 10:30:00-05:00,11.739999771118164,11.770000457763672,11.710000038146973,11.75,80051,0.0,0.0
2023-01-26 11:30:00-05:00,11.750100135803223,11.779999732971191,11.739999771118164,11.739999771118164,49356,0.0,0.0
2023-01-26 12:30:00-05:00,11.740099906921387,11.760000228881836,11.710000038146973,11.719599723815918,68107,0.0,0.0
2023-01-26 13:30:00-05:00,11.719900131225586,11.739999771118164,11.710000038146973,11.722000122070312,39684,0.0,0.0
2023-01-26 14:30:00-05:00,11.729700088500977,11.74590015411377,11.699999809265137,11.720000267028809,65966,0.0,0.0
2023-01-26 15:30:00-05:00,11.722000122070312,11.734999656677246,11.704999923706055,11.725000381469727,33057,0.0,0.0
2023-01-27 09:30:00-05:00,11.680000305175781,11.770000457763672,11.680000305175781,11.70199966430664,129052,0.0,0.0
2023-01-27 10:30:00-05:00,11.729999542236328,11.763999938964844,11.699999809265137,11.75,109698,0.0,0.0
2023-01-27 11:30:00-05:00,11.714500427246094,11.770000457763672,11.711400032043457,11.729999542236328,139557,0.0,0.0
2023-01-27 12:30:00-05:00,11.720000267028809,11.759900093078613,11.65999984741211,11.690099716186523,127204,0.0,0.0
2023-01-27 13:30:00-05:00,11.699999809265137,11.720000267028809,11.65999984741211,11.71500015258789,205931,0.0,0.0
2023-01-27 14:30:00-05:00,11.703499794006348,11.739999771118164,11.6899995803833,11.6899995803833,124925,0.0,0.0
2023-01-27 15:30:00-05:00,11.699999809265137,11.739999771118164,11.6899995803833,11.6899995803833,30132,0.0,0.0
2023-01-30 09:30:00-05:00,11.619999885559082,11.619999885559082,11.510000228881836,11.550700187683105,134635,0.0,0.0
2023-01-30 10:30:00-05:00,11.5600004196167,11.569999694824219,11.520000457763672,11.556699752807617,98243,0.0,0.0
2023-01-30 11:30:00-05:00,11.5600004196167,11.609999656677246,11.503000259399414,11.509900093078613,129741,0.0,0.0
2023-01-30 12:30:00-05:00,11.509900093078613,11.539299964904785,11.460000038146973,11.529999732971191,130652,0.0,0.0
2023-01-30 13:30:00-05:00,11.520000457763672,11.550000190734863,11.489999771118164,11.539999961853027,43255,0.0,0.0
2023-01-30 14:30:00-05:00,11.53499984741211,11.5600004196167,11.527000427246094,11.53499984741211,32005,0.0,0.0
2023-01-30 15:30:00-05:00,11.539999961853027,11.5600004196167,11.539999961853027,11.5600004196167,22413,0.0,0.0
2023-01-31 09:30:00-05:00,11.5,11.520000457763672,11.461400032043457,11.5,123158,0.0,0.0
2023-01-31 10:30:00-05:00,11.479100227355957,11.520000457763672,11.470000267028809,11.479700088500977,170671,0.0,0.0
2023-01-31 11:30:00-05:00,11.516900062561035,11.520000457763672,11.460000038146973,11.479999542236328,82894,0.0,0.0
2023-01-31 12:30:00-05:00,11.473799705505371,11.489999771118164,11.460000038146973,11.479999542236328,65338,0.0,0.0
2023-01-31 13:30:00-05:00,11.489999771118164,11.5600004196167,11.479999542236328,11.520099639892578,60744,0.0,0.0
2023-01-31 14:30:00-05:00,11.524999618530273,11.5600004196167,11.489999771118164,11.499899864196777,79309,0.0,0.0
2023-01-31 15:30:00-05:00,11.5,11.555000305175781,11.489999771118164,11.545000076293945,59582,0.0,0.0
2023-02-01 09:30:00-05:00,11.5600004196167,11.568599700927734,11.48960018157959,11.505000114440918,81957,0.0,0.0
2023-02-01 10:30:00-05:00,11.510000228881836,11.510000228881836,11.449999809265137,11.484999656677246,66873,0.0,0.0
2023-02-01 11:30:00-05:00,11.480400085449219,11.484999656677246,11.399999618530273,11.4399995803833,113946,0.0,0.0
2023-02-01 12:30:00-05:00,11.4399995803833,11.449999809265137,11.425200462341309,11.430000305175781,27735,0.0,0.0
2023-02-01 13:30:00-05:00,11.430000305175781,11.489999771118164,11.420000076293945,11.4350004196167,106847,0.0,0.0
2023-02-01 14:30:00-05:00,11.4399995803833,11.5600004196167,11.40999984741211,11.5600004196167,296923,0.0,0.0
2023-02-01 15:30:00-05:00,11.5600004196167,11.59000015258789,11.529999732971191,11.539999961853027,98795,0.0,0.0
2023-02-02 09:30:00-05:00,11.539999961853027,11.549200057983398,11.470000267028809,11.529999732971191,97488,0.0,0.0
2023-02-02 10:30:00-05:00,11.529999732971191,11.550000190734863,11.515000343322754,11.529999732971191,94100,0.0,0.0
2023-02-02 11:30:00-05:00,11.522299766540527,11.539999961853027,11.480400085449219,11.515000343322754,58863,0.0,0.0
2023-02-02 12:30:00-05:00,11.510000228881836,11.520000457763672,11.420000076293945,11.420000076293945,91089,0.0,0.0
2023-02-02 13:30:00-05:00,11.42389965057373,11.449999809265137,11.399999618530273,11.414999961853027,91705,0.0,0.0
2023-02-02 14:30:00-05:00,11.40999984741211,11.430000305175781,11.350099563598633,11.423500061035156,127111,0.0,0.0
2023-02-02 15:30:00-05:00,11.423600196838379,11.4399995803833,11.399999618530273,11.430000305175781,84179,0.0,0.0
2023-02-03 09:30:00-05:00,11.270000457763672,11.369799613952637,11.270000457763672,11.359999656677246,142119,0.0,0.0
2023-02-03 10:30:00-05:00,11.365099906921387,11.404999732971191,11.329999923706055,11.39009952545166,121042,0.0,0.0
2023-02-03 11:30:00-05:00,11.395000457763672,11.418000221252441,11.377599716186523,11.40999984741211,57526,0.0,0.0
2023-02-03 12:30:00-05:00,11.409899711608887,11.437999725341797,11.380000114440918,11.385000228881836,55061,0.0,0.0
2023-02-03 13:30:00-05:00,11.380000114440918,11.449999809265137,11.380000114440918,11.424300193786621,103806,0.0,0.0
2023-02-03 14:30:00-05:00,11.430000305175781,11.470000267028809,11.40999984741211,11.46500015258789,50947,0.0,0.0
2023-02-03 15:30:00-05:00,11.466500282287598,11.468600273132324,11.40999984741211,11.430000305175781,36143,0.0,0.0
2023-02-06 09:30:00-05:00,11.329999923706055,11.429900169372559,11.329999923706055,11.40999984741211,85000,0.0,0.0
2023-02-06 10:30:00-05:00,11.390000343322754,11.431099891662598,11.390000343322754,11.430000305175781,32268,0.0,0.0
2023-02-06 11:30:00-05:00,11.420000076293945,11.430000305175781,11.390000343322754,11.418100357055664,44672,0.0,0.0
2023-02-06 12:30:00-05:00,11.414999961853027,11.430000305175781,11.375,11.389800071716309,47298,0.0,0.0
2023-02-06 13:30:00-05:00,11.386699676513672,11.414999961853027,11.375,11.407899856567383,42172,0.0,0.0
2023-02-06 14:30:00-05:00,11.409700393676758,11.40999984741211,11.370100021362305,11.375,72272,0.0,0.0
2023-02-06 15:30:00-05:00,11.369999885559082,11.39900016784668,11.369999885559082,11.380000114440918,21033,0.0,0.0
2023-02-07 09:30:00-05:00,11.380000114440918,11.38010025024414,11.34000015258789,11.340100288391113,39414,0.0,0.0
2023-02-07 10:30:00-05:00,11.35990047454834,11.359999656677246,11.31980037689209,11.34280014038086,55538,0.0,0.0
2023-02-07 11:30:00-05:00,11.345000267028809,11.390000343322754,11.345000267028809,11.387900352478027,28432,0.0,0.0
2023-02-07 12:30:00-05:00,11.387399673461914,11.4399995803833,11.380000114440918,11.390000343322754,40558,0.0,0.0
2023-02-07 13:30:00-05:00,11.369999885559082,11.418899536132812,11.34000015258789,11.404999732971191,31652,0.0,0.0
2023-02-07 14:30:00-05:00,11.40999984741211,11.46500015258789,11.40999984741211,11.46500015258789,47772,0.0,0.0
2023-02-07 15:30:00-05:00,11.462699890136719,11.489999771118164,11.449999809265137,11.479999542236328,55294,0.0,0.0
2023-02-08 09:30:00-05:00,11.479999542236328,11.493800163269043,11.390000343322754,11.420000076293945,157486,0.0,0.0
2023-02-08 10:30:00-05:00,11.429100036621094,11.4399995803833,11.347000122070312,11.347200393676758,105503,0.0,0.0
2023-02-08 11:30:00-05:00,11.36989974975586,11.369999885559082,11.34000015258789,11.36299991607666,79339,0.0,0.0
2023-02-08 12:30:00-05:00,11.354999542236328,11.420000076293945,11.350000381469727,11.399999618530273,59020,0.0,0.0
2023-02-08 13:30:00-05:00,11.377599716186523,11.420000076293945,11.377599716186523,11.404999732971191,50713,0.0,0.0
2023-02-08 14:30:00-05:00,11.399999618530273,11.40999984741211,11.350000381469727,11.36400032043457,112773,0.0,0.0
2023-02-08 15:30:00-05:00,11.364999771118164,11.390000343322754,11.359999656677246,11.380000114440918,31917,0.0,0.0
2023-02-09 09:30:00-05:00,11.430000305175781,11.470000267028809,11.380000114440918,11.387200355529785,131943,0.0,0.0
2023-02-09 10:30:00-05:00,11.399999618530273,11.4399995803833,11.380000114440918,11.390000343322754,116015,0.0,0.0
2023-02-09 11:30:00-05:00,11.390000343322754,11.398799896240234,11.350000381469727,11.391900062561035,89749,0.0,0.0
2023-02-09 12:30:00-05:00,11.362799644470215,11.397700309753418,11.34000015258789,11.348999977111816,124729,0.0,0.0
2023-02-09 13:30:00-05:00,11.350000381469727,11.385000228881836,11.3100004196167,11.329899787902832,184979,0.0,0.0
2023-02-09 14:30:00-05:00,11.319999694824219,11.369999885559082,11.3100004196167,11.3149995803833,163341,0.0,0.0
2023-02-09 15:30:00-05:00,11.3149995803833,11.350000381469727,11.3100004196167,11.34000015258789,65929,0.0,0.0
2023-02-10 09:30:00-05:00,11.34000015258789,11.4399995803833,11.324799537658691,11.4399995803833,184077,0.0,0.0
2023-02-10 10:30:00-05:00,11.4399995803833,11.460000038146973,11.40999984741211,11.412500381469727,77996,0.0,0.0
2023-02-10 11:30:00-05:00,11.40999984741211,11.420000076293945,11.38010025024414,11.410099983215332,45747,0.0,0.0
2023-02-10 12:30:00-05:00,11.420000076293945,11.449999809265137,11.413599967956543,11.420000076293945,25419,0.0,0.0
2023-02-10 13:30:00-05:00,11.420000076293945,11.420000076293945,11.369999885559082,11.382499694824219,36502,0.0,0.0
2023-02-10 14:30:00-05:00,11.380000114440918,11.430000305175781,11.380000114440918,11.40999984741211,44934,0.0,0.0
2023-02-10 15:30:00-05:00,11.420499801635742,11.449999809265137,11.420000076293945,11.449999809265137,41028,0.0,0.0
2023-02-13 09:30:00-05:00,11.460000038146973,11.65999984741211,11.449999809265137,11.585000038146973,268844,0.0,0.0
2023-02-13 10:30:00-05:00,11.587400436401367,11.609999656677246,11.545000076293945,11.550000190734863,41281,0.0,0.0
2023-02-13 11:30:00-05:00,11.550800323486328,11.580699920654297,11.53499984741211,11.550000190734863,55492,0.0,0.0
2023-02-13 12:30:00-05:00,11.550000190734863,11.569999694824219,11.530099868774414,11.567899703979492,31643,0.0,0.0
2023-02-13 13:30:00-05:00,11.5600004196167,11.570199966430664,11.529999732971191,11.530099868774414,54575,0.0,0.0
2023-02-13 14:30:00-05:00,11.532699584960938,11.550000190734863,11.524999618530273,11.539999961853027,28120,0.0,0.0
2023-02-13 15:30:00-05:00,11.544300079345703,11.550000190734863,11.520000457763672,11.539999961853027,37331,0.0,0.0
2023-02-14 09:30:00-05:00,11.510000228881836,11.550000190734863,11.470000267028809,11.5,53802,0.0,0.0
2023-02-14 10:30:00-05:00,11.496899604797363,11.51930046081543,11.45989990234375,11.460000038146973,62772,0.0,0.0
2023-02-14 11:30:00-05:00,11.460000038146973,11.479999542236328,11.449999809265137,11.470100402832031,41040,0.0,0.0
2023-02-14 12:30:00-05:00,11.470499992370605,11.520000457763672,11.46399974822998,11.492199897766113,32380,0.0,0.0
2023-02-14 13:30:00-05:00,11.494099617004395,11.550000190734863,11.494099617004395,11.539999961853027,36672,0.0,0.0
2023-02-14 14:30:00-05:00,11.54800033569336,11.569999694824219,11.53499984741211,11.545000076293945,56382,0.0,0.0
2023-02-14 15:30:00-05:00,11.539999961853027,11.539999961853027,11.470000267028809,11.470000267028809,40832,0.0,0.0
2023-02-15 09:30:00-05:00,11.489999771118164,11.521400451660156,11.473999977111816,11.489999771118164,20206,0.0,0.0
2023-02-15 10:30:00-05:00,11.5,11.520000457763672,11.479000091552734,11.497400283813477,31802,0.0,0.0
2023-02-15 11:30:00-05:00,11.479999542236328,11.510000228881836,11.456999778747559,11.489899635314941,66076,0.0,0.0
2023-02-15 12:30:00-05:00,11.478300094604492,11.49899959564209,11.456999778747559,11.49899959564209,53057,0.0,0.0
2023-02-15 13:30:00-05:00,11.489999771118164,11.576800346374512,11.479999542236328,11.562999725341797,124263,0.0,0.0
2023-02-15 14:30:00-05:00,11.529999732971191,11.628000259399414,11.529999732971191,11.579500198364258,103846,0.0,0.0
2023-02-15 15:30:00-05:00,11.574999809265137,11.609999656677246,11.5600004196167,11.569999694824219,33557,0.0,0.0
2023-02-16 09:30:00-05:00,11.520000457763672,11.539199829101562,11.4399995803833,11.499300003051758,96740,0.0,0.0
2023-02-16 10:30:00-05:00,11.491900444030762,11.539999961853027,11.491900444030762,11.539999961853027,25799,0.0,0.0
2023-02-16 11:30:00-05:00,11.535599708557129,11.569899559020996,11.535599708557129,11.55370044708252,22746,0.0,0.0
2023-02-16 12:30:00-05:00,11.550000190734863,11.569999694824219,11.539999961853027,11.539999961853027,26883,0.0,0.0
2023-02-16 13:30:00-05:00,11.530099868774414,11.569999694824219,11.530099868774414,11.5600004196167,22519,0.0,0.0
2023-02-16 14:30:00-05:00,11.5649995803833,11.574999809265137,11.53499984741211,11.550000190734863,72425,0.0,0.0
2023-02-16 15:30:00-05:00,11.545000076293945,11.569999694824219,11.529999732971191,11.529999732971191,41915,0.0,0.0
2023-02-17 09:30:00-05:00,11.539999961853027,11.569999694824219,11.5,11.559599876403809,52472,0.0,0.0
2023-02-17 10:30:00-05:00,11.5600004196167,11.600000381469727,11.5600004196167,11.576600074768066,51211,0.0,0.0
2023-02-17 11:30:00-05:00,11.569700241088867,11.59000015258789,11.550100326538086,11.59000015258789,65931,0.0,0.0
2023-02-17 12:30:00-05:00,11.59000015258789,11.599900245666504,11.5649995803833,11.599900245666504,21732,0.0,0.0
2023-02-17 13:30:00-05:00,11.581199645996094,11.604999542236328,11.569999694824219,11.604999542236328,34000,0.0,0.0
2023-02-17 14:30:00-05:00,11.59000015258789,11.609999656677246,11.579999923706055,11.595000267028809,57401,0.0,0.0
2023-02-17 15:30:00-05:00,11.595000267028809,11.619999885559082,11.59000015258789,11.604999542236328,26242,0.0,0.0
2023-02-21 09:30:00-05:00,11.59000015258789,11.600000381469727,11.5,11.520099639892578,123548,0.0,0.0
2023-02-21 10:30:00-05:00,11.535300254821777,11.539999961853027,11.5,11.515600204467773,81247,0.0,0.0
2023-02-21 11:30:00-05:00,11.519000053405762,11.550000190734863,11.5,11.510000228881836,57638,0.0,0.0
2023-02-21 12:30:00-05:00,11.520000457763672,11.539999961853027,11.479999542236328,11.484999656677246,57119,0.0,0.0
2023-02-21 13:30:00-05:00,11.484999656677246,11.510000228881836,11.460000038146973,11.5,53973,0.0,0.0
2023-02-21 14:30:00-05:00,11.510000228881836,11.5600004196167,11.490099906921387,11.53499984741211,66748,0.0,0.0
2023-02-21 15:30:00-05:00,11.529999732971191,11.529999732971191,11.470000267028809,11.475000381469727,120403,0.0,0.0
2023-02-22 09:30:00-05:00,11.479999542236328,11.489899635314941,11.430000305175781,11.470199584960938,137013,0.0,0.0
2023-02-22 10:30:00-05:00,11.467399597167969,11.510000228881836,11.440099716186523,11.489999771118164,60519,0.0,0.0
2023-02-22 11:30:00-05:00,11.490099906921387,11.527999877929688,11.470100402832031,11.527999877929688,72644,0.0,0.0
2023-02-22 12:30:00-05:00,11.5,11.529999732971191,11.470000267028809,11.494999885559082,103184,0.0,0.0
2023-02-22 13:30:00-05:00,11.489999771118164,11.524999618530273,11.468000411987305,11.479999542236328,89734,0.0,0.0
2023-02-22 14:30:00-05:00,11.520000457763672,11.520000457763672,11.420000076293945,11.460000038146973,104079,0.0,0.0
2023-02-22 15:30:00-05:00,11.460000038146973,11.479999542236328,11.441100120544434,11.460000038146973,32768,0.0,0.0
2023-02-23 09:30:00-05:00,11.539999961853027,11.5600004196167,11.369999885559082,11.380000114440918,289913,0.0,0.0
2023-02-23 10:30:00-05:00,11.479999542236328,11.5,11.300000190734863,11.300000190734863,352700,0.0,0.0
2023-02-23 11:30:00-05:00,11.359999656677246,11.359999656677246,11.29010009765625,11.335000038146973,154801,0.0,0.0
2023-02-23 12:30:00-05:00,11.329899787902832,11.33899974822998,11.289999961853027,11.309100151062012,112600,0.0,0.0
2023-02-23 13:30:00-05:00,11.300000190734863,11.362500190734863,11.291500091552734,11.361599922180176,83146,0.0,0.0
2023-02-23 14:30:00-05:00,11.329999923706055,11.430000305175781,11.329999923706055,11.430000305175781,72626,0.0,0.0
2023-02-23 15:30:00-05:00,11.430000305175781,11.449999809265137,11.430000305175781,11.449999809265137,51303,0.0,0.0
2023-02-24 09:30:00-05:00,11.359999656677246,11.399999618530273,11.329999923706055,11.369999885559082,58559,0.0,0.0
2023-02-24 10:30:00-05:00,11.36989974975586,11.399999618530273,11.350899696350098,11.373000144958496,46670,0.0,0.0
2023-02-24 11:30:00-05:00,11.375,11.420000076293945,11.375,11.40999984741211,33883,0.0,0.0
2023-02-24 12:30:00-05:00,11.414999961853027,11.4399995803833,11.399999618530273,11.4399995803833,55011,0.0,0.0
2023-02-24 13:30:00-05:00,11.430399894714355,11.48799991607666,11.420000076293945,11.484999656677246,90393,0.0,0.0
2023-02-24 14:30:00-05:00,11.484999656677246,11.524999618530273,11.479999542236328,11.51200008392334,122944,0.0,0.0
2023-02-24 15:30:00-05:00,11.510000228881836,11.600000381469727,11.510000228881836,11.539999961853027,198116,0.0,0.0
2023-02-27 09:30:00-05:00,11.5,11.579999923706055,11.498000144958496,11.5600004196167,136456,0.0,0.0
2023-02-27 10:30:00-05:00,11.5649995803833,11.569899559020996,11.5,11.520000457763672,50410,0.0,0.0
2023-02-27 11:30:00-05:00,11.510000228881836,11.515000343322754,11.46150016784668,11.46150016784668,30680,0.0,0.0
2023-02-27 12:30:00-05:00,11.460399627685547,11.494999885559082,11.460399627685547,11.494999885559082,33600,0.0,0.0
2023-02-27 13:30:00-05:00,11.494999885559082,11.50529956817627,11.470000267028809,11.479999542236328,39909,0.0,0.0
2023-02-27 14:30:00-05:00,11.477499961853027,11.477499961853027,11.4399995803833,11.444999694824219,66460,0.0,0.0
2023-02-27 15:30:00-05:00,11.449999809265137,11.470000267028809,11.4399995803833,11.460000038146973,27371,0.0,0.0
2023-02-28 09:30:00-05:00,11.449999809265137,11.449999809265137,11.359999656677246,11.40999984741211,51098,0.0,0.0
2023-02-28 10:30:00-05:00,11.402899742126465,11.510000228881836,11.369999885559082,11.499699592590332,125169,0.0,0.0
2023-02-28 11:30:00-05:00,11.449999809265137,11.550000190734863,11.449999809265137,11.541000366210938,117428,0.0,0.0
2023-02-28 12:30:00-05:00,11.525899887084961,11.574999809265137,11.520099639892578,11.539999961853027,156905,0.0,0.0
2023-02-28 13:30:00-05:00,11.557600021362305,11.557600021362305,11.510000228881836,11.532899856567383,34484,0.0,0.0
2023-02-28 14:30:00-05:00,11.53499984741211,11.539899826049805,11.460000038146973,11.460000038146973,94988,0.0,0.0
2023-02-28 15:30:00-05:00,11.46500015258789,11.489999771118164,11.449999809265137,11.470000267028809,20651,0.0,0.0
2023-03-01 09:30:00-05:00,11.420000076293945,11.420000076293945,11.3100004196167,11.329999923706055,187039,0.0,0.0
2023-03-01 10:30:00-05:00,11.359999656677246,11.380000114440918,11.270000457763672,11.28499984741211,133389,0.0,0.0
2023-03-01 11:30:00-05:00,11.34000015258789,11.369999885559082,11.270000457763672,11.364999771118164,118297,0.0,0.0
2023-03-01 12:30:00-05:00,11.34000015258789,11.390000343322754,11.312000274658203,11.350000381469727,123755,0.0,0.0
2023-03-01 13:30:00-05:00,11.324999809265137,11.390000343322754,11.300100326538086,11.380000114440918,166376,0.0,0.0
2023-03-01 14:30:00-05:00,11.350000381469727,11.399999618530273,11.350000381469727,11.380000114440918,102745,0.0,0.0
2023-03-01 15:30:00-05:00,11.369999885559082,11.399999618530273,11.34000015258789,11.359999656677246,46034,0.0,0.0
2023-03-02 09:30:00-05:00,11.300000190734863,11.307000160217285,11.229999542236328,11.28909969329834,156819,0.0,0.0
2023-03-02 10:30:00-05:00,11.284899711608887,11.295000076293945,11.25,11.260000228881836,74287,0.0,0.0
2023-03-02 11:30:00-05:00,11.270000457763672,11.279999732971191,11.229999542236328,11.274999618530273,72193,0.0,0.0
2023-03-02 12:30:00-05:00,11.279899597167969,11.29990005493164,11.270000457763672,11.28499984741211,44395,0.0,0.0
2023-03-02 13:30:00-05:00,11.289999961853027,11.366499900817871,11.289999961853027,11.366499900817871,43916,0.0,0.0
2023-03-02 14:30:00-05:00,11.369999885559082,11.420000076293945,11.34000015258789,11.420000076293945,76098,0.0,0.0
2023-03-02 15:30:00-05:00,11.420000076293945,11.430000305175781,11.390000343322754,11.40999984741211,58725,0.0,0.0
2023-03-03 09:30:00-05:00,11.460000038146973,11.470000267028809,11.380000114440918,11.461700439453125,71478,0.0,0.0
2023-03-03 10:30:00-05:00,11.467700004577637,11.489999771118164,11.434100151062012,11.488100051879883,72732,0.0,0.0
2023-03-03 11:30:00-05:00,11.479999542236328,11.51990032196045,11.477399826049805,11.489999771118164,101229,0.0,0.0
2023-03-03 12:30:00-05:00,11.489999771118164,11.510000228881836,11.48009967803955,11.5024995803833,21326,0.0,0.0
2023-03-03 13:30:00-05:00,11.510000228881836,11.520000457763672,11.470000267028809,11.5,51742,0.0,0.0
2023-03-03 14:30:00-05:00,11.510000228881836,11.510000228881836,11.470000267028809,11.477700233459473,62919,0.0,0.0
2023-03-03 15:30:00-05:00,11.470000267028809,11.489999771118164,11.460000038146973,11.479999542236328,27204,0.0,0.0
2023-03-06 09:30:00-05:00,11.449999809265137,11.505000114440918,11.449999809265137,11.488200187683105,77235,0.0,0.0
2023-03-06 10:30:00-05:00,11.489399909973145,11.489999771118164,11.4399995803833,11.449199676513672,57822,0.0,0.0
2023-03-06 11:30:00-05:00,11.449000358581543,11.470000267028809,11.4399995803833,11.454999923706055,74511,0.0,0.0
2023-03-06 12:30:00-05:00,11.449999809265137,11.451199531555176,11.430100440979004,11.4399995803833,37258,0.0,0.0
2023-03-06 13:30:00-05:00,11.434000015258789,11.4399995803833,11.40999984741211,11.414299964904785,39050,0.0,0.0
2023-03-06 14:30:00-05:00,11.420000076293945,11.420000076293945,11.380000114440918,11.399900436401367,47861,0.0,0.0
2023-03-06 15:30:00-05:00,11.390000343322754,11.40999984741211,11.385000228881836,11.390000343322754,60231,0.0,0.0
2023-03-07 09:30:00-05:00,11.350000381469727,11.4399995803833,11.33530044555664,11.354999542236328,78920,0.0,0.0
2023-03-07 10:30:00-05:00,11.354999542236328,11.404999732971191,11.324999809265137,11.34000015258789,47873,0.0,0.0
2023-03-07 11:30:00-05:00,11.32800006866455,11.359999656677246,11.301799774169922,11.350000381469727,39240,0.0,0.0
2023-03-07 12:30:00-05:00,11.34000015258789,11.350000381469727,11.31149959564209,11.319999694824219,39127,0.0,0.0
2023-03-07 13:30:00-05:00,11.319499969482422,11.319999694824219,11.281499862670898,11.291999816894531,56053,0.0,0.0
2023-03-07 14:30:00-05:00,11.289999961853027,11.329999923706055,11.260000228881836,11.319999694824219,30788,0.0,0.0
2023-03-07 15:30:00-05:00,11.329999923706055,11.359999656677246,11.3100004196167,11.329999923706055,26943,0.0,0.0
2023-03-08 09:30:00-05:00,11.350000381469727,11.369999885559082,11.270000457763672,11.354999542236328,128344,0.0,0.0
2023-03-08 10:30:00-05:00,11.369999885559082,11.383099555969238,11.340100288391113,11.347599983215332,55409,0.0,0.0
2023-03-08 11:30:00-05:00,11.347399711608887,11.35770034790039,11.320099830627441,11.324999809265137,37595,0.0,0.0
2023-03-08 12:30:00-05:00,11.319999694824219,11.351499557495117,11.300000190734863,11.300000190734863,36374,0.0,0.0
2023-03-08 13:30:00-05:00,11.30459976196289,11.350000381469727,11.30459976196289,11.348199844360352,21745,0.0,0.0
2023-03-08 14:30:00-05:00,11.350000381469727,11.359999656677246,11.339900016784668,11.343999862670898,65657,0.0,0.0
2023-03-08 15:30:00-05:00,11.350000381469727,11.369999885559082,11.350000381469727,11.364999771118164,24503,0.0,0.0
2023-03-09 09:30:00-05:00,11.329999923706055,11.4399995803833,11.329999923706055,11.390000343322754,158860,0.0,0.0
2023-03-09 10:30:00-05:00,11.40999984741211,11.4399995803833,11.380999565124512,11.390000343322754,99850,0.0,0.0
2023-03-09 11:30:00-05:00,11.39430046081543,11.399999618530273,11.359999656677246,11.399999618530273,60827,0.0,0.0
2023-03-09 12:30:00-05:00,11.359999656677246,11.40999984741211,11.359999656677246,11.380000114440918,71709,0.0,0.0
2023-03-09 13:30:00-05:00,11.390000343322754,11.390000343322754,11.3100004196167,11.314000129699707,103607,0.0,0.0
2023-03-09 14:30:00-05:00,11.34000015258789,11.359999656677246,11.25,11.27910041809082,160072,0.0,0.0
2023-03-09 15:30:00-05:00,11.270000457763672,11.289999961853027,11.270000457763672,11.279999732971191,44178,0.0,0.0
2023-03-10 09:30:00-05:00,11.300000190734863,11.3100004196167,11.170000076293945,11.204999923706055,547292,0.0,0.0
2023-03-10 10:30:00-05:00,11.229999542236328,11.265000343322754,11.149999618530273,11.265000343322754,488907,0.0,0.0
2023-03-10 11:30:00-05:00,11.239999771118164,11.300000190734863,11.190199851989746,11.199999809265137,200067,0.0,0.0
2023-03-10 12:30:00-05:00,11.25,11.260000228881836,11.070099830627441,11.070099830627441,193976,0.0,0.0
2023-03-10 13:30:00-05:00,11.189000129699707,11.18970012664795,11.020000457763672,11.045000076293945,229537,0.0,0.0
2023-03-10 14:30:00-05:00,11.074999809265137,11.119999885559082,11.039999961853027,11.069999694824219,262726,0.0,0.0
2023-03-10 15:30:00-05:00,11.075699806213379,11.085000038146973,11.029999732971191,11.0600004196167,100157,0.0,0.0
2023-03-13 09:30:00-04:00,10.890000343322754,11.229999542236328,10.84000015258789,11.13759994506836,381917,0.0,0.0
2023-03-13 10:30:00-04:00,11.130000114440918,11.220000267028809,11.109999656677246,11.214799880981445,164690,0.0,0.0
2023-03-13 11:30:00-04:00,11.210000038146973,11.210000038146973,11.104999542236328,11.149999618530273,90671,0.0,0.0
2023-03-13 12:30:00-04:00,11.140000343322754,11.156599998474121,11.09000015258789,11.100000381469727,93096,0.0,0.0
2023-03-13 13:30:00-04:00,11.09000015258789,11.149999618530273,11.09000015258789,11.118000030517578,42858,0.0,0.0
2023-03-13 14:30:00-04:00,11.11460018157959,11.170000076293945,11.0649995803833,11.069999694824219,76116,0.0,0.0
2023-03-13 15:30:00-04:00,11.069999694824219,11.109999656677246,11.0600004196167,11.100000381469727,51457,0.0,0.0
2023-03-14 09:30:00-04:00,11.170000076293945,11.274999618530273,11.169899940490723,11.264599800109863,130648,0.0,0.0
2023-03-14 10:30:00-04:00,11.260000228881836,11.277999877929688,11.239999771118164,11.241999626159668,71338,0.0,0.0
2023-03-14 11:30:00-04:00,11.247099876403809,11.247099876403809,11.130000114440918,11.130000114440918,44206,0.0,0.0
2023-03-14 12:30:00-04:00,11.135000228881836,11.154999732971191,11.039999961853027,11.050000190734863,106889,0.0,0.0
2023-03-14 13:30:00-04:00,11.050000190734863,11.0649995803833,11.0,11.0600004196167,67683,0.0,0.0
2023-03-14 14:30:00-04:00,11.0600004196167,11.079899787902832,11.0,11.039999961853027,76996,0.0,0.0
2023-03-14 15:30:00-04:00,11.045000076293945,11.140000343322754,11.039999961853027,11.140000343322754,64054,0.0,0.0
2023-03-15 09:30:00-04:00,11.029999732971191,11.072199821472168,10.979999542236328,11.050000190734863,75609,0.0,0.0
2023-03-15 10:30:00-04:00,11.039999961853027,11.100000381469727,11.009400367736816,11.068099975585938,52621,0.0,0.0
2023-03-15 11:30:00-04:00,11.069999694824219,11.079999923706055,10.989999771118164,11.000100135803223,61738,0.0,0.0
2023-03-15 12:30:00-04:00,11.017999649047852,11.017999649047852,10.9399995803833,10.994400024414062,80322,0.0,0.0
2023-03-15 13:30:00-04:00,10.992799758911133,11.109999656677246,10.979999542236328,11.109999656677246,92134,0.0,0.0
2023-03-15 14:30:00-04:00,11.109999656677246,11.149999618530273,11.072500228881836,11.116600036621094,66435,0.0,0.0
2023-03-15 15:30:00-04:00,11.113100051879883,11.120100021362305,11.079999923706055,11.100000381469727,53541,0.0,0.0
2023-03-16 09:30:00-04:00,11.100000381469727,11.130000114440918,11.050000190734863,11.08899974822998,54375,0.0,0.0
2023-03-16 10:30:00-04:00,11.09000015258789,11.187899589538574,11.09000015258789,11.180000305175781,60798,0.0,0.0
2023-03-16 11:30:00-04:00,11.180000305175781,11.1899995803833,11.114999771118164,11.138999938964844,55101,0.0,0.0
2023-03-16 12:30:00-04:00,11.139900207519531,11.154999732971191,11.09000015258789,11.119999885559082,46104,0.0,0.0
2023-03-16 13:30:00-04:00,11.127900123596191,11.157999992370605,11.109999656677246,11.109999656677246,23827,0.0,0.0
2023-03-16 14:30:00-04:00,11.114999771118164,11.15999984741211,11.09000015258789,11.130000114440918,48926,0.0,0.0
2023-03-16 15:30:00-04:00,11.135000228881836,11.164999961853027,11.119999885559082,11.119999885559082,66885,0.0,0.0
2023-03-17 09:30:00-04:00,11.0600004196167,11.159000396728516,11.0,11.020000457763672,108119,0.0,0.0
2023-03-17 10:30:00-04:00,11.020000457763672,11.039999961853027,10.979999542236328,10.98550033569336,64732,0.0,0.0
2023-03-17 11:30:00-04:00,10.981599807739258,11.020000457763672,10.970000267028809,10.995599746704102,68638,0.0,0.0
2023-03-17 12:30:00-04:00,11.0,11.020000457763672,10.979999542236328,11.010000228881836,38047,0.0,0.0
2023-03-17 13:30:00-04:00,11.010000228881836,11.015199661254883,10.970000267028809,10.984999656677246,46390,0.0,0.0
2023-03-17 14:30:00-04:00,10.979999542236328,11.045000076293945,10.970000267028809,11.039999961853027,62886,0.0,0.0
2023-03-17 15:30:00-04:00,11.029999732971191,11.04740047454834,10.989999771118164,11.029999732971191,54328,0.0,0.0
2023-03-20 09:30:00-04:00,11.029999732971191,11.085000038146973,11.029999732971191,11.0600004196167,83847,0.0,0.0
2023-03-20 10:30:00-04:00,11.0600004196167,11.069999694824219,11.03339958190918,11.03499984741211,38516,0.0,0.0
2023-03-20 11:30:00-04:00,11.045000076293945,11.050100326538086,11.01200008392334,11.039999961853027,113949,0.0,0.0
2023-03-20 12:30:00-04:00,11.039999961853027,11.079999923706055,11.03499984741211,11.072999954223633,32820,0.0,0.0
2023-03-20 13:30:00-04:00,11.074999809265137,11.074999809265137,11.020000457763672,11.020000457763672,59030,0.0,0.0
2023-03-20 14:30:00-04:00,11.029999732971191,11.029999732971191,10.984999656677246,10.994999885559082,90064,0.0,0.0
2023-03-20 15:30:00-04:00,10.994999885559082,11.0,10.979999542236328,10.979999542236328,20999,0.0,0.0
2023-03-21 09:30:00-04:00,11.050000190734863,11.079999923706055,11.0,11.0,155827,0.0,0.0
2023-03-21 10:30:00-04:00,11.029999732971191,11.039999961853027,10.970000267028809,10.995200157165527,155737,0.0,0.0
2023-03-21 11:30:00-04:00,10.989999771118164,11.010000228881836,10.920000076293945,10.920000076293945,182125,0.0,0.0
2023-03-21 12:30:00-04:00,10.949999809265137,10.952500343322754,10.920000076293945,10.920000076293945,89626,0.0,0.0
2023-03-21 13:30:00-04:00,10.925000190734863,10.979999542236328,10.90999984741211,10.960000038146973,135512,0.0,0.0
2023-03-21 14:30:00-04:00,10.926600456237793,11.079999923706055,10.926600456237793,10.969200134277344,146257,0.0,0.0
2023-03-21 15:30:00-04:00,10.970000267028809,10.979999542236328,10.960000038146973,10.970000267028809,55556,0.0,0.0
2023-03-22 09:30:00-04:00,11.020000457763672,11.069999694824219,10.996800422668457,11.039999961853027,94478,0.0,0.0
2023-03-22 10:30:00-04:00,11.04010009765625,11.0600004196167,11.029999732971191,11.03499984741211,34008,0.0,0.0
2023-03-22 11:30:00-04:00,11.030099868774414,11.0600004196167,11.020000457763672,11.029999732971191,30835,0.0,0.0
2023-03-22 12:30:00-04:00,11.029999732971191,11.050000190734863,10.994999885559082,11.039999961853027,38636,0.0,0.0
2023-03-22 13:30:00-04:00,11.030500411987305,11.0600004196167,11.029999732971191,11.039999961853027,28187,0.0,0.0
2023-03-22 14:30:00-04:00,11.03439998626709,11.050000190734863,10.9399995803833,11.010000228881836,68578,0.0,0.0
2023-03-22 15:30:00-04:00,11.0,11.020000457763672,10.970000267028809,10.979999542236328,42738,0.0,0.0
2023-03-23 09:30:00-04:00,11.050000190734863,11.069999694824219,11.0,11.010000228881836,82858,0.0,0.0
2023-03-23 10:30:00-04:00,11.019100189208984,11.039999961853027,11.0,11.024999618530273,32674,0.0,0.0
2023-03-23 11:30:00-04:00,11.020099639892578,11.050000190734863,11.010000228881836,11.029999732971191,62326,0.0,0.0
2023-03-23 12:30:00-04:00,11.010000228881836,11.0600004196167,11.010000228881836,11.041999816894531,68956,0.0,0.0
2023-03-23 13:30:00-04:00,11.0447998046875,11.055000305175781,11.021400451660156,11.025099754333496,37489,0.0,0.0
2023-03-23 14:30:00-04:00,11.022000312805176,11.069999694824219,11.0,11.05270004272461,77719,0.0,0.0
2023-03-23 15:30:00-04:00,11.050000190734863,11.079999923706055,11.039999961853027,11.069999694824219,61244,0.0,0.0
2023-03-24 09:30:00-04:00,11.0600004196167,11.0600004196167,10.979999542236328,11.026000022888184,98985,0.0,0.0
2023-03-24 10:30:00-04:00,11.024999618530273,11.050000190734863,10.949999809265137,10.998700141906738,140107,0.0,0.0
2023-03-24 11:30:00-04:00,11.0,11.039999961853027,10.949999809265137,11.039999961853027,166035,0.0,0.0
2023-03-24 12:30:00-04:00,11.024999618530273,11.109999656677246,11.015000343322754,11.095000267028809,120892,0.0,0.0
2023-03-24 13:30:00-04:00,11.095000267028809,11.109999656677246,11.069999694824219,11.09000015258789,102665,0.0,0.0
2023-03-24 14:30:00-04:00,11.086199760437012,11.119999885559082,11.079999923706055,11.109999656677246,116971,0.0,0.0
2023-03-24 15:30:00-04:00,11.109999656677246,11.110099792480469,11.050000190734863,11.09000015258789,41531,0.0,0.0
2023-03-27 09:30:00-04:00,11.100000381469727,11.109999656677246,11.039999961853027,11.04800033569336,103054,0.0,0.0
2023-03-27 10:30:00-04:00,11.050000190734863,11.0600004196167,11.029999732971191,11.034700393676758,60239,0.0,0.0
2023-03-27 11:30:00-04:00,11.039999961853027,11.050000190734863,11.029999732971191,11.039999961853027,26851,0.0,0.0
2023-03-27 12:30:00-04:00,11.04990005493164,11.050000190734863,11.029999732971191,11.04990005493164,54172,0.0,0.0
2023-03-27 13:30:00-04:00,11.050000190734863,11.0600004196167,11.039999961853027,11.055000305175781,73222,0.0,0.0
2023-03-27 14:30:00-04:00,11.0600004196167,11.069999694824219,11.039999961853027,11.04990005493164,60086,0.0,0.0
2023-03-27 15:30:00-04:00,11.050000190734863,11.0600004196167,11.010000228881836,11.024999618530273,49941,0.0,0.0
2023-03-28 09:30:00-04:00,11.0600004196167,11.09000015258789,11.029999732971191,11.045000076293945,87644,0.0,0.0
2023-03-28 10:30:00-04:00,11.039999961853027,11.055000305175781,11.020000457763672,11.052200317382812,67528,0.0,0.0
2023-03-28 11:30:00-04:00,11.03499984741211,11.070500373840332,11.029999732971191,11.06089973449707,54451,0.0,0.0
2023-03-28 12:30:00-04:00,11.0600004196167,11.069999694824219,11.040599822998047,11.059900283813477,86569,0.0,0.0
2023-03-28 13:30:00-04:00,11.050999641418457,11.0600004196167,11.029999732971191,11.03499984741211,54462,0.0,0.0
2023-03-28 14:30:00-04:00,11.03499984741211,11.039999961853027,10.920000076293945,10.920000076293945,238181,0.0,0.0
2023-03-28 15:30:00-04:00,10.920000076293945,10.9350004196167,10.899999618530273,10.90999984741211,195697,0.0,0.0
2023-03-29 09:30:00-04:00,10.9399995803833,11.0,10.9399995803833,11.0,171371,0.0,0.0
2023-03-29 10:30:00-04:00,11.0,11.020000457763672,10.970000267028809,11.010000228881836,188859,0.0,0.0
2023-03-29 11:30:00-04:00,11.020000457763672,11.020000457763672,11.005000114440918,11.010100364685059,65866,0.0,0.0
2023-03-29 12:30:00-04:00,11.01990032196045,11.020000457763672,11.010000228881836,11.015000343322754,53723,0.0,0.0
2023-03-29 13:30:00-04:00,11.015000343322754,11.041899681091309,11.00160026550293,11.029999732971191,110022,0.0,0.0
2023-03-29 14:30:00-04:00,11.039999961853027,11.041899681091309,11.020000457763672,11.020000457763672,88409,0.0,0.0
2023-03-29 15:30:00-04:00,11.020000457763672,11.029999732971191,11.0,11.029999732971191,55978,0.0,0.0
2023-03-30 09:30:00-04:00,10.949999809265137,11.0,10.949999809265137,10.979999542236328,76179,0.0,0.0
2023-03-30 10:30:00-04:00,10.984999656677246,11.010000228881836,10.980400085449219,10.994999885559082,35998,0.0,0.0
2023-03-30 11:30:00-04:00,10.994999885559082,10.999899864196777,10.962200164794922,10.975000381469727,23838,0.0,0.0
2023-03-30 12:30:00-04:00,10.975000381469727,10.989999771118164,10.963500022888184,10.984999656677246,48508,0.0,0.0
2023-03-30 13:30:00-04:00,10.984999656677246,10.989999771118164,10.978400230407715,10.984999656677246,25972,0.0,0.0
2023-03-30 14:30:00-04:00,10.980799674987793,11.010000228881836,10.980799674987793,10.999899864196777,34533,0.0,0.0
2023-03-30 15:30:00-04:00,10.993599891662598,11.0,10.979999542236328,10.979999542236328,31535,0.0,0.0
2023-03-31 09:30:00-04:00,10.979999542236328,11.050000190734863,10.979999542236328,11.045000076293945,118979,0.0,0.0
2023-03-31 10:30:00-04:00,11.025500297546387,11.050000190734863,11.024999618530273,11.024999618530273,129881,0.0,0.0
2023-03-31 11:30:00-04:00,11.039999961853027,11.050000190734863,11.024999618530273,11.042699813842773,66153,0.0,0.0
2023-03-31 12:30:00-04:00,11.039899826049805,11.050000190734863,11.020000457763672,11.027700424194336,95292,0.0,0.0
2023-03-31 13:30:00-04:00,11.039899826049805,11.039999961853027,11.010000228881836,11.020000457763672,100429,0.0,0.0
2023-03-31 14:30:00-04:00,11.020099639892578,11.029999732971191,11.011500358581543,11.020000457763672,72480,0.0,0.0
2023-03-31 15:30:00-04:00,11.020000457763672,11.029999732971191,11.010000228881836,11.020000457763672,33574,0.0,0.0
2023-04-03 09:30:00-04:00,11.029999732971191,11.100000381469727,10.949999809265137,10.954999923706055,189173,0.0,0.0
2023-04-03 10:30:00-04:00,10.954999923706055,10.963899612426758,10.850000381469727,10.904999732971191,136788,0.0,0.0
2023-04-03 11:30:00-04:00,10.90999984741211,10.90999984741211,10.84000015258789,10.850000381469727,99497,0.0,0.0
2023-04-03 12:30:00-04:00,10.854999542236328,10.859999656677246,10.835000038146973,10.845000267028809,95273,0.0,0.0
2023-04-03 13:30:00-04:00,10.84000015258789,10.849900245666504,10.800000190734863,10.805000305175781,67621,0.0,0.0
2023-04-03 14:30:00-04:00,10.805000305175781,10.850000381469727,10.800000190734863,10.850000381469727,120906,0.0,0.0
2023-04-03 15:30:00-04:00,10.849900245666504,10.880000114440918,10.829999923706055,10.84000015258789,69660,0.0,0.0
2023-04-04 09:30:00-04:00,10.880000114440918,10.889900207519531,10.800000190734863,10.826600074768066,143349,0.0,0.0
2023-04-04 10:30:00-04:00,10.822099685668945,10.854999542236328,10.800000190734863,10.800000190734863,97171,0.0,0.0
2023-04-04 11:30:00-04:00,10.819600105285645,10.859999656677246,10.779999732971191,10.779999732971191,95178,0.0,0.0
2023-04-04 12:30:00-04:00,10.791600227355957,10.809900283813477,10.779999732971191,10.789999961853027,66905,0.0,0.0
2023-04-04 13:30:00-04:00,10.800000190734863,10.807999610900879,10.747599601745605,10.757399559020996,126956,0.0,0.0
2023-04-04 14:30:00-04:00,10.760000228881836,10.779999732971191,10.710000038146973,10.729900360107422,92031,0.0,0.0
2023-04-04 15:30:00-04:00,10.720000267028809,10.777000427246094,10.720000267028809,10.770000457763672,27807,0.0,0.0
2023-04-05 09:30:00-04:00,10.800000190734863,10.850000381469727,10.75,10.84000015258789,115628,0.0,0.0
2023-04-05 10:30:00-04:00,10.84000015258789,10.859999656677246,10.75629997253418,10.75879955291748,260537,0.0,0.0
2023-04-05 11:30:00-04:00,10.835000038146973,10.835000038146973,10.750100135803223,10.760000228881836,153824,0.0,0.0
2023-04-05 12:30:00-04:00,10.760000228881836,10.779999732971191,10.739999771118164,10.779999732971191,96735,0.0,0.0
2023-04-05 13:30:00-04:00,10.760000228881836,10.800000190734863,10.755000114440918,10.793899536132812,109229,0.0,0.0
2023-04-05 14:30:00-04:00,10.79990005493164,10.805000305175781,10.760000228881836,10.798999786376953,87939,0.0,0.0
2023-04-05 15:30:00-04:00,10.795000076293945,10.800000190734863,10.779999732971191,10.779999732971191,18615,0.0,0.0
2023-04-06 09:30:00-04:00,10.779999732971191,10.819999694824219,10.779999732971191,10.81029987335205,92913,0.0,0.0
2023-04-06 10:30:00-04:00,10.817399978637695,10.819999694824219,10.779999732971191,10.795000076293945,33728,0.0,0.0
2023-04-06 11:30:00-04:00,10.79800033569336,10.8100004196167,10.790499687194824,10.805000305175781,31688,0.0,0.0
2023-04-06 12:30:00-04:00,10.805000305175781,10.8149995803833,10.789999961853027,10.805000305175781,51819,0.0,0.0
2023-04-06 13:30:00-04:00,10.807100296020508,10.809399604797363,10.779000282287598,10.78499984741211,40633,0.0,0.0
2023-04-06 14:30:00-04:00,10.789999961853027,10.8100004196167,10.770000457763672,10.78499984741211,33346,0.0,0.0
2023-04-06 15:30:00-04:00,10.789999961853027,10.800000190734863,10.770000457763672,10.770000457763672,41046,0.0,0.0
2023-04-10 09:30:00-04:00,10.850000381469727,10.880000114440918,10.8100004196167,10.8149995803833,237895,0.0,0.0
2023-04-10 10:30:00-04:00,10.8149995803833,10.850000381469727,10.800000190734863,10.831700325012207,78496,0.0,0.0
2023-04-10 11:30:00-04:00,10.839900016784668,10.850000381469727,10.8100004196167,10.821800231933594,43344,0.0,0.0
2023-04-10 12:30:00-04:00,10.825300216674805,10.829999923706055,10.800000190734863,10.8149995803833,52897,0.0,0.0
2023-04-10 13:30:00-04:00,10.8149995803833,10.819999694824219,10.770000457763672,10.775199890136719,41935,0.0,0.0
2023-04-10 14:30:00-04:00,10.779899597167969,10.800000190734863,10.770000457763672,10.779999732971191,34430,0.0,0.0
2023-04-10 15:30:00-04:00,10.774999618530273,10.829999923706055,10.774999618530273,10.829999923706055,59663,0.0,0.0
2023-04-11 09:30:00-04:00,10.800000190734863,10.84000015258789,10.800000190734863,10.839900016784668,157011,0.0,0.0
2023-04-11 10:30:00-04:00,10.819999694824219,10.849200248718262,10.789999961853027,10.79990005493164,187643,0.0,0.0
2023-04-11 11:30:00-04:00,10.810099601745605,10.819999694824219,10.760000228881836,10.765000343322754,134793,0.0,0.0
2023-04-11 12:30:00-04:00,10.765000343322754,10.779999732971191,10.760100364685059,10.774999618530273,93286,0.0,0.0
2023-04-11 13:30:00-04:00,10.77180004119873,10.800000190734863,10.770000457763672,10.770000457763672,111330,0.0,0.0
2023-04-11 14:30:00-04:00,10.774999618530273,10.8100004196167,10.770000457763672,10.800000190734863,108670,0.0,0.0
2023-04-11 15:30:00-04:00,10.800000190734863,10.805000305175781,10.770000457763672,10.770000457763672,89288,0.0,0.0
2023-04-12 09:30:00-04:00,10.789999961853027,10.8100004196167,10.779999732971191,10.800000190734863,132366,0.0,0.0
2023-04-12 10:30:00-04:00,10.78499984741211,10.8100004196167,10.760000228881836,10.788900375366211,86757,0.0,0.0
2023-04-12 11:30:00-04:00,10.779999732971191,10.800000190734863,10.760000228881836,10.788200378417969,105232,0.0,0.0
2023-04-12 12:30:00-04:00,10.792499542236328,10.800000190734863,10.75,10.7878999710083,137412,0.0,0.0
2023-04-12 13:30:00-04:00,10.765000343322754,10.800000190734863,10.760000228881836,10.774999618530273,111232,0.0,0.0
2023-04-12 14:30:00-04:00,10.79640007019043,10.800000190734863,10.729999542236328,10.729999542236328,158439,0.0,0.0
2023-04-12 15:30:00-04:00,10.734999656677246,10.75,10.725000381469727,10.734999656677246,25697,0.0,0.0
2023-04-13 09:30:00-04:00,10.75,10.75,10.710000038146973,10.725000381469727,85581,0.0,0.0
2023-04-13 10:30:00-04:00,10.720000267028809,10.720000267028809,10.680000305175781,10.697400093078613,80920,0.0,0.0
2023-04-13 11:30:00-04:00,10.69950008392334,10.719900131225586,10.680000305175781,10.694999694824219,60395,0.0,0.0
2023-04-13 12:30:00-04:00,10.6899995803833,10.720000267028809,10.680000305175781,10.699999809265137,44851,0.0,0.0
2023-04-13 13:30:00-04:00,10.694299697875977,10.729999542236328,10.694299697875977,10.720000267028809,35733,0.0,0.0
2023-04-13 14:30:00-04:00,10.720000267028809,10.739999771118164,10.704299926757812,10.725000381469727,58030,0.0,0.0
2023-04-13 15:30:00-04:00,10.722100257873535,10.729999542236328,10.715800285339355,10.725000381469727,0,0.0,0.0
2023-04-14 09:30:00-04:00,10.760000228881836,10.770000457763672,10.702400207519531,10.718199729919434,76320,0.0,0.0
2023-04-14 10:30:00-04:00,10.71500015258789,10.729999542236328,10.704999923706055,10.71500015258789,44704,0.0,0.0
2023-04-14 11:30:00-04:00,10.710000038146973,10.716899871826172,10.699999809265137,10.704999923706055,30463,0.0,0.0
2023-04-14 12:30:00-04:00,10.699999809265137,10.728899955749512,10.6899995803833,10.720000267028809,51945,0.0,0.0
2023-04-14 13:30:00-04:00,10.720000267028809,10.720000267028809,10.699999809265137,10.699999809265137,30213,0.0,0.0
2023-04-14 14:30:00-04:00,10.708000183105469,10.73900032043457,10.699899673461914,10.73900032043457,35840,0.0,0.0
2023-04-14 15:30:00-04:00,10.739999771118164,10.774999618530273,10.734999656677246,10.770000457763672,19134,0.0,0.0
2023-04-17 09:30:00-04:00,10.760000228881836,10.789999961853027,10.750100135803223,10.77280044555664,46264,0.0,0.0
2023-04-17 10:30:00-04:00,10.77180004119873,10.789999961853027,10.729999542236328,10.73009967803955,70532,0.0,0.0
2023-04-17 11:30:00-04:00,10.734999656677246,10.739399909973145,10.720000267028809,10.729499816894531,30323,0.0,0.0
2023-04-17 12:30:00-04:00,10.728899955749512,10.729999542236328,10.720000267028809,10.725000381469727,18920,0.0,0.0
2023-04-17 13:30:00-04:00,10.729999542236328,10.729999542236328,10.699999809265137,10.699999809265137,71458,0.0,0.0
2023-04-17 14:30:00-04:00,10.710000038146973,10.720000267028809,10.699999809265137,10.717399597167969,54289,0.0,0.0
2023-04-17 15:30:00-04:00,10.714300155639648,10.720000267028809,10.699999809265137,10.699999809265137,22977,0.0,0.0
2023-04-18 09:30:00-04:00,10.699999809265137,10.722200393676758,10.6899995803833,10.694999694824219,45076,0.0,0.0
2023-04-18 10:30:00-04:00,10.694999694824219,10.699199676513672,10.649999618530273,10.659199714660645,89326,0.0,0.0
2023-04-18 11:30:00-04:00,10.655699729919434,10.65999984741211,10.630000114440918,10.640000343322754,109092,0.0,0.0
2023-04-18 12:30:00-04:00,10.639900207519531,10.680000305175781,10.630000114440918,10.635899543762207,84733,0.0,0.0
2023-04-18 13:30:00-04:00,10.635000228881836,10.680000305175781,10.635000228881836,10.679900169372559,67417,0.0,0.0
2023-04-18 14:30:00-04:00,10.674300193786621,10.680000305175781,10.630000114440918,10.630000114440918,78469,0.0,0.0
2023-04-18 15:30:00-04:00,10.632699966430664,10.640000343322754,10.600000381469727,10.600000381469727,61502,0.0,0.0
2023-04-19 09:30:00-04:00,10.569999694824219,10.606800079345703,10.550000190734863,10.595000267028809,111011,0.0,0.0
2023-04-19 10:30:00-04:00,10.59000015258789,10.604999542236328,10.569999694824219,10.57229995727539,45698,0.0,0.0
2023-04-19 11:30:00-04:00,10.571700096130371,10.57960033416748,10.510000228881836,10.510000228881836,109451,0.0,0.0
2023-04-19 12:30:00-04:00,10.515000343322754,10.5600004196167,10.515000343322754,10.548999786376953,66107,0.0,0.0
2023-04-19 13:30:00-04:00,10.544500350952148,10.569999694824219,10.54170036315918,10.567000389099121,37697,0.0,0.0
2023-04-19 14:30:00-04:00,10.56410026550293,10.569999694824219,10.550000190734863,10.552300453186035,51652,0.0,0.0
2023-04-19 15:30:00-04:00,10.555000305175781,10.5600004196167,10.550000190734863,10.555000305175781,20358,0.0,0.0
2023-04-20 09:30:00-04:00,10.550000190734863,10.607500076293945,10.550000190734863,10.565199851989746,57921,0.0,0.0
2023-04-20 10:30:00-04:00,10.567899703979492,10.579999923706055,10.5600004196167,10.56719970703125,47546,0.0,0.0
2023-04-20 11:30:00-04:00,10.564000129699707,10.569999694824219,10.550000190734863,10.559000015258789,54608,0.0,0.0
2023-04-20 12:30:00-04:00,10.557000160217285,10.588000297546387,10.55210018157959,10.579999923706055,71819,0.0,0.0
2023-04-20 13:30:00-04:00,10.579999923706055,10.600000381469727,10.569999694824219,10.600000381469727,55685,0.0,0.0
2023-04-20 14:30:00-04:00,10.59000015258789,10.59000015258789,10.569999694824219,10.585000038146973,48116,0.0,0.0
2023-04-20 15:30:00-04:00,10.59000015258789,10.609999656677246,10.579999923706055,10.609999656677246,19274,0.0,0.0
2023-04-21 09:30:00-04:00,10.579999923706055,10.649999618530273,10.550000190734863,10.579999923706055,28334,0.0,0.0
2023-04-21 10:30:00-04:00,10.572999954223633,10.59000015258789,10.550000190734863,10.5871000289917,123460,0.0,0.0
2023-04-21 11:30:00-04:00,10.585599899291992,10.59000015258789,10.539999961853027,10.574999809265137,185778,0.0,0.0
2023-04-21 12:30:00-04:00,10.545000076293945,10.59000015258789,10.545000076293945,10.552300453186035,98008,0.0,0.0
2023-04-21 13:30:00-04:00,10.570099830627441,10.579999923706055,10.529999732971191,10.529999732971191,67040,0.0,0.0
2023-04-21 14:30:00-04:00,10.555000305175781,10.559900283813477,10.520000457763672,10.556400299072266,107119,0.0,0.0
2023-04-21 15:30:00-04:00,10.555000305175781,10.569999694824219,10.550000190734863,10.5649995803833,39257,0.0,0.0
2023-04-24 09:30:00-04:00,10.680000305175781,10.680000305175781,10.600000381469727,10.614999771118164,140843,0.0,0.0
2023-04-24 10:30:00-04:00,10.619199752807617,10.619999885559082,10.579999923706055,10.585000038146973,72410,0.0,0.0
2023-04-24 11:30:00-04:00,10.585000038146973,10.59000015258789,10.550000190734863,10.565600395202637,54455,0.0,0.0
2023-04-24 12:30:00-04:00,10.5649995803833,10.577799797058105,10.555000305175781,10.559900283813477,39387,0.0,0.0
2023-04-24 13:30:00-04:00,10.555000305175781,10.630000114440918,10.555000305175781,10.616399765014648,97308,0.0,0.0
2023-04-24 14:30:00-04:00,10.619999885559082,10.640000343322754,10.614700317382812,10.617500305175781,59157,0.0,0.0
2023-04-24 15:30:00-04:00,10.614999771118164,10.614999771118164,10.569999694824219,10.59000015258789,174556,0.0,0.0
2023-04-25 09:30:00-04:00,10.59000015258789,10.640000343322754,10.569999694824219,10.574700355529785,84776,0.0,0.0
2023-04-25 10:30:00-04:00,10.56760025024414,10.59000015258789,10.555000305175781,10.588000297546387,55922,0.0,0.0
2023-04-25 11:30:00-04:00,10.584699630737305,10.59000015258789,10.569999694824219,10.585000038146973,66285,0.0,0.0
2023-04-25 12:30:00-04:00,10.585000038146973,10.600000381469727,10.571599960327148,10.579999923706055,53333,0.0,0.0
2023-04-25 13:30:00-04:00,10.585000038146973,10.600000381469727,10.569999694824219,10.575200080871582,89699,0.0,0.0
2023-04-25 14:30:00-04:00,10.576000213623047,10.579999923706055,10.520000457763672,10.520700454711914,84367,0.0,0.0
2023-04-25 15:30:00-04:00,10.520999908447266,10.529999732971191,10.5,10.510000228881836,58767,0.0,0.0
2023-04-26 09:30:00-04:00,10.520000457763672,10.550000190734863,10.5,10.505000114440918,121254,0.0,0.0
2023-04-26 10:30:00-04:00,10.510000228881836,10.550000190734863,10.5,10.514300346374512,108701,0.0,0.0
2023-04-26 11:30:00-04:00,10.515000343322754,10.524999618530273,10.5,10.505399703979492,69410,0.0,0.0
2023-04-26 12:30:00-04:00,10.505000114440918,10.510000228881836,10.5,10.502799987792969,36854,0.0,0.0
2023-04-26 13:30:00-04:00,10.505000114440918,10.510000228881836,10.5,10.505000114440918,58294,0.0,0.0
2023-04-26 14:30:00-04:00,10.510000228881836,10.529999732971191,10.5,10.520000457763672,88994,0.0,0.0
2023-04-26 15:30:00-04:00,10.520000457763672,10.520000457763672,10.5,10.515000343322754,44276,0.0,0.0
2023-04-27 09:30:00-04:00,10.460000038146973,10.520000457763672,10.449999809265137,10.476300239562988,92634,0.0,0.0
2023-04-27 10:30:00-04:00,10.4798002243042,10.479999542236328,10.460000038146973,10.477700233459473,68472,0.0,0.0
2023-04-27 11:30:00-04:00,10.479999542236328,10.486100196838379,10.460000038146973,10.475000381469727,63763,0.0,0.0
2023-04-27 12:30:00-04:00,10.479900360107422,10.484999656677246,10.460000038146973,10.470000267028809,75820,0.0,0.0
2023-04-27 13:30:00-04:00,10.470000267028809,10.479999542236328,10.460000038146973,10.469900131225586,43619,0.0,0.0
2023-04-27 14:30:00-04:00,10.468999862670898,10.479999542236328,10.460000038146973,10.470000267028809,60552,0.0,0.0
2023-04-27 15:30:00-04:00,10.46500015258789,10.479999542236328,10.460000038146973,10.479999542236328,36436,0.0,0.0
2023-04-28 09:30:00-04:00,10.460000038146973,10.510000228881836,10.460000038146973,10.5,93853,0.0,0.0
2023-04-28 10:30:00-04:00,10.505000114440918,10.520000457763672,10.5,10.507699966430664,58251,0.0,0.0
2023-04-28 11:30:00-04:00,10.505000114440918,10.520000457763672,10.5,10.51609992980957,66280,0.0,0.0
2023-04-28 12:30:00-04:00,10.515000343322754,10.520000457763672,10.510000228881836,10.510000228881836,27029,0.0,0.0
2023-04-28 13:30:00-04:00,10.516200065612793,10.539999961853027,10.510000228881836,10.520000457763672,66038,0.0,0.0
2023-04-28 14:30:00-04:00,10.520000457763672,10.520000457763672,10.482500076293945,10.487099647521973,59102,0.0,0.0
2023-04-28 15:30:00-04:00,10.479999542236328,11.180000305175781,10.479999542236328,10.880000114440918,1448986,0.0,0.0
2023-05-01 09:30:00-04:00,10.819999694824219,11.029999732971191,10.8100004196167,11.010000228881836,303564,0.0,0.0
2023-05-01 10:30:00-04:00,11.0,11.024999618530273,10.880000114440918,10.90999984741211,219436,0.0,0.0
2023-05-01 11:30:00-04:00,10.909600257873535,10.9399995803833,10.880000114440918,10.925000190734863,71804,0.0,0.0
2023-05-01 12:30:00-04:00,10.929200172424316,10.930000305175781,10.859999656677246,10.875,45844,0.0,0.0
2023-05-01 13:30:00-04:00,10.879899978637695,10.909899711608887,10.859999656677246,10.864999771118164,45753,0.0,0.0
2023-05-01 14:30:00-04:00,10.864999771118164,10.866100311279297,10.829999923706055,10.829999923706055,57096,0.0,0.0
2023-05-01 15:30:00-04:00,10.835000038146973,10.899999618530273,10.829999923706055,10.899999618530273,58868,0.0,0.0
2023-05-02 09:30:00-04:00,10.890000343322754,10.930000305175781,10.760000228881836,10.760000228881836,137859,0.0,0.0
2023-05-02 10:30:00-04:00,10.760000228881836,10.768199920654297,10.649999618530273,10.649999618530273,121077,0.0,0.0
2023-05-02 11:30:00-04:00,10.649999618530273,10.699999809265137,10.649999618530273,10.6899995803833,77721,0.0,0.0
2023-05-02 12:30:00-04:00,10.694999694824219,10.720000267028809,10.6850004196167,10.699999809265137,59947,0.0,0.0
2023-05-02 13:30:00-04:00,10.704999923706055,10.729999542236328,10.680000305175781,10.729900360107422,61558,0.0,0.0
2023-05-02 14:30:00-04:00,10.729999542236328,10.75,10.704999923706055,10.71500015258789,47634,0.0,0.0
2023-05-02 15:30:00-04:00,10.71500015258789,10.720000267028809,10.694999694824219,10.720000267028809,51087,0.0,0.0
2023-05-03 09:30:00-04:00,10.729999542236328,10.739999771118164,10.6899995803833,10.711700439453125,145040,0.0,0.0
2023-05-03 10:30:00-04:00,10.739700317382812,10.739999771118164,10.649999618530273,10.6850004196167,109147,0.0,0.0
2023-05-03 11:30:00-04:00,10.674099922180176,10.729999542236328,10.649999618530273,10.71500015258789,98488,0.0,0.0
2023-05-03 12:30:00-04:00,10.710100173950195,10.759499549865723,10.710000038146973,10.755000114440918,90043,0.0,0.0
2023-05-03 13:30:00-04:00,10.73900032043457,10.768099784851074,10.729999542236328,10.734999656677246,92505,0.0,0.0
2023-05-03 14:30:00-04:00,10.75,10.755000114440918,10.619999885559082,10.619999885559082,161860,0.0,0.0
2023-05-03 15:30:00-04:00,10.615799903869629,10.65999984741211,10.609999656677246,10.65999984741211,44083,0.0,0.0
2023-05-04 09:30:00-04:00,10.619999885559082,10.649999618530273,10.530900001525879,10.569899559020996,129307,0.0,0.0
2023-05-04 10:30:00-04:00,10.539999961853027,10.59000015258789,10.520000457763672,10.570099830627441,184680,0.0,0.0
2023-05-04 11:30:00-04:00,10.550000190734863,10.59000015258789,10.529999732971191,10.539999961853027,112981,0.0,0.0
2023-05-04 12:30:00-04:00,10.550100326538086,10.598999977111816,10.529999732971191,10.5600004196167,90140,0.0,0.0
2023-05-04 13:30:00-04:00,10.550000190734863,10.598999977111816,10.550000190734863,10.569999694824219,115058,0.0,0.0
2023-05-04 14:30:00-04:00,10.574999809265137,10.593199729919434,10.555000305175781,10.569999694824219,57386,0.0,0.0
2023-05-04 15:30:00-04:00,10.579999923706055,10.600099563598633,10.555000305175781,10.5600004196167,40209,0.0,0.0
2023-05-05 09:30:00-04:00,10.670000076293945,10.680000305175781,10.59000015258789,10.609999656677246,78381,0.0,0.0
2023-05-05 10:30:00-04:00,10.664999961853027,10.664999961853027,10.579999923706055,10.595000267028809,137642,0.0,0.0
2023-05-05 11:30:00-04:00,10.600000381469727,10.630000114440918,10.579999923706055,10.609999656677246,103214,0.0,0.0
2023-05-05 12:30:00-04:00,10.585000038146973,10.630000114440918,10.569999694824219,10.600000381469727,135191,0.0,0.0
2023-05-05 13:30:00-04:00,10.59000015258789,10.630000114440918,10.569999694824219,10.614999771118164,128850,0.0,0.0
2023-05-05 14:30:00-04:00,10.614999771118164,10.680000305175781,10.609999656677246,10.662500381469727,114532,0.0,0.0
2023-05-05 15:30:00-04:00,10.662699699401855,10.701199531555176,10.66100025177002,10.6899995803833,22433,0.0,0.0
2023-05-08 09:30:00-04:00,10.649999618530273,10.680000305175781,10.579999923706055,10.579999923706055,99335,0.0,0.0
2023-05-08 10:30:00-04:00,10.581000328063965,10.630000114440918,10.579999923706055,10.625,14363,0.0,0.0
2023-05-08 11:30:00-04:00,10.614999771118164,10.619999885559082,10.510000228881836,10.520000457763672,139262,0.0,0.0
2023-05-08 12:30:00-04:00,10.529999732971191,10.5600004196167,10.520000457763672,10.53499984741211,82029,0.0,0.0
2023-05-08 13:30:00-04:00,10.529999732971191,10.539999961853027,10.520000457763672,10.520000457763672,68845,0.0,0.0
2023-05-08 14:30:00-04:00,10.520000457763672,10.520000457763672,10.460000038146973,10.5,129746,0.0,0.0
2023-05-08 15:30:00-04:00,10.494999885559082,10.510000228881836,10.479999542236328,10.510000228881836,59602,0.0,0.0
2023-05-09 09:30:00-04:00,10.5,10.550000190734863,10.494999885559082,10.520000457763672,83434,0.0,0.0
2023-05-09 10:30:00-04:00,10.520000457763672,10.539999961853027,10.489999771118164,10.500100135803223,54275,0.0,0.0
2023-05-09 11:30:00-04:00,10.500800132751465,10.520000457763672,10.479999542236328,10.515000343322754,49559,0.0,0.0
2023-05-09 12:30:00-04:00,10.520000457763672,10.529999732971191,10.5,10.510000228881836,35536,0.0,0.0
2023-05-09 13:30:00-04:00,10.513999938964844,10.520000457763672,10.479999542236328,10.484999656677246,102746,0.0,0.0
2023-05-09 14:30:00-04:00,10.484999656677246,10.529999732971191,10.470000267028809,10.529899597167969,76456,0.0,0.0
2023-05-09 15:30:00-04:00,10.529999732971191,10.550000190734863,10.520000457763672,10.550000190734863,88830,0.0,0.0
2023-05-10 09:30:00-04:00,10.59000015258789,10.637700080871582,10.529899597167969,10.574999809265137,190642,0.0,0.0
2023-05-10 10:30:00-04:00,10.57960033416748,10.600000381469727,10.555000305175781,10.591099739074707,44953,0.0,0.0
2023-05-10 11:30:00-04:00,10.596599578857422,10.600000381469727,10.569899559020996,10.579899787902832,0,0.0,0.0
2023-05-10 12:30:00-04:00,10.579899787902832,10.579899787902832,10.53499984741211,10.539999961853027,311430,0.0,0.0
2023-05-10 13:30:00-04:00,10.539999961853027,10.559800148010254,10.529999732971191,10.550000190734863,20869,0.0,0.0
2023-05-10 14:30:00-04:00,10.543999671936035,10.585000038146973,10.543999671936035,10.579899787902832,36276,0.0,0.0
2023-05-10 15:30:00-04:00,10.574999809265137,10.59000015258789,10.550000190734863,10.59000015258789,39319,0.0,0.0
2023-05-11 09:30:00-04:00,10.59000015258789,10.609999656677246,10.550000190734863,10.604999542236328,140364,0.0,0.0
2023-05-11 10:30:00-04:00,10.611900329589844,10.630000114440918,10.550100326538086,10.5600004196167,39761,0.0,0.0
2023-05-11 11:30:00-04:00,10.569999694824219,10.579999923706055,10.555000305175781,10.569999694824219,59243,0.0,0.0
2023-05-11 12:30:00-04:00,10.569999694824219,10.585000038146973,10.550000190734863,10.559900283813477,38167,0.0,0.0
2023-05-11 13:30:00-04:00,10.559499740600586,10.5600004196167,10.520000457763672,10.527899742126465,56961,0.0,0.0
2023-05-11 14:30:00-04:00,10.524999618530273,10.550000190734863,10.510000228881836,10.546600341796875,25465,0.0,0.0
2023-05-11 15:30:00-04:00,10.541999816894531,10.555000305175781,10.529999732971191,10.555000305175781,23586,0.0,0.0
2023-05-12 09:30:00-04:00,10.569999694824219,10.599800109863281,10.54010009765625,10.568699836730957,55824,0.0,0.0
2023-05-12 10:30:00-04:00,10.5649995803833,10.619999885559082,10.5649995803833,10.597700119018555,49567,0.0,0.0
2023-05-12 11:30:00-04:00,10.593999862670898,10.604999542236328,10.5600004196167,10.582500457763672,47247,0.0,0.0
2023-05-12 12:30:00-04:00,10.580100059509277,10.59000015258789,10.569999694824219,10.585000038146973,11218,0.0,0.0
2023-05-12 13:30:00-04:00,10.57699966430664,10.579999923706055,10.529999732971191,10.550000190734863,71015,0.0,0.0
2023-05-12 14:30:00-04:00,10.550000190734863,10.630000114440918,10.550000190734863,10.626799583435059,88358,0.0,0.0
2023-05-12 15:30:00-04:00,10.630000114440918,10.649999618530273,10.619999885559082,10.649999618530273,24254,0.0,0.0
2023-05-15 09:30:00-04:00,10.699999809265137,10.699999809265137,10.574999809265137,10.599499702453613,65642,0.0,0.0
2023-05-15 10:30:00-04:00,10.604999542236328,10.649999618530273,10.604999542236328,10.640000343322754,83295,0.0,0.0
2023-05-15 11:30:00-04:00,10.635000228881836,10.654999732971191,10.630000114440918,10.635000228881836,18955,0.0,0.0
2023-05-15 12:30:00-04:00,10.639300346374512,10.696399688720703,10.635000228881836,10.680000305175781,22562,0.0,0.0
2023-05-15 13:30:00-04:00,10.675000190734863,10.680000305175781,10.640000343322754,10.651000022888184,43147,0.0,0.0
2023-05-15 14:30:00-04:00,10.649999618530273,10.677200317382812,10.619999885559082,10.625,115673,0.0,0.0
2023-05-15 15:30:00-04:00,10.628800392150879,10.640000343322754,10.614999771118164,10.619999885559082,13239,0.0,0.0
2023-05-16 09:30:00-04:00,10.569999694824219,10.600000381469727,10.510100364685059,10.529999732971191,101403,0.0,0.0
2023-05-16 10:30:00-04:00,10.529999732971191,10.5600004196167,10.475000381469727,10.529999732971191,242806,0.0,0.0
2023-05-16 11:30:00-04:00,10.53499984741211,10.550000190734863,10.515000343322754,10.524999618530273,65352,0.0,0.0
2023-05-16 12:30:00-04:00,10.533499717712402,10.5649995803833,10.533499717712402,10.550000190734863,35733,0.0,0.0
2023-05-16 13:30:00-04:00,10.539999961853027,10.5600004196167,10.539999961853027,10.542400360107422,42667,0.0,0.0
2023-05-16 14:30:00-04:00,10.54010009765625,10.550000190734863,10.534199714660645,10.539999961853027,31662,0.0,0.0
2023-05-16 15:30:00-04:00,10.545000076293945,10.550000190734863,10.524999618530273,10.524999618530273,22769,0.0,0.0
2023-05-17 09:30:00-04:00,10.520000457763672,10.539999961853027,10.484999656677246,10.539999961853027,103116,0.0,0.0
2023-05-17 10:30:00-04:00,10.545000076293945,10.5600004196167,10.53499984741211,10.537699699401855,43181,0.0,0.0
2023-05-17 11:30:00-04:00,10.545000076293945,10.567899703979492,10.529999732971191,10.539999961853027,52245,0.0,0.0
2023-05-17 12:30:00-04:00,10.545000076293945,10.555000305175781,10.520000457763672,10.54800033569336,50965,0.0,0.0
2023-05-17 13:30:00-04:00,10.548500061035156,10.5600004196167,10.520000457763672,10.530099868774414,52337,0.0,0.0
2023-05-17 14:30:00-04:00,10.53499984741211,10.5600004196167,10.524999618530273,10.524999618530273,55195,0.0,0.0
2023-05-17 15:30:00-04:00,10.529999732971191,10.5600004196167,10.527999877929688,10.550000190734863,18682,0.0,0.0
2023-05-18 09:30:00-04:00,10.489999771118164,10.509900093078613,10.45989990234375,10.494999885559082,186787,0.0,0.0
2023-05-18 10:30:00-04:00,10.489999771118164,10.510899543762207,10.479999542236328,10.494999885559082,163836,0.0,0.0
2023-05-18 11:30:00-04:00,10.501500129699707,10.510000228881836,10.460000038146973,10.470000267028809,164198,0.0,0.0
2023-05-18 12:30:00-04:00,10.479999542236328,10.485899925231934,10.460000038146973,10.470000267028809,79732,0.0,0.0
2023-05-18 13:30:00-04:00,10.46500015258789,10.470000267028809,10.449999809265137,10.460000038146973,63919,0.0,0.0
2023-05-18 14:30:00-04:00,10.46500015258789,10.468999862670898,10.425000190734863,10.4399995803833,235375,0.0,0.0
2023-05-18 15:30:00-04:00,10.443900108337402,10.460000038146973,10.119999885559082,10.319999694824219,787689,0.0,0.0
2023-05-19 09:30:00-04:00,10.350000381469727,10.369999885559082,10.3149995803833,10.345000267028809,121819,0.0,0.0
2023-05-19 10:30:00-04:00,10.345000267028809,10.359999656677246,10.3100004196167,10.3100004196167,71941,0.0,0.0
2023-05-19 11:30:00-04:00,10.309900283813477,10.329999923706055,10.265000343322754,10.289999961853027,89175,0.0,0.0
2023-05-19 12:30:00-04:00,10.27340030670166,10.300000190734863,10.260499954223633,10.279999732971191,94942,0.0,0.0
2023-05-19 13:30:00-04:00,10.281100273132324,10.319999694824219,10.270000457763672,10.274999618530273,105593,0.0,0.0
2023-05-19 14:30:00-04:00,10.274999618530273,10.3100004196167,10.270000457763672,10.295000076293945,49471,0.0,0.0
2023-05-19 15:30:00-04:00,10.299799919128418,10.300000190734863,10.289999961853027,10.289999961853027,27967,0.0,0.0
2023-05-22 09:30:00-04:00,10.260000228881836,10.339400291442871,10.260000228881836,10.3149995803833,112057,0.0,0.0
2023-05-22 10:30:00-04:00,10.287500381469727,10.317999839782715,10.279999732971191,10.280200004577637,182396,0.0,0.0
2023-05-22 11:30:00-04:00,10.300000190734863,10.3100004196167,10.270000457763672,10.274999618530273,124176,0.0,0.0
2023-05-22 12:30:00-04:00,10.279999732971191,10.295000076293945,10.260000228881836,10.267999649047852,127255,0.0,0.0
2023-05-22 13:30:00-04:00,10.274100303649902,10.295000076293945,10.25,10.264699935913086,150314,0.0,0.0
2023-05-22 14:30:00-04:00,10.273099899291992,10.279999732971191,10.25,10.25,90441,0.0,0.0
2023-05-22 15:30:00-04:00,10.259200096130371,10.270000457763672,10.25,10.270000457763672,48607,0.0,0.0
2023-05-23 09:30:00-04:00,10.279999732971191,10.319999694824219,10.25,10.287099838256836,69963,0.0,0.0
2023-05-23 10:30:00-04:00,10.281700134277344,10.289899826049805,10.260000228881836,10.270000457763672,59145,0.0,0.0
2023-05-23 11:30:00-04:00,10.265000343322754,10.300000190734863,10.25,10.273300170898438,59746,0.0,0.0
2023-05-23 12:30:00-04:00,10.279899597167969,10.288999557495117,10.270000457763672,10.279899597167969,20704,0.0,0.0
2023-05-23 13:30:00-04:00,10.274999618530273,10.289999961853027,10.25,10.255000114440918,37539,0.0,0.0
2023-05-23 14:30:00-04:00,10.260000228881836,10.260000228881836,10.229999542236328,10.24209976196289,88004,0.0,0.0
2023-05-23 15:30:00-04:00,10.244999885559082,10.265000343322754,10.239999771118164,10.255000114440918,49839,0.0,0.0
2023-05-24 09:30:00-04:00,10.199999809265137,10.210000038146973,10.170000076293945,10.189499855041504,105631,0.0,0.0
2023-05-24 10:30:00-04:00,10.1850004196167,10.199999809265137,10.180000305175781,10.198200225830078,32218,0.0,0.0
2023-05-24 11:30:00-04:00,10.194999694824219,10.194999694824219,10.149999618530273,10.168899536132812,104570,0.0,0.0
2023-05-24 12:30:00-04:00,10.164999961853027,10.189800262451172,10.164999961853027,10.164999961853027,32962,0.0,0.0
2023-05-24 13:30:00-04:00,10.168999671936035,10.1899995803833,10.168999671936035,10.170000076293945,55065,0.0,0.0
2023-05-24 14:30:00-04:00,10.169899940490723,10.1899995803833,10.130000114440918,10.179900169372559,150370,0.0,0.0
2023-05-24 15:30:00-04:00,10.179499626159668,10.180000305175781,10.140000343322754,10.15999984741211,32716,0.0,0.0
2023-05-25 09:30:00-04:00,10.180000305175781,10.180000305175781,10.109999656677246,10.165399551391602,106808,0.0,0.0
2023-05-25 10:30:00-04:00,10.164400100708008,10.170000076293945,10.104999542236328,10.126199722290039,108106,0.0,0.0
2023-05-25 11:30:00-04:00,10.128999710083008,10.130000114440918,10.069999694824219,10.071000099182129,147312,0.0,0.0
2023-05-25 12:30:00-04:00,10.079000473022461,10.109999656677246,10.069999694824219,10.109999656677246,52455,0.0,0.0
2023-05-25 13:30:00-04:00,10.100000381469727,10.130000114440918,10.069999694824219,10.125,95878,0.0,0.0
2023-05-25 14:30:00-04:00,10.125,10.130000114440918,10.100000381469727,10.125,78755,0.0,0.0
2023-05-25 15:30:00-04:00,10.125,10.130000114440918,10.100000381469727,10.104999542236328,53131,0.0,0.0
2023-05-26 09:30:00-04:00,10.109999656677246,10.135000228881836,10.069999694824219,10.121700286865234,124261,0.0,0.0
2023-05-26 10:30:00-04:00,10.125,10.270000457763672,10.119999885559082,10.269200325012207,271122,0.0,0.0
2023-05-26 11:30:00-04:00,10.265000343322754,10.34000015258789,10.255000114440918,10.34000015258789,75723,0.0,0.0
2023-05-26 12:30:00-04:00,10.329999923706055,10.335000038146973,10.211000442504883,10.21500015258789,92345,0.0,0.0
2023-05-26 13:30:00-04:00,10.212300300598145,10.21500015258789,10.119999885559082,10.154999732971191,118912,0.0,0.0
2023-05-26 14:30:00-04:00,10.154999732971191,10.204999923706055,10.149999618530273,10.1850004196167,44189,0.0,0.0
2023-05-26 15:30:00-04:00,10.182000160217285,10.204999923706055,10.182000160217285,10.1899995803833,54774,0.0,0.0
2023-05-30 09:30:00-04:00,10.150300025939941,10.1899995803833,10.130000114440918,10.149999618530273,144319,0.0,0.0
2023-05-30 10:30:00-04:00,10.154000282287598,10.170000076293945,10.149999618530273,10.15999984741211,76548,0.0,0.0
2023-05-30 11:30:00-04:00,10.15999984741211,10.169599533081055,10.09000015258789,10.130000114440918,139296,0.0,0.0
2023-05-30 12:30:00-04:00,10.125,10.140000343322754,10.119999885559082,10.120100021362305,52710,0.0,0.0
2023-05-30 13:30:00-04:00,10.119999885559082,10.15999984741211,10.119999885559082,10.154999732971191,70624,0.0,0.0
2023-05-30 14:30:00-04:00,10.154999732971191,10.15999984741211,10.100000381469727,10.100000381469727,119323,0.0,0.0
2023-05-30 15:30:00-04:00,10.100000381469727,10.130000114440918,10.09000015258789,10.130000114440918,55508,0.0,0.0
2023-05-31 09:30:00-04:00,10.109999656677246,10.128000259399414,10.09000015258789,10.118200302124023,92395,0.0,0.0
2023-05-31 10:30:00-04:00,10.1181001663208,10.149700164794922,10.100000381469727,10.142999649047852,67858,0.0,0.0
2023-05-31 11:30:00-04:00,10.143600463867188,10.175000190734863,10.140700340270996,10.160599708557129,58308,0.0,0.0
2023-05-31 12:30:00-04:00,10.15999984741211,10.1899995803833,10.149999618530273,10.175000190734863,49081,0.0,0.0
2023-05-31 13:30:00-04:00,10.175000190734863,10.220100402832031,10.15999984741211,10.220100402832031,38431,0.0,0.0
2023-05-31 14:30:00-04:00,10.220600128173828,10.229900360107422,10.1899995803833,10.199999809265137,67826,0.0,0.0
2023-05-31 15:30:00-04:00,10.204999923706055,10.210000038146973,10.170000076293945,10.1899995803833,66825,0.0,0.0
2023-06-01 09:30:00-04:00,10.199999809265137,10.199999809265137,10.104999542236328,10.149999618530273,132406,0.0,0.0
2023-06-01 10:30:00-04:00,10.149200439453125,10.180000305175781,10.140000343322754,10.15999984741211,87859,0.0,0.0
2023-06-01 11:30:00-04:00,10.164999961853027,10.180000305175781,10.130000114440918,10.13700008392334,50779,0.0,0.0
2023-06-01 12:30:00-04:00,10.13010025024414,10.139900207519531,10.119999885559082,10.130000114440918,54569,0.0,0.0
2023-06-01 13:30:00-04:00,10.139599800109863,10.164999961853027,10.130000114440918,10.137299537658691,69518,0.0,0.0
2023-06-01 14:30:00-04:00,10.138999938964844,10.149999618530273,10.130000114440918,10.140000343322754,65601,0.0,0.0
2023-06-01 15:30:00-04:00,10.135000228881836,10.145000457763672,10.125,10.140000343322754,23360,0.0,0.0
2023-06-02 09:30:00-04:00,10.199999809265137,10.24899959564209,10.168000221252441,10.244999885559082,80825,0.0,0.0
2023-06-02 10:30:00-04:00,10.241000175476074,10.295000076293945,10.229999542236328,10.289999961853027,71014,0.0,0.0
2023-06-02 11:30:00-04:00,10.289999961853027,10.300000190734863,10.270000457763672,10.270000457763672,89579,0.0,0.0
2023-06-02 12:30:00-04:00,10.274999618530273,10.300000190734863,10.260000228881836,10.289999961853027,63239,0.0,0.0
2023-06-02 13:30:00-04:00,10.289999961853027,10.300000190734863,10.260000228881836,10.260000228881836,45627,0.0,0.0
2023-06-02 14:30:00-04:00,10.260000228881836,10.270000457763672,10.239999771118164,10.25,80587,0.0,0.0
2023-06-02 15:30:00-04:00,10.255000114440918,10.255000114440918,10.239999771118164,10.25,35565,0.0,0.0
2023-06-05 09:30:00-04:00,10.260000228881836,10.319999694824219,10.260000228881836,10.289999961853027,107573,0.0,0.0
2023-06-05 10:30:00-04:00,10.279999732971191,10.300000190734863,10.260100364685059,10.270000457763672,53476,0.0,0.0
2023-06-05 11:30:00-04:00,10.27340030670166,10.274800300598145,10.25,10.265000343322754,52341,0.0,0.0
2023-06-05 12:30:00-04:00,10.260000228881836,10.26990032196045,10.221699714660645,10.22599983215332,45624,0.0,0.0
2023-06-05 13:30:00-04:00,10.229100227355957,10.23799991607666,10.15999984741211,10.170000076293945,118872,0.0,0.0
2023-06-05 14:30:00-04:00,10.176799774169922,10.180000305175781,10.140000343322754,10.170000076293945,104631,0.0,0.0
2023-06-05 15:30:00-04:00,10.15999984741211,10.1899995803833,10.15999984741211,10.1850004196167,26785,0.0,0.0
2023-06-06 09:30:00-04:00,10.199999809265137,10.199999809265137,10.149999618530273,10.180100440979004,136319,0.0,0.0
2023-06-06 10:30:00-04:00,10.175000190734863,10.199999809265137,10.15999984741211,10.15999984741211,141031,0.0,0.0
2023-06-06 11:30:00-04:00,10.179499626159668,10.179499626159668,10.149999618530273,10.15999984741211,141321,0.0,0.0
2023-06-06 12:30:00-04:00,10.149999618530273,10.164999961853027,10.149999618530273,10.159899711608887,108432,0.0,0.0
2023-06-06 13:30:00-04:00,10.15149974822998,10.170000076293945,10.149999618530273,10.151000022888184,112223,0.0,0.0
2023-06-06 14:30:00-04:00,10.15999984741211,10.180000305175781,10.149999618530273,10.170000076293945,112699,0.0,0.0
2023-06-06 15:30:00-04:00,10.175000190734863,10.1850004196167,10.15999984741211,10.180000305175781,45872,0.0,0.0
2023-06-07 09:30:00-04:00,10.1899995803833,10.199999809265137,10.158499717712402,10.175000190734863,114146,0.0,0.0
2023-06-07 10:30:00-04:00,10.180000305175781,10.279999732971191,10.170000076293945,10.244999885559082,99076,0.0,0.0
2023-06-07 11:30:00-04:00,10.244999885559082,10.25879955291748,10.210000038146973,10.229999542236328,32902,0.0,0.0
2023-06-07 12:30:00-04:00,10.239999771118164,10.260000228881836,10.220000267028809,10.220000267028809,51936,0.0,0.0
2023-06-07 13:30:00-04:00,10.225000381469727,10.229900360107422,10.210000038146973,10.21030044555664,62048,0.0,0.0
2023-06-07 14:30:00-04:00,10.21500015258789,10.244999885559082,10.210000038146973,10.220000267028809,80474,0.0,0.0
2023-06-07 15:30:00-04:00,10.220000267028809,10.279999732971191,10.220000267028809,10.279999732971191,34968,0.0,0.0
2023-06-08 09:30:00-04:00,10.300000190734863,10.329999923706055,10.25,10.29010009765625,78930,0.0,0.0
2023-06-08 10:30:00-04:00,10.289999961853027,10.3100004196167,10.270000457763672,10.279999732971191,34650,0.0,0.0
2023-06-08 11:30:00-04:00,10.28499984741211,10.289999961853027,10.199999809265137,10.247099876403809,179967,0.0,0.0
2023-06-08 12:30:00-04:00,10.241999626159668,10.279999732971191,10.229999542236328,10.279999732971191,78279,0.0,0.0
2023-06-08 13:30:00-04:00,10.278499603271484,10.300000190734863,10.265000343322754,10.281800270080566,49160,0.0,0.0
2023-06-08 14:30:00-04:00,10.28499984741211,10.289999961853027,10.260000228881836,10.270000457763672,59638,0.0,0.0
2023-06-08 15:30:00-04:00,10.265000343322754,10.300000190734863,10.260000228881836,10.300000190734863,54612,0.0,0.0
2023-06-09 09:30:00-04:00,10.350000381469727,10.350000381469727,10.279999732971191,10.289999961853027,72928,0.0,0.0
2023-06-09 10:30:00-04:00,10.300000190734863,10.3100004196167,10.25,10.260000228881836,49361,0.0,0.0
2023-06-09 11:30:00-04:00,10.259900093078613,10.279899597167969,10.25,10.279899597167969,28461,0.0,0.0
2023-06-09 12:30:00-04:00,10.279899597167969,10.295000076293945,10.247900009155273,10.247900009155273,90123,0.0,0.0
2023-06-09 13:30:00-04:00,10.247200012207031,10.270000457763672,10.229999542236328,10.229999542236328,61953,0.0,0.0
2023-06-09 14:30:00-04:00,10.239899635314941,10.239999771118164,10.220000267028809,10.229700088500977,71289,0.0,0.0
2023-06-09 15:30:00-04:00,10.225000381469727,10.25,10.220000267028809,10.244999885559082,66142,0.0,0.0
2023-06-12 09:30:00-04:00,10.239999771118164,10.289999961853027,10.220000267028809,10.260000228881836,223881,0.0,0.0
2023-06-12 10:30:00-04:00,10.258999824523926,10.289999961853027,10.239999771118164,10.274999618530273,70936,0.0,0.0
2023-06-12 11:30:00-04:00,10.274999618530273,10.289999961853027,10.210000038146973,10.217499732971191,65795,0.0,0.0
2023-06-12 12:30:00-04:00,10.210000038146973,10.219900131225586,10.180000305175781,10.180000305175781,85234,0.0,0.0
2023-06-12 13:30:00-04:00,10.187999725341797,10.210000038146973,10.170000076293945,10.194999694824219,96280,0.0,0.0
2023-06-12 14:30:00-04:00,10.199999809265137,10.199999809265137,10.180000305175781,10.199999809265137,68715,0.0,0.0
2023-06-12 15:30:00-04:00,10.194999694824219,10.220000267028809,10.180000305175781,10.199999809265137,49559,0.0,0.0
2023-06-13 09:30:00-04:00,10.199999809265137,10.300000190734863,10.199999809265137,10.28499984741211,219029,0.0,0.0
2023-06-13 10:30:00-04:00,10.279999732971191,10.289999961853027,10.234299659729004,10.265000343322754,56218,0.0,0.0
2023-06-13 11:30:00-04:00,10.267600059509277,10.270000457763672,10.220000267028809,10.225000381469727,56898,0.0,0.0
2023-06-13 12:30:00-04:00,10.225000381469727,10.239999771118164,10.210000038146973,10.239999771118164,42428,0.0,0.0
2023-06-13 13:30:00-04:00,10.239999771118164,10.289899826049805,10.23009967803955,10.28499984741211,90027,0.0,0.0
2023-06-13 14:30:00-04:00,10.28499984741211,10.287199974060059,10.223999977111816,10.234999656677246,108808,0.0,0.0
2023-06-13 15:30:00-04:00,10.234000205993652,10.25,10.229999542236328,10.229999542236328,32859,0.0,0.0
2023-06-14 09:30:00-04:00,10.270000457763672,10.300000190734863,10.229999542236328,10.276200294494629,99354,0.0,0.0
2023-06-14 10:30:00-04:00,10.27750015258789,10.289999961853027,10.270000457763672,10.289899826049805,30597,0.0,0.0
2023-06-14 11:30:00-04:00,10.279999732971191,10.300000190734863,10.25,10.260000228881836,69250,0.0,0.0
2023-06-14 12:30:00-04:00,10.265000343322754,10.26990032196045,10.229700088500977,10.229999542236328,75584,0.0,0.0
2023-06-14 13:30:00-04:00,10.229999542236328,10.234999656677246,10.199999809265137,10.199999809265137,60887,0.0,0.0
2023-06-14 14:30:00-04:00,10.199999809265137,10.220000267028809,10.194999694824219,10.21500015258789,76561,0.0,0.0
2023-06-14 15:30:00-04:00,10.21500015258789,10.21500015258789,10.199999809265137,10.21500015258789,48923,0.0,0.0
2023-06-15 09:30:00-04:00,10.199999809265137,10.279899597167969,10.199999809265137,10.267000198364258,88086,0.0,0.0
2023-06-15 10:30:00-04:00,10.269000053405762,10.274999618530273,10.260000228881836,10.270000457763672,40939,0.0,0.0
2023-06-15 11:30:00-04:00,10.271599769592285,10.279999732971191,10.260000228881836,10.279999732971191,42882,0.0,0.0
2023-06-15 12:30:00-04:00,10.272199630737305,10.300000190734863,10.261699676513672,10.26990032196045,62751,0.0,0.0
2023-06-15 13:30:00-04:00,10.269399642944336,10.279999732971191,10.260000228881836,10.275300025939941,38721,0.0,0.0
2023-06-15 14:30:00-04:00,10.274999618530273,10.279999732971191,10.255000114440918,10.270000457763672,59928,0.0,0.0
2023-06-15 15:30:00-04:00,10.272500038146973,10.279999732971191,10.260100364685059,10.270000457763672,30899,0.0,0.0
2023-06-16 09:30:00-04:00,10.3100004196167,10.3100004196167,10.220000267028809,10.229999542236328,111129,0.0,0.0
2023-06-16 10:30:00-04:00,10.229999542236328,10.25,10.220000267028809,10.25,84230,0.0,0.0
2023-06-16 11:30:00-04:00,10.25,10.28499984741211,10.25,10.28499984741211,41178,0.0,0.0
2023-06-16 12:30:00-04:00,10.279999732971191,10.300000190734863,10.270000457763672,10.279999732971191,68402,0.0,0.0
2023-06-16 13:30:00-04:00,10.274999618530273,10.279999732971191,10.229999542236328,10.239999771118164,48684,0.0,0.0
2023-06-16 14:30:00-04:00,10.234999656677246,10.239899635314941,10.210000038146973,10.219900131225586,68292,0.0,0.0
2023-06-16 15:30:00-04:00,10.219900131225586,10.239899635314941,10.210000038146973,10.220000267028809,30623,0.0,0.0
2023-06-20 09:30:00-04:00,10.220000267028809,10.229999542236328,10.149999618530273,10.160200119018555,277583,0.0,0.0
2023-06-20 10:30:00-04:00,10.180000305175781,10.180000305175781,10.149999618530273,10.154999732971191,207158,0.0,0.0
2023-06-20 11:30:00-04:00,10.170000076293945,10.170000076293945,10.09000015258789,10.109000205993652,237716,0.0,0.0
2023-06-20 12:30:00-04:00,10.135000228881836,10.149999618530273,10.069999694824219,10.14009952545166,298466,0.0,0.0
2023-06-20 13:30:00-04:00,10.12969970703125,10.159899711608887,10.123200416564941,10.149999618530273,180345,0.0,0.0
2023-06-20 14:30:00-04:00,10.154999732971191,10.15999984741211,10.140000343322754,10.158900260925293,121688,0.0,0.0
2023-06-20 15:30:00-04:00,10.15999984741211,10.170000076293945,10.149999618530273,10.170000076293945,50876,0.0,0.0
2023-06-21 09:30:00-04:00,10.069999694824219,10.113100051879883,10.050000190734863,10.100000381469727,200648,0.0,0.0
2023-06-21 10:30:00-04:00,10.100000381469727,10.109999656677246,10.069999694824219,10.071999549865723,126063,0.0,0.0
2023-06-21 11:30:00-04:00,10.069999694824219,10.075300216674805,10.050000190734863,10.059100151062012,88649,0.0,0.0
2023-06-21 12:30:00-04:00,10.055000305175781,10.074999809265137,10.050000190734863,10.0600004196167,79052,0.0,0.0
2023-06-21 13:30:00-04:00,10.0600004196167,10.09000015258789,10.0600004196167,10.085000038146973,53722,0.0,0.0
2023-06-21 14:30:00-04:00,10.085000038146973,10.119999885559082,10.079999923706055,10.114999771118164,62703,0.0,0.0
2023-06-21 15:30:00-04:00,10.119999885559082,10.130000114440918,10.116499900817871,10.130000114440918,65122,0.0,0.0
2023-06-22 09:30:00-04:00,10.079999923706055,10.119999885559082,10.079999923706055,10.099900245666504,73655,0.0,0.0
2023-06-22 10:30:00-04:00,10.100000381469727,10.180000305175781,10.100000381469727,10.170100212097168,106095,0.0,0.0
2023-06-22 11:30:00-04:00,10.172200202941895,10.180000305175781,10.135000228881836,10.145000457763672,86901,0.0,0.0
2023-06-22 12:30:00-04:00,10.14109992980957,10.148799896240234,10.100000381469727,10.122099876403809,79938,0.0,0.0
2023-06-22 13:30:00-04:00,10.125,10.140000343322754,10.109999656677246,10.129899978637695,45481,0.0,0.0
2023-06-22 14:30:00-04:00,10.128600120544434,10.149999618530273,10.119999885559082,10.125,42881,0.0,0.0
2023-06-22 15:30:00-04:00,10.121000289916992,10.130000114440918,10.109999656677246,10.119999885559082,50182,0.0,0.0
2023-06-23 09:30:00-04:00,10.119999885559082,10.140000343322754,10.104999542236328,10.109999656677246,80134,0.0,0.0
2023-06-23 10:30:00-04:00,10.140000343322754,10.140000343322754,10.09000015258789,10.114999771118164,118043,0.0,0.0
2023-06-23 11:30:00-04:00,10.09000015258789,10.149900436401367,10.09000015258789,10.14900016784668,79330,0.0,0.0
2023-06-23 12:30:00-04:00,10.141400337219238,10.25,10.100000381469727,10.130999565124512,277892,0.0,0.0
2023-06-23 13:30:00-04:00,10.114999771118164,10.15999984741211,10.100000381469727,10.125,67030,0.0,0.0
2023-06-23 14:30:00-04:00,10.140000343322754,10.154999732971191,10.100000381469727,10.140000343322754,167880,0.0,0.0
2023-06-23 15:30:00-04:00,10.145000457763672,10.149999618530273,10.109999656677246,10.119999885559082,43513,0.0,0.0
2023-06-26 09:30:00-04:00,10.149999618530273,10.1899995803833,10.120100021362305,10.186400413513184,79258,0.0,0.0
2023-06-26 10:30:00-04:00,10.180000305175781,10.210000038146973,10.164999961853027,10.199999809265137,78393,0.0,0.0
2023-06-26 11:30:00-04:00,10.210000038146973,10.25,10.210000038146973,10.23799991607666,71369,0.0,0.0
2023-06-26 12:30:00-04:00,10.232000350952148,10.234999656677246,10.210000038146973,10.227800369262695,28250,0.0,0.0
2023-06-26 13:30:00-04:00,10.221500396728516,10.239999771118164,10.1899995803833,10.21500015258789,84371,0.0,0.0
2023-06-26 14:30:00-04:00,10.21500015258789,10.219900131225586,10.19629955291748,10.199999809265137,63989,0.0,0.0
2023-06-26 15:30:00-04:00,10.199999809265137,10.20359992980957,10.180100440979004,10.1899995803833,23038,0.0,0.0
2023-06-27 09:30:00-04:00,10.199999809265137,10.239999771118164,10.180000305175781,10.220600128173828,80190,0.0,0.0
2023-06-27 10:30:00-04:00,10.229999542236328,10.23009967803955,10.1899995803833,10.194600105285645,68077,0.0,0.0
2023-06-27 11:30:00-04:00,10.1899995803833,10.239999771118164,10.180100440979004,10.230199813842773,59956,0.0,0.0
2023-06-27 12:30:00-04:00,10.239999771118164,10.239999771118164,10.220000267028809,10.239899635314941,32406,0.0,0.0
2023-06-27 13:30:00-04:00,10.239999771118164,10.260000228881836,10.239999771118164,10.249699592590332,33614,0.0,0.0
2023-06-27 14:30:00-04:00,10.244999885559082,10.260000228881836,10.229999542236328,10.238200187683105,44243,0.0,0.0
2023-06-27 15:30:00-04:00,10.239899635314941,10.244999885559082,10.220000267028809,10.229999542236328,36619,0.0,0.0
2023-06-28 09:30:00-04:00,10.270000457763672,10.270000457763672,10.235199928283691,10.255000114440918,49785,0.0,0.0
2023-06-28 10:30:00-04:00,10.259400367736816,10.260000228881836,10.239999771118164,10.254500389099121,31791,0.0,0.0
2023-06-28 11:30:00-04:00,10.250100135803223,10.260000228881836,10.250100135803223,10.260000228881836,30153,0.0,0.0
2023-06-28 12:30:00-04:00,10.259900093078613,10.260000228881836,10.239999771118164,10.244999885559082,33482,0.0,0.0
2023-06-28 13:30:00-04:00,10.248299598693848,10.25,10.229999542236328,10.229999542236328,54648,0.0,0.0
2023-06-28 14:30:00-04:00,10.23069953918457,10.239999771118164,10.220000267028809,10.225000381469727,38934,0.0,0.0
2023-06-28 15:30:00-04:00,10.225000381469727,10.28499984741211,10.225000381469727,10.279999732971191,86752,0.0,0.0
2023-06-29 09:30:00-04:00,10.180000305175781,10.279999732971191,10.130000114440918,10.250100135803223,129167,0.0,0.0
2023-06-29 10:30:00-04:00,10.259499549865723,10.265000343322754,10.21500015258789,10.244999885559082,64107,0.0,0.0
2023-06-29 11:30:00-04:00,10.240599632263184,10.265000343322754,10.240500450134277,10.260000228881836,35214,0.0,0.0
2023-06-29 12:30:00-04:00,10.255599975585938,10.265000343322754,10.229999542236328,10.244999885559082,27204,0.0,0.0
2023-06-29 13:30:00-04:00,10.247599601745605,10.25,10.210000038146973,10.21500015258789,75599,0.0,0.0
2023-06-29 14:30:00-04:00,10.219499588012695,10.260000228881836,10.210100173950195,10.260000228881836,30536,0.0,0.0
2023-06-29 15:30:00-04:00,10.250100135803223,10.300000190734863,10.250100135803223,10.300000190734863,62120,0.0,0.0
2023-06-30 09:30:00-04:00,10.270000457763672,10.354999542236328,10.26039981842041,10.350000381469727,96835,0.0,0.0
2023-06-30 10:30:00-04:00,10.354999542236328,10.358499526977539,10.323699951171875,10.329999923706055,30615,0.0,0.0
2023-06-30 11:30:00-04:00,10.32960033416748,10.329999923706055,10.300000190734863,10.3149995803833,51666,0.0,0.0
2023-06-30 12:30:00-04:00,10.319999694824219,10.380000114440918,10.3100004196167,10.380000114440918,60169,0.0,0.0
2023-06-30 13:30:00-04:00,10.380000114440918,10.385000228881836,10.350000381469727,10.354999542236328,48802,0.0,0.0
2023-06-30 14:30:00-04:00,10.354999542236328,10.470000267028809,10.354999542236328,10.46500015258789,81568,0.0,0.0
2023-06-30 15:30:00-04:00,10.470000267028809,10.5,10.470000267028809,10.5,63579,0.0,0.0
2023-07-03 09:30:00-04:00,10.479999542236328,10.529899597167969,10.40999984741211,10.512100219726562,128352,0.0,0.0
2023-07-03 10:30:00-04:00,10.515000343322754,10.520000457763672,10.484999656677246,10.489800453186035,43903,0.0,0.0
2023-07-03 11:30:00-04:00,10.479999542236328,10.489899635314941,10.460000038146973,10.468000411987305,48288,0.0,0.0
2023-07-05 09:30:00-04:00,10.40999984741211,10.420000076293945,10.380000114440918,10.40999984741211,103357,0.0,0.0
2023-07-05 10:30:00-04:00,10.404999732971191,10.404999732971191,10.329999923706055,10.339900016784668,80879,0.0,0.0
2023-07-05 11:30:00-04:00,10.331600189208984,10.369999885559082,10.328499794006348,10.364999771118164,83346,0.0,0.0
2023-07-05 12:30:00-04:00,10.364999771118164,10.375,10.34000015258789,10.350000381469727,38666,0.0,0.0
2023-07-05 13:30:00-04:00,10.350000381469727,10.350000381469727,10.265000343322754,10.265000343322754,83725,0.0,0.0
2023-07-05 14:30:00-04:00,10.26509952545166,10.269000053405762,10.210000038146973,10.255000114440918,142648,0.0,0.0
2023-07-05 15:30:00-04:00,10.255000114440918,10.260000228881836,10.220000267028809,10.25,62743,0.0,0.0
2023-07-06 09:30:00-04:00,10.1899995803833,10.239999771118164,10.140000343322754,10.152999877929688,109247,0.0,0.0
2023-07-06 10:30:00-04:00,10.152000427246094,10.175000190734863,10.140000343322754,10.156399726867676,62322,0.0,0.0
2023-07-06 11:30:00-04:00,10.149999618530273,10.180000305175781,10.149999618530273,10.170000076293945,30835,0.0,0.0
2023-07-06 12:30:00-04:00,10.170000076293945,10.175000190734863,10.15999984741211,10.164999961853027,33253,0.0,0.0
2023-07-06 13:30:00-04:00,10.169899940490723,10.175000190734863,10.15999984741211,10.15999984741211,46295,0.0,0.0
2023-07-06 14:30:00-04:00,10.15999984741211,10.225000381469727,10.15999984741211,10.210200309753418,55396,0.0,0.0
2023-07-06 15:30:00-04:00,10.210000038146973,10.239999771118164,10.210000038146973,10.239999771118164,24891,0.0,0.0
2023-07-07 09:30:00-04:00,10.180000305175781,10.220000267028809,10.15999984741211,10.210000038146973,56391,0.0,0.0
2023-07-07 10:30:00-04:00,10.204999923706055,10.40999984741211,10.199999809265137,10.40310001373291,141757,0.0,0.0
2023-07-07 11:30:00-04:00,10.40999984741211,10.40999984741211,10.34000015258789,10.34000015258789,55064,0.0,0.0
2023-07-07 12:30:00-04:00,10.34000015258789,10.354900360107422,10.289999961853027,10.289999961853027,38850,0.0,0.0
2023-07-07 13:30:00-04:00,10.289999961853027,10.289999961853027,10.210000038146973,10.211000442504883,63274,0.0,0.0
2023-07-07 14:30:00-04:00,10.21500015258789,10.300000190734863,10.210000038146973,10.265000343322754,88775,0.0,0.0
2023-07-07 15:30:00-04:00,10.265000343322754,10.279999732971191,10.229999542236328,10.279999732971191,59227,0.0,0.0
2023-07-10 09:30:00-04:00,10.306599617004395,10.390000343322754,10.300000190734863,10.359999656677246,231883,0.0,0.0
2023-07-10 10:30:00-04:00,10.364999771118164,10.369999885559082,10.319999694824219,10.364999771118164,52823,0.0,0.0
2023-07-10 11:30:00-04:00,10.364999771118164,10.364999771118164,10.319999694824219,10.334099769592285,0,0.0,0.0
2023-07-10 12:30:00-04:00,10.331000328063965,10.390000343322754,10.330100059509277,10.380000114440918,354720,0.0,0.0
2023-07-10 13:30:00-04:00,10.382599830627441,10.390000343322754,10.360099792480469,10.380000114440918,41895,0.0,0.0
2023-07-10 14:30:00-04:00,10.370800018310547,10.380000114440918,10.350000381469727,10.354999542236328,40661,0.0,0.0
2023-07-10 15:30:00-04:00,10.354999542236328,10.380000114440918,10.345000267028809,10.369999885559082,56095,0.0,0.0
2023-07-11 09:30:00-04:00,10.260000228881836,10.380000114440918,10.260000228881836,10.351699829101562,314039,0.0,0.0
2023-07-11 10:30:00-04:00,10.354999542236328,10.399999618530273,10.350000381469727,10.361599922180176,66016,0.0,0.0
2023-07-11 11:30:00-04:00,10.369999885559082,10.399999618530273,10.360099792480469,10.375,31522,0.0,0.0
2023-07-11 12:30:00-04:00,10.375,10.390000343322754,10.375,10.380000114440918,20346,0.0,0.0
2023-07-11 13:30:00-04:00,10.376899719238281,10.380000114440918,10.34000015258789,10.345000267028809,51320,0.0,0.0
2023-07-11 14:30:00-04:00,10.345000267028809,10.369999885559082,10.329999923706055,10.350000381469727,83927,0.0,0.0
2023-07-11 15:30:00-04:00,10.345000267028809,10.359999656677246,10.335000038146973,10.354999542236328,42713,0.0,0.0
2023-07-12 09:30:00-04:00,10.359999656677246,10.382599830627441,10.289999961853027,10.348699569702148,136314,0.0,0.0
2023-07-12 10:30:00-04:00,10.350000381469727,10.368599891662598,10.332900047302246,10.354999542236328,30442,0.0,0.0
2023-07-12 11:30:00-04:00,10.350099563598633,10.359999656677246,10.335000038146973,10.335000038146973,53698,0.0,0.0
2023-07-12 12:30:00-04:00,10.332500457763672,10.359999656677246,10.331100463867188,10.349800109863281,32425,0.0,0.0
2023-07-12 13:30:00-04:00,10.350000381469727,10.354999542236328,10.319999694824219,10.319999694824219,49253,0.0,0.0
2023-07-12 14:30:00-04:00,10.321999549865723,10.329999923706055,10.300000190734863,10.308500289916992,34312,0.0,0.0
2023-07-12 15:30:00-04:00,10.305000305175781,10.3100004196167,10.289999961853027,10.3100004196167,48966,0.0,0.0
2023-07-13 09:30:00-04:00,10.319999694824219,10.329999923706055,10.289999961853027,10.3149995803833,73097,0.0,0.0
2023-07-13 10:30:00-04:00,10.3149995803833,10.319999694824219,10.289999961853027,10.295000076293945,75426,0.0,0.0
2023-07-13 11:30:00-04:00,10.300000190734863,10.3100004196167,10.234999656677246,10.25,201839,0.0,0.0
2023-07-13 12:30:00-04:00,10.246700286865234,10.25,10.229999542236328,10.234999656677246,43829,0.0,0.0
2023-07-13 13:30:00-04:00,10.239800453186035,10.25,10.210000038146973,10.230999946594238,69323,0.0,0.0
2023-07-13 14:30:00-04:00,10.236499786376953,10.265000343322754,10.229999542236328,10.265000343322754,85657,0.0,0.0
2023-07-13 15:30:00-04:00,10.270000457763672,10.270000457763672,10.210000038146973,10.229999542236328,172753,0.0,0.0
2023-07-14 09:30:00-04:00,10.25,10.260000228881836,10.175000190734863,10.1899995803833,92147,0.0,0.0
2023-07-14 10:30:00-04:00,10.1850004196167,10.220000267028809,10.170000076293945,10.208900451660156,153792,0.0,0.0
2023-07-14 11:30:00-04:00,10.204999923706055,10.210000038146973,10.1899995803833,10.194199562072754,50578,0.0,0.0
2023-07-14 12:30:00-04:00,10.1899995803833,10.199899673461914,10.15999984741211,10.164999961853027,105751,0.0,0.0
2023-07-14 13:30:00-04:00,10.163999557495117,10.180000305175781,10.15999984741211,10.168999671936035,72976,0.0,0.0
2023-07-14 14:30:00-04:00,10.164999961853027,10.180000305175781,10.15999984741211,10.176600456237793,37899,0.0,0.0
2023-07-14 15:30:00-04:00,10.180000305175781,10.180000305175781,10.170000076293945,10.170000076293945,44994,0.0,0.0
2023-07-17 09:30:00-04:00,10.180000305175781,10.219900131225586,10.125,10.160400390625,165500,0.0,0.0
2023-07-17 10:30:00-04:00,10.164999961853027,10.170000076293945,10.145000457763672,10.152600288391113,60959,0.0,0.0
2023-07-17 11:30:00-04:00,10.150099754333496,10.159000396728516,10.130000114440918,10.137999534606934,75103,0.0,0.0
2023-07-17 12:30:00-04:00,10.138999938964844,10.154999732971191,10.132399559020996,10.146900177001953,76397,0.0,0.0
2023-07-17 13:30:00-04:00,10.147299766540527,10.149999618530273,10.130000114440918,10.130000114440918,42891,0.0,0.0
2023-07-17 14:30:00-04:00,10.130000114440918,10.149999618530273,10.130000114440918,10.137100219726562,50314,0.0,0.0
2023-07-17 15:30:00-04:00,10.135000228881836,10.170000076293945,10.119999885559082,10.149999618530273,93360,0.0,0.0
2023-07-18 09:30:00-04:00,10.15999984741211,10.199999809265137,10.149999618530273,10.180000305175781,72934,0.0,0.0
2023-07-18 10:30:00-04:00,10.180899620056152,10.225000381469727,10.180000305175781,10.20829963684082,90215,0.0,0.0
2023-07-18 11:30:00-04:00,10.204999923706055,10.218000411987305,10.149399757385254,10.149399757385254,132729,0.0,0.0
2023-07-18 12:30:00-04:00,10.140000343322754,10.15999984741211,10.125,10.154999732971191,47885,0.0,0.0
2023-07-18 13:30:00-04:00,10.140000343322754,10.154999732971191,10.09000015258789,10.097999572753906,147001,0.0,0.0
2023-07-18 14:30:00-04:00,10.100000381469727,10.140000343322754,10.099900245666504,10.130000114440918,91471,0.0,0.0
2023-07-18 15:30:00-04:00,10.135000228881836,10.170000076293945,10.130000114440918,10.170000076293945,79865,0.0,0.0
2023-07-19 09:30:00-04:00,10.15999984741211,10.199999809265137,10.140000343322754,10.199999809265137,83113,0.0,0.0
2023-07-19 10:30:00-04:00,10.194999694824219,10.194999694824219,10.15999984741211,10.1673002243042,80231,0.0,0.0
2023-07-19 11:30:00-04:00,10.164999961853027,10.199999809265137,10.161999702453613,10.194999694824219,77149,0.0,0.0
2023-07-19 12:30:00-04:00,10.195300102233887,10.199999809265137,10.1899995803833,10.194999694824219,32624,0.0,0.0
2023-07-19 13:30:00-04:00,10.194999694824219,10.199999809265137,10.1899995803833,10.197799682617188,15726,0.0,0.0
2023-07-19 14:30:00-04:00,10.194999694824219,10.194999694824219,10.140000343322754,10.154999732971191,92765,0.0,0.0
2023-07-19 15:30:00-04:00,10.154999732971191,10.15999984741211,10.145000457763672,10.149999618530273,38850,0.0,0.0
2023-07-20 09:30:00-04:00,10.140000343322754,10.1899995803833,10.130000114440918,10.180000305175781,80291,0.0,0.0
2023-07-20 10:30:00-04:00,10.188899993896484,10.220999717712402,10.170100212097168,10.21969985961914,90020,0.0,0.0
2023-07-20 11:30:00-04:00,10.220000267028809,10.25,10.210000038146973,10.239999771118164,66340,0.0,0.0
2023-07-20 12:30:00-04:00,10.239399909973145,10.25,10.229999542236328,10.25,36191,0.0,0.0
2023-07-20 13:30:00-04:00,10.244999885559082,10.260000228881836,10.239999771118164,10.248499870300293,43230,0.0,0.0
2023-07-20 14:30:00-04:00,10.2475004196167,10.260000228881836,10.229999542236328,10.260000228881836,64228,0.0,0.0
2023-07-20 15:30:00-04:00,10.255000114440918,10.260000228881836,10.25,10.260000228881836,24792,0.0,0.0
2023-07-21 09:30:00-04:00,10.270000457763672,10.335000038146973,10.234999656677246,10.3149995803833,96664,0.0,0.0
2023-07-21 10:30:00-04:00,10.3100004196167,10.319999694824219,10.289999961853027,10.3149995803833,42435,0.0,0.0
2023-07-21 11:30:00-04:00,10.318900108337402,10.32979965209961,10.3149995803833,10.324999809265137,32799,0.0,0.0
2023-07-21 12:30:00-04:00,10.319999694824219,10.364999771118164,10.319999694824219,10.359999656677246,70757,0.0,0.0
2023-07-21 13:30:00-04:00,10.364999771118164,10.364999771118164,10.289999961853027,10.3100004196167,56390,0.0,0.0
2023-07-21 14:30:00-04:00,10.305000305175781,10.3100004196167,10.25,10.265000343322754,133554,0.0,0.0
2023-07-21 15:30:00-04:00,10.260000228881836,10.279899597167969,10.229999542236328,10.232000350952148,59649,0.0,0.0
2023-07-24 09:30:00-04:00,10.25,10.300000190734863,10.25,10.255000114440918,98834,0.0,0.0
2023-07-24 10:30:00-04:00,10.25,10.270000457763672,10.234999656677246,10.270000457763672,87367,0.0,0.0
2023-07-24 11:30:00-04:00,10.270000457763672,10.300000190734863,10.260000228881836,10.270000457763672,60460,0.0,0.0
2023-07-24 12:30:00-04:00,10.274999618530273,10.274999618530273,10.250100135803223,10.260000228881836,26317,0.0,0.0
2023-07-24 13:30:00-04:00,10.255000114440918,10.270000457763672,10.244999885559082,10.265000343322754,63663,0.0,0.0
2023-07-24 14:30:00-04:00,10.265000343322754,10.270000457763672,10.220000267028809,10.220000267028809,62197,0.0,0.0
2023-07-24 15:30:00-04:00,10.220000267028809,10.300000190734863,10.210000038146973,10.300000190734863,177732,0.0,0.0
2023-07-25 09:30:00-04:00,10.25,10.289999961853027,10.239999771118164,10.289999961853027,124220,0.0,0.0
2023-07-25 10:30:00-04:00,10.289999961853027,10.305000305175781,10.270000457763672,10.28030014038086,69032,0.0,0.0
2023-07-25 11:30:00-04:00,10.28499984741211,10.3100004196167,10.260000228881836,10.260000228881836,48954,0.0,0.0
2023-07-25 12:30:00-04:00,10.265000343322754,10.28499984741211,10.225000381469727,10.263699531555176,70816,0.0,0.0
2023-07-25 13:30:00-04:00,10.265000343322754,10.26990032196045,10.25,10.255000114440918,28622,0.0,0.0
2023-07-25 14:30:00-04:00,10.255000114440918,10.270000457763672,10.199999809265137,10.210000038146973,84460,0.0,0.0
2023-07-25 15:30:00-04:00,10.204999923706055,10.220000267028809,10.204999923706055,10.210000038146973,15965,0.0,0.0
2023-07-26 09:30:00-04:00,10.229999542236328,10.270000457763672,10.199999809265137,10.238699913024902,87267,0.0,0.0
2023-07-26 10:30:00-04:00,10.229999542236328,10.274999618530273,10.229999542236328,10.255000114440918,47491,0.0,0.0
2023-07-26 11:30:00-04:00,10.250100135803223,10.250100135803223,10.220100402832031,10.229999542236328,32693,0.0,0.0
2023-07-26 12:30:00-04:00,10.234999656677246,10.239999771118164,10.210000038146973,10.231100082397461,52272,0.0,0.0
2023-07-26 13:30:00-04:00,10.230500221252441,10.230500221252441,10.1899995803833,10.210000038146973,71337,0.0,0.0
2023-07-26 14:30:00-04:00,10.204999923706055,10.229999542236328,10.199999809265137,10.216400146484375,52434,0.0,0.0
2023-07-26 15:30:00-04:00,10.212200164794922,10.229999542236328,10.210000038146973,10.220000267028809,38426,0.0,0.0
2023-07-27 09:30:00-04:00,10.270000457763672,10.270000457763672,10.210100173950195,10.229999542236328,100125,0.0,0.0
2023-07-27 10:30:00-04:00,10.229999542236328,10.239999771118164,10.170000076293945,10.173700332641602,112558,0.0,0.0
2023-07-27 11:30:00-04:00,10.175000190734863,10.199999809265137,10.170000076293945,10.170100212097168,56636,0.0,0.0
2023-07-27 12:30:00-04:00,10.175000190734863,10.210000038146973,10.170000076293945,10.1850004196167,109406,0.0,0.0
2023-07-27 13:30:00-04:00,10.181900024414062,10.1899995803833,10.170000076293945,10.1899995803833,72513,0.0,0.0
2023-07-27 14:30:00-04:00,10.1850004196167,10.189900398254395,10.149999618530273,10.168000221252441,107723,0.0,0.0
2023-07-27 15:30:00-04:00,10.164999961853027,10.1899995803833,10.15999984741211,10.1899995803833,81386,0.0,0.0
2023-07-28 09:30:00-04:00,10.149999618530273,10.180000305175781,10.149999618530273,10.175000190734863,56654,0.0,0.0
2023-07-28 10:30:00-04:00,10.170000076293945,10.199999809265137,10.170000076293945,10.194999694824219,72081,0.0,0.0
2023-07-28 11:30:00-04:00,10.198100090026855,10.199999809265137,10.1899995803833,10.199999809265137,59082,0.0,0.0
2023-07-28 12:30:00-04:00,10.199899673461914,10.199999809265137,10.1850004196167,10.1899995803833,83807,0.0,0.0
2023-07-28 13:30:00-04:00,10.180000305175781,10.189900398254395,10.180000305175781,10.180000305175781,29836,0.0,0.0
2023-07-28 14:30:00-04:00,10.1850004196167,10.199999809265137,10.180000305175781,10.1899995803833,53905,0.0,0.0
2023-07-28 15:30:00-04:00,10.194999694824219,10.199999809265137,10.180000305175781,10.1899995803833,43850,0.0,0.0
2023-07-31 09:30:00-04:00,10.180000305175781,10.25,10.170000076293945,10.199999809265137,126160,0.0,0.0
2023-07-31 10:30:00-04:00,10.199999809265137,10.199999809265137,10.170000076293945,10.175000190734863,42328,0.0,0.0
2023-07-31 11:30:00-04:00,10.17300033569336,10.17770004272461,10.15999984741211,10.164999961853027,36030,0.0,0.0
2023-07-31 12:30:00-04:00,10.170000076293945,10.180000305175781,10.15999984741211,10.176899909973145,39065,0.0,0.0
2023-07-31 13:30:00-04:00,10.172499656677246,10.180000305175781,10.15999984741211,10.180000305175781,42924,0.0,0.0
2023-07-31 14:30:00-04:00,10.180000305175781,10.180000305175781,10.170000076293945,10.175000190734863,36178,0.0,0.0
2023-07-31 15:30:00-04:00,10.175000190734863,10.1899995803833,10.170000076293945,10.180000305175781,41753,0.0,0.0
2023-08-01 09:30:00-04:00,10.199999809265137,10.199999809265137,10.130000114440918,10.140000343322754,132190,0.0,0.0
2023-08-01 10:30:00-04:00,10.135000228881836,10.135000228881836,10.109999656677246,10.119999885559082,87464,0.0,0.0
2023-08-01 11:30:00-04:00,10.114999771118164,10.125,10.109999656677246,10.1225004196167,67258,0.0,0.0
2023-08-01 12:30:00-04:00,10.125,10.125,10.109999656677246,10.116999626159668,76971,0.0,0.0
2023-08-01 13:30:00-04:00,10.114999771118164,10.119999885559082,10.100000381469727,10.109999656677246,80066,0.0,0.0
2023-08-01 14:30:00-04:00,10.114999771118164,10.130000114440918,10.109999656677246,10.130000114440918,87772,0.0,0.0
2023-08-01 15:30:00-04:00,10.119999885559082,10.130000114440918,10.104999542236328,10.11989974975586,45113,0.0,0.0
2023-08-02 09:30:00-04:00,10.109999656677246,10.119999885559082,10.079999923706055,10.106499671936035,118917,0.0,0.0
2023-08-02 10:30:00-04:00,10.10200023651123,10.111700057983398,10.100000381469727,10.109999656677246,44073,0.0,0.0
2023-08-02 11:30:00-04:00,10.110099792480469,10.119999885559082,10.100000381469727,10.114999771118164,45393,0.0,0.0
2023-08-02 12:30:00-04:00,10.114999771118164,10.119999885559082,10.100000381469727,10.115699768066406,27747,0.0,0.0
2023-08-02 13:30:00-04:00,10.119199752807617,10.11989974975586,10.09000015258789,10.09000015258789,55314,0.0,0.0
2023-08-02 14:30:00-04:00,10.095000267028809,10.119999885559082,10.09000015258789,10.119999885559082,58765,0.0,0.0
2023-08-02 15:30:00-04:00,10.114999771118164,10.140000343322754,10.109999656677246,10.135000228881836,28298,0.0,0.0
2023-08-03 09:30:00-04:00,10.100000381469727,10.123200416564941,10.100000381469727,10.119999885559082,45277,0.0,0.0
2023-08-03 10:30:00-04:00,10.125399589538574,10.125399589538574,10.095000267028809,10.111000061035156,68667,0.0,0.0
2023-08-03 11:30:00-04:00,10.119000434875488,10.119000434875488,10.095000267028809,10.100000381469727,54155,0.0,0.0
2023-08-03 12:30:00-04:00,10.100000381469727,10.109999656677246,10.100000381469727,10.10099983215332,20817,0.0,0.0
2023-08-03 13:30:00-04:00,10.104999542236328,10.119999885559082,10.100000381469727,10.11299991607666,64917,0.0,0.0
2023-08-03 14:30:00-04:00,10.110099792480469,10.130000114440918,10.109999656677246,10.119000434875488,73798,0.0,0.0
2023-08-03 15:30:00-04:00,10.115699768066406,10.119999885559082,10.100000381469727,10.109999656677246,49150,0.0,0.0
2023-08-04 09:30:00-04:00,10.100000381469727,10.130000114440918,10.100000381469727,10.109999656677246,55696,0.0,0.0
2023-08-04 10:30:00-04:00,10.119000434875488,10.119999885559082,10.09000015258789,10.099200248718262,72510,0.0,0.0
2023-08-04 11:30:00-04:00,10.097800254821777,10.129899978637695,10.09000015258789,10.119999885559082,46709,0.0,0.0
2023-08-04 12:30:00-04:00,10.116900444030762,10.119999885559082,10.09000015258789,10.100000381469727,56510,0.0,0.0
2023-08-04 13:30:00-04:00,10.096400260925293,10.100000381469727,10.029999732971191,10.037799835205078,83483,0.0,0.0
2023-08-04 14:30:00-04:00,10.037699699401855,10.050000190734863,10.02280044555664,10.039999961853027,81976,0.0,0.0
2023-08-04 15:30:00-04:00,10.045000076293945,10.0600004196167,10.039999961853027,10.059900283813477,29898,0.0,0.0
2023-08-07 09:30:00-04:00,10.0600004196167,10.069999694824219,10.029999732971191,10.064299583435059,110818,0.0,0.0
2023-08-07 10:30:00-04:00,10.0600004196167,10.0600004196167,10.029999732971191,10.045000076293945,66995,0.0,0.0
2023-08-07 11:30:00-04:00,10.046899795532227,10.048100471496582,10.029999732971191,10.036399841308594,64253,0.0,0.0
2023-08-07 12:30:00-04:00,10.038100242614746,10.0649995803833,10.029999732971191,10.055000305175781,58612,0.0,0.0
2023-08-07 13:30:00-04:00,10.055000305175781,10.0600004196167,10.020000457763672,10.027899742126465,126006,0.0,0.0
2023-08-07 14:30:00-04:00,10.024999618530273,10.029999732971191,10.020000457763672,10.02750015258789,43125,0.0,0.0
2023-08-07 15:30:00-04:00,10.026800155639648,10.039999961853027,10.020000457763672,10.03499984741211,36045,0.0,0.0
2023-08-08 09:30:00-04:00,10.029999732971191,10.029999732971191,10.020000457763672,10.024999618530273,126468,0.0,0.0
2023-08-08 10:30:00-04:00,10.024999618530273,10.039899826049805,10.020000457763672,10.029899597167969,52093,0.0,0.0
2023-08-08 11:30:00-04:00,10.02750015258789,10.050000190734863,10.020000457763672,10.03499984741211,88538,0.0,0.0
2023-08-08 12:30:00-04:00,10.03499984741211,10.039999961853027,10.029999732971191,10.03499984741211,35977,0.0,0.0
2023-08-08 13:30:00-04:00,10.03499984741211,10.039999961853027,10.029999732971191,10.039999961853027,46333,0.0,0.0
2023-08-08 14:30:00-04:00,10.029999732971191,10.055000305175781,10.029999732971191,10.03499984741211,48698,0.0,0.0
2023-08-08 15:30:00-04:00,10.034199714660645,10.039999961853027,10.029999732971191,10.031999588012695,24452,0.0,0.0
2023-08-09 09:30:00-04:00,10.09000015258789,10.116900444030762,10.089900016784668,10.104999542236328,117889,0.0,0.0
2023-08-09 10:30:00-04:00,10.100099563598633,10.140000343322754,10.09000015258789,10.098299980163574,89207,0.0,0.0
2023-08-09 11:30:00-04:00,10.095000267028809,10.100000381469727,10.050000190734863,10.069999694824219,52165,0.0,0.0
2023-08-09 12:30:00-04:00,10.0649995803833,10.079999923706055,10.050000190734863,10.078900337219238,56649,0.0,0.0
2023-08-09 13:30:00-04:00,10.079999923706055,10.079999923706055,10.050000190734863,10.050000190734863,48030,0.0,0.0
2023-08-09 14:30:00-04:00,10.050000190734863,10.079999923706055,10.050000190734863,10.0649995803833,110132,0.0,0.0
2023-08-09 15:30:00-04:00,10.0600004196167,10.109999656677246,10.050000190734863,10.109999656677246,86328,0.0,0.0
2023-08-10 09:30:00-04:00,10.109999656677246,10.1899995803833,10.083700180053711,10.130000114440918,320221,0.0,0.0
2023-08-10 10:30:00-04:00,10.130000114440918,10.140000343322754,10.112700462341309,10.125,46905,0.0,0.0
2023-08-10 11:30:00-04:00,10.119999885559082,10.119999885559082,10.079999923706055,10.079999923706055,48258,0.0,0.0
2023-08-10 12:30:00-04:00,10.085000038146973,10.09000015258789,10.060199737548828,10.060199737548828,27008,0.0,0.0
2023-08-10 13:30:00-04:00,10.069999694824219,10.069999694824219,10.020000457763672,10.045000076293945,96600,0.0,0.0
2023-08-10 14:30:00-04:00,10.039999961853027,10.0600004196167,10.020000457763672,10.0600004196167,113598,0.0,0.0
2023-08-10 15:30:00-04:00,10.050999641418457,10.0600004196167,10.029999732971191,10.055000305175781,103067,0.0,0.0
2023-08-11 09:30:00-04:00,10.050000190734863,10.149999618530273,10.050000190734863,10.140000343322754,177192,0.0,0.0
2023-08-11 10:30:00-04:00,10.139900207519531,10.139900207519531,10.092300415039062,10.099900245666504,79301,0.0,0.0
2023-08-11 11:30:00-04:00,10.104999542236328,10.109999656677246,10.095000267028809,10.104999542236328,23509,0.0,0.0
2023-08-11 12:30:00-04:00,10.104999542236328,10.109999656677246,10.080100059509277,10.100000381469727,63478,0.0,0.0
2023-08-11 13:30:00-04:00,10.100000381469727,10.109999656677246,10.095000267028809,10.104999542236328,24359,0.0,0.0
2023-08-11 14:30:00-04:00,10.104999542236328,10.109999656677246,10.09000015258789,10.09000015258789,48199,0.0,0.0
2023-08-11 15:30:00-04:00,10.095000267028809,10.100000381469727,10.085000038146973,10.09000015258789,17634,0.0,0.0
2023-08-14 09:30:00-04:00,10.050000190734863,10.079999923706055,10.029999732971191,10.039999961853027,140785,0.0,0.0
2023-08-14 10:30:00-04:00,10.032099723815918,10.04990005493164,10.020000457763672,10.029800415039062,90015,0.0,0.0
2023-08-14 11:30:00-04:00,10.029999732971191,10.04990005493164,10.020000457763672,10.039999961853027,58813,0.0,0.0
2023-08-14 12:30:00-04:00,10.041099548339844,10.050000190734863,10.039999961853027,10.039999961853027,32963,0.0,0.0
2023-08-14 13:30:00-04:00,10.045000076293945,10.0600004196167,10.029999732971191,10.050000190734863,81246,0.0,0.0
2023-08-14 14:30:00-04:00,10.0600004196167,10.0649995803833,10.039999961853027,10.045000076293945,53106,0.0,0.0
2023-08-14 15:30:00-04:00,10.039999961853027,10.050000190734863,10.039999961853027,10.050000190734863,18686,0.0,0.0
2023-08-15 09:30:00-04:00,10.029999732971191,10.050000190734863,10.020000457763672,10.024999618530273,97047,0.0,0.0
2023-08-15 10:30:00-04:00,10.024999618530273,10.039999961853027,10.020000457763672,10.03499984741211,83698,0.0,0.0
2023-08-15 11:30:00-04:00,10.037199974060059,10.050000190734863,10.029999732971191,10.03499984741211,55284,0.0,0.0
2023-08-15 12:30:00-04:00,10.03499984741211,10.042499542236328,10.029999732971191,10.03499984741211,62344,0.0,0.0
2023-08-15 13:30:00-04:00,10.037099838256836,10.045000076293945,10.029999732971191,10.038999557495117,38220,0.0,0.0
2023-08-15 14:30:00-04:00,10.029999732971191,10.074999809265137,10.029999732971191,10.0600004196167,107801,0.0,0.0
2023-08-15 15:30:00-04:00,10.055000305175781,10.0600004196167,10.050000190734863,10.0600004196167,42061,0.0,0.0
2023-08-16 09:30:00-04:00,10.069999694824219,10.069999694824219,10.020000457763672,10.024999618530273,138392,0.0,0.0
2023-08-16 10:30:00-04:00,10.029899597167969,10.039999961853027,10.020000457763672,10.020000457763672,80935,0.0,0.0
2023-08-16 11:30:00-04:00,10.020000457763672,10.029999732971191,10.0,10.007800102233887,116661,0.0,0.0
2023-08-16 12:30:00-04:00,10.004899978637695,10.010000228881836,10.0,10.009900093078613,40152,0.0,0.0
2023-08-16 13:30:00-04:00,10.00629997253418,10.039999961853027,10.0,10.005000114440918,112770,0.0,0.0
2023-08-16 14:30:00-04:00,10.007399559020996,10.010000228881836,10.0,10.0,42068,0.0,0.0
2023-08-16 15:30:00-04:00,10.005999565124512,10.010000228881836,10.0,10.0,97271,0.0,0.0
2023-08-17 09:30:00-04:00,10.010000228881836,10.029999732971191,10.0,10.015000343322754,148947,0.0,0.0
2023-08-17 10:30:00-04:00,10.015000343322754,10.024999618530273,10.010000228881836,10.019800186157227,48842,0.0,0.0
2023-08-17 11:30:00-04:00,10.01990032196045,10.020000457763672,10.0,10.015000343322754,39171,0.0,0.0
2023-08-17 12:30:00-04:00,10.010000228881836,10.020000457763672,10.010000228881836,10.017999649047852,44742,0.0,0.0
2023-08-17 13:30:00-04:00,10.01990032196045,10.01990032196045,10.0,10.005000114440918,101676,0.0,0.0
2023-08-17 14:30:00-04:00,10.009900093078613,10.010000228881836,10.0,10.010000228881836,105069,0.0,0.0
2023-08-17 15:30:00-04:00,10.009900093078613,10.010000228881836,10.0,10.0,57279,0.0,0.0
2023-08-18 09:30:00-04:00,10.0,10.020000457763672,10.0,10.010000228881836,122100,0.0,0.0
2023-08-18 10:30:00-04:00,10.005000114440918,10.029999732971191,10.0,10.02239990234375,69522,0.0,0.0
2023-08-18 11:30:00-04:00,10.029999732971191,10.055000305175781,10.029999732971191,10.029999732971191,75778,0.0,0.0
2023-08-18 12:30:00-04:00,10.039999961853027,10.069999694824219,10.029999732971191,10.03499984741211,146876,0.0,0.0
2023-08-18 13:30:00-04:00,10.039999961853027,10.050000190734863,10.029999732971191,10.045000076293945,40113,0.0,0.0
2023-08-18 14:30:00-04:00,10.045000076293945,10.0600004196167,10.029999732971191,10.03499984741211,56837,0.0,0.0
2023-08-18 15:30:00-04:00,10.03499984741211,10.039999961853027,10.020000457763672,10.020000457763672,30436,0.0,0.0
2023-08-21 09:30:00-04:00,10.039999961853027,10.045000076293945,10.0,10.010000228881836,177654,0.0,0.0
2023-08-21 10:30:00-04:00,10.005000114440918,10.03499984741211,10.005000114440918,10.020000457763672,67997,0.0,0.0
2023-08-21 11:30:00-04:00,10.020000457763672,10.020000457763672,9.979999542236328,10.015000343322754,119424,0.0,0.0
2023-08-21 12:30:00-04:00,10.015000343322754,10.016500473022461,9.989999771118164,10.015000343322754,33238,0.0,0.0
2023-08-21 13:30:00-04:00,10.019599914550781,10.029999732971191,10.010000228881836,10.024999618530273,58842,0.0,0.0
2023-08-21 14:30:00-04:00,10.024999618530273,10.050000190734863,10.010100364685059,10.036999702453613,73524,0.0,0.0
2023-08-21 15:30:00-04:00,10.03279972076416,10.039999961853027,10.023300170898438,10.029999732971191,17200,0.0,0.0
2023-08-22 09:30:00-04:00,10.029999732971191,10.029999732971191,9.979999542236328,10.010000228881836,175910,0.0,0.0
2023-08-22 10:30:00-04:00,10.010000228881836,10.029999732971191,10.010000228881836,10.024999618530273,63399,0.0,0.0
2023-08-22 11:30:00-04:00,10.024999618530273,10.0600004196167,10.015000343322754,10.039299964904785,71381,0.0,0.0
2023-08-22 12:30:00-04:00,10.029999732971191,10.039999961853027,10.01099967956543,10.03499984741211,41395,0.0,0.0
2023-08-22 13:30:00-04:00,10.03499984741211,10.0649995803833,10.029999732971191,10.045000076293945,42753,0.0,0.0
2023-08-22 14:30:00-04:00,10.044400215148926,10.0600004196167,10.029999732971191,10.04259967803955,51369,0.0,0.0
2023-08-22 15:30:00-04:00,10.045000076293945,10.046500205993652,10.029999732971191,10.039999961853027,15401,0.0,0.0
2023-08-23 09:30:00-04:00,10.020000457763672,10.048700332641602,10.010000228881836,10.029500007629395,126904,0.0,0.0
2023-08-23 10:30:00-04:00,10.029000282287598,10.07960033416748,10.024999618530273,10.069999694824219,49245,0.0,0.0
2023-08-23 11:30:00-04:00,10.070099830627441,10.089400291442871,10.0600004196167,10.069999694824219,63090,0.0,0.0
2023-08-23 12:30:00-04:00,10.069999694824219,10.090200424194336,10.0600004196167,10.087200164794922,47649,0.0,0.0
2023-08-23 13:30:00-04:00,10.080100059509277,10.099900245666504,10.07919979095459,10.085000038146973,37189,0.0,0.0
2023-08-23 14:30:00-04:00,10.079999923706055,10.089900016784668,10.069999694824219,10.085000038146973,16681,0.0,0.0
2023-08-23 15:30:00-04:00,10.085000038146973,10.100000381469727,10.079999923706055,10.09000015258789,26611,0.0,0.0
2023-08-24 09:30:00-04:00,10.069999694824219,10.166099548339844,10.069999694824219,10.140999794006348,60536,0.0,0.0
2023-08-24 10:30:00-04:00,10.147199630737305,10.149900436401367,10.110099792480469,10.119600296020508,26885,0.0,0.0
2023-08-24 11:30:00-04:00,10.109999656677246,10.135000228881836,10.100000381469727,10.100000381469727,52949,0.0,0.0
2023-08-24 12:30:00-04:00,10.090100288391113,10.104999542236328,10.079999923706055,10.079999923706055,36356,0.0,0.0
2023-08-24 13:30:00-04:00,10.09000015258789,10.100000381469727,10.079999923706055,10.079999923706055,18130,0.0,0.0
2023-08-24 14:30:00-04:00,10.085000038146973,10.11870002746582,10.079999923706055,10.095000267028809,39987,0.0,0.0
2023-08-24 15:30:00-04:00,10.091699600219727,10.100000381469727,10.09000015258789,10.09000015258789,26198,0.0,0.0
2023-08-25 09:30:00-04:00,10.109999656677246,10.126199722290039,10.0600004196167,10.069999694824219,84247,0.0,0.0
2023-08-25 10:30:00-04:00,10.069999694824219,10.109999656677246,10.069999694824219,10.100000381469727,50535,0.0,0.0
2023-08-25 11:30:00-04:00,10.10990047454834,10.130000114440918,10.100000381469727,10.1274995803833,41288,0.0,0.0
2023-08-25 12:30:00-04:00,10.1274995803833,10.137900352478027,10.119999885559082,10.123700141906738,40285,0.0,0.0
2023-08-25 13:30:00-04:00,10.121000289916992,10.149999618530273,10.119999885559082,10.14009952545166,24154,0.0,0.0
2023-08-25 14:30:00-04:00,10.149999618530273,10.149999618530273,10.079999923706055,10.097000122070312,82070,0.0,0.0
2023-08-25 15:30:00-04:00,10.09000015258789,10.100000381469727,10.079999923706055,10.079999923706055,19099,0.0,0.0
2023-08-28 09:30:00-04:00,10.079999923706055,10.149999618530273,10.079999923706055,10.14009952545166,78100,0.0,0.0
2023-08-28 10:30:00-04:00,10.140899658203125,10.149900436401367,10.130000114440918,10.135000228881836,30536,0.0,0.0
2023-08-28 11:30:00-04:00,10.13539981842041,10.138099670410156,10.10099983215332,10.10099983215332,45217,0.0,0.0
2023-08-28 12:30:00-04:00,10.104999542236328,10.109999656677246,10.100000381469727,10.100000381469727,23636,0.0,0.0
2023-08-28 13:30:00-04:00,10.095000267028809,10.095000267028809,10.079999923706055,10.084699630737305,48258,0.0,0.0
2023-08-28 14:30:00-04:00,10.079999923706055,10.09000015258789,10.079999923706055,10.079999923706055,27090,0.0,0.0
2023-08-28 15:30:00-04:00,10.082500457763672,10.097599983215332,10.079999923706055,10.09000015258789,44633,0.0,0.0
2023-08-29 09:30:00-04:00,10.100000381469727,10.170000076293945,10.079999923706055,10.15999984741211,124725,0.0,0.0
2023-08-29 10:30:00-04:00,10.160099983215332,10.164999961853027,10.125,10.154999732971191,47007,0.0,0.0
2023-08-29 11:30:00-04:00,10.149999618530273,10.18019962310791,10.149999618530273,10.154999732971191,46410,0.0,0.0
2023-08-29 12:30:00-04:00,10.159799575805664,10.159799575805664,10.125,10.135000228881836,48565,0.0,0.0
2023-08-29 13:30:00-04:00,10.140000343322754,10.15999984741211,10.125,10.149999618530273,96647,0.0,0.0
2023-08-29 14:30:00-04:00,10.145000457763672,10.15999984741211,10.125,10.15999984741211,66412,0.0,0.0
2023-08-29 15:30:00-04:00,10.151000022888184,10.15999984741211,10.130000114440918,10.135000228881836,55539,0.0,0.0
2023-08-30 09:30:00-04:00,10.109999656677246,10.15999984741211,10.100000381469727,10.15999984741211,81585,0.0,0.0
2023-08-30 10:30:00-04:00,10.15999984741211,10.199999809265137,10.140000343322754,10.168800354003906,87718,0.0,0.0
2023-08-30 11:30:00-04:00,10.169099807739258,10.180000305175781,10.130000114440918,10.139900207519531,57960,0.0,0.0
2023-08-30 12:30:00-04:00,10.135000228881836,10.140000343322754,10.114999771118164,10.114999771118164,14445,0.0,0.0
2023-08-30 13:30:00-04:00,10.112299919128418,10.11989974975586,10.100000381469727,10.100700378417969,25981,0.0,0.0
2023-08-30 14:30:00-04:00,10.109999656677246,10.119999885559082,10.09000015258789,10.104299545288086,49926,0.0,0.0
2023-08-30 15:30:00-04:00,10.104999542236328,10.104999542236328,10.079999923706055,10.09000015258789,23218,0.0,0.0
2023-08-31 09:30:00-04:00,10.079999923706055,10.130000114440918,10.071399688720703,10.09160041809082,65947,0.0,0.0
2023-08-31 10:30:00-04:00,10.095000267028809,10.095000267028809,10.0600004196167,10.074999809265137,71668,0.0,0.0
2023-08-31 11:30:00-04:00,10.079899787902832,10.089500427246094,10.0600004196167,10.074999809265137,44626,0.0,0.0
2023-08-31 12:30:00-04:00,10.069999694824219,10.079999923706055,10.050000190734863,10.074999809265137,29554,0.0,0.0
2023-08-31 13:30:00-04:00,10.070099830627441,10.079899787902832,10.0600004196167,10.06029987335205,39757,0.0,0.0
2023-08-31 14:30:00-04:00,10.061599731445312,10.069999694824219,10.0600004196167,10.0649995803833,37271,0.0,0.0
2023-08-31 15:30:00-04:00,10.060099601745605,10.069999694824219,10.053299903869629,10.0600004196167,31871,0.0,0.0
2023-09-01 09:30:00-04:00,10.079999923706055,10.095000267028809,10.0600004196167,10.079999923706055,78998,0.0,0.0
2023-09-01 10:30:00-04:00,10.074999809265137,10.079999923706055,10.050000190734863,10.050000190734863,52896,0.0,0.0
2023-09-01 11:30:00-04:00,10.057900428771973,10.0600004196167,10.020000457763672,10.020000457763672,68254,0.0,0.0
2023-09-01 12:30:00-04:00,10.020000457763672,10.029999732971191,10.010000228881836,10.020000457763672,29566,0.0,0.0
2023-09-01 13:30:00-04:00,10.015000343322754,10.039999961853027,10.015000343322754,10.03909969329834,47747,0.0,0.0
2023-09-01 14:30:00-04:00,10.03499984741211,10.039999961853027,10.020000457763672,10.024999618530273,54997,0.0,0.0
2023-09-01 15:30:00-04:00,10.024999618530273,10.039999961853027,10.020000457763672,10.039999961853027,28636,0.0,0.0
2023-09-05 09:30:00-04:00,10.020000457763672,10.029999732971191,9.999199867248535,10.0,143062,0.0,0.0
2023-09-05 10:30:00-04:00,9.989999771118164,10.0,9.9399995803833,9.9399995803833,157671,0.0,0.0
2023-09-05 11:30:00-04:00,9.9399995803833,9.979999542236328,9.920000076293945,9.96399974822998,135167,0.0,0.0
2023-09-05 12:30:00-04:00,9.96500015258789,9.970000267028809,9.960000038146973,9.96500015258789,71462,0.0,0.0
2023-09-05 13:30:00-04:00,9.970000267028809,9.970000267028809,9.930000305175781,9.944299697875977,126202,0.0,0.0
2023-09-05 14:30:00-04:00,9.946399688720703,9.949999809265137,9.932000160217285,9.949399948120117,55399,0.0,0.0
2023-09-05 15:30:00-04:00,9.944999694824219,9.96500015258789,9.9399995803833,9.9399995803833,73625,0.0,0.0
2023-09-06 09:30:00-04:00,9.979999542236328,10.0,9.949999809265137,9.960000038146973,116118,0.0,0.0
2023-09-06 10:30:00-04:00,9.957900047302246,9.984999656677246,9.941200256347656,9.949299812316895,89156,0.0,0.0
2023-09-06 11:30:00-04:00,9.944999694824219,9.954999923706055,9.9399995803833,9.942999839782715,82030,0.0,0.0
2023-09-06 12:30:00-04:00,9.944999694824219,9.949999809265137,9.930000305175781,9.944899559020996,86023,0.0,0.0
2023-09-06 13:30:00-04:00,9.944999694824219,9.965499877929688,9.9399995803833,9.95009994506836,42130,0.0,0.0
2023-09-06 14:30:00-04:00,9.954999923706055,9.956399917602539,9.9399995803833,9.944999694824219,69240,0.0,0.0
2023-09-06 15:30:00-04:00,9.944999694824219,9.949999809265137,9.930000305175781,9.9399995803833,27570,0.0,0.0
2023-09-07 09:30:00-04:00,9.949999809265137,10.010000228881836,9.949999809265137,9.989999771118164,119743,0.0,0.0
2023-09-07 10:30:00-04:00,9.984999656677246,10.030099868774414,9.970000267028809,10.030099868774414,69146,0.0,0.0
2023-09-07 11:30:00-04:00,10.029999732971191,10.050000190734863,10.029999732971191,10.039899826049805,66194,0.0,0.0
2023-09-07 12:30:00-04:00,10.03499984741211,10.042200088500977,10.020000457763672,10.03499984741211,44174,0.0,0.0
2023-09-07 13:30:00-04:00,10.033699989318848,10.039899826049805,10.0,10.005000114440918,51557,0.0,0.0
2023-09-07 14:30:00-04:00,10.0,10.029999732971191,10.0,10.020000457763672,68787,0.0,0.0
2023-09-07 15:30:00-04:00,10.026599884033203,10.039999961853027,10.020000457763672,10.024999618530273,43562,0.0,0.0
2023-09-08 09:30:00-04:00,10.010000228881836,10.067700386047363,10.010000228881836,10.050000190734863,89121,0.0,0.0
2023-09-08 10:30:00-04:00,10.043899536132812,10.067700386047363,10.015700340270996,10.020000457763672,162415,0.0,0.0
2023-09-08 11:30:00-04:00,10.020000457763672,10.031000137329102,10.0,10.031000137329102,132369,0.0,0.0
2023-09-08 12:30:00-04:00,10.005000114440918,10.031000137329102,10.005000114440918,10.005000114440918,73655,0.0,0.0
2023-09-08 13:30:00-04:00,10.01669979095459,10.020000457763672,10.0,10.010000228881836,102869,0.0,0.0
2023-09-08 14:30:00-04:00,10.010000228881836,10.039999961853027,10.0,10.03499984741211,110217,0.0,0.0
2023-09-08 15:30:00-04:00,10.029999732971191,10.050000190734863,10.010000228881836,10.020000457763672,44677,0.0,0.0
2023-09-11 09:30:00-04:00,10.050000190734863,10.119999885559082,10.031000137329102,10.079999923706055,278202,0.0,0.0
2023-09-11 10:30:00-04:00,10.082300186157227,10.082300186157227,10.020000457763672,10.030699729919434,79368,0.0,0.0
2023-09-11 11:30:00-04:00,10.03499984741211,10.074999809265137,10.029999732971191,10.055000305175781,56210,0.0,0.0
2023-09-11 12:30:00-04:00,10.055000305175781,10.067299842834473,10.050000190734863,10.0600004196167,20967,0.0,0.0
2023-09-11 13:30:00-04:00,10.057600021362305,10.0600004196167,10.031000137329102,10.03499984741211,28178,0.0,0.0
2023-09-11 14:30:00-04:00,10.030099868774414,10.039999961853027,10.010000228881836,10.015000343322754,62958,0.0,0.0
2023-09-11 15:30:00-04:00,10.010000228881836,10.020000457763672,10.0,10.020000457763672,49062,0.0,0.0
2023-09-12 09:30:00-04:00,10.0,10.079999923706055,10.0,10.039999961853027,171101,0.0,0.0
2023-09-12 10:30:00-04:00,10.03499984741211,10.050000190734863,10.020000457763672,10.030099868774414,48095,0.0,0.0
2023-09-12 11:30:00-04:00,10.038800239562988,10.050000190734863,10.010000228881836,10.045000076293945,43176,0.0,0.0
2023-09-12 12:30:00-04:00,10.040300369262695,10.050000190734863,10.0,10.03499984741211,107487,0.0,0.0
2023-09-12 13:30:00-04:00,10.033499717712402,10.039999961853027,10.010000228881836,10.010100364685059,40289,0.0,0.0
2023-09-12 14:30:00-04:00,10.015000343322754,10.020000457763672,10.0,10.010000228881836,56534,0.0,0.0
2023-09-12 15:30:00-04:00,10.015999794006348,10.029999732971191,10.010000228881836,10.010000228881836,22492,0.0,0.0
2023-09-13 09:30:00-04:00,10.029999732971191,10.055000305175781,10.020000457763672,10.039899826049805,89496,0.0,0.0
2023-09-13 10:30:00-04:00,10.03499984741211,10.050000190734863,10.010000228881836,10.048700332641602,88092,0.0,0.0
2023-09-13 11:30:00-04:00,10.039999961853027,10.050000190734863,10.020000457763672,10.048199653625488,35864,0.0,0.0
2023-09-13 12:30:00-04:00,10.039999961853027,10.050000190734863,10.020000457763672,10.03499984741211,49018,0.0,0.0
2023-09-13 13:30:00-04:00,10.032099723815918,10.069999694824219,10.032099723815918,10.050000190734863,59679,0.0,0.0
2023-09-13 14:30:00-04:00,10.055000305175781,10.0600004196167,10.039999961853027,10.045000076293945,53898,0.0,0.0
2023-09-13 15:30:00-04:00,10.043700218200684,10.045000076293945,10.010000228881836,10.010000228881836,74196,0.0,0.0
2023-09-14 09:30:00-04:00,10.0600004196167,10.07349967956543,10.029999732971191,10.039999961853027,112373,0.0,0.0
2023-09-14 10:30:00-04:00,10.0600004196167,10.079999923706055,10.029999732971191,10.055000305175781,126853,0.0,0.0
2023-09-14 11:30:00-04:00,10.069999694824219,10.069999694824219,10.03499984741211,10.050000190734863,98214,0.0,0.0
2023-09-14 12:30:00-04:00,10.050000190734863,10.050000190734863,10.024999618530273,10.029999732971191,49940,0.0,0.0
2023-09-14 13:30:00-04:00,10.045599937438965,10.047100067138672,10.020000457763672,10.02929973602295,64081,0.0,0.0
2023-09-14 14:30:00-04:00,10.020000457763672,10.069999694824219,10.020000457763672,10.0649995803833,97334,0.0,0.0
2023-09-14 15:30:00-04:00,10.0600004196167,10.069999694824219,10.050000190734863,10.069999694824219,28007,0.0,0.0
2023-09-15 09:30:00-04:00,10.079999923706055,10.09000015258789,10.0600004196167,10.074999809265137,48746,0.0,0.0
2023-09-15 10:30:00-04:00,10.060799598693848,10.069999694824219,10.049200057983398,10.055999755859375,31716,0.0,0.0
2023-09-15 11:30:00-04:00,10.0600004196167,10.0600004196167,10.039999961853027,10.045000076293945,27007,0.0,0.0
2023-09-15 12:30:00-04:00,10.045000076293945,10.057600021362305,10.03499984741211,10.03499984741211,34300,0.0,0.0
2023-09-15 13:30:00-04:00,10.039999961853027,10.050000190734863,10.039999961853027,10.045000076293945,20209,0.0,0.0
2023-09-15 14:30:00-04:00,10.045000076293945,10.069999694824219,10.015000343322754,10.015000343322754,73474,0.0,0.0
2023-09-15 15:30:00-04:00,10.015000343322754,10.020000457763672,10.010000228881836,10.015000343322754,34039,0.0,0.0
2023-09-18 09:30:00-04:00,10.010000228881836,10.050000190734863,10.005000114440918,10.020000457763672,71647,0.0,0.0
2023-09-18 10:30:00-04:00,10.01990032196045,10.020000457763672,10.0,10.005000114440918,64857,0.0,0.0
2023-09-18 11:30:00-04:00,10.005000114440918,10.010000228881836,10.0,10.000100135803223,40847,0.0,0.0
2023-09-18 12:30:00-04:00,10.008500099182129,10.020000457763672,10.0,10.012299537658691,34144,0.0,0.0
2023-09-18 13:30:00-04:00,10.012999534606934,10.020000457763672,10.010000228881836,10.015000343322754,38064,0.0,0.0
2023-09-18 14:30:00-04:00,10.024499893188477,10.029999732971191,10.010000228881836,10.010000228881836,39524,0.0,0.0
2023-09-18 15:30:00-04:00,10.015000343322754,10.020000457763672,10.010000228881836,10.010000228881836,32351,0.0,0.0
2023-09-19 09:30:00-04:00,10.0,10.029999732971191,9.999500274658203,10.005000114440918,30360,0.0,0.0
2023-09-19 10:30:00-04:00,10.015000343322754,10.029999732971191,9.999500274658203,10.015000343322754,92346,0.0,0.0
2023-09-19 11:30:00-04:00,10.010000228881836,10.01990032196045,10.0,10.0,52573,0.0,0.0
2023-09-19 12:30:00-04:00,10.001999855041504,10.006999969482422,9.982999801635742,10.0,140100,0.0,0.0
2023-09-19 13:30:00-04:00,9.991299629211426,10.009900093078613,9.979999542236328,9.979999542236328,154554,0.0,0.0
2023-09-19 14:30:00-04:00,9.994999885559082,10.010000228881836,9.973999977111816,9.979999542236328,161096,0.0,0.0
2023-09-19 15:30:00-04:00,9.979999542236328,9.989999771118164,9.970000267028809,9.975000381469727,33931,0.0,0.0
2023-09-20 09:30:00-04:00,9.979999542236328,9.988499641418457,9.949999809265137,9.969900131225586,162001,0.0,0.0
2023-09-20 10:30:00-04:00,9.960000038146973,9.989999771118164,9.960000038146973,9.989999771118164,77372,0.0,0.0
2023-09-20 11:30:00-04:00,9.984999656677246,10.0,9.970000267028809,9.984999656677246,61298,0.0,0.0
2023-09-20 12:30:00-04:00,9.989999771118164,9.989999771118164,9.979999542236328,9.985699653625488,21778,0.0,0.0
2023-09-20 13:30:00-04:00,9.982000350952148,9.989899635314941,9.960000038146973,9.96500015258789,38849,0.0,0.0
2023-09-20 14:30:00-04:00,9.970000267028809,9.979999542236328,9.960000038146973,9.960100173950195,74279,0.0,0.0
2023-09-20 15:30:00-04:00,9.960000038146973,9.960100173950195,9.9399995803833,9.944999694824219,0,0.0,0.0
2023-09-21 09:30:00-04:00,9.930000305175781,9.960000038146973,9.930000305175781,9.948800086975098,98740,0.0,0.0
2023-09-21 10:30:00-04:00,9.944999694824219,9.96500015258789,9.9399995803833,9.944999694824219,63641,0.0,0.0
2023-09-21 11:30:00-04:00,9.944999694824219,9.949999809265137,9.930000305175781,9.939900398254395,47284,0.0,0.0
2023-09-21 12:30:00-04:00,9.939399719238281,9.975000381469727,9.9350004196167,9.975000381469727,41710,0.0,0.0
2023-09-21 13:30:00-04:00,9.975000381469727,9.979999542236328,9.970000267028809,9.978899955749512,22800,0.0,0.0
2023-09-21 14:30:00-04:00,9.979900360107422,9.984999656677246,9.970000267028809,9.970000267028809,37356,0.0,0.0
2023-09-21 15:30:00-04:00,9.96500015258789,9.96500015258789,9.9399995803833,9.944999694824219,0,0.0,0.0
2023-09-22 09:30:00-04:00,9.9399995803833,9.970000267028809,9.9399995803833,9.95009994506836,115406,0.0,0.0
2023-09-22 10:30:00-04:00,9.951000213623047,9.970000267028809,9.9399995803833,9.967000007629395,48800,0.0,0.0
2023-09-22 11:30:00-04:00,9.967900276184082,9.979999542236328,9.960000038146973,9.97130012512207,34892,0.0,0.0
2023-09-22 12:30:00-04:00,9.975000381469727,9.979900360107422,9.96500015258789,9.96500015258789,20585,0.0,0.0
2023-09-22 13:30:00-04:00,9.970000267028809,9.970000267028809,9.960000038146973,9.96500015258789,36805,0.0,0.0
2023-09-22 14:30:00-04:00,9.96500015258789,9.96500015258789,9.940099716186523,9.958100318908691,37230,0.0,0.0
2023-09-22 15:30:00-04:00,9.95199966430664,9.954999923706055,9.9399995803833,9.944999694824219,52297,0.0,0.0
2023-09-25 09:30:00-04:00,9.9399995803833,9.989999771118164,9.9399995803833,9.960000038146973,71885,0.0,0.0
2023-09-25 10:30:00-04:00,9.960000038146973,9.989999771118164,9.954999923706055,9.978400230407715,38097,0.0,0.0
2023-09-25 11:30:00-04:00,9.973600387573242,9.979999542236328,9.960000038146973,9.979900360107422,54948,0.0,0.0
2023-09-25 12:30:00-04:00,9.972000122070312,9.989999771118164,9.96500015258789,9.979900360107422,47844,0.0,0.0
2023-09-25 13:30:00-04:00,9.975000381469727,9.989999771118164,9.970100402832031,9.980600357055664,44925,0.0,0.0
2023-09-25 14:30:00-04:00,9.983200073242188,9.983200073242188,9.960000038146973,9.970000267028809,56540,0.0,0.0
2023-09-25 15:30:00-04:00,9.960000038146973,9.970000267028809,9.960000038146973,9.970000267028809,28378,0.0,0.0
2023-09-26 09:30:00-04:00,9.994999885559082,10.050000190734863,9.960000038146973,9.96150016784668,154220,0.0,0.0
2023-09-26 10:30:00-04:00,9.960000038146973,9.979999542236328,9.942000389099121,9.95259952545166,92993,0.0,0.0
2023-09-26 11:30:00-04:00,9.954999923706055,10.0,9.949999809265137,9.999899864196777,65329,0.0,0.0
2023-09-26 12:30:00-04:00,9.999500274658203,10.0,9.949999809265137,9.954999923706055,82165,0.0,0.0
2023-09-26 13:30:00-04:00,9.954999923706055,9.975000381469727,9.949999809265137,9.95989990234375,81349,0.0,0.0
2023-09-26 14:30:00-04:00,9.954999923706055,9.960000038146973,9.920000076293945,9.925000190734863,162876,0.0,0.0
2023-09-26 15:30:00-04:00,9.925000190734863,9.930000305175781,9.90999984741211,9.90999984741211,68221,0.0,0.0
2023-09-27 09:30:00-04:00,9.9399995803833,9.947400093078613,9.90999984741211,9.930100440979004,98911,0.0,0.0
2023-09-27 10:30:00-04:00,9.925000190734863,9.932000160217285,9.869999885559082,9.880399703979492,169942,0.0,0.0
2023-09-27 11:30:00-04:00,9.886099815368652,9.890000343322754,9.845000267028809,9.890000343322754,95109,0.0,0.0
2023-09-27 12:30:00-04:00,9.88010025024414,9.954999923706055,9.88010025024414,9.930000305175781,119473,0.0,0.0
2023-09-27 13:30:00-04:00,9.9350004196167,9.9399995803833,9.920000076293945,9.9350004196167,56271,0.0,0.0
2023-09-27 14:30:00-04:00,9.9399995803833,9.960000038146973,9.93850040435791,9.953300476074219,43379,0.0,0.0
2023-09-27 15:30:00-04:00,9.954999923706055,9.954999923706055,9.920000076293945,9.925000190734863,40529,0.0,0.0
2023-09-28 09:30:00-04:00,9.819999694824219,9.835000038146973,9.770000457763672,9.7878999710083,196235,0.0,0.0
2023-09-28 10:30:00-04:00,9.78499984741211,9.805000305175781,9.774999618530273,9.789899826049805,119554,0.0,0.0
2023-09-28 11:30:00-04:00,9.789999961853027,9.8100004196167,9.789999961853027,9.795000076293945,91160,0.0,0.0
2023-09-28 12:30:00-04:00,9.800000190734863,9.819999694824219,9.789999961853027,9.79010009765625,94355,0.0,0.0
2023-09-28 13:30:00-04:00,9.795000076293945,9.800000190734863,9.779999732971191,9.779999732971191,65576,0.0,0.0
2023-09-28 14:30:00-04:00,9.789899826049805,9.789999961853027,9.75,9.75,91452,0.0,0.0
2023-09-28 15:30:00-04:00,9.75,9.75,9.64009952545166,9.664999961853027,154926,0.0,0.0
2023-09-29 09:30:00-04:00,9.670000076293945,9.729999542236328,9.640000343322754,9.649999618530273,165375,0.0,0.0
2023-09-29 10:30:00-04:00,9.652000427246094,9.710000038146973,9.640000343322754,9.699899673461914,147047,0.0,0.0
2023-09-29 11:30:00-04:00,9.6899995803833,9.699999809265137,9.649999618530273,9.662300109863281,104556,0.0,0.0
2023-09-29 12:30:00-04:00,9.65999984741211,9.668100357055664,9.529999732971191,9.53499984741211,195390,0.0,0.0
2023-09-29 13:30:00-04:00,9.529999732971191,9.550000190734863,9.5,9.515000343322754,172677,0.0,0.0
2023-09-29 14:30:00-04:00,9.51990032196045,9.560500144958496,9.510000228881836,9.520000457763672,101774,0.0,0.0
2023-09-29 15:30:00-04:00,9.520000457763672,9.550000190734863,9.510000228881836,9.539999961853027,135327,0.0,0.0
2023-10-02 09:30:00-04:00,9.579999923706055,9.579999923706055,9.1899995803833,9.219900131225586,607030,0.0,0.0
2023-10-02 10:30:00-04:00,9.210000038146973,9.300000190734863,9.180000305175781,9.229900360107422,332375,0.0,0.0
2023-10-02 11:30:00-04:00,9.225000381469727,9.234999656677246,9.079999923706055,9.089799880981445,462014,0.0,0.0
2023-10-02 12:30:00-04:00,9.085000038146973,9.220000267028809,9.0600004196167,9.1899995803833,394933,0.0,0.0
2023-10-02 13:30:00-04:00,9.194999694824219,9.194999694824219,9.085000038146973,9.104999542236328,301017,0.0,0.0
2023-10-02 14:30:00-04:00,9.104399681091309,9.10990047454834,9.069999694824219,9.087400436401367,209319,0.0,0.0
2023-10-02 15:30:00-04:00,9.088800430297852,9.149999618530273,9.079999923706055,9.135000228881836,210955,0.0,0.0
2023-10-03 09:30:00-04:00,9.119999885559082,9.119999885559082,8.880999565124512,8.954999923706055,704425,0.0,0.0
2023-10-03 10:30:00-04:00,8.96500015258789,8.970000267028809,8.890000343322754,8.944999694824219,223756,0.0,0.0
2023-10-03 11:30:00-04:00,8.9399995803833,8.979999542236328,8.920000076293945,8.970000267028809,205602,0.0,0.0
2023-10-03 12:30:00-04:00,8.977999687194824,9.020000457763672,8.949999809265137,8.954999923706055,151330,0.0,0.0
2023-10-03 13:30:00-04:00,8.954999923706055,8.989999771118164,8.899999618530273,8.918700218200684,219045,0.0,0.0
2023-10-03 14:30:00-04:00,8.910099983215332,8.9399995803833,8.864999771118164,8.899900436401367,214522,0.0,0.0
2023-10-03 15:30:00-04:00,8.899900436401367,8.9350004196167,8.859999656677246,8.864999771118164,180530,0.0,0.0
2023-10-04 09:30:00-04:00,8.930000305175781,9.039999961853027,8.90999984741211,8.949999809265137,266014,0.0,0.0
2023-10-04 10:30:00-04:00,8.949299812316895,9.095000267028809,8.930000305175781,9.095000267028809,301277,0.0,0.0
2023-10-04 11:30:00-04:00,9.095000267028809,9.170000076293945,9.079999923706055,9.154999732971191,159351,0.0,0.0
2023-10-04 12:30:00-04:00,9.154999732971191,9.164999961853027,9.130000114440918,9.145000457763672,88670,0.0,0.0
2023-10-04 13:30:00-04:00,9.145000457763672,9.204999923706055,9.140000343322754,9.192000389099121,80826,0.0,0.0
2023-10-04 14:30:00-04:00,9.199999809265137,9.25,9.1899995803833,9.225000381469727,154145,0.0,0.0
2023-10-04 15:30:00-04:00,9.225000381469727,9.239100456237793,9.199999809265137,9.21500015258789,60367,0.0,0.0
2023-10-05 09:30:00-04:00,9.229999542236328,9.25,9.154999732971191,9.1850004196167,127205,0.0,0.0
2023-10-05 10:30:00-04:00,9.1899995803833,9.199999809265137,9.109999656677246,9.139900207519531,99167,0.0,0.0
2023-10-05 11:30:00-04:00,9.135000228881836,9.15999984741211,9.130000114440918,9.13010025024414,48402,0.0,0.0
2023-10-05 12:30:00-04:00,9.140000343322754,9.149999618530273,9.130000114440918,9.149499893188477,54911,0.0,0.0
2023-10-05 13:30:00-04:00,9.145000457763672,9.199999809265137,9.130000114440918,9.190999984741211,93708,0.0,0.0
2023-10-05 14:30:00-04:00,9.194999694824219,9.220000267028809,9.16100025177002,9.170999526977539,39472,0.0,0.0
2023-10-05 15:30:00-04:00,9.175000190734863,9.199999809265137,9.16759967803955,9.194999694824219,43034,0.0,0.0
2023-10-06 09:30:00-04:00,9.0600004196167,9.100099563598633,9.039999961853027,9.0600004196167,222822,0.0,0.0
2023-10-06 10:30:00-04:00,9.06089973449707,9.18179988861084,9.06089973449707,9.18179988861084,66002,0.0,0.0
2023-10-06 11:30:00-04:00,9.1850004196167,9.289999961853027,9.170000076293945,9.175000190734863,79357,0.0,0.0
2023-10-06 12:30:00-04:00,9.175000190734863,9.59000015258789,9.145000457763672,9.460000038146973,930166,0.0,0.0
2023-10-06 13:30:00-04:00,9.46500015258789,9.524999618530273,9.414999961853027,9.515000343322754,111787,0.0,0.0
2023-10-06 14:30:00-04:00,9.510000228881836,9.539999961853027,9.494999885559082,9.51140022277832,101653,0.0,0.0
2023-10-06 15:30:00-04:00,9.511099815368652,9.529999732971191,9.510000228881836,9.529999732971191,69200,0.0,0.0
2023-10-09 09:30:00-04:00,9.449999809265137,9.600000381469727,9.449999809265137,9.574999809265137,195489,0.0,0.0
2023-10-09 10:30:00-04:00,9.579999923706055,9.65999984741211,9.579899787902832,9.645000457763672,86306,0.0,0.0
2023-10-09 11:30:00-04:00,9.645000457763672,9.649999618530273,9.600000381469727,9.630000114440918,59707,0.0,0.0
2023-10-09 12:30:00-04:00,9.635000228881836,9.635000228881836,9.569999694824219,9.59000015258789,48124,0.0,0.0
2023-10-09 13:30:00-04:00,9.595000267028809,9.680000305175781,9.59000015258789,9.664999961853027,70193,0.0,0.0
2023-10-09 14:30:00-04:00,9.666299819946289,9.720000267028809,9.649999618530273,9.668999671936035,112073,0.0,0.0
2023-10-09 15:30:00-04:00,9.660799980163574,9.6899995803833,9.65999984741211,9.6899995803833,56031,0.0,0.0
2023-10-10 09:30:00-04:00,9.710000038146973,9.880000114440918,9.680000305175781,9.850000381469727,322714,0.0,0.0
2023-10-10 10:30:00-04:00,9.860600471496582,9.860600471496582,9.789999961853027,9.799400329589844,104325,0.0,0.0
2023-10-10 11:30:00-04:00,9.79990005493164,9.819999694824219,9.779999732971191,9.809499740600586,65714,0.0,0.0
2023-10-10 12:30:00-04:00,9.809700012207031,9.819999694824219,9.78499984741211,9.795000076293945,51187,0.0,0.0
2023-10-10 13:30:00-04:00,9.795000076293945,9.8100004196167,9.779999732971191,9.805000305175781,62535,0.0,0.0
2023-10-10 14:30:00-04:00,9.80620002746582,9.8100004196167,9.782899856567383,9.807999610900879,50942,0.0,0.0
2023-10-10 15:30:00-04:00,9.809000015258789,9.8149995803833,9.770000457763672,9.770000457763672,53550,0.0,0.0
2023-10-11 09:30:00-04:00,9.84000015258789,9.920000076293945,9.770000457763672,9.920000076293945,168620,0.0,0.0
2023-10-11 10:30:00-04:00,9.920000076293945,9.970000267028809,9.84000015258789,9.852700233459473,195100,0.0,0.0
2023-10-11 11:30:00-04:00,9.859399795532227,9.885000228881836,9.84000015258789,9.845000267028809,50804,0.0,0.0
2023-10-11 12:30:00-04:00,9.845000267028809,9.890000343322754,9.835000038146973,9.869999885559082,54951,0.0,0.0
2023-10-11 13:30:00-04:00,9.869999885559082,9.890000343322754,9.84000015258789,9.869999885559082,124633,0.0,0.0
2023-10-11 14:30:00-04:00,9.880000114440918,9.90939998626709,9.84000015258789,9.84000015258789,76685,0.0,0.0
2023-10-11 15:30:00-04:00,9.84000015258789,9.869999885559082,9.8100004196167,9.869999885559082,93848,0.0,0.0
2023-10-12 09:30:00-04:00,9.819999694824219,9.839900016784668,9.760000228881836,9.778900146484375,127552,0.0,0.0
2023-10-12 10:30:00-04:00,9.779899597167969,9.779999732971191,9.6899995803833,9.704999923706055,132854,0.0,0.0
2023-10-12 11:30:00-04:00,9.70259952545166,9.75,9.680000305175781,9.710000038146973,71966,0.0,0.0
2023-10-12 12:30:00-04:00,9.704999923706055,9.738900184631348,9.649999618530273,9.667799949645996,71441,0.0,0.0
2023-10-12 13:30:00-04:00,9.65999984741211,9.680000305175781,9.600000381469727,9.680000305175781,129253,0.0,0.0
2023-10-12 14:30:00-04:00,9.679900169372559,9.710000038146973,9.660300254821777,9.695300102233887,66112,0.0,0.0
2023-10-12 15:30:00-04:00,9.694999694824219,9.718000411987305,9.654999732971191,9.694999694824219,117401,0.0,0.0
2023-10-13 09:30:00-04:00,9.670000076293945,9.779999732971191,9.670000076293945,9.765899658203125,90969,0.0,0.0
2023-10-13 10:30:00-04:00,9.760000228881836,9.770000457763672,9.694999694824219,9.699999809265137,44502,0.0,0.0
2023-10-13 11:30:00-04:00,9.704999923706055,9.730999946594238,9.699999809265137,9.725000381469727,23874,0.0,0.0
2023-10-13 12:30:00-04:00,9.729999542236328,9.760000228881836,9.680000305175781,9.680000305175781,48929,0.0,0.0
2023-10-13 13:30:00-04:00,9.679400444030762,9.739999771118164,9.670100212097168,9.729999542236328,48322,0.0,0.0
2023-10-13 14:30:00-04:00,9.73390007019043,9.739999771118164,9.704999923706055,9.739999771118164,22997,0.0,0.0
2023-10-13 15:30:00-04:00,9.734999656677246,9.779999732971191,9.729999542236328,9.779999732971191,45376,0.0,0.0
2023-10-16 09:30:00-04:00,9.770000457763672,9.84000015258789,9.739999771118164,9.789899826049805,72943,0.0,0.0
2023-10-16 10:30:00-04:00,9.789999961853027,9.845000267028809,9.781299591064453,9.810099601745605,82769,0.0,0.0
2023-10-16 11:30:00-04:00,9.800000190734863,9.850000381469727,9.760000228881836,9.791500091552734,78519,0.0,0.0
2023-10-16 12:30:00-04:00,9.795900344848633,9.829999923706055,9.770000457763672,9.800000190734863,48560,0.0,0.0
2023-10-16 13:30:00-04:00,9.800000190734863,9.84000015258789,9.800000190734863,9.829999923706055,40278,0.0,0.0
2023-10-16 14:30:00-04:00,9.84000015258789,9.84000015258789,9.8100004196167,9.8149995803833,48608,0.0,0.0
2023-10-16 15:30:00-04:00,9.8149995803833,9.8149995803833,9.765000343322754,9.789999961853027,64092,0.0,0.0
2023-10-17 09:30:00-04:00,9.640000343322754,9.699999809265137,9.529999732971191,9.600000381469727,157339,0.0,0.0
2023-10-17 10:30:00-04:00,9.570599555969238,9.609999656677246,9.550100326538086,9.600000381469727,83205,0.0,0.0
2023-10-17 11:30:00-04:00,9.609999656677246,9.680800437927246,9.609999656677246,9.679400444030762,66222,0.0,0.0
2023-10-17 12:30:00-04:00,9.675999641418457,9.6899995803833,9.585000038146973,9.590100288391113,78914,0.0,0.0
2023-10-17 13:30:00-04:00,9.600000381469727,9.61989974975586,9.595000267028809,9.609999656677246,69087,0.0,0.0
2023-10-17 14:30:00-04:00,9.609999656677246,9.619999885559082,9.5600004196167,9.598799705505371,101527,0.0,0.0
2023-10-17 15:30:00-04:00,9.595000267028809,9.59939956665039,9.550000190734863,9.579999923706055,90576,0.0,0.0
2023-10-18 09:30:00-04:00,9.520000457763672,9.585000038146973,9.505000114440918,9.539999961853027,198170,0.0,0.0
2023-10-18 10:30:00-04:00,9.520000457763672,9.595000267028809,9.449999809265137,9.490099906921387,268466,0.0,0.0
2023-10-18 11:30:00-04:00,9.484999656677246,9.498900413513184,9.424099922180176,9.449999809265137,137955,0.0,0.0
2023-10-18 12:30:00-04:00,9.475000381469727,9.529999732971191,9.424099922180176,9.499899864196777,102249,0.0,0.0
2023-10-18 13:30:00-04:00,9.5,9.529999732971191,9.460000038146973,9.510000228881836,105541,0.0,0.0
2023-10-18 14:30:00-04:00,9.52869987487793,9.529999732971191,9.430000305175781,9.430000305175781,167207,0.0,0.0
2023-10-18 15:30:00-04:00,9.430000305175781,9.470000267028809,9.430000305175781,9.470000267028809,65125,0.0,0.0
2023-10-19 09:30:00-04:00,9.40999984741211,9.4399995803833,9.319999694824219,9.319999694824219,170050,0.0,0.0
2023-10-19 10:30:00-04:00,9.324999809265137,9.329999923706055,9.279999732971191,9.303400039672852,90536,0.0,0.0
2023-10-19 11:30:00-04:00,9.319999694824219,9.399999618530273,9.319999694824219,9.319999694824219,84027,0.0,0.0
2023-10-19 12:30:00-04:00,9.319999694824219,9.380000114440918,9.300000190734863,9.364999771118164,70413,0.0,0.0
2023-10-19 13:30:00-04:00,9.360899925231934,9.360899925231934,9.305000305175781,9.3100004196167,82155,0.0,0.0
2023-10-19 14:30:00-04:00,9.3100004196167,9.3100004196167,9.244999885559082,9.270000457763672,95632,0.0,0.0
2023-10-19 15:30:00-04:00,9.274200439453125,9.289999961853027,9.239999771118164,9.270000457763672,86460,0.0,0.0
2023-10-20 09:30:00-04:00,9.229999542236328,9.420000076293945,9.229999542236328,9.280500411987305,102493,0.0,0.0
2023-10-20 10:30:00-04:00,9.278499603271484,9.31149959564209,9.260000228881836,9.274999618530273,51909,0.0,0.0
2023-10-20 11:30:00-04:00,9.270000457763672,9.300000190734863,9.25,9.274999618530273,61815,0.0,0.0
2023-10-20 12:30:00-04:00,9.279999732971191,9.286800384521484,9.199999809265137,9.210000038146973,69230,0.0,0.0
2023-10-20 13:30:00-04:00,9.209400177001953,9.209400177001953,9.109999656677246,9.130000114440918,84537,0.0,0.0
2023-10-20 14:30:00-04:00,9.119999885559082,9.169899940490723,9.119999885559082,9.166799545288086,57043,0.0,0.0
2023-10-20 15:30:00-04:00,9.170000076293945,9.199999809265137,9.160099983215332,9.194999694824219,73450,0.0,0.0
2023-10-23 09:30:00-04:00,9.180000305175781,9.260000228881836,9.119999885559082,9.220000267028809,160940,0.0,0.0
2023-10-23 10:30:00-04:00,9.194999694824219,9.25,9.1899995803833,9.248800277709961,76916,0.0,0.0
2023-10-23 11:30:00-04:00,9.244999885559082,9.25,9.197199821472168,9.204999923706055,76976,0.0,0.0
2023-10-23 12:30:00-04:00,9.209799766540527,9.229999542236328,9.199999809265137,9.199999809265137,23623,0.0,0.0
2023-10-23 13:30:00-04:00,9.204299926757812,9.220000267028809,9.149999618530273,9.171199798583984,41373,0.0,0.0
2023-10-23 14:30:00-04:00,9.179900169372559,9.190099716186523,9.13860034942627,9.13860034942627,30653,0.0,0.0
2023-10-23 15:30:00-04:00,9.135000228881836,9.139900207519531,9.111000061035156,9.130000114440918,0,0.0,0.0
2023-10-24 09:30:00-04:00,9.140000343322754,9.219099998474121,9.130000114440918,9.219099998474121,45317,0.0,0.0
2023-10-24 10:30:00-04:00,9.204999923706055,9.229900360107422,9.15999984741211,9.201000213623047,61437,0.0,0.0
2023-10-24 11:30:00-04:00,9.194999694824219,9.225000381469727,9.170000076293945,9.180000305175781,119295,0.0,0.0
2023-10-24 12:30:00-04:00,9.190099716186523,9.210000038146973,9.15999984741211,9.170000076293945,88378,0.0,0.0
2023-10-24 13:30:00-04:00,9.180999755859375,9.210000038146973,9.15999984741211,9.210000038146973,117188,0.0,0.0
2023-10-24 14:30:00-04:00,9.182000160217285,9.219900131225586,9.149999618530273,9.172300338745117,134203,0.0,0.0
2023-10-24 15:30:00-04:00,9.175000190734863,9.239999771118164,9.175000190734863,9.239999771118164,104906,0.0,0.0
2023-10-25 09:30:00-04:00,9.180000305175781,9.229999542236328,9.109999656677246,9.145000457763672,97221,0.0,0.0
2023-10-25 10:30:00-04:00,9.151000022888184,9.220000267028809,9.147299766540527,9.201000213623047,76435,0.0,0.0
2023-10-25 11:30:00-04:00,9.20300006866455,9.220000267028809,9.142999649047852,9.149999618530273,37873,0.0,0.0
2023-10-25 12:30:00-04:00,9.15999984741211,9.1850004196167,9.14799976348877,9.180000305175781,44623,0.0,0.0
2023-10-25 13:30:00-04:00,9.170000076293945,9.220000267028809,9.15999984741211,9.204999923706055,45377,0.0,0.0
2023-10-25 14:30:00-04:00,9.204999923706055,9.210000038146973,9.140000343322754,9.140000343322754,73110,0.0,0.0
2023-10-25 15:30:00-04:00,9.14109992980957,9.15999984741211,9.140000343322754,9.149999618530273,29260,0.0,0.0
2023-10-26 09:30:00-04:00,9.130000114440918,9.210000038146973,9.119999885559082,9.169899940490723,91214,0.0,0.0
2023-10-26 10:30:00-04:00,9.16100025177002,9.199999809265137,9.146300315856934,9.170000076293945,80195,0.0,0.0
2023-10-26 11:30:00-04:00,9.170000076293945,9.17199993133545,9.109999656677246,9.129899978637695,86599,0.0,0.0
2023-10-26 12:30:00-04:00,9.130000114440918,9.15999984741211,9.114999771118164,9.150199890136719,50881,0.0,0.0
2023-10-26 13:30:00-04:00,9.145000457763672,9.178999900817871,9.140000343322754,9.150300025939941,39562,0.0,0.0
2023-10-26 14:30:00-04:00,9.149999618530273,9.190400123596191,9.139599800109863,9.1899995803833,41207,0.0,0.0
2023-10-26 15:30:00-04:00,9.189900398254395,9.229999542236328,9.1850004196167,9.225000381469727,42314,0.0,0.0
2023-10-27 09:30:00-04:00,9.25,9.27299976348877,9.204999923706055,9.204999923706055,52315,0.0,0.0
2023-10-27 10:30:00-04:00,9.199999809265137,9.273099899291992,9.199999809265137,9.241999626159668,51154,0.0,0.0
2023-10-27 11:30:00-04:00,9.239999771118164,9.270000457763672,9.220000267028809,9.234999656677246,84227,0.0,0.0
2023-10-27 12:30:00-04:00,9.239999771118164,9.270000457763672,9.1899995803833,9.220000267028809,51642,0.0,0.0
2023-10-27 13:30:00-04:00,9.220600128173828,9.225000381469727,9.1899995803833,9.21500015258789,53403,0.0,0.0
2023-10-27 14:30:00-04:00,9.210000038146973,9.229999542236328,9.199999809265137,9.21500015258789,45634,0.0,0.0
2023-10-27 15:30:00-04:00,9.21500015258789,9.229999542236328,9.210000038146973,9.220000267028809,39743,0.0,0.0
2023-10-30 09:30:00-04:00,9.220000267028809,9.270000457763672,9.1899995803833,9.199999809265137,75797,0.0,0.0
2023-10-30 10:30:00-04:00,9.1899995803833,9.1899995803833,9.150400161743164,9.15999984741211,44743,0.0,0.0
2023-10-30 11:30:00-04:00,9.157899856567383,9.16100025177002,9.109999656677246,9.114999771118164,52468,0.0,0.0
2023-10-30 12:30:00-04:00,9.114999771118164,9.130000114440918,9.09000015258789,9.120100021362305,36670,0.0,0.0
2023-10-30 13:30:00-04:00,9.120100021362305,9.120100021362305,9.019800186157227,9.031000137329102,50989,0.0,0.0
2023-10-30 14:30:00-04:00,9.029999732971191,9.039999961853027,9.001299858093262,9.03499984741211,94281,0.0,0.0
2023-10-30 15:30:00-04:00,9.029999732971191,9.069999694824219,9.029999732971191,9.0600004196167,50274,0.0,0.0
2023-10-31 09:30:00-04:00,9.104999542236328,9.170000076293945,8.949999809265137,9.005000114440918,240202,0.0,0.0
2023-10-31 10:30:00-04:00,9.0,9.050000190734863,9.0,9.024999618530273,96231,0.0,0.0
2023-10-31 11:30:00-04:00,9.020000457763672,9.029999732971191,9.0,9.027999877929688,179270,0.0,0.0
2023-10-31 12:30:00-04:00,9.024999618530273,9.079999923706055,9.020000457763672,9.055000305175781,66534,0.0,0.0
2023-10-31 13:30:00-04:00,9.060500144958496,9.100000381469727,9.0600004196167,9.069999694824219,41716,0.0,0.0
2023-10-31 14:30:00-04:00,9.079999923706055,9.119999885559082,9.0600004196167,9.109999656677246,64147,0.0,0.0
2023-10-31 15:30:00-04:00,9.111100196838379,9.114999771118164,8.994999885559082,9.020000457763672,266426,0.0,0.0
2023-11-01 09:30:00-04:00,9.0600004196167,9.139900207519531,9.024999618530273,9.130000114440918,85396,0.0,0.0
2023-11-01 10:30:00-04:00,9.139900207519531,9.140000343322754,9.079999923706055,9.09119987487793,32087,0.0,0.0
2023-11-01 11:30:00-04:00,9.09000015258789,9.109999656677246,9.074999809265137,9.08899974822998,64988,0.0,0.0
2023-11-01 12:30:00-04:00,9.089900016784668,9.100000381469727,9.079999923706055,9.083100318908691,44191,0.0,0.0
2023-11-01 13:30:00-04:00,9.085000038146973,9.119999885559082,9.060999870300293,9.111000061035156,93292,0.0,0.0
2023-11-01 14:30:00-04:00,9.114999771118164,9.1899995803833,9.100000381469727,9.164999961853027,72607,0.0,0.0
2023-11-01 15:30:00-04:00,9.164999961853027,9.189399719238281,9.14430046081543,9.149999618530273,65819,0.0,0.0
2023-11-02 09:30:00-04:00,9.220000267028809,9.329999923706055,9.210000038146973,9.305000305175781,187267,0.0,0.0
2023-11-02 10:30:00-04:00,9.3100004196167,9.369999885559082,9.300000190734863,9.310099601745605,89344,0.0,0.0
2023-11-02 11:30:00-04:00,9.300000190734863,9.399999618530273,9.295000076293945,9.369999885559082,74671,0.0,0.0
2023-11-02 12:30:00-04:00,9.375,9.569999694824219,9.371999740600586,9.552000045776367,126019,0.0,0.0
2023-11-02 13:30:00-04:00,9.559900283813477,9.579999923706055,9.479999542236328,9.510000228881836,137461,0.0,0.0
2023-11-02 14:30:00-04:00,9.506600379943848,9.539999961853027,9.470000267028809,9.489999771118164,113953,0.0,0.0
2023-11-02 15:30:00-04:00,9.49899959564209,9.550000190734863,9.49899959564209,9.529999732971191,93743,0.0,0.0
2023-11-03 09:30:00-04:00,9.600000381469727,9.720000267028809,9.587300300598145,9.649999618530273,120208,0.0,0.0
2023-11-03 10:30:00-04:00,9.649800300598145,9.65999984741211,9.630000114440918,9.645000457763672,37588,0.0,0.0
2023-11-03 11:30:00-04:00,9.642000198364258,9.6899995803833,9.640000343322754,9.680000305175781,43875,0.0,0.0
2023-11-03 12:30:00-04:00,9.6850004196167,9.6850004196167,9.539999961853027,9.550000190734863,82647,0.0,0.0
2023-11-03 13:30:00-04:00,9.539999961853027,9.54010009765625,9.420000076293945,9.4399995803833,101409,0.0,0.0
2023-11-03 14:30:00-04:00,9.4399995803833,9.460100173950195,9.400099754333496,9.400099754333496,137347,0.0,0.0
2023-11-03 15:30:00-04:00,9.404999732971191,9.40999984741211,9.350000381469727,9.380000114440918,78902,0.0,0.0
2023-11-06 09:30:00-05:00,9.399999618530273,9.449899673461914,9.324999809265137,9.354999542236328,107463,0.0,0.0
2023-11-06 10:30:00-05:00,9.359199523925781,9.380000114440918,9.255000114440918,9.258000373840332,106278,0.0,0.0
2023-11-06 11:30:00-05:00,9.25,9.270000457763672,9.15999984741211,9.160099983215332,96625,0.0,0.0
2023-11-06 12:30:00-05:00,9.164999961853027,9.199999809265137,9.164999961853027,9.199999809265137,56874,0.0,0.0
2023-11-06 13:30:00-05:00,9.180999755859375,9.21500015258789,9.180000305175781,9.194999694824219,45585,0.0,0.0
2023-11-06 14:30:00-05:00,9.199999809265137,9.210000038146973,9.161999702453613,9.187999725341797,117127,0.0,0.0
2023-11-06 15:30:00-05:00,9.1899995803833,9.210000038146973,9.170499801635742,9.1899995803833,54871,0.0,0.0
2023-11-07 09:30:00-05:00,9.199999809265137,9.220000267028809,9.039999961853027,9.059900283813477,324115,0.0,0.0
2023-11-07 10:30:00-05:00,9.0600004196167,9.140000343322754,9.020000457763672,9.109999656677246,154497,0.0,0.0
2023-11-07 11:30:00-05:00,9.109999656677246,9.170000076293945,9.100000381469727,9.159899711608887,91627,0.0,0.0
2023-11-07 12:30:00-05:00,9.149999618530273,9.1899995803833,9.130000114440918,9.163000106811523,78538,0.0,0.0
2023-11-07 13:30:00-05:00,9.15999984741211,9.180000305175781,9.140000343322754,9.169899940490723,59109,0.0,0.0
2023-11-07 14:30:00-05:00,9.170000076293945,9.1899995803833,9.100000381469727,9.130000114440918,68133,0.0,0.0
2023-11-07 15:30:00-05:00,9.122099876403809,9.140000343322754,9.119999885559082,9.130000114440918,25218,0.0,0.0
2023-11-08 09:30:00-05:00,9.180000305175781,9.1899995803833,9.050000190734863,9.109999656677246,76455,0.0,0.0
2023-11-08 10:30:00-05:00,9.10770034790039,9.109999656677246,9.0600004196167,9.069999694824219,72421,0.0,0.0
2023-11-08 11:30:00-05:00,9.0649995803833,9.100000381469727,9.010000228881836,9.015000343322754,119644,0.0,0.0
2023-11-08 12:30:00-05:00,9.010000228881836,9.047699928283691,9.0,9.029399871826172,94358,0.0,0.0
2023-11-08 13:30:00-05:00,9.029999732971191,9.055000305175781,8.979999542236328,8.99899959564209,226616,0.0,0.0
2023-11-08 14:30:00-05:00,8.997699737548828,9.0,8.975000381469727,8.994999885559082,244522,0.0,0.0
2023-11-08 15:30:00-05:00,8.994999885559082,9.050000190734863,8.979999542236328,9.039999961853027,119498,0.0,0.0
2023-11-09 09:30:00-05:00,9.09000015258789,9.09000015258789,8.999099731445312,9.074999809265137,110979,0.0,0.0
2023-11-09 10:30:00-05:00,9.075599670410156,9.099800109863281,8.990099906921387,9.0,103455,0.0,0.0
2023-11-09 11:30:00-05:00,8.998000144958496,9.020000457763672,8.96500015258789,9.005000114440918,92251,0.0,0.0
2023-11-09 12:30:00-05:00,9.008099555969238,9.029999732971191,8.970000267028809,8.979999542236328,85701,0.0,0.0
2023-11-09 13:30:00-05:00,8.979999542236328,8.990900039672852,8.930000305175781,8.955699920654297,136806,0.0,0.0
2023-11-09 14:30:00-05:00,8.954999923706055,8.984999656677246,8.9399995803833,8.984999656677246,110944,0.0,0.0
2023-11-09 15:30:00-05:00,8.984299659729004,9.09000015258789,8.983699798583984,9.09000015258789,130128,0.0,0.0
2023-11-10 09:30:00-05:00,9.0600004196167,9.25,9.020000457763672,9.114899635314941,261639,0.0,0.0
2023-11-10 10:30:00-05:00,9.119999885559082,9.149900436401367,9.050000190734863,9.130000114440918,68042,0.0,0.0
2023-11-10 11:30:00-05:00,9.125,9.130000114440918,9.07129955291748,9.12440013885498,79299,0.0,0.0
2023-11-10 12:30:00-05:00,9.119999885559082,9.140000343322754,9.069999694824219,9.079999923706055,49379,0.0,0.0
2023-11-10 13:30:00-05:00,9.079999923706055,9.085000038146973,9.005000114440918,9.043000221252441,80033,0.0,0.0
2023-11-10 14:30:00-05:00,9.050000190734863,9.074999809265137,9.010000228881836,9.015000343322754,110744,0.0,0.0
2023-11-10 15:30:00-05:00,9.015000343322754,9.045000076293945,9.0,9.029999732971191,83032,0.0,0.0
2023-11-13 09:30:00-05:00,8.989999771118164,9.220000267028809,8.970000267028809,9.220000267028809,328672,0.0,0.0
2023-11-13 10:30:00-05:00,9.220000267028809,9.239999771118164,9.09000015258789,9.140000343322754,97759,0.0,0.0
2023-11-13 11:30:00-05:00,9.139900207519531,9.161299705505371,9.088600158691406,9.10990047454834,49822,0.0,0.0
2023-11-13 12:30:00-05:00,9.09000015258789,9.130000114440918,9.010000228881836,9.045000076293945,144200,0.0,0.0
2023-11-13 13:30:00-05:00,9.045000076293945,9.055000305175781,8.994999885559082,8.994999885559082,71807,0.0,0.0
2023-11-13 14:30:00-05:00,8.994999885559082,9.024999618530273,8.95009994506836,8.956999778747559,118341,0.0,0.0
2023-11-13 15:30:00-05:00,8.954999923706055,8.970000267028809,8.949999809265137,8.949999809265137,40576,0.0,0.0
2023-11-14 09:30:00-05:00,9.239999771118164,9.239999771118164,9.15999984741211,9.1899995803833,191268,0.0,0.0
2023-11-14 10:30:00-05:00,9.194999694824219,9.229999542236328,9.15999984741211,9.180000305175781,140583,0.0,0.0
2023-11-14 11:30:00-05:00,9.180000305175781,9.180000305175781,9.119999885559082,9.140000343322754,81007,0.0,0.0
2023-11-14 12:30:00-05:00,9.139200210571289,9.150099754333496,9.109999656677246,9.119999885559082,44255,0.0,0.0
2023-11-14 13:30:00-05:00,9.130000114440918,9.135299682617188,9.0600004196167,9.0600004196167,150276,0.0,0.0
2023-11-14 14:30:00-05:00,9.064200401306152,9.100000381469727,9.039999961853027,9.09000015258789,123087,0.0,0.0
2023-11-14 15:30:00-05:00,9.09000015258789,9.100000381469727,9.079999923706055,9.095000267028809,75976,0.0,0.0
2023-11-15 09:30:00-05:00,9.109999656677246,9.220000267028809,9.079999923706055,9.194999694824219,71324,0.0,0.0
2023-11-15 10:30:00-05:00,9.151200294494629,9.220000267028809,9.109999656677246,9.119199752807617,192132,0.0,0.0
2023-11-15 11:30:00-05:00,9.140000343322754,9.140000343322754,9.09000015258789,9.109999656677246,150415,0.0,0.0
2023-11-15 12:30:00-05:00,9.100000381469727,9.121199607849121,9.050000190734863,9.09000015258789,135891,0.0,0.0
2023-11-15 13:30:00-05:00,9.079999923706055,9.100000381469727,9.050000190734863,9.079999923706055,186924,0.0,0.0
2023-11-15 14:30:00-05:00,9.0600004196167,9.100000381469727,9.050000190734863,9.085000038146973,118933,0.0,0.0
2023-11-15 15:30:00-05:00,9.085000038146973,9.105899810791016,9.069999694824219,9.079999923706055,51028,0.0,0.0
2023-11-16 09:30:00-05:00,9.0600004196167,9.140000343322754,9.050000190734863,9.138500213623047,167628,0.0,0.0
2023-11-16 10:30:00-05:00,9.138999938964844,9.140700340270996,9.069999694824219,9.085000038146973,86874,0.0,0.0
2023-11-16 11:30:00-05:00,9.080100059509277,9.09000015258789,9.069999694824219,9.079999923706055,69859,0.0,0.0
2023-11-16 12:30:00-05:00,9.079000473022461,9.100000381469727,9.070199966430664,9.085000038146973,46051,0.0,0.0
2023-11-16 13:30:00-05:00,9.09000015258789,9.100000381469727,9.069999694824219,9.079999923706055,63744,0.0,0.0
2023-11-16 14:30:00-05:00,9.079099655151367,9.100000381469727,9.069999694824219,9.074999809265137,60664,0.0,0.0
2023-11-16 15:30:00-05:00,9.073599815368652,9.09000015258789,9.069999694824219,9.074999809265137,64490,0.0,0.0
2023-11-17 09:30:00-05:00,9.029999732971191,9.050000190734863,8.960000038146973,9.02239990234375,331114,0.0,0.0
2023-11-17 10:30:00-05:00,9.020000457763672,9.050000190734863,9.010000228881836,9.029000282287598,93127,0.0,0.0
2023-11-17 11:30:00-05:00,9.020000457763672,9.0600004196167,9.015000343322754,9.034000396728516,79367,0.0,0.0
2023-11-17 12:30:00-05:00,9.039999961853027,9.0600004196167,9.029999732971191,9.050000190734863,49919,0.0,0.0
2023-11-17 13:30:00-05:00,9.055000305175781,9.079999923706055,9.055000305175781,9.069999694824219,77775,0.0,0.0
2023-11-17 14:30:00-05:00,9.069999694824219,9.069999694824219,9.050000190734863,9.058799743652344,62765,0.0,0.0
2023-11-17 15:30:00-05:00,9.050100326538086,9.054699897766113,9.015000343322754,9.03499984741211,84376,0.0,0.0
2023-11-20 09:30:00-05:00,9.0,9.05720043182373,8.979999542236328,9.029999732971191,203339,0.0,0.0
2023-11-20 10:30:00-05:00,9.029899597167969,9.0600004196167,9.012499809265137,9.039999961853027,101913,0.0,0.0
2023-11-20 11:30:00-05:00,9.048999786376953,9.048999786376953,9.015899658203125,9.024999618530273,43279,0.0,0.0
2023-11-20 12:30:00-05:00,9.024999618530273,9.029999732971191,9.013699531555176,9.024999618530273,41336,0.0,0.0
2023-11-20 13:30:00-05:00,9.024999618530273,9.029999732971191,9.020000457763672,9.029999732971191,31728,0.0,0.0
2023-11-20 14:30:00-05:00,9.026599884033203,9.039999961853027,9.010000228881836,9.020000457763672,91333,0.0,0.0
2023-11-20 15:30:00-05:00,9.024999618530273,9.039999961853027,9.020000457763672,9.039999961853027,68267,0.0,0.0
2023-11-21 09:30:00-05:00,9.029999732971191,9.069999694824219,9.010000228881836,9.022100448608398,100710,0.0,0.0
2023-11-21 10:30:00-05:00,9.027099609375,9.050000190734863,9.020000457763672,9.030099868774414,46902,0.0,0.0
2023-11-21 11:30:00-05:00,9.038800239562988,9.050000190734863,9.0,9.02869987487793,91406,0.0,0.0
2023-11-21 12:30:00-05:00,9.029899597167969,9.029999732971191,9.010000228881836,9.012800216674805,66101,0.0,0.0
2023-11-21 13:30:00-05:00,9.01990032196045,9.0600004196167,9.019200325012207,9.024100303649902,54154,0.0,0.0
2023-11-21 14:30:00-05:00,9.029899597167969,9.039999961853027,9.010000228881836,9.02649974822998,72645,0.0,0.0
2023-11-21 15:30:00-05:00,9.024999618530273,9.029999732971191,9.010000228881836,9.020000457763672,48047,0.0,0.0
2023-11-22 09:30:00-05:00,9.09000015258789,9.100000381469727,9.029999732971191,9.095000267028809,85806,0.0,0.0
2023-11-22 10:30:00-05:00,9.095000267028809,9.119999885559082,9.074999809265137,9.085000038146973,57836,0.0,0.0
2023-11-22 11:30:00-05:00,9.087300300598145,9.100000381469727,9.069999694824219,9.082799911499023,64068,0.0,0.0
2023-11-22 12:30:00-05:00,9.087499618530273,9.090900421142578,9.055000305175781,9.069899559020996,55396,0.0,0.0
2023-11-22 13:30:00-05:00,9.069999694824219,9.079999923706055,9.039999961853027,9.039999961853027,59554,0.0,0.0
2023-11-22 14:30:00-05:00,9.04990005493164,9.0600004196167,9.020000457763672,9.058199882507324,70070,0.0,0.0
2023-11-22 15:30:00-05:00,9.0600004196167,9.069999694824219,9.050000190734863,9.0600004196167,47741,0.0,0.0
2023-11-24 09:30:00-05:00,9.119999885559082,9.149999618530273,9.069999694824219,9.095000267028809,65350,0.0,0.0
2023-11-24 10:30:00-05:00,9.098099708557129,9.130000114440918,9.090499877929688,9.111100196838379,28101,0.0,0.0
2023-11-24 11:30:00-05:00,9.110600471496582,9.119999885559082,9.109999656677246,9.111000061035156,20675,0.0,0.0
2023-11-27 09:30:00-05:00,9.119999885559082,9.149999618530273,9.100000381469727,9.119999885559082,72578,0.0,0.0
2023-11-27 10:30:00-05:00,9.119999885559082,9.119999885559082,9.079999923706055,9.100000381469727,87995,0.0,0.0
2023-11-27 11:30:00-05:00,9.109999656677246,9.109999656677246,9.073399543762207,9.081600189208984,81754,0.0,0.0
2023-11-27 12:30:00-05:00,9.085000038146973,9.109999656677246,9.079999923706055,9.092900276184082,62220,0.0,0.0
2023-11-27 13:30:00-05:00,9.095000267028809,9.109999656677246,9.079999923706055,9.104999542236328,66246,0.0,0.0
2023-11-27 14:30:00-05:00,9.104999542236328,9.109999656677246,9.0600004196167,9.074999809265137,107766,0.0,0.0
2023-11-27 15:30:00-05:00,9.074999809265137,9.09000015258789,9.069999694824219,9.074999809265137,63605,0.0,0.0
2023-11-28 09:30:00-05:00,9.0600004196167,9.15999984741211,9.0600004196167,9.110099792480469,113457,0.0,0.0
2023-11-28 10:30:00-05:00,9.109999656677246,9.1899995803833,9.09000015258789,9.164999961853027,113043,0.0,0.0
2023-11-28 11:30:00-05:00,9.169599533081055,9.175000190734863,9.109999656677246,9.123499870300293,108875,0.0,0.0
2023-11-28 12:30:00-05:00,9.119999885559082,9.140000343322754,9.119999885559082,9.133000373840332,39080,0.0,0.0
2023-11-28 13:30:00-05:00,9.139900207519531,9.140000343322754,9.119999885559082,9.125,43881,0.0,0.0
2023-11-28 14:30:00-05:00,9.125,9.149900436401367,9.114999771118164,9.140000343322754,94427,0.0,0.0
2023-11-28 15:30:00-05:00,9.135000228881836,9.139800071716309,9.09000015258789,9.099900245666504,79109,0.0,0.0
2023-11-29 09:30:00-05:00,9.0600004196167,9.109999656677246,9.0600004196167,9.09000015258789,128920,0.0,0.0
2023-11-29 10:30:00-05:00,9.095000267028809,9.109999656677246,9.030099868774414,9.04010009765625,105779,0.0,0.0
2023-11-29 11:30:00-05:00,9.04010009765625,9.0600004196167,9.020000457763672,9.029999732971191,142867,0.0,0.0
2023-11-29 12:30:00-05:00,9.037300109863281,9.0600004196167,9.030099868774414,9.039999961853027,52031,0.0,0.0
2023-11-29 13:30:00-05:00,9.039999961853027,9.039999961853027,9.020000457763672,9.024999618530273,75741,0.0,0.0
2023-11-29 14:30:00-05:00,9.020000457763672,9.039999961853027,8.979999542236328,8.985899925231934,95132,0.0,0.0
2023-11-29 15:30:00-05:00,8.984999656677246,9.010000228881836,8.979999542236328,9.010000228881836,103758,0.0,0.0
2023-11-30 09:30:00-05:00,9.039999961853027,9.050000190734863,9.010000228881836,9.030900001525879,111845,0.0,0.0
2023-11-30 10:30:00-05:00,9.039600372314453,9.09000015258789,9.020000457763672,9.089799880981445,135889,0.0,0.0
2023-11-30 11:30:00-05:00,9.079999923706055,9.120100021362305,9.050000190734863,9.069999694824219,94367,0.0,0.0
2023-11-30 12:30:00-05:00,9.0649995803833,9.079999923706055,9.039999961853027,9.053000450134277,54047,0.0,0.0
2023-11-30 13:30:00-05:00,9.050100326538086,9.0600004196167,9.020000457763672,9.020000457763672,45122,0.0,0.0
2023-11-30 14:30:00-05:00,9.024999618530273,9.069999694824219,9.020000457763672,9.050000190734863,90359,0.0,0.0
2023-11-30 15:30:00-05:00,9.050000190734863,9.055000305175781,9.020000457763672,9.039999961853027,83568,0.0,0.0
2023-12-01 09:30:00-05:00,9.050000190734863,9.069999694824219,9.020000457763672,9.043899536132812,162719,0.0,0.0
2023-12-01 10:30:00-05:00,9.050000190734863,9.069999694824219,9.020000457763672,9.050000190734863,198618,0.0,0.0
2023-12-01 11:30:00-05:00,9.020000457763672,9.069999694824219,9.020000457763672,9.055000305175781,266886,0.0,0.0
2023-12-01 12:30:00-05:00,9.028400421142578,9.0600004196167,9.020000457763672,9.020000457763672,201538,0.0,0.0
2023-12-01 13:30:00-05:00,9.055000305175781,9.059900283813477,9.010000228881836,9.020000457763672,210554,0.0,0.0
2023-12-01 14:30:00-05:00,9.015000343322754,9.029999732971191,9.010000228881836,9.020000457763672,216285,0.0,0.0
2023-12-01 15:30:00-05:00,9.010000228881836,9.020000457763672,9.0,9.005000114440918,74614,0.0,0.0
2023-12-04 09:30:00-05:00,9.0,9.050000190734863,8.9350004196167,8.949899673461914,564809,0.0,0.0
2023-12-04 10:30:00-05:00,8.949999809265137,8.989999771118164,8.944999694824219,8.984999656677246,183514,0.0,0.0
2023-12-04 11:30:00-05:00,8.984999656677246,8.984999656677246,8.960000038146973,8.970999717712402,111042,0.0,0.0
2023-12-04 12:30:00-05:00,8.970100402832031,8.989999771118164,8.9399995803833,8.9552001953125,152117,0.0,0.0
2023-12-04 13:30:00-05:00,8.949999809265137,8.979999542236328,8.949999809265137,8.967900276184082,92100,0.0,0.0
2023-12-04 14:30:00-05:00,8.970000267028809,8.979999542236328,8.9399995803833,8.960000038146973,161970,0.0,0.0
2023-12-04 15:30:00-05:00,8.954999923706055,8.95989990234375,8.911199569702148,8.9399995803833,160474,0.0,0.0
2023-12-05 09:30:00-05:00,8.90999984741211,8.930000305175781,8.880000114440918,8.895000457763672,289764,0.0,0.0
2023-12-05 10:30:00-05:00,8.89009952545166,8.898799896240234,8.859999656677246,8.875,157473,0.0,0.0
2023-12-05 11:30:00-05:00,8.879899978637695,8.885000228881836,8.859999656677246,8.859999656677246,146433,0.0,0.0
2023-12-05 12:30:00-05:00,8.859999656677246,8.869999885559082,8.850000381469727,8.854499816894531,235907,0.0,0.0
2023-12-05 13:30:00-05:00,8.854999542236328,8.869000434875488,8.850000381469727,8.854999542236328,109800,0.0,0.0
2023-12-05 14:30:00-05:00,8.850000381469727,8.85990047454834,8.800000190734863,8.805000305175781,249374,0.0,0.0
2023-12-05 15:30:00-05:00,8.800000190734863,8.84000015258789,8.800000190734863,8.829999923706055,164632,0.0,0.0
2023-12-06 09:30:00-05:00,8.84000015258789,8.899999618530273,8.819999694824219,8.831899642944336,325518,0.0,0.0
2023-12-06 10:30:00-05:00,8.889900207519531,8.889900207519531,8.819199562072754,8.845000267028809,362996,0.0,0.0
2023-12-06 11:30:00-05:00,8.829999923706055,8.859999656677246,8.819999694824219,8.845000267028809,181250,0.0,0.0
2023-12-06 12:30:00-05:00,8.84000015258789,8.850000381469727,8.789999961853027,8.789999961853027,390143,0.0,0.0
2023-12-06 13:30:00-05:00,8.810999870300293,8.819999694824219,8.779999732971191,8.805000305175781,415332,0.0,0.0
2023-12-06 14:30:00-05:00,8.805000305175781,8.8100004196167,8.729999542236328,8.755000114440918,431421,0.0,0.0
2023-12-06 15:30:00-05:00,8.755000114440918,8.755000114440918,8.710000038146973,8.744999885559082,186672,0.0,0.0
2023-12-07 09:30:00-05:00,8.75,8.799599647521973,8.65999984741211,8.670000076293945,628228,0.0,0.0
2023-12-07 10:30:00-05:00,8.6850004196167,8.720000267028809,8.505000114440918,8.592700004577637,1156753,0.0,0.0
2023-12-07 11:30:00-05:00,8.619999885559082,8.694999694824219,8.529999732971191,8.660099983215332,503587,0.0,0.0
2023-12-07 12:30:00-05:00,8.675000190734863,8.704999923706055,8.640000343322754,8.682299613952637,444288,0.0,0.0
2023-12-07 13:30:00-05:00,8.6850004196167,8.704999923706055,8.579999923706055,8.641799926757812,385177,0.0,0.0
2023-12-07 14:30:00-05:00,8.614999771118164,8.65999984741211,8.550000190734863,8.59000015258789,684198,0.0,0.0
2023-12-07 15:30:00-05:00,8.59000015258789,8.619999885559082,8.579999923706055,8.619999885559082,137324,0.0,0.0
2023-12-08 09:30:00-05:00,8.5600004196167,8.654999732971191,8.520000457763672,8.610600471496582,291950,0.0,0.0
2023-12-08 10:30:00-05:00,8.61359977722168,8.640000343322754,8.59000015258789,8.59000015258789,190156,0.0,0.0
2023-12-08 11:30:00-05:00,8.600000381469727,8.619999885559082,8.569999694824219,8.577500343322754,365166,0.0,0.0
2023-12-08 12:30:00-05:00,8.574999809265137,8.59000015258789,8.550000190734863,8.550000190734863,177459,0.0,0.0
2023-12-08 13:30:00-05:00,8.550000190734863,8.5600004196167,8.510000228881836,8.539999961853027,209885,0.0,0.0
2023-12-08 14:30:00-05:00,8.539999961853027,8.5600004196167,8.529999732971191,8.546799659729004,205162,0.0,0.0
2023-12-08 15:30:00-05:00,8.54419994354248,8.550000190734863,8.520000457763672,8.550000190734863,196252,0.0,0.0
2023-12-11 09:30:00-05:00,8.539999961853027,8.604999542236328,8.5,8.515000343322754,538877,0.0,0.0
2023-12-11 10:30:00-05:00,8.51609992980957,8.51609992980957,8.4399995803833,8.489999771118164,370334,0.0,0.0
2023-12-11 11:30:00-05:00,8.487700462341309,8.510000228881836,8.449999809265137,8.46500015258789,264446,0.0,0.0
2023-12-11 12:30:00-05:00,8.470000267028809,8.489999771118164,8.430000305175781,8.440199851989746,182672,0.0,0.0
2023-12-11 13:30:00-05:00,8.442000389099121,8.449899673461914,8.40999984741211,8.421199798583984,179034,0.0,0.0
2023-12-11 14:30:00-05:00,8.420000076293945,8.426300048828125,8.350000381469727,8.40999984741211,414023,0.0,0.0
2023-12-11 15:30:00-05:00,8.404999732971191,8.4399995803833,8.395000457763672,8.4399995803833,153616,0.0,0.0
2023-12-12 09:30:00-05:00,8.40999984741211,8.4399995803833,8.369999885559082,8.425000190734863,646746,0.0,0.0
2023-12-12 10:30:00-05:00,8.41100025177002,8.420000076293945,8.229999542236328,8.265000343322754,483900,0.0,0.0
2023-12-12 11:30:00-05:00,8.260000228881836,8.289999961853027,8.09000015258789,8.170000076293945,820259,0.0,0.0
2023-12-12 12:30:00-05:00,8.163599967956543,8.270000457763672,8.149999618530273,8.25,564025,0.0,0.0
2023-12-12 13:30:00-05:00,8.244999885559082,8.279999732971191,8.15999984741211,8.279999732971191,582047,0.0,0.0
2023-12-12 14:30:00-05:00,8.270099639892578,8.329999923706055,8.242899894714355,8.319999694824219,254655,0.0,0.0
2023-12-12 15:30:00-05:00,8.318900108337402,8.350000381469727,8.25,8.350000381469727,214421,0.0,0.0
2023-12-13 09:30:00-05:00,8.34000015258789,8.40999984741211,8.25,8.329999923706055,398005,0.0,0.0
2023-12-13 10:30:00-05:00,8.319999694824219,8.319999694824219,8.229999542236328,8.234999656677246,277886,0.0,0.0
2023-12-13 11:30:00-05:00,8.239999771118164,8.286700248718262,8.220000267028809,8.279999732971191,179217,0.0,0.0
2023-12-13 12:30:00-05:00,8.287199974060059,8.319999694824219,8.279999732971191,8.291000366210938,133989,0.0,0.0
2023-12-13 13:30:00-05:00,8.300000190734863,8.460000038146973,8.29990005493164,8.449700355529785,229145,0.0,0.0
2023-12-13 14:30:00-05:00,8.449700355529785,8.550000190734863,8.420000076293945,8.545000076293945,257948,0.0,0.0
2023-12-13 15:30:00-05:00,8.545000076293945,8.744999885559082,8.539999961853027,8.739999771118164,469187,0.0,0.0
2023-12-14 09:30:00-05:00,8.819999694824219,8.899999618530273,8.760000228881836,8.812800407409668,454635,0.0,0.0
2023-12-14 10:30:00-05:00,8.819999694824219,8.90999984741211,8.793399810791016,8.871100425720215,246803,0.0,0.0
2023-12-14 11:30:00-05:00,8.869999885559082,8.989999771118164,8.850600242614746,8.984999656677246,192204,0.0,0.0
2023-12-14 12:30:00-05:00,8.989999771118164,8.989999771118164,8.819999694824219,8.885000228881836,207999,0.0,0.0
2023-12-14 13:30:00-05:00,8.885000228881836,8.890000343322754,8.810099601745605,8.836099624633789,134436,0.0,0.0
2023-12-14 14:30:00-05:00,8.84000015258789,8.869999885559082,8.8100004196167,8.819999694824219,149354,0.0,0.0
2023-12-14 15:30:00-05:00,8.819999694824219,8.82859992980957,8.760000228881836,8.760000228881836,140542,0.0,0.0
2023-12-15 09:30:00-05:00,8.770000457763672,8.869999885559082,8.680000305175781,8.800000190734863,297595,0.0,0.0
2023-12-15 10:30:00-05:00,8.802499771118164,8.829999923706055,8.779999732971191,8.824999809265137,134992,0.0,0.0
2023-12-15 11:30:00-05:00,8.819999694824219,8.819999694824219,8.71500015258789,8.75100040435791,112338,0.0,0.0
2023-12-15 12:30:00-05:00,8.755000114440918,8.759900093078613,8.680000305175781,8.6850004196167,109761,0.0,0.0
2023-12-15 13:30:00-05:00,8.6850004196167,8.699999809265137,8.65999984741211,8.660099983215332,151108,0.0,0.0
2023-12-15 14:30:00-05:00,8.664999961853027,8.670000076293945,8.625,8.633099555969238,128605,0.0,0.0
2023-12-15 15:30:00-05:00,8.630000114440918,8.635000228881836,8.600000381469727,8.600000381469727,113001,0.0,0.0
2023-12-18 09:30:00-05:00,8.609999656677246,8.680000305175781,8.520000457763672,8.560500144958496,214876,0.0,0.0
2023-12-18 10:30:00-05:00,8.5600004196167,8.561800003051758,8.510000228881836,8.520000457763672,145618,0.0,0.0
2023-12-18 11:30:00-05:00,8.513799667358398,8.520000457763672,8.460000038146973,8.517600059509277,185929,0.0,0.0
2023-12-18 12:30:00-05:00,8.510000228881836,8.545000076293945,8.510000228881836,8.528499603271484,54819,0.0,0.0
2023-12-18 13:30:00-05:00,8.529000282287598,8.579999923706055,8.510000228881836,8.566499710083008,137432,0.0,0.0
2023-12-18 14:30:00-05:00,8.569999694824219,8.569999694824219,8.5,8.550000190734863,208662,0.0,0.0
2023-12-18 15:30:00-05:00,8.548800468444824,8.574999809265137,8.539999961853027,8.5649995803833,116232,0.0,0.0
2023-12-19 09:30:00-05:00,8.579999923706055,8.579999923706055,8.45009994506836,8.505000114440918,566991,0.0,0.0
2023-12-19 10:30:00-05:00,8.470000267028809,8.574999809265137,8.460000038146973,8.539999961853027,236142,0.0,0.0
2023-12-19 11:30:00-05:00,8.520400047302246,8.574999809265137,8.489999771118164,8.520000457763672,444187,0.0,0.0
2023-12-19 12:30:00-05:00,8.5,8.550000190734863,8.460000038146973,8.460000038146973,284558,0.0,0.0
2023-12-19 13:30:00-05:00,8.520600318908691,8.529999732971191,8.460000038146973,8.487600326538086,281037,0.0,0.0
2023-12-19 14:30:00-05:00,8.481399536132812,8.529999732971191,8.470999717712402,8.510000228881836,293063,0.0,0.0
2023-12-19 15:30:00-05:00,8.514599800109863,8.520000457763672,8.470100402832031,8.5,224840,0.0,0.0
2023-12-20 09:30:00-05:00,8.470000267028809,8.510000228881836,8.420000076293945,8.444600105285645,340531,0.0,0.0
2023-12-20 10:30:00-05:00,8.444100379943848,8.479999542236328,8.369999885559082,8.385000228881836,255579,0.0,0.0
2023-12-20 11:30:00-05:00,8.390000343322754,8.390000343322754,8.260000228881836,8.375,365115,0.0,0.0
2023-12-20 12:30:00-05:00,8.379899978637695,8.420000076293945,8.379899978637695,8.40999984741211,103449,0.0,0.0
2023-12-20 13:30:00-05:00,8.40999984741211,8.449999809265137,8.39009952545166,8.416999816894531,120476,0.0,0.0
2023-12-20 14:30:00-05:00,8.414999961853027,8.420000076293945,8.3100004196167,8.348899841308594,316368,0.0,0.0
2023-12-20 15:30:00-05:00,8.347999572753906,8.354999542236328,8.279999732971191,8.289899826049805,278057,0.0,0.0
2023-12-21 09:30:00-05:00,8.350000381469727,8.430000305175781,8.28030014038086,8.399999618530273,263828,0.0,0.0
2023-12-21 10:30:00-05:00,8.40999984741211,8.449999809265137,8.399999618530273,8.444999694824219,127541,0.0,0.0
2023-12-21 11:30:00-05:00,8.449999809265137,8.460000038146973,8.380000114440918,8.400099754333496,189656,0.0,0.0
2023-12-21 12:30:00-05:00,8.404999732971191,8.479999542236328,8.404999732971191,8.470000267028809,245860,0.0,0.0
2023-12-21 13:30:00-05:00,8.470199584960938,8.489999771118164,8.460000038146973,8.46500015258789,99588,0.0,0.0
2023-12-21 14:30:00-05:00,8.46500015258789,8.470000267028809,8.413399696350098,8.4399995803833,157630,0.0,0.0
2023-12-21 15:30:00-05:00,8.4399995803833,8.449999809265137,8.390000343322754,8.40999984741211,169765,0.0,0.0
2023-12-22 09:30:00-05:00,8.489999771118164,8.59000015258789,8.479999542236328,8.530099868774414,177689,0.0,0.0
2023-12-22 10:30:00-05:00,8.539299964904785,8.539999961853027,8.5,8.515000343322754,108447,0.0,0.0
2023-12-22 11:30:00-05:00,8.520000457763672,8.520999908447266,8.460000038146973,8.470000267028809,95872,0.0,0.0
2023-12-22 12:30:00-05:00,8.46500015258789,8.500100135803223,8.45989990234375,8.494999885559082,71820,0.0,0.0
2023-12-22 13:30:00-05:00,8.494999885559082,8.510000228881836,8.430000305175781,8.4350004196167,105896,0.0,0.0
2023-12-22 14:30:00-05:00,8.430000305175781,8.511699676513672,8.420000076293945,8.484999656677246,265739,0.0,0.0
2023-12-22 15:30:00-05:00,8.479999542236328,8.520000457763672,8.460000038146973,8.515000343322754,105486,0.0,0.0
2023-12-26 09:30:00-05:00,8.529999732971191,8.670000076293945,8.520000457763672,8.649999618530273,293594,0.0,0.0
2023-12-26 10:30:00-05:00,8.643500328063965,8.65999984741211,8.609999656677246,8.649900436401367,94683,0.0,0.0
2023-12-26 11:30:00-05:00,8.649999618530273,8.65999984741211,8.529999732971191,8.645000457763672,123029,0.0,0.0
2023-12-26 12:30:00-05:00,8.643099784851074,8.65999984741211,8.621000289916992,8.650099754333496,82773,0.0,0.0
2023-12-26 13:30:00-05:00,8.654999732971191,8.65999984741211,8.609999656677246,8.609999656677246,133927,0.0,0.0
2023-12-26 14:30:00-05:00,8.619999885559082,8.6899995803833,8.609999656677246,8.6850004196167,160062,0.0,0.0
2023-12-26 15:30:00-05:00,8.687399864196777,8.729700088500977,8.680000305175781,8.6899995803833,150809,0.0,0.0
2023-12-27 09:30:00-05:00,8.75,8.75,8.683899879455566,8.700200080871582,143602,0.0,0.0
2023-12-27 10:30:00-05:00,8.6899995803833,8.720000267028809,8.649999618530273,8.675000190734863,176657,0.0,0.0
2023-12-27 11:30:00-05:00,8.670499801635742,8.704999923706055,8.630000114440918,8.660400390625,232464,0.0,0.0
2023-12-27 12:30:00-05:00,8.65999984741211,8.75,8.645000457763672,8.740300178527832,177364,0.0,0.0
2023-12-27 13:30:00-05:00,8.742500305175781,8.75,8.619999885559082,8.630000114440918,158354,0.0,0.0
2023-12-27 14:30:00-05:00,8.638999938964844,8.656599998474121,8.620100021362305,8.625,146257,0.0,0.0
2023-12-27 15:30:00-05:00,8.625900268554688,8.628100395202637,8.59000015258789,8.625,117268,0.0,0.0
2023-12-28 09:30:00-05:00,8.5,8.619999885559082,8.5,8.59000015258789,281929,0.0,0.0
2023-12-28 10:30:00-05:00,8.595000267028809,8.600000381469727,8.539999961853027,8.54990005493164,145530,0.0,0.0
2023-12-28 11:30:00-05:00,8.548700332641602,8.548700332641602,8.420000076293945,8.460000038146973,306197,0.0,0.0
2023-12-28 12:30:00-05:00,8.460000038146973,8.550000190734863,8.449999809265137,8.499899864196777,267021,0.0,0.0
2023-12-28 13:30:00-05:00,8.5,8.529999732971191,8.460000038146973,8.524999618530273,102286,0.0,0.0
2023-12-28 14:30:00-05:00,8.520000457763672,8.520000457763672,8.460000038146973,8.470100402832031,159080,0.0,0.0
2023-12-28 15:30:00-05:00,8.475000381469727,8.510000228881836,8.420000076293945,8.484999656677246,314471,0.0,0.0
2023-12-29 09:30:00-05:00,8.420000076293945,8.569999694824219,8.40999984741211,8.529999732971191,600498,0.0,0.0
2023-12-29 10:30:00-05:00,8.460000038146973,8.5600004196167,8.399999618530273,8.446499824523926,448889,0.0,0.0
2023-12-29 11:30:00-05:00,8.484999656677246,8.484999656677246,8.369999885559082,8.395000457763672,598010,0.0,0.0
2023-12-29 12:30:00-05:00,8.390000343322754,8.420000076293945,8.362500190734863,8.385000228881836,375155,0.0,0.0
2023-12-29 13:30:00-05:00,8.375,8.399999618530273,8.34000015258789,8.384599685668945,591046,0.0,0.0
2023-12-29 14:30:00-05:00,8.380000114440918,8.399999618530273,8.350099563598633,8.371000289916992,531049,0.0,0.0
2023-12-29 15:30:00-05:00,8.373000144958496,8.479999542236328,8.360099792480469,8.479999542236328,242565,0.0,0.0
2024-01-02 09:30:00-05:00,8.460000038146973,8.569999694824219,8.4399995803833,8.5600004196167,320153,0.0,0.0
2024-01-02 10:30:00-05:00,8.55049991607666,8.630000114440918,8.520000457763672,8.59000015258789,143035,0.0,0.0
2024-01-02 11:30:00-05:00,8.59000015258789,8.670000076293945,8.569999694824219,8.670000076293945,127371,0.0,0.0
2024-01-02 12:30:00-05:00,8.66100025177002,8.729700088500977,8.660099983215332,8.719900131225586,115302,0.0,0.0
2024-01-02 13:30:00-05:00,8.71500015258789,8.71500015258789,8.609999656677246,8.645000457763672,74238,0.0,0.0
2024-01-02 14:30:00-05:00,8.645000457763672,8.680000305175781,8.609999656677246,8.624799728393555,135146,0.0,0.0
2024-01-02 15:30:00-05:00,8.625,8.640000343322754,8.590200424194336,8.640000343322754,91551,0.0,0.0
2024-01-03 09:30:00-05:00,8.609999656677246,8.729999542236328,8.579999923706055,8.699899673461914,190727,0.0,0.0
2024-01-03 10:30:00-05:00,8.691300392150879,8.691300392150879,8.619999885559082,8.675000190734863,107152,0.0,0.0
2024-01-03 11:30:00-05:00,8.677599906921387,8.760000228881836,8.662300109863281,8.711000442504883,63397,0.0,0.0
2024-01-03 12:30:00-05:00,8.719900131225586,8.720000267028809,8.699999809265137,8.701000213623047,43436,0.0,0.0
2024-01-03 13:30:00-05:00,8.699999809265137,8.739999771118164,8.680000305175781,8.730899810791016,68083,0.0,0.0
2024-01-03 14:30:00-05:00,8.731399536132812,8.75,8.649999618530273,8.675000190734863,62344,0.0,0.0
2024-01-03 15:30:00-05:00,8.670000076293945,8.6850004196167,8.649999618530273,8.6850004196167,55694,0.0,0.0
2024-01-04 09:30:00-05:00,8.670000076293945,8.75,8.670000076293945,8.720100402832031,234159,0.0,0.0
2024-01-04 10:30:00-05:00,8.724100112915039,8.800000190734863,8.713899612426758,8.78499984741211,320253,0.0,0.0
2024-01-04 11:30:00-05:00,8.765000343322754,8.800000190734863,8.739999771118164,8.779999732971191,154210,0.0,0.0
2024-01-04 12:30:00-05:00,8.760000228881836,8.789999961853027,8.729999542236328,8.779999732971191,134685,0.0,0.0
2024-01-04 13:30:00-05:00,8.75,8.789999961853027,8.74940013885498,8.774999618530273,183942,0.0,0.0
2024-01-04 14:30:00-05:00,8.774999618530273,8.779999732971191,8.729999542236328,8.739999771118164,266397,0.0,0.0
2024-01-04 15:30:00-05:00,8.748000144958496,8.748000144958496,8.710000038146973,8.729999542236328,86015,0.0,0.0
2024-01-05 09:30:00-05:00,8.729999542236328,8.850000381469727,8.729999542236328,8.830900192260742,137028,0.0,0.0
2024-01-05 10:30:00-05:00,8.831999778747559,8.859999656677246,8.800100326538086,8.812199592590332,141521,0.0,0.0
2024-01-05 11:30:00-05:00,8.8149995803833,8.820599555969238,8.724300384521484,8.779999732971191,173114,0.0,0.0
2024-01-05 12:30:00-05:00,8.770000457763672,8.800000190734863,8.760000228881836,8.795000076293945,117980,0.0,0.0
2024-01-05 13:30:00-05:00,8.7923002243042,8.8100004196167,8.770000457763672,8.805000305175781,47354,0.0,0.0
2024-01-05 14:30:00-05:00,8.800000190734863,8.8100004196167,8.760000228881836,8.779999732971191,101442,0.0,0.0
2024-01-05 15:30:00-05:00,8.779999732971191,8.84000015258789,8.770000457763672,8.829999923706055,41041,0.0,0.0
2024-01-08 09:30:00-05:00,8.819999694824219,8.880000114440918,8.819999694824219,8.869999885559082,158663,0.0,0.0
2024-01-08 10:30:00-05:00,8.869999885559082,8.890000343322754,8.850000381469727,8.869999885559082,79464,0.0,0.0
2024-01-08 11:30:00-05:00,8.875,8.914999961853027,8.866600036621094,8.895000457763672,89828,0.0,0.0
2024-01-08 12:30:00-05:00,8.895000457763672,8.899999618530273,8.869999885559082,8.875,57461,0.0,0.0
2024-01-08 13:30:00-05:00,8.869999885559082,8.90999984741211,8.869999885559082,8.899999618530273,75709,0.0,0.0
2024-01-08 14:30:00-05:00,8.907999992370605,8.920000076293945,8.880000114440918,8.895000457763672,112131,0.0,0.0
2024-01-08 15:30:00-05:00,8.89169979095459,8.90999984741211,8.885000228881836,8.899999618530273,44258,0.0,0.0
2024-01-09 09:30:00-05:00,8.890000343322754,8.90999984741211,8.850000381469727,8.895000457763672,89883,0.0,0.0
2024-01-09 10:30:00-05:00,8.890000343322754,8.90999984741211,8.829999923706055,8.854999542236328,183185,0.0,0.0
2024-01-09 11:30:00-05:00,8.854999542236328,8.875,8.850000381469727,8.86989974975586,75540,0.0,0.0
2024-01-09 12:30:00-05:00,8.879799842834473,8.890000343322754,8.869999885559082,8.869999885559082,69393,0.0,0.0
2024-01-09 13:30:00-05:00,8.869999885559082,8.90999984741211,8.859999656677246,8.889900207519531,107921,0.0,0.0
2024-01-09 14:30:00-05:00,8.885000228881836,8.90999984741211,8.869999885559082,8.880000114440918,92549,0.0,0.0
2024-01-09 15:30:00-05:00,8.885000228881836,8.920000076293945,8.880000114440918,8.920000076293945,35937,0.0,0.0
2024-01-10 09:30:00-05:00,8.920000076293945,8.979999542236328,8.90999984741211,8.979999542236328,228660,0.0,0.0
2024-01-10 10:30:00-05:00,8.976400375366211,8.989999771118164,8.9399995803833,8.9399995803833,108225,0.0,0.0
2024-01-10 11:30:00-05:00,8.9483003616333,8.949999809265137,8.9399995803833,8.948100090026855,29595,0.0,0.0
2024-01-10 12:30:00-05:00,8.944999694824219,8.960000038146973,8.920000076293945,8.948399543762207,65457,0.0,0.0
2024-01-10 13:30:00-05:00,8.945300102233887,8.97700023651123,8.9399995803833,8.96500015258789,56639,0.0,0.0
2024-01-10 14:30:00-05:00,8.96500015258789,9.0,8.949999809265137,8.968099594116211,102164,0.0,0.0
2024-01-10 15:30:00-05:00,8.96500015258789,8.966500282287598,8.9399995803833,8.954999923706055,44531,0.0,0.0
2024-01-11 09:30:00-05:00,8.989999771118164,9.0,8.859999656677246,8.899999618530273,332869,0.0,0.0
2024-01-11 10:30:00-05:00,8.899700164794922,8.90999984741211,8.739999771118164,8.8149995803833,189819,0.0,0.0
2024-01-11 11:30:00-05:00,8.8149995803833,8.84000015258789,8.779999732971191,8.84000015258789,101939,0.0,0.0
2024-01-11 12:30:00-05:00,8.835000038146973,8.850000381469727,8.800000190734863,8.845000267028809,76038,0.0,0.0
2024-01-11 13:30:00-05:00,8.841500282287598,8.869999885559082,8.819999694824219,8.85099983215332,96056,0.0,0.0
2024-01-11 14:30:00-05:00,8.859999656677246,8.875,8.84000015258789,8.84000015258789,156004,0.0,0.0
2024-01-11 15:30:00-05:00,8.84000015258789,8.850000381469727,8.819999694824219,8.850000381469727,68731,0.0,0.0
2024-01-12 09:30:00-05:00,8.819999694824219,8.930000305175781,8.819999694824219,8.869999885559082,150272,0.0,0.0
2024-01-12 10:30:00-05:00,8.878600120544434,8.895000457763672,8.8100004196167,8.817500114440918,113337,0.0,0.0
2024-01-12 11:30:00-05:00,8.824999809265137,8.829999923706055,8.779999732971191,8.8100004196167,73154,0.0,0.0
2024-01-12 12:30:00-05:00,8.8100004196167,8.859999656677246,8.800000190734863,8.829999923706055,47371,0.0,0.0
2024-01-12 13:30:00-05:00,8.835000038146973,8.835000038146973,8.800000190734863,8.824999809265137,55360,0.0,0.0
2024-01-12 14:30:00-05:00,8.823100090026855,8.850000381469727,8.8100004196167,8.837699890136719,80314,0.0,0.0
2024-01-12 15:30:00-05:00,8.835000038146973,8.850000381469727,8.835000038146973,8.845000267028809,41757,0.0,0.0
2024-01-16 09:30:00-05:00,8.800000190734863,8.84000015258789,8.770000457763672,8.819999694824219,112473,0.0,0.0
2024-01-16 10:30:00-05:00,8.8233003616333,8.84000015258789,8.804400444030762,8.824999809265137,47557,0.0,0.0
2024-01-16 11:30:00-05:00,8.829999923706055,8.84000015258789,8.800000190734863,8.8125,95557,0.0,0.0
2024-01-16 12:30:00-05:00,8.810199737548828,8.810199737548828,8.770000457763672,8.795000076293945,110519,0.0,0.0
2024-01-16 13:30:00-05:00,8.800000190734863,8.8100004196167,8.770000457763672,8.770999908447266,35872,0.0,0.0
2024-01-16 14:30:00-05:00,8.779999732971191,8.800000190734863,8.755000114440918,8.770000457763672,89813,0.0,0.0
2024-01-16 15:30:00-05:00,8.770000457763672,8.789999961853027,8.752900123596191,8.789999961853027,52151,0.0,0.0
2024-01-17 09:30:00-05:00,8.710000038146973,8.75,8.680000305175781,8.726799964904785,234118,0.0,0.0
2024-01-17 10:30:00-05:00,8.739999771118164,8.755800247192383,8.699999809265137,8.699999809265137,89264,0.0,0.0
2024-01-17 11:30:00-05:00,8.699999809265137,8.699999809265137,8.630000114440918,8.633099555969238,138224,0.0,0.0
2024-01-17 12:30:00-05:00,8.630000114440918,8.640000343322754,8.569999694824219,8.579999923706055,78763,0.0,0.0
2024-01-17 13:30:00-05:00,8.587900161743164,8.614999771118164,8.569999694824219,8.609999656677246,97935,0.0,0.0
2024-01-17 14:30:00-05:00,8.610199928283691,8.694999694824219,8.600000381469727,8.630000114440918,208348,0.0,0.0
2024-01-17 15:30:00-05:00,8.635000228881836,8.649999618530273,8.620499610900879,8.640000343322754,63755,0.0,0.0
2024-01-18 09:30:00-05:00,8.649999618530273,8.677300453186035,8.569999694824219,8.57289981842041,116001,0.0,0.0
2024-01-18 10:30:00-05:00,8.574999809265137,8.585000038146973,8.550000190734863,8.5600004196167,62247,0.0,0.0
2024-01-18 11:30:00-05:00,8.5600004196167,8.579999923706055,8.539999961853027,8.54259967803955,100766,0.0,0.0
2024-01-18 12:30:00-05:00,8.539999961853027,8.550000190734863,8.539999961853027,8.550000190734863,51606,0.0,0.0
2024-01-18 13:30:00-05:00,8.54170036315918,8.585000038146973,8.54010009765625,8.579999923706055,50466,0.0,0.0
2024-01-18 14:30:00-05:00,8.579999923706055,8.59000015258789,8.550100326538086,8.585000038146973,94922,0.0,0.0
2024-01-18 15:30:00-05:00,8.585000038146973,8.609999656677246,8.580100059509277,8.601699829101562,40329,0.0,0.0
2024-01-19 09:30:00-05:00,8.59000015258789,8.65999984741211,8.470000267028809,8.538999557495117,283487,0.0,0.0
2024-01-19 10:30:00-05:00,8.53499984741211,8.550000190734863,8.5,8.53499984741211,141450,0.0,0.0
2024-01-19 11:30:00-05:00,8.538700103759766,8.539999961853027,8.510000228881836,8.515000343322754,57865,0.0,0.0
2024-01-19 12:30:00-05:00,8.51710033416748,8.539999961853027,8.515000343322754,8.535900115966797,31472,0.0,0.0
2024-01-19 13:30:00-05:00,8.539999961853027,8.609999656677246,8.539999961853027,8.609999656677246,123496,0.0,0.0
2024-01-19 14:30:00-05:00,8.604999542236328,8.619999885559082,8.529999732971191,8.539999961853027,196841,0.0,0.0
2024-01-19 15:30:00-05:00,8.534000396728516,8.574999809265137,8.529999732971191,8.529999732971191,104605,0.0,0.0
2024-01-22 09:30:00-05:00,8.569999694824219,8.630000114440918,8.569999694824219,8.585000038146973,125238,0.0,0.0
2024-01-22 10:30:00-05:00,8.584500312805176,8.600000381469727,8.529999732971191,8.550000190734863,113974,0.0,0.0
2024-01-22 11:30:00-05:00,8.557999610900879,8.609999656677246,8.554100036621094,8.595000267028809,144741,0.0,0.0
2024-01-22 12:30:00-05:00,8.595000267028809,8.600000381469727,8.524200439453125,8.524200439453125,115732,0.0,0.0
2024-01-22 13:30:00-05:00,8.524999618530273,8.589900016784668,8.510000228881836,8.5600004196167,98102,0.0,0.0
2024-01-22 14:30:00-05:00,8.5649995803833,8.579999923706055,8.554499626159668,8.569999694824219,120746,0.0,0.0
2024-01-22 15:30:00-05:00,8.569899559020996,8.579999923706055,8.555000305175781,8.5649995803833,76228,0.0,0.0
2024-01-23 09:30:00-05:00,8.539999961853027,8.600000381469727,8.539999961853027,8.579999923706055,138370,0.0,0.0
2024-01-23 10:30:00-05:00,8.586799621582031,8.600000381469727,8.569999694824219,8.574999809265137,101270,0.0,0.0
2024-01-23 11:30:00-05:00,8.569999694824219,8.579999923706055,8.53499984741211,8.554499626159668,73140,0.0,0.0
2024-01-23 12:30:00-05:00,8.550000190734863,8.579999923706055,8.550000190734863,8.560999870300293,109446,0.0,0.0
2024-01-23 13:30:00-05:00,8.5649995803833,8.589900016784668,8.555000305175781,8.569999694824219,85909,0.0,0.0
2024-01-23 14:30:00-05:00,8.560999870300293,8.59000015258789,8.5600004196167,8.585000038146973,64121,0.0,0.0
2024-01-23 15:30:00-05:00,8.585000038146973,8.589799880981445,8.569999694824219,8.579999923706055,37631,0.0,0.0
2024-01-24 09:30:00-05:00,8.609999656677246,8.630000114440918,8.579999923706055,8.579999923706055,138880,0.0,0.0
2024-01-24 10:30:00-05:00,8.574999809265137,8.600000381469727,8.539999961853027,8.58899974822998,237791,0.0,0.0
2024-01-24 11:30:00-05:00,8.579999923706055,8.59000015258789,8.544500350952148,8.5600004196167,202062,0.0,0.0
2024-01-24 12:30:00-05:00,8.5600004196167,8.579999923706055,8.550000190734863,8.569999694824219,79184,0.0,0.0
2024-01-24 13:30:00-05:00,8.569999694824219,8.604999542236328,8.5600004196167,8.600000381469727,120291,0.0,0.0
2024-01-24 14:30:00-05:00,8.600700378417969,8.619999885559082,8.59000015258789,8.595000267028809,198449,0.0,0.0
2024-01-24 15:30:00-05:00,8.595000267028809,8.609999656677246,8.550000190734863,8.550000190734863,180222,0.0,0.0
2024-01-25 09:30:00-05:00,8.59000015258789,8.670000076293945,8.59000015258789,8.649999618530273,172982,0.0,0.0
2024-01-25 10:30:00-05:00,8.645000457763672,8.64799976348877,8.603400230407715,8.620699882507324,131384,0.0,0.0
2024-01-25 11:30:00-05:00,8.623000144958496,8.630000114440918,8.600000381469727,8.614999771118164,51306,0.0,0.0
2024-01-25 12:30:00-05:00,8.614999771118164,8.640000343322754,8.600099563598633,8.629300117492676,72657,0.0,0.0
2024-01-25 13:30:00-05:00,8.629899978637695,8.680000305175781,8.621000289916992,8.678999900817871,91094,0.0,0.0
2024-01-25 14:30:00-05:00,8.679900169372559,8.727999687194824,8.670000076293945,8.704999923706055,93165,0.0,0.0
2024-01-25 15:30:00-05:00,8.704999923706055,8.729999542236328,8.699999809265137,8.729999542236328,52678,0.0,0.0
2024-01-26 09:30:00-05:00,8.739999771118164,8.779999732971191,8.729900360107422,8.744999885559082,181634,0.0,0.0
2024-01-26 10:30:00-05:00,8.75,8.79990005493164,8.744999885559082,8.788000106811523,62847,0.0,0.0
2024-01-26 11:30:00-05:00,8.788299560546875,8.845000267028809,8.780099868774414,8.84000015258789,185058,0.0,0.0
2024-01-26 12:30:00-05:00,8.849900245666504,8.849900245666504,8.800000190734863,8.805000305175781,103652,0.0,0.0
2024-01-26 13:30:00-05:00,8.808799743652344,8.835000038146973,8.808699607849121,8.821999549865723,79205,0.0,0.0
2024-01-26 14:30:00-05:00,8.819999694824219,8.854999542236328,8.8100004196167,8.829999923706055,129155,0.0,0.0
2024-01-26 15:30:00-05:00,8.821700096130371,8.869999885559082,8.819999694824219,8.84000015258789,132233,0.0,0.0
2024-01-29 09:30:00-05:00,8.84000015258789,8.880000114440918,8.829999923706055,8.850000381469727,142548,0.0,0.0
2024-01-29 10:30:00-05:00,8.851300239562988,8.895000457763672,8.841400146484375,8.890000343322754,85578,0.0,0.0
2024-01-29 11:30:00-05:00,8.890000343322754,8.9399995803833,8.885000228881836,8.930100440979004,93926,0.0,0.0
2024-01-29 12:30:00-05:00,8.930100440979004,8.9350004196167,8.90999984741211,8.90999984741211,42745,0.0,0.0
2024-01-29 13:30:00-05:00,8.90999984741211,8.919899940490723,8.850000381469727,8.864999771118164,92807,0.0,0.0
2024-01-29 14:30:00-05:00,8.864999771118164,8.999899864196777,8.850000381469727,8.994999885559082,257392,0.0,0.0
2024-01-29 15:30:00-05:00,8.994999885559082,9.0600004196167,8.9931001663208,9.050000190734863,240744,0.0,0.0
2024-01-30 09:30:00-05:00,8.979999542236328,9.015000343322754,8.920000076293945,8.9399995803833,193779,0.0,0.0
2024-01-30 10:30:00-05:00,8.989999771118164,8.989999771118164,8.899999618530273,8.979599952697754,206826,0.0,0.0
2024-01-30 11:30:00-05:00,8.96500015258789,9.029999732971191,8.960000038146973,9.020000457763672,123337,0.0,0.0
2024-01-30 12:30:00-05:00,8.994999885559082,9.050000190734863,8.990099906921387,9.022899627685547,212208,0.0,0.0
2024-01-30 13:30:00-05:00,9.029000282287598,9.029999732971191,8.992600440979004,9.024999618530273,154891,0.0,0.0
2024-01-30 14:30:00-05:00,9.010000228881836,9.029999732971191,8.930000305175781,8.944999694824219,256337,0.0,0.0
2024-01-30 15:30:00-05:00,8.940999984741211,8.949000358581543,8.899999618530273,8.90999984741211,67354,0.0,0.0
2024-01-31 09:30:00-05:00,8.920000076293945,8.95989990234375,8.880000114440918,8.949999809265137,249850,0.0,0.0
2024-01-31 10:30:00-05:00,8.890000343322754,8.979999542236328,8.890000343322754,8.939200401306152,248115,0.0,0.0
2024-01-31 11:30:00-05:00,8.971500396728516,8.979999542236328,8.920000076293945,8.9399995803833,89092,0.0,0.0
2024-01-31 12:30:00-05:00,8.939800262451172,8.949899673461914,8.930000305175781,8.944999694824219,73092,0.0,0.0
2024-01-31 13:30:00-05:00,8.944999694824219,8.960000038146973,8.911999702453613,8.920000076293945,162710,0.0,0.0
2024-01-31 14:30:00-05:00,8.920000076293945,8.970000267028809,8.869999885559082,8.90999984741211,214315,0.0,0.0
2024-01-31 15:30:00-05:00,8.914999961853027,8.914999961853027,8.890000343322754,8.90999984741211,55806,0.0,0.0
2024-02-01 09:30:00-05:00,8.960000038146973,9.020000457763672,8.928000450134277,9.020000457763672,126767,0.0,0.0
2024-02-01 10:30:00-05:00,9.013899803161621,9.037400245666504,9.0,9.031000137329102,77160,0.0,0.0
2024-02-01 11:30:00-05:00,9.03499984741211,9.085000038146973,9.029999732971191,9.049599647521973,91718,0.0,0.0
2024-02-01 12:30:00-05:00,9.041000366210938,9.050000190734863,9.029999732971191,9.041000366210938,47259,0.0,0.0
2024-02-01 13:30:00-05:00,9.04010009765625,9.0600004196167,9.039999961853027,9.0600004196167,30551,0.0,0.0
2024-02-01 14:30:00-05:00,9.052300453186035,9.0600004196167,9.029999732971191,9.045000076293945,75050,0.0,0.0
2024-02-01 15:30:00-05:00,9.045000076293945,9.069999694824219,9.03380012512207,9.069999694824219,55617,0.0,0.0
2024-02-02 09:30:00-05:00,9.029999732971191,9.04699993133545,8.920000076293945,8.981599807739258,139078,0.0,0.0
2024-02-02 10:30:00-05:00,8.989999771118164,9.039999961853027,8.986599922180176,9.020000457763672,74382,0.0,0.0
2024-02-02 11:30:00-05:00,9.026000022888184,9.029899597167969,8.979999542236328,8.990099906921387,52971,0.0,0.0
2024-02-02 12:30:00-05:00,8.994999885559082,8.994999885559082,8.954999923706055,8.989999771118164,85265,0.0,0.0
2024-02-02 13:30:00-05:00,8.989800453186035,8.989800453186035,8.960000038146973,8.980199813842773,96626,0.0,0.0
2024-02-02 14:30:00-05:00,8.984999656677246,9.0,8.96500015258789,8.989999771118164,141659,0.0,0.0
2024-02-02 15:30:00-05:00,8.989999771118164,8.989999771118164,8.920000076293945,8.920000076293945,125545,0.0,0.0
2024-02-05 09:30:00-05:00,8.930000305175781,8.930000305175781,8.829999923706055,8.845000267028809,122501,0.0,0.0
2024-02-05 10:30:00-05:00,8.850000381469727,8.859999656677246,8.829999923706055,8.835000038146973,101372,0.0,0.0
2024-02-05 11:30:00-05:00,8.835000038146973,8.869999885559082,8.829999923706055,8.859999656677246,43240,0.0,0.0
2024-02-05 12:30:00-05:00,8.855299949645996,8.859999656677246,8.824999809265137,8.829899787902832,56979,0.0,0.0
2024-02-05 13:30:00-05:00,8.824999809265137,8.829999923706055,8.75,8.759900093078613,88846,0.0,0.0
2024-02-05 14:30:00-05:00,8.760000228881836,8.765000343322754,8.739999771118164,8.739999771118164,89361,0.0,0.0
2024-02-05 15:30:00-05:00,8.734999656677246,8.739999771118164,8.710000038146973,8.710000038146973,73698,0.0,0.0
2024-02-06 09:30:00-05:00,8.6899995803833,8.729999542236328,8.640000343322754,8.711600303649902,264259,0.0,0.0
2024-02-06 10:30:00-05:00,8.675000190734863,8.729999542236328,8.657999992370605,8.729900360107422,104070,0.0,0.0
2024-02-06 11:30:00-05:00,8.704999923706055,8.75,8.699999809265137,8.739999771118164,109397,0.0,0.0
2024-02-06 12:30:00-05:00,8.71500015258789,8.789999961853027,8.71500015258789,8.760000228881836,198555,0.0,0.0
2024-02-06 13:30:00-05:00,8.779999732971191,8.787099838256836,8.730199813842773,8.734399795532227,118301,0.0,0.0
2024-02-06 14:30:00-05:00,8.748900413513184,8.760000228881836,8.73009967803955,8.760000228881836,85997,0.0,0.0
2024-02-06 15:30:00-05:00,8.760000228881836,8.760000228881836,8.75,8.755000114440918,27930,0.0,0.0
2024-02-07 09:30:00-05:00,8.779999732971191,8.789999961853027,8.720000267028809,8.760000228881836,116424,0.0,0.0
2024-02-07 10:30:00-05:00,8.770000457763672,8.770000457763672,8.75,8.765000343322754,45769,0.0,0.0
2024-02-07 11:30:00-05:00,8.765000343322754,8.779999732971191,8.75,8.759900093078613,60705,0.0,0.0
2024-02-07 12:30:00-05:00,8.755000114440918,8.779999732971191,8.748800277709961,8.75,68204,0.0,0.0
2024-02-07 13:30:00-05:00,8.760000228881836,8.760000228881836,8.739999771118164,8.750100135803223,80118,0.0,0.0
2024-02-07 14:30:00-05:00,8.755000114440918,8.760000228881836,8.729999542236328,8.729999542236328,75888,0.0,0.0
2024-02-07 15:30:00-05:00,8.734999656677246,8.739999771118164,8.720000267028809,8.720000267028809,58833,0.0,0.0
2024-02-08 09:30:00-05:00,8.739999771118164,8.760000228881836,8.680000305175781,8.712400436401367,180257,0.0,0.0
2024-02-08 10:30:00-05:00,8.71500015258789,8.719900131225586,8.654999732971191,8.659899711608887,94666,0.0,0.0
2024-02-08 11:30:00-05:00,8.654999732971191,8.670000076293945,8.649999618530273,8.65999984741211,78616,0.0,0.0
2024-02-08 12:30:00-05:00,8.65999984741211,8.65999984741211,8.635000228881836,8.642399787902832,60308,0.0,0.0
2024-02-08 13:30:00-05:00,8.645000457763672,8.664999961853027,8.630000114440918,8.654999732971191,52307,0.0,0.0
2024-02-08 14:30:00-05:00,8.65999984741211,8.65999984741211,8.640000343322754,8.649999618530273,79131,0.0,0.0
2024-02-08 15:30:00-05:00,8.649999618530273,8.680000305175781,8.649999618530273,8.675000190734863,37154,0.0,0.0
2024-02-09 09:30:00-05:00,8.65999984741211,8.697999954223633,8.654999732971191,8.664999961853027,75784,0.0,0.0
2024-02-09 10:30:00-05:00,8.664999961853027,8.679499626159668,8.619999885559082,8.645000457763672,88051,0.0,0.0
2024-02-09 11:30:00-05:00,8.645000457763672,8.65999984741211,8.610199928283691,8.625,110387,0.0,0.0
2024-02-09 12:30:00-05:00,8.625,8.630000114440918,8.600000381469727,8.630000114440918,135563,0.0,0.0
2024-02-09 13:30:00-05:00,8.630000114440918,8.630000114440918,8.601499557495117,8.614999771118164,131997,0.0,0.0
2024-02-09 14:30:00-05:00,8.614999771118164,8.640000343322754,8.604999542236328,8.640000343322754,182360,0.0,0.0
2024-02-09 15:30:00-05:00,8.640000343322754,8.649999618530273,8.619999885559082,8.649999618530273,89674,0.0,0.0
2024-02-12 09:30:00-05:00,8.649999618530273,8.739999771118164,8.649999618530273,8.725000381469727,259810,0.0,0.0
2024-02-12 10:30:00-05:00,8.721199989318848,8.729999542236328,8.680000305175781,8.706999778747559,69963,0.0,0.0
2024-02-12 11:30:00-05:00,8.704999923706055,8.730999946594238,8.704999923706055,8.720999717712402,61182,0.0,0.0
2024-02-12 12:30:00-05:00,8.725000381469727,8.729999542236328,8.720000267028809,8.720000267028809,22347,0.0,0.0
2024-02-12 13:30:00-05:00,8.720199584960938,8.720199584960938,8.6899995803833,8.709799766540527,70116,0.0,0.0
2024-02-12 14:30:00-05:00,8.710000038146973,8.710000038146973,8.6899995803833,8.70419979095459,54116,0.0,0.0
2024-02-12 15:30:00-05:00,8.704999923706055,8.720000267028809,8.70009994506836,8.720000267028809,37074,0.0,0.0
2024-02-13 09:30:00-05:00,8.670000076293945,8.719900131225586,8.630000114440918,8.670000076293945,379313,0.0,0.0
2024-02-13 10:30:00-05:00,8.670000076293945,8.680000305175781,8.65999984741211,8.680000305175781,90172,0.0,0.0
2024-02-13 11:30:00-05:00,8.680000305175781,8.6899995803833,8.670000076293945,8.680000305175781,108989,0.0,0.0
2024-02-13 12:30:00-05:00,8.67240047454834,8.680000305175781,8.660099983215332,8.664999961853027,61955,0.0,0.0
2024-02-13 13:30:00-05:00,8.667400360107422,8.668800354003906,8.644000053405762,8.649900436401367,42194,0.0,0.0
2024-02-13 14:30:00-05:00,8.640000343322754,8.65999984741211,8.609999656677246,8.61400032043457,165653,0.0,0.0
2024-02-13 15:30:00-05:00,8.614999771118164,8.659000396728516,8.609999656677246,8.635000228881836,91700,0.0,0.0
2024-02-14 09:30:00-05:00,8.65999984741211,8.684599876403809,8.619999885559082,8.664999961853027,62683,0.0,0.0
2024-02-14 10:30:00-05:00,8.668499946594238,8.6899995803833,8.649999618530273,8.6850004196167,76151,0.0,0.0
2024-02-14 11:30:00-05:00,8.683199882507324,8.6899995803833,8.630000114440918,8.645000457763672,68076,0.0,0.0
2024-02-14 12:30:00-05:00,8.645000457763672,8.65999984741211,8.640000343322754,8.65999984741211,39754,0.0,0.0
2024-02-14 13:30:00-05:00,8.659799575805664,8.65999984741211,8.630000114440918,8.645000457763672,71025,0.0,0.0
2024-02-14 14:30:00-05:00,8.649999618530273,8.65999984741211,8.619999885559082,8.654999732971191,101715,0.0,0.0
2024-02-14 15:30:00-05:00,8.654999732971191,8.65999984741211,8.645000457763672,8.654999732971191,35025,0.0,0.0
2024-02-15 09:30:00-05:00,8.699999809265137,8.75,8.699999809265137,8.734999656677246,167492,0.0,0.0
2024-02-15 10:30:00-05:00,8.729999542236328,8.734999656677246,8.681699752807617,8.699999809265137,62922,0.0,0.0
2024-02-15 11:30:00-05:00,8.696499824523926,8.710000038146973,8.680000305175781,8.70989990234375,54387,0.0,0.0
2024-02-15 12:30:00-05:00,8.704999923706055,8.729999542236328,8.699999809265137,8.724300384521484,33248,0.0,0.0
2024-02-15 13:30:00-05:00,8.725000381469727,8.729999542236328,8.699999809265137,8.699999809265137,73542,0.0,0.0
2024-02-15 14:30:00-05:00,8.696000099182129,8.715700149536133,8.6899995803833,8.715700149536133,28921,0.0,0.0
2024-02-15 15:30:00-05:00,8.719099998474121,8.720000267028809,8.699999809265137,8.71500015258789,61486,0.0,0.0
2024-02-16 09:30:00-05:00,8.65999984741211,8.698100090026855,8.65999984741211,8.670000076293945,67357,0.0,0.0
2024-02-16 10:30:00-05:00,8.675200462341309,8.720000267028809,8.645000457763672,8.720000267028809,91658,0.0,0.0
2024-02-16 11:30:00-05:00,8.710100173950195,8.729999542236328,8.710000038146973,8.72599983215332,51024,0.0,0.0
2024-02-16 12:30:00-05:00,8.725000381469727,8.739999771118164,8.720999717712402,8.729999542236328,41960,0.0,0.0
2024-02-16 13:30:00-05:00,8.731300354003906,8.739999771118164,8.729999542236328,8.733200073242188,22213,0.0,0.0
2024-02-16 14:30:00-05:00,8.734999656677246,8.789999961853027,8.71500015258789,8.78499984741211,117246,0.0,0.0
2024-02-16 15:30:00-05:00,8.786399841308594,8.788999557495117,8.753700256347656,8.770000457763672,67829,0.0,0.0
2024-02-20 09:30:00-05:00,8.75,8.805000305175781,8.741499900817871,8.79539966583252,136860,0.0,0.0
2024-02-20 10:30:00-05:00,8.797100067138672,8.800000190734863,8.77750015258789,8.781700134277344,58523,0.0,0.0
2024-02-20 11:30:00-05:00,8.78499984741211,8.797900199890137,8.770099639892578,8.789999961853027,86820,0.0,0.0
2024-02-20 12:30:00-05:00,8.782099723815918,8.829999923706055,8.774999618530273,8.8149995803833,84870,0.0,0.0
2024-02-20 13:30:00-05:00,8.817899703979492,8.819999694824219,8.800000190734863,8.805000305175781,42682,0.0,0.0
2024-02-20 14:30:00-05:00,8.805000305175781,8.805000305175781,8.78499984741211,8.800000190734863,33637,0.0,0.0
2024-02-20 15:30:00-05:00,8.800000190734863,8.800000190734863,8.770000457763672,8.774999618530273,30502,0.0,0.0
2024-02-21 09:30:00-05:00,8.800000190734863,8.90999984741211,8.800000190734863,8.909199714660645,97267,0.0,0.0
2024-02-21 10:30:00-05:00,8.899999618530273,8.930000305175781,8.890000343322754,8.920100212097168,67129,0.0,0.0
2024-02-21 11:30:00-05:00,8.925000190734863,8.930000305175781,8.90999984741211,8.925000190734863,30476,0.0,0.0
2024-02-21 12:30:00-05:00,8.925800323486328,8.9399995803833,8.920000076293945,8.925000190734863,60979,0.0,0.0
2024-02-21 13:30:00-05:00,8.930000305175781,8.930000305175781,8.885000228881836,8.890000343322754,53141,0.0,0.0
2024-02-21 14:30:00-05:00,8.889900207519531,8.899999618530273,8.880000114440918,8.895000457763672,48999,0.0,0.0
2024-02-21 15:30:00-05:00,8.895000457763672,8.920000076293945,8.88070011138916,8.914999961853027,46950,0.0,0.0
2024-02-22 09:30:00-05:00,8.890000343322754,8.90999984741211,8.850000381469727,8.850000381469727,189328,0.0,0.0
2024-02-22 10:30:00-05:00,8.881799697875977,8.881799697875977,8.789999961853027,8.8100004196167,245103,0.0,0.0
2024-02-22 11:30:00-05:00,8.830100059509277,8.84000015258789,8.789999961853027,8.827400207519531,220720,0.0,0.0
2024-02-22 12:30:00-05:00,8.824999809265137,8.84000015258789,8.819999694824219,8.835000038146973,140665,0.0,0.0
2024-02-22 13:30:00-05:00,8.829999923706055,8.875,8.829999923706055,8.850000381469727,137666,0.0,0.0
2024-02-22 14:30:00-05:00,8.875,8.875,8.819999694824219,8.831000328063965,415098,0.0,0.0
2024-02-22 15:30:00-05:00,8.83180046081543,8.84000015258789,8.819999694824219,8.829999923706055,69814,0.0,0.0
2024-02-23 09:30:00-05:00,8.829999923706055,8.920000076293945,8.829999923706055,8.892999649047852,139161,0.0,0.0
2024-02-23 10:30:00-05:00,8.895000457763672,8.895000457763672,8.870100021362305,8.881099700927734,75299,0.0,0.0
2024-02-23 11:30:00-05:00,8.88010025024414,8.888199806213379,8.819999694824219,8.850099563598633,87200,0.0,0.0
2024-02-23 12:30:00-05:00,8.859999656677246,8.859999656677246,8.850000381469727,8.859999656677246,32417,0.0,0.0
2024-02-23 13:30:00-05:00,8.858799934387207,8.869999885559082,8.850000381469727,8.861900329589844,55017,0.0,0.0
2024-02-23 14:30:00-05:00,8.864999771118164,8.890000343322754,8.859999656677246,8.885000228881836,37304,0.0,0.0
2024-02-23 15:30:00-05:00,8.880000114440918,8.880000114440918,8.859999656677246,8.859999656677246,38202,0.0,0.0
2024-02-26 09:30:00-05:00,8.869999885559082,8.895000457763672,8.850000381469727,8.859999656677246,124506,0.0,0.0
2024-02-26 10:30:00-05:00,8.85990047454834,8.869999885559082,8.829999923706055,8.829999923706055,172524,0.0,0.0
2024-02-26 11:30:00-05:00,8.832799911499023,8.850000381469727,8.829999923706055,8.845000267028809,46211,0.0,0.0
2024-02-26 12:30:00-05:00,8.847900390625,8.850000381469727,8.84000015258789,8.84000015258789,65382,0.0,0.0
2024-02-26 13:30:00-05:00,8.84000015258789,8.84000015258789,8.819999694824219,8.826499938964844,122239,0.0,0.0
2024-02-26 14:30:00-05:00,8.824999809265137,8.84000015258789,8.819999694824219,8.824999809265137,87049,0.0,0.0
2024-02-26 15:30:00-05:00,8.829999923706055,8.835000038146973,8.819999694824219,8.819999694824219,84746,0.0,0.0
2024-02-27 09:30:00-05:00,8.84000015258789,8.880000114440918,8.829999923706055,8.875,152898,0.0,0.0
2024-02-27 10:30:00-05:00,8.875,8.878999710083008,8.859999656677246,8.86139965057373,48431,0.0,0.0
2024-02-27 11:30:00-05:00,8.868000030517578,8.869999885559082,8.84000015258789,8.842900276184082,55074,0.0,0.0
2024-02-27 12:30:00-05:00,8.847599983215332,8.869999885559082,8.84000015258789,8.864999771118164,70375,0.0,0.0
2024-02-27 13:30:00-05:00,8.868200302124023,8.869999885559082,8.850000381469727,8.854999542236328,29486,0.0,0.0
2024-02-27 14:30:00-05:00,8.85990047454834,8.869999885559082,8.845000267028809,8.859800338745117,94860,0.0,0.0
2024-02-27 15:30:00-05:00,8.85990047454834,8.869999885559082,8.841099739074707,8.859999656677246,88260,0.0,0.0
2024-02-28 09:30:00-05:00,8.800000190734863,8.84000015258789,8.800000190734863,8.8149995803833,84911,0.0,0.0
2024-02-28 10:30:00-05:00,8.81980037689209,8.850000381469727,8.8100004196167,8.819499969482422,132929,0.0,0.0
2024-02-28 11:30:00-05:00,8.8149995803833,8.819999694824219,8.800000190734863,8.80780029296875,40004,0.0,0.0
2024-02-28 12:30:00-05:00,8.805000305175781,8.829999923706055,8.800000190734863,8.829899787902832,58266,0.0,0.0
2024-02-28 13:30:00-05:00,8.824999809265137,8.850000381469727,8.819999694824219,8.835000038146973,91642,0.0,0.0
2024-02-28 14:30:00-05:00,8.835000038146973,8.859999656677246,8.819999694824219,8.835000038146973,92073,0.0,0.0
2024-02-28 15:30:00-05:00,8.84000015258789,8.850000381469727,8.829999923706055,8.850000381469727,46663,0.0,0.0
2024-02-29 09:30:00-05:00,8.827699661254883,8.880000114440918,8.827699661254883,8.859999656677246,193550,0.0,0.0
2024-02-29 10:30:00-05:00,8.864999771118164,8.880000114440918,8.850000381469727,8.859700202941895,293187,0.0,0.0
2024-02-29 11:30:00-05:00,8.860099792480469,8.890000343322754,8.854999542236328,8.860300064086914,281182,0.0,0.0
2024-02-29 12:30:00-05:00,8.880000114440918,8.880000114440918,8.860300064086914,8.874300003051758,85022,0.0,0.0
2024-02-29 13:30:00-05:00,8.875,8.880000114440918,8.859999656677246,8.869999885559082,62305,0.0,0.0
2024-02-29 14:30:00-05:00,8.869999885559082,8.877799987792969,8.829999923706055,8.838500022888184,226319,0.0,0.0
2024-02-29 15:30:00-05:00,8.84000015258789,8.84000015258789,8.829999923706055,8.834500312805176,34727,0.0,0.0
2024-03-01 09:30:00-05:00,8.869999885559082,8.869999885559082,8.800000190734863,8.859800338745117,100197,0.0,0.0
2024-03-01 10:30:00-05:00,8.859999656677246,8.859999656677246,8.819999694824219,8.829099655151367,70055,0.0,0.0
2024-03-01 11:30:00-05:00,8.82960033416748,8.84000015258789,8.82960033416748,8.835000038146973,29863,0.0,0.0
2024-03-01 12:30:00-05:00,8.832099914550781,8.850000381469727,8.830100059509277,8.832300186157227,35471,0.0,0.0
2024-03-01 13:30:00-05:00,8.839900016784668,8.84000015258789,8.829999923706055,8.835000038146973,32083,0.0,0.0
2024-03-01 14:30:00-05:00,8.830100059509277,8.84000015258789,8.829999923706055,8.835000038146973,25259,0.0,0.0
2024-03-01 15:30:00-05:00,8.835000038146973,8.84000015258789,8.819999694824219,8.819999694824219,42921,0.0,0.0
2024-03-04 09:30:00-05:00,8.819999694824219,8.850700378417969,8.800000190734863,8.820199966430664,178708,0.0,0.0
2024-03-04 10:30:00-05:00,8.824999809265137,8.84000015258789,8.8100004196167,8.84000015258789,72181,0.0,0.0
2024-03-04 11:30:00-05:00,8.831000328063965,8.84000015258789,8.819999694824219,8.84000015258789,45597,0.0,0.0
2024-03-04 12:30:00-05:00,8.833700180053711,8.850000381469727,8.829999923706055,8.836400032043457,55272,0.0,0.0
2024-03-04 13:30:00-05:00,8.839799880981445,8.84000015258789,8.800000190734863,8.817999839782715,57831,0.0,0.0
2024-03-04 14:30:00-05:00,8.818099975585938,8.84000015258789,8.795000076293945,8.8100004196167,136251,0.0,0.0
2024-03-04 15:30:00-05:00,8.8100004196167,8.84000015258789,8.8100004196167,8.84000015258789,48061,0.0,0.0
2024-03-05 09:30:00-05:00,8.829999923706055,8.890000343322754,8.829999923706055,8.890000343322754,181764,0.0,0.0
2024-03-05 10:30:00-05:00,8.899999618530273,8.90999984741211,8.850000381469727,8.869999885559082,111258,0.0,0.0
2024-03-05 11:30:00-05:00,8.878499984741211,8.880000114440918,8.859999656677246,8.862000465393066,56584,0.0,0.0
2024-03-05 12:30:00-05:00,8.862000465393066,8.875,8.859999656677246,8.875,54411,0.0,0.0
2024-03-05 13:30:00-05:00,8.875,8.87969970703125,8.84000015258789,8.849499702453613,86404,0.0,0.0
2024-03-05 14:30:00-05:00,8.844200134277344,8.850000381469727,8.779999732971191,8.779999732971191,134639,0.0,0.0
2024-03-05 15:30:00-05:00,8.779999732971191,8.795000076293945,8.770000457763672,8.774999618530273,57879,0.0,0.0
2024-03-06 09:30:00-05:00,8.819999694824219,8.839900016784668,8.770000457763672,8.78499984741211,328981,0.0,0.0
2024-03-06 10:30:00-05:00,8.788000106811523,8.789999961853027,8.71500015258789,8.768799781799316,274027,0.0,0.0
2024-03-06 11:30:00-05:00,8.770000457763672,8.789999961853027,8.770000457763672,8.779999732971191,67366,0.0,0.0
2024-03-06 12:30:00-05:00,8.778900146484375,8.800000190734863,8.771499633789062,8.78499984741211,82877,0.0,0.0
2024-03-06 13:30:00-05:00,8.789899826049805,8.800000190734863,8.760000228881836,8.770000457763672,132795,0.0,0.0
2024-03-06 14:30:00-05:00,8.765000343322754,8.779999732971191,8.744999885559082,8.779999732971191,88176,0.0,0.0
2024-03-06 15:30:00-05:00,8.789999961853027,8.800000190734863,8.770000457763672,8.774999618530273,63014,0.0,0.0
2024-03-07 09:30:00-05:00,8.84000015258789,8.880000114440918,8.819999694824219,8.8681001663208,132726,0.0,0.0
2024-03-07 10:30:00-05:00,8.86989974975586,8.871000289916992,8.859999656677246,8.861200332641602,65878,0.0,0.0
2024-03-07 11:30:00-05:00,8.86299991607666,8.869999885559082,8.850000381469727,8.854999542236328,85391,0.0,0.0
2024-03-07 12:30:00-05:00,8.857399940490723,8.859999656677246,8.84000015258789,8.84000015258789,62729,0.0,0.0
2024-03-07 13:30:00-05:00,8.83590030670166,8.859999656677246,8.774999618530273,8.78499984741211,117635,0.0,0.0
2024-03-07 14:30:00-05:00,8.789999961853027,8.8100004196167,8.774999618530273,8.805000305175781,70763,0.0,0.0
2024-03-07 15:30:00-05:00,8.805000305175781,8.818400382995605,8.800000190734863,8.8100004196167,34559,0.0,0.0
2024-03-08 09:30:00-05:00,8.829999923706055,8.850000381469727,8.8100004196167,8.812000274658203,84774,0.0,0.0
2024-03-08 10:30:00-05:00,8.816499710083008,8.829999923706055,8.800000190734863,8.828200340270996,77787,0.0,0.0
2024-03-08 11:30:00-05:00,8.828300476074219,8.850000381469727,8.8149995803833,8.835000038146973,71094,0.0,0.0
2024-03-08 12:30:00-05:00,8.835000038146973,8.850000381469727,8.8100004196167,8.845000267028809,67652,0.0,0.0
2024-03-08 13:30:00-05:00,8.84179973602295,8.850099563598633,8.8100004196167,8.850000381469727,58733,0.0,0.0
2024-03-08 14:30:00-05:00,8.845000267028809,8.869999885559082,8.84000015258789,8.850000381469727,109247,0.0,0.0
2024-03-08 15:30:00-05:00,8.851499557495117,8.869999885559082,8.850000381469727,8.869999885559082,73779,0.0,0.0
2024-03-11 09:30:00-04:00,8.899999618530273,8.979999542236328,8.880000114440918,8.880000114440918,0,0.0,0.0
2024-03-11 10:30:00-04:00,8.885000228881836,8.889100074768066,8.869999885559082,8.880000114440918,362738,0.0,0.0
2024-03-11 11:30:00-04:00,8.890000343322754,8.899999618530273,8.88010025024414,8.891500473022461,79694,0.0,0.0
2024-03-11 12:30:00-04:00,8.895000457763672,8.899999618530273,8.880000114440918,8.885000228881836,40045,0.0,0.0
2024-03-11 13:30:00-04:00,8.88010025024414,9.0,8.880000114440918,8.990099906921387,278112,0.0,0.0
2024-03-11 14:30:00-04:00,8.990099906921387,9.079999923706055,8.989999771118164,9.039999961853027,418556,0.0,0.0
2024-03-11 15:30:00-04:00,9.03499984741211,9.100000381469727,9.03499984741211,9.085000038146973,291794,0.0,0.0
2024-03-12 09:30:00-04:00,9.079999923706055,9.079999923706055,9.010000228881836,9.04010009765625,253285,0.0,0.0
2024-03-12 10:30:00-04:00,9.050000190734863,9.055000305175781,8.978799819946289,8.989999771118164,259246,0.0,0.0
2024-03-12 11:30:00-04:00,8.994999885559082,8.999699592590332,8.930000305175781,8.932700157165527,140789,0.0,0.0
2024-03-12 12:30:00-04:00,8.975000381469727,8.977399826049805,8.920000076293945,8.948399543762207,149660,0.0,0.0
2024-03-12 13:30:00-04:00,8.925000190734863,8.949999809265137,8.920000076293945,8.940999984741211,88668,0.0,0.0
2024-03-12 14:30:00-04:00,8.949999809265137,8.960000038146973,8.930000305175781,8.960000038146973,161956,0.0,0.0
2024-03-12 15:30:00-04:00,8.960000038146973,8.970000267028809,8.9399995803833,8.960000038146973,65213,0.0,0.0
2024-03-13 09:30:00-04:00,8.989999771118164,9.020099639892578,8.961099624633789,8.979999542236328,214583,0.0,0.0
2024-03-13 10:30:00-04:00,9.012100219726562,9.012100219726562,8.960000038146973,8.991900444030762,123686,0.0,0.0
2024-03-13 11:30:00-04:00,8.970000267028809,9.007499694824219,8.970000267028809,8.988300323486328,161360,0.0,0.0
2024-03-13 12:30:00-04:00,9.0,9.0,8.949999809265137,8.960000038146973,124770,0.0,0.0
2024-03-13 13:30:00-04:00,8.960000038146973,8.970000267028809,8.9399995803833,8.949999809265137,117563,0.0,0.0
2024-03-13 14:30:00-04:00,8.949899673461914,8.960000038146973,8.920000076293945,8.925000190734863,121210,0.0,0.0
2024-03-13 15:30:00-04:00,8.925000190734863,8.9375,8.90999984741211,8.920000076293945,37726,0.0,0.0
2024-03-14 09:30:00-04:00,8.920000076293945,8.948200225830078,8.869999885559082,8.890000343322754,150800,0.0,0.0
2024-03-14 10:30:00-04:00,8.895000457763672,8.90999984741211,8.869999885559082,8.90999984741211,97099,0.0,0.0
2024-03-14 11:30:00-04:00,8.90999984741211,8.960000038146973,8.899999618530273,8.949899673461914,177562,0.0,0.0
2024-03-14 12:30:00-04:00,8.944999694824219,8.949799537658691,8.90999984741211,8.919899940490723,50875,0.0,0.0
2024-03-14 13:30:00-04:00,8.91759967803955,8.930000305175781,8.899999618530273,8.925000190734863,41016,0.0,0.0
2024-03-14 14:30:00-04:00,8.925000190734863,8.930000305175781,8.899999618530273,8.904999732971191,57057,0.0,0.0
2024-03-14 15:30:00-04:00,8.904999732971191,8.90999984741211,8.890000343322754,8.90999984741211,52965,0.0,0.0
2024-03-15 09:30:00-04:00,8.90999984741211,8.979999542236328,8.899999618530273,8.97819995880127,100142,0.0,0.0
2024-03-15 10:30:00-04:00,8.9350004196167,9.0,8.9350004196167,8.976900100708008,190460,0.0,0.0
2024-03-15 11:30:00-04:00,8.994999885559082,8.994999885559082,8.933699607849121,8.933699607849121,81732,0.0,0.0
2024-03-15 12:30:00-04:00,8.955599784851074,8.970000267028809,8.930000305175781,8.95009994506836,121751,0.0,0.0
2024-03-15 13:30:00-04:00,8.95829963684082,8.970000267028809,8.949999809265137,8.954999923706055,84066,0.0,0.0
2024-03-15 14:30:00-04:00,8.949999809265137,8.970000267028809,8.949999809265137,8.968999862670898,86049,0.0,0.0
2024-03-15 15:30:00-04:00,8.960000038146973,8.979999542236328,8.960000038146973,8.970000267028809,37688,0.0,0.0
2024-03-18 09:30:00-04:00,9.0,9.029999732971191,8.98009967803955,9.029999732971191,319400,0.0,0.0
2024-03-18 10:30:00-04:00,9.020999908447266,9.029999732971191,9.005000114440918,9.019000053405762,151310,0.0,0.0
2024-03-18 11:30:00-04:00,9.019200325012207,9.039999961853027,9.0,9.015000343322754,141244,0.0,0.0
2024-03-18 12:30:00-04:00,9.03499984741211,9.03499984741211,9.0,9.020000457763672,136261,0.0,0.0
2024-03-18 13:30:00-04:00,9.020000457763672,9.020000457763672,9.0,9.0,68794,0.0,0.0
2024-03-18 14:30:00-04:00,9.010000228881836,9.0177001953125,8.989999771118164,8.994999885559082,146635,0.0,0.0
2024-03-18 15:30:00-04:00,8.989999771118164,9.020000457763672,8.989999771118164,9.015000343322754,42554,0.0,0.0
2024-03-19 09:30:00-04:00,9.020000457763672,9.039999961853027,8.960000038146973,8.989999771118164,134239,0.0,0.0
2024-03-19 10:30:00-04:00,8.989999771118164,9.029999732971191,8.970000267028809,9.00790023803711,91901,0.0,0.0
2024-03-19 11:30:00-04:00,9.009900093078613,9.01990032196045,9.0,9.015000343322754,37072,0.0,0.0
2024-03-19 12:30:00-04:00,9.01449966430664,9.020000457763672,9.010000228881836,9.019200325012207,35428,0.0,0.0
2024-03-19 13:30:00-04:00,9.018500328063965,9.029999732971191,9.0,9.029899597167969,61429,0.0,0.0
2024-03-19 14:30:00-04:00,9.029999732971191,9.050000190734863,9.024900436401367,9.048999786376953,80976,0.0,0.0
2024-03-19 15:30:00-04:00,9.050000190734863,9.050000190734863,9.029999732971191,9.029999732971191,50501,0.0,0.0
2024-03-20 09:30:00-04:00,9.029999732971191,9.029999732971191,8.989999771118164,9.008600234985352,170615,0.0,0.0
2024-03-20 10:30:00-04:00,8.99899959564209,9.020000457763672,8.989999771118164,9.005000114440918,133333,0.0,0.0
2024-03-20 11:30:00-04:00,9.0177001953125,9.029999732971191,9.0,9.020099639892578,113570,0.0,0.0
2024-03-20 12:30:00-04:00,9.005000114440918,9.029999732971191,9.004300117492676,9.015000343322754,107699,0.0,0.0
2024-03-20 13:30:00-04:00,9.020999908447266,9.02810001373291,8.960000038146973,8.979999542236328,331556,0.0,0.0
2024-03-20 14:30:00-04:00,9.020000457763672,9.029999732971191,8.960000038146973,9.024999618530273,318020,0.0,0.0
2024-03-20 15:30:00-04:00,9.024999618530273,9.024999618530273,9.0,9.020000457763672,59861,0.0,0.0
2024-03-21 09:30:00-04:00,9.050000190734863,9.085000038146973,9.029999732971191,9.069999694824219,181319,0.0,0.0
2024-03-21 10:30:00-04:00,9.059800148010254,9.09000015258789,9.050000190734863,9.0600004196167,164756,0.0,0.0
2024-03-21 11:30:00-04:00,9.085000038146973,9.09000015258789,9.0600004196167,9.063300132751465,138168,0.0,0.0
2024-03-21 12:30:00-04:00,9.079999923706055,9.09000015258789,9.050000190734863,9.056300163269043,147344,0.0,0.0
2024-03-21 13:30:00-04:00,9.069100379943848,9.069999694824219,9.03499984741211,9.03499984741211,66174,0.0,0.0
2024-03-21 14:30:00-04:00,9.059900283813477,9.059900283813477,9.010000228881836,9.03499984741211,163638,0.0,0.0
2024-03-21 15:30:00-04:00,9.03499984741211,9.03499984741211,9.020000457763672,9.03499984741211,46419,0.0,0.0
2024-03-22 09:30:00-04:00,9.029999732971191,9.050000190734863,9.024999618530273,9.045000076293945,103883,0.0,0.0
2024-03-22 10:30:00-04:00,9.045000076293945,9.050000190734863,9.029999732971191,9.031299591064453,46823,0.0,0.0
2024-03-22 11:30:00-04:00,9.031499862670898,9.069999694824219,9.029999732971191,9.0600004196167,63415,0.0,0.0
2024-03-22 12:30:00-04:00,9.059900283813477,9.069999694824219,9.045000076293945,9.045000076293945,55296,0.0,0.0
2024-03-22 13:30:00-04:00,9.044699668884277,9.052599906921387,9.032299995422363,9.038299560546875,46271,0.0,0.0
2024-03-22 14:30:00-04:00,9.0378999710083,9.039999961853027,9.010000228881836,9.015000343322754,94285,0.0,0.0
2024-03-22 15:30:00-04:00,9.015000343322754,9.020000457763672,9.010000228881836,9.010000228881836,32907,0.0,0.0
2024-03-25 09:30:00-04:00,9.020000457763672,9.079999923706055,9.020000457763672,9.059900283813477,196290,0.0,0.0
2024-03-25 10:30:00-04:00,9.050000190734863,9.069999694824219,9.050000190734863,9.0649995803833,60179,0.0,0.0
2024-03-25 11:30:00-04:00,9.061400413513184,9.069999694824219,9.0600004196167,9.060099601745605,65086,0.0,0.0
2024-03-25 12:30:00-04:00,9.0649995803833,9.069999694824219,9.039999961853027,9.040300369262695,59087,0.0,0.0
2024-03-25 13:30:00-04:00,9.045000076293945,9.059900283813477,9.039999961853027,9.045000076293945,44515,0.0,0.0
2024-03-25 14:30:00-04:00,9.045000076293945,9.0600004196167,9.029999732971191,9.03499984741211,118287,0.0,0.0
2024-03-25 15:30:00-04:00,9.03499984741211,9.04990005493164,9.029999732971191,9.039999961853027,61658,0.0,0.0
2024-03-26 09:30:00-04:00,9.069999694824219,9.069999694824219,9.029999732971191,9.045000076293945,145814,0.0,0.0
2024-03-26 10:30:00-04:00,9.049799919128418,9.069999694824219,9.039999961853027,9.0649995803833,79047,0.0,0.0
2024-03-26 11:30:00-04:00,9.067299842834473,9.069899559020996,9.04010009765625,9.0600004196167,103881,0.0,0.0
2024-03-26 12:30:00-04:00,9.057299613952637,9.079899787902832,9.039999961853027,9.069999694824219,76637,0.0,0.0
2024-03-26 13:30:00-04:00,9.069999694824219,9.095000267028809,9.063899993896484,9.095000267028809,96201,0.0,0.0
2024-03-26 14:30:00-04:00,9.095000267028809,9.095000267028809,9.069999694824219,9.085000038146973,83669,0.0,0.0
2024-03-26 15:30:00-04:00,9.079999923706055,9.085000038146973,9.0600004196167,9.079999923706055,77141,0.0,0.0
2024-03-27 09:30:00-04:00,9.050000190734863,9.074999809265137,9.050000190734863,9.0600004196167,208393,0.0,0.0
2024-03-27 10:30:00-04:00,9.059900283813477,9.09000015258789,9.050100326538086,9.079999923706055,180167,0.0,0.0
2024-03-27 11:30:00-04:00,9.0600004196167,9.100000381469727,9.0600004196167,9.08180046081543,170049,0.0,0.0
2024-03-27 12:30:00-04:00,9.069999694824219,9.100000381469727,9.061599731445312,9.079999923706055,158266,0.0,0.0
2024-03-27 13:30:00-04:00,9.061599731445312,9.09000015258789,9.061599731445312,9.09000015258789,120067,0.0,0.0
2024-03-27 14:30:00-04:00,9.085000038146973,9.09000015258789,9.050100326538086,9.06149959564209,123757,0.0,0.0
2024-03-27 15:30:00-04:00,9.069999694824219,9.079999923706055,9.0600004196167,9.079999923706055,64586,0.0,0.0
2024-03-28 09:30:00-04:00,9.100000381469727,9.119999885559082,9.069999694824219,9.104999542236328,184749,0.0,0.0
2024-03-28 10:30:00-04:00,9.095000267028809,9.119999885559082,9.090100288391113,9.092100143432617,154872,0.0,0.0
2024-03-28 11:30:00-04:00,9.10990047454834,9.10990047454834,9.079999923706055,9.08810043334961,119311,0.0,0.0
2024-03-28 12:30:00-04:00,9.085000038146973,9.09000015258789,9.079999923706055,9.08240032196045,100911,0.0,0.0
2024-03-28 13:30:00-04:00,9.085000038146973,9.09000015258789,9.069999694824219,9.074999809265137,143227,0.0,0.0
2024-03-28 14:30:00-04:00,9.081600189208984,9.088399887084961,9.0600004196167,9.0649995803833,154480,0.0,0.0
2024-03-28 15:30:00-04:00,9.069999694824219,9.095000267028809,9.0649995803833,9.079999923706055,93724,0.0,0.0
2024-04-01 09:30:00-04:00,9.0600004196167,9.069999694824219,9.0,9.008199691772461,148130,0.0,0.0
2024-04-01 10:30:00-04:00,9.005000114440918,9.020000457763672,8.979999542236328,8.994999885559082,98437,0.0,0.0
2024-04-01 11:30:00-04:00,8.994999885559082,9.01099967956543,8.979999542236328,8.99020004272461,131835,0.0,0.0
2024-04-01 12:30:00-04:00,8.99209976196289,9.020000457763672,8.989999771118164,9.010499954223633,51511,0.0,0.0
2024-04-01 13:30:00-04:00,9.012900352478027,9.020000457763672,8.989999771118164,8.994999885559082,80739,0.0,0.0
2024-04-01 14:30:00-04:00,9.0,9.020000457763672,9.0,9.017499923706055,64191,0.0,0.0
2024-04-01 15:30:00-04:00,9.010000228881836,9.029999732971191,9.010000228881836,9.029999732971191,55556,0.0,0.0
2024-04-02 09:30:00-04:00,9.0,9.050000190734863,9.0,9.045000076293945,62316,0.0,0.0
2024-04-02 10:30:00-04:00,9.045000076293945,9.0600004196167,9.030099868774414,9.030099868774414,68962,0.0,0.0
2024-04-02 11:30:00-04:00,9.03499984741211,9.039999961853027,9.029999732971191,9.033499717712402,55532,0.0,0.0
2024-04-02 12:30:00-04:00,9.029999732971191,9.0600004196167,9.029999732971191,9.039999961853027,128348,0.0,0.0
2024-04-02 13:30:00-04:00,9.039999961853027,9.050000190734863,9.029999732971191,9.03499984741211,51885,0.0,0.0
2024-04-02 14:30:00-04:00,9.03499984741211,9.039999961853027,8.989999771118164,8.989999771118164,100834,0.0,0.0
2024-04-02 15:30:00-04:00,8.994999885559082,9.0,8.970000267028809,8.989999771118164,111022,0.0,0.0
2024-04-03 09:30:00-04:00,9.0,9.029999732971191,8.970000267028809,9.015000343322754,89574,0.0,0.0
2024-04-03 10:30:00-04:00,9.010000228881836,9.029999732971191,9.0,9.015000343322754,60289,0.0,0.0
2024-04-03 11:30:00-04:00,9.01200008392334,9.018899917602539,8.989999771118164,8.994999885559082,50786,0.0,0.0
2024-04-03 12:30:00-04:00,8.994999885559082,8.994999885559082,8.975000381469727,8.984999656677246,58688,0.0,0.0
2024-04-03 13:30:00-04:00,8.988499641418457,8.989999771118164,8.970000267028809,8.972700119018555,58205,0.0,0.0
2024-04-03 14:30:00-04:00,8.979999542236328,8.989999771118164,8.970000267028809,8.978300094604492,47983,0.0,0.0
2024-04-03 15:30:00-04:00,8.975000381469727,8.989999771118164,8.975000381469727,8.984999656677246,63663,0.0,0.0
2024-04-04 09:30:00-04:00,9.0,9.020000457763672,8.999899864196777,9.01990032196045,106806,0.0,0.0
2024-04-04 10:30:00-04:00,9.018199920654297,9.029999732971191,9.010000228881836,9.011300086975098,44428,0.0,0.0
2024-04-04 11:30:00-04:00,9.015000343322754,9.029999732971191,9.010000228881836,9.029999732971191,38702,0.0,0.0
2024-04-04 12:30:00-04:00,9.020099639892578,9.0600004196167,9.020099639892578,9.045000076293945,84448,0.0,0.0
2024-04-04 13:30:00-04:00,9.039999961853027,9.050000190734863,9.010000228881836,9.010499954223633,42451,0.0,0.0
2024-04-04 14:30:00-04:00,9.010000228881836,9.010000228881836,8.970000267028809,8.979999542236328,78499,0.0,0.0
2024-04-04 15:30:00-04:00,8.98330020904541,9.0,8.960000038146973,8.994999885559082,144641,0.0,0.0
2024-04-05 09:30:00-04:00,9.020000457763672,9.039999961853027,8.979999542236328,9.010000228881836,91076,0.0,0.0
2024-04-05 10:30:00-04:00,9.020000457763672,9.020000457763672,9.0,9.009900093078613,28919,0.0,0.0
2024-04-05 11:30:00-04:00,9.005000114440918,9.020000457763672,9.00160026550293,9.010000228881836,24168,0.0,0.0
2024-04-05 12:30:00-04:00,9.017800331115723,9.017800331115723,9.0,9.000499725341797,35207,0.0,0.0
2024-04-05 13:30:00-04:00,9.005999565124512,9.008399963378906,8.970000267028809,8.975000381469727,56034,0.0,0.0
2024-04-05 14:30:00-04:00,8.970000267028809,8.979999542236328,8.949999809265137,8.975000381469727,137724,0.0,0.0
2024-04-05 15:30:00-04:00,8.979999542236328,8.979999542236328,8.970000267028809,8.975000381469727,43960,0.0,0.0
2024-04-08 09:30:00-04:00,8.979999542236328,9.0,8.979999542236328,8.983599662780762,65034,0.0,0.0
2024-04-08 10:30:00-04:00,8.989999771118164,8.99839973449707,8.970000267028809,8.970999717712402,43139,0.0,0.0
2024-04-08 11:30:00-04:00,8.970100402832031,9.0,8.960000038146973,8.998000144958496,84481,0.0,0.0
2024-04-08 12:30:00-04:00,8.9975004196167,8.999899864196777,8.979999542236328,8.98900032043457,38705,0.0,0.0
2024-04-08 13:30:00-04:00,8.98009967803955,9.0,8.979999542236328,9.0,61255,0.0,0.0
2024-04-08 14:30:00-04:00,8.991999626159668,8.998000144958496,8.982399940490723,8.982600212097168,16336,0.0,0.0
2024-04-08 15:30:00-04:00,8.984999656677246,8.989999771118164,8.979999542236328,8.979999542236328,28910,0.0,0.0
2024-04-09 09:30:00-04:00,9.0,9.00979995727539,8.949999809265137,8.979999542236328,171905,0.0,0.0
2024-04-09 10:30:00-04:00,8.979999542236328,8.984999656677246,8.960000038146973,8.970100402832031,47493,0.0,0.0
2024-04-09 11:30:00-04:00,8.975000381469727,8.979999542236328,8.970000267028809,8.970000267028809,54371,0.0,0.0
2024-04-09 12:30:00-04:00,8.970000267028809,8.975000381469727,8.960000038146973,8.961700439453125,55032,0.0,0.0
2024-04-09 13:30:00-04:00,8.96500015258789,8.979999542236328,8.960000038146973,8.965100288391113,72559,0.0,0.0
2024-04-09 14:30:00-04:00,8.96500015258789,8.989899635314941,8.960000038146973,8.979999542236328,74072,0.0,0.0
2024-04-09 15:30:00-04:00,8.979999542236328,8.989999771118164,8.970000267028809,8.979999542236328,32067,0.0,0.0
2024-04-10 09:30:00-04:00,8.970000267028809,9.010000228881836,8.970000267028809,8.994999885559082,221030,0.0,0.0
2024-04-10 10:30:00-04:00,8.994999885559082,8.998499870300293,8.970000267028809,8.975000381469727,132809,0.0,0.0
2024-04-10 11:30:00-04:00,8.970000267028809,8.976300239562988,8.949999809265137,8.960100173950195,123484,0.0,0.0
2024-04-10 12:30:00-04:00,8.969900131225586,8.989999771118164,8.949999809265137,8.984999656677246,234907,0.0,0.0
2024-04-10 13:30:00-04:00,8.984999656677246,9.010000228881836,8.979999542236328,9.0,98239,0.0,0.0
2024-04-10 14:30:00-04:00,8.989999771118164,9.039999961853027,8.979999542236328,9.010000228881836,174377,0.0,0.0
2024-04-10 15:30:00-04:00,9.010299682617188,9.015000343322754,8.979999542236328,8.979999542236328,83413,0.0,0.0
2024-04-11 09:30:00-04:00,9.0,9.010000228881836,8.949999809265137,8.949999809265137,93675,0.0,0.0
2024-04-11 10:30:00-04:00,8.960000038146973,8.96500015258789,8.944999694824219,8.949999809265137,103258,0.0,0.0
2024-04-11 11:30:00-04:00,8.949999809265137,9.010000228881836,8.944999694824219,8.994999885559082,76562,0.0,0.0
2024-04-11 12:30:00-04:00,8.991999626159668,9.0,8.97249984741211,8.984999656677246,65837,0.0,0.0
2024-04-11 13:30:00-04:00,8.983699798583984,8.989999771118164,8.979999542236328,8.984999656677246,67379,0.0,0.0
2024-04-11 14:30:00-04:00,8.984999656677246,8.989899635314941,8.960000038146973,8.960000038146973,51803,0.0,0.0
2024-04-11 15:30:00-04:00,8.960000038146973,8.979999542236328,8.949999809265137,8.954999923706055,94244,0.0,0.0
2024-04-12 09:30:00-04:00,8.970000267028809,8.989899635314941,8.960000038146973,8.96500015258789,49704,0.0,0.0
2024-04-12 10:30:00-04:00,8.96500015258789,8.970000267028809,8.949999809265137,8.954999923706055,35728,0.0,0.0
2024-04-12 11:30:00-04:00,8.95740032196045,8.960000038146973,8.9399995803833,8.944999694824219,41878,0.0,0.0
2024-04-12 12:30:00-04:00,8.9399995803833,8.944999694824219,8.880000114440918,8.885000228881836,99907,0.0,0.0
2024-04-12 13:30:00-04:00,8.880999565124512,8.890000343322754,8.869999885559082,8.874699592590332,58656,0.0,0.0
2024-04-12 14:30:00-04:00,8.875,8.875,8.84000015258789,8.864999771118164,58147,0.0,0.0
2024-04-12 15:30:00-04:00,8.864999771118164,8.879799842834473,8.859999656677246,8.859999656677246,64538,0.0,0.0
2024-04-15 09:30:00-04:00,8.859999656677246,8.890000343322754,8.819999694824219,8.840100288391113,90548,0.0,0.0
2024-04-15 10:30:00-04:00,8.845000267028809,8.846599578857422,8.824999809265137,8.829899787902832,48563,0.0,0.0
2024-04-15 11:30:00-04:00,8.824999809265137,8.83899974822998,8.819999694824219,8.819999694824219,26214,0.0,0.0
2024-04-15 12:30:00-04:00,8.824999809265137,8.84000015258789,8.824999809265137,8.831000328063965,42376,0.0,0.0
2024-04-15 13:30:00-04:00,8.829999923706055,8.829999923706055,8.800000190734863,8.8100004196167,135180,0.0,0.0
2024-04-15 14:30:00-04:00,8.805000305175781,8.8100004196167,8.779999732971191,8.785599708557129,196191,0.0,0.0
2024-04-15 15:30:00-04:00,8.779999732971191,8.779999732971191,8.739999771118164,8.779999732971191,201765,0.0,0.0
2024-04-16 09:30:00-04:00,8.760000228881836,8.779999732971191,8.680000305175781,8.736000061035156,230891,0.0,0.0
2024-04-16 10:30:00-04:00,8.729999542236328,8.75,8.710000038146973,8.720000267028809,82029,0.0,0.0
2024-04-16 11:30:00-04:00,8.725000381469727,8.760000228881836,8.720199584960938,8.739999771118164,80647,0.0,0.0
2024-04-16 12:30:00-04:00,8.744999885559082,8.759900093078613,8.711000442504883,8.719799995422363,33784,0.0,0.0
2024-04-16 13:30:00-04:00,8.71500015258789,8.729999542236328,8.683099746704102,8.687100410461426,90726,0.0,0.0
2024-04-16 14:30:00-04:00,8.6899995803833,8.729999542236328,8.6899995803833,8.725000381469727,88069,0.0,0.0
2024-04-16 15:30:00-04:00,8.725000381469727,8.725000381469727,8.699999809265137,8.710000038146973,39055,0.0,0.0
2024-04-17 09:30:00-04:00,8.710000038146973,8.788700103759766,8.710000038146973,8.75,77773,0.0,0.0
2024-04-17 10:30:00-04:00,8.759900093078613,8.760000228881836,8.720000267028809,8.725000381469727,70588,0.0,0.0
2024-04-17 11:30:00-04:00,8.720600128173828,8.734999656677246,8.710000038146973,8.725000381469727,46309,0.0,0.0
2024-04-17 12:30:00-04:00,8.722000122070312,8.749799728393555,8.710000038146973,8.739999771118164,61052,0.0,0.0
2024-04-17 13:30:00-04:00,8.75,8.770000457763672,8.739999771118164,8.760000228881836,28764,0.0,0.0
2024-04-17 14:30:00-04:00,8.756699562072754,8.779999732971191,8.729999542236328,8.734999656677246,69932,0.0,0.0
2024-04-17 15:30:00-04:00,8.734999656677246,8.739999771118164,8.720000267028809,8.720000267028809,64230,0.0,0.0
2024-04-18 09:30:00-04:00,8.729999542236328,8.779999732971191,8.720000267028809,8.779999732971191,76466,0.0,0.0
2024-04-18 10:30:00-04:00,8.779999732971191,8.779999732971191,8.744999885559082,8.765000343322754,79874,0.0,0.0
2024-04-18 11:30:00-04:00,8.763400077819824,8.770000457763672,8.760000228881836,8.76990032196045,21743,0.0,0.0
2024-04-18 12:30:00-04:00,8.760100364685059,8.770000457763672,8.729999542236328,8.746700286865234,65829,0.0,0.0
2024-04-18 13:30:00-04:00,8.75,8.770000457763672,8.739999771118164,8.770000457763672,67178,0.0,0.0
2024-04-18 14:30:00-04:00,8.770000457763672,8.777400016784668,8.760000228881836,8.770000457763672,50090,0.0,0.0
2024-04-18 15:30:00-04:00,8.774999618530273,8.779999732971191,8.770000457763672,8.774999618530273,32358,0.0,0.0
2024-04-19 09:30:00-04:00,8.779999732971191,8.819999694824219,8.774999618530273,8.800000190734863,87871,0.0,0.0
2024-04-19 10:30:00-04:00,8.800000190734863,8.84000015258789,8.800000190734863,8.831700325012207,57897,0.0,0.0
2024-04-19 11:30:00-04:00,8.84000015258789,8.84000015258789,8.800000190734863,8.800000190734863,61791,0.0,0.0
2024-04-19 12:30:00-04:00,8.805000305175781,8.829999923706055,8.804499626159668,8.824999809265137,27724,0.0,0.0
2024-04-19 13:30:00-04:00,8.824999809265137,8.829999923706055,8.8100004196167,8.810099601745605,33704,0.0,0.0
2024-04-19 14:30:00-04:00,8.8100004196167,8.8149995803833,8.795000076293945,8.800000190734863,57262,0.0,0.0
2024-04-19 15:30:00-04:00,8.805000305175781,8.809900283813477,8.800000190734863,8.800000190734863,20106,0.0,0.0
2024-04-22 09:30:00-04:00,8.819999694824219,8.850000381469727,8.78499984741211,8.835000038146973,90644,0.0,0.0
2024-04-22 10:30:00-04:00,8.84000015258789,8.84000015258789,8.829999923706055,8.831100463867188,32381,0.0,0.0
2024-04-22 11:30:00-04:00,8.835000038146973,8.880000114440918,8.829999923706055,8.871000289916992,112292,0.0,0.0
2024-04-22 12:30:00-04:00,8.875,8.875,8.850000381469727,8.869999885559082,39685,0.0,0.0
2024-04-22 13:30:00-04:00,8.875,8.890000343322754,8.859999656677246,8.890000343322754,67867,0.0,0.0
2024-04-22 14:30:00-04:00,8.884200096130371,8.889900207519531,8.829999923706055,8.829999923706055,68839,0.0,0.0
2024-04-22 15:30:00-04:00,8.829899787902832,8.850000381469727,8.8100004196167,8.819999694824219,65430,0.0,0.0
2024-04-23 09:30:00-04:00,8.84000015258789,8.920000076293945,8.84000015258789,8.904999732971191,81212,0.0,0.0
2024-04-23 10:30:00-04:00,8.90999984741211,8.925000190734863,8.890000343322754,8.91100025177002,73894,0.0,0.0
2024-04-23 11:30:00-04:00,8.914999961853027,8.930000305175781,8.902000427246094,8.920000076293945,27440,0.0,0.0
2024-04-23 12:30:00-04:00,8.920000076293945,8.930000305175781,8.90999984741211,8.918299674987793,41200,0.0,0.0
2024-04-23 13:30:00-04:00,8.91819953918457,8.920000076293945,8.899999618530273,8.907999992370605,34793,0.0,0.0
2024-04-23 14:30:00-04:00,8.904999732971191,8.904999732971191,8.800000190734863,8.824999809265137,333431,0.0,0.0
2024-04-23 15:30:00-04:00,8.824999809265137,8.829999923706055,8.8100004196167,8.829999923706055,53255,0.0,0.0
2024-04-24 09:30:00-04:00,8.8100004196167,8.829999923706055,8.760000228881836,8.829999923706055,126631,0.0,0.0
2024-04-24 10:30:00-04:00,8.819999694824219,8.829999923706055,8.780099868774414,8.824999809265137,93283,0.0,0.0
2024-04-24 11:30:00-04:00,8.829999923706055,8.835000038146973,8.810099601745605,8.824999809265137,44652,0.0,0.0
2024-04-24 12:30:00-04:00,8.829299926757812,8.829999923706055,8.807999610900879,8.809900283813477,41800,0.0,0.0
2024-04-24 13:30:00-04:00,8.802000045776367,8.819999694824219,8.779999732971191,8.789999961853027,95704,0.0,0.0
2024-04-24 14:30:00-04:00,8.789999961853027,8.8100004196167,8.779999732971191,8.805000305175781,101603,0.0,0.0
2024-04-24 15:30:00-04:00,8.805000305175781,8.829999923706055,8.800000190734863,8.824999809265137,79315,0.0,0.0
2024-04-25 09:30:00-04:00,8.779999732971191,8.795000076293945,8.729999542236328,8.744999885559082,246465,0.0,0.0
2024-04-25 10:30:00-04:00,8.744999885559082,8.789999961853027,8.739999771118164,8.789999961853027,93966,0.0,0.0
2024-04-25 11:30:00-04:00,8.78499984741211,8.819999694824219,8.78499984741211,8.819299697875977,32816,0.0,0.0
2024-04-25 12:30:00-04:00,8.81470012664795,8.859999656677246,8.8100004196167,8.859700202941895,66463,0.0,0.0
2024-04-25 13:30:00-04:00,8.850000381469727,8.859999656677246,8.829999923706055,8.84000015258789,58194,0.0,0.0
2024-04-25 14:30:00-04:00,8.836199760437012,8.84000015258789,8.8100004196167,8.830599784851074,32508,0.0,0.0
2024-04-25 15:30:00-04:00,8.832599639892578,8.84000015258789,8.8149995803833,8.84000015258789,30339,0.0,0.0
2024-04-26 09:30:00-04:00,8.869999885559082,8.880000114440918,8.819999694824219,8.869999885559082,88246,0.0,0.0
2024-04-26 10:30:00-04:00,8.861000061035156,8.861000061035156,8.819999694824219,8.84000015258789,58897,0.0,0.0
2024-04-26 11:30:00-04:00,8.829999923706055,8.840999603271484,8.829999923706055,8.835000038146973,41739,0.0,0.0
2024-04-26 12:30:00-04:00,8.835800170898438,8.84000015258789,8.819999694824219,8.829000473022461,49734,0.0,0.0
2024-04-26 13:30:00-04:00,8.823100090026855,8.850000381469727,8.819999694824219,8.845000267028809,59597,0.0,0.0
2024-04-26 14:30:00-04:00,8.841099739074707,8.846400260925293,8.830100059509277,8.835000038146973,29006,0.0,0.0
2024-04-26 15:30:00-04:00,8.84000015258789,8.84000015258789,8.829999923706055,8.84000015258789,68457,0.0,0.0
2024-04-29 09:30:00-04:00,8.800000190734863,8.84000015258789,8.779999732971191,8.8149995803833,96894,0.0,0.0
2024-04-29 10:30:00-04:00,8.811400413513184,8.829999923706055,8.8100004196167,8.821499824523926,32831,0.0,0.0
2024-04-29 11:30:00-04:00,8.824999809265137,8.84000015258789,8.820099830627441,8.839900016784668,42152,0.0,0.0
2024-04-29 12:30:00-04:00,8.832500457763672,8.84000015258789,8.819999694824219,8.821100234985352,35889,0.0,0.0
2024-04-29 13:30:00-04:00,8.824999809265137,8.829999923706055,8.819999694824219,8.819999694824219,38453,0.0,0.0
2024-04-29 14:30:00-04:00,8.829999923706055,8.829999923706055,8.774299621582031,8.78499984741211,126103,0.0,0.0
2024-04-29 15:30:00-04:00,8.78499984741211,8.78499984741211,8.75,8.760000228881836,113860,0.0,0.0
2024-04-30 09:30:00-04:00,8.75,8.760000228881836,8.699999809265137,8.710100173950195,119244,0.0,0.0
2024-04-30 10:30:00-04:00,8.720000267028809,8.739999771118164,8.699999809265137,8.719900131225586,91514,0.0,0.0
2024-04-30 11:30:00-04:00,8.719900131225586,8.760000228881836,8.710000038146973,8.755000114440918,47592,0.0,0.0
2024-04-30 12:30:00-04:00,8.755000114440918,8.755000114440918,8.720000267028809,8.734999656677246,54338,0.0,0.0
2024-04-30 13:30:00-04:00,8.732799530029297,8.75,8.729000091552734,8.739999771118164,37548,0.0,0.0
2024-04-30 14:30:00-04:00,8.734999656677246,8.734999656677246,8.710000038146973,8.711799621582031,42608,0.0,0.0
2024-04-30 15:30:00-04:00,8.71500015258789,8.720000267028809,8.699999809265137,8.704999923706055,40400,0.0,0.0
2024-05-01 09:30:00-04:00,8.720000267028809,8.75,8.71500015258789,8.73009967803955,81969,0.0,0.0
2024-05-01 10:30:00-04:00,8.729999542236328,8.739999771118164,8.720000267028809,8.729999542236328,65267,0.0,0.0
2024-05-01 11:30:00-04:00,8.739999771118164,8.75,8.729999542236328,8.75,35924,0.0,0.0
2024-05-01 12:30:00-04:00,8.75,8.760000228881836,8.739999771118164,8.740099906921387,51023,0.0,0.0
2024-05-01 13:30:00-04:00,8.744999885559082,8.760000228881836,8.720000267028809,8.739999771118164,78111,0.0,0.0
2024-05-01 14:30:00-04:00,8.75,8.770000457763672,8.720000267028809,8.734999656677246,127630,0.0,0.0
2024-05-01 15:30:00-04:00,8.729999542236328,8.729999542236328,8.710000038146973,8.720000267028809,81120,0.0,0.0
2024-05-02 09:30:00-04:00,8.720000267028809,8.75,8.720000267028809,8.744999885559082,85278,0.0,0.0
2024-05-02 10:30:00-04:00,8.741999626159668,8.745100021362305,8.699999809265137,8.704999923706055,122090,0.0,0.0
2024-05-02 11:30:00-04:00,8.704999923706055,8.70989990234375,8.670000076293945,8.689800262451172,168996,0.0,0.0
2024-05-02 12:30:00-04:00,8.68220043182373,8.709799766540527,8.6806001663208,8.699999809265137,57246,0.0,0.0
2024-05-02 13:30:00-04:00,8.7076997756958,8.720000267028809,8.695199966430664,8.704999923706055,56816,0.0,0.0
2024-05-02 14:30:00-04:00,8.710000038146973,8.720000267028809,8.6899995803833,8.704999923706055,121219,0.0,0.0
2024-05-02 15:30:00-04:00,8.704999923706055,8.710000038146973,8.6899995803833,8.694999694824219,62692,0.0,0.0
2024-05-03 09:30:00-04:00,8.75,8.779999732971191,8.730999946594238,8.744999885559082,97921,0.0,0.0
2024-05-03 10:30:00-04:00,8.744999885559082,8.75,8.6899995803833,8.699999809265137,78841,0.0,0.0
2024-05-03 11:30:00-04:00,8.70009994506836,8.729999542236328,8.6899995803833,8.699999809265137,149128,0.0,0.0
2024-05-03 12:30:00-04:00,8.704999923706055,8.720000267028809,8.69379997253418,8.699999809265137,70581,0.0,0.0
2024-05-03 13:30:00-04:00,8.699999809265137,8.720000267028809,8.699999809265137,8.71500015258789,55687,0.0,0.0
2024-05-03 14:30:00-04:00,8.71500015258789,8.720000267028809,8.699999809265137,8.710000038146973,35630,0.0,0.0
2024-05-03 15:30:00-04:00,8.710000038146973,8.729999542236328,8.710000038146973,8.729999542236328,34222,0.0,0.0
2024-05-06 09:30:00-04:00,8.739999771118164,8.770000457763672,8.729999542236328,8.748499870300293,72857,0.0,0.0
2024-05-06 10:30:00-04:00,8.744999885559082,8.760000228881836,8.739999771118164,8.742300033569336,58822,0.0,0.0
2024-05-06 11:30:00-04:00,8.739999771118164,8.760000228881836,8.739999771118164,8.745200157165527,50227,0.0,0.0
2024-05-06 12:30:00-04:00,8.75,8.75,8.699999809265137,8.729999542236328,101660,0.0,0.0
2024-05-06 13:30:00-04:00,8.725000381469727,8.744999885559082,8.680000305175781,8.699999809265137,224821,0.0,0.0
2024-05-06 14:30:00-04:00,8.708000183105469,8.729999542236328,8.699999809265137,8.710599899291992,58130,0.0,0.0
2024-05-06 15:30:00-04:00,8.720000267028809,8.729999542236328,8.710000038146973,8.725000381469727,61446,0.0,0.0
2024-05-07 09:30:00-04:00,8.75,8.779999732971191,8.699999809265137,8.76990032196045,109204,0.0,0.0
2024-05-07 10:30:00-04:00,8.760000228881836,8.779999732971191,8.760000228881836,8.766599655151367,95539,0.0,0.0
2024-05-07 11:30:00-04:00,8.762999534606934,8.770000457763672,8.760000228881836,8.770000457763672,35332,0.0,0.0
2024-05-07 12:30:00-04:00,8.764300346374512,8.770000457763672,8.760000228881836,8.770000457763672,26767,0.0,0.0
2024-05-07 13:30:00-04:00,8.770000457763672,8.779999732971191,8.75059986114502,8.77970027923584,74668,0.0,0.0
2024-05-07 14:30:00-04:00,8.774999618530273,8.8100004196167,8.771200180053711,8.78499984741211,110918,0.0,0.0
2024-05-07 15:30:00-04:00,8.781999588012695,8.800000190734863,8.779999732971191,8.800000190734863,18629,0.0,0.0
2024-05-08 09:30:00-04:00,8.789999961853027,8.84000015258789,8.770000457763672,8.835000038146973,143437,0.0,0.0
2024-05-08 10:30:00-04:00,8.835000038146973,8.869999885559082,8.832500457763672,8.854999542236328,59937,0.0,0.0
2024-05-08 11:30:00-04:00,8.859999656677246,8.869999885559082,8.850000381469727,8.862000465393066,31665,0.0,0.0
2024-05-08 12:30:00-04:00,8.864999771118164,8.869199752807617,8.829999923706055,8.829999923706055,42662,0.0,0.0
2024-05-08 13:30:00-04:00,8.84000015258789,8.850000381469727,8.819999694824219,8.835000038146973,107419,0.0,0.0
2024-05-08 14:30:00-04:00,8.839699745178223,8.850000381469727,8.824999809265137,8.835000038146973,50232,0.0,0.0
2024-05-08 15:30:00-04:00,8.829999923706055,8.845000267028809,8.819999694824219,8.845000267028809,112661,0.0,0.0
2024-05-09 09:30:00-04:00,8.829999923706055,8.890000343322754,8.829999923706055,8.885000228881836,113171,0.0,0.0
2024-05-09 10:30:00-04:00,8.885299682617188,8.930000305175781,8.880000114440918,8.918999671936035,170972,0.0,0.0
2024-05-09 11:30:00-04:00,8.914999961853027,8.930000305175781,8.90999984741211,8.925000190734863,37754,0.0,0.0
2024-05-09 12:30:00-04:00,8.92199993133545,8.930000305175781,8.910200119018555,8.925000190734863,36615,0.0,0.0
2024-05-09 13:30:00-04:00,8.925000190734863,8.930000305175781,8.899999618530273,8.904999732971191,63404,0.0,0.0
2024-05-09 14:30:00-04:00,8.90999984741211,8.920000076293945,8.901200294494629,8.920000076293945,30432,0.0,0.0
2024-05-09 15:30:00-04:00,8.914999961853027,8.930000305175781,8.90999984741211,8.930000305175781,73319,0.0,0.0
2024-05-10 09:30:00-04:00,8.979999542236328,9.029999732971191,8.9399995803833,8.949999809265137,372382,0.0,0.0
2024-05-10 10:30:00-04:00,8.949999809265137,8.949999809265137,8.90999984741211,8.9399995803833,89681,0.0,0.0
2024-05-10 11:30:00-04:00,8.939200401306152,8.969900131225586,8.9350004196167,8.954999923706055,34999,0.0,0.0
2024-05-10 12:30:00-04:00,8.954999923706055,9.079999923706055,8.949999809265137,9.0,234740,0.0,0.0
2024-05-10 13:30:00-04:00,9.005000114440918,9.010000228881836,8.979999542236328,8.98900032043457,47639,0.0,0.0
2024-05-10 14:30:00-04:00,8.984999656677246,9.0,8.960000038146973,8.991999626159668,82296,0.0,0.0
2024-05-10 15:30:00-04:00,9.0,9.020000457763672,8.994999885559082,9.010000228881836,92324,0.0,0.0
2024-05-13 09:30:00-04:00,9.010000228881836,9.0600004196167,9.010000228881836,9.03499984741211,132729,0.0,0.0
2024-05-13 10:30:00-04:00,9.03499984741211,9.04990005493164,8.989999771118164,9.0,84819,0.0,0.0
2024-05-13 11:30:00-04:00,8.979999542236328,9.010000228881836,8.960000038146973,9.007399559020996,71708,0.0,0.0
2024-05-13 12:30:00-04:00,9.005000114440918,9.010000228881836,9.0,9.005000114440918,31382,0.0,0.0
2024-05-13 13:30:00-04:00,9.0,9.0,8.979999542236328,8.984999656677246,70561,0.0,0.0
2024-05-13 14:30:00-04:00,8.984999656677246,9.0,8.970000267028809,8.984999656677246,84776,0.0,0.0
2024-05-13 15:30:00-04:00,8.979999542236328,8.989999771118164,8.960000038146973,8.960000038146973,56095,0.0,0.0
2024-05-14 09:30:00-04:00,8.960000038146973,9.015000343322754,8.960000038146973,9.0,81938,0.0,0.0
2024-05-14 10:30:00-04:00,8.989999771118164,9.0,8.960000038146973,8.96500015258789,34798,0.0,0.0
2024-05-14 11:30:00-04:00,8.969200134277344,8.975000381469727,8.940999984741211,8.940999984741211,58945,0.0,0.0
2024-05-14 12:30:00-04:00,8.94379997253418,8.960000038146973,8.920000076293945,8.925399780273438,58493,0.0,0.0
2024-05-14 13:30:00-04:00,8.930000305175781,8.949999809265137,8.670000076293945,8.670100212097168,1001463,0.0,0.0
2024-05-14 14:30:00-04:00,8.680000305175781,8.789999961853027,8.600000381469727,8.734999656677246,1496203,0.0,0.0
2024-05-14 15:30:00-04:00,8.734999656677246,8.789999961853027,8.734999656677246,8.779999732971191,311150,0.0,0.0
2024-05-15 09:30:00-04:00,8.800000190734863,8.859999656677246,8.800000190734863,8.84000015258789,216109,0.0,0.0
2024-05-15 10:30:00-04:00,8.835000038146973,8.839699745178223,8.759900093078613,8.829999923706055,244397,0.0,0.0
2024-05-15 11:30:00-04:00,8.824999809265137,8.859999656677246,8.8100004196167,8.854999542236328,114733,0.0,0.0
2024-05-15 12:30:00-04:00,8.859999656677246,8.869999885559082,8.850000381469727,8.85990047454834,98271,0.0,0.0
2024-05-15 13:30:00-04:00,8.859100341796875,8.869999885559082,8.850000381469727,8.869999885559082,91164,0.0,0.0
2024-05-15 14:30:00-04:00,8.869999885559082,8.869999885559082,8.819999694824219,8.824999809265137,124902,0.0,0.0
2024-05-15 15:30:00-04:00,8.824999809265137,8.859999656677246,8.811100006103516,8.854999542236328,101828,0.0,0.0
2024-05-16 09:30:00-04:00,8.859999656677246,8.890000343322754,8.850000381469727,8.850000381469727,79843,0.0,0.0
2024-05-16 10:30:00-04:00,8.854999542236328,8.870100021362305,8.829999923706055,8.839699745178223,77129,0.0,0.0
2024-05-16 11:30:00-04:00,8.83899974822998,8.869999885559082,8.830100059509277,8.854999542236328,66846,0.0,0.0
2024-05-16 12:30:00-04:00,8.854999542236328,8.869999885559082,8.84000015258789,8.84000015258789,38648,0.0,0.0
2024-05-16 13:30:00-04:00,8.840200424194336,8.850000381469727,8.8100004196167,8.824999809265137,69190,0.0,0.0
2024-05-16 14:30:00-04:00,8.826899528503418,8.838899612426758,8.760000228881836,8.78499984741211,121548,0.0,0.0
2024-05-16 15:30:00-04:00,8.78499984741211,8.789999961853027,8.75,8.755000114440918,102775,0.0,0.0
2024-05-17 09:30:00-04:00,8.760000228881836,8.789999961853027,8.75,8.779999732971191,132701,0.0,0.0
2024-05-17 10:30:00-04:00,8.780099868774414,8.789999961853027,8.770000457763672,8.770000457763672,73756,0.0,0.0
2024-05-17 11:30:00-04:00,8.774999618530273,8.8100004196167,8.770000457763672,8.805899620056152,59628,0.0,0.0
2024-05-17 12:30:00-04:00,8.805000305175781,8.8100004196167,8.789999961853027,8.801600456237793,61344,0.0,0.0
2024-05-17 13:30:00-04:00,8.805000305175781,8.809900283813477,8.779999732971191,8.78499984741211,50714,0.0,0.0
2024-05-17 14:30:00-04:00,8.789999961853027,8.829999923706055,8.779999732971191,8.829999923706055,108134,0.0,0.0
2024-05-17 15:30:00-04:00,8.824999809265137,8.824999809265137,8.789999961853027,8.805000305175781,61010,0.0,0.0
2024-05-20 09:30:00-04:00,8.84000015258789,8.869999885559082,8.819999694824219,8.841099739074707,111570,0.0,0.0
2024-05-20 10:30:00-04:00,8.848999977111816,8.880000114440918,8.84060001373291,8.875,86018,0.0,0.0
2024-05-20 11:30:00-04:00,8.878899574279785,8.898900032043457,8.844599723815918,8.844599723815918,73341,0.0,0.0
2024-05-20 12:30:00-04:00,8.840100288391113,8.859999656677246,8.84000015258789,8.854999542236328,26201,0.0,0.0
2024-05-20 13:30:00-04:00,8.852999687194824,8.869999885559082,8.84000015258789,8.849900245666504,67062,0.0,0.0
2024-05-20 14:30:00-04:00,8.849900245666504,8.869000434875488,8.824999809265137,8.824999809265137,95455,0.0,0.0
2024-05-20 15:30:00-04:00,8.824999809265137,8.845000267028809,8.819999694824219,8.84000015258789,38492,0.0,0.0
2024-05-21 09:30:00-04:00,8.829999923706055,8.859999656677246,8.826399803161621,8.850000381469727,94384,0.0,0.0
2024-05-21 10:30:00-04:00,8.850000381469727,8.850000381469727,8.809000015258789,8.82509994506836,76153,0.0,0.0
2024-05-21 11:30:00-04:00,8.820099830627441,8.829999923706055,8.8100004196167,8.810999870300293,99345,0.0,0.0
2024-05-21 12:30:00-04:00,8.8149995803833,8.819999694824219,8.800000190734863,8.800000190734863,58244,0.0,0.0
2024-05-21 13:30:00-04:00,8.805000305175781,8.850000381469727,8.800100326538086,8.84000015258789,135770,0.0,0.0
2024-05-21 14:30:00-04:00,8.848799705505371,8.849900245666504,8.800000190734863,8.815199851989746,79683,0.0,0.0
2024-05-21 15:30:00-04:00,8.819899559020996,8.819999694824219,8.8100004196167,8.8100004196167,30699,0.0,0.0
2024-05-22 09:30:00-04:00,8.800000190734863,8.800000190734863,8.760000228881836,8.790599822998047,136283,0.0,0.0
2024-05-22 10:30:00-04:00,8.799200057983398,8.800000190734863,8.781000137329102,8.789999961853027,81274,0.0,0.0
2024-05-22 11:30:00-04:00,8.789999961853027,8.800000190734863,8.789999961853027,8.79010009765625,64106,0.0,0.0
2024-05-22 12:30:00-04:00,8.795000076293945,8.798600196838379,8.770999908447266,8.779999732971191,53096,0.0,0.0
2024-05-22 13:30:00-04:00,8.774999618530273,8.78499984741211,8.760000228881836,8.760000228881836,165613,0.0,0.0
2024-05-22 14:30:00-04:00,8.763799667358398,8.770000457763672,8.75,8.755000114440918,86804,0.0,0.0
2024-05-22 15:30:00-04:00,8.755000114440918,8.765399932861328,8.75,8.75,30528,0.0,0.0
2024-05-23 09:30:00-04:00,8.779999732971191,8.779999732971191,8.668999671936035,8.704999923706055,213572,0.0,0.0
2024-05-23 10:30:00-04:00,8.701499938964844,8.709199905395508,8.680000305175781,8.690099716186523,166959,0.0,0.0
2024-05-23 11:30:00-04:00,8.699999809265137,8.699999809265137,8.676600456237793,8.676600456237793,83396,0.0,0.0
2024-05-23 12:30:00-04:00,8.680000305175781,8.6899995803833,8.670000076293945,8.680000305175781,72917,0.0,0.0
2024-05-23 13:30:00-04:00,8.6850004196167,8.6899995803833,8.609999656677246,8.630000114440918,205604,0.0,0.0
2024-05-23 14:30:00-04:00,8.625,8.630000114440918,8.609999656677246,8.611200332641602,212047,0.0,0.0
2024-05-23 15:30:00-04:00,8.610099792480469,8.619999885559082,8.600000381469727,8.609999656677246,91295,0.0,0.0
2024-05-24 09:30:00-04:00,8.609999656677246,8.640000343322754,8.604999542236328,8.630000114440918,164783,0.0,0.0
2024-05-24 10:30:00-04:00,8.635700225830078,8.65999984741211,8.619999885559082,8.649999618530273,99225,0.0,0.0
2024-05-24 11:30:00-04:00,8.64900016784668,8.670000076293945,8.640999794006348,8.660300254821777,72353,0.0,0.0
2024-05-24 12:30:00-04:00,8.668899536132812,8.669899940490723,8.649999618530273,8.658900260925293,49909,0.0,0.0
2024-05-24 13:30:00-04:00,8.656999588012695,8.680000305175781,8.649999618530273,8.670100212097168,41918,0.0,0.0
2024-05-24 14:30:00-04:00,8.678799629211426,8.680000305175781,8.649999618530273,8.65999984741211,37103,0.0,0.0
2024-05-24 15:30:00-04:00,8.650099754333496,8.6899995803833,8.649999618530273,8.6850004196167,116557,0.0,0.0
2024-05-28 09:30:00-04:00,8.65999984741211,8.680000305175781,8.640000343322754,8.640000343322754,162524,0.0,0.0
2024-05-28 10:30:00-04:00,8.645000457763672,8.649999618530273,8.623000144958496,8.633999824523926,144936,0.0,0.0
2024-05-28 11:30:00-04:00,8.635000228881836,8.649999618530273,8.630000114440918,8.649900436401367,71046,0.0,0.0
2024-05-28 12:30:00-04:00,8.645000457763672,8.649999618530273,8.619999885559082,8.625,58514,0.0,0.0
2024-05-28 13:30:00-04:00,8.619999885559082,8.619999885559082,8.609999656677246,8.61989974975586,56288,0.0,0.0
2024-05-28 14:30:00-04:00,8.614999771118164,8.640000343322754,8.609999656677246,8.625,136371,0.0,0.0
2024-05-28 15:30:00-04:00,8.628700256347656,8.649999618530273,8.619999885559082,8.630000114440918,77162,0.0,0.0
2024-05-29 09:30:00-04:00,8.609999656677246,8.610199928283691,8.539999961853027,8.54990005493164,356763,0.0,0.0
2024-05-29 10:30:00-04:00,8.550000190734863,8.568699836730957,8.5,8.524999618530273,144363,0.0,0.0
2024-05-29 11:30:00-04:00,8.529899597167969,8.545000076293945,8.5,8.545000076293945,203752,0.0,0.0
2024-05-29 12:30:00-04:00,8.545000076293945,8.550000190734863,8.529999732971191,8.539999961853027,75220,0.0,0.0
2024-05-29 13:30:00-04:00,8.538999557495117,8.555000305175781,8.532999992370605,8.539999961853027,119634,0.0,0.0
2024-05-29 14:30:00-04:00,8.545000076293945,8.550000190734863,8.470100402832031,8.510000228881836,298989,0.0,0.0
2024-05-29 15:30:00-04:00,8.511199951171875,8.550000190734863,8.510000228881836,8.515000343322754,203208,0.0,0.0
2024-05-30 09:30:00-04:00,8.520000457763672,8.569999694824219,8.520000457763672,8.567500114440918,183778,0.0,0.0
2024-05-30 10:30:00-04:00,8.560099601745605,8.59000015258789,8.529999732971191,8.579999923706055,114619,0.0,0.0
2024-05-30 11:30:00-04:00,8.576299667358398,8.579999923706055,8.5600004196167,8.574199676513672,43787,0.0,0.0
2024-05-30 12:30:00-04:00,8.569999694824219,8.579999923706055,8.5600004196167,8.575300216674805,54705,0.0,0.0
2024-05-30 13:30:00-04:00,8.572600364685059,8.600000381469727,8.5600004196167,8.595000267028809,114974,0.0,0.0
2024-05-30 14:30:00-04:00,8.595000267028809,8.600000381469727,8.569999694824219,8.580100059509277,81596,0.0,0.0
2024-05-30 15:30:00-04:00,8.585000038146973,8.59000015258789,8.569999694824219,8.585000038146973,55716,0.0,0.0
2024-05-31 09:30:00-04:00,8.569999694824219,8.609999656677246,8.539999961853027,8.600000381469727,127384,0.0,0.0
2024-05-31 10:30:00-04:00,8.604499816894531,8.630000114440918,8.59000015258789,8.628800392150879,72471,0.0,0.0
2024-05-31 11:30:00-04:00,8.628700256347656,8.640000343322754,8.609999656677246,8.619999885559082,50006,0.0,0.0
2024-05-31 12:30:00-04:00,8.614999771118164,8.649999618530273,8.610099792480469,8.649800300598145,87685,0.0,0.0
2024-05-31 13:30:00-04:00,8.649999618530273,8.680000305175781,8.649999618530273,8.670100212097168,33900,0.0,0.0
2024-05-31 14:30:00-04:00,8.675999641418457,8.678999900817871,8.649999618530273,8.654999732971191,72014,0.0,0.0
2024-05-31 15:30:00-04:00,8.65999984741211,8.720000267028809,8.65999984741211,8.720000267028809,63639,0.0,0.0
2024-06-03 09:30:00-04:00,8.6899995803833,8.699999809265137,8.649999618530273,8.664999961853027,97221,0.0,0.0
2024-06-03 10:30:00-04:00,8.66510009765625,8.66510009765625,8.595000267028809,8.61989974975586,45679,0.0,0.0
2024-06-03 11:30:00-04:00,8.619999885559082,8.640000343322754,8.614999771118164,8.639200210571289,33257,0.0,0.0
2024-06-03 12:30:00-04:00,8.639100074768066,8.640000343322754,8.59000015258789,8.595000267028809,170288,0.0,0.0
2024-06-03 13:30:00-04:00,8.599200248718262,8.635000228881836,8.59000015258789,8.630000114440918,96135,0.0,0.0
2024-06-03 14:30:00-04:00,8.630000114440918,8.630000114440918,8.609999656677246,8.61989974975586,74856,0.0,0.0
2024-06-03 15:30:00-04:00,8.609999656677246,8.609999656677246,8.591400146484375,8.604999542236328,41250,0.0,0.0
2024-06-04 09:30:00-04:00,8.569999694824219,8.640000343322754,8.569999694824219,8.640000343322754,88355,0.0,0.0
2024-06-04 10:30:00-04:00,8.64009952545166,8.649999618530273,8.600000381469727,8.609999656677246,43729,0.0,0.0
2024-06-04 11:30:00-04:00,8.600000381469727,8.600000381469727,8.579999923706055,8.595000267028809,53162,0.0,0.0
2024-06-04 12:30:00-04:00,8.600000381469727,8.630000114440918,8.595000267028809,8.625,74433,0.0,0.0
2024-06-04 13:30:00-04:00,8.625,8.639800071716309,8.609999656677246,8.625,44488,0.0,0.0
2024-06-04 14:30:00-04:00,8.630000114440918,8.630000114440918,8.609999656677246,8.614999771118164,87291,0.0,0.0
2024-06-04 15:30:00-04:00,8.614999771118164,8.619999885559082,8.59000015258789,8.59000015258789,71917,0.0,0.0
2024-06-05 09:30:00-04:00,8.600000381469727,8.62969970703125,8.570699691772461,8.579999923706055,138242,0.0,0.0
2024-06-05 10:30:00-04:00,8.585800170898438,8.600000381469727,8.569999694824219,8.59000015258789,77497,0.0,0.0
2024-06-05 11:30:00-04:00,8.58180046081543,8.609999656677246,8.58180046081543,8.599900245666504,87441,0.0,0.0
2024-06-05 12:30:00-04:00,8.600000381469727,8.600000381469727,8.59000015258789,8.598999977111816,47513,0.0,0.0
2024-06-05 13:30:00-04:00,8.600000381469727,8.609999656677246,8.579999923706055,8.59000015258789,105770,0.0,0.0
2024-06-05 14:30:00-04:00,8.595000267028809,8.609999656677246,8.59000015258789,8.609999656677246,89268,0.0,0.0
2024-06-05 15:30:00-04:00,8.600700378417969,8.609999656677246,8.600000381469727,8.609999656677246,46564,0.0,0.0
2024-06-06 09:30:00-04:00,8.600000381469727,8.630000114440918,8.59000015258789,8.59000015258789,108986,0.0,0.0
2024-06-06 10:30:00-04:00,8.600000381469727,8.609999656677246,8.579999923706055,8.600000381469727,56579,0.0,0.0
2024-06-06 11:30:00-04:00,8.604999542236328,8.609999656677246,8.579999923706055,8.589900016784668,92098,0.0,0.0
2024-06-06 12:30:00-04:00,8.580900192260742,8.59000015258789,8.579999923706055,8.585000038146973,58919,0.0,0.0
2024-06-06 13:30:00-04:00,8.58329963684082,8.59000015258789,8.5600004196167,8.5600004196167,111025,0.0,0.0
2024-06-06 14:30:00-04:00,8.557000160217285,8.569999694824219,8.550000190734863,8.5600004196167,80441,0.0,0.0
2024-06-06 15:30:00-04:00,8.5649995803833,8.609999656677246,8.5600004196167,8.607999801635742,144487,0.0,0.0
2024-06-07 09:30:00-04:00,8.579999923706055,8.599900245666504,8.5600004196167,8.589400291442871,133099,0.0,0.0
2024-06-07 10:30:00-04:00,8.58899974822998,8.619999885559082,8.585000038146973,8.600000381469727,78931,0.0,0.0
2024-06-07 11:30:00-04:00,8.595000267028809,8.600000381469727,8.569999694824219,8.569999694824219,106666,0.0,0.0
2024-06-07 12:30:00-04:00,8.573599815368652,8.579999923706055,8.5600004196167,8.5600004196167,67424,0.0,0.0
2024-06-07 13:30:00-04:00,8.5600004196167,8.569999694824219,8.550000190734863,8.569999694824219,50080,0.0,0.0
2024-06-07 14:30:00-04:00,8.560600280761719,8.565699577331543,8.529999732971191,8.529999732971191,157667,0.0,0.0
2024-06-07 15:30:00-04:00,8.53499984741211,8.545000076293945,8.529999732971191,8.539999961853027,100470,0.0,0.0
2024-06-10 09:30:00-04:00,8.550000190734863,8.579999923706055,8.539999961853027,8.569299697875977,180111,0.0,0.0
2024-06-10 10:30:00-04:00,8.560999870300293,8.59000015258789,8.5600004196167,8.569299697875977,91442,0.0,0.0
2024-06-10 11:30:00-04:00,8.5649995803833,8.59000015258789,8.560099601745605,8.579999923706055,56839,0.0,0.0
2024-06-10 12:30:00-04:00,8.571000099182129,8.640000343322754,8.5600004196167,8.611000061035156,314205,0.0,0.0
2024-06-10 13:30:00-04:00,8.610099792480469,8.630000114440918,8.59000015258789,8.59000015258789,109846,0.0,0.0
2024-06-10 14:30:00-04:00,8.590999603271484,8.595000267028809,8.529999732971191,8.539999961853027,149142,0.0,0.0
2024-06-10 15:30:00-04:00,8.539999961853027,8.539999961853027,8.510000228881836,8.524999618530273,83533,0.0,0.0
2024-06-11 09:30:00-04:00,8.5600004196167,8.5600004196167,8.511300086975098,8.529899597167969,75040,0.0,0.0
2024-06-11 10:30:00-04:00,8.520099639892578,8.550000190734863,8.520000457763672,8.520000457763672,45084,0.0,0.0
2024-06-11 11:30:00-04:00,8.528800010681152,8.529899597167969,8.510000228881836,8.510000228881836,130770,0.0,0.0
2024-06-11 12:30:00-04:00,8.510199546813965,8.529999732971191,8.510000228881836,8.516400337219238,73013,0.0,0.0
2024-06-11 13:30:00-04:00,8.510000228881836,8.51990032196045,8.5,8.510000228881836,138895,0.0,0.0
2024-06-11 14:30:00-04:00,8.50059986114502,8.50059986114502,8.430000305175781,8.4350004196167,236337,0.0,0.0
2024-06-11 15:30:00-04:00,8.432000160217285,8.4399995803833,8.380000114440918,8.425000190734863,210102,0.0,0.0
2024-06-12 09:30:00-04:00,8.460000038146973,8.471099853515625,8.390000343322754,8.430000305175781,268306,0.0,0.0
2024-06-12 10:30:00-04:00,8.432299613952637,8.440500259399414,8.399999618530273,8.40999984741211,92849,0.0,0.0
2024-06-12 11:30:00-04:00,8.410699844360352,8.410699844360352,8.390000343322754,8.395000457763672,109851,0.0,0.0
2024-06-12 12:30:00-04:00,8.395000457763672,8.399999618530273,8.350000381469727,8.354000091552734,140170,0.0,0.0
2024-06-12 13:30:00-04:00,8.350799560546875,8.354999542236328,8.3100004196167,8.3149995803833,306045,0.0,0.0
2024-06-12 14:30:00-04:00,8.31029987335205,8.359999656677246,8.279999732971191,8.289999961853027,425275,0.0,0.0
2024-06-12 15:30:00-04:00,8.289999961853027,8.3149995803833,8.270000457763672,8.3100004196167,156233,0.0,0.0
2024-06-13 09:30:00-04:00,8.300000190734863,8.34000015258789,8.289400100708008,8.28950023651123,141419,0.0,0.0
2024-06-13 10:30:00-04:00,8.286700248718262,8.289999961853027,8.270000457763672,8.289999961853027,118253,0.0,0.0
2024-06-13 11:30:00-04:00,8.28969955444336,8.289999961853027,8.239999771118164,8.250300407409668,203909,0.0,0.0
2024-06-13 12:30:00-04:00,8.25,8.329999923706055,8.239999771118164,8.309800148010254,187105,0.0,0.0
2024-06-13 13:30:00-04:00,8.306300163269043,8.34000015258789,8.305000305175781,8.329999923706055,73289,0.0,0.0
2024-06-13 14:30:00-04:00,8.34000015258789,8.34000015258789,8.274999618530273,8.274999618530273,123477,0.0,0.0
2024-06-13 15:30:00-04:00,8.270000457763672,8.289999961853027,8.260000228881836,8.265000343322754,90772,0.0,0.0
2024-06-14 09:30:00-04:00,8.25,8.270000457763672,8.229999542236328,8.239999771118164,175535,0.0,0.0
2024-06-14 10:30:00-04:00,8.239899635314941,8.25,8.210000038146973,8.2298002243042,120177,0.0,0.0
2024-06-14 11:30:00-04:00,8.225799560546875,8.246800422668457,8.180000305175781,8.1899995803833,260721,0.0,0.0
2024-06-14 12:30:00-04:00,8.180000305175781,8.199999809265137,8.079999923706055,8.081199645996094,572844,0.0,0.0
2024-06-14 13:30:00-04:00,8.085000038146973,8.100000381469727,8.020000457763672,8.05620002746582,521075,0.0,0.0
2024-06-14 14:30:00-04:00,8.055000305175781,8.149999618530273,8.050000190734863,8.148900032043457,222085,0.0,0.0
2024-06-14 15:30:00-04:00,8.149999618530273,8.15999984741211,8.140000343322754,8.15999984741211,82302,0.0,0.0
2024-06-17 09:30:00-04:00,8.130000114440918,8.149999618530273,8.050000190734863,8.09000015258789,450671,0.0,0.0
2024-06-17 10:30:00-04:00,8.09000015258789,8.119999885559082,8.069999694824219,8.114999771118164,212562,0.0,0.0
2024-06-17 11:30:00-04:00,8.114999771118164,8.159899711608887,8.114999771118164,8.156100273132324,108727,0.0,0.0
2024-06-17 12:30:00-04:00,8.159099578857422,8.170000076293945,8.149999618530273,8.15999984741211,81476,0.0,0.0
2024-06-17 13:30:00-04:00,8.165200233459473,8.180000305175781,8.149999618530273,8.169899940490723,117395,0.0,0.0
2024-06-17 14:30:00-04:00,8.161299705505371,8.170000076293945,8.125,8.130000114440918,149250,0.0,0.0
2024-06-17 15:30:00-04:00,8.13010025024414,8.140000343322754,8.119999885559082,8.119999885559082,145155,0.0,0.0
2024-06-18 09:30:00-04:00,8.180000305175781,8.239999771118164,8.179300308227539,8.194999694824219,326658,0.0,0.0
2024-06-18 10:30:00-04:00,8.192099571228027,8.204999923706055,8.180000305175781,8.1850004196167,111295,0.0,0.0
2024-06-18 11:30:00-04:00,8.180100440979004,8.199999809265137,8.15999984741211,8.15999984741211,174999,0.0,0.0
2024-06-18 12:30:00-04:00,8.160400390625,8.170000076293945,8.109999656677246,8.126399993896484,237404,0.0,0.0
2024-06-18 13:30:00-04:00,8.129799842834473,8.140000343322754,8.109999656677246,8.128899574279785,143067,0.0,0.0
2024-06-18 14:30:00-04:00,8.125,8.140000343322754,8.114999771118164,8.140000343322754,176637,0.0,0.0
2024-06-18 15:30:00-04:00,8.135000228881836,8.140000343322754,8.119999885559082,8.140000343322754,86061,0.0,0.0
2024-06-20 09:30:00-04:00,8.119999885559082,8.18529987335205,8.119999885559082,8.170000076293945,262198,0.0,0.0
2024-06-20 10:30:00-04:00,8.175000190734863,8.175000190734863,8.130000114440918,8.156399726867676,88000,0.0,0.0
2024-06-20 11:30:00-04:00,8.150099754333496,8.15999984741211,8.109999656677246,8.109999656677246,162025,0.0,0.0
2024-06-20 12:30:00-04:00,8.109999656677246,8.145000457763672,8.079999923706055,8.145000457763672,182742,0.0,0.0
2024-06-20 13:30:00-04:00,8.146499633789062,8.170000076293945,8.100000381469727,8.104999542236328,363628,0.0,0.0
2024-06-20 14:30:00-04:00,8.103099822998047,8.125,8.100000381469727,8.100000381469727,208634,0.0,0.0
2024-06-20 15:30:00-04:00,8.104999542236328,8.104999542236328,8.079999923706055,8.095000267028809,170088,0.0,0.0
2024-06-21 09:30:00-04:00,8.09000015258789,8.140000343322754,8.09000015258789,8.104999542236328,155853,0.0,0.0
2024-06-21 10:30:00-04:00,8.104999542236328,8.121700286865234,8.100000381469727,8.10990047454834,125632,0.0,0.0
2024-06-21 11:30:00-04:00,8.100000381469727,8.13010025024414,8.100000381469727,8.13010025024414,60722,0.0,0.0
2024-06-21 12:30:00-04:00,8.135000228881836,8.159899711608887,8.130000114440918,8.154999732971191,114697,0.0,0.0
2024-06-21 13:30:00-04:00,8.15999984741211,8.170000076293945,8.140000343322754,8.164999961853027,81490,0.0,0.0
2024-06-21 14:30:00-04:00,8.170000076293945,8.170000076293945,8.150199890136719,8.156700134277344,56482,0.0,0.0
2024-06-21 15:30:00-04:00,8.154999732971191,8.154999732971191,8.130000114440918,8.145000457763672,79108,0.0,0.0
2024-06-24 09:30:00-04:00,8.140000343322754,8.229499816894531,8.140000343322754,8.21310043334961,152651,0.0,0.0
2024-06-24 10:30:00-04:00,8.21500015258789,8.240900039672852,8.210000038146973,8.240900039672852,150861,0.0,0.0
2024-06-24 11:30:00-04:00,8.244999885559082,8.245699882507324,8.229999542236328,8.237700462341309,57434,0.0,0.0
2024-06-24 12:30:00-04:00,8.235899925231934,8.260000228881836,8.23169994354248,8.254400253295898,116976,0.0,0.0
2024-06-24 13:30:00-04:00,8.253000259399414,8.260000228881836,8.229999542236328,8.234999656677246,100993,0.0,0.0
2024-06-24 14:30:00-04:00,8.239999771118164,8.25,8.229999542236328,8.244999885559082,85353,0.0,0.0
2024-06-24 15:30:00-04:00,8.244999885559082,8.25,8.23009967803955,8.25,57220,0.0,0.0
2024-06-25 09:30:00-04:00,8.279999732971191,8.279999732971191,8.229999542236328,8.239999771118164,119534,0.0,0.0
2024-06-25 10:30:00-04:00,8.24899959564209,8.260000228881836,8.229999542236328,8.240099906921387,88001,0.0,0.0
2024-06-25 11:30:00-04:00,8.248900413513184,8.25,8.210000038146973,8.220199584960938,158692,0.0,0.0
2024-06-25 12:30:00-04:00,8.223400115966797,8.229999542236328,8.220000267028809,8.220999717712402,39271,0.0,0.0
2024-06-25 13:30:00-04:00,8.225000381469727,8.239999771118164,8.220000267028809,8.220000267028809,115454,0.0,0.0
2024-06-25 14:30:00-04:00,8.220000267028809,8.239999771118164,8.21500015258789,8.225000381469727,142647,0.0,0.0
2024-06-25 15:30:00-04:00,8.226099967956543,8.239999771118164,8.220800399780273,8.239999771118164,90149,0.0,0.0
2024-06-26 09:30:00-04:00,8.229999542236328,8.239899635314941,8.199999809265137,8.20989990234375,149527,0.0,0.0
2024-06-26 10:30:00-04:00,8.20009994506836,8.239999771118164,8.180000305175781,8.229999542236328,132191,0.0,0.0
2024-06-26 11:30:00-04:00,8.234999656677246,8.289899826049805,8.229999542236328,8.25,98287,0.0,0.0
2024-06-26 12:30:00-04:00,8.255000114440918,8.270000457763672,8.24370002746582,8.260000228881836,45103,0.0,0.0
2024-06-26 13:30:00-04:00,8.260100364685059,8.270000457763672,8.220000267028809,8.220000267028809,95519,0.0,0.0
2024-06-26 14:30:00-04:00,8.225000381469727,8.237500190734863,8.210000038146973,8.21500015258789,147276,0.0,0.0
2024-06-26 15:30:00-04:00,8.21500015258789,8.229999542236328,8.210000038146973,8.229999542236328,54430,0.0,0.0
2024-06-27 09:30:00-04:00,8.210000038146973,8.25,8.210000038146973,8.244999885559082,125364,0.0,0.0
2024-06-27 10:30:00-04:00,8.244999885559082,8.300000190734863,8.243399620056152,8.289999961853027,158087,0.0,0.0
2024-06-27 11:30:00-04:00,8.289999961853027,8.289999961853027,8.270000457763672,8.27869987487793,141286,0.0,0.0
2024-06-27 12:30:00-04:00,8.279199600219727,8.300000190734863,8.270000457763672,8.279999732971191,59405,0.0,0.0
2024-06-27 13:30:00-04:00,8.28499984741211,8.329999923706055,8.28499984741211,8.329899787902832,133036,0.0,0.0
2024-06-27 14:30:00-04:00,8.323800086975098,8.329999923706055,8.3100004196167,8.3149995803833,89143,0.0,0.0
2024-06-27 15:30:00-04:00,8.3149995803833,8.319999694824219,8.289999961853027,8.319999694824219,104847,0.0,0.0
2024-06-28 09:30:00-04:00,8.239999771118164,8.274999618530273,8.229999542236328,8.249300003051758,176989,0.0,0.0
2024-06-28 10:30:00-04:00,8.24940013885498,8.25,8.199999809265137,8.21500015258789,85057,0.0,0.0
2024-06-28 11:30:00-04:00,8.215800285339355,8.229000091552734,8.210000038146973,8.21500015258789,46138,0.0,0.0
2024-06-28 12:30:00-04:00,8.21500015258789,8.25,8.21500015258789,8.234999656677246,53305,0.0,0.0
2024-06-28 13:30:00-04:00,8.23169994354248,8.239999771118164,8.210000038146973,8.220000267028809,52985,0.0,0.0
2024-06-28 14:30:00-04:00,8.220000267028809,8.229999542236328,8.210000038146973,8.225000381469727,149267,0.0,0.0
2024-06-28 15:30:00-04:00,8.225000381469727,8.22599983215332,8.210000038146973,8.21500015258789,79649,0.0,0.0
2024-07-01 09:30:00-04:00,8.170000076293945,8.232600212097168,8.15999984741211,8.21500015258789,322682,0.0,0.0
2024-07-01 10:30:00-04:00,8.220000267028809,8.229999542236328,8.210000038146973,8.21500015258789,109476,0.0,0.0
2024-07-01 11:30:00-04:00,8.220000267028809,8.229999542236328,8.210000038146973,8.225000381469727,52624,0.0,0.0
2024-07-01 12:30:00-04:00,8.229999542236328,8.25,8.220000267028809,8.239999771118164,134618,0.0,0.0
2024-07-01 13:30:00-04:00,8.249899864196777,8.249899864196777,8.220000267028809,8.220999717712402,76108,0.0,0.0
2024-07-01 14:30:00-04:00,8.225000381469727,8.229999542236328,8.210000038146973,8.222100257873535,161489,0.0,0.0
2024-07-01 15:30:00-04:00,8.225000381469727,8.229999542236328,8.199999809265137,8.199999809265137,109658,0.0,0.0
2024-07-02 09:30:00-04:00,8.210000038146973,8.239999771118164,8.194999694824219,8.19909954071045,68476,0.0,0.0
2024-07-02 10:30:00-04:00,8.199899673461914,8.220000267028809,8.1899995803833,8.199999809265137,101154,0.0,0.0
2024-07-02 11:30:00-04:00,8.199999809265137,8.210000038146973,8.1899995803833,8.194999694824219,55504,0.0,0.0
2024-07-02 12:30:00-04:00,8.199999809265137,8.229999542236328,8.192500114440918,8.220000267028809,159172,0.0,0.0
2024-07-02 13:30:00-04:00,8.225000381469727,8.239999771118164,8.220000267028809,8.220000267028809,100890,0.0,0.0
2024-07-02 14:30:00-04:00,8.210000038146973,8.239999771118164,8.210000038146973,8.225000381469727,116613,0.0,0.0
2024-07-02 15:30:00-04:00,8.225000381469727,8.289999961853027,8.220000267028809,8.289999961853027,162788,0.0,0.0
2024-07-03 09:30:00-04:00,8.289999961853027,8.369999885559082,8.270099639892578,8.319999694824219,202014,0.0,0.0
2024-07-03 10:30:00-04:00,8.329999923706055,8.329999923706055,8.279999732971191,8.300000190734863,73520,0.0,0.0
2024-07-03 11:30:00-04:00,8.300000190734863,8.300000190734863,8.270899772644043,8.279999732971191,132765,0.0,0.0
2024-07-05 09:30:00-04:00,8.350000381469727,8.350000381469727,8.289999961853027,8.289999961853027,197783,0.0,0.0
2024-07-05 10:30:00-04:00,8.290399551391602,8.3100004196167,8.28499984741211,8.309100151062012,100715,0.0,0.0
2024-07-05 11:30:00-04:00,8.300000190734863,8.329999923706055,8.295000076293945,8.300000190734863,75544,0.0,0.0
2024-07-05 12:30:00-04:00,8.294899940490723,8.3100004196167,8.289999961853027,8.305000305175781,61765,0.0,0.0
2024-07-05 13:30:00-04:00,8.305000305175781,8.3149995803833,8.300000190734863,8.3149995803833,67867,0.0,0.0
2024-07-05 14:30:00-04:00,8.3149995803833,8.319999694824219,8.3100004196167,8.3149995803833,76790,0.0,0.0
2024-07-05 15:30:00-04:00,8.3100004196167,8.319999694824219,8.3100004196167,8.319999694824219,50163,0.0,0.0
2024-07-08 09:30:00-04:00,8.319999694824219,8.380000114440918,8.3100004196167,8.319999694824219,146037,0.0,0.0
2024-07-08 10:30:00-04:00,8.321000099182129,8.329999923706055,8.289999961853027,8.319100379943848,149117,0.0,0.0
2024-07-08 11:30:00-04:00,8.3100004196167,8.3100004196167,8.279999732971191,8.29800033569336,89797,0.0,0.0
2024-07-08 12:30:00-04:00,8.300200462341309,8.3100004196167,8.279999732971191,8.295000076293945,71772,0.0,0.0
2024-07-08 13:30:00-04:00,8.295000076293945,8.300000190734863,8.270000457763672,8.274999618530273,106685,0.0,0.0
2024-07-08 14:30:00-04:00,8.270000457763672,8.270000457763672,8.260000228881836,8.265000343322754,68684,0.0,0.0
2024-07-08 15:30:00-04:00,8.260000228881836,8.300000190734863,8.260000228881836,8.300000190734863,48669,0.0,0.0
2024-07-09 09:30:00-04:00,8.279999732971191,8.289999961853027,8.260000228881836,8.270000457763672,129772,0.0,0.0
2024-07-09 10:30:00-04:00,8.264399528503418,8.289999961853027,8.260000228881836,8.279999732971191,79168,0.0,0.0
2024-07-09 11:30:00-04:00,8.28689956665039,8.3100004196167,8.279999732971191,8.28499984741211,107068,0.0,0.0
2024-07-09 12:30:00-04:00,8.289999961853027,8.289999961853027,8.270000457763672,8.279999732971191,148952,0.0,0.0
2024-07-09 13:30:00-04:00,8.270000457763672,8.3100004196167,8.270000457763672,8.305000305175781,100215,0.0,0.0
2024-07-09 14:30:00-04:00,8.300700187683105,8.309900283813477,8.289999961853027,8.305000305175781,45639,0.0,0.0
2024-07-09 15:30:00-04:00,8.305000305175781,8.319999694824219,8.300000190734863,8.305000305175781,67893,0.0,0.0
2024-07-10 09:30:00-04:00,8.359999656677246,8.399999618530273,8.270000457763672,8.380000114440918,748243,0.0,0.0
2024-07-10 10:30:00-04:00,8.375,8.380000114440918,8.350000381469727,8.359000205993652,97113,0.0,0.0
2024-07-10 11:30:00-04:00,8.35890007019043,8.359999656677246,8.34000015258789,8.345000267028809,63105,0.0,0.0
2024-07-10 12:30:00-04:00,8.340100288391113,8.350000381469727,8.324700355529785,8.329999923706055,118930,0.0,0.0
2024-07-10 13:30:00-04:00,8.335000038146973,8.34000015258789,8.319999694824219,8.329899787902832,76300,0.0,0.0
2024-07-10 14:30:00-04:00,8.329899787902832,8.329999923706055,8.3100004196167,8.329999923706055,102933,0.0,0.0
2024-07-10 15:30:00-04:00,8.324999809265137,8.350000381469727,8.3100004196167,8.345000267028809,74896,0.0,0.0
2024-07-11 09:30:00-04:00,8.369999885559082,8.414999961853027,8.360099792480469,8.399999618530273,262303,0.0,0.0
2024-07-11 10:30:00-04:00,8.400300025939941,8.40999984741211,8.390000343322754,8.409000396728516,51451,0.0,0.0
2024-07-11 11:30:00-04:00,8.409799575805664,8.420000076293945,8.404999732971191,8.414999961853027,40238,0.0,0.0
2024-07-11 12:30:00-04:00,8.414999961853027,8.420000076293945,8.399999618530273,8.399999618530273,82831,0.0,0.0
2024-07-11 13:30:00-04:00,8.409899711608887,8.4399995803833,8.399999618530273,8.419899940490723,131545,0.0,0.0
2024-07-11 14:30:00-04:00,8.414999961853027,8.420000076293945,8.369999885559082,8.420000076293945,213481,0.0,0.0
2024-07-11 15:30:00-04:00,8.425000190734863,8.46500015258789,8.420000076293945,8.454999923706055,233337,0.0,0.0
2024-07-12 09:30:00-04:00,8.470000267028809,8.520000457763672,8.460000038146973,8.504899978637695,169292,0.0,0.0
2024-07-12 10:30:00-04:00,8.510000228881836,8.510000228881836,8.489999771118164,8.510000228881836,51081,0.0,0.0
2024-07-12 11:30:00-04:00,8.508899688720703,8.550000190734863,8.489999771118164,8.544099807739258,113692,0.0,0.0
2024-07-12 12:30:00-04:00,8.539999961853027,8.550000190734863,8.515000343322754,8.524999618530273,97592,0.0,0.0
2024-07-12 13:30:00-04:00,8.529999732971191,8.5600004196167,8.520000457763672,8.53499984741211,144996,0.0,0.0
2024-07-12 14:30:00-04:00,8.53499984741211,8.569999694824219,8.520000457763672,8.53499984741211,145283,0.0,0.0
2024-07-12 15:30:00-04:00,8.529999732971191,8.539999961853027,8.515000343322754,8.529999732971191,81601,0.0,0.0
2024-07-15 09:30:00-04:00,8.529999732971191,8.539999961853027,8.430000305175781,8.4399995803833,189290,0.0,0.0
2024-07-15 10:30:00-04:00,8.449799537658691,8.470000267028809,8.40999984741211,8.470000267028809,119187,0.0,0.0
2024-07-15 11:30:00-04:00,8.46500015258789,8.479999542236328,8.444999694824219,8.46500015258789,103526,0.0,0.0
2024-07-15 12:30:00-04:00,8.467700004577637,8.489999771118164,8.460000038146973,8.469900131225586,75776,0.0,0.0
2024-07-15 13:30:00-04:00,8.460000038146973,8.479999542236328,8.449999809265137,8.454999923706055,75078,0.0,0.0
2024-07-15 14:30:00-04:00,8.460000038146973,8.460000038146973,8.420000076293945,8.430000305175781,86090,0.0,0.0
2024-07-15 15:30:00-04:00,8.430000305175781,8.449999809265137,8.420000076293945,8.444999694824219,123902,0.0,0.0
2024-07-16 09:30:00-04:00,8.430000305175781,8.5,8.430000305175781,8.499899864196777,105446,0.0,0.0
2024-07-16 10:30:00-04:00,8.492799758911133,8.5,8.460000038146973,8.489800453186035,90169,0.0,0.0
2024-07-16 11:30:00-04:00,8.484999656677246,8.5,8.470000267028809,8.479900360107422,128127,0.0,0.0
2024-07-16 12:30:00-04:00,8.4798002243042,8.510000228881836,8.470000267028809,8.510000228881836,61636,0.0,0.0
2024-07-16 13:30:00-04:00,8.50979995727539,8.539999961853027,8.505200386047363,8.524999618530273,94744,0.0,0.0
2024-07-16 14:30:00-04:00,8.524999618530273,8.568499565124512,8.520000457763672,8.555000305175781,169910,0.0,0.0
2024-07-16 15:30:00-04:00,8.555000305175781,8.569999694824219,8.550000190734863,8.5600004196167,94070,0.0,0.0
2024-07-17 09:30:00-04:00,8.520000457763672,8.640000343322754,8.489999771118164,8.609999656677246,385894,0.0,0.0
2024-07-17 10:30:00-04:00,8.600000381469727,8.609999656677246,8.59000015258789,8.604999542236328,151791,0.0,0.0
2024-07-17 11:30:00-04:00,8.604999542236328,8.649999618530273,8.604599952697754,8.639900207519531,181638,0.0,0.0
2024-07-17 12:30:00-04:00,8.637900352478027,8.645000457763672,8.630000114440918,8.637399673461914,92008,0.0,0.0
2024-07-17 13:30:00-04:00,8.640000343322754,8.670000076293945,8.630000114440918,8.664999961853027,122769,0.0,0.0
2024-07-17 14:30:00-04:00,8.664999961853027,8.675000190734863,8.635000228881836,8.635000228881836,128276,0.0,0.0
2024-07-17 15:30:00-04:00,8.635000228881836,8.640000343322754,8.600000381469727,8.609999656677246,70150,0.0,0.0
2024-07-18 09:30:00-04:00,8.600000381469727,8.640000343322754,8.579999923706055,8.614999771118164,187582,0.0,0.0
2024-07-18 10:30:00-04:00,8.614999771118164,8.670000076293945,8.609999656677246,8.65999984741211,78199,0.0,0.0
2024-07-18 11:30:00-04:00,8.662500381469727,8.670000076293945,8.619999885559082,8.654999732971191,129774,0.0,0.0
2024-07-18 12:30:00-04:00,8.65149974822998,8.670000076293945,8.649999618530273,8.65999984741211,45205,0.0,0.0
2024-07-18 13:30:00-04:00,8.65999984741211,8.670000076293945,8.640000343322754,8.65999984741211,81556,0.0,0.0
2024-07-18 14:30:00-04:00,8.650099754333496,8.659899711608887,8.579999923706055,8.595000267028809,123290,0.0,0.0
2024-07-18 15:30:00-04:00,8.595000267028809,8.619999885559082,8.595000267028809,8.619999885559082,53313,0.0,0.0
2024-07-19 09:30:00-04:00,8.600000381469727,8.630000114440918,8.569999694824219,8.571100234985352,55111,0.0,0.0
2024-07-19 10:30:00-04:00,8.579899787902832,8.619999885559082,8.569999694824219,8.600199699401855,70375,0.0,0.0
2024-07-19 11:30:00-04:00,8.600000381469727,8.619999885559082,8.59000015258789,8.600000381469727,59674,0.0,0.0
2024-07-19 12:30:00-04:00,8.595000267028809,8.604999542236328,8.585000038146973,8.604999542236328,23294,0.0,0.0
2024-07-19 13:30:00-04:00,8.603699684143066,8.609999656677246,8.600000381469727,8.604999542236328,30175,0.0,0.0
2024-07-19 14:30:00-04:00,8.609999656677246,8.625,8.600000381469727,8.619999885559082,69677,0.0,0.0
2024-07-19 15:30:00-04:00,8.619999885559082,8.619999885559082,8.604999542236328,8.614999771118164,52685,0.0,0.0
2024-07-22 09:30:00-04:00,8.649999618530273,8.710000038146973,8.640000343322754,8.699899673461914,171249,0.0,0.0
2024-07-22 10:30:00-04:00,8.699899673461914,8.739999771118164,8.690899848937988,8.731200218200684,193408,0.0,0.0
2024-07-22 11:30:00-04:00,8.739899635314941,8.739899635314941,8.720000267028809,8.720999717712402,74976,0.0,0.0
2024-07-22 12:30:00-04:00,8.729000091552734,8.739999771118164,8.720000267028809,8.734999656677246,55499,0.0,0.0
2024-07-22 13:30:00-04:00,8.739999771118164,8.739999771118164,8.720000267028809,8.72070026397705,54624,0.0,0.0
2024-07-22 14:30:00-04:00,8.72130012512207,8.729999542236328,8.6850004196167,8.689900398254395,130229,0.0,0.0
2024-07-22 15:30:00-04:00,8.6899995803833,8.694999694824219,8.670000076293945,8.675000190734863,84657,0.0,0.0
2024-07-23 09:30:00-04:00,8.649999618530273,8.6899995803833,8.630000114440918,8.645000457763672,158920,0.0,0.0
2024-07-23 10:30:00-04:00,8.64009952545166,8.680000305175781,8.640000343322754,8.678999900817871,91010,0.0,0.0
2024-07-23 11:30:00-04:00,8.670999526977539,8.6899995803833,8.670000076293945,8.6850004196167,75632,0.0,0.0
2024-07-23 12:30:00-04:00,8.68649959564209,8.6899995803833,8.680000305175781,8.6899995803833,46643,0.0,0.0
2024-07-23 13:30:00-04:00,8.6850004196167,8.6850004196167,8.670000076293945,8.67389965057373,90918,0.0,0.0
2024-07-23 14:30:00-04:00,8.675000190734863,8.704999923706055,8.670000076293945,8.704999923706055,59323,0.0,0.0
2024-07-23 15:30:00-04:00,8.699999809265137,8.699999809265137,8.680000305175781,8.6850004196167,86989,0.0,0.0
2024-07-24 09:30:00-04:00,8.649999618530273,8.70989990234375,8.649999618530273,8.672900199890137,96191,0.0,0.0
2024-07-24 10:30:00-04:00,8.680000305175781,8.699999809265137,8.670000076293945,8.6850004196167,85164,0.0,0.0
2024-07-24 11:30:00-04:00,8.6850004196167,8.729999542236328,8.680000305175781,8.729900360107422,161651,0.0,0.0
2024-07-24 12:30:00-04:00,8.729999542236328,8.729999542236328,8.710000038146973,8.725000381469727,41879,0.0,0.0
2024-07-24 13:30:00-04:00,8.725000381469727,8.739999771118164,8.710000038146973,8.71500015258789,78421,0.0,0.0
2024-07-24 14:30:00-04:00,8.710100173950195,8.720000267028809,8.670000076293945,8.6899995803833,156626,0.0,0.0
2024-07-24 15:30:00-04:00,8.680800437927246,8.725000381469727,8.680800437927246,8.720000267028809,83487,0.0,0.0
2024-07-25 09:30:00-04:00,8.729999542236328,8.789999961853027,8.723999977111816,8.760100364685059,164260,0.0,0.0
2024-07-25 10:30:00-04:00,8.760100364685059,8.765000343322754,8.739999771118164,8.739999771118164,58785,0.0,0.0
2024-07-25 11:30:00-04:00,8.739999771118164,8.741000175476074,8.710000038146973,8.729999542236328,39100,0.0,0.0
2024-07-25 12:30:00-04:00,8.73009967803955,8.760000228881836,8.729700088500977,8.729999542236328,83679,0.0,0.0
2024-07-25 13:30:00-04:00,8.7298002243042,8.75,8.7298002243042,8.731100082397461,47842,0.0,0.0
2024-07-25 14:30:00-04:00,8.739899635314941,8.739899635314941,8.710100173950195,8.729999542236328,146324,0.0,0.0
2024-07-25 15:30:00-04:00,8.725899696350098,8.739999771118164,8.720000267028809,8.725000381469727,45318,0.0,0.0
2024-07-26 09:30:00-04:00,8.739999771118164,8.800000190734863,8.739999771118164,8.773699760437012,90118,0.0,0.0
2024-07-26 10:30:00-04:00,8.779899597167969,8.78499984741211,8.760100364685059,8.781299591064453,64245,0.0,0.0
2024-07-26 11:30:00-04:00,8.781399726867676,8.8100004196167,8.781100273132324,8.800000190734863,101866,0.0,0.0
2024-07-26 12:30:00-04:00,8.806699752807617,8.829999923706055,8.800100326538086,8.8149995803833,60293,0.0,0.0
2024-07-26 13:30:00-04:00,8.819999694824219,8.819999694824219,8.795000076293945,8.800000190734863,61532,0.0,0.0
2024-07-26 14:30:00-04:00,8.798999786376953,8.800000190734863,8.789999961853027,8.794500350952148,40959,0.0,0.0
2024-07-26 15:30:00-04:00,8.795000076293945,8.808099746704102,8.789999961853027,8.800000190734863,42486,0.0,0.0
2024-07-29 09:30:00-04:00,8.8100004196167,8.841300010681152,8.80519962310791,8.824999809265137,81617,0.0,0.0
2024-07-29 10:30:00-04:00,8.826499938964844,8.869999885559082,8.800800323486328,8.866100311279297,125254,0.0,0.0
2024-07-29 11:30:00-04:00,8.859999656677246,8.875,8.850000381469727,8.850000381469727,69172,0.0,0.0
2024-07-29 12:30:00-04:00,8.854999542236328,8.890000343322754,8.845000267028809,8.890000343322754,139066,0.0,0.0
2024-07-29 13:30:00-04:00,8.895000457763672,8.895000457763672,8.869999885559082,8.871299743652344,98276,0.0,0.0
2024-07-29 14:30:00-04:00,8.876999855041504,8.890000343322754,8.869999885559082,8.885000228881836,48770,0.0,0.0
2024-07-29 15:30:00-04:00,8.880900382995605,8.890000343322754,8.875,8.875,33243,0.0,0.0
2024-07-30 09:30:00-04:00,8.899999618530273,8.909899711608887,8.88010025024414,8.899299621582031,85374,0.0,0.0
2024-07-30 10:30:00-04:00,8.899800300598145,8.920000076293945,8.890000343322754,8.90999984741211,126193,0.0,0.0
2024-07-30 11:30:00-04:00,8.906299591064453,8.920000076293945,8.899999618530273,8.914199829101562,59090,0.0,0.0
2024-07-30 12:30:00-04:00,8.910099983215332,8.930000305175781,8.910099983215332,8.929400444030762,30103,0.0,0.0
2024-07-30 13:30:00-04:00,8.92300033569336,8.923299789428711,8.899999618530273,8.899999618530273,46295,0.0,0.0
2024-07-30 14:30:00-04:00,8.900899887084961,8.930000305175781,8.880000114440918,8.930000305175781,80446,0.0,0.0
2024-07-30 15:30:00-04:00,8.938699722290039,8.970000267028809,8.9350004196167,8.96500015258789,158428,0.0,0.0
2024-07-31 09:30:00-04:00,8.949999809265137,8.970000267028809,8.914999961853027,8.96500015258789,136143,0.0,0.0
2024-07-31 10:30:00-04:00,8.969499588012695,8.970000267028809,8.930000305175781,8.930000305175781,80046,0.0,0.0
2024-07-31 11:30:00-04:00,8.939900398254395,8.949999809265137,8.90999984741211,8.949999809265137,61530,0.0,0.0
2024-07-31 12:30:00-04:00,8.94909954071045,8.960000038146973,8.930000305175781,8.9399995803833,67643,0.0,0.0
2024-07-31 13:30:00-04:00,8.944499969482422,8.960000038146973,8.9399995803833,8.954999923706055,52717,0.0,0.0
2024-07-31 14:30:00-04:00,8.95009994506836,8.960000038146973,8.930100440979004,8.9399995803833,60718,0.0,0.0
2024-07-31 15:30:00-04:00,8.9350004196167,8.949999809265137,8.930000305175781,8.9399995803833,67361,0.0,0.0
2024-08-01 09:30:00-04:00,8.90999984741211,8.949999809265137,8.90999984741211,8.9350004196167,187923,0.0,0.0
2024-08-01 10:30:00-04:00,8.9350004196167,8.949999809265137,8.928000450134277,8.930000305175781,101330,0.0,0.0
2024-08-01 11:30:00-04:00,8.929300308227539,8.979999542236328,8.921199798583984,8.979999542236328,121374,0.0,0.0
2024-08-01 12:30:00-04:00,8.979999542236328,9.010000228881836,8.970000267028809,8.984999656677246,195544,0.0,0.0
2024-08-01 13:30:00-04:00,8.984999656677246,9.010000228881836,8.980199813842773,9.010000228881836,94456,0.0,0.0
2024-08-01 14:30:00-04:00,9.005000114440918,9.020000457763672,8.979999542236328,9.015000343322754,141886,0.0,0.0
2024-08-01 15:30:00-04:00,9.015000343322754,9.050000190734863,9.01200008392334,9.039999961853027,67668,0.0,0.0
2024-08-02 09:30:00-04:00,8.920000076293945,9.095000267028809,8.920000076293945,9.005000114440918,427213,0.0,0.0
2024-08-02 10:30:00-04:00,9.0600004196167,9.0600004196167,8.930000305175781,8.949899673461914,242720,0.0,0.0
2024-08-02 11:30:00-04:00,8.949999809265137,8.970000267028809,8.920000076293945,8.949999809265137,212513,0.0,0.0
2024-08-02 12:30:00-04:00,8.930000305175781,8.960000038146973,8.920000076293945,8.920000076293945,86691,0.0,0.0
2024-08-02 13:30:00-04:00,8.9350004196167,8.9350004196167,8.920000076293945,8.925000190734863,90502,0.0,0.0
2024-08-02 14:30:00-04:00,8.925000190734863,8.9399995803833,8.90999984741211,8.9350004196167,137468,0.0,0.0
2024-08-02 15:30:00-04:00,8.9350004196167,8.970000267028809,8.930000305175781,8.960000038146973,50022,0.0,0.0
2024-08-05 09:30:00-04:00,8.75,8.869999885559082,8.729999542236328,8.776300430297852,286484,0.0,0.0
2024-08-05 10:30:00-04:00,8.770000457763672,8.84000015258789,8.75,8.835000038146973,307346,0.0,0.0
2024-08-05 11:30:00-04:00,8.835000038146973,8.864999771118164,8.824999809265137,8.831999778747559,131417,0.0,0.0
2024-08-05 12:30:00-04:00,8.829999923706055,8.829999923706055,8.760000228881836,8.770000457763672,85822,0.0,0.0
2024-08-05 13:30:00-04:00,8.774999618530273,8.795000076293945,8.75,8.795000076293945,90982,0.0,0.0
2024-08-05 14:30:00-04:00,8.789999961853027,8.8100004196167,8.770000457763672,8.770999908447266,183511,0.0,0.0
2024-08-05 15:30:00-04:00,8.770000457763672,8.774999618530273,8.75,8.760000228881836,66915,0.0,0.0
2024-08-06 09:30:00-04:00,8.729999542236328,8.925000190734863,8.729999542236328,8.90999984741211,194334,0.0,0.0
2024-08-06 10:30:00-04:00,8.904999732971191,8.919699668884277,8.880000114440918,8.88010025024414,124593,0.0,0.0
2024-08-06 11:30:00-04:00,8.885000228881836,8.9399995803833,8.885000228881836,8.930000305175781,53136,0.0,0.0
2024-08-06 12:30:00-04:00,8.930000305175781,8.9399995803833,8.920000076293945,8.9399995803833,52248,0.0,0.0
2024-08-06 13:30:00-04:00,8.9399995803833,8.960000038146973,8.930000305175781,8.938799858093262,81441,0.0,0.0
2024-08-06 14:30:00-04:00,8.930100440979004,8.9399995803833,8.895000457763672,8.920000076293945,89692,0.0,0.0
2024-08-06 15:30:00-04:00,8.920000076293945,8.920000076293945,8.90999984741211,8.914999961853027,37790,0.0,0.0
2024-08-07 09:30:00-04:00,8.90999984741211,8.975600242614746,8.90999984741211,8.970000267028809,128066,0.0,0.0
2024-08-07 10:30:00-04:00,8.975000381469727,8.979900360107422,8.9399995803833,8.96500015258789,77032,0.0,0.0
2024-08-07 11:30:00-04:00,8.960100173950195,8.969900131225586,8.920000076293945,8.926799774169922,88604,0.0,0.0
2024-08-07 12:30:00-04:00,8.920000076293945,8.920000076293945,8.869999885559082,8.903800010681152,71870,0.0,0.0
2024-08-07 13:30:00-04:00,8.904999732971191,8.920000076293945,8.84000015258789,8.84000015258789,57966,0.0,0.0
2024-08-07 14:30:00-04:00,8.84000015258789,8.845000267028809,8.819999694824219,8.84000015258789,148523,0.0,0.0
2024-08-07 15:30:00-04:00,8.839699745178223,8.859999656677246,8.839699745178223,8.854999542236328,65455,0.0,0.0
2024-08-08 09:30:00-04:00,8.90999984741211,8.941900253295898,8.851300239562988,8.9399995803833,108141,0.0,0.0
2024-08-08 10:30:00-04:00,8.940099716186523,8.949999809265137,8.918000221252441,8.925000190734863,79684,0.0,0.0
2024-08-08 11:30:00-04:00,8.921099662780762,8.929900169372559,8.890000343322754,8.895000457763672,49464,0.0,0.0
2024-08-08 12:30:00-04:00,8.89799976348877,8.930000305175781,8.890000343322754,8.923500061035156,180741,0.0,0.0
2024-08-08 13:30:00-04:00,8.925999641418457,8.9399995803833,8.920100212097168,8.9350004196167,46626,0.0,0.0
2024-08-08 14:30:00-04:00,8.9350004196167,8.949999809265137,8.914999961853027,8.944999694824219,74793,0.0,0.0
2024-08-08 15:30:00-04:00,8.9399995803833,8.949999809265137,8.920000076293945,8.925000190734863,29313,0.0,0.0
2024-08-09 09:30:00-04:00,8.90999984741211,8.90999984741211,8.829999923706055,8.90999984741211,152521,0.0,0.0
2024-08-09 10:30:00-04:00,8.904999732971191,8.930000305175781,8.890000343322754,8.925000190734863,74055,0.0,0.0
2024-08-09 11:30:00-04:00,8.930000305175781,8.949999809265137,8.930000305175781,8.9350004196167,42545,0.0,0.0
2024-08-09 12:30:00-04:00,8.9350004196167,8.949999809265137,8.930000305175781,8.94480037689209,11153,0.0,0.0
2024-08-09 13:30:00-04:00,8.944999694824219,8.944999694824219,8.899999618530273,8.925000190734863,119594,0.0,0.0
2024-08-09 14:30:00-04:00,8.930000305175781,8.960000038146973,8.920100212097168,8.9350004196167,65726,0.0,0.0
2024-08-09 15:30:00-04:00,8.9350004196167,8.949999809265137,8.920000076293945,8.949999809265137,59098,0.0,0.0
2024-08-12 09:30:00-04:00,8.989999771118164,9.100000381469727,8.963500022888184,9.010250091552734,399481,0.0,0.0
2024-08-12 10:30:00-04:00,9.015000343322754,9.029999732971191,8.991000175476074,9.0,43309,0.0,0.0
2024-08-12 11:30:00-04:00,9.005000114440918,9.029999732971191,9.005000114440918,9.02079963684082,59041,0.0,0.0
2024-08-12 12:30:00-04:00,9.025699615478516,9.039999961853027,9.020000457763672,9.039999961853027,35161,0.0,0.0
2024-08-12 13:30:00-04:00,9.038999557495117,9.039999961853027,9.020099639892578,9.029999732971191,69455,0.0,0.0
2024-08-12 14:30:00-04:00,9.03499984741211,9.039999961853027,9.020000457763672,9.029999732971191,48443,0.0,0.0
2024-08-12 15:30:00-04:00,9.029999732971191,9.039999961853027,9.029999732971191,9.039999961853027,18553,0.0,0.0
2024-08-13 09:30:00-04:00,9.020000457763672,9.039999961853027,9.006099700927734,9.0108003616333,186167,0.0,0.0
2024-08-13 10:30:00-04:00,9.024900436401367,9.069999694824219,9.006099700927734,9.069700241088867,249563,0.0,0.0
2024-08-13 11:30:00-04:00,9.045000076293945,9.079999923706055,9.030099868774414,9.069199562072754,275164,0.0,0.0
2024-08-13 12:30:00-04:00,9.069899559020996,9.109999656677246,9.0600004196167,9.104999542236328,295853,0.0,0.0
2024-08-13 13:30:00-04:00,9.090100288391113,9.119999885559082,9.089900016784668,9.111300468444824,254043,0.0,0.0
2024-08-13 14:30:00-04:00,9.115500450134277,9.130000114440918,9.109999656677246,9.125,118967,0.0,0.0
2024-08-13 15:30:00-04:00,9.125,9.128399848937988,9.050000190734863,9.0600004196167,91570,0.0,0.0
2024-08-14 09:30:00-04:00,9.079999923706055,9.100000381469727,9.050100326538086,9.079999923706055,86046,0.0,0.0
2024-08-14 10:30:00-04:00,9.09000015258789,9.09570026397705,9.079999923706055,9.085000038146973,39463,0.0,0.0
2024-08-14 11:30:00-04:00,9.080300331115723,9.089799880981445,9.0600004196167,9.0600004196167,51339,0.0,0.0
2024-08-14 12:30:00-04:00,9.064399719238281,9.069999694824219,8.993300437927246,8.999899864196777,85219,0.0,0.0
2024-08-14 13:30:00-04:00,8.998000144958496,9.029899597167969,8.989999771118164,9.01360034942627,69554,0.0,0.0
2024-08-14 14:30:00-04:00,9.015000343322754,9.029999732971191,9.001999855041504,9.005000114440918,28663,0.0,0.0
2024-08-14 15:30:00-04:00,9.0,9.005000114440918,8.979999542236328,8.984999656677246,63623,0.0,0.0
2024-08-15 09:30:00-04:00,8.989999771118164,8.990099906921387,8.949999809265137,8.984999656677246,244715,0.0,0.0
2024-08-15 10:30:00-04:00,8.984999656677246,9.028400421142578,8.975000381469727,9.0,156343,0.0,0.0
2024-08-15 11:30:00-04:00,9.013099670410156,9.039999961853027,9.010000228881836,9.029999732971191,104082,0.0,0.0
2024-08-15 12:30:00-04:00,9.022500038146973,9.029899597167969,9.005000114440918,9.005000114440918,52477,0.0,0.0
2024-08-15 13:30:00-04:00,9.004599571228027,9.029999732971191,9.001999855041504,9.029999732971191,28709,0.0,0.0
2024-08-15 14:30:00-04:00,9.024999618530273,9.039999961853027,9.010100364685059,9.029999732971191,75103,0.0,0.0
2024-08-15 15:30:00-04:00,9.03499984741211,9.039999961853027,9.010000228881836,9.015000343322754,29744,0.0,0.0
2024-08-16 09:30:00-04:00,9.0,9.059000015258789,8.994999885559082,9.024999618530273,160778,0.0,0.0
2024-08-16 10:30:00-04:00,9.0201997756958,9.045000076293945,9.005000114440918,9.03499984741211,43704,0.0,0.0
2024-08-16 11:30:00-04:00,9.03499984741211,9.046699523925781,9.029999732971191,9.045000076293945,46759,0.0,0.0
2024-08-16 12:30:00-04:00,9.04800033569336,9.0600004196167,9.041000366210938,9.059900283813477,38599,0.0,0.0
2024-08-16 13:30:00-04:00,9.056599617004395,9.100000381469727,9.053400039672852,9.079999923706055,64103,0.0,0.0
2024-08-16 14:30:00-04:00,9.074999809265137,9.074999809265137,9.024999618530273,9.024999618530273,62885,0.0,0.0
2024-08-16 15:30:00-04:00,9.024999618530273,9.045000076293945,9.020500183105469,9.029999732971191,23689,0.0,0.0
2024-08-19 09:30:00-04:00,9.010000228881836,9.100000381469727,9.010000228881836,9.095000267028809,126250,0.0,0.0
2024-08-19 10:30:00-04:00,9.095000267028809,9.119999885559082,9.085000038146973,9.095000267028809,88645,0.0,0.0
2024-08-19 11:30:00-04:00,9.090100288391113,9.109999656677246,9.090100288391113,9.104999542236328,75749,0.0,0.0
2024-08-19 12:30:00-04:00,9.100000381469727,9.119999885559082,9.100000381469727,9.104999542236328,86723,0.0,0.0
2024-08-19 13:30:00-04:00,9.100199699401855,9.119999885559082,9.100000381469727,9.114999771118164,65704,0.0,0.0
2024-08-19 14:30:00-04:00,9.116499900817871,9.119999885559082,9.100000381469727,9.104999542236328,46938,0.0,0.0
2024-08-19 15:30:00-04:00,9.10990047454834,9.109999656677246,9.100000381469727,9.109999656677246,21275,0.0,0.0
2024-08-20 09:30:00-04:00,9.130000114440918,9.170000076293945,9.119999885559082,9.128999710083008,140359,0.0,0.0
2024-08-20 10:30:00-04:00,9.128999710083008,9.149900436401367,9.100000381469727,9.119999885559082,121136,0.0,0.0
2024-08-20 11:30:00-04:00,9.125,9.140000343322754,9.119999885559082,9.125,61198,0.0,0.0
2024-08-20 12:30:00-04:00,9.128000259399414,9.140000343322754,9.125,9.135000228881836,21627,0.0,0.0
2024-08-20 13:30:00-04:00,9.133500099182129,9.133500099182129,9.119999885559082,9.130000114440918,46251,0.0,0.0
2024-08-20 14:30:00-04:00,9.120100021362305,9.140000343322754,9.109999656677246,9.119999885559082,76565,0.0,0.0
2024-08-20 15:30:00-04:00,9.119999885559082,9.149999618530273,9.109999656677246,9.140000343322754,56132,0.0,0.0
2024-08-21 09:30:00-04:00,9.15999984741211,9.211999893188477,9.154999732971191,9.20989990234375,183387,0.0,0.0
2024-08-21 10:30:00-04:00,9.20009994506836,9.239999771118164,9.199999809265137,9.220399856567383,90516,0.0,0.0
2024-08-21 11:30:00-04:00,9.21619987487793,9.220000267028809,9.199999809265137,9.220000267028809,50808,0.0,0.0
2024-08-21 12:30:00-04:00,9.21500015258789,9.229999542236328,9.210000038146973,9.225000381469727,41085,0.0,0.0
2024-08-21 13:30:00-04:00,9.225000381469727,9.26990032196045,9.225000381469727,9.255000114440918,73524,0.0,0.0
2024-08-21 14:30:00-04:00,9.260000228881836,9.270000457763672,9.23009967803955,9.244999885559082,88691,0.0,0.0
2024-08-21 15:30:00-04:00,9.244999885559082,9.279999732971191,9.244999885559082,9.279999732971191,72647,0.0,0.0
2024-08-22 09:30:00-04:00,9.220000267028809,9.279999732971191,9.220000267028809,9.265000343322754,146492,0.0,0.0
2024-08-22 10:30:00-04:00,9.26200008392334,9.27400016784668,9.25,9.255000114440918,60915,0.0,0.0
2024-08-22 11:30:00-04:00,9.255999565124512,9.289999961853027,9.25,9.276700019836426,75395,0.0,0.0
2024-08-22 12:30:00-04:00,9.274999618530273,9.289999961853027,9.260000228881836,9.260000228881836,59065,0.0,0.0
2024-08-22 13:30:00-04:00,9.265000343322754,9.265000343322754,9.25,9.251399993896484,51643,0.0,0.0
2024-08-22 14:30:00-04:00,9.259900093078613,9.279999732971191,9.25,9.255000114440918,88606,0.0,0.0
2024-08-22 15:30:00-04:00,9.255000114440918,9.28499984741211,9.25,9.28499984741211,59878,0.0,0.0
2024-08-23 09:30:00-04:00,9.289999961853027,9.399900436401367,9.280099868774414,9.390000343322754,174289,0.0,0.0
2024-08-23 10:30:00-04:00,9.376799583435059,9.385000228881836,9.350000381469727,9.364999771118164,63000,0.0,0.0
2024-08-23 11:30:00-04:00,9.361300468444824,9.389900207519531,9.350099563598633,9.37559986114502,103911,0.0,0.0
2024-08-23 12:30:00-04:00,9.369999885559082,9.380000114440918,9.350000381469727,9.371399879455566,46910,0.0,0.0
2024-08-23 13:30:00-04:00,9.3774995803833,9.399999618530273,9.364999771118164,9.390700340270996,112974,0.0,0.0
2024-08-23 14:30:00-04:00,9.391400337219238,9.40999984741211,9.380000114440918,9.404999732971191,57953,0.0,0.0
2024-08-23 15:30:00-04:00,9.401200294494629,9.40999984741211,9.395000457763672,9.404999732971191,61750,0.0,0.0
2024-08-26 09:30:00-04:00,9.420000076293945,9.5,9.414899826049805,9.499799728393555,135129,0.0,0.0
2024-08-26 10:30:00-04:00,9.494999885559082,9.5,9.460000038146973,9.461199760437012,108237,0.0,0.0
2024-08-26 11:30:00-04:00,9.461099624633789,9.5,9.461099624633789,9.494999885559082,86691,0.0,0.0
2024-08-26 12:30:00-04:00,9.491100311279297,9.5,9.479999542236328,9.494999885559082,40179,0.0,0.0
2024-08-26 13:30:00-04:00,9.491000175476074,9.5,9.479999542236328,9.494999885559082,35834,0.0,0.0
2024-08-26 14:30:00-04:00,9.499899864196777,9.539999961853027,9.489999771118164,9.524999618530273,87929,0.0,0.0
2024-08-26 15:30:00-04:00,9.524999618530273,9.539999961853027,9.520500183105469,9.539999961853027,73844,0.0,0.0
2024-08-27 09:30:00-04:00,9.550000190734863,9.584199905395508,9.529999732971191,9.574999809265137,134937,0.0,0.0
2024-08-27 10:30:00-04:00,9.579899787902832,9.609999656677246,9.569999694824219,9.604999542236328,323058,0.0,0.0
2024-08-27 11:30:00-04:00,9.600000381469727,9.604999542236328,9.550000190734863,9.5649995803833,103761,0.0,0.0
2024-08-27 12:30:00-04:00,9.555000305175781,9.59000015258789,9.550000190734863,9.59000015258789,93157,0.0,0.0
2024-08-27 13:30:00-04:00,9.59000015258789,9.600000381469727,9.574999809265137,9.58530044555664,108364,0.0,0.0
2024-08-27 14:30:00-04:00,9.585000038146973,9.59000015258789,9.529999732971191,9.539999961853027,172010,0.0,0.0
2024-08-27 15:30:00-04:00,9.539999961853027,9.54990005493164,9.529999732971191,9.545000076293945,43995,0.0,0.0
2024-08-28 09:30:00-04:00,9.529999732971191,9.539899826049805,9.460000038146973,9.479000091552734,119680,0.0,0.0
2024-08-28 10:30:00-04:00,9.475299835205078,9.524999618530273,9.46500015258789,9.515000343322754,87234,0.0,0.0
2024-08-28 11:30:00-04:00,9.515000343322754,9.51990032196045,9.479999542236328,9.489700317382812,89930,0.0,0.0
2024-08-28 12:30:00-04:00,9.480799674987793,9.489999771118164,9.470000267028809,9.479999542236328,42623,0.0,0.0
2024-08-28 13:30:00-04:00,9.484999656677246,9.489800453186035,9.420000076293945,9.444999694824219,133392,0.0,0.0
2024-08-28 14:30:00-04:00,9.449700355529785,9.460000038146973,9.430100440979004,9.444999694824219,53085,0.0,0.0
2024-08-28 15:30:00-04:00,9.444999694824219,9.479999542236328,9.4399995803833,9.46500015258789,46829,0.0,0.0
2024-08-29 09:30:00-04:00,9.420000076293945,9.500100135803223,9.414999961853027,9.500100135803223,157120,0.0,0.0
2024-08-29 10:30:00-04:00,9.509599685668945,9.509599685668945,9.460000038146973,9.471400260925293,90390,0.0,0.0
2024-08-29 11:30:00-04:00,9.478500366210938,9.5,9.470000267028809,9.49120044708252,60235,0.0,0.0
2024-08-29 12:30:00-04:00,9.494999885559082,9.5,9.489999771118164,9.494999885559082,50280,0.0,0.0
2024-08-29 13:30:00-04:00,9.490099906921387,9.5,9.479999542236328,9.479999542236328,32544,0.0,0.0
2024-08-29 14:30:00-04:00,9.479999542236328,9.510000228881836,9.470000267028809,9.505000114440918,80992,0.0,0.0
2024-08-29 15:30:00-04:00,9.509699821472168,9.520000457763672,9.489999771118164,9.515000343322754,49092,0.0,0.0
2024-08-30 09:30:00-04:00,9.430000305175781,9.5,9.430000305175781,9.454999923706055,87255,0.0,0.0
2024-08-30 10:30:00-04:00,9.454999923706055,9.479999542236328,9.430000305175781,9.479999542236328,70626,0.0,0.0
2024-08-30 11:30:00-04:00,9.479999542236328,9.5,9.470000267028809,9.489999771118164,98087,0.0,0.0
2024-08-30 12:30:00-04:00,9.479999542236328,9.497099876403809,9.470100402832031,9.489999771118164,34939,0.0,0.0
2024-08-30 13:30:00-04:00,9.489999771118164,9.489999771118164,9.470000267028809,9.470000267028809,23489,0.0,0.0
2024-08-30 14:30:00-04:00,9.470000267028809,9.475000381469727,9.449999809265137,9.471400260925293,46492,0.0,0.0
2024-08-30 15:30:00-04:00,9.47130012512207,9.489999771118164,9.47130012512207,9.479999542236328,52573,0.0,0.0
2024-09-03 09:30:00-04:00,9.489999771118164,9.489999771118164,9.410099983215332,9.420000076293945,171613,0.0,0.0
2024-09-03 10:30:00-04:00,9.432499885559082,9.470000267028809,9.430000305175781,9.46500015258789,141312,0.0,0.0
2024-09-03 11:30:00-04:00,9.470000267028809,9.5,9.460100173950195,9.498000144958496,69667,0.0,0.0
2024-09-03 12:30:00-04:00,9.494999885559082,9.5,9.474900245666504,9.5,61268,0.0,0.0
2024-09-03 13:30:00-04:00,9.494999885559082,9.5,9.460000038146973,9.479999542236328,77512,0.0,0.0
2024-09-03 14:30:00-04:00,9.479499816894531,9.489999771118164,9.475000381469727,9.483499526977539,53057,0.0,0.0
2024-09-03 15:30:00-04:00,9.489999771118164,9.489999771118164,9.470000267028809,9.471099853515625,46850,0.0,0.0
2024-09-04 09:30:00-04:00,9.489999771118164,9.569999694824219,9.479999542236328,9.560099601745605,281258,0.0,0.0
2024-09-04 10:30:00-04:00,9.5600004196167,9.579999923706055,9.545000076293945,9.579899787902832,195548,0.0,0.0
2024-09-04 11:30:00-04:00,9.574999809265137,9.579999923706055,9.5600004196167,9.579899787902832,92389,0.0,0.0
2024-09-04 12:30:00-04:00,9.5600004196167,9.619999885559082,9.5600004196167,9.600000381469727,129261,0.0,0.0
2024-09-04 13:30:00-04:00,9.609999656677246,9.609999656677246,9.579999923706055,9.585000038146973,75490,0.0,0.0
2024-09-04 14:30:00-04:00,9.579999923706055,9.609999656677246,9.5600004196167,9.599800109863281,294252,0.0,0.0
2024-09-04 15:30:00-04:00,9.595000267028809,9.619999885559082,9.59000015258789,9.619999885559082,61770,0.0,0.0
2024-09-05 09:30:00-04:00,9.600000381469727,9.65999984741211,9.600000381469727,9.625,126795,0.0,0.0
2024-09-05 10:30:00-04:00,9.625,9.635000228881836,9.579999923706055,9.60990047454834,118809,0.0,0.0
2024-09-05 11:30:00-04:00,9.600899696350098,9.619999885559082,9.59000015258789,9.604999542236328,84629,0.0,0.0
2024-09-05 12:30:00-04:00,9.609999656677246,9.629899978637695,9.600000381469727,9.600099563598633,77355,0.0,0.0
2024-09-05 13:30:00-04:00,9.604999542236328,9.609999656677246,9.600000381469727,9.604999542236328,33554,0.0,0.0
2024-09-05 14:30:00-04:00,9.604499816894531,9.609000205993652,9.579999923706055,9.59000015258789,92099,0.0,0.0
2024-09-05 15:30:00-04:00,9.585100173950195,9.609999656677246,9.585100173950195,9.600000381469727,15474,0.0,0.0
2024-09-06 09:30:00-04:00,9.5600004196167,9.647500038146973,9.5600004196167,9.59000015258789,121768,0.0,0.0
2024-09-06 10:30:00-04:00,9.595000267028809,9.600000381469727,9.5649995803833,9.585000038146973,55958,0.0,0.0
2024-09-06 11:30:00-04:00,9.585000038146973,9.600000381469727,9.579999923706055,9.595000267028809,45581,0.0,0.0
2024-09-06 12:30:00-04:00,9.599900245666504,9.604999542236328,9.550299644470215,9.5649995803833,110262,0.0,0.0
2024-09-06 13:30:00-04:00,9.557999610900879,9.5600004196167,9.539999961853027,9.541199684143066,64896,0.0,0.0
2024-09-06 14:30:00-04:00,9.54889965057373,9.569999694824219,9.539999961853027,9.5600004196167,88362,0.0,0.0
2024-09-06 15:30:00-04:00,9.5600004196167,9.569999694824219,9.520000457763672,9.524999618530273,77586,0.0,0.0
2024-09-09 09:30:00-04:00,9.529999732971191,9.630000114440918,9.520000457763672,9.595000267028809,97109,0.0,0.0
2024-09-09 10:30:00-04:00,9.595000267028809,9.630000114440918,9.59000015258789,9.609199523925781,77744,0.0,0.0
2024-09-09 11:30:00-04:00,9.609999656677246,9.630000114440918,9.600000381469727,9.609999656677246,74195,0.0,0.0
2024-09-09 12:30:00-04:00,9.614999771118164,9.619999885559082,9.609999656677246,9.614999771118164,32787,0.0,0.0
2024-09-09 13:30:00-04:00,9.61989974975586,9.619999885559082,9.59000015258789,9.60990047454834,137048,0.0,0.0
2024-09-09 14:30:00-04:00,9.604999542236328,9.61989974975586,9.590900421142578,9.600000381469727,105903,0.0,0.0
2024-09-09 15:30:00-04:00,9.600000381469727,9.619999885559082,9.59000015258789,9.619999885559082,54070,0.0,0.0
2024-09-10 09:30:00-04:00,9.65999984741211,9.829999923706055,9.649999618530273,9.680000305175781,471565,0.0,0.0
2024-09-10 10:30:00-04:00,9.689900398254395,9.725000381469727,9.680000305175781,9.710000038146973,119426,0.0,0.0
2024-09-10 11:30:00-04:00,9.710000038146973,9.759900093078613,9.699999809265137,9.759900093078613,148030,0.0,0.0
2024-09-10 12:30:00-04:00,9.755000114440918,9.78499984741211,9.739999771118164,9.739999771118164,98107,0.0,0.0
2024-09-10 13:30:00-04:00,9.740599632263184,9.749899864196777,9.670100212097168,9.688699722290039,86297,0.0,0.0
2024-09-10 14:30:00-04:00,9.6899995803833,9.739700317382812,9.6899995803833,9.734999656677246,103369,0.0,0.0
2024-09-10 15:30:00-04:00,9.729999542236328,9.75,9.720000267028809,9.739999771118164,52394,0.0,0.0
2024-09-11 09:30:00-04:00,9.789999961853027,9.789999961853027,9.649999618530273,9.675000190734863,169523,0.0,0.0
2024-09-11 10:30:00-04:00,9.670000076293945,9.68946361541748,9.630000114440918,9.668899536132812,123509,0.0,0.0
2024-09-11 11:30:00-04:00,9.668700218200684,9.688799858093262,9.654999732971191,9.678400039672852,67118,0.0,0.0
2024-09-11 12:30:00-04:00,9.675000190734863,9.710000038146973,9.670100212097168,9.699999809265137,78835,0.0,0.0
2024-09-11 13:30:00-04:00,9.699999809265137,9.739999771118164,9.691200256347656,9.710000038146973,84418,0.0,0.0
2024-09-11 14:30:00-04:00,9.711099624633789,9.739999771118164,9.710000038146973,9.720000267028809,95844,0.0,0.0
2024-09-11 15:30:00-04:00,9.729999542236328,9.739999771118164,9.711199760437012,9.729999542236328,26857,0.0,0.0
2024-09-12 09:30:00-04:00,9.710000038146973,9.729999542236328,9.6899995803833,9.699999809265137,114059,0.0,0.0
2024-09-12 10:30:00-04:00,9.699899673461914,9.699999809265137,9.670000076293945,9.675000190734863,53448,0.0,0.0
2024-09-12 11:30:00-04:00,9.672900199890137,9.680000305175781,9.670000076293945,9.675000190734863,43119,0.0,0.0
2024-09-12 12:30:00-04:00,9.675000190734863,9.6899995803833,9.670000076293945,9.680000305175781,52374,0.0,0.0
2024-09-12 13:30:00-04:00,9.680000305175781,9.6899995803833,9.65999984741211,9.65999984741211,83047,0.0,0.0
2024-09-12 14:30:00-04:00,9.664999961853027,9.670000076293945,9.640000343322754,9.654999732971191,101401,0.0,0.0
2024-09-12 15:30:00-04:00,9.654999732971191,9.6899995803833,9.654999732971191,9.65999984741211,61655,0.0,0.0
2024-09-13 09:30:00-04:00,9.65999984741211,9.71500015258789,9.65999984741211,9.71500015258789,72046,0.0,0.0
2024-09-13 10:30:00-04:00,9.6899995803833,9.746700286865234,9.6899995803833,9.734999656677246,154713,0.0,0.0
2024-09-13 11:30:00-04:00,9.718899726867676,9.779999732971191,9.714099884033203,9.744999885559082,145309,0.0,0.0
2024-09-13 12:30:00-04:00,9.770000457763672,9.770000457763672,9.73009967803955,9.73009967803955,69168,0.0,0.0
2024-09-13 13:30:00-04:00,9.750100135803223,9.750100135803223,9.704999923706055,9.72599983215332,104583,0.0,0.0
2024-09-13 14:30:00-04:00,9.710000038146973,9.729999542236328,9.704999923706055,9.725000381469727,75943,0.0,0.0
2024-09-13 15:30:00-04:00,9.725000381469727,9.75,9.720100402832031,9.744999885559082,37443,0.0,0.0
