Datetime,Open,High,Low,Close,Volume,Dividends,Stock Splits,Capital Gains
2022-09-15 09:30:00-04:00,21.086999893188477,21.110000610351562,21.086999893188477,21.110000610351562,0,0.0,0.0,0.0
2022-09-15 10:30:00-04:00,21.110000610351562,21.110000610351562,21.110000610351562,21.110000610351562,323,0.0,0.0,0.0
2022-09-15 12:30:00-04:00,21.06999969482422,21.084999084472656,21.06999969482422,21.079999923706055,351,0.0,0.0,0.0
2022-09-16 09:30:00-04:00,21.138599395751953,21.138599395751953,21.13089942932129,21.13089942932129,0,0.0,0.0,0.0
2022-09-16 10:30:00-04:00,21.149999618530273,21.149999618530273,21.146799087524414,21.146799087524414,317,0.0,0.0,0.0
2022-09-16 11:30:00-04:00,21.1200008392334,21.1200008392334,21.110000610351562,21.110000610351562,555,0.0,0.0,0.0
2022-09-19 09:30:00-04:00,21.018600463867188,21.020000457763672,21.018600463867188,21.020000457763672,0,0.0,0.0,0.0
2022-09-19 10:30:00-04:00,21.03499984741211,21.03499984741211,21.020000457763672,21.020000457763672,566,0.0,0.0,0.0
2022-09-19 11:30:00-04:00,21.045000076293945,21.045000076293945,21.045000076293945,21.045000076293945,2419,0.0,0.0,0.0
2022-09-19 12:30:00-04:00,21.065000534057617,21.065000534057617,21.065000534057617,21.065000534057617,100,0.0,0.0,0.0
2022-09-19 13:30:00-04:00,21.024999618530273,21.024999618530273,21.024999618530273,21.024999618530273,325,0.0,0.0,0.0
2022-09-19 14:30:00-04:00,21.030000686645508,21.030000686645508,21.020000457763672,21.020000457763672,363,0.0,0.0,0.0
2022-09-20 09:30:00-04:00,20.8700008392334,20.889999389648438,20.86840057373047,20.889999389648438,0,0.0,0.0,0.0
2022-09-20 11:30:00-04:00,20.895000457763672,20.895000457763672,20.889999389648438,20.889999389648438,151,0.0,0.0,0.0
2022-09-21 10:30:00-04:00,20.90999984741211,20.917299270629883,20.90999984741211,20.917299270629883,0,0.0,0.0,0.0
2022-09-21 11:30:00-04:00,20.889999389648438,20.889999389648438,20.889999389648438,20.889999389648438,1216,0.0,0.0,0.0
2022-09-21 13:30:00-04:00,20.82270050048828,20.82270050048828,20.82270050048828,20.82270050048828,812,0.0,0.0,0.0
2022-09-21 15:30:00-04:00,20.96500015258789,20.979999542236328,20.96500015258789,20.979999542236328,100,0.0,0.0,0.0
2022-09-22 09:30:00-04:00,20.735000610351562,20.735000610351562,20.735000610351562,20.735000610351562,0,0.0,0.0,0.0
2022-09-22 11:30:00-04:00,20.674999237060547,20.68000030517578,20.65999984741211,20.665000915527344,1370,0.0,0.0,0.0
2022-09-23 09:30:00-04:00,20.654499053955078,20.654499053955078,20.6299991607666,20.639999389648438,565,0.0,0.0,0.0
2022-09-23 10:30:00-04:00,20.639999389648438,20.649999618530273,20.600000381469727,20.600000381469727,2272,0.0,0.0,0.0
2022-09-23 13:30:00-04:00,20.68899917602539,20.68899917602539,20.68470001220703,20.68470001220703,289,0.0,0.0,0.0
2022-09-26 09:30:00-04:00,20.520000457763672,20.545000076293945,20.520000457763672,20.545000076293945,0,0.0,0.0,0.0
2022-09-26 10:30:00-04:00,20.549999237060547,20.549999237060547,20.53499984741211,20.53499984741211,416,0.0,0.0,0.0
2022-09-26 11:30:00-04:00,20.510000228881836,20.530000686645508,20.479999542236328,20.479999542236328,2324,0.0,0.0,0.0
2022-09-26 13:30:00-04:00,20.329999923706055,20.350000381469727,20.329999923706055,20.350000381469727,690,0.0,0.0,0.0
2022-09-27 09:30:00-04:00,20.34000015258789,20.34000015258789,20.34000015258789,20.34000015258789,0,0.0,0.0,0.0
2022-09-27 11:30:00-04:00,20.260000228881836,20.260000228881836,20.235000610351562,20.235000610351562,668,0.0,0.0,0.0
2022-09-27 13:30:00-04:00,20.219999313354492,20.225000381469727,20.219999313354492,20.225000381469727,2960,0.0,0.0,0.0
2022-09-27 15:30:00-04:00,20.219999313354492,20.219999313354492,20.209999084472656,20.209999084472656,0,0.0,0.0,0.0
2022-09-28 09:30:00-04:00,20.43000030517578,20.43000030517578,20.43000030517578,20.43000030517578,414,0.0,0.0,0.0
2022-09-28 10:30:00-04:00,20.482999801635742,20.485000610351562,20.482999801635742,20.485000610351562,3737,0.0,0.0,0.0
2022-09-28 11:30:00-04:00,20.559999465942383,20.56999969482422,20.559999465942383,20.56999969482422,998,0.0,0.0,0.0
2022-09-28 14:30:00-04:00,20.65999984741211,20.670000076293945,20.65999984741211,20.670000076293945,581,0.0,0.0,0.0
2022-09-29 09:30:00-04:00,20.510000228881836,20.514999389648438,20.510000228881836,20.510000228881836,0,0.0,0.0,0.0
2022-09-29 10:30:00-04:00,20.539499282836914,20.539499282836914,20.53499984741211,20.538799285888672,467,0.0,0.0,0.0
2022-09-29 11:30:00-04:00,20.6299991607666,20.6299991607666,20.610000610351562,20.610000610351562,200,0.0,0.0,0.0
2022-09-29 12:30:00-04:00,20.600000381469727,20.600000381469727,20.600000381469727,20.600000381469727,330,0.0,0.0,0.0
2022-09-29 13:30:00-04:00,20.575000762939453,20.579999923706055,20.549999237060547,20.579999923706055,1522,0.0,0.0,0.0
2022-09-29 14:30:00-04:00,20.600000381469727,20.600000381469727,20.559999465942383,20.559999465942383,3306,0.0,0.0,0.0
2022-09-30 11:30:00-04:00,20.6200008392334,20.6200008392334,20.530000686645508,20.530000686645508,0,0.0,0.0,0.0
2022-10-03 09:30:00-04:00,20.65999984741211,20.65999984741211,20.64900016784668,20.64900016784668,0,0.0,0.0,0.0
2022-10-03 11:30:00-04:00,20.806699752807617,20.806699752807617,20.77039909362793,20.77039909362793,1001,0.0,0.0,0.0
2022-10-03 12:30:00-04:00,20.760000228881836,20.760000228881836,20.709999084472656,20.760000228881836,117,0.0,0.0,0.0
2022-10-04 09:30:00-04:00,20.779600143432617,20.86389923095703,20.779600143432617,20.86389923095703,0,0.0,0.0,0.0
2022-10-04 10:30:00-04:00,20.84000015258789,20.84000015258789,20.829999923706055,20.829999923706055,876,0.0,0.0,0.0
2022-10-04 13:30:00-04:00,20.780000686645508,20.780000686645508,20.764999389648438,20.764999389648438,574,0.0,0.0,0.0
2022-10-04 15:30:00-04:00,20.780000686645508,20.780000686645508,20.770000457763672,20.77739906311035,537,0.0,0.0,0.0
2022-10-05 09:30:00-04:00,20.6299991607666,20.6299991607666,20.50279998779297,20.520000457763672,0,0.0,0.0,0.0
2022-10-05 10:30:00-04:00,20.510000228881836,20.510000228881836,20.510000228881836,20.510000228881836,543,0.0,0.0,0.0
2022-10-05 13:30:00-04:00,20.520000457763672,20.559999465942383,20.520000457763672,20.559999465942383,633,0.0,0.0,0.0
2022-10-06 09:30:00-04:00,20.530000686645508,20.530000686645508,20.434999465942383,20.434999465942383,0,0.0,0.0,0.0
2022-10-06 10:30:00-04:00,20.43000030517578,20.450000762939453,20.43000030517578,20.450000762939453,2277,0.0,0.0,0.0
2022-10-06 12:30:00-04:00,20.469999313354492,20.469999313354492,20.453800201416016,20.453800201416016,872,0.0,0.0,0.0
2022-10-06 13:30:00-04:00,20.469999313354492,20.475000381469727,20.459999084472656,20.459999084472656,398,0.0,0.0,0.0
2022-10-07 09:30:00-04:00,20.34670066833496,20.34670066833496,20.334999084472656,20.334999084472656,0,0.0,0.0,0.0
2022-10-07 10:30:00-04:00,20.360000610351562,20.360000610351562,20.360000610351562,20.360000610351562,569,0.0,0.0,0.0
2022-10-07 11:30:00-04:00,20.389999389648438,20.40220069885254,20.389999389648438,20.398500442504883,764,0.0,0.0,0.0
2022-10-07 13:30:00-04:00,20.375,20.375,20.360000610351562,20.36090087890625,0,0.0,0.0,0.0
2022-10-07 14:30:00-04:00,20.350000381469727,20.350000381469727,20.350000381469727,20.350000381469727,75627,0.0,0.0,0.0
2022-10-07 15:30:00-04:00,20.344999313354492,20.344999313354492,20.34000015258789,20.34000015258789,103,0.0,0.0,0.0
2022-10-10 09:30:00-04:00,20.270700454711914,20.270700454711914,20.239999771118164,20.239999771118164,0,0.0,0.0,0.0
2022-10-10 10:30:00-04:00,20.239999771118164,20.239999771118164,20.139999389648438,20.139999389648438,6351,0.0,0.0,0.0
2022-10-10 11:30:00-04:00,20.170000076293945,20.170000076293945,20.170000076293945,20.170000076293945,0,0.0,0.0,0.0
2022-10-10 12:30:00-04:00,20.170000076293945,20.170000076293945,20.170000076293945,20.170000076293945,16995,0.0,0.0,0.0
2022-10-10 13:30:00-04:00,20.194000244140625,20.194000244140625,20.194000244140625,20.194000244140625,1475,0.0,0.0,0.0
2022-10-10 14:30:00-04:00,20.239999771118164,20.239999771118164,20.239999771118164,20.239999771118164,479,0.0,0.0,0.0
2022-10-10 15:30:00-04:00,20.22100067138672,20.239999771118164,20.219999313354492,20.22599983215332,0,0.0,0.0,0.0
2022-10-11 09:30:00-04:00,20.270000457763672,20.270000457763672,20.270000457763672,20.270000457763672,198,0.0,0.0,0.0
2022-10-11 10:30:00-04:00,20.31999969482422,20.329999923706055,20.31999969482422,20.329999923706055,3294,0.0,0.0,0.0
2022-10-11 12:30:00-04:00,20.3700008392334,20.3700008392334,20.3700008392334,20.3700008392334,200,0.0,0.0,0.0
2022-10-11 13:30:00-04:00,20.350000381469727,20.350000381469727,20.349000930786133,20.350000381469727,3161,0.0,0.0,0.0
2022-10-11 14:30:00-04:00,20.344999313354492,20.344999313354492,20.319799423217773,20.319799423217773,780,0.0,0.0,0.0
2022-10-12 09:30:00-04:00,20.290000915527344,20.290000915527344,20.267000198364258,20.267000198364258,0,0.0,0.0,0.0
2022-10-12 10:30:00-04:00,20.25079917907715,20.25079917907715,20.25079917907715,20.25079917907715,462,0.0,0.0,0.0
2022-10-12 12:30:00-04:00,20.309999465942383,20.319000244140625,20.28499984741211,20.28499984741211,949,0.0,0.0,0.0
2022-10-12 13:30:00-04:00,20.365999221801758,20.365999221801758,20.350000381469727,20.350000381469727,2084,0.0,0.0,0.0
2022-10-12 14:30:00-04:00,20.344999313354492,20.344999313354492,20.344999313354492,20.344999313354492,883,0.0,0.0,0.0
2022-10-12 15:30:00-04:00,20.334999084472656,20.34000015258789,20.334999084472656,20.34000015258789,0,0.0,0.0,0.0
2022-10-13 09:30:00-04:00,20.1299991607666,20.219999313354492,20.1299991607666,20.219999313354492,0,0.0,0.0,0.0
2022-10-13 10:30:00-04:00,20.229999542236328,20.229999542236328,20.229999542236328,20.229999542236328,3416,0.0,0.0,0.0
2022-10-13 13:30:00-04:00,20.295900344848633,20.295900344848633,20.270000457763672,20.270000457763672,1828,0.0,0.0,0.0
2022-10-14 09:30:00-04:00,20.399999618530273,20.399999618530273,20.190000534057617,20.190000534057617,7374,0.0,0.0,0.0
2022-10-14 10:30:00-04:00,20.219999313354492,20.219999313354492,20.219999313354492,20.219999313354492,2108,0.0,0.0,0.0
2022-10-14 11:30:00-04:00,20.139999389648438,20.179000854492188,20.139999389648438,20.14550018310547,752,0.0,0.0,0.0
2022-10-14 12:30:00-04:00,20.139999389648438,20.149999618530273,20.139999389648438,20.149999618530273,999,0.0,0.0,0.0
2022-10-14 13:30:00-04:00,20.149999618530273,20.149999618530273,20.149999618530273,20.149999618530273,1965,0.0,0.0,0.0
2022-10-14 14:30:00-04:00,20.170000076293945,20.170000076293945,20.170000076293945,20.170000076293945,400,0.0,0.0,0.0
2022-10-17 10:30:00-04:00,20.260000228881836,20.260000228881836,20.239999771118164,20.239999771118164,263,0.0,0.0,0.0
2022-10-17 12:30:00-04:00,20.200000762939453,20.200000762939453,20.200000762939453,20.200000762939453,183,0.0,0.0,0.0
2022-10-17 14:30:00-04:00,20.18000030517578,20.18000030517578,20.170000076293945,20.170000076293945,257,0.0,0.0,0.0
2022-10-18 10:30:00-04:00,20.149999618530273,20.149999618530273,20.125,20.125,2528,0.0,0.0,0.0
2022-10-18 11:30:00-04:00,20.121299743652344,20.170000076293945,20.100000381469727,20.170000076293945,91943,0.0,0.0,0.0
2022-10-18 12:30:00-04:00,20.158899307250977,20.190000534057617,20.154699325561523,20.154699325561523,523954,0.0,0.0,0.0
2022-10-18 13:30:00-04:00,20.15999984741211,20.190000534057617,20.15999984741211,20.190000534057617,37135,0.0,0.0,0.0
2022-10-18 14:30:00-04:00,20.18000030517578,20.209999084472656,20.18000030517578,20.200000762939453,4901,0.0,0.0,0.0
2022-10-18 15:30:00-04:00,20.219999313354492,20.219999313354492,20.209999084472656,20.219999313354492,300,0.0,0.0,0.0
2022-10-19 09:30:00-04:00,20.06999969482422,20.06999969482422,20.049999237060547,20.06999969482422,0,0.0,0.0,0.0
2022-10-19 10:30:00-04:00,20.097000122070312,20.097000122070312,20.049999237060547,20.051000595092773,60040,0.0,0.0,0.0
2022-10-19 11:30:00-04:00,20.040000915527344,20.040000915527344,20.040000915527344,20.040000915527344,453,0.0,0.0,0.0
2022-10-19 12:30:00-04:00,20.014999389648438,20.030500411987305,20.014999389648438,20.020000457763672,269653,0.0,0.0,0.0
2022-10-19 13:30:00-04:00,20.024999618530273,20.024999618530273,20.010000228881836,20.020000457763672,1330,0.0,0.0,0.0
2022-10-19 14:30:00-04:00,20.024999618530273,20.024999618530273,19.9950008392334,20.014999389648438,1712,0.0,0.0,0.0
2022-10-19 15:30:00-04:00,20.002099990844727,20.010000228881836,20.0,20.010000228881836,1788,0.0,0.0,0.0
2022-10-20 09:30:00-04:00,19.969999313354492,20.0,19.96500015258789,19.979999542236328,0,0.0,0.0,0.0
2022-10-20 10:30:00-04:00,19.969999313354492,19.979999542236328,19.969999313354492,19.969999313354492,1505,0.0,0.0,0.0
2022-10-20 12:30:00-04:00,19.899999618530273,19.899999618530273,19.84000015258789,19.84000015258789,370,0.0,0.0,0.0
2022-10-21 09:30:00-04:00,19.764999389648438,19.899999618530273,19.764999389648438,19.858600616455078,0,0.0,0.0,0.0
2022-10-21 10:30:00-04:00,19.850000381469727,19.850000381469727,19.821800231933594,19.84000015258789,2322,0.0,0.0,0.0
2022-10-21 11:30:00-04:00,19.860000610351562,19.920000076293945,19.81999969482422,19.920000076293945,6500,0.0,0.0,0.0
2022-10-21 12:30:00-04:00,19.899999618530273,19.899999618530273,19.889999389648438,19.899999618530273,978,0.0,0.0,0.0
2022-10-21 14:30:00-04:00,19.899999618530273,19.899999618530273,19.899999618530273,19.899999618530273,100,0.0,0.0,0.0
2022-10-21 15:30:00-04:00,19.905000686645508,19.905000686645508,19.8799991607666,19.895000457763672,520,0.0,0.0,0.0
2022-10-24 09:30:00-04:00,19.899999618530273,19.899999618530273,19.799999237060547,19.799999237060547,0,0.0,0.0,0.0
2022-10-24 10:30:00-04:00,19.83989906311035,19.860000610351562,19.83989906311035,19.860000610351562,1285,0.0,0.0,0.0
2022-10-24 11:30:00-04:00,19.920000076293945,19.940000534057617,19.920000076293945,19.940000534057617,400,0.0,0.0,0.0
2022-10-24 12:30:00-04:00,19.90999984741211,19.90999984741211,19.899999618530273,19.899999618530273,259,0.0,0.0,0.0
2022-10-24 13:30:00-04:00,19.90999984741211,19.920000076293945,19.90999984741211,19.920000076293945,2767,0.0,0.0,0.0
2022-10-24 15:30:00-04:00,19.8700008392334,19.8700008392334,19.860000610351562,19.860000610351562,186,0.0,0.0,0.0
2022-10-25 09:30:00-04:00,20.09000015258789,20.139999389648438,20.09000015258789,20.129199981689453,0,0.0,0.0,0.0
2022-10-25 11:30:00-04:00,20.1299991607666,20.1299991607666,20.1200008392334,20.1200008392334,201,0.0,0.0,0.0
2022-10-26 09:30:00-04:00,20.18000030517578,20.239999771118164,20.18000030517578,20.190000534057617,4743,0.0,0.0,0.0
2022-10-26 10:30:00-04:00,20.19499969482422,20.239999771118164,20.190000534057617,20.239999771118164,3009,0.0,0.0,0.0
2022-10-26 11:30:00-04:00,20.225000381469727,20.243999481201172,20.209999084472656,20.239999771118164,3648,0.0,0.0,0.0
2022-10-26 12:30:00-04:00,20.239999771118164,20.245500564575195,20.209999084472656,20.229999542236328,3004,0.0,0.0,0.0
2022-10-26 13:30:00-04:00,20.219999313354492,20.219999313354492,20.200000762939453,20.209999084472656,3702,0.0,0.0,0.0
2022-10-26 14:30:00-04:00,20.200000762939453,20.219999313354492,20.190000534057617,20.190000534057617,4702,0.0,0.0,0.0
2022-10-26 15:30:00-04:00,20.200000762939453,20.219999313354492,20.200000762939453,20.219999313354492,3553,0.0,0.0,0.0
2022-10-27 09:30:00-04:00,20.299999237060547,20.350000381469727,20.260000228881836,20.350000381469727,0,0.0,0.0,0.0
2022-10-27 10:30:00-04:00,20.364999771118164,20.381000518798828,20.34589958190918,20.381000518798828,0,0.0,0.0,0.0
2022-10-27 11:30:00-04:00,20.389999389648438,20.389999389648438,20.360000610351562,20.360000610351562,9632,0.0,0.0,0.0
2022-10-27 12:30:00-04:00,20.34000015258789,20.360000610351562,20.34000015258789,20.360000610351562,3846,0.0,0.0,0.0
2022-10-27 13:30:00-04:00,20.34000015258789,20.34000015258789,20.329999923706055,20.329999923706055,940,0.0,0.0,0.0
2022-10-27 14:30:00-04:00,20.329999923706055,20.360000610351562,20.329999923706055,20.360000610351562,1123,0.0,0.0,0.0
2022-10-27 15:30:00-04:00,20.34000015258789,20.3799991607666,20.34000015258789,20.36750030517578,4750,0.0,0.0,0.0
2022-10-28 09:30:00-04:00,20.25,20.31999969482422,20.25,20.270000457763672,0,0.0,0.0,0.0
2022-10-28 10:30:00-04:00,20.309999465942383,20.309999465942383,20.309999465942383,20.309999465942383,307,0.0,0.0,0.0
2022-10-28 11:30:00-04:00,20.290000915527344,20.290000915527344,20.290000915527344,20.290000915527344,177,0.0,0.0,0.0
2022-10-28 14:30:00-04:00,20.2450008392334,20.2450008392334,20.2450008392334,20.2450008392334,413,0.0,0.0,0.0
2022-10-28 15:30:00-04:00,20.280000686645508,20.280000686645508,20.260000228881836,20.260000228881836,666,0.0,0.0,0.0
2022-10-31 09:30:00-04:00,20.184999465942383,20.190000534057617,20.170000076293945,20.18000030517578,475,0.0,0.0,0.0
2022-10-31 10:30:00-04:00,20.184999465942383,20.184999465942383,20.184999465942383,20.184999465942383,100,0.0,0.0,0.0
2022-10-31 12:30:00-04:00,20.195999145507812,20.195999145507812,20.195999145507812,20.195999145507812,495,0.0,0.0,0.0
2022-10-31 13:30:00-04:00,20.175800323486328,20.175800323486328,20.175800323486328,20.175800323486328,263,0.0,0.0,0.0
2022-10-31 15:30:00-04:00,20.13789939880371,20.156400680541992,20.128599166870117,20.156400680541992,22842,0.0,0.0,0.0
2022-11-01 09:30:00-04:00,20.239999771118164,20.239999771118164,20.079999923706055,20.10379981994629,0,0.0,0.0,0.0
2022-11-01 10:30:00-04:00,20.125,20.14150047302246,20.0492000579834,20.06999969482422,12621,0.0,0.0,0.0
2022-11-01 11:30:00-04:00,20.079999923706055,20.110000610351562,20.079999923706055,20.09000015258789,3929,0.0,0.0,0.0
2022-11-01 12:30:00-04:00,20.08099937438965,20.09480094909668,20.079999923706055,20.079999923706055,12928,0.0,0.0,0.0
2022-11-01 14:30:00-04:00,20.07979965209961,20.07979965209961,20.07979965209961,20.07979965209961,5106,0.0,0.0,0.0
2022-11-01 15:30:00-04:00,20.075000762939453,20.09000015258789,20.075000762939453,20.079999923706055,1484,0.0,0.0,0.0
2022-11-02 09:30:00-04:00,20.100000381469727,20.110000610351562,20.09000015258789,20.110000610351562,0,0.0,0.0,0.0
2022-11-02 10:30:00-04:00,20.1200008392334,20.1200008392334,20.1200008392334,20.1200008392334,100,0.0,0.0,0.0
2022-11-02 11:30:00-04:00,20.088699340820312,20.088699340820312,20.088699340820312,20.088699340820312,254,0.0,0.0,0.0
2022-11-02 12:30:00-04:00,20.104999542236328,20.110000610351562,20.104999542236328,20.110000610351562,285,0.0,0.0,0.0
2022-11-02 13:30:00-04:00,20.149999618530273,20.209999084472656,20.059999465942383,20.209999084472656,7791,0.0,0.0,0.0
2022-11-02 14:30:00-04:00,20.190000534057617,20.190000534057617,20.0,20.0,4904,0.0,0.0,0.0
2022-11-02 15:30:00-04:00,20.010000228881836,20.059999465942383,20.010000228881836,20.030000686645508,4670,0.0,0.0,0.0
2022-11-03 09:30:00-04:00,19.8700008392334,19.940000534057617,19.8700008392334,19.93000030517578,0,0.0,0.0,0.0
2022-11-03 10:30:00-04:00,19.93000030517578,19.950000762939453,19.93000030517578,19.950000762939453,736,0.0,0.0,0.0
2022-11-03 11:30:00-04:00,19.90999984741211,19.930099487304688,19.90999984741211,19.93000030517578,4191,0.0,0.0,0.0
2022-11-03 12:30:00-04:00,19.920000076293945,19.94499969482422,19.90999984741211,19.94300079345703,2647,0.0,0.0,0.0
2022-11-03 14:30:00-04:00,19.979999542236328,19.979999542236328,19.96780014038086,19.96780014038086,814,0.0,0.0,0.0
2022-11-03 15:30:00-04:00,19.959999084472656,19.959999084472656,19.959999084472656,19.959999084472656,100,0.0,0.0,0.0
2022-11-04 09:30:00-04:00,19.950000762939453,19.989999771118164,19.90999984741211,19.989999771118164,1085,0.0,0.0,0.0
2022-11-04 10:30:00-04:00,19.9950008392334,20.0,19.96500015258789,19.96500015258789,1070,0.0,0.0,0.0
2022-11-04 11:30:00-04:00,19.934999465942383,19.934999465942383,19.899999618530273,19.915000915527344,10988,0.0,0.0,0.0
2022-11-04 12:30:00-04:00,19.93000030517578,19.93000030517578,19.905000686645508,19.90999984741211,2181,0.0,0.0,0.0
2022-11-04 14:30:00-04:00,19.920000076293945,19.940000534057617,19.920000076293945,19.940000534057617,280,0.0,0.0,0.0
2022-11-04 15:30:00-04:00,19.93000030517578,19.93000030517578,19.90999984741211,19.920000076293945,2529,0.0,0.0,0.0
2022-11-07 09:30:00-05:00,19.940000534057617,19.940000534057617,19.8700008392334,19.8700008392334,0,0.0,0.0,0.0
2022-11-07 10:30:00-05:00,19.889999389648438,19.889999389648438,19.889999389648438,19.889999389648438,300,0.0,0.0,0.0
2022-11-07 11:30:00-05:00,19.856000900268555,19.856000900268555,19.843299865722656,19.843299865722656,974,0.0,0.0,0.0
2022-11-07 13:30:00-05:00,19.8700008392334,19.8700008392334,19.8700008392334,19.8700008392334,100,0.0,0.0,0.0
2022-11-07 14:30:00-05:00,19.864999771118164,19.864999771118164,19.84000015258789,19.84000015258789,1411,0.0,0.0,0.0
2022-11-07 15:30:00-05:00,19.84000015258789,19.84000015258789,19.84000015258789,19.84000015258789,549,0.0,0.0,0.0
2022-11-08 09:30:00-05:00,19.889999389648438,19.950000762939453,19.889999389648438,19.949899673461914,0,0.0,0.0,0.0
2022-11-08 10:30:00-05:00,19.93000030517578,19.950000762939453,19.93000030517578,19.950000762939453,1827,0.0,0.0,0.0
2022-11-08 12:30:00-05:00,19.959999084472656,19.989999771118164,19.950300216674805,19.959999084472656,5902,0.0,0.0,0.0
2022-11-08 13:30:00-05:00,19.94499969482422,19.969999313354492,19.94219970703125,19.963600158691406,17643,0.0,0.0,0.0
2022-11-08 14:30:00-05:00,19.979799270629883,19.98349952697754,19.979799270629883,19.98349952697754,2544,0.0,0.0,0.0
2022-11-08 15:30:00-05:00,19.956499099731445,19.956499099731445,19.956499099731445,19.956499099731445,1265,0.0,0.0,0.0
2022-11-09 09:30:00-05:00,19.950000762939453,19.979999542236328,19.940000534057617,19.979999542236328,0,0.0,0.0,0.0
2022-11-09 10:30:00-05:00,20.003299713134766,20.040000915527344,20.003299713134766,20.040000915527344,853,0.0,0.0,0.0
2022-11-09 12:30:00-05:00,20.010000228881836,20.010000228881836,19.975000381469727,19.975000381469727,1849,0.0,0.0,0.0
2022-11-09 13:30:00-05:00,19.969999313354492,19.969999313354492,19.969999313354492,19.969999313354492,261,0.0,0.0,0.0
2022-11-09 14:30:00-05:00,19.969999313354492,19.975000381469727,19.969999313354492,19.975000381469727,1427,0.0,0.0,0.0
2022-11-09 15:30:00-05:00,20.040000915527344,20.040000915527344,20.040000915527344,20.040000915527344,2263,0.0,0.0,0.0
2022-11-10 09:30:00-05:00,20.350000381469727,20.479999542236328,20.350000381469727,20.479999542236328,0,0.0,0.0,0.0
2022-11-10 10:30:00-05:00,20.479999542236328,20.479999542236328,20.440000534057617,20.450000762939453,1079,0.0,0.0,0.0
2022-11-10 11:30:00-05:00,20.450000762939453,20.450000762939453,20.450000762939453,20.450000762939453,478,0.0,0.0,0.0
2022-11-10 12:30:00-05:00,20.440000534057617,20.459999084472656,20.419099807739258,20.459999084472656,9300,0.0,0.0,0.0
2022-11-10 14:30:00-05:00,20.451499938964844,20.485000610351562,20.451499938964844,20.485000610351562,487,0.0,0.0,0.0
2022-11-10 15:30:00-05:00,20.489999771118164,20.489999771118164,20.485000610351562,20.485000610351562,800,0.0,0.0,0.0
2022-11-11 09:30:00-05:00,20.399999618530273,20.419700622558594,20.389999389648438,20.40999984741211,0,0.0,0.0,0.0
2022-11-11 10:30:00-05:00,20.40999984741211,20.43000030517578,20.40999984741211,20.43000030517578,904,0.0,0.0,0.0
2022-11-11 11:30:00-05:00,20.440000534057617,20.450000762939453,20.440000534057617,20.450000762939453,3499,0.0,0.0,0.0
2022-11-11 13:30:00-05:00,20.469999313354492,20.479999542236328,20.459999084472656,20.459999084472656,3141,0.0,0.0,0.0
2022-11-11 15:30:00-05:00,20.459999084472656,20.459999084472656,20.459999084472656,20.459999084472656,950,0.0,0.0,0.0
2022-11-14 09:30:00-05:00,20.440000534057617,20.440000534057617,20.415000915527344,20.420000076293945,0,0.0,0.0,0.0
2022-11-14 11:30:00-05:00,20.399999618530273,20.399999618530273,20.399999618530273,20.399999618530273,495,0.0,0.0,0.0
2022-11-14 14:30:00-05:00,20.420000076293945,20.420000076293945,20.41629981994629,20.41629981994629,235,0.0,0.0,0.0
2022-11-14 15:30:00-05:00,20.40999984741211,20.40999984741211,20.405000686645508,20.405000686645508,406,0.0,0.0,0.0
2022-11-15 09:30:00-05:00,20.510000228881836,20.530000686645508,20.493000030517578,20.524099349975586,180,0.0,0.0,0.0
2022-11-15 10:30:00-05:00,20.520000457763672,20.53499984741211,20.506799697875977,20.53499984741211,727,0.0,0.0,0.0
2022-11-15 11:30:00-05:00,20.509899139404297,20.509899139404297,20.4950008392334,20.4950008392334,1350,0.0,0.0,0.0
2022-11-15 13:30:00-05:00,20.53499984741211,20.549999237060547,20.485000610351562,20.485000610351562,1779,0.0,0.0,0.0
2022-11-15 14:30:00-05:00,20.53420066833496,20.53420066833496,20.53420066833496,20.53420066833496,1000,0.0,0.0,0.0
2022-11-15 15:30:00-05:00,20.520000457763672,20.559999465942383,20.520000457763672,20.559999465942383,28258,0.0,0.0,0.0
2022-11-16 09:30:00-05:00,20.65999984741211,20.65999984741211,20.65999984741211,20.65999984741211,0,0.0,0.0,0.0
2022-11-16 10:30:00-05:00,20.6200008392334,20.639999389648438,20.6200008392334,20.639999389648438,1903,0.0,0.0,0.0
2022-11-16 11:30:00-05:00,20.649999618530273,20.65999984741211,20.649999618530273,20.65999984741211,841,0.0,0.0,0.0
2022-11-16 12:30:00-05:00,20.65999984741211,20.68000030517578,20.65999984741211,20.65999984741211,2156,0.0,0.0,0.0
2022-11-16 13:30:00-05:00,20.649999618530273,20.68000030517578,20.649999618530273,20.68000030517578,457,0.0,0.0,0.0
2022-11-16 14:30:00-05:00,20.68000030517578,20.71500015258789,20.68000030517578,20.71500015258789,2460,0.0,0.0,0.0
2022-11-16 15:30:00-05:00,20.716100692749023,20.719999313354492,20.709999084472656,20.71500015258789,687,0.0,0.0,0.0
2022-11-17 09:30:00-05:00,20.56999969482422,20.56999969482422,20.530000686645508,20.56999969482422,1352,0.0,0.0,0.0
2022-11-17 10:30:00-05:00,20.549999237060547,20.559999465942383,20.549999237060547,20.559999465942383,3022,0.0,0.0,0.0
2022-11-17 11:30:00-05:00,20.579999923706055,20.579999923706055,20.579999923706055,20.579999923706055,761,0.0,0.0,0.0
2022-11-17 14:30:00-05:00,20.569799423217773,20.579999923706055,20.569799423217773,20.579999923706055,827,0.0,0.0,0.0
2022-11-18 09:30:00-05:00,20.559999465942383,20.559999465942383,20.559999465942383,20.559999465942383,0,0.0,0.0,0.0
2022-11-18 10:30:00-05:00,20.549999237060547,20.549999237060547,20.545000076293945,20.545000076293945,300,0.0,0.0,0.0
2022-11-18 12:30:00-05:00,20.510000228881836,20.510000228881836,20.510000228881836,20.510000228881836,1580,0.0,0.0,0.0
2022-11-18 14:30:00-05:00,20.530000686645508,20.530000686645508,20.530000686645508,20.530000686645508,191,0.0,0.0,0.0
2022-11-21 09:30:00-05:00,20.600000381469727,20.600000381469727,20.540000915527344,20.540000915527344,0,0.0,0.0,0.0
2022-11-21 10:30:00-05:00,20.56999969482422,20.579999923706055,20.558399200439453,20.558399200439453,561,0.0,0.0,0.0
2022-11-21 12:30:00-05:00,20.524999618530273,20.524999618530273,20.506799697875977,20.506799697875977,2245,0.0,0.0,0.0
2022-11-21 14:30:00-05:00,20.5,20.5,20.5,20.5,163,0.0,0.0,0.0
2022-11-22 09:30:00-05:00,20.579999923706055,20.610000610351562,20.579999923706055,20.579999923706055,0,0.0,0.0,0.0
2022-11-22 10:30:00-05:00,20.59000015258789,20.59000015258789,20.58989906311035,20.58989906311035,1962,0.0,0.0,0.0
2022-11-22 13:30:00-05:00,20.610000610351562,20.610000610351562,20.610000610351562,20.610000610351562,211,0.0,0.0,0.0
2022-11-22 14:30:00-05:00,20.6200008392334,20.6200008392334,20.610000610351562,20.610000610351562,11120,0.0,0.0,0.0
2022-11-23 09:30:00-05:00,20.65999984741211,20.71299934387207,20.639999389648438,20.700000762939453,5992,0.0,0.0,0.0
2022-11-23 11:30:00-05:00,20.649999618530273,20.649999618530273,20.649999618530273,20.649999618530273,486,0.0,0.0,0.0
2022-11-23 13:30:00-05:00,20.65999984741211,20.700000762939453,20.65999984741211,20.700000762939453,749,0.0,0.0,0.0
2022-11-23 14:30:00-05:00,20.700000762939453,20.703800201416016,20.700000762939453,20.703800201416016,564,0.0,0.0,0.0
2022-11-23 15:30:00-05:00,20.709999084472656,20.709999084472656,20.709999084472656,20.709999084472656,100,0.0,0.0,0.0
2022-11-25 09:30:00-05:00,20.670000076293945,20.709999084472656,20.670000076293945,20.68000030517578,0,0.0,0.0,0.0
2022-11-28 09:30:00-05:00,20.75,20.75,20.75,20.75,0,0.0,0.0,0.0
2022-11-28 13:30:00-05:00,20.704999923706055,20.704999923706055,20.704999923706055,20.704999923706055,325,0.0,0.0,0.0
2022-11-28 14:30:00-05:00,20.709999084472656,20.725000381469727,20.709999084472656,20.725000381469727,4378,0.0,0.0,0.0
2022-11-28 15:30:00-05:00,20.739999771118164,20.739999771118164,20.739999771118164,20.739999771118164,859,0.0,0.0,0.0
2022-11-29 09:30:00-05:00,20.649999618530273,20.68000030517578,20.639999389648438,20.68000030517578,0,0.0,0.0,0.0
2022-11-29 10:30:00-05:00,20.684999465942383,20.684999465942383,20.684999465942383,20.684999465942383,181,0.0,0.0,0.0
2022-11-29 13:30:00-05:00,20.65999984741211,20.669099807739258,20.65999984741211,20.669099807739258,1561,0.0,0.0,0.0
2022-11-30 09:30:00-05:00,20.610000610351562,20.610000610351562,20.59000015258789,20.59000015258789,0,0.0,0.0,0.0
2022-11-30 10:30:00-05:00,20.604299545288086,20.610000610351562,20.604299545288086,20.610000610351562,518,0.0,0.0,0.0
2022-11-30 11:30:00-05:00,20.614999771118164,20.614999771118164,20.614999771118164,20.614999771118164,315,0.0,0.0,0.0
2022-11-30 13:30:00-05:00,20.6200008392334,20.75,20.6200008392334,20.75,1837,0.0,0.0,0.0
2022-11-30 15:30:00-05:00,20.77989959716797,20.809999465942383,20.77989959716797,20.809999465942383,287,0.0,0.0,0.0
2022-12-01 09:30:00-05:00,20.809999465942383,20.8700008392334,20.809999465942383,20.860000610351562,0,0.0,0.0,0.0
2022-12-01 10:30:00-05:00,20.850000381469727,20.850000381469727,20.850000381469727,20.850000381469727,100,0.0,0.0,0.0
2022-12-01 11:30:00-05:00,20.8799991607666,20.920000076293945,20.8799991607666,20.920000076293945,961,0.0,0.0,0.0
2022-12-01 12:30:00-05:00,20.940000534057617,20.940000534057617,20.940000534057617,20.940000534057617,107,0.0,0.0,0.0
2022-12-01 13:30:00-05:00,20.93000030517578,20.950000762939453,20.93000030517578,20.950000762939453,3352,0.0,0.0,0.0
2022-12-01 14:30:00-05:00,20.959999084472656,20.959999084472656,20.959999084472656,20.959999084472656,105,0.0,0.0,0.0
2022-12-01 15:30:00-05:00,21.0,21.010000228881836,21.0,21.010000228881836,100,0.0,0.0,0.0
2022-12-02 09:30:00-05:00,20.8799991607666,20.889999389648438,20.84000015258789,20.850000381469727,0,0.0,0.0,0.0
2022-12-02 10:30:00-05:00,20.850000381469727,20.850000381469727,20.850000381469727,20.850000381469727,5404,0.0,0.0,0.0
2022-12-02 11:30:00-05:00,20.90999984741211,20.90999984741211,20.90999984741211,20.90999984741211,500,0.0,0.0,0.0
2022-12-02 12:30:00-05:00,20.915000915527344,20.93000030517578,20.915000915527344,20.93000030517578,1806,0.0,0.0,0.0
2022-12-02 13:30:00-05:00,20.959999084472656,20.979999542236328,20.959999084472656,20.979999542236328,1125,0.0,0.0,0.0
2022-12-02 15:30:00-05:00,21.0,21.049999237060547,21.0,21.045000076293945,4900,0.0,0.0,0.0
2022-12-05 09:30:00-05:00,20.93000030517578,20.933799743652344,20.860000610351562,20.860000610351562,0,0.0,0.0,0.0
2022-12-05 10:30:00-05:00,20.879499435424805,20.905000686645508,20.879499435424805,20.905000686645508,995,0.0,0.0,0.0
2022-12-05 11:30:00-05:00,20.889999389648438,20.889999389648438,20.8799991607666,20.8799991607666,834,0.0,0.0,0.0
2022-12-05 13:30:00-05:00,20.850000381469727,20.850000381469727,20.850000381469727,20.850000381469727,900,0.0,0.0,0.0
2022-12-05 14:30:00-05:00,20.850000381469727,20.850000381469727,20.844999313354492,20.844999313354492,657,0.0,0.0,0.0
2022-12-06 09:30:00-05:00,20.87420082092285,20.87420082092285,20.87420082092285,20.87420082092285,0,0.0,0.0,0.0
2022-12-06 11:30:00-05:00,20.92449951171875,20.92449951171875,20.92449951171875,20.92449951171875,765,0.0,0.0,0.0
2022-12-06 12:30:00-05:00,20.899999618530273,20.90999984741211,20.899999618530273,20.905000686645508,3729,0.0,0.0,0.0
2022-12-06 14:30:00-05:00,20.983800888061523,20.983800888061523,20.983800888061523,20.983800888061523,1120,0.0,0.0,0.0
2022-12-06 15:30:00-05:00,20.959999084472656,20.959999084472656,20.959999084472656,20.959999084472656,0,0.0,0.0,0.0
2022-12-07 09:30:00-05:00,21.059999465942383,21.149999618530273,21.05500030517578,21.1299991607666,7028,0.0,0.0,0.0
2022-12-07 10:30:00-05:00,21.09000015258789,21.09000015258789,21.09000015258789,21.09000015258789,338,0.0,0.0,0.0
2022-12-07 11:30:00-05:00,21.079999923706055,21.079999923706055,21.079999923706055,21.079999923706055,732,0.0,0.0,0.0
2022-12-07 13:30:00-05:00,21.125,21.125,21.125,21.125,382,0.0,0.0,0.0
2022-12-07 14:30:00-05:00,21.139999389648438,21.178800582885742,21.139999389648438,21.155000686645508,27401,0.0,0.0,0.0
2022-12-07 15:30:00-05:00,21.15999984741211,21.15999984741211,21.15999984741211,21.15999984741211,450,0.0,0.0,0.0
2022-12-08 09:30:00-05:00,21.020000457763672,21.040000915527344,21.020000457763672,21.040000915527344,0,0.0,0.0,0.0
2022-12-08 12:30:00-05:00,21.05500030517578,21.05500030517578,21.05500030517578,21.05500030517578,298,0.0,0.0,0.0
2022-12-08 13:30:00-05:00,21.014999389648438,21.014999389648438,21.014999389648438,21.014999389648438,156,0.0,0.0,0.0
2022-12-08 14:30:00-05:00,21.010000228881836,21.010000228881836,21.010000228881836,21.010000228881836,994,0.0,0.0,0.0
2022-12-09 09:30:00-05:00,20.943599700927734,20.943599700927734,20.943599700927734,20.943599700927734,0,0.0,0.0,0.0
2022-12-09 10:30:00-05:00,20.93630027770996,20.93630027770996,20.93630027770996,20.93630027770996,376,0.0,0.0,0.0
2022-12-09 13:30:00-05:00,20.922399520874023,20.922399520874023,20.922399520874023,20.922399520874023,772,0.0,0.0,0.0
2022-12-09 14:30:00-05:00,20.908000946044922,20.908000946044922,20.908000946044922,20.908000946044922,191,0.0,0.0,0.0
2022-12-12 09:30:00-05:00,20.8799991607666,20.91990089416504,20.8799991607666,20.91990089416504,0,0.0,0.0,0.0
2022-12-12 11:30:00-05:00,20.90999984741211,20.90999984741211,20.850000381469727,20.850000381469727,257,0.0,0.0,0.0
2022-12-13 09:30:00-05:00,21.1299991607666,21.15999984741211,21.100000381469727,21.100000381469727,5790,0.0,0.0,0.0
2022-12-13 10:30:00-05:00,21.09000015258789,21.09000015258789,21.09000015258789,21.09000015258789,500,0.0,0.0,0.0
2022-12-13 12:30:00-05:00,21.042699813842773,21.059999465942383,21.042699813842773,21.059999465942383,781,0.0,0.0,0.0
2022-12-13 14:30:00-05:00,21.030000686645508,21.030000686645508,21.030000686645508,21.030000686645508,513,0.0,0.0,0.0
2022-12-14 09:30:00-05:00,21.049999237060547,21.08989906311035,21.049999237060547,21.08989906311035,0,0.0,0.0,0.0
2022-12-14 12:30:00-05:00,21.030000686645508,21.030000686645508,21.030000686645508,21.030000686645508,570,0.0,0.0,0.0
2022-12-14 13:30:00-05:00,20.979999542236328,20.979999542236328,20.979999542236328,20.979999542236328,1399,0.0,0.0,0.0
2022-12-14 14:30:00-05:00,21.019899368286133,21.019899368286133,21.019899368286133,21.019899368286133,539,0.0,0.0,0.0
2022-12-14 15:30:00-05:00,21.09000015258789,21.09000015258789,21.09000015258789,21.09000015258789,280,0.0,0.0,0.0
2022-12-15 09:30:00-05:00,21.06999969482422,21.06999969482422,21.040000915527344,21.040000915527344,0,0.0,0.0,0.0
2022-12-15 10:30:00-05:00,21.049999237060547,21.076900482177734,21.049999237060547,21.076900482177734,3655,0.0,0.0,0.0
2022-12-15 12:30:00-05:00,21.103599548339844,21.103599548339844,21.103599548339844,21.103599548339844,616,0.0,0.0,0.0
2022-12-15 15:30:00-05:00,21.081899642944336,21.081899642944336,21.079999923706055,21.079999923706055,1132,0.0,0.0,0.0
2022-12-16 09:30:00-05:00,20.950000762939453,20.989999771118164,20.950000762939453,20.989999771118164,0,0.0,0.0,0.0
2022-12-16 10:30:00-05:00,21.010000228881836,21.020000457763672,21.010000228881836,21.020000457763672,547,0.0,0.0,0.0
2022-12-16 11:30:00-05:00,21.030000686645508,21.030000686645508,21.030000686645508,21.030000686645508,200,0.0,0.0,0.0
2022-12-16 12:30:00-05:00,21.04199981689453,21.04199981689453,21.040000915527344,21.040000915527344,650,0.0,0.0,0.0
2022-12-16 14:30:00-05:00,21.049999237060547,21.05929946899414,21.049999237060547,21.05929946899414,435,0.0,0.0,0.0
2022-12-16 15:30:00-05:00,21.049999237060547,21.049999237060547,21.049999237060547,21.049999237060547,628,0.0,0.0,0.0
2022-12-19 09:30:00-05:00,20.920000076293945,20.920000076293945,20.8700008392334,20.8799991607666,0,0.0,0.0,0.0
2022-12-19 10:30:00-05:00,20.860000610351562,20.860000610351562,20.860000610351562,20.860000610351562,22201,0.0,0.0,0.0
2022-12-19 12:30:00-05:00,20.8799991607666,20.8799991607666,20.8799991607666,20.8799991607666,220,0.0,0.0,0.0
2022-12-19 13:30:00-05:00,20.889999389648438,20.889999389648438,20.889999389648438,20.889999389648438,771,0.0,0.0,0.0
2022-12-20 09:30:00-05:00,20.719999313354492,20.729999542236328,20.709999084472656,20.719999313354492,0,0.0,0.0,0.0
2022-12-20 10:30:00-05:00,20.729900360107422,20.729900360107422,20.729900360107422,20.729900360107422,673,0.0,0.0,0.0
2022-12-20 11:30:00-05:00,20.713199615478516,20.719999313354492,20.710399627685547,20.719999313354492,814,0.0,0.0,0.0
2022-12-20 13:30:00-05:00,20.700000762939453,20.700000762939453,20.700000762939453,20.700000762939453,441,0.0,0.0,0.0
2022-12-20 15:30:00-05:00,20.709999084472656,20.7189998626709,20.700000762939453,20.700000762939453,1411,0.0,0.0,0.0
2022-12-21 09:30:00-05:00,20.790000915527344,20.790000915527344,20.790000915527344,20.790000915527344,0,0.0,0.0,0.0
2022-12-21 12:30:00-05:00,20.75,20.75,20.75,20.75,202,0.0,0.0,0.0
2022-12-21 14:30:00-05:00,20.739999771118164,20.739999771118164,20.719999313354492,20.729999542236328,30093,0.0,0.0,0.0
2022-12-22 09:30:00-05:00,20.75,20.760000228881836,20.73900032043457,20.760000228881836,11873,0.0,0.0,0.0
2022-12-22 10:30:00-05:00,20.770000457763672,20.782499313354492,20.760099411010742,20.770000457763672,3188,0.0,0.0,0.0
2022-12-22 11:30:00-05:00,20.770000457763672,20.770000457763672,20.770000457763672,20.770000457763672,101,0.0,0.0,0.0
2022-12-22 12:30:00-05:00,20.75,20.75,20.75,20.75,172,0.0,0.0,0.0
2022-12-22 13:30:00-05:00,20.75,20.75,20.75,20.75,310,0.0,0.0,0.0
2022-12-22 14:30:00-05:00,20.7549991607666,20.7549991607666,20.75,20.75,5875,0.0,0.0,0.0
2022-12-22 15:30:00-05:00,20.75,20.75,20.719999313354492,20.719999313354492,300,0.0,0.0,0.0
2022-12-23 09:30:00-05:00,20.639999389648438,20.649999618530273,20.6299991607666,20.649999618530273,0,0.0,0.0,0.0
2022-12-23 10:30:00-05:00,20.65999984741211,20.670000076293945,20.65999984741211,20.670000076293945,374,0.0,0.0,0.0
2022-12-23 11:30:00-05:00,20.65999984741211,20.65999984741211,20.639999389648438,20.639999389648438,1012,0.0,0.0,0.0
2022-12-23 13:30:00-05:00,20.625499725341797,20.6299991607666,20.625499725341797,20.6299991607666,312,0.0,0.0,0.0
2022-12-27 09:30:00-05:00,20.530000686645508,20.559999465942383,20.530000686645508,20.559999465942383,0,0.0,0.0,0.0
2022-12-27 11:30:00-05:00,20.520000457763672,20.520000457763672,20.469999313354492,20.479999542236328,19617,0.0,0.0,0.0
2022-12-27 12:30:00-05:00,20.469999313354492,20.469999313354492,20.469999313354492,20.469999313354492,935,0.0,0.0,0.0
2022-12-27 13:30:00-05:00,20.450000762939453,20.4783992767334,20.450000762939453,20.4783992767334,1802,0.0,0.0,0.0
2022-12-27 14:30:00-05:00,20.46940040588379,20.469999313354492,20.459999084472656,20.469999313354492,4106,0.0,0.0,0.0
2022-12-28 09:30:00-05:00,20.5,20.5,20.469999313354492,20.469999313354492,0,0.0,0.0,0.0
2022-12-28 10:30:00-05:00,20.43000030517578,20.434999465942383,20.420000076293945,20.42009925842285,1523,0.0,0.0,0.0
2022-12-28 13:30:00-05:00,20.434999465942383,20.434999465942383,20.43000030517578,20.43000030517578,1483,0.0,0.0,0.0
2022-12-28 15:30:00-05:00,20.40999984741211,20.420000076293945,20.40999984741211,20.420000076293945,530,0.0,0.0,0.0
2022-12-29 09:30:00-05:00,20.479999542236328,20.479999542236328,20.469999313354492,20.469999313354492,0,0.0,0.0,0.0
2022-12-29 10:30:00-05:00,20.483600616455078,20.483600616455078,20.483600616455078,20.483600616455078,512,0.0,0.0,0.0
2022-12-29 13:30:00-05:00,20.524999618530273,20.524999618530273,20.5049991607666,20.5049991607666,6076,0.0,0.0,0.0
2022-12-29 15:30:00-05:00,20.520000457763672,20.520000457763672,20.520000457763672,20.520000457763672,100,0.0,0.0,0.0
2022-12-30 09:30:00-05:00,20.450000762939453,20.450000762939453,20.399999618530273,20.399999618530273,10714,0.0,0.0,0.0
2022-12-30 10:30:00-05:00,20.440000534057617,20.440099716186523,20.420000076293945,20.420000076293945,611,0.0,0.0,0.0
2022-12-30 11:30:00-05:00,20.415000915527344,20.415000915527344,20.415000915527344,20.415000915527344,1960,0.0,0.0,0.0
2022-12-30 12:30:00-05:00,20.420000076293945,20.5,20.420000076293945,20.5,6233,0.0,0.0,0.0
2022-12-30 13:30:00-05:00,20.43000030517578,20.440000534057617,20.43000030517578,20.430400848388672,1075,0.0,0.0,0.0
2022-12-30 14:30:00-05:00,20.440000534057617,20.450000762939453,20.43000030517578,20.43000030517578,2200,0.0,0.0,0.0
2022-12-30 15:30:00-05:00,20.439800262451172,20.440000534057617,20.434999465942383,20.440000534057617,1800,0.0,0.0,0.0
2023-01-03 09:30:00-05:00,20.68000030517578,20.68000030517578,20.68000030517578,20.68000030517578,0,0.0,0.0,0.0
2023-01-03 11:30:00-05:00,20.600000381469727,20.600000381469727,20.56999969482422,20.59000015258789,6786,0.0,0.0,0.0
2023-01-03 12:30:00-05:00,20.610000610351562,20.610000610351562,20.610000610351562,20.610000610351562,112,0.0,0.0,0.0
2023-01-03 13:30:00-05:00,20.600000381469727,20.600000381469727,20.600000381469727,20.600000381469727,240,0.0,0.0,0.0
2023-01-03 15:30:00-05:00,20.59000015258789,20.59000015258789,20.579999923706055,20.59000015258789,0,0.0,0.0,0.0
2023-01-04 09:30:00-05:00,20.726999282836914,20.726999282836914,20.714000701904297,20.714000701904297,1120,0.0,0.0,0.0
2023-01-04 10:30:00-05:00,20.709999084472656,20.749900817871094,20.709999084472656,20.72480010986328,6981,0.0,0.0,0.0
2023-01-04 11:30:00-05:00,20.719999313354492,20.75,20.709999084472656,20.709999084472656,11578,0.0,0.0,0.0
2023-01-04 12:30:00-05:00,20.71500015258789,20.71500015258789,20.69499969482422,20.69499969482422,1815,0.0,0.0,0.0
2023-01-04 13:30:00-05:00,20.690000534057617,20.690000534057617,20.690000534057617,20.690000534057617,1301,0.0,0.0,0.0
2023-01-04 14:30:00-05:00,20.719999313354492,20.7450008392334,20.719999313354492,20.7450008392334,0,0.0,0.0,0.0
2023-01-05 09:30:00-05:00,20.615699768066406,20.615699768066406,20.615699768066406,20.615699768066406,999,0.0,0.0,0.0
2023-01-05 10:30:00-05:00,20.6299991607666,20.675899505615234,20.6299991607666,20.675899505615234,4572,0.0,0.0,0.0
2023-01-05 11:30:00-05:00,20.670400619506836,20.709999084472656,20.67009925842285,20.709999084472656,11562,0.0,0.0,0.0
2023-01-05 12:30:00-05:00,20.715999603271484,20.725000381469727,20.700000762939453,20.725000381469727,3752,0.0,0.0,0.0
2023-01-05 13:30:00-05:00,20.719999313354492,20.719999313354492,20.704999923706055,20.70989990234375,7892,0.0,0.0,0.0
2023-01-05 14:30:00-05:00,20.704999923706055,20.709999084472656,20.69700050354004,20.700000762939453,1109,0.0,0.0,0.0
2023-01-05 15:30:00-05:00,20.719999313354492,20.729999542236328,20.719999313354492,20.719999313354492,2001,0.0,0.0,0.0
2023-01-06 09:30:00-05:00,20.75,20.8700008392334,20.72450065612793,20.864999771118164,0,0.0,0.0,0.0
2023-01-06 10:30:00-05:00,20.928199768066406,20.947900772094727,20.928199768066406,20.947900772094727,319,0.0,0.0,0.0
2023-01-06 11:30:00-05:00,20.934999465942383,20.934999465942383,20.934999465942383,20.934999465942383,190,0.0,0.0,0.0
2023-01-06 13:30:00-05:00,20.96980094909668,20.96980094909668,20.96980094909668,20.96980094909668,120,0.0,0.0,0.0
2023-01-06 14:30:00-05:00,20.97010040283203,20.984699249267578,20.97010040283203,20.984699249267578,600,0.0,0.0,0.0
2023-01-09 09:30:00-05:00,20.979999542236328,20.979999542236328,20.975000381469727,20.975000381469727,0,0.0,0.0,0.0
2023-01-09 10:30:00-05:00,20.959999084472656,20.959999084472656,20.959999084472656,20.959999084472656,116,0.0,0.0,0.0
2023-01-09 11:30:00-05:00,21.06170082092285,21.06999969482422,21.059999465942383,21.059999465942383,929,0.0,0.0,0.0
2023-01-09 13:30:00-05:00,21.06279945373535,21.06279945373535,21.059999465942383,21.059999465942383,388,0.0,0.0,0.0
2023-01-09 15:30:00-05:00,21.040000915527344,21.040000915527344,21.013399124145508,21.030000686645508,1358,0.0,0.0,0.0
2023-01-10 09:30:00-05:00,20.950000762939453,20.950000762939453,20.93000030517578,20.93000030517578,0,0.0,0.0,0.0
2023-01-10 10:30:00-05:00,20.93000030517578,20.93000030517578,20.899999618530273,20.899999618530273,303,0.0,0.0,0.0
2023-01-10 11:30:00-05:00,20.88990020751953,20.88990020751953,20.8799991607666,20.8799991607666,28203,0.0,0.0,0.0
2023-01-10 12:30:00-05:00,20.889999389648438,20.90130043029785,20.8700008392334,20.899999618530273,1784,0.0,0.0,0.0
2023-01-10 14:30:00-05:00,20.899799346923828,20.899799346923828,20.899799346923828,20.899799346923828,351,0.0,0.0,0.0
2023-01-10 15:30:00-05:00,20.912900924682617,20.920000076293945,20.90999984741211,20.920000076293945,3503,0.0,0.0,0.0
2023-01-11 09:30:00-05:00,20.974599838256836,20.989999771118164,20.974599838256836,20.979999542236328,0,0.0,0.0,0.0
2023-01-11 10:30:00-05:00,20.969999313354492,20.969999313354492,20.959999084472656,20.959999084472656,568,0.0,0.0,0.0
2023-01-11 11:30:00-05:00,20.969999313354492,20.979999542236328,20.966800689697266,20.966800689697266,4013,0.0,0.0,0.0
2023-01-11 12:30:00-05:00,20.976999282836914,20.979999542236328,20.95709991455078,20.960500717163086,13724,0.0,0.0,0.0
2023-01-11 13:30:00-05:00,20.979999542236328,21.0049991607666,20.97570037841797,21.0049991607666,2113,0.0,0.0,0.0
2023-01-11 14:30:00-05:00,21.010000228881836,21.020000457763672,21.0,21.020000457763672,1638,0.0,0.0,0.0
2023-01-11 15:30:00-05:00,21.030000686645508,21.040000915527344,21.030000686645508,21.040000915527344,5505,0.0,0.0,0.0
2023-01-12 09:30:00-05:00,21.09000015258789,21.09000015258789,21.0049991607666,21.079999923706055,0,0.0,0.0,0.0
2023-01-12 10:30:00-05:00,21.100000381469727,21.104999542236328,21.09000015258789,21.100000381469727,1796,0.0,0.0,0.0
2023-01-12 11:30:00-05:00,21.10580062866211,21.145000457763672,21.094999313354492,21.145000457763672,1707,0.0,0.0,0.0
2023-01-12 12:30:00-05:00,21.145000457763672,21.22480010986328,21.145000457763672,21.190000534057617,8495,0.0,0.0,0.0
2023-01-12 13:30:00-05:00,21.204999923706055,21.209999084472656,21.204999923706055,21.209999084472656,3313,0.0,0.0,0.0
2023-01-12 14:30:00-05:00,21.200000762939453,21.200000762939453,21.200000762939453,21.200000762939453,727,0.0,0.0,0.0
2023-01-12 15:30:00-05:00,21.229999542236328,21.229999542236328,21.225000381469727,21.225000381469727,885,0.0,0.0,0.0
2023-01-13 09:30:00-05:00,21.200000762939453,21.200000762939453,21.200000762939453,21.200000762939453,0,0.0,0.0,0.0
2023-01-13 10:30:00-05:00,21.209999084472656,21.209999084472656,21.209999084472656,21.209999084472656,220,0.0,0.0,0.0
2023-01-13 11:30:00-05:00,21.18000030517578,21.18000030517578,21.18000030517578,21.18000030517578,475,0.0,0.0,0.0
2023-01-13 14:30:00-05:00,21.096599578857422,21.096599578857422,21.096599578857422,21.096599578857422,363,0.0,0.0,0.0
2023-01-13 15:30:00-05:00,21.110000610351562,21.1200008392334,21.110000610351562,21.114999771118164,540,0.0,0.0,0.0
2023-01-17 09:30:00-05:00,21.066200256347656,21.1200008392334,21.066200256347656,21.09000015258789,0,0.0,0.0,0.0
2023-01-17 10:30:00-05:00,21.09000015258789,21.1200008392334,21.09000015258789,21.110000610351562,770,0.0,0.0,0.0
2023-01-17 11:30:00-05:00,21.09000015258789,21.09000015258789,21.09000015258789,21.09000015258789,242,0.0,0.0,0.0
2023-01-17 12:30:00-05:00,21.049999237060547,21.049999237060547,21.049999237060547,21.049999237060547,128,0.0,0.0,0.0
2023-01-17 13:30:00-05:00,21.059999465942383,21.06999969482422,21.059999465942383,21.06999969482422,3473,0.0,0.0,0.0
2023-01-17 14:30:00-05:00,21.06999969482422,21.079999923706055,21.059999465942383,21.059999465942383,1934,0.0,0.0,0.0
2023-01-18 09:30:00-05:00,21.30500030517578,21.329999923706055,21.299999237060547,21.329999923706055,0,0.0,0.0,0.0
2023-01-18 10:30:00-05:00,21.290000915527344,21.29990005493164,21.290000915527344,21.29990005493164,2702,0.0,0.0,0.0
2023-01-18 11:30:00-05:00,21.260000228881836,21.260000228881836,21.25,21.25,37085,0.0,0.0,0.0
2023-01-18 12:30:00-05:00,21.260000228881836,21.329999923706055,21.25,21.315000534057617,162173,0.0,0.0,0.0
2023-01-18 13:30:00-05:00,21.31999969482422,21.329999923706055,21.309999465942383,21.329999923706055,8910,0.0,0.0,0.0
2023-01-18 14:30:00-05:00,21.329999923706055,21.350000381469727,21.325000762939453,21.350000381469727,186635,0.0,0.0,0.0
2023-01-18 15:30:00-05:00,21.34000015258789,21.350000381469727,21.334999084472656,21.34000015258789,28651,0.0,0.0,0.0
2023-01-19 09:30:00-05:00,21.299999237060547,21.309999465942383,21.299999237060547,21.309999465942383,0,0.0,0.0,0.0
2023-01-19 10:30:00-05:00,21.290000915527344,21.299999237060547,21.290000915527344,21.299999237060547,1369,0.0,0.0,0.0
2023-01-19 11:30:00-05:00,21.319900512695312,21.319900512695312,21.27199935913086,21.27199935913086,1201,0.0,0.0,0.0
2023-01-19 12:30:00-05:00,21.280000686645508,21.280000686645508,21.280000686645508,21.280000686645508,85487,0.0,0.0,0.0
2023-01-19 13:30:00-05:00,21.28499984741211,21.28499984741211,21.28499984741211,21.28499984741211,141,0.0,0.0,0.0
2023-01-19 14:30:00-05:00,21.290000915527344,21.290000915527344,21.290000915527344,21.290000915527344,479,0.0,0.0,0.0
2023-01-19 15:30:00-05:00,21.30929946899414,21.30929946899414,21.290000915527344,21.290000915527344,252649,0.0,0.0,0.0
2023-01-20 09:30:00-05:00,21.19610023498535,21.200000762939453,21.19610023498535,21.200000762939453,0,0.0,0.0,0.0
2023-01-20 10:30:00-05:00,21.18000030517578,21.18000030517578,21.170000076293945,21.170000076293945,300,0.0,0.0,0.0
2023-01-20 11:30:00-05:00,21.139999389648438,21.139999389648438,21.1299991607666,21.138900756835938,4681,0.0,0.0,0.0
2023-01-20 13:30:00-05:00,21.15999984741211,21.16939926147461,21.151100158691406,21.16939926147461,4991,0.0,0.0,0.0
2023-01-20 14:30:00-05:00,21.15999984741211,21.15999984741211,21.15999984741211,21.15999984741211,542,0.0,0.0,0.0
2023-01-20 15:30:00-05:00,21.149999618530273,21.155000686645508,21.14900016784668,21.155000686645508,6535,0.0,0.0,0.0
2023-01-23 09:30:00-05:00,21.09000015258789,21.100000381469727,21.09000015258789,21.100000381469727,0,0.0,0.0,0.0
2023-01-23 10:30:00-05:00,21.1200008392334,21.139999389648438,21.1200008392334,21.139999389648438,801,0.0,0.0,0.0
2023-01-23 11:30:00-05:00,21.094999313354492,21.094999313354492,21.094999313354492,21.094999313354492,751,0.0,0.0,0.0
2023-01-23 12:30:00-05:00,21.094999313354492,21.094999313354492,21.079999923706055,21.08099937438965,1308,0.0,0.0,0.0
2023-01-23 13:30:00-05:00,21.087499618530273,21.087499618530273,21.087499618530273,21.087499618530273,7900,0.0,0.0,0.0
2023-01-23 14:30:00-05:00,21.094999313354492,21.094999313354492,21.09000015258789,21.094999313354492,1548,0.0,0.0,0.0
2023-01-23 15:30:00-05:00,21.100000381469727,21.100000381469727,21.079999923706055,21.079999923706055,200,0.0,0.0,0.0
2023-01-24 09:30:00-05:00,21.07819938659668,21.1299991607666,21.07819938659668,21.1299991607666,0,0.0,0.0,0.0
2023-01-24 10:30:00-05:00,21.149999618530273,21.18400001525879,21.149999618530273,21.18400001525879,620,0.0,0.0,0.0
2023-01-24 11:30:00-05:00,21.16819953918457,21.16819953918457,21.16819953918457,21.16819953918457,4202,0.0,0.0,0.0
2023-01-24 12:30:00-05:00,21.15999984741211,21.15999984741211,21.149999618530273,21.149999618530273,437,0.0,0.0,0.0
2023-01-24 13:30:00-05:00,21.200000762939453,21.200000762939453,21.200000762939453,21.200000762939453,100,0.0,0.0,0.0
2023-01-24 14:30:00-05:00,21.200000762939453,21.200000762939453,21.18000030517578,21.18000030517578,250,0.0,0.0,0.0
2023-01-24 15:30:00-05:00,21.199899673461914,21.209999084472656,21.199899673461914,21.209999084472656,0,0.0,0.0,0.0
2023-01-25 09:30:00-05:00,21.229999542236328,21.264999389648438,21.229999542236328,21.25,1007,0.0,0.0,0.0
2023-01-25 10:30:00-05:00,21.239999771118164,21.239999771118164,21.174999237060547,21.187999725341797,9286,0.0,0.0,0.0
2023-01-25 11:30:00-05:00,21.188199996948242,21.190000534057617,21.18000030517578,21.190000534057617,442,0.0,0.0,0.0
2023-01-25 12:30:00-05:00,21.2189998626709,21.219999313354492,21.2189998626709,21.219999313354492,216,0.0,0.0,0.0
2023-01-25 13:30:00-05:00,21.219999313354492,21.219999313354492,21.2007999420166,21.2007999420166,41965,0.0,0.0,0.0
2023-01-25 14:30:00-05:00,21.210100173950195,21.210100173950195,21.209999084472656,21.209999084472656,767,0.0,0.0,0.0
2023-01-25 15:30:00-05:00,21.236099243164062,21.236099243164062,21.229999542236328,21.229999542236328,630,0.0,0.0,0.0
2023-01-26 09:30:00-05:00,21.174999237060547,21.184999465942383,21.174999237060547,21.18000030517578,0,0.0,0.0,0.0
2023-01-26 10:30:00-05:00,21.170000076293945,21.174999237060547,21.1299991607666,21.1299991607666,1510,0.0,0.0,0.0
2023-01-26 11:30:00-05:00,21.135000228881836,21.135000228881836,21.135000228881836,21.135000228881836,228,0.0,0.0,0.0
2023-01-26 13:30:00-05:00,21.209999084472656,21.209999084472656,21.189800262451172,21.189800262451172,5347,0.0,0.0,0.0
2023-01-26 14:30:00-05:00,21.18000030517578,21.18000030517578,21.149999618530273,21.149999618530273,0,0.0,0.0,0.0
2023-01-27 09:30:00-05:00,21.09000015258789,21.09000015258789,21.06599998474121,21.06599998474121,1425,0.0,0.0,0.0
2023-01-27 10:30:00-05:00,21.09000015258789,21.110000610351562,21.09000015258789,21.100000381469727,1102,0.0,0.0,0.0
2023-01-27 11:30:00-05:00,21.100000381469727,21.104999542236328,21.100000381469727,21.104999542236328,2042,0.0,0.0,0.0
2023-01-27 14:30:00-05:00,21.114999771118164,21.1200008392334,21.114999771118164,21.1200008392334,3554,0.0,0.0,0.0
2023-01-30 09:30:00-05:00,21.059999465942383,21.100000381469727,21.059999465942383,21.09000015258789,0,0.0,0.0,0.0
2023-01-30 10:30:00-05:00,21.075000762939453,21.079999923706055,21.05500030517578,21.059999465942383,5512,0.0,0.0,0.0
2023-01-30 11:30:00-05:00,21.059999465942383,21.065000534057617,21.049999237060547,21.059999465942383,7235,0.0,0.0,0.0
2023-01-30 12:30:00-05:00,21.049999237060547,21.05500030517578,21.049999237060547,21.05500030517578,4300,0.0,0.0,0.0
2023-01-30 13:30:00-05:00,21.06999969482422,21.06999969482422,21.065000534057617,21.065000534057617,2616,0.0,0.0,0.0
2023-01-30 14:30:00-05:00,21.065000534057617,21.065000534057617,21.059999465942383,21.065000534057617,3910,0.0,0.0,0.0
2023-01-30 15:30:00-05:00,21.065000534057617,21.065000534057617,21.065000534057617,21.065000534057617,2478,0.0,0.0,0.0
2023-01-31 09:30:00-05:00,21.1200008392334,21.135000228881836,21.079999923706055,21.079999923706055,0,0.0,0.0,0.0
2023-01-31 10:30:00-05:00,21.065000534057617,21.100000381469727,21.065000534057617,21.100000381469727,904,0.0,0.0,0.0
2023-01-31 11:30:00-05:00,21.114999771118164,21.114999771118164,21.100000381469727,21.100000381469727,647,0.0,0.0,0.0
2023-01-31 12:30:00-05:00,21.084800720214844,21.104999542236328,21.07659912109375,21.104999542236328,13239,0.0,0.0,0.0
2023-01-31 13:30:00-05:00,21.104999542236328,21.11989974975586,21.104999542236328,21.11989974975586,8587,0.0,0.0,0.0
2023-01-31 14:30:00-05:00,21.114999771118164,21.114999771118164,21.100000381469727,21.104999542236328,1064,0.0,0.0,0.0
2023-01-31 15:30:00-05:00,21.110000610351562,21.15999984741211,21.104999542236328,21.15999984741211,2844,0.0,0.0,0.0
2023-02-01 09:30:00-05:00,21.15999984741211,21.15999984741211,21.100000381469727,21.104000091552734,0,0.0,0.0,0.0
2023-02-01 10:30:00-05:00,21.1299991607666,21.1299991607666,21.111299514770508,21.111299514770508,14583,0.0,0.0,0.0
2023-02-01 11:30:00-05:00,21.1299991607666,21.155000686645508,21.1299991607666,21.149999618530273,2433,0.0,0.0,0.0
2023-02-01 12:30:00-05:00,21.18000030517578,21.18000030517578,21.170000076293945,21.170000076293945,415,0.0,0.0,0.0
2023-02-01 13:30:00-05:00,21.15329933166504,21.15329933166504,21.135000228881836,21.135000228881836,4880,0.0,0.0,0.0
2023-02-01 14:30:00-05:00,21.1299991607666,21.280000686645508,21.1299991607666,21.280000686645508,1866,0.0,0.0,0.0
2023-02-01 15:30:00-05:00,21.287799835205078,21.290000915527344,21.260000228881836,21.290000915527344,0,0.0,0.0,0.0
2023-02-02 09:30:00-05:00,21.349899291992188,21.349899291992188,21.309999465942383,21.315000534057617,1143,0.0,0.0,0.0
2023-02-02 10:30:00-05:00,21.350000381469727,21.3799991607666,21.350000381469727,21.3799991607666,2163,0.0,0.0,0.0
2023-02-02 11:30:00-05:00,21.350000381469727,21.350000381469727,21.350000381469727,21.350000381469727,200,0.0,0.0,0.0
2023-02-02 12:30:00-05:00,21.311899185180664,21.311899185180664,21.311899185180664,21.311899185180664,315,0.0,0.0,0.0
2023-02-02 13:30:00-05:00,21.299999237060547,21.309999465942383,21.297700881958008,21.299999237060547,5301,0.0,0.0,0.0
2023-02-02 14:30:00-05:00,21.295000076293945,21.295000076293945,21.280000686645508,21.29010009765625,1389,0.0,0.0,0.0
2023-02-02 15:30:00-05:00,21.290000915527344,21.290000915527344,21.270000457763672,21.270000457763672,4751,0.0,0.0,0.0
2023-02-03 09:30:00-05:00,21.06999969482422,21.1299991607666,21.030000686645508,21.059999465942383,730,0.0,0.0,0.0
2023-02-03 10:30:00-05:00,21.040000915527344,21.040000915527344,21.040000915527344,21.040000915527344,779,0.0,0.0,0.0
2023-02-03 11:30:00-05:00,21.059999465942383,21.075000762939453,21.059999465942383,21.075000762939453,375,0.0,0.0,0.0
2023-02-03 13:30:00-05:00,21.079999923706055,21.09000015258789,21.079999923706055,21.09000015258789,670,0.0,0.0,0.0
2023-02-03 15:30:00-05:00,21.049999237060547,21.059999465942383,21.049999237060547,21.059999465942383,1150,0.0,0.0,0.0
2023-02-06 09:30:00-05:00,20.889999389648438,20.905000686645508,20.889999389648438,20.905000686645508,0,0.0,0.0,0.0
2023-02-06 10:30:00-05:00,20.905000686645508,20.905000686645508,20.905000686645508,20.905000686645508,356,0.0,0.0,0.0
2023-02-06 11:30:00-05:00,20.895000457763672,20.895000457763672,20.864900588989258,20.864900588989258,4234,0.0,0.0,0.0
2023-02-06 12:30:00-05:00,20.875,20.875,20.875,20.875,100,0.0,0.0,0.0
2023-02-06 13:30:00-05:00,20.87030029296875,20.89590072631836,20.87030029296875,20.89590072631836,5827,0.0,0.0,0.0
2023-02-06 14:30:00-05:00,20.8799991607666,20.8799991607666,20.875,20.87660026550293,804,0.0,0.0,0.0
2023-02-06 15:30:00-05:00,20.872499465942383,20.872499465942383,20.858699798583984,20.858699798583984,846,0.0,0.0,0.0
2023-02-07 09:30:00-05:00,20.859899520874023,20.859899520874023,20.859899520874023,20.859899520874023,0,0.0,0.0,0.0
2023-02-07 10:30:00-05:00,20.8799991607666,20.885000228881836,20.8799991607666,20.885000228881836,1189,0.0,0.0,0.0
2023-02-07 11:30:00-05:00,20.875,20.875,20.850000381469727,20.850000381469727,380,0.0,0.0,0.0
2023-02-07 12:30:00-05:00,20.860000610351562,20.908199310302734,20.844999313354492,20.860000610351562,16766,0.0,0.0,0.0
2023-02-07 13:30:00-05:00,20.834999084472656,20.837799072265625,20.809999465942383,20.813600540161133,3515,0.0,0.0,0.0
2023-02-07 14:30:00-05:00,20.80229949951172,20.82360076904297,20.802200317382812,20.803800582885742,5808,0.0,0.0,0.0
2023-02-07 15:30:00-05:00,20.809900283813477,20.815000534057617,20.80500030517578,20.815000534057617,1727,0.0,0.0,0.0
2023-02-08 09:30:00-05:00,20.809999465942383,20.809999465942383,20.780000686645508,20.790000915527344,0,0.0,0.0,0.0
2023-02-08 10:30:00-05:00,20.790000915527344,20.81999969482422,20.790000915527344,20.809999465942383,16187,0.0,0.0,0.0
2023-02-08 11:30:00-05:00,20.80500030517578,20.80500030517578,20.799999237060547,20.799999237060547,843,0.0,0.0,0.0
2023-02-08 12:30:00-05:00,20.885000228881836,20.885000228881836,20.8799991607666,20.8799991607666,538,0.0,0.0,0.0
2023-02-08 14:30:00-05:00,20.84000015258789,20.854999542236328,20.834199905395508,20.854999542236328,2668,0.0,0.0,0.0
2023-02-08 15:30:00-05:00,20.8799991607666,20.8799991607666,20.8700008392334,20.8799991607666,1133,0.0,0.0,0.0
2023-02-09 09:30:00-05:00,20.91010093688965,20.91010093688965,20.91010093688965,20.91010093688965,0,0.0,0.0,0.0
2023-02-09 11:30:00-05:00,20.91990089416504,20.920000076293945,20.91990089416504,20.920000076293945,1871,0.0,0.0,0.0
2023-02-09 12:30:00-05:00,20.889999389648438,20.90999984741211,20.889999389648438,20.90999984741211,321,0.0,0.0,0.0
2023-02-09 14:30:00-05:00,20.787799835205078,20.795299530029297,20.780000686645508,20.795299530029297,70235,0.0,0.0,0.0
2023-02-09 15:30:00-05:00,20.780000686645508,20.799999237060547,20.780000686645508,20.799999237060547,452,0.0,0.0,0.0
2023-02-10 09:30:00-05:00,20.75,20.760000228881836,20.75,20.760000228881836,0,0.0,0.0,0.0
2023-02-10 10:30:00-05:00,20.712299346923828,20.712299346923828,20.712299346923828,20.712299346923828,460,0.0,0.0,0.0
2023-02-10 11:30:00-05:00,20.700000762939453,20.700000762939453,20.700000762939453,20.700000762939453,234,0.0,0.0,0.0
2023-02-10 12:30:00-05:00,20.709999084472656,20.709999084472656,20.709999084472656,20.709999084472656,391,0.0,0.0,0.0
2023-02-10 14:30:00-05:00,20.700000762939453,20.700000762939453,20.68199920654297,20.68199920654297,6936,0.0,0.0,0.0
2023-02-10 15:30:00-05:00,20.687999725341797,20.687999725341797,20.684999465942383,20.684999465942383,603,0.0,0.0,0.0
2023-02-13 09:30:00-05:00,20.690000534057617,20.719999313354492,20.685199737548828,20.719999313354492,0,0.0,0.0,0.0
2023-02-13 11:30:00-05:00,20.716400146484375,20.719499588012695,20.716400146484375,20.719100952148438,852,0.0,0.0,0.0
2023-02-13 12:30:00-05:00,20.700000762939453,20.700000762939453,20.700000762939453,20.700000762939453,300,0.0,0.0,0.0
2023-02-13 13:30:00-05:00,20.71780014038086,20.719999313354492,20.710100173950195,20.719999313354492,10017,0.0,0.0,0.0
2023-02-13 14:30:00-05:00,20.709999084472656,20.725000381469727,20.709999084472656,20.725000381469727,1189,0.0,0.0,0.0
2023-02-13 15:30:00-05:00,20.725000381469727,20.743999481201172,20.725000381469727,20.739999771118164,549,0.0,0.0,0.0
2023-02-14 09:30:00-05:00,20.69729995727539,20.719999313354492,20.690000534057617,20.704999923706055,3966,0.0,0.0,0.0
2023-02-14 10:30:00-05:00,20.666799545288086,20.666799545288086,20.634599685668945,20.634599685668945,2797,0.0,0.0,0.0
2023-02-14 11:30:00-05:00,20.59000015258789,20.614999771118164,20.59000015258789,20.614999771118164,452,0.0,0.0,0.0
2023-02-14 13:30:00-05:00,20.64900016784668,20.64900016784668,20.64900016784668,20.64900016784668,4427,0.0,0.0,0.0
2023-02-14 14:30:00-05:00,20.645000457763672,20.645000457763672,20.639999389648438,20.639999389648438,15107,0.0,0.0,0.0
2023-02-14 15:30:00-05:00,20.659900665283203,20.659900665283203,20.639999389648438,20.639999389648438,2372,0.0,0.0,0.0
2023-02-15 09:30:00-05:00,20.600000381469727,20.649999618530273,20.600000381469727,20.6299991607666,0,0.0,0.0,0.0
2023-02-15 10:30:00-05:00,20.6200008392334,20.6200008392334,20.59000015258789,20.59000015258789,2722,0.0,0.0,0.0
2023-02-15 11:30:00-05:00,20.579999923706055,20.597000122070312,20.565799713134766,20.565799713134766,12566,0.0,0.0,0.0
2023-02-15 12:30:00-05:00,20.559999465942383,20.59000015258789,20.559999465942383,20.56999969482422,2405,0.0,0.0,0.0
2023-02-15 13:30:00-05:00,20.559999465942383,20.56999969482422,20.55500030517578,20.56999969482422,5350,0.0,0.0,0.0
2023-02-15 14:30:00-05:00,20.56999969482422,20.571699142456055,20.559999465942383,20.56999969482422,2690,0.0,0.0,0.0
2023-02-15 15:30:00-05:00,20.56999969482422,20.580299377441406,20.56999969482422,20.580299377441406,2830,0.0,0.0,0.0
2023-02-16 09:30:00-05:00,20.520000457763672,20.520000457763672,20.5,20.510000228881836,0,0.0,0.0,0.0
2023-02-16 10:30:00-05:00,20.540000915527344,20.549999237060547,20.540000915527344,20.549999237060547,3460,0.0,0.0,0.0
2023-02-16 11:30:00-05:00,20.559999465942383,20.56999969482422,20.544700622558594,20.549999237060547,2563,0.0,0.0,0.0
2023-02-16 12:30:00-05:00,20.540000915527344,20.540000915527344,20.530000686645508,20.530000686645508,5645,0.0,0.0,0.0
2023-02-16 13:30:00-05:00,20.55500030517578,20.569900512695312,20.549999237060547,20.569900512695312,956,0.0,0.0,0.0
2023-02-16 14:30:00-05:00,20.549999237060547,20.549999237060547,20.5,20.520000457763672,7272,0.0,0.0,0.0
2023-02-16 15:30:00-05:00,20.510000228881836,20.518999099731445,20.4950008392334,20.506999969482422,2734,0.0,0.0,0.0
2023-02-17 09:30:00-05:00,20.459999084472656,20.549999237060547,20.459999084472656,20.520000457763672,0,0.0,0.0,0.0
2023-02-17 10:30:00-05:00,20.520000457763672,20.549999237060547,20.510000228881836,20.520000457763672,11353,0.0,0.0,0.0
2023-02-17 11:30:00-05:00,20.520000457763672,20.559999465942383,20.518999099731445,20.559999465942383,12978,0.0,0.0,0.0
2023-02-17 12:30:00-05:00,20.559999465942383,20.559999465942383,20.540000915527344,20.549999237060547,17100,0.0,0.0,0.0
2023-02-17 13:30:00-05:00,20.549999237060547,20.559999465942383,20.549999237060547,20.559999465942383,8659,0.0,0.0,0.0
2023-02-17 14:30:00-05:00,20.559999465942383,20.579999923706055,20.55500030517578,20.56999969482422,9111,0.0,0.0,0.0
2023-02-17 15:30:00-05:00,20.56999969482422,20.575000762939453,20.56999969482422,20.575000762939453,4590,0.0,0.0,0.0
2023-02-21 09:30:00-05:00,20.43000030517578,20.43000030517578,20.3700008392334,20.3700008392334,0,0.0,0.0,0.0
2023-02-21 10:30:00-05:00,20.41309928894043,20.41309928894043,20.399999618530273,20.399999618530273,443,0.0,0.0,0.0
2023-02-21 11:30:00-05:00,20.408700942993164,20.41790008544922,20.408700942993164,20.41790008544922,1547,0.0,0.0,0.0
2023-02-21 12:30:00-05:00,20.408000946044922,20.408000946044922,20.36949920654297,20.36949920654297,7995,0.0,0.0,0.0
2023-02-21 13:30:00-05:00,20.360000610351562,20.367300033569336,20.360000610351562,20.367300033569336,445,0.0,0.0,0.0
2023-02-21 14:30:00-05:00,20.350000381469727,20.350000381469727,20.350000381469727,20.350000381469727,833,0.0,0.0,0.0
2023-02-21 15:30:00-05:00,20.36400032043457,20.36400032043457,20.350000381469727,20.350000381469727,919,0.0,0.0,0.0
2023-02-22 09:30:00-05:00,20.389999389648438,20.440000534057617,20.389999389648438,20.40999984741211,0,0.0,0.0,0.0
2023-02-22 10:30:00-05:00,20.41670036315918,20.440000534057617,20.41670036315918,20.43000030517578,1260,0.0,0.0,0.0
2023-02-22 11:30:00-05:00,20.418100357055664,20.418100357055664,20.418100357055664,20.418100357055664,4802,0.0,0.0,0.0
2023-02-22 12:30:00-05:00,20.424999237060547,20.424999237060547,20.424999237060547,20.424999237060547,336,0.0,0.0,0.0
2023-02-22 13:30:00-05:00,20.440000534057617,20.440000534057617,20.389999389648438,20.40999984741211,5680,0.0,0.0,0.0
2023-02-22 14:30:00-05:00,20.40999984741211,20.40999984741211,20.385000228881836,20.385000228881836,1229,0.0,0.0,0.0
2023-02-22 15:30:00-05:00,20.3799991607666,20.3799991607666,20.3799991607666,20.3799991607666,1677,0.0,0.0,0.0
2023-02-23 09:30:00-05:00,20.389999389648438,20.40999984741211,20.389999389648438,20.40999984741211,0,0.0,0.0,0.0
2023-02-23 10:30:00-05:00,20.399900436401367,20.43000030517578,20.399900436401367,20.426300048828125,3581,0.0,0.0,0.0
2023-02-23 11:30:00-05:00,20.40570068359375,20.40570068359375,20.40570068359375,20.40570068359375,219,0.0,0.0,0.0
2023-02-23 12:30:00-05:00,20.420000076293945,20.420000076293945,20.415000915527344,20.420000076293945,1798,0.0,0.0,0.0
2023-02-23 13:30:00-05:00,20.440000534057617,20.45789909362793,20.440000534057617,20.45789909362793,621,0.0,0.0,0.0
2023-02-23 14:30:00-05:00,20.459999084472656,20.459999084472656,20.44499969482422,20.450000762939453,943,0.0,0.0,0.0
2023-02-23 15:30:00-05:00,20.469200134277344,20.469999313354492,20.469200134277344,20.469999313354492,808,0.0,0.0,0.0
2023-02-24 09:30:00-05:00,20.350000381469727,20.350000381469727,20.333499908447266,20.333499908447266,0,0.0,0.0,0.0
2023-02-24 10:30:00-05:00,20.34000015258789,20.34000015258789,20.32159996032715,20.329999923706055,1058,0.0,0.0,0.0
2023-02-24 11:30:00-05:00,20.309999465942383,20.309999465942383,20.30500030517578,20.30500030517578,1742,0.0,0.0,0.0
2023-02-24 12:30:00-05:00,20.309999465942383,20.309999465942383,20.309999465942383,20.309999465942383,335,0.0,0.0,0.0
2023-02-24 14:30:00-05:00,20.33799934387207,20.33799934387207,20.33799934387207,20.33799934387207,200,0.0,0.0,0.0
2023-02-24 15:30:00-05:00,20.34819984436035,20.34819984436035,20.34000015258789,20.34000015258789,653,0.0,0.0,0.0
2023-02-27 09:30:00-05:00,20.420000076293945,20.420000076293945,20.405000686645508,20.405000686645508,0,0.0,0.0,0.0
2023-02-27 11:30:00-05:00,20.360000610351562,20.389999389648438,20.360000610351562,20.389999389648438,498,0.0,0.0,0.0
2023-02-27 13:30:00-05:00,20.385000228881836,20.389999389648438,20.384199142456055,20.389999389648438,3192,0.0,0.0,0.0
2023-02-27 15:30:00-05:00,20.395000457763672,20.399999618530273,20.389999389648438,20.399999618530273,1542,0.0,0.0,0.0
2023-02-28 10:30:00-05:00,20.364999771118164,20.3700008392334,20.36050033569336,20.3700008392334,2425,0.0,0.0,0.0
2023-02-28 11:30:00-05:00,20.379600524902344,20.3799991607666,20.379600524902344,20.3799991607666,283,0.0,0.0,0.0
2023-02-28 13:30:00-05:00,20.389999389648438,20.399999618530273,20.380399703979492,20.399999618530273,1348,0.0,0.0,0.0
2023-02-28 14:30:00-05:00,20.420000076293945,20.420000076293945,20.415000915527344,20.415000915527344,312,0.0,0.0,0.0
2023-02-28 15:30:00-05:00,20.420000076293945,20.437999725341797,20.420000076293945,20.425199508666992,233,0.0,0.0,0.0
2023-03-01 09:30:00-05:00,20.299999237060547,20.309999465942383,20.239099502563477,20.239999771118164,3027,0.0,0.0,0.0
2023-03-01 10:30:00-05:00,20.239999771118164,20.239999771118164,20.229999542236328,20.239999771118164,13058,0.0,0.0,0.0
2023-03-01 11:30:00-05:00,20.23590087890625,20.274999618530273,20.23590087890625,20.270000457763672,1512,0.0,0.0,0.0
2023-03-01 12:30:00-05:00,20.2450008392334,20.2450008392334,20.239999771118164,20.239999771118164,200,0.0,0.0,0.0
2023-03-01 13:30:00-05:00,20.229999542236328,20.229999542236328,20.229999542236328,20.229999542236328,375,0.0,0.0,0.0
2023-03-01 14:30:00-05:00,20.229999542236328,20.239999771118164,20.229999542236328,20.229999542236328,1925,0.0,0.0,0.0
2023-03-01 15:30:00-05:00,20.229999542236328,20.229999542236328,20.200000762939453,20.229999542236328,995,0.0,0.0,0.0
2023-03-02 09:30:00-05:00,20.139999389648438,20.139999389648438,20.1200008392334,20.125,0,0.0,0.0,0.0
2023-03-02 10:30:00-05:00,20.135000228881836,20.135000228881836,20.1299991607666,20.1299991607666,1620,0.0,0.0,0.0
2023-03-02 12:30:00-05:00,20.110000610351562,20.11009979248047,20.110000610351562,20.11009979248047,791,0.0,0.0,0.0
2023-03-02 13:30:00-05:00,20.1299991607666,20.139999389648438,20.1299991607666,20.139999389648438,54856,0.0,0.0,0.0
2023-03-02 14:30:00-05:00,20.1299991607666,20.1299991607666,20.110000610351562,20.110000610351562,855,0.0,0.0,0.0
2023-03-02 15:30:00-05:00,20.122499465942383,20.139999389648438,20.1200008392334,20.139999389648438,6256,0.0,0.0,0.0
2023-03-03 09:30:00-05:00,20.209999084472656,20.219999313354492,20.209999084472656,20.219999313354492,0,0.0,0.0,0.0
2023-03-03 10:30:00-05:00,20.219999313354492,20.219999313354492,20.18000030517578,20.19099998474121,74425,0.0,0.0,0.0
2023-03-03 11:30:00-05:00,20.229999542236328,20.229999542236328,20.229999542236328,20.229999542236328,101,0.0,0.0,0.0
2023-03-03 12:30:00-05:00,20.256799697875977,20.274700164794922,20.256799697875977,20.270000457763672,3778,0.0,0.0,0.0
2023-03-03 13:30:00-05:00,20.270000457763672,20.279800415039062,20.270000457763672,20.274999618530273,110529,0.0,0.0,0.0
2023-03-03 14:30:00-05:00,20.274999618530273,20.295000076293945,20.274999618530273,20.279199600219727,1261,0.0,0.0,0.0
2023-03-06 09:30:00-05:00,20.34000015258789,20.34000015258789,20.31999969482422,20.329999923706055,0,0.0,0.0,0.0
2023-03-06 10:30:00-05:00,20.309999465942383,20.309999465942383,20.290000915527344,20.290000915527344,550,0.0,0.0,0.0
2023-03-06 11:30:00-05:00,20.2810001373291,20.290000915527344,20.280000686645508,20.290000915527344,6938,0.0,0.0,0.0
2023-03-06 12:30:00-05:00,20.280000686645508,20.280000686645508,20.280000686645508,20.280000686645508,182,0.0,0.0,0.0
2023-03-06 13:30:00-05:00,20.270000457763672,20.270000457763672,20.270000457763672,20.270000457763672,0,0.0,0.0,0.0
2023-03-06 15:30:00-05:00,20.260000228881836,20.264999389648438,20.260000228881836,20.264999389648438,9827,0.0,0.0,0.0
2023-03-07 09:30:00-05:00,20.299999237060547,20.299999237060547,20.229999542236328,20.229999542236328,0,0.0,0.0,0.0
2023-03-07 10:30:00-05:00,20.25790023803711,20.25790023803711,20.25790023803711,20.25790023803711,332,0.0,0.0,0.0
2023-03-07 11:30:00-05:00,20.28849983215332,20.28849983215332,20.28849983215332,20.28849983215332,1100,0.0,0.0,0.0
2023-03-07 12:30:00-05:00,20.30500030517578,20.309999465942383,20.299999237060547,20.309999465942383,100426,0.0,0.0,0.0
2023-03-07 14:30:00-05:00,20.25160026550293,20.254600524902344,20.240400314331055,20.240400314331055,8077,0.0,0.0,0.0
2023-03-07 15:30:00-05:00,20.270000457763672,20.280000686645508,20.270000457763672,20.270000457763672,548,0.0,0.0,0.0
2023-03-08 09:30:00-05:00,20.3700008392334,20.3700008392334,20.31999969482422,20.350000381469727,0,0.0,0.0,0.0
2023-03-08 10:30:00-05:00,20.350000381469727,20.36989974975586,20.31999969482422,20.31999969482422,2478,0.0,0.0,0.0
2023-03-08 11:30:00-05:00,20.299999237060547,20.299999237060547,20.299999237060547,20.299999237060547,100,0.0,0.0,0.0
2023-03-08 12:30:00-05:00,20.303199768066406,20.303199768066406,20.303199768066406,20.303199768066406,145,0.0,0.0,0.0
2023-03-08 13:30:00-05:00,20.249900817871094,20.249900817871094,20.23110008239746,20.23110008239746,1246,0.0,0.0,0.0
2023-03-08 14:30:00-05:00,20.264999389648438,20.264999389648438,20.260000228881836,20.260000228881836,1562,0.0,0.0,0.0
2023-03-08 15:30:00-05:00,20.260000228881836,20.264999389648438,20.260000228881836,20.264999389648438,667,0.0,0.0,0.0
2023-03-09 09:30:00-05:00,20.299999237060547,20.329999923706055,20.299999237060547,20.319799423217773,0,0.0,0.0,0.0
2023-03-09 11:30:00-05:00,20.295000076293945,20.295000076293945,20.295000076293945,20.295000076293945,1070,0.0,0.0,0.0
2023-03-09 12:30:00-05:00,20.30500030517578,20.360000610351562,20.30500030517578,20.360000610351562,969,0.0,0.0,0.0
2023-03-09 13:30:00-05:00,20.38479995727539,20.38479995727539,20.38479995727539,20.38479995727539,112,0.0,0.0,0.0
2023-03-09 14:30:00-05:00,20.3700008392334,20.3700008392334,20.35420036315918,20.360000610351562,1160,0.0,0.0,0.0
2023-03-09 15:30:00-05:00,20.360000610351562,20.3799991607666,20.360000610351562,20.3799991607666,1328,0.0,0.0,0.0
2023-03-10 09:30:00-05:00,20.65999984741211,20.725000381469727,20.65999984741211,20.725000381469727,0,0.0,0.0,0.0
2023-03-10 10:30:00-05:00,20.686199188232422,20.686199188232422,20.670000076293945,20.670000076293945,0,0.0,0.0,0.0
2023-03-10 11:30:00-05:00,20.639999389648438,20.700000762939453,20.639999389648438,20.700000762939453,11416,0.0,0.0,0.0
2023-03-10 12:30:00-05:00,20.719999313354492,20.729999542236328,20.69809913635254,20.709999084472656,5788,0.0,0.0,0.0
2023-03-10 13:30:00-05:00,20.735000610351562,20.75,20.719999313354492,20.729999542236328,1234,0.0,0.0,0.0
2023-03-10 14:30:00-05:00,20.719999313354492,20.760000228881836,20.719999313354492,20.760000228881836,249,0.0,0.0,0.0
2023-03-13 09:30:00-04:00,21.149999618530273,21.149999618530273,21.040000915527344,21.059999465942383,0,0.0,0.0,0.0
2023-03-13 10:30:00-04:00,21.177000045776367,21.177000045776367,21.13640022277832,21.13640022277832,824,0.0,0.0,0.0
2023-03-13 11:30:00-04:00,21.096599578857422,21.096599578857422,21.096599578857422,21.096599578857422,543,0.0,0.0,0.0
2023-03-13 12:30:00-04:00,21.06730079650879,21.084999084472656,21.06730079650879,21.06999969482422,4165,0.0,0.0,0.0
2023-03-13 13:30:00-04:00,21.040000915527344,21.040000915527344,21.040000915527344,21.040000915527344,336,0.0,0.0,0.0
2023-03-13 14:30:00-04:00,21.045000076293945,21.0492000579834,21.0,21.0,697,0.0,0.0,0.0
2023-03-13 15:30:00-04:00,21.0,21.0,20.994600296020508,21.0,2217,0.0,0.0,0.0
2023-03-14 09:30:00-04:00,20.920000076293945,20.920000076293945,20.780000686645508,20.829999923706055,23807,0.0,0.0,0.0
2023-03-14 10:30:00-04:00,20.780000686645508,20.860000610351562,20.780000686645508,20.860000610351562,3502,0.0,0.0,0.0
2023-03-14 11:30:00-04:00,20.860000610351562,20.8700008392334,20.799999237060547,20.799999237060547,3890,0.0,0.0,0.0
2023-03-14 12:30:00-04:00,20.799999237060547,20.899999618530273,20.790000915527344,20.899999618530273,2236,0.0,0.0,0.0
2023-03-14 13:30:00-04:00,20.8799991607666,20.889999389648438,20.8700008392334,20.8799991607666,1300,0.0,0.0,0.0
2023-03-14 14:30:00-04:00,20.899999618530273,20.899999618530273,20.850000381469727,20.860000610351562,3922,0.0,0.0,0.0
2023-03-14 15:30:00-04:00,20.859899520874023,20.859899520874023,20.799999237060547,20.809999465942383,6694,0.0,0.0,0.0
2023-03-15 09:30:00-04:00,21.139999389648438,21.229999542236328,21.1299991607666,21.229999542236328,0,0.0,0.0,0.0
2023-03-15 10:30:00-04:00,21.200000762939453,21.200000762939453,21.200000762939453,21.200000762939453,4340,0.0,0.0,0.0
2023-03-15 11:30:00-04:00,21.219900131225586,21.219900131225586,21.149999618530273,21.15999984741211,12411,0.0,0.0,0.0
2023-03-15 12:30:00-04:00,21.200000762939453,21.200000762939453,21.190000534057617,21.190000534057617,498,0.0,0.0,0.0
2023-03-15 13:30:00-04:00,21.15999984741211,21.170000076293945,21.06999969482422,21.06999969482422,12480,0.0,0.0,0.0
2023-03-15 14:30:00-04:00,21.09000015258789,21.09000015258789,21.09000015258789,21.09000015258789,160,0.0,0.0,0.0
2023-03-15 15:30:00-04:00,21.0408992767334,21.100000381469727,21.0408992767334,21.079999923706055,3929,0.0,0.0,0.0
2023-03-16 09:30:00-04:00,21.172100067138672,21.229999542236328,21.1299991607666,21.219999313354492,0,0.0,0.0,0.0
2023-03-16 10:30:00-04:00,21.247299194335938,21.247299194335938,21.079999923706055,21.1299991607666,5186,0.0,0.0,0.0
2023-03-16 11:30:00-04:00,21.1200008392334,21.1200008392334,21.049999237060547,21.049999237060547,930,0.0,0.0,0.0
2023-03-16 12:30:00-04:00,20.920000076293945,20.920000076293945,20.889999389648438,20.899999618530273,1120,0.0,0.0,0.0
2023-03-16 13:30:00-04:00,20.889999389648438,20.889999389648438,20.889999389648438,20.889999389648438,330,0.0,0.0,0.0
2023-03-16 14:30:00-04:00,20.909400939941406,20.90999984741211,20.899999618530273,20.899999618530273,4527,0.0,0.0,0.0
2023-03-16 15:30:00-04:00,20.909900665283203,20.909900665283203,20.899999618530273,20.899999618530273,470,0.0,0.0,0.0
2023-03-17 09:30:00-04:00,21.049999237060547,21.149999618530273,21.049999237060547,21.149999618530273,0,0.0,0.0,0.0
2023-03-17 10:30:00-04:00,21.190000534057617,21.209999084472656,21.15999984741211,21.18000030517578,4824,0.0,0.0,0.0
2023-03-17 11:30:00-04:00,21.149999618530273,21.149999618530273,21.149999618530273,21.149999618530273,102,0.0,0.0,0.0
2023-03-17 13:30:00-04:00,21.15999984741211,21.209999084472656,21.15999984741211,21.209999084472656,647,0.0,0.0,0.0
2023-03-17 14:30:00-04:00,21.200000762939453,21.209999084472656,21.174999237060547,21.174999237060547,900,0.0,0.0,0.0
2023-03-17 15:30:00-04:00,21.2185001373291,21.2185001373291,21.15999984741211,21.15999984741211,770,0.0,0.0,0.0
2023-03-20 09:30:00-04:00,21.149999618530273,21.149999618530273,21.075000762939453,21.075000762939453,0,0.0,0.0,0.0
2023-03-20 10:30:00-04:00,21.109899520874023,21.11009979248047,21.109899520874023,21.110000610351562,8291,0.0,0.0,0.0
2023-03-20 11:30:00-04:00,21.059999465942383,21.059999465942383,21.049999237060547,21.049999237060547,800,0.0,0.0,0.0
2023-03-20 12:30:00-04:00,21.079099655151367,21.079099655151367,21.079099655151367,21.079099655151367,1327,0.0,0.0,0.0
2023-03-20 13:30:00-04:00,21.049999237060547,21.05900001525879,21.040000915527344,21.049999237060547,13525,0.0,0.0,0.0
2023-03-20 14:30:00-04:00,21.049999237060547,21.06999969482422,21.049999237060547,21.06999969482422,690,0.0,0.0,0.0
2023-03-20 15:30:00-04:00,21.09000015258789,21.09000015258789,21.049999237060547,21.059999465942383,2885,0.0,0.0,0.0
2023-03-21 09:30:00-04:00,20.899999618530273,20.899999618530273,20.899999618530273,20.899999618530273,0,0.0,0.0,0.0
2023-03-21 10:30:00-04:00,20.969999313354492,20.969999313354492,20.94499969482422,20.94499969482422,654,0.0,0.0,0.0
2023-03-21 11:30:00-04:00,20.924999237060547,20.940000534057617,20.924999237060547,20.940000534057617,457,0.0,0.0,0.0
2023-03-21 12:30:00-04:00,20.929800033569336,20.929800033569336,20.929800033569336,20.929800033569336,357,0.0,0.0,0.0
2023-03-21 13:30:00-04:00,20.899999618530273,20.90999984741211,20.885000228881836,20.885000228881836,4959,0.0,0.0,0.0
2023-03-21 14:30:00-04:00,20.854999542236328,20.889999389648438,20.854999542236328,20.889999389648438,651,0.0,0.0,0.0
2023-03-21 15:30:00-04:00,20.8799991607666,20.889999389648438,20.866600036621094,20.889999389648438,9582,0.0,0.0,0.0
2023-03-22 09:30:00-04:00,20.857999801635742,20.8700008392334,20.854999542236328,20.8700008392334,0,0.0,0.0,0.0
2023-03-22 10:30:00-04:00,20.875,20.899999618530273,20.875,20.899999618530273,557,0.0,0.0,0.0
2023-03-22 11:30:00-04:00,20.900100708007812,20.90999984741211,20.900100708007812,20.90999984741211,212,0.0,0.0,0.0
2023-03-22 12:30:00-04:00,20.920000076293945,20.959999084472656,20.920000076293945,20.959999084472656,300,0.0,0.0,0.0
2023-03-22 13:30:00-04:00,20.969999313354492,21.010000228881836,20.96500015258789,20.979999542236328,2059,0.0,0.0,0.0
2023-03-22 14:30:00-04:00,20.985000610351562,21.100000381469727,20.985000610351562,21.100000381469727,2964,0.0,0.0,0.0
2023-03-22 15:30:00-04:00,21.079999923706055,21.170000076293945,21.06999969482422,21.162399291992188,1945,0.0,0.0,0.0
2023-03-23 09:30:00-04:00,21.1200008392334,21.1299991607666,21.100000381469727,21.100000381469727,0,0.0,0.0,0.0
2023-03-23 10:30:00-04:00,21.1200008392334,21.136999130249023,21.1200008392334,21.136999130249023,491,0.0,0.0,0.0
2023-03-23 11:30:00-04:00,21.1299991607666,21.20989990234375,21.1299991607666,21.20989990234375,9828,0.0,0.0,0.0
2023-03-23 12:30:00-04:00,21.200000762939453,21.200000762939453,21.15999984741211,21.15999984741211,882,0.0,0.0,0.0
2023-03-23 13:30:00-04:00,21.170000076293945,21.200000762939453,21.170000076293945,21.200000762939453,1645,0.0,0.0,0.0
2023-03-23 14:30:00-04:00,21.209999084472656,21.290000915527344,21.209999084472656,21.290000915527344,2699,0.0,0.0,0.0
2023-03-23 15:30:00-04:00,21.270000457763672,21.280500411987305,21.270000457763672,21.280500411987305,400,0.0,0.0,0.0
2023-03-24 09:30:00-04:00,21.40999984741211,21.420000076293945,21.385000228881836,21.385000228881836,0,0.0,0.0,0.0
2023-03-24 10:30:00-04:00,21.341400146484375,21.341400146484375,21.31999969482422,21.31999969482422,338,0.0,0.0,0.0
2023-03-24 11:30:00-04:00,21.346500396728516,21.346500396728516,21.290000915527344,21.303499221801758,1256,0.0,0.0,0.0
2023-03-24 12:30:00-04:00,21.303800582885742,21.31999969482422,21.303800582885742,21.31999969482422,563,0.0,0.0,0.0
2023-03-24 13:30:00-04:00,21.329999923706055,21.33009910583496,21.280000686645508,21.290000915527344,4472,0.0,0.0,0.0
2023-03-24 14:30:00-04:00,21.299999237060547,21.309999465942383,21.280000686645508,21.280000686645508,3121,0.0,0.0,0.0
2023-03-24 15:30:00-04:00,21.288700103759766,21.288700103759766,21.285200119018555,21.285200119018555,174,0.0,0.0,0.0
2023-03-27 09:30:00-04:00,21.079999923706055,21.079999923706055,21.079999923706055,21.079999923706055,0,0.0,0.0,0.0
2023-03-27 10:30:00-04:00,21.1200008392334,21.1299991607666,21.1200008392334,21.1200008392334,8962,0.0,0.0,0.0
2023-03-27 12:30:00-04:00,21.059999465942383,21.076200485229492,21.059999465942383,21.076200485229492,710,0.0,0.0,0.0
2023-03-27 13:30:00-04:00,21.051599502563477,21.051599502563477,21.051599502563477,21.051599502563477,1291,0.0,0.0,0.0
2023-03-27 14:30:00-04:00,21.040000915527344,21.04010009765625,21.040000915527344,21.04010009765625,1151,0.0,0.0,0.0
2023-03-27 15:30:00-04:00,21.020000457763672,21.02750015258789,21.020000457763672,21.02750015258789,200,0.0,0.0,0.0
2023-03-28 09:30:00-04:00,20.989999771118164,21.010000228881836,20.989999771118164,21.0,0,0.0,0.0,0.0
2023-03-28 10:30:00-04:00,21.0,21.0,20.979999542236328,21.0,495,0.0,0.0,0.0
2023-03-28 11:30:00-04:00,20.990999221801758,21.0,20.989999771118164,21.0,5724,0.0,0.0,0.0
2023-03-28 12:30:00-04:00,21.010000228881836,21.010000228881836,20.9950008392334,20.9950008392334,4338,0.0,0.0,0.0
2023-03-28 13:30:00-04:00,20.989999771118164,20.989999771118164,20.989999771118164,20.989999771118164,148,0.0,0.0,0.0
2023-03-28 14:30:00-04:00,21.01020050048828,21.01020050048828,21.0,21.0,457,0.0,0.0,0.0
2023-03-28 15:30:00-04:00,21.010000228881836,21.026899337768555,21.010000228881836,21.020000457763672,3083,0.0,0.0,0.0
2023-03-29 10:30:00-04:00,20.985000610351562,21.010000228881836,20.979999542236328,21.000099182128906,866,0.0,0.0,0.0
2023-03-29 11:30:00-04:00,21.010000228881836,21.010000228881836,20.989999771118164,21.010000228881836,998,0.0,0.0,0.0
2023-03-29 13:30:00-04:00,20.989999771118164,21.0,20.989999771118164,21.0,1044,0.0,0.0,0.0
2023-03-29 14:30:00-04:00,20.989999771118164,20.989999771118164,20.975000381469727,20.979999542236328,18406,0.0,0.0,0.0
2023-03-29 15:30:00-04:00,20.97369956970215,20.98590087890625,20.969999313354492,20.969999313354492,2436,0.0,0.0,0.0
2023-03-30 09:30:00-04:00,20.969999313354492,20.969999313354492,20.969999313354492,20.969999313354492,0,0.0,0.0,0.0
2023-03-30 10:30:00-04:00,20.979999542236328,20.979999542236328,20.970800399780273,20.970800399780273,15019,0.0,0.0,0.0
2023-03-30 11:30:00-04:00,20.979999542236328,20.979999542236328,20.975000381469727,20.979999542236328,9487,0.0,0.0,0.0
2023-03-30 12:30:00-04:00,20.993499755859375,21.000999450683594,20.993499755859375,21.0,45630,0.0,0.0,0.0
2023-03-30 13:30:00-04:00,21.0,21.020000457763672,21.0,21.0,21747,0.0,0.0,0.0
2023-03-30 14:30:00-04:00,21.010000228881836,21.014699935913086,21.010000228881836,21.014699935913086,674,0.0,0.0,0.0
2023-03-30 15:30:00-04:00,21.022899627685547,21.022899627685547,21.010000228881836,21.020000457763672,2899,0.0,0.0,0.0
2023-03-31 09:30:00-04:00,21.049999237060547,21.059999465942383,21.045000076293945,21.049999237060547,0,0.0,0.0,0.0
2023-03-31 10:30:00-04:00,21.040000915527344,21.040000915527344,21.040000915527344,21.040000915527344,151,0.0,0.0,0.0
2023-03-31 11:30:00-04:00,21.051799774169922,21.051799774169922,21.051799774169922,21.051799774169922,201,0.0,0.0,0.0
2023-03-31 12:30:00-04:00,21.07990074157715,21.07990074157715,21.07990074157715,21.07990074157715,146,0.0,0.0,0.0
2023-03-31 13:30:00-04:00,21.088300704956055,21.088300704956055,21.079999923706055,21.079999923706055,1082,0.0,0.0,0.0
2023-03-31 14:30:00-04:00,21.08009910583496,21.08009910583496,21.08009910583496,21.08009910583496,2348,0.0,0.0,0.0
2023-03-31 15:30:00-04:00,21.1299991607666,21.1299991607666,21.1200008392334,21.1200008392334,4246,0.0,0.0,0.0
2023-04-03 09:30:00-04:00,21.06999969482422,21.06999969482422,21.06999969482422,21.06999969482422,0,0.0,0.0,0.0
2023-04-03 10:30:00-04:00,21.17639923095703,21.19099998474121,21.17639923095703,21.19099998474121,1599,0.0,0.0,0.0
2023-04-03 13:30:00-04:00,21.139999389648438,21.139999389648438,21.139999389648438,21.139999389648438,318,0.0,0.0,0.0
2023-04-03 14:30:00-04:00,21.149700164794922,21.150100708007812,21.149700164794922,21.150100708007812,1199,0.0,0.0,0.0
2023-04-03 15:30:00-04:00,21.149999618530273,21.16860008239746,21.149999618530273,21.161300659179688,2678,0.0,0.0,0.0
2023-04-04 09:30:00-04:00,21.09000015258789,21.23900032043457,21.079999923706055,21.23900032043457,0,0.0,0.0,0.0
2023-04-04 11:30:00-04:00,21.299999237060547,21.31999969482422,21.299999237060547,21.31999969482422,580,0.0,0.0,0.0
2023-04-04 13:30:00-04:00,21.299999237060547,21.305999755859375,21.280000686645508,21.280000686645508,9581,0.0,0.0,0.0
2023-04-04 14:30:00-04:00,21.290000915527344,21.309999465942383,21.290000915527344,21.308300018310547,1428,0.0,0.0,0.0
2023-04-04 15:30:00-04:00,21.299999237060547,21.309999465942383,21.290000915527344,21.309999465942383,808,0.0,0.0,0.0
2023-04-05 09:30:00-04:00,21.3799991607666,21.450000762939453,21.3799991607666,21.440000534057617,0,0.0,0.0,0.0
2023-04-05 10:30:00-04:00,21.450000762939453,21.450000762939453,21.450000762939453,21.450000762939453,133,0.0,0.0,0.0
2023-04-05 12:30:00-04:00,21.420000076293945,21.420000076293945,21.40999984741211,21.40999984741211,300,0.0,0.0,0.0
2023-04-05 13:30:00-04:00,21.399999618530273,21.41469955444336,21.399999618530273,21.405000686645508,1174,0.0,0.0,0.0
2023-04-05 14:30:00-04:00,21.40999984741211,21.40999984741211,21.389999389648438,21.389999389648438,3370,0.0,0.0,0.0
2023-04-05 15:30:00-04:00,21.39189910888672,21.39189910888672,21.3799991607666,21.39189910888672,9019,0.0,0.0,0.0
2023-04-06 09:30:00-04:00,21.40999984741211,21.40999984741211,21.40999984741211,21.40999984741211,0,0.0,0.0,0.0
2023-04-06 10:30:00-04:00,21.43000030517578,21.440000534057617,21.420000076293945,21.420000076293945,3634,0.0,0.0,0.0
2023-04-06 11:30:00-04:00,21.399999618530273,21.420000076293945,21.399999618530273,21.420000076293945,13531,0.0,0.0,0.0
2023-04-06 12:30:00-04:00,21.40999984741211,21.43000030517578,21.40999984741211,21.43000030517578,4965,0.0,0.0,0.0
2023-04-06 13:30:00-04:00,21.40999984741211,21.40999984741211,21.40999984741211,21.40999984741211,302,0.0,0.0,0.0
2023-04-06 14:30:00-04:00,21.399999618530273,21.40999984741211,21.390100479125977,21.395000457763672,16128,0.0,0.0,0.0
2023-04-06 15:30:00-04:00,21.399999618530273,21.399999618530273,21.399900436401367,21.399900436401367,743,0.0,0.0,0.0
2023-04-10 09:30:00-04:00,21.239999771118164,21.239999771118164,21.170000076293945,21.184999465942383,0,0.0,0.0,0.0
2023-04-10 10:30:00-04:00,21.170000076293945,21.18000030517578,21.170000076293945,21.18000030517578,752,0.0,0.0,0.0
2023-04-10 11:30:00-04:00,21.190000534057617,21.190000534057617,21.18160057067871,21.18160057067871,3616,0.0,0.0,0.0
2023-04-10 12:30:00-04:00,21.18000030517578,21.202600479125977,21.18000030517578,21.200000762939453,1403,0.0,0.0,0.0
2023-04-10 13:30:00-04:00,21.200000762939453,21.200000762939453,21.200000762939453,21.200000762939453,196,0.0,0.0,0.0
2023-04-10 15:30:00-04:00,21.199899673461914,21.199899673461914,21.184999465942383,21.184999465942383,3511,0.0,0.0,0.0
2023-04-11 09:30:00-04:00,21.16349983215332,21.18000030517578,21.16349983215332,21.18000030517578,0,0.0,0.0,0.0
2023-04-11 10:30:00-04:00,21.170000076293945,21.170000076293945,21.149999618530273,21.155000686645508,1435,0.0,0.0,0.0
2023-04-11 11:30:00-04:00,21.149999618530273,21.149999618530273,21.139999389648438,21.139999389648438,4751,0.0,0.0,0.0
2023-04-11 12:30:00-04:00,21.139999389648438,21.149999618530273,21.139999389648438,21.149999618530273,486,0.0,0.0,0.0
2023-04-11 13:30:00-04:00,21.149999618530273,21.15999984741211,21.149999618530273,21.15999984741211,1320,0.0,0.0,0.0
2023-04-11 14:30:00-04:00,21.15959930419922,21.17009925842285,21.15959930419922,21.170000076293945,3067,0.0,0.0,0.0
2023-04-11 15:30:00-04:00,21.170700073242188,21.18000030517578,21.170700073242188,21.18000030517578,6743,0.0,0.0,0.0
2023-04-12 09:30:00-04:00,21.25,21.25,21.25,21.25,0,0.0,0.0,0.0
2023-04-12 10:30:00-04:00,21.190000534057617,21.229999542236328,21.190000534057617,21.229999542236328,1411,0.0,0.0,0.0
2023-04-12 11:30:00-04:00,21.22800064086914,21.229900360107422,21.209999084472656,21.209999084472656,6393,0.0,0.0,0.0
2023-04-12 12:30:00-04:00,21.149999618530273,21.15999984741211,21.149999618530273,21.15999984741211,486,0.0,0.0,0.0
2023-04-12 13:30:00-04:00,21.190000534057617,21.209999084472656,21.190000534057617,21.209999084472656,572,0.0,0.0,0.0
2023-04-12 14:30:00-04:00,21.219999313354492,21.219999313354492,21.209999084472656,21.209999084472656,855,0.0,0.0,0.0
2023-04-12 15:30:00-04:00,21.239999771118164,21.239999771118164,21.229999542236328,21.229999542236328,1680,0.0,0.0,0.0
2023-04-13 09:30:00-04:00,21.2908992767334,21.2908992767334,21.2908992767334,21.2908992767334,0,0.0,0.0,0.0
2023-04-13 10:30:00-04:00,21.25,21.25,21.25,21.25,1748,0.0,0.0,0.0
2023-04-13 11:30:00-04:00,21.229999542236328,21.229999542236328,21.225000381469727,21.225000381469727,809,0.0,0.0,0.0
2023-04-13 12:30:00-04:00,21.239999771118164,21.239999771118164,21.229999542236328,21.229999542236328,1398,0.0,0.0,0.0
2023-04-13 13:30:00-04:00,21.229299545288086,21.229299545288086,21.200000762939453,21.200000762939453,2022,0.0,0.0,0.0
2023-04-13 14:30:00-04:00,21.170000076293945,21.18000030517578,21.170000076293945,21.170000076293945,2199,0.0,0.0,0.0
2023-04-13 15:30:00-04:00,21.16990089416504,21.18000030517578,21.16990089416504,21.18000030517578,3796,0.0,0.0,0.0
2023-04-14 09:30:00-04:00,21.100000381469727,21.110000610351562,21.06999969482422,21.09000015258789,8461,0.0,0.0,0.0
2023-04-14 10:30:00-04:00,21.079999923706055,21.079999923706055,21.06999969482422,21.07990074157715,2721,0.0,0.0,0.0
2023-04-14 12:30:00-04:00,21.040000915527344,21.059999465942383,21.040000915527344,21.059999465942383,1299,0.0,0.0,0.0
2023-04-14 13:30:00-04:00,21.049999237060547,21.05970001220703,21.049999237060547,21.05970001220703,1102,0.0,0.0,0.0
2023-04-14 14:30:00-04:00,21.065000534057617,21.079999923706055,21.065000534057617,21.06999969482422,2943,0.0,0.0,0.0
2023-04-14 15:30:00-04:00,21.059999465942383,21.075000762939453,21.059999465942383,21.075000762939453,1779,0.0,0.0,0.0
2023-04-17 09:30:00-04:00,20.9950008392334,20.9950008392334,20.969999313354492,20.969999313354492,0,0.0,0.0,0.0
2023-04-17 10:30:00-04:00,20.959999084472656,20.959999084472656,20.940000534057617,20.949499130249023,804,0.0,0.0,0.0
2023-04-17 11:30:00-04:00,20.950000762939453,20.961299896240234,20.950000762939453,20.961299896240234,966,0.0,0.0,0.0
2023-04-17 13:30:00-04:00,20.950000762939453,20.950000762939453,20.950000762939453,20.950000762939453,876,0.0,0.0,0.0
2023-04-17 14:30:00-04:00,20.950000762939453,20.952499389648438,20.950000762939453,20.950000762939453,1357,0.0,0.0,0.0
2023-04-17 15:30:00-04:00,20.948299407958984,20.948299407958984,20.940000534057617,20.940000534057617,1550,0.0,0.0,0.0
2023-04-18 09:30:00-04:00,20.989999771118164,20.989999771118164,20.989999771118164,20.989999771118164,0,0.0,0.0,0.0
2023-04-18 10:30:00-04:00,21.0,21.010000228881836,21.0,21.009899139404297,1943,0.0,0.0,0.0
2023-04-18 11:30:00-04:00,20.97570037841797,20.97570037841797,20.959999084472656,20.959999084472656,4938,0.0,0.0,0.0
2023-04-18 12:30:00-04:00,20.969999313354492,20.969999313354492,20.969999313354492,20.969999313354492,500,0.0,0.0,0.0
2023-04-18 13:30:00-04:00,20.969999313354492,20.971399307250977,20.969999313354492,20.971399307250977,339,0.0,0.0,0.0
2023-04-18 14:30:00-04:00,20.969999313354492,20.969999313354492,20.969999313354492,20.969999313354492,567,0.0,0.0,0.0
2023-04-18 15:30:00-04:00,20.974300384521484,20.979999542236328,20.96980094909668,20.96980094909668,679,0.0,0.0,0.0
2023-04-19 09:30:00-04:00,20.93000030517578,20.93000030517578,20.924999237060547,20.924999237060547,0,0.0,0.0,0.0
2023-04-19 10:30:00-04:00,20.924999237060547,20.929899215698242,20.8799991607666,20.899599075317383,15181,0.0,0.0,0.0
2023-04-19 11:30:00-04:00,20.8700008392334,20.8799991607666,20.8700008392334,20.878299713134766,3110,0.0,0.0,0.0
2023-04-19 12:30:00-04:00,20.893800735473633,20.93000030517578,20.889999389648438,20.915000915527344,4138,0.0,0.0,0.0
2023-04-19 13:30:00-04:00,20.90959930419922,20.90999984741211,20.90959930419922,20.90999984741211,810,0.0,0.0,0.0
2023-04-19 15:30:00-04:00,20.93000030517578,20.930099487304688,20.93000030517578,20.93000030517578,2043,0.0,0.0,0.0
2023-04-20 09:30:00-04:00,21.044700622558594,21.05900001525879,21.040000915527344,21.05500030517578,0,0.0,0.0,0.0
2023-04-20 11:30:00-04:00,21.05500030517578,21.05500030517578,21.05500030517578,21.05500030517578,380,0.0,0.0,0.0
2023-04-20 13:30:00-04:00,21.049999237060547,21.049999237060547,21.041000366210938,21.041000366210938,576,0.0,0.0,0.0
2023-04-20 14:30:00-04:00,21.040000915527344,21.040000915527344,21.040000915527344,21.040000915527344,1197,0.0,0.0,0.0
2023-04-20 15:30:00-04:00,21.035400390625,21.04509925842285,21.035400390625,21.04509925842285,815,0.0,0.0,0.0
2023-04-21 09:30:00-04:00,21.100000381469727,21.100000381469727,21.040000915527344,21.040000915527344,0,0.0,0.0,0.0
2023-04-21 10:30:00-04:00,21.0049991607666,21.0049991607666,21.0,21.0,6767,0.0,0.0,0.0
2023-04-21 11:30:00-04:00,21.0,21.0,21.0,21.0,722,0.0,0.0,0.0
2023-04-21 12:30:00-04:00,21.020000457763672,21.038400650024414,21.020000457763672,21.038400650024414,549,0.0,0.0,0.0
2023-04-21 13:30:00-04:00,21.02120018005371,21.02120018005371,21.02120018005371,21.02120018005371,125,0.0,0.0,0.0
2023-04-21 14:30:00-04:00,21.0049991607666,21.0049991607666,21.0049991607666,21.0049991607666,373,0.0,0.0,0.0
2023-04-21 15:30:00-04:00,21.0,21.003599166870117,20.9906005859375,21.0,0,0.0,0.0,0.0
2023-04-24 10:30:00-04:00,21.059999465942383,21.059999465942383,21.059999465942383,21.059999465942383,978,0.0,0.0,0.0
2023-04-24 11:30:00-04:00,21.096900939941406,21.096900939941406,21.096900939941406,21.096900939941406,0,0.0,0.0,0.0
2023-04-24 12:30:00-04:00,21.09000015258789,21.09980010986328,21.09000015258789,21.09980010986328,3248,0.0,0.0,0.0
2023-04-24 13:30:00-04:00,21.100000381469727,21.110000610351562,21.094999313354492,21.100000381469727,1611681,0.0,0.0,0.0
2023-04-24 14:30:00-04:00,21.100000381469727,21.10580062866211,21.09000015258789,21.09000015258789,32515,0.0,0.0,0.0
2023-04-24 15:30:00-04:00,21.09000015258789,21.100000381469727,21.09000015258789,21.09589958190918,0,0.0,0.0,0.0
2023-04-25 09:30:00-04:00,21.239999771118164,21.270000457763672,21.239999771118164,21.270000457763672,162304,0.0,0.0,0.0
2023-04-25 10:30:00-04:00,21.290000915527344,21.290000915527344,21.2549991607666,21.260000228881836,76459,0.0,0.0,0.0
2023-04-25 11:30:00-04:00,21.256099700927734,21.260000228881836,21.239999771118164,21.260000228881836,0,0.0,0.0,0.0
2023-04-25 12:30:00-04:00,21.260000228881836,21.299999237060547,21.25,21.29949951171875,468511,0.0,0.0,0.0
2023-04-25 13:30:00-04:00,21.299999237060547,21.31999969482422,21.299999237060547,21.316999435424805,21097,0.0,0.0,0.0
2023-04-25 14:30:00-04:00,21.309999465942383,21.309999465942383,21.299999237060547,21.299999237060547,162488,0.0,0.0,0.0
2023-04-25 15:30:00-04:00,21.313499450683594,21.31999969482422,21.313499450683594,21.31909942626953,971,0.0,0.0,0.0
2023-04-26 09:30:00-04:00,21.329999923706055,21.329999923706055,21.290000915527344,21.299999237060547,0,0.0,0.0,0.0
2023-04-26 10:30:00-04:00,21.270000457763672,21.270000457763672,21.264999389648438,21.264999389648438,57766,0.0,0.0,0.0
2023-04-26 11:30:00-04:00,21.260000228881836,21.264999389648438,21.219999313354492,21.219999313354492,45124,0.0,0.0,0.0
2023-04-26 12:30:00-04:00,21.219999313354492,21.219999313354492,21.20599937438965,21.20599937438965,2441,0.0,0.0,0.0
2023-04-26 13:30:00-04:00,21.228200912475586,21.229999542236328,21.219999313354492,21.219999313354492,25094,0.0,0.0,0.0
2023-04-26 14:30:00-04:00,21.219999313354492,21.260000228881836,21.219999313354492,21.260000228881836,3501,0.0,0.0,0.0
2023-04-26 15:30:00-04:00,21.239999771118164,21.239999771118164,21.229999542236328,21.239999771118164,60177,0.0,0.0,0.0
2023-04-27 09:30:00-04:00,21.15999984741211,21.15999984741211,21.1200008392334,21.1299991607666,302688,0.0,0.0,0.0
2023-04-27 10:30:00-04:00,21.114999771118164,21.135000228881836,21.114999771118164,21.1200008392334,8657,0.0,0.0,0.0
2023-04-27 11:30:00-04:00,21.1299991607666,21.135000228881836,21.1200008392334,21.1200008392334,3599,0.0,0.0,0.0
2023-04-27 12:30:00-04:00,21.1299991607666,21.138500213623047,21.110000610351562,21.1299991607666,19606,0.0,0.0,0.0
2023-04-27 13:30:00-04:00,21.1200008392334,21.1200008392334,21.100000381469727,21.100000381469727,1017,0.0,0.0,0.0
2023-04-27 14:30:00-04:00,21.109899520874023,21.109899520874023,21.090999603271484,21.090999603271484,4659,0.0,0.0,0.0
2023-04-27 15:30:00-04:00,21.087099075317383,21.100000381469727,21.087099075317383,21.100000381469727,0,0.0,0.0,0.0
2023-04-28 09:30:00-04:00,21.235000610351562,21.235000610351562,21.190000534057617,21.190000534057617,2313,0.0,0.0,0.0
2023-04-28 10:30:00-04:00,21.200000762939453,21.229999542236328,21.200000762939453,21.229999542236328,1000,0.0,0.0,0.0
2023-04-28 11:30:00-04:00,21.229999542236328,21.229999542236328,21.228200912475586,21.228200912475586,1470,0.0,0.0,0.0
2023-04-28 13:30:00-04:00,21.229999542236328,21.229999542236328,21.229999542236328,21.229999542236328,600,0.0,0.0,0.0
2023-04-28 14:30:00-04:00,21.219999313354492,21.229999542236328,21.209999084472656,21.229999542236328,5320,0.0,0.0,0.0
2023-04-28 15:30:00-04:00,21.25,21.260700225830078,21.25,21.260700225830078,3082,0.0,0.0,0.0
2023-05-01 09:30:00-04:00,21.149999618530273,21.15999984741211,21.079999923706055,21.100000381469727,11420,0.0,0.0,0.0
2023-05-01 10:30:00-04:00,21.100000381469727,21.100000381469727,21.049999237060547,21.059999465942383,931,0.0,0.0,0.0
2023-05-01 11:30:00-04:00,21.059999465942383,21.059999465942383,21.040000915527344,21.040000915527344,2141,0.0,0.0,0.0
2023-05-01 12:30:00-04:00,21.040000915527344,21.040000915527344,21.030000686645508,21.030000686645508,385,0.0,0.0,0.0
2023-05-01 13:30:00-04:00,21.040000915527344,21.040000915527344,21.01569938659668,21.020000457763672,1957,0.0,0.0,0.0
2023-05-01 14:30:00-04:00,21.005199432373047,21.005199432373047,20.989999771118164,20.989999771118164,2390,0.0,0.0,0.0
2023-05-01 15:30:00-04:00,20.979999542236328,20.989999771118164,20.969999313354492,20.976200103759766,0,0.0,0.0,0.0
2023-05-02 09:30:00-04:00,21.049999237060547,21.200000762939453,21.049999237060547,21.200000762939453,11035,0.0,0.0,0.0
2023-05-02 10:30:00-04:00,21.239999771118164,21.25,21.226999282836914,21.2450008392334,16175,0.0,0.0,0.0
2023-05-02 11:30:00-04:00,21.239999771118164,21.260000228881836,21.239999771118164,21.260000228881836,7662,0.0,0.0,0.0
2023-05-02 12:30:00-04:00,21.239999771118164,21.25,21.239999771118164,21.239999771118164,808,0.0,0.0,0.0
2023-05-02 13:30:00-04:00,21.25,21.25,21.229999542236328,21.239999771118164,806,0.0,0.0,0.0
2023-05-02 14:30:00-04:00,21.235000610351562,21.25860023498535,21.235000610351562,21.25860023498535,2559,0.0,0.0,0.0
2023-05-02 15:30:00-04:00,21.260000228881836,21.269899368286133,21.25950050354004,21.264999389648438,4261,0.0,0.0,0.0
2023-05-03 09:30:00-04:00,21.329999923706055,21.350000381469727,21.31999969482422,21.31999969482422,0,0.0,0.0,0.0
2023-05-03 10:30:00-04:00,21.350000381469727,21.364999771118164,21.350000381469727,21.360000610351562,1675,0.0,0.0,0.0
2023-05-03 12:30:00-04:00,21.334999084472656,21.34000015258789,21.334999084472656,21.34000015258789,822,0.0,0.0,0.0
2023-05-03 13:30:00-04:00,21.350000381469727,21.3799991607666,21.31999969482422,21.31999969482422,13974,0.0,0.0,0.0
2023-05-03 14:30:00-04:00,21.309999465942383,21.350000381469727,21.290000915527344,21.350000381469727,0,0.0,0.0,0.0
2023-05-03 15:30:00-04:00,21.360000610351562,21.389999389648438,21.360000610351562,21.389999389648438,34561,0.0,0.0,0.0
2023-05-04 09:30:00-04:00,21.360000610351562,21.459999084472656,21.350000381469727,21.459999084472656,71389,0.0,0.0,0.0
2023-05-04 10:30:00-04:00,21.469999313354492,21.479999542236328,21.450000762939453,21.459999084472656,78171,0.0,0.0,0.0
2023-05-04 11:30:00-04:00,21.469999313354492,21.510000228881836,21.459999084472656,21.489999771118164,2054,0.0,0.0,0.0
2023-05-04 12:30:00-04:00,21.489999771118164,21.5,21.420000076293945,21.420000076293945,80946,0.0,0.0,0.0
2023-05-04 13:30:00-04:00,21.420000076293945,21.43000030517578,21.40999984741211,21.40999984741211,1950,0.0,0.0,0.0
2023-05-04 14:30:00-04:00,21.440000534057617,21.440000534057617,21.399999618530273,21.40999984741211,1766,0.0,0.0,0.0
2023-05-04 15:30:00-04:00,21.409099578857422,21.409099578857422,21.389999389648438,21.395000457763672,0,0.0,0.0,0.0
2023-05-05 09:30:00-04:00,21.280000686645508,21.280000686645508,21.239999771118164,21.280000686645508,4650,0.0,0.0,0.0
2023-05-05 10:30:00-04:00,21.280000686645508,21.280000686645508,21.239999771118164,21.239999771118164,8305,0.0,0.0,0.0
2023-05-05 11:30:00-04:00,21.239999771118164,21.25,21.239999771118164,21.25,0,0.0,0.0,0.0
2023-05-05 12:30:00-04:00,21.25,21.260000228881836,21.239999771118164,21.239999771118164,15776,0.0,0.0,0.0
2023-05-05 13:30:00-04:00,21.25,21.260000228881836,21.249900817871094,21.253999710083008,2745,0.0,0.0,0.0
2023-05-05 14:30:00-04:00,21.260000228881836,21.270000457763672,21.250099182128906,21.270000457763672,4062,0.0,0.0,0.0
2023-05-05 15:30:00-04:00,21.274999618530273,21.274999618530273,21.274999618530273,21.274999618530273,0,0.0,0.0,0.0
2023-05-08 09:30:00-04:00,21.15999984741211,21.170000076293945,21.149999618530273,21.170000076293945,1581,0.0,0.0,0.0
2023-05-08 10:30:00-04:00,21.170000076293945,21.18000030517578,21.170000076293945,21.18000030517578,883,0.0,0.0,0.0
2023-05-08 11:30:00-04:00,21.190000534057617,21.200000762939453,21.190000534057617,21.200000762939453,1533,0.0,0.0,0.0
2023-05-08 12:30:00-04:00,21.190000534057617,21.190000534057617,21.18000030517578,21.18000030517578,1346,0.0,0.0,0.0
2023-05-08 13:30:00-04:00,21.18000030517578,21.18000030517578,21.15999984741211,21.15999984741211,1799,0.0,0.0,0.0
2023-05-08 14:30:00-04:00,21.149999618530273,21.1560001373291,21.145999908447266,21.149999618530273,4493,0.0,0.0,0.0
2023-05-08 15:30:00-04:00,21.149999618530273,21.15999984741211,21.149999618530273,21.15999984741211,1671,0.0,0.0,0.0
2023-05-09 09:30:00-04:00,21.15999984741211,21.15999984741211,21.149999618530273,21.149999618530273,0,0.0,0.0,0.0
2023-05-09 10:30:00-04:00,21.139999389648438,21.15999984741211,21.139999389648438,21.15999984741211,3647,0.0,0.0,0.0
2023-05-09 11:30:00-04:00,21.149999618530273,21.149999618530273,21.149999618530273,21.149999618530273,1201,0.0,0.0,0.0
2023-05-09 12:30:00-04:00,21.1299991607666,21.14259910583496,21.1299991607666,21.14259910583496,1773,0.0,0.0,0.0
2023-05-09 13:30:00-04:00,21.145000457763672,21.149999618530273,21.139999389648438,21.149999618530273,3912,0.0,0.0,0.0
2023-05-09 14:30:00-04:00,21.149999618530273,21.149999618530273,21.128000259399414,21.135000228881836,0,0.0,0.0,0.0
2023-05-09 15:30:00-04:00,21.1299991607666,21.1299991607666,21.1200008392334,21.1200008392334,0,0.0,0.0,0.0
2023-05-10 09:30:00-04:00,21.229999542236328,21.2549991607666,21.229999542236328,21.229999542236328,7015,0.0,0.0,0.0
2023-05-10 10:30:00-04:00,21.25,21.270000457763672,21.25,21.25,0,0.0,0.0,0.0
2023-05-10 11:30:00-04:00,21.25,21.268400192260742,21.25,21.260000228881836,14204,0.0,0.0,0.0
2023-05-10 12:30:00-04:00,21.270000457763672,21.295000076293945,21.260000228881836,21.290000915527344,6508,0.0,0.0,0.0
2023-05-10 13:30:00-04:00,21.296199798583984,21.296199798583984,21.270000457763672,21.270000457763672,2467,0.0,0.0,0.0
2023-05-10 14:30:00-04:00,21.274999618530273,21.290000915527344,21.271699905395508,21.280000686645508,4522,0.0,0.0,0.0
2023-05-10 15:30:00-04:00,21.270000457763672,21.290000915527344,21.270000457763672,21.28499984741211,5303,0.0,0.0,0.0
2023-05-11 09:30:00-04:00,21.419200897216797,21.420000076293945,21.399999618530273,21.399999618530273,0,0.0,0.0,0.0
2023-05-11 10:30:00-04:00,21.399999618530273,21.399999618530273,21.3700008392334,21.3700008392334,1145,0.0,0.0,0.0
2023-05-11 11:30:00-04:00,21.374000549316406,21.374000549316406,21.374000549316406,21.374000549316406,1968,0.0,0.0,0.0
2023-05-11 12:30:00-04:00,21.3700008392334,21.370100021362305,21.360000610351562,21.360000610351562,2715,0.0,0.0,0.0
2023-05-11 13:30:00-04:00,21.389999389648438,21.389999389648438,21.3700008392334,21.3700008392334,2077,0.0,0.0,0.0
2023-05-11 14:30:00-04:00,21.350000381469727,21.350000381469727,21.34000015258789,21.350000381469727,3214,0.0,0.0,0.0
2023-05-11 15:30:00-04:00,21.35810089111328,21.360000610351562,21.35540008544922,21.35540008544922,2214,0.0,0.0,0.0
2023-05-12 09:30:00-04:00,21.350000381469727,21.350000381469727,21.290000915527344,21.290000915527344,0,0.0,0.0,0.0
2023-05-12 10:30:00-04:00,21.280000686645508,21.280000686645508,21.280000686645508,21.280000686645508,282,0.0,0.0,0.0
2023-05-12 11:30:00-04:00,21.270000457763672,21.270000457763672,21.270000457763672,21.270000457763672,0,0.0,0.0,0.0
2023-05-12 12:30:00-04:00,21.260000228881836,21.260000228881836,21.260000228881836,21.260000228881836,2269,0.0,0.0,0.0
2023-05-12 13:30:00-04:00,21.260000228881836,21.269899368286133,21.260000228881836,21.269899368286133,1948,0.0,0.0,0.0
2023-05-12 14:30:00-04:00,21.239999771118164,21.239999771118164,21.239999771118164,21.239999771118164,259,0.0,0.0,0.0
2023-05-12 15:30:00-04:00,21.231700897216797,21.239999771118164,21.229999542236328,21.239999771118164,800,0.0,0.0,0.0
2023-05-15 09:30:00-04:00,21.190000534057617,21.190000534057617,21.179000854492188,21.18000030517578,0,0.0,0.0,0.0
2023-05-15 10:30:00-04:00,21.163299560546875,21.189899444580078,21.163299560546875,21.189899444580078,3552,0.0,0.0,0.0
2023-05-15 11:30:00-04:00,21.15999984741211,21.18000030517578,21.15999984741211,21.175199508666992,1216,0.0,0.0,0.0
2023-05-15 12:30:00-04:00,21.15999984741211,21.170000076293945,21.15999984741211,21.15999984741211,1126,0.0,0.0,0.0
2023-05-15 14:30:00-04:00,21.17009925842285,21.190000534057617,21.170000076293945,21.190000534057617,1563,0.0,0.0,0.0
2023-05-16 09:30:00-04:00,21.110000610351562,21.1299991607666,21.079999923706055,21.079999923706055,1513,0.0,0.0,0.0
2023-05-16 10:30:00-04:00,21.100000381469727,21.100000381469727,21.100000381469727,21.100000381469727,541,0.0,0.0,0.0
2023-05-16 11:30:00-04:00,21.069900512695312,21.069900512695312,21.059999465942383,21.059999465942383,330,0.0,0.0,0.0
2023-05-16 14:30:00-04:00,21.108200073242188,21.108200073242188,21.108200073242188,21.108200073242188,2004,0.0,0.0,0.0
2023-05-16 15:30:00-04:00,21.114999771118164,21.1200008392334,21.114999771118164,21.114999771118164,123,0.0,0.0,0.0
2023-05-17 10:30:00-04:00,21.079999923706055,21.079999923706055,21.06999969482422,21.06999969482422,452,0.0,0.0,0.0
2023-05-17 11:30:00-04:00,21.069499969482422,21.069499969482422,21.069499969482422,21.069499969482422,140,0.0,0.0,0.0
2023-05-17 12:30:00-04:00,21.064699172973633,21.064699172973633,21.040000915527344,21.040000915527344,646,0.0,0.0,0.0
2023-05-17 13:30:00-04:00,21.030000686645508,21.030000686645508,21.030000686645508,21.030000686645508,2392,0.0,0.0,0.0
2023-05-17 14:30:00-04:00,21.030000686645508,21.059999465942383,21.030000686645508,21.059999465942383,5672,0.0,0.0,0.0
2023-05-17 15:30:00-04:00,21.040000915527344,21.049999237060547,21.040000915527344,21.049999237060547,0,0.0,0.0,0.0
2023-05-18 09:30:00-04:00,20.969999313354492,20.969999313354492,20.940000534057617,20.940000534057617,723,0.0,0.0,0.0
2023-05-18 10:30:00-04:00,20.950000762939453,20.950000762939453,20.928499221801758,20.93000030517578,645,0.0,0.0,0.0
2023-05-18 11:30:00-04:00,20.940000534057617,20.950000762939453,20.940000534057617,20.940000534057617,80456,0.0,0.0,0.0
2023-05-18 12:30:00-04:00,20.93000030517578,20.940000534057617,20.93000030517578,20.940000534057617,200,0.0,0.0,0.0
2023-05-18 13:30:00-04:00,20.940000534057617,20.950000762939453,20.939899444580078,20.950000762939453,2018,0.0,0.0,0.0
2023-05-18 14:30:00-04:00,20.93000030517578,20.93000030517578,20.913400650024414,20.920000076293945,703,0.0,0.0,0.0
2023-05-19 09:30:00-04:00,20.84000015258789,20.84000015258789,20.809999465942383,20.81999969482422,0,0.0,0.0,0.0
2023-05-19 10:30:00-04:00,20.825700759887695,20.90999984741211,20.81999969482422,20.90999984741211,2404,0.0,0.0,0.0
2023-05-19 11:30:00-04:00,20.91819953918457,20.93000030517578,20.8799991607666,20.8799991607666,13823,0.0,0.0,0.0
2023-05-19 12:30:00-04:00,20.87809944152832,20.889999389648438,20.87809944152832,20.885000228881836,3029,0.0,0.0,0.0
2023-05-19 13:30:00-04:00,20.8799991607666,20.8799991607666,20.8799991607666,20.8799991607666,201,0.0,0.0,0.0
2023-05-19 14:30:00-04:00,20.860000610351562,20.860000610351562,20.84000015258789,20.84000015258789,1549,0.0,0.0,0.0
2023-05-19 15:30:00-04:00,20.829999923706055,20.84000015258789,20.829999923706055,20.84000015258789,0,0.0,0.0,0.0
2023-05-22 09:30:00-04:00,20.84000015258789,20.8799991607666,20.84000015258789,20.84000015258789,6858,0.0,0.0,0.0
2023-05-22 10:30:00-04:00,20.829999923706055,20.829999923706055,20.81999969482422,20.81999969482422,1829,0.0,0.0,0.0
2023-05-22 12:30:00-04:00,20.81999969482422,20.82830047607422,20.809999465942383,20.82830047607422,3500,0.0,0.0,0.0
2023-05-22 14:30:00-04:00,20.805599212646484,20.805599212646484,20.805599212646484,20.805599212646484,215,0.0,0.0,0.0
2023-05-22 15:30:00-04:00,20.799999237060547,20.799999237060547,20.790000915527344,20.790000915527344,210,0.0,0.0,0.0
2023-05-23 09:30:00-04:00,20.780000686645508,20.799999237060547,20.760000228881836,20.799999237060547,2664,0.0,0.0,0.0
2023-05-23 10:30:00-04:00,20.790000915527344,20.790000915527344,20.790000915527344,20.790000915527344,100,0.0,0.0,0.0
2023-05-23 11:30:00-04:00,20.770000457763672,20.776500701904297,20.770000457763672,20.776500701904297,3682,0.0,0.0,0.0
2023-05-23 12:30:00-04:00,20.809999465942383,20.81999969482422,20.809999465942383,20.81999969482422,2197,0.0,0.0,0.0
2023-05-23 13:30:00-04:00,20.81999969482422,20.849899291992188,20.81999969482422,20.849899291992188,2164,0.0,0.0,0.0
2023-05-23 14:30:00-04:00,20.860000610351562,20.860000610351562,20.840999603271484,20.840999603271484,573,0.0,0.0,0.0
2023-05-23 15:30:00-04:00,20.829999923706055,20.829999923706055,20.81999969482422,20.825000762939453,1383,0.0,0.0,0.0
2023-05-24 09:30:00-04:00,20.84000015258789,20.84000015258789,20.836599349975586,20.836599349975586,0,0.0,0.0,0.0
2023-05-24 10:30:00-04:00,20.829999923706055,20.829999923706055,20.826900482177734,20.826900482177734,514,0.0,0.0,0.0
2023-05-24 11:30:00-04:00,20.81999969482422,20.829999923706055,20.770000457763672,20.770000457763672,5458,0.0,0.0,0.0
2023-05-24 12:30:00-04:00,20.780000686645508,20.790000915527344,20.780000686645508,20.780000686645508,2412,0.0,0.0,0.0
2023-05-24 13:30:00-04:00,20.790000915527344,20.809999465942383,20.790000915527344,20.809999465942383,2511,0.0,0.0,0.0
2023-05-24 14:30:00-04:00,20.829999923706055,20.829999923706055,20.780000686645508,20.78499984741211,8615,0.0,0.0,0.0
2023-05-24 15:30:00-04:00,20.78499984741211,20.790000915527344,20.770000457763672,20.790000915527344,6822,0.0,0.0,0.0
2023-05-25 09:30:00-04:00,20.719999313354492,20.729999542236328,20.709999084472656,20.729999542236328,0,0.0,0.0,0.0
2023-05-25 10:30:00-04:00,20.729999542236328,20.729999542236328,20.709999084472656,20.716100692749023,2072,0.0,0.0,0.0
2023-05-25 11:30:00-04:00,20.68000030517578,20.690000534057617,20.68000030517578,20.68000030517578,8607,0.0,0.0,0.0
2023-05-25 12:30:00-04:00,20.690000534057617,20.690000534057617,20.68000030517578,20.690000534057617,416,0.0,0.0,0.0
2023-05-25 13:30:00-04:00,20.66010093688965,20.670000076293945,20.65999984741211,20.66320037841797,0,0.0,0.0,0.0
2023-05-25 14:30:00-04:00,20.661300659179688,20.661300659179688,20.635499954223633,20.635499954223633,21353,0.0,0.0,0.0
2023-05-25 15:30:00-04:00,20.639999389648438,20.649999618530273,20.62969970703125,20.6299991607666,1221,0.0,0.0,0.0
2023-05-26 09:30:00-04:00,20.610000610351562,20.65999984741211,20.600000381469727,20.65999984741211,0,0.0,0.0,0.0
2023-05-26 10:30:00-04:00,20.6200008392334,20.6200008392334,20.56999969482422,20.579999923706055,3454,0.0,0.0,0.0
2023-05-26 11:30:00-04:00,20.596599578857422,20.610000610351562,20.596599578857422,20.610000610351562,1236,0.0,0.0,0.0
2023-05-26 12:30:00-04:00,20.61669921875,20.639999389648438,20.600000381469727,20.639999389648438,3497,0.0,0.0,0.0
2023-05-26 13:30:00-04:00,20.634000778198242,20.659900665283203,20.634000778198242,20.65760040283203,1029,0.0,0.0,0.0
2023-05-26 14:30:00-04:00,20.649999618530273,20.649999618530273,20.649999618530273,20.649999618530273,380,0.0,0.0,0.0
2023-05-26 15:30:00-04:00,20.657400131225586,20.670000076293945,20.657400131225586,20.670000076293945,972,0.0,0.0,0.0
2023-05-30 09:30:00-04:00,20.729999542236328,20.760000228881836,20.729999542236328,20.760000228881836,0,0.0,0.0,0.0
2023-05-30 10:30:00-04:00,20.780000686645508,20.809999465942383,20.780000686645508,20.809999465942383,17420,0.0,0.0,0.0
2023-05-30 11:30:00-04:00,20.809999465942383,20.809999465942383,20.799999237060547,20.809999465942383,2508,0.0,0.0,0.0
2023-05-30 12:30:00-04:00,20.799999237060547,20.81999969482422,20.799999237060547,20.81999969482422,401,0.0,0.0,0.0
2023-05-30 13:30:00-04:00,20.81999969482422,20.81999969482422,20.819900512695312,20.819900512695312,520,0.0,0.0,0.0
2023-05-30 15:30:00-04:00,20.81100082397461,20.829999923706055,20.81100082397461,20.829999923706055,1653,0.0,0.0,0.0
2023-05-31 09:30:00-04:00,20.850000381469727,20.889999389648438,20.829999923706055,20.860000610351562,0,0.0,0.0,0.0
2023-05-31 10:30:00-04:00,20.8700008392334,20.8799991607666,20.8700008392334,20.8700008392334,0,0.0,0.0,0.0
2023-05-31 11:30:00-04:00,20.87619972229004,20.87619972229004,20.860000610351562,20.860000610351562,5202,0.0,0.0,0.0
2023-05-31 12:30:00-04:00,20.889999389648438,20.889999389648438,20.889999389648438,20.889999389648438,600,0.0,0.0,0.0
2023-05-31 13:30:00-04:00,20.899999618530273,20.899999618530273,20.899999618530273,20.899999618530273,280,0.0,0.0,0.0
2023-05-31 14:30:00-04:00,20.917800903320312,20.917800903320312,20.899999618530273,20.90999984741211,1200,0.0,0.0,0.0
2023-05-31 15:30:00-04:00,20.90999984741211,20.936100006103516,20.90999984741211,20.920000076293945,360,0.0,0.0,0.0
2023-06-01 09:30:00-04:00,20.940000534057617,20.950000762939453,20.93000030517578,20.950000762939453,0,0.0,0.0,0.0
2023-06-01 10:30:00-04:00,20.920000076293945,20.920000076293945,20.90999984741211,20.91010093688965,880,0.0,0.0,0.0
2023-06-01 11:30:00-04:00,20.912900924682617,20.920000076293945,20.912900924682617,20.920000076293945,30280,0.0,0.0,0.0
2023-06-01 12:30:00-04:00,20.90999984741211,20.90999984741211,20.899999618530273,20.899999618530273,463,0.0,0.0,0.0
2023-06-01 13:30:00-04:00,20.920000076293945,20.920000076293945,20.90999984741211,20.920000076293945,10798,0.0,0.0,0.0
2023-06-01 14:30:00-04:00,20.920000076293945,20.920000076293945,20.920000076293945,20.920000076293945,105,0.0,0.0,0.0
2023-06-01 15:30:00-04:00,20.924999237060547,20.924999237060547,20.924999237060547,20.924999237060547,300,0.0,0.0,0.0
2023-06-02 09:30:00-04:00,20.860000610351562,20.860000610351562,20.825000762939453,20.825000762939453,0,0.0,0.0,0.0
2023-06-02 10:30:00-04:00,20.810300827026367,20.810300827026367,20.809999465942383,20.809999465942383,482,0.0,0.0,0.0
2023-06-02 11:30:00-04:00,20.783100128173828,20.78499984741211,20.780000686645508,20.780000686645508,0,0.0,0.0,0.0
2023-06-02 12:30:00-04:00,20.7721004486084,20.7721004486084,20.7721004486084,20.7721004486084,2690,0.0,0.0,0.0
2023-06-02 14:30:00-04:00,20.746000289916992,20.75469970703125,20.746000289916992,20.75469970703125,823,0.0,0.0,0.0
2023-06-05 09:30:00-04:00,20.68000030517578,20.68000030517578,20.68000030517578,20.68000030517578,0,0.0,0.0,0.0
2023-06-05 10:30:00-04:00,20.758399963378906,20.758399963378906,20.750999450683594,20.750999450683594,3730,0.0,0.0,0.0
2023-06-05 11:30:00-04:00,20.7549991607666,20.77899932861328,20.7549991607666,20.764400482177734,9422,0.0,0.0,0.0
2023-06-05 12:30:00-04:00,20.729999542236328,20.729999542236328,20.723100662231445,20.723100662231445,4851,0.0,0.0,0.0
2023-06-05 13:30:00-04:00,20.740299224853516,20.740299224853516,20.740299224853516,20.740299224853516,402,0.0,0.0,0.0
2023-06-05 14:30:00-04:00,20.754600524902344,20.76959991455078,20.75,20.760000228881836,1483,0.0,0.0,0.0
2023-06-06 09:30:00-04:00,20.760000228881836,20.760000228881836,20.719499588012695,20.719499588012695,0,0.0,0.0,0.0
2023-06-06 11:30:00-04:00,20.733600616455078,20.733600616455078,20.733600616455078,20.733600616455078,485,0.0,0.0,0.0
2023-06-06 13:30:00-04:00,20.740100860595703,20.766700744628906,20.740100860595703,20.766700744628906,1925,0.0,0.0,0.0
2023-06-06 14:30:00-04:00,20.74570083618164,20.760000228881836,20.74570083618164,20.760000228881836,0,0.0,0.0,0.0
2023-06-07 09:30:00-04:00,20.739999771118164,20.739999771118164,20.725000381469727,20.725000381469727,1107,0.0,0.0,0.0
2023-06-07 10:30:00-04:00,20.666900634765625,20.666900634765625,20.638999938964844,20.638999938964844,387,0.0,0.0,0.0
2023-06-07 11:30:00-04:00,20.6299991607666,20.635000228881836,20.610000610351562,20.614999771118164,4299,0.0,0.0,0.0
2023-06-07 12:30:00-04:00,20.610000610351562,20.610000610351562,20.59000015258789,20.600000381469727,700,0.0,0.0,0.0
2023-06-07 13:30:00-04:00,20.615699768066406,20.615699768066406,20.615699768066406,20.615699768066406,2855,0.0,0.0,0.0
2023-06-07 14:30:00-04:00,20.639999389648438,20.639999389648438,20.610000610351562,20.6200008392334,2788,0.0,0.0,0.0
2023-06-08 09:30:00-04:00,20.678600311279297,20.690000534057617,20.678600311279297,20.68000030517578,0,0.0,0.0,0.0
2023-06-08 11:30:00-04:00,20.70840072631836,20.70840072631836,20.70840072631836,20.70840072631836,1219,0.0,0.0,0.0
2023-06-08 12:30:00-04:00,20.725000381469727,20.725000381469727,20.725000381469727,20.725000381469727,713,0.0,0.0,0.0
2023-06-08 14:30:00-04:00,20.729999542236328,20.736499786376953,20.72010040283203,20.729999542236328,4121,0.0,0.0,0.0
2023-06-08 15:30:00-04:00,20.75,20.75,20.729999542236328,20.729999542236328,0,0.0,0.0,0.0
2023-06-09 09:30:00-04:00,20.649999618530273,20.649999618530273,20.649999618530273,20.649999618530273,122,0.0,0.0,0.0
2023-06-09 10:30:00-04:00,20.663999557495117,20.68000030517578,20.663999557495117,20.68000030517578,1870,0.0,0.0,0.0
2023-06-09 11:30:00-04:00,20.670000076293945,20.670000076293945,20.670000076293945,20.670000076293945,799,0.0,0.0,0.0
2023-06-09 13:30:00-04:00,20.690900802612305,20.690900802612305,20.690900802612305,20.690900802612305,374,0.0,0.0,0.0
2023-06-09 14:30:00-04:00,20.68000030517578,20.68000030517578,20.68000030517578,20.68000030517578,200,0.0,0.0,0.0
2023-06-09 15:30:00-04:00,20.690000534057617,20.690000534057617,20.65999984741211,20.65999984741211,1627,0.0,0.0,0.0
2023-06-12 09:30:00-04:00,20.709999084472656,20.709999084472656,20.6299991607666,20.639999389648438,0,0.0,0.0,0.0
2023-06-12 10:30:00-04:00,20.632999420166016,20.655000686645508,20.632999420166016,20.649999618530273,4836,0.0,0.0,0.0
2023-06-12 11:30:00-04:00,20.655000686645508,20.655000686645508,20.633699417114258,20.639999389648438,1072,0.0,0.0,0.0
2023-06-12 12:30:00-04:00,20.636199951171875,20.655000686645508,20.6299991607666,20.655000686645508,1052,0.0,0.0,0.0
2023-06-12 13:30:00-04:00,20.649999618530273,20.665000915527344,20.649999618530273,20.665000915527344,874,0.0,0.0,0.0
2023-06-12 14:30:00-04:00,20.655000686645508,20.690000534057617,20.649999618530273,20.690000534057617,2429,0.0,0.0,0.0
2023-06-12 15:30:00-04:00,20.704999923706055,20.709999084472656,20.704999923706055,20.709999084472656,213,0.0,0.0,0.0
2023-06-13 09:30:00-04:00,20.75,20.75,20.700000762939453,20.700000762939453,0,0.0,0.0,0.0
2023-06-13 10:30:00-04:00,20.643699645996094,20.64699935913086,20.643699645996094,20.64699935913086,1171,0.0,0.0,0.0
2023-06-13 11:30:00-04:00,20.629899978637695,20.629899978637695,20.620399475097656,20.620399475097656,1221,0.0,0.0,0.0
2023-06-13 12:30:00-04:00,20.649900436401367,20.649900436401367,20.649900436401367,20.649900436401367,431,0.0,0.0,0.0
2023-06-13 13:30:00-04:00,20.58839988708496,20.59000015258789,20.58839988708496,20.59000015258789,283,0.0,0.0,0.0
2023-06-13 14:30:00-04:00,20.545000076293945,20.549999237060547,20.5403995513916,20.549999237060547,1715,0.0,0.0,0.0
2023-06-13 15:30:00-04:00,20.559999465942383,20.559999465942383,20.559999465942383,20.559999465942383,0,0.0,0.0,0.0
2023-06-14 09:30:00-04:00,20.6200008392334,20.6200008392334,20.6200008392334,20.6200008392334,294,0.0,0.0,0.0
2023-06-14 10:30:00-04:00,20.6200008392334,20.6299991607666,20.610000610351562,20.6200008392334,4912,0.0,0.0,0.0
2023-06-14 11:30:00-04:00,20.639999389648438,20.648099899291992,20.6200008392334,20.625900268554688,2688,0.0,0.0,0.0
2023-06-14 12:30:00-04:00,20.6200008392334,20.6299991607666,20.6200008392334,20.6299991607666,4349,0.0,0.0,0.0
2023-06-14 13:30:00-04:00,20.63599967956543,20.639999389648438,20.535999298095703,20.540000915527344,14932,0.0,0.0,0.0
2023-06-14 14:30:00-04:00,20.579999923706055,20.579999923706055,20.579999923706055,20.579999923706055,318,0.0,0.0,0.0
2023-06-14 15:30:00-04:00,20.59000015258789,20.59000015258789,20.59000015258789,20.59000015258789,0,0.0,0.0,0.0
2023-06-15 09:30:00-04:00,20.700000762939453,20.70359992980957,20.700000762939453,20.70359992980957,427,0.0,0.0,0.0
2023-06-15 10:30:00-04:00,20.709999084472656,20.709999084472656,20.700000762939453,20.700000762939453,421,0.0,0.0,0.0
2023-06-15 11:30:00-04:00,20.71500015258789,20.719999313354492,20.71500015258789,20.719999313354492,834,0.0,0.0,0.0
2023-06-15 14:30:00-04:00,20.73040008544922,20.73579978942871,20.729999542236328,20.73069953918457,1804,0.0,0.0,0.0
2023-06-15 15:30:00-04:00,20.7450008392334,20.7450008392334,20.739999771118164,20.739999771118164,252,0.0,0.0,0.0
2023-06-16 09:30:00-04:00,20.649999618530273,20.649999618530273,20.639999389648438,20.639999389648438,0,0.0,0.0,0.0
2023-06-16 10:30:00-04:00,20.66990089416504,20.66990089416504,20.66990089416504,20.66990089416504,652,0.0,0.0,0.0
2023-06-16 11:30:00-04:00,20.670000076293945,20.670000076293945,20.656099319458008,20.656099319458008,869,0.0,0.0,0.0
2023-06-16 13:30:00-04:00,20.650100708007812,20.650100708007812,20.650100708007812,20.650100708007812,410,0.0,0.0,0.0
2023-06-16 14:30:00-04:00,20.659900665283203,20.66629981994629,20.659900665283203,20.66629981994629,1052,0.0,0.0,0.0
2023-06-16 15:30:00-04:00,20.649999618530273,20.670000076293945,20.649999618530273,20.670000076293945,220,0.0,0.0,0.0
2023-06-20 09:30:00-04:00,20.717899322509766,20.717899322509766,20.717899322509766,20.717899322509766,0,0.0,0.0,0.0
2023-06-20 11:30:00-04:00,20.739299774169922,20.75,20.739299774169922,20.75,455,0.0,0.0,0.0
2023-06-20 13:30:00-04:00,20.7450008392334,20.7450008392334,20.742900848388672,20.742900848388672,906,0.0,0.0,0.0
2023-06-20 14:30:00-04:00,20.736400604248047,20.736400604248047,20.729999542236328,20.729999542236328,2143,0.0,0.0,0.0
2023-06-20 15:30:00-04:00,20.729999542236328,20.729999542236328,20.729400634765625,20.729400634765625,296,0.0,0.0,0.0
2023-06-21 09:30:00-04:00,20.649999618530273,20.649999618530273,20.639999389648438,20.649900436401367,0,0.0,0.0,0.0
2023-06-21 10:30:00-04:00,20.660499572753906,20.660499572753906,20.660499572753906,20.660499572753906,219,0.0,0.0,0.0
2023-06-21 12:30:00-04:00,20.670000076293945,20.709999084472656,20.670000076293945,20.709999084472656,332,0.0,0.0,0.0
2023-06-21 13:30:00-04:00,20.718599319458008,20.739900588989258,20.709999084472656,20.735000610351562,2086,0.0,0.0,0.0
2023-06-21 14:30:00-04:00,20.746200561523438,20.746200561523438,20.739999771118164,20.739999771118164,526,0.0,0.0,0.0
2023-06-21 15:30:00-04:00,20.729999542236328,20.7367000579834,20.729999542236328,20.729999542236328,835,0.0,0.0,0.0
2023-06-22 09:30:00-04:00,20.68589973449707,20.68589973449707,20.670000076293945,20.670000076293945,0,0.0,0.0,0.0
2023-06-22 10:30:00-04:00,20.6564998626709,20.6564998626709,20.639999389648438,20.639999389648438,520,0.0,0.0,0.0
2023-06-22 11:30:00-04:00,20.64310073852539,20.64310073852539,20.64310073852539,20.64310073852539,556,0.0,0.0,0.0
2023-06-22 14:30:00-04:00,20.63990020751953,20.63990020751953,20.615999221801758,20.6299991607666,0,0.0,0.0,0.0
2023-06-23 09:30:00-04:00,20.760000228881836,20.760000228881836,20.739999771118164,20.739999771118164,5622,0.0,0.0,0.0
2023-06-23 10:30:00-04:00,20.719999313354492,20.719999313354492,20.699199676513672,20.700000762939453,11925,0.0,0.0,0.0
2023-06-23 11:30:00-04:00,20.700899124145508,20.70560073852539,20.69099998474121,20.70560073852539,3491,0.0,0.0,0.0
2023-06-23 12:30:00-04:00,20.700000762939453,20.700000762939453,20.68000030517578,20.690000534057617,5622,0.0,0.0,0.0
2023-06-23 13:30:00-04:00,20.700000762939453,20.704999923706055,20.700000762939453,20.700000762939453,1986,0.0,0.0,0.0
2023-06-23 14:30:00-04:00,20.719999313354492,20.719999313354492,20.709999084472656,20.709999084472656,852,0.0,0.0,0.0
2023-06-23 15:30:00-04:00,20.711599349975586,20.719999313354492,20.700000762939453,20.700000762939453,1071,0.0,0.0,0.0
2023-06-26 09:30:00-04:00,20.729999542236328,20.729999542236328,20.729999542236328,20.729999542236328,0,0.0,0.0,0.0
2023-06-26 11:30:00-04:00,20.759000778198242,20.759000778198242,20.749500274658203,20.749500274658203,1463,0.0,0.0,0.0
2023-06-26 12:30:00-04:00,20.74839973449707,20.74839973449707,20.74839973449707,20.74839973449707,720,0.0,0.0,0.0
2023-06-26 13:30:00-04:00,20.739999771118164,20.744600296020508,20.739999771118164,20.744600296020508,471,0.0,0.0,0.0
2023-06-26 15:30:00-04:00,20.729999542236328,20.760000228881836,20.729999542236328,20.760000228881836,0,0.0,0.0,0.0
2023-06-27 09:30:00-04:00,20.75,20.760000228881836,20.699800491333008,20.699800491333008,0,0.0,0.0,0.0
2023-06-27 10:30:00-04:00,20.655399322509766,20.655399322509766,20.655399322509766,20.655399322509766,1797,0.0,0.0,0.0
2023-06-27 11:30:00-04:00,20.68000030517578,20.68000030517578,20.68000030517578,20.68000030517578,456,0.0,0.0,0.0
2023-06-27 12:30:00-04:00,20.68869972229004,20.700000762939453,20.667200088500977,20.667200088500977,769,0.0,0.0,0.0
2023-06-27 14:30:00-04:00,20.676000595092773,20.679899215698242,20.663799285888672,20.67930030822754,5245,0.0,0.0,0.0
2023-06-27 15:30:00-04:00,20.674400329589844,20.674400329589844,20.668100357055664,20.674400329589844,183,0.0,0.0,0.0
2023-06-28 09:30:00-04:00,20.719999313354492,20.719999313354492,20.690000534057617,20.690000534057617,1223,0.0,0.0,0.0
2023-06-28 10:30:00-04:00,20.684200286865234,20.684200286865234,20.684200286865234,20.684200286865234,876,0.0,0.0,0.0
2023-06-28 11:30:00-04:00,20.745899200439453,20.745899200439453,20.745899200439453,20.745899200439453,1230,0.0,0.0,0.0
2023-06-28 12:30:00-04:00,20.729999542236328,20.752500534057617,20.729999542236328,20.752099990844727,0,0.0,0.0,0.0
2023-06-28 13:30:00-04:00,20.760000228881836,20.770000457763672,20.760000228881836,20.770000457763672,16277,0.0,0.0,0.0
2023-06-28 15:30:00-04:00,20.760000228881836,20.770000457763672,20.760000228881836,20.770000457763672,0,0.0,0.0,0.0
2023-06-29 09:30:00-04:00,20.559799194335938,20.559799194335938,20.540000915527344,20.540000915527344,3285,0.0,0.0,0.0
2023-06-29 10:30:00-04:00,20.536399841308594,20.56999969482422,20.536399841308594,20.56999969482422,1306,0.0,0.0,0.0
2023-06-29 11:30:00-04:00,20.5487003326416,20.5487003326416,20.537599563598633,20.537599563598633,491,0.0,0.0,0.0
2023-06-29 13:30:00-04:00,20.540000915527344,20.549999237060547,20.540000915527344,20.549999237060547,0,0.0,0.0,0.0
2023-06-30 09:30:00-04:00,20.549999237060547,20.549999237060547,20.549999237060547,20.549999237060547,2676,0.0,0.0,0.0
2023-06-30 11:30:00-04:00,20.58009910583496,20.58009910583496,20.58009910583496,20.58009910583496,289,0.0,0.0,0.0
2023-06-30 12:30:00-04:00,20.575199127197266,20.59000015258789,20.575199127197266,20.59000015258789,447,0.0,0.0,0.0
2023-06-30 13:30:00-04:00,20.590999603271484,20.600000381469727,20.590999603271484,20.600000381469727,1339,0.0,0.0,0.0
2023-06-30 14:30:00-04:00,20.589799880981445,20.589799880981445,20.584999084472656,20.584999084472656,2727,0.0,0.0,0.0
2023-06-30 15:30:00-04:00,20.600000381469727,20.600000381469727,20.600000381469727,20.600000381469727,909,0.0,0.0,0.0
2023-07-03 09:30:00-04:00,20.579999923706055,20.579999923706055,20.549999237060547,20.549999237060547,0,0.0,0.0,0.0
2023-07-03 10:30:00-04:00,20.46380043029785,20.520000457763672,20.46380043029785,20.46380043029785,698,0.0,0.0,0.0
2023-07-05 09:30:00-04:00,20.440000534057617,20.440000534057617,20.440000534057617,20.440000534057617,0,0.0,0.0,0.0
2023-07-05 10:30:00-04:00,20.399999618530273,20.399999618530273,20.399999618530273,20.399999618530273,358,0.0,0.0,0.0
2023-07-05 14:30:00-04:00,20.34939956665039,20.34939956665039,20.34149932861328,20.34149932861328,1512,0.0,0.0,0.0
2023-07-05 15:30:00-04:00,20.343799591064453,20.343799591064453,20.34000015258789,20.34000015258789,116,0.0,0.0,0.0
2023-07-06 09:30:00-04:00,20.18000030517578,20.190000534057617,20.139999389648438,20.149999618530273,0,0.0,0.0,0.0
2023-07-06 10:30:00-04:00,20.1200008392334,20.141000747680664,20.1200008392334,20.13680076599121,2941,0.0,0.0,0.0
2023-07-06 11:30:00-04:00,20.143999099731445,20.143999099731445,20.143999099731445,20.143999099731445,723,0.0,0.0,0.0
2023-07-06 12:30:00-04:00,20.170000076293945,20.170000076293945,20.170000076293945,20.170000076293945,406,0.0,0.0,0.0
2023-07-06 13:30:00-04:00,20.174999237060547,20.174999237060547,20.174999237060547,20.174999237060547,530,0.0,0.0,0.0
2023-07-06 14:30:00-04:00,20.18000030517578,20.195899963378906,20.18000030517578,20.184999465942383,2038,0.0,0.0,0.0
2023-07-07 09:30:00-04:00,20.200000762939453,20.218700408935547,20.200000762939453,20.218700408935547,0,0.0,0.0,0.0
2023-07-07 10:30:00-04:00,20.235000610351562,20.235000610351562,20.219999313354492,20.219999313354492,931,0.0,0.0,0.0
2023-07-07 11:30:00-04:00,20.21619987487793,20.21619987487793,20.209999084472656,20.209999084472656,771,0.0,0.0,0.0
2023-07-07 12:30:00-04:00,20.200000762939453,20.200000762939453,20.200000762939453,20.200000762939453,530,0.0,0.0,0.0
2023-07-07 13:30:00-04:00,20.209999084472656,20.209999084472656,20.209999084472656,20.209999084472656,1039,0.0,0.0,0.0
2023-07-07 14:30:00-04:00,20.18869972229004,20.18869972229004,20.174999237060547,20.174999237060547,683,0.0,0.0,0.0
2023-07-07 15:30:00-04:00,20.170000076293945,20.179899215698242,20.170000076293945,20.170000076293945,300,0.0,0.0,0.0
2023-07-10 09:30:00-04:00,20.209999084472656,20.209999084472656,20.209999084472656,20.209999084472656,0,0.0,0.0,0.0
2023-07-10 10:30:00-04:00,20.23900032043457,20.25160026550293,20.23900032043457,20.25160026550293,0,0.0,0.0,0.0
2023-07-10 12:30:00-04:00,20.280000686645508,20.280000686645508,20.274999618530273,20.280000686645508,11493,0.0,0.0,0.0
2023-07-10 13:30:00-04:00,20.30030059814453,20.30030059814453,20.29599952697754,20.29599952697754,2529,0.0,0.0,0.0
2023-07-10 14:30:00-04:00,20.280000686645508,20.290000915527344,20.27400016784668,20.27400016784668,525,0.0,0.0,0.0
2023-07-10 15:30:00-04:00,20.280000686645508,20.280000686645508,20.280000686645508,20.280000686645508,183,0.0,0.0,0.0
2023-07-11 09:30:00-04:00,20.287099838256836,20.287099838256836,20.287099838256836,20.287099838256836,0,0.0,0.0,0.0
2023-07-11 11:30:00-04:00,20.307899475097656,20.329999923706055,20.307899475097656,20.325000762939453,25949,0.0,0.0,0.0
2023-07-11 12:30:00-04:00,20.34000015258789,20.34000015258789,20.32900047302246,20.32900047302246,3970,0.0,0.0,0.0
2023-07-11 13:30:00-04:00,20.33989906311035,20.33989906311035,20.31999969482422,20.31999969482422,3632,0.0,0.0,0.0
2023-07-11 14:30:00-04:00,20.31999969482422,20.31999969482422,20.309999465942383,20.309999465942383,0,0.0,0.0,0.0
2023-07-11 15:30:00-04:00,20.31999969482422,20.31999969482422,20.309999465942383,20.309999465942383,45,0.0,0.0,0.0
2023-07-12 09:30:00-04:00,20.450000762939453,20.479999542236328,20.424999237060547,20.479999542236328,2001,0.0,0.0,0.0
2023-07-12 10:30:00-04:00,20.46500015258789,20.5,20.46500015258789,20.5,15825,0.0,0.0,0.0
2023-07-12 11:30:00-04:00,20.510000228881836,20.530000686645508,20.5,20.520000457763672,4893,0.0,0.0,0.0
2023-07-12 12:30:00-04:00,20.524999618530273,20.540000915527344,20.520000457763672,20.520000457763672,24421,0.0,0.0,0.0
2023-07-12 13:30:00-04:00,20.510000228881836,20.517000198364258,20.5,20.510000228881836,1380,0.0,0.0,0.0
2023-07-12 14:30:00-04:00,20.5,20.520000457763672,20.5,20.517200469970703,1382,0.0,0.0,0.0
2023-07-12 15:30:00-04:00,20.510000228881836,20.520000457763672,20.510000228881836,20.510000228881836,0,0.0,0.0,0.0
2023-07-13 09:30:00-04:00,20.639999389648438,20.639999389648438,20.6200008392334,20.6200008392334,562,0.0,0.0,0.0
2023-07-13 10:30:00-04:00,20.610000610351562,20.610000610351562,20.59000015258789,20.59000015258789,1922,0.0,0.0,0.0
2023-07-13 11:30:00-04:00,20.6200008392334,20.670000076293945,20.6200008392334,20.670000076293945,1403,0.0,0.0,0.0
2023-07-13 12:30:00-04:00,20.68000030517578,20.68000030517578,20.68000030517578,20.68000030517578,556,0.0,0.0,0.0
2023-07-13 13:30:00-04:00,20.690000534057617,20.691699981689453,20.690000534057617,20.690000534057617,469,0.0,0.0,0.0
2023-07-13 14:30:00-04:00,20.684999465942383,20.68600082397461,20.684999465942383,20.684999465942383,0,0.0,0.0,0.0
2023-07-13 15:30:00-04:00,20.69499969482422,20.700000762939453,20.690000534057617,20.700000762939453,9867,0.0,0.0,0.0
2023-07-14 09:30:00-04:00,20.639999389648438,20.639999389648438,20.610000610351562,20.610000610351562,0,0.0,0.0,0.0
2023-07-14 10:30:00-04:00,20.649999618530273,20.649999618530273,20.634000778198242,20.634000778198242,398,0.0,0.0,0.0
2023-07-14 11:30:00-04:00,20.609800338745117,20.609800338745117,20.609800338745117,20.609800338745117,229,0.0,0.0,0.0
2023-07-14 12:30:00-04:00,20.610000610351562,20.610000610351562,20.610000610351562,20.610000610351562,390,0.0,0.0,0.0
2023-07-14 13:30:00-04:00,20.593799591064453,20.593799591064453,20.579999923706055,20.579999923706055,327,0.0,0.0,0.0
2023-07-14 14:30:00-04:00,20.579999923706055,20.579999923706055,20.579999923706055,20.579999923706055,268,0.0,0.0,0.0
2023-07-14 15:30:00-04:00,20.579999923706055,20.59000015258789,20.579999923706055,20.59000015258789,647,0.0,0.0,0.0
2023-07-17 09:30:00-04:00,20.59000015258789,20.59000015258789,20.584999084472656,20.584999084472656,0,0.0,0.0,0.0
2023-07-17 10:30:00-04:00,20.59000015258789,20.59000015258789,20.584999084472656,20.584999084472656,486,0.0,0.0,0.0
2023-07-17 11:30:00-04:00,20.59779930114746,20.605899810791016,20.586200714111328,20.59000015258789,3958,0.0,0.0,0.0
2023-07-17 13:30:00-04:00,20.6200008392334,20.6200008392334,20.6200008392334,20.6200008392334,588,0.0,0.0,0.0
2023-07-17 14:30:00-04:00,20.6299991607666,20.639999389648438,20.6299991607666,20.6299991607666,3127,0.0,0.0,0.0
2023-07-17 15:30:00-04:00,20.611799240112305,20.611799240112305,20.610000610351562,20.610000610351562,964,0.0,0.0,0.0
2023-07-18 09:30:00-04:00,20.690000534057617,20.690000534057617,20.670000076293945,20.670000076293945,0,0.0,0.0,0.0
2023-07-18 10:30:00-04:00,20.700000762939453,20.707799911499023,20.68000030517578,20.68000030517578,977,0.0,0.0,0.0
2023-07-18 11:30:00-04:00,20.670000076293945,20.670000076293945,20.66990089416504,20.670000076293945,505,0.0,0.0,0.0
2023-07-18 12:30:00-04:00,20.665000915527344,20.665000915527344,20.665000915527344,20.665000915527344,168,0.0,0.0,0.0
2023-07-18 13:30:00-04:00,20.64620018005371,20.649999618530273,20.63920021057129,20.64229965209961,3594,0.0,0.0,0.0
2023-07-18 14:30:00-04:00,20.639999389648438,20.648099899291992,20.625,20.625,7381,0.0,0.0,0.0
2023-07-18 15:30:00-04:00,20.621999740600586,20.639999389648438,20.621999740600586,20.639999389648438,3781,0.0,0.0,0.0
2023-07-19 09:30:00-04:00,20.68000030517578,20.68000030517578,20.635000228881836,20.649900436401367,0,0.0,0.0,0.0
2023-07-19 10:30:00-04:00,20.645000457763672,20.668100357055664,20.645000457763672,20.649999618530273,2418,0.0,0.0,0.0
2023-07-19 11:30:00-04:00,20.649999618530273,20.649999618530273,20.635000228881836,20.645000457763672,11360,0.0,0.0,0.0
2023-07-19 12:30:00-04:00,20.665000915527344,20.684999465942383,20.665000915527344,20.665000915527344,2166,0.0,0.0,0.0
2023-07-19 13:30:00-04:00,20.700000762939453,20.709999084472656,20.699899673461914,20.709999084472656,3594,0.0,0.0,0.0
2023-07-19 14:30:00-04:00,20.709999084472656,20.712099075317383,20.691999435424805,20.700000762939453,6921,0.0,0.0,0.0
2023-07-19 15:30:00-04:00,20.700000762939453,20.704999923706055,20.69499969482422,20.700000762939453,0,0.0,0.0,0.0
2023-07-20 09:30:00-04:00,20.59000015258789,20.59000015258789,20.559999465942383,20.559999465942383,346,0.0,0.0,0.0
2023-07-20 10:30:00-04:00,20.540000915527344,20.540000915527344,20.540000915527344,20.540000915527344,909,0.0,0.0,0.0
2023-07-20 11:30:00-04:00,20.54990005493164,20.54990005493164,20.53499984741211,20.53499984741211,374,0.0,0.0,0.0
2023-07-20 12:30:00-04:00,20.510000228881836,20.510000228881836,20.510000228881836,20.510000228881836,155,0.0,0.0,0.0
2023-07-20 13:30:00-04:00,20.539499282836914,20.53969955444336,20.539499282836914,20.53969955444336,1770,0.0,0.0,0.0
2023-07-20 14:30:00-04:00,20.53820037841797,20.540000915527344,20.53820037841797,20.540000915527344,0,0.0,0.0,0.0
2023-07-21 09:30:00-04:00,20.600000381469727,20.600000381469727,20.579999923706055,20.579999923706055,1999,0.0,0.0,0.0
2023-07-21 10:30:00-04:00,20.579999923706055,20.579999923706055,20.579999923706055,20.579999923706055,284,0.0,0.0,0.0
2023-07-21 11:30:00-04:00,20.575000762939453,20.575000762939453,20.575000762939453,20.575000762939453,601,0.0,0.0,0.0
2023-07-21 12:30:00-04:00,20.56999969482422,20.56999969482422,20.56999969482422,20.56999969482422,1767,0.0,0.0,0.0
2023-07-21 13:30:00-04:00,20.575000762939453,20.579999923706055,20.571800231933594,20.571800231933594,2353,0.0,0.0,0.0
2023-07-21 14:30:00-04:00,20.569799423217773,20.569799423217773,20.569799423217773,20.569799423217773,320,0.0,0.0,0.0
2023-07-21 15:30:00-04:00,20.56100082397461,20.56570053100586,20.559999465942383,20.559999465942383,9229,0.0,0.0,0.0
2023-07-24 09:30:00-04:00,20.600000381469727,20.603700637817383,20.59000015258789,20.59000015258789,0,0.0,0.0,0.0
2023-07-24 10:30:00-04:00,20.579999923706055,20.579999923706055,20.579999923706055,20.579999923706055,323,0.0,0.0,0.0
2023-07-24 11:30:00-04:00,20.565000534057617,20.565000534057617,20.565000534057617,20.565000534057617,100,0.0,0.0,0.0
2023-07-24 12:30:00-04:00,20.53499984741211,20.53499984741211,20.53030014038086,20.53030014038086,2447,0.0,0.0,0.0
2023-07-24 13:30:00-04:00,20.520000457763672,20.530000686645508,20.520000457763672,20.520000457763672,3096,0.0,0.0,0.0
2023-07-24 14:30:00-04:00,20.530000686645508,20.530000686645508,20.520000457763672,20.530000686645508,16875,0.0,0.0,0.0
2023-07-24 15:30:00-04:00,20.524999618530273,20.524999618530273,20.504199981689453,20.510000228881836,571,0.0,0.0,0.0
2023-07-25 09:30:00-04:00,20.43000030517578,20.457000732421875,20.43000030517578,20.454999923706055,0,0.0,0.0,0.0
2023-07-25 10:30:00-04:00,20.452899932861328,20.454999923706055,20.450000762939453,20.454999923706055,797,0.0,0.0,0.0
2023-07-25 11:30:00-04:00,20.469999313354492,20.469999313354492,20.469900131225586,20.469900131225586,238,0.0,0.0,0.0
2023-07-25 12:30:00-04:00,20.451200485229492,20.45800018310547,20.449899673461914,20.449899673461914,923,0.0,0.0,0.0
2023-07-25 13:30:00-04:00,20.450000762939453,20.450000762939453,20.438100814819336,20.438100814819336,221923,0.0,0.0,0.0
2023-07-25 14:30:00-04:00,20.43000030517578,20.453100204467773,20.424999237060547,20.453100204467773,2749,0.0,0.0,0.0
2023-07-25 15:30:00-04:00,20.457500457763672,20.46500015258789,20.45199966430664,20.459999084472656,2285,0.0,0.0,0.0
2023-07-26 09:30:00-04:00,20.5,20.5,20.479799270629883,20.489999771118164,0,0.0,0.0,0.0
2023-07-26 10:30:00-04:00,20.489999771118164,20.5,20.479999542236328,20.4950008392334,8549,0.0,0.0,0.0
2023-07-26 11:30:00-04:00,20.5,20.5,20.4950008392334,20.4950008392334,806,0.0,0.0,0.0
2023-07-26 12:30:00-04:00,20.489999771118164,20.489999771118164,20.46500015258789,20.479999542236328,2904,0.0,0.0,0.0
2023-07-26 13:30:00-04:00,20.485000610351562,20.493000030517578,20.46500015258789,20.469999313354492,30893,0.0,0.0,0.0
2023-07-26 14:30:00-04:00,20.469999313354492,20.545000076293945,20.459999084472656,20.521799087524414,34786,0.0,0.0,0.0
2023-07-26 15:30:00-04:00,20.530000686645508,20.540000915527344,20.5216007232666,20.540000915527344,10334,0.0,0.0,0.0
2023-07-27 09:30:00-04:00,20.479000091552734,20.479000091552734,20.43000030517578,20.43000030517578,0,0.0,0.0,0.0
2023-07-27 10:30:00-04:00,20.40999984741211,20.40999984741211,20.3799991607666,20.40999984741211,9535,0.0,0.0,0.0
2023-07-27 11:30:00-04:00,20.405000686645508,20.419099807739258,20.405000686645508,20.40999984741211,1842,0.0,0.0,0.0
2023-07-27 12:30:00-04:00,20.40999984741211,20.40999984741211,20.360000610351562,20.3799991607666,30277,0.0,0.0,0.0
2023-07-27 13:30:00-04:00,20.3700008392334,20.3700008392334,20.354999542236328,20.354999542236328,1479,0.0,0.0,0.0
2023-07-27 14:30:00-04:00,20.308500289916992,20.315000534057617,20.299999237060547,20.309999465942383,12565,0.0,0.0,0.0
2023-07-27 15:30:00-04:00,20.31999969482422,20.329999923706055,20.31999969482422,20.325000762939453,1453,0.0,0.0,0.0
2023-07-28 09:30:00-04:00,20.3700008392334,20.38800048828125,20.3700008392334,20.38800048828125,0,0.0,0.0,0.0
2023-07-28 10:30:00-04:00,20.411800384521484,20.411800384521484,20.406999588012695,20.40999984741211,2778,0.0,0.0,0.0
2023-07-28 11:30:00-04:00,20.385799407958984,20.388599395751953,20.3799991607666,20.3799991607666,17360,0.0,0.0,0.0
2023-07-28 12:30:00-04:00,20.37700080871582,20.37700080871582,20.37700080871582,20.37700080871582,1962,0.0,0.0,0.0
2023-07-28 13:30:00-04:00,20.36009979248047,20.3799991607666,20.36009979248047,20.3799991607666,1039,0.0,0.0,0.0
2023-07-28 14:30:00-04:00,20.385000228881836,20.38990020751953,20.385000228881836,20.38990020751953,755,0.0,0.0,0.0
2023-07-28 15:30:00-04:00,20.3799991607666,20.399900436401367,20.3799991607666,20.395000457763672,869,0.0,0.0,0.0
2023-07-31 09:30:00-04:00,20.3799991607666,20.42930030822754,20.3799991607666,20.42930030822754,0,0.0,0.0,0.0
2023-07-31 10:30:00-04:00,20.408599853515625,20.416200637817383,20.408599853515625,20.416200637817383,881,0.0,0.0,0.0
2023-07-31 11:30:00-04:00,20.41699981689453,20.43400001525879,20.41699981689453,20.43400001525879,832,0.0,0.0,0.0
2023-07-31 13:30:00-04:00,20.437000274658203,20.437000274658203,20.437000274658203,20.437000274658203,345,0.0,0.0,0.0
2023-07-31 14:30:00-04:00,20.42840003967285,20.42840003967285,20.389999389648438,20.389999389648438,3647,0.0,0.0,0.0
2023-07-31 15:30:00-04:00,20.380699157714844,20.420000076293945,20.380699157714844,20.405099868774414,4149,0.0,0.0,0.0
2023-08-01 09:30:00-04:00,20.25,20.25,20.22010040283203,20.239999771118164,0,0.0,0.0,0.0
2023-08-01 10:30:00-04:00,20.219999313354492,20.219999313354492,20.219999313354492,20.219999313354492,501,0.0,0.0,0.0
2023-08-01 11:30:00-04:00,20.230100631713867,20.238000869750977,20.230100631713867,20.238000869750977,1691,0.0,0.0,0.0
2023-08-01 12:30:00-04:00,20.228300094604492,20.229999542236328,20.219999313354492,20.219999313354492,2742,0.0,0.0,0.0
2023-08-01 13:30:00-04:00,20.219999313354492,20.239999771118164,20.209999084472656,20.229999542236328,6783,0.0,0.0,0.0
2023-08-01 14:30:00-04:00,20.229999542236328,20.229999542236328,20.219999313354492,20.229999542236328,2911,0.0,0.0,0.0
2023-08-01 15:30:00-04:00,20.240100860595703,20.240100860595703,20.239999771118164,20.239999771118164,0,0.0,0.0,0.0
2023-08-02 09:30:00-04:00,20.190000534057617,20.209999084472656,20.170000076293945,20.175199508666992,24881,0.0,0.0,0.0
2023-08-02 10:30:00-04:00,20.183500289916992,20.183500289916992,20.135000228881836,20.139999389648438,16852,0.0,0.0,0.0
2023-08-02 11:30:00-04:00,20.145000457763672,20.18000030517578,20.145000457763672,20.18000030517578,6386,0.0,0.0,0.0
2023-08-02 12:30:00-04:00,20.19499969482422,20.19499969482422,20.19499969482422,20.19499969482422,100,0.0,0.0,0.0
2023-08-02 13:30:00-04:00,20.209999084472656,20.209999084472656,20.190000534057617,20.190000534057617,1520,0.0,0.0,0.0
2023-08-02 14:30:00-04:00,20.19849967956543,20.2096004486084,20.19849967956543,20.2096004486084,1288,0.0,0.0,0.0
2023-08-02 15:30:00-04:00,20.208200454711914,20.208200454711914,20.204999923706055,20.204999923706055,1294,0.0,0.0,0.0
2023-08-03 09:30:00-04:00,20.09000015258789,20.09000015258789,20.06999969482422,20.06999969482422,0,0.0,0.0,0.0
2023-08-03 10:30:00-04:00,20.079999923706055,20.088199615478516,20.079999923706055,20.079999923706055,4300,0.0,0.0,0.0
2023-08-03 11:30:00-04:00,20.098600387573242,20.098600387573242,20.059999465942383,20.059999465942383,2857,0.0,0.0,0.0
2023-08-03 12:30:00-04:00,20.082000732421875,20.100000381469727,20.059999465942383,20.059999465942383,83109,0.0,0.0,0.0
2023-08-03 13:30:00-04:00,20.06999969482422,20.084999084472656,20.069900512695312,20.084999084472656,3853,0.0,0.0,0.0
2023-08-03 14:30:00-04:00,20.059999465942383,20.059999465942383,20.059999465942383,20.059999465942383,2630,0.0,0.0,0.0
2023-08-03 15:30:00-04:00,20.069000244140625,20.06999969482422,20.065000534057617,20.065000534057617,972,0.0,0.0,0.0
2023-08-04 09:30:00-04:00,20.18000030517578,20.229999542236328,20.18000030517578,20.229999542236328,0,0.0,0.0,0.0
2023-08-04 10:30:00-04:00,20.225000381469727,20.225000381469727,20.200000762939453,20.204999923706055,1524,0.0,0.0,0.0
2023-08-04 11:30:00-04:00,20.229999542236328,20.25,20.229999542236328,20.25,88807,0.0,0.0,0.0
2023-08-04 12:30:00-04:00,20.25,20.260000228881836,20.25,20.25,1500,0.0,0.0,0.0
2023-08-04 13:30:00-04:00,20.25,20.260000228881836,20.25,20.25,520,0.0,0.0,0.0
2023-08-04 14:30:00-04:00,20.260000228881836,20.290000915527344,20.260000228881836,20.290000915527344,4703,0.0,0.0,0.0
2023-08-04 15:30:00-04:00,20.292600631713867,20.299999237060547,20.28499984741211,20.28499984741211,369,0.0,0.0,0.0
2023-08-07 09:30:00-04:00,20.260000228881836,20.260000228881836,20.260000228881836,20.260000228881836,0,0.0,0.0,0.0
2023-08-07 10:30:00-04:00,20.229999542236328,20.236900329589844,20.219999313354492,20.236900329589844,2617,0.0,0.0,0.0
2023-08-07 11:30:00-04:00,20.239900588989258,20.239900588989258,20.219999313354492,20.219999313354492,2176,0.0,0.0,0.0
2023-08-07 12:30:00-04:00,20.239999771118164,20.239999771118164,20.239999771118164,20.239999771118164,596,0.0,0.0,0.0
2023-08-07 13:30:00-04:00,20.260000228881836,20.260000228881836,20.260000228881836,20.260000228881836,823,0.0,0.0,0.0
2023-08-07 14:30:00-04:00,20.2450008392334,20.2450008392334,20.239999771118164,20.239999771118164,420,0.0,0.0,0.0
2023-08-08 09:30:00-04:00,20.350000381469727,20.350000381469727,20.350000381469727,20.350000381469727,0,0.0,0.0,0.0
2023-08-08 10:30:00-04:00,20.344999313354492,20.344999313354492,20.34000015258789,20.34000015258789,730,0.0,0.0,0.0
2023-08-08 12:30:00-04:00,20.334999084472656,20.34000015258789,20.3262996673584,20.3262996673584,10031,0.0,0.0,0.0
2023-08-08 13:30:00-04:00,20.33880043029785,20.33880043029785,20.32990074157715,20.32990074157715,2867,0.0,0.0,0.0
2023-08-08 14:30:00-04:00,20.329999923706055,20.329999923706055,20.329999923706055,20.329999923706055,285,0.0,0.0,0.0
2023-08-08 15:30:00-04:00,20.334999084472656,20.337299346923828,20.334999084472656,20.337299346923828,306,0.0,0.0,0.0
2023-08-09 09:30:00-04:00,20.329999923706055,20.3700008392334,20.329999923706055,20.360000610351562,0,0.0,0.0,0.0
2023-08-09 10:30:00-04:00,20.360000610351562,20.360000610351562,20.34000015258789,20.360000610351562,4246,0.0,0.0,0.0
2023-08-09 11:30:00-04:00,20.354999542236328,20.364999771118164,20.344999313354492,20.360000610351562,15374,0.0,0.0,0.0
2023-08-09 12:30:00-04:00,20.364999771118164,20.3700008392334,20.344999313354492,20.350000381469727,3122,0.0,0.0,0.0
2023-08-09 13:30:00-04:00,20.344999313354492,20.34830093383789,20.325000762939453,20.33009910583496,10918,0.0,0.0,0.0
2023-08-09 14:30:00-04:00,20.329999923706055,20.34000015258789,20.31999969482422,20.329999923706055,4515,0.0,0.0,0.0
2023-08-09 15:30:00-04:00,20.334999084472656,20.349000930786133,20.329999923706055,20.34000015258789,3610,0.0,0.0,0.0
2023-08-10 09:30:00-04:00,20.34000015258789,20.3799991607666,20.34000015258789,20.349899291992188,0,0.0,0.0,0.0
2023-08-10 10:30:00-04:00,20.350000381469727,20.364599227905273,20.303600311279297,20.309999465942383,7486,0.0,0.0,0.0
2023-08-10 11:30:00-04:00,20.31999969482422,20.329999923706055,20.31999969482422,20.328399658203125,0,0.0,0.0,0.0
2023-08-10 12:30:00-04:00,20.329999923706055,20.329999923706055,20.280000686645508,20.280000686645508,27949,0.0,0.0,0.0
2023-08-10 13:30:00-04:00,20.260000228881836,20.260000228881836,20.20989990234375,20.219999313354492,14947,0.0,0.0,0.0
2023-08-10 14:30:00-04:00,20.219999313354492,20.221200942993164,20.219999313354492,20.219999313354492,892,0.0,0.0,0.0
2023-08-10 15:30:00-04:00,20.2185001373291,20.2185001373291,20.199100494384766,20.199100494384766,0,0.0,0.0,0.0
2023-08-11 09:30:00-04:00,20.110000610351562,20.159000396728516,20.110000610351562,20.159000396728516,35810,0.0,0.0,0.0
2023-08-11 10:30:00-04:00,20.149999618530273,20.18000030517578,20.149999618530273,20.18000030517578,780,0.0,0.0,0.0
2023-08-11 12:30:00-04:00,20.1200008392334,20.1200008392334,20.1200008392334,20.1200008392334,10241,0.0,0.0,0.0
2023-08-11 13:30:00-04:00,20.104999542236328,20.104999542236328,20.09040069580078,20.0935001373291,2782,0.0,0.0,0.0
2023-08-11 14:30:00-04:00,20.100000381469727,20.100000381469727,20.088699340820312,20.09000015258789,2844,0.0,0.0,0.0
2023-08-11 15:30:00-04:00,20.09000015258789,20.09000015258789,20.084999084472656,20.084999084472656,10002,0.0,0.0,0.0
2023-08-14 09:30:00-04:00,20.037900924682617,20.037900924682617,20.020000457763672,20.020000457763672,0,0.0,0.0,0.0
2023-08-14 10:30:00-04:00,20.040000915527344,20.087600708007812,20.040000915527344,20.087600708007812,12570,0.0,0.0,0.0
2023-08-14 11:30:00-04:00,20.07990074157715,20.110000610351562,20.07990074157715,20.110000610351562,4440,0.0,0.0,0.0
2023-08-14 12:30:00-04:00,20.110000610351562,20.110000610351562,20.09000015258789,20.09000015258789,1530,0.0,0.0,0.0
2023-08-14 13:30:00-04:00,20.09630012512207,20.09630012512207,20.079999923706055,20.079999923706055,2531,0.0,0.0,0.0
2023-08-14 14:30:00-04:00,20.079999923706055,20.079999923706055,20.049999237060547,20.049999237060547,1231,0.0,0.0,0.0
2023-08-14 15:30:00-04:00,20.05120086669922,20.059999465942383,20.05120086669922,20.05500030517578,4291,0.0,0.0,0.0
2023-08-15 09:30:00-04:00,20.020000457763672,20.09000015258789,20.020000457763672,20.079999923706055,0,0.0,0.0,0.0
2023-08-15 10:30:00-04:00,20.079999923706055,20.079999923706055,20.079999923706055,20.079999923706055,286,0.0,0.0,0.0
2023-08-15 11:30:00-04:00,20.060800552368164,20.060800552368164,20.060800552368164,20.060800552368164,259,0.0,0.0,0.0
2023-08-15 13:30:00-04:00,20.048500061035156,20.048500061035156,20.037399291992188,20.040000915527344,1751,0.0,0.0,0.0
2023-08-15 14:30:00-04:00,20.031299591064453,20.031299591064453,20.017900466918945,20.024999618530273,3670,0.0,0.0,0.0
2023-08-15 15:30:00-04:00,20.030000686645508,20.040000915527344,20.020000457763672,20.024999618530273,0,0.0,0.0,0.0
2023-08-16 09:30:00-04:00,20.040000915527344,20.040000915527344,20.040000915527344,20.040000915527344,402,0.0,0.0,0.0
2023-08-16 10:30:00-04:00,20.040000915527344,20.040000915527344,20.030000686645508,20.03339958190918,2512,0.0,0.0,0.0
2023-08-16 11:30:00-04:00,20.030000686645508,20.0393009185791,19.993499755859375,19.993499755859375,146689,0.0,0.0,0.0
2023-08-16 12:30:00-04:00,19.989900588989258,19.989999771118164,19.979999542236328,19.979999542236328,1868,0.0,0.0,0.0
2023-08-16 13:30:00-04:00,19.969999313354492,19.978200912475586,19.969999313354492,19.975000381469727,1228,0.0,0.0,0.0
2023-08-16 14:30:00-04:00,19.949600219726562,19.949600219726562,19.949600219726562,19.949600219726562,867,0.0,0.0,0.0
2023-08-16 15:30:00-04:00,19.950000762939453,19.950000762939453,19.94809913635254,19.950000762939453,1524,0.0,0.0,0.0
2023-08-17 09:30:00-04:00,19.950000762939453,19.950000762939453,19.9148006439209,19.9148006439209,0,0.0,0.0,0.0
2023-08-17 10:30:00-04:00,19.918100357055664,19.920000076293945,19.90999984741211,19.90999984741211,7752,0.0,0.0,0.0
2023-08-17 11:30:00-04:00,19.90999984741211,19.913299560546875,19.878400802612305,19.899999618530273,8984,0.0,0.0,0.0
2023-08-17 12:30:00-04:00,19.8799991607666,19.884599685668945,19.8799991607666,19.884599685668945,547,0.0,0.0,0.0
2023-08-17 13:30:00-04:00,19.8700008392334,19.889999389648438,19.8700008392334,19.88010025024414,90082,0.0,0.0,0.0
2023-08-17 14:30:00-04:00,19.889999389648438,19.92799949645996,19.889999389648438,19.92799949645996,2658,0.0,0.0,0.0
2023-08-17 15:30:00-04:00,19.920000076293945,19.93000030517578,19.920000076293945,19.924999237060547,3997,0.0,0.0,0.0
2023-08-18 09:30:00-04:00,19.95319938659668,19.997699737548828,19.95319938659668,19.997699737548828,0,0.0,0.0,0.0
2023-08-18 11:30:00-04:00,20.018199920654297,20.018199920654297,20.018199920654297,20.018199920654297,900,0.0,0.0,0.0
2023-08-18 12:30:00-04:00,20.010000228881836,20.010000228881836,20.007699966430664,20.007699966430664,884,0.0,0.0,0.0
2023-08-18 13:30:00-04:00,19.991500854492188,19.991500854492188,19.991500854492188,19.991500854492188,465,0.0,0.0,0.0
2023-08-18 14:30:00-04:00,19.979999542236328,19.98699951171875,19.979999542236328,19.980100631713867,1744,0.0,0.0,0.0
2023-08-18 15:30:00-04:00,19.988800048828125,19.988800048828125,19.985000610351562,19.985000610351562,340,0.0,0.0,0.0
2023-08-21 09:30:00-04:00,19.889999389648438,19.8966007232666,19.850000381469727,19.850000381469727,0,0.0,0.0,0.0
2023-08-21 10:30:00-04:00,19.860000610351562,19.860000610351562,19.850000381469727,19.850000381469727,1617,0.0,0.0,0.0
2023-08-21 11:30:00-04:00,19.859899520874023,19.859899520874023,19.859899520874023,19.859899520874023,569,0.0,0.0,0.0
2023-08-21 14:30:00-04:00,19.860000610351562,19.8700008392334,19.860000610351562,19.8700008392334,985,0.0,0.0,0.0
2023-08-21 15:30:00-04:00,19.850000381469727,19.850000381469727,19.850000381469727,19.850000381469727,209,0.0,0.0,0.0
2023-08-22 09:30:00-04:00,19.860000610351562,19.860000610351562,19.860000610351562,19.860000610351562,0,0.0,0.0,0.0
2023-08-22 10:30:00-04:00,19.860000610351562,19.860000610351562,19.860000610351562,19.860000610351562,491,0.0,0.0,0.0
2023-08-22 11:30:00-04:00,19.867599487304688,19.879100799560547,19.867599487304688,19.879100799560547,2378,0.0,0.0,0.0
2023-08-22 12:30:00-04:00,19.8799991607666,19.8799991607666,19.875,19.875,1612,0.0,0.0,0.0
2023-08-22 13:30:00-04:00,19.8799991607666,19.8799991607666,19.8799991607666,19.8799991607666,970,0.0,0.0,0.0
2023-08-22 14:30:00-04:00,19.875,19.875,19.8700008392334,19.8700008392334,1089,0.0,0.0,0.0
2023-08-22 15:30:00-04:00,19.864999771118164,19.8700008392334,19.860000610351562,19.8700008392334,6125,0.0,0.0,0.0
2023-08-23 09:30:00-04:00,20.0,20.040000915527344,20.0,20.014999389648438,0,0.0,0.0,0.0
2023-08-23 10:30:00-04:00,20.024999618530273,20.02989959716797,20.014999389648438,20.024999618530273,1421,0.0,0.0,0.0
2023-08-23 11:30:00-04:00,20.02039909362793,20.045000076293945,20.02039909362793,20.045000076293945,1703,0.0,0.0,0.0
2023-08-23 12:30:00-04:00,20.040000915527344,20.075000762939453,20.040000915527344,20.075000762939453,1459,0.0,0.0,0.0
2023-08-23 13:30:00-04:00,20.065000534057617,20.065000534057617,20.045000076293945,20.045000076293945,828,0.0,0.0,0.0
2023-08-23 14:30:00-04:00,20.05500030517578,20.065000534057617,20.049999237060547,20.065000534057617,1439,0.0,0.0,0.0
2023-08-23 15:30:00-04:00,20.075000762939453,20.079999923706055,20.06999969482422,20.079999923706055,3299,0.0,0.0,0.0
2023-08-24 09:30:00-04:00,20.020000457763672,20.020000457763672,20.020000457763672,20.020000457763672,0,0.0,0.0,0.0
2023-08-24 11:30:00-04:00,20.010000228881836,20.010000228881836,20.010000228881836,20.010000228881836,334,0.0,0.0,0.0
2023-08-24 14:30:00-04:00,20.008800506591797,20.017900466918945,20.0,20.017900466918945,3217,0.0,0.0,0.0
2023-08-24 15:30:00-04:00,20.009000778198242,20.014699935913086,20.009000778198242,20.014699935913086,0,0.0,0.0,0.0
2023-08-25 09:30:00-04:00,19.989999771118164,19.989999771118164,19.989999771118164,19.989999771118164,1681,0.0,0.0,0.0
2023-08-25 10:30:00-04:00,19.940000534057617,19.950000762939453,19.93000030517578,19.93000030517578,1301,0.0,0.0,0.0
2023-08-25 12:30:00-04:00,19.988000869750977,19.99839973449707,19.988000869750977,19.99839973449707,6830,0.0,0.0,0.0
2023-08-25 13:30:00-04:00,19.997900009155273,20.0,19.99049949645996,19.99519920349121,20127,0.0,0.0,0.0
2023-08-25 14:30:00-04:00,20.0,20.009899139404297,19.97960090637207,19.97960090637207,3838,0.0,0.0,0.0
2023-08-25 15:30:00-04:00,19.989599227905273,20.0,19.989599227905273,20.0,590,0.0,0.0,0.0
2023-08-28 11:30:00-04:00,20.030000686645508,20.030000686645508,20.030000686645508,20.030000686645508,0,0.0,0.0,0.0
2023-08-28 13:30:00-04:00,20.020000457763672,20.040000915527344,20.020000457763672,20.03499984741211,3428,0.0,0.0,0.0
2023-08-28 14:30:00-04:00,20.030000686645508,20.04800033569336,20.024999618530273,20.04800033569336,2874,0.0,0.0,0.0
2023-08-28 15:30:00-04:00,20.05109977722168,20.0585994720459,20.049999237060547,20.049999237060547,0,0.0,0.0,0.0
2023-08-29 10:30:00-04:00,20.139999389648438,20.14900016784668,20.136999130249023,20.146299362182617,2092,0.0,0.0,0.0
2023-08-29 11:30:00-04:00,20.170000076293945,20.176000595092773,20.170000076293945,20.176000595092773,384,0.0,0.0,0.0
2023-08-29 13:30:00-04:00,20.190000534057617,20.190000534057617,20.16010093688965,20.167499542236328,686,0.0,0.0,0.0
2023-08-29 14:30:00-04:00,20.178600311279297,20.178600311279297,20.178600311279297,20.178600311279297,1010,0.0,0.0,0.0
2023-08-29 15:30:00-04:00,20.19499969482422,20.19499969482422,20.19499969482422,20.19499969482422,0,0.0,0.0,0.0
2023-08-30 09:30:00-04:00,20.21500015258789,20.219999313354492,20.21500015258789,20.219999313354492,254,0.0,0.0,0.0
2023-08-30 10:30:00-04:00,20.21109962463379,20.21109962463379,20.21109962463379,20.21109962463379,268,0.0,0.0,0.0
2023-08-30 11:30:00-04:00,20.200000762939453,20.209999084472656,20.200000762939453,20.209999084472656,1083,0.0,0.0,0.0
2023-08-30 13:30:00-04:00,20.204999923706055,20.204999923706055,20.200000762939453,20.200000762939453,1880,0.0,0.0,0.0
2023-08-30 14:30:00-04:00,20.190000534057617,20.190000534057617,20.18000030517578,20.18000030517578,11691,0.0,0.0,0.0
2023-08-30 15:30:00-04:00,20.18000030517578,20.190000534057617,20.18000030517578,20.185800552368164,0,0.0,0.0,0.0
2023-08-31 09:30:00-04:00,20.208599090576172,20.208599090576172,20.208599090576172,20.208599090576172,291,0.0,0.0,0.0
2023-08-31 11:30:00-04:00,20.229999542236328,20.231700897216797,20.229999542236328,20.231700897216797,2282,0.0,0.0,0.0
2023-08-31 14:30:00-04:00,20.239999771118164,20.239999771118164,20.233299255371094,20.239999771118164,1449,0.0,0.0,0.0
2023-08-31 15:30:00-04:00,20.245100021362305,20.245100021362305,20.228200912475586,20.239999771118164,1557,0.0,0.0,0.0
2023-09-01 09:30:00-04:00,20.190000534057617,20.190000534057617,20.10580062866211,20.10580062866211,0,0.0,0.0,0.0
2023-09-01 10:30:00-04:00,20.0757999420166,20.076499938964844,20.058700561523438,20.058700561523438,14433,0.0,0.0,0.0
2023-09-01 11:30:00-04:00,20.042800903320312,20.048999786376953,20.039100646972656,20.039100646972656,3232,0.0,0.0,0.0
2023-09-01 12:30:00-04:00,20.060100555419922,20.079999923706055,20.060100555419922,20.077699661254883,8661,0.0,0.0,0.0
2023-09-01 13:30:00-04:00,20.06999969482422,20.070100784301758,20.06999969482422,20.070100784301758,378,0.0,0.0,0.0
2023-09-01 14:30:00-04:00,20.076900482177734,20.079599380493164,20.075000762939453,20.075000762939453,1572,0.0,0.0,0.0
2023-09-01 15:30:00-04:00,20.06999969482422,20.06999969482422,20.063899993896484,20.063899993896484,596,0.0,0.0,0.0
2023-09-05 09:30:00-04:00,19.959999084472656,19.959999084472656,19.959999084472656,19.959999084472656,0,0.0,0.0,0.0
2023-09-05 10:30:00-04:00,19.979000091552734,19.979000091552734,19.96500015258789,19.96500015258789,899,0.0,0.0,0.0
2023-09-05 11:30:00-04:00,19.963899612426758,19.963899612426758,19.963899612426758,19.963899612426758,179,0.0,0.0,0.0
2023-09-05 12:30:00-04:00,19.950000762939453,19.950000762939453,19.950000762939453,19.950000762939453,394,0.0,0.0,0.0
2023-09-05 13:30:00-04:00,19.949899673461914,19.950000762939453,19.944400787353516,19.948299407958984,2564,0.0,0.0,0.0
2023-09-05 14:30:00-04:00,19.933000564575195,19.933000564575195,19.933000564575195,19.933000564575195,384,0.0,0.0,0.0
2023-09-05 15:30:00-04:00,19.950000762939453,19.95989990234375,19.94499969482422,19.94499969482422,0,0.0,0.0,0.0
2023-09-06 09:30:00-04:00,19.918800354003906,19.918800354003906,19.918800354003906,19.918800354003906,435,0.0,0.0,0.0
2023-09-06 10:30:00-04:00,19.89699935913086,19.899999618530273,19.88129997253418,19.889999389648438,2490,0.0,0.0,0.0
2023-09-06 11:30:00-04:00,19.885000228881836,19.885000228881836,19.885000228881836,19.885000228881836,163,0.0,0.0,0.0
2023-09-06 12:30:00-04:00,19.900100708007812,19.900100708007812,19.900100708007812,19.900100708007812,358,0.0,0.0,0.0
2023-09-06 13:30:00-04:00,19.898500442504883,19.898500442504883,19.885000228881836,19.885000228881836,995,0.0,0.0,0.0
2023-09-06 14:30:00-04:00,19.897899627685547,19.897899627685547,19.889999389648438,19.889999389648438,1308,0.0,0.0,0.0
2023-09-07 09:30:00-04:00,19.93000030517578,19.93000030517578,19.918100357055664,19.918100357055664,0,0.0,0.0,0.0
2023-09-07 10:30:00-04:00,19.920299530029297,19.92140007019043,19.920000076293945,19.920000076293945,1437,0.0,0.0,0.0
2023-09-07 11:30:00-04:00,19.924400329589844,19.94499969482422,19.924400329589844,19.94499969482422,5011,0.0,0.0,0.0
2023-09-07 13:30:00-04:00,19.949600219726562,19.949600219726562,19.949600219726562,19.949600219726562,132,0.0,0.0,0.0
2023-09-07 14:30:00-04:00,19.950000762939453,19.959999084472656,19.950000762939453,19.95170021057129,1115,0.0,0.0,0.0
2023-09-07 15:30:00-04:00,19.95359992980957,19.95359992980957,19.950000762939453,19.950000762939453,315,0.0,0.0,0.0
2023-09-08 09:30:00-04:00,20.0,20.0,20.0,20.0,0,0.0,0.0,0.0
2023-09-08 10:30:00-04:00,20.020000457763672,20.020000457763672,19.99020004272461,19.999799728393555,18637,0.0,0.0,0.0
2023-09-08 11:30:00-04:00,19.979999542236328,19.979999542236328,19.979999542236328,19.979999542236328,249,0.0,0.0,0.0
2023-09-08 12:30:00-04:00,19.95039939880371,19.959999084472656,19.95039939880371,19.959999084472656,4706,0.0,0.0,0.0
2023-09-08 13:30:00-04:00,19.9596004486084,19.959999084472656,19.95039939880371,19.959999084472656,7295,0.0,0.0,0.0
2023-09-08 15:30:00-04:00,19.958599090576172,19.959999084472656,19.950000762939453,19.959999084472656,4675,0.0,0.0,0.0
2023-09-11 09:30:00-04:00,19.90999984741211,19.90999984741211,19.90999984741211,19.90999984741211,0,0.0,0.0,0.0
2023-09-11 10:30:00-04:00,19.924999237060547,19.92799949645996,19.920000076293945,19.920000076293945,2302,0.0,0.0,0.0
2023-09-11 11:30:00-04:00,19.92729949951172,19.932600021362305,19.920000076293945,19.932600021362305,1516,0.0,0.0,0.0
2023-09-11 12:30:00-04:00,19.93000030517578,19.93000030517578,19.920000076293945,19.920000076293945,2497,0.0,0.0,0.0
2023-09-11 13:30:00-04:00,19.92009925842285,19.93000030517578,19.92009925842285,19.93000030517578,8660,0.0,0.0,0.0
2023-09-11 14:30:00-04:00,19.92930030822754,19.92930030822754,19.920000076293945,19.920000076293945,2347,0.0,0.0,0.0
2023-09-11 15:30:00-04:00,19.929899215698242,19.93000030517578,19.92099952697754,19.93000030517578,1488,0.0,0.0,0.0
2023-09-12 09:30:00-04:00,19.920000076293945,19.93000030517578,19.90999984741211,19.920000076293945,9468,0.0,0.0,0.0
2023-09-12 10:30:00-04:00,19.920000076293945,19.93000030517578,19.911399841308594,19.93000030517578,2044,0.0,0.0,0.0
2023-09-12 11:30:00-04:00,19.93000030517578,19.93000030517578,19.93000030517578,19.93000030517578,1000,0.0,0.0,0.0
2023-09-12 12:30:00-04:00,19.93000030517578,19.93000030517578,19.918399810791016,19.920000076293945,1595,0.0,0.0,0.0
2023-09-12 13:30:00-04:00,19.91550064086914,19.950000762939453,19.91550064086914,19.950000762939453,5175,0.0,0.0,0.0
2023-09-12 14:30:00-04:00,19.940000534057617,19.950000762939453,19.93869972229004,19.950000762939453,5613,0.0,0.0,0.0
2023-09-12 15:30:00-04:00,19.950000762939453,19.950000762939453,19.940000534057617,19.940000534057617,0,0.0,0.0,0.0
2023-09-13 09:30:00-04:00,19.924999237060547,19.924999237060547,19.924999237060547,19.924999237060547,688,0.0,0.0,0.0
2023-09-13 10:30:00-04:00,19.920000076293945,19.93000030517578,19.920000076293945,19.93000030517578,3637,0.0,0.0,0.0
2023-09-13 11:30:00-04:00,19.920000076293945,19.959999084472656,19.920000076293945,19.959999084472656,3277,0.0,0.0,0.0
2023-09-13 12:30:00-04:00,19.975000381469727,19.975000381469727,19.96500015258789,19.96500015258789,6386,0.0,0.0,0.0
2023-09-13 13:30:00-04:00,19.989999771118164,19.989999771118164,19.989999771118164,19.989999771118164,327,0.0,0.0,0.0
2023-09-13 14:30:00-04:00,19.975000381469727,19.97920036315918,19.969999313354492,19.97920036315918,3762,0.0,0.0,0.0
2023-09-13 15:30:00-04:00,19.978099822998047,19.979999542236328,19.959999084472656,19.96500015258789,0,0.0,0.0,0.0
2023-09-14 09:30:00-04:00,19.9950008392334,19.9950008392334,19.9689998626709,19.9689998626709,2660,0.0,0.0,0.0
2023-09-14 10:30:00-04:00,19.9591007232666,19.985000610351562,19.9591007232666,19.983699798583984,2374,0.0,0.0,0.0
2023-09-14 11:30:00-04:00,19.949899673461914,19.950000762939453,19.949899673461914,19.950000762939453,1372,0.0,0.0,0.0
2023-09-14 13:30:00-04:00,19.9281005859375,19.930099487304688,19.9281005859375,19.930099487304688,1793,0.0,0.0,0.0
2023-09-14 14:30:00-04:00,19.920000076293945,19.93000030517578,19.920000076293945,19.924999237060547,1811,0.0,0.0,0.0
2023-09-15 09:30:00-04:00,19.899999618530273,19.899999618530273,19.899999618530273,19.899999618530273,0,0.0,0.0,0.0
2023-09-15 10:30:00-04:00,19.8799991607666,19.8799991607666,19.875,19.875,673,0.0,0.0,0.0
2023-09-15 11:30:00-04:00,19.877599716186523,19.87820053100586,19.868799209594727,19.868799209594727,8161,0.0,0.0,0.0
2023-09-15 14:30:00-04:00,19.885000228881836,19.88990020751953,19.880399703979492,19.88990020751953,6547,0.0,0.0,0.0
2023-09-15 15:30:00-04:00,19.887800216674805,19.887800216674805,19.8700008392334,19.8799991607666,8128,0.0,0.0,0.0
2023-09-18 09:30:00-04:00,19.850000381469727,19.8700008392334,19.840099334716797,19.840099334716797,0,0.0,0.0,0.0
2023-09-18 10:30:00-04:00,19.860000610351562,19.8700008392334,19.854999542236328,19.854999542236328,932,0.0,0.0,0.0
2023-09-18 11:30:00-04:00,19.878400802612305,19.878400802612305,19.878400802612305,19.878400802612305,286,0.0,0.0,0.0
2023-09-18 13:30:00-04:00,19.888599395751953,19.888599395751953,19.888599395751953,19.888599395751953,875,0.0,0.0,0.0
2023-09-18 14:30:00-04:00,19.881399154663086,19.888500213623047,19.881399154663086,19.888500213623047,1478,0.0,0.0,0.0
2023-09-18 15:30:00-04:00,19.885000228881836,19.894399642944336,19.880199432373047,19.894399642944336,0,0.0,0.0,0.0
2023-09-19 09:30:00-04:00,19.866100311279297,19.866100311279297,19.866100311279297,19.866100311279297,3963,0.0,0.0,0.0
2023-09-19 10:30:00-04:00,19.860000610351562,19.860000610351562,19.84000015258789,19.84000015258789,1841,0.0,0.0,0.0
2023-09-19 13:30:00-04:00,19.850000381469727,19.850400924682617,19.850000381469727,19.850000381469727,3665,0.0,0.0,0.0
2023-09-19 14:30:00-04:00,19.814699172973633,19.814699172973633,19.809900283813477,19.809900283813477,1253,0.0,0.0,0.0
2023-09-19 15:30:00-04:00,19.800199508666992,19.809999465942383,19.800199508666992,19.80500030517578,2119,0.0,0.0,0.0
2023-09-20 09:30:00-04:00,19.8799991607666,19.8799991607666,19.8799991607666,19.8799991607666,1351,0.0,0.0,0.0
2023-09-20 10:30:00-04:00,19.868000030517578,19.868000030517578,19.868000030517578,19.868000030517578,549,0.0,0.0,0.0
2023-09-20 11:30:00-04:00,19.87420082092285,19.87420082092285,19.87420082092285,19.87420082092285,547,0.0,0.0,0.0
2023-09-20 13:30:00-04:00,19.88050079345703,19.88050079345703,19.850000381469727,19.850000381469727,5613,0.0,0.0,0.0
2023-09-20 14:30:00-04:00,19.860000610351562,19.864999771118164,19.81999969482422,19.81999969482422,2266,0.0,0.0,0.0
2023-09-20 15:30:00-04:00,19.834999084472656,19.834999084472656,19.795000076293945,19.795000076293945,0,0.0,0.0,0.0
2023-09-21 09:30:00-04:00,19.670000076293945,19.68000030517578,19.65999984741211,19.678300857543945,3374,0.0,0.0,0.0
2023-09-21 11:30:00-04:00,19.65999984741211,19.68000030517578,19.65999984741211,19.65999984741211,18261,0.0,0.0,0.0
2023-09-21 12:30:00-04:00,19.68000030517578,19.68000030517578,19.68000030517578,19.68000030517578,493,0.0,0.0,0.0
2023-09-21 13:30:00-04:00,19.67799949645996,19.68000030517578,19.674999237060547,19.676700592041016,3744,0.0,0.0,0.0
2023-09-21 14:30:00-04:00,19.68000030517578,19.68000030517578,19.665000915527344,19.6697998046875,14452,0.0,0.0,0.0
2023-09-21 15:30:00-04:00,19.66010093688965,19.660499572753906,19.65999984741211,19.660499572753906,5159,0.0,0.0,0.0
2023-09-22 09:30:00-04:00,19.710800170898438,19.710800170898438,19.710800170898438,19.710800170898438,0,0.0,0.0,0.0
2023-09-22 10:30:00-04:00,19.72010040283203,19.72010040283203,19.72010040283203,19.72010040283203,116,0.0,0.0,0.0
2023-09-22 13:30:00-04:00,19.74020004272461,19.74020004272461,19.739999771118164,19.739999771118164,2021,0.0,0.0,0.0
2023-09-22 14:30:00-04:00,19.729999542236328,19.729999542236328,19.725000381469727,19.727800369262695,2663,0.0,0.0,0.0
2023-09-22 15:30:00-04:00,19.729999542236328,19.739999771118164,19.719999313354492,19.735000610351562,1697,0.0,0.0,0.0
2023-09-25 09:30:00-04:00,19.6299991607666,19.6299991607666,19.6299991607666,19.6299991607666,0,0.0,0.0,0.0
2023-09-25 11:30:00-04:00,19.639999389648438,19.639999389648438,19.639999389648438,19.639999389648438,54392,0.0,0.0,0.0
2023-09-25 12:30:00-04:00,19.624399185180664,19.624399185180664,19.624399185180664,19.624399185180664,131,0.0,0.0,0.0
2023-09-25 13:30:00-04:00,19.625600814819336,19.627700805664062,19.605499267578125,19.605499267578125,5684,0.0,0.0,0.0
2023-09-25 14:30:00-04:00,19.610000610351562,19.610000610351562,19.607999801635742,19.607999801635742,2749,0.0,0.0,0.0
2023-09-25 15:30:00-04:00,19.598600387573242,19.598600387573242,19.59000015258789,19.59000015258789,1153,0.0,0.0,0.0
2023-09-26 09:30:00-04:00,19.639999389648438,19.639999389648438,19.639999389648438,19.639999389648438,0,0.0,0.0,0.0
2023-09-26 10:30:00-04:00,19.61370086669922,19.6299991607666,19.61370086669922,19.6299991607666,556,0.0,0.0,0.0
2023-09-26 12:30:00-04:00,19.59000015258789,19.600000381469727,19.59000015258789,19.595600128173828,3312,0.0,0.0,0.0
2023-09-26 13:30:00-04:00,19.610000610351562,19.610000610351562,19.589500427246094,19.589500427246094,1384062,0.0,0.0,0.0
2023-09-26 14:30:00-04:00,19.585399627685547,19.58810043334961,19.584999084472656,19.58810043334961,4271,0.0,0.0,0.0
2023-09-26 15:30:00-04:00,19.59000015258789,19.59000015258789,19.581499099731445,19.5851993560791,0,0.0,0.0,0.0
2023-09-27 09:30:00-04:00,19.6299991607666,19.6299991607666,19.600000381469727,19.600000381469727,444,0.0,0.0,0.0
2023-09-27 10:30:00-04:00,19.59000015258789,19.59000015258789,19.56999969482422,19.584999084472656,1111,0.0,0.0,0.0
2023-09-27 11:30:00-04:00,19.579999923706055,19.579999923706055,19.540000915527344,19.540000915527344,11803,0.0,0.0,0.0
2023-09-27 12:30:00-04:00,19.540000915527344,19.540000915527344,19.489999771118164,19.489999771118164,672,0.0,0.0,0.0
2023-09-27 13:30:00-04:00,19.485000610351562,19.485000610351562,19.469999313354492,19.469999313354492,1172,0.0,0.0,0.0
2023-09-27 14:30:00-04:00,19.489999771118164,19.5049991607666,19.475000381469727,19.5049991607666,18583,0.0,0.0,0.0
2023-09-27 15:30:00-04:00,19.49489974975586,19.5049991607666,19.49489974975586,19.5049991607666,2276,0.0,0.0,0.0
2023-09-28 09:30:00-04:00,19.469999313354492,19.469999313354492,19.429899215698242,19.450000762939453,0,0.0,0.0,0.0
2023-09-28 10:30:00-04:00,19.450000762939453,19.459999084472656,19.450000762939453,19.450000762939453,8315,0.0,0.0,0.0
2023-09-28 11:30:00-04:00,19.5049991607666,19.5049991607666,19.5049991607666,19.5049991607666,153,0.0,0.0,0.0
2023-09-28 12:30:00-04:00,19.5,19.520000457763672,19.4950008392334,19.5,7517,0.0,0.0,0.0
2023-09-28 13:30:00-04:00,19.5,19.5049991607666,19.485000610351562,19.5049991607666,1457,0.0,0.0,0.0
2023-09-28 14:30:00-04:00,19.511600494384766,19.549999237060547,19.511600494384766,19.549999237060547,2227,0.0,0.0,0.0
2023-09-28 15:30:00-04:00,19.549999237060547,19.559999465942383,19.545000076293945,19.55500030517578,0,0.0,0.0,0.0
2023-09-29 09:30:00-04:00,19.649999618530273,19.649999618530273,19.6294002532959,19.6294002532959,10247,0.0,0.0,0.0
2023-09-29 10:30:00-04:00,19.635900497436523,19.635900497436523,19.600000381469727,19.600000381469727,10333,0.0,0.0,0.0
2023-09-29 11:30:00-04:00,19.59000015258789,19.59000015258789,19.584999084472656,19.584999084472656,774,0.0,0.0,0.0
2023-09-29 12:30:00-04:00,19.579999923706055,19.579999923706055,19.56999969482422,19.57979965209961,2909,0.0,0.0,0.0
2023-09-29 13:30:00-04:00,19.58989906311035,19.58989906311035,19.575000762939453,19.575000762939453,3740,0.0,0.0,0.0
2023-09-29 14:30:00-04:00,19.575000762939453,19.575000762939453,19.5487003326416,19.5487003326416,7415,0.0,0.0,0.0
2023-09-29 15:30:00-04:00,19.549999237060547,19.577999114990234,19.549999237060547,19.56999969482422,8121,0.0,0.0,0.0
2023-10-02 09:30:00-04:00,19.440000534057617,19.440000534057617,19.43000030517578,19.43000030517578,0,0.0,0.0,0.0
2023-10-02 10:30:00-04:00,19.395000457763672,19.395000457763672,19.395000457763672,19.395000457763672,268,0.0,0.0,0.0
2023-10-02 11:30:00-04:00,19.376399993896484,19.376399993896484,19.350000381469727,19.360000610351562,2241,0.0,0.0,0.0
2023-10-02 15:30:00-04:00,19.372100830078125,19.37420082092285,19.3700008392334,19.374000549316406,5264,0.0,0.0,0.0
2023-10-03 09:30:00-04:00,19.350000381469727,19.363100051879883,19.295000076293945,19.299999237060547,272535,0.0,0.0,0.0
2023-10-03 10:30:00-04:00,19.309200286865234,19.309999465942383,19.263099670410156,19.263099670410156,5201,0.0,0.0,0.0
2023-10-03 11:30:00-04:00,19.250600814819336,19.2549991607666,19.24139976501465,19.24139976501465,1750,0.0,0.0,0.0
2023-10-03 12:30:00-04:00,19.2450008392334,19.256500244140625,19.2450008392334,19.256500244140625,4222,0.0,0.0,0.0
2023-10-03 13:30:00-04:00,19.25,19.25,19.22410011291504,19.22410011291504,4307,0.0,0.0,0.0
2023-10-03 14:30:00-04:00,19.231199264526367,19.23349952697754,19.215200424194336,19.215200424194336,4964,0.0,0.0,0.0
2023-10-03 15:30:00-04:00,19.21579933166504,19.229999542236328,19.210100173950195,19.229999542236328,0,0.0,0.0,0.0
2023-10-04 09:30:00-04:00,19.290000915527344,19.299999237060547,19.25279998779297,19.260000228881836,1625,0.0,0.0,0.0
2023-10-04 10:30:00-04:00,19.299999237060547,19.318599700927734,19.299999237060547,19.318599700927734,1498,0.0,0.0,0.0
2023-10-04 11:30:00-04:00,19.320199966430664,19.320199966430664,19.309999465942383,19.319499969482422,1308,0.0,0.0,0.0
2023-10-04 12:30:00-04:00,19.31839942932129,19.31999969482422,19.31839942932129,19.31999969482422,365,0.0,0.0,0.0
2023-10-04 13:30:00-04:00,19.315000534057617,19.319700241088867,19.315000534057617,19.315000534057617,2388,0.0,0.0,0.0
2023-10-04 14:30:00-04:00,19.309999465942383,19.350000381469727,19.309999465942383,19.34000015258789,1657,0.0,0.0,0.0
2023-10-04 15:30:00-04:00,19.34670066833496,19.350000381469727,19.34000015258789,19.344999313354492,392,0.0,0.0,0.0
2023-10-05 09:30:00-04:00,19.389999389648438,19.389999389648438,19.355899810791016,19.365999221801758,0,0.0,0.0,0.0
2023-10-05 10:30:00-04:00,19.356000900268555,19.356000900268555,19.35569953918457,19.35569953918457,3186,0.0,0.0,0.0
2023-10-05 11:30:00-04:00,19.37980079650879,19.37980079650879,19.37980079650879,19.37980079650879,630,0.0,0.0,0.0
2023-10-05 12:30:00-04:00,19.375,19.3799991607666,19.375,19.3799991607666,8069,0.0,0.0,0.0
2023-10-05 13:30:00-04:00,19.3700008392334,19.375,19.3700008392334,19.375,103664,0.0,0.0,0.0
2023-10-05 14:30:00-04:00,19.370100021362305,19.378700256347656,19.370100021362305,19.378700256347656,891,0.0,0.0,0.0
2023-10-05 15:30:00-04:00,19.3700008392334,19.37350082397461,19.3700008392334,19.3700008392334,1728,0.0,0.0,0.0
2023-10-06 09:30:00-04:00,19.219999313354492,19.231700897216797,19.209999084472656,19.228099822998047,0,0.0,0.0,0.0
2023-10-06 10:30:00-04:00,19.251300811767578,19.303300857543945,19.238300323486328,19.303300857543945,36460,0.0,0.0,0.0
2023-10-06 11:30:00-04:00,19.299999237060547,19.309999465942383,19.280099868774414,19.280099868774414,2418,0.0,0.0,0.0
2023-10-06 12:30:00-04:00,19.28499984741211,19.28499984741211,19.274999618530273,19.28499984741211,68900,0.0,0.0,0.0
2023-10-06 13:30:00-04:00,19.280000686645508,19.289899826049805,19.280000686645508,19.280000686645508,19600,0.0,0.0,0.0
2023-10-06 14:30:00-04:00,19.290000915527344,19.298099517822266,19.281099319458008,19.298099517822266,11193,0.0,0.0,0.0
2023-10-06 15:30:00-04:00,19.28499984741211,19.28499984741211,19.270000457763672,19.270000457763672,74337,0.0,0.0,0.0
2023-10-09 09:30:00-04:00,19.3799991607666,19.459999084472656,19.3799991607666,19.44499969482422,0,0.0,0.0,0.0
2023-10-09 10:30:00-04:00,19.440000534057617,19.450000762939453,19.43000030517578,19.450000762939453,5642,0.0,0.0,0.0
2023-10-09 11:30:00-04:00,19.449899673461914,19.449899673461914,19.449899673461914,19.449899673461914,279,0.0,0.0,0.0
2023-10-09 13:30:00-04:00,19.450000762939453,19.450000762939453,19.450000762939453,19.450000762939453,808,0.0,0.0,0.0
2023-10-09 14:30:00-04:00,19.510000228881836,19.510000228881836,19.510000228881836,19.510000228881836,540,0.0,0.0,0.0
2023-10-09 15:30:00-04:00,19.5,19.523399353027344,19.5,19.5,0,0.0,0.0,0.0
2023-10-10 09:30:00-04:00,19.40920066833496,19.40999984741211,19.40920066833496,19.40999984741211,731,0.0,0.0,0.0
2023-10-10 10:30:00-04:00,19.459999084472656,19.475000381469727,19.454999923706055,19.475000381469727,32733,0.0,0.0,0.0
2023-10-10 11:30:00-04:00,19.489999771118164,19.5049991607666,19.489999771118164,19.5,1350,0.0,0.0,0.0
2023-10-10 12:30:00-04:00,19.5,19.514999389648438,19.489999771118164,19.489999771118164,2714,0.0,0.0,0.0
2023-10-10 13:30:00-04:00,19.479999542236328,19.479999542236328,19.464099884033203,19.464099884033203,2887,0.0,0.0,0.0
2023-10-10 14:30:00-04:00,19.476999282836914,19.48819923400879,19.451400756835938,19.451400756835938,2092,0.0,0.0,0.0
2023-10-10 15:30:00-04:00,19.469999313354492,19.469999313354492,19.46500015258789,19.46500015258789,7920,0.0,0.0,0.0
2023-10-11 09:30:00-04:00,19.549999237060547,19.549999237060547,19.520000457763672,19.520000457763672,0,0.0,0.0,0.0
2023-10-11 10:30:00-04:00,19.539600372314453,19.54990005493164,19.530000686645508,19.540000915527344,3025,0.0,0.0,0.0
2023-10-11 11:30:00-04:00,19.559999465942383,19.559999465942383,19.559999465942383,19.559999465942383,317,0.0,0.0,0.0
2023-10-11 12:30:00-04:00,19.549100875854492,19.549100875854492,19.510000228881836,19.510000228881836,1840,0.0,0.0,0.0
2023-10-11 13:30:00-04:00,19.507699966430664,19.51059913635254,19.507699966430664,19.510000228881836,1296,0.0,0.0,0.0
2023-10-11 14:30:00-04:00,19.528499603271484,19.55299949645996,19.528499603271484,19.55299949645996,2381,0.0,0.0,0.0
2023-10-11 15:30:00-04:00,19.55500030517578,19.559999465942383,19.55500030517578,19.559999465942383,0,0.0,0.0,0.0
2023-10-12 09:30:00-04:00,19.510000228881836,19.510000228881836,19.469999313354492,19.475000381469727,2467,0.0,0.0,0.0
2023-10-12 10:30:00-04:00,19.46500015258789,19.469900131225586,19.454200744628906,19.454200744628906,2177,0.0,0.0,0.0
2023-10-12 11:30:00-04:00,19.44499969482422,19.450000762939453,19.44499969482422,19.450000762939453,1016,0.0,0.0,0.0
2023-10-12 12:30:00-04:00,19.444599151611328,19.444599151611328,19.399999618530273,19.399999618530273,483,0.0,0.0,0.0
2023-10-12 13:30:00-04:00,19.38599967956543,19.389999389648438,19.38599967956543,19.389699935913086,2745,0.0,0.0,0.0
2023-10-12 14:30:00-04:00,19.382299423217773,19.399999618530273,19.3799991607666,19.399999618530273,48821,0.0,0.0,0.0
2023-10-12 15:30:00-04:00,19.399999618530273,19.399999618530273,19.385000228881836,19.389999389648438,0,0.0,0.0,0.0
2023-10-13 09:30:00-04:00,19.510000228881836,19.510000228881836,19.5,19.507299423217773,1651,0.0,0.0,0.0
2023-10-13 10:30:00-04:00,19.499900817871094,19.499900817871094,19.475000381469727,19.489999771118164,1605,0.0,0.0,0.0
2023-10-13 11:30:00-04:00,19.489999771118164,19.5049991607666,19.479999542236328,19.5,2688,0.0,0.0,0.0
2023-10-13 12:30:00-04:00,19.489999771118164,19.489999771118164,19.479700088500977,19.479700088500977,1459,0.0,0.0,0.0
2023-10-13 13:30:00-04:00,19.479999542236328,19.5,19.479999542236328,19.489999771118164,8632,0.0,0.0,0.0
2023-10-13 14:30:00-04:00,19.489999771118164,19.49839973449707,19.489999771118164,19.49839973449707,4060,0.0,0.0,0.0
2023-10-13 15:30:00-04:00,19.499900817871094,19.5,19.499900817871094,19.5,1009,0.0,0.0,0.0
2023-10-16 09:30:00-04:00,19.399999618530273,19.399999618530273,19.3799991607666,19.388200759887695,0,0.0,0.0,0.0
2023-10-16 10:30:00-04:00,19.40839958190918,19.40839958190918,19.40839958190918,19.40839958190918,291,0.0,0.0,0.0
2023-10-16 11:30:00-04:00,19.399999618530273,19.405000686645508,19.389999389648438,19.389999389648438,2412,0.0,0.0,0.0
2023-10-16 12:30:00-04:00,19.375,19.388700485229492,19.375,19.388700485229492,3116,0.0,0.0,0.0
2023-10-16 13:30:00-04:00,19.39739990234375,19.39739990234375,19.3799991607666,19.389999389648438,16761,0.0,0.0,0.0
2023-10-16 14:30:00-04:00,19.385000228881836,19.38990020751953,19.3799991607666,19.385000228881836,9871,0.0,0.0,0.0
2023-10-16 15:30:00-04:00,19.390600204467773,19.399999618530273,19.385000228881836,19.399999618530273,2948,0.0,0.0,0.0
2023-10-17 09:30:00-04:00,19.239999771118164,19.239999771118164,19.190000534057617,19.220199584960938,0,0.0,0.0,0.0
2023-10-17 10:30:00-04:00,19.219999313354492,19.235000610351562,19.219999313354492,19.229999542236328,4362,0.0,0.0,0.0
2023-10-17 11:30:00-04:00,19.239999771118164,19.244400024414062,19.229999542236328,19.239999771118164,1446,0.0,0.0,0.0
2023-10-17 12:30:00-04:00,19.225000381469727,19.225000381469727,19.219999313354492,19.22010040283203,606,0.0,0.0,0.0
2023-10-17 13:30:00-04:00,19.200000762939453,19.207799911499023,19.174999237060547,19.17959976196289,11015,0.0,0.0,0.0
2023-10-17 14:30:00-04:00,19.18000030517578,19.204999923706055,19.18000030517578,19.200000762939453,962,0.0,0.0,0.0
2023-10-17 15:30:00-04:00,19.209999084472656,19.209999084472656,19.190000534057617,19.190000534057617,0,0.0,0.0,0.0
2023-10-18 09:30:00-04:00,19.15999984741211,19.179899215698242,19.149999618530273,19.149999618530273,3854,0.0,0.0,0.0
2023-10-18 10:30:00-04:00,19.149900436401367,19.149900436401367,19.100000381469727,19.100000381469727,262,0.0,0.0,0.0
2023-10-18 11:30:00-04:00,19.11440086364746,19.11440086364746,19.094999313354492,19.094999313354492,5320,0.0,0.0,0.0
2023-10-18 12:30:00-04:00,19.100000381469727,19.100000381469727,19.100000381469727,19.100000381469727,135,0.0,0.0,0.0
2023-10-18 14:30:00-04:00,19.13800048828125,19.13800048828125,19.114999771118164,19.114999771118164,4328,0.0,0.0,0.0
2023-10-18 15:30:00-04:00,19.1200008392334,19.1200008392334,19.1200008392334,19.1200008392334,0,0.0,0.0,0.0
2023-10-19 09:30:00-04:00,19.06999969482422,19.079999923706055,19.06999969482422,19.06999969482422,5472,0.0,0.0,0.0
2023-10-19 10:30:00-04:00,19.06999969482422,19.078500747680664,19.059999465942383,19.065000534057617,2188,0.0,0.0,0.0
2023-10-19 11:30:00-04:00,19.084999084472656,19.139999389648438,19.06999969482422,19.09000015258789,0,0.0,0.0,0.0
2023-10-19 12:30:00-04:00,19.06999969482422,19.07830047607422,19.020000457763672,19.059999465942383,0,0.0,0.0,0.0
2023-10-19 13:30:00-04:00,19.06999969482422,19.06999969482422,19.03499984741211,19.040000915527344,50066,0.0,0.0,0.0
2023-10-19 14:30:00-04:00,19.028400421142578,19.039899826049805,19.02630043029785,19.030000686645508,15257,0.0,0.0,0.0
2023-10-19 15:30:00-04:00,19.040000915527344,19.045000076293945,19.030099868774414,19.040000915527344,8423,0.0,0.0,0.0
2023-10-20 09:30:00-04:00,19.100000381469727,19.149999618530273,19.100000381469727,19.118999481201172,0,0.0,0.0,0.0
2023-10-20 10:30:00-04:00,19.1299991607666,19.155799865722656,19.1299991607666,19.155799865722656,3629,0.0,0.0,0.0
2023-10-20 11:30:00-04:00,19.15999984741211,19.15999984741211,19.139999389648438,19.149999618530273,65828,0.0,0.0,0.0
2023-10-20 12:30:00-04:00,19.149999618530273,19.149999618530273,19.139999389648438,19.139999389648438,639,0.0,0.0,0.0
2023-10-20 13:30:00-04:00,19.139999389648438,19.139999389648438,19.127500534057617,19.13629913330078,969,0.0,0.0,0.0
2023-10-20 14:30:00-04:00,19.125,19.148000717163086,19.1200008392334,19.135000228881836,6039,0.0,0.0,0.0
2023-10-20 15:30:00-04:00,19.138399124145508,19.138399124145508,19.138399124145508,19.138399124145508,154,0.0,0.0,0.0
2023-10-23 09:30:00-04:00,19.09000015258789,19.149999618530273,19.059999465942383,19.149999618530273,4892,0.0,0.0,0.0
2023-10-23 10:30:00-04:00,19.170000076293945,19.19930076599121,19.15999984741211,19.19930076599121,13416,0.0,0.0,0.0
2023-10-23 11:30:00-04:00,19.204999923706055,19.209999084472656,19.190000534057617,19.190000534057617,2346,0.0,0.0,0.0
2023-10-23 12:30:00-04:00,19.229999542236328,19.229999542236328,19.229900360107422,19.229999542236328,2224,0.0,0.0,0.0
2023-10-23 13:30:00-04:00,19.2450008392334,19.2450008392334,19.239999771118164,19.239999771118164,708,0.0,0.0,0.0
2023-10-23 14:30:00-04:00,19.2450008392334,19.256200790405273,19.235000610351562,19.235000610351562,5215,0.0,0.0,0.0
2023-10-23 15:30:00-04:00,19.229999542236328,19.229999542236328,19.225000381469727,19.225000381469727,0,0.0,0.0,0.0
2023-10-24 09:30:00-04:00,19.219999313354492,19.229999542236328,19.18000030517578,19.218599319458008,6183,0.0,0.0,0.0
2023-10-24 10:30:00-04:00,19.21500015258789,19.21500015258789,19.190000534057617,19.197999954223633,1580,0.0,0.0,0.0
2023-10-24 11:30:00-04:00,19.204999923706055,19.249900817871094,19.204999923706055,19.243999481201172,4538,0.0,0.0,0.0
2023-10-24 12:30:00-04:00,19.2450008392334,19.2450008392334,19.239999771118164,19.239999771118164,750,0.0,0.0,0.0
2023-10-24 13:30:00-04:00,19.25,19.25,19.220600128173828,19.235000610351562,16071,0.0,0.0,0.0
2023-10-24 14:30:00-04:00,19.239700317382812,19.24799919128418,19.22130012512207,19.24799919128418,7787,0.0,0.0,0.0
2023-10-24 15:30:00-04:00,19.25,19.270000457763672,19.25,19.264699935913086,2527,0.0,0.0,0.0
2023-10-25 09:30:00-04:00,19.18000030517578,19.18000030517578,19.1299991607666,19.13010025024414,0,0.0,0.0,0.0
2023-10-25 10:30:00-04:00,19.149999618530273,19.149999618530273,19.149999618530273,19.149999618530273,1943,0.0,0.0,0.0
2023-10-25 11:30:00-04:00,19.136499404907227,19.139999389648438,19.1299991607666,19.139999389648438,1579,0.0,0.0,0.0
2023-10-25 12:30:00-04:00,19.139999389648438,19.139999389648438,19.09000015258789,19.09000015258789,9378,0.0,0.0,0.0
2023-10-25 13:30:00-04:00,19.079999923706055,19.095500946044922,19.079999923706055,19.09040069580078,15329,0.0,0.0,0.0
2023-10-25 14:30:00-04:00,19.090299606323242,19.100000381469727,19.09000015258789,19.09760093688965,20650,0.0,0.0,0.0
2023-10-25 15:30:00-04:00,19.097299575805664,19.104999542236328,19.09000015258789,19.104999542236328,13083,0.0,0.0,0.0
2023-10-26 09:30:00-04:00,19.1299991607666,19.156299591064453,19.1299991607666,19.139999389648438,4208,0.0,0.0,0.0
2023-10-26 10:30:00-04:00,19.155000686645508,19.15999984741211,19.155000686645508,19.15999984741211,1893,0.0,0.0,0.0
2023-10-26 11:30:00-04:00,19.190799713134766,19.190799713134766,19.18000030517578,19.18000030517578,380,0.0,0.0,0.0
2023-10-26 12:30:00-04:00,19.18000030517578,19.229999542236328,19.169200897216797,19.229999542236328,7961,0.0,0.0,0.0
2023-10-26 13:30:00-04:00,19.23940086364746,19.239999771118164,19.232900619506836,19.239999771118164,10013,0.0,0.0,0.0
2023-10-26 14:30:00-04:00,19.236499786376953,19.246299743652344,19.224599838256836,19.22800064086914,6925,0.0,0.0,0.0
2023-10-26 15:30:00-04:00,19.229999542236328,19.25,19.221799850463867,19.2450008392334,0,0.0,0.0,0.0
2023-10-27 09:30:00-04:00,19.2450008392334,19.2549991607666,19.229999542236328,19.239999771118164,2797,0.0,0.0,0.0
2023-10-27 10:30:00-04:00,19.235000610351562,19.239999771118164,19.223400115966797,19.229999542236328,2934,0.0,0.0,0.0
2023-10-27 11:30:00-04:00,19.229999542236328,19.239999771118164,19.219999313354492,19.219999313354492,2241,0.0,0.0,0.0
2023-10-27 12:30:00-04:00,19.218399047851562,19.225000381469727,19.203699111938477,19.225000381469727,4165,0.0,0.0,0.0
2023-10-27 13:30:00-04:00,19.241199493408203,19.260000228881836,19.241199493408203,19.2450008392334,3841,0.0,0.0,0.0
2023-10-27 14:30:00-04:00,19.2450008392334,19.260000228881836,19.2450008392334,19.260000228881836,6890,0.0,0.0,0.0
2023-10-27 15:30:00-04:00,19.270000457763672,19.280000686645508,19.26740074157715,19.280000686645508,3653,0.0,0.0,0.0
2023-10-30 09:30:00-04:00,19.180099487304688,19.219999313354492,19.18000030517578,19.18000030517578,0,0.0,0.0,0.0
2023-10-30 10:30:00-04:00,19.17840003967285,19.188499450683594,19.17840003967285,19.188499450683594,1184,0.0,0.0,0.0
2023-10-30 11:30:00-04:00,19.190000534057617,19.204999923706055,19.170000076293945,19.170000076293945,3349,0.0,0.0,0.0
2023-10-30 12:30:00-04:00,19.18000030517578,19.18000030517578,19.178800582885742,19.178800582885742,1138,0.0,0.0,0.0
2023-10-30 13:30:00-04:00,19.188600540161133,19.198999404907227,19.186599731445312,19.198999404907227,2412,0.0,0.0,0.0
2023-10-30 14:30:00-04:00,19.209999084472656,19.225000381469727,19.20989990234375,19.225000381469727,1751,0.0,0.0,0.0
2023-10-30 15:30:00-04:00,19.216299057006836,19.216299057006836,19.209999084472656,19.209999084472656,0,0.0,0.0,0.0
2023-10-31 09:30:00-04:00,19.209999084472656,19.229999542236328,19.209999084472656,19.21500015258789,2056,0.0,0.0,0.0
2023-10-31 10:30:00-04:00,19.239999771118164,19.249900817871094,19.239999771118164,19.249900817871094,1501,0.0,0.0,0.0
2023-10-31 11:30:00-04:00,19.247800827026367,19.247800827026367,19.241199493408203,19.241199493408203,573,0.0,0.0,0.0
2023-10-31 12:30:00-04:00,19.228300094604492,19.229999542236328,19.228200912475586,19.229900360107422,9867,0.0,0.0,0.0
2023-10-31 13:30:00-04:00,19.219999313354492,19.239200592041016,19.219999313354492,19.219999313354492,0,0.0,0.0,0.0
2023-10-31 14:30:00-04:00,19.209999084472656,19.219900131225586,19.209999084472656,19.219900131225586,16242,0.0,0.0,0.0
2023-10-31 15:30:00-04:00,19.203699111938477,19.203699111938477,19.18000030517578,19.18000030517578,0,0.0,0.0,0.0
2023-11-01 09:30:00-04:00,19.170000076293945,19.239999771118164,19.170000076293945,19.239999771118164,4515,0.0,0.0,0.0
2023-11-01 10:30:00-04:00,19.264999389648438,19.264999389648438,19.2549991607666,19.25860023498535,3641,0.0,0.0,0.0
2023-11-01 11:30:00-04:00,19.248899459838867,19.248899459838867,19.248899459838867,19.248899459838867,2077,0.0,0.0,0.0
2023-11-01 12:30:00-04:00,19.239999771118164,19.239999771118164,19.239999771118164,19.239999771118164,373,0.0,0.0,0.0
2023-11-01 13:30:00-04:00,19.2450008392334,19.270000457763672,19.243499755859375,19.260000228881836,14550,0.0,0.0,0.0
2023-11-01 14:30:00-04:00,19.2549991607666,19.31049919128418,19.239999771118164,19.31049919128418,8671,0.0,0.0,0.0
2023-11-01 15:30:00-04:00,19.338199615478516,19.338199615478516,19.31999969482422,19.31999969482422,0,0.0,0.0,0.0
2023-11-02 09:30:00-04:00,19.479999542236328,19.479999542236328,19.478300094604492,19.478300094604492,999,0.0,0.0,0.0
2023-11-02 10:30:00-04:00,19.499399185180664,19.499399185180664,19.456100463867188,19.456100463867188,4097,0.0,0.0,0.0
2023-11-02 11:30:00-04:00,19.448299407958984,19.448299407958984,19.440000534057617,19.440000534057617,460,0.0,0.0,0.0
2023-11-02 12:30:00-04:00,19.40850067138672,19.42690086364746,19.40850067138672,19.420000076293945,5539,0.0,0.0,0.0
2023-11-02 13:30:00-04:00,19.427099227905273,19.44499969482422,19.427099227905273,19.440000534057617,1646,0.0,0.0,0.0
2023-11-02 14:30:00-04:00,19.440000534057617,19.440000534057617,19.43829917907715,19.43829917907715,904885,0.0,0.0,0.0
2023-11-02 15:30:00-04:00,19.438499450683594,19.440000534057617,19.434999465942383,19.440000534057617,0,0.0,0.0,0.0
2023-11-03 09:30:00-04:00,19.68000030517578,19.68000030517578,19.609800338745117,19.609800338745117,7434,0.0,0.0,0.0
2023-11-03 10:30:00-04:00,19.625,19.648799896240234,19.607900619506836,19.648799896240234,12866,0.0,0.0,0.0
2023-11-03 11:30:00-04:00,19.635000228881836,19.636199951171875,19.614999771118164,19.614999771118164,2309,0.0,0.0,0.0
2023-11-03 12:30:00-04:00,19.635000228881836,19.65999984741211,19.635000228881836,19.655000686645508,2546,0.0,0.0,0.0
2023-11-03 13:30:00-04:00,19.61009979248047,19.61989974975586,19.610000610351562,19.611499786376953,4480,0.0,0.0,0.0
2023-11-03 14:30:00-04:00,19.61989974975586,19.61989974975586,19.604999542236328,19.610000610351562,9863,0.0,0.0,0.0
2023-11-03 15:30:00-04:00,19.608600616455078,19.608600616455078,19.594999313354492,19.594999313354492,454,0.0,0.0,0.0
2023-11-06 09:30:00-05:00,19.520000457763672,19.520000457763672,19.488500595092773,19.48859977722168,4714,0.0,0.0,0.0
2023-11-06 10:30:00-05:00,19.48859977722168,19.510000228881836,19.48859977722168,19.509899139404297,27827,0.0,0.0,0.0
2023-11-06 11:30:00-05:00,19.489200592041016,19.506799697875977,19.489200592041016,19.490100860595703,3775,0.0,0.0,0.0
2023-11-06 12:30:00-05:00,19.4950008392334,19.5,19.485000610351562,19.485000610351562,2815,0.0,0.0,0.0
2023-11-06 13:30:00-05:00,19.485200881958008,19.485200881958008,19.459999084472656,19.459999084472656,3552,0.0,0.0,0.0
2023-11-06 14:30:00-05:00,19.469999313354492,19.469999313354492,19.457399368286133,19.469999313354492,2635,0.0,0.0,0.0
2023-11-06 15:30:00-05:00,19.479900360107422,19.485000610351562,19.469999313354492,19.485000610351562,0,0.0,0.0,0.0
2023-11-07 09:30:00-05:00,19.540000915527344,19.545299530029297,19.536300659179688,19.540000915527344,5072,0.0,0.0,0.0
2023-11-07 10:30:00-05:00,19.549999237060547,19.565000534057617,19.549999237060547,19.565000534057617,1340,0.0,0.0,0.0
2023-11-07 11:30:00-05:00,19.559999465942383,19.569799423217773,19.559999465942383,19.559999465942383,4023,0.0,0.0,0.0
2023-11-07 12:30:00-05:00,19.549999237060547,19.584999084472656,19.54010009765625,19.584999084472656,4392,0.0,0.0,0.0
2023-11-07 13:30:00-05:00,19.610000610351562,19.610000610351562,19.600000381469727,19.604999542236328,2906,0.0,0.0,0.0
2023-11-07 14:30:00-05:00,19.604799270629883,19.604799270629883,19.56999969482422,19.579999923706055,5553,0.0,0.0,0.0
2023-11-07 15:30:00-05:00,19.58009910583496,19.584999084472656,19.579999923706055,19.579999923706055,13011,0.0,0.0,0.0
2023-11-08 09:30:00-05:00,19.59000015258789,19.610000610351562,19.584999084472656,19.598100662231445,0,0.0,0.0,0.0
2023-11-08 10:30:00-05:00,19.594999313354492,19.649999618530273,19.594999313354492,19.645000457763672,3926,0.0,0.0,0.0
2023-11-08 11:30:00-05:00,19.635000228881836,19.649999618530273,19.635000228881836,19.635000228881836,3010,0.0,0.0,0.0
2023-11-08 12:30:00-05:00,19.635000228881836,19.655000686645508,19.6299991607666,19.645000457763672,2729,0.0,0.0,0.0
2023-11-08 13:30:00-05:00,19.655000686645508,19.665000915527344,19.649999618530273,19.649999618530273,3595,0.0,0.0,0.0
2023-11-08 14:30:00-05:00,19.645000457763672,19.655000686645508,19.632999420166016,19.655000686645508,11797,0.0,0.0,0.0
2023-11-08 15:30:00-05:00,19.645000457763672,19.658000946044922,19.639999389648438,19.64539909362793,0,0.0,0.0,0.0
2023-11-09 09:30:00-05:00,19.600000381469727,19.606599807739258,19.579999923706055,19.59000015258789,2425,0.0,0.0,0.0
2023-11-09 10:30:00-05:00,19.56999969482422,19.59000015258789,19.56999969482422,19.59000015258789,3039,0.0,0.0,0.0
2023-11-09 11:30:00-05:00,19.578899383544922,19.598400115966797,19.578899383544922,19.579999923706055,9428,0.0,0.0,0.0
2023-11-09 12:30:00-05:00,19.56999969482422,19.575000762939453,19.5049991607666,19.520000457763672,4015,0.0,0.0,0.0
2023-11-09 13:30:00-05:00,19.539899826049805,19.539899826049805,19.479799270629883,19.489999771118164,4174,0.0,0.0,0.0
2023-11-09 14:30:00-05:00,19.479000091552734,19.489999771118164,19.479000091552734,19.489999771118164,230424,0.0,0.0,0.0
2023-11-09 15:30:00-05:00,19.459999084472656,19.46500015258789,19.459999084472656,19.46500015258789,0,0.0,0.0,0.0
2023-11-10 09:30:00-05:00,19.549999237060547,19.549999237060547,19.517900466918945,19.517900466918945,2389,0.0,0.0,0.0
2023-11-10 10:30:00-05:00,19.520000457763672,19.530000686645508,19.51849937438965,19.519800186157227,9028,0.0,0.0,0.0
2023-11-10 11:30:00-05:00,19.510000228881836,19.510000228881836,19.469999313354492,19.469999313354492,9306,0.0,0.0,0.0
2023-11-10 12:30:00-05:00,19.469999313354492,19.469999313354492,19.459999084472656,19.459999084472656,4438,0.0,0.0,0.0
2023-11-10 13:30:00-05:00,19.468700408935547,19.47100067138672,19.468700408935547,19.47100067138672,889,0.0,0.0,0.0
2023-11-10 14:30:00-05:00,19.479999542236328,19.489999771118164,19.462200164794922,19.478900909423828,10610,0.0,0.0,0.0
2023-11-10 15:30:00-05:00,19.485000610351562,19.488000869750977,19.479999542236328,19.484399795532227,5103,0.0,0.0,0.0
2023-11-13 09:30:00-05:00,19.420000076293945,19.420000076293945,19.389999389648438,19.395000457763672,0,0.0,0.0,0.0
2023-11-13 10:30:00-05:00,19.420000076293945,19.44499969482422,19.415000915527344,19.44499969482422,4752,0.0,0.0,0.0
2023-11-13 11:30:00-05:00,19.454999923706055,19.454999923706055,19.454999923706055,19.454999923706055,245,0.0,0.0,0.0
2023-11-13 12:30:00-05:00,19.450000762939453,19.454999923706055,19.44499969482422,19.45039939880371,1958,0.0,0.0,0.0
2023-11-13 13:30:00-05:00,19.469999313354492,19.47089958190918,19.469999313354492,19.47089958190918,341,0.0,0.0,0.0
2023-11-13 14:30:00-05:00,19.469999313354492,19.469999313354492,19.4596004486084,19.4596004486084,2058,0.0,0.0,0.0
2023-11-13 15:30:00-05:00,19.469999313354492,19.475000381469727,19.46500015258789,19.465299606323242,0,0.0,0.0,0.0
2023-11-14 09:30:00-05:00,19.764999389648438,19.764999389648438,19.739999771118164,19.739999771118164,3666,0.0,0.0,0.0
2023-11-14 10:30:00-05:00,19.738500595092773,19.738500595092773,19.729900360107422,19.735000610351562,2412,0.0,0.0,0.0
2023-11-14 11:30:00-05:00,19.748199462890625,19.749900817871094,19.739999771118164,19.739999771118164,6482,0.0,0.0,0.0
2023-11-14 12:30:00-05:00,19.739900588989258,19.739900588989258,19.729999542236328,19.729999542236328,2937,0.0,0.0,0.0
2023-11-14 13:30:00-05:00,19.74970054626465,19.750099182128906,19.735000610351562,19.749799728393555,2164,0.0,0.0,0.0
2023-11-14 14:30:00-05:00,19.740400314331055,19.769899368286133,19.740400314331055,19.769899368286133,2828,0.0,0.0,0.0
2023-11-14 15:30:00-05:00,19.774999618530273,19.774999618530273,19.764999389648438,19.770000457763672,0,0.0,0.0,0.0
2023-11-15 09:30:00-05:00,19.68000030517578,19.68000030517578,19.619800567626953,19.63990020751953,10730,0.0,0.0,0.0
2023-11-15 10:30:00-05:00,19.634000778198242,19.648000717163086,19.634000778198242,19.63789939880371,3050,0.0,0.0,0.0
2023-11-15 11:30:00-05:00,19.628799438476562,19.6299991607666,19.607999801635742,19.625,2996,0.0,0.0,0.0
2023-11-15 12:30:00-05:00,19.6299991607666,19.6299991607666,19.625,19.625600814819336,6018,0.0,0.0,0.0
2023-11-15 13:30:00-05:00,19.60689926147461,19.610000610351562,19.60689926147461,19.610000610351562,3109,0.0,0.0,0.0
2023-11-15 14:30:00-05:00,19.61989974975586,19.639999389648438,19.61989974975586,19.635000228881836,7292,0.0,0.0,0.0
2023-11-15 15:30:00-05:00,19.639999389648438,19.639999389648438,19.610000610351562,19.610000610351562,6618,0.0,0.0,0.0
2023-11-16 09:30:00-05:00,19.739999771118164,19.795000076293945,19.739999771118164,19.789899826049805,0,0.0,0.0,0.0
2023-11-16 10:30:00-05:00,19.78820037841797,19.78820037841797,19.759000778198242,19.759000778198242,4351,0.0,0.0,0.0
2023-11-16 11:30:00-05:00,19.7450008392334,19.75,19.72800064086914,19.749900817871094,2370,0.0,0.0,0.0
2023-11-16 12:30:00-05:00,19.764999389648438,19.780000686645508,19.764999389648438,19.780000686645508,997,0.0,0.0,0.0
2023-11-16 13:30:00-05:00,19.780000686645508,19.780000686645508,19.764999389648438,19.764999389648438,2009,0.0,0.0,0.0
2023-11-16 14:30:00-05:00,19.768999099731445,19.774999618530273,19.768999099731445,19.770000457763672,2455,0.0,0.0,0.0
2023-11-16 15:30:00-05:00,19.7549991607666,19.770000457763672,19.75,19.770000457763672,0,0.0,0.0,0.0
2023-11-17 09:30:00-05:00,19.770000457763672,19.770000457763672,19.729999542236328,19.739999771118164,1926,0.0,0.0,0.0
2023-11-17 10:30:00-05:00,19.749900817871094,19.760000228881836,19.739599227905273,19.7450008392334,14215,0.0,0.0,0.0
2023-11-17 11:30:00-05:00,19.729999542236328,19.764999389648438,19.729999542236328,19.764999389648438,7666,0.0,0.0,0.0
2023-11-17 12:30:00-05:00,19.758699417114258,19.78499984741211,19.758699417114258,19.78499984741211,6553,0.0,0.0,0.0
2023-11-17 13:30:00-05:00,19.790000915527344,19.790000915527344,19.771799087524414,19.78499984741211,8359,0.0,0.0,0.0
2023-11-17 14:30:00-05:00,19.780000686645508,19.780000686645508,19.759599685668945,19.770000457763672,4665,0.0,0.0,0.0
2023-11-17 15:30:00-05:00,19.76729965209961,19.76729965209961,19.764999389648438,19.764999389648438,1345,0.0,0.0,0.0
2023-11-20 09:30:00-05:00,19.729999542236328,19.746299743652344,19.719999313354492,19.725000381469727,0,0.0,0.0,0.0
2023-11-20 10:30:00-05:00,19.729999542236328,19.73590087890625,19.725000381469727,19.725000381469727,8754,0.0,0.0,0.0
2023-11-20 11:30:00-05:00,19.725000381469727,19.75,19.725000381469727,19.7450008392334,29022,0.0,0.0,0.0
2023-11-20 12:30:00-05:00,19.7450008392334,19.7450008392334,19.739999771118164,19.739999771118164,624,0.0,0.0,0.0
2023-11-20 13:30:00-05:00,19.799999237060547,19.799999237060547,19.780099868774414,19.78499984741211,2729,0.0,0.0,0.0
2023-11-20 14:30:00-05:00,19.78969955444336,19.790000915527344,19.78969955444336,19.790000915527344,11266,0.0,0.0,0.0
2023-11-20 15:30:00-05:00,19.795000076293945,19.795000076293945,19.795000076293945,19.795000076293945,1647,0.0,0.0,0.0
2023-11-21 09:30:00-05:00,19.81999969482422,19.825000762939453,19.81999969482422,19.81999969482422,560,0.0,0.0,0.0
2023-11-21 10:30:00-05:00,19.84000015258789,19.84000015258789,19.809999465942383,19.830900192260742,1878,0.0,0.0,0.0
2023-11-21 11:30:00-05:00,19.83180046081543,19.84000015258789,19.81999969482422,19.83009910583496,1939,0.0,0.0,0.0
2023-11-21 12:30:00-05:00,19.825000762939453,19.825000762939453,19.78030014038086,19.78030014038086,2537,0.0,0.0,0.0
2023-11-21 13:30:00-05:00,19.78499984741211,19.790000915527344,19.780000686645508,19.780000686645508,2198,0.0,0.0,0.0
2023-11-21 14:30:00-05:00,19.799999237060547,19.815000534057617,19.795000076293945,19.815000534057617,3677,0.0,0.0,0.0
2023-11-21 15:30:00-05:00,19.819000244140625,19.81999969482422,19.809999465942383,19.815000534057617,1558,0.0,0.0,0.0
2023-11-22 09:30:00-05:00,19.850000381469727,19.850000381469727,19.790000915527344,19.790000915527344,0,0.0,0.0,0.0
2023-11-22 10:30:00-05:00,19.774999618530273,19.790000915527344,19.770000457763672,19.78820037841797,5644,0.0,0.0,0.0
2023-11-22 11:30:00-05:00,19.789400100708008,19.798599243164062,19.78499984741211,19.78499984741211,2236,0.0,0.0,0.0
2023-11-22 12:30:00-05:00,19.770000457763672,19.785499572753906,19.770000457763672,19.78499984741211,6148,0.0,0.0,0.0
2023-11-22 13:30:00-05:00,19.788400650024414,19.799999237060547,19.780000686645508,19.795000076293945,7591,0.0,0.0,0.0
2023-11-22 14:30:00-05:00,19.799999237060547,19.807300567626953,19.796300888061523,19.800100326538086,2863,0.0,0.0,0.0
2023-11-22 15:30:00-05:00,19.80500030517578,19.809999465942383,19.80500030517578,19.809999465942383,495,0.0,0.0,0.0
2023-11-24 09:30:00-05:00,19.739999771118164,19.739999771118164,19.7189998626709,19.7189998626709,0,0.0,0.0,0.0
2023-11-24 10:30:00-05:00,19.719999313354492,19.719999313354492,19.705900192260742,19.705900192260742,6231,0.0,0.0,0.0
2023-11-24 11:30:00-05:00,19.709999084472656,19.719999313354492,19.70989990234375,19.71969985961914,6787,0.0,0.0,0.0
2023-11-24 12:30:00-05:00,19.711999893188477,19.71500015258789,19.711999893188477,19.71500015258789,0,0.0,0.0,0.0
2023-11-27 09:30:00-05:00,19.780000686645508,19.790000915527344,19.774999618530273,19.790000915527344,2037,0.0,0.0,0.0
2023-11-27 10:30:00-05:00,19.799999237060547,19.799999237060547,19.78499984741211,19.795000076293945,3369,0.0,0.0,0.0
2023-11-27 11:30:00-05:00,19.790000915527344,19.808500289916992,19.785900115966797,19.798599243164062,3457,0.0,0.0,0.0
2023-11-27 12:30:00-05:00,19.793399810791016,19.834999084472656,19.793399810791016,19.834999084472656,4771,0.0,0.0,0.0
2023-11-27 13:30:00-05:00,19.829999923706055,19.829999923706055,19.825199127197266,19.825599670410156,2831,0.0,0.0,0.0
2023-11-27 14:30:00-05:00,19.84000015258789,19.850000381469727,19.83180046081543,19.850000381469727,8327,0.0,0.0,0.0
2023-11-27 15:30:00-05:00,19.844999313354492,19.860000610351562,19.84000015258789,19.860000610351562,2546,0.0,0.0,0.0
2023-11-28 09:30:00-05:00,19.84000015258789,19.86989974975586,19.84000015258789,19.86989974975586,0,0.0,0.0,0.0
2023-11-28 10:30:00-05:00,19.905000686645508,19.911500930786133,19.905000686645508,19.90999984741211,2594,0.0,0.0,0.0
2023-11-28 11:30:00-05:00,19.930500030517578,19.930500030517578,19.930500030517578,19.930500030517578,130,0.0,0.0,0.0
2023-11-28 12:30:00-05:00,19.934999465942383,19.934999465942383,19.90999984741211,19.90999984741211,1772,0.0,0.0,0.0
2023-11-28 13:30:00-05:00,19.90999984741211,19.920499801635742,19.90999984741211,19.920499801635742,1243,0.0,0.0,0.0
2023-11-28 14:30:00-05:00,19.93000030517578,19.940000534057617,19.93000030517578,19.930299758911133,9131,0.0,0.0,0.0
2023-11-28 15:30:00-05:00,19.95800018310547,19.95800018310547,19.94499969482422,19.950000762939453,0,0.0,0.0,0.0
2023-11-29 09:30:00-05:00,20.06999969482422,20.06999969482422,20.024999618530273,20.024999618530273,1984,0.0,0.0,0.0
2023-11-29 10:30:00-05:00,20.012100219726562,20.030000686645508,20.012100219726562,20.030000686645508,1825,0.0,0.0,0.0
2023-11-29 11:30:00-05:00,20.020000457763672,20.020000457763672,20.018400192260742,20.018400192260742,1609,0.0,0.0,0.0
2023-11-29 12:30:00-05:00,20.03499984741211,20.048099517822266,20.03499984741211,20.03499984741211,2934,0.0,0.0,0.0
2023-11-29 13:30:00-05:00,20.049999237060547,20.05900001525879,20.045000076293945,20.056299209594727,4219,0.0,0.0,0.0
2023-11-29 14:30:00-05:00,20.030000686645508,20.040199279785156,20.030000686645508,20.040000915527344,3419,0.0,0.0,0.0
2023-11-29 15:30:00-05:00,20.04560089111328,20.049999237060547,20.045000076293945,20.045000076293945,0,0.0,0.0,0.0
2023-11-30 09:30:00-05:00,19.979999542236328,19.979999542236328,19.950000762939453,19.959999084472656,931,0.0,0.0,0.0
2023-11-30 10:30:00-05:00,19.96500015258789,19.978300094604492,19.96500015258789,19.978300094604492,3625,0.0,0.0,0.0
2023-11-30 11:30:00-05:00,19.971500396728516,19.971500396728516,19.968599319458008,19.968599319458008,801,0.0,0.0,0.0
2023-11-30 12:30:00-05:00,19.953800201416016,19.95800018310547,19.953800201416016,19.95800018310547,2491,0.0,0.0,0.0
2023-11-30 13:30:00-05:00,19.94860076904297,19.95870018005371,19.94860076904297,19.950000762939453,5371,0.0,0.0,0.0
2023-11-30 14:30:00-05:00,19.954999923706055,19.954999923706055,19.950000762939453,19.950000762939453,2420,0.0,0.0,0.0
2023-11-30 15:30:00-05:00,19.918800354003906,19.959999084472656,19.918800354003906,19.959999084472656,8650,0.0,0.0,0.0
2023-12-01 09:30:00-05:00,19.89299964904785,19.940000534057617,19.889999389648438,19.940000534057617,2012,0.0,0.0,0.0
2023-12-01 10:30:00-05:00,19.950000762939453,20.0093994140625,19.940000534057617,20.0093994140625,48587,0.0,0.0,0.0
2023-12-01 11:30:00-05:00,20.048500061035156,20.048500061035156,20.020000457763672,20.020000457763672,648,0.0,0.0,0.0
2023-12-01 12:30:00-05:00,20.045000076293945,20.079099655151367,20.03499984741211,20.078699111938477,2219,0.0,0.0,0.0
2023-12-01 13:30:00-05:00,20.06999969482422,20.077199935913086,20.06999969482422,20.077199935913086,1307,0.0,0.0,0.0
2023-12-01 14:30:00-05:00,20.059999465942383,20.059999465942383,20.059900283813477,20.059900283813477,1478,0.0,0.0,0.0
2023-12-01 15:30:00-05:00,20.076200485229492,20.076200485229492,20.063499450683594,20.06999969482422,1805,0.0,0.0,0.0
2023-12-04 09:30:00-05:00,20.010000228881836,20.038400650024414,19.9950008392334,20.006900787353516,0,0.0,0.0,0.0
2023-12-04 10:30:00-05:00,19.969999313354492,19.97319984436035,19.969999313354492,19.969999313354492,7599,0.0,0.0,0.0
2023-12-04 11:30:00-05:00,19.971099853515625,19.979700088500977,19.96500015258789,19.96500015258789,4103,0.0,0.0,0.0
2023-12-04 12:30:00-05:00,19.959999084472656,19.968700408935547,19.959999084472656,19.968700408935547,6291,0.0,0.0,0.0
2023-12-04 13:30:00-05:00,19.96150016784668,19.96150016784668,19.96150016784668,19.96150016784668,996,0.0,0.0,0.0
2023-12-04 14:30:00-05:00,19.977100372314453,19.979999542236328,19.969100952148438,19.979999542236328,10462,0.0,0.0,0.0
2023-12-04 15:30:00-05:00,19.975000381469727,20.0,19.975000381469727,19.989999771118164,0,0.0,0.0,0.0
2023-12-05 09:30:00-05:00,20.09000015258789,20.1299991607666,20.06999969482422,20.100000381469727,33607,0.0,0.0,0.0
2023-12-05 10:30:00-05:00,20.101499557495117,20.1299991607666,20.101499557495117,20.1299991607666,1237,0.0,0.0,0.0
2023-12-05 11:30:00-05:00,20.129899978637695,20.129899978637695,20.110000610351562,20.110000610351562,4929,0.0,0.0,0.0
2023-12-05 12:30:00-05:00,20.1299991607666,20.1299991607666,20.110000610351562,20.110000610351562,8518,0.0,0.0,0.0
2023-12-05 13:30:00-05:00,20.129600524902344,20.1299991607666,20.1200008392334,20.1200008392334,1848,0.0,0.0,0.0
2023-12-05 14:30:00-05:00,20.1299991607666,20.139999389648438,20.1200008392334,20.1299991607666,2983,0.0,0.0,0.0
2023-12-05 15:30:00-05:00,20.129899978637695,20.1299991607666,20.1200008392334,20.1299991607666,0,0.0,0.0,0.0
2023-12-06 09:30:00-05:00,20.170000076293945,20.189899444580078,20.15999984741211,20.189899444580078,1880,0.0,0.0,0.0
2023-12-06 10:30:00-05:00,20.189800262451172,20.209999084472656,20.189800262451172,20.200000762939453,1087,0.0,0.0,0.0
2023-12-06 11:30:00-05:00,20.179800033569336,20.209999084472656,20.17289924621582,20.204999923706055,2979,0.0,0.0,0.0
2023-12-06 12:30:00-05:00,20.209999084472656,20.209999084472656,20.200000762939453,20.206899642944336,1274,0.0,0.0,0.0
2023-12-06 13:30:00-05:00,20.204999923706055,20.204999923706055,20.200000762939453,20.204999923706055,9296,0.0,0.0,0.0
2023-12-06 14:30:00-05:00,20.200000762939453,20.209999084472656,20.189300537109375,20.189300537109375,7077,0.0,0.0,0.0
2023-12-06 15:30:00-05:00,20.200000762939453,20.200000762939453,20.19499969482422,20.19499969482422,0,0.0,0.0,0.0
2023-12-07 09:30:00-05:00,20.170000076293945,20.170000076293945,20.15999984741211,20.170000076293945,645,0.0,0.0,0.0
2023-12-07 10:30:00-05:00,20.165000915527344,20.200000762939453,20.165000915527344,20.200000762939453,4516,0.0,0.0,0.0
2023-12-07 11:30:00-05:00,20.20039939880371,20.20039939880371,20.190000534057617,20.190000534057617,1336,0.0,0.0,0.0
2023-12-07 12:30:00-05:00,20.209999084472656,20.239999771118164,20.209999084472656,20.222000122070312,1769,0.0,0.0,0.0
2023-12-07 13:30:00-05:00,20.2278995513916,20.229999542236328,20.209999084472656,20.21500015258789,9607,0.0,0.0,0.0
2023-12-07 14:30:00-05:00,20.219900131225586,20.219900131225586,20.190000534057617,20.190000534057617,9298,0.0,0.0,0.0
2023-12-07 15:30:00-05:00,20.19499969482422,20.19499969482422,20.18000030517578,20.18000030517578,2595,0.0,0.0,0.0
2023-12-08 09:30:00-05:00,20.059999465942383,20.080900192260742,20.049999237060547,20.06999969482422,0,0.0,0.0,0.0
2023-12-08 10:30:00-05:00,20.03499984741211,20.03499984741211,20.024999618530273,20.024999618530273,1904,0.0,0.0,0.0
2023-12-08 11:30:00-05:00,20.020000457763672,20.02519989013672,20.006500244140625,20.011499404907227,4777,0.0,0.0,0.0
2023-12-08 12:30:00-05:00,20.030000686645508,20.048200607299805,20.030000686645508,20.040000915527344,3295,0.0,0.0,0.0
2023-12-08 13:30:00-05:00,20.040000915527344,20.040000915527344,20.040000915527344,20.040000915527344,300,0.0,0.0,0.0
2023-12-08 14:30:00-05:00,20.049999237060547,20.049999237060547,20.020000457763672,20.040300369262695,5332,0.0,0.0,0.0
2023-12-08 15:30:00-05:00,20.049999237060547,20.049999237060547,20.040000915527344,20.040000915527344,4306,0.0,0.0,0.0
2023-12-11 09:30:00-05:00,20.0,20.0,20.0,20.0,0,0.0,0.0,0.0
2023-12-11 10:30:00-05:00,19.989999771118164,20.005699157714844,19.989999771118164,19.9950008392334,4334,0.0,0.0,0.0
2023-12-11 11:30:00-05:00,20.0049991607666,20.0049991607666,19.979999542236328,19.987699508666992,13678,0.0,0.0,0.0
2023-12-11 12:30:00-05:00,19.979999542236328,20.007999420166016,19.979999542236328,20.007999420166016,800,0.0,0.0,0.0
2023-12-11 13:30:00-05:00,20.010000228881836,20.03820037841797,20.010000228881836,20.03030014038086,8441,0.0,0.0,0.0
2023-12-11 14:30:00-05:00,20.049999237060547,20.049999237060547,20.030000686645508,20.04990005493164,3500,0.0,0.0,0.0
2023-12-11 15:30:00-05:00,20.04800033569336,20.049999237060547,20.040000915527344,20.049999237060547,0,0.0,0.0,0.0
2023-12-12 09:30:00-05:00,20.030000686645508,20.059999465942383,20.030000686645508,20.059999465942383,1771,0.0,0.0,0.0
2023-12-12 10:30:00-05:00,20.059999465942383,20.084999084472656,20.059999465942383,20.059999465942383,40788,0.0,0.0,0.0
2023-12-12 11:30:00-05:00,20.06999969482422,20.07819938659668,20.06999969482422,20.06999969482422,2804,0.0,0.0,0.0
2023-12-12 12:30:00-05:00,20.079999923706055,20.09000015258789,20.07670021057129,20.07670021057129,1254,0.0,0.0,0.0
2023-12-12 13:30:00-05:00,20.079599380493164,20.099000930786133,20.079599380493164,20.079999923706055,17465,0.0,0.0,0.0
2023-12-12 14:30:00-05:00,20.084999084472656,20.09000015258789,20.079999923706055,20.084999084472656,53228,0.0,0.0,0.0
2023-12-12 15:30:00-05:00,20.088699340820312,20.09000015258789,20.079999923706055,20.079999923706055,3637,0.0,0.0,0.0
2023-12-13 09:30:00-05:00,20.139999389648438,20.149999618530273,20.1299991607666,20.135000228881836,4687,0.0,0.0,0.0
2023-12-13 10:30:00-05:00,20.135000228881836,20.15850067138672,20.135000228881836,20.15850067138672,5062,0.0,0.0,0.0
2023-12-13 11:30:00-05:00,20.15999984741211,20.167299270629883,20.151500701904297,20.165000915527344,5806,0.0,0.0,0.0
2023-12-13 12:30:00-05:00,20.165000915527344,20.170000076293945,20.150100708007812,20.155000686645508,3098,0.0,0.0,0.0
2023-12-13 13:30:00-05:00,20.155000686645508,20.309999465942383,20.145000457763672,20.309999465942383,47065,0.0,0.0,0.0
2023-12-13 14:30:00-05:00,20.31999969482422,20.3799991607666,20.31999969482422,20.34079933166504,5587,0.0,0.0,0.0
2023-12-13 15:30:00-05:00,20.360000610351562,20.3799991607666,20.360000610351562,20.379499435424805,3575,0.0,0.0,0.0
2023-12-14 09:30:00-05:00,20.420000076293945,20.450000762939453,20.420000076293945,20.450000762939453,0,0.0,0.0,0.0
2023-12-14 10:30:00-05:00,20.459999084472656,20.479999542236328,20.459999084472656,20.478900909423828,1474,0.0,0.0,0.0
2023-12-14 11:30:00-05:00,20.51140022277832,20.520000457763672,20.489999771118164,20.509700775146484,32566,0.0,0.0,0.0
2023-12-14 12:30:00-05:00,20.479999542236328,20.479999542236328,20.45359992980957,20.45359992980957,2419,0.0,0.0,0.0
2023-12-14 13:30:00-05:00,20.44219970703125,20.445999145507812,20.43910026550293,20.440000534057617,3934,0.0,0.0,0.0
2023-12-14 14:30:00-05:00,20.450000762939453,20.458599090576172,20.440000534057617,20.458599090576172,16410,0.0,0.0,0.0
2023-12-14 15:30:00-05:00,20.4596004486084,20.479999542236328,20.454099655151367,20.479999542236328,23249,0.0,0.0,0.0
2023-12-15 09:30:00-05:00,20.440000534057617,20.48900032043457,20.43000030517578,20.480499267578125,0,0.0,0.0,0.0
2023-12-15 10:30:00-05:00,20.469999313354492,20.469999313354492,20.45989990234375,20.45989990234375,10686,0.0,0.0,0.0
2023-12-15 11:30:00-05:00,20.459999084472656,20.469900131225586,20.450000762939453,20.457300186157227,1424,0.0,0.0,0.0
2023-12-15 12:30:00-05:00,20.45989990234375,20.45989990234375,20.440000534057617,20.440000534057617,974,0.0,0.0,0.0
2023-12-15 13:30:00-05:00,20.43199920654297,20.438199996948242,20.420000076293945,20.420000076293945,2551,0.0,0.0,0.0
2023-12-15 14:30:00-05:00,20.440000534057617,20.440000534057617,20.43000030517578,20.440000534057617,29417,0.0,0.0,0.0
2023-12-15 15:30:00-05:00,20.458099365234375,20.459999084472656,20.440000534057617,20.440000534057617,7773,0.0,0.0,0.0
2023-12-18 09:30:00-05:00,20.43000030517578,20.43000030517578,20.389999389648438,20.389999389648438,0,0.0,0.0,0.0
2023-12-18 10:30:00-05:00,20.390199661254883,20.409799575805664,20.390199661254883,20.40559959411621,1600,0.0,0.0,0.0
2023-12-18 11:30:00-05:00,20.407800674438477,20.407800674438477,20.391599655151367,20.40690040588379,43062,0.0,0.0,0.0
2023-12-18 12:30:00-05:00,20.40850067138672,20.40999984741211,20.399999618530273,20.405000686645508,1271,0.0,0.0,0.0
2023-12-18 13:30:00-05:00,20.399999618530273,20.408000946044922,20.399999618530273,20.399999618530273,15416,0.0,0.0,0.0
2023-12-18 14:30:00-05:00,20.389999389648438,20.399999618530273,20.389999389648438,20.399999618530273,33630,0.0,0.0,0.0
2023-12-18 15:30:00-05:00,20.401899337768555,20.40999984741211,20.401899337768555,20.40999984741211,1085,0.0,0.0,0.0
2023-12-19 09:30:00-05:00,20.440000534057617,20.480600357055664,20.440000534057617,20.479999542236328,0,0.0,0.0,0.0
2023-12-19 10:30:00-05:00,20.459999084472656,20.46820068359375,20.456300735473633,20.46820068359375,3059,0.0,0.0,0.0
2023-12-19 11:30:00-05:00,20.4685001373291,20.468900680541992,20.459999084472656,20.459999084472656,1112,0.0,0.0,0.0
2023-12-19 12:30:00-05:00,20.45840072631836,20.45840072631836,20.440099716186523,20.440099716186523,1917,0.0,0.0,0.0
2023-12-19 14:30:00-05:00,20.44029998779297,20.450000762939453,20.440000534057617,20.440000534057617,6678,0.0,0.0,0.0
2023-12-19 15:30:00-05:00,20.43000030517578,20.450000762939453,20.43000030517578,20.450000762939453,1286,0.0,0.0,0.0
2023-12-20 09:30:00-05:00,20.5,20.5,20.469999313354492,20.469999313354492,0,0.0,0.0,0.0
2023-12-20 10:30:00-05:00,20.475299835205078,20.478300094604492,20.458599090576172,20.469999313354492,10188,0.0,0.0,0.0
2023-12-20 11:30:00-05:00,20.459999084472656,20.479999542236328,20.459999084472656,20.479999542236328,3729,0.0,0.0,0.0
2023-12-20 12:30:00-05:00,20.469999313354492,20.489999771118164,20.469999313354492,20.479999542236328,2409,0.0,0.0,0.0
2023-12-20 13:30:00-05:00,20.5,20.520000457763672,20.5,20.519699096679688,22410,0.0,0.0,0.0
2023-12-20 14:30:00-05:00,20.508699417114258,20.53619956970215,20.5,20.53619956970215,11697,0.0,0.0,0.0
2023-12-20 15:30:00-05:00,20.545000076293945,20.549999237060547,20.540000915527344,20.549999237060547,12635,0.0,0.0,0.0
2023-12-21 09:30:00-05:00,20.600000381469727,20.600000381469727,20.56839942932129,20.56839942932129,0,0.0,0.0,0.0
2023-12-21 10:30:00-05:00,20.549999237060547,20.549999237060547,20.549999237060547,20.549999237060547,785,0.0,0.0,0.0
2023-12-21 11:30:00-05:00,20.540000915527344,20.548999786376953,20.531200408935547,20.531200408935547,645,0.0,0.0,0.0
2023-12-21 12:30:00-05:00,20.510099411010742,20.530000686645508,20.493600845336914,20.493600845336914,11653,0.0,0.0,0.0
2023-12-21 13:30:00-05:00,20.499900817871094,20.510400772094727,20.499900817871094,20.510400772094727,6293,0.0,0.0,0.0
2023-12-21 14:30:00-05:00,20.514999389648438,20.514999389648438,20.510000228881836,20.514999389648438,20724,0.0,0.0,0.0
2023-12-21 15:30:00-05:00,20.520000457763672,20.520000457763672,20.520000457763672,20.520000457763672,0,0.0,0.0,0.0
2023-12-22 09:30:00-05:00,20.56999969482422,20.56999969482422,20.520000457763672,20.520000457763672,4800,0.0,0.0,0.0
2023-12-22 10:30:00-05:00,20.510000228881836,20.510000228881836,20.489999771118164,20.5,3405,0.0,0.0,0.0
2023-12-22 11:30:00-05:00,20.489999771118164,20.489999771118164,20.4822998046875,20.48259925842285,2400,0.0,0.0,0.0
2023-12-22 12:30:00-05:00,20.481000900268555,20.499900817871094,20.481000900268555,20.499900817871094,1022,0.0,0.0,0.0
2023-12-22 13:30:00-05:00,20.5,20.510000228881836,20.5,20.510000228881836,1126,0.0,0.0,0.0
2023-12-22 14:30:00-05:00,20.508899688720703,20.508899688720703,20.489999771118164,20.5,7762,0.0,0.0,0.0
2023-12-22 15:30:00-05:00,20.5,20.510000228881836,20.5,20.510000228881836,5087,0.0,0.0,0.0
2023-12-26 09:30:00-05:00,20.483299255371094,20.509599685668945,20.479999542236328,20.509599685668945,0,0.0,0.0,0.0
2023-12-26 10:30:00-05:00,20.5,20.5,20.489999771118164,20.489999771118164,1871,0.0,0.0,0.0
2023-12-26 11:30:00-05:00,20.498699188232422,20.5,20.494400024414062,20.494400024414062,4368,0.0,0.0,0.0
2023-12-26 12:30:00-05:00,20.5,20.5,20.5,20.5,107,0.0,0.0,0.0
2023-12-26 13:30:00-05:00,20.507999420166016,20.518199920654297,20.5049991607666,20.517000198364258,11335,0.0,0.0,0.0
2023-12-26 14:30:00-05:00,20.530000686645508,20.530000686645508,20.515399932861328,20.515399932861328,8188,0.0,0.0,0.0
2023-12-26 15:30:00-05:00,20.510900497436523,20.510900497436523,20.510000228881836,20.510000228881836,1969,0.0,0.0,0.0
2023-12-27 09:30:00-05:00,20.579999923706055,20.579999923706055,20.579999923706055,20.579999923706055,0,0.0,0.0,0.0
2023-12-27 10:30:00-05:00,20.59000015258789,20.604999542236328,20.59000015258789,20.604999542236328,3738,0.0,0.0,0.0
2023-12-27 11:30:00-05:00,20.626100540161133,20.62809944152832,20.626100540161133,20.62809944152832,13679,0.0,0.0,0.0
2023-12-27 12:30:00-05:00,20.6299991607666,20.656299591064453,20.6299991607666,20.649999618530273,4273,0.0,0.0,0.0
2023-12-27 13:30:00-05:00,20.649999618530273,20.649999618530273,20.648000717163086,20.648000717163086,3819,0.0,0.0,0.0
2023-12-27 14:30:00-05:00,20.66699981689453,20.66699981689453,20.649999618530273,20.659000396728516,2347,0.0,0.0,0.0
2023-12-27 15:30:00-05:00,20.649999618530273,20.665000915527344,20.649999618530273,20.66200065612793,0,0.0,0.0,0.0
2023-12-28 09:30:00-05:00,20.6200008392334,20.6200008392334,20.613000869750977,20.6200008392334,1186,0.0,0.0,0.0
2023-12-28 10:30:00-05:00,20.63559913635254,20.63559913635254,20.619800567626953,20.622499465942383,1866,0.0,0.0,0.0
2023-12-28 11:30:00-05:00,20.616199493408203,20.616199493408203,20.614999771118164,20.614999771118164,1505,0.0,0.0,0.0
2023-12-28 12:30:00-05:00,20.572599411010742,20.572599411010742,20.572599411010742,20.572599411010742,543,0.0,0.0,0.0
2023-12-28 13:30:00-05:00,20.56999969482422,20.58690071105957,20.56999969482422,20.57379913330078,2083,0.0,0.0,0.0
2023-12-28 14:30:00-05:00,20.571199417114258,20.584999084472656,20.571199417114258,20.579999923706055,4463,0.0,0.0,0.0
2023-12-28 15:30:00-05:00,20.59000015258789,20.600000381469727,20.584999084472656,20.584999084472656,0,0.0,0.0,0.0
2023-12-29 09:30:00-05:00,20.540000915527344,20.556900024414062,20.540000915527344,20.556900024414062,6891,0.0,0.0,0.0
2023-12-29 10:30:00-05:00,20.559900283813477,20.56999969482422,20.559900283813477,20.565000534057617,11097,0.0,0.0,0.0
2023-12-29 11:30:00-05:00,20.565000534057617,20.56999969482422,20.559999465942383,20.559999465942383,3146,0.0,0.0,0.0
2023-12-29 12:30:00-05:00,20.57990074157715,20.579999923706055,20.549999237060547,20.549999237060547,3311,0.0,0.0,0.0
2023-12-29 13:30:00-05:00,20.545499801635742,20.559999465942383,20.540000915527344,20.549999237060547,7408,0.0,0.0,0.0
2023-12-29 14:30:00-05:00,20.549999237060547,20.559999465942383,20.549999237060547,20.549999237060547,9015,0.0,0.0,0.0
2023-12-29 15:30:00-05:00,20.549999237060547,20.559999465942383,20.530000686645508,20.530000686645508,52374,0.0,0.0,0.0
2024-01-02 09:30:00-05:00,20.459999084472656,20.485000610351562,20.459999084472656,20.46500015258789,0,0.0,0.0,0.0
2024-01-02 10:30:00-05:00,20.459999084472656,20.475000381469727,20.456100463867188,20.475000381469727,3408,0.0,0.0,0.0
2024-01-02 11:30:00-05:00,20.469999313354492,20.475000381469727,20.461599349975586,20.461599349975586,1544,0.0,0.0,0.0
2024-01-02 12:30:00-05:00,20.450000762939453,20.468299865722656,20.450000762939453,20.460100173950195,8183,0.0,0.0,0.0
2024-01-02 13:30:00-05:00,20.46500015258789,20.469999313354492,20.450000762939453,20.459999084472656,10856,0.0,0.0,0.0
2024-01-02 14:30:00-05:00,20.468799591064453,20.468799591064453,20.450000762939453,20.459999084472656,12111,0.0,0.0,0.0
2024-01-02 15:30:00-05:00,20.452999114990234,20.469999313354492,20.452999114990234,20.469999313354492,0,0.0,0.0,0.0
2024-01-03 09:30:00-05:00,20.3700008392334,20.450000762939453,20.3700008392334,20.3799991607666,3753,0.0,0.0,0.0
2024-01-03 10:30:00-05:00,20.37150001525879,20.439599990844727,20.37150001525879,20.439599990844727,3822,0.0,0.0,0.0
2024-01-03 11:30:00-05:00,20.440000534057617,20.479999542236328,20.440000534057617,20.479999542236328,1362,0.0,0.0,0.0
2024-01-03 12:30:00-05:00,20.469999313354492,20.489999771118164,20.469999313354492,20.485000610351562,4865,0.0,0.0,0.0
2024-01-03 13:30:00-05:00,20.485000610351562,20.520000457763672,20.469999313354492,20.515899658203125,14981,0.0,0.0,0.0
2024-01-03 14:30:00-05:00,20.524999618530273,20.524999618530273,20.5049991607666,20.5049991607666,3746,0.0,0.0,0.0
2024-01-03 15:30:00-05:00,20.510000228881836,20.520000457763672,20.50200080871582,20.514999389648438,23783,0.0,0.0,0.0
2024-01-04 09:30:00-05:00,20.40999984741211,20.40999984741211,20.389999389648438,20.399599075317383,0,0.0,0.0,0.0
2024-01-04 10:30:00-05:00,20.415000915527344,20.415000915527344,20.40999984741211,20.415000915527344,1225,0.0,0.0,0.0
2024-01-04 11:30:00-05:00,20.420000076293945,20.420000076293945,20.399999618530273,20.399999618530273,2209,0.0,0.0,0.0
2024-01-04 12:30:00-05:00,20.389999389648438,20.394100189208984,20.3799991607666,20.394100189208984,2855,0.0,0.0,0.0
2024-01-04 13:30:00-05:00,20.390100479125977,20.390100479125977,20.390100479125977,20.390100479125977,249,0.0,0.0,0.0
2024-01-04 14:30:00-05:00,20.39780044555664,20.409900665283203,20.38800048828125,20.399999618530273,15893,0.0,0.0,0.0
2024-01-04 15:30:00-05:00,20.40719985961914,20.40719985961914,20.395000457763672,20.395000457763672,0,0.0,0.0,0.0
2024-01-05 09:30:00-05:00,20.34000015258789,20.459999084472656,20.31999969482422,20.459999084472656,29583,0.0,0.0,0.0
2024-01-05 10:30:00-05:00,20.459999084472656,20.46500015258789,20.424999237060547,20.424999237060547,5800,0.0,0.0,0.0
2024-01-05 11:30:00-05:00,20.43000030517578,20.43000030517578,20.3700008392334,20.3700008392334,61567,0.0,0.0,0.0
2024-01-05 12:30:00-05:00,20.350000381469727,20.360000610351562,20.329999923706055,20.350000381469727,6140,0.0,0.0,0.0
2024-01-05 13:30:00-05:00,20.350000381469727,20.3700008392334,20.344999313354492,20.360000610351562,5871,0.0,0.0,0.0
2024-01-05 14:30:00-05:00,20.3700008392334,20.3700008392334,20.334999084472656,20.334999084472656,18103,0.0,0.0,0.0
2024-01-05 15:30:00-05:00,20.334999084472656,20.34000015258789,20.329999923706055,20.34000015258789,12772,0.0,0.0,0.0
2024-01-08 09:30:00-05:00,20.360000610351562,20.41160011291504,20.360000610351562,20.41160011291504,0,0.0,0.0,0.0
2024-01-08 10:30:00-05:00,20.420000076293945,20.459999084472656,20.420000076293945,20.459999084472656,621,0.0,0.0,0.0
2024-01-08 11:30:00-05:00,20.450000762939453,20.45989990234375,20.43000030517578,20.43000030517578,7387,0.0,0.0,0.0
2024-01-08 12:30:00-05:00,20.44499969482422,20.44499969482422,20.43000030517578,20.43000030517578,1276,0.0,0.0,0.0
2024-01-08 13:30:00-05:00,20.40999984741211,20.41029930114746,20.40999984741211,20.41029930114746,1188,0.0,0.0,0.0
2024-01-08 14:30:00-05:00,20.424999237060547,20.43000030517578,20.39150047302246,20.39150047302246,46595,0.0,0.0,0.0
2024-01-08 15:30:00-05:00,20.389999389648438,20.395000457763672,20.383499145507812,20.395000457763672,919570,0.0,0.0,0.0
2024-01-09 09:30:00-05:00,20.3799991607666,20.40999984741211,20.3799991607666,20.40999984741211,0,0.0,0.0,0.0
2024-01-09 10:30:00-05:00,20.389999389648438,20.40999984741211,20.3882999420166,20.3882999420166,3972,0.0,0.0,0.0
2024-01-09 11:30:00-05:00,20.385000228881836,20.399999618530273,20.385000228881836,20.399999618530273,567,0.0,0.0,0.0
2024-01-09 12:30:00-05:00,20.395000457763672,20.40999984741211,20.389999389648438,20.389999389648438,4257,0.0,0.0,0.0
2024-01-09 13:30:00-05:00,20.38010025024414,20.395000457763672,20.3799991607666,20.389999389648438,10767,0.0,0.0,0.0
2024-01-09 14:30:00-05:00,20.398099899291992,20.399999618530273,20.383699417114258,20.395000457763672,11209,0.0,0.0,0.0
2024-01-09 15:30:00-05:00,20.389999389648438,20.399999618530273,20.389999389648438,20.399999618530273,0,0.0,0.0,0.0
2024-01-10 09:30:00-05:00,20.40999984741211,20.40999984741211,20.399999618530273,20.399999618530273,421,0.0,0.0,0.0
2024-01-10 10:30:00-05:00,20.408199310302734,20.410200119018555,20.399999618530273,20.399999618530273,6786,0.0,0.0,0.0
2024-01-10 11:30:00-05:00,20.395000457763672,20.398000717163086,20.390100479125977,20.398000717163086,1158,0.0,0.0,0.0
2024-01-10 13:30:00-05:00,20.375,20.379499435424805,20.360599517822266,20.3700008392334,7577,0.0,0.0,0.0
2024-01-10 14:30:00-05:00,20.3700008392334,20.3799991607666,20.3700008392334,20.3700008392334,35568,0.0,0.0,0.0
2024-01-10 15:30:00-05:00,20.36840057373047,20.3700008392334,20.360000610351562,20.364999771118164,4703,0.0,0.0,0.0
2024-01-11 09:30:00-05:00,20.389999389648438,20.40999984741211,20.3799991607666,20.3799991607666,0,0.0,0.0,0.0
2024-01-11 10:30:00-05:00,20.3966007232666,20.399999618530273,20.3799991607666,20.3799991607666,4034,0.0,0.0,0.0
2024-01-11 11:30:00-05:00,20.3799991607666,20.389699935913086,20.370100021362305,20.389699935913086,15194,0.0,0.0,0.0
2024-01-11 12:30:00-05:00,20.389999389648438,20.399999618530273,20.370100021362305,20.399999618530273,814,0.0,0.0,0.0
2024-01-11 13:30:00-05:00,20.420000076293945,20.439800262451172,20.41659927368164,20.434999465942383,6120,0.0,0.0,0.0
2024-01-11 14:30:00-05:00,20.469999313354492,20.479999542236328,20.459999084472656,20.466699600219727,1199,0.0,0.0,0.0
2024-01-11 15:30:00-05:00,20.465599060058594,20.475000381469727,20.459999084472656,20.475000381469727,3852,0.0,0.0,0.0
2024-01-12 09:30:00-05:00,20.549999237060547,20.559999465942383,20.549999237060547,20.559999465942383,0,0.0,0.0,0.0
2024-01-12 10:30:00-05:00,20.530000686645508,20.530000686645508,20.530000686645508,20.530000686645508,217,0.0,0.0,0.0
2024-01-12 11:30:00-05:00,20.530000686645508,20.530000686645508,20.51810073852539,20.51810073852539,4032,0.0,0.0,0.0
2024-01-12 12:30:00-05:00,20.524999618530273,20.524999618530273,20.5,20.5,1575,0.0,0.0,0.0
2024-01-12 13:30:00-05:00,20.5049991607666,20.51099967956543,20.5049991607666,20.51099967956543,2307,0.0,0.0,0.0
2024-01-12 14:30:00-05:00,20.52560043334961,20.530000686645508,20.520000457763672,20.528400421142578,4505,0.0,0.0,0.0
2024-01-12 15:30:00-05:00,20.528799057006836,20.528799057006836,20.517799377441406,20.524999618530273,6418,0.0,0.0,0.0
2024-01-16 10:30:00-05:00,20.469999313354492,20.469999313354492,20.389999389648438,20.434999465942383,3630,0.0,0.0,0.0
2024-01-16 11:30:00-05:00,20.40880012512207,20.40880012512207,20.379899978637695,20.379899978637695,2103,0.0,0.0,0.0
2024-01-16 12:30:00-05:00,20.360000610351562,20.360000610351562,20.350000381469727,20.350000381469727,6309,0.0,0.0,0.0
2024-01-16 13:30:00-05:00,20.350000381469727,20.360000610351562,20.350000381469727,20.360000610351562,1382,0.0,0.0,0.0
2024-01-16 14:30:00-05:00,20.3700008392334,20.379899978637695,20.3700008392334,20.3700008392334,12501,0.0,0.0,0.0
2024-01-16 15:30:00-05:00,20.375499725341797,20.3799991607666,20.3700008392334,20.375,0,0.0,0.0,0.0
2024-01-17 09:30:00-05:00,20.290000915527344,20.290000915527344,20.290000915527344,20.290000915527344,904,0.0,0.0,0.0
2024-01-17 10:30:00-05:00,20.270000457763672,20.309999465942383,20.270000457763672,20.308799743652344,9147,0.0,0.0,0.0
2024-01-17 11:30:00-05:00,20.319900512695312,20.319900512695312,20.290000915527344,20.29840087890625,6373,0.0,0.0,0.0
2024-01-17 12:30:00-05:00,20.309999465942383,20.309999465942383,20.309999465942383,20.309999465942383,114,0.0,0.0,0.0
2024-01-17 13:30:00-05:00,20.28529930114746,20.298500061035156,20.28529930114746,20.298500061035156,938,0.0,0.0,0.0
2024-01-17 14:30:00-05:00,20.299999237060547,20.309999465942383,20.295000076293945,20.30500030517578,19363,0.0,0.0,0.0
2024-01-17 15:30:00-05:00,20.30500030517578,20.30500030517578,20.299999237060547,20.30500030517578,5039,0.0,0.0,0.0
2024-01-18 09:30:00-05:00,20.299999237060547,20.299999237060547,20.274999618530273,20.293899536132812,0,0.0,0.0,0.0
2024-01-18 10:30:00-05:00,20.299999237060547,20.299999237060547,20.274999618530273,20.274999618530273,2503,0.0,0.0,0.0
2024-01-18 11:30:00-05:00,20.2893009185791,20.2893009185791,20.249799728393555,20.249799728393555,7099,0.0,0.0,0.0
2024-01-18 12:30:00-05:00,20.259899139404297,20.260000228881836,20.255800247192383,20.260000228881836,1046,0.0,0.0,0.0
2024-01-18 13:30:00-05:00,20.270000457763672,20.278400421142578,20.270000457763672,20.278400421142578,620,0.0,0.0,0.0
2024-01-18 14:30:00-05:00,20.260000228881836,20.269699096679688,20.250999450683594,20.268400192260742,4604,0.0,0.0,0.0
2024-01-18 15:30:00-05:00,20.268199920654297,20.268199920654297,20.260000228881836,20.264999389648438,9248,0.0,0.0,0.0
2024-01-19 09:30:00-05:00,20.239999771118164,20.239999771118164,20.190000534057617,20.19969940185547,144393,0.0,0.0,0.0
2024-01-19 10:30:00-05:00,20.209999084472656,20.239700317382812,20.209999084472656,20.235000610351562,3935,0.0,0.0,0.0
2024-01-19 11:30:00-05:00,20.229999542236328,20.229999542236328,20.219999313354492,20.219999313354492,2731,0.0,0.0,0.0
2024-01-19 12:30:00-05:00,20.233999252319336,20.235000610351562,20.233999252319336,20.235000610351562,774,0.0,0.0,0.0
2024-01-19 13:30:00-05:00,20.235000610351562,20.239700317382812,20.229999542236328,20.239700317382812,6072,0.0,0.0,0.0
2024-01-19 14:30:00-05:00,20.239999771118164,20.2549991607666,20.239999771118164,20.250099182128906,799,0.0,0.0,0.0
2024-01-19 15:30:00-05:00,20.260000228881836,20.260000228881836,20.25,20.2549991607666,860,0.0,0.0,0.0
2024-01-22 10:30:00-05:00,20.328800201416016,20.328800201416016,20.328800201416016,20.328800201416016,0,0.0,0.0,0.0
2024-01-22 11:30:00-05:00,20.325000762939453,20.32990074157715,20.31999969482422,20.31999969482422,2736,0.0,0.0,0.0
2024-01-22 12:30:00-05:00,20.319299697875977,20.31999969482422,20.309999465942383,20.309999465942383,3020,0.0,0.0,0.0
2024-01-22 13:30:00-05:00,20.30500030517578,20.309999465942383,20.301599502563477,20.308700561523438,1973,0.0,0.0,0.0
2024-01-22 14:30:00-05:00,20.315000534057617,20.329999923706055,20.315000534057617,20.31999969482422,15735,0.0,0.0,0.0
2024-01-22 15:30:00-05:00,20.315000534057617,20.31999969482422,20.315000534057617,20.315000534057617,1234,0.0,0.0,0.0
2024-01-23 09:30:00-05:00,20.290000915527344,20.290000915527344,20.270000457763672,20.27560043334961,0,0.0,0.0,0.0
2024-01-23 10:30:00-05:00,20.270000457763672,20.274999618530273,20.258899688720703,20.274999618530273,3199,0.0,0.0,0.0
2024-01-23 11:30:00-05:00,20.2549991607666,20.267000198364258,20.2549991607666,20.264999389648438,1108,0.0,0.0,0.0
2024-01-23 12:30:00-05:00,20.260000228881836,20.26799964904785,20.25,20.260000228881836,1875,0.0,0.0,0.0
2024-01-23 13:30:00-05:00,20.260000228881836,20.268400192260742,20.260000228881836,20.261499404907227,8840,0.0,0.0,0.0
2024-01-23 14:30:00-05:00,20.270000457763672,20.274999618530273,20.269899368286133,20.27079963684082,6788,0.0,0.0,0.0
2024-01-23 15:30:00-05:00,20.270000457763672,20.280000686645508,20.270000457763672,20.274999618530273,4417,0.0,0.0,0.0
2024-01-24 09:30:00-05:00,20.360000610351562,20.360000610351562,20.28499984741211,20.290000915527344,0,0.0,0.0,0.0
2024-01-24 10:30:00-05:00,20.277599334716797,20.290000915527344,20.260000228881836,20.276500701904297,43070,0.0,0.0,0.0
2024-01-24 11:30:00-05:00,20.270000457763672,20.270000457763672,20.25,20.264999389648438,2707,0.0,0.0,0.0
2024-01-24 12:30:00-05:00,20.270000457763672,20.27680015563965,20.241300582885742,20.241300582885742,1013,0.0,0.0,0.0
2024-01-24 13:30:00-05:00,20.229999542236328,20.229999542236328,20.21030044555664,20.21030044555664,5040,0.0,0.0,0.0
2024-01-24 14:30:00-05:00,20.219100952148438,20.2283992767334,20.21500015258789,20.22599983215332,4157,0.0,0.0,0.0
2024-01-24 15:30:00-05:00,20.22010040283203,20.229700088500977,20.219999313354492,20.225000381469727,2775,0.0,0.0,0.0
2024-01-25 09:30:00-05:00,20.290000915527344,20.290000915527344,20.270000457763672,20.270000457763672,0,0.0,0.0,0.0
2024-01-25 10:30:00-05:00,20.29129981994629,20.29990005493164,20.285999298095703,20.28890037536621,2650,0.0,0.0,0.0
2024-01-25 11:30:00-05:00,20.28499984741211,20.287900924682617,20.270000457763672,20.270000457763672,3888,0.0,0.0,0.0
2024-01-25 12:30:00-05:00,20.264999389648438,20.295000076293945,20.264999389648438,20.290000915527344,2744,0.0,0.0,0.0
2024-01-25 13:30:00-05:00,20.295000076293945,20.309999465942383,20.290000915527344,20.302499771118164,17451,0.0,0.0,0.0
2024-01-25 14:30:00-05:00,20.300100326538086,20.309999465942383,20.300100326538086,20.309999465942383,2074,0.0,0.0,0.0
2024-01-25 15:30:00-05:00,20.30500030517578,20.309999465942383,20.299999237060547,20.309999465942383,1326,0.0,0.0,0.0
2024-01-26 09:30:00-05:00,20.260000228881836,20.26930046081543,20.25,20.259899139404297,3105,0.0,0.0,0.0
2024-01-26 10:30:00-05:00,20.264999389648438,20.28849983215332,20.26020050048828,20.280099868774414,12458,0.0,0.0,0.0
2024-01-26 11:30:00-05:00,20.28350067138672,20.285999298095703,20.280000686645508,20.285999298095703,25227,0.0,0.0,0.0
2024-01-26 12:30:00-05:00,20.280000686645508,20.28499984741211,20.270000457763672,20.270000457763672,2118,0.0,0.0,0.0
2024-01-26 13:30:00-05:00,20.260000228881836,20.260000228881836,20.245899200439453,20.25,4486,0.0,0.0,0.0
2024-01-26 14:30:00-05:00,20.25,20.264999389648438,20.249900817871094,20.264999389648438,8752,0.0,0.0,0.0
2024-01-26 15:30:00-05:00,20.270000457763672,20.280000686645508,20.270000457763672,20.280000686645508,2507,0.0,0.0,0.0
2024-01-29 09:30:00-05:00,20.329999923706055,20.338499069213867,20.326499938964844,20.329999923706055,0,0.0,0.0,0.0
2024-01-29 10:30:00-05:00,20.322900772094727,20.334999084472656,20.322900772094727,20.329999923706055,793,0.0,0.0,0.0
2024-01-29 11:30:00-05:00,20.339799880981445,20.348499298095703,20.339799880981445,20.344999313354492,1818,0.0,0.0,0.0
2024-01-29 12:30:00-05:00,20.358200073242188,20.358600616455078,20.350000381469727,20.350000381469727,1303,0.0,0.0,0.0
2024-01-29 13:30:00-05:00,20.34000015258789,20.35849952697754,20.34000015258789,20.35849952697754,2742,0.0,0.0,0.0
2024-01-29 14:30:00-05:00,20.350000381469727,20.395000457763672,20.350000381469727,20.395000457763672,0,0.0,0.0,0.0
2024-01-29 15:30:00-05:00,20.389999389648438,20.389999389648438,20.3799991607666,20.3799991607666,19864,0.0,0.0,0.0
2024-01-30 09:30:00-05:00,20.420000076293945,20.420000076293945,20.360000610351562,20.360000610351562,2937,0.0,0.0,0.0
2024-01-30 10:30:00-05:00,20.344999313354492,20.34950065612793,20.344999313354492,20.34950065612793,351,0.0,0.0,0.0
2024-01-30 11:30:00-05:00,20.3710994720459,20.378299713134766,20.3700008392334,20.375,7375,0.0,0.0,0.0
2024-01-30 12:30:00-05:00,20.360000610351562,20.360000610351562,20.360000610351562,20.360000610351562,320,0.0,0.0,0.0
2024-01-30 13:30:00-05:00,20.354999542236328,20.379899978637695,20.350200653076172,20.3700008392334,2251,0.0,0.0,0.0
2024-01-30 14:30:00-05:00,20.395000457763672,20.399900436401367,20.395000457763672,20.399900436401367,835,0.0,0.0,0.0
2024-01-30 15:30:00-05:00,20.399999618530273,20.399999618530273,20.388999938964844,20.399999618530273,3979,0.0,0.0,0.0
2024-01-31 09:30:00-05:00,20.55500030517578,20.55500030517578,20.54010009765625,20.54010009765625,1121,0.0,0.0,0.0
2024-01-31 10:30:00-05:00,20.545000076293945,20.56290054321289,20.545000076293945,20.558399200439453,2090,0.0,0.0,0.0
2024-01-31 11:30:00-05:00,20.55500030517578,20.55500030517578,20.549999237060547,20.549999237060547,1373,0.0,0.0,0.0
2024-01-31 12:30:00-05:00,20.549999237060547,20.549999237060547,20.54010009765625,20.54010009765625,813,0.0,0.0,0.0
2024-01-31 13:30:00-05:00,20.549999237060547,20.549999237060547,20.5,20.515399932861328,9880,0.0,0.0,0.0
2024-01-31 14:30:00-05:00,20.540000915527344,20.56999969482422,20.5,20.5,809,0.0,0.0,0.0
2024-01-31 15:30:00-05:00,20.489999771118164,20.56999969482422,20.489999771118164,20.56999969482422,8398,0.0,0.0,0.0
2024-02-01 09:30:00-05:00,20.59000015258789,20.590700149536133,20.56999969482422,20.57979965209961,0,0.0,0.0,0.0
2024-02-01 10:30:00-05:00,20.59000015258789,20.68000030517578,20.59000015258789,20.649999618530273,6247,0.0,0.0,0.0
2024-02-01 11:30:00-05:00,20.648399353027344,20.655000686645508,20.6200008392334,20.6200008392334,9609,0.0,0.0,0.0
2024-02-01 12:30:00-05:00,20.6200008392334,20.6299991607666,20.59000015258789,20.59000015258789,9268,0.0,0.0,0.0
2024-02-01 13:30:00-05:00,20.605600357055664,20.610000610351562,20.600000381469727,20.604999542236328,3484,0.0,0.0,0.0
2024-02-01 14:30:00-05:00,20.605600357055664,20.625200271606445,20.604999542236328,20.6200008392334,12945,0.0,0.0,0.0
2024-02-01 15:30:00-05:00,20.6200008392334,20.62820053100586,20.6200008392334,20.625,3366,0.0,0.0,0.0
2024-02-02 09:30:00-05:00,20.40999984741211,20.427200317382812,20.40999984741211,20.40999984741211,8032,0.0,0.0,0.0
2024-02-02 10:30:00-05:00,20.368099212646484,20.369600296020508,20.344999313354492,20.350000381469727,6900,0.0,0.0,0.0
2024-02-02 11:30:00-05:00,20.360000610351562,20.360000610351562,20.329999923706055,20.33989906311035,7741,0.0,0.0,0.0
2024-02-02 12:30:00-05:00,20.334999084472656,20.34000015258789,20.333999633789062,20.333999633789062,3683,0.0,0.0,0.0
2024-02-02 13:30:00-05:00,20.360700607299805,20.368099212646484,20.359899520874023,20.368099212646484,8701,0.0,0.0,0.0
2024-02-02 14:30:00-05:00,20.36989974975586,20.3700008392334,20.360000610351562,20.360000610351562,37466,0.0,0.0,0.0
2024-02-02 15:30:00-05:00,20.36989974975586,20.3700008392334,20.360000610351562,20.360000610351562,1722,0.0,0.0,0.0
2024-02-05 09:30:00-05:00,20.229999542236328,20.24799919128418,20.20680046081543,20.20680046081543,0,0.0,0.0,0.0
2024-02-05 10:30:00-05:00,20.170000076293945,20.170000076293945,20.165000915527344,20.165000915527344,950,0.0,0.0,0.0
2024-02-05 11:30:00-05:00,20.18000030517578,20.19499969482422,20.170000076293945,20.19499969482422,4041,0.0,0.0,0.0
2024-02-05 12:30:00-05:00,20.209999084472656,20.209999084472656,20.19070053100586,20.19070053100586,6165,0.0,0.0,0.0
2024-02-05 13:30:00-05:00,20.190000534057617,20.196500778198242,20.18000030517578,20.18000030517578,3702,0.0,0.0,0.0
2024-02-05 14:30:00-05:00,20.18000030517578,20.18000030517578,20.174999237060547,20.179899215698242,1364,0.0,0.0,0.0
2024-02-05 15:30:00-05:00,20.175399780273438,20.18000030517578,20.173999786376953,20.174999237060547,5414,0.0,0.0,0.0
2024-02-06 09:30:00-05:00,20.190000534057617,20.260000228881836,20.190000534057617,20.260000228881836,0,0.0,0.0,0.0
2024-02-06 10:30:00-05:00,20.247699737548828,20.260000228881836,20.247699737548828,20.2549991607666,1280,0.0,0.0,0.0
2024-02-06 11:30:00-05:00,20.253700256347656,20.264999389648438,20.25,20.264999389648438,55490,0.0,0.0,0.0
2024-02-06 12:30:00-05:00,20.270000457763672,20.290000915527344,20.270000457763672,20.28499984741211,4271,0.0,0.0,0.0
2024-02-06 13:30:00-05:00,20.290000915527344,20.290000915527344,20.284299850463867,20.290000915527344,9470,0.0,0.0,0.0
2024-02-06 14:30:00-05:00,20.28420066833496,20.290000915527344,20.280000686645508,20.28499984741211,18719,0.0,0.0,0.0
2024-02-06 15:30:00-05:00,20.289899826049805,20.299999237060547,20.280000686645508,20.280000686645508,5900,0.0,0.0,0.0
2024-02-07 09:30:00-05:00,20.239999771118164,20.315000534057617,20.239999771118164,20.299999237060547,0,0.0,0.0,0.0
2024-02-07 10:30:00-05:00,20.290000915527344,20.299999237060547,20.280000686645508,20.2987003326416,36121,0.0,0.0,0.0
2024-02-07 11:30:00-05:00,20.274999618530273,20.278600692749023,20.2549991607666,20.2549991607666,1879,0.0,0.0,0.0
2024-02-07 12:30:00-05:00,20.268600463867188,20.270000457763672,20.264699935913086,20.264699935913086,766,0.0,0.0,0.0
2024-02-07 13:30:00-05:00,20.277099609375,20.277099609375,20.268400192260742,20.270000457763672,6359,0.0,0.0,0.0
2024-02-07 14:30:00-05:00,20.26289939880371,20.270000457763672,20.2549991607666,20.270000457763672,9489,0.0,0.0,0.0
2024-02-07 15:30:00-05:00,20.267799377441406,20.267799377441406,20.25,20.260000228881836,0,0.0,0.0,0.0
2024-02-08 09:30:00-05:00,20.200000762939453,20.208799362182617,20.190000534057617,20.191299438476562,1281,0.0,0.0,0.0
2024-02-08 10:30:00-05:00,20.188499450683594,20.19860076904297,20.188499450683594,20.19860076904297,500,0.0,0.0,0.0
2024-02-08 11:30:00-05:00,20.197099685668945,20.197099685668945,20.190000534057617,20.190000534057617,699,0.0,0.0,0.0
2024-02-08 12:30:00-05:00,20.189899444580078,20.20789909362793,20.189899444580078,20.20789909362793,389,0.0,0.0,0.0
2024-02-08 13:30:00-05:00,20.19499969482422,20.204999923706055,20.190000534057617,20.190000534057617,2597,0.0,0.0,0.0
2024-02-08 14:30:00-05:00,20.18000030517578,20.188600540161133,20.174999237060547,20.188600540161133,856,0.0,0.0,0.0
2024-02-08 15:30:00-05:00,20.184999465942383,20.190000534057617,20.184999465942383,20.190000534057617,2072,0.0,0.0,0.0
2024-02-09 09:30:00-05:00,20.149999618530273,20.15999984741211,20.135000228881836,20.15999984741211,0,0.0,0.0,0.0
2024-02-09 10:30:00-05:00,20.15999984741211,20.15999984741211,20.139699935913086,20.158599853515625,3149,0.0,0.0,0.0
2024-02-09 11:30:00-05:00,20.148700714111328,20.148700714111328,20.13559913635254,20.13559913635254,1329,0.0,0.0,0.0
2024-02-09 12:30:00-05:00,20.141000747680664,20.145000457763672,20.139999389648438,20.145000457763672,855,0.0,0.0,0.0
2024-02-09 13:30:00-05:00,20.139999389648438,20.149700164794922,20.139999389648438,20.14900016784668,2981,0.0,0.0,0.0
2024-02-09 14:30:00-05:00,20.145000457763672,20.149999618530273,20.139999389648438,20.145000457763672,13675,0.0,0.0,0.0
2024-02-09 15:30:00-05:00,20.159500122070312,20.15999984741211,20.15880012512207,20.15999984741211,12211,0.0,0.0,0.0
2024-02-12 09:30:00-05:00,20.18000030517578,20.18000030517578,20.15999984741211,20.15999984741211,2630,0.0,0.0,0.0
2024-02-12 10:30:00-05:00,20.155000686645508,20.155000686645508,20.145000457763672,20.145000457763672,1504,0.0,0.0,0.0
2024-02-12 11:30:00-05:00,20.149999618530273,20.170000076293945,20.149999618530273,20.170000076293945,2040,0.0,0.0,0.0
2024-02-12 12:30:00-05:00,20.17289924621582,20.17970085144043,20.17289924621582,20.17970085144043,563,0.0,0.0,0.0
2024-02-12 13:30:00-05:00,20.186199188232422,20.199899673461914,20.186199188232422,20.190000534057617,15056,0.0,0.0,0.0
2024-02-12 14:30:00-05:00,20.18160057067871,20.184999465942383,20.179800033569336,20.179800033569336,1118,0.0,0.0,0.0
2024-02-12 15:30:00-05:00,20.18000030517578,20.18000030517578,20.17889976501465,20.18000030517578,249,0.0,0.0,0.0
2024-02-13 09:30:00-05:00,20.030000686645508,20.030000686645508,20.014999389648438,20.014999389648438,0,0.0,0.0,0.0
2024-02-13 10:30:00-05:00,20.010000228881836,20.020000457763672,20.000099182128906,20.018600463867188,2834,0.0,0.0,0.0
2024-02-13 11:30:00-05:00,20.019899368286133,20.019899368286133,20.0,20.0,3919,0.0,0.0,0.0
2024-02-13 12:30:00-05:00,20.0,20.0,19.99970054626465,19.99970054626465,941,0.0,0.0,0.0
2024-02-13 13:30:00-05:00,19.98900032043457,19.98900032043457,19.958900451660156,19.958900451660156,7179,0.0,0.0,0.0
2024-02-13 14:30:00-05:00,19.959999084472656,19.959999084472656,19.950000762939453,19.950000762939453,4626,0.0,0.0,0.0
2024-02-13 15:30:00-05:00,19.954999923706055,19.96500015258789,19.954999923706055,19.956600189208984,5671,0.0,0.0,0.0
2024-02-14 09:30:00-05:00,19.979999542236328,19.989999771118164,19.979999542236328,19.989999771118164,0,0.0,0.0,0.0
2024-02-14 10:30:00-05:00,20.002199172973633,20.020000457763672,20.002199172973633,20.020000457763672,1503,0.0,0.0,0.0
2024-02-14 11:30:00-05:00,20.020099639892578,20.039899826049805,20.020000457763672,20.030000686645508,6896,0.0,0.0,0.0
2024-02-14 12:30:00-05:00,20.049999237060547,20.058700561523438,20.049999237060547,20.056299209594727,2445,0.0,0.0,0.0
2024-02-14 13:30:00-05:00,20.048799514770508,20.048799514770508,20.043800354003906,20.045000076293945,1672,0.0,0.0,0.0
2024-02-14 14:30:00-05:00,20.042999267578125,20.042999267578125,20.024999618530273,20.026599884033203,8492,0.0,0.0,0.0
2024-02-14 15:30:00-05:00,20.02989959716797,20.039499282836914,20.02989959716797,20.03499984741211,1789,0.0,0.0,0.0
2024-02-15 09:30:00-05:00,20.1200008392334,20.1299991607666,20.11989974975586,20.11989974975586,0,0.0,0.0,0.0
2024-02-15 10:30:00-05:00,20.109899520874023,20.109899520874023,20.06999969482422,20.06999969482422,2064,0.0,0.0,0.0
2024-02-15 11:30:00-05:00,20.075599670410156,20.075599670410156,20.075599670410156,20.075599670410156,364,0.0,0.0,0.0
2024-02-15 12:30:00-05:00,20.088600158691406,20.088600158691406,20.065000534057617,20.078399658203125,3455,0.0,0.0,0.0
2024-02-15 13:30:00-05:00,20.100000381469727,20.100000381469727,20.094999313354492,20.100000381469727,147762,0.0,0.0,0.0
2024-02-15 14:30:00-05:00,20.100000381469727,20.100000381469727,20.075000762939453,20.075000762939453,4597,0.0,0.0,0.0
2024-02-15 15:30:00-05:00,20.079999923706055,20.08530044555664,20.06999969482422,20.075000762939453,0,0.0,0.0,0.0
2024-02-16 09:30:00-05:00,19.968700408935547,20.010000228881836,19.96820068359375,20.010000228881836,4952,0.0,0.0,0.0
2024-02-16 10:30:00-05:00,19.999799728393555,20.0,19.971900939941406,19.971900939941406,3097,0.0,0.0,0.0
2024-02-16 11:30:00-05:00,19.978900909423828,19.978900909423828,19.959999084472656,19.96619987487793,5977,0.0,0.0,0.0
2024-02-16 12:30:00-05:00,19.978700637817383,19.978700637817383,19.971599578857422,19.971599578857422,1137,0.0,0.0,0.0
2024-02-16 13:30:00-05:00,19.989999771118164,19.995100021362305,19.989999771118164,19.995100021362305,2028,0.0,0.0,0.0
2024-02-16 14:30:00-05:00,19.99209976196289,20.0,19.989500045776367,19.989900588989258,8679,0.0,0.0,0.0
2024-02-16 15:30:00-05:00,19.981000900268555,20.0,19.981000900268555,20.0,4963,0.0,0.0,0.0
2024-02-20 09:30:00-05:00,20.040000915527344,20.059999465942383,20.040000915527344,20.059999465942383,0,0.0,0.0,0.0
2024-02-20 10:30:00-05:00,20.062400817871094,20.06999969482422,20.059999465942383,20.0625,3775,0.0,0.0,0.0
2024-02-20 11:30:00-05:00,20.06839942932129,20.06839942932129,20.059999465942383,20.059999465942383,2787,0.0,0.0,0.0
2024-02-20 12:30:00-05:00,20.067699432373047,20.06999969482422,20.058300018310547,20.058300018310547,6795,0.0,0.0,0.0
2024-02-20 13:30:00-05:00,20.058399200439453,20.059999465942383,20.049999237060547,20.059900283813477,4373,0.0,0.0,0.0
2024-02-20 14:30:00-05:00,20.049999237060547,20.049999237060547,20.032699584960938,20.032699584960938,2323,0.0,0.0,0.0
2024-02-20 15:30:00-05:00,20.0398006439209,20.040000915527344,20.030899047851562,20.03499984741211,0,0.0,0.0,0.0
2024-02-21 09:30:00-05:00,20.040000915527344,20.049999237060547,20.040000915527344,20.040000915527344,834,0.0,0.0,0.0
2024-02-21 10:30:00-05:00,20.02199935913086,20.02199935913086,20.014999389648438,20.014999389648438,984,0.0,0.0,0.0
2024-02-21 11:30:00-05:00,20.010000228881836,20.010000228881836,19.993000030517578,19.993000030517578,761,0.0,0.0,0.0
2024-02-21 12:30:00-05:00,19.989999771118164,19.989999771118164,19.969999313354492,19.989999771118164,3569,0.0,0.0,0.0
2024-02-21 13:30:00-05:00,19.979999542236328,19.979999542236328,19.969999313354492,19.979999542236328,2522,0.0,0.0,0.0
2024-02-21 14:30:00-05:00,19.969999313354492,19.977100372314453,19.959999084472656,19.97559928894043,2145,0.0,0.0,0.0
2024-02-21 15:30:00-05:00,19.979999542236328,19.979999542236328,19.973600387573242,19.975000381469727,2308,0.0,0.0,0.0
2024-02-22 09:30:00-05:00,19.96500015258789,19.989999771118164,19.96500015258789,19.968000411987305,0,0.0,0.0,0.0
2024-02-22 10:30:00-05:00,19.985000610351562,19.985000610351562,19.979999542236328,19.979999542236328,479,0.0,0.0,0.0
2024-02-22 11:30:00-05:00,19.975000381469727,19.975000381469727,19.9512996673584,19.959299087524414,6011,0.0,0.0,0.0
2024-02-22 12:30:00-05:00,19.954999923706055,19.95870018005371,19.950000762939453,19.950000762939453,51962,0.0,0.0,0.0
2024-02-22 13:30:00-05:00,19.950000762939453,19.969900131225586,19.950000762939453,19.96969985961914,5310,0.0,0.0,0.0
2024-02-22 14:30:00-05:00,19.96500015258789,19.969999313354492,19.959999084472656,19.959999084472656,19439,0.0,0.0,0.0
2024-02-22 15:30:00-05:00,19.940000534057617,19.959999084472656,19.940000534057617,19.955400466918945,1769,0.0,0.0,0.0
2024-02-23 09:30:00-05:00,19.979999542236328,19.999900817871094,19.979999542236328,19.989999771118164,0,0.0,0.0,0.0
2024-02-23 10:30:00-05:00,19.9950008392334,20.010000228881836,19.9950008392334,20.010000228881836,1043,0.0,0.0,0.0
2024-02-23 11:30:00-05:00,20.049999237060547,20.058500289916992,20.040000915527344,20.040000915527344,2357,0.0,0.0,0.0
2024-02-23 12:30:00-05:00,20.045000076293945,20.059900283813477,20.045000076293945,20.049999237060547,5603,0.0,0.0,0.0
2024-02-23 13:30:00-05:00,20.051300048828125,20.058500289916992,20.051300048828125,20.05500030517578,1019,0.0,0.0,0.0
2024-02-23 14:30:00-05:00,20.049999237060547,20.049999237060547,20.040000915527344,20.040000915527344,57922,0.0,0.0,0.0
2024-02-23 15:30:00-05:00,20.05500030517578,20.05500030517578,20.05500030517578,20.05500030517578,781,0.0,0.0,0.0
2024-02-26 09:30:00-05:00,20.04960060119629,20.04960060119629,20.020000457763672,20.020000457763672,0,0.0,0.0,0.0
2024-02-26 10:30:00-05:00,20.024999618530273,20.024999618530273,20.024999618530273,20.024999618530273,104,0.0,0.0,0.0
2024-02-26 11:30:00-05:00,20.020000457763672,20.020000457763672,19.994600296020508,19.994600296020508,986,0.0,0.0,0.0
2024-02-26 12:30:00-05:00,19.990100860595703,20.0,19.979999542236328,19.979999542236328,2728,0.0,0.0,0.0
2024-02-26 13:30:00-05:00,19.985000610351562,20.0,19.985000610351562,19.999900817871094,4700,0.0,0.0,0.0
2024-02-26 14:30:00-05:00,19.989999771118164,20.01799964904785,19.989999771118164,20.014999389648438,6665,0.0,0.0,0.0
2024-02-26 15:30:00-05:00,20.010000228881836,20.020000457763672,20.005199432373047,20.014999389648438,2769,0.0,0.0,0.0
2024-02-27 09:30:00-05:00,19.989999771118164,20.017000198364258,19.989999771118164,20.017000198364258,0,0.0,0.0,0.0
2024-02-27 10:30:00-05:00,20.0049991607666,20.020000457763672,20.0049991607666,20.010000228881836,1498,0.0,0.0,0.0
2024-02-27 11:30:00-05:00,20.010099411010742,20.010099411010742,20.010000228881836,20.010000228881836,661,0.0,0.0,0.0
2024-02-27 12:30:00-05:00,20.020000457763672,20.026899337768555,20.020000457763672,20.026899337768555,2098,0.0,0.0,0.0
2024-02-27 13:30:00-05:00,20.010000228881836,20.010000228881836,19.981000900268555,19.985000610351562,24002,0.0,0.0,0.0
2024-02-27 14:30:00-05:00,19.979999542236328,19.979999542236328,19.959999084472656,19.969999313354492,6240,0.0,0.0,0.0
2024-02-27 15:30:00-05:00,19.982099533081055,19.989999771118164,19.982099533081055,19.989999771118164,481,0.0,0.0,0.0
2024-02-28 09:30:00-05:00,19.996000289916992,20.007200241088867,19.9950008392334,20.0,0,0.0,0.0,0.0
2024-02-28 10:30:00-05:00,20.010000228881836,20.014999389648438,20.010000228881836,20.014999389648438,6905,0.0,0.0,0.0
2024-02-28 11:30:00-05:00,20.010299682617188,20.010299682617188,20.010299682617188,20.010299682617188,336,0.0,0.0,0.0
2024-02-28 12:30:00-05:00,20.010000228881836,20.010000228881836,20.010000228881836,20.010000228881836,2035,0.0,0.0,0.0
2024-02-28 13:30:00-05:00,20.020000457763672,20.029800415039062,20.010000228881836,20.029800415039062,2695,0.0,0.0,0.0
2024-02-28 14:30:00-05:00,20.024999618530273,20.040000915527344,20.020000457763672,20.040000915527344,1216,0.0,0.0,0.0
2024-02-28 15:30:00-05:00,20.040000915527344,20.048599243164062,20.040000915527344,20.045000076293945,1379,0.0,0.0,0.0
2024-02-29 09:30:00-05:00,20.052000045776367,20.09000015258789,20.052000045776367,20.09000015258789,0,0.0,0.0,0.0
2024-02-29 10:30:00-05:00,20.100000381469727,20.106399536132812,20.09000015258789,20.099899291992188,5476,0.0,0.0,0.0
2024-02-29 11:30:00-05:00,20.095800399780273,20.100000381469727,20.095800399780273,20.100000381469727,509,0.0,0.0,0.0
2024-02-29 12:30:00-05:00,20.09000015258789,20.094999313354492,20.06999969482422,20.06999969482422,754,0.0,0.0,0.0
2024-02-29 13:30:00-05:00,20.075000762939453,20.08989906311035,20.075000762939453,20.08989906311035,4711,0.0,0.0,0.0
2024-02-29 14:30:00-05:00,20.079999923706055,20.079999923706055,20.06999969482422,20.06999969482422,2365,0.0,0.0,0.0
2024-02-29 15:30:00-05:00,20.072099685668945,20.084999084472656,20.06999969482422,20.080900192260742,3329,0.0,0.0,0.0
2024-03-01 09:30:00-05:00,20.010000228881836,20.06999969482422,20.010000228881836,20.06999969482422,0,0.0,0.0,0.0
2024-03-01 10:30:00-05:00,20.110000610351562,20.110000610351562,20.09000015258789,20.09000015258789,2818,0.0,0.0,0.0
2024-03-01 11:30:00-05:00,20.073400497436523,20.08989906311035,20.073400497436523,20.078899383544922,1620,0.0,0.0,0.0
2024-03-01 12:30:00-05:00,20.09000015258789,20.100000381469727,20.09000015258789,20.100000381469727,1764,0.0,0.0,0.0
2024-03-01 13:30:00-05:00,20.100000381469727,20.118499755859375,20.100000381469727,20.118000030517578,22775,0.0,0.0,0.0
2024-03-01 14:30:00-05:00,20.12299919128418,20.12299919128418,20.113000869750977,20.113000869750977,264,0.0,0.0,0.0
2024-03-01 15:30:00-05:00,20.114999771118164,20.1200008392334,20.110000610351562,20.110000610351562,1293,0.0,0.0,0.0
2024-03-04 09:30:00-05:00,20.059999465942383,20.068500518798828,20.059999465942383,20.068199157714844,0,0.0,0.0,0.0
2024-03-04 10:30:00-05:00,20.066600799560547,20.07200050354004,20.059999465942383,20.059999465942383,5639,0.0,0.0,0.0
2024-03-04 11:30:00-05:00,20.074199676513672,20.074199676513672,20.06999969482422,20.06999969482422,1762,0.0,0.0,0.0
2024-03-04 14:30:00-05:00,20.06999969482422,20.07699966430664,20.06999969482422,20.06999969482422,2127,0.0,0.0,0.0
2024-03-04 15:30:00-05:00,20.075000762939453,20.075000762939453,20.06999969482422,20.06999969482422,0,0.0,0.0,0.0
2024-03-05 09:30:00-05:00,20.149999618530273,20.149999618530273,20.149999618530273,20.149999618530273,605,0.0,0.0,0.0
2024-03-05 10:30:00-05:00,20.170799255371094,20.170799255371094,20.166900634765625,20.166900634765625,678,0.0,0.0,0.0
2024-03-05 11:30:00-05:00,20.16990089416504,20.170000076293945,20.15999984741211,20.15999984741211,1232,0.0,0.0,0.0
2024-03-05 12:30:00-05:00,20.15999984741211,20.170000076293945,20.15999984741211,20.170000076293945,3309,0.0,0.0,0.0
2024-03-05 13:30:00-05:00,20.170000076293945,20.184999465942383,20.170000076293945,20.184999465942383,2383,0.0,0.0,0.0
2024-03-05 14:30:00-05:00,20.183700561523438,20.187999725341797,20.183700561523438,20.187999725341797,1156,0.0,0.0,0.0
2024-03-05 15:30:00-05:00,20.187000274658203,20.190000534057617,20.184999465942383,20.184999465942383,2358,0.0,0.0,0.0
2024-03-06 09:30:00-05:00,20.229999542236328,20.239999771118164,20.219999313354492,20.239999771118164,0,0.0,0.0,0.0
2024-03-06 10:30:00-05:00,20.229999542236328,20.235000610351562,20.219999313354492,20.219999313354492,32439,0.0,0.0,0.0
2024-03-06 11:30:00-05:00,20.229999542236328,20.260000228881836,20.226600646972656,20.249900817871094,2995,0.0,0.0,0.0
2024-03-06 13:30:00-05:00,20.239999771118164,20.239999771118164,20.229999542236328,20.229999542236328,1260,0.0,0.0,0.0
2024-03-06 14:30:00-05:00,20.22800064086914,20.229999542236328,20.209999084472656,20.209999084472656,5358,0.0,0.0,0.0
2024-03-06 15:30:00-05:00,20.229999542236328,20.229999542236328,20.219999313354492,20.225000381469727,993,0.0,0.0,0.0
2024-03-07 09:30:00-05:00,20.270000457763672,20.270000457763672,20.23859977722168,20.23859977722168,0,0.0,0.0,0.0
2024-03-07 10:30:00-05:00,20.23150062561035,20.23150062561035,20.23150062561035,20.23150062561035,100,0.0,0.0,0.0
2024-03-07 11:30:00-05:00,20.25,20.25,20.229999542236328,20.229999542236328,1285,0.0,0.0,0.0
2024-03-07 12:30:00-05:00,20.229999542236328,20.239999771118164,20.229999542236328,20.239999771118164,264,0.0,0.0,0.0
2024-03-07 13:30:00-05:00,20.239999771118164,20.24920082092285,20.239999771118164,20.24920082092285,1523,0.0,0.0,0.0
2024-03-07 14:30:00-05:00,20.2450008392334,20.270000457763672,20.2450008392334,20.264999389648438,7881,0.0,0.0,0.0
2024-03-07 15:30:00-05:00,20.261699676513672,20.270000457763672,20.261699676513672,20.270000457763672,0,0.0,0.0,0.0
2024-03-08 09:30:00-05:00,20.30970001220703,20.311800003051758,20.298999786376953,20.298999786376953,745,0.0,0.0,0.0
2024-03-08 10:30:00-05:00,20.28030014038086,20.28030014038086,20.28030014038086,20.28030014038086,428,0.0,0.0,0.0
2024-03-08 11:30:00-05:00,20.28569984436035,20.288000106811523,20.272499084472656,20.288000106811523,3029,0.0,0.0,0.0
2024-03-08 12:30:00-05:00,20.296499252319336,20.29800033569336,20.280099868774414,20.296899795532227,4017,0.0,0.0,0.0
2024-03-08 13:30:00-05:00,20.290000915527344,20.290000915527344,20.286800384521484,20.286800384521484,1027,0.0,0.0,0.0
2024-03-08 14:30:00-05:00,20.28849983215332,20.290000915527344,20.280099868774414,20.280099868774414,66958,0.0,0.0,0.0
2024-03-08 15:30:00-05:00,20.28969955444336,20.290000915527344,20.28499984741211,20.290000915527344,687,0.0,0.0,0.0
2024-03-11 09:30:00-04:00,20.290000915527344,20.290000915527344,20.2814998626709,20.290000915527344,0,0.0,0.0,0.0
2024-03-11 10:30:00-04:00,20.280000686645508,20.280000686645508,20.280000686645508,20.280000686645508,300,0.0,0.0,0.0
2024-03-11 11:30:00-04:00,20.268800735473633,20.270000457763672,20.268800735473633,20.270000457763672,1213,0.0,0.0,0.0
2024-03-11 12:30:00-04:00,20.276199340820312,20.276199340820312,20.270000457763672,20.270000457763672,3010,0.0,0.0,0.0
2024-03-11 13:30:00-04:00,20.278600692749023,20.280000686645508,20.270000457763672,20.270000457763672,4405,0.0,0.0,0.0
2024-03-11 14:30:00-04:00,20.2549991607666,20.269899368286133,20.25200080871582,20.264999389648438,5357,0.0,0.0,0.0
2024-03-11 15:30:00-04:00,20.26740074157715,20.26740074157715,20.260000228881836,20.264999389648438,8525,0.0,0.0,0.0
2024-03-12 09:30:00-04:00,20.219999313354492,20.219999313354492,20.190000534057617,20.20009994506836,0,0.0,0.0,0.0
2024-03-12 10:30:00-04:00,20.204999923706055,20.204999923706055,20.19499969482422,20.19849967956543,1971,0.0,0.0,0.0
2024-03-12 11:30:00-04:00,20.190000534057617,20.19860076904297,20.18440055847168,20.18440055847168,2054,0.0,0.0,0.0
2024-03-12 12:30:00-04:00,20.184999465942383,20.184999465942383,20.18000030517578,20.18000030517578,557,0.0,0.0,0.0
2024-03-12 13:30:00-04:00,20.179000854492188,20.179000854492188,20.179000854492188,20.179000854492188,950,0.0,0.0,0.0
2024-03-12 14:30:00-04:00,20.19659996032715,20.19969940185547,20.176000595092773,20.190000534057617,3875,0.0,0.0,0.0
2024-03-12 15:30:00-04:00,20.18000030517578,20.18000030517578,20.170000076293945,20.178800582885742,427,0.0,0.0,0.0
2024-03-13 09:30:00-04:00,20.158700942993164,20.158700942993164,20.149999618530273,20.15329933166504,0,0.0,0.0,0.0
2024-03-13 10:30:00-04:00,20.155000686645508,20.166400909423828,20.149999618530273,20.159799575805664,5158,0.0,0.0,0.0
2024-03-13 11:30:00-04:00,20.149999618530273,20.149999618530273,20.1299991607666,20.145000457763672,7162,0.0,0.0,0.0
2024-03-13 12:30:00-04:00,20.145000457763672,20.170000076293945,20.145000457763672,20.15999984741211,504,0.0,0.0,0.0
2024-03-13 13:30:00-04:00,20.149999618530273,20.149999618530273,20.144899368286133,20.144899368286133,8227,0.0,0.0,0.0
2024-03-13 14:30:00-04:00,20.145000457763672,20.145000457763672,20.1299991607666,20.1299991607666,1167,0.0,0.0,0.0
2024-03-13 15:30:00-04:00,20.1299991607666,20.139699935913086,20.1299991607666,20.135000228881836,1944,0.0,0.0,0.0
2024-03-14 09:30:00-04:00,20.079999923706055,20.079999923706055,20.040000915527344,20.040000915527344,0,0.0,0.0,0.0
2024-03-14 10:30:00-04:00,20.020000457763672,20.020000457763672,20.01799964904785,20.01799964904785,878,0.0,0.0,0.0
2024-03-14 11:30:00-04:00,20.010000228881836,20.010000228881836,20.0049991607666,20.010000228881836,494,0.0,0.0,0.0
2024-03-14 12:30:00-04:00,20.010000228881836,20.010000228881836,20.010000228881836,20.010000228881836,138,0.0,0.0,0.0
2024-03-14 13:30:00-04:00,20.000099182128906,20.000099182128906,20.0,20.0,252,0.0,0.0,0.0
2024-03-14 14:30:00-04:00,20.0049991607666,20.010000228881836,20.0049991607666,20.010000228881836,3515,0.0,0.0,0.0
2024-03-14 15:30:00-04:00,20.0049991607666,20.010000228881836,20.00149917602539,20.010000228881836,1778,0.0,0.0,0.0
2024-03-15 10:30:00-04:00,19.969999313354492,19.98699951171875,19.969999313354492,19.98699951171875,1785,0.0,0.0,0.0
2024-03-15 11:30:00-04:00,19.983999252319336,19.983999252319336,19.969999313354492,19.98270034790039,2170,0.0,0.0,0.0
2024-03-15 12:30:00-04:00,19.989999771118164,19.989999771118164,19.969999313354492,19.969999313354492,3181,0.0,0.0,0.0
2024-03-15 13:30:00-04:00,19.97010040283203,19.975000381469727,19.97010040283203,19.975000381469727,1088,0.0,0.0,0.0
2024-03-15 14:30:00-04:00,19.989900588989258,19.989999771118164,19.979999542236328,19.989999771118164,6278,0.0,0.0,0.0
2024-03-15 15:30:00-04:00,19.9862003326416,19.9862003326416,19.975000381469727,19.975000381469727,2822,0.0,0.0,0.0
2024-03-18 09:30:00-04:00,19.959999084472656,19.963199615478516,19.959999084472656,19.963199615478516,0,0.0,0.0,0.0
2024-03-18 10:30:00-04:00,19.950000762939453,19.954999923706055,19.950000762939453,19.950000762939453,898,0.0,0.0,0.0
2024-03-18 11:30:00-04:00,19.954999923706055,19.954999923706055,19.945100784301758,19.945100784301758,2029,0.0,0.0,0.0
2024-03-18 12:30:00-04:00,19.942100524902344,19.94849967956543,19.942100524902344,19.94499969482422,1097,0.0,0.0,0.0
2024-03-18 13:30:00-04:00,19.940000534057617,19.940000534057617,19.920000076293945,19.934999465942383,5002,0.0,0.0,0.0
2024-03-18 14:30:00-04:00,19.93950080871582,19.94499969482422,19.93950080871582,19.94499969482422,6909,0.0,0.0,0.0
2024-03-18 15:30:00-04:00,19.94499969482422,19.94499969482422,19.94499969482422,19.94499969482422,101,0.0,0.0,0.0
2024-03-19 09:30:00-04:00,19.989999771118164,19.989999771118164,19.989999771118164,19.989999771118164,4680,0.0,0.0,0.0
2024-03-19 10:30:00-04:00,19.979999542236328,19.999000549316406,19.979999542236328,19.989999771118164,2480,0.0,0.0,0.0
2024-03-19 11:30:00-04:00,19.979999542236328,19.989999771118164,19.979999542236328,19.980100631713867,1054,0.0,0.0,0.0
2024-03-19 12:30:00-04:00,19.996599197387695,19.996599197387695,19.980300903320312,19.980300903320312,2495,0.0,0.0,0.0
2024-03-19 13:30:00-04:00,20.0,20.0,19.99519920349121,19.99519920349121,859,0.0,0.0,0.0
2024-03-19 14:30:00-04:00,19.989999771118164,20.00469970703125,19.989999771118164,20.00469970703125,1656,0.0,0.0,0.0
2024-03-19 15:30:00-04:00,20.0,20.0049991607666,19.989999771118164,20.0049991607666,1737,0.0,0.0,0.0
2024-03-20 09:30:00-04:00,20.020000457763672,20.020000457763672,20.0,20.010000228881836,1276,0.0,0.0,0.0
2024-03-20 10:30:00-04:00,20.020000457763672,20.027999877929688,20.020000457763672,20.023099899291992,1488,0.0,0.0,0.0
2024-03-20 11:30:00-04:00,20.028499603271484,20.028499603271484,20.028499603271484,20.028499603271484,410,0.0,0.0,0.0
2024-03-20 12:30:00-04:00,20.038000106811523,20.038000106811523,20.038000106811523,20.038000106811523,103,0.0,0.0,0.0
2024-03-20 13:30:00-04:00,20.040000915527344,20.079999923706055,20.010000228881836,20.010000228881836,5500,0.0,0.0,0.0
2024-03-20 14:30:00-04:00,20.010000228881836,20.059999465942383,20.0,20.040000915527344,9043,0.0,0.0,0.0
2024-03-20 15:30:00-04:00,20.059999465942383,20.059999465942383,20.04640007019043,20.04640007019043,499,0.0,0.0,0.0
2024-03-21 09:30:00-04:00,20.080299377441406,20.080299377441406,20.040000915527344,20.049999237060547,4406,0.0,0.0,0.0
2024-03-21 10:30:00-04:00,20.045000076293945,20.048900604248047,20.040000915527344,20.047000885009766,2341,0.0,0.0,0.0
2024-03-21 11:30:00-04:00,20.04450035095215,20.04990005493164,20.04450035095215,20.04990005493164,1060,0.0,0.0,0.0
2024-03-21 12:30:00-04:00,20.049999237060547,20.049999237060547,20.049999237060547,20.049999237060547,2123,0.0,0.0,0.0
2024-03-21 13:30:00-04:00,20.045000076293945,20.059900283813477,20.045000076293945,20.058500289916992,5616,0.0,0.0,0.0
2024-03-21 14:30:00-04:00,20.049999237060547,20.059999465942383,20.049999237060547,20.055200576782227,2605,0.0,0.0,0.0
2024-03-21 15:30:00-04:00,20.050100326538086,20.059999465942383,20.049999237060547,20.05500030517578,4855,0.0,0.0,0.0
2024-03-22 09:30:00-04:00,20.139999389648438,20.139999389648438,20.139999389648438,20.139999389648438,537,0.0,0.0,0.0
2024-03-22 10:30:00-04:00,20.138099670410156,20.138099670410156,20.1200008392334,20.136600494384766,5514,0.0,0.0,0.0
2024-03-22 11:30:00-04:00,20.139999389648438,20.139999389648438,20.139999389648438,20.139999389648438,166,0.0,0.0,0.0
2024-03-22 12:30:00-04:00,20.139999389648438,20.139999389648438,20.1299991607666,20.1299991607666,2959,0.0,0.0,0.0
2024-03-22 13:30:00-04:00,20.13990020751953,20.139999389648438,20.1299991607666,20.135000228881836,31702,0.0,0.0,0.0
2024-03-22 14:30:00-04:00,20.1299991607666,20.135000228881836,20.1299991607666,20.1299991607666,4803,0.0,0.0,0.0
2024-03-22 15:30:00-04:00,20.138099670410156,20.13990020751953,20.1299991607666,20.1299991607666,0,0.0,0.0,0.0
2024-03-25 09:30:00-04:00,20.110000610351562,20.110000610351562,20.110000610351562,20.110000610351562,585,0.0,0.0,0.0
2024-03-25 10:30:00-04:00,20.104999542236328,20.104999542236328,20.104999542236328,20.104999542236328,340,0.0,0.0,0.0
2024-03-25 11:30:00-04:00,20.09000015258789,20.09000015258789,20.086299896240234,20.086299896240234,850,0.0,0.0,0.0
2024-03-25 12:30:00-04:00,20.099899291992188,20.100000381469727,20.099899291992188,20.100000381469727,1460,0.0,0.0,0.0
2024-03-25 13:30:00-04:00,20.109100341796875,20.109100341796875,20.079999923706055,20.079999923706055,391,0.0,0.0,0.0
2024-03-25 14:30:00-04:00,20.08009910583496,20.08329963684082,20.079999923706055,20.08329963684082,4072,0.0,0.0,0.0
2024-03-25 15:30:00-04:00,20.094999313354492,20.098100662231445,20.09000015258789,20.09000015258789,1080,0.0,0.0,0.0
2024-03-26 09:30:00-04:00,20.09000015258789,20.09000015258789,20.070199966430664,20.075000762939453,3552,0.0,0.0,0.0
2024-03-26 10:30:00-04:00,20.075000762939453,20.075000762939453,20.075000762939453,20.075000762939453,239,0.0,0.0,0.0
2024-03-26 11:30:00-04:00,20.08370018005371,20.08970069885254,20.079999923706055,20.08970069885254,1784,0.0,0.0,0.0
2024-03-26 12:30:00-04:00,20.094999313354492,20.1200008392334,20.094999313354492,20.1200008392334,572,0.0,0.0,0.0
2024-03-26 13:30:00-04:00,20.110000610351562,20.110000610351562,20.104999542236328,20.109899520874023,3440,0.0,0.0,0.0
2024-03-26 14:30:00-04:00,20.114999771118164,20.1299991607666,20.113000869750977,20.1299991607666,3321,0.0,0.0,0.0
2024-03-26 15:30:00-04:00,20.1200008392334,20.1299991607666,20.1200008392334,20.125,3375,0.0,0.0,0.0
2024-03-27 09:30:00-04:00,20.139999389648438,20.147300720214844,20.139999389648438,20.139999389648438,549,0.0,0.0,0.0
2024-03-27 10:30:00-04:00,20.149999618530273,20.165000915527344,20.149999618530273,20.165000915527344,296,0.0,0.0,0.0
2024-03-27 11:30:00-04:00,20.174999237060547,20.176000595092773,20.15999984741211,20.170000076293945,1399,0.0,0.0,0.0
2024-03-27 12:30:00-04:00,20.170000076293945,20.18000030517578,20.170000076293945,20.18000030517578,2600,0.0,0.0,0.0
2024-03-27 13:30:00-04:00,20.180299758911133,20.18829917907715,20.170000076293945,20.170000076293945,3616,0.0,0.0,0.0
2024-03-27 14:30:00-04:00,20.170000076293945,20.18829917907715,20.170000076293945,20.184999465942383,7920,0.0,0.0,0.0
2024-03-27 15:30:00-04:00,20.185699462890625,20.185699462890625,20.18000030517578,20.180599212646484,5443,0.0,0.0,0.0
2024-03-28 09:30:00-04:00,20.149999618530273,20.170000076293945,20.149999618530273,20.170000076293945,596,0.0,0.0,0.0
2024-03-28 10:30:00-04:00,20.170000076293945,20.174999237060547,20.170000076293945,20.17009925842285,2007,0.0,0.0,0.0
2024-03-28 11:30:00-04:00,20.18000030517578,20.190000534057617,20.18000030517578,20.181699752807617,5116,0.0,0.0,0.0
2024-03-28 12:30:00-04:00,20.17970085144043,20.17970085144043,20.170000076293945,20.170000076293945,3847,0.0,0.0,0.0
2024-03-28 13:30:00-04:00,20.15999984741211,20.170000076293945,20.15999984741211,20.170000076293945,1128,0.0,0.0,0.0
2024-03-28 14:30:00-04:00,20.165000915527344,20.165000915527344,20.165000915527344,20.165000915527344,0,0.0,0.0,0.0
2024-03-28 15:30:00-04:00,20.165000915527344,20.165000915527344,20.15999984741211,20.15999984741211,1277,0.0,0.0,0.0
2024-04-01 09:30:00-04:00,20.049999237060547,20.049999237060547,19.969999313354492,19.969999313354492,0,0.0,0.0,0.0
2024-04-01 10:30:00-04:00,19.959999084472656,19.959999084472656,19.940099716186523,19.94099998474121,9310,0.0,0.0,0.0
2024-04-01 11:30:00-04:00,19.940000534057617,19.940000534057617,19.93000030517578,19.940000534057617,11741,0.0,0.0,0.0
2024-04-01 12:30:00-04:00,19.934999465942383,19.940000534057617,19.934999465942383,19.940000534057617,3670,0.0,0.0,0.0
2024-04-01 13:30:00-04:00,19.933799743652344,19.933799743652344,19.933799743652344,19.933799743652344,1068,0.0,0.0,0.0
2024-04-01 14:30:00-04:00,19.937700271606445,19.946500778198242,19.93000030517578,19.93630027770996,5147,0.0,0.0,0.0
2024-04-01 15:30:00-04:00,19.93000030517578,19.950000762939453,19.93000030517578,19.950000762939453,2699,0.0,0.0,0.0
2024-04-02 09:30:00-04:00,19.8700008392334,19.8799991607666,19.850000381469727,19.87700080871582,0,0.0,0.0,0.0
2024-04-02 10:30:00-04:00,19.899999618530273,19.908599853515625,19.899999618530273,19.899999618530273,1168,0.0,0.0,0.0
2024-04-02 11:30:00-04:00,19.899999618530273,19.9064998626709,19.889999389648438,19.9064998626709,2325,0.0,0.0,0.0
2024-04-02 12:30:00-04:00,19.889999389648438,19.908000946044922,19.889999389648438,19.89859962463379,1700,0.0,0.0,0.0
2024-04-02 13:30:00-04:00,19.89539909362793,19.901899337768555,19.895000457763672,19.899999618530273,1932,0.0,0.0,0.0
2024-04-02 14:30:00-04:00,19.899999618530273,19.90999984741211,19.890100479125977,19.8966007232666,5967,0.0,0.0,0.0
2024-04-02 15:30:00-04:00,19.905000686645508,19.90999984741211,19.905000686645508,19.905000686645508,1940,0.0,0.0,0.0
2024-04-03 09:30:00-04:00,19.84000015258789,19.860000610351562,19.81999969482422,19.85849952697754,3468,0.0,0.0,0.0
2024-04-03 10:30:00-04:00,19.854999542236328,19.860000610351562,19.854999542236328,19.860000610351562,976,0.0,0.0,0.0
2024-04-03 11:30:00-04:00,19.8799991607666,19.885000228881836,19.8799991607666,19.880399703979492,3778,0.0,0.0,0.0
2024-04-03 12:30:00-04:00,19.905000686645508,19.905000686645508,19.905000686645508,19.905000686645508,410,0.0,0.0,0.0
2024-04-03 13:30:00-04:00,19.899999618530273,19.909900665283203,19.899999618530273,19.909900665283203,5510,0.0,0.0,0.0
2024-04-03 14:30:00-04:00,19.919700622558594,19.920000076293945,19.90999984741211,19.90999984741211,3042,0.0,0.0,0.0
2024-04-03 15:30:00-04:00,19.912099838256836,19.93000030517578,19.912099838256836,19.93000030517578,1873,0.0,0.0,0.0
2024-04-04 09:30:00-04:00,19.969900131225586,19.969900131225586,19.93000030517578,19.93000030517578,2493,0.0,0.0,0.0
2024-04-04 10:30:00-04:00,19.930099487304688,19.940000534057617,19.930099487304688,19.931900024414062,2549,0.0,0.0,0.0
2024-04-04 11:30:00-04:00,19.931699752807617,19.93939971923828,19.920000076293945,19.920000076293945,3101,0.0,0.0,0.0
2024-04-04 12:30:00-04:00,19.93000030517578,19.931699752807617,19.93000030517578,19.93000030517578,6716,0.0,0.0,0.0
2024-04-04 13:30:00-04:00,19.920000076293945,19.950000762939453,19.920000076293945,19.950000762939453,2768,0.0,0.0,0.0
2024-04-04 14:30:00-04:00,19.950000762939453,19.979999542236328,19.950000762939453,19.978500366210938,2083,0.0,0.0,0.0
2024-04-04 15:30:00-04:00,19.986099243164062,19.998600006103516,19.986099243164062,19.998600006103516,2681,0.0,0.0,0.0
2024-04-05 09:30:00-04:00,19.899999618530273,19.936800003051758,19.899999618530273,19.936800003051758,1829,0.0,0.0,0.0
2024-04-05 10:30:00-04:00,19.923500061035156,19.92620086669922,19.889999389648438,19.889999389648438,3177,0.0,0.0,0.0
2024-04-05 11:30:00-04:00,19.909900665283203,19.90999984741211,19.899999618530273,19.90999984741211,146,0.0,0.0,0.0
2024-04-05 13:30:00-04:00,19.900100708007812,19.909900665283203,19.900100708007812,19.909900665283203,1553,0.0,0.0,0.0
2024-04-05 14:30:00-04:00,19.899999618530273,19.899999618530273,19.889999389648438,19.889999389648438,4188,0.0,0.0,0.0
2024-04-05 15:30:00-04:00,19.874000549316406,19.879899978637695,19.8700008392334,19.875,3113,0.0,0.0,0.0
2024-04-08 09:30:00-04:00,19.809999465942383,19.844999313354492,19.809999465942383,19.829999923706055,5988,0.0,0.0,0.0
2024-04-08 10:30:00-04:00,19.829999923706055,19.829999923706055,19.81999969482422,19.81999969482422,5583,0.0,0.0,0.0
2024-04-08 11:30:00-04:00,19.81369972229004,19.82990074157715,19.80270004272461,19.80270004272461,3773,0.0,0.0,0.0
2024-04-08 13:30:00-04:00,19.828500747680664,19.83049964904785,19.81999969482422,19.83049964904785,8814,0.0,0.0,0.0
2024-04-08 14:30:00-04:00,19.825199127197266,19.829999923706055,19.825199127197266,19.829999923706055,6300,0.0,0.0,0.0
2024-04-08 15:30:00-04:00,19.828399658203125,19.828399658203125,19.81999969482422,19.81999969482422,1758,0.0,0.0,0.0
2024-04-09 09:30:00-04:00,19.889999389648438,19.899999618530273,19.889799118041992,19.899999618530273,7248,0.0,0.0,0.0
2024-04-09 10:30:00-04:00,19.90169906616211,19.90999984741211,19.899999618530273,19.899999618530273,2835,0.0,0.0,0.0
2024-04-09 11:30:00-04:00,19.899999618530273,19.906400680541992,19.899999618530273,19.899999618530273,1037,0.0,0.0,0.0
2024-04-09 12:30:00-04:00,19.899999618530273,19.90999984741211,19.899999618530273,19.899999618530273,4778,0.0,0.0,0.0
2024-04-09 13:30:00-04:00,19.90999984741211,19.90999984741211,19.899999618530273,19.905000686645508,440,0.0,0.0,0.0
2024-04-09 14:30:00-04:00,19.889999389648438,19.90999984741211,19.889999389648438,19.899999618530273,4731,0.0,0.0,0.0
2024-04-09 15:30:00-04:00,19.898099899291992,19.899999618530273,19.895000457763672,19.899999618530273,2348,0.0,0.0,0.0
2024-04-10 09:30:00-04:00,19.729999542236328,19.730300903320312,19.690000534057617,19.690000534057617,4690,0.0,0.0,0.0
2024-04-10 10:30:00-04:00,19.71500015258789,19.71500015258789,19.700000762939453,19.700700759887695,5853,0.0,0.0,0.0
2024-04-10 11:30:00-04:00,19.70870018005371,19.70870018005371,19.68000030517578,19.684999465942383,4924,0.0,0.0,0.0
2024-04-10 12:30:00-04:00,19.68000030517578,19.68000030517578,19.610000610351562,19.632299423217773,17803,0.0,0.0,0.0
2024-04-10 13:30:00-04:00,19.65999984741211,19.66990089416504,19.637100219726562,19.648799896240234,10485,0.0,0.0,0.0
2024-04-10 14:30:00-04:00,19.6299991607666,19.895000457763672,19.6200008392334,19.6299991607666,1767,0.0,0.0,0.0
2024-04-10 15:30:00-04:00,19.6299991607666,19.638700485229492,19.6299991607666,19.6299991607666,5420,0.0,0.0,0.0
2024-04-11 09:30:00-04:00,19.659400939941406,19.659400939941406,19.6200008392334,19.6200008392334,2228,0.0,0.0,0.0
2024-04-11 10:30:00-04:00,19.6200008392334,19.6200008392334,19.6200008392334,19.6200008392334,418,0.0,0.0,0.0
2024-04-11 11:30:00-04:00,19.610000610351562,19.635000228881836,19.610000610351562,19.629899978637695,3707,0.0,0.0,0.0
2024-04-11 12:30:00-04:00,19.610000610351562,19.610000610351562,19.610000610351562,19.610000610351562,247,0.0,0.0,0.0
2024-04-11 13:30:00-04:00,19.6299991607666,19.66990089416504,19.6299991607666,19.655000686645508,6630,0.0,0.0,0.0
2024-04-11 14:30:00-04:00,19.614999771118164,19.636999130249023,19.614999771118164,19.636999130249023,3100,0.0,0.0,0.0
2024-04-11 15:30:00-04:00,19.6200008392334,19.6299991607666,19.6200008392334,19.62660026550293,1901,0.0,0.0,0.0
2024-04-12 09:30:00-04:00,19.716299057006836,19.729999542236328,19.709999084472656,19.729999542236328,3136,0.0,0.0,0.0
2024-04-12 10:30:00-04:00,19.729999542236328,19.729999542236328,19.709999084472656,19.709999084472656,259953,0.0,0.0,0.0
2024-04-12 11:30:00-04:00,19.708999633789062,19.709999084472656,19.69499969482422,19.709999084472656,706,0.0,0.0,0.0
2024-04-12 12:30:00-04:00,19.712200164794922,19.712200164794922,19.712200164794922,19.712200164794922,295,0.0,0.0,0.0
2024-04-12 13:30:00-04:00,19.749000549316406,19.749000549316406,19.729999542236328,19.729999542236328,78590,0.0,0.0,0.0
2024-04-12 14:30:00-04:00,19.732200622558594,19.732200622558594,19.718700408935547,19.718700408935547,0,0.0,0.0,0.0
2024-04-12 15:30:00-04:00,19.719999313354492,19.719999313354492,19.709999084472656,19.71500015258789,12582,0.0,0.0,0.0
2024-04-15 09:30:00-04:00,19.579999923706055,19.579999923706055,19.520000457763672,19.530000686645508,11610,0.0,0.0,0.0
2024-04-15 10:30:00-04:00,19.5398006439209,19.59000015258789,19.5398006439209,19.56800079345703,5444,0.0,0.0,0.0
2024-04-15 11:30:00-04:00,19.556900024414062,19.559999465942383,19.546300888061523,19.559999465942383,8358,0.0,0.0,0.0
2024-04-15 12:30:00-04:00,19.560400009155273,19.56999969482422,19.559999465942383,19.559999465942383,1776,0.0,0.0,0.0
2024-04-15 13:30:00-04:00,19.56999969482422,19.56999969482422,19.559999465942383,19.565000534057617,9616,0.0,0.0,0.0
2024-04-15 14:30:00-04:00,19.559999465942383,19.56999969482422,19.559999465942383,19.56999969482422,6043,0.0,0.0,0.0
2024-04-15 15:30:00-04:00,19.575000762939453,19.584999084472656,19.575000762939453,19.584999084472656,838,0.0,0.0,0.0
2024-04-16 09:30:00-04:00,19.5,19.53030014038086,19.491100311279297,19.53030014038086,3004,0.0,0.0,0.0
2024-04-16 10:30:00-04:00,19.519399642944336,19.54129981994629,19.519399642944336,19.54129981994629,2773,0.0,0.0,0.0
2024-04-16 11:30:00-04:00,19.540000915527344,19.5487003326416,19.530000686645508,19.53499984741211,2159,0.0,0.0,0.0
2024-04-16 12:30:00-04:00,19.527299880981445,19.530000686645508,19.510000228881836,19.510000228881836,4039,0.0,0.0,0.0
2024-04-16 13:30:00-04:00,19.5049991607666,19.530000686645508,19.500499725341797,19.520000457763672,23131,0.0,0.0,0.0
2024-04-16 14:30:00-04:00,19.53499984741211,19.540000915527344,19.52199935913086,19.530000686645508,1252,0.0,0.0,0.0
2024-04-16 15:30:00-04:00,19.520000457763672,19.520000457763672,19.5,19.5,819,0.0,0.0,0.0
2024-04-17 09:30:00-04:00,19.569700241088867,19.56999969482422,19.569700241088867,19.56999969482422,824,0.0,0.0,0.0
2024-04-17 10:30:00-04:00,19.56999969482422,19.59000015258789,19.56999969482422,19.59000015258789,4715,0.0,0.0,0.0
2024-04-17 11:30:00-04:00,19.600000381469727,19.600000381469727,19.59000015258789,19.59000015258789,1358,0.0,0.0,0.0
2024-04-17 12:30:00-04:00,19.6299991607666,19.6299991607666,19.6200008392334,19.6200008392334,1443,0.0,0.0,0.0
2024-04-17 13:30:00-04:00,19.601600646972656,19.648700714111328,19.601600646972656,19.639999389648438,4907,0.0,0.0,0.0
2024-04-17 14:30:00-04:00,19.638599395751953,19.638599395751953,19.620100021362305,19.620100021362305,3131,0.0,0.0,0.0
2024-04-18 09:30:00-04:00,19.6200008392334,19.6200008392334,19.56999969482422,19.579999923706055,4522,0.0,0.0,0.0
2024-04-18 10:30:00-04:00,19.578800201416016,19.579999923706055,19.569400787353516,19.56999969482422,8890,0.0,0.0,0.0
2024-04-18 11:30:00-04:00,19.56999969482422,19.56999969482422,19.549999237060547,19.559999465942383,1707,0.0,0.0,0.0
2024-04-18 12:30:00-04:00,19.559999465942383,19.559999465942383,19.540000915527344,19.55500030517578,1670,0.0,0.0,0.0
2024-04-18 13:30:00-04:00,19.55500030517578,19.558000564575195,19.549999237060547,19.549999237060547,2203,0.0,0.0,0.0
2024-04-18 14:30:00-04:00,19.552099227905273,19.559900283813477,19.552099227905273,19.559900283813477,1913,0.0,0.0,0.0
2024-04-18 15:30:00-04:00,19.562599182128906,19.565000534057617,19.562599182128906,19.565000534057617,2029,0.0,0.0,0.0
2024-04-19 09:30:00-04:00,19.600000381469727,19.610000610351562,19.580299377441406,19.580299377441406,22851,0.0,0.0,0.0
2024-04-19 10:30:00-04:00,19.599899291992188,19.599899291992188,19.584999084472656,19.590099334716797,1014,0.0,0.0,0.0
2024-04-19 11:30:00-04:00,19.603099822998047,19.603099822998047,19.600000381469727,19.600000381469727,515,0.0,0.0,0.0
2024-04-19 12:30:00-04:00,19.589799880981445,19.589799880981445,19.589799880981445,19.589799880981445,332,0.0,0.0,0.0
2024-04-19 13:30:00-04:00,19.57939910888672,19.584999084472656,19.571399688720703,19.584999084472656,6182,0.0,0.0,0.0
2024-04-19 14:30:00-04:00,19.579999923706055,19.59709930419922,19.579999923706055,19.59000015258789,7574,0.0,0.0,0.0
2024-04-19 15:30:00-04:00,19.59000015258789,19.59000015258789,19.584999084472656,19.59000015258789,2369,0.0,0.0,0.0
2024-04-22 09:30:00-04:00,19.56999969482422,19.57469940185547,19.56399917602539,19.57469940185547,4259,0.0,0.0,0.0
2024-04-22 10:30:00-04:00,19.56999969482422,19.589000701904297,19.56999969482422,19.589000701904297,1569,0.0,0.0,0.0
2024-04-22 11:30:00-04:00,19.59000015258789,19.609899520874023,19.59000015258789,19.59869956970215,2907,0.0,0.0,0.0
2024-04-22 12:30:00-04:00,19.588699340820312,19.588699340820312,19.588699340820312,19.588699340820312,134,0.0,0.0,0.0
2024-04-22 13:30:00-04:00,19.59000015258789,19.59000015258789,19.580299377441406,19.584999084472656,5436,0.0,0.0,0.0
2024-04-22 14:30:00-04:00,19.588199615478516,19.59000015258789,19.56999969482422,19.58449935913086,1403,0.0,0.0,0.0
2024-04-22 15:30:00-04:00,19.58989906311035,19.594999313354492,19.58989906311035,19.594999313354492,7606,0.0,0.0,0.0
2024-04-23 09:30:00-04:00,19.56999969482422,19.659900665283203,19.569900512695312,19.659900665283203,6756,0.0,0.0,0.0
2024-04-23 10:30:00-04:00,19.645000457763672,19.649999618530273,19.6299991607666,19.6299991607666,5892,0.0,0.0,0.0
2024-04-23 11:30:00-04:00,19.638700485229492,19.639999389648438,19.6299991607666,19.639999389648438,3466,0.0,0.0,0.0
2024-04-23 12:30:00-04:00,19.6387996673584,19.6387996673584,19.6387996673584,19.6387996673584,600,0.0,0.0,0.0
2024-04-23 13:30:00-04:00,19.639999389648438,19.649999618530273,19.6299991607666,19.6299991607666,4961,0.0,0.0,0.0
2024-04-23 14:30:00-04:00,19.632099151611328,19.639999389648438,19.6200008392334,19.625,59357,0.0,0.0,0.0
2024-04-23 15:30:00-04:00,19.620100021362305,19.628599166870117,19.6200008392334,19.625,1802,0.0,0.0,0.0
2024-04-24 09:30:00-04:00,19.59000015258789,19.59000015258789,19.558700561523438,19.55900001525879,10229,0.0,0.0,0.0
2024-04-24 10:30:00-04:00,19.549999237060547,19.56999969482422,19.54990005493164,19.566299438476562,0,0.0,0.0,0.0
2024-04-24 11:30:00-04:00,19.56999969482422,19.56999969482422,19.565000534057617,19.56999969482422,7249,0.0,0.0,0.0
2024-04-24 12:30:00-04:00,19.56999969482422,19.575000762939453,19.559999465942383,19.559999465942383,8397,0.0,0.0,0.0
2024-04-24 13:30:00-04:00,19.55739974975586,19.558000564575195,19.55500030517578,19.558000564575195,2275,0.0,0.0,0.0
2024-04-24 14:30:00-04:00,19.55500030517578,19.566999435424805,19.55500030517578,19.566999435424805,0,0.0,0.0,0.0
2024-04-24 15:30:00-04:00,19.57740020751953,19.579999923706055,19.570499420166016,19.577999114990234,30164,0.0,0.0,0.0
2024-04-25 09:30:00-04:00,19.471200942993164,19.485000610351562,19.471200942993164,19.485000610351562,2420,0.0,0.0,0.0
2024-04-25 10:30:00-04:00,19.489900588989258,19.5,19.489900588989258,19.496299743652344,1174,0.0,0.0,0.0
2024-04-25 11:30:00-04:00,19.5,19.5049991607666,19.489999771118164,19.489999771118164,5230,0.0,0.0,0.0
2024-04-25 12:30:00-04:00,19.4950008392334,19.519899368286133,19.4950008392334,19.5049991607666,8889,0.0,0.0,0.0
2024-04-25 13:30:00-04:00,19.4950008392334,19.510000228881836,19.4906005859375,19.4950008392334,7951,0.0,0.0,0.0
2024-04-25 14:30:00-04:00,19.4950008392334,19.49970054626465,19.4950008392334,19.49970054626465,710,0.0,0.0,0.0
2024-04-25 15:30:00-04:00,19.489999771118164,19.5049991607666,19.489999771118164,19.5049991607666,2818,0.0,0.0,0.0
2024-04-26 09:30:00-04:00,19.56290054321289,19.56290054321289,19.56290054321289,19.56290054321289,0,0.0,0.0,0.0
2024-04-26 11:30:00-04:00,19.545000076293945,19.549999237060547,19.545000076293945,19.549999237060547,429,0.0,0.0,0.0
2024-04-26 12:30:00-04:00,19.5403995513916,19.542999267578125,19.5403995513916,19.542999267578125,703,0.0,0.0,0.0
2024-04-26 13:30:00-04:00,19.540000915527344,19.548500061035156,19.540000915527344,19.540000915527344,5936,0.0,0.0,0.0
2024-04-26 14:30:00-04:00,19.545000076293945,19.548599243164062,19.54199981689453,19.548599243164062,969,0.0,0.0,0.0
2024-04-26 15:30:00-04:00,19.539199829101562,19.545000076293945,19.539199829101562,19.545000076293945,2917,0.0,0.0,0.0
2024-04-29 09:30:00-04:00,19.579999923706055,19.579999923706055,19.579999923706055,19.579999923706055,444,0.0,0.0,0.0
2024-04-29 10:30:00-04:00,19.600000381469727,19.6200008392334,19.59000015258789,19.618799209594727,4268,0.0,0.0,0.0
2024-04-29 12:30:00-04:00,19.61009979248047,19.624500274658203,19.61009979248047,19.624500274658203,802,0.0,0.0,0.0
2024-04-29 13:30:00-04:00,19.629899978637695,19.629899978637695,19.610000610351562,19.613100051879883,4489,0.0,0.0,0.0
2024-04-29 14:30:00-04:00,19.625,19.6299991607666,19.600299835205078,19.610000610351562,8494,0.0,0.0,0.0
2024-04-29 15:30:00-04:00,19.610000610351562,19.6200008392334,19.604999542236328,19.6200008392334,4961,0.0,0.0,0.0
2024-04-30 09:30:00-04:00,19.54960060119629,19.56999969482422,19.54960060119629,19.55500030517578,2032,0.0,0.0,0.0
2024-04-30 10:30:00-04:00,19.559999465942383,19.559999465942383,19.55500030517578,19.55500030517578,9531,0.0,0.0,0.0
2024-04-30 11:30:00-04:00,19.569900512695312,19.569900512695312,19.569900512695312,19.569900512695312,5141,0.0,0.0,0.0
2024-04-30 12:30:00-04:00,19.558700561523438,19.558700561523438,19.558700561523438,19.558700561523438,700,0.0,0.0,0.0
2024-04-30 13:30:00-04:00,19.549999237060547,19.557300567626953,19.549999237060547,19.557300567626953,1077,0.0,0.0,0.0
2024-04-30 14:30:00-04:00,19.549999237060547,19.549999237060547,19.52359962463379,19.527999877929688,16937,0.0,0.0,0.0
2024-04-30 15:30:00-04:00,19.530000686645508,19.53499984741211,19.524999618530273,19.524999618530273,6366,0.0,0.0,0.0
2024-05-01 09:30:00-04:00,19.510000228881836,19.510000228881836,19.50659942626953,19.510000228881836,5475,0.0,0.0,0.0
2024-05-01 10:30:00-04:00,19.514999389648438,19.514999389648438,19.489999771118164,19.492300033569336,3194,0.0,0.0,0.0
2024-05-01 11:30:00-04:00,19.510000228881836,19.510000228881836,19.5,19.5,1723,0.0,0.0,0.0
2024-05-01 12:30:00-04:00,19.50860023498535,19.50860023498535,19.5,19.5,1264,0.0,0.0,0.0
2024-05-01 13:30:00-04:00,19.510000228881836,19.528900146484375,19.489999771118164,19.528900146484375,5961,0.0,0.0,0.0
2024-05-01 14:30:00-04:00,19.540000915527344,19.600099563598633,19.540000915527344,19.549999237060547,3419,0.0,0.0,0.0
2024-05-01 15:30:00-04:00,19.55500030517578,19.55500030517578,19.545000076293945,19.545000076293945,1643,0.0,0.0,0.0
2024-05-02 09:30:00-04:00,19.549999237060547,19.579999923706055,19.549999237060547,19.569900512695312,3374,0.0,0.0,0.0
2024-05-02 10:30:00-04:00,19.56060028076172,19.598499298095703,19.56060028076172,19.594999313354492,5362,0.0,0.0,0.0
2024-05-02 11:30:00-04:00,19.595600128173828,19.608699798583984,19.595600128173828,19.608699798583984,7866,0.0,0.0,0.0
2024-05-02 12:30:00-04:00,19.610000610351562,19.610000610351562,19.610000610351562,19.610000610351562,406,0.0,0.0,0.0
2024-05-02 13:30:00-04:00,19.631399154663086,19.639299392700195,19.631399154663086,19.63909912109375,2040,0.0,0.0,0.0
2024-05-02 14:30:00-04:00,19.639999389648438,19.648799896240234,19.639999389648438,19.644699096679688,1249,0.0,0.0,0.0
2024-05-02 15:30:00-04:00,19.645000457763672,19.645000457763672,19.637699127197266,19.639999389648438,8554,0.0,0.0,0.0
2024-05-03 09:30:00-04:00,19.760000228881836,19.780000686645508,19.71500015258789,19.71500015258789,6524,0.0,0.0,0.0
2024-05-03 10:30:00-04:00,19.718000411987305,19.728500366210938,19.718000411987305,19.725000381469727,2191,0.0,0.0,0.0
2024-05-03 11:30:00-04:00,19.729999542236328,19.739999771118164,19.729999542236328,19.739999771118164,2211,0.0,0.0,0.0
2024-05-03 12:30:00-04:00,19.739999771118164,19.739999771118164,19.73889923095703,19.73889923095703,3560,0.0,0.0,0.0
2024-05-03 13:30:00-04:00,19.739999771118164,19.739999771118164,19.729999542236328,19.735000610351562,17983,0.0,0.0,0.0
2024-05-03 14:30:00-04:00,19.735200881958008,19.75,19.735000610351562,19.7450008392334,4414,0.0,0.0,0.0
2024-05-03 15:30:00-04:00,19.7450008392334,19.7450008392334,19.739999771118164,19.739999771118164,2331,0.0,0.0,0.0
2024-05-06 09:30:00-04:00,19.7406005859375,19.7450008392334,19.739999771118164,19.739999771118164,1651,0.0,0.0,0.0
2024-05-06 10:30:00-04:00,19.735000610351562,19.735000610351562,19.729999542236328,19.729999542236328,318,0.0,0.0,0.0
2024-05-06 11:30:00-04:00,19.735000610351562,19.75,19.730100631713867,19.7450008392334,5633,0.0,0.0,0.0
2024-05-06 13:30:00-04:00,19.753000259399414,19.780000686645508,19.753000259399414,19.780000686645508,1851,0.0,0.0,0.0
2024-05-06 14:30:00-04:00,19.766599655151367,19.766599655151367,19.75,19.75950050354004,5274,0.0,0.0,0.0
2024-05-06 15:30:00-04:00,19.760000228881836,19.760000228881836,19.75,19.7549991607666,2777,0.0,0.0,0.0
2024-05-07 09:30:00-04:00,19.799999237060547,19.8085994720459,19.799999237060547,19.80500030517578,2202,0.0,0.0,0.0
2024-05-07 10:30:00-04:00,19.819700241088867,19.829500198364258,19.819700241088867,19.829500198364258,5129,0.0,0.0,0.0
2024-05-07 12:30:00-04:00,19.81999969482422,19.82990074157715,19.809999465942383,19.81719970703125,8896,0.0,0.0,0.0
2024-05-07 13:30:00-04:00,19.810100555419922,19.810100555419922,19.799999237060547,19.799999237060547,4075,0.0,0.0,0.0
2024-05-07 14:30:00-04:00,19.799999237060547,19.799999237060547,19.780000686645508,19.790000915527344,7451,0.0,0.0,0.0
2024-05-07 15:30:00-04:00,19.7810001373291,19.790000915527344,19.7810001373291,19.790000915527344,1327,0.0,0.0,0.0
2024-05-08 09:30:00-04:00,19.770000457763672,19.778600692749023,19.770000457763672,19.778600692749023,1021,0.0,0.0,0.0
2024-05-08 10:30:00-04:00,19.770000457763672,19.770099639892578,19.76140022277832,19.768199920654297,8731,0.0,0.0,0.0
2024-05-08 11:30:00-04:00,19.764999389648438,19.764999389648438,19.760000228881836,19.760000228881836,4136,0.0,0.0,0.0
2024-05-08 12:30:00-04:00,19.764999389648438,19.764999389648438,19.754499435424805,19.754499435424805,8345,0.0,0.0,0.0
2024-05-08 13:30:00-04:00,19.75,19.764999389648438,19.75,19.760000228881836,8265,0.0,0.0,0.0
2024-05-08 14:30:00-04:00,19.759000778198242,19.759000778198242,19.756999969482422,19.756999969482422,682,0.0,0.0,0.0
2024-05-08 15:30:00-04:00,19.75749969482422,19.760000228881836,19.75,19.7549991607666,4276,0.0,0.0,0.0
2024-05-09 09:30:00-04:00,19.75,19.75,19.75,19.75,815,0.0,0.0,0.0
2024-05-09 10:30:00-04:00,19.76409912109375,19.770000457763672,19.76409912109375,19.770000457763672,1732,0.0,0.0,0.0
2024-05-09 11:30:00-04:00,19.770000457763672,19.776399612426758,19.770000457763672,19.770000457763672,2262,0.0,0.0,0.0
2024-05-09 12:30:00-04:00,19.770000457763672,19.7987003326416,19.760000228881836,19.78499984741211,2628,0.0,0.0,0.0
2024-05-09 14:30:00-04:00,19.80500030517578,19.819900512695312,19.80500030517578,19.8085994720459,4452,0.0,0.0,0.0
2024-05-09 15:30:00-04:00,19.799999237060547,19.8085994720459,19.799999237060547,19.8085994720459,4986,0.0,0.0,0.0
2024-05-10 09:30:00-04:00,19.780000686645508,19.780000686645508,19.75,19.75,2251,0.0,0.0,0.0
2024-05-10 10:30:00-04:00,19.739999771118164,19.74959945678711,19.739999771118164,19.7450008392334,3610,0.0,0.0,0.0
2024-05-10 11:30:00-04:00,19.75,19.75,19.75,19.75,2485,0.0,0.0,0.0
2024-05-10 13:30:00-04:00,19.75,19.75,19.740400314331055,19.740400314331055,6196,0.0,0.0,0.0
2024-05-10 14:30:00-04:00,19.739999771118164,19.739999771118164,19.739999771118164,19.739999771118164,1065,0.0,0.0,0.0
2024-05-10 15:30:00-04:00,19.7450008392334,19.75,19.739999771118164,19.739999771118164,11775,0.0,0.0,0.0
2024-05-13 09:30:00-04:00,19.78030014038086,19.787200927734375,19.78030014038086,19.787200927734375,1882,0.0,0.0,0.0
2024-05-13 10:30:00-04:00,19.780000686645508,19.78849983215332,19.780000686645508,19.780000686645508,1336,0.0,0.0,0.0
2024-05-13 11:30:00-04:00,19.764999389648438,19.774999618530273,19.760000228881836,19.774999618530273,14260,0.0,0.0,0.0
2024-05-13 12:30:00-04:00,19.774999618530273,19.774999618530273,19.774999618530273,19.774999618530273,4727,0.0,0.0,0.0
2024-05-13 13:30:00-04:00,19.780000686645508,19.780000686645508,19.770000457763672,19.770000457763672,4009,0.0,0.0,0.0
2024-05-13 14:30:00-04:00,19.774999618530273,19.774999618530273,19.75,19.75,2191,0.0,0.0,0.0
2024-05-13 15:30:00-04:00,19.760000228881836,19.760000228881836,19.760000228881836,19.760000228881836,927,0.0,0.0,0.0
2024-05-14 09:30:00-04:00,19.809999465942383,19.809999465942383,19.790000915527344,19.792699813842773,1657,0.0,0.0,0.0
2024-05-14 10:30:00-04:00,19.797000885009766,19.799999237060547,19.790000915527344,19.799999237060547,4700,0.0,0.0,0.0
2024-05-14 11:30:00-04:00,19.799999237060547,19.799999237060547,19.780000686645508,19.780000686645508,3395,0.0,0.0,0.0
2024-05-14 12:30:00-04:00,19.799999237060547,19.805599212646484,19.799999237060547,19.805599212646484,1027,0.0,0.0,0.0
2024-05-14 13:30:00-04:00,19.8125,19.81999969482422,19.799999237060547,19.799999237060547,2909,0.0,0.0,0.0
2024-05-14 14:30:00-04:00,19.815000534057617,19.829999923706055,19.809999465942383,19.809999465942383,3412,0.0,0.0,0.0
2024-05-14 15:30:00-04:00,19.81999969482422,19.81999969482422,19.81999969482422,19.81999969482422,1711,0.0,0.0,0.0
2024-05-15 09:30:00-04:00,19.929800033569336,19.929800033569336,19.901899337768555,19.901899337768555,2303,0.0,0.0,0.0
2024-05-15 10:30:00-04:00,19.93000030517578,19.93000030517578,19.920000076293945,19.920000076293945,1624,0.0,0.0,0.0
2024-05-15 11:30:00-04:00,19.932100296020508,19.940000534057617,19.93000030517578,19.934999465942383,3872,0.0,0.0,0.0
2024-05-15 12:30:00-04:00,19.950000762939453,19.959999084472656,19.950000762939453,19.959999084472656,449,0.0,0.0,0.0
2024-05-15 13:30:00-04:00,19.96500015258789,19.96500015258789,19.95870018005371,19.95870018005371,1386,0.0,0.0,0.0
2024-05-15 14:30:00-04:00,19.950000762939453,19.950000762939453,19.940000534057617,19.940500259399414,7053,0.0,0.0,0.0
2024-05-15 15:30:00-04:00,19.940000534057617,19.950000762939453,19.940000534057617,19.950000762939453,2524,0.0,0.0,0.0
2024-05-16 09:30:00-04:00,19.950000762939453,19.950000762939453,19.923999786376953,19.93000030517578,107830,0.0,0.0,0.0
2024-05-16 10:30:00-04:00,19.93790054321289,19.940000534057617,19.93790054321289,19.940000534057617,0,0.0,0.0,0.0
2024-05-16 11:30:00-04:00,19.931900024414062,19.93829917907715,19.924999237060547,19.929899215698242,12081,0.0,0.0,0.0
2024-05-16 12:30:00-04:00,19.924999237060547,19.92840003967285,19.924999237060547,19.92840003967285,3675,0.0,0.0,0.0
2024-05-16 13:30:00-04:00,19.928499221801758,19.93000030517578,19.928499221801758,19.93000030517578,7219,0.0,0.0,0.0
2024-05-16 14:30:00-04:00,19.920000076293945,19.93000030517578,19.920000076293945,19.929899215698242,2643,0.0,0.0,0.0
2024-05-16 15:30:00-04:00,19.920000076293945,19.920000076293945,19.90999984741211,19.9197998046875,18159,0.0,0.0,0.0
2024-05-17 09:30:00-04:00,19.899999618530273,19.899999618530273,19.886199951171875,19.897899627685547,7412,0.0,0.0,0.0
2024-05-17 10:30:00-04:00,19.895000457763672,19.90999984741211,19.889999389648438,19.889999389648438,2166,0.0,0.0,0.0
2024-05-17 11:30:00-04:00,19.885000228881836,19.8882999420166,19.875,19.875,5302,0.0,0.0,0.0
2024-05-17 12:30:00-04:00,19.875,19.875,19.864999771118164,19.864999771118164,7003,0.0,0.0,0.0
2024-05-17 13:30:00-04:00,19.864999771118164,19.864999771118164,19.850000381469727,19.860000610351562,3823,0.0,0.0,0.0
2024-05-17 14:30:00-04:00,19.864999771118164,19.8700008392334,19.859699249267578,19.860000610351562,9086,0.0,0.0,0.0
2024-05-17 15:30:00-04:00,19.860000610351562,19.860000610351562,19.850900650024414,19.85099983215332,3680,0.0,0.0,0.0
2024-05-20 09:30:00-04:00,19.847000122070312,19.847000122070312,19.838600158691406,19.838600158691406,11414,0.0,0.0,0.0
2024-05-20 10:30:00-04:00,19.829999923706055,19.83970069885254,19.829999923706055,19.83970069885254,965,0.0,0.0,0.0
2024-05-20 11:30:00-04:00,19.829999923706055,19.84000015258789,19.829999923706055,19.84000015258789,1971,0.0,0.0,0.0
2024-05-20 12:30:00-04:00,19.8302001953125,19.84000015258789,19.829999923706055,19.834999084472656,29705,0.0,0.0,0.0
2024-05-20 13:30:00-04:00,19.83989906311035,19.850000381469727,19.83989906311035,19.845699310302734,2551,0.0,0.0,0.0
2024-05-20 14:30:00-04:00,19.84869956970215,19.850000381469727,19.84000015258789,19.84000015258789,10864,0.0,0.0,0.0
2024-05-20 15:30:00-04:00,19.84000015258789,19.84000015258789,19.832500457763672,19.834999084472656,2490,0.0,0.0,0.0
2024-05-21 09:30:00-04:00,19.8799991607666,19.889999389648438,19.8799991607666,19.8799991607666,1899,0.0,0.0,0.0
2024-05-21 10:30:00-04:00,19.8799991607666,19.8799991607666,19.8700008392334,19.8700008392334,1495,0.0,0.0,0.0
2024-05-21 11:30:00-04:00,19.8799991607666,19.8799991607666,19.87019920349121,19.8799991607666,7192,0.0,0.0,0.0
2024-05-21 12:30:00-04:00,19.878999710083008,19.889999389648438,19.878999710083008,19.8799991607666,7557,0.0,0.0,0.0
2024-05-21 13:30:00-04:00,19.8799991607666,19.8799991607666,19.8700008392334,19.875,2120,0.0,0.0,0.0
2024-05-21 14:30:00-04:00,19.872499465942383,19.8799991607666,19.8700008392334,19.8799991607666,11310,0.0,0.0,0.0
2024-05-21 15:30:00-04:00,19.87030029296875,19.875,19.8700008392334,19.875,11085,0.0,0.0,0.0
2024-05-22 09:30:00-04:00,19.829999923706055,19.857200622558594,19.81999969482422,19.857200622558594,6035,0.0,0.0,0.0
2024-05-22 10:30:00-04:00,19.849000930786133,19.8700008392334,19.849000930786133,19.851299285888672,1110,0.0,0.0,0.0
2024-05-22 11:30:00-04:00,19.84000015258789,19.860000610351562,19.84000015258789,19.85099983215332,21526,0.0,0.0,0.0
2024-05-22 12:30:00-04:00,19.860000610351562,19.860000610351562,19.860000610351562,19.860000610351562,271,0.0,0.0,0.0
2024-05-22 13:30:00-04:00,19.8523006439209,19.860000610351562,19.84000015258789,19.850000381469727,4837,0.0,0.0,0.0
2024-05-22 14:30:00-04:00,19.850000381469727,19.850000381469727,19.84000015258789,19.840099334716797,10329,0.0,0.0,0.0
2024-05-22 15:30:00-04:00,19.850000381469727,19.850000381469727,19.842199325561523,19.846599578857422,1175,0.0,0.0,0.0
2024-05-23 09:30:00-04:00,19.860000610351562,19.860000610351562,19.76099967956543,19.76099967956543,9185,0.0,0.0,0.0
2024-05-23 10:30:00-04:00,19.760000228881836,19.760000228881836,19.760000228881836,19.760000228881836,514,0.0,0.0,0.0
2024-05-23 11:30:00-04:00,19.7637996673584,19.77989959716797,19.7637996673584,19.774999618530273,1421,0.0,0.0,0.0
2024-05-23 12:30:00-04:00,19.774999618530273,19.780000686645508,19.770000457763672,19.770000457763672,642,0.0,0.0,0.0
2024-05-23 13:30:00-04:00,19.770000457763672,19.795000076293945,19.770000457763672,19.790300369262695,3417,0.0,0.0,0.0
2024-05-23 14:30:00-04:00,19.795000076293945,19.795000076293945,19.780000686645508,19.790000915527344,12140,0.0,0.0,0.0
2024-05-23 15:30:00-04:00,19.78499984741211,19.789899826049805,19.783599853515625,19.78499984741211,2576,0.0,0.0,0.0
2024-05-24 09:30:00-04:00,19.770000457763672,19.799999237060547,19.770000457763672,19.788000106811523,5422,0.0,0.0,0.0
2024-05-24 10:30:00-04:00,19.790000915527344,19.790000915527344,19.780000686645508,19.780000686645508,1254,0.0,0.0,0.0
2024-05-24 11:30:00-04:00,19.780000686645508,19.789400100708008,19.780000686645508,19.789400100708008,1422,0.0,0.0,0.0
2024-05-24 12:30:00-04:00,19.78030014038086,19.78030014038086,19.78030014038086,19.78030014038086,180,0.0,0.0,0.0
2024-05-24 13:30:00-04:00,19.790300369262695,19.79990005493164,19.790300369262695,19.79990005493164,615,0.0,0.0,0.0
2024-05-24 14:30:00-04:00,19.790000915527344,19.799999237060547,19.790000915527344,19.795000076293945,1657,0.0,0.0,0.0
2024-05-28 09:30:00-04:00,19.809999465942383,19.809999465942383,19.809999465942383,19.809999465942383,1771,0.0,0.0,0.0
2024-05-28 10:30:00-04:00,19.76020050048828,19.780000686645508,19.76020050048828,19.770000457763672,10014,0.0,0.0,0.0
2024-05-28 11:30:00-04:00,19.776599884033203,19.776599884033203,19.75,19.7549991607666,3611,0.0,0.0,0.0
2024-05-28 12:30:00-04:00,19.75,19.75,19.719999313354492,19.719999313354492,0,0.0,0.0,0.0
2024-05-28 13:30:00-04:00,19.709999084472656,19.709999084472656,19.70330047607422,19.709999084472656,4940,0.0,0.0,0.0
2024-05-28 14:30:00-04:00,19.70009994506836,19.709999084472656,19.700000762939453,19.709999084472656,3151,0.0,0.0,0.0
2024-05-28 15:30:00-04:00,19.704999923706055,19.704999923706055,19.700000762939453,19.700000762939453,3443,0.0,0.0,0.0
2024-05-29 09:30:00-04:00,19.670000076293945,19.670000076293945,19.63990020751953,19.64699935913086,1435,0.0,0.0,0.0
2024-05-29 10:30:00-04:00,19.649900436401367,19.649900436401367,19.6299991607666,19.6299991607666,3935,0.0,0.0,0.0
2024-05-29 11:30:00-04:00,19.6200008392334,19.62070083618164,19.610000610351562,19.610000610351562,4447,0.0,0.0,0.0
2024-05-29 12:30:00-04:00,19.610000610351562,19.614700317382812,19.603700637817383,19.603700637817383,1404,0.0,0.0,0.0
2024-05-29 13:30:00-04:00,19.610000610351562,19.610000610351562,19.610000610351562,19.610000610351562,448,0.0,0.0,0.0
2024-05-29 14:30:00-04:00,19.618000030517578,19.61989974975586,19.610000610351562,19.616300582885742,4696,0.0,0.0,0.0
2024-05-29 15:30:00-04:00,19.615699768066406,19.6200008392334,19.615699768066406,19.6200008392334,711,0.0,0.0,0.0
2024-05-30 09:30:00-04:00,19.676700592041016,19.676700592041016,19.676700592041016,19.676700592041016,0,0.0,0.0,0.0
2024-05-30 10:30:00-04:00,19.704999923706055,19.704999923706055,19.704999923706055,19.704999923706055,2655,0.0,0.0,0.0
2024-05-30 11:30:00-04:00,19.70009994506836,19.70009994506836,19.70009994506836,19.70009994506836,7864,0.0,0.0,0.0
2024-05-30 12:30:00-04:00,19.708999633789062,19.708999633789062,19.700000762939453,19.700000762939453,2107,0.0,0.0,0.0
2024-05-30 14:30:00-04:00,19.700000762939453,19.70009994506836,19.69499969482422,19.698999404907227,2901,0.0,0.0,0.0
2024-05-30 15:30:00-04:00,19.690000534057617,19.708599090576172,19.690000534057617,19.70319938659668,925,0.0,0.0,0.0
2024-05-31 09:30:00-04:00,19.75,19.78179931640625,19.75,19.78179931640625,1424,0.0,0.0,0.0
2024-05-31 10:30:00-04:00,19.790000915527344,19.790000915527344,19.78499984741211,19.78499984741211,1237,0.0,0.0,0.0
2024-05-31 11:30:00-04:00,19.780000686645508,19.78190040588379,19.764999389648438,19.765199661254883,5002,0.0,0.0,0.0
2024-05-31 12:30:00-04:00,19.761999130249023,19.764999389648438,19.761699676513672,19.761699676513672,1814,0.0,0.0,0.0
2024-05-31 13:30:00-04:00,19.760000228881836,19.764999389648438,19.760000228881836,19.764999389648438,1178,0.0,0.0,0.0
2024-05-31 14:30:00-04:00,19.760000228881836,19.760000228881836,19.760000228881836,19.760000228881836,4438,0.0,0.0,0.0
2024-05-31 15:30:00-04:00,19.764999389648438,19.790000915527344,19.760000228881836,19.790000915527344,0,0.0,0.0,0.0
2024-06-03 09:30:00-04:00,19.770000457763672,19.829999923706055,19.770000457763672,19.809999465942383,1033,0.0,0.0,0.0
2024-06-03 10:30:00-04:00,19.809200286865234,19.820100784301758,19.809200286865234,19.820100784301758,7313,0.0,0.0,0.0
2024-06-03 11:30:00-04:00,19.83799934387207,19.83799934387207,19.829999923706055,19.829999923706055,1034,0.0,0.0,0.0
2024-06-03 12:30:00-04:00,19.84000015258789,19.84000015258789,19.834999084472656,19.834999084472656,1835,0.0,0.0,0.0
2024-06-03 13:30:00-04:00,19.83989906311035,19.84000015258789,19.83989906311035,19.84000015258789,1194,0.0,0.0,0.0
2024-06-03 14:30:00-04:00,19.829999923706055,19.829999923706055,19.82819938659668,19.82819938659668,30941,0.0,0.0,0.0
2024-06-03 15:30:00-04:00,19.829999923706055,19.83009910583496,19.825000762939453,19.829700469970703,18400,0.0,0.0,0.0
2024-06-04 09:30:00-04:00,19.899999618530273,19.93899917602539,19.899999618530273,19.899999618530273,11004,0.0,0.0,0.0
2024-06-04 10:30:00-04:00,19.901399612426758,19.90999984741211,19.901399612426758,19.90999984741211,677,0.0,0.0,0.0
2024-06-04 11:30:00-04:00,19.915000915527344,19.915000915527344,19.915000915527344,19.915000915527344,1130,0.0,0.0,0.0
2024-06-04 12:30:00-04:00,19.924999237060547,19.936899185180664,19.92009925842285,19.936899185180664,16876,0.0,0.0,0.0
2024-06-04 13:30:00-04:00,19.940000534057617,19.940000534057617,19.93790054321289,19.93790054321289,38239,0.0,0.0,0.0
2024-06-04 14:30:00-04:00,19.934999465942383,19.934999465942383,19.929800033569336,19.929800033569336,13455,0.0,0.0,0.0
2024-06-04 15:30:00-04:00,19.92300033569336,19.939800262451172,19.920000076293945,19.939800262451172,25295,0.0,0.0,0.0
2024-06-05 09:30:00-04:00,19.959999084472656,19.969999313354492,19.953899383544922,19.969999313354492,6034,0.0,0.0,0.0
2024-06-05 10:30:00-04:00,19.950000762939453,19.972299575805664,19.950000762939453,19.972299575805664,2648,0.0,0.0,0.0
2024-06-05 11:30:00-04:00,19.98819923400879,19.98819923400879,19.979999542236328,19.979999542236328,766,0.0,0.0,0.0
2024-06-05 12:30:00-04:00,19.969999313354492,19.969999313354492,19.969999313354492,19.969999313354492,971,0.0,0.0,0.0
2024-06-05 13:30:00-04:00,19.965499877929688,19.979999542236328,19.965499877929688,19.977800369262695,14399,0.0,0.0,0.0
2024-06-05 14:30:00-04:00,19.97279930114746,19.979999542236328,19.97010040283203,19.979700088500977,2976,0.0,0.0,0.0
2024-06-05 15:30:00-04:00,19.975000381469727,19.979999542236328,19.969999313354492,19.979999542236328,2003,0.0,0.0,0.0
2024-06-06 09:30:00-04:00,19.979999542236328,19.979999542236328,19.979999542236328,19.979999542236328,106,0.0,0.0,0.0
2024-06-06 10:30:00-04:00,19.96500015258789,19.989700317382812,19.96500015258789,19.989700317382812,2860,0.0,0.0,0.0
2024-06-06 11:30:00-04:00,19.989999771118164,19.989999771118164,19.97330093383789,19.97330093383789,1301,0.0,0.0,0.0
2024-06-06 12:30:00-04:00,19.979999542236328,19.989700317382812,19.979999542236328,19.983400344848633,647,0.0,0.0,0.0
2024-06-06 13:30:00-04:00,19.998699188232422,19.998699188232422,19.989999771118164,19.989999771118164,960,0.0,0.0,0.0
2024-06-06 14:30:00-04:00,19.9950008392334,20.0049991607666,19.989999771118164,20.0049991607666,6170,0.0,0.0,0.0
2024-06-06 15:30:00-04:00,20.0,20.0,19.989999771118164,19.989999771118164,1109,0.0,0.0,0.0
2024-06-07 09:30:00-04:00,19.809999465942383,19.809999465942383,19.809999465942383,19.809999465942383,565,0.0,0.0,0.0
2024-06-07 10:30:00-04:00,19.81999969482422,19.828500747680664,19.81999969482422,19.81999969482422,1084,0.0,0.0,0.0
2024-06-07 12:30:00-04:00,19.819900512695312,19.819900512695312,19.819900512695312,19.819900512695312,2512,0.0,0.0,0.0
2024-06-07 13:30:00-04:00,19.819000244140625,19.819000244140625,19.815000534057617,19.815000534057617,3287,0.0,0.0,0.0
2024-06-07 14:30:00-04:00,19.809999465942383,19.809999465942383,19.799999237060547,19.799999237060547,2984,0.0,0.0,0.0
2024-06-07 15:30:00-04:00,19.80139923095703,19.80500030517578,19.80139923095703,19.80500030517578,1395,0.0,0.0,0.0
2024-06-10 09:30:00-04:00,19.790000915527344,19.790000915527344,19.770099639892578,19.770099639892578,2875,0.0,0.0,0.0
2024-06-10 10:30:00-04:00,19.770000457763672,19.770000457763672,19.769699096679688,19.769699096679688,771,0.0,0.0,0.0
2024-06-10 11:30:00-04:00,19.764999389648438,19.780000686645508,19.764999389648438,19.7716007232666,7265,0.0,0.0,0.0
2024-06-10 12:30:00-04:00,19.760099411010742,19.761499404907227,19.75,19.75,1663,0.0,0.0,0.0
2024-06-10 13:30:00-04:00,19.75469970703125,19.770000457763672,19.75469970703125,19.760000228881836,907,0.0,0.0,0.0
2024-06-10 14:30:00-04:00,19.760000228881836,19.780000686645508,19.760000228881836,19.770000457763672,6233,0.0,0.0,0.0
2024-06-10 15:30:00-04:00,19.779699325561523,19.779699325561523,19.771099090576172,19.774999618530273,4111,0.0,0.0,0.0
2024-06-11 09:30:00-04:00,19.799999237060547,19.805200576782227,19.790000915527344,19.805200576782227,2450,0.0,0.0,0.0
2024-06-11 10:30:00-04:00,19.799999237060547,19.809999465942383,19.790000915527344,19.804399490356445,9421,0.0,0.0,0.0
2024-06-11 11:30:00-04:00,19.806900024414062,19.80970001220703,19.7987003326416,19.80500030517578,5660,0.0,0.0,0.0
2024-06-11 12:30:00-04:00,19.799999237060547,19.84000015258789,19.790000915527344,19.82859992980957,2683,0.0,0.0,0.0
2024-06-11 13:30:00-04:00,19.829999923706055,19.854999542236328,19.82509994506836,19.854999542236328,4404,0.0,0.0,0.0
2024-06-11 14:30:00-04:00,19.85300064086914,19.864999771118164,19.85300064086914,19.864999771118164,825,0.0,0.0,0.0
2024-06-11 15:30:00-04:00,19.864999771118164,19.86989974975586,19.862699508666992,19.864999771118164,2384,0.0,0.0,0.0
2024-06-12 09:30:00-04:00,20.040000915527344,20.049800872802734,20.039899826049805,20.04170036315918,6764,0.0,0.0,0.0
2024-06-12 10:30:00-04:00,20.059900283813477,20.059999465942383,20.040000915527344,20.040000915527344,6083,0.0,0.0,0.0
2024-06-12 11:30:00-04:00,20.055200576782227,20.06999969482422,20.049999237060547,20.059999465942383,3044,0.0,0.0,0.0
2024-06-12 12:30:00-04:00,20.060100555419922,20.06999969482422,20.059999465942383,20.059999465942383,7483,0.0,0.0,0.0
2024-06-12 13:30:00-04:00,20.049999237060547,20.05500030517578,20.049999237060547,20.049999237060547,2235,0.0,0.0,0.0
2024-06-12 14:30:00-04:00,20.01919937133789,20.01919937133789,19.989999771118164,20.0,7839,0.0,0.0,0.0
2024-06-12 15:30:00-04:00,19.97010040283203,19.97010040283203,19.959999084472656,19.959999084472656,8090,0.0,0.0,0.0
2024-06-13 09:30:00-04:00,20.05500030517578,20.05500030517578,20.034700393676758,20.034700393676758,3045,0.0,0.0,0.0
2024-06-13 10:30:00-04:00,20.0398006439209,20.04990005493164,20.0398006439209,20.04990005493164,0,0.0,0.0,0.0
2024-06-13 11:30:00-04:00,20.059999465942383,20.070100784301758,20.059999465942383,20.070100784301758,11528,0.0,0.0,0.0
2024-06-13 12:30:00-04:00,20.079999923706055,20.100000381469727,20.06999969482422,20.100000381469727,1112,0.0,0.0,0.0
2024-06-13 13:30:00-04:00,20.094999313354492,20.094999313354492,20.078800201416016,20.078800201416016,1508,0.0,0.0,0.0
2024-06-13 14:30:00-04:00,20.079999923706055,20.094999313354492,20.079999923706055,20.09000015258789,2359,0.0,0.0,0.0
2024-06-14 09:30:00-04:00,20.110000610351562,20.125,20.110000610351562,20.125,3378,0.0,0.0,0.0
2024-06-14 10:30:00-04:00,20.11520004272461,20.1299991607666,20.11520004272461,20.118600845336914,10542,0.0,0.0,0.0
2024-06-14 11:30:00-04:00,20.114999771118164,20.1200008392334,20.110000610351562,20.110000610351562,3962,0.0,0.0,0.0
2024-06-14 12:30:00-04:00,20.108999252319336,20.108999252319336,20.108999252319336,20.108999252319336,333,0.0,0.0,0.0
2024-06-14 13:30:00-04:00,20.114999771118164,20.114999771118164,20.10610008239746,20.110000610351562,6143,0.0,0.0,0.0
2024-06-14 14:30:00-04:00,20.109899520874023,20.125,20.109899520874023,20.125,10808,0.0,0.0,0.0
2024-06-14 15:30:00-04:00,20.125,20.125,20.116300582885742,20.1200008392334,2580,0.0,0.0,0.0
2024-06-17 09:30:00-04:00,20.028600692749023,20.028600692749023,20.024999618530273,20.024999618530273,512,0.0,0.0,0.0
2024-06-17 10:30:00-04:00,20.030000686645508,20.03499984741211,20.020000457763672,20.020000457763672,6946,0.0,0.0,0.0
2024-06-17 11:30:00-04:00,20.02869987487793,20.039899826049805,20.020000457763672,20.037700653076172,8332,0.0,0.0,0.0
2024-06-17 12:30:00-04:00,20.045000076293945,20.045000076293945,20.030000686645508,20.03849983215332,2015,0.0,0.0,0.0
2024-06-17 13:30:00-04:00,20.041400909423828,20.049999237060547,20.041400909423828,20.049999237060547,5969,0.0,0.0,0.0
2024-06-17 14:30:00-04:00,20.040300369262695,20.048599243164062,20.03499984741211,20.03499984741211,9638,0.0,0.0,0.0
2024-06-17 15:30:00-04:00,20.03499984741211,20.03499984741211,20.03499984741211,20.03499984741211,619,0.0,0.0,0.0
2024-06-18 09:30:00-04:00,20.08650016784668,20.08650016784668,20.06999969482422,20.06999969482422,4573,0.0,0.0,0.0
2024-06-18 10:30:00-04:00,20.07939910888672,20.08970069885254,20.075000762939453,20.08139991760254,6458,0.0,0.0,0.0
2024-06-18 11:30:00-04:00,20.104999542236328,20.104999542236328,20.104000091552734,20.104000091552734,3259,0.0,0.0,0.0
2024-06-18 12:30:00-04:00,20.118900299072266,20.125,20.109800338745117,20.114999771118164,1820,0.0,0.0,0.0
2024-06-18 13:30:00-04:00,20.110000610351562,20.114999771118164,20.100000381469727,20.100299835205078,16040,0.0,0.0,0.0
2024-06-18 14:30:00-04:00,20.110000610351562,20.1200008392334,20.110000610351562,20.110000610351562,4628,0.0,0.0,0.0
2024-06-18 15:30:00-04:00,20.100000381469727,20.11949920654297,20.100000381469727,20.115299224853516,4409,0.0,0.0,0.0
2024-06-20 09:30:00-04:00,20.030000686645508,20.0393009185791,20.030000686645508,20.0393009185791,0,0.0,0.0,0.0
2024-06-20 10:30:00-04:00,20.03529930114746,20.049999237060547,20.030000686645508,20.045400619506836,7307,0.0,0.0,0.0
2024-06-20 11:30:00-04:00,20.049999237060547,20.049999237060547,20.040000915527344,20.048999786376953,6216,0.0,0.0,0.0
2024-06-20 12:30:00-04:00,20.045000076293945,20.06999969482422,20.045000076293945,20.065000534057617,16278,0.0,0.0,0.0
2024-06-20 13:30:00-04:00,20.059999465942383,20.07110023498535,20.059999465942383,20.07110023498535,4002,0.0,0.0,0.0
2024-06-20 14:30:00-04:00,20.062999725341797,20.075000762939453,20.062999725341797,20.075000762939453,7358,0.0,0.0,0.0
2024-06-20 15:30:00-04:00,20.07390022277832,20.07390022277832,20.059999465942383,20.065000534057617,7228,0.0,0.0,0.0
2024-06-21 09:30:00-04:00,20.114999771118164,20.114999771118164,20.069799423217773,20.069799423217773,5313,0.0,0.0,0.0
2024-06-21 10:30:00-04:00,20.066600799560547,20.066600799560547,20.049999237060547,20.05190086364746,6657,0.0,0.0,0.0
2024-06-21 12:30:00-04:00,20.065000534057617,20.065000534057617,20.049999237060547,20.049999237060547,1938,0.0,0.0,0.0
2024-06-21 13:30:00-04:00,20.059200286865234,20.059999465942383,20.059200286865234,20.059999465942383,33371,0.0,0.0,0.0
2024-06-21 14:30:00-04:00,20.06049919128418,20.06999969482422,20.059999465942383,20.059999465942383,0,0.0,0.0,0.0
2024-06-21 15:30:00-04:00,20.06999969482422,20.06999969482422,20.064699172973633,20.06999969482422,1506,0.0,0.0,0.0
2024-06-24 09:30:00-04:00,20.06999969482422,20.06999969482422,20.068700790405273,20.068700790405273,15287,0.0,0.0,0.0
2024-06-24 10:30:00-04:00,20.066299438476562,20.066299438476562,20.050500869750977,20.050500869750977,2386,0.0,0.0,0.0
2024-06-24 11:30:00-04:00,20.059999465942383,20.059999465942383,20.050100326538086,20.050100326538086,1250,0.0,0.0,0.0
2024-06-24 12:30:00-04:00,20.05900001525879,20.059999465942383,20.05900001525879,20.059999465942383,182,0.0,0.0,0.0
2024-06-24 13:30:00-04:00,20.06760025024414,20.069700241088867,20.06760025024414,20.069700241088867,1239,0.0,0.0,0.0
2024-06-24 14:30:00-04:00,20.079999923706055,20.079999923706055,20.070499420166016,20.079999923706055,3051,0.0,0.0,0.0
2024-06-24 15:30:00-04:00,20.079999923706055,20.079999923706055,20.06999969482422,20.076499938964844,14118,0.0,0.0,0.0
2024-06-25 10:30:00-04:00,20.084999084472656,20.084999084472656,20.078500747680664,20.078500747680664,1167,0.0,0.0,0.0
2024-06-25 11:30:00-04:00,20.07830047607422,20.079999923706055,20.06999969482422,20.075000762939453,5119,0.0,0.0,0.0
2024-06-25 12:30:00-04:00,20.075000762939453,20.075000762939453,20.065000534057617,20.072200775146484,1904,0.0,0.0,0.0
2024-06-25 13:30:00-04:00,20.084999084472656,20.09000015258789,20.084999084472656,20.08970069885254,1345,0.0,0.0,0.0
2024-06-25 14:30:00-04:00,20.08009910583496,20.100000381469727,20.08009910583496,20.100000381469727,6752,0.0,0.0,0.0
2024-06-25 15:30:00-04:00,20.100000381469727,20.110000610351562,20.100000381469727,20.110000610351562,59580,0.0,0.0,0.0
2024-06-26 09:30:00-04:00,20.0,20.020000457763672,20.0,20.010000228881836,4768,0.0,0.0,0.0
2024-06-26 10:30:00-04:00,20.0,20.0049991607666,19.989999771118164,19.989999771118164,1365,0.0,0.0,0.0
2024-06-26 11:30:00-04:00,19.9950008392334,20.0,19.9950008392334,19.9950008392334,5012,0.0,0.0,0.0
2024-06-26 12:30:00-04:00,20.0049991607666,20.010000228881836,20.0049991607666,20.010000228881836,917,0.0,0.0,0.0
2024-06-26 13:30:00-04:00,20.0049991607666,20.0049991607666,19.99090003967285,20.0,10971,0.0,0.0,0.0
2024-06-26 14:30:00-04:00,19.989999771118164,19.9950008392334,19.989999771118164,19.9950008392334,757,0.0,0.0,0.0
2024-06-26 15:30:00-04:00,19.990100860595703,19.99850082397461,19.990100860595703,19.9950008392334,3507,0.0,0.0,0.0
2024-06-27 09:30:00-04:00,20.020000457763672,20.049999237060547,20.020000457763672,20.040000915527344,1234,0.0,0.0,0.0
2024-06-27 10:30:00-04:00,20.03700065612793,20.040000915527344,20.030000686645508,20.03969955444336,1072,0.0,0.0,0.0
2024-06-27 11:30:00-04:00,20.03499984741211,20.03499984741211,20.030000686645508,20.030000686645508,5846,0.0,0.0,0.0
2024-06-27 12:30:00-04:00,20.030000686645508,20.045000076293945,20.024999618530273,20.03499984741211,15064,0.0,0.0,0.0
2024-06-27 13:30:00-04:00,20.03499984741211,20.040000915527344,20.030000686645508,20.03499984741211,13325,0.0,0.0,0.0
2024-06-27 14:30:00-04:00,20.030000686645508,20.040000915527344,20.024999618530273,20.03019905090332,15014,0.0,0.0,0.0
2024-06-27 15:30:00-04:00,20.030000686645508,20.030000686645508,20.020000457763672,20.020000457763672,9812,0.0,0.0,0.0
2024-06-28 09:30:00-04:00,20.075000762939453,20.079999923706055,20.047700881958008,20.047700881958008,0,0.0,0.0,0.0
2024-06-28 10:30:00-04:00,20.049999237060547,20.049999237060547,19.9950008392334,19.9950008392334,12292,0.0,0.0,0.0
2024-06-28 11:30:00-04:00,20.009700775146484,20.009700775146484,19.989999771118164,19.989999771118164,0,0.0,0.0,0.0
2024-06-28 12:30:00-04:00,19.979999542236328,19.979999542236328,19.969999313354492,19.97010040283203,19709,0.0,0.0,0.0
2024-06-28 13:30:00-04:00,19.991100311279297,20.0,19.991100311279297,19.996299743652344,3172,0.0,0.0,0.0
2024-06-28 14:30:00-04:00,19.989999771118164,19.999900817871094,19.975000381469727,19.979900360107422,11575,0.0,0.0,0.0
2024-06-28 15:30:00-04:00,19.969999313354492,19.969999313354492,19.959999084472656,19.959999084472656,779,0.0,0.0,0.0
2024-07-01 09:30:00-04:00,19.799999237060547,19.829999923706055,19.799999237060547,19.799999237060547,13865,0.0,0.0,0.0
2024-07-01 10:30:00-04:00,19.779399871826172,19.779399871826172,19.760000228881836,19.768999099731445,10297,0.0,0.0,0.0
2024-07-01 11:30:00-04:00,19.768299102783203,19.770000457763672,19.76099967956543,19.770000457763672,2990,0.0,0.0,0.0
2024-07-01 12:30:00-04:00,19.770000457763672,19.770000457763672,19.760000228881836,19.760000228881836,1809,0.0,0.0,0.0
2024-07-01 13:30:00-04:00,19.770000457763672,19.770000457763672,19.750200271606445,19.75860023498535,1334,0.0,0.0,0.0
2024-07-01 14:30:00-04:00,19.760000228881836,19.770000457763672,19.760000228881836,19.770000457763672,1162,0.0,0.0,0.0
2024-07-01 15:30:00-04:00,19.770000457763672,19.770000457763672,19.764999389648438,19.770000457763672,6031,0.0,0.0,0.0
2024-07-02 09:30:00-04:00,19.829999923706055,19.850000381469727,19.809999465942383,19.82110023498535,2095,0.0,0.0,0.0
2024-07-02 10:30:00-04:00,19.829999923706055,19.84000015258789,19.81999969482422,19.81999969482422,5172,0.0,0.0,0.0
2024-07-02 11:30:00-04:00,19.826499938964844,19.826499938964844,19.81439971923828,19.81999969482422,2480,0.0,0.0,0.0
2024-07-02 12:30:00-04:00,19.810300827026367,19.816999435424805,19.809999465942383,19.816999435424805,6146,0.0,0.0,0.0
2024-07-02 13:30:00-04:00,19.81999969482422,19.81999969482422,19.811800003051758,19.81999969482422,7332,0.0,0.0,0.0
2024-07-02 14:30:00-04:00,19.823400497436523,19.829999923706055,19.821699142456055,19.829999923706055,857,0.0,0.0,0.0
2024-07-02 15:30:00-04:00,19.8302001953125,19.838199615478516,19.8302001953125,19.83099937438965,2749,0.0,0.0,0.0
2024-07-03 09:30:00-04:00,19.8700008392334,19.954999923706055,19.8700008392334,19.930099487304688,9098,0.0,0.0,0.0
2024-07-03 10:30:00-04:00,19.940000534057617,19.958499908447266,19.940000534057617,19.940000534057617,2970,0.0,0.0,0.0
2024-07-03 11:30:00-04:00,19.934999465942383,19.934999465942383,19.920000076293945,19.920000076293945,3307,0.0,0.0,0.0
2024-07-03 12:30:00-04:00,19.923999786376953,19.950000762939453,19.923999786376953,19.938899993896484,3359,0.0,0.0,0.0
2024-07-05 09:30:00-04:00,20.030000686645508,20.030000686645508,20.0049991607666,20.010000228881836,0,0.0,0.0,0.0
2024-07-05 10:30:00-04:00,20.028200149536133,20.040000915527344,20.028200149536133,20.040000915527344,3142,0.0,0.0,0.0
2024-07-05 11:30:00-04:00,20.059900283813477,20.059999465942383,20.049999237060547,20.049999237060547,1471,0.0,0.0,0.0
2024-07-05 12:30:00-04:00,20.049999237060547,20.049999237060547,20.040000915527344,20.045000076293945,2901,0.0,0.0,0.0
2024-07-05 13:30:00-04:00,20.049999237060547,20.05500030517578,20.048099517822266,20.049999237060547,25579,0.0,0.0,0.0
2024-07-05 14:30:00-04:00,20.050600051879883,20.059999465942383,20.050600051879883,20.05780029296875,1661,0.0,0.0,0.0
2024-07-05 15:30:00-04:00,20.049999237060547,20.059999465942383,20.049999237060547,20.059999465942383,1813,0.0,0.0,0.0
2024-07-08 09:30:00-04:00,20.049999237060547,20.049999237060547,20.043500900268555,20.049999237060547,1678,0.0,0.0,0.0
2024-07-08 10:30:00-04:00,20.049999237060547,20.049999237060547,20.030000686645508,20.040000915527344,875,0.0,0.0,0.0
2024-07-08 11:30:00-04:00,20.043699264526367,20.048599243164062,20.040000915527344,20.047500610351562,9820,0.0,0.0,0.0
2024-07-08 12:30:00-04:00,20.049999237060547,20.049999237060547,20.040000915527344,20.040000915527344,580,0.0,0.0,0.0
2024-07-08 13:30:00-04:00,20.059999465942383,20.060300827026367,20.059799194335938,20.059799194335938,4940,0.0,0.0,0.0
2024-07-08 14:30:00-04:00,20.050100326538086,20.065000534057617,20.049999237060547,20.059999465942383,2344,0.0,0.0,0.0
2024-07-08 15:30:00-04:00,20.058399200439453,20.059999465942383,20.050800323486328,20.05500030517578,4632,0.0,0.0,0.0
2024-07-09 09:30:00-04:00,20.030000686645508,20.030000686645508,20.019800186157227,20.019800186157227,3100,0.0,0.0,0.0
2024-07-09 10:30:00-04:00,20.010000228881836,20.010000228881836,19.9950008392334,19.9950008392334,1436,0.0,0.0,0.0
2024-07-09 11:30:00-04:00,20.0,20.014999389648438,19.989999771118164,20.014999389648438,2884,0.0,0.0,0.0
2024-07-09 12:30:00-04:00,20.014999389648438,20.024999618530273,20.014999389648438,20.014999389648438,4138,0.0,0.0,0.0
2024-07-09 13:30:00-04:00,20.030000686645508,20.030000686645508,20.02829933166504,20.030000686645508,4962,0.0,0.0,0.0
2024-07-09 14:30:00-04:00,20.030099868774414,20.030099868774414,20.024999618530273,20.030000686645508,2452,0.0,0.0,0.0
2024-07-09 15:30:00-04:00,20.030000686645508,20.038000106811523,20.030000686645508,20.030000686645508,197316,0.0,0.0,0.0
2024-07-10 09:30:00-04:00,20.049999237060547,20.049999237060547,20.040000915527344,20.040000915527344,6433,0.0,0.0,0.0
2024-07-10 10:30:00-04:00,20.042200088500977,20.042200088500977,20.020000457763672,20.03499984741211,7144,0.0,0.0,0.0
2024-07-10 11:30:00-04:00,20.040000915527344,20.05500030517578,20.020000457763672,20.05150032043457,6448,0.0,0.0,0.0
2024-07-10 12:30:00-04:00,20.05500030517578,20.059999465942383,20.049999237060547,20.049999237060547,6266,0.0,0.0,0.0
2024-07-10 13:30:00-04:00,20.040000915527344,20.049999237060547,20.040000915527344,20.048099517822266,12673,0.0,0.0,0.0
2024-07-10 14:30:00-04:00,20.042600631713867,20.049999237060547,20.042600631713867,20.049999237060547,4098,0.0,0.0,0.0
2024-07-10 15:30:00-04:00,20.040300369262695,20.049999237060547,20.040000915527344,20.049999237060547,3883,0.0,0.0,0.0
2024-07-11 09:30:00-04:00,20.181499481201172,20.200000762939453,20.18000030517578,20.190000534057617,6503,0.0,0.0,0.0
2024-07-11 10:30:00-04:00,20.18709945678711,20.199899673461914,20.18709945678711,20.19969940185547,12736,0.0,0.0,0.0
2024-07-11 11:30:00-04:00,20.19969940185547,20.204999923706055,20.190000534057617,20.190000534057617,0,0.0,0.0,0.0
2024-07-11 12:30:00-04:00,20.200000762939453,20.20400047302246,20.184999465942383,20.195999145507812,5558,0.0,0.0,0.0
2024-07-11 13:30:00-04:00,20.178499221801758,20.178699493408203,20.172300338745117,20.174999237060547,1393,0.0,0.0,0.0
2024-07-11 14:30:00-04:00,20.178199768066406,20.18000030517578,20.170000076293945,20.174999237060547,6992,0.0,0.0,0.0
2024-07-11 15:30:00-04:00,20.174999237060547,20.174999237060547,20.15999984741211,20.160999298095703,3218,0.0,0.0,0.0
2024-07-12 09:30:00-04:00,20.18000030517578,20.188600540161133,20.170000076293945,20.170000076293945,7523,0.0,0.0,0.0
2024-07-12 10:30:00-04:00,20.16990089416504,20.179000854492188,20.15999984741211,20.179000854492188,7225,0.0,0.0,0.0
2024-07-12 11:30:00-04:00,20.1742000579834,20.188199996948242,20.1742000579834,20.17569923400879,7523,0.0,0.0,0.0
2024-07-12 12:30:00-04:00,20.18000030517578,20.190000534057617,20.18000030517578,20.190000534057617,2614,0.0,0.0,0.0
2024-07-12 13:30:00-04:00,20.18000030517578,20.180099487304688,20.18000030517578,20.180099487304688,2354,0.0,0.0,0.0
2024-07-12 14:30:00-04:00,20.18899917602539,20.199800491333008,20.184999465942383,20.199800491333008,2046,0.0,0.0,0.0
2024-07-12 15:30:00-04:00,20.200000762939453,20.204999923706055,20.200000762939453,20.204999923706055,3066,0.0,0.0,0.0
2024-07-15 09:30:00-04:00,20.170000076293945,20.179899215698242,20.159900665283203,20.15999984741211,5658,0.0,0.0,0.0
2024-07-15 10:30:00-04:00,20.15999984741211,20.169700622558594,20.15999984741211,20.169700622558594,5299,0.0,0.0,0.0
2024-07-15 11:30:00-04:00,20.174999237060547,20.18000030517578,20.174999237060547,20.174999237060547,1932,0.0,0.0,0.0
2024-07-15 12:30:00-04:00,20.18000030517578,20.190000534057617,20.149999618530273,20.149999618530273,10748,0.0,0.0,0.0
2024-07-15 13:30:00-04:00,20.149999618530273,20.15999984741211,20.149999618530273,20.159000396728516,764,0.0,0.0,0.0
2024-07-15 14:30:00-04:00,20.165000915527344,20.170000076293945,20.145000457763672,20.149999618530273,2754,0.0,0.0,0.0
2024-07-15 15:30:00-04:00,20.155000686645508,20.15999984741211,20.149999618530273,20.15999984741211,5011,0.0,0.0,0.0
2024-07-16 09:30:00-04:00,20.170000076293945,20.189899444580078,20.170000076293945,20.178499221801758,5274,0.0,0.0,0.0
2024-07-16 10:30:00-04:00,20.179899215698242,20.190000534057617,20.170000076293945,20.190000534057617,2383,0.0,0.0,0.0
2024-07-16 11:30:00-04:00,20.198200225830078,20.209999084472656,20.19499969482422,20.200000762939453,3030,0.0,0.0,0.0
2024-07-16 12:30:00-04:00,20.200000762939453,20.20989990234375,20.195199966430664,20.204999923706055,10258,0.0,0.0,0.0
2024-07-16 13:30:00-04:00,20.209999084472656,20.219999313354492,20.209299087524414,20.21500015258789,6155,0.0,0.0,0.0
2024-07-16 14:30:00-04:00,20.220300674438477,20.229999542236328,20.209999084472656,20.229900360107422,7916,0.0,0.0,0.0
2024-07-16 15:30:00-04:00,20.228200912475586,20.229999542236328,20.219999313354492,20.229999542236328,4474,0.0,0.0,0.0
2024-07-17 09:30:00-04:00,20.209999084472656,20.209999084472656,20.189599990844727,20.189599990844727,6509,0.0,0.0,0.0
2024-07-17 10:30:00-04:00,20.20009994506836,20.209999084472656,20.200000762939453,20.200000762939453,5972,0.0,0.0,0.0
2024-07-17 11:30:00-04:00,20.219999313354492,20.229999542236328,20.219999313354492,20.223499298095703,2433,0.0,0.0,0.0
2024-07-17 12:30:00-04:00,20.225000381469727,20.239999771118164,20.225000381469727,20.239999771118164,4507,0.0,0.0,0.0
2024-07-17 13:30:00-04:00,20.239999771118164,20.25,20.229999542236328,20.25,2021,0.0,0.0,0.0
2024-07-17 14:30:00-04:00,20.241300582885742,20.25,20.241300582885742,20.25,8845,0.0,0.0,0.0
2024-07-17 15:30:00-04:00,20.25,20.25,20.242700576782227,20.2450008392334,2733,0.0,0.0,0.0
2024-07-18 09:30:00-04:00,20.200000762939453,20.229999542236328,20.200000762939453,20.229999542236328,10682,0.0,0.0,0.0
2024-07-18 10:30:00-04:00,20.229700088500977,20.239999771118164,20.229700088500977,20.229999542236328,747,0.0,0.0,0.0
2024-07-18 11:30:00-04:00,20.229999542236328,20.235000610351562,20.225000381469727,20.225000381469727,3715,0.0,0.0,0.0
2024-07-18 12:30:00-04:00,20.219999313354492,20.219999313354492,20.209999084472656,20.209999084472656,1699,0.0,0.0,0.0
2024-07-18 13:30:00-04:00,20.209999084472656,20.21500015258789,20.209999084472656,20.21500015258789,2477,0.0,0.0,0.0
2024-07-18 14:30:00-04:00,20.21500015258789,20.21500015258789,20.190000534057617,20.190000534057617,3960,0.0,0.0,0.0
2024-07-18 15:30:00-04:00,20.18000030517578,20.19099998474121,20.18000030517578,20.19099998474121,3109,0.0,0.0,0.0
2024-07-19 09:30:00-04:00,20.15999984741211,20.15999984741211,20.15999984741211,20.15999984741211,226,0.0,0.0,0.0
2024-07-19 10:30:00-04:00,20.149999618530273,20.15999984741211,20.149999618530273,20.155000686645508,30866,0.0,0.0,0.0
2024-07-19 12:30:00-04:00,20.149999618530273,20.153499603271484,20.141300201416016,20.153499603271484,2166,0.0,0.0,0.0
2024-07-19 13:30:00-04:00,20.149999618530273,20.149999618530273,20.145000457763672,20.145000457763672,3916,0.0,0.0,0.0
2024-07-19 15:30:00-04:00,20.135000228881836,20.139999389648438,20.1299991607666,20.139999389648438,2549,0.0,0.0,0.0
2024-07-22 09:30:00-04:00,20.149999618530273,20.165000915527344,20.149999618530273,20.165000915527344,2939,0.0,0.0,0.0
2024-07-22 10:30:00-04:00,20.16010093688965,20.165000915527344,20.149900436401367,20.149900436401367,5038,0.0,0.0,0.0
2024-07-22 11:30:00-04:00,20.110000610351562,20.110000610351562,20.100000381469727,20.110000610351562,4116,0.0,0.0,0.0
2024-07-22 12:30:00-04:00,20.100000381469727,20.104299545288086,20.100000381469727,20.104299545288086,1220,0.0,0.0,0.0
2024-07-22 13:30:00-04:00,20.110000610351562,20.118499755859375,20.110000610351562,20.111499786376953,1400,0.0,0.0,0.0
2024-07-22 14:30:00-04:00,20.118200302124023,20.125,20.114999771118164,20.125,2785,0.0,0.0,0.0
2024-07-22 15:30:00-04:00,20.125,20.12820053100586,20.1200008392334,20.12820053100586,0,0.0,0.0,0.0
2024-07-23 09:30:00-04:00,20.139999389648438,20.16990089416504,20.139999389648438,20.165000915527344,4787,0.0,0.0,0.0
2024-07-23 10:30:00-04:00,20.16860008239746,20.16860008239746,20.149999618530273,20.159700393676758,1193,0.0,0.0,0.0
2024-07-23 11:30:00-04:00,20.166000366210938,20.166000366210938,20.161300659179688,20.161300659179688,5033,0.0,0.0,0.0
2024-07-23 12:30:00-04:00,20.15999984741211,20.170000076293945,20.15999984741211,20.16790008544922,1168,0.0,0.0,0.0
2024-07-23 13:30:00-04:00,20.15999984741211,20.15999984741211,20.151899337768555,20.155000686645508,7573,0.0,0.0,0.0
2024-07-23 14:30:00-04:00,20.158300399780273,20.159900665283203,20.148300170898438,20.148300170898438,7742,0.0,0.0,0.0
2024-07-23 15:30:00-04:00,20.14579963684082,20.14859962463379,20.140100479125977,20.140100479125977,3273,0.0,0.0,0.0
2024-07-24 09:30:00-04:00,20.18000030517578,20.198699951171875,20.177000045776367,20.177000045776367,0,0.0,0.0,0.0
2024-07-24 10:30:00-04:00,20.170000076293945,20.202899932861328,20.170000076293945,20.200000762939453,2338,0.0,0.0,0.0
2024-07-24 11:30:00-04:00,20.19499969482422,20.19499969482422,20.18000030517578,20.18000030517578,446,0.0,0.0,0.0
2024-07-24 12:30:00-04:00,20.18000030517578,20.18000030517578,20.15999984741211,20.15999984741211,3074,0.0,0.0,0.0
2024-07-24 13:30:00-04:00,20.15999984741211,20.15999984741211,20.11989974975586,20.12689971923828,3278,0.0,0.0,0.0
2024-07-24 14:30:00-04:00,20.110000610351562,20.125,20.110000610351562,20.125,3237,0.0,0.0,0.0
2024-07-24 15:30:00-04:00,20.125,20.125,20.114999771118164,20.114999771118164,3529,0.0,0.0,0.0
2024-07-25 09:30:00-04:00,20.16990089416504,20.19499969482422,20.16990089416504,20.190000534057617,3222,0.0,0.0,0.0
2024-07-25 10:30:00-04:00,20.190000534057617,20.190000534057617,20.184999465942383,20.184999465942383,741,0.0,0.0,0.0
2024-07-25 11:30:00-04:00,20.18000030517578,20.18000030517578,20.15999984741211,20.165000915527344,36288,0.0,0.0,0.0
2024-07-25 12:30:00-04:00,20.15959930419922,20.170000076293945,20.149999618530273,20.15999984741211,3142,0.0,0.0,0.0
2024-07-25 13:30:00-04:00,20.15999984741211,20.15999984741211,20.139999389648438,20.147899627685547,2011,0.0,0.0,0.0
2024-07-25 14:30:00-04:00,20.139999389648438,20.145000457763672,20.139999389648438,20.140300750732422,7056,0.0,0.0,0.0
2024-07-25 15:30:00-04:00,20.14430046081543,20.159900665283203,20.14430046081543,20.159900665283203,4415,0.0,0.0,0.0
2024-07-26 09:30:00-04:00,20.219999313354492,20.219999313354492,20.219999313354492,20.219999313354492,0,0.0,0.0,0.0
2024-07-26 10:30:00-04:00,20.229900360107422,20.229999542236328,20.225000381469727,20.225000381469727,2898,0.0,0.0,0.0
2024-07-26 11:30:00-04:00,20.209999084472656,20.224000930786133,20.209999084472656,20.219999313354492,7513,0.0,0.0,0.0
2024-07-26 12:30:00-04:00,20.219999313354492,20.219999313354492,20.217899322509766,20.219999313354492,2275,0.0,0.0,0.0
2024-07-26 13:30:00-04:00,20.225000381469727,20.229900360107422,20.225000381469727,20.2278995513916,6242,0.0,0.0,0.0
2024-07-26 14:30:00-04:00,20.229999542236328,20.239999771118164,20.229999542236328,20.229999542236328,5480,0.0,0.0,0.0
2024-07-26 15:30:00-04:00,20.239900588989258,20.239900588989258,20.229999542236328,20.229999542236328,1488,0.0,0.0,0.0
2024-07-29 09:30:00-04:00,20.268800735473633,20.270299911499023,20.2549991607666,20.260000228881836,2344,0.0,0.0,0.0
2024-07-29 10:30:00-04:00,20.260099411010742,20.260099411010742,20.260099411010742,20.260099411010742,1053,0.0,0.0,0.0
2024-07-29 11:30:00-04:00,20.260000228881836,20.270000457763672,20.260000228881836,20.270000457763672,1200,0.0,0.0,0.0
2024-07-29 12:30:00-04:00,20.264999389648438,20.2677001953125,20.260000228881836,20.260299682617188,4145,0.0,0.0,0.0
2024-07-29 13:30:00-04:00,20.264999389648438,20.270000457763672,20.252099990844727,20.2549991607666,2206,0.0,0.0,0.0
2024-07-29 14:30:00-04:00,20.257699966430664,20.260000228881836,20.2549991607666,20.260000228881836,7455,0.0,0.0,0.0
2024-07-29 15:30:00-04:00,20.260000228881836,20.270000457763672,20.260000228881836,20.270000457763672,4734,0.0,0.0,0.0
2024-07-30 09:30:00-04:00,20.280000686645508,20.28860092163086,20.255199432373047,20.260000228881836,25689,0.0,0.0,0.0
2024-07-30 10:30:00-04:00,20.26810073852539,20.27989959716797,20.260000228881836,20.260000228881836,5642,0.0,0.0,0.0
2024-07-30 11:30:00-04:00,20.274999618530273,20.28499984741211,20.274999618530273,20.280000686645508,2184,0.0,0.0,0.0
2024-07-30 12:30:00-04:00,20.290000915527344,20.309999465942383,20.290000915527344,20.309999465942383,1612,0.0,0.0,0.0
2024-07-30 13:30:00-04:00,20.30500030517578,20.30500030517578,20.30500030517578,20.30500030517578,200,0.0,0.0,0.0
2024-07-30 14:30:00-04:00,20.319700241088867,20.319700241088867,20.299699783325195,20.299699783325195,20070,0.0,0.0,0.0
2024-07-30 15:30:00-04:00,20.30500030517578,20.30500030517578,20.30500030517578,20.30500030517578,3096,0.0,0.0,0.0
2024-07-31 09:30:00-04:00,20.350000381469727,20.358800888061523,20.350000381469727,20.358800888061523,346,0.0,0.0,0.0
2024-07-31 10:30:00-04:00,20.354999542236328,20.357099533081055,20.340099334716797,20.34950065612793,0,0.0,0.0,0.0
2024-07-31 11:30:00-04:00,20.350000381469727,20.359100341796875,20.350000381469727,20.354999542236328,0,0.0,0.0,0.0
2024-07-31 12:30:00-04:00,20.356700897216797,20.356700897216797,20.350000381469727,20.350000381469727,15152,0.0,0.0,0.0
2024-07-31 13:30:00-04:00,20.34000015258789,20.34000015258789,20.31999969482422,20.31999969482422,20463,0.0,0.0,0.0
2024-07-31 14:30:00-04:00,20.34000015258789,20.409900665283203,20.34000015258789,20.409900665283203,5582,0.0,0.0,0.0
2024-07-31 15:30:00-04:00,20.409700393676758,20.450000762939453,20.399999618530273,20.450000762939453,6913,0.0,0.0,0.0
2024-08-01 09:30:00-04:00,20.399999618530273,20.459999084472656,20.399999618530273,20.450000762939453,0,0.0,0.0,0.0
2024-08-01 10:30:00-04:00,20.479799270629883,20.479999542236328,20.450000762939453,20.450000762939453,6046,0.0,0.0,0.0
2024-08-01 12:30:00-04:00,20.469999313354492,20.47599983215332,20.46500015258789,20.46500015258789,3233,0.0,0.0,0.0
2024-08-01 13:30:00-04:00,20.45989990234375,20.479799270629883,20.45989990234375,20.469999313354492,16359,0.0,0.0,0.0
2024-08-01 14:30:00-04:00,20.463699340820312,20.46500015258789,20.458499908447266,20.46500015258789,2333,0.0,0.0,0.0
2024-08-01 15:30:00-04:00,20.464500427246094,20.46500015258789,20.459999084472656,20.459999084472656,6541,0.0,0.0,0.0
2024-08-02 09:30:00-04:00,20.639999389648438,20.66990089416504,20.639999389648438,20.66990089416504,2060,0.0,0.0,0.0
2024-08-02 10:30:00-04:00,20.700300216674805,20.700300216674805,20.700300216674805,20.700300216674805,0,0.0,0.0,0.0
2024-08-02 11:30:00-04:00,20.706300735473633,20.709999084472656,20.70009994506836,20.70009994506836,0,0.0,0.0,0.0
2024-08-02 12:30:00-04:00,20.68000030517578,20.704999923706055,20.68000030517578,20.704999923706055,5281,0.0,0.0,0.0
2024-08-02 13:30:00-04:00,20.709800720214844,20.719999313354492,20.709800720214844,20.719999313354492,18344,0.0,0.0,0.0
2024-08-02 14:30:00-04:00,20.719999313354492,20.739999771118164,20.719999313354492,20.735000610351562,34186,0.0,0.0,0.0
2024-08-02 15:30:00-04:00,20.735000610351562,20.7450008392334,20.735000610351562,20.739999771118164,1756,0.0,0.0,0.0
2024-08-05 09:30:00-04:00,20.884300231933594,20.884300231933594,20.75,20.770000457763672,20595,0.0,0.0,0.0
2024-08-05 10:30:00-04:00,20.760000228881836,20.80500030517578,20.729999542236328,20.739999771118164,8355,0.0,0.0,0.0
2024-08-05 11:30:00-04:00,20.729999542236328,20.739999771118164,20.690000534057617,20.690000534057617,1547,0.0,0.0,0.0
2024-08-05 12:30:00-04:00,20.700000762939453,20.729999542236328,20.700000762939453,20.729999542236328,2680,0.0,0.0,0.0
2024-08-05 13:30:00-04:00,20.719999313354492,20.73900032043457,20.719999313354492,20.729999542236328,1306,0.0,0.0,0.0
2024-08-05 14:30:00-04:00,20.7450008392334,20.774999618530273,20.73200035095215,20.774999618530273,7441,0.0,0.0,0.0
2024-08-05 15:30:00-04:00,20.759700775146484,20.780000686645508,20.75,20.75,23008,0.0,0.0,0.0
2024-08-06 09:30:00-04:00,20.709999084472656,20.709999084472656,20.659700393676758,20.659700393676758,15905,0.0,0.0,0.0
2024-08-06 10:30:00-04:00,20.66990089416504,20.670000076293945,20.6299991607666,20.639999389648438,7538,0.0,0.0,0.0
2024-08-06 11:30:00-04:00,20.635000228881836,20.635000228881836,20.61829948425293,20.6299991607666,2157,0.0,0.0,0.0
2024-08-06 12:30:00-04:00,20.590299606323242,20.600000381469727,20.585800170898438,20.585800170898438,4065,0.0,0.0,0.0
2024-08-06 13:30:00-04:00,20.600000381469727,20.600000381469727,20.579999923706055,20.600000381469727,3798,0.0,0.0,0.0
2024-08-06 14:30:00-04:00,20.610000610351562,20.614999771118164,20.604999542236328,20.608299255371094,12189,0.0,0.0,0.0
2024-08-06 15:30:00-04:00,20.600000381469727,20.604999542236328,20.59980010986328,20.600000381469727,4906,0.0,0.0,0.0
2024-08-07 09:30:00-04:00,20.549999237060547,20.549999237060547,20.537900924682617,20.549999237060547,2629,0.0,0.0,0.0
2024-08-07 10:30:00-04:00,20.520000457763672,20.520000457763672,20.520000457763672,20.520000457763672,786,0.0,0.0,0.0
2024-08-07 11:30:00-04:00,20.52079963684082,20.524999618530273,20.52079963684082,20.524999618530273,4094,0.0,0.0,0.0
2024-08-07 12:30:00-04:00,20.549999237060547,20.549999237060547,20.510000228881836,20.510000228881836,748,0.0,0.0,0.0
2024-08-07 13:30:00-04:00,20.540000915527344,20.555500030517578,20.52869987487793,20.52869987487793,146828,0.0,0.0,0.0
2024-08-07 14:30:00-04:00,20.510000228881836,20.520000457763672,20.5,20.510000228881836,21092,0.0,0.0,0.0
2024-08-07 15:30:00-04:00,20.516000747680664,20.53969955444336,20.510000228881836,20.53499984741211,0,0.0,0.0,0.0
2024-08-08 09:30:00-04:00,20.459999084472656,20.469999313354492,20.459999084472656,20.469999313354492,0,0.0,0.0,0.0
2024-08-08 10:30:00-04:00,20.469999313354492,20.489999771118164,20.469999313354492,20.479999542236328,14785,0.0,0.0,0.0
2024-08-08 11:30:00-04:00,20.479999542236328,20.489999771118164,20.479999542236328,20.479999542236328,9597,0.0,0.0,0.0
2024-08-08 12:30:00-04:00,20.479999542236328,20.479999542236328,20.469999313354492,20.469999313354492,3917,0.0,0.0,0.0
2024-08-08 13:30:00-04:00,20.459999084472656,20.465900421142578,20.440099716186523,20.465900421142578,2701,0.0,0.0,0.0
2024-08-08 14:30:00-04:00,20.469999313354492,20.475000381469727,20.469999313354492,20.469999313354492,933,0.0,0.0,0.0
2024-08-08 15:30:00-04:00,20.470300674438477,20.479999542236328,20.469999313354492,20.475000381469727,4126,0.0,0.0,0.0
2024-08-09 09:30:00-04:00,20.5585994720459,20.5585994720459,20.5585994720459,20.5585994720459,318,0.0,0.0,0.0
2024-08-09 10:30:00-04:00,20.559900283813477,20.559900283813477,20.559900283813477,20.559900283813477,2793,0.0,0.0,0.0
2024-08-09 11:30:00-04:00,20.557300567626953,20.557300567626953,20.549999237060547,20.549999237060547,836,0.0,0.0,0.0
2024-08-09 12:30:00-04:00,20.55500030517578,20.55500030517578,20.536300659179688,20.540000915527344,2966,0.0,0.0,0.0
2024-08-09 13:30:00-04:00,20.539899826049805,20.539899826049805,20.53059959411621,20.536100387573242,2700,0.0,0.0,0.0
2024-08-09 14:30:00-04:00,20.540000915527344,20.540000915527344,20.520000457763672,20.520000457763672,6342,0.0,0.0,0.0
2024-08-09 15:30:00-04:00,20.524999618530273,20.540000915527344,20.524999618530273,20.540000915527344,1179,0.0,0.0,0.0
2024-08-12 09:30:00-04:00,20.52869987487793,20.52869987487793,20.510000228881836,20.510000228881836,1127,0.0,0.0,0.0
2024-08-12 10:30:00-04:00,20.549699783325195,20.575000762939453,20.540000915527344,20.575000762939453,18197,0.0,0.0,0.0
2024-08-12 11:30:00-04:00,20.570899963378906,20.570899963378906,20.56879997253418,20.56999969482422,1395,0.0,0.0,0.0
2024-08-12 12:30:00-04:00,20.599899291992188,20.600000381469727,20.579999923706055,20.600000381469727,2234,0.0,0.0,0.0
2024-08-12 13:30:00-04:00,20.59749984741211,20.59749984741211,20.59749984741211,20.59749984741211,545,0.0,0.0,0.0
2024-08-12 14:30:00-04:00,20.60759925842285,20.60759925842285,20.59000015258789,20.599899291992188,6639,0.0,0.0,0.0
2024-08-12 15:30:00-04:00,20.59630012512207,20.610000610351562,20.59630012512207,20.610000610351562,2738,0.0,0.0,0.0
2024-08-13 09:30:00-04:00,20.65999984741211,20.667200088500977,20.65999984741211,20.66200065612793,0,0.0,0.0,0.0
2024-08-13 10:30:00-04:00,20.65999984741211,20.679800033569336,20.649999618530273,20.65999984741211,6986,0.0,0.0,0.0
2024-08-13 11:30:00-04:00,20.649999618530273,20.65999984741211,20.649999618530273,20.659700393676758,871,0.0,0.0,0.0
2024-08-13 12:30:00-04:00,20.670000076293945,20.68000030517578,20.670000076293945,20.679899215698242,1432,0.0,0.0,0.0
2024-08-13 13:30:00-04:00,20.668699264526367,20.679800033569336,20.668699264526367,20.674999237060547,4972,0.0,0.0,0.0
2024-08-13 14:30:00-04:00,20.67009925842285,20.68000030517578,20.65999984741211,20.68000030517578,16001,0.0,0.0,0.0
2024-08-13 15:30:00-04:00,20.674999237060547,20.68000030517578,20.673099517822266,20.68000030517578,3441,0.0,0.0,0.0
2024-08-14 09:30:00-04:00,20.68000030517578,20.719900131225586,20.68000030517578,20.719900131225586,3952,0.0,0.0,0.0
2024-08-14 10:30:00-04:00,20.715200424194336,20.729999542236328,20.709999084472656,20.729999542236328,6126,0.0,0.0,0.0
2024-08-14 11:30:00-04:00,20.725400924682617,20.729999542236328,20.717100143432617,20.719999313354492,1510,0.0,0.0,0.0
2024-08-14 12:30:00-04:00,20.719999313354492,20.719999313354492,20.700000762939453,20.706300735473633,6494,0.0,0.0,0.0
2024-08-14 13:30:00-04:00,20.700000762939453,20.709999084472656,20.700000762939453,20.700000762939453,4628,0.0,0.0,0.0
2024-08-14 14:30:00-04:00,20.700000762939453,20.709999084472656,20.700000762939453,20.709999084472656,3286,0.0,0.0,0.0
2024-08-14 15:30:00-04:00,20.7012996673584,20.709999084472656,20.7012996673584,20.704999923706055,1388,0.0,0.0,0.0
2024-08-15 09:30:00-04:00,20.559999465942383,20.56999969482422,20.540000915527344,20.559999465942383,76079,0.0,0.0,0.0
2024-08-15 10:30:00-04:00,20.575000762939453,20.575000762939453,20.548999786376953,20.548999786376953,1402,0.0,0.0,0.0
2024-08-15 11:30:00-04:00,20.559999465942383,20.56999969482422,20.540000915527344,20.565000534057617,22229,0.0,0.0,0.0
2024-08-15 12:30:00-04:00,20.559999465942383,20.56999969482422,20.542800903320312,20.559999465942383,2489,0.0,0.0,0.0
2024-08-15 13:30:00-04:00,20.54050064086914,20.55739974975586,20.54050064086914,20.55739974975586,5833,0.0,0.0,0.0
2024-08-15 14:30:00-04:00,20.559999465942383,20.579999923706055,20.556299209594727,20.579999923706055,5089,0.0,0.0,0.0
2024-08-15 15:30:00-04:00,20.559999465942383,20.579999923706055,20.559999465942383,20.575000762939453,1618,0.0,0.0,0.0
2024-08-16 09:30:00-04:00,20.610000610351562,20.61720085144043,20.579999923706055,20.579999923706055,9672,0.0,0.0,0.0
2024-08-16 10:30:00-04:00,20.575000762939453,20.59000015258789,20.56999969482422,20.56999969482422,4247,0.0,0.0,0.0
2024-08-16 11:30:00-04:00,20.56999969482422,20.59000015258789,20.56999969482422,20.584999084472656,2456,0.0,0.0,0.0
2024-08-16 12:30:00-04:00,20.590700149536133,20.600000381469727,20.590700149536133,20.600000381469727,736,0.0,0.0,0.0
2024-08-16 13:30:00-04:00,20.600000381469727,20.600000381469727,20.600000381469727,20.600000381469727,571,0.0,0.0,0.0
2024-08-16 14:30:00-04:00,20.604999542236328,20.610000610351562,20.600900650024414,20.602100372314453,3806,0.0,0.0,0.0
2024-08-16 15:30:00-04:00,20.604999542236328,20.614999771118164,20.604999542236328,20.614999771118164,9904,0.0,0.0,0.0
2024-08-19 09:30:00-04:00,20.610000610351562,20.61009979248047,20.604999542236328,20.610000610351562,91041,0.0,0.0,0.0
2024-08-19 10:30:00-04:00,20.6200008392334,20.6299991607666,20.6112003326416,20.6299991607666,3046,0.0,0.0,0.0
2024-08-19 11:30:00-04:00,20.622699737548828,20.649999618530273,20.610000610351562,20.649999618530273,24306,0.0,0.0,0.0
2024-08-19 12:30:00-04:00,20.649999618530273,20.649999618530273,20.639999389648438,20.639999389648438,11788,0.0,0.0,0.0
2024-08-19 13:30:00-04:00,20.639999389648438,20.649999618530273,20.638599395751953,20.649999618530273,3419,0.0,0.0,0.0
2024-08-19 14:30:00-04:00,20.639999389648438,20.639999389648438,20.6200008392334,20.639999389648438,9072,0.0,0.0,0.0
2024-08-19 15:30:00-04:00,20.639999389648438,20.639999389648438,20.62820053100586,20.62820053100586,9200,0.0,0.0,0.0
2024-08-20 09:30:00-04:00,20.68000030517578,20.68000030517578,20.665000915527344,20.670000076293945,6380,0.0,0.0,0.0
2024-08-20 10:30:00-04:00,20.690000534057617,20.690000534057617,20.68000030517578,20.689899444580078,1020,0.0,0.0,0.0
2024-08-20 11:30:00-04:00,20.690000534057617,20.700000762939453,20.690000534057617,20.700000762939453,1322,0.0,0.0,0.0
2024-08-20 12:30:00-04:00,20.700000762939453,20.700000762939453,20.690000534057617,20.69499969482422,3980,0.0,0.0,0.0
2024-08-20 13:30:00-04:00,20.690000534057617,20.690000534057617,20.690000534057617,20.690000534057617,513,0.0,0.0,0.0
2024-08-20 14:30:00-04:00,20.68079948425293,20.700000762939453,20.68000030517578,20.699800491333008,5259,0.0,0.0,0.0
2024-08-20 15:30:00-04:00,20.700000762939453,20.700000762939453,20.69499969482422,20.700000762939453,2423,0.0,0.0,0.0
2024-08-21 09:30:00-04:00,20.709999084472656,20.749399185180664,20.700000762939453,20.735000610351562,23244,0.0,0.0,0.0
2024-08-21 10:30:00-04:00,20.739999771118164,20.748699188232422,20.700000762939453,20.729999542236328,6632,0.0,0.0,0.0
2024-08-21 11:30:00-04:00,20.739999771118164,20.759899139404297,20.739999771118164,20.759899139404297,1626,0.0,0.0,0.0
2024-08-21 12:30:00-04:00,20.770000457763672,20.770000457763672,20.7549991607666,20.760000228881836,2349,0.0,0.0,0.0
2024-08-21 13:30:00-04:00,20.764999389648438,20.789600372314453,20.764999389648438,20.770000457763672,9467,0.0,0.0,0.0
2024-08-21 14:30:00-04:00,20.780000686645508,20.780000686645508,20.750099182128906,20.7549991607666,7585,0.0,0.0,0.0
2024-08-21 15:30:00-04:00,20.757600784301758,20.760000228881836,20.75,20.75,6172,0.0,0.0,0.0
2024-08-22 09:30:00-04:00,20.670000076293945,20.670000076293945,20.667200088500977,20.667200088500977,12578,0.0,0.0,0.0
2024-08-22 10:30:00-04:00,20.670000076293945,20.670000076293945,20.649999618530273,20.65999984741211,589,0.0,0.0,0.0
2024-08-22 11:30:00-04:00,20.656700134277344,20.656700134277344,20.639999389648438,20.639999389648438,1216,0.0,0.0,0.0
2024-08-22 12:30:00-04:00,20.6387996673584,20.646299362182617,20.6299991607666,20.646299362182617,8972,0.0,0.0,0.0
2024-08-22 13:30:00-04:00,20.649999618530273,20.655000686645508,20.649999618530273,20.655000686645508,4057,0.0,0.0,0.0
2024-08-22 14:30:00-04:00,20.649999618530273,20.659900665283203,20.645000457763672,20.659900665283203,4931,0.0,0.0,0.0
2024-08-22 15:30:00-04:00,20.654399871826172,20.65999984741211,20.654399871826172,20.659700393676758,6399,0.0,0.0,0.0
2024-08-23 09:30:00-04:00,20.690000534057617,20.755800247192383,20.670000076293945,20.739999771118164,2842,0.0,0.0,0.0
2024-08-23 10:30:00-04:00,20.760000228881836,20.760000228881836,20.739999771118164,20.741600036621094,6054,0.0,0.0,0.0
2024-08-23 11:30:00-04:00,20.739999771118164,20.739999771118164,20.722999572753906,20.729999542236328,3609,0.0,0.0,0.0
2024-08-23 12:30:00-04:00,20.719999313354492,20.729999542236328,20.719999313354492,20.719999313354492,876,0.0,0.0,0.0
2024-08-23 13:30:00-04:00,20.725000381469727,20.75,20.719999313354492,20.75,2419,0.0,0.0,0.0
2024-08-23 14:30:00-04:00,20.75,20.75,20.739999771118164,20.7450008392334,3005,0.0,0.0,0.0
2024-08-23 15:30:00-04:00,20.743000030517578,20.75,20.739999771118164,20.7450008392334,15227,0.0,0.0,0.0
2024-08-26 09:30:00-04:00,20.780000686645508,20.780000686645508,20.739500045776367,20.739500045776367,2694,0.0,0.0,0.0
2024-08-26 10:30:00-04:00,20.770000457763672,20.774999618530273,20.75909996032715,20.75909996032715,1616,0.0,0.0,0.0
2024-08-26 11:30:00-04:00,20.75,20.75,20.740100860595703,20.75,1172,0.0,0.0,0.0
2024-08-26 12:30:00-04:00,20.740100860595703,20.75,20.73080062866211,20.7450008392334,21754,0.0,0.0,0.0
2024-08-26 13:30:00-04:00,20.749900817871094,20.749900817871094,20.740100860595703,20.7450008392334,2806,0.0,0.0,0.0
2024-08-26 14:30:00-04:00,20.7450008392334,20.7450008392334,20.72920036315918,20.72920036315918,2953,0.0,0.0,0.0
2024-08-26 15:30:00-04:00,20.719999313354492,20.725000381469727,20.719999313354492,20.725000381469727,328,0.0,0.0,0.0
2024-08-27 09:30:00-04:00,20.68000030517578,20.690000534057617,20.679899215698242,20.690000534057617,11555,0.0,0.0,0.0
2024-08-27 10:30:00-04:00,20.687999725341797,20.700000762939453,20.687999725341797,20.69179916381836,32642,0.0,0.0,0.0
2024-08-27 11:30:00-04:00,20.709999084472656,20.709999084472656,20.690000534057617,20.709999084472656,3030,0.0,0.0,0.0
2024-08-27 12:30:00-04:00,20.70709991455078,20.70709991455078,20.70709991455078,20.70709991455078,493,0.0,0.0,0.0
2024-08-27 13:30:00-04:00,20.719900131225586,20.7322998046875,20.71500015258789,20.7322998046875,10831,0.0,0.0,0.0
2024-08-27 14:30:00-04:00,20.729999542236328,20.729999542236328,20.71969985961914,20.71969985961914,7697,0.0,0.0,0.0
2024-08-27 15:30:00-04:00,20.719999313354492,20.719999313354492,20.71500015258789,20.71500015258789,3152,0.0,0.0,0.0
2024-08-28 09:30:00-04:00,20.729999542236328,20.729999542236328,20.719999313354492,20.719999313354492,1248,0.0,0.0,0.0
2024-08-28 10:30:00-04:00,20.725000381469727,20.729999542236328,20.725000381469727,20.729999542236328,531,0.0,0.0,0.0
2024-08-28 11:30:00-04:00,20.73270034790039,20.73270034790039,20.719999313354492,20.729999542236328,1976,0.0,0.0,0.0
2024-08-28 12:30:00-04:00,20.72130012512207,20.729999542236328,20.71579933166504,20.71969985961914,7619,0.0,0.0,0.0
2024-08-28 13:30:00-04:00,20.719999313354492,20.719999313354492,20.709999084472656,20.719999313354492,610,0.0,0.0,0.0
2024-08-28 14:30:00-04:00,20.719999313354492,20.719999313354492,20.71500015258789,20.719999313354492,5870,0.0,0.0,0.0
2024-08-28 15:30:00-04:00,20.711700439453125,20.719999313354492,20.711299896240234,20.719999313354492,6052,0.0,0.0,0.0
2024-08-29 09:30:00-04:00,20.68670082092285,20.690000534057617,20.68000030517578,20.684999465942383,3558,0.0,0.0,0.0
2024-08-29 10:30:00-04:00,20.68000030517578,20.68000030517578,20.661500930786133,20.667299270629883,3601,0.0,0.0,0.0
2024-08-29 11:30:00-04:00,20.665000915527344,20.689699172973633,20.665000915527344,20.689699172973633,2835,0.0,0.0,0.0
2024-08-29 12:30:00-04:00,20.68199920654297,20.690000534057617,20.68199920654297,20.690000534057617,22405,0.0,0.0,0.0
2024-08-29 13:30:00-04:00,20.690000534057617,20.690000534057617,20.68000030517578,20.68000030517578,1006,0.0,0.0,0.0
2024-08-29 14:30:00-04:00,20.690000534057617,20.690000534057617,20.68000030517578,20.684999465942383,23073,0.0,0.0,0.0
2024-08-29 15:30:00-04:00,20.68000030517578,20.690000534057617,20.68000030517578,20.680099487304688,2581,0.0,0.0,0.0
2024-08-30 09:30:00-04:00,20.68000030517578,20.709999084472656,20.68000030517578,20.700000762939453,475,0.0,0.0,0.0
2024-08-30 10:30:00-04:00,20.690000534057617,20.69580078125,20.68000030517578,20.68000030517578,1379,0.0,0.0,0.0
2024-08-30 11:30:00-04:00,20.68000030517578,20.687299728393555,20.649999618530273,20.649999618530273,7704,0.0,0.0,0.0
2024-08-30 12:30:00-04:00,20.649999618530273,20.649999618530273,20.6299991607666,20.6299991607666,718,0.0,0.0,0.0
2024-08-30 13:30:00-04:00,20.639999389648438,20.649999618530273,20.639999389648438,20.640100479125977,6202,0.0,0.0,0.0
2024-08-30 14:30:00-04:00,20.645000457763672,20.649999618530273,20.639999389648438,20.645000457763672,2563,0.0,0.0,0.0
2024-08-30 15:30:00-04:00,20.640100479125977,20.649999618530273,20.639999389648438,20.639999389648438,1807,0.0,0.0,0.0
2024-09-03 09:30:00-04:00,20.649799346923828,20.670000076293945,20.649799346923828,20.670000076293945,546,0.0,0.0,0.0
2024-09-03 10:30:00-04:00,20.670000076293945,20.68000030517578,20.659700393676758,20.659700393676758,5992,0.0,0.0,0.0
2024-09-03 11:30:00-04:00,20.655000686645508,20.655000686645508,20.645000457763672,20.649999618530273,1853,0.0,0.0,0.0
2024-09-03 12:30:00-04:00,20.649999618530273,20.656099319458008,20.640100479125977,20.656099319458008,6370,0.0,0.0,0.0
2024-09-03 13:30:00-04:00,20.659799575805664,20.65999984741211,20.645000457763672,20.652999877929688,8596,0.0,0.0,0.0
2024-09-03 14:30:00-04:00,20.649999618530273,20.670000076293945,20.649999618530273,20.670000076293945,4751,0.0,0.0,0.0
2024-09-03 15:30:00-04:00,20.66990089416504,20.670000076293945,20.665000915527344,20.665000915527344,2173,0.0,0.0,0.0
2024-09-04 09:30:00-04:00,20.690000534057617,20.760000228881836,20.690000534057617,20.760000228881836,9500,0.0,0.0,0.0
2024-09-04 10:30:00-04:00,20.757999420166016,20.757999420166016,20.729999542236328,20.739999771118164,11995,0.0,0.0,0.0
2024-09-04 11:30:00-04:00,20.735000610351562,20.739999771118164,20.730100631713867,20.73979949951172,5059,0.0,0.0,0.0
2024-09-04 12:30:00-04:00,20.75,20.75,20.7450008392334,20.7450008392334,5604,0.0,0.0,0.0
2024-09-04 13:30:00-04:00,20.75,20.760000228881836,20.75,20.760000228881836,28672,0.0,0.0,0.0
2024-09-04 14:30:00-04:00,20.760000228881836,20.774999618530273,20.7549991607666,20.770000457763672,7323,0.0,0.0,0.0
2024-09-04 15:30:00-04:00,20.770000457763672,20.780000686645508,20.770000457763672,20.780000686645508,1673,0.0,0.0,0.0
2024-09-05 09:30:00-04:00,20.81999969482422,20.83799934387207,20.799999237060547,20.799999237060547,28213,0.0,0.0,0.0
2024-09-05 10:30:00-04:00,20.780000686645508,20.780000686645508,20.75,20.770000457763672,10559,0.0,0.0,0.0
2024-09-05 11:30:00-04:00,20.774999618530273,20.795000076293945,20.774999618530273,20.790000915527344,4962,0.0,0.0,0.0
2024-09-05 12:30:00-04:00,20.790000915527344,20.819900512695312,20.790000915527344,20.801000595092773,1097,0.0,0.0,0.0
2024-09-05 13:30:00-04:00,20.809999465942383,20.81999969482422,20.799999237060547,20.809999465942383,9763,0.0,0.0,0.0
2024-09-05 14:30:00-04:00,20.809999465942383,20.81999969482422,20.799999237060547,20.815000534057617,7016,0.0,0.0,0.0
2024-09-05 15:30:00-04:00,20.809999465942383,20.819900512695312,20.799999237060547,20.819900512695312,5428,0.0,0.0,0.0
2024-09-06 09:30:00-04:00,20.81999969482422,20.821399688720703,20.790000915527344,20.821399688720703,6837,0.0,0.0,0.0
2024-09-06 10:30:00-04:00,20.860000610351562,20.920000076293945,20.860000610351562,20.90999984741211,1837,0.0,0.0,0.0
2024-09-06 11:30:00-04:00,20.8799991607666,20.8799991607666,20.850000381469727,20.850000381469727,842,0.0,0.0,0.0
2024-09-06 12:30:00-04:00,20.84630012512207,20.84630012512207,20.84630012512207,20.84630012512207,700,0.0,0.0,0.0
2024-09-06 13:30:00-04:00,20.860000610351562,20.864999771118164,20.850000381469727,20.854999542236328,6951,0.0,0.0,0.0
2024-09-06 14:30:00-04:00,20.8700008392334,20.8700008392334,20.84320068359375,20.844999313354492,8975,0.0,0.0,0.0
2024-09-06 15:30:00-04:00,20.844999313354492,20.860000610351562,20.84000015258789,20.860000610351562,5064,0.0,0.0,0.0
2024-09-09 09:30:00-04:00,20.829999923706055,20.850000381469727,20.829999923706055,20.850000381469727,6141,0.0,0.0,0.0
2024-09-09 10:30:00-04:00,20.860000610351562,20.8700008392334,20.854999542236328,20.8700008392334,4302,0.0,0.0,0.0
2024-09-09 11:30:00-04:00,20.8700008392334,20.8700008392334,20.850000381469727,20.860000610351562,1975,0.0,0.0,0.0
2024-09-09 12:30:00-04:00,20.8700008392334,20.8700008392334,20.860000610351562,20.8700008392334,1405,0.0,0.0,0.0
2024-09-09 13:30:00-04:00,20.8799991607666,20.8799991607666,20.8617000579834,20.8617000579834,10523,0.0,0.0,0.0
2024-09-09 14:30:00-04:00,20.8700008392334,20.8799991607666,20.86009979248047,20.869699478149414,5341,0.0,0.0,0.0
2024-09-09 15:30:00-04:00,20.8700008392334,20.8700008392334,20.864999771118164,20.86989974975586,2864,0.0,0.0,0.0
2024-09-10 09:30:00-04:00,20.8700008392334,20.889999389648438,20.8700008392334,20.889999389648438,3938,0.0,0.0,0.0
2024-09-10 10:30:00-04:00,20.895000457763672,20.920000076293945,20.89430046081543,20.920000076293945,4898,0.0,0.0,0.0
2024-09-10 11:30:00-04:00,20.915000915527344,20.940000534057617,20.915000915527344,20.940000534057617,2556,0.0,0.0,0.0
2024-09-10 12:30:00-04:00,20.925199508666992,20.93000030517578,20.924999237060547,20.93000030517578,13630,0.0,0.0,0.0
2024-09-10 13:30:00-04:00,20.950000762939453,20.950000762939453,20.940799713134766,20.950000762939453,8182,0.0,0.0,0.0
2024-09-10 14:30:00-04:00,20.959999084472656,20.959999084472656,20.950000762939453,20.950000762939453,4528,0.0,0.0,0.0
2024-09-10 15:30:00-04:00,20.949199676513672,20.949199676513672,20.943899154663086,20.948200225830078,0,0.0,0.0,0.0
2024-09-11 09:30:00-04:00,20.93000030517578,20.979999542236328,20.93000030517578,20.959999084472656,6386,0.0,0.0,0.0
2024-09-11 10:30:00-04:00,20.969999313354492,20.989999771118164,20.95789909362793,20.959999084472656,4049,0.0,0.0,0.0
2024-09-11 11:30:00-04:00,20.95989990234375,20.95989990234375,20.93000030517578,20.93000030517578,0,0.0,0.0,0.0
2024-09-11 12:30:00-04:00,20.93000030517578,20.93000030517578,20.920000076293945,20.920000076293945,20873,0.0,0.0,0.0
2024-09-11 13:30:00-04:00,20.90999984741211,20.920000076293945,20.891599655151367,20.91900062561035,56395,0.0,0.0,0.0
2024-09-11 14:30:00-04:00,20.91629981994629,20.93000030517578,20.90999984741211,20.93000030517578,7670,0.0,0.0,0.0
2024-09-11 15:30:00-04:00,20.934999465942383,20.940000534057617,20.934999465942383,20.934999465942383,1771,0.0,0.0,0.0
2024-09-12 10:30:00-04:00,20.905000686645508,20.905000686645508,20.886899948120117,20.889999389648438,2873,0.0,0.0,0.0
2024-09-12 11:30:00-04:00,20.90999984741211,20.90999984741211,20.889999389648438,20.889999389648438,1104,0.0,0.0,0.0
2024-09-12 12:30:00-04:00,20.8799991607666,20.887699127197266,20.8799991607666,20.88010025024414,4285,0.0,0.0,0.0
2024-09-12 13:30:00-04:00,20.8799991607666,20.899999618530273,20.8799991607666,20.899999618530273,0,0.0,0.0,0.0
2024-09-12 14:30:00-04:00,20.895099639892578,20.90999984741211,20.889999389648438,20.90410041809082,17637,0.0,0.0,0.0
2024-09-12 15:30:00-04:00,20.905000686645508,20.90999984741211,20.899999618530273,20.905000686645508,4599,0.0,0.0,0.0
2024-09-13 09:30:00-04:00,20.959999084472656,20.959999084472656,20.93000030517578,20.93000030517578,10748,0.0,0.0,0.0
2024-09-13 10:30:00-04:00,20.940000534057617,20.944700241088867,20.934999465942383,20.944700241088867,3601,0.0,0.0,0.0
2024-09-13 11:30:00-04:00,20.94499969482422,20.959999084472656,20.94499969482422,20.94499969482422,2442,0.0,0.0,0.0
2024-09-13 12:30:00-04:00,20.95009994506836,20.959999084472656,20.95009994506836,20.959999084472656,7649,0.0,0.0,0.0
2024-09-13 13:30:00-04:00,20.959999084472656,20.96500015258789,20.959999084472656,20.96500015258789,1314,0.0,0.0,0.0
2024-09-13 14:30:00-04:00,20.96500015258789,20.96500015258789,20.954999923706055,20.956300735473633,3300,0.0,0.0,0.0
2024-09-13 15:30:00-04:00,20.954999923706055,20.954999923706055,20.954999923706055,20.954999923706055,747,0.0,0.0,0.0
