Datetime,Open,High,Low,Close,Volume,Dividends,Stock Splits,Capital Gains
2022-09-15 09:30:00-04:00,46.290000915527344,46.290000915527344,46.290000915527344,46.290000915527344,0,0.0,0.0,0.0
2022-09-15 10:30:00-04:00,46.47999954223633,46.47999954223633,46.279998779296875,46.380001068115234,970,0.0,0.0,0.0
2022-09-15 11:30:00-04:00,46.34000015258789,46.3400993347168,46.34000015258789,46.3400993347168,463,0.0,0.0,0.0
2022-09-16 09:30:00-04:00,45.49319839477539,45.49319839477539,45.49319839477539,45.49319839477539,0,0.0,0.0,0.0
2022-09-16 11:30:00-04:00,45.470001220703125,45.470001220703125,45.470001220703125,45.470001220703125,415,0.0,0.0,0.0
2022-09-16 12:30:00-04:00,45.43000030517578,45.43000030517578,45.43000030517578,45.43000030517578,186,0.0,0.0,0.0
2022-09-16 13:30:00-04:00,45.41999816894531,45.470001220703125,45.41999816894531,45.470001220703125,520,0.0,0.0,0.0
2022-09-16 14:30:00-04:00,45.54999923706055,45.78369903564453,45.52000045776367,45.78369903564453,1915,0.0,0.0,0.0
2022-09-19 09:30:00-04:00,45.27000045776367,45.83000183105469,45.27000045776367,45.83000183105469,805,0.0,0.0,0.0
2022-09-19 10:30:00-04:00,45.95000076293945,45.95000076293945,45.91999816894531,45.91999816894531,458,0.0,0.0,0.0
2022-09-19 11:30:00-04:00,45.625,45.625,45.625,45.625,348,0.0,0.0,0.0
2022-09-19 13:30:00-04:00,45.709999084472656,45.709999084472656,45.709999084472656,45.709999084472656,315,0.0,0.0,0.0
2022-09-19 14:30:00-04:00,45.963199615478516,45.963199615478516,45.963199615478516,45.963199615478516,274,0.0,0.0,0.0
2022-09-19 15:30:00-04:00,46.0099983215332,46.029998779296875,46.0,46.02000045776367,3325,0.0,0.0,0.0
2022-09-20 09:30:00-04:00,45.36000061035156,45.36000061035156,45.36000061035156,45.36000061035156,0,0.0,0.0,0.0
2022-09-20 10:30:00-04:00,44.9547004699707,45.01499938964844,44.9547004699707,45.01499938964844,1081,0.0,0.0,0.0
2022-09-20 11:30:00-04:00,45.130001068115234,45.130001068115234,45.02000045776367,45.02000045776367,1160,0.0,0.0,0.0
2022-09-20 12:30:00-04:00,44.93000030517578,44.97999954223633,44.93000030517578,44.959999084472656,3082,0.0,0.0,0.0
2022-09-20 13:30:00-04:00,44.83000183105469,44.83000183105469,44.7224006652832,44.7400016784668,989,0.0,0.0,0.0
2022-09-20 14:30:00-04:00,44.75,44.75,44.75,44.75,986,0.0,0.0,0.0
2022-09-20 15:30:00-04:00,45.084999084472656,45.084999084472656,45.0,45.0,1337,0.0,0.0,0.0
2022-09-21 09:30:00-04:00,45.209999084472656,45.209999084472656,45.20909881591797,45.20909881591797,402,0.0,0.0,0.0
2022-09-21 11:30:00-04:00,45.31999969482422,45.354000091552734,45.31999969482422,45.354000091552734,1017,0.0,0.0,0.0
2022-09-21 13:30:00-04:00,45.34000015258789,45.34000015258789,44.42879867553711,45.29999923706055,609,0.0,0.0,0.0
2022-09-22 09:30:00-04:00,44.58000183105469,44.58000183105469,44.11000061035156,44.16999816894531,28373,0.0,0.0,0.0
2022-09-22 10:30:00-04:00,44.16999816894531,44.18000030517578,44.08000183105469,44.08000183105469,21587,0.0,0.0,0.0
2022-09-22 11:30:00-04:00,44.040000915527344,44.25,44.040000915527344,44.17070007324219,598,0.0,0.0,0.0
2022-09-22 12:30:00-04:00,44.150001525878906,44.150001525878906,44.13999938964844,44.13999938964844,200,0.0,0.0,0.0
2022-09-22 13:30:00-04:00,44.20000076293945,44.20000076293945,44.08000183105469,44.08000183105469,628,0.0,0.0,0.0
2022-09-22 14:30:00-04:00,44.08000183105469,44.08000183105469,44.08000183105469,44.08000183105469,242,0.0,0.0,0.0
2022-09-22 15:30:00-04:00,44.189998626708984,44.189998626708984,44.04999923706055,44.04999923706055,670,0.0,0.0,0.0
2022-09-23 09:30:00-04:00,43.810001373291016,43.810001373291016,43.09199905395508,43.09199905395508,0,0.0,0.0,0.0
2022-09-23 10:30:00-04:00,42.984798431396484,42.984798431396484,42.984798431396484,42.984798431396484,937,0.0,0.0,0.0
2022-09-23 11:30:00-04:00,42.959999084472656,42.970001220703125,42.779998779296875,42.81999969482422,4696,0.0,0.0,0.0
2022-09-23 12:30:00-04:00,42.720001220703125,42.900001525878906,42.65999984741211,42.84000015258789,2613,0.0,0.0,0.0
2022-09-23 13:30:00-04:00,42.810001373291016,42.849998474121094,42.75,42.75,522,0.0,0.0,0.0
2022-09-23 14:30:00-04:00,42.7400016784668,42.880001068115234,42.599998474121094,42.880001068115234,638,0.0,0.0,0.0
2022-09-23 15:30:00-04:00,42.959999084472656,43.09000015258789,42.959999084472656,43.04100036621094,2142,0.0,0.0,0.0
2022-09-26 09:30:00-04:00,42.849998474121094,43.02000045776367,42.849998474121094,43.02000045776367,0,0.0,0.0,0.0
2022-09-26 10:30:00-04:00,42.96500015258789,42.96500015258789,42.810001373291016,42.810001373291016,6319,0.0,0.0,0.0
2022-09-26 11:30:00-04:00,42.59000015258789,42.59000015258789,42.59000015258789,42.59000015258789,391,0.0,0.0,0.0
2022-09-26 13:30:00-04:00,42.40999984741211,42.40999984741211,42.40999984741211,42.40999984741211,100,0.0,0.0,0.0
2022-09-26 14:30:00-04:00,42.38999938964844,42.410701751708984,42.38999938964844,42.410701751708984,2354,0.0,0.0,0.0
2022-09-26 15:30:00-04:00,42.5724983215332,42.5724983215332,42.45800018310547,42.45800018310547,474,0.0,0.0,0.0
2022-09-27 09:30:00-04:00,42.68000030517578,42.68000030517578,42.68000030517578,42.68000030517578,0,0.0,0.0,0.0
2022-09-27 10:30:00-04:00,42.91059875488281,42.91059875488281,42.91059875488281,42.91059875488281,909,0.0,0.0,0.0
2022-09-27 12:30:00-04:00,42.220001220703125,42.220001220703125,42.220001220703125,42.220001220703125,287,0.0,0.0,0.0
2022-09-27 13:30:00-04:00,42.22999954223633,42.22999954223633,42.22999954223633,42.22999954223633,251,0.0,0.0,0.0
2022-09-27 14:30:00-04:00,42.38999938964844,42.43000030517578,42.38999938964844,42.43000030517578,629,0.0,0.0,0.0
2022-09-28 10:30:00-04:00,43.0099983215332,43.0099983215332,43.0099983215332,43.0099983215332,0,0.0,0.0,0.0
2022-09-28 12:30:00-04:00,43.13999938964844,43.13999938964844,43.13999938964844,43.13999938964844,225,0.0,0.0,0.0
2022-09-28 13:30:00-04:00,43.20859909057617,43.20859909057617,43.15999984741211,43.15999984741211,518,0.0,0.0,0.0
2022-09-28 15:30:00-04:00,43.474998474121094,43.47999954223633,43.428001403808594,43.428001403808594,335,0.0,0.0,0.0
2022-09-29 10:30:00-04:00,42.28519821166992,42.28519821166992,42.28519821166992,42.28519821166992,0,0.0,0.0,0.0
2022-09-29 12:30:00-04:00,42.43000030517578,42.44559860229492,42.42499923706055,42.42499923706055,6902,0.0,0.0,0.0
2022-09-29 13:30:00-04:00,42.41999816894531,42.510501861572266,42.41999816894531,42.510501861572266,546,0.0,0.0,0.0
2022-09-30 09:30:00-04:00,42.400001525878906,42.400001525878906,42.400001525878906,42.400001525878906,0,0.0,0.0,0.0
2022-09-30 10:30:00-04:00,42.66999816894531,42.81999969482422,42.66999816894531,42.81999969482422,0,0.0,0.0,0.0
2022-09-30 11:30:00-04:00,42.459999084472656,42.47999954223633,42.459999084472656,42.47999954223633,5242,0.0,0.0,0.0
2022-09-30 12:30:00-04:00,42.5099983215332,42.5099983215332,42.5099983215332,42.5099983215332,367,0.0,0.0,0.0
2022-09-30 14:30:00-04:00,42.18000030517578,42.18000030517578,42.18000030517578,42.18000030517578,204,0.0,0.0,0.0
2022-10-03 09:30:00-04:00,42.5099983215332,42.720001220703125,42.5,42.720001220703125,0,0.0,0.0,0.0
2022-10-03 13:30:00-04:00,43.060001373291016,43.060001373291016,43.060001373291016,43.060001373291016,383,0.0,0.0,0.0
2022-10-03 14:30:00-04:00,43.25,43.27000045776367,43.25,43.27000045776367,339,0.0,0.0,0.0
2022-10-03 15:30:00-04:00,43.11000061035156,43.11000061035156,43.11000061035156,43.11000061035156,1072,0.0,0.0,0.0
2022-10-04 09:30:00-04:00,43.7400016784668,43.7400016784668,43.7400016784668,43.7400016784668,0,0.0,0.0,0.0
2022-10-04 10:30:00-04:00,44.19499969482422,44.22999954223633,44.18000030517578,44.22999954223633,804,0.0,0.0,0.0
2022-10-04 11:30:00-04:00,44.32500076293945,44.32500076293945,44.32500076293945,44.32500076293945,239,0.0,0.0,0.0
2022-10-04 13:30:00-04:00,44.15999984741211,44.15999984741211,44.15999984741211,44.15999984741211,183,0.0,0.0,0.0
2022-10-04 15:30:00-04:00,44.290000915527344,44.439998626708984,44.290000915527344,44.439998626708984,4593,0.0,0.0,0.0
2022-10-05 13:30:00-04:00,44.439998626708984,44.439998626708984,44.439998626708984,44.439998626708984,445,0.0,0.0,0.0
2022-10-05 14:30:00-04:00,44.47520065307617,44.650001525878906,44.38949966430664,44.38949966430664,1338,0.0,0.0,0.0
2022-10-06 09:30:00-04:00,44.369998931884766,44.40999984741211,44.369998931884766,44.40999984741211,0,0.0,0.0,0.0
2022-10-06 11:30:00-04:00,44.125,44.125,44.125,44.125,161,0.0,0.0,0.0
2022-10-06 12:30:00-04:00,44.11000061035156,44.154998779296875,44.11000061035156,44.154998779296875,321,0.0,0.0,0.0
2022-10-06 13:30:00-04:00,44.05099868774414,44.05099868774414,43.95000076293945,43.95000076293945,1129,0.0,0.0,0.0
2022-10-06 15:30:00-04:00,43.88999938964844,43.939998626708984,43.880001068115234,43.90449905395508,1584,0.0,0.0,0.0
2022-10-07 10:30:00-04:00,43.23500061035156,43.36000061035156,43.23500061035156,43.36000061035156,288,0.0,0.0,0.0
2022-10-07 11:30:00-04:00,43.16130065917969,43.16130065917969,43.16130065917969,43.16130065917969,110,0.0,0.0,0.0
2022-10-07 12:30:00-04:00,43.06999969482422,43.06999969482422,43.06990051269531,43.06999969482422,548,0.0,0.0,0.0
2022-10-07 13:30:00-04:00,43.09000015258789,43.09000015258789,43.09000015258789,43.09000015258789,516,0.0,0.0,0.0
2022-10-07 14:30:00-04:00,42.77009963989258,42.95389938354492,42.77009963989258,42.95389938354492,307,0.0,0.0,0.0
2022-10-10 10:30:00-04:00,42.88999938964844,42.88999938964844,42.88999938964844,42.88999938964844,0,0.0,0.0,0.0
2022-10-10 12:30:00-04:00,42.75,42.75,42.75,42.75,343,0.0,0.0,0.0
2022-10-10 13:30:00-04:00,42.923099517822266,42.923099517822266,42.902400970458984,42.902400970458984,332,0.0,0.0,0.0
2022-10-11 09:30:00-04:00,42.7400016784668,42.7400016784668,42.7400016784668,42.7400016784668,0,0.0,0.0,0.0
2022-10-11 11:30:00-04:00,43.099998474121094,43.099998474121094,43.099998474121094,43.099998474121094,117,0.0,0.0,0.0
2022-10-11 12:30:00-04:00,43.33290100097656,43.33290100097656,42.92509841918945,42.92509841918945,705,0.0,0.0,0.0
2022-10-12 09:30:00-04:00,43.0,43.0,43.0,43.0,0,0.0,0.0,0.0
2022-10-12 10:30:00-04:00,42.959999084472656,42.959999084472656,42.959999084472656,42.959999084472656,236,0.0,0.0,0.0
2022-10-12 12:30:00-04:00,42.95000076293945,43.0,42.935001373291016,42.9556999206543,13085,0.0,0.0,0.0
2022-10-12 14:30:00-04:00,42.91999816894531,42.91999816894531,42.91999816894531,42.91999816894531,1689,0.0,0.0,0.0
2022-10-12 15:30:00-04:00,42.959999084472656,42.959999084472656,42.806400299072266,42.806400299072266,227,0.0,0.0,0.0
2022-10-13 09:30:00-04:00,42.34000015258789,42.34000015258789,42.279998779296875,42.279998779296875,0,0.0,0.0,0.0
2022-10-13 10:30:00-04:00,42.54999923706055,43.08000183105469,42.54999923706055,43.08000183105469,1343,0.0,0.0,0.0
2022-10-13 12:30:00-04:00,43.51139831542969,43.51139831542969,43.51139831542969,43.51139831542969,325,0.0,0.0,0.0
2022-10-13 15:30:00-04:00,43.89799880981445,43.9900016784668,43.89799880981445,43.9900016784668,589,0.0,0.0,0.0
2022-10-14 10:30:00-04:00,43.599998474121094,43.619998931884766,43.4900016784668,43.4900016784668,0,0.0,0.0,0.0
2022-10-14 11:30:00-04:00,43.38100051879883,43.38100051879883,43.38100051879883,43.38100051879883,1351,0.0,0.0,0.0
2022-10-14 12:30:00-04:00,43.255001068115234,43.29999923706055,43.2400016784668,43.29999923706055,301,0.0,0.0,0.0
2022-10-14 13:30:00-04:00,43.32320022583008,43.32320022583008,43.32320022583008,43.32320022583008,250,0.0,0.0,0.0
2022-10-14 15:30:00-04:00,43.15999984741211,43.15999984741211,43.15999984741211,43.15999984741211,213,0.0,0.0,0.0
2022-10-17 10:30:00-04:00,43.89759826660156,43.89759826660156,43.6973991394043,43.6973991394043,124,0.0,0.0,0.0
2022-10-17 12:30:00-04:00,43.83000183105469,43.83000183105469,43.83000183105469,43.83000183105469,222,0.0,0.0,0.0
2022-10-17 14:30:00-04:00,43.79999923706055,43.79999923706055,43.79999923706055,43.79999923706055,5454,0.0,0.0,0.0
2022-10-17 15:30:00-04:00,43.849998474121094,43.849998474121094,43.81129837036133,43.81129837036133,203,0.0,0.0,0.0
2022-10-18 09:30:00-04:00,44.52000045776367,44.65999984741211,44.5,44.5,0,0.0,0.0,0.0
2022-10-18 12:30:00-04:00,44.26620101928711,44.31999969482422,44.26620101928711,44.31999969482422,1229,0.0,0.0,0.0
2022-10-18 13:30:00-04:00,44.3650016784668,44.3650016784668,44.3650016784668,44.3650016784668,314,0.0,0.0,0.0
2022-10-18 14:30:00-04:00,44.18000030517578,44.18000030517578,44.18000030517578,44.18000030517578,462,0.0,0.0,0.0
2022-10-19 10:30:00-04:00,44.20000076293945,44.20000076293945,44.20000076293945,44.20000076293945,0,0.0,0.0,0.0
2022-10-19 11:30:00-04:00,44.150001525878906,44.150001525878906,44.150001525878906,44.150001525878906,138,0.0,0.0,0.0
2022-10-19 12:30:00-04:00,43.83000183105469,43.83000183105469,43.83000183105469,43.83000183105469,289,0.0,0.0,0.0
2022-10-19 14:30:00-04:00,44.018001556396484,44.018001556396484,43.93450164794922,43.93450164794922,511,0.0,0.0,0.0
2022-10-20 13:30:00-04:00,43.883399963378906,43.883399963378906,43.7400016784668,43.7400016784668,0,0.0,0.0,0.0
2022-10-21 12:30:00-04:00,44.22999954223633,44.369998931884766,44.22999954223633,44.369998931884766,592,0.0,0.0,0.0
2022-10-21 13:30:00-04:00,44.58000183105469,44.62919998168945,44.58000183105469,44.62919998168945,370,0.0,0.0,0.0
2022-10-24 09:30:00-04:00,44.93000030517578,44.93000030517578,44.93000030517578,44.93000030517578,0,0.0,0.0,0.0
2022-10-24 10:30:00-04:00,45.040000915527344,45.040000915527344,45.0099983215332,45.0099983215332,786,0.0,0.0,0.0
2022-10-24 11:30:00-04:00,45.209999084472656,45.209999084472656,45.209999084472656,45.209999084472656,305,0.0,0.0,0.0
2022-10-24 12:30:00-04:00,45.16339874267578,45.16339874267578,45.05500030517578,45.05500030517578,586,0.0,0.0,0.0
2022-10-24 15:30:00-04:00,45.15999984741211,45.209999084472656,45.15999984741211,45.209999084472656,586,0.0,0.0,0.0
2022-10-25 09:30:00-04:00,45.310001373291016,45.310001373291016,45.310001373291016,45.310001373291016,0,0.0,0.0,0.0
2022-10-25 10:30:00-04:00,45.56700134277344,45.56700134277344,45.56700134277344,45.56700134277344,407,0.0,0.0,0.0
2022-10-25 11:30:00-04:00,45.7599983215332,45.7599983215332,45.7599983215332,45.7599983215332,317,0.0,0.0,0.0
2022-10-25 14:30:00-04:00,45.790000915527344,45.790000915527344,45.790000915527344,45.790000915527344,155,0.0,0.0,0.0
2022-10-26 11:30:00-04:00,46.43000030517578,46.489898681640625,46.43000030517578,46.489898681640625,317,0.0,0.0,0.0
2022-10-26 12:30:00-04:00,46.20000076293945,46.20000076293945,46.20000076293945,46.20000076293945,101,0.0,0.0,0.0
2022-10-26 13:30:00-04:00,46.25,46.25,46.25,46.25,300,0.0,0.0,0.0
2022-10-26 14:30:00-04:00,46.02000045776367,46.02000045776367,46.02000045776367,46.02000045776367,120,0.0,0.0,0.0
2022-10-26 15:30:00-04:00,46.14849853515625,46.14849853515625,46.08060073852539,46.08060073852539,410,0.0,0.0,0.0
2022-10-27 09:30:00-04:00,46.501399993896484,46.501399993896484,46.501399993896484,46.501399993896484,0,0.0,0.0,0.0
2022-10-27 12:30:00-04:00,46.33000183105469,46.38999938964844,46.33000183105469,46.38999938964844,340,0.0,0.0,0.0
2022-10-27 14:30:00-04:00,46.119998931884766,46.119998931884766,45.97600173950195,45.97600173950195,307,0.0,0.0,0.0
2022-10-28 10:30:00-04:00,46.625,46.625,46.625,46.625,0,0.0,0.0,0.0
2022-10-28 11:30:00-04:00,46.724998474121094,46.724998474121094,46.724998474121094,46.724998474121094,299,0.0,0.0,0.0
2022-10-28 12:30:00-04:00,46.71009826660156,46.95199966430664,46.71009826660156,46.95199966430664,608,0.0,0.0,0.0
2022-10-31 09:30:00-04:00,46.71480178833008,46.71480178833008,46.71480178833008,46.71480178833008,0,0.0,0.0,0.0
2022-10-31 10:30:00-04:00,46.709999084472656,46.869998931884766,46.709999084472656,46.75,677,0.0,0.0,0.0
2022-10-31 11:30:00-04:00,46.79999923706055,46.79999923706055,46.79999923706055,46.79999923706055,127,0.0,0.0,0.0
2022-10-31 13:30:00-04:00,46.7599983215332,46.7599983215332,46.6796989440918,46.6796989440918,452,0.0,0.0,0.0
2022-11-01 09:30:00-04:00,46.900001525878906,46.91999816894531,46.720001220703125,46.720001220703125,684,0.0,0.0,0.0
2022-11-01 10:30:00-04:00,46.915000915527344,46.915000915527344,46.66999816894531,46.66999816894531,666,0.0,0.0,0.0
2022-11-01 11:30:00-04:00,46.72999954223633,46.81999969482422,46.72999954223633,46.81999969482422,416,0.0,0.0,0.0
2022-11-01 12:30:00-04:00,46.900001525878906,46.900001525878906,46.849998474121094,46.849998474121094,6273,0.0,0.0,0.0
2022-11-01 15:30:00-04:00,46.93000030517578,46.959999084472656,46.910301208496094,46.910301208496094,4000,0.0,0.0,0.0
2022-11-02 09:30:00-04:00,46.599998474121094,46.689998626708984,46.56999969482422,46.56999969482422,0,0.0,0.0,0.0
2022-11-02 10:30:00-04:00,46.61000061035156,46.68000030517578,46.560001373291016,46.68000030517578,3418,0.0,0.0,0.0
2022-11-02 11:30:00-04:00,46.689998626708984,46.7400016784668,46.630001068115234,46.630001068115234,1100,0.0,0.0,0.0
2022-11-02 12:30:00-04:00,46.59000015258789,46.650001525878906,46.59000015258789,46.63999938964844,1705,0.0,0.0,0.0
2022-11-02 13:30:00-04:00,46.720001220703125,47.21590042114258,46.709999084472656,47.21590042114258,1708,0.0,0.0,0.0
2022-11-02 14:30:00-04:00,46.70349884033203,47.040000915527344,46.310001373291016,46.310001373291016,2802,0.0,0.0,0.0
2022-11-02 15:30:00-04:00,46.15999984741211,46.15999984741211,45.9900016784668,46.00859832763672,2605,0.0,0.0,0.0
2022-11-03 10:30:00-04:00,45.70000076293945,45.70000076293945,45.70000076293945,45.70000076293945,0,0.0,0.0,0.0
2022-11-03 11:30:00-04:00,45.83549880981445,45.83549880981445,45.83549880981445,45.83549880981445,204,0.0,0.0,0.0
2022-11-03 12:30:00-04:00,45.87580108642578,45.87580108642578,45.87580108642578,45.87580108642578,1461,0.0,0.0,0.0
2022-11-03 15:30:00-04:00,45.7400016784668,45.7400016784668,45.7400016784668,45.7400016784668,517,0.0,0.0,0.0
2022-11-04 09:30:00-04:00,46.40999984741211,46.7400016784668,46.18000030517578,46.7400016784668,0,0.0,0.0,0.0
2022-11-04 10:30:00-04:00,46.70000076293945,46.70000076293945,46.70000076293945,46.70000076293945,248,0.0,0.0,0.0
2022-11-04 11:30:00-04:00,46.40999984741211,46.40999984741211,46.03049850463867,46.03049850463867,3049,0.0,0.0,0.0
2022-11-04 12:30:00-04:00,46.08000183105469,46.08000183105469,46.079898834228516,46.079898834228516,210,0.0,0.0,0.0
2022-11-04 15:30:00-04:00,46.459999084472656,46.459999084472656,46.459999084472656,46.459999084472656,401,0.0,0.0,0.0
2022-11-07 09:30:00-05:00,46.77000045776367,46.77000045776367,46.61000061035156,46.71390151977539,0,0.0,0.0,0.0
2022-11-07 10:30:00-05:00,46.529998779296875,46.66999816894531,46.529998779296875,46.66999816894531,459,0.0,0.0,0.0
2022-11-07 12:30:00-05:00,46.7400016784668,46.7400016784668,46.739898681640625,46.739898681640625,2282,0.0,0.0,0.0
2022-11-07 15:30:00-05:00,46.97999954223633,46.97999954223633,46.934200286865234,46.934200286865234,399,0.0,0.0,0.0
2022-11-08 09:30:00-05:00,47.220001220703125,47.2400016784668,47.220001220703125,47.22999954223633,0,0.0,0.0,0.0
2022-11-08 10:30:00-05:00,47.32059860229492,47.47999954223633,47.32059860229492,47.47999954223633,6743,0.0,0.0,0.0
2022-11-08 11:30:00-05:00,47.4900016784668,47.5,47.4900016784668,47.4900016784668,850,0.0,0.0,0.0
2022-11-08 12:30:00-05:00,47.43000030517578,47.47999954223633,47.220001220703125,47.220001220703125,2217,0.0,0.0,0.0
2022-11-08 13:30:00-05:00,47.119998931884766,47.25,47.119998931884766,47.237998962402344,1192,0.0,0.0,0.0
2022-11-08 14:30:00-05:00,47.060001373291016,47.22999954223633,47.060001373291016,47.22800064086914,869,0.0,0.0,0.0
2022-11-08 15:30:00-05:00,47.36000061035156,47.36000061035156,47.207801818847656,47.207801818847656,542,0.0,0.0,0.0
2022-11-09 09:30:00-05:00,47.16999816894531,47.16999816894531,46.88999938964844,47.13999938964844,0,0.0,0.0,0.0
2022-11-09 10:30:00-05:00,46.95000076293945,47.09000015258789,46.95000076293945,47.0099983215332,790,0.0,0.0,0.0
2022-11-09 12:30:00-05:00,46.939998626708984,46.939998626708984,46.845001220703125,46.845001220703125,297,0.0,0.0,0.0
2022-11-09 13:30:00-05:00,46.68960189819336,46.68960189819336,46.68960189819336,46.68960189819336,263,0.0,0.0,0.0
2022-11-09 14:30:00-05:00,46.63999938964844,46.650001525878906,46.560001373291016,46.560001373291016,1210,0.0,0.0,0.0
2022-11-09 15:30:00-05:00,46.5099983215332,46.52000045776367,46.41680145263672,46.41680145263672,3885,0.0,0.0,0.0
2022-11-10 09:30:00-05:00,47.52000045776367,47.88999938964844,47.52000045776367,47.88999938964844,0,0.0,0.0,0.0
2022-11-10 10:30:00-05:00,47.79999923706055,47.90999984741211,47.79999923706055,47.90999984741211,385,0.0,0.0,0.0
2022-11-10 11:30:00-05:00,47.88999938964844,47.88999938964844,47.88999938964844,47.88999938964844,400,0.0,0.0,0.0
2022-11-10 12:30:00-05:00,47.630001068115234,47.630001068115234,47.599998474121094,47.599998474121094,334,0.0,0.0,0.0
2022-11-10 13:30:00-05:00,47.83000183105469,47.90999984741211,47.83000183105469,47.869998931884766,2542,0.0,0.0,0.0
2022-11-10 14:30:00-05:00,47.91999816894531,48.119998931884766,47.91999816894531,48.119998931884766,1231,0.0,0.0,0.0
2022-11-10 15:30:00-05:00,48.13999938964844,48.27000045776367,48.13999938964844,48.27000045776367,497,0.0,0.0,0.0
2022-11-11 09:30:00-05:00,48.4900016784668,48.4900016784668,48.4900016784668,48.4900016784668,0,0.0,0.0,0.0
2022-11-11 12:30:00-05:00,48.54999923706055,48.619998931884766,48.54999923706055,48.619998931884766,575,0.0,0.0,0.0
2022-11-11 13:30:00-05:00,48.720001220703125,48.720001220703125,48.720001220703125,48.720001220703125,451,0.0,0.0,0.0
2022-11-11 14:30:00-05:00,48.676700592041016,48.676700592041016,48.676700592041016,48.676700592041016,102,0.0,0.0,0.0
2022-11-11 15:30:00-05:00,48.75,48.86000061035156,48.75,48.755001068115234,435,0.0,0.0,0.0
2022-11-14 11:30:00-05:00,48.90999984741211,48.90999984741211,48.90999984741211,48.90999984741211,0,0.0,0.0,0.0
2022-11-14 12:30:00-05:00,48.95000076293945,49.09000015258789,48.95000076293945,49.09000015258789,1271,0.0,0.0,0.0
2022-11-14 13:30:00-05:00,49.04999923706055,49.099998474121094,48.900001525878906,48.900001525878906,1972,0.0,0.0,0.0
2022-11-14 14:30:00-05:00,48.93000030517578,48.93000030517578,48.84000015258789,48.849998474121094,1601,0.0,0.0,0.0
2022-11-14 15:30:00-05:00,48.68000030517578,48.68000030517578,48.44710159301758,48.44710159301758,221,0.0,0.0,0.0
2022-11-15 09:30:00-05:00,49.119998931884766,49.119998931884766,48.95000076293945,48.99480056762695,0,0.0,0.0,0.0
2022-11-15 11:30:00-05:00,48.97999954223633,48.97999954223633,48.97999954223633,48.97999954223633,623,0.0,0.0,0.0
2022-11-15 12:30:00-05:00,48.880001068115234,48.880001068115234,48.7400016784668,48.7400016784668,985,0.0,0.0,0.0
2022-11-15 13:30:00-05:00,48.540000915527344,48.54999923706055,48.540000915527344,48.54999923706055,314,0.0,0.0,0.0
2022-11-15 15:30:00-05:00,48.79999923706055,48.79999923706055,48.729801177978516,48.729801177978516,337,0.0,0.0,0.0
2022-11-16 09:30:00-05:00,48.52000045776367,48.52000045776367,48.45009994506836,48.45009994506836,0,0.0,0.0,0.0
2022-11-16 10:30:00-05:00,48.43000030517578,48.43000030517578,48.369998931884766,48.369998931884766,726,0.0,0.0,0.0
2022-11-16 12:30:00-05:00,48.349998474121094,48.349998474121094,48.279998779296875,48.279998779296875,308,0.0,0.0,0.0
2022-11-16 13:30:00-05:00,48.17100143432617,48.17100143432617,48.17100143432617,48.17100143432617,287,0.0,0.0,0.0
2022-11-16 14:30:00-05:00,48.279998779296875,48.29999923706055,48.18000030517578,48.189998626708984,1195,0.0,0.0,0.0
2022-11-16 15:30:00-05:00,48.220001220703125,48.29999923706055,48.220001220703125,48.227500915527344,628,0.0,0.0,0.0
2022-11-17 10:30:00-05:00,47.779998779296875,47.779998779296875,47.779998779296875,47.779998779296875,0,0.0,0.0,0.0
2022-11-17 12:30:00-05:00,48.15999984741211,48.15999984741211,48.15999984741211,48.15999984741211,251,0.0,0.0,0.0
2022-11-17 13:30:00-05:00,48.18000030517578,48.18000030517578,48.18000030517578,48.18000030517578,456,0.0,0.0,0.0
2022-11-17 14:30:00-05:00,48.044498443603516,48.044498443603516,48.044498443603516,48.044498443603516,935,0.0,0.0,0.0
2022-11-17 15:30:00-05:00,48.06999969482422,48.23590087890625,48.06999969482422,48.06999969482422,100,0.0,0.0,0.0
2022-11-18 12:30:00-05:00,48.310001373291016,48.310001373291016,48.310001373291016,48.310001373291016,0,0.0,0.0,0.0
2022-11-18 13:30:00-05:00,48.36000061035156,48.57709884643555,48.36000061035156,48.57709884643555,159,0.0,0.0,0.0
2022-11-21 09:30:00-05:00,48.52000045776367,48.52000045776367,48.36000061035156,48.36000061035156,3637,0.0,0.0,0.0
2022-11-21 10:30:00-05:00,48.34000015258789,48.34000015258789,48.34000015258789,48.34000015258789,460,0.0,0.0,0.0
2022-11-21 11:30:00-05:00,48.290000915527344,48.290000915527344,48.290000915527344,48.290000915527344,271,0.0,0.0,0.0
2022-11-21 13:30:00-05:00,48.65999984741211,48.65999984741211,48.65999984741211,48.65999984741211,224,0.0,0.0,0.0
2022-11-21 14:30:00-05:00,48.630001068115234,48.63999938964844,48.619998931884766,48.62820053100586,1358,0.0,0.0,0.0
2022-11-22 09:30:00-05:00,49.060001373291016,49.23500061035156,49.02000045776367,49.23500061035156,0,0.0,0.0,0.0
2022-11-22 10:30:00-05:00,49.22999954223633,49.2599983215332,49.22999954223633,49.2599983215332,924,0.0,0.0,0.0
2022-11-22 11:30:00-05:00,49.21889877319336,49.21889877319336,49.21889877319336,49.21889877319336,564,0.0,0.0,0.0
2022-11-22 12:30:00-05:00,49.2599983215332,49.27000045776367,49.25,49.27000045776367,891,0.0,0.0,0.0
2022-11-22 14:30:00-05:00,49.29999923706055,49.29999923706055,49.29999923706055,49.29999923706055,120,0.0,0.0,0.0
2022-11-22 15:30:00-05:00,49.439998626708984,49.459999084472656,49.439998626708984,49.45800018310547,902,0.0,0.0,0.0
2022-11-23 09:30:00-05:00,49.492000579833984,49.492000579833984,49.47999954223633,49.47999954223633,0,0.0,0.0,0.0
2022-11-23 10:30:00-05:00,49.459999084472656,49.459999084472656,49.459999084472656,49.459999084472656,3537,0.0,0.0,0.0
2022-11-23 12:30:00-05:00,49.29999923706055,49.310001373291016,49.29999923706055,49.310001373291016,370,0.0,0.0,0.0
2022-11-23 13:30:00-05:00,49.439998626708984,49.5099983215332,49.439998626708984,49.5099983215332,355,0.0,0.0,0.0
2022-11-23 14:30:00-05:00,49.48500061035156,49.5,49.471099853515625,49.471099853515625,1402,0.0,0.0,0.0
2022-11-25 12:30:00-05:00,49.59000015258789,49.59510040283203,49.59000015258789,49.59510040283203,0,0.0,0.0,0.0
2022-11-28 09:30:00-05:00,49.310001373291016,49.310001373291016,49.310001373291016,49.310001373291016,0,0.0,0.0,0.0
2022-11-28 10:30:00-05:00,49.34000015258789,49.34000015258789,49.34000015258789,49.34000015258789,4396,0.0,0.0,0.0
2022-11-28 12:30:00-05:00,49.029998779296875,49.029998779296875,49.029998779296875,49.029998779296875,124,0.0,0.0,0.0
2022-11-28 13:30:00-05:00,48.95500183105469,48.95500183105469,48.95500183105469,48.95500183105469,218,0.0,0.0,0.0
2022-11-28 14:30:00-05:00,48.88999938964844,48.939998626708984,48.83000183105469,48.83000183105469,2385,0.0,0.0,0.0
2022-11-28 15:30:00-05:00,48.86000061035156,48.88140106201172,48.86000061035156,48.88140106201172,406,0.0,0.0,0.0
2022-11-29 09:30:00-05:00,48.7599983215332,48.7599983215332,48.7599983215332,48.7599983215332,0,0.0,0.0,0.0
2022-11-29 11:30:00-05:00,48.974998474121094,48.974998474121094,48.974998474121094,48.974998474121094,151,0.0,0.0,0.0
2022-11-29 13:30:00-05:00,49.03499984741211,49.1349983215332,49.03499984741211,49.1349983215332,951,0.0,0.0,0.0
2022-11-29 14:30:00-05:00,49.0099983215332,49.02000045776367,49.0099983215332,49.018001556396484,637,0.0,0.0,0.0
2022-11-29 15:30:00-05:00,49.10499954223633,49.10499954223633,49.10499954223633,49.10499954223633,1139,0.0,0.0,0.0
2022-11-30 10:30:00-05:00,48.7400016784668,48.7400016784668,48.7400016784668,48.7400016784668,487,0.0,0.0,0.0
2022-11-30 11:30:00-05:00,48.88999938964844,48.88999938964844,48.88999938964844,48.88999938964844,277,0.0,0.0,0.0
2022-11-30 15:30:00-05:00,49.81999969482422,49.91619873046875,49.81999969482422,49.91619873046875,2719,0.0,0.0,0.0
2022-12-01 09:30:00-05:00,49.904998779296875,49.904998779296875,49.904998779296875,49.904998779296875,0,0.0,0.0,0.0
2022-12-01 10:30:00-05:00,49.983001708984375,49.983001708984375,49.983001708984375,49.983001708984375,234,0.0,0.0,0.0
2022-12-01 12:30:00-05:00,49.90999984741211,49.90999984741211,49.90999984741211,49.90999984741211,276,0.0,0.0,0.0
2022-12-01 13:30:00-05:00,49.810001373291016,49.810001373291016,49.79999923706055,49.79999923706055,361,0.0,0.0,0.0
2022-12-01 14:30:00-05:00,49.86830139160156,49.86830139160156,49.86830139160156,49.86830139160156,201,0.0,0.0,0.0
2022-12-01 15:30:00-05:00,49.91999816894531,49.9900016784668,49.91999816894531,49.93000030517578,0,0.0,0.0,0.0
2022-12-02 09:30:00-05:00,49.49599838256836,49.56999969482422,49.49599838256836,49.56999969482422,1414,0.0,0.0,0.0
2022-12-02 10:30:00-05:00,49.63999938964844,49.63999938964844,49.599998474121094,49.62189865112305,562,0.0,0.0,0.0
2022-12-02 12:30:00-05:00,49.630001068115234,49.630001068115234,49.630001068115234,49.630001068115234,399,0.0,0.0,0.0
2022-12-02 13:30:00-05:00,49.650001525878906,49.70000076293945,49.619998931884766,49.698001861572266,1105,0.0,0.0,0.0
2022-12-02 14:30:00-05:00,49.77519989013672,49.91999816894531,49.77519989013672,49.849998474121094,9897,0.0,0.0,0.0
2022-12-02 15:30:00-05:00,49.810001373291016,49.82830047607422,49.75,49.82830047607422,4465,0.0,0.0,0.0
2022-12-05 09:30:00-05:00,49.43000030517578,49.43000030517578,49.369998931884766,49.380001068115234,0,0.0,0.0,0.0
2022-12-05 10:30:00-05:00,49.380001068115234,49.380001068115234,49.209999084472656,49.209999084472656,931,0.0,0.0,0.0
2022-12-05 11:30:00-05:00,49.130001068115234,49.13010025024414,49.08940124511719,49.08940124511719,1701,0.0,0.0,0.0
2022-12-05 12:30:00-05:00,49.16999816894531,49.16999816894531,49.16999816894531,49.16999816894531,78502,0.0,0.0,0.0
2022-12-05 13:30:00-05:00,49.0,49.0,49.0,49.0,266,0.0,0.0,0.0
2022-12-05 14:30:00-05:00,48.880001068115234,48.939998626708984,48.869998931884766,48.91999816894531,7465,0.0,0.0,0.0
2022-12-05 15:30:00-05:00,48.959999084472656,49.060001373291016,48.959999084472656,49.04999923706055,2729,0.0,0.0,0.0
2022-12-06 09:30:00-05:00,48.709999084472656,48.959999084472656,48.709999084472656,48.77000045776367,0,0.0,0.0,0.0
2022-12-06 10:30:00-05:00,48.650001525878906,48.650001525878906,48.63999938964844,48.63999938964844,385,0.0,0.0,0.0
2022-12-06 11:30:00-05:00,48.560001373291016,48.560001373291016,48.560001373291016,48.560001373291016,580,0.0,0.0,0.0
2022-12-06 12:30:00-05:00,48.27000045776367,48.27000045776367,48.2599983215332,48.2599983215332,510,0.0,0.0,0.0
2022-12-06 13:30:00-05:00,48.29999923706055,48.34000015258789,48.29999923706055,48.34000015258789,613,0.0,0.0,0.0
2022-12-06 14:30:00-05:00,48.34000015258789,48.34000015258789,48.33000183105469,48.33000183105469,1506,0.0,0.0,0.0
2022-12-06 15:30:00-05:00,48.2599983215332,48.47999954223633,48.2599983215332,48.43000030517578,1761,0.0,0.0,0.0
2022-12-07 09:30:00-05:00,48.540000915527344,48.67499923706055,48.540000915527344,48.67499923706055,1049,0.0,0.0,0.0
2022-12-07 11:30:00-05:00,48.56999969482422,48.58000183105469,48.56999969482422,48.58000183105469,853,0.0,0.0,0.0
2022-12-07 12:30:00-05:00,48.560001373291016,48.68000030517578,48.560001373291016,48.68000030517578,612,0.0,0.0,0.0
2022-12-07 15:30:00-05:00,48.52000045776367,48.54010009765625,48.52000045776367,48.54010009765625,1171,0.0,0.0,0.0
2022-12-08 09:30:00-05:00,48.86000061035156,48.86000061035156,48.86000061035156,48.86000061035156,0,0.0,0.0,0.0
2022-12-08 13:30:00-05:00,48.73500061035156,48.73500061035156,48.73500061035156,48.73500061035156,221,0.0,0.0,0.0
2022-12-08 14:30:00-05:00,48.69990158081055,48.69990158081055,48.617000579833984,48.617000579833984,561,0.0,0.0,0.0
2022-12-08 15:30:00-05:00,48.650001525878906,48.7151985168457,48.650001525878906,48.7151985168457,1400,0.0,0.0,0.0
2022-12-09 09:30:00-05:00,48.400001525878906,48.84000015258789,48.400001525878906,48.70000076293945,0,0.0,0.0,0.0
2022-12-09 10:30:00-05:00,48.7400016784668,48.7599983215332,48.72999954223633,48.7599983215332,16589,0.0,0.0,0.0
2022-12-09 12:30:00-05:00,48.66999816894531,48.66999816894531,48.66999816894531,48.66999816894531,290,0.0,0.0,0.0
2022-12-09 13:30:00-05:00,48.560001373291016,48.560001373291016,48.560001373291016,48.560001373291016,247,0.0,0.0,0.0
2022-12-09 14:30:00-05:00,48.6150016784668,48.630001068115234,48.6150016784668,48.630001068115234,370,0.0,0.0,0.0
2022-12-12 09:30:00-05:00,48.38990020751953,48.38999938964844,48.372398376464844,48.372398376464844,0,0.0,0.0,0.0
2022-12-12 11:30:00-05:00,48.625,48.625,48.625,48.625,276,0.0,0.0,0.0
2022-12-12 14:30:00-05:00,48.71500015258789,48.849998474121094,48.71500015258789,48.849998474121094,1730,0.0,0.0,0.0
2022-12-12 15:30:00-05:00,49.00749969482422,49.04999923706055,48.94499969482422,49.00699996948242,5318,0.0,0.0,0.0
2022-12-13 09:30:00-05:00,50.209999084472656,50.209999084472656,49.86000061035156,49.86000061035156,0,0.0,0.0,0.0
2022-12-13 10:30:00-05:00,49.41999816894531,49.58000183105469,49.41999816894531,49.58000183105469,530,0.0,0.0,0.0
2022-12-13 12:30:00-05:00,49.130001068115234,49.130001068115234,49.130001068115234,49.130001068115234,440,0.0,0.0,0.0
2022-12-13 14:30:00-05:00,49.30009841918945,49.34000015258789,49.14500045776367,49.15800094604492,1019,0.0,0.0,0.0
2022-12-13 15:30:00-05:00,49.349998474121094,49.349998474121094,49.2400016784668,49.34000015258789,8131,0.0,0.0,0.0
2022-12-14 09:30:00-05:00,49.40999984741211,49.40999984741211,49.40999984741211,49.40999984741211,0,0.0,0.0,0.0
2022-12-14 10:30:00-05:00,49.46149826049805,49.46149826049805,49.46149826049805,49.46149826049805,837,0.0,0.0,0.0
2022-12-14 12:30:00-05:00,49.50510025024414,49.50510025024414,49.50510025024414,49.50510025024414,526,0.0,0.0,0.0
2022-12-14 13:30:00-05:00,49.599998474121094,49.609901428222656,49.02000045776367,49.02000045776367,1299,0.0,0.0,0.0
2022-12-14 14:30:00-05:00,48.95000076293945,49.06999969482422,48.94990158081055,49.06999969482422,1304,0.0,0.0,0.0
2022-12-14 15:30:00-05:00,48.95000076293945,49.08000183105469,48.95000076293945,49.08000183105469,4499,0.0,0.0,0.0
2022-12-15 09:30:00-05:00,48.0,48.0,47.84000015258789,47.855201721191406,0,0.0,0.0,0.0
2022-12-15 10:30:00-05:00,47.95000076293945,47.95000076293945,47.790000915527344,47.86009979248047,4367,0.0,0.0,0.0
2022-12-15 11:30:00-05:00,47.650001525878906,47.747501373291016,47.650001525878906,47.747501373291016,3022,0.0,0.0,0.0
2022-12-15 13:30:00-05:00,47.689998626708984,47.690101623535156,47.689998626708984,47.690101623535156,598,0.0,0.0,0.0
2022-12-15 14:30:00-05:00,47.810001373291016,47.91999816894531,47.793800354003906,47.793800354003906,804,0.0,0.0,0.0
2022-12-16 09:30:00-05:00,47.31999969482422,47.369998931884766,47.31999969482422,47.369998931884766,0,0.0,0.0,0.0
2022-12-16 11:30:00-05:00,47.03519821166992,47.03519821166992,47.03519821166992,47.03519821166992,132,0.0,0.0,0.0
2022-12-16 12:30:00-05:00,46.9900016784668,46.9901008605957,46.9900016784668,46.9901008605957,1048,0.0,0.0,0.0
2022-12-16 14:30:00-05:00,47.20000076293945,47.382999420166016,47.20000076293945,47.382999420166016,207,0.0,0.0,0.0
2022-12-19 09:30:00-05:00,47.290000915527344,47.470001220703125,47.290000915527344,47.470001220703125,0,0.0,0.0,0.0
2022-12-19 10:30:00-05:00,47.345001220703125,47.36000061035156,47.314998626708984,47.314998626708984,15685,0.0,0.0,0.0
2022-12-19 11:30:00-05:00,47.26499938964844,47.279998779296875,47.26499938964844,47.279998779296875,307,0.0,0.0,0.0
2022-12-19 12:30:00-05:00,47.209999084472656,47.209999084472656,47.18000030517578,47.18000030517578,211,0.0,0.0,0.0
2022-12-19 13:30:00-05:00,47.060001373291016,47.08000183105469,46.900001525878906,46.900001525878906,1721,0.0,0.0,0.0
2022-12-19 15:30:00-05:00,46.99449920654297,46.99449920654297,46.99449920654297,46.99449920654297,110,0.0,0.0,0.0
2022-12-20 09:30:00-05:00,47.16999816894531,47.16999816894531,47.02000045776367,47.02989959716797,0,0.0,0.0,0.0
2022-12-20 10:30:00-05:00,47.09000015258789,47.09000015258789,47.06999969482422,47.06999969482422,300,0.0,0.0,0.0
2022-12-20 11:30:00-05:00,47.060001373291016,47.08000183105469,47.060001373291016,47.08000183105469,393,0.0,0.0,0.0
2022-12-20 12:30:00-05:00,47.07500076293945,47.2239990234375,47.060001373291016,47.2239990234375,821,0.0,0.0,0.0
2022-12-20 14:30:00-05:00,47.15999984741211,47.15999984741211,47.130001068115234,47.130001068115234,4277,0.0,0.0,0.0
2022-12-20 15:30:00-05:00,47.220001220703125,47.220001220703125,47.125,47.125,3851,0.0,0.0,0.0
2022-12-21 09:30:00-05:00,47.560001373291016,47.66999816894531,47.54990005493164,47.66999816894531,0,0.0,0.0,0.0
2022-12-21 10:30:00-05:00,47.81999969482422,47.81999969482422,47.779998779296875,47.779998779296875,1094,0.0,0.0,0.0
2022-12-21 11:30:00-05:00,47.779998779296875,47.779998779296875,47.779998779296875,47.779998779296875,484,0.0,0.0,0.0
2022-12-21 13:30:00-05:00,47.766700744628906,47.83000183105469,47.766700744628906,47.814998626708984,490,0.0,0.0,0.0
2022-12-21 14:30:00-05:00,47.724998474121094,47.724998474121094,47.68980026245117,47.68980026245117,512,0.0,0.0,0.0
2022-12-22 09:30:00-05:00,47.29999923706055,47.29999923706055,47.17839813232422,47.17839813232422,0,0.0,0.0,0.0
2022-12-22 13:30:00-05:00,46.720001220703125,46.81999969482422,46.709999084472656,46.790000915527344,1220,0.0,0.0,0.0
2022-12-22 14:30:00-05:00,46.900001525878906,46.900001525878906,46.869998931884766,46.869998931884766,1255,0.0,0.0,0.0
2022-12-23 10:30:00-05:00,47.54999923706055,47.54999923706055,47.43000030517578,47.470001220703125,939,0.0,0.0,0.0
2022-12-23 11:30:00-05:00,47.59000015258789,47.630001068115234,47.59000015258789,47.6150016784668,1833,0.0,0.0,0.0
2022-12-23 12:30:00-05:00,47.599998474121094,47.61009979248047,47.56999969482422,47.61000061035156,739,0.0,0.0,0.0
2022-12-23 13:30:00-05:00,47.592098236083984,47.61000061035156,47.58000183105469,47.61000061035156,9547,0.0,0.0,0.0
2022-12-23 15:30:00-05:00,47.7400016784668,47.755401611328125,47.7400016784668,47.755401611328125,551,0.0,0.0,0.0
2022-12-27 10:30:00-05:00,47.900001525878906,47.900001525878906,47.899200439453125,47.899200439453125,0,0.0,0.0,0.0
2022-12-27 14:30:00-05:00,47.79119873046875,47.79999923706055,47.77000045776367,47.794898986816406,4475,0.0,0.0,0.0
2022-12-27 15:30:00-05:00,47.90999984741211,47.91999816894531,47.85049819946289,47.85049819946289,0,0.0,0.0,0.0
2022-12-28 09:30:00-05:00,48.060001373291016,48.060001373291016,48.060001373291016,48.060001373291016,549,0.0,0.0,0.0
2022-12-28 10:30:00-05:00,47.52000045776367,47.52000045776367,47.40999984741211,47.40999984741211,509,0.0,0.0,0.0
2022-12-28 11:30:00-05:00,47.43190002441406,47.43190002441406,47.25,47.25,341,0.0,0.0,0.0
2022-12-28 12:30:00-05:00,47.314998626708984,47.470001220703125,47.314998626708984,47.470001220703125,449,0.0,0.0,0.0
2022-12-28 14:30:00-05:00,47.20000076293945,47.20000076293945,47.20000076293945,47.20000076293945,178,0.0,0.0,0.0
2022-12-28 15:30:00-05:00,47.1953010559082,47.1953010559082,47.13999938964844,47.15829849243164,1410,0.0,0.0,0.0
2022-12-29 09:30:00-05:00,47.31999969482422,47.56999969482422,47.31999969482422,47.56999969482422,0,0.0,0.0,0.0
2022-12-29 10:30:00-05:00,47.679298400878906,47.679298400878906,47.679298400878906,47.679298400878906,160,0.0,0.0,0.0
2022-12-29 11:30:00-05:00,47.7599983215332,47.760101318359375,47.7599983215332,47.760101318359375,606,0.0,0.0,0.0
2022-12-29 13:30:00-05:00,47.790000915527344,47.79010009765625,47.790000915527344,47.79010009765625,837,0.0,0.0,0.0
2022-12-29 14:30:00-05:00,47.839900970458984,47.839900970458984,47.70830154418945,47.709999084472656,2771,0.0,0.0,0.0
2022-12-29 15:30:00-05:00,47.66999816894531,47.7401008605957,47.66999816894531,47.7400016784668,2307,0.0,0.0,0.0
2022-12-30 09:30:00-05:00,47.29999923706055,47.52009963989258,47.29999923706055,47.52009963989258,0,0.0,0.0,0.0
2022-12-30 10:30:00-05:00,47.400001525878906,47.400001525878906,47.349998474121094,47.350101470947266,805,0.0,0.0,0.0
2022-12-30 11:30:00-05:00,47.40999984741211,47.40999984741211,47.40999984741211,47.40999984741211,475,0.0,0.0,0.0
2022-12-30 12:30:00-05:00,47.439998626708984,47.440101623535156,47.439998626708984,47.440101623535156,341,0.0,0.0,0.0
2022-12-30 13:30:00-05:00,47.255001068115234,47.27000045776367,47.220001220703125,47.220001220703125,1751,0.0,0.0,0.0
2022-12-30 14:30:00-05:00,47.21580123901367,47.31999969482422,47.21580123901367,47.31999969482422,792,0.0,0.0,0.0
2022-12-30 15:30:00-05:00,47.43370056152344,47.63999938964844,47.43370056152344,47.63999938964844,2574,0.0,0.0,0.0
2023-01-03 09:30:00-05:00,47.42599868774414,47.42599868774414,47.42599868774414,47.42599868774414,0,0.0,0.0,0.0
2023-01-03 11:30:00-05:00,47.369998931884766,47.369998931884766,47.369998931884766,47.369998931884766,317,0.0,0.0,0.0
2023-01-03 13:30:00-05:00,47.352500915527344,47.49250030517578,47.352500915527344,47.352500915527344,401,0.0,0.0,0.0
2023-01-04 09:30:00-05:00,47.75,47.75,47.70500183105469,47.70500183105469,39,0.0,0.0,0.0
2023-01-04 10:30:00-05:00,47.900001525878906,47.900001525878906,47.900001525878906,47.900001525878906,128,0.0,0.0,0.0
2023-01-04 11:30:00-05:00,48.220001220703125,48.220001220703125,48.220001220703125,48.220001220703125,359,0.0,0.0,0.0
2023-01-04 12:30:00-05:00,48.269901275634766,48.27000045776367,48.269901275634766,48.27000045776367,420,0.0,0.0,0.0
2023-01-04 13:30:00-05:00,48.22999954223633,48.22999954223633,48.154998779296875,48.154998779296875,631,0.0,0.0,0.0
2023-01-04 14:30:00-05:00,47.88010025024414,48.02370071411133,47.880001068115234,48.02370071411133,433,0.0,0.0,0.0
2023-01-05 09:30:00-05:00,47.72999954223633,47.72999954223633,47.72999954223633,47.72999954223633,0,0.0,0.0,0.0
2023-01-05 11:30:00-05:00,47.68000030517578,47.689998626708984,47.68000030517578,47.689998626708984,476,0.0,0.0,0.0
2023-01-05 15:30:00-05:00,47.83940124511719,47.84400177001953,47.83940124511719,47.84400177001953,1921,0.0,0.0,0.0
2023-01-06 10:30:00-05:00,48.70920181274414,48.849998474121094,48.70920181274414,48.809200286865234,0,0.0,0.0,0.0
2023-01-06 11:30:00-05:00,48.79999923706055,48.880001068115234,48.79999923706055,48.880001068115234,6737,0.0,0.0,0.0
2023-01-06 14:30:00-05:00,49.040000915527344,49.040000915527344,49.02009963989258,49.02009963989258,487,0.0,0.0,0.0
2023-01-06 15:30:00-05:00,49.060001373291016,49.060001373291016,48.9557991027832,48.9557991027832,251,0.0,0.0,0.0
2023-01-09 09:30:00-05:00,49.09000015258789,49.09000015258789,48.91999816894531,48.91999816894531,0,0.0,0.0,0.0
2023-01-09 11:30:00-05:00,49.23649978637695,49.23649978637695,49.23649978637695,49.23649978637695,199,0.0,0.0,0.0
2023-01-09 13:30:00-05:00,48.95000076293945,48.95000076293945,48.88999938964844,48.88999938964844,3585,0.0,0.0,0.0
2023-01-09 14:30:00-05:00,48.779998779296875,48.779998779296875,48.68669891357422,48.68669891357422,1171,0.0,0.0,0.0
2023-01-10 09:30:00-05:00,48.63999938964844,48.640098571777344,48.59000015258789,48.59000015258789,0,0.0,0.0,0.0
2023-01-10 15:30:00-05:00,48.86000061035156,48.88999938964844,48.86000061035156,48.88999938964844,1586,0.0,0.0,0.0
2023-01-11 11:30:00-05:00,49.09550094604492,49.09550094604492,49.09550094604492,49.09550094604492,0,0.0,0.0,0.0
2023-01-11 12:30:00-05:00,49.165000915527344,49.165000915527344,49.165000915527344,49.165000915527344,120,0.0,0.0,0.0
2023-01-11 13:30:00-05:00,49.20000076293945,49.220001220703125,49.16999816894531,49.220001220703125,1337,0.0,0.0,0.0
2023-01-11 14:30:00-05:00,49.258201599121094,49.320701599121094,49.2400016784668,49.320701599121094,665,0.0,0.0,0.0
2023-01-12 09:30:00-05:00,49.29999923706055,49.5099983215332,49.29999923706055,49.507999420166016,5118,0.0,0.0,0.0
2023-01-12 11:30:00-05:00,49.459999084472656,49.500099182128906,49.459999084472656,49.500099182128906,1498,0.0,0.0,0.0
2023-01-12 14:30:00-05:00,49.5900993347168,49.5900993347168,49.470001220703125,49.470001220703125,4055,0.0,0.0,0.0
2023-01-12 15:30:00-05:00,49.459999084472656,49.4744987487793,49.439998626708984,49.4744987487793,1222,0.0,0.0,0.0
2023-01-13 09:30:00-05:00,49.290000915527344,49.290000915527344,49.15800094604492,49.22999954223633,0,0.0,0.0,0.0
2023-01-13 13:30:00-05:00,49.349998474121094,49.350101470947266,49.349998474121094,49.350101470947266,580,0.0,0.0,0.0
2023-01-13 14:30:00-05:00,49.41999816894531,49.420101165771484,49.41999816894531,49.420101165771484,326,0.0,0.0,0.0
2023-01-13 15:30:00-05:00,49.47990036010742,49.47999954223633,49.47840118408203,49.47840118408203,245,0.0,0.0,0.0
2023-01-17 10:30:00-05:00,49.414798736572266,49.414798736572266,49.27000045776367,49.279998779296875,11500,0.0,0.0,0.0
2023-01-17 11:30:00-05:00,49.25,49.250099182128906,49.25,49.250099182128906,924,0.0,0.0,0.0
2023-01-17 12:30:00-05:00,49.279998779296875,49.279998779296875,49.19459915161133,49.2400016784668,972,0.0,0.0,0.0
2023-01-18 09:30:00-05:00,49.34000015258789,49.34000015258789,49.34000015258789,49.34000015258789,0,0.0,0.0,0.0
2023-01-18 10:30:00-05:00,48.98500061035156,49.0,48.98500061035156,49.0,545,0.0,0.0,0.0
2023-01-18 11:30:00-05:00,48.68000030517578,48.68000030517578,48.66999816894531,48.670101165771484,919,0.0,0.0,0.0
2023-01-18 12:30:00-05:00,48.5,48.5,48.459999084472656,48.46009826660156,769,0.0,0.0,0.0
2023-01-18 14:30:00-05:00,48.56529998779297,48.56529998779297,48.36040115356445,48.36040115356445,1273,0.0,0.0,0.0
2023-01-19 09:30:00-05:00,48.31999969482422,48.31999969482422,48.189998626708984,48.20000076293945,0,0.0,0.0,0.0
2023-01-19 10:30:00-05:00,48.07550048828125,48.0806999206543,47.9900016784668,47.9901008605957,1109,0.0,0.0,0.0
2023-01-19 13:30:00-05:00,48.20000076293945,48.25,48.20000076293945,48.25,8666,0.0,0.0,0.0
2023-01-19 14:30:00-05:00,48.30400085449219,48.30400085449219,48.2599983215332,48.2599983215332,868,0.0,0.0,0.0
2023-01-19 15:30:00-05:00,48.25,48.25,48.11000061035156,48.11009979248047,2075,0.0,0.0,0.0
2023-01-20 09:30:00-05:00,48.15999984741211,48.17020034790039,48.15999984741211,48.15999984741211,0,0.0,0.0,0.0
2023-01-20 10:30:00-05:00,48.18000030517578,48.355899810791016,48.18000030517578,48.355899810791016,1581,0.0,0.0,0.0
2023-01-20 13:30:00-05:00,48.47999954223633,48.47999954223633,48.46500015258789,48.47999954223633,713,0.0,0.0,0.0
2023-01-20 14:30:00-05:00,48.560001373291016,48.75659942626953,48.560001373291016,48.75659942626953,167,0.0,0.0,0.0
2023-01-23 09:30:00-05:00,48.847999572753906,48.847999572753906,48.847999572753906,48.847999572753906,0,0.0,0.0,0.0
2023-01-23 10:30:00-05:00,49.07820129394531,49.11000061035156,49.07820129394531,49.09000015258789,570,0.0,0.0,0.0
2023-01-23 14:30:00-05:00,49.0,49.14950180053711,49.0,49.14950180053711,436,0.0,0.0,0.0
2023-01-24 10:30:00-05:00,48.8942985534668,49.0,48.8942985534668,49.0,3900,0.0,0.0,0.0
2023-01-24 11:30:00-05:00,48.954200744628906,48.954200744628906,48.954200744628906,48.954200744628906,811,0.0,0.0,0.0
2023-01-24 12:30:00-05:00,48.95000076293945,48.959999084472656,48.9109992980957,48.9109992980957,4075,0.0,0.0,0.0
2023-01-24 15:30:00-05:00,48.97999954223633,49.0,48.97999954223633,48.998600006103516,0,0.0,0.0,0.0
2023-01-25 09:30:00-05:00,48.70589828491211,48.70589828491211,48.70589828491211,48.70589828491211,827,0.0,0.0,0.0
2023-01-25 11:30:00-05:00,48.8109016418457,48.8109016418457,48.8109016418457,48.8109016418457,461,0.0,0.0,0.0
2023-01-25 15:30:00-05:00,48.9900016784668,49.06560134887695,48.97999954223633,49.06560134887695,5199,0.0,0.0,0.0
2023-01-26 09:30:00-05:00,49.18000030517578,49.20000076293945,49.0099983215332,49.0099983215332,0,0.0,0.0,0.0
2023-01-26 11:30:00-05:00,49.198001861572266,49.198001861572266,49.198001861572266,49.198001861572266,100,0.0,0.0,0.0
2023-01-26 12:30:00-05:00,49.16999816894531,49.16999816894531,49.130001068115234,49.13010025024414,478,0.0,0.0,0.0
2023-01-26 14:30:00-05:00,49.273399353027344,49.273399353027344,49.24720001220703,49.268001556396484,699,0.0,0.0,0.0
2023-01-26 15:30:00-05:00,49.31999969482422,49.31999969482422,49.31999969482422,49.31999969482422,128,0.0,0.0,0.0
2023-01-27 09:30:00-05:00,49.119998931884766,49.49800109863281,49.119998931884766,49.49800109863281,0,0.0,0.0,0.0
2023-01-27 10:30:00-05:00,49.29010009765625,49.320098876953125,49.290000915527344,49.320098876953125,1617,0.0,0.0,0.0
2023-01-27 11:30:00-05:00,49.380001068115234,49.380001068115234,49.380001068115234,49.380001068115234,113,0.0,0.0,0.0
2023-01-27 12:30:00-05:00,49.43000030517578,49.470001220703125,49.40999984741211,49.40999984741211,1369,0.0,0.0,0.0
2023-01-27 13:30:00-05:00,49.47990036010742,49.5099983215332,49.45000076293945,49.5099983215332,744,0.0,0.0,0.0
2023-01-27 15:30:00-05:00,49.619998931884766,49.619998931884766,49.43000030517578,49.43000030517578,1161,0.0,0.0,0.0
2023-01-30 09:30:00-05:00,49.0,49.0,49.0,49.0,0,0.0,0.0,0.0
2023-01-30 10:30:00-05:00,49.2400016784668,49.2400016784668,49.2400016784668,49.2400016784668,111,0.0,0.0,0.0
2023-01-30 12:30:00-05:00,49.198001861572266,49.20000076293945,49.150001525878906,49.150001525878906,709,0.0,0.0,0.0
2023-01-30 14:30:00-05:00,48.98500061035156,49.02000045776367,48.98500061035156,49.019901275634766,433,0.0,0.0,0.0
2023-01-30 15:30:00-05:00,48.95000076293945,48.9900016784668,48.95000076293945,48.9900016784668,631,0.0,0.0,0.0
2023-01-31 09:30:00-05:00,48.900001525878906,48.900001525878906,48.900001525878906,48.900001525878906,0,0.0,0.0,0.0
2023-01-31 10:30:00-05:00,49.1973991394043,49.220001220703125,49.1973991394043,49.220001220703125,1304,0.0,0.0,0.0
2023-01-31 12:30:00-05:00,49.33000183105469,49.33000183105469,49.279998779296875,49.28010177612305,681,0.0,0.0,0.0
2023-01-31 13:30:00-05:00,49.34000015258789,49.3400993347168,49.34000015258789,49.3400993347168,320,0.0,0.0,0.0
2023-01-31 14:30:00-05:00,49.40999984741211,49.41999816894531,49.359901428222656,49.359901428222656,1386,0.0,0.0,0.0
2023-01-31 15:30:00-05:00,49.43000030517578,49.45000076293945,49.429901123046875,49.45000076293945,1228,0.0,0.0,0.0
2023-02-01 10:30:00-05:00,49.54999923706055,49.54999923706055,49.44990158081055,49.44990158081055,828,0.0,0.0,0.0
2023-02-01 11:30:00-05:00,49.5099983215332,49.5099983215332,49.5098991394043,49.5098991394043,357,0.0,0.0,0.0
2023-02-01 12:30:00-05:00,49.36000061035156,49.40999984741211,49.36000061035156,49.38990020751953,1770,0.0,0.0,0.0
2023-02-01 13:30:00-05:00,49.40999984741211,49.40999984741211,49.4099006652832,49.4099006652832,931,0.0,0.0,0.0
2023-02-01 14:30:00-05:00,50.029998779296875,50.060001373291016,50.029998779296875,50.060001373291016,513,0.0,0.0,0.0
2023-02-01 15:30:00-05:00,50.27009963989258,50.36000061035156,50.060001373291016,50.060001373291016,1249,0.0,0.0,0.0
2023-02-02 09:30:00-05:00,50.11000061035156,50.27000045776367,50.11000061035156,50.27000045776367,0,0.0,0.0,0.0
2023-02-02 10:30:00-05:00,50.61000061035156,50.650001525878906,50.61000061035156,50.650001525878906,832,0.0,0.0,0.0
2023-02-02 12:30:00-05:00,50.65010070800781,50.65010070800781,50.650001525878906,50.650001525878906,277,0.0,0.0,0.0
2023-02-02 14:30:00-05:00,50.41999816894531,50.4900016784668,50.38999938964844,50.4900016784668,1960,0.0,0.0,0.0
2023-02-02 15:30:00-05:00,50.400001525878906,50.57469940185547,50.400001525878906,50.57469940185547,0,0.0,0.0,0.0
2023-02-03 10:30:00-05:00,50.459999084472656,50.54999923706055,50.459999084472656,50.54999923706055,1045,0.0,0.0,0.0
2023-02-03 11:30:00-05:00,50.47999954223633,50.47999954223633,50.47380065917969,50.47380065917969,625,0.0,0.0,0.0
2023-02-03 12:30:00-05:00,50.369998931884766,50.369998931884766,50.34809875488281,50.34809875488281,280,0.0,0.0,0.0
2023-02-03 13:30:00-05:00,50.2400016784668,50.2400016784668,50.18000030517578,50.18000030517578,1470,0.0,0.0,0.0
2023-02-03 14:30:00-05:00,50.2599983215332,50.310001373291016,50.13999938964844,50.2224006652832,1291,0.0,0.0,0.0
2023-02-06 09:30:00-05:00,49.93000030517578,49.93000030517578,49.70130157470703,49.70130157470703,0,0.0,0.0,0.0
2023-02-06 10:30:00-05:00,49.77000045776367,49.880001068115234,49.769901275634766,49.869998931884766,1339,0.0,0.0,0.0
2023-02-06 11:30:00-05:00,49.829898834228516,49.83000183105469,49.829898834228516,49.83000183105469,265,0.0,0.0,0.0
2023-02-06 12:30:00-05:00,49.77000045776367,49.86000061035156,49.77000045776367,49.86000061035156,4085,0.0,0.0,0.0
2023-02-06 13:30:00-05:00,49.83000183105469,49.849998474121094,49.82809829711914,49.82809829711914,1932,0.0,0.0,0.0
2023-02-06 15:30:00-05:00,49.810001373291016,49.810001373291016,49.79999923706055,49.79999923706055,400,0.0,0.0,0.0
2023-02-07 09:30:00-05:00,49.64139938354492,49.64139938354492,49.64139938354492,49.64139938354492,0,0.0,0.0,0.0
2023-02-07 10:30:00-05:00,49.59000015258789,49.65999984741211,49.58000183105469,49.65999984741211,2910,0.0,0.0,0.0
2023-02-07 11:30:00-05:00,49.65999984741211,49.68000030517578,49.65999984741211,49.67020034790039,2583,0.0,0.0,0.0
2023-02-07 12:30:00-05:00,50.09989929199219,50.099998474121094,50.029998779296875,50.03010177612305,1121,0.0,0.0,0.0
2023-02-07 13:30:00-05:00,49.58000183105469,49.919898986816406,49.57099914550781,49.919898986816406,1370,0.0,0.0,0.0
2023-02-07 14:30:00-05:00,50.060001373291016,50.060001373291016,50.059898376464844,50.059898376464844,601,0.0,0.0,0.0
2023-02-07 15:30:00-05:00,50.12009811401367,50.209999084472656,50.119998931884766,50.209999084472656,486,0.0,0.0,0.0
2023-02-08 09:30:00-05:00,50.04869842529297,50.04869842529297,50.04869842529297,50.04869842529297,0,0.0,0.0,0.0
2023-02-08 10:30:00-05:00,49.849998474121094,49.92499923706055,49.68199920654297,49.68199920654297,4405,0.0,0.0,0.0
2023-02-08 11:30:00-05:00,49.61000061035156,49.61009979248047,49.61000061035156,49.61009979248047,630,0.0,0.0,0.0
2023-02-08 12:30:00-05:00,49.77989959716797,49.779998779296875,49.77989959716797,49.779998779296875,362,0.0,0.0,0.0
2023-02-08 14:30:00-05:00,49.7599983215332,49.7599983215332,49.66320037841797,49.720001220703125,1685,0.0,0.0,0.0
2023-02-09 09:30:00-05:00,49.84000015258789,49.959999084472656,49.84000015258789,49.84989929199219,0,0.0,0.0,0.0
2023-02-09 10:30:00-05:00,49.81999969482422,49.81999969482422,49.81999969482422,49.81999969482422,382,0.0,0.0,0.0
2023-02-09 14:30:00-05:00,49.369998931884766,49.400001525878906,49.21500015258789,49.21500015258789,736,0.0,0.0,0.0
2023-02-10 09:30:00-05:00,49.45000076293945,49.45000076293945,49.45000076293945,49.45000076293945,0,0.0,0.0,0.0
2023-02-10 11:30:00-05:00,49.38999938964844,49.390098571777344,49.38999938964844,49.390098571777344,242,0.0,0.0,0.0
2023-02-10 12:30:00-05:00,49.41999816894531,49.41999816894531,49.41999816894531,49.41999816894531,231,0.0,0.0,0.0
2023-02-10 13:30:00-05:00,49.56999969482422,49.56999969482422,49.48500061035156,49.48500061035156,0,0.0,0.0,0.0
2023-02-10 14:30:00-05:00,49.529998779296875,49.65890121459961,49.529998779296875,49.65890121459961,1647,0.0,0.0,0.0
2023-02-13 09:30:00-05:00,49.810001373291016,49.83620071411133,49.810001373291016,49.81999969482422,1033,0.0,0.0,0.0
2023-02-13 10:30:00-05:00,49.9364013671875,49.95000076293945,49.9364013671875,49.948001861572266,769,0.0,0.0,0.0
2023-02-13 12:30:00-05:00,50.029998779296875,50.04800033569336,50.029998779296875,50.04800033569336,285,0.0,0.0,0.0
2023-02-13 13:30:00-05:00,50.09989929199219,50.09989929199219,50.09989929199219,50.09989929199219,630,0.0,0.0,0.0
2023-02-13 14:30:00-05:00,50.030799865722656,50.130001068115234,50.030799865722656,50.130001068115234,146,0.0,0.0,0.0
2023-02-14 09:30:00-05:00,50.2400016784668,50.2400016784668,50.09000015258789,50.09000015258789,0,0.0,0.0,0.0
2023-02-14 10:30:00-05:00,50.06010055541992,50.06010055541992,49.720001220703125,49.84000015258789,5991,0.0,0.0,0.0
2023-02-14 11:30:00-05:00,49.599998474121094,49.599998474121094,49.599998474121094,49.599998474121094,856,0.0,0.0,0.0
2023-02-14 12:30:00-05:00,49.79990005493164,50.04999923706055,49.79990005493164,50.02000045776367,2597,0.0,0.0,0.0
2023-02-14 13:30:00-05:00,49.959999084472656,50.02000045776367,49.959999084472656,50.019901275634766,1885,0.0,0.0,0.0
2023-02-14 14:30:00-05:00,50.11000061035156,50.11000061035156,50.02000045776367,50.02000045776367,4247,0.0,0.0,0.0
2023-02-14 15:30:00-05:00,50.040000915527344,50.0536994934082,50.0098991394043,50.0098991394043,3173,0.0,0.0,0.0
2023-02-15 09:30:00-05:00,49.939998626708984,49.939998626708984,49.619998931884766,49.619998931884766,0,0.0,0.0,0.0
2023-02-15 10:30:00-05:00,49.709800720214844,49.709800720214844,49.709800720214844,49.709800720214844,324,0.0,0.0,0.0
2023-02-15 11:30:00-05:00,49.75830078125,49.85200119018555,49.72949981689453,49.72949981689453,3255,0.0,0.0,0.0
2023-02-15 12:30:00-05:00,49.779998779296875,49.779998779296875,49.77000045776367,49.77000045776367,438,0.0,0.0,0.0
2023-02-15 13:30:00-05:00,49.86750030517578,49.86750030517578,49.86750030517578,49.86750030517578,132,0.0,0.0,0.0
2023-02-16 09:30:00-05:00,49.439998626708984,49.489601135253906,49.41999816894531,49.489601135253906,0,0.0,0.0,0.0
2023-02-16 10:30:00-05:00,49.61000061035156,49.61000061035156,49.609901428222656,49.61000061035156,984,0.0,0.0,0.0
2023-02-16 11:30:00-05:00,49.70000076293945,49.72999954223633,49.68000030517578,49.72999954223633,433,0.0,0.0,0.0
2023-02-16 12:30:00-05:00,49.777198791503906,49.84000015258789,49.769901275634766,49.79999923706055,2987,0.0,0.0,0.0
2023-02-16 13:30:00-05:00,49.849998474121094,49.90999984741211,49.81999969482422,49.90999984741211,1289,0.0,0.0,0.0
2023-02-16 14:30:00-05:00,49.880001068115234,49.88999938964844,49.78990173339844,49.790000915527344,1625,0.0,0.0,0.0
2023-02-16 15:30:00-05:00,49.5099983215332,49.5099983215332,49.493900299072266,49.5099983215332,307,0.0,0.0,0.0
2023-02-17 09:30:00-05:00,49.5,49.5,49.2599983215332,49.2599983215332,0,0.0,0.0,0.0
2023-02-17 10:30:00-05:00,49.35810089111328,49.35810089111328,49.18000030517578,49.18009948730469,3459,0.0,0.0,0.0
2023-02-17 13:30:00-05:00,49.25,49.25,49.25,49.25,179,0.0,0.0,0.0
2023-02-17 14:30:00-05:00,49.38999938964844,49.458900451660156,49.38999938964844,49.458900451660156,1712,0.0,0.0,0.0
2023-02-21 09:30:00-05:00,48.91999816894531,48.920101165771484,48.86000061035156,48.86009979248047,0,0.0,0.0,0.0
2023-02-21 10:30:00-05:00,48.939998626708984,48.95500183105469,48.814998626708984,48.814998626708984,577,0.0,0.0,0.0
2023-02-21 11:30:00-05:00,48.70000076293945,48.7599983215332,48.70000076293945,48.7599983215332,866,0.0,0.0,0.0
2023-02-21 12:30:00-05:00,48.78879928588867,48.78879928588867,48.779998779296875,48.779998779296875,5283,0.0,0.0,0.0
2023-02-21 13:30:00-05:00,48.63999938964844,48.640098571777344,48.560001373291016,48.560001373291016,1097,0.0,0.0,0.0
2023-02-21 14:30:00-05:00,48.650001525878906,48.65010070800781,48.59429931640625,48.59429931640625,0,0.0,0.0,0.0
2023-02-22 09:30:00-05:00,48.744998931884766,48.744998931884766,48.744998931884766,48.744998931884766,300,0.0,0.0,0.0
2023-02-22 10:30:00-05:00,48.54999923706055,48.599998474121094,48.54999923706055,48.599998474121094,1190,0.0,0.0,0.0
2023-02-22 11:30:00-05:00,48.65999984741211,48.65999984741211,48.65999984741211,48.65999984741211,481,0.0,0.0,0.0
2023-02-22 12:30:00-05:00,48.83000183105469,48.83000183105469,48.83000183105469,48.83000183105469,360,0.0,0.0,0.0
2023-02-22 13:30:00-05:00,48.763301849365234,48.763301849365234,48.763301849365234,48.763301849365234,516,0.0,0.0,0.0
2023-02-22 14:30:00-05:00,48.470001220703125,48.47010040283203,48.40999984741211,48.40999984741211,1406,0.0,0.0,0.0
2023-02-22 15:30:00-05:00,48.45000076293945,48.45000076293945,48.45000076293945,48.45000076293945,0,0.0,0.0,0.0
2023-02-23 11:30:00-05:00,48.189998626708984,48.190101623535156,48.189998626708984,48.190101623535156,1200,0.0,0.0,0.0
2023-02-23 12:30:00-05:00,48.22999954223633,48.60110092163086,48.22999954223633,48.60110092163086,2022,0.0,0.0,0.0
2023-02-24 09:30:00-05:00,48.060001373291016,48.060001373291016,48.060001373291016,48.060001373291016,0,0.0,0.0,0.0
2023-02-24 10:30:00-05:00,48.08000183105469,48.0974006652832,48.08000183105469,48.080101013183594,2214,0.0,0.0,0.0
2023-02-24 11:30:00-05:00,48.21030044555664,48.21030044555664,48.130001068115234,48.130001068115234,500,0.0,0.0,0.0
2023-02-24 12:30:00-05:00,48.060001373291016,48.06010055541992,48.060001373291016,48.06010055541992,1445,0.0,0.0,0.0
2023-02-24 13:30:00-05:00,48.19670104980469,48.19670104980469,48.19670104980469,48.19670104980469,579,0.0,0.0,0.0
2023-02-24 14:30:00-05:00,48.15999984741211,48.3400993347168,48.15999984741211,48.27510070800781,310,0.0,0.0,0.0
2023-02-27 09:30:00-05:00,48.7400016784668,48.7400016784668,48.7400016784668,48.7400016784668,0,0.0,0.0,0.0
2023-02-27 10:30:00-05:00,48.540000915527344,48.540000915527344,48.540000915527344,48.540000915527344,219,0.0,0.0,0.0
2023-02-27 11:30:00-05:00,48.41999816894531,48.41999816894531,48.28020095825195,48.28020095825195,2683,0.0,0.0,0.0
2023-02-28 09:30:00-05:00,48.209999084472656,48.209999084472656,48.209999084472656,48.209999084472656,0,0.0,0.0,0.0
2023-02-28 10:30:00-05:00,48.2599983215332,48.2599983215332,48.2599983215332,48.2599983215332,157,0.0,0.0,0.0
2023-02-28 11:30:00-05:00,48.349998474121094,48.36000061035156,48.30939865112305,48.30939865112305,565,0.0,0.0,0.0
2023-02-28 13:30:00-05:00,48.36000061035156,48.36000061035156,48.270999908447266,48.270999908447266,864,0.0,0.0,0.0
2023-02-28 14:30:00-05:00,48.309898376464844,48.309898376464844,48.127498626708984,48.127498626708984,537,0.0,0.0,0.0
2023-03-01 09:30:00-05:00,47.9900016784668,47.9900016784668,47.97999954223633,47.97999954223633,0,0.0,0.0,0.0
2023-03-01 11:30:00-05:00,48.0099983215332,48.22990036010742,48.0,48.22990036010742,829,0.0,0.0,0.0
2023-03-01 13:30:00-05:00,48.04140090942383,48.04140090942383,48.029998779296875,48.029998779296875,384,0.0,0.0,0.0
2023-03-01 15:30:00-05:00,48.189998626708984,48.189998626708984,48.139400482177734,48.139400482177734,390,0.0,0.0,0.0
2023-03-02 09:30:00-05:00,48.06999969482422,48.06999969482422,48.03150177001953,48.03150177001953,1569,0.0,0.0,0.0
2023-03-02 10:30:00-05:00,48.09000015258789,48.09000015258789,48.09000015258789,48.09000015258789,355,0.0,0.0,0.0
2023-03-02 14:30:00-05:00,48.404998779296875,48.404998779296875,48.404998779296875,48.404998779296875,368,0.0,0.0,0.0
2023-03-03 09:30:00-05:00,48.670101165771484,48.670101165771484,48.66999816894531,48.66999816894531,0,0.0,0.0,0.0
2023-03-03 10:30:00-05:00,48.68009948730469,48.68009948730469,48.67100143432617,48.67100143432617,575,0.0,0.0,0.0
2023-03-03 11:30:00-05:00,48.749900817871094,48.849998474121094,48.72999954223633,48.84989929199219,823,0.0,0.0,0.0
2023-03-03 13:30:00-05:00,48.900001525878906,48.99919891357422,48.900001525878906,48.99919891357422,263,0.0,0.0,0.0
2023-03-06 09:30:00-05:00,49.040000915527344,49.040000915527344,49.03990173339844,49.03990173339844,0,0.0,0.0,0.0
2023-03-06 10:30:00-05:00,49.09989929199219,49.099998474121094,49.09989929199219,49.09989929199219,1407,0.0,0.0,0.0
2023-03-06 14:30:00-05:00,48.75,48.75389862060547,48.75,48.75389862060547,140,0.0,0.0,0.0
2023-03-07 09:30:00-05:00,48.849998474121094,48.849998474121094,48.849998474121094,48.849998474121094,0,0.0,0.0,0.0
2023-03-07 11:30:00-05:00,48.250099182128906,48.250099182128906,48.25,48.25,426,0.0,0.0,0.0
2023-03-07 13:30:00-05:00,48.01539993286133,48.01539993286133,48.01539993286133,48.01539993286133,153,0.0,0.0,0.0
2023-03-07 14:30:00-05:00,48.04999923706055,48.099998474121094,48.04990005493164,48.099998474121094,1250,0.0,0.0,0.0
2023-03-08 09:30:00-05:00,47.93000030517578,48.22999954223633,47.93000030517578,48.22999954223633,1301,0.0,0.0,0.0
2023-03-08 10:30:00-05:00,48.130001068115234,48.13010025024414,48.130001068115234,48.13010025024414,414,0.0,0.0,0.0
2023-03-08 14:30:00-05:00,47.90999984741211,48.11840057373047,47.880001068115234,48.11840057373047,941,0.0,0.0,0.0
2023-03-09 09:30:00-05:00,48.040000915527344,48.040000915527344,48.040000915527344,48.040000915527344,0,0.0,0.0,0.0
2023-03-09 10:30:00-05:00,48.2599983215332,48.2599983215332,48.09000015258789,48.09000015258789,813,0.0,0.0,0.0
2023-03-09 12:30:00-05:00,47.99369812011719,47.99369812011719,47.99369812011719,47.99369812011719,305,0.0,0.0,0.0
2023-03-09 14:30:00-05:00,47.619998931884766,47.62009811401367,47.2577018737793,47.2577018737793,443,0.0,0.0,0.0
2023-03-10 09:30:00-05:00,47.380001068115234,47.380001068115234,46.849998474121094,46.939998626708984,0,0.0,0.0,0.0
2023-03-10 12:30:00-05:00,46.814998626708984,46.814998626708984,46.814998626708984,46.814998626708984,5152,0.0,0.0,0.0
2023-03-10 13:30:00-05:00,46.33000183105469,46.439998626708984,46.30149841308594,46.38999938964844,3365,0.0,0.0,0.0
2023-03-10 14:30:00-05:00,46.52880096435547,46.52880096435547,46.52880096435547,46.52880096435547,222,0.0,0.0,0.0
2023-03-10 15:30:00-05:00,46.470001220703125,46.47010040283203,46.470001220703125,46.47010040283203,600,0.0,0.0,0.0
2023-03-13 09:30:00-04:00,45.9900016784668,46.040000915527344,45.9900016784668,45.9901008605957,0,0.0,0.0,0.0
2023-03-13 10:30:00-04:00,46.38999938964844,46.38999938964844,46.349998474121094,46.349998474121094,455,0.0,0.0,0.0
2023-03-13 13:30:00-04:00,46.369998931884766,46.369998931884766,45.95650100708008,45.95650100708008,0,0.0,0.0,0.0
2023-03-14 10:30:00-04:00,46.77909851074219,46.77909851074219,46.385799407958984,46.385799407958984,522,0.0,0.0,0.0
2023-03-15 09:30:00-04:00,45.6349983215332,45.6349983215332,45.6349983215332,45.6349983215332,0,0.0,0.0,0.0
2023-03-15 15:30:00-04:00,45.75,45.75,45.74589920043945,45.74589920043945,221,0.0,0.0,0.0
2023-03-16 10:30:00-04:00,45.630001068115234,45.90010070800781,45.630001068115234,45.900001525878906,938,0.0,0.0,0.0
2023-03-16 12:30:00-04:00,46.369998931884766,46.369998931884766,46.369998931884766,46.369998931884766,1700,0.0,0.0,0.0
2023-03-16 13:30:00-04:00,46.189998626708984,46.189998626708984,46.185001373291016,46.185001373291016,1886,0.0,0.0,0.0
2023-03-16 14:30:00-04:00,46.310001373291016,46.37699890136719,46.310001373291016,46.37699890136719,358,0.0,0.0,0.0
2023-03-17 09:30:00-04:00,46.061100006103516,46.061100006103516,46.0099983215332,46.04999923706055,0,0.0,0.0,0.0
2023-03-17 10:30:00-04:00,45.79999923706055,45.79999923706055,45.79999923706055,45.79999923706055,565,0.0,0.0,0.0
2023-03-17 12:30:00-04:00,45.869998931884766,45.869998931884766,45.869998931884766,45.869998931884766,331,0.0,0.0,0.0
2023-03-17 14:30:00-04:00,45.74420166015625,45.74420166015625,45.74420166015625,45.74420166015625,272,0.0,0.0,0.0
2023-03-17 15:30:00-04:00,45.69990158081055,45.76470184326172,45.69990158081055,45.76470184326172,198,0.0,0.0,0.0
2023-03-20 10:30:00-04:00,46.599998474121094,46.599998474121094,46.599998474121094,46.599998474121094,0,0.0,0.0,0.0
2023-03-20 12:30:00-04:00,46.38999938964844,46.38999938964844,46.38999938964844,46.38999938964844,415,0.0,0.0,0.0
2023-03-20 13:30:00-04:00,46.52000045776367,46.560001373291016,46.47010040283203,46.491798400878906,1373,0.0,0.0,0.0
2023-03-21 09:30:00-04:00,46.91999816894531,46.91999816894531,46.91999816894531,46.91999816894531,0,0.0,0.0,0.0
2023-03-21 10:30:00-04:00,46.91999816894531,46.93000030517578,46.91999816894531,46.93000030517578,603,0.0,0.0,0.0
2023-03-21 13:30:00-04:00,46.84000015258789,46.84000015258789,46.810001373291016,46.810001373291016,1436,0.0,0.0,0.0
2023-03-21 14:30:00-04:00,46.86009979248047,46.86009979248047,46.86000061035156,46.86000061035156,396,0.0,0.0,0.0
2023-03-21 15:30:00-04:00,47.060001373291016,47.06010055541992,46.95000076293945,46.95000076293945,447,0.0,0.0,0.0
2023-03-22 10:30:00-04:00,47.09000015258789,47.09000015258789,47.05739974975586,47.05739974975586,716,0.0,0.0,0.0
2023-03-22 11:30:00-04:00,46.812801361083984,46.812801361083984,46.812801361083984,46.812801361083984,253,0.0,0.0,0.0
2023-03-22 12:30:00-04:00,46.70000076293945,46.72999954223633,46.70000076293945,46.72999954223633,1167,0.0,0.0,0.0
2023-03-22 15:30:00-04:00,46.150001525878906,46.15010070800781,46.14860153198242,46.14860153198242,894,0.0,0.0,0.0
2023-03-23 09:30:00-04:00,46.060001373291016,46.220001220703125,46.060001373291016,46.220001220703125,0,0.0,0.0,0.0
2023-03-23 10:30:00-04:00,46.130001068115234,46.4900016784668,46.130001068115234,46.410099029541016,1826,0.0,0.0,0.0
2023-03-23 11:30:00-04:00,46.189998626708984,46.190101623535156,46.189998626708984,46.190101623535156,252,0.0,0.0,0.0
2023-03-23 12:30:00-04:00,46.08039855957031,46.08039855957031,46.08039855957031,46.08039855957031,377,0.0,0.0,0.0
2023-03-23 13:30:00-04:00,45.93000030517578,45.93000030517578,45.66999816894531,45.66999816894531,860,0.0,0.0,0.0
2023-03-23 14:30:00-04:00,45.72999954223633,45.72999954223633,45.71870040893555,45.71870040893555,502,0.0,0.0,0.0
2023-03-24 09:30:00-04:00,45.66999816894531,45.66999816894531,45.459999084472656,45.459999084472656,0,0.0,0.0,0.0
2023-03-24 10:30:00-04:00,45.4900016784668,45.992000579833984,45.4900016784668,45.992000579833984,829,0.0,0.0,0.0
2023-03-27 09:30:00-04:00,46.5099983215332,46.5099983215332,46.290000915527344,46.290000915527344,0,0.0,0.0,0.0
2023-03-27 10:30:00-04:00,46.25,46.25,46.150001525878906,46.150001525878906,12116,0.0,0.0,0.0
2023-03-27 11:30:00-04:00,46.26499938964844,46.26499938964844,46.26499938964844,46.26499938964844,201,0.0,0.0,0.0
2023-03-27 12:30:00-04:00,46.400001525878906,46.400001525878906,46.400001525878906,46.400001525878906,193,0.0,0.0,0.0
2023-03-27 13:30:00-04:00,46.459999084472656,46.459999084472656,46.40739822387695,46.459999084472656,699,0.0,0.0,0.0
2023-03-27 14:30:00-04:00,46.540000915527344,46.540000915527344,46.31629943847656,46.31629943847656,364,0.0,0.0,0.0
2023-03-28 09:30:00-04:00,46.220001220703125,46.33000183105469,46.220001220703125,46.329898834228516,0,0.0,0.0,0.0
2023-03-28 10:30:00-04:00,46.439998626708984,46.45000076293945,46.439998626708984,46.45000076293945,592,0.0,0.0,0.0
2023-03-28 14:30:00-04:00,46.38999938964844,46.41270065307617,46.369998931884766,46.41270065307617,2932,0.0,0.0,0.0
2023-03-29 09:30:00-04:00,46.599998474121094,46.79999923706055,46.599998474121094,46.79999923706055,0,0.0,0.0,0.0
2023-03-29 10:30:00-04:00,46.79999923706055,46.79999923706055,46.79999923706055,46.79999923706055,211,0.0,0.0,0.0
2023-03-29 11:30:00-04:00,46.790000915527344,46.79010009765625,46.790000915527344,46.790000915527344,536,0.0,0.0,0.0
2023-03-29 12:30:00-04:00,46.86000061035156,46.86009979248047,46.86000061035156,46.86009979248047,1629,0.0,0.0,0.0
2023-03-29 13:30:00-04:00,46.849998474121094,46.849998474121094,46.779998779296875,46.80500030517578,1451,0.0,0.0,0.0
2023-03-29 14:30:00-04:00,46.869998931884766,46.87070083618164,46.869998931884766,46.87070083618164,1120,0.0,0.0,0.0
2023-03-29 15:30:00-04:00,46.9900016784668,46.99369812011719,46.9900016784668,46.99369812011719,656,0.0,0.0,0.0
2023-03-30 09:30:00-04:00,47.34000015258789,47.369998931884766,47.34000015258789,47.369998931884766,0,0.0,0.0,0.0
2023-03-30 10:30:00-04:00,47.36050033569336,47.37739944458008,47.349998474121094,47.350101470947266,2043,0.0,0.0,0.0
2023-03-30 11:30:00-04:00,47.25,47.250099182128906,47.25,47.250099182128906,416,0.0,0.0,0.0
2023-03-30 13:30:00-04:00,47.22999954223633,47.24319839477539,47.22999954223633,47.24319839477539,0,0.0,0.0,0.0
2023-03-31 09:30:00-04:00,47.58000183105469,47.58000183105469,47.58000183105469,47.58000183105469,384,0.0,0.0,0.0
2023-03-31 10:30:00-04:00,47.540000915527344,47.540000915527344,47.529998779296875,47.53010177612305,1895,0.0,0.0,0.0
2023-03-31 14:30:00-04:00,47.67499923706055,47.939998626708984,47.67499923706055,47.939998626708984,106,0.0,0.0,0.0
2023-04-03 09:30:00-04:00,48.099998474121094,48.29999923706055,48.099998474121094,48.29999923706055,0,0.0,0.0,0.0
2023-04-03 12:30:00-04:00,48.09000015258789,48.099998474121094,48.09000015258789,48.099998474121094,688,0.0,0.0,0.0
2023-04-03 13:30:00-04:00,47.9900016784668,48.09000015258789,47.9900016784668,48.09000015258789,4689,0.0,0.0,0.0
2023-04-03 14:30:00-04:00,48.20000076293945,48.20000076293945,48.19990158081055,48.19990158081055,815,0.0,0.0,0.0
2023-04-04 09:30:00-04:00,48.290000915527344,48.290000915527344,47.997100830078125,47.997100830078125,0,0.0,0.0,0.0
2023-04-04 10:30:00-04:00,47.626399993896484,47.626399993896484,47.626399993896484,47.626399993896484,104,0.0,0.0,0.0
2023-04-04 11:30:00-04:00,47.46689987182617,47.46689987182617,47.46689987182617,47.46689987182617,377,0.0,0.0,0.0
2023-04-04 15:30:00-04:00,47.560001373291016,47.560001373291016,47.54999923706055,47.54999923706055,1001,0.0,0.0,0.0
2023-04-05 09:30:00-04:00,48.0,48.0,47.5,47.5,262,0.0,0.0,0.0
2023-04-05 11:30:00-04:00,47.499900817871094,47.5,47.459999084472656,47.459999084472656,971,0.0,0.0,0.0
2023-04-05 13:30:00-04:00,47.49369812011719,47.49369812011719,47.49369812011719,47.49369812011719,326,0.0,0.0,0.0
2023-04-05 14:30:00-04:00,47.59040069580078,47.59040069580078,47.59040069580078,47.59040069580078,239,0.0,0.0,0.0
2023-04-05 15:30:00-04:00,47.63999938964844,47.6697998046875,47.63999938964844,47.6697998046875,452,0.0,0.0,0.0
2023-04-06 09:30:00-04:00,47.61000061035156,47.61000061035156,47.61000061035156,47.61000061035156,0,0.0,0.0,0.0
2023-04-06 10:30:00-04:00,47.58000183105469,47.58000183105469,47.579898834228516,47.579898834228516,1003,0.0,0.0,0.0
2023-04-06 14:30:00-04:00,47.70819854736328,47.70819854736328,47.70819854736328,47.70819854736328,315,0.0,0.0,0.0
2023-04-06 15:30:00-04:00,47.68000030517578,47.68000030517578,47.68000030517578,47.68000030517578,256,0.0,0.0,0.0
2023-04-10 09:30:00-04:00,47.41999816894531,47.41999816894531,47.41999816894531,47.41999816894531,0,0.0,0.0,0.0
2023-04-10 10:30:00-04:00,47.779998779296875,47.779998779296875,47.779998779296875,47.779998779296875,518,0.0,0.0,0.0
2023-04-10 12:30:00-04:00,47.81999969482422,47.88999938964844,47.81999969482422,47.84000015258789,594,0.0,0.0,0.0
2023-04-10 14:30:00-04:00,47.88050079345703,47.88050079345703,47.87580108642578,47.87580108642578,572,0.0,0.0,0.0
2023-04-10 15:30:00-04:00,47.93000030517578,47.93000030517578,47.93000030517578,47.93000030517578,1201,0.0,0.0,0.0
2023-04-11 10:30:00-04:00,48.097900390625,48.11009979248047,48.097900390625,48.11000061035156,494,0.0,0.0,0.0
2023-04-11 13:30:00-04:00,48.349998474121094,48.349998474121094,48.29999923706055,48.29999923706055,756,0.0,0.0,0.0
2023-04-11 14:30:00-04:00,48.369998931884766,48.369998931884766,48.36989974975586,48.36989974975586,485,0.0,0.0,0.0
2023-04-11 15:30:00-04:00,48.369998931884766,48.37009811401367,48.22639846801758,48.37009811401367,2249,0.0,0.0,0.0
2023-04-12 09:30:00-04:00,48.81999969482422,48.81999969482422,48.349998474121094,48.349998474121094,0,0.0,0.0,0.0
2023-04-12 10:30:00-04:00,48.22999954223633,48.22999954223633,48.17449951171875,48.17449951171875,982,0.0,0.0,0.0
2023-04-12 11:30:00-04:00,48.209999084472656,48.209999084472656,48.20199966430664,48.209999084472656,500,0.0,0.0,0.0
2023-04-12 12:30:00-04:00,48.2599983215332,48.28010177612305,48.2599983215332,48.28010177612305,1736,0.0,0.0,0.0
2023-04-12 13:30:00-04:00,48.27000045776367,48.3297004699707,47.93769836425781,47.93769836425781,2888,0.0,0.0,0.0
2023-04-13 10:30:00-04:00,48.029998779296875,48.029998779296875,48.029998779296875,48.029998779296875,0,0.0,0.0,0.0
2023-04-13 14:30:00-04:00,48.36000061035156,48.36009979248047,48.36000061035156,48.36009979248047,417,0.0,0.0,0.0
2023-04-13 15:30:00-04:00,48.349998474121094,48.350101470947266,48.31380081176758,48.31380081176758,266,0.0,0.0,0.0
2023-04-14 09:30:00-04:00,48.18000030517578,48.18000030517578,48.18000030517578,48.18000030517578,0,0.0,0.0,0.0
2023-04-14 10:30:00-04:00,48.119998931884766,48.119998931884766,48.099998474121094,48.099998474121094,855,0.0,0.0,0.0
2023-04-14 12:30:00-04:00,48.02000045776367,48.02000045776367,47.9900016784668,47.9900016784668,911,0.0,0.0,0.0
2023-04-14 13:30:00-04:00,47.9900016784668,48.18560028076172,47.97999954223633,48.18560028076172,1617,0.0,0.0,0.0
2023-04-17 09:30:00-04:00,48.22990036010742,48.22990036010742,48.22990036010742,48.22990036010742,0,0.0,0.0,0.0
2023-04-17 12:30:00-04:00,48.12990188598633,48.130001068115234,48.12990188598633,48.130001068115234,780,0.0,0.0,0.0
2023-04-17 13:30:00-04:00,48.15999984741211,48.15999984741211,48.02000045776367,48.02000045776367,1604,0.0,0.0,0.0
2023-04-17 14:30:00-04:00,48.25,48.33869934082031,48.25,48.33869934082031,259,0.0,0.0,0.0
2023-04-18 09:30:00-04:00,48.58000183105469,48.58000183105469,48.36000061035156,48.369998931884766,0,0.0,0.0,0.0
2023-04-18 10:30:00-04:00,48.36000061035156,48.36000061035156,48.29999923706055,48.29999923706055,1284,0.0,0.0,0.0
2023-04-18 12:30:00-04:00,48.38999938964844,48.38999938964844,48.38990020751953,48.38990020751953,879,0.0,0.0,0.0
2023-04-18 13:30:00-04:00,48.27000045776367,48.27000045776367,48.27000045776367,48.27000045776367,375,0.0,0.0,0.0
2023-04-18 14:30:00-04:00,48.369998931884766,48.38370132446289,48.369998931884766,48.38370132446289,0,0.0,0.0,0.0
2023-04-19 09:30:00-04:00,48.06999969482422,48.06999969482422,48.06999969482422,48.06999969482422,606,0.0,0.0,0.0
2023-04-19 12:30:00-04:00,48.07509994506836,48.11000061035156,48.04999923706055,48.04999923706055,4481,0.0,0.0,0.0
2023-04-19 14:30:00-04:00,48.177799224853516,48.177799224853516,48.177799224853516,48.177799224853516,141,0.0,0.0,0.0
2023-04-19 15:30:00-04:00,48.130001068115234,48.13090133666992,48.130001068115234,48.13090133666992,100,0.0,0.0,0.0
2023-04-20 09:30:00-04:00,47.7599983215332,47.7599983215332,47.7599983215332,47.7599983215332,0,0.0,0.0,0.0
2023-04-20 10:30:00-04:00,47.880001068115234,47.9099006652832,47.880001068115234,47.9099006652832,5200,0.0,0.0,0.0
2023-04-20 12:30:00-04:00,47.95000076293945,47.95000076293945,47.92620086669922,47.92620086669922,547,0.0,0.0,0.0
2023-04-20 13:30:00-04:00,47.91230010986328,47.91230010986328,47.91230010986328,47.91230010986328,183,0.0,0.0,0.0
2023-04-20 14:30:00-04:00,47.720001220703125,47.720001220703125,47.720001220703125,47.720001220703125,206,0.0,0.0,0.0
2023-04-21 12:30:00-04:00,47.689998626708984,47.77320098876953,47.689998626708984,47.77320098876953,0,0.0,0.0,0.0
2023-04-24 09:30:00-04:00,47.900001525878906,47.900001525878906,47.900001525878906,47.900001525878906,0,0.0,0.0,0.0
2023-04-24 10:30:00-04:00,47.926700592041016,47.926700592041016,47.66999816894531,47.66999816894531,0,0.0,0.0,0.0
2023-04-24 12:30:00-04:00,47.819801330566406,47.875301361083984,47.819801330566406,47.875301361083984,0,0.0,0.0,0.0
2023-04-25 09:30:00-04:00,47.869998931884766,47.869998931884766,47.435001373291016,47.435001373291016,2552,0.0,0.0,0.0
2023-04-25 10:30:00-04:00,47.41999816894531,47.41999816894531,47.41999816894531,47.41999816894531,0,0.0,0.0,0.0
2023-04-25 12:30:00-04:00,47.39500045776367,47.39500045776367,47.2599983215332,47.2599983215332,3483,0.0,0.0,0.0
2023-04-25 14:30:00-04:00,47.21480178833008,47.21480178833008,47.15999984741211,47.15999984741211,322,0.0,0.0,0.0
2023-04-26 09:30:00-04:00,47.029998779296875,47.11000061035156,46.880001068115234,46.880001068115234,0,0.0,0.0,0.0
2023-04-26 12:30:00-04:00,47.0,47.0099983215332,46.9900016784668,46.9900016784668,2738,0.0,0.0,0.0
2023-04-26 13:30:00-04:00,46.78950119018555,46.78950119018555,46.78950119018555,46.78950119018555,3728,0.0,0.0,0.0
2023-04-26 15:30:00-04:00,46.63999938964844,46.71699905395508,46.63999938964844,46.71699905395508,702,0.0,0.0,0.0
2023-04-27 09:30:00-04:00,46.970001220703125,46.970001220703125,46.970001220703125,46.970001220703125,0,0.0,0.0,0.0
2023-04-27 10:30:00-04:00,46.93000030517578,46.93000030517578,46.929901123046875,46.929901123046875,200,0.0,0.0,0.0
2023-04-27 11:30:00-04:00,47.0,47.0,47.0,47.0,0,0.0,0.0,0.0
2023-04-27 12:30:00-04:00,47.1505012512207,47.1505012512207,47.1505012512207,47.1505012512207,2135,0.0,0.0,0.0
2023-04-27 14:30:00-04:00,47.4900016784668,47.4900016784668,47.4900016784668,47.4900016784668,299,0.0,0.0,0.0
2023-04-27 15:30:00-04:00,47.43000030517578,47.43339920043945,47.41999816894531,47.43339920043945,0,0.0,0.0,0.0
2023-04-28 09:30:00-04:00,47.310001373291016,47.744998931884766,47.310001373291016,47.744998931884766,1572,0.0,0.0,0.0
2023-04-28 10:30:00-04:00,47.81999969482422,47.81999969482422,47.81999969482422,47.81999969482422,0,0.0,0.0,0.0
2023-04-28 11:30:00-04:00,47.83000183105469,47.83000183105469,47.79999923706055,47.79999923706055,2488,0.0,0.0,0.0
2023-04-28 12:30:00-04:00,47.84600067138672,47.877899169921875,47.84600067138672,47.877899169921875,971,0.0,0.0,0.0
2023-04-28 15:30:00-04:00,47.849998474121094,47.904300689697266,47.849998474121094,47.904300689697266,213,0.0,0.0,0.0
2023-05-01 09:30:00-04:00,47.95000076293945,48.130001068115234,47.95000076293945,48.130001068115234,0,0.0,0.0,0.0
2023-05-01 12:30:00-04:00,48.06999969482422,48.06999969482422,48.06999969482422,48.06999969482422,321,0.0,0.0,0.0
2023-05-01 14:30:00-04:00,48.00529861450195,48.00529861450195,48.00529861450195,48.00529861450195,774,0.0,0.0,0.0
2023-05-02 09:30:00-04:00,47.228599548339844,47.228599548339844,47.228599548339844,47.228599548339844,392,0.0,0.0,0.0
2023-05-02 10:30:00-04:00,46.86000061035156,46.86000061035156,46.86000061035156,46.86000061035156,0,0.0,0.0,0.0
2023-05-02 12:30:00-04:00,47.09989929199219,47.099998474121094,47.070499420166016,47.070499420166016,3225,0.0,0.0,0.0
2023-05-02 13:30:00-04:00,47.119998931884766,47.28099822998047,47.099998474121094,47.28099822998047,0,0.0,0.0,0.0
2023-05-03 10:30:00-04:00,47.45000076293945,47.45000076293945,47.36600112915039,47.36600112915039,2880,0.0,0.0,0.0
2023-05-03 12:30:00-04:00,47.390098571777344,47.390098571777344,47.390098571777344,47.390098571777344,352,0.0,0.0,0.0
2023-05-03 14:30:00-04:00,47.459999084472656,47.46009826660156,46.970699310302734,46.970699310302734,0,0.0,0.0,0.0
2023-05-04 10:30:00-04:00,46.529998779296875,46.529998779296875,46.529998779296875,46.529998779296875,228,0.0,0.0,0.0
2023-05-04 12:30:00-04:00,46.474998474121094,46.64030075073242,46.474998474121094,46.64030075073242,377,0.0,0.0,0.0
2023-05-04 13:30:00-04:00,46.56999969482422,46.56999969482422,46.56999969482422,46.56999969482422,121,0.0,0.0,0.0
2023-05-04 14:30:00-04:00,46.470001220703125,46.51110076904297,46.470001220703125,46.51110076904297,0,0.0,0.0,0.0
2023-05-05 09:30:00-04:00,47.10169982910156,47.18000030517578,47.10169982910156,47.18000030517578,3583,0.0,0.0,0.0
2023-05-05 12:30:00-04:00,47.08000183105469,47.08000183105469,47.08000183105469,47.08000183105469,0,0.0,0.0,0.0
2023-05-05 13:30:00-04:00,47.275001525878906,47.275001525878906,47.275001525878906,47.275001525878906,4278,0.0,0.0,0.0
2023-05-05 14:30:00-04:00,47.448299407958984,47.448299407958984,47.33539962768555,47.33539962768555,457,0.0,0.0,0.0
2023-05-08 09:30:00-04:00,47.499900817871094,47.499900817871094,47.499900817871094,47.499900817871094,0,0.0,0.0,0.0
2023-05-08 10:30:00-04:00,47.34809875488281,47.34809875488281,47.31999969482422,47.31999969482422,950,0.0,0.0,0.0
2023-05-08 11:30:00-04:00,47.279998779296875,47.290000915527344,47.25,47.25,772,0.0,0.0,0.0
2023-05-08 13:30:00-04:00,47.25,47.25,47.25,47.25,1322,0.0,0.0,0.0
2023-05-08 14:30:00-04:00,47.380001068115234,47.380001068115234,47.380001068115234,47.380001068115234,208,0.0,0.0,0.0
2023-05-08 15:30:00-04:00,47.31999969482422,47.31999969482422,47.31039810180664,47.31039810180664,0,0.0,0.0,0.0
2023-05-09 09:30:00-04:00,47.13970184326172,47.13970184326172,47.13970184326172,47.13970184326172,684,0.0,0.0,0.0
2023-05-09 12:30:00-04:00,47.159400939941406,47.20000076293945,47.159400939941406,47.159400939941406,218,0.0,0.0,0.0
2023-05-10 09:30:00-04:00,47.400001525878906,47.400001525878906,47.16230010986328,47.16230010986328,756,0.0,0.0,0.0
2023-05-10 12:30:00-04:00,47.08000183105469,47.08000183105469,47.08000183105469,47.08000183105469,0,0.0,0.0,0.0
2023-05-10 14:30:00-04:00,47.13999938964844,47.210601806640625,47.13999938964844,47.210601806640625,0,0.0,0.0,0.0
2023-05-11 09:30:00-04:00,46.9900016784668,46.9900016784668,46.9900016784668,46.9900016784668,480,0.0,0.0,0.0
2023-05-11 15:30:00-04:00,46.97999954223633,46.97999954223633,46.97990036010742,46.97999954223633,514,0.0,0.0,0.0
2023-05-12 09:30:00-04:00,47.08000183105469,47.08000183105469,47.08000183105469,47.08000183105469,0,0.0,0.0,0.0
2023-05-12 10:30:00-04:00,47.000099182128906,47.000099182128906,46.9900016784668,46.9900016784668,4917,0.0,0.0,0.0
2023-05-12 11:30:00-04:00,46.85499954223633,46.85499954223633,46.85499954223633,46.85499954223633,0,0.0,0.0,0.0
2023-05-12 12:30:00-04:00,46.755401611328125,46.755401611328125,46.755401611328125,46.755401611328125,5353,0.0,0.0,0.0
2023-05-12 14:30:00-04:00,46.849998474121094,46.993499755859375,46.849998474121094,46.993499755859375,499,0.0,0.0,0.0
2023-05-15 09:30:00-04:00,47.290000915527344,47.290000915527344,47.08000183105469,47.08000183105469,0,0.0,0.0,0.0
2023-05-15 10:30:00-04:00,47.029998779296875,47.099700927734375,47.02199935913086,47.099700927734375,932,0.0,0.0,0.0
2023-05-15 12:30:00-04:00,47.31990051269531,47.31990051269531,47.31990051269531,47.31990051269531,360,0.0,0.0,0.0
2023-05-15 13:30:00-04:00,47.185001373291016,47.209999084472656,47.185001373291016,47.209999084472656,405,0.0,0.0,0.0
2023-05-15 14:30:00-04:00,47.150001525878906,47.19139862060547,47.150001525878906,47.19139862060547,0,0.0,0.0,0.0
2023-05-16 09:30:00-04:00,46.824798583984375,46.869998931884766,46.824798583984375,46.869998931884766,426,0.0,0.0,0.0
2023-05-16 10:30:00-04:00,46.88999938964844,46.88999938964844,46.83000183105469,46.83000183105469,1980,0.0,0.0,0.0
2023-05-16 11:30:00-04:00,46.85499954223633,46.85499954223633,46.85499954223633,46.85499954223633,230,0.0,0.0,0.0
2023-05-16 13:30:00-04:00,46.79999923706055,46.79999923706055,46.779998779296875,46.779998779296875,694,0.0,0.0,0.0
2023-05-16 14:30:00-04:00,46.657100677490234,46.83000183105469,46.657100677490234,46.657100677490234,918,0.0,0.0,0.0
2023-05-17 09:30:00-04:00,46.91999816894531,46.91999816894531,46.91999816894531,46.91999816894531,0,0.0,0.0,0.0
2023-05-17 10:30:00-04:00,46.84299850463867,46.937599182128906,46.84299850463867,46.937599182128906,784,0.0,0.0,0.0
2023-05-17 14:30:00-04:00,47.2400016784668,47.290000915527344,47.2400016784668,47.290000915527344,1601,0.0,0.0,0.0
2023-05-18 10:30:00-04:00,47.400001525878906,47.5099983215332,47.400001525878906,47.5099983215332,1805,0.0,0.0,0.0
2023-05-18 11:30:00-04:00,47.350101470947266,47.64350128173828,47.349998474121094,47.64350128173828,0,0.0,0.0,0.0
2023-05-19 09:30:00-04:00,47.775001525878906,47.775001525878906,47.775001525878906,47.775001525878906,456,0.0,0.0,0.0
2023-05-19 10:30:00-04:00,47.4921989440918,47.4921989440918,47.4921989440918,47.4921989440918,0,0.0,0.0,0.0
2023-05-22 09:30:00-04:00,47.58000183105469,47.58000183105469,47.58000183105469,47.58000183105469,337,0.0,0.0,0.0
2023-05-22 11:30:00-04:00,47.63999938964844,47.72999954223633,47.63990020751953,47.72999954223633,2767,0.0,0.0,0.0
2023-05-22 13:30:00-04:00,47.67599868774414,47.67599868774414,47.67599868774414,47.67599868774414,273,0.0,0.0,0.0
2023-05-22 14:30:00-04:00,47.727901458740234,47.727901458740234,47.727901458740234,47.727901458740234,774,0.0,0.0,0.0
2023-05-22 15:30:00-04:00,47.62519836425781,47.62519836425781,47.62310028076172,47.62310028076172,1891,0.0,0.0,0.0
2023-05-23 09:30:00-04:00,47.34000015258789,47.59410095214844,47.34000015258789,47.59410095214844,0,0.0,0.0,0.0
2023-05-23 10:30:00-04:00,47.654998779296875,47.654998779296875,47.654998779296875,47.654998779296875,224,0.0,0.0,0.0
2023-05-23 11:30:00-04:00,47.660099029541016,47.660099029541016,47.65999984741211,47.65999984741211,841,0.0,0.0,0.0
2023-05-23 12:30:00-04:00,47.61000061035156,47.61000061035156,47.61000061035156,47.61000061035156,141,0.0,0.0,0.0
2023-05-23 14:30:00-04:00,47.36000061035156,47.41999816894531,47.349998474121094,47.41999816894531,1015,0.0,0.0,0.0
2023-05-23 15:30:00-04:00,47.43000030517578,47.43000030517578,47.400001525878906,47.400001525878906,772,0.0,0.0,0.0
2023-05-24 11:30:00-04:00,46.890098571777344,46.890098571777344,46.86180114746094,46.86180114746094,0,0.0,0.0,0.0
2023-05-25 09:30:00-04:00,46.7599983215332,46.7599983215332,46.7599983215332,46.7599983215332,653,0.0,0.0,0.0
2023-05-25 11:30:00-04:00,46.58000183105469,46.634300231933594,46.5098991394043,46.634300231933594,2319,0.0,0.0,0.0
2023-05-26 09:30:00-04:00,46.83000183105469,46.83000183105469,46.83000183105469,46.83000183105469,0,0.0,0.0,0.0
2023-05-26 10:30:00-04:00,47.060001373291016,47.060001373291016,47.0099983215332,47.0099983215332,867,0.0,0.0,0.0
2023-05-26 11:30:00-04:00,46.8406982421875,46.8406982421875,46.8406982421875,46.8406982421875,209,0.0,0.0,0.0
2023-05-26 12:30:00-04:00,46.994998931884766,47.06869888305664,46.994998931884766,47.06869888305664,237,0.0,0.0,0.0
2023-05-30 09:30:00-04:00,47.08000183105469,47.08000183105469,46.97380065917969,46.97380065917969,0,0.0,0.0,0.0
2023-05-30 10:30:00-04:00,46.83000183105469,46.83000183105469,46.83000183105469,46.83000183105469,137,0.0,0.0,0.0
2023-05-30 11:30:00-04:00,46.88999938964844,46.88999938964844,46.83000183105469,46.869998931884766,2397,0.0,0.0,0.0
2023-05-30 13:30:00-04:00,46.779998779296875,46.779998779296875,46.779998779296875,46.779998779296875,122,0.0,0.0,0.0
2023-05-30 14:30:00-04:00,46.90010070800781,46.90010070800781,46.90010070800781,46.90010070800781,351,0.0,0.0,0.0
2023-05-30 15:30:00-04:00,46.88999938964844,46.90999984741211,46.88999938964844,46.90999984741211,396,0.0,0.0,0.0
2023-05-31 09:30:00-04:00,46.540000915527344,46.540000915527344,46.409000396728516,46.409000396728516,0,0.0,0.0,0.0
2023-05-31 10:30:00-04:00,46.38999938964844,46.38999938964844,46.38999938964844,46.38999938964844,0,0.0,0.0,0.0
2023-05-31 11:30:00-04:00,46.34989929199219,46.38999938964844,46.34989929199219,46.38999938964844,4556,0.0,0.0,0.0
2023-05-31 13:30:00-04:00,46.53889846801758,46.53889846801758,46.53889846801758,46.53889846801758,174,0.0,0.0,0.0
2023-05-31 14:30:00-04:00,46.47999954223633,46.47999954223633,46.47999954223633,46.47999954223633,122,0.0,0.0,0.0
2023-06-01 10:30:00-04:00,46.709999084472656,46.709999084472656,46.709999084472656,46.709999084472656,641,0.0,0.0,0.0
2023-06-01 12:30:00-04:00,46.809898376464844,46.81999969482422,46.809898376464844,46.81999969482422,618,0.0,0.0,0.0
2023-06-01 14:30:00-04:00,46.779998779296875,46.779998779296875,46.77949905395508,46.77949905395508,508,0.0,0.0,0.0
2023-06-01 15:30:00-04:00,46.70640182495117,46.72999954223633,46.70640182495117,46.70640182495117,410,0.0,0.0,0.0
2023-06-02 11:30:00-04:00,47.51060104370117,47.51060104370117,47.51060104370117,47.51060104370117,0,0.0,0.0,0.0
2023-06-02 12:30:00-04:00,47.689998626708984,47.720001220703125,47.689998626708984,47.720001220703125,526,0.0,0.0,0.0
2023-06-02 14:30:00-04:00,47.790000915527344,47.790000915527344,47.747798919677734,47.747798919677734,41852,0.0,0.0,0.0
2023-06-05 09:30:00-04:00,47.41999816894531,47.41999816894531,47.41999816894531,47.41999816894531,0,0.0,0.0,0.0
2023-06-05 11:30:00-04:00,47.60499954223633,47.60499954223633,47.60499954223633,47.60499954223633,255,0.0,0.0,0.0
2023-06-05 12:30:00-04:00,47.689998626708984,47.689998626708984,47.689998626708984,47.689998626708984,277,0.0,0.0,0.0
2023-06-05 13:30:00-04:00,47.619998931884766,47.619998931884766,47.52320098876953,47.52320098876953,588,0.0,0.0,0.0
2023-06-06 09:30:00-04:00,47.56169891357422,47.650001525878906,47.56169891357422,47.650001525878906,0,0.0,0.0,0.0
2023-06-06 10:30:00-04:00,47.649600982666016,47.649600982666016,47.649600982666016,47.649600982666016,551,0.0,0.0,0.0
2023-06-06 12:30:00-04:00,47.596900939941406,47.596900939941406,47.596900939941406,47.596900939941406,113,0.0,0.0,0.0
2023-06-06 13:30:00-04:00,47.561500549316406,47.561500549316406,47.54029846191406,47.54029846191406,739,0.0,0.0,0.0
2023-06-06 14:30:00-04:00,47.708900451660156,47.784698486328125,47.708900451660156,47.73500061035156,551,0.0,0.0,0.0
2023-06-07 14:30:00-04:00,48.04990005493164,48.04990005493164,48.04990005493164,48.04990005493164,0,0.0,0.0,0.0
2023-06-07 15:30:00-04:00,48.04999923706055,48.04999923706055,48.02000045776367,48.02000045776367,304,0.0,0.0,0.0
2023-06-08 09:30:00-04:00,48.0,48.0,48.0,48.0,2045,0.0,0.0,0.0
2023-06-08 10:30:00-04:00,48.040000915527344,48.04899978637695,48.03499984741211,48.04899978637695,1480,0.0,0.0,0.0
2023-06-08 11:30:00-04:00,48.0098991394043,48.02000045776367,48.0098991394043,48.02000045776367,3307,0.0,0.0,0.0
2023-06-08 12:30:00-04:00,48.11000061035156,48.11000061035156,48.10499954223633,48.10499954223633,388,0.0,0.0,0.0
2023-06-08 13:30:00-04:00,48.060001373291016,48.060001373291016,48.060001373291016,48.060001373291016,3361,0.0,0.0,0.0
2023-06-08 15:30:00-04:00,48.130401611328125,48.15999984741211,48.130401611328125,48.130401611328125,35388,0.0,0.0,0.0
2023-06-09 12:30:00-04:00,48.08000183105469,48.09280014038086,48.08000183105469,48.09280014038086,319,0.0,0.0,0.0
2023-06-09 14:30:00-04:00,48.100101470947266,48.13999938964844,48.099998474121094,48.11000061035156,1639,0.0,0.0,0.0
2023-06-09 15:30:00-04:00,48.12120056152344,48.12120056152344,48.09000015258789,48.118499755859375,3333,0.0,0.0,0.0
2023-06-12 09:30:00-04:00,47.97999954223633,48.150001525878906,47.97999954223633,48.150001525878906,0,0.0,0.0,0.0
2023-06-12 13:30:00-04:00,48.31999969482422,48.31999969482422,48.28010177612305,48.28010177612305,735,0.0,0.0,0.0
2023-06-12 14:30:00-04:00,48.3400993347168,48.4900016784668,48.34000015258789,48.41999816894531,1297,0.0,0.0,0.0
2023-06-12 15:30:00-04:00,48.41999816894531,48.41999816894531,48.41999816894531,48.41999816894531,201,0.0,0.0,0.0
2023-06-13 09:30:00-04:00,48.869998931884766,48.869998931884766,48.869998931884766,48.869998931884766,0,0.0,0.0,0.0
2023-06-13 10:30:00-04:00,48.810001373291016,48.84000015258789,48.77949905395508,48.77949905395508,23576,0.0,0.0,0.0
2023-06-13 13:30:00-04:00,48.907501220703125,48.907501220703125,48.8317985534668,48.847900390625,991,0.0,0.0,0.0
2023-06-14 09:30:00-04:00,49.02000045776367,49.02000045776367,48.90999984741211,48.90999984741211,0,0.0,0.0,0.0
2023-06-14 10:30:00-04:00,48.91999816894531,48.91999816894531,48.91999816894531,48.91999816894531,568,0.0,0.0,0.0
2023-06-14 11:30:00-04:00,48.95000076293945,48.95000076293945,48.95000076293945,48.95000076293945,283,0.0,0.0,0.0
2023-06-14 12:30:00-04:00,48.878299713134766,48.878299713134766,48.878299713134766,48.878299713134766,298,0.0,0.0,0.0
2023-06-14 13:30:00-04:00,48.5,48.5,48.5,48.5,377,0.0,0.0,0.0
2023-06-14 14:30:00-04:00,48.67499923706055,48.70009994506836,48.67499923706055,48.67499923706055,547,0.0,0.0,0.0
2023-06-15 09:30:00-04:00,48.380001068115234,48.65999984741211,48.380001068115234,48.65999984741211,0,0.0,0.0,0.0
2023-06-15 10:30:00-04:00,48.89080047607422,48.96009826660156,48.89080047607422,48.959999084472656,1473,0.0,0.0,0.0
2023-06-15 11:30:00-04:00,49.02000045776367,49.30820083618164,49.02000045776367,49.30820083618164,0,0.0,0.0,0.0
2023-06-16 09:30:00-04:00,49.40999984741211,49.40999984741211,49.36000061035156,49.40999984741211,4894,0.0,0.0,0.0
2023-06-16 10:30:00-04:00,49.400001525878906,49.438201904296875,49.400001525878906,49.438201904296875,394,0.0,0.0,0.0
2023-06-16 11:30:00-04:00,49.290000915527344,49.339900970458984,49.279998779296875,49.339900970458984,1619,0.0,0.0,0.0
2023-06-16 12:30:00-04:00,49.369998931884766,49.369998931884766,49.369998931884766,49.369998931884766,501,0.0,0.0,0.0
2023-06-16 13:30:00-04:00,49.31869888305664,49.31869888305664,49.304901123046875,49.304901123046875,1123,0.0,0.0,0.0
2023-06-20 09:30:00-04:00,48.77000045776367,48.77000045776367,48.77000045776367,48.77000045776367,0,0.0,0.0,0.0
2023-06-20 10:30:00-04:00,48.64870071411133,48.66999816894531,48.59000015258789,48.59000015258789,1551,0.0,0.0,0.0
2023-06-20 11:30:00-04:00,48.66999816894531,48.66999816894531,48.66999816894531,48.66999816894531,17977,0.0,0.0,0.0
2023-06-20 12:30:00-04:00,48.72999954223633,48.80550003051758,48.72999954223633,48.73830032348633,2243,0.0,0.0,0.0
2023-06-21 09:30:00-04:00,48.75,48.75,48.75,48.75,0,0.0,0.0,0.0
2023-06-21 14:30:00-04:00,48.779998779296875,48.779998779296875,48.647300720214844,48.647300720214844,380,0.0,0.0,0.0
2023-06-22 09:30:00-04:00,48.7400016784668,48.7400016784668,48.599998474121094,48.599998474121094,0,0.0,0.0,0.0
2023-06-22 10:30:00-04:00,48.61000061035156,48.61000061035156,48.5,48.5,9452,0.0,0.0,0.0
2023-06-22 11:30:00-04:00,48.58000183105469,48.58000183105469,48.54999923706055,48.54999923706055,247,0.0,0.0,0.0
2023-06-22 12:30:00-04:00,48.4900016784668,48.4900016784668,48.4900016784668,48.4900016784668,100,0.0,0.0,0.0
2023-06-22 13:30:00-04:00,48.54999923706055,48.54999923706055,48.54999923706055,48.54999923706055,110,0.0,0.0,0.0
2023-06-22 14:30:00-04:00,48.61000061035156,48.61000061035156,48.59450149536133,48.59450149536133,0,0.0,0.0,0.0
2023-06-23 09:30:00-04:00,48.63999938964844,48.63999938964844,48.2400016784668,48.2400016784668,1521,0.0,0.0,0.0
2023-06-23 10:30:00-04:00,48.40999984741211,48.439998626708984,48.40999984741211,48.43000030517578,3965,0.0,0.0,0.0
2023-06-23 12:30:00-04:00,48.459999084472656,48.459999084472656,48.459999084472656,48.459999084472656,265,0.0,0.0,0.0
2023-06-23 15:30:00-04:00,48.224998474121094,48.224998474121094,48.224998474121094,48.224998474121094,101,0.0,0.0,0.0
2023-06-26 09:30:00-04:00,48.459999084472656,48.459999084472656,48.459999084472656,48.459999084472656,914,0.0,0.0,0.0
2023-06-26 10:30:00-04:00,48.38999938964844,48.38999938964844,48.38999938964844,48.38999938964844,575,0.0,0.0,0.0
2023-06-26 11:30:00-04:00,48.43000030517578,48.43000030517578,48.42499923706055,48.43000030517578,1057,0.0,0.0,0.0
2023-06-26 12:30:00-04:00,48.426700592041016,48.426700592041016,48.426700592041016,48.426700592041016,722,0.0,0.0,0.0
2023-06-26 13:30:00-04:00,48.40060043334961,48.40060043334961,48.40060043334961,48.40060043334961,772,0.0,0.0,0.0
2023-06-26 14:30:00-04:00,48.45009994506836,48.45009994506836,48.45009994506836,48.45009994506836,296,0.0,0.0,0.0
2023-06-26 15:30:00-04:00,48.51959991455078,48.51959991455078,48.378501892089844,48.378501892089844,647,0.0,0.0,0.0
2023-06-27 09:30:00-04:00,48.38999938964844,48.599998474121094,48.38999938964844,48.599998474121094,0,0.0,0.0,0.0
2023-06-27 10:30:00-04:00,48.70989990234375,48.72999954223633,48.70989990234375,48.72999954223633,602,0.0,0.0,0.0
2023-06-27 14:30:00-04:00,48.970001220703125,48.970001220703125,48.95009994506836,48.95389938354492,2341,0.0,0.0,0.0
2023-06-27 15:30:00-04:00,49.0442008972168,49.0442008972168,48.98740005493164,48.98740005493164,2036,0.0,0.0,0.0
2023-06-28 09:30:00-04:00,49.22999954223633,49.22999954223633,48.83000183105469,48.83000183105469,0,0.0,0.0,0.0
2023-06-28 10:30:00-04:00,48.91210174560547,48.939998626708984,48.869998931884766,48.869998931884766,4564,0.0,0.0,0.0
2023-06-28 11:30:00-04:00,49.0099983215332,49.0099983215332,49.0099983215332,49.0099983215332,297,0.0,0.0,0.0
2023-06-28 12:30:00-04:00,48.84000015258789,48.93519973754883,48.84000015258789,48.93519973754883,0,0.0,0.0,0.0
2023-06-29 09:30:00-04:00,48.90999984741211,49.227699279785156,48.90999984741211,49.227699279785156,3607,0.0,0.0,0.0
2023-06-29 10:30:00-04:00,49.150001525878906,49.21500015258789,49.150001525878906,49.16999816894531,1508,0.0,0.0,0.0
2023-06-29 11:30:00-04:00,49.25600051879883,49.25600051879883,49.23500061035156,49.23500061035156,1011,0.0,0.0,0.0
2023-06-29 12:30:00-04:00,49.329498291015625,49.329498291015625,49.329498291015625,49.329498291015625,739,0.0,0.0,0.0
2023-06-29 14:30:00-04:00,49.25,49.31999969482422,49.189998626708984,49.31999969482422,14223,0.0,0.0,0.0
2023-06-29 15:30:00-04:00,49.31420135498047,49.31420135498047,49.31420135498047,49.31420135498047,0,0.0,0.0,0.0
2023-06-30 10:30:00-04:00,49.68000030517578,49.68009948730469,49.66999816894531,49.66999816894531,1445,0.0,0.0,0.0
2023-06-30 15:30:00-04:00,49.77000045776367,49.77000045776367,49.77000045776367,49.77000045776367,268,0.0,0.0,0.0
2023-07-03 09:30:00-04:00,49.66999816894531,49.75,49.66999816894531,49.70000076293945,2766,0.0,0.0,0.0
2023-07-03 12:30:00-04:00,49.810001373291016,49.839298248291016,49.810001373291016,49.839298248291016,510,0.0,0.0,0.0
2023-07-05 10:30:00-04:00,49.58000183105469,49.619998931884766,49.570098876953125,49.619998931884766,1016,0.0,0.0,0.0
2023-07-05 11:30:00-04:00,49.599998474121094,49.599998474121094,49.599998474121094,49.599998474121094,101,0.0,0.0,0.0
2023-07-05 12:30:00-04:00,49.5,49.54999923706055,49.5,49.54999923706055,1200,0.0,0.0,0.0
2023-07-05 13:30:00-04:00,49.55189895629883,49.55189895629883,49.55189895629883,49.55189895629883,465,0.0,0.0,0.0
2023-07-05 14:30:00-04:00,49.5099983215332,49.59989929199219,49.5099983215332,49.59989929199219,629,0.0,0.0,0.0
2023-07-05 15:30:00-04:00,49.540000915527344,49.59000015258789,49.540000915527344,49.554298400878906,0,0.0,0.0,0.0
2023-07-06 09:30:00-04:00,48.959999084472656,48.959999084472656,48.959999084472656,48.959999084472656,3223,0.0,0.0,0.0
2023-07-06 10:30:00-04:00,48.92499923706055,48.92499923706055,48.90610122680664,48.91999816894531,1546,0.0,0.0,0.0
2023-07-06 11:30:00-04:00,48.96009826660156,49.04899978637695,48.95000076293945,49.04899978637695,2437,0.0,0.0,0.0
2023-07-06 12:30:00-04:00,49.04010009765625,49.08000183105469,49.040000915527344,49.08000183105469,1007,0.0,0.0,0.0
2023-07-06 14:30:00-04:00,49.1349983215332,49.1349983215332,49.1349983215332,49.1349983215332,284,0.0,0.0,0.0
2023-07-06 15:30:00-04:00,49.16999816894531,49.205299377441406,49.16999816894531,49.205299377441406,0,0.0,0.0,0.0
2023-07-07 10:30:00-04:00,49.31869888305664,49.399898529052734,49.31869888305664,49.399898529052734,797,0.0,0.0,0.0
2023-07-07 13:30:00-04:00,49.540000915527344,49.540000915527344,49.53499984741211,49.540000915527344,631,0.0,0.0,0.0
2023-07-07 14:30:00-04:00,49.45009994506836,49.45009994506836,49.45000076293945,49.45000076293945,1779,0.0,0.0,0.0
2023-07-07 15:30:00-04:00,49.24879837036133,49.24879837036133,49.18000030517578,49.18000030517578,1425,0.0,0.0,0.0
2023-07-10 09:30:00-04:00,49.310001373291016,49.369998931884766,49.310001373291016,49.369998931884766,0,0.0,0.0,0.0
2023-07-10 10:30:00-04:00,49.58369827270508,49.625,49.58369827270508,49.625,633,0.0,0.0,0.0
2023-07-10 14:30:00-04:00,49.66999816894531,49.66999816894531,49.63999938964844,49.669700622558594,1735,0.0,0.0,0.0
2023-07-11 09:30:00-04:00,49.59000015258789,49.939998626708984,49.59000015258789,49.935001373291016,0,0.0,0.0,0.0
2023-07-11 10:30:00-04:00,49.872398376464844,49.90999984741211,49.872398376464844,49.90999984741211,4052,0.0,0.0,0.0
2023-07-11 13:30:00-04:00,49.915000915527344,49.939998626708984,49.915000915527344,49.93989944458008,479,0.0,0.0,0.0
2023-07-11 14:30:00-04:00,49.959999084472656,49.97999954223633,49.959999084472656,49.974998474121094,2599,0.0,0.0,0.0
2023-07-11 15:30:00-04:00,49.970001220703125,50.066200256347656,49.970001220703125,50.066200256347656,0,0.0,0.0,0.0
2023-07-12 09:30:00-04:00,50.363800048828125,50.363800048828125,50.363800048828125,50.363800048828125,149,0.0,0.0,0.0
2023-07-12 10:30:00-04:00,50.4099006652832,50.4099006652832,50.4099006652832,50.4099006652832,0,0.0,0.0,0.0
2023-07-12 12:30:00-04:00,50.18000030517578,50.21009826660156,50.18000030517578,50.20920181274414,6448,0.0,0.0,0.0
2023-07-12 15:30:00-04:00,50.13180160522461,50.13180160522461,50.13180160522461,50.13180160522461,0,0.0,0.0,0.0
2023-07-13 09:30:00-04:00,50.349998474121094,50.349998474121094,50.349998474121094,50.349998474121094,173,0.0,0.0,0.0
2023-07-13 11:30:00-04:00,50.38999938964844,50.400001525878906,50.36000061035156,50.400001525878906,7979,0.0,0.0,0.0
2023-07-13 13:30:00-04:00,50.38840103149414,50.38840103149414,50.38840103149414,50.38840103149414,166,0.0,0.0,0.0
2023-07-13 14:30:00-04:00,50.36000061035156,50.42499923706055,50.36000061035156,50.397300720214844,0,0.0,0.0,0.0
2023-07-14 10:30:00-04:00,50.130001068115234,50.20000076293945,50.130001068115234,50.19499969482422,481,0.0,0.0,0.0
2023-07-14 13:30:00-04:00,50.209999084472656,50.21189880371094,50.209999084472656,50.21189880371094,1367,0.0,0.0,0.0
2023-07-14 14:30:00-04:00,50.209999084472656,50.209999084472656,50.17679977416992,50.17679977416992,440,0.0,0.0,0.0
2023-07-17 09:30:00-04:00,50.279998779296875,50.279998779296875,50.279998779296875,50.279998779296875,0,0.0,0.0,0.0
2023-07-17 11:30:00-04:00,50.45500183105469,50.45500183105469,50.45500183105469,50.45500183105469,962,0.0,0.0,0.0
2023-07-17 12:30:00-04:00,50.477699279785156,50.477699279785156,50.477699279785156,50.477699279785156,379,0.0,0.0,0.0
2023-07-17 14:30:00-04:00,50.540000915527344,50.54010009765625,50.540000915527344,50.54010009765625,417,0.0,0.0,0.0
2023-07-17 15:30:00-04:00,50.564998626708984,50.58000183105469,50.470001220703125,50.470001220703125,0,0.0,0.0,0.0
2023-07-18 10:30:00-04:00,50.78099822998047,50.839900970458984,50.78099822998047,50.839900970458984,12,0.0,0.0,0.0
2023-07-19 09:30:00-04:00,50.92499923706055,50.92499923706055,50.92499923706055,50.92499923706055,619,0.0,0.0,0.0
2023-07-19 11:30:00-04:00,50.86759948730469,50.86759948730469,50.86759948730469,50.86759948730469,147,0.0,0.0,0.0
2023-07-19 12:30:00-04:00,50.849998474121094,50.849998474121094,50.849998474121094,50.849998474121094,171,0.0,0.0,0.0
2023-07-19 13:30:00-04:00,50.85100173950195,50.85100173950195,50.82389831542969,50.82389831542969,908,0.0,0.0,0.0
2023-07-19 14:30:00-04:00,50.90999984741211,50.935001373291016,50.90999984741211,50.935001373291016,533,0.0,0.0,0.0
2023-07-19 15:30:00-04:00,50.91999816894531,50.93040084838867,50.91999816894531,50.93040084838867,0,0.0,0.0,0.0
2023-07-20 10:30:00-04:00,50.79999923706055,50.80009841918945,50.7599983215332,50.78369903564453,1507,0.0,0.0,0.0
2023-07-20 12:30:00-04:00,50.81999969482422,50.83000183105469,50.81999969482422,50.83000183105469,688,0.0,0.0,0.0
2023-07-20 14:30:00-04:00,50.81999969482422,50.83000183105469,50.75090026855469,50.75090026855469,0,0.0,0.0,0.0
2023-07-21 09:30:00-04:00,50.7400016784668,50.83000183105469,50.7400016784668,50.83000183105469,0,0.0,0.0,0.0
2023-07-21 10:30:00-04:00,50.79499816894531,50.79499816894531,50.79499816894531,50.79499816894531,2009,0.0,0.0,0.0
2023-07-21 13:30:00-04:00,50.75,50.7599983215332,50.619598388671875,50.619598388671875,532,0.0,0.0,0.0
2023-07-24 09:30:00-04:00,50.619998931884766,50.810001373291016,50.619998931884766,50.810001373291016,0,0.0,0.0,0.0
2023-07-24 10:30:00-04:00,50.650001525878906,50.650001525878906,50.650001525878906,50.650001525878906,3433,0.0,0.0,0.0
2023-07-24 12:30:00-04:00,50.65999984741211,50.66999816894531,50.65999984741211,50.66999816894531,418,0.0,0.0,0.0
2023-07-24 13:30:00-04:00,50.72999954223633,50.72999954223633,50.72999954223633,50.72999954223633,277,0.0,0.0,0.0
2023-07-24 15:30:00-04:00,50.65999984741211,50.65999984741211,50.630001068115234,50.630001068115234,0,0.0,0.0,0.0
2023-07-25 09:30:00-04:00,50.84000015258789,50.84000015258789,50.84000015258789,50.84000015258789,0,0.0,0.0,0.0
2023-07-25 11:30:00-04:00,50.86130142211914,50.86130142211914,50.86130142211914,50.86130142211914,862,0.0,0.0,0.0
2023-07-25 12:30:00-04:00,50.86909866333008,50.86909866333008,50.86909866333008,50.86909866333008,138,0.0,0.0,0.0
2023-07-25 15:30:00-04:00,50.8849983215332,50.8849983215332,50.85919952392578,50.85919952392578,0,0.0,0.0,0.0
2023-07-26 10:30:00-04:00,50.68000030517578,50.68000030517578,50.68000030517578,50.68000030517578,502,0.0,0.0,0.0
2023-07-26 11:30:00-04:00,50.5900993347168,50.5900993347168,50.5900993347168,50.5900993347168,788,0.0,0.0,0.0
2023-07-26 14:30:00-04:00,50.812198638916016,50.869998931884766,50.58000183105469,50.650001525878906,1907,0.0,0.0,0.0
2023-07-26 15:30:00-04:00,50.67499923706055,50.72999954223633,50.67499923706055,50.67499923706055,216,0.0,0.0,0.0
2023-07-27 09:30:00-04:00,50.999900817871094,50.999900817871094,50.781700134277344,50.781700134277344,0,0.0,0.0,0.0
2023-07-27 10:30:00-04:00,50.880001068115234,50.880001068115234,50.880001068115234,50.880001068115234,2566,0.0,0.0,0.0
2023-07-27 13:30:00-04:00,50.630001068115234,50.630001068115234,50.630001068115234,50.630001068115234,235,0.0,0.0,0.0
2023-07-27 14:30:00-04:00,50.35350036621094,50.35350036621094,50.35350036621094,50.35350036621094,0,0.0,0.0,0.0
2023-07-28 09:30:00-04:00,50.63999938964844,50.6973991394043,50.63999938964844,50.6973991394043,795,0.0,0.0,0.0
2023-07-28 10:30:00-04:00,50.619998931884766,50.619998931884766,50.59049987792969,50.59049987792969,2355,0.0,0.0,0.0
2023-07-31 09:30:00-04:00,50.66019821166992,50.685001373291016,50.66019821166992,50.685001373291016,0,0.0,0.0,0.0
2023-07-31 13:30:00-04:00,50.55059814453125,50.55059814453125,50.55059814453125,50.55059814453125,0,0.0,0.0,0.0
2023-07-31 15:30:00-04:00,50.65230178833008,50.65230178833008,50.65230178833008,50.65230178833008,242,0.0,0.0,0.0
2023-08-01 14:30:00-04:00,50.63999938964844,50.64419937133789,50.63999938964844,50.64419937133789,169,0.0,0.0,0.0
2023-08-02 09:30:00-04:00,50.470001220703125,50.470001220703125,50.470001220703125,50.470001220703125,234,0.0,0.0,0.0
2023-08-02 11:30:00-04:00,50.360599517822266,50.360599517822266,50.340301513671875,50.340301513671875,0,0.0,0.0,0.0
2023-08-03 09:30:00-04:00,50.27000045776367,50.27000045776367,50.189998626708984,50.189998626708984,4150,0.0,0.0,0.0
2023-08-03 10:30:00-04:00,50.11000061035156,50.11000061035156,50.11000061035156,50.11000061035156,3171,0.0,0.0,0.0
2023-08-03 12:30:00-04:00,50.349998474121094,50.349998474121094,50.349998474121094,50.349998474121094,1830,0.0,0.0,0.0
2023-08-03 15:30:00-04:00,50.36899948120117,50.36899948120117,50.36899948120117,50.36899948120117,103,0.0,0.0,0.0
2023-08-04 09:30:00-04:00,50.310001373291016,50.387001037597656,50.2599983215332,50.387001037597656,0,0.0,0.0,0.0
2023-08-04 10:30:00-04:00,50.47999954223633,50.47999954223633,50.47999954223633,50.47999954223633,291,0.0,0.0,0.0
2023-08-04 12:30:00-04:00,50.57500076293945,50.57500076293945,50.57500076293945,50.57500076293945,307,0.0,0.0,0.0
2023-08-04 15:30:00-04:00,50.08000183105469,50.083900451660156,50.08000183105469,50.083900451660156,114,0.0,0.0,0.0
2023-08-07 09:30:00-04:00,50.536598205566406,50.536598205566406,50.536598205566406,50.536598205566406,294,0.0,0.0,0.0
2023-08-07 10:30:00-04:00,50.47999954223633,50.47999954223633,50.47999954223633,50.47999954223633,100,0.0,0.0,0.0
2023-08-07 12:30:00-04:00,50.520301818847656,50.55500030517578,50.520301818847656,50.55500030517578,592,0.0,0.0,0.0
2023-08-07 13:30:00-04:00,50.564998626708984,50.588401794433594,50.564998626708984,50.58409881591797,338,0.0,0.0,0.0
2023-08-08 09:30:00-04:00,50.41999816894531,50.41999816894531,50.08000183105469,50.08000183105469,0,0.0,0.0,0.0
2023-08-08 10:30:00-04:00,50.08000183105469,50.097999572753906,50.08000183105469,50.097999572753906,3367,0.0,0.0,0.0
2023-08-08 11:30:00-04:00,50.40190124511719,50.40190124511719,50.40190124511719,50.40190124511719,0,0.0,0.0,0.0
2023-08-09 11:30:00-04:00,50.459999084472656,50.459999084472656,50.459999084472656,50.459999084472656,171,0.0,0.0,0.0
2023-08-09 14:30:00-04:00,50.58000183105469,50.58000183105469,50.311100006103516,50.311100006103516,0,0.0,0.0,0.0
2023-08-10 09:30:00-04:00,50.7599983215332,50.7599983215332,50.7599983215332,50.7599983215332,268,0.0,0.0,0.0
2023-08-10 10:30:00-04:00,50.65999984741211,50.65999984741211,50.65999984741211,50.65999984741211,786,0.0,0.0,0.0
2023-08-10 13:30:00-04:00,50.37969970703125,50.3849983215332,50.37969970703125,50.3849983215332,317,0.0,0.0,0.0
2023-08-10 14:30:00-04:00,50.40999984741211,50.43989944458008,50.33399963378906,50.33399963378906,0,0.0,0.0,0.0
2023-08-11 11:30:00-04:00,50.40079879760742,50.40079879760742,50.40079879760742,50.40079879760742,276,0.0,0.0,0.0
2023-08-11 12:30:00-04:00,50.3760986328125,50.3760986328125,50.3760986328125,50.3760986328125,714,0.0,0.0,0.0
2023-08-11 13:30:00-04:00,50.39979934692383,50.39979934692383,50.30030059814453,50.30030059814453,449,0.0,0.0,0.0
2023-08-11 14:30:00-04:00,50.47999954223633,50.47999954223633,50.39059829711914,50.39059829711914,220,0.0,0.0,0.0
2023-08-14 09:30:00-04:00,50.32699966430664,50.380001068115234,50.32699966430664,50.380001068115234,1957,0.0,0.0,0.0
2023-08-14 10:30:00-04:00,50.400001525878906,50.400001525878906,50.400001525878906,50.400001525878906,508,0.0,0.0,0.0
2023-08-14 14:30:00-04:00,50.43000030517578,50.50450134277344,50.43000030517578,50.50450134277344,0,0.0,0.0,0.0
2023-08-15 10:30:00-04:00,50.11000061035156,50.11000061035156,50.11000061035156,50.11000061035156,706,0.0,0.0,0.0
2023-08-15 11:30:00-04:00,50.02000045776367,50.02000045776367,50.02000045776367,50.02000045776367,20026,0.0,0.0,0.0
2023-08-15 13:30:00-04:00,49.97159957885742,49.97159957885742,49.97159957885742,49.97159957885742,0,0.0,0.0,0.0
2023-08-16 09:30:00-04:00,49.720001220703125,50.029998779296875,49.720001220703125,50.029998779296875,18626,0.0,0.0,0.0
2023-08-16 10:30:00-04:00,50.040000915527344,50.040000915527344,50.029998779296875,50.040000915527344,845,0.0,0.0,0.0
2023-08-16 11:30:00-04:00,49.9099006652832,49.9099006652832,49.9099006652832,49.9099006652832,174,0.0,0.0,0.0
2023-08-16 13:30:00-04:00,49.847900390625,49.847900390625,49.580101013183594,49.580101013183594,0,0.0,0.0,0.0
2023-08-17 09:30:00-04:00,49.709999084472656,49.720001220703125,49.65999984741211,49.660099029541016,1333,0.0,0.0,0.0
2023-08-17 10:30:00-04:00,49.630001068115234,49.630001068115234,49.470001220703125,49.482200622558594,8187,0.0,0.0,0.0
2023-08-17 11:30:00-04:00,49.5,49.5,49.5,49.5,621,0.0,0.0,0.0
2023-08-17 14:30:00-04:00,49.20000076293945,49.20000076293945,49.20000076293945,49.20000076293945,207,0.0,0.0,0.0
2023-08-17 15:30:00-04:00,49.12900161743164,49.12900161743164,49.12900161743164,49.12900161743164,0,0.0,0.0,0.0
2023-08-18 09:30:00-04:00,49.099998474121094,49.099998474121094,49.040000915527344,49.040000915527344,15833,0.0,0.0,0.0
2023-08-18 11:30:00-04:00,49.29999923706055,49.29999923706055,49.29999923706055,49.29999923706055,212,0.0,0.0,0.0
2023-08-18 12:30:00-04:00,49.237300872802734,49.237300872802734,49.237300872802734,49.237300872802734,217,0.0,0.0,0.0
2023-08-18 13:30:00-04:00,49.13999938964844,49.20989990234375,49.13999938964844,49.20989990234375,507,0.0,0.0,0.0
2023-08-21 09:30:00-04:00,49.150001525878906,49.150001525878906,49.150001525878906,49.150001525878906,0,0.0,0.0,0.0
2023-08-21 11:30:00-04:00,49.27410125732422,49.27410125732422,49.27410125732422,49.27410125732422,0,0.0,0.0,0.0
2023-08-22 09:30:00-04:00,49.2598991394043,49.2598991394043,49.20000076293945,49.20000076293945,10282,0.0,0.0,0.0
2023-08-22 10:30:00-04:00,49.181800842285156,49.21500015258789,49.181800842285156,49.21500015258789,502,0.0,0.0,0.0
2023-08-22 12:30:00-04:00,49.22999954223633,49.22999954223633,49.22999954223633,49.22999954223633,866,0.0,0.0,0.0
2023-08-22 14:30:00-04:00,49.11050033569336,49.11050033569336,49.11050033569336,49.11050033569336,147,0.0,0.0,0.0
2023-08-22 15:30:00-04:00,49.09590148925781,49.09590148925781,49.09590148925781,49.09590148925781,0,0.0,0.0,0.0
2023-08-23 09:30:00-04:00,49.33000183105469,49.33000183105469,49.290000915527344,49.290000915527344,14548,0.0,0.0,0.0
2023-08-23 10:30:00-04:00,49.25,49.345001220703125,49.25,49.345001220703125,839,0.0,0.0,0.0
2023-08-23 11:30:00-04:00,49.407901763916016,49.41849899291992,49.380001068115234,49.41849899291992,1092,0.0,0.0,0.0
2023-08-23 12:30:00-04:00,49.45000076293945,49.50910186767578,49.43000030517578,49.50910186767578,5032,0.0,0.0,0.0
2023-08-23 14:30:00-04:00,49.560001373291016,49.58000183105469,49.499000549316406,49.499000549316406,0,0.0,0.0,0.0
2023-08-24 09:30:00-04:00,49.68000030517578,49.68000030517578,49.68000030517578,49.68000030517578,13628,0.0,0.0,0.0
2023-08-24 10:30:00-04:00,49.459999084472656,49.459999084472656,49.459999084472656,49.459999084472656,727,0.0,0.0,0.0
2023-08-24 11:30:00-04:00,49.400001525878906,49.400001525878906,49.369998931884766,49.369998931884766,1094,0.0,0.0,0.0
2023-08-24 13:30:00-04:00,49.30139923095703,49.31460189819336,49.1432991027832,49.1432991027832,0,0.0,0.0,0.0
2023-08-25 09:30:00-04:00,49.349998474121094,49.41999816894531,49.349998474121094,49.41999816894531,11065,0.0,0.0,0.0
2023-08-25 12:30:00-04:00,49.35499954223633,49.35499954223633,49.35499954223633,49.35499954223633,439,0.0,0.0,0.0
2023-08-25 13:30:00-04:00,49.220401763916016,49.4213981628418,49.220401763916016,49.4213981628418,523,0.0,0.0,0.0
2023-08-28 09:30:00-04:00,49.79999923706055,49.900001525878906,49.79999923706055,49.900001525878906,0,0.0,0.0,0.0
2023-08-28 10:30:00-04:00,49.780799865722656,49.780799865722656,49.780799865722656,49.780799865722656,695,0.0,0.0,0.0
2023-08-28 11:30:00-04:00,49.709999084472656,49.71009826660156,49.709999084472656,49.71009826660156,0,0.0,0.0,0.0
2023-08-28 13:30:00-04:00,49.66999816894531,49.66999816894531,49.66999816894531,49.66999816894531,2474,0.0,0.0,0.0
2023-08-28 14:30:00-04:00,49.72999954223633,49.781700134277344,49.72990036010742,49.781700134277344,2135,0.0,0.0,0.0
2023-08-29 09:30:00-04:00,49.9900016784668,49.9900016784668,49.849998474121094,49.9900016784668,29269,0.0,0.0,0.0
2023-08-29 11:30:00-04:00,50.279998779296875,50.279998779296875,50.279998779296875,50.279998779296875,114,0.0,0.0,0.0
2023-08-29 13:30:00-04:00,50.33000183105469,50.33000183105469,50.33000183105469,50.33000183105469,403,0.0,0.0,0.0
2023-08-29 14:30:00-04:00,50.310001373291016,50.31999969482422,50.310001373291016,50.310001373291016,799,0.0,0.0,0.0
2023-08-29 15:30:00-04:00,50.37900161743164,50.37900161743164,50.37900161743164,50.37900161743164,0,0.0,0.0,0.0
2023-08-30 09:30:00-04:00,50.27000045776367,50.459999084472656,50.27000045776367,50.35499954223633,1349,0.0,0.0,0.0
2023-08-30 10:30:00-04:00,50.439998626708984,50.46009826660156,50.439998626708984,50.46009826660156,623,0.0,0.0,0.0
2023-08-30 11:30:00-04:00,50.56999969482422,50.57899856567383,50.564998626708984,50.57899856567383,1348,0.0,0.0,0.0
2023-08-30 12:30:00-04:00,50.56999969482422,50.56999969482422,50.56999969482422,50.56999969482422,114,0.0,0.0,0.0
2023-08-30 13:30:00-04:00,50.444698333740234,50.444698333740234,50.444698333740234,50.444698333740234,297,0.0,0.0,0.0
2023-08-30 15:30:00-04:00,50.5,50.52000045776367,50.473201751708984,50.473201751708984,0,0.0,0.0,0.0
2023-08-31 09:30:00-04:00,50.54499816894531,50.643001556396484,50.40620040893555,50.40620040893555,112,0.0,0.0,0.0
2023-09-01 09:30:00-04:00,50.709999084472656,50.709999084472656,50.709999084472656,50.709999084472656,9389,0.0,0.0,0.0
2023-09-01 10:30:00-04:00,50.66999816894531,50.66999816894531,50.66999816894531,50.66999816894531,242,0.0,0.0,0.0
2023-09-01 12:30:00-04:00,50.54999923706055,50.54999923706055,50.54999923706055,50.54999923706055,100,0.0,0.0,0.0
2023-09-01 13:30:00-04:00,50.49140167236328,50.52000045776367,50.49140167236328,50.50899887084961,3614,0.0,0.0,0.0
2023-09-01 14:30:00-04:00,50.5,50.5,50.5,50.5,189,0.0,0.0,0.0
2023-09-01 15:30:00-04:00,50.529998779296875,50.55799865722656,50.529998779296875,50.55799865722656,157,0.0,0.0,0.0
2023-09-05 09:30:00-04:00,50.03099822998047,50.03099822998047,50.0099983215332,50.01169967651367,0,0.0,0.0,0.0
2023-09-05 11:30:00-04:00,50.08000183105469,50.08000183105469,50.0343017578125,50.0343017578125,410,0.0,0.0,0.0
2023-09-05 13:30:00-04:00,50.02980041503906,50.02980041503906,50.02980041503906,50.02980041503906,156,0.0,0.0,0.0
2023-09-05 15:30:00-04:00,49.959999084472656,49.959999084472656,49.890499114990234,49.890499114990234,644,0.0,0.0,0.0
2023-09-06 09:30:00-04:00,49.7400016784668,49.91999816894531,49.7400016784668,49.91999816894531,0,0.0,0.0,0.0
2023-09-06 10:30:00-04:00,49.74679946899414,49.76319885253906,49.74679946899414,49.76319885253906,1758,0.0,0.0,0.0
2023-09-06 13:30:00-04:00,49.71989822387695,49.71989822387695,49.71989822387695,49.71989822387695,238,0.0,0.0,0.0
2023-09-06 15:30:00-04:00,49.689998626708984,49.722801208496094,49.689998626708984,49.722801208496094,0,0.0,0.0,0.0
2023-09-07 09:30:00-04:00,49.46139907836914,49.46139907836914,49.46139907836914,49.46139907836914,177,0.0,0.0,0.0
2023-09-07 10:30:00-04:00,49.439998626708984,49.439998626708984,49.439998626708984,49.439998626708984,136,0.0,0.0,0.0
2023-09-07 11:30:00-04:00,49.60020065307617,49.60020065307617,49.54999923706055,49.54999923706055,513,0.0,0.0,0.0
2023-09-07 15:30:00-04:00,49.59000015258789,49.599998474121094,49.577301025390625,49.577301025390625,0,0.0,0.0,0.0
2023-09-08 10:30:00-04:00,49.79999923706055,49.80009841918945,49.79999923706055,49.80009841918945,464,0.0,0.0,0.0
2023-09-08 12:30:00-04:00,49.810001373291016,49.810001373291016,49.810001373291016,49.810001373291016,195,0.0,0.0,0.0
2023-09-08 13:30:00-04:00,49.779998779296875,49.779998779296875,49.779998779296875,49.779998779296875,111,0.0,0.0,0.0
2023-09-08 14:30:00-04:00,49.66999816894531,49.66999816894531,49.66999816894531,49.66999816894531,137,0.0,0.0,0.0
2023-09-11 09:30:00-04:00,49.90999984741211,49.90999984741211,49.90999984741211,49.90999984741211,5482,0.0,0.0,0.0
2023-09-11 10:30:00-04:00,49.869998931884766,49.93000030517578,49.869998931884766,49.904998779296875,950,0.0,0.0,0.0
2023-09-11 13:30:00-04:00,49.88029861450195,49.91999816894531,49.88029861450195,49.89849853515625,1303,0.0,0.0,0.0
2023-09-11 15:30:00-04:00,49.869998931884766,49.869998931884766,49.867801666259766,49.867801666259766,393,0.0,0.0,0.0
2023-09-12 09:30:00-04:00,49.959999084472656,49.959999084472656,49.959999084472656,49.959999084472656,0,0.0,0.0,0.0
2023-09-12 10:30:00-04:00,49.779998779296875,49.81990051269531,49.779998779296875,49.81990051269531,3243,0.0,0.0,0.0
2023-09-12 11:30:00-04:00,49.79999923706055,49.79999923706055,49.79999923706055,49.79999923706055,1740,0.0,0.0,0.0
2023-09-12 13:30:00-04:00,49.7400016784668,49.7400016784668,49.7400016784668,49.7400016784668,231,0.0,0.0,0.0
2023-09-12 14:30:00-04:00,49.720001220703125,49.720001220703125,49.56999969482422,49.56999969482422,404,0.0,0.0,0.0
2023-09-12 15:30:00-04:00,49.58000183105469,49.62409973144531,49.58000183105469,49.58000183105469,111,0.0,0.0,0.0
2023-09-13 10:30:00-04:00,49.55649948120117,49.599998474121094,49.55649948120117,49.599998474121094,604,0.0,0.0,0.0
2023-09-13 12:30:00-04:00,49.5265007019043,49.5265007019043,49.46739959716797,49.46739959716797,363,0.0,0.0,0.0
2023-09-14 09:30:00-04:00,49.38999938964844,49.72999954223633,49.38999938964844,49.66429901123047,1811,0.0,0.0,0.0
2023-09-14 10:30:00-04:00,49.70000076293945,49.75,49.70000076293945,49.75,922,0.0,0.0,0.0
2023-09-14 11:30:00-04:00,49.720001220703125,49.72999954223633,49.720001220703125,49.72999954223633,1465,0.0,0.0,0.0
2023-09-14 12:30:00-04:00,49.85319900512695,49.85319900512695,49.85319900512695,49.85319900512695,618,0.0,0.0,0.0
2023-09-14 14:30:00-04:00,49.86000061035156,49.888301849365234,49.86000061035156,49.888301849365234,197,0.0,0.0,0.0
2023-09-15 09:30:00-04:00,50.13999938964844,50.13999938964844,49.7588005065918,49.7588005065918,4808,0.0,0.0,0.0
2023-09-15 12:30:00-04:00,49.380001068115234,49.380001068115234,49.380001068115234,49.380001068115234,352,0.0,0.0,0.0
2023-09-15 14:30:00-04:00,49.36000061035156,49.369998931884766,49.36000061035156,49.369998931884766,2438,0.0,0.0,0.0
2023-09-18 09:30:00-04:00,49.45000076293945,49.45000076293945,49.45000076293945,49.45000076293945,0,0.0,0.0,0.0
2023-09-18 10:30:00-04:00,49.52080154418945,49.54999923706055,49.52080154418945,49.540000915527344,1186,0.0,0.0,0.0
2023-09-18 13:30:00-04:00,49.6150016784668,49.6150016784668,49.52090072631836,49.52090072631836,0,0.0,0.0,0.0
2023-09-19 09:30:00-04:00,49.380001068115234,49.380001068115234,49.380001068115234,49.380001068115234,724,0.0,0.0,0.0
2023-09-19 10:30:00-04:00,49.36989974975586,49.36989974975586,49.279998779296875,49.279998779296875,554,0.0,0.0,0.0
2023-09-19 13:30:00-04:00,49.29999923706055,49.33000183105469,49.29999923706055,49.33000183105469,398,0.0,0.0,0.0
2023-09-19 14:30:00-04:00,49.484798431396484,49.484798431396484,49.484798431396484,49.484798431396484,286,0.0,0.0,0.0
2023-09-19 15:30:00-04:00,49.519901275634766,49.519901275634766,49.46329879760742,49.46329879760742,0,0.0,0.0,0.0
2023-09-20 09:30:00-04:00,49.83000183105469,49.83000183105469,49.83000183105469,49.83000183105469,419,0.0,0.0,0.0
2023-09-20 10:30:00-04:00,49.7599983215332,49.77000045776367,49.7599983215332,49.7599983215332,1372,0.0,0.0,0.0
2023-09-20 12:30:00-04:00,49.863399505615234,49.863399505615234,49.81999969482422,49.81999969482422,1221,0.0,0.0,0.0
2023-09-20 13:30:00-04:00,49.72999954223633,49.72999954223633,49.4026985168457,49.4026985168457,176,0.0,0.0,0.0
2023-09-21 09:30:00-04:00,48.88999938964844,48.88999938964844,48.869998931884766,48.869998931884766,0,0.0,0.0,0.0
2023-09-21 10:30:00-04:00,48.880001068115234,48.899898529052734,48.75529861450195,48.75529861450195,822,0.0,0.0,0.0
2023-09-22 09:30:00-04:00,48.81999969482422,48.81999969482422,48.790000915527344,48.790000915527344,416,0.0,0.0,0.0
2023-09-22 10:30:00-04:00,48.86000061035156,48.86000061035156,48.86000061035156,48.86000061035156,3178,0.0,0.0,0.0
2023-09-22 11:30:00-04:00,48.81999969482422,48.81999969482422,48.80500030517578,48.80500030517578,831,0.0,0.0,0.0
2023-09-22 14:30:00-04:00,48.66999816894531,48.66999816894531,48.615699768066406,48.66999816894531,420,0.0,0.0,0.0
2023-09-25 09:30:00-04:00,48.650001525878906,48.650001525878906,48.650001525878906,48.650001525878906,0,0.0,0.0,0.0
2023-09-25 10:30:00-04:00,48.66999816894531,48.709999084472656,48.650001525878906,48.68000030517578,7790,0.0,0.0,0.0
2023-09-25 11:30:00-04:00,48.84000015258789,48.849998474121094,48.84000015258789,48.849998474121094,238,0.0,0.0,0.0
2023-09-25 12:30:00-04:00,48.880001068115234,48.880001068115234,48.77000045776367,48.80500030517578,4139,0.0,0.0,0.0
2023-09-25 13:30:00-04:00,48.849998474121094,48.849998474121094,48.849998474121094,48.849998474121094,112,0.0,0.0,0.0
2023-09-25 14:30:00-04:00,48.7599983215332,48.7599983215332,48.7599983215332,48.7599983215332,135,0.0,0.0,0.0
2023-09-25 15:30:00-04:00,48.82500076293945,48.82500076293945,48.82500076293945,48.82500076293945,506,0.0,0.0,0.0
2023-09-26 09:30:00-04:00,48.880001068115234,48.880001068115234,48.720001220703125,48.72999954223633,0,0.0,0.0,0.0
2023-09-26 11:30:00-04:00,48.44499969482422,48.44499969482422,48.41999816894531,48.41999816894531,596,0.0,0.0,0.0
2023-09-26 15:30:00-04:00,48.27000045776367,48.27000045776367,48.25,48.25,554,0.0,0.0,0.0
2023-09-27 09:30:00-04:00,48.66999816894531,48.66999816894531,48.46760177612305,48.4900016784668,8787,0.0,0.0,0.0
2023-09-27 10:30:00-04:00,48.459999084472656,48.459999084472656,48.439998626708984,48.439998626708984,735,0.0,0.0,0.0
2023-09-27 11:30:00-04:00,48.279998779296875,48.279998779296875,48.279998779296875,48.279998779296875,329,0.0,0.0,0.0
2023-09-27 12:30:00-04:00,48.2400016784668,48.37310028076172,48.2400016784668,48.37310028076172,601,0.0,0.0,0.0
2023-09-28 09:30:00-04:00,48.099998474121094,48.66999816894531,48.099998474121094,48.66999816894531,0,0.0,0.0,0.0
2023-09-28 10:30:00-04:00,48.81829833984375,48.84000015258789,48.81829833984375,48.829498291015625,413,0.0,0.0,0.0
2023-09-28 11:30:00-04:00,48.900001525878906,48.900001525878906,48.900001525878906,48.900001525878906,379,0.0,0.0,0.0
2023-09-28 12:30:00-04:00,48.96500015258789,48.96500015258789,48.96500015258789,48.96500015258789,109,0.0,0.0,0.0
2023-09-28 13:30:00-04:00,48.869998931884766,48.869998931884766,48.850101470947266,48.850101470947266,622,0.0,0.0,0.0
2023-09-28 14:30:00-04:00,48.849998474121094,48.90999984741211,48.849998474121094,48.90999984741211,516,0.0,0.0,0.0
2023-09-29 09:30:00-04:00,49.08000183105469,49.08000183105469,48.99020004272461,49.0099983215332,0,0.0,0.0,0.0
2023-09-29 10:30:00-04:00,49.029300689697266,49.029300689697266,48.959999084472656,48.959999084472656,566,0.0,0.0,0.0
2023-09-29 11:30:00-04:00,49.0099983215332,49.0099983215332,49.0099983215332,49.0099983215332,363,0.0,0.0,0.0
2023-09-29 13:30:00-04:00,48.63999938964844,48.6422004699707,48.6349983215332,48.6422004699707,269,0.0,0.0,0.0
2023-10-02 09:30:00-04:00,48.54999923706055,48.630001068115234,48.54999923706055,48.62990188598633,0,0.0,0.0,0.0
2023-10-02 10:30:00-04:00,48.5099983215332,48.5099983215332,48.4900016784668,48.505001068115234,8475,0.0,0.0,0.0
2023-10-02 11:30:00-04:00,48.4900016784668,48.4900016784668,48.39500045776367,48.39500045776367,422,0.0,0.0,0.0
2023-10-02 14:30:00-04:00,48.31999969482422,48.31999969482422,48.31999969482422,48.31999969482422,237,0.0,0.0,0.0
2023-10-02 15:30:00-04:00,48.36009979248047,48.3916015625,48.36009979248047,48.3916015625,252,0.0,0.0,0.0
2023-10-03 09:30:00-04:00,48.40999984741211,48.40999984741211,48.040000915527344,48.060001373291016,0,0.0,0.0,0.0
2023-10-03 10:30:00-04:00,48.009300231933594,48.009300231933594,47.970001220703125,47.970001220703125,1582,0.0,0.0,0.0
2023-10-03 13:30:00-04:00,47.83219909667969,47.83219909667969,47.83219909667969,47.83219909667969,156,0.0,0.0,0.0
2023-10-03 14:30:00-04:00,47.855499267578125,47.855499267578125,47.855499267578125,47.855499267578125,214,0.0,0.0,0.0
2023-10-04 09:30:00-04:00,48.220001220703125,48.220001220703125,48.220001220703125,48.220001220703125,0,0.0,0.0,0.0
2023-10-04 10:30:00-04:00,47.810001373291016,47.877498626708984,47.810001373291016,47.877498626708984,2476,0.0,0.0,0.0
2023-10-04 11:30:00-04:00,48.029998779296875,48.1349983215332,48.029998779296875,48.1349983215332,496,0.0,0.0,0.0
2023-10-04 13:30:00-04:00,48.02080154418945,48.02080154418945,48.0,48.0,861,0.0,0.0,0.0
2023-10-04 15:30:00-04:00,48.2599983215332,48.2599983215332,48.24760055541992,48.24760055541992,0,0.0,0.0,0.0
2023-10-05 09:30:00-04:00,48.179901123046875,48.179901123046875,48.06999969482422,48.06999969482422,7909,0.0,0.0,0.0
2023-10-05 10:30:00-04:00,47.880001068115234,47.880001068115234,47.880001068115234,47.880001068115234,270,0.0,0.0,0.0
2023-10-05 12:30:00-04:00,47.89500045776367,47.89500045776367,47.89500045776367,47.89500045776367,352,0.0,0.0,0.0
2023-10-05 13:30:00-04:00,48.025001525878906,48.05500030517578,48.025001525878906,48.05500030517578,1341,0.0,0.0,0.0
2023-10-05 14:30:00-04:00,48.08000183105469,48.130001068115234,48.030601501464844,48.030601501464844,0,0.0,0.0,0.0
2023-10-06 09:30:00-04:00,47.9900016784668,47.9900016784668,47.74319839477539,47.75,1709,0.0,0.0,0.0
2023-10-06 10:30:00-04:00,47.9468994140625,47.9468994140625,47.9468994140625,47.9468994140625,162,0.0,0.0,0.0
2023-10-06 11:30:00-04:00,48.527000427246094,48.53499984741211,48.527000427246094,48.53499984741211,330,0.0,0.0,0.0
2023-10-06 12:30:00-04:00,48.494998931884766,48.494998931884766,48.494998931884766,48.494998931884766,251,0.0,0.0,0.0
2023-10-06 14:30:00-04:00,48.63999938964844,48.66999816894531,48.58000183105469,48.58000183105469,2286,0.0,0.0,0.0
2023-10-06 15:30:00-04:00,48.564998626708984,48.564998626708984,48.44919967651367,48.44919967651367,165,0.0,0.0,0.0
2023-10-09 12:30:00-04:00,48.471900939941406,48.54999923706055,48.471900939941406,48.54999923706055,207,0.0,0.0,0.0
2023-10-09 13:30:00-04:00,48.81209945678711,48.81209945678711,48.779998779296875,48.779998779296875,608,0.0,0.0,0.0
2023-10-09 14:30:00-04:00,48.83000183105469,48.84000015258789,48.83000183105469,48.84000015258789,209,0.0,0.0,0.0
2023-10-10 09:30:00-04:00,48.90999984741211,49.20669937133789,48.90999984741211,49.16999816894531,0,0.0,0.0,0.0
2023-10-10 11:30:00-04:00,49.349998474121094,49.3650016784668,49.349998474121094,49.3650016784668,28136,0.0,0.0,0.0
2023-10-10 15:30:00-04:00,49.13999938964844,49.189998626708984,49.13999938964844,49.1427001953125,341,0.0,0.0,0.0
2023-10-11 09:30:00-04:00,49.5,49.5,49.20500183105469,49.220001220703125,0,0.0,0.0,0.0
2023-10-11 10:30:00-04:00,49.19499969482422,49.20000076293945,49.19499969482422,49.20000076293945,306,0.0,0.0,0.0
2023-10-11 11:30:00-04:00,49.06060028076172,49.06060028076172,49.06060028076172,49.06060028076172,427,0.0,0.0,0.0
2023-10-11 12:30:00-04:00,49.09000015258789,49.331199645996094,49.09000015258789,49.331199645996094,529,0.0,0.0,0.0
2023-10-12 09:30:00-04:00,49.290000915527344,49.290000915527344,49.07500076293945,49.08000183105469,0,0.0,0.0,0.0
2023-10-12 10:30:00-04:00,49.09000015258789,49.09000015258789,49.08000183105469,49.08000183105469,5768,0.0,0.0,0.0
2023-10-12 11:30:00-04:00,49.189998626708984,49.189998626708984,48.91590118408203,48.91590118408203,0,0.0,0.0,0.0
2023-10-13 09:30:00-04:00,48.91999816894531,48.91999816894531,48.900001525878906,48.900001525878906,289,0.0,0.0,0.0
2023-10-13 10:30:00-04:00,48.9900016784668,48.9900016784668,48.689998626708984,48.69499969482422,0,0.0,0.0,0.0
2023-10-13 11:30:00-04:00,48.720001220703125,48.720001220703125,48.720001220703125,48.720001220703125,1465,0.0,0.0,0.0
2023-10-13 12:30:00-04:00,48.779998779296875,48.779998779296875,48.630001068115234,48.642799377441406,515,0.0,0.0,0.0
2023-10-13 13:30:00-04:00,48.685001373291016,48.70819854736328,48.685001373291016,48.70819854736328,366,0.0,0.0,0.0
2023-10-16 09:30:00-04:00,49.099998474121094,49.2400016784668,49.099998474121094,49.2400016784668,0,0.0,0.0,0.0
2023-10-16 10:30:00-04:00,49.415000915527344,49.415000915527344,49.34000015258789,49.40999984741211,515,0.0,0.0,0.0
2023-10-16 12:30:00-04:00,49.2400016784668,49.26499938964844,49.2400016784668,49.26499938964844,999,0.0,0.0,0.0
2023-10-16 13:30:00-04:00,49.290000915527344,49.290000915527344,49.290000915527344,49.290000915527344,172,0.0,0.0,0.0
2023-10-16 14:30:00-04:00,49.279998779296875,49.31999969482422,49.279998779296875,49.28810119628906,29135,0.0,0.0,0.0
2023-10-17 09:30:00-04:00,49.060001373291016,49.400001525878906,49.060001373291016,49.3650016784668,0,0.0,0.0,0.0
2023-10-17 11:30:00-04:00,49.470001220703125,49.599998474121094,49.470001220703125,49.599998474121094,4528,0.0,0.0,0.0
2023-10-17 12:30:00-04:00,49.52750015258789,49.52750015258789,49.525001525878906,49.525001525878906,483,0.0,0.0,0.0
2023-10-17 13:30:00-04:00,49.380001068115234,49.390499114990234,49.380001068115234,49.390499114990234,682,0.0,0.0,0.0
2023-10-17 14:30:00-04:00,49.439998626708984,49.44729995727539,49.439998626708984,49.44729995727539,0,0.0,0.0,0.0
2023-10-18 09:30:00-04:00,49.2599983215332,49.2599983215332,49.2599983215332,49.2599983215332,393,0.0,0.0,0.0
2023-10-18 11:30:00-04:00,49.150001525878906,49.150001525878906,49.150001525878906,49.150001525878906,2818,0.0,0.0,0.0
2023-10-18 14:30:00-04:00,48.900001525878906,48.909000396728516,48.89500045776367,48.909000396728516,1545,0.0,0.0,0.0
2023-10-18 15:30:00-04:00,48.88999938964844,48.91999816894531,48.84199905395508,48.84199905395508,0,0.0,0.0,0.0
2023-10-19 09:30:00-04:00,48.58000183105469,48.58000183105469,48.58000183105469,48.58000183105469,2339,0.0,0.0,0.0
2023-10-19 10:30:00-04:00,48.4994010925293,48.4994010925293,48.47999954223633,48.47999954223633,7184,0.0,0.0,0.0
2023-10-19 13:30:00-04:00,48.53329849243164,48.53329849243164,48.53329849243164,48.53329849243164,513,0.0,0.0,0.0
2023-10-19 15:30:00-04:00,48.20000076293945,48.20000076293945,48.15999984741211,48.19499969482422,0,0.0,0.0,0.0
2023-10-20 10:30:00-04:00,47.855098724365234,47.88999938964844,47.721900939941406,47.721900939941406,753,0.0,0.0,0.0
2023-10-23 09:30:00-04:00,47.611000061035156,47.63130187988281,47.611000061035156,47.63130187988281,0,0.0,0.0,0.0
2023-10-23 10:30:00-04:00,47.54999923706055,47.54999923706055,47.54999923706055,47.54999923706055,3721,0.0,0.0,0.0
2023-10-23 11:30:00-04:00,47.66899871826172,47.66899871826172,47.66899871826172,47.66899871826172,210,0.0,0.0,0.0
2023-10-23 12:30:00-04:00,47.66999816894531,47.80929946899414,47.66999816894531,47.80929946899414,588,0.0,0.0,0.0
2023-10-23 13:30:00-04:00,47.56999969482422,47.56999969482422,47.56999969482422,47.56999969482422,118,0.0,0.0,0.0
2023-10-23 14:30:00-04:00,47.64590072631836,47.64590072631836,47.64590072631836,47.64590072631836,348,0.0,0.0,0.0
2023-10-23 15:30:00-04:00,47.38999938964844,47.38999938964844,47.38999938964844,47.38999938964844,0,0.0,0.0,0.0
2023-10-24 10:30:00-04:00,47.779998779296875,47.81999969482422,47.72999954223633,47.73400115966797,843,0.0,0.0,0.0
2023-10-24 14:30:00-04:00,47.650001525878906,47.650001525878906,47.650001525878906,47.650001525878906,118,0.0,0.0,0.0
2023-10-24 15:30:00-04:00,47.709999084472656,47.739898681640625,47.709999084472656,47.714500427246094,0,0.0,0.0,0.0
2023-10-25 10:30:00-04:00,47.349998474121094,47.40810012817383,47.349998474121094,47.40810012817383,682,0.0,0.0,0.0
2023-10-25 15:30:00-04:00,47.189998626708984,47.189998626708984,47.150001525878906,47.16170120239258,0,0.0,0.0,0.0
2023-10-26 09:30:00-04:00,47.25899887084961,47.25899887084961,47.25899887084961,47.25899887084961,109,0.0,0.0,0.0
2023-10-26 10:30:00-04:00,47.279998779296875,47.31269836425781,47.2599983215332,47.31269836425781,500,0.0,0.0,0.0
2023-10-26 12:30:00-04:00,47.029998779296875,47.05550003051758,47.029998779296875,47.05550003051758,431,0.0,0.0,0.0
2023-10-26 15:30:00-04:00,47.0,47.019500732421875,47.0,47.019500732421875,0,0.0,0.0,0.0
2023-10-27 10:30:00-04:00,46.845001220703125,46.845001220703125,46.58489990234375,46.58489990234375,743,0.0,0.0,0.0
2023-10-30 10:30:00-04:00,46.70000076293945,46.75,46.70000076293945,46.75,2303,0.0,0.0,0.0
2023-10-30 11:30:00-04:00,46.819000244140625,46.819000244140625,46.819000244140625,46.819000244140625,474,0.0,0.0,0.0
2023-10-30 13:30:00-04:00,46.939998626708984,46.95750045776367,46.939998626708984,46.95750045776367,217,0.0,0.0,0.0
2023-10-31 09:30:00-04:00,46.95000076293945,47.04880142211914,46.95000076293945,47.04880142211914,0,0.0,0.0,0.0
2023-10-31 10:30:00-04:00,47.16999816894531,47.20000076293945,47.16999816894531,47.20000076293945,1096,0.0,0.0,0.0
2023-10-31 11:30:00-04:00,47.18000030517578,47.33729934692383,47.18000030517578,47.33729934692383,0,0.0,0.0,0.0
2023-11-01 10:30:00-04:00,47.4900016784668,47.5,47.470001220703125,47.470001220703125,1330,0.0,0.0,0.0
2023-11-01 11:30:00-04:00,47.400001525878906,47.400001525878906,47.349998474121094,47.349998474121094,4134,0.0,0.0,0.0
2023-11-01 14:30:00-04:00,47.5901985168457,47.619998931884766,47.5901985168457,47.619998931884766,387,0.0,0.0,0.0
2023-11-01 15:30:00-04:00,47.650001525878906,47.65679931640625,47.650001525878906,47.65679931640625,0,0.0,0.0,0.0
2023-11-02 09:30:00-04:00,47.97639846801758,47.97639846801758,47.97639846801758,47.97639846801758,1533,0.0,0.0,0.0
2023-11-02 11:30:00-04:00,48.079898834228516,48.079898834228516,48.079898834228516,48.079898834228516,205,0.0,0.0,0.0
2023-11-02 12:30:00-04:00,48.0453987121582,48.13990020751953,48.0453987121582,48.13990020751953,1081,0.0,0.0,0.0
2023-11-02 13:30:00-04:00,48.1150016784668,48.140098571777344,48.1150016784668,48.140098571777344,619,0.0,0.0,0.0
2023-11-02 14:30:00-04:00,48.15999984741211,48.192100524902344,48.15999984741211,48.189998626708984,802,0.0,0.0,0.0
2023-11-02 15:30:00-04:00,48.220001220703125,48.2599983215332,48.220001220703125,48.229801177978516,0,0.0,0.0,0.0
2023-11-03 09:30:00-04:00,48.939998626708984,48.939998626708984,48.939998626708984,48.939998626708984,122,0.0,0.0,0.0
2023-11-03 10:30:00-04:00,48.95790100097656,48.95790100097656,48.95790100097656,48.95790100097656,1018,0.0,0.0,0.0
2023-11-03 12:30:00-04:00,49.119998931884766,49.119998931884766,49.119998931884766,49.119998931884766,178,0.0,0.0,0.0
2023-11-03 13:30:00-04:00,49.07440185546875,49.07440185546875,49.07440185546875,49.07440185546875,631,0.0,0.0,0.0
2023-11-03 14:30:00-04:00,49.189998626708984,49.189998626708984,48.96860122680664,48.96860122680664,5219,0.0,0.0,0.0
2023-11-06 10:30:00-05:00,48.87009811401367,48.90999984741211,48.87009811401367,48.90999984741211,585,0.0,0.0,0.0
2023-11-06 12:30:00-05:00,48.810001373291016,48.86989974975586,48.810001373291016,48.86989974975586,0,0.0,0.0,0.0
2023-11-06 13:30:00-05:00,48.81999969482422,48.820098876953125,48.81999969482422,48.81999969482422,2769,0.0,0.0,0.0
2023-11-06 15:30:00-05:00,48.86000061035156,48.900001525878906,48.86000061035156,48.900001525878906,651,0.0,0.0,0.0
2023-11-07 09:30:00-05:00,48.900001525878906,48.94200134277344,48.869998931884766,48.910099029541016,1431,0.0,0.0,0.0
2023-11-07 11:30:00-05:00,48.95000076293945,48.95000076293945,48.88999938964844,48.88999938964844,1137,0.0,0.0,0.0
2023-11-07 12:30:00-05:00,48.93000030517578,48.93000030517578,48.93000030517578,48.93000030517578,184,0.0,0.0,0.0
2023-11-07 14:30:00-05:00,48.95989990234375,48.95989990234375,48.91999816894531,48.95000076293945,47177,0.0,0.0,0.0
2023-11-07 15:30:00-05:00,48.959999084472656,48.980098724365234,48.84000015258789,48.9192008972168,95818,0.0,0.0,0.0
2023-11-08 09:30:00-05:00,48.849998474121094,48.93000030517578,48.849998474121094,48.90999984741211,0,0.0,0.0,0.0
2023-11-08 10:30:00-05:00,48.93000030517578,48.93000030517578,48.92499923706055,48.93000030517578,1155,0.0,0.0,0.0
2023-11-08 11:30:00-05:00,48.81269836425781,48.81269836425781,48.81269836425781,48.81269836425781,126,0.0,0.0,0.0
2023-11-08 12:30:00-05:00,48.68000030517578,48.72999954223633,48.68000030517578,48.72999954223633,1111,0.0,0.0,0.0
2023-11-08 13:30:00-05:00,48.81999969482422,48.829898834228516,48.81999969482422,48.81999969482422,548,0.0,0.0,0.0
2023-11-08 14:30:00-05:00,48.80500030517578,48.83000183105469,48.804100036621094,48.804100036621094,905,0.0,0.0,0.0
2023-11-08 15:30:00-05:00,48.880001068115234,48.88999938964844,48.81700134277344,48.81700134277344,1777,0.0,0.0,0.0
2023-11-09 09:30:00-05:00,48.790000915527344,48.790000915527344,48.790000915527344,48.790000915527344,0,0.0,0.0,0.0
2023-11-09 10:30:00-05:00,48.709999084472656,48.77130126953125,48.709999084472656,48.77130126953125,177,0.0,0.0,0.0
2023-11-09 11:30:00-05:00,48.83000183105469,48.83000183105469,48.83000183105469,48.83000183105469,1392,0.0,0.0,0.0
2023-11-09 13:30:00-05:00,48.54499816894531,48.54499816894531,48.45759963989258,48.45759963989258,0,0.0,0.0,0.0
2023-11-10 09:30:00-05:00,48.68000030517578,48.7400016784668,48.650001525878906,48.7400016784668,1953,0.0,0.0,0.0
2023-11-10 12:30:00-05:00,48.970001220703125,48.970001220703125,48.970001220703125,48.970001220703125,267,0.0,0.0,0.0
2023-11-10 14:30:00-05:00,49.09000015258789,49.0900993347168,49.09000015258789,49.0900993347168,610,0.0,0.0,0.0
2023-11-10 15:30:00-05:00,49.189998626708984,49.189998626708984,49.1890983581543,49.1890983581543,32883,0.0,0.0,0.0
2023-11-13 09:30:00-05:00,49.06999969482422,49.06999969482422,49.04999923706055,49.04999923706055,0,0.0,0.0,0.0
2023-11-13 10:30:00-05:00,49.11000061035156,49.11000061035156,49.11000061035156,49.11000061035156,821,0.0,0.0,0.0
2023-11-13 11:30:00-05:00,49.16999816894531,49.20539855957031,49.16999816894531,49.20539855957031,0,0.0,0.0,0.0
2023-11-14 10:30:00-05:00,50.119998931884766,50.20000076293945,50.119998931884766,50.20000076293945,12362,0.0,0.0,0.0
2023-11-14 12:30:00-05:00,50.13999938964844,50.13999938964844,50.099998474121094,50.13050079345703,1446,0.0,0.0,0.0
2023-11-14 14:30:00-05:00,50.18579864501953,50.220001220703125,50.13999938964844,50.13999938964844,0,0.0,0.0,0.0
2023-11-15 09:30:00-05:00,50.48210144042969,50.5099983215332,50.48210144042969,50.505001068115234,343,0.0,0.0,0.0
2023-11-15 11:30:00-05:00,50.38079833984375,50.38079833984375,50.349998474121094,50.380001068115234,1016,0.0,0.0,0.0
2023-11-15 13:30:00-05:00,50.34049987792969,50.3650016784668,50.34049987792969,50.3650016784668,335,0.0,0.0,0.0
2023-11-15 14:30:00-05:00,50.33000183105469,50.33000183105469,50.33000183105469,50.33000183105469,3786,0.0,0.0,0.0
2023-11-15 15:30:00-05:00,50.2400016784668,50.25469970703125,50.2400016784668,50.25469970703125,0,0.0,0.0,0.0
2023-11-16 10:30:00-05:00,49.904998779296875,49.904998779296875,49.86000061035156,49.86000061035156,2542,0.0,0.0,0.0
2023-11-16 11:30:00-05:00,49.7046012878418,49.7046012878418,49.7046012878418,49.7046012878418,306,0.0,0.0,0.0
2023-11-16 12:30:00-05:00,49.7599983215332,49.7599983215332,49.7599983215332,49.7599983215332,219,0.0,0.0,0.0
2023-11-16 14:30:00-05:00,49.78010177612305,49.790000915527344,49.779998779296875,49.790000915527344,432,0.0,0.0,0.0
2023-11-16 15:30:00-05:00,49.78499984741211,49.80979919433594,49.78499984741211,49.80979919433594,0,0.0,0.0,0.0
2023-11-17 10:30:00-05:00,50.0,50.09000015258789,50.0,50.0099983215332,6024,0.0,0.0,0.0
2023-11-17 11:30:00-05:00,49.99100112915039,50.06999969482422,49.99100112915039,50.05099868774414,613,0.0,0.0,0.0
2023-11-17 12:30:00-05:00,50.02000045776367,50.06869888305664,50.02000045776367,50.060001373291016,389,0.0,0.0,0.0
2023-11-17 13:30:00-05:00,50.16999816894531,50.16999816894531,50.165000915527344,50.165000915527344,233,0.0,0.0,0.0
2023-11-17 14:30:00-05:00,50.08100128173828,50.10499954223633,50.08100128173828,50.10499954223633,941,0.0,0.0,0.0
2023-11-17 15:30:00-05:00,50.05099868774414,50.099998474121094,50.05099868774414,50.099998474121094,1789,0.0,0.0,0.0
2023-11-20 09:30:00-05:00,50.119998931884766,50.119998931884766,50.119998931884766,50.119998931884766,0,0.0,0.0,0.0
2023-11-20 10:30:00-05:00,50.22159957885742,50.25,50.22159957885742,50.25,1184,0.0,0.0,0.0
2023-11-20 13:30:00-05:00,50.33000183105469,50.33000183105469,50.33000183105469,50.33000183105469,318,0.0,0.0,0.0
2023-11-20 14:30:00-05:00,50.439998626708984,50.439998626708984,50.34370040893555,50.34370040893555,286,0.0,0.0,0.0
2023-11-21 09:30:00-05:00,50.439998626708984,50.439998626708984,50.2599983215332,50.2599983215332,2428,0.0,0.0,0.0
2023-11-21 10:30:00-05:00,50.25,50.290000915527344,50.244998931884766,50.28499984741211,1065,0.0,0.0,0.0
2023-11-21 11:30:00-05:00,50.290000915527344,50.31999969482422,50.290000915527344,50.31999969482422,902,0.0,0.0,0.0
2023-11-21 12:30:00-05:00,50.33250045776367,50.34000015258789,50.29999923706055,50.29999923706055,1040,0.0,0.0,0.0
2023-11-21 13:30:00-05:00,50.3577995300293,50.3577995300293,50.34000015258789,50.34000015258789,505,0.0,0.0,0.0
2023-11-21 14:30:00-05:00,50.279998779296875,50.310001373291016,50.279998779296875,50.310001373291016,512,0.0,0.0,0.0
2023-11-21 15:30:00-05:00,50.2599983215332,50.2599983215332,50.2599983215332,50.2599983215332,0,0.0,0.0,0.0
2023-11-22 09:30:00-05:00,50.59000015258789,50.59000015258789,50.59000015258789,50.59000015258789,180,0.0,0.0,0.0
2023-11-22 10:30:00-05:00,50.582000732421875,50.61000061035156,50.582000732421875,50.61000061035156,885,0.0,0.0,0.0
2023-11-22 15:30:00-05:00,50.5099983215332,50.5099983215332,50.47999954223633,50.47999954223633,3725,0.0,0.0,0.0
2023-11-24 09:30:00-05:00,50.62900161743164,50.70249938964844,50.62900161743164,50.70249938964844,0,0.0,0.0,0.0
2023-11-27 10:30:00-05:00,50.61000061035156,50.68000030517578,50.58000183105469,50.65010070800781,9486,0.0,0.0,0.0
2023-11-27 11:30:00-05:00,50.59469985961914,50.59469985961914,50.59469985961914,50.59469985961914,460,0.0,0.0,0.0
2023-11-27 12:30:00-05:00,50.65999984741211,50.65999984741211,50.65999984741211,50.65999984741211,4393,0.0,0.0,0.0
2023-11-27 13:30:00-05:00,50.599998474121094,50.60940170288086,50.599998474121094,50.60940170288086,1866,0.0,0.0,0.0
2023-11-27 14:30:00-05:00,50.599998474121094,50.599998474121094,50.58219909667969,50.58219909667969,0,0.0,0.0,0.0
2023-11-28 10:30:00-05:00,50.564998626708984,50.65999984741211,50.564998626708984,50.654998779296875,5104,0.0,0.0,0.0
2023-11-28 11:30:00-05:00,50.584999084472656,50.584999084472656,50.584999084472656,50.584999084472656,972,0.0,0.0,0.0
2023-11-28 12:30:00-05:00,50.48350143432617,50.48350143432617,50.380001068115234,50.419898986816406,935,0.0,0.0,0.0
2023-11-28 13:30:00-05:00,50.419898986816406,50.419898986816406,50.419898986816406,50.419898986816406,660,0.0,0.0,0.0
2023-11-28 14:30:00-05:00,50.459999084472656,50.459999084472656,50.45100021362305,50.45100021362305,0,0.0,0.0,0.0
2023-11-29 10:30:00-05:00,50.4900016784668,50.4900016784668,50.439998626708984,50.440101623535156,1293,0.0,0.0,0.0
2023-11-29 11:30:00-05:00,50.43989944458008,50.459999084472656,50.43989944458008,50.459999084472656,749,0.0,0.0,0.0
2023-11-29 12:30:00-05:00,50.470001220703125,50.470001220703125,50.40999984741211,50.42219924926758,2219,0.0,0.0,0.0
2023-11-29 13:30:00-05:00,50.439998626708984,50.5,50.439998626708984,50.5,1397,0.0,0.0,0.0
2023-11-29 14:30:00-05:00,50.32529830932617,50.32529830932617,50.32529830932617,50.32529830932617,0,0.0,0.0,0.0
2023-11-30 10:30:00-05:00,50.400001525878906,50.542198181152344,50.400001525878906,50.542198181152344,2611,0.0,0.0,0.0
2023-11-30 13:30:00-05:00,50.494998931884766,50.494998931884766,50.494998931884766,50.494998931884766,139,0.0,0.0,0.0
2023-11-30 14:30:00-05:00,50.62070083618164,50.725399017333984,50.62070083618164,50.725399017333984,0,0.0,0.0,0.0
2023-12-01 11:30:00-05:00,51.0,51.25320053100586,51.0,51.25320053100586,1231,0.0,0.0,0.0
2023-12-04 10:30:00-05:00,51.209598541259766,51.362998962402344,51.209598541259766,51.362998962402344,42822,0.0,0.0,0.0
2023-12-05 09:30:00-05:00,51.060001373291016,51.18000030517578,51.060001373291016,51.18000030517578,0,0.0,0.0,0.0
2023-12-05 10:30:00-05:00,51.187400817871094,51.187400817871094,51.11000061035156,51.124000549316406,886,0.0,0.0,0.0
2023-12-05 14:30:00-05:00,50.95000076293945,50.95000076293945,50.93000030517578,50.93000030517578,3064,0.0,0.0,0.0
2023-12-05 15:30:00-05:00,50.99689865112305,50.99689865112305,50.96849822998047,50.96849822998047,0,0.0,0.0,0.0
2023-12-06 10:30:00-05:00,51.13999938964844,51.13999938964844,51.08000183105469,51.113399505615234,1314,0.0,0.0,0.0
2023-12-06 13:30:00-05:00,51.099998474121094,51.099998474121094,50.90330123901367,50.90330123901367,0,0.0,0.0,0.0
2023-12-07 12:30:00-05:00,51.060001373291016,51.119998931884766,51.060001373291016,51.119998931884766,1254,0.0,0.0,0.0
2023-12-07 13:30:00-05:00,51.11000061035156,51.11009979248047,51.11000061035156,51.11009979248047,1862,0.0,0.0,0.0
2023-12-07 14:30:00-05:00,51.095001220703125,51.095001220703125,51.095001220703125,51.095001220703125,672,0.0,0.0,0.0
2023-12-07 15:30:00-05:00,51.08000183105469,51.09189987182617,51.08000183105469,51.09189987182617,0,0.0,0.0,0.0
2023-12-08 09:30:00-05:00,51.16999816894531,51.349998474121094,51.16999816894531,51.33000183105469,1224,0.0,0.0,0.0
2023-12-08 14:30:00-05:00,51.279998779296875,51.279998779296875,51.279998779296875,51.279998779296875,457,0.0,0.0,0.0
2023-12-11 09:30:00-05:00,51.529998779296875,51.529998779296875,51.529998779296875,51.529998779296875,0,0.0,0.0,0.0
2023-12-11 10:30:00-05:00,51.599998474121094,51.709999084472656,51.599998474121094,51.689998626708984,937,0.0,0.0,0.0
2023-12-11 13:30:00-05:00,51.70000076293945,51.70000076293945,51.70000076293945,51.70000076293945,199,0.0,0.0,0.0
2023-12-11 15:30:00-05:00,51.72999954223633,51.76190185546875,51.720001220703125,51.76190185546875,0,0.0,0.0,0.0
2023-12-12 09:30:00-05:00,51.62009811401367,51.86000061035156,51.62009811401367,51.86000061035156,7027,0.0,0.0,0.0
2023-12-12 10:30:00-05:00,51.849998474121094,51.916500091552734,51.849998474121094,51.916500091552734,1510,0.0,0.0,0.0
2023-12-12 12:30:00-05:00,51.880001068115234,51.88999938964844,51.880001068115234,51.88999938964844,473,0.0,0.0,0.0
2023-12-12 13:30:00-05:00,51.95000076293945,51.95000076293945,51.93000030517578,51.93000030517578,2289,0.0,0.0,0.0
2023-12-12 14:30:00-05:00,51.95000076293945,52.02009963989258,51.95000076293945,52.02009963989258,1497,0.0,0.0,0.0
2023-12-12 15:30:00-05:00,52.0,52.0,51.91999816894531,51.95130157470703,4028,0.0,0.0,0.0
2023-12-13 09:30:00-05:00,51.779998779296875,51.97999954223633,51.779998779296875,51.97999954223633,0,0.0,0.0,0.0
2023-12-13 10:30:00-05:00,51.93000030517578,51.9900016784668,51.93000030517578,51.9900016784668,634,0.0,0.0,0.0
2023-12-13 15:30:00-05:00,52.58000183105469,52.61579895019531,52.54999923706055,52.61579895019531,4000,0.0,0.0,0.0
2023-12-14 09:30:00-05:00,52.779998779296875,52.779998779296875,52.779998779296875,52.779998779296875,0,0.0,0.0,0.0
2023-12-14 11:30:00-05:00,52.95500183105469,52.97999954223633,52.95500183105469,52.97999954223633,2816,0.0,0.0,0.0
2023-12-14 12:30:00-05:00,53.084598541259766,53.084598541259766,53.084598541259766,53.084598541259766,328,0.0,0.0,0.0
2023-12-14 13:30:00-05:00,52.77000045776367,52.90999984741211,52.77000045776367,52.900001525878906,1018,0.0,0.0,0.0
2023-12-14 14:30:00-05:00,52.959999084472656,52.959999084472656,52.959999084472656,52.959999084472656,22354,0.0,0.0,0.0
2023-12-14 15:30:00-05:00,52.91999816894531,52.96929931640625,52.91999816894531,52.96929931640625,0,0.0,0.0,0.0
2023-12-15 10:30:00-05:00,52.82419967651367,52.82419967651367,52.82419967651367,52.82419967651367,162,0.0,0.0,0.0
2023-12-15 11:30:00-05:00,52.760101318359375,52.760101318359375,52.760101318359375,52.760101318359375,420,0.0,0.0,0.0
2023-12-15 13:30:00-05:00,52.720001220703125,52.720001220703125,52.720001220703125,52.720001220703125,351,0.0,0.0,0.0
2023-12-15 14:30:00-05:00,52.65999984741211,52.720001220703125,52.65999984741211,52.720001220703125,518,0.0,0.0,0.0
2023-12-15 15:30:00-05:00,52.63999938964844,52.76210021972656,52.63999938964844,52.76210021972656,165,0.0,0.0,0.0
2023-12-18 10:30:00-05:00,52.58769989013672,52.619998931884766,52.58769989013672,52.619998931884766,0,0.0,0.0,0.0
2023-12-18 13:30:00-05:00,52.672401428222656,52.689998626708984,52.65999984741211,52.65999984741211,1219,0.0,0.0,0.0
2023-12-18 14:30:00-05:00,52.650001525878906,52.676700592041016,52.650001525878906,52.676700592041016,1525,0.0,0.0,0.0
2023-12-18 15:30:00-05:00,52.71110153198242,52.71580123901367,52.689998626708984,52.71580123901367,0,0.0,0.0,0.0
2023-12-19 09:30:00-05:00,52.93000030517578,52.93000030517578,52.93000030517578,52.93000030517578,107,0.0,0.0,0.0
2023-12-19 10:30:00-05:00,52.88999938964844,52.89820098876953,52.88999938964844,52.89820098876953,4461,0.0,0.0,0.0
2023-12-19 13:30:00-05:00,52.89039993286133,52.95000076293945,52.89039993286133,52.95000076293945,288,0.0,0.0,0.0
2023-12-19 15:30:00-05:00,52.97999954223633,52.9838981628418,52.95000076293945,52.9838981628418,709,0.0,0.0,0.0
2023-12-20 09:30:00-05:00,52.939998626708984,52.97999954223633,52.939998626708984,52.97999954223633,1537,0.0,0.0,0.0
2023-12-20 10:30:00-05:00,53.03499984741211,53.03499984741211,53.03499984741211,53.03499984741211,121,0.0,0.0,0.0
2023-12-20 11:30:00-05:00,53.048099517822266,53.07500076293945,53.048099517822266,53.07500076293945,350,0.0,0.0,0.0
2023-12-20 12:30:00-05:00,53.1150016784668,53.1150016784668,53.02870178222656,53.02870178222656,611,0.0,0.0,0.0
2023-12-20 13:30:00-05:00,53.025001525878906,53.025001525878906,53.025001525878906,53.025001525878906,237,0.0,0.0,0.0
2023-12-20 14:30:00-05:00,52.66999816894531,52.66999816894531,52.66999816894531,52.66999816894531,200,0.0,0.0,0.0
2023-12-20 15:30:00-05:00,52.4922981262207,52.4922981262207,52.31999969482422,52.32469940185547,1323,0.0,0.0,0.0
2023-12-21 09:30:00-05:00,52.83000183105469,52.83000183105469,52.72999954223633,52.72999954223633,0,0.0,0.0,0.0
2023-12-21 10:30:00-05:00,52.60940170288086,52.619998931884766,52.60940170288086,52.619998931884766,633,0.0,0.0,0.0
2023-12-21 11:30:00-05:00,52.42879867553711,52.42879867553711,52.42879867553711,52.42879867553711,340,0.0,0.0,0.0
2023-12-21 12:30:00-05:00,52.40999984741211,52.40999984741211,52.40999984741211,52.40999984741211,512,0.0,0.0,0.0
2023-12-21 15:30:00-05:00,52.73059844970703,52.779998779296875,52.73059844970703,52.779998779296875,0,0.0,0.0,0.0
2023-12-22 09:30:00-05:00,53.150001525878906,53.150001525878906,53.130001068115234,53.130001068115234,383,0.0,0.0,0.0
2023-12-22 10:30:00-05:00,53.07630157470703,53.130001068115234,53.07630157470703,53.119998931884766,835,0.0,0.0,0.0
2023-12-22 11:30:00-05:00,53.0,53.000099182128906,53.0,53.000099182128906,367,0.0,0.0,0.0
2023-12-22 13:30:00-05:00,53.12310028076172,53.12310028076172,53.0,53.0,1590,0.0,0.0,0.0
2023-12-26 09:30:00-05:00,52.93000030517578,52.93000030517578,52.93000030517578,52.93000030517578,0,0.0,0.0,0.0
2023-12-26 10:30:00-05:00,53.052398681640625,53.099998474121094,53.052398681640625,53.09000015258789,2199,0.0,0.0,0.0
2023-12-26 11:30:00-05:00,53.080101013183594,53.080101013183594,53.080101013183594,53.080101013183594,537,0.0,0.0,0.0
2023-12-26 13:30:00-05:00,53.20009994506836,53.20009994506836,53.19900131225586,53.19900131225586,0,0.0,0.0,0.0
2023-12-27 10:30:00-05:00,53.20970153808594,53.20970153808594,53.20970153808594,53.20970153808594,311,0.0,0.0,0.0
2023-12-27 11:30:00-05:00,53.244998931884766,53.26219940185547,53.244998931884766,53.26219940185547,864,0.0,0.0,0.0
2023-12-27 13:30:00-05:00,53.099998474121094,53.189998626708984,53.099998474121094,53.189998626708984,756,0.0,0.0,0.0
2023-12-27 15:30:00-05:00,53.16999816894531,53.17829895019531,53.130001068115234,53.17829895019531,0,0.0,0.0,0.0
2023-12-28 10:30:00-05:00,53.27000045776367,53.27000045776367,53.27000045776367,53.27000045776367,125,0.0,0.0,0.0
2023-12-28 11:30:00-05:00,53.16999816894531,53.199798583984375,53.16999816894531,53.199798583984375,372,0.0,0.0,0.0
2023-12-29 09:30:00-05:00,53.040000915527344,53.290000915527344,53.040000915527344,53.290000915527344,252,0.0,0.0,0.0
2023-12-29 13:30:00-05:00,53.096099853515625,53.096099853515625,53.096099853515625,53.096099853515625,391,0.0,0.0,0.0
2023-12-29 14:30:00-05:00,53.13999938964844,53.13999938964844,53.13999938964844,53.13999938964844,225,0.0,0.0,0.0
2023-12-29 15:30:00-05:00,53.150001525878906,53.150001525878906,53.112300872802734,53.112300872802734,1038,0.0,0.0,0.0
2024-01-02 10:30:00-05:00,53.0099983215332,53.130001068115234,53.0099983215332,53.130001068115234,2043,0.0,0.0,0.0
2024-01-02 11:30:00-05:00,53.099998474121094,53.099998474121094,53.099998474121094,53.099998474121094,52214,0.0,0.0,0.0
2024-01-02 13:30:00-05:00,53.085899353027344,53.085899353027344,53.085899353027344,53.085899353027344,716,0.0,0.0,0.0
2024-01-02 15:30:00-05:00,52.876800537109375,53.03110122680664,52.869998931884766,52.869998931884766,587,0.0,0.0,0.0
2024-01-03 09:30:00-05:00,52.88999938964844,52.88999938964844,52.88999938964844,52.88999938964844,0,0.0,0.0,0.0
2024-01-03 10:30:00-05:00,52.66999816894531,52.7599983215332,52.66999816894531,52.7599983215332,2309,0.0,0.0,0.0
2024-01-03 12:30:00-05:00,52.77000045776367,52.812400817871094,52.7599983215332,52.812400817871094,506,0.0,0.0,0.0
2024-01-03 14:30:00-05:00,52.83869934082031,52.83869934082031,52.673500061035156,52.673500061035156,1351,0.0,0.0,0.0
2024-01-03 15:30:00-05:00,52.529998779296875,52.57210159301758,52.529998779296875,52.57210159301758,0,0.0,0.0,0.0
2024-01-04 10:30:00-05:00,52.72999954223633,52.72999954223633,52.72999954223633,52.72999954223633,730,0.0,0.0,0.0
2024-01-04 12:30:00-05:00,52.62969970703125,52.62969970703125,52.56999969482422,52.570098876953125,3559,0.0,0.0,0.0
2024-01-04 13:30:00-05:00,52.560001373291016,52.560001373291016,52.425201416015625,52.425201416015625,0,0.0,0.0,0.0
2024-01-05 09:30:00-05:00,52.529998779296875,52.599998474121094,52.529998779296875,52.599998474121094,20624,0.0,0.0,0.0
2024-01-05 10:30:00-05:00,52.619998931884766,52.619998931884766,52.53390121459961,52.53390121459961,1203,0.0,0.0,0.0
2024-01-05 11:30:00-05:00,52.459999084472656,52.459999084472656,52.459999084472656,52.459999084472656,386,0.0,0.0,0.0
2024-01-05 15:30:00-05:00,52.38999938964844,52.39469909667969,52.38999938964844,52.39469909667969,191,0.0,0.0,0.0
2024-01-08 09:30:00-05:00,52.33000183105469,52.47999954223633,52.33000183105469,52.47999954223633,0,0.0,0.0,0.0
2024-01-08 10:30:00-05:00,52.58000183105469,52.59000015258789,52.56999969482422,52.58000183105469,1400,0.0,0.0,0.0
2024-01-08 12:30:00-05:00,52.619998931884766,52.619998931884766,52.619998931884766,52.619998931884766,625,0.0,0.0,0.0
2024-01-08 15:30:00-05:00,52.939998626708984,52.94150161743164,52.939998626708984,52.94150161743164,607,0.0,0.0,0.0
2024-01-09 09:30:00-05:00,52.61000061035156,52.61000061035156,52.61000061035156,52.61000061035156,0,0.0,0.0,0.0
2024-01-09 10:30:00-05:00,52.84000015258789,52.900001525878906,52.84000015258789,52.900001525878906,8663,0.0,0.0,0.0
2024-01-09 12:30:00-05:00,52.9900016784668,53.00600051879883,52.94540023803711,52.94540023803711,1960,0.0,0.0,0.0
2024-01-09 13:30:00-05:00,53.0099983215332,53.0099983215332,53.0099983215332,53.0099983215332,286,0.0,0.0,0.0
2024-01-09 15:30:00-05:00,53.0099983215332,53.085899353027344,53.0099983215332,53.085899353027344,857,0.0,0.0,0.0
2024-01-10 09:30:00-05:00,53.040000915527344,53.08000183105469,53.040000915527344,53.060001373291016,0,0.0,0.0,0.0
2024-01-10 10:30:00-05:00,53.09000015258789,53.11989974975586,53.09000015258789,53.11989974975586,860,0.0,0.0,0.0
2024-01-10 12:30:00-05:00,53.07500076293945,53.08000183105469,53.07500076293945,53.08000183105469,385,0.0,0.0,0.0
2024-01-10 13:30:00-05:00,53.208499908447266,53.21849822998047,53.208499908447266,53.21849822998047,0,0.0,0.0,0.0
2024-01-11 09:30:00-05:00,53.0,53.0,53.0,53.0,114,0.0,0.0,0.0
2024-01-11 10:30:00-05:00,53.06999969482422,53.06999969482422,52.939998626708984,52.970001220703125,23622,0.0,0.0,0.0
2024-01-11 12:30:00-05:00,52.93790054321289,52.93790054321289,52.93790054321289,52.93790054321289,410,0.0,0.0,0.0
2024-01-11 14:30:00-05:00,53.2599983215332,53.384700775146484,53.2599983215332,53.384700775146484,0,0.0,0.0,0.0
2024-01-12 10:30:00-05:00,53.43000030517578,53.43000030517578,53.345001220703125,53.349998474121094,1273,0.0,0.0,0.0
2024-01-12 11:30:00-05:00,53.439998626708984,53.459999084472656,53.439998626708984,53.459999084472656,996,0.0,0.0,0.0
2024-01-12 13:30:00-05:00,53.45000076293945,53.4900016784668,53.45000076293945,53.4900016784668,618,0.0,0.0,0.0
2024-01-12 14:30:00-05:00,53.349998474121094,53.350101470947266,53.349998474121094,53.350101470947266,1628,0.0,0.0,0.0
2024-01-16 09:30:00-05:00,53.58000183105469,53.58000183105469,53.150001525878906,53.150001525878906,0,0.0,0.0,0.0
2024-01-16 10:30:00-05:00,53.290000915527344,53.349998474121094,53.22999954223633,53.310001373291016,4162,0.0,0.0,0.0
2024-01-16 14:30:00-05:00,53.1349983215332,53.237098693847656,53.1349983215332,53.237098693847656,0,0.0,0.0,0.0
2024-01-17 09:30:00-05:00,53.10499954223633,53.10499954223633,53.10499954223633,53.10499954223633,391,0.0,0.0,0.0
2024-01-17 10:30:00-05:00,53.06999969482422,53.07210159301758,53.060001373291016,53.07210159301758,5856,0.0,0.0,0.0
2024-01-17 13:30:00-05:00,52.88999938964844,52.88999938964844,52.88999938964844,52.88999938964844,226,0.0,0.0,0.0
2024-01-17 15:30:00-05:00,52.970001220703125,52.970001220703125,52.970001220703125,52.970001220703125,341,0.0,0.0,0.0
2024-01-18 09:30:00-05:00,53.150001525878906,53.150001525878906,53.11000061035156,53.11000061035156,0,0.0,0.0,0.0
2024-01-18 10:30:00-05:00,53.15999984741211,53.209999084472656,53.150001525878906,53.150001525878906,2952,0.0,0.0,0.0
2024-01-18 11:30:00-05:00,53.150001525878906,53.150001525878906,53.150001525878906,53.150001525878906,435,0.0,0.0,0.0
2024-01-18 14:30:00-05:00,53.31169891357422,53.31169891357422,53.310001373291016,53.310001373291016,802,0.0,0.0,0.0
2024-01-18 15:30:00-05:00,53.439998626708984,53.45000076293945,53.43000030517578,53.445701599121094,0,0.0,0.0,0.0
2024-01-19 09:30:00-05:00,53.38999938964844,53.38999938964844,53.38999938964844,53.38999938964844,211,0.0,0.0,0.0
2024-01-19 10:30:00-05:00,53.59000015258789,53.59000015258789,53.59000015258789,53.59000015258789,699,0.0,0.0,0.0
2024-01-19 12:30:00-05:00,53.77000045776367,53.85580062866211,53.77000045776367,53.85580062866211,802,0.0,0.0,0.0
2024-01-22 09:30:00-05:00,53.93000030517578,54.02000045776367,53.93000030517578,54.02000045776367,0,0.0,0.0,0.0
2024-01-22 10:30:00-05:00,54.040000915527344,54.040000915527344,54.040000915527344,54.040000915527344,1584,0.0,0.0,0.0
2024-01-22 11:30:00-05:00,54.025299072265625,54.04999923706055,54.025299072265625,54.04999923706055,1060,0.0,0.0,0.0
2024-01-22 12:30:00-05:00,53.959999084472656,53.959999084472656,53.959999084472656,53.959999084472656,534,0.0,0.0,0.0
2024-01-22 15:30:00-05:00,54.02000045776367,54.066898345947266,54.0099983215332,54.066898345947266,0,0.0,0.0,0.0
2024-01-23 09:30:00-05:00,54.20000076293945,54.20000076293945,54.20000076293945,54.20000076293945,0,0.0,0.0,0.0
2024-01-23 10:30:00-05:00,54.029998779296875,54.029998779296875,54.029998779296875,54.029998779296875,1354,0.0,0.0,0.0
2024-01-23 15:30:00-05:00,54.060001373291016,54.12710189819336,54.060001373291016,54.12710189819336,900,0.0,0.0,0.0
2024-01-24 09:30:00-05:00,54.59000015258789,54.59000015258789,54.18000030517578,54.24169921875,0,0.0,0.0,0.0
2024-01-24 10:30:00-05:00,54.244998931884766,54.33000183105469,54.244998931884766,54.33000183105469,12240,0.0,0.0,0.0
2024-01-24 12:30:00-05:00,54.27000045776367,54.29880142211914,53.911800384521484,53.911800384521484,0,0.0,0.0,0.0
2024-01-25 09:30:00-05:00,54.380001068115234,54.380001068115234,54.380001068115234,54.380001068115234,5774,0.0,0.0,0.0
2024-01-25 10:30:00-05:00,54.18000030517578,54.189998626708984,54.150001525878906,54.150001525878906,679,0.0,0.0,0.0
2024-01-25 12:30:00-05:00,54.16999816894531,54.170101165771484,54.16999816894531,54.170101165771484,446,0.0,0.0,0.0
2024-01-25 14:30:00-05:00,54.2400016784668,54.279998779296875,54.23500061035156,54.279998779296875,3191,0.0,0.0,0.0
2024-01-25 15:30:00-05:00,54.356300354003906,54.356300354003906,54.356300354003906,54.356300354003906,0,0.0,0.0,0.0
2024-01-26 09:30:00-05:00,54.54999923706055,54.54999923706055,54.54999923706055,54.54999923706055,8298,0.0,0.0,0.0
2024-01-26 10:30:00-05:00,54.5546989440918,54.58000183105469,54.5546989440918,54.58000183105469,535,0.0,0.0,0.0
2024-01-26 12:30:00-05:00,54.44990158081055,54.44990158081055,54.44990158081055,54.44990158081055,289,0.0,0.0,0.0
2024-01-26 14:30:00-05:00,54.459999084472656,54.48569869995117,54.459999084472656,54.48569869995117,190,0.0,0.0,0.0
2024-01-29 09:30:00-05:00,54.470001220703125,54.4900016784668,54.470001220703125,54.4900016784668,13299,0.0,0.0,0.0
2024-01-29 10:30:00-05:00,54.44990158081055,54.44990158081055,54.380001068115234,54.380001068115234,0,0.0,0.0,0.0
2024-01-29 11:30:00-05:00,54.36109924316406,54.36109924316406,54.36029815673828,54.36029815673828,24593,0.0,0.0,0.0
2024-01-29 13:30:00-05:00,54.46969985961914,54.46969985961914,54.46969985961914,54.46969985961914,245,0.0,0.0,0.0
2024-01-29 15:30:00-05:00,54.68000030517578,54.6974983215332,54.68000030517578,54.6974983215332,0,0.0,0.0,0.0
2024-01-30 09:30:00-05:00,54.619998931884766,54.619998931884766,54.619998931884766,54.619998931884766,264,0.0,0.0,0.0
2024-01-30 10:30:00-05:00,54.647701263427734,54.647701263427734,54.647701263427734,54.647701263427734,160,0.0,0.0,0.0
2024-01-30 11:30:00-05:00,54.77000045776367,54.77000045776367,54.77000045776367,54.77000045776367,2092,0.0,0.0,0.0
2024-01-30 12:30:00-05:00,54.810001373291016,54.810001373291016,54.810001373291016,54.810001373291016,373,0.0,0.0,0.0
2024-01-30 13:30:00-05:00,54.900001525878906,54.900001525878906,54.900001525878906,54.900001525878906,216,0.0,0.0,0.0
2024-01-30 14:30:00-05:00,54.849998474121094,54.86589813232422,54.849998474121094,54.86589813232422,162,0.0,0.0,0.0
2024-01-31 09:30:00-05:00,54.86000061035156,54.880001068115234,54.709999084472656,54.709999084472656,9726,0.0,0.0,0.0
2024-01-31 10:30:00-05:00,54.68040084838867,54.68040084838867,54.68040084838867,54.68040084838867,677,0.0,0.0,0.0
2024-01-31 12:30:00-05:00,54.599998474121094,54.599998474121094,54.599998474121094,54.599998474121094,195,0.0,0.0,0.0
2024-01-31 13:30:00-05:00,54.540000915527344,54.564998626708984,54.540000915527344,54.540000915527344,376,0.0,0.0,0.0
2024-01-31 14:30:00-05:00,54.380001068115234,54.380001068115234,54.380001068115234,54.380001068115234,100,0.0,0.0,0.0
2024-01-31 15:30:00-05:00,54.310001373291016,54.32979965209961,54.27199935913086,54.32979965209961,0,0.0,0.0,0.0
2024-02-01 09:30:00-05:00,54.279998779296875,54.359901428222656,54.279998779296875,54.349998474121094,20060,0.0,0.0,0.0
2024-02-01 10:30:00-05:00,54.439998626708984,54.439998626708984,54.439998626708984,54.439998626708984,201,0.0,0.0,0.0
2024-02-01 11:30:00-05:00,54.45840072631836,54.45840072631836,54.45840072631836,54.45840072631836,838,0.0,0.0,0.0
2024-02-01 12:30:00-05:00,54.64149856567383,54.709999084472656,54.64149856567383,54.709999084472656,1303,0.0,0.0,0.0
2024-02-01 14:30:00-05:00,54.79999923706055,54.91400146484375,54.79999923706055,54.91400146484375,0,0.0,0.0,0.0
2024-02-02 09:30:00-05:00,54.68000030517578,54.68000030517578,54.68000030517578,54.68000030517578,261,0.0,0.0,0.0
2024-02-02 10:30:00-05:00,54.720001220703125,54.720001220703125,54.71500015258789,54.720001220703125,675,0.0,0.0,0.0
2024-02-02 13:30:00-05:00,54.9900016784668,55.0890007019043,54.9900016784668,55.0890007019043,658,0.0,0.0,0.0
2024-02-02 15:30:00-05:00,55.09000015258789,55.0900993347168,55.049800872802734,55.049800872802734,2980,0.0,0.0,0.0
2024-02-05 09:30:00-05:00,54.849998474121094,54.849998474121094,54.38999938964844,54.41999816894531,0,0.0,0.0,0.0
2024-02-05 11:30:00-05:00,54.52000045776367,54.56999969482422,54.52000045776367,54.560001373291016,1476,0.0,0.0,0.0
2024-02-05 13:30:00-05:00,54.68000030517578,54.72060012817383,54.68000030517578,54.72060012817383,1999,0.0,0.0,0.0
2024-02-06 09:30:00-05:00,54.779998779296875,54.779998779296875,54.75,54.75,328,0.0,0.0,0.0
2024-02-06 10:30:00-05:00,54.89179992675781,54.89179992675781,54.89179992675781,54.89179992675781,3192,0.0,0.0,0.0
2024-02-06 11:30:00-05:00,54.7869987487793,54.7869987487793,54.7869987487793,54.7869987487793,1186,0.0,0.0,0.0
2024-02-06 13:30:00-05:00,54.81999969482422,54.81999969482422,54.797401428222656,54.797401428222656,495,0.0,0.0,0.0
2024-02-07 09:30:00-05:00,55.11000061035156,55.11000061035156,54.900001525878906,54.900001525878906,0,0.0,0.0,0.0
2024-02-07 10:30:00-05:00,54.95000076293945,54.974300384521484,54.95000076293945,54.95119857788086,499,0.0,0.0,0.0
2024-02-07 11:30:00-05:00,54.95000076293945,54.95000076293945,54.914398193359375,54.914398193359375,0,0.0,0.0,0.0
2024-02-08 10:30:00-05:00,54.84000015258789,54.84000015258789,54.84000015258789,54.84000015258789,368,0.0,0.0,0.0
2024-02-08 11:30:00-05:00,54.760101318359375,54.79999923706055,54.760101318359375,54.79999923706055,649,0.0,0.0,0.0
2024-02-08 12:30:00-05:00,54.84000015258789,54.93109893798828,54.84000015258789,54.93109893798828,541,0.0,0.0,0.0
2024-02-08 13:30:00-05:00,54.910701751708984,54.910701751708984,54.910701751708984,54.910701751708984,316,0.0,0.0,0.0
2024-02-08 14:30:00-05:00,54.919898986816406,54.935298919677734,54.919898986816406,54.935298919677734,1739,0.0,0.0,0.0
2024-02-08 15:30:00-05:00,54.95000076293945,54.95000076293945,54.9463996887207,54.9463996887207,1800,0.0,0.0,0.0
2024-02-09 09:30:00-05:00,55.0,55.02000045776367,54.88999938964844,55.02000045776367,0,0.0,0.0,0.0
2024-02-09 12:30:00-05:00,54.960899353027344,54.960899353027344,54.960899353027344,54.960899353027344,216,0.0,0.0,0.0
2024-02-09 13:30:00-05:00,54.939998626708984,54.9900016784668,54.939998626708984,54.9900016784668,275,0.0,0.0,0.0
2024-02-09 14:30:00-05:00,55.089900970458984,55.089900970458984,55.060001373291016,55.060001373291016,606,0.0,0.0,0.0
2024-02-09 15:30:00-05:00,55.029998779296875,55.029998779296875,55.029998779296875,55.029998779296875,241,0.0,0.0,0.0
2024-02-12 10:30:00-05:00,55.08000183105469,55.13999938964844,55.08000183105469,55.13999938964844,747,0.0,0.0,0.0
2024-02-12 11:30:00-05:00,55.26499938964844,55.26499938964844,55.26499938964844,55.26499938964844,183,0.0,0.0,0.0
2024-02-12 12:30:00-05:00,55.22999954223633,55.29999923706055,55.22999954223633,55.29999923706055,725,0.0,0.0,0.0
2024-02-12 13:30:00-05:00,55.29999923706055,55.29999923706055,55.27000045776367,55.27000045776367,1863,0.0,0.0,0.0
2024-02-12 15:30:00-05:00,55.16999816894531,55.16999816894531,55.16999816894531,55.16999816894531,365,0.0,0.0,0.0
2024-02-13 09:30:00-05:00,54.45000076293945,54.45000076293945,54.42219924926758,54.42219924926758,0,0.0,0.0,0.0
2024-02-13 10:30:00-05:00,54.43000030517578,54.43000030517578,54.43000030517578,54.43000030517578,2810,0.0,0.0,0.0
2024-02-13 11:30:00-05:00,54.60499954223633,54.60499954223633,54.60499954223633,54.60499954223633,345,0.0,0.0,0.0
2024-02-13 14:30:00-05:00,54.119998931884766,54.119998931884766,54.09000015258789,54.09000015258789,282,0.0,0.0,0.0
2024-02-13 15:30:00-05:00,54.38999938964844,54.38999938964844,54.38999938964844,54.38999938964844,0,0.0,0.0,0.0
2024-02-14 10:30:00-05:00,54.5,54.5,54.459999084472656,54.46009826660156,1961,0.0,0.0,0.0
2024-02-14 12:30:00-05:00,54.439998626708984,54.45000076293945,54.439998626708984,54.45000076293945,807,0.0,0.0,0.0
2024-02-14 13:30:00-05:00,54.41999816894531,54.5192985534668,54.41999816894531,54.5192985534668,777,0.0,0.0,0.0
2024-02-14 15:30:00-05:00,54.599998474121094,54.68000030517578,54.599998474121094,54.68000030517578,0,0.0,0.0,0.0
2024-02-15 09:30:00-05:00,54.900001525878906,55.040000915527344,54.900001525878906,55.040000915527344,1401,0.0,0.0,0.0
2024-02-15 10:30:00-05:00,54.88999938964844,54.89500045776367,54.88999938964844,54.88999938964844,13542,0.0,0.0,0.0
2024-02-15 11:30:00-05:00,54.89759826660156,54.89759826660156,54.89759826660156,54.89759826660156,462,0.0,0.0,0.0
2024-02-15 14:30:00-05:00,55.08000183105469,55.09000015258789,55.06999969482422,55.078800201416016,1140,0.0,0.0,0.0
2024-02-16 09:30:00-05:00,54.91999816894531,54.91999816894531,54.84000015258789,54.84000015258789,0,0.0,0.0,0.0
2024-02-16 10:30:00-05:00,54.86000061035156,54.880001068115234,54.86000061035156,54.880001068115234,6055,0.0,0.0,0.0
2024-02-16 13:30:00-05:00,54.97010040283203,54.97010040283203,54.97010040283203,54.97010040283203,137,0.0,0.0,0.0
2024-02-20 09:30:00-05:00,54.36000061035156,54.36000061035156,54.36000061035156,54.36000061035156,0,0.0,0.0,0.0
2024-02-20 10:30:00-05:00,54.75,54.7599983215332,54.744998931884766,54.75,1952,0.0,0.0,0.0
2024-02-20 12:30:00-05:00,54.619998931884766,54.619998931884766,54.582298278808594,54.582298278808594,245,0.0,0.0,0.0
2024-02-21 09:30:00-05:00,54.36000061035156,54.66999816894531,54.36000061035156,54.66999816894531,10013,0.0,0.0,0.0
2024-02-21 10:30:00-05:00,54.63999938964844,54.650001525878906,54.63999938964844,54.63999938964844,1392,0.0,0.0,0.0
2024-02-21 12:30:00-05:00,54.571800231933594,54.571800231933594,54.56999969482422,54.56999969482422,835,0.0,0.0,0.0
2024-02-21 13:30:00-05:00,54.540000915527344,54.54010009765625,54.540000915527344,54.54010009765625,492,0.0,0.0,0.0
2024-02-21 14:30:00-05:00,54.439998626708984,54.439998626708984,54.439998626708984,54.439998626708984,660,0.0,0.0,0.0
2024-02-21 15:30:00-05:00,54.46500015258789,54.72999954223633,54.46500015258789,54.72999954223633,1967,0.0,0.0,0.0
2024-02-22 09:30:00-05:00,54.970001220703125,55.13999938964844,54.970001220703125,54.9900016784668,0,0.0,0.0,0.0
2024-02-22 15:30:00-05:00,55.349998474121094,55.38999938964844,55.34989929199219,55.381500244140625,0,0.0,0.0,0.0
2024-02-23 09:30:00-05:00,55.6349983215332,55.6349983215332,55.6349983215332,55.6349983215332,575,0.0,0.0,0.0
2024-02-23 13:30:00-05:00,55.63710021972656,55.63710021972656,55.63710021972656,55.63710021972656,187,0.0,0.0,0.0
2024-02-23 14:30:00-05:00,55.665000915527344,55.69160079956055,55.665000915527344,55.69160079956055,181,0.0,0.0,0.0
2024-02-26 09:30:00-05:00,55.4900016784668,55.7505989074707,55.4900016784668,55.7505989074707,2052,0.0,0.0,0.0
2024-02-26 10:30:00-05:00,55.81999969482422,55.81999969482422,55.79999923706055,55.810001373291016,5791,0.0,0.0,0.0
2024-02-26 12:30:00-05:00,55.810001373291016,55.810001373291016,55.720001220703125,55.720001220703125,2084,0.0,0.0,0.0
2024-02-26 14:30:00-05:00,55.7400016784668,55.75,55.7400016784668,55.75,1697,0.0,0.0,0.0
2024-02-26 15:30:00-05:00,55.7400016784668,55.7400016784668,55.65999984741211,55.65999984741211,0,0.0,0.0,0.0
2024-02-27 09:30:00-05:00,55.77429962158203,55.77429962158203,55.77429962158203,55.77429962158203,3739,0.0,0.0,0.0
2024-02-27 10:30:00-05:00,55.68769836425781,55.68769836425781,55.68769836425781,55.68769836425781,797,0.0,0.0,0.0
2024-02-27 11:30:00-05:00,55.66999816894531,55.720001220703125,55.66999816894531,55.720001220703125,3486,0.0,0.0,0.0
2024-02-27 15:30:00-05:00,55.74570083618164,55.81060028076172,55.74570083618164,55.81060028076172,610,0.0,0.0,0.0
2024-02-28 09:30:00-05:00,55.83000183105469,55.90999984741211,55.83000183105469,55.90999984741211,5856,0.0,0.0,0.0
2024-02-28 10:30:00-05:00,55.95000076293945,56.040000915527344,55.95000076293945,56.03990173339844,2184,0.0,0.0,0.0
2024-02-28 12:30:00-05:00,55.90840148925781,55.939998626708984,55.90840148925781,55.939998626708984,566,0.0,0.0,0.0
2024-02-28 13:30:00-05:00,55.95500183105469,55.95500183105469,55.93989944458008,55.93989944458008,1415,0.0,0.0,0.0
2024-02-28 15:30:00-05:00,55.939998626708984,55.939998626708984,55.933998107910156,55.933998107910156,0,0.0,0.0,0.0
2024-02-29 09:30:00-05:00,55.98699951171875,56.029998779296875,55.98699951171875,56.02000045776367,5015,0.0,0.0,0.0
2024-02-29 10:30:00-05:00,56.040401458740234,56.040401458740234,56.040401458740234,56.040401458740234,121,0.0,0.0,0.0
2024-02-29 11:30:00-05:00,55.97999954223633,55.97999954223633,55.97999954223633,55.97999954223633,286,0.0,0.0,0.0
2024-02-29 13:30:00-05:00,56.04819869995117,56.1869010925293,56.04819869995117,56.1869010925293,0,0.0,0.0,0.0
2024-03-01 10:30:00-05:00,56.43000030517578,56.4900016784668,56.43000030517578,56.489898681640625,1554,0.0,0.0,0.0
2024-03-01 13:30:00-05:00,56.57630157470703,56.61759948730469,56.57630157470703,56.61759948730469,232,0.0,0.0,0.0
2024-03-04 09:30:00-05:00,56.5099983215332,56.869998931884766,56.5099983215332,56.869998931884766,9370,0.0,0.0,0.0
2024-03-04 11:30:00-05:00,56.83000183105469,56.83000183105469,56.83000183105469,56.83000183105469,244,0.0,0.0,0.0
2024-03-04 12:30:00-05:00,56.83150100708008,56.83150100708008,56.83150100708008,56.83150100708008,147,0.0,0.0,0.0
2024-03-04 13:30:00-05:00,56.83300018310547,56.83300018310547,56.83300018310547,56.83300018310547,484,0.0,0.0,0.0
2024-03-04 14:30:00-05:00,56.79050064086914,56.83000183105469,56.79050064086914,56.83000183105469,1433,0.0,0.0,0.0
2024-03-04 15:30:00-05:00,56.72100067138672,56.72100067138672,56.70589828491211,56.70589828491211,233,0.0,0.0,0.0
2024-03-05 09:30:00-05:00,56.720001220703125,56.720001220703125,56.65999984741211,56.65999984741211,0,0.0,0.0,0.0
2024-03-05 10:30:00-05:00,56.71989822387695,56.71989822387695,56.63999938964844,56.63999938964844,272,0.0,0.0,0.0
2024-03-05 11:30:00-05:00,56.689998626708984,56.69499969482422,56.59000015258789,56.69499969482422,496,0.0,0.0,0.0
2024-03-05 12:30:00-05:00,56.625,56.625,56.625,56.625,119,0.0,0.0,0.0
2024-03-05 13:30:00-05:00,56.66999816894531,56.66999816894531,56.560001373291016,56.560001373291016,10759,0.0,0.0,0.0
2024-03-05 15:30:00-05:00,56.33000183105469,56.4380989074707,56.31999969482422,56.4380989074707,0,0.0,0.0,0.0
2024-03-06 09:30:00-05:00,56.72999954223633,56.750099182128906,56.72999954223633,56.750099182128906,619,0.0,0.0,0.0
2024-03-06 10:30:00-05:00,56.810001373291016,56.91999816894531,56.810001373291016,56.88999938964844,55768,0.0,0.0,0.0
2024-03-06 12:30:00-05:00,56.92539978027344,56.92539978027344,56.92539978027344,56.92539978027344,246,0.0,0.0,0.0
2024-03-06 13:30:00-05:00,56.910499572753906,56.910499572753906,56.77000045776367,56.78499984741211,1028,0.0,0.0,0.0
2024-03-06 14:30:00-05:00,56.72999954223633,56.7400016784668,56.72999954223633,56.7400016784668,393,0.0,0.0,0.0
2024-03-06 15:30:00-05:00,56.744998931884766,56.79999923706055,56.744998931884766,56.785099029541016,0,0.0,0.0,0.0
2024-03-07 10:30:00-05:00,57.13999938964844,57.16999816894531,57.125,57.1598014831543,14209,0.0,0.0,0.0
2024-03-07 12:30:00-05:00,57.130001068115234,57.130001068115234,57.130001068115234,57.130001068115234,308,0.0,0.0,0.0
2024-03-07 14:30:00-05:00,57.214599609375,57.214599609375,57.214599609375,57.214599609375,349,0.0,0.0,0.0
2024-03-07 15:30:00-05:00,57.26499938964844,57.26499938964844,57.2599983215332,57.26100158691406,0,0.0,0.0,0.0
2024-03-08 09:30:00-05:00,57.34000015258789,57.36069869995117,57.220001220703125,57.36069869995117,1496,0.0,0.0,0.0
2024-03-08 11:30:00-05:00,57.29999923706055,57.29999923706055,57.29999923706055,57.29999923706055,1586,0.0,0.0,0.0
2024-03-08 13:30:00-05:00,57.130001068115234,57.18000030517578,57.130001068115234,57.18000030517578,6445,0.0,0.0,0.0
2024-03-11 09:30:00-04:00,56.95989990234375,56.95989990234375,56.779998779296875,56.779998779296875,0,0.0,0.0,0.0
2024-03-11 10:30:00-04:00,56.81999969482422,56.81999969482422,56.72100067138672,56.72100067138672,3046,0.0,0.0,0.0
2024-03-11 12:30:00-04:00,56.93000030517578,56.96480178833008,56.902198791503906,56.96480178833008,1562,0.0,0.0,0.0
2024-03-11 13:30:00-04:00,57.02000045776367,57.040000915527344,56.994998931884766,57.03499984741211,1214,0.0,0.0,0.0
2024-03-11 14:30:00-04:00,57.11840057373047,57.11840057373047,57.11840057373047,57.11840057373047,262,0.0,0.0,0.0
2024-03-11 15:30:00-04:00,57.08000183105469,57.099998474121094,57.08000183105469,57.09989929199219,1800,0.0,0.0,0.0
2024-03-12 09:30:00-04:00,57.33000183105469,57.33000183105469,57.33000183105469,57.33000183105469,4310,0.0,0.0,0.0
2024-03-12 10:30:00-04:00,57.38999938964844,57.40340042114258,57.369998931884766,57.40340042114258,872,0.0,0.0,0.0
2024-03-12 12:30:00-04:00,57.14979934692383,57.14979934692383,57.14979934692383,57.14979934692383,448,0.0,0.0,0.0
2024-03-12 14:30:00-04:00,57.400001525878906,57.400001525878906,57.380001068115234,57.38819885253906,0,0.0,0.0,0.0
2024-03-13 09:30:00-04:00,57.560001373291016,57.560001373291016,57.4900016784668,57.4900016784668,1964,0.0,0.0,0.0
2024-03-13 11:30:00-04:00,57.499900817871094,57.499900817871094,57.499900817871094,57.499900817871094,265,0.0,0.0,0.0
2024-03-13 12:30:00-04:00,57.470001220703125,57.579898834228516,57.470001220703125,57.529998779296875,1370,0.0,0.0,0.0
2024-03-13 13:30:00-04:00,57.564998626708984,57.56999969482422,57.430198669433594,57.430198669433594,0,0.0,0.0,0.0
2024-03-14 10:30:00-04:00,57.148799896240234,57.148799896240234,57.148799896240234,57.148799896240234,716,0.0,0.0,0.0
2024-03-14 11:30:00-04:00,57.04999923706055,57.08000183105469,57.04999923706055,57.08000183105469,464,0.0,0.0,0.0
2024-03-14 14:30:00-04:00,57.040000915527344,57.04010009765625,57.0,57.0,470,0.0,0.0,0.0
2024-03-14 15:30:00-04:00,56.94499969482422,57.09170150756836,56.94499969482422,57.09170150756836,0,0.0,0.0,0.0
2024-03-15 10:30:00-04:00,57.2400016784668,57.2400016784668,57.22999954223633,57.22999954223633,497,0.0,0.0,0.0
2024-03-15 11:30:00-04:00,57.11000061035156,57.11000061035156,57.11000061035156,57.11000061035156,612,0.0,0.0,0.0
2024-03-15 12:30:00-04:00,57.060001373291016,57.060001373291016,57.060001373291016,57.060001373291016,400,0.0,0.0,0.0
2024-03-15 14:30:00-04:00,57.04499816894531,57.04499816894531,57.04499816894531,57.04499816894531,172,0.0,0.0,0.0
2024-03-15 15:30:00-04:00,56.97050094604492,56.99679946899414,56.97050094604492,56.99679946899414,272,0.0,0.0,0.0
2024-03-18 09:30:00-04:00,57.20000076293945,57.23500061035156,57.189998626708984,57.23500061035156,4402,0.0,0.0,0.0
2024-03-18 11:30:00-04:00,57.22999954223633,57.25,57.15999984741211,57.18009948730469,1310,0.0,0.0,0.0
2024-03-18 12:30:00-04:00,57.23759841918945,57.23759841918945,57.013099670410156,57.013099670410156,384,0.0,0.0,0.0
2024-03-19 09:30:00-04:00,56.959999084472656,57.149898529052734,56.959999084472656,57.099998474121094,0,0.0,0.0,0.0
2024-03-19 12:30:00-04:00,57.31010055541992,57.41780090332031,57.31010055541992,57.41780090332031,0,0.0,0.0,0.0
2024-03-20 10:30:00-04:00,57.5,57.5,57.474998474121094,57.5,1520,0.0,0.0,0.0
2024-03-20 12:30:00-04:00,57.459999084472656,57.47999954223633,57.43000030517578,57.43009948730469,1314,0.0,0.0,0.0
2024-03-20 13:30:00-04:00,57.442901611328125,57.442901611328125,57.442901611328125,57.442901611328125,205,0.0,0.0,0.0
2024-03-20 14:30:00-04:00,57.81990051269531,57.829200744628906,57.81990051269531,57.829200744628906,243,0.0,0.0,0.0
2024-03-21 09:30:00-04:00,57.880001068115234,57.880001068115234,57.880001068115234,57.880001068115234,0,0.0,0.0,0.0
2024-03-21 10:30:00-04:00,57.959999084472656,58.00630187988281,57.959999084472656,58.00630187988281,542,0.0,0.0,0.0
2024-03-21 11:30:00-04:00,58.025001525878906,58.025001525878906,58.025001525878906,58.025001525878906,147,0.0,0.0,0.0
2024-03-21 12:30:00-04:00,58.019901275634766,58.02000045776367,58.0015983581543,58.0015983581543,0,0.0,0.0,0.0
2024-03-22 09:30:00-04:00,57.87929916381836,57.91999816894531,57.81999969482422,57.849998474121094,6797,0.0,0.0,0.0
2024-03-22 10:30:00-04:00,57.777000427246094,57.777000427246094,57.777000427246094,57.777000427246094,412,0.0,0.0,0.0
2024-03-22 12:30:00-04:00,57.779998779296875,57.79999923706055,57.779998779296875,57.79999923706055,2516,0.0,0.0,0.0
2024-03-22 13:30:00-04:00,57.82500076293945,57.83000183105469,57.82500076293945,57.83000183105469,1164,0.0,0.0,0.0
2024-03-22 14:30:00-04:00,57.755001068115234,57.755001068115234,57.755001068115234,57.755001068115234,101,0.0,0.0,0.0
2024-03-22 15:30:00-04:00,57.810001373291016,57.810001373291016,57.789100646972656,57.789100646972656,215,0.0,0.0,0.0
2024-03-25 09:30:00-04:00,57.7400016784668,57.7400016784668,57.59000015258789,57.59000015258789,0,0.0,0.0,0.0
2024-03-25 10:30:00-04:00,57.67499923706055,57.67499923706055,57.58000183105469,57.6349983215332,5707,0.0,0.0,0.0
2024-03-25 11:30:00-04:00,57.58000183105469,57.58000183105469,57.560001373291016,57.560001373291016,1842,0.0,0.0,0.0
2024-03-25 12:30:00-04:00,57.595001220703125,57.595001220703125,57.595001220703125,57.595001220703125,102,0.0,0.0,0.0
2024-03-25 13:30:00-04:00,57.55500030517578,57.55500030517578,57.55500030517578,57.55500030517578,238,0.0,0.0,0.0
2024-03-25 14:30:00-04:00,57.54499816894531,57.54499816894531,57.4900016784668,57.5099983215332,1697,0.0,0.0,0.0
2024-03-25 15:30:00-04:00,57.4900016784668,57.5,57.428199768066406,57.428199768066406,0,0.0,0.0,0.0
2024-03-26 09:30:00-04:00,57.619998931884766,57.630001068115234,57.599998474121094,57.599998474121094,519,0.0,0.0,0.0
2024-03-26 10:30:00-04:00,57.56999969482422,57.61000061035156,57.56999969482422,57.59989929199219,2476,0.0,0.0,0.0
2024-03-26 13:30:00-04:00,57.55500030517578,57.55500030517578,57.53030014038086,57.54029846191406,571,0.0,0.0,0.0
2024-03-26 15:30:00-04:00,57.540000915527344,57.540000915527344,57.40869903564453,57.40869903564453,0,0.0,0.0,0.0
2024-03-27 09:30:00-04:00,57.86000061035156,57.869998931884766,57.86000061035156,57.869998931884766,499,0.0,0.0,0.0
2024-03-27 11:30:00-04:00,57.77040100097656,57.77040100097656,57.77040100097656,57.77040100097656,256,0.0,0.0,0.0
2024-03-27 13:30:00-04:00,57.859901428222656,57.859901428222656,57.859901428222656,57.859901428222656,350,0.0,0.0,0.0
2024-03-27 14:30:00-04:00,57.869998931884766,57.90999984741211,57.81999969482422,57.90999984741211,3703,0.0,0.0,0.0
2024-03-27 15:30:00-04:00,57.91999816894531,58.104801177978516,57.91999816894531,58.104801177978516,0,0.0,0.0,0.0
2024-03-28 10:30:00-04:00,58.220001220703125,58.23749923706055,58.220001220703125,58.23749923706055,4887,0.0,0.0,0.0
2024-03-28 11:30:00-04:00,58.275001525878906,58.275001525878906,58.275001525878906,58.275001525878906,130,0.0,0.0,0.0
2024-03-28 12:30:00-04:00,58.25,58.25,58.20500183105469,58.209999084472656,371,0.0,0.0,0.0
2024-03-28 13:30:00-04:00,58.1973991394043,58.1973991394043,58.1973991394043,58.1973991394043,888,0.0,0.0,0.0
2024-03-28 14:30:00-04:00,58.2400016784668,58.31999969482422,58.2400016784668,58.31999969482422,470,0.0,0.0,0.0
2024-03-28 15:30:00-04:00,58.310001373291016,58.310001373291016,58.28499984741211,58.30080032348633,214,0.0,0.0,0.0
2024-04-01 09:30:00-04:00,58.52000045776367,58.52000045776367,58.04999923706055,58.11000061035156,0,0.0,0.0,0.0
2024-04-01 10:30:00-04:00,58.0,58.025001525878906,57.970401763916016,57.970401763916016,733,0.0,0.0,0.0
2024-04-01 13:30:00-04:00,57.95140075683594,57.97999954223633,57.95009994506836,57.95009994506836,1416,0.0,0.0,0.0
2024-04-01 15:30:00-04:00,57.97359848022461,58.0,57.97359848022461,58.0,0,0.0,0.0,0.0
2024-04-02 09:30:00-04:00,57.459999084472656,57.5099983215332,57.459999084472656,57.470001220703125,9412,0.0,0.0,0.0
2024-04-02 10:30:00-04:00,57.47719955444336,57.47719955444336,57.47719955444336,57.47719955444336,557,0.0,0.0,0.0
2024-04-02 11:30:00-04:00,57.507999420166016,57.507999420166016,57.375,57.375,901,0.0,0.0,0.0
2024-04-02 12:30:00-04:00,57.439998626708984,57.44820022583008,57.369998931884766,57.369998931884766,2644,0.0,0.0,0.0
2024-04-02 15:30:00-04:00,57.4900016784668,57.52199935913086,57.4900016784668,57.5099983215332,1153,0.0,0.0,0.0
2024-04-03 09:30:00-04:00,57.689998626708984,57.689998626708984,57.54999923706055,57.665000915527344,0,0.0,0.0,0.0
2024-04-03 10:30:00-04:00,57.70000076293945,57.78499984741211,57.67499923706055,57.78499984741211,1147,0.0,0.0,0.0
2024-04-03 11:30:00-04:00,57.779998779296875,57.779998779296875,57.68000030517578,57.68000030517578,1261,0.0,0.0,0.0
2024-04-03 12:30:00-04:00,57.66999816894531,57.7505989074707,57.66999816894531,57.7505989074707,1204,0.0,0.0,0.0
2024-04-03 14:30:00-04:00,57.650001525878906,57.650001525878906,57.529998779296875,57.529998779296875,337,0.0,0.0,0.0
2024-04-03 15:30:00-04:00,57.582401275634766,57.6328010559082,57.582401275634766,57.6328010559082,109,0.0,0.0,0.0
2024-04-04 09:30:00-04:00,58.08000183105469,58.08000183105469,58.08000183105469,58.08000183105469,0,0.0,0.0,0.0
2024-04-04 10:30:00-04:00,57.9900016784668,57.9900016784668,57.9900016784668,57.9900016784668,285,0.0,0.0,0.0
2024-04-04 14:30:00-04:00,57.209999084472656,57.209999084472656,56.959999084472656,56.986698150634766,0,0.0,0.0,0.0
2024-04-05 10:30:00-04:00,57.06999969482422,57.170101165771484,57.06999969482422,57.150001525878906,1125,0.0,0.0,0.0
2024-04-05 12:30:00-04:00,57.41999816894531,57.41999816894531,57.33039855957031,57.33039855957031,425,0.0,0.0,0.0
2024-04-08 10:30:00-04:00,57.380001068115234,57.400001525878906,57.380001068115234,57.400001525878906,0,0.0,0.0,0.0
2024-04-08 12:30:00-04:00,57.29999923706055,57.30009841918945,57.29999923706055,57.30009841918945,672,0.0,0.0,0.0
2024-04-08 15:30:00-04:00,57.255001068115234,57.255001068115234,57.221099853515625,57.221099853515625,0,0.0,0.0,0.0
2024-04-09 10:30:00-04:00,56.75,56.88990020751953,56.75,56.88990020751953,1436,0.0,0.0,0.0
2024-04-09 11:30:00-04:00,56.970001220703125,57.060001373291016,56.970001220703125,57.060001373291016,2116,0.0,0.0,0.0
2024-04-09 12:30:00-04:00,57.060001373291016,57.06999969482422,56.9900016784668,56.9900016784668,3450,0.0,0.0,0.0
2024-04-09 14:30:00-04:00,57.02560043334961,57.20840072631836,57.02560043334961,57.20840072631836,0,0.0,0.0,0.0
2024-04-10 09:30:00-04:00,56.70000076293945,56.84000015258789,56.70000076293945,56.84000015258789,1074,0.0,0.0,0.0
2024-04-10 15:30:00-04:00,56.56880187988281,56.56880187988281,56.48099899291992,56.48099899291992,0,0.0,0.0,0.0
2024-04-11 09:30:00-04:00,56.28300094604492,56.28300094604492,56.28300094604492,56.28300094604492,943,0.0,0.0,0.0
2024-04-11 10:30:00-04:00,56.34000015258789,56.36000061035156,56.34000015258789,56.36000061035156,1166,0.0,0.0,0.0
2024-04-11 12:30:00-04:00,56.349998474121094,56.350101470947266,56.349998474121094,56.350101470947266,470,0.0,0.0,0.0
2024-04-11 13:30:00-04:00,56.60240173339844,56.60240173339844,56.60240173339844,56.60240173339844,619,0.0,0.0,0.0
2024-04-11 14:30:00-04:00,56.709999084472656,56.709999084472656,56.59040069580078,56.59040069580078,0,0.0,0.0,0.0
2024-04-12 09:30:00-04:00,56.11000061035156,56.11000061035156,56.11000061035156,56.11000061035156,947,0.0,0.0,0.0
2024-04-12 12:30:00-04:00,55.86000061035156,55.86000061035156,55.779998779296875,55.779998779296875,274,0.0,0.0,0.0
2024-04-12 13:30:00-04:00,55.8650016784668,55.8650016784668,55.8650016784668,55.8650016784668,152,0.0,0.0,0.0
2024-04-12 14:30:00-04:00,55.7400016784668,55.7400016784668,55.709999084472656,55.709999084472656,749,0.0,0.0,0.0
2024-04-12 15:30:00-04:00,55.790000915527344,55.790000915527344,55.78179931640625,55.78179931640625,907,0.0,0.0,0.0
2024-04-15 09:30:00-04:00,56.279998779296875,56.439998626708984,56.279998779296875,56.3849983215332,0,0.0,0.0,0.0
2024-04-15 11:30:00-04:00,55.95000076293945,55.95009994506836,55.95000076293945,55.95009994506836,346,0.0,0.0,0.0
2024-04-15 12:30:00-04:00,55.790199279785156,55.790199279785156,55.790199279785156,55.790199279785156,152,0.0,0.0,0.0
2024-04-15 13:30:00-04:00,55.59000015258789,55.61000061035156,55.47800064086914,55.47800064086914,4575,0.0,0.0,0.0
2024-04-15 14:30:00-04:00,55.439998626708984,55.439998626708984,55.334999084472656,55.334999084472656,251,0.0,0.0,0.0
2024-04-15 15:30:00-04:00,55.349998474121094,55.385501861572266,55.349998474121094,55.385501861572266,0,0.0,0.0,0.0
2024-04-16 09:30:00-04:00,55.22999954223633,55.30839920043945,55.209999084472656,55.209999084472656,1744,0.0,0.0,0.0
2024-04-16 11:30:00-04:00,55.355201721191406,55.355201721191406,55.355201721191406,55.355201721191406,260,0.0,0.0,0.0
2024-04-16 12:30:00-04:00,55.25,55.250099182128906,55.25,55.250099182128906,354,0.0,0.0,0.0
2024-04-16 13:30:00-04:00,55.279998779296875,55.472999572753906,55.14500045776367,55.26689910888672,954,0.0,0.0,0.0
2024-04-17 09:30:00-04:00,55.560001373291016,55.560001373291016,55.560001373291016,55.560001373291016,0,0.0,0.0,0.0
2024-04-17 10:30:00-04:00,55.25130081176758,55.25130081176758,55.25130081176758,55.25130081176758,385,0.0,0.0,0.0
2024-04-17 11:30:00-04:00,55.02899932861328,55.029998779296875,55.0,55.01070022583008,2980,0.0,0.0,0.0
2024-04-17 12:30:00-04:00,54.849998474121094,54.849998474121094,54.849998474121094,54.849998474121094,186,0.0,0.0,0.0
2024-04-17 13:30:00-04:00,55.0099983215332,55.0099983215332,55.0099983215332,55.0099983215332,1428,0.0,0.0,0.0
2024-04-17 14:30:00-04:00,55.07400131225586,55.08000183105469,54.999900817871094,55.0099983215332,0,0.0,0.0,0.0
2024-04-17 15:30:00-04:00,54.97999954223633,54.97999954223633,54.97999954223633,54.97999954223633,27,0.0,0.0,0.0
2024-04-18 10:30:00-04:00,55.25,55.369998931884766,55.25,55.36000061035156,2036,0.0,0.0,0.0
2024-04-18 12:30:00-04:00,55.150001525878906,55.150001525878906,55.150001525878906,55.150001525878906,1403,0.0,0.0,0.0
2024-04-18 15:30:00-04:00,54.93000030517578,54.93000030517578,54.864200592041016,54.864200592041016,1411,0.0,0.0,0.0
2024-04-19 09:30:00-04:00,55.119998931884766,55.119998931884766,55.11989974975586,55.11989974975586,0,0.0,0.0,0.0
2024-04-19 10:30:00-04:00,55.001399993896484,55.001399993896484,55.001399993896484,55.001399993896484,1200,0.0,0.0,0.0
2024-04-19 11:30:00-04:00,55.04999923706055,55.04999923706055,55.04999923706055,55.04999923706055,743,0.0,0.0,0.0
2024-04-19 12:30:00-04:00,55.03200149536133,55.03200149536133,55.03200149536133,55.03200149536133,210,0.0,0.0,0.0
2024-04-19 14:30:00-04:00,54.925201416015625,55.020599365234375,54.925201416015625,55.020599365234375,586,0.0,0.0,0.0
2024-04-22 09:30:00-04:00,55.23500061035156,55.23500061035156,55.23500061035156,55.23500061035156,0,0.0,0.0,0.0
2024-04-22 10:30:00-04:00,55.06489944458008,55.099998474121094,55.06489944458008,55.099998474121094,459,0.0,0.0,0.0
2024-04-22 11:30:00-04:00,55.11000061035156,55.11000061035156,55.11000061035156,55.11000061035156,382,0.0,0.0,0.0
2024-04-22 15:30:00-04:00,55.34000015258789,55.34000015258789,55.34000015258789,55.34000015258789,0,0.0,0.0,0.0
2024-04-23 10:30:00-04:00,55.71070098876953,55.71070098876953,55.70000076293945,55.70000076293945,1787,0.0,0.0,0.0
2024-04-23 11:30:00-04:00,55.598201751708984,55.598201751708984,55.598201751708984,55.598201751708984,858,0.0,0.0,0.0
2024-04-23 15:30:00-04:00,55.678001403808594,55.689998626708984,55.63710021972656,55.63710021972656,0,0.0,0.0,0.0
2024-04-24 10:30:00-04:00,55.45000076293945,55.45009994506836,55.45000076293945,55.45009994506836,3702,0.0,0.0,0.0
2024-04-24 12:30:00-04:00,55.31999969482422,55.44990158081055,55.31999969482422,55.44990158081055,802,0.0,0.0,0.0
2024-04-24 13:30:00-04:00,55.529998779296875,55.599998474121094,55.51499938964844,55.51499938964844,797,0.0,0.0,0.0
2024-04-24 14:30:00-04:00,55.56999969482422,55.56999969482422,55.56999969482422,55.56999969482422,113,0.0,0.0,0.0
2024-04-24 15:30:00-04:00,55.54999923706055,55.628299713134766,55.54999923706055,55.628299713134766,0,0.0,0.0,0.0
2024-04-25 09:30:00-04:00,54.91999816894531,54.96989822387695,54.91999816894531,54.96989822387695,608,0.0,0.0,0.0
2024-04-25 11:30:00-04:00,55.060001373291016,55.060001373291016,55.060001373291016,55.060001373291016,1154,0.0,0.0,0.0
2024-04-25 13:30:00-04:00,55.31999969482422,55.33599853515625,55.22269821166992,55.22269821166992,0,0.0,0.0,0.0
2024-04-26 09:30:00-04:00,55.16999816894531,55.16999816894531,55.16999816894531,55.16999816894531,273,0.0,0.0,0.0
2024-04-26 10:30:00-04:00,55.3650016784668,55.400001525878906,55.3650016784668,55.400001525878906,845,0.0,0.0,0.0
2024-04-26 12:30:00-04:00,55.3400993347168,55.3400993347168,55.29790115356445,55.29790115356445,214,0.0,0.0,0.0
2024-04-29 09:30:00-04:00,55.369998931884766,55.52989959716797,55.369998931884766,55.49679946899414,0,0.0,0.0,0.0
2024-04-29 10:30:00-04:00,55.47999954223633,55.51810073852539,55.47999954223633,55.51810073852539,0,0.0,0.0,0.0
2024-04-30 10:30:00-04:00,55.17300033569336,55.17300033569336,55.16999816894531,55.16999816894531,892,0.0,0.0,0.0
2024-04-30 11:30:00-04:00,55.06999969482422,55.06999969482422,55.0536003112793,55.0536003112793,4086,0.0,0.0,0.0
2024-04-30 12:30:00-04:00,54.959999084472656,54.959999084472656,54.91849899291992,54.91849899291992,4455,0.0,0.0,0.0
2024-04-30 13:30:00-04:00,54.95000076293945,54.974998474121094,54.750701904296875,54.750701904296875,0,0.0,0.0,0.0
2024-05-01 09:30:00-04:00,54.439701080322266,54.439701080322266,54.430301666259766,54.430301666259766,891,0.0,0.0,0.0
2024-05-01 11:30:00-04:00,54.51100158691406,54.55509948730469,54.51100158691406,54.55509948730469,774,0.0,0.0,0.0
2024-05-01 12:30:00-04:00,54.5,54.5,54.5,54.5,101,0.0,0.0,0.0
2024-05-01 13:30:00-04:00,54.54990005493164,54.54990005493164,54.54990005493164,54.54990005493164,227,0.0,0.0,0.0
2024-05-01 14:30:00-04:00,54.959999084472656,54.959999084472656,54.959999084472656,54.959999084472656,372,0.0,0.0,0.0
2024-05-01 15:30:00-04:00,54.45000076293945,54.45000076293945,54.45000076293945,54.45000076293945,0,0.0,0.0,0.0
2024-05-02 09:30:00-04:00,54.5,54.638099670410156,54.5,54.638099670410156,2190,0.0,0.0,0.0
2024-05-02 12:30:00-04:00,54.615299224853516,54.615299224853516,54.615299224853516,54.615299224853516,286,0.0,0.0,0.0
2024-05-02 14:30:00-04:00,54.86069869995117,54.86069869995117,54.7848014831543,54.7848014831543,265,0.0,0.0,0.0
2024-05-03 09:30:00-04:00,55.16999816894531,55.16999816894531,55.0,55.06999969482422,0,0.0,0.0,0.0
2024-05-03 12:30:00-04:00,55.06999969482422,55.19089889526367,55.06999969482422,55.19089889526367,423,0.0,0.0,0.0
2024-05-06 09:30:00-04:00,55.57550048828125,55.57550048828125,55.57550048828125,55.57550048828125,0,0.0,0.0,0.0
2024-05-06 12:30:00-04:00,55.494998931884766,55.529998779296875,55.494998931884766,55.529998779296875,611,0.0,0.0,0.0
2024-05-06 13:30:00-04:00,55.529998779296875,55.64059829711914,55.529998779296875,55.64059829711914,0,0.0,0.0,0.0
2024-05-07 12:30:00-04:00,56.01070022583008,56.01070022583008,56.01070022583008,56.01070022583008,397,0.0,0.0,0.0
2024-05-07 14:30:00-04:00,55.88029861450195,55.88029861450195,55.880001068115234,55.880001068115234,360,0.0,0.0,0.0
2024-05-07 15:30:00-04:00,55.90999984741211,55.90999984741211,55.900299072265625,55.900299072265625,0,0.0,0.0,0.0
2024-05-08 10:30:00-04:00,55.91999816894531,55.9818000793457,55.91999816894531,55.93239974975586,2526,0.0,0.0,0.0
2024-05-09 09:30:00-04:00,55.939998626708984,55.939998626708984,55.939998626708984,55.939998626708984,0,0.0,0.0,0.0
2024-05-09 10:30:00-04:00,56.189998626708984,56.22999954223633,56.189998626708984,56.189998626708984,744,0.0,0.0,0.0
2024-05-09 11:30:00-04:00,56.099998474121094,56.099998474121094,56.09000015258789,56.09000015258789,200,0.0,0.0,0.0
2024-05-09 12:30:00-04:00,56.16999816894531,56.30619812011719,56.16999816894531,56.30619812011719,0,0.0,0.0,0.0
2024-05-10 12:30:00-04:00,56.47999954223633,56.47999954223633,56.47999954223633,56.47999954223633,100,0.0,0.0,0.0
2024-05-10 13:30:00-04:00,56.49610137939453,56.55720138549805,56.46009826660156,56.55720138549805,1355,0.0,0.0,0.0
2024-05-14 10:30:00-04:00,56.43080139160156,56.43080139160156,56.43080139160156,56.43080139160156,1708,0.0,0.0,0.0
2024-05-14 11:30:00-04:00,56.46929931640625,56.46929931640625,56.46929931640625,56.46929931640625,701,0.0,0.0,0.0
2024-05-14 12:30:00-04:00,56.400001525878906,56.400001525878906,56.400001525878906,56.400001525878906,402,0.0,0.0,0.0
2024-05-14 14:30:00-04:00,56.58000183105469,56.643798828125,56.560001373291016,56.643798828125,6530,0.0,0.0,0.0
2024-05-15 09:30:00-04:00,56.88999938964844,56.88999938964844,56.875,56.875,0,0.0,0.0,0.0
2024-05-15 12:30:00-04:00,57.060001373291016,57.060001373291016,57.060001373291016,57.060001373291016,1685,0.0,0.0,0.0
2024-05-15 13:30:00-04:00,56.99409866333008,57.04999923706055,56.99409866333008,57.04999923706055,290,0.0,0.0,0.0
2024-05-15 15:30:00-04:00,57.0099983215332,57.02000045776367,57.0099983215332,57.02000045776367,0,0.0,0.0,0.0
2024-05-16 09:30:00-04:00,57.04999923706055,57.09000015258789,57.04999923706055,57.09000015258789,302,0.0,0.0,0.0
2024-05-16 10:30:00-04:00,57.13999938964844,57.16999816894531,57.13999938964844,57.16999816894531,466,0.0,0.0,0.0
2024-05-16 13:30:00-04:00,57.02199935913086,57.09640121459961,57.02000045776367,57.02000045776367,0,0.0,0.0,0.0
2024-05-17 09:30:00-04:00,56.90999984741211,56.97999954223633,56.900001525878906,56.97999954223633,742,0.0,0.0,0.0
2024-05-17 14:30:00-04:00,56.86000061035156,56.96009826660156,56.86000061035156,56.96009826660156,2136,0.0,0.0,0.0
2024-05-17 15:30:00-04:00,56.959999084472656,56.99420166015625,56.959999084472656,56.99420166015625,432,0.0,0.0,0.0
2024-05-20 09:30:00-04:00,57.09000015258789,57.09000015258789,57.060001373291016,57.0797004699707,0,0.0,0.0,0.0
2024-05-20 10:30:00-04:00,57.130001068115234,57.130001068115234,57.10499954223633,57.10499954223633,1116,0.0,0.0,0.0
2024-05-20 14:30:00-04:00,57.040000915527344,57.04999923706055,57.0,57.02239990234375,0,0.0,0.0,0.0
2024-05-21 10:30:00-04:00,57.0099983215332,57.0099983215332,57.0099983215332,57.0099983215332,305,0.0,0.0,0.0
2024-05-21 12:30:00-04:00,56.94499969482422,56.94499969482422,56.93730163574219,56.93730163574219,635,0.0,0.0,0.0
2024-05-21 13:30:00-04:00,56.98789978027344,56.98789978027344,56.98789978027344,56.98789978027344,346,0.0,0.0,0.0
2024-05-21 14:30:00-04:00,56.97460174560547,56.97460174560547,56.97460174560547,56.97460174560547,621,0.0,0.0,0.0
2024-05-21 15:30:00-04:00,57.029998779296875,57.05580139160156,57.029998779296875,57.05580139160156,0,0.0,0.0,0.0
2024-05-22 12:30:00-04:00,57.02000045776367,57.02000045776367,57.02000045776367,57.02000045776367,182,0.0,0.0,0.0
2024-05-22 13:30:00-04:00,56.8650016784668,56.8650016784668,56.8650016784668,56.8650016784668,193,0.0,0.0,0.0
2024-05-22 14:30:00-04:00,56.7400016784668,56.7400016784668,56.709999084472656,56.73030090332031,2024,0.0,0.0,0.0
2024-05-22 15:30:00-04:00,56.720401763916016,56.779998779296875,56.689998626708984,56.779998779296875,1955,0.0,0.0,0.0
2024-05-23 09:30:00-04:00,56.77000045776367,56.77000045776367,56.59199905395508,56.59199905395508,0,0.0,0.0,0.0
2024-05-23 10:30:00-04:00,56.66350173950195,56.66350173950195,56.66350173950195,56.66350173950195,1694,0.0,0.0,0.0
2024-05-23 13:30:00-04:00,56.35409927368164,56.35409927368164,56.21500015258789,56.21500015258789,841,0.0,0.0,0.0
2024-05-23 14:30:00-04:00,56.22999954223633,56.235599517822266,56.22999954223633,56.235599517822266,1266,0.0,0.0,0.0
2024-05-24 09:30:00-04:00,56.650001525878906,56.650001525878906,56.63999938964844,56.63999938964844,0,0.0,0.0,0.0
2024-05-24 10:30:00-04:00,56.619998931884766,56.619998931884766,56.619998931884766,56.619998931884766,2371,0.0,0.0,0.0
2024-05-24 12:30:00-04:00,56.6349983215332,56.6349983215332,56.6349983215332,56.6349983215332,152,0.0,0.0,0.0
2024-05-24 13:30:00-04:00,56.56999969482422,56.59659957885742,56.56999969482422,56.59659957885742,426,0.0,0.0,0.0
2024-05-28 10:30:00-04:00,56.520999908447266,56.520999908447266,56.520999908447266,56.520999908447266,0,0.0,0.0,0.0
2024-05-28 12:30:00-04:00,56.41999816894531,56.41999816894531,56.29999923706055,56.29999923706055,576,0.0,0.0,0.0
2024-05-28 14:30:00-04:00,56.040000915527344,56.040000915527344,56.040000915527344,56.040000915527344,106,0.0,0.0,0.0
2024-05-28 15:30:00-04:00,56.150001525878906,56.15999984741211,56.150001525878906,56.150001525878906,0,0.0,0.0,0.0
2024-05-29 10:30:00-04:00,55.84000015258789,55.84000015258789,55.84000015258789,55.84000015258789,136,0.0,0.0,0.0
2024-05-29 11:30:00-04:00,55.7599983215332,55.7599983215332,55.7599983215332,55.7599983215332,205,0.0,0.0,0.0
2024-05-29 12:30:00-04:00,55.720001220703125,55.720001220703125,55.720001220703125,55.720001220703125,181,0.0,0.0,0.0
2024-05-29 13:30:00-04:00,55.779998779296875,55.779998779296875,55.779998779296875,55.779998779296875,143,0.0,0.0,0.0
2024-05-29 14:30:00-04:00,55.72890090942383,55.74290084838867,55.72890090942383,55.74290084838867,0,0.0,0.0,0.0
2024-05-30 09:30:00-04:00,55.9900016784668,55.9900016784668,55.9900016784668,55.9900016784668,7725,0.0,0.0,0.0
2024-05-30 10:30:00-04:00,55.96500015258789,55.96500015258789,55.96500015258789,55.96500015258789,117,0.0,0.0,0.0
2024-05-30 11:30:00-04:00,56.08000183105469,56.08000183105469,56.04999923706055,56.04999923706055,514,0.0,0.0,0.0
2024-05-30 14:30:00-04:00,56.119998931884766,56.119998931884766,56.08000183105469,56.08000183105469,539,0.0,0.0,0.0
2024-05-30 15:30:00-04:00,56.060001373291016,56.063201904296875,56.0099983215332,56.063201904296875,0,0.0,0.0,0.0
2024-05-31 09:30:00-04:00,56.04999923706055,56.125,55.810001373291016,55.884700775146484,3066,0.0,0.0,0.0
2024-05-31 11:30:00-04:00,55.81999969482422,55.81999969482422,55.81999969482422,55.81999969482422,269,0.0,0.0,0.0
2024-05-31 12:30:00-04:00,55.95000076293945,55.95000076293945,55.90999984741211,55.90999984741211,646,0.0,0.0,0.0
2024-05-31 13:30:00-04:00,56.050498962402344,56.050498962402344,56.050498962402344,56.050498962402344,193,0.0,0.0,0.0
2024-05-31 14:30:00-04:00,56.099998474121094,56.100101470947266,56.099998474121094,56.100101470947266,500,0.0,0.0,0.0
2024-05-31 15:30:00-04:00,56.25,56.68539810180664,56.25,56.68539810180664,653,0.0,0.0,0.0
2024-06-03 09:30:00-04:00,56.959999084472656,56.959999084472656,56.79999923706055,56.79999923706055,0,0.0,0.0,0.0
2024-06-03 10:30:00-04:00,56.4900016784668,56.4900016784668,56.470001220703125,56.470001220703125,603,0.0,0.0,0.0
2024-06-03 13:30:00-04:00,56.20399856567383,56.209999084472656,56.17499923706055,56.209999084472656,1184,0.0,0.0,0.0
2024-06-03 15:30:00-04:00,56.36000061035156,56.36000061035156,56.34700012207031,56.34700012207031,0,0.0,0.0,0.0
2024-06-04 09:30:00-04:00,56.310001373291016,56.310001373291016,56.279998779296875,56.279998779296875,450,0.0,0.0,0.0
2024-06-04 10:30:00-04:00,56.296199798583984,56.296199798583984,56.296199798583984,56.296199798583984,216,0.0,0.0,0.0
2024-06-04 11:30:00-04:00,56.130001068115234,56.130001068115234,56.130001068115234,56.130001068115234,141,0.0,0.0,0.0
2024-06-04 12:30:00-04:00,56.11069869995117,56.18000030517578,56.11069869995117,56.18000030517578,1109,0.0,0.0,0.0
2024-06-04 14:30:00-04:00,56.189998626708984,56.21730041503906,56.189998626708984,56.21730041503906,198,0.0,0.0,0.0
2024-06-05 09:30:00-04:00,56.529998779296875,56.529998779296875,56.27000045776367,56.27000045776367,0,0.0,0.0,0.0
2024-06-05 12:30:00-04:00,56.599998474121094,56.67100143432617,56.599998474121094,56.67100143432617,228,0.0,0.0,0.0
2024-06-06 09:30:00-04:00,57.02000045776367,57.02000045776367,56.6879997253418,56.7400016784668,13629,0.0,0.0,0.0
2024-06-06 10:30:00-04:00,56.634300231933594,56.77000045776367,56.634300231933594,56.72710037231445,2313,0.0,0.0,0.0
2024-06-06 11:30:00-04:00,56.69820022583008,56.69820022583008,56.65999984741211,56.65999984741211,516,0.0,0.0,0.0
2024-06-06 12:30:00-04:00,56.58000183105469,56.59260177612305,56.58000183105469,56.59260177612305,621,0.0,0.0,0.0
2024-06-06 14:30:00-04:00,56.4911003112793,56.63999938964844,56.4911003112793,56.63999938964844,710,0.0,0.0,0.0
2024-06-06 15:30:00-04:00,56.510101318359375,56.532100677490234,56.510101318359375,56.532100677490234,349,0.0,0.0,0.0
2024-06-07 09:30:00-04:00,56.2599983215332,56.599998474121094,56.20000076293945,56.599998474121094,0,0.0,0.0,0.0
2024-06-07 10:30:00-04:00,56.439998626708984,56.439998626708984,56.439998626708984,56.439998626708984,101,0.0,0.0,0.0
2024-06-07 11:30:00-04:00,56.470001220703125,56.5,56.470001220703125,56.5,247,0.0,0.0,0.0
2024-06-07 13:30:00-04:00,56.5,56.505001068115234,56.5,56.505001068115234,452,0.0,0.0,0.0
2024-06-07 14:30:00-04:00,56.420101165771484,56.420101165771484,56.420101165771484,56.420101165771484,364,0.0,0.0,0.0
2024-06-10 09:30:00-04:00,56.07590103149414,56.355499267578125,56.07590103149414,56.355499267578125,0,0.0,0.0,0.0
2024-06-10 11:30:00-04:00,56.30630111694336,56.349998474121094,56.30630111694336,56.349998474121094,534,0.0,0.0,0.0
2024-06-10 12:30:00-04:00,56.380001068115234,56.380001068115234,56.345001220703125,56.345001220703125,524,0.0,0.0,0.0
2024-06-10 15:30:00-04:00,56.5010986328125,56.532501220703125,56.47999954223633,56.532501220703125,0,0.0,0.0,0.0
2024-06-11 13:30:00-04:00,56.40999984741211,56.40999984741211,56.40999984741211,56.40999984741211,726,0.0,0.0,0.0
2024-06-11 14:30:00-04:00,56.47999954223633,56.47999954223633,56.47999954223633,56.47999954223633,108,0.0,0.0,0.0
2024-06-11 15:30:00-04:00,56.40060043334961,56.47779846191406,56.40060043334961,56.47779846191406,1850,0.0,0.0,0.0
2024-06-12 09:30:00-04:00,56.9900016784668,56.9900016784668,56.9900016784668,56.9900016784668,0,0.0,0.0,0.0
2024-06-12 10:30:00-04:00,57.099998474121094,57.099998474121094,57.099998474121094,57.099998474121094,649,0.0,0.0,0.0
2024-06-12 12:30:00-04:00,57.029998779296875,57.029998779296875,56.959999084472656,57.02000045776367,1910,0.0,0.0,0.0
2024-06-12 13:30:00-04:00,56.98699951171875,56.98699951171875,56.90999984741211,56.90999984741211,781,0.0,0.0,0.0
2024-06-12 14:30:00-04:00,56.790000915527344,56.790000915527344,56.790000915527344,56.790000915527344,203,0.0,0.0,0.0
2024-06-12 15:30:00-04:00,56.79999923706055,56.897098541259766,56.79999923706055,56.897098541259766,1800,0.0,0.0,0.0
2024-06-13 09:30:00-04:00,56.880001068115234,56.880001068115234,56.880001068115234,56.880001068115234,0,0.0,0.0,0.0
2024-06-13 12:30:00-04:00,56.72679901123047,56.72999954223633,56.72679901123047,56.72999954223633,2557,0.0,0.0,0.0
2024-06-13 13:30:00-04:00,56.75149917602539,56.75149917602539,56.72999954223633,56.72999954223633,256,0.0,0.0,0.0
2024-06-13 14:30:00-04:00,56.779998779296875,56.90700149536133,56.7599983215332,56.90700149536133,0,0.0,0.0,0.0
2024-06-14 09:30:00-04:00,56.2400016784668,56.2400016784668,56.2400016784668,56.2400016784668,3410,0.0,0.0,0.0
2024-06-14 11:30:00-04:00,56.349998474121094,56.349998474121094,56.290000915527344,56.290000915527344,11347,0.0,0.0,0.0
2024-06-14 13:30:00-04:00,56.290000915527344,56.290000915527344,56.290000915527344,56.290000915527344,182,0.0,0.0,0.0
2024-06-14 15:30:00-04:00,56.36000061035156,56.39929962158203,56.36000061035156,56.39929962158203,191,0.0,0.0,0.0
2024-06-17 09:30:00-04:00,56.4900016784668,56.4900016784668,56.4900016784668,56.4900016784668,0,0.0,0.0,0.0
2024-06-17 10:30:00-04:00,56.540000915527344,56.657501220703125,56.45000076293945,56.657501220703125,1521,0.0,0.0,0.0
2024-06-17 12:30:00-04:00,56.880001068115234,56.959999084472656,56.880001068115234,56.95249938964844,1187,0.0,0.0,0.0
2024-06-17 13:30:00-04:00,56.97999954223633,57.13999938964844,56.97999954223633,57.119998931884766,4327,0.0,0.0,0.0
2024-06-17 14:30:00-04:00,57.15999984741211,57.15999984741211,57.10499954223633,57.144901275634766,1048,0.0,0.0,0.0
2024-06-17 15:30:00-04:00,57.130001068115234,57.18000030517578,57.130001068115234,57.13359832763672,1169,0.0,0.0,0.0
2024-06-18 09:30:00-04:00,57.45000076293945,57.45000076293945,57.29999923706055,57.29999923706055,0,0.0,0.0,0.0
2024-06-18 10:30:00-04:00,57.24720001220703,57.27069854736328,57.24720001220703,57.27069854736328,489,0.0,0.0,0.0
2024-06-18 11:30:00-04:00,57.349998474121094,57.349998474121094,57.349998474121094,57.349998474121094,221,0.0,0.0,0.0
2024-06-18 13:30:00-04:00,57.470001220703125,57.47999954223633,57.470001220703125,57.47999954223633,888,0.0,0.0,0.0
2024-06-18 14:30:00-04:00,57.45000076293945,57.45000076293945,57.45000076293945,57.45000076293945,222,0.0,0.0,0.0
2024-06-18 15:30:00-04:00,57.439998626708984,57.5,57.439998626708984,57.480098724365234,732,0.0,0.0,0.0
2024-06-20 09:30:00-04:00,57.77000045776367,57.77000045776367,57.5,57.5,0,0.0,0.0,0.0
2024-06-20 11:30:00-04:00,57.369998931884766,57.400001525878906,57.369998931884766,57.399898529052734,1078,0.0,0.0,0.0
2024-06-20 13:30:00-04:00,57.29999923706055,57.29999923706055,57.29999923706055,57.29999923706055,204,0.0,0.0,0.0
2024-06-20 14:30:00-04:00,57.36259841918945,57.36259841918945,57.289798736572266,57.289798736572266,447,0.0,0.0,0.0
2024-06-20 15:30:00-04:00,57.291900634765625,57.291900634765625,57.25,57.285301208496094,0,0.0,0.0,0.0
2024-06-21 09:30:00-04:00,57.25,57.25,57.25,57.25,5259,0.0,0.0,0.0
2024-06-21 10:30:00-04:00,57.380001068115234,57.38999938964844,57.33000183105469,57.33000183105469,2552,0.0,0.0,0.0
2024-06-21 11:30:00-04:00,57.252201080322266,57.252201080322266,57.252201080322266,57.252201080322266,1025,0.0,0.0,0.0
2024-06-21 12:30:00-04:00,57.32379913330078,57.32379913330078,57.32379913330078,57.32379913330078,115,0.0,0.0,0.0
2024-06-21 13:30:00-04:00,57.302799224853516,57.302799224853516,57.302799224853516,57.302799224853516,239,0.0,0.0,0.0
2024-06-21 14:30:00-04:00,57.27000045776367,57.34000015258789,57.27000045776367,57.30500030517578,2124,0.0,0.0,0.0
2024-06-21 15:30:00-04:00,57.290000915527344,57.38600158691406,57.290000915527344,57.38600158691406,1257,0.0,0.0,0.0
2024-06-24 09:30:00-04:00,57.20000076293945,57.369998931884766,57.20000076293945,57.369998931884766,0,0.0,0.0,0.0
2024-06-24 10:30:00-04:00,57.49100112915039,57.529998779296875,57.49100112915039,57.5,581,0.0,0.0,0.0
2024-06-24 12:30:00-04:00,57.459999084472656,57.459999084472656,57.349998474121094,57.350101470947266,1781,0.0,0.0,0.0
2024-06-24 13:30:00-04:00,57.380001068115234,57.380001068115234,57.380001068115234,57.380001068115234,256,0.0,0.0,0.0
2024-06-24 14:30:00-04:00,57.40999984741211,57.40999984741211,57.40999984741211,57.40999984741211,212,0.0,0.0,0.0
2024-06-24 15:30:00-04:00,57.336700439453125,57.336700439453125,57.32870101928711,57.32870101928711,952,0.0,0.0,0.0
2024-06-25 09:30:00-04:00,57.66999816894531,57.66999816894531,57.04499816894531,57.04499816894531,2601,0.0,0.0,0.0
2024-06-25 10:30:00-04:00,57.04999923706055,57.04999923706055,56.869998931884766,56.869998931884766,7524,0.0,0.0,0.0
2024-06-25 11:30:00-04:00,56.810001373291016,56.849998474121094,56.810001373291016,56.84989929199219,1390,0.0,0.0,0.0
2024-06-25 12:30:00-04:00,56.779998779296875,56.810001373291016,56.7599983215332,56.810001373291016,592,0.0,0.0,0.0
2024-06-25 13:30:00-04:00,56.8390007019043,56.880001068115234,56.8390007019043,56.880001068115234,231,0.0,0.0,0.0
2024-06-25 14:30:00-04:00,56.919898986816406,56.919898986816406,56.919898986816406,56.919898986816406,0,0.0,0.0,0.0
2024-06-26 09:30:00-04:00,56.97999954223633,56.97999954223633,56.63999938964844,56.63999938964844,9348,0.0,0.0,0.0
2024-06-26 10:30:00-04:00,56.67770004272461,56.67770004272461,56.57500076293945,56.57500076293945,1187,0.0,0.0,0.0
2024-06-26 11:30:00-04:00,56.75,56.75,56.75,56.75,326,0.0,0.0,0.0
2024-06-26 14:30:00-04:00,56.61000061035156,56.72050094604492,56.599998474121094,56.72050094604492,868,0.0,0.0,0.0
2024-06-27 09:30:00-04:00,56.869998931884766,56.869998931884766,56.869998931884766,56.869998931884766,0,0.0,0.0,0.0
2024-06-27 10:30:00-04:00,56.709999084472656,56.75,56.630001068115234,56.630001068115234,7878,0.0,0.0,0.0
2024-06-27 14:30:00-04:00,56.56999969482422,56.58000183105469,56.560001373291016,56.58000183105469,1278,0.0,0.0,0.0
2024-06-27 15:30:00-04:00,56.650001525878906,56.650001525878906,56.63949966430664,56.63949966430664,0,0.0,0.0,0.0
2024-06-28 09:30:00-04:00,56.849998474121094,57.0,56.849998474121094,57.0,4332,0.0,0.0,0.0
2024-06-28 10:30:00-04:00,56.9900016784668,56.9900016784668,56.9900016784668,56.9900016784668,372,0.0,0.0,0.0
2024-06-28 11:30:00-04:00,56.869998931884766,56.869998931884766,56.869998931884766,56.869998931884766,128,0.0,0.0,0.0
2024-06-28 13:30:00-04:00,56.790000915527344,56.790000915527344,56.68000030517578,56.68000030517578,21883,0.0,0.0,0.0
2024-06-28 14:30:00-04:00,56.709999084472656,56.73759841918945,56.65999984741211,56.73759841918945,42938,0.0,0.0,0.0
2024-07-01 09:30:00-04:00,56.58000183105469,56.58000183105469,56.58000183105469,56.58000183105469,0,0.0,0.0,0.0
2024-07-01 10:30:00-04:00,56.47999954223633,56.47999954223633,56.380001068115234,56.380001068115234,14073,0.0,0.0,0.0
2024-07-01 12:30:00-04:00,56.37670135498047,56.37670135498047,56.36000061035156,56.36009979248047,645,0.0,0.0,0.0
2024-07-01 13:30:00-04:00,56.50199890136719,56.50199890136719,56.45000076293945,56.45000076293945,1477,0.0,0.0,0.0
2024-07-01 14:30:00-04:00,56.36000061035156,56.36000061035156,56.36000061035156,56.36000061035156,103,0.0,0.0,0.0
2024-07-01 15:30:00-04:00,56.380001068115234,56.38010025024414,56.380001068115234,56.38010025024414,0,0.0,0.0,0.0
2024-07-02 09:30:00-04:00,56.34000015258789,56.34000015258789,56.34000015258789,56.34000015258789,262,0.0,0.0,0.0
2024-07-02 10:30:00-04:00,56.3567008972168,56.380001068115234,56.33000183105469,56.357601165771484,5106,0.0,0.0,0.0
2024-07-02 13:30:00-04:00,56.310001373291016,56.489601135253906,56.310001373291016,56.489601135253906,659,0.0,0.0,0.0
2024-07-02 14:30:00-04:00,56.459999084472656,56.5,56.453399658203125,56.489898681640625,874,0.0,0.0,0.0
2024-07-02 15:30:00-04:00,56.5,56.540000915527344,56.5,56.527099609375,0,0.0,0.0,0.0
2024-07-03 09:30:00-04:00,56.71099853515625,56.720001220703125,56.65999984741211,56.65999984741211,5761,0.0,0.0,0.0
2024-07-03 10:30:00-04:00,56.59299850463867,56.59299850463867,56.5906982421875,56.5906982421875,305,0.0,0.0,0.0
2024-07-05 10:30:00-04:00,56.33000183105469,56.439998626708984,56.33000183105469,56.439998626708984,1089,0.0,0.0,0.0
2024-07-05 12:30:00-04:00,56.41999816894531,56.4463996887207,56.36009979248047,56.4463996887207,549,0.0,0.0,0.0
2024-07-05 13:30:00-04:00,56.54199981689453,56.629398345947266,56.54199981689453,56.629398345947266,588,0.0,0.0,0.0
2024-07-08 09:30:00-04:00,56.869998931884766,56.869998931884766,56.84000015258789,56.84000015258789,3927,0.0,0.0,0.0
2024-07-08 10:30:00-04:00,56.91999816894531,56.91999816894531,56.90999984741211,56.90999984741211,545,0.0,0.0,0.0
2024-07-08 12:30:00-04:00,56.78010177612305,56.78010177612305,56.78010177612305,56.78010177612305,127,0.0,0.0,0.0
2024-07-08 13:30:00-04:00,56.85530090332031,56.85530090332031,56.80970001220703,56.80970001220703,731,0.0,0.0,0.0
2024-07-09 09:30:00-04:00,56.970001220703125,56.970001220703125,56.727500915527344,56.727500915527344,0,0.0,0.0,0.0
2024-07-09 14:30:00-04:00,56.720001220703125,56.720001220703125,56.720001220703125,56.720001220703125,105,0.0,0.0,0.0
2024-07-09 15:30:00-04:00,56.720001220703125,56.720001220703125,56.640899658203125,56.640899658203125,384,0.0,0.0,0.0
2024-07-10 09:30:00-04:00,56.869998931884766,56.869998931884766,56.75,56.75,0,0.0,0.0,0.0
2024-07-10 10:30:00-04:00,56.720001220703125,56.7489013671875,56.720001220703125,56.720001220703125,2299,0.0,0.0,0.0
2024-07-10 12:30:00-04:00,56.849998474121094,56.91999816894531,56.849998474121094,56.91999816894531,381,0.0,0.0,0.0
2024-07-10 15:30:00-04:00,57.02000045776367,57.09469985961914,57.02000045776367,57.09469985961914,1174,0.0,0.0,0.0
2024-07-11 09:30:00-04:00,57.47999954223633,57.650001525878906,57.47999954223633,57.599998474121094,0,0.0,0.0,0.0
2024-07-11 10:30:00-04:00,57.54999923706055,57.54999923706055,57.540000915527344,57.54499816894531,790,0.0,0.0,0.0
2024-07-11 12:30:00-04:00,57.52000045776367,57.52000045776367,57.52000045776367,57.52000045776367,2816,0.0,0.0,0.0
2024-07-11 13:30:00-04:00,57.470001220703125,57.529998779296875,57.470001220703125,57.52989959716797,1316,0.0,0.0,0.0
2024-07-11 14:30:00-04:00,57.47010040283203,57.47010040283203,57.47010040283203,57.47010040283203,223,0.0,0.0,0.0
2024-07-11 15:30:00-04:00,57.5,57.5,57.489200592041016,57.489200592041016,0,0.0,0.0,0.0
2024-07-12 09:30:00-04:00,57.900001525878906,57.900001525878906,57.900001525878906,57.900001525878906,387,0.0,0.0,0.0
2024-07-12 10:30:00-04:00,58.0275993347168,58.05870056152344,58.0275993347168,58.05870056152344,446,0.0,0.0,0.0
2024-07-12 11:30:00-04:00,58.13999938964844,58.13999938964844,58.130001068115234,58.130001068115234,404,0.0,0.0,0.0
2024-07-12 12:30:00-04:00,58.119998931884766,58.119998931884766,58.119998931884766,58.119998931884766,216,0.0,0.0,0.0
2024-07-12 13:30:00-04:00,58.119998931884766,58.119998931884766,58.119998931884766,58.119998931884766,132,0.0,0.0,0.0
2024-07-12 15:30:00-04:00,58.22999954223633,58.22999954223633,57.95819854736328,57.95819854736328,379,0.0,0.0,0.0
2024-07-15 09:30:00-04:00,58.13999938964844,58.2400016784668,58.13999938964844,58.2400016784668,947,0.0,0.0,0.0
2024-07-15 10:30:00-04:00,58.290000915527344,58.35649871826172,58.290000915527344,58.35649871826172,1005,0.0,0.0,0.0
2024-07-15 11:30:00-04:00,58.40999984741211,58.40999984741211,58.3650016784668,58.3650016784668,302,0.0,0.0,0.0
2024-07-15 12:30:00-04:00,58.32500076293945,58.32500076293945,58.31999969482422,58.31999969482422,772,0.0,0.0,0.0
2024-07-15 13:30:00-04:00,58.140899658203125,58.140899658203125,58.140899658203125,58.140899658203125,211,0.0,0.0,0.0
2024-07-15 15:30:00-04:00,58.25,58.25,58.040000915527344,58.040000915527344,0,0.0,0.0,0.0
2024-07-16 09:30:00-04:00,58.540000915527344,58.720001220703125,58.540000915527344,58.720001220703125,303,0.0,0.0,0.0
2024-07-16 10:30:00-04:00,58.729000091552734,58.7599983215332,58.70000076293945,58.7599983215332,9424,0.0,0.0,0.0
2024-07-16 12:30:00-04:00,58.900001525878906,58.90999984741211,58.900001525878906,58.90999984741211,1812,0.0,0.0,0.0
2024-07-16 13:30:00-04:00,58.84809875488281,58.849998474121094,58.84809875488281,58.849998474121094,293,0.0,0.0,0.0
2024-07-16 14:30:00-04:00,58.970001220703125,59.0099983215332,58.970001220703125,59.0099983215332,298,0.0,0.0,0.0
2024-07-16 15:30:00-04:00,59.119998931884766,59.119998931884766,59.119998931884766,59.119998931884766,546,0.0,0.0,0.0
2024-07-17 09:30:00-04:00,58.65999984741211,58.65999984741211,58.65999984741211,58.65999984741211,0,0.0,0.0,0.0
2024-07-17 10:30:00-04:00,58.820899963378906,58.834999084472656,58.820899963378906,58.834999084472656,1237,0.0,0.0,0.0
2024-07-17 12:30:00-04:00,58.847999572753906,58.847999572753906,58.847999572753906,58.847999572753906,471,0.0,0.0,0.0
2024-07-17 13:30:00-04:00,58.79499816894531,58.79499816894531,58.79499816894531,58.79499816894531,570,0.0,0.0,0.0
2024-07-17 15:30:00-04:00,58.7599983215332,58.7599983215332,58.6776008605957,58.6776008605957,370,0.0,0.0,0.0
2024-07-18 09:30:00-04:00,58.79999923706055,59.029998779296875,58.79999923706055,59.029998779296875,0,0.0,0.0,0.0
2024-07-18 10:30:00-04:00,59.029998779296875,59.040000915527344,58.880001068115234,58.880001068115234,1405,0.0,0.0,0.0
2024-07-18 11:30:00-04:00,58.61980056762695,58.61980056762695,58.61980056762695,58.61980056762695,206,0.0,0.0,0.0
2024-07-18 12:30:00-04:00,58.63999938964844,58.63999938964844,58.63999938964844,58.63999938964844,495,0.0,0.0,0.0
2024-07-18 14:30:00-04:00,58.33000183105469,58.33000183105469,58.26250076293945,58.26250076293945,0,0.0,0.0,0.0
2024-07-19 10:30:00-04:00,58.09000015258789,58.09000015258789,58.089599609375,58.089599609375,1509,0.0,0.0,0.0
2024-07-19 15:30:00-04:00,57.79999923706055,57.79999923706055,57.73249816894531,57.73249816894531,515,0.0,0.0,0.0
2024-07-22 09:30:00-04:00,57.88999938964844,57.88999938964844,57.88999938964844,57.88999938964844,0,0.0,0.0,0.0
2024-07-22 15:30:00-04:00,58.34000015258789,58.40999984741211,58.34000015258789,58.375301361083984,0,0.0,0.0,0.0
2024-07-23 09:30:00-04:00,58.142398834228516,58.20500183105469,58.142398834228516,58.20500183105469,730,0.0,0.0,0.0
2024-07-23 10:30:00-04:00,58.119998931884766,58.130001068115234,58.119998931884766,58.130001068115234,233,0.0,0.0,0.0
2024-07-23 11:30:00-04:00,58.189998626708984,58.19029998779297,58.189998626708984,58.19029998779297,587,0.0,0.0,0.0
2024-07-23 13:30:00-04:00,58.16999816894531,58.16999816894531,58.067901611328125,58.067901611328125,0,0.0,0.0,0.0
2024-07-24 09:30:00-04:00,57.790000915527344,57.790000915527344,57.779998779296875,57.779998779296875,4373,0.0,0.0,0.0
2024-07-24 10:30:00-04:00,57.869998931884766,57.90999984741211,57.75,57.83000183105469,4049,0.0,0.0,0.0
2024-07-24 11:30:00-04:00,57.86000061035156,57.90999984741211,57.86000061035156,57.869998931884766,11011,0.0,0.0,0.0
2024-07-24 12:30:00-04:00,57.849998474121094,57.880001068115234,57.84000015258789,57.849998474121094,1105,0.0,0.0,0.0
2024-07-24 13:30:00-04:00,57.79999923706055,57.880001068115234,57.79999923706055,57.810001373291016,2125,0.0,0.0,0.0
2024-07-24 14:30:00-04:00,57.779998779296875,57.779998779296875,57.58000183105469,57.58000183105469,1693,0.0,0.0,0.0
2024-07-24 15:30:00-04:00,57.630001068115234,57.630001068115234,57.4900016784668,57.4900016784668,1073,0.0,0.0,0.0
2024-07-25 09:30:00-04:00,57.754600524902344,57.754600524902344,57.67499923706055,57.67499923706055,0,0.0,0.0,0.0
2024-07-25 11:30:00-04:00,58.08000183105469,58.138099670410156,58.08000183105469,58.138099670410156,707,0.0,0.0,0.0
2024-07-25 12:30:00-04:00,58.31999969482422,58.31999969482422,58.31999969482422,58.31999969482422,1003,0.0,0.0,0.0
2024-07-25 13:30:00-04:00,58.06999969482422,58.06999969482422,57.625701904296875,57.625701904296875,0,0.0,0.0,0.0
2024-07-26 09:30:00-04:00,58.279998779296875,58.279998779296875,58.279998779296875,58.279998779296875,202,0.0,0.0,0.0
2024-07-26 10:30:00-04:00,58.22999954223633,58.25,58.22999954223633,58.25,1260,0.0,0.0,0.0
2024-07-26 13:30:00-04:00,58.45000076293945,58.459999084472656,58.44990158081055,58.44990158081055,1403,0.0,0.0,0.0
2024-07-26 15:30:00-04:00,58.37009811401367,58.47999954223633,58.37009811401367,58.47999954223633,901,0.0,0.0,0.0
2024-07-29 09:30:00-04:00,58.38999938964844,58.53879928588867,58.36000061035156,58.36000061035156,0,0.0,0.0,0.0
2024-07-29 10:30:00-04:00,58.27000045776367,58.400001525878906,58.27000045776367,58.349998474121094,0,0.0,0.0,0.0
2024-07-29 12:30:00-04:00,58.52000045776367,58.52000045776367,58.52000045776367,58.52000045776367,4222,0.0,0.0,0.0
2024-07-29 13:30:00-04:00,58.41999816894531,58.459999084472656,58.41999816894531,58.459999084472656,1841,0.0,0.0,0.0
2024-07-29 15:30:00-04:00,58.479000091552734,58.4900016784668,58.479000091552734,58.479000091552734,756,0.0,0.0,0.0
2024-07-30 09:30:00-04:00,58.88999938964844,58.88999938964844,58.88999938964844,58.88999938964844,0,0.0,0.0,0.0
2024-07-30 10:30:00-04:00,58.63999938964844,58.6786994934082,58.6150016784668,58.6786994934082,2622,0.0,0.0,0.0
2024-07-30 11:30:00-04:00,58.540000915527344,58.540000915527344,58.444000244140625,58.444000244140625,391,0.0,0.0,0.0
2024-07-30 14:30:00-04:00,58.59809875488281,58.59809875488281,58.369998931884766,58.59809875488281,0,0.0,0.0,0.0
2024-07-31 09:30:00-04:00,59.20000076293945,59.20000076293945,58.95000076293945,58.95000076293945,772,0.0,0.0,0.0
2024-07-31 10:30:00-04:00,58.90999984741211,59.0,58.908599853515625,59.0,2216,0.0,0.0,0.0
2024-07-31 12:30:00-04:00,59.10499954223633,59.10499954223633,59.10499954223633,59.10499954223633,219,0.0,0.0,0.0
2024-07-31 13:30:00-04:00,59.040000915527344,59.11000061035156,59.040000915527344,59.109901428222656,3646,0.0,0.0,0.0
2024-07-31 14:30:00-04:00,58.964298248291016,58.964298248291016,58.964298248291016,58.964298248291016,0,0.0,0.0,0.0
2024-08-01 10:30:00-04:00,58.415000915527344,58.415000915527344,58.415000915527344,58.415000915527344,0,0.0,0.0,0.0
2024-08-01 11:30:00-04:00,58.189998626708984,58.26359939575195,58.189998626708984,58.26359939575195,452,0.0,0.0,0.0
2024-08-01 12:30:00-04:00,58.13999938964844,58.150001525878906,58.13999938964844,58.150001525878906,306,0.0,0.0,0.0
2024-08-01 13:30:00-04:00,58.04010009765625,58.067501068115234,58.04010009765625,58.067501068115234,449,0.0,0.0,0.0
2024-08-01 15:30:00-04:00,58.04999923706055,58.23099899291992,58.04999923706055,58.23099899291992,0,0.0,0.0,0.0
2024-08-02 09:30:00-04:00,57.630001068115234,57.630001068115234,57.630001068115234,57.630001068115234,234,0.0,0.0,0.0
2024-08-02 10:30:00-04:00,57.23500061035156,57.23500061035156,57.23500061035156,57.23500061035156,0,0.0,0.0,0.0
2024-08-02 12:30:00-04:00,57.369998931884766,57.46149826049805,57.369998931884766,57.46149826049805,1027,0.0,0.0,0.0
2024-08-05 09:30:00-04:00,56.197898864746094,56.2400016784668,55.439998626708984,56.07149887084961,1001,0.0,0.0,0.0
2024-08-05 13:30:00-04:00,56.15169906616211,56.15169906616211,56.15169906616211,56.15169906616211,0,0.0,0.0,0.0
2024-08-06 10:30:00-04:00,56.845001220703125,56.845001220703125,56.845001220703125,56.845001220703125,251,0.0,0.0,0.0
2024-08-06 13:30:00-04:00,57.290000915527344,57.290000915527344,56.71110153198242,56.71110153198242,0,0.0,0.0,0.0
2024-08-07 10:30:00-04:00,57.354400634765625,57.354400634765625,57.354400634765625,57.354400634765625,1046,0.0,0.0,0.0
2024-08-07 14:30:00-04:00,56.625,56.625,56.36289978027344,56.36289978027344,0,0.0,0.0,0.0
2024-08-08 09:30:00-04:00,56.650001525878906,56.650001525878906,56.650001525878906,56.650001525878906,626,0.0,0.0,0.0
2024-08-08 10:30:00-04:00,56.98500061035156,56.98500061035156,56.98500061035156,56.98500061035156,0,0.0,0.0,0.0
2024-08-08 11:30:00-04:00,57.03499984741211,57.03499984741211,56.96500015258789,56.96500015258789,2999,0.0,0.0,0.0
2024-08-08 12:30:00-04:00,56.91999816894531,57.07640075683594,56.91999816894531,57.07640075683594,1134,0.0,0.0,0.0
2024-08-08 13:30:00-04:00,57.09000015258789,57.209999084472656,57.08000183105469,57.119998931884766,2556,0.0,0.0,0.0
2024-08-08 15:30:00-04:00,57.16999816894531,57.16999816894531,57.16999816894531,57.16999816894531,192,0.0,0.0,0.0
2024-08-09 09:30:00-04:00,57.31999969482422,57.31999969482422,57.130001068115234,57.130001068115234,0,0.0,0.0,0.0
2024-08-09 10:30:00-04:00,57.19129943847656,57.19129943847656,57.19129943847656,57.19129943847656,245,0.0,0.0,0.0
2024-08-09 11:30:00-04:00,57.26919937133789,57.26919937133789,57.26919937133789,57.26919937133789,1032,0.0,0.0,0.0
2024-08-09 14:30:00-04:00,57.390098571777344,57.4119987487793,57.390098571777344,57.390098571777344,306,0.0,0.0,0.0
2024-08-12 09:30:00-04:00,57.349998474121094,57.349998474121094,57.22760009765625,57.22760009765625,0,0.0,0.0,0.0
2024-08-12 10:30:00-04:00,57.25,57.35810089111328,57.040000915527344,57.08000183105469,2050,0.0,0.0,0.0
2024-08-12 12:30:00-04:00,57.154998779296875,57.154998779296875,57.154998779296875,57.154998779296875,196,0.0,0.0,0.0
2024-08-12 13:30:00-04:00,57.07099914550781,57.07099914550781,57.07099914550781,57.07099914550781,1185,0.0,0.0,0.0
2024-08-12 14:30:00-04:00,57.060001373291016,57.099998474121094,57.00669860839844,57.00669860839844,0,0.0,0.0,0.0
2024-08-13 09:30:00-04:00,57.189998626708984,57.2239990234375,57.189998626708984,57.2239990234375,13185,0.0,0.0,0.0
2024-08-13 10:30:00-04:00,57.224998474121094,57.24190139770508,57.224998474121094,57.24190139770508,690,0.0,0.0,0.0
2024-08-13 12:30:00-04:00,57.614898681640625,57.614898681640625,57.614898681640625,57.614898681640625,3023,0.0,0.0,0.0
2024-08-13 14:30:00-04:00,57.68000030517578,57.68000030517578,57.66939926147461,57.66939926147461,306,0.0,0.0,0.0
2024-08-13 15:30:00-04:00,57.71160125732422,57.71160125732422,57.71160125732422,57.71160125732422,0,0.0,0.0,0.0
2024-08-14 09:30:00-04:00,57.855899810791016,57.855899810791016,57.855899810791016,57.855899810791016,749,0.0,0.0,0.0
2024-08-14 11:30:00-04:00,57.994998931884766,57.994998931884766,57.97999954223633,57.97999954223633,441,0.0,0.0,0.0
2024-08-14 13:30:00-04:00,57.91510009765625,57.91510009765625,57.905799865722656,57.905799865722656,390,0.0,0.0,0.0
2024-08-14 14:30:00-04:00,57.91510009765625,57.959999084472656,57.91510009765625,57.959999084472656,383,0.0,0.0,0.0
2024-08-14 15:30:00-04:00,57.900001525878906,57.96139907836914,57.900001525878906,57.96139907836914,708,0.0,0.0,0.0
2024-08-15 09:30:00-04:00,58.849998474121094,58.959999084472656,58.63999938964844,58.63999938964844,0,0.0,0.0,0.0
2024-08-15 10:30:00-04:00,58.58000183105469,58.63999938964844,58.58000183105469,58.63999938964844,2046,0.0,0.0,0.0
2024-08-15 14:30:00-04:00,58.75,58.75,58.69390106201172,58.69390106201172,121,0.0,0.0,0.0
2024-08-16 09:30:00-04:00,58.790000915527344,58.84000015258789,58.75,58.81999969482422,5089,0.0,0.0,0.0
2024-08-16 11:30:00-04:00,58.709999084472656,58.75619888305664,58.709999084472656,58.75619888305664,638,0.0,0.0,0.0
2024-08-16 13:30:00-04:00,58.810001373291016,58.810001373291016,58.79999923706055,58.79999923706055,852,0.0,0.0,0.0
2024-08-16 14:30:00-04:00,58.900001525878906,58.90999984741211,58.832298278808594,58.832298278808594,502,0.0,0.0,0.0
2024-08-19 09:30:00-04:00,59.02000045776367,59.02000045776367,59.02000045776367,59.02000045776367,0,0.0,0.0,0.0
2024-08-19 10:30:00-04:00,59.00360107421875,59.02000045776367,58.97999954223633,59.02000045776367,3034,0.0,0.0,0.0
2024-08-19 12:30:00-04:00,59.11000061035156,59.15999984741211,59.11000061035156,59.15999984741211,0,0.0,0.0,0.0
2024-08-20 09:30:00-04:00,59.06999969482422,59.06999969482422,59.06999969482422,59.06999969482422,639,0.0,0.0,0.0
2024-08-20 10:30:00-04:00,59.17070007324219,59.17070007324219,59.17070007324219,59.17070007324219,708,0.0,0.0,0.0
2024-08-20 12:30:00-04:00,59.10499954223633,59.10499954223633,59.10499954223633,59.10499954223633,194,0.0,0.0,0.0
2024-08-20 13:30:00-04:00,59.17879867553711,59.17879867553711,59.17879867553711,59.17879867553711,290,0.0,0.0,0.0
2024-08-20 14:30:00-04:00,59.189998626708984,59.22999954223633,59.189998626708984,59.22999954223633,680,0.0,0.0,0.0
2024-08-20 15:30:00-04:00,59.220001220703125,59.220001220703125,59.2156982421875,59.2156982421875,120,0.0,0.0,0.0
2024-08-21 09:30:00-04:00,59.529998779296875,59.54999923706055,59.529998779296875,59.54999923706055,0,0.0,0.0,0.0
2024-08-21 10:30:00-04:00,59.85200119018555,59.85200119018555,59.75680160522461,59.85200119018555,572,0.0,0.0,0.0
2024-08-22 09:30:00-04:00,60.22999954223633,60.22999954223633,59.75,59.81999969482422,784,0.0,0.0,0.0
2024-08-22 10:30:00-04:00,59.84000015258789,59.88990020751953,59.75,59.81999969482422,5832,0.0,0.0,0.0
2024-08-22 11:30:00-04:00,59.75,59.7599983215332,59.75,59.75,731,0.0,0.0,0.0
2024-08-22 12:30:00-04:00,59.6619987487793,59.6619987487793,59.6619987487793,59.6619987487793,439,0.0,0.0,0.0
2024-08-22 13:30:00-04:00,59.470001220703125,59.505001068115234,59.459999084472656,59.459999084472656,621,0.0,0.0,0.0
2024-08-22 14:30:00-04:00,59.689998626708984,59.689998626708984,59.63999938964844,59.63999938964844,364,0.0,0.0,0.0
2024-08-22 15:30:00-04:00,59.61000061035156,59.619998931884766,59.4900016784668,59.518798828125,4607,0.0,0.0,0.0
2024-08-23 09:30:00-04:00,59.79999923706055,60.187198638916016,59.79999923706055,60.187198638916016,0,0.0,0.0,0.0
2024-08-23 10:30:00-04:00,60.13999938964844,60.266700744628906,60.13999938964844,60.266700744628906,336,0.0,0.0,0.0
2024-08-23 11:30:00-04:00,60.26100158691406,60.26100158691406,60.01499938964844,60.01499938964844,535,0.0,0.0,0.0
2024-08-23 12:30:00-04:00,60.0099983215332,60.08000183105469,60.0,60.08000183105469,2673,0.0,0.0,0.0
2024-08-23 13:30:00-04:00,60.13999938964844,60.13999938964844,60.13999938964844,60.13999938964844,100,0.0,0.0,0.0
2024-08-23 14:30:00-04:00,60.220001220703125,60.264400482177734,60.220001220703125,60.264400482177734,460,0.0,0.0,0.0
2024-08-26 09:30:00-04:00,60.380001068115234,60.380001068115234,60.380001068115234,60.380001068115234,0,0.0,0.0,0.0
2024-08-26 10:30:00-04:00,60.566200256347656,60.566200256347656,60.30500030517578,60.30500030517578,1327,0.0,0.0,0.0
2024-08-26 11:30:00-04:00,60.33000183105469,60.33000183105469,60.28499984741211,60.28499984741211,669,0.0,0.0,0.0
2024-08-26 12:30:00-04:00,60.3578987121582,60.45000076293945,60.3578987121582,60.45000076293945,1193,0.0,0.0,0.0
2024-08-26 13:30:00-04:00,60.33000183105469,60.33000183105469,60.2400016784668,60.277801513671875,603,0.0,0.0,0.0
2024-08-26 15:30:00-04:00,60.290000915527344,60.29999923706055,60.229801177978516,60.229801177978516,372,0.0,0.0,0.0
2024-08-27 09:30:00-04:00,59.959999084472656,60.220001220703125,59.959999084472656,60.209999084472656,0,0.0,0.0,0.0
2024-08-27 10:30:00-04:00,60.25749969482422,60.25749969482422,60.25749969482422,60.25749969482422,751,0.0,0.0,0.0
2024-08-27 13:30:00-04:00,60.31999969482422,60.31999969482422,60.27349853515625,60.27349853515625,508,0.0,0.0,0.0
2024-08-27 14:30:00-04:00,60.27009963989258,60.310001373291016,60.27009963989258,60.310001373291016,1242,0.0,0.0,0.0
2024-08-27 15:30:00-04:00,60.310001373291016,60.310001373291016,60.301300048828125,60.301300048828125,100,0.0,0.0,0.0
2024-08-28 09:30:00-04:00,60.2599983215332,60.29999923706055,60.2599983215332,60.29999923706055,0,0.0,0.0,0.0
2024-08-28 10:30:00-04:00,60.2599983215332,60.2599983215332,60.2599983215332,60.2599983215332,200,0.0,0.0,0.0
2024-08-28 11:30:00-04:00,60.244998931884766,60.25,60.16999816894531,60.20000076293945,4526,0.0,0.0,0.0
2024-08-28 12:30:00-04:00,60.09000015258789,60.09000015258789,60.09000015258789,60.09000015258789,198,0.0,0.0,0.0
2024-08-28 13:30:00-04:00,60.11000061035156,60.11000061035156,59.88999938964844,59.92499923706055,1393,0.0,0.0,0.0
2024-08-28 14:30:00-04:00,59.89500045776367,60.060001373291016,59.89500045776367,60.05509948730469,1443,0.0,0.0,0.0
2024-08-28 15:30:00-04:00,60.122100830078125,60.122100830078125,60.122100830078125,60.122100830078125,0,0.0,0.0,0.0
2024-08-29 09:30:00-04:00,60.4375,60.672401428222656,60.4375,60.672401428222656,1329,0.0,0.0,0.0
2024-08-29 10:30:00-04:00,60.66400146484375,60.66400146484375,60.654998779296875,60.654998779296875,939,0.0,0.0,0.0
2024-08-29 13:30:00-04:00,60.689998626708984,60.689998626708984,60.689998626708984,60.689998626708984,193,0.0,0.0,0.0
2024-08-29 14:30:00-04:00,60.369998931884766,60.51359939575195,60.369998931884766,60.51359939575195,721,0.0,0.0,0.0
2024-08-29 15:30:00-04:00,60.369998931884766,60.369998931884766,60.31119918823242,60.31119918823242,0,0.0,0.0,0.0
2024-08-30 09:30:00-04:00,60.630001068115234,60.654998779296875,60.599998474121094,60.599998474121094,3449,0.0,0.0,0.0
2024-08-30 10:30:00-04:00,60.65999984741211,60.65999984741211,60.65999984741211,60.65999984741211,1106,0.0,0.0,0.0
2024-08-30 12:30:00-04:00,60.40999984741211,60.40999984741211,60.40999984741211,60.40999984741211,296,0.0,0.0,0.0
2024-08-30 13:30:00-04:00,60.43000030517578,60.89979934692383,60.43000030517578,60.89979934692383,284,0.0,0.0,0.0
2024-09-03 09:30:00-04:00,60.29999923706055,60.3484001159668,60.29999923706055,60.3484001159668,0,0.0,0.0,0.0
2024-09-03 10:30:00-04:00,60.33259963989258,60.33259963989258,60.33259963989258,60.33259963989258,352,0.0,0.0,0.0
2024-09-03 11:30:00-04:00,60.26499938964844,60.309898376464844,60.26499938964844,60.309898376464844,1105,0.0,0.0,0.0
2024-09-03 12:30:00-04:00,60.150001525878906,60.150001525878906,60.150001525878906,60.150001525878906,137,0.0,0.0,0.0
2024-09-03 13:30:00-04:00,60.172401428222656,60.172401428222656,60.172401428222656,60.172401428222656,382,0.0,0.0,0.0
2024-09-03 14:30:00-04:00,59.93000030517578,59.93000030517578,59.83810043334961,59.83810043334961,851,0.0,0.0,0.0
2024-09-04 09:30:00-04:00,59.95000076293945,59.959999084472656,59.86050033569336,59.86050033569336,0,0.0,0.0,0.0
2024-09-04 14:30:00-04:00,59.68009948730469,59.689998626708984,59.58000183105469,59.59000015258789,1246,0.0,0.0,0.0
2024-09-04 15:30:00-04:00,59.79330062866211,59.79330062866211,59.79330062866211,59.79330062866211,0,0.0,0.0,0.0
2024-09-05 12:30:00-04:00,59.36819839477539,59.400001525878906,59.36819839477539,59.38999938964844,1460,0.0,0.0,0.0
2024-09-05 13:30:00-04:00,59.529998779296875,59.529998779296875,59.52000045776367,59.529998779296875,601,0.0,0.0,0.0
2024-09-05 14:30:00-04:00,59.54999923706055,59.56999969482422,59.43000030517578,59.43000030517578,865,0.0,0.0,0.0
2024-09-05 15:30:00-04:00,59.435001373291016,59.45000076293945,59.42649841308594,59.42649841308594,0,0.0,0.0,0.0
2024-09-06 09:30:00-04:00,59.619998931884766,59.619998931884766,59.459999084472656,59.49959945678711,3173,0.0,0.0,0.0
2024-09-06 11:30:00-04:00,58.974998474121094,58.974998474121094,58.823001861572266,58.823001861572266,377,0.0,0.0,0.0
2024-09-09 09:30:00-04:00,59.220001220703125,59.220001220703125,59.220001220703125,59.220001220703125,0,0.0,0.0,0.0
2024-09-09 10:30:00-04:00,59.16999816894531,59.16999816894531,59.16999816894531,59.16999816894531,345,0.0,0.0,0.0
2024-09-09 12:30:00-04:00,59.5,59.5,59.5,59.5,261,0.0,0.0,0.0
2024-09-09 14:30:00-04:00,59.36000061035156,59.36000061035156,59.27130126953125,59.27130126953125,16456,0.0,0.0,0.0
2024-09-10 09:30:00-04:00,59.65999984741211,59.65999984741211,59.08000183105469,59.08000183105469,0,0.0,0.0,0.0
2024-09-10 10:30:00-04:00,59.15999984741211,59.36000061035156,59.15999984741211,59.35200119018555,0,0.0,0.0,0.0
2024-09-10 11:30:00-04:00,59.060001373291016,59.06999969482422,59.029998779296875,59.029998779296875,6725,0.0,0.0,0.0
2024-09-10 13:30:00-04:00,59.13999938964844,59.13999938964844,59.13999938964844,59.13999938964844,183,0.0,0.0,0.0
2024-09-10 15:30:00-04:00,59.349998474121094,59.36000061035156,59.307701110839844,59.307701110839844,0,0.0,0.0,0.0
2024-09-11 09:30:00-04:00,58.47999954223633,58.4900016784668,58.34000015258789,58.38999938964844,0,0.0,0.0,0.0
2024-09-11 10:30:00-04:00,58.5099983215332,58.5099983215332,58.5099983215332,58.5099983215332,3618,0.0,0.0,0.0
2024-09-11 11:30:00-04:00,58.755001068115234,58.755001068115234,58.755001068115234,58.755001068115234,267,0.0,0.0,0.0
2024-09-11 13:30:00-04:00,59.01850128173828,59.01850128173828,59.01850128173828,59.01850128173828,1259,0.0,0.0,0.0
2024-09-11 14:30:00-04:00,59.209999084472656,59.209999084472656,59.189998626708984,59.189998626708984,245,0.0,0.0,0.0
2024-09-11 15:30:00-04:00,59.31999969482422,59.459999084472656,59.31999969482422,59.459999084472656,1129,0.0,0.0,0.0
2024-09-12 09:30:00-04:00,59.33000183105469,59.33000183105469,59.33000183105469,59.33000183105469,0,0.0,0.0,0.0
2024-09-12 12:30:00-04:00,59.40610122680664,59.40610122680664,59.40610122680664,59.40610122680664,425,0.0,0.0,0.0
2024-09-12 13:30:00-04:00,59.74089813232422,59.74089813232422,59.74089813232422,59.74089813232422,0,0.0,0.0,0.0
2024-09-12 15:30:00-04:00,59.7400016784668,59.76499938964844,59.72999954223633,59.76499938964844,0,0.0,0.0,0.0
2024-09-13 10:30:00-04:00,60.270999908447266,60.270999908447266,60.270999908447266,60.270999908447266,0,0.0,0.0,0.0
2024-09-13 12:30:00-04:00,60.459999084472656,60.4900016784668,60.459999084472656,60.4900016784668,8116,0.0,0.0,0.0
2024-09-13 13:30:00-04:00,60.38999938964844,60.43960189819336,60.38999938964844,60.43960189819336,1129,0.0,0.0,0.0
2024-09-13 14:30:00-04:00,60.35499954223633,60.35499954223633,60.35499954223633,60.35499954223633,469,0.0,0.0,0.0
2024-09-13 15:30:00-04:00,60.41899871826172,60.41899871826172,60.41899871826172,60.41899871826172,118,0.0,0.0,0.0
