Datetime,Open,High,Low,Close,Volume,Dividends,Stock Splits
2024-08-07 09:30:00-04:00,7.369999885559082,7.440000057220459,7.360000133514404,7.360499858856201,82389,0.0,0.0
2024-08-07 09:35:00-04:00,7.364999771118164,7.369999885559082,7.355000019073486,7.355000019073486,25149,0.0,0.0
2024-08-07 09:40:00-04:00,7.360000133514404,7.364999771118164,7.355000019073486,7.364999771118164,10700,0.0,0.0
2024-08-07 09:45:00-04:00,7.369999885559082,7.380000114440918,7.355000019073486,7.364999771118164,35230,0.0,0.0
2024-08-07 09:50:00-04:00,7.368899822235107,7.429999828338623,7.364999771118164,7.425000190734863,78620,0.0,0.0
2024-08-07 09:55:00-04:00,7.425000190734863,7.440000057220459,7.420000076293945,7.440000057220459,16575,0.0,0.0
2024-08-07 10:00:00-04:00,7.440000057220459,7.46999979019165,7.440000057220459,7.440000057220459,34388,0.0,0.0
2024-08-07 10:05:00-04:00,7.440000057220459,7.460000038146973,7.420100212097168,7.450099945068359,25369,0.0,0.0
2024-08-07 10:10:00-04:00,7.454999923706055,7.460000038146973,7.429999828338623,7.434999942779541,35337,0.0,0.0
2024-08-07 10:15:00-04:00,7.440000057220459,7.440000057220459,7.394999980926514,7.40500020980835,29918,0.0,0.0
2024-08-07 10:20:00-04:00,7.409999847412109,7.434999942779541,7.409999847412109,7.420000076293945,5540,0.0,0.0
2024-08-07 10:25:00-04:00,7.420000076293945,7.420000076293945,7.403800010681152,7.40500020980835,7168,0.0,0.0
2024-08-07 10:30:00-04:00,7.409999847412109,7.414999961853027,7.400000095367432,7.414999961853027,24462,0.0,0.0
2024-08-07 10:35:00-04:00,7.414999961853027,7.429900169372559,7.40500020980835,7.4096999168396,15137,0.0,0.0
2024-08-07 10:40:00-04:00,7.409800052642822,7.429999828338623,7.409800052642822,7.425000190734863,6067,0.0,0.0
2024-08-07 10:45:00-04:00,7.440000057220459,7.440000057220459,7.425000190734863,7.42710018157959,9369,0.0,0.0
2024-08-07 10:50:00-04:00,7.429900169372559,7.439899921417236,7.420000076293945,7.420000076293945,5979,0.0,0.0
2024-08-07 10:55:00-04:00,7.429999828338623,7.429999828338623,7.425000190734863,7.429800033569336,7555,0.0,0.0
2024-08-07 11:00:00-04:00,7.425000190734863,7.434999942779541,7.42110013961792,7.434999942779541,8707,0.0,0.0
2024-08-07 11:05:00-04:00,7.429999828338623,7.439899921417236,7.429999828338623,7.429999828338623,8812,0.0,0.0
2024-08-07 11:10:00-04:00,7.429999828338623,7.429999828338623,7.425000190734863,7.425000190734863,2063,0.0,0.0
2024-08-07 11:15:00-04:00,7.420100212097168,7.429900169372559,7.420000076293945,7.420000076293945,10244,0.0,0.0
2024-08-07 11:20:00-04:00,7.425000190734863,7.429900169372559,7.420000076293945,7.425000190734863,3146,0.0,0.0
2024-08-07 11:25:00-04:00,7.425000190734863,7.429900169372559,7.414999961853027,7.414999961853027,4530,0.0,0.0
2024-08-07 11:30:00-04:00,7.420000076293945,7.429999828338623,7.419899940490723,7.420000076293945,6221,0.0,0.0
2024-08-07 11:35:00-04:00,7.420000076293945,7.449999809265137,7.420000076293945,7.440100193023682,21966,0.0,0.0
2024-08-07 11:40:00-04:00,7.440000057220459,7.449900150299072,7.440000057220459,7.440000057220459,15686,0.0,0.0
2024-08-07 11:45:00-04:00,7.434999942779541,7.439899921417236,7.420000076293945,7.429900169372559,10799,0.0,0.0
2024-08-07 11:50:00-04:00,7.420000076293945,7.429999828338623,7.420000076293945,7.425000190734863,4022,0.0,0.0
2024-08-07 11:55:00-04:00,7.420000076293945,7.429999828338623,7.409999847412109,7.425000190734863,24745,0.0,0.0
2024-08-07 12:00:00-04:00,7.429999828338623,7.429999828338623,7.414999961853027,7.425000190734863,18376,0.0,0.0
2024-08-07 12:05:00-04:00,7.425000190734863,7.440000057220459,7.425000190734863,7.429999828338623,23497,0.0,0.0
2024-08-07 12:10:00-04:00,7.440000057220459,7.440000057220459,7.429999828338623,7.439799785614014,18498,0.0,0.0
2024-08-07 12:15:00-04:00,7.434999942779541,7.438600063323975,7.420000076293945,7.438600063323975,17550,0.0,0.0
2024-08-07 12:20:00-04:00,7.434999942779541,7.440000057220459,7.434999942779541,7.438600063323975,23119,0.0,0.0
2024-08-07 12:25:00-04:00,7.434999942779541,7.434999942779541,7.421199798583984,7.421199798583984,3214,0.0,0.0
2024-08-07 12:30:00-04:00,7.425000190734863,7.440000057220459,7.425000190734863,7.430099964141846,30811,0.0,0.0
2024-08-07 12:35:00-04:00,7.434999942779541,7.434999942779541,7.420100212097168,7.425000190734863,9045,0.0,0.0
2024-08-07 12:40:00-04:00,7.425000190734863,7.425000190734863,7.414999961853027,7.414999961853027,3264,0.0,0.0
2024-08-07 12:45:00-04:00,7.414999961853027,7.420000076293945,7.414999961853027,7.420000076293945,10766,0.0,0.0
2024-08-07 12:50:00-04:00,7.409999847412109,7.414999961853027,7.409999847412109,7.414999961853027,8340,0.0,0.0
2024-08-07 12:55:00-04:00,7.414999961853027,7.420000076293945,7.409999847412109,7.409999847412109,7817,0.0,0.0
2024-08-07 13:00:00-04:00,7.409999847412109,7.410099983215332,7.400000095367432,7.40500020980835,5813,0.0,0.0
2024-08-07 13:05:00-04:00,7.40500020980835,7.4096999168396,7.389999866485596,7.389999866485596,21439,0.0,0.0
2024-08-07 13:10:00-04:00,7.389999866485596,7.389999866485596,7.360099792480469,7.360099792480469,15103,0.0,0.0
2024-08-07 13:15:00-04:00,7.366000175476074,7.380000114440918,7.361499786376953,7.37470006942749,30668,0.0,0.0
2024-08-07 13:20:00-04:00,7.3790998458862305,7.3790998458862305,7.360000133514404,7.364999771118164,38470,0.0,0.0
2024-08-07 13:25:00-04:00,7.369999885559082,7.369999885559082,7.364200115203857,7.364999771118164,51668,0.0,0.0
2024-08-07 13:30:00-04:00,7.360000133514404,7.360199928283691,7.349999904632568,7.355000019073486,33616,0.0,0.0
2024-08-07 13:35:00-04:00,7.360000133514404,7.364999771118164,7.360000133514404,7.360000133514404,18994,0.0,0.0
2024-08-07 13:40:00-04:00,7.369900226593018,7.369900226593018,7.349999904632568,7.359899997711182,16019,0.0,0.0
2024-08-07 13:45:00-04:00,7.351099967956543,7.355000019073486,7.320000171661377,7.329999923706055,47969,0.0,0.0
2024-08-07 13:50:00-04:00,7.340000152587891,7.360000133514404,7.340000152587891,7.349699974060059,31576,0.0,0.0
2024-08-07 13:55:00-04:00,7.34499979019165,7.34499979019165,7.320000171661377,7.324999809265137,14552,0.0,0.0
2024-08-07 14:00:00-04:00,7.329899787902832,7.340000152587891,7.329899787902832,7.330100059509277,32601,0.0,0.0
2024-08-07 14:05:00-04:00,7.329999923706055,7.335899829864502,7.320000171661377,7.320000171661377,9839,0.0,0.0
2024-08-07 14:10:00-04:00,7.324999809265137,7.329899787902832,7.309999942779541,7.315000057220459,41994,0.0,0.0
2024-08-07 14:15:00-04:00,7.315000057220459,7.315000057220459,7.304999828338623,7.310200214385986,19433,0.0,0.0
2024-08-07 14:20:00-04:00,7.309999942779541,7.324999809265137,7.309999942779541,7.320000171661377,39035,0.0,0.0
2024-08-07 14:25:00-04:00,7.320000171661377,7.355000019073486,7.320000171661377,7.349999904632568,41078,0.0,0.0
2024-08-07 14:30:00-04:00,7.349999904632568,7.3520002365112305,7.340000152587891,7.340000152587891,9730,0.0,0.0
2024-08-07 14:35:00-04:00,7.340000152587891,7.349999904632568,7.334000110626221,7.335000038146973,16210,0.0,0.0
2024-08-07 14:40:00-04:00,7.335000038146973,7.340000152587891,7.329999923706055,7.329999923706055,10370,0.0,0.0
2024-08-07 14:45:00-04:00,7.335000038146973,7.335000038146973,7.315000057220459,7.315000057220459,15434,0.0,0.0
2024-08-07 14:50:00-04:00,7.320000171661377,7.320000171661377,7.309999942779541,7.315000057220459,10229,0.0,0.0
2024-08-07 14:55:00-04:00,7.315000057220459,7.324999809265137,7.315000057220459,7.320000171661377,7916,0.0,0.0
2024-08-07 15:00:00-04:00,7.320000171661377,7.349899768829346,7.320000171661377,7.349899768829346,22900,0.0,0.0
2024-08-07 15:05:00-04:00,7.34499979019165,7.345799922943115,7.335000038146973,7.335000038146973,4850,0.0,0.0
2024-08-07 15:10:00-04:00,7.335000038146973,7.349999904632568,7.329999923706055,7.335000038146973,22855,0.0,0.0
2024-08-07 15:15:00-04:00,7.340000152587891,7.34499979019165,7.340000152587891,7.340000152587891,2612,0.0,0.0
2024-08-07 15:20:00-04:00,7.34499979019165,7.360000133514404,7.34499979019165,7.355000019073486,18203,0.0,0.0
2024-08-07 15:25:00-04:00,7.355000019073486,7.355000019073486,7.335000038146973,7.335000038146973,11712,0.0,0.0
2024-08-07 15:30:00-04:00,7.340000152587891,7.340000152587891,7.329999923706055,7.335000038146973,8005,0.0,0.0
2024-08-07 15:35:00-04:00,7.335000038146973,7.34499979019165,7.335000038146973,7.340000152587891,2386,0.0,0.0
2024-08-07 15:40:00-04:00,7.34499979019165,7.349899768829346,7.329999923706055,7.335000038146973,6804,0.0,0.0
2024-08-07 15:45:00-04:00,7.335000038146973,7.340000152587891,7.324999809265137,7.335000038146973,23448,0.0,0.0
2024-08-07 15:50:00-04:00,7.329999923706055,7.340000152587891,7.320000171661377,7.329999923706055,34974,0.0,0.0
2024-08-07 15:55:00-04:00,7.330100059509277,7.335000038146973,7.315000057220459,7.315000057220459,73067,0.0,0.0
2024-08-08 09:30:00-04:00,7.400000095367432,7.409999847412109,7.355000019073486,7.360000133514404,57424,0.0,0.0
2024-08-08 09:35:00-04:00,7.369999885559082,7.409999847412109,7.360000133514404,7.389999866485596,82131,0.0,0.0
2024-08-08 09:40:00-04:00,7.393799781799316,7.414999961853027,7.375,7.40500020980835,30756,0.0,0.0
2024-08-08 09:45:00-04:00,7.409999847412109,7.420000076293945,7.380000114440918,7.389699935913086,18182,0.0,0.0
2024-08-08 09:50:00-04:00,7.385000228881836,7.409999847412109,7.380000114440918,7.409999847412109,5297,0.0,0.0
2024-08-08 09:55:00-04:00,7.414299964904785,7.429999828338623,7.414299964904785,7.429800033569336,21851,0.0,0.0
2024-08-08 10:00:00-04:00,7.429999828338623,7.434999942779541,7.420000076293945,7.420000076293945,14564,0.0,0.0
2024-08-08 10:05:00-04:00,7.425000190734863,7.429999828338623,7.400000095367432,7.420000076293945,30865,0.0,0.0
2024-08-08 10:10:00-04:00,7.425000190734863,7.429999828338623,7.409999847412109,7.409999847412109,23354,0.0,0.0
2024-08-08 10:15:00-04:00,7.420000076293945,7.429999828338623,7.413000106811523,7.413000106811523,9590,0.0,0.0
2024-08-08 10:20:00-04:00,7.414999961853027,7.429999828338623,7.409999847412109,7.420100212097168,30907,0.0,0.0
2024-08-08 10:25:00-04:00,7.429999828338623,7.429999828338623,7.420000076293945,7.420000076293945,32737,0.0,0.0
2024-08-08 10:30:00-04:00,7.425000190734863,7.429999828338623,7.420000076293945,7.429999828338623,8192,0.0,0.0
2024-08-08 10:35:00-04:00,7.425000190734863,7.429900169372559,7.424300193786621,7.429699897766113,10059,0.0,0.0
2024-08-08 10:40:00-04:00,7.425000190734863,7.429999828338623,7.420000076293945,7.42140007019043,11576,0.0,0.0
2024-08-08 10:45:00-04:00,7.420000076293945,7.429999828338623,7.420000076293945,7.425000190734863,16802,0.0,0.0
2024-08-08 10:50:00-04:00,7.425899982452393,7.429999828338623,7.410099983215332,7.420000076293945,26927,0.0,0.0
2024-08-08 10:55:00-04:00,7.429999828338623,7.429999828338623,7.420000076293945,7.428699970245361,10495,0.0,0.0
2024-08-08 11:00:00-04:00,7.427599906921387,7.429999828338623,7.420000076293945,7.425000190734863,9127,0.0,0.0
2024-08-08 11:05:00-04:00,7.425000190734863,7.427999973297119,7.414999961853027,7.414999961853027,6184,0.0,0.0
2024-08-08 11:10:00-04:00,7.414999961853027,7.420000076293945,7.409999847412109,7.414999961853027,7935,0.0,0.0
2024-08-08 11:15:00-04:00,7.414999961853027,7.418900012969971,7.409999847412109,7.411399841308594,17204,0.0,0.0
2024-08-08 11:20:00-04:00,7.414999961853027,7.419899940490723,7.409999847412109,7.409999847412109,46018,0.0,0.0
2024-08-08 11:25:00-04:00,7.414999961853027,7.419899940490723,7.393700122833252,7.393700122833252,45305,0.0,0.0
2024-08-08 11:30:00-04:00,7.389999866485596,7.400000095367432,7.389999866485596,7.394999980926514,38200,0.0,0.0
2024-08-08 11:35:00-04:00,7.389999866485596,7.399700164794922,7.389999866485596,7.394999980926514,2265,0.0,0.0
2024-08-08 11:40:00-04:00,7.394999980926514,7.397500038146973,7.389999866485596,7.389999866485596,6154,0.0,0.0
2024-08-08 11:45:00-04:00,7.399899959564209,7.400000095367432,7.389999866485596,7.394999980926514,30203,0.0,0.0
2024-08-08 11:50:00-04:00,7.394999980926514,7.399899959564209,7.389999866485596,7.39739990234375,6117,0.0,0.0
2024-08-08 11:55:00-04:00,7.393499851226807,7.400000095367432,7.393499851226807,7.394999980926514,6140,0.0,0.0
2024-08-08 12:00:00-04:00,7.394999980926514,7.400000095367432,7.390100002288818,7.394999980926514,7805,0.0,0.0
2024-08-08 12:05:00-04:00,7.400000095367432,7.400000095367432,7.389999866485596,7.394999980926514,11180,0.0,0.0
2024-08-08 12:10:00-04:00,7.394999980926514,7.399899959564209,7.389999866485596,7.389999866485596,1503,0.0,0.0
2024-08-08 12:15:00-04:00,7.394999980926514,7.399899959564209,7.389999866485596,7.394999980926514,3848,0.0,0.0
2024-08-08 12:20:00-04:00,7.390100002288818,7.399799823760986,7.390100002288818,7.394999980926514,1270,0.0,0.0
2024-08-08 12:25:00-04:00,7.399899959564209,7.399899959564209,7.389999866485596,7.394999980926514,18753,0.0,0.0
2024-08-08 12:30:00-04:00,7.394999980926514,7.394999980926514,7.389999866485596,7.389999866485596,2217,0.0,0.0
2024-08-08 12:35:00-04:00,7.394999980926514,7.400000095367432,7.389999866485596,7.389999866485596,9666,0.0,0.0
2024-08-08 12:40:00-04:00,7.380000114440918,7.389999866485596,7.380000114440918,7.385000228881836,13085,0.0,0.0
2024-08-08 12:45:00-04:00,7.385000228881836,7.389999866485596,7.385000228881836,7.389999866485596,1621,0.0,0.0
2024-08-08 12:50:00-04:00,7.385000228881836,7.389999866485596,7.385000228881836,7.385000228881836,1403,0.0,0.0
2024-08-08 12:55:00-04:00,7.385000228881836,7.389999866485596,7.380099773406982,7.389900207519531,5778,0.0,0.0
2024-08-08 13:00:00-04:00,7.388999938964844,7.388999938964844,7.385000228881836,7.385000228881836,4148,0.0,0.0
2024-08-08 13:05:00-04:00,7.389999866485596,7.389999866485596,7.380000114440918,7.3846001625061035,5749,0.0,0.0
2024-08-08 13:10:00-04:00,7.385000228881836,7.389999866485596,7.385000228881836,7.385000228881836,788,0.0,0.0
2024-08-08 13:15:00-04:00,7.385000228881836,7.389999866485596,7.382299900054932,7.382299900054932,1667,0.0,0.0
2024-08-08 13:20:00-04:00,7.389999866485596,7.409999847412109,7.385000228881836,7.400000095367432,49211,0.0,0.0
2024-08-08 13:25:00-04:00,7.400899887084961,7.401700019836426,7.389999866485596,7.394999980926514,17470,0.0,0.0
2024-08-08 13:30:00-04:00,7.400000095367432,7.400000095367432,7.394999980926514,7.399899959564209,2607,0.0,0.0
2024-08-08 13:35:00-04:00,7.394999980926514,7.400000095367432,7.390100002288818,7.394999980926514,4229,0.0,0.0
2024-08-08 13:40:00-04:00,7.394999980926514,7.400000095367432,7.390200138092041,7.390200138092041,9923,0.0,0.0
2024-08-08 13:45:00-04:00,7.395699977874756,7.399899959564209,7.389999866485596,7.389999866485596,8674,0.0,0.0
2024-08-08 13:50:00-04:00,7.389999866485596,7.399899959564209,7.389999866485596,7.389999866485596,19365,0.0,0.0
2024-08-08 13:55:00-04:00,7.389999866485596,7.400000095367432,7.389999866485596,7.399899959564209,4627,0.0,0.0
2024-08-08 14:00:00-04:00,7.400000095367432,7.400000095367432,7.389999866485596,7.400000095367432,49135,0.0,0.0
2024-08-08 14:05:00-04:00,7.389999866485596,7.399899959564209,7.389999866485596,7.394999980926514,2591,0.0,0.0
2024-08-08 14:10:00-04:00,7.399799823760986,7.399899959564209,7.389999866485596,7.394999980926514,7358,0.0,0.0
2024-08-08 14:15:00-04:00,7.389999866485596,7.399899959564209,7.389999866485596,7.394999980926514,0,0.0,0.0
2024-08-08 14:20:00-04:00,7.389999866485596,7.399899959564209,7.389999866485596,7.394999980926514,944143,0.0,0.0
2024-08-08 14:25:00-04:00,7.389999866485596,7.399899959564209,7.389999866485596,7.395100116729736,4490,0.0,0.0
2024-08-08 14:30:00-04:00,7.389999866485596,7.399700164794922,7.389999866485596,7.394999980926514,4379,0.0,0.0
2024-08-08 14:35:00-04:00,7.395500183105469,7.395500183105469,7.349999904632568,7.355000019073486,65516,0.0,0.0
2024-08-08 14:40:00-04:00,7.355000019073486,7.360000133514404,7.349999904632568,7.355000019073486,6084,0.0,0.0
2024-08-08 14:45:00-04:00,7.359899997711182,7.368000030517578,7.355000019073486,7.360000133514404,10700,0.0,0.0
2024-08-08 14:50:00-04:00,7.369900226593018,7.369999885559082,7.360000133514404,7.364999771118164,5640,0.0,0.0
2024-08-08 14:55:00-04:00,7.364999771118164,7.389999866485596,7.364999771118164,7.380000114440918,28217,0.0,0.0
2024-08-08 15:00:00-04:00,7.380000114440918,7.389999866485596,7.380000114440918,7.385000228881836,12079,0.0,0.0
2024-08-08 15:05:00-04:00,7.385000228881836,7.389999866485596,7.380000114440918,7.385000228881836,8500,0.0,0.0
2024-08-08 15:10:00-04:00,7.385000228881836,7.389999866485596,7.385000228881836,7.389999866485596,10509,0.0,0.0
2024-08-08 15:15:00-04:00,7.389699935913086,7.389999866485596,7.385000228881836,7.389999866485596,1608,0.0,0.0
2024-08-08 15:20:00-04:00,7.385000228881836,7.400000095367432,7.382199764251709,7.395400047302246,14032,0.0,0.0
2024-08-08 15:25:00-04:00,7.39900016784668,7.400000095367432,7.389999866485596,7.394999980926514,8581,0.0,0.0
2024-08-08 15:30:00-04:00,7.394999980926514,7.394999980926514,7.380000114440918,7.385000228881836,6750,0.0,0.0
2024-08-08 15:35:00-04:00,7.385000228881836,7.385000228881836,7.385000228881836,7.385000228881836,2345,0.0,0.0
2024-08-08 15:40:00-04:00,7.385000228881836,7.385000228881836,7.380000114440918,7.38100004196167,34340,0.0,0.0
2024-08-08 15:45:00-04:00,7.380000114440918,7.380199909210205,7.360000133514404,7.360000133514404,19776,0.0,0.0
2024-08-08 15:50:00-04:00,7.364999771118164,7.369999885559082,7.360000133514404,7.364999771118164,15308,0.0,0.0
2024-08-08 15:55:00-04:00,7.360000133514404,7.369999885559082,7.360000133514404,7.360000133514404,9163,0.0,0.0
2024-08-09 09:30:00-04:00,7.380000114440918,7.400000095367432,7.380000114440918,7.400000095367432,66675,0.0,0.0
2024-08-09 09:35:00-04:00,7.40500020980835,7.429900169372559,7.401700019836426,7.425000190734863,10751,0.0,0.0
2024-08-09 09:40:00-04:00,7.429900169372559,7.429900169372559,7.392499923706055,7.392499923706055,21772,0.0,0.0
2024-08-09 09:45:00-04:00,7.394999980926514,7.409999847412109,7.394999980926514,7.404600143432617,15930,0.0,0.0
2024-08-09 09:50:00-04:00,7.409999847412109,7.429999828338623,7.40500020980835,7.425000190734863,71659,0.0,0.0
2024-08-09 09:55:00-04:00,7.420000076293945,7.420000076293945,7.389999866485596,7.40500020980835,51782,0.0,0.0
2024-08-09 10:00:00-04:00,7.40500020980835,7.409999847412109,7.394999980926514,7.409999847412109,8258,0.0,0.0
2024-08-09 10:05:00-04:00,7.405399799346924,7.429999828338623,7.40500020980835,7.425000190734863,33421,0.0,0.0
2024-08-09 10:10:00-04:00,7.420000076293945,7.449999809265137,7.420000076293945,7.446100234985352,63136,0.0,0.0
2024-08-09 10:15:00-04:00,7.445000171661377,7.445000171661377,7.433199882507324,7.434500217437744,19766,0.0,0.0
2024-08-09 10:20:00-04:00,7.436500072479248,7.440000057220459,7.429999828338623,7.429999828338623,9878,0.0,0.0
2024-08-09 10:25:00-04:00,7.434999942779541,7.449999809265137,7.434999942779541,7.434999942779541,15116,0.0,0.0
2024-08-09 10:30:00-04:00,7.429999828338623,7.438000202178955,7.429999828338623,7.430099964141846,19051,0.0,0.0
2024-08-09 10:35:00-04:00,7.439899921417236,7.440000057220459,7.429999828338623,7.429999828338623,9267,0.0,0.0
2024-08-09 10:40:00-04:00,7.434999942779541,7.440000057220459,7.429999828338623,7.432000160217285,10605,0.0,0.0
2024-08-09 10:45:00-04:00,7.434999942779541,7.449999809265137,7.434999942779541,7.445000171661377,22875,0.0,0.0
2024-08-09 10:50:00-04:00,7.440100193023682,7.449999809265137,7.429999828338623,7.429999828338623,39341,0.0,0.0
2024-08-09 10:55:00-04:00,7.425600051879883,7.425600051879883,7.409999847412109,7.409999847412109,5868,0.0,0.0
2024-08-09 11:00:00-04:00,7.419899940490723,7.419899940490723,7.414999961853027,7.414999961853027,2913,0.0,0.0
2024-08-09 11:05:00-04:00,7.414999961853027,7.429999828338623,7.409999847412109,7.425000190734863,6317,0.0,0.0
2024-08-09 11:10:00-04:00,7.425000190734863,7.425000190734863,7.420000076293945,7.420000076293945,1874,0.0,0.0
2024-08-09 11:15:00-04:00,7.425000190734863,7.429900169372559,7.420000076293945,7.429900169372559,1906,0.0,0.0
2024-08-09 11:20:00-04:00,7.420000076293945,7.420000076293945,7.414999961853027,7.414999961853027,1228,0.0,0.0
2024-08-09 11:25:00-04:00,7.417500019073486,7.420000076293945,7.40500020980835,7.40500020980835,7852,0.0,0.0
2024-08-09 11:30:00-04:00,7.40500020980835,7.409900188446045,7.40500020980835,7.4096999168396,373,0.0,0.0
2024-08-09 11:35:00-04:00,7.40500020980835,7.40500020980835,7.400000095367432,7.400000095367432,35597,0.0,0.0
2024-08-09 11:40:00-04:00,7.394999980926514,7.400000095367432,7.389999866485596,7.394999980926514,7292,0.0,0.0
2024-08-09 11:45:00-04:00,7.394999980926514,7.40500020980835,7.394999980926514,7.40500020980835,9426,0.0,0.0
2024-08-09 11:50:00-04:00,7.409999847412109,7.409999847412109,7.400000095367432,7.40500020980835,2694,0.0,0.0
2024-08-09 11:55:00-04:00,7.409999847412109,7.409999847412109,7.394999980926514,7.394999980926514,5752,0.0,0.0
2024-08-09 12:00:00-04:00,7.400000095367432,7.400000095367432,7.389999866485596,7.3979997634887695,2995,0.0,0.0
2024-08-09 12:05:00-04:00,7.390100002288818,7.399899959564209,7.390100002288818,7.394999980926514,1449,0.0,0.0
2024-08-09 12:10:00-04:00,7.394999980926514,7.400000095367432,7.394999980926514,7.394999980926514,2451,0.0,0.0
2024-08-09 12:15:00-04:00,7.396699905395508,7.397299766540527,7.394999980926514,7.394999980926514,914,0.0,0.0
2024-08-09 12:20:00-04:00,7.394999980926514,7.3968000411987305,7.394999980926514,7.3968000411987305,632,0.0,0.0
2024-08-09 12:25:00-04:00,7.394999980926514,7.409999847412109,7.394999980926514,7.408899784088135,6440,0.0,0.0
2024-08-09 12:30:00-04:00,7.400100231170654,7.414999961853027,7.400000095367432,7.414999961853027,13984,0.0,0.0
2024-08-09 12:35:00-04:00,7.410200119018555,7.419899940490723,7.410200119018555,7.414999961853027,15337,0.0,0.0
2024-08-09 12:40:00-04:00,7.414999961853027,7.434999942779541,7.414999961853027,7.434999942779541,13386,0.0,0.0
2024-08-09 12:45:00-04:00,7.434999942779541,7.440000057220459,7.429999828338623,7.429999828338623,2590,0.0,0.0
2024-08-09 12:50:00-04:00,7.432000160217285,7.434999942779541,7.429999828338623,7.434999942779541,2791,0.0,0.0
2024-08-09 12:55:00-04:00,7.434999942779541,7.434999942779541,7.429999828338623,7.429999828338623,2389,0.0,0.0
2024-08-09 13:00:00-04:00,7.433899879455566,7.433899879455566,7.433899879455566,7.433899879455566,1541,0.0,0.0
2024-08-09 13:05:00-04:00,7.429999828338623,7.439899921417236,7.429999828338623,7.434999942779541,4100,0.0,0.0
2024-08-09 13:10:00-04:00,7.430099964141846,7.434999942779541,7.430099964141846,7.434999942779541,2986,0.0,0.0
2024-08-09 13:15:00-04:00,7.434999942779541,7.445000171661377,7.434999942779541,7.445000171661377,12704,0.0,0.0
2024-08-09 13:20:00-04:00,7.444399833679199,7.449999809265137,7.440000057220459,7.445000171661377,3600,0.0,0.0
2024-08-09 13:25:00-04:00,7.445000171661377,7.449999809265137,7.442500114440918,7.449999809265137,42963,0.0,0.0
2024-08-09 13:30:00-04:00,7.445000171661377,7.449999809265137,7.440000057220459,7.449999809265137,6691,0.0,0.0
2024-08-09 13:35:00-04:00,7.441999912261963,7.46999979019165,7.440000057220459,7.465000152587891,113615,0.0,0.0
2024-08-09 13:40:00-04:00,7.465000152587891,7.465000152587891,7.440000057220459,7.440000057220459,11100,0.0,0.0
2024-08-09 13:45:00-04:00,7.4475998878479,7.449999809265137,7.445799827575684,7.449999809265137,3102,0.0,0.0
2024-08-09 13:50:00-04:00,7.440000057220459,7.449999809265137,7.425000190734863,7.425000190734863,20565,0.0,0.0
2024-08-09 13:55:00-04:00,7.425000190734863,7.425000190734863,7.420000076293945,7.425000190734863,2649,0.0,0.0
2024-08-09 14:00:00-04:00,7.425000190734863,7.425000190734863,7.409999847412109,7.414999961853027,7945,0.0,0.0
2024-08-09 14:05:00-04:00,7.4197998046875,7.419899940490723,7.409999847412109,7.414999961853027,10580,0.0,0.0
2024-08-09 14:10:00-04:00,7.414999961853027,7.420000076293945,7.409999847412109,7.414999961853027,2920,0.0,0.0
2024-08-09 14:15:00-04:00,7.419899940490723,7.420000076293945,7.409999847412109,7.414999961853027,8409,0.0,0.0
2024-08-09 14:20:00-04:00,7.415800094604492,7.418399810791016,7.414999961853027,7.418399810791016,2624,0.0,0.0
2024-08-09 14:25:00-04:00,7.414999961853027,7.419899940490723,7.409999847412109,7.414999961853027,2811,0.0,0.0
2024-08-09 14:30:00-04:00,7.414999961853027,7.419899940490723,7.4145002365112305,7.414999961853027,1689,0.0,0.0
2024-08-09 14:35:00-04:00,7.414999961853027,7.419899940490723,7.409999847412109,7.409999847412109,7073,0.0,0.0
2024-08-09 14:40:00-04:00,7.410099983215332,7.420000076293945,7.409999847412109,7.414999961853027,7344,0.0,0.0
2024-08-09 14:45:00-04:00,7.420000076293945,7.420000076293945,7.414999961853027,7.419899940490723,12547,0.0,0.0
2024-08-09 14:50:00-04:00,7.409999847412109,7.414999961853027,7.40500020980835,7.40500020980835,9810,0.0,0.0
2024-08-09 14:55:00-04:00,7.409800052642822,7.409800052642822,7.400000095367432,7.400000095367432,19321,0.0,0.0
2024-08-09 15:00:00-04:00,7.40500020980835,7.414999961853027,7.400000095367432,7.414999961853027,13381,0.0,0.0
2024-08-09 15:05:00-04:00,7.420000076293945,7.429999828338623,7.420000076293945,7.425000190734863,4887,0.0,0.0
2024-08-09 15:10:00-04:00,7.425000190734863,7.434999942779541,7.423799991607666,7.434999942779541,13480,0.0,0.0
2024-08-09 15:15:00-04:00,7.434999942779541,7.454999923706055,7.434999942779541,7.445000171661377,43011,0.0,0.0
2024-08-09 15:20:00-04:00,7.447500228881836,7.447500228881836,7.429999828338623,7.434999942779541,17998,0.0,0.0
2024-08-09 15:25:00-04:00,7.439700126647949,7.449999809265137,7.434999942779541,7.445000171661377,17187,0.0,0.0
2024-08-09 15:30:00-04:00,7.449999809265137,7.449999809265137,7.443299770355225,7.443299770355225,4850,0.0,0.0
2024-08-09 15:35:00-04:00,7.449900150299072,7.449999809265137,7.440000057220459,7.445000171661377,3693,0.0,0.0
2024-08-09 15:40:00-04:00,7.445000171661377,7.454999923706055,7.445000171661377,7.454800128936768,42209,0.0,0.0
2024-08-09 15:45:00-04:00,7.454999923706055,7.460000038146973,7.449999809265137,7.454999923706055,17101,0.0,0.0
2024-08-09 15:50:00-04:00,7.449999809265137,7.460000038146973,7.429999828338623,7.449999809265137,45945,0.0,0.0
2024-08-09 15:55:00-04:00,7.454999923706055,7.454999923706055,7.429999828338623,7.440000057220459,39591,0.0,0.0
2024-08-12 09:30:00-04:00,7.460000038146973,7.46999979019165,7.380000114440918,7.465000152587891,103083,0.0,0.0
2024-08-12 09:35:00-04:00,7.465000152587891,7.467199802398682,7.454999923706055,7.460000038146973,15349,0.0,0.0
2024-08-12 09:40:00-04:00,7.460000038146973,7.480000019073486,7.454999923706055,7.476799964904785,35247,0.0,0.0
2024-08-12 09:45:00-04:00,7.474999904632568,7.5,7.46999979019165,7.489999771118164,40198,0.0,0.0
2024-08-12 09:50:00-04:00,7.489999771118164,7.510000228881836,7.480000019073486,7.494999885559082,50558,0.0,0.0
2024-08-12 09:55:00-04:00,7.494999885559082,7.5,7.480000019073486,7.485000133514404,26565,0.0,0.0
2024-08-12 10:00:00-04:00,7.4899001121521,7.494999885559082,7.480000019073486,7.494999885559082,13102,0.0,0.0
2024-08-12 10:05:00-04:00,7.494999885559082,7.529900074005127,7.49370002746582,7.525000095367432,50951,0.0,0.0
2024-08-12 10:10:00-04:00,7.525000095367432,7.53000020980835,7.5,7.500100135803223,72309,0.0,0.0
2024-08-12 10:15:00-04:00,7.505000114440918,7.509900093078613,7.5,7.503799915313721,29584,0.0,0.0
2024-08-12 10:20:00-04:00,7.505000114440918,7.519999980926514,7.5,7.514999866485596,59807,0.0,0.0
2024-08-12 10:25:00-04:00,7.514999866485596,7.519999980926514,7.510000228881836,7.510000228881836,18488,0.0,0.0
2024-08-12 10:30:00-04:00,7.505000114440918,7.510000228881836,7.489999771118164,7.505000114440918,33569,0.0,0.0
2024-08-12 10:35:00-04:00,7.505000114440918,7.505000114440918,7.5,7.504700183868408,3568,0.0,0.0
2024-08-12 10:40:00-04:00,7.507500171661377,7.519999980926514,7.5,7.505000114440918,77183,0.0,0.0
2024-08-12 10:45:00-04:00,7.5,7.505000114440918,7.489999771118164,7.494999885559082,4411,0.0,0.0
2024-08-12 10:50:00-04:00,7.495500087738037,7.510000228881836,7.494999885559082,7.510000228881836,25952,0.0,0.0
2024-08-12 10:55:00-04:00,7.505000114440918,7.509900093078613,7.5,7.5,7462,0.0,0.0
2024-08-12 11:00:00-04:00,7.497099876403809,7.5,7.494999885559082,7.5,8774,0.0,0.0
2024-08-12 11:05:00-04:00,7.5,7.509799957275391,7.5,7.505000114440918,5148,0.0,0.0
2024-08-12 11:10:00-04:00,7.5,7.510000228881836,7.5,7.505000114440918,16690,0.0,0.0
2024-08-12 11:15:00-04:00,7.500100135803223,7.509900093078613,7.5,7.505000114440918,11280,0.0,0.0
2024-08-12 11:20:00-04:00,7.508900165557861,7.508900165557861,7.485000133514404,7.485000133514404,11636,0.0,0.0
2024-08-12 11:25:00-04:00,7.485000133514404,7.494999885559082,7.480000019073486,7.489999771118164,13443,0.0,0.0
2024-08-12 11:30:00-04:00,7.489999771118164,7.5,7.489999771118164,7.499899864196777,17283,0.0,0.0
2024-08-12 11:35:00-04:00,7.5,7.5,7.489999771118164,7.494999885559082,13521,0.0,0.0
2024-08-12 11:40:00-04:00,7.494500160217285,7.494999885559082,7.489999771118164,7.489999771118164,2326,0.0,0.0
2024-08-12 11:45:00-04:00,7.499800205230713,7.499800205230713,7.489999771118164,7.489999771118164,2485,0.0,0.0
2024-08-12 11:50:00-04:00,7.499899864196777,7.5,7.489999771118164,7.5,19493,0.0,0.0
2024-08-12 11:55:00-04:00,7.493800163269043,7.5,7.493800163269043,7.5,22038,0.0,0.0
2024-08-12 12:00:00-04:00,7.496500015258789,7.509900093078613,7.496500015258789,7.505000114440918,30745,0.0,0.0
2024-08-12 12:05:00-04:00,7.5,7.505000114440918,7.489999771118164,7.495200157165527,9420,0.0,0.0
2024-08-12 12:10:00-04:00,7.494999885559082,7.499899864196777,7.489999771118164,7.489999771118164,4641,0.0,0.0
2024-08-12 12:15:00-04:00,7.489999771118164,7.49970006942749,7.489999771118164,7.494999885559082,3872,0.0,0.0
2024-08-12 12:20:00-04:00,7.499899864196777,7.5,7.489999771118164,7.5,719,0.0,0.0
2024-08-12 12:25:00-04:00,7.5,7.5,7.489999771118164,7.494999885559082,5525,0.0,0.0
2024-08-12 12:30:00-04:00,7.494999885559082,7.505000114440918,7.489999771118164,7.5,29843,0.0,0.0
2024-08-12 12:35:00-04:00,7.505000114440918,7.509900093078613,7.5,7.505000114440918,17919,0.0,0.0
2024-08-12 12:40:00-04:00,7.505000114440918,7.509900093078613,7.5,7.505000114440918,12954,0.0,0.0
2024-08-12 12:45:00-04:00,7.505000114440918,7.507999897003174,7.5,7.505000114440918,6708,0.0,0.0
2024-08-12 12:50:00-04:00,7.5,7.510000228881836,7.5,7.501200199127197,9393,0.0,0.0
2024-08-12 12:55:00-04:00,7.505000114440918,7.505000114440918,7.489999771118164,7.489999771118164,4468,0.0,0.0
2024-08-12 13:00:00-04:00,7.489999771118164,7.489999771118164,7.484799861907959,7.485000133514404,4959,0.0,0.0
2024-08-12 13:05:00-04:00,7.485000133514404,7.485000133514404,7.485000133514404,7.485000133514404,458,0.0,0.0
2024-08-12 13:10:00-04:00,7.485000133514404,7.5,7.480000019073486,7.5,13874,0.0,0.0
2024-08-12 13:15:00-04:00,7.5,7.5,7.489999771118164,7.499899864196777,29395,0.0,0.0
2024-08-12 13:20:00-04:00,7.494999885559082,7.5,7.489999771118164,7.494999885559082,28532,0.0,0.0
2024-08-12 13:25:00-04:00,7.495100021362305,7.5,7.489999771118164,7.499899864196777,28697,0.0,0.0
2024-08-12 13:30:00-04:00,7.5,7.5,7.489999771118164,7.490099906921387,4430,0.0,0.0
2024-08-12 13:35:00-04:00,7.5,7.5,7.489999771118164,7.489999771118164,2293,0.0,0.0
2024-08-12 13:40:00-04:00,7.489999771118164,7.5,7.489999771118164,7.494900226593018,24494,0.0,0.0
2024-08-12 13:45:00-04:00,7.499899864196777,7.499899864196777,7.489999771118164,7.494999885559082,11383,0.0,0.0
2024-08-12 13:50:00-04:00,7.489999771118164,7.494999885559082,7.480000019073486,7.485000133514404,33753,0.0,0.0
2024-08-12 13:55:00-04:00,7.489999771118164,7.5,7.485000133514404,7.499000072479248,4277,0.0,0.0
2024-08-12 14:00:00-04:00,7.494999885559082,7.5,7.480000019073486,7.489999771118164,24108,0.0,0.0
2024-08-12 14:05:00-04:00,7.494999885559082,7.499899864196777,7.489999771118164,7.490300178527832,5020,0.0,0.0
2024-08-12 14:10:00-04:00,7.494999885559082,7.494999885559082,7.473700046539307,7.480000019073486,40911,0.0,0.0
2024-08-12 14:15:00-04:00,7.485000133514404,7.494999885559082,7.485000133514404,7.49459981918335,5155,0.0,0.0
2024-08-12 14:20:00-04:00,7.494999885559082,7.5,7.489999771118164,7.494999885559082,9275,0.0,0.0
2024-08-12 14:25:00-04:00,7.494999885559082,7.494999885559082,7.489999771118164,7.494999885559082,21139,0.0,0.0
2024-08-12 14:30:00-04:00,7.494999885559082,7.499899864196777,7.489999771118164,7.494999885559082,21024,0.0,0.0
2024-08-12 14:35:00-04:00,7.494999885559082,7.499899864196777,7.489999771118164,7.499899864196777,2957,0.0,0.0
2024-08-12 14:40:00-04:00,7.494999885559082,7.5,7.489999771118164,7.494999885559082,17794,0.0,0.0
2024-08-12 14:45:00-04:00,7.494699954986572,7.5,7.489999771118164,7.494999885559082,6260,0.0,0.0
2024-08-12 14:50:00-04:00,7.489999771118164,7.5,7.489999771118164,7.5,1245,0.0,0.0
2024-08-12 14:55:00-04:00,7.494200229644775,7.5,7.489999771118164,7.489999771118164,6949,0.0,0.0
2024-08-12 15:00:00-04:00,7.489999771118164,7.497499942779541,7.480100154876709,7.4857001304626465,4428,0.0,0.0
2024-08-12 15:05:00-04:00,7.485000133514404,7.5,7.482999801635742,7.494699954986572,8336,0.0,0.0
2024-08-12 15:10:00-04:00,7.494999885559082,7.5,7.490099906921387,7.494999885559082,11565,0.0,0.0
2024-08-12 15:15:00-04:00,7.489999771118164,7.499899864196777,7.489999771118164,7.494999885559082,12491,0.0,0.0
2024-08-12 15:20:00-04:00,7.494999885559082,7.499899864196777,7.489999771118164,7.494999885559082,8513,0.0,0.0
2024-08-12 15:25:00-04:00,7.494999885559082,7.499899864196777,7.489999771118164,7.49970006942749,10193,0.0,0.0
2024-08-12 15:30:00-04:00,7.490099906921387,7.499899864196777,7.489999771118164,7.494999885559082,8095,0.0,0.0
2024-08-12 15:35:00-04:00,7.489999771118164,7.499899864196777,7.485000133514404,7.489999771118164,18032,0.0,0.0
2024-08-12 15:40:00-04:00,7.480000019073486,7.489999771118164,7.480000019073486,7.485799789428711,10529,0.0,0.0
2024-08-12 15:45:00-04:00,7.480100154876709,7.489999771118164,7.480000019073486,7.485000133514404,8860,0.0,0.0
2024-08-12 15:50:00-04:00,7.480000019073486,7.489999771118164,7.480000019073486,7.485000133514404,55076,0.0,0.0
2024-08-12 15:55:00-04:00,7.489999771118164,7.489999771118164,7.480000019073486,7.489999771118164,20103,0.0,0.0
2024-08-13 09:30:00-04:00,7.53000020980835,7.539999961853027,7.53000020980835,7.539899826049805,75756,0.0,0.0
2024-08-13 09:35:00-04:00,7.534999847412109,7.539899826049805,7.5,7.514999866485596,86683,0.0,0.0
2024-08-13 09:40:00-04:00,7.529900074005127,7.53000020980835,7.5,7.525000095367432,54717,0.0,0.0
2024-08-13 09:45:00-04:00,7.53000020980835,7.53000020980835,7.519999980926514,7.53000020980835,21335,0.0,0.0
2024-08-13 09:50:00-04:00,7.525000095367432,7.53000020980835,7.520100116729736,7.520100116729736,5680,0.0,0.0
2024-08-13 09:55:00-04:00,7.525000095367432,7.53000020980835,7.519999980926514,7.520199775695801,13641,0.0,0.0
2024-08-13 10:00:00-04:00,7.529799938201904,7.53000020980835,7.519999980926514,7.519999980926514,21243,0.0,0.0
2024-08-13 10:05:00-04:00,7.514999866485596,7.519800186157227,7.5,7.5,25865,0.0,0.0
2024-08-13 10:10:00-04:00,7.507900238037109,7.519999980926514,7.505000114440918,7.514999866485596,13600,0.0,0.0
2024-08-13 10:15:00-04:00,7.519899845123291,7.519999980926514,7.510000228881836,7.514999866485596,38622,0.0,0.0
2024-08-13 10:20:00-04:00,7.514999866485596,7.519999980926514,7.510000228881836,7.514999866485596,40754,0.0,0.0
2024-08-13 10:25:00-04:00,7.51800012588501,7.53000020980835,7.510000228881836,7.524899959564209,15126,0.0,0.0
2024-08-13 10:30:00-04:00,7.525000095367432,7.525000095367432,7.510000228881836,7.51609992980957,11224,0.0,0.0
2024-08-13 10:35:00-04:00,7.514999866485596,7.525000095367432,7.510000228881836,7.524899959564209,17986,0.0,0.0
2024-08-13 10:40:00-04:00,7.525000095367432,7.526899814605713,7.519999980926514,7.525000095367432,34876,0.0,0.0
2024-08-13 10:45:00-04:00,7.519999980926514,7.53000020980835,7.519999980926514,7.529900074005127,6685,0.0,0.0
2024-08-13 10:50:00-04:00,7.529900074005127,7.550000190734863,7.519999980926514,7.548500061035156,43573,0.0,0.0
2024-08-13 10:55:00-04:00,7.550000190734863,7.550000190734863,7.53000020980835,7.550000190734863,54804,0.0,0.0
2024-08-13 11:00:00-04:00,7.539999961853027,7.550000190734863,7.539999961853027,7.545000076293945,11841,0.0,0.0
2024-08-13 11:05:00-04:00,7.550000190734863,7.550000190734863,7.545000076293945,7.549699783325195,39821,0.0,0.0
2024-08-13 11:10:00-04:00,7.550000190734863,7.550000190734863,7.539999961853027,7.539999961853027,11714,0.0,0.0
2024-08-13 11:15:00-04:00,7.550000190734863,7.550000190734863,7.539999961853027,7.545000076293945,6426,0.0,0.0
2024-08-13 11:20:00-04:00,7.545000076293945,7.550000190734863,7.539999961853027,7.54580020904541,21723,0.0,0.0
2024-08-13 11:25:00-04:00,7.549900054931641,7.550000190734863,7.539999961853027,7.550000190734863,18464,0.0,0.0
2024-08-13 11:30:00-04:00,7.539999961853027,7.549900054931641,7.539999961853027,7.539999961853027,12993,0.0,0.0
2024-08-13 11:35:00-04:00,7.545000076293945,7.545000076293945,7.53000020980835,7.534999847412109,9217,0.0,0.0
2024-08-13 11:40:00-04:00,7.534999847412109,7.539899826049805,7.53000020980835,7.539899826049805,4319,0.0,0.0
2024-08-13 11:45:00-04:00,7.534999847412109,7.539999961853027,7.533400058746338,7.534999847412109,4534,0.0,0.0
2024-08-13 11:50:00-04:00,7.539899826049805,7.550000190734863,7.530099868774414,7.550000190734863,51535,0.0,0.0
2024-08-13 11:55:00-04:00,7.545000076293945,7.550000190734863,7.543700218200684,7.545000076293945,10571,0.0,0.0
2024-08-13 12:00:00-04:00,7.545000076293945,7.556300163269043,7.539999961853027,7.554999828338623,48469,0.0,0.0
2024-08-13 12:05:00-04:00,7.550000190734863,7.559999942779541,7.550000190734863,7.554999828338623,23467,0.0,0.0
2024-08-13 12:10:00-04:00,7.554999828338623,7.554999828338623,7.550000190734863,7.554999828338623,1566,0.0,0.0
2024-08-13 12:15:00-04:00,7.559700012207031,7.559999942779541,7.550000190734863,7.559999942779541,13672,0.0,0.0
2024-08-13 12:20:00-04:00,7.559999942779541,7.559999942779541,7.550000190734863,7.550000190734863,7275,0.0,0.0
2024-08-13 12:25:00-04:00,7.550000190734863,7.559700012207031,7.550000190734863,7.554999828338623,3038,0.0,0.0
2024-08-13 12:30:00-04:00,7.550000190734863,7.550000190734863,7.539999961853027,7.549900054931641,23293,0.0,0.0
2024-08-13 12:35:00-04:00,7.54010009765625,7.550000190734863,7.539999961853027,7.545000076293945,10981,0.0,0.0
2024-08-13 12:40:00-04:00,7.544000148773193,7.554999828338623,7.539999961853027,7.554999828338623,5129,0.0,0.0
2024-08-13 12:45:00-04:00,7.559700012207031,7.559700012207031,7.550099849700928,7.554999828338623,7055,0.0,0.0
2024-08-13 12:50:00-04:00,7.559999942779541,7.559999942779541,7.550000190734863,7.550000190734863,1505,0.0,0.0
2024-08-13 12:55:00-04:00,7.554999828338623,7.559899806976318,7.550000190734863,7.554999828338623,3104,0.0,0.0
2024-08-13 13:00:00-04:00,7.550099849700928,7.558000087738037,7.550000190734863,7.554999828338623,7125,0.0,0.0
2024-08-13 13:05:00-04:00,7.554999828338623,7.554999828338623,7.550000190734863,7.554999828338623,10164,0.0,0.0
2024-08-13 13:10:00-04:00,7.550000190734863,7.55679988861084,7.550000190734863,7.554999828338623,1246,0.0,0.0
2024-08-13 13:15:00-04:00,7.550000190734863,7.559700012207031,7.550000190734863,7.550000190734863,1818,0.0,0.0
2024-08-13 13:20:00-04:00,7.554999828338623,7.559899806976318,7.550000190734863,7.550000190734863,5993,0.0,0.0
2024-08-13 13:25:00-04:00,7.550000190734863,7.555099964141846,7.550000190734863,7.550000190734863,6772,0.0,0.0
2024-08-13 13:30:00-04:00,7.550000190734863,7.559899806976318,7.550000190734863,7.550000190734863,916,0.0,0.0
2024-08-13 13:35:00-04:00,7.554999828338623,7.559899806976318,7.550000190734863,7.554999828338623,15292,0.0,0.0
2024-08-13 13:40:00-04:00,7.550000190734863,7.559899806976318,7.550000190734863,7.554999828338623,15561,0.0,0.0
2024-08-13 13:45:00-04:00,7.554999828338623,7.559999942779541,7.539999961853027,7.545000076293945,61504,0.0,0.0
2024-08-13 13:50:00-04:00,7.539999961853027,7.550000190734863,7.539999961853027,7.545000076293945,13921,0.0,0.0
2024-08-13 13:55:00-04:00,7.546000003814697,7.550000190734863,7.545000076293945,7.5457000732421875,10886,0.0,0.0
2024-08-13 14:00:00-04:00,7.550000190734863,7.550000190734863,7.539999961853027,7.539999961853027,15054,0.0,0.0
2024-08-13 14:05:00-04:00,7.545000076293945,7.550000190734863,7.539999961853027,7.545000076293945,3407,0.0,0.0
2024-08-13 14:10:00-04:00,7.539999961853027,7.550000190734863,7.539999961853027,7.545000076293945,2947,0.0,0.0
2024-08-13 14:15:00-04:00,7.549799919128418,7.550000190734863,7.539999961853027,7.539999961853027,19141,0.0,0.0
2024-08-13 14:20:00-04:00,7.545000076293945,7.550000190734863,7.539999961853027,7.545000076293945,7499,0.0,0.0
2024-08-13 14:25:00-04:00,7.539999961853027,7.550000190734863,7.539999961853027,7.545000076293945,3591,0.0,0.0
2024-08-13 14:30:00-04:00,7.539999961853027,7.550000190734863,7.539999961853027,7.545000076293945,18643,0.0,0.0
2024-08-13 14:35:00-04:00,7.539999961853027,7.550000190734863,7.539999961853027,7.539999961853027,3350,0.0,0.0
2024-08-13 14:40:00-04:00,7.545000076293945,7.549900054931641,7.539999961853027,7.546299934387207,3261,0.0,0.0
2024-08-13 14:45:00-04:00,7.539999961853027,7.550000190734863,7.539999961853027,7.550000190734863,18202,0.0,0.0
2024-08-13 14:50:00-04:00,7.545000076293945,7.550000190734863,7.545000076293945,7.550000190734863,24370,0.0,0.0
2024-08-13 14:55:00-04:00,7.541800022125244,7.550000190734863,7.539999961853027,7.550000190734863,14384,0.0,0.0
2024-08-13 15:00:00-04:00,7.545000076293945,7.550000190734863,7.539999961853027,7.550000190734863,65164,0.0,0.0
2024-08-13 15:05:00-04:00,7.550000190734863,7.550000190734863,7.54010009765625,7.545000076293945,20682,0.0,0.0
2024-08-13 15:10:00-04:00,7.545000076293945,7.545000076293945,7.545000076293945,7.545000076293945,542,0.0,0.0
2024-08-13 15:15:00-04:00,7.545000076293945,7.550000190734863,7.539999961853027,7.539999961853027,57898,0.0,0.0
2024-08-13 15:20:00-04:00,7.545000076293945,7.550000190734863,7.544300079345703,7.545000076293945,45663,0.0,0.0
2024-08-13 15:25:00-04:00,7.545000076293945,7.550000190734863,7.539999961853027,7.545000076293945,29058,0.0,0.0
2024-08-13 15:30:00-04:00,7.545000076293945,7.550000190734863,7.539999961853027,7.539999961853027,4108,0.0,0.0
2024-08-13 15:35:00-04:00,7.550000190734863,7.550000190734863,7.539999961853027,7.545000076293945,11495,0.0,0.0
2024-08-13 15:40:00-04:00,7.539999961853027,7.550000190734863,7.539999961853027,7.545000076293945,20326,0.0,0.0
2024-08-13 15:45:00-04:00,7.545000076293945,7.550000190734863,7.539999961853027,7.545000076293945,13202,0.0,0.0
2024-08-13 15:50:00-04:00,7.539999961853027,7.550000190734863,7.539999961853027,7.545000076293945,7762,0.0,0.0
2024-08-13 15:55:00-04:00,7.539999961853027,7.550000190734863,7.539999961853027,7.539999961853027,26471,0.0,0.0
2024-08-14 09:30:00-04:00,7.559999942779541,7.579999923706055,7.559999942779541,7.574999809265137,79832,0.0,0.0
2024-08-14 09:35:00-04:00,7.575399875640869,7.579899787902832,7.570000171661377,7.579899787902832,19469,0.0,0.0
2024-08-14 09:40:00-04:00,7.570000171661377,7.579999923706055,7.570000171661377,7.574999809265137,7512,0.0,0.0
2024-08-14 09:45:00-04:00,7.5756001472473145,7.579999923706055,7.570000171661377,7.574999809265137,3578,0.0,0.0
2024-08-14 09:50:00-04:00,7.574999809265137,7.579999923706055,7.570000171661377,7.574999809265137,11622,0.0,0.0
2024-08-14 09:55:00-04:00,7.574999809265137,7.590000152587891,7.574999809265137,7.585000038146973,27677,0.0,0.0
2024-08-14 10:00:00-04:00,7.585000038146973,7.590000152587891,7.574999809265137,7.589000225067139,78053,0.0,0.0
2024-08-14 10:05:00-04:00,7.585000038146973,7.590000152587891,7.579999923706055,7.589900016784668,30955,0.0,0.0
2024-08-14 10:10:00-04:00,7.585000038146973,7.585999965667725,7.579999923706055,7.585999965667725,5950,0.0,0.0
2024-08-14 10:15:00-04:00,7.590000152587891,7.599999904632568,7.589900016784668,7.590099811553955,36776,0.0,0.0
2024-08-14 10:20:00-04:00,7.590000152587891,7.599999904632568,7.590000152587891,7.59499979019165,27790,0.0,0.0
2024-08-14 10:25:00-04:00,7.594099998474121,7.599999904632568,7.590000152587891,7.59499979019165,8962,0.0,0.0
2024-08-14 10:30:00-04:00,7.590000152587891,7.599800109863281,7.590000152587891,7.598999977111816,4036,0.0,0.0
2024-08-14 10:35:00-04:00,7.590000152587891,7.599999904632568,7.590000152587891,7.594900131225586,30148,0.0,0.0
2024-08-14 10:40:00-04:00,7.591599941253662,7.599999904632568,7.590000152587891,7.595399856567383,18526,0.0,0.0
2024-08-14 10:45:00-04:00,7.599999904632568,7.599999904632568,7.579999923706055,7.589900016784668,69642,0.0,0.0
2024-08-14 10:50:00-04:00,7.585000038146973,7.590000152587891,7.585000038146973,7.589900016784668,3548,0.0,0.0
2024-08-14 10:55:00-04:00,7.585000038146973,7.599899768829346,7.585000038146973,7.599899768829346,14296,0.0,0.0
2024-08-14 11:00:00-04:00,7.595799922943115,7.599999904632568,7.590000152587891,7.590000152587891,9360,0.0,0.0
2024-08-14 11:05:00-04:00,7.59499979019165,7.599999904632568,7.590000152587891,7.599999904632568,11773,0.0,0.0
2024-08-14 11:10:00-04:00,7.599999904632568,7.599999904632568,7.59499979019165,7.59499979019165,11998,0.0,0.0
2024-08-14 11:15:00-04:00,7.59499979019165,7.599899768829346,7.59119987487793,7.59499979019165,13523,0.0,0.0
2024-08-14 11:20:00-04:00,7.5980000495910645,7.599899768829346,7.590099811553955,7.59499979019165,5533,0.0,0.0
2024-08-14 11:25:00-04:00,7.59499979019165,7.598999977111816,7.59499979019165,7.59499979019165,5783,0.0,0.0
2024-08-14 11:30:00-04:00,7.59499979019165,7.599999904632568,7.590000152587891,7.599999904632568,34601,0.0,0.0
2024-08-14 11:35:00-04:00,7.5980000495910645,7.599999904632568,7.59499979019165,7.59499979019165,3093,0.0,0.0
2024-08-14 11:40:00-04:00,7.59499979019165,7.605000019073486,7.590000152587891,7.605000019073486,104826,0.0,0.0
2024-08-14 11:45:00-04:00,7.605000019073486,7.610000133514404,7.599999904632568,7.599999904632568,17920,0.0,0.0
2024-08-14 11:50:00-04:00,7.599999904632568,7.610000133514404,7.599999904632568,7.610000133514404,2570,0.0,0.0
2024-08-14 11:55:00-04:00,7.605000019073486,7.619999885559082,7.600100040435791,7.610000133514404,23039,0.0,0.0
2024-08-14 12:00:00-04:00,7.610000133514404,7.630000114440918,7.610000133514404,7.630000114440918,7697,0.0,0.0
2024-08-14 12:05:00-04:00,7.625,7.630000114440918,7.619999885559082,7.625,6592,0.0,0.0
2024-08-14 12:10:00-04:00,7.625,7.630000114440918,7.619999885559082,7.625,13519,0.0,0.0
2024-08-14 12:15:00-04:00,7.623700141906738,7.630000114440918,7.619999885559082,7.625,6221,0.0,0.0
2024-08-14 12:20:00-04:00,7.625,7.630000114440918,7.619999885559082,7.619999885559082,24666,0.0,0.0
2024-08-14 12:25:00-04:00,7.626999855041504,7.626999855041504,7.610000133514404,7.614999771118164,9400,0.0,0.0
2024-08-14 12:30:00-04:00,7.614999771118164,7.6178998947143555,7.610000133514404,7.614999771118164,12780,0.0,0.0
2024-08-14 12:35:00-04:00,7.610000133514404,7.619999885559082,7.610000133514404,7.614999771118164,12586,0.0,0.0
2024-08-14 12:40:00-04:00,7.614999771118164,7.619900226593018,7.61299991607666,7.61299991607666,4478,0.0,0.0
2024-08-14 12:45:00-04:00,7.610000133514404,7.619800090789795,7.610000133514404,7.614999771118164,24647,0.0,0.0
2024-08-14 12:50:00-04:00,7.614999771118164,7.619900226593018,7.610099792480469,7.614999771118164,10514,0.0,0.0
2024-08-14 12:55:00-04:00,7.610099792480469,7.630000114440918,7.610099792480469,7.625,36384,0.0,0.0
2024-08-14 13:00:00-04:00,7.619999885559082,7.630000114440918,7.619999885559082,7.625,20426,0.0,0.0
2024-08-14 13:05:00-04:00,7.625,7.625,7.619999885559082,7.625,3952,0.0,0.0
2024-08-14 13:10:00-04:00,7.625,7.625,7.614999771118164,7.614999771118164,7150,0.0,0.0
2024-08-14 13:15:00-04:00,7.614999771118164,7.619800090789795,7.614999771118164,7.614999771118164,1304,0.0,0.0
2024-08-14 13:20:00-04:00,7.619800090789795,7.619800090789795,7.614999771118164,7.614999771118164,818,0.0,0.0
2024-08-14 13:25:00-04:00,7.614999771118164,7.630000114440918,7.614999771118164,7.630000114440918,63654,0.0,0.0
2024-08-14 13:30:00-04:00,7.625,7.630000114440918,7.625,7.625,6560,0.0,0.0
2024-08-14 13:35:00-04:00,7.625,7.630000114440918,7.625,7.629899978637695,5357,0.0,0.0
2024-08-14 13:40:00-04:00,7.619999885559082,7.630000114440918,7.619999885559082,7.625,6583,0.0,0.0
2024-08-14 13:45:00-04:00,7.625,7.630000114440918,7.625,7.625,2319,0.0,0.0
2024-08-14 13:50:00-04:00,7.625,7.630000114440918,7.619999885559082,7.625,41472,0.0,0.0
2024-08-14 13:55:00-04:00,7.629899978637695,7.630000114440918,7.619999885559082,7.625,15652,0.0,0.0
2024-08-14 14:00:00-04:00,7.625,7.630000114440918,7.619999885559082,7.624899864196777,19233,0.0,0.0
2024-08-14 14:05:00-04:00,7.619999885559082,7.630000114440918,7.619999885559082,7.625,8292,0.0,0.0
2024-08-14 14:10:00-04:00,7.625,7.625,7.625,7.625,7823,0.0,0.0
2024-08-14 14:15:00-04:00,7.625,7.630000114440918,7.620100021362305,7.625,13133,0.0,0.0
2024-08-14 14:20:00-04:00,7.629899978637695,7.630000114440918,7.619999885559082,7.625,5824,0.0,0.0
2024-08-14 14:25:00-04:00,7.625,7.630000114440918,7.619999885559082,7.619999885559082,41888,0.0,0.0
2024-08-14 14:30:00-04:00,7.625,7.630000114440918,7.620100021362305,7.629700183868408,12491,0.0,0.0
2024-08-14 14:35:00-04:00,7.625,7.630000114440918,7.619999885559082,7.62529993057251,6569,0.0,0.0
2024-08-14 14:40:00-04:00,7.621099948883057,7.625,7.610000133514404,7.614999771118164,144543,0.0,0.0
2024-08-14 14:45:00-04:00,7.614999771118164,7.619999885559082,7.611199855804443,7.619999885559082,4038,0.0,0.0
2024-08-14 14:50:00-04:00,7.614999771118164,7.619999885559082,7.610000133514404,7.619999885559082,1286,0.0,0.0
2024-08-14 14:55:00-04:00,7.614999771118164,7.614999771118164,7.614999771118164,7.614999771118164,1018,0.0,0.0
2024-08-14 15:00:00-04:00,7.619900226593018,7.619999885559082,7.610000133514404,7.614999771118164,5204,0.0,0.0
2024-08-14 15:05:00-04:00,7.619999885559082,7.619999885559082,7.610000133514404,7.615300178527832,32015,0.0,0.0
2024-08-14 15:10:00-04:00,7.614999771118164,7.614999771118164,7.610000133514404,7.610000133514404,7698,0.0,0.0
2024-08-14 15:15:00-04:00,7.610000133514404,7.619900226593018,7.610000133514404,7.610000133514404,9116,0.0,0.0
2024-08-14 15:20:00-04:00,7.614999771118164,7.614999771118164,7.610000133514404,7.614999771118164,13461,0.0,0.0
2024-08-14 15:25:00-04:00,7.614699840545654,7.619999885559082,7.610000133514404,7.6153998374938965,14547,0.0,0.0
2024-08-14 15:30:00-04:00,7.614999771118164,7.619999885559082,7.610000133514404,7.610000133514404,11422,0.0,0.0
2024-08-14 15:35:00-04:00,7.614999771118164,7.619999885559082,7.610000133514404,7.6149001121521,22764,0.0,0.0
2024-08-14 15:40:00-04:00,7.614999771118164,7.619999885559082,7.610000133514404,7.614999771118164,40459,0.0,0.0
2024-08-14 15:45:00-04:00,7.614299774169922,7.614999771118164,7.579999923706055,7.614999771118164,158160,0.0,0.0
2024-08-14 15:50:00-04:00,7.614999771118164,7.619999885559082,7.610000133514404,7.614999771118164,20610,0.0,0.0
2024-08-14 15:55:00-04:00,7.619900226593018,7.619999885559082,7.610000133514404,7.619999885559082,94977,0.0,0.0
2024-08-15 09:30:00-04:00,7.519999980926514,7.53000020980835,7.510000228881836,7.53000020980835,169907,0.0,0.0
2024-08-15 09:35:00-04:00,7.53000020980835,7.53000020980835,7.510000228881836,7.511099815368652,69992,0.0,0.0
2024-08-15 09:40:00-04:00,7.519899845123291,7.519999980926514,7.5,7.510000228881836,72218,0.0,0.0
2024-08-15 09:45:00-04:00,7.510000228881836,7.519999980926514,7.500100135803223,7.514999866485596,18640,0.0,0.0
2024-08-15 09:50:00-04:00,7.514999866485596,7.519999980926514,7.510000228881836,7.514999866485596,25548,0.0,0.0
2024-08-15 09:55:00-04:00,7.514999866485596,7.519999980926514,7.510000228881836,7.514999866485596,29979,0.0,0.0
2024-08-15 10:00:00-04:00,7.514999866485596,7.519999980926514,7.510000228881836,7.514999866485596,22741,0.0,0.0
2024-08-15 10:05:00-04:00,7.510000228881836,7.518499851226807,7.505000114440918,7.514999866485596,18716,0.0,0.0
2024-08-15 10:10:00-04:00,7.514999866485596,7.519999980926514,7.510000228881836,7.5100998878479,6456,0.0,0.0
2024-08-15 10:15:00-04:00,7.514999866485596,7.519999980926514,7.514999866485596,7.514999866485596,6979,0.0,0.0
2024-08-15 10:20:00-04:00,7.514999866485596,7.525400161743164,7.510000228881836,7.525000095367432,76074,0.0,0.0
2024-08-15 10:25:00-04:00,7.525000095367432,7.525199890136719,7.520100116729736,7.525000095367432,6374,0.0,0.0
2024-08-15 10:30:00-04:00,7.53000020980835,7.539999961853027,7.53000020980835,7.530099868774414,26681,0.0,0.0
2024-08-15 10:35:00-04:00,7.530300140380859,7.53879976272583,7.53000020980835,7.530200004577637,5994,0.0,0.0
2024-08-15 10:40:00-04:00,7.534999847412109,7.539999961853027,7.53000020980835,7.53000020980835,3984,0.0,0.0
2024-08-15 10:45:00-04:00,7.530099868774414,7.535999774932861,7.520100116729736,7.525000095367432,25096,0.0,0.0
2024-08-15 10:50:00-04:00,7.525000095367432,7.53000020980835,7.519999980926514,7.526700019836426,17809,0.0,0.0
2024-08-15 10:55:00-04:00,7.53000020980835,7.53000020980835,7.519999980926514,7.53000020980835,1492,0.0,0.0
2024-08-15 11:00:00-04:00,7.525000095367432,7.53000020980835,7.519999980926514,7.519999980926514,17733,0.0,0.0
2024-08-15 11:05:00-04:00,7.523799896240234,7.550000190734863,7.519999980926514,7.539999961853027,202673,0.0,0.0
2024-08-15 11:10:00-04:00,7.534999847412109,7.539999961853027,7.533699989318848,7.539999961853027,13146,0.0,0.0
2024-08-15 11:15:00-04:00,7.53000020980835,7.539999961853027,7.53000020980835,7.53000020980835,26023,0.0,0.0
2024-08-15 11:20:00-04:00,7.539999961853027,7.539999961853027,7.53000020980835,7.534999847412109,32116,0.0,0.0
2024-08-15 11:25:00-04:00,7.534999847412109,7.539999961853027,7.53000020980835,7.534999847412109,7064,0.0,0.0
2024-08-15 11:30:00-04:00,7.535200119018555,7.539999961853027,7.530099868774414,7.534999847412109,15008,0.0,0.0
2024-08-15 11:35:00-04:00,7.534999847412109,7.539999961853027,7.53000020980835,7.534999847412109,24035,0.0,0.0
2024-08-15 11:40:00-04:00,7.533400058746338,7.559999942779541,7.530099868774414,7.559999942779541,78894,0.0,0.0
2024-08-15 11:45:00-04:00,7.554999828338623,7.579999923706055,7.554999828338623,7.579999923706055,62245,0.0,0.0
2024-08-15 11:50:00-04:00,7.579999923706055,7.579999923706055,7.559999942779541,7.579999923706055,41949,0.0,0.0
2024-08-15 11:55:00-04:00,7.575399875640869,7.579999923706055,7.570000171661377,7.573999881744385,22630,0.0,0.0
2024-08-15 12:00:00-04:00,7.570000171661377,7.570000171661377,7.560100078582764,7.560100078582764,24019,0.0,0.0
2024-08-15 12:05:00-04:00,7.565000057220459,7.570000171661377,7.560100078582764,7.560100078582764,15222,0.0,0.0
2024-08-15 12:10:00-04:00,7.570000171661377,7.570000171661377,7.560100078582764,7.565000057220459,6280,0.0,0.0
2024-08-15 12:15:00-04:00,7.565000057220459,7.570000171661377,7.560100078582764,7.565299987792969,8967,0.0,0.0
2024-08-15 12:20:00-04:00,7.566100120544434,7.570000171661377,7.559999942779541,7.560100078582764,5577,0.0,0.0
2024-08-15 12:25:00-04:00,7.565000057220459,7.570000171661377,7.560100078582764,7.565000057220459,39772,0.0,0.0
2024-08-15 12:30:00-04:00,7.565000057220459,7.570000171661377,7.559999942779541,7.570000171661377,5954,0.0,0.0
2024-08-15 12:35:00-04:00,7.560100078582764,7.570000171661377,7.560100078582764,7.570000171661377,5518,0.0,0.0
2024-08-15 12:40:00-04:00,7.565000057220459,7.570000171661377,7.565000057220459,7.565000057220459,3736,0.0,0.0
2024-08-15 12:45:00-04:00,7.559999942779541,7.565000057220459,7.554999828338623,7.559999942779541,16757,0.0,0.0
2024-08-15 12:50:00-04:00,7.554999828338623,7.570000171661377,7.550000190734863,7.565000057220459,71497,0.0,0.0
2024-08-15 12:55:00-04:00,7.565000057220459,7.565000057220459,7.559999942779541,7.565000057220459,9620,0.0,0.0
2024-08-15 13:00:00-04:00,7.559999942779541,7.570000171661377,7.550099849700928,7.550099849700928,7748,0.0,0.0
2024-08-15 13:05:00-04:00,7.554999828338623,7.554999828338623,7.545000076293945,7.550000190734863,10787,0.0,0.0
2024-08-15 13:10:00-04:00,7.545000076293945,7.545199871063232,7.539999961853027,7.545000076293945,6418,0.0,0.0
2024-08-15 13:15:00-04:00,7.545000076293945,7.545000076293945,7.539999961853027,7.545000076293945,4496,0.0,0.0
2024-08-15 13:20:00-04:00,7.545000076293945,7.550000190734863,7.534999847412109,7.550000190734863,9470,0.0,0.0
2024-08-15 13:25:00-04:00,7.550000190734863,7.550000190734863,7.543399810791016,7.545000076293945,9129,0.0,0.0
2024-08-15 13:30:00-04:00,7.545000076293945,7.545100212097168,7.54010009765625,7.545000076293945,4493,0.0,0.0
2024-08-15 13:35:00-04:00,7.545000076293945,7.545000076293945,7.545000076293945,7.545000076293945,1425,0.0,0.0
2024-08-15 13:40:00-04:00,7.539999961853027,7.550000190734863,7.539999961853027,7.539999961853027,11069,0.0,0.0
2024-08-15 13:45:00-04:00,7.54010009765625,7.546000003814697,7.539999961853027,7.545000076293945,8825,0.0,0.0
2024-08-15 13:50:00-04:00,7.549900054931641,7.550000190734863,7.545000076293945,7.545000076293945,5119,0.0,0.0
2024-08-15 13:55:00-04:00,7.545000076293945,7.545100212097168,7.545000076293945,7.545000076293945,7286,0.0,0.0
2024-08-15 14:00:00-04:00,7.545000076293945,7.550000190734863,7.540200233459473,7.540200233459473,1622,0.0,0.0
2024-08-15 14:05:00-04:00,7.549900054931641,7.549900054931641,7.539999961853027,7.54010009765625,27967,0.0,0.0
2024-08-15 14:10:00-04:00,7.54010009765625,7.549900054931641,7.53000020980835,7.534999847412109,37978,0.0,0.0
2024-08-15 14:15:00-04:00,7.534999847412109,7.539899826049805,7.530099868774414,7.534999847412109,22134,0.0,0.0
2024-08-15 14:20:00-04:00,7.53000020980835,7.534999847412109,7.53000020980835,7.5320000648498535,12720,0.0,0.0
2024-08-15 14:25:00-04:00,7.530099868774414,7.530099868774414,7.514599800109863,7.514599800109863,32563,0.0,0.0
2024-08-15 14:30:00-04:00,7.517000198364258,7.519999980926514,7.510000228881836,7.514999866485596,5833,0.0,0.0
2024-08-15 14:35:00-04:00,7.514999866485596,7.519999980926514,7.5100998878479,7.514999866485596,6839,0.0,0.0
2024-08-15 14:40:00-04:00,7.519700050354004,7.525000095367432,7.514999866485596,7.519999980926514,17227,0.0,0.0
2024-08-15 14:45:00-04:00,7.529900074005127,7.529900074005127,7.529900074005127,7.529900074005127,2720,0.0,0.0
2024-08-15 14:50:00-04:00,7.529900074005127,7.529900074005127,7.514999866485596,7.514999866485596,10837,0.0,0.0
2024-08-15 14:55:00-04:00,7.514999866485596,7.519999980926514,7.510000228881836,7.514999866485596,10331,0.0,0.0
2024-08-15 15:00:00-04:00,7.519999980926514,7.519999980926514,7.510000228881836,7.514999866485596,24943,0.0,0.0
2024-08-15 15:05:00-04:00,7.519899845123291,7.53000020980835,7.514999866485596,7.525000095367432,12083,0.0,0.0
2024-08-15 15:10:00-04:00,7.525000095367432,7.53000020980835,7.519999980926514,7.525000095367432,1219,0.0,0.0
2024-08-15 15:15:00-04:00,7.519999980926514,7.525000095367432,7.510000228881836,7.519999980926514,17115,0.0,0.0
2024-08-15 15:20:00-04:00,7.519899845123291,7.519999980926514,7.510900020599365,7.519800186157227,10399,0.0,0.0
2024-08-15 15:25:00-04:00,7.519999980926514,7.519999980926514,7.510000228881836,7.514999866485596,19172,0.0,0.0
2024-08-15 15:30:00-04:00,7.5167999267578125,7.519999980926514,7.51200008392334,7.514999866485596,7914,0.0,0.0
2024-08-15 15:35:00-04:00,7.514999866485596,7.519999980926514,7.510000228881836,7.519999980926514,30354,0.0,0.0
2024-08-15 15:40:00-04:00,7.5100998878479,7.519999980926514,7.5100998878479,7.519899845123291,11991,0.0,0.0
2024-08-15 15:45:00-04:00,7.514999866485596,7.519999980926514,7.510000228881836,7.514999866485596,14323,0.0,0.0
2024-08-15 15:50:00-04:00,7.514999866485596,7.53000020980835,7.514999866485596,7.53000020980835,9304,0.0,0.0
2024-08-15 15:55:00-04:00,7.525000095367432,7.53000020980835,7.519999980926514,7.519999980926514,23611,0.0,0.0
2024-08-16 09:30:00-04:00,7.5,7.519100189208984,7.5,7.519100189208984,86368,0.0,0.0
2024-08-16 09:35:00-04:00,7.514999866485596,7.519999980926514,7.5100998878479,7.514999866485596,22423,0.0,0.0
2024-08-16 09:40:00-04:00,7.519999980926514,7.519999980926514,7.510000228881836,7.519999980926514,40934,0.0,0.0
2024-08-16 09:45:00-04:00,7.527500152587891,7.528200149536133,7.514999866485596,7.514999866485596,22423,0.0,0.0
2024-08-16 09:50:00-04:00,7.519999980926514,7.519999980926514,7.502900123596191,7.505000114440918,20285,0.0,0.0
2024-08-16 09:55:00-04:00,7.5,7.514999866485596,7.449999809265137,7.4679999351501465,211493,0.0,0.0
2024-08-16 10:00:00-04:00,7.465000152587891,7.479899883270264,7.451700210571289,7.479899883270264,31935,0.0,0.0
2024-08-16 10:05:00-04:00,7.47130012512207,7.478700160980225,7.460000038146973,7.469699859619141,25838,0.0,0.0
2024-08-16 10:10:00-04:00,7.465000152587891,7.465000152587891,7.429999828338623,7.458700180053711,61999,0.0,0.0
2024-08-16 10:15:00-04:00,7.460000038146973,7.485000133514404,7.460000038146973,7.46999979019165,52492,0.0,0.0
2024-08-16 10:20:00-04:00,7.46999979019165,7.474999904632568,7.449999809265137,7.458899974822998,29653,0.0,0.0
2024-08-16 10:25:00-04:00,7.45989990234375,7.466899871826172,7.459700107574463,7.466899871826172,8171,0.0,0.0
2024-08-16 10:30:00-04:00,7.460000038146973,7.460000038146973,7.451600074768066,7.45989990234375,4880,0.0,0.0
2024-08-16 10:35:00-04:00,7.454800128936768,7.457900047302246,7.448400020599365,7.448999881744385,15866,0.0,0.0
2024-08-16 10:40:00-04:00,7.449999809265137,7.460000038146973,7.449999809265137,7.453999996185303,19446,0.0,0.0
2024-08-16 10:45:00-04:00,7.45550012588501,7.45989990234375,7.449999809265137,7.449999809265137,4246,0.0,0.0
2024-08-16 10:50:00-04:00,7.460000038146973,7.460000038146973,7.449999809265137,7.449999809265137,2881,0.0,0.0
2024-08-16 10:55:00-04:00,7.454999923706055,7.454999923706055,7.449999809265137,7.454999923706055,2636,0.0,0.0
2024-08-16 11:00:00-04:00,7.458099842071533,7.458199977874756,7.449999809265137,7.454999923706055,20240,0.0,0.0
2024-08-16 11:05:00-04:00,7.454999923706055,7.46999979019165,7.449999809265137,7.454999923706055,36184,0.0,0.0
2024-08-16 11:10:00-04:00,7.456099987030029,7.45989990234375,7.452199935913086,7.45989990234375,8771,0.0,0.0
2024-08-16 11:15:00-04:00,7.460000038146973,7.465000152587891,7.449999809265137,7.45989990234375,75999,0.0,0.0
2024-08-16 11:20:00-04:00,7.460000038146973,7.469699859619141,7.454999923706055,7.460000038146973,43348,0.0,0.0
2024-08-16 11:25:00-04:00,7.449999809265137,7.46999979019165,7.449999809265137,7.465000152587891,29861,0.0,0.0
2024-08-16 11:30:00-04:00,7.460100173950195,7.46999979019165,7.460100173950195,7.465000152587891,7277,0.0,0.0
2024-08-16 11:35:00-04:00,7.464300155639648,7.466300010681152,7.460000038146973,7.460000038146973,3964,0.0,0.0
2024-08-16 11:40:00-04:00,7.468500137329102,7.468500137329102,7.460000038146973,7.465000152587891,3335,0.0,0.0
2024-08-16 11:45:00-04:00,7.465000152587891,7.469900131225586,7.460000038146973,7.460000038146973,2495,0.0,0.0
2024-08-16 11:50:00-04:00,7.46999979019165,7.46999979019165,7.460000038146973,7.460000038146973,3001,0.0,0.0
2024-08-16 11:55:00-04:00,7.468599796295166,7.479800224304199,7.465000152587891,7.46999979019165,20238,0.0,0.0
2024-08-16 12:00:00-04:00,7.46999979019165,7.46999979019165,7.465000152587891,7.469900131225586,806,0.0,0.0
2024-08-16 12:05:00-04:00,7.464799880981445,7.46999979019165,7.460000038146973,7.469900131225586,3689,0.0,0.0
2024-08-16 12:10:00-04:00,7.469900131225586,7.46999979019165,7.460000038146973,7.46589994430542,15270,0.0,0.0
2024-08-16 12:15:00-04:00,7.468999862670898,7.479899883270264,7.468999862670898,7.47189998626709,12430,0.0,0.0
2024-08-16 12:20:00-04:00,7.470799922943115,7.479899883270264,7.470799922943115,7.474999904632568,9210,0.0,0.0
2024-08-16 12:25:00-04:00,7.477499961853027,7.480000019073486,7.46999979019165,7.480000019073486,26833,0.0,0.0
2024-08-16 12:30:00-04:00,7.486000061035156,7.489999771118164,7.480100154876709,7.485300064086914,14234,0.0,0.0
2024-08-16 12:35:00-04:00,7.48829984664917,7.489999771118164,7.480000019073486,7.480100154876709,19382,0.0,0.0
2024-08-16 12:40:00-04:00,7.485000133514404,7.4899001121521,7.480000019073486,7.4899001121521,1363,0.0,0.0
2024-08-16 12:45:00-04:00,7.4882001876831055,7.489999771118164,7.480000019073486,7.485000133514404,10689,0.0,0.0
2024-08-16 12:50:00-04:00,7.480100154876709,7.489999771118164,7.480100154876709,7.484499931335449,14596,0.0,0.0
2024-08-16 12:55:00-04:00,7.485000133514404,7.489999771118164,7.485000133514404,7.489999771118164,1058,0.0,0.0
2024-08-16 13:00:00-04:00,7.485000133514404,7.4899001121521,7.480000019073486,7.480000019073486,1116,0.0,0.0
2024-08-16 13:05:00-04:00,7.48390007019043,7.486199855804443,7.483699798583984,7.485000133514404,3739,0.0,0.0
2024-08-16 13:10:00-04:00,7.480000019073486,7.485000133514404,7.480000019073486,7.485000133514404,626,0.0,0.0
2024-08-16 13:15:00-04:00,7.487599849700928,7.488900184631348,7.485000133514404,7.488900184631348,3633,0.0,0.0
2024-08-16 13:20:00-04:00,7.485000133514404,7.488800048828125,7.485000133514404,7.488800048828125,1266,0.0,0.0
2024-08-16 13:25:00-04:00,7.484899997711182,7.485000133514404,7.4822998046875,7.485000133514404,2969,0.0,0.0
2024-08-16 13:30:00-04:00,7.4899001121521,7.4899001121521,7.480100154876709,7.480100154876709,4990,0.0,0.0
2024-08-16 13:35:00-04:00,7.485000133514404,7.489799976348877,7.482600212097168,7.482600212097168,2154,0.0,0.0
2024-08-16 13:40:00-04:00,7.485000133514404,7.5,7.482600212097168,7.489999771118164,23725,0.0,0.0
2024-08-16 13:45:00-04:00,7.494999885559082,7.5,7.489999771118164,7.491499900817871,11056,0.0,0.0
2024-08-16 13:50:00-04:00,7.49429988861084,7.49429988861084,7.482600212097168,7.485599994659424,2869,0.0,0.0
2024-08-16 13:55:00-04:00,7.489999771118164,7.510000228881836,7.489999771118164,7.505000114440918,28869,0.0,0.0
2024-08-16 14:00:00-04:00,7.50600004196167,7.50600004196167,7.499899864196777,7.499899864196777,2890,0.0,0.0
2024-08-16 14:05:00-04:00,7.49399995803833,7.496600151062012,7.489999771118164,7.489999771118164,3753,0.0,0.0
2024-08-16 14:10:00-04:00,7.489999771118164,7.497499942779541,7.489999771118164,7.4959001541137695,2550,0.0,0.0
2024-08-16 14:15:00-04:00,7.489999771118164,7.499899864196777,7.489999771118164,7.494999885559082,10608,0.0,0.0
2024-08-16 14:20:00-04:00,7.489999771118164,7.4969000816345215,7.489999771118164,7.489999771118164,3768,0.0,0.0
2024-08-16 14:25:00-04:00,7.496399879455566,7.5,7.489999771118164,7.494999885559082,32699,0.0,0.0
2024-08-16 14:30:00-04:00,7.493800163269043,7.494999885559082,7.489999771118164,7.491799831390381,5446,0.0,0.0
2024-08-16 14:35:00-04:00,7.490099906921387,7.494999885559082,7.46999979019165,7.474999904632568,96523,0.0,0.0
2024-08-16 14:40:00-04:00,7.474999904632568,7.480000019073486,7.470099925994873,7.470099925994873,8350,0.0,0.0
2024-08-16 14:45:00-04:00,7.474999904632568,7.480000019073486,7.474999904632568,7.480000019073486,2272,0.0,0.0
2024-08-16 14:50:00-04:00,7.474999904632568,7.480000019073486,7.472300052642822,7.474999904632568,3404,0.0,0.0
2024-08-16 14:55:00-04:00,7.476600170135498,7.486000061035156,7.474999904632568,7.485000133514404,5726,0.0,0.0
2024-08-16 15:00:00-04:00,7.480000019073486,7.489699840545654,7.480000019073486,7.485000133514404,2959,0.0,0.0
2024-08-16 15:05:00-04:00,7.489699840545654,7.489999771118164,7.480000019073486,7.480000019073486,1994,0.0,0.0
2024-08-16 15:10:00-04:00,7.481800079345703,7.4899001121521,7.480000019073486,7.485000133514404,16365,0.0,0.0
2024-08-16 15:15:00-04:00,7.485000133514404,7.489699840545654,7.480000019073486,7.48769998550415,4077,0.0,0.0
2024-08-16 15:20:00-04:00,7.480000019073486,7.489999771118164,7.480000019073486,7.4878997802734375,4739,0.0,0.0
2024-08-16 15:25:00-04:00,7.485000133514404,7.5,7.482100009918213,7.494999885559082,26805,0.0,0.0
2024-08-16 15:30:00-04:00,7.494999885559082,7.5,7.490099906921387,7.494999885559082,6741,0.0,0.0
2024-08-16 15:35:00-04:00,7.489999771118164,7.5,7.489999771118164,7.494999885559082,7556,0.0,0.0
2024-08-16 15:40:00-04:00,7.489999771118164,7.497499942779541,7.485000133514404,7.485000133514404,22242,0.0,0.0
2024-08-16 15:45:00-04:00,7.487299919128418,7.489999771118164,7.485000133514404,7.489999771118164,9073,0.0,0.0
2024-08-16 15:50:00-04:00,7.489999771118164,7.5,7.489999771118164,7.494999885559082,13319,0.0,0.0
2024-08-16 15:55:00-04:00,7.489999771118164,7.5,7.489999771118164,7.489999771118164,33147,0.0,0.0
2024-08-19 09:30:00-04:00,7.489999771118164,7.499899864196777,7.480000019073486,7.494999885559082,66957,0.0,0.0
2024-08-19 09:35:00-04:00,7.497499942779541,7.5,7.489999771118164,7.494999885559082,28829,0.0,0.0
2024-08-19 09:40:00-04:00,7.49560022354126,7.497499942779541,7.489999771118164,7.495699882507324,3705,0.0,0.0
2024-08-19 09:45:00-04:00,7.497700214385986,7.497700214385986,7.480000019073486,7.481900215148926,30885,0.0,0.0
2024-08-19 09:50:00-04:00,7.485899925231934,7.489999771118164,7.480000019073486,7.485000133514404,10935,0.0,0.0
2024-08-19 09:55:00-04:00,7.480000019073486,7.489999771118164,7.46999979019165,7.46999979019165,43031,0.0,0.0
2024-08-19 10:00:00-04:00,7.480000019073486,7.480000019073486,7.474999904632568,7.478000164031982,8748,0.0,0.0
2024-08-19 10:05:00-04:00,7.474999904632568,7.480000019073486,7.46999979019165,7.46999979019165,14592,0.0,0.0
2024-08-19 10:10:00-04:00,7.474999904632568,7.480000019073486,7.46999979019165,7.480000019073486,12013,0.0,0.0
2024-08-19 10:15:00-04:00,7.470099925994873,7.480000019073486,7.46999979019165,7.46999979019165,21216,0.0,0.0
2024-08-19 10:20:00-04:00,7.474999904632568,7.480000019073486,7.472700119018555,7.474999904632568,9226,0.0,0.0
2024-08-19 10:25:00-04:00,7.470099925994873,7.480000019073486,7.470099925994873,7.473599910736084,17786,0.0,0.0
2024-08-19 10:30:00-04:00,7.474999904632568,7.489999771118164,7.4730000495910645,7.485000133514404,15393,0.0,0.0
2024-08-19 10:35:00-04:00,7.485000133514404,7.489999771118164,7.473599910736084,7.473599910736084,12802,0.0,0.0
2024-08-19 10:40:00-04:00,7.474999904632568,7.480000019073486,7.473199844360352,7.474999904632568,14905,0.0,0.0
2024-08-19 10:45:00-04:00,7.474999904632568,7.479899883270264,7.474999904632568,7.474999904632568,7396,0.0,0.0
2024-08-19 10:50:00-04:00,7.474999904632568,7.480000019073486,7.473199844360352,7.479000091552734,24970,0.0,0.0
2024-08-19 10:55:00-04:00,7.480000019073486,7.489999771118164,7.480000019073486,7.485000133514404,41978,0.0,0.0
2024-08-19 11:00:00-04:00,7.489299774169922,7.489999771118164,7.480000019073486,7.485000133514404,3580,0.0,0.0
2024-08-19 11:05:00-04:00,7.489999771118164,7.489999771118164,7.480000019073486,7.485000133514404,11431,0.0,0.0
2024-08-19 11:10:00-04:00,7.485000133514404,7.485000133514404,7.485000133514404,7.485000133514404,763,0.0,0.0
2024-08-19 11:15:00-04:00,7.484300136566162,7.489999771118164,7.484300136566162,7.489999771118164,7554,0.0,0.0
2024-08-19 11:20:00-04:00,7.485000133514404,7.489999771118164,7.48330020904541,7.485000133514404,11712,0.0,0.0
2024-08-19 11:25:00-04:00,7.489999771118164,7.489999771118164,7.485000133514404,7.489999771118164,5924,0.0,0.0
2024-08-19 11:30:00-04:00,7.489999771118164,7.489999771118164,7.480100154876709,7.484499931335449,8326,0.0,0.0
2024-08-19 11:35:00-04:00,7.485499858856201,7.489999771118164,7.481900215148926,7.485000133514404,11746,0.0,0.0
2024-08-19 11:40:00-04:00,7.485000133514404,7.489999771118164,7.480500221252441,7.485000133514404,41389,0.0,0.0
2024-08-19 11:45:00-04:00,7.48799991607666,7.489999771118164,7.480000019073486,7.4899001121521,10037,0.0,0.0
2024-08-19 11:50:00-04:00,7.489999771118164,7.5,7.484799861907959,7.490099906921387,25617,0.0,0.0
2024-08-19 11:55:00-04:00,7.495999813079834,7.5,7.494699954986572,7.496200084686279,6476,0.0,0.0
2024-08-19 12:00:00-04:00,7.5,7.5,7.489999771118164,7.494999885559082,4398,0.0,0.0
2024-08-19 12:05:00-04:00,7.496500015258789,7.5,7.490099906921387,7.495999813079834,2020,0.0,0.0
2024-08-19 12:10:00-04:00,7.494999885559082,7.5,7.489999771118164,7.494999885559082,31517,0.0,0.0
2024-08-19 12:15:00-04:00,7.5,7.5,7.491700172424316,7.5,12021,0.0,0.0
2024-08-19 12:20:00-04:00,7.494999885559082,7.5,7.494999885559082,7.494999885559082,1010,0.0,0.0
2024-08-19 12:25:00-04:00,7.49429988861084,7.5,7.49429988861084,7.5,14414,0.0,0.0
2024-08-19 12:30:00-04:00,7.5,7.510000228881836,7.494999885559082,7.510000228881836,23899,0.0,0.0
2024-08-19 12:35:00-04:00,7.505000114440918,7.510000228881836,7.505000114440918,7.510000228881836,1336,0.0,0.0
2024-08-19 12:40:00-04:00,7.505000114440918,7.519999980926514,7.505000114440918,7.519999980926514,15061,0.0,0.0
2024-08-19 12:45:00-04:00,7.514999866485596,7.519999980926514,7.5100998878479,7.5100998878479,1403,0.0,0.0
2024-08-19 12:50:00-04:00,7.514999866485596,7.519999980926514,7.5100998878479,7.514999866485596,5809,0.0,0.0
2024-08-19 12:55:00-04:00,7.519000053405762,7.519999980926514,7.511600017547607,7.519999980926514,10434,0.0,0.0
2024-08-19 13:00:00-04:00,7.514999866485596,7.519999980926514,7.514999866485596,7.519999980926514,1520,0.0,0.0
2024-08-19 13:05:00-04:00,7.513999938964844,7.525000095367432,7.513999938964844,7.525000095367432,6142,0.0,0.0
2024-08-19 13:10:00-04:00,7.525000095367432,7.53000020980835,7.51230001449585,7.519199848175049,23686,0.0,0.0
2024-08-19 13:15:00-04:00,7.514999866485596,7.53000020980835,7.514999866485596,7.53000020980835,15597,0.0,0.0
2024-08-19 13:20:00-04:00,7.525700092315674,7.539999961853027,7.525700092315674,7.539999961853027,2754,0.0,0.0
2024-08-19 13:25:00-04:00,7.530099868774414,7.539999961853027,7.53000020980835,7.530099868774414,12028,0.0,0.0
2024-08-19 13:30:00-04:00,7.539999961853027,7.539999961853027,7.530099868774414,7.539999961853027,2393,0.0,0.0
2024-08-19 13:35:00-04:00,7.534999847412109,7.539999961853027,7.53000020980835,7.53000020980835,4391,0.0,0.0
2024-08-19 13:40:00-04:00,7.53000020980835,7.539999961853027,7.53000020980835,7.53000020980835,4050,0.0,0.0
2024-08-19 13:45:00-04:00,7.534999847412109,7.534999847412109,7.521999835968018,7.521999835968018,2330,0.0,0.0
2024-08-19 13:50:00-04:00,7.525000095367432,7.53000020980835,7.525000095367432,7.53000020980835,4647,0.0,0.0
2024-08-19 13:55:00-04:00,7.534999847412109,7.539999961853027,7.533699989318848,7.539999961853027,1103,0.0,0.0
2024-08-19 14:00:00-04:00,7.534999847412109,7.539999961853027,7.534999847412109,7.534999847412109,948,0.0,0.0
2024-08-19 14:05:00-04:00,7.538000106811523,7.539999961853027,7.53000020980835,7.53000020980835,13671,0.0,0.0
2024-08-19 14:10:00-04:00,7.5391998291015625,7.539999961853027,7.530099868774414,7.539999961853027,2473,0.0,0.0
2024-08-19 14:15:00-04:00,7.534999847412109,7.550000190734863,7.534999847412109,7.545000076293945,2479,0.0,0.0
2024-08-19 14:20:00-04:00,7.544400215148926,7.549900054931641,7.539999961853027,7.549900054931641,2795,0.0,0.0
2024-08-19 14:25:00-04:00,7.5406999588012695,7.550000190734863,7.539999961853027,7.539999961853027,7132,0.0,0.0
2024-08-19 14:30:00-04:00,7.545000076293945,7.545000076293945,7.539999961853027,7.539999961853027,1127,0.0,0.0
2024-08-19 14:35:00-04:00,7.539999961853027,7.540299892425537,7.539999961853027,7.54010009765625,2247,0.0,0.0
2024-08-19 14:40:00-04:00,7.544600009918213,7.550000190734863,7.539999961853027,7.539999961853027,6418,0.0,0.0
2024-08-19 14:45:00-04:00,7.54010009765625,7.550000190734863,7.539999961853027,7.539999961853027,11957,0.0,0.0
2024-08-19 14:50:00-04:00,7.534999847412109,7.539999961853027,7.533999919891357,7.533999919891357,2007,0.0,0.0
2024-08-19 14:55:00-04:00,7.534999847412109,7.550000190734863,7.530099868774414,7.550000190734863,7749,0.0,0.0
2024-08-19 15:00:00-04:00,7.539999961853027,7.550000190734863,7.539999961853027,7.545000076293945,5930,0.0,0.0
2024-08-19 15:05:00-04:00,7.545000076293945,7.579999923706055,7.539999961853027,7.574999809265137,97670,0.0,0.0
2024-08-19 15:10:00-04:00,7.574999809265137,7.579999923706055,7.570099830627441,7.574999809265137,8688,0.0,0.0
2024-08-19 15:15:00-04:00,7.574999809265137,7.579999923706055,7.5746002197265625,7.579999923706055,3966,0.0,0.0
2024-08-19 15:20:00-04:00,7.57289981842041,7.579999923706055,7.570000171661377,7.570099830627441,22079,0.0,0.0
2024-08-19 15:25:00-04:00,7.570000171661377,7.570000171661377,7.550000190734863,7.550000190734863,17700,0.0,0.0
2024-08-19 15:30:00-04:00,7.55620002746582,7.559999942779541,7.553999900817871,7.554999828338623,3306,0.0,0.0
2024-08-19 15:35:00-04:00,7.555300235748291,7.559999942779541,7.554999828338623,7.555200099945068,1166,0.0,0.0
2024-08-19 15:40:00-04:00,7.559999942779541,7.559999942779541,7.550099849700928,7.554999828338623,6065,0.0,0.0
2024-08-19 15:45:00-04:00,7.558599948883057,7.559999942779541,7.550099849700928,7.554999828338623,7381,0.0,0.0
2024-08-19 15:50:00-04:00,7.557000160217285,7.575500011444092,7.553500175476074,7.574999809265137,17351,0.0,0.0
2024-08-19 15:55:00-04:00,7.576000213623047,7.579999923706055,7.559999942779541,7.565000057220459,44558,0.0,0.0
2024-08-20 09:30:00-04:00,7.570000171661377,7.579999923706055,7.570000171661377,7.574999809265137,29859,0.0,0.0
2024-08-20 09:35:00-04:00,7.579899787902832,7.579999923706055,7.570000171661377,7.574999809265137,23391,0.0,0.0
2024-08-20 09:40:00-04:00,7.570000171661377,7.590000152587891,7.570000171661377,7.579999923706055,51852,0.0,0.0
2024-08-20 09:45:00-04:00,7.577499866485596,7.579899787902832,7.570000171661377,7.570000171661377,10510,0.0,0.0
2024-08-20 09:50:00-04:00,7.574999809265137,7.579999923706055,7.570000171661377,7.576000213623047,13675,0.0,0.0
2024-08-20 09:55:00-04:00,7.576099872589111,7.579999923706055,7.574999809265137,7.574999809265137,3410,0.0,0.0
2024-08-20 10:00:00-04:00,7.574999809265137,7.579999923706055,7.570099830627441,7.574999809265137,22297,0.0,0.0
2024-08-20 10:05:00-04:00,7.574999809265137,7.579899787902832,7.570099830627441,7.574999809265137,21255,0.0,0.0
2024-08-20 10:10:00-04:00,7.570199966430664,7.575300216674805,7.550000190734863,7.554999828338623,40871,0.0,0.0
2024-08-20 10:15:00-04:00,7.554999828338623,7.55679988861084,7.53000020980835,7.53000020980835,17602,0.0,0.0
2024-08-20 10:20:00-04:00,7.53000020980835,7.539899826049805,7.53000020980835,7.534999847412109,14146,0.0,0.0
2024-08-20 10:25:00-04:00,7.539899826049805,7.545000076293945,7.53000020980835,7.545000076293945,10804,0.0,0.0
2024-08-20 10:30:00-04:00,7.545000076293945,7.550000190734863,7.545000076293945,7.550000190734863,2550,0.0,0.0
2024-08-20 10:35:00-04:00,7.545000076293945,7.550000190734863,7.539999961853027,7.5416998863220215,10213,0.0,0.0
2024-08-20 10:40:00-04:00,7.539999961853027,7.545000076293945,7.539999961853027,7.539999961853027,8254,0.0,0.0
2024-08-20 10:45:00-04:00,7.544099807739258,7.559999942779541,7.544099807739258,7.559899806976318,5473,0.0,0.0
2024-08-20 10:50:00-04:00,7.553800106048584,7.559999942779541,7.550000190734863,7.550099849700928,4969,0.0,0.0
2024-08-20 10:55:00-04:00,7.554999828338623,7.554999828338623,7.539999961853027,7.545000076293945,9368,0.0,0.0
2024-08-20 11:00:00-04:00,7.545000076293945,7.549900054931641,7.545000076293945,7.545000076293945,11366,0.0,0.0
2024-08-20 11:05:00-04:00,7.545000076293945,7.550000190734863,7.541999816894531,7.541999816894531,1816,0.0,0.0
2024-08-20 11:10:00-04:00,7.545000076293945,7.550000190734863,7.542799949645996,7.545000076293945,19818,0.0,0.0
2024-08-20 11:15:00-04:00,7.550000190734863,7.550000190734863,7.541399955749512,7.545000076293945,16444,0.0,0.0
2024-08-20 11:20:00-04:00,7.547500133514404,7.557499885559082,7.545000076293945,7.557499885559082,10200,0.0,0.0
2024-08-20 11:25:00-04:00,7.554999828338623,7.554999828338623,7.550000190734863,7.554999828338623,4082,0.0,0.0
2024-08-20 11:30:00-04:00,7.554999828338623,7.579899787902832,7.554999828338623,7.574999809265137,79965,0.0,0.0
2024-08-20 11:35:00-04:00,7.570400238037109,7.579999923706055,7.570000171661377,7.570000171661377,2892,0.0,0.0
2024-08-20 11:40:00-04:00,7.574999809265137,7.574999809265137,7.570000171661377,7.570199966430664,1752,0.0,0.0
2024-08-20 11:45:00-04:00,7.570000171661377,7.570000171661377,7.559999942779541,7.565000057220459,4604,0.0,0.0
2024-08-20 11:50:00-04:00,7.570000171661377,7.570000171661377,7.565000057220459,7.570000171661377,4075,0.0,0.0
2024-08-20 11:55:00-04:00,7.570000171661377,7.579999923706055,7.570000171661377,7.579999923706055,6664,0.0,0.0
2024-08-20 12:00:00-04:00,7.5782999992370605,7.579999923706055,7.5742998123168945,7.5742998123168945,7031,0.0,0.0
2024-08-20 12:05:00-04:00,7.574999809265137,7.579999923706055,7.574999809265137,7.574999809265137,3685,0.0,0.0
2024-08-20 12:10:00-04:00,7.574999809265137,7.5777997970581055,7.574999809265137,7.5777997970581055,3053,0.0,0.0
2024-08-20 12:15:00-04:00,7.570000171661377,7.574999809265137,7.570000171661377,7.571100234985352,10062,0.0,0.0
2024-08-20 12:20:00-04:00,7.570000171661377,7.570000171661377,7.559999942779541,7.565000057220459,10066,0.0,0.0
2024-08-20 12:25:00-04:00,7.565000057220459,7.570000171661377,7.563300132751465,7.565000057220459,5772,0.0,0.0
2024-08-20 12:30:00-04:00,7.565000057220459,7.565800189971924,7.559999942779541,7.565800189971924,2965,0.0,0.0
2024-08-20 12:35:00-04:00,7.565000057220459,7.569900035858154,7.565000057220459,7.565000057220459,1440,0.0,0.0
2024-08-20 12:40:00-04:00,7.565000057220459,7.570000171661377,7.559999942779541,7.569900035858154,3891,0.0,0.0
2024-08-20 12:45:00-04:00,7.560100078582764,7.570000171661377,7.560100078582764,7.570000171661377,8216,0.0,0.0
2024-08-20 12:50:00-04:00,7.565000057220459,7.570000171661377,7.565000057220459,7.570000171661377,5449,0.0,0.0
2024-08-20 12:55:00-04:00,7.565000057220459,7.565000057220459,7.560100078582764,7.565000057220459,6468,0.0,0.0
2024-08-20 13:00:00-04:00,7.559999942779541,7.569900035858154,7.559999942779541,7.569900035858154,8417,0.0,0.0
2024-08-20 13:05:00-04:00,7.565000057220459,7.570000171661377,7.560100078582764,7.560100078582764,1124,0.0,0.0
2024-08-20 13:10:00-04:00,7.566800117492676,7.56879997253418,7.562099933624268,7.565000057220459,17339,0.0,0.0
2024-08-20 13:15:00-04:00,7.560100078582764,7.569900035858154,7.550000190734863,7.559500217437744,30778,0.0,0.0
2024-08-20 13:20:00-04:00,7.550000190734863,7.559899806976318,7.550000190734863,7.554599761962891,2254,0.0,0.0
2024-08-20 13:25:00-04:00,7.554999828338623,7.570000171661377,7.554999828338623,7.570000171661377,8904,0.0,0.0
2024-08-20 13:30:00-04:00,7.565000057220459,7.570000171661377,7.565000057220459,7.570000171661377,1703,0.0,0.0
2024-08-20 13:35:00-04:00,7.564799785614014,7.565899848937988,7.560400009155273,7.565000057220459,2750,0.0,0.0
2024-08-20 13:40:00-04:00,7.569300174713135,7.570000171661377,7.565000057220459,7.570000171661377,2100,0.0,0.0
2024-08-20 13:45:00-04:00,7.565000057220459,7.579999923706055,7.560100078582764,7.570000171661377,8311,0.0,0.0
2024-08-20 13:50:00-04:00,7.574999809265137,7.579999923706055,7.570099830627441,7.576000213623047,26144,0.0,0.0
2024-08-20 13:55:00-04:00,7.574999809265137,7.579999923706055,7.570099830627441,7.574999809265137,815,0.0,0.0
2024-08-20 14:00:00-04:00,7.574999809265137,7.574999809265137,7.550000190734863,7.559999942779541,48500,0.0,0.0
2024-08-20 14:05:00-04:00,7.565000057220459,7.567699909210205,7.559999942779541,7.567699909210205,2552,0.0,0.0
2024-08-20 14:10:00-04:00,7.565000057220459,7.565000057220459,7.565000057220459,7.565000057220459,231,0.0,0.0
2024-08-20 14:15:00-04:00,7.569900035858154,7.569900035858154,7.565000057220459,7.565000057220459,227,0.0,0.0
2024-08-20 14:20:00-04:00,7.565000057220459,7.570000171661377,7.550000190734863,7.570000171661377,24871,0.0,0.0
2024-08-20 14:25:00-04:00,7.565299987792969,7.565299987792969,7.559999942779541,7.559999942779541,1637,0.0,0.0
2024-08-20 14:30:00-04:00,7.565000057220459,7.570000171661377,7.559999942779541,7.565000057220459,688,0.0,0.0
2024-08-20 14:35:00-04:00,7.559999942779541,7.569900035858154,7.559999942779541,7.569900035858154,1333,0.0,0.0
2024-08-20 14:40:00-04:00,7.559999942779541,7.559999942779541,7.559999942779541,7.559999942779541,252,0.0,0.0
2024-08-20 14:45:00-04:00,7.559999942779541,7.565000057220459,7.559999942779541,7.564199924468994,726,0.0,0.0
2024-08-20 14:50:00-04:00,7.559999942779541,7.570000171661377,7.559999942779541,7.560100078582764,3254,0.0,0.0
2024-08-20 14:55:00-04:00,7.565000057220459,7.570000171661377,7.563199996948242,7.570000171661377,4895,0.0,0.0
2024-08-20 15:00:00-04:00,7.565000057220459,7.566199779510498,7.565000057220459,7.566199779510498,2771,0.0,0.0
2024-08-20 15:05:00-04:00,7.570000171661377,7.570000171661377,7.559999942779541,7.565000057220459,18283,0.0,0.0
2024-08-20 15:10:00-04:00,7.565100193023682,7.565100193023682,7.550000190734863,7.550000190734863,12683,0.0,0.0
2024-08-20 15:15:00-04:00,7.559899806976318,7.559899806976318,7.550000190734863,7.550000190734863,23825,0.0,0.0
2024-08-20 15:20:00-04:00,7.550000190734863,7.559899806976318,7.550000190734863,7.550000190734863,2780,0.0,0.0
2024-08-20 15:25:00-04:00,7.559899806976318,7.559899806976318,7.550000190734863,7.554999828338623,12020,0.0,0.0
2024-08-20 15:30:00-04:00,7.557499885559082,7.559999942779541,7.550000190734863,7.550000190734863,11819,0.0,0.0
2024-08-20 15:35:00-04:00,7.554999828338623,7.559999942779541,7.550000190734863,7.554999828338623,29862,0.0,0.0
2024-08-20 15:40:00-04:00,7.554999828338623,7.559999942779541,7.550000190734863,7.554999828338623,4247,0.0,0.0
2024-08-20 15:45:00-04:00,7.554999828338623,7.55679988861084,7.550000190734863,7.554999828338623,8957,0.0,0.0
2024-08-20 15:50:00-04:00,7.559999942779541,7.559999942779541,7.554999828338623,7.554999828338623,2762,0.0,0.0
2024-08-20 15:55:00-04:00,7.550000190734863,7.559999942779541,7.550000190734863,7.559299945831299,13343,0.0,0.0
2024-08-21 09:30:00-04:00,7.590000152587891,7.590000152587891,7.570000171661377,7.576000213623047,80045,0.0,0.0
2024-08-21 09:35:00-04:00,7.579899787902832,7.579999923706055,7.574900150299072,7.574999809265137,29009,0.0,0.0
2024-08-21 09:40:00-04:00,7.579999923706055,7.5879998207092285,7.574999809265137,7.58050012588501,26858,0.0,0.0
2024-08-21 09:45:00-04:00,7.579999923706055,7.590000152587891,7.579999923706055,7.590000152587891,14748,0.0,0.0
2024-08-21 09:50:00-04:00,7.585000038146973,7.590000152587891,7.579999923706055,7.585000038146973,17154,0.0,0.0
2024-08-21 09:55:00-04:00,7.589300155639648,7.590000152587891,7.585000038146973,7.585000038146973,3201,0.0,0.0
2024-08-21 10:00:00-04:00,7.585000038146973,7.590000152587891,7.579999923706055,7.585000038146973,2855,0.0,0.0
2024-08-21 10:05:00-04:00,7.585000038146973,7.590000152587891,7.579999923706055,7.585000038146973,2802,0.0,0.0
2024-08-21 10:10:00-04:00,7.585000038146973,7.585000038146973,7.585000038146973,7.585000038146973,1722,0.0,0.0
2024-08-21 10:15:00-04:00,7.579999923706055,7.585000038146973,7.579999923706055,7.579999923706055,3802,0.0,0.0
2024-08-21 10:20:00-04:00,7.585000038146973,7.585000038146973,7.579999923706055,7.579999923706055,3903,0.0,0.0
2024-08-21 10:25:00-04:00,7.579999923706055,7.585400104522705,7.579999923706055,7.585000038146973,6108,0.0,0.0
2024-08-21 10:30:00-04:00,7.579999923706055,7.585000038146973,7.579999923706055,7.585000038146973,3213,0.0,0.0
2024-08-21 10:35:00-04:00,7.585000038146973,7.590000152587891,7.579999923706055,7.585000038146973,6743,0.0,0.0
2024-08-21 10:40:00-04:00,7.585899829864502,7.590000152587891,7.585000038146973,7.585000038146973,7773,0.0,0.0
2024-08-21 10:45:00-04:00,7.585000038146973,7.585000038146973,7.579999923706055,7.579999923706055,2491,0.0,0.0
2024-08-21 10:50:00-04:00,7.579999923706055,7.585000038146973,7.570000171661377,7.574999809265137,49562,0.0,0.0
2024-08-21 10:55:00-04:00,7.570000171661377,7.574999809265137,7.570000171661377,7.570099830627441,4318,0.0,0.0
2024-08-21 11:00:00-04:00,7.574999809265137,7.576700210571289,7.574999809265137,7.574999809265137,7523,0.0,0.0
2024-08-21 11:05:00-04:00,7.575900077819824,7.585000038146973,7.575900077819824,7.585000038146973,5790,0.0,0.0
2024-08-21 11:10:00-04:00,7.585000038146973,7.585000038146973,7.580100059509277,7.580100059509277,1266,0.0,0.0
2024-08-21 11:15:00-04:00,7.585000038146973,7.589900016784668,7.583499908447266,7.589900016784668,3210,0.0,0.0
2024-08-21 11:20:00-04:00,7.590000152587891,7.590000152587891,7.579999923706055,7.579999923706055,7827,0.0,0.0
2024-08-21 11:25:00-04:00,7.590000152587891,7.590000152587891,7.574999809265137,7.579800128936768,31136,0.0,0.0
2024-08-21 11:30:00-04:00,7.578000068664551,7.579999923706055,7.570000171661377,7.573599815368652,2680,0.0,0.0
2024-08-21 11:35:00-04:00,7.571700096130371,7.590000152587891,7.571700096130371,7.585000038146973,79874,0.0,0.0
2024-08-21 11:40:00-04:00,7.590000152587891,7.599999904632568,7.590000152587891,7.599999904632568,16000,0.0,0.0
2024-08-21 11:45:00-04:00,7.59499979019165,7.599999904632568,7.590000152587891,7.59630012512207,4766,0.0,0.0
2024-08-21 11:50:00-04:00,7.5960001945495605,7.5960001945495605,7.590000152587891,7.59499979019165,1180,0.0,0.0
2024-08-21 11:55:00-04:00,7.59499979019165,7.598499774932861,7.579999923706055,7.59499979019165,45273,0.0,0.0
2024-08-21 12:00:00-04:00,7.590099811553955,7.599999904632568,7.590000152587891,7.593999862670898,2924,0.0,0.0
2024-08-21 12:05:00-04:00,7.590099811553955,7.59499979019165,7.590000152587891,7.59499979019165,15025,0.0,0.0
2024-08-21 12:10:00-04:00,7.590000152587891,7.59499979019165,7.590000152587891,7.59499979019165,5854,0.0,0.0
2024-08-21 12:15:00-04:00,7.59499979019165,7.599999904632568,7.590000152587891,7.590000152587891,20109,0.0,0.0
2024-08-21 12:20:00-04:00,7.590000152587891,7.599999904632568,7.590000152587891,7.590000152587891,11837,0.0,0.0
2024-08-21 12:25:00-04:00,7.590099811553955,7.599999904632568,7.590000152587891,7.59499979019165,9897,0.0,0.0
2024-08-21 12:30:00-04:00,7.59499979019165,7.59499979019165,7.590000152587891,7.59499979019165,1505,0.0,0.0
2024-08-21 12:35:00-04:00,7.599999904632568,7.599999904632568,7.59499979019165,7.59499979019165,2858,0.0,0.0
2024-08-21 12:40:00-04:00,7.59499979019165,7.59499979019165,7.5914998054504395,7.59499979019165,3839,0.0,0.0
2024-08-21 12:45:00-04:00,7.599899768829346,7.599999904632568,7.593999862670898,7.599999904632568,1718,0.0,0.0
2024-08-21 12:50:00-04:00,7.59499979019165,7.599999904632568,7.593999862670898,7.599999904632568,4403,0.0,0.0
2024-08-21 12:55:00-04:00,7.59499979019165,7.599999904632568,7.590099811553955,7.59499979019165,15601,0.0,0.0
2024-08-21 13:00:00-04:00,7.59499979019165,7.599800109863281,7.59499979019165,7.599800109863281,21806,0.0,0.0
2024-08-21 13:05:00-04:00,7.59499979019165,7.599999904632568,7.59499979019165,7.59499979019165,2345,0.0,0.0
2024-08-21 13:10:00-04:00,7.59499979019165,7.599999904632568,7.590000152587891,7.593699932098389,2805,0.0,0.0
2024-08-21 13:15:00-04:00,7.59499979019165,7.59499979019165,7.590000152587891,7.590000152587891,2281,0.0,0.0
2024-08-21 13:20:00-04:00,7.590099811553955,7.595699787139893,7.58459997177124,7.590000152587891,23939,0.0,0.0
2024-08-21 13:25:00-04:00,7.590000152587891,7.5920000076293945,7.585000038146973,7.589799880981445,19360,0.0,0.0
2024-08-21 13:30:00-04:00,7.585000038146973,7.590000152587891,7.579999923706055,7.585000038146973,1717,0.0,0.0
2024-08-21 13:35:00-04:00,7.585000038146973,7.590000152587891,7.585000038146973,7.585999965667725,4826,0.0,0.0
2024-08-21 13:40:00-04:00,7.589900016784668,7.590000152587891,7.579999923706055,7.585000038146973,5507,0.0,0.0
2024-08-21 13:45:00-04:00,7.590000152587891,7.590000152587891,7.584499835968018,7.585000038146973,3298,0.0,0.0
2024-08-21 13:50:00-04:00,7.590000152587891,7.590000152587891,7.583799839019775,7.585000038146973,6910,0.0,0.0
2024-08-21 13:55:00-04:00,7.585000038146973,7.585000038146973,7.585000038146973,7.585000038146973,1599,0.0,0.0
2024-08-21 14:00:00-04:00,7.589799880981445,7.590000152587891,7.582499980926514,7.582499980926514,4213,0.0,0.0
2024-08-21 14:05:00-04:00,7.585000038146973,7.590000152587891,7.580100059509277,7.585000038146973,11430,0.0,0.0
2024-08-21 14:10:00-04:00,7.585000038146973,7.590000152587891,7.580100059509277,7.585000038146973,7288,0.0,0.0
2024-08-21 14:15:00-04:00,7.585000038146973,7.589900016784668,7.585000038146973,7.585000038146973,710,0.0,0.0
2024-08-21 14:20:00-04:00,7.585000038146973,7.589900016784668,7.585000038146973,7.585000038146973,2190,0.0,0.0
2024-08-21 14:25:00-04:00,7.585000038146973,7.589700222015381,7.585000038146973,7.585000038146973,3714,0.0,0.0
2024-08-21 14:30:00-04:00,7.590000152587891,7.590000152587891,7.585000038146973,7.585000038146973,3867,0.0,0.0
2024-08-21 14:35:00-04:00,7.590000152587891,7.590000152587891,7.585000038146973,7.590000152587891,4175,0.0,0.0
2024-08-21 14:40:00-04:00,7.585000038146973,7.585000038146973,7.5802001953125,7.5802001953125,8339,0.0,0.0
2024-08-21 14:45:00-04:00,7.585000038146973,7.590000152587891,7.585000038146973,7.589900016784668,14399,0.0,0.0
2024-08-21 14:50:00-04:00,7.585000038146973,7.585000038146973,7.585000038146973,7.585000038146973,303,0.0,0.0
2024-08-21 14:55:00-04:00,7.58459997177124,7.589900016784668,7.579999923706055,7.579999923706055,53242,0.0,0.0
2024-08-21 15:00:00-04:00,7.590000152587891,7.590000152587891,7.579999923706055,7.585000038146973,7400,0.0,0.0
2024-08-21 15:05:00-04:00,7.585000038146973,7.590000152587891,7.579999923706055,7.585000038146973,10374,0.0,0.0
2024-08-21 15:10:00-04:00,7.585000038146973,7.585000038146973,7.579999923706055,7.585000038146973,10502,0.0,0.0
2024-08-21 15:15:00-04:00,7.579999923706055,7.585000038146973,7.579999923706055,7.585000038146973,3405,0.0,0.0
2024-08-21 15:20:00-04:00,7.588699817657471,7.590000152587891,7.579999923706055,7.579999923706055,19057,0.0,0.0
2024-08-21 15:25:00-04:00,7.590000152587891,7.590000152587891,7.579999923706055,7.579999923706055,3506,0.0,0.0
2024-08-21 15:30:00-04:00,7.585000038146973,7.590000152587891,7.579999923706055,7.585000038146973,21707,0.0,0.0
2024-08-21 15:35:00-04:00,7.585000038146973,7.5858001708984375,7.585000038146973,7.585000038146973,954,0.0,0.0
2024-08-21 15:40:00-04:00,7.585000038146973,7.589900016784668,7.579999923706055,7.585000038146973,9057,0.0,0.0
2024-08-21 15:45:00-04:00,7.588200092315674,7.589700222015381,7.579999923706055,7.579999923706055,6053,0.0,0.0
2024-08-21 15:50:00-04:00,7.585000038146973,7.585000038146973,7.579999923706055,7.585000038146973,4314,0.0,0.0
2024-08-21 15:55:00-04:00,7.585000038146973,7.587200164794922,7.579999923706055,7.579999923706055,11841,0.0,0.0
2024-08-22 09:30:00-04:00,7.610000133514404,7.610000133514404,7.579999923706055,7.580100059509277,80019,0.0,0.0
2024-08-22 09:35:00-04:00,7.580100059509277,7.599699974060059,7.580100059509277,7.598599910736084,13903,0.0,0.0
2024-08-22 09:40:00-04:00,7.59499979019165,7.599999904632568,7.590000152587891,7.59499979019165,21395,0.0,0.0
2024-08-22 09:45:00-04:00,7.59499979019165,7.599999904632568,7.590000152587891,7.598800182342529,3797,0.0,0.0
2024-08-22 09:50:00-04:00,7.597599983215332,7.597599983215332,7.590000152587891,7.59499979019165,5038,0.0,0.0
2024-08-22 09:55:00-04:00,7.59499979019165,7.59499979019165,7.590099811553955,7.59499979019165,15240,0.0,0.0
2024-08-22 10:00:00-04:00,7.59499979019165,7.599999904632568,7.590000152587891,7.59499979019165,9936,0.0,0.0
2024-08-22 10:05:00-04:00,7.59499979019165,7.599899768829346,7.579999923706055,7.585000038146973,18880,0.0,0.0
2024-08-22 10:10:00-04:00,7.585899829864502,7.588900089263916,7.579999923706055,7.584099769592285,6130,0.0,0.0
2024-08-22 10:15:00-04:00,7.585000038146973,7.590000152587891,7.580999851226807,7.584000110626221,19421,0.0,0.0
2024-08-22 10:20:00-04:00,7.590000152587891,7.590000152587891,7.579999923706055,7.585999965667725,21965,0.0,0.0
2024-08-22 10:25:00-04:00,7.585000038146973,7.590000152587891,7.579999923706055,7.590000152587891,8903,0.0,0.0
2024-08-22 10:30:00-04:00,7.585000038146973,7.589900016784668,7.579999923706055,7.580100059509277,19421,0.0,0.0
2024-08-22 10:35:00-04:00,7.579999923706055,7.585000038146973,7.579999923706055,7.579999923706055,1384,0.0,0.0
2024-08-22 10:40:00-04:00,7.588799953460693,7.588799953460693,7.579999923706055,7.585000038146973,7703,0.0,0.0
2024-08-22 10:45:00-04:00,7.584799766540527,7.590000152587891,7.579999923706055,7.585000038146973,950,0.0,0.0
2024-08-22 10:50:00-04:00,7.5802001953125,7.590000152587891,7.579999923706055,7.579999923706055,5853,0.0,0.0
2024-08-22 10:55:00-04:00,7.581299781799316,7.590000152587891,7.579999923706055,7.579999923706055,7488,0.0,0.0
2024-08-22 11:00:00-04:00,7.585000038146973,7.590000152587891,7.581999778747559,7.585000038146973,27012,0.0,0.0
2024-08-22 11:05:00-04:00,7.585000038146973,7.590000152587891,7.579999923706055,7.581900119781494,21271,0.0,0.0
2024-08-22 11:10:00-04:00,7.585000038146973,7.589900016784668,7.579999923706055,7.585000038146973,7955,0.0,0.0
2024-08-22 11:15:00-04:00,7.585000038146973,7.590000152587891,7.579999923706055,7.588500022888184,8010,0.0,0.0
2024-08-22 11:20:00-04:00,7.585000038146973,7.585000038146973,7.570000171661377,7.570000171661377,15454,0.0,0.0
2024-08-22 11:25:00-04:00,7.571400165557861,7.574999809265137,7.570000171661377,7.570000171661377,12912,0.0,0.0
2024-08-22 11:30:00-04:00,7.574999809265137,7.579899787902832,7.570000171661377,7.570000171661377,14881,0.0,0.0
2024-08-22 11:35:00-04:00,7.574699878692627,7.579999923706055,7.570000171661377,7.578000068664551,1467,0.0,0.0
2024-08-22 11:40:00-04:00,7.579899787902832,7.579899787902832,7.559999942779541,7.559999942779541,12694,0.0,0.0
2024-08-22 11:45:00-04:00,7.564000129699707,7.569900035858154,7.564000129699707,7.568699836730957,8764,0.0,0.0
2024-08-22 11:50:00-04:00,7.565000057220459,7.569900035858154,7.564000129699707,7.565400123596191,11546,0.0,0.0
2024-08-22 11:55:00-04:00,7.568900108337402,7.579999923706055,7.565000057220459,7.579999923706055,5537,0.0,0.0
2024-08-22 12:00:00-04:00,7.579899787902832,7.579899787902832,7.570000171661377,7.579899787902832,7157,0.0,0.0
2024-08-22 12:05:00-04:00,7.579899787902832,7.579899787902832,7.572299957275391,7.579899787902832,4375,0.0,0.0
2024-08-22 12:10:00-04:00,7.570000171661377,7.579999923706055,7.570000171661377,7.578499794006348,8905,0.0,0.0
2024-08-22 12:15:00-04:00,7.574999809265137,7.579699993133545,7.573999881744385,7.579699993133545,3430,0.0,0.0
2024-08-22 12:20:00-04:00,7.574999809265137,7.579999923706055,7.570000171661377,7.570000171661377,3599,0.0,0.0
2024-08-22 12:25:00-04:00,7.575699806213379,7.579999923706055,7.570000171661377,7.579999923706055,20037,0.0,0.0
2024-08-22 12:30:00-04:00,7.579899787902832,7.579899787902832,7.570000171661377,7.574999809265137,3692,0.0,0.0
2024-08-22 12:35:00-04:00,7.570000171661377,7.574999809265137,7.570000171661377,7.570000171661377,1623,0.0,0.0
2024-08-22 12:40:00-04:00,7.574999809265137,7.579899787902832,7.570000171661377,7.579899787902832,4514,0.0,0.0
2024-08-22 12:45:00-04:00,7.571700096130371,7.579699993133545,7.570000171661377,7.574999809265137,4545,0.0,0.0
2024-08-22 12:50:00-04:00,7.574999809265137,7.578199863433838,7.570000171661377,7.574999809265137,5310,0.0,0.0
2024-08-22 12:55:00-04:00,7.570000171661377,7.570000171661377,7.559999942779541,7.569799900054932,5164,0.0,0.0
2024-08-22 13:00:00-04:00,7.565000057220459,7.568600177764893,7.550000190734863,7.550000190734863,52526,0.0,0.0
2024-08-22 13:05:00-04:00,7.550099849700928,7.565000057220459,7.550000190734863,7.565000057220459,24722,0.0,0.0
2024-08-22 13:10:00-04:00,7.564000129699707,7.570000171661377,7.559999942779541,7.564000129699707,19863,0.0,0.0
2024-08-22 13:15:00-04:00,7.559999942779541,7.569900035858154,7.559999942779541,7.559999942779541,5572,0.0,0.0
2024-08-22 13:20:00-04:00,7.559999942779541,7.563300132751465,7.559999942779541,7.559999942779541,2204,0.0,0.0
2024-08-22 13:25:00-04:00,7.559999942779541,7.570000171661377,7.559999942779541,7.559999942779541,3413,0.0,0.0
2024-08-22 13:30:00-04:00,7.559999942779541,7.565000057220459,7.550000190734863,7.555600166320801,5031,0.0,0.0
2024-08-22 13:35:00-04:00,7.554200172424316,7.559999942779541,7.550000190734863,7.550000190734863,16082,0.0,0.0
2024-08-22 13:40:00-04:00,7.554100036621094,7.555200099945068,7.550000190734863,7.5543999671936035,4291,0.0,0.0
2024-08-22 13:45:00-04:00,7.550000190734863,7.559899806976318,7.550000190734863,7.557499885559082,4771,0.0,0.0
2024-08-22 13:50:00-04:00,7.554999828338623,7.554999828338623,7.539999961853027,7.539999961853027,9811,0.0,0.0
2024-08-22 13:55:00-04:00,7.545000076293945,7.547699928283691,7.534999847412109,7.534999847412109,15308,0.0,0.0
2024-08-22 14:00:00-04:00,7.533999919891357,7.539999961853027,7.530099868774414,7.534999847412109,14488,0.0,0.0
2024-08-22 14:05:00-04:00,7.534999847412109,7.539999961853027,7.532800197601318,7.534999847412109,27641,0.0,0.0
2024-08-22 14:10:00-04:00,7.539999961853027,7.539999961853027,7.534999847412109,7.539999961853027,7918,0.0,0.0
2024-08-22 14:15:00-04:00,7.539999961853027,7.539999961853027,7.533999919891357,7.534999847412109,2823,0.0,0.0
2024-08-22 14:20:00-04:00,7.539999961853027,7.539999961853027,7.53000020980835,7.534999847412109,6344,0.0,0.0
2024-08-22 14:25:00-04:00,7.537199974060059,7.537199974060059,7.53000020980835,7.534999847412109,4176,0.0,0.0
2024-08-22 14:30:00-04:00,7.535999774932861,7.539999961853027,7.530099868774414,7.534999847412109,2506,0.0,0.0
2024-08-22 14:35:00-04:00,7.534999847412109,7.539999961853027,7.533299922943115,7.534999847412109,4691,0.0,0.0
2024-08-22 14:40:00-04:00,7.539999961853027,7.539999961853027,7.519999980926514,7.519999980926514,77935,0.0,0.0
2024-08-22 14:45:00-04:00,7.523900032043457,7.525000095367432,7.521500110626221,7.52400016784668,4319,0.0,0.0
2024-08-22 14:50:00-04:00,7.529900074005127,7.529900074005127,7.510000228881836,7.5100998878479,17241,0.0,0.0
2024-08-22 14:55:00-04:00,7.510000228881836,7.519899845123291,7.510000228881836,7.5177001953125,2082,0.0,0.0
2024-08-22 15:00:00-04:00,7.517300128936768,7.519899845123291,7.510000228881836,7.515600204467773,8173,0.0,0.0
2024-08-22 15:05:00-04:00,7.519999980926514,7.519999980926514,7.510000228881836,7.510000228881836,4880,0.0,0.0
2024-08-22 15:10:00-04:00,7.519899845123291,7.519899845123291,7.510000228881836,7.5121002197265625,5473,0.0,0.0
2024-08-22 15:15:00-04:00,7.510000228881836,7.510000228881836,7.5,7.509900093078613,34840,0.0,0.0
2024-08-22 15:20:00-04:00,7.5,7.506800174713135,7.5,7.504199981689453,3188,0.0,0.0
2024-08-22 15:25:00-04:00,7.509900093078613,7.510000228881836,7.5,7.509900093078613,17260,0.0,0.0
2024-08-22 15:30:00-04:00,7.509900093078613,7.510000228881836,7.5,7.505000114440918,8494,0.0,0.0
2024-08-22 15:35:00-04:00,7.505000114440918,7.509699821472168,7.5,7.505499839782715,2463,0.0,0.0
2024-08-22 15:40:00-04:00,7.509900093078613,7.510000228881836,7.505000114440918,7.505000114440918,14636,0.0,0.0
2024-08-22 15:45:00-04:00,7.508500099182129,7.510000228881836,7.5,7.510000228881836,19803,0.0,0.0
2024-08-22 15:50:00-04:00,7.505000114440918,7.509900093078613,7.5,7.504000186920166,4422,0.0,0.0
2024-08-22 15:55:00-04:00,7.505000114440918,7.510000228881836,7.5,7.5,15887,0.0,0.0
2024-08-23 09:30:00-04:00,7.539999961853027,7.567500114440918,7.539999961853027,7.559599876403809,29216,0.0,0.0
2024-08-23 09:35:00-04:00,7.552499771118164,7.559999942779541,7.550000190734863,7.558000087738037,11476,0.0,0.0
2024-08-23 09:40:00-04:00,7.559000015258789,7.579999923706055,7.554999828338623,7.571000099182129,34327,0.0,0.0
2024-08-23 09:45:00-04:00,7.574999809265137,7.579999923706055,7.570000171661377,7.571000099182129,7009,0.0,0.0
2024-08-23 09:50:00-04:00,7.579899787902832,7.579899787902832,7.559999942779541,7.568999767303467,33226,0.0,0.0
2024-08-23 09:55:00-04:00,7.561200141906738,7.563300132751465,7.559999942779541,7.563300132751465,4613,0.0,0.0
2024-08-23 10:00:00-04:00,7.559999942779541,7.590000152587891,7.559999942779541,7.585000038146973,18349,0.0,0.0
2024-08-23 10:05:00-04:00,7.589900016784668,7.598499774932861,7.580100059509277,7.593900203704834,39932,0.0,0.0
2024-08-23 10:10:00-04:00,7.598299980163574,7.610000133514404,7.590099811553955,7.601500034332275,35174,0.0,0.0
2024-08-23 10:15:00-04:00,7.605000019073486,7.614999771118164,7.570000171661377,7.570000171661377,85828,0.0,0.0
2024-08-23 10:20:00-04:00,7.570000171661377,7.579899787902832,7.559999942779541,7.574999809265137,59154,0.0,0.0
2024-08-23 10:25:00-04:00,7.574999809265137,7.579999923706055,7.570099830627441,7.574999809265137,4817,0.0,0.0
2024-08-23 10:30:00-04:00,7.571000099182129,7.579899787902832,7.570000171661377,7.579899787902832,7554,0.0,0.0
2024-08-23 10:35:00-04:00,7.570000171661377,7.570000171661377,7.559999942779541,7.565000057220459,4847,0.0,0.0
2024-08-23 10:40:00-04:00,7.565000057220459,7.570000171661377,7.559999942779541,7.565000057220459,3806,0.0,0.0
2024-08-23 10:45:00-04:00,7.570000171661377,7.570000171661377,7.545000076293945,7.545000076293945,29938,0.0,0.0
2024-08-23 10:50:00-04:00,7.545000076293945,7.550000190734863,7.539999961853027,7.545000076293945,31495,0.0,0.0
2024-08-23 10:55:00-04:00,7.545000076293945,7.550000190734863,7.539999961853027,7.545000076293945,18319,0.0,0.0
2024-08-23 11:00:00-04:00,7.539999961853027,7.548699855804443,7.539999961853027,7.545000076293945,944,0.0,0.0
2024-08-23 11:05:00-04:00,7.545000076293945,7.5467000007629395,7.539999961853027,7.539999961853027,6378,0.0,0.0
2024-08-23 11:10:00-04:00,7.544000148773193,7.550000190734863,7.539999961853027,7.545000076293945,9641,0.0,0.0
2024-08-23 11:15:00-04:00,7.545000076293945,7.550000190734863,7.539999961853027,7.550000190734863,14202,0.0,0.0
2024-08-23 11:20:00-04:00,7.545000076293945,7.550000190734863,7.539999961853027,7.549900054931641,5372,0.0,0.0
2024-08-23 11:25:00-04:00,7.539999961853027,7.550000190734863,7.539999961853027,7.539999961853027,6528,0.0,0.0
2024-08-23 11:30:00-04:00,7.549699783325195,7.550000190734863,7.539999961853027,7.545300006866455,7619,0.0,0.0
2024-08-23 11:35:00-04:00,7.545300006866455,7.549900054931641,7.539999961853027,7.545000076293945,10831,0.0,0.0
2024-08-23 11:40:00-04:00,7.545000076293945,7.550000190734863,7.539999961853027,7.545000076293945,11440,0.0,0.0
2024-08-23 11:45:00-04:00,7.539999961853027,7.546999931335449,7.539999961853027,7.545000076293945,15080,0.0,0.0
2024-08-23 11:50:00-04:00,7.539999961853027,7.549900054931641,7.539999961853027,7.539999961853027,6100,0.0,0.0
2024-08-23 11:55:00-04:00,7.545000076293945,7.546299934387207,7.544000148773193,7.546299934387207,1820,0.0,0.0
2024-08-23 12:00:00-04:00,7.545000076293945,7.549900054931641,7.53000020980835,7.530099868774414,44143,0.0,0.0
2024-08-23 12:05:00-04:00,7.534999847412109,7.538000106811523,7.53000020980835,7.53000020980835,10229,0.0,0.0
2024-08-23 12:10:00-04:00,7.534999847412109,7.539899826049805,7.531599998474121,7.531599998474121,4044,0.0,0.0
2024-08-23 12:15:00-04:00,7.534999847412109,7.537799835205078,7.53000020980835,7.534999847412109,12442,0.0,0.0
2024-08-23 12:20:00-04:00,7.534999847412109,7.539100170135498,7.53000020980835,7.531499862670898,14512,0.0,0.0
2024-08-23 12:25:00-04:00,7.53000020980835,7.537799835205078,7.53000020980835,7.534999847412109,836,0.0,0.0
2024-08-23 12:30:00-04:00,7.539899826049805,7.539899826049805,7.53000020980835,7.53000020980835,8109,0.0,0.0
2024-08-23 12:35:00-04:00,7.534999847412109,7.539999961853027,7.533999919891357,7.536099910736084,3935,0.0,0.0
2024-08-23 12:40:00-04:00,7.53000020980835,7.533999919891357,7.53000020980835,7.53000020980835,22750,0.0,0.0
2024-08-23 12:45:00-04:00,7.53000020980835,7.5366997718811035,7.53000020980835,7.53000020980835,10908,0.0,0.0
2024-08-23 12:50:00-04:00,7.53249979019165,7.539999961853027,7.53000020980835,7.531000137329102,34949,0.0,0.0
2024-08-23 12:55:00-04:00,7.539999961853027,7.539999961853027,7.534999847412109,7.534999847412109,11985,0.0,0.0
2024-08-23 13:00:00-04:00,7.53000020980835,7.538000106811523,7.53000020980835,7.534999847412109,5128,0.0,0.0
2024-08-23 13:05:00-04:00,7.534999847412109,7.539899826049805,7.53439998626709,7.534999847412109,4341,0.0,0.0
2024-08-23 13:10:00-04:00,7.538000106811523,7.539899826049805,7.53000020980835,7.531499862670898,2201,0.0,0.0
2024-08-23 13:15:00-04:00,7.534999847412109,7.539899826049805,7.53000020980835,7.533999919891357,3108,0.0,0.0
2024-08-23 13:20:00-04:00,7.53000020980835,7.534999847412109,7.53000020980835,7.534999847412109,1009,0.0,0.0
2024-08-23 13:25:00-04:00,7.53000020980835,7.539999961853027,7.53000020980835,7.534999847412109,51784,0.0,0.0
2024-08-23 13:30:00-04:00,7.534999847412109,7.539999961853027,7.531799793243408,7.534999847412109,32019,0.0,0.0
2024-08-23 13:35:00-04:00,7.539899826049805,7.539999961853027,7.534999847412109,7.534999847412109,27298,0.0,0.0
2024-08-23 13:40:00-04:00,7.53000020980835,7.534999847412109,7.53000020980835,7.534999847412109,3946,0.0,0.0
2024-08-23 13:45:00-04:00,7.534999847412109,7.539899826049805,7.534999847412109,7.534999847412109,3897,0.0,0.0
2024-08-23 13:50:00-04:00,7.53000020980835,7.539999961853027,7.53000020980835,7.539999961853027,2307,0.0,0.0
2024-08-23 13:55:00-04:00,7.53249979019165,7.539999961853027,7.53000020980835,7.534999847412109,6343,0.0,0.0
2024-08-23 14:00:00-04:00,7.534999847412109,7.534999847412109,7.53000020980835,7.534999847412109,13101,0.0,0.0
2024-08-23 14:05:00-04:00,7.534999847412109,7.534999847412109,7.53000020980835,7.534999847412109,3885,0.0,0.0
2024-08-23 14:10:00-04:00,7.53000020980835,7.534999847412109,7.53000020980835,7.534999847412109,1425,0.0,0.0
2024-08-23 14:15:00-04:00,7.53000020980835,7.539999961853027,7.53000020980835,7.531700134277344,4260,0.0,0.0
2024-08-23 14:20:00-04:00,7.531400203704834,7.534999847412109,7.53000020980835,7.53000020980835,996,0.0,0.0
2024-08-23 14:25:00-04:00,7.531400203704834,7.531400203704834,7.53000020980835,7.53000020980835,733,0.0,0.0
2024-08-23 14:30:00-04:00,7.53000020980835,7.534999847412109,7.53000020980835,7.534999847412109,5638,0.0,0.0
2024-08-23 14:35:00-04:00,7.533999919891357,7.534999847412109,7.533999919891357,7.534999847412109,785,0.0,0.0
2024-08-23 14:40:00-04:00,7.53000020980835,7.539899826049805,7.53000020980835,7.530099868774414,3257,0.0,0.0
2024-08-23 14:45:00-04:00,7.534999847412109,7.534999847412109,7.53000020980835,7.534999847412109,1640,0.0,0.0
2024-08-23 14:50:00-04:00,7.531599998474121,7.538300037384033,7.519999980926514,7.529900074005127,8957,0.0,0.0
2024-08-23 14:55:00-04:00,7.52400016784668,7.529900074005127,7.519999980926514,7.525000095367432,1963,0.0,0.0
2024-08-23 15:00:00-04:00,7.527100086212158,7.5278000831604,7.519999980926514,7.519999980926514,5445,0.0,0.0
2024-08-23 15:05:00-04:00,7.525000095367432,7.53000020980835,7.519999980926514,7.524600028991699,2720,0.0,0.0
2024-08-23 15:10:00-04:00,7.520100116729736,7.53000020980835,7.520100116729736,7.529699802398682,7369,0.0,0.0
2024-08-23 15:15:00-04:00,7.525000095367432,7.53000020980835,7.521900177001953,7.53000020980835,10225,0.0,0.0
2024-08-23 15:20:00-04:00,7.525000095367432,7.53000020980835,7.525000095367432,7.525000095367432,9193,0.0,0.0
2024-08-23 15:25:00-04:00,7.525000095367432,7.53000020980835,7.521699905395508,7.525000095367432,5138,0.0,0.0
2024-08-23 15:30:00-04:00,7.526800155639648,7.53000020980835,7.519999980926514,7.5233001708984375,6745,0.0,0.0
2024-08-23 15:35:00-04:00,7.525599956512451,7.53000020980835,7.525000095367432,7.529799938201904,1116,0.0,0.0
2024-08-23 15:40:00-04:00,7.52869987487793,7.53000020980835,7.519999980926514,7.53000020980835,38529,0.0,0.0
2024-08-23 15:45:00-04:00,7.525000095367432,7.539999961853027,7.52400016784668,7.530600070953369,158507,0.0,0.0
2024-08-23 15:50:00-04:00,7.539999961853027,7.539999961853027,7.53000020980835,7.530300140380859,34112,0.0,0.0
2024-08-23 15:55:00-04:00,7.534999847412109,7.539999961853027,7.519999980926514,7.53000020980835,91521,0.0,0.0
2024-08-26 09:30:00-04:00,7.510000228881836,7.53000020980835,7.510000228881836,7.525000095367432,82193,0.0,0.0
2024-08-26 09:35:00-04:00,7.525000095367432,7.53000020980835,7.5208001136779785,7.529900074005127,7303,0.0,0.0
2024-08-26 09:40:00-04:00,7.525000095367432,7.53000020980835,7.520100116729736,7.52400016784668,39228,0.0,0.0
2024-08-26 09:45:00-04:00,7.529799938201904,7.53000020980835,7.519999980926514,7.521500110626221,41203,0.0,0.0
2024-08-26 09:50:00-04:00,7.53000020980835,7.539999961853027,7.519999980926514,7.53000020980835,30789,0.0,0.0
2024-08-26 09:55:00-04:00,7.534999847412109,7.53980016708374,7.53000020980835,7.53000020980835,11753,0.0,0.0
2024-08-26 10:00:00-04:00,7.534999847412109,7.547900199890137,7.53000020980835,7.547900199890137,7333,0.0,0.0
2024-08-26 10:05:00-04:00,7.539999961853027,7.549900054931641,7.539999961853027,7.545000076293945,8142,0.0,0.0
2024-08-26 10:10:00-04:00,7.545000076293945,7.545000076293945,7.539999961853027,7.544000148773193,5843,0.0,0.0
2024-08-26 10:15:00-04:00,7.540999889373779,7.550000190734863,7.540999889373779,7.546599864959717,5890,0.0,0.0
2024-08-26 10:20:00-04:00,7.545000076293945,7.5472002029418945,7.539999961853027,7.5472002029418945,7605,0.0,0.0
2024-08-26 10:25:00-04:00,7.54010009765625,7.550000190734863,7.54010009765625,7.550000190734863,5956,0.0,0.0
2024-08-26 10:30:00-04:00,7.547100067138672,7.547100067138672,7.53000020980835,7.531899929046631,14686,0.0,0.0
2024-08-26 10:35:00-04:00,7.539599895477295,7.539899826049805,7.525000095367432,7.525000095367432,25147,0.0,0.0
2024-08-26 10:40:00-04:00,7.529699802398682,7.53000020980835,7.5229997634887695,7.525000095367432,11479,0.0,0.0
2024-08-26 10:45:00-04:00,7.528900146484375,7.53000020980835,7.521599769592285,7.521599769592285,11156,0.0,0.0
2024-08-26 10:50:00-04:00,7.528500080108643,7.53000020980835,7.519999980926514,7.519999980926514,20176,0.0,0.0
2024-08-26 10:55:00-04:00,7.525000095367432,7.525000095367432,7.510000228881836,7.514999866485596,12796,0.0,0.0
2024-08-26 11:00:00-04:00,7.513199806213379,7.519999980926514,7.510000228881836,7.510000228881836,9555,0.0,0.0
2024-08-26 11:05:00-04:00,7.519999980926514,7.519999980926514,7.5100998878479,7.514999866485596,4509,0.0,0.0
2024-08-26 11:10:00-04:00,7.514999866485596,7.519999980926514,7.510000228881836,7.514999866485596,24112,0.0,0.0
2024-08-26 11:15:00-04:00,7.5100998878479,7.519899845123291,7.510000228881836,7.510000228881836,12133,0.0,0.0
2024-08-26 11:20:00-04:00,7.5183000564575195,7.519899845123291,7.514999866485596,7.519899845123291,3437,0.0,0.0
2024-08-26 11:25:00-04:00,7.514999866485596,7.519999980926514,7.514999866485596,7.5183000564575195,7578,0.0,0.0
2024-08-26 11:30:00-04:00,7.511600017547607,7.517499923706055,7.510000228881836,7.514999866485596,6714,0.0,0.0
2024-08-26 11:35:00-04:00,7.51800012588501,7.519899845123291,7.510000228881836,7.519899845123291,2513,0.0,0.0
2024-08-26 11:40:00-04:00,7.519999980926514,7.519999980926514,7.512700080871582,7.519999980926514,14634,0.0,0.0
2024-08-26 11:45:00-04:00,7.514999866485596,7.5177001953125,7.513700008392334,7.513700008392334,1547,0.0,0.0
2024-08-26 11:50:00-04:00,7.510000228881836,7.519899845123291,7.510000228881836,7.519899845123291,6926,0.0,0.0
2024-08-26 11:55:00-04:00,7.514999866485596,7.519999980926514,7.514999866485596,7.514999866485596,9167,0.0,0.0
2024-08-26 12:00:00-04:00,7.514999866485596,7.519599914550781,7.514999866485596,7.514999866485596,7088,0.0,0.0
2024-08-26 12:05:00-04:00,7.519899845123291,7.519899845123291,7.514599800109863,7.514599800109863,4159,0.0,0.0
2024-08-26 12:10:00-04:00,7.51800012588501,7.519999980926514,7.515900135040283,7.515900135040283,4455,0.0,0.0
2024-08-26 12:15:00-04:00,7.519800186157227,7.53000020980835,7.510000228881836,7.528800010681152,34727,0.0,0.0
2024-08-26 12:20:00-04:00,7.522200107574463,7.53000020980835,7.519999980926514,7.519999980926514,3576,0.0,0.0
2024-08-26 12:25:00-04:00,7.53000020980835,7.53000020980835,7.529699802398682,7.53000020980835,1559,0.0,0.0
2024-08-26 12:30:00-04:00,7.53000020980835,7.539999961853027,7.53000020980835,7.534999847412109,10584,0.0,0.0
2024-08-26 12:35:00-04:00,7.534999847412109,7.534999847412109,7.531499862670898,7.534999847412109,7960,0.0,0.0
2024-08-26 12:40:00-04:00,7.534800052642822,7.539899826049805,7.534800052642822,7.534999847412109,2911,0.0,0.0
2024-08-26 12:45:00-04:00,7.534999847412109,7.539700031280518,7.53000020980835,7.534999847412109,15688,0.0,0.0
2024-08-26 12:50:00-04:00,7.534999847412109,7.539999961853027,7.53000020980835,7.534999847412109,2236,0.0,0.0
2024-08-26 12:55:00-04:00,7.530099868774414,7.539999961853027,7.53000020980835,7.535999774932861,2989,0.0,0.0
2024-08-26 13:00:00-04:00,7.531199932098389,7.539999961853027,7.531199932098389,7.53249979019165,5673,0.0,0.0
2024-08-26 13:05:00-04:00,7.531700134277344,7.534999847412109,7.53000020980835,7.531599998474121,7200,0.0,0.0
2024-08-26 13:10:00-04:00,7.534999847412109,7.534999847412109,7.534999847412109,7.534999847412109,538,0.0,0.0
2024-08-26 13:15:00-04:00,7.534999847412109,7.539899826049805,7.53000020980835,7.537700176239014,1142,0.0,0.0
2024-08-26 13:20:00-04:00,7.5370001792907715,7.539899826049805,7.5370001792907715,7.537600040435791,3045,0.0,0.0
2024-08-26 13:25:00-04:00,7.534999847412109,7.538000106811523,7.534999847412109,7.538000106811523,5388,0.0,0.0
2024-08-26 13:30:00-04:00,7.534999847412109,7.534999847412109,7.53000020980835,7.53000020980835,3774,0.0,0.0
2024-08-26 13:35:00-04:00,7.539899826049805,7.539999961853027,7.53000020980835,7.53000020980835,5021,0.0,0.0
2024-08-26 13:40:00-04:00,7.53000020980835,7.53000020980835,7.529799938201904,7.53000020980835,5259,0.0,0.0
2024-08-26 13:45:00-04:00,7.525000095367432,7.528299808502197,7.521200180053711,7.528299808502197,5949,0.0,0.0
2024-08-26 13:50:00-04:00,7.525000095367432,7.528299808502197,7.519999980926514,7.519999980926514,13321,0.0,0.0
2024-08-26 13:55:00-04:00,7.529799938201904,7.53000020980835,7.525000095367432,7.52839994430542,5278,0.0,0.0
2024-08-26 14:05:00-04:00,7.53000020980835,7.53000020980835,7.521699905395508,7.521699905395508,1667,0.0,0.0
2024-08-26 14:10:00-04:00,7.529900074005127,7.529900074005127,7.524799823760986,7.5258002281188965,7382,0.0,0.0
2024-08-26 14:15:00-04:00,7.526500225067139,7.52839994430542,7.525000095367432,7.525000095367432,1708,0.0,0.0
2024-08-26 14:20:00-04:00,7.52400016784668,7.529900074005127,7.52400016784668,7.525700092315674,1644,0.0,0.0
2024-08-26 14:25:00-04:00,7.529099941253662,7.535399913787842,7.529099941253662,7.535399913787842,2534,0.0,0.0
2024-08-26 14:30:00-04:00,7.539999961853027,7.539999961853027,7.534999847412109,7.534999847412109,467,0.0,0.0
2024-08-26 14:35:00-04:00,7.539999961853027,7.539999961853027,7.5320000648498535,7.5320000648498535,2829,0.0,0.0
2024-08-26 14:45:00-04:00,7.539700031280518,7.539700031280518,7.531300067901611,7.531799793243408,8579,0.0,0.0
2024-08-26 14:50:00-04:00,7.531499862670898,7.531499862670898,7.530099868774414,7.530099868774414,2351,0.0,0.0
2024-08-26 14:55:00-04:00,7.534999847412109,7.538099765777588,7.534999847412109,7.538099765777588,4311,0.0,0.0
2024-08-26 15:00:00-04:00,7.537799835205078,7.539999961853027,7.534999847412109,7.534999847412109,5542,0.0,0.0
2024-08-26 15:05:00-04:00,7.534999847412109,7.539899826049805,7.531400203704834,7.534999847412109,7209,0.0,0.0
2024-08-26 15:10:00-04:00,7.534999847412109,7.539899826049805,7.532199859619141,7.536300182342529,1655,0.0,0.0
2024-08-26 15:15:00-04:00,7.530399799346924,7.534999847412109,7.530399799346924,7.534999847412109,853,0.0,0.0
2024-08-26 15:20:00-04:00,7.5320000648498535,7.539899826049805,7.5320000648498535,7.534999847412109,8750,0.0,0.0
2024-08-26 15:25:00-04:00,7.534999847412109,7.534999847412109,7.531099796295166,7.534999847412109,8040,0.0,0.0
2024-08-26 15:30:00-04:00,7.537099838256836,7.537099838256836,7.535900115966797,7.535900115966797,1099,0.0,0.0
2024-08-26 15:35:00-04:00,7.533199787139893,7.539899826049805,7.533199787139893,7.534999847412109,1365,0.0,0.0
2024-08-26 15:40:00-04:00,7.534999847412109,7.539999961853027,7.532899856567383,7.534999847412109,15819,0.0,0.0
2024-08-26 15:45:00-04:00,7.534999847412109,7.539999961853027,7.532199859619141,7.532199859619141,8194,0.0,0.0
2024-08-26 15:50:00-04:00,7.534999847412109,7.539999961853027,7.534999847412109,7.539999961853027,3616,0.0,0.0
2024-08-26 15:55:00-04:00,7.53000020980835,7.539999961853027,7.53000020980835,7.53000020980835,26085,0.0,0.0
2024-08-27 09:30:00-04:00,7.53000020980835,7.539999961853027,7.53000020980835,7.539899826049805,25490,0.0,0.0
2024-08-27 09:35:00-04:00,7.5391998291015625,7.539999961853027,7.530099868774414,7.534999847412109,14884,0.0,0.0
2024-08-27 09:40:00-04:00,7.530099868774414,7.539899826049805,7.530099868774414,7.539899826049805,4035,0.0,0.0
2024-08-27 09:45:00-04:00,7.531000137329102,7.539999961853027,7.531000137329102,7.538599967956543,1749,0.0,0.0
2024-08-27 09:50:00-04:00,7.538700103759766,7.545000076293945,7.5345001220703125,7.545000076293945,16959,0.0,0.0
2024-08-27 09:55:00-04:00,7.549900054931641,7.550000190734863,7.54010009765625,7.545000076293945,5748,0.0,0.0
2024-08-27 10:00:00-04:00,7.539999961853027,7.549900054931641,7.539999961853027,7.549300193786621,6100,0.0,0.0
2024-08-27 10:05:00-04:00,7.539999961853027,7.550000190734863,7.539999961853027,7.550000190734863,1965,0.0,0.0
2024-08-27 10:10:00-04:00,7.545000076293945,7.547100067138672,7.539999961853027,7.545000076293945,5780,0.0,0.0
2024-08-27 10:15:00-04:00,7.546500205993652,7.550000190734863,7.539999961853027,7.549900054931641,12173,0.0,0.0
2024-08-27 10:20:00-04:00,7.550000190734863,7.550000190734863,7.544899940490723,7.546800136566162,3392,0.0,0.0
2024-08-27 10:25:00-04:00,7.545000076293945,7.546899795532227,7.54010009765625,7.54010009765625,2587,0.0,0.0
2024-08-27 10:30:00-04:00,7.545000076293945,7.5467000007629395,7.5416998863220215,7.5416998863220215,3066,0.0,0.0
2024-08-27 10:35:00-04:00,7.539999961853027,7.545000076293945,7.539999961853027,7.545000076293945,10636,0.0,0.0
2024-08-27 10:40:00-04:00,7.550000190734863,7.550000190734863,7.545000076293945,7.545000076293945,2567,0.0,0.0
2024-08-27 10:45:00-04:00,7.541299819946289,7.550000190734863,7.54010009765625,7.54580020904541,32349,0.0,0.0
2024-08-27 10:50:00-04:00,7.547900199890137,7.547900199890137,7.545000076293945,7.545000076293945,13047,0.0,0.0
2024-08-27 10:55:00-04:00,7.545000076293945,7.550000190734863,7.545000076293945,7.550000190734863,2430,0.0,0.0
2024-08-27 11:00:00-04:00,7.545000076293945,7.550000190734863,7.545000076293945,7.545000076293945,6727,0.0,0.0
2024-08-27 11:05:00-04:00,7.544000148773193,7.550000190734863,7.542699813842773,7.549799919128418,5117,0.0,0.0
2024-08-27 11:10:00-04:00,7.545000076293945,7.550000190734863,7.54010009765625,7.550000190734863,4447,0.0,0.0
2024-08-27 11:15:00-04:00,7.546299934387207,7.550000190734863,7.545000076293945,7.545000076293945,4625,0.0,0.0
2024-08-27 11:20:00-04:00,7.549699783325195,7.549799919128418,7.545000076293945,7.545000076293945,8972,0.0,0.0
2024-08-27 11:25:00-04:00,7.545000076293945,7.545000076293945,7.545000076293945,7.545000076293945,1843,0.0,0.0
2024-08-27 11:30:00-04:00,7.550000190734863,7.550000190734863,7.544000148773193,7.544000148773193,1872,0.0,0.0
2024-08-27 11:35:00-04:00,7.545000076293945,7.550000190734863,7.545000076293945,7.550000190734863,2495,0.0,0.0
2024-08-27 11:40:00-04:00,7.544300079345703,7.550000190734863,7.539999961853027,7.550000190734863,4178,0.0,0.0
2024-08-27 11:45:00-04:00,7.545400142669678,7.545899868011475,7.543099880218506,7.545899868011475,1124,0.0,0.0
2024-08-27 11:50:00-04:00,7.545000076293945,7.54580020904541,7.541900157928467,7.541900157928467,5140,0.0,0.0
2024-08-27 11:55:00-04:00,7.54010009765625,7.545000076293945,7.54010009765625,7.545000076293945,1173,0.0,0.0
2024-08-27 12:00:00-04:00,7.545000076293945,7.545000076293945,7.544300079345703,7.544300079345703,4456,0.0,0.0
2024-08-27 12:05:00-04:00,7.545000076293945,7.547500133514404,7.545000076293945,7.547500133514404,2417,0.0,0.0
2024-08-27 12:10:00-04:00,7.539999961853027,7.550000190734863,7.539999961853027,7.550000190734863,3244,0.0,0.0
2024-08-27 12:20:00-04:00,7.544400215148926,7.547999858856201,7.54010009765625,7.547999858856201,2591,0.0,0.0
2024-08-27 12:25:00-04:00,7.547999858856201,7.547999858856201,7.545000076293945,7.545000076293945,485,0.0,0.0
2024-08-27 12:30:00-04:00,7.543399810791016,7.545000076293945,7.543399810791016,7.545000076293945,1503,0.0,0.0
2024-08-27 12:35:00-04:00,7.550000190734863,7.550000190734863,7.545000076293945,7.545599937438965,4244,0.0,0.0
2024-08-27 12:40:00-04:00,7.550000190734863,7.550000190734863,7.5457000732421875,7.5457000732421875,367,0.0,0.0
2024-08-27 12:45:00-04:00,7.549699783325195,7.549699783325195,7.539999961853027,7.547299861907959,3441,0.0,0.0
2024-08-27 12:50:00-04:00,7.541999816894531,7.545000076293945,7.539999961853027,7.545000076293945,3367,0.0,0.0
2024-08-27 12:55:00-04:00,7.5432000160217285,7.550000190734863,7.54010009765625,7.545000076293945,5150,0.0,0.0
2024-08-27 13:00:00-04:00,7.550000190734863,7.550000190734863,7.550000190734863,7.550000190734863,295,0.0,0.0
2024-08-27 13:05:00-04:00,7.550000190734863,7.550000190734863,7.543300151824951,7.545000076293945,2021,0.0,0.0
2024-08-27 13:10:00-04:00,7.550000190734863,7.550000190734863,7.545000076293945,7.547800064086914,5130,0.0,0.0
2024-08-27 13:15:00-04:00,7.545000076293945,7.546999931335449,7.54010009765625,7.546999931335449,1945,0.0,0.0
2024-08-27 13:20:00-04:00,7.546800136566162,7.546899795532227,7.545000076293945,7.545000076293945,546,0.0,0.0
2024-08-27 13:25:00-04:00,7.550000190734863,7.550000190734863,7.547100067138672,7.549900054931641,610,0.0,0.0
2024-08-27 13:30:00-04:00,7.545000076293945,7.546999931335449,7.545000076293945,7.546999931335449,1259,0.0,0.0
2024-08-27 13:35:00-04:00,7.546000003814697,7.550000190734863,7.543799877166748,7.549799919128418,14914,0.0,0.0
2024-08-27 13:40:00-04:00,7.545000076293945,7.546999931335449,7.542900085449219,7.546999931335449,581,0.0,0.0
2024-08-27 13:45:00-04:00,7.545000076293945,7.550000190734863,7.539999961853027,7.549799919128418,21513,0.0,0.0
2024-08-27 13:50:00-04:00,7.545000076293945,7.548699855804443,7.54010009765625,7.545400142669678,2365,0.0,0.0
2024-08-27 13:55:00-04:00,7.547599792480469,7.550000190734863,7.545000076293945,7.550000190734863,9480,0.0,0.0
2024-08-27 14:00:00-04:00,7.545000076293945,7.550000190734863,7.545000076293945,7.545400142669678,1048,0.0,0.0
2024-08-27 14:05:00-04:00,7.550000190734863,7.550000190734863,7.545000076293945,7.546000003814697,967,0.0,0.0
2024-08-27 14:10:00-04:00,7.54010009765625,7.550000190734863,7.539999961853027,7.546500205993652,10957,0.0,0.0
2024-08-27 14:15:00-04:00,7.546500205993652,7.547999858856201,7.5441999435424805,7.546999931335449,2151,0.0,0.0
2024-08-27 14:20:00-04:00,7.545000076293945,7.545000076293945,7.539999961853027,7.54010009765625,1875,0.0,0.0
2024-08-27 14:25:00-04:00,7.545000076293945,7.550000190734863,7.54010009765625,7.546000003814697,8627,0.0,0.0
2024-08-27 14:30:00-04:00,7.545000076293945,7.547299861907959,7.545000076293945,7.547299861907959,1138,0.0,0.0
2024-08-27 14:35:00-04:00,7.549900054931641,7.550000190734863,7.545000076293945,7.545000076293945,6180,0.0,0.0
2024-08-27 14:40:00-04:00,7.550000190734863,7.550000190734863,7.545000076293945,7.550000190734863,1950,0.0,0.0
2024-08-27 14:45:00-04:00,7.5432000160217285,7.550000190734863,7.54010009765625,7.54010009765625,6216,0.0,0.0
2024-08-27 14:50:00-04:00,7.544000148773193,7.550000190734863,7.542600154876709,7.549699783325195,3440,0.0,0.0
2024-08-27 14:55:00-04:00,7.549900054931641,7.550000190734863,7.545000076293945,7.545000076293945,823,0.0,0.0
2024-08-27 15:00:00-04:00,7.54010009765625,7.549900054931641,7.54010009765625,7.549900054931641,3036,0.0,0.0
2024-08-27 15:05:00-04:00,7.54010009765625,7.550000190734863,7.539999961853027,7.54010009765625,11518,0.0,0.0
2024-08-27 15:10:00-04:00,7.545000076293945,7.545000076293945,7.542799949645996,7.545000076293945,1735,0.0,0.0
2024-08-27 15:15:00-04:00,7.546800136566162,7.546800136566162,7.539999961853027,7.539999961853027,1229,0.0,0.0
2024-08-27 15:20:00-04:00,7.545000076293945,7.545000076293945,7.542399883270264,7.545000076293945,4543,0.0,0.0
2024-08-27 15:25:00-04:00,7.539999961853027,7.539999961853027,7.539999961853027,7.539999961853027,321,0.0,0.0
2024-08-27 15:30:00-04:00,7.545000076293945,7.550000190734863,7.539999961853027,7.539999961853027,3223,0.0,0.0
2024-08-27 15:35:00-04:00,7.541999816894531,7.547999858856201,7.541999816894531,7.547999858856201,2160,0.0,0.0
2024-08-27 15:40:00-04:00,7.545000076293945,7.54610013961792,7.5441999435424805,7.54610013961792,3086,0.0,0.0
2024-08-27 15:45:00-04:00,7.545000076293945,7.550000190734863,7.539999961853027,7.545000076293945,6495,0.0,0.0
2024-08-27 15:50:00-04:00,7.539999961853027,7.550000190734863,7.539999961853027,7.544000148773193,7862,0.0,0.0
2024-08-27 15:55:00-04:00,7.545000076293945,7.550000190734863,7.539999961853027,7.550000190734863,7049,0.0,0.0
2024-08-28 09:30:00-04:00,7.539999961853027,7.559999942779541,7.539999961853027,7.559999942779541,33161,0.0,0.0
2024-08-28 09:35:00-04:00,7.551199913024902,7.590000152587891,7.551199913024902,7.585000038146973,34471,0.0,0.0
2024-08-28 09:40:00-04:00,7.583099842071533,7.590000152587891,7.571300029754639,7.571300029754639,60416,0.0,0.0
2024-08-28 09:45:00-04:00,7.574999809265137,7.579999923706055,7.560800075531006,7.568900108337402,16704,0.0,0.0
2024-08-28 09:50:00-04:00,7.570000171661377,7.570000171661377,7.565000057220459,7.565000057220459,2131,0.0,0.0
2024-08-28 09:55:00-04:00,7.561200141906738,7.570000171661377,7.561200141906738,7.565000057220459,2560,0.0,0.0
2024-08-28 10:00:00-04:00,7.56879997253418,7.569900035858154,7.565000057220459,7.565000057220459,1890,0.0,0.0
2024-08-28 10:05:00-04:00,7.565199851989746,7.570000171661377,7.564599990844727,7.570000171661377,1231,0.0,0.0
2024-08-28 10:10:00-04:00,7.565800189971924,7.565999984741211,7.559999942779541,7.560500144958496,8675,0.0,0.0
2024-08-28 10:15:00-04:00,7.569900035858154,7.570000171661377,7.565000057220459,7.565000057220459,10961,0.0,0.0
2024-08-28 10:20:00-04:00,7.561500072479248,7.565000057220459,7.560100078582764,7.565000057220459,26078,0.0,0.0
2024-08-28 10:25:00-04:00,7.566500186920166,7.569900035858154,7.560100078582764,7.560100078582764,15563,0.0,0.0
2024-08-28 10:30:00-04:00,7.560100078582764,7.569900035858154,7.560100078582764,7.565000057220459,2312,0.0,0.0
2024-08-28 10:35:00-04:00,7.5625,7.568600177764893,7.550000190734863,7.559999942779541,30786,0.0,0.0
2024-08-28 10:40:00-04:00,7.550000190734863,7.558700084686279,7.550000190734863,7.550000190734863,6765,0.0,0.0
2024-08-28 10:45:00-04:00,7.550099849700928,7.559899806976318,7.550099849700928,7.550899982452393,12170,0.0,0.0
2024-08-28 10:50:00-04:00,7.554200172424316,7.559999942779541,7.5503997802734375,7.558800220489502,15529,0.0,0.0
2024-08-28 10:55:00-04:00,7.559999942779541,7.570000171661377,7.559999942779541,7.569699764251709,30048,0.0,0.0
2024-08-28 11:00:00-04:00,7.565000057220459,7.579999923706055,7.565000057220459,7.570000171661377,26292,0.0,0.0
2024-08-28 11:05:00-04:00,7.570099830627441,7.574999809265137,7.570000171661377,7.570099830627441,14716,0.0,0.0
2024-08-28 11:10:00-04:00,7.574999809265137,7.574999809265137,7.559999942779541,7.559999942779541,1557,0.0,0.0
2024-08-28 11:15:00-04:00,7.559999942779541,7.570000171661377,7.554999828338623,7.554999828338623,6479,0.0,0.0
2024-08-28 11:20:00-04:00,7.552499771118164,7.554999828338623,7.550000190734863,7.551700115203857,8833,0.0,0.0
2024-08-28 11:25:00-04:00,7.554999828338623,7.558300018310547,7.554500102996826,7.554999828338623,4499,0.0,0.0
2024-08-28 11:30:00-04:00,7.554999828338623,7.5584001541137695,7.550000190734863,7.550000190734863,2299,0.0,0.0
2024-08-28 11:35:00-04:00,7.554999828338623,7.554999828338623,7.553100109100342,7.554999828338623,4918,0.0,0.0
2024-08-28 11:40:00-04:00,7.559899806976318,7.559899806976318,7.539999961853027,7.541200160980225,24572,0.0,0.0
2024-08-28 11:45:00-04:00,7.548500061035156,7.550000190734863,7.541500091552734,7.544000148773193,7807,0.0,0.0
2024-08-28 11:50:00-04:00,7.548500061035156,7.549900054931641,7.539999961853027,7.547999858856201,12150,0.0,0.0
2024-08-28 11:55:00-04:00,7.539999961853027,7.549900054931641,7.539999961853027,7.549900054931641,13328,0.0,0.0
2024-08-28 12:00:00-04:00,7.54010009765625,7.5482001304626465,7.539999961853027,7.54010009765625,7459,0.0,0.0
2024-08-28 12:05:00-04:00,7.539999961853027,7.550000190734863,7.539999961853027,7.550000190734863,2985,0.0,0.0
2024-08-28 12:10:00-04:00,7.547999858856201,7.550000190734863,7.545000076293945,7.545000076293945,11323,0.0,0.0
2024-08-28 12:15:00-04:00,7.549900054931641,7.549900054931641,7.539999961853027,7.539999961853027,6136,0.0,0.0
2024-08-28 12:20:00-04:00,7.539999961853027,7.547900199890137,7.539999961853027,7.543399810791016,12421,0.0,0.0
2024-08-28 12:25:00-04:00,7.547900199890137,7.547900199890137,7.539999961853027,7.544300079345703,8476,0.0,0.0
2024-08-28 12:30:00-04:00,7.539999961853027,7.54010009765625,7.534999847412109,7.534999847412109,10373,0.0,0.0
2024-08-28 12:35:00-04:00,7.53000020980835,7.539999961853027,7.53000020980835,7.534999847412109,4493,0.0,0.0
2024-08-28 12:40:00-04:00,7.538700103759766,7.539999961853027,7.534999847412109,7.539999961853027,1209,0.0,0.0
2024-08-28 12:45:00-04:00,7.53879976272583,7.53879976272583,7.5329999923706055,7.538300037384033,10246,0.0,0.0
2024-08-28 12:50:00-04:00,7.534999847412109,7.539899826049805,7.53000020980835,7.539899826049805,5454,0.0,0.0
2024-08-28 12:55:00-04:00,7.538300037384033,7.539899826049805,7.534599781036377,7.539899826049805,1776,0.0,0.0
2024-08-28 13:00:00-04:00,7.534999847412109,7.534999847412109,7.534999847412109,7.534999847412109,770,0.0,0.0
2024-08-28 13:05:00-04:00,7.539899826049805,7.539899826049805,7.534800052642822,7.534999847412109,525,0.0,0.0
2024-08-28 13:10:00-04:00,7.534800052642822,7.538599967956543,7.534800052642822,7.538300037384033,1647,0.0,0.0
2024-08-28 13:15:00-04:00,7.534999847412109,7.534999847412109,7.5346999168396,7.534999847412109,2599,0.0,0.0
2024-08-28 13:20:00-04:00,7.539700031280518,7.539700031280518,7.53000020980835,7.5366997718811035,7998,0.0,0.0
2024-08-28 13:25:00-04:00,7.534999847412109,7.539899826049805,7.534999847412109,7.539899826049805,2359,0.0,0.0
2024-08-28 13:30:00-04:00,7.53879976272583,7.53879976272583,7.53439998626709,7.53439998626709,1301,0.0,0.0
2024-08-28 13:35:00-04:00,7.534999847412109,7.53980016708374,7.534999847412109,7.53980016708374,1099,0.0,0.0
2024-08-28 13:40:00-04:00,7.53849983215332,7.53849983215332,7.53000020980835,7.53000020980835,5174,0.0,0.0
2024-08-28 13:45:00-04:00,7.537600040435791,7.538300037384033,7.53000020980835,7.538300037384033,15475,0.0,0.0
2024-08-28 14:00:00-04:00,7.536799907684326,7.536799907684326,7.53000020980835,7.530099868774414,1755,0.0,0.0
2024-08-28 14:05:00-04:00,7.530099868774414,7.539700031280518,7.530099868774414,7.539700031280518,3179,0.0,0.0
2024-08-28 14:10:00-04:00,7.5355000495910645,7.539999961853027,7.534999847412109,7.539000034332275,8483,0.0,0.0
2024-08-28 14:15:00-04:00,7.534999847412109,7.538400173187256,7.53000020980835,7.538400173187256,2643,0.0,0.0
2024-08-28 14:20:00-04:00,7.534999847412109,7.539999961853027,7.530099868774414,7.530099868774414,4897,0.0,0.0
2024-08-28 14:25:00-04:00,7.538300037384033,7.539999961853027,7.53000020980835,7.539999961853027,13456,0.0,0.0
2024-08-28 14:30:00-04:00,7.5366997718811035,7.539999961853027,7.534999847412109,7.534999847412109,2624,0.0,0.0
2024-08-28 14:35:00-04:00,7.536099910736084,7.539999961853027,7.534999847412109,7.534999847412109,15503,0.0,0.0
2024-08-28 14:40:00-04:00,7.535299777984619,7.539999961853027,7.53000020980835,7.532899856567383,22580,0.0,0.0
2024-08-28 14:45:00-04:00,7.539999961853027,7.539999961853027,7.525000095367432,7.525000095367432,37744,0.0,0.0
2024-08-28 14:50:00-04:00,7.525000095367432,7.53000020980835,7.520100116729736,7.525000095367432,8617,0.0,0.0
2024-08-28 14:55:00-04:00,7.527699947357178,7.529900074005127,7.520100116729736,7.525000095367432,15619,0.0,0.0
2024-08-28 15:00:00-04:00,7.525000095367432,7.53000020980835,7.519999980926514,7.527699947357178,15029,0.0,0.0
2024-08-28 15:05:00-04:00,7.528299808502197,7.53000020980835,7.519999980926514,7.519999980926514,11612,0.0,0.0
2024-08-28 15:10:00-04:00,7.523499965667725,7.53000020980835,7.510000228881836,7.514999866485596,12842,0.0,0.0
2024-08-28 15:15:00-04:00,7.5177998542785645,7.518799781799316,7.513999938964844,7.518799781799316,5454,0.0,0.0
2024-08-28 15:20:00-04:00,7.514999866485596,7.514999866485596,7.510000228881836,7.514999866485596,9146,0.0,0.0
2024-08-28 15:25:00-04:00,7.5100998878479,7.519999980926514,7.5100998878479,7.514999866485596,8524,0.0,0.0
2024-08-28 15:30:00-04:00,7.5183000564575195,7.5183000564575195,7.514999866485596,7.514999866485596,455,0.0,0.0
2024-08-28 15:35:00-04:00,7.514999866485596,7.514999866485596,7.510000228881836,7.510000228881836,52341,0.0,0.0
2024-08-28 15:40:00-04:00,7.5,7.510000228881836,7.4934000968933105,7.4934000968933105,96533,0.0,0.0
2024-08-28 15:45:00-04:00,7.492000102996826,7.5,7.480000019073486,7.485000133514404,49609,0.0,0.0
2024-08-28 15:50:00-04:00,7.485000133514404,7.489999771118164,7.480000019073486,7.4878997802734375,27592,0.0,0.0
2024-08-28 15:55:00-04:00,7.485000133514404,7.489999771118164,7.480000019073486,7.480000019073486,28298,0.0,0.0
2024-08-29 09:30:00-04:00,7.550000190734863,7.556000232696533,7.53000020980835,7.552000045776367,55048,0.0,0.0
2024-08-29 09:35:00-04:00,7.559899806976318,7.565000057220459,7.550000190734863,7.55019998550415,28848,0.0,0.0
2024-08-29 09:40:00-04:00,7.550000190734863,7.550000190734863,7.521399974822998,7.539999961853027,26607,0.0,0.0
2024-08-29 09:45:00-04:00,7.539899826049805,7.550000190734863,7.539899826049805,7.545000076293945,11218,0.0,0.0
2024-08-29 09:50:00-04:00,7.545000076293945,7.548500061035156,7.539999961853027,7.545000076293945,7868,0.0,0.0
2024-08-29 09:55:00-04:00,7.548699855804443,7.550000190734863,7.539999961853027,7.545000076293945,16909,0.0,0.0
2024-08-29 10:00:00-04:00,7.545000076293945,7.550000190734863,7.539999961853027,7.548699855804443,6820,0.0,0.0
2024-08-29 10:05:00-04:00,7.545000076293945,7.548900127410889,7.541200160980225,7.548900127410889,2434,0.0,0.0
2024-08-29 10:10:00-04:00,7.541800022125244,7.549799919128418,7.539999961853027,7.539999961853027,2440,0.0,0.0
2024-08-29 10:15:00-04:00,7.545000076293945,7.545000076293945,7.53000020980835,7.535799980163574,11470,0.0,0.0
2024-08-29 10:20:00-04:00,7.539999961853027,7.539999961853027,7.533999919891357,7.533999919891357,8530,0.0,0.0
2024-08-29 10:25:00-04:00,7.539000034332275,7.539999961853027,7.53000020980835,7.534999847412109,15374,0.0,0.0
2024-08-29 10:30:00-04:00,7.534999847412109,7.539999961853027,7.534999847412109,7.539999961853027,18716,0.0,0.0
2024-08-29 10:35:00-04:00,7.545000076293945,7.549900054931641,7.539999961853027,7.541399955749512,3294,0.0,0.0
2024-08-29 10:40:00-04:00,7.545000076293945,7.550000190734863,7.539999961853027,7.545000076293945,24883,0.0,0.0
2024-08-29 10:45:00-04:00,7.545000076293945,7.550000190734863,7.545000076293945,7.545000076293945,4051,0.0,0.0
2024-08-29 10:50:00-04:00,7.545000076293945,7.547599792480469,7.539999961853027,7.539999961853027,2727,0.0,0.0
2024-08-29 10:55:00-04:00,7.545000076293945,7.548299789428711,7.539999961853027,7.548299789428711,25245,0.0,0.0
2024-08-29 11:00:00-04:00,7.545000076293945,7.5482001304626465,7.545000076293945,7.5482001304626465,2549,0.0,0.0
2024-08-29 11:05:00-04:00,7.54010009765625,7.549900054931641,7.54010009765625,7.545000076293945,10954,0.0,0.0
2024-08-29 11:10:00-04:00,7.546800136566162,7.549900054931641,7.545000076293945,7.545000076293945,3995,0.0,0.0
2024-08-29 11:15:00-04:00,7.545000076293945,7.545000076293945,7.545000076293945,7.545000076293945,2365,0.0,0.0
2024-08-29 11:20:00-04:00,7.550000190734863,7.550000190734863,7.545000076293945,7.548099994659424,2159,0.0,0.0
2024-08-29 11:25:00-04:00,7.545000076293945,7.549900054931641,7.540200233459473,7.545000076293945,6318,0.0,0.0
2024-08-29 11:30:00-04:00,7.54010009765625,7.547399997711182,7.539999961853027,7.544600009918213,9424,0.0,0.0
2024-08-29 11:35:00-04:00,7.545000076293945,7.549799919128418,7.541999816894531,7.541999816894531,5233,0.0,0.0
2024-08-29 11:40:00-04:00,7.545000076293945,7.549900054931641,7.539999961853027,7.545000076293945,24344,0.0,0.0
2024-08-29 11:45:00-04:00,7.545000076293945,7.545000076293945,7.541900157928467,7.545000076293945,6042,0.0,0.0
2024-08-29 11:50:00-04:00,7.545000076293945,7.548900127410889,7.545000076293945,7.545000076293945,3942,0.0,0.0
2024-08-29 11:55:00-04:00,7.545000076293945,7.549900054931641,7.539999961853027,7.545000076293945,2348,0.0,0.0
2024-08-29 12:00:00-04:00,7.542099952697754,7.550000190734863,7.542099952697754,7.545000076293945,10237,0.0,0.0
2024-08-29 12:05:00-04:00,7.550000190734863,7.550000190734863,7.539999961853027,7.546599864959717,5272,0.0,0.0
2024-08-29 12:10:00-04:00,7.544899940490723,7.549900054931641,7.539999961853027,7.546500205993652,7448,0.0,0.0
2024-08-29 12:15:00-04:00,7.545000076293945,7.545000076293945,7.541900157928467,7.541900157928467,7053,0.0,0.0
2024-08-29 12:20:00-04:00,7.545000076293945,7.550000190734863,7.542500019073486,7.545000076293945,4196,0.0,0.0
2024-08-29 12:25:00-04:00,7.549499988555908,7.549900054931641,7.539999961853027,7.544899940490723,1046,0.0,0.0
2024-08-29 12:30:00-04:00,7.545000076293945,7.549499988555908,7.539999961853027,7.539999961853027,15970,0.0,0.0
2024-08-29 12:35:00-04:00,7.547800064086914,7.549900054931641,7.539999961853027,7.549799919128418,1468,0.0,0.0
2024-08-29 12:40:00-04:00,7.545000076293945,7.547800064086914,7.545000076293945,7.547800064086914,2223,0.0,0.0
2024-08-29 12:45:00-04:00,7.549499988555908,7.549499988555908,7.539999961853027,7.547699928283691,5354,0.0,0.0
2024-08-29 12:50:00-04:00,7.542500019073486,7.547699928283691,7.539999961853027,7.541800022125244,10378,0.0,0.0
2024-08-29 12:55:00-04:00,7.545000076293945,7.549499988555908,7.539999961853027,7.539999961853027,8355,0.0,0.0
2024-08-29 13:00:00-04:00,7.545000076293945,7.550000190734863,7.539999961853027,7.54010009765625,16414,0.0,0.0
2024-08-29 13:05:00-04:00,7.545000076293945,7.549900054931641,7.540200233459473,7.547699928283691,8551,0.0,0.0
2024-08-29 13:10:00-04:00,7.549900054931641,7.549900054931641,7.539999961853027,7.540999889373779,18876,0.0,0.0
2024-08-29 13:15:00-04:00,7.545000076293945,7.545000076293945,7.541800022125244,7.541800022125244,6930,0.0,0.0
2024-08-29 13:20:00-04:00,7.545400142669678,7.549499988555908,7.545000076293945,7.545000076293945,887,0.0,0.0
2024-08-29 13:25:00-04:00,7.545000076293945,7.545000076293945,7.545000076293945,7.545000076293945,882,0.0,0.0
2024-08-29 13:30:00-04:00,7.549499988555908,7.549900054931641,7.539999961853027,7.539999961853027,1368,0.0,0.0
2024-08-29 13:35:00-04:00,7.54010009765625,7.550000190734863,7.539999961853027,7.548699855804443,6643,0.0,0.0
2024-08-29 13:40:00-04:00,7.539999961853027,7.549499988555908,7.539999961853027,7.549499988555908,11307,0.0,0.0
2024-08-29 13:45:00-04:00,7.549900054931641,7.549900054931641,7.539999961853027,7.539999961853027,9427,0.0,0.0
2024-08-29 13:50:00-04:00,7.539999961853027,7.549499988555908,7.539999961853027,7.539999961853027,1352,0.0,0.0
2024-08-29 13:55:00-04:00,7.547500133514404,7.547500133514404,7.539999961853027,7.545199871063232,1478,0.0,0.0
2024-08-29 14:00:00-04:00,7.549499988555908,7.549499988555908,7.539999961853027,7.54010009765625,2514,0.0,0.0
2024-08-29 14:05:00-04:00,7.54010009765625,7.54010009765625,7.54010009765625,7.54010009765625,4025,0.0,0.0
2024-08-29 14:10:00-04:00,7.549499988555908,7.549499988555908,7.545000076293945,7.545000076293945,4783,0.0,0.0
2024-08-29 14:15:00-04:00,7.545000076293945,7.549900054931641,7.540200233459473,7.549900054931641,2917,0.0,0.0
2024-08-29 14:20:00-04:00,7.545000076293945,7.549499988555908,7.539999961853027,7.545000076293945,3126,0.0,0.0
2024-08-29 14:25:00-04:00,7.541399955749512,7.541399955749512,7.53000020980835,7.534999847412109,23616,0.0,0.0
2024-08-29 14:30:00-04:00,7.534999847412109,7.534999847412109,7.53000020980835,7.53380012512207,561,0.0,0.0
2024-08-29 14:35:00-04:00,7.53000020980835,7.536300182342529,7.519999980926514,7.527599811553955,5950,0.0,0.0
2024-08-29 14:40:00-04:00,7.529900074005127,7.529900074005127,7.521100044250488,7.521100044250488,12557,0.0,0.0
2024-08-29 14:45:00-04:00,7.53000020980835,7.53000020980835,7.519999980926514,7.52810001373291,4964,0.0,0.0
2024-08-29 14:50:00-04:00,7.529900074005127,7.529900074005127,7.5243000984191895,7.525000095367432,3438,0.0,0.0
2024-08-29 14:55:00-04:00,7.519999980926514,7.5295000076293945,7.519999980926514,7.519999980926514,2479,0.0,0.0
2024-08-29 15:00:00-04:00,7.525000095367432,7.527699947357178,7.52400016784668,7.52400016784668,617,0.0,0.0
2024-08-29 15:05:00-04:00,7.5295000076293945,7.5295000076293945,7.521299839019775,7.524099826812744,3547,0.0,0.0
2024-08-29 15:10:00-04:00,7.5278000831604,7.5295000076293945,7.520100116729736,7.525000095367432,1403,0.0,0.0
2024-08-29 15:15:00-04:00,7.525000095367432,7.529900074005127,7.521599769592285,7.525000095367432,5419,0.0,0.0
2024-08-29 15:20:00-04:00,7.525000095367432,7.528200149536133,7.52400016784668,7.525000095367432,3897,0.0,0.0
2024-08-29 15:25:00-04:00,7.525000095367432,7.53000020980835,7.519999980926514,7.525000095367432,8507,0.0,0.0
2024-08-29 15:30:00-04:00,7.528900146484375,7.53000020980835,7.525000095367432,7.525000095367432,9601,0.0,0.0
2024-08-29 15:35:00-04:00,7.529900074005127,7.539999961853027,7.520100116729736,7.539899826049805,18502,0.0,0.0
2024-08-29 15:40:00-04:00,7.530099868774414,7.539999961853027,7.530099868774414,7.535399913787842,11896,0.0,0.0
2024-08-29 15:45:00-04:00,7.534999847412109,7.539999961853027,7.5329999923706055,7.5395002365112305,29173,0.0,0.0
2024-08-29 15:50:00-04:00,7.5395002365112305,7.539999961853027,7.53000020980835,7.534999847412109,7054,0.0,0.0
2024-08-29 15:55:00-04:00,7.5395002365112305,7.539999961853027,7.534999847412109,7.534999847412109,11864,0.0,0.0
2024-08-30 09:30:00-04:00,7.559999942779541,7.570000171661377,7.53000020980835,7.559800148010254,89712,0.0,0.0
2024-08-30 09:35:00-04:00,7.554999828338623,7.570000171661377,7.554999828338623,7.560500144958496,16750,0.0,0.0
2024-08-30 09:40:00-04:00,7.565000057220459,7.570000171661377,7.560100078582764,7.565000057220459,4315,0.0,0.0
2024-08-30 09:45:00-04:00,7.567999839782715,7.570000171661377,7.559999942779541,7.565000057220459,19264,0.0,0.0
2024-08-30 09:50:00-04:00,7.565000057220459,7.570000171661377,7.559999942779541,7.570000171661377,54820,0.0,0.0
2024-08-30 09:55:00-04:00,7.570000171661377,7.570000171661377,7.560500144958496,7.565000057220459,7693,0.0,0.0
2024-08-30 10:00:00-04:00,7.570000171661377,7.579999923706055,7.560100078582764,7.579500198364258,22540,0.0,0.0
2024-08-30 10:05:00-04:00,7.575200080871582,7.579999923706055,7.570000171661377,7.579999923706055,20502,0.0,0.0
2024-08-30 10:10:00-04:00,7.585000038146973,7.59499979019165,7.580100059509277,7.590099811553955,24766,0.0,0.0
2024-08-30 10:15:00-04:00,7.590099811553955,7.599999904632568,7.590000152587891,7.59499979019165,30182,0.0,0.0
2024-08-30 10:20:00-04:00,7.59499979019165,7.599999904632568,7.590000152587891,7.599999904632568,31738,0.0,0.0
2024-08-30 10:25:00-04:00,7.59499979019165,7.599999904632568,7.590000152587891,7.599999904632568,14357,0.0,0.0
2024-08-30 10:30:00-04:00,7.5904998779296875,7.599999904632568,7.5904998779296875,7.599699974060059,7726,0.0,0.0
2024-08-30 10:35:00-04:00,7.599999904632568,7.599999904632568,7.590000152587891,7.59499979019165,115226,0.0,0.0
2024-08-30 10:40:00-04:00,7.599999904632568,7.610000133514404,7.590099811553955,7.605000019073486,80646,0.0,0.0
2024-08-30 10:45:00-04:00,7.605000019073486,7.610000133514404,7.599999904632568,7.600599765777588,30198,0.0,0.0
2024-08-30 10:50:00-04:00,7.605000019073486,7.605000019073486,7.600100040435791,7.600100040435791,15686,0.0,0.0
2024-08-30 10:55:00-04:00,7.605000019073486,7.605000019073486,7.590000152587891,7.599899768829346,13715,0.0,0.0
2024-08-30 11:00:00-04:00,7.59499979019165,7.599999904632568,7.590000152587891,7.599999904632568,32273,0.0,0.0
2024-08-30 11:05:00-04:00,7.59499979019165,7.599999904632568,7.590000152587891,7.599899768829346,16836,0.0,0.0
2024-08-30 11:10:00-04:00,7.59499979019165,7.599999904632568,7.590199947357178,7.599599838256836,12487,0.0,0.0
2024-08-30 11:15:00-04:00,7.59499979019165,7.599999904632568,7.590000152587891,7.59499979019165,16287,0.0,0.0
2024-08-30 11:20:00-04:00,7.59499979019165,7.599999904632568,7.590099811553955,7.59499979019165,3816,0.0,0.0
2024-08-30 11:25:00-04:00,7.599899768829346,7.599899768829346,7.59499979019165,7.59499979019165,1388,0.0,0.0
2024-08-30 11:30:00-04:00,7.597799777984619,7.599999904632568,7.590000152587891,7.599999904632568,5581,0.0,0.0
2024-08-30 11:35:00-04:00,7.59499979019165,7.595699787139893,7.590000152587891,7.59499979019165,5051,0.0,0.0
2024-08-30 11:40:00-04:00,7.599899768829346,7.599899768829346,7.59499979019165,7.597400188446045,6450,0.0,0.0
2024-08-30 11:45:00-04:00,7.59499979019165,7.59499979019165,7.590000152587891,7.59499979019165,6952,0.0,0.0
2024-08-30 11:50:00-04:00,7.590099811553955,7.599999904632568,7.590099811553955,7.599999904632568,9613,0.0,0.0
2024-08-30 11:55:00-04:00,7.599999904632568,7.599999904632568,7.59499979019165,7.597899913787842,16592,0.0,0.0
2024-08-30 12:00:00-04:00,7.590000152587891,7.599999904632568,7.590000152587891,7.599899768829346,3354,0.0,0.0
2024-08-30 12:05:00-04:00,7.599999904632568,7.599999904632568,7.594600200653076,7.594600200653076,6748,0.0,0.0
2024-08-30 12:10:00-04:00,7.59499979019165,7.599899768829346,7.590099811553955,7.59499979019165,6170,0.0,0.0
2024-08-30 12:15:00-04:00,7.59499979019165,7.5995001792907715,7.590000152587891,7.59499979019165,16828,0.0,0.0
2024-08-30 12:20:00-04:00,7.590099811553955,7.599999904632568,7.590000152587891,7.5954999923706055,3492,0.0,0.0
2024-08-30 12:25:00-04:00,7.59499979019165,7.599999904632568,7.59499979019165,7.59499979019165,7265,0.0,0.0
2024-08-30 12:30:00-04:00,7.599999904632568,7.599999904632568,7.590000152587891,7.599899768829346,5468,0.0,0.0
2024-08-30 12:35:00-04:00,7.597099781036377,7.599999904632568,7.59499979019165,7.599999904632568,10727,0.0,0.0
2024-08-30 12:40:00-04:00,7.599999904632568,7.599999904632568,7.592899799346924,7.59499979019165,8538,0.0,0.0
2024-08-30 12:45:00-04:00,7.599999904632568,7.599999904632568,7.59499979019165,7.59499979019165,6098,0.0,0.0
2024-08-30 12:50:00-04:00,7.599999904632568,7.599999904632568,7.59499979019165,7.599899768829346,2319,0.0,0.0
2024-08-30 12:55:00-04:00,7.599999904632568,7.599999904632568,7.59499979019165,7.599999904632568,24458,0.0,0.0
2024-08-30 13:00:00-04:00,7.59499979019165,7.610000133514404,7.592899799346924,7.6057000160217285,42987,0.0,0.0
2024-08-30 13:05:00-04:00,7.600100040435791,7.610000133514404,7.599999904632568,7.605000019073486,2838,0.0,0.0
2024-08-30 13:10:00-04:00,7.600100040435791,7.610000133514404,7.600100040435791,7.605000019073486,9776,0.0,0.0
2024-08-30 13:15:00-04:00,7.6057000160217285,7.6057000160217285,7.600500106811523,7.605000019073486,1942,0.0,0.0
2024-08-30 13:20:00-04:00,7.604499816894531,7.610000133514404,7.599999904632568,7.605000019073486,34935,0.0,0.0
2024-08-30 13:25:00-04:00,7.605000019073486,7.609899997711182,7.6020002365112305,7.605000019073486,3458,0.0,0.0
2024-08-30 13:30:00-04:00,7.599999904632568,7.610000133514404,7.599999904632568,7.605000019073486,3967,0.0,0.0
2024-08-30 13:35:00-04:00,7.605000019073486,7.610000133514404,7.599999904632568,7.605000019073486,24242,0.0,0.0
2024-08-30 13:40:00-04:00,7.605000019073486,7.610000133514404,7.599999904632568,7.605000019073486,20644,0.0,0.0
2024-08-30 13:45:00-04:00,7.609899997711182,7.610000133514404,7.604000091552734,7.610000133514404,3763,0.0,0.0
2024-08-30 13:50:00-04:00,7.609799861907959,7.610000133514404,7.604300022125244,7.6097002029418945,3744,0.0,0.0
2024-08-30 13:55:00-04:00,7.609899997711182,7.610000133514404,7.600200176239014,7.600200176239014,3746,0.0,0.0
2024-08-30 14:00:00-04:00,7.6097002029418945,7.610000133514404,7.600100040435791,7.605000019073486,15682,0.0,0.0
2024-08-30 14:05:00-04:00,7.605000019073486,7.610000133514404,7.59499979019165,7.59499979019165,92503,0.0,0.0
2024-08-30 14:10:00-04:00,7.590199947357178,7.599999904632568,7.579999923706055,7.585000038146973,25477,0.0,0.0
2024-08-30 14:15:00-04:00,7.589900016784668,7.590000152587891,7.585000038146973,7.585000038146973,4958,0.0,0.0
2024-08-30 14:20:00-04:00,7.585000038146973,7.590000152587891,7.580100059509277,7.589799880981445,3445,0.0,0.0
2024-08-30 14:25:00-04:00,7.5879998207092285,7.5879998207092285,7.584499835968018,7.585000038146973,2857,0.0,0.0
2024-08-30 14:30:00-04:00,7.585700035095215,7.587500095367432,7.579999923706055,7.579999923706055,4027,0.0,0.0
2024-08-30 14:35:00-04:00,7.585000038146973,7.585000038146973,7.585000038146973,7.585000038146973,1028,0.0,0.0
2024-08-30 14:40:00-04:00,7.589900016784668,7.589900016784668,7.585000038146973,7.585000038146973,610,0.0,0.0
2024-08-30 14:45:00-04:00,7.589900016784668,7.589900016784668,7.5802001953125,7.589900016784668,10843,0.0,0.0
2024-08-30 14:50:00-04:00,7.585000038146973,7.590000152587891,7.585000038146973,7.589900016784668,1114,0.0,0.0
2024-08-30 14:55:00-04:00,7.589700222015381,7.589900016784668,7.585000038146973,7.589900016784668,5686,0.0,0.0
2024-08-30 15:00:00-04:00,7.58459997177124,7.5858001708984375,7.583000183105469,7.583000183105469,3830,0.0,0.0
2024-08-30 15:05:00-04:00,7.585000038146973,7.590000152587891,7.585000038146973,7.589900016784668,4859,0.0,0.0
2024-08-30 15:10:00-04:00,7.585000038146973,7.590000152587891,7.579999923706055,7.579999923706055,3958,0.0,0.0
2024-08-30 15:15:00-04:00,7.585000038146973,7.589799880981445,7.579999923706055,7.585000038146973,3984,0.0,0.0
2024-08-30 15:20:00-04:00,7.585000038146973,7.590000152587891,7.579999923706055,7.590000152587891,8726,0.0,0.0
2024-08-30 15:25:00-04:00,7.585000038146973,7.590000152587891,7.579999923706055,7.590000152587891,2231,0.0,0.0
2024-08-30 15:30:00-04:00,7.585000038146973,7.590000152587891,7.579999923706055,7.585000038146973,12472,0.0,0.0
2024-08-30 15:35:00-04:00,7.585000038146973,7.589900016784668,7.585000038146973,7.585000038146973,2154,0.0,0.0
2024-08-30 15:40:00-04:00,7.590000152587891,7.590000152587891,7.579999923706055,7.585000038146973,6685,0.0,0.0
2024-08-30 15:45:00-04:00,7.589900016784668,7.590000152587891,7.579999923706055,7.590000152587891,8829,0.0,0.0
2024-08-30 15:50:00-04:00,7.585000038146973,7.599999904632568,7.585000038146973,7.599999904632568,19373,0.0,0.0
2024-08-30 15:55:00-04:00,7.59499979019165,7.599999904632568,7.590000152587891,7.590000152587891,87022,0.0,0.0
2024-09-03 09:30:00-04:00,7.559999942779541,7.579999923706055,7.559999942779541,7.569900035858154,73630,0.0,0.0
2024-09-03 09:35:00-04:00,7.574999809265137,7.579999923706055,7.560100078582764,7.560100078582764,26090,0.0,0.0
2024-09-03 09:40:00-04:00,7.565000057220459,7.579999923706055,7.564300060272217,7.568399906158447,65328,0.0,0.0
2024-09-03 09:45:00-04:00,7.565000057220459,7.575200080871582,7.559999942779541,7.565000057220459,22141,0.0,0.0
2024-09-03 09:50:00-04:00,7.559999942779541,7.559999942779541,7.550000190734863,7.554999828338623,13369,0.0,0.0
2024-09-03 09:55:00-04:00,7.550000190734863,7.559999942779541,7.550000190734863,7.559999942779541,14007,0.0,0.0
2024-09-03 10:00:00-04:00,7.559999942779541,7.559999942779541,7.550000190734863,7.559999942779541,8378,0.0,0.0
2024-09-03 10:05:00-04:00,7.554999828338623,7.559899806976318,7.534999847412109,7.545000076293945,85814,0.0,0.0
2024-09-03 10:10:00-04:00,7.545000076293945,7.550000190734863,7.539999961853027,7.539999961853027,15219,0.0,0.0
2024-09-03 10:15:00-04:00,7.54010009765625,7.550000190734863,7.539999961853027,7.539999961853027,18897,0.0,0.0
2024-09-03 10:20:00-04:00,7.545000076293945,7.549900054931641,7.539999961853027,7.539999961853027,43269,0.0,0.0
2024-09-03 10:25:00-04:00,7.549799919128418,7.550000190734863,7.531300067901611,7.534999847412109,53593,0.0,0.0
2024-09-03 10:30:00-04:00,7.539899826049805,7.539999961853027,7.53000020980835,7.534999847412109,24628,0.0,0.0
2024-09-03 10:35:00-04:00,7.539899826049805,7.539999961853027,7.530099868774414,7.539999961853027,13350,0.0,0.0
2024-09-03 10:40:00-04:00,7.534299850463867,7.539999961853027,7.53000020980835,7.539700031280518,16539,0.0,0.0
2024-09-03 10:45:00-04:00,7.539999961853027,7.539999961853027,7.53000020980835,7.534999847412109,8257,0.0,0.0
2024-09-03 10:50:00-04:00,7.534999847412109,7.539999961853027,7.53000020980835,7.539899826049805,11265,0.0,0.0
2024-09-03 10:55:00-04:00,7.530099868774414,7.539999961853027,7.53000020980835,7.53000020980835,25144,0.0,0.0
2024-09-03 11:00:00-04:00,7.534999847412109,7.539999961853027,7.534999847412109,7.534999847412109,10469,0.0,0.0
2024-09-03 11:05:00-04:00,7.53000020980835,7.539999961853027,7.53000020980835,7.539999961853027,29157,0.0,0.0
2024-09-03 11:10:00-04:00,7.534999847412109,7.539999961853027,7.53000020980835,7.539999961853027,10600,0.0,0.0
2024-09-03 11:15:00-04:00,7.53980016708374,7.539999961853027,7.530099868774414,7.530099868774414,9604,0.0,0.0
2024-09-03 11:20:00-04:00,7.534999847412109,7.545000076293945,7.53000020980835,7.539999961853027,13624,0.0,0.0
2024-09-03 11:25:00-04:00,7.545000076293945,7.546500205993652,7.545000076293945,7.545000076293945,6065,0.0,0.0
2024-09-03 11:30:00-04:00,7.545000076293945,7.550000190734863,7.543300151824951,7.550000190734863,7981,0.0,0.0
2024-09-03 11:35:00-04:00,7.545000076293945,7.550000190734863,7.545000076293945,7.550000190734863,6169,0.0,0.0
2024-09-03 11:40:00-04:00,7.545000076293945,7.546599864959717,7.541999816894531,7.541999816894531,3228,0.0,0.0
2024-09-03 11:45:00-04:00,7.545000076293945,7.550000190734863,7.539999961853027,7.545000076293945,12876,0.0,0.0
2024-09-03 11:50:00-04:00,7.550000190734863,7.559999942779541,7.545000076293945,7.554999828338623,17719,0.0,0.0
2024-09-03 11:55:00-04:00,7.554999828338623,7.559899806976318,7.550000190734863,7.550099849700928,23971,0.0,0.0
2024-09-03 12:00:00-04:00,7.553500175476074,7.55649995803833,7.550000190734863,7.550000190734863,14929,0.0,0.0
2024-09-03 12:05:00-04:00,7.554999828338623,7.55649995803833,7.550000190734863,7.550000190734863,4482,0.0,0.0
2024-09-03 12:10:00-04:00,7.554999828338623,7.559999942779541,7.550000190734863,7.554999828338623,8070,0.0,0.0
2024-09-03 12:15:00-04:00,7.554999828338623,7.559899806976318,7.554999828338623,7.554999828338623,1307,0.0,0.0
2024-09-03 12:20:00-04:00,7.550000190734863,7.559899806976318,7.550000190734863,7.554999828338623,2704,0.0,0.0
2024-09-03 12:25:00-04:00,7.554999828338623,7.554999828338623,7.552000045776367,7.554999828338623,3879,0.0,0.0
2024-09-03 12:30:00-04:00,7.550099849700928,7.559999942779541,7.550099849700928,7.554999828338623,7989,0.0,0.0
2024-09-03 12:35:00-04:00,7.559999942779541,7.559999942779541,7.554999828338623,7.554999828338623,1939,0.0,0.0
2024-09-03 12:40:00-04:00,7.559999942779541,7.559999942779541,7.539999961853027,7.54580020904541,12407,0.0,0.0
2024-09-03 12:45:00-04:00,7.545000076293945,7.550000190734863,7.545000076293945,7.545000076293945,3128,0.0,0.0
2024-09-03 12:50:00-04:00,7.540599822998047,7.550000190734863,7.540599822998047,7.544899940490723,10378,0.0,0.0
2024-09-03 12:55:00-04:00,7.544600009918213,7.545000076293945,7.544600009918213,7.545000076293945,1847,0.0,0.0
2024-09-03 13:00:00-04:00,7.544600009918213,7.550000190734863,7.539999961853027,7.550000190734863,5258,0.0,0.0
2024-09-03 13:05:00-04:00,7.545000076293945,7.554999828338623,7.545000076293945,7.554999828338623,25997,0.0,0.0
2024-09-03 13:10:00-04:00,7.559999942779541,7.559999942779541,7.545000076293945,7.546800136566162,9852,0.0,0.0
2024-09-03 13:15:00-04:00,7.550000190734863,7.550000190734863,7.539999961853027,7.550000190734863,6081,0.0,0.0
2024-09-03 13:20:00-04:00,7.550000190734863,7.550000190734863,7.544000148773193,7.550000190734863,9850,0.0,0.0
2024-09-03 13:25:00-04:00,7.550000190734863,7.550000190734863,7.545000076293945,7.545000076293945,627,0.0,0.0
2024-09-03 13:30:00-04:00,7.545000076293945,7.550000190734863,7.542600154876709,7.545000076293945,9445,0.0,0.0
2024-09-03 13:35:00-04:00,7.550000190734863,7.559999942779541,7.545000076293945,7.559899806976318,16459,0.0,0.0
2024-09-03 13:40:00-04:00,7.554999828338623,7.554999828338623,7.550000190734863,7.550000190734863,3045,0.0,0.0
2024-09-03 13:45:00-04:00,7.559999942779541,7.559999942779541,7.550000190734863,7.554999828338623,7259,0.0,0.0
2024-09-03 13:50:00-04:00,7.551000118255615,7.559999942779541,7.550000190734863,7.559999942779541,7142,0.0,0.0
2024-09-03 13:55:00-04:00,7.554999828338623,7.559999942779541,7.554999828338623,7.554999828338623,2581,0.0,0.0
2024-09-03 14:00:00-04:00,7.559899806976318,7.559999942779541,7.552000045776367,7.554999828338623,1625,0.0,0.0
2024-09-03 14:05:00-04:00,7.550099849700928,7.559999942779541,7.550099849700928,7.554999828338623,2480,0.0,0.0
2024-09-03 14:10:00-04:00,7.554999828338623,7.559999942779541,7.550000190734863,7.550000190734863,13891,0.0,0.0
2024-09-03 14:15:00-04:00,7.550000190734863,7.554999828338623,7.550000190734863,7.553500175476074,4183,0.0,0.0
2024-09-03 14:20:00-04:00,7.554999828338623,7.554999828338623,7.550099849700928,7.554999828338623,8155,0.0,0.0
2024-09-03 14:25:00-04:00,7.559999942779541,7.559999942779541,7.554999828338623,7.554999828338623,10438,0.0,0.0
2024-09-03 14:30:00-04:00,7.559999942779541,7.559999942779541,7.554900169372559,7.554999828338623,11241,0.0,0.0
2024-09-03 14:35:00-04:00,7.554999828338623,7.559999942779541,7.550000190734863,7.550000190734863,20736,0.0,0.0
2024-09-03 14:40:00-04:00,7.554999828338623,7.554999828338623,7.550000190734863,7.550000190734863,7585,0.0,0.0
2024-09-03 14:45:00-04:00,7.554999828338623,7.559999942779541,7.539999961853027,7.546299934387207,72499,0.0,0.0
2024-09-03 14:50:00-04:00,7.545000076293945,7.550000190734863,7.545000076293945,7.549900054931641,7049,0.0,0.0
2024-09-03 14:55:00-04:00,7.545000076293945,7.550000190734863,7.539999961853027,7.550000190734863,37926,0.0,0.0
2024-09-03 15:00:00-04:00,7.541999816894531,7.555200099945068,7.541999816894531,7.554999828338623,3152,0.0,0.0
2024-09-03 15:05:00-04:00,7.554999828338623,7.559700012207031,7.550000190734863,7.554999828338623,17903,0.0,0.0
2024-09-03 15:10:00-04:00,7.554999828338623,7.554999828338623,7.54010009765625,7.554999828338623,41034,0.0,0.0
2024-09-03 15:15:00-04:00,7.554999828338623,7.559999942779541,7.5543999671936035,7.554999828338623,23449,0.0,0.0
2024-09-03 15:20:00-04:00,7.559999942779541,7.559999942779541,7.554999828338623,7.55810022354126,1312,0.0,0.0
2024-09-03 15:25:00-04:00,7.554999828338623,7.559999942779541,7.550000190734863,7.554999828338623,21218,0.0,0.0
2024-09-03 15:30:00-04:00,7.554999828338623,7.554999828338623,7.550000190734863,7.550300121307373,10991,0.0,0.0
2024-09-03 15:35:00-04:00,7.55019998550415,7.554999828338623,7.539999961853027,7.539999961853027,48032,0.0,0.0
2024-09-03 15:40:00-04:00,7.539999961853027,7.539999961853027,7.510000228881836,7.519999980926514,113524,0.0,0.0
2024-09-03 15:45:00-04:00,7.51200008392334,7.519999980926514,7.510000228881836,7.519999980926514,18243,0.0,0.0
2024-09-03 15:50:00-04:00,7.519999980926514,7.53000020980835,7.514999866485596,7.519999980926514,19381,0.0,0.0
2024-09-03 15:55:00-04:00,7.525000095367432,7.53000020980835,7.519999980926514,7.525000095367432,22374,0.0,0.0
2024-09-04 09:30:00-04:00,7.539999961853027,7.559999942779541,7.539999961853027,7.559999942779541,49109,0.0,0.0
2024-09-04 09:35:00-04:00,7.554999828338623,7.559999942779541,7.539999961853027,7.545000076293945,34430,0.0,0.0
2024-09-04 09:40:00-04:00,7.550000190734863,7.559999942779541,7.539999961853027,7.554999828338623,13433,0.0,0.0
2024-09-04 09:45:00-04:00,7.550000190734863,7.559999942779541,7.545000076293945,7.545000076293945,22112,0.0,0.0
2024-09-04 09:50:00-04:00,7.549799919128418,7.559999942779541,7.545000076293945,7.554999828338623,18357,0.0,0.0
2024-09-04 09:55:00-04:00,7.559999942779541,7.559999942779541,7.550099849700928,7.559999942779541,29377,0.0,0.0
2024-09-04 10:00:00-04:00,7.550000190734863,7.550000190734863,7.530200004577637,7.545000076293945,31179,0.0,0.0
2024-09-04 10:05:00-04:00,7.545400142669678,7.550000190734863,7.543499946594238,7.545000076293945,13296,0.0,0.0
2024-09-04 10:10:00-04:00,7.539999961853027,7.550000190734863,7.539999961853027,7.545000076293945,21180,0.0,0.0
2024-09-04 10:15:00-04:00,7.545000076293945,7.550000190734863,7.54010009765625,7.54010009765625,14358,0.0,0.0
2024-09-04 10:20:00-04:00,7.541200160980225,7.550000190734863,7.539999961853027,7.545000076293945,31666,0.0,0.0
2024-09-04 10:25:00-04:00,7.545499801635742,7.550000190734863,7.539999961853027,7.550000190734863,14136,0.0,0.0
2024-09-04 10:30:00-04:00,7.545000076293945,7.550000190734863,7.545000076293945,7.550000190734863,6182,0.0,0.0
2024-09-04 10:35:00-04:00,7.545000076293945,7.550000190734863,7.543499946594238,7.545000076293945,11415,0.0,0.0
2024-09-04 10:40:00-04:00,7.545000076293945,7.550000190734863,7.539999961853027,7.550000190734863,18745,0.0,0.0
2024-09-04 10:45:00-04:00,7.545000076293945,7.550000190734863,7.54010009765625,7.545000076293945,6424,0.0,0.0
2024-09-04 10:50:00-04:00,7.545000076293945,7.550000190734863,7.545000076293945,7.545000076293945,9806,0.0,0.0
2024-09-04 10:55:00-04:00,7.545899868011475,7.550000190734863,7.545000076293945,7.550000190734863,20803,0.0,0.0
2024-09-04 11:00:00-04:00,7.550000190734863,7.559999942779541,7.549099922180176,7.559999942779541,84560,0.0,0.0
2024-09-04 11:05:00-04:00,7.559899806976318,7.559999942779541,7.553999900817871,7.554999828338623,4820,0.0,0.0
2024-09-04 11:10:00-04:00,7.559999942779541,7.559999942779541,7.554999828338623,7.557400226593018,9934,0.0,0.0
2024-09-04 11:15:00-04:00,7.551199913024902,7.554999828338623,7.551199913024902,7.554999828338623,2656,0.0,0.0
2024-09-04 11:20:00-04:00,7.558499813079834,7.559700012207031,7.554999828338623,7.554999828338623,1510,0.0,0.0
2024-09-04 11:25:00-04:00,7.554999828338623,7.559999942779541,7.551000118255615,7.554999828338623,23309,0.0,0.0
2024-09-04 11:30:00-04:00,7.554999828338623,7.559000015258789,7.550300121307373,7.554999828338623,11355,0.0,0.0
2024-09-04 11:35:00-04:00,7.550099849700928,7.559999942779541,7.550099849700928,7.551799774169922,21952,0.0,0.0
2024-09-04 11:40:00-04:00,7.554999828338623,7.559999942779541,7.550300121307373,7.554999828338623,8330,0.0,0.0
2024-09-04 11:45:00-04:00,7.554999828338623,7.559999942779541,7.550000190734863,7.554999828338623,32415,0.0,0.0
2024-09-04 11:50:00-04:00,7.554999828338623,7.559999942779541,7.550099849700928,7.554999828338623,7323,0.0,0.0
2024-09-04 11:55:00-04:00,7.554999828338623,7.554999828338623,7.550000190734863,7.554999828338623,17090,0.0,0.0
2024-09-04 12:00:00-04:00,7.554999828338623,7.559999942779541,7.551199913024902,7.554999828338623,13167,0.0,0.0
2024-09-04 12:05:00-04:00,7.559999942779541,7.559999942779541,7.552599906921387,7.559899806976318,2631,0.0,0.0
2024-09-04 12:10:00-04:00,7.554999828338623,7.559999942779541,7.550000190734863,7.554999828338623,5271,0.0,0.0
2024-09-04 12:15:00-04:00,7.552499771118164,7.559899806976318,7.55210018157959,7.55649995803833,1781,0.0,0.0
2024-09-04 12:20:00-04:00,7.551700115203857,7.5578999519348145,7.550099849700928,7.550099849700928,9609,0.0,0.0
2024-09-04 12:25:00-04:00,7.554999828338623,7.559999942779541,7.554999828338623,7.559899806976318,4474,0.0,0.0
2024-09-04 12:30:00-04:00,7.554999828338623,7.559700012207031,7.554999828338623,7.554999828338623,4404,0.0,0.0
2024-09-04 12:35:00-04:00,7.554999828338623,7.559999942779541,7.550000190734863,7.550000190734863,7590,0.0,0.0
2024-09-04 12:40:00-04:00,7.550000190734863,7.5578999519348145,7.550000190734863,7.550000190734863,10603,0.0,0.0
2024-09-04 12:45:00-04:00,7.550000190734863,7.559899806976318,7.550000190734863,7.554999828338623,17732,0.0,0.0
2024-09-04 12:50:00-04:00,7.551300048828125,7.5524001121521,7.551300048828125,7.5524001121521,1127,0.0,0.0
2024-09-04 12:55:00-04:00,7.554999828338623,7.5569000244140625,7.550099849700928,7.550099849700928,4010,0.0,0.0
2024-09-04 13:00:00-04:00,7.550000190734863,7.559999942779541,7.550000190734863,7.559999942779541,2422,0.0,0.0
2024-09-04 13:05:00-04:00,7.554999828338623,7.554999828338623,7.550899982452393,7.550899982452393,2597,0.0,0.0
2024-09-04 13:10:00-04:00,7.552700042724609,7.5578999519348145,7.551499843597412,7.554999828338623,9538,0.0,0.0
2024-09-04 13:15:00-04:00,7.554999828338623,7.559999942779541,7.550000190734863,7.554999828338623,5278,0.0,0.0
2024-09-04 13:20:00-04:00,7.554999828338623,7.559999942779541,7.554999828338623,7.554999828338623,3443,0.0,0.0
2024-09-04 13:25:00-04:00,7.554999828338623,7.559999942779541,7.550000190734863,7.559899806976318,4877,0.0,0.0
2024-09-04 13:30:00-04:00,7.557600021362305,7.559800148010254,7.551599979400635,7.554999828338623,8273,0.0,0.0
2024-09-04 13:35:00-04:00,7.553500175476074,7.559999942779541,7.550000190734863,7.559999942779541,3838,0.0,0.0
2024-09-04 13:40:00-04:00,7.550000190734863,7.554999828338623,7.550000190734863,7.554999828338623,10539,0.0,0.0
2024-09-04 13:45:00-04:00,7.5528998374938965,7.559999942779541,7.550000190734863,7.554999828338623,6684,0.0,0.0
2024-09-04 13:50:00-04:00,7.554999828338623,7.559899806976318,7.552700042724609,7.559899806976318,11313,0.0,0.0
2024-09-04 13:55:00-04:00,7.554999828338623,7.554999828338623,7.5524001121521,7.554999828338623,2286,0.0,0.0
2024-09-04 14:00:00-04:00,7.554999828338623,7.559999942779541,7.552499771118164,7.559999942779541,2552,0.0,0.0
2024-09-04 14:05:00-04:00,7.557499885559082,7.557499885559082,7.554999828338623,7.554999828338623,2342,0.0,0.0
2024-09-04 14:10:00-04:00,7.554999828338623,7.559899806976318,7.552299976348877,7.557499885559082,5939,0.0,0.0
2024-09-04 14:15:00-04:00,7.554999828338623,7.555300235748291,7.545000076293945,7.545000076293945,16744,0.0,0.0
2024-09-04 14:20:00-04:00,7.545000076293945,7.549900054931641,7.545000076293945,7.545000076293945,9931,0.0,0.0
2024-09-04 14:25:00-04:00,7.545000076293945,7.545000076293945,7.539999961853027,7.539999961853027,7522,0.0,0.0
2024-09-04 14:30:00-04:00,7.545400142669678,7.549799919128418,7.539999961853027,7.545000076293945,2762,0.0,0.0
2024-09-04 14:35:00-04:00,7.545000076293945,7.545000076293945,7.539999961853027,7.539999961853027,6937,0.0,0.0
2024-09-04 14:40:00-04:00,7.545000076293945,7.5493998527526855,7.539999961853027,7.545000076293945,3535,0.0,0.0
2024-09-04 14:45:00-04:00,7.545000076293945,7.548699855804443,7.545000076293945,7.548699855804443,2185,0.0,0.0
2024-09-04 14:50:00-04:00,7.545000076293945,7.547399997711182,7.545000076293945,7.547299861907959,1761,0.0,0.0
2024-09-04 14:55:00-04:00,7.545000076293945,7.549900054931641,7.539999961853027,7.545000076293945,11960,0.0,0.0
2024-09-04 15:00:00-04:00,7.545000076293945,7.545000076293945,7.539999961853027,7.545000076293945,19759,0.0,0.0
2024-09-04 15:05:00-04:00,7.545000076293945,7.550000190734863,7.539999961853027,7.545000076293945,7840,0.0,0.0
2024-09-04 15:10:00-04:00,7.540500164031982,7.550000190734863,7.540500164031982,7.545000076293945,8446,0.0,0.0
2024-09-04 15:15:00-04:00,7.540500164031982,7.549900054931641,7.539999961853027,7.540500164031982,9299,0.0,0.0
2024-09-04 15:20:00-04:00,7.540500164031982,7.550000190734863,7.539999961853027,7.545000076293945,32561,0.0,0.0
2024-09-04 15:25:00-04:00,7.545000076293945,7.548799991607666,7.539999961853027,7.545000076293945,20520,0.0,0.0
2024-09-04 15:30:00-04:00,7.549699783325195,7.549900054931641,7.539999961853027,7.545000076293945,26833,0.0,0.0
2024-09-04 15:35:00-04:00,7.545000076293945,7.550000190734863,7.539999961853027,7.545000076293945,9872,0.0,0.0
2024-09-04 15:40:00-04:00,7.545000076293945,7.548699855804443,7.539999961853027,7.539999961853027,33103,0.0,0.0
2024-09-04 15:45:00-04:00,7.545000076293945,7.550000190734863,7.539999961853027,7.545000076293945,44330,0.0,0.0
2024-09-04 15:50:00-04:00,7.545000076293945,7.554999828338623,7.540500164031982,7.554999828338623,22078,0.0,0.0
2024-09-04 15:55:00-04:00,7.55049991607666,7.559999942779541,7.550000190734863,7.554999828338623,10458,0.0,0.0
2024-09-05 09:30:00-04:00,7.539999961853027,7.559999942779541,7.539999961853027,7.550000190734863,69948,0.0,0.0
2024-09-05 09:35:00-04:00,7.554999828338623,7.559999942779541,7.550000190734863,7.553199768066406,9901,0.0,0.0
2024-09-05 09:40:00-04:00,7.559999942779541,7.559999942779541,7.550000190734863,7.550000190734863,16389,0.0,0.0
2024-09-05 09:45:00-04:00,7.559999942779541,7.559999942779541,7.550000190734863,7.550000190734863,7519,0.0,0.0
2024-09-05 09:50:00-04:00,7.550000190734863,7.550000190734863,7.545000076293945,7.550000190734863,5333,0.0,0.0
2024-09-05 09:55:00-04:00,7.545000076293945,7.550000190734863,7.545000076293945,7.550000190734863,16209,0.0,0.0
2024-09-05 10:00:00-04:00,7.545000076293945,7.569900035858154,7.545000076293945,7.565000057220459,62258,0.0,0.0
2024-09-05 10:05:00-04:00,7.565000057220459,7.579899787902832,7.559999942779541,7.570099830627441,15217,0.0,0.0
2024-09-05 10:10:00-04:00,7.574999809265137,7.579999923706055,7.570000171661377,7.574999809265137,19468,0.0,0.0
2024-09-05 10:15:00-04:00,7.579899787902832,7.579899787902832,7.570000171661377,7.570000171661377,4525,0.0,0.0
2024-09-05 10:20:00-04:00,7.5725998878479,7.579999923706055,7.5725998878479,7.574999809265137,1662,0.0,0.0
2024-09-05 10:25:00-04:00,7.574999809265137,7.589900016784668,7.574999809265137,7.579999923706055,21019,0.0,0.0
2024-09-05 10:30:00-04:00,7.574999809265137,7.579999923706055,7.570000171661377,7.574999809265137,4476,0.0,0.0
2024-09-05 10:35:00-04:00,7.578800201416016,7.579999923706055,7.574999809265137,7.574999809265137,4427,0.0,0.0
2024-09-05 10:40:00-04:00,7.574999809265137,7.579999923706055,7.570099830627441,7.579899787902832,10309,0.0,0.0
2024-09-05 10:45:00-04:00,7.574999809265137,7.576900005340576,7.570000171661377,7.570000171661377,7307,0.0,0.0
2024-09-05 10:50:00-04:00,7.570000171661377,7.574999809265137,7.553699970245361,7.554999828338623,38399,0.0,0.0
2024-09-05 10:55:00-04:00,7.559999942779541,7.579999923706055,7.559999942779541,7.574999809265137,32622,0.0,0.0
2024-09-05 11:00:00-04:00,7.574999809265137,7.574999809265137,7.565000057220459,7.565000057220459,3386,0.0,0.0
2024-09-05 11:05:00-04:00,7.565000057220459,7.570000171661377,7.565000057220459,7.565000057220459,1181,0.0,0.0
2024-09-05 11:10:00-04:00,7.565000057220459,7.565000057220459,7.565000057220459,7.565000057220459,936,0.0,0.0
2024-09-05 11:15:00-04:00,7.565000057220459,7.570000171661377,7.565000057220459,7.569499969482422,7669,0.0,0.0
2024-09-05 11:20:00-04:00,7.565000057220459,7.570000171661377,7.559999942779541,7.559999942779541,2507,0.0,0.0
2024-09-05 11:25:00-04:00,7.565000057220459,7.570000171661377,7.559999942779541,7.559999942779541,19355,0.0,0.0
2024-09-05 11:30:00-04:00,7.565000057220459,7.567399978637695,7.559999942779541,7.559999942779541,20058,0.0,0.0
2024-09-05 11:35:00-04:00,7.560299873352051,7.569900035858154,7.559999942779541,7.559999942779541,16658,0.0,0.0
2024-09-05 11:40:00-04:00,7.565000057220459,7.566800117492676,7.554999828338623,7.554999828338623,13777,0.0,0.0
2024-09-05 11:45:00-04:00,7.554999828338623,7.559999942779541,7.550000190734863,7.554999828338623,21919,0.0,0.0
2024-09-05 11:50:00-04:00,7.550000190734863,7.554999828338623,7.542500019073486,7.545000076293945,65082,0.0,0.0
2024-09-05 11:55:00-04:00,7.549799919128418,7.550000190734863,7.539999961853027,7.545000076293945,10905,0.0,0.0
2024-09-05 12:00:00-04:00,7.545000076293945,7.550000190734863,7.544899940490723,7.545000076293945,16496,0.0,0.0
2024-09-05 12:05:00-04:00,7.550000190734863,7.550000190734863,7.545000076293945,7.545000076293945,6340,0.0,0.0
2024-09-05 12:10:00-04:00,7.545000076293945,7.559999942779541,7.545000076293945,7.559999942779541,22647,0.0,0.0
2024-09-05 12:15:00-04:00,7.554999828338623,7.559999942779541,7.550099849700928,7.559999942779541,11046,0.0,0.0
2024-09-05 12:20:00-04:00,7.554999828338623,7.559999942779541,7.554999828338623,7.554999828338623,18625,0.0,0.0
2024-09-05 12:25:00-04:00,7.554999828338623,7.554999828338623,7.550000190734863,7.554999828338623,6401,0.0,0.0
2024-09-05 12:30:00-04:00,7.554999828338623,7.559999942779541,7.550000190734863,7.554999828338623,3082,0.0,0.0
2024-09-05 12:35:00-04:00,7.550000190734863,7.559999942779541,7.550000190734863,7.554999828338623,14169,0.0,0.0
2024-09-05 12:40:00-04:00,7.554999828338623,7.554999828338623,7.550000190734863,7.554999828338623,6924,0.0,0.0
2024-09-05 12:45:00-04:00,7.554999828338623,7.559999942779541,7.550000190734863,7.550000190734863,21282,0.0,0.0
2024-09-05 12:50:00-04:00,7.55679988861084,7.559999942779541,7.550000190734863,7.554999828338623,5287,0.0,0.0
2024-09-05 12:55:00-04:00,7.554999828338623,7.559999942779541,7.550000190734863,7.554999828338623,17745,0.0,0.0
2024-09-05 13:00:00-04:00,7.554999828338623,7.559999942779541,7.550000190734863,7.554999828338623,13469,0.0,0.0
2024-09-05 13:05:00-04:00,7.554999828338623,7.555699825286865,7.550000190734863,7.555699825286865,6099,0.0,0.0
2024-09-05 13:10:00-04:00,7.552800178527832,7.554999828338623,7.550000190734863,7.550000190734863,2421,0.0,0.0
2024-09-05 13:15:00-04:00,7.554999828338623,7.559999942779541,7.550000190734863,7.554999828338623,8292,0.0,0.0
2024-09-05 13:20:00-04:00,7.557400226593018,7.557400226593018,7.550000190734863,7.554999828338623,5106,0.0,0.0
2024-09-05 13:25:00-04:00,7.550000190734863,7.559700012207031,7.550000190734863,7.554999828338623,8740,0.0,0.0
2024-09-05 13:30:00-04:00,7.550000190734863,7.559999942779541,7.550000190734863,7.554999828338623,4018,0.0,0.0
2024-09-05 13:35:00-04:00,7.554999828338623,7.559999942779541,7.550000190734863,7.554999828338623,22068,0.0,0.0
2024-09-05 13:40:00-04:00,7.559999942779541,7.559999942779541,7.550000190734863,7.554999828338623,32602,0.0,0.0
2024-09-05 13:45:00-04:00,7.550000190734863,7.556099891662598,7.550000190734863,7.554999828338623,51129,0.0,0.0
2024-09-05 13:50:00-04:00,7.554999828338623,7.557499885559082,7.550000190734863,7.550000190734863,14141,0.0,0.0
2024-09-05 13:55:00-04:00,7.550000190734863,7.554999828338623,7.550000190734863,7.550000190734863,5943,0.0,0.0
2024-09-05 14:00:00-04:00,7.550000190734863,7.550099849700928,7.539999961853027,7.545000076293945,25606,0.0,0.0
2024-09-05 14:05:00-04:00,7.545000076293945,7.550000190734863,7.545000076293945,7.545000076293945,9372,0.0,0.0
2024-09-05 14:10:00-04:00,7.545000076293945,7.550000190734863,7.539999961853027,7.549900054931641,10535,0.0,0.0
2024-09-05 14:15:00-04:00,7.545000076293945,7.549900054931641,7.539999961853027,7.545000076293945,2999,0.0,0.0
2024-09-05 14:20:00-04:00,7.539999961853027,7.550000190734863,7.539999961853027,7.545000076293945,3707,0.0,0.0
2024-09-05 14:25:00-04:00,7.545000076293945,7.550000190734863,7.539999961853027,7.545000076293945,4643,0.0,0.0
2024-09-05 14:30:00-04:00,7.539999961853027,7.550000190734863,7.539999961853027,7.550000190734863,27021,0.0,0.0
2024-09-05 14:35:00-04:00,7.545000076293945,7.550000190734863,7.539999961853027,7.545000076293945,21293,0.0,0.0
2024-09-05 14:40:00-04:00,7.545000076293945,7.550000190734863,7.539999961853027,7.547399997711182,10456,0.0,0.0
2024-09-05 14:45:00-04:00,7.545000076293945,7.549900054931641,7.539999961853027,7.545000076293945,12902,0.0,0.0
2024-09-05 14:50:00-04:00,7.5467000007629395,7.550000190734863,7.545000076293945,7.545000076293945,2219,0.0,0.0
2024-09-05 14:55:00-04:00,7.545000076293945,7.550000190734863,7.545000076293945,7.545000076293945,10148,0.0,0.0
2024-09-05 15:00:00-04:00,7.545000076293945,7.545000076293945,7.539999961853027,7.545000076293945,583,0.0,0.0
2024-09-05 15:05:00-04:00,7.545000076293945,7.550000190734863,7.539999961853027,7.545000076293945,5133,0.0,0.0
2024-09-05 15:10:00-04:00,7.539999961853027,7.5457000732421875,7.539999961853027,7.544099807739258,2842,0.0,0.0
2024-09-05 15:15:00-04:00,7.539999961853027,7.545000076293945,7.539999961853027,7.545000076293945,24206,0.0,0.0
2024-09-05 15:20:00-04:00,7.54010009765625,7.545000076293945,7.53000020980835,7.534999847412109,36513,0.0,0.0
2024-09-05 15:25:00-04:00,7.5345001220703125,7.539899826049805,7.53000020980835,7.534999847412109,6071,0.0,0.0
2024-09-05 15:30:00-04:00,7.539899826049805,7.539999961853027,7.5345001220703125,7.534999847412109,6744,0.0,0.0
2024-09-05 15:35:00-04:00,7.536499977111816,7.539999961853027,7.5335001945495605,7.539999961853027,8754,0.0,0.0
2024-09-05 15:40:00-04:00,7.534999847412109,7.534999847412109,7.519999980926514,7.525000095367432,66834,0.0,0.0
2024-09-05 15:45:00-04:00,7.529900074005127,7.534999847412109,7.520100116729736,7.534999847412109,29572,0.0,0.0
2024-09-05 15:50:00-04:00,7.53000020980835,7.539999961853027,7.53000020980835,7.53000020980835,12180,0.0,0.0
2024-09-05 15:55:00-04:00,7.53000020980835,7.539999961853027,7.53000020980835,7.53000020980835,13436,0.0,0.0
2024-09-06 09:30:00-04:00,7.550000190734863,7.559999942779541,7.539999961853027,7.550000190734863,94840,0.0,0.0
2024-09-06 09:35:00-04:00,7.549699783325195,7.559999942779541,7.545000076293945,7.554999828338623,22311,0.0,0.0
2024-09-06 09:40:00-04:00,7.554999828338623,7.569900035858154,7.550000190734863,7.565000057220459,31023,0.0,0.0
2024-09-06 09:45:00-04:00,7.565000057220459,7.579999923706055,7.559999942779541,7.5777997970581055,40227,0.0,0.0
2024-09-06 09:50:00-04:00,7.570099830627441,7.579899787902832,7.570099830627441,7.579899787902832,5088,0.0,0.0
2024-09-06 09:55:00-04:00,7.570300102233887,7.574999809265137,7.565000057220459,7.565000057220459,3886,0.0,0.0
2024-09-06 10:00:00-04:00,7.559999942779541,7.560999870300293,7.519999980926514,7.545000076293945,169663,0.0,0.0
2024-09-06 10:05:00-04:00,7.545000076293945,7.549900054931641,7.480000019073486,7.509099960327148,190029,0.0,0.0
2024-09-06 10:10:00-04:00,7.509900093078613,7.510000228881836,7.500199794769287,7.509300231933594,11667,0.0,0.0
2024-09-06 10:15:00-04:00,7.505000114440918,7.510000228881836,7.5,7.505499839782715,23820,0.0,0.0
2024-09-06 10:20:00-04:00,7.502999782562256,7.510000228881836,7.5,7.509200096130371,13908,0.0,0.0
2024-09-06 10:25:00-04:00,7.502999782562256,7.510000228881836,7.5,7.506999969482422,9958,0.0,0.0
2024-09-06 10:30:00-04:00,7.500199794769287,7.510000228881836,7.5,7.500100135803223,11516,0.0,0.0
2024-09-06 10:35:00-04:00,7.5,7.505000114440918,7.480000019073486,7.494999885559082,26428,0.0,0.0
2024-09-06 10:40:00-04:00,7.494999885559082,7.499899864196777,7.485000133514404,7.488800048828125,13458,0.0,0.0
2024-09-06 10:45:00-04:00,7.485000133514404,7.489999771118164,7.480000019073486,7.489999771118164,37382,0.0,0.0
2024-09-06 10:50:00-04:00,7.484499931335449,7.4899001121521,7.480000019073486,7.480000019073486,17631,0.0,0.0
2024-09-06 10:55:00-04:00,7.485000133514404,7.4899001121521,7.46999979019165,7.46999979019165,30988,0.0,0.0
2024-09-06 11:00:00-04:00,7.480000019073486,7.4984002113342285,7.46999979019165,7.474999904632568,77809,0.0,0.0
2024-09-06 11:05:00-04:00,7.474999904632568,7.4882001876831055,7.4730000495910645,7.485000133514404,10636,0.0,0.0
2024-09-06 11:10:00-04:00,7.485000133514404,7.485000133514404,7.46999979019165,7.474999904632568,30516,0.0,0.0
2024-09-06 11:15:00-04:00,7.474999904632568,7.480000019073486,7.449999809265137,7.454999923706055,37932,0.0,0.0
2024-09-06 11:20:00-04:00,7.454999923706055,7.46999979019165,7.453000068664551,7.46999979019165,35716,0.0,0.0
2024-09-06 11:25:00-04:00,7.465000152587891,7.465000152587891,7.449999809265137,7.458399772644043,32426,0.0,0.0
2024-09-06 11:30:00-04:00,7.454999923706055,7.454999923706055,7.440000057220459,7.445000171661377,73947,0.0,0.0
2024-09-06 11:35:00-04:00,7.445000171661377,7.449900150299072,7.440299987792969,7.445000171661377,18461,0.0,0.0
2024-09-06 11:40:00-04:00,7.449999809265137,7.449999809265137,7.442999839782715,7.445000171661377,16894,0.0,0.0
2024-09-06 11:45:00-04:00,7.448500156402588,7.449900150299072,7.440000057220459,7.445000171661377,15505,0.0,0.0
2024-09-06 11:50:00-04:00,7.445000171661377,7.449999809265137,7.440000057220459,7.449999809265137,5577,0.0,0.0
2024-09-06 11:55:00-04:00,7.449699878692627,7.449999809265137,7.440000057220459,7.445000171661377,11222,0.0,0.0
2024-09-06 12:00:00-04:00,7.449999809265137,7.46999979019165,7.448999881744385,7.465000152587891,63780,0.0,0.0
2024-09-06 12:05:00-04:00,7.458600044250488,7.460000038146973,7.449999809265137,7.449999809265137,5816,0.0,0.0
2024-09-06 12:10:00-04:00,7.459799766540527,7.460000038146973,7.449999809265137,7.454999923706055,24256,0.0,0.0
2024-09-06 12:15:00-04:00,7.453999996185303,7.460000038146973,7.449999809265137,7.453000068664551,9984,0.0,0.0
2024-09-06 12:20:00-04:00,7.4542999267578125,7.460000038146973,7.449999809265137,7.454999923706055,46620,0.0,0.0
2024-09-06 12:25:00-04:00,7.455999851226807,7.465000152587891,7.454999923706055,7.454999923706055,31772,0.0,0.0
2024-09-06 12:30:00-04:00,7.454999923706055,7.465000152587891,7.454999923706055,7.464799880981445,14092,0.0,0.0
2024-09-06 12:35:00-04:00,7.465000152587891,7.46999979019165,7.460000038146973,7.460000038146973,3676,0.0,0.0
2024-09-06 12:40:00-04:00,7.465000152587891,7.465000152587891,7.454999923706055,7.460000038146973,4125,0.0,0.0
2024-09-06 12:45:00-04:00,7.465000152587891,7.465000152587891,7.450099945068359,7.454999923706055,15358,0.0,0.0
2024-09-06 12:50:00-04:00,7.458899974822998,7.45989990234375,7.452000141143799,7.454999923706055,8748,0.0,0.0
2024-09-06 12:55:00-04:00,7.45989990234375,7.45989990234375,7.449999809265137,7.456900119781494,24368,0.0,0.0
2024-09-06 13:00:00-04:00,7.454999923706055,7.45989990234375,7.449999809265137,7.449999809265137,3760,0.0,0.0
2024-09-06 13:05:00-04:00,7.454999923706055,7.469799995422363,7.449999809265137,7.460000038146973,22275,0.0,0.0
2024-09-06 13:10:00-04:00,7.465000152587891,7.46999979019165,7.460000038146973,7.465000152587891,27228,0.0,0.0
2024-09-06 13:15:00-04:00,7.465000152587891,7.468800067901611,7.465000152587891,7.468800067901611,3463,0.0,0.0
2024-09-06 13:20:00-04:00,7.465000152587891,7.465000152587891,7.460000038146973,7.465000152587891,4556,0.0,0.0
2024-09-06 13:25:00-04:00,7.460000038146973,7.465000152587891,7.454999923706055,7.45989990234375,16666,0.0,0.0
2024-09-06 13:30:00-04:00,7.454999923706055,7.460000038146973,7.449999809265137,7.454999923706055,52461,0.0,0.0
2024-09-06 13:35:00-04:00,7.458199977874756,7.45989990234375,7.449999809265137,7.454999923706055,3609,0.0,0.0
2024-09-06 13:40:00-04:00,7.454999923706055,7.460000038146973,7.449999809265137,7.454999923706055,5542,0.0,0.0
2024-09-06 13:45:00-04:00,7.454999923706055,7.45989990234375,7.449999809265137,7.449999809265137,6747,0.0,0.0
2024-09-06 13:50:00-04:00,7.454999923706055,7.456399917602539,7.449999809265137,7.454999923706055,10064,0.0,0.0
2024-09-06 13:55:00-04:00,7.454999923706055,7.46999979019165,7.454999923706055,7.460000038146973,35505,0.0,0.0
2024-09-06 14:00:00-04:00,7.465000152587891,7.465000152587891,7.460000038146973,7.465000152587891,3617,0.0,0.0
2024-09-06 14:05:00-04:00,7.465000152587891,7.46999979019165,7.460000038146973,7.460000038146973,6195,0.0,0.0
2024-09-06 14:10:00-04:00,7.465000152587891,7.469900131225586,7.460000038146973,7.465000152587891,7991,0.0,0.0
2024-09-06 14:15:00-04:00,7.465000152587891,7.46999979019165,7.460000038146973,7.467800140380859,5164,0.0,0.0
2024-09-06 14:20:00-04:00,7.465000152587891,7.467899799346924,7.460000038146973,7.465000152587891,8629,0.0,0.0
2024-09-06 14:25:00-04:00,7.460000038146973,7.465000152587891,7.429999828338623,7.439799785614014,109779,0.0,0.0
2024-09-06 14:30:00-04:00,7.434999942779541,7.445000171661377,7.434999942779541,7.439799785614014,11359,0.0,0.0
2024-09-06 14:35:00-04:00,7.429999828338623,7.449999809265137,7.429999828338623,7.440000057220459,7057,0.0,0.0
2024-09-06 14:40:00-04:00,7.440000057220459,7.449999809265137,7.440000057220459,7.44980001449585,13540,0.0,0.0
2024-09-06 14:45:00-04:00,7.440000057220459,7.449900150299072,7.440000057220459,7.445000171661377,23088,0.0,0.0
2024-09-06 14:50:00-04:00,7.445000171661377,7.449999809265137,7.440000057220459,7.449999809265137,10628,0.0,0.0
2024-09-06 14:55:00-04:00,7.446700096130371,7.446700096130371,7.440000057220459,7.445000171661377,8186,0.0,0.0
2024-09-06 15:00:00-04:00,7.440100193023682,7.454999923706055,7.440000057220459,7.454999923706055,21001,0.0,0.0
2024-09-06 15:05:00-04:00,7.454999923706055,7.45989990234375,7.449999809265137,7.45989990234375,4706,0.0,0.0
2024-09-06 15:10:00-04:00,7.449999809265137,7.460000038146973,7.449999809265137,7.454999923706055,10801,0.0,0.0
2024-09-06 15:15:00-04:00,7.457900047302246,7.460000038146973,7.449999809265137,7.454999923706055,11389,0.0,0.0
2024-09-06 15:20:00-04:00,7.449999809265137,7.460000038146973,7.449999809265137,7.454999923706055,13943,0.0,0.0
2024-09-06 15:25:00-04:00,7.449999809265137,7.465799808502197,7.449999809265137,7.465000152587891,28888,0.0,0.0
2024-09-06 15:30:00-04:00,7.465000152587891,7.469900131225586,7.460000038146973,7.460000038146973,4712,0.0,0.0
2024-09-06 15:35:00-04:00,7.465000152587891,7.465000152587891,7.449999809265137,7.454999923706055,9252,0.0,0.0
2024-09-06 15:40:00-04:00,7.454999923706055,7.460000038146973,7.449999809265137,7.449999809265137,23471,0.0,0.0
2024-09-06 15:45:00-04:00,7.454999923706055,7.46999979019165,7.449999809265137,7.465000152587891,27078,0.0,0.0
2024-09-06 15:50:00-04:00,7.465000152587891,7.465000152587891,7.449999809265137,7.454999923706055,10861,0.0,0.0
2024-09-06 15:55:00-04:00,7.454999923706055,7.460000038146973,7.449999809265137,7.460000038146973,78505,0.0,0.0
