Datetime,Open,High,Low,Close,Volume,Dividends,Stock Splits,Capital Gains
2024-08-08 09:30:00-04:00,75.06999969482422,75.19000244140625,74.95999908447266,74.95999908447266,0,0.0,0.0,0.0
2024-08-08 09:35:00-04:00,74.88510131835938,74.88510131835938,74.88510131835938,74.88510131835938,576,0.0,0.0,0.0
2024-08-08 09:40:00-04:00,74.73999786376953,74.73999786376953,74.70999908447266,74.70999908447266,300,0.0,0.0,0.0
2024-08-08 09:45:00-04:00,74.73500061035156,74.73500061035156,74.73500061035156,74.73500061035156,211,0.0,0.0,0.0
2024-08-08 09:50:00-04:00,74.45999908447266,74.45999908447266,74.45999908447266,74.45999908447266,138,0.0,0.0,0.0
2024-08-08 10:05:00-04:00,75.11000061035156,75.13500213623047,75.11000061035156,75.13500213623047,554,0.0,0.0,0.0
2024-08-08 10:10:00-04:00,75.12000274658203,75.17669677734375,75.12000274658203,75.17669677734375,307,0.0,0.0,0.0
2024-08-08 10:15:00-04:00,75.2249984741211,75.2699966430664,75.2249984741211,75.2699966430664,302,0.0,0.0,0.0
2024-08-08 10:20:00-04:00,75.16999816894531,75.23999786376953,75.16999816894531,75.23999786376953,370,0.0,0.0,0.0
2024-08-08 10:40:00-04:00,75.6050033569336,75.6050033569336,75.6050033569336,75.6050033569336,673,0.0,0.0,0.0
2024-08-08 11:00:00-04:00,75.55780029296875,75.55780029296875,75.55780029296875,75.55780029296875,369,0.0,0.0,0.0
2024-08-08 11:10:00-04:00,75.36000061035156,75.36000061035156,75.36000061035156,75.36000061035156,100,0.0,0.0,0.0
2024-08-08 11:15:00-04:00,75.41000366210938,75.41000366210938,75.41000366210938,75.41000366210938,413,0.0,0.0,0.0
2024-08-08 11:20:00-04:00,75.62999725341797,75.62999725341797,75.62999725341797,75.62999725341797,124,0.0,0.0,0.0
2024-08-08 11:25:00-04:00,75.66999816894531,75.69200134277344,75.66999816894531,75.69200134277344,235,0.0,0.0,0.0
2024-08-08 11:40:00-04:00,75.56999969482422,75.56999969482422,75.55000305175781,75.55000305175781,1790,0.0,0.0,0.0
2024-08-08 11:45:00-04:00,75.45999908447266,75.45999908447266,75.45999908447266,75.45999908447266,156,0.0,0.0,0.0
2024-08-08 11:50:00-04:00,75.5239028930664,75.5239028930664,75.5239028930664,75.5239028930664,460,0.0,0.0,0.0
2024-08-08 12:05:00-04:00,75.7300033569336,75.7300033569336,75.7300033569336,75.7300033569336,327,0.0,0.0,0.0
2024-08-08 12:10:00-04:00,75.76000213623047,75.76000213623047,75.76000213623047,75.76000213623047,609,0.0,0.0,0.0
2024-08-08 12:25:00-04:00,75.70999908447266,75.70999908447266,75.70999908447266,75.70999908447266,200,0.0,0.0,0.0
2024-08-08 12:30:00-04:00,75.62999725341797,75.62999725341797,75.5,75.5,369,0.0,0.0,0.0
2024-08-08 12:40:00-04:00,75.44000244140625,75.44000244140625,75.44000244140625,75.44000244140625,120,0.0,0.0,0.0
2024-08-08 12:50:00-04:00,75.57890319824219,75.57890319824219,75.57890319824219,75.57890319824219,264,0.0,0.0,0.0
2024-08-08 12:55:00-04:00,75.63719940185547,75.63719940185547,75.58999633789062,75.58999633789062,447,0.0,0.0,0.0
2024-08-08 13:00:00-04:00,75.51000213623047,75.5199966430664,75.51000213623047,75.5199966430664,313,0.0,0.0,0.0
2024-08-08 13:15:00-04:00,75.66500091552734,75.66500091552734,75.66500091552734,75.66500091552734,394,0.0,0.0,0.0
2024-08-08 13:25:00-04:00,75.83000183105469,75.87999725341797,75.83000183105469,75.87999725341797,960,0.0,0.0,0.0
2024-08-08 13:30:00-04:00,76.0199966430664,76.0199966430664,76.0199966430664,76.0199966430664,885,0.0,0.0,0.0
2024-08-08 13:50:00-04:00,76.05470275878906,76.05470275878906,76.05470275878906,76.05470275878906,638,0.0,0.0,0.0
2024-08-08 14:00:00-04:00,76.00890350341797,76.00890350341797,76.00890350341797,76.00890350341797,119,0.0,0.0,0.0
2024-08-08 14:10:00-04:00,76.12000274658203,76.12000274658203,76.12000274658203,76.12000274658203,113,0.0,0.0,0.0
2024-08-08 14:15:00-04:00,76.19999694824219,76.19999694824219,76.19999694824219,76.19999694824219,168,0.0,0.0,0.0
2024-08-08 14:20:00-04:00,76.22000122070312,76.22000122070312,76.19999694824219,76.21820068359375,1786,0.0,0.0,0.0
2024-08-08 14:25:00-04:00,76.11119842529297,76.11119842529297,76.11119842529297,76.11119842529297,488,0.0,0.0,0.0
2024-08-08 14:55:00-04:00,76.08460235595703,76.08460235595703,76.08460235595703,76.08460235595703,946,0.0,0.0,0.0
2024-08-08 15:00:00-04:00,75.9000015258789,75.91500091552734,75.9000015258789,75.91500091552734,705,0.0,0.0,0.0
2024-08-08 15:05:00-04:00,75.98729705810547,75.98729705810547,75.98729705810547,75.98729705810547,251,0.0,0.0,0.0
2024-08-08 15:10:00-04:00,76.05999755859375,76.05999755859375,76.05999755859375,76.05999755859375,189,0.0,0.0,0.0
2024-08-08 15:15:00-04:00,75.9749984741211,75.9749984741211,75.92729949951172,75.94999694824219,2397,0.0,0.0,0.0
2024-08-08 15:20:00-04:00,75.97000122070312,76.02749633789062,75.95999908447266,76.02749633789062,491,0.0,0.0,0.0
2024-08-08 15:25:00-04:00,75.94000244140625,75.94000244140625,75.87999725341797,75.87999725341797,1717,0.0,0.0,0.0
2024-08-08 15:30:00-04:00,75.83999633789062,75.83999633789062,75.69499969482422,75.69499969482422,4230,0.0,0.0,0.0
2024-08-08 15:35:00-04:00,75.69000244140625,75.69999694824219,75.69000244140625,75.69999694824219,1225,0.0,0.0,0.0
2024-08-08 15:40:00-04:00,75.81999969482422,75.81999969482422,75.81999969482422,75.81999969482422,834,0.0,0.0,0.0
2024-08-08 15:45:00-04:00,75.96730041503906,76.00509643554688,75.96730041503906,76.00509643554688,835,0.0,0.0,0.0
2024-08-08 15:50:00-04:00,76.02999877929688,76.08999633789062,75.98999786376953,76.0,833,0.0,0.0,0.0
2024-08-08 15:55:00-04:00,75.91999816894531,75.91999816894531,75.8667984008789,75.8667984008789,1076,0.0,0.0,0.0
2024-08-09 09:30:00-04:00,76.0999984741211,76.0999984741211,75.83999633789062,75.9000015258789,0,0.0,0.0,0.0
2024-08-09 09:35:00-04:00,76.04000091552734,76.37000274658203,76.04000091552734,76.37000274658203,1107,0.0,0.0,0.0
2024-08-09 09:40:00-04:00,76.15049743652344,76.15049743652344,76.15049743652344,76.15049743652344,131,0.0,0.0,0.0
2024-08-09 09:55:00-04:00,75.94999694824219,75.94999694824219,75.94999694824219,75.94999694824219,120,0.0,0.0,0.0
2024-08-09 10:00:00-04:00,75.9800033569336,76.15499877929688,75.9800033569336,76.15499877929688,2797,0.0,0.0,0.0
2024-08-09 10:10:00-04:00,76.13500213623047,76.33999633789062,76.13500213623047,76.33999633789062,1434,0.0,0.0,0.0
2024-08-09 10:15:00-04:00,76.3499984741211,76.3499984741211,76.24510192871094,76.25250244140625,731,0.0,0.0,0.0
2024-08-09 10:30:00-04:00,76.08999633789062,76.08999633789062,76.08999633789062,76.08999633789062,2059,0.0,0.0,0.0
2024-08-09 10:35:00-04:00,76.08000183105469,76.08000183105469,76.08000183105469,76.08000183105469,101,0.0,0.0,0.0
2024-08-09 10:40:00-04:00,76.08000183105469,76.08000183105469,76.072998046875,76.072998046875,502,0.0,0.0,0.0
2024-08-09 10:55:00-04:00,76.36499786376953,76.36499786376953,76.36499786376953,76.36499786376953,1071,0.0,0.0,0.0
2024-08-09 11:05:00-04:00,76.46990203857422,76.48999786376953,76.46990203857422,76.48999786376953,287,0.0,0.0,0.0
2024-08-09 11:10:00-04:00,76.33999633789062,76.33999633789062,76.33999633789062,76.33999633789062,355,0.0,0.0,0.0
2024-08-09 11:20:00-04:00,76.30000305175781,76.30000305175781,76.2594985961914,76.2594985961914,484,0.0,0.0,0.0
2024-08-09 11:30:00-04:00,76.22000122070312,76.22000122070312,76.21199798583984,76.21199798583984,722,0.0,0.0,0.0
2024-08-09 11:35:00-04:00,76.19999694824219,76.19999694824219,76.19999694824219,76.19999694824219,615,0.0,0.0,0.0
2024-08-09 11:45:00-04:00,76.19000244140625,76.2416000366211,76.18990325927734,76.2416000366211,2616,0.0,0.0,0.0
2024-08-09 11:55:00-04:00,76.19000244140625,76.19000244140625,76.19000244140625,76.19000244140625,252,0.0,0.0,0.0
2024-08-09 12:00:00-04:00,76.11000061035156,76.11000061035156,76.11000061035156,76.11000061035156,170,0.0,0.0,0.0
2024-08-09 12:05:00-04:00,76.0145034790039,76.0145034790039,76.0145034790039,76.0145034790039,157,0.0,0.0,0.0
2024-08-09 12:10:00-04:00,75.95590209960938,75.95590209960938,75.95590209960938,75.95590209960938,372,0.0,0.0,0.0
2024-08-09 12:15:00-04:00,75.96499633789062,75.96499633789062,75.96499633789062,75.96499633789062,757,0.0,0.0,0.0
2024-08-09 12:20:00-04:00,76.04000091552734,76.04000091552734,76.04000091552734,76.04000091552734,373,0.0,0.0,0.0
2024-08-09 12:25:00-04:00,75.98999786376953,76.05999755859375,75.98999786376953,76.02999877929688,1290,0.0,0.0,0.0
2024-08-09 12:45:00-04:00,76.05000305175781,76.05000305175781,76.05000305175781,76.05000305175781,239,0.0,0.0,0.0
2024-08-09 12:50:00-04:00,76.0999984741211,76.0999984741211,76.0999984741211,76.0999984741211,173,0.0,0.0,0.0
2024-08-09 13:00:00-04:00,76.18389892578125,76.2219009399414,76.18389892578125,76.2219009399414,902,0.0,0.0,0.0
2024-08-09 13:05:00-04:00,76.24500274658203,76.24500274658203,76.24500274658203,76.24500274658203,457,0.0,0.0,0.0
2024-08-09 13:15:00-04:00,76.49849700927734,76.49849700927734,76.49849700927734,76.49849700927734,144,0.0,0.0,0.0
2024-08-09 13:25:00-04:00,76.48999786376953,76.48999786376953,76.48999786376953,76.48999786376953,554,0.0,0.0,0.0
2024-08-09 13:35:00-04:00,76.64569854736328,76.64569854736328,76.64569854736328,76.64569854736328,753,0.0,0.0,0.0
2024-08-09 13:50:00-04:00,76.57499694824219,76.57499694824219,76.57219696044922,76.57219696044922,659,0.0,0.0,0.0
2024-08-09 14:05:00-04:00,76.5,76.5,76.5,76.5,113,0.0,0.0,0.0
2024-08-09 14:15:00-04:00,76.38999938964844,76.38999938964844,76.38999938964844,76.38999938964844,280,0.0,0.0,0.0
2024-08-09 14:30:00-04:00,76.36630249023438,76.36630249023438,76.36630249023438,76.36630249023438,759,0.0,0.0,0.0
2024-08-09 14:35:00-04:00,76.41999816894531,76.41999816894531,76.41999816894531,76.41999816894531,148,0.0,0.0,0.0
2024-08-09 14:50:00-04:00,76.37000274658203,76.37000274658203,76.37000274658203,76.37000274658203,264,0.0,0.0,0.0
2024-08-09 15:00:00-04:00,76.31999969482422,76.31999969482422,76.31999969482422,76.31999969482422,110,0.0,0.0,0.0
2024-08-09 15:05:00-04:00,76.36000061035156,76.36000061035156,76.36000061035156,76.36000061035156,1973,0.0,0.0,0.0
2024-08-09 15:10:00-04:00,76.44000244140625,76.44000244140625,76.44000244140625,76.44000244140625,15242,0.0,0.0,0.0
2024-08-09 15:15:00-04:00,76.44999694824219,76.5,76.44999694824219,76.48999786376953,920,0.0,0.0,0.0
2024-08-09 15:25:00-04:00,76.44529724121094,76.45970153808594,76.43000030517578,76.45970153808594,2156,0.0,0.0,0.0
2024-08-09 15:30:00-04:00,76.47820281982422,76.47820281982422,76.47820281982422,76.47820281982422,108,0.0,0.0,0.0
2024-08-09 15:35:00-04:00,76.4800033569336,76.4800033569336,76.44000244140625,76.44000244140625,235,0.0,0.0,0.0
2024-08-09 15:40:00-04:00,76.48999786376953,76.48999786376953,76.44999694824219,76.44999694824219,628,0.0,0.0,0.0
2024-08-09 15:45:00-04:00,76.47000122070312,76.5199966430664,76.47000122070312,76.5199966430664,300,0.0,0.0,0.0
2024-08-09 15:50:00-04:00,76.47000122070312,76.47000122070312,76.47000122070312,76.47000122070312,100,0.0,0.0,0.0
2024-08-09 15:55:00-04:00,76.43000030517578,76.4800033569336,76.43000030517578,76.4800033569336,1165,0.0,0.0,0.0
2024-08-12 09:30:00-04:00,76.83999633789062,76.83999633789062,76.81999969482422,76.81999969482422,0,0.0,0.0,0.0
2024-08-12 09:35:00-04:00,76.83999633789062,76.83999633789062,76.69000244140625,76.69000244140625,2238,0.0,0.0,0.0
2024-08-12 09:40:00-04:00,76.63999938964844,76.63999938964844,76.63999938964844,76.63999938964844,120,0.0,0.0,0.0
2024-08-12 09:45:00-04:00,76.44000244140625,76.44000244140625,76.44000244140625,76.44000244140625,748,0.0,0.0,0.0
2024-08-12 09:55:00-04:00,76.32499694824219,76.33999633789062,76.32499694824219,76.33999633789062,1427,0.0,0.0,0.0
2024-08-12 10:00:00-04:00,76.47000122070312,76.47000122070312,76.43049621582031,76.43049621582031,593,0.0,0.0,0.0
2024-08-12 10:20:00-04:00,76.91999816894531,76.91999816894531,76.91999816894531,76.91999816894531,223,0.0,0.0,0.0
2024-08-12 10:25:00-04:00,77.01000213623047,77.01000213623047,76.87000274658203,76.87000274658203,923,0.0,0.0,0.0
2024-08-12 10:30:00-04:00,76.88999938964844,76.88999938964844,76.88999938964844,76.88999938964844,116,0.0,0.0,0.0
2024-08-12 10:35:00-04:00,76.97000122070312,76.97000122070312,76.97000122070312,76.97000122070312,390,0.0,0.0,0.0
2024-08-12 10:40:00-04:00,77.0199966430664,77.0199966430664,77.0,77.0,692,0.0,0.0,0.0
2024-08-12 10:50:00-04:00,77.0250015258789,77.04000091552734,77.0,77.0,13801,0.0,0.0,0.0
2024-08-12 10:55:00-04:00,77.01000213623047,77.0199966430664,77.01000213623047,77.0199966430664,287,0.0,0.0,0.0
2024-08-12 11:00:00-04:00,77.0,77.18000030517578,77.0,77.18000030517578,1083,0.0,0.0,0.0
2024-08-12 11:05:00-04:00,77.12000274658203,77.12000274658203,77.12000274658203,77.12000274658203,142,0.0,0.0,0.0
2024-08-12 11:10:00-04:00,77.12989807128906,77.12989807128906,77.12989807128906,77.12989807128906,163,0.0,0.0,0.0
2024-08-12 11:15:00-04:00,77.05999755859375,77.09120178222656,77.05999755859375,77.08480072021484,727,0.0,0.0,0.0
2024-08-12 11:20:00-04:00,76.87979888916016,76.87979888916016,76.61000061035156,76.61000061035156,703,0.0,0.0,0.0
2024-08-12 11:25:00-04:00,76.55999755859375,76.56999969482422,76.55999755859375,76.56999969482422,365,0.0,0.0,0.0
2024-08-12 11:35:00-04:00,76.63999938964844,76.63999938964844,76.58999633789062,76.58999633789062,442,0.0,0.0,0.0
2024-08-12 11:40:00-04:00,76.66999816894531,76.66999816894531,76.56999969482422,76.62000274658203,12273,0.0,0.0,0.0
2024-08-12 11:50:00-04:00,76.77999877929688,76.88999938964844,76.77999877929688,76.88999938964844,739,0.0,0.0,0.0
2024-08-12 11:55:00-04:00,76.87999725341797,76.87999725341797,76.87999725341797,76.87999725341797,394,0.0,0.0,0.0
2024-08-12 12:00:00-04:00,77.0,77.0,76.93000030517578,76.93000030517578,762,0.0,0.0,0.0
2024-08-12 12:05:00-04:00,76.91000366210938,76.91000366210938,76.9000015258789,76.9000015258789,418,0.0,0.0,0.0
2024-08-12 12:10:00-04:00,76.91000366210938,76.94999694824219,76.91000366210938,76.94999694824219,513,0.0,0.0,0.0
2024-08-12 12:20:00-04:00,76.91590118408203,76.93000030517578,76.9000015258789,76.9000015258789,705,0.0,0.0,0.0
2024-08-12 12:35:00-04:00,76.9000015258789,76.95999908447266,76.9000015258789,76.95999908447266,310,0.0,0.0,0.0
2024-08-12 12:40:00-04:00,76.94000244140625,76.94000244140625,76.91999816894531,76.91999816894531,219,0.0,0.0,0.0
2024-08-12 12:45:00-04:00,77.02999877929688,77.02999877929688,77.02999877929688,77.02999877929688,361,0.0,0.0,0.0
2024-08-12 12:50:00-04:00,76.94000244140625,76.94000244140625,76.91999816894531,76.91999816894531,480,0.0,0.0,0.0
2024-08-12 12:55:00-04:00,76.69999694824219,76.69999694824219,76.69999694824219,76.69999694824219,142,0.0,0.0,0.0
2024-08-12 13:00:00-04:00,76.7040023803711,76.7040023803711,76.69999694824219,76.69999694824219,507,0.0,0.0,0.0
2024-08-12 13:10:00-04:00,76.75,76.75,76.75,76.75,100,0.0,0.0,0.0
2024-08-12 13:15:00-04:00,76.79000091552734,76.79000091552734,76.79000091552734,76.79000091552734,123,0.0,0.0,0.0
2024-08-12 13:25:00-04:00,76.8499984741211,76.8499984741211,76.8499984741211,76.8499984741211,514,0.0,0.0,0.0
2024-08-12 13:35:00-04:00,76.87999725341797,76.8895034790039,76.87999725341797,76.8895034790039,355,0.0,0.0,0.0
2024-08-12 13:40:00-04:00,76.83000183105469,76.83000183105469,76.83000183105469,76.83000183105469,196,0.0,0.0,0.0
2024-08-12 13:50:00-04:00,76.66999816894531,76.66999816894531,76.66999816894531,76.66999816894531,196,0.0,0.0,0.0
2024-08-12 14:00:00-04:00,76.70999908447266,76.70999908447266,76.70999908447266,76.70999908447266,101,0.0,0.0,0.0
2024-08-12 14:05:00-04:00,76.77439880371094,76.77439880371094,76.69000244140625,76.69000244140625,857,0.0,0.0,0.0
2024-08-12 14:20:00-04:00,76.73999786376953,76.73999786376953,76.73999786376953,76.73999786376953,100,0.0,0.0,0.0
2024-08-12 14:25:00-04:00,76.69999694824219,76.75,76.69999694824219,76.75,972,0.0,0.0,0.0
2024-08-12 14:30:00-04:00,76.72000122070312,76.72000122070312,76.72000122070312,76.72000122070312,100,0.0,0.0,0.0
2024-08-12 14:35:00-04:00,76.72000122070312,76.7562026977539,76.72000122070312,76.7562026977539,699,0.0,0.0,0.0
2024-08-12 14:40:00-04:00,76.73999786376953,76.73999786376953,76.7300033569336,76.7300033569336,394,0.0,0.0,0.0
2024-08-12 14:50:00-04:00,76.7300033569336,76.7699966430664,76.7300033569336,76.7699966430664,597,0.0,0.0,0.0
2024-08-12 14:55:00-04:00,76.77999877929688,76.77999877929688,76.77999877929688,76.77999877929688,220,0.0,0.0,0.0
2024-08-12 15:05:00-04:00,76.73600006103516,76.73600006103516,76.66999816894531,76.66999816894531,580,0.0,0.0,0.0
2024-08-12 15:10:00-04:00,76.7300033569336,76.7300033569336,76.7300033569336,76.7300033569336,286,0.0,0.0,0.0
2024-08-12 15:15:00-04:00,76.66000366210938,76.69999694824219,76.6500015258789,76.69999694824219,11062,0.0,0.0,0.0
2024-08-12 15:20:00-04:00,76.70999908447266,76.70999908447266,76.70500183105469,76.70500183105469,1067,0.0,0.0,0.0
2024-08-12 15:30:00-04:00,76.75,76.75,76.75,76.75,291,0.0,0.0,0.0
2024-08-12 15:40:00-04:00,76.58000183105469,76.61000061035156,76.58000183105469,76.58999633789062,316,0.0,0.0,0.0
2024-08-12 15:45:00-04:00,76.58000183105469,76.60890197753906,76.56999969482422,76.58000183105469,3647,0.0,0.0,0.0
2024-08-12 15:50:00-04:00,76.61000061035156,76.62999725341797,76.58999633789062,76.58999633789062,2047,0.0,0.0,0.0
2024-08-12 15:55:00-04:00,76.6050033569336,76.72000122070312,76.6050033569336,76.72000122070312,1165,0.0,0.0,0.0
2024-08-13 09:30:00-04:00,77.33999633789062,77.38999938964844,77.33999633789062,77.38999938964844,1640,0.0,0.0,0.0
2024-08-13 09:35:00-04:00,77.4000015258789,77.4000015258789,77.38999938964844,77.38999938964844,315,0.0,0.0,0.0
2024-08-13 09:40:00-04:00,77.43009948730469,77.43009948730469,77.43009948730469,77.43009948730469,185,0.0,0.0,0.0
2024-08-13 09:55:00-04:00,77.62999725341797,77.62999725341797,77.62999725341797,77.62999725341797,251,0.0,0.0,0.0
2024-08-13 10:00:00-04:00,77.67939758300781,77.67939758300781,77.67939758300781,77.67939758300781,223,0.0,0.0,0.0
2024-08-13 10:10:00-04:00,77.56900024414062,77.56900024414062,77.56900024414062,77.56900024414062,592,0.0,0.0,0.0
2024-08-13 10:15:00-04:00,77.62000274658203,77.62000274658203,77.62000274658203,77.62000274658203,509,0.0,0.0,0.0
2024-08-13 10:30:00-04:00,77.50499725341797,77.50499725341797,77.50499725341797,77.50499725341797,723,0.0,0.0,0.0
2024-08-13 11:00:00-04:00,77.83000183105469,77.83000183105469,77.83000183105469,77.83000183105469,2177,0.0,0.0,0.0
2024-08-13 11:05:00-04:00,77.8604965209961,77.86509704589844,77.8499984741211,77.85060119628906,10063,0.0,0.0,0.0
2024-08-13 11:30:00-04:00,77.90499877929688,77.90499877929688,77.90499877929688,77.90499877929688,735,0.0,0.0,0.0
2024-08-13 11:55:00-04:00,77.95999908447266,77.95999908447266,77.95999908447266,77.95999908447266,447,0.0,0.0,0.0
2024-08-13 12:00:00-04:00,77.88999938964844,77.88999938964844,77.88999938964844,77.88999938964844,287,0.0,0.0,0.0
2024-08-13 12:05:00-04:00,78.02999877929688,78.02999877929688,78.02999877929688,78.02999877929688,311,0.0,0.0,0.0
2024-08-13 12:10:00-04:00,78.0,78.0,78.0,78.0,329,0.0,0.0,0.0
2024-08-13 12:25:00-04:00,78.05000305175781,78.05000305175781,78.05000305175781,78.05000305175781,279,0.0,0.0,0.0
2024-08-13 12:30:00-04:00,78.02999877929688,78.02999877929688,78.02999877929688,78.02999877929688,198,0.0,0.0,0.0
2024-08-13 12:35:00-04:00,78.05000305175781,78.08999633789062,78.05000305175781,78.08999633789062,403,0.0,0.0,0.0
2024-08-13 12:40:00-04:00,78.13999938964844,78.13999938964844,78.12999725341797,78.12999725341797,546,0.0,0.0,0.0
2024-08-13 12:50:00-04:00,78.25499725341797,78.25499725341797,78.25499725341797,78.25499725341797,299,0.0,0.0,0.0
2024-08-13 13:00:00-04:00,78.24430084228516,78.24430084228516,78.24430084228516,78.24430084228516,192,0.0,0.0,0.0
2024-08-13 13:15:00-04:00,78.26110076904297,78.26110076904297,78.26110076904297,78.26110076904297,437,0.0,0.0,0.0
2024-08-13 13:35:00-04:00,78.22000122070312,78.22000122070312,78.22000122070312,78.22000122070312,617,0.0,0.0,0.0
2024-08-13 13:40:00-04:00,78.2699966430664,78.2699966430664,78.2699966430664,78.2699966430664,280,0.0,0.0,0.0
2024-08-13 13:45:00-04:00,78.2300033569336,78.2300033569336,78.04730224609375,78.04730224609375,1128,0.0,0.0,0.0
2024-08-13 13:50:00-04:00,78.1322021484375,78.1322021484375,78.1322021484375,78.1322021484375,163,0.0,0.0,0.0
2024-08-13 13:55:00-04:00,78.23999786376953,78.23999786376953,78.23999786376953,78.23999786376953,322,0.0,0.0,0.0
2024-08-13 14:05:00-04:00,78.25019836425781,78.25019836425781,78.25,78.25,965,0.0,0.0,0.0
2024-08-13 14:25:00-04:00,78.25,78.25,78.25,78.25,511,0.0,0.0,0.0
2024-08-13 14:30:00-04:00,78.24500274658203,78.26499938964844,78.23999786376953,78.26499938964844,3239,0.0,0.0,0.0
2024-08-13 14:55:00-04:00,78.33999633789062,78.34010314941406,78.33999633789062,78.34010314941406,561,0.0,0.0,0.0
2024-08-13 15:05:00-04:00,78.27999877929688,78.27999877929688,78.27999877929688,78.27999877929688,333,0.0,0.0,0.0
2024-08-13 15:15:00-04:00,78.30970001220703,78.30970001220703,78.30970001220703,78.30970001220703,465,0.0,0.0,0.0
2024-08-13 15:25:00-04:00,78.29409790039062,78.29409790039062,78.29409790039062,78.29409790039062,223,0.0,0.0,0.0
2024-08-13 15:30:00-04:00,78.31999969482422,78.31999969482422,78.31999969482422,78.31999969482422,283,0.0,0.0,0.0
2024-08-13 15:35:00-04:00,78.25,78.25,78.25,78.25,401,0.0,0.0,0.0
2024-08-13 15:40:00-04:00,78.26000213623047,78.30000305175781,78.26000213623047,78.30000305175781,3535,0.0,0.0,0.0
2024-08-13 15:45:00-04:00,78.32949829101562,78.3499984741211,78.32949829101562,78.3499984741211,2060,0.0,0.0,0.0
2024-08-13 15:50:00-04:00,78.29000091552734,78.29000091552734,78.29000091552734,78.29000091552734,246,0.0,0.0,0.0
2024-08-13 15:55:00-04:00,78.36000061035156,78.43000030517578,78.36000061035156,78.41000366210938,539,0.0,0.0,0.0
2024-08-14 09:30:00-04:00,78.69999694824219,78.69999694824219,78.3499984741211,78.3499984741211,0,0.0,0.0,0.0
2024-08-14 09:45:00-04:00,78.19000244140625,78.19000244140625,78.19000244140625,78.19000244140625,324,0.0,0.0,0.0
2024-08-14 10:00:00-04:00,78.08000183105469,78.08789825439453,78.08000183105469,78.08789825439453,665,0.0,0.0,0.0
2024-08-14 10:15:00-04:00,77.86000061035156,77.86000061035156,77.86000061035156,77.86000061035156,504,0.0,0.0,0.0
2024-08-14 10:20:00-04:00,77.98310089111328,77.98310089111328,77.98310089111328,77.98310089111328,208,0.0,0.0,0.0
2024-08-14 10:45:00-04:00,77.87999725341797,78.00499725341797,77.87999725341797,78.00499725341797,717,0.0,0.0,0.0
2024-08-14 11:05:00-04:00,78.17009735107422,78.17009735107422,78.17009735107422,78.17009735107422,310,0.0,0.0,0.0
2024-08-14 11:10:00-04:00,78.16089630126953,78.16089630126953,78.16089630126953,78.16089630126953,150,0.0,0.0,0.0
2024-08-14 11:15:00-04:00,78.19000244140625,78.19000244140625,78.14080047607422,78.14080047607422,228,0.0,0.0,0.0
2024-08-14 11:20:00-04:00,78.18499755859375,78.18499755859375,78.18499755859375,78.18499755859375,1952,0.0,0.0,0.0
2024-08-14 11:30:00-04:00,78.29910278320312,78.29910278320312,78.27010345458984,78.27010345458984,256,0.0,0.0,0.0
2024-08-14 11:40:00-04:00,78.3416976928711,78.3416976928711,78.3416976928711,78.3416976928711,319,0.0,0.0,0.0
2024-08-14 11:50:00-04:00,78.47000122070312,78.47000122070312,78.47000122070312,78.47000122070312,576,0.0,0.0,0.0
2024-08-14 11:55:00-04:00,78.5250015258789,78.58000183105469,78.52269744873047,78.55999755859375,6846,0.0,0.0,0.0
2024-08-14 12:00:00-04:00,78.55000305175781,78.55000305175781,78.55000305175781,78.55000305175781,652,0.0,0.0,0.0
2024-08-14 12:05:00-04:00,78.54000091552734,78.56990051269531,78.54000091552734,78.56690216064453,1961,0.0,0.0,0.0
2024-08-14 12:10:00-04:00,78.41999816894531,78.41999816894531,78.41999816894531,78.41999816894531,102,0.0,0.0,0.0
2024-08-14 12:20:00-04:00,78.19999694824219,78.19999694824219,78.19999694824219,78.19999694824219,355,0.0,0.0,0.0
2024-08-14 13:10:00-04:00,78.24500274658203,78.24500274658203,78.24500274658203,78.24500274658203,291,0.0,0.0,0.0
2024-08-14 13:30:00-04:00,78.22000122070312,78.22000122070312,78.22000122070312,78.22000122070312,847,0.0,0.0,0.0
2024-08-14 14:25:00-04:00,78.16690063476562,78.16690063476562,78.16690063476562,78.16690063476562,115,0.0,0.0,0.0
2024-08-14 14:30:00-04:00,78.19499969482422,78.19499969482422,78.19499969482422,78.19499969482422,721,0.0,0.0,0.0
2024-08-14 14:45:00-04:00,78.19000244140625,78.19000244140625,78.19000244140625,78.19000244140625,251,0.0,0.0,0.0
2024-08-14 14:50:00-04:00,78.22000122070312,78.22000122070312,78.21649932861328,78.21649932861328,826,0.0,0.0,0.0
2024-08-14 15:10:00-04:00,78.08499908447266,78.08499908447266,78.08499908447266,78.08499908447266,405,0.0,0.0,0.0
2024-08-14 15:15:00-04:00,78.13999938964844,78.13999938964844,78.13999938964844,78.13999938964844,832,0.0,0.0,0.0
2024-08-14 15:25:00-04:00,78.12999725341797,78.12999725341797,78.12999725341797,78.12999725341797,114,0.0,0.0,0.0
2024-08-14 15:30:00-04:00,78.12000274658203,78.12000274658203,78.09500122070312,78.09500122070312,324,0.0,0.0,0.0
2024-08-14 15:50:00-04:00,78.2249984741211,78.33499908447266,78.2249984741211,78.33499908447266,2501,0.0,0.0,0.0
2024-08-14 15:55:00-04:00,78.41999816894531,78.42240142822266,78.37000274658203,78.37000274658203,0,0.0,0.0,0.0
2024-08-15 09:30:00-04:00,79.08999633789062,79.08999633789062,79.08999633789062,79.08999633789062,1057,0.0,0.0,0.0
2024-08-15 09:35:00-04:00,79.38999938964844,79.44999694824219,79.35820007324219,79.41500091552734,4466,0.0,0.0,0.0
2024-08-15 09:40:00-04:00,79.44999694824219,79.44999694824219,79.44999694824219,79.44999694824219,174,0.0,0.0,0.0
2024-08-15 10:00:00-04:00,79.57279968261719,79.57279968261719,79.5199966430664,79.5199966430664,240,0.0,0.0,0.0
2024-08-15 10:05:00-04:00,79.40499877929688,79.40499877929688,79.40499877929688,79.40499877929688,284,0.0,0.0,0.0
2024-08-15 10:10:00-04:00,79.29219818115234,79.44999694824219,79.29219818115234,79.44999694824219,904,0.0,0.0,0.0
2024-08-15 10:15:00-04:00,79.41999816894531,79.41999816894531,79.41999816894531,79.41999816894531,550,0.0,0.0,0.0
2024-08-15 10:20:00-04:00,79.51000213623047,79.51000213623047,79.50990295410156,79.50990295410156,1327,0.0,0.0,0.0
2024-08-15 10:55:00-04:00,79.6449966430664,79.6449966430664,79.6449966430664,79.6449966430664,288,0.0,0.0,0.0
2024-08-15 11:00:00-04:00,79.66000366210938,79.73999786376953,79.66000366210938,79.70249938964844,4082,0.0,0.0,0.0
2024-08-15 11:05:00-04:00,79.6875,79.6875,79.6875,79.6875,256,0.0,0.0,0.0
2024-08-15 11:15:00-04:00,79.77249908447266,79.77249908447266,79.77249908447266,79.77249908447266,562,0.0,0.0,0.0
2024-08-15 11:25:00-04:00,79.83499908447266,79.83499908447266,79.78990173339844,79.78990173339844,1488,0.0,0.0,0.0
2024-08-15 11:35:00-04:00,79.7750015258789,79.7750015258789,79.7750015258789,79.7750015258789,231,0.0,0.0,0.0
2024-08-15 11:40:00-04:00,79.87000274658203,79.87000274658203,79.87000274658203,79.87000274658203,225,0.0,0.0,0.0
2024-08-15 11:45:00-04:00,79.86499786376953,79.86499786376953,79.86499786376953,79.86499786376953,1154,0.0,0.0,0.0
2024-08-15 11:50:00-04:00,79.87000274658203,79.87000274658203,79.87000274658203,79.87000274658203,452,0.0,0.0,0.0
2024-08-15 12:30:00-04:00,79.97000122070312,79.97000122070312,79.97000122070312,79.97000122070312,715,0.0,0.0,0.0
2024-08-15 12:35:00-04:00,79.95909881591797,79.95909881591797,79.95909881591797,79.95909881591797,279,0.0,0.0,0.0
2024-08-15 12:40:00-04:00,79.88999938964844,79.89990234375,79.87999725341797,79.88990020751953,2032,0.0,0.0,0.0
2024-08-15 12:55:00-04:00,79.83599853515625,79.83599853515625,79.83599853515625,79.83599853515625,368,0.0,0.0,0.0
2024-08-15 13:05:00-04:00,79.86000061035156,79.86000061035156,79.83999633789062,79.83999633789062,679,0.0,0.0,0.0
2024-08-15 13:15:00-04:00,79.9000015258789,79.9000015258789,79.89990234375,79.89990234375,1358,0.0,0.0,0.0
2024-08-15 13:20:00-04:00,79.88999938964844,79.88999938964844,79.88999938964844,79.88999938964844,104,0.0,0.0,0.0
2024-08-15 13:30:00-04:00,79.98999786376953,79.98999786376953,79.9800033569336,79.98999786376953,1895,0.0,0.0,0.0
2024-08-15 13:55:00-04:00,80.07990264892578,80.08300018310547,80.06999969482422,80.08300018310547,805,0.0,0.0,0.0
2024-08-15 14:15:00-04:00,80.05500030517578,80.05500030517578,80.05500030517578,80.05500030517578,146,0.0,0.0,0.0
2024-08-15 14:25:00-04:00,80.08000183105469,80.08000183105469,80.04000091552734,80.04000091552734,1351,0.0,0.0,0.0
2024-08-15 14:45:00-04:00,80.12000274658203,80.12000274658203,80.12000274658203,80.12000274658203,657,0.0,0.0,0.0
2024-08-15 14:50:00-04:00,80.05500030517578,80.05500030517578,80.05500030517578,80.05500030517578,126,0.0,0.0,0.0
2024-08-15 14:55:00-04:00,80.0801010131836,80.0801010131836,80.0801010131836,80.0801010131836,313,0.0,0.0,0.0
2024-08-15 15:05:00-04:00,80.07009887695312,80.09459686279297,80.07009887695312,80.09459686279297,468,0.0,0.0,0.0
2024-08-15 15:10:00-04:00,80.05999755859375,80.05999755859375,80.01010131835938,80.01010131835938,858,0.0,0.0,0.0
2024-08-15 15:25:00-04:00,80.05999755859375,80.05999755859375,80.05999755859375,80.05999755859375,159,0.0,0.0,0.0
2024-08-15 15:30:00-04:00,80.06999969482422,80.0999984741211,80.06999969482422,80.0999984741211,543,0.0,0.0,0.0
2024-08-15 15:35:00-04:00,80.11000061035156,80.11000061035156,80.11000061035156,80.11000061035156,420,0.0,0.0,0.0
2024-08-15 15:40:00-04:00,80.0999984741211,80.11000061035156,80.0999984741211,80.11000061035156,293,0.0,0.0,0.0
2024-08-15 15:55:00-04:00,80.05500030517578,80.12000274658203,80.0,80.12000274658203,0,0.0,0.0,0.0
2024-08-16 09:30:00-04:00,79.69999694824219,79.69999694824219,79.69999694824219,79.69999694824219,809,0.0,0.0,0.0
2024-08-16 09:35:00-04:00,79.95919799804688,79.95919799804688,79.95919799804688,79.95919799804688,254,0.0,0.0,0.0
2024-08-16 09:45:00-04:00,79.87000274658203,79.87000274658203,79.87000274658203,79.87000274658203,275,0.0,0.0,0.0
2024-08-16 10:00:00-04:00,80.03099822998047,80.0906982421875,80.03099822998047,80.08499908447266,755,0.0,0.0,0.0
2024-08-16 10:20:00-04:00,80.25,80.25,80.25,80.25,511,0.0,0.0,0.0
2024-08-16 10:30:00-04:00,80.25,80.25,80.18000030517578,80.18000030517578,430,0.0,0.0,0.0
2024-08-16 10:35:00-04:00,80.1615982055664,80.1780014038086,80.12000274658203,80.1780014038086,1368,0.0,0.0,0.0
2024-08-16 10:45:00-04:00,80.06999969482422,80.06999969482422,79.91000366210938,79.91000366210938,240,0.0,0.0,0.0
2024-08-16 10:55:00-04:00,79.95500183105469,79.95500183105469,79.95500183105469,79.95500183105469,377,0.0,0.0,0.0
2024-08-16 11:10:00-04:00,79.9749984741211,79.9749984741211,79.9749984741211,79.9749984741211,273,0.0,0.0,0.0
2024-08-16 11:15:00-04:00,80.01499938964844,80.01499938964844,80.01499938964844,80.01499938964844,168,0.0,0.0,0.0
2024-08-16 11:25:00-04:00,80.01000213623047,80.01000213623047,80.01000213623047,80.01000213623047,302,0.0,0.0,0.0
2024-08-16 11:30:00-04:00,80.04989624023438,80.04989624023438,80.04989624023438,80.04989624023438,961,0.0,0.0,0.0
2024-08-16 11:40:00-04:00,80.08499908447266,80.1050033569336,80.08499908447266,80.1050033569336,741,0.0,0.0,0.0
2024-08-16 11:50:00-04:00,80.11499786376953,80.11499786376953,80.11499786376953,80.11499786376953,420,0.0,0.0,0.0
2024-08-16 12:05:00-04:00,80.14640045166016,80.14640045166016,80.14640045166016,80.14640045166016,660,0.0,0.0,0.0
2024-08-16 12:25:00-04:00,80.2572021484375,80.2572021484375,80.2300033569336,80.2300033569336,991,0.0,0.0,0.0
2024-08-16 12:30:00-04:00,80.25499725341797,80.25499725341797,80.25499725341797,80.25499725341797,314,0.0,0.0,0.0
2024-08-16 12:40:00-04:00,80.29499816894531,80.29499816894531,80.29499816894531,80.29499816894531,362,0.0,0.0,0.0
2024-08-16 12:45:00-04:00,80.23999786376953,80.23999786376953,80.23999786376953,80.23999786376953,1038,0.0,0.0,0.0
2024-08-16 12:55:00-04:00,80.43000030517578,80.43000030517578,80.4000015258789,80.4000015258789,666,0.0,0.0,0.0
2024-08-16 13:00:00-04:00,80.37000274658203,80.37000274658203,80.37000274658203,80.37000274658203,231,0.0,0.0,0.0
2024-08-16 13:05:00-04:00,80.37879943847656,80.37879943847656,80.37879943847656,80.37879943847656,343,0.0,0.0,0.0
2024-08-16 13:25:00-04:00,80.375,80.375,80.375,80.375,426,0.0,0.0,0.0
2024-08-16 13:40:00-04:00,80.38999938964844,80.38999938964844,80.37999725341797,80.37999725341797,6117,0.0,0.0,0.0
2024-08-16 13:45:00-04:00,80.4010009765625,80.4010009765625,80.4010009765625,80.4010009765625,155,0.0,0.0,0.0
2024-08-16 13:50:00-04:00,80.30000305175781,80.30229949951172,80.2699966430664,80.30229949951172,746,0.0,0.0,0.0
2024-08-16 14:00:00-04:00,80.33000183105469,80.35469818115234,80.33000183105469,80.33000183105469,1015,0.0,0.0,0.0
2024-08-16 14:10:00-04:00,80.22000122070312,80.22000122070312,80.22000122070312,80.22000122070312,332,0.0,0.0,0.0
2024-08-16 14:15:00-04:00,80.27189636230469,80.27189636230469,80.27189636230469,80.27189636230469,574,0.0,0.0,0.0
2024-08-16 14:20:00-04:00,80.25,80.27069854736328,80.25,80.27069854736328,651,0.0,0.0,0.0
2024-08-16 14:25:00-04:00,80.25,80.25,80.25,80.25,223,0.0,0.0,0.0
2024-08-16 14:30:00-04:00,80.29000091552734,80.30000305175781,80.28500366210938,80.30000305175781,2400,0.0,0.0,0.0
2024-08-16 14:35:00-04:00,80.31999969482422,80.31999969482422,80.28500366210938,80.28500366210938,2080,0.0,0.0,0.0
2024-08-16 14:40:00-04:00,80.25530242919922,80.29900360107422,80.25530242919922,80.26499938964844,1836,0.0,0.0,0.0
2024-08-16 14:45:00-04:00,80.22000122070312,80.22000122070312,80.22000122070312,80.22000122070312,220,0.0,0.0,0.0
2024-08-16 14:55:00-04:00,80.2699966430664,80.29859924316406,80.2699966430664,80.29859924316406,311,0.0,0.0,0.0
2024-08-16 15:00:00-04:00,80.2699966430664,80.28510284423828,80.2699966430664,80.28510284423828,336,0.0,0.0,0.0
2024-08-16 15:05:00-04:00,80.24700164794922,80.27999877929688,80.22000122070312,80.22000122070312,2644,0.0,0.0,0.0
2024-08-16 15:10:00-04:00,80.22000122070312,80.22000122070312,80.20999908447266,80.20999908447266,907,0.0,0.0,0.0
2024-08-16 15:20:00-04:00,80.23989868164062,80.23989868164062,80.18000030517578,80.18000030517578,726,0.0,0.0,0.0
2024-08-16 15:30:00-04:00,80.2300033569336,80.23999786376953,80.20999908447266,80.2300033569336,3543,0.0,0.0,0.0
2024-08-16 15:35:00-04:00,80.25900268554688,80.25900268554688,80.25900268554688,80.25900268554688,836,0.0,0.0,0.0
2024-08-16 15:40:00-04:00,80.21009826660156,80.21009826660156,80.21009826660156,80.21009826660156,257,0.0,0.0,0.0
2024-08-16 15:45:00-04:00,80.13999938964844,80.14360046386719,80.13999938964844,80.13999938964844,903,0.0,0.0,0.0
2024-08-16 15:50:00-04:00,80.1449966430664,80.1500015258789,80.12999725341797,80.1500015258789,331,0.0,0.0,0.0
2024-08-16 15:55:00-04:00,80.19999694824219,80.19999694824219,80.18000030517578,80.18000030517578,487,0.0,0.0,0.0
2024-08-19 09:30:00-04:00,80.36499786376953,80.36499786376953,80.18000030517578,80.3499984741211,2013,0.0,0.0,0.0
2024-08-19 09:35:00-04:00,80.30879974365234,80.30879974365234,80.30879974365234,80.30879974365234,314,0.0,0.0,0.0
2024-08-19 10:00:00-04:00,80.30000305175781,80.30000305175781,80.30000305175781,80.30000305175781,453,0.0,0.0,0.0
2024-08-19 10:10:00-04:00,80.43499755859375,80.43499755859375,80.43499755859375,80.43499755859375,224,0.0,0.0,0.0
2024-08-19 10:15:00-04:00,80.36499786376953,80.36499786376953,80.36499786376953,80.36499786376953,469,0.0,0.0,0.0
2024-08-19 10:30:00-04:00,80.37999725341797,80.38999938964844,80.35459899902344,80.35459899902344,839,0.0,0.0,0.0
2024-08-19 10:35:00-04:00,80.3479995727539,80.3479995727539,80.3479995727539,80.3479995727539,1025,0.0,0.0,0.0
2024-08-19 10:55:00-04:00,80.52999877929688,80.52999877929688,80.52999877929688,80.52999877929688,375,0.0,0.0,0.0
2024-08-19 11:10:00-04:00,80.58000183105469,80.58000183105469,80.58000183105469,80.58000183105469,1680,0.0,0.0,0.0
2024-08-19 11:20:00-04:00,80.58000183105469,80.58000183105469,80.58000183105469,80.58000183105469,593,0.0,0.0,0.0
2024-08-19 11:55:00-04:00,80.66000366210938,80.66000366210938,80.66000366210938,80.66000366210938,421,0.0,0.0,0.0
2024-08-19 12:10:00-04:00,80.63819885253906,80.63819885253906,80.63819885253906,80.63819885253906,251,0.0,0.0,0.0
2024-08-19 12:20:00-04:00,80.69010162353516,80.69010162353516,80.69010162353516,80.69010162353516,3577,0.0,0.0,0.0
2024-08-19 12:25:00-04:00,80.69000244140625,80.69000244140625,80.66999816894531,80.66999816894531,329,0.0,0.0,0.0
2024-08-19 12:30:00-04:00,80.71990203857422,80.71990203857422,80.71160125732422,80.71160125732422,585,0.0,0.0,0.0
2024-08-19 12:35:00-04:00,80.67500305175781,80.67500305175781,80.67500305175781,80.67500305175781,205,0.0,0.0,0.0
2024-08-19 12:40:00-04:00,80.7300033569336,80.7300033569336,80.7300033569336,80.7300033569336,378,0.0,0.0,0.0
2024-08-19 12:50:00-04:00,80.76000213623047,80.77899932861328,80.76000213623047,80.77899932861328,251,0.0,0.0,0.0
2024-08-19 12:55:00-04:00,80.83450317382812,80.83450317382812,80.80999755859375,80.80999755859375,1172,0.0,0.0,0.0
2024-08-19 13:15:00-04:00,80.81999969482422,80.81999969482422,80.81999969482422,80.81999969482422,100,0.0,0.0,0.0
2024-08-19 13:20:00-04:00,80.81500244140625,80.81500244140625,80.80740356445312,80.80740356445312,1623,0.0,0.0,0.0
2024-08-19 13:25:00-04:00,80.84500122070312,80.84500122070312,80.84500122070312,80.84500122070312,136,0.0,0.0,0.0
2024-08-19 13:30:00-04:00,80.86000061035156,80.86000061035156,80.86000061035156,80.86000061035156,267,0.0,0.0,0.0
2024-08-19 13:40:00-04:00,80.91000366210938,80.91000366210938,80.91000366210938,80.91000366210938,384,0.0,0.0,0.0
2024-08-19 13:45:00-04:00,80.89510345458984,80.89510345458984,80.89510345458984,80.89510345458984,278,0.0,0.0,0.0
2024-08-19 14:00:00-04:00,80.94000244140625,80.94000244140625,80.94000244140625,80.94000244140625,404,0.0,0.0,0.0
2024-08-19 14:05:00-04:00,80.93000030517578,80.93000030517578,80.93000030517578,80.93000030517578,235,0.0,0.0,0.0
2024-08-19 14:15:00-04:00,80.94999694824219,80.94999694824219,80.94999694824219,80.94999694824219,238,0.0,0.0,0.0
2024-08-19 14:20:00-04:00,80.94349670410156,80.94349670410156,80.94349670410156,80.94349670410156,910,0.0,0.0,0.0
2024-08-19 14:25:00-04:00,80.94950103759766,80.94950103759766,80.94950103759766,80.94950103759766,538,0.0,0.0,0.0
2024-08-19 14:40:00-04:00,80.97000122070312,81.05000305175781,80.97000122070312,81.04000091552734,9696,0.0,0.0,0.0
2024-08-19 14:45:00-04:00,81.02999877929688,81.05999755859375,81.02999877929688,81.05999755859375,259,0.0,0.0,0.0
2024-08-19 14:50:00-04:00,81.02999877929688,81.03170013427734,81.0199966430664,81.0199966430664,681,0.0,0.0,0.0
2024-08-19 14:55:00-04:00,80.9800033569336,80.9800033569336,80.9800033569336,80.9800033569336,224,0.0,0.0,0.0
2024-08-19 15:05:00-04:00,80.96499633789062,80.99189758300781,80.96499633789062,80.99189758300781,1070,0.0,0.0,0.0
2024-08-19 15:15:00-04:00,81.00900268554688,81.01000213623047,81.00900268554688,81.01000213623047,363,0.0,0.0,0.0
2024-08-19 15:30:00-04:00,81.05500030517578,81.05500030517578,81.05500030517578,81.05500030517578,264,0.0,0.0,0.0
2024-08-19 15:35:00-04:00,81.01499938964844,81.01499938964844,81.01499938964844,81.01499938964844,912,0.0,0.0,0.0
2024-08-19 15:45:00-04:00,81.01950073242188,81.04000091552734,81.01950073242188,81.04000091552734,562,0.0,0.0,0.0
2024-08-19 15:50:00-04:00,81.06999969482422,81.16999816894531,81.06999969482422,81.16999816894531,731,0.0,0.0,0.0
2024-08-19 15:55:00-04:00,81.26000213623047,81.33999633789062,81.26000213623047,81.33999633789062,907,0.0,0.0,0.0
2024-08-20 09:30:00-04:00,81.29000091552734,81.29000091552734,81.29000091552734,81.29000091552734,943,0.0,0.0,0.0
2024-08-20 09:40:00-04:00,81.47000122070312,81.47000122070312,81.47000122070312,81.47000122070312,110,0.0,0.0,0.0
2024-08-20 09:45:00-04:00,81.5999984741211,81.5999984741211,81.5999984741211,81.5999984741211,701,0.0,0.0,0.0
2024-08-20 09:55:00-04:00,81.62000274658203,81.66999816894531,81.62000274658203,81.66999816894531,466,0.0,0.0,0.0
2024-08-20 10:00:00-04:00,81.60189819335938,81.60189819335938,81.60189819335938,81.60189819335938,130,0.0,0.0,0.0
2024-08-20 10:10:00-04:00,81.4800033569336,81.4917984008789,81.33000183105469,81.33000183105469,1325,0.0,0.0,0.0
2024-08-20 10:20:00-04:00,81.3386001586914,81.3386001586914,81.3386001586914,81.3386001586914,152,0.0,0.0,0.0
2024-08-20 10:25:00-04:00,81.22000122070312,81.22000122070312,81.22000122070312,81.22000122070312,402,0.0,0.0,0.0
2024-08-20 10:35:00-04:00,81.01000213623047,81.01000213623047,81.01000213623047,81.01000213623047,413,0.0,0.0,0.0
2024-08-20 10:50:00-04:00,81.16549682617188,81.16549682617188,81.16549682617188,81.16549682617188,1127,0.0,0.0,0.0
2024-08-20 11:00:00-04:00,81.08999633789062,81.08999633789062,81.08999633789062,81.08999633789062,211,0.0,0.0,0.0
2024-08-20 11:10:00-04:00,81.08000183105469,81.0999984741211,81.08000183105469,81.0999984741211,266,0.0,0.0,0.0
2024-08-20 11:20:00-04:00,81.14320373535156,81.14320373535156,81.14320373535156,81.14320373535156,389,0.0,0.0,0.0
2024-08-20 11:40:00-04:00,81.16999816894531,81.16999816894531,81.12999725341797,81.12999725341797,217,0.0,0.0,0.0
2024-08-20 11:45:00-04:00,81.1177978515625,81.1177978515625,81.1177978515625,81.1177978515625,260,0.0,0.0,0.0
2024-08-20 12:00:00-04:00,81.33499908447266,81.33499908447266,81.28500366210938,81.31539916992188,751,0.0,0.0,0.0
2024-08-20 12:10:00-04:00,81.28050231933594,81.28050231933594,81.28050231933594,81.28050231933594,919,0.0,0.0,0.0
2024-08-20 12:15:00-04:00,81.19499969482422,81.19499969482422,81.19499969482422,81.19499969482422,268,0.0,0.0,0.0
2024-08-20 12:20:00-04:00,81.16600036621094,81.16600036621094,81.16600036621094,81.16600036621094,121,0.0,0.0,0.0
2024-08-20 12:25:00-04:00,81.1449966430664,81.1449966430664,81.1449966430664,81.1449966430664,160,0.0,0.0,0.0
2024-08-20 12:30:00-04:00,81.16000366210938,81.16000366210938,81.16000366210938,81.16000366210938,305,0.0,0.0,0.0
2024-08-20 12:35:00-04:00,81.09120178222656,81.09120178222656,81.09120178222656,81.09120178222656,143,0.0,0.0,0.0
2024-08-20 12:40:00-04:00,81.125,81.125,81.125,81.125,212,0.0,0.0,0.0
2024-08-20 12:50:00-04:00,81.08000183105469,81.08000183105469,81.08000183105469,81.08000183105469,256,0.0,0.0,0.0
2024-08-20 12:55:00-04:00,81.04679870605469,81.04679870605469,81.04679870605469,81.04679870605469,321,0.0,0.0,0.0
2024-08-20 13:20:00-04:00,81.03500366210938,81.03500366210938,81.02649688720703,81.02649688720703,331,0.0,0.0,0.0
2024-08-20 13:25:00-04:00,81.05390167236328,81.05390167236328,81.05390167236328,81.05390167236328,505,0.0,0.0,0.0
2024-08-20 14:00:00-04:00,81.10679626464844,81.10679626464844,81.10679626464844,81.10679626464844,707,0.0,0.0,0.0
2024-08-20 14:10:00-04:00,81.23999786376953,81.23999786376953,81.23999786376953,81.23999786376953,265,0.0,0.0,0.0
2024-08-20 14:20:00-04:00,81.33000183105469,81.33000183105469,81.33000183105469,81.33000183105469,160,0.0,0.0,0.0
2024-08-20 14:25:00-04:00,81.29499816894531,81.30069732666016,81.29499816894531,81.30069732666016,829,0.0,0.0,0.0
2024-08-20 14:30:00-04:00,81.268798828125,81.268798828125,81.268798828125,81.268798828125,469,0.0,0.0,0.0
2024-08-20 14:35:00-04:00,81.33149719238281,81.33149719238281,81.33149719238281,81.33149719238281,499,0.0,0.0,0.0
2024-08-20 14:55:00-04:00,81.26499938964844,81.26499938964844,81.26499938964844,81.26499938964844,608,0.0,0.0,0.0
2024-08-20 15:00:00-04:00,81.31990051269531,81.31990051269531,81.31990051269531,81.31990051269531,659,0.0,0.0,0.0
2024-08-20 15:10:00-04:00,81.26000213623047,81.26000213623047,81.26000213623047,81.26000213623047,2000,0.0,0.0,0.0
2024-08-20 15:15:00-04:00,81.27680206298828,81.27680206298828,81.27680206298828,81.27680206298828,537,0.0,0.0,0.0
2024-08-20 15:20:00-04:00,81.26000213623047,81.26000213623047,81.26000213623047,81.26000213623047,127,0.0,0.0,0.0
2024-08-20 15:25:00-04:00,81.2406005859375,81.2406005859375,81.22000122070312,81.22000122070312,20842,0.0,0.0,0.0
2024-08-20 15:30:00-04:00,81.18000030517578,81.19999694824219,81.18000030517578,81.19000244140625,99166,0.0,0.0,0.0
2024-08-20 15:45:00-04:00,81.19000244140625,81.19499969482422,81.19000244140625,81.19499969482422,854,0.0,0.0,0.0
2024-08-20 15:50:00-04:00,81.2699966430664,81.2699966430664,81.2593002319336,81.2593002319336,331,0.0,0.0,0.0
2024-08-20 15:55:00-04:00,81.1500015258789,81.18000030517578,81.1500015258789,81.1500015258789,788,0.0,0.0,0.0
2024-08-21 09:30:00-04:00,81.31999969482422,81.31999969482422,81.31999969482422,81.31999969482422,0,0.0,0.0,0.0
2024-08-21 09:35:00-04:00,81.19000244140625,81.25,81.19000244140625,81.2249984741211,968,0.0,0.0,0.0
2024-08-21 09:40:00-04:00,81.25,81.25,81.25,81.25,168,0.0,0.0,0.0
2024-08-21 09:50:00-04:00,81.34500122070312,81.34500122070312,81.34500122070312,81.34500122070312,496,0.0,0.0,0.0
2024-08-21 10:00:00-04:00,81.40660095214844,81.40660095214844,81.40660095214844,81.40660095214844,102,0.0,0.0,0.0
2024-08-21 10:05:00-04:00,81.44499969482422,81.44999694824219,81.3949966430664,81.44999694824219,1080,0.0,0.0,0.0
2024-08-21 10:10:00-04:00,81.41500091552734,81.44000244140625,81.41500091552734,81.44000244140625,528,0.0,0.0,0.0
2024-08-21 10:35:00-04:00,81.46530151367188,81.56500244140625,81.46530151367188,81.56500244140625,661,0.0,0.0,0.0
2024-08-21 10:45:00-04:00,81.55000305175781,81.55000305175781,81.55000305175781,81.55000305175781,178,0.0,0.0,0.0
2024-08-21 10:50:00-04:00,81.19999694824219,81.19999694824219,81.19999694824219,81.19999694824219,102,0.0,0.0,0.0
2024-08-21 10:55:00-04:00,81.27850341796875,81.27850341796875,81.27850341796875,81.27850341796875,808,0.0,0.0,0.0
2024-08-21 11:00:00-04:00,81.26000213623047,81.26000213623047,81.26000213623047,81.26000213623047,169,0.0,0.0,0.0
2024-08-21 11:15:00-04:00,81.38999938964844,81.38999938964844,81.38999938964844,81.38999938964844,285,0.0,0.0,0.0
2024-08-21 11:25:00-04:00,81.38999938964844,81.4000015258789,81.38999938964844,81.4000015258789,3912,0.0,0.0,0.0
2024-08-21 11:35:00-04:00,81.34500122070312,81.34500122070312,81.34500122070312,81.34500122070312,234,0.0,0.0,0.0
2024-08-21 11:40:00-04:00,81.31999969482422,81.31999969482422,81.31710052490234,81.31710052490234,361,0.0,0.0,0.0
2024-08-21 11:50:00-04:00,81.20570373535156,81.20570373535156,81.20570373535156,81.20570373535156,109,0.0,0.0,0.0
2024-08-21 11:55:00-04:00,81.16999816894531,81.16999816894531,81.16200256347656,81.16200256347656,386,0.0,0.0,0.0
2024-08-21 12:00:00-04:00,81.1500015258789,81.1500015258789,81.06999969482422,81.06999969482422,1102,0.0,0.0,0.0
2024-08-21 12:05:00-04:00,81.06500244140625,81.1500015258789,81.06500244140625,81.1500015258789,571,0.0,0.0,0.0
2024-08-21 12:15:00-04:00,81.19550323486328,81.19550323486328,81.19550323486328,81.19550323486328,495,0.0,0.0,0.0
2024-08-21 12:40:00-04:00,81.36499786376953,81.36499786376953,81.36499786376953,81.36499786376953,1579,0.0,0.0,0.0
2024-08-21 12:50:00-04:00,81.40390014648438,81.40390014648438,81.40390014648438,81.40390014648438,460,0.0,0.0,0.0
2024-08-21 13:05:00-04:00,81.44499969482422,81.44499969482422,81.44499969482422,81.44499969482422,1158,0.0,0.0,0.0
2024-08-21 13:25:00-04:00,81.4800033569336,81.4800033569336,81.45500183105469,81.45500183105469,884,0.0,0.0,0.0
2024-08-21 13:45:00-04:00,81.5,81.5,81.48149871826172,81.5,640,0.0,0.0,0.0
2024-08-21 13:55:00-04:00,81.52010345458984,81.52010345458984,81.52010345458984,81.52010345458984,245,0.0,0.0,0.0
2024-08-21 14:00:00-04:00,81.58149719238281,81.58149719238281,81.58149719238281,81.58149719238281,442,0.0,0.0,0.0
2024-08-21 14:10:00-04:00,81.54000091552734,81.54000091552734,81.54000091552734,81.54000091552734,420,0.0,0.0,0.0
2024-08-21 14:20:00-04:00,81.62000274658203,81.62999725341797,81.59590148925781,81.59590148925781,11348,0.0,0.0,0.0
2024-08-21 14:25:00-04:00,81.68000030517578,81.68000030517578,81.68000030517578,81.68000030517578,159,0.0,0.0,0.0
2024-08-21 14:30:00-04:00,81.7300033569336,81.7300033569336,81.7300033569336,81.7300033569336,100,0.0,0.0,0.0
2024-08-21 14:35:00-04:00,81.59609985351562,81.59609985351562,81.59609985351562,81.59609985351562,110,0.0,0.0,0.0
2024-08-21 14:40:00-04:00,81.58999633789062,81.5999984741211,81.58999633789062,81.5999984741211,8847,0.0,0.0,0.0
2024-08-21 14:45:00-04:00,81.59500122070312,81.59500122070312,81.59500122070312,81.59500122070312,235,0.0,0.0,0.0
2024-08-21 14:50:00-04:00,81.59459686279297,81.59459686279297,81.59459686279297,81.59459686279297,365,0.0,0.0,0.0
2024-08-21 14:55:00-04:00,81.58000183105469,81.58000183105469,81.58000183105469,81.58000183105469,147,0.0,0.0,0.0
2024-08-21 15:00:00-04:00,81.55000305175781,81.55999755859375,81.55000305175781,81.55999755859375,2647,0.0,0.0,0.0
2024-08-21 15:20:00-04:00,81.41010284423828,81.41010284423828,81.40499877929688,81.40499877929688,364,0.0,0.0,0.0
2024-08-21 15:30:00-04:00,81.49009704589844,81.49009704589844,81.48999786376953,81.48999786376953,1092,0.0,0.0,0.0
2024-08-21 15:35:00-04:00,81.46499633789062,81.47989654541016,81.45999908447266,81.47989654541016,2264,0.0,0.0,0.0
2024-08-21 15:45:00-04:00,81.49109649658203,81.49109649658203,81.49109649658203,81.49109649658203,321,0.0,0.0,0.0
2024-08-21 15:50:00-04:00,81.56439971923828,81.63400268554688,81.56439971923828,81.63400268554688,1220,0.0,0.0,0.0
2024-08-21 15:55:00-04:00,81.63999938964844,81.63999938964844,81.5999984741211,81.5999984741211,0,0.0,0.0,0.0
2024-08-22 09:30:00-04:00,81.94000244140625,81.94000244140625,81.94000244140625,81.94000244140625,1543,0.0,0.0,0.0
2024-08-22 09:40:00-04:00,81.92369842529297,81.92369842529297,81.92369842529297,81.92369842529297,546,0.0,0.0,0.0
2024-08-22 09:55:00-04:00,81.88140106201172,81.88140106201172,81.88140106201172,81.88140106201172,216,0.0,0.0,0.0
2024-08-22 10:00:00-04:00,81.80079650878906,81.80079650878906,81.80079650878906,81.80079650878906,449,0.0,0.0,0.0
2024-08-22 10:05:00-04:00,81.72000122070312,81.72000122070312,81.72000122070312,81.72000122070312,151,0.0,0.0,0.0
2024-08-22 10:15:00-04:00,81.55999755859375,81.5999984741211,81.55999755859375,81.5999984741211,388,0.0,0.0,0.0
2024-08-22 10:20:00-04:00,81.61499786376953,81.63500213623047,81.59089660644531,81.63500213623047,625,0.0,0.0,0.0
2024-08-22 10:25:00-04:00,81.7249984741211,81.7249984741211,81.65499877929688,81.65499877929688,550,0.0,0.0,0.0
2024-08-22 10:30:00-04:00,81.56500244140625,81.56500244140625,81.56500244140625,81.56500244140625,567,0.0,0.0,0.0
2024-08-22 10:35:00-04:00,81.59500122070312,81.62999725341797,81.59500122070312,81.62989807128906,925,0.0,0.0,0.0
2024-08-22 10:40:00-04:00,81.60009765625,81.62000274658203,81.58000183105469,81.58000183105469,1325,0.0,0.0,0.0
2024-08-22 10:45:00-04:00,81.5,81.5,81.5,81.5,185,0.0,0.0,0.0
2024-08-22 11:10:00-04:00,81.44529724121094,81.44529724121094,81.44529724121094,81.44529724121094,227,0.0,0.0,0.0
2024-08-22 11:15:00-04:00,81.375,81.375,81.375,81.375,101,0.0,0.0,0.0
2024-08-22 11:25:00-04:00,81.25,81.25,81.25,81.25,100,0.0,0.0,0.0
2024-08-22 11:30:00-04:00,81.25,81.25,81.20020294189453,81.20020294189453,1004,0.0,0.0,0.0
2024-08-22 11:40:00-04:00,81.04499816894531,81.04499816894531,81.04499816894531,81.04499816894531,188,0.0,0.0,0.0
2024-08-22 11:45:00-04:00,80.79000091552734,80.91000366210938,80.7699966430664,80.88999938964844,1831,0.0,0.0,0.0
2024-08-22 11:50:00-04:00,80.82499694824219,80.82499694824219,80.78500366210938,80.78500366210938,286,0.0,0.0,0.0
2024-08-22 11:55:00-04:00,80.80999755859375,80.80999755859375,80.80999755859375,80.80999755859375,582,0.0,0.0,0.0
2024-08-22 12:20:00-04:00,81.10060119628906,81.16999816894531,81.10060119628906,81.16999816894531,1043,0.0,0.0,0.0
2024-08-22 12:30:00-04:00,81.29000091552734,81.29000091552734,81.2249984741211,81.2249984741211,453,0.0,0.0,0.0
2024-08-22 12:40:00-04:00,81.27770233154297,81.27770233154297,81.27770233154297,81.27770233154297,445,0.0,0.0,0.0
2024-08-22 12:45:00-04:00,81.24980163574219,81.24980163574219,81.24980163574219,81.24980163574219,235,0.0,0.0,0.0
2024-08-22 12:55:00-04:00,80.875,80.875,80.875,80.875,102,0.0,0.0,0.0
2024-08-22 13:15:00-04:00,80.87999725341797,80.87999725341797,80.87000274658203,80.87000274658203,410,0.0,0.0,0.0
2024-08-22 13:20:00-04:00,80.88269805908203,80.88269805908203,80.88269805908203,80.88269805908203,284,0.0,0.0,0.0
2024-08-22 13:30:00-04:00,80.79000091552734,80.79000091552734,80.63999938964844,80.70500183105469,2022,0.0,0.0,0.0
2024-08-22 13:40:00-04:00,80.74929809570312,80.74929809570312,80.74929809570312,80.74929809570312,2163,0.0,0.0,0.0
2024-08-22 13:45:00-04:00,80.67500305175781,80.67500305175781,80.67500305175781,80.67500305175781,634,0.0,0.0,0.0
2024-08-22 13:50:00-04:00,80.55999755859375,80.55999755859375,80.55999755859375,80.55999755859375,203,0.0,0.0,0.0
2024-08-22 14:15:00-04:00,80.62000274658203,80.62000274658203,80.62000274658203,80.62000274658203,345,0.0,0.0,0.0
2024-08-22 14:25:00-04:00,80.6500015258789,80.6500015258789,80.6500015258789,80.6500015258789,109,0.0,0.0,0.0
2024-08-22 14:30:00-04:00,80.61000061035156,80.61000061035156,80.61000061035156,80.61000061035156,178,0.0,0.0,0.0
2024-08-22 14:35:00-04:00,80.59010314941406,80.59010314941406,80.59010314941406,80.59010314941406,224,0.0,0.0,0.0
2024-08-22 14:40:00-04:00,80.6500015258789,80.6500015258789,80.6500015258789,80.6500015258789,176,0.0,0.0,0.0
2024-08-22 14:45:00-04:00,80.70030212402344,80.7300033569336,80.66500091552734,80.7300033569336,870,0.0,0.0,0.0
2024-08-22 14:50:00-04:00,80.67500305175781,80.67500305175781,80.66000366210938,80.66000366210938,846,0.0,0.0,0.0
2024-08-22 15:25:00-04:00,80.39070129394531,80.39070129394531,80.39070129394531,80.39070129394531,2138,0.0,0.0,0.0
2024-08-22 15:30:00-04:00,80.4000015258789,80.4000015258789,80.4000015258789,80.4000015258789,100,0.0,0.0,0.0
2024-08-22 15:35:00-04:00,80.37999725341797,80.37999725341797,80.37999725341797,80.37999725341797,292,0.0,0.0,0.0
2024-08-22 15:40:00-04:00,80.39009857177734,80.3949966430664,80.39009857177734,80.3949966430664,410,0.0,0.0,0.0
2024-08-22 15:45:00-04:00,80.40499877929688,80.40499877929688,80.40499877929688,80.40499877929688,115,0.0,0.0,0.0
2024-08-22 15:50:00-04:00,80.4000015258789,80.4000015258789,80.29000091552734,80.31999969482422,747,0.0,0.0,0.0
2024-08-22 15:55:00-04:00,80.33000183105469,80.4000015258789,80.30000305175781,80.4000015258789,1322,0.0,0.0,0.0
2024-08-23 09:30:00-04:00,81.12000274658203,81.12000274658203,81.01000213623047,81.01000213623047,937,0.0,0.0,0.0
2024-08-23 09:35:00-04:00,81.1449966430664,81.1449966430664,81.1449966430664,81.1449966430664,273,0.0,0.0,0.0
2024-08-23 09:50:00-04:00,81.23999786376953,81.23999786376953,81.20999908447266,81.20999908447266,1080,0.0,0.0,0.0
2024-08-23 10:00:00-04:00,81.54000091552734,81.54000091552734,81.54000091552734,81.54000091552734,102,0.0,0.0,0.0
2024-08-23 10:05:00-04:00,81.43000030517578,81.43000030517578,81.43000030517578,81.43000030517578,110,0.0,0.0,0.0
2024-08-23 10:10:00-04:00,81.69010162353516,81.69010162353516,81.66000366210938,81.66000366210938,755,0.0,0.0,0.0
2024-08-23 10:15:00-04:00,81.74500274658203,81.74500274658203,81.44999694824219,81.44999694824219,536,0.0,0.0,0.0
2024-08-23 10:25:00-04:00,81.69499969482422,81.74500274658203,81.69499969482422,81.74500274658203,2751,0.0,0.0,0.0
2024-08-23 10:30:00-04:00,81.65499877929688,81.65499877929688,81.65499877929688,81.65499877929688,2045,0.0,0.0,0.0
2024-08-23 10:40:00-04:00,81.41000366210938,81.48999786376953,81.41000366210938,81.48999786376953,2201,0.0,0.0,0.0
2024-08-23 10:45:00-04:00,81.16999816894531,81.16999816894531,80.86000061035156,80.86000061035156,1881,0.0,0.0,0.0
2024-08-23 10:50:00-04:00,80.83979797363281,80.83979797363281,80.83979797363281,80.83979797363281,151,0.0,0.0,0.0
2024-08-23 10:55:00-04:00,81.13999938964844,81.13999938964844,81.13999938964844,81.13999938964844,390,0.0,0.0,0.0
2024-08-23 11:20:00-04:00,81.5,81.5,81.5,81.5,650,0.0,0.0,0.0
2024-08-23 11:30:00-04:00,81.4749984741211,81.4832992553711,81.4749984741211,81.4832992553711,556,0.0,0.0,0.0
2024-08-23 11:50:00-04:00,81.27999877929688,81.27999877929688,81.27999877929688,81.27999877929688,100,0.0,0.0,0.0
2024-08-23 11:55:00-04:00,81.3302993774414,81.3302993774414,81.3302993774414,81.3302993774414,2909,0.0,0.0,0.0
2024-08-23 12:00:00-04:00,81.1449966430664,81.1449966430664,81.13500213623047,81.13500213623047,368,0.0,0.0,0.0
2024-08-23 12:05:00-04:00,81.08989715576172,81.08989715576172,81.08989715576172,81.08989715576172,327,0.0,0.0,0.0
2024-08-23 12:10:00-04:00,81.11499786376953,81.12999725341797,81.11000061035156,81.11000061035156,391,0.0,0.0,0.0
2024-08-23 12:15:00-04:00,80.9800033569336,80.9800033569336,80.9800033569336,80.9800033569336,297,0.0,0.0,0.0
2024-08-23 12:30:00-04:00,80.99169921875,80.99169921875,80.99169921875,80.99169921875,409,0.0,0.0,0.0
2024-08-23 12:35:00-04:00,81.13999938964844,81.1449966430664,81.13999938964844,81.1449966430664,734,0.0,0.0,0.0
2024-08-23 12:50:00-04:00,81.01000213623047,81.01000213623047,81.01000213623047,81.01000213623047,358,0.0,0.0,0.0
2024-08-23 13:15:00-04:00,81.08999633789062,81.08999633789062,81.08999633789062,81.08999633789062,565,0.0,0.0,0.0
2024-08-23 13:20:00-04:00,81.10130310058594,81.10130310058594,81.10130310058594,81.10130310058594,650,0.0,0.0,0.0
2024-08-23 13:45:00-04:00,81.30879974365234,81.32250213623047,81.30879974365234,81.32250213623047,1106,0.0,0.0,0.0
2024-08-23 13:55:00-04:00,81.22000122070312,81.22000122070312,81.22000122070312,81.22000122070312,220,0.0,0.0,0.0
2024-08-23 14:00:00-04:00,81.2300033569336,81.2300033569336,81.2300033569336,81.2300033569336,101,0.0,0.0,0.0
2024-08-23 14:05:00-04:00,81.30709838867188,81.30709838867188,81.30709838867188,81.30709838867188,231,0.0,0.0,0.0
2024-08-23 14:10:00-04:00,81.32499694824219,81.32499694824219,81.32499694824219,81.32499694824219,414,0.0,0.0,0.0
2024-08-23 14:25:00-04:00,81.30999755859375,81.30999755859375,81.30999755859375,81.30999755859375,326,0.0,0.0,0.0
2024-08-23 14:30:00-04:00,81.28299713134766,81.28299713134766,81.28299713134766,81.28299713134766,387,0.0,0.0,0.0
2024-08-23 14:35:00-04:00,81.2947006225586,81.2947006225586,81.2947006225586,81.2947006225586,1082,0.0,0.0,0.0
2024-08-23 14:45:00-04:00,81.33999633789062,81.38999938964844,81.33999633789062,81.36810302734375,496,0.0,0.0,0.0
2024-08-23 14:55:00-04:00,81.34500122070312,81.34500122070312,81.2300033569336,81.29000091552734,719,0.0,0.0,0.0
2024-08-23 15:00:00-04:00,81.24189758300781,81.24189758300781,81.24189758300781,81.24189758300781,222,0.0,0.0,0.0
2024-08-23 15:10:00-04:00,81.34839630126953,81.41000366210938,81.34839630126953,81.41000366210938,1432,0.0,0.0,0.0
2024-08-23 15:15:00-04:00,81.43820190429688,81.43820190429688,81.42500305175781,81.42500305175781,1237,0.0,0.0,0.0
2024-08-23 15:35:00-04:00,81.43000030517578,81.43000030517578,81.43000030517578,81.43000030517578,310,0.0,0.0,0.0
2024-08-23 15:40:00-04:00,81.44999694824219,81.44999694824219,81.44999694824219,81.44999694824219,105,0.0,0.0,0.0
2024-08-23 15:45:00-04:00,81.30999755859375,81.30999755859375,81.30999755859375,81.30999755859375,251,0.0,0.0,0.0
2024-08-23 15:50:00-04:00,81.44999694824219,81.58000183105469,81.44999694824219,81.58000183105469,3059,0.0,0.0,0.0
2024-08-23 15:55:00-04:00,81.5,81.56999969482422,81.5,81.54000091552734,1207,0.0,0.0,0.0
2024-08-26 09:30:00-04:00,81.66000366210938,81.66000366210938,81.66000366210938,81.66000366210938,0,0.0,0.0,0.0
2024-08-26 09:35:00-04:00,81.76930236816406,81.76930236816406,81.7479019165039,81.7479019165039,287,0.0,0.0,0.0
2024-08-26 09:40:00-04:00,81.68000030517578,81.68000030517578,81.68000030517578,81.68000030517578,202,0.0,0.0,0.0
2024-08-26 09:45:00-04:00,81.6449966430664,81.6449966430664,81.58999633789062,81.58999633789062,1059,0.0,0.0,0.0
2024-08-26 10:00:00-04:00,81.49009704589844,81.49009704589844,81.49009704589844,81.49009704589844,407,0.0,0.0,0.0
2024-08-26 10:10:00-04:00,81.34349822998047,81.34349822998047,81.2699966430664,81.2699966430664,1335,0.0,0.0,0.0
2024-08-26 10:15:00-04:00,81.2698974609375,81.2698974609375,81.2698974609375,81.2698974609375,165,0.0,0.0,0.0
2024-08-26 10:20:00-04:00,81.19499969482422,81.19499969482422,81.19499969482422,81.19499969482422,426,0.0,0.0,0.0
2024-08-26 10:25:00-04:00,81.27999877929688,81.27999877929688,81.27999877929688,81.27999877929688,129,0.0,0.0,0.0
2024-08-26 10:30:00-04:00,81.19000244140625,81.19000244140625,81.02999877929688,81.04000091552734,1634,0.0,0.0,0.0
2024-08-26 10:35:00-04:00,80.87000274658203,80.87000274658203,80.87000274658203,80.87000274658203,316,0.0,0.0,0.0
2024-08-26 10:45:00-04:00,81.033203125,81.033203125,81.033203125,81.033203125,877,0.0,0.0,0.0
2024-08-26 11:00:00-04:00,81.16000366210938,81.16999816894531,81.16000366210938,81.16999816894531,1052,0.0,0.0,0.0
2024-08-26 11:05:00-04:00,81.13999938964844,81.19000244140625,81.13999938964844,81.19000244140625,1986,0.0,0.0,0.0
2024-08-26 11:10:00-04:00,81.20999908447266,81.20999908447266,81.20999908447266,81.20999908447266,324,0.0,0.0,0.0
2024-08-26 11:15:00-04:00,81.1050033569336,81.1050033569336,81.1050033569336,81.1050033569336,348,0.0,0.0,0.0
2024-08-26 11:25:00-04:00,81.18000030517578,81.18000030517578,81.18000030517578,81.18000030517578,162,0.0,0.0,0.0
2024-08-26 11:35:00-04:00,81.13999938964844,81.13999938964844,81.13999938964844,81.13999938964844,319,0.0,0.0,0.0
2024-08-26 11:45:00-04:00,81.08999633789062,81.08999633789062,81.08999633789062,81.08999633789062,158,0.0,0.0,0.0
2024-08-26 11:50:00-04:00,81.02259826660156,81.02259826660156,81.02259826660156,81.02259826660156,608,0.0,0.0,0.0
2024-08-26 11:55:00-04:00,80.97270202636719,80.97270202636719,80.97000122070312,80.97000122070312,451,0.0,0.0,0.0
2024-08-26 12:10:00-04:00,80.9749984741211,80.9749984741211,80.9749984741211,80.9749984741211,240,0.0,0.0,0.0
2024-08-26 12:20:00-04:00,81.11000061035156,81.1500015258789,81.11000061035156,81.1500015258789,505,0.0,0.0,0.0
2024-08-26 12:25:00-04:00,81.17970275878906,81.17970275878906,81.17970275878906,81.17970275878906,2715,0.0,0.0,0.0
2024-08-26 12:30:00-04:00,81.22000122070312,81.22000122070312,81.22000122070312,81.22000122070312,187,0.0,0.0,0.0
2024-08-26 12:35:00-04:00,81.23989868164062,81.23989868164062,81.23989868164062,81.23989868164062,173,0.0,0.0,0.0
2024-08-26 12:45:00-04:00,81.2300033569336,81.23989868164062,81.2300033569336,81.23989868164062,860,0.0,0.0,0.0
2024-08-26 13:00:00-04:00,81.13500213623047,81.13500213623047,81.13500213623047,81.13500213623047,232,0.0,0.0,0.0
2024-08-26 13:05:00-04:00,81.1500015258789,81.1500015258789,81.1500015258789,81.1500015258789,174,0.0,0.0,0.0
2024-08-26 13:30:00-04:00,81.05590057373047,81.05590057373047,81.05590057373047,81.05590057373047,443,0.0,0.0,0.0
2024-08-26 13:45:00-04:00,80.93499755859375,80.93499755859375,80.93499755859375,80.93499755859375,252,0.0,0.0,0.0
2024-08-26 13:50:00-04:00,80.8406982421875,80.8406982421875,80.8406982421875,80.8406982421875,116,0.0,0.0,0.0
2024-08-26 13:55:00-04:00,80.81999969482422,80.81999969482422,80.81999969482422,80.81999969482422,146,0.0,0.0,0.0
2024-08-26 14:00:00-04:00,80.9000015258789,80.9000015258789,80.9000015258789,80.9000015258789,430,0.0,0.0,0.0
2024-08-26 14:20:00-04:00,80.94000244140625,80.94000244140625,80.94000244140625,80.94000244140625,243,0.0,0.0,0.0
2024-08-26 14:25:00-04:00,80.9800033569336,80.9800033569336,80.97989654541016,80.97989654541016,2055,0.0,0.0,0.0
2024-08-26 14:30:00-04:00,80.97599792480469,81.0199966430664,80.97599792480469,80.98999786376953,1039,0.0,0.0,0.0
2024-08-26 14:55:00-04:00,81.10379791259766,81.10379791259766,81.10379791259766,81.10379791259766,533,0.0,0.0,0.0
2024-08-26 15:00:00-04:00,81.05000305175781,81.05000305175781,81.05000305175781,81.05000305175781,202,0.0,0.0,0.0
2024-08-26 15:05:00-04:00,81.0000991821289,81.0000991821289,81.0000991821289,81.0000991821289,323,0.0,0.0,0.0
2024-08-26 15:15:00-04:00,81.04000091552734,81.04000091552734,81.04000091552734,81.04000091552734,278,0.0,0.0,0.0
2024-08-26 15:25:00-04:00,81.01000213623047,81.01000213623047,81.01000213623047,81.01000213623047,330,0.0,0.0,0.0
2024-08-26 15:35:00-04:00,81.00530242919922,81.00530242919922,81.00530242919922,81.00530242919922,413,0.0,0.0,0.0
2024-08-26 15:40:00-04:00,80.98500061035156,80.98500061035156,80.98500061035156,80.98500061035156,1309,0.0,0.0,0.0
2024-08-26 15:45:00-04:00,80.93000030517578,80.93000030517578,80.91000366210938,80.91999816894531,1756,0.0,0.0,0.0
2024-08-26 15:55:00-04:00,80.94000244140625,80.9800033569336,80.87999725341797,80.9800033569336,893,0.0,0.0,0.0
2024-08-27 09:30:00-04:00,80.55000305175781,80.7300033569336,80.55000305175781,80.7300033569336,779,0.0,0.0,0.0
2024-08-27 09:35:00-04:00,80.7781982421875,80.7781982421875,80.7781982421875,80.7781982421875,468,0.0,0.0,0.0
2024-08-27 10:10:00-04:00,80.92620086669922,80.92620086669922,80.91999816894531,80.91999816894531,509,0.0,0.0,0.0
2024-08-27 10:15:00-04:00,80.95500183105469,80.95500183105469,80.93000030517578,80.93000030517578,980,0.0,0.0,0.0
2024-08-27 10:20:00-04:00,80.94400024414062,80.94400024414062,80.94400024414062,80.94400024414062,234,0.0,0.0,0.0
2024-08-27 10:30:00-04:00,81.22000122070312,81.22000122070312,81.22000122070312,81.22000122070312,201,0.0,0.0,0.0
2024-08-27 10:35:00-04:00,81.20050048828125,81.20050048828125,81.20050048828125,81.20050048828125,446,0.0,0.0,0.0
2024-08-27 10:40:00-04:00,81.30999755859375,81.30999755859375,81.30989837646484,81.30989837646484,302,0.0,0.0,0.0
2024-08-27 10:45:00-04:00,81.27999877929688,81.29000091552734,81.2666015625,81.2666015625,1426,0.0,0.0,0.0
2024-08-27 10:55:00-04:00,81.30999755859375,81.3499984741211,81.30999755859375,81.3499984741211,511,0.0,0.0,0.0
2024-08-27 11:15:00-04:00,81.36499786376953,81.37000274658203,81.3550033569336,81.36990356445312,4934,0.0,0.0,0.0
2024-08-27 11:30:00-04:00,81.16809844970703,81.19000244140625,81.12000274658203,81.13500213623047,746,0.0,0.0,0.0
2024-08-27 11:45:00-04:00,81.11000061035156,81.11000061035156,81.11000061035156,81.11000061035156,338,0.0,0.0,0.0
2024-08-27 11:50:00-04:00,81.05010223388672,81.05010223388672,81.05010223388672,81.05010223388672,445,0.0,0.0,0.0
2024-08-27 11:55:00-04:00,81.12989807128906,81.12989807128906,81.12989807128906,81.12989807128906,542,0.0,0.0,0.0
2024-08-27 12:15:00-04:00,81.23999786376953,81.23999786376953,81.19000244140625,81.19000244140625,6362,0.0,0.0,0.0
2024-08-27 12:20:00-04:00,81.19000244140625,81.19999694824219,81.18000030517578,81.19999694824219,1253,0.0,0.0,0.0
2024-08-27 12:25:00-04:00,81.20999908447266,81.22989654541016,81.18000030517578,81.18499755859375,1519,0.0,0.0,0.0
2024-08-27 12:30:00-04:00,81.18000030517578,81.2249984741211,81.15049743652344,81.2249984741211,844,0.0,0.0,0.0
2024-08-27 12:35:00-04:00,81.21499633789062,81.2249984741211,81.1500015258789,81.1500015258789,849,0.0,0.0,0.0
2024-08-27 12:40:00-04:00,81.1500015258789,81.1500015258789,81.05999755859375,81.08999633789062,441,0.0,0.0,0.0
2024-08-27 13:25:00-04:00,81.30999755859375,81.30999755859375,81.30999755859375,81.30999755859375,306,0.0,0.0,0.0
2024-08-27 13:35:00-04:00,81.3499984741211,81.3499984741211,81.3499984741211,81.3499984741211,336,0.0,0.0,0.0
2024-08-27 13:55:00-04:00,81.41500091552734,81.41500091552734,81.40260314941406,81.40260314941406,644,0.0,0.0,0.0
2024-08-27 14:05:00-04:00,81.4260025024414,81.4260025024414,81.4260025024414,81.4260025024414,244,0.0,0.0,0.0
2024-08-27 14:15:00-04:00,81.36499786376953,81.36499786376953,81.36499786376953,81.36499786376953,110,0.0,0.0,0.0
2024-08-27 14:25:00-04:00,81.37000274658203,81.37000274658203,81.37000274658203,81.37000274658203,563,0.0,0.0,0.0
2024-08-27 14:50:00-04:00,81.35990142822266,81.35990142822266,81.35990142822266,81.35990142822266,533,0.0,0.0,0.0
2024-08-27 15:05:00-04:00,81.31999969482422,81.31999969482422,81.26499938964844,81.26499938964844,2378,0.0,0.0,0.0
2024-08-27 15:10:00-04:00,81.33000183105469,81.33499908447266,81.33000183105469,81.33499908447266,905,0.0,0.0,0.0
2024-08-27 15:35:00-04:00,81.30000305175781,81.30000305175781,81.2699966430664,81.29000091552734,9652,0.0,0.0,0.0
2024-08-27 15:50:00-04:00,81.30999755859375,81.30999755859375,81.29000091552734,81.29000091552734,1186,0.0,0.0,0.0
2024-08-27 15:55:00-04:00,81.29000091552734,81.33000183105469,81.29000091552734,81.30000305175781,1018,0.0,0.0,0.0
2024-08-28 09:30:00-04:00,81.19999694824219,81.19999694824219,81.1500015258789,81.1500015258789,0,0.0,0.0,0.0
2024-08-28 09:50:00-04:00,80.95999908447266,80.95999908447266,80.95999908447266,80.95999908447266,322,0.0,0.0,0.0
2024-08-28 10:05:00-04:00,81.00499725341797,81.02999877929688,80.94499969482422,80.94499969482422,714,0.0,0.0,0.0
2024-08-28 10:20:00-04:00,81.05989837646484,81.05989837646484,80.9800033569336,80.9800033569336,1124,0.0,0.0,0.0
2024-08-28 10:35:00-04:00,81.03060150146484,81.03060150146484,81.03060150146484,81.03060150146484,838,0.0,0.0,0.0
2024-08-28 10:40:00-04:00,80.86000061035156,80.86000061035156,80.86000061035156,80.86000061035156,404,0.0,0.0,0.0
2024-08-28 11:05:00-04:00,80.53179931640625,80.5613021850586,80.53179931640625,80.5613021850586,946,0.0,0.0,0.0
2024-08-28 11:10:00-04:00,80.40499877929688,80.40499877929688,80.29000091552734,80.31099700927734,521,0.0,0.0,0.0
2024-08-28 11:20:00-04:00,80.26499938964844,80.2699966430664,80.26499938964844,80.2699966430664,588,0.0,0.0,0.0
2024-08-28 11:35:00-04:00,80.4800033569336,80.4800033569336,80.45500183105469,80.45500183105469,968,0.0,0.0,0.0
2024-08-28 12:00:00-04:00,80.58670043945312,80.58670043945312,80.58670043945312,80.58670043945312,810,0.0,0.0,0.0
2024-08-28 12:05:00-04:00,80.57360076904297,80.57360076904297,80.57360076904297,80.57360076904297,302,0.0,0.0,0.0
2024-08-28 12:20:00-04:00,80.38999938964844,80.38999938964844,80.38999938964844,80.38999938964844,127,0.0,0.0,0.0
2024-08-28 12:25:00-04:00,80.41010284423828,80.41010284423828,80.41010284423828,80.41010284423828,789,0.0,0.0,0.0
2024-08-28 12:55:00-04:00,80.66999816894531,80.66999816894531,80.65899658203125,80.66999816894531,486,0.0,0.0,0.0
2024-08-28 13:25:00-04:00,80.53500366210938,80.53500366210938,80.53500366210938,80.53500366210938,227,0.0,0.0,0.0
2024-08-28 13:30:00-04:00,80.56520080566406,80.56520080566406,80.56520080566406,80.56520080566406,466,0.0,0.0,0.0
2024-08-28 13:35:00-04:00,80.58499908447266,80.58999633789062,80.58499908447266,80.58999633789062,976,0.0,0.0,0.0
2024-08-28 14:00:00-04:00,80.06990051269531,80.06990051269531,80.05850219726562,80.05850219726562,574,0.0,0.0,0.0
2024-08-28 14:05:00-04:00,80.16000366210938,80.16000366210938,80.16000366210938,80.16000366210938,256,0.0,0.0,0.0
2024-08-28 14:30:00-04:00,80.16010284423828,80.16010284423828,80.16010284423828,80.16010284423828,1978,0.0,0.0,0.0
2024-08-28 14:35:00-04:00,80.15499877929688,80.15499877929688,80.15499877929688,80.15499877929688,434,0.0,0.0,0.0
2024-08-28 14:45:00-04:00,80.13999938964844,80.13999938964844,80.13999938964844,80.13999938964844,2292,0.0,0.0,0.0
2024-08-28 14:50:00-04:00,80.3104019165039,80.3104019165039,80.3104019165039,80.3104019165039,331,0.0,0.0,0.0
2024-08-28 15:10:00-04:00,80.51000213623047,80.51000213623047,80.51000213623047,80.51000213623047,325,0.0,0.0,0.0
2024-08-28 15:15:00-04:00,80.47000122070312,80.51000213623047,80.47000122070312,80.51000213623047,264,0.0,0.0,0.0
2024-08-28 15:20:00-04:00,80.52999877929688,80.52999877929688,80.48999786376953,80.48999786376953,2356,0.0,0.0,0.0
2024-08-28 15:25:00-04:00,80.54000091552734,80.62000274658203,80.54000091552734,80.62000274658203,3303,0.0,0.0,0.0
2024-08-28 15:35:00-04:00,80.58999633789062,80.58999633789062,80.58999633789062,80.58999633789062,262,0.0,0.0,0.0
2024-08-28 15:40:00-04:00,80.57749938964844,80.58000183105469,80.56999969482422,80.58000183105469,764,0.0,0.0,0.0
2024-08-28 15:45:00-04:00,80.63999938964844,80.66000366210938,80.62999725341797,80.62999725341797,520,0.0,0.0,0.0
2024-08-28 15:50:00-04:00,80.62999725341797,80.75,80.62999725341797,80.70999908447266,2363,0.0,0.0,0.0
2024-08-28 15:55:00-04:00,80.62999725341797,80.62999725341797,80.55999755859375,80.56999969482422,1001,0.0,0.0,0.0
2024-08-29 09:30:00-04:00,80.62999725341797,80.62999725341797,80.62999725341797,80.62999725341797,1300,0.0,0.0,0.0
2024-08-29 09:35:00-04:00,81.04000091552734,81.04000091552734,81.04000091552734,81.04000091552734,238,0.0,0.0,0.0
2024-08-29 09:45:00-04:00,80.82499694824219,80.82499694824219,80.82499694824219,80.82499694824219,927,0.0,0.0,0.0
2024-08-29 09:50:00-04:00,80.91000366210938,80.91000366210938,80.91000366210938,80.91000366210938,200,0.0,0.0,0.0
2024-08-29 09:55:00-04:00,81.01000213623047,81.12999725341797,81.01000213623047,81.12999725341797,503,0.0,0.0,0.0
2024-08-29 10:00:00-04:00,81.22000122070312,81.22000122070312,81.0353012084961,81.0353012084961,530,0.0,0.0,0.0
2024-08-29 10:10:00-04:00,80.91600036621094,80.91600036621094,80.91600036621094,80.91600036621094,132,0.0,0.0,0.0
2024-08-29 10:15:00-04:00,80.97000122070312,80.97000122070312,80.73999786376953,80.73999786376953,789,0.0,0.0,0.0
2024-08-29 10:20:00-04:00,80.80999755859375,80.84500122070312,80.80999755859375,80.84500122070312,300,0.0,0.0,0.0
2024-08-29 10:25:00-04:00,80.91500091552734,80.93840026855469,80.91500091552734,80.93840026855469,657,0.0,0.0,0.0
2024-08-29 10:35:00-04:00,80.97000122070312,80.97000122070312,80.97000122070312,80.97000122070312,331,0.0,0.0,0.0
2024-08-29 10:50:00-04:00,81.18499755859375,81.18499755859375,81.18499755859375,81.18499755859375,130,0.0,0.0,0.0
2024-08-29 10:55:00-04:00,81.16010284423828,81.16010284423828,81.06999969482422,81.08059692382812,2488,0.0,0.0,0.0
2024-08-29 11:15:00-04:00,81.19000244140625,81.19000244140625,81.04000091552734,81.04000091552734,278,0.0,0.0,0.0
2024-08-29 11:20:00-04:00,80.97000122070312,80.97000122070312,80.97000122070312,80.97000122070312,204,0.0,0.0,0.0
2024-08-29 11:45:00-04:00,81.05000305175781,81.05000305175781,81.0199966430664,81.0199966430664,206,0.0,0.0,0.0
2024-08-29 11:55:00-04:00,80.99240112304688,80.99240112304688,80.99240112304688,80.99240112304688,136,0.0,0.0,0.0
2024-08-29 12:00:00-04:00,81.03949737548828,81.12000274658203,81.03949737548828,81.12000274658203,973,0.0,0.0,0.0
2024-08-29 12:05:00-04:00,81.18990325927734,81.18990325927734,81.18990325927734,81.18990325927734,337,0.0,0.0,0.0
2024-08-29 12:15:00-04:00,81.09390258789062,81.09390258789062,81.09390258789062,81.09390258789062,394,0.0,0.0,0.0
2024-08-29 12:30:00-04:00,81.15039825439453,81.15039825439453,81.15039825439453,81.15039825439453,554,0.0,0.0,0.0
2024-08-29 12:35:00-04:00,81.15499877929688,81.15499877929688,81.15499877929688,81.15499877929688,200,0.0,0.0,0.0
2024-08-29 12:40:00-04:00,81.17610168457031,81.17610168457031,81.17610168457031,81.17610168457031,569,0.0,0.0,0.0
2024-08-29 12:45:00-04:00,81.1729965209961,81.1729965209961,81.1729965209961,81.1729965209961,108,0.0,0.0,0.0
2024-08-29 12:50:00-04:00,81.08999633789062,81.08999633789062,81.08999633789062,81.08999633789062,213,0.0,0.0,0.0
2024-08-29 13:10:00-04:00,80.93000030517578,80.93000030517578,80.93000030517578,80.93000030517578,100,0.0,0.0,0.0
2024-08-29 13:20:00-04:00,81.01000213623047,81.01000213623047,81.01000213623047,81.01000213623047,147,0.0,0.0,0.0
2024-08-29 13:25:00-04:00,80.94000244140625,81.00990295410156,80.94000244140625,81.00990295410156,717,0.0,0.0,0.0
2024-08-29 13:45:00-04:00,80.94000244140625,80.94000244140625,80.94000244140625,80.94000244140625,158,0.0,0.0,0.0
2024-08-29 13:50:00-04:00,80.90019989013672,80.90019989013672,80.90019989013672,80.90019989013672,443,0.0,0.0,0.0
2024-08-29 13:55:00-04:00,81.0,81.0,80.98999786376953,81.0,392,0.0,0.0,0.0
2024-08-29 14:00:00-04:00,80.95999908447266,80.95999908447266,80.82499694824219,80.82499694824219,416,0.0,0.0,0.0
2024-08-29 14:15:00-04:00,80.79000091552734,80.79000091552734,80.79000091552734,80.79000091552734,1046,0.0,0.0,0.0
2024-08-29 14:25:00-04:00,80.66999816894531,80.66999816894531,80.66999816894531,80.66999816894531,176,0.0,0.0,0.0
2024-08-29 14:30:00-04:00,80.40950012207031,80.40950012207031,80.4000015258789,80.4000015258789,1368,0.0,0.0,0.0
2024-08-29 14:45:00-04:00,79.96009826660156,80.0999984741211,79.96009826660156,80.0999984741211,302,0.0,0.0,0.0
2024-08-29 14:55:00-04:00,80.11000061035156,80.11000061035156,80.08999633789062,80.08999633789062,252,0.0,0.0,0.0
2024-08-29 15:05:00-04:00,80.09380340576172,80.09380340576172,80.09380340576172,80.09380340576172,267,0.0,0.0,0.0
2024-08-29 15:15:00-04:00,80.08999633789062,80.08999633789062,80.05999755859375,80.05999755859375,1868,0.0,0.0,0.0
2024-08-29 15:20:00-04:00,80.04010009765625,80.04010009765625,80.04010009765625,80.04010009765625,309,0.0,0.0,0.0
2024-08-29 15:25:00-04:00,80.08000183105469,80.08000183105469,80.08000183105469,80.08000183105469,150,0.0,0.0,0.0
2024-08-29 15:30:00-04:00,80.12000274658203,80.12000274658203,80.12000274658203,80.12000274658203,128,0.0,0.0,0.0
2024-08-29 15:40:00-04:00,80.20999908447266,80.20999908447266,80.20999908447266,80.20999908447266,170,0.0,0.0,0.0
2024-08-29 15:45:00-04:00,80.19000244140625,80.19000244140625,80.08999633789062,80.08999633789062,367,0.0,0.0,0.0
2024-08-29 15:55:00-04:00,79.98999786376953,80.05000305175781,79.97000122070312,80.05000305175781,822,0.0,0.0,0.0
2024-08-30 09:30:00-04:00,80.69000244140625,80.69000244140625,80.69000244140625,80.69000244140625,639,0.0,0.0,0.0
2024-08-30 09:50:00-04:00,80.64949798583984,80.76000213623047,80.64949798583984,80.76000213623047,788,0.0,0.0,0.0
2024-08-30 10:00:00-04:00,80.87999725341797,80.94499969482422,80.87999725341797,80.94499969482422,423,0.0,0.0,0.0
2024-08-30 10:05:00-04:00,80.91500091552734,80.91500091552734,80.91500091552734,80.91500091552734,186,0.0,0.0,0.0
2024-08-30 10:15:00-04:00,80.7916030883789,80.7916030883789,80.7916030883789,80.7916030883789,196,0.0,0.0,0.0
2024-08-30 10:20:00-04:00,80.62999725341797,80.6449966430664,80.62999725341797,80.6449966430664,234,0.0,0.0,0.0
2024-08-30 10:25:00-04:00,80.58000183105469,80.5999984741211,80.49500274658203,80.5999984741211,984,0.0,0.0,0.0
2024-08-30 10:30:00-04:00,80.66000366210938,80.66000366210938,80.66000366210938,80.66000366210938,238,0.0,0.0,0.0
2024-08-30 10:35:00-04:00,80.75,80.75499725341797,80.75,80.75499725341797,547,0.0,0.0,0.0
2024-08-30 10:40:00-04:00,80.70999908447266,80.70999908447266,80.62999725341797,80.62999725341797,900,0.0,0.0,0.0
2024-08-30 10:45:00-04:00,80.63999938964844,80.63999938964844,80.5999984741211,80.5999984741211,421,0.0,0.0,0.0
2024-08-30 10:55:00-04:00,80.55500030517578,80.55500030517578,80.4198989868164,80.4198989868164,471,0.0,0.0,0.0
2024-08-30 11:00:00-04:00,80.40499877929688,80.43000030517578,80.40499877929688,80.40499877929688,964,0.0,0.0,0.0
2024-08-30 11:15:00-04:00,80.41600036621094,80.41600036621094,80.41600036621094,80.41600036621094,188,0.0,0.0,0.0
2024-08-30 11:25:00-04:00,80.28510284423828,80.28510284423828,80.28510284423828,80.28510284423828,416,0.0,0.0,0.0
2024-08-30 11:30:00-04:00,80.19999694824219,80.19999694824219,80.19999694824219,80.19999694824219,123,0.0,0.0,0.0
2024-08-30 11:35:00-04:00,80.19499969482422,80.22000122070312,80.19499969482422,80.22000122070312,439,0.0,0.0,0.0
2024-08-30 11:50:00-04:00,80.29290008544922,80.32499694824219,80.29290008544922,80.32499694824219,603,0.0,0.0,0.0
2024-08-30 11:55:00-04:00,80.25,80.25,80.22000122070312,80.22000122070312,559,0.0,0.0,0.0
2024-08-30 12:15:00-04:00,80.31999969482422,80.31999969482422,80.27999877929688,80.27999877929688,210,0.0,0.0,0.0
2024-08-30 12:20:00-04:00,80.26000213623047,80.26000213623047,80.26000213623047,80.26000213623047,115,0.0,0.0,0.0
2024-08-30 12:25:00-04:00,80.16000366210938,80.16000366210938,80.08000183105469,80.08000183105469,490,0.0,0.0,0.0
2024-08-30 12:35:00-04:00,80.01000213623047,80.0250015258789,79.97000122070312,80.0250015258789,390,0.0,0.0,0.0
2024-08-30 12:50:00-04:00,80.08999633789062,80.08999633789062,80.08999633789062,80.08999633789062,112,0.0,0.0,0.0
2024-08-30 12:55:00-04:00,80.16000366210938,80.16000366210938,80.16000366210938,80.16000366210938,212,0.0,0.0,0.0
2024-08-30 13:10:00-04:00,80.2699966430664,80.2699966430664,80.2699966430664,80.2699966430664,116,0.0,0.0,0.0
2024-08-30 13:15:00-04:00,80.25499725341797,80.25499725341797,80.25499725341797,80.25499725341797,271,0.0,0.0,0.0
2024-08-30 13:25:00-04:00,80.20999908447266,80.20999908447266,80.20999908447266,80.20999908447266,156,0.0,0.0,0.0
2024-08-30 13:35:00-04:00,80.24500274658203,80.24500274658203,80.23999786376953,80.23999786376953,368,0.0,0.0,0.0
2024-08-30 13:50:00-04:00,80.19190216064453,80.2300033569336,80.18000030517578,80.22000122070312,1595,0.0,0.0,0.0
2024-08-30 13:55:00-04:00,80.20999908447266,80.20999908447266,80.20999908447266,80.20999908447266,321,0.0,0.0,0.0
2024-08-30 14:00:00-04:00,80.19999694824219,80.19999694824219,80.17489624023438,80.17489624023438,1176,0.0,0.0,0.0
2024-08-30 14:05:00-04:00,80.19000244140625,80.2499008178711,80.18009948730469,80.2499008178711,1631,0.0,0.0,0.0
2024-08-30 14:10:00-04:00,80.2300033569336,80.30000305175781,80.2300033569336,80.27999877929688,12865,0.0,0.0,0.0
2024-08-30 14:15:00-04:00,80.29000091552734,80.30000305175781,80.27999877929688,80.30000305175781,451,0.0,0.0,0.0
2024-08-30 14:25:00-04:00,80.33499908447266,80.33999633789062,80.33000183105469,80.33999633789062,615,0.0,0.0,0.0
2024-08-30 14:30:00-04:00,80.31510162353516,80.31510162353516,80.31510162353516,80.31510162353516,205,0.0,0.0,0.0
2024-08-30 14:35:00-04:00,80.33499908447266,80.38999938964844,80.33499908447266,80.38500213623047,727,0.0,0.0,0.0
2024-08-30 14:40:00-04:00,80.38999938964844,80.41000366210938,80.38999938964844,80.38999938964844,705,0.0,0.0,0.0
2024-08-30 14:45:00-04:00,80.40899658203125,80.40899658203125,80.40899658203125,80.40899658203125,352,0.0,0.0,0.0
2024-08-30 14:50:00-04:00,80.44999694824219,80.47000122070312,80.44999694824219,80.46499633789062,762,0.0,0.0,0.0
2024-08-30 14:55:00-04:00,80.44999694824219,80.44999694824219,80.43499755859375,80.43499755859375,309,0.0,0.0,0.0
2024-08-30 15:00:00-04:00,80.44999694824219,80.44999694824219,80.44999694824219,80.44999694824219,124,0.0,0.0,0.0
2024-08-30 15:05:00-04:00,80.46499633789062,80.46499633789062,80.46499633789062,80.46499633789062,379,0.0,0.0,0.0
2024-08-30 15:10:00-04:00,80.44999694824219,80.44999694824219,80.34500122070312,80.34500122070312,909,0.0,0.0,0.0
2024-08-30 15:20:00-04:00,80.51000213623047,80.51000213623047,80.47000122070312,80.47000122070312,1079,0.0,0.0,0.0
2024-08-30 15:25:00-04:00,80.53009796142578,80.61100006103516,80.5199966430664,80.61100006103516,3787,0.0,0.0,0.0
2024-08-30 15:30:00-04:00,80.58999633789062,80.58999633789062,80.5250015258789,80.5250015258789,609,0.0,0.0,0.0
2024-08-30 15:35:00-04:00,80.5199966430664,80.5250015258789,80.48999786376953,80.5250015258789,536,0.0,0.0,0.0
2024-08-30 15:45:00-04:00,80.4749984741211,80.5,80.4749984741211,80.4800033569336,4935,0.0,0.0,0.0
2024-08-30 15:50:00-04:00,80.66000366210938,80.80000305175781,80.66000366210938,80.80000305175781,2370,0.0,0.0,0.0
2024-08-30 15:55:00-04:00,80.83999633789062,80.9000015258789,80.83999633789062,80.9000015258789,421,0.0,0.0,0.0
2024-09-03 09:30:00-04:00,80.41000366210938,80.41000366210938,80.1449966430664,80.1449966430664,2664,0.0,0.0,0.0
2024-09-03 09:35:00-04:00,80.05500030517578,80.11000061035156,80.05500030517578,80.11000061035156,539,0.0,0.0,0.0
2024-09-03 09:45:00-04:00,80.12000274658203,80.12000274658203,80.12000274658203,80.12000274658203,139,0.0,0.0,0.0
2024-09-03 09:50:00-04:00,80.0,80.0,79.96499633789062,79.96499633789062,703,0.0,0.0,0.0
2024-09-03 10:00:00-04:00,79.9000015258789,79.9000015258789,79.9000015258789,79.9000015258789,209,0.0,0.0,0.0
2024-09-03 10:05:00-04:00,79.83399963378906,79.83399963378906,79.83399963378906,79.83399963378906,332,0.0,0.0,0.0
2024-09-03 10:10:00-04:00,79.69999694824219,79.71900177001953,79.66500091552734,79.71900177001953,954,0.0,0.0,0.0
2024-09-03 10:30:00-04:00,79.55500030517578,79.55500030517578,79.55500030517578,79.55500030517578,175,0.0,0.0,0.0
2024-09-03 10:35:00-04:00,79.52999877929688,79.52999877929688,79.48999786376953,79.48999786376953,1622,0.0,0.0,0.0
2024-09-03 10:40:00-04:00,79.55000305175781,79.55000305175781,79.44999694824219,79.44999694824219,596,0.0,0.0,0.0
2024-09-03 10:45:00-04:00,79.41000366210938,79.41000366210938,79.41000366210938,79.41000366210938,177,0.0,0.0,0.0
2024-09-03 11:00:00-04:00,79.26029968261719,79.26029968261719,79.26029968261719,79.26029968261719,220,0.0,0.0,0.0
2024-09-03 11:05:00-04:00,79.36000061035156,79.36000061035156,79.36000061035156,79.36000061035156,341,0.0,0.0,0.0
2024-09-03 11:15:00-04:00,79.37519836425781,79.37519836425781,79.37519836425781,79.37519836425781,143,0.0,0.0,0.0
2024-09-03 11:20:00-04:00,79.41500091552734,79.41500091552734,79.38999938964844,79.38999938964844,355,0.0,0.0,0.0
2024-09-03 11:40:00-04:00,79.36940002441406,79.36940002441406,79.36940002441406,79.36940002441406,122,0.0,0.0,0.0
2024-09-03 11:45:00-04:00,79.29000091552734,79.32510375976562,79.29000091552734,79.29000091552734,1342,0.0,0.0,0.0
2024-09-03 12:05:00-04:00,79.19000244140625,79.19000244140625,79.19000244140625,79.19000244140625,294,0.0,0.0,0.0
2024-09-03 12:10:00-04:00,79.1500015258789,79.1500015258789,79.1500015258789,79.1500015258789,540,0.0,0.0,0.0
2024-09-03 12:15:00-04:00,79.31999969482422,79.31999969482422,79.31999969482422,79.31999969482422,206,0.0,0.0,0.0
2024-09-03 12:20:00-04:00,79.22029876708984,79.22029876708984,79.22029876708984,79.22029876708984,161,0.0,0.0,0.0
2024-09-03 12:30:00-04:00,79.16940307617188,79.16940307617188,79.0999984741211,79.0999984741211,782,0.0,0.0,0.0
2024-09-03 12:35:00-04:00,79.13970184326172,79.13970184326172,79.0999984741211,79.0999984741211,748,0.0,0.0,0.0
2024-09-03 13:00:00-04:00,79.0260009765625,79.0260009765625,79.0260009765625,79.0260009765625,205,0.0,0.0,0.0
2024-09-03 13:15:00-04:00,79.02989959716797,79.02989959716797,78.97000122070312,78.97000122070312,930,0.0,0.0,0.0
2024-09-03 13:20:00-04:00,79.11000061035156,79.11000061035156,79.08999633789062,79.08999633789062,896,0.0,0.0,0.0
2024-09-03 13:35:00-04:00,79.08999633789062,79.08999633789062,79.08999633789062,79.08999633789062,350,0.0,0.0,0.0
2024-09-03 13:45:00-04:00,78.91999816894531,78.95989990234375,78.91999816894531,78.95989990234375,540,0.0,0.0,0.0
2024-09-03 13:55:00-04:00,78.91999816894531,78.91999816894531,78.91999816894531,78.91999816894531,585,0.0,0.0,0.0
2024-09-03 14:10:00-04:00,78.65029907226562,78.65029907226562,78.63500213623047,78.63500213623047,492,0.0,0.0,0.0
2024-09-03 14:15:00-04:00,78.62010192871094,78.63939666748047,78.62000274658203,78.62000274658203,1162,0.0,0.0,0.0
2024-09-03 14:20:00-04:00,78.66000366210938,78.66000366210938,78.58999633789062,78.58999633789062,563,0.0,0.0,0.0
2024-09-03 14:25:00-04:00,78.56999969482422,78.56999969482422,78.56999969482422,78.56999969482422,337,0.0,0.0,0.0
2024-09-03 14:35:00-04:00,78.62000274658203,78.62000274658203,78.58499908447266,78.58499908447266,462,0.0,0.0,0.0
2024-09-03 14:40:00-04:00,78.60009765625,78.60009765625,78.60009765625,78.60009765625,379,0.0,0.0,0.0
2024-09-03 14:55:00-04:00,78.54750061035156,78.54750061035156,78.54750061035156,78.54750061035156,262,0.0,0.0,0.0
2024-09-03 15:00:00-04:00,78.62999725341797,78.62999725341797,78.54000091552734,78.54000091552734,2746,0.0,0.0,0.0
2024-09-03 15:05:00-04:00,78.63999938964844,78.63999938964844,78.63999938964844,78.63999938964844,1116,0.0,0.0,0.0
2024-09-03 15:20:00-04:00,78.5302963256836,78.58899688720703,78.5302963256836,78.55000305175781,993,0.0,0.0,0.0
2024-09-03 15:25:00-04:00,78.5198974609375,78.5198974609375,78.44999694824219,78.44999694824219,12663,0.0,0.0,0.0
2024-09-03 15:30:00-04:00,78.46499633789062,78.47000122070312,78.3906021118164,78.3906021118164,1344,0.0,0.0,0.0
2024-09-03 15:35:00-04:00,78.36000061035156,78.36000061035156,78.36000061035156,78.36000061035156,353,0.0,0.0,0.0
2024-09-03 15:45:00-04:00,78.12999725341797,78.1500015258789,78.0199966430664,78.13999938964844,1549,0.0,0.0,0.0
2024-09-03 15:50:00-04:00,78.18000030517578,78.18000030517578,78.18000030517578,78.18000030517578,220,0.0,0.0,0.0
2024-09-03 15:55:00-04:00,78.33999633789062,78.36000061035156,78.33999633789062,78.3499984741211,1125,0.0,0.0,0.0
2024-09-04 09:30:00-04:00,77.80999755859375,77.80999755859375,77.77999877929688,77.77999877929688,1366,0.0,0.0,0.0
2024-09-04 09:35:00-04:00,78.03500366210938,78.03500366210938,77.97000122070312,77.97000122070312,673,0.0,0.0,0.0
2024-09-04 09:50:00-04:00,78.33000183105469,78.33000183105469,78.33000183105469,78.33000183105469,342,0.0,0.0,0.0
2024-09-04 09:55:00-04:00,78.30999755859375,78.36499786376953,78.30999755859375,78.36000061035156,1101,0.0,0.0,0.0
2024-09-04 10:20:00-04:00,78.25,78.25,78.25,78.25,119,0.0,0.0,0.0
2024-09-04 10:30:00-04:00,78.44000244140625,78.44000244140625,78.44000244140625,78.44000244140625,202,0.0,0.0,0.0
2024-09-04 10:35:00-04:00,78.55000305175781,78.55000305175781,78.55000305175781,78.55000305175781,527,0.0,0.0,0.0
2024-09-04 10:40:00-04:00,78.66000366210938,78.68000030517578,78.66000366210938,78.68000030517578,2920,0.0,0.0,0.0
2024-09-04 10:50:00-04:00,78.6500015258789,78.6500015258789,78.63500213623047,78.63500213623047,615,0.0,0.0,0.0
2024-09-04 10:55:00-04:00,78.80130004882812,78.80130004882812,78.80130004882812,78.80130004882812,0,0.0,0.0,0.0
2024-09-04 11:00:00-04:00,78.9000015258789,78.9000015258789,78.88999938964844,78.89179992675781,8672,0.0,0.0,0.0
2024-09-04 11:05:00-04:00,78.85459899902344,78.85459899902344,78.85459899902344,78.85459899902344,218,0.0,0.0,0.0
2024-09-04 11:10:00-04:00,78.72000122070312,78.72010040283203,78.72000122070312,78.72010040283203,848,0.0,0.0,0.0
2024-09-04 11:20:00-04:00,78.63999938964844,78.63999938964844,78.5999984741211,78.5999984741211,400,0.0,0.0,0.0
2024-09-04 11:30:00-04:00,78.37139892578125,78.4000015258789,78.37139892578125,78.4000015258789,922,0.0,0.0,0.0
2024-09-04 11:50:00-04:00,78.54000091552734,78.54000091552734,78.54000091552734,78.54000091552734,320,0.0,0.0,0.0
2024-09-04 12:00:00-04:00,78.46499633789062,78.46499633789062,78.46499633789062,78.46499633789062,361,0.0,0.0,0.0
2024-09-04 12:05:00-04:00,78.35379791259766,78.4115982055664,78.31999969482422,78.3499984741211,1341,0.0,0.0,0.0
2024-09-04 12:15:00-04:00,78.3949966430664,78.4729995727539,78.36000061035156,78.4729995727539,2193,0.0,0.0,0.0
2024-09-04 12:25:00-04:00,78.58999633789062,78.58999633789062,78.58999633789062,78.58999633789062,122,0.0,0.0,0.0
2024-09-04 12:30:00-04:00,78.67990112304688,78.67990112304688,78.63999938964844,78.63999938964844,843,0.0,0.0,0.0
2024-09-04 12:40:00-04:00,78.66999816894531,78.66999816894531,78.66000366210938,78.66000366210938,315,0.0,0.0,0.0
2024-09-04 13:00:00-04:00,78.54000091552734,78.55999755859375,78.54000091552734,78.55999755859375,601,0.0,0.0,0.0
2024-09-04 13:30:00-04:00,78.5198974609375,78.5198974609375,78.48999786376953,78.51000213623047,1063,0.0,0.0,0.0
2024-09-04 13:45:00-04:00,78.5199966430664,78.56999969482422,78.5199966430664,78.54000091552734,5913,0.0,0.0,0.0
2024-09-04 13:55:00-04:00,78.44000244140625,78.45110321044922,78.43000030517578,78.45110321044922,1030,0.0,0.0,0.0
2024-09-04 14:05:00-04:00,78.49500274658203,78.49500274658203,78.49500274658203,78.49500274658203,231,0.0,0.0,0.0
2024-09-04 14:20:00-04:00,78.38500213623047,78.38999938964844,78.36000061035156,78.38999938964844,2783,0.0,0.0,0.0
2024-09-04 14:25:00-04:00,78.4800033569336,78.4800033569336,78.4800033569336,78.4800033569336,331,0.0,0.0,0.0
2024-09-04 14:30:00-04:00,78.38500213623047,78.38500213623047,78.38500213623047,78.38500213623047,319,0.0,0.0,0.0
2024-09-04 14:35:00-04:00,78.3499984741211,78.3499984741211,78.3499984741211,78.3499984741211,249,0.0,0.0,0.0
2024-09-04 14:40:00-04:00,78.23179626464844,78.23179626464844,78.23179626464844,78.23179626464844,2558,0.0,0.0,0.0
2024-09-04 14:45:00-04:00,78.22000122070312,78.26000213623047,78.22000122070312,78.26000213623047,215,0.0,0.0,0.0
2024-09-04 14:55:00-04:00,78.247802734375,78.247802734375,78.247802734375,78.247802734375,328,0.0,0.0,0.0
2024-09-04 15:00:00-04:00,78.12999725341797,78.15190124511719,78.12999725341797,78.15190124511719,888,0.0,0.0,0.0
2024-09-04 15:05:00-04:00,78.0999984741211,78.12000274658203,78.0999984741211,78.12000274658203,890,0.0,0.0,0.0
2024-09-04 15:15:00-04:00,78.16999816894531,78.16999816894531,78.16999816894531,78.16999816894531,191,0.0,0.0,0.0
2024-09-04 15:20:00-04:00,78.20980072021484,78.20980072021484,78.18000030517578,78.18000030517578,863,0.0,0.0,0.0
2024-09-04 15:25:00-04:00,78.2699966430664,78.27999877929688,78.2699966430664,78.27999877929688,298,0.0,0.0,0.0
2024-09-04 15:30:00-04:00,78.2699966430664,78.31990051269531,78.2699966430664,78.2699966430664,1835,0.0,0.0,0.0
2024-09-04 15:35:00-04:00,78.23999786376953,78.23999786376953,78.20999908447266,78.20999908447266,1685,0.0,0.0,0.0
2024-09-04 15:40:00-04:00,78.27999877929688,78.30000305175781,78.27999877929688,78.30000305175781,1054,0.0,0.0,0.0
2024-09-04 15:45:00-04:00,78.38999938964844,78.38999938964844,78.33000183105469,78.37000274658203,352,0.0,0.0,0.0
2024-09-04 15:50:00-04:00,78.45999908447266,78.48999786376953,78.3499984741211,78.3499984741211,1212,0.0,0.0,0.0
2024-09-04 15:55:00-04:00,78.4000015258789,78.4000015258789,78.30000305175781,78.30000305175781,881,0.0,0.0,0.0
2024-09-05 09:30:00-04:00,78.01000213623047,78.01000213623047,77.80000305175781,77.83999633789062,0,0.0,0.0,0.0
2024-09-05 09:35:00-04:00,78.13610076904297,78.13610076904297,78.13610076904297,78.13610076904297,110,0.0,0.0,0.0
2024-09-05 09:40:00-04:00,78.31500244140625,78.31500244140625,78.26499938964844,78.26499938964844,643,0.0,0.0,0.0
2024-09-05 09:45:00-04:00,78.30999755859375,78.30999755859375,78.25,78.25,261,0.0,0.0,0.0
2024-09-05 10:10:00-04:00,78.31999969482422,78.31999969482422,78.31999969482422,78.31999969482422,168,0.0,0.0,0.0
2024-09-05 10:25:00-04:00,78.51399993896484,78.51399993896484,78.51399993896484,78.51399993896484,250,0.0,0.0,0.0
2024-09-05 10:30:00-04:00,78.58999633789062,78.58999633789062,78.44999694824219,78.44999694824219,2315,0.0,0.0,0.0
2024-09-05 10:35:00-04:00,78.5199966430664,78.5199966430664,78.43000030517578,78.43000030517578,925,0.0,0.0,0.0
2024-09-05 10:40:00-04:00,78.37999725341797,78.44000244140625,78.37999725341797,78.38999938964844,685,0.0,0.0,0.0
2024-09-05 10:50:00-04:00,78.1050033569336,78.1050033569336,78.05999755859375,78.05999755859375,737,0.0,0.0,0.0
2024-09-05 11:05:00-04:00,78.01000213623047,78.01000213623047,77.94999694824219,77.94999694824219,599,0.0,0.0,0.0
2024-09-05 11:10:00-04:00,77.98970031738281,77.98970031738281,77.98970031738281,77.98970031738281,586,0.0,0.0,0.0
2024-09-05 11:25:00-04:00,77.59500122070312,77.62999725341797,77.54000091552734,77.54000091552734,3382,0.0,0.0,0.0
2024-09-05 11:40:00-04:00,77.5999984741211,77.62000274658203,77.55999755859375,77.55999755859375,1724,0.0,0.0,0.0
2024-09-05 11:45:00-04:00,77.69999694824219,77.69999694824219,77.69999694824219,77.69999694824219,304,0.0,0.0,0.0
2024-09-05 11:50:00-04:00,77.62999725341797,77.62999725341797,77.62999725341797,77.62999725341797,160,0.0,0.0,0.0
2024-09-05 11:55:00-04:00,77.58000183105469,77.58000183105469,77.58000183105469,77.58000183105469,211,0.0,0.0,0.0
2024-09-05 12:00:00-04:00,77.53009796142578,77.6666030883789,77.53009796142578,77.65499877929688,752,0.0,0.0,0.0
2024-09-05 12:20:00-04:00,77.7750015258789,77.7750015258789,77.7750015258789,77.7750015258789,579,0.0,0.0,0.0
2024-09-05 12:35:00-04:00,77.86990356445312,77.86990356445312,77.80999755859375,77.80999755859375,1811,0.0,0.0,0.0
2024-09-05 12:40:00-04:00,77.88909912109375,77.88909912109375,77.88909912109375,77.88909912109375,318,0.0,0.0,0.0
2024-09-05 12:50:00-04:00,77.75,77.75,77.72000122070312,77.72000122070312,614,0.0,0.0,0.0
2024-09-05 12:55:00-04:00,77.75,77.75,77.75,77.75,254,0.0,0.0,0.0
2024-09-05 13:15:00-04:00,77.71849822998047,77.74500274658203,77.69000244140625,77.7300033569336,1448,0.0,0.0,0.0
2024-09-05 13:20:00-04:00,77.76000213623047,77.76000213623047,77.76000213623047,77.76000213623047,169,0.0,0.0,0.0
2024-09-05 13:40:00-04:00,77.81549835205078,77.86000061035156,77.81549835205078,77.86000061035156,435,0.0,0.0,0.0
2024-09-05 13:45:00-04:00,78.00499725341797,78.0250015258789,78.00499725341797,78.0250015258789,209,0.0,0.0,0.0
2024-09-05 13:50:00-04:00,78.05899810791016,78.05899810791016,78.0,78.0,552,0.0,0.0,0.0
2024-09-05 13:55:00-04:00,78.0250015258789,78.05999755859375,78.0199966430664,78.0199966430664,927,0.0,0.0,0.0
2024-09-05 14:00:00-04:00,78.08000183105469,78.08000183105469,78.01000213623047,78.0250015258789,649,0.0,0.0,0.0
2024-09-05 14:15:00-04:00,78.02999877929688,78.02999877929688,78.0,78.0,284,0.0,0.0,0.0
2024-09-05 14:20:00-04:00,78.04000091552734,78.0438003540039,77.9800033569336,77.9800033569336,3082,0.0,0.0,0.0
2024-09-05 14:25:00-04:00,77.94000244140625,77.94000244140625,77.94000244140625,77.94000244140625,720,0.0,0.0,0.0
2024-09-05 14:30:00-04:00,78.01000213623047,78.01000213623047,77.95999908447266,77.95999908447266,351,0.0,0.0,0.0
2024-09-05 14:40:00-04:00,78.0199966430664,78.0199966430664,78.0199966430664,78.0199966430664,155,0.0,0.0,0.0
2024-09-05 14:45:00-04:00,78.04000091552734,78.04820251464844,78.04000091552734,78.04820251464844,298,0.0,0.0,0.0
2024-09-05 14:50:00-04:00,78.11009979248047,78.11009979248047,78.02999877929688,78.02999877929688,624,0.0,0.0,0.0
2024-09-05 15:05:00-04:00,77.94000244140625,77.94000244140625,77.94000244140625,77.94000244140625,348,0.0,0.0,0.0
2024-09-05 15:10:00-04:00,77.91000366210938,77.91000366210938,77.86000061035156,77.86000061035156,482,0.0,0.0,0.0
2024-09-05 15:15:00-04:00,77.70999908447266,77.70999908447266,77.70999908447266,77.70999908447266,166,0.0,0.0,0.0
2024-09-05 15:20:00-04:00,77.73500061035156,77.79000091552734,77.73500061035156,77.79000091552734,2754,0.0,0.0,0.0
2024-09-05 15:25:00-04:00,77.79910278320312,77.79910278320312,77.79910278320312,77.79910278320312,342,0.0,0.0,0.0
2024-09-05 15:30:00-04:00,77.8499984741211,77.87000274658203,77.8499984741211,77.87000274658203,5030,0.0,0.0,0.0
2024-09-05 15:40:00-04:00,77.8499984741211,77.8499984741211,77.7699966430664,77.7699966430664,1092,0.0,0.0,0.0
2024-09-05 15:45:00-04:00,77.73999786376953,77.73999786376953,77.69000244140625,77.73999786376953,4483,0.0,0.0,0.0
2024-09-05 15:50:00-04:00,77.77999877929688,77.77999877929688,77.69999694824219,77.72000122070312,1250,0.0,0.0,0.0
2024-09-05 15:55:00-04:00,77.86000061035156,77.97000122070312,77.83000183105469,77.97000122070312,0,0.0,0.0,0.0
2024-09-06 09:30:00-04:00,78.23999786376953,78.23999786376953,77.94999694824219,78.02999877929688,2488,0.0,0.0,0.0
2024-09-06 09:35:00-04:00,78.27999877929688,78.27999877929688,78.1500015258789,78.1500015258789,1246,0.0,0.0,0.0
2024-09-06 09:40:00-04:00,77.7300033569336,77.9800033569336,77.7300033569336,77.9800033569336,829,0.0,0.0,0.0
2024-09-06 09:45:00-04:00,77.91999816894531,77.93000030517578,77.91999816894531,77.93000030517578,202,0.0,0.0,0.0
2024-09-06 09:50:00-04:00,77.74729919433594,77.77999877929688,77.74729919433594,77.77999877929688,811,0.0,0.0,0.0
2024-09-06 09:55:00-04:00,77.63999938964844,77.66999816894531,77.63999938964844,77.6500015258789,331,0.0,0.0,0.0
2024-09-06 10:00:00-04:00,77.41000366210938,77.44000244140625,77.41000366210938,77.44000244140625,325,0.0,0.0,0.0
2024-09-06 10:05:00-04:00,77.51000213623047,77.51000213623047,77.51000213623047,77.51000213623047,311,0.0,0.0,0.0
2024-09-06 10:10:00-04:00,77.5199966430664,77.5199966430664,77.4000015258789,77.41000366210938,324,0.0,0.0,0.0
2024-09-06 10:15:00-04:00,77.38999938964844,77.38999938964844,77.38999938964844,77.38999938964844,301,0.0,0.0,0.0
2024-09-06 10:20:00-04:00,77.4000015258789,77.4000015258789,77.4000015258789,77.4000015258789,101,0.0,0.0,0.0
2024-09-06 10:25:00-04:00,77.06999969482422,77.06999969482422,77.04070281982422,77.04070281982422,489,0.0,0.0,0.0
2024-09-06 10:30:00-04:00,76.9800033569336,77.01000213623047,76.9800033569336,77.01000213623047,635,0.0,0.0,0.0
2024-09-06 10:35:00-04:00,76.86000061035156,76.88899993896484,76.84249877929688,76.87999725341797,2863,0.0,0.0,0.0
2024-09-06 10:40:00-04:00,76.76000213623047,76.76000213623047,76.71499633789062,76.71499633789062,1053,0.0,0.0,0.0
2024-09-06 10:45:00-04:00,76.66999816894531,76.68000030517578,76.66999816894531,76.68000030517578,375,0.0,0.0,0.0
2024-09-06 10:50:00-04:00,76.51000213623047,76.51000213623047,76.51000213623047,76.51000213623047,255,0.0,0.0,0.0
2024-09-06 10:55:00-04:00,76.54000091552734,76.54000091552734,76.48999786376953,76.51000213623047,801,0.0,0.0,0.0
2024-09-06 11:00:00-04:00,76.58000183105469,76.9749984741211,76.58000183105469,76.80000305175781,356,0.0,0.0,0.0
2024-09-06 11:05:00-04:00,76.73999786376953,76.76000213623047,76.70999908447266,76.70999908447266,398,0.0,0.0,0.0
2024-09-06 11:10:00-04:00,76.5999984741211,76.5999984741211,76.51000213623047,76.5999984741211,656,0.0,0.0,0.0
2024-09-06 11:20:00-04:00,76.41000366210938,76.4800033569336,76.41000366210938,76.47000122070312,1631,0.0,0.0,0.0
2024-09-06 11:30:00-04:00,76.45079803466797,76.62999725341797,76.45079803466797,76.52030181884766,2408,0.0,0.0,0.0
2024-09-06 11:40:00-04:00,76.44499969482422,76.47000122070312,76.40499877929688,76.43000030517578,3135,0.0,0.0,0.0
2024-09-06 11:45:00-04:00,76.31999969482422,76.31999969482422,76.31999969482422,76.31999969482422,253,0.0,0.0,0.0
2024-09-06 11:50:00-04:00,76.25,76.25,76.25,76.25,583,0.0,0.0,0.0
2024-09-06 12:00:00-04:00,76.30000305175781,76.30999755859375,76.2699966430664,76.2699966430664,1030,0.0,0.0,0.0
2024-09-06 12:05:00-04:00,76.24009704589844,76.29000091552734,76.24009704589844,76.27999877929688,1237,0.0,0.0,0.0
2024-09-06 12:15:00-04:00,76.27999877929688,76.29000091552734,76.27999877929688,76.27999877929688,357,0.0,0.0,0.0
2024-09-06 12:20:00-04:00,76.23999786376953,76.27999877929688,76.23999786376953,76.27999877929688,914,0.0,0.0,0.0
2024-09-06 12:30:00-04:00,76.25,76.25,76.25,76.25,879,0.0,0.0,0.0
2024-09-06 12:35:00-04:00,76.36000061035156,76.36000061035156,76.36000061035156,76.36000061035156,204,0.0,0.0,0.0
2024-09-06 12:40:00-04:00,76.30999755859375,76.30999755859375,76.30999755859375,76.30999755859375,400,0.0,0.0,0.0
2024-09-06 12:45:00-04:00,76.2300033569336,76.2300033569336,76.22000122070312,76.22000122070312,303,0.0,0.0,0.0
2024-09-06 12:55:00-04:00,76.22000122070312,76.29000091552734,76.22000122070312,76.29000091552734,1031,0.0,0.0,0.0
2024-09-06 13:00:00-04:00,76.2656021118164,76.30000305175781,76.2656021118164,76.30000305175781,846,0.0,0.0,0.0
2024-09-06 13:05:00-04:00,76.37000274658203,76.43000030517578,76.37000274658203,76.43000030517578,228,0.0,0.0,0.0
2024-09-06 13:10:00-04:00,76.4800033569336,76.5199966430664,76.4800033569336,76.5199966430664,667,0.0,0.0,0.0
2024-09-06 13:15:00-04:00,76.4800033569336,76.4800033569336,76.4800033569336,76.4800033569336,238,0.0,0.0,0.0
2024-09-06 13:20:00-04:00,76.5199966430664,76.65119934082031,76.5199966430664,76.65119934082031,691,0.0,0.0,0.0
2024-09-06 13:25:00-04:00,76.61000061035156,76.61000061035156,76.51000213623047,76.51000213623047,686,0.0,0.0,0.0
2024-09-06 13:30:00-04:00,76.43000030517578,76.45999908447266,76.43000030517578,76.43000030517578,790,0.0,0.0,0.0
2024-09-06 13:35:00-04:00,76.43000030517578,76.43000030517578,76.37999725341797,76.37999725341797,1803,0.0,0.0,0.0
2024-09-06 13:40:00-04:00,76.3499984741211,76.3499984741211,76.33000183105469,76.33000183105469,242,0.0,0.0,0.0
2024-09-06 13:45:00-04:00,76.33000183105469,76.33000183105469,76.29000091552734,76.31999969482422,1016,0.0,0.0,0.0
2024-09-06 13:50:00-04:00,76.30999755859375,76.30999755859375,76.30999755859375,76.30999755859375,609,0.0,0.0,0.0
2024-09-06 13:55:00-04:00,76.41999816894531,76.41999816894531,76.4000015258789,76.4020004272461,478,0.0,0.0,0.0
2024-09-06 14:00:00-04:00,76.43000030517578,76.43000030517578,76.43000030517578,76.43000030517578,405,0.0,0.0,0.0
2024-09-06 14:05:00-04:00,76.30999755859375,76.33999633789062,76.30999755859375,76.33999633789062,420,0.0,0.0,0.0
2024-09-06 14:10:00-04:00,76.3499984741211,76.3499984741211,76.3499984741211,76.3499984741211,305,0.0,0.0,0.0
2024-09-06 14:15:00-04:00,76.375,76.375,76.3499984741211,76.3499984741211,250,0.0,0.0,0.0
2024-09-06 14:20:00-04:00,76.31999969482422,76.33000183105469,76.29000091552734,76.29000091552734,1141,0.0,0.0,0.0
2024-09-06 14:25:00-04:00,76.30000305175781,76.33999633789062,76.30000305175781,76.33999633789062,310,0.0,0.0,0.0
2024-09-06 14:30:00-04:00,76.36000061035156,76.36000061035156,76.36000061035156,76.36000061035156,271,0.0,0.0,0.0
2024-09-06 14:35:00-04:00,76.33999633789062,76.33999633789062,76.33999633789062,76.33999633789062,189,0.0,0.0,0.0
2024-09-06 14:40:00-04:00,76.37000274658203,76.43000030517578,76.37000274658203,76.43000030517578,600,0.0,0.0,0.0
2024-09-06 14:45:00-04:00,76.42500305175781,76.42500305175781,76.37999725341797,76.37999725341797,791,0.0,0.0,0.0
2024-09-06 14:50:00-04:00,76.4000015258789,76.4000015258789,76.4000015258789,76.4000015258789,400,0.0,0.0,0.0
2024-09-06 14:55:00-04:00,76.43000030517578,76.43000030517578,76.43000030517578,76.43000030517578,391,0.0,0.0,0.0
2024-09-06 15:00:00-04:00,76.5199966430664,76.5199966430664,76.5199966430664,76.5199966430664,449,0.0,0.0,0.0
2024-09-06 15:05:00-04:00,76.58000183105469,76.58000183105469,76.58000183105469,76.58000183105469,253,0.0,0.0,0.0
2024-09-06 15:10:00-04:00,76.61000061035156,76.61000061035156,76.55740356445312,76.58000183105469,7554,0.0,0.0,0.0
2024-09-06 15:15:00-04:00,76.58999633789062,76.58999633789062,76.55000305175781,76.56999969482422,1592,0.0,0.0,0.0
2024-09-06 15:20:00-04:00,76.58000183105469,76.61000061035156,76.55999755859375,76.58999633789062,2144,0.0,0.0,0.0
2024-09-06 15:25:00-04:00,76.61000061035156,76.66649627685547,76.61000061035156,76.66649627685547,1605,0.0,0.0,0.0
2024-09-06 15:30:00-04:00,76.58000183105469,76.62000274658203,76.58000183105469,76.62000274658203,752,0.0,0.0,0.0
2024-09-06 15:35:00-04:00,76.55999755859375,76.55999755859375,76.5199966430664,76.5199966430664,853,0.0,0.0,0.0
2024-09-06 15:40:00-04:00,76.47010040283203,76.47010040283203,76.47010040283203,76.47010040283203,230,0.0,0.0,0.0
2024-09-06 15:45:00-04:00,76.51000213623047,76.56999969482422,76.51000213623047,76.56999969482422,401,0.0,0.0,0.0
2024-09-06 15:50:00-04:00,76.62000274658203,76.62000274658203,76.45500183105469,76.45500183105469,259,0.0,0.0,0.0
2024-09-06 15:55:00-04:00,76.37000274658203,76.44000244140625,76.37000274658203,76.44000244140625,1200,0.0,0.0,0.0
