Datetime,Open,High,Low,Close,Volume,Dividends,Stock Splits
2024-08-08 09:30:00-04:00,3.9700000286102295,4.050000190734863,3.9700000286102295,4.050000190734863,3099,0.0,0.0
2024-08-08 09:50:00-04:00,3.9298999309539795,3.9298999309539795,3.8152999877929688,3.880000114440918,2332,0.0,0.0
2024-08-08 10:00:00-04:00,3.9899001121520996,3.9899001121520996,3.9899001121520996,3.9899001121520996,509,0.0,0.0
2024-08-08 10:05:00-04:00,3.9600000381469727,3.9600000381469727,3.884999990463257,3.884999990463257,4589,0.0,0.0
2024-08-08 10:20:00-04:00,3.930000066757202,3.930000066757202,3.9049999713897705,3.9049999713897705,1002,0.0,0.0
2024-08-08 10:25:00-04:00,3.930000066757202,4.0,3.930000066757202,3.9649999141693115,8986,0.0,0.0
2024-08-08 10:30:00-04:00,3.98799991607666,4.0,3.98799991607666,4.0,6926,0.0,0.0
2024-08-08 10:35:00-04:00,4.090000152587891,4.090000152587891,4.090000152587891,4.090000152587891,686,0.0,0.0
2024-08-08 10:45:00-04:00,4.090000152587891,4.110000133514404,4.090000152587891,4.110000133514404,1666,0.0,0.0
2024-08-08 10:55:00-04:00,4.159900188446045,4.159900188446045,4.130000114440918,4.130000114440918,1495,0.0,0.0
2024-08-08 11:10:00-04:00,4.099999904632568,4.099999904632568,4.099999904632568,4.099999904632568,0,0.0,0.0
2024-08-08 11:15:00-04:00,4.070000171661377,4.070000171661377,4.019999980926514,4.019999980926514,35067,0.0,0.0
2024-08-08 11:25:00-04:00,4.145500183105469,4.145500183105469,4.145500183105469,4.145500183105469,1976,0.0,0.0
2024-08-08 11:40:00-04:00,4.150000095367432,4.440000057220459,4.150000095367432,4.440000057220459,63405,0.0,0.0
2024-08-08 11:45:00-04:00,4.317699909210205,4.317699909210205,4.269999980926514,4.269999980926514,614,0.0,0.0
2024-08-08 11:50:00-04:00,4.316199779510498,4.360000133514404,4.309999942779541,4.309999942779541,892,0.0,0.0
2024-08-08 11:55:00-04:00,4.239999771118164,4.400000095367432,4.239999771118164,4.239999771118164,15167,0.0,0.0
2024-08-08 12:00:00-04:00,4.357999801635742,4.360000133514404,4.25,4.25,2387,0.0,0.0
2024-08-08 12:05:00-04:00,4.300000190734863,4.360000133514404,4.300000190734863,4.360000133514404,725,0.0,0.0
2024-08-08 12:25:00-04:00,4.360000133514404,4.360000133514404,4.360000133514404,4.360000133514404,1908,0.0,0.0
2024-08-08 12:30:00-04:00,4.289999961853027,4.289999961853027,4.159999847412109,4.214399814605713,1763,0.0,0.0
2024-08-08 12:45:00-04:00,4.1596999168396,4.1596999168396,4.1596999168396,4.1596999168396,395,0.0,0.0
2024-08-08 13:00:00-04:00,4.179999828338623,4.179999828338623,4.179999828338623,4.179999828338623,397,0.0,0.0
2024-08-08 14:05:00-04:00,4.289999961853027,4.289999961853027,4.244999885559082,4.244999885559082,8688,0.0,0.0
2024-08-08 14:15:00-04:00,4.25,4.25,4.25,4.25,393,0.0,0.0
2024-08-08 14:35:00-04:00,4.28000020980835,4.380000114440918,4.28000020980835,4.380000114440918,1802,0.0,0.0
2024-08-08 14:40:00-04:00,4.360300064086914,4.360300064086914,4.360300064086914,4.360300064086914,1446,0.0,0.0
2024-08-08 15:10:00-04:00,4.349999904632568,4.380000114440918,4.349999904632568,4.380000114440918,1452,0.0,0.0
2024-08-08 15:15:00-04:00,4.400000095367432,4.400000095367432,4.400000095367432,4.400000095367432,7879,0.0,0.0
2024-08-08 15:20:00-04:00,4.460000038146973,4.460000038146973,4.460000038146973,4.460000038146973,3326,0.0,0.0
2024-08-08 15:25:00-04:00,4.460000038146973,4.460000038146973,4.454999923706055,4.454999923706055,5792,0.0,0.0
2024-08-08 15:30:00-04:00,4.449999809265137,4.449999809265137,4.449999809265137,4.449999809265137,954,0.0,0.0
2024-08-08 15:40:00-04:00,4.480000019073486,4.480000019073486,4.46999979019165,4.46999979019165,5825,0.0,0.0
2024-08-08 15:45:00-04:00,4.46999979019165,4.485499858856201,4.46999979019165,4.485499858856201,4061,0.0,0.0
2024-08-08 15:55:00-04:00,4.449999809265137,4.460000038146973,4.389999866485596,4.449999809265137,2076,0.0,0.0
2024-08-09 09:30:00-04:00,4.429999828338623,4.429999828338623,4.300000190734863,4.300000190734863,8619,0.0,0.0
2024-08-09 09:35:00-04:00,4.400000095367432,4.400000095367432,4.400000095367432,4.400000095367432,0,0.0,0.0
2024-08-09 09:40:00-04:00,4.349999904632568,4.349999904632568,4.349999904632568,4.349999904632568,512,0.0,0.0
2024-08-09 09:45:00-04:00,4.360000133514404,4.360000133514404,4.360000133514404,4.360000133514404,265,0.0,0.0
2024-08-09 09:55:00-04:00,4.329999923706055,4.349899768829346,4.324999809265137,4.324999809265137,2385,0.0,0.0
2024-08-09 10:10:00-04:00,4.349999904632568,4.364999771118164,4.349999904632568,4.364999771118164,616,0.0,0.0
2024-08-09 10:25:00-04:00,4.320000171661377,4.320000171661377,4.320000171661377,4.320000171661377,350,0.0,0.0
2024-08-09 10:30:00-04:00,4.309999942779541,4.309999942779541,4.309999942779541,4.309999942779541,166,0.0,0.0
2024-08-09 10:35:00-04:00,4.32919979095459,4.32919979095459,4.32919979095459,4.32919979095459,1302,0.0,0.0
2024-08-09 10:45:00-04:00,4.320000171661377,4.320000171661377,4.320000171661377,4.320000171661377,351,0.0,0.0
2024-08-09 11:10:00-04:00,4.309999942779541,4.309999942779541,4.309999942779541,4.309999942779541,700,0.0,0.0
2024-08-09 11:15:00-04:00,4.303100109100342,4.329999923706055,4.303100109100342,4.329999923706055,1831,0.0,0.0
2024-08-09 11:25:00-04:00,4.300000190734863,4.300000190734863,4.300000190734863,4.300000190734863,1691,0.0,0.0
2024-08-09 12:15:00-04:00,4.300000190734863,4.300000190734863,4.300000190734863,4.300000190734863,4570,0.0,0.0
2024-08-09 12:35:00-04:00,4.25,4.25,4.25,4.25,841,0.0,0.0
2024-08-09 12:40:00-04:00,4.239999771118164,4.239999771118164,4.239999771118164,4.239999771118164,122,0.0,0.0
2024-08-09 12:45:00-04:00,4.239999771118164,4.239999771118164,4.239999771118164,4.239999771118164,277,0.0,0.0
2024-08-09 13:10:00-04:00,4.190000057220459,4.190000057220459,4.190000057220459,4.190000057220459,241,0.0,0.0
2024-08-09 13:35:00-04:00,4.199999809265137,4.199999809265137,4.199999809265137,4.199999809265137,234,0.0,0.0
2024-08-09 13:40:00-04:00,4.200200080871582,4.276800155639648,4.200099945068359,4.276800155639648,1756,0.0,0.0
2024-08-09 13:55:00-04:00,4.285999774932861,4.297999858856201,4.285999774932861,4.289999961853027,1323,0.0,0.0
2024-08-09 14:30:00-04:00,4.230000019073486,4.230000019073486,4.230000019073486,4.230000019073486,106,0.0,0.0
2024-08-09 14:40:00-04:00,4.260000228881836,4.260000228881836,4.260000228881836,4.260000228881836,412,0.0,0.0
2024-08-09 14:50:00-04:00,4.300000190734863,4.329999923706055,4.289999961853027,4.329999923706055,3212,0.0,0.0
2024-08-09 15:15:00-04:00,4.320000171661377,4.335000038146973,4.309999942779541,4.309999942779541,1166,0.0,0.0
2024-08-09 15:25:00-04:00,4.269999980926514,4.337100028991699,4.239999771118164,4.337100028991699,5488,0.0,0.0
2024-08-09 15:30:00-04:00,4.3069000244140625,4.3069000244140625,4.3069000244140625,4.3069000244140625,0,0.0,0.0
2024-08-09 15:40:00-04:00,4.199999809265137,4.235000133514404,4.199999809265137,4.235000133514404,410,0.0,0.0
2024-08-09 15:45:00-04:00,4.199999809265137,4.199999809265137,4.199999809265137,4.199999809265137,7,0.0,0.0
2024-08-09 15:50:00-04:00,4.21999979019165,4.21999979019165,4.210000038146973,4.210000038146973,506,0.0,0.0
2024-08-09 15:55:00-04:00,4.21999979019165,4.269999980926514,4.190000057220459,4.190000057220459,1627,0.0,0.0
2024-08-12 09:30:00-04:00,4.230000019073486,4.25,4.230000019073486,4.25,2911,0.0,0.0
2024-08-12 09:45:00-04:00,4.079999923706055,4.085000038146973,3.9619998931884766,4.079999923706055,2322,0.0,0.0
2024-08-12 09:50:00-04:00,4.230000019073486,4.230000019073486,4.053699970245361,4.053699970245361,1510,0.0,0.0
2024-08-12 09:55:00-04:00,4.09499979019165,4.09499979019165,4.028800010681152,4.028800010681152,1201,0.0,0.0
2024-08-12 10:00:00-04:00,4.059999942779541,4.059999942779541,4.059999942779541,4.059999942779541,3794,0.0,0.0
2024-08-12 10:05:00-04:00,4.110000133514404,4.110000133514404,4.0,4.0,2909,0.0,0.0
2024-08-12 10:10:00-04:00,3.9700000286102295,3.9700000286102295,3.9700000286102295,3.9700000286102295,2146,0.0,0.0
2024-08-12 10:15:00-04:00,4.0,4.0,3.9600000381469727,3.9800000190734863,3866,0.0,0.0
2024-08-12 10:25:00-04:00,3.990000009536743,3.990000009536743,3.990000009536743,3.990000009536743,124,0.0,0.0
2024-08-12 10:30:00-04:00,4.010000228881836,4.010000228881836,3.9962000846862793,4.010000228881836,1595,0.0,0.0
2024-08-12 10:35:00-04:00,4.010000228881836,4.010000228881836,3.9240000247955322,3.950000047683716,8750,0.0,0.0
2024-08-12 10:40:00-04:00,3.990000009536743,3.990000009536743,3.9600000381469727,3.9700000286102295,2774,0.0,0.0
2024-08-12 10:55:00-04:00,3.9200000762939453,3.9200000762939453,3.880000114440918,3.880000114440918,844,0.0,0.0
2024-08-12 11:05:00-04:00,3.9576001167297363,3.9576001167297363,3.9576001167297363,3.9576001167297363,1468,0.0,0.0
2024-08-12 11:15:00-04:00,3.9600000381469727,3.9600000381469727,3.9600000381469727,3.9600000381469727,7584,0.0,0.0
2024-08-12 11:20:00-04:00,3.9600000381469727,3.9600000381469727,3.9600000381469727,3.9600000381469727,223,0.0,0.0
2024-08-12 11:25:00-04:00,3.9149999618530273,3.940000057220459,3.9149999618530273,3.940000057220459,1145,0.0,0.0
2024-08-12 11:35:00-04:00,3.9070000648498535,3.9070000648498535,3.9070000648498535,3.9070000648498535,1098,0.0,0.0
2024-08-12 11:40:00-04:00,3.9593000411987305,3.9593000411987305,3.9593000411987305,3.9593000411987305,550,0.0,0.0
2024-08-12 11:50:00-04:00,3.9100000858306885,3.9200000762939453,3.9100000858306885,3.9200000762939453,979,0.0,0.0
2024-08-12 12:00:00-04:00,3.9093000888824463,3.930000066757202,3.9093000888824463,3.930000066757202,1856,0.0,0.0
2024-08-12 12:10:00-04:00,3.890000104904175,3.890000104904175,3.890000104904175,3.890000104904175,546,0.0,0.0
2024-08-12 12:15:00-04:00,3.8817999362945557,3.8817999362945557,3.8817999362945557,3.8817999362945557,495,0.0,0.0
2024-08-12 12:20:00-04:00,3.890000104904175,3.890000104904175,3.890000104904175,3.890000104904175,1065,0.0,0.0
2024-08-12 12:25:00-04:00,3.9235000610351562,3.9235000610351562,3.9235000610351562,3.9235000610351562,1160,0.0,0.0
2024-08-12 12:35:00-04:00,3.889899969100952,3.889899969100952,3.889899969100952,3.889899969100952,4041,0.0,0.0
2024-08-12 12:45:00-04:00,3.740000009536743,3.7899999618530273,3.740000009536743,3.75,6509,0.0,0.0
2024-08-12 12:50:00-04:00,3.734999895095825,3.740000009536743,3.734999895095825,3.740000009536743,499,0.0,0.0
2024-08-12 12:55:00-04:00,3.6700000762939453,3.6700000762939453,3.6700000762939453,3.6700000762939453,1492,0.0,0.0
2024-08-12 13:05:00-04:00,3.6700000762939453,3.690000057220459,3.6700000762939453,3.690000057220459,1579,0.0,0.0
2024-08-12 13:10:00-04:00,3.7123000621795654,3.786099910736084,3.690000057220459,3.786099910736084,17814,0.0,0.0
2024-08-12 13:15:00-04:00,3.799999952316284,3.799999952316284,3.7818000316619873,3.7844998836517334,1720,0.0,0.0
2024-08-12 13:25:00-04:00,3.7806999683380127,3.7806999683380127,3.7806999683380127,3.7806999683380127,0,0.0,0.0
2024-08-12 13:45:00-04:00,3.759999990463257,3.759999990463257,3.759999990463257,3.759999990463257,315,0.0,0.0
2024-08-12 13:55:00-04:00,3.750999927520752,3.7723000049591064,3.750999927520752,3.7723000049591064,582,0.0,0.0
2024-08-12 14:00:00-04:00,3.755000114440918,3.7699999809265137,3.755000114440918,3.7699999809265137,318,0.0,0.0
2024-08-12 14:10:00-04:00,3.759999990463257,3.8183000087738037,3.759999990463257,3.8183000087738037,4545,0.0,0.0
2024-08-12 14:25:00-04:00,3.7799999713897705,3.788599967956543,3.7799999713897705,3.7799999713897705,2323,0.0,0.0
2024-08-12 14:35:00-04:00,3.7899999618530273,3.7899999618530273,3.7899999618530273,3.7899999618530273,791,0.0,0.0
2024-08-12 14:50:00-04:00,3.7200000286102295,3.7899999618530273,3.7200000286102295,3.7899999618530273,1605,0.0,0.0
2024-08-12 15:20:00-04:00,3.810699939727783,3.8399999141693115,3.810699939727783,3.8399999141693115,1370,0.0,0.0
2024-08-12 15:25:00-04:00,3.859999895095825,3.859999895095825,3.859999895095825,3.859999895095825,632,0.0,0.0
2024-08-12 15:50:00-04:00,3.8399999141693115,3.869999885559082,3.8399999141693115,3.862299919128418,2079,0.0,0.0
2024-08-12 15:55:00-04:00,3.869999885559082,3.8850998878479004,3.8299999237060547,3.88070011138916,1929,0.0,0.0
2024-08-13 09:30:00-04:00,3.8399999141693115,3.8399999141693115,3.8399999141693115,3.8399999141693115,3503,0.0,0.0
2024-08-13 09:35:00-04:00,3.799999952316284,3.8350000381469727,3.799999952316284,3.80430006980896,2534,0.0,0.0
2024-08-13 09:40:00-04:00,3.8299999237060547,3.9100000858306885,3.8299999237060547,3.9100000858306885,953,0.0,0.0
2024-08-13 09:45:00-04:00,3.9600000381469727,4.050000190734863,3.9600000381469727,4.050000190734863,2457,0.0,0.0
2024-08-13 09:50:00-04:00,4.014999866485596,4.098999977111816,4.014999866485596,4.090000152587891,4451,0.0,0.0
2024-08-13 09:55:00-04:00,4.090000152587891,4.090000152587891,3.9800000190734863,3.9800000190734863,976,0.0,0.0
2024-08-13 10:05:00-04:00,4.050000190734863,4.099999904632568,4.050000190734863,4.099999904632568,1215,0.0,0.0
2024-08-13 10:10:00-04:00,4.130000114440918,4.16379976272583,4.130000114440918,4.16379976272583,2949,0.0,0.0
2024-08-13 10:15:00-04:00,4.1539998054504395,4.159999847412109,4.071000099182129,4.09499979019165,1450,0.0,0.0
2024-08-13 10:20:00-04:00,4.110000133514404,4.130000114440918,4.110000133514404,4.130000114440918,2783,0.0,0.0
2024-08-13 10:30:00-04:00,4.130000114440918,4.130000114440918,4.130000114440918,4.130000114440918,448,0.0,0.0
2024-08-13 10:35:00-04:00,4.170000076293945,4.170000076293945,4.130099773406982,4.130099773406982,750,0.0,0.0
2024-08-13 10:40:00-04:00,4.170100212097168,4.170100212097168,4.170100212097168,4.170100212097168,1122,0.0,0.0
2024-08-13 10:45:00-04:00,4.25,4.329999923706055,4.249899864196777,4.320000171661377,7880,0.0,0.0
2024-08-13 10:50:00-04:00,4.320000171661377,4.360000133514404,4.320000171661377,4.360000133514404,1340,0.0,0.0
2024-08-13 10:55:00-04:00,4.3694000244140625,4.3694000244140625,4.3694000244140625,4.3694000244140625,3682,0.0,0.0
2024-08-13 11:00:00-04:00,4.369999885559082,4.389999866485596,4.340000152587891,4.340000152587891,3160,0.0,0.0
2024-08-13 11:05:00-04:00,4.309999942779541,4.309999942779541,4.309999942779541,4.309999942779541,222,0.0,0.0
2024-08-13 11:10:00-04:00,4.340000152587891,4.349999904632568,4.340000152587891,4.349999904632568,938,0.0,0.0
2024-08-13 11:20:00-04:00,4.400000095367432,4.400000095367432,4.400000095367432,4.400000095367432,459,0.0,0.0
2024-08-13 11:25:00-04:00,4.420000076293945,4.420000076293945,4.420000076293945,4.420000076293945,2022,0.0,0.0
2024-08-13 11:30:00-04:00,4.409999847412109,4.409999847412109,4.349999904632568,4.349999904632568,1406,0.0,0.0
2024-08-13 11:40:00-04:00,4.369999885559082,4.400000095367432,4.369999885559082,4.400000095367432,3132,0.0,0.0
2024-08-13 11:50:00-04:00,4.449999809265137,4.449999809265137,4.449999809265137,4.449999809265137,1587,0.0,0.0
2024-08-13 11:55:00-04:00,4.53000020980835,4.53000020980835,4.53000020980835,4.53000020980835,459,0.0,0.0
2024-08-13 12:05:00-04:00,4.519999980926514,4.539999961853027,4.519999980926514,4.519999980926514,3703,0.0,0.0
2024-08-13 12:10:00-04:00,4.490099906921387,4.490099906921387,4.490099906921387,4.490099906921387,579,0.0,0.0
2024-08-13 12:25:00-04:00,4.639999866485596,4.6458001136779785,4.639999866485596,4.639999866485596,2920,0.0,0.0
2024-08-13 12:30:00-04:00,4.630000114440918,4.630000114440918,4.570000171661377,4.570000171661377,1197,0.0,0.0
2024-08-13 12:40:00-04:00,4.599999904632568,4.603600025177002,4.599999904632568,4.603600025177002,378,0.0,0.0
2024-08-13 12:45:00-04:00,4.590000152587891,4.71999979019165,4.590000152587891,4.71999979019165,3408,0.0,0.0
2024-08-13 12:50:00-04:00,4.670000076293945,4.760000228881836,4.670000076293945,4.760000228881836,1790,0.0,0.0
2024-08-13 12:55:00-04:00,4.679999828338623,4.755000114440918,4.679999828338623,4.755000114440918,1123,0.0,0.0
2024-08-13 13:00:00-04:00,4.775000095367432,4.849999904632568,4.775000095367432,4.849999904632568,787,0.0,0.0
2024-08-13 13:05:00-04:00,4.760000228881836,4.849999904632568,4.760000228881836,4.78000020980835,2985,0.0,0.0
2024-08-13 13:10:00-04:00,4.779900074005127,4.779900074005127,4.750100135803223,4.750100135803223,928,0.0,0.0
2024-08-13 13:20:00-04:00,4.800000190734863,4.804999828338623,4.800000190734863,4.804999828338623,2447,0.0,0.0
2024-08-13 13:30:00-04:00,4.741000175476074,4.741000175476074,4.599999904632568,4.599999904632568,3571,0.0,0.0
2024-08-13 13:35:00-04:00,4.590099811553955,4.590099811553955,4.590099811553955,4.590099811553955,360,0.0,0.0
2024-08-13 13:40:00-04:00,4.65500020980835,4.65500020980835,4.65500020980835,4.65500020980835,104,0.0,0.0
2024-08-13 13:45:00-04:00,4.599999904632568,4.599999904632568,4.599999904632568,4.599999904632568,471,0.0,0.0
2024-08-13 14:00:00-04:00,4.699999809265137,4.739999771118164,4.699999809265137,4.739999771118164,851,0.0,0.0
2024-08-13 14:15:00-04:00,4.694399833679199,4.694399833679199,4.690000057220459,4.690000057220459,496,0.0,0.0
2024-08-13 14:25:00-04:00,4.673999786376953,4.673999786376953,4.673999786376953,4.673999786376953,511,0.0,0.0
2024-08-13 15:20:00-04:00,4.650000095367432,4.650000095367432,4.590000152587891,4.590000152587891,3031,0.0,0.0
2024-08-13 15:25:00-04:00,4.635000228881836,4.635000228881836,4.635000228881836,4.635000228881836,1050,0.0,0.0
2024-08-13 15:30:00-04:00,4.659999847412109,4.659999847412109,4.590000152587891,4.630000114440918,1370,0.0,0.0
2024-08-13 15:35:00-04:00,4.598100185394287,4.598100185394287,4.590000152587891,4.590000152587891,483,0.0,0.0
2024-08-13 15:45:00-04:00,4.581600189208984,4.639999866485596,4.581600189208984,4.639999866485596,584,0.0,0.0
2024-08-13 15:50:00-04:00,4.715000152587891,4.715000152587891,4.715000152587891,4.715000152587891,212,0.0,0.0
2024-08-13 15:55:00-04:00,4.650000095367432,4.690000057220459,4.650000095367432,4.659999847412109,1864,0.0,0.0
2024-08-14 09:30:00-04:00,4.710000038146973,4.710000038146973,4.5,4.630000114440918,11449,0.0,0.0
2024-08-14 09:35:00-04:00,4.736999988555908,4.75,4.736999988555908,4.75,600,0.0,0.0
2024-08-14 09:40:00-04:00,4.690000057220459,4.690000057220459,4.639999866485596,4.639999866485596,1371,0.0,0.0
2024-08-14 09:45:00-04:00,4.554999828338623,4.639999866485596,4.554999828338623,4.639999866485596,1763,0.0,0.0
2024-08-14 09:50:00-04:00,4.710000038146973,4.777500152587891,4.710000038146973,4.777500152587891,2949,0.0,0.0
2024-08-14 09:55:00-04:00,4.710599899291992,4.736999988555908,4.570000171661377,4.650000095367432,4925,0.0,0.0
2024-08-14 10:05:00-04:00,4.650000095367432,4.75,4.650000095367432,4.75,1601,0.0,0.0
2024-08-14 10:30:00-04:00,4.550000190734863,4.550000190734863,4.550000190734863,4.550000190734863,394,0.0,0.0
2024-08-14 10:35:00-04:00,4.571700096130371,4.571700096130371,4.550000190734863,4.550000190734863,2026,0.0,0.0
2024-08-14 10:40:00-04:00,4.674699783325195,4.674699783325195,4.400000095367432,4.400000095367432,2523,0.0,0.0
2024-08-14 10:45:00-04:00,4.440000057220459,4.460000038146973,4.440000057220459,4.460000038146973,300,0.0,0.0
2024-08-14 10:50:00-04:00,4.430099964141846,4.46999979019165,4.430099964141846,4.458399772644043,409,0.0,0.0
2024-08-14 10:55:00-04:00,4.458399772644043,4.489999771118164,4.440000057220459,4.489999771118164,204,0.0,0.0
2024-08-14 11:10:00-04:00,4.465000152587891,4.465000152587891,4.440000057220459,4.440000057220459,673,0.0,0.0
2024-08-14 11:30:00-04:00,4.489999771118164,4.5,4.489999771118164,4.5,3310,0.0,0.0
2024-08-14 11:45:00-04:00,4.5,4.510000228881836,4.5,4.510000228881836,3951,0.0,0.0
2024-08-14 11:50:00-04:00,4.590000152587891,4.590000152587891,4.590000152587891,4.590000152587891,576,0.0,0.0
2024-08-14 11:55:00-04:00,4.559999942779541,4.559999942779541,4.559999942779541,4.559999942779541,830,0.0,0.0
2024-08-14 12:00:00-04:00,4.539999961853027,4.539999961853027,4.510000228881836,4.510000228881836,824,0.0,0.0
2024-08-14 12:05:00-04:00,4.53000020980835,4.53000020980835,4.53000020980835,4.53000020980835,615,0.0,0.0
2024-08-14 12:10:00-04:00,4.525000095367432,4.525000095367432,4.525000095367432,4.525000095367432,505,0.0,0.0
2024-08-14 12:50:00-04:00,4.4899001121521,4.4899001121521,4.4899001121521,4.4899001121521,303,0.0,0.0
2024-08-14 13:00:00-04:00,4.400000095367432,4.445000171661377,4.400000095367432,4.445000171661377,1534,0.0,0.0
2024-08-14 13:25:00-04:00,4.360000133514404,4.360000133514404,4.360000133514404,4.360000133514404,2718,0.0,0.0
2024-08-14 13:30:00-04:00,4.480500221252441,4.480500221252441,4.480500221252441,4.480500221252441,652,0.0,0.0
2024-08-14 14:15:00-04:00,4.33650016784668,4.33650016784668,4.33650016784668,4.33650016784668,1284,0.0,0.0
2024-08-14 15:00:00-04:00,4.40500020980835,4.40500020980835,4.40500020980835,4.40500020980835,114,0.0,0.0
2024-08-14 15:05:00-04:00,4.400000095367432,4.400000095367432,4.360000133514404,4.369999885559082,3315,0.0,0.0
2024-08-14 15:10:00-04:00,4.369999885559082,4.400000095367432,4.369999885559082,4.400000095367432,3010,0.0,0.0
2024-08-14 15:20:00-04:00,4.429999828338623,4.440000057220459,4.429999828338623,4.440000057220459,398,0.0,0.0
2024-08-14 15:25:00-04:00,4.349999904632568,4.349999904632568,4.349999904632568,4.349999904632568,1155,0.0,0.0
2024-08-14 15:30:00-04:00,4.429999828338623,4.429999828338623,4.375,4.375,2471,0.0,0.0
2024-08-14 15:35:00-04:00,4.320000171661377,4.362599849700928,4.300899982452393,4.300899982452393,7697,0.0,0.0
2024-08-14 15:40:00-04:00,4.300000190734863,4.340000152587891,4.300000190734863,4.340000152587891,0,0.0,0.0
2024-08-14 15:45:00-04:00,4.369999885559082,4.369999885559082,4.369999885559082,4.369999885559082,649,0.0,0.0
2024-08-14 15:50:00-04:00,4.400000095367432,4.409999847412109,4.400000095367432,4.409999847412109,950,0.0,0.0
2024-08-14 15:55:00-04:00,4.369999885559082,4.389999866485596,4.289999961853027,4.300000190734863,2696,0.0,0.0
2024-08-15 09:30:00-04:00,4.630000114440918,4.630000114440918,4.619999885559082,4.619999885559082,3426,0.0,0.0
2024-08-15 09:35:00-04:00,4.519999980926514,4.579999923706055,4.46999979019165,4.5594000816345215,6552,0.0,0.0
2024-08-15 09:40:00-04:00,4.639999866485596,4.639999866485596,4.639999866485596,4.639999866485596,1253,0.0,0.0
2024-08-15 09:45:00-04:00,4.625,4.773900032043457,4.625,4.71999979019165,6525,0.0,0.0
2024-08-15 09:50:00-04:00,4.699999809265137,4.699999809265137,4.699999809265137,4.699999809265137,5334,0.0,0.0
2024-08-15 09:55:00-04:00,4.670000076293945,4.670000076293945,4.619999885559082,4.65500020980835,4633,0.0,0.0
2024-08-15 10:00:00-04:00,4.690000057220459,4.75,4.690000057220459,4.724800109863281,3481,0.0,0.0
2024-08-15 10:05:00-04:00,4.740699768066406,4.75,4.7399001121521,4.739999771118164,5644,0.0,0.0
2024-08-15 10:10:00-04:00,4.77370023727417,4.77370023727417,4.77370023727417,4.77370023727417,4166,0.0,0.0
2024-08-15 10:20:00-04:00,4.849999904632568,4.860000133514404,4.849999904632568,4.859899997711182,1206,0.0,0.0
2024-08-15 10:25:00-04:00,4.849999904632568,4.849999904632568,4.849999904632568,4.849999904632568,583,0.0,0.0
2024-08-15 10:30:00-04:00,4.849999904632568,4.980000019073486,4.849999904632568,4.980000019073486,8491,0.0,0.0
2024-08-15 10:35:00-04:00,4.956900119781494,5.110000133514404,4.954999923706055,5.110000133514404,14790,0.0,0.0
2024-08-15 10:40:00-04:00,5.096099853515625,5.096099853515625,5.0,5.0,4207,0.0,0.0
2024-08-15 10:45:00-04:00,5.039999961853027,5.078499794006348,5.010000228881836,5.078499794006348,1479,0.0,0.0
2024-08-15 10:50:00-04:00,5.010000228881836,5.050000190734863,4.909999847412109,4.909999847412109,4941,0.0,0.0
2024-08-15 10:55:00-04:00,5.005000114440918,5.005000114440918,4.9105000495910645,4.9105000495910645,4097,0.0,0.0
2024-08-15 11:00:00-04:00,4.9105000495910645,5.079999923706055,4.9105000495910645,5.079999923706055,2418,0.0,0.0
2024-08-15 11:10:00-04:00,5.010000228881836,5.010000228881836,5.010000228881836,5.010000228881836,2536,0.0,0.0
2024-08-15 11:15:00-04:00,4.968699932098389,5.089900016784668,4.910099983215332,4.910099983215332,866,0.0,0.0
2024-08-15 11:20:00-04:00,5.010000228881836,5.010000228881836,5.010000228881836,5.010000228881836,163,0.0,0.0
2024-08-15 11:25:00-04:00,4.920000076293945,4.920000076293945,4.670000076293945,4.75,2750,0.0,0.0
2024-08-15 11:30:00-04:00,4.610000133514404,4.744999885559082,4.599999904632568,4.735000133514404,3008,0.0,0.0
2024-08-15 11:40:00-04:00,4.730000019073486,4.730000019073486,4.730000019073486,4.730000019073486,1742,0.0,0.0
2024-08-15 11:45:00-04:00,4.700500011444092,4.700500011444092,4.700500011444092,4.700500011444092,5867,0.0,0.0
2024-08-15 11:50:00-04:00,4.679999828338623,4.679999828338623,4.679999828338623,4.679999828338623,1832,0.0,0.0
2024-08-15 11:55:00-04:00,4.679999828338623,4.75,4.679999828338623,4.75,4566,0.0,0.0
2024-08-15 12:00:00-04:00,4.729899883270264,4.729899883270264,4.699999809265137,4.699999809265137,342,0.0,0.0
2024-08-15 12:05:00-04:00,4.640500068664551,4.640500068664551,4.639999866485596,4.639999866485596,5309,0.0,0.0
2024-08-15 12:10:00-04:00,4.685500144958496,4.685500144958496,4.685500144958496,4.685500144958496,4065,0.0,0.0
2024-08-15 12:35:00-04:00,4.600800037384033,4.600800037384033,4.600800037384033,4.600800037384033,5104,0.0,0.0
2024-08-15 12:40:00-04:00,4.676000118255615,4.676000118255615,4.676000118255615,4.676000118255615,1446,0.0,0.0
2024-08-15 12:50:00-04:00,4.644999980926514,4.644999980926514,4.644999980926514,4.644999980926514,898,0.0,0.0
2024-08-15 13:10:00-04:00,4.699999809265137,4.704999923706055,4.639999866485596,4.704999923706055,6072,0.0,0.0
2024-08-15 13:25:00-04:00,4.760000228881836,4.760000228881836,4.760000228881836,4.760000228881836,432,0.0,0.0
2024-08-15 13:30:00-04:00,4.809999942779541,4.817200183868408,4.775000095367432,4.775000095367432,866,0.0,0.0
2024-08-15 13:35:00-04:00,4.869999885559082,4.889999866485596,4.869999885559082,4.879899978637695,1085,0.0,0.0
2024-08-15 13:40:00-04:00,4.8003997802734375,4.8190999031066895,4.8003997802734375,4.8190999031066895,542,0.0,0.0
2024-08-15 13:50:00-04:00,4.849999904632568,4.849999904632568,4.849999904632568,4.849999904632568,153,0.0,0.0
2024-08-15 14:05:00-04:00,4.78000020980835,4.78000020980835,4.78000020980835,4.78000020980835,404,0.0,0.0
2024-08-15 14:10:00-04:00,4.735499858856201,4.735499858856201,4.735499858856201,4.735499858856201,1102,0.0,0.0
2024-08-15 14:15:00-04:00,4.800000190734863,4.800000190734863,4.800000190734863,4.800000190734863,1284,0.0,0.0
2024-08-15 14:30:00-04:00,4.760000228881836,4.760000228881836,4.75,4.75,573,0.0,0.0
2024-08-15 14:35:00-04:00,4.699999809265137,4.699999809265137,4.699999809265137,4.699999809265137,505,0.0,0.0
2024-08-15 14:40:00-04:00,4.699999809265137,4.699999809265137,4.660299777984619,4.699999809265137,534,0.0,0.0
2024-08-15 14:50:00-04:00,4.704999923706055,4.704999923706055,4.704999923706055,4.704999923706055,2839,0.0,0.0
2024-08-15 15:10:00-04:00,4.679999828338623,4.690000057220459,4.599999904632568,4.610000133514404,10018,0.0,0.0
2024-08-15 15:15:00-04:00,4.550099849700928,4.550099849700928,4.550099849700928,4.550099849700928,500,0.0,0.0
2024-08-15 15:20:00-04:00,4.619999885559082,4.619999885559082,4.619999885559082,4.619999885559082,4244,0.0,0.0
2024-08-15 15:25:00-04:00,4.619999885559082,4.619999885559082,4.53000020980835,4.590000152587891,10712,0.0,0.0
2024-08-15 15:30:00-04:00,4.650000095367432,4.710000038146973,4.650000095367432,4.710000038146973,1260,0.0,0.0
2024-08-15 15:35:00-04:00,4.739999771118164,4.759900093078613,4.739999771118164,4.759900093078613,3882,0.0,0.0
2024-08-15 15:40:00-04:00,4.660099983215332,4.660200119018555,4.639999866485596,4.639999866485596,1785,0.0,0.0
2024-08-15 15:45:00-04:00,4.630000114440918,4.630000114440918,4.630000114440918,4.630000114440918,311,0.0,0.0
2024-08-15 15:50:00-04:00,4.570000171661377,4.570000171661377,4.53000020980835,4.53000020980835,945,0.0,0.0
2024-08-15 15:55:00-04:00,4.574999809265137,4.574999809265137,4.521699905395508,4.539999961853027,2425,0.0,0.0
2024-08-16 09:30:00-04:00,4.519999980926514,4.519999980926514,4.519999980926514,4.519999980926514,2056,0.0,0.0
2024-08-16 09:35:00-04:00,4.610000133514404,4.71999979019165,4.610000133514404,4.639999866485596,6135,0.0,0.0
2024-08-16 09:55:00-04:00,4.765500068664551,4.765500068664551,4.690100193023682,4.710000038146973,3226,0.0,0.0
2024-08-16 10:00:00-04:00,4.699999809265137,4.699999809265137,4.699999809265137,4.699999809265137,887,0.0,0.0
2024-08-16 10:10:00-04:00,4.7692999839782715,4.7692999839782715,4.7692999839782715,4.7692999839782715,597,0.0,0.0
2024-08-16 10:20:00-04:00,4.660799980163574,4.660799980163574,4.660799980163574,4.660799980163574,161,0.0,0.0
2024-08-16 10:25:00-04:00,4.679999828338623,4.686999797821045,4.639999866485596,4.686999797821045,6038,0.0,0.0
2024-08-16 11:15:00-04:00,4.590000152587891,4.590000152587891,4.510000228881836,4.510000228881836,2111,0.0,0.0
2024-08-16 11:30:00-04:00,4.519999980926514,4.539999961853027,4.519999980926514,4.539999961853027,2093,0.0,0.0
2024-08-16 11:55:00-04:00,4.545000076293945,4.545000076293945,4.545000076293945,4.545000076293945,461,0.0,0.0
2024-08-16 12:10:00-04:00,4.539999961853027,4.539999961853027,4.539999961853027,4.539999961853027,194,0.0,0.0
2024-08-16 12:20:00-04:00,4.497000217437744,4.497000217437744,4.497000217437744,4.497000217437744,1772,0.0,0.0
2024-08-16 12:25:00-04:00,4.62939977645874,4.62939977645874,4.62939977645874,4.62939977645874,0,0.0,0.0
2024-08-16 12:30:00-04:00,4.550000190734863,4.550000190734863,4.550000190734863,4.550000190734863,556,0.0,0.0
2024-08-16 12:35:00-04:00,4.550000190734863,4.550000190734863,4.550000190734863,4.550000190734863,1459,0.0,0.0
2024-08-16 13:45:00-04:00,4.7230000495910645,4.7230000495910645,4.7230000495910645,4.7230000495910645,783,0.0,0.0
2024-08-16 13:55:00-04:00,4.71999979019165,4.75,4.71999979019165,4.75,651,0.0,0.0
2024-08-16 14:00:00-04:00,4.710000038146973,4.710000038146973,4.650000095367432,4.670000076293945,754,0.0,0.0
2024-08-16 14:20:00-04:00,4.664999961853027,4.664999961853027,4.664999961853027,4.664999961853027,132,0.0,0.0
2024-08-16 14:25:00-04:00,4.739999771118164,4.739999771118164,4.739999771118164,4.739999771118164,264,0.0,0.0
2024-08-16 14:40:00-04:00,4.550099849700928,4.550099849700928,4.550099849700928,4.550099849700928,1079,0.0,0.0
2024-08-16 14:55:00-04:00,4.659999847412109,4.659999847412109,4.659999847412109,4.659999847412109,248,0.0,0.0
2024-08-16 15:20:00-04:00,4.630000114440918,4.630000114440918,4.590000152587891,4.590000152587891,2016,0.0,0.0
2024-08-16 15:25:00-04:00,4.599999904632568,4.599999904632568,4.599999904632568,4.599999904632568,999,0.0,0.0
2024-08-16 15:40:00-04:00,4.679999828338623,4.710000038146973,4.679999828338623,4.679999828338623,1602,0.0,0.0
2024-08-16 15:45:00-04:00,4.664999961853027,4.664999961853027,4.664999961853027,4.664999961853027,338,0.0,0.0
2024-08-16 15:55:00-04:00,4.699999809265137,4.710000038146973,4.619999885559082,4.650000095367432,3372,0.0,0.0
2024-08-19 09:30:00-04:00,4.610000133514404,4.610000133514404,4.542300224304199,4.542300224304199,2475,0.0,0.0
2024-08-19 09:35:00-04:00,4.664999961853027,4.664999961853027,4.560100078582764,4.560100078582764,6065,0.0,0.0
2024-08-19 09:40:00-04:00,4.570499897003174,4.570499897003174,4.489999771118164,4.545000076293945,8742,0.0,0.0
2024-08-19 09:55:00-04:00,4.559999942779541,4.559999942779541,4.559999942779541,4.559999942779541,200,0.0,0.0
2024-08-19 10:00:00-04:00,4.559999942779541,4.559999942779541,4.559999942779541,4.559999942779541,355,0.0,0.0
2024-08-19 10:05:00-04:00,4.449999809265137,4.519999980926514,4.369999885559082,4.519999980926514,606,0.0,0.0
2024-08-19 10:10:00-04:00,4.449999809265137,4.465000152587891,4.449999809265137,4.465000152587891,543,0.0,0.0
2024-08-19 10:15:00-04:00,4.440000057220459,4.440000057220459,4.400000095367432,4.440000057220459,1280,0.0,0.0
2024-08-19 10:20:00-04:00,4.454999923706055,4.454999923706055,4.454999923706055,4.454999923706055,235,0.0,0.0
2024-08-19 10:35:00-04:00,4.5,4.53000020980835,4.380000114440918,4.380000114440918,13321,0.0,0.0
2024-08-19 10:40:00-04:00,4.429999828338623,4.429999828338623,4.429999828338623,4.429999828338623,2054,0.0,0.0
2024-08-19 10:45:00-04:00,4.360099792480469,4.360099792480469,4.360099792480469,4.360099792480469,1080,0.0,0.0
2024-08-19 10:50:00-04:00,4.409999847412109,4.409999847412109,4.369999885559082,4.369999885559082,1906,0.0,0.0
2024-08-19 10:55:00-04:00,4.3796000480651855,4.3796000480651855,4.320000171661377,4.320000171661377,4783,0.0,0.0
2024-08-19 11:00:00-04:00,4.320000171661377,4.340000152587891,4.159999847412109,4.159999847412109,9752,0.0,0.0
2024-08-19 11:05:00-04:00,4.199999809265137,4.2778000831604,4.199999809265137,4.2600998878479,2371,0.0,0.0
2024-08-19 11:10:00-04:00,4.28000020980835,4.28000020980835,4.28000020980835,4.28000020980835,319,0.0,0.0
2024-08-19 11:15:00-04:00,4.260000228881836,4.29010009765625,4.260000228881836,4.282100200653076,4908,0.0,0.0
2024-08-19 11:20:00-04:00,4.28000020980835,4.28000020980835,4.28000020980835,4.28000020980835,2185,0.0,0.0
2024-08-19 11:25:00-04:00,4.295000076293945,4.295000076293945,4.289999961853027,4.289999961853027,2235,0.0,0.0
2024-08-19 11:35:00-04:00,4.25,4.25,4.25,4.25,958,0.0,0.0
2024-08-19 11:50:00-04:00,4.239999771118164,4.239999771118164,4.159999847412109,4.215000152587891,4128,0.0,0.0
2024-08-19 12:00:00-04:00,4.279900074005127,4.279900074005127,4.279900074005127,4.279900074005127,505,0.0,0.0
2024-08-19 12:05:00-04:00,4.21999979019165,4.21999979019165,4.21999979019165,4.21999979019165,280,0.0,0.0
2024-08-19 12:10:00-04:00,4.269999980926514,4.380000114440918,4.269999980926514,4.380000114440918,5485,0.0,0.0
2024-08-19 12:20:00-04:00,4.349999904632568,4.349999904632568,4.349999904632568,4.349999904632568,379,0.0,0.0
2024-08-19 12:25:00-04:00,4.409999847412109,4.409999847412109,4.300000190734863,4.389999866485596,7284,0.0,0.0
2024-08-19 12:30:00-04:00,4.531099796295166,4.531099796295166,4.531099796295166,4.531099796295166,200,0.0,0.0
2024-08-19 12:35:00-04:00,4.510000228881836,4.519999980926514,4.510000228881836,4.519999980926514,462,0.0,0.0
2024-08-19 12:55:00-04:00,4.480000019073486,4.480000019073486,4.480000019073486,4.480000019073486,225,0.0,0.0
2024-08-19 13:00:00-04:00,4.429999828338623,4.429999828338623,4.429999828338623,4.429999828338623,3785,0.0,0.0
2024-08-19 13:10:00-04:00,4.53000020980835,4.53000020980835,4.489999771118164,4.510000228881836,2307,0.0,0.0
2024-08-19 13:15:00-04:00,4.460000038146973,4.460000038146973,4.444300174713135,4.444300174713135,1318,0.0,0.0
2024-08-19 13:20:00-04:00,4.456299781799316,4.456299781799316,4.456299781799316,4.456299781799316,1319,0.0,0.0
2024-08-19 13:45:00-04:00,4.445000171661377,4.445000171661377,4.440000057220459,4.440000057220459,1272,0.0,0.0
2024-08-19 13:50:00-04:00,4.401299953460693,4.401299953460693,4.401299953460693,4.401299953460693,1915,0.0,0.0
2024-08-19 14:10:00-04:00,4.436999797821045,4.436999797821045,4.436999797821045,4.436999797821045,1474,0.0,0.0
2024-08-19 14:20:00-04:00,4.434999942779541,4.434999942779541,4.369999885559082,4.369999885559082,3718,0.0,0.0
2024-08-19 14:25:00-04:00,4.369999885559082,4.369999885559082,4.369999885559082,4.369999885559082,821,0.0,0.0
2024-08-19 14:35:00-04:00,4.5,4.5,4.5,4.5,2287,0.0,0.0
2024-08-19 14:50:00-04:00,4.519999980926514,4.519999980926514,4.519999980926514,4.519999980926514,3305,0.0,0.0
2024-08-19 14:55:00-04:00,4.4994001388549805,4.4994001388549805,4.449999809265137,4.449999809265137,1999,0.0,0.0
2024-08-19 15:15:00-04:00,4.570000171661377,4.570000171661377,4.536499977111816,4.536499977111816,500,0.0,0.0
2024-08-19 15:25:00-04:00,4.489999771118164,4.489999771118164,4.489999771118164,4.489999771118164,542,0.0,0.0
2024-08-19 15:35:00-04:00,4.420000076293945,4.460000038146973,4.420000076293945,4.460000038146973,2364,0.0,0.0
2024-08-19 15:45:00-04:00,4.454999923706055,4.454999923706055,4.454999923706055,4.454999923706055,427,0.0,0.0
2024-08-19 15:50:00-04:00,4.400000095367432,4.40500020980835,4.349999904632568,4.360000133514404,1770,0.0,0.0
2024-08-19 15:55:00-04:00,4.400000095367432,4.414999961853027,4.360000133514404,4.360000133514404,1530,0.0,0.0
2024-08-20 09:30:00-04:00,4.440000057220459,4.489999771118164,4.400000095367432,4.489999771118164,16595,0.0,0.0
2024-08-20 09:35:00-04:00,4.559999942779541,4.64900016784668,4.559999942779541,4.64900016784668,4552,0.0,0.0
2024-08-20 09:40:00-04:00,4.639999866485596,4.639999866485596,4.570300102233887,4.570300102233887,413,0.0,0.0
2024-08-20 09:45:00-04:00,4.5731000900268555,4.5731000900268555,4.5731000900268555,4.5731000900268555,1091,0.0,0.0
2024-08-20 09:50:00-04:00,4.5,4.5,4.5,4.5,2608,0.0,0.0
2024-08-20 09:55:00-04:00,4.480000019073486,4.489999771118164,4.474999904632568,4.489999771118164,3152,0.0,0.0
2024-08-20 10:00:00-04:00,4.519999980926514,4.53000020980835,4.519999980926514,4.53000020980835,4427,0.0,0.0
2024-08-20 10:05:00-04:00,4.53000020980835,4.534999847412109,4.53000020980835,4.534999847412109,5024,0.0,0.0
2024-08-20 10:10:00-04:00,4.490099906921387,4.490099906921387,4.490099906921387,4.490099906921387,1028,0.0,0.0
2024-08-20 10:15:00-04:00,4.461400032043457,4.461400032043457,4.461400032043457,4.461400032043457,4100,0.0,0.0
2024-08-20 10:25:00-04:00,4.460000038146973,4.570000171661377,4.400000095367432,4.410099983215332,8699,0.0,0.0
2024-08-20 10:45:00-04:00,4.570000171661377,4.570000171661377,4.570000171661377,4.570000171661377,107,0.0,0.0
2024-08-20 10:50:00-04:00,4.505000114440918,4.505000114440918,4.505000114440918,4.505000114440918,736,0.0,0.0
2024-08-20 11:00:00-04:00,4.440000057220459,4.440000057220459,4.440000057220459,4.440000057220459,635,0.0,0.0
2024-08-20 11:05:00-04:00,4.489999771118164,4.489999771118164,4.489999771118164,4.489999771118164,289,0.0,0.0
2024-08-20 11:15:00-04:00,4.440000057220459,4.440000057220459,4.440000057220459,4.440000057220459,541,0.0,0.0
2024-08-20 11:20:00-04:00,4.445000171661377,4.445000171661377,4.445000171661377,4.445000171661377,405,0.0,0.0
2024-08-20 11:25:00-04:00,4.420000076293945,4.420000076293945,4.420000076293945,4.420000076293945,325,0.0,0.0
2024-08-20 11:30:00-04:00,4.409999847412109,4.409999847412109,4.329999923706055,4.329999923706055,4182,0.0,0.0
2024-08-20 11:50:00-04:00,4.331099987030029,4.331099987030029,4.331099987030029,4.331099987030029,290,0.0,0.0
2024-08-20 12:35:00-04:00,4.4019999504089355,4.4019999504089355,4.4019999504089355,4.4019999504089355,123,0.0,0.0
2024-08-20 12:40:00-04:00,4.360000133514404,4.360000133514404,4.360000133514404,4.360000133514404,658,0.0,0.0
2024-08-20 12:55:00-04:00,4.360000133514404,4.360000133514404,4.289999961853027,4.3460001945495605,2762,0.0,0.0
2024-08-20 13:25:00-04:00,4.233099937438965,4.342199802398682,4.233099937438965,4.342199802398682,495,0.0,0.0
2024-08-20 14:00:00-04:00,4.389999866485596,4.389999866485596,4.389999866485596,4.389999866485596,685,0.0,0.0
2024-08-20 14:15:00-04:00,4.369999885559082,4.369999885559082,4.369999885559082,4.369999885559082,989,0.0,0.0
2024-08-20 14:55:00-04:00,4.349999904632568,4.349999904632568,4.349999904632568,4.349999904632568,274,0.0,0.0
2024-08-20 15:25:00-04:00,4.289999961853027,4.289999961853027,4.289999961853027,4.289999961853027,576,0.0,0.0
2024-08-20 15:30:00-04:00,4.334400177001953,4.334400177001953,4.334400177001953,4.334400177001953,305,0.0,0.0
2024-08-20 15:40:00-04:00,4.349999904632568,4.349999904632568,4.349999904632568,4.349999904632568,110,0.0,0.0
2024-08-20 15:45:00-04:00,4.349999904632568,4.349999904632568,4.349999904632568,4.349999904632568,822,0.0,0.0
2024-08-20 15:55:00-04:00,4.34499979019165,4.34499979019165,4.239999771118164,4.239999771118164,3558,0.0,0.0
2024-08-21 09:35:00-04:00,4.369999885559082,4.369999885559082,4.360000133514404,4.360000133514404,1085,0.0,0.0
2024-08-21 09:40:00-04:00,4.340000152587891,4.340000152587891,4.340000152587891,4.340000152587891,100,0.0,0.0
2024-08-21 09:45:00-04:00,4.360000133514404,4.429999828338623,4.360000133514404,4.429999828338623,1489,0.0,0.0
2024-08-21 09:50:00-04:00,4.400000095367432,4.400000095367432,4.400000095367432,4.400000095367432,400,0.0,0.0
2024-08-21 09:55:00-04:00,4.429999828338623,4.429999828338623,4.429999828338623,4.429999828338623,1000,0.0,0.0
2024-08-21 10:00:00-04:00,4.539999961853027,4.539999961853027,4.539999961853027,4.539999961853027,177,0.0,0.0
2024-08-21 10:05:00-04:00,4.53000020980835,4.53000020980835,4.519999980926514,4.519999980926514,1348,0.0,0.0
2024-08-21 10:10:00-04:00,4.570000171661377,4.648099899291992,4.570000171661377,4.639999866485596,2422,0.0,0.0
2024-08-21 10:15:00-04:00,4.539999961853027,4.5696001052856445,4.460000038146973,4.5696001052856445,5960,0.0,0.0
2024-08-21 10:20:00-04:00,4.539999961853027,4.539999961853027,4.539999961853027,4.539999961853027,202,0.0,0.0
2024-08-21 10:25:00-04:00,4.539999961853027,4.539999961853027,4.539999961853027,4.539999961853027,713,0.0,0.0
2024-08-21 10:30:00-04:00,4.519999980926514,4.519999980926514,4.519999980926514,4.519999980926514,1211,0.0,0.0
2024-08-21 10:35:00-04:00,4.509900093078613,4.559999942779541,4.509900093078613,4.559999942779541,1354,0.0,0.0
2024-08-21 10:50:00-04:00,4.550000190734863,4.550000190734863,4.529600143432617,4.529600143432617,983,0.0,0.0
2024-08-21 11:10:00-04:00,4.534999847412109,4.534999847412109,4.534999847412109,4.534999847412109,508,0.0,0.0
2024-08-21 11:30:00-04:00,4.570000171661377,4.570000171661377,4.570000171661377,4.570000171661377,285,0.0,0.0
2024-08-21 11:40:00-04:00,4.559999942779541,4.559999942779541,4.5100998878479,4.5100998878479,727,0.0,0.0
2024-08-21 11:45:00-04:00,4.550000190734863,4.550000190734863,4.550000190734863,4.550000190734863,174,0.0,0.0
2024-08-21 12:00:00-04:00,4.53000020980835,4.53000020980835,4.53000020980835,4.53000020980835,655,0.0,0.0
2024-08-21 12:05:00-04:00,4.599999904632568,4.599999904632568,4.599999904632568,4.599999904632568,188,0.0,0.0
2024-08-21 12:10:00-04:00,4.534200191497803,4.534200191497803,4.53000020980835,4.53000020980835,939,0.0,0.0
2024-08-21 12:25:00-04:00,4.486800193786621,4.486800193786621,4.486800193786621,4.486800193786621,2614,0.0,0.0
2024-08-21 13:15:00-04:00,4.630000114440918,4.639999866485596,4.590000152587891,4.639999866485596,1491,0.0,0.0
2024-08-21 13:35:00-04:00,4.619999885559082,4.630000114440918,4.619999885559082,4.630000114440918,1617,0.0,0.0
2024-08-21 13:45:00-04:00,4.614999771118164,4.699999809265137,4.614999771118164,4.699999809265137,2026,0.0,0.0
2024-08-21 14:05:00-04:00,4.690000057220459,4.800000190734863,4.690000057220459,4.800000190734863,1203,0.0,0.0
2024-08-21 14:15:00-04:00,4.69980001449585,4.69980001449585,4.69980001449585,4.69980001449585,424,0.0,0.0
2024-08-21 14:30:00-04:00,4.809999942779541,5.039999961853027,4.760000228881836,4.820000171661377,30106,0.0,0.0
2024-08-21 14:35:00-04:00,4.78000020980835,4.7891998291015625,4.699999809265137,4.769999980926514,2980,0.0,0.0
2024-08-21 14:40:00-04:00,4.829999923706055,4.829999923706055,4.829999923706055,4.829999923706055,1880,0.0,0.0
2024-08-21 14:50:00-04:00,4.769999980926514,4.769999980926514,4.769999980926514,4.769999980926514,1144,0.0,0.0
2024-08-21 14:55:00-04:00,4.829999923706055,4.829999923706055,4.829999923706055,4.829999923706055,4050,0.0,0.0
2024-08-21 15:00:00-04:00,4.789999961853027,4.829999923706055,4.744999885559082,4.829999923706055,972,0.0,0.0
2024-08-21 15:05:00-04:00,4.829999923706055,4.840000152587891,4.829999923706055,4.840000152587891,948,0.0,0.0
2024-08-21 15:10:00-04:00,4.849999904632568,4.849999904632568,4.849999904632568,4.849999904632568,208,0.0,0.0
2024-08-21 15:15:00-04:00,4.769999980926514,4.784999847412109,4.769999980926514,4.78000020980835,7810,0.0,0.0
2024-08-21 15:30:00-04:00,4.869999885559082,4.869999885559082,4.869999885559082,4.869999885559082,2203,0.0,0.0
2024-08-21 15:35:00-04:00,4.869900226593018,4.869900226593018,4.869900226593018,4.869900226593018,138,0.0,0.0
2024-08-21 15:40:00-04:00,4.840000152587891,4.949999809265137,4.840000152587891,4.929999828338623,5196,0.0,0.0
2024-08-21 15:45:00-04:00,4.940000057220459,4.976799964904785,4.940000057220459,4.976799964904785,12585,0.0,0.0
2024-08-21 15:55:00-04:00,4.980000019073486,4.999000072479248,4.960000038146973,4.960000038146973,3189,0.0,0.0
2024-08-22 09:30:00-04:00,5.0,5.139999866485596,5.0,5.019999980926514,7078,0.0,0.0
2024-08-22 09:35:00-04:00,5.019999980926514,5.149899959564209,5.0100998878479,5.0100998878479,16126,0.0,0.0
2024-08-22 09:45:00-04:00,5.150000095367432,5.269999980926514,5.139999866485596,5.25,213,0.0,0.0
2024-08-22 09:50:00-04:00,5.2480998039245605,5.28000020980835,5.14900016784668,5.28000020980835,11339,0.0,0.0
2024-08-22 09:55:00-04:00,5.230000019073486,5.28000020980835,5.070000171661377,5.070000171661377,11794,0.0,0.0
2024-08-22 10:00:00-04:00,5.090000152587891,5.260000228881836,5.051700115203857,5.21999979019165,16162,0.0,0.0
2024-08-22 10:05:00-04:00,5.21999979019165,5.21999979019165,5.21999979019165,5.21999979019165,951,0.0,0.0
2024-08-22 10:15:00-04:00,5.132999897003174,5.132999897003174,5.132999897003174,5.132999897003174,1356,0.0,0.0
2024-08-22 10:25:00-04:00,5.139999866485596,5.139999866485596,5.139999866485596,5.139999866485596,623,0.0,0.0
2024-08-22 10:30:00-04:00,5.194799900054932,5.194799900054932,5.194799900054932,5.194799900054932,5632,0.0,0.0
2024-08-22 10:40:00-04:00,5.114999771118164,5.114999771118164,5.114999771118164,5.114999771118164,958,0.0,0.0
2024-08-22 11:10:00-04:00,5.03000020980835,5.03000020980835,5.03000020980835,5.03000020980835,166,0.0,0.0
2024-08-22 11:20:00-04:00,5.03000020980835,5.03000020980835,5.03000020980835,5.03000020980835,539,0.0,0.0
2024-08-22 11:30:00-04:00,5.02269983291626,5.03000020980835,4.920000076293945,4.920000076293945,9396,0.0,0.0
2024-08-22 11:45:00-04:00,4.880000114440918,4.880000114440918,4.880000114440918,4.880000114440918,596,0.0,0.0
2024-08-22 11:50:00-04:00,4.909999847412109,4.909999847412109,4.909999847412109,4.909999847412109,211,0.0,0.0
2024-08-22 11:55:00-04:00,4.889999866485596,4.889999866485596,4.839399814605713,4.839399814605713,2392,0.0,0.0
2024-08-22 12:00:00-04:00,4.860000133514404,4.860000133514404,4.860000133514404,4.860000133514404,1446,0.0,0.0
2024-08-22 12:05:00-04:00,4.820000171661377,4.920000076293945,4.798999786376953,4.920000076293945,5750,0.0,0.0
2024-08-22 12:10:00-04:00,4.90500020980835,4.90500020980835,4.90500020980835,4.90500020980835,0,0.0,0.0
2024-08-22 12:15:00-04:00,4.846499919891357,4.969900131225586,4.846499919891357,4.969900131225586,1304,0.0,0.0
2024-08-22 12:20:00-04:00,4.914999961853027,4.918700218200684,4.840000152587891,4.918700218200684,4972,0.0,0.0
2024-08-22 12:25:00-04:00,4.860000133514404,5.039999961853027,4.839000225067139,5.039999961853027,7540,0.0,0.0
2024-08-22 12:30:00-04:00,4.96999979019165,4.96999979019165,4.96999979019165,4.96999979019165,253,0.0,0.0
2024-08-22 12:35:00-04:00,4.980000019073486,5.010000228881836,4.949999809265137,5.010000228881836,1151,0.0,0.0
2024-08-22 12:40:00-04:00,5.019999980926514,5.080999851226807,4.960000038146973,5.010000228881836,12520,0.0,0.0
2024-08-22 12:45:00-04:00,5.010000228881836,5.010000228881836,5.0,5.0,8043,0.0,0.0
2024-08-22 12:50:00-04:00,4.980000019073486,4.980000019073486,4.980000019073486,4.980000019073486,266,0.0,0.0
2024-08-22 13:00:00-04:00,4.914999961853027,4.914999961853027,4.914999961853027,4.914999961853027,174,0.0,0.0
2024-08-22 13:35:00-04:00,4.849999904632568,4.849999904632568,4.849999904632568,4.849999904632568,378,0.0,0.0
2024-08-22 13:50:00-04:00,4.710000038146973,4.710000038146973,4.710000038146973,4.710000038146973,319,0.0,0.0
2024-08-22 13:55:00-04:00,4.769999980926514,4.769999980926514,4.769999980926514,4.769999980926514,551,0.0,0.0
2024-08-22 14:05:00-04:00,4.769999980926514,4.769999980926514,4.769999980926514,4.769999980926514,230,0.0,0.0
2024-08-22 14:10:00-04:00,4.730000019073486,4.730000019073486,4.730000019073486,4.730000019073486,516,0.0,0.0
2024-08-22 14:15:00-04:00,4.730000019073486,4.730000019073486,4.730000019073486,4.730000019073486,0,0.0,0.0
2024-08-22 14:20:00-04:00,4.739999771118164,4.739999771118164,4.730000019073486,4.730000019073486,531,0.0,0.0
2024-08-22 14:25:00-04:00,4.715000152587891,4.715000152587891,4.610000133514404,4.664999961853027,4388,0.0,0.0
2024-08-22 14:30:00-04:00,4.659999847412109,4.715000152587891,4.644999980926514,4.715000152587891,1815,0.0,0.0
2024-08-22 14:40:00-04:00,4.630000114440918,4.630000114440918,4.619999885559082,4.619999885559082,2452,0.0,0.0
2024-08-22 14:55:00-04:00,4.639999866485596,4.639999866485596,4.639999866485596,4.639999866485596,150,0.0,0.0
2024-08-22 15:00:00-04:00,4.695400238037109,4.695400238037109,4.695400238037109,4.695400238037109,665,0.0,0.0
2024-08-22 15:05:00-04:00,4.706699848175049,4.706699848175049,4.579999923706055,4.579999923706055,10783,0.0,0.0
2024-08-22 15:30:00-04:00,4.682300090789795,4.682300090789795,4.682300090789795,4.682300090789795,451,0.0,0.0
2024-08-22 15:45:00-04:00,4.599999904632568,4.599999904632568,4.590000152587891,4.599999904632568,1211,0.0,0.0
2024-08-22 15:50:00-04:00,4.590000152587891,4.612800121307373,4.590000152587891,4.612800121307373,345,0.0,0.0
2024-08-22 15:55:00-04:00,4.590000152587891,4.590000152587891,4.590000152587891,4.590000152587891,842,0.0,0.0
2024-08-23 09:30:00-04:00,4.769999980926514,4.769999980926514,4.730000019073486,4.730000019073486,702,0.0,0.0
2024-08-23 09:35:00-04:00,4.67579984664917,4.67579984664917,4.646200180053711,4.646200180053711,775,0.0,0.0
2024-08-23 09:45:00-04:00,4.675000190734863,4.675000190734863,4.675000190734863,4.675000190734863,50,0.0,0.0
2024-08-23 09:50:00-04:00,4.639999866485596,4.75,4.639999866485596,4.75,5338,0.0,0.0
2024-08-23 09:55:00-04:00,4.710000038146973,4.710000038146973,4.710000038146973,4.710000038146973,192,0.0,0.0
2024-08-23 10:00:00-04:00,4.75,4.75,4.695000171661377,4.71999979019165,1545,0.0,0.0
2024-08-23 10:05:00-04:00,4.810699939727783,4.8379998207092285,4.789999961853027,4.789999961853027,1338,0.0,0.0
2024-08-23 10:10:00-04:00,4.75,4.960000038146973,4.75,4.849999904632568,6932,0.0,0.0
2024-08-23 10:35:00-04:00,4.960000038146973,4.960000038146973,4.780099868774414,4.960000038146973,765,0.0,0.0
2024-08-23 10:45:00-04:00,4.78000020980835,4.789999961853027,4.78000020980835,4.789999961853027,4920,0.0,0.0
2024-08-23 10:50:00-04:00,4.869999885559082,4.869999885559082,4.869999885559082,4.869999885559082,402,0.0,0.0
2024-08-23 10:55:00-04:00,4.769999980926514,4.769999980926514,4.769999980926514,4.769999980926514,1042,0.0,0.0
2024-08-23 11:10:00-04:00,4.750500202178955,4.750500202178955,4.750500202178955,4.750500202178955,3571,0.0,0.0
2024-08-23 11:45:00-04:00,4.809999942779541,4.909999847412109,4.699999809265137,4.730000019073486,20534,0.0,0.0
2024-08-23 11:50:00-04:00,4.739999771118164,4.900000095367432,4.7104997634887695,4.900000095367432,6052,0.0,0.0
2024-08-23 12:00:00-04:00,4.739999771118164,4.739999771118164,4.739999771118164,4.739999771118164,130,0.0,0.0
2024-08-23 12:15:00-04:00,4.960000038146973,4.960000038146973,4.960000038146973,4.960000038146973,222,0.0,0.0
2024-08-23 12:20:00-04:00,4.769999980926514,4.784200191497803,4.769999980926514,4.784200191497803,1124,0.0,0.0
2024-08-23 12:25:00-04:00,4.875,4.875,4.875,4.875,529,0.0,0.0
2024-08-23 13:05:00-04:00,4.880000114440918,4.880000114440918,4.849999904632568,4.849999904632568,5500,0.0,0.0
2024-08-23 13:15:00-04:00,4.939899921417236,4.939899921417236,4.939899921417236,4.939899921417236,0,0.0,0.0
2024-08-23 13:20:00-04:00,4.789999961853027,4.849999904632568,4.789999961853027,4.849999904632568,1475,0.0,0.0
2024-08-23 13:25:00-04:00,4.880000114440918,5.061999797821045,4.880000114440918,5.014999866485596,7803,0.0,0.0
2024-08-23 13:30:00-04:00,4.949999809265137,4.949999809265137,4.949999809265137,4.949999809265137,624,0.0,0.0
2024-08-23 13:40:00-04:00,5.159999847412109,5.159999847412109,5.0,5.0,5277,0.0,0.0
2024-08-23 13:45:00-04:00,4.96999979019165,4.96999979019165,4.96999979019165,4.96999979019165,1207,0.0,0.0
2024-08-23 13:55:00-04:00,5.03000020980835,5.03000020980835,5.03000020980835,5.03000020980835,300,0.0,0.0
2024-08-23 14:00:00-04:00,5.03000020980835,5.03000020980835,5.03000020980835,5.03000020980835,243,0.0,0.0
2024-08-23 14:10:00-04:00,5.010000228881836,5.010000228881836,4.900000095367432,4.900000095367432,1234,0.0,0.0
2024-08-23 14:15:00-04:00,4.842400074005127,4.900000095367432,4.842400074005127,4.900000095367432,1807,0.0,0.0
2024-08-23 14:30:00-04:00,4.981599807739258,4.981599807739258,4.981599807739258,4.981599807739258,630,0.0,0.0
2024-08-23 14:40:00-04:00,4.989999771118164,4.989999771118164,4.989999771118164,4.989999771118164,800,0.0,0.0
2024-08-23 14:45:00-04:00,4.978899955749512,4.978899955749512,4.978899955749512,4.978899955749512,50,0.0,0.0
2024-08-23 15:00:00-04:00,4.8907999992370605,4.8907999992370605,4.78000020980835,4.815000057220459,5965,0.0,0.0
2024-08-23 15:05:00-04:00,4.769999980926514,4.769999980926514,4.75,4.760000228881836,927,0.0,0.0
2024-08-23 15:10:00-04:00,4.869999885559082,4.869999885559082,4.869999885559082,4.869999885559082,5132,0.0,0.0
2024-08-23 15:20:00-04:00,4.840000152587891,4.920000076293945,4.840000152587891,4.920000076293945,3096,0.0,0.0
2024-08-23 15:25:00-04:00,4.929999828338623,4.949999809265137,4.929999828338623,4.949999809265137,0,0.0,0.0
2024-08-23 15:35:00-04:00,4.900000095367432,4.900000095367432,4.900000095367432,4.900000095367432,536,0.0,0.0
2024-08-23 15:45:00-04:00,4.889999866485596,4.9079999923706055,4.881700038909912,4.9079999923706055,1600,0.0,0.0
2024-08-23 15:50:00-04:00,4.940000057220459,5.0,4.940000057220459,4.989999771118164,4765,0.0,0.0
2024-08-23 15:55:00-04:00,4.920000076293945,4.920000076293945,4.920000076293945,4.920000076293945,442,0.0,0.0
2024-08-26 09:30:00-04:00,5.0,5.0,5.0,5.0,557,0.0,0.0
2024-08-26 09:35:00-04:00,4.949999809265137,4.994999885559082,4.900000095367432,4.994999885559082,2901,0.0,0.0
2024-08-26 09:45:00-04:00,4.860000133514404,4.860000133514404,4.860000133514404,4.860000133514404,502,0.0,0.0
2024-08-26 09:50:00-04:00,4.929999828338623,4.929999828338623,4.870999813079834,4.870999813079834,600,0.0,0.0
2024-08-26 09:55:00-04:00,4.929999828338623,4.929999828338623,4.929999828338623,4.929999828338623,0,0.0,0.0
2024-08-26 10:00:00-04:00,4.869999885559082,4.869999885559082,4.869999885559082,4.869999885559082,236,0.0,0.0
2024-08-26 10:20:00-04:00,4.792200088500977,4.917500019073486,4.792200088500977,4.917500019073486,3697,0.0,0.0
2024-08-26 10:30:00-04:00,4.8730998039245605,4.8730998039245605,4.8730998039245605,4.8730998039245605,303,0.0,0.0
2024-08-26 10:35:00-04:00,4.789999961853027,4.789999961853027,4.789999961853027,4.789999961853027,142,0.0,0.0
2024-08-26 10:40:00-04:00,4.821100234985352,4.821100234985352,4.821100234985352,4.821100234985352,269,0.0,0.0
2024-08-26 10:55:00-04:00,4.789999961853027,4.789999961853027,4.789999961853027,4.789999961853027,575,0.0,0.0
2024-08-26 11:40:00-04:00,4.841599941253662,4.841599941253662,4.820099830627441,4.840000152587891,1069,0.0,0.0
2024-08-26 12:10:00-04:00,4.800000190734863,4.800000190734863,4.78000020980835,4.78000020980835,1104,0.0,0.0
2024-08-26 12:15:00-04:00,4.809999942779541,4.840000152587891,4.809999942779541,4.840000152587891,699,0.0,0.0
2024-08-26 12:35:00-04:00,4.869999885559082,4.869999885559082,4.869999885559082,4.869999885559082,723,0.0,0.0
2024-08-26 12:50:00-04:00,4.875,4.878200054168701,4.875,4.878200054168701,590,0.0,0.0
2024-08-26 13:00:00-04:00,4.880000114440918,4.880000114440918,4.880000114440918,4.880000114440918,472,0.0,0.0
2024-08-26 14:00:00-04:00,4.7895002365112305,4.7895002365112305,4.7895002365112305,4.7895002365112305,683,0.0,0.0
2024-08-26 14:20:00-04:00,4.780099868774414,4.780099868774414,4.780099868774414,4.780099868774414,2117,0.0,0.0
2024-08-26 14:45:00-04:00,4.781000137329102,4.781000137329102,4.78000020980835,4.78000020980835,1175,0.0,0.0
2024-08-26 14:55:00-04:00,4.650000095367432,4.829999923706055,4.650000095367432,4.829999923706055,4789,0.0,0.0
2024-08-26 15:10:00-04:00,4.699999809265137,4.809999942779541,4.699999809265137,4.809999942779541,2209,0.0,0.0
2024-08-26 15:55:00-04:00,4.71999979019165,4.71999979019165,4.71999979019165,4.71999979019165,758,0.0,0.0
2024-08-27 09:35:00-04:00,4.699999809265137,4.699999809265137,4.699999809265137,4.699999809265137,10584,0.0,0.0
2024-08-27 09:45:00-04:00,4.690000057220459,4.690000057220459,4.616099834442139,4.616099834442139,462,0.0,0.0
2024-08-27 09:55:00-04:00,4.65500020980835,4.699999809265137,4.650000095367432,4.699999809265137,1562,0.0,0.0
2024-08-27 10:00:00-04:00,4.749899864196777,4.749899864196777,4.749899864196777,4.749899864196777,1732,0.0,0.0
2024-08-27 10:05:00-04:00,4.724999904632568,4.724999904632568,4.699999809265137,4.699999809265137,656,0.0,0.0
2024-08-27 10:15:00-04:00,4.610000133514404,4.610000133514404,4.610000133514404,4.610000133514404,200,0.0,0.0
2024-08-27 10:30:00-04:00,4.650000095367432,4.75,4.630000114440918,4.75,4070,0.0,0.0
2024-08-27 10:35:00-04:00,4.748000144958496,4.748000144958496,4.748000144958496,4.748000144958496,489,0.0,0.0
2024-08-27 10:45:00-04:00,4.75,4.75,4.75,4.75,200,0.0,0.0
2024-08-27 10:50:00-04:00,4.740799903869629,4.764999866485596,4.740799903869629,4.764999866485596,2765,0.0,0.0
2024-08-27 11:15:00-04:00,4.757999897003174,4.7600998878479,4.739999771118164,4.739999771118164,2415,0.0,0.0
2024-08-27 11:20:00-04:00,4.739999771118164,4.739999771118164,4.739999771118164,4.739999771118164,299,0.0,0.0
2024-08-27 11:25:00-04:00,4.739999771118164,4.739999771118164,4.739999771118164,4.739999771118164,485,0.0,0.0
2024-08-27 11:35:00-04:00,4.749899864196777,4.749899864196777,4.677199840545654,4.677199840545654,1309,0.0,0.0
2024-08-27 11:40:00-04:00,4.684999942779541,4.684999942779541,4.684999942779541,4.684999942779541,247,0.0,0.0
2024-08-27 12:05:00-04:00,4.690000057220459,4.690000057220459,4.690000057220459,4.690000057220459,197,0.0,0.0
2024-08-27 12:10:00-04:00,4.670000076293945,4.670000076293945,4.670000076293945,4.670000076293945,423,0.0,0.0
2024-08-27 13:10:00-04:00,4.639999866485596,4.639999866485596,4.630000114440918,4.630000114440918,1357,0.0,0.0
2024-08-27 14:00:00-04:00,4.684500217437744,4.684500217437744,4.684500217437744,4.684500217437744,563,0.0,0.0
2024-08-27 15:00:00-04:00,4.650000095367432,4.666399955749512,4.650000095367432,4.666399955749512,1359,0.0,0.0
2024-08-27 15:10:00-04:00,4.670000076293945,4.670000076293945,4.670000076293945,4.670000076293945,2021,0.0,0.0
2024-08-27 15:15:00-04:00,4.670000076293945,4.670000076293945,4.670000076293945,4.670000076293945,0,0.0,0.0
2024-08-27 15:25:00-04:00,4.690000057220459,4.699999809265137,4.690000057220459,4.699999809265137,640,0.0,0.0
2024-08-27 15:35:00-04:00,4.704999923706055,4.704999923706055,4.704999923706055,4.704999923706055,764,0.0,0.0
2024-08-27 15:45:00-04:00,4.699999809265137,4.699999809265137,4.699999809265137,4.699999809265137,278,0.0,0.0
2024-08-27 15:50:00-04:00,4.695000171661377,4.695000171661377,4.695000171661377,4.695000171661377,505,0.0,0.0
2024-08-27 15:55:00-04:00,4.6519999504089355,4.71999979019165,4.650000095367432,4.71999979019165,993,0.0,0.0
2024-08-28 09:30:00-04:00,4.71999979019165,4.71999979019165,4.71999979019165,4.71999979019165,1580,0.0,0.0
2024-08-28 09:40:00-04:00,4.789999961853027,4.9085001945495605,4.699999809265137,4.699999809265137,4010,0.0,0.0
2024-08-28 09:45:00-04:00,4.804999828338623,4.919899940490723,4.804999828338623,4.864999771118164,1403,0.0,0.0
2024-08-28 09:55:00-04:00,4.880000114440918,4.957200050354004,4.880000114440918,4.957200050354004,3847,0.0,0.0
2024-08-28 10:00:00-04:00,4.980000019073486,4.992199897766113,4.96999979019165,4.96999979019165,982,0.0,0.0
2024-08-28 10:05:00-04:00,4.869999885559082,4.869999885559082,4.869999885559082,4.869999885559082,910,0.0,0.0
2024-08-28 10:10:00-04:00,4.860000133514404,4.860000133514404,4.860000133514404,4.860000133514404,461,0.0,0.0
2024-08-28 10:15:00-04:00,4.860000133514404,4.860000133514404,4.860000133514404,4.860000133514404,1228,0.0,0.0
2024-08-28 10:20:00-04:00,4.880000114440918,4.9847002029418945,4.880000114440918,4.929999828338623,5426,0.0,0.0
2024-08-28 10:25:00-04:00,4.920000076293945,4.929999828338623,4.920000076293945,4.929999828338623,989,0.0,0.0
2024-08-28 10:30:00-04:00,5.0,5.0,4.96999979019165,4.96999979019165,3566,0.0,0.0
2024-08-28 10:40:00-04:00,4.960000038146973,5.130000114440918,4.960000038146973,5.130000114440918,10604,0.0,0.0
2024-08-28 10:45:00-04:00,5.039999961853027,5.039999961853027,4.460000038146973,4.5,67054,0.0,0.0
2024-08-28 10:50:00-04:00,4.519999980926514,4.78000020980835,4.460000038146973,4.699999809265137,8290,0.0,0.0
2024-08-28 10:55:00-04:00,4.699999809265137,4.829999923706055,4.699399948120117,4.699999809265137,5881,0.0,0.0
2024-08-28 11:00:00-04:00,4.639999866485596,4.639999866485596,4.639999866485596,4.639999866485596,1741,0.0,0.0
2024-08-28 11:05:00-04:00,4.670000076293945,4.670000076293945,4.670000076293945,4.670000076293945,582,0.0,0.0
2024-08-28 11:20:00-04:00,4.78000020980835,4.78000020980835,4.71999979019165,4.71999979019165,669,0.0,0.0
2024-08-28 11:25:00-04:00,4.699999809265137,4.710000038146973,4.659999847412109,4.670000076293945,6756,0.0,0.0
2024-08-28 11:40:00-04:00,4.699999809265137,4.71999979019165,4.699999809265137,4.71999979019165,1622,0.0,0.0
2024-08-28 11:45:00-04:00,4.650000095367432,4.650000095367432,4.650000095367432,4.650000095367432,276,0.0,0.0
2024-08-28 12:00:00-04:00,4.75,4.75,4.75,4.75,436,0.0,0.0
2024-08-28 12:15:00-04:00,4.650000095367432,4.650000095367432,4.550000190734863,4.550000190734863,2879,0.0,0.0
2024-08-28 12:20:00-04:00,4.519999980926514,4.589399814605713,4.519999980926514,4.574999809265137,3775,0.0,0.0
2024-08-28 12:25:00-04:00,4.559999942779541,4.559999942779541,4.5,4.5,5370,0.0,0.0
2024-08-28 12:30:00-04:00,4.550000190734863,4.550000190734863,4.550000190734863,4.550000190734863,133,0.0,0.0
2024-08-28 12:40:00-04:00,4.545000076293945,4.545000076293945,4.545000076293945,4.545000076293945,296,0.0,0.0
2024-08-28 12:50:00-04:00,4.559999942779541,4.559999942779541,4.559999942779541,4.559999942779541,1090,0.0,0.0
2024-08-28 12:55:00-04:00,4.480100154876709,4.480100154876709,4.480100154876709,4.480100154876709,649,0.0,0.0
2024-08-28 13:15:00-04:00,4.525000095367432,4.579999923706055,4.525000095367432,4.579999923706055,2402,0.0,0.0
2024-08-28 13:25:00-04:00,4.532100200653076,4.532100200653076,4.532100200653076,4.532100200653076,270,0.0,0.0
2024-08-28 13:45:00-04:00,4.53000020980835,4.53000020980835,4.53000020980835,4.53000020980835,597,0.0,0.0
2024-08-28 14:00:00-04:00,4.480000019073486,4.480000019073486,4.480000019073486,4.480000019073486,919,0.0,0.0
2024-08-28 14:15:00-04:00,4.449999809265137,4.449999809265137,4.449999809265137,4.449999809265137,767,0.0,0.0
2024-08-28 14:20:00-04:00,4.449999809265137,4.449999809265137,4.400000095367432,4.400000095367432,9247,0.0,0.0
2024-08-28 14:25:00-04:00,4.394999980926514,4.394999980926514,4.394999980926514,4.394999980926514,537,0.0,0.0
2024-08-28 14:40:00-04:00,4.355000019073486,4.355000019073486,4.355000019073486,4.355000019073486,185,0.0,0.0
2024-08-28 14:50:00-04:00,4.309999942779541,4.329999923706055,4.25,4.329999923706055,3190,0.0,0.0
2024-08-28 15:00:00-04:00,4.420000076293945,4.420000076293945,4.394999980926514,4.394999980926514,1754,0.0,0.0
2024-08-28 15:05:00-04:00,4.400000095367432,4.400000095367432,4.394999980926514,4.394999980926514,1321,0.0,0.0
2024-08-28 15:15:00-04:00,4.349999904632568,4.380000114440918,4.349999904632568,4.380000114440918,4570,0.0,0.0
2024-08-28 15:20:00-04:00,4.380000114440918,4.389999866485596,4.380000114440918,4.389999866485596,221,0.0,0.0
2024-08-28 15:25:00-04:00,4.329999923706055,4.329999923706055,4.329999923706055,4.329999923706055,120,0.0,0.0
2024-08-28 15:30:00-04:00,4.39169979095459,4.39169979095459,4.39169979095459,4.39169979095459,308,0.0,0.0
2024-08-28 15:35:00-04:00,4.356599807739258,4.356599807739258,4.356599807739258,4.356599807739258,124,0.0,0.0
2024-08-28 15:40:00-04:00,4.400000095367432,4.400000095367432,4.400000095367432,4.400000095367432,858,0.0,0.0
2024-08-28 15:50:00-04:00,4.309999942779541,4.349699974060059,4.309999942779541,4.340000152587891,1576,0.0,0.0
2024-08-28 15:55:00-04:00,4.349999904632568,4.349999904632568,4.349999904632568,4.349999904632568,200,0.0,0.0
2024-08-29 09:30:00-04:00,4.309999942779541,4.46999979019165,4.300000190734863,4.400000095367432,12235,0.0,0.0
2024-08-29 09:35:00-04:00,4.349999904632568,4.349999904632568,4.349999904632568,4.349999904632568,942,0.0,0.0
2024-08-29 09:50:00-04:00,4.460000038146973,4.460000038146973,4.460000038146973,4.460000038146973,101,0.0,0.0
2024-08-29 09:55:00-04:00,4.389999866485596,4.480000019073486,4.307499885559082,4.440000057220459,7352,0.0,0.0
2024-08-29 10:00:00-04:00,4.369999885559082,4.449999809265137,4.369999885559082,4.440000057220459,3214,0.0,0.0
2024-08-29 10:05:00-04:00,4.5,4.5,4.400000095367432,4.460000038146973,6084,0.0,0.0
2024-08-29 10:10:00-04:00,4.440000057220459,4.4899001121521,4.340000152587891,4.4899001121521,5416,0.0,0.0
2024-08-29 10:20:00-04:00,4.360000133514404,4.360000133514404,4.360000133514404,4.360000133514404,400,0.0,0.0
2024-08-29 10:25:00-04:00,4.360000133514404,4.360000133514404,4.360000133514404,4.360000133514404,1152,0.0,0.0
2024-08-29 10:35:00-04:00,4.46999979019165,4.46999979019165,4.46999979019165,4.46999979019165,117,0.0,0.0
2024-08-29 10:40:00-04:00,4.414999961853027,4.414999961853027,4.414999961853027,4.414999961853027,148,0.0,0.0
2024-08-29 10:45:00-04:00,4.449999809265137,4.46999979019165,4.414999961853027,4.46999979019165,2972,0.0,0.0
2024-08-29 10:55:00-04:00,4.409999847412109,4.409999847412109,4.360000133514404,4.369999885559082,940,0.0,0.0
2024-08-29 11:00:00-04:00,4.409999847412109,4.409999847412109,4.409999847412109,4.409999847412109,2693,0.0,0.0
2024-08-29 11:05:00-04:00,4.300000190734863,4.300000190734863,4.300000190734863,4.300000190734863,507,0.0,0.0
2024-08-29 11:10:00-04:00,4.289899826049805,4.289999961853027,4.289899826049805,4.289999961853027,2458,0.0,0.0
2024-08-29 11:15:00-04:00,4.300000190734863,4.380000114440918,4.28000020980835,4.380000114440918,5821,0.0,0.0
2024-08-29 11:20:00-04:00,4.45989990234375,4.45989990234375,4.45989990234375,4.45989990234375,522,0.0,0.0
2024-08-29 11:25:00-04:00,4.409999847412109,4.409999847412109,4.409999847412109,4.409999847412109,1585,0.0,0.0
2024-08-29 11:35:00-04:00,4.380000114440918,4.380000114440918,4.380000114440918,4.380000114440918,552,0.0,0.0
2024-08-29 11:45:00-04:00,4.380000114440918,4.380000114440918,4.380000114440918,4.380000114440918,143,0.0,0.0
2024-08-29 12:05:00-04:00,4.439899921417236,4.439899921417236,4.439899921417236,4.439899921417236,359,0.0,0.0
2024-08-29 12:55:00-04:00,4.440000057220459,4.440000057220459,4.440000057220459,4.440000057220459,333,0.0,0.0
2024-08-29 13:40:00-04:00,4.429999828338623,4.429999828338623,4.429999828338623,4.429999828338623,139,0.0,0.0
2024-08-29 13:50:00-04:00,4.360000133514404,4.360000133514404,4.309999942779541,4.309999942779541,9037,0.0,0.0
2024-08-29 13:55:00-04:00,4.300000190734863,4.300000190734863,4.300000190734863,4.300000190734863,421,0.0,0.0
2024-08-29 14:00:00-04:00,4.300000190734863,4.300000190734863,4.300000190734863,4.300000190734863,3248,0.0,0.0
2024-08-29 14:15:00-04:00,4.309999942779541,4.309999942779541,4.309999942779541,4.309999942779541,421,0.0,0.0
2024-08-29 14:20:00-04:00,4.25,4.269999980926514,4.239999771118164,4.239999771118164,3188,0.0,0.0
2024-08-29 14:25:00-04:00,4.199999809265137,4.199999809265137,4.199999809265137,4.199999809265137,690,0.0,0.0
2024-08-29 14:30:00-04:00,4.241000175476074,4.275000095367432,4.179999828338623,4.179999828338623,6140,0.0,0.0
2024-08-29 14:40:00-04:00,4.119999885559082,4.130000114440918,4.119999885559082,4.130000114440918,3954,0.0,0.0
2024-08-29 14:55:00-04:00,4.159999847412109,4.164999961853027,4.159999847412109,4.164999961853027,595,0.0,0.0
2024-08-29 15:00:00-04:00,4.099999904632568,4.099999904632568,4.099999904632568,4.099999904632568,374,0.0,0.0
2024-08-29 15:10:00-04:00,4.170000076293945,4.170000076293945,4.170000076293945,4.170000076293945,1155,0.0,0.0
2024-08-29 15:15:00-04:00,4.239999771118164,4.239999771118164,4.230000019073486,4.230000019073486,5358,0.0,0.0
2024-08-29 15:50:00-04:00,4.079999923706055,4.09499979019165,4.03000020980835,4.03000020980835,5206,0.0,0.0
2024-08-29 15:55:00-04:00,4.039999961853027,4.059999942779541,4.039999961853027,4.050000190734863,1183,0.0,0.0
2024-08-30 09:45:00-04:00,4.099999904632568,4.099999904632568,4.028600215911865,4.039999961853027,5906,0.0,0.0
2024-08-30 09:50:00-04:00,4.050000190734863,4.139999866485596,4.03000020980835,4.03000020980835,5764,0.0,0.0
2024-08-30 09:55:00-04:00,4.074999809265137,4.110000133514404,4.074999809265137,4.110000133514404,1172,0.0,0.0
2024-08-30 10:00:00-04:00,4.028200149536133,4.119999885559082,4.028200149536133,4.119999885559082,4300,0.0,0.0
2024-08-30 10:05:00-04:00,4.114500045776367,4.114500045776367,4.114500045776367,4.114500045776367,2940,0.0,0.0
2024-08-30 10:10:00-04:00,4.054999828338623,4.099699974060059,4.054999828338623,4.099699974060059,220,0.0,0.0
2024-08-30 10:20:00-04:00,4.050000190734863,4.050000190734863,4.050000190734863,4.050000190734863,263,0.0,0.0
2024-08-30 10:25:00-04:00,4.010000228881836,4.010000228881836,4.010000228881836,4.010000228881836,2499,0.0,0.0
2024-08-30 10:30:00-04:00,3.990000009536743,3.990000009536743,3.990000009536743,3.990000009536743,972,0.0,0.0
2024-08-30 10:35:00-04:00,4.110000133514404,4.110000133514404,4.099999904632568,4.099999904632568,1249,0.0,0.0
2024-08-30 10:40:00-04:00,3.9941999912261963,3.9941999912261963,3.990000009536743,3.990000009536743,1697,0.0,0.0
2024-08-30 10:45:00-04:00,4.0,4.0,4.0,4.0,313,0.0,0.0
2024-08-30 10:50:00-04:00,3.990000009536743,3.990000009536743,3.990000009536743,3.990000009536743,437,0.0,0.0
2024-08-30 11:05:00-04:00,3.880000114440918,3.9000000953674316,3.880000114440918,3.9000000953674316,680,0.0,0.0
2024-08-30 11:10:00-04:00,4.019899845123291,4.019899845123291,3.950000047683716,3.950000047683716,3207,0.0,0.0
2024-08-30 11:15:00-04:00,3.9000000953674316,3.9000000953674316,3.9000000953674316,3.9000000953674316,203,0.0,0.0
2024-08-30 11:25:00-04:00,3.9274001121520996,3.9274001121520996,3.9274001121520996,3.9274001121520996,3433,0.0,0.0
2024-08-30 11:35:00-04:00,3.90120005607605,3.9549999237060547,3.9000000953674316,3.9549999237060547,826,0.0,0.0
2024-08-30 11:40:00-04:00,3.950000047683716,3.9739999771118164,3.950000047683716,3.9739999771118164,2527,0.0,0.0
2024-08-30 11:45:00-04:00,3.9000000953674316,3.9000000953674316,3.9000000953674316,3.9000000953674316,512,0.0,0.0
2024-08-30 12:05:00-04:00,3.940000057220459,3.940000057220459,3.9000000953674316,3.9000000953674316,2152,0.0,0.0
2024-08-30 12:10:00-04:00,3.9000000953674316,3.9000000953674316,3.9000000953674316,3.9000000953674316,360,0.0,0.0
2024-08-30 12:20:00-04:00,3.948699951171875,3.948699951171875,3.944999933242798,3.944999933242798,530,0.0,0.0
2024-08-30 12:25:00-04:00,3.944999933242798,3.944999933242798,3.944999933242798,3.944999933242798,170,0.0,0.0
2024-08-30 12:35:00-04:00,3.9100000858306885,3.91129994392395,3.9100000858306885,3.91129994392395,714,0.0,0.0
2024-08-30 12:40:00-04:00,3.9100000858306885,3.9200000762939453,3.9100000858306885,3.9200000762939453,1611,0.0,0.0
2024-08-30 12:45:00-04:00,3.9000000953674316,3.9600000381469727,3.9000000953674316,3.900899887084961,3072,0.0,0.0
2024-08-30 12:50:00-04:00,3.9100000858306885,3.936000108718872,3.9100000858306885,3.936000108718872,608,0.0,0.0
2024-08-30 12:55:00-04:00,3.9100000858306885,3.934999942779541,3.9100000858306885,3.934999942779541,1079,0.0,0.0
2024-08-30 13:00:00-04:00,3.9100000858306885,3.9100000858306885,3.9100000858306885,3.9100000858306885,223,0.0,0.0
2024-08-30 13:05:00-04:00,3.9124999046325684,3.9124999046325684,3.9124999046325684,3.9124999046325684,422,0.0,0.0
2024-08-30 13:15:00-04:00,3.934999942779541,3.934999942779541,3.934999942779541,3.934999942779541,701,0.0,0.0
2024-08-30 13:20:00-04:00,3.950000047683716,3.950000047683716,3.950000047683716,3.950000047683716,311,0.0,0.0
2024-08-30 13:25:00-04:00,3.95989990234375,3.95989990234375,3.95989990234375,3.95989990234375,1318,0.0,0.0
2024-08-30 13:30:00-04:00,4.038099765777588,4.038099765777588,4.038099765777588,4.038099765777588,302,0.0,0.0
2024-08-30 13:35:00-04:00,3.9607999324798584,4.03000020980835,3.9600000381469727,3.9700000286102295,7704,0.0,0.0
2024-08-30 13:40:00-04:00,3.9700000286102295,3.9700000286102295,3.9200000762939453,3.9200000762939453,1086,0.0,0.0
2024-08-30 13:45:00-04:00,3.930000066757202,3.930000066757202,3.9000000953674316,3.9100000858306885,3948,0.0,0.0
2024-08-30 13:50:00-04:00,3.9100000858306885,3.9100000858306885,3.9000000953674316,3.9100000858306885,3496,0.0,0.0
2024-08-30 13:55:00-04:00,3.9100000858306885,3.9100000858306885,3.9100000858306885,3.9100000858306885,0,0.0,0.0
2024-08-30 14:00:00-04:00,3.930000066757202,3.930000066757202,3.930000066757202,3.930000066757202,373,0.0,0.0
2024-08-30 14:05:00-04:00,3.9200000762939453,3.9200000762939453,3.9200000762939453,3.9200000762939453,231,0.0,0.0
2024-08-30 14:20:00-04:00,4.009900093078613,4.009900093078613,4.009900093078613,4.009900093078613,193,0.0,0.0
2024-08-30 14:25:00-04:00,4.0,4.0,4.0,4.0,1158,0.0,0.0
2024-08-30 14:40:00-04:00,3.9700000286102295,3.9700000286102295,3.940000057220459,3.940000057220459,917,0.0,0.0
2024-08-30 15:25:00-04:00,3.990000009536743,3.990000009536743,3.990000009536743,3.990000009536743,266,0.0,0.0
2024-08-30 15:35:00-04:00,3.9600000381469727,3.9600000381469727,3.9600000381469727,3.9600000381469727,301,0.0,0.0
2024-08-30 15:40:00-04:00,3.9700000286102295,3.9700000286102295,3.9700000286102295,3.9700000286102295,300,0.0,0.0
2024-08-30 15:45:00-04:00,3.9700000286102295,3.9700000286102295,3.940000057220459,3.940000057220459,847,0.0,0.0
2024-08-30 15:50:00-04:00,3.950000047683716,4.0,3.950000047683716,3.9649999141693115,1105,0.0,0.0
2024-08-30 15:55:00-04:00,3.9549999237060547,4.039999961853027,3.9200000762939453,3.950000047683716,3008,0.0,0.0
2024-09-03 09:30:00-04:00,3.9600000381469727,3.9600000381469727,3.880000114440918,3.890000104904175,6115,0.0,0.0
2024-09-03 09:35:00-04:00,3.859999895095825,3.859999895095825,3.859999895095825,3.859999895095825,112,0.0,0.0
2024-09-03 09:40:00-04:00,3.859999895095825,3.859999895095825,3.8399999141693115,3.8399999141693115,1297,0.0,0.0
2024-09-03 09:45:00-04:00,3.8499999046325684,3.8499999046325684,3.8399999141693115,3.8399999141693115,3843,0.0,0.0
2024-09-03 09:50:00-04:00,3.799999952316284,3.799999952316284,3.799999952316284,3.799999952316284,308,0.0,0.0
2024-09-03 09:55:00-04:00,3.7899999618530273,3.799999952316284,3.75,3.7699999809265137,2011,0.0,0.0
2024-09-03 10:00:00-04:00,3.7936999797821045,3.7936999797821045,3.755000114440918,3.755000114440918,531,0.0,0.0
2024-09-03 10:05:00-04:00,3.799999952316284,3.799999952316284,3.799999952316284,3.799999952316284,1712,0.0,0.0
2024-09-03 10:10:00-04:00,3.7300000190734863,3.7699999809265137,3.7300000190734863,3.7699999809265137,312,0.0,0.0
2024-09-03 10:15:00-04:00,3.753499984741211,3.76990008354187,3.700000047683716,3.7583999633789062,2156,0.0,0.0
2024-09-03 10:20:00-04:00,3.690000057220459,3.7300000190734863,3.690000057220459,3.7300000190734863,1900,0.0,0.0
2024-09-03 10:25:00-04:00,3.690000057220459,3.7300000190734863,3.690000057220459,3.7300000190734863,2472,0.0,0.0
2024-09-03 10:30:00-04:00,3.690000057220459,3.694999933242798,3.6500000953674316,3.6500000953674316,2003,0.0,0.0
2024-09-03 10:35:00-04:00,3.7100000381469727,3.7100000381469727,3.6600000858306885,3.6600000858306885,451,0.0,0.0
2024-09-03 10:45:00-04:00,3.700000047683716,3.700000047683716,3.559999942779541,3.559999942779541,20569,0.0,0.0
2024-09-03 10:50:00-04:00,3.559999942779541,3.6328001022338867,3.559999942779541,3.6328001022338867,0,0.0,0.0
2024-09-03 11:00:00-04:00,3.630000114440918,3.630000114440918,3.630000114440918,3.630000114440918,301,0.0,0.0
2024-09-03 11:05:00-04:00,3.6050000190734863,3.6700000762939453,3.6050000190734863,3.6700000762939453,1015,0.0,0.0
2024-09-03 11:10:00-04:00,3.6637001037597656,3.6637001037597656,3.655600070953369,3.6600000858306885,397,0.0,0.0
2024-09-03 11:15:00-04:00,3.625,3.625,3.5804998874664307,3.5908000469207764,3370,0.0,0.0
2024-09-03 11:20:00-04:00,3.609600067138672,3.6684999465942383,3.609600067138672,3.630000114440918,4101,0.0,0.0
2024-09-03 11:25:00-04:00,3.5999999046325684,3.5999999046325684,3.5899999141693115,3.5899999141693115,666,0.0,0.0
2024-09-03 11:30:00-04:00,3.5899999141693115,3.5999999046325684,3.5899999141693115,3.5999999046325684,720,0.0,0.0
2024-09-03 11:45:00-04:00,3.640000104904175,3.640000104904175,3.549999952316284,3.549999952316284,8002,0.0,0.0
2024-09-03 11:50:00-04:00,3.549999952316284,3.549999952316284,3.450000047683716,3.450000047683716,25260,0.0,0.0
2024-09-03 12:05:00-04:00,3.555000066757202,3.555000066757202,3.555000066757202,3.555000066757202,1506,0.0,0.0
2024-09-03 12:15:00-04:00,3.5350000858306885,3.5350000858306885,3.5350000858306885,3.5350000858306885,1065,0.0,0.0
2024-09-03 12:25:00-04:00,3.5799999237060547,3.5799999237060547,3.5799999237060547,3.5799999237060547,305,0.0,0.0
2024-09-03 12:35:00-04:00,3.5799999237060547,3.5799999237060547,3.5673000812530518,3.5673000812530518,898,0.0,0.0
2024-09-03 12:55:00-04:00,3.5199999809265137,3.5199999809265137,3.5199999809265137,3.5199999809265137,580,0.0,0.0
2024-09-03 13:10:00-04:00,3.5199999809265137,3.5199999809265137,3.450000047683716,3.450000047683716,2249,0.0,0.0
2024-09-03 13:15:00-04:00,3.450000047683716,3.4574999809265137,3.450000047683716,3.4574999809265137,1194,0.0,0.0
2024-09-03 13:20:00-04:00,3.5906999111175537,3.5906999111175537,3.5906999111175537,3.5906999111175537,0,0.0,0.0
2024-09-03 13:30:00-04:00,3.509999990463257,3.509999990463257,3.509999990463257,3.509999990463257,565,0.0,0.0
2024-09-03 13:40:00-04:00,3.5315001010894775,3.579900026321411,3.5299999713897705,3.579900026321411,1267,0.0,0.0
2024-09-03 14:05:00-04:00,3.490000009536743,3.490000009536743,3.4800000190734863,3.4800000190734863,2279,0.0,0.0
2024-09-03 14:15:00-04:00,3.450000047683716,3.450000047683716,3.450000047683716,3.450000047683716,1019,0.0,0.0
2024-09-03 14:40:00-04:00,3.4312000274658203,3.4312000274658203,3.4312000274658203,3.4312000274658203,447,0.0,0.0
2024-09-03 14:50:00-04:00,3.490000009536743,3.490000009536743,3.490000009536743,3.490000009536743,288,0.0,0.0
2024-09-03 15:00:00-04:00,3.4200000762939453,3.4200000762939453,3.4000000953674316,3.4000000953674316,2341,0.0,0.0
2024-09-03 15:10:00-04:00,3.4298999309539795,3.4298999309539795,3.4298999309539795,3.4298999309539795,5372,0.0,0.0
2024-09-03 15:35:00-04:00,3.4000000953674316,3.4000000953674316,3.4000000953674316,3.4000000953674316,2021,0.0,0.0
2024-09-03 15:40:00-04:00,3.369999885559082,3.369999885559082,3.369999885559082,3.369999885559082,2417,0.0,0.0
2024-09-03 15:50:00-04:00,3.4100000858306885,3.4100000858306885,3.4100000858306885,3.4100000858306885,288,0.0,0.0
2024-09-03 15:55:00-04:00,3.4000000953674316,3.4000000953674316,3.4000000953674316,3.4000000953674316,1012,0.0,0.0
2024-09-04 09:30:00-04:00,3.4200000762939453,3.4200000762939453,3.331399917602539,3.331399917602539,11829,0.0,0.0
2024-09-04 09:35:00-04:00,3.299999952316284,3.305000066757202,3.200000047683716,3.305000066757202,4272,0.0,0.0
2024-09-04 09:45:00-04:00,3.4000000953674316,3.4800000190734863,3.3399999141693115,3.4800000190734863,19421,0.0,0.0
2024-09-04 10:05:00-04:00,3.3499999046325684,3.3499999046325684,3.3499999046325684,3.3499999046325684,421,0.0,0.0
2024-09-04 10:10:00-04:00,3.430000066757202,3.433500051498413,3.430000066757202,3.433500051498413,1004,0.0,0.0
2024-09-04 10:15:00-04:00,3.4100000858306885,3.4100000858306885,3.379699945449829,3.379699945449829,1123,0.0,0.0
2024-09-04 10:25:00-04:00,3.4351000785827637,3.440000057220459,3.4049999713897705,3.430000066757202,801,0.0,0.0
2024-09-04 10:30:00-04:00,3.369999885559082,3.369999885559082,3.369999885559082,3.369999885559082,35,0.0,0.0
2024-09-04 10:40:00-04:00,3.440000057220459,3.440000057220459,3.440000057220459,3.440000057220459,2542,0.0,0.0
2024-09-04 10:45:00-04:00,3.458699941635132,3.469599962234497,3.458699941635132,3.469599962234497,792,0.0,0.0
2024-09-04 10:50:00-04:00,3.4600000381469727,3.4600000381469727,3.4600000381469727,3.4600000381469727,209,0.0,0.0
2024-09-04 10:55:00-04:00,3.42930006980896,3.42930006980896,3.42930006980896,3.42930006980896,200,0.0,0.0
2024-09-04 11:00:00-04:00,3.51990008354187,3.5999999046325684,3.509999990463257,3.5999999046325684,2932,0.0,0.0
2024-09-04 11:05:00-04:00,3.640000104904175,3.640000104904175,3.640000104904175,3.640000104904175,788,0.0,0.0
2024-09-04 11:10:00-04:00,3.539900064468384,3.539900064468384,3.539900064468384,3.539900064468384,8286,0.0,0.0
2024-09-04 11:35:00-04:00,3.4200000762939453,3.4200000762939453,3.4000000953674316,3.4000000953674316,5969,0.0,0.0
2024-09-04 11:40:00-04:00,3.4198999404907227,3.4198999404907227,3.4198999404907227,3.4198999404907227,864,0.0,0.0
2024-09-04 11:45:00-04:00,3.4200000762939453,3.4200000762939453,3.4200000762939453,3.4200000762939453,473,0.0,0.0
2024-09-04 11:55:00-04:00,3.424999952316284,3.4798998832702637,3.424999952316284,3.4798998832702637,2659,0.0,0.0
2024-09-04 12:05:00-04:00,3.4200000762939453,3.4681999683380127,3.4200000762939453,3.4681999683380127,885,0.0,0.0
2024-09-04 12:25:00-04:00,3.5,3.5299999713897705,3.4400999546051025,3.5299999713897705,8403,0.0,0.0
2024-09-04 12:30:00-04:00,3.599900007247925,3.599900007247925,3.5100998878479004,3.5100998878479004,1284,0.0,0.0
2024-09-04 12:35:00-04:00,3.5799999237060547,3.5799999237060547,3.5799999237060547,3.5799999237060547,380,0.0,0.0
2024-09-04 12:40:00-04:00,3.5599000453948975,3.5599000453948975,3.5599000453948975,3.5599000453948975,605,0.0,0.0
2024-09-04 12:45:00-04:00,3.55679988861084,3.55679988861084,3.55679988861084,3.55679988861084,1021,0.0,0.0
2024-09-04 12:50:00-04:00,3.5199999809265137,3.5199999809265137,3.5199999809265137,3.5199999809265137,200,0.0,0.0
2024-09-04 12:55:00-04:00,3.509999990463257,3.509999990463257,3.509999990463257,3.509999990463257,5967,0.0,0.0
2024-09-04 13:15:00-04:00,3.4800000190734863,3.490000009536743,3.4800000190734863,3.490000009536743,588,0.0,0.0
2024-09-04 13:30:00-04:00,3.4200000762939453,3.4200000762939453,3.4200000762939453,3.4200000762939453,450,0.0,0.0
2024-09-04 13:40:00-04:00,3.4000000953674316,3.4000000953674316,3.4000000953674316,3.4000000953674316,50,0.0,0.0
2024-09-04 13:50:00-04:00,3.410799980163574,3.410799980163574,3.410799980163574,3.410799980163574,171,0.0,0.0
2024-09-04 14:00:00-04:00,3.4100000858306885,3.4100000858306885,3.4100000858306885,3.4100000858306885,423,0.0,0.0
2024-09-04 14:15:00-04:00,3.4100000858306885,3.4600000381469727,3.4100000858306885,3.4600000381469727,1592,0.0,0.0
2024-09-04 14:35:00-04:00,3.4000000953674316,3.4000000953674316,3.3399999141693115,3.3399999141693115,1086,0.0,0.0
2024-09-04 14:40:00-04:00,3.3499999046325684,3.3499999046325684,3.3399999141693115,3.3399999141693115,2367,0.0,0.0
2024-09-04 15:00:00-04:00,3.3499999046325684,3.3499999046325684,3.3499999046325684,3.3499999046325684,1897,0.0,0.0
2024-09-04 15:05:00-04:00,3.3299999237060547,3.3299999237060547,3.3299999237060547,3.3299999237060547,0,0.0,0.0
2024-09-04 15:10:00-04:00,3.3299999237060547,3.3299999237060547,3.3299999237060547,3.3299999237060547,1567,0.0,0.0
2024-09-04 15:15:00-04:00,3.309999942779541,3.309999942779541,3.2699999809265137,3.2701001167297363,695,0.0,0.0
2024-09-04 15:20:00-04:00,3.2699999809265137,3.2780001163482666,3.2699999809265137,3.2780001163482666,3582,0.0,0.0
2024-09-04 15:30:00-04:00,3.3299999237060547,3.3299999237060547,3.3299999237060547,3.3299999237060547,502,0.0,0.0
2024-09-04 15:35:00-04:00,3.309999942779541,3.309999942779541,3.309999942779541,3.309999942779541,51,0.0,0.0
2024-09-04 15:45:00-04:00,3.309999942779541,3.3550000190734863,3.309999942779541,3.3550000190734863,1327,0.0,0.0
2024-09-04 15:50:00-04:00,3.3299999237060547,3.4000000953674316,3.3299999237060547,3.4000000953674316,300,0.0,0.0
2024-09-04 15:55:00-04:00,3.3299999237060547,3.3499999046325684,3.3299999237060547,3.3499999046325684,1041,0.0,0.0
2024-09-05 09:30:00-04:00,3.369999885559082,3.369999885559082,3.369999885559082,3.369999885559082,1828,0.0,0.0
2024-09-05 09:40:00-04:00,3.359999895095825,3.359999895095825,3.359999895095825,3.359999895095825,163,0.0,0.0
2024-09-05 09:45:00-04:00,3.3612000942230225,3.3612000942230225,3.3612000942230225,3.3612000942230225,440,0.0,0.0
2024-09-05 10:00:00-04:00,3.4100000858306885,3.450000047683716,3.4100000858306885,3.450000047683716,2010,0.0,0.0
2024-09-05 10:15:00-04:00,3.430000066757202,3.430000066757202,3.3929998874664307,3.3929998874664307,1245,0.0,0.0
2024-09-05 10:20:00-04:00,3.4000000953674316,3.4000000953674316,3.4000000953674316,3.4000000953674316,472,0.0,0.0
2024-09-05 10:25:00-04:00,3.4000000953674316,3.4286000728607178,3.4000000953674316,3.4286000728607178,2309,0.0,0.0
2024-09-05 10:30:00-04:00,3.440000057220459,3.440000057220459,3.440000057220459,3.440000057220459,604,0.0,0.0
2024-09-05 10:40:00-04:00,3.440000057220459,3.440000057220459,3.440000057220459,3.440000057220459,135,0.0,0.0
2024-09-05 10:45:00-04:00,3.4600000381469727,3.559999942779541,3.4600000381469727,3.5239999294281006,7578,0.0,0.0
2024-09-05 10:55:00-04:00,3.430000066757202,3.440000057220459,3.426800012588501,3.426800012588501,994,0.0,0.0
2024-09-05 11:00:00-04:00,3.3726999759674072,3.3726999759674072,3.3726999759674072,3.3726999759674072,618,0.0,0.0
2024-09-05 11:10:00-04:00,3.4100000858306885,3.4100000858306885,3.4100000858306885,3.4100000858306885,131,0.0,0.0
2024-09-05 11:15:00-04:00,3.3901000022888184,3.3901000022888184,3.3901000022888184,3.3901000022888184,2023,0.0,0.0
2024-09-05 11:25:00-04:00,3.416300058364868,3.416300058364868,3.416300058364868,3.416300058364868,666,0.0,0.0
2024-09-05 11:30:00-04:00,3.369999885559082,3.380000114440918,3.369999885559082,3.375,1804,0.0,0.0
2024-09-05 11:40:00-04:00,3.360599994659424,3.369999885559082,3.359999895095825,3.369999885559082,2061,0.0,0.0
2024-09-05 11:50:00-04:00,3.3399999141693115,3.3399999141693115,3.3299999237060547,3.3299999237060547,1002,0.0,0.0
2024-09-05 11:55:00-04:00,3.3303000926971436,3.3303000926971436,3.3299999237060547,3.3299999237060547,878,0.0,0.0
2024-09-05 12:00:00-04:00,3.3299999237060547,3.3299999237060547,3.3299999237060547,3.3299999237060547,2593,0.0,0.0
2024-09-05 12:50:00-04:00,3.369999885559082,3.380000114440918,3.369999885559082,3.380000114440918,4194,0.0,0.0
2024-09-05 13:35:00-04:00,3.374300003051758,3.374300003051758,3.374300003051758,3.374300003051758,491,0.0,0.0
2024-09-05 13:55:00-04:00,3.4000000953674316,3.4000000953674316,3.4000000953674316,3.4000000953674316,563,0.0,0.0
2024-09-05 14:55:00-04:00,3.490000009536743,3.490000009536743,3.490000009536743,3.490000009536743,2052,0.0,0.0
2024-09-05 15:10:00-04:00,3.4846999645233154,3.497999906539917,3.4700000286102295,3.490000009536743,1207,0.0,0.0
2024-09-05 15:20:00-04:00,3.5,3.5799999237060547,3.490000009536743,3.569999933242798,5281,0.0,0.0
2024-09-05 15:25:00-04:00,3.5799999237060547,3.6500000953674316,3.569999933242798,3.6500000953674316,2009,0.0,0.0
2024-09-05 15:30:00-04:00,3.6500000953674316,3.7100000381469727,3.6500000953674316,3.7100000381469727,7635,0.0,0.0
2024-09-05 15:35:00-04:00,3.5899999141693115,3.70989990234375,3.5899999141693115,3.70989990234375,1514,0.0,0.0
2024-09-05 15:40:00-04:00,3.5899999141693115,3.615000009536743,3.509999990463257,3.555000066757202,5878,0.0,0.0
2024-09-05 15:45:00-04:00,3.509999990463257,3.555000066757202,3.509999990463257,3.5299999713897705,7132,0.0,0.0
2024-09-05 15:50:00-04:00,3.5399999618530273,3.5759999752044678,3.5399999618530273,3.5399999618530273,1084,0.0,0.0
2024-09-05 15:55:00-04:00,3.549999952316284,3.5799999237060547,3.5399999618530273,3.549999952316284,1734,0.0,0.0
2024-09-06 09:30:00-04:00,3.5999999046325684,3.5999999046325684,3.5999999046325684,3.5999999046325684,1052,0.0,0.0
2024-09-06 09:35:00-04:00,3.619999885559082,3.619999885559082,3.569999933242798,3.5899999141693115,4782,0.0,0.0
2024-09-06 09:40:00-04:00,3.5399999618530273,3.5399999618530273,3.5,3.5,1745,0.0,0.0
2024-09-06 09:55:00-04:00,3.555000066757202,3.555000066757202,3.5199999809265137,3.5199999809265137,222,0.0,0.0
2024-09-06 10:00:00-04:00,3.549999952316284,3.549999952316284,3.549999952316284,3.549999952316284,476,0.0,0.0
2024-09-06 10:05:00-04:00,3.5000998973846436,3.5000998973846436,3.5000998973846436,3.5000998973846436,1464,0.0,0.0
2024-09-06 10:35:00-04:00,3.5,3.505000114440918,3.450000047683716,3.505000114440918,4320,0.0,0.0
2024-09-06 10:40:00-04:00,3.450000047683716,3.450000047683716,3.450000047683716,3.450000047683716,200,0.0,0.0
2024-09-06 10:45:00-04:00,3.4000000953674316,3.430000066757202,3.359999895095825,3.430000066757202,2301,0.0,0.0
2024-09-06 10:55:00-04:00,3.3613998889923096,3.430000066757202,3.3613998889923096,3.430000066757202,2011,0.0,0.0
2024-09-06 11:00:00-04:00,3.4000000953674316,3.51200008392334,3.4000000953674316,3.51200008392334,818,0.0,0.0
2024-09-06 11:05:00-04:00,3.380000114440918,3.380000114440918,3.380000114440918,3.380000114440918,213,0.0,0.0
2024-09-06 11:25:00-04:00,3.5885000228881836,3.5885000228881836,3.5885000228881836,3.5885000228881836,507,0.0,0.0
2024-09-06 11:35:00-04:00,3.434999942779541,3.434999942779541,3.434999942779541,3.434999942779541,2090,0.0,0.0
2024-09-06 12:05:00-04:00,3.450000047683716,3.450000047683716,3.450000047683716,3.450000047683716,307,0.0,0.0
2024-09-06 12:50:00-04:00,3.450000047683716,3.450000047683716,3.450000047683716,3.450000047683716,1606,0.0,0.0
2024-09-06 13:00:00-04:00,3.450000047683716,3.450000047683716,3.400099992752075,3.430000066757202,2040,0.0,0.0
2024-09-06 13:10:00-04:00,3.3905999660491943,3.3905999660491943,3.3905999660491943,3.3905999660491943,2002,0.0,0.0
2024-09-06 13:25:00-04:00,3.424999952316284,3.4700000286102295,3.424999952316284,3.4700000286102295,458,0.0,0.0
2024-09-06 13:45:00-04:00,3.359999895095825,3.359999895095825,3.359999895095825,3.359999895095825,362,0.0,0.0
2024-09-06 14:30:00-04:00,3.4235000610351562,3.4235000610351562,3.4235000610351562,3.4235000610351562,167,0.0,0.0
2024-09-06 14:50:00-04:00,3.360100030899048,3.4100000858306885,3.360100030899048,3.4100000858306885,2139,0.0,0.0
2024-09-06 15:05:00-04:00,3.417099952697754,3.417099952697754,3.417099952697754,3.417099952697754,122,0.0,0.0
2024-09-06 15:10:00-04:00,3.4049999713897705,3.4049999713897705,3.3924999237060547,3.3924999237060547,898,0.0,0.0
2024-09-06 15:15:00-04:00,3.4049999713897705,3.4049999713897705,3.4049999713897705,3.4049999713897705,531,0.0,0.0
2024-09-06 15:50:00-04:00,3.4000000953674316,3.4000000953674316,3.359999895095825,3.390000104904175,2379,0.0,0.0
2024-09-06 15:55:00-04:00,3.390000104904175,3.390000104904175,3.319999933242798,3.319999933242798,2404,0.0,0.0
