Datetime,Open,High,Low,Close,Volume,Dividends,Stock Splits
2024-08-08 09:30:00-04:00,9.680000305175781,9.75,9.680000305175781,9.729999542236328,56084,0.0,0.0
2024-08-08 09:35:00-04:00,9.720000267028809,9.779999732971191,9.710000038146973,9.75,31775,0.0,0.0
2024-08-08 09:40:00-04:00,9.739999771118164,9.779999732971191,9.729999542236328,9.765000343322754,18219,0.0,0.0
2024-08-08 09:45:00-04:00,9.729999542236328,9.819999694824219,9.729999542236328,9.789999961853027,33702,0.0,0.0
2024-08-08 09:50:00-04:00,9.78499984741211,9.819999694824219,9.770000457763672,9.819999694824219,16272,0.0,0.0
2024-08-08 09:55:00-04:00,9.819999694824219,9.835000038146973,9.819999694824219,9.829999923706055,13434,0.0,0.0
2024-08-08 10:00:00-04:00,9.829999923706055,9.854999542236328,9.829999923706055,9.854999542236328,31061,0.0,0.0
2024-08-08 10:05:00-04:00,9.859999656677246,9.859999656677246,9.8100004196167,9.829999923706055,26735,0.0,0.0
2024-08-08 10:10:00-04:00,9.850000381469727,9.895000457763672,9.850000381469727,9.880000114440918,19934,0.0,0.0
2024-08-08 10:15:00-04:00,9.875,9.890000343322754,9.859999656677246,9.869999885559082,18567,0.0,0.0
2024-08-08 10:20:00-04:00,9.880000114440918,9.899999618530273,9.859999656677246,9.885000228881836,23320,0.0,0.0
2024-08-08 10:25:00-04:00,9.880000114440918,9.899999618530273,9.864999771118164,9.899999618530273,9691,0.0,0.0
2024-08-08 10:30:00-04:00,9.890000343322754,9.904999732971191,9.880000114440918,9.899999618530273,18849,0.0,0.0
2024-08-08 10:35:00-04:00,9.899999618530273,9.9350004196167,9.890000343322754,9.920000076293945,9792,0.0,0.0
2024-08-08 10:40:00-04:00,9.920000076293945,9.920000076293945,9.890000343322754,9.899999618530273,20276,0.0,0.0
2024-08-08 10:45:00-04:00,9.890000343322754,9.890000343322754,9.869999885559082,9.890000343322754,8037,0.0,0.0
2024-08-08 10:50:00-04:00,9.890000343322754,9.920000076293945,9.890000343322754,9.890000343322754,5010,0.0,0.0
2024-08-08 10:55:00-04:00,9.880000114440918,9.880000114440918,9.845000267028809,9.845000267028809,26689,0.0,0.0
2024-08-08 11:00:00-04:00,9.850000381469727,9.859999656677246,9.819999694824219,9.819999694824219,33078,0.0,0.0
2024-08-08 11:05:00-04:00,9.819999694824219,9.850000381469727,9.819999694824219,9.850000381469727,5664,0.0,0.0
2024-08-08 11:10:00-04:00,9.869999885559082,9.880000114440918,9.84000015258789,9.850000381469727,14947,0.0,0.0
2024-08-08 11:15:00-04:00,9.829999923706055,9.84000015258789,9.829999923706055,9.84000015258789,11145,0.0,0.0
2024-08-08 11:20:00-04:00,9.833999633789062,9.854999542236328,9.824999809265137,9.850000381469727,11504,0.0,0.0
2024-08-08 11:25:00-04:00,9.859999656677246,9.904999732971191,9.854999542236328,9.899999618530273,4482,0.0,0.0
2024-08-08 11:30:00-04:00,9.890000343322754,9.890000343322754,9.845000267028809,9.854999542236328,9165,0.0,0.0
2024-08-08 11:35:00-04:00,9.859999656677246,9.875,9.845000267028809,9.875,7400,0.0,0.0
2024-08-08 11:40:00-04:00,9.880000114440918,9.880000114440918,9.859999656677246,9.869999885559082,7125,0.0,0.0
2024-08-08 11:45:00-04:00,9.859999656677246,9.859999656677246,9.800000190734863,9.829999923706055,11156,0.0,0.0
2024-08-08 11:50:00-04:00,9.835000038146973,9.850000381469727,9.835000038146973,9.850000381469727,1977,0.0,0.0
2024-08-08 11:55:00-04:00,9.850000381469727,9.859999656677246,9.850000381469727,9.850000381469727,5185,0.0,0.0
2024-08-08 12:00:00-04:00,9.850000381469727,9.869999885559082,9.850000381469727,9.869999885559082,18983,0.0,0.0
2024-08-08 12:05:00-04:00,9.869999885559082,9.869999885559082,9.859999656677246,9.864999771118164,11991,0.0,0.0
2024-08-08 12:10:00-04:00,9.864999771118164,9.885000228881836,9.854999542236328,9.859999656677246,28564,0.0,0.0
2024-08-08 12:15:00-04:00,9.859999656677246,9.859999656677246,9.824999809265137,9.84000015258789,4278,0.0,0.0
2024-08-08 12:20:00-04:00,9.850000381469727,9.899999618530273,9.850000381469727,9.899999618530273,10123,0.0,0.0
2024-08-08 12:25:00-04:00,9.90999984741211,9.90999984741211,9.864999771118164,9.885000228881836,15230,0.0,0.0
2024-08-08 12:30:00-04:00,9.880000114440918,9.890000343322754,9.869999885559082,9.869999885559082,17144,0.0,0.0
2024-08-08 12:35:00-04:00,9.869999885559082,9.875,9.845000267028809,9.845000267028809,4887,0.0,0.0
2024-08-08 12:40:00-04:00,9.850000381469727,9.869999885559082,9.850000381469727,9.869999885559082,3408,0.0,0.0
2024-08-08 12:45:00-04:00,9.864999771118164,9.880000114440918,9.864999771118164,9.880000114440918,4418,0.0,0.0
2024-08-08 12:50:00-04:00,9.880000114440918,9.880000114440918,9.864999771118164,9.869999885559082,4507,0.0,0.0
2024-08-08 12:55:00-04:00,9.875,9.875,9.859999656677246,9.864999771118164,3037,0.0,0.0
2024-08-08 13:00:00-04:00,9.859999656677246,9.864999771118164,9.829999923706055,9.850000381469727,13625,0.0,0.0
2024-08-08 13:05:00-04:00,9.850000381469727,9.859999656677246,9.845000267028809,9.859999656677246,4781,0.0,0.0
2024-08-08 13:10:00-04:00,9.869999885559082,9.885000228881836,9.869999885559082,9.88010025024414,7470,0.0,0.0
2024-08-08 13:15:00-04:00,9.885000228881836,9.904999732971191,9.88010025024414,9.899999618530273,11330,0.0,0.0
2024-08-08 13:20:00-04:00,9.899999618530273,9.920000076293945,9.885000228881836,9.904999732971191,20949,0.0,0.0
2024-08-08 13:25:00-04:00,9.899999618530273,9.90999984741211,9.899999618530273,9.90999984741211,5831,0.0,0.0
2024-08-08 13:30:00-04:00,9.90999984741211,9.925000190734863,9.90999984741211,9.90999984741211,11479,0.0,0.0
2024-08-08 13:35:00-04:00,9.90999984741211,9.90999984741211,9.890000343322754,9.895000457763672,18392,0.0,0.0
2024-08-08 13:40:00-04:00,9.899999618530273,9.904999732971191,9.895000457763672,9.904999732971191,7572,0.0,0.0
2024-08-08 13:45:00-04:00,9.904999732971191,9.904999732971191,9.899999618530273,9.904999732971191,932,0.0,0.0
2024-08-08 13:50:00-04:00,9.904999732971191,9.920000076293945,9.904999732971191,9.920000076293945,10765,0.0,0.0
2024-08-08 13:55:00-04:00,9.920000076293945,9.920000076293945,9.899999618530273,9.90999984741211,27320,0.0,0.0
2024-08-08 14:00:00-04:00,9.90999984741211,9.914999961853027,9.90999984741211,9.914999961853027,4110,0.0,0.0
2024-08-08 14:05:00-04:00,9.920000076293945,9.930000305175781,9.920000076293945,9.925000190734863,6602,0.0,0.0
2024-08-08 14:10:00-04:00,9.930000305175781,9.944999694824219,9.925000190734863,9.9399995803833,18089,0.0,0.0
2024-08-08 14:15:00-04:00,9.949999809265137,9.949999809265137,9.925000190734863,9.925000190734863,8300,0.0,0.0
2024-08-08 14:20:00-04:00,9.925000190734863,9.925000190734863,9.920000076293945,9.925000190734863,2359,0.0,0.0
2024-08-08 14:25:00-04:00,9.925000190734863,9.944999694824219,9.904999732971191,9.930000305175781,15067,0.0,0.0
2024-08-08 14:30:00-04:00,9.930000305175781,9.9350004196167,9.90999984741211,9.90999984741211,27649,0.0,0.0
2024-08-08 14:35:00-04:00,9.90999984741211,9.920000076293945,9.904999732971191,9.914999961853027,6294,0.0,0.0
2024-08-08 14:40:00-04:00,9.90999984741211,9.914999961853027,9.904999732971191,9.914999961853027,7962,0.0,0.0
2024-08-08 14:45:00-04:00,9.914999961853027,9.944999694824219,9.914999961853027,9.944999694824219,12780,0.0,0.0
2024-08-08 14:50:00-04:00,9.949999809265137,9.970000267028809,9.9399995803833,9.949999809265137,32660,0.0,0.0
2024-08-08 14:55:00-04:00,9.944999694824219,9.949999809265137,9.9350004196167,9.944999694824219,11062,0.0,0.0
2024-08-08 15:00:00-04:00,9.944999694824219,9.970000267028809,9.944999694824219,9.954999923706055,16953,0.0,0.0
2024-08-08 15:05:00-04:00,9.949999809265137,9.96500015258789,9.9399995803833,9.960000038146973,22331,0.0,0.0
2024-08-08 15:10:00-04:00,9.970000267028809,9.970000267028809,9.96500015258789,9.970000267028809,2068,0.0,0.0
2024-08-08 15:15:00-04:00,9.970000267028809,9.979999542236328,9.970000267028809,9.979999542236328,9852,0.0,0.0
2024-08-08 15:20:00-04:00,9.979999542236328,10.0,9.979999542236328,9.984999656677246,24512,0.0,0.0
2024-08-08 15:25:00-04:00,9.989999771118164,10.010000228881836,9.984999656677246,10.0,17358,0.0,0.0
2024-08-08 15:30:00-04:00,9.994999885559082,10.0,9.944999694824219,9.960000038146973,49977,0.0,0.0
2024-08-08 15:35:00-04:00,9.949999809265137,9.979999542236328,9.949999809265137,9.979999542236328,11832,0.0,0.0
2024-08-08 15:40:00-04:00,9.970000267028809,9.975000381469727,9.949999809265137,9.949999809265137,14030,0.0,0.0
2024-08-08 15:45:00-04:00,9.944999694824219,9.944999694824219,9.925000190734863,9.930000305175781,40291,0.0,0.0
2024-08-08 15:50:00-04:00,9.9350004196167,9.96500015258789,9.920000076293945,9.920000076293945,58813,0.0,0.0
2024-08-08 15:55:00-04:00,9.925000190734863,9.9399995803833,9.90999984741211,9.930000305175781,131991,0.0,0.0
2024-08-09 09:30:00-04:00,9.920000076293945,9.930000305175781,9.859999656677246,9.899999618530273,21398,0.0,0.0
2024-08-09 09:35:00-04:00,9.890000343322754,9.899999618530273,9.850000381469727,9.875,10519,0.0,0.0
2024-08-09 09:40:00-04:00,9.890000343322754,9.890000343322754,9.84000015258789,9.84000015258789,8952,0.0,0.0
2024-08-09 09:45:00-04:00,9.860099792480469,9.869999885559082,9.84000015258789,9.84000015258789,3665,0.0,0.0
2024-08-09 09:50:00-04:00,9.829999923706055,9.835000038146973,9.789999961853027,9.829999923706055,41823,0.0,0.0
2024-08-09 09:55:00-04:00,9.819999694824219,9.829999923706055,9.795000076293945,9.819999694824219,37136,0.0,0.0
2024-08-09 10:00:00-04:00,9.8100004196167,9.84000015258789,9.800000190734863,9.84000015258789,29615,0.0,0.0
2024-08-09 10:05:00-04:00,9.850000381469727,9.875,9.850000381469727,9.850000381469727,16799,0.0,0.0
2024-08-09 10:10:00-04:00,9.850000381469727,9.885000228881836,9.850000381469727,9.860899925231934,21083,0.0,0.0
2024-08-09 10:15:00-04:00,9.859999656677246,9.859999656677246,9.84000015258789,9.854999542236328,7406,0.0,0.0
2024-08-09 10:20:00-04:00,9.859999656677246,9.869999885559082,9.859999656677246,9.859999656677246,5175,0.0,0.0
2024-08-09 10:25:00-04:00,9.859999656677246,9.895000457763672,9.859999656677246,9.891200065612793,11589,0.0,0.0
2024-08-09 10:30:00-04:00,9.890000343322754,9.899999618530273,9.869999885559082,9.880000114440918,12371,0.0,0.0
2024-08-09 10:35:00-04:00,9.869999885559082,9.899999618530273,9.869999885559082,9.899999618530273,2933,0.0,0.0
2024-08-09 10:40:00-04:00,9.90999984741211,9.914999961853027,9.899999618530273,9.90999984741211,5648,0.0,0.0
2024-08-09 10:45:00-04:00,9.904999732971191,9.914999961853027,9.869999885559082,9.869999885559082,7505,0.0,0.0
2024-08-09 10:50:00-04:00,9.869999885559082,9.899999618530273,9.864999771118164,9.899999618530273,9637,0.0,0.0
2024-08-09 10:55:00-04:00,9.899999618530273,9.920000076293945,9.890000343322754,9.890000343322754,7751,0.0,0.0
2024-08-09 11:00:00-04:00,9.890000343322754,9.90999984741211,9.869999885559082,9.869999885559082,4598,0.0,0.0
2024-08-09 11:05:00-04:00,9.880000114440918,9.895000457763672,9.850000381469727,9.850000381469727,9214,0.0,0.0
2024-08-09 11:10:00-04:00,9.850099563598633,9.864999771118164,9.850000381469727,9.854999542236328,4983,0.0,0.0
2024-08-09 11:15:00-04:00,9.859999656677246,9.890000343322754,9.854999542236328,9.890000343322754,6475,0.0,0.0
2024-08-09 11:20:00-04:00,9.880000114440918,9.880000114440918,9.869999885559082,9.875,10243,0.0,0.0
2024-08-09 11:25:00-04:00,9.880000114440918,9.885000228881836,9.869999885559082,9.869999885559082,8770,0.0,0.0
2024-08-09 11:30:00-04:00,9.850000381469727,9.869999885559082,9.850000381469727,9.850000381469727,11059,0.0,0.0
2024-08-09 11:35:00-04:00,9.859999656677246,9.880000114440918,9.859999656677246,9.875,2891,0.0,0.0
2024-08-09 11:40:00-04:00,9.869999885559082,9.869999885559082,9.869999885559082,9.869999885559082,1212,0.0,0.0
2024-08-09 11:45:00-04:00,9.869999885559082,9.880000114440918,9.869999885559082,9.880000114440918,4810,0.0,0.0
2024-08-09 11:50:00-04:00,9.880000114440918,9.885000228881836,9.880000114440918,9.880000114440918,1634,0.0,0.0
2024-08-09 11:55:00-04:00,9.869999885559082,9.869999885559082,9.84000015258789,9.850000381469727,14975,0.0,0.0
2024-08-09 12:00:00-04:00,9.859999656677246,9.864999771118164,9.845000267028809,9.850000381469727,9006,0.0,0.0
2024-08-09 12:05:00-04:00,9.850000381469727,9.850000381469727,9.84000015258789,9.84000015258789,5659,0.0,0.0
2024-08-09 12:10:00-04:00,9.845000267028809,9.869999885559082,9.845000267028809,9.850000381469727,8154,0.0,0.0
2024-08-09 12:15:00-04:00,9.850000381469727,9.859999656677246,9.849900245666504,9.859999656677246,6152,0.0,0.0
2024-08-09 12:20:00-04:00,9.859999656677246,9.864999771118164,9.854100227355957,9.854100227355957,8111,0.0,0.0
2024-08-09 12:25:00-04:00,9.859999656677246,9.875,9.854999542236328,9.875,9413,0.0,0.0
2024-08-09 12:30:00-04:00,9.869999885559082,9.890000343322754,9.869999885559082,9.890000343322754,5755,0.0,0.0
2024-08-09 12:35:00-04:00,9.890000343322754,9.920000076293945,9.890000343322754,9.914999961853027,24548,0.0,0.0
2024-08-09 12:40:00-04:00,9.914999961853027,9.930000305175781,9.914999961853027,9.930000305175781,5009,0.0,0.0
2024-08-09 12:45:00-04:00,9.920000076293945,9.920000076293945,9.904999732971191,9.914999961853027,2918,0.0,0.0
2024-08-09 12:50:00-04:00,9.914999961853027,9.914999961853027,9.885000228881836,9.885000228881836,5356,0.0,0.0
2024-08-09 12:55:00-04:00,9.885000228881836,9.90999984741211,9.885000228881836,9.90999984741211,4997,0.0,0.0
2024-08-09 13:00:00-04:00,9.899999618530273,9.920000076293945,9.899999618530273,9.920000076293945,7026,0.0,0.0
2024-08-09 13:05:00-04:00,9.90999984741211,9.920000076293945,9.905799865722656,9.920000076293945,2078,0.0,0.0
2024-08-09 13:10:00-04:00,9.90999984741211,9.920000076293945,9.90999984741211,9.920000076293945,1964,0.0,0.0
2024-08-09 13:15:00-04:00,9.90999984741211,9.925000190734863,9.90999984741211,9.925000190734863,2616,0.0,0.0
2024-08-09 13:20:00-04:00,9.920000076293945,9.920000076293945,9.90999984741211,9.90999984741211,2277,0.0,0.0
2024-08-09 13:25:00-04:00,9.899999618530273,9.920000076293945,9.899999618530273,9.920000076293945,10687,0.0,0.0
2024-08-09 13:30:00-04:00,9.90999984741211,9.90999984741211,9.904999732971191,9.90999984741211,4133,0.0,0.0
2024-08-09 13:35:00-04:00,9.904999732971191,9.904999732971191,9.899999618530273,9.899999618530273,2342,0.0,0.0
2024-08-09 13:40:00-04:00,9.899999618530273,9.899999618530273,9.875,9.875,3295,0.0,0.0
2024-08-09 13:45:00-04:00,9.875,9.887499809265137,9.864999771118164,9.869999885559082,12995,0.0,0.0
2024-08-09 13:50:00-04:00,9.869999885559082,9.880000114440918,9.859999656677246,9.859999656677246,4629,0.0,0.0
2024-08-09 13:55:00-04:00,9.864999771118164,9.869999885559082,9.864999771118164,9.869999885559082,3942,0.0,0.0
2024-08-09 14:00:00-04:00,9.869999885559082,9.869999885559082,9.852399826049805,9.869999885559082,10532,0.0,0.0
2024-08-09 14:05:00-04:00,9.869999885559082,9.890000343322754,9.859999656677246,9.890000343322754,6409,0.0,0.0
2024-08-09 14:10:00-04:00,9.890000343322754,9.890000343322754,9.880000114440918,9.880000114440918,5618,0.0,0.0
2024-08-09 14:15:00-04:00,9.880000114440918,9.895000457763672,9.880000114440918,9.885000228881836,4413,0.0,0.0
2024-08-09 14:20:00-04:00,9.890000343322754,9.890000343322754,9.885000228881836,9.890000343322754,3302,0.0,0.0
2024-08-09 14:25:00-04:00,9.895000457763672,9.899999618530273,9.878000259399414,9.880000114440918,22087,0.0,0.0
2024-08-09 14:30:00-04:00,9.880000114440918,9.880000114440918,9.845000267028809,9.845000267028809,14503,0.0,0.0
2024-08-09 14:35:00-04:00,9.850000381469727,9.864999771118164,9.850000381469727,9.859999656677246,6997,0.0,0.0
2024-08-09 14:40:00-04:00,9.859999656677246,9.864999771118164,9.854999542236328,9.864999771118164,5707,0.0,0.0
2024-08-09 14:45:00-04:00,9.869999885559082,9.875,9.859999656677246,9.869999885559082,12799,0.0,0.0
2024-08-09 14:50:00-04:00,9.869999885559082,9.880000114440918,9.859999656677246,9.859999656677246,4986,0.0,0.0
2024-08-09 14:55:00-04:00,9.869999885559082,9.880000114440918,9.859999656677246,9.869999885559082,16182,0.0,0.0
2024-08-09 15:00:00-04:00,9.864999771118164,9.864999771118164,9.854999542236328,9.859999656677246,6965,0.0,0.0
2024-08-09 15:05:00-04:00,9.864999771118164,9.885000228881836,9.859999656677246,9.885000228881836,15276,0.0,0.0
2024-08-09 15:10:00-04:00,9.880000114440918,9.890000343322754,9.880000114440918,9.880000114440918,2042,0.0,0.0
2024-08-09 15:15:00-04:00,9.890000343322754,9.890000343322754,9.885000228881836,9.890000343322754,2557,0.0,0.0
2024-08-09 15:20:00-04:00,9.890000343322754,9.899999618530273,9.885000228881836,9.890000343322754,11461,0.0,0.0
2024-08-09 15:25:00-04:00,9.890000343322754,9.890000343322754,9.885000228881836,9.885000228881836,9186,0.0,0.0
2024-08-09 15:30:00-04:00,9.885000228881836,9.899999618530273,9.880000114440918,9.885000228881836,13971,0.0,0.0
2024-08-09 15:35:00-04:00,9.885000228881836,9.885000228881836,9.880000114440918,9.885000228881836,3659,0.0,0.0
2024-08-09 15:40:00-04:00,9.890000343322754,9.899999618530273,9.885000228881836,9.885000228881836,26099,0.0,0.0
2024-08-09 15:45:00-04:00,9.885000228881836,9.899999618530273,9.885000228881836,9.895000457763672,10127,0.0,0.0
2024-08-09 15:50:00-04:00,9.899999618530273,9.90999984741211,9.880000114440918,9.885000228881836,110158,0.0,0.0
2024-08-09 15:55:00-04:00,9.885000228881836,9.90999984741211,9.885000228881836,9.899999618530273,70578,0.0,0.0
2024-08-12 09:30:00-04:00,9.970000267028809,10.109999656677246,9.970000267028809,10.109999656677246,80631,0.0,0.0
2024-08-12 09:35:00-04:00,10.119999885559082,10.1899995803833,10.119999885559082,10.1899995803833,40613,0.0,0.0
2024-08-12 09:40:00-04:00,10.1899995803833,10.1899995803833,10.120100021362305,10.120100021362305,13592,0.0,0.0
2024-08-12 09:45:00-04:00,10.125,10.125,10.109999656677246,10.119999885559082,13343,0.0,0.0
2024-08-12 09:50:00-04:00,10.119999885559082,10.149999618530273,10.119999885559082,10.149999618530273,12533,0.0,0.0
2024-08-12 09:55:00-04:00,10.140000343322754,10.140000343322754,10.104999542236328,10.104999542236328,5821,0.0,0.0
2024-08-12 10:00:00-04:00,10.109999656677246,10.119999885559082,10.085000038146973,10.104999542236328,17203,0.0,0.0
2024-08-12 10:05:00-04:00,10.085000038146973,10.104999542236328,10.085000038146973,10.104999542236328,3223,0.0,0.0
2024-08-12 10:10:00-04:00,10.109999656677246,10.138799667358398,10.095000267028809,10.138799667358398,6265,0.0,0.0
2024-08-12 10:15:00-04:00,10.109999656677246,10.109999656677246,10.095000267028809,10.100000381469727,1689,0.0,0.0
2024-08-12 10:20:00-04:00,10.09000015258789,10.095000267028809,10.0802001953125,10.085000038146973,6075,0.0,0.0
2024-08-12 10:25:00-04:00,10.085000038146973,10.109999656677246,10.085000038146973,10.109999656677246,2276,0.0,0.0
2024-08-12 10:30:00-04:00,10.104999542236328,10.114999771118164,10.09000015258789,10.09000015258789,4799,0.0,0.0
2024-08-12 10:35:00-04:00,10.100000381469727,10.140000343322754,10.100000381469727,10.125,7306,0.0,0.0
2024-08-12 10:40:00-04:00,10.130000114440918,10.130000114440918,10.100000381469727,10.130000114440918,3052,0.0,0.0
2024-08-12 10:45:00-04:00,10.114999771118164,10.15999984741211,10.114999771118164,10.15999984741211,24784,0.0,0.0
2024-08-12 10:50:00-04:00,10.15999984741211,10.175000190734863,10.150099754333496,10.175000190734863,19540,0.0,0.0
2024-08-12 10:55:00-04:00,10.170100212097168,10.210000038146973,10.170100212097168,10.204999923706055,15150,0.0,0.0
2024-08-12 11:00:00-04:00,10.199999809265137,10.199999809265137,10.1850004196167,10.199899673461914,10271,0.0,0.0
2024-08-12 11:05:00-04:00,10.1899995803833,10.210000038146973,10.1850004196167,10.199999809265137,10578,0.0,0.0
2024-08-12 11:10:00-04:00,10.194999694824219,10.199999809265137,10.180000305175781,10.1899995803833,6451,0.0,0.0
2024-08-12 11:15:00-04:00,10.1850004196167,10.1899995803833,10.180000305175781,10.1850004196167,4189,0.0,0.0
2024-08-12 11:20:00-04:00,10.180000305175781,10.1850004196167,10.149900436401367,10.149900436401367,22465,0.0,0.0
2024-08-12 11:25:00-04:00,10.145000457763672,10.154999732971191,10.135000228881836,10.154999732971191,11456,0.0,0.0
2024-08-12 11:30:00-04:00,10.149999618530273,10.1899995803833,10.149999618530273,10.15999984741211,12764,0.0,0.0
2024-08-12 11:35:00-04:00,10.15999984741211,10.180000305175781,10.154999732971191,10.180000305175781,3702,0.0,0.0
2024-08-12 11:40:00-04:00,10.164999961853027,10.170000076293945,10.154999732971191,10.170000076293945,2654,0.0,0.0
2024-08-12 11:45:00-04:00,10.175000190734863,10.199999809265137,10.175000190734863,10.194999694824219,12578,0.0,0.0
2024-08-12 11:50:00-04:00,10.1899995803833,10.210000038146973,10.1850004196167,10.210000038146973,15728,0.0,0.0
2024-08-12 11:55:00-04:00,10.210000038146973,10.210000038146973,10.1850004196167,10.194999694824219,13349,0.0,0.0
2024-08-12 12:00:00-04:00,10.199999809265137,10.199999809265137,10.175000190734863,10.180000305175781,2368,0.0,0.0
2024-08-12 12:05:00-04:00,10.1899995803833,10.1899995803833,10.175000190734863,10.175000190734863,3067,0.0,0.0
2024-08-12 12:10:00-04:00,10.175000190734863,10.175000190734863,10.154999732971191,10.159099578857422,4866,0.0,0.0
2024-08-12 12:15:00-04:00,10.149999618530273,10.15999984741211,10.145000457763672,10.15999984741211,6243,0.0,0.0
2024-08-12 12:20:00-04:00,10.15999984741211,10.194999694824219,10.154999732971191,10.194999694824219,11742,0.0,0.0
2024-08-12 12:25:00-04:00,10.194999694824219,10.194999694824219,10.175000190734863,10.1850004196167,4760,0.0,0.0
2024-08-12 12:30:00-04:00,10.180000305175781,10.1850004196167,10.164999961853027,10.164999961853027,3601,0.0,0.0
2024-08-12 12:35:00-04:00,10.164999961853027,10.175000190734863,10.154999732971191,10.175000190734863,3970,0.0,0.0
2024-08-12 12:40:00-04:00,10.170000076293945,10.170000076293945,10.15999984741211,10.15999984741211,2094,0.0,0.0
2024-08-12 12:45:00-04:00,10.15999984741211,10.164999961853027,10.149999618530273,10.149999618530273,7124,0.0,0.0
2024-08-12 12:50:00-04:00,10.149999618530273,10.180000305175781,10.149999618530273,10.180000305175781,20346,0.0,0.0
2024-08-12 12:55:00-04:00,10.180000305175781,10.1899995803833,10.154999732971191,10.1899995803833,13524,0.0,0.0
2024-08-12 13:00:00-04:00,10.180000305175781,10.180000305175781,10.149999618530273,10.15999984741211,7934,0.0,0.0
2024-08-12 13:05:00-04:00,10.15999984741211,10.15999984741211,10.125,10.140000343322754,23239,0.0,0.0
2024-08-12 13:10:00-04:00,10.140000343322754,10.149999618530273,10.140000343322754,10.149999618530273,1983,0.0,0.0
2024-08-12 13:15:00-04:00,10.15999984741211,10.199999809265137,10.154999732971191,10.194999694824219,9983,0.0,0.0
2024-08-12 13:20:00-04:00,10.194999694824219,10.199999809265137,10.1850004196167,10.194999694824219,25854,0.0,0.0
2024-08-12 13:25:00-04:00,10.194999694824219,10.194999694824219,10.1850004196167,10.1899995803833,4706,0.0,0.0
2024-08-12 13:30:00-04:00,10.194999694824219,10.204999923706055,10.194999694824219,10.204999923706055,3646,0.0,0.0
2024-08-12 13:35:00-04:00,10.210000038146973,10.210000038146973,10.194999694824219,10.199999809265137,3272,0.0,0.0
2024-08-12 13:40:00-04:00,10.199999809265137,10.199999809265137,10.194999694824219,10.199999809265137,2711,0.0,0.0
2024-08-12 13:45:00-04:00,10.20199966430664,10.234999656677246,10.20199966430664,10.220000267028809,7292,0.0,0.0
2024-08-12 13:50:00-04:00,10.21500015258789,10.21500015258789,10.199899673461914,10.210000038146973,15682,0.0,0.0
2024-08-12 13:55:00-04:00,10.204999923706055,10.244999885559082,10.199999809265137,10.244999885559082,14884,0.0,0.0
2024-08-12 14:00:00-04:00,10.239999771118164,10.239999771118164,10.225000381469727,10.23799991607666,7945,0.0,0.0
2024-08-12 14:05:00-04:00,10.229999542236328,10.234999656677246,10.229999542236328,10.234999656677246,1965,0.0,0.0
2024-08-12 14:10:00-04:00,10.229999542236328,10.239999771118164,10.225000381469727,10.239999771118164,13383,0.0,0.0
2024-08-12 14:15:00-04:00,10.234999656677246,10.234999656677246,10.225000381469727,10.225000381469727,1924,0.0,0.0
2024-08-12 14:20:00-04:00,10.225000381469727,10.274999618530273,10.220000267028809,10.274999618530273,16190,0.0,0.0
2024-08-12 14:25:00-04:00,10.274999618530273,10.279999732971191,10.265000343322754,10.265000343322754,4853,0.0,0.0
2024-08-12 14:30:00-04:00,10.260000228881836,10.260000228881836,10.239999771118164,10.239999771118164,2985,0.0,0.0
2024-08-12 14:35:00-04:00,10.234999656677246,10.265000343322754,10.234999656677246,10.265000343322754,4559,0.0,0.0
2024-08-12 14:40:00-04:00,10.260000228881836,10.264200210571289,10.25,10.255000114440918,8708,0.0,0.0
2024-08-12 14:45:00-04:00,10.251999855041504,10.258899688720703,10.244999885559082,10.244999885559082,10824,0.0,0.0
2024-08-12 14:50:00-04:00,10.244999885559082,10.260000228881836,10.244999885559082,10.255000114440918,8791,0.0,0.0
2024-08-12 14:55:00-04:00,10.255000114440918,10.255000114440918,10.25,10.25,6508,0.0,0.0
2024-08-12 15:00:00-04:00,10.25,10.270000457763672,10.244999885559082,10.255000114440918,12290,0.0,0.0
2024-08-12 15:05:00-04:00,10.260000228881836,10.265000343322754,10.244999885559082,10.244999885559082,9752,0.0,0.0
2024-08-12 15:10:00-04:00,10.244999885559082,10.260000228881836,10.244999885559082,10.25,6410,0.0,0.0
2024-08-12 15:15:00-04:00,10.244999885559082,10.260000228881836,10.244999885559082,10.255000114440918,4848,0.0,0.0
2024-08-12 15:20:00-04:00,10.255000114440918,10.274999618530273,10.251199722290039,10.274999618530273,7905,0.0,0.0
2024-08-12 15:25:00-04:00,10.274999618530273,10.289999961853027,10.265000343322754,10.265000343322754,16943,0.0,0.0
2024-08-12 15:30:00-04:00,10.265000343322754,10.279999732971191,10.260000228881836,10.265000343322754,24132,0.0,0.0
2024-08-12 15:35:00-04:00,10.265000343322754,10.270000457763672,10.229999542236328,10.234999656677246,27819,0.0,0.0
2024-08-12 15:40:00-04:00,10.234999656677246,10.234999656677246,10.199999809265137,10.199999809265137,11888,0.0,0.0
2024-08-12 15:45:00-04:00,10.199999809265137,10.210000038146973,10.180000305175781,10.204999923706055,68342,0.0,0.0
2024-08-12 15:50:00-04:00,10.210000038146973,10.210000038146973,10.1899995803833,10.204999923706055,61225,0.0,0.0
2024-08-12 15:55:00-04:00,10.204999923706055,10.229999542236328,10.204999923706055,10.225000381469727,96504,0.0,0.0
2024-08-13 09:30:00-04:00,10.1899995803833,10.199999809265137,10.109999656677246,10.15999984741211,76686,0.0,0.0
2024-08-13 09:35:00-04:00,10.154999732971191,10.180000305175781,10.125,10.125,25156,0.0,0.0
2024-08-13 09:40:00-04:00,10.130000114440918,10.1899995803833,10.130000114440918,10.180000305175781,8290,0.0,0.0
2024-08-13 09:45:00-04:00,10.180000305175781,10.180000305175781,10.130000114440918,10.13599967956543,11196,0.0,0.0
2024-08-13 09:50:00-04:00,10.137999534606934,10.15999984741211,10.114999771118164,10.130000114440918,26779,0.0,0.0
2024-08-13 09:55:00-04:00,10.119999885559082,10.140000343322754,10.109999656677246,10.130000114440918,6280,0.0,0.0
2024-08-13 10:00:00-04:00,10.130000114440918,10.130000114440918,10.109999656677246,10.114999771118164,4279,0.0,0.0
2024-08-13 10:05:00-04:00,10.114999771118164,10.149999618530273,10.114999771118164,10.140000343322754,6619,0.0,0.0
2024-08-13 10:10:00-04:00,10.130000114440918,10.135000228881836,10.109999656677246,10.130000114440918,3934,0.0,0.0
2024-08-13 10:15:00-04:00,10.130000114440918,10.140000343322754,10.100000381469727,10.114999771118164,4547,0.0,0.0
2024-08-13 10:20:00-04:00,10.109999656677246,10.114999771118164,10.09000015258789,10.100000381469727,5680,0.0,0.0
2024-08-13 10:25:00-04:00,10.09000015258789,10.119999885559082,10.09000015258789,10.100000381469727,2388,0.0,0.0
2024-08-13 10:30:00-04:00,10.09000015258789,10.100000381469727,10.071000099182129,10.085000038146973,5746,0.0,0.0
2024-08-13 10:35:00-04:00,10.085000038146973,10.104999542236328,10.085000038146973,10.09000015258789,6665,0.0,0.0
2024-08-13 10:40:00-04:00,10.095000267028809,10.119999885559082,10.093099594116211,10.119999885559082,7420,0.0,0.0
2024-08-13 10:45:00-04:00,10.114999771118164,10.119999885559082,10.100000381469727,10.114999771118164,2241,0.0,0.0
2024-08-13 10:50:00-04:00,10.100000381469727,10.101200103759766,10.095000267028809,10.100000381469727,4779,0.0,0.0
2024-08-13 10:55:00-04:00,10.100000381469727,10.100000381469727,10.09000015258789,10.09000015258789,12158,0.0,0.0
2024-08-13 11:00:00-04:00,10.095000267028809,10.100000381469727,10.085000038146973,10.085000038146973,8043,0.0,0.0
2024-08-13 11:05:00-04:00,10.09000015258789,10.09000015258789,10.055000305175781,10.055000305175781,2619,0.0,0.0
2024-08-13 11:10:00-04:00,10.059900283813477,10.069999694824219,10.050000190734863,10.0600004196167,7892,0.0,0.0
2024-08-13 11:15:00-04:00,10.0600004196167,10.09000015258789,10.0600004196167,10.079999923706055,14484,0.0,0.0
2024-08-13 11:20:00-04:00,10.074999809265137,10.100000381469727,10.074999809265137,10.079999923706055,4134,0.0,0.0
2024-08-13 11:25:00-04:00,10.079999923706055,10.085000038146973,10.074999809265137,10.079999923706055,3062,0.0,0.0
2024-08-13 11:30:00-04:00,10.079999923706055,10.079999923706055,10.069999694824219,10.079999923706055,6062,0.0,0.0
2024-08-13 11:35:00-04:00,10.079999923706055,10.079999923706055,10.069999694824219,10.069999694824219,1203,0.0,0.0
2024-08-13 11:40:00-04:00,10.079999923706055,10.085000038146973,10.079899787902832,10.079899787902832,3235,0.0,0.0
2024-08-13 11:45:00-04:00,10.069999694824219,10.079999923706055,10.0600004196167,10.079999923706055,4793,0.0,0.0
2024-08-13 11:50:00-04:00,10.085000038146973,10.100000381469727,10.085000038146973,10.100000381469727,683,0.0,0.0
2024-08-13 11:55:00-04:00,10.109999656677246,10.109999656677246,10.100000381469727,10.100000381469727,1649,0.0,0.0
2024-08-13 12:00:00-04:00,10.100000381469727,10.100000381469727,10.080100059509277,10.09000015258789,9623,0.0,0.0
2024-08-13 12:05:00-04:00,10.09000015258789,10.095000267028809,10.09000015258789,10.095000267028809,1865,0.0,0.0
2024-08-13 12:10:00-04:00,10.104999542236328,10.104999542236328,10.095000267028809,10.095000267028809,3386,0.0,0.0
2024-08-13 12:15:00-04:00,10.100000381469727,10.114999771118164,10.100000381469727,10.104999542236328,5012,0.0,0.0
2024-08-13 12:20:00-04:00,10.100000381469727,10.104999542236328,10.095000267028809,10.104999542236328,3050,0.0,0.0
2024-08-13 12:25:00-04:00,10.100000381469727,10.100000381469727,10.095000267028809,10.095000267028809,2624,0.0,0.0
2024-08-13 12:30:00-04:00,10.085000038146973,10.100000381469727,10.079999923706055,10.100000381469727,2755,0.0,0.0
2024-08-13 12:35:00-04:00,10.100000381469727,10.129899978637695,10.100000381469727,10.129899978637695,3587,0.0,0.0
2024-08-13 12:40:00-04:00,10.119999885559082,10.119999885559082,10.110099792480469,10.119999885559082,3748,0.0,0.0
2024-08-13 12:45:00-04:00,10.125,10.149999618530273,10.119999885559082,10.149999618530273,6258,0.0,0.0
2024-08-13 12:50:00-04:00,10.149999618530273,10.170000076293945,10.149999618530273,10.15999984741211,9778,0.0,0.0
2024-08-13 12:55:00-04:00,10.15999984741211,10.15999984741211,10.145000457763672,10.15999984741211,1951,0.0,0.0
2024-08-13 13:00:00-04:00,10.154999732971191,10.15999984741211,10.154999732971191,10.15999984741211,1247,0.0,0.0
2024-08-13 13:05:00-04:00,10.149999618530273,10.154999732971191,10.145000457763672,10.145000457763672,2163,0.0,0.0
2024-08-13 13:10:00-04:00,10.130999565124512,10.130999565124512,10.119999885559082,10.119999885559082,1385,0.0,0.0
2024-08-13 13:15:00-04:00,10.130000114440918,10.135000228881836,10.119999885559082,10.125,3424,0.0,0.0
2024-08-13 13:20:00-04:00,10.130000114440918,10.140000343322754,10.125,10.140000343322754,2529,0.0,0.0
2024-08-13 13:25:00-04:00,10.140000343322754,10.14109992980957,10.140000343322754,10.140000343322754,1958,0.0,0.0
2024-08-13 13:30:00-04:00,10.140000343322754,10.149999618530273,10.140000343322754,10.145000457763672,1987,0.0,0.0
2024-08-13 13:35:00-04:00,10.149999618530273,10.15999984741211,10.149999618530273,10.149999618530273,1667,0.0,0.0
2024-08-13 13:40:00-04:00,10.150799751281738,10.164999961853027,10.150199890136719,10.164999961853027,2100,0.0,0.0
2024-08-13 13:45:00-04:00,10.15999984741211,10.15999984741211,10.145000457763672,10.15999984741211,6298,0.0,0.0
2024-08-13 13:50:00-04:00,10.15999984741211,10.180000305175781,10.15999984741211,10.180000305175781,11078,0.0,0.0
2024-08-13 13:55:00-04:00,10.1850004196167,10.1850004196167,10.170100212097168,10.180000305175781,7858,0.0,0.0
2024-08-13 14:00:00-04:00,10.180000305175781,10.194999694824219,10.180000305175781,10.1899995803833,3329,0.0,0.0
2024-08-13 14:05:00-04:00,10.180000305175781,10.1899995803833,10.180000305175781,10.180000305175781,10361,0.0,0.0
2024-08-13 14:10:00-04:00,10.1899995803833,10.1899995803833,10.1850004196167,10.1899995803833,3222,0.0,0.0
2024-08-13 14:15:00-04:00,10.1899995803833,10.1899995803833,10.180000305175781,10.180000305175781,3374,0.0,0.0
2024-08-13 14:20:00-04:00,10.180000305175781,10.194999694824219,10.180000305175781,10.1850004196167,6834,0.0,0.0
2024-08-13 14:25:00-04:00,10.1850004196167,10.1850004196167,10.1850004196167,10.1850004196167,1753,0.0,0.0
2024-08-13 14:30:00-04:00,10.1899995803833,10.199999809265137,10.1899995803833,10.199999809265137,4773,0.0,0.0
2024-08-13 14:35:00-04:00,10.1899995803833,10.204999923706055,10.1850004196167,10.199999809265137,5680,0.0,0.0
2024-08-13 14:40:00-04:00,10.204999923706055,10.210000038146973,10.190899848937988,10.194999694824219,10165,0.0,0.0
2024-08-13 14:45:00-04:00,10.1899995803833,10.1899995803833,10.1899995803833,10.1899995803833,477,0.0,0.0
2024-08-13 14:50:00-04:00,10.1899995803833,10.1899995803833,10.1850004196167,10.1899995803833,4172,0.0,0.0
2024-08-13 14:55:00-04:00,10.1899995803833,10.199999809265137,10.175000190734863,10.199999809265137,15672,0.0,0.0
2024-08-13 15:00:00-04:00,10.197999954223633,10.199999809265137,10.194999694824219,10.199999809265137,3013,0.0,0.0
2024-08-13 15:05:00-04:00,10.199999809265137,10.204999923706055,10.199999809265137,10.204999923706055,3737,0.0,0.0
2024-08-13 15:10:00-04:00,10.199999809265137,10.199999809265137,10.15999984741211,10.164999961853027,12180,0.0,0.0
2024-08-13 15:15:00-04:00,10.15999984741211,10.15999984741211,10.149999618530273,10.149999618530273,4370,0.0,0.0
2024-08-13 15:20:00-04:00,10.15999984741211,10.15999984741211,10.145000457763672,10.149999618530273,6791,0.0,0.0
2024-08-13 15:25:00-04:00,10.149999618530273,10.15999984741211,10.145000457763672,10.15999984741211,5230,0.0,0.0
2024-08-13 15:30:00-04:00,10.149999618530273,10.15999984741211,10.145000457763672,10.15999984741211,12200,0.0,0.0
2024-08-13 15:35:00-04:00,10.15999984741211,10.15999984741211,10.154999732971191,10.15999984741211,3058,0.0,0.0
2024-08-13 15:40:00-04:00,10.15999984741211,10.15999984741211,10.145000457763672,10.154999732971191,13380,0.0,0.0
2024-08-13 15:45:00-04:00,10.15999984741211,10.17870044708252,10.154999732971191,10.17870044708252,11061,0.0,0.0
2024-08-13 15:50:00-04:00,10.180000305175781,10.199999809265137,10.180000305175781,10.1850004196167,41609,0.0,0.0
2024-08-13 15:55:00-04:00,10.1850004196167,10.1899995803833,10.170000076293945,10.1850004196167,96692,0.0,0.0
2024-08-14 09:30:00-04:00,10.220000267028809,10.239999771118164,10.199999809265137,10.210000038146973,27064,0.0,0.0
2024-08-14 09:35:00-04:00,10.210000038146973,10.260000228881836,10.199999809265137,10.260000228881836,18972,0.0,0.0
2024-08-14 09:40:00-04:00,10.270000457763672,10.270000457763672,10.220000267028809,10.220000267028809,11993,0.0,0.0
2024-08-14 09:45:00-04:00,10.220000267028809,10.229999542236328,10.199999809265137,10.210000038146973,3824,0.0,0.0
2024-08-14 09:50:00-04:00,10.199999809265137,10.210000038146973,10.180000305175781,10.199999809265137,2751,0.0,0.0
2024-08-14 09:55:00-04:00,10.210000038146973,10.210000038146973,10.1899995803833,10.1899995803833,11500,0.0,0.0
2024-08-14 10:00:00-04:00,10.1899995803833,10.194999694824219,10.15999984741211,10.170000076293945,3782,0.0,0.0
2024-08-14 10:05:00-04:00,10.180000305175781,10.1899995803833,10.170000076293945,10.1899995803833,9582,0.0,0.0
2024-08-14 10:10:00-04:00,10.175000190734863,10.180000305175781,10.175000190734863,10.180000305175781,1860,0.0,0.0
2024-08-14 10:15:00-04:00,10.180000305175781,10.204999923706055,10.180000305175781,10.204999923706055,3193,0.0,0.0
2024-08-14 10:20:00-04:00,10.20009994506836,10.204999923706055,10.1850004196167,10.1850004196167,17302,0.0,0.0
2024-08-14 10:25:00-04:00,10.1899995803833,10.199999809265137,10.1850004196167,10.1850004196167,17840,0.0,0.0
2024-08-14 10:30:00-04:00,10.180000305175781,10.180000305175781,10.140000343322754,10.140000343322754,20834,0.0,0.0
2024-08-14 10:35:00-04:00,10.130000114440918,10.180000305175781,10.130000114440918,10.170000076293945,15307,0.0,0.0
2024-08-14 10:40:00-04:00,10.170000076293945,10.170000076293945,10.154999732971191,10.154999732971191,2146,0.0,0.0
2024-08-14 10:45:00-04:00,10.149999618530273,10.164999961853027,10.140000343322754,10.164999961853027,26881,0.0,0.0
2024-08-14 10:50:00-04:00,10.15999984741211,10.161299705505371,10.140000343322754,10.149999618530273,12492,0.0,0.0
2024-08-14 10:55:00-04:00,10.140000343322754,10.15999984741211,10.130000114440918,10.134200096130371,23627,0.0,0.0
2024-08-14 11:00:00-04:00,10.140000343322754,10.140000343322754,10.130800247192383,10.140000343322754,5447,0.0,0.0
2024-08-14 11:05:00-04:00,10.140000343322754,10.140000343322754,10.125,10.125,3086,0.0,0.0
2024-08-14 11:10:00-04:00,10.130000114440918,10.135000228881836,10.114999771118164,10.114999771118164,3468,0.0,0.0
2024-08-14 11:15:00-04:00,10.109999656677246,10.119999885559082,10.09000015258789,10.119999885559082,8219,0.0,0.0
2024-08-14 11:20:00-04:00,10.119999885559082,10.135000228881836,10.119999885559082,10.135000228881836,4354,0.0,0.0
2024-08-14 11:25:00-04:00,10.135000228881836,10.139399528503418,10.135000228881836,10.139399528503418,1721,0.0,0.0
2024-08-14 11:30:00-04:00,10.140000343322754,10.170000076293945,10.140000343322754,10.170000076293945,10775,0.0,0.0
2024-08-14 11:35:00-04:00,10.170000076293945,10.1850004196167,10.164999961853027,10.180000305175781,4890,0.0,0.0
2024-08-14 11:40:00-04:00,10.1850004196167,10.1850004196167,10.180000305175781,10.180000305175781,2367,0.0,0.0
2024-08-14 11:45:00-04:00,10.1899995803833,10.225000381469727,10.1899995803833,10.210000038146973,8499,0.0,0.0
2024-08-14 11:55:00-04:00,10.210000038146973,10.2391996383667,10.210000038146973,10.2391996383667,5460,0.0,0.0
2024-08-14 12:00:00-04:00,10.229999542236328,10.229999542236328,10.210000038146973,10.210000038146973,2690,0.0,0.0
2024-08-14 12:05:00-04:00,10.21500015258789,10.220000267028809,10.210100173950195,10.220000267028809,3403,0.0,0.0
2024-08-14 12:10:00-04:00,10.220000267028809,10.225000381469727,10.20989990234375,10.20989990234375,7472,0.0,0.0
2024-08-14 12:15:00-04:00,10.210000038146973,10.210000038146973,10.1899995803833,10.1899995803833,2762,0.0,0.0
2024-08-14 12:20:00-04:00,10.1850004196167,10.1899995803833,10.15999984741211,10.170000076293945,4721,0.0,0.0
2024-08-14 12:25:00-04:00,10.164999961853027,10.170000076293945,10.149999618530273,10.149999618530273,3353,0.0,0.0
2024-08-14 12:30:00-04:00,10.149999618530273,10.164999961853027,10.149999618530273,10.164999961853027,4360,0.0,0.0
2024-08-14 12:35:00-04:00,10.170000076293945,10.175000190734863,10.170000076293945,10.175000190734863,4243,0.0,0.0
2024-08-14 12:40:00-04:00,10.175000190734863,10.1850004196167,10.170999526977539,10.180000305175781,3520,0.0,0.0
2024-08-14 12:45:00-04:00,10.170000076293945,10.175000190734863,10.170000076293945,10.175000190734863,702,0.0,0.0
2024-08-14 12:50:00-04:00,10.175000190734863,10.175000190734863,10.15999984741211,10.170000076293945,5326,0.0,0.0
2024-08-14 12:55:00-04:00,10.180000305175781,10.1899995803833,10.175000190734863,10.1899995803833,2988,0.0,0.0
2024-08-14 13:00:00-04:00,10.182000160217285,10.1850004196167,10.180000305175781,10.180000305175781,3235,0.0,0.0
2024-08-14 13:05:00-04:00,10.180000305175781,10.1899995803833,10.175000190734863,10.175000190734863,4330,0.0,0.0
2024-08-14 13:10:00-04:00,10.175000190734863,10.180000305175781,10.164999961853027,10.164999961853027,3675,0.0,0.0
2024-08-14 13:15:00-04:00,10.15999984741211,10.1899995803833,10.15999984741211,10.1899995803833,12187,0.0,0.0
2024-08-14 13:20:00-04:00,10.1899995803833,10.1899995803833,10.180000305175781,10.180000305175781,983,0.0,0.0
2024-08-14 13:25:00-04:00,10.170000076293945,10.180000305175781,10.154999732971191,10.170000076293945,16637,0.0,0.0
2024-08-14 13:30:00-04:00,10.15999984741211,10.168899536132812,10.154999732971191,10.168899536132812,2872,0.0,0.0
2024-08-14 13:35:00-04:00,10.164999961853027,10.164999961853027,10.145000457763672,10.149999618530273,3502,0.0,0.0
2024-08-14 13:40:00-04:00,10.140000343322754,10.140000343322754,10.135000228881836,10.140000343322754,3004,0.0,0.0
2024-08-14 13:45:00-04:00,10.140000343322754,10.140000343322754,10.119999885559082,10.135000228881836,12661,0.0,0.0
2024-08-14 13:50:00-04:00,10.130000114440918,10.140000343322754,10.130000114440918,10.135000228881836,7943,0.0,0.0
2024-08-14 13:55:00-04:00,10.135000228881836,10.135000228881836,10.119999885559082,10.130000114440918,12334,0.0,0.0
2024-08-14 14:00:00-04:00,10.125,10.125,10.095000267028809,10.095000267028809,4730,0.0,0.0
2024-08-14 14:05:00-04:00,10.100000381469727,10.104999542236328,10.095000267028809,10.095000267028809,3939,0.0,0.0
2024-08-14 14:10:00-04:00,10.100000381469727,10.100000381469727,10.095000267028809,10.095000267028809,4751,0.0,0.0
2024-08-14 14:15:00-04:00,10.100000381469727,10.104999542236328,10.09000015258789,10.095000267028809,5099,0.0,0.0
2024-08-14 14:20:00-04:00,10.100000381469727,10.109999656677246,10.09000015258789,10.09000015258789,4378,0.0,0.0
2024-08-14 14:25:00-04:00,10.095000267028809,10.100099563598633,10.095000267028809,10.100099563598633,2954,0.0,0.0
2024-08-14 14:30:00-04:00,10.109999656677246,10.119999885559082,10.109999656677246,10.114999771118164,1761,0.0,0.0
2024-08-14 14:35:00-04:00,10.119999885559082,10.130000114440918,10.119999885559082,10.130000114440918,6966,0.0,0.0
2024-08-14 14:40:00-04:00,10.125,10.135000228881836,10.125,10.135000228881836,4320,0.0,0.0
2024-08-14 14:45:00-04:00,10.140000343322754,10.149999618530273,10.140000343322754,10.140000343322754,2654,0.0,0.0
2024-08-14 14:50:00-04:00,10.145000457763672,10.15999984741211,10.140000343322754,10.14009952545166,11576,0.0,0.0
2024-08-14 14:55:00-04:00,10.145000457763672,10.149999618530273,10.145000457763672,10.149999618530273,2820,0.0,0.0
2024-08-14 15:00:00-04:00,10.149999618530273,10.149999618530273,10.135000228881836,10.135000228881836,8777,0.0,0.0
2024-08-14 15:05:00-04:00,10.135000228881836,10.145000457763672,10.135000228881836,10.145000457763672,5795,0.0,0.0
2024-08-14 15:10:00-04:00,10.145000457763672,10.145000457763672,10.125,10.125,8102,0.0,0.0
2024-08-14 15:15:00-04:00,10.125,10.130000114440918,10.125,10.125,8952,0.0,0.0
2024-08-14 15:20:00-04:00,10.119999885559082,10.142000198364258,10.114999771118164,10.142000198364258,11097,0.0,0.0
2024-08-14 15:25:00-04:00,10.140000343322754,10.140000343322754,10.130000114440918,10.130000114440918,3083,0.0,0.0
2024-08-14 15:30:00-04:00,10.130000114440918,10.135000228881836,10.109999656677246,10.109999656677246,6808,0.0,0.0
2024-08-14 15:35:00-04:00,10.119999885559082,10.119999885559082,10.100000381469727,10.104999542236328,1857,0.0,0.0
2024-08-14 15:40:00-04:00,10.109999656677246,10.114999771118164,10.109999656677246,10.114999771118164,5524,0.0,0.0
2024-08-14 15:45:00-04:00,10.114999771118164,10.119999885559082,10.104999542236328,10.104999542236328,6180,0.0,0.0
2024-08-14 15:50:00-04:00,10.109999656677246,10.119999885559082,10.104999542236328,10.119999885559082,32431,0.0,0.0
2024-08-14 15:55:00-04:00,10.114999771118164,10.149999618530273,10.114999771118164,10.140000343322754,92222,0.0,0.0
2024-08-15 09:30:00-04:00,10.180000305175781,10.239999771118164,10.180000305175781,10.210000038146973,137443,0.0,0.0
2024-08-15 09:35:00-04:00,10.244999885559082,10.279999732971191,10.244999885559082,10.279999732971191,16128,0.0,0.0
2024-08-15 09:40:00-04:00,10.279999732971191,10.300000190734863,10.260000228881836,10.28950023651123,45551,0.0,0.0
2024-08-15 09:45:00-04:00,10.279999732971191,10.289999961853027,10.260000228881836,10.289999961853027,9402,0.0,0.0
2024-08-15 09:50:00-04:00,10.300000190734863,10.300000190734863,10.229999542236328,10.229999542236328,14107,0.0,0.0
2024-08-15 09:55:00-04:00,10.249899864196777,10.25,10.221199989318848,10.25,4532,0.0,0.0
2024-08-15 10:00:00-04:00,10.244999885559082,10.260000228881836,10.240099906921387,10.240099906921387,2107,0.0,0.0
2024-08-15 10:05:00-04:00,10.239999771118164,10.239999771118164,10.220000267028809,10.239999771118164,6623,0.0,0.0
2024-08-15 10:10:00-04:00,10.239999771118164,10.25,10.229999542236328,10.229999542236328,6902,0.0,0.0
2024-08-15 10:15:00-04:00,10.239999771118164,10.260000228881836,10.239999771118164,10.260000228881836,2356,0.0,0.0
2024-08-15 10:20:00-04:00,10.279999732971191,10.289999961853027,10.270000457763672,10.289999961853027,4219,0.0,0.0
2024-08-15 10:25:00-04:00,10.295000076293945,10.3100004196167,10.291000366210938,10.291000366210938,12366,0.0,0.0
2024-08-15 10:30:00-04:00,10.300000190734863,10.324999809265137,10.300000190734863,10.324999809265137,12737,0.0,0.0
2024-08-15 10:35:00-04:00,10.319999694824219,10.34000015258789,10.319999694824219,10.335000038146973,8199,0.0,0.0
2024-08-15 10:40:00-04:00,10.329999923706055,10.345000267028809,10.324999809265137,10.34000015258789,3502,0.0,0.0
2024-08-15 10:45:00-04:00,10.34000015258789,10.345000267028809,10.331999778747559,10.34000015258789,3677,0.0,0.0
2024-08-15 10:50:00-04:00,10.34000015258789,10.34000015258789,10.324999809265137,10.329999923706055,9549,0.0,0.0
2024-08-15 10:55:00-04:00,10.329999923706055,10.34000015258789,10.329999923706055,10.34000015258789,3405,0.0,0.0
2024-08-15 11:00:00-04:00,10.350000381469727,10.350000381469727,10.34000015258789,10.345000267028809,6369,0.0,0.0
2024-08-15 11:05:00-04:00,10.350000381469727,10.366000175476074,10.345000267028809,10.354999542236328,21164,0.0,0.0
2024-08-15 11:10:00-04:00,10.354999542236328,10.360099792480469,10.354999542236328,10.359999656677246,3342,0.0,0.0
2024-08-15 11:15:00-04:00,10.364999771118164,10.369999885559082,10.345000267028809,10.359999656677246,9244,0.0,0.0
2024-08-15 11:20:00-04:00,10.359999656677246,10.370200157165527,10.359999656677246,10.370200157165527,4151,0.0,0.0
2024-08-15 11:25:00-04:00,10.375,10.390000343322754,10.375,10.385000228881836,6120,0.0,0.0
2024-08-15 11:30:00-04:00,10.38010025024414,10.390000343322754,10.375,10.390000343322754,6277,0.0,0.0
2024-08-15 11:35:00-04:00,10.390000343322754,10.398699760437012,10.38129997253418,10.390000343322754,4287,0.0,0.0
2024-08-15 11:40:00-04:00,10.380000114440918,10.383899688720703,10.373800277709961,10.373800277709961,2917,0.0,0.0
2024-08-15 11:45:00-04:00,10.380000114440918,10.385000228881836,10.369999885559082,10.375,17978,0.0,0.0
2024-08-15 11:50:00-04:00,10.369999885559082,10.369999885559082,10.359999656677246,10.360300064086914,1807,0.0,0.0
2024-08-15 11:55:00-04:00,10.359999656677246,10.369999885559082,10.359999656677246,10.369999885559082,4065,0.0,0.0
2024-08-15 12:00:00-04:00,10.378000259399414,10.390000343322754,10.375,10.385000228881836,5242,0.0,0.0
2024-08-15 12:05:00-04:00,10.380000114440918,10.380000114440918,10.369999885559082,10.375,2387,0.0,0.0
2024-08-15 12:10:00-04:00,10.380000114440918,10.385000228881836,10.375,10.380000114440918,1427,0.0,0.0
2024-08-15 12:15:00-04:00,10.380000114440918,10.380000114440918,10.380000114440918,10.380000114440918,4073,0.0,0.0
2024-08-15 12:20:00-04:00,10.380000114440918,10.395999908447266,10.380000114440918,10.395999908447266,3579,0.0,0.0
2024-08-15 12:25:00-04:00,10.396599769592285,10.396599769592285,10.39009952545166,10.396599769592285,3305,0.0,0.0
2024-08-15 12:30:00-04:00,10.390000343322754,10.430000305175781,10.390000343322754,10.425000190734863,27479,0.0,0.0
2024-08-15 12:35:00-04:00,10.425000190734863,10.425000190734863,10.40999984741211,10.40999984741211,9212,0.0,0.0
2024-08-15 12:40:00-04:00,10.40999984741211,10.40999984741211,10.399999618530273,10.404999732971191,5366,0.0,0.0
2024-08-15 12:45:00-04:00,10.40999984741211,10.410300254821777,10.385000228881836,10.400099754333496,5112,0.0,0.0
2024-08-15 12:50:00-04:00,10.399999618530273,10.399999618530273,10.390000343322754,10.39009952545166,8695,0.0,0.0
2024-08-15 12:55:00-04:00,10.394700050354004,10.404999732971191,10.394700050354004,10.399999618530273,4682,0.0,0.0
2024-08-15 13:00:00-04:00,10.390000343322754,10.390000343322754,10.359999656677246,10.369999885559082,5947,0.0,0.0
2024-08-15 13:05:00-04:00,10.380000114440918,10.395000457763672,10.369999885559082,10.395000457763672,3069,0.0,0.0
2024-08-15 13:10:00-04:00,10.390000343322754,10.395000457763672,10.380000114440918,10.385000228881836,3292,0.0,0.0
2024-08-15 13:15:00-04:00,10.380999565124512,10.390000343322754,10.380999565124512,10.390000343322754,3427,0.0,0.0
2024-08-15 13:20:00-04:00,10.390000343322754,10.390000343322754,10.380000114440918,10.380000114440918,6464,0.0,0.0
2024-08-15 13:25:00-04:00,10.390000343322754,10.404999732971191,10.390000343322754,10.404999732971191,4551,0.0,0.0
2024-08-15 13:30:00-04:00,10.404999732971191,10.40999984741211,10.400699615478516,10.404999732971191,13410,0.0,0.0
2024-08-15 13:35:00-04:00,10.404999732971191,10.420000076293945,10.404999732971191,10.420000076293945,3954,0.0,0.0
2024-08-15 13:40:00-04:00,10.410599708557129,10.410599708557129,10.399999618530273,10.40999984741211,7476,0.0,0.0
2024-08-15 13:45:00-04:00,10.395000457763672,10.404999732971191,10.389900207519531,10.390000343322754,1925,0.0,0.0
2024-08-15 13:50:00-04:00,10.399999618530273,10.399999618530273,10.390000343322754,10.390000343322754,2434,0.0,0.0
2024-08-15 13:55:00-04:00,10.390000343322754,10.395000457763672,10.380000114440918,10.380000114440918,5342,0.0,0.0
2024-08-15 14:00:00-04:00,10.375,10.385000228881836,10.359999656677246,10.369999885559082,11144,0.0,0.0
2024-08-15 14:05:00-04:00,10.369999885559082,10.369999885559082,10.350000381469727,10.354999542236328,22277,0.0,0.0
2024-08-15 14:10:00-04:00,10.350000381469727,10.369999885559082,10.350000381469727,10.364999771118164,3154,0.0,0.0
2024-08-15 14:15:00-04:00,10.359999656677246,10.360199928283691,10.350000381469727,10.360199928283691,7651,0.0,0.0
2024-08-15 14:20:00-04:00,10.354999542236328,10.354999542236328,10.350000381469727,10.350000381469727,955,0.0,0.0
2024-08-15 14:25:00-04:00,10.345000267028809,10.350000381469727,10.345000267028809,10.350000381469727,3212,0.0,0.0
2024-08-15 14:30:00-04:00,10.359999656677246,10.359999656677246,10.34000015258789,10.34000015258789,3435,0.0,0.0
2024-08-15 14:35:00-04:00,10.34000015258789,10.34000015258789,10.329999923706055,10.329999923706055,11752,0.0,0.0
2024-08-15 14:40:00-04:00,10.335000038146973,10.34000015258789,10.326000213623047,10.329999923706055,7545,0.0,0.0
2024-08-15 14:45:00-04:00,10.329999923706055,10.34000015258789,10.329999923706055,10.329999923706055,3479,0.0,0.0
2024-08-15 14:50:00-04:00,10.329999923706055,10.329999923706055,10.319999694824219,10.324999809265137,10140,0.0,0.0
2024-08-15 14:55:00-04:00,10.324999809265137,10.324999809265137,10.300000190734863,10.3100004196167,17082,0.0,0.0
2024-08-15 15:00:00-04:00,10.3149995803833,10.3149995803833,10.295000076293945,10.295000076293945,6561,0.0,0.0
2024-08-15 15:05:00-04:00,10.3100004196167,10.313599586486816,10.3100004196167,10.313599586486816,2781,0.0,0.0
2024-08-15 15:10:00-04:00,10.3149995803833,10.3149995803833,10.305000305175781,10.305000305175781,4429,0.0,0.0
2024-08-15 15:15:00-04:00,10.305000305175781,10.3149995803833,10.305000305175781,10.305000305175781,7604,0.0,0.0
2024-08-15 15:20:00-04:00,10.300000190734863,10.305000305175781,10.295000076293945,10.305000305175781,4209,0.0,0.0
2024-08-15 15:25:00-04:00,10.305000305175781,10.315799713134766,10.300100326538086,10.305000305175781,8580,0.0,0.0
2024-08-15 15:30:00-04:00,10.305000305175781,10.3100004196167,10.305000305175781,10.305000305175781,3231,0.0,0.0
2024-08-15 15:35:00-04:00,10.300000190734863,10.300000190734863,10.289999961853027,10.289999961853027,11382,0.0,0.0
2024-08-15 15:40:00-04:00,10.289999961853027,10.295000076293945,10.279999732971191,10.295000076293945,18110,0.0,0.0
2024-08-15 15:45:00-04:00,10.295000076293945,10.295000076293945,10.279999732971191,10.279999732971191,18309,0.0,0.0
2024-08-15 15:50:00-04:00,10.279999732971191,10.289999961853027,10.260000228881836,10.260000228881836,20068,0.0,0.0
2024-08-15 15:55:00-04:00,10.265000343322754,10.300000190734863,10.265000343322754,10.289999961853027,71051,0.0,0.0
2024-08-16 09:30:00-04:00,10.1899995803833,10.210000038146973,10.145000457763672,10.210000038146973,38021,0.0,0.0
2024-08-16 09:35:00-04:00,10.21500015258789,10.265000343322754,10.21500015258789,10.229999542236328,12761,0.0,0.0
2024-08-16 09:40:00-04:00,10.220000267028809,10.300000190734863,10.220000267028809,10.274999618530273,36007,0.0,0.0
2024-08-16 09:45:00-04:00,10.279999732971191,10.34000015258789,10.279999732971191,10.324999809265137,74187,0.0,0.0
2024-08-16 09:50:00-04:00,10.310099601745605,10.324999809265137,10.28499984741211,10.300299644470215,20567,0.0,0.0
2024-08-16 09:55:00-04:00,10.3100004196167,10.338000297546387,10.289999961853027,10.289999961853027,14949,0.0,0.0
2024-08-16 10:00:00-04:00,10.289999961853027,10.305000305175781,10.289999961853027,10.289999961853027,6238,0.0,0.0
2024-08-16 10:05:00-04:00,10.28499984741211,10.28499984741211,10.25,10.25,3273,0.0,0.0
2024-08-16 10:10:00-04:00,10.260000228881836,10.260000228881836,10.234999656677246,10.239999771118164,16984,0.0,0.0
2024-08-16 10:15:00-04:00,10.239999771118164,10.239999771118164,10.229999542236328,10.239999771118164,3620,0.0,0.0
2024-08-16 10:20:00-04:00,10.234999656677246,10.234999656677246,10.210000038146973,10.210000038146973,4120,0.0,0.0
2024-08-16 10:25:00-04:00,10.210000038146973,10.21500015258789,10.201000213623047,10.21500015258789,3997,0.0,0.0
2024-08-16 10:30:00-04:00,10.21500015258789,10.21500015258789,10.199999809265137,10.21500015258789,10025,0.0,0.0
2024-08-16 10:35:00-04:00,10.210000038146973,10.21500015258789,10.199999809265137,10.20300006866455,6187,0.0,0.0
2024-08-16 10:40:00-04:00,10.204999923706055,10.204999923706055,10.1850004196167,10.1899995803833,6739,0.0,0.0
2024-08-16 10:45:00-04:00,10.1850004196167,10.204999923706055,10.180000305175781,10.180000305175781,3271,0.0,0.0
2024-08-16 10:50:00-04:00,10.180000305175781,10.194999694824219,10.170000076293945,10.1899995803833,13628,0.0,0.0
2024-08-16 10:55:00-04:00,10.199999809265137,10.204999923706055,10.1899995803833,10.204999923706055,3950,0.0,0.0
2024-08-16 11:00:00-04:00,10.210000038146973,10.217399597167969,10.204999923706055,10.210000038146973,4222,0.0,0.0
2024-08-16 11:05:00-04:00,10.210000038146973,10.210000038146973,10.204999923706055,10.210000038146973,1653,0.0,0.0
2024-08-16 11:10:00-04:00,10.21500015258789,10.229999542236328,10.21500015258789,10.229999542236328,3729,0.0,0.0
2024-08-16 11:15:00-04:00,10.229999542236328,10.229999542236328,10.220000267028809,10.229999542236328,5353,0.0,0.0
2024-08-16 11:20:00-04:00,10.229999542236328,10.229999542236328,10.21500015258789,10.220000267028809,6862,0.0,0.0
2024-08-16 11:25:00-04:00,10.220000267028809,10.239999771118164,10.210000038146973,10.229999542236328,11083,0.0,0.0
2024-08-16 11:30:00-04:00,10.229999542236328,10.239999771118164,10.222000122070312,10.239999771118164,2847,0.0,0.0
2024-08-16 11:35:00-04:00,10.239999771118164,10.25,10.239999771118164,10.239999771118164,3261,0.0,0.0
2024-08-16 11:40:00-04:00,10.25,10.25,10.229999542236328,10.234999656677246,10061,0.0,0.0
2024-08-16 11:45:00-04:00,10.239999771118164,10.255000114440918,10.239999771118164,10.255000114440918,9680,0.0,0.0
2024-08-16 11:50:00-04:00,10.239999771118164,10.239999771118164,10.225000381469727,10.225000381469727,5780,0.0,0.0
2024-08-16 11:55:00-04:00,10.220000267028809,10.229999542236328,10.220000267028809,10.225000381469727,1766,0.0,0.0
2024-08-16 12:00:00-04:00,10.225000381469727,10.234999656677246,10.225000381469727,10.229999542236328,3463,0.0,0.0
2024-08-16 12:05:00-04:00,10.229999542236328,10.229999542236328,10.220000267028809,10.220000267028809,633,0.0,0.0
2024-08-16 12:10:00-04:00,10.220000267028809,10.229999542236328,10.220000267028809,10.220000267028809,5736,0.0,0.0
2024-08-16 12:15:00-04:00,10.220199584960938,10.225000381469727,10.210000038146973,10.225000381469727,7712,0.0,0.0
2024-08-16 12:20:00-04:00,10.225000381469727,10.234999656677246,10.225000381469727,10.225000381469727,2505,0.0,0.0
2024-08-16 12:25:00-04:00,10.225000381469727,10.234999656677246,10.225000381469727,10.229999542236328,1275,0.0,0.0
2024-08-16 12:30:00-04:00,10.229999542236328,10.239100456237793,10.229999542236328,10.239100456237793,4257,0.0,0.0
2024-08-16 12:35:00-04:00,10.234999656677246,10.244999885559082,10.231300354003906,10.244999885559082,1382,0.0,0.0
2024-08-16 12:40:00-04:00,10.244999885559082,10.244999885559082,10.229999542236328,10.239999771118164,13266,0.0,0.0
2024-08-16 12:45:00-04:00,10.229999542236328,10.229999542236328,10.210000038146973,10.210100173950195,21029,0.0,0.0
2024-08-16 12:50:00-04:00,10.210000038146973,10.210599899291992,10.199999809265137,10.20009994506836,8328,0.0,0.0
2024-08-16 12:55:00-04:00,10.210000038146973,10.21500015258789,10.199999809265137,10.204999923706055,14172,0.0,0.0
2024-08-16 13:00:00-04:00,10.210000038146973,10.210000038146973,10.1850004196167,10.194999694824219,18410,0.0,0.0
2024-08-16 13:05:00-04:00,10.199999809265137,10.204999923706055,10.1899995803833,10.196000099182129,9270,0.0,0.0
2024-08-16 13:10:00-04:00,10.199999809265137,10.204999923706055,10.1899995803833,10.1899995803833,9277,0.0,0.0
2024-08-16 13:15:00-04:00,10.1899995803833,10.21500015258789,10.1899995803833,10.204999923706055,19069,0.0,0.0
2024-08-16 13:20:00-04:00,10.199999809265137,10.220199584960938,10.199999809265137,10.21500015258789,11882,0.0,0.0
2024-08-16 13:25:00-04:00,10.21500015258789,10.225000381469727,10.210000038146973,10.220000267028809,6011,0.0,0.0
2024-08-16 13:30:00-04:00,10.225000381469727,10.225000381469727,10.210000038146973,10.210000038146973,10746,0.0,0.0
2024-08-16 13:35:00-04:00,10.210000038146973,10.210000038146973,10.20009994506836,10.204999923706055,11011,0.0,0.0
2024-08-16 13:40:00-04:00,10.199999809265137,10.20009994506836,10.1899995803833,10.1899995803833,13262,0.0,0.0
2024-08-16 13:45:00-04:00,10.1899995803833,10.204999923706055,10.1899995803833,10.204999923706055,5313,0.0,0.0
2024-08-16 13:50:00-04:00,10.201199531555176,10.201199531555176,10.1899995803833,10.194999694824219,7868,0.0,0.0
2024-08-16 13:55:00-04:00,10.199999809265137,10.21500015258789,10.199999809265137,10.21500015258789,10551,0.0,0.0
2024-08-16 14:00:00-04:00,10.220000267028809,10.220000267028809,10.199999809265137,10.206000328063965,9190,0.0,0.0
2024-08-16 14:05:00-04:00,10.210000038146973,10.210800170898438,10.199999809265137,10.204999923706055,9927,0.0,0.0
2024-08-16 14:10:00-04:00,10.199999809265137,10.210000038146973,10.199999809265137,10.199999809265137,5826,0.0,0.0
2024-08-16 14:15:00-04:00,10.199999809265137,10.210000038146973,10.190500259399414,10.194999694824219,13977,0.0,0.0
2024-08-16 14:20:00-04:00,10.194999694824219,10.199999809265137,10.192000389099121,10.194999694824219,7220,0.0,0.0
2024-08-16 14:25:00-04:00,10.194999694824219,10.194999694824219,10.170000076293945,10.170000076293945,11518,0.0,0.0
2024-08-16 14:30:00-04:00,10.175000190734863,10.177499771118164,10.170000076293945,10.177499771118164,5407,0.0,0.0
2024-08-16 14:35:00-04:00,10.180000305175781,10.194999694824219,10.180000305175781,10.1899995803833,4215,0.0,0.0
2024-08-16 14:40:00-04:00,10.1899995803833,10.1899995803833,10.180000305175781,10.180000305175781,2008,0.0,0.0
2024-08-16 14:45:00-04:00,10.180000305175781,10.1899995803833,10.180000305175781,10.180000305175781,6486,0.0,0.0
2024-08-16 14:50:00-04:00,10.180000305175781,10.1850004196167,10.175000190734863,10.1850004196167,16200,0.0,0.0
2024-08-16 14:55:00-04:00,10.1850004196167,10.189299583435059,10.175000190734863,10.175000190734863,37280,0.0,0.0
2024-08-16 15:00:00-04:00,10.180000305175781,10.194999694824219,10.180000305175781,10.194999694824219,11850,0.0,0.0
2024-08-16 15:05:00-04:00,10.199999809265137,10.199999809265137,10.1850004196167,10.199999809265137,11914,0.0,0.0
2024-08-16 15:10:00-04:00,10.194999694824219,10.194999694824219,10.180000305175781,10.194999694824219,16097,0.0,0.0
2024-08-16 15:15:00-04:00,10.1899995803833,10.196000099182129,10.1850004196167,10.190199851989746,33479,0.0,0.0
2024-08-16 15:20:00-04:00,10.190999984741211,10.19260025024414,10.17080020904541,10.174200057983398,27892,0.0,0.0
2024-08-16 15:25:00-04:00,10.170000076293945,10.1899995803833,10.15999984741211,10.170000076293945,53766,0.0,0.0
2024-08-16 15:30:00-04:00,10.170000076293945,10.194999694824219,10.170000076293945,10.194999694824219,27071,0.0,0.0
2024-08-16 15:35:00-04:00,10.194999694824219,10.210000038146973,10.192000389099121,10.210000038146973,8703,0.0,0.0
2024-08-16 15:40:00-04:00,10.210000038146973,10.225000381469727,10.20199966430664,10.21500015258789,34763,0.0,0.0
2024-08-16 15:45:00-04:00,10.21500015258789,10.21500015258789,10.190099716186523,10.199999809265137,17520,0.0,0.0
2024-08-16 15:50:00-04:00,10.199999809265137,10.204999923706055,10.1899995803833,10.194999694824219,31819,0.0,0.0
2024-08-16 15:55:00-04:00,10.194999694824219,10.220000267028809,10.1899995803833,10.199999809265137,48924,0.0,0.0
2024-08-19 09:30:00-04:00,10.220000267028809,10.270000457763672,10.220000267028809,10.270000457763672,21173,0.0,0.0
2024-08-19 09:35:00-04:00,10.279999732971191,10.289899826049805,10.265000343322754,10.270000457763672,11857,0.0,0.0
2024-08-19 09:40:00-04:00,10.260000228881836,10.289999961853027,10.260000228881836,10.270000457763672,5205,0.0,0.0
2024-08-19 09:45:00-04:00,10.279999732971191,10.3100004196167,10.270000457763672,10.3100004196167,13143,0.0,0.0
2024-08-19 09:50:00-04:00,10.305000305175781,10.319999694824219,10.289999961853027,10.29990005493164,18229,0.0,0.0
2024-08-19 09:55:00-04:00,10.300000190734863,10.3149995803833,10.270000457763672,10.270000457763672,9492,0.0,0.0
2024-08-19 10:00:00-04:00,10.270000457763672,10.276000022888184,10.260000228881836,10.270000457763672,11595,0.0,0.0
2024-08-19 10:05:00-04:00,10.279999732971191,10.300000190734863,10.270000457763672,10.280099868774414,4078,0.0,0.0
2024-08-19 10:10:00-04:00,10.289999961853027,10.300000190734863,10.28499984741211,10.300000190734863,2752,0.0,0.0
2024-08-19 10:15:00-04:00,10.300000190734863,10.329999923706055,10.300000190734863,10.319999694824219,10975,0.0,0.0
2024-08-19 10:20:00-04:00,10.3149995803833,10.3149995803833,10.300000190734863,10.300000190734863,3345,0.0,0.0
2024-08-19 10:25:00-04:00,10.300000190734863,10.319999694824219,10.300000190734863,10.319999694824219,8586,0.0,0.0
2024-08-19 10:30:00-04:00,10.319999694824219,10.350000381469727,10.319999694824219,10.345000267028809,43532,0.0,0.0
2024-08-19 10:35:00-04:00,10.350000381469727,10.385000228881836,10.341099739074707,10.375,21844,0.0,0.0
2024-08-19 10:40:00-04:00,10.380000114440918,10.380000114440918,10.34000015258789,10.350000381469727,88664,0.0,0.0
2024-08-19 10:45:00-04:00,10.350000381469727,10.359999656677246,10.350000381469727,10.359999656677246,3719,0.0,0.0
2024-08-19 10:50:00-04:00,10.359999656677246,10.375,10.359999656677246,10.375,5373,0.0,0.0
2024-08-19 10:55:00-04:00,10.370100021362305,10.378999710083008,10.361300468444824,10.369999885559082,5504,0.0,0.0
2024-08-19 11:00:00-04:00,10.369999885559082,10.380000114440918,10.359999656677246,10.380000114440918,47479,0.0,0.0
2024-08-19 11:05:00-04:00,10.380000114440918,10.380000114440918,10.380000114440918,10.380000114440918,4456,0.0,0.0
2024-08-19 11:10:00-04:00,10.390000343322754,10.399999618530273,10.390000343322754,10.399999618530273,4512,0.0,0.0
2024-08-19 11:15:00-04:00,10.399999618530273,10.40999984741211,10.391500473022461,10.40999984741211,9370,0.0,0.0
2024-08-19 11:20:00-04:00,10.40999984741211,10.40999984741211,10.400300025939941,10.400300025939941,3427,0.0,0.0
2024-08-19 11:25:00-04:00,10.399999618530273,10.404999732971191,10.380000114440918,10.38010025024414,48794,0.0,0.0
2024-08-19 11:30:00-04:00,10.369999885559082,10.370100021362305,10.350000381469727,10.369999885559082,25339,0.0,0.0
2024-08-19 11:35:00-04:00,10.350000381469727,10.359999656677246,10.350000381469727,10.350000381469727,6688,0.0,0.0
2024-08-19 11:40:00-04:00,10.34000015258789,10.345000267028809,10.329999923706055,10.34000015258789,6921,0.0,0.0
2024-08-19 11:45:00-04:00,10.34000015258789,10.340100288391113,10.34000015258789,10.34000015258789,2145,0.0,0.0
2024-08-19 11:50:00-04:00,10.350000381469727,10.359999656677246,10.350000381469727,10.350000381469727,5439,0.0,0.0
2024-08-19 11:55:00-04:00,10.350000381469727,10.350000381469727,10.319999694824219,10.335000038146973,13369,0.0,0.0
2024-08-19 12:00:00-04:00,10.34000015258789,10.350000381469727,10.300000190734863,10.3100004196167,39520,0.0,0.0
2024-08-19 12:05:00-04:00,10.3149995803833,10.3149995803833,10.300000190734863,10.300000190734863,31914,0.0,0.0
2024-08-19 12:10:00-04:00,10.300000190734863,10.312000274658203,10.295000076293945,10.300000190734863,39340,0.0,0.0
2024-08-19 12:15:00-04:00,10.3100004196167,10.310099601745605,10.289999961853027,10.295999526977539,15596,0.0,0.0
2024-08-19 12:20:00-04:00,10.295000076293945,10.295499801635742,10.274999618530273,10.280099868774414,24168,0.0,0.0
2024-08-19 12:25:00-04:00,10.274999618530273,10.3100004196167,10.274999618530273,10.300200462341309,23969,0.0,0.0
2024-08-19 12:30:00-04:00,10.300000190734863,10.305999755859375,10.279999732971191,10.279999732971191,8382,0.0,0.0
2024-08-19 12:35:00-04:00,10.27079963684082,10.289999961853027,10.27079963684082,10.289999961853027,10087,0.0,0.0
2024-08-19 12:40:00-04:00,10.289999961853027,10.289999961853027,10.279999732971191,10.279999732971191,2141,0.0,0.0
2024-08-19 12:45:00-04:00,10.270000457763672,10.270000457763672,10.270000457763672,10.270000457763672,531,0.0,0.0
2024-08-19 12:50:00-04:00,10.270000457763672,10.274999618530273,10.270000457763672,10.274999618530273,12576,0.0,0.0
2024-08-19 12:55:00-04:00,10.265000343322754,10.274999618530273,10.260000228881836,10.270000457763672,2699,0.0,0.0
2024-08-19 13:00:00-04:00,10.270000457763672,10.279999732971191,10.270000457763672,10.279999732971191,9706,0.0,0.0
2024-08-19 13:05:00-04:00,10.279999732971191,10.289999961853027,10.270000457763672,10.289999961853027,21962,0.0,0.0
2024-08-19 13:10:00-04:00,10.289999961853027,10.295000076293945,10.289999961853027,10.295000076293945,2988,0.0,0.0
2024-08-19 13:15:00-04:00,10.29010009765625,10.295000076293945,10.279999732971191,10.295000076293945,14540,0.0,0.0
2024-08-19 13:20:00-04:00,10.29010009765625,10.300100326538086,10.289999961853027,10.300000190734863,18168,0.0,0.0
2024-08-19 13:25:00-04:00,10.295000076293945,10.295000076293945,10.279999732971191,10.279999732971191,15140,0.0,0.0
2024-08-19 13:30:00-04:00,10.28499984741211,10.300000190734863,10.273300170898438,10.300000190734863,21954,0.0,0.0
2024-08-19 13:35:00-04:00,10.300000190734863,10.300000190734863,10.289999961853027,10.289999961853027,3276,0.0,0.0
2024-08-19 13:40:00-04:00,10.289999961853027,10.300000190734863,10.289999961853027,10.289999961853027,2703,0.0,0.0
2024-08-19 13:45:00-04:00,10.289999961853027,10.289999961853027,10.274999618530273,10.28499984741211,12329,0.0,0.0
2024-08-19 13:50:00-04:00,10.279999732971191,10.28499984741211,10.270000457763672,10.270999908447266,13530,0.0,0.0
2024-08-19 13:55:00-04:00,10.270299911499023,10.28499984741211,10.270299911499023,10.274999618530273,8642,0.0,0.0
2024-08-19 14:00:00-04:00,10.270000457763672,10.274999618530273,10.260000228881836,10.274999618530273,10273,0.0,0.0
2024-08-19 14:05:00-04:00,10.270000457763672,10.279999732971191,10.270000457763672,10.279999732971191,13820,0.0,0.0
2024-08-19 14:10:00-04:00,10.279999732971191,10.28499984741211,10.274999618530273,10.279999732971191,10848,0.0,0.0
2024-08-19 14:15:00-04:00,10.274999618530273,10.28499984741211,10.265000343322754,10.265000343322754,10766,0.0,0.0
2024-08-19 14:20:00-04:00,10.270000457763672,10.279999732971191,10.270000457763672,10.270000457763672,3556,0.0,0.0
2024-08-19 14:25:00-04:00,10.265000343322754,10.274999618530273,10.260000228881836,10.270000457763672,2985,0.0,0.0
2024-08-19 14:30:00-04:00,10.279999732971191,10.279999732971191,10.274499893188477,10.279800415039062,7298,0.0,0.0
2024-08-19 14:35:00-04:00,10.279999732971191,10.295000076293945,10.260000228881836,10.270000457763672,33689,0.0,0.0
2024-08-19 14:40:00-04:00,10.2701997756958,10.27239990234375,10.270000457763672,10.27239990234375,2469,0.0,0.0
2024-08-19 14:45:00-04:00,10.274999618530273,10.274999618530273,10.260000228881836,10.260000228881836,1501,0.0,0.0
2024-08-19 14:50:00-04:00,10.260000228881836,10.260000228881836,10.25,10.260000228881836,5325,0.0,0.0
2024-08-19 14:55:00-04:00,10.265000343322754,10.273599624633789,10.265000343322754,10.270000457763672,6067,0.0,0.0
2024-08-19 15:00:00-04:00,10.270000457763672,10.270000457763672,10.265000343322754,10.270000457763672,4468,0.0,0.0
2024-08-19 15:05:00-04:00,10.270000457763672,10.270000457763672,10.260000228881836,10.260000228881836,3441,0.0,0.0
2024-08-19 15:10:00-04:00,10.25,10.251099586486816,10.25,10.25,5613,0.0,0.0
2024-08-19 15:15:00-04:00,10.25,10.25,10.244999885559082,10.25,2919,0.0,0.0
2024-08-19 15:20:00-04:00,10.25,10.260000228881836,10.234999656677246,10.234999656677246,4775,0.0,0.0
2024-08-19 15:25:00-04:00,10.239999771118164,10.248900413513184,10.234999656677246,10.239999771118164,7388,0.0,0.0
2024-08-19 15:30:00-04:00,10.239999771118164,10.239999771118164,10.221400260925293,10.221400260925293,22772,0.0,0.0
2024-08-19 15:35:00-04:00,10.229900360107422,10.229900360107422,10.204999923706055,10.210000038146973,23404,0.0,0.0
2024-08-19 15:40:00-04:00,10.210000038146973,10.21500015258789,10.199999809265137,10.204999923706055,16441,0.0,0.0
2024-08-19 15:45:00-04:00,10.204999923706055,10.21500015258789,10.204999923706055,10.210000038146973,13549,0.0,0.0
2024-08-19 15:50:00-04:00,10.220000267028809,10.225000381469727,10.194999694824219,10.199999809265137,35951,0.0,0.0
2024-08-19 15:55:00-04:00,10.199999809265137,10.220000267028809,10.190099716186523,10.220000267028809,65468,0.0,0.0
2024-08-20 09:30:00-04:00,10.199999809265137,10.210000038146973,10.149999618530273,10.15999984741211,53305,0.0,0.0
2024-08-20 09:35:00-04:00,10.15999984741211,10.180000305175781,10.140000343322754,10.170000076293945,13607,0.0,0.0
2024-08-20 09:40:00-04:00,10.170000076293945,10.180000305175781,10.170000076293945,10.170000076293945,11993,0.0,0.0
2024-08-20 09:45:00-04:00,10.15999984741211,10.15999984741211,10.100000381469727,10.104999542236328,23136,0.0,0.0
2024-08-20 09:50:00-04:00,10.109999656677246,10.15999984741211,10.109999656677246,10.15999984741211,7848,0.0,0.0
2024-08-20 09:55:00-04:00,10.15999984741211,10.170000076293945,10.154999732971191,10.164999961853027,6096,0.0,0.0
2024-08-20 10:00:00-04:00,10.15999984741211,10.1850004196167,10.154999732971191,10.1850004196167,13598,0.0,0.0
2024-08-20 10:05:00-04:00,10.1899995803833,10.199999809265137,10.180000305175781,10.180000305175781,6556,0.0,0.0
2024-08-20 10:10:00-04:00,10.180000305175781,10.180000305175781,10.149999618530273,10.175000190734863,4716,0.0,0.0
2024-08-20 10:15:00-04:00,10.170000076293945,10.170000076293945,10.130000114440918,10.130000114440918,7430,0.0,0.0
2024-08-20 10:20:00-04:00,10.125,10.130000114440918,10.119999885559082,10.130000114440918,5880,0.0,0.0
2024-08-20 10:25:00-04:00,10.110600471496582,10.110600471496582,10.100000381469727,10.100000381469727,5060,0.0,0.0
2024-08-20 10:30:00-04:00,10.109999656677246,10.109999656677246,10.09000015258789,10.09000015258789,2874,0.0,0.0
2024-08-20 10:35:00-04:00,10.079999923706055,10.09000015258789,10.069999694824219,10.069999694824219,11542,0.0,0.0
2024-08-20 10:40:00-04:00,10.069999694824219,10.069999694824219,10.0600004196167,10.060700416564941,5027,0.0,0.0
2024-08-20 10:45:00-04:00,10.0600004196167,10.0649995803833,10.050000190734863,10.050100326538086,10243,0.0,0.0
2024-08-20 10:50:00-04:00,10.050000190734863,10.050000190734863,10.039999961853027,10.039999961853027,3303,0.0,0.0
2024-08-20 10:55:00-04:00,10.039999961853027,10.0600004196167,10.039999961853027,10.039999961853027,1610,0.0,0.0
2024-08-20 11:00:00-04:00,10.039999961853027,10.039999961853027,10.020000457763672,10.020000457763672,2477,0.0,0.0
2024-08-20 11:05:00-04:00,10.015999794006348,10.029999732971191,10.005000114440918,10.020000457763672,12551,0.0,0.0
2024-08-20 11:10:00-04:00,10.020000457763672,10.020000457763672,10.003800392150879,10.009099960327148,3476,0.0,0.0
2024-08-20 11:15:00-04:00,10.0,10.010199546813965,9.994999885559082,10.010000228881836,21069,0.0,0.0
2024-08-20 11:20:00-04:00,10.020000457763672,10.020000457763672,9.989999771118164,9.994999885559082,18944,0.0,0.0
2024-08-20 11:25:00-04:00,9.994999885559082,10.0,9.979999542236328,10.0,14871,0.0,0.0
2024-08-20 11:30:00-04:00,10.010000228881836,10.020000457763672,10.0,10.020000457763672,5632,0.0,0.0
2024-08-20 11:35:00-04:00,10.020000457763672,10.039999961853027,10.020000457763672,10.029999732971191,6034,0.0,0.0
2024-08-20 11:40:00-04:00,10.024999618530273,10.024999618530273,9.990099906921387,9.990099906921387,2756,0.0,0.0
2024-08-20 11:45:00-04:00,9.994999885559082,9.994999885559082,9.970100402832031,9.979999542236328,15932,0.0,0.0
2024-08-20 11:50:00-04:00,9.979999542236328,9.989999771118164,9.979999542236328,9.989700317382812,2954,0.0,0.0
2024-08-20 11:55:00-04:00,9.984999656677246,10.0,9.984999656677246,10.0,4043,0.0,0.0
2024-08-20 12:00:00-04:00,10.0,10.020000457763672,10.0,10.020000457763672,11716,0.0,0.0
2024-08-20 12:05:00-04:00,10.020000457763672,10.020000457763672,10.010000228881836,10.020000457763672,3468,0.0,0.0
2024-08-20 12:10:00-04:00,10.02869987487793,10.039999961853027,10.013999938964844,10.039999961853027,5033,0.0,0.0
2024-08-20 12:15:00-04:00,10.029999732971191,10.029999732971191,10.005000114440918,10.005000114440918,5333,0.0,0.0
2024-08-20 12:20:00-04:00,10.010000228881836,10.020000457763672,10.010000228881836,10.020000457763672,2287,0.0,0.0
2024-08-20 12:25:00-04:00,10.029999732971191,10.039999961853027,10.024999618530273,10.024999618530273,4501,0.0,0.0
2024-08-20 12:30:00-04:00,10.020000457763672,10.029999732971191,10.010000228881836,10.010000228881836,14005,0.0,0.0
2024-08-20 12:35:00-04:00,10.020000457763672,10.020000457763672,10.020000457763672,10.020000457763672,2233,0.0,0.0
2024-08-20 12:40:00-04:00,10.020000457763672,10.03499984741211,10.010100364685059,10.03499984741211,10135,0.0,0.0
2024-08-20 12:45:00-04:00,10.039999961853027,10.045000076293945,10.020000457763672,10.029999732971191,13351,0.0,0.0
2024-08-20 12:50:00-04:00,10.020000457763672,10.020000457763672,10.0,10.0,4875,0.0,0.0
2024-08-20 12:55:00-04:00,10.0,10.010000228881836,9.989999771118164,10.005000114440918,7617,0.0,0.0
2024-08-20 13:00:00-04:00,10.0,10.0,9.984999656677246,9.984999656677246,1559,0.0,0.0
2024-08-20 13:05:00-04:00,9.984999656677246,10.010000228881836,9.979999542236328,10.010000228881836,3790,0.0,0.0
2024-08-20 13:10:00-04:00,10.003999710083008,10.009099960327148,10.0,10.0,1500,0.0,0.0
2024-08-20 13:20:00-04:00,10.0,10.0,9.989999771118164,10.0,2942,0.0,0.0
2024-08-20 13:25:00-04:00,10.0,10.005000114440918,10.0,10.005000114440918,987,0.0,0.0
2024-08-20 13:30:00-04:00,10.010000228881836,10.010000228881836,9.986000061035156,9.986000061035156,5084,0.0,0.0
2024-08-20 13:35:00-04:00,9.984999656677246,9.989999771118164,9.979999542236328,9.989999771118164,1730,0.0,0.0
2024-08-20 13:40:00-04:00,9.979999542236328,9.979999542236328,9.979999542236328,9.979999542236328,901,0.0,0.0
2024-08-20 13:45:00-04:00,9.984999656677246,9.984999656677246,9.975000381469727,9.979999542236328,1957,0.0,0.0
2024-08-20 13:50:00-04:00,9.979900360107422,10.0,9.970000267028809,9.994999885559082,3985,0.0,0.0
2024-08-20 13:55:00-04:00,10.0,10.0,9.994999885559082,9.994999885559082,3274,0.0,0.0
2024-08-20 14:00:00-04:00,10.0,10.010000228881836,10.0,10.010000228881836,2704,0.0,0.0
2024-08-20 14:05:00-04:00,10.009900093078613,10.010000228881836,10.0,10.0,7181,0.0,0.0
2024-08-20 14:10:00-04:00,10.009900093078613,10.010000228881836,10.009900093078613,10.010000228881836,3403,0.0,0.0
2024-08-20 14:15:00-04:00,10.010000228881836,10.015000343322754,10.010000228881836,10.010000228881836,2919,0.0,0.0
2024-08-20 14:20:00-04:00,10.010000228881836,10.015000343322754,10.010000228881836,10.015000343322754,2204,0.0,0.0
2024-08-20 14:25:00-04:00,10.010000228881836,10.029999732971191,10.0,10.019100189208984,67347,0.0,0.0
2024-08-20 14:30:00-04:00,10.015000343322754,10.029999732971191,10.015000343322754,10.029999732971191,1461,0.0,0.0
2024-08-20 14:35:00-04:00,10.029800415039062,10.03499984741211,10.024999618530273,10.03499984741211,6305,0.0,0.0
2024-08-20 14:40:00-04:00,10.039999961853027,10.050000190734863,10.039999961853027,10.050000190734863,2230,0.0,0.0
2024-08-20 14:45:00-04:00,10.045000076293945,10.0600004196167,10.045000076293945,10.0600004196167,3029,0.0,0.0
2024-08-20 14:50:00-04:00,10.0649995803833,10.0649995803833,10.0649995803833,10.0649995803833,725,0.0,0.0
2024-08-20 14:55:00-04:00,10.0600004196167,10.0600004196167,10.050000190734863,10.055000305175781,3487,0.0,0.0
2024-08-20 15:00:00-04:00,10.050000190734863,10.050000190734863,10.050000190734863,10.050000190734863,645,0.0,0.0
2024-08-20 15:05:00-04:00,10.0600004196167,10.09000015258789,10.0600004196167,10.09000015258789,5865,0.0,0.0
2024-08-20 15:10:00-04:00,10.09000015258789,10.09000015258789,10.079999923706055,10.079999923706055,2273,0.0,0.0
2024-08-20 15:15:00-04:00,10.085000038146973,10.085000038146973,10.0600004196167,10.0649995803833,11629,0.0,0.0
2024-08-20 15:20:00-04:00,10.0600004196167,10.0600004196167,10.050000190734863,10.055000305175781,4803,0.0,0.0
2024-08-20 15:25:00-04:00,10.050000190734863,10.055000305175781,10.050000190734863,10.055000305175781,739,0.0,0.0
2024-08-20 15:30:00-04:00,10.055000305175781,10.055000305175781,10.039999961853027,10.050000190734863,8430,0.0,0.0
2024-08-20 15:35:00-04:00,10.0600004196167,10.0600004196167,10.050000190734863,10.050000190734863,3694,0.0,0.0
2024-08-20 15:40:00-04:00,10.045000076293945,10.045000076293945,10.03499984741211,10.03499984741211,2209,0.0,0.0
2024-08-20 15:45:00-04:00,10.039999961853027,10.039999961853027,10.024999618530273,10.03499984741211,12775,0.0,0.0
2024-08-20 15:50:00-04:00,10.039999961853027,10.039999961853027,10.024999618530273,10.024999618530273,3511,0.0,0.0
2024-08-20 15:55:00-04:00,10.020000457763672,10.020000457763672,10.0,10.005000114440918,26699,0.0,0.0
2024-08-21 09:30:00-04:00,10.09000015258789,10.130000114440918,10.050000190734863,10.069999694824219,17341,0.0,0.0
2024-08-21 09:35:00-04:00,10.069999694824219,10.069999694824219,10.039999961853027,10.039999961853027,6897,0.0,0.0
2024-08-21 09:40:00-04:00,10.029999732971191,10.029999732971191,10.009900093078613,10.010000228881836,9385,0.0,0.0
2024-08-21 09:45:00-04:00,10.020000457763672,10.020000457763672,10.010000228881836,10.010000228881836,4234,0.0,0.0
2024-08-21 09:50:00-04:00,10.001999855041504,10.008899688720703,9.989999771118164,10.0,11757,0.0,0.0
2024-08-21 09:55:00-04:00,10.020000457763672,10.020000457763672,10.010000228881836,10.010000228881836,1045,0.0,0.0
2024-08-21 10:00:00-04:00,10.020000457763672,10.020000457763672,10.010000228881836,10.020000457763672,2719,0.0,0.0
2024-08-21 10:05:00-04:00,10.010000228881836,10.029999732971191,10.010000228881836,10.029999732971191,4994,0.0,0.0
2024-08-21 10:10:00-04:00,10.029999732971191,10.029999732971191,10.005000114440918,10.020000457763672,7071,0.0,0.0
2024-08-21 10:15:00-04:00,10.0,10.020000457763672,10.0,10.020000457763672,3248,0.0,0.0
2024-08-21 10:20:00-04:00,10.015000343322754,10.015000343322754,10.012399673461914,10.012399673461914,560,0.0,0.0
2024-08-21 10:25:00-04:00,10.020000457763672,10.050000190734863,10.015000343322754,10.050000190734863,5408,0.0,0.0
2024-08-21 10:30:00-04:00,10.050000190734863,10.100000381469727,10.050000190734863,10.100000381469727,9444,0.0,0.0
2024-08-21 10:35:00-04:00,10.09000015258789,10.119999885559082,10.09000015258789,10.109999656677246,3127,0.0,0.0
2024-08-21 10:40:00-04:00,10.109999656677246,10.119999885559082,10.109999656677246,10.119999885559082,2732,0.0,0.0
2024-08-21 10:45:00-04:00,10.109999656677246,10.109999656677246,10.079999923706055,10.095000267028809,7204,0.0,0.0
2024-08-21 10:50:00-04:00,10.079999923706055,10.079999923706055,10.0600004196167,10.0600004196167,5131,0.0,0.0
2024-08-21 10:55:00-04:00,10.055000305175781,10.0649995803833,10.050000190734863,10.0600004196167,5402,0.0,0.0
2024-08-21 11:00:00-04:00,10.0600004196167,10.0600004196167,10.050000190734863,10.050000190734863,2474,0.0,0.0
2024-08-21 11:05:00-04:00,10.050299644470215,10.0649995803833,10.050299644470215,10.0600004196167,2545,0.0,0.0
2024-08-21 11:10:00-04:00,10.069999694824219,10.085000038146973,10.069999694824219,10.074999809265137,7258,0.0,0.0
2024-08-21 11:15:00-04:00,10.074999809265137,10.09000015258789,10.074999809265137,10.09000015258789,1790,0.0,0.0
2024-08-21 11:20:00-04:00,10.095000267028809,10.100000381469727,10.085000038146973,10.085000038146973,3211,0.0,0.0
2024-08-21 11:25:00-04:00,10.09000015258789,10.095000267028809,10.079999923706055,10.079999923706055,16870,0.0,0.0
2024-08-21 11:30:00-04:00,10.079999923706055,10.095000267028809,10.079999923706055,10.09000015258789,4101,0.0,0.0
2024-08-21 11:35:00-04:00,10.085000038146973,10.085000038146973,10.074999809265137,10.074999809265137,4668,0.0,0.0
2024-08-21 11:40:00-04:00,10.074999809265137,10.085000038146973,10.074999809265137,10.079999923706055,4705,0.0,0.0
2024-08-21 11:45:00-04:00,10.09000015258789,10.095000267028809,10.079999923706055,10.079999923706055,25731,0.0,0.0
2024-08-21 11:50:00-04:00,10.074999809265137,10.074999809265137,10.045000076293945,10.045000076293945,6089,0.0,0.0
2024-08-21 11:55:00-04:00,10.045000076293945,10.045000076293945,10.020000457763672,10.020000457763672,12938,0.0,0.0
2024-08-21 12:00:00-04:00,10.010000228881836,10.010000228881836,9.984999656677246,9.989999771118164,8070,0.0,0.0
2024-08-21 12:05:00-04:00,9.989999771118164,10.0,9.979999542236328,9.979999542236328,2873,0.0,0.0
2024-08-21 12:10:00-04:00,9.979999542236328,9.989999771118164,9.975000381469727,9.989999771118164,8734,0.0,0.0
2024-08-21 12:15:00-04:00,9.989999771118164,9.989999771118164,9.975000381469727,9.979999542236328,4441,0.0,0.0
2024-08-21 12:20:00-04:00,9.975000381469727,9.994999885559082,9.975000381469727,9.994999885559082,3182,0.0,0.0
2024-08-21 12:25:00-04:00,9.994999885559082,10.0,9.989999771118164,9.989999771118164,3596,0.0,0.0
2024-08-21 12:30:00-04:00,9.989999771118164,10.0,9.984999656677246,9.984999656677246,6941,0.0,0.0
2024-08-21 12:35:00-04:00,9.989999771118164,9.994999885559082,9.989999771118164,9.994999885559082,3601,0.0,0.0
2024-08-21 12:40:00-04:00,9.994999885559082,9.994999885559082,9.994999885559082,9.994999885559082,623,0.0,0.0
2024-08-21 12:45:00-04:00,9.989999771118164,9.994999885559082,9.984999656677246,9.984999656677246,4967,0.0,0.0
2024-08-21 12:50:00-04:00,9.984999656677246,9.989999771118164,9.979999542236328,9.984999656677246,7660,0.0,0.0
2024-08-21 12:55:00-04:00,9.984999656677246,9.989999771118164,9.979999542236328,9.984999656677246,2739,0.0,0.0
2024-08-21 13:00:00-04:00,9.984999656677246,9.994999885559082,9.984999656677246,9.984999656677246,3089,0.0,0.0
2024-08-21 13:05:00-04:00,9.984999656677246,9.989999771118164,9.979999542236328,9.989999771118164,2260,0.0,0.0
2024-08-21 13:10:00-04:00,9.979999542236328,9.979999542236328,9.974599838256836,9.974599838256836,2841,0.0,0.0
2024-08-21 13:15:00-04:00,9.975000381469727,9.975000381469727,9.960000038146973,9.970000267028809,5824,0.0,0.0
2024-08-21 13:20:00-04:00,9.970000267028809,9.975000381469727,9.96500015258789,9.968400001525879,2226,0.0,0.0
2024-08-21 13:25:00-04:00,9.970000267028809,9.970000267028809,9.970000267028809,9.970000267028809,1830,0.0,0.0
2024-08-21 13:30:00-04:00,9.979999542236328,9.979999542236328,9.970000267028809,9.970000267028809,2326,0.0,0.0
2024-08-21 13:35:00-04:00,9.96500015258789,9.970000267028809,9.960000038146973,9.960000038146973,4144,0.0,0.0
2024-08-21 13:40:00-04:00,9.960000038146973,9.960000038146973,9.949999809265137,9.949999809265137,2198,0.0,0.0
2024-08-21 13:45:00-04:00,9.954999923706055,9.954999923706055,9.944999694824219,9.950499534606934,6392,0.0,0.0
2024-08-21 13:50:00-04:00,9.954999923706055,9.954999923706055,9.944999694824219,9.944999694824219,4172,0.0,0.0
2024-08-21 13:55:00-04:00,9.949999809265137,9.949999809265137,9.930000305175781,9.944999694824219,11060,0.0,0.0
2024-08-21 14:00:00-04:00,9.949999809265137,9.970000267028809,9.949999809265137,9.960000038146973,13860,0.0,0.0
2024-08-21 14:05:00-04:00,9.954999923706055,9.960000038146973,9.954999923706055,9.960000038146973,4076,0.0,0.0
2024-08-21 14:10:00-04:00,9.960000038146973,9.96500015258789,9.954999923706055,9.96500015258789,4208,0.0,0.0
2024-08-21 14:15:00-04:00,9.96500015258789,9.989999771118164,9.96500015258789,9.979999542236328,5402,0.0,0.0
2024-08-21 14:20:00-04:00,9.979999542236328,9.989999771118164,9.970000267028809,9.989999771118164,20762,0.0,0.0
2024-08-21 14:25:00-04:00,9.989999771118164,10.005000114440918,9.989999771118164,10.005000114440918,8180,0.0,0.0
2024-08-21 14:30:00-04:00,10.010000228881836,10.020000457763672,10.005000114440918,10.015000343322754,8057,0.0,0.0
2024-08-21 14:35:00-04:00,10.015000343322754,10.015000343322754,9.998900413513184,10.0,6216,0.0,0.0
2024-08-21 14:40:00-04:00,10.005000114440918,10.005000114440918,10.0,10.0,4458,0.0,0.0
2024-08-21 14:45:00-04:00,10.0,10.010000228881836,10.0,10.0,2145,0.0,0.0
2024-08-21 14:50:00-04:00,10.0,10.005000114440918,10.0,10.005000114440918,3407,0.0,0.0
2024-08-21 14:55:00-04:00,10.009900093078613,10.020000457763672,10.0,10.020000457763672,9478,0.0,0.0
2024-08-21 15:00:00-04:00,10.010000228881836,10.010000228881836,10.0,10.0,4082,0.0,0.0
2024-08-21 15:05:00-04:00,10.0,10.005000114440918,9.989999771118164,10.0,7080,0.0,0.0
2024-08-21 15:10:00-04:00,10.0,10.010000228881836,9.994999885559082,10.005000114440918,6862,0.0,0.0
2024-08-21 15:15:00-04:00,10.0,10.0,10.0,10.0,2259,0.0,0.0
2024-08-21 15:20:00-04:00,10.0,10.0,9.984999656677246,9.984999656677246,3157,0.0,0.0
2024-08-21 15:25:00-04:00,9.984999656677246,9.994999885559082,9.984999656677246,9.994999885559082,8368,0.0,0.0
2024-08-21 15:30:00-04:00,9.989999771118164,9.994999885559082,9.984999656677246,9.989999771118164,7737,0.0,0.0
2024-08-21 15:35:00-04:00,9.989999771118164,10.010000228881836,9.989999771118164,10.010000228881836,11931,0.0,0.0
2024-08-21 15:40:00-04:00,10.010000228881836,10.015000343322754,10.010000228881836,10.015000343322754,12258,0.0,0.0
2024-08-21 15:45:00-04:00,10.010000228881836,10.015000343322754,9.994999885559082,10.0,26306,0.0,0.0
2024-08-21 15:50:00-04:00,10.0,10.010000228881836,10.0,10.005000114440918,13769,0.0,0.0
2024-08-21 15:55:00-04:00,10.005000114440918,10.020000457763672,10.005000114440918,10.015000343322754,38783,0.0,0.0
2024-08-22 09:30:00-04:00,10.0,10.079999923706055,9.989999771118164,10.079999923706055,19019,0.0,0.0
2024-08-22 09:35:00-04:00,10.085000038146973,10.099800109863281,10.079999923706055,10.079999923706055,3533,0.0,0.0
2024-08-22 09:40:00-04:00,10.0600004196167,10.09000015258789,10.050000190734863,10.085000038146973,7197,0.0,0.0
2024-08-22 09:45:00-04:00,10.079999923706055,10.080300331115723,10.0649995803833,10.080300331115723,8402,0.0,0.0
2024-08-22 09:50:00-04:00,10.079999923706055,10.079999923706055,10.0600004196167,10.0600004196167,2575,0.0,0.0
2024-08-22 09:55:00-04:00,10.0600004196167,10.0600004196167,10.039999961853027,10.0600004196167,2696,0.0,0.0
2024-08-22 10:00:00-04:00,10.050000190734863,10.069999694824219,10.050000190734863,10.069999694824219,6474,0.0,0.0
2024-08-22 10:05:00-04:00,10.0600004196167,10.0600004196167,10.030099868774414,10.039999961853027,2585,0.0,0.0
2024-08-22 10:10:00-04:00,10.04990005493164,10.04990005493164,10.022500038146973,10.029999732971191,7012,0.0,0.0
2024-08-22 10:15:00-04:00,10.029999732971191,10.03499984741211,10.0,10.0,3268,0.0,0.0
2024-08-22 10:20:00-04:00,10.0,10.0,9.970000267028809,10.0,6724,0.0,0.0
2024-08-22 10:25:00-04:00,10.0,10.024999618530273,9.994999885559082,10.015000343322754,6458,0.0,0.0
2024-08-22 10:30:00-04:00,10.010000228881836,10.020000457763672,9.999799728393555,10.005000114440918,5441,0.0,0.0
2024-08-22 10:35:00-04:00,10.0,10.024999618530273,9.994999885559082,10.024999618530273,11937,0.0,0.0
2024-08-22 10:40:00-04:00,10.020000457763672,10.020000457763672,10.005000114440918,10.005000114440918,4519,0.0,0.0
2024-08-22 10:45:00-04:00,10.010000228881836,10.01200008392334,9.994999885559082,9.994999885559082,11715,0.0,0.0
2024-08-22 10:50:00-04:00,9.994999885559082,10.029999732971191,9.994999885559082,10.029999732971191,8528,0.0,0.0
2024-08-22 10:55:00-04:00,10.03499984741211,10.03499984741211,10.029999732971191,10.03499984741211,3079,0.0,0.0
2024-08-22 11:00:00-04:00,10.029999732971191,10.039999961853027,10.020099639892578,10.024999618530273,11209,0.0,0.0
2024-08-22 11:05:00-04:00,10.024999618530273,10.024999618530273,9.979999542236328,9.979999542236328,2843,0.0,0.0
2024-08-22 11:10:00-04:00,9.984999656677246,9.989999771118164,9.96500015258789,9.989999771118164,4823,0.0,0.0
2024-08-22 11:15:00-04:00,9.994999885559082,9.994999885559082,9.982000350952148,9.984999656677246,2958,0.0,0.0
2024-08-22 11:20:00-04:00,9.984999656677246,9.989999771118164,9.970000267028809,9.989999771118164,4820,0.0,0.0
2024-08-22 11:25:00-04:00,9.984999656677246,10.020000457763672,9.984999656677246,10.0,11968,0.0,0.0
2024-08-22 11:30:00-04:00,10.0,10.029999732971191,10.0,10.029999732971191,4031,0.0,0.0
2024-08-22 11:35:00-04:00,10.03499984741211,10.03499984741211,10.029999732971191,10.03499984741211,2661,0.0,0.0
2024-08-22 11:40:00-04:00,10.03499984741211,10.03499984741211,10.024999618530273,10.024999618530273,6221,0.0,0.0
2024-08-22 11:45:00-04:00,10.020000457763672,10.029999732971191,10.020000457763672,10.029999732971191,1821,0.0,0.0
2024-08-22 11:50:00-04:00,10.020000457763672,10.024999618530273,10.020000457763672,10.020000457763672,1152,0.0,0.0
2024-08-22 11:55:00-04:00,10.020000457763672,10.045000076293945,10.020000457763672,10.03499984741211,7033,0.0,0.0
2024-08-22 12:00:00-04:00,10.029999732971191,10.039999961853027,10.029999732971191,10.03499984741211,954,0.0,0.0
2024-08-22 12:05:00-04:00,10.03339958190918,10.050000190734863,10.03339958190918,10.050000190734863,2340,0.0,0.0
2024-08-22 12:10:00-04:00,10.050000190734863,10.0600004196167,10.04010009765625,10.045000076293945,15485,0.0,0.0
2024-08-22 12:15:00-04:00,10.045000076293945,10.055000305175781,10.045000076293945,10.05049991607666,7511,0.0,0.0
2024-08-22 12:20:00-04:00,10.055000305175781,10.0600004196167,10.055000305175781,10.055000305175781,3019,0.0,0.0
2024-08-22 12:25:00-04:00,10.0600004196167,10.079999923706055,10.0600004196167,10.069999694824219,12185,0.0,0.0
2024-08-22 12:30:00-04:00,10.0649995803833,10.0649995803833,10.0600004196167,10.0600004196167,7042,0.0,0.0
2024-08-22 12:35:00-04:00,10.060999870300293,10.079999923706055,10.0600004196167,10.0649995803833,7898,0.0,0.0
2024-08-22 12:40:00-04:00,10.069999694824219,10.069999694824219,10.060099601745605,10.060099601745605,1911,0.0,0.0
2024-08-22 12:45:00-04:00,10.0600004196167,10.0649995803833,10.050000190734863,10.050000190734863,3310,0.0,0.0
2024-08-22 12:50:00-04:00,10.050000190734863,10.050000190734863,10.029999732971191,10.029999732971191,14056,0.0,0.0
2024-08-22 12:55:00-04:00,10.029999732971191,10.039999961853027,10.029999732971191,10.039999961853027,6734,0.0,0.0
2024-08-22 13:00:00-04:00,10.039999961853027,10.039999961853027,10.029999732971191,10.029999732971191,3742,0.0,0.0
2024-08-22 13:05:00-04:00,10.029999732971191,10.039999961853027,10.029999732971191,10.03499984741211,2402,0.0,0.0
2024-08-22 13:10:00-04:00,10.039999961853027,10.050000190734863,10.039999961853027,10.045000076293945,1808,0.0,0.0
2024-08-22 13:15:00-04:00,10.039999961853027,10.045000076293945,10.039999961853027,10.045000076293945,3273,0.0,0.0
2024-08-22 13:20:00-04:00,10.039999961853027,10.045000076293945,10.039999961853027,10.039999961853027,1959,0.0,0.0
2024-08-22 13:25:00-04:00,10.045000076293945,10.055000305175781,10.039999961853027,10.050000190734863,24732,0.0,0.0
2024-08-22 13:30:00-04:00,10.050000190734863,10.050000190734863,10.020000457763672,10.03499984741211,9761,0.0,0.0
2024-08-22 13:35:00-04:00,10.029999732971191,10.03499984741211,10.020000457763672,10.020000457763672,8245,0.0,0.0
2024-08-22 13:40:00-04:00,10.015000343322754,10.020000457763672,10.015000343322754,10.020000457763672,4302,0.0,0.0
2024-08-22 13:45:00-04:00,10.020000457763672,10.024999618530273,10.005000114440918,10.005000114440918,4826,0.0,0.0
2024-08-22 13:50:00-04:00,10.005000114440918,10.015000343322754,9.989999771118164,9.989999771118164,6109,0.0,0.0
2024-08-22 13:55:00-04:00,9.989999771118164,9.989999771118164,9.984999656677246,9.989999771118164,4238,0.0,0.0
2024-08-22 14:00:00-04:00,9.984999656677246,9.989999771118164,9.975000381469727,9.989999771118164,4863,0.0,0.0
2024-08-22 14:05:00-04:00,9.989999771118164,10.0,9.989999771118164,10.0,813,0.0,0.0
2024-08-22 14:10:00-04:00,10.005000114440918,10.010000228881836,9.994999885559082,10.0,7389,0.0,0.0
2024-08-22 14:15:00-04:00,10.010000228881836,10.024999618530273,10.010000228881836,10.024999618530273,7347,0.0,0.0
2024-08-22 14:20:00-04:00,10.024999618530273,10.024999618530273,10.010000228881836,10.010000228881836,6946,0.0,0.0
2024-08-22 14:25:00-04:00,10.0,10.010000228881836,9.989999771118164,9.989999771118164,3524,0.0,0.0
2024-08-22 14:30:00-04:00,9.989999771118164,9.994999885559082,9.989999771118164,9.989999771118164,5855,0.0,0.0
2024-08-22 14:35:00-04:00,9.979999542236328,9.984999656677246,9.979999542236328,9.979999542236328,1032,0.0,0.0
2024-08-22 14:40:00-04:00,9.979999542236328,9.984999656677246,9.970000267028809,9.972000122070312,14071,0.0,0.0
2024-08-22 14:45:00-04:00,9.979999542236328,9.989999771118164,9.979999542236328,9.986800193786621,2265,0.0,0.0
2024-08-22 14:50:00-04:00,9.989999771118164,9.989999771118164,9.982000350952148,9.984999656677246,6454,0.0,0.0
2024-08-22 14:55:00-04:00,9.979999542236328,9.994999885559082,9.979999542236328,9.984999656677246,4199,0.0,0.0
2024-08-22 15:00:00-04:00,9.989999771118164,9.994999885559082,9.989999771118164,9.994999885559082,3675,0.0,0.0
2024-08-22 15:05:00-04:00,9.989999771118164,10.010000228881836,9.989999771118164,10.010000228881836,15990,0.0,0.0
2024-08-22 15:10:00-04:00,10.005000114440918,10.010000228881836,10.003700256347656,10.010000228881836,1802,0.0,0.0
2024-08-22 15:15:00-04:00,10.005000114440918,10.015000343322754,10.0,10.0,6757,0.0,0.0
2024-08-22 15:20:00-04:00,10.0,10.005000114440918,9.989999771118164,9.989999771118164,44984,0.0,0.0
2024-08-22 15:25:00-04:00,9.989999771118164,10.005000114440918,9.989999771118164,10.0,14516,0.0,0.0
2024-08-22 15:30:00-04:00,10.0,10.005000114440918,9.989999771118164,9.989999771118164,6397,0.0,0.0
2024-08-22 15:35:00-04:00,9.989999771118164,9.989999771118164,9.975000381469727,9.975000381469727,4102,0.0,0.0
2024-08-22 15:40:00-04:00,9.975000381469727,9.979999542236328,9.970000267028809,9.970000267028809,17386,0.0,0.0
2024-08-22 15:45:00-04:00,9.96500015258789,9.96500015258789,9.9399995803833,9.9399995803833,12347,0.0,0.0
2024-08-22 15:50:00-04:00,9.949999809265137,9.970000267028809,9.9399995803833,9.970000267028809,25075,0.0,0.0
2024-08-22 15:55:00-04:00,9.96500015258789,9.979999542236328,9.960000038146973,9.979999542236328,32520,0.0,0.0
2024-08-23 09:30:00-04:00,10.0600004196167,10.09000015258789,10.055000305175781,10.069999694824219,26675,0.0,0.0
2024-08-23 09:35:00-04:00,10.074999809265137,10.110099792480469,10.0600004196167,10.100000381469727,15442,0.0,0.0
2024-08-23 09:40:00-04:00,10.100000381469727,10.135000228881836,10.100000381469727,10.119999885559082,22043,0.0,0.0
2024-08-23 09:45:00-04:00,10.130000114440918,10.135000228881836,10.079999923706055,10.085000038146973,9568,0.0,0.0
2024-08-23 09:50:00-04:00,10.09000015258789,10.09000015258789,10.0600004196167,10.0600004196167,1667,0.0,0.0
2024-08-23 09:55:00-04:00,10.044500350952148,10.0600004196167,10.044500350952148,10.050000190734863,2311,0.0,0.0
2024-08-23 10:00:00-04:00,10.0600004196167,10.13010025024414,10.0600004196167,10.13010025024414,10510,0.0,0.0
2024-08-23 10:05:00-04:00,10.140000343322754,10.164999961853027,10.119999885559082,10.15999984741211,5956,0.0,0.0
2024-08-23 10:10:00-04:00,10.170000076293945,10.210000038146973,10.15999984741211,10.203100204467773,19786,0.0,0.0
2024-08-23 10:15:00-04:00,10.210000038146973,10.210000038146973,10.15999984741211,10.164999961853027,18545,0.0,0.0
2024-08-23 10:20:00-04:00,10.170000076293945,10.210000038146973,10.170000076293945,10.210000038146973,4007,0.0,0.0
2024-08-23 10:25:00-04:00,10.220000267028809,10.229999542236328,10.220000267028809,10.220000267028809,7353,0.0,0.0
2024-08-23 10:30:00-04:00,10.229999542236328,10.234000205993652,10.220000267028809,10.220000267028809,15894,0.0,0.0
2024-08-23 10:35:00-04:00,10.225000381469727,10.239999771118164,10.21500015258789,10.220000267028809,20122,0.0,0.0
2024-08-23 10:40:00-04:00,10.220000267028809,10.265000343322754,10.220000267028809,10.265000343322754,11183,0.0,0.0
2024-08-23 10:45:00-04:00,10.260000228881836,10.260000228881836,10.20989990234375,10.20989990234375,18379,0.0,0.0
2024-08-23 10:50:00-04:00,10.199999809265137,10.208800315856934,10.1850004196167,10.1899995803833,19843,0.0,0.0
2024-08-23 10:55:00-04:00,10.194999694824219,10.229999542236328,10.194999694824219,10.229999542236328,15914,0.0,0.0
2024-08-23 11:00:00-04:00,10.220000267028809,10.229999542236328,10.220000267028809,10.229999542236328,5314,0.0,0.0
2024-08-23 11:05:00-04:00,10.229999542236328,10.240099906921387,10.229999542236328,10.23960018157959,6114,0.0,0.0
2024-08-23 11:10:00-04:00,10.229999542236328,10.234999656677246,10.210000038146973,10.234999656677246,6728,0.0,0.0
2024-08-23 11:15:00-04:00,10.239999771118164,10.25,10.234999656677246,10.25,14799,0.0,0.0
2024-08-23 11:20:00-04:00,10.239999771118164,10.25,10.239999771118164,10.25,3257,0.0,0.0
2024-08-23 11:25:00-04:00,10.25,10.255000114440918,10.244999885559082,10.244999885559082,7105,0.0,0.0
2024-08-23 11:30:00-04:00,10.244999885559082,10.25,10.229999542236328,10.238300323486328,12908,0.0,0.0
2024-08-23 11:35:00-04:00,10.234999656677246,10.239999771118164,10.229999542236328,10.234999656677246,11154,0.0,0.0
2024-08-23 11:40:00-04:00,10.234999656677246,10.25,10.220000267028809,10.220000267028809,13507,0.0,0.0
2024-08-23 11:45:00-04:00,10.219900131225586,10.220000267028809,10.201000213623047,10.210100173950195,12993,0.0,0.0
2024-08-23 11:50:00-04:00,10.213600158691406,10.220000267028809,10.1899995803833,10.1899995803833,19539,0.0,0.0
2024-08-23 11:55:00-04:00,10.1899995803833,10.1899995803833,10.175000190734863,10.175000190734863,6906,0.0,0.0
2024-08-23 12:00:00-04:00,10.170000076293945,10.1850004196167,10.15999984741211,10.1850004196167,24062,0.0,0.0
2024-08-23 12:05:00-04:00,10.180000305175781,10.199999809265137,10.170100212097168,10.194999694824219,18649,0.0,0.0
2024-08-23 12:10:00-04:00,10.194999694824219,10.194999694824219,10.15999984741211,10.15999984741211,14598,0.0,0.0
2024-08-23 12:15:00-04:00,10.15999984741211,10.170000076293945,10.149999618530273,10.170000076293945,14803,0.0,0.0
2024-08-23 12:20:00-04:00,10.170000076293945,10.1899995803833,10.170000076293945,10.180000305175781,16201,0.0,0.0
2024-08-23 12:25:00-04:00,10.180000305175781,10.1899995803833,10.180000305175781,10.1850004196167,17359,0.0,0.0
2024-08-23 12:30:00-04:00,10.1899995803833,10.220000267028809,10.1899995803833,10.220000267028809,10134,0.0,0.0
2024-08-23 12:35:00-04:00,10.21500015258789,10.229999542236328,10.210000038146973,10.220100402832031,29781,0.0,0.0
2024-08-23 12:40:00-04:00,10.229999542236328,10.229999542236328,10.210000038146973,10.210000038146973,19269,0.0,0.0
2024-08-23 12:45:00-04:00,10.204999923706055,10.210100173950195,10.194999694824219,10.204999923706055,26290,0.0,0.0
2024-08-23 12:50:00-04:00,10.20930004119873,10.225000381469727,10.204999923706055,10.225000381469727,11225,0.0,0.0
2024-08-23 12:55:00-04:00,10.225000381469727,10.25,10.225000381469727,10.234999656677246,19474,0.0,0.0
2024-08-23 13:00:00-04:00,10.229999542236328,10.25,10.22130012512207,10.25,14122,0.0,0.0
2024-08-23 13:05:00-04:00,10.25,10.255000114440918,10.239999771118164,10.244999885559082,16464,0.0,0.0
2024-08-23 13:10:00-04:00,10.25,10.25,10.25,10.25,3896,0.0,0.0
2024-08-23 13:15:00-04:00,10.25,10.25,10.244999885559082,10.25,2401,0.0,0.0
2024-08-23 13:20:00-04:00,10.25,10.255000114440918,10.244999885559082,10.255000114440918,4533,0.0,0.0
2024-08-23 13:25:00-04:00,10.25,10.25,10.25,10.25,1697,0.0,0.0
2024-08-23 13:30:00-04:00,10.25,10.260000228881836,10.25,10.260000228881836,11176,0.0,0.0
2024-08-23 13:35:00-04:00,10.255000114440918,10.260000228881836,10.244999885559082,10.25,30388,0.0,0.0
2024-08-23 13:40:00-04:00,10.25,10.265000343322754,10.25,10.260000228881836,8211,0.0,0.0
2024-08-23 13:45:00-04:00,10.260000228881836,10.260000228881836,10.239999771118164,10.239999771118164,18515,0.0,0.0
2024-08-23 13:50:00-04:00,10.244999885559082,10.244999885559082,10.229999542236328,10.229999542236328,6392,0.0,0.0
2024-08-23 13:55:00-04:00,10.220499992370605,10.225000381469727,10.21500015258789,10.21500015258789,19277,0.0,0.0
2024-08-23 14:00:00-04:00,10.21500015258789,10.21500015258789,10.199999809265137,10.204999923706055,27498,0.0,0.0
2024-08-23 14:05:00-04:00,10.199999809265137,10.204999923706055,10.1899995803833,10.1899995803833,18183,0.0,0.0
2024-08-23 14:10:00-04:00,10.1899995803833,10.210000038146973,10.1899995803833,10.199999809265137,10979,0.0,0.0
2024-08-23 14:15:00-04:00,10.199999809265137,10.217499732971191,10.194999694824219,10.210000038146973,2912,0.0,0.0
2024-08-23 14:20:00-04:00,10.210000038146973,10.217499732971191,10.190099716186523,10.204999923706055,21271,0.0,0.0
2024-08-23 14:25:00-04:00,10.194999694824219,10.210000038146973,10.194999694824219,10.210000038146973,22755,0.0,0.0
2024-08-23 14:30:00-04:00,10.210000038146973,10.210000038146973,10.1850004196167,10.1850004196167,23638,0.0,0.0
2024-08-23 14:35:00-04:00,10.1850004196167,10.19159984588623,10.175000190734863,10.175000190734863,20021,0.0,0.0
2024-08-23 14:40:00-04:00,10.17590045928955,10.180000305175781,10.170000076293945,10.175000190734863,11827,0.0,0.0
2024-08-23 14:45:00-04:00,10.175000190734863,10.175000190734863,10.170000076293945,10.175000190734863,13634,0.0,0.0
2024-08-23 14:50:00-04:00,10.175000190734863,10.180000305175781,10.17020034790039,10.180000305175781,6079,0.0,0.0
2024-08-23 14:55:00-04:00,10.1899995803833,10.199999809265137,10.180000305175781,10.1850004196167,22779,0.0,0.0
2024-08-23 15:00:00-04:00,10.1850004196167,10.1850004196167,10.170000076293945,10.170000076293945,22226,0.0,0.0
2024-08-23 15:05:00-04:00,10.160099983215332,10.204999923706055,10.160099983215332,10.199999809265137,30083,0.0,0.0
2024-08-23 15:10:00-04:00,10.209699630737305,10.220000267028809,10.201000213623047,10.21500015258789,15904,0.0,0.0
2024-08-23 15:15:00-04:00,10.220000267028809,10.220000267028809,10.210000038146973,10.220000267028809,1155,0.0,0.0
2024-08-23 15:20:00-04:00,10.220000267028809,10.220000267028809,10.204999923706055,10.21500015258789,9159,0.0,0.0
2024-08-23 15:25:00-04:00,10.210000038146973,10.220000267028809,10.210000038146973,10.21500015258789,5676,0.0,0.0
2024-08-23 15:30:00-04:00,10.21500015258789,10.21500015258789,10.204999923706055,10.204999923706055,3670,0.0,0.0
2024-08-23 15:35:00-04:00,10.204999923706055,10.204999923706055,10.199999809265137,10.199999809265137,610,0.0,0.0
2024-08-23 15:40:00-04:00,10.204999923706055,10.210000038146973,10.194999694824219,10.199999809265137,20548,0.0,0.0
2024-08-23 15:45:00-04:00,10.1899995803833,10.194999694824219,10.1850004196167,10.194999694824219,10407,0.0,0.0
2024-08-23 15:50:00-04:00,10.194999694824219,10.21500015258789,10.194999694824219,10.21500015258789,29272,0.0,0.0
2024-08-23 15:55:00-04:00,10.21500015258789,10.220000267028809,10.210000038146973,10.210000038146973,39376,0.0,0.0
2024-08-26 09:30:00-04:00,10.4399995803833,10.479999542236328,10.380000114440918,10.4350004196167,82294,0.0,0.0
2024-08-26 09:35:00-04:00,10.444999694824219,10.449999809265137,10.420000076293945,10.4350004196167,30770,0.0,0.0
2024-08-26 09:40:00-04:00,10.4399995803833,10.46500015258789,10.430000305175781,10.449999809265137,37188,0.0,0.0
2024-08-26 09:45:00-04:00,10.460000038146973,10.479999542236328,10.449999809265137,10.479999542236328,27576,0.0,0.0
2024-08-26 09:50:00-04:00,10.475000381469727,10.489999771118164,10.430000305175781,10.4399995803833,33669,0.0,0.0
2024-08-26 09:55:00-04:00,10.4399995803833,10.454999923706055,10.404999732971191,10.40999984741211,55716,0.0,0.0
2024-08-26 10:00:00-04:00,10.400699615478516,10.40999984741211,10.369999885559082,10.395000457763672,32891,0.0,0.0
2024-08-26 10:05:00-04:00,10.385000228881836,10.399999618530273,10.380000114440918,10.383600234985352,20333,0.0,0.0
2024-08-26 10:10:00-04:00,10.380000114440918,10.420000076293945,10.380000114440918,10.380000114440918,27785,0.0,0.0
2024-08-26 10:15:00-04:00,10.385000228881836,10.40999984741211,10.364999771118164,10.364999771118164,24370,0.0,0.0
2024-08-26 10:20:00-04:00,10.369999885559082,10.369999885559082,10.319999694824219,10.350000381469727,20288,0.0,0.0
2024-08-26 10:25:00-04:00,10.34000015258789,10.380000114440918,10.34000015258789,10.370100021362305,19994,0.0,0.0
2024-08-26 10:30:00-04:00,10.369999885559082,10.380000114440918,10.359999656677246,10.364999771118164,58674,0.0,0.0
2024-08-26 10:35:00-04:00,10.359999656677246,10.359999656677246,10.3100004196167,10.329999923706055,32716,0.0,0.0
2024-08-26 10:40:00-04:00,10.319999694824219,10.329999923706055,10.3149995803833,10.319999694824219,6633,0.0,0.0
2024-08-26 10:45:00-04:00,10.319999694824219,10.34000015258789,10.31029987335205,10.335000038146973,9720,0.0,0.0
2024-08-26 10:50:00-04:00,10.339900016784668,10.347999572753906,10.330499649047852,10.330499649047852,7734,0.0,0.0
2024-08-26 10:55:00-04:00,10.335000038146973,10.335000038146973,10.3100004196167,10.3100004196167,2725,0.0,0.0
2024-08-26 11:00:00-04:00,10.3100004196167,10.3100004196167,10.274999618530273,10.274999618530273,6396,0.0,0.0
2024-08-26 11:05:00-04:00,10.279999732971191,10.279999732971191,10.25,10.265000343322754,15831,0.0,0.0
2024-08-26 11:10:00-04:00,10.270000457763672,10.274999618530273,10.260000228881836,10.274999618530273,2765,0.0,0.0
2024-08-26 11:15:00-04:00,10.270000457763672,10.279999732971191,10.265000343322754,10.265000343322754,1765,0.0,0.0
2024-08-26 11:20:00-04:00,10.265000343322754,10.270000457763672,10.25,10.25,6575,0.0,0.0
2024-08-26 11:25:00-04:00,10.239999771118164,10.239999771118164,10.234999656677246,10.234999656677246,1479,0.0,0.0
2024-08-26 11:30:00-04:00,10.229999542236328,10.234999656677246,10.220000267028809,10.229999542236328,6237,0.0,0.0
2024-08-26 11:35:00-04:00,10.225000381469727,10.234999656677246,10.220000267028809,10.234999656677246,4297,0.0,0.0
2024-08-26 11:40:00-04:00,10.239999771118164,10.270000457763672,10.239999771118164,10.270000457763672,2964,0.0,0.0
2024-08-26 11:45:00-04:00,10.270000457763672,10.279999732971191,10.270000457763672,10.279999732971191,1945,0.0,0.0
2024-08-26 11:50:00-04:00,10.274999618530273,10.28499984741211,10.274999618530273,10.279999732971191,3077,0.0,0.0
2024-08-26 11:55:00-04:00,10.279999732971191,10.28499984741211,10.260000228881836,10.28499984741211,17464,0.0,0.0
2024-08-26 12:00:00-04:00,10.28909969329834,10.28909969329834,10.274999618530273,10.279999732971191,5367,0.0,0.0
2024-08-26 12:05:00-04:00,10.279999732971191,10.279999732971191,10.279999732971191,10.279999732971191,1498,0.0,0.0
2024-08-26 12:10:00-04:00,10.279999732971191,10.28499984741211,10.279999732971191,10.279999732971191,6061,0.0,0.0
2024-08-26 12:15:00-04:00,10.289999961853027,10.305000305175781,10.289999961853027,10.300000190734863,8139,0.0,0.0
2024-08-26 12:20:00-04:00,10.3100004196167,10.3100004196167,10.3100004196167,10.3100004196167,4090,0.0,0.0
2024-08-26 12:25:00-04:00,10.3100004196167,10.3149995803833,10.295000076293945,10.3100004196167,8110,0.0,0.0
2024-08-26 12:30:00-04:00,10.3100004196167,10.3149995803833,10.300000190734863,10.300000190734863,3097,0.0,0.0
2024-08-26 12:35:00-04:00,10.289999961853027,10.300200462341309,10.289999961853027,10.300000190734863,2724,0.0,0.0
2024-08-26 12:40:00-04:00,10.300000190734863,10.305000305175781,10.300000190734863,10.300000190734863,3568,0.0,0.0
2024-08-26 12:45:00-04:00,10.3100004196167,10.3100004196167,10.3100004196167,10.3100004196167,5052,0.0,0.0
2024-08-26 12:50:00-04:00,10.3100004196167,10.3100004196167,10.305000305175781,10.3100004196167,2315,0.0,0.0
2024-08-26 12:55:00-04:00,10.3149995803833,10.3149995803833,10.3149995803833,10.3149995803833,201,0.0,0.0
2024-08-26 13:00:00-04:00,10.319999694824219,10.329999923706055,10.319999694824219,10.329999923706055,1821,0.0,0.0
2024-08-26 13:05:00-04:00,10.329999923706055,10.359999656677246,10.3149995803833,10.350000381469727,115655,0.0,0.0
2024-08-26 13:10:00-04:00,10.359999656677246,10.380000114440918,10.350000381469727,10.369999885559082,18103,0.0,0.0
2024-08-26 13:15:00-04:00,10.369999885559082,10.375,10.350000381469727,10.350000381469727,8590,0.0,0.0
2024-08-26 13:20:00-04:00,10.350000381469727,10.350000381469727,10.350000381469727,10.350000381469727,2164,0.0,0.0
2024-08-26 13:25:00-04:00,10.350000381469727,10.350000381469727,10.345000267028809,10.350000381469727,4129,0.0,0.0
2024-08-26 13:30:00-04:00,10.345000267028809,10.350000381469727,10.345000267028809,10.350000381469727,2814,0.0,0.0
2024-08-26 13:35:00-04:00,10.34000015258789,10.34000015258789,10.329999923706055,10.329999923706055,2374,0.0,0.0
2024-08-26 13:40:00-04:00,10.34000015258789,10.350000381469727,10.34000015258789,10.345000267028809,2416,0.0,0.0
2024-08-26 13:45:00-04:00,10.349900245666504,10.349900245666504,10.34000015258789,10.34000015258789,1763,0.0,0.0
2024-08-26 13:50:00-04:00,10.34000015258789,10.34000015258789,10.34000015258789,10.34000015258789,525,0.0,0.0
2024-08-26 13:55:00-04:00,10.34000015258789,10.350000381469727,10.34000015258789,10.350000381469727,4387,0.0,0.0
2024-08-26 14:00:00-04:00,10.350000381469727,10.359999656677246,10.350000381469727,10.354999542236328,1571,0.0,0.0
2024-08-26 14:05:00-04:00,10.350000381469727,10.350000381469727,10.350000381469727,10.350000381469727,2784,0.0,0.0
2024-08-26 14:10:00-04:00,10.350000381469727,10.350000381469727,10.34000015258789,10.350000381469727,3943,0.0,0.0
2024-08-26 14:20:00-04:00,10.359999656677246,10.359999656677246,10.34000015258789,10.34000015258789,5861,0.0,0.0
2024-08-26 14:25:00-04:00,10.34000015258789,10.345000267028809,10.34000015258789,10.34000015258789,4074,0.0,0.0
2024-08-26 14:30:00-04:00,10.341099739074707,10.341099739074707,10.323399543762207,10.335000038146973,9178,0.0,0.0
2024-08-26 14:35:00-04:00,10.329999923706055,10.34000015258789,10.329999923706055,10.34000015258789,3505,0.0,0.0
2024-08-26 14:40:00-04:00,10.34000015258789,10.34000015258789,10.34000015258789,10.34000015258789,1751,0.0,0.0
2024-08-26 14:45:00-04:00,10.34000015258789,10.345000267028809,10.335000038146973,10.335000038146973,5236,0.0,0.0
2024-08-26 14:50:00-04:00,10.339900016784668,10.339900016784668,10.329999923706055,10.329999923706055,1415,0.0,0.0
2024-08-26 14:55:00-04:00,10.329999923706055,10.34000015258789,10.329999923706055,10.34000015258789,4950,0.0,0.0
2024-08-26 15:00:00-04:00,10.345000267028809,10.345000267028809,10.34000015258789,10.34000015258789,1830,0.0,0.0
2024-08-26 15:05:00-04:00,10.339900016784668,10.345000267028809,10.339900016784668,10.345000267028809,6439,0.0,0.0
2024-08-26 15:10:00-04:00,10.345000267028809,10.345000267028809,10.345000267028809,10.345000267028809,489,0.0,0.0
2024-08-26 15:15:00-04:00,10.345000267028809,10.345000267028809,10.34000015258789,10.34000015258789,7772,0.0,0.0
2024-08-26 15:20:00-04:00,10.345000267028809,10.345000267028809,10.34000015258789,10.345000267028809,2135,0.0,0.0
2024-08-26 15:25:00-04:00,10.345000267028809,10.354999542236328,10.345000267028809,10.354999542236328,3186,0.0,0.0
2024-08-26 15:30:00-04:00,10.354999542236328,10.354999542236328,10.345000267028809,10.345000267028809,6177,0.0,0.0
2024-08-26 15:35:00-04:00,10.350000381469727,10.354999542236328,10.350000381469727,10.354999542236328,3207,0.0,0.0
2024-08-26 15:40:00-04:00,10.350000381469727,10.369999885559082,10.350000381469727,10.364999771118164,5134,0.0,0.0
2024-08-26 15:45:00-04:00,10.359999656677246,10.359999656677246,10.351099967956543,10.354999542236328,7250,0.0,0.0
2024-08-26 15:50:00-04:00,10.354999542236328,10.354999542236328,10.345000267028809,10.345000267028809,9102,0.0,0.0
2024-08-26 15:55:00-04:00,10.345000267028809,10.350000381469727,10.34000015258789,10.350000381469727,33100,0.0,0.0
2024-08-27 09:30:00-04:00,10.279999732971191,10.305000305175781,10.229999542236328,10.279999732971191,27978,0.0,0.0
2024-08-27 09:35:00-04:00,10.274999618530273,10.300000190734863,10.274999618530273,10.279999732971191,1380,0.0,0.0
2024-08-27 09:40:00-04:00,10.279999732971191,10.279999732971191,10.25,10.26990032196045,4195,0.0,0.0
2024-08-27 09:45:00-04:00,10.260000228881836,10.289999961853027,10.260000228881836,10.270000457763672,7048,0.0,0.0
2024-08-27 09:50:00-04:00,10.25,10.25,10.220000267028809,10.220000267028809,2880,0.0,0.0
2024-08-27 09:55:00-04:00,10.220000267028809,10.239899635314941,10.220000267028809,10.229999542236328,2691,0.0,0.0
2024-08-27 10:00:00-04:00,10.234999656677246,10.239899635314941,10.210000038146973,10.220000267028809,29411,0.0,0.0
2024-08-27 10:05:00-04:00,10.21500015258789,10.229999542236328,10.199999809265137,10.229999542236328,22316,0.0,0.0
2024-08-27 10:10:00-04:00,10.244999885559082,10.25,10.220000267028809,10.229900360107422,6531,0.0,0.0
2024-08-27 10:15:00-04:00,10.229999542236328,10.239999771118164,10.220000267028809,10.234999656677246,3962,0.0,0.0
2024-08-27 10:20:00-04:00,10.234999656677246,10.25,10.229999542236328,10.229999542236328,1892,0.0,0.0
2024-08-27 10:25:00-04:00,10.220000267028809,10.239999771118164,10.220000267028809,10.239999771118164,2402,0.0,0.0
2024-08-27 10:30:00-04:00,10.239999771118164,10.25,10.239999771118164,10.239999771118164,2823,0.0,0.0
2024-08-27 10:35:00-04:00,10.239999771118164,10.239999771118164,10.225000381469727,10.229999542236328,2588,0.0,0.0
2024-08-27 10:40:00-04:00,10.229999542236328,10.229999542236328,10.210000038146973,10.21720027923584,5804,0.0,0.0
2024-08-27 10:45:00-04:00,10.220000267028809,10.255000114440918,10.220000267028809,10.25,10450,0.0,0.0
2024-08-27 10:50:00-04:00,10.244999885559082,10.244999885559082,10.239999771118164,10.239999771118164,2380,0.0,0.0
2024-08-27 10:55:00-04:00,10.25,10.260000228881836,10.25,10.260000228881836,3504,0.0,0.0
2024-08-27 11:00:00-04:00,10.25,10.25,10.25,10.25,3049,0.0,0.0
2024-08-27 11:05:00-04:00,10.25,10.25,10.239999771118164,10.239999771118164,3606,0.0,0.0
2024-08-27 11:10:00-04:00,10.229999542236328,10.239999771118164,10.220000267028809,10.225000381469727,2703,0.0,0.0
2024-08-27 11:15:00-04:00,10.229999542236328,10.229999542236328,10.194999694824219,10.199999809265137,5617,0.0,0.0
2024-08-27 11:20:00-04:00,10.199999809265137,10.220000267028809,10.199999809265137,10.210000038146973,5626,0.0,0.0
2024-08-27 11:25:00-04:00,10.210000038146973,10.220000267028809,10.210000038146973,10.220000267028809,1263,0.0,0.0
2024-08-27 11:30:00-04:00,10.220000267028809,10.220000267028809,10.210000038146973,10.210000038146973,2556,0.0,0.0
2024-08-27 11:35:00-04:00,10.210000038146973,10.220000267028809,10.210000038146973,10.210000038146973,3428,0.0,0.0
2024-08-27 11:40:00-04:00,10.21500015258789,10.21500015258789,10.20009994506836,10.204999923706055,5558,0.0,0.0
2024-08-27 11:45:00-04:00,10.20009994506836,10.229999542236328,10.20009994506836,10.225000381469727,1846,0.0,0.0
2024-08-27 11:50:00-04:00,10.229999542236328,10.229999542236328,10.210000038146973,10.21500015258789,6292,0.0,0.0
2024-08-27 11:55:00-04:00,10.210000038146973,10.21500015258789,10.210000038146973,10.210000038146973,6215,0.0,0.0
2024-08-27 12:00:00-04:00,10.204999923706055,10.210000038146973,10.182000160217285,10.1899995803833,4604,0.0,0.0
2024-08-27 12:05:00-04:00,10.1850004196167,10.1899995803833,10.173700332641602,10.1899995803833,9146,0.0,0.0
2024-08-27 12:10:00-04:00,10.1899995803833,10.194999694824219,10.1899995803833,10.1899995803833,8056,0.0,0.0
2024-08-27 12:15:00-04:00,10.1899995803833,10.1899995803833,10.1850004196167,10.1899995803833,7390,0.0,0.0
2024-08-27 12:20:00-04:00,10.1899995803833,10.1899995803833,10.170000076293945,10.170000076293945,3081,0.0,0.0
2024-08-27 12:25:00-04:00,10.164999961853027,10.170000076293945,10.15999984741211,10.15999984741211,6148,0.0,0.0
2024-08-27 12:30:00-04:00,10.15999984741211,10.15999984741211,10.149999618530273,10.149999618530273,8638,0.0,0.0
2024-08-27 12:35:00-04:00,10.140000343322754,10.140000343322754,10.135000228881836,10.135000228881836,5607,0.0,0.0
2024-08-27 12:40:00-04:00,10.130900382995605,10.130900382995605,10.130000114440918,10.130000114440918,1571,0.0,0.0
2024-08-27 12:45:00-04:00,10.125,10.130000114440918,10.125,10.130000114440918,2937,0.0,0.0
2024-08-27 12:50:00-04:00,10.140000343322754,10.149999618530273,10.140000343322754,10.149999618530273,3506,0.0,0.0
2024-08-27 12:55:00-04:00,10.140000343322754,10.140000343322754,10.130000114440918,10.130000114440918,3886,0.0,0.0
2024-08-27 13:00:00-04:00,10.130000114440918,10.130000114440918,10.121199607849121,10.130000114440918,7822,0.0,0.0
2024-08-27 13:05:00-04:00,10.140000343322754,10.140000343322754,10.135000228881836,10.140000343322754,3215,0.0,0.0
2024-08-27 13:10:00-04:00,10.140000343322754,10.140000343322754,10.120100021362305,10.130000114440918,12080,0.0,0.0
2024-08-27 13:15:00-04:00,10.135000228881836,10.149999618530273,10.13479995727539,10.145000457763672,6034,0.0,0.0
2024-08-27 13:20:00-04:00,10.149999618530273,10.149999618530273,10.140000343322754,10.140000343322754,3320,0.0,0.0
2024-08-27 13:25:00-04:00,10.140000343322754,10.140000343322754,10.140000343322754,10.140000343322754,1644,0.0,0.0
2024-08-27 13:30:00-04:00,10.135000228881836,10.149999618530273,10.135000228881836,10.140000343322754,4145,0.0,0.0
2024-08-27 13:35:00-04:00,10.140000343322754,10.145000457763672,10.140000343322754,10.145000457763672,2201,0.0,0.0
2024-08-27 13:40:00-04:00,10.149999618530273,10.15999984741211,10.149999618530273,10.15999984741211,8339,0.0,0.0
2024-08-27 13:45:00-04:00,10.154999732971191,10.154999732971191,10.149999618530273,10.149999618530273,2987,0.0,0.0
2024-08-27 13:50:00-04:00,10.145000457763672,10.145000457763672,10.130000114440918,10.130000114440918,4818,0.0,0.0
2024-08-27 13:55:00-04:00,10.130000114440918,10.15999984741211,10.129899978637695,10.15999984741211,10942,0.0,0.0
2024-08-27 14:00:00-04:00,10.15999984741211,10.177499771118164,10.15999984741211,10.175000190734863,2701,0.0,0.0
2024-08-27 14:05:00-04:00,10.175000190734863,10.180000305175781,10.170000076293945,10.170000076293945,18007,0.0,0.0
2024-08-27 14:10:00-04:00,10.164999961853027,10.175000190734863,10.164999961853027,10.175000190734863,3358,0.0,0.0
2024-08-27 14:15:00-04:00,10.170000076293945,10.175000190734863,10.164999961853027,10.164999961853027,1454,0.0,0.0
2024-08-27 14:20:00-04:00,10.170000076293945,10.175000190734863,10.15999984741211,10.15999984741211,5506,0.0,0.0
2024-08-27 14:25:00-04:00,10.15999984741211,10.164999961853027,10.145000457763672,10.149999618530273,12213,0.0,0.0
2024-08-27 14:30:00-04:00,10.149999618530273,10.170000076293945,10.149999618530273,10.170000076293945,13859,0.0,0.0
2024-08-27 14:35:00-04:00,10.170000076293945,10.170000076293945,10.170000076293945,10.170000076293945,2447,0.0,0.0
2024-08-27 14:40:00-04:00,10.167499542236328,10.170000076293945,10.167499542236328,10.170000076293945,3381,0.0,0.0
2024-08-27 14:45:00-04:00,10.170000076293945,10.170000076293945,10.164999961853027,10.170000076293945,4862,0.0,0.0
2024-08-27 14:50:00-04:00,10.164999961853027,10.170000076293945,10.15999984741211,10.170000076293945,1699,0.0,0.0
2024-08-27 14:55:00-04:00,10.164999961853027,10.170000076293945,10.15999984741211,10.15999984741211,6603,0.0,0.0
2024-08-27 15:00:00-04:00,10.15999984741211,10.15999984741211,10.145000457763672,10.154999732971191,3222,0.0,0.0
2024-08-27 15:05:00-04:00,10.15999984741211,10.170000076293945,10.15999984741211,10.164999961853027,6637,0.0,0.0
2024-08-27 15:10:00-04:00,10.170000076293945,10.180000305175781,10.170000076293945,10.180000305175781,2336,0.0,0.0
2024-08-27 15:15:00-04:00,10.180000305175781,10.1899995803833,10.180000305175781,10.182999610900879,7207,0.0,0.0
2024-08-27 15:20:00-04:00,10.1850004196167,10.1899995803833,10.1850004196167,10.1899995803833,3009,0.0,0.0
2024-08-27 15:25:00-04:00,10.1899995803833,10.210000038146973,10.1850004196167,10.1850004196167,24138,0.0,0.0
2024-08-27 15:30:00-04:00,10.1899995803833,10.1899995803833,10.164999961853027,10.164999961853027,2580,0.0,0.0
2024-08-27 15:35:00-04:00,10.164999961853027,10.166000366210938,10.145000457763672,10.145000457763672,4677,0.0,0.0
2024-08-27 15:40:00-04:00,10.149999618530273,10.15999984741211,10.149999618530273,10.15999984741211,11398,0.0,0.0
2024-08-27 15:45:00-04:00,10.154999732971191,10.170000076293945,10.154999732971191,10.170000076293945,7847,0.0,0.0
2024-08-27 15:50:00-04:00,10.170000076293945,10.180000305175781,10.15999984741211,10.15999984741211,28754,0.0,0.0
2024-08-27 15:55:00-04:00,10.15999984741211,10.180000305175781,10.154999732971191,10.15999984741211,45823,0.0,0.0
2024-08-28 09:30:00-04:00,10.119999885559082,10.130000114440918,10.0600004196167,10.095000267028809,59801,0.0,0.0
2024-08-28 09:35:00-04:00,10.100000381469727,10.180000305175781,10.090100288391113,10.180000305175781,4855,0.0,0.0
2024-08-28 09:40:00-04:00,10.180000305175781,10.1850004196167,10.149999618530273,10.180000305175781,37421,0.0,0.0
2024-08-28 09:45:00-04:00,10.170000076293945,10.199999809265137,10.170000076293945,10.199999809265137,1917,0.0,0.0
2024-08-28 09:50:00-04:00,10.192000389099121,10.194999694824219,10.170000076293945,10.1850004196167,17497,0.0,0.0
2024-08-28 09:55:00-04:00,10.1899995803833,10.199999809265137,10.1899995803833,10.1899995803833,1973,0.0,0.0
2024-08-28 10:00:00-04:00,10.1899995803833,10.204999923706055,10.1899995803833,10.1899995803833,5273,0.0,0.0
2024-08-28 10:05:00-04:00,10.180000305175781,10.180000305175781,10.140000343322754,10.140000343322754,9026,0.0,0.0
2024-08-28 10:10:00-04:00,10.130000114440918,10.130000114440918,10.114999771118164,10.130000114440918,8221,0.0,0.0
2024-08-28 10:15:00-04:00,10.130000114440918,10.145000457763672,10.125,10.140000343322754,13763,0.0,0.0
2024-08-28 10:20:00-04:00,10.140000343322754,10.140000343322754,10.109999656677246,10.109999656677246,3970,0.0,0.0
2024-08-28 10:25:00-04:00,10.114999771118164,10.114999771118164,10.100000381469727,10.104999542236328,814,0.0,0.0
2024-08-28 10:30:00-04:00,10.104999542236328,10.135000228881836,10.09000015258789,10.130000114440918,6666,0.0,0.0
2024-08-28 10:35:00-04:00,10.130000114440918,10.164999961853027,10.130000114440918,10.164999961853027,6310,0.0,0.0
2024-08-28 10:40:00-04:00,10.15999984741211,10.170000076293945,10.154999732971191,10.15999984741211,7553,0.0,0.0
2024-08-28 10:45:00-04:00,10.170000076293945,10.1850004196167,10.170000076293945,10.170100212097168,7993,0.0,0.0
2024-08-28 10:50:00-04:00,10.171099662780762,10.199999809265137,10.170000076293945,10.1899995803833,3707,0.0,0.0
2024-08-28 10:55:00-04:00,10.1899995803833,10.204999923706055,10.164999961853027,10.180000305175781,18020,0.0,0.0
2024-08-28 11:00:00-04:00,10.170000076293945,10.170000076293945,10.154999732971191,10.15999984741211,7660,0.0,0.0
2024-08-28 11:05:00-04:00,10.170000076293945,10.175000190734863,10.15999984741211,10.15999984741211,2157,0.0,0.0
2024-08-28 11:10:00-04:00,10.15999984741211,10.170000076293945,10.15999984741211,10.170000076293945,3466,0.0,0.0
2024-08-28 11:15:00-04:00,10.170000076293945,10.170000076293945,10.149999618530273,10.149999618530273,4808,0.0,0.0
2024-08-28 11:20:00-04:00,10.145000457763672,10.15999984741211,10.140000343322754,10.149999618530273,3522,0.0,0.0
2024-08-28 11:25:00-04:00,10.149999618530273,10.149999618530273,10.140000343322754,10.149999618530273,4151,0.0,0.0
2024-08-28 11:30:00-04:00,10.154999732971191,10.154999732971191,10.140000343322754,10.140600204467773,2190,0.0,0.0
2024-08-28 11:35:00-04:00,10.140000343322754,10.164999961853027,10.140000343322754,10.164999961853027,4987,0.0,0.0
2024-08-28 11:40:00-04:00,10.15999984741211,10.164999961853027,10.154999732971191,10.15999984741211,2351,0.0,0.0
2024-08-28 11:45:00-04:00,10.164999961853027,10.164999961853027,10.149999618530273,10.154999732971191,1556,0.0,0.0
2024-08-28 11:50:00-04:00,10.15999984741211,10.170000076293945,10.15999984741211,10.170000076293945,2133,0.0,0.0
2024-08-28 11:55:00-04:00,10.170000076293945,10.170000076293945,10.15999984741211,10.15999984741211,1239,0.0,0.0
2024-08-28 12:00:00-04:00,10.154999732971191,10.154999732971191,10.135000228881836,10.145000457763672,7708,0.0,0.0
2024-08-28 12:05:00-04:00,10.140000343322754,10.149999618530273,10.140000343322754,10.149999618530273,2519,0.0,0.0
2024-08-28 12:10:00-04:00,10.149999618530273,10.164999961853027,10.145000457763672,10.15999984741211,4147,0.0,0.0
2024-08-28 12:15:00-04:00,10.15999984741211,10.15999984741211,10.140000343322754,10.140000343322754,5322,0.0,0.0
2024-08-28 12:20:00-04:00,10.135000228881836,10.135000228881836,10.111499786376953,10.119999885559082,5355,0.0,0.0
2024-08-28 12:25:00-04:00,10.119999885559082,10.125,10.114999771118164,10.114999771118164,18884,0.0,0.0
2024-08-28 12:30:00-04:00,10.114999771118164,10.135000228881836,10.109999656677246,10.135000228881836,9443,0.0,0.0
2024-08-28 12:35:00-04:00,10.131999969482422,10.135000228881836,10.119999885559082,10.130000114440918,6703,0.0,0.0
2024-08-28 12:40:00-04:00,10.125,10.130200386047363,10.125,10.130200386047363,5030,0.0,0.0
2024-08-28 12:45:00-04:00,10.135000228881836,10.135000228881836,10.135000228881836,10.135000228881836,344,0.0,0.0
2024-08-28 12:50:00-04:00,10.131999969482422,10.140000343322754,10.130000114440918,10.135000228881836,3234,0.0,0.0
2024-08-28 12:55:00-04:00,10.140000343322754,10.140000343322754,10.130000114440918,10.135000228881836,1601,0.0,0.0
2024-08-28 13:00:00-04:00,10.119999885559082,10.140000343322754,10.119999885559082,10.140000343322754,5238,0.0,0.0
2024-08-28 13:05:00-04:00,10.13129997253418,10.135000228881836,10.119999885559082,10.119999885559082,1747,0.0,0.0
2024-08-28 13:10:00-04:00,10.119999885559082,10.119999885559082,10.114999771118164,10.119999885559082,3989,0.0,0.0
2024-08-28 13:15:00-04:00,10.109999656677246,10.109999656677246,10.109999656677246,10.109999656677246,703,0.0,0.0
2024-08-28 13:20:00-04:00,10.119999885559082,10.119999885559082,10.109999656677246,10.109999656677246,4304,0.0,0.0
2024-08-28 13:25:00-04:00,10.115900039672852,10.119999885559082,10.115900039672852,10.119999885559082,369,0.0,0.0
2024-08-28 13:30:00-04:00,10.119999885559082,10.135000228881836,10.119999885559082,10.125,7125,0.0,0.0
2024-08-28 13:35:00-04:00,10.130000114440918,10.130000114440918,10.119999885559082,10.119999885559082,2442,0.0,0.0
2024-08-28 13:40:00-04:00,10.114999771118164,10.114999771118164,10.100099563598633,10.100099563598633,6702,0.0,0.0
2024-08-28 13:45:00-04:00,10.104999542236328,10.109999656677246,10.104999542236328,10.109999656677246,14267,0.0,0.0
2024-08-28 13:50:00-04:00,10.100000381469727,10.100000381469727,10.095000267028809,10.095999717712402,17911,0.0,0.0
2024-08-28 13:55:00-04:00,10.100000381469727,10.104999542236328,10.090100288391113,10.090100288391113,2957,0.0,0.0
2024-08-28 14:00:00-04:00,10.100000381469727,10.100000381469727,10.100000381469727,10.100000381469727,1517,0.0,0.0
2024-08-28 14:05:00-04:00,10.100000381469727,10.119999885559082,10.100000381469727,10.114999771118164,6599,0.0,0.0
2024-08-28 14:10:00-04:00,10.114999771118164,10.119999885559082,10.109999656677246,10.119999885559082,2080,0.0,0.0
2024-08-28 14:15:00-04:00,10.130000114440918,10.130000114440918,10.119999885559082,10.119999885559082,2299,0.0,0.0
2024-08-28 14:20:00-04:00,10.109999656677246,10.114999771118164,10.100700378417969,10.109999656677246,6075,0.0,0.0
2024-08-28 14:25:00-04:00,10.109999656677246,10.109999656677246,10.090700149536133,10.090700149536133,15567,0.0,0.0
2024-08-28 14:30:00-04:00,10.100000381469727,10.100000381469727,10.09000015258789,10.09000015258789,1135,0.0,0.0
2024-08-28 14:35:00-04:00,10.09000015258789,10.114999771118164,10.09000015258789,10.109999656677246,5438,0.0,0.0
2024-08-28 14:40:00-04:00,10.11139965057373,10.114999771118164,10.109999656677246,10.109999656677246,4030,0.0,0.0
2024-08-28 14:45:00-04:00,10.109999656677246,10.109999656677246,10.104999542236328,10.104999542236328,2722,0.0,0.0
2024-08-28 14:50:00-04:00,10.109999656677246,10.119999885559082,10.104999542236328,10.119999885559082,6100,0.0,0.0
2024-08-28 14:55:00-04:00,10.130000114440918,10.140000343322754,10.125,10.140000343322754,8649,0.0,0.0
2024-08-28 15:00:00-04:00,10.130000114440918,10.135000228881836,10.125,10.135000228881836,4204,0.0,0.0
2024-08-28 15:05:00-04:00,10.130000114440918,10.130000114440918,10.109999656677246,10.1141996383667,7460,0.0,0.0
2024-08-28 15:10:00-04:00,10.109999656677246,10.114999771118164,10.104999542236328,10.114999771118164,9339,0.0,0.0
2024-08-28 15:15:00-04:00,10.109999656677246,10.125,10.109999656677246,10.125,3151,0.0,0.0
2024-08-28 15:20:00-04:00,10.130000114440918,10.130000114440918,10.119999885559082,10.119999885559082,10975,0.0,0.0
2024-08-28 15:25:00-04:00,10.130000114440918,10.140000343322754,10.130000114440918,10.135000228881836,6187,0.0,0.0
2024-08-28 15:30:00-04:00,10.140000343322754,10.140000343322754,10.13029956817627,10.140000343322754,9130,0.0,0.0
2024-08-28 15:35:00-04:00,10.130000114440918,10.130000114440918,10.114999771118164,10.119999885559082,11963,0.0,0.0
2024-08-28 15:40:00-04:00,10.130000114440918,10.130000114440918,10.130000114440918,10.130000114440918,1806,0.0,0.0
2024-08-28 15:45:00-04:00,10.130000114440918,10.149999618530273,10.130000114440918,10.140000343322754,7491,0.0,0.0
2024-08-28 15:50:00-04:00,10.145000457763672,10.154999732971191,10.140000343322754,10.145000457763672,18808,0.0,0.0
2024-08-28 15:55:00-04:00,10.145000457763672,10.149999618530273,10.140000343322754,10.149999618530273,26076,0.0,0.0
2024-08-29 09:30:00-04:00,10.199999809265137,10.3149995803833,10.199999809265137,10.289999961853027,19135,0.0,0.0
2024-08-29 09:35:00-04:00,10.289999961853027,10.3100004196167,10.279999732971191,10.3100004196167,8837,0.0,0.0
2024-08-29 09:40:00-04:00,10.303999900817871,10.3100004196167,10.25,10.25,11652,0.0,0.0
2024-08-29 09:45:00-04:00,10.25,10.260000228881836,10.234999656677246,10.234999656677246,7542,0.0,0.0
2024-08-29 09:50:00-04:00,10.229999542236328,10.260000228881836,10.229999542236328,10.255000114440918,11146,0.0,0.0
2024-08-29 09:55:00-04:00,10.25,10.255000114440918,10.230500221252441,10.230500221252441,9697,0.0,0.0
2024-08-29 10:00:00-04:00,10.25,10.289999961853027,10.234999656677246,10.28499984741211,23438,0.0,0.0
2024-08-29 10:05:00-04:00,10.279999732971191,10.3100004196167,10.270000457763672,10.3100004196167,9969,0.0,0.0
2024-08-29 10:10:00-04:00,10.3100004196167,10.3149995803833,10.28499984741211,10.300000190734863,12372,0.0,0.0
2024-08-29 10:15:00-04:00,10.295000076293945,10.300000190734863,10.274999618530273,10.279999732971191,2352,0.0,0.0
2024-08-29 10:20:00-04:00,10.279999732971191,10.319999694824219,10.279999732971191,10.319999694824219,4796,0.0,0.0
2024-08-29 10:25:00-04:00,10.329999923706055,10.335000038146973,10.319999694824219,10.319999694824219,7430,0.0,0.0
2024-08-29 10:30:00-04:00,10.3149995803833,10.3149995803833,10.279999732971191,10.279999732971191,15732,0.0,0.0
2024-08-29 10:35:00-04:00,10.274999618530273,10.300000190734863,10.274999618530273,10.289999961853027,16264,0.0,0.0
2024-08-29 10:40:00-04:00,10.295000076293945,10.3100004196167,10.289999961853027,10.305000305175781,13239,0.0,0.0
2024-08-29 10:45:00-04:00,10.305000305175781,10.3100004196167,10.300000190734863,10.3100004196167,2914,0.0,0.0
2024-08-29 10:50:00-04:00,10.3100004196167,10.319999694824219,10.289999961853027,10.289999961853027,2531,0.0,0.0
2024-08-29 10:55:00-04:00,10.295000076293945,10.305000305175781,10.295000076293945,10.300000190734863,3085,0.0,0.0
2024-08-29 11:00:00-04:00,10.300000190734863,10.3100004196167,10.300000190734863,10.305000305175781,5448,0.0,0.0
2024-08-29 11:05:00-04:00,10.300000190734863,10.3100004196167,10.300000190734863,10.3100004196167,3956,0.0,0.0
2024-08-29 11:10:00-04:00,10.3149995803833,10.335000038146973,10.3149995803833,10.329999923706055,3295,0.0,0.0
2024-08-29 11:15:00-04:00,10.319999694824219,10.329999923706055,10.31029987335205,10.31029987335205,4744,0.0,0.0
2024-08-29 11:20:00-04:00,10.312000274658203,10.34000015258789,10.312000274658203,10.34000015258789,5195,0.0,0.0
2024-08-29 11:25:00-04:00,10.350000381469727,10.359999656677246,10.34000015258789,10.34000015258789,63815,0.0,0.0
2024-08-29 11:30:00-04:00,10.350000381469727,10.350000381469727,10.34000015258789,10.34000015258789,5699,0.0,0.0
2024-08-29 11:35:00-04:00,10.34000015258789,10.34000015258789,10.319999694824219,10.319999694824219,2109,0.0,0.0
2024-08-29 11:40:00-04:00,10.3149995803833,10.324999809265137,10.300000190734863,10.315999984741211,10594,0.0,0.0
2024-08-29 11:45:00-04:00,10.319999694824219,10.345000267028809,10.319999694824219,10.345000267028809,1352,0.0,0.0
2024-08-29 11:50:00-04:00,10.345000267028809,10.345000267028809,10.335000038146973,10.335000038146973,6565,0.0,0.0
2024-08-29 11:55:00-04:00,10.329999923706055,10.335000038146973,10.324999809265137,10.324999809265137,3153,0.0,0.0
2024-08-29 12:00:00-04:00,10.319999694824219,10.330100059509277,10.319999694824219,10.330100059509277,3682,0.0,0.0
2024-08-29 12:05:00-04:00,10.329999923706055,10.330100059509277,10.324999809265137,10.324999809265137,7366,0.0,0.0
2024-08-29 12:10:00-04:00,10.320099830627441,10.335000038146973,10.319999694824219,10.329999923706055,4195,0.0,0.0
2024-08-29 12:15:00-04:00,10.329999923706055,10.335000038146973,10.324999809265137,10.335000038146973,6127,0.0,0.0
2024-08-29 12:20:00-04:00,10.335000038146973,10.34000015258789,10.335000038146973,10.34000015258789,969,0.0,0.0
2024-08-29 12:25:00-04:00,10.34000015258789,10.34000015258789,10.329999923706055,10.329999923706055,1853,0.0,0.0
2024-08-29 12:30:00-04:00,10.329999923706055,10.329999923706055,10.3100004196167,10.3100004196167,7340,0.0,0.0
2024-08-29 12:35:00-04:00,10.3149995803833,10.324999809265137,10.305000305175781,10.305000305175781,10116,0.0,0.0
2024-08-29 12:40:00-04:00,10.319999694824219,10.319999694824219,10.3149995803833,10.3149995803833,2103,0.0,0.0
2024-08-29 12:45:00-04:00,10.319999694824219,10.324999809265137,10.319999694824219,10.324999809265137,1331,0.0,0.0
2024-08-29 12:50:00-04:00,10.324999809265137,10.335000038146973,10.324999809265137,10.329999923706055,4045,0.0,0.0
2024-08-29 12:55:00-04:00,10.335000038146973,10.335000038146973,10.329999923706055,10.329999923706055,843,0.0,0.0
2024-08-29 13:00:00-04:00,10.329999923706055,10.335000038146973,10.329999923706055,10.335000038146973,1738,0.0,0.0
2024-08-29 13:05:00-04:00,10.350000381469727,10.369999885559082,10.34000015258789,10.359999656677246,27323,0.0,0.0
2024-08-29 13:10:00-04:00,10.375,10.385000228881836,10.370499610900879,10.380000114440918,2865,0.0,0.0
2024-08-29 13:15:00-04:00,10.390000343322754,10.399999618530273,10.380000114440918,10.390000343322754,10194,0.0,0.0
2024-08-29 13:20:00-04:00,10.385000228881836,10.385000228881836,10.354999542236328,10.359999656677246,12895,0.0,0.0
2024-08-29 13:25:00-04:00,10.359999656677246,10.364999771118164,10.354999542236328,10.359999656677246,6282,0.0,0.0
2024-08-29 13:30:00-04:00,10.364999771118164,10.369999885559082,10.364999771118164,10.364999771118164,1632,0.0,0.0
2024-08-29 13:35:00-04:00,10.369999885559082,10.369999885559082,10.354999542236328,10.354999542236328,1642,0.0,0.0
2024-08-29 13:40:00-04:00,10.359999656677246,10.364999771118164,10.359999656677246,10.36050033569336,1466,0.0,0.0
2024-08-29 13:45:00-04:00,10.359999656677246,10.368800163269043,10.34000015258789,10.359999656677246,13348,0.0,0.0
2024-08-29 13:50:00-04:00,10.359999656677246,10.364999771118164,10.345000267028809,10.350000381469727,4721,0.0,0.0
2024-08-29 13:55:00-04:00,10.354999542236328,10.380000114440918,10.354999542236328,10.370100021362305,3528,0.0,0.0
2024-08-29 14:00:00-04:00,10.375,10.380000114440918,10.360099792480469,10.369999885559082,7044,0.0,0.0
2024-08-29 14:05:00-04:00,10.369999885559082,10.369999885559082,10.364999771118164,10.364999771118164,2703,0.0,0.0
2024-08-29 14:10:00-04:00,10.364999771118164,10.369999885559082,10.350000381469727,10.369999885559082,9977,0.0,0.0
2024-08-29 14:15:00-04:00,10.375,10.390000343322754,10.369999885559082,10.385000228881836,4814,0.0,0.0
2024-08-29 14:20:00-04:00,10.385000228881836,10.385000228881836,10.380000114440918,10.380000114440918,1031,0.0,0.0
2024-08-29 14:25:00-04:00,10.385000228881836,10.390000343322754,10.359999656677246,10.370100021362305,6116,0.0,0.0
2024-08-29 14:30:00-04:00,10.369999885559082,10.369999885559082,10.359999656677246,10.364999771118164,5399,0.0,0.0
2024-08-29 14:35:00-04:00,10.359999656677246,10.359999656677246,10.34000015258789,10.34000015258789,4920,0.0,0.0
2024-08-29 14:40:00-04:00,10.340499877929688,10.354999542236328,10.329999923706055,10.34000015258789,17943,0.0,0.0
2024-08-29 14:45:00-04:00,10.34000015258789,10.345000267028809,10.329999923706055,10.345000267028809,5329,0.0,0.0
2024-08-29 14:50:00-04:00,10.345000267028809,10.350000381469727,10.335000038146973,10.350000381469727,2661,0.0,0.0
2024-08-29 14:55:00-04:00,10.354999542236328,10.359999656677246,10.345000267028809,10.359999656677246,3724,0.0,0.0
2024-08-29 15:00:00-04:00,10.354999542236328,10.354999542236328,10.335000038146973,10.350000381469727,7856,0.0,0.0
2024-08-29 15:05:00-04:00,10.345000267028809,10.369999885559082,10.345000267028809,10.369999885559082,9885,0.0,0.0
2024-08-29 15:10:00-04:00,10.369999885559082,10.369999885559082,10.354999542236328,10.364999771118164,5893,0.0,0.0
2024-08-29 15:15:00-04:00,10.364999771118164,10.380000114440918,10.364999771118164,10.380000114440918,10243,0.0,0.0
2024-08-29 15:20:00-04:00,10.375,10.380000114440918,10.375,10.375,4586,0.0,0.0
2024-08-29 15:25:00-04:00,10.375,10.399999618530273,10.375,10.399999618530273,7067,0.0,0.0
2024-08-29 15:30:00-04:00,10.399999618530273,10.399999618530273,10.364999771118164,10.369999885559082,26451,0.0,0.0
2024-08-29 15:35:00-04:00,10.364999771118164,10.380000114440918,10.359999656677246,10.364999771118164,17859,0.0,0.0
2024-08-29 15:40:00-04:00,10.359999656677246,10.359999656677246,10.329999923706055,10.335000038146973,8757,0.0,0.0
2024-08-29 15:45:00-04:00,10.335000038146973,10.335000038146973,10.319999694824219,10.324999809265137,17846,0.0,0.0
2024-08-29 15:50:00-04:00,10.319999694824219,10.34000015258789,10.3100004196167,10.3100004196167,35991,0.0,0.0
2024-08-29 15:55:00-04:00,10.3149995803833,10.319999694824219,10.300000190734863,10.3100004196167,87326,0.0,0.0
2024-08-30 09:30:00-04:00,10.15999984741211,10.180000305175781,10.130000114440918,10.180000305175781,56878,0.0,0.0
2024-08-30 09:35:00-04:00,10.1899995803833,10.210000038146973,10.170000076293945,10.20009994506836,16382,0.0,0.0
2024-08-30 09:40:00-04:00,10.220000267028809,10.220000267028809,10.199999809265137,10.199999809265137,9126,0.0,0.0
2024-08-30 09:45:00-04:00,10.170000076293945,10.179100036621094,10.15999984741211,10.170000076293945,6936,0.0,0.0
2024-08-30 09:50:00-04:00,10.170000076293945,10.180000305175781,10.140000343322754,10.149999618530273,9677,0.0,0.0
2024-08-30 09:55:00-04:00,10.140000343322754,10.14799976348877,10.119999885559082,10.130000114440918,4029,0.0,0.0
2024-08-30 10:00:00-04:00,10.130000114440918,10.137999534606934,10.079999923706055,10.100000381469727,25217,0.0,0.0
2024-08-30 10:05:00-04:00,10.085000038146973,10.130000114440918,10.079999923706055,10.130000114440918,5190,0.0,0.0
2024-08-30 10:10:00-04:00,10.149999618530273,10.149999618530273,10.137999534606934,10.145000457763672,3761,0.0,0.0
2024-08-30 10:15:00-04:00,10.140000343322754,10.15999984741211,10.120599746704102,10.140000343322754,13323,0.0,0.0
2024-08-30 10:20:00-04:00,10.145000457763672,10.145000457763672,10.119999885559082,10.119999885559082,2709,0.0,0.0
2024-08-30 10:25:00-04:00,10.125,10.125,10.079999923706055,10.085000038146973,4369,0.0,0.0
2024-08-30 10:30:00-04:00,10.079999923706055,10.079999923706055,10.029999732971191,10.039999961853027,24882,0.0,0.0
2024-08-30 10:35:00-04:00,10.039999961853027,10.0649995803833,10.039999961853027,10.0600004196167,9677,0.0,0.0
2024-08-30 10:40:00-04:00,10.0600004196167,10.079999923706055,10.0600004196167,10.072500228881836,990,0.0,0.0
2024-08-30 10:45:00-04:00,10.069999694824219,10.100000381469727,10.069999694824219,10.100000381469727,2499,0.0,0.0
2024-08-30 10:50:00-04:00,10.109999656677246,10.109999656677246,10.09000015258789,10.100000381469727,7994,0.0,0.0
2024-08-30 10:55:00-04:00,10.100500106811523,10.114999771118164,10.095000267028809,10.100000381469727,4273,0.0,0.0
2024-08-30 11:00:00-04:00,10.104999542236328,10.109999656677246,10.09000015258789,10.109999656677246,10002,0.0,0.0
2024-08-30 11:05:00-04:00,10.114999771118164,10.114999771118164,10.09000015258789,10.09000015258789,7899,0.0,0.0
2024-08-30 11:10:00-04:00,10.085000038146973,10.095000267028809,10.069999694824219,10.069999694824219,7184,0.0,0.0
2024-08-30 11:15:00-04:00,10.079999923706055,10.085000038146973,10.069999694824219,10.069999694824219,3245,0.0,0.0
2024-08-30 11:20:00-04:00,10.0600004196167,10.071000099182129,10.059900283813477,10.069999694824219,8325,0.0,0.0
2024-08-30 11:25:00-04:00,10.045000076293945,10.050000190734863,10.029999732971191,10.050000190734863,26957,0.0,0.0
2024-08-30 11:30:00-04:00,10.045000076293945,10.04800033569336,10.029999732971191,10.045000076293945,6266,0.0,0.0
2024-08-30 11:35:00-04:00,10.050000190734863,10.055000305175781,10.041999816894531,10.050000190734863,3373,0.0,0.0
2024-08-30 11:40:00-04:00,10.050000190734863,10.050000190734863,10.050000190734863,10.050000190734863,262,0.0,0.0
2024-08-30 11:45:00-04:00,10.050000190734863,10.055000305175781,10.045000076293945,10.055000305175781,6366,0.0,0.0
2024-08-30 11:50:00-04:00,10.050000190734863,10.0600004196167,10.039999961853027,10.039999961853027,13535,0.0,0.0
2024-08-30 11:55:00-04:00,10.039999961853027,10.0600004196167,10.039999961853027,10.0600004196167,1311,0.0,0.0
2024-08-30 12:00:00-04:00,10.050000190734863,10.0600004196167,10.050000190734863,10.0600004196167,1833,0.0,0.0
2024-08-30 12:05:00-04:00,10.0600004196167,10.069999694824219,10.0600004196167,10.0649995803833,1786,0.0,0.0
2024-08-30 12:10:00-04:00,10.0649995803833,10.069999694824219,10.0649995803833,10.069999694824219,2202,0.0,0.0
2024-08-30 12:15:00-04:00,10.069999694824219,10.069999694824219,10.055000305175781,10.0600004196167,5172,0.0,0.0
2024-08-30 12:20:00-04:00,10.0600004196167,10.0600004196167,10.050000190734863,10.050000190734863,668,0.0,0.0
2024-08-30 12:25:00-04:00,10.050000190734863,10.074999809265137,10.050000190734863,10.074999809265137,5610,0.0,0.0
2024-08-30 12:30:00-04:00,10.069999694824219,10.069999694824219,10.050000190734863,10.050000190734863,34854,0.0,0.0
2024-08-30 12:35:00-04:00,10.045000076293945,10.050000190734863,10.039999961853027,10.050000190734863,6326,0.0,0.0
2024-08-30 12:40:00-04:00,10.050000190734863,10.050000190734863,10.039999961853027,10.050000190734863,943,0.0,0.0
2024-08-30 12:45:00-04:00,10.0600004196167,10.0649995803833,10.039999961853027,10.050000190734863,12751,0.0,0.0
2024-08-30 12:50:00-04:00,10.045000076293945,10.0600004196167,10.045000076293945,10.055000305175781,3974,0.0,0.0
2024-08-30 12:55:00-04:00,10.0600004196167,10.069999694824219,10.055000305175781,10.069999694824219,6350,0.0,0.0
2024-08-30 13:00:00-04:00,10.0649995803833,10.070500373840332,10.0649995803833,10.070500373840332,1648,0.0,0.0
2024-08-30 13:05:00-04:00,10.079999923706055,10.079999923706055,10.074999809265137,10.079999923706055,3329,0.0,0.0
2024-08-30 13:10:00-04:00,10.079999923706055,10.079999923706055,10.074999809265137,10.074999809265137,3428,0.0,0.0
2024-08-30 13:15:00-04:00,10.074999809265137,10.074999809265137,10.0649995803833,10.074999809265137,2782,0.0,0.0
2024-08-30 13:20:00-04:00,10.079999923706055,10.086000442504883,10.074999809265137,10.074999809265137,1961,0.0,0.0
2024-08-30 13:25:00-04:00,10.069999694824219,10.079999923706055,10.069999694824219,10.079999923706055,1244,0.0,0.0
2024-08-30 13:30:00-04:00,10.085000038146973,10.104999542236328,10.085000038146973,10.104999542236328,6031,0.0,0.0
2024-08-30 13:35:00-04:00,10.104999542236328,10.119999885559082,10.104999542236328,10.109999656677246,1458,0.0,0.0
2024-08-30 13:40:00-04:00,10.109999656677246,10.109999656677246,10.100000381469727,10.104999542236328,2958,0.0,0.0
2024-08-30 13:45:00-04:00,10.100500106811523,10.114999771118164,10.100500106811523,10.109999656677246,5337,0.0,0.0
2024-08-30 13:55:00-04:00,10.109999656677246,10.114999771118164,10.10949993133545,10.109999656677246,2744,0.0,0.0
2024-08-30 14:00:00-04:00,10.109999656677246,10.125,10.109999656677246,10.125,2602,0.0,0.0
2024-08-30 14:05:00-04:00,10.125,10.130000114440918,10.125,10.130000114440918,582,0.0,0.0
2024-08-30 14:10:00-04:00,10.130000114440918,10.130000114440918,10.125,10.125,3800,0.0,0.0
2024-08-30 14:15:00-04:00,10.125,10.130000114440918,10.119999885559082,10.119999885559082,2153,0.0,0.0
2024-08-30 14:20:00-04:00,10.119999885559082,10.130000114440918,10.119999885559082,10.130000114440918,4082,0.0,0.0
2024-08-30 14:25:00-04:00,10.140000343322754,10.140000343322754,10.135000228881836,10.140000343322754,3897,0.0,0.0
2024-08-30 14:30:00-04:00,10.130000114440918,10.130000114440918,10.130000114440918,10.130000114440918,2442,0.0,0.0
2024-08-30 14:35:00-04:00,10.140000343322754,10.145000457763672,10.139800071716309,10.145000457763672,5770,0.0,0.0
2024-08-30 14:40:00-04:00,10.149999618530273,10.149999618530273,10.139300346374512,10.140000343322754,3852,0.0,0.0
2024-08-30 14:45:00-04:00,10.135000228881836,10.140000343322754,10.130000114440918,10.140000343322754,3055,0.0,0.0
2024-08-30 14:50:00-04:00,10.149999618530273,10.149999618530273,10.149999618530273,10.149999618530273,772,0.0,0.0
2024-08-30 14:55:00-04:00,10.140999794006348,10.15999984741211,10.140999794006348,10.15999984741211,3247,0.0,0.0
2024-08-30 15:00:00-04:00,10.154999732971191,10.15999984741211,10.154999732971191,10.15999984741211,1487,0.0,0.0
2024-08-30 15:05:00-04:00,10.154999732971191,10.164999961853027,10.154999732971191,10.164999961853027,20543,0.0,0.0
2024-08-30 15:10:00-04:00,10.15999984741211,10.15999984741211,10.150099754333496,10.150099754333496,3411,0.0,0.0
2024-08-30 15:15:00-04:00,10.149999618530273,10.15999984741211,10.149999618530273,10.15999984741211,5565,0.0,0.0
2024-08-30 15:20:00-04:00,10.164999961853027,10.170000076293945,10.164999961853027,10.170000076293945,9005,0.0,0.0
2024-08-30 15:25:00-04:00,10.170000076293945,10.180000305175781,10.15999984741211,10.180000305175781,10468,0.0,0.0
2024-08-30 15:30:00-04:00,10.1899995803833,10.199999809265137,10.180000305175781,10.199999809265137,38946,0.0,0.0
2024-08-30 15:35:00-04:00,10.199999809265137,10.210000038146973,10.194999694824219,10.210000038146973,19734,0.0,0.0
2024-08-30 15:40:00-04:00,10.204999923706055,10.210000038146973,10.199999809265137,10.199999809265137,9331,0.0,0.0
2024-08-30 15:45:00-04:00,10.204999923706055,10.204999923706055,10.1850004196167,10.1850004196167,11187,0.0,0.0
2024-08-30 15:50:00-04:00,10.1899995803833,10.3100004196167,10.1899995803833,10.289999961853027,277722,0.0,0.0
2024-08-30 15:55:00-04:00,10.28499984741211,10.300000190734863,10.260000228881836,10.279999732971191,200412,0.0,0.0
2024-09-03 09:30:00-04:00,10.020000457763672,10.055000305175781,9.920000076293945,9.930000305175781,98203,0.0,0.0
2024-09-03 09:35:00-04:00,9.9399995803833,10.010000228881836,9.9399995803833,9.970000267028809,20643,0.0,0.0
2024-09-03 09:40:00-04:00,9.96500015258789,9.984999656677246,9.9350004196167,9.9399995803833,12714,0.0,0.0
2024-09-03 09:45:00-04:00,9.9350004196167,9.944999694824219,9.885000228881836,9.925000190734863,28712,0.0,0.0
2024-09-03 09:50:00-04:00,9.930000305175781,9.930000305175781,9.859999656677246,9.869999885559082,13365,0.0,0.0
2024-09-03 09:55:00-04:00,9.862000465393066,9.862000465393066,9.819899559020996,9.84000015258789,33040,0.0,0.0
2024-09-03 10:00:00-04:00,9.84000015258789,9.84000015258789,9.739999771118164,9.75,19742,0.0,0.0
2024-09-03 10:05:00-04:00,9.75,9.755000114440918,9.734999656677246,9.755000114440918,11699,0.0,0.0
2024-09-03 10:10:00-04:00,9.75,9.770000457763672,9.739700317382812,9.75,22085,0.0,0.0
2024-09-03 10:15:00-04:00,9.75979995727539,9.770000457763672,9.75,9.770000457763672,9770,0.0,0.0
2024-09-03 10:20:00-04:00,9.765000343322754,9.774999618530273,9.75,9.770000457763672,31014,0.0,0.0
2024-09-03 10:25:00-04:00,9.770000457763672,9.774999618530273,9.739999771118164,9.744999885559082,5514,0.0,0.0
2024-09-03 10:30:00-04:00,9.74269962310791,9.770000457763672,9.739999771118164,9.755000114440918,31520,0.0,0.0
2024-09-03 10:35:00-04:00,9.75,9.755000114440918,9.729999542236328,9.739999771118164,7911,0.0,0.0
2024-09-03 10:40:00-04:00,9.75,9.755000114440918,9.739999771118164,9.75,5245,0.0,0.0
2024-09-03 10:45:00-04:00,9.739999771118164,9.75,9.729999542236328,9.729999542236328,7552,0.0,0.0
2024-09-03 10:50:00-04:00,9.720000267028809,9.720000267028809,9.699999809265137,9.699999809265137,9637,0.0,0.0
2024-09-03 10:55:00-04:00,9.699999809265137,9.725000381469727,9.699999809265137,9.720000267028809,6457,0.0,0.0
2024-09-03 11:00:00-04:00,9.71500015258789,9.720000267028809,9.70199966430664,9.720000267028809,7081,0.0,0.0
2024-09-03 11:05:00-04:00,9.725000381469727,9.760000228881836,9.720000267028809,9.75,6729,0.0,0.0
2024-09-03 11:10:00-04:00,9.75,9.760000228881836,9.734999656677246,9.75,5899,0.0,0.0
2024-09-03 11:15:00-04:00,9.746800422668457,9.760000228881836,9.739999771118164,9.75,11893,0.0,0.0
2024-09-03 11:20:00-04:00,9.739999771118164,9.739999771118164,9.725000381469727,9.739999771118164,10543,0.0,0.0
2024-09-03 11:25:00-04:00,9.734999656677246,9.741100311279297,9.729999542236328,9.729999542236328,4502,0.0,0.0
2024-09-03 11:30:00-04:00,9.734999656677246,9.734999656677246,9.725000381469727,9.725000381469727,999,0.0,0.0
2024-09-03 11:35:00-04:00,9.729999542236328,9.75,9.729999542236328,9.730899810791016,5256,0.0,0.0
2024-09-03 11:40:00-04:00,9.720000267028809,9.725000381469727,9.720000267028809,9.725000381469727,2370,0.0,0.0
2024-09-03 11:45:00-04:00,9.725000381469727,9.734999656677246,9.720000267028809,9.720000267028809,2783,0.0,0.0
2024-09-03 11:50:00-04:00,9.71500015258789,9.739999771118164,9.71500015258789,9.734999656677246,3979,0.0,0.0
2024-09-03 11:55:00-04:00,9.734999656677246,9.734999656677246,9.710000038146973,9.71500015258789,4372,0.0,0.0
2024-09-03 12:00:00-04:00,9.71500015258789,9.729999542236328,9.71500015258789,9.729999542236328,2745,0.0,0.0
2024-09-03 12:05:00-04:00,9.720000267028809,9.729999542236328,9.71500015258789,9.725000381469727,4714,0.0,0.0
2024-09-03 12:10:00-04:00,9.729999542236328,9.739999771118164,9.729999542236328,9.734999656677246,4548,0.0,0.0
2024-09-03 12:15:00-04:00,9.734999656677246,9.739999771118164,9.720000267028809,9.729999542236328,4810,0.0,0.0
2024-09-03 12:20:00-04:00,9.729999542236328,9.75,9.729999542236328,9.744999885559082,7327,0.0,0.0
2024-09-03 12:25:00-04:00,9.744999885559082,9.744999885559082,9.734999656677246,9.734999656677246,1812,0.0,0.0
2024-09-03 12:30:00-04:00,9.739999771118164,9.739999771118164,9.710000038146973,9.710000038146973,18459,0.0,0.0
2024-09-03 12:35:00-04:00,9.71500015258789,9.729999542236328,9.710000038146973,9.725000381469727,2062,0.0,0.0
2024-09-03 12:40:00-04:00,9.720000267028809,9.720000267028809,9.720000267028809,9.720000267028809,2087,0.0,0.0
2024-09-03 12:45:00-04:00,9.71500015258789,9.720000267028809,9.694999694824219,9.704999923706055,9684,0.0,0.0
2024-09-03 12:50:00-04:00,9.699999809265137,9.71500015258789,9.699999809265137,9.71500015258789,6902,0.0,0.0
2024-09-03 12:55:00-04:00,9.710000038146973,9.720000267028809,9.710000038146973,9.71500015258789,9478,0.0,0.0
2024-09-03 13:00:00-04:00,9.71500015258789,9.71500015258789,9.699999809265137,9.699999809265137,32007,0.0,0.0
2024-09-03 13:05:00-04:00,9.704999923706055,9.725000381469727,9.704999923706055,9.725000381469727,6274,0.0,0.0
2024-09-03 13:10:00-04:00,9.725000381469727,9.725000381469727,9.701000213623047,9.710000038146973,15277,0.0,0.0
2024-09-03 13:15:00-04:00,9.710000038146973,9.720000267028809,9.710000038146973,9.710000038146973,2120,0.0,0.0
2024-09-03 13:20:00-04:00,9.720000267028809,9.739999771118164,9.720000267028809,9.734999656677246,5732,0.0,0.0
2024-09-03 13:25:00-04:00,9.734999656677246,9.734999656677246,9.725000381469727,9.725000381469727,6386,0.0,0.0
2024-09-03 13:30:00-04:00,9.720499992370605,9.720499992370605,9.71500015258789,9.71500015258789,3596,0.0,0.0
2024-09-03 13:35:00-04:00,9.720000267028809,9.734999656677246,9.720000267028809,9.729999542236328,2873,0.0,0.0
2024-09-03 13:40:00-04:00,9.734999656677246,9.739999771118164,9.729999542236328,9.734999656677246,12895,0.0,0.0
2024-09-03 13:45:00-04:00,9.729999542236328,9.734999656677246,9.720000267028809,9.720000267028809,3809,0.0,0.0
2024-09-03 13:50:00-04:00,9.71500015258789,9.71500015258789,9.704999923706055,9.710000038146973,6003,0.0,0.0
2024-09-03 13:55:00-04:00,9.702099800109863,9.704999923706055,9.6850004196167,9.6850004196167,8994,0.0,0.0
2024-09-03 14:00:00-04:00,9.6850004196167,9.6899995803833,9.680000305175781,9.680000305175781,20993,0.0,0.0
2024-09-03 14:05:00-04:00,9.680000305175781,9.6899995803833,9.664999961853027,9.6850004196167,50543,0.0,0.0
2024-09-03 14:10:00-04:00,9.6850004196167,9.6850004196167,9.6628999710083,9.670000076293945,25640,0.0,0.0
2024-09-03 14:15:00-04:00,9.65999984741211,9.664999961853027,9.630000114440918,9.630000114440918,41158,0.0,0.0
2024-09-03 14:20:00-04:00,9.630000114440918,9.639900207519531,9.619999885559082,9.619999885559082,17636,0.0,0.0
2024-09-03 14:25:00-04:00,9.625,9.65999984741211,9.619999885559082,9.654999732971191,54571,0.0,0.0
2024-09-03 14:30:00-04:00,9.65999984741211,9.6850004196167,9.65999984741211,9.6850004196167,33792,0.0,0.0
2024-09-03 14:35:00-04:00,9.6899995803833,9.6899995803833,9.670000076293945,9.675000190734863,5296,0.0,0.0
2024-09-03 14:40:00-04:00,9.680000305175781,9.6899995803833,9.670999526977539,9.6899995803833,13833,0.0,0.0
2024-09-03 14:45:00-04:00,9.6899995803833,9.6899995803833,9.670000076293945,9.680000305175781,9988,0.0,0.0
2024-09-03 14:50:00-04:00,9.680000305175781,9.680000305175781,9.675000190734863,9.680000305175781,4529,0.0,0.0
2024-09-03 14:55:00-04:00,9.679900169372559,9.680000305175781,9.664999961853027,9.670000076293945,10986,0.0,0.0
2024-09-03 15:00:00-04:00,9.664999961853027,9.670000076293945,9.65999984741211,9.664999961853027,13861,0.0,0.0
2024-09-03 15:05:00-04:00,9.664999961853027,9.675000190734863,9.65999984741211,9.65999984741211,32608,0.0,0.0
2024-09-03 15:10:00-04:00,9.664999961853027,9.680000305175781,9.65999984741211,9.664999961853027,14754,0.0,0.0
2024-09-03 15:15:00-04:00,9.664999961853027,9.664999961853027,9.65999984741211,9.664999961853027,2846,0.0,0.0
2024-09-03 15:20:00-04:00,9.664999961853027,9.664999961853027,9.649999618530273,9.65999984741211,13680,0.0,0.0
2024-09-03 15:25:00-04:00,9.670000076293945,9.670000076293945,9.654999732971191,9.654999732971191,12458,0.0,0.0
2024-09-03 15:30:00-04:00,9.654999732971191,9.670000076293945,9.640000343322754,9.645000457763672,17305,0.0,0.0
2024-09-03 15:35:00-04:00,9.645000457763672,9.645000457763672,9.630000114440918,9.635000228881836,19209,0.0,0.0
2024-09-03 15:40:00-04:00,9.63599967956543,9.638999938964844,9.625,9.635000228881836,30954,0.0,0.0
2024-09-03 15:45:00-04:00,9.630000114440918,9.649999618530273,9.630000114440918,9.649999618530273,41593,0.0,0.0
2024-09-03 15:50:00-04:00,9.649999618530273,9.65999984741211,9.645000457763672,9.659000396728516,54886,0.0,0.0
2024-09-03 15:55:00-04:00,9.654999732971191,9.664999961853027,9.649999618530273,9.65999984741211,97987,0.0,0.0
2024-09-04 09:30:00-04:00,9.600000381469727,9.699999809265137,9.600000381469727,9.680000305175781,52747,0.0,0.0
2024-09-04 09:35:00-04:00,9.6899995803833,9.710000038146973,9.670000076293945,9.699999809265137,12052,0.0,0.0
2024-09-04 09:40:00-04:00,9.710000038146973,9.710000038146973,9.640000343322754,9.640000343322754,12082,0.0,0.0
2024-09-04 09:45:00-04:00,9.630000114440918,9.640000343322754,9.609999656677246,9.619999885559082,5275,0.0,0.0
2024-09-04 09:50:00-04:00,9.614999771118164,9.640000343322754,9.609999656677246,9.640000343322754,6258,0.0,0.0
2024-09-04 09:55:00-04:00,9.640000343322754,9.670000076293945,9.640000343322754,9.649999618530273,5312,0.0,0.0
2024-09-04 10:00:00-04:00,9.649999618530273,9.680000305175781,9.635000228881836,9.664999961853027,25605,0.0,0.0
2024-09-04 10:05:00-04:00,9.65999984741211,9.675000190734863,9.640000343322754,9.675000190734863,10660,0.0,0.0
2024-09-04 10:10:00-04:00,9.680000305175781,9.694999694824219,9.670000076293945,9.675000190734863,7650,0.0,0.0
2024-09-04 10:15:00-04:00,9.670000076293945,9.6850004196167,9.649999618530273,9.649999618530273,7723,0.0,0.0
2024-09-04 10:20:00-04:00,9.649999618530273,9.658699989318848,9.640000343322754,9.642900466918945,8299,0.0,0.0
2024-09-04 10:25:00-04:00,9.649999618530273,9.649999618530273,9.619999885559082,9.625,8483,0.0,0.0
2024-09-04 10:30:00-04:00,9.630000114440918,9.654999732971191,9.619999885559082,9.654999732971191,8294,0.0,0.0
2024-09-04 10:35:00-04:00,9.649999618530273,9.65999984741211,9.649999618530273,9.65999984741211,4161,0.0,0.0
2024-09-04 10:40:00-04:00,9.670000076293945,9.734999656677246,9.670000076293945,9.720000267028809,21201,0.0,0.0
2024-09-04 10:45:00-04:00,9.71500015258789,9.729999542236328,9.65999984741211,9.670000076293945,11308,0.0,0.0
2024-09-04 10:50:00-04:00,9.670000076293945,9.670000076293945,9.65999984741211,9.670000076293945,7886,0.0,0.0
2024-09-04 10:55:00-04:00,9.675000190734863,9.680000305175781,9.664999961853027,9.680000305175781,9342,0.0,0.0
2024-09-04 11:00:00-04:00,9.699999809265137,9.725000381469727,9.699999809265137,9.710000038146973,4065,0.0,0.0
2024-09-04 11:05:00-04:00,9.710000038146973,9.739999771118164,9.710000038146973,9.739999771118164,6351,0.0,0.0
2024-09-04 11:10:00-04:00,9.739999771118164,9.744999885559082,9.720000267028809,9.720000267028809,18894,0.0,0.0
2024-09-04 11:15:00-04:00,9.710000038146973,9.710000038146973,9.699999809265137,9.710000038146973,5102,0.0,0.0
2024-09-04 11:20:00-04:00,9.710000038146973,9.710000038146973,9.6899995803833,9.699999809265137,18876,0.0,0.0
2024-09-04 11:25:00-04:00,9.694999694824219,9.694999694824219,9.680000305175781,9.680000305175781,8550,0.0,0.0
2024-09-04 11:30:00-04:00,9.670000076293945,9.6850004196167,9.65999984741211,9.675000190734863,6320,0.0,0.0
2024-09-04 11:35:00-04:00,9.670000076293945,9.675000190734863,9.649999618530273,9.65999984741211,12432,0.0,0.0
2024-09-04 11:40:00-04:00,9.65999984741211,9.670000076293945,9.65999984741211,9.664999961853027,9680,0.0,0.0
2024-09-04 11:45:00-04:00,9.664999961853027,9.675000190734863,9.654999732971191,9.654999732971191,12123,0.0,0.0
2024-09-04 11:50:00-04:00,9.649999618530273,9.664999961853027,9.649999618530273,9.65999984741211,9952,0.0,0.0
2024-09-04 11:55:00-04:00,9.65999984741211,9.675000190734863,9.654999732971191,9.670000076293945,4048,0.0,0.0
2024-09-04 12:00:00-04:00,9.65999984741211,9.65999984741211,9.65999984741211,9.65999984741211,2894,0.0,0.0
2024-09-04 12:05:00-04:00,9.65999984741211,9.65999984741211,9.654999732971191,9.65999984741211,1826,0.0,0.0
2024-09-04 12:10:00-04:00,9.664999961853027,9.664999961853027,9.654999732971191,9.654999732971191,3504,0.0,0.0
2024-09-04 12:15:00-04:00,9.65999984741211,9.664999961853027,9.654999732971191,9.654999732971191,6382,0.0,0.0
2024-09-04 12:20:00-04:00,9.649999618530273,9.664999961853027,9.649999618530273,9.664999961853027,9490,0.0,0.0
2024-09-04 12:25:00-04:00,9.670000076293945,9.670000076293945,9.640000343322754,9.640000343322754,28046,0.0,0.0
2024-09-04 12:30:00-04:00,9.640000343322754,9.669899940490723,9.640000343322754,9.65999984741211,8134,0.0,0.0
2024-09-04 12:35:00-04:00,9.65999984741211,9.670000076293945,9.649999618530273,9.670000076293945,2733,0.0,0.0
2024-09-04 12:40:00-04:00,9.670000076293945,9.670000076293945,9.649999618530273,9.649999618530273,5147,0.0,0.0
2024-09-04 12:45:00-04:00,9.649999618530273,9.654999732971191,9.640000343322754,9.640000343322754,3994,0.0,0.0
2024-09-04 12:50:00-04:00,9.649999618530273,9.649999618530273,9.649999618530273,9.649999618530273,804,0.0,0.0
2024-09-04 12:55:00-04:00,9.65999984741211,9.65999984741211,9.651300430297852,9.654999732971191,1194,0.0,0.0
2024-09-04 13:00:00-04:00,9.659799575805664,9.65999984741211,9.649999618530273,9.649999618530273,3125,0.0,0.0
2024-09-04 13:05:00-04:00,9.65999984741211,9.670000076293945,9.65999984741211,9.670000076293945,1843,0.0,0.0
2024-09-04 13:10:00-04:00,9.65999984741211,9.65999984741211,9.654999732971191,9.65999984741211,2648,0.0,0.0
2024-09-04 13:15:00-04:00,9.65999984741211,9.664999961853027,9.649999618530273,9.649999618530273,4254,0.0,0.0
2024-09-04 13:20:00-04:00,9.640000343322754,9.649999618530273,9.640000343322754,9.640000343322754,4872,0.0,0.0
2024-09-04 13:25:00-04:00,9.630000114440918,9.635000228881836,9.619999885559082,9.625,10127,0.0,0.0
2024-09-04 13:30:00-04:00,9.625,9.630000114440918,9.614999771118164,9.630000114440918,6652,0.0,0.0
2024-09-04 13:35:00-04:00,9.635000228881836,9.635000228881836,9.625,9.630000114440918,4000,0.0,0.0
2024-09-04 13:40:00-04:00,9.630000114440918,9.630000114440918,9.620499610900879,9.625,1840,0.0,0.0
2024-09-04 13:45:00-04:00,9.625,9.630000114440918,9.619999885559082,9.625,6643,0.0,0.0
2024-09-04 13:50:00-04:00,9.619999885559082,9.619999885559082,9.600000381469727,9.604999542236328,14774,0.0,0.0
2024-09-04 13:55:00-04:00,9.604999542236328,9.604999542236328,9.604999542236328,9.604999542236328,4041,0.0,0.0
2024-09-04 14:00:00-04:00,9.604999542236328,9.604999542236328,9.579999923706055,9.585000038146973,13433,0.0,0.0
2024-09-04 14:05:00-04:00,9.585000038146973,9.594200134277344,9.579999923706055,9.59000015258789,8250,0.0,0.0
2024-09-04 14:10:00-04:00,9.59000015258789,9.604999542236328,9.59000015258789,9.604999542236328,4238,0.0,0.0
2024-09-04 14:15:00-04:00,9.609999656677246,9.619999885559082,9.609999656677246,9.609999656677246,3644,0.0,0.0
2024-09-04 14:20:00-04:00,9.604999542236328,9.614999771118164,9.600000381469727,9.609999656677246,3259,0.0,0.0
2024-09-04 14:25:00-04:00,9.60890007019043,9.625,9.604999542236328,9.619999885559082,5915,0.0,0.0
2024-09-04 14:30:00-04:00,9.614999771118164,9.619999885559082,9.609999656677246,9.609999656677246,5157,0.0,0.0
2024-09-04 14:35:00-04:00,9.609700202941895,9.614999771118164,9.604999542236328,9.604999542236328,18531,0.0,0.0
2024-09-04 14:40:00-04:00,9.609999656677246,9.609999656677246,9.604999542236328,9.604999542236328,4556,0.0,0.0
2024-09-04 14:45:00-04:00,9.604999542236328,9.609999656677246,9.595000267028809,9.600700378417969,18321,0.0,0.0
2024-09-04 14:50:00-04:00,9.609999656677246,9.609999656677246,9.59000015258789,9.600000381469727,10596,0.0,0.0
2024-09-04 14:55:00-04:00,9.609999656677246,9.609999656677246,9.585000038146973,9.585000038146973,6183,0.0,0.0
2024-09-04 15:00:00-04:00,9.579999923706055,9.579999923706055,9.5649995803833,9.569999694824219,5118,0.0,0.0
2024-09-04 15:05:00-04:00,9.57229995727539,9.57229995727539,9.5649995803833,9.569999694824219,6685,0.0,0.0
2024-09-04 15:10:00-04:00,9.574999809265137,9.574999809265137,9.569999694824219,9.574999809265137,2015,0.0,0.0
2024-09-04 15:15:00-04:00,9.574999809265137,9.579999923706055,9.569999694824219,9.574999809265137,19923,0.0,0.0
2024-09-04 15:20:00-04:00,9.574999809265137,9.574999809265137,9.569999694824219,9.574999809265137,2310,0.0,0.0
2024-09-04 15:25:00-04:00,9.574999809265137,9.585000038146973,9.569999694824219,9.574999809265137,8204,0.0,0.0
2024-09-04 15:30:00-04:00,9.569999694824219,9.569999694824219,9.524999618530273,9.529999732971191,28220,0.0,0.0
2024-09-04 15:35:00-04:00,9.53499984741211,9.53499984741211,9.520000457763672,9.53499984741211,5516,0.0,0.0
2024-09-04 15:40:00-04:00,9.529999732971191,9.539999961853027,9.520000457763672,9.520000457763672,28340,0.0,0.0
2024-09-04 15:45:00-04:00,9.524999618530273,9.524999618530273,9.505000114440918,9.505000114440918,23933,0.0,0.0
2024-09-04 15:50:00-04:00,9.510000228881836,9.53499984741211,9.510000228881836,9.53499984741211,44915,0.0,0.0
2024-09-04 15:55:00-04:00,9.529999732971191,9.550000190734863,9.529999732971191,9.545000076293945,103348,0.0,0.0
2024-09-05 09:30:00-04:00,9.699999809265137,9.699999809265137,9.619999885559082,9.649999618530273,15370,0.0,0.0
2024-09-05 09:35:00-04:00,9.654999732971191,9.654999732971191,9.600000381469727,9.600000381469727,3931,0.0,0.0
2024-09-05 09:40:00-04:00,9.569999694824219,9.600000381469727,9.569999694824219,9.579999923706055,10924,0.0,0.0
2024-09-05 09:45:00-04:00,9.59000015258789,9.59000015258789,9.550000190734863,9.5600004196167,7532,0.0,0.0
2024-09-05 09:50:00-04:00,9.550000190734863,9.558899879455566,9.529999732971191,9.529999732971191,25369,0.0,0.0
2024-09-05 09:55:00-04:00,9.529999732971191,9.574999809265137,9.529999732971191,9.550000190734863,18484,0.0,0.0
2024-09-05 10:00:00-04:00,9.539999961853027,9.619999885559082,9.539999961853027,9.619999885559082,20494,0.0,0.0
2024-09-05 10:05:00-04:00,9.609999656677246,9.619999885559082,9.600000381469727,9.609999656677246,3470,0.0,0.0
2024-09-05 10:10:00-04:00,9.619999885559082,9.619999885559082,9.550000190734863,9.550000190734863,6988,0.0,0.0
2024-09-05 10:15:00-04:00,9.529999732971191,9.5600004196167,9.529999732971191,9.5600004196167,3781,0.0,0.0
2024-09-05 10:20:00-04:00,9.555000305175781,9.595000267028809,9.555000305175781,9.580300331115723,9201,0.0,0.0
2024-09-05 10:25:00-04:00,9.59000015258789,9.59000015258789,9.569999694824219,9.579999923706055,1015,0.0,0.0
2024-09-05 10:30:00-04:00,9.5649995803833,9.579999923706055,9.5600004196167,9.579999923706055,7756,0.0,0.0
2024-09-05 10:35:00-04:00,9.579999923706055,9.600000381469727,9.579999923706055,9.59000015258789,10118,0.0,0.0
2024-09-05 10:40:00-04:00,9.595000267028809,9.600000381469727,9.579999923706055,9.579999923706055,7787,0.0,0.0
2024-09-05 10:45:00-04:00,9.59000015258789,9.604999542236328,9.59000015258789,9.604999542236328,4223,0.0,0.0
2024-09-05 10:50:00-04:00,9.59000015258789,9.59000015258789,9.569999694824219,9.579999923706055,2626,0.0,0.0
2024-09-05 10:55:00-04:00,9.59000015258789,9.595000267028809,9.579999923706055,9.579999923706055,4329,0.0,0.0
2024-09-05 11:00:00-04:00,9.59000015258789,9.600000381469727,9.585000038146973,9.600000381469727,2373,0.0,0.0
2024-09-05 11:05:00-04:00,9.599900245666504,9.599900245666504,9.569999694824219,9.569999694824219,8093,0.0,0.0
2024-09-05 11:10:00-04:00,9.569999694824219,9.579999923706055,9.5600004196167,9.5600004196167,11681,0.0,0.0
2024-09-05 11:15:00-04:00,9.550000190734863,9.5600004196167,9.550000190734863,9.5600004196167,5730,0.0,0.0
2024-09-05 11:20:00-04:00,9.569999694824219,9.569999694824219,9.539999961853027,9.539999961853027,9329,0.0,0.0
2024-09-05 11:25:00-04:00,9.539999961853027,9.539999961853027,9.529999732971191,9.529999732971191,3803,0.0,0.0
2024-09-05 11:30:00-04:00,9.529999732971191,9.529999732971191,9.510000228881836,9.51990032196045,14701,0.0,0.0
2024-09-05 11:35:00-04:00,9.520000457763672,9.529999732971191,9.520000457763672,9.520000457763672,3873,0.0,0.0
2024-09-05 11:40:00-04:00,9.520000457763672,9.529899597167969,9.505000114440918,9.505000114440918,6976,0.0,0.0
2024-09-05 11:45:00-04:00,9.500100135803223,9.510000228881836,9.500100135803223,9.510000228881836,1766,0.0,0.0
2024-09-05 11:50:00-04:00,9.510000228881836,9.510000228881836,9.484999656677246,9.489999771118164,6770,0.0,0.0
2024-09-05 11:55:00-04:00,9.484999656677246,9.5,9.479999542236328,9.484999656677246,2954,0.0,0.0
2024-09-05 12:00:00-04:00,9.479999542236328,9.489999771118164,9.475000381469727,9.479999542236328,3233,0.0,0.0
2024-09-05 12:05:00-04:00,9.48550033569336,9.48550033569336,9.460000038146973,9.46500015258789,6336,0.0,0.0
2024-09-05 12:10:00-04:00,9.460000038146973,9.470000267028809,9.449999809265137,9.449999809265137,10998,0.0,0.0
2024-09-05 12:15:00-04:00,9.449999809265137,9.460000038146973,9.444999694824219,9.460000038146973,10325,0.0,0.0
2024-09-05 12:20:00-04:00,9.470000267028809,9.484999656677246,9.470000267028809,9.484999656677246,3083,0.0,0.0
2024-09-05 12:25:00-04:00,9.489999771118164,9.515000343322754,9.489999771118164,9.510000228881836,4121,0.0,0.0
2024-09-05 12:30:00-04:00,9.494999885559082,9.494999885559082,9.489999771118164,9.489999771118164,645,0.0,0.0
2024-09-05 12:35:00-04:00,9.489999771118164,9.5,9.489999771118164,9.489999771118164,4793,0.0,0.0
2024-09-05 12:40:00-04:00,9.489999771118164,9.489999771118164,9.479999542236328,9.479999542236328,951,0.0,0.0
2024-09-05 12:45:00-04:00,9.473199844360352,9.473199844360352,9.470000267028809,9.470000267028809,606,0.0,0.0
2024-09-05 12:50:00-04:00,9.470000267028809,9.48390007019043,9.470000267028809,9.479999542236328,2594,0.0,0.0
2024-09-05 12:55:00-04:00,9.5,9.5,9.494999885559082,9.494999885559082,4773,0.0,0.0
2024-09-05 13:00:00-04:00,9.489999771118164,9.489999771118164,9.489999771118164,9.489999771118164,619,0.0,0.0
2024-09-05 13:05:00-04:00,9.479999542236328,9.484999656677246,9.470000267028809,9.484999656677246,1827,0.0,0.0
2024-09-05 13:10:00-04:00,9.489999771118164,9.489999771118164,9.489999771118164,9.489999771118164,5099,0.0,0.0
2024-09-05 13:15:00-04:00,9.479999542236328,9.491299629211426,9.470000267028809,9.491299629211426,2662,0.0,0.0
2024-09-05 13:20:00-04:00,9.498700141906738,9.498700141906738,9.489999771118164,9.489999771118164,4237,0.0,0.0
2024-09-05 13:25:00-04:00,9.494999885559082,9.5,9.479999542236328,9.479999542236328,5085,0.0,0.0
2024-09-05 13:30:00-04:00,9.479999542236328,9.484999656677246,9.479999542236328,9.484999656677246,4890,0.0,0.0
2024-09-05 13:35:00-04:00,9.484999656677246,9.5,9.484999656677246,9.494999885559082,917,0.0,0.0
2024-09-05 13:40:00-04:00,9.5,9.5,9.5,9.5,1678,0.0,0.0
2024-09-05 13:45:00-04:00,9.5,9.510000228881836,9.5,9.5,4815,0.0,0.0
2024-09-05 13:50:00-04:00,9.489999771118164,9.494999885559082,9.479999542236328,9.479999542236328,3613,0.0,0.0
2024-09-05 13:55:00-04:00,9.479999542236328,9.489999771118164,9.479999542236328,9.489999771118164,3253,0.0,0.0
2024-09-05 14:00:00-04:00,9.494999885559082,9.494999885559082,9.489999771118164,9.489999771118164,2476,0.0,0.0
2024-09-05 14:05:00-04:00,9.489999771118164,9.489999771118164,9.479999542236328,9.479999542236328,4233,0.0,0.0
2024-09-05 14:10:00-04:00,9.484999656677246,9.484999656677246,9.470000267028809,9.470000267028809,11207,0.0,0.0
2024-09-05 14:15:00-04:00,9.475000381469727,9.479999542236328,9.475000381469727,9.479999542236328,705,0.0,0.0
2024-09-05 14:20:00-04:00,9.479999542236328,9.489999771118164,9.479999542236328,9.489999771118164,4497,0.0,0.0
2024-09-05 14:25:00-04:00,9.489999771118164,9.489999771118164,9.479999542236328,9.479999542236328,3305,0.0,0.0
2024-09-05 14:30:00-04:00,9.475700378417969,9.484999656677246,9.475700378417969,9.484999656677246,1623,0.0,0.0
2024-09-05 14:35:00-04:00,9.484999656677246,9.489999771118164,9.484999656677246,9.489999771118164,13960,0.0,0.0
2024-09-05 14:40:00-04:00,9.489999771118164,9.494999885559082,9.489999771118164,9.494999885559082,8338,0.0,0.0
2024-09-05 14:45:00-04:00,9.489999771118164,9.494999885559082,9.489999771118164,9.494999885559082,1252,0.0,0.0
2024-09-05 14:50:00-04:00,9.490500450134277,9.494999885559082,9.490500450134277,9.494999885559082,10715,0.0,0.0
2024-09-05 14:55:00-04:00,9.489999771118164,9.489999771118164,9.475000381469727,9.475000381469727,1951,0.0,0.0
2024-09-05 15:00:00-04:00,9.470000267028809,9.470000267028809,9.454999923706055,9.46500015258789,4307,0.0,0.0
2024-09-05 15:05:00-04:00,9.46500015258789,9.46500015258789,9.454999923706055,9.460000038146973,5185,0.0,0.0
2024-09-05 15:10:00-04:00,9.460000038146973,9.460000038146973,9.4350004196167,9.4399995803833,9777,0.0,0.0
2024-09-05 15:15:00-04:00,9.4399995803833,9.4399995803833,9.420000076293945,9.420000076293945,5257,0.0,0.0
2024-09-05 15:20:00-04:00,9.420000076293945,9.430999755859375,9.420000076293945,9.430100440979004,6679,0.0,0.0
2024-09-05 15:25:00-04:00,9.430000305175781,9.44890022277832,9.430000305175781,9.446499824523926,5196,0.0,0.0
2024-09-05 15:30:00-04:00,9.445500373840332,9.445500373840332,9.434499740600586,9.4350004196167,3102,0.0,0.0
2024-09-05 15:35:00-04:00,9.430000305175781,9.4399995803833,9.414999961853027,9.425000190734863,10855,0.0,0.0
2024-09-05 15:40:00-04:00,9.420000076293945,9.420000076293945,9.399999618530273,9.399999618530273,10099,0.0,0.0
2024-09-05 15:45:00-04:00,9.399999618530273,9.430000305175781,9.399999618530273,9.430000305175781,42994,0.0,0.0
2024-09-05 15:50:00-04:00,9.420000076293945,9.430000305175781,9.399999618530273,9.404999732971191,29057,0.0,0.0
2024-09-05 15:55:00-04:00,9.404999732971191,9.420000076293945,9.399999618530273,9.420000076293945,43931,0.0,0.0
2024-09-06 09:30:00-04:00,9.380000114440918,9.460000038146973,9.369999885559082,9.460000038146973,77883,0.0,0.0
2024-09-06 09:35:00-04:00,9.470000267028809,9.470000267028809,9.430000305175781,9.430000305175781,8092,0.0,0.0
2024-09-06 09:40:00-04:00,9.420000076293945,9.454999923706055,9.420000076293945,9.4399995803833,3698,0.0,0.0
2024-09-06 09:45:00-04:00,9.44950008392334,9.5,9.44950008392334,9.489999771118164,13152,0.0,0.0
2024-09-06 09:50:00-04:00,9.489999771118164,9.489999771118164,9.444999694824219,9.449999809265137,6026,0.0,0.0
2024-09-06 09:55:00-04:00,9.449999809265137,9.449999809265137,9.430000305175781,9.430000305175781,12864,0.0,0.0
2024-09-06 10:00:00-04:00,9.420000076293945,9.420000076293945,9.404999732971191,9.407999992370605,6606,0.0,0.0
2024-09-06 10:05:00-04:00,9.404999732971191,9.40999984741211,9.359999656677246,9.380000114440918,11133,0.0,0.0
2024-09-06 10:10:00-04:00,9.380000114440918,9.385000228881836,9.369999885559082,9.369999885559082,8510,0.0,0.0
2024-09-06 10:15:00-04:00,9.380000114440918,9.380000114440918,9.359999656677246,9.380000114440918,24985,0.0,0.0
2024-09-06 10:20:00-04:00,9.380000114440918,9.390000343322754,9.369999885559082,9.369999885559082,9144,0.0,0.0
2024-09-06 10:25:00-04:00,9.364999771118164,9.364999771118164,9.329999923706055,9.329999923706055,21130,0.0,0.0
2024-09-06 10:30:00-04:00,9.329899787902832,9.329899787902832,9.3100004196167,9.3100004196167,14030,0.0,0.0
2024-09-06 10:35:00-04:00,9.289999961853027,9.300000190734863,9.276599884033203,9.289999961853027,13932,0.0,0.0
2024-09-06 10:40:00-04:00,9.300000190734863,9.3100004196167,9.274999618530273,9.274999618530273,17183,0.0,0.0
2024-09-06 10:45:00-04:00,9.279999732971191,9.28499984741211,9.270000457763672,9.279999732971191,31981,0.0,0.0
2024-09-06 10:50:00-04:00,9.279999732971191,9.279999732971191,9.25,9.25,4560,0.0,0.0
2024-09-06 10:55:00-04:00,9.244999885559082,9.255000114440918,9.234999656677246,9.25,21805,0.0,0.0
2024-09-06 11:00:00-04:00,9.260000228881836,9.329999923706055,9.260000228881836,9.3100004196167,8462,0.0,0.0
2024-09-06 11:05:00-04:00,9.3100004196167,9.3100004196167,9.270000457763672,9.270000457763672,4338,0.0,0.0
2024-09-06 11:10:00-04:00,9.270000457763672,9.289999961853027,9.265000343322754,9.279999732971191,7131,0.0,0.0
2024-09-06 11:15:00-04:00,9.279999732971191,9.279999732971191,9.25,9.25,18659,0.0,0.0
2024-09-06 11:20:00-04:00,9.25,9.255000114440918,9.234999656677246,9.239999771118164,17565,0.0,0.0
2024-09-06 11:25:00-04:00,9.229999542236328,9.229999542236328,9.21500015258789,9.229900360107422,12954,0.0,0.0
2024-09-06 11:30:00-04:00,9.229999542236328,9.240099906921387,9.229999542236328,9.239999771118164,4773,0.0,0.0
2024-09-06 11:35:00-04:00,9.229999542236328,9.229999542236328,9.220000267028809,9.229999542236328,2871,0.0,0.0
2024-09-06 11:40:00-04:00,9.229999542236328,9.229999542236328,9.199999809265137,9.199999809265137,4416,0.0,0.0
2024-09-06 11:45:00-04:00,9.1899995803833,9.1899995803833,9.164999961853027,9.175000190734863,10710,0.0,0.0
2024-09-06 11:50:00-04:00,9.170499801635742,9.170499801635742,9.15999984741211,9.15999984741211,2194,0.0,0.0
2024-09-06 11:55:00-04:00,9.170000076293945,9.180000305175781,9.160699844360352,9.170000076293945,11950,0.0,0.0
2024-09-06 12:00:00-04:00,9.170000076293945,9.18120002746582,9.160099983215332,9.164999961853027,13861,0.0,0.0
2024-09-06 12:05:00-04:00,9.164999961853027,9.1850004196167,9.164999961853027,9.180000305175781,4405,0.0,0.0
2024-09-06 12:10:00-04:00,9.180000305175781,9.1899995803833,9.175000190734863,9.180000305175781,3517,0.0,0.0
2024-09-06 12:15:00-04:00,9.180000305175781,9.180000305175781,9.164999961853027,9.164999961853027,6600,0.0,0.0
2024-09-06 12:20:00-04:00,9.170000076293945,9.180000305175781,9.164999961853027,9.180000305175781,3516,0.0,0.0
2024-09-06 12:25:00-04:00,9.194999694824219,9.198800086975098,9.180000305175781,9.180000305175781,1517,0.0,0.0
2024-09-06 12:30:00-04:00,9.170000076293945,9.170000076293945,9.140000343322754,9.15999984741211,42463,0.0,0.0
2024-09-06 12:35:00-04:00,9.164999961853027,9.179900169372559,9.164999961853027,9.170000076293945,2324,0.0,0.0
2024-09-06 12:40:00-04:00,9.15999984741211,9.168800354003906,9.145000457763672,9.168800354003906,7167,0.0,0.0
2024-09-06 12:45:00-04:00,9.15999984741211,9.15999984741211,9.149999618530273,9.149999618530273,5269,0.0,0.0
2024-09-06 12:50:00-04:00,9.145000457763672,9.145000457763672,9.140000343322754,9.145000457763672,4206,0.0,0.0
2024-09-06 12:55:00-04:00,9.149999618530273,9.1899995803833,9.149999618530273,9.1899995803833,14962,0.0,0.0
2024-09-06 13:00:00-04:00,9.1899995803833,9.204999923706055,9.189399719238281,9.204999923706055,8110,0.0,0.0
2024-09-06 13:05:00-04:00,9.210000038146973,9.21500015258789,9.194999694824219,9.21500015258789,1791,0.0,0.0
2024-09-06 13:10:00-04:00,9.229999542236328,9.25,9.229999542236328,9.239999771118164,2135,0.0,0.0
2024-09-06 13:15:00-04:00,9.229999542236328,9.229999542236328,9.220000267028809,9.229900360107422,4612,0.0,0.0
2024-09-06 13:20:00-04:00,9.225000381469727,9.239999771118164,9.225000381469727,9.239999771118164,1015,0.0,0.0
2024-09-06 13:25:00-04:00,9.239999771118164,9.244999885559082,9.229999542236328,9.229999542236328,2194,0.0,0.0
2024-09-06 13:30:00-04:00,9.220000267028809,9.220000267028809,9.204999923706055,9.204999923706055,2115,0.0,0.0
2024-09-06 13:35:00-04:00,9.199999809265137,9.199999809265137,9.1850004196167,9.1899995803833,4591,0.0,0.0
2024-09-06 13:40:00-04:00,9.180000305175781,9.184200286865234,9.175000190734863,9.175000190734863,5512,0.0,0.0
2024-09-06 13:45:00-04:00,9.180000305175781,9.180000305175781,9.180000305175781,9.180000305175781,1384,0.0,0.0
2024-09-06 13:50:00-04:00,9.18019962310791,9.1899995803833,9.180000305175781,9.1899995803833,767,0.0,0.0
2024-09-06 13:55:00-04:00,9.1899995803833,9.199999809265137,9.1899995803833,9.1899995803833,3487,0.0,0.0
2024-09-06 14:00:00-04:00,9.180000305175781,9.180000305175781,9.15999984741211,9.164999961853027,11440,0.0,0.0
2024-09-06 14:05:00-04:00,9.15999984741211,9.15999984741211,9.15999984741211,9.15999984741211,1765,0.0,0.0
2024-09-06 14:10:00-04:00,9.149999618530273,9.154999732971191,9.142900466918945,9.154999732971191,5119,0.0,0.0
2024-09-06 14:15:00-04:00,9.15999984741211,9.15999984741211,9.15999984741211,9.15999984741211,2021,0.0,0.0
2024-09-06 14:20:00-04:00,9.15999984741211,9.170000076293945,9.15999984741211,9.170000076293945,3919,0.0,0.0
2024-09-06 14:25:00-04:00,9.170000076293945,9.170000076293945,9.15999984741211,9.15999984741211,3794,0.0,0.0
2024-09-06 14:30:00-04:00,9.15999984741211,9.15999984741211,9.149999618530273,9.149999618530273,2417,0.0,0.0
2024-09-06 14:35:00-04:00,9.140000343322754,9.15999984741211,9.140000343322754,9.15999984741211,9402,0.0,0.0
2024-09-06 14:40:00-04:00,9.154999732971191,9.15999984741211,9.149999618530273,9.15999984741211,644,0.0,0.0
2024-09-06 14:45:00-04:00,9.154999732971191,9.15999984741211,9.154999732971191,9.15999984741211,4978,0.0,0.0
2024-09-06 14:50:00-04:00,9.15999984741211,9.170000076293945,9.15999984741211,9.170000076293945,2941,0.0,0.0
2024-09-06 14:55:00-04:00,9.170000076293945,9.180000305175781,9.170000076293945,9.17870044708252,2892,0.0,0.0
2024-09-06 15:00:00-04:00,9.175000190734863,9.1850004196167,9.175000190734863,9.175000190734863,8865,0.0,0.0
2024-09-06 15:05:00-04:00,9.170000076293945,9.1899995803833,9.170000076293945,9.180000305175781,3899,0.0,0.0
2024-09-06 15:10:00-04:00,9.175000190734863,9.1850004196167,9.175000190734863,9.175000190734863,4507,0.0,0.0
2024-09-06 15:15:00-04:00,9.180000305175781,9.189000129699707,9.179900169372559,9.189000129699707,4160,0.0,0.0
2024-09-06 15:20:00-04:00,9.1899995803833,9.199999809265137,9.180800437927246,9.199999809265137,3637,0.0,0.0
2024-09-06 15:25:00-04:00,9.199999809265137,9.220000267028809,9.199999809265137,9.204999923706055,12654,0.0,0.0
2024-09-06 15:30:00-04:00,9.210000038146973,9.210000038146973,9.175000190734863,9.1899995803833,26533,0.0,0.0
2024-09-06 15:35:00-04:00,9.180000305175781,9.180000305175781,9.164999961853027,9.164999961853027,3823,0.0,0.0
2024-09-06 15:40:00-04:00,9.168800354003906,9.199999809265137,9.16759967803955,9.199999809265137,9329,0.0,0.0
2024-09-06 15:45:00-04:00,9.199999809265137,9.199999809265137,9.1899995803833,9.199999809265137,8320,0.0,0.0
2024-09-06 15:50:00-04:00,9.199999809265137,9.204999923706055,9.170000076293945,9.170000076293945,31240,0.0,0.0
2024-09-06 15:55:00-04:00,9.17870044708252,9.1899995803833,9.170000076293945,9.180000305175781,64517,0.0,0.0
