Datetime,Open,High,Low,Close,Volume,Dividends,Stock Splits
2024-10-14 09:30:00-04:00,0.5339999794960022,0.5339999794960022,0.5339999794960022,0.5339999794960022,14772,0.0,0.0
2024-10-14 09:35:00-04:00,0.5350000262260437,0.5350000262260437,0.5350000262260437,0.5350000262260437,6728,0.0,0.0
2024-10-14 09:37:00-04:00,0.535099983215332,0.535099983215332,0.535099983215332,0.535099983215332,0,0.0,0.0
2024-10-14 09:40:00-04:00,0.5400000214576721,0.5400000214576721,0.5361999869346619,0.5361999869346619,7265,0.0,0.0
2024-10-14 09:42:00-04:00,0.538100004196167,0.538100004196167,0.538100004196167,0.538100004196167,0,0.0,0.0
2024-10-14 09:43:00-04:00,0.5400000214576721,0.5400000214576721,0.5400000214576721,0.5400000214576721,1735,0.0,0.0
2024-10-14 09:44:00-04:00,0.5490000247955322,0.5490000247955322,0.5490000247955322,0.5490000247955322,3975,0.0,0.0
2024-10-14 09:45:00-04:00,0.5364000201225281,0.5370000004768372,0.5364000201225281,0.5364999771118164,4590,0.0,0.0
2024-10-14 09:59:00-04:00,0.5432000160217285,0.5432000160217285,0.5432000160217285,0.5432000160217285,192,0.0,0.0
2024-10-14 10:02:00-04:00,0.5498999953269958,0.5498999953269958,0.5498999953269958,0.5498999953269958,306,0.0,0.0
2024-10-14 10:16:00-04:00,0.5497000217437744,0.5497000217437744,0.5497000217437744,0.5497000217437744,201,0.0,0.0
2024-10-14 10:21:00-04:00,0.5497999787330627,0.5497999787330627,0.5497999787330627,0.5497999787330627,830,0.0,0.0
2024-10-14 10:29:00-04:00,0.5390999913215637,0.5390999913215637,0.5390999913215637,0.5390999913215637,392,0.0,0.0
2024-10-14 10:30:00-04:00,0.5390999913215637,0.5390999913215637,0.5390999913215637,0.5390999913215637,431,0.0,0.0
2024-10-14 10:39:00-04:00,0.5490000247955322,0.5490000247955322,0.5490000247955322,0.5490000247955322,200,0.0,0.0
2024-10-14 10:43:00-04:00,0.5440000295639038,0.5440000295639038,0.5400000214576721,0.5400000214576721,2639,0.0,0.0
2024-10-14 10:51:00-04:00,0.5483999848365784,0.5483999848365784,0.5483999848365784,0.5483999848365784,701,0.0,0.0
2024-10-14 10:54:00-04:00,0.5457000136375427,0.5457000136375427,0.5457000136375427,0.5457000136375427,2753,0.0,0.0
2024-10-14 10:57:00-04:00,0.5479999780654907,0.5479999780654907,0.5479999780654907,0.5479999780654907,1014,0.0,0.0
2024-10-14 11:01:00-04:00,0.5479000210762024,0.5479000210762024,0.5479000210762024,0.5479000210762024,497,0.0,0.0
2024-10-14 11:03:00-04:00,0.5442000031471252,0.5442000031471252,0.5442000031471252,0.5442000031471252,193,0.0,0.0
2024-10-14 11:07:00-04:00,0.5442000031471252,0.5479999780654907,0.5442000031471252,0.5479999780654907,667,0.0,0.0
2024-10-14 11:08:00-04:00,0.5479999780654907,0.5479999780654907,0.5443000197410583,0.5443000197410583,2015,0.0,0.0
2024-10-14 11:19:00-04:00,0.550000011920929,0.550000011920929,0.550000011920929,0.550000011920929,5649,0.0,0.0
2024-10-14 11:26:00-04:00,0.5480999946594238,0.5480999946594238,0.5480999946594238,0.5480999946594238,101,0.0,0.0
2024-10-14 11:29:00-04:00,0.5498999953269958,0.5498999953269958,0.5446000099182129,0.5446000099182129,1562,0.0,0.0
2024-10-14 11:37:00-04:00,0.550000011920929,0.550000011920929,0.5446000099182129,0.5446000099182129,2265,0.0,0.0
2024-10-14 11:51:00-04:00,0.5473999977111816,0.5473999977111816,0.5473999977111816,0.5473999977111816,230,0.0,0.0
2024-10-14 12:03:00-04:00,0.5457000136375427,0.5457000136375427,0.5457000136375427,0.5457000136375427,3433,0.0,0.0
2024-10-14 12:31:00-04:00,0.5450999736785889,0.545199990272522,0.5450999736785889,0.545199990272522,1337,0.0,0.0
2024-10-14 12:38:00-04:00,0.5450999736785889,0.5450999736785889,0.5450999736785889,0.5450999736785889,1483,0.0,0.0
2024-10-14 12:39:00-04:00,0.5446000099182129,0.5446000099182129,0.5446000099182129,0.5446000099182129,300,0.0,0.0
2024-10-14 12:44:00-04:00,0.5464000105857849,0.5482000112533569,0.5464000105857849,0.5464000105857849,1032,0.0,0.0
2024-10-14 12:47:00-04:00,0.5475999712944031,0.5475999712944031,0.5475999712944031,0.5475999712944031,310,0.0,0.0
2024-10-14 12:50:00-04:00,0.5482000112533569,0.5482000112533569,0.5482000112533569,0.5482000112533569,2581,0.0,0.0
2024-10-14 12:56:00-04:00,0.5462999939918518,0.5462999939918518,0.5462999939918518,0.5462999939918518,2000,0.0,0.0
2024-10-14 12:57:00-04:00,0.544700026512146,0.544700026512146,0.544700026512146,0.544700026512146,0,0.0,0.0
2024-10-14 12:59:00-04:00,0.544700026512146,0.544700026512146,0.544700026512146,0.544700026512146,1002,0.0,0.0
2024-10-14 13:00:00-04:00,0.5461000204086304,0.5461000204086304,0.5461000204086304,0.5461000204086304,2106,0.0,0.0
2024-10-14 13:02:00-04:00,0.5464000105857849,0.5464000105857849,0.5446000099182129,0.5446000099182129,2132,0.0,0.0
2024-10-14 13:29:00-04:00,0.5449000000953674,0.5449000000953674,0.5449000000953674,0.5449000000953674,1202,0.0,0.0
2024-10-14 13:31:00-04:00,0.5461000204086304,0.5461000204086304,0.544700026512146,0.544700026512146,3492,0.0,0.0
2024-10-14 13:32:00-04:00,0.5458999872207642,0.5458999872207642,0.5444999933242798,0.5444999933242798,801,0.0,0.0
2024-10-14 13:33:00-04:00,0.5444999933242798,0.5444999933242798,0.5360000133514404,0.5360000133514404,15663,0.0,0.0
2024-10-14 13:41:00-04:00,0.5360999703407288,0.5360999703407288,0.5360999703407288,0.5360999703407288,1211,0.0,0.0
2024-10-14 13:45:00-04:00,0.5360999703407288,0.5360999703407288,0.5360000133514404,0.5360000133514404,1867,0.0,0.0
2024-10-14 13:46:00-04:00,0.5360000133514404,0.5360000133514404,0.5360000133514404,0.5360000133514404,913,0.0,0.0
2024-10-14 13:55:00-04:00,0.5360999703407288,0.5360999703407288,0.5360999703407288,0.5360999703407288,1259,0.0,0.0
2024-10-14 13:58:00-04:00,0.5360999703407288,0.5360999703407288,0.5360999703407288,0.5360999703407288,974,0.0,0.0
2024-10-14 13:59:00-04:00,0.5332000255584717,0.5332000255584717,0.5302000045776367,0.5315999984741211,2663,0.0,0.0
2024-10-14 14:00:00-04:00,0.5332000255584717,0.5332000255584717,0.5332000255584717,0.5332000255584717,2138,0.0,0.0
2024-10-14 14:09:00-04:00,0.5340999960899353,0.5340999960899353,0.5340999960899353,0.5340999960899353,2000,0.0,0.0
2024-10-14 14:10:00-04:00,0.5340999960899353,0.5340999960899353,0.5335999727249146,0.5335999727249146,1001,0.0,0.0
2024-10-14 14:20:00-04:00,0.5310999751091003,0.5317999720573425,0.5299999713897705,0.5299999713897705,945,0.0,0.0
2024-10-14 14:21:00-04:00,0.5250999927520752,0.5250999927520752,0.5250999927520752,0.5250999927520752,1423,0.0,0.0
2024-10-14 14:24:00-04:00,0.5252000093460083,0.5252000093460083,0.5252000093460083,0.5252000093460083,545,0.0,0.0
2024-10-14 14:26:00-04:00,0.5285000205039978,0.5285000205039978,0.5285000205039978,0.5285000205039978,1532,0.0,0.0
2024-10-14 14:35:00-04:00,0.5250999927520752,0.5250999927520752,0.5250999927520752,0.5250999927520752,889,0.0,0.0
2024-10-14 14:50:00-04:00,0.5289999842643738,0.5317999720573425,0.5289999842643738,0.5317999720573425,6525,0.0,0.0
2024-10-14 14:58:00-04:00,0.52920001745224,0.52920001745224,0.52920001745224,0.52920001745224,461,0.0,0.0
2024-10-14 15:00:00-04:00,0.5260000228881836,0.5260000228881836,0.5249999761581421,0.5249999761581421,3637,0.0,0.0
2024-10-14 15:02:00-04:00,0.5252000093460083,0.5252000093460083,0.5252000093460083,0.5252000093460083,1748,0.0,0.0
2024-10-14 15:17:00-04:00,0.5230000019073486,0.526199996471405,0.5210999846458435,0.5212000012397766,16001,0.0,0.0
2024-10-14 15:19:00-04:00,0.5224000215530396,0.5224000215530396,0.5224000215530396,0.5224000215530396,2049,0.0,0.0
2024-10-14 15:30:00-04:00,0.5231000185012817,0.5231000185012817,0.5231000185012817,0.5231000185012817,11670,0.0,0.0
2024-10-14 15:36:00-04:00,0.5333999991416931,0.5333999991416931,0.5281999707221985,0.5281999707221985,539,0.0,0.0
2024-10-14 15:42:00-04:00,0.5333999991416931,0.5333999991416931,0.5333999991416931,0.5333999991416931,105,0.0,0.0
2024-10-14 15:48:00-04:00,0.5333999991416931,0.5333999991416931,0.5333999991416931,0.5333999991416931,125,0.0,0.0
2024-10-14 15:51:00-04:00,0.5327000021934509,0.5327000021934509,0.5327000021934509,0.5327000021934509,105,0.0,0.0
2024-10-14 15:53:00-04:00,0.5327000021934509,0.5327000021934509,0.5327000021934509,0.5327000021934509,314,0.0,0.0
2024-10-14 15:58:00-04:00,0.5254999995231628,0.5254999995231628,0.5254999995231628,0.5254999995231628,4100,0.0,0.0
2024-10-14 15:59:00-04:00,0.5327000021934509,0.5327000021934509,0.5271000266075134,0.5271000266075134,0,0.0,0.0
2024-10-15 09:30:00-04:00,0.5299999713897705,0.5299999713897705,0.5299999713897705,0.5299999713897705,3354,0.0,0.0
2024-10-15 09:31:00-04:00,0.5300999879837036,0.5302000045776367,0.5300999879837036,0.5300999879837036,12975,0.0,0.0
2024-10-15 09:40:00-04:00,0.5317999720573425,0.5343999862670898,0.5311999917030334,0.5343999862670898,3100,0.0,0.0
2024-10-15 09:41:00-04:00,0.5375000238418579,0.5379999876022339,0.5356000065803528,0.5379999876022339,15854,0.0,0.0
2024-10-15 09:43:00-04:00,0.5400000214576721,0.5400000214576721,0.5400000214576721,0.5400000214576721,545,0.0,0.0
2024-10-15 09:51:00-04:00,0.53329998254776,0.536899983882904,0.53329998254776,0.536899983882904,2050,0.0,0.0
2024-10-15 09:56:00-04:00,0.546999990940094,0.546999990940094,0.5443999767303467,0.5443999767303467,1111,0.0,0.0
2024-10-15 10:00:00-04:00,0.5332000255584717,0.5447999835014343,0.5332000255584717,0.5447999835014343,17593,0.0,0.0
2024-10-15 10:02:00-04:00,0.5332000255584717,0.5332000255584717,0.5332000255584717,0.5332000255584717,1600,0.0,0.0
2024-10-15 10:03:00-04:00,0.5332000255584717,0.5440000295639038,0.5332000255584717,0.5390999913215637,2528,0.0,0.0
2024-10-15 10:04:00-04:00,0.5390999913215637,0.5390999913215637,0.5390999913215637,0.5390999913215637,1500,0.0,0.0
2024-10-15 10:05:00-04:00,0.5449000000953674,0.5449000000953674,0.5364000201225281,0.5364000201225281,3099,0.0,0.0
2024-10-15 10:06:00-04:00,0.5350000262260437,0.5350000262260437,0.5350000262260437,0.5350000262260437,2004,0.0,0.0
2024-10-15 10:07:00-04:00,0.5390999913215637,0.5390999913215637,0.5390999913215637,0.5390999913215637,1006,0.0,0.0
2024-10-15 10:08:00-04:00,0.5350000262260437,0.5350000262260437,0.5350000262260437,0.5350000262260437,1016,0.0,0.0
2024-10-15 10:09:00-04:00,0.5379999876022339,0.5379999876022339,0.5350000262260437,0.5350000262260437,1290,0.0,0.0
2024-10-15 10:11:00-04:00,0.5350000262260437,0.5379999876022339,0.5342000126838684,0.5354999899864197,3104,0.0,0.0
2024-10-15 10:12:00-04:00,0.5375000238418579,0.5375000238418579,0.536899983882904,0.536899983882904,215,0.0,0.0
2024-10-15 10:14:00-04:00,0.5332000255584717,0.5332000255584717,0.5332000255584717,0.5332000255584717,2016,0.0,0.0
2024-10-15 10:18:00-04:00,0.5379999876022339,0.5379999876022339,0.5379999876022339,0.5379999876022339,130,0.0,0.0
2024-10-15 10:22:00-04:00,0.5379999876022339,0.5379999876022339,0.5379999876022339,0.5379999876022339,208,0.0,0.0
2024-10-15 10:26:00-04:00,0.5360000133514404,0.5360000133514404,0.5360000133514404,0.5360000133514404,129,0.0,0.0
2024-10-15 10:29:00-04:00,0.5364999771118164,0.5364999771118164,0.5364999771118164,0.5364999771118164,1306,0.0,0.0
2024-10-15 10:31:00-04:00,0.5425000190734863,0.5450000166893005,0.5425000190734863,0.5450000166893005,6012,0.0,0.0
2024-10-15 10:35:00-04:00,0.5471000075340271,0.5471000075340271,0.5471000075340271,0.5471000075340271,1917,0.0,0.0
2024-10-15 10:39:00-04:00,0.5407000184059143,0.5407000184059143,0.5407000184059143,0.5407000184059143,1021,0.0,0.0
2024-10-15 10:42:00-04:00,0.5407000184059143,0.5407000184059143,0.5407000184059143,0.5407000184059143,716,0.0,0.0
2024-10-15 10:43:00-04:00,0.5471000075340271,0.5471000075340271,0.5471000075340271,0.5471000075340271,0,0.0,0.0
2024-10-15 10:52:00-04:00,0.5450000166893005,0.5450000166893005,0.5450000166893005,0.5450000166893005,200,0.0,0.0
2024-10-15 10:53:00-04:00,0.5450000166893005,0.5450000166893005,0.5450000166893005,0.5450000166893005,6463,0.0,0.0
2024-10-15 11:03:00-04:00,0.5450000166893005,0.5450000166893005,0.5450000166893005,0.5450000166893005,1372,0.0,0.0
2024-10-15 11:07:00-04:00,0.5478000044822693,0.550000011920929,0.5425000190734863,0.5425000190734863,18719,0.0,0.0
2024-10-15 11:20:00-04:00,0.5421000123023987,0.5421000123023987,0.5421000123023987,0.5421000123023987,3001,0.0,0.0
2024-10-15 11:21:00-04:00,0.550000011920929,0.550000011920929,0.5440000295639038,0.5457000136375427,2359,0.0,0.0
2024-10-15 11:22:00-04:00,0.5421000123023987,0.5421000123023987,0.5421000123023987,0.5421000123023987,1005,0.0,0.0
2024-10-15 11:26:00-04:00,0.5497999787330627,0.5497999787330627,0.5497999787330627,0.5497999787330627,126,0.0,0.0
2024-10-15 11:28:00-04:00,0.550000011920929,0.5504999756813049,0.550000011920929,0.5504999756813049,3967,0.0,0.0
2024-10-15 11:33:00-04:00,0.5529999732971191,0.5529999732971191,0.5529999732971191,0.5529999732971191,1003,0.0,0.0
2024-10-15 11:34:00-04:00,0.5482000112533569,0.5515999794006348,0.5482000112533569,0.5515999794006348,1323,0.0,0.0
2024-10-15 11:38:00-04:00,0.5550000071525574,0.5550000071525574,0.5550000071525574,0.5550000071525574,10006,0.0,0.0
2024-10-15 11:39:00-04:00,0.5525000095367432,0.5547999739646912,0.5525000095367432,0.5547999739646912,220,0.0,0.0
2024-10-15 11:40:00-04:00,0.5501000285148621,0.5501000285148621,0.5501000285148621,0.5501000285148621,776,0.0,0.0
2024-10-15 11:41:00-04:00,0.550000011920929,0.550000011920929,0.550000011920929,0.550000011920929,258,0.0,0.0
2024-10-15 11:43:00-04:00,0.5501000285148621,0.5501000285148621,0.550000011920929,0.550000011920929,981,0.0,0.0
2024-10-15 11:47:00-04:00,0.5501000285148621,0.5501000285148621,0.5501000285148621,0.5501000285148621,1004,0.0,0.0
2024-10-15 11:48:00-04:00,0.5501000285148621,0.5501000285148621,0.5501000285148621,0.5501000285148621,1013,0.0,0.0
2024-10-15 11:50:00-04:00,0.5503000020980835,0.5503000020980835,0.5503000020980835,0.5503000020980835,3297,0.0,0.0
2024-10-15 11:51:00-04:00,0.5501999855041504,0.5501999855041504,0.5501999855041504,0.5501999855041504,600,0.0,0.0
2024-10-15 11:52:00-04:00,0.5580000281333923,0.5580000281333923,0.5580000281333923,0.5580000281333923,0,0.0,0.0
2024-10-15 11:53:00-04:00,0.5583999752998352,0.5583999752998352,0.5583999752998352,0.5583999752998352,188,0.0,0.0
2024-10-15 11:55:00-04:00,0.554099977016449,0.554099977016449,0.5503000020980835,0.5503000020980835,1600,0.0,0.0
2024-10-15 11:56:00-04:00,0.5532000064849854,0.5532000064849854,0.5532000064849854,0.5532000064849854,2401,0.0,0.0
2024-10-15 11:58:00-04:00,0.5579000115394592,0.5579000115394592,0.5579000115394592,0.5579000115394592,1000,0.0,0.0
2024-10-15 12:00:00-04:00,0.5501999855041504,0.554099977016449,0.5501999855041504,0.5503000020980835,10915,0.0,0.0
2024-10-15 12:14:00-04:00,0.5508000254631042,0.5508000254631042,0.5508000254631042,0.5508000254631042,130,0.0,0.0
2024-10-15 12:21:00-04:00,0.5507000088691711,0.5507000088691711,0.5507000088691711,0.5507000088691711,249,0.0,0.0
2024-10-15 12:31:00-04:00,0.550000011920929,0.550000011920929,0.550000011920929,0.550000011920929,301,0.0,0.0
2024-10-15 12:38:00-04:00,0.546999990940094,0.546999990940094,0.546999990940094,0.546999990940094,1706,0.0,0.0
2024-10-15 12:40:00-04:00,0.5468999743461609,0.5468999743461609,0.5468999743461609,0.5468999743461609,5526,0.0,0.0
2024-10-15 12:41:00-04:00,0.5418999791145325,0.5418999791145325,0.5418999791145325,0.5418999791145325,0,0.0,0.0
2024-10-15 12:42:00-04:00,0.5353000164031982,0.5353000164031982,0.5353000164031982,0.5353000164031982,855,0.0,0.0
2024-10-15 12:50:00-04:00,0.5410000085830688,0.5410000085830688,0.5410000085830688,0.5410000085830688,7840,0.0,0.0
2024-10-15 12:56:00-04:00,0.5440000295639038,0.5440000295639038,0.5440000295639038,0.5440000295639038,4020,0.0,0.0
2024-10-15 13:02:00-04:00,0.5444999933242798,0.5444999933242798,0.5444999933242798,0.5444999933242798,1027,0.0,0.0
2024-10-15 13:05:00-04:00,0.5485000014305115,0.5485000014305115,0.5485000014305115,0.5485000014305115,330,0.0,0.0
2024-10-15 13:09:00-04:00,0.5428000092506409,0.5428000092506409,0.5428000092506409,0.5428000092506409,572,0.0,0.0
2024-10-15 13:12:00-04:00,0.5422999858856201,0.5422999858856201,0.5422999858856201,0.5422999858856201,1015,0.0,0.0
2024-10-15 13:15:00-04:00,0.5479999780654907,0.5483999848365784,0.5471000075340271,0.5471000075340271,5061,0.0,0.0
2024-10-15 13:39:00-04:00,0.5482000112533569,0.5482000112533569,0.5482000112533569,0.5482000112533569,200,0.0,0.0
2024-10-15 13:42:00-04:00,0.5482000112533569,0.5482000112533569,0.5482000112533569,0.5482000112533569,1,0.0,0.0
2024-10-15 13:47:00-04:00,0.5403000116348267,0.5403000116348267,0.5403000116348267,0.5403000116348267,103,0.0,0.0
2024-10-15 13:50:00-04:00,0.5450000166893005,0.5450000166893005,0.5450000166893005,0.5450000166893005,2532,0.0,0.0
2024-10-15 14:31:00-04:00,0.5447999835014343,0.5447999835014343,0.544700026512146,0.5447999835014343,2160,0.0,0.0
2024-10-15 14:32:00-04:00,0.550000011920929,0.5507000088691711,0.550000011920929,0.5507000088691711,7490,0.0,0.0
2024-10-15 14:49:00-04:00,0.5540000200271606,0.5540000200271606,0.5540000200271606,0.5540000200271606,1926,0.0,0.0
2024-10-15 15:03:00-04:00,0.5540000200271606,0.5540000200271606,0.5539000034332275,0.5539000034332275,1476,0.0,0.0
2024-10-15 15:07:00-04:00,0.5544999837875366,0.5544999837875366,0.5544999837875366,0.5544999837875366,1609,0.0,0.0
2024-10-15 15:09:00-04:00,0.5577999949455261,0.5577999949455261,0.5577999949455261,0.5577999949455261,1859,0.0,0.0
2024-10-15 15:10:00-04:00,0.5579000115394592,0.5583999752998352,0.5579000115394592,0.5583999752998352,927,0.0,0.0
2024-10-15 15:28:00-04:00,0.5580000281333923,0.5580999851226807,0.5580000281333923,0.5580999851226807,300,0.0,0.0
2024-10-15 15:33:00-04:00,0.5541999936103821,0.5541999936103821,0.5541999936103821,0.5541999936103821,4124,0.0,0.0
2024-10-15 15:37:00-04:00,0.5504000186920166,0.5504000186920166,0.5497999787330627,0.5497999787330627,748,0.0,0.0
2024-10-15 15:41:00-04:00,0.5440999865531921,0.5440999865531921,0.5440999865531921,0.5440999865531921,862,0.0,0.0
2024-10-15 15:42:00-04:00,0.5440999865531921,0.5440999865531921,0.5440999865531921,0.5440999865531921,302,0.0,0.0
2024-10-15 15:46:00-04:00,0.5468999743461609,0.5468999743461609,0.5468999743461609,0.5468999743461609,2659,0.0,0.0
2024-10-15 15:50:00-04:00,0.550000011920929,0.550000011920929,0.5489000082015991,0.5489000082015991,602,0.0,0.0
2024-10-15 15:53:00-04:00,0.5489000082015991,0.5489000082015991,0.5489000082015991,0.5489000082015991,3014,0.0,0.0
2024-10-15 15:57:00-04:00,0.553600013256073,0.553600013256073,0.553600013256073,0.553600013256073,200,0.0,0.0
2024-10-15 15:59:00-04:00,0.553600013256073,0.553600013256073,0.553600013256073,0.553600013256073,312,0.0,0.0
2024-10-16 09:30:00-04:00,0.5598999857902527,0.5598999857902527,0.554099977016449,0.5569999814033508,16449,0.0,0.0
2024-10-16 09:31:00-04:00,0.5534999966621399,0.5534999966621399,0.5534999966621399,0.5534999966621399,0,0.0,0.0
2024-10-16 09:32:00-04:00,0.5504000186920166,0.5504000186920166,0.5504000186920166,0.5504000186920166,3002,0.0,0.0
2024-10-16 09:34:00-04:00,0.5472000241279602,0.5486000180244446,0.5472000241279602,0.5486000180244446,0,0.0,0.0
2024-10-16 09:36:00-04:00,0.5460000038146973,0.5460000038146973,0.5460000038146973,0.5460000038146973,249,0.0,0.0
2024-10-16 09:37:00-04:00,0.546999990940094,0.546999990940094,0.546999990940094,0.546999990940094,502,0.0,0.0
2024-10-16 09:38:00-04:00,0.5455999970436096,0.545799970626831,0.5454999804496765,0.5454999804496765,2900,0.0,0.0
2024-10-16 09:39:00-04:00,0.5483999848365784,0.5483999848365784,0.5483999848365784,0.5483999848365784,0,0.0,0.0
2024-10-16 09:43:00-04:00,0.5479999780654907,0.5479999780654907,0.5454999804496765,0.5454999804496765,3388,0.0,0.0
2024-10-16 09:50:00-04:00,0.5483999848365784,0.5483999848365784,0.5483999848365784,0.5483999848365784,199,0.0,0.0
2024-10-16 09:51:00-04:00,0.5483999848365784,0.5483999848365784,0.5483999848365784,0.5483999848365784,1118,0.0,0.0
2024-10-16 10:03:00-04:00,0.5475999712944031,0.5475999712944031,0.5475999712944031,0.5475999712944031,1466,0.0,0.0
2024-10-16 10:07:00-04:00,0.5573999881744385,0.5573999881744385,0.5573999881744385,0.5573999881744385,270,0.0,0.0
2024-10-16 10:10:00-04:00,0.5575000047683716,0.5600000023841858,0.5575000047683716,0.5600000023841858,45543,0.0,0.0
2024-10-16 10:12:00-04:00,0.5687000155448914,0.5735999941825867,0.5687000155448914,0.5735999941825867,5435,0.0,0.0
2024-10-16 10:14:00-04:00,0.574999988079071,0.574999988079071,0.5719000101089478,0.5719000101089478,2901,0.0,0.0
2024-10-16 10:15:00-04:00,0.574999988079071,0.574999988079071,0.574999988079071,0.574999988079071,0,0.0,0.0
2024-10-16 10:16:00-04:00,0.5799999833106995,0.5799999833106995,0.5799999833106995,0.5799999833106995,717,0.0,0.0
2024-10-16 10:19:00-04:00,0.5799999833106995,0.5799999833106995,0.5799999833106995,0.5799999833106995,1182,0.0,0.0
2024-10-16 10:20:00-04:00,0.5658000111579895,0.5658000111579895,0.5658000111579895,0.5658000111579895,780,0.0,0.0
2024-10-16 10:26:00-04:00,0.5799999833106995,0.5799999833106995,0.5799999833106995,0.5799999833106995,7207,0.0,0.0
2024-10-16 10:29:00-04:00,0.5728999972343445,0.574400007724762,0.5728999972343445,0.574400007724762,5002,0.0,0.0
2024-10-16 10:33:00-04:00,0.5659000277519226,0.5659000277519226,0.5652999877929688,0.5652999877929688,28003,0.0,0.0
2024-10-16 10:34:00-04:00,0.5715000033378601,0.5715000033378601,0.5715000033378601,0.5715000033378601,103,0.0,0.0
2024-10-16 10:36:00-04:00,0.5799000263214111,0.5799000263214111,0.5799000263214111,0.5799000263214111,2009,0.0,0.0
2024-10-16 10:40:00-04:00,0.5698999762535095,0.5698999762535095,0.5698000192642212,0.5698000192642212,1001,0.0,0.0
2024-10-16 10:41:00-04:00,0.5666999816894531,0.5666999816894531,0.5666999816894531,0.5666999816894531,120,0.0,0.0
2024-10-16 10:54:00-04:00,0.5684000253677368,0.5684000253677368,0.5684000253677368,0.5684000253677368,655,0.0,0.0
2024-10-16 10:55:00-04:00,0.5697000026702881,0.5697000026702881,0.5683000087738037,0.5683000087738037,1058,0.0,0.0
2024-10-16 10:57:00-04:00,0.5674999952316284,0.5674999952316284,0.5674999952316284,0.5674999952316284,489,0.0,0.0
2024-10-16 11:07:00-04:00,0.5669999718666077,0.5669999718666077,0.5669999718666077,0.5669999718666077,732,0.0,0.0
2024-10-16 11:11:00-04:00,0.5698999762535095,0.5698999762535095,0.5698999762535095,0.5698999762535095,373,0.0,0.0
2024-10-16 11:19:00-04:00,0.5698999762535095,0.574999988079071,0.5684999823570251,0.574999988079071,5521,0.0,0.0
2024-10-16 11:31:00-04:00,0.5794000029563904,0.5794000029563904,0.5794000029563904,0.5794000029563904,1569,0.0,0.0
2024-10-16 11:42:00-04:00,0.574999988079071,0.574999988079071,0.574999988079071,0.574999988079071,3367,0.0,0.0
2024-10-16 11:59:00-04:00,0.5756000280380249,0.5756000280380249,0.5756000280380249,0.5756000280380249,1289,0.0,0.0
2024-10-16 12:11:00-04:00,0.5799999833106995,0.5799999833106995,0.5799999833106995,0.5799999833106995,354,0.0,0.0
2024-10-16 12:23:00-04:00,0.5756000280380249,0.5756000280380249,0.5756000280380249,0.5756000280380249,1770,0.0,0.0
2024-10-16 12:38:00-04:00,0.5713000297546387,0.5713000297546387,0.5713000297546387,0.5713000297546387,1702,0.0,0.0
2024-10-16 12:41:00-04:00,0.5713000297546387,0.5713000297546387,0.5713000297546387,0.5713000297546387,1116,0.0,0.0
2024-10-16 12:46:00-04:00,0.5799999833106995,0.5814999938011169,0.5799999833106995,0.5814999938011169,10020,0.0,0.0
2024-10-16 12:48:00-04:00,0.5733000040054321,0.5733000040054321,0.5733000040054321,0.5733000040054321,334,0.0,0.0
2024-10-16 12:50:00-04:00,0.5763999819755554,0.5763999819755554,0.5763999819755554,0.5763999819755554,202,0.0,0.0
2024-10-16 12:51:00-04:00,0.5813999772071838,0.5813999772071838,0.5813999772071838,0.5813999772071838,1440,0.0,0.0
2024-10-16 12:53:00-04:00,0.5803999900817871,0.5813999772071838,0.5803999900817871,0.5803999900817871,3645,0.0,0.0
2024-10-16 12:54:00-04:00,0.576200008392334,0.576200008392334,0.576200008392334,0.576200008392334,387,0.0,0.0
2024-10-16 13:00:00-04:00,0.5813999772071838,0.5813999772071838,0.5813999772071838,0.5813999772071838,2081,0.0,0.0
2024-10-16 13:06:00-04:00,0.5799999833106995,0.5799999833106995,0.5799999833106995,0.5799999833106995,103,0.0,0.0
2024-10-16 13:07:00-04:00,0.574999988079071,0.574999988079071,0.574999988079071,0.574999988079071,305,0.0,0.0
2024-10-16 13:09:00-04:00,0.5710999965667725,0.5710999965667725,0.5710999965667725,0.5710999965667725,5049,0.0,0.0
2024-10-16 13:43:00-04:00,0.5763000249862671,0.5763000249862671,0.5763000249862671,0.5763000249862671,225,0.0,0.0
2024-10-16 13:48:00-04:00,0.5809999704360962,0.5809999704360962,0.5809999704360962,0.5809999704360962,10731,0.0,0.0
2024-10-16 13:51:00-04:00,0.5767999887466431,0.5788999795913696,0.5767999887466431,0.5788999795913696,2196,0.0,0.0
2024-10-16 13:58:00-04:00,0.5838000178337097,0.5838000178337097,0.5838000178337097,0.5838000178337097,298,0.0,0.0
2024-10-16 13:59:00-04:00,0.5799999833106995,0.5799999833106995,0.5799999833106995,0.5799999833106995,1204,0.0,0.0
2024-10-16 14:06:00-04:00,0.5807999968528748,0.5807999968528748,0.5807999968528748,0.5807999968528748,2328,0.0,0.0
2024-10-16 14:18:00-04:00,0.5806999802589417,0.5806999802589417,0.5806999802589417,0.5806999802589417,718,0.0,0.0
2024-10-16 14:40:00-04:00,0.5827999711036682,0.5827999711036682,0.5827999711036682,0.5827999711036682,1633,0.0,0.0
2024-10-16 14:48:00-04:00,0.5878999829292297,0.5878999829292297,0.5878999829292297,0.5878999829292297,547,0.0,0.0
2024-10-16 14:50:00-04:00,0.588699996471405,0.588699996471405,0.588699996471405,0.588699996471405,2717,0.0,0.0
2024-10-16 14:57:00-04:00,0.593500018119812,0.597000002861023,0.5922999978065491,0.5968999862670898,28570,0.0,0.0
2024-10-16 14:58:00-04:00,0.597000002861023,0.597000002861023,0.5946999788284302,0.5960999727249146,1267,0.0,0.0
2024-10-16 14:59:00-04:00,0.5922999978065491,0.5922999978065491,0.5922999978065491,0.5922999978065491,1335,0.0,0.0
2024-10-16 15:01:00-04:00,0.5922999978065491,0.5922999978065491,0.5922999978065491,0.5922999978065491,300,0.0,0.0
2024-10-16 15:04:00-04:00,0.5922999978065491,0.5922999978065491,0.5922999978065491,0.5922999978065491,4014,0.0,0.0
2024-10-16 15:05:00-04:00,0.5932000279426575,0.5932000279426575,0.5932000279426575,0.5932000279426575,376,0.0,0.0
2024-10-16 15:06:00-04:00,0.5922999978065491,0.5922999978065491,0.5922999978065491,0.5922999978065491,289,0.0,0.0
2024-10-16 15:08:00-04:00,0.5922999978065491,0.5922999978065491,0.5922999978065491,0.5922999978065491,269,0.0,0.0
2024-10-16 15:13:00-04:00,0.5922999978065491,0.5950000286102295,0.5922999978065491,0.5950000286102295,3417,0.0,0.0
2024-10-16 15:17:00-04:00,0.5968000292778015,0.5968000292778015,0.5968000292778015,0.5968000292778015,173,0.0,0.0
2024-10-16 15:19:00-04:00,0.5968000292778015,0.5968000292778015,0.5968000292778015,0.5968000292778015,2619,0.0,0.0
2024-10-16 15:20:00-04:00,0.5932000279426575,0.5932000279426575,0.5932000279426575,0.5932000279426575,1059,0.0,0.0
2024-10-16 15:24:00-04:00,0.5942000150680542,0.5942000150680542,0.5942000150680542,0.5942000150680542,860,0.0,0.0
2024-10-16 15:28:00-04:00,0.5924999713897705,0.5924999713897705,0.5924999713897705,0.5924999713897705,706,0.0,0.0
2024-10-16 15:30:00-04:00,0.5924999713897705,0.5931000113487244,0.5924999713897705,0.5931000113487244,7169,0.0,0.0
2024-10-16 15:32:00-04:00,0.5924999713897705,0.5924999713897705,0.592199981212616,0.592199981212616,2561,0.0,0.0
2024-10-16 15:34:00-04:00,0.5871000289916992,0.5871000289916992,0.5871000289916992,0.5871000289916992,300,0.0,0.0
2024-10-16 15:35:00-04:00,0.5895000100135803,0.5895000100135803,0.5895000100135803,0.5895000100135803,3231,0.0,0.0
2024-10-16 15:38:00-04:00,0.5884000062942505,0.5884000062942505,0.5884000062942505,0.5884000062942505,2000,0.0,0.0
2024-10-16 15:39:00-04:00,0.589900016784668,0.589900016784668,0.589900016784668,0.589900016784668,0,0.0,0.0
2024-10-16 15:45:00-04:00,0.5899999737739563,0.5899999737739563,0.5899999737739563,0.5899999737739563,559,0.0,0.0
2024-10-16 15:47:00-04:00,0.5885999798774719,0.5885999798774719,0.5885000228881836,0.5885000228881836,348,0.0,0.0
2024-10-16 15:48:00-04:00,0.5885999798774719,0.5885999798774719,0.5885999798774719,0.5885999798774719,642,0.0,0.0
2024-10-16 15:54:00-04:00,0.5871999859809875,0.5871999859809875,0.5871999859809875,0.5871999859809875,200,0.0,0.0
2024-10-16 15:55:00-04:00,0.5895000100135803,0.5895000100135803,0.5895000100135803,0.5895000100135803,332,0.0,0.0
2024-10-16 15:57:00-04:00,0.5899999737739563,0.5899999737739563,0.5899999737739563,0.5899999737739563,1116,0.0,0.0
2024-10-16 15:58:00-04:00,0.5899999737739563,0.5899999737739563,0.5899999737739563,0.5899999737739563,480,0.0,0.0
2024-10-16 15:59:00-04:00,0.5899999737739563,0.5899999737739563,0.5899999737739563,0.5899999737739563,929,0.0,0.0
2024-10-17 09:30:00-04:00,0.5770000219345093,0.5770000219345093,0.5651999711990356,0.5651999711990356,17481,0.0,0.0
2024-10-17 09:32:00-04:00,0.566100001335144,0.566100001335144,0.566100001335144,0.566100001335144,4455,0.0,0.0
2024-10-17 09:33:00-04:00,0.5674999952316284,0.5674999952316284,0.5674999952316284,0.5674999952316284,0,0.0,0.0
2024-10-17 09:34:00-04:00,0.5676000118255615,0.5676000118255615,0.5676000118255615,0.5676000118255615,311,0.0,0.0
2024-10-17 09:36:00-04:00,0.5684999823570251,0.5684999823570251,0.5684999823570251,0.5684999823570251,428,0.0,0.0
2024-10-17 09:38:00-04:00,0.5699999928474426,0.5699999928474426,0.5699999928474426,0.5699999928474426,2628,0.0,0.0
2024-10-17 09:39:00-04:00,0.5709999799728394,0.5710999965667725,0.5709999799728394,0.5710999965667725,502,0.0,0.0
2024-10-17 09:40:00-04:00,0.5720999836921692,0.5746999979019165,0.5720999836921692,0.5726000070571899,6856,0.0,0.0
2024-10-17 09:43:00-04:00,0.574999988079071,0.574999988079071,0.574999988079071,0.574999988079071,854,0.0,0.0
2024-10-17 09:45:00-04:00,0.574999988079071,0.574999988079071,0.574999988079071,0.574999988079071,3155,0.0,0.0
2024-10-17 09:46:00-04:00,0.574999988079071,0.574999988079071,0.574999988079071,0.574999988079071,0,0.0,0.0
2024-10-17 09:48:00-04:00,0.574999988079071,0.574999988079071,0.5740000009536743,0.5740000009536743,2009,0.0,0.0
2024-10-17 09:49:00-04:00,0.5730000138282776,0.5730000138282776,0.5699999928474426,0.5699999928474426,16136,0.0,0.0
2024-10-17 09:51:00-04:00,0.5673999786376953,0.5673999786376953,0.5673999786376953,0.5673999786376953,10017,0.0,0.0
2024-10-17 09:52:00-04:00,0.5659999847412109,0.5659999847412109,0.557699978351593,0.5590000152587891,1732,0.0,0.0
2024-10-17 09:53:00-04:00,0.5662000179290771,0.5662000179290771,0.5662000179290771,0.5662000179290771,2000,0.0,0.0
2024-10-17 09:54:00-04:00,0.5662000179290771,0.5662000179290771,0.5600000023841858,0.5600000023841858,5705,0.0,0.0
2024-10-17 09:56:00-04:00,0.5600000023841858,0.5600000023841858,0.5576000213623047,0.5590000152587891,696,0.0,0.0
2024-10-17 09:57:00-04:00,0.5575000047683716,0.5575000047683716,0.5575000047683716,0.5575000047683716,2892,0.0,0.0
2024-10-17 10:01:00-04:00,0.5576000213623047,0.5576000213623047,0.5576000213623047,0.5576000213623047,1744,0.0,0.0
2024-10-17 10:02:00-04:00,0.5575000047683716,0.5575000047683716,0.5575000047683716,0.5575000047683716,200,0.0,0.0
2024-10-17 10:03:00-04:00,0.5598999857902527,0.5598999857902527,0.5598999857902527,0.5598999857902527,1900,0.0,0.0
2024-10-17 10:05:00-04:00,0.5600000023841858,0.5600000023841858,0.5600000023841858,0.5600000023841858,0,0.0,0.0
2024-10-17 10:06:00-04:00,0.5580999851226807,0.5580999851226807,0.5580999851226807,0.5580999851226807,223,0.0,0.0
2024-10-17 10:09:00-04:00,0.5561000108718872,0.5577999949455261,0.5561000108718872,0.5577999949455261,2605,0.0,0.0
2024-10-17 10:13:00-04:00,0.5554999709129333,0.5554999709129333,0.5550000071525574,0.5550000071525574,2693,0.0,0.0
2024-10-17 10:15:00-04:00,0.5550000071525574,0.5551000237464905,0.5550000071525574,0.5551000237464905,2220,0.0,0.0
2024-10-17 10:16:00-04:00,0.5550000071525574,0.5550000071525574,0.5424000024795532,0.5424000024795532,14154,0.0,0.0
2024-10-17 10:18:00-04:00,0.5406000018119812,0.5406000018119812,0.5406000018119812,0.5406000018119812,1012,0.0,0.0
2024-10-17 10:19:00-04:00,0.5404999852180481,0.5404999852180481,0.5404999852180481,0.5404999852180481,208,0.0,0.0
2024-10-17 10:20:00-04:00,0.5458999872207642,0.5512999892234802,0.5458999872207642,0.5458999872207642,11022,0.0,0.0
2024-10-17 10:22:00-04:00,0.550000011920929,0.550000011920929,0.550000011920929,0.550000011920929,6017,0.0,0.0
2024-10-17 10:23:00-04:00,0.550000011920929,0.550000011920929,0.550000011920929,0.550000011920929,3589,0.0,0.0
2024-10-17 10:24:00-04:00,0.5461999773979187,0.5461999773979187,0.5461999773979187,0.5461999773979187,179,0.0,0.0
2024-10-17 10:25:00-04:00,0.5410000085830688,0.5410000085830688,0.5410000085830688,0.5410000085830688,1209,0.0,0.0
2024-10-17 10:27:00-04:00,0.5410000085830688,0.5410000085830688,0.5410000085830688,0.5410000085830688,13010,0.0,0.0
2024-10-17 10:28:00-04:00,0.5410000085830688,0.5410000085830688,0.5410000085830688,0.5410000085830688,973,0.0,0.0
2024-10-17 10:33:00-04:00,0.5462999939918518,0.5462999939918518,0.5462999939918518,0.5462999939918518,547,0.0,0.0
2024-10-17 10:38:00-04:00,0.54339998960495,0.54339998960495,0.54339998960495,0.54339998960495,2839,0.0,0.0
2024-10-17 10:39:00-04:00,0.5462999939918518,0.5462999939918518,0.5462999939918518,0.5462999939918518,120,0.0,0.0
2024-10-17 10:42:00-04:00,0.541100025177002,0.5414000153541565,0.5325000286102295,0.5325000286102295,9015,0.0,0.0
2024-10-17 10:44:00-04:00,0.5310999751091003,0.5429999828338623,0.5310999751091003,0.5429999828338623,3062,0.0,0.0
2024-10-17 10:46:00-04:00,0.5389999747276306,0.5389999747276306,0.5389999747276306,0.5389999747276306,1005,0.0,0.0
2024-10-17 10:49:00-04:00,0.5353999733924866,0.5353999733924866,0.5307999849319458,0.5307999849319458,1182,0.0,0.0
2024-10-17 10:56:00-04:00,0.5339999794960022,0.5365999937057495,0.5339999794960022,0.5365999937057495,3644,0.0,0.0
2024-10-17 11:01:00-04:00,0.5365999937057495,0.5410000085830688,0.5351999998092651,0.5404000282287598,43634,0.0,0.0
2024-10-17 11:03:00-04:00,0.5404000282287598,0.5404000282287598,0.5404000282287598,0.5404000282287598,404,0.0,0.0
2024-10-17 11:04:00-04:00,0.5404999852180481,0.5404999852180481,0.5404999852180481,0.5404999852180481,147,0.0,0.0
2024-10-17 11:07:00-04:00,0.5426999926567078,0.5449000000953674,0.5415999889373779,0.5426999926567078,4604,0.0,0.0
2024-10-17 11:08:00-04:00,0.5454999804496765,0.5454999804496765,0.5454999804496765,0.5454999804496765,542,0.0,0.0
2024-10-17 11:09:00-04:00,0.5454999804496765,0.5454999804496765,0.5425999760627747,0.5425999760627747,2961,0.0,0.0
2024-10-17 11:12:00-04:00,0.5454000234603882,0.5454000234603882,0.5454000234603882,0.5454000234603882,1830,0.0,0.0
2024-10-17 11:13:00-04:00,0.5404000282287598,0.5404000282287598,0.5351999998092651,0.5351999998092651,285,0.0,0.0
2024-10-17 11:14:00-04:00,0.5454000234603882,0.5454000234603882,0.5453000068664551,0.5453000068664551,1323,0.0,0.0
2024-10-17 11:17:00-04:00,0.5403000116348267,0.5454999804496765,0.5403000116348267,0.5454999804496765,8972,0.0,0.0
2024-10-17 11:24:00-04:00,0.5501000285148621,0.5501000285148621,0.5501000285148621,0.5501000285148621,3612,0.0,0.0
2024-10-17 11:31:00-04:00,0.5501000285148621,0.5501000285148621,0.5501000285148621,0.5501000285148621,2000,0.0,0.0
2024-10-17 11:32:00-04:00,0.5501000285148621,0.5501000285148621,0.5501000285148621,0.5501000285148621,1284,0.0,0.0
2024-10-17 11:44:00-04:00,0.5504999756813049,0.5504999756813049,0.5504999756813049,0.5504999756813049,5001,0.0,0.0
2024-10-17 11:45:00-04:00,0.5501000285148621,0.5501000285148621,0.5501000285148621,0.5501000285148621,1101,0.0,0.0
2024-10-17 11:46:00-04:00,0.550000011920929,0.5501000285148621,0.550000011920929,0.5501000285148621,2135,0.0,0.0
2024-10-17 11:53:00-04:00,0.5501000285148621,0.5501000285148621,0.5501000285148621,0.5501000285148621,1373,0.0,0.0
2024-10-17 11:59:00-04:00,0.5501000285148621,0.5501000285148621,0.5501000285148621,0.5501000285148621,729,0.0,0.0
2024-10-17 12:04:00-04:00,0.5501000285148621,0.5501000285148621,0.5501000285148621,0.5501000285148621,217,0.0,0.0
2024-10-17 12:06:00-04:00,0.5501000285148621,0.5501000285148621,0.5501000285148621,0.5501000285148621,601,0.0,0.0
2024-10-17 12:07:00-04:00,0.5501000285148621,0.5501000285148621,0.5501000285148621,0.5501000285148621,203,0.0,0.0
2024-10-17 12:08:00-04:00,0.5501000285148621,0.5501000285148621,0.5501000285148621,0.5501000285148621,4000,0.0,0.0
2024-10-17 12:09:00-04:00,0.5501000285148621,0.5501000285148621,0.5501000285148621,0.5501000285148621,3007,0.0,0.0
2024-10-17 12:16:00-04:00,0.5501000285148621,0.5501000285148621,0.5501000285148621,0.5501000285148621,410,0.0,0.0
2024-10-17 12:20:00-04:00,0.550000011920929,0.550000011920929,0.550000011920929,0.550000011920929,2432,0.0,0.0
2024-10-17 12:29:00-04:00,0.5501000285148621,0.5501000285148621,0.5501000285148621,0.5501000285148621,2439,0.0,0.0
2024-10-17 12:35:00-04:00,0.5501000285148621,0.5501000285148621,0.5501000285148621,0.5501000285148621,128,0.0,0.0
2024-10-17 12:42:00-04:00,0.550000011920929,0.550000011920929,0.550000011920929,0.550000011920929,3024,0.0,0.0
2024-10-17 12:55:00-04:00,0.5501000285148621,0.5501000285148621,0.5501000285148621,0.5501000285148621,507,0.0,0.0
2024-10-17 12:56:00-04:00,0.5501000285148621,0.5501000285148621,0.550000011920929,0.550000011920929,5113,0.0,0.0
2024-10-17 12:58:00-04:00,0.5501000285148621,0.5501000285148621,0.5501000285148621,0.5501000285148621,193,0.0,0.0
2024-10-17 13:00:00-04:00,0.550000011920929,0.550000011920929,0.550000011920929,0.550000011920929,212,0.0,0.0
2024-10-17 13:11:00-04:00,0.5501000285148621,0.5501000285148621,0.550000011920929,0.550000011920929,211,0.0,0.0
2024-10-17 13:13:00-04:00,0.5501000285148621,0.5501000285148621,0.550000011920929,0.550000011920929,1104,0.0,0.0
2024-10-17 13:17:00-04:00,0.5501000285148621,0.5501000285148621,0.5501000285148621,0.5501000285148621,512,0.0,0.0
2024-10-17 13:21:00-04:00,0.5501000285148621,0.5501000285148621,0.5501000285148621,0.5501000285148621,1580,0.0,0.0
2024-10-17 13:22:00-04:00,0.5514000058174133,0.5514000058174133,0.5514000058174133,0.5514000058174133,5709,0.0,0.0
2024-10-17 13:25:00-04:00,0.5533999800682068,0.5533999800682068,0.5533999800682068,0.5533999800682068,192,0.0,0.0
2024-10-17 13:27:00-04:00,0.554099977016449,0.5547000169754028,0.554099977016449,0.5547000169754028,3921,0.0,0.0
2024-10-17 13:29:00-04:00,0.5590000152587891,0.5590000152587891,0.5590000152587891,0.5590000152587891,1198,0.0,0.0
2024-10-17 13:30:00-04:00,0.559499979019165,0.559499979019165,0.559499979019165,0.559499979019165,3750,0.0,0.0
2024-10-17 13:31:00-04:00,0.5591999888420105,0.5591999888420105,0.5590999722480774,0.5590999722480774,2013,0.0,0.0
2024-10-17 13:32:00-04:00,0.5590000152587891,0.5590000152587891,0.5547999739646912,0.5547999739646912,2428,0.0,0.0
2024-10-17 13:34:00-04:00,0.5547000169754028,0.5547000169754028,0.5547000169754028,0.5547000169754028,2506,0.0,0.0
2024-10-17 13:36:00-04:00,0.5547999739646912,0.5547999739646912,0.5547000169754028,0.5547000169754028,2000,0.0,0.0
2024-10-17 13:37:00-04:00,0.5547999739646912,0.5547999739646912,0.5547999739646912,0.5547999739646912,402,0.0,0.0
2024-10-17 13:47:00-04:00,0.5519999861717224,0.5519999861717224,0.5501999855041504,0.5501999855041504,1712,0.0,0.0
2024-10-17 13:49:00-04:00,0.5539000034332275,0.5539000034332275,0.550000011920929,0.550000011920929,18282,0.0,0.0
2024-10-17 14:08:00-04:00,0.5501000285148621,0.5501000285148621,0.5501000285148621,0.5501000285148621,690,0.0,0.0
2024-10-17 14:10:00-04:00,0.550000011920929,0.550000011920929,0.550000011920929,0.550000011920929,103,0.0,0.0
2024-10-17 14:11:00-04:00,0.5501000285148621,0.5501000285148621,0.5501000285148621,0.5501000285148621,392,0.0,0.0
2024-10-17 14:14:00-04:00,0.5501000285148621,0.5501000285148621,0.5501000285148621,0.5501000285148621,3192,0.0,0.0
2024-10-17 14:20:00-04:00,0.550000011920929,0.550000011920929,0.550000011920929,0.550000011920929,310,0.0,0.0
2024-10-17 14:33:00-04:00,0.5501000285148621,0.5501000285148621,0.550000011920929,0.550000011920929,17972,0.0,0.0
2024-10-17 14:34:00-04:00,0.5501000285148621,0.5501000285148621,0.5501000285148621,0.5501000285148621,507,0.0,0.0
2024-10-17 14:35:00-04:00,0.5546000003814697,0.5546000003814697,0.5546000003814697,0.5546000003814697,2130,0.0,0.0
2024-10-17 14:39:00-04:00,0.5509999990463257,0.5509999990463257,0.5509999990463257,0.5509999990463257,531,0.0,0.0
2024-10-17 14:41:00-04:00,0.5590000152587891,0.5590000152587891,0.5590000152587891,0.5590000152587891,773,0.0,0.0
2024-10-17 14:51:00-04:00,0.5590000152587891,0.5590999722480774,0.5512999892234802,0.5512999892234802,10877,0.0,0.0
2024-10-17 14:57:00-04:00,0.5551000237464905,0.5551000237464905,0.5551000237464905,0.5551000237464905,121,0.0,0.0
2024-10-17 15:01:00-04:00,0.5516999959945679,0.5516999959945679,0.5516999959945679,0.5516999959945679,262,0.0,0.0
2024-10-17 15:04:00-04:00,0.5519000291824341,0.5519000291824341,0.5519000291824341,0.5519000291824341,513,0.0,0.0
2024-10-17 15:07:00-04:00,0.5551000237464905,0.5551000237464905,0.5551000237464905,0.5551000237464905,1068,0.0,0.0
2024-10-17 15:11:00-04:00,0.5580999851226807,0.5580999851226807,0.5580999851226807,0.5580999851226807,101,0.0,0.0
2024-10-17 15:12:00-04:00,0.5522000193595886,0.5551999807357788,0.5522000193595886,0.5551999807357788,330,0.0,0.0
2024-10-17 15:17:00-04:00,0.5551999807357788,0.5551999807357788,0.5551999807357788,0.5551999807357788,222,0.0,0.0
2024-10-17 15:20:00-04:00,0.5580999851226807,0.5580999851226807,0.5580999851226807,0.5580999851226807,4004,0.0,0.0
2024-10-17 15:21:00-04:00,0.5562000274658203,0.5562000274658203,0.5562000274658203,0.5562000274658203,3136,0.0,0.0
2024-10-17 15:25:00-04:00,0.5525000095367432,0.5525000095367432,0.5525000095367432,0.5525000095367432,9084,0.0,0.0
2024-10-17 15:33:00-04:00,0.5590999722480774,0.5590999722480774,0.5590999722480774,0.5590999722480774,2504,0.0,0.0
2024-10-17 15:35:00-04:00,0.5590999722480774,0.5590999722480774,0.5590999722480774,0.5590999722480774,201,0.0,0.0
2024-10-17 15:36:00-04:00,0.5590999722480774,0.5590999722480774,0.5590999722480774,0.5590999722480774,302,0.0,0.0
2024-10-17 15:37:00-04:00,0.5590000152587891,0.5590000152587891,0.5590000152587891,0.5590000152587891,1803,0.0,0.0
2024-10-17 15:47:00-04:00,0.5525000095367432,0.5539000034332275,0.5525000095367432,0.5539000034332275,5540,0.0,0.0
2024-10-17 15:48:00-04:00,0.5594000220298767,0.5594000220298767,0.5594000220298767,0.5594000220298767,1075,0.0,0.0
2024-10-17 15:51:00-04:00,0.5559999942779541,0.5559999942779541,0.5532000064849854,0.5532000064849854,321,0.0,0.0
2024-10-17 15:52:00-04:00,0.5573999881744385,0.5573999881744385,0.5573999881744385,0.5573999881744385,59,0.0,0.0
2024-10-17 15:54:00-04:00,0.5537999868392944,0.5537999868392944,0.5537999868392944,0.5537999868392944,197,0.0,0.0
2024-10-17 15:55:00-04:00,0.5537999868392944,0.5537999868392944,0.5537999868392944,0.5537999868392944,299,0.0,0.0
2024-10-17 15:56:00-04:00,0.5573999881744385,0.5573999881744385,0.5573999881744385,0.5573999881744385,972,0.0,0.0
2024-10-17 15:59:00-04:00,0.5536999702453613,0.5536999702453613,0.5536999702453613,0.5536999702453613,604,0.0,0.0
2024-10-18 09:30:00-04:00,5.199999809265137,5.230000019073486,5.199999809265137,5.200099945068359,3078,0.0,0.0
2024-10-18 09:32:00-04:00,5.199999809265137,5.199999809265137,5.199999809265137,5.199999809265137,200,0.0,0.0
2024-10-18 09:33:00-04:00,5.199999809265137,5.230000019073486,5.199999809265137,5.199999809265137,12499,0.0,0.0
2024-10-18 09:34:00-04:00,5.24560022354126,5.689199924468994,5.200099945068359,5.689199924468994,9836,0.0,0.0
2024-10-18 09:35:00-04:00,5.460000038146973,5.599999904632568,5.460000038146973,5.599999904632568,1023,0.0,0.0
2024-10-18 09:37:00-04:00,5.429999828338623,5.579999923706055,5.429999828338623,5.579999923706055,1242,0.0,0.0
2024-10-18 09:41:00-04:00,5.40500020980835,5.40500020980835,5.40500020980835,5.40500020980835,283,0.0,0.0
2024-10-18 09:45:00-04:00,5.380000114440918,5.380000114440918,5.380000114440918,5.380000114440918,200,0.0,0.0
2024-10-18 09:46:00-04:00,5.399899959564209,5.399899959564209,5.380000114440918,5.380000114440918,2002,0.0,0.0
2024-10-18 09:48:00-04:00,5.400000095367432,5.400000095367432,5.400000095367432,5.400000095367432,401,0.0,0.0
2024-10-18 09:49:00-04:00,5.335400104522705,5.335400104522705,5.335400104522705,5.335400104522705,195,0.0,0.0
2024-10-18 09:53:00-04:00,5.440000057220459,5.440000057220459,5.440000057220459,5.440000057220459,471,0.0,0.0
2024-10-18 09:54:00-04:00,5.320000171661377,5.320000171661377,5.320000171661377,5.320000171661377,1653,0.0,0.0
2024-10-18 09:56:00-04:00,5.230000019073486,5.230000019073486,5.230000019073486,5.230000019073486,200,0.0,0.0
2024-10-18 09:57:00-04:00,5.230000019073486,5.315000057220459,5.199999809265137,5.199999809265137,2935,0.0,0.0
2024-10-18 09:58:00-04:00,5.110000133514404,5.110000133514404,5.110000133514404,5.110000133514404,366,0.0,0.0
2024-10-18 09:59:00-04:00,5.434999942779541,5.434999942779541,5.150000095367432,5.150000095367432,1286,0.0,0.0
2024-10-18 10:02:00-04:00,5.099999904632568,5.110000133514404,5.099999904632568,5.110000133514404,1710,0.0,0.0
2024-10-18 10:03:00-04:00,5.099999904632568,5.199999809265137,5.099999904632568,5.199999809265137,4552,0.0,0.0
2024-10-18 10:07:00-04:00,5.03000020980835,5.031000137329102,5.03000020980835,5.031000137329102,1050,0.0,0.0
2024-10-18 10:09:00-04:00,5.099999904632568,5.099999904632568,5.099999904632568,5.099999904632568,860,0.0,0.0
2024-10-18 10:11:00-04:00,5.099999904632568,5.099999904632568,5.099999904632568,5.099999904632568,591,0.0,0.0
2024-10-18 10:16:00-04:00,5.039999961853027,5.099999904632568,5.000100135803223,5.000100135803223,4477,0.0,0.0
2024-10-18 10:18:00-04:00,5.039899826049805,5.039899826049805,4.989999771118164,4.989999771118164,2252,0.0,0.0
2024-10-18 10:19:00-04:00,5.022600173950195,5.022600173950195,5.022600173950195,5.022600173950195,1022,0.0,0.0
2024-10-18 10:20:00-04:00,4.989999771118164,4.989999771118164,4.989999771118164,4.989999771118164,715,0.0,0.0
2024-10-18 10:21:00-04:00,5.0,5.03000020980835,4.950099945068359,4.960000038146973,5404,0.0,0.0
2024-10-18 10:22:00-04:00,4.949999809265137,4.950099945068359,4.949999809265137,4.950099945068359,996,0.0,0.0
2024-10-18 10:23:00-04:00,4.900100231170654,4.900100231170654,4.900000095367432,4.900000095367432,995,0.0,0.0
2024-10-18 10:25:00-04:00,4.804999828338623,4.804999828338623,4.804999828338623,4.804999828338623,1352,0.0,0.0
2024-10-18 10:28:00-04:00,4.949999809265137,4.949999809265137,4.928299903869629,4.928299903869629,485,0.0,0.0
2024-10-18 10:29:00-04:00,4.949999809265137,4.949999809265137,4.949999809265137,4.949999809265137,1395,0.0,0.0
2024-10-18 10:30:00-04:00,5.010000228881836,5.010000228881836,5.010000228881836,5.010000228881836,648,0.0,0.0
2024-10-18 10:35:00-04:00,5.0,5.0,4.849999904632568,4.849999904632568,2453,0.0,0.0
2024-10-18 10:36:00-04:00,4.923299789428711,4.923299789428711,4.923299789428711,4.923299789428711,266,0.0,0.0
2024-10-18 10:37:00-04:00,4.860000133514404,4.860000133514404,4.820000171661377,4.820000171661377,985,0.0,0.0
2024-10-18 10:38:00-04:00,4.820000171661377,4.820000171661377,4.820000171661377,4.820000171661377,201,0.0,0.0
2024-10-18 10:39:00-04:00,4.829999923706055,4.840000152587891,4.829999923706055,4.840000152587891,676,0.0,0.0
2024-10-18 10:40:00-04:00,4.820000171661377,4.820000171661377,4.820000171661377,4.820000171661377,374,0.0,0.0
2024-10-18 10:41:00-04:00,4.840000152587891,4.840000152587891,4.800000190734863,4.800000190734863,1272,0.0,0.0
2024-10-18 10:42:00-04:00,4.800000190734863,4.800000190734863,4.800000190734863,4.800000190734863,410,0.0,0.0
2024-10-18 10:43:00-04:00,4.818600177764893,4.818600177764893,4.75,4.795000076293945,4933,0.0,0.0
2024-10-18 10:49:00-04:00,4.75,4.75,4.639999866485596,4.639999866485596,2659,0.0,0.0
2024-10-18 10:51:00-04:00,4.650000095367432,4.71999979019165,4.650000095367432,4.71999979019165,757,0.0,0.0
2024-10-18 10:52:00-04:00,4.791999816894531,4.791999816894531,4.791999816894531,4.791999816894531,417,0.0,0.0
2024-10-18 10:53:00-04:00,4.690000057220459,4.698500156402588,4.690000057220459,4.698500156402588,1222,0.0,0.0
2024-10-18 10:54:00-04:00,4.699999809265137,4.699999809265137,4.699999809265137,4.699999809265137,269,0.0,0.0
2024-10-18 10:55:00-04:00,4.710000038146973,4.710000038146973,4.710000038146973,4.710000038146973,107,0.0,0.0
2024-10-18 10:56:00-04:00,4.755000114440918,4.755000114440918,4.755000114440918,4.755000114440918,461,0.0,0.0
2024-10-18 10:58:00-04:00,4.760000228881836,4.760000228881836,4.75,4.760000228881836,3679,0.0,0.0
2024-10-18 10:59:00-04:00,4.760000228881836,4.760000228881836,4.71999979019165,4.71999979019165,550,0.0,0.0
2024-10-18 11:00:00-04:00,4.717899799346924,4.717899799346924,4.717899799346924,4.717899799346924,0,0.0,0.0
2024-10-18 11:01:00-04:00,4.71999979019165,4.71999979019165,4.71999979019165,4.71999979019165,664,0.0,0.0
2024-10-18 11:02:00-04:00,4.710100173950195,4.710100173950195,4.659999847412109,4.659999847412109,947,0.0,0.0
2024-10-18 11:04:00-04:00,4.706999778747559,4.706999778747559,4.706999778747559,4.706999778747559,357,0.0,0.0
2024-10-18 11:05:00-04:00,4.704999923706055,4.704999923706055,4.704999923706055,4.704999923706055,238,0.0,0.0
2024-10-18 11:09:00-04:00,4.699999809265137,4.699999809265137,4.699999809265137,4.699999809265137,272,0.0,0.0
2024-10-18 11:10:00-04:00,4.660099983215332,4.660099983215332,4.660099983215332,4.660099983215332,376,0.0,0.0
2024-10-18 11:11:00-04:00,4.679999828338623,4.75,4.679999828338623,4.75,4610,0.0,0.0
2024-10-18 11:12:00-04:00,4.75,4.75,4.75,4.75,5295,0.0,0.0
2024-10-18 11:13:00-04:00,4.699999809265137,4.699999809265137,4.699999809265137,4.699999809265137,801,0.0,0.0
2024-10-18 11:14:00-04:00,4.699999809265137,4.75,4.690100193023682,4.75,1202,0.0,0.0
2024-10-18 11:15:00-04:00,4.75,4.760000228881836,4.75,4.760000228881836,1211,0.0,0.0
2024-10-18 11:16:00-04:00,4.731599807739258,4.731599807739258,4.650000095367432,4.659999847412109,1246,0.0,0.0
2024-10-18 11:17:00-04:00,4.699999809265137,4.699999809265137,4.699999809265137,4.699999809265137,198,0.0,0.0
2024-10-18 11:18:00-04:00,4.699900150299072,4.75,4.699900150299072,4.75,4374,0.0,0.0
2024-10-18 11:21:00-04:00,4.75,4.78000020980835,4.75,4.75,1065,0.0,0.0
2024-10-18 11:22:00-04:00,4.78000020980835,4.78000020980835,4.739999771118164,4.739999771118164,2998,0.0,0.0
2024-10-18 11:24:00-04:00,4.778900146484375,4.778900146484375,4.75,4.75,1657,0.0,0.0
2024-10-18 11:25:00-04:00,4.724100112915039,4.724100112915039,4.724100112915039,4.724100112915039,294,0.0,0.0
2024-10-18 11:29:00-04:00,4.670000076293945,4.670000076293945,4.659999847412109,4.659999847412109,1533,0.0,0.0
2024-10-18 11:30:00-04:00,4.75,4.75,4.670000076293945,4.670000076293945,4150,0.0,0.0
2024-10-18 11:31:00-04:00,4.670000076293945,4.6875,4.659999847412109,4.6875,1645,0.0,0.0
2024-10-18 11:40:00-04:00,4.699999809265137,4.699999809265137,4.699999809265137,4.699999809265137,653,0.0,0.0
2024-10-18 11:41:00-04:00,4.659999847412109,4.659999847412109,4.639999866485596,4.639999866485596,715,0.0,0.0
2024-10-18 11:42:00-04:00,4.639999866485596,4.639999866485596,4.5,4.5,5321,0.0,0.0
2024-10-18 11:43:00-04:00,4.5,4.5,4.5,4.5,1678,0.0,0.0
2024-10-18 11:44:00-04:00,4.5,4.5,4.5,4.5,1075,0.0,0.0
2024-10-18 11:45:00-04:00,4.590000152587891,4.590000152587891,4.510000228881836,4.510000228881836,500,0.0,0.0
2024-10-18 11:46:00-04:00,4.537499904632568,4.537499904632568,4.510000228881836,4.5100998878479,3743,0.0,0.0
2024-10-18 11:48:00-04:00,4.554999828338623,4.554999828338623,4.554999828338623,4.554999828338623,1249,0.0,0.0
2024-10-18 11:55:00-04:00,4.491000175476074,4.491000175476074,4.491000175476074,4.491000175476074,1439,0.0,0.0
2024-10-18 11:58:00-04:00,4.599999904632568,4.599999904632568,4.599999904632568,4.599999904632568,328,0.0,0.0
2024-10-18 12:01:00-04:00,4.5,4.5,4.460100173950195,4.460100173950195,1933,0.0,0.0
2024-10-18 12:05:00-04:00,4.510000228881836,4.510000228881836,4.510000228881836,4.510000228881836,665,0.0,0.0
2024-10-18 12:06:00-04:00,4.5,4.5,4.5,4.5,448,0.0,0.0
2024-10-18 12:07:00-04:00,4.5,4.5,4.5,4.5,400,0.0,0.0
2024-10-18 12:08:00-04:00,4.53000020980835,4.53000020980835,4.53000020980835,4.53000020980835,664,0.0,0.0
2024-10-18 12:10:00-04:00,4.500100135803223,4.500100135803223,4.5,4.5,2572,0.0,0.0
2024-10-18 12:16:00-04:00,4.3520002365112305,4.3520002365112305,4.349999904632568,4.349999904632568,1794,0.0,0.0
2024-10-18 12:19:00-04:00,4.389999866485596,4.389999866485596,4.389999866485596,4.389999866485596,524,0.0,0.0
2024-10-18 12:20:00-04:00,4.350100040435791,4.350100040435791,4.350100040435791,4.350100040435791,821,0.0,0.0
2024-10-18 12:21:00-04:00,4.30019998550415,4.30019998550415,4.300000190734863,4.300099849700928,1144,0.0,0.0
2024-10-18 12:22:00-04:00,4.480000019073486,4.480000019073486,4.329999923706055,4.329999923706055,10321,0.0,0.0
2024-10-18 12:25:00-04:00,4.355000019073486,4.355000019073486,4.340000152587891,4.340000152587891,344,0.0,0.0
2024-10-18 12:27:00-04:00,4.439899921417236,4.439899921417236,4.300000190734863,4.300000190734863,1383,0.0,0.0
2024-10-18 12:28:00-04:00,4.320000171661377,4.320000171661377,4.320000171661377,4.320000171661377,3235,0.0,0.0
2024-10-18 12:29:00-04:00,4.300000190734863,4.300000190734863,4.300000190734863,4.300000190734863,2286,0.0,0.0
2024-10-18 12:30:00-04:00,4.300000190734863,4.360000133514404,4.300000190734863,4.360000133514404,1252,0.0,0.0
2024-10-18 12:31:00-04:00,4.349999904632568,4.349999904632568,4.349999904632568,4.349999904632568,700,0.0,0.0
2024-10-18 12:32:00-04:00,4.349999904632568,4.369999885559082,4.320000171661377,4.320000171661377,1989,0.0,0.0
2024-10-18 12:34:00-04:00,4.344099998474121,4.344099998474121,4.329999923706055,4.329999923706055,1398,0.0,0.0
2024-10-18 12:35:00-04:00,4.340000152587891,4.340000152587891,4.320000171661377,4.320000171661377,2616,0.0,0.0
2024-10-18 12:36:00-04:00,4.320000171661377,4.369999885559082,4.320000171661377,4.360000133514404,4806,0.0,0.0
2024-10-18 12:40:00-04:00,4.349999904632568,4.349999904632568,4.349999904632568,4.349999904632568,1631,0.0,0.0
2024-10-18 12:43:00-04:00,4.425000190734863,4.425000190734863,4.392199993133545,4.398099899291992,1220,0.0,0.0
2024-10-18 12:44:00-04:00,4.377500057220459,4.420000076293945,4.377500057220459,4.420000076293945,1512,0.0,0.0
2024-10-18 12:45:00-04:00,4.409999847412109,4.409999847412109,4.409999847412109,4.409999847412109,396,0.0,0.0
2024-10-18 12:46:00-04:00,4.409999847412109,4.409999847412109,4.340000152587891,4.340000152587891,4101,0.0,0.0
2024-10-18 12:48:00-04:00,4.399899959564209,4.399899959564209,4.3958001136779785,4.3958001136779785,1750,0.0,0.0
2024-10-18 12:50:00-04:00,4.340000152587891,4.340000152587891,4.340000152587891,4.340000152587891,0,0.0,0.0
2024-10-18 12:51:00-04:00,4.369999885559082,4.369999885559082,4.369999885559082,4.369999885559082,539,0.0,0.0
2024-10-18 12:52:00-04:00,4.349999904632568,4.349999904632568,4.340099811553955,4.340099811553955,2316,0.0,0.0
2024-10-18 12:53:00-04:00,4.340000152587891,4.349999904632568,4.309999942779541,4.309999942779541,984,0.0,0.0
2024-10-18 12:54:00-04:00,4.335000038146973,4.335000038146973,4.335000038146973,4.335000038146973,111,0.0,0.0
2024-10-18 12:55:00-04:00,4.320000171661377,4.335000038146973,4.320000171661377,4.320099830627441,1335,0.0,0.0
2024-10-18 12:56:00-04:00,4.335000038146973,4.335000038146973,4.335000038146973,4.335000038146973,447,0.0,0.0
2024-10-18 12:57:00-04:00,4.320000171661377,4.335000038146973,4.320000171661377,4.329999923706055,5746,0.0,0.0
2024-10-18 12:58:00-04:00,4.329999923706055,4.329999923706055,4.329999923706055,4.329999923706055,558,0.0,0.0
2024-10-18 12:59:00-04:00,4.335000038146973,4.335000038146973,4.320000171661377,4.320000171661377,1150,0.0,0.0
2024-10-18 13:00:00-04:00,4.335000038146973,4.34060001373291,4.335000038146973,4.335000038146973,1781,0.0,0.0
2024-10-18 13:01:00-04:00,4.335000038146973,4.349100112915039,4.335000038146973,4.349100112915039,697,0.0,0.0
2024-10-18 13:02:00-04:00,4.320000171661377,4.320000171661377,4.320000171661377,4.320000171661377,1200,0.0,0.0
2024-10-18 13:03:00-04:00,4.349999904632568,4.349999904632568,4.320000171661377,4.340000152587891,515,0.0,0.0
2024-10-18 13:04:00-04:00,4.320000171661377,4.320000171661377,4.320000171661377,4.320000171661377,1885,0.0,0.0
2024-10-18 13:07:00-04:00,4.322500228881836,4.322500228881836,4.320000171661377,4.320000171661377,1184,0.0,0.0
2024-10-18 13:08:00-04:00,4.320000171661377,4.320099830627441,4.320000171661377,4.320000171661377,4667,0.0,0.0
2024-10-18 13:12:00-04:00,4.324999809265137,4.324999809265137,4.320000171661377,4.320000171661377,265,0.0,0.0
2024-10-18 13:13:00-04:00,4.322500228881836,4.324999809265137,4.320000171661377,4.322500228881836,1500,0.0,0.0
2024-10-18 13:14:00-04:00,4.329899787902832,4.329899787902832,4.329899787902832,4.329899787902832,416,0.0,0.0
2024-10-18 13:15:00-04:00,4.324999809265137,4.324999809265137,4.324999809265137,4.324999809265137,275,0.0,0.0
2024-10-18 13:18:00-04:00,4.322500228881836,4.329500198364258,4.320000171661377,4.320000171661377,456,0.0,0.0
2024-10-18 13:21:00-04:00,4.320000171661377,4.329999923706055,4.320000171661377,4.320000171661377,2857,0.0,0.0
2024-10-18 13:22:00-04:00,4.320000171661377,4.320000171661377,4.320000171661377,4.320000171661377,6,0.0,0.0
2024-10-18 13:25:00-04:00,4.346499919891357,4.354599952697754,4.320000171661377,4.320000171661377,960,0.0,0.0
2024-10-18 13:34:00-04:00,4.320000171661377,4.357399940490723,4.320000171661377,4.357399940490723,2753,0.0,0.0
2024-10-18 13:42:00-04:00,4.324999809265137,4.324999809265137,4.320000171661377,4.324999809265137,1178,0.0,0.0
2024-10-18 13:46:00-04:00,4.324999809265137,4.329999923706055,4.324999809265137,4.329999923706055,257,0.0,0.0
2024-10-18 13:47:00-04:00,4.322500228881836,4.324999809265137,4.320000171661377,4.324999809265137,3675,0.0,0.0
2024-10-18 13:49:00-04:00,4.320000171661377,4.320000171661377,4.25,4.25,12566,0.0,0.0
2024-10-18 13:50:00-04:00,4.250100135803223,4.250100135803223,4.167399883270264,4.167399883270264,1298,0.0,0.0
2024-10-18 13:51:00-04:00,4.230999946594238,4.230999946594238,4.230999946594238,4.230999946594238,1028,0.0,0.0
2024-10-18 13:56:00-04:00,4.199999809265137,4.220099925994873,4.199999809265137,4.220099925994873,624,0.0,0.0
2024-10-18 13:57:00-04:00,4.28000020980835,4.28000020980835,4.28000020980835,4.28000020980835,378,0.0,0.0
2024-10-18 14:02:00-04:00,4.25,4.260000228881836,4.25,4.260000228881836,595,0.0,0.0
2024-10-18 14:05:00-04:00,4.21999979019165,4.244999885559082,4.21999979019165,4.244999885559082,2346,0.0,0.0
2024-10-18 14:06:00-04:00,4.260000228881836,4.269999980926514,4.260000228881836,4.269999980926514,2044,0.0,0.0
2024-10-18 14:08:00-04:00,4.327499866485596,4.327499866485596,4.327499866485596,4.327499866485596,2000,0.0,0.0
2024-10-18 14:09:00-04:00,4.300000190734863,4.300000190734863,4.300000190734863,4.300000190734863,436,0.0,0.0
2024-10-18 14:34:00-04:00,4.300000190734863,4.300000190734863,4.300000190734863,4.300000190734863,924,0.0,0.0
2024-10-18 14:41:00-04:00,4.300000190734863,4.300000190734863,4.300000190734863,4.300000190734863,565,0.0,0.0
2024-10-18 14:42:00-04:00,4.300000190734863,4.300000190734863,4.300000190734863,4.300000190734863,216,0.0,0.0
2024-10-18 14:43:00-04:00,4.300000190734863,4.300000190734863,4.300000190734863,4.300000190734863,567,0.0,0.0
2024-10-18 14:45:00-04:00,4.313600063323975,4.313600063323975,4.313600063323975,4.313600063323975,433,0.0,0.0
2024-10-18 14:51:00-04:00,4.300000190734863,4.300000190734863,4.289999961853027,4.300000190734863,1488,0.0,0.0
2024-10-18 14:52:00-04:00,4.369999885559082,4.369999885559082,4.369999885559082,4.369999885559082,282,0.0,0.0
2024-10-18 14:54:00-04:00,4.315000057220459,4.315000057220459,4.300000190734863,4.307499885559082,1407,0.0,0.0
2024-10-18 14:55:00-04:00,4.3078999519348145,4.3078999519348145,4.3078999519348145,4.3078999519348145,607,0.0,0.0
2024-10-18 14:57:00-04:00,4.360000133514404,4.360000133514404,4.315000057220459,4.315000057220459,510,0.0,0.0
2024-10-18 14:59:00-04:00,4.284999847412109,4.284999847412109,4.284999847412109,4.284999847412109,389,0.0,0.0
2024-10-18 15:00:00-04:00,4.28000020980835,4.28000020980835,4.230000019073486,4.230000019073486,1607,0.0,0.0
2024-10-18 15:01:00-04:00,4.230000019073486,4.259900093078613,4.230000019073486,4.259900093078613,2042,0.0,0.0
2024-10-18 15:03:00-04:00,4.230000019073486,4.230100154876709,4.21999979019165,4.21999979019165,2801,0.0,0.0
2024-10-18 15:07:00-04:00,4.1890997886657715,4.1890997886657715,4.170000076293945,4.170000076293945,1364,0.0,0.0
2024-10-18 15:08:00-04:00,4.179999828338623,4.179999828338623,4.179999828338623,4.179999828338623,992,0.0,0.0
2024-10-18 15:09:00-04:00,4.170000076293945,4.170000076293945,4.170000076293945,4.170000076293945,330,0.0,0.0
2024-10-18 15:10:00-04:00,4.170000076293945,4.170000076293945,4.170000076293945,4.170000076293945,842,0.0,0.0
2024-10-18 15:11:00-04:00,4.170000076293945,4.170000076293945,4.170000076293945,4.170000076293945,592,0.0,0.0
2024-10-18 15:15:00-04:00,4.169899940490723,4.169899940490723,4.169899940490723,4.169899940490723,204,0.0,0.0
2024-10-18 15:18:00-04:00,4.150000095367432,4.170000076293945,4.14169979095459,4.14169979095459,328,0.0,0.0
2024-10-18 15:19:00-04:00,4.170000076293945,4.20989990234375,4.170000076293945,4.20989990234375,917,0.0,0.0
2024-10-18 15:24:00-04:00,4.210000038146973,4.21999979019165,4.210000038146973,4.21999979019165,774,0.0,0.0
2024-10-18 15:26:00-04:00,4.230000019073486,4.369999885559082,4.230000019073486,4.309999942779541,3944,0.0,0.0
2024-10-18 15:27:00-04:00,4.309999942779541,4.309999942779541,4.309999942779541,4.309999942779541,1975,0.0,0.0
2024-10-18 15:34:00-04:00,4.300000190734863,4.300000190734863,4.300000190734863,4.300000190734863,231,0.0,0.0
2024-10-18 15:35:00-04:00,4.315000057220459,4.315000057220459,4.300000190734863,4.300000190734863,676,0.0,0.0
2024-10-18 15:39:00-04:00,4.300000190734863,4.300000190734863,4.300000190734863,4.300000190734863,203,0.0,0.0
2024-10-18 15:41:00-04:00,4.267099857330322,4.267099857330322,4.267099857330322,4.267099857330322,244,0.0,0.0
2024-10-18 15:42:00-04:00,4.269999980926514,4.269999980926514,4.269999980926514,4.269999980926514,262,0.0,0.0
2024-10-18 15:44:00-04:00,4.328700065612793,4.328700065612793,4.328700065612793,4.328700065612793,552,0.0,0.0
2024-10-18 15:45:00-04:00,4.320000171661377,4.320000171661377,4.320000171661377,4.320000171661377,348,0.0,0.0
2024-10-18 15:49:00-04:00,4.302499771118164,4.302499771118164,4.302499771118164,4.302499771118164,661,0.0,0.0
2024-10-18 15:51:00-04:00,4.3125,4.369500160217285,4.3125,4.369500160217285,8701,0.0,0.0
2024-10-18 15:52:00-04:00,4.314199924468994,4.314199924468994,4.314199924468994,4.314199924468994,1261,0.0,0.0
2024-10-18 15:54:00-04:00,4.300000190734863,4.356500148773193,4.300000190734863,4.356500148773193,219,0.0,0.0
2024-10-18 15:56:00-04:00,4.300000190734863,4.300000190734863,4.300000190734863,4.300000190734863,281,0.0,0.0
2024-10-18 15:57:00-04:00,4.300000190734863,4.300000190734863,4.300000190734863,4.300000190734863,426,0.0,0.0
2024-10-18 15:58:00-04:00,4.300000190734863,4.325500011444092,4.300000190734863,4.325500011444092,998,0.0,0.0
2024-10-18 15:59:00-04:00,4.300000190734863,4.300000190734863,4.300000190734863,4.300000190734863,345,0.0,0.0
