Datetime,Open,High,Low,Close,Volume,Dividends,Stock Splits
2024-10-14 09:30:00-04:00,59.4900016784668,59.4900016784668,59.290000915527344,59.290000915527344,6819,0.0,0.0
2024-10-14 09:41:00-04:00,59.58000183105469,59.58000183105469,59.58000183105469,59.58000183105469,696,0.0,0.0
2024-10-14 09:49:00-04:00,59.61000061035156,59.61000061035156,59.61000061035156,59.61000061035156,715,0.0,0.0
2024-10-14 09:50:00-04:00,59.54499816894531,59.54499816894531,59.54499816894531,59.54499816894531,133,0.0,0.0
2024-10-14 09:51:00-04:00,59.59000015258789,59.65250015258789,59.59000015258789,59.65250015258789,1790,0.0,0.0
2024-10-14 09:52:00-04:00,59.650001525878906,59.650001525878906,59.650001525878906,59.650001525878906,129,0.0,0.0
2024-10-14 09:53:00-04:00,59.650001525878906,59.650001525878906,59.650001525878906,59.650001525878906,1677,0.0,0.0
2024-10-14 09:56:00-04:00,59.630001068115234,59.630001068115234,59.630001068115234,59.630001068115234,387,0.0,0.0
2024-10-14 09:57:00-04:00,59.599998474121094,59.650001525878906,59.599998474121094,59.63999938964844,3699,0.0,0.0
2024-10-14 09:58:00-04:00,59.68000030517578,59.689998626708984,59.65999984741211,59.689998626708984,2602,0.0,0.0
2024-10-14 09:59:00-04:00,59.689998626708984,59.70000076293945,59.689998626708984,59.70000076293945,3595,0.0,0.0
2024-10-14 10:02:00-04:00,59.7599983215332,59.7599983215332,59.7599983215332,59.7599983215332,191,0.0,0.0
2024-10-14 10:03:00-04:00,59.689998626708984,59.755001068115234,59.689998626708984,59.755001068115234,564,0.0,0.0
2024-10-14 10:05:00-04:00,59.72999954223633,59.72999954223633,59.720001220703125,59.72999954223633,471,0.0,0.0
2024-10-14 10:06:00-04:00,59.724998474121094,59.724998474121094,59.724998474121094,59.724998474121094,842,0.0,0.0
2024-10-14 10:08:00-04:00,59.72999954223633,59.72999954223633,59.72999954223633,59.72999954223633,1143,0.0,0.0
2024-10-14 10:12:00-04:00,59.79629898071289,59.79629898071289,59.790000915527344,59.790000915527344,333,0.0,0.0
2024-10-14 10:13:00-04:00,59.790000915527344,59.81999969482422,59.790000915527344,59.81999969482422,786,0.0,0.0
2024-10-14 10:17:00-04:00,59.93000030517578,59.93000030517578,59.93000030517578,59.93000030517578,819,0.0,0.0
2024-10-14 10:20:00-04:00,59.900001525878906,59.900001525878906,59.86000061035156,59.88999938964844,1506,0.0,0.0
2024-10-14 10:23:00-04:00,59.95000076293945,59.95000076293945,59.95000076293945,59.95000076293945,262,0.0,0.0
2024-10-14 10:24:00-04:00,59.95000076293945,59.959999084472656,59.93000030517578,59.959999084472656,867,0.0,0.0
2024-10-14 10:25:00-04:00,59.93000030517578,59.93000030517578,59.900001525878906,59.900001525878906,1792,0.0,0.0
2024-10-14 10:31:00-04:00,59.939998626708984,59.939998626708984,59.939998626708984,59.939998626708984,341,0.0,0.0
2024-10-14 10:33:00-04:00,59.970001220703125,59.970001220703125,59.9640007019043,59.9640007019043,443,0.0,0.0
2024-10-14 10:34:00-04:00,59.939998626708984,59.939998626708984,59.90999984741211,59.90999984741211,692,0.0,0.0
2024-10-14 10:35:00-04:00,59.90999984741211,59.90999984741211,59.90999984741211,59.90999984741211,425,0.0,0.0
2024-10-14 10:36:00-04:00,59.88010025024414,59.88010025024414,59.88010025024414,59.88010025024414,520,0.0,0.0
2024-10-14 10:37:00-04:00,59.880001068115234,59.880001068115234,59.848899841308594,59.848899841308594,1143,0.0,0.0
2024-10-14 10:40:00-04:00,59.900001525878906,59.900001525878906,59.88999938964844,59.88999938964844,551,0.0,0.0
2024-10-14 10:41:00-04:00,59.880001068115234,59.88010025024414,59.880001068115234,59.880001068115234,682,0.0,0.0
2024-10-14 10:44:00-04:00,59.95000076293945,59.95000076293945,59.95000076293945,59.95000076293945,635,0.0,0.0
2024-10-14 10:45:00-04:00,59.95000076293945,59.95000076293945,59.95000076293945,59.95000076293945,553,0.0,0.0
2024-10-14 10:47:00-04:00,59.93000030517578,59.93000030517578,59.92499923706055,59.92499923706055,463,0.0,0.0
2024-10-14 10:48:00-04:00,59.91830062866211,59.91999816894531,59.91830062866211,59.91999816894531,388,0.0,0.0
2024-10-14 10:49:00-04:00,59.91999816894531,59.91999816894531,59.91999816894531,59.91999816894531,128,0.0,0.0
2024-10-14 10:50:00-04:00,59.900001525878906,59.900001525878906,59.900001525878906,59.900001525878906,549,0.0,0.0
2024-10-14 10:51:00-04:00,59.939998626708984,59.939998626708984,59.939998626708984,59.939998626708984,390,0.0,0.0
2024-10-14 10:52:00-04:00,59.970001220703125,59.970001220703125,59.970001220703125,59.970001220703125,1215,0.0,0.0
2024-10-14 10:54:00-04:00,59.970001220703125,59.970001220703125,59.970001220703125,59.970001220703125,448,0.0,0.0
2024-10-14 10:56:00-04:00,59.95000076293945,59.95000076293945,59.95000076293945,59.95000076293945,467,0.0,0.0
2024-10-14 10:57:00-04:00,60.0,60.0,59.97999954223633,59.97999954223633,1353,0.0,0.0
2024-10-14 11:00:00-04:00,60.06999969482422,60.06999969482422,60.06999969482422,60.06999969482422,127,0.0,0.0
2024-10-14 11:01:00-04:00,60.08000183105469,60.10499954223633,60.08000183105469,60.10499954223633,407,0.0,0.0
2024-10-14 11:02:00-04:00,60.10499954223633,60.10499954223633,60.10499954223633,60.10499954223633,114,0.0,0.0
2024-10-14 11:04:00-04:00,60.060001373291016,60.060001373291016,60.060001373291016,60.060001373291016,2719,0.0,0.0
2024-10-14 11:05:00-04:00,60.11000061035156,60.130001068115234,60.095001220703125,60.130001068115234,1142,0.0,0.0
2024-10-14 11:06:00-04:00,60.13999938964844,60.13999938964844,60.13999938964844,60.13999938964844,484,0.0,0.0
2024-10-14 11:08:00-04:00,60.17499923706055,60.17499923706055,60.16999816894531,60.16999816894531,563,0.0,0.0
2024-10-14 11:09:00-04:00,60.16999816894531,60.189998626708984,60.16999816894531,60.189998626708984,460,0.0,0.0
2024-10-14 11:10:00-04:00,60.16999816894531,60.21030044555664,60.16999816894531,60.21030044555664,1091,0.0,0.0
2024-10-14 11:11:00-04:00,60.20500183105469,60.22999954223633,60.189998626708984,60.22999954223633,3855,0.0,0.0
2024-10-14 11:12:00-04:00,60.25,60.25,60.25,60.25,387,0.0,0.0
2024-10-14 11:13:00-04:00,60.22999954223633,60.233001708984375,60.22999954223633,60.22999954223633,586,0.0,0.0
2024-10-14 11:14:00-04:00,60.224998474121094,60.2599983215332,60.18000030517578,60.25,2981,0.0,0.0
2024-10-14 11:15:00-04:00,60.2400016784668,60.2400016784668,60.220001220703125,60.2400016784668,2781,0.0,0.0
2024-10-14 11:17:00-04:00,60.2599983215332,60.2599983215332,60.2599983215332,60.2599983215332,182,0.0,0.0
2024-10-14 11:18:00-04:00,60.275001525878906,60.275001525878906,60.25419998168945,60.25419998168945,320,0.0,0.0
2024-10-14 11:19:00-04:00,60.2599983215332,60.2599983215332,60.2599983215332,60.2599983215332,243,0.0,0.0
2024-10-14 11:21:00-04:00,60.244998931884766,60.244998931884766,60.244998931884766,60.244998931884766,440,0.0,0.0
2024-10-14 11:22:00-04:00,60.22999954223633,60.2400016784668,60.22999954223633,60.23500061035156,794,0.0,0.0
2024-10-14 11:23:00-04:00,60.220001220703125,60.2400016784668,60.220001220703125,60.2400016784668,2169,0.0,0.0
2024-10-14 11:24:00-04:00,60.25,60.27000045776367,60.25,60.27000045776367,993,0.0,0.0
2024-10-14 11:25:00-04:00,60.27000045776367,60.27000045776367,60.25,60.255001068115234,1104,0.0,0.0
2024-10-14 11:26:00-04:00,60.2599983215332,60.2599983215332,60.2599983215332,60.2599983215332,295,0.0,0.0
2024-10-14 11:27:00-04:00,60.27000045776367,60.29999923706055,60.2599983215332,60.29999923706055,993,0.0,0.0
2024-10-14 11:28:00-04:00,60.31999969482422,60.31999969482422,60.31999969482422,60.31999969482422,366,0.0,0.0
2024-10-14 11:29:00-04:00,60.334999084472656,60.334999084472656,60.334999084472656,60.334999084472656,236,0.0,0.0
2024-10-14 11:30:00-04:00,60.349998474121094,60.349998474121094,60.34000015258789,60.34000015258789,485,0.0,0.0
2024-10-14 11:31:00-04:00,60.354400634765625,60.354400634765625,60.34000015258789,60.34000015258789,878,0.0,0.0
2024-10-14 11:32:00-04:00,60.33000183105469,60.334999084472656,60.33000183105469,60.334999084472656,1079,0.0,0.0
2024-10-14 11:34:00-04:00,60.38999938964844,60.38999938964844,60.38999938964844,60.38999938964844,956,0.0,0.0
2024-10-14 11:37:00-04:00,60.39500045776367,60.41999816894531,60.39500045776367,60.41999816894531,312,0.0,0.0
2024-10-14 11:39:00-04:00,60.41999816894531,60.43989944458008,60.41999816894531,60.41999816894531,553,0.0,0.0
2024-10-14 11:40:00-04:00,60.459999084472656,60.459999084472656,60.459999084472656,60.459999084472656,559,0.0,0.0
2024-10-14 11:41:00-04:00,60.474998474121094,60.474998474121094,60.474998474121094,60.474998474121094,430,0.0,0.0
2024-10-14 11:44:00-04:00,60.48500061035156,60.5,60.48500061035156,60.5,618,0.0,0.0
2024-10-14 11:45:00-04:00,60.5,60.5,60.5,60.5,596,0.0,0.0
2024-10-14 11:46:00-04:00,60.505001068115234,60.505001068115234,60.505001068115234,60.505001068115234,699,0.0,0.0
2024-10-14 11:47:00-04:00,60.529998779296875,60.529998779296875,60.52000045776367,60.52000045776367,710,0.0,0.0
2024-10-14 11:48:00-04:00,60.52000045776367,60.52000045776367,60.5099983215332,60.5099983215332,1252,0.0,0.0
2024-10-14 11:50:00-04:00,60.52000045776367,60.52000045776367,60.5099983215332,60.5099983215332,333,0.0,0.0
2024-10-14 11:51:00-04:00,60.5,60.52000045776367,60.5,60.52000045776367,858,0.0,0.0
2024-10-14 11:52:00-04:00,60.54999923706055,60.54999923706055,60.529998779296875,60.529998779296875,433,0.0,0.0
2024-10-14 11:53:00-04:00,60.54999923706055,60.54999923706055,60.54999923706055,60.54999923706055,228,0.0,0.0
2024-10-14 11:54:00-04:00,60.54999923706055,60.54999923706055,60.529998779296875,60.54999923706055,3140,0.0,0.0
2024-10-14 11:55:00-04:00,60.540000915527344,60.54999923706055,60.540000915527344,60.54999923706055,664,0.0,0.0
2024-10-14 11:56:00-04:00,60.53799819946289,60.53799819946289,60.52000045776367,60.52000045776367,271,0.0,0.0
2024-10-14 11:57:00-04:00,60.529998779296875,60.53969955444336,60.52000045776367,60.53499984741211,1383,0.0,0.0
2024-10-14 11:58:00-04:00,60.547000885009766,60.547000885009766,60.547000885009766,60.547000885009766,242,0.0,0.0
2024-10-14 12:00:00-04:00,60.540000915527344,60.54999923706055,60.540000915527344,60.54999923706055,379,0.0,0.0
2024-10-14 12:01:00-04:00,60.560001373291016,60.56999969482422,60.560001373291016,60.56999969482422,723,0.0,0.0
2024-10-14 12:02:00-04:00,60.56999969482422,60.59000015258789,60.56999969482422,60.59000015258789,849,0.0,0.0
2024-10-14 12:03:00-04:00,60.56999969482422,60.56999969482422,60.564998626708984,60.56999969482422,989,0.0,0.0
2024-10-14 12:04:00-04:00,60.58000183105469,60.58000183105469,60.58000183105469,60.58000183105469,388,0.0,0.0
2024-10-14 12:05:00-04:00,60.56999969482422,60.58000183105469,60.564998626708984,60.58000183105469,991,0.0,0.0
2024-10-14 12:06:00-04:00,60.54999923706055,60.54999923706055,60.529998779296875,60.529998779296875,1096,0.0,0.0
2024-10-14 12:08:00-04:00,60.540000915527344,60.540000915527344,60.540000915527344,60.540000915527344,199,0.0,0.0
2024-10-14 12:09:00-04:00,60.5,60.529998779296875,60.5,60.52000045776367,1987,0.0,0.0
2024-10-14 12:10:00-04:00,60.529998779296875,60.529998779296875,60.529998779296875,60.529998779296875,141,0.0,0.0
2024-10-14 12:11:00-04:00,60.529998779296875,60.560001373291016,60.529998779296875,60.560001373291016,1225,0.0,0.0
2024-10-14 12:12:00-04:00,60.56999969482422,60.599998474121094,60.56999969482422,60.599998474121094,733,0.0,0.0
2024-10-14 12:13:00-04:00,60.599998474121094,60.599998474121094,60.599998474121094,60.599998474121094,113,0.0,0.0
2024-10-14 12:14:00-04:00,60.599998474121094,60.599998474121094,60.599998474121094,60.599998474121094,579,0.0,0.0
2024-10-14 12:16:00-04:00,60.61000061035156,60.61249923706055,60.599998474121094,60.599998474121094,1152,0.0,0.0
2024-10-14 12:17:00-04:00,60.619998931884766,60.619998931884766,60.59000015258789,60.60499954223633,1966,0.0,0.0
2024-10-14 12:18:00-04:00,60.61000061035156,60.61000061035156,60.60499954223633,60.60499954223633,356,0.0,0.0
2024-10-14 12:20:00-04:00,60.60499954223633,60.60499954223633,60.60499954223633,60.60499954223633,212,0.0,0.0
2024-10-14 12:21:00-04:00,60.58000183105469,60.599998474121094,60.564998626708984,60.584999084472656,5002,0.0,0.0
2024-10-14 12:22:00-04:00,60.59000015258789,60.59000015258789,60.59000015258789,60.59000015258789,1003,0.0,0.0
2024-10-14 12:24:00-04:00,60.56999969482422,60.584999084472656,60.560001373291016,60.56999969482422,656,0.0,0.0
2024-10-14 12:25:00-04:00,60.56999969482422,60.57500076293945,60.54999923706055,60.57500076293945,1357,0.0,0.0
2024-10-14 12:26:00-04:00,60.56999969482422,60.56999969482422,60.5625,60.5625,408,0.0,0.0
2024-10-14 12:27:00-04:00,60.56999969482422,60.56999969482422,60.560001373291016,60.56999969482422,526,0.0,0.0
2024-10-14 12:29:00-04:00,60.57699966430664,60.57699966430664,60.57699966430664,60.57699966430664,1003,0.0,0.0
2024-10-14 12:30:00-04:00,60.58000183105469,60.58000183105469,60.54999923706055,60.55500030517578,1093,0.0,0.0
2024-10-14 12:31:00-04:00,60.58000183105469,60.599998474121094,60.58000183105469,60.599998474121094,1134,0.0,0.0
2024-10-14 12:32:00-04:00,60.564998626708984,60.564998626708984,60.564998626708984,60.564998626708984,501,0.0,0.0
2024-10-14 12:34:00-04:00,60.59000015258789,60.59000015258789,60.58000183105469,60.58000183105469,413,0.0,0.0
2024-10-14 12:36:00-04:00,60.595001220703125,60.595001220703125,60.58000183105469,60.58000183105469,2132,0.0,0.0
2024-10-14 12:37:00-04:00,60.560001373291016,60.56999969482422,60.560001373291016,60.56999969482422,233,0.0,0.0
2024-10-14 12:38:00-04:00,60.56999969482422,60.56999969482422,60.56999969482422,60.56999969482422,355,0.0,0.0
2024-10-14 12:39:00-04:00,60.56999969482422,60.56999969482422,60.56999969482422,60.56999969482422,322,0.0,0.0
2024-10-14 12:42:00-04:00,60.57500076293945,60.57500076293945,60.57500076293945,60.57500076293945,121,0.0,0.0
2024-10-14 12:43:00-04:00,60.56999969482422,60.59000015258789,60.56999969482422,60.59000015258789,564,0.0,0.0
2024-10-14 12:44:00-04:00,60.59000015258789,60.59000015258789,60.59000015258789,60.59000015258789,543,0.0,0.0
2024-10-14 12:49:00-04:00,60.59000015258789,60.599998474121094,60.59000015258789,60.599998474121094,1067,0.0,0.0
2024-10-14 12:50:00-04:00,60.595001220703125,60.595001220703125,60.59000015258789,60.595001220703125,1945,0.0,0.0
2024-10-14 12:51:00-04:00,60.61000061035156,60.619998931884766,60.61000061035156,60.619998931884766,570,0.0,0.0
2024-10-14 12:53:00-04:00,60.61000061035156,60.619998931884766,60.599998474121094,60.6150016784668,1461,0.0,0.0
2024-10-14 12:55:00-04:00,60.599998474121094,60.630001068115234,60.599998474121094,60.630001068115234,1223,0.0,0.0
2024-10-14 12:56:00-04:00,60.63999938964844,60.650001525878906,60.63999938964844,60.650001525878906,581,0.0,0.0
2024-10-14 12:57:00-04:00,60.65999984741211,60.65999984741211,60.650001525878906,60.650001525878906,601,0.0,0.0
2024-10-14 12:58:00-04:00,60.66999816894531,60.66999816894531,60.66999816894531,60.66999816894531,484,0.0,0.0
2024-10-14 12:59:00-04:00,60.689998626708984,60.689998626708984,60.66999816894531,60.66999816894531,2236,0.0,0.0
2024-10-14 13:00:00-04:00,60.68000030517578,60.685001373291016,60.66999816894531,60.685001373291016,464,0.0,0.0
2024-10-14 13:01:00-04:00,60.689998626708984,60.689998626708984,60.689998626708984,60.689998626708984,383,0.0,0.0
2024-10-14 13:02:00-04:00,60.689998626708984,60.689998626708984,60.68000030517578,60.68000030517578,1074,0.0,0.0
2024-10-14 13:03:00-04:00,60.68000030517578,60.689998626708984,60.66999816894531,60.685001373291016,1263,0.0,0.0
2024-10-14 13:05:00-04:00,60.6875,60.6875,60.6875,60.6875,318,0.0,0.0
2024-10-14 13:06:00-04:00,60.685001373291016,60.685001373291016,60.65999984741211,60.66999816894531,2697,0.0,0.0
2024-10-14 13:07:00-04:00,60.685001373291016,60.685001373291016,60.685001373291016,60.685001373291016,116,0.0,0.0
2024-10-14 13:08:00-04:00,60.66999816894531,60.689998626708984,60.66999816894531,60.68000030517578,726,0.0,0.0
2024-10-14 13:10:00-04:00,60.66999816894531,60.67499923706055,60.66999816894531,60.67499923706055,874,0.0,0.0
2024-10-14 13:12:00-04:00,60.66999816894531,60.67499923706055,60.66999816894531,60.67499923706055,509,0.0,0.0
2024-10-14 13:13:00-04:00,60.66999816894531,60.67499923706055,60.66999816894531,60.67499923706055,642,0.0,0.0
2024-10-14 13:14:00-04:00,60.66999816894531,60.66999816894531,60.66999816894531,60.66999816894531,1120,0.0,0.0
2024-10-14 13:15:00-04:00,60.63999938964844,60.650001525878906,60.63999938964844,60.650001525878906,908,0.0,0.0
2024-10-14 13:16:00-04:00,60.65999984741211,60.65999984741211,60.654998779296875,60.654998779296875,555,0.0,0.0
2024-10-14 13:17:00-04:00,60.650001525878906,60.650001525878906,60.650001525878906,60.650001525878906,487,0.0,0.0
2024-10-14 13:19:00-04:00,60.65999984741211,60.65999984741211,60.65999984741211,60.65999984741211,197,0.0,0.0
2024-10-14 13:20:00-04:00,60.66999816894531,60.66999816894531,60.66999816894531,60.66999816894531,191,0.0,0.0
2024-10-14 13:22:00-04:00,60.63999938964844,60.63999938964844,60.63999938964844,60.63999938964844,298,0.0,0.0
2024-10-14 13:23:00-04:00,60.63999938964844,60.63999938964844,60.630001068115234,60.630001068115234,855,0.0,0.0
2024-10-14 13:24:00-04:00,60.619998931884766,60.630001068115234,60.619998931884766,60.625,1047,0.0,0.0
2024-10-14 13:25:00-04:00,60.619998931884766,60.619998931884766,60.61000061035156,60.619998931884766,923,0.0,0.0
2024-10-14 13:26:00-04:00,60.599998474121094,60.630001068115234,60.599998474121094,60.630001068115234,816,0.0,0.0
2024-10-14 13:28:00-04:00,60.630001068115234,60.630001068115234,60.630001068115234,60.630001068115234,293,0.0,0.0
2024-10-14 13:29:00-04:00,60.63999938964844,60.63999938964844,60.63999938964844,60.63999938964844,546,0.0,0.0
2024-10-14 13:30:00-04:00,60.6349983215332,60.6349983215332,60.6349983215332,60.6349983215332,246,0.0,0.0
2024-10-14 13:33:00-04:00,60.630001068115234,60.630001068115234,60.630001068115234,60.630001068115234,873,0.0,0.0
2024-10-14 13:34:00-04:00,60.650001525878906,60.650001525878906,60.650001525878906,60.650001525878906,613,0.0,0.0
2024-10-14 13:36:00-04:00,60.6349983215332,60.6349983215332,60.6349983215332,60.6349983215332,225,0.0,0.0
2024-10-14 13:37:00-04:00,60.6349983215332,60.6349983215332,60.619998931884766,60.619998931884766,735,0.0,0.0
2024-10-14 13:38:00-04:00,60.650001525878906,60.65999984741211,60.64500045776367,60.650001525878906,1225,0.0,0.0
2024-10-14 13:39:00-04:00,60.63999938964844,60.650001525878906,60.63999938964844,60.650001525878906,292,0.0,0.0
2024-10-14 13:41:00-04:00,60.650001525878906,60.650001525878906,60.619998931884766,60.625,1705,0.0,0.0
2024-10-14 13:44:00-04:00,60.619998931884766,60.630001068115234,60.61000061035156,60.630001068115234,531,0.0,0.0
2024-10-14 13:45:00-04:00,60.625,60.625,60.61000061035156,60.619998931884766,623,0.0,0.0
2024-10-14 13:47:00-04:00,60.625,60.63999938964844,60.61470031738281,60.63999938964844,921,0.0,0.0
2024-10-14 13:48:00-04:00,60.630001068115234,60.630001068115234,60.619998931884766,60.619998931884766,829,0.0,0.0
2024-10-14 13:49:00-04:00,60.619998931884766,60.649898529052734,60.619998931884766,60.649898529052734,454,0.0,0.0
2024-10-14 13:51:00-04:00,60.63290023803711,60.650001525878906,60.630001068115234,60.650001525878906,1161,0.0,0.0
2024-10-14 13:52:00-04:00,60.650001525878906,60.650001525878906,60.650001525878906,60.650001525878906,273,0.0,0.0
2024-10-14 13:55:00-04:00,60.64500045776367,60.64500045776367,60.64500045776367,60.64500045776367,1130,0.0,0.0
2024-10-14 13:59:00-04:00,60.650001525878906,60.650001525878906,60.650001525878906,60.650001525878906,127,0.0,0.0
2024-10-14 14:00:00-04:00,60.650001525878906,60.654998779296875,60.650001525878906,60.654998779296875,488,0.0,0.0
2024-10-14 14:01:00-04:00,60.650001525878906,60.650001525878906,60.63999938964844,60.64500045776367,1052,0.0,0.0
2024-10-14 14:02:00-04:00,60.641998291015625,60.66999816894531,60.641998291015625,60.66999816894531,1139,0.0,0.0
2024-10-14 14:05:00-04:00,60.66999816894531,60.66999816894531,60.66999816894531,60.66999816894531,112,0.0,0.0
2024-10-14 14:06:00-04:00,60.689998626708984,60.689998626708984,60.689998626708984,60.689998626708984,868,0.0,0.0
2024-10-14 14:08:00-04:00,60.70000076293945,60.720001220703125,60.70000076293945,60.720001220703125,826,0.0,0.0
2024-10-14 14:11:00-04:00,60.709999084472656,60.71500015258789,60.70000076293945,60.709999084472656,2230,0.0,0.0
2024-10-14 14:12:00-04:00,60.689998626708984,60.709999084472656,60.689998626708984,60.709999084472656,687,0.0,0.0
2024-10-14 14:13:00-04:00,60.709999084472656,60.709999084472656,60.70000076293945,60.70500183105469,754,0.0,0.0
2024-10-14 14:14:00-04:00,60.70500183105469,60.71500015258789,60.70500183105469,60.70500183105469,828,0.0,0.0
2024-10-14 14:15:00-04:00,60.70000076293945,60.70000076293945,60.70000076293945,60.70000076293945,239,0.0,0.0
2024-10-14 14:16:00-04:00,60.70000076293945,60.72999954223633,60.70000076293945,60.72999954223633,1280,0.0,0.0
2024-10-14 14:19:00-04:00,60.72999954223633,60.72999954223633,60.72999954223633,60.72999954223633,1364,0.0,0.0
2024-10-14 14:20:00-04:00,60.7400016784668,60.7400016784668,60.7400016784668,60.7400016784668,198,0.0,0.0
2024-10-14 14:21:00-04:00,60.75,60.75,60.75,60.75,303,0.0,0.0
2024-10-14 14:22:00-04:00,60.75,60.75,60.75,60.75,545,0.0,0.0
2024-10-14 14:24:00-04:00,60.77000045776367,60.779998779296875,60.77000045776367,60.779998779296875,487,0.0,0.0
2024-10-14 14:25:00-04:00,60.78499984741211,60.78499984741211,60.7599983215332,60.77000045776367,3453,0.0,0.0
2024-10-14 14:26:00-04:00,60.77000045776367,60.78499984741211,60.77000045776367,60.78499984741211,1187,0.0,0.0
2024-10-14 14:27:00-04:00,60.78499984741211,60.78499984741211,60.78499984741211,60.78499984741211,161,0.0,0.0
2024-10-14 14:28:00-04:00,60.779998779296875,60.779998779296875,60.779998779296875,60.779998779296875,557,0.0,0.0
2024-10-14 14:29:00-04:00,60.790000915527344,60.814998626708984,60.790000915527344,60.814998626708984,466,0.0,0.0
2024-10-14 14:30:00-04:00,60.80500030517578,60.810001373291016,60.80500030517578,60.810001373291016,459,0.0,0.0
2024-10-14 14:31:00-04:00,60.80500030517578,60.80500030517578,60.80500030517578,60.80500030517578,184,0.0,0.0
2024-10-14 14:32:00-04:00,60.81999969482422,60.81999969482422,60.81999969482422,60.81999969482422,1456,0.0,0.0
2024-10-14 14:36:00-04:00,60.812400817871094,60.834999084472656,60.812400817871094,60.834999084472656,1695,0.0,0.0
2024-10-14 14:37:00-04:00,60.83000183105469,60.83000183105469,60.83000183105469,60.83000183105469,439,0.0,0.0
2024-10-14 14:39:00-04:00,60.82500076293945,60.82500076293945,60.81999969482422,60.81999969482422,728,0.0,0.0
2024-10-14 14:41:00-04:00,60.790000915527344,60.79999923706055,60.790000915527344,60.79999923706055,1930,0.0,0.0
2024-10-14 14:42:00-04:00,60.80500030517578,60.80500030517578,60.80500030517578,60.80500030517578,444,0.0,0.0
2024-10-14 14:43:00-04:00,60.79999923706055,60.81999969482422,60.79999923706055,60.81999969482422,1193,0.0,0.0
2024-10-14 14:44:00-04:00,60.81999969482422,60.81999969482422,60.81999969482422,60.81999969482422,428,0.0,0.0
2024-10-14 14:45:00-04:00,60.83000183105469,60.83000183105469,60.83000183105469,60.83000183105469,1178,0.0,0.0
2024-10-14 14:46:00-04:00,60.81999969482422,60.82500076293945,60.80500030517578,60.80500030517578,1887,0.0,0.0
2024-10-14 14:47:00-04:00,60.79499816894531,60.79999923706055,60.7599983215332,60.779998779296875,3395,0.0,0.0
2024-10-14 14:49:00-04:00,60.79999923706055,60.79999923706055,60.790000915527344,60.79499816894531,1240,0.0,0.0
2024-10-14 14:51:00-04:00,60.79999923706055,60.79999923706055,60.79499816894531,60.79499816894531,639,0.0,0.0
2024-10-14 14:52:00-04:00,60.810001373291016,60.810001373291016,60.810001373291016,60.810001373291016,442,0.0,0.0
2024-10-14 14:54:00-04:00,60.80500030517578,60.80500030517578,60.75,60.76499938964844,12969,0.0,0.0
2024-10-14 14:55:00-04:00,60.7599983215332,60.76499938964844,60.7599983215332,60.76499938964844,1182,0.0,0.0
2024-10-14 14:56:00-04:00,60.76499938964844,60.77000045776367,60.76499938964844,60.77000045776367,693,0.0,0.0
2024-10-14 14:57:00-04:00,60.77000045776367,60.77000045776367,60.77000045776367,60.77000045776367,670,0.0,0.0
2024-10-14 14:58:00-04:00,60.77000045776367,60.77000045776367,60.720001220703125,60.77000045776367,7331,0.0,0.0
2024-10-14 14:59:00-04:00,60.7400016784668,60.7599983215332,60.7400016784668,60.7599983215332,5402,0.0,0.0
2024-10-14 15:00:00-04:00,60.75,60.7599983215332,60.75,60.7599983215332,996,0.0,0.0
2024-10-14 15:01:00-04:00,60.7400016784668,60.7400016784668,60.720001220703125,60.7400016784668,1294,0.0,0.0
2024-10-14 15:02:00-04:00,60.7599983215332,60.7599983215332,60.75590133666992,60.75590133666992,466,0.0,0.0
2024-10-14 15:03:00-04:00,60.75,60.75,60.75,60.75,412,0.0,0.0
2024-10-14 15:04:00-04:00,60.77000045776367,60.77000045776367,60.72999954223633,60.7599983215332,4578,0.0,0.0
2024-10-14 15:08:00-04:00,60.742000579833984,60.75,60.742000579833984,60.75,682,0.0,0.0
2024-10-14 15:09:00-04:00,60.744998931884766,60.75,60.7400016784668,60.7400016784668,983,0.0,0.0
2024-10-14 15:11:00-04:00,60.7400016784668,60.7400016784668,60.72999954223633,60.72999954223633,741,0.0,0.0
2024-10-14 15:12:00-04:00,60.72999954223633,60.72999954223633,60.72999954223633,60.72999954223633,132,0.0,0.0
2024-10-14 15:13:00-04:00,60.72999954223633,60.7400016784668,60.720001220703125,60.724998474121094,5357,0.0,0.0
2024-10-14 15:14:00-04:00,60.72999954223633,60.72999954223633,60.72999954223633,60.72999954223633,307,0.0,0.0
2024-10-14 15:15:00-04:00,60.72999954223633,60.72999954223633,60.720001220703125,60.720001220703125,838,0.0,0.0
2024-10-14 15:17:00-04:00,60.70000076293945,60.709999084472656,60.68000030517578,60.689998626708984,1382,0.0,0.0
2024-10-14 15:18:00-04:00,60.67100143432617,60.67100143432617,60.66999816894531,60.66999816894531,320,0.0,0.0
2024-10-14 15:19:00-04:00,60.66999816894531,60.68000030517578,60.650001525878906,60.650001525878906,2611,0.0,0.0
2024-10-14 15:20:00-04:00,60.66999816894531,60.66999816894531,60.650001525878906,60.650001525878906,931,0.0,0.0
2024-10-14 15:21:00-04:00,60.650001525878906,60.650001525878906,60.64099884033203,60.64099884033203,829,0.0,0.0
2024-10-14 15:22:00-04:00,60.66999816894531,60.688499450683594,60.66999816894531,60.685001373291016,1793,0.0,0.0
2024-10-14 15:23:00-04:00,60.689998626708984,60.709999084472656,60.68000030517578,60.709999084472656,1515,0.0,0.0
2024-10-14 15:25:00-04:00,60.689998626708984,60.689998626708984,60.689998626708984,60.689998626708984,109,0.0,0.0
2024-10-14 15:26:00-04:00,60.68000030517578,60.68000030517578,60.6619987487793,60.66999816894531,1103,0.0,0.0
2024-10-14 15:28:00-04:00,60.65999984741211,60.65999984741211,60.65999984741211,60.65999984741211,786,0.0,0.0
2024-10-14 15:30:00-04:00,60.66999816894531,60.66999816894531,60.654998779296875,60.65999984741211,592,0.0,0.0
2024-10-14 15:31:00-04:00,60.63999938964844,60.63999938964844,60.61000061035156,60.61000061035156,333,0.0,0.0
2024-10-14 15:32:00-04:00,60.62099838256836,60.62099838256836,60.619998931884766,60.619998931884766,542,0.0,0.0
2024-10-14 15:33:00-04:00,60.6150016784668,60.630001068115234,60.61000061035156,60.619998931884766,2468,0.0,0.0
2024-10-14 15:34:00-04:00,60.619998931884766,60.619998931884766,60.611000061035156,60.619998931884766,1099,0.0,0.0
2024-10-14 15:35:00-04:00,60.619998931884766,60.630001068115234,60.619998931884766,60.630001068115234,788,0.0,0.0
2024-10-14 15:36:00-04:00,60.63999938964844,60.63999938964844,60.61000061035156,60.61199951171875,2102,0.0,0.0
2024-10-14 15:37:00-04:00,60.599998474121094,60.599998474121094,60.560001373291016,60.560001373291016,1203,0.0,0.0
2024-10-14 15:38:00-04:00,60.55500030517578,60.56999969482422,60.55500030517578,60.56999969482422,1018,0.0,0.0
2024-10-14 15:40:00-04:00,60.54999923706055,60.54999923706055,60.52000045776367,60.52000045776367,1344,0.0,0.0
2024-10-14 15:41:00-04:00,60.52000045776367,60.540000915527344,60.52000045776367,60.540000915527344,2704,0.0,0.0
2024-10-14 15:42:00-04:00,60.52000045776367,60.52000045776367,60.52000045776367,60.52000045776367,419,0.0,0.0
2024-10-14 15:43:00-04:00,60.5,60.505001068115234,60.493900299072266,60.505001068115234,1516,0.0,0.0
2024-10-14 15:44:00-04:00,60.4900016784668,60.4900016784668,60.46500015258789,60.46500015258789,1163,0.0,0.0
2024-10-14 15:45:00-04:00,60.459999084472656,60.46500015258789,60.439998626708984,60.459999084472656,3437,0.0,0.0
2024-10-14 15:46:00-04:00,60.459999084472656,60.459999084472656,60.45000076293945,60.45100021362305,1204,0.0,0.0
2024-10-14 15:47:00-04:00,60.45000076293945,60.4900016784668,60.45000076293945,60.4900016784668,2279,0.0,0.0
2024-10-14 15:48:00-04:00,60.5,60.5005989074707,60.5,60.5,1179,0.0,0.0
2024-10-14 15:49:00-04:00,60.5,60.5,60.4900016784668,60.4900016784668,680,0.0,0.0
2024-10-14 15:50:00-04:00,60.5,60.540000915527344,60.5,60.540000915527344,4080,0.0,0.0
2024-10-14 15:51:00-04:00,60.564998626708984,60.58000183105469,60.564998626708984,60.57500076293945,1594,0.0,0.0
2024-10-14 15:52:00-04:00,60.58000183105469,60.584999084472656,60.55500030517578,60.560001373291016,4656,0.0,0.0
2024-10-14 15:53:00-04:00,60.56999969482422,60.60100173950195,60.56100082397461,60.59000015258789,4911,0.0,0.0
2024-10-14 15:54:00-04:00,60.58100128173828,60.599998474121094,60.560001373291016,60.560001373291016,3930,0.0,0.0
2024-10-14 15:55:00-04:00,60.56999969482422,60.60200119018555,60.56999969482422,60.59000015258789,5450,0.0,0.0
2024-10-14 15:56:00-04:00,60.59000015258789,60.59000015258789,60.529998779296875,60.55500030517578,8663,0.0,0.0
2024-10-14 15:57:00-04:00,60.54999923706055,60.54999923706055,60.520999908447266,60.53499984741211,5221,0.0,0.0
2024-10-14 15:58:00-04:00,60.529998779296875,60.529998779296875,60.520999908447266,60.529998779296875,10582,0.0,0.0
2024-10-14 15:59:00-04:00,60.529998779296875,60.560001373291016,60.42100143432617,60.45000076293945,36848,0.0,0.0
2024-10-15 09:30:00-04:00,60.619998931884766,60.619998931884766,60.59000015258789,60.59000015258789,3007,0.0,0.0
2024-10-15 09:32:00-04:00,60.800899505615234,60.800899505615234,60.77000045776367,60.77000045776367,488,0.0,0.0
2024-10-15 09:33:00-04:00,60.83000183105469,60.83000183105469,60.75,60.75,594,0.0,0.0
2024-10-15 09:37:00-04:00,60.689998626708984,60.79999923706055,60.689998626708984,60.689998626708984,4976,0.0,0.0
2024-10-15 09:38:00-04:00,60.724998474121094,60.724998474121094,60.709999084472656,60.709999084472656,753,0.0,0.0
2024-10-15 09:40:00-04:00,60.79999923706055,60.79999923706055,60.79999923706055,60.79999923706055,317,0.0,0.0
2024-10-15 09:41:00-04:00,60.72999954223633,60.72999954223633,60.72999954223633,60.72999954223633,553,0.0,0.0
2024-10-15 09:44:00-04:00,60.72999954223633,60.72999954223633,60.65999984741211,60.70000076293945,930,0.0,0.0
2024-10-15 09:46:00-04:00,60.73500061035156,60.79999923706055,60.73500061035156,60.7400016784668,1393,0.0,0.0
2024-10-15 09:47:00-04:00,60.79999923706055,60.79999923706055,60.79999923706055,60.79999923706055,2065,0.0,0.0
2024-10-15 09:48:00-04:00,60.79999923706055,60.83000183105469,60.78499984741211,60.78499984741211,5744,0.0,0.0
2024-10-15 09:49:00-04:00,60.83000183105469,60.904998779296875,60.79999923706055,60.814998626708984,8312,0.0,0.0
2024-10-15 09:50:00-04:00,60.849998474121094,60.86000061035156,60.810001373291016,60.86000061035156,8614,0.0,0.0
2024-10-15 09:51:00-04:00,60.88999938964844,60.88999938964844,60.849998474121094,60.869998931884766,5584,0.0,0.0
2024-10-15 09:52:00-04:00,60.88999938964844,60.88999938964844,60.88999938964844,60.88999938964844,100,0.0,0.0
2024-10-15 09:53:00-04:00,60.90999984741211,60.95000076293945,60.90999984741211,60.95000076293945,1153,0.0,0.0
2024-10-15 09:54:00-04:00,60.97999954223633,60.97999954223633,60.91999816894531,60.91999816894531,275,0.0,0.0
2024-10-15 09:55:00-04:00,60.933998107910156,60.95000076293945,60.933998107910156,60.95000076293945,493,0.0,0.0
2024-10-15 09:56:00-04:00,60.880001068115234,60.900001525878906,60.880001068115234,60.900001525878906,1073,0.0,0.0
2024-10-15 09:57:00-04:00,60.900001525878906,60.900001525878906,60.900001525878906,60.900001525878906,385,0.0,0.0
2024-10-15 09:58:00-04:00,60.84000015258789,60.88999938964844,60.84000015258789,60.88999938964844,510,0.0,0.0
2024-10-15 09:59:00-04:00,60.98789978027344,60.98789978027344,60.98789978027344,60.98789978027344,101,0.0,0.0
2024-10-15 10:00:00-04:00,60.970001220703125,60.970001220703125,60.96500015258789,60.96500015258789,415,0.0,0.0
2024-10-15 10:01:00-04:00,61.0,61.025001525878906,61.0,61.025001525878906,767,0.0,0.0
2024-10-15 10:02:00-04:00,61.01499938964844,61.01499938964844,61.01499938964844,61.01499938964844,184,0.0,0.0
2024-10-15 10:03:00-04:00,60.9900016784668,60.9900016784668,60.9900016784668,60.9900016784668,477,0.0,0.0
2024-10-15 10:04:00-04:00,61.0,61.0,61.0,61.0,119,0.0,0.0
2024-10-15 10:05:00-04:00,61.029998779296875,61.029998779296875,61.02330017089844,61.02330017089844,233,0.0,0.0
2024-10-15 10:06:00-04:00,60.9900016784668,61.00490188598633,60.970001220703125,60.970001220703125,902,0.0,0.0
2024-10-15 10:07:00-04:00,60.97999954223633,60.9900016784668,60.97999954223633,60.9900016784668,579,0.0,0.0
2024-10-15 10:08:00-04:00,61.029998779296875,61.029998779296875,61.029998779296875,61.029998779296875,487,0.0,0.0
2024-10-15 10:09:00-04:00,61.04240036010742,61.04240036010742,61.04240036010742,61.04240036010742,221,0.0,0.0
2024-10-15 10:10:00-04:00,61.084999084472656,61.084999084472656,61.040000915527344,61.06999969482422,918,0.0,0.0
2024-10-15 10:11:00-04:00,61.08000183105469,61.09000015258789,61.08000183105469,61.09000015258789,596,0.0,0.0
2024-10-15 10:12:00-04:00,61.119998931884766,61.119998931884766,61.119998931884766,61.119998931884766,321,0.0,0.0
2024-10-15 10:13:00-04:00,61.119998931884766,61.130001068115234,61.119998931884766,61.130001068115234,307,0.0,0.0
2024-10-15 10:14:00-04:00,61.130001068115234,61.130001068115234,61.130001068115234,61.130001068115234,115,0.0,0.0
2024-10-15 10:15:00-04:00,61.119998931884766,61.15999984741211,61.119998931884766,61.15999984741211,967,0.0,0.0
2024-10-15 10:16:00-04:00,61.189998626708984,61.189998626708984,61.189998626708984,61.189998626708984,217,0.0,0.0
2024-10-15 10:17:00-04:00,61.16999816894531,61.189998626708984,61.15999984741211,61.189998626708984,1711,0.0,0.0
2024-10-15 10:18:00-04:00,61.27000045776367,61.27000045776367,61.27000045776367,61.27000045776367,297,0.0,0.0
2024-10-15 10:19:00-04:00,61.22999954223633,61.22999954223633,61.22999954223633,61.22999954223633,219,0.0,0.0
2024-10-15 10:20:00-04:00,61.244998931884766,61.34980010986328,61.244998931884766,61.34980010986328,3025,0.0,0.0
2024-10-15 10:21:00-04:00,61.314998626708984,61.314998626708984,61.314998626708984,61.314998626708984,215,0.0,0.0
2024-10-15 10:22:00-04:00,61.33000183105469,61.36000061035156,61.31999969482422,61.31999969482422,3019,0.0,0.0
2024-10-15 10:23:00-04:00,61.314998626708984,61.34000015258789,61.314998626708984,61.34000015258789,571,0.0,0.0
2024-10-15 10:24:00-04:00,61.310001373291016,61.31999969482422,61.29499816894531,61.29499816894531,1546,0.0,0.0
2024-10-15 10:25:00-04:00,61.29999923706055,61.310001373291016,61.29999923706055,61.310001373291016,567,0.0,0.0
2024-10-15 10:26:00-04:00,61.29999923706055,61.29999923706055,61.279998779296875,61.290000915527344,1231,0.0,0.0
2024-10-15 10:27:00-04:00,61.2599983215332,61.2599983215332,61.2599983215332,61.2599983215332,201,0.0,0.0
2024-10-15 10:28:00-04:00,61.279998779296875,61.29999923706055,61.279998779296875,61.29999923706055,843,0.0,0.0
2024-10-15 10:29:00-04:00,61.310001373291016,61.33000183105469,61.310001373291016,61.33000183105469,474,0.0,0.0
2024-10-15 10:30:00-04:00,61.310001373291016,61.375,61.310001373291016,61.375,2886,0.0,0.0
2024-10-15 10:31:00-04:00,61.400001525878906,61.400001525878906,61.23500061035156,61.23500061035156,19771,0.0,0.0
2024-10-15 10:33:00-04:00,61.290000915527344,61.347900390625,61.290000915527344,61.31999969482422,1027,0.0,0.0
2024-10-15 10:34:00-04:00,61.29999923706055,61.33000183105469,61.29999923706055,61.29999923706055,2776,0.0,0.0
2024-10-15 10:35:00-04:00,61.32500076293945,61.349998474121094,61.32500076293945,61.349998474121094,1280,0.0,0.0
2024-10-15 10:36:00-04:00,61.369998931884766,61.45000076293945,61.369998931884766,61.43000030517578,892,0.0,0.0
2024-10-15 10:37:00-04:00,61.459999084472656,61.5,61.459999084472656,61.470001220703125,993,0.0,0.0
2024-10-15 10:38:00-04:00,61.40999984741211,61.44499969482422,61.40999984741211,61.44499969482422,3330,0.0,0.0
2024-10-15 10:40:00-04:00,61.5,61.52000045776367,61.5,61.52000045776367,653,0.0,0.0
2024-10-15 10:41:00-04:00,61.54750061035156,61.54750061035156,61.5,61.5,970,0.0,0.0
2024-10-15 10:43:00-04:00,61.540000915527344,61.540000915527344,61.5,61.5,297,0.0,0.0
2024-10-15 10:44:00-04:00,61.47999954223633,61.47999954223633,61.459999084472656,61.470001220703125,891,0.0,0.0
2024-10-15 10:45:00-04:00,61.43000030517578,61.43000030517578,61.43000030517578,61.43000030517578,275,0.0,0.0
2024-10-15 10:46:00-04:00,61.43000030517578,61.43000030517578,61.400001525878906,61.400001525878906,606,0.0,0.0
2024-10-15 10:47:00-04:00,61.36000061035156,61.38999938964844,61.36000061035156,61.38999938964844,656,0.0,0.0
2024-10-15 10:48:00-04:00,61.41999816894531,61.5,61.41999816894531,61.5,791,0.0,0.0
2024-10-15 10:50:00-04:00,61.470001220703125,61.470001220703125,61.44499969482422,61.470001220703125,528,0.0,0.0
2024-10-15 10:51:00-04:00,61.404998779296875,61.45000076293945,61.404998779296875,61.45000076293945,353,0.0,0.0
2024-10-15 10:52:00-04:00,61.45500183105469,61.459999084472656,61.41999816894531,61.41999816894531,566,0.0,0.0
2024-10-15 10:53:00-04:00,61.45000076293945,61.4900016784668,61.45000076293945,61.4900016784668,1196,0.0,0.0
2024-10-15 10:55:00-04:00,61.439998626708984,61.439998626708984,61.439998626708984,61.439998626708984,529,0.0,0.0
2024-10-15 10:56:00-04:00,61.43000030517578,61.43000030517578,61.41999816894531,61.41999816894531,424,0.0,0.0
2024-10-15 10:57:00-04:00,61.45500183105469,61.5,61.45500183105469,61.470001220703125,437,0.0,0.0
2024-10-15 10:58:00-04:00,61.474998474121094,61.5,61.459999084472656,61.459999084472656,627,0.0,0.0
2024-10-15 10:59:00-04:00,61.4900016784668,61.4900016784668,61.4900016784668,61.4900016784668,157,0.0,0.0
2024-10-15 11:00:00-04:00,61.4900016784668,61.4900016784668,61.4900016784668,61.4900016784668,249,0.0,0.0
2024-10-15 11:01:00-04:00,61.4900016784668,61.5099983215332,61.4900016784668,61.5099983215332,214,0.0,0.0
2024-10-15 11:02:00-04:00,61.459999084472656,61.459999084472656,61.45000076293945,61.45000076293945,899,0.0,0.0
2024-10-15 11:04:00-04:00,61.4900016784668,61.54999923706055,61.48500061035156,61.54999923706055,1998,0.0,0.0
2024-10-15 11:05:00-04:00,61.5,61.5,61.5,61.5,111,0.0,0.0
2024-10-15 11:06:00-04:00,61.51499938964844,61.51499938964844,61.51499938964844,61.51499938964844,126,0.0,0.0
2024-10-15 11:07:00-04:00,61.5099983215332,61.5099983215332,61.5099983215332,61.5099983215332,207,0.0,0.0
2024-10-15 11:08:00-04:00,61.5,61.5,61.47999954223633,61.4900016784668,875,0.0,0.0
2024-10-15 11:09:00-04:00,61.5099983215332,61.560001373291016,61.5099983215332,61.560001373291016,602,0.0,0.0
2024-10-15 11:10:00-04:00,61.54999923706055,61.54999923706055,61.5099983215332,61.5099983215332,385,0.0,0.0
2024-10-15 11:11:00-04:00,61.5,61.505001068115234,61.47999954223633,61.47999954223633,1293,0.0,0.0
2024-10-15 11:12:00-04:00,61.470001220703125,61.470001220703125,61.439998626708984,61.439998626708984,686,0.0,0.0
2024-10-15 11:13:00-04:00,61.41999816894531,61.43035888671875,61.41999816894531,61.43035888671875,470,0.0,0.0
2024-10-15 11:14:00-04:00,61.400001525878906,61.400001525878906,61.400001525878906,61.400001525878906,444,0.0,0.0
2024-10-15 11:15:00-04:00,61.35499954223633,61.369998931884766,61.35499954223633,61.369998931884766,584,0.0,0.0
2024-10-15 11:16:00-04:00,61.369998931884766,61.400001525878906,61.369998931884766,61.400001525878906,522,0.0,0.0
2024-10-15 11:17:00-04:00,61.400001525878906,61.400001525878906,61.400001525878906,61.400001525878906,243,0.0,0.0
2024-10-15 11:18:00-04:00,61.41999816894531,61.43000030517578,61.40999984741211,61.40999984741211,527,0.0,0.0
2024-10-15 11:19:00-04:00,61.459999084472656,61.5099983215332,61.459999084472656,61.5099983215332,548,0.0,0.0
2024-10-15 11:21:00-04:00,61.540000915527344,61.540000915527344,61.52000045776367,61.52000045776367,222,0.0,0.0
2024-10-15 11:22:00-04:00,61.540000915527344,61.540000915527344,61.540000915527344,61.540000915527344,194,0.0,0.0
2024-10-15 11:23:00-04:00,61.540000915527344,61.540000915527344,61.534698486328125,61.540000915527344,679,0.0,0.0
2024-10-15 11:24:00-04:00,61.58000183105469,61.58000183105469,61.58000183105469,61.58000183105469,125,0.0,0.0
2024-10-15 11:25:00-04:00,61.58000183105469,61.58000183105469,61.560001373291016,61.560001373291016,676,0.0,0.0
2024-10-15 11:26:00-04:00,61.599998474121094,61.599998474121094,61.58000183105469,61.59000015258789,6388,0.0,0.0
2024-10-15 11:27:00-04:00,61.58000183105469,61.58000183105469,61.58000183105469,61.58000183105469,671,0.0,0.0
2024-10-15 11:28:00-04:00,61.619998931884766,61.630001068115234,61.619998931884766,61.630001068115234,470,0.0,0.0
2024-10-15 11:30:00-04:00,61.650001525878906,61.650001525878906,61.650001525878906,61.650001525878906,196,0.0,0.0
2024-10-15 11:31:00-04:00,61.61000061035156,61.61000061035156,61.61000061035156,61.61000061035156,124,0.0,0.0
2024-10-15 11:32:00-04:00,61.58000183105469,61.58000183105469,61.58000183105469,61.58000183105469,721,0.0,0.0
2024-10-15 11:33:00-04:00,61.599998474121094,61.599998474121094,61.59000015258789,61.59000015258789,791,0.0,0.0
2024-10-15 11:35:00-04:00,61.59000015258789,61.63999938964844,61.59000015258789,61.63999938964844,2490,0.0,0.0
2024-10-15 11:36:00-04:00,61.599998474121094,61.599998474121094,61.595001220703125,61.595001220703125,524,0.0,0.0
2024-10-15 11:37:00-04:00,61.61000061035156,61.61000061035156,61.61000061035156,61.61000061035156,180,0.0,0.0
2024-10-15 11:38:00-04:00,61.63999938964844,61.63999938964844,61.63999938964844,61.63999938964844,442,0.0,0.0
2024-10-15 11:40:00-04:00,61.66999816894531,61.66999816894531,61.66999816894531,61.66999816894531,469,0.0,0.0
2024-10-15 11:41:00-04:00,61.66999816894531,61.67499923706055,61.66999816894531,61.67499923706055,427,0.0,0.0
2024-10-15 11:42:00-04:00,61.70000076293945,61.70000076293945,61.70000076293945,61.70000076293945,488,0.0,0.0
2024-10-15 11:43:00-04:00,61.709999084472656,61.720001220703125,61.709999084472656,61.720001220703125,366,0.0,0.0
2024-10-15 11:45:00-04:00,61.72999954223633,61.72999954223633,61.71269989013672,61.71269989013672,962,0.0,0.0
2024-10-15 11:47:00-04:00,61.709999084472656,61.709999084472656,61.709999084472656,61.709999084472656,421,0.0,0.0
2024-10-15 11:48:00-04:00,61.71500015258789,61.71500015258789,61.709999084472656,61.709999084472656,229,0.0,0.0
2024-10-15 11:49:00-04:00,61.720001220703125,61.720001220703125,61.720001220703125,61.720001220703125,405,0.0,0.0
2024-10-15 11:50:00-04:00,61.689998626708984,61.689998626708984,61.689998626708984,61.689998626708984,650,0.0,0.0
2024-10-15 11:52:00-04:00,61.72999954223633,61.72999954223633,61.72999954223633,61.72999954223633,315,0.0,0.0
2024-10-15 11:53:00-04:00,61.720001220703125,61.720001220703125,61.70000076293945,61.70000076293945,965,0.0,0.0
2024-10-15 11:54:00-04:00,61.71500015258789,61.7400016784668,61.71500015258789,61.7400016784668,796,0.0,0.0
2024-10-15 11:55:00-04:00,61.709999084472656,61.709999084472656,61.70000076293945,61.70000076293945,593,0.0,0.0
2024-10-15 11:57:00-04:00,61.709999084472656,61.720001220703125,61.709999084472656,61.720001220703125,405,0.0,0.0
2024-10-15 11:58:00-04:00,61.709999084472656,61.709999084472656,61.689998626708984,61.70000076293945,763,0.0,0.0
2024-10-15 11:59:00-04:00,61.70500183105469,61.70500183105469,61.68000030517578,61.689998626708984,826,0.0,0.0
2024-10-15 12:00:00-04:00,61.682498931884766,61.682498931884766,61.66999816894531,61.66999816894531,259,0.0,0.0
2024-10-15 12:01:00-04:00,61.70000076293945,61.709999084472656,61.70000076293945,61.709999084472656,899,0.0,0.0
2024-10-15 12:02:00-04:00,61.709999084472656,61.709999084472656,61.709999084472656,61.709999084472656,356,0.0,0.0
2024-10-15 12:03:00-04:00,61.720001220703125,61.72999954223633,61.720001220703125,61.72999954223633,1079,0.0,0.0
2024-10-15 12:05:00-04:00,61.77000045776367,61.77000045776367,61.77000045776367,61.77000045776367,226,0.0,0.0
2024-10-15 12:06:00-04:00,61.77000045776367,61.77000045776367,61.7599983215332,61.7599983215332,926,0.0,0.0
2024-10-15 12:08:00-04:00,61.744998931884766,61.744998931884766,61.744998931884766,61.744998931884766,437,0.0,0.0
2024-10-15 12:09:00-04:00,61.75630187988281,61.7599983215332,61.709999084472656,61.709999084472656,1268,0.0,0.0
2024-10-15 12:10:00-04:00,61.71500015258789,61.71500015258789,61.71500015258789,61.71500015258789,101,0.0,0.0
2024-10-15 12:11:00-04:00,61.720001220703125,61.720001220703125,61.66999816894531,61.66999816894531,1223,0.0,0.0
2024-10-15 12:12:00-04:00,61.68000030517578,61.68000030517578,61.68000030517578,61.68000030517578,210,0.0,0.0
2024-10-15 12:13:00-04:00,61.68000030517578,61.689998626708984,61.68000030517578,61.689998626708984,455,0.0,0.0
2024-10-15 12:15:00-04:00,61.68000030517578,61.68000030517578,61.65999984741211,61.65999984741211,307,0.0,0.0
2024-10-15 12:16:00-04:00,61.665000915527344,61.665000915527344,61.665000915527344,61.665000915527344,232,0.0,0.0
2024-10-15 12:17:00-04:00,61.66999816894531,61.66999816894531,61.650001525878906,61.650001525878906,1352,0.0,0.0
2024-10-15 12:18:00-04:00,61.630001068115234,61.630001068115234,61.619998931884766,61.619998931884766,575,0.0,0.0
2024-10-15 12:19:00-04:00,61.619998931884766,61.619998931884766,61.619998931884766,61.619998931884766,177,0.0,0.0
2024-10-15 12:20:00-04:00,61.61989974975586,61.61989974975586,61.61989974975586,61.61989974975586,824,0.0,0.0
2024-10-15 12:22:00-04:00,61.650001525878906,61.66999816894531,61.650001525878906,61.66999816894531,1333,0.0,0.0
2024-10-15 12:23:00-04:00,61.65999984741211,61.65999984741211,61.654998779296875,61.654998779296875,570,0.0,0.0
2024-10-15 12:24:00-04:00,61.66999816894531,61.66999816894531,61.66999816894531,61.66999816894531,135,0.0,0.0
2024-10-15 12:25:00-04:00,61.689998626708984,61.689998626708984,61.689998626708984,61.689998626708984,380,0.0,0.0
2024-10-15 12:26:00-04:00,61.65999984741211,61.65999984741211,61.650001525878906,61.650001525878906,467,0.0,0.0
2024-10-15 12:27:00-04:00,61.689998626708984,61.709999084472656,61.689998626708984,61.709999084472656,856,0.0,0.0
2024-10-15 12:28:00-04:00,61.720001220703125,61.720001220703125,61.720001220703125,61.720001220703125,110,0.0,0.0
2024-10-15 12:29:00-04:00,61.70000076293945,61.70000076293945,61.689998626708984,61.70000076293945,899,0.0,0.0
2024-10-15 12:31:00-04:00,61.63999938964844,61.66999816894531,61.63999938964844,61.66999816894531,430,0.0,0.0
2024-10-15 12:33:00-04:00,61.66999816894531,61.66999816894531,61.66999816894531,61.66999816894531,416,0.0,0.0
2024-10-15 12:34:00-04:00,61.689998626708984,61.689998626708984,61.689998626708984,61.689998626708984,100,0.0,0.0
2024-10-15 12:35:00-04:00,61.68000030517578,61.689998626708984,61.68000030517578,61.689998626708984,302,0.0,0.0
2024-10-15 12:36:00-04:00,61.689998626708984,61.689998626708984,61.63999938964844,61.63999938964844,565,0.0,0.0
2024-10-15 12:37:00-04:00,61.650001525878906,61.650001525878906,61.650001525878906,61.650001525878906,818,0.0,0.0
2024-10-15 12:38:00-04:00,61.66999816894531,61.66999816894531,61.66999816894531,61.66999816894531,249,0.0,0.0
2024-10-15 12:39:00-04:00,61.68000030517578,61.68000030517578,61.68000030517578,61.68000030517578,206,0.0,0.0
2024-10-15 12:40:00-04:00,61.68000030517578,61.689998626708984,61.68000030517578,61.689998626708984,357,0.0,0.0
2024-10-15 12:41:00-04:00,61.689998626708984,61.689998626708984,61.67499923706055,61.67499923706055,1053,0.0,0.0
2024-10-15 12:42:00-04:00,61.65999984741211,61.65999984741211,61.650001525878906,61.650001525878906,800,0.0,0.0
2024-10-15 12:44:00-04:00,61.630001068115234,61.630001068115234,61.630001068115234,61.630001068115234,242,0.0,0.0
2024-10-15 12:45:00-04:00,61.650001525878906,61.650001525878906,61.650001525878906,61.650001525878906,121,0.0,0.0
2024-10-15 12:46:00-04:00,61.63999938964844,61.63999938964844,61.63999938964844,61.63999938964844,736,0.0,0.0
2024-10-15 12:48:00-04:00,61.66999816894531,61.66999816894531,61.66999816894531,61.66999816894531,508,0.0,0.0
2024-10-15 12:49:00-04:00,61.66999816894531,61.679901123046875,61.66999816894531,61.679901123046875,1023,0.0,0.0
2024-10-15 12:50:00-04:00,61.650001525878906,61.650001525878906,61.630001068115234,61.630001068115234,1244,0.0,0.0
2024-10-15 12:55:00-04:00,61.64099884033203,61.64099884033203,61.630001068115234,61.630001068115234,421,0.0,0.0
2024-10-15 12:56:00-04:00,61.63999938964844,61.65999984741211,61.63999938964844,61.65999984741211,1344,0.0,0.0
2024-10-15 12:57:00-04:00,61.65999984741211,61.66999816894531,61.65999984741211,61.66999816894531,634,0.0,0.0
2024-10-15 12:58:00-04:00,61.650001525878906,61.650001525878906,61.61000061035156,61.61000061035156,1409,0.0,0.0
2024-10-15 13:00:00-04:00,61.59000015258789,61.59000015258789,61.59000015258789,61.59000015258789,173,0.0,0.0
2024-10-15 13:02:00-04:00,61.56999969482422,61.58000183105469,61.54999923706055,61.58000183105469,2262,0.0,0.0
2024-10-15 13:03:00-04:00,61.54499816894531,61.54499816894531,61.54499816894531,61.54499816894531,201,0.0,0.0
2024-10-15 13:04:00-04:00,61.529998779296875,61.560001373291016,61.52000045776367,61.52000045776367,2030,0.0,0.0
2024-10-15 13:05:00-04:00,61.540000915527344,61.61000061035156,61.540000915527344,61.61000061035156,2319,0.0,0.0
2024-10-15 13:06:00-04:00,61.619998931884766,61.619998931884766,61.540000915527344,61.584999084472656,5439,0.0,0.0
2024-10-15 13:09:00-04:00,61.5989990234375,61.5989990234375,61.583900451660156,61.583900451660156,1149,0.0,0.0
2024-10-15 13:11:00-04:00,61.56999969482422,61.56999969482422,61.560001373291016,61.560001373291016,579,0.0,0.0
2024-10-15 13:12:00-04:00,61.54999923706055,61.54999923706055,61.54999923706055,61.54999923706055,355,0.0,0.0
2024-10-15 13:13:00-04:00,61.56999969482422,61.56999969482422,61.56999969482422,61.56999969482422,319,0.0,0.0
2024-10-15 13:14:00-04:00,61.595001220703125,61.595001220703125,61.595001220703125,61.595001220703125,276,0.0,0.0
2024-10-15 13:15:00-04:00,61.595001220703125,61.595001220703125,61.595001220703125,61.595001220703125,457,0.0,0.0
2024-10-15 13:16:00-04:00,61.61249923706055,61.63999938964844,61.61249923706055,61.63999938964844,619,0.0,0.0
2024-10-15 13:17:00-04:00,61.650001525878906,61.650001525878906,61.619998931884766,61.619998931884766,509,0.0,0.0
2024-10-15 13:18:00-04:00,61.630001068115234,61.650001525878906,61.630001068115234,61.650001525878906,1238,0.0,0.0
2024-10-15 13:20:00-04:00,61.66999816894531,61.66999816894531,61.65999984741211,61.65999984741211,331,0.0,0.0
2024-10-15 13:21:00-04:00,61.66460037231445,61.66460037231445,61.66460037231445,61.66460037231445,300,0.0,0.0
2024-10-15 13:22:00-04:00,61.65999984741211,61.66999816894531,61.654998779296875,61.654998779296875,2555,0.0,0.0
2024-10-15 13:23:00-04:00,61.665000915527344,61.665000915527344,61.665000915527344,61.665000915527344,567,0.0,0.0
2024-10-15 13:24:00-04:00,61.654998779296875,61.654998779296875,61.654998779296875,61.654998779296875,536,0.0,0.0
2024-10-15 13:25:00-04:00,61.63999938964844,61.63999938964844,61.59000015258789,61.59000015258789,1496,0.0,0.0
2024-10-15 13:26:00-04:00,61.54999923706055,61.564998626708984,61.54499816894531,61.564998626708984,963,0.0,0.0
2024-10-15 13:28:00-04:00,61.54999923706055,61.54999923706055,61.540000915527344,61.540000915527344,382,0.0,0.0
2024-10-15 13:29:00-04:00,61.529998779296875,61.540000915527344,61.529998779296875,61.540000915527344,575,0.0,0.0
2024-10-15 13:30:00-04:00,61.525001525878906,61.525001525878906,61.525001525878906,61.525001525878906,186,0.0,0.0
2024-10-15 13:31:00-04:00,61.52000045776367,61.52000045776367,61.505001068115234,61.505001068115234,987,0.0,0.0
2024-10-15 13:32:00-04:00,61.4900016784668,61.4900016784668,61.470001220703125,61.470001220703125,623,0.0,0.0
2024-10-15 13:33:00-04:00,61.470001220703125,61.470001220703125,61.46500015258789,61.470001220703125,627,0.0,0.0
2024-10-15 13:34:00-04:00,61.45500183105469,61.45500183105469,61.45500183105469,61.45500183105469,132,0.0,0.0
2024-10-15 13:35:00-04:00,61.45500183105469,61.45500183105469,61.45500183105469,61.45500183105469,202,0.0,0.0
2024-10-15 13:36:00-04:00,61.45500183105469,61.45500183105469,61.400001525878906,61.400001525878906,4019,0.0,0.0
2024-10-15 13:37:00-04:00,61.41999816894531,61.439998626708984,61.41999816894531,61.439998626708984,1499,0.0,0.0
2024-10-15 13:40:00-04:00,61.435001373291016,61.5,61.435001373291016,61.4900016784668,3509,0.0,0.0
2024-10-15 13:41:00-04:00,61.4900016784668,61.4900016784668,61.4900016784668,61.4900016784668,134,0.0,0.0
2024-10-15 13:42:00-04:00,61.5,61.5,61.459999084472656,61.459999084472656,1638,0.0,0.0
2024-10-15 13:43:00-04:00,61.45000076293945,61.45000076293945,61.45000076293945,61.45000076293945,1007,0.0,0.0
2024-10-15 13:45:00-04:00,61.380001068115234,61.380001068115234,61.380001068115234,61.380001068115234,267,0.0,0.0
2024-10-15 13:46:00-04:00,61.369998931884766,61.369998931884766,61.369998931884766,61.369998931884766,100,0.0,0.0
2024-10-15 13:47:00-04:00,61.369998931884766,61.38999938964844,61.369998931884766,61.380001068115234,1023,0.0,0.0
2024-10-15 13:50:00-04:00,61.3650016784668,61.3650016784668,61.349998474121094,61.349998474121094,624,0.0,0.0
2024-10-15 13:51:00-04:00,61.369998931884766,61.375,61.369998931884766,61.375,335,0.0,0.0
2024-10-15 13:52:00-04:00,61.39550018310547,61.39550018310547,61.39550018310547,61.39550018310547,424,0.0,0.0
2024-10-15 13:53:00-04:00,61.349998474121094,61.349998474121094,61.334999084472656,61.334999084472656,1106,0.0,0.0
2024-10-15 13:54:00-04:00,61.36000061035156,61.36000061035156,61.349998474121094,61.349998474121094,558,0.0,0.0
2024-10-15 13:55:00-04:00,61.31999969482422,61.31999969482422,61.31999969482422,61.31999969482422,507,0.0,0.0
2024-10-15 13:56:00-04:00,61.29999923706055,61.29999923706055,61.290000915527344,61.290000915527344,1050,0.0,0.0
2024-10-15 13:57:00-04:00,61.29499816894531,61.29999923706055,61.29499816894531,61.29999923706055,648,0.0,0.0
2024-10-15 14:00:00-04:00,61.29499816894531,61.29499816894531,61.29499816894531,61.29499816894531,113,0.0,0.0
2024-10-15 14:01:00-04:00,61.279998779296875,61.290000915527344,61.275001525878906,61.279998779296875,850,0.0,0.0
2024-10-15 14:02:00-04:00,61.26499938964844,61.26499938964844,61.2599983215332,61.2599983215332,324,0.0,0.0
2024-10-15 14:03:00-04:00,61.25,61.25,61.25,61.25,502,0.0,0.0
2024-10-15 14:04:00-04:00,61.220001220703125,61.220001220703125,61.20500183105469,61.20500183105469,572,0.0,0.0
2024-10-15 14:06:00-04:00,61.189998626708984,61.220001220703125,61.189998626708984,61.19499969482422,1224,0.0,0.0
2024-10-15 14:07:00-04:00,61.22999954223633,61.244998931884766,61.209999084472656,61.22999954223633,884,0.0,0.0
2024-10-15 14:09:00-04:00,61.209999084472656,61.22999954223633,61.209999084472656,61.22999954223633,639,0.0,0.0
2024-10-15 14:10:00-04:00,61.25,61.279998779296875,61.2400016784668,61.279998779296875,1381,0.0,0.0
2024-10-15 14:11:00-04:00,61.279998779296875,61.279998779296875,61.279998779296875,61.279998779296875,638,0.0,0.0
2024-10-15 14:12:00-04:00,61.27000045776367,61.27000045776367,61.27000045776367,61.27000045776367,785,0.0,0.0
2024-10-15 14:15:00-04:00,61.2599983215332,61.2599983215332,61.23500061035156,61.23500061035156,857,0.0,0.0
2024-10-15 14:16:00-04:00,61.2400016784668,61.2400016784668,61.20000076293945,61.20500183105469,1223,0.0,0.0
2024-10-15 14:17:00-04:00,61.189998626708984,61.19940185546875,61.185001373291016,61.19940185546875,806,0.0,0.0
2024-10-15 14:18:00-04:00,61.17499923706055,61.17499923706055,61.15999984741211,61.15999984741211,693,0.0,0.0
2024-10-15 14:19:00-04:00,61.18000030517578,61.18000030517578,61.18000030517578,61.18000030517578,316,0.0,0.0
2024-10-15 14:20:00-04:00,61.16999816894531,61.16999816894531,61.1349983215332,61.1349983215332,774,0.0,0.0
2024-10-15 14:21:00-04:00,61.150001525878906,61.15999984741211,61.125,61.15999984741211,683,0.0,0.0
2024-10-15 14:22:00-04:00,61.13999938964844,61.13999938964844,61.13999938964844,61.13999938964844,180,0.0,0.0
2024-10-15 14:23:00-04:00,61.130001068115234,61.18000030517578,61.130001068115234,61.16999816894531,1306,0.0,0.0
2024-10-15 14:24:00-04:00,61.18000030517578,61.189998626708984,61.16999816894531,61.16999816894531,981,0.0,0.0
2024-10-15 14:25:00-04:00,61.15999984741211,61.15999984741211,61.15999984741211,61.15999984741211,349,0.0,0.0
2024-10-15 14:26:00-04:00,61.16999816894531,61.16999816894531,61.15999984741211,61.15999984741211,738,0.0,0.0
2024-10-15 14:27:00-04:00,61.150001525878906,61.17499923706055,61.13999938964844,61.150001525878906,1713,0.0,0.0
2024-10-15 14:28:00-04:00,61.150001525878906,61.16999816894531,61.150001525878906,61.16999816894531,930,0.0,0.0
2024-10-15 14:29:00-04:00,61.189998626708984,61.189998626708984,61.189998626708984,61.189998626708984,104,0.0,0.0
2024-10-15 14:30:00-04:00,61.15999984741211,61.16999816894531,61.15999984741211,61.16999816894531,404,0.0,0.0
2024-10-15 14:31:00-04:00,61.15999984741211,61.16999816894531,61.15999984741211,61.15999984741211,917,0.0,0.0
2024-10-15 14:32:00-04:00,61.16999816894531,61.185001373291016,61.15999984741211,61.185001373291016,937,0.0,0.0
2024-10-15 14:33:00-04:00,61.18000030517578,61.189998626708984,61.18000030517578,61.189998626708984,1687,0.0,0.0
2024-10-15 14:34:00-04:00,61.189998626708984,61.189998626708984,61.15999984741211,61.15999984741211,2286,0.0,0.0
2024-10-15 14:35:00-04:00,61.15999984741211,61.189998626708984,61.15999984741211,61.189998626708984,1036,0.0,0.0
2024-10-15 14:37:00-04:00,61.165000915527344,61.165000915527344,61.165000915527344,61.165000915527344,202,0.0,0.0
2024-10-15 14:38:00-04:00,61.15999984741211,61.15999984741211,61.14500045776367,61.14500045776367,829,0.0,0.0
2024-10-15 14:39:00-04:00,61.15999984741211,61.15999984741211,61.150001525878906,61.150001525878906,562,0.0,0.0
2024-10-15 14:40:00-04:00,61.189998626708984,61.189998626708984,61.18000030517578,61.18000030517578,2485,0.0,0.0
2024-10-15 14:41:00-04:00,61.18000030517578,61.18000030517578,61.15999984741211,61.15999984741211,901,0.0,0.0
2024-10-15 14:42:00-04:00,61.15999984741211,61.15999984741211,61.150001525878906,61.15999984741211,915,0.0,0.0
2024-10-15 14:43:00-04:00,61.15999984741211,61.15999984741211,61.13999938964844,61.13999938964844,780,0.0,0.0
2024-10-15 14:44:00-04:00,61.13999938964844,61.150001525878906,61.130001068115234,61.13999938964844,1587,0.0,0.0
2024-10-15 14:45:00-04:00,61.18000030517578,61.18000030517578,61.15999984741211,61.15999984741211,621,0.0,0.0
2024-10-15 14:46:00-04:00,61.16999816894531,61.16999816894531,61.15999984741211,61.16999816894531,1828,0.0,0.0
2024-10-15 14:47:00-04:00,61.154998779296875,61.165000915527344,61.154998779296875,61.165000915527344,263,0.0,0.0
2024-10-15 14:48:00-04:00,61.150001525878906,61.150001525878906,61.14500045776367,61.150001525878906,1107,0.0,0.0
2024-10-15 14:49:00-04:00,61.13999938964844,61.13999938964844,61.13999938964844,61.13999938964844,264,0.0,0.0
2024-10-15 14:50:00-04:00,61.16999816894531,61.16999816894531,61.16999816894531,61.16999816894531,392,0.0,0.0
2024-10-15 14:51:00-04:00,61.20000076293945,61.20000076293945,61.18000030517578,61.20000076293945,1291,0.0,0.0
2024-10-15 14:52:00-04:00,61.2140007019043,61.2140007019043,61.2140007019043,61.2140007019043,152,0.0,0.0
2024-10-15 14:53:00-04:00,61.21500015258789,61.220001220703125,61.209999084472656,61.209999084472656,765,0.0,0.0
2024-10-15 14:54:00-04:00,61.209999084472656,61.209999084472656,61.20000076293945,61.20000076293945,321,0.0,0.0
2024-10-15 14:55:00-04:00,61.20000076293945,61.20000076293945,61.20000076293945,61.20000076293945,104,0.0,0.0
2024-10-15 14:56:00-04:00,61.20000076293945,61.209999084472656,61.20000076293945,61.209999084472656,367,0.0,0.0
2024-10-15 14:57:00-04:00,61.20000076293945,61.20000076293945,61.189998626708984,61.189998626708984,1294,0.0,0.0
2024-10-15 14:58:00-04:00,61.189998626708984,61.19499969482422,61.189998626708984,61.19499969482422,774,0.0,0.0
2024-10-15 14:59:00-04:00,61.209999084472656,61.22999954223633,61.209999084472656,61.22999954223633,1120,0.0,0.0
2024-10-15 15:00:00-04:00,61.2400016784668,61.2400016784668,61.2400016784668,61.2400016784668,106,0.0,0.0
2024-10-15 15:01:00-04:00,61.23350143432617,61.23500061035156,61.23350143432617,61.23500061035156,498,0.0,0.0
2024-10-15 15:02:00-04:00,61.25,61.25,61.2400016784668,61.2400016784668,1356,0.0,0.0
2024-10-15 15:03:00-04:00,61.25,61.2599983215332,61.25,61.2599983215332,572,0.0,0.0
2024-10-15 15:04:00-04:00,61.25,61.25,61.25,61.25,104,0.0,0.0
2024-10-15 15:05:00-04:00,61.244998931884766,61.244998931884766,61.23500061035156,61.23500061035156,683,0.0,0.0
2024-10-15 15:06:00-04:00,61.22999954223633,61.22999954223633,61.220001220703125,61.220001220703125,814,0.0,0.0
2024-10-15 15:07:00-04:00,61.220001220703125,61.2400016784668,61.220001220703125,61.2400016784668,1057,0.0,0.0
2024-10-15 15:08:00-04:00,61.2400016784668,61.2599983215332,61.2400016784668,61.2599983215332,1330,0.0,0.0
2024-10-15 15:09:00-04:00,61.2400016784668,61.2400016784668,61.209999084472656,61.209999084472656,1239,0.0,0.0
2024-10-15 15:10:00-04:00,61.20500183105469,61.209999084472656,61.20500183105469,61.209999084472656,444,0.0,0.0
2024-10-15 15:11:00-04:00,61.20000076293945,61.209999084472656,61.20000076293945,61.209999084472656,1173,0.0,0.0
2024-10-15 15:12:00-04:00,61.22999954223633,61.2599983215332,61.22999954223633,61.2599983215332,1137,0.0,0.0
2024-10-15 15:13:00-04:00,61.27000045776367,61.27000045776367,61.220001220703125,61.220001220703125,1546,0.0,0.0
2024-10-15 15:14:00-04:00,61.209999084472656,61.209999084472656,61.20000076293945,61.20000076293945,553,0.0,0.0
2024-10-15 15:15:00-04:00,61.18000030517578,61.18000030517578,61.165000915527344,61.165000915527344,3104,0.0,0.0
2024-10-15 15:17:00-04:00,61.150001525878906,61.150001525878906,61.13999938964844,61.13999938964844,928,0.0,0.0
2024-10-15 15:18:00-04:00,61.15999984741211,61.15999984741211,61.154998779296875,61.154998779296875,1050,0.0,0.0
2024-10-15 15:19:00-04:00,61.13999938964844,61.13999938964844,61.130001068115234,61.13999938964844,1691,0.0,0.0
2024-10-15 15:20:00-04:00,61.1349983215332,61.20000076293945,61.1349983215332,61.20000076293945,1430,0.0,0.0
2024-10-15 15:21:00-04:00,61.19179916381836,61.19179916381836,61.18000030517578,61.18000030517578,802,0.0,0.0
2024-10-15 15:22:00-04:00,61.16999816894531,61.16999816894531,61.13999938964844,61.13999938964844,758,0.0,0.0
2024-10-15 15:23:00-04:00,61.15999984741211,61.16999816894531,61.150001525878906,61.150001525878906,1056,0.0,0.0
2024-10-15 15:24:00-04:00,61.189998626708984,61.189998626708984,61.16999816894531,61.18000030517578,1425,0.0,0.0
2024-10-15 15:25:00-04:00,61.18000030517578,61.18000030517578,61.16999816894531,61.16999816894531,457,0.0,0.0
2024-10-15 15:26:00-04:00,61.15999984741211,61.15999984741211,61.150001525878906,61.150001525878906,688,0.0,0.0
2024-10-15 15:27:00-04:00,61.150001525878906,61.150001525878906,61.119998931884766,61.119998931884766,1298,0.0,0.0
2024-10-15 15:28:00-04:00,61.125,61.13999938964844,61.125,61.13999938964844,1813,0.0,0.0
2024-10-15 15:29:00-04:00,61.119998931884766,61.125,61.119998931884766,61.125,595,0.0,0.0
2024-10-15 15:30:00-04:00,61.099998474121094,61.105201721191406,61.08000183105469,61.105201721191406,1580,0.0,0.0
2024-10-15 15:31:00-04:00,61.10499954223633,61.12969970703125,61.10499954223633,61.12969970703125,745,0.0,0.0
2024-10-15 15:32:00-04:00,61.1150016784668,61.130001068115234,61.11000061035156,61.119998931884766,2010,0.0,0.0
2024-10-15 15:33:00-04:00,61.10100173950195,61.11000061035156,61.099998474121094,61.099998474121094,1082,0.0,0.0
2024-10-15 15:34:00-04:00,61.099998474121094,61.099998474121094,61.099998474121094,61.099998474121094,221,0.0,0.0
2024-10-15 15:35:00-04:00,61.099998474121094,61.130001068115234,61.095001220703125,61.130001068115234,2302,0.0,0.0
2024-10-15 15:36:00-04:00,61.119998931884766,61.119998931884766,61.09000015258789,61.09000015258789,1361,0.0,0.0
2024-10-15 15:37:00-04:00,61.084999084472656,61.11000061035156,61.084999084472656,61.11000061035156,1402,0.0,0.0
2024-10-15 15:38:00-04:00,61.11989974975586,61.11989974975586,61.11000061035156,61.11000061035156,445,0.0,0.0
2024-10-15 15:39:00-04:00,61.11000061035156,61.119998931884766,61.11000061035156,61.11000061035156,1659,0.0,0.0
2024-10-15 15:40:00-04:00,61.10499954223633,61.10499954223633,61.099998474121094,61.099998474121094,951,0.0,0.0
2024-10-15 15:41:00-04:00,61.099998474121094,61.099998474121094,61.08000183105469,61.08000183105469,1334,0.0,0.0
2024-10-15 15:42:00-04:00,61.08000183105469,61.11000061035156,61.08000183105469,61.11000061035156,1478,0.0,0.0
2024-10-15 15:43:00-04:00,61.099998474121094,61.099998474121094,61.09000015258789,61.09000015258789,750,0.0,0.0
2024-10-15 15:44:00-04:00,61.09000015258789,61.09000015258789,61.060001373291016,61.060001373291016,1259,0.0,0.0
2024-10-15 15:45:00-04:00,61.064998626708984,61.08000183105469,61.06100082397461,61.08000183105469,1239,0.0,0.0
2024-10-15 15:46:00-04:00,61.07099914550781,61.07500076293945,61.060001373291016,61.060001373291016,2601,0.0,0.0
2024-10-15 15:47:00-04:00,61.06100082397461,61.071998596191406,61.060001373291016,61.06999969482422,1833,0.0,0.0
2024-10-15 15:48:00-04:00,61.08000183105469,61.08000183105469,61.07500076293945,61.08000183105469,2236,0.0,0.0
2024-10-15 15:49:00-04:00,61.07500076293945,61.08000183105469,61.051998138427734,61.051998138427734,3132,0.0,0.0
2024-10-15 15:50:00-04:00,61.06999969482422,61.095001220703125,61.064998626708984,61.08000183105469,5844,0.0,0.0
2024-10-15 15:51:00-04:00,61.06999969482422,61.06999969482422,61.0099983215332,61.0099983215332,3396,0.0,0.0
2024-10-15 15:52:00-04:00,61.02000045776367,61.02000045776367,60.970001220703125,60.970001220703125,5166,0.0,0.0
2024-10-15 15:53:00-04:00,60.96099853515625,61.0,60.96099853515625,61.0,4445,0.0,0.0
2024-10-15 15:54:00-04:00,61.0,61.005001068115234,60.97999954223633,60.99100112915039,5171,0.0,0.0
2024-10-15 15:55:00-04:00,61.000999450683594,61.0099983215332,60.96500015258789,60.974998474121094,6387,0.0,0.0
2024-10-15 15:56:00-04:00,60.974998474121094,60.974998474121094,60.939998626708984,60.94499969482422,6483,0.0,0.0
2024-10-15 15:57:00-04:00,60.939998626708984,60.939998626708984,60.904998779296875,60.90999984741211,6477,0.0,0.0
2024-10-15 15:58:00-04:00,60.91999816894531,60.93000030517578,60.900001525878906,60.915000915527344,11937,0.0,0.0
2024-10-15 15:59:00-04:00,60.915000915527344,60.91999816894531,60.88999938964844,60.90999984741211,26929,0.0,0.0
2024-10-16 09:30:00-04:00,61.220001220703125,61.220001220703125,61.220001220703125,61.220001220703125,2857,0.0,0.0
2024-10-16 09:31:00-04:00,61.459999084472656,61.459999084472656,61.459999084472656,61.459999084472656,176,0.0,0.0
2024-10-16 09:34:00-04:00,61.21500015258789,61.21500015258789,61.21500015258789,61.21500015258789,318,0.0,0.0
2024-10-16 09:37:00-04:00,61.17499923706055,61.290000915527344,61.17499923706055,61.290000915527344,249,0.0,0.0
2024-10-16 09:40:00-04:00,61.290000915527344,61.290000915527344,61.220001220703125,61.224998474121094,777,0.0,0.0
2024-10-16 09:41:00-04:00,61.22999954223633,61.22999954223633,61.22999954223633,61.22999954223633,339,0.0,0.0
2024-10-16 09:44:00-04:00,61.34000015258789,61.380001068115234,61.34000015258789,61.380001068115234,1746,0.0,0.0
2024-10-16 09:45:00-04:00,61.47999954223633,61.47999954223633,61.47999954223633,61.47999954223633,253,0.0,0.0
2024-10-16 09:46:00-04:00,61.5,61.619998931884766,61.5,61.59000015258789,10490,0.0,0.0
2024-10-16 09:47:00-04:00,61.59000015258789,61.59000015258789,61.59000015258789,61.59000015258789,270,0.0,0.0
2024-10-16 09:48:00-04:00,61.58000183105469,61.58000183105469,61.58000183105469,61.58000183105469,376,0.0,0.0
2024-10-16 09:53:00-04:00,61.66999816894531,61.66999816894531,61.560001373291016,61.58000183105469,1244,0.0,0.0
2024-10-16 09:54:00-04:00,61.4900016784668,61.52000045776367,61.4900016784668,61.52000045776367,340,0.0,0.0
2024-10-16 09:55:00-04:00,61.459999084472656,61.459999084472656,61.459999084472656,61.459999084472656,228,0.0,0.0
2024-10-16 09:57:00-04:00,61.459999084472656,61.54999923706055,61.459999084472656,61.54999923706055,500,0.0,0.0
2024-10-16 09:59:00-04:00,61.459999084472656,61.459999084472656,61.459999084472656,61.459999084472656,171,0.0,0.0
2024-10-16 10:00:00-04:00,61.459999084472656,61.54999923706055,61.459999084472656,61.4900016784668,1253,0.0,0.0
2024-10-16 10:02:00-04:00,61.584999084472656,61.584999084472656,61.584999084472656,61.584999084472656,221,0.0,0.0
2024-10-16 10:03:00-04:00,61.529998779296875,61.54999923706055,61.529998779296875,61.54999923706055,239,0.0,0.0
2024-10-16 10:04:00-04:00,61.529998779296875,61.529998779296875,61.529998779296875,61.529998779296875,867,0.0,0.0
2024-10-16 10:05:00-04:00,61.56999969482422,61.56999969482422,61.560001373291016,61.56999969482422,561,0.0,0.0
2024-10-16 10:07:00-04:00,61.619998931884766,61.650001525878906,61.58000183105469,61.650001525878906,827,0.0,0.0
2024-10-16 10:08:00-04:00,61.58000183105469,61.58000183105469,61.58000183105469,61.58000183105469,303,0.0,0.0
2024-10-16 10:09:00-04:00,61.58000183105469,61.58000183105469,61.58000183105469,61.58000183105469,565,0.0,0.0
2024-10-16 10:10:00-04:00,61.56999969482422,61.56999969482422,61.560001373291016,61.560001373291016,608,0.0,0.0
2024-10-16 10:11:00-04:00,61.540000915527344,61.540000915527344,61.51499938964844,61.51499938964844,379,0.0,0.0
2024-10-16 10:12:00-04:00,61.51499938964844,61.51499938964844,61.47999954223633,61.49610137939453,1691,0.0,0.0
2024-10-16 10:14:00-04:00,61.470001220703125,61.470001220703125,61.470001220703125,61.470001220703125,389,0.0,0.0
2024-10-16 10:15:00-04:00,61.43000030517578,61.4900016784668,61.43000030517578,61.4900016784668,807,0.0,0.0
2024-10-16 10:16:00-04:00,61.540000915527344,61.540000915527344,61.4900016784668,61.52000045776367,1034,0.0,0.0
2024-10-16 10:17:00-04:00,61.540000915527344,61.540000915527344,61.540000915527344,61.540000915527344,223,0.0,0.0
2024-10-16 10:18:00-04:00,61.56999969482422,61.56999969482422,61.56999969482422,61.56999969482422,533,0.0,0.0
2024-10-16 10:20:00-04:00,61.559898376464844,61.559898376464844,61.4900016784668,61.4900016784668,1582,0.0,0.0
2024-10-16 10:22:00-04:00,61.47999954223633,61.47999954223633,61.47999954223633,61.47999954223633,556,0.0,0.0
2024-10-16 10:26:00-04:00,61.400001525878906,61.41999816894531,61.400001525878906,61.41999816894531,1084,0.0,0.0
2024-10-16 10:27:00-04:00,61.415000915527344,61.415000915527344,61.38999938964844,61.38999938964844,1127,0.0,0.0
2024-10-16 10:28:00-04:00,61.380001068115234,61.417598724365234,61.380001068115234,61.417598724365234,1646,0.0,0.0
2024-10-16 10:30:00-04:00,61.33000183105469,61.334999084472656,61.290000915527344,61.290000915527344,770,0.0,0.0
2024-10-16 10:31:00-04:00,61.31999969482422,61.439998626708984,61.31999969482422,61.439998626708984,1623,0.0,0.0
2024-10-16 10:32:00-04:00,61.380001068115234,61.38750076293945,61.380001068115234,61.38750076293945,663,0.0,0.0
2024-10-16 10:34:00-04:00,61.40999984741211,61.40999984741211,61.40999984741211,61.40999984741211,101,0.0,0.0
2024-10-16 10:35:00-04:00,61.415000915527344,61.470001220703125,61.380001068115234,61.380001068115234,25712,0.0,0.0
2024-10-16 10:36:00-04:00,61.380001068115234,61.380001068115234,61.380001068115234,61.380001068115234,2014,0.0,0.0
2024-10-16 10:40:00-04:00,61.400001525878906,61.47999954223633,61.400001525878906,61.47999954223633,878,0.0,0.0
2024-10-16 10:42:00-04:00,61.459999084472656,61.47999954223633,61.4474983215332,61.47999954223633,586,0.0,0.0
2024-10-16 10:43:00-04:00,61.5,61.5,61.470001220703125,61.470001220703125,472,0.0,0.0
2024-10-16 10:44:00-04:00,61.459999084472656,61.459999084472656,61.459999084472656,61.459999084472656,352,0.0,0.0
2024-10-16 10:45:00-04:00,61.45500183105469,61.45500183105469,61.45500183105469,61.45500183105469,335,0.0,0.0
2024-10-16 10:46:00-04:00,61.439998626708984,61.439998626708984,61.439998626708984,61.439998626708984,290,0.0,0.0
2024-10-16 10:47:00-04:00,61.439998626708984,61.439998626708984,61.439998626708984,61.439998626708984,254,0.0,0.0
2024-10-16 10:48:00-04:00,61.400001525878906,61.400001525878906,61.39500045776367,61.39500045776367,503,0.0,0.0
2024-10-16 10:49:00-04:00,61.41999816894531,61.41999816894531,61.41999816894531,61.41999816894531,317,0.0,0.0
2024-10-16 10:51:00-04:00,61.3849983215332,61.400001525878906,61.3849983215332,61.400001525878906,210,0.0,0.0
2024-10-16 10:52:00-04:00,61.3849983215332,61.3849983215332,61.369998931884766,61.369998931884766,219,0.0,0.0
2024-10-16 10:53:00-04:00,61.41999816894531,61.41999816894531,61.41999816894531,61.41999816894531,702,0.0,0.0
2024-10-16 10:54:00-04:00,61.439998626708984,61.439998626708984,61.439998626708984,61.439998626708984,682,0.0,0.0
2024-10-16 10:59:00-04:00,61.45000076293945,61.470001220703125,61.45000076293945,61.470001220703125,485,0.0,0.0
2024-10-16 11:00:00-04:00,61.4900016784668,61.4900016784668,61.4900016784668,61.4900016784668,310,0.0,0.0
2024-10-16 11:01:00-04:00,61.45479965209961,61.45479965209961,61.45479965209961,61.45479965209961,164,0.0,0.0
2024-10-16 11:03:00-04:00,61.470001220703125,61.470001220703125,61.470001220703125,61.470001220703125,459,0.0,0.0
2024-10-16 11:05:00-04:00,61.40999984741211,61.43000030517578,61.40999984741211,61.43000030517578,709,0.0,0.0
2024-10-16 11:06:00-04:00,61.45000076293945,61.45000076293945,61.45000076293945,61.45000076293945,324,0.0,0.0
2024-10-16 11:07:00-04:00,61.44499969482422,61.44499969482422,61.439998626708984,61.439998626708984,466,0.0,0.0
2024-10-16 11:08:00-04:00,61.459999084472656,61.470001220703125,61.459999084472656,61.470001220703125,459,0.0,0.0
2024-10-16 11:10:00-04:00,61.43000030517578,61.459999084472656,61.41999816894531,61.459999084472656,1180,0.0,0.0
2024-10-16 11:12:00-04:00,61.459999084472656,61.459999084472656,61.41999816894531,61.41999816894531,808,0.0,0.0
2024-10-16 11:17:00-04:00,61.40999984741211,61.439998626708984,61.40999984741211,61.43000030517578,1049,0.0,0.0
2024-10-16 11:18:00-04:00,61.459999084472656,61.459999084472656,61.459999084472656,61.459999084472656,277,0.0,0.0
2024-10-16 11:20:00-04:00,61.459999084472656,61.459999084472656,61.459999084472656,61.459999084472656,383,0.0,0.0
2024-10-16 11:22:00-04:00,61.45000076293945,61.45000076293945,61.41999816894531,61.41999816894531,1198,0.0,0.0
2024-10-16 11:27:00-04:00,61.470001220703125,61.470001220703125,61.41999816894531,61.41999816894531,920,0.0,0.0
2024-10-16 11:28:00-04:00,61.459999084472656,61.459999084472656,61.459999084472656,61.459999084472656,347,0.0,0.0
2024-10-16 11:29:00-04:00,61.459999084472656,61.5099983215332,61.45500183105469,61.5099983215332,942,0.0,0.0
2024-10-16 11:31:00-04:00,61.529998779296875,61.529998779296875,61.529998779296875,61.529998779296875,674,0.0,0.0
2024-10-16 11:33:00-04:00,61.5099983215332,61.52989959716797,61.5099983215332,61.52989959716797,787,0.0,0.0
2024-10-16 11:36:00-04:00,61.529998779296875,61.529998779296875,61.529998779296875,61.529998779296875,376,0.0,0.0
2024-10-16 11:37:00-04:00,61.540000915527344,61.540000915527344,61.5,61.5,747,0.0,0.0
2024-10-16 11:38:00-04:00,61.470001220703125,61.470001220703125,61.470001220703125,61.470001220703125,206,0.0,0.0
2024-10-16 11:39:00-04:00,61.459999084472656,61.459999084472656,61.459999084472656,61.459999084472656,623,0.0,0.0
2024-10-16 11:43:00-04:00,61.474998474121094,61.474998474121094,61.474998474121094,61.474998474121094,203,0.0,0.0
2024-10-16 11:44:00-04:00,61.474998474121094,61.474998474121094,61.474998474121094,61.474998474121094,602,0.0,0.0
2024-10-16 11:48:00-04:00,61.529998779296875,61.529998779296875,61.529998779296875,61.529998779296875,122,0.0,0.0
2024-10-16 11:50:00-04:00,61.47999954223633,61.47999954223633,61.45000076293945,61.45000076293945,1425,0.0,0.0
2024-10-16 11:51:00-04:00,61.45000076293945,61.45500183105469,61.45000076293945,61.45500183105469,9634,0.0,0.0
2024-10-16 11:52:00-04:00,61.4900016784668,61.515499114990234,61.4900016784668,61.515499114990234,389,0.0,0.0
2024-10-16 11:53:00-04:00,61.502498626708984,61.502498626708984,61.502498626708984,61.502498626708984,153,0.0,0.0
2024-10-16 11:54:00-04:00,61.459999084472656,61.459999084472656,61.459999084472656,61.459999084472656,211,0.0,0.0
2024-10-16 11:55:00-04:00,61.45500183105469,61.45500183105469,61.45500183105469,61.45500183105469,122,0.0,0.0
2024-10-16 11:57:00-04:00,61.459999084472656,61.47999954223633,61.45500183105469,61.47999954223633,405,0.0,0.0
2024-10-16 11:59:00-04:00,61.45000076293945,61.45000076293945,61.45000076293945,61.45000076293945,163,0.0,0.0
2024-10-16 12:00:00-04:00,61.47999954223633,61.4900016784668,61.47999954223633,61.4900016784668,342,0.0,0.0
2024-10-16 12:01:00-04:00,61.4900016784668,61.4900016784668,61.4900016784668,61.4900016784668,345,0.0,0.0
2024-10-16 12:02:00-04:00,61.52000045776367,61.52000045776367,61.52000045776367,61.52000045776367,153,0.0,0.0
2024-10-16 12:03:00-04:00,61.519901275634766,61.519901275634766,61.519901275634766,61.519901275634766,200,0.0,0.0
2024-10-16 12:04:00-04:00,61.5,61.5,61.5,61.5,119,0.0,0.0
2024-10-16 12:05:00-04:00,61.47999954223633,61.540000915527344,61.47999954223633,61.529998779296875,1688,0.0,0.0
2024-10-16 12:06:00-04:00,61.540000915527344,61.59000015258789,61.540000915527344,61.59000015258789,1199,0.0,0.0
2024-10-16 12:07:00-04:00,61.58000183105469,61.58000183105469,61.58000183105469,61.58000183105469,419,0.0,0.0
2024-10-16 12:09:00-04:00,61.564998626708984,61.564998626708984,61.564998626708984,61.564998626708984,199,0.0,0.0
2024-10-16 12:10:00-04:00,61.54999923706055,61.56880187988281,61.54999923706055,61.56880187988281,728,0.0,0.0
2024-10-16 12:12:00-04:00,61.599998474121094,61.599998474121094,61.599998474121094,61.599998474121094,411,0.0,0.0
2024-10-16 12:14:00-04:00,61.599998474121094,61.619998931884766,61.595001220703125,61.595001220703125,786,0.0,0.0
2024-10-16 12:15:00-04:00,61.59000015258789,61.63859939575195,61.56999969482422,61.61000061035156,2951,0.0,0.0
2024-10-16 12:17:00-04:00,61.596099853515625,61.666900634765625,61.596099853515625,61.666900634765625,937,0.0,0.0
2024-10-16 12:18:00-04:00,61.68000030517578,61.68000030517578,61.68000030517578,61.68000030517578,419,0.0,0.0
2024-10-16 12:19:00-04:00,61.65999984741211,61.65999984741211,61.65999984741211,61.65999984741211,591,0.0,0.0
2024-10-16 12:22:00-04:00,61.64500045776367,61.66999816894531,61.64500045776367,61.66999816894531,441,0.0,0.0
2024-10-16 12:23:00-04:00,61.6349983215332,61.6349983215332,61.619998931884766,61.625,571,0.0,0.0
2024-10-16 12:24:00-04:00,61.61000061035156,61.61000061035156,61.61000061035156,61.61000061035156,645,0.0,0.0
2024-10-16 12:27:00-04:00,61.630001068115234,61.630001068115234,61.61000061035156,61.61000061035156,436,0.0,0.0
2024-10-16 12:28:00-04:00,61.61000061035156,61.61000061035156,61.61000061035156,61.61000061035156,1261,0.0,0.0
2024-10-16 12:29:00-04:00,61.619998931884766,61.619998931884766,61.58000183105469,61.58000183105469,614,0.0,0.0
2024-10-16 12:30:00-04:00,61.58000183105469,61.599998474121094,61.58000183105469,61.599998474121094,494,0.0,0.0
2024-10-16 12:32:00-04:00,61.59000015258789,61.59000015258789,61.59000015258789,61.59000015258789,223,0.0,0.0
2024-10-16 12:33:00-04:00,61.575599670410156,61.599998474121094,61.575599670410156,61.599998474121094,788,0.0,0.0
2024-10-16 12:34:00-04:00,61.630001068115234,61.63999938964844,61.630001068115234,61.63999938964844,487,0.0,0.0
2024-10-16 12:37:00-04:00,61.65999984741211,61.65999984741211,61.65999984741211,61.65999984741211,245,0.0,0.0
2024-10-16 12:38:00-04:00,61.66999816894531,61.66999816894531,61.66999816894531,61.66999816894531,442,0.0,0.0
2024-10-16 12:39:00-04:00,61.68000030517578,61.68000030517578,61.68000030517578,61.68000030517578,438,0.0,0.0
2024-10-16 12:40:00-04:00,61.650001525878906,61.650001525878906,61.64500045776367,61.64500045776367,806,0.0,0.0
2024-10-16 12:42:00-04:00,61.65999984741211,61.66999816894531,61.65999984741211,61.66999816894531,375,0.0,0.0
2024-10-16 12:43:00-04:00,61.64039993286133,61.64039993286133,61.64039993286133,61.64039993286133,544,0.0,0.0
2024-10-16 12:47:00-04:00,61.689998626708984,61.72999954223633,61.689998626708984,61.72999954223633,781,0.0,0.0
2024-10-16 12:48:00-04:00,61.720001220703125,61.720001220703125,61.720001220703125,61.720001220703125,102,0.0,0.0
2024-10-16 12:49:00-04:00,61.70000076293945,61.70000076293945,61.70000076293945,61.70000076293945,257,0.0,0.0
2024-10-16 12:50:00-04:00,61.709999084472656,61.709999084472656,61.709999084472656,61.709999084472656,296,0.0,0.0
2024-10-16 12:51:00-04:00,61.709999084472656,61.709999084472656,61.709999084472656,61.709999084472656,291,0.0,0.0
2024-10-16 12:53:00-04:00,61.72999954223633,61.72999954223633,61.701499938964844,61.701499938964844,734,0.0,0.0
2024-10-16 12:54:00-04:00,61.70000076293945,61.70500183105469,61.70000076293945,61.70500183105469,1826,0.0,0.0
2024-10-16 12:55:00-04:00,61.720001220703125,61.72999954223633,61.720001220703125,61.72999954223633,346,0.0,0.0
2024-10-16 12:56:00-04:00,61.709999084472656,61.720001220703125,61.689998626708984,61.689998626708984,1738,0.0,0.0
2024-10-16 12:57:00-04:00,61.689998626708984,61.689998626708984,61.689998626708984,61.689998626708984,560,0.0,0.0
2024-10-16 13:00:00-04:00,61.7400016784668,61.7599983215332,61.7400016784668,61.7599983215332,946,0.0,0.0
2024-10-16 13:01:00-04:00,61.75960159301758,61.75960159301758,61.75960159301758,61.75960159301758,1060,0.0,0.0
2024-10-16 13:02:00-04:00,61.77000045776367,61.77000045776367,61.77000045776367,61.77000045776367,445,0.0,0.0
2024-10-16 13:03:00-04:00,61.779998779296875,61.779998779296875,61.779998779296875,61.779998779296875,193,0.0,0.0
2024-10-16 13:04:00-04:00,61.76499938964844,61.76499938964844,61.7599983215332,61.7599983215332,260,0.0,0.0
2024-10-16 13:05:00-04:00,61.76499938964844,61.76499938964844,61.7400016784668,61.7400016784668,512,0.0,0.0
2024-10-16 13:07:00-04:00,61.7400016784668,61.75,61.7400016784668,61.75,882,0.0,0.0
2024-10-16 13:08:00-04:00,61.7400016784668,61.7599983215332,61.7400016784668,61.7599983215332,397,0.0,0.0
2024-10-16 13:09:00-04:00,61.7400016784668,61.7400016784668,61.73500061035156,61.73500061035156,621,0.0,0.0
2024-10-16 13:11:00-04:00,61.7599983215332,61.79999923706055,61.7599983215332,61.79999923706055,1163,0.0,0.0
2024-10-16 13:12:00-04:00,61.779998779296875,61.779998779296875,61.77000045776367,61.77000045776367,665,0.0,0.0
2024-10-16 13:14:00-04:00,61.779998779296875,61.779998779296875,61.779998779296875,61.779998779296875,738,0.0,0.0
2024-10-16 13:16:00-04:00,61.775001525878906,61.790000915527344,61.775001525878906,61.78499984741211,439,0.0,0.0
2024-10-16 13:17:00-04:00,61.81999969482422,61.81999969482422,61.81999969482422,61.81999969482422,184,0.0,0.0
2024-10-16 13:18:00-04:00,61.79999923706055,61.79999923706055,61.79999923706055,61.79999923706055,109,0.0,0.0
2024-10-16 13:19:00-04:00,61.80500030517578,61.80500030517578,61.79999923706055,61.79999923706055,529,0.0,0.0
2024-10-16 13:20:00-04:00,61.810001373291016,61.83000183105469,61.810001373291016,61.81999969482422,468,0.0,0.0
2024-10-16 13:21:00-04:00,61.83000183105469,61.83000183105469,61.81999969482422,61.81999969482422,402,0.0,0.0
2024-10-16 13:22:00-04:00,61.81999969482422,61.84000015258789,61.81999969482422,61.84000015258789,370,0.0,0.0
2024-10-16 13:23:00-04:00,61.81999969482422,61.81999969482422,61.79999923706055,61.79999923706055,952,0.0,0.0
2024-10-16 13:24:00-04:00,61.810001373291016,61.810001373291016,61.810001373291016,61.810001373291016,554,0.0,0.0
2024-10-16 13:28:00-04:00,61.810001373291016,61.810001373291016,61.810001373291016,61.810001373291016,510,0.0,0.0
2024-10-16 13:30:00-04:00,61.79999923706055,61.79999923706055,61.779998779296875,61.779998779296875,1150,0.0,0.0
2024-10-16 13:32:00-04:00,61.77000045776367,61.77000045776367,61.76499938964844,61.76499938964844,743,0.0,0.0
2024-10-16 13:33:00-04:00,61.77000045776367,61.77000045776367,61.77000045776367,61.77000045776367,233,0.0,0.0
2024-10-16 13:36:00-04:00,61.75,61.755001068115234,61.720001220703125,61.720001220703125,1399,0.0,0.0
2024-10-16 13:37:00-04:00,61.72999954223633,61.775001525878906,61.72999954223633,61.775001525878906,1702,0.0,0.0
2024-10-16 13:40:00-04:00,61.79999923706055,61.79999923706055,61.79999923706055,61.79999923706055,379,0.0,0.0
2024-10-16 13:41:00-04:00,61.790000915527344,61.790000915527344,61.790000915527344,61.790000915527344,189,0.0,0.0
2024-10-16 13:42:00-04:00,61.810001373291016,61.810001373291016,61.810001373291016,61.810001373291016,268,0.0,0.0
2024-10-16 13:43:00-04:00,61.810001373291016,61.81999969482422,61.810001373291016,61.81999969482422,1051,0.0,0.0
2024-10-16 13:45:00-04:00,61.79999923706055,61.79999923706055,61.79999923706055,61.79999923706055,363,0.0,0.0
2024-10-16 13:47:00-04:00,61.79999923706055,61.84000015258789,61.79999923706055,61.84000015258789,1122,0.0,0.0
2024-10-16 13:48:00-04:00,61.810001373291016,61.810001373291016,61.810001373291016,61.810001373291016,545,0.0,0.0
2024-10-16 13:49:00-04:00,61.79999923706055,61.79999923706055,61.79999923706055,61.79999923706055,2259,0.0,0.0
2024-10-16 13:51:00-04:00,61.790000915527344,61.79999923706055,61.790000915527344,61.79999923706055,557,0.0,0.0
2024-10-16 13:53:00-04:00,61.810001373291016,61.810001373291016,61.810001373291016,61.810001373291016,236,0.0,0.0
2024-10-16 13:55:00-04:00,61.810001373291016,61.81999969482422,61.810001373291016,61.81999969482422,1204,0.0,0.0
2024-10-16 13:57:00-04:00,61.85499954223633,61.869998931884766,61.85499954223633,61.869998931884766,215,0.0,0.0
2024-10-16 13:58:00-04:00,61.869998931884766,61.900001525878906,61.869998931884766,61.900001525878906,767,0.0,0.0
2024-10-16 13:59:00-04:00,61.900001525878906,61.900001525878906,61.869998931884766,61.869998931884766,330,0.0,0.0
2024-10-16 14:01:00-04:00,61.900001525878906,61.91999816894531,61.900001525878906,61.91999816894531,715,0.0,0.0
2024-10-16 14:02:00-04:00,61.91999816894531,61.91999816894531,61.91999816894531,61.91999816894531,680,0.0,0.0
2024-10-16 14:03:00-04:00,61.90999984741211,61.90999984741211,61.900001525878906,61.90999984741211,920,0.0,0.0
2024-10-16 14:06:00-04:00,61.88999938964844,61.88999938964844,61.880001068115234,61.880001068115234,1107,0.0,0.0
2024-10-16 14:07:00-04:00,61.90999984741211,61.90999984741211,61.90999984741211,61.90999984741211,411,0.0,0.0
2024-10-16 14:08:00-04:00,61.90060043334961,61.93000030517578,61.90060043334961,61.90599822998047,1080,0.0,0.0
2024-10-16 14:09:00-04:00,61.90999984741211,61.90999984741211,61.88999938964844,61.900001525878906,923,0.0,0.0
2024-10-16 14:10:00-04:00,61.90010070800781,61.90010070800781,61.869998931884766,61.869998931884766,1218,0.0,0.0
2024-10-16 14:11:00-04:00,61.900001525878906,61.900001525878906,61.88750076293945,61.88970184326172,2090,0.0,0.0
2024-10-16 14:13:00-04:00,61.869998931884766,61.900001525878906,61.869998931884766,61.88199996948242,1448,0.0,0.0
2024-10-16 14:14:00-04:00,61.900001525878906,61.91999816894531,61.900001525878906,61.91999816894531,706,0.0,0.0
2024-10-16 14:15:00-04:00,61.93000030517578,61.939998626708984,61.93000030517578,61.939998626708984,535,0.0,0.0
2024-10-16 14:17:00-04:00,61.95000076293945,61.95000076293945,61.95000076293945,61.95000076293945,507,0.0,0.0
2024-10-16 14:18:00-04:00,61.93000030517578,61.93000030517578,61.93000030517578,61.93000030517578,828,0.0,0.0
2024-10-16 14:19:00-04:00,61.900001525878906,61.900001525878906,61.900001525878906,61.900001525878906,132,0.0,0.0
2024-10-16 14:20:00-04:00,61.916099548339844,61.916099548339844,61.916099548339844,61.916099548339844,715,0.0,0.0
2024-10-16 14:21:00-04:00,61.900001525878906,61.90999984741211,61.900001525878906,61.90999984741211,927,0.0,0.0
2024-10-16 14:22:00-04:00,61.88999938964844,61.88999938964844,61.88999938964844,61.88999938964844,190,0.0,0.0
2024-10-16 14:23:00-04:00,61.90999984741211,61.939998626708984,61.90999984741211,61.91999816894531,1108,0.0,0.0
2024-10-16 14:24:00-04:00,61.88999938964844,61.88999938964844,61.88999938964844,61.88999938964844,195,0.0,0.0
2024-10-16 14:26:00-04:00,61.90999984741211,61.90999984741211,61.90999984741211,61.90999984741211,185,0.0,0.0
2024-10-16 14:27:00-04:00,61.90999984741211,61.90999984741211,61.90999984741211,61.90999984741211,378,0.0,0.0
2024-10-16 14:28:00-04:00,61.900001525878906,61.904998779296875,61.900001525878906,61.904998779296875,447,0.0,0.0
2024-10-16 14:29:00-04:00,61.90599822998047,61.90599822998047,61.90599822998047,61.90599822998047,412,0.0,0.0
2024-10-16 14:31:00-04:00,61.91999816894531,61.93000030517578,61.91999816894531,61.93000030517578,592,0.0,0.0
2024-10-16 14:32:00-04:00,61.93000030517578,61.93000030517578,61.93000030517578,61.93000030517578,448,0.0,0.0
2024-10-16 14:33:00-04:00,61.939998626708984,61.939998626708984,61.939998626708984,61.939998626708984,299,0.0,0.0
2024-10-16 14:34:00-04:00,61.91669845581055,61.91669845581055,61.91669845581055,61.91669845581055,199,0.0,0.0
2024-10-16 14:36:00-04:00,61.939998626708984,61.95000076293945,61.939998626708984,61.95000076293945,886,0.0,0.0
2024-10-16 14:37:00-04:00,61.91999816894531,61.91999816894531,61.91999816894531,61.91999816894531,461,0.0,0.0
2024-10-16 14:38:00-04:00,61.93000030517578,61.939998626708984,61.93000030517578,61.939998626708984,620,0.0,0.0
2024-10-16 14:40:00-04:00,61.91999816894531,61.93989944458008,61.91999816894531,61.93989944458008,445,0.0,0.0
2024-10-16 14:41:00-04:00,61.92499923706055,61.92499923706055,61.92499923706055,61.92499923706055,478,0.0,0.0
2024-10-16 14:43:00-04:00,61.92499923706055,61.92499923706055,61.92499923706055,61.92499923706055,149,0.0,0.0
2024-10-16 14:44:00-04:00,61.92499923706055,61.939998626708984,61.92499923706055,61.939998626708984,349,0.0,0.0
2024-10-16 14:45:00-04:00,61.90999984741211,61.90999984741211,61.90999984741211,61.90999984741211,1192,0.0,0.0
2024-10-16 14:46:00-04:00,61.900001525878906,61.900001525878906,61.900001525878906,61.900001525878906,337,0.0,0.0
2024-10-16 14:47:00-04:00,61.900001525878906,61.900001525878906,61.900001525878906,61.900001525878906,305,0.0,0.0
2024-10-16 14:48:00-04:00,61.90999984741211,61.91999816894531,61.900001525878906,61.91999816894531,1187,0.0,0.0
2024-10-16 14:49:00-04:00,61.91999816894531,61.939998626708984,61.91999816894531,61.939998626708984,667,0.0,0.0
2024-10-16 14:50:00-04:00,61.93000030517578,61.93000030517578,61.93000030517578,61.93000030517578,254,0.0,0.0
2024-10-16 14:51:00-04:00,61.939998626708984,61.95000076293945,61.939998626708984,61.939998626708984,1699,0.0,0.0
2024-10-16 14:54:00-04:00,61.939998626708984,61.939998626708984,61.939998626708984,61.939998626708984,473,0.0,0.0
2024-10-16 14:56:00-04:00,61.93199920654297,61.939998626708984,61.93199920654297,61.939998626708984,366,0.0,0.0
2024-10-16 14:57:00-04:00,61.935001373291016,61.935001373291016,61.91999816894531,61.93000030517578,995,0.0,0.0
2024-10-16 14:58:00-04:00,61.93000030517578,61.93000030517578,61.93000030517578,61.93000030517578,291,0.0,0.0
2024-10-16 14:59:00-04:00,61.95000076293945,61.95000076293945,61.95000076293945,61.95000076293945,1052,0.0,0.0
2024-10-16 15:02:00-04:00,61.94499969482422,61.959999084472656,61.93000030517578,61.93000030517578,1560,0.0,0.0
2024-10-16 15:03:00-04:00,61.91999816894531,61.91999816894531,61.91999816894531,61.91999816894531,371,0.0,0.0
2024-10-16 15:04:00-04:00,61.93000030517578,61.939998626708984,61.93000030517578,61.939998626708984,986,0.0,0.0
2024-10-16 15:06:00-04:00,61.939998626708984,61.939998626708984,61.939998626708984,61.939998626708984,323,0.0,0.0
2024-10-16 15:07:00-04:00,61.939998626708984,61.939998626708984,61.939998626708984,61.939998626708984,610,0.0,0.0
2024-10-16 15:08:00-04:00,61.95000076293945,61.95000076293945,61.95000076293945,61.95000076293945,639,0.0,0.0
2024-10-16 15:09:00-04:00,61.95000076293945,61.95000076293945,61.95000076293945,61.95000076293945,313,0.0,0.0
2024-10-16 15:10:00-04:00,61.970001220703125,61.970001220703125,61.96500015258789,61.96500015258789,1072,0.0,0.0
2024-10-16 15:14:00-04:00,61.96500015258789,61.97999954223633,61.96500015258789,61.97999954223633,472,0.0,0.0
2024-10-16 15:15:00-04:00,61.97999954223633,61.97999954223633,61.97999954223633,61.97999954223633,681,0.0,0.0
2024-10-16 15:17:00-04:00,61.9900016784668,62.02000045776367,61.9900016784668,62.0,5730,0.0,0.0
2024-10-16 15:18:00-04:00,62.0099983215332,62.0099983215332,62.0099983215332,62.0099983215332,197,0.0,0.0
2024-10-16 15:19:00-04:00,61.994998931884766,62.0099983215332,61.994998931884766,62.0099983215332,1322,0.0,0.0
2024-10-16 15:22:00-04:00,61.97999954223633,61.97999954223633,61.97999954223633,61.97999954223633,476,0.0,0.0
2024-10-16 15:23:00-04:00,61.974998474121094,61.974998474121094,61.970001220703125,61.970001220703125,660,0.0,0.0
2024-10-16 15:24:00-04:00,62.005001068115234,62.026798248291016,62.0,62.005001068115234,1801,0.0,0.0
2024-10-16 15:25:00-04:00,62.02000045776367,62.02000045776367,62.005001068115234,62.005001068115234,431,0.0,0.0
2024-10-16 15:26:00-04:00,62.00339889526367,62.00339889526367,62.00339889526367,62.00339889526367,643,0.0,0.0
2024-10-16 15:28:00-04:00,62.0,62.02000045776367,62.0,62.0,4482,0.0,0.0
2024-10-16 15:29:00-04:00,62.0,62.018001556396484,62.0,62.01499938964844,575,0.0,0.0
2024-10-16 15:30:00-04:00,62.01499938964844,62.01499938964844,62.005001068115234,62.005001068115234,508,0.0,0.0
2024-10-16 15:31:00-04:00,62.0099983215332,62.0099983215332,62.0099983215332,62.0099983215332,1054,0.0,0.0
2024-10-16 15:32:00-04:00,62.0,62.0,62.0,62.0,109,0.0,0.0
2024-10-16 15:33:00-04:00,62.0,62.0099983215332,62.0,62.0099983215332,1039,0.0,0.0
2024-10-16 15:34:00-04:00,62.02000045776367,62.02000045776367,62.02000045776367,62.02000045776367,376,0.0,0.0
2024-10-16 15:35:00-04:00,62.018001556396484,62.029998779296875,62.018001556396484,62.029998779296875,602,0.0,0.0
2024-10-16 15:36:00-04:00,62.01499938964844,62.01499938964844,62.012001037597656,62.012001037597656,595,0.0,0.0
2024-10-16 15:37:00-04:00,62.01499938964844,62.01499938964844,62.01499938964844,62.01499938964844,316,0.0,0.0
2024-10-16 15:38:00-04:00,62.029998779296875,62.060001373291016,62.029998779296875,62.060001373291016,1362,0.0,0.0
2024-10-16 15:39:00-04:00,62.04999923706055,62.060001373291016,62.04999923706055,62.04999923706055,1589,0.0,0.0
2024-10-16 15:40:00-04:00,62.06999969482422,62.09000015258789,62.06999969482422,62.09000015258789,1145,0.0,0.0
2024-10-16 15:41:00-04:00,62.09000015258789,62.099998474121094,62.09000015258789,62.099998474121094,1568,0.0,0.0
2024-10-16 15:42:00-04:00,62.13999938964844,62.13999938964844,62.13999938964844,62.13999938964844,1599,0.0,0.0
2024-10-16 15:45:00-04:00,62.13999938964844,62.167999267578125,62.13999938964844,62.167999267578125,1763,0.0,0.0
2024-10-16 15:46:00-04:00,62.16999816894531,62.18000030517578,62.15999984741211,62.18000030517578,1730,0.0,0.0
2024-10-16 15:47:00-04:00,62.18000030517578,62.18000030517578,62.15999984741211,62.15999984741211,1283,0.0,0.0
2024-10-16 15:48:00-04:00,62.15999984741211,62.179901123046875,62.150001525878906,62.159000396728516,1528,0.0,0.0
2024-10-16 15:49:00-04:00,62.13999938964844,62.154998779296875,62.13999938964844,62.150001525878906,2368,0.0,0.0
2024-10-16 15:50:00-04:00,62.13999938964844,62.154998779296875,62.1349983215332,62.154998779296875,2455,0.0,0.0
2024-10-16 15:51:00-04:00,62.15999984741211,62.189998626708984,62.15999984741211,62.18000030517578,2240,0.0,0.0
2024-10-16 15:52:00-04:00,62.18000030517578,62.20000076293945,62.18000030517578,62.20000076293945,1956,0.0,0.0
2024-10-16 15:53:00-04:00,62.189998626708984,62.189998626708984,62.1150016784668,62.119998931884766,3846,0.0,0.0
2024-10-16 15:54:00-04:00,62.1150016784668,62.1150016784668,62.0880012512207,62.0880012512207,2092,0.0,0.0
2024-10-16 15:55:00-04:00,62.099998474121094,62.099998474121094,62.060001373291016,62.09000015258789,7176,0.0,0.0
2024-10-16 15:56:00-04:00,62.060001373291016,62.060001373291016,62.029998779296875,62.029998779296875,6576,0.0,0.0
2024-10-16 15:57:00-04:00,62.040000915527344,62.040000915527344,61.9900016784668,62.0,5670,0.0,0.0
2024-10-16 15:58:00-04:00,62.005001068115234,62.02989959716797,61.9900016784668,61.994998931884766,7380,0.0,0.0
2024-10-16 15:59:00-04:00,61.994998931884766,62.040000915527344,61.9900016784668,62.02000045776367,19128,0.0,0.0
2024-10-17 09:30:00-04:00,62.060001373291016,62.060001373291016,61.9900016784668,61.9900016784668,12612,0.0,0.0
2024-10-17 09:31:00-04:00,61.959999084472656,61.96500015258789,61.959999084472656,61.96500015258789,306,0.0,0.0
2024-10-17 09:32:00-04:00,61.95000076293945,61.95000076293945,61.95000076293945,61.95000076293945,1068,0.0,0.0
2024-10-17 09:36:00-04:00,62.02000045776367,62.13999938964844,62.02000045776367,62.13999938964844,684,0.0,0.0
2024-10-17 09:38:00-04:00,62.07500076293945,62.07500076293945,62.07500076293945,62.07500076293945,247,0.0,0.0
2024-10-17 09:39:00-04:00,62.029998779296875,62.04999923706055,62.02000045776367,62.04999923706055,522,0.0,0.0
2024-10-17 09:40:00-04:00,62.08000183105469,62.08000183105469,62.08000183105469,62.08000183105469,395,0.0,0.0
2024-10-17 09:43:00-04:00,62.09000015258789,62.15999984741211,62.09000015258789,62.15999984741211,508,0.0,0.0
2024-10-17 09:44:00-04:00,62.099998474121094,62.099998474121094,62.099998474121094,62.099998474121094,479,0.0,0.0
2024-10-17 09:45:00-04:00,62.040000915527344,62.09000015258789,62.040000915527344,62.09000015258789,659,0.0,0.0
2024-10-17 09:46:00-04:00,62.09000015258789,62.09000015258789,62.09000015258789,62.09000015258789,1632,0.0,0.0
2024-10-17 09:47:00-04:00,62.0099983215332,62.04999923706055,62.0099983215332,62.0099983215332,974,0.0,0.0
2024-10-17 09:48:00-04:00,62.0,62.0,62.0,62.0,259,0.0,0.0
2024-10-17 09:49:00-04:00,61.88999938964844,61.88999938964844,61.88999938964844,61.88999938964844,396,0.0,0.0
2024-10-17 09:52:00-04:00,62.02000045776367,62.02000045776367,62.02000045776367,62.02000045776367,179,0.0,0.0
2024-10-17 09:54:00-04:00,61.939998626708984,61.939998626708984,61.939998626708984,61.939998626708984,549,0.0,0.0
2024-10-17 09:55:00-04:00,61.95000076293945,61.98500061035156,61.880001068115234,61.98500061035156,1799,0.0,0.0
2024-10-17 09:56:00-04:00,62.09000015258789,62.10499954223633,62.040000915527344,62.095001220703125,980,0.0,0.0
2024-10-17 09:57:00-04:00,61.97209930419922,62.130001068115234,61.97209930419922,62.130001068115234,411,0.0,0.0
2024-10-17 09:59:00-04:00,62.130001068115234,62.130001068115234,62.130001068115234,62.130001068115234,347,0.0,0.0
2024-10-17 10:01:00-04:00,62.189998626708984,62.189998626708984,62.18000030517578,62.189998626708984,670,0.0,0.0
2024-10-17 10:04:00-04:00,62.09000015258789,62.09000015258789,61.970001220703125,61.970001220703125,314,0.0,0.0
2024-10-17 10:05:00-04:00,62.02000045776367,62.02000045776367,62.02000045776367,62.02000045776367,406,0.0,0.0
2024-10-17 10:06:00-04:00,62.099998474121094,62.099998474121094,61.939998626708984,61.994998931884766,5635,0.0,0.0
2024-10-17 10:07:00-04:00,61.95000076293945,62.0,61.90999984741211,61.970001220703125,3421,0.0,0.0
2024-10-17 10:08:00-04:00,62.060001373291016,62.060001373291016,61.9900016784668,61.9900016784668,690,0.0,0.0
2024-10-17 10:11:00-04:00,62.029998779296875,62.060001373291016,62.029998779296875,62.060001373291016,292,0.0,0.0
2024-10-17 10:12:00-04:00,62.060001373291016,62.060001373291016,62.060001373291016,62.060001373291016,470,0.0,0.0
2024-10-17 10:14:00-04:00,62.08000183105469,62.08000183105469,62.02000045776367,62.02000045776367,936,0.0,0.0
2024-10-17 10:17:00-04:00,61.67639923095703,61.869998931884766,61.67639923095703,61.86989974975586,6912,0.0,0.0
2024-10-17 10:18:00-04:00,61.779998779296875,61.779998779296875,61.779998779296875,61.779998779296875,337,0.0,0.0
2024-10-17 10:20:00-04:00,61.790000915527344,61.790000915527344,61.77000045776367,61.77000045776367,266,0.0,0.0
2024-10-17 10:21:00-04:00,61.79999923706055,61.79999923706055,61.79999923706055,61.79999923706055,673,0.0,0.0
2024-10-17 10:23:00-04:00,61.79499816894531,61.79499816894531,61.79499816894531,61.79499816894531,317,0.0,0.0
2024-10-17 10:24:00-04:00,61.79499816894531,61.810001373291016,61.79499816894531,61.810001373291016,514,0.0,0.0
2024-10-17 10:25:00-04:00,61.849998474121094,61.849998474121094,61.82500076293945,61.82500076293945,1338,0.0,0.0
2024-10-17 10:26:00-04:00,61.834999084472656,61.834999084472656,61.8224983215332,61.8224983215332,560,0.0,0.0
2024-10-17 10:27:00-04:00,61.81999969482422,61.81999969482422,61.81999969482422,61.81999969482422,104,0.0,0.0
2024-10-17 10:28:00-04:00,61.81999969482422,61.81999969482422,61.810001373291016,61.810001373291016,910,0.0,0.0
2024-10-17 10:29:00-04:00,61.849998474121094,61.86000061035156,61.849998474121094,61.849998474121094,1732,0.0,0.0
2024-10-17 10:31:00-04:00,61.849998474121094,61.880001068115234,61.849998474121094,61.880001068115234,367,0.0,0.0
2024-10-17 10:32:00-04:00,61.869998931884766,61.90999984741211,61.869998931884766,61.90999984741211,1445,0.0,0.0
2024-10-17 10:33:00-04:00,61.880001068115234,61.88999938964844,61.880001068115234,61.88999938964844,657,0.0,0.0
2024-10-17 10:34:00-04:00,61.900001525878906,61.900001525878906,61.900001525878906,61.900001525878906,193,0.0,0.0
2024-10-17 10:35:00-04:00,61.8849983215332,61.8849983215332,61.8849983215332,61.8849983215332,174,0.0,0.0
2024-10-17 10:36:00-04:00,61.90999984741211,61.93000030517578,61.90250015258789,61.93000030517578,553,0.0,0.0
2024-10-17 10:37:00-04:00,61.88999938964844,61.88999938964844,61.88999938964844,61.88999938964844,451,0.0,0.0
2024-10-17 10:38:00-04:00,61.89870071411133,61.89870071411133,61.89870071411133,61.89870071411133,385,0.0,0.0
2024-10-17 10:40:00-04:00,61.939998626708984,61.939998626708984,61.939998626708984,61.939998626708984,364,0.0,0.0
2024-10-17 10:42:00-04:00,61.95000076293945,62.0,61.95000076293945,62.0,1782,0.0,0.0
2024-10-17 10:44:00-04:00,62.005001068115234,62.005001068115234,62.005001068115234,62.005001068115234,152,0.0,0.0
2024-10-17 10:45:00-04:00,62.0,62.029998779296875,61.97999954223633,62.0,19692,0.0,0.0
2024-10-17 10:46:00-04:00,62.0,62.0,62.0,62.0,430,0.0,0.0
2024-10-17 10:48:00-04:00,62.04999923706055,62.04999923706055,62.04999923706055,62.04999923706055,309,0.0,0.0
2024-10-17 10:50:00-04:00,62.029998779296875,62.03499984741211,62.029998779296875,62.03499984741211,665,0.0,0.0
2024-10-17 10:51:00-04:00,62.04499816894531,62.084999084472656,62.04499816894531,62.084999084472656,488,0.0,0.0
2024-10-17 10:52:00-04:00,62.07500076293945,62.07500076293945,62.0,62.02000045776367,1976,0.0,0.0
2024-10-17 10:56:00-04:00,61.9900016784668,62.0099983215332,61.9900016784668,62.0099983215332,997,0.0,0.0
2024-10-17 11:00:00-04:00,61.9900016784668,61.9900016784668,61.9900016784668,61.9900016784668,413,0.0,0.0
2024-10-17 11:01:00-04:00,61.93000030517578,61.95000076293945,61.93000030517578,61.939998626708984,996,0.0,0.0
2024-10-17 11:02:00-04:00,61.91999816894531,61.93000030517578,61.89500045776367,61.91999816894531,2750,0.0,0.0
2024-10-17 11:03:00-04:00,61.900001525878906,61.91999816894531,61.900001525878906,61.90999984741211,1052,0.0,0.0
2024-10-17 11:06:00-04:00,61.915000915527344,61.915000915527344,61.915000915527344,61.915000915527344,161,0.0,0.0
2024-10-17 11:07:00-04:00,61.90890121459961,61.915000915527344,61.88999938964844,61.90999984741211,2680,0.0,0.0
2024-10-17 11:08:00-04:00,61.91999816894531,61.935001373291016,61.91999816894531,61.935001373291016,1441,0.0,0.0
2024-10-17 11:09:00-04:00,61.94499969482422,61.970001220703125,61.94499969482422,61.970001220703125,433,0.0,0.0
2024-10-17 11:10:00-04:00,61.970001220703125,61.97999954223633,61.970001220703125,61.97999954223633,602,0.0,0.0
2024-10-17 11:11:00-04:00,61.939998626708984,61.939998626708984,61.90999984741211,61.91999816894531,2048,0.0,0.0
2024-10-17 11:12:00-04:00,61.900001525878906,61.900001525878906,61.900001525878906,61.900001525878906,952,0.0,0.0
2024-10-17 11:15:00-04:00,61.95000076293945,62.0,61.939998626708984,62.0,862,0.0,0.0
2024-10-17 11:16:00-04:00,62.0,62.0,62.0,62.0,573,0.0,0.0
2024-10-17 11:17:00-04:00,61.963600158691406,61.963600158691406,61.963600158691406,61.963600158691406,455,0.0,0.0
2024-10-17 11:19:00-04:00,61.959999084472656,61.97999954223633,61.959999084472656,61.97999954223633,915,0.0,0.0
2024-10-17 11:20:00-04:00,62.0,62.01499938964844,62.0,62.0,567,0.0,0.0
2024-10-17 11:22:00-04:00,61.95000076293945,61.95000076293945,61.95000076293945,61.95000076293945,328,0.0,0.0
2024-10-17 11:23:00-04:00,61.9900016784668,61.9900016784668,61.97999954223633,61.97999954223633,652,0.0,0.0
2024-10-17 11:25:00-04:00,61.9900016784668,61.9900016784668,61.9900016784668,61.9900016784668,290,0.0,0.0
2024-10-17 11:27:00-04:00,61.939998626708984,61.939998626708984,61.93000030517578,61.93000030517578,999,0.0,0.0
2024-10-17 11:29:00-04:00,61.93000030517578,61.95000076293945,61.91999816894531,61.95000076293945,1622,0.0,0.0
2024-10-17 11:31:00-04:00,61.970001220703125,61.970001220703125,61.95000076293945,61.95000076293945,830,0.0,0.0
2024-10-17 11:32:00-04:00,61.91600036621094,61.91600036621094,61.900001525878906,61.900001525878906,550,0.0,0.0
2024-10-17 11:33:00-04:00,61.900001525878906,61.900001525878906,61.849998474121094,61.875,65938,0.0,0.0
2024-10-17 11:34:00-04:00,61.869998931884766,61.869998931884766,61.869998931884766,61.869998931884766,249,0.0,0.0
2024-10-17 11:35:00-04:00,61.8650016784668,61.8650016784668,61.8650016784668,61.8650016784668,169,0.0,0.0
2024-10-17 11:36:00-04:00,61.849998474121094,61.849998474121094,61.84000015258789,61.84000015258789,848,0.0,0.0
2024-10-17 11:37:00-04:00,61.81999969482422,61.81999969482422,61.81999969482422,61.81999969482422,138,0.0,0.0
2024-10-17 11:38:00-04:00,61.82500076293945,61.82500076293945,61.82500076293945,61.82500076293945,379,0.0,0.0
2024-10-17 11:39:00-04:00,61.814998626708984,61.814998626708984,61.790000915527344,61.790000915527344,908,0.0,0.0
2024-10-17 11:41:00-04:00,61.775001525878906,61.79999923706055,61.775001525878906,61.79999923706055,781,0.0,0.0
2024-10-17 11:43:00-04:00,61.779998779296875,61.779998779296875,61.7599983215332,61.779998779296875,987,0.0,0.0
2024-10-17 11:45:00-04:00,61.75,61.75,61.75,61.75,303,0.0,0.0
2024-10-17 11:47:00-04:00,61.762901306152344,61.762901306152344,61.762901306152344,61.762901306152344,567,0.0,0.0
2024-10-17 11:49:00-04:00,61.72999954223633,61.72999954223633,61.72999954223633,61.72999954223633,435,0.0,0.0
2024-10-17 11:50:00-04:00,61.720001220703125,61.720001220703125,61.720001220703125,61.720001220703125,391,0.0,0.0
2024-10-17 11:53:00-04:00,61.72999954223633,61.73500061035156,61.724998474121094,61.724998474121094,804,0.0,0.0
2024-10-17 11:54:00-04:00,61.75,61.75,61.72999954223633,61.72999954223633,415,0.0,0.0
2024-10-17 11:55:00-04:00,61.72999954223633,61.73099899291992,61.72999954223633,61.73099899291992,627,0.0,0.0
2024-10-17 11:57:00-04:00,61.70000076293945,61.709999084472656,61.70000076293945,61.709999084472656,920,0.0,0.0
2024-10-17 11:58:00-04:00,61.720001220703125,61.72999954223633,61.720001220703125,61.72999954223633,799,0.0,0.0
2024-10-17 11:59:00-04:00,61.7400016784668,61.7400016784668,61.7400016784668,61.7400016784668,182,0.0,0.0
2024-10-17 12:03:00-04:00,61.7400016784668,61.7400016784668,61.7400016784668,61.7400016784668,234,0.0,0.0
2024-10-17 12:04:00-04:00,61.7599983215332,61.7599983215332,61.7599983215332,61.7599983215332,357,0.0,0.0
2024-10-17 12:05:00-04:00,61.779998779296875,61.779998779296875,61.779998779296875,61.779998779296875,322,0.0,0.0
2024-10-17 12:06:00-04:00,61.779998779296875,61.79499816894531,61.779998779296875,61.790000915527344,973,0.0,0.0
2024-10-17 12:08:00-04:00,61.77000045776367,61.77000045776367,61.77000045776367,61.77000045776367,188,0.0,0.0
2024-10-17 12:09:00-04:00,61.7599983215332,61.7599983215332,61.7599983215332,61.7599983215332,605,0.0,0.0
2024-10-17 12:12:00-04:00,61.72999954223633,61.72999954223633,61.71500015258789,61.71500015258789,1980,0.0,0.0
2024-10-17 12:13:00-04:00,61.68000030517578,61.689998626708984,61.65999984741211,61.65999984741211,978,0.0,0.0
2024-10-17 12:14:00-04:00,61.64500045776367,61.64500045776367,61.64500045776367,61.64500045776367,448,0.0,0.0
2024-10-17 12:15:00-04:00,61.64500045776367,61.64500045776367,61.64500045776367,61.64500045776367,476,0.0,0.0
2024-10-17 12:17:00-04:00,61.630001068115234,61.630001068115234,61.630001068115234,61.630001068115234,604,0.0,0.0
2024-10-17 12:20:00-04:00,61.63529968261719,61.63529968261719,61.630001068115234,61.630001068115234,469,0.0,0.0
2024-10-17 12:21:00-04:00,61.630001068115234,61.630001068115234,61.630001068115234,61.630001068115234,345,0.0,0.0
2024-10-17 12:22:00-04:00,61.650001525878906,61.689998626708984,61.650001525878906,61.689998626708984,1170,0.0,0.0
2024-10-17 12:23:00-04:00,61.709999084472656,61.720001220703125,61.709999084472656,61.720001220703125,668,0.0,0.0
2024-10-17 12:24:00-04:00,61.75,61.77000045776367,61.72999954223633,61.72999954223633,1565,0.0,0.0
2024-10-17 12:25:00-04:00,61.7400016784668,61.7400016784668,61.7400016784668,61.7400016784668,151,0.0,0.0
2024-10-17 12:26:00-04:00,61.7599983215332,61.849998474121094,61.7599983215332,61.81999969482422,1121,0.0,0.0
2024-10-17 12:27:00-04:00,61.82500076293945,61.82500076293945,61.810001373291016,61.82500076293945,321,0.0,0.0
2024-10-17 12:28:00-04:00,61.84000015258789,61.9099006652832,61.84000015258789,61.9099006652832,2765,0.0,0.0
2024-10-17 12:29:00-04:00,61.84000015258789,61.8650016784668,61.84000015258789,61.8650016784668,213,0.0,0.0
2024-10-17 12:30:00-04:00,61.88999938964844,61.88999938964844,61.88999938964844,61.88999938964844,269,0.0,0.0
2024-10-17 12:33:00-04:00,61.85499954223633,61.88999938964844,61.85499954223633,61.88999938964844,591,0.0,0.0
2024-10-17 12:34:00-04:00,61.900001525878906,61.900001525878906,61.900001525878906,61.900001525878906,160,0.0,0.0
2024-10-17 12:35:00-04:00,61.904998779296875,61.904998779296875,61.904998779296875,61.904998779296875,332,0.0,0.0
2024-10-17 12:36:00-04:00,61.88999938964844,61.90999984741211,61.88999938964844,61.900001525878906,1036,0.0,0.0
2024-10-17 12:38:00-04:00,61.900001525878906,61.900001525878906,61.900001525878906,61.900001525878906,108,0.0,0.0
2024-10-17 12:39:00-04:00,61.904998779296875,61.91999816894531,61.904998779296875,61.91999816894531,666,0.0,0.0
2024-10-17 12:41:00-04:00,61.93000030517578,61.93000030517578,61.93000030517578,61.93000030517578,240,0.0,0.0
2024-10-17 12:42:00-04:00,61.91999816894531,61.91999816894531,61.91999816894531,61.91999816894531,526,0.0,0.0
2024-10-17 12:43:00-04:00,61.95000076293945,61.95000076293945,61.95000076293945,61.95000076293945,227,0.0,0.0
2024-10-17 12:45:00-04:00,61.95000076293945,61.95000076293945,61.95000076293945,61.95000076293945,241,0.0,0.0
2024-10-17 12:46:00-04:00,61.95000076293945,61.970001220703125,61.95000076293945,61.95500183105469,1020,0.0,0.0
2024-10-17 12:47:00-04:00,61.939998626708984,61.95000076293945,61.939998626708984,61.941898345947266,1024,0.0,0.0
2024-10-17 12:48:00-04:00,61.93000030517578,61.93000030517578,61.93000030517578,61.93000030517578,341,0.0,0.0
2024-10-17 12:49:00-04:00,61.93000030517578,61.93000030517578,61.93000030517578,61.93000030517578,491,0.0,0.0
2024-10-17 12:50:00-04:00,61.959999084472656,61.959999084472656,61.93000030517578,61.935001373291016,825,0.0,0.0
2024-10-17 12:52:00-04:00,61.939998626708984,61.939998626708984,61.93000030517578,61.93000030517578,536,0.0,0.0
2024-10-17 12:54:00-04:00,61.91999816894531,61.91999816894531,61.900001525878906,61.900001525878906,935,0.0,0.0
2024-10-17 12:55:00-04:00,61.88999938964844,61.88999938964844,61.880001068115234,61.880001068115234,420,0.0,0.0
2024-10-17 12:56:00-04:00,61.88865661621094,61.88865661621094,61.88865661621094,61.88865661621094,1639,0.0,0.0
2024-10-17 12:57:00-04:00,61.89500045776367,61.89500045776367,61.869998931884766,61.869998931884766,663,0.0,0.0
2024-10-17 12:59:00-04:00,61.8650016784668,61.8650016784668,61.8650016784668,61.8650016784668,136,0.0,0.0
2024-10-17 13:00:00-04:00,61.86000061035156,61.86000061035156,61.86000061035156,61.86000061035156,510,0.0,0.0
2024-10-17 13:01:00-04:00,61.8650016784668,61.8650016784668,61.84000015258789,61.84000015258789,904,0.0,0.0
2024-10-17 13:03:00-04:00,61.83000183105469,61.83000183105469,61.82389831542969,61.82389831542969,1160,0.0,0.0
2024-10-17 13:04:00-04:00,61.81999969482422,61.834999084472656,61.81999969482422,61.834999084472656,634,0.0,0.0
2024-10-17 13:05:00-04:00,61.80500030517578,61.80500030517578,61.80500030517578,61.80500030517578,570,0.0,0.0
2024-10-17 13:08:00-04:00,61.75,61.75,61.75,61.75,656,0.0,0.0
2024-10-17 13:09:00-04:00,61.790000915527344,61.79999923706055,61.790000915527344,61.79999923706055,876,0.0,0.0
2024-10-17 13:11:00-04:00,61.790000915527344,61.79999923706055,61.790000915527344,61.79999923706055,559,0.0,0.0
2024-10-17 13:12:00-04:00,61.77000045776367,61.77000045776367,61.7400016784668,61.7400016784668,1178,0.0,0.0
2024-10-17 13:15:00-04:00,61.7400016784668,61.7400016784668,61.71500015258789,61.7400016784668,886,0.0,0.0
2024-10-17 13:16:00-04:00,61.72999954223633,61.72999954223633,61.72999954223633,61.72999954223633,226,0.0,0.0
2024-10-17 13:17:00-04:00,61.720001220703125,61.720001220703125,61.720001220703125,61.720001220703125,328,0.0,0.0
2024-10-17 13:18:00-04:00,61.70000076293945,61.70000076293945,61.67020034790039,61.689998626708984,831,0.0,0.0
2024-10-17 13:20:00-04:00,61.625,61.625,61.625,61.625,346,0.0,0.0
2024-10-17 13:21:00-04:00,61.650001525878906,61.650001525878906,61.650001525878906,61.650001525878906,665,0.0,0.0
2024-10-17 13:24:00-04:00,61.599998474121094,61.619998931884766,61.599998474121094,61.619998931884766,906,0.0,0.0
2024-10-17 13:25:00-04:00,61.6150016784668,61.6150016784668,61.6150016784668,61.6150016784668,130,0.0,0.0
2024-10-17 13:26:00-04:00,61.61000061035156,61.61000061035156,61.61000061035156,61.61000061035156,321,0.0,0.0
2024-10-17 13:27:00-04:00,61.60499954223633,61.6349983215332,61.60499954223633,61.6349983215332,1480,0.0,0.0
2024-10-17 13:28:00-04:00,61.6349983215332,61.650001525878906,61.6349983215332,61.650001525878906,328,0.0,0.0
2024-10-17 13:29:00-04:00,61.64500045776367,61.64500045776367,61.64500045776367,61.64500045776367,370,0.0,0.0
2024-10-17 13:30:00-04:00,61.65999984741211,61.65999984741211,61.65999984741211,61.65999984741211,153,0.0,0.0
2024-10-17 13:31:00-04:00,61.650001525878906,61.654998779296875,61.650001525878906,61.654998779296875,1386,0.0,0.0
2024-10-17 13:32:00-04:00,61.665000915527344,61.665000915527344,61.665000915527344,61.665000915527344,287,0.0,0.0
2024-10-17 13:33:00-04:00,61.68000030517578,61.689998626708984,61.68000030517578,61.689998626708984,481,0.0,0.0
2024-10-17 13:34:00-04:00,61.689998626708984,61.689998626708984,61.689998626708984,61.689998626708984,649,0.0,0.0
2024-10-17 13:35:00-04:00,61.689998626708984,61.72999954223633,61.68000030517578,61.71500015258789,4246,0.0,0.0
2024-10-17 13:36:00-04:00,61.709999084472656,61.709999084472656,61.689998626708984,61.70000076293945,1937,0.0,0.0
2024-10-17 13:38:00-04:00,61.71500015258789,61.72999954223633,61.709999084472656,61.72999954223633,2377,0.0,0.0
2024-10-17 13:39:00-04:00,61.73500061035156,61.73500061035156,61.720001220703125,61.720001220703125,1573,0.0,0.0
2024-10-17 13:40:00-04:00,61.720001220703125,61.720001220703125,61.720001220703125,61.720001220703125,756,0.0,0.0
2024-10-17 13:41:00-04:00,61.75,61.75,61.7400016784668,61.74250030517578,657,0.0,0.0
2024-10-17 13:42:00-04:00,61.744998931884766,61.744998931884766,61.72999954223633,61.72999954223633,1094,0.0,0.0
2024-10-17 13:43:00-04:00,61.75,61.75,61.75,61.75,112,0.0,0.0
2024-10-17 13:44:00-04:00,61.72999954223633,61.77000045776367,61.72999954223633,61.77000045776367,828,0.0,0.0
2024-10-17 13:46:00-04:00,61.744998931884766,61.7599983215332,61.744998931884766,61.7599983215332,280,0.0,0.0
2024-10-17 13:47:00-04:00,61.744998931884766,61.744998931884766,61.744998931884766,61.744998931884766,543,0.0,0.0
2024-10-17 13:50:00-04:00,61.7599983215332,61.77000045776367,61.75,61.755001068115234,740,0.0,0.0
2024-10-17 13:51:00-04:00,61.7599983215332,61.7599983215332,61.7599983215332,61.7599983215332,642,0.0,0.0
2024-10-17 13:52:00-04:00,61.77000045776367,61.77000045776367,61.75,61.77000045776367,890,0.0,0.0
2024-10-17 13:54:00-04:00,61.81999969482422,61.81999969482422,61.79499816894531,61.79499816894531,516,0.0,0.0
2024-10-17 13:55:00-04:00,61.81999969482422,61.81999969482422,61.81999969482422,61.81999969482422,172,0.0,0.0
2024-10-17 13:56:00-04:00,61.81999969482422,61.81999969482422,61.81999969482422,61.81999969482422,303,0.0,0.0
2024-10-17 13:57:00-04:00,61.790000915527344,61.790000915527344,61.790000915527344,61.790000915527344,361,0.0,0.0
2024-10-17 13:58:00-04:00,61.77000045776367,61.77000045776367,61.75,61.75,1813,0.0,0.0
2024-10-17 13:59:00-04:00,61.75,61.75,61.75,61.75,278,0.0,0.0
2024-10-17 14:00:00-04:00,61.77000045776367,61.77000045776367,61.77000045776367,61.77000045776367,560,0.0,0.0
2024-10-17 14:01:00-04:00,61.77000045776367,61.77000045776367,61.77000045776367,61.77000045776367,217,0.0,0.0
2024-10-17 14:03:00-04:00,61.75,61.7599983215332,61.720001220703125,61.744998931884766,3399,0.0,0.0
2024-10-17 14:04:00-04:00,61.72999954223633,61.7400016784668,61.72999954223633,61.72999954223633,717,0.0,0.0
2024-10-17 14:05:00-04:00,61.720001220703125,61.720001220703125,61.70000076293945,61.70000076293945,1129,0.0,0.0
2024-10-17 14:06:00-04:00,61.709999084472656,61.720001220703125,61.709999084472656,61.720001220703125,436,0.0,0.0
2024-10-17 14:07:00-04:00,61.70500183105469,61.70500183105469,61.70000076293945,61.70000076293945,279,0.0,0.0
2024-10-17 14:08:00-04:00,61.70009994506836,61.70009994506836,61.70009994506836,61.70009994506836,956,0.0,0.0
2024-10-17 14:09:00-04:00,61.7400016784668,61.7400016784668,61.7400016784668,61.7400016784668,104,0.0,0.0
2024-10-17 14:10:00-04:00,61.72999954223633,61.72999954223633,61.70000076293945,61.70000076293945,1020,0.0,0.0
2024-10-17 14:12:00-04:00,61.689998626708984,61.689998626708984,61.689998626708984,61.689998626708984,296,0.0,0.0
2024-10-17 14:13:00-04:00,61.689998626708984,61.709999084472656,61.689998626708984,61.709999084472656,868,0.0,0.0
2024-10-17 14:14:00-04:00,61.72999954223633,61.72999954223633,61.72999954223633,61.72999954223633,282,0.0,0.0
2024-10-17 14:15:00-04:00,61.720001220703125,61.720001220703125,61.720001220703125,61.720001220703125,260,0.0,0.0
2024-10-17 14:17:00-04:00,61.70500183105469,61.720001220703125,61.70500183105469,61.720001220703125,379,0.0,0.0
2024-10-17 14:18:00-04:00,61.70500183105469,61.70500183105469,61.689998626708984,61.70000076293945,3094,0.0,0.0
2024-10-17 14:19:00-04:00,61.69499969482422,61.69499969482422,61.69499969482422,61.69499969482422,278,0.0,0.0
2024-10-17 14:20:00-04:00,61.709999084472656,61.744998931884766,61.709999084472656,61.744998931884766,2062,0.0,0.0
2024-10-17 14:23:00-04:00,61.79999923706055,61.79999923706055,61.77000045776367,61.77000045776367,470,0.0,0.0
2024-10-17 14:25:00-04:00,61.810001373291016,61.810001373291016,61.793701171875,61.793701171875,235,0.0,0.0
2024-10-17 14:26:00-04:00,61.790000915527344,61.79999923706055,61.779998779296875,61.79999923706055,1893,0.0,0.0
2024-10-17 14:27:00-04:00,61.810001373291016,61.810001373291016,61.810001373291016,61.810001373291016,158,0.0,0.0
2024-10-17 14:28:00-04:00,61.810001373291016,61.810001373291016,61.779998779296875,61.779998779296875,804,0.0,0.0
2024-10-17 14:29:00-04:00,61.77000045776367,61.77000045776367,61.77000045776367,61.77000045776367,624,0.0,0.0
2024-10-17 14:31:00-04:00,61.790000915527344,61.810001373291016,61.779998779296875,61.779998779296875,1096,0.0,0.0
2024-10-17 14:32:00-04:00,61.75,61.75,61.75,61.75,322,0.0,0.0
2024-10-17 14:34:00-04:00,61.790000915527344,61.790000915527344,61.790000915527344,61.790000915527344,504,0.0,0.0
2024-10-17 14:36:00-04:00,61.810001373291016,61.810001373291016,61.810001373291016,61.810001373291016,300,0.0,0.0
2024-10-17 14:37:00-04:00,61.83000183105469,61.83000183105469,61.83000183105469,61.83000183105469,391,0.0,0.0
2024-10-17 14:38:00-04:00,61.83000183105469,61.83000183105469,61.83000183105469,61.83000183105469,580,0.0,0.0
2024-10-17 14:39:00-04:00,61.83000183105469,61.83000183105469,61.83000183105469,61.83000183105469,222,0.0,0.0
2024-10-17 14:40:00-04:00,61.83000183105469,61.83000183105469,61.83000183105469,61.83000183105469,199,0.0,0.0
2024-10-17 14:41:00-04:00,61.79999923706055,61.79999923706055,61.79999923706055,61.79999923706055,413,0.0,0.0
2024-10-17 14:42:00-04:00,61.810001373291016,61.810001373291016,61.810001373291016,61.810001373291016,293,0.0,0.0
2024-10-17 14:43:00-04:00,61.80500030517578,61.86000061035156,61.79999923706055,61.86000061035156,5822,0.0,0.0
2024-10-17 14:44:00-04:00,61.834999084472656,61.86000061035156,61.82500076293945,61.82500076293945,1942,0.0,0.0
2024-10-17 14:45:00-04:00,61.84000015258789,61.849998474121094,61.81999969482422,61.81999969482422,917,0.0,0.0
2024-10-17 14:46:00-04:00,61.81999969482422,61.81999969482422,61.81999969482422,61.81999969482422,405,0.0,0.0
2024-10-17 14:48:00-04:00,61.83000183105469,61.83000183105469,61.81999969482422,61.81999969482422,408,0.0,0.0
2024-10-17 14:49:00-04:00,61.81999969482422,61.81999969482422,61.810001373291016,61.810001373291016,586,0.0,0.0
2024-10-17 14:50:00-04:00,61.779998779296875,61.79100036621094,61.779998779296875,61.79100036621094,446,0.0,0.0
2024-10-17 14:51:00-04:00,61.79999923706055,61.79999923706055,61.77000045776367,61.77000045776367,2531,0.0,0.0
2024-10-17 14:52:00-04:00,61.7599983215332,61.7599983215332,61.7599983215332,61.7599983215332,336,0.0,0.0
2024-10-17 14:53:00-04:00,61.77000045776367,61.779998779296875,61.77000045776367,61.779998779296875,667,0.0,0.0
2024-10-17 14:55:00-04:00,61.779998779296875,61.790000915527344,61.779998779296875,61.790000915527344,1966,0.0,0.0
2024-10-17 14:56:00-04:00,61.77000045776367,61.779998779296875,61.75,61.779998779296875,846,0.0,0.0
2024-10-17 14:57:00-04:00,61.75619888305664,61.7599983215332,61.7400016784668,61.7599983215332,2292,0.0,0.0
2024-10-17 14:59:00-04:00,61.77000045776367,61.77000045776367,61.77000045776367,61.77000045776367,786,0.0,0.0
2024-10-17 15:00:00-04:00,61.779998779296875,61.880001068115234,61.779998779296875,61.79999923706055,26668,0.0,0.0
2024-10-17 15:01:00-04:00,61.79999923706055,61.810001373291016,61.779998779296875,61.810001373291016,896,0.0,0.0
2024-10-17 15:03:00-04:00,61.77787399291992,61.77787399291992,61.77787399291992,61.77787399291992,271,0.0,0.0
2024-10-17 15:04:00-04:00,61.77000045776367,61.81999969482422,61.77000045776367,61.81999969482422,1057,0.0,0.0
2024-10-17 15:05:00-04:00,61.78499984741211,61.78499984741211,61.78499984741211,61.78499984741211,197,0.0,0.0
2024-10-17 15:06:00-04:00,61.779998779296875,61.779998779296875,61.7599983215332,61.7599983215332,1118,0.0,0.0
2024-10-17 15:07:00-04:00,61.762001037597656,61.77000045776367,61.762001037597656,61.77000045776367,354,0.0,0.0
2024-10-17 15:08:00-04:00,61.77000045776367,61.810001373291016,61.77000045776367,61.810001373291016,1348,0.0,0.0
2024-10-17 15:09:00-04:00,61.84000015258789,61.849998474121094,61.84000015258789,61.849998474121094,773,0.0,0.0
2024-10-17 15:10:00-04:00,61.849998474121094,61.849998474121094,61.849998474121094,61.849998474121094,733,0.0,0.0
2024-10-17 15:11:00-04:00,61.849998474121094,61.849998474121094,61.849998474121094,61.849998474121094,827,0.0,0.0
2024-10-17 15:12:00-04:00,61.85499954223633,61.85499954223633,61.85499954223633,61.85499954223633,594,0.0,0.0
2024-10-17 15:13:00-04:00,61.86000061035156,61.86000061035156,61.85499954223633,61.86000061035156,1374,0.0,0.0
2024-10-17 15:14:00-04:00,61.86000061035156,61.869998931884766,61.86000061035156,61.869998931884766,1618,0.0,0.0
2024-10-17 15:16:00-04:00,61.875,61.875,61.875,61.875,388,0.0,0.0
2024-10-17 15:17:00-04:00,61.869998931884766,61.869998931884766,61.83000183105469,61.84000015258789,1197,0.0,0.0
2024-10-17 15:18:00-04:00,61.83100128173828,61.869998931884766,61.83100128173828,61.869998931884766,472,0.0,0.0
2024-10-17 15:19:00-04:00,61.84000015258789,61.849998474121094,61.84000015258789,61.84000015258789,792,0.0,0.0
2024-10-17 15:20:00-04:00,61.84000015258789,61.86000061035156,61.84000015258789,61.85100173950195,1768,0.0,0.0
2024-10-17 15:21:00-04:00,61.849998474121094,61.849998474121094,61.849998474121094,61.849998474121094,821,0.0,0.0
2024-10-17 15:22:00-04:00,61.849998474121094,61.849998474121094,61.849998474121094,61.849998474121094,273,0.0,0.0
2024-10-17 15:23:00-04:00,61.83000183105469,61.849998474121094,61.83000183105469,61.849998474121094,1589,0.0,0.0
2024-10-17 15:24:00-04:00,61.849998474121094,61.869998931884766,61.849998474121094,61.849998474121094,1392,0.0,0.0
2024-10-17 15:25:00-04:00,61.8650016784668,61.8650016784668,61.8650016784668,61.8650016784668,200,0.0,0.0
2024-10-17 15:26:00-04:00,61.85100173950195,61.86000061035156,61.845001220703125,61.86000061035156,1906,0.0,0.0
2024-10-17 15:28:00-04:00,61.869998931884766,61.88999938964844,61.869998931884766,61.88999938964844,894,0.0,0.0
2024-10-17 15:29:00-04:00,61.90999984741211,61.915000915527344,61.88999938964844,61.900001525878906,2167,0.0,0.0
2024-10-17 15:30:00-04:00,61.89500045776367,61.89500045776367,61.88100051879883,61.88999938964844,853,0.0,0.0
2024-10-17 15:31:00-04:00,61.904998779296875,61.95000076293945,61.9010009765625,61.9010009765625,36977,0.0,0.0
2024-10-17 15:32:00-04:00,61.90299987792969,61.915000915527344,61.900001525878906,61.900001525878906,1013,0.0,0.0
2024-10-17 15:33:00-04:00,61.900001525878906,61.9010009765625,61.900001525878906,61.9010009765625,597,0.0,0.0
2024-10-17 15:35:00-04:00,61.90999984741211,61.90999984741211,61.869998931884766,61.87300109863281,1899,0.0,0.0
2024-10-17 15:36:00-04:00,61.869998931884766,61.8849983215332,61.85100173950195,61.8849983215332,837,0.0,0.0
2024-10-17 15:37:00-04:00,61.900001525878906,61.900001525878906,61.88999938964844,61.88999938964844,892,0.0,0.0
2024-10-17 15:38:00-04:00,61.88999938964844,61.930999755859375,61.88999938964844,61.930999755859375,2352,0.0,0.0
2024-10-17 15:39:00-04:00,61.939998626708984,61.939998626708984,61.91999816894531,61.91999816894531,1323,0.0,0.0
2024-10-17 15:40:00-04:00,61.91999816894531,61.939998626708984,61.90999984741211,61.939998626708984,1252,0.0,0.0
2024-10-17 15:41:00-04:00,61.93000030517578,61.93000030517578,61.93000030517578,61.93000030517578,270,0.0,0.0
2024-10-17 15:42:00-04:00,61.935001373291016,61.935001373291016,61.9010009765625,61.9010009765625,1132,0.0,0.0
2024-10-17 15:43:00-04:00,61.915000915527344,61.915000915527344,61.88999938964844,61.900001525878906,1785,0.0,0.0
2024-10-17 15:44:00-04:00,61.880001068115234,61.880001068115234,61.840999603271484,61.840999603271484,1197,0.0,0.0
2024-10-17 15:45:00-04:00,61.85499954223633,61.85499954223633,61.78499984741211,61.79999923706055,3194,0.0,0.0
2024-10-17 15:46:00-04:00,61.79999923706055,61.81999969482422,61.79999923706055,61.81999969482422,2069,0.0,0.0
2024-10-17 15:47:00-04:00,61.79999923706055,61.81999969482422,61.79999923706055,61.81999969482422,1518,0.0,0.0
2024-10-17 15:48:00-04:00,61.814998626708984,61.814998626708984,61.79999923706055,61.79999923706055,2142,0.0,0.0
2024-10-17 15:49:00-04:00,61.810001373291016,61.81999969482422,61.790000915527344,61.80099868774414,3624,0.0,0.0
2024-10-17 15:50:00-04:00,61.79999923706055,61.869998931884766,61.79999923706055,61.852500915527344,44073,0.0,0.0
2024-10-17 15:51:00-04:00,61.849998474121094,61.85499954223633,61.779998779296875,61.79999923706055,6961,0.0,0.0
2024-10-17 15:52:00-04:00,61.79999923706055,61.80500030517578,61.78499984741211,61.79999923706055,3100,0.0,0.0
2024-10-17 15:53:00-04:00,61.79999923706055,61.84000015258789,61.79100036621094,61.84000015258789,5834,0.0,0.0
2024-10-17 15:54:00-04:00,61.83000183105469,61.849998474121094,61.82500076293945,61.82500076293945,5362,0.0,0.0
2024-10-17 15:55:00-04:00,61.81999969482422,61.83000183105469,61.790000915527344,61.79999923706055,6042,0.0,0.0
2024-10-17 15:56:00-04:00,61.79100036621094,61.810001373291016,61.77000045776367,61.79999923706055,11718,0.0,0.0
2024-10-17 15:57:00-04:00,61.810001373291016,61.81999969482422,61.79499816894531,61.810001373291016,5307,0.0,0.0
2024-10-17 15:58:00-04:00,61.81999969482422,61.84000015258789,61.779998779296875,61.84000015258789,12259,0.0,0.0
2024-10-17 15:59:00-04:00,61.849998474121094,61.86000061035156,61.810001373291016,61.849998474121094,10876,0.0,0.0
2024-10-18 09:30:00-04:00,61.900001525878906,61.900001525878906,61.849998474121094,61.849998474121094,17037,0.0,0.0
2024-10-18 09:31:00-04:00,61.86000061035156,61.86000061035156,61.86000061035156,61.86000061035156,127,0.0,0.0
2024-10-18 09:33:00-04:00,61.720001220703125,61.720001220703125,61.470001220703125,61.5,1238,0.0,0.0
2024-10-18 09:36:00-04:00,61.459999084472656,61.459999084472656,61.459999084472656,61.459999084472656,270,0.0,0.0
2024-10-18 09:37:00-04:00,61.54499816894531,61.61000061035156,61.529998779296875,61.529998779296875,628,0.0,0.0
2024-10-18 09:38:00-04:00,61.58000183105469,61.650001525878906,61.58000183105469,61.650001525878906,1623,0.0,0.0
2024-10-18 09:39:00-04:00,61.650001525878906,61.650001525878906,61.650001525878906,61.650001525878906,123,0.0,0.0
2024-10-18 09:40:00-04:00,61.709999084472656,61.75,61.70000076293945,61.70000076293945,447,0.0,0.0
2024-10-18 09:42:00-04:00,61.685001373291016,61.685001373291016,61.685001373291016,61.685001373291016,690,0.0,0.0
2024-10-18 09:47:00-04:00,61.77000045776367,61.77000045776367,61.77000045776367,61.77000045776367,441,0.0,0.0
2024-10-18 09:49:00-04:00,61.88999938964844,61.88999938964844,61.79999923706055,61.79999923706055,982,0.0,0.0
2024-10-18 09:52:00-04:00,61.834999084472656,61.834999084472656,61.834999084472656,61.834999084472656,296,0.0,0.0
2024-10-18 09:54:00-04:00,61.834999084472656,61.834999084472656,61.834999084472656,61.834999084472656,190,0.0,0.0
2024-10-18 09:56:00-04:00,61.79999923706055,61.79999923706055,61.709999084472656,61.709999084472656,327,0.0,0.0
2024-10-18 09:57:00-04:00,61.79999923706055,61.79999923706055,61.79999923706055,61.79999923706055,456,0.0,0.0
2024-10-18 10:00:00-04:00,61.80500030517578,61.80500030517578,61.80500030517578,61.80500030517578,221,0.0,0.0
2024-10-18 10:01:00-04:00,61.80500030517578,61.81449890136719,61.80500030517578,61.81449890136719,521,0.0,0.0
2024-10-18 10:03:00-04:00,61.77000045776367,61.810001373291016,61.70000076293945,61.70000076293945,1764,0.0,0.0
2024-10-18 10:06:00-04:00,61.70000076293945,61.724998474121094,61.70000076293945,61.724998474121094,553,0.0,0.0
2024-10-18 10:07:00-04:00,61.70000076293945,61.70000076293945,61.689998626708984,61.689998626708984,561,0.0,0.0
2024-10-18 10:08:00-04:00,61.689998626708984,61.720001220703125,61.665000915527344,61.720001220703125,2564,0.0,0.0
2024-10-18 10:19:00-04:00,61.599998474121094,61.599998474121094,61.599998474121094,61.599998474121094,823,0.0,0.0
2024-10-18 10:23:00-04:00,61.630001068115234,61.630001068115234,61.630001068115234,61.630001068115234,498,0.0,0.0
2024-10-18 10:26:00-04:00,61.61000061035156,61.61000061035156,61.61000061035156,61.61000061035156,271,0.0,0.0
2024-10-18 10:27:00-04:00,61.61000061035156,61.61000061035156,61.61000061035156,61.61000061035156,609,0.0,0.0
2024-10-18 10:28:00-04:00,61.66999816894531,61.720001220703125,61.66999816894531,61.720001220703125,1742,0.0,0.0
2024-10-18 10:31:00-04:00,61.720001220703125,61.720001220703125,61.720001220703125,61.720001220703125,854,0.0,0.0
2024-10-18 10:36:00-04:00,61.70000076293945,61.70000076293945,61.70000076293945,61.70000076293945,370,0.0,0.0
2024-10-18 10:40:00-04:00,61.70000076293945,61.77000045776367,61.70000076293945,61.77000045776367,1443,0.0,0.0
2024-10-18 10:46:00-04:00,61.75,61.75,61.75,61.75,134,0.0,0.0
2024-10-18 10:47:00-04:00,61.70000076293945,61.70000076293945,61.70000076293945,61.70000076293945,1197,0.0,0.0
2024-10-18 10:51:00-04:00,61.7599983215332,61.77000045776367,61.7599983215332,61.77000045776367,523,0.0,0.0
2024-10-18 10:52:00-04:00,61.79999923706055,61.79999923706055,61.790000915527344,61.790000915527344,1145,0.0,0.0
2024-10-18 10:56:00-04:00,61.84000015258789,61.84000015258789,61.84000015258789,61.84000015258789,271,0.0,0.0
2024-10-18 10:59:00-04:00,61.93000030517578,61.95000076293945,61.917198181152344,61.917198181152344,1495,0.0,0.0
2024-10-18 11:00:00-04:00,61.90999984741211,61.90999984741211,61.880001068115234,61.880001068115234,508,0.0,0.0
2024-10-18 11:01:00-04:00,61.88999938964844,61.88999938964844,61.88999938964844,61.88999938964844,123,0.0,0.0
2024-10-18 11:02:00-04:00,61.900001525878906,61.900001525878906,61.880001068115234,61.880001068115234,815,0.0,0.0
2024-10-18 11:03:00-04:00,61.90999984741211,61.90999984741211,61.90999984741211,61.90999984741211,529,0.0,0.0
2024-10-18 11:05:00-04:00,61.939998626708984,61.959999084472656,61.939998626708984,61.959999084472656,268,0.0,0.0
2024-10-18 11:06:00-04:00,61.93000030517578,61.93000030517578,61.93000030517578,61.93000030517578,239,0.0,0.0
2024-10-18 11:07:00-04:00,61.959999084472656,61.959999084472656,61.959999084472656,61.959999084472656,443,0.0,0.0
2024-10-18 11:09:00-04:00,61.959999084472656,62.0,61.959999084472656,62.0,755,0.0,0.0
2024-10-18 11:11:00-04:00,61.97999954223633,61.97999954223633,61.97999954223633,61.97999954223633,371,0.0,0.0
2024-10-18 11:15:00-04:00,62.02000045776367,62.02000045776367,62.02000045776367,62.02000045776367,322,0.0,0.0
2024-10-18 11:16:00-04:00,62.0,62.0,62.0,62.0,970,0.0,0.0
2024-10-18 11:18:00-04:00,61.98500061035156,61.98500061035156,61.98500061035156,61.98500061035156,279,0.0,0.0
2024-10-18 11:19:00-04:00,61.98500061035156,62.029998779296875,61.98500061035156,62.02000045776367,1050,0.0,0.0
2024-10-18 11:23:00-04:00,62.025001525878906,62.025001525878906,62.025001525878906,62.025001525878906,2856,0.0,0.0
2024-10-18 11:25:00-04:00,62.0099983215332,62.0099983215332,62.0099983215332,62.0099983215332,683,0.0,0.0
2024-10-18 11:26:00-04:00,61.974998474121094,61.974998474121094,61.974998474121094,61.974998474121094,442,0.0,0.0
2024-10-18 11:27:00-04:00,62.0099983215332,62.0099983215332,61.97999954223633,61.97999954223633,714,0.0,0.0
2024-10-18 11:29:00-04:00,61.98500061035156,61.98500061035156,61.98500061035156,61.98500061035156,659,0.0,0.0
2024-10-18 11:33:00-04:00,61.95000076293945,61.95000076293945,61.95000076293945,61.95000076293945,550,0.0,0.0
2024-10-18 11:35:00-04:00,61.97999954223633,62.0,61.97999954223633,62.0,1244,0.0,0.0
2024-10-18 11:36:00-04:00,62.05500030517578,62.05500030517578,62.05500030517578,62.05500030517578,388,0.0,0.0
2024-10-18 11:39:00-04:00,62.084999084472656,62.084999084472656,62.084999084472656,62.084999084472656,215,0.0,0.0
2024-10-18 11:40:00-04:00,62.04999923706055,62.04999923706055,62.029998779296875,62.029998779296875,306,0.0,0.0
2024-10-18 11:41:00-04:00,62.029998779296875,62.029998779296875,62.029998779296875,62.029998779296875,822,0.0,0.0
2024-10-18 11:46:00-04:00,62.02000045776367,62.040000915527344,62.02000045776367,62.02790069580078,523,0.0,0.0
2024-10-18 11:49:00-04:00,61.9900016784668,61.9900016784668,61.9900016784668,61.9900016784668,391,0.0,0.0
2024-10-18 11:50:00-04:00,61.97999954223633,61.9900016784668,61.97999954223633,61.9900016784668,450,0.0,0.0
2024-10-18 11:51:00-04:00,61.9900016784668,61.9900016784668,61.93000030517578,61.95500183105469,549,0.0,0.0
2024-10-18 11:52:00-04:00,61.959999084472656,61.959999084472656,61.959999084472656,61.959999084472656,446,0.0,0.0
2024-10-18 11:56:00-04:00,61.944000244140625,61.944000244140625,61.944000244140625,61.944000244140625,329,0.0,0.0
2024-10-18 11:58:00-04:00,61.959999084472656,61.9900016784668,61.95500183105469,61.967498779296875,1068,0.0,0.0
2024-10-18 11:59:00-04:00,62.0,62.0099983215332,62.0,62.0099983215332,610,0.0,0.0
2024-10-18 12:00:00-04:00,62.0,62.0,62.0,62.0,498,0.0,0.0
2024-10-18 12:04:00-04:00,62.02000045776367,62.02000045776367,62.02000045776367,62.02000045776367,802,0.0,0.0
2024-10-18 12:12:00-04:00,62.03499984741211,62.03499984741211,62.03499984741211,62.03499984741211,333,0.0,0.0
2024-10-18 12:14:00-04:00,62.06999969482422,62.06999969482422,62.06999969482422,62.06999969482422,231,0.0,0.0
2024-10-18 12:15:00-04:00,62.06999969482422,62.06999969482422,62.06999969482422,62.06999969482422,152,0.0,0.0
2024-10-18 12:16:00-04:00,62.060001373291016,62.06999969482422,62.060001373291016,62.06999969482422,649,0.0,0.0
2024-10-18 12:17:00-04:00,62.04999923706055,62.04999923706055,62.04999923706055,62.04999923706055,260,0.0,0.0
2024-10-18 12:18:00-04:00,62.064998626708984,62.066001892089844,62.064998626708984,62.066001892089844,467,0.0,0.0
2024-10-18 12:19:00-04:00,62.064998626708984,62.064998626708984,62.064998626708984,62.064998626708984,155,0.0,0.0
2024-10-18 12:20:00-04:00,62.064998626708984,62.064998626708984,62.064998626708984,62.064998626708984,112,0.0,0.0
2024-10-18 12:21:00-04:00,62.064998626708984,62.064998626708984,62.064998626708984,62.064998626708984,111,0.0,0.0
2024-10-18 12:22:00-04:00,62.064998626708984,62.06999969482422,62.064998626708984,62.064998626708984,1151,0.0,0.0
2024-10-18 12:26:00-04:00,62.08000183105469,62.115299224853516,62.08000183105469,62.115299224853516,2211,0.0,0.0
2024-10-18 12:28:00-04:00,62.099998474121094,62.099998474121094,62.05139923095703,62.05139923095703,1535,0.0,0.0
2024-10-18 12:30:00-04:00,62.04999923706055,62.04999923706055,62.04999923706055,62.04999923706055,576,0.0,0.0
2024-10-18 12:34:00-04:00,62.029998779296875,62.029998779296875,62.029998779296875,62.029998779296875,156,0.0,0.0
2024-10-18 12:35:00-04:00,62.029998779296875,62.029998779296875,62.029998779296875,62.029998779296875,176,0.0,0.0
2024-10-18 12:36:00-04:00,62.0099983215332,62.0099983215332,62.0099983215332,62.0099983215332,405,0.0,0.0
2024-10-18 12:37:00-04:00,62.01639938354492,62.01639938354492,62.01639938354492,62.01639938354492,418,0.0,0.0
2024-10-18 12:39:00-04:00,62.040000915527344,62.040000915527344,62.040000915527344,62.040000915527344,326,0.0,0.0
2024-10-18 12:41:00-04:00,62.040000915527344,62.04499816894531,62.040000915527344,62.04499816894531,423,0.0,0.0
2024-10-18 12:42:00-04:00,62.04499816894531,62.04499816894531,62.04499816894531,62.04499816894531,305,0.0,0.0
2024-10-18 12:44:00-04:00,62.029998779296875,62.029998779296875,62.029998779296875,62.029998779296875,522,0.0,0.0
2024-10-18 12:46:00-04:00,62.0099983215332,62.0099983215332,62.0099983215332,62.0099983215332,235,0.0,0.0
2024-10-18 12:47:00-04:00,62.03459930419922,62.03459930419922,62.03459930419922,62.03459930419922,1225,0.0,0.0
2024-10-18 12:48:00-04:00,62.0099983215332,62.0099983215332,62.0,62.0,513,0.0,0.0
2024-10-18 12:49:00-04:00,61.97999954223633,61.97999954223633,61.959999084472656,61.959999084472656,479,0.0,0.0
2024-10-18 12:51:00-04:00,62.0099983215332,62.0099983215332,62.0099983215332,62.0099983215332,703,0.0,0.0
2024-10-18 12:54:00-04:00,62.029998779296875,62.040000915527344,62.029998779296875,62.040000915527344,1201,0.0,0.0
2024-10-18 13:00:00-04:00,62.02000045776367,62.02000045776367,62.02000045776367,62.02000045776367,458,0.0,0.0
2024-10-18 13:02:00-04:00,62.029998779296875,62.029998779296875,62.0099983215332,62.0099983215332,2513,0.0,0.0
2024-10-18 13:04:00-04:00,62.0099983215332,62.0099983215332,62.0099983215332,62.0099983215332,349,0.0,0.0
2024-10-18 13:09:00-04:00,61.98500061035156,61.98500061035156,61.98500061035156,61.98500061035156,128,0.0,0.0
2024-10-18 13:10:00-04:00,62.0099983215332,62.029998779296875,62.0099983215332,62.029998779296875,1138,0.0,0.0
2024-10-18 13:16:00-04:00,62.0099983215332,62.0099983215332,62.0099983215332,62.0099983215332,178,0.0,0.0
2024-10-18 13:17:00-04:00,62.0099983215332,62.01599884033203,62.0099983215332,62.01599884033203,473,0.0,0.0
2024-10-18 13:18:00-04:00,62.0,62.0,61.9900016784668,61.9900016784668,593,0.0,0.0
2024-10-18 13:20:00-04:00,61.97999954223633,61.97999954223633,61.97999954223633,61.97999954223633,268,0.0,0.0
2024-10-18 13:23:00-04:00,61.97999954223633,61.97999954223633,61.970001220703125,61.970001220703125,564,0.0,0.0
2024-10-18 13:25:00-04:00,61.97999954223633,61.97999954223633,61.97999954223633,61.97999954223633,718,0.0,0.0
2024-10-18 13:27:00-04:00,61.97999954223633,61.97999954223633,61.95000076293945,61.95000076293945,483,0.0,0.0
2024-10-18 13:28:00-04:00,61.90999984741211,61.90999984741211,61.880001068115234,61.880001068115234,740,0.0,0.0
2024-10-18 13:29:00-04:00,61.88999938964844,61.88999938964844,61.83000183105469,61.83000183105469,812,0.0,0.0
2024-10-18 13:34:00-04:00,61.849998474121094,61.849998474121094,61.779998779296875,61.790000915527344,2394,0.0,0.0
2024-10-18 13:36:00-04:00,61.81999969482422,61.81999969482422,61.810001373291016,61.810001373291016,337,0.0,0.0
2024-10-18 13:37:00-04:00,61.790000915527344,61.790000915527344,61.790000915527344,61.790000915527344,648,0.0,0.0
2024-10-18 13:39:00-04:00,61.83000183105469,61.83000183105469,61.790000915527344,61.790000915527344,1425,0.0,0.0
2024-10-18 13:40:00-04:00,61.77000045776367,61.77000045776367,61.70000076293945,61.724998474121094,5106,0.0,0.0
2024-10-18 13:41:00-04:00,61.75,61.75,61.7400016784668,61.7400016784668,6980,0.0,0.0
2024-10-18 13:42:00-04:00,61.75,61.75,61.7400016784668,61.7400016784668,15526,0.0,0.0
2024-10-18 13:43:00-04:00,61.72999954223633,61.72999954223633,61.69499969482422,61.69499969482422,709,0.0,0.0
2024-10-18 13:46:00-04:00,61.689998626708984,61.689998626708984,61.689998626708984,61.689998626708984,810,0.0,0.0
2024-10-18 13:49:00-04:00,61.63999938964844,61.654998779296875,61.63999938964844,61.654998779296875,572,0.0,0.0
2024-10-18 13:50:00-04:00,61.650001525878906,61.650001525878906,61.650001525878906,61.650001525878906,213,0.0,0.0
2024-10-18 13:51:00-04:00,61.68000030517578,61.68000030517578,61.68000030517578,61.68000030517578,1352,0.0,0.0
2024-10-18 13:58:00-04:00,61.65999984741211,61.65999984741211,61.65999984741211,61.65999984741211,339,0.0,0.0
2024-10-18 14:00:00-04:00,61.67499923706055,61.67499923706055,61.67499923706055,61.67499923706055,282,0.0,0.0
2024-10-18 14:01:00-04:00,61.65999984741211,61.65999984741211,61.65999984741211,61.65999984741211,558,0.0,0.0
2024-10-18 14:02:00-04:00,61.689998626708984,61.69499969482422,61.689998626708984,61.69499969482422,475,0.0,0.0
2024-10-18 14:03:00-04:00,61.709999084472656,61.720001220703125,61.709999084472656,61.709999084472656,1200,0.0,0.0
2024-10-18 14:04:00-04:00,61.70500183105469,61.709999084472656,61.70500183105469,61.709999084472656,1721,0.0,0.0
2024-10-18 14:05:00-04:00,61.70000076293945,61.70000076293945,61.70000076293945,61.70000076293945,884,0.0,0.0
2024-10-18 14:07:00-04:00,61.68000030517578,61.68000030517578,61.68000030517578,61.68000030517578,149,0.0,0.0
2024-10-18 14:08:00-04:00,61.68000030517578,61.689998626708984,61.68000030517578,61.689998626708984,714,0.0,0.0
2024-10-18 14:09:00-04:00,61.689998626708984,61.689998626708984,61.67499923706055,61.67499923706055,235,0.0,0.0
2024-10-18 14:10:00-04:00,61.68000030517578,61.68000030517578,61.68000030517578,61.68000030517578,312,0.0,0.0
2024-10-18 14:11:00-04:00,61.685001373291016,61.69990158081055,61.685001373291016,61.69990158081055,934,0.0,0.0
2024-10-18 14:15:00-04:00,61.70000076293945,61.70000076293945,61.69029998779297,61.69029998779297,718,0.0,0.0
2024-10-18 14:16:00-04:00,61.709999084472656,61.709999084472656,61.709999084472656,61.709999084472656,224,0.0,0.0
2024-10-18 14:17:00-04:00,61.71419906616211,61.71419906616211,61.71419906616211,61.71419906616211,123,0.0,0.0
2024-10-18 14:18:00-04:00,61.70000076293945,61.70000076293945,61.70000076293945,61.70000076293945,212,0.0,0.0
2024-10-18 14:19:00-04:00,61.70000076293945,61.70000076293945,61.70000076293945,61.70000076293945,190,0.0,0.0
2024-10-18 14:20:00-04:00,61.70000076293945,61.7400016784668,61.70000076293945,61.7400016784668,1440,0.0,0.0
2024-10-18 14:22:00-04:00,61.77000045776367,61.77000045776367,61.720001220703125,61.720001220703125,4532,0.0,0.0
2024-10-18 14:24:00-04:00,61.77000045776367,61.77000045776367,61.77000045776367,61.77000045776367,356,0.0,0.0
2024-10-18 14:25:00-04:00,61.7947998046875,61.7947998046875,61.7947998046875,61.7947998046875,389,0.0,0.0
2024-10-18 14:26:00-04:00,61.77000045776367,61.77000045776367,61.744998931884766,61.744998931884766,9329,0.0,0.0
2024-10-18 14:27:00-04:00,61.78499984741211,61.78919982910156,61.78499984741211,61.78919982910156,469,0.0,0.0
2024-10-18 14:29:00-04:00,61.779998779296875,61.814998626708984,61.779998779296875,61.814998626708984,1944,0.0,0.0
2024-10-18 14:31:00-04:00,61.81999969482422,61.83000183105469,61.81999969482422,61.829898834228516,1459,0.0,0.0
2024-10-18 14:33:00-04:00,61.83000183105469,61.83000183105469,61.75,61.7599983215332,1538,0.0,0.0
2024-10-18 14:35:00-04:00,61.7599983215332,61.7599983215332,61.7599983215332,61.7599983215332,672,0.0,0.0
2024-10-18 14:37:00-04:00,61.779998779296875,61.779998779296875,61.779998779296875,61.779998779296875,564,0.0,0.0
2024-10-18 14:39:00-04:00,61.7599983215332,61.77000045776367,61.75,61.77000045776367,3272,0.0,0.0
2024-10-18 14:40:00-04:00,61.7599983215332,61.779998779296875,61.7599983215332,61.779998779296875,1227,0.0,0.0
2024-10-18 14:46:00-04:00,61.77000045776367,61.77000045776367,61.77000045776367,61.77000045776367,401,0.0,0.0
2024-10-18 14:48:00-04:00,61.779998779296875,61.779998779296875,61.779998779296875,61.779998779296875,335,0.0,0.0
2024-10-18 14:50:00-04:00,61.775001525878906,61.775001525878906,61.775001525878906,61.775001525878906,568,0.0,0.0
2024-10-18 14:53:00-04:00,61.77000045776367,61.77000045776367,61.7599983215332,61.7599983215332,466,0.0,0.0
2024-10-18 14:54:00-04:00,61.7599983215332,61.7599983215332,61.7400016784668,61.755001068115234,1326,0.0,0.0
2024-10-18 14:55:00-04:00,61.77000045776367,61.77000045776367,61.77000045776367,61.77000045776367,262,0.0,0.0
2024-10-18 14:58:00-04:00,61.7400016784668,61.7400016784668,61.7400016784668,61.7400016784668,641,0.0,0.0
2024-10-18 15:00:00-04:00,61.75,61.75,61.7400016784668,61.7400016784668,1163,0.0,0.0
2024-10-18 15:01:00-04:00,61.72999954223633,61.7400016784668,61.720001220703125,61.73500061035156,1235,0.0,0.0
2024-10-18 15:03:00-04:00,61.75,61.755001068115234,61.75,61.755001068115234,1062,0.0,0.0
2024-10-18 15:06:00-04:00,61.779998779296875,61.779998779296875,61.7400016784668,61.75,1899,0.0,0.0
2024-10-18 15:08:00-04:00,61.720001220703125,61.720001220703125,61.709999084472656,61.709999084472656,327,0.0,0.0
2024-10-18 15:09:00-04:00,61.689998626708984,61.689998626708984,61.689998626708984,61.689998626708984,866,0.0,0.0
2024-10-18 15:11:00-04:00,61.65999984741211,61.65999984741211,61.650001525878906,61.650001525878906,824,0.0,0.0
2024-10-18 15:13:00-04:00,61.64500045776367,61.64500045776367,61.64500045776367,61.64500045776367,211,0.0,0.0
2024-10-18 15:14:00-04:00,61.619998931884766,61.619998931884766,61.599998474121094,61.599998474121094,662,0.0,0.0
2024-10-18 15:15:00-04:00,61.63999938964844,61.63999938964844,61.63999938964844,61.63999938964844,1187,0.0,0.0
2024-10-18 15:17:00-04:00,61.619998931884766,61.619998931884766,61.61140060424805,61.61140060424805,1058,0.0,0.0
2024-10-18 15:19:00-04:00,61.59550094604492,61.59550094604492,61.56999969482422,61.56999969482422,732,0.0,0.0
2024-10-18 15:20:00-04:00,61.59000015258789,61.599998474121094,61.59000015258789,61.5984992980957,1074,0.0,0.0
2024-10-18 15:21:00-04:00,61.599998474121094,61.599998474121094,61.599998474121094,61.599998474121094,918,0.0,0.0
2024-10-18 15:22:00-04:00,61.619998931884766,61.630001068115234,61.619998931884766,61.630001068115234,751,0.0,0.0
2024-10-18 15:24:00-04:00,61.630001068115234,61.630001068115234,61.61000061035156,61.61000061035156,1249,0.0,0.0
2024-10-18 15:26:00-04:00,61.59000015258789,61.59000015258789,61.59000015258789,61.59000015258789,482,0.0,0.0
2024-10-18 15:28:00-04:00,61.599998474121094,61.63999938964844,61.59000015258789,61.619998931884766,1524,0.0,0.0
2024-10-18 15:29:00-04:00,61.63999938964844,61.650001525878906,61.63999938964844,61.650001525878906,709,0.0,0.0
2024-10-18 15:30:00-04:00,61.65999984741211,61.65999984741211,61.6599006652832,61.65999984741211,1039,0.0,0.0
2024-10-18 15:31:00-04:00,61.66999816894531,61.66999816894531,61.65999984741211,61.65999984741211,952,0.0,0.0
2024-10-18 15:32:00-04:00,61.66999816894531,61.66999816894531,61.65999984741211,61.65999984741211,859,0.0,0.0
2024-10-18 15:34:00-04:00,61.66999816894531,61.70000076293945,61.66999816894531,61.70000076293945,1192,0.0,0.0
2024-10-18 15:35:00-04:00,61.709999084472656,61.709999084472656,61.709999084472656,61.709999084472656,1027,0.0,0.0
2024-10-18 15:36:00-04:00,61.689998626708984,61.689998626708984,61.689998626708984,61.689998626708984,1803,0.0,0.0
2024-10-18 15:38:00-04:00,61.70000076293945,61.709999084472656,61.70000076293945,61.709999084472656,742,0.0,0.0
2024-10-18 15:39:00-04:00,61.720001220703125,61.720001220703125,61.70000076293945,61.70000076293945,973,0.0,0.0
2024-10-18 15:40:00-04:00,61.689998626708984,61.689998626708984,61.689998626708984,61.689998626708984,927,0.0,0.0
2024-10-18 15:41:00-04:00,61.689998626708984,61.689998626708984,61.689998626708984,61.689998626708984,494,0.0,0.0
2024-10-18 15:42:00-04:00,61.689998626708984,61.70000076293945,61.66999816894531,61.66999816894531,1613,0.0,0.0
2024-10-18 15:43:00-04:00,61.68000030517578,61.68000030517578,61.66999816894531,61.67499923706055,977,0.0,0.0
2024-10-18 15:44:00-04:00,61.66999816894531,61.67499923706055,61.65999984741211,61.65999984741211,1077,0.0,0.0
2024-10-18 15:45:00-04:00,61.68000030517578,61.68000030517578,61.68000030517578,61.68000030517578,1325,0.0,0.0
2024-10-18 15:46:00-04:00,61.68000030517578,61.68000030517578,61.68000030517578,61.68000030517578,195,0.0,0.0
2024-10-18 15:47:00-04:00,61.68000030517578,61.720001220703125,61.68000030517578,61.720001220703125,3667,0.0,0.0
2024-10-18 15:48:00-04:00,61.720001220703125,61.720001220703125,61.709999084472656,61.709999084472656,616,0.0,0.0
2024-10-18 15:49:00-04:00,61.709999084472656,61.720001220703125,61.70000076293945,61.709999084472656,2966,0.0,0.0
2024-10-18 15:50:00-04:00,61.709999084472656,61.7599983215332,61.689998626708984,61.7599983215332,5417,0.0,0.0
2024-10-18 15:51:00-04:00,61.75,61.75,61.72999954223633,61.7400016784668,2592,0.0,0.0
2024-10-18 15:52:00-04:00,61.7400016784668,61.7400016784668,61.709999084472656,61.709999084472656,4554,0.0,0.0
2024-10-18 15:53:00-04:00,61.720001220703125,61.7400016784668,61.709999084472656,61.720001220703125,2463,0.0,0.0
2024-10-18 15:54:00-04:00,61.720001220703125,61.755001068115234,61.709999084472656,61.755001068115234,4949,0.0,0.0
2024-10-18 15:55:00-04:00,61.75,61.77000045776367,61.709999084472656,61.75,6607,0.0,0.0
2024-10-18 15:56:00-04:00,61.7599983215332,61.7599983215332,61.72999954223633,61.7400016784668,5523,0.0,0.0
2024-10-18 15:57:00-04:00,61.75,61.75,61.72999954223633,61.7400016784668,8129,0.0,0.0
2024-10-18 15:58:00-04:00,61.7400016784668,61.7400016784668,61.709999084472656,61.72999954223633,7725,0.0,0.0
2024-10-18 15:59:00-04:00,61.7400016784668,61.7400016784668,61.709999084472656,61.7400016784668,16211,0.0,0.0
