Datetime,Open,High,Low,Close,Volume,Dividends,Stock Splits
2024-06-21 09:00:00+09:00,5416.0,5445.0,5404.0,5408.0,272600,0.0,0.0
2024-06-21 09:05:00+09:00,5410.0,5413.0,5391.0,5412.0,77300,0.0,0.0
2024-06-21 09:10:00+09:00,5414.0,5432.0,5410.0,5417.0,64800,0.0,0.0
2024-06-21 09:15:00+09:00,5417.0,5431.0,5411.0,5431.0,48200,0.0,0.0
2024-06-21 09:20:00+09:00,5431.0,5442.0,5429.0,5435.0,50400,0.0,0.0
2024-06-21 09:25:00+09:00,5435.0,5446.0,5423.0,5438.0,54800,0.0,0.0
2024-06-21 09:30:00+09:00,5436.0,5463.0,5436.0,5458.0,40400,0.0,0.0
2024-06-21 09:35:00+09:00,5460.0,5462.0,5439.0,5442.0,25700,0.0,0.0
2024-06-21 09:40:00+09:00,5441.0,5441.0,5424.0,5427.0,25900,0.0,0.0
2024-06-21 09:45:00+09:00,5427.0,5431.0,5422.0,5422.0,14100,0.0,0.0
2024-06-21 09:50:00+09:00,5424.0,5424.0,5415.0,5421.0,22700,0.0,0.0
2024-06-21 09:55:00+09:00,5421.0,5437.0,5421.0,5433.0,17200,0.0,0.0
2024-06-21 10:00:00+09:00,5433.0,5442.0,5424.0,5424.0,18300,0.0,0.0
2024-06-21 10:05:00+09:00,5424.0,5428.0,5415.0,5424.0,14500,0.0,0.0
2024-06-21 10:10:00+09:00,5425.0,5427.0,5416.0,5419.0,14900,0.0,0.0
2024-06-21 10:15:00+09:00,5418.0,5424.0,5412.0,5419.0,17500,0.0,0.0
2024-06-21 10:20:00+09:00,5418.0,5418.0,5406.0,5410.0,18000,0.0,0.0
2024-06-21 10:25:00+09:00,5411.0,5412.0,5402.0,5412.0,11000,0.0,0.0
2024-06-21 10:30:00+09:00,5411.0,5411.0,5401.0,5404.0,13900,0.0,0.0
2024-06-21 10:35:00+09:00,5405.0,5414.0,5404.0,5414.0,11200,0.0,0.0
2024-06-21 10:40:00+09:00,5415.0,5427.0,5414.0,5423.0,16000,0.0,0.0
2024-06-21 10:45:00+09:00,5424.0,5427.0,5406.0,5408.0,20900,0.0,0.0
2024-06-21 10:50:00+09:00,5408.0,5412.0,5407.0,5412.0,11900,0.0,0.0
2024-06-21 10:55:00+09:00,5413.0,5413.0,5406.0,5412.0,12700,0.0,0.0
2024-06-21 11:00:00+09:00,5412.0,5421.0,5412.0,5418.0,13800,0.0,0.0
2024-06-21 11:05:00+09:00,5417.0,5418.0,5410.0,5415.0,15400,0.0,0.0
2024-06-21 11:10:00+09:00,5416.0,5421.0,5415.0,5419.0,11800,0.0,0.0
2024-06-21 11:15:00+09:00,5418.0,5419.0,5409.0,5415.0,20200,0.0,0.0
2024-06-21 11:20:00+09:00,5414.0,5415.0,5407.0,5411.0,13100,0.0,0.0
2024-06-21 11:25:00+09:00,5410.0,5418.0,5408.0,5414.0,13400,0.0,0.0
2024-06-21 11:30:00+09:00,5413.0,5413.0,5413.0,5413.0,20100,0.0,0.0
2024-06-21 11:35:00+09:00,5413.0,5413.0,5413.0,5413.0,0,0.0,0.0
2024-06-21 12:30:00+09:00,5407.0,5414.0,5380.0,5382.0,1092000,0.0,0.0
2024-06-21 12:35:00+09:00,5382.0,5387.0,5378.0,5380.0,28200,0.0,0.0
2024-06-21 12:40:00+09:00,5380.0,5384.0,5372.0,5377.0,27500,0.0,0.0
2024-06-21 12:45:00+09:00,5377.0,5387.0,5376.0,5387.0,16500,0.0,0.0
2024-06-21 12:50:00+09:00,5387.0,5397.0,5385.0,5396.0,23300,0.0,0.0
2024-06-21 12:55:00+09:00,5397.0,5400.0,5395.0,5400.0,15000,0.0,0.0
2024-06-21 13:00:00+09:00,5398.0,5402.0,5398.0,5399.0,9500,0.0,0.0
2024-06-21 13:05:00+09:00,5400.0,5402.0,5399.0,5401.0,9600,0.0,0.0
2024-06-21 13:10:00+09:00,5401.0,5412.0,5401.0,5411.0,19200,0.0,0.0
2024-06-21 13:15:00+09:00,5412.0,5420.0,5407.0,5416.0,28100,0.0,0.0
2024-06-21 13:20:00+09:00,5418.0,5421.0,5417.0,5421.0,13100,0.0,0.0
2024-06-21 13:25:00+09:00,5421.0,5427.0,5421.0,5425.0,20000,0.0,0.0
2024-06-21 13:30:00+09:00,5425.0,5433.0,5424.0,5432.0,38200,0.0,0.0
2024-06-21 13:35:00+09:00,5433.0,5433.0,5424.0,5428.0,16500,0.0,0.0
2024-06-21 13:40:00+09:00,5428.0,5430.0,5425.0,5425.0,12500,0.0,0.0
2024-06-21 13:45:00+09:00,5425.0,5425.0,5408.0,5418.0,42200,0.0,0.0
2024-06-21 13:50:00+09:00,5419.0,5423.0,5419.0,5421.0,13200,0.0,0.0
2024-06-21 13:55:00+09:00,5422.0,5427.0,5421.0,5427.0,10500,0.0,0.0
2024-06-21 14:00:00+09:00,5427.0,5434.0,5426.0,5431.0,29700,0.0,0.0
2024-06-21 14:05:00+09:00,5430.0,5432.0,5429.0,5431.0,10400,0.0,0.0
2024-06-21 14:10:00+09:00,5431.0,5434.0,5421.0,5423.0,16200,0.0,0.0
2024-06-21 14:15:00+09:00,5423.0,5426.0,5421.0,5423.0,15900,0.0,0.0
2024-06-21 14:20:00+09:00,5422.0,5427.0,5422.0,5426.0,13000,0.0,0.0
2024-06-21 14:25:00+09:00,5426.0,5426.0,5423.0,5425.0,12800,0.0,0.0
2024-06-21 14:30:00+09:00,5424.0,5426.0,5420.0,5424.0,20400,0.0,0.0
2024-06-21 14:35:00+09:00,5423.0,5424.0,5412.0,5416.0,34700,0.0,0.0
2024-06-21 14:40:00+09:00,5417.0,5428.0,5416.0,5428.0,21000,0.0,0.0
2024-06-21 14:45:00+09:00,5427.0,5432.0,5422.0,5431.0,45900,0.0,0.0
2024-06-21 14:50:00+09:00,5432.0,5436.0,5428.0,5430.0,57700,0.0,0.0
2024-06-21 14:55:00+09:00,5431.0,5455.0,5429.0,5448.0,182500,0.0,0.0
2024-06-24 09:00:00+09:00,5486.0,5486.0,5442.0,5458.0,0,0.0,0.0
2024-06-24 09:05:00+09:00,5459.0,5473.0,5446.0,5453.0,59700,0.0,0.0
2024-06-24 09:10:00+09:00,5453.0,5470.0,5442.0,5460.0,69400,0.0,0.0
2024-06-24 09:15:00+09:00,5461.0,5474.0,5461.0,5472.0,40400,0.0,0.0
2024-06-24 09:20:00+09:00,5472.0,5482.0,5465.0,5466.0,90100,0.0,0.0
2024-06-24 09:25:00+09:00,5466.0,5471.0,5456.0,5459.0,38200,0.0,0.0
2024-06-24 09:30:00+09:00,5459.0,5479.0,5459.0,5474.0,33600,0.0,0.0
2024-06-24 09:35:00+09:00,5475.0,5491.0,5470.0,5476.0,77100,0.0,0.0
2024-06-24 09:40:00+09:00,5476.0,5481.0,5476.0,5481.0,14500,0.0,0.0
2024-06-24 09:45:00+09:00,5481.0,5493.0,5481.0,5489.0,31500,0.0,0.0
2024-06-24 09:50:00+09:00,5487.0,5507.0,5483.0,5499.0,99300,0.0,0.0
2024-06-24 09:55:00+09:00,5498.0,5498.0,5475.0,5481.0,54800,0.0,0.0
2024-06-24 10:00:00+09:00,5481.0,5481.0,5468.0,5475.0,37100,0.0,0.0
2024-06-24 10:05:00+09:00,5474.0,5476.0,5465.0,5465.0,19800,0.0,0.0
2024-06-24 10:10:00+09:00,5466.0,5466.0,5437.0,5444.0,31600,0.0,0.0
2024-06-24 10:15:00+09:00,5442.0,5445.0,5435.0,5442.0,26100,0.0,0.0
2024-06-24 10:20:00+09:00,5441.0,5456.0,5439.0,5456.0,23600,0.0,0.0
2024-06-24 10:25:00+09:00,5456.0,5460.0,5450.0,5460.0,34700,0.0,0.0
2024-06-24 10:30:00+09:00,5460.0,5466.0,5457.0,5457.0,16200,0.0,0.0
2024-06-24 10:35:00+09:00,5457.0,5457.0,5451.0,5457.0,13200,0.0,0.0
2024-06-24 10:40:00+09:00,5456.0,5459.0,5455.0,5459.0,15200,0.0,0.0
2024-06-24 10:45:00+09:00,5459.0,5465.0,5459.0,5465.0,16300,0.0,0.0
2024-06-24 10:50:00+09:00,5465.0,5479.0,5465.0,5474.0,17800,0.0,0.0
2024-06-24 10:55:00+09:00,5475.0,5480.0,5475.0,5478.0,17500,0.0,0.0
2024-06-24 11:00:00+09:00,5479.0,5484.0,5477.0,5481.0,19900,0.0,0.0
2024-06-24 11:05:00+09:00,5481.0,5482.0,5475.0,5475.0,12800,0.0,0.0
2024-06-24 11:10:00+09:00,5474.0,5474.0,5455.0,5455.0,21900,0.0,0.0
2024-06-24 11:15:00+09:00,5457.0,5459.0,5454.0,5454.0,14900,0.0,0.0
2024-06-24 11:20:00+09:00,5452.0,5455.0,5444.0,5452.0,34900,0.0,0.0
2024-06-24 11:25:00+09:00,5451.0,5456.0,5444.0,5444.0,13300,0.0,0.0
2024-06-24 11:30:00+09:00,5444.0,5444.0,5443.0,5443.0,1600,0.0,0.0
2024-06-24 11:35:00+09:00,5443.0,5443.0,5443.0,5443.0,0,0.0,0.0
2024-06-24 12:30:00+09:00,5472.0,5472.0,5444.0,5446.0,1326600,0.0,0.0
2024-06-24 12:35:00+09:00,5448.0,5464.0,5445.0,5462.0,30200,0.0,0.0
2024-06-24 12:40:00+09:00,5462.0,5473.0,5461.0,5473.0,26100,0.0,0.0
2024-06-24 12:45:00+09:00,5472.0,5474.0,5468.0,5471.0,16800,0.0,0.0
2024-06-24 12:50:00+09:00,5471.0,5477.0,5463.0,5467.0,53300,0.0,0.0
2024-06-24 12:55:00+09:00,5468.0,5478.0,5464.0,5477.0,20500,0.0,0.0
2024-06-24 13:00:00+09:00,5479.0,5480.0,5471.0,5473.0,19800,0.0,0.0
2024-06-24 13:05:00+09:00,5473.0,5477.0,5473.0,5476.0,17600,0.0,0.0
2024-06-24 13:10:00+09:00,5475.0,5489.0,5474.0,5489.0,40300,0.0,0.0
2024-06-24 13:15:00+09:00,5489.0,5494.0,5483.0,5487.0,33900,0.0,0.0
2024-06-24 13:20:00+09:00,5485.0,5491.0,5484.0,5486.0,17400,0.0,0.0
2024-06-24 13:25:00+09:00,5487.0,5488.0,5482.0,5485.0,28900,0.0,0.0
2024-06-24 13:30:00+09:00,5485.0,5489.0,5485.0,5489.0,9100,0.0,0.0
2024-06-24 13:35:00+09:00,5489.0,5491.0,5485.0,5490.0,31900,0.0,0.0
2024-06-24 13:40:00+09:00,5490.0,5494.0,5489.0,5489.0,19300,0.0,0.0
2024-06-24 13:45:00+09:00,5488.0,5493.0,5487.0,5487.0,19800,0.0,0.0
2024-06-24 13:50:00+09:00,5489.0,5489.0,5485.0,5487.0,15500,0.0,0.0
2024-06-24 13:55:00+09:00,5487.0,5490.0,5486.0,5488.0,15200,0.0,0.0
2024-06-24 14:00:00+09:00,5488.0,5493.0,5488.0,5488.0,20900,0.0,0.0
2024-06-24 14:05:00+09:00,5488.0,5492.0,5488.0,5492.0,30000,0.0,0.0
2024-06-24 14:10:00+09:00,5492.0,5493.0,5488.0,5488.0,14200,0.0,0.0
2024-06-24 14:15:00+09:00,5488.0,5489.0,5485.0,5489.0,18000,0.0,0.0
2024-06-24 14:20:00+09:00,5488.0,5489.0,5485.0,5487.0,15000,0.0,0.0
2024-06-24 14:25:00+09:00,5488.0,5489.0,5481.0,5481.0,13400,0.0,0.0
2024-06-24 14:30:00+09:00,5481.0,5484.0,5477.0,5481.0,35700,0.0,0.0
2024-06-24 14:35:00+09:00,5480.0,5483.0,5476.0,5476.0,27900,0.0,0.0
2024-06-24 14:40:00+09:00,5475.0,5481.0,5473.0,5479.0,26200,0.0,0.0
2024-06-24 14:45:00+09:00,5479.0,5481.0,5472.0,5472.0,33600,0.0,0.0
2024-06-24 14:50:00+09:00,5472.0,5475.0,5469.0,5472.0,80800,0.0,0.0
2024-06-24 14:55:00+09:00,5471.0,5475.0,5440.0,5440.0,252300,0.0,0.0
2024-06-25 09:00:00+09:00,5540.0,5560.0,5500.0,5555.0,389900,0.0,0.0
2024-06-25 09:05:00+09:00,5556.0,5585.0,5553.0,5577.0,145400,0.0,0.0
2024-06-25 09:10:00+09:00,5578.0,5605.0,5561.0,5563.0,188300,0.0,0.0
2024-06-25 09:15:00+09:00,5564.0,5579.0,5546.0,5558.0,59900,0.0,0.0
2024-06-25 09:20:00+09:00,5557.0,5562.0,5530.0,5544.0,59300,0.0,0.0
2024-06-25 09:25:00+09:00,5543.0,5550.0,5532.0,5538.0,43200,0.0,0.0
2024-06-25 09:30:00+09:00,5537.0,5554.0,5537.0,5553.0,32600,0.0,0.0
2024-06-25 09:35:00+09:00,5553.0,5562.0,5551.0,5554.0,35500,0.0,0.0
2024-06-25 09:40:00+09:00,5553.0,5557.0,5544.0,5551.0,22100,0.0,0.0
2024-06-25 09:45:00+09:00,5550.0,5563.0,5541.0,5556.0,64700,0.0,0.0
2024-06-25 09:50:00+09:00,5555.0,5571.0,5555.0,5567.0,35500,0.0,0.0
2024-06-25 09:55:00+09:00,5567.0,5571.0,5538.0,5549.0,46000,0.0,0.0
2024-06-25 10:00:00+09:00,5550.0,5550.0,5535.0,5537.0,18900,0.0,0.0
2024-06-25 10:05:00+09:00,5537.0,5545.0,5528.0,5545.0,20500,0.0,0.0
2024-06-25 10:10:00+09:00,5544.0,5552.0,5542.0,5548.0,17000,0.0,0.0
2024-06-25 10:15:00+09:00,5548.0,5556.0,5548.0,5552.0,16900,0.0,0.0
2024-06-25 10:20:00+09:00,5553.0,5560.0,5549.0,5549.0,30000,0.0,0.0
2024-06-25 10:25:00+09:00,5549.0,5572.0,5548.0,5564.0,23900,0.0,0.0
2024-06-25 10:30:00+09:00,5565.0,5574.0,5563.0,5563.0,27600,0.0,0.0
2024-06-25 10:35:00+09:00,5564.0,5569.0,5556.0,5568.0,20100,0.0,0.0
2024-06-25 10:40:00+09:00,5569.0,5571.0,5564.0,5565.0,14800,0.0,0.0
2024-06-25 10:45:00+09:00,5566.0,5569.0,5561.0,5568.0,19800,0.0,0.0
2024-06-25 10:50:00+09:00,5569.0,5572.0,5556.0,5565.0,24000,0.0,0.0
2024-06-25 10:55:00+09:00,5565.0,5570.0,5564.0,5567.0,18400,0.0,0.0
2024-06-25 11:00:00+09:00,5566.0,5574.0,5566.0,5572.0,18900,0.0,0.0
2024-06-25 11:05:00+09:00,5572.0,5573.0,5567.0,5570.0,13600,0.0,0.0
2024-06-25 11:10:00+09:00,5571.0,5571.0,5557.0,5561.0,22000,0.0,0.0
2024-06-25 11:15:00+09:00,5564.0,5574.0,5564.0,5570.0,15400,0.0,0.0
2024-06-25 11:20:00+09:00,5569.0,5570.0,5566.0,5568.0,14300,0.0,0.0
2024-06-25 11:25:00+09:00,5569.0,5576.0,5569.0,5575.0,17800,0.0,0.0
2024-06-25 11:30:00+09:00,5575.0,5575.0,5575.0,5575.0,1400,0.0,0.0
2024-06-25 11:35:00+09:00,5575.0,5575.0,5575.0,5575.0,0,0.0,0.0
2024-06-25 12:30:00+09:00,5580.0,5589.0,5577.0,5578.0,1558300,0.0,0.0
2024-06-25 12:35:00+09:00,5579.0,5587.0,5567.0,5568.0,53800,0.0,0.0
2024-06-25 12:40:00+09:00,5568.0,5579.0,5568.0,5579.0,17000,0.0,0.0
2024-06-25 12:45:00+09:00,5580.0,5583.0,5577.0,5580.0,25700,0.0,0.0
2024-06-25 12:50:00+09:00,5581.0,5590.0,5580.0,5590.0,28700,0.0,0.0
2024-06-25 12:55:00+09:00,5591.0,5591.0,5575.0,5578.0,19700,0.0,0.0
2024-06-25 13:00:00+09:00,5577.0,5580.0,5564.0,5566.0,28100,0.0,0.0
2024-06-25 13:05:00+09:00,5566.0,5570.0,5564.0,5568.0,8900,0.0,0.0
2024-06-25 13:10:00+09:00,5568.0,5569.0,5565.0,5566.0,13400,0.0,0.0
2024-06-25 13:15:00+09:00,5565.0,5566.0,5556.0,5558.0,15900,0.0,0.0
2024-06-25 13:20:00+09:00,5559.0,5564.0,5556.0,5556.0,12300,0.0,0.0
2024-06-25 13:25:00+09:00,5559.0,5559.0,5546.0,5547.0,22100,0.0,0.0
2024-06-25 13:30:00+09:00,5548.0,5550.0,5536.0,5540.0,17400,0.0,0.0
2024-06-25 13:35:00+09:00,5541.0,5548.0,5539.0,5545.0,11100,0.0,0.0
2024-06-25 13:40:00+09:00,5545.0,5554.0,5545.0,5550.0,16700,0.0,0.0
2024-06-25 13:45:00+09:00,5551.0,5551.0,5544.0,5549.0,15800,0.0,0.0
2024-06-25 13:50:00+09:00,5548.0,5559.0,5548.0,5558.0,28800,0.0,0.0
2024-06-25 13:55:00+09:00,5558.0,5567.0,5558.0,5566.0,21300,0.0,0.0
2024-06-25 14:00:00+09:00,5565.0,5566.0,5561.0,5561.0,18500,0.0,0.0
2024-06-25 14:05:00+09:00,5563.0,5566.0,5558.0,5563.0,49900,0.0,0.0
2024-06-25 14:10:00+09:00,5561.0,5566.0,5560.0,5565.0,15800,0.0,0.0
2024-06-25 14:15:00+09:00,5565.0,5566.0,5556.0,5558.0,58700,0.0,0.0
2024-06-25 14:20:00+09:00,5558.0,5559.0,5548.0,5555.0,24900,0.0,0.0
2024-06-25 14:25:00+09:00,5555.0,5564.0,5555.0,5564.0,21400,0.0,0.0
2024-06-25 14:30:00+09:00,5564.0,5567.0,5562.0,5567.0,34200,0.0,0.0
2024-06-25 14:35:00+09:00,5566.0,5574.0,5562.0,5571.0,27200,0.0,0.0
2024-06-25 14:40:00+09:00,5572.0,5579.0,5571.0,5578.0,24600,0.0,0.0
2024-06-25 14:45:00+09:00,5580.0,5583.0,5574.0,5579.0,58600,0.0,0.0
2024-06-25 14:50:00+09:00,5578.0,5586.0,5576.0,5581.0,57100,0.0,0.0
2024-06-25 14:55:00+09:00,5581.0,5584.0,5559.0,5562.0,136400,0.0,0.0
2024-06-26 09:00:00+09:00,5643.0,5665.0,5609.0,5625.0,332200,0.0,0.0
2024-06-26 09:05:00+09:00,5626.0,5664.0,5621.0,5656.0,76200,0.0,0.0
2024-06-26 09:10:00+09:00,5658.0,5669.0,5639.0,5646.0,45300,0.0,0.0
2024-06-26 09:15:00+09:00,5643.0,5679.0,5635.0,5673.0,56600,0.0,0.0
2024-06-26 09:20:00+09:00,5673.0,5680.0,5663.0,5665.0,42900,0.0,0.0
2024-06-26 09:25:00+09:00,5665.0,5672.0,5664.0,5666.0,19200,0.0,0.0
2024-06-26 09:30:00+09:00,5665.0,5665.0,5653.0,5659.0,24200,0.0,0.0
2024-06-26 09:35:00+09:00,5660.0,5669.0,5659.0,5659.0,19700,0.0,0.0
2024-06-26 09:40:00+09:00,5661.0,5664.0,5655.0,5662.0,30700,0.0,0.0
2024-06-26 09:45:00+09:00,5661.0,5667.0,5655.0,5663.0,23500,0.0,0.0
2024-06-26 09:50:00+09:00,5662.0,5663.0,5655.0,5662.0,32200,0.0,0.0
2024-06-26 09:55:00+09:00,5662.0,5675.0,5662.0,5669.0,31300,0.0,0.0
2024-06-26 10:00:00+09:00,5668.0,5668.0,5653.0,5657.0,19000,0.0,0.0
2024-06-26 10:05:00+09:00,5655.0,5660.0,5654.0,5659.0,14500,0.0,0.0
2024-06-26 10:10:00+09:00,5659.0,5671.0,5657.0,5666.0,25400,0.0,0.0
2024-06-26 10:15:00+09:00,5665.0,5684.0,5664.0,5680.0,61200,0.0,0.0
2024-06-26 10:20:00+09:00,5680.0,5680.0,5671.0,5677.0,20100,0.0,0.0
2024-06-26 10:25:00+09:00,5678.0,5685.0,5677.0,5682.0,39900,0.0,0.0
2024-06-26 10:30:00+09:00,5681.0,5696.0,5680.0,5691.0,82100,0.0,0.0
2024-06-26 10:35:00+09:00,5690.0,5702.0,5687.0,5692.0,120700,0.0,0.0
2024-06-26 10:40:00+09:00,5693.0,5712.0,5691.0,5712.0,61800,0.0,0.0
2024-06-26 10:45:00+09:00,5710.0,5714.0,5700.0,5712.0,72600,0.0,0.0
2024-06-26 10:50:00+09:00,5709.0,5718.0,5706.0,5716.0,39200,0.0,0.0
2024-06-26 10:55:00+09:00,5716.0,5721.0,5712.0,5713.0,39000,0.0,0.0
2024-06-26 11:00:00+09:00,5712.0,5712.0,5699.0,5704.0,24300,0.0,0.0
2024-06-26 11:05:00+09:00,5704.0,5709.0,5703.0,5707.0,15900,0.0,0.0
2024-06-26 11:10:00+09:00,5702.0,5705.0,5699.0,5704.0,27400,0.0,0.0
2024-06-26 11:15:00+09:00,5703.0,5708.0,5701.0,5706.0,24100,0.0,0.0
2024-06-26 11:20:00+09:00,5706.0,5716.0,5705.0,5715.0,24400,0.0,0.0
2024-06-26 11:25:00+09:00,5715.0,5722.0,5703.0,5703.0,38300,0.0,0.0
2024-06-26 11:30:00+09:00,5707.0,5707.0,5707.0,5707.0,6600,0.0,0.0
2024-06-26 11:35:00+09:00,5707.0,5707.0,5707.0,5707.0,0,0.0,0.0
2024-06-26 12:30:00+09:00,5700.0,5700.0,5655.0,5656.0,1716200,0.0,0.0
2024-06-26 12:35:00+09:00,5661.0,5666.0,5657.0,5660.0,48200,0.0,0.0
2024-06-26 12:40:00+09:00,5659.0,5663.0,5647.0,5660.0,71200,0.0,0.0
2024-06-26 12:45:00+09:00,5659.0,5660.0,5649.0,5652.0,38000,0.0,0.0
2024-06-26 12:50:00+09:00,5651.0,5651.0,5633.0,5637.0,39200,0.0,0.0
2024-06-26 12:55:00+09:00,5638.0,5647.0,5638.0,5646.0,27500,0.0,0.0
2024-06-26 13:00:00+09:00,5646.0,5647.0,5643.0,5645.0,33400,0.0,0.0
2024-06-26 13:05:00+09:00,5646.0,5650.0,5645.0,5647.0,24900,0.0,0.0
2024-06-26 13:10:00+09:00,5648.0,5648.0,5640.0,5644.0,26300,0.0,0.0
2024-06-26 13:15:00+09:00,5644.0,5646.0,5642.0,5642.0,24100,0.0,0.0
2024-06-26 13:20:00+09:00,5643.0,5646.0,5643.0,5644.0,18300,0.0,0.0
2024-06-26 13:25:00+09:00,5645.0,5655.0,5645.0,5655.0,23400,0.0,0.0
2024-06-26 13:30:00+09:00,5655.0,5655.0,5642.0,5643.0,24900,0.0,0.0
2024-06-26 13:35:00+09:00,5643.0,5643.0,5635.0,5636.0,26500,0.0,0.0
2024-06-26 13:40:00+09:00,5636.0,5642.0,5634.0,5642.0,22200,0.0,0.0
2024-06-26 13:45:00+09:00,5642.0,5646.0,5642.0,5646.0,17100,0.0,0.0
2024-06-26 13:50:00+09:00,5647.0,5652.0,5647.0,5652.0,24000,0.0,0.0
2024-06-26 13:55:00+09:00,5653.0,5659.0,5651.0,5653.0,24900,0.0,0.0
2024-06-26 14:00:00+09:00,5654.0,5657.0,5652.0,5654.0,20600,0.0,0.0
2024-06-26 14:05:00+09:00,5654.0,5662.0,5652.0,5658.0,40200,0.0,0.0
2024-06-26 14:10:00+09:00,5658.0,5660.0,5654.0,5655.0,20200,0.0,0.0
2024-06-26 14:15:00+09:00,5656.0,5657.0,5653.0,5656.0,29300,0.0,0.0
2024-06-26 14:20:00+09:00,5657.0,5672.0,5655.0,5665.0,47700,0.0,0.0
2024-06-26 14:25:00+09:00,5665.0,5665.0,5660.0,5661.0,20700,0.0,0.0
2024-06-26 14:30:00+09:00,5661.0,5661.0,5652.0,5652.0,33900,0.0,0.0
2024-06-26 14:35:00+09:00,5652.0,5652.0,5633.0,5640.0,111700,0.0,0.0
2024-06-26 14:40:00+09:00,5640.0,5657.0,5639.0,5650.0,42000,0.0,0.0
2024-06-26 14:45:00+09:00,5652.0,5667.0,5651.0,5659.0,67300,0.0,0.0
2024-06-26 14:50:00+09:00,5659.0,5660.0,5640.0,5641.0,90400,0.0,0.0
2024-06-26 14:55:00+09:00,5641.0,5658.0,5641.0,5657.0,167000,0.0,0.0
2024-06-27 09:05:00+09:00,5381.0,5469.0,5359.0,5459.0,810200,0.0,0.0
2024-06-27 09:10:00+09:00,5459.0,5467.0,5423.0,5450.0,145700,0.0,0.0
2024-06-27 09:15:00+09:00,5449.0,5484.0,5443.0,5470.0,101200,0.0,0.0
2024-06-27 09:20:00+09:00,5470.0,5477.0,5446.0,5475.0,86800,0.0,0.0
2024-06-27 09:25:00+09:00,5474.0,5488.0,5461.0,5481.0,61200,0.0,0.0
2024-06-27 09:30:00+09:00,5482.0,5488.0,5474.0,5482.0,49700,0.0,0.0
2024-06-27 09:35:00+09:00,5484.0,5500.0,5480.0,5491.0,62100,0.0,0.0
2024-06-27 09:40:00+09:00,5494.0,5497.0,5468.0,5474.0,54800,0.0,0.0
2024-06-27 09:45:00+09:00,5474.0,5492.0,5464.0,5492.0,55100,0.0,0.0
2024-06-27 09:50:00+09:00,5492.0,5499.0,5482.0,5491.0,74800,0.0,0.0
2024-06-27 09:55:00+09:00,5491.0,5494.0,5464.0,5464.0,51900,0.0,0.0
2024-06-27 10:00:00+09:00,5464.0,5467.0,5447.0,5459.0,67800,0.0,0.0
2024-06-27 10:05:00+09:00,5458.0,5460.0,5449.0,5460.0,35600,0.0,0.0
2024-06-27 10:10:00+09:00,5460.0,5477.0,5457.0,5473.0,44700,0.0,0.0
2024-06-27 10:15:00+09:00,5471.0,5475.0,5461.0,5472.0,58800,0.0,0.0
2024-06-27 10:20:00+09:00,5471.0,5472.0,5447.0,5450.0,58000,0.0,0.0
2024-06-27 10:25:00+09:00,5451.0,5458.0,5447.0,5454.0,35000,0.0,0.0
2024-06-27 10:30:00+09:00,5455.0,5463.0,5452.0,5463.0,30900,0.0,0.0
2024-06-27 10:35:00+09:00,5461.0,5478.0,5458.0,5475.0,36300,0.0,0.0
2024-06-27 10:40:00+09:00,5475.0,5476.0,5466.0,5476.0,39000,0.0,0.0
2024-06-27 10:45:00+09:00,5474.0,5478.0,5473.0,5477.0,23900,0.0,0.0
2024-06-27 10:50:00+09:00,5477.0,5490.0,5477.0,5480.0,59500,0.0,0.0
2024-06-27 10:55:00+09:00,5481.0,5485.0,5475.0,5477.0,28700,0.0,0.0
2024-06-27 11:00:00+09:00,5477.0,5478.0,5466.0,5468.0,40300,0.0,0.0
2024-06-27 11:05:00+09:00,5467.0,5469.0,5445.0,5453.0,43000,0.0,0.0
2024-06-27 11:10:00+09:00,5452.0,5456.0,5449.0,5450.0,24500,0.0,0.0
2024-06-27 11:15:00+09:00,5450.0,5458.0,5450.0,5457.0,18500,0.0,0.0
2024-06-27 11:20:00+09:00,5457.0,5463.0,5457.0,5461.0,13100,0.0,0.0
2024-06-27 11:25:00+09:00,5463.0,5472.0,5462.0,5470.0,21200,0.0,0.0
2024-06-27 11:30:00+09:00,5469.0,5469.0,5469.0,5469.0,3700,0.0,0.0
2024-06-27 11:35:00+09:00,5469.0,5469.0,5469.0,5469.0,0,0.0,0.0
2024-06-27 12:30:00+09:00,5480.0,5520.0,5479.0,5517.0,2365900,0.0,0.0
2024-06-27 12:35:00+09:00,5519.0,5519.0,5500.0,5503.0,31000,0.0,0.0
2024-06-27 12:40:00+09:00,5504.0,5519.0,5504.0,5516.0,16600,0.0,0.0
2024-06-27 12:45:00+09:00,5518.0,5525.0,5511.0,5513.0,47200,0.0,0.0
2024-06-27 12:50:00+09:00,5513.0,5524.0,5513.0,5519.0,38800,0.0,0.0
2024-06-27 12:55:00+09:00,5520.0,5523.0,5514.0,5518.0,31000,0.0,0.0
2024-06-27 13:00:00+09:00,5519.0,5520.0,5512.0,5515.0,37000,0.0,0.0
2024-06-27 13:05:00+09:00,5517.0,5528.0,5516.0,5524.0,51300,0.0,0.0
2024-06-27 13:10:00+09:00,5524.0,5524.0,5516.0,5519.0,25000,0.0,0.0
2024-06-27 13:15:00+09:00,5521.0,5521.0,5503.0,5506.0,31200,0.0,0.0
2024-06-27 13:20:00+09:00,5507.0,5510.0,5503.0,5505.0,14400,0.0,0.0
2024-06-27 13:25:00+09:00,5503.0,5507.0,5501.0,5501.0,17300,0.0,0.0
2024-06-27 13:30:00+09:00,5502.0,5505.0,5499.0,5505.0,21100,0.0,0.0
2024-06-27 13:35:00+09:00,5505.0,5512.0,5503.0,5506.0,27500,0.0,0.0
2024-06-27 13:40:00+09:00,5506.0,5513.0,5506.0,5513.0,8400,0.0,0.0
2024-06-27 13:45:00+09:00,5513.0,5517.0,5513.0,5517.0,22600,0.0,0.0
2024-06-27 13:50:00+09:00,5518.0,5521.0,5516.0,5520.0,17900,0.0,0.0
2024-06-27 13:55:00+09:00,5519.0,5521.0,5517.0,5519.0,13900,0.0,0.0
2024-06-27 14:00:00+09:00,5519.0,5520.0,5516.0,5518.0,14700,0.0,0.0
2024-06-27 14:05:00+09:00,5516.0,5524.0,5516.0,5521.0,24500,0.0,0.0
2024-06-27 14:10:00+09:00,5521.0,5521.0,5515.0,5516.0,16100,0.0,0.0
2024-06-27 14:15:00+09:00,5517.0,5521.0,5516.0,5521.0,18900,0.0,0.0
2024-06-27 14:20:00+09:00,5521.0,5530.0,5520.0,5527.0,33800,0.0,0.0
2024-06-27 14:25:00+09:00,5528.0,5530.0,5524.0,5528.0,21600,0.0,0.0
2024-06-27 14:30:00+09:00,5527.0,5536.0,5526.0,5536.0,26800,0.0,0.0
2024-06-27 14:35:00+09:00,5537.0,5539.0,5532.0,5537.0,22200,0.0,0.0
2024-06-27 14:40:00+09:00,5537.0,5538.0,5533.0,5536.0,27300,0.0,0.0
2024-06-27 14:45:00+09:00,5537.0,5541.0,5526.0,5526.0,57400,0.0,0.0
2024-06-27 14:50:00+09:00,5527.0,5527.0,5521.0,5522.0,46700,0.0,0.0
2024-06-27 14:55:00+09:00,5522.0,5529.0,5505.0,5505.0,200700,0.0,0.0
2024-06-28 09:00:00+09:00,5542.0,5595.0,5525.0,5593.0,425500,0.0,0.0
2024-06-28 09:05:00+09:00,5594.0,5626.0,5588.0,5605.0,199900,0.0,0.0
2024-06-28 09:10:00+09:00,5607.0,5622.0,5588.0,5598.0,90400,0.0,0.0
2024-06-28 09:15:00+09:00,5598.0,5617.0,5595.0,5613.0,69700,0.0,0.0
2024-06-28 09:20:00+09:00,5615.0,5617.0,5606.0,5611.0,38000,0.0,0.0
2024-06-28 09:25:00+09:00,5610.0,5610.0,5585.0,5591.0,56000,0.0,0.0
2024-06-28 09:30:00+09:00,5590.0,5591.0,5580.0,5585.0,39300,0.0,0.0
2024-06-28 09:35:00+09:00,5587.0,5593.0,5573.0,5584.0,48800,0.0,0.0
2024-06-28 09:40:00+09:00,5583.0,5583.0,5568.0,5573.0,58200,0.0,0.0
2024-06-28 09:45:00+09:00,5573.0,5574.0,5557.0,5566.0,36100,0.0,0.0
2024-06-28 09:50:00+09:00,5566.0,5593.0,5566.0,5589.0,41500,0.0,0.0
2024-06-28 09:55:00+09:00,5590.0,5599.0,5584.0,5592.0,44000,0.0,0.0
2024-06-28 10:00:00+09:00,5590.0,5594.0,5570.0,5571.0,23400,0.0,0.0
2024-06-28 10:05:00+09:00,5573.0,5579.0,5563.0,5574.0,38100,0.0,0.0
2024-06-28 10:10:00+09:00,5575.0,5591.0,5572.0,5591.0,25300,0.0,0.0
2024-06-28 10:15:00+09:00,5592.0,5601.0,5578.0,5580.0,53400,0.0,0.0
2024-06-28 10:20:00+09:00,5579.0,5587.0,5572.0,5586.0,30900,0.0,0.0
2024-06-28 10:25:00+09:00,5586.0,5588.0,5577.0,5581.0,22100,0.0,0.0
2024-06-28 10:30:00+09:00,5580.0,5587.0,5568.0,5585.0,43800,0.0,0.0
2024-06-28 10:35:00+09:00,5586.0,5590.0,5582.0,5589.0,20600,0.0,0.0
2024-06-28 10:40:00+09:00,5588.0,5588.0,5575.0,5577.0,28300,0.0,0.0
2024-06-28 10:45:00+09:00,5577.0,5581.0,5565.0,5574.0,25700,0.0,0.0
2024-06-28 10:50:00+09:00,5574.0,5579.0,5569.0,5577.0,13000,0.0,0.0
2024-06-28 10:55:00+09:00,5575.0,5579.0,5573.0,5577.0,13000,0.0,0.0
2024-06-28 11:00:00+09:00,5576.0,5577.0,5569.0,5572.0,21100,0.0,0.0
2024-06-28 11:05:00+09:00,5570.0,5574.0,5565.0,5574.0,16800,0.0,0.0
2024-06-28 11:10:00+09:00,5572.0,5572.0,5565.0,5565.0,16600,0.0,0.0
2024-06-28 11:15:00+09:00,5565.0,5567.0,5556.0,5566.0,30400,0.0,0.0
2024-06-28 11:20:00+09:00,5566.0,5570.0,5563.0,5570.0,10400,0.0,0.0
2024-06-28 11:25:00+09:00,5571.0,5576.0,5568.0,5574.0,15800,0.0,0.0
2024-06-28 11:30:00+09:00,5576.0,5576.0,5576.0,5576.0,4700,0.0,0.0
2024-06-28 11:35:00+09:00,5576.0,5576.0,5576.0,5576.0,0,0.0,0.0
2024-06-28 12:30:00+09:00,5560.0,5576.0,5551.0,5576.0,1702300,0.0,0.0
2024-06-28 12:35:00+09:00,5576.0,5577.0,5570.0,5575.0,20100,0.0,0.0
2024-06-28 12:40:00+09:00,5575.0,5575.0,5564.0,5569.0,20100,0.0,0.0
2024-06-28 12:45:00+09:00,5569.0,5569.0,5558.0,5561.0,23000,0.0,0.0
2024-06-28 12:50:00+09:00,5562.0,5568.0,5562.0,5568.0,11500,0.0,0.0
2024-06-28 12:55:00+09:00,5568.0,5571.0,5567.0,5569.0,13200,0.0,0.0
2024-06-28 13:00:00+09:00,5569.0,5569.0,5558.0,5563.0,27900,0.0,0.0
2024-06-28 13:05:00+09:00,5563.0,5563.0,5556.0,5558.0,21100,0.0,0.0
2024-06-28 13:10:00+09:00,5558.0,5563.0,5558.0,5558.0,15700,0.0,0.0
2024-06-28 13:15:00+09:00,5557.0,5557.0,5551.0,5557.0,23300,0.0,0.0
2024-06-28 13:20:00+09:00,5557.0,5565.0,5557.0,5564.0,22100,0.0,0.0
2024-06-28 13:25:00+09:00,5564.0,5565.0,5560.0,5561.0,16100,0.0,0.0
2024-06-28 13:30:00+09:00,5561.0,5561.0,5543.0,5545.0,44200,0.0,0.0
2024-06-28 13:35:00+09:00,5544.0,5544.0,5533.0,5535.0,21200,0.0,0.0
2024-06-28 13:40:00+09:00,5536.0,5537.0,5533.0,5534.0,10300,0.0,0.0
2024-06-28 13:45:00+09:00,5534.0,5535.0,5528.0,5528.0,21300,0.0,0.0
2024-06-28 13:50:00+09:00,5528.0,5532.0,5525.0,5531.0,23700,0.0,0.0
2024-06-28 13:55:00+09:00,5530.0,5532.0,5526.0,5532.0,18900,0.0,0.0
2024-06-28 14:00:00+09:00,5531.0,5531.0,5520.0,5525.0,27300,0.0,0.0
2024-06-28 14:05:00+09:00,5525.0,5531.0,5522.0,5522.0,17700,0.0,0.0
2024-06-28 14:10:00+09:00,5523.0,5527.0,5521.0,5525.0,17900,0.0,0.0
2024-06-28 14:15:00+09:00,5527.0,5534.0,5526.0,5533.0,24000,0.0,0.0
2024-06-28 14:20:00+09:00,5534.0,5537.0,5533.0,5533.0,20000,0.0,0.0
2024-06-28 14:25:00+09:00,5535.0,5541.0,5535.0,5539.0,29400,0.0,0.0
2024-06-28 14:30:00+09:00,5539.0,5540.0,5533.0,5535.0,22700,0.0,0.0
2024-06-28 14:35:00+09:00,5534.0,5538.0,5531.0,5537.0,21800,0.0,0.0
2024-06-28 14:40:00+09:00,5537.0,5544.0,5537.0,5544.0,24600,0.0,0.0
2024-06-28 14:45:00+09:00,5542.0,5542.0,5537.0,5538.0,32200,0.0,0.0
2024-06-28 14:50:00+09:00,5538.0,5544.0,5538.0,5541.0,54900,0.0,0.0
2024-06-28 14:55:00+09:00,5542.0,5553.0,5525.0,5526.0,206600,0.0,0.0
2024-07-01 09:00:00+09:00,5447.0,5546.0,5441.0,5537.0,0,0.0,0.0
2024-07-01 09:05:00+09:00,5541.0,5541.0,5508.0,5515.0,46300,0.0,0.0
2024-07-01 09:10:00+09:00,5515.0,5521.0,5492.0,5512.0,42100,0.0,0.0
2024-07-01 09:15:00+09:00,5512.0,5517.0,5494.0,5499.0,41800,0.0,0.0
2024-07-01 09:20:00+09:00,5498.0,5502.0,5484.0,5490.0,31300,0.0,0.0
2024-07-01 09:25:00+09:00,5491.0,5499.0,5485.0,5487.0,22100,0.0,0.0
2024-07-01 09:30:00+09:00,5489.0,5496.0,5482.0,5483.0,32000,0.0,0.0
2024-07-01 09:35:00+09:00,5484.0,5488.0,5465.0,5473.0,39300,0.0,0.0
2024-07-01 09:40:00+09:00,5474.0,5484.0,5471.0,5474.0,18200,0.0,0.0
2024-07-01 09:45:00+09:00,5475.0,5481.0,5469.0,5470.0,25500,0.0,0.0
2024-07-01 09:50:00+09:00,5470.0,5474.0,5463.0,5468.0,23300,0.0,0.0
2024-07-01 09:55:00+09:00,5469.0,5470.0,5452.0,5454.0,29100,0.0,0.0
2024-07-01 10:00:00+09:00,5455.0,5457.0,5444.0,5453.0,39400,0.0,0.0
2024-07-01 10:05:00+09:00,5451.0,5458.0,5446.0,5454.0,15200,0.0,0.0
2024-07-01 10:10:00+09:00,5453.0,5454.0,5447.0,5448.0,16100,0.0,0.0
2024-07-01 10:15:00+09:00,5450.0,5450.0,5444.0,5447.0,21400,0.0,0.0
2024-07-01 10:20:00+09:00,5448.0,5449.0,5425.0,5432.0,57600,0.0,0.0
2024-07-01 10:25:00+09:00,5432.0,5448.0,5430.0,5447.0,22400,0.0,0.0
2024-07-01 10:30:00+09:00,5447.0,5449.0,5437.0,5441.0,17200,0.0,0.0
2024-07-01 10:35:00+09:00,5440.0,5453.0,5439.0,5453.0,14000,0.0,0.0
2024-07-01 10:40:00+09:00,5452.0,5452.0,5440.0,5448.0,16900,0.0,0.0
2024-07-01 10:45:00+09:00,5448.0,5450.0,5433.0,5433.0,18800,0.0,0.0
2024-07-01 10:50:00+09:00,5433.0,5444.0,5433.0,5443.0,10000,0.0,0.0
2024-07-01 10:55:00+09:00,5443.0,5455.0,5441.0,5451.0,12000,0.0,0.0
2024-07-01 11:00:00+09:00,5452.0,5457.0,5450.0,5457.0,21700,0.0,0.0
2024-07-01 11:05:00+09:00,5458.0,5459.0,5448.0,5458.0,16200,0.0,0.0
2024-07-01 11:10:00+09:00,5458.0,5460.0,5451.0,5459.0,20400,0.0,0.0
2024-07-01 11:15:00+09:00,5460.0,5466.0,5457.0,5459.0,15300,0.0,0.0
2024-07-01 11:20:00+09:00,5459.0,5459.0,5451.0,5459.0,18100,0.0,0.0
2024-07-01 11:25:00+09:00,5457.0,5461.0,5457.0,5460.0,8300,0.0,0.0
2024-07-01 11:30:00+09:00,5462.0,5462.0,5462.0,5462.0,700,0.0,0.0
2024-07-01 11:35:00+09:00,5462.0,5462.0,5462.0,5462.0,0,0.0,0.0
2024-07-01 12:30:00+09:00,5450.0,5460.0,5446.0,5450.0,1049300,0.0,0.0
2024-07-01 12:35:00+09:00,5449.0,5449.0,5433.0,5438.0,37500,0.0,0.0
2024-07-01 12:40:00+09:00,5437.0,5441.0,5435.0,5438.0,16200,0.0,0.0
2024-07-01 12:45:00+09:00,5437.0,5440.0,5433.0,5435.0,23700,0.0,0.0
2024-07-01 12:50:00+09:00,5434.0,5434.0,5430.0,5432.0,20200,0.0,0.0
2024-07-01 12:55:00+09:00,5433.0,5434.0,5427.0,5434.0,42700,0.0,0.0
2024-07-01 13:00:00+09:00,5434.0,5436.0,5429.0,5434.0,20300,0.0,0.0
2024-07-01 13:05:00+09:00,5432.0,5433.0,5421.0,5424.0,60900,0.0,0.0
2024-07-01 13:10:00+09:00,5424.0,5427.0,5417.0,5423.0,32400,0.0,0.0
2024-07-01 13:15:00+09:00,5423.0,5428.0,5421.0,5423.0,21400,0.0,0.0
2024-07-01 13:20:00+09:00,5425.0,5426.0,5422.0,5425.0,19600,0.0,0.0
2024-07-01 13:25:00+09:00,5424.0,5428.0,5423.0,5425.0,19200,0.0,0.0
2024-07-01 13:30:00+09:00,5425.0,5426.0,5421.0,5426.0,42200,0.0,0.0
2024-07-01 13:35:00+09:00,5426.0,5431.0,5425.0,5429.0,10400,0.0,0.0
2024-07-01 13:40:00+09:00,5430.0,5434.0,5427.0,5427.0,20700,0.0,0.0
2024-07-01 13:45:00+09:00,5428.0,5430.0,5425.0,5427.0,24700,0.0,0.0
2024-07-01 13:50:00+09:00,5427.0,5428.0,5425.0,5428.0,7900,0.0,0.0
2024-07-01 13:55:00+09:00,5426.0,5429.0,5426.0,5428.0,8700,0.0,0.0
2024-07-01 14:00:00+09:00,5428.0,5428.0,5415.0,5421.0,55400,0.0,0.0
2024-07-01 14:05:00+09:00,5421.0,5425.0,5420.0,5420.0,22300,0.0,0.0
2024-07-01 14:10:00+09:00,5421.0,5425.0,5421.0,5424.0,12700,0.0,0.0
2024-07-01 14:15:00+09:00,5423.0,5423.0,5412.0,5419.0,48300,0.0,0.0
2024-07-01 14:20:00+09:00,5419.0,5421.0,5416.0,5418.0,27700,0.0,0.0
2024-07-01 14:25:00+09:00,5417.0,5426.0,5415.0,5426.0,43700,0.0,0.0
2024-07-01 14:30:00+09:00,5426.0,5432.0,5423.0,5430.0,28400,0.0,0.0
2024-07-01 14:35:00+09:00,5431.0,5433.0,5428.0,5432.0,36300,0.0,0.0
2024-07-01 14:40:00+09:00,5431.0,5435.0,5430.0,5431.0,28000,0.0,0.0
2024-07-01 14:45:00+09:00,5431.0,5437.0,5430.0,5436.0,52100,0.0,0.0
2024-07-01 14:50:00+09:00,5435.0,5443.0,5425.0,5426.0,83900,0.0,0.0
2024-07-01 14:55:00+09:00,5427.0,5435.0,5420.0,5424.0,110300,0.0,0.0
2024-07-02 09:00:00+09:00,5620.0,5675.0,5616.0,5650.0,1030700,0.0,0.0
2024-07-02 09:05:00+09:00,5647.0,5647.0,5589.0,5633.0,297600,0.0,0.0
2024-07-02 09:10:00+09:00,5630.0,5649.0,5617.0,5627.0,147300,0.0,0.0
2024-07-02 09:15:00+09:00,5627.0,5629.0,5600.0,5607.0,99400,0.0,0.0
2024-07-02 09:20:00+09:00,5607.0,5608.0,5592.0,5605.0,118200,0.0,0.0
2024-07-02 09:25:00+09:00,5606.0,5625.0,5606.0,5617.0,66300,0.0,0.0
2024-07-02 09:30:00+09:00,5617.0,5620.0,5602.0,5604.0,61900,0.0,0.0
2024-07-02 09:35:00+09:00,5604.0,5606.0,5588.0,5599.0,53200,0.0,0.0
2024-07-02 09:40:00+09:00,5600.0,5619.0,5599.0,5619.0,56000,0.0,0.0
2024-07-02 09:45:00+09:00,5620.0,5651.0,5618.0,5648.0,133000,0.0,0.0
2024-07-02 09:50:00+09:00,5650.0,5665.0,5649.0,5660.0,123200,0.0,0.0
2024-07-02 09:55:00+09:00,5659.0,5678.0,5658.0,5672.0,144700,0.0,0.0
2024-07-02 10:00:00+09:00,5673.0,5677.0,5659.0,5666.0,29800,0.0,0.0
2024-07-02 10:05:00+09:00,5665.0,5678.0,5665.0,5674.0,77600,0.0,0.0
2024-07-02 10:10:00+09:00,5675.0,5692.0,5675.0,5682.0,104300,0.0,0.0
2024-07-02 10:15:00+09:00,5682.0,5690.0,5679.0,5688.0,28300,0.0,0.0
2024-07-02 10:20:00+09:00,5689.0,5693.0,5685.0,5692.0,33300,0.0,0.0
2024-07-02 10:25:00+09:00,5693.0,5702.0,5691.0,5700.0,91000,0.0,0.0
2024-07-02 10:30:00+09:00,5699.0,5702.0,5690.0,5692.0,42700,0.0,0.0
2024-07-02 10:35:00+09:00,5693.0,5698.0,5689.0,5695.0,25700,0.0,0.0
2024-07-02 10:40:00+09:00,5695.0,5706.0,5695.0,5697.0,53500,0.0,0.0
2024-07-02 10:45:00+09:00,5696.0,5698.0,5683.0,5686.0,23900,0.0,0.0
2024-07-02 10:50:00+09:00,5683.0,5687.0,5681.0,5687.0,18500,0.0,0.0
2024-07-02 10:55:00+09:00,5686.0,5687.0,5678.0,5680.0,30000,0.0,0.0
2024-07-02 11:00:00+09:00,5682.0,5684.0,5679.0,5680.0,17000,0.0,0.0
2024-07-02 11:05:00+09:00,5681.0,5681.0,5661.0,5665.0,35300,0.0,0.0
2024-07-02 11:10:00+09:00,5663.0,5663.0,5645.0,5648.0,45100,0.0,0.0
2024-07-02 11:15:00+09:00,5646.0,5650.0,5638.0,5638.0,30500,0.0,0.0
2024-07-02 11:20:00+09:00,5637.0,5644.0,5631.0,5631.0,33700,0.0,0.0
2024-07-02 11:25:00+09:00,5631.0,5633.0,5625.0,5632.0,24200,0.0,0.0
2024-07-02 11:30:00+09:00,5634.0,5634.0,5634.0,5634.0,4400,0.0,0.0
2024-07-02 11:35:00+09:00,5634.0,5634.0,5634.0,5634.0,0,0.0,0.0
2024-07-02 12:30:00+09:00,5600.0,5624.0,5577.0,5580.0,3285800,0.0,0.0
2024-07-02 12:35:00+09:00,5583.0,5588.0,5582.0,5588.0,33700,0.0,0.0
2024-07-02 12:40:00+09:00,5588.0,5596.0,5584.0,5594.0,32700,0.0,0.0
2024-07-02 12:45:00+09:00,5595.0,5597.0,5586.0,5586.0,30900,0.0,0.0
2024-07-02 12:50:00+09:00,5588.0,5599.0,5586.0,5596.0,32800,0.0,0.0
2024-07-02 12:55:00+09:00,5596.0,5610.0,5596.0,5610.0,24700,0.0,0.0
2024-07-02 13:00:00+09:00,5609.0,5617.0,5608.0,5616.0,21300,0.0,0.0
2024-07-02 13:05:00+09:00,5617.0,5629.0,5616.0,5628.0,27700,0.0,0.0
2024-07-02 13:10:00+09:00,5629.0,5636.0,5625.0,5631.0,40100,0.0,0.0
2024-07-02 13:15:00+09:00,5632.0,5637.0,5632.0,5634.0,27100,0.0,0.0
2024-07-02 13:20:00+09:00,5633.0,5635.0,5630.0,5632.0,19700,0.0,0.0
2024-07-02 13:25:00+09:00,5631.0,5643.0,5631.0,5641.0,31600,0.0,0.0
2024-07-02 13:30:00+09:00,5641.0,5653.0,5636.0,5644.0,46000,0.0,0.0
2024-07-02 13:35:00+09:00,5643.0,5653.0,5642.0,5647.0,23100,0.0,0.0
2024-07-02 13:40:00+09:00,5646.0,5657.0,5646.0,5655.0,40200,0.0,0.0
2024-07-02 13:45:00+09:00,5657.0,5663.0,5653.0,5654.0,38000,0.0,0.0
2024-07-02 13:50:00+09:00,5654.0,5661.0,5653.0,5659.0,24900,0.0,0.0
2024-07-02 13:55:00+09:00,5658.0,5660.0,5651.0,5653.0,33300,0.0,0.0
2024-07-02 14:00:00+09:00,5654.0,5663.0,5650.0,5661.0,62800,0.0,0.0
2024-07-02 14:05:00+09:00,5661.0,5664.0,5656.0,5659.0,27900,0.0,0.0
2024-07-02 14:10:00+09:00,5660.0,5662.0,5656.0,5656.0,21400,0.0,0.0
2024-07-02 14:15:00+09:00,5656.0,5661.0,5650.0,5652.0,59600,0.0,0.0
2024-07-02 14:20:00+09:00,5650.0,5655.0,5649.0,5652.0,24100,0.0,0.0
2024-07-02 14:25:00+09:00,5654.0,5662.0,5653.0,5662.0,32600,0.0,0.0
2024-07-02 14:30:00+09:00,5660.0,5667.0,5659.0,5664.0,32400,0.0,0.0
2024-07-02 14:35:00+09:00,5665.0,5666.0,5661.0,5662.0,29100,0.0,0.0
2024-07-02 14:40:00+09:00,5663.0,5668.0,5660.0,5664.0,52500,0.0,0.0
2024-07-02 14:45:00+09:00,5662.0,5663.0,5658.0,5660.0,44700,0.0,0.0
2024-07-02 14:50:00+09:00,5660.0,5662.0,5657.0,5662.0,57300,0.0,0.0
2024-07-02 14:55:00+09:00,5659.0,5665.0,5643.0,5643.0,170200,0.0,0.0
2024-07-03 09:00:00+09:00,5679.0,5694.0,5646.0,5652.0,272600,0.0,0.0
2024-07-03 09:05:00+09:00,5650.0,5665.0,5626.0,5635.0,82300,0.0,0.0
2024-07-03 09:10:00+09:00,5636.0,5665.0,5636.0,5661.0,65000,0.0,0.0
2024-07-03 09:15:00+09:00,5660.0,5660.0,5640.0,5646.0,58800,0.0,0.0
2024-07-03 09:20:00+09:00,5647.0,5657.0,5637.0,5648.0,49900,0.0,0.0
2024-07-03 09:25:00+09:00,5647.0,5650.0,5634.0,5641.0,44800,0.0,0.0
2024-07-03 09:30:00+09:00,5641.0,5663.0,5637.0,5656.0,48400,0.0,0.0
2024-07-03 09:35:00+09:00,5655.0,5660.0,5648.0,5660.0,25500,0.0,0.0
2024-07-03 09:40:00+09:00,5660.0,5669.0,5654.0,5659.0,38000,0.0,0.0
2024-07-03 09:45:00+09:00,5658.0,5660.0,5649.0,5649.0,30500,0.0,0.0
2024-07-03 09:50:00+09:00,5648.0,5654.0,5637.0,5641.0,30200,0.0,0.0
2024-07-03 09:55:00+09:00,5641.0,5644.0,5630.0,5630.0,32900,0.0,0.0
2024-07-03 10:00:00+09:00,5630.0,5631.0,5619.0,5623.0,47200,0.0,0.0
2024-07-03 10:05:00+09:00,5623.0,5625.0,5609.0,5619.0,35100,0.0,0.0
2024-07-03 10:10:00+09:00,5616.0,5620.0,5614.0,5618.0,33500,0.0,0.0
2024-07-03 10:15:00+09:00,5619.0,5623.0,5613.0,5623.0,39600,0.0,0.0
2024-07-03 10:20:00+09:00,5623.0,5627.0,5616.0,5623.0,53300,0.0,0.0
2024-07-03 10:25:00+09:00,5622.0,5624.0,5619.0,5623.0,31000,0.0,0.0
2024-07-03 10:30:00+09:00,5622.0,5622.0,5614.0,5614.0,23000,0.0,0.0
2024-07-03 10:35:00+09:00,5613.0,5630.0,5613.0,5630.0,32600,0.0,0.0
2024-07-03 10:40:00+09:00,5630.0,5634.0,5613.0,5614.0,45100,0.0,0.0
2024-07-03 10:45:00+09:00,5615.0,5622.0,5615.0,5617.0,28800,0.0,0.0
2024-07-03 10:50:00+09:00,5618.0,5621.0,5613.0,5621.0,19400,0.0,0.0
2024-07-03 10:55:00+09:00,5621.0,5633.0,5618.0,5629.0,31000,0.0,0.0
2024-07-03 11:00:00+09:00,5629.0,5631.0,5622.0,5626.0,26300,0.0,0.0
2024-07-03 11:05:00+09:00,5625.0,5630.0,5625.0,5629.0,18100,0.0,0.0
2024-07-03 11:10:00+09:00,5628.0,5640.0,5628.0,5638.0,21000,0.0,0.0
2024-07-03 11:15:00+09:00,5638.0,5644.0,5635.0,5638.0,27100,0.0,0.0
2024-07-03 11:20:00+09:00,5639.0,5641.0,5638.0,5639.0,15700,0.0,0.0
2024-07-03 11:25:00+09:00,5639.0,5645.0,5639.0,5645.0,22900,0.0,0.0
2024-07-03 11:30:00+09:00,5646.0,5646.0,5646.0,5646.0,70400,0.0,0.0
2024-07-03 11:35:00+09:00,5646.0,5646.0,5646.0,5646.0,0,0.0,0.0
2024-07-03 12:30:00+09:00,5635.0,5651.0,5624.0,5650.0,1517200,0.0,0.0
2024-07-03 12:35:00+09:00,5650.0,5662.0,5650.0,5660.0,57500,0.0,0.0
2024-07-03 12:40:00+09:00,5660.0,5665.0,5655.0,5665.0,48800,0.0,0.0
2024-07-03 12:45:00+09:00,5664.0,5670.0,5650.0,5650.0,45700,0.0,0.0
2024-07-03 12:50:00+09:00,5649.0,5651.0,5634.0,5637.0,23100,0.0,0.0
2024-07-03 12:55:00+09:00,5636.0,5644.0,5635.0,5636.0,18900,0.0,0.0
2024-07-03 13:00:00+09:00,5636.0,5637.0,5632.0,5636.0,16300,0.0,0.0
2024-07-03 13:05:00+09:00,5636.0,5641.0,5635.0,5640.0,10800,0.0,0.0
2024-07-03 13:10:00+09:00,5640.0,5643.0,5640.0,5643.0,10800,0.0,0.0
2024-07-03 13:15:00+09:00,5643.0,5650.0,5643.0,5648.0,28000,0.0,0.0
2024-07-03 13:20:00+09:00,5649.0,5657.0,5646.0,5656.0,19200,0.0,0.0
2024-07-03 13:25:00+09:00,5656.0,5659.0,5654.0,5656.0,13600,0.0,0.0
2024-07-03 13:30:00+09:00,5657.0,5661.0,5650.0,5650.0,21300,0.0,0.0
2024-07-03 13:35:00+09:00,5651.0,5653.0,5647.0,5649.0,13600,0.0,0.0
2024-07-03 13:40:00+09:00,5649.0,5652.0,5648.0,5649.0,15800,0.0,0.0
2024-07-03 13:45:00+09:00,5650.0,5656.0,5649.0,5650.0,17400,0.0,0.0
2024-07-03 13:50:00+09:00,5651.0,5653.0,5646.0,5646.0,20600,0.0,0.0
2024-07-03 13:55:00+09:00,5645.0,5648.0,5645.0,5646.0,14100,0.0,0.0
2024-07-03 14:00:00+09:00,5647.0,5653.0,5642.0,5653.0,32300,0.0,0.0
2024-07-03 14:05:00+09:00,5653.0,5654.0,5640.0,5646.0,56900,0.0,0.0
2024-07-03 14:10:00+09:00,5647.0,5661.0,5645.0,5660.0,31300,0.0,0.0
2024-07-03 14:15:00+09:00,5659.0,5661.0,5658.0,5659.0,53400,0.0,0.0
2024-07-03 14:20:00+09:00,5659.0,5662.0,5658.0,5660.0,43300,0.0,0.0
2024-07-03 14:25:00+09:00,5660.0,5673.0,5660.0,5668.0,73700,0.0,0.0
2024-07-03 14:30:00+09:00,5669.0,5671.0,5662.0,5668.0,25200,0.0,0.0
2024-07-03 14:35:00+09:00,5667.0,5672.0,5665.0,5668.0,100800,0.0,0.0
2024-07-03 14:40:00+09:00,5668.0,5672.0,5662.0,5663.0,59300,0.0,0.0
2024-07-03 14:45:00+09:00,5662.0,5669.0,5660.0,5669.0,53300,0.0,0.0
2024-07-03 14:50:00+09:00,5668.0,5672.0,5665.0,5671.0,50300,0.0,0.0
2024-07-03 14:55:00+09:00,5671.0,5672.0,5663.0,5664.0,101900,0.0,0.0
2024-07-04 09:00:00+09:00,5684.0,5718.0,5650.0,5651.0,245800,0.0,0.0
2024-07-04 09:05:00+09:00,5656.0,5660.0,5639.0,5656.0,45400,0.0,0.0
2024-07-04 09:10:00+09:00,5655.0,5658.0,5642.0,5644.0,39900,0.0,0.0
2024-07-04 09:15:00+09:00,5646.0,5648.0,5637.0,5640.0,48100,0.0,0.0
2024-07-04 09:20:00+09:00,5641.0,5651.0,5639.0,5648.0,24200,0.0,0.0
2024-07-04 09:25:00+09:00,5647.0,5648.0,5632.0,5638.0,31500,0.0,0.0
2024-07-04 09:30:00+09:00,5638.0,5638.0,5611.0,5613.0,42100,0.0,0.0
2024-07-04 09:35:00+09:00,5612.0,5615.0,5608.0,5614.0,16500,0.0,0.0
2024-07-04 09:40:00+09:00,5615.0,5619.0,5608.0,5611.0,20300,0.0,0.0
2024-07-04 09:45:00+09:00,5613.0,5617.0,5607.0,5608.0,19900,0.0,0.0
2024-07-04 09:50:00+09:00,5608.0,5608.0,5591.0,5591.0,40700,0.0,0.0
2024-07-04 09:55:00+09:00,5594.0,5605.0,5594.0,5599.0,18300,0.0,0.0
2024-07-04 10:00:00+09:00,5602.0,5608.0,5596.0,5596.0,15000,0.0,0.0
2024-07-04 10:05:00+09:00,5599.0,5601.0,5595.0,5598.0,0,0.0,0.0
2024-07-04 10:10:00+09:00,5600.0,5607.0,5596.0,5605.0,632000,0.0,0.0
2024-07-04 10:15:00+09:00,5604.0,5617.0,5604.0,5609.0,19000,0.0,0.0
2024-07-04 10:20:00+09:00,5609.0,5609.0,5601.0,5601.0,16100,0.0,0.0
2024-07-04 10:25:00+09:00,5601.0,5608.0,5600.0,5608.0,11000,0.0,0.0
2024-07-04 10:30:00+09:00,5608.0,5612.0,5602.0,5611.0,15000,0.0,0.0
2024-07-04 10:35:00+09:00,5612.0,5623.0,5611.0,5623.0,18400,0.0,0.0
2024-07-04 10:40:00+09:00,5620.0,5626.0,5611.0,5613.0,23000,0.0,0.0
2024-07-04 10:45:00+09:00,5614.0,5614.0,5606.0,5610.0,12400,0.0,0.0
2024-07-04 10:50:00+09:00,5611.0,5611.0,5595.0,5595.0,33900,0.0,0.0
2024-07-04 10:55:00+09:00,5595.0,5595.0,5587.0,5589.0,28700,0.0,0.0
2024-07-04 11:00:00+09:00,5592.0,5592.0,5586.0,5586.0,16000,0.0,0.0
2024-07-04 11:05:00+09:00,5586.0,5589.0,5581.0,5589.0,17300,0.0,0.0
2024-07-04 11:10:00+09:00,5589.0,5592.0,5585.0,5588.0,10800,0.0,0.0
2024-07-04 11:15:00+09:00,5589.0,5591.0,5585.0,5587.0,8300,0.0,0.0
2024-07-04 11:20:00+09:00,5586.0,5586.0,5582.0,5585.0,11600,0.0,0.0
2024-07-04 11:25:00+09:00,5587.0,5590.0,5581.0,5581.0,13700,0.0,0.0
2024-07-04 11:30:00+09:00,5581.0,5581.0,5581.0,5581.0,8200,0.0,0.0
2024-07-04 11:35:00+09:00,5581.0,5581.0,5581.0,5581.0,0,0.0,0.0
2024-07-04 12:30:00+09:00,5596.0,5599.0,5591.0,5597.0,972600,0.0,0.0
2024-07-04 12:35:00+09:00,5598.0,5602.0,5596.0,5601.0,29000,0.0,0.0
2024-07-04 12:40:00+09:00,5603.0,5615.0,5603.0,5615.0,20500,0.0,0.0
2024-07-04 12:45:00+09:00,5615.0,5617.0,5610.0,5617.0,22400,0.0,0.0
2024-07-04 12:50:00+09:00,5616.0,5631.0,5612.0,5628.0,74600,0.0,0.0
2024-07-04 12:55:00+09:00,5630.0,5631.0,5623.0,5628.0,19200,0.0,0.0
2024-07-04 13:00:00+09:00,5629.0,5634.0,5629.0,5633.0,14200,0.0,0.0
2024-07-04 13:05:00+09:00,5633.0,5637.0,5632.0,5636.0,22800,0.0,0.0
2024-07-04 13:10:00+09:00,5637.0,5644.0,5630.0,5632.0,30300,0.0,0.0
2024-07-04 13:15:00+09:00,5633.0,5645.0,5633.0,5643.0,21400,0.0,0.0
2024-07-04 13:20:00+09:00,5644.0,5650.0,5642.0,5650.0,20100,0.0,0.0
2024-07-04 13:25:00+09:00,5649.0,5652.0,5646.0,5649.0,21600,0.0,0.0
2024-07-04 13:30:00+09:00,5649.0,5652.0,5648.0,5649.0,16500,0.0,0.0
2024-07-04 13:35:00+09:00,5649.0,5649.0,5637.0,5642.0,19400,0.0,0.0
2024-07-04 13:40:00+09:00,5642.0,5652.0,5642.0,5649.0,14200,0.0,0.0
2024-07-04 13:45:00+09:00,5649.0,5655.0,5649.0,5653.0,11800,0.0,0.0
2024-07-04 13:50:00+09:00,5653.0,5656.0,5651.0,5656.0,16500,0.0,0.0
2024-07-04 13:55:00+09:00,5656.0,5660.0,5655.0,5656.0,22600,0.0,0.0
2024-07-04 14:00:00+09:00,5656.0,5660.0,5655.0,5658.0,14900,0.0,0.0
2024-07-04 14:05:00+09:00,5659.0,5659.0,5654.0,5659.0,15000,0.0,0.0
2024-07-04 14:10:00+09:00,5659.0,5661.0,5653.0,5657.0,18600,0.0,0.0
2024-07-04 14:15:00+09:00,5657.0,5660.0,5656.0,5659.0,12800,0.0,0.0
2024-07-04 14:20:00+09:00,5659.0,5665.0,5657.0,5659.0,32400,0.0,0.0
2024-07-04 14:25:00+09:00,5658.0,5662.0,5656.0,5661.0,14000,0.0,0.0
2024-07-04 14:30:00+09:00,5662.0,5668.0,5660.0,5666.0,31200,0.0,0.0
2024-07-04 14:35:00+09:00,5666.0,5679.0,5666.0,5679.0,33200,0.0,0.0
2024-07-04 14:40:00+09:00,5678.0,5689.0,5678.0,5689.0,35500,0.0,0.0
2024-07-04 14:45:00+09:00,5690.0,5694.0,5686.0,5693.0,33800,0.0,0.0
2024-07-04 14:50:00+09:00,5694.0,5705.0,5682.0,5684.0,78400,0.0,0.0
2024-07-04 14:55:00+09:00,5682.0,5702.0,5679.0,5679.0,100500,0.0,0.0
2024-07-05 09:00:00+09:00,5720.0,5818.0,5718.0,5802.0,546100,0.0,0.0
2024-07-05 09:05:00+09:00,5797.0,5799.0,5760.0,5771.0,75000,0.0,0.0
2024-07-05 09:10:00+09:00,5768.0,5799.0,5766.0,5792.0,50500,0.0,0.0
2024-07-05 09:15:00+09:00,5795.0,5817.0,5793.0,5813.0,82700,0.0,0.0
2024-07-05 09:20:00+09:00,5814.0,5814.0,5793.0,5800.0,44200,0.0,0.0
2024-07-05 09:25:00+09:00,5797.0,5797.0,5772.0,5782.0,26800,0.0,0.0
2024-07-05 09:30:00+09:00,5782.0,5785.0,5758.0,5762.0,47900,0.0,0.0
2024-07-05 09:35:00+09:00,5765.0,5771.0,5758.0,5765.0,25300,0.0,0.0
2024-07-05 09:40:00+09:00,5764.0,5771.0,5756.0,5771.0,31500,0.0,0.0
2024-07-05 09:45:00+09:00,5771.0,5777.0,5768.0,5774.0,21000,0.0,0.0
2024-07-05 09:50:00+09:00,5772.0,5786.0,5762.0,5763.0,26500,0.0,0.0
2024-07-05 09:55:00+09:00,5763.0,5768.0,5760.0,5766.0,19000,0.0,0.0
2024-07-05 10:00:00+09:00,5768.0,5770.0,5756.0,5759.0,18200,0.0,0.0
2024-07-05 10:05:00+09:00,5758.0,5758.0,5750.0,5751.0,27100,0.0,0.0
2024-07-05 10:10:00+09:00,5750.0,5761.0,5747.0,5760.0,34600,0.0,0.0
2024-07-05 10:15:00+09:00,5759.0,5763.0,5751.0,5755.0,16100,0.0,0.0
2024-07-05 10:20:00+09:00,5755.0,5760.0,5749.0,5749.0,28400,0.0,0.0
2024-07-05 10:25:00+09:00,5748.0,5758.0,5744.0,5752.0,55600,0.0,0.0
2024-07-05 10:30:00+09:00,5753.0,5754.0,5735.0,5736.0,30200,0.0,0.0
2024-07-05 10:35:00+09:00,5737.0,5752.0,5737.0,5752.0,21600,0.0,0.0
2024-07-05 10:40:00+09:00,5752.0,5755.0,5748.0,5749.0,11900,0.0,0.0
2024-07-05 10:45:00+09:00,5748.0,5755.0,5747.0,5754.0,23200,0.0,0.0
2024-07-05 10:50:00+09:00,5754.0,5755.0,5715.0,5716.0,60800,0.0,0.0
2024-07-05 10:55:00+09:00,5718.0,5724.0,5713.0,5724.0,39500,0.0,0.0
2024-07-05 11:00:00+09:00,5724.0,5727.0,5709.0,5711.0,32800,0.0,0.0
2024-07-05 11:05:00+09:00,5710.0,5721.0,5708.0,5720.0,16900,0.0,0.0
2024-07-05 11:10:00+09:00,5722.0,5744.0,5715.0,5743.0,28700,0.0,0.0
2024-07-05 11:15:00+09:00,5744.0,5745.0,5731.0,5742.0,32400,0.0,0.0
2024-07-05 11:20:00+09:00,5743.0,5754.0,5742.0,5754.0,12000,0.0,0.0
2024-07-05 11:25:00+09:00,5753.0,5758.0,5747.0,5748.0,24500,0.0,0.0
2024-07-05 11:30:00+09:00,5747.0,5750.0,5747.0,5750.0,1700,0.0,0.0
2024-07-05 11:35:00+09:00,5750.0,5750.0,5750.0,5750.0,0,0.0,0.0
2024-07-05 12:30:00+09:00,5709.0,5735.0,5684.0,5684.0,1687300,0.0,0.0
2024-07-05 12:35:00+09:00,5683.0,5696.0,5677.0,5685.0,76400,0.0,0.0
2024-07-05 12:40:00+09:00,5685.0,5689.0,5674.0,5683.0,103800,0.0,0.0
2024-07-05 12:45:00+09:00,5684.0,5716.0,5683.0,5711.0,64600,0.0,0.0
2024-07-05 12:50:00+09:00,5711.0,5713.0,5701.0,5708.0,47300,0.0,0.0
2024-07-05 12:55:00+09:00,5706.0,5710.0,5696.0,5696.0,47700,0.0,0.0
2024-07-05 13:00:00+09:00,5696.0,5717.0,5694.0,5711.0,48100,0.0,0.0
2024-07-05 13:05:00+09:00,5712.0,5715.0,5708.0,5714.0,12800,0.0,0.0
2024-07-05 13:10:00+09:00,5715.0,5722.0,5714.0,5719.0,18100,0.0,0.0
2024-07-05 13:15:00+09:00,5719.0,5723.0,5717.0,5720.0,15900,0.0,0.0
2024-07-05 13:20:00+09:00,5720.0,5721.0,5714.0,5716.0,14600,0.0,0.0
2024-07-05 13:25:00+09:00,5713.0,5715.0,5708.0,5714.0,12300,0.0,0.0
2024-07-05 13:30:00+09:00,5714.0,5716.0,5709.0,5713.0,10900,0.0,0.0
2024-07-05 13:35:00+09:00,5711.0,5721.0,5710.0,5721.0,19300,0.0,0.0
2024-07-05 13:40:00+09:00,5720.0,5726.0,5718.0,5726.0,16000,0.0,0.0
2024-07-05 13:45:00+09:00,5727.0,5734.0,5726.0,5730.0,14400,0.0,0.0
2024-07-05 13:50:00+09:00,5730.0,5732.0,5726.0,5731.0,16500,0.0,0.0
2024-07-05 13:55:00+09:00,5733.0,5737.0,5729.0,5730.0,15400,0.0,0.0
2024-07-05 14:00:00+09:00,5729.0,5729.0,5713.0,5716.0,30800,0.0,0.0
2024-07-05 14:05:00+09:00,5717.0,5720.0,5714.0,5716.0,16500,0.0,0.0
2024-07-05 14:10:00+09:00,5716.0,5722.0,5715.0,5721.0,24700,0.0,0.0
2024-07-05 14:15:00+09:00,5721.0,5728.0,5721.0,5725.0,17500,0.0,0.0
2024-07-05 14:20:00+09:00,5725.0,5729.0,5723.0,5729.0,14300,0.0,0.0
2024-07-05 14:25:00+09:00,5729.0,5732.0,5723.0,5727.0,31900,0.0,0.0
2024-07-05 14:30:00+09:00,5728.0,5739.0,5728.0,5737.0,26500,0.0,0.0
2024-07-05 14:35:00+09:00,5738.0,5745.0,5738.0,5742.0,44700,0.0,0.0
2024-07-05 14:40:00+09:00,5743.0,5745.0,5731.0,5733.0,24900,0.0,0.0
2024-07-05 14:45:00+09:00,5734.0,5736.0,5718.0,5719.0,31100,0.0,0.0
2024-07-05 14:50:00+09:00,5719.0,5731.0,5719.0,5730.0,49900,0.0,0.0
2024-07-05 14:55:00+09:00,5731.0,5744.0,5731.0,5736.0,87000,0.0,0.0
2024-07-08 09:00:00+09:00,5752.0,5835.0,5752.0,5831.0,337400,0.0,0.0
2024-07-08 09:05:00+09:00,5827.0,5871.0,5825.0,5869.0,168000,0.0,0.0
2024-07-08 09:10:00+09:00,5870.0,5875.0,5850.0,5859.0,107100,0.0,0.0
2024-07-08 09:15:00+09:00,5859.0,5899.0,5859.0,5892.0,106600,0.0,0.0
2024-07-08 09:20:00+09:00,5891.0,5897.0,5856.0,5859.0,53700,0.0,0.0
2024-07-08 09:25:00+09:00,5862.0,5870.0,5852.0,5860.0,50500,0.0,0.0
2024-07-08 09:30:00+09:00,5861.0,5875.0,5844.0,5844.0,56800,0.0,0.0
2024-07-08 09:35:00+09:00,5845.0,5865.0,5837.0,5864.0,46600,0.0,0.0
2024-07-08 09:40:00+09:00,5865.0,5865.0,5843.0,5845.0,26200,0.0,0.0
2024-07-08 09:45:00+09:00,5844.0,5847.0,5822.0,5826.0,30300,0.0,0.0
2024-07-08 09:50:00+09:00,5826.0,5838.0,5820.0,5838.0,25900,0.0,0.0
2024-07-08 09:55:00+09:00,5836.0,5843.0,5834.0,5837.0,24200,0.0,0.0
2024-07-08 10:00:00+09:00,5837.0,5856.0,5837.0,5855.0,37800,0.0,0.0
2024-07-08 10:05:00+09:00,5856.0,5863.0,5855.0,5860.0,35800,0.0,0.0
2024-07-08 10:10:00+09:00,5859.0,5865.0,5859.0,5864.0,24100,0.0,0.0
2024-07-08 10:15:00+09:00,5864.0,5864.0,5846.0,5847.0,22600,0.0,0.0
2024-07-08 10:20:00+09:00,5848.0,5859.0,5841.0,5857.0,22400,0.0,0.0
2024-07-08 10:25:00+09:00,5857.0,5868.0,5855.0,5861.0,22800,0.0,0.0
2024-07-08 10:30:00+09:00,5860.0,5868.0,5859.0,5863.0,25200,0.0,0.0
2024-07-08 10:35:00+09:00,5863.0,5863.0,5850.0,5853.0,22200,0.0,0.0
2024-07-08 10:40:00+09:00,5852.0,5865.0,5847.0,5862.0,24300,0.0,0.0
2024-07-08 10:45:00+09:00,5862.0,5863.0,5857.0,5863.0,20100,0.0,0.0
2024-07-08 10:50:00+09:00,5863.0,5865.0,5846.0,5847.0,25000,0.0,0.0
2024-07-08 10:55:00+09:00,5847.0,5854.0,5846.0,5851.0,17600,0.0,0.0
2024-07-08 11:00:00+09:00,5852.0,5858.0,5851.0,5855.0,20900,0.0,0.0
2024-07-08 11:05:00+09:00,5856.0,5867.0,5854.0,5864.0,32000,0.0,0.0
2024-07-08 11:10:00+09:00,5864.0,5885.0,5864.0,5880.0,61200,0.0,0.0
2024-07-08 11:15:00+09:00,5881.0,5897.0,5877.0,5896.0,44700,0.0,0.0
2024-07-08 11:20:00+09:00,5894.0,5908.0,5877.0,5880.0,107000,0.0,0.0
2024-07-08 11:25:00+09:00,5879.0,5890.0,5878.0,5885.0,32100,0.0,0.0
2024-07-08 11:30:00+09:00,5892.0,5892.0,5892.0,5892.0,4100,0.0,0.0
2024-07-08 11:35:00+09:00,5892.0,5892.0,5892.0,5892.0,0,0.0,0.0
2024-07-08 12:30:00+09:00,5892.0,5894.0,5881.0,5881.0,1704700,0.0,0.0
2024-07-08 12:35:00+09:00,5874.0,5893.0,5874.0,5892.0,44800,0.0,0.0
2024-07-08 12:40:00+09:00,5893.0,5897.0,5881.0,5882.0,37300,0.0,0.0
2024-07-08 12:45:00+09:00,5881.0,5892.0,5876.0,5889.0,34000,0.0,0.0
2024-07-08 12:50:00+09:00,5888.0,5889.0,5885.0,5888.0,14400,0.0,0.0
2024-07-08 12:55:00+09:00,5888.0,5888.0,5875.0,5880.0,31100,0.0,0.0
2024-07-08 13:00:00+09:00,5880.0,5884.0,5876.0,5879.0,22000,0.0,0.0
2024-07-08 13:05:00+09:00,5880.0,5880.0,5869.0,5876.0,25700,0.0,0.0
2024-07-08 13:10:00+09:00,5876.0,5882.0,5875.0,5879.0,17200,0.0,0.0
2024-07-08 13:15:00+09:00,5879.0,5880.0,5872.0,5873.0,22000,0.0,0.0
2024-07-08 13:20:00+09:00,5871.0,5874.0,5864.0,5865.0,22400,0.0,0.0
2024-07-08 13:25:00+09:00,5865.0,5869.0,5862.0,5869.0,18300,0.0,0.0
2024-07-08 13:30:00+09:00,5870.0,5876.0,5870.0,5876.0,18800,0.0,0.0
2024-07-08 13:35:00+09:00,5876.0,5877.0,5865.0,5870.0,21300,0.0,0.0
2024-07-08 13:40:00+09:00,5871.0,5875.0,5859.0,5859.0,29000,0.0,0.0
2024-07-08 13:45:00+09:00,5861.0,5862.0,5856.0,5862.0,17500,0.0,0.0
2024-07-08 13:50:00+09:00,5862.0,5865.0,5860.0,5863.0,15500,0.0,0.0
2024-07-08 13:55:00+09:00,5863.0,5865.0,5862.0,5864.0,14000,0.0,0.0
2024-07-08 14:00:00+09:00,5864.0,5864.0,5859.0,5863.0,21800,0.0,0.0
2024-07-08 14:05:00+09:00,5864.0,5865.0,5855.0,5855.0,20400,0.0,0.0
2024-07-08 14:10:00+09:00,5856.0,5856.0,5840.0,5845.0,28100,0.0,0.0
2024-07-08 14:15:00+09:00,5845.0,5849.0,5845.0,5845.0,21300,0.0,0.0
2024-07-08 14:20:00+09:00,5845.0,5852.0,5844.0,5851.0,23300,0.0,0.0
2024-07-08 14:25:00+09:00,5852.0,5853.0,5842.0,5844.0,22300,0.0,0.0
2024-07-08 14:30:00+09:00,5843.0,5852.0,5843.0,5848.0,23400,0.0,0.0
2024-07-08 14:35:00+09:00,5848.0,5852.0,5845.0,5849.0,36200,0.0,0.0
2024-07-08 14:40:00+09:00,5848.0,5848.0,5834.0,5848.0,37500,0.0,0.0
2024-07-08 14:45:00+09:00,5848.0,5850.0,5832.0,5836.0,41700,0.0,0.0
2024-07-08 14:50:00+09:00,5835.0,5843.0,5832.0,5843.0,50300,0.0,0.0
2024-07-08 14:55:00+09:00,5842.0,5850.0,5829.0,5829.0,155500,0.0,0.0
2024-07-09 09:00:00+09:00,5809.0,5816.0,5772.0,5788.0,307500,0.0,0.0
2024-07-09 09:05:00+09:00,5788.0,5802.0,5783.0,5791.0,78500,0.0,0.0
2024-07-09 09:10:00+09:00,5791.0,5814.0,5785.0,5810.0,73200,0.0,0.0
2024-07-09 09:15:00+09:00,5809.0,5821.0,5798.0,5807.0,53700,0.0,0.0
2024-07-09 09:20:00+09:00,5806.0,5830.0,5805.0,5830.0,51500,0.0,0.0
2024-07-09 09:25:00+09:00,5829.0,5854.0,5819.0,5841.0,75900,0.0,0.0
2024-07-09 09:30:00+09:00,5842.0,5842.0,5818.0,5836.0,50100,0.0,0.0
2024-07-09 09:35:00+09:00,5834.0,5835.0,5814.0,5822.0,44800,0.0,0.0
2024-07-09 09:40:00+09:00,5820.0,5833.0,5817.0,5833.0,32800,0.0,0.0
2024-07-09 09:45:00+09:00,5833.0,5836.0,5827.0,5835.0,31900,0.0,0.0
2024-07-09 09:50:00+09:00,5834.0,5835.0,5820.0,5820.0,43400,0.0,0.0
2024-07-09 09:55:00+09:00,5819.0,5821.0,5796.0,5807.0,46000,0.0,0.0
2024-07-09 10:00:00+09:00,5805.0,5829.0,5803.0,5829.0,31700,0.0,0.0
2024-07-09 10:05:00+09:00,5830.0,5839.0,5830.0,5837.0,26700,0.0,0.0
2024-07-09 10:10:00+09:00,5839.0,5839.0,5831.0,5833.0,38200,0.0,0.0
2024-07-09 10:15:00+09:00,5833.0,5841.0,5830.0,5839.0,24800,0.0,0.0
2024-07-09 10:20:00+09:00,5840.0,5852.0,5840.0,5851.0,36000,0.0,0.0
2024-07-09 10:25:00+09:00,5851.0,5864.0,5844.0,5858.0,38800,0.0,0.0
2024-07-09 10:30:00+09:00,5859.0,5859.0,5847.0,5850.0,28900,0.0,0.0
2024-07-09 10:35:00+09:00,5850.0,5850.0,5827.0,5828.0,42800,0.0,0.0
2024-07-09 10:40:00+09:00,5827.0,5831.0,5822.0,5826.0,30800,0.0,0.0
2024-07-09 10:45:00+09:00,5828.0,5849.0,5828.0,5845.0,34500,0.0,0.0
2024-07-09 10:50:00+09:00,5845.0,5856.0,5844.0,5853.0,35400,0.0,0.0
2024-07-09 10:55:00+09:00,5852.0,5852.0,5840.0,5844.0,35700,0.0,0.0
2024-07-09 11:00:00+09:00,5845.0,5852.0,5843.0,5852.0,21400,0.0,0.0
2024-07-09 11:05:00+09:00,5853.0,5863.0,5850.0,5858.0,26400,0.0,0.0
2024-07-09 11:10:00+09:00,5858.0,5860.0,5851.0,5852.0,33100,0.0,0.0
2024-07-09 11:15:00+09:00,5852.0,5856.0,5845.0,5856.0,22400,0.0,0.0
2024-07-09 11:20:00+09:00,5856.0,5859.0,5842.0,5844.0,24600,0.0,0.0
2024-07-09 11:25:00+09:00,5843.0,5863.0,5843.0,5862.0,23700,0.0,0.0
2024-07-09 11:30:00+09:00,5862.0,5862.0,5862.0,5862.0,90300,0.0,0.0
2024-07-09 11:35:00+09:00,5862.0,5862.0,5862.0,5862.0,0,0.0,0.0
2024-07-09 12:30:00+09:00,5862.0,5879.0,5861.0,5879.0,1674200,0.0,0.0
2024-07-09 12:35:00+09:00,5884.0,5889.0,5878.0,5879.0,66700,0.0,0.0
2024-07-09 12:40:00+09:00,5881.0,5881.0,5874.0,5874.0,45800,0.0,0.0
2024-07-09 12:45:00+09:00,5874.0,5888.0,5870.0,5885.0,41800,0.0,0.0
2024-07-09 12:50:00+09:00,5884.0,5895.0,5880.0,5894.0,36500,0.0,0.0
2024-07-09 12:55:00+09:00,5895.0,5897.0,5888.0,5891.0,36000,0.0,0.0
2024-07-09 13:00:00+09:00,5891.0,5902.0,5890.0,5898.0,98500,0.0,0.0
2024-07-09 13:05:00+09:00,5898.0,5902.0,5892.0,5900.0,33300,0.0,0.0
2024-07-09 13:10:00+09:00,5901.0,5905.0,5896.0,5905.0,63700,0.0,0.0
2024-07-09 13:15:00+09:00,5904.0,5904.0,5896.0,5903.0,36600,0.0,0.0
2024-07-09 13:20:00+09:00,5903.0,5904.0,5899.0,5899.0,24300,0.0,0.0
2024-07-09 13:25:00+09:00,5900.0,5903.0,5886.0,5888.0,45800,0.0,0.0
2024-07-09 13:30:00+09:00,5886.0,5894.0,5886.0,5891.0,25700,0.0,0.0
2024-07-09 13:35:00+09:00,5891.0,5900.0,5890.0,5899.0,26300,0.0,0.0
2024-07-09 13:40:00+09:00,5899.0,5904.0,5897.0,5903.0,29900,0.0,0.0
2024-07-09 13:45:00+09:00,5902.0,5903.0,5899.0,5902.0,24500,0.0,0.0
2024-07-09 13:50:00+09:00,5903.0,5903.0,5893.0,5899.0,30800,0.0,0.0
2024-07-09 13:55:00+09:00,5900.0,5919.0,5900.0,5919.0,62200,0.0,0.0
2024-07-09 14:00:00+09:00,5919.0,5919.0,5911.0,5916.0,27600,0.0,0.0
2024-07-09 14:05:00+09:00,5916.0,5918.0,5910.0,5918.0,25900,0.0,0.0
2024-07-09 14:10:00+09:00,5918.0,5921.0,5915.0,5917.0,50400,0.0,0.0
2024-07-09 14:15:00+09:00,5918.0,5920.0,5912.0,5913.0,38800,0.0,0.0
2024-07-09 14:20:00+09:00,5913.0,5920.0,5913.0,5918.0,34600,0.0,0.0
2024-07-09 14:25:00+09:00,5918.0,5926.0,5918.0,5920.0,53600,0.0,0.0
2024-07-09 14:30:00+09:00,5921.0,5924.0,5912.0,5916.0,47900,0.0,0.0
2024-07-09 14:35:00+09:00,5915.0,5920.0,5914.0,5916.0,37800,0.0,0.0
2024-07-09 14:40:00+09:00,5917.0,5925.0,5912.0,5912.0,50000,0.0,0.0
2024-07-09 14:45:00+09:00,5912.0,5924.0,5912.0,5924.0,81700,0.0,0.0
2024-07-09 14:50:00+09:00,5925.0,5929.0,5920.0,5926.0,79600,0.0,0.0
2024-07-09 14:55:00+09:00,5925.0,5926.0,5888.0,5892.0,171800,0.0,0.0
2024-07-10 09:00:00+09:00,5879.0,5959.0,5879.0,5953.0,265600,0.0,0.0
2024-07-10 09:05:00+09:00,5954.0,5955.0,5931.0,5952.0,77100,0.0,0.0
2024-07-10 09:10:00+09:00,5952.0,5956.0,5942.0,5948.0,36700,0.0,0.0
2024-07-10 09:15:00+09:00,5946.0,5955.0,5943.0,5948.0,32100,0.0,0.0
2024-07-10 09:20:00+09:00,5948.0,5948.0,5926.0,5929.0,36400,0.0,0.0
2024-07-10 09:25:00+09:00,5928.0,5932.0,5915.0,5916.0,35400,0.0,0.0
2024-07-10 09:30:00+09:00,5915.0,5920.0,5905.0,5918.0,35100,0.0,0.0
2024-07-10 09:35:00+09:00,5917.0,5919.0,5880.0,5882.0,56200,0.0,0.0
2024-07-10 09:40:00+09:00,5884.0,5885.0,5849.0,5854.0,74100,0.0,0.0
2024-07-10 09:45:00+09:00,5854.0,5877.0,5854.0,5875.0,48700,0.0,0.0
2024-07-10 09:50:00+09:00,5875.0,5904.0,5875.0,5885.0,67900,0.0,0.0
2024-07-10 09:55:00+09:00,5886.0,5893.0,5881.0,5890.0,31300,0.0,0.0
2024-07-10 10:00:00+09:00,5891.0,5893.0,5882.0,5884.0,30500,0.0,0.0
2024-07-10 10:05:00+09:00,5884.0,5904.0,5884.0,5902.0,30700,0.0,0.0
2024-07-10 10:10:00+09:00,5904.0,5919.0,5904.0,5919.0,26000,0.0,0.0
2024-07-10 10:15:00+09:00,5918.0,5923.0,5902.0,5903.0,28300,0.0,0.0
2024-07-10 10:20:00+09:00,5904.0,5905.0,5896.0,5903.0,26700,0.0,0.0
2024-07-10 10:25:00+09:00,5903.0,5912.0,5898.0,5910.0,22100,0.0,0.0
2024-07-10 10:30:00+09:00,5911.0,5927.0,5907.0,5927.0,37200,0.0,0.0
2024-07-10 10:35:00+09:00,5928.0,5937.0,5926.0,5929.0,28500,0.0,0.0
2024-07-10 10:40:00+09:00,5929.0,5929.0,5915.0,5918.0,26800,0.0,0.0
2024-07-10 10:45:00+09:00,5918.0,5918.0,5907.0,5909.0,30500,0.0,0.0
2024-07-10 10:50:00+09:00,5912.0,5915.0,5907.0,5913.0,17200,0.0,0.0
2024-07-10 10:55:00+09:00,5913.0,5929.0,5913.0,5926.0,25600,0.0,0.0
2024-07-10 11:00:00+09:00,5928.0,5938.0,5925.0,5928.0,40600,0.0,0.0
2024-07-10 11:05:00+09:00,5928.0,5939.0,5928.0,5937.0,27100,0.0,0.0
2024-07-10 11:10:00+09:00,5936.0,5943.0,5930.0,5932.0,24400,0.0,0.0
2024-07-10 11:15:00+09:00,5931.0,5931.0,5915.0,5915.0,28800,0.0,0.0
2024-07-10 11:20:00+09:00,5916.0,5926.0,5914.0,5926.0,25500,0.0,0.0
2024-07-10 11:25:00+09:00,5926.0,5927.0,5909.0,5911.0,28600,0.0,0.0
2024-07-10 11:30:00+09:00,5913.0,5913.0,5913.0,5913.0,82300,0.0,0.0
2024-07-10 11:35:00+09:00,5913.0,5913.0,5913.0,5913.0,0,0.0,0.0
2024-07-10 12:30:00+09:00,5900.0,5918.0,5882.0,5893.0,1492700,0.0,0.0
2024-07-10 12:35:00+09:00,5894.0,5896.0,5883.0,5884.0,46400,0.0,0.0
2024-07-10 12:40:00+09:00,5883.0,5897.0,5881.0,5892.0,40300,0.0,0.0
2024-07-10 12:45:00+09:00,5893.0,5895.0,5884.0,5884.0,30900,0.0,0.0
2024-07-10 12:50:00+09:00,5885.0,5890.0,5879.0,5884.0,29300,0.0,0.0
2024-07-10 12:55:00+09:00,5884.0,5890.0,5880.0,5881.0,26800,0.0,0.0
2024-07-10 13:00:00+09:00,5881.0,5891.0,5881.0,5887.0,20500,0.0,0.0
2024-07-10 13:05:00+09:00,5887.0,5892.0,5885.0,5886.0,23700,0.0,0.0
2024-07-10 13:10:00+09:00,5886.0,5886.0,5869.0,5869.0,30300,0.0,0.0
2024-07-10 13:15:00+09:00,5869.0,5876.0,5861.0,5866.0,52200,0.0,0.0
2024-07-10 13:20:00+09:00,5865.0,5876.0,5864.0,5873.0,25700,0.0,0.0
2024-07-10 13:25:00+09:00,5873.0,5875.0,5871.0,5873.0,16500,0.0,0.0
2024-07-10 13:30:00+09:00,5873.0,5889.0,5870.0,5887.0,22400,0.0,0.0
2024-07-10 13:35:00+09:00,5888.0,5891.0,5886.0,5890.0,20800,0.0,0.0
2024-07-10 13:40:00+09:00,5889.0,5889.0,5879.0,5886.0,31500,0.0,0.0
2024-07-10 13:45:00+09:00,5887.0,5887.0,5881.0,5883.0,17600,0.0,0.0
2024-07-10 13:50:00+09:00,5884.0,5885.0,5879.0,5879.0,18000,0.0,0.0
2024-07-10 13:55:00+09:00,5880.0,5887.0,5879.0,5887.0,20200,0.0,0.0
2024-07-10 14:00:00+09:00,5888.0,5896.0,5888.0,5892.0,22100,0.0,0.0
2024-07-10 14:05:00+09:00,5892.0,5899.0,5892.0,5896.0,25100,0.0,0.0
2024-07-10 14:10:00+09:00,5896.0,5899.0,5894.0,5896.0,24000,0.0,0.0
2024-07-10 14:15:00+09:00,5896.0,5900.0,5890.0,5896.0,38200,0.0,0.0
2024-07-10 14:20:00+09:00,5896.0,5903.0,5895.0,5899.0,34200,0.0,0.0
2024-07-10 14:25:00+09:00,5899.0,5903.0,5890.0,5898.0,49200,0.0,0.0
2024-07-10 14:30:00+09:00,5897.0,5908.0,5896.0,5906.0,51200,0.0,0.0
2024-07-10 14:35:00+09:00,5906.0,5907.0,5896.0,5902.0,57600,0.0,0.0
2024-07-10 14:40:00+09:00,5902.0,5902.0,5893.0,5893.0,46700,0.0,0.0
2024-07-10 14:45:00+09:00,5894.0,5897.0,5889.0,5891.0,67000,0.0,0.0
2024-07-10 14:50:00+09:00,5891.0,5901.0,5889.0,5900.0,74100,0.0,0.0
2024-07-10 14:55:00+09:00,5899.0,5907.0,5876.0,5876.0,255400,0.0,0.0
2024-07-11 09:00:00+09:00,5960.0,6017.0,5952.0,6014.0,575200,0.0,0.0
2024-07-11 09:05:00+09:00,6017.0,6033.0,6007.0,6012.0,121400,0.0,0.0
2024-07-11 09:10:00+09:00,6011.0,6040.0,5998.0,6022.0,87600,0.0,0.0
2024-07-11 09:15:00+09:00,6021.0,6043.0,6021.0,6032.0,99100,0.0,0.0
2024-07-11 09:20:00+09:00,6034.0,6044.0,6029.0,6033.0,61100,0.0,0.0
2024-07-11 09:25:00+09:00,6033.0,6039.0,6015.0,6024.0,33300,0.0,0.0
2024-07-11 09:30:00+09:00,6024.0,6047.0,6023.0,6038.0,56600,0.0,0.0
2024-07-11 09:35:00+09:00,6038.0,6048.0,6035.0,6040.0,44200,0.0,0.0
2024-07-11 09:40:00+09:00,6041.0,6048.0,6035.0,6043.0,32900,0.0,0.0
2024-07-11 09:45:00+09:00,6043.0,6054.0,6039.0,6039.0,92800,0.0,0.0
2024-07-11 09:50:00+09:00,6038.0,6053.0,6037.0,6037.0,52700,0.0,0.0
2024-07-11 09:55:00+09:00,6036.0,6036.0,6008.0,6017.0,39100,0.0,0.0
2024-07-11 10:00:00+09:00,6015.0,6034.0,6012.0,6014.0,46600,0.0,0.0
2024-07-11 10:05:00+09:00,6014.0,6031.0,6014.0,6025.0,24000,0.0,0.0
2024-07-11 10:10:00+09:00,6024.0,6042.0,6023.0,6042.0,32400,0.0,0.0
2024-07-11 10:15:00+09:00,6041.0,6043.0,6019.0,6020.0,30000,0.0,0.0
2024-07-11 10:20:00+09:00,6020.0,6021.0,6008.0,6014.0,24700,0.0,0.0
2024-07-11 10:25:00+09:00,6015.0,6019.0,6008.0,6012.0,21300,0.0,0.0
2024-07-11 10:30:00+09:00,6012.0,6015.0,6008.0,6013.0,17900,0.0,0.0
2024-07-11 10:35:00+09:00,6015.0,6023.0,6012.0,6016.0,21100,0.0,0.0
2024-07-11 10:40:00+09:00,6015.0,6026.0,6015.0,6025.0,24000,0.0,0.0
2024-07-11 10:45:00+09:00,6025.0,6027.0,6021.0,6023.0,18000,0.0,0.0
2024-07-11 10:50:00+09:00,6023.0,6033.0,6022.0,6033.0,18200,0.0,0.0
2024-07-11 10:55:00+09:00,6031.0,6035.0,6027.0,6030.0,17600,0.0,0.0
2024-07-11 11:00:00+09:00,6029.0,6035.0,6023.0,6034.0,21000,0.0,0.0
2024-07-11 11:05:00+09:00,6033.0,6036.0,6029.0,6029.0,20200,0.0,0.0
2024-07-11 11:10:00+09:00,6029.0,6030.0,6025.0,6028.0,20400,0.0,0.0
2024-07-11 11:15:00+09:00,6028.0,6042.0,6027.0,6042.0,22900,0.0,0.0
2024-07-11 11:20:00+09:00,6042.0,6043.0,6031.0,6032.0,33600,0.0,0.0
2024-07-11 11:25:00+09:00,6032.0,6035.0,6020.0,6026.0,25200,0.0,0.0
2024-07-11 11:30:00+09:00,6023.0,6023.0,6021.0,6021.0,69800,0.0,0.0
2024-07-11 11:35:00+09:00,6021.0,6021.0,6021.0,6021.0,0,0.0,0.0
2024-07-11 12:30:00+09:00,6027.0,6045.0,6024.0,6034.0,1899700,0.0,0.0
2024-07-11 12:35:00+09:00,6034.0,6048.0,6030.0,6047.0,32000,0.0,0.0
2024-07-11 12:40:00+09:00,6046.0,6046.0,6038.0,6042.0,25000,0.0,0.0
2024-07-11 12:45:00+09:00,6042.0,6052.0,6042.0,6047.0,62600,0.0,0.0
2024-07-11 12:50:00+09:00,6048.0,6056.0,6048.0,6052.0,50500,0.0,0.0
2024-07-11 12:55:00+09:00,6052.0,6054.0,6050.0,6051.0,23500,0.0,0.0
2024-07-11 13:00:00+09:00,6052.0,6053.0,6043.0,6049.0,24900,0.0,0.0
2024-07-11 13:05:00+09:00,6047.0,6047.0,6027.0,6027.0,28200,0.0,0.0
2024-07-11 13:10:00+09:00,6029.0,6038.0,6029.0,6032.0,19900,0.0,0.0
2024-07-11 13:15:00+09:00,6032.0,6038.0,6031.0,6037.0,21200,0.0,0.0
2024-07-11 13:20:00+09:00,6037.0,6044.0,6034.0,6041.0,23400,0.0,0.0
2024-07-11 13:25:00+09:00,6041.0,6044.0,6029.0,6040.0,25400,0.0,0.0
2024-07-11 13:30:00+09:00,6040.0,6040.0,6028.0,6033.0,19900,0.0,0.0
2024-07-11 13:35:00+09:00,6033.0,6039.0,6031.0,6032.0,18500,0.0,0.0
2024-07-11 13:40:00+09:00,6034.0,6038.0,6031.0,6032.0,14100,0.0,0.0
2024-07-11 13:45:00+09:00,6031.0,6032.0,6027.0,6029.0,17300,0.0,0.0
2024-07-11 13:50:00+09:00,6028.0,6030.0,6025.0,6028.0,15400,0.0,0.0
2024-07-11 13:55:00+09:00,6028.0,6037.0,6027.0,6037.0,21500,0.0,0.0
2024-07-11 14:00:00+09:00,6037.0,6042.0,6035.0,6041.0,35700,0.0,0.0
2024-07-11 14:05:00+09:00,6041.0,6042.0,6036.0,6036.0,27700,0.0,0.0
2024-07-11 14:10:00+09:00,6036.0,6046.0,6035.0,6043.0,41300,0.0,0.0
2024-07-11 14:15:00+09:00,6043.0,6046.0,6040.0,6044.0,22800,0.0,0.0
2024-07-11 14:20:00+09:00,6044.0,6045.0,6041.0,6045.0,30700,0.0,0.0
2024-07-11 14:25:00+09:00,6044.0,6049.0,6043.0,6048.0,32500,0.0,0.0
2024-07-11 14:30:00+09:00,6049.0,6050.0,6042.0,6045.0,49800,0.0,0.0
2024-07-11 14:35:00+09:00,6045.0,6056.0,6038.0,6041.0,57800,0.0,0.0
2024-07-11 14:40:00+09:00,6041.0,6049.0,6040.0,6046.0,30700,0.0,0.0
2024-07-11 14:45:00+09:00,6046.0,6046.0,6039.0,6041.0,49100,0.0,0.0
2024-07-11 14:50:00+09:00,6040.0,6040.0,6034.0,6038.0,69000,0.0,0.0
2024-07-11 14:55:00+09:00,6038.0,6039.0,6025.0,6037.0,135100,0.0,0.0
2024-07-12 09:00:00+09:00,5948.0,6041.0,5911.0,6007.0,1430100,0.0,0.0
2024-07-12 09:05:00+09:00,6005.0,6033.0,5997.0,6033.0,66900,0.0,0.0
2024-07-12 09:10:00+09:00,6034.0,6046.0,6011.0,6021.0,66100,0.0,0.0
2024-07-12 09:15:00+09:00,6020.0,6025.0,5994.0,5998.0,44300,0.0,0.0
2024-07-12 09:20:00+09:00,6000.0,6018.0,5991.0,6018.0,41600,0.0,0.0
2024-07-12 09:25:00+09:00,6017.0,6026.0,6011.0,6016.0,43900,0.0,0.0
2024-07-12 09:30:00+09:00,6017.0,6038.0,6017.0,6030.0,55600,0.0,0.0
2024-07-12 09:35:00+09:00,6030.0,6034.0,6016.0,6016.0,49300,0.0,0.0
2024-07-12 09:40:00+09:00,6015.0,6023.0,6009.0,6009.0,37300,0.0,0.0
2024-07-12 09:45:00+09:00,6009.0,6018.0,5999.0,5999.0,32400,0.0,0.0
2024-07-12 09:50:00+09:00,5999.0,6000.0,5983.0,5990.0,41300,0.0,0.0
2024-07-12 09:55:00+09:00,5990.0,5991.0,5957.0,5957.0,65800,0.0,0.0
2024-07-12 10:00:00+09:00,5958.0,5969.0,5956.0,5965.0,70200,0.0,0.0
2024-07-12 10:05:00+09:00,5966.0,5972.0,5960.0,5967.0,73300,0.0,0.0
2024-07-12 10:10:00+09:00,5969.0,5978.0,5962.0,5975.0,55400,0.0,0.0
2024-07-12 10:15:00+09:00,5975.0,5983.0,5973.0,5973.0,44700,0.0,0.0
2024-07-12 10:20:00+09:00,5977.0,5982.0,5971.0,5979.0,28200,0.0,0.0
2024-07-12 10:25:00+09:00,5979.0,5980.0,5969.0,5976.0,27200,0.0,0.0
2024-07-12 10:30:00+09:00,5978.0,5991.0,5976.0,5991.0,37600,0.0,0.0
2024-07-12 10:35:00+09:00,5992.0,6009.0,5992.0,6002.0,33100,0.0,0.0
2024-07-12 10:40:00+09:00,6002.0,6015.0,6002.0,6014.0,19200,0.0,0.0
2024-07-12 10:45:00+09:00,6013.0,6017.0,6010.0,6011.0,28000,0.0,0.0
2024-07-12 10:50:00+09:00,6012.0,6014.0,6005.0,6006.0,21200,0.0,0.0
2024-07-12 10:55:00+09:00,6005.0,6006.0,5998.0,6003.0,20600,0.0,0.0
2024-07-12 11:00:00+09:00,6003.0,6004.0,5995.0,5996.0,18000,0.0,0.0
2024-07-12 11:05:00+09:00,5995.0,5998.0,5983.0,5991.0,30000,0.0,0.0
2024-07-12 11:10:00+09:00,5992.0,5999.0,5992.0,5998.0,13200,0.0,0.0
2024-07-12 11:15:00+09:00,5998.0,6015.0,5996.0,6014.0,30900,0.0,0.0
2024-07-12 11:20:00+09:00,6014.0,6018.0,6009.0,6009.0,21900,0.0,0.0
2024-07-12 11:25:00+09:00,6009.0,6015.0,6006.0,6014.0,9600,0.0,0.0
2024-07-12 11:30:00+09:00,6016.0,6016.0,6016.0,6016.0,2700,0.0,0.0
2024-07-12 11:35:00+09:00,6016.0,6016.0,6016.0,6016.0,0,0.0,0.0
2024-07-12 12:30:00+09:00,6016.0,6016.0,5994.0,5994.0,2639600,0.0,0.0
2024-07-12 12:35:00+09:00,5994.0,6001.0,5991.0,6001.0,20700,0.0,0.0
2024-07-12 12:40:00+09:00,6001.0,6008.0,5998.0,6008.0,26000,0.0,0.0
2024-07-12 12:45:00+09:00,6008.0,6013.0,6003.0,6006.0,25700,0.0,0.0
2024-07-12 12:50:00+09:00,6006.0,6007.0,5998.0,6001.0,21700,0.0,0.0
2024-07-12 12:55:00+09:00,6002.0,6008.0,6000.0,6005.0,19500,0.0,0.0
2024-07-12 13:00:00+09:00,6004.0,6005.0,5995.0,5997.0,20100,0.0,0.0
2024-07-12 13:05:00+09:00,5997.0,5997.0,5991.0,5993.0,22600,0.0,0.0
2024-07-12 13:10:00+09:00,5993.0,5998.0,5990.0,5996.0,14800,0.0,0.0
2024-07-12 13:15:00+09:00,5996.0,6008.0,5995.0,6005.0,19000,0.0,0.0
2024-07-12 13:20:00+09:00,6005.0,6008.0,6002.0,6002.0,16100,0.0,0.0
2024-07-12 13:25:00+09:00,6003.0,6005.0,5998.0,5999.0,15800,0.0,0.0
2024-07-12 13:30:00+09:00,5999.0,6002.0,5998.0,6002.0,11100,0.0,0.0
2024-07-12 13:35:00+09:00,6002.0,6008.0,6001.0,6005.0,16600,0.0,0.0
2024-07-12 13:40:00+09:00,6005.0,6007.0,6004.0,6005.0,11000,0.0,0.0
2024-07-12 13:45:00+09:00,6005.0,6006.0,6003.0,6005.0,12000,0.0,0.0
2024-07-12 13:50:00+09:00,6005.0,6007.0,5995.0,5995.0,20600,0.0,0.0
2024-07-12 13:55:00+09:00,5996.0,5999.0,5995.0,5998.0,14400,0.0,0.0
2024-07-12 14:00:00+09:00,5998.0,5999.0,5995.0,5997.0,18100,0.0,0.0
2024-07-12 14:05:00+09:00,5998.0,6006.0,5998.0,6006.0,17400,0.0,0.0
2024-07-12 14:10:00+09:00,6007.0,6009.0,6004.0,6005.0,19200,0.0,0.0
2024-07-12 14:15:00+09:00,6005.0,6006.0,5997.0,5997.0,23600,0.0,0.0
2024-07-12 14:20:00+09:00,5998.0,5999.0,5993.0,5999.0,26900,0.0,0.0
2024-07-12 14:25:00+09:00,5999.0,6000.0,5995.0,6000.0,22200,0.0,0.0
2024-07-12 14:30:00+09:00,6001.0,6010.0,6001.0,6007.0,39600,0.0,0.0
2024-07-12 14:35:00+09:00,6007.0,6007.0,6001.0,6003.0,40700,0.0,0.0
2024-07-12 14:40:00+09:00,6004.0,6010.0,6004.0,6006.0,35700,0.0,0.0
2024-07-12 14:45:00+09:00,6006.0,6012.0,6000.0,6012.0,49300,0.0,0.0
2024-07-12 14:50:00+09:00,6013.0,6015.0,6006.0,6008.0,56400,0.0,0.0
2024-07-12 14:55:00+09:00,6007.0,6015.0,5991.0,6005.0,156200,0.0,0.0
2024-07-16 09:00:00+09:00,6034.0,6105.0,6034.0,6084.0,380400,0.0,0.0
2024-07-16 09:05:00+09:00,6084.0,6092.0,6063.0,6068.0,100900,0.0,0.0
2024-07-16 09:10:00+09:00,6069.0,6069.0,6047.0,6049.0,69400,0.0,0.0
2024-07-16 09:15:00+09:00,6049.0,6056.0,6041.0,6051.0,69700,0.0,0.0
2024-07-16 09:20:00+09:00,6051.0,6052.0,6033.0,6041.0,69900,0.0,0.0
2024-07-16 09:25:00+09:00,6042.0,6060.0,6041.0,6056.0,43900,0.0,0.0
2024-07-16 09:30:00+09:00,6055.0,6069.0,6055.0,6060.0,42700,0.0,0.0
2024-07-16 09:35:00+09:00,6059.0,6070.0,6053.0,6068.0,32100,0.0,0.0
2024-07-16 09:40:00+09:00,6069.0,6079.0,6066.0,6071.0,25500,0.0,0.0
2024-07-16 09:45:00+09:00,6071.0,6084.0,6061.0,6065.0,40600,0.0,0.0
2024-07-16 09:50:00+09:00,6066.0,6080.0,6059.0,6078.0,26300,0.0,0.0
2024-07-16 09:55:00+09:00,6080.0,6080.0,6056.0,6058.0,29300,0.0,0.0
2024-07-16 10:00:00+09:00,6058.0,6060.0,6041.0,6042.0,37000,0.0,0.0
2024-07-16 10:05:00+09:00,6042.0,6046.0,6037.0,6038.0,21100,0.0,0.0
2024-07-16 10:10:00+09:00,6032.0,6035.0,6024.0,6024.0,34900,0.0,0.0
2024-07-16 10:15:00+09:00,6025.0,6041.0,6025.0,6038.0,18100,0.0,0.0
2024-07-16 10:20:00+09:00,6039.0,6039.0,6025.0,6033.0,20600,0.0,0.0
2024-07-16 10:25:00+09:00,6034.0,6042.0,6034.0,6038.0,17800,0.0,0.0
2024-07-16 10:30:00+09:00,6037.0,6038.0,6028.0,6030.0,15900,0.0,0.0
2024-07-16 10:35:00+09:00,6030.0,6031.0,6021.0,6022.0,18000,0.0,0.0
2024-07-16 10:40:00+09:00,6024.0,6037.0,6024.0,6035.0,12500,0.0,0.0
2024-07-16 10:45:00+09:00,6035.0,6051.0,6035.0,6047.0,26200,0.0,0.0
2024-07-16 10:50:00+09:00,6047.0,6058.0,6047.0,6055.0,15700,0.0,0.0
2024-07-16 10:55:00+09:00,6055.0,6055.0,6027.0,6033.0,26500,0.0,0.0
2024-07-16 11:00:00+09:00,6034.0,6050.0,6034.0,6046.0,20300,0.0,0.0
2024-07-16 11:05:00+09:00,6045.0,6058.0,6045.0,6058.0,17200,0.0,0.0
2024-07-16 11:10:00+09:00,6059.0,6061.0,6054.0,6054.0,15600,0.0,0.0
2024-07-16 11:15:00+09:00,6054.0,6057.0,6045.0,6045.0,14200,0.0,0.0
2024-07-16 11:20:00+09:00,6046.0,6050.0,6039.0,6039.0,14300,0.0,0.0
2024-07-16 11:25:00+09:00,6041.0,6050.0,6041.0,6050.0,9400,0.0,0.0
2024-07-16 11:30:00+09:00,6050.0,6050.0,6050.0,6050.0,1500,0.0,0.0
2024-07-16 11:35:00+09:00,6050.0,6050.0,6050.0,6050.0,0,0.0,0.0
2024-07-16 12:30:00+09:00,6041.0,6044.0,6026.0,6043.0,1372300,0.0,0.0
2024-07-16 12:35:00+09:00,6045.0,6045.0,6034.0,6034.0,22400,0.0,0.0
2024-07-16 12:40:00+09:00,6034.0,6035.0,6026.0,6029.0,20300,0.0,0.0
2024-07-16 12:45:00+09:00,6030.0,6030.0,6028.0,6030.0,10800,0.0,0.0
2024-07-16 12:50:00+09:00,6031.0,6042.0,6023.0,6041.0,40500,0.0,0.0
2024-07-16 12:55:00+09:00,6042.0,6045.0,6037.0,6039.0,14600,0.0,0.0
2024-07-16 13:00:00+09:00,6039.0,6040.0,6029.0,6032.0,15600,0.0,0.0
2024-07-16 13:05:00+09:00,6032.0,6036.0,6031.0,6034.0,16400,0.0,0.0
2024-07-16 13:10:00+09:00,6035.0,6039.0,6031.0,6032.0,27100,0.0,0.0
2024-07-16 13:15:00+09:00,6032.0,6034.0,6023.0,6026.0,26700,0.0,0.0
2024-07-16 13:20:00+09:00,6026.0,6026.0,6017.0,6017.0,23100,0.0,0.0
2024-07-16 13:25:00+09:00,6017.0,6021.0,6011.0,6014.0,15100,0.0,0.0
2024-07-16 13:30:00+09:00,6016.0,6024.0,6016.0,6022.0,15200,0.0,0.0
2024-07-16 13:35:00+09:00,6023.0,6025.0,6018.0,6018.0,15200,0.0,0.0
2024-07-16 13:40:00+09:00,6018.0,6022.0,6016.0,6022.0,13700,0.0,0.0
2024-07-16 13:45:00+09:00,6023.0,6025.0,6018.0,6019.0,17900,0.0,0.0
2024-07-16 13:50:00+09:00,6018.0,6019.0,6015.0,6018.0,10300,0.0,0.0
2024-07-16 13:55:00+09:00,6018.0,6021.0,6015.0,6015.0,21700,0.0,0.0
2024-07-16 14:00:00+09:00,6015.0,6021.0,6013.0,6021.0,13500,0.0,0.0
2024-07-16 14:05:00+09:00,6020.0,6021.0,6018.0,6019.0,8600,0.0,0.0
2024-07-16 14:10:00+09:00,6020.0,6021.0,6013.0,6014.0,15000,0.0,0.0
2024-07-16 14:15:00+09:00,6013.0,6021.0,6013.0,6021.0,22400,0.0,0.0
2024-07-16 14:20:00+09:00,6022.0,6024.0,6020.0,6022.0,15400,0.0,0.0
2024-07-16 14:25:00+09:00,6022.0,6028.0,6021.0,6023.0,21700,0.0,0.0
2024-07-16 14:30:00+09:00,6024.0,6026.0,6023.0,6023.0,21000,0.0,0.0
2024-07-16 14:35:00+09:00,6023.0,6028.0,6023.0,6028.0,24800,0.0,0.0
2024-07-16 14:40:00+09:00,6029.0,6031.0,6024.0,6024.0,34100,0.0,0.0
2024-07-16 14:45:00+09:00,6025.0,6033.0,6016.0,6016.0,44500,0.0,0.0
2024-07-16 14:50:00+09:00,6017.0,6019.0,6010.0,6012.0,50900,0.0,0.0
2024-07-16 14:55:00+09:00,6013.0,6024.0,6005.0,6008.0,113200,0.0,0.0
2024-07-17 09:00:00+09:00,6062.0,6089.0,6055.0,6062.0,311900,0.0,0.0
2024-07-17 09:05:00+09:00,6062.0,6090.0,6052.0,6085.0,89500,0.0,0.0
2024-07-17 09:10:00+09:00,6086.0,6109.0,6085.0,6101.0,134400,0.0,0.0
2024-07-17 09:15:00+09:00,6101.0,6103.0,6048.0,6067.0,64800,0.0,0.0
2024-07-17 09:20:00+09:00,6068.0,6073.0,6061.0,6072.0,39300,0.0,0.0
2024-07-17 09:25:00+09:00,6074.0,6076.0,6066.0,6071.0,27300,0.0,0.0
2024-07-17 09:30:00+09:00,6070.0,6074.0,6065.0,6071.0,24700,0.0,0.0
2024-07-17 09:35:00+09:00,6071.0,6072.0,6046.0,6054.0,50700,0.0,0.0
2024-07-17 09:40:00+09:00,6054.0,6054.0,6033.0,6045.0,23100,0.0,0.0
2024-07-17 09:45:00+09:00,6044.0,6049.0,6035.0,6047.0,23000,0.0,0.0
2024-07-17 09:50:00+09:00,6048.0,6052.0,6043.0,6050.0,20900,0.0,0.0
2024-07-17 09:55:00+09:00,6049.0,6054.0,6045.0,6050.0,20100,0.0,0.0
2024-07-17 10:00:00+09:00,6049.0,6049.0,6034.0,6043.0,23100,0.0,0.0
2024-07-17 10:05:00+09:00,6044.0,6046.0,6028.0,6035.0,19900,0.0,0.0
2024-07-17 10:10:00+09:00,6033.0,6047.0,6029.0,6043.0,39200,0.0,0.0
2024-07-17 10:15:00+09:00,6044.0,6047.0,6036.0,6045.0,28300,0.0,0.0
2024-07-17 10:20:00+09:00,6046.0,6050.0,6032.0,6037.0,28800,0.0,0.0
2024-07-17 10:25:00+09:00,6036.0,6037.0,6027.0,6034.0,19200,0.0,0.0
2024-07-17 10:30:00+09:00,6032.0,6034.0,6025.0,6026.0,14200,0.0,0.0
2024-07-17 10:35:00+09:00,6027.0,6042.0,6020.0,6039.0,29500,0.0,0.0
2024-07-17 10:40:00+09:00,6039.0,6045.0,6033.0,6042.0,25600,0.0,0.0
2024-07-17 10:45:00+09:00,6040.0,6051.0,6040.0,6047.0,20300,0.0,0.0
2024-07-17 10:50:00+09:00,6047.0,6047.0,6039.0,6042.0,19900,0.0,0.0
2024-07-17 10:55:00+09:00,6043.0,6044.0,6029.0,6031.0,14200,0.0,0.0
2024-07-17 11:00:00+09:00,6031.0,6036.0,6016.0,6019.0,25900,0.0,0.0
2024-07-17 11:05:00+09:00,6019.0,6034.0,6019.0,6030.0,23800,0.0,0.0
2024-07-17 11:10:00+09:00,6029.0,6039.0,6026.0,6039.0,22400,0.0,0.0
2024-07-17 11:15:00+09:00,6039.0,6045.0,6037.0,6045.0,26700,0.0,0.0
2024-07-17 11:20:00+09:00,6045.0,6046.0,6029.0,6038.0,20400,0.0,0.0
2024-07-17 11:25:00+09:00,6036.0,6038.0,6022.0,6026.0,23300,0.0,0.0
2024-07-17 11:30:00+09:00,6026.0,6026.0,6026.0,6026.0,2400,0.0,0.0
2024-07-17 11:35:00+09:00,6026.0,6026.0,6026.0,6026.0,0,0.0,0.0
2024-07-17 12:30:00+09:00,6026.0,6039.0,6026.0,6030.0,1338600,0.0,0.0
2024-07-17 12:35:00+09:00,6030.0,6033.0,6024.0,6025.0,24200,0.0,0.0
2024-07-17 12:40:00+09:00,6024.0,6025.0,6013.0,6023.0,49900,0.0,0.0
2024-07-17 12:45:00+09:00,6024.0,6048.0,6022.0,6048.0,52100,0.0,0.0
2024-07-17 12:50:00+09:00,6047.0,6058.0,6047.0,6057.0,30700,0.0,0.0
2024-07-17 12:55:00+09:00,6057.0,6072.0,6056.0,6064.0,38700,0.0,0.0
2024-07-17 13:00:00+09:00,6065.0,6068.0,6055.0,6067.0,22500,0.0,0.0
2024-07-17 13:05:00+09:00,6068.0,6068.0,6047.0,6047.0,23400,0.0,0.0
2024-07-17 13:10:00+09:00,6047.0,6062.0,6044.0,6060.0,17800,0.0,0.0
2024-07-17 13:15:00+09:00,6062.0,6068.0,6059.0,6066.0,16000,0.0,0.0
2024-07-17 13:20:00+09:00,6066.0,6089.0,6064.0,6088.0,37000,0.0,0.0
2024-07-17 13:25:00+09:00,6087.0,6088.0,6081.0,6084.0,23500,0.0,0.0
2024-07-17 13:30:00+09:00,6084.0,6104.0,6084.0,6100.0,46800,0.0,0.0
2024-07-17 13:35:00+09:00,6100.0,6101.0,6095.0,6099.0,21400,0.0,0.0
2024-07-17 13:40:00+09:00,6099.0,6099.0,6090.0,6093.0,11500,0.0,0.0
2024-07-17 13:45:00+09:00,6092.0,6096.0,6085.0,6094.0,31700,0.0,0.0
2024-07-17 13:50:00+09:00,6095.0,6095.0,6089.0,6094.0,11500,0.0,0.0
2024-07-17 13:55:00+09:00,6096.0,6098.0,6091.0,6097.0,19200,0.0,0.0
2024-07-17 14:00:00+09:00,6098.0,6100.0,6090.0,6095.0,23000,0.0,0.0
2024-07-17 14:05:00+09:00,6095.0,6096.0,6087.0,6091.0,15800,0.0,0.0
2024-07-17 14:10:00+09:00,6091.0,6091.0,6088.0,6091.0,10100,0.0,0.0
2024-07-17 14:15:00+09:00,6091.0,6095.0,6090.0,6095.0,14400,0.0,0.0
2024-07-17 14:20:00+09:00,6096.0,6097.0,6086.0,6086.0,14600,0.0,0.0
2024-07-17 14:25:00+09:00,6087.0,6090.0,6086.0,6088.0,16700,0.0,0.0
2024-07-17 14:30:00+09:00,6087.0,6091.0,6084.0,6088.0,15300,0.0,0.0
2024-07-17 14:35:00+09:00,6087.0,6091.0,6084.0,6090.0,32700,0.0,0.0
2024-07-17 14:40:00+09:00,6091.0,6101.0,6090.0,6099.0,51000,0.0,0.0
2024-07-17 14:45:00+09:00,6100.0,6101.0,6091.0,6096.0,26600,0.0,0.0
2024-07-17 14:50:00+09:00,6096.0,6099.0,6091.0,6097.0,32500,0.0,0.0
2024-07-17 14:55:00+09:00,6098.0,6102.0,6077.0,6088.0,105500,0.0,0.0
2024-07-18 09:00:00+09:00,5922.0,5972.0,5901.0,5970.0,245300,0.0,0.0
2024-07-18 09:05:00+09:00,5967.0,6028.0,5963.0,6023.0,89000,0.0,0.0
2024-07-18 09:10:00+09:00,6022.0,6049.0,6011.0,6027.0,115600,0.0,0.0
2024-07-18 09:15:00+09:00,6026.0,6026.0,5993.0,6015.0,51000,0.0,0.0
2024-07-18 09:20:00+09:00,6014.0,6021.0,5999.0,6010.0,35500,0.0,0.0
2024-07-18 09:25:00+09:00,6011.0,6023.0,5996.0,6020.0,31500,0.0,0.0
2024-07-18 09:30:00+09:00,6019.0,6032.0,6019.0,6027.0,22600,0.0,0.0
2024-07-18 09:35:00+09:00,6026.0,6031.0,6024.0,6026.0,18800,0.0,0.0
2024-07-18 09:40:00+09:00,6027.0,6028.0,6020.0,6023.0,13600,0.0,0.0
2024-07-18 09:45:00+09:00,6023.0,6027.0,6013.0,6027.0,19700,0.0,0.0
2024-07-18 09:50:00+09:00,6026.0,6055.0,6024.0,6046.0,39200,0.0,0.0
2024-07-18 09:55:00+09:00,6046.0,6047.0,6036.0,6040.0,25200,0.0,0.0
2024-07-18 10:00:00+09:00,6041.0,6050.0,6026.0,6026.0,29300,0.0,0.0
2024-07-18 10:05:00+09:00,6026.0,6040.0,6026.0,6038.0,12400,0.0,0.0
2024-07-18 10:10:00+09:00,6039.0,6039.0,6030.0,6032.0,15300,0.0,0.0
2024-07-18 10:15:00+09:00,6033.0,6034.0,6028.0,6031.0,16300,0.0,0.0
2024-07-18 10:20:00+09:00,6031.0,6034.0,6028.0,6033.0,13800,0.0,0.0
2024-07-18 10:25:00+09:00,6034.0,6040.0,6027.0,6035.0,27700,0.0,0.0
2024-07-18 10:30:00+09:00,6034.0,6037.0,6030.0,6033.0,16200,0.0,0.0
2024-07-18 10:35:00+09:00,6032.0,6032.0,6023.0,6027.0,17900,0.0,0.0
2024-07-18 10:40:00+09:00,6026.0,6028.0,6018.0,6019.0,13900,0.0,0.0
2024-07-18 10:45:00+09:00,6021.0,6042.0,6019.0,6032.0,22800,0.0,0.0
2024-07-18 10:50:00+09:00,6031.0,6033.0,6019.0,6023.0,18200,0.0,0.0
2024-07-18 10:55:00+09:00,6024.0,6027.0,6009.0,6013.0,20300,0.0,0.0
2024-07-18 11:00:00+09:00,6014.0,6020.0,6006.0,6008.0,17000,0.0,0.0
2024-07-18 11:05:00+09:00,6009.0,6009.0,6003.0,6003.0,19800,0.0,0.0
2024-07-18 11:10:00+09:00,6008.0,6009.0,6002.0,6009.0,11200,0.0,0.0
2024-07-18 11:15:00+09:00,6009.0,6016.0,6009.0,6014.0,10300,0.0,0.0
2024-07-18 11:20:00+09:00,6015.0,6015.0,6006.0,6009.0,15700,0.0,0.0
2024-07-18 11:25:00+09:00,6008.0,6015.0,6006.0,6014.0,15000,0.0,0.0
2024-07-18 11:30:00+09:00,6014.0,6014.0,6012.0,6012.0,1800,0.0,0.0
2024-07-18 11:35:00+09:00,6012.0,6012.0,6012.0,6012.0,0,0.0,0.0
2024-07-18 12:30:00+09:00,6012.0,6038.0,6012.0,6014.0,1111900,0.0,0.0
2024-07-18 12:35:00+09:00,6015.0,6017.0,6008.0,6015.0,20600,0.0,0.0
2024-07-18 12:40:00+09:00,6016.0,6017.0,6001.0,6002.0,23500,0.0,0.0
2024-07-18 12:45:00+09:00,6002.0,6020.0,6000.0,6018.0,26100,0.0,0.0
2024-07-18 12:50:00+09:00,6018.0,6020.0,6016.0,6017.0,16800,0.0,0.0
2024-07-18 12:55:00+09:00,6016.0,6017.0,6007.0,6012.0,18400,0.0,0.0
2024-07-18 13:00:00+09:00,6011.0,6020.0,6011.0,6016.0,25900,0.0,0.0
2024-07-18 13:05:00+09:00,6017.0,6017.0,6010.0,6011.0,21800,0.0,0.0
2024-07-18 13:10:00+09:00,6011.0,6011.0,5998.0,6002.0,26700,0.0,0.0
2024-07-18 13:15:00+09:00,6002.0,6005.0,6002.0,6003.0,13100,0.0,0.0
2024-07-18 13:20:00+09:00,6002.0,6003.0,5994.0,6002.0,23700,0.0,0.0
2024-07-18 13:25:00+09:00,6003.0,6013.0,6003.0,6009.0,21900,0.0,0.0
2024-07-18 13:30:00+09:00,6009.0,6009.0,6001.0,6002.0,14700,0.0,0.0
2024-07-18 13:35:00+09:00,6002.0,6005.0,6001.0,6004.0,10600,0.0,0.0
2024-07-18 13:40:00+09:00,6004.0,6004.0,5997.0,5998.0,20100,0.0,0.0
2024-07-18 13:45:00+09:00,5998.0,5999.0,5995.0,5995.0,14400,0.0,0.0
2024-07-18 13:50:00+09:00,5995.0,6000.0,5995.0,5996.0,14500,0.0,0.0
2024-07-18 13:55:00+09:00,5995.0,5997.0,5992.0,5995.0,18000,0.0,0.0
2024-07-18 14:00:00+09:00,5995.0,6002.0,5995.0,5999.0,19700,0.0,0.0
2024-07-18 14:05:00+09:00,5999.0,6006.0,5997.0,6004.0,27600,0.0,0.0
2024-07-18 14:10:00+09:00,6004.0,6004.0,5999.0,5999.0,11400,0.0,0.0
2024-07-18 14:15:00+09:00,5999.0,6001.0,5995.0,6000.0,21400,0.0,0.0
2024-07-18 14:20:00+09:00,6000.0,6008.0,6000.0,6003.0,23900,0.0,0.0
2024-07-18 14:25:00+09:00,6002.0,6002.0,5995.0,5999.0,22600,0.0,0.0
2024-07-18 14:30:00+09:00,5997.0,6003.0,5994.0,5994.0,28700,0.0,0.0
2024-07-18 14:35:00+09:00,5993.0,5995.0,5985.0,5985.0,42500,0.0,0.0
2024-07-18 14:40:00+09:00,5984.0,5984.0,5975.0,5975.0,40400,0.0,0.0
2024-07-18 14:45:00+09:00,5975.0,5976.0,5966.0,5970.0,64100,0.0,0.0
2024-07-18 14:50:00+09:00,5970.0,5980.0,5970.0,5976.0,50500,0.0,0.0
2024-07-18 14:55:00+09:00,5976.0,5977.0,5952.0,5952.0,120700,0.0,0.0
2024-07-19 09:00:00+09:00,6000.0,6004.0,5910.0,5913.0,365300,0.0,0.0
2024-07-19 09:05:00+09:00,5913.0,5923.0,5902.0,5913.0,113300,0.0,0.0
2024-07-19 09:10:00+09:00,5915.0,5917.0,5901.0,5908.0,78100,0.0,0.0
2024-07-19 09:15:00+09:00,5908.0,5915.0,5904.0,5908.0,64800,0.0,0.0
2024-07-19 09:20:00+09:00,5908.0,5920.0,5882.0,5895.0,137100,0.0,0.0
2024-07-19 09:25:00+09:00,5895.0,5909.0,5885.0,5900.0,62700,0.0,0.0
2024-07-19 09:30:00+09:00,5898.0,5905.0,5880.0,5895.0,72600,0.0,0.0
2024-07-19 09:35:00+09:00,5896.0,5907.0,5894.0,5901.0,33200,0.0,0.0
2024-07-19 09:40:00+09:00,5901.0,5905.0,5892.0,5902.0,41800,0.0,0.0
2024-07-19 09:45:00+09:00,5903.0,5909.0,5894.0,5896.0,50700,0.0,0.0
2024-07-19 09:50:00+09:00,5895.0,5902.0,5887.0,5900.0,56800,0.0,0.0
2024-07-19 09:55:00+09:00,5901.0,5911.0,5897.0,5911.0,40200,0.0,0.0
2024-07-19 10:00:00+09:00,5912.0,5936.0,5912.0,5932.0,52500,0.0,0.0
2024-07-19 10:05:00+09:00,5935.0,5935.0,5921.0,5923.0,18600,0.0,0.0
2024-07-19 10:10:00+09:00,5922.0,5927.0,5909.0,5909.0,28200,0.0,0.0
2024-07-19 10:15:00+09:00,5909.0,5909.0,5881.0,5884.0,33500,0.0,0.0
2024-07-19 10:20:00+09:00,5885.0,5904.0,5884.0,5899.0,26400,0.0,0.0
2024-07-19 10:25:00+09:00,5900.0,5912.0,5900.0,5912.0,13700,0.0,0.0
2024-07-19 10:30:00+09:00,5913.0,5920.0,5902.0,5906.0,32200,0.0,0.0
2024-07-19 10:35:00+09:00,5905.0,5911.0,5902.0,5902.0,18200,0.0,0.0
2024-07-19 10:40:00+09:00,5902.0,5906.0,5898.0,5899.0,16200,0.0,0.0
2024-07-19 10:45:00+09:00,5899.0,5902.0,5892.0,5893.0,21900,0.0,0.0
2024-07-19 10:50:00+09:00,5893.0,5895.0,5885.0,5887.0,19800,0.0,0.0
2024-07-19 10:55:00+09:00,5885.0,5885.0,5875.0,5880.0,48400,0.0,0.0
2024-07-19 11:00:00+09:00,5880.0,5892.0,5880.0,5892.0,20200,0.0,0.0
2024-07-19 11:05:00+09:00,5893.0,5903.0,5893.0,5900.0,28000,0.0,0.0
2024-07-19 11:10:00+09:00,5900.0,5907.0,5900.0,5902.0,16100,0.0,0.0
2024-07-19 11:15:00+09:00,5902.0,5902.0,5893.0,5896.0,12500,0.0,0.0
2024-07-19 11:20:00+09:00,5896.0,5903.0,5889.0,5890.0,25200,0.0,0.0
2024-07-19 11:25:00+09:00,5891.0,5902.0,5891.0,5898.0,11500,0.0,0.0
2024-07-19 11:30:00+09:00,5898.0,5898.0,5898.0,5898.0,3400,0.0,0.0
2024-07-19 11:35:00+09:00,5898.0,5898.0,5898.0,5898.0,0,0.0,0.0
2024-07-19 12:30:00+09:00,5910.0,5922.0,5896.0,5905.0,1643400,0.0,0.0
2024-07-19 12:35:00+09:00,5907.0,5911.0,5893.0,5893.0,37500,0.0,0.0
2024-07-19 12:40:00+09:00,5893.0,5897.0,5888.0,5893.0,27200,0.0,0.0
2024-07-19 12:45:00+09:00,5894.0,5895.0,5885.0,5893.0,35200,0.0,0.0
2024-07-19 12:50:00+09:00,5893.0,5904.0,5890.0,5902.0,20200,0.0,0.0
2024-07-19 12:55:00+09:00,5901.0,5904.0,5899.0,5901.0,19500,0.0,0.0
2024-07-19 13:00:00+09:00,5900.0,5903.0,5894.0,5894.0,21000,0.0,0.0
2024-07-19 13:05:00+09:00,5895.0,5898.0,5891.0,5891.0,19400,0.0,0.0
2024-07-19 13:10:00+09:00,5891.0,5893.0,5889.0,5893.0,12100,0.0,0.0
2024-07-19 13:15:00+09:00,5893.0,5898.0,5882.0,5897.0,52100,0.0,0.0
2024-07-19 13:20:00+09:00,5899.0,5900.0,5890.0,5900.0,16600,0.0,0.0
2024-07-19 13:25:00+09:00,5900.0,5914.0,5900.0,5911.0,25800,0.0,0.0
2024-07-19 13:30:00+09:00,5909.0,5914.0,5904.0,5911.0,22000,0.0,0.0
2024-07-19 13:35:00+09:00,5911.0,5914.0,5892.0,5896.0,33600,0.0,0.0
2024-07-19 13:40:00+09:00,5897.0,5902.0,5896.0,5896.0,14400,0.0,0.0
2024-07-19 13:45:00+09:00,5896.0,5898.0,5894.0,5896.0,12900,0.0,0.0
2024-07-19 13:50:00+09:00,5896.0,5905.0,5896.0,5901.0,19100,0.0,0.0
2024-07-19 13:55:00+09:00,5901.0,5904.0,5899.0,5903.0,15600,0.0,0.0
2024-07-19 14:00:00+09:00,5902.0,5923.0,5902.0,5923.0,25700,0.0,0.0
2024-07-19 14:05:00+09:00,5923.0,5924.0,5918.0,5919.0,18800,0.0,0.0
2024-07-19 14:10:00+09:00,5920.0,5927.0,5920.0,5925.0,22200,0.0,0.0
2024-07-19 14:15:00+09:00,5925.0,5928.0,5924.0,5924.0,18000,0.0,0.0
2024-07-19 14:20:00+09:00,5924.0,5925.0,5916.0,5918.0,21800,0.0,0.0
2024-07-19 14:25:00+09:00,5919.0,5919.0,5911.0,5914.0,22400,0.0,0.0
2024-07-19 14:30:00+09:00,5916.0,5923.0,5914.0,5920.0,24900,0.0,0.0
2024-07-19 14:35:00+09:00,5920.0,5927.0,5920.0,5926.0,24000,0.0,0.0
2024-07-19 14:40:00+09:00,5927.0,5933.0,5926.0,5929.0,29300,0.0,0.0
2024-07-19 14:45:00+09:00,5929.0,5929.0,5912.0,5916.0,37600,0.0,0.0
2024-07-19 14:50:00+09:00,5916.0,5929.0,5915.0,5920.0,39700,0.0,0.0
2024-07-19 14:55:00+09:00,5920.0,5927.0,5906.0,5914.0,108400,0.0,0.0
