Datetime,Open,High,Low,Close,Volume,Dividends,Stock Splits
2024-08-01 09:00:00+09:00,5880.0,5950.0,5820.0,5870.0,0,0.0,0.0
2024-08-01 09:05:00+09:00,5850.0,5940.0,5850.0,5870.0,37318,0.0,0.0
2024-08-01 09:10:00+09:00,5860.0,5870.0,5760.0,5760.0,73812,0.0,0.0
2024-08-01 09:15:00+09:00,5770.0,5800.0,5750.0,5750.0,62065,0.0,0.0
2024-08-01 09:20:00+09:00,5750.0,5760.0,5660.0,5660.0,66736,0.0,0.0
2024-08-01 09:25:00+09:00,5670.0,5710.0,5620.0,5640.0,79270,0.0,0.0
2024-08-01 09:30:00+09:00,5650.0,5680.0,5570.0,5600.0,65653,0.0,0.0
2024-08-01 09:35:00+09:00,5590.0,5640.0,5580.0,5630.0,20602,0.0,0.0
2024-08-01 09:40:00+09:00,5640.0,5680.0,5630.0,5680.0,30522,0.0,0.0
2024-08-01 09:45:00+09:00,5680.0,5750.0,5650.0,5700.0,46627,0.0,0.0
2024-08-01 09:50:00+09:00,5700.0,5740.0,5690.0,5690.0,12427,0.0,0.0
2024-08-01 09:55:00+09:00,5700.0,5700.0,5640.0,5690.0,23617,0.0,0.0
2024-08-01 10:00:00+09:00,5690.0,5700.0,5640.0,5660.0,13344,0.0,0.0
2024-08-01 10:05:00+09:00,5660.0,5670.0,5610.0,5630.0,19258,0.0,0.0
2024-08-01 10:10:00+09:00,5620.0,5670.0,5620.0,5660.0,8519,0.0,0.0
2024-08-01 10:15:00+09:00,5670.0,5730.0,5670.0,5720.0,11535,0.0,0.0
2024-08-01 10:20:00+09:00,5720.0,5720.0,5690.0,5690.0,9883,0.0,0.0
2024-08-01 10:25:00+09:00,5690.0,5690.0,5620.0,5650.0,15048,0.0,0.0
2024-08-01 10:30:00+09:00,5650.0,5690.0,5640.0,5680.0,8923,0.0,0.0
2024-08-01 10:35:00+09:00,5680.0,5680.0,5640.0,5640.0,4209,0.0,0.0
2024-08-01 10:40:00+09:00,5650.0,5670.0,5610.0,5630.0,14401,0.0,0.0
2024-08-01 10:45:00+09:00,5640.0,5660.0,5630.0,5640.0,3258,0.0,0.0
2024-08-01 10:50:00+09:00,5650.0,5660.0,5620.0,5620.0,7125,0.0,0.0
2024-08-01 10:55:00+09:00,5620.0,5640.0,5620.0,5640.0,7384,0.0,0.0
2024-08-01 11:00:00+09:00,5630.0,5670.0,5620.0,5660.0,8131,0.0,0.0
2024-08-01 11:05:00+09:00,5660.0,5680.0,5660.0,5660.0,4984,0.0,0.0
2024-08-01 11:10:00+09:00,5670.0,5670.0,5620.0,5620.0,6625,0.0,0.0
2024-08-01 11:15:00+09:00,5630.0,5650.0,5610.0,5640.0,11298,0.0,0.0
2024-08-01 11:20:00+09:00,5640.0,5670.0,5630.0,5670.0,2423,0.0,0.0
2024-08-01 11:25:00+09:00,5670.0,5700.0,5660.0,5660.0,13226,0.0,0.0
2024-08-01 11:30:00+09:00,5660.0,5670.0,5650.0,5660.0,2324,0.0,0.0
2024-08-01 11:35:00+09:00,5660.0,5670.0,5650.0,5660.0,4078,0.0,0.0
2024-08-01 11:40:00+09:00,5660.0,5700.0,5650.0,5670.0,6189,0.0,0.0
2024-08-01 11:45:00+09:00,5670.0,5680.0,5630.0,5680.0,5501,0.0,0.0
2024-08-01 11:50:00+09:00,5680.0,5680.0,5670.0,5670.0,2382,0.0,0.0
2024-08-01 11:55:00+09:00,5670.0,5680.0,5650.0,5680.0,4415,0.0,0.0
2024-08-01 12:00:00+09:00,5670.0,5670.0,5620.0,5630.0,12265,0.0,0.0
2024-08-01 12:05:00+09:00,5640.0,5650.0,5610.0,5630.0,15654,0.0,0.0
2024-08-01 12:10:00+09:00,5630.0,5650.0,5630.0,5640.0,2344,0.0,0.0
2024-08-01 12:15:00+09:00,5660.0,5660.0,5650.0,5660.0,6735,0.0,0.0
2024-08-01 12:20:00+09:00,5660.0,5690.0,5650.0,5690.0,4600,0.0,0.0
2024-08-01 12:25:00+09:00,5690.0,5690.0,5660.0,5680.0,6530,0.0,0.0
2024-08-01 12:30:00+09:00,5680.0,5680.0,5660.0,5670.0,1326,0.0,0.0
2024-08-01 12:35:00+09:00,5680.0,5710.0,5660.0,5660.0,12146,0.0,0.0
2024-08-01 12:40:00+09:00,5660.0,5680.0,5650.0,5650.0,0,0.0,0.0
2024-08-01 12:45:00+09:00,5660.0,5670.0,5650.0,5660.0,1176,0.0,0.0
2024-08-01 12:50:00+09:00,5670.0,5680.0,5660.0,5680.0,905,0.0,0.0
2024-08-01 12:55:00+09:00,5680.0,5710.0,5670.0,5700.0,17241,0.0,0.0
2024-08-01 13:00:00+09:00,5690.0,5730.0,5690.0,5720.0,11610,0.0,0.0
2024-08-01 13:05:00+09:00,5720.0,5720.0,5660.0,5660.0,10601,0.0,0.0
2024-08-01 13:10:00+09:00,5670.0,5680.0,5660.0,5680.0,620,0.0,0.0
2024-08-01 13:15:00+09:00,5670.0,5710.0,5670.0,5710.0,7185,0.0,0.0
2024-08-01 13:20:00+09:00,5720.0,5730.0,5690.0,5700.0,8786,0.0,0.0
2024-08-01 13:25:00+09:00,5690.0,5700.0,5680.0,5700.0,2733,0.0,0.0
2024-08-01 13:30:00+09:00,5680.0,5700.0,5670.0,5700.0,7124,0.0,0.0
2024-08-01 13:35:00+09:00,5690.0,5700.0,5680.0,5680.0,2035,0.0,0.0
2024-08-01 13:40:00+09:00,5680.0,5690.0,5660.0,5670.0,6308,0.0,0.0
2024-08-01 13:45:00+09:00,5670.0,5700.0,5670.0,5690.0,2677,0.0,0.0
2024-08-01 13:50:00+09:00,5690.0,5690.0,5670.0,5680.0,1975,0.0,0.0
2024-08-01 13:55:00+09:00,5680.0,5690.0,5670.0,5680.0,1240,0.0,0.0
2024-08-01 14:00:00+09:00,5680.0,5690.0,5680.0,5680.0,1360,0.0,0.0
2024-08-01 14:05:00+09:00,5680.0,5690.0,5670.0,5680.0,2856,0.0,0.0
2024-08-01 14:10:00+09:00,5680.0,5690.0,5670.0,5690.0,1274,0.0,0.0
2024-08-01 14:15:00+09:00,5690.0,5700.0,5670.0,5680.0,4574,0.0,0.0
2024-08-01 14:20:00+09:00,5680.0,5690.0,5670.0,5680.0,1319,0.0,0.0
2024-08-01 14:25:00+09:00,5670.0,5690.0,5660.0,5660.0,11407,0.0,0.0
2024-08-01 14:30:00+09:00,5660.0,5690.0,5660.0,5690.0,4616,0.0,0.0
2024-08-01 14:35:00+09:00,5680.0,5700.0,5670.0,5680.0,7038,0.0,0.0
2024-08-01 14:40:00+09:00,5690.0,5690.0,5660.0,5670.0,9013,0.0,0.0
2024-08-01 14:45:00+09:00,5680.0,5690.0,5660.0,5660.0,4582,0.0,0.0
2024-08-01 14:50:00+09:00,5660.0,5670.0,5650.0,5650.0,11096,0.0,0.0
2024-08-01 14:55:00+09:00,5650.0,5650.0,5610.0,5620.0,17261,0.0,0.0
2024-08-02 09:00:00+09:00,5510.0,5780.0,5510.0,5700.0,249776,0.0,0.0
2024-08-02 09:05:00+09:00,5700.0,5760.0,5660.0,5670.0,85698,0.0,0.0
2024-08-02 09:10:00+09:00,5660.0,5720.0,5650.0,5680.0,36583,0.0,0.0
2024-08-02 09:15:00+09:00,5680.0,5740.0,5680.0,5700.0,18545,0.0,0.0
2024-08-02 09:20:00+09:00,5700.0,5710.0,5660.0,5700.0,28416,0.0,0.0
2024-08-02 09:25:00+09:00,5700.0,5770.0,5700.0,5750.0,34238,0.0,0.0
2024-08-02 09:30:00+09:00,5740.0,5770.0,5690.0,5750.0,30039,0.0,0.0
2024-08-02 09:35:00+09:00,5740.0,6060.0,5740.0,5900.0,681084,0.0,0.0
2024-08-02 09:40:00+09:00,5890.0,6120.0,5850.0,5990.0,528658,0.0,0.0
2024-08-02 09:45:00+09:00,5990.0,6100.0,5920.0,5960.0,366953,0.0,0.0
2024-08-02 09:50:00+09:00,5940.0,5990.0,5820.0,5870.0,187101,0.0,0.0
2024-08-02 09:55:00+09:00,5850.0,5870.0,5720.0,5810.0,167915,0.0,0.0
2024-08-02 10:00:00+09:00,5810.0,5860.0,5790.0,5820.0,59606,0.0,0.0
2024-08-02 10:05:00+09:00,5830.0,5980.0,5820.0,5830.0,127479,0.0,0.0
2024-08-02 10:10:00+09:00,5830.0,5840.0,5760.0,5770.0,61956,0.0,0.0
2024-08-02 10:15:00+09:00,5770.0,5820.0,5760.0,5810.0,27429,0.0,0.0
2024-08-02 10:20:00+09:00,5810.0,5810.0,5760.0,5770.0,16711,0.0,0.0
2024-08-02 10:25:00+09:00,5770.0,5870.0,5770.0,5830.0,33603,0.0,0.0
2024-08-02 10:30:00+09:00,5840.0,5880.0,5830.0,5840.0,30826,0.0,0.0
2024-08-02 10:35:00+09:00,5850.0,5850.0,5800.0,5810.0,23270,0.0,0.0
2024-08-02 10:40:00+09:00,5800.0,5820.0,5780.0,5800.0,12869,0.0,0.0
2024-08-02 10:45:00+09:00,5790.0,5800.0,5740.0,5760.0,33310,0.0,0.0
2024-08-02 10:50:00+09:00,5760.0,5790.0,5760.0,5760.0,11655,0.0,0.0
2024-08-02 10:55:00+09:00,5760.0,5770.0,5720.0,5730.0,24523,0.0,0.0
2024-08-02 11:00:00+09:00,5730.0,5750.0,5720.0,5720.0,13464,0.0,0.0
2024-08-02 11:05:00+09:00,5720.0,5760.0,5720.0,5750.0,12289,0.0,0.0
2024-08-02 11:10:00+09:00,5740.0,5750.0,5650.0,5660.0,53060,0.0,0.0
2024-08-02 11:15:00+09:00,5660.0,5670.0,5560.0,5610.0,50315,0.0,0.0
2024-08-02 11:20:00+09:00,5610.0,5690.0,5610.0,5690.0,36504,0.0,0.0
2024-08-02 11:25:00+09:00,5680.0,5730.0,5660.0,5660.0,26931,0.0,0.0
2024-08-02 11:30:00+09:00,5670.0,5670.0,5630.0,5660.0,10887,0.0,0.0
2024-08-02 11:35:00+09:00,5640.0,5640.0,5600.0,5600.0,8229,0.0,0.0
2024-08-02 11:40:00+09:00,5600.0,5600.0,5560.0,5560.0,19188,0.0,0.0
2024-08-02 11:45:00+09:00,5560.0,5570.0,5500.0,5550.0,24556,0.0,0.0
2024-08-02 11:50:00+09:00,5560.0,5560.0,5510.0,5510.0,7910,0.0,0.0
2024-08-02 11:55:00+09:00,5520.0,5570.0,5500.0,5540.0,18946,0.0,0.0
2024-08-02 12:00:00+09:00,5550.0,5560.0,5510.0,5520.0,7559,0.0,0.0
2024-08-02 12:05:00+09:00,5510.0,5600.0,5500.0,5600.0,11495,0.0,0.0
2024-08-02 12:10:00+09:00,5590.0,5710.0,5580.0,5610.0,39597,0.0,0.0
2024-08-02 12:15:00+09:00,5620.0,5620.0,5560.0,5560.0,8049,0.0,0.0
2024-08-02 12:20:00+09:00,5560.0,5570.0,5550.0,5550.0,6376,0.0,0.0
2024-08-02 12:25:00+09:00,5550.0,5550.0,5500.0,5520.0,13046,0.0,0.0
2024-08-02 12:30:00+09:00,5520.0,5640.0,5520.0,5630.0,12421,0.0,0.0
2024-08-02 12:35:00+09:00,5640.0,5640.0,5550.0,5570.0,13723,0.0,0.0
2024-08-02 12:40:00+09:00,5570.0,5610.0,5560.0,5610.0,5028,0.0,0.0
2024-08-02 12:45:00+09:00,5610.0,5670.0,5610.0,5650.0,11197,0.0,0.0
2024-08-02 12:50:00+09:00,5650.0,5710.0,5630.0,5660.0,21728,0.0,0.0
2024-08-02 12:55:00+09:00,5670.0,5690.0,5670.0,5680.0,5683,0.0,0.0
2024-08-02 13:00:00+09:00,5670.0,5670.0,5650.0,5650.0,2458,0.0,0.0
2024-08-02 13:05:00+09:00,5650.0,5680.0,5640.0,5660.0,7995,0.0,0.0
2024-08-02 13:10:00+09:00,5650.0,5670.0,5650.0,5660.0,2108,0.0,0.0
2024-08-02 13:15:00+09:00,5650.0,5680.0,5650.0,5680.0,3484,0.0,0.0
2024-08-02 13:20:00+09:00,5680.0,5700.0,5680.0,5690.0,7478,0.0,0.0
2024-08-02 13:25:00+09:00,5690.0,5700.0,5660.0,5660.0,4870,0.0,0.0
2024-08-02 13:30:00+09:00,5670.0,5670.0,5640.0,5640.0,4428,0.0,0.0
2024-08-02 13:35:00+09:00,5640.0,5680.0,5630.0,5660.0,3843,0.0,0.0
2024-08-02 13:40:00+09:00,5660.0,5670.0,5640.0,5640.0,1182,0.0,0.0
2024-08-02 13:45:00+09:00,5640.0,5650.0,5630.0,5640.0,2530,0.0,0.0
2024-08-02 13:50:00+09:00,5640.0,5650.0,5620.0,5620.0,2561,0.0,0.0
2024-08-02 13:55:00+09:00,5620.0,5640.0,5620.0,5640.0,2110,0.0,0.0
2024-08-02 14:00:00+09:00,5640.0,5640.0,5610.0,5610.0,2383,0.0,0.0
2024-08-02 14:05:00+09:00,5610.0,5610.0,5590.0,5600.0,4579,0.0,0.0
2024-08-02 14:10:00+09:00,5600.0,5610.0,5550.0,5570.0,5336,0.0,0.0
2024-08-02 14:15:00+09:00,5590.0,5590.0,5540.0,5560.0,9532,0.0,0.0
2024-08-02 14:20:00+09:00,5550.0,5620.0,5540.0,5610.0,14000,0.0,0.0
2024-08-02 14:25:00+09:00,5620.0,5800.0,5610.0,5610.0,84754,0.0,0.0
2024-08-02 14:30:00+09:00,5610.0,5710.0,5550.0,5660.0,24806,0.0,0.0
2024-08-02 14:35:00+09:00,5650.0,5730.0,5640.0,5710.0,19046,0.0,0.0
2024-08-02 14:40:00+09:00,5700.0,5730.0,5660.0,5690.0,15610,0.0,0.0
2024-08-02 14:45:00+09:00,5680.0,5700.0,5660.0,5690.0,8034,0.0,0.0
2024-08-02 14:50:00+09:00,5680.0,5690.0,5660.0,5680.0,3992,0.0,0.0
2024-08-02 14:55:00+09:00,5680.0,5680.0,5660.0,5670.0,4730,0.0,0.0
2024-08-05 09:00:00+09:00,5410.0,5430.0,5220.0,5250.0,0,0.0,0.0
2024-08-05 09:05:00+09:00,5250.0,5250.0,5140.0,5180.0,60755,0.0,0.0
2024-08-05 09:10:00+09:00,5170.0,5240.0,5080.0,5110.0,52867,0.0,0.0
2024-08-05 09:15:00+09:00,5100.0,5130.0,5020.0,5030.0,41939,0.0,0.0
2024-08-05 09:20:00+09:00,5030.0,5070.0,5000.0,5040.0,38758,0.0,0.0
2024-08-05 09:25:00+09:00,5020.0,5140.0,5020.0,5120.0,23706,0.0,0.0
2024-08-05 09:30:00+09:00,5110.0,5190.0,5110.0,5160.0,11446,0.0,0.0
2024-08-05 09:35:00+09:00,5160.0,5180.0,5120.0,5140.0,6755,0.0,0.0
2024-08-05 09:40:00+09:00,5150.0,5170.0,5090.0,5130.0,3483,0.0,0.0
2024-08-05 09:45:00+09:00,5120.0,5130.0,5070.0,5130.0,10457,0.0,0.0
2024-08-05 09:50:00+09:00,5120.0,5130.0,5040.0,5090.0,11050,0.0,0.0
2024-08-05 09:55:00+09:00,5090.0,5150.0,5090.0,5140.0,6377,0.0,0.0
2024-08-05 10:00:00+09:00,5140.0,5150.0,5110.0,5110.0,5250,0.0,0.0
2024-08-05 10:05:00+09:00,5110.0,5150.0,5100.0,5140.0,7843,0.0,0.0
2024-08-05 10:10:00+09:00,5120.0,5130.0,5080.0,5110.0,2920,0.0,0.0
2024-08-05 10:15:00+09:00,5110.0,5130.0,5060.0,5130.0,7989,0.0,0.0
2024-08-05 10:20:00+09:00,5130.0,5130.0,5080.0,5080.0,1953,0.0,0.0
2024-08-05 10:25:00+09:00,5090.0,5090.0,5070.0,5070.0,3227,0.0,0.0
2024-08-05 10:30:00+09:00,5070.0,5090.0,5060.0,5090.0,4644,0.0,0.0
2024-08-05 10:35:00+09:00,5080.0,5110.0,5080.0,5090.0,3182,0.0,0.0
2024-08-05 10:40:00+09:00,5100.0,5140.0,5100.0,5110.0,4987,0.0,0.0
2024-08-05 10:45:00+09:00,5110.0,5130.0,5100.0,5130.0,1893,0.0,0.0
2024-08-05 10:50:00+09:00,5130.0,5130.0,5100.0,5110.0,2223,0.0,0.0
2024-08-05 10:55:00+09:00,5100.0,5120.0,5090.0,5090.0,523,0.0,0.0
2024-08-05 11:00:00+09:00,5100.0,5130.0,5090.0,5100.0,2367,0.0,0.0
2024-08-05 11:05:00+09:00,5110.0,5110.0,5050.0,5080.0,14198,0.0,0.0
2024-08-05 11:10:00+09:00,5070.0,5090.0,5050.0,5070.0,6969,0.0,0.0
2024-08-05 11:15:00+09:00,5060.0,5080.0,5050.0,5060.0,4044,0.0,0.0
2024-08-05 11:20:00+09:00,5080.0,5120.0,5070.0,5110.0,2086,0.0,0.0
2024-08-05 11:25:00+09:00,5100.0,5170.0,5100.0,5140.0,8634,0.0,0.0
2024-08-05 11:30:00+09:00,5140.0,5140.0,5130.0,5130.0,1677,0.0,0.0
2024-08-05 11:35:00+09:00,5140.0,5150.0,5110.0,5110.0,3131,0.0,0.0
2024-08-05 11:40:00+09:00,5120.0,5120.0,5110.0,5120.0,1372,0.0,0.0
2024-08-05 11:45:00+09:00,5120.0,5120.0,5100.0,5120.0,1947,0.0,0.0
2024-08-05 11:50:00+09:00,5120.0,5120.0,5100.0,5120.0,245,0.0,0.0
2024-08-05 11:55:00+09:00,5120.0,5150.0,5100.0,5120.0,5142,0.0,0.0
2024-08-05 12:00:00+09:00,5110.0,5130.0,5100.0,5100.0,6581,0.0,0.0
2024-08-05 12:05:00+09:00,5100.0,5110.0,5070.0,5080.0,3986,0.0,0.0
2024-08-05 12:10:00+09:00,5080.0,5100.0,5070.0,5080.0,1691,0.0,0.0
2024-08-05 12:15:00+09:00,5090.0,5090.0,5060.0,5060.0,2953,0.0,0.0
2024-08-05 12:20:00+09:00,5060.0,5070.0,5060.0,5060.0,1215,0.0,0.0
2024-08-05 12:25:00+09:00,5070.0,5090.0,5070.0,5070.0,3432,0.0,0.0
2024-08-05 12:30:00+09:00,5090.0,5090.0,5070.0,5080.0,1099,0.0,0.0
2024-08-05 12:35:00+09:00,5070.0,5080.0,5070.0,5080.0,574,0.0,0.0
2024-08-05 12:40:00+09:00,5080.0,5080.0,5070.0,5070.0,1452,0.0,0.0
2024-08-05 12:45:00+09:00,5080.0,5080.0,5050.0,5050.0,1681,0.0,0.0
2024-08-05 12:50:00+09:00,5060.0,5070.0,5040.0,5050.0,11914,0.0,0.0
2024-08-05 12:55:00+09:00,5060.0,5070.0,5050.0,5060.0,2932,0.0,0.0
2024-08-05 13:00:00+09:00,5050.0,5060.0,5030.0,5040.0,7186,0.0,0.0
2024-08-05 13:05:00+09:00,5040.0,5060.0,5030.0,5040.0,6601,0.0,0.0
2024-08-05 13:10:00+09:00,5050.0,5060.0,5010.0,5030.0,21158,0.0,0.0
2024-08-05 13:15:00+09:00,5030.0,5030.0,5010.0,5020.0,3112,0.0,0.0
2024-08-05 13:20:00+09:00,5020.0,5020.0,5000.0,5000.0,9681,0.0,0.0
2024-08-05 13:25:00+09:00,5000.0,5000.0,4975.0,4975.0,12726,0.0,0.0
2024-08-05 13:30:00+09:00,4985.0,4985.0,4950.0,4965.0,22052,0.0,0.0
2024-08-05 13:35:00+09:00,4960.0,4965.0,4945.0,4950.0,4910,0.0,0.0
2024-08-05 13:40:00+09:00,4955.0,4955.0,4940.0,4950.0,12718,0.0,0.0
2024-08-05 13:45:00+09:00,4960.0,4960.0,4945.0,4950.0,5506,0.0,0.0
2024-08-05 13:50:00+09:00,4950.0,4980.0,4950.0,4960.0,7383,0.0,0.0
2024-08-05 13:55:00+09:00,4970.0,4970.0,4970.0,4970.0,0,0.0,0.0
2024-08-05 14:25:00+09:00,4965.0,4965.0,4945.0,4945.0,10228,0.0,0.0
2024-08-05 14:30:00+09:00,4950.0,4950.0,4915.0,4915.0,14249,0.0,0.0
2024-08-05 14:35:00+09:00,4920.0,4920.0,4810.0,4815.0,15030,0.0,0.0
2024-08-05 14:40:00+09:00,4820.0,4825.0,4470.0,4470.0,22400,0.0,0.0
2024-08-05 14:45:00+09:00,4535.0,4720.0,4535.0,4720.0,32002,0.0,0.0
2024-08-05 14:50:00+09:00,4725.0,4755.0,4660.0,4660.0,19226,0.0,0.0
2024-08-05 14:55:00+09:00,4655.0,4765.0,4630.0,4720.0,13046,0.0,0.0
2024-08-06 09:00:00+09:00,4870.0,5090.0,4870.0,5070.0,57971,0.0,0.0
2024-08-06 09:05:00+09:00,5090.0,5090.0,4875.0,4880.0,16510,0.0,0.0
2024-08-06 09:10:00+09:00,4885.0,5050.0,4885.0,5010.0,13615,0.0,0.0
2024-08-06 09:15:00+09:00,5010.0,5060.0,5010.0,5050.0,6730,0.0,0.0
2024-08-06 09:20:00+09:00,5010.0,5050.0,4995.0,5020.0,4102,0.0,0.0
2024-08-06 09:25:00+09:00,5010.0,5030.0,4980.0,5000.0,6623,0.0,0.0
2024-08-06 09:30:00+09:00,5000.0,5150.0,4970.0,5120.0,30624,0.0,0.0
2024-08-06 09:35:00+09:00,5110.0,5140.0,5030.0,5070.0,26847,0.0,0.0
2024-08-06 09:40:00+09:00,5030.0,5070.0,5030.0,5040.0,5066,0.0,0.0
2024-08-06 09:45:00+09:00,5050.0,5060.0,4985.0,5010.0,16596,0.0,0.0
2024-08-06 09:50:00+09:00,5000.0,5020.0,4990.0,5010.0,6322,0.0,0.0
2024-08-06 09:55:00+09:00,5020.0,5030.0,5000.0,5000.0,14823,0.0,0.0
2024-08-06 10:00:00+09:00,5000.0,5030.0,4995.0,5030.0,5408,0.0,0.0
2024-08-06 10:05:00+09:00,5030.0,5060.0,4995.0,5020.0,17169,0.0,0.0
2024-08-06 10:10:00+09:00,5020.0,5030.0,4990.0,5020.0,4610,0.0,0.0
2024-08-06 10:15:00+09:00,5000.0,5000.0,4985.0,4985.0,7973,0.0,0.0
2024-08-06 10:20:00+09:00,4980.0,5010.0,4930.0,4935.0,5712,0.0,0.0
2024-08-06 10:25:00+09:00,4945.0,4955.0,4930.0,4940.0,5631,0.0,0.0
2024-08-06 10:30:00+09:00,4935.0,4955.0,4910.0,4910.0,5109,0.0,0.0
2024-08-06 10:35:00+09:00,4915.0,4915.0,4800.0,4835.0,16013,0.0,0.0
2024-08-06 10:40:00+09:00,4830.0,4840.0,4650.0,4830.0,20652,0.0,0.0
2024-08-06 10:45:00+09:00,4840.0,4850.0,4820.0,4840.0,5326,0.0,0.0
2024-08-06 10:50:00+09:00,4840.0,4860.0,4840.0,4860.0,2307,0.0,0.0
2024-08-06 10:55:00+09:00,4860.0,4900.0,4850.0,4885.0,3880,0.0,0.0
2024-08-06 11:00:00+09:00,4890.0,4900.0,4870.0,4875.0,1648,0.0,0.0
2024-08-06 11:05:00+09:00,4880.0,4880.0,4860.0,4870.0,2861,0.0,0.0
2024-08-06 11:10:00+09:00,4870.0,4870.0,4850.0,4850.0,584,0.0,0.0
2024-08-06 11:15:00+09:00,4855.0,4890.0,4855.0,4870.0,1007,0.0,0.0
2024-08-06 11:20:00+09:00,4870.0,4870.0,4870.0,4870.0,461,0.0,0.0
2024-08-06 11:25:00+09:00,4870.0,4875.0,4870.0,4875.0,970,0.0,0.0
2024-08-06 11:30:00+09:00,4880.0,4895.0,4875.0,4895.0,575,0.0,0.0
2024-08-06 11:35:00+09:00,4895.0,4900.0,4890.0,4890.0,3890,0.0,0.0
2024-08-06 11:40:00+09:00,4895.0,4920.0,4895.0,4920.0,6271,0.0,0.0
2024-08-06 11:45:00+09:00,4920.0,4930.0,4915.0,4915.0,404,0.0,0.0
2024-08-06 11:50:00+09:00,4920.0,4925.0,4920.0,4920.0,285,0.0,0.0
2024-08-06 11:55:00+09:00,4925.0,4925.0,4915.0,4915.0,1062,0.0,0.0
2024-08-06 12:00:00+09:00,4910.0,4910.0,4900.0,4905.0,2111,0.0,0.0
2024-08-06 12:05:00+09:00,4905.0,4915.0,4895.0,4900.0,1174,0.0,0.0
2024-08-06 12:10:00+09:00,4900.0,4910.0,4900.0,4910.0,1046,0.0,0.0
2024-08-06 12:15:00+09:00,4915.0,4940.0,4915.0,4935.0,1728,0.0,0.0
2024-08-06 12:20:00+09:00,4935.0,4960.0,4930.0,4945.0,5424,0.0,0.0
2024-08-06 12:25:00+09:00,4955.0,4960.0,4955.0,4960.0,1456,0.0,0.0
2024-08-06 12:30:00+09:00,4960.0,4975.0,4960.0,4975.0,3276,0.0,0.0
2024-08-06 12:35:00+09:00,4975.0,4990.0,4965.0,4985.0,5981,0.0,0.0
2024-08-06 12:40:00+09:00,4985.0,4985.0,4970.0,4970.0,652,0.0,0.0
2024-08-06 12:45:00+09:00,4970.0,4970.0,4950.0,4960.0,1920,0.0,0.0
2024-08-06 12:50:00+09:00,4960.0,4960.0,4955.0,4955.0,175,0.0,0.0
2024-08-06 12:55:00+09:00,4960.0,4960.0,4960.0,4960.0,919,0.0,0.0
2024-08-06 13:00:00+09:00,4970.0,4970.0,4960.0,4970.0,150,0.0,0.0
2024-08-06 13:05:00+09:00,4965.0,4970.0,4940.0,4940.0,4945,0.0,0.0
2024-08-06 13:10:00+09:00,4935.0,4940.0,4925.0,4925.0,3124,0.0,0.0
2024-08-06 13:15:00+09:00,4935.0,4940.0,4935.0,4940.0,0,0.0,0.0
2024-08-06 13:20:00+09:00,4935.0,4935.0,4920.0,4930.0,1939,0.0,0.0
2024-08-06 13:25:00+09:00,4930.0,4940.0,4920.0,4935.0,3707,0.0,0.0
2024-08-06 13:30:00+09:00,4935.0,4935.0,4890.0,4910.0,11481,0.0,0.0
2024-08-06 13:35:00+09:00,4885.0,4905.0,4880.0,4895.0,1152,0.0,0.0
2024-08-06 13:40:00+09:00,4900.0,4930.0,4900.0,4920.0,2759,0.0,0.0
2024-08-06 13:45:00+09:00,4920.0,4920.0,4910.0,4910.0,581,0.0,0.0
2024-08-06 13:50:00+09:00,4910.0,4915.0,4895.0,4895.0,710,0.0,0.0
2024-08-06 13:55:00+09:00,4890.0,4900.0,4870.0,4870.0,4551,0.0,0.0
2024-08-06 14:00:00+09:00,4870.0,4890.0,4850.0,4855.0,4388,0.0,0.0
2024-08-06 14:05:00+09:00,4855.0,4865.0,4855.0,4860.0,404,0.0,0.0
2024-08-06 14:10:00+09:00,4860.0,4885.0,4855.0,4885.0,3168,0.0,0.0
2024-08-06 14:15:00+09:00,4880.0,4910.0,4880.0,4895.0,1916,0.0,0.0
2024-08-06 14:20:00+09:00,4895.0,4900.0,4890.0,4895.0,790,0.0,0.0
2024-08-06 14:25:00+09:00,4895.0,4900.0,4890.0,4895.0,324,0.0,0.0
2024-08-06 14:30:00+09:00,4895.0,4910.0,4890.0,4910.0,1316,0.0,0.0
2024-08-06 14:35:00+09:00,4900.0,4915.0,4900.0,4910.0,4296,0.0,0.0
2024-08-06 14:40:00+09:00,4910.0,4910.0,4895.0,4895.0,5003,0.0,0.0
2024-08-06 14:45:00+09:00,4905.0,4910.0,4890.0,4895.0,641,0.0,0.0
2024-08-06 14:50:00+09:00,4895.0,4905.0,4885.0,4900.0,236,0.0,0.0
2024-08-06 14:55:00+09:00,4895.0,4925.0,4895.0,4910.0,4122,0.0,0.0
2024-08-07 09:00:00+09:00,4920.0,4975.0,4890.0,4950.0,18586,0.0,0.0
2024-08-07 09:05:00+09:00,4955.0,5080.0,4955.0,5080.0,29987,0.0,0.0
2024-08-07 09:10:00+09:00,5080.0,5140.0,5040.0,5090.0,22857,0.0,0.0
2024-08-07 09:15:00+09:00,5090.0,5130.0,5060.0,5120.0,10338,0.0,0.0
2024-08-07 09:20:00+09:00,5120.0,5130.0,5090.0,5130.0,9273,0.0,0.0
2024-08-07 09:25:00+09:00,5130.0,5150.0,5080.0,5090.0,10284,0.0,0.0
2024-08-07 09:30:00+09:00,5120.0,5130.0,5110.0,5120.0,4150,0.0,0.0
2024-08-07 09:35:00+09:00,5110.0,5110.0,5060.0,5110.0,9491,0.0,0.0
2024-08-07 09:40:00+09:00,5100.0,5110.0,5080.0,5100.0,2590,0.0,0.0
2024-08-07 09:45:00+09:00,5100.0,5100.0,5040.0,5100.0,9130,0.0,0.0
2024-08-07 09:50:00+09:00,5090.0,5090.0,5070.0,5090.0,3396,0.0,0.0
2024-08-07 09:55:00+09:00,5090.0,5100.0,5070.0,5080.0,3835,0.0,0.0
2024-08-07 10:00:00+09:00,5080.0,5080.0,5040.0,5060.0,5863,0.0,0.0
2024-08-07 10:05:00+09:00,5080.0,5080.0,5050.0,5050.0,1957,0.0,0.0
2024-08-07 10:10:00+09:00,5050.0,5060.0,5030.0,5040.0,2501,0.0,0.0
2024-08-07 10:15:00+09:00,5040.0,5090.0,5040.0,5090.0,1743,0.0,0.0
2024-08-07 10:20:00+09:00,5090.0,5130.0,5070.0,5120.0,7980,0.0,0.0
2024-08-07 10:25:00+09:00,5120.0,5200.0,5110.0,5170.0,21619,0.0,0.0
2024-08-07 10:30:00+09:00,5170.0,5170.0,5100.0,5120.0,12819,0.0,0.0
2024-08-07 10:35:00+09:00,5110.0,5130.0,5020.0,5120.0,9182,0.0,0.0
2024-08-07 10:40:00+09:00,5110.0,5120.0,5070.0,5120.0,6355,0.0,0.0
2024-08-07 10:45:00+09:00,5120.0,5120.0,5110.0,5110.0,153,0.0,0.0
2024-08-07 10:50:00+09:00,5110.0,5120.0,5110.0,5110.0,862,0.0,0.0
2024-08-07 10:55:00+09:00,5110.0,5120.0,5080.0,5110.0,1592,0.0,0.0
2024-08-07 11:00:00+09:00,5100.0,5110.0,5080.0,5080.0,2816,0.0,0.0
2024-08-07 11:05:00+09:00,5090.0,5100.0,5090.0,5090.0,632,0.0,0.0
2024-08-07 11:10:00+09:00,5090.0,5090.0,5090.0,5090.0,405,0.0,0.0
2024-08-07 11:15:00+09:00,5080.0,5130.0,5080.0,5130.0,3841,0.0,0.0
2024-08-07 11:20:00+09:00,5130.0,5130.0,5120.0,5130.0,3143,0.0,0.0
2024-08-07 11:25:00+09:00,5120.0,5130.0,5110.0,5110.0,1767,0.0,0.0
2024-08-07 11:30:00+09:00,5110.0,5120.0,5100.0,5120.0,394,0.0,0.0
2024-08-07 11:35:00+09:00,5110.0,5130.0,5110.0,5130.0,767,0.0,0.0
2024-08-07 11:40:00+09:00,5110.0,5130.0,5110.0,5120.0,429,0.0,0.0
2024-08-07 11:45:00+09:00,5120.0,5120.0,5100.0,5110.0,3514,0.0,0.0
2024-08-07 11:50:00+09:00,5110.0,5110.0,5100.0,5100.0,1193,0.0,0.0
2024-08-07 11:55:00+09:00,5110.0,5110.0,5100.0,5100.0,855,0.0,0.0
2024-08-07 12:00:00+09:00,5090.0,5110.0,5090.0,5100.0,296,0.0,0.0
2024-08-07 12:05:00+09:00,5100.0,5120.0,5100.0,5120.0,540,0.0,0.0
2024-08-07 12:10:00+09:00,5120.0,5120.0,5110.0,5110.0,0,0.0,0.0
2024-08-07 12:15:00+09:00,5110.0,5120.0,5100.0,5120.0,1490,0.0,0.0
2024-08-07 12:20:00+09:00,5110.0,5120.0,5100.0,5110.0,1363,0.0,0.0
2024-08-07 12:25:00+09:00,5100.0,5110.0,5100.0,5110.0,892,0.0,0.0
2024-08-07 12:30:00+09:00,5110.0,5110.0,5110.0,5110.0,560,0.0,0.0
2024-08-07 12:35:00+09:00,5110.0,5110.0,5110.0,5110.0,0,0.0,0.0
2024-08-07 12:40:00+09:00,5110.0,5110.0,5100.0,5100.0,2901,0.0,0.0
2024-08-07 12:45:00+09:00,5100.0,5110.0,5090.0,5090.0,780,0.0,0.0
2024-08-07 12:50:00+09:00,5110.0,5110.0,5090.0,5090.0,325,0.0,0.0
2024-08-07 12:55:00+09:00,5090.0,5100.0,5090.0,5100.0,1191,0.0,0.0
2024-08-07 13:00:00+09:00,5100.0,5110.0,5090.0,5110.0,319,0.0,0.0
2024-08-07 13:05:00+09:00,5110.0,5110.0,5100.0,5110.0,134,0.0,0.0
2024-08-07 13:10:00+09:00,5110.0,5140.0,5110.0,5130.0,5161,0.0,0.0
2024-08-07 13:15:00+09:00,5130.0,5140.0,5110.0,5110.0,10197,0.0,0.0
2024-08-07 13:20:00+09:00,5120.0,5130.0,5120.0,5130.0,1314,0.0,0.0
2024-08-07 13:25:00+09:00,5130.0,5140.0,5120.0,5140.0,1297,0.0,0.0
2024-08-07 13:30:00+09:00,5150.0,5150.0,5130.0,5130.0,557,0.0,0.0
2024-08-07 13:35:00+09:00,5130.0,5130.0,5120.0,5130.0,1018,0.0,0.0
2024-08-07 13:40:00+09:00,5120.0,5120.0,5100.0,5100.0,3109,0.0,0.0
2024-08-07 13:45:00+09:00,5100.0,5110.0,5100.0,5110.0,1038,0.0,0.0
2024-08-07 13:50:00+09:00,5110.0,5110.0,5090.0,5110.0,2403,0.0,0.0
2024-08-07 13:55:00+09:00,5110.0,5120.0,5100.0,5100.0,1444,0.0,0.0
2024-08-07 14:00:00+09:00,5120.0,5150.0,5110.0,5130.0,6206,0.0,0.0
2024-08-07 14:05:00+09:00,5130.0,5140.0,5130.0,5140.0,113,0.0,0.0
2024-08-07 14:10:00+09:00,5140.0,5140.0,5120.0,5120.0,1560,0.0,0.0
2024-08-07 14:15:00+09:00,5130.0,5140.0,5130.0,5140.0,387,0.0,0.0
2024-08-07 14:20:00+09:00,5140.0,5150.0,5140.0,5140.0,613,0.0,0.0
2024-08-07 14:25:00+09:00,5140.0,5140.0,5130.0,5140.0,522,0.0,0.0
2024-08-07 14:30:00+09:00,5140.0,5140.0,5130.0,5130.0,651,0.0,0.0
2024-08-07 14:35:00+09:00,5130.0,5140.0,5110.0,5110.0,1958,0.0,0.0
2024-08-07 14:40:00+09:00,5120.0,5130.0,5100.0,5110.0,1370,0.0,0.0
2024-08-07 14:45:00+09:00,5100.0,5110.0,5080.0,5110.0,3221,0.0,0.0
2024-08-07 14:50:00+09:00,5100.0,5110.0,5090.0,5100.0,965,0.0,0.0
2024-08-07 14:55:00+09:00,5100.0,5110.0,5080.0,5100.0,459,0.0,0.0
2024-08-08 09:00:00+09:00,5100.0,5160.0,5070.0,5140.0,29148,0.0,0.0
2024-08-08 09:05:00+09:00,5150.0,5190.0,5140.0,5180.0,11498,0.0,0.0
2024-08-08 09:10:00+09:00,5190.0,5220.0,5160.0,5170.0,26051,0.0,0.0
2024-08-08 09:15:00+09:00,5180.0,5190.0,5110.0,5150.0,13916,0.0,0.0
2024-08-08 09:20:00+09:00,5120.0,5190.0,5120.0,5180.0,6184,0.0,0.0
2024-08-08 09:25:00+09:00,5180.0,5210.0,5160.0,5210.0,7031,0.0,0.0
2024-08-08 09:30:00+09:00,5210.0,5210.0,5170.0,5170.0,3884,0.0,0.0
2024-08-08 09:35:00+09:00,5160.0,5170.0,5140.0,5140.0,4426,0.0,0.0
2024-08-08 09:40:00+09:00,5140.0,5200.0,5140.0,5160.0,4475,0.0,0.0
2024-08-08 09:45:00+09:00,5160.0,5180.0,5130.0,5160.0,4827,0.0,0.0
2024-08-08 09:50:00+09:00,5160.0,5170.0,5150.0,5150.0,2803,0.0,0.0
2024-08-08 09:55:00+09:00,5160.0,5260.0,5160.0,5240.0,25657,0.0,0.0
2024-08-08 10:00:00+09:00,5250.0,5310.0,5220.0,5280.0,30377,0.0,0.0
2024-08-08 10:05:00+09:00,5280.0,5300.0,5240.0,5250.0,11679,0.0,0.0
2024-08-08 10:10:00+09:00,5220.0,5280.0,5220.0,5250.0,21765,0.0,0.0
2024-08-08 10:15:00+09:00,5250.0,5250.0,5230.0,5230.0,4744,0.0,0.0
2024-08-08 10:20:00+09:00,5240.0,5240.0,5190.0,5190.0,3788,0.0,0.0
2024-08-08 10:25:00+09:00,5190.0,5240.0,5190.0,5240.0,7043,0.0,0.0
2024-08-08 10:30:00+09:00,5230.0,5250.0,5230.0,5240.0,1729,0.0,0.0
2024-08-08 10:35:00+09:00,5240.0,5260.0,5240.0,5240.0,7313,0.0,0.0
2024-08-08 10:40:00+09:00,5230.0,5230.0,5180.0,5230.0,9833,0.0,0.0
2024-08-08 10:45:00+09:00,5220.0,5220.0,5180.0,5210.0,3147,0.0,0.0
2024-08-08 10:50:00+09:00,5230.0,5230.0,5180.0,5200.0,5233,0.0,0.0
2024-08-08 10:55:00+09:00,5210.0,5260.0,5210.0,5260.0,2748,0.0,0.0
2024-08-08 11:00:00+09:00,5260.0,5260.0,5230.0,5230.0,7321,0.0,0.0
2024-08-08 11:05:00+09:00,5230.0,5230.0,5210.0,5220.0,599,0.0,0.0
2024-08-08 11:10:00+09:00,5210.0,5220.0,5200.0,5220.0,1410,0.0,0.0
2024-08-08 11:15:00+09:00,5220.0,5240.0,5220.0,5230.0,2045,0.0,0.0
2024-08-08 11:20:00+09:00,5230.0,5230.0,5220.0,5230.0,498,0.0,0.0
2024-08-08 11:25:00+09:00,5230.0,5260.0,5230.0,5260.0,4520,0.0,0.0
2024-08-08 11:30:00+09:00,5260.0,5270.0,5250.0,5250.0,3530,0.0,0.0
2024-08-08 11:35:00+09:00,5250.0,5250.0,5240.0,5240.0,2115,0.0,0.0
2024-08-08 11:40:00+09:00,5240.0,5240.0,5210.0,5210.0,774,0.0,0.0
2024-08-08 11:45:00+09:00,5220.0,5250.0,5220.0,5250.0,2324,0.0,0.0
2024-08-08 11:50:00+09:00,5250.0,5260.0,5250.0,5260.0,140,0.0,0.0
2024-08-08 11:55:00+09:00,5250.0,5260.0,5240.0,5250.0,1428,0.0,0.0
2024-08-08 12:00:00+09:00,5250.0,5280.0,5250.0,5280.0,5857,0.0,0.0
2024-08-08 12:05:00+09:00,5280.0,5320.0,5250.0,5290.0,13669,0.0,0.0
2024-08-08 12:10:00+09:00,5270.0,5290.0,5260.0,5280.0,4243,0.0,0.0
2024-08-08 12:15:00+09:00,5280.0,5280.0,5260.0,5260.0,950,0.0,0.0
2024-08-08 12:20:00+09:00,5260.0,5260.0,5240.0,5250.0,9848,0.0,0.0
2024-08-08 12:25:00+09:00,5240.0,5250.0,5240.0,5240.0,863,0.0,0.0
2024-08-08 12:30:00+09:00,5240.0,5250.0,5210.0,5250.0,3654,0.0,0.0
2024-08-08 12:35:00+09:00,5240.0,5250.0,5240.0,5250.0,365,0.0,0.0
2024-08-08 12:40:00+09:00,5250.0,5250.0,5250.0,5250.0,274,0.0,0.0
2024-08-08 12:45:00+09:00,5250.0,5250.0,5230.0,5230.0,2664,0.0,0.0
2024-08-08 12:50:00+09:00,5230.0,5240.0,5220.0,5230.0,3457,0.0,0.0
2024-08-08 12:55:00+09:00,5230.0,5230.0,5200.0,5200.0,4100,0.0,0.0
2024-08-08 13:00:00+09:00,5200.0,5220.0,5190.0,5190.0,740,0.0,0.0
2024-08-08 13:05:00+09:00,5190.0,5200.0,5160.0,5170.0,4955,0.0,0.0
2024-08-08 13:10:00+09:00,5170.0,5170.0,5150.0,5170.0,2576,0.0,0.0
2024-08-08 13:15:00+09:00,5170.0,5180.0,5160.0,5180.0,576,0.0,0.0
2024-08-08 13:20:00+09:00,5170.0,5180.0,5170.0,5180.0,156,0.0,0.0
2024-08-08 13:25:00+09:00,5170.0,5220.0,5170.0,5200.0,2172,0.0,0.0
2024-08-08 13:30:00+09:00,5200.0,5200.0,5170.0,5170.0,547,0.0,0.0
2024-08-08 13:35:00+09:00,5170.0,5170.0,5150.0,5150.0,1875,0.0,0.0
2024-08-08 13:40:00+09:00,5150.0,5150.0,5130.0,5150.0,5567,0.0,0.0
2024-08-08 13:45:00+09:00,5140.0,5160.0,5130.0,5160.0,4418,0.0,0.0
2024-08-08 13:50:00+09:00,5150.0,5170.0,5140.0,5160.0,1780,0.0,0.0
2024-08-08 13:55:00+09:00,5160.0,5170.0,5150.0,5150.0,1232,0.0,0.0
2024-08-08 14:00:00+09:00,5150.0,5160.0,5140.0,5160.0,687,0.0,0.0
2024-08-08 14:05:00+09:00,5150.0,5150.0,5100.0,5100.0,15791,0.0,0.0
2024-08-08 14:10:00+09:00,5100.0,5130.0,5100.0,5110.0,1751,0.0,0.0
2024-08-08 14:15:00+09:00,5110.0,5130.0,5110.0,5120.0,615,0.0,0.0
2024-08-08 14:20:00+09:00,5110.0,5160.0,5110.0,5150.0,525,0.0,0.0
2024-08-08 14:25:00+09:00,5130.0,5160.0,5120.0,5120.0,1040,0.0,0.0
2024-08-08 14:30:00+09:00,5130.0,5130.0,5070.0,5100.0,9334,0.0,0.0
2024-08-08 14:35:00+09:00,5080.0,5120.0,5080.0,5120.0,7537,0.0,0.0
2024-08-08 14:40:00+09:00,5120.0,5120.0,5120.0,5120.0,62,0.0,0.0
2024-08-08 14:45:00+09:00,5110.0,5110.0,5080.0,5100.0,2904,0.0,0.0
2024-08-08 14:50:00+09:00,5090.0,5090.0,5020.0,5090.0,9550,0.0,0.0
2024-08-08 14:55:00+09:00,5080.0,5100.0,5060.0,5100.0,2053,0.0,0.0
2024-08-09 09:00:00+09:00,5230.0,5320.0,5180.0,5270.0,51849,0.0,0.0
2024-08-09 09:05:00+09:00,5270.0,5320.0,5230.0,5310.0,18208,0.0,0.0
2024-08-09 09:10:00+09:00,5300.0,5300.0,5230.0,5300.0,14483,0.0,0.0
2024-08-09 09:15:00+09:00,5280.0,5310.0,5270.0,5290.0,9467,0.0,0.0
2024-08-09 09:20:00+09:00,5280.0,5310.0,5280.0,5280.0,10758,0.0,0.0
2024-08-09 09:25:00+09:00,5280.0,5300.0,5250.0,5290.0,8032,0.0,0.0
2024-08-09 09:30:00+09:00,5280.0,5300.0,5270.0,5280.0,9415,0.0,0.0
2024-08-09 09:35:00+09:00,5290.0,5290.0,5270.0,5280.0,5761,0.0,0.0
2024-08-09 09:40:00+09:00,5280.0,5590.0,5280.0,5520.0,227500,0.0,0.0
2024-08-09 09:45:00+09:00,5520.0,5560.0,5430.0,5460.0,93238,0.0,0.0
2024-08-09 09:50:00+09:00,5460.0,5470.0,5390.0,5420.0,50761,0.0,0.0
2024-08-09 09:55:00+09:00,5420.0,5470.0,5360.0,5380.0,31541,0.0,0.0
2024-08-09 10:00:00+09:00,5380.0,5410.0,5340.0,5400.0,15022,0.0,0.0
2024-08-09 10:05:00+09:00,5390.0,5400.0,5370.0,5370.0,2422,0.0,0.0
2024-08-09 10:10:00+09:00,5370.0,5380.0,5350.0,5370.0,11826,0.0,0.0
2024-08-09 10:15:00+09:00,5370.0,5430.0,5350.0,5420.0,10594,0.0,0.0
2024-08-09 10:20:00+09:00,5410.0,5410.0,5390.0,5400.0,2953,0.0,0.0
2024-08-09 10:25:00+09:00,5400.0,5480.0,5400.0,5460.0,15028,0.0,0.0
2024-08-09 10:30:00+09:00,5450.0,5460.0,5430.0,5460.0,4690,0.0,0.0
2024-08-09 10:35:00+09:00,5460.0,5470.0,5440.0,5440.0,9102,0.0,0.0
2024-08-09 10:40:00+09:00,5460.0,5460.0,5410.0,5420.0,6037,0.0,0.0
2024-08-09 10:45:00+09:00,5430.0,5430.0,5390.0,5420.0,5235,0.0,0.0
2024-08-09 10:50:00+09:00,5420.0,5420.0,5390.0,5400.0,3131,0.0,0.0
2024-08-09 10:55:00+09:00,5390.0,5430.0,5390.0,5410.0,1918,0.0,0.0
2024-08-09 11:00:00+09:00,5420.0,5490.0,5420.0,5490.0,15142,0.0,0.0
2024-08-09 11:05:00+09:00,5480.0,5500.0,5450.0,5450.0,7371,0.0,0.0
2024-08-09 11:10:00+09:00,5450.0,5460.0,5420.0,5420.0,5287,0.0,0.0
2024-08-09 11:15:00+09:00,5430.0,5440.0,5410.0,5420.0,4956,0.0,0.0
2024-08-09 11:20:00+09:00,5420.0,5430.0,5410.0,5410.0,1132,0.0,0.0
2024-08-09 11:25:00+09:00,5410.0,5420.0,5410.0,5420.0,611,0.0,0.0
2024-08-09 11:30:00+09:00,5420.0,5430.0,5400.0,5430.0,2169,0.0,0.0
2024-08-09 11:35:00+09:00,5430.0,5430.0,5400.0,5410.0,2386,0.0,0.0
2024-08-09 11:40:00+09:00,5410.0,5430.0,5410.0,5430.0,928,0.0,0.0
2024-08-09 11:45:00+09:00,5440.0,5440.0,5420.0,5420.0,1875,0.0,0.0
2024-08-09 11:50:00+09:00,5440.0,5450.0,5430.0,5440.0,1295,0.0,0.0
2024-08-09 11:55:00+09:00,5430.0,5450.0,5430.0,5440.0,898,0.0,0.0
2024-08-09 12:00:00+09:00,5440.0,5460.0,5430.0,5460.0,3450,0.0,0.0
2024-08-09 12:05:00+09:00,5460.0,5480.0,5460.0,5480.0,4668,0.0,0.0
2024-08-09 12:10:00+09:00,5480.0,5480.0,5460.0,5460.0,1507,0.0,0.0
2024-08-09 12:15:00+09:00,5450.0,5480.0,5450.0,5470.0,2868,0.0,0.0
2024-08-09 12:20:00+09:00,5480.0,5620.0,5470.0,5620.0,59593,0.0,0.0
2024-08-09 12:25:00+09:00,5610.0,5970.0,5610.0,5900.0,623571,0.0,0.0
2024-08-09 12:30:00+09:00,5910.0,5910.0,5740.0,5820.0,363913,0.0,0.0
2024-08-09 12:35:00+09:00,5810.0,5880.0,5700.0,5800.0,226709,0.0,0.0
2024-08-09 12:40:00+09:00,5790.0,6090.0,5770.0,6010.0,649878,0.0,0.0
2024-08-09 12:45:00+09:00,6010.0,6060.0,5940.0,6030.0,312185,0.0,0.0
2024-08-09 12:50:00+09:00,6020.0,6030.0,5870.0,5940.0,244064,0.0,0.0
2024-08-09 12:55:00+09:00,5950.0,5980.0,5820.0,5830.0,169345,0.0,0.0
2024-08-09 13:00:00+09:00,5830.0,5930.0,5820.0,5840.0,123714,0.0,0.0
2024-08-09 13:05:00+09:00,5830.0,5910.0,5760.0,5900.0,111975,0.0,0.0
2024-08-09 13:10:00+09:00,5890.0,5950.0,5820.0,5830.0,113780,0.0,0.0
2024-08-09 13:15:00+09:00,5830.0,6010.0,5820.0,5900.0,160047,0.0,0.0
2024-08-09 13:20:00+09:00,5910.0,5930.0,5760.0,5880.0,100593,0.0,0.0
2024-08-09 13:25:00+09:00,5870.0,5880.0,5770.0,5780.0,57482,0.0,0.0
2024-08-09 13:30:00+09:00,5790.0,5890.0,5680.0,5780.0,152122,0.0,0.0
2024-08-09 13:35:00+09:00,5780.0,5810.0,5720.0,5740.0,40555,0.0,0.0
2024-08-09 13:40:00+09:00,5740.0,5770.0,5700.0,5750.0,28609,0.0,0.0
2024-08-09 13:45:00+09:00,5740.0,5750.0,5620.0,5640.0,70012,0.0,0.0
2024-08-09 13:50:00+09:00,5640.0,5700.0,5640.0,5670.0,37838,0.0,0.0
2024-08-09 13:55:00+09:00,5670.0,5720.0,5640.0,5710.0,24711,0.0,0.0
2024-08-09 14:00:00+09:00,5710.0,5850.0,5700.0,5800.0,105532,0.0,0.0
2024-08-09 14:05:00+09:00,5790.0,5840.0,5750.0,5810.0,37837,0.0,0.0
2024-08-09 14:10:00+09:00,5800.0,5890.0,5780.0,5820.0,73669,0.0,0.0
2024-08-09 14:15:00+09:00,5820.0,5870.0,5760.0,5820.0,35303,0.0,0.0
2024-08-09 14:20:00+09:00,5810.0,5830.0,5740.0,5770.0,39857,0.0,0.0
2024-08-09 14:25:00+09:00,5780.0,5790.0,5710.0,5740.0,31899,0.0,0.0
2024-08-09 14:30:00+09:00,5760.0,5770.0,5700.0,5750.0,15468,0.0,0.0
2024-08-09 14:35:00+09:00,5750.0,5770.0,5710.0,5720.0,18911,0.0,0.0
2024-08-09 14:40:00+09:00,5720.0,5750.0,5700.0,5700.0,9624,0.0,0.0
2024-08-09 14:45:00+09:00,5700.0,5730.0,5660.0,5730.0,39504,0.0,0.0
2024-08-09 14:50:00+09:00,5730.0,5730.0,5680.0,5690.0,7079,0.0,0.0
2024-08-09 14:55:00+09:00,5690.0,5710.0,5640.0,5710.0,19746,0.0,0.0
2024-08-12 09:00:00+09:00,5710.0,5730.0,5680.0,5710.0,0,0.0,0.0
2024-08-12 09:05:00+09:00,5710.0,5710.0,5660.0,5670.0,30323,0.0,0.0
2024-08-12 09:10:00+09:00,5670.0,5710.0,5670.0,5690.0,17042,0.0,0.0
2024-08-12 09:15:00+09:00,5690.0,5720.0,5690.0,5720.0,9319,0.0,0.0
2024-08-12 09:20:00+09:00,5720.0,5740.0,5670.0,5680.0,19816,0.0,0.0
2024-08-12 09:25:00+09:00,5670.0,5690.0,5640.0,5650.0,11167,0.0,0.0
2024-08-12 09:30:00+09:00,5650.0,5690.0,5640.0,5650.0,12699,0.0,0.0
2024-08-12 09:35:00+09:00,5650.0,5660.0,5630.0,5640.0,8568,0.0,0.0
2024-08-12 09:40:00+09:00,5650.0,5720.0,5640.0,5720.0,16812,0.0,0.0
2024-08-12 09:45:00+09:00,5710.0,5720.0,5660.0,5670.0,19266,0.0,0.0
2024-08-12 09:50:00+09:00,5670.0,5700.0,5670.0,5690.0,1806,0.0,0.0
2024-08-12 09:55:00+09:00,5680.0,5680.0,5640.0,5650.0,4881,0.0,0.0
2024-08-12 10:00:00+09:00,5640.0,5690.0,5630.0,5690.0,9983,0.0,0.0
2024-08-12 10:05:00+09:00,5690.0,5690.0,5670.0,5670.0,3227,0.0,0.0
2024-08-12 10:10:00+09:00,5670.0,5700.0,5670.0,5690.0,3602,0.0,0.0
2024-08-12 10:15:00+09:00,5690.0,5690.0,5670.0,5680.0,2362,0.0,0.0
2024-08-12 10:20:00+09:00,5670.0,5680.0,5660.0,5670.0,2845,0.0,0.0
2024-08-12 10:25:00+09:00,5670.0,5670.0,5650.0,5650.0,5025,0.0,0.0
2024-08-12 10:30:00+09:00,5650.0,5680.0,5650.0,5670.0,609,0.0,0.0
2024-08-12 10:35:00+09:00,5670.0,5680.0,5660.0,5670.0,1179,0.0,0.0
2024-08-12 10:40:00+09:00,5680.0,5680.0,5660.0,5660.0,1307,0.0,0.0
2024-08-12 10:45:00+09:00,5660.0,5660.0,5650.0,5650.0,2218,0.0,0.0
2024-08-12 10:50:00+09:00,5650.0,5670.0,5640.0,5670.0,2377,0.0,0.0
2024-08-12 10:55:00+09:00,5670.0,5680.0,5650.0,5660.0,1141,0.0,0.0
2024-08-12 11:00:00+09:00,5650.0,5650.0,5630.0,5640.0,9075,0.0,0.0
2024-08-12 11:05:00+09:00,5650.0,5650.0,5640.0,5650.0,2188,0.0,0.0
2024-08-12 11:10:00+09:00,5640.0,5650.0,5630.0,5640.0,5538,0.0,0.0
2024-08-12 11:15:00+09:00,5640.0,5640.0,5630.0,5630.0,3329,0.0,0.0
2024-08-12 11:20:00+09:00,5630.0,5640.0,5620.0,5630.0,3670,0.0,0.0
2024-08-12 11:25:00+09:00,5630.0,5630.0,5600.0,5610.0,12619,0.0,0.0
2024-08-12 11:30:00+09:00,5620.0,5630.0,5600.0,5610.0,4618,0.0,0.0
2024-08-12 11:35:00+09:00,5610.0,5630.0,5610.0,5630.0,1795,0.0,0.0
2024-08-12 11:40:00+09:00,5620.0,5640.0,5600.0,5630.0,8689,0.0,0.0
2024-08-12 11:45:00+09:00,5620.0,5620.0,5590.0,5590.0,6239,0.0,0.0
2024-08-12 11:50:00+09:00,5590.0,5620.0,5590.0,5610.0,2146,0.0,0.0
2024-08-12 11:55:00+09:00,5610.0,5630.0,5610.0,5630.0,254,0.0,0.0
2024-08-12 12:00:00+09:00,5610.0,5620.0,5600.0,5610.0,1439,0.0,0.0
2024-08-12 12:05:00+09:00,5610.0,5620.0,5610.0,5620.0,1753,0.0,0.0
2024-08-12 12:10:00+09:00,5620.0,5630.0,5610.0,5620.0,1075,0.0,0.0
2024-08-12 12:15:00+09:00,5620.0,5620.0,5590.0,5600.0,6146,0.0,0.0
2024-08-12 12:20:00+09:00,5600.0,5630.0,5600.0,5620.0,3348,0.0,0.0
2024-08-12 12:25:00+09:00,5620.0,5630.0,5610.0,5620.0,1618,0.0,0.0
2024-08-12 12:30:00+09:00,5630.0,5630.0,5620.0,5630.0,600,0.0,0.0
2024-08-12 12:35:00+09:00,5620.0,5640.0,5620.0,5620.0,3103,0.0,0.0
2024-08-12 12:40:00+09:00,5620.0,5620.0,5610.0,5620.0,3456,0.0,0.0
2024-08-12 12:45:00+09:00,5620.0,5640.0,5620.0,5630.0,1647,0.0,0.0
2024-08-12 12:50:00+09:00,5640.0,5650.0,5640.0,5650.0,2995,0.0,0.0
2024-08-12 12:55:00+09:00,5650.0,5650.0,5630.0,5650.0,1591,0.0,0.0
2024-08-12 13:00:00+09:00,5640.0,5650.0,5630.0,5630.0,3952,0.0,0.0
2024-08-12 13:05:00+09:00,5620.0,5630.0,5610.0,5630.0,4337,0.0,0.0
2024-08-12 13:10:00+09:00,5630.0,5630.0,5620.0,5630.0,225,0.0,0.0
2024-08-12 13:15:00+09:00,5630.0,5630.0,5600.0,5600.0,8776,0.0,0.0
2024-08-12 13:20:00+09:00,5600.0,5630.0,5600.0,5620.0,3252,0.0,0.0
2024-08-12 13:25:00+09:00,5620.0,5630.0,5610.0,5610.0,2592,0.0,0.0
2024-08-12 13:30:00+09:00,5610.0,5630.0,5610.0,5630.0,1708,0.0,0.0
2024-08-12 13:35:00+09:00,5620.0,5630.0,5610.0,5610.0,1741,0.0,0.0
2024-08-12 13:40:00+09:00,5610.0,5620.0,5580.0,5590.0,8814,0.0,0.0
2024-08-12 13:45:00+09:00,5600.0,5610.0,5590.0,5610.0,778,0.0,0.0
2024-08-12 13:50:00+09:00,5610.0,5610.0,5580.0,5600.0,3424,0.0,0.0
2024-08-12 13:55:00+09:00,5590.0,5610.0,5580.0,5610.0,2984,0.0,0.0
2024-08-12 14:00:00+09:00,5610.0,5610.0,5590.0,5610.0,126,0.0,0.0
2024-08-12 14:05:00+09:00,5600.0,5610.0,5580.0,5590.0,2277,0.0,0.0
2024-08-12 14:10:00+09:00,5590.0,5600.0,5580.0,5580.0,4637,0.0,0.0
2024-08-12 14:15:00+09:00,5580.0,5600.0,5580.0,5600.0,1771,0.0,0.0
2024-08-12 14:20:00+09:00,5590.0,5600.0,5580.0,5590.0,2082,0.0,0.0
2024-08-12 14:25:00+09:00,5600.0,5610.0,5590.0,5600.0,2679,0.0,0.0
2024-08-12 14:30:00+09:00,5610.0,5630.0,5610.0,5630.0,2645,0.0,0.0
2024-08-12 14:35:00+09:00,5620.0,5640.0,5610.0,5610.0,3145,0.0,0.0
2024-08-12 14:40:00+09:00,5620.0,5620.0,5610.0,5620.0,662,0.0,0.0
2024-08-12 14:45:00+09:00,5610.0,5630.0,5610.0,5630.0,2840,0.0,0.0
2024-08-12 14:50:00+09:00,5630.0,5630.0,5600.0,5610.0,7944,0.0,0.0
2024-08-12 14:55:00+09:00,5610.0,5630.0,5610.0,5620.0,2934,0.0,0.0
2024-08-13 09:00:00+09:00,5510.0,5570.0,5500.0,5530.0,19448,0.0,0.0
2024-08-13 09:05:00+09:00,5530.0,5540.0,5420.0,5460.0,38875,0.0,0.0
2024-08-13 09:10:00+09:00,5420.0,5510.0,5420.0,5510.0,5753,0.0,0.0
2024-08-13 09:15:00+09:00,5510.0,5510.0,5460.0,5500.0,4048,0.0,0.0
2024-08-13 09:20:00+09:00,5500.0,5510.0,5480.0,5480.0,2639,0.0,0.0
2024-08-13 09:25:00+09:00,5480.0,5480.0,5430.0,5430.0,16889,0.0,0.0
2024-08-13 09:30:00+09:00,5430.0,5450.0,5420.0,5420.0,3256,0.0,0.0
2024-08-13 09:35:00+09:00,5420.0,5420.0,5380.0,5400.0,18169,0.0,0.0
2024-08-13 09:40:00+09:00,5400.0,5480.0,5390.0,5480.0,10941,0.0,0.0
2024-08-13 09:45:00+09:00,5460.0,5470.0,5440.0,5460.0,2728,0.0,0.0
2024-08-13 09:50:00+09:00,5460.0,5470.0,5430.0,5460.0,1723,0.0,0.0
2024-08-13 09:55:00+09:00,5450.0,5450.0,5440.0,5450.0,1275,0.0,0.0
2024-08-13 10:00:00+09:00,5450.0,5460.0,5410.0,5410.0,4778,0.0,0.0
2024-08-13 10:05:00+09:00,5410.0,5460.0,5390.0,5410.0,13230,0.0,0.0
2024-08-13 10:10:00+09:00,5450.0,5450.0,5420.0,5440.0,0,0.0,0.0
2024-08-13 10:15:00+09:00,5440.0,5450.0,5430.0,5440.0,389,0.0,0.0
2024-08-13 10:20:00+09:00,5440.0,5440.0,5410.0,5410.0,2402,0.0,0.0
2024-08-13 10:25:00+09:00,5410.0,5430.0,5380.0,5410.0,5022,0.0,0.0
2024-08-13 10:30:00+09:00,5410.0,5430.0,5390.0,5410.0,5154,0.0,0.0
2024-08-13 10:35:00+09:00,5420.0,5450.0,5420.0,5440.0,4551,0.0,0.0
2024-08-13 10:40:00+09:00,5430.0,5440.0,5420.0,5430.0,2398,0.0,0.0
2024-08-13 10:45:00+09:00,5420.0,5440.0,5420.0,5440.0,2504,0.0,0.0
2024-08-13 10:50:00+09:00,5440.0,5470.0,5440.0,5470.0,1432,0.0,0.0
2024-08-13 10:55:00+09:00,5450.0,5460.0,5420.0,5450.0,2133,0.0,0.0
2024-08-13 11:00:00+09:00,5450.0,5460.0,5370.0,5420.0,8299,0.0,0.0
2024-08-13 11:05:00+09:00,5440.0,5440.0,5420.0,5420.0,1018,0.0,0.0
2024-08-13 11:10:00+09:00,5420.0,5430.0,5410.0,5430.0,568,0.0,0.0
2024-08-13 11:15:00+09:00,5430.0,5430.0,5410.0,5430.0,189,0.0,0.0
2024-08-13 11:20:00+09:00,5420.0,5430.0,5400.0,5430.0,1560,0.0,0.0
2024-08-13 11:25:00+09:00,5430.0,5430.0,5400.0,5400.0,2118,0.0,0.0
2024-08-13 11:30:00+09:00,5400.0,5410.0,5350.0,5360.0,14246,0.0,0.0
2024-08-13 11:35:00+09:00,5360.0,5400.0,5360.0,5390.0,1336,0.0,0.0
2024-08-13 11:40:00+09:00,5390.0,5390.0,5370.0,5370.0,395,0.0,0.0
2024-08-13 11:45:00+09:00,5370.0,5390.0,5370.0,5390.0,2018,0.0,0.0
2024-08-13 11:50:00+09:00,5390.0,5390.0,5370.0,5370.0,4095,0.0,0.0
2024-08-13 11:55:00+09:00,5360.0,5380.0,5360.0,5380.0,853,0.0,0.0
2024-08-13 12:00:00+09:00,5370.0,5400.0,5370.0,5400.0,902,0.0,0.0
2024-08-13 12:05:00+09:00,5400.0,5400.0,5360.0,5390.0,874,0.0,0.0
2024-08-13 12:10:00+09:00,5400.0,5410.0,5400.0,5410.0,1318,0.0,0.0
2024-08-13 12:15:00+09:00,5410.0,5410.0,5400.0,5410.0,132,0.0,0.0
2024-08-13 12:20:00+09:00,5410.0,5410.0,5410.0,5410.0,527,0.0,0.0
2024-08-13 12:25:00+09:00,5420.0,5430.0,5410.0,5420.0,346,0.0,0.0
2024-08-13 12:30:00+09:00,5410.0,5420.0,5410.0,5420.0,206,0.0,0.0
2024-08-13 12:35:00+09:00,5430.0,5450.0,5430.0,5450.0,626,0.0,0.0
2024-08-13 12:40:00+09:00,5450.0,5450.0,5430.0,5440.0,1609,0.0,0.0
2024-08-13 12:45:00+09:00,5440.0,5450.0,5430.0,5430.0,1282,0.0,0.0
2024-08-13 12:50:00+09:00,5430.0,5450.0,5400.0,5400.0,1942,0.0,0.0
2024-08-13 12:55:00+09:00,5440.0,5440.0,5410.0,5430.0,893,0.0,0.0
2024-08-13 13:00:00+09:00,5440.0,5440.0,5420.0,5420.0,856,0.0,0.0
2024-08-13 13:05:00+09:00,5430.0,5430.0,5400.0,5410.0,5463,0.0,0.0
2024-08-13 13:10:00+09:00,5400.0,5420.0,5400.0,5420.0,1470,0.0,0.0
2024-08-13 13:15:00+09:00,5420.0,5430.0,5390.0,5410.0,3452,0.0,0.0
2024-08-13 13:20:00+09:00,5410.0,5410.0,5380.0,5400.0,2119,0.0,0.0
2024-08-13 13:25:00+09:00,5410.0,5410.0,5400.0,5400.0,47,0.0,0.0
2024-08-13 13:30:00+09:00,5400.0,5410.0,5400.0,5400.0,654,0.0,0.0
2024-08-13 13:35:00+09:00,5410.0,5410.0,5370.0,5400.0,3675,0.0,0.0
2024-08-13 13:40:00+09:00,5410.0,5420.0,5390.0,5420.0,644,0.0,0.0
2024-08-13 13:45:00+09:00,5420.0,5420.0,5410.0,5410.0,339,0.0,0.0
2024-08-13 13:50:00+09:00,5410.0,5410.0,5390.0,5390.0,1254,0.0,0.0
2024-08-13 13:55:00+09:00,5380.0,5400.0,5330.0,5400.0,8215,0.0,0.0
2024-08-13 14:00:00+09:00,5390.0,5400.0,5380.0,5400.0,342,0.0,0.0
2024-08-13 14:05:00+09:00,5400.0,5400.0,5380.0,5390.0,1214,0.0,0.0
2024-08-13 14:10:00+09:00,5380.0,5380.0,5360.0,5370.0,1089,0.0,0.0
2024-08-13 14:15:00+09:00,5370.0,5390.0,5320.0,5390.0,5591,0.0,0.0
2024-08-13 14:20:00+09:00,5380.0,5410.0,5370.0,5400.0,1907,0.0,0.0
2024-08-13 14:25:00+09:00,5390.0,5390.0,5370.0,5380.0,1340,0.0,0.0
2024-08-13 14:30:00+09:00,5390.0,5420.0,5370.0,5370.0,6348,0.0,0.0
2024-08-13 14:35:00+09:00,5400.0,5400.0,5370.0,5380.0,1841,0.0,0.0
2024-08-13 14:40:00+09:00,5380.0,5400.0,5370.0,5400.0,881,0.0,0.0
2024-08-13 14:45:00+09:00,5400.0,5420.0,5380.0,5380.0,1105,0.0,0.0
2024-08-13 14:50:00+09:00,5410.0,5410.0,5390.0,5410.0,383,0.0,0.0
2024-08-13 14:55:00+09:00,5400.0,5400.0,5350.0,5350.0,4541,0.0,0.0
2024-08-14 09:00:00+09:00,5440.0,5460.0,5420.0,5450.0,13128,0.0,0.0
2024-08-14 09:05:00+09:00,5450.0,5480.0,5430.0,5440.0,5469,0.0,0.0
2024-08-14 09:10:00+09:00,5430.0,5460.0,5430.0,5430.0,2769,0.0,0.0
2024-08-14 09:15:00+09:00,5440.0,5440.0,5390.0,5400.0,2824,0.0,0.0
2024-08-14 09:20:00+09:00,5400.0,5420.0,5370.0,5380.0,5373,0.0,0.0
2024-08-14 09:25:00+09:00,5370.0,5380.0,5330.0,5340.0,5851,0.0,0.0
2024-08-14 09:30:00+09:00,5350.0,5350.0,5320.0,5330.0,9717,0.0,0.0
2024-08-14 09:35:00+09:00,5350.0,5390.0,5340.0,5390.0,4138,0.0,0.0
2024-08-14 09:40:00+09:00,5390.0,5420.0,5390.0,5410.0,3541,0.0,0.0
2024-08-14 09:45:00+09:00,5400.0,5450.0,5390.0,5440.0,6046,0.0,0.0
2024-08-14 09:50:00+09:00,5430.0,5450.0,5420.0,5440.0,3863,0.0,0.0
2024-08-14 09:55:00+09:00,5450.0,5470.0,5440.0,5450.0,6378,0.0,0.0
2024-08-14 10:00:00+09:00,5440.0,5440.0,5400.0,5430.0,2931,0.0,0.0
2024-08-14 10:05:00+09:00,5440.0,5490.0,5440.0,5480.0,10583,0.0,0.0
2024-08-14 10:10:00+09:00,5480.0,5540.0,5480.0,5540.0,10840,0.0,0.0
2024-08-14 10:15:00+09:00,5540.0,5590.0,5490.0,5500.0,9622,0.0,0.0
2024-08-14 10:20:00+09:00,5500.0,5520.0,5470.0,5490.0,2791,0.0,0.0
2024-08-14 10:25:00+09:00,5490.0,5510.0,5490.0,5500.0,3033,0.0,0.0
2024-08-14 10:30:00+09:00,5500.0,5500.0,5480.0,5490.0,2967,0.0,0.0
2024-08-14 10:35:00+09:00,5500.0,5510.0,5450.0,5460.0,9709,0.0,0.0
2024-08-14 10:40:00+09:00,5460.0,5480.0,5450.0,5470.0,2501,0.0,0.0
2024-08-14 10:45:00+09:00,5480.0,5480.0,5470.0,5480.0,125,0.0,0.0
2024-08-14 10:50:00+09:00,5470.0,5470.0,5450.0,5470.0,1925,0.0,0.0
2024-08-14 10:55:00+09:00,5460.0,5470.0,5460.0,5470.0,221,0.0,0.0
2024-08-14 11:00:00+09:00,5460.0,5470.0,5440.0,5460.0,2633,0.0,0.0
2024-08-14 11:05:00+09:00,5440.0,5450.0,5440.0,5450.0,1236,0.0,0.0
2024-08-14 11:10:00+09:00,5450.0,5450.0,5380.0,5440.0,5078,0.0,0.0
2024-08-14 11:15:00+09:00,5440.0,5450.0,5430.0,5440.0,1419,0.0,0.0
2024-08-14 11:20:00+09:00,5440.0,5450.0,5440.0,5440.0,711,0.0,0.0
2024-08-14 11:25:00+09:00,5440.0,5450.0,5430.0,5440.0,530,0.0,0.0
2024-08-14 11:30:00+09:00,5440.0,5460.0,5420.0,5460.0,1436,0.0,0.0
2024-08-14 11:35:00+09:00,5460.0,5500.0,5460.0,5500.0,1989,0.0,0.0
2024-08-14 11:40:00+09:00,5490.0,5530.0,5460.0,5460.0,4668,0.0,0.0
2024-08-14 11:45:00+09:00,5490.0,5510.0,5460.0,5480.0,2341,0.0,0.0
2024-08-14 11:50:00+09:00,5480.0,5490.0,5470.0,5490.0,70,0.0,0.0
2024-08-14 11:55:00+09:00,5480.0,5490.0,5470.0,5490.0,821,0.0,0.0
2024-08-14 12:00:00+09:00,5480.0,5490.0,5460.0,5490.0,2911,0.0,0.0
2024-08-14 12:05:00+09:00,5490.0,5490.0,5490.0,5490.0,57,0.0,0.0
2024-08-14 12:10:00+09:00,5490.0,5490.0,5470.0,5480.0,227,0.0,0.0
2024-08-14 12:15:00+09:00,5470.0,5480.0,5470.0,5470.0,1116,0.0,0.0
2024-08-14 12:20:00+09:00,5480.0,5480.0,5450.0,5460.0,1922,0.0,0.0
2024-08-14 12:25:00+09:00,5450.0,5460.0,5430.0,5450.0,2511,0.0,0.0
2024-08-14 12:30:00+09:00,5450.0,5460.0,5440.0,5460.0,850,0.0,0.0
2024-08-14 12:35:00+09:00,5450.0,5460.0,5440.0,5450.0,767,0.0,0.0
2024-08-14 12:40:00+09:00,5450.0,5450.0,5440.0,5450.0,264,0.0,0.0
2024-08-14 12:45:00+09:00,5450.0,5450.0,5430.0,5450.0,475,0.0,0.0
2024-08-14 12:50:00+09:00,5450.0,5450.0,5420.0,5420.0,668,0.0,0.0
2024-08-14 12:55:00+09:00,5430.0,5450.0,5410.0,5440.0,8839,0.0,0.0
2024-08-14 13:00:00+09:00,5450.0,5450.0,5430.0,5450.0,124,0.0,0.0
2024-08-14 13:05:00+09:00,5450.0,5450.0,5420.0,5440.0,632,0.0,0.0
2024-08-14 13:10:00+09:00,5440.0,5440.0,5420.0,5420.0,446,0.0,0.0
2024-08-14 13:15:00+09:00,5440.0,5440.0,5410.0,5420.0,486,0.0,0.0
2024-08-14 13:20:00+09:00,5430.0,5440.0,5400.0,5440.0,1226,0.0,0.0
2024-08-14 13:25:00+09:00,5440.0,5440.0,5420.0,5440.0,169,0.0,0.0
2024-08-14 13:30:00+09:00,5440.0,5440.0,5430.0,5430.0,145,0.0,0.0
2024-08-14 13:35:00+09:00,5440.0,5440.0,5430.0,5440.0,163,0.0,0.0
2024-08-14 13:40:00+09:00,5440.0,5440.0,5430.0,5430.0,766,0.0,0.0
2024-08-14 13:45:00+09:00,5440.0,5440.0,5420.0,5420.0,606,0.0,0.0
2024-08-14 13:50:00+09:00,5440.0,5440.0,5430.0,5440.0,480,0.0,0.0
2024-08-14 13:55:00+09:00,5440.0,5440.0,5420.0,5420.0,171,0.0,0.0
2024-08-14 14:00:00+09:00,5430.0,5430.0,5410.0,5430.0,1642,0.0,0.0
2024-08-14 14:05:00+09:00,5430.0,5430.0,5420.0,5420.0,100,0.0,0.0
2024-08-14 14:10:00+09:00,5430.0,5430.0,5410.0,5410.0,1007,0.0,0.0
2024-08-14 14:15:00+09:00,5410.0,5430.0,5410.0,5420.0,1027,0.0,0.0
2024-08-14 14:20:00+09:00,5420.0,5430.0,5420.0,5430.0,88,0.0,0.0
2024-08-14 14:25:00+09:00,5430.0,5440.0,5420.0,5420.0,1419,0.0,0.0
2024-08-14 14:30:00+09:00,5440.0,5440.0,5420.0,5420.0,0,0.0,0.0
2024-08-14 14:35:00+09:00,5420.0,5430.0,5400.0,5430.0,2902,0.0,0.0
2024-08-14 14:40:00+09:00,5430.0,5440.0,5430.0,5440.0,1382,0.0,0.0
2024-08-14 14:45:00+09:00,5440.0,5460.0,5440.0,5440.0,3383,0.0,0.0
2024-08-14 14:50:00+09:00,5460.0,5490.0,5450.0,5490.0,5318,0.0,0.0
2024-08-14 14:55:00+09:00,5470.0,5480.0,5460.0,5470.0,3346,0.0,0.0
2024-08-16 09:00:00+09:00,5570.0,5630.0,5540.0,5560.0,0,0.0,0.0
2024-08-16 09:05:00+09:00,5560.0,5580.0,5450.0,5500.0,18634,0.0,0.0
2024-08-16 09:10:00+09:00,5500.0,5610.0,5500.0,5570.0,13114,0.0,0.0
2024-08-16 09:15:00+09:00,5540.0,5570.0,5520.0,5530.0,10975,0.0,0.0
2024-08-16 09:20:00+09:00,5530.0,5560.0,5520.0,5550.0,2933,0.0,0.0
2024-08-16 09:25:00+09:00,5550.0,5570.0,5530.0,5540.0,5572,0.0,0.0
2024-08-16 09:30:00+09:00,5560.0,5580.0,5550.0,5580.0,5622,0.0,0.0
2024-08-16 09:35:00+09:00,5570.0,5570.0,5530.0,5570.0,4946,0.0,0.0
2024-08-16 09:40:00+09:00,5540.0,5560.0,5530.0,5560.0,1080,0.0,0.0
2024-08-16 09:45:00+09:00,5540.0,5620.0,5540.0,5620.0,7461,0.0,0.0
2024-08-16 09:50:00+09:00,5620.0,5680.0,5620.0,5630.0,14935,0.0,0.0
2024-08-16 09:55:00+09:00,5630.0,5650.0,5620.0,5630.0,6805,0.0,0.0
2024-08-16 10:00:00+09:00,5620.0,5630.0,5610.0,5610.0,4754,0.0,0.0
2024-08-16 10:05:00+09:00,5620.0,5620.0,5560.0,5590.0,4160,0.0,0.0
2024-08-16 10:10:00+09:00,5560.0,5590.0,5560.0,5570.0,2140,0.0,0.0
2024-08-16 10:15:00+09:00,5570.0,5570.0,5520.0,5550.0,10194,0.0,0.0
2024-08-16 10:20:00+09:00,5550.0,5560.0,5500.0,5530.0,8852,0.0,0.0
2024-08-16 10:25:00+09:00,5530.0,5530.0,5520.0,5530.0,4395,0.0,0.0
2024-08-16 10:30:00+09:00,5520.0,5520.0,5500.0,5500.0,2357,0.0,0.0
2024-08-16 10:35:00+09:00,5500.0,5510.0,5490.0,5510.0,3328,0.0,0.0
2024-08-16 10:40:00+09:00,5500.0,5510.0,5460.0,5480.0,7123,0.0,0.0
2024-08-16 10:45:00+09:00,5480.0,5490.0,5450.0,5470.0,2723,0.0,0.0
2024-08-16 10:50:00+09:00,5460.0,5480.0,5430.0,5480.0,8708,0.0,0.0
2024-08-16 10:55:00+09:00,5470.0,5490.0,5460.0,5490.0,729,0.0,0.0
2024-08-16 11:00:00+09:00,5490.0,5490.0,5480.0,5490.0,560,0.0,0.0
2024-08-16 11:05:00+09:00,5490.0,5490.0,5450.0,5480.0,4507,0.0,0.0
2024-08-16 11:10:00+09:00,5480.0,5510.0,5480.0,5510.0,3809,0.0,0.0
2024-08-16 11:15:00+09:00,5510.0,5520.0,5490.0,5520.0,1631,0.0,0.0
2024-08-16 11:20:00+09:00,5490.0,5510.0,5490.0,5500.0,223,0.0,0.0
2024-08-16 11:25:00+09:00,5500.0,5500.0,5490.0,5500.0,175,0.0,0.0
2024-08-16 11:30:00+09:00,5500.0,5510.0,5500.0,5500.0,77,0.0,0.0
2024-08-16 11:35:00+09:00,5490.0,5530.0,5490.0,5520.0,2433,0.0,0.0
2024-08-16 11:40:00+09:00,5530.0,5530.0,5510.0,5510.0,1345,0.0,0.0
2024-08-16 11:45:00+09:00,5510.0,5570.0,5500.0,5560.0,2389,0.0,0.0
2024-08-16 11:50:00+09:00,5560.0,5560.0,5530.0,5550.0,1104,0.0,0.0
2024-08-16 11:55:00+09:00,5550.0,5570.0,5550.0,5570.0,1126,0.0,0.0
2024-08-16 12:00:00+09:00,5550.0,5550.0,5540.0,5540.0,852,0.0,0.0
2024-08-16 12:05:00+09:00,5540.0,5540.0,5510.0,5530.0,1252,0.0,0.0
2024-08-16 12:10:00+09:00,5530.0,5530.0,5510.0,5530.0,305,0.0,0.0
2024-08-16 12:15:00+09:00,5510.0,5520.0,5500.0,5510.0,2828,0.0,0.0
2024-08-16 12:20:00+09:00,5510.0,5530.0,5510.0,5520.0,223,0.0,0.0
2024-08-16 12:25:00+09:00,5520.0,5560.0,5520.0,5560.0,1920,0.0,0.0
2024-08-16 12:30:00+09:00,5560.0,5560.0,5510.0,5550.0,1422,0.0,0.0
2024-08-16 12:35:00+09:00,5550.0,5550.0,5540.0,5540.0,1373,0.0,0.0
2024-08-16 12:40:00+09:00,5540.0,5540.0,5520.0,5530.0,439,0.0,0.0
2024-08-16 12:45:00+09:00,5530.0,5530.0,5520.0,5520.0,919,0.0,0.0
2024-08-16 12:50:00+09:00,5530.0,5540.0,5520.0,5520.0,838,0.0,0.0
2024-08-16 12:55:00+09:00,5530.0,5550.0,5530.0,5540.0,90,0.0,0.0
2024-08-16 13:00:00+09:00,5540.0,5550.0,5540.0,5550.0,639,0.0,0.0
2024-08-16 13:05:00+09:00,5550.0,5550.0,5530.0,5530.0,505,0.0,0.0
2024-08-16 13:10:00+09:00,5540.0,5540.0,5530.0,5540.0,165,0.0,0.0
2024-08-16 13:15:00+09:00,5540.0,5540.0,5510.0,5540.0,2767,0.0,0.0
2024-08-16 13:20:00+09:00,5540.0,5540.0,5510.0,5510.0,1873,0.0,0.0
2024-08-16 13:25:00+09:00,5530.0,5530.0,5510.0,5510.0,1102,0.0,0.0
2024-08-16 13:30:00+09:00,5510.0,5530.0,5510.0,5530.0,852,0.0,0.0
2024-08-16 13:35:00+09:00,5530.0,5540.0,5530.0,5540.0,772,0.0,0.0
2024-08-16 13:40:00+09:00,5530.0,5540.0,5520.0,5540.0,256,0.0,0.0
2024-08-16 13:45:00+09:00,5540.0,5540.0,5540.0,5540.0,147,0.0,0.0
2024-08-16 13:50:00+09:00,5540.0,5540.0,5540.0,5540.0,515,0.0,0.0
2024-08-16 13:55:00+09:00,5540.0,5560.0,5520.0,5550.0,2969,0.0,0.0
2024-08-16 14:00:00+09:00,5540.0,5540.0,5530.0,5540.0,1693,0.0,0.0
2024-08-16 14:05:00+09:00,5540.0,5550.0,5510.0,5540.0,1291,0.0,0.0
2024-08-16 14:10:00+09:00,5530.0,5530.0,5510.0,5520.0,574,0.0,0.0
2024-08-16 14:15:00+09:00,5530.0,5530.0,5510.0,5530.0,148,0.0,0.0
2024-08-16 14:20:00+09:00,5530.0,5530.0,5510.0,5520.0,770,0.0,0.0
2024-08-16 14:25:00+09:00,5520.0,5530.0,5520.0,5530.0,621,0.0,0.0
2024-08-16 14:30:00+09:00,5520.0,5530.0,5510.0,5510.0,3091,0.0,0.0
2024-08-16 14:35:00+09:00,5530.0,5530.0,5510.0,5520.0,0,0.0,0.0
2024-08-16 14:40:00+09:00,5520.0,5520.0,5500.0,5500.0,771,0.0,0.0
2024-08-16 14:45:00+09:00,5500.0,5510.0,5500.0,5500.0,3682,0.0,0.0
2024-08-16 14:50:00+09:00,5520.0,5540.0,5500.0,5520.0,5582,0.0,0.0
2024-08-16 14:55:00+09:00,5520.0,5520.0,5510.0,5520.0,447,0.0,0.0
2024-08-19 09:00:00+09:00,5510.0,5570.0,5390.0,5470.0,0,0.0,0.0
2024-08-19 09:05:00+09:00,5470.0,5530.0,5470.0,5510.0,3271,0.0,0.0
2024-08-19 09:10:00+09:00,5510.0,5590.0,5510.0,5570.0,9294,0.0,0.0
2024-08-19 09:15:00+09:00,5580.0,5580.0,5510.0,5510.0,5121,0.0,0.0
2024-08-19 09:20:00+09:00,5500.0,5560.0,5500.0,5530.0,4873,0.0,0.0
2024-08-19 09:25:00+09:00,5550.0,5560.0,5530.0,5530.0,1843,0.0,0.0
2024-08-19 09:30:00+09:00,5530.0,5560.0,5530.0,5540.0,3533,0.0,0.0
2024-08-19 09:35:00+09:00,5540.0,5570.0,5540.0,5550.0,1566,0.0,0.0
2024-08-19 09:40:00+09:00,5550.0,5570.0,5550.0,5560.0,4951,0.0,0.0
2024-08-19 09:45:00+09:00,5560.0,5560.0,5540.0,5550.0,1190,0.0,0.0
2024-08-19 09:50:00+09:00,5550.0,5560.0,5540.0,5550.0,1023,0.0,0.0
2024-08-19 09:55:00+09:00,5560.0,5560.0,5550.0,5550.0,290,0.0,0.0
2024-08-19 10:00:00+09:00,5550.0,5550.0,5520.0,5550.0,2480,0.0,0.0
2024-08-19 10:05:00+09:00,5550.0,5570.0,5540.0,5560.0,1869,0.0,0.0
2024-08-19 10:10:00+09:00,5560.0,5580.0,5550.0,5570.0,3486,0.0,0.0
2024-08-19 10:15:00+09:00,5570.0,5590.0,5560.0,5590.0,3748,0.0,0.0
2024-08-19 10:20:00+09:00,5590.0,5590.0,5570.0,5570.0,2275,0.0,0.0
2024-08-19 10:25:00+09:00,5590.0,5590.0,5570.0,5590.0,675,0.0,0.0
2024-08-19 10:30:00+09:00,5590.0,5610.0,5590.0,5600.0,5603,0.0,0.0
2024-08-19 10:35:00+09:00,5590.0,5630.0,5590.0,5620.0,6222,0.0,0.0
2024-08-19 10:40:00+09:00,5640.0,5650.0,5560.0,5570.0,11551,0.0,0.0
2024-08-19 10:45:00+09:00,5600.0,5600.0,5580.0,5590.0,1948,0.0,0.0
2024-08-19 10:50:00+09:00,5580.0,5610.0,5580.0,5600.0,2089,0.0,0.0
2024-08-19 10:55:00+09:00,5590.0,5630.0,5580.0,5620.0,1294,0.0,0.0
2024-08-19 11:00:00+09:00,5620.0,5630.0,5610.0,5620.0,495,0.0,0.0
2024-08-19 11:05:00+09:00,5620.0,5650.0,5600.0,5600.0,5246,0.0,0.0
2024-08-19 11:10:00+09:00,5600.0,5620.0,5600.0,5600.0,1989,0.0,0.0
2024-08-19 11:15:00+09:00,5600.0,5600.0,5570.0,5590.0,2756,0.0,0.0
2024-08-19 11:20:00+09:00,5590.0,5610.0,5570.0,5610.0,1929,0.0,0.0
2024-08-19 11:25:00+09:00,5610.0,5620.0,5580.0,5610.0,1482,0.0,0.0
2024-08-19 11:30:00+09:00,5610.0,5610.0,5600.0,5610.0,671,0.0,0.0
2024-08-19 11:35:00+09:00,5610.0,5610.0,5580.0,5610.0,7708,0.0,0.0
2024-08-19 11:40:00+09:00,5610.0,5620.0,5590.0,5610.0,1690,0.0,0.0
2024-08-19 11:45:00+09:00,5620.0,5620.0,5600.0,5620.0,375,0.0,0.0
2024-08-19 11:50:00+09:00,5620.0,5630.0,5610.0,5630.0,1568,0.0,0.0
2024-08-19 11:55:00+09:00,5620.0,5620.0,5610.0,5620.0,307,0.0,0.0
2024-08-19 12:00:00+09:00,5620.0,5620.0,5590.0,5600.0,2487,0.0,0.0
2024-08-19 12:05:00+09:00,5590.0,5640.0,5590.0,5640.0,3767,0.0,0.0
2024-08-19 12:10:00+09:00,5630.0,5630.0,5620.0,5630.0,1155,0.0,0.0
2024-08-19 12:15:00+09:00,5620.0,5630.0,5610.0,5630.0,4179,0.0,0.0
2024-08-19 12:20:00+09:00,5630.0,5630.0,5620.0,5620.0,2022,0.0,0.0
2024-08-19 12:25:00+09:00,5620.0,5630.0,5610.0,5630.0,1258,0.0,0.0
2024-08-19 12:30:00+09:00,5630.0,5640.0,5620.0,5630.0,2142,0.0,0.0
2024-08-19 12:35:00+09:00,5630.0,5630.0,5620.0,5630.0,423,0.0,0.0
2024-08-19 12:40:00+09:00,5630.0,5640.0,5620.0,5630.0,1927,0.0,0.0
2024-08-19 12:45:00+09:00,5630.0,5630.0,5620.0,5630.0,2379,0.0,0.0
2024-08-19 12:50:00+09:00,5640.0,5640.0,5620.0,5630.0,4120,0.0,0.0
2024-08-19 12:55:00+09:00,5630.0,5630.0,5610.0,5620.0,3290,0.0,0.0
2024-08-19 13:00:00+09:00,5620.0,5620.0,5600.0,5610.0,934,0.0,0.0
2024-08-19 13:05:00+09:00,5600.0,5600.0,5580.0,5590.0,4262,0.0,0.0
2024-08-19 13:10:00+09:00,5580.0,5600.0,5560.0,5590.0,2522,0.0,0.0
2024-08-19 13:15:00+09:00,5590.0,5610.0,5580.0,5600.0,378,0.0,0.0
2024-08-19 13:20:00+09:00,5610.0,5610.0,5590.0,5610.0,3800,0.0,0.0
2024-08-19 13:25:00+09:00,5610.0,5620.0,5600.0,5620.0,1943,0.0,0.0
2024-08-19 13:30:00+09:00,5620.0,5630.0,5610.0,5610.0,1771,0.0,0.0
2024-08-19 13:35:00+09:00,5600.0,5600.0,5570.0,5590.0,3670,0.0,0.0
2024-08-19 13:40:00+09:00,5590.0,5600.0,5580.0,5600.0,1814,0.0,0.0
2024-08-19 13:45:00+09:00,5600.0,5610.0,5600.0,5610.0,1409,0.0,0.0
2024-08-19 13:50:00+09:00,5600.0,5610.0,5590.0,5610.0,2475,0.0,0.0
2024-08-19 13:55:00+09:00,5610.0,5610.0,5600.0,5600.0,585,0.0,0.0
2024-08-19 14:00:00+09:00,5600.0,5610.0,5590.0,5600.0,1121,0.0,0.0
2024-08-19 14:05:00+09:00,5600.0,5600.0,5580.0,5580.0,1485,0.0,0.0
2024-08-19 14:10:00+09:00,5580.0,5590.0,5570.0,5590.0,1535,0.0,0.0
2024-08-19 14:15:00+09:00,5590.0,5610.0,5580.0,5600.0,2024,0.0,0.0
2024-08-19 14:20:00+09:00,5590.0,5600.0,5590.0,5600.0,1247,0.0,0.0
2024-08-19 14:25:00+09:00,5600.0,5620.0,5580.0,5600.0,5240,0.0,0.0
2024-08-19 14:30:00+09:00,5600.0,5610.0,5560.0,5580.0,2299,0.0,0.0
2024-08-19 14:35:00+09:00,5590.0,5600.0,5580.0,5600.0,678,0.0,0.0
2024-08-19 14:40:00+09:00,5600.0,5610.0,5600.0,5600.0,349,0.0,0.0
2024-08-19 14:45:00+09:00,5600.0,5600.0,5590.0,5600.0,398,0.0,0.0
2024-08-19 14:50:00+09:00,5600.0,5610.0,5590.0,5590.0,2164,0.0,0.0
2024-08-19 14:55:00+09:00,5590.0,5600.0,5560.0,5570.0,1668,0.0,0.0
2024-08-20 09:00:00+09:00,5690.0,5730.0,5630.0,5670.0,29911,0.0,0.0
2024-08-20 09:05:00+09:00,5660.0,5660.0,5640.0,5650.0,4572,0.0,0.0
2024-08-20 09:10:00+09:00,5650.0,5680.0,5650.0,5660.0,5150,0.0,0.0
2024-08-20 09:15:00+09:00,5660.0,5670.0,5640.0,5670.0,3456,0.0,0.0
2024-08-20 09:20:00+09:00,5640.0,5650.0,5610.0,5640.0,5186,0.0,0.0
2024-08-20 09:25:00+09:00,5640.0,5640.0,5620.0,5620.0,2244,0.0,0.0
2024-08-20 09:30:00+09:00,5620.0,5670.0,5610.0,5670.0,4960,0.0,0.0
2024-08-20 09:35:00+09:00,5670.0,5740.0,5660.0,5720.0,18400,0.0,0.0
2024-08-20 09:40:00+09:00,5720.0,5720.0,5690.0,5700.0,7827,0.0,0.0
2024-08-20 09:45:00+09:00,5720.0,5730.0,5700.0,5730.0,3783,0.0,0.0
2024-08-20 09:50:00+09:00,5730.0,5730.0,5710.0,5710.0,7627,0.0,0.0
2024-08-20 09:55:00+09:00,5710.0,5740.0,5700.0,5710.0,10541,0.0,0.0
2024-08-20 10:00:00+09:00,5710.0,5720.0,5680.0,5690.0,3981,0.0,0.0
2024-08-20 10:05:00+09:00,5680.0,5710.0,5670.0,5700.0,1506,0.0,0.0
2024-08-20 10:10:00+09:00,5690.0,5700.0,5670.0,5680.0,1562,0.0,0.0
2024-08-20 10:15:00+09:00,5680.0,5700.0,5680.0,5690.0,332,0.0,0.0
2024-08-20 10:20:00+09:00,5690.0,5720.0,5680.0,5710.0,2255,0.0,0.0
2024-08-20 10:25:00+09:00,5710.0,5720.0,5700.0,5710.0,826,0.0,0.0
2024-08-20 10:30:00+09:00,5700.0,5720.0,5670.0,5690.0,1837,0.0,0.0
2024-08-20 10:35:00+09:00,5700.0,5700.0,5680.0,5690.0,809,0.0,0.0
2024-08-20 10:40:00+09:00,5690.0,5700.0,5680.0,5700.0,1061,0.0,0.0
2024-08-20 10:45:00+09:00,5700.0,5700.0,5690.0,5700.0,155,0.0,0.0
2024-08-20 10:50:00+09:00,5700.0,5700.0,5680.0,5700.0,1570,0.0,0.0
2024-08-20 10:55:00+09:00,5700.0,5720.0,5690.0,5720.0,1335,0.0,0.0
2024-08-20 11:00:00+09:00,5710.0,5720.0,5690.0,5710.0,2637,0.0,0.0
2024-08-20 11:05:00+09:00,5710.0,5710.0,5690.0,5710.0,250,0.0,0.0
2024-08-20 11:10:00+09:00,5710.0,5710.0,5680.0,5700.0,702,0.0,0.0
2024-08-20 11:15:00+09:00,5700.0,5710.0,5680.0,5690.0,926,0.0,0.0
2024-08-20 11:20:00+09:00,5690.0,5690.0,5670.0,5680.0,1427,0.0,0.0
2024-08-20 11:25:00+09:00,5670.0,5680.0,5650.0,5670.0,1252,0.0,0.0
2024-08-20 11:30:00+09:00,5670.0,5690.0,5650.0,5690.0,1858,0.0,0.0
2024-08-20 11:35:00+09:00,5690.0,5700.0,5680.0,5700.0,270,0.0,0.0
2024-08-20 11:40:00+09:00,5700.0,5700.0,5690.0,5700.0,561,0.0,0.0
2024-08-20 11:45:00+09:00,5700.0,5700.0,5690.0,5700.0,660,0.0,0.0
2024-08-20 11:50:00+09:00,5700.0,5700.0,5700.0,5700.0,111,0.0,0.0
2024-08-20 11:55:00+09:00,5700.0,5700.0,5690.0,5700.0,578,0.0,0.0
2024-08-20 12:00:00+09:00,5700.0,5700.0,5690.0,5690.0,0,0.0,0.0
2024-08-20 12:05:00+09:00,5690.0,5700.0,5690.0,5700.0,860,0.0,0.0
2024-08-20 12:10:00+09:00,5700.0,5700.0,5690.0,5700.0,392,0.0,0.0
2024-08-20 12:15:00+09:00,5700.0,5700.0,5700.0,5700.0,375,0.0,0.0
2024-08-20 12:20:00+09:00,5700.0,5700.0,5680.0,5680.0,2185,0.0,0.0
2024-08-20 12:25:00+09:00,5690.0,5690.0,5670.0,5690.0,634,0.0,0.0
2024-08-20 12:30:00+09:00,5680.0,5700.0,5680.0,5690.0,798,0.0,0.0
2024-08-20 12:35:00+09:00,5700.0,5700.0,5680.0,5700.0,679,0.0,0.0
2024-08-20 12:40:00+09:00,5700.0,5700.0,5680.0,5700.0,240,0.0,0.0
2024-08-20 12:45:00+09:00,5700.0,5700.0,5680.0,5690.0,1931,0.0,0.0
2024-08-20 12:50:00+09:00,5690.0,5690.0,5680.0,5690.0,1890,0.0,0.0
2024-08-20 12:55:00+09:00,5690.0,5700.0,5670.0,5680.0,1913,0.0,0.0
2024-08-20 13:00:00+09:00,5670.0,5680.0,5650.0,5680.0,1641,0.0,0.0
2024-08-20 13:05:00+09:00,5670.0,5680.0,5660.0,5670.0,855,0.0,0.0
2024-08-20 13:10:00+09:00,5670.0,5670.0,5630.0,5670.0,4862,0.0,0.0
2024-08-20 13:15:00+09:00,5650.0,5660.0,5620.0,5650.0,2810,0.0,0.0
2024-08-20 13:20:00+09:00,5650.0,5650.0,5620.0,5620.0,958,0.0,0.0
2024-08-20 13:25:00+09:00,5620.0,5650.0,5620.0,5640.0,224,0.0,0.0
2024-08-20 13:30:00+09:00,5640.0,5670.0,5600.0,5630.0,10366,0.0,0.0
2024-08-20 13:35:00+09:00,5630.0,5660.0,5630.0,5640.0,625,0.0,0.0
2024-08-20 13:40:00+09:00,5640.0,5670.0,5640.0,5650.0,396,0.0,0.0
2024-08-20 13:45:00+09:00,5640.0,5660.0,5630.0,5660.0,526,0.0,0.0
2024-08-20 13:50:00+09:00,5660.0,5670.0,5630.0,5630.0,2960,0.0,0.0
2024-08-20 13:55:00+09:00,5660.0,5670.0,5640.0,5660.0,698,0.0,0.0
2024-08-20 14:00:00+09:00,5660.0,5670.0,5660.0,5670.0,516,0.0,0.0
2024-08-20 14:05:00+09:00,5670.0,5710.0,5660.0,5700.0,6332,0.0,0.0
2024-08-20 14:10:00+09:00,5700.0,5710.0,5660.0,5680.0,5123,0.0,0.0
2024-08-20 14:15:00+09:00,5670.0,5670.0,5640.0,5660.0,2225,0.0,0.0
2024-08-20 14:20:00+09:00,5660.0,5670.0,5650.0,5670.0,727,0.0,0.0
2024-08-20 14:25:00+09:00,5670.0,5670.0,5650.0,5670.0,388,0.0,0.0
2024-08-20 14:30:00+09:00,5660.0,5670.0,5650.0,5660.0,119,0.0,0.0
2024-08-20 14:35:00+09:00,5660.0,5670.0,5640.0,5650.0,1822,0.0,0.0
2024-08-20 14:40:00+09:00,5650.0,5650.0,5640.0,5640.0,2679,0.0,0.0
2024-08-20 14:45:00+09:00,5630.0,5640.0,5460.0,5580.0,36136,0.0,0.0
2024-08-20 14:50:00+09:00,5570.0,5620.0,5560.0,5620.0,5929,0.0,0.0
2024-08-20 14:55:00+09:00,5610.0,5630.0,5610.0,5630.0,1786,0.0,0.0
2024-08-21 09:00:00+09:00,5630.0,5690.0,5580.0,5660.0,14874,0.0,0.0
2024-08-21 09:05:00+09:00,5650.0,5650.0,5610.0,5630.0,7218,0.0,0.0
2024-08-21 09:10:00+09:00,5620.0,5620.0,5550.0,5590.0,8617,0.0,0.0
2024-08-21 09:15:00+09:00,5590.0,5630.0,5590.0,5630.0,4055,0.0,0.0
2024-08-21 09:20:00+09:00,5650.0,5650.0,5630.0,5630.0,2689,0.0,0.0
2024-08-21 09:25:00+09:00,5630.0,5640.0,5620.0,5630.0,42,0.0,0.0
2024-08-21 09:30:00+09:00,5630.0,5630.0,5610.0,5630.0,3838,0.0,0.0
2024-08-21 09:35:00+09:00,5630.0,5630.0,5620.0,5620.0,4897,0.0,0.0
2024-08-21 09:40:00+09:00,5610.0,5610.0,5560.0,5590.0,3254,0.0,0.0
2024-08-21 09:45:00+09:00,5620.0,5620.0,5580.0,5610.0,2932,0.0,0.0
2024-08-21 09:50:00+09:00,5610.0,5610.0,5600.0,5600.0,717,0.0,0.0
2024-08-21 09:55:00+09:00,5600.0,5600.0,5590.0,5600.0,794,0.0,0.0
2024-08-21 10:00:00+09:00,5600.0,5610.0,5600.0,5610.0,9,0.0,0.0
2024-08-21 10:05:00+09:00,5600.0,5610.0,5580.0,5580.0,2712,0.0,0.0
2024-08-21 10:10:00+09:00,5580.0,5600.0,5580.0,5590.0,2824,0.0,0.0
2024-08-21 10:15:00+09:00,5590.0,5600.0,5570.0,5570.0,3183,0.0,0.0
2024-08-21 10:20:00+09:00,5580.0,5590.0,5540.0,5560.0,7267,0.0,0.0
2024-08-21 10:25:00+09:00,5560.0,5590.0,5550.0,5590.0,7127,0.0,0.0
2024-08-21 10:30:00+09:00,5580.0,5610.0,5580.0,5610.0,876,0.0,0.0
2024-08-21 10:35:00+09:00,5600.0,5600.0,5590.0,5590.0,311,0.0,0.0
2024-08-21 10:40:00+09:00,5580.0,5600.0,5570.0,5590.0,2154,0.0,0.0
2024-08-21 10:45:00+09:00,5580.0,5590.0,5580.0,5590.0,483,0.0,0.0
2024-08-21 10:50:00+09:00,5600.0,5610.0,5600.0,5600.0,618,0.0,0.0
2024-08-21 10:55:00+09:00,5600.0,5600.0,5600.0,5600.0,0,0.0,0.0
2024-08-21 11:00:00+09:00,5590.0,5590.0,5580.0,5580.0,759,0.0,0.0
2024-08-21 11:05:00+09:00,5590.0,5600.0,5580.0,5580.0,341,0.0,0.0
2024-08-21 11:10:00+09:00,5570.0,5580.0,5560.0,5580.0,2189,0.0,0.0
2024-08-21 11:15:00+09:00,5560.0,5570.0,5560.0,5560.0,283,0.0,0.0
2024-08-21 11:20:00+09:00,5560.0,5570.0,5560.0,5570.0,262,0.0,0.0
2024-08-21 11:25:00+09:00,5570.0,5580.0,5570.0,5570.0,2837,0.0,0.0
2024-08-21 11:30:00+09:00,5570.0,5610.0,5570.0,5590.0,529,0.0,0.0
2024-08-21 11:35:00+09:00,5610.0,5610.0,5600.0,5610.0,318,0.0,0.0
2024-08-21 11:40:00+09:00,5600.0,5600.0,5590.0,5600.0,1041,0.0,0.0
2024-08-21 11:45:00+09:00,5600.0,5600.0,5600.0,5600.0,1357,0.0,0.0
2024-08-21 11:55:00+09:00,5600.0,5600.0,5600.0,5600.0,827,0.0,0.0
2024-08-21 12:00:00+09:00,5600.0,5600.0,5570.0,5570.0,4267,0.0,0.0
2024-08-21 12:05:00+09:00,5580.0,5580.0,5480.0,5540.0,15818,0.0,0.0
2024-08-21 12:10:00+09:00,5540.0,5560.0,5540.0,5550.0,0,0.0,0.0
2024-08-21 12:15:00+09:00,5550.0,5560.0,5520.0,5550.0,2011,0.0,0.0
2024-08-21 12:20:00+09:00,5550.0,5560.0,5550.0,5560.0,1271,0.0,0.0
2024-08-21 12:25:00+09:00,5550.0,5600.0,5550.0,5600.0,1170,0.0,0.0
2024-08-21 12:30:00+09:00,5560.0,5600.0,5560.0,5600.0,524,0.0,0.0
2024-08-21 12:35:00+09:00,5580.0,5580.0,5570.0,5580.0,404,0.0,0.0
2024-08-21 12:40:00+09:00,5580.0,5580.0,5570.0,5580.0,595,0.0,0.0
2024-08-21 12:45:00+09:00,5560.0,5580.0,5550.0,5580.0,2009,0.0,0.0
2024-08-21 12:50:00+09:00,5560.0,5570.0,5560.0,5570.0,106,0.0,0.0
2024-08-21 12:55:00+09:00,5570.0,5570.0,5560.0,5560.0,517,0.0,0.0
2024-08-21 13:00:00+09:00,5570.0,5570.0,5570.0,5570.0,0,0.0,0.0
2024-08-21 13:05:00+09:00,5570.0,5570.0,5560.0,5570.0,1231,0.0,0.0
2024-08-21 13:10:00+09:00,5560.0,5570.0,5550.0,5570.0,465,0.0,0.0
2024-08-21 13:15:00+09:00,5570.0,5570.0,5560.0,5570.0,45,0.0,0.0
2024-08-21 13:20:00+09:00,5570.0,5570.0,5550.0,5560.0,480,0.0,0.0
2024-08-21 13:25:00+09:00,5550.0,5550.0,5540.0,5550.0,525,0.0,0.0
2024-08-21 13:30:00+09:00,5540.0,5560.0,5540.0,5560.0,167,0.0,0.0
2024-08-21 13:35:00+09:00,5550.0,5570.0,5530.0,5540.0,1477,0.0,0.0
2024-08-21 13:40:00+09:00,5530.0,5530.0,5530.0,5530.0,570,0.0,0.0
2024-08-21 13:45:00+09:00,5540.0,5560.0,5530.0,5560.0,3231,0.0,0.0
2024-08-21 13:50:00+09:00,5540.0,5540.0,5540.0,5540.0,19,0.0,0.0
2024-08-21 13:55:00+09:00,5540.0,5550.0,5540.0,5540.0,925,0.0,0.0
2024-08-21 14:00:00+09:00,5540.0,5540.0,5530.0,5540.0,1341,0.0,0.0
2024-08-21 14:05:00+09:00,5530.0,5550.0,5530.0,5550.0,253,0.0,0.0
2024-08-21 14:10:00+09:00,5530.0,5530.0,5530.0,5530.0,756,0.0,0.0
2024-08-21 14:15:00+09:00,5540.0,5540.0,5540.0,5540.0,679,0.0,0.0
2024-08-21 14:20:00+09:00,5530.0,5540.0,5530.0,5540.0,0,0.0,0.0
2024-08-21 14:25:00+09:00,5550.0,5550.0,5540.0,5540.0,163,0.0,0.0
2024-08-21 14:30:00+09:00,5540.0,5550.0,5540.0,5550.0,32,0.0,0.0
2024-08-21 14:35:00+09:00,5550.0,5560.0,5540.0,5540.0,1131,0.0,0.0
2024-08-21 14:40:00+09:00,5540.0,5540.0,5540.0,5540.0,431,0.0,0.0
2024-08-21 14:45:00+09:00,5540.0,5540.0,5540.0,5540.0,0,0.0,0.0
2024-08-21 14:50:00+09:00,5540.0,5560.0,5530.0,5530.0,2876,0.0,0.0
2024-08-21 14:55:00+09:00,5520.0,5530.0,5520.0,5520.0,3003,0.0,0.0
2024-08-22 09:00:00+09:00,5540.0,5590.0,5540.0,5580.0,3263,0.0,0.0
2024-08-22 09:05:00+09:00,5560.0,5580.0,5560.0,5570.0,2427,0.0,0.0
2024-08-22 09:10:00+09:00,5580.0,5630.0,5550.0,5600.0,7654,0.0,0.0
2024-08-22 09:15:00+09:00,5580.0,5630.0,5550.0,5570.0,9645,0.0,0.0
2024-08-22 09:20:00+09:00,5570.0,5580.0,5550.0,5550.0,5707,0.0,0.0
2024-08-22 09:25:00+09:00,5550.0,5560.0,5510.0,5530.0,3346,0.0,0.0
2024-08-22 09:30:00+09:00,5530.0,5530.0,5500.0,5510.0,3182,0.0,0.0
2024-08-22 09:35:00+09:00,5500.0,5520.0,5490.0,5510.0,3689,0.0,0.0
2024-08-22 09:40:00+09:00,5510.0,5510.0,5490.0,5500.0,7516,0.0,0.0
2024-08-22 09:45:00+09:00,5500.0,5520.0,5500.0,5520.0,214,0.0,0.0
2024-08-22 09:50:00+09:00,5540.0,5540.0,5530.0,5530.0,33,0.0,0.0
2024-08-22 09:55:00+09:00,5530.0,5530.0,5520.0,5520.0,1227,0.0,0.0
2024-08-22 10:00:00+09:00,5520.0,5540.0,5520.0,5530.0,1577,0.0,0.0
2024-08-22 10:05:00+09:00,5530.0,5540.0,5530.0,5540.0,374,0.0,0.0
2024-08-22 10:10:00+09:00,5550.0,5560.0,5530.0,5550.0,4726,0.0,0.0
2024-08-22 10:15:00+09:00,5540.0,5540.0,5520.0,5520.0,1691,0.0,0.0
2024-08-22 10:20:00+09:00,5520.0,5540.0,5520.0,5540.0,224,0.0,0.0
2024-08-22 10:25:00+09:00,5540.0,5550.0,5520.0,5550.0,2486,0.0,0.0
2024-08-22 10:30:00+09:00,5550.0,5560.0,5540.0,5560.0,337,0.0,0.0
2024-08-22 10:35:00+09:00,5540.0,5540.0,5520.0,5540.0,2350,0.0,0.0
2024-08-22 10:40:00+09:00,5520.0,5550.0,5520.0,5550.0,2521,0.0,0.0
2024-08-22 10:45:00+09:00,5520.0,5550.0,5520.0,5550.0,0,0.0,0.0
2024-08-22 10:50:00+09:00,5550.0,5550.0,5530.0,5530.0,342,0.0,0.0
2024-08-22 10:55:00+09:00,5530.0,5530.0,5530.0,5530.0,249,0.0,0.0
2024-08-22 11:00:00+09:00,5540.0,5560.0,5530.0,5560.0,6710,0.0,0.0
2024-08-22 11:05:00+09:00,5560.0,5560.0,5560.0,5560.0,0,0.0,0.0
2024-08-22 11:10:00+09:00,5540.0,5550.0,5530.0,5540.0,2131,0.0,0.0
2024-08-22 11:15:00+09:00,5540.0,5540.0,5520.0,5520.0,59,0.0,0.0
2024-08-22 11:20:00+09:00,5520.0,5530.0,5510.0,5530.0,3958,0.0,0.0
2024-08-22 11:25:00+09:00,5540.0,5560.0,5510.0,5560.0,488,0.0,0.0
2024-08-22 11:30:00+09:00,5530.0,5530.0,5530.0,5530.0,8,0.0,0.0
2024-08-22 11:35:00+09:00,5540.0,5540.0,5530.0,5530.0,150,0.0,0.0
2024-08-22 11:40:00+09:00,5530.0,5530.0,5530.0,5530.0,200,0.0,0.0
2024-08-22 11:45:00+09:00,5530.0,5530.0,5530.0,5530.0,700,0.0,0.0
2024-08-22 11:50:00+09:00,5530.0,5540.0,5530.0,5540.0,102,0.0,0.0
2024-08-22 11:55:00+09:00,5530.0,5530.0,5530.0,5530.0,79,0.0,0.0
2024-08-22 12:00:00+09:00,5540.0,5540.0,5530.0,5530.0,362,0.0,0.0
2024-08-22 12:05:00+09:00,5530.0,5540.0,5530.0,5540.0,39,0.0,0.0
2024-08-22 12:10:00+09:00,5530.0,5530.0,5520.0,5520.0,2644,0.0,0.0
2024-08-22 12:15:00+09:00,5520.0,5520.0,5520.0,5520.0,6,0.0,0.0
2024-08-22 12:20:00+09:00,5520.0,5520.0,5520.0,5520.0,208,0.0,0.0
2024-08-22 12:25:00+09:00,5530.0,5530.0,5530.0,5530.0,66,0.0,0.0
2024-08-22 12:30:00+09:00,5520.0,5530.0,5520.0,5520.0,1940,0.0,0.0
2024-08-22 12:35:00+09:00,5530.0,5530.0,5530.0,5530.0,894,0.0,0.0
2024-08-22 12:40:00+09:00,5530.0,5530.0,5530.0,5530.0,316,0.0,0.0
2024-08-22 12:45:00+09:00,5530.0,5530.0,5500.0,5530.0,11037,0.0,0.0
2024-08-22 12:50:00+09:00,5520.0,5520.0,5490.0,5500.0,1963,0.0,0.0
2024-08-22 12:55:00+09:00,5500.0,5500.0,5490.0,5490.0,2420,0.0,0.0
2024-08-22 13:00:00+09:00,5500.0,5500.0,5490.0,5490.0,972,0.0,0.0
2024-08-22 13:05:00+09:00,5490.0,5490.0,5480.0,5480.0,0,0.0,0.0
2024-08-22 13:10:00+09:00,5500.0,5500.0,5490.0,5490.0,1132,0.0,0.0
2024-08-22 13:20:00+09:00,5500.0,5500.0,5490.0,5500.0,1020,0.0,0.0
2024-08-22 13:25:00+09:00,5500.0,5500.0,5490.0,5490.0,103,0.0,0.0
2024-08-22 13:35:00+09:00,5490.0,5500.0,5440.0,5450.0,9566,0.0,0.0
2024-08-22 13:40:00+09:00,5460.0,5480.0,5450.0,5480.0,700,0.0,0.0
2024-08-22 13:45:00+09:00,5480.0,5480.0,5450.0,5470.0,1701,0.0,0.0
2024-08-22 13:50:00+09:00,5460.0,5470.0,5460.0,5460.0,1278,0.0,0.0
2024-08-22 13:55:00+09:00,5460.0,5460.0,5420.0,5430.0,5446,0.0,0.0
2024-08-22 14:00:00+09:00,5420.0,5460.0,5420.0,5460.0,1462,0.0,0.0
2024-08-22 14:05:00+09:00,5460.0,5460.0,5440.0,5440.0,3357,0.0,0.0
2024-08-22 14:10:00+09:00,5440.0,5450.0,5430.0,5450.0,1398,0.0,0.0
2024-08-22 14:15:00+09:00,5450.0,5490.0,5450.0,5480.0,4800,0.0,0.0
2024-08-22 14:20:00+09:00,5470.0,5470.0,5460.0,5460.0,90,0.0,0.0
2024-08-22 14:25:00+09:00,5450.0,5470.0,5450.0,5470.0,5786,0.0,0.0
2024-08-22 14:30:00+09:00,5460.0,5540.0,5460.0,5530.0,12326,0.0,0.0
2024-08-22 14:35:00+09:00,5510.0,5510.0,5460.0,5500.0,5812,0.0,0.0
2024-08-22 14:40:00+09:00,5510.0,5510.0,5500.0,5510.0,20,0.0,0.0
2024-08-22 14:45:00+09:00,5490.0,5510.0,5490.0,5490.0,263,0.0,0.0
2024-08-22 14:50:00+09:00,5510.0,5520.0,5470.0,5490.0,7077,0.0,0.0
2024-08-22 14:55:00+09:00,5500.0,5500.0,5490.0,5490.0,737,0.0,0.0
2024-08-23 09:00:00+09:00,5450.0,5490.0,5420.0,5450.0,3593,0.0,0.0
2024-08-23 09:05:00+09:00,5450.0,5460.0,5440.0,5440.0,3937,0.0,0.0
2024-08-23 09:10:00+09:00,5450.0,5500.0,5440.0,5440.0,3060,0.0,0.0
2024-08-23 09:15:00+09:00,5450.0,5460.0,5450.0,5460.0,711,0.0,0.0
2024-08-23 09:20:00+09:00,5450.0,5450.0,5440.0,5440.0,705,0.0,0.0
2024-08-23 09:25:00+09:00,5440.0,5450.0,5440.0,5440.0,1164,0.0,0.0
2024-08-23 09:30:00+09:00,5440.0,5440.0,5440.0,5440.0,448,0.0,0.0
2024-08-23 09:35:00+09:00,5450.0,5450.0,5440.0,5440.0,1544,0.0,0.0
2024-08-23 09:40:00+09:00,5430.0,5430.0,5350.0,5360.0,9390,0.0,0.0
2024-08-23 09:45:00+09:00,5370.0,5390.0,5370.0,5390.0,2335,0.0,0.0
2024-08-23 09:50:00+09:00,5380.0,5390.0,5300.0,5320.0,21360,0.0,0.0
2024-08-23 09:55:00+09:00,5320.0,5350.0,5320.0,5350.0,1644,0.0,0.0
2024-08-23 10:00:00+09:00,5350.0,5370.0,5330.0,5370.0,5575,0.0,0.0
2024-08-23 10:05:00+09:00,5370.0,5370.0,5350.0,5370.0,465,0.0,0.0
2024-08-23 10:10:00+09:00,5380.0,5410.0,5360.0,5410.0,2686,0.0,0.0
2024-08-23 10:15:00+09:00,5390.0,5390.0,5370.0,5390.0,418,0.0,0.0
2024-08-23 10:20:00+09:00,5370.0,5380.0,5370.0,5380.0,1185,0.0,0.0
2024-08-23 10:25:00+09:00,5390.0,5390.0,5360.0,5360.0,2312,0.0,0.0
2024-08-23 10:30:00+09:00,5360.0,5370.0,5350.0,5360.0,1187,0.0,0.0
2024-08-23 10:35:00+09:00,5360.0,5360.0,5350.0,5350.0,584,0.0,0.0
2024-08-23 10:40:00+09:00,5360.0,5360.0,5300.0,5340.0,8676,0.0,0.0
2024-08-23 10:45:00+09:00,5330.0,5330.0,5320.0,5320.0,2863,0.0,0.0
2024-08-23 10:50:00+09:00,5320.0,5320.0,5310.0,5310.0,1802,0.0,0.0
2024-08-23 10:55:00+09:00,5310.0,5330.0,5310.0,5330.0,194,0.0,0.0
2024-08-23 11:00:00+09:00,5320.0,5320.0,5290.0,5290.0,16915,0.0,0.0
2024-08-23 11:05:00+09:00,5290.0,5310.0,5270.0,5290.0,5207,0.0,0.0
2024-08-23 11:10:00+09:00,5290.0,5300.0,5270.0,5280.0,462,0.0,0.0
2024-08-23 11:15:00+09:00,5280.0,5290.0,5270.0,5290.0,1643,0.0,0.0
2024-08-23 11:20:00+09:00,5300.0,5310.0,5270.0,5300.0,2793,0.0,0.0
2024-08-23 11:25:00+09:00,5300.0,5300.0,5280.0,5290.0,1676,0.0,0.0
2024-08-23 11:30:00+09:00,5290.0,5300.0,5290.0,5300.0,193,0.0,0.0
2024-08-23 11:35:00+09:00,5310.0,5310.0,5290.0,5290.0,834,0.0,0.0
2024-08-23 11:40:00+09:00,5290.0,5300.0,5290.0,5290.0,1358,0.0,0.0
2024-08-23 11:45:00+09:00,5280.0,5290.0,5280.0,5290.0,192,0.0,0.0
2024-08-23 11:50:00+09:00,5280.0,5330.0,5280.0,5320.0,636,0.0,0.0
2024-08-23 11:55:00+09:00,5300.0,5300.0,5300.0,5300.0,248,0.0,0.0
2024-08-23 12:00:00+09:00,5300.0,5300.0,5290.0,5290.0,75,0.0,0.0
2024-08-23 12:05:00+09:00,5300.0,5300.0,5300.0,5300.0,345,0.0,0.0
2024-08-23 12:10:00+09:00,5300.0,5300.0,5300.0,5300.0,623,0.0,0.0
2024-08-23 12:15:00+09:00,5290.0,5300.0,5280.0,5280.0,1809,0.0,0.0
2024-08-23 12:20:00+09:00,5290.0,5300.0,5290.0,5300.0,267,0.0,0.0
2024-08-23 12:25:00+09:00,5300.0,5300.0,5300.0,5300.0,763,0.0,0.0
2024-08-23 12:30:00+09:00,5300.0,5310.0,5300.0,5310.0,621,0.0,0.0
2024-08-23 12:35:00+09:00,5310.0,5320.0,5300.0,5320.0,646,0.0,0.0
2024-08-23 12:40:00+09:00,5320.0,5320.0,5320.0,5320.0,615,0.0,0.0
2024-08-23 12:45:00+09:00,5320.0,5350.0,5320.0,5340.0,1707,0.0,0.0
2024-08-23 12:50:00+09:00,5350.0,5350.0,5340.0,5350.0,1125,0.0,0.0
2024-08-23 12:55:00+09:00,5340.0,5370.0,5340.0,5370.0,581,0.0,0.0
2024-08-23 13:00:00+09:00,5360.0,5360.0,5360.0,5360.0,497,0.0,0.0
2024-08-23 13:05:00+09:00,5360.0,5370.0,5360.0,5360.0,256,0.0,0.0
2024-08-23 13:10:00+09:00,5370.0,5380.0,5370.0,5380.0,203,0.0,0.0
2024-08-23 13:15:00+09:00,5380.0,5380.0,5360.0,5360.0,1731,0.0,0.0
2024-08-23 13:20:00+09:00,5360.0,5370.0,5360.0,5360.0,451,0.0,0.0
2024-08-23 13:25:00+09:00,5370.0,5380.0,5370.0,5370.0,40,0.0,0.0
2024-08-23 13:30:00+09:00,5360.0,5370.0,5360.0,5370.0,777,0.0,0.0
2024-08-23 13:50:00+09:00,5370.0,5370.0,5370.0,5370.0,1,0.0,0.0
2024-08-23 13:55:00+09:00,5370.0,5370.0,5370.0,5370.0,55,0.0,0.0
2024-08-23 14:00:00+09:00,5360.0,5360.0,5350.0,5350.0,5727,0.0,0.0
2024-08-23 14:05:00+09:00,5340.0,5360.0,5330.0,5330.0,257,0.0,0.0
2024-08-23 14:10:00+09:00,5350.0,5370.0,5350.0,5370.0,1375,0.0,0.0
2024-08-23 14:15:00+09:00,5350.0,5370.0,5350.0,5360.0,686,0.0,0.0
2024-08-23 14:20:00+09:00,5360.0,5380.0,5360.0,5380.0,154,0.0,0.0
2024-08-23 14:25:00+09:00,5370.0,5380.0,5360.0,5380.0,683,0.0,0.0
2024-08-23 14:30:00+09:00,5390.0,5400.0,5380.0,5400.0,575,0.0,0.0
2024-08-23 14:35:00+09:00,5390.0,5410.0,5390.0,5410.0,2225,0.0,0.0
2024-08-23 14:40:00+09:00,5410.0,5430.0,5410.0,5430.0,1531,0.0,0.0
2024-08-23 14:45:00+09:00,5420.0,5430.0,5420.0,5430.0,302,0.0,0.0
2024-08-23 14:50:00+09:00,5430.0,5430.0,5430.0,5430.0,4,0.0,0.0
2024-08-23 14:55:00+09:00,5420.0,5430.0,5410.0,5430.0,70,0.0,0.0
2024-08-26 09:00:00+09:00,5410.0,5430.0,5380.0,5380.0,0,0.0,0.0
2024-08-26 09:05:00+09:00,5420.0,5440.0,5380.0,5380.0,3314,0.0,0.0
2024-08-26 09:10:00+09:00,5390.0,5390.0,5380.0,5380.0,0,0.0,0.0
2024-08-26 09:15:00+09:00,5380.0,5380.0,5320.0,5320.0,2100,0.0,0.0
2024-08-26 09:20:00+09:00,5360.0,5410.0,5350.0,5350.0,1054,0.0,0.0
2024-08-26 09:25:00+09:00,5360.0,5360.0,5340.0,5350.0,1467,0.0,0.0
2024-08-26 09:30:00+09:00,5340.0,5380.0,5330.0,5350.0,3765,0.0,0.0
2024-08-26 09:35:00+09:00,5350.0,5360.0,5320.0,5320.0,4181,0.0,0.0
2024-08-26 09:40:00+09:00,5320.0,5360.0,5320.0,5340.0,1241,0.0,0.0
2024-08-26 09:45:00+09:00,5380.0,5380.0,5360.0,5380.0,820,0.0,0.0
2024-08-26 09:50:00+09:00,5390.0,5410.0,5380.0,5390.0,2192,0.0,0.0
2024-08-26 09:55:00+09:00,5390.0,5390.0,5360.0,5360.0,6245,0.0,0.0
2024-08-26 10:00:00+09:00,5370.0,5380.0,5360.0,5380.0,0,0.0,0.0
2024-08-26 10:05:00+09:00,5370.0,5370.0,5340.0,5350.0,621,0.0,0.0
2024-08-26 10:10:00+09:00,5350.0,5360.0,5350.0,5360.0,553,0.0,0.0
2024-08-26 10:15:00+09:00,5380.0,5380.0,5380.0,5380.0,186,0.0,0.0
2024-08-26 10:20:00+09:00,5360.0,5370.0,5310.0,5350.0,2060,0.0,0.0
2024-08-26 10:25:00+09:00,5350.0,5370.0,5350.0,5360.0,458,0.0,0.0
2024-08-26 10:30:00+09:00,5340.0,5340.0,5330.0,5330.0,8,0.0,0.0
2024-08-26 10:35:00+09:00,5330.0,5350.0,5320.0,5350.0,205,0.0,0.0
2024-08-26 10:40:00+09:00,5330.0,5340.0,5210.0,5280.0,7974,0.0,0.0
2024-08-26 10:45:00+09:00,5280.0,5300.0,5280.0,5300.0,0,0.0,0.0
2024-08-26 10:50:00+09:00,5300.0,5330.0,5300.0,5300.0,450,0.0,0.0
2024-08-26 10:55:00+09:00,5280.0,5280.0,5280.0,5280.0,0,0.0,0.0
2024-08-26 11:00:00+09:00,5290.0,5290.0,5280.0,5280.0,980,0.0,0.0
2024-08-26 11:05:00+09:00,5290.0,5290.0,5290.0,5290.0,282,0.0,0.0
2024-08-26 11:10:00+09:00,5290.0,5290.0,5260.0,5270.0,741,0.0,0.0
2024-08-26 11:15:00+09:00,5260.0,5270.0,5260.0,5270.0,938,0.0,0.0
2024-08-26 11:20:00+09:00,5270.0,5270.0,5250.0,5260.0,61,0.0,0.0
2024-08-26 11:25:00+09:00,5260.0,5280.0,5260.0,5280.0,1734,0.0,0.0
2024-08-26 11:30:00+09:00,5280.0,5290.0,5280.0,5280.0,1487,0.0,0.0
2024-08-26 11:35:00+09:00,5280.0,5280.0,5280.0,5280.0,279,0.0,0.0
2024-08-26 11:40:00+09:00,5280.0,5290.0,5280.0,5290.0,197,0.0,0.0
2024-08-26 11:45:00+09:00,5290.0,5290.0,5240.0,5250.0,1672,0.0,0.0
2024-08-26 11:50:00+09:00,5260.0,5260.0,5260.0,5260.0,8,0.0,0.0
2024-08-26 11:55:00+09:00,5260.0,5260.0,5260.0,5260.0,17,0.0,0.0
2024-08-26 12:00:00+09:00,5260.0,5260.0,5260.0,5260.0,39,0.0,0.0
2024-08-26 12:05:00+09:00,5260.0,5260.0,5260.0,5260.0,259,0.0,0.0
2024-08-26 12:10:00+09:00,5260.0,5260.0,5260.0,5260.0,155,0.0,0.0
2024-08-26 12:15:00+09:00,5260.0,5300.0,5260.0,5300.0,307,0.0,0.0
2024-08-26 12:20:00+09:00,5290.0,5310.0,5280.0,5280.0,1236,0.0,0.0
2024-08-26 12:25:00+09:00,5290.0,5300.0,5290.0,5300.0,126,0.0,0.0
2024-08-26 12:30:00+09:00,5300.0,5330.0,5270.0,5310.0,4188,0.0,0.0
2024-08-26 12:35:00+09:00,5330.0,5330.0,5290.0,5290.0,556,0.0,0.0
2024-08-26 12:40:00+09:00,5290.0,5290.0,5290.0,5290.0,6,0.0,0.0
2024-08-26 12:45:00+09:00,5290.0,5290.0,5280.0,5290.0,164,0.0,0.0
2024-08-26 12:50:00+09:00,5300.0,5330.0,5280.0,5330.0,1929,0.0,0.0
2024-08-26 12:55:00+09:00,5300.0,5320.0,5290.0,5310.0,410,0.0,0.0
2024-08-26 13:00:00+09:00,5300.0,5300.0,5290.0,5290.0,58,0.0,0.0
2024-08-26 13:05:00+09:00,5310.0,5310.0,5290.0,5310.0,54,0.0,0.0
2024-08-26 13:10:00+09:00,5290.0,5290.0,5290.0,5290.0,0,0.0,0.0
2024-08-26 13:15:00+09:00,5290.0,5320.0,5290.0,5320.0,94,0.0,0.0
2024-08-26 13:20:00+09:00,5300.0,5300.0,5260.0,5260.0,1400,0.0,0.0
2024-08-26 13:25:00+09:00,5300.0,5300.0,5220.0,5280.0,3744,0.0,0.0
2024-08-26 13:30:00+09:00,5280.0,5280.0,5220.0,5280.0,1837,0.0,0.0
2024-08-26 13:35:00+09:00,5280.0,5280.0,5250.0,5250.0,1819,0.0,0.0
2024-08-26 13:40:00+09:00,5270.0,5300.0,5270.0,5280.0,953,0.0,0.0
2024-08-26 13:45:00+09:00,5280.0,5280.0,5260.0,5280.0,261,0.0,0.0
2024-08-26 13:50:00+09:00,5280.0,5280.0,5280.0,5280.0,30,0.0,0.0
2024-08-26 13:55:00+09:00,5280.0,5280.0,5260.0,5260.0,2313,0.0,0.0
2024-08-26 14:00:00+09:00,5260.0,5290.0,5250.0,5250.0,1096,0.0,0.0
2024-08-26 14:05:00+09:00,5250.0,5260.0,5240.0,5240.0,293,0.0,0.0
2024-08-26 14:10:00+09:00,5240.0,5250.0,5210.0,5230.0,4782,0.0,0.0
2024-08-26 14:15:00+09:00,5230.0,5250.0,5230.0,5250.0,580,0.0,0.0
2024-08-26 14:20:00+09:00,5250.0,5250.0,5250.0,5250.0,13,0.0,0.0
2024-08-26 14:25:00+09:00,5250.0,5290.0,5240.0,5260.0,1094,0.0,0.0
2024-08-26 14:30:00+09:00,5270.0,5270.0,5260.0,5260.0,589,0.0,0.0
2024-08-26 14:35:00+09:00,5260.0,5260.0,5250.0,5260.0,1782,0.0,0.0
2024-08-26 14:40:00+09:00,5260.0,5260.0,5250.0,5250.0,1085,0.0,0.0
2024-08-26 14:45:00+09:00,5250.0,5260.0,5250.0,5260.0,15,0.0,0.0
2024-08-26 14:50:00+09:00,5260.0,5260.0,5240.0,5240.0,784,0.0,0.0
2024-08-26 14:55:00+09:00,5230.0,5260.0,5230.0,5260.0,1349,0.0,0.0
2024-08-27 09:00:00+09:00,5260.0,5300.0,5240.0,5250.0,3959,0.0,0.0
2024-08-27 09:05:00+09:00,5250.0,5250.0,5180.0,5200.0,3270,0.0,0.0
2024-08-27 09:10:00+09:00,5200.0,5210.0,5100.0,5120.0,7080,0.0,0.0
2024-08-27 09:15:00+09:00,5130.0,5160.0,5120.0,5160.0,7847,0.0,0.0
2024-08-27 09:20:00+09:00,5130.0,5160.0,5120.0,5140.0,1236,0.0,0.0
2024-08-27 09:25:00+09:00,5130.0,5130.0,5090.0,5120.0,6512,0.0,0.0
2024-08-27 09:30:00+09:00,5100.0,5160.0,5100.0,5160.0,1858,0.0,0.0
2024-08-27 09:35:00+09:00,5160.0,5160.0,5140.0,5150.0,704,0.0,0.0
2024-08-27 09:40:00+09:00,5160.0,5190.0,5160.0,5180.0,5758,0.0,0.0
2024-08-27 09:45:00+09:00,5170.0,5170.0,5150.0,5170.0,1403,0.0,0.0
2024-08-27 09:50:00+09:00,5170.0,5170.0,5170.0,5170.0,79,0.0,0.0
2024-08-27 09:55:00+09:00,5180.0,5180.0,5170.0,5170.0,0,0.0,0.0
2024-08-27 10:00:00+09:00,5170.0,5170.0,5160.0,5160.0,360,0.0,0.0
2024-08-27 10:05:00+09:00,5170.0,5170.0,5160.0,5160.0,1368,0.0,0.0
2024-08-27 10:10:00+09:00,5160.0,5180.0,5160.0,5160.0,497,0.0,0.0
2024-08-27 10:15:00+09:00,5170.0,5180.0,5150.0,5180.0,895,0.0,0.0
2024-08-27 10:20:00+09:00,5180.0,5180.0,5170.0,5170.0,164,0.0,0.0
2024-08-27 10:25:00+09:00,5170.0,5190.0,5170.0,5190.0,779,0.0,0.0
2024-08-27 10:30:00+09:00,5190.0,5220.0,5190.0,5210.0,1333,0.0,0.0
2024-08-27 10:35:00+09:00,5220.0,5220.0,5210.0,5210.0,341,0.0,0.0
2024-08-27 10:40:00+09:00,5210.0,5210.0,5160.0,5160.0,2914,0.0,0.0
2024-08-27 10:45:00+09:00,5180.0,5200.0,5170.0,5200.0,551,0.0,0.0
2024-08-27 10:50:00+09:00,5230.0,5230.0,5220.0,5220.0,849,0.0,0.0
2024-08-27 10:55:00+09:00,5220.0,5220.0,5210.0,5210.0,582,0.0,0.0
2024-08-27 11:00:00+09:00,5210.0,5210.0,5210.0,5210.0,655,0.0,0.0
2024-08-27 11:05:00+09:00,5210.0,5230.0,5180.0,5220.0,1277,0.0,0.0
2024-08-27 11:10:00+09:00,5220.0,5230.0,5210.0,5230.0,235,0.0,0.0
2024-08-27 11:20:00+09:00,5220.0,5230.0,5210.0,5220.0,129,0.0,0.0
2024-08-27 11:25:00+09:00,5230.0,5230.0,5230.0,5230.0,21,0.0,0.0
2024-08-27 11:30:00+09:00,5220.0,5230.0,5220.0,5230.0,62,0.0,0.0
2024-08-27 11:35:00+09:00,5230.0,5230.0,5200.0,5200.0,821,0.0,0.0
2024-08-27 11:45:00+09:00,5220.0,5240.0,5200.0,5200.0,285,0.0,0.0
2024-08-27 11:50:00+09:00,5230.0,5230.0,5230.0,5230.0,6,0.0,0.0
2024-08-27 11:55:00+09:00,5230.0,5230.0,5220.0,5220.0,10,0.0,0.0
2024-08-27 12:05:00+09:00,5220.0,5220.0,5210.0,5210.0,33,0.0,0.0
2024-08-27 12:10:00+09:00,5220.0,5220.0,5220.0,5220.0,15,0.0,0.0
2024-08-27 12:15:00+09:00,5220.0,5220.0,5220.0,5220.0,3,0.0,0.0
2024-08-27 12:20:00+09:00,5220.0,5220.0,5220.0,5220.0,6,0.0,0.0
2024-08-27 12:25:00+09:00,5220.0,5220.0,5220.0,5220.0,18,0.0,0.0
2024-08-27 12:30:00+09:00,5220.0,5220.0,5180.0,5180.0,303,0.0,0.0
2024-08-27 12:35:00+09:00,5200.0,5220.0,5200.0,5220.0,33,0.0,0.0
2024-08-27 12:40:00+09:00,5210.0,5220.0,5210.0,5220.0,7,0.0,0.0
2024-08-27 12:45:00+09:00,5220.0,5240.0,5220.0,5240.0,825,0.0,0.0
2024-08-27 12:50:00+09:00,5240.0,5240.0,5240.0,5240.0,42,0.0,0.0
2024-08-27 12:55:00+09:00,5240.0,5240.0,5210.0,5210.0,312,0.0,0.0
2024-08-27 13:00:00+09:00,5220.0,5230.0,5200.0,5230.0,622,0.0,0.0
2024-08-27 13:05:00+09:00,5220.0,5240.0,5210.0,5220.0,1152,0.0,0.0
2024-08-27 13:10:00+09:00,5210.0,5210.0,5200.0,5200.0,305,0.0,0.0
2024-08-27 13:15:00+09:00,5210.0,5210.0,5210.0,5210.0,213,0.0,0.0
2024-08-27 13:25:00+09:00,5220.0,5220.0,5220.0,5220.0,13,0.0,0.0
2024-08-27 13:30:00+09:00,5220.0,5220.0,5210.0,5210.0,2,0.0,0.0
2024-08-27 13:35:00+09:00,5210.0,5220.0,5190.0,5200.0,2026,0.0,0.0
2024-08-27 13:40:00+09:00,5190.0,5190.0,5170.0,5170.0,7549,0.0,0.0
2024-08-27 13:45:00+09:00,5170.0,5170.0,5160.0,5160.0,656,0.0,0.0
2024-08-27 13:50:00+09:00,5160.0,5170.0,5160.0,5170.0,13,0.0,0.0
2024-08-27 13:55:00+09:00,5170.0,5180.0,5170.0,5180.0,725,0.0,0.0
2024-08-27 14:00:00+09:00,5200.0,5200.0,5200.0,5200.0,5734,0.0,0.0
2024-08-27 14:05:00+09:00,5230.0,5240.0,5210.0,5240.0,0,0.0,0.0
2024-08-27 14:10:00+09:00,5230.0,5240.0,5230.0,5240.0,21,0.0,0.0
2024-08-27 14:15:00+09:00,5230.0,5240.0,5210.0,5240.0,331,0.0,0.0
2024-08-27 14:20:00+09:00,5240.0,5260.0,5240.0,5260.0,3816,0.0,0.0
2024-08-27 14:25:00+09:00,5240.0,5250.0,5230.0,5250.0,0,0.0,0.0
2024-08-27 14:30:00+09:00,5250.0,5250.0,5240.0,5250.0,704,0.0,0.0
2024-08-27 14:35:00+09:00,5250.0,5250.0,5210.0,5220.0,3552,0.0,0.0
2024-08-27 14:40:00+09:00,5200.0,5230.0,5190.0,5220.0,3750,0.0,0.0
2024-08-27 14:45:00+09:00,5210.0,5210.0,5200.0,5200.0,751,0.0,0.0
2024-08-27 14:50:00+09:00,5200.0,5200.0,5190.0,5200.0,457,0.0,0.0
2024-08-27 14:55:00+09:00,5190.0,5210.0,5180.0,5210.0,1663,0.0,0.0
2024-08-28 09:00:00+09:00,5210.0,5280.0,5210.0,5210.0,8192,0.0,0.0
2024-08-28 09:05:00+09:00,5220.0,5220.0,5210.0,5210.0,404,0.0,0.0
2024-08-28 09:10:00+09:00,5200.0,5210.0,5170.0,5200.0,1746,0.0,0.0
2024-08-28 09:15:00+09:00,5210.0,5230.0,5180.0,5190.0,1161,0.0,0.0
2024-08-28 09:20:00+09:00,5190.0,5200.0,5130.0,5160.0,2100,0.0,0.0
2024-08-28 09:25:00+09:00,5160.0,5160.0,5140.0,5160.0,420,0.0,0.0
2024-08-28 09:30:00+09:00,5170.0,5170.0,5150.0,5160.0,300,0.0,0.0
2024-08-28 09:35:00+09:00,5160.0,5200.0,5150.0,5200.0,2294,0.0,0.0
2024-08-28 09:40:00+09:00,5200.0,5200.0,5170.0,5200.0,573,0.0,0.0
2024-08-28 09:45:00+09:00,5180.0,5200.0,5180.0,5200.0,17,0.0,0.0
2024-08-28 09:50:00+09:00,5200.0,5200.0,5190.0,5190.0,333,0.0,0.0
2024-08-28 09:55:00+09:00,5200.0,5230.0,5200.0,5230.0,371,0.0,0.0
2024-08-28 10:00:00+09:00,5230.0,5230.0,5190.0,5210.0,430,0.0,0.0
2024-08-28 10:05:00+09:00,5210.0,5210.0,5190.0,5210.0,89,0.0,0.0
2024-08-28 10:10:00+09:00,5200.0,5210.0,5190.0,5210.0,249,0.0,0.0
2024-08-28 10:15:00+09:00,5180.0,5200.0,5180.0,5200.0,405,0.0,0.0
2024-08-28 10:20:00+09:00,5190.0,5210.0,5190.0,5210.0,444,0.0,0.0
2024-08-28 10:25:00+09:00,5190.0,5200.0,5190.0,5200.0,625,0.0,0.0
2024-08-28 10:30:00+09:00,5200.0,5210.0,5190.0,5200.0,2083,0.0,0.0
2024-08-28 10:35:00+09:00,5190.0,5200.0,5190.0,5200.0,93,0.0,0.0
2024-08-28 10:40:00+09:00,5200.0,5200.0,5190.0,5200.0,850,0.0,0.0
2024-08-28 10:45:00+09:00,5200.0,5200.0,5200.0,5200.0,40,0.0,0.0
2024-08-28 10:50:00+09:00,5200.0,5210.0,5190.0,5190.0,1180,0.0,0.0
2024-08-28 10:55:00+09:00,5190.0,5200.0,5180.0,5200.0,262,0.0,0.0
2024-08-28 11:00:00+09:00,5200.0,5200.0,5180.0,5200.0,231,0.0,0.0
2024-08-28 11:05:00+09:00,5200.0,5210.0,5170.0,5210.0,270,0.0,0.0
2024-08-28 11:10:00+09:00,5210.0,5210.0,5200.0,5200.0,193,0.0,0.0
2024-08-28 11:15:00+09:00,5200.0,5200.0,5180.0,5200.0,307,0.0,0.0
2024-08-28 11:20:00+09:00,5200.0,5200.0,5190.0,5200.0,549,0.0,0.0
2024-08-28 11:25:00+09:00,5190.0,5190.0,5180.0,5190.0,283,0.0,0.0
2024-08-28 11:30:00+09:00,5190.0,5190.0,5180.0,5190.0,254,0.0,0.0
2024-08-28 11:35:00+09:00,5190.0,5200.0,5170.0,5190.0,166,0.0,0.0
2024-08-28 11:40:00+09:00,5190.0,5200.0,5190.0,5200.0,114,0.0,0.0
2024-08-28 11:45:00+09:00,5180.0,5200.0,5170.0,5200.0,318,0.0,0.0
2024-08-28 11:50:00+09:00,5190.0,5190.0,5140.0,5170.0,3115,0.0,0.0
2024-08-28 11:55:00+09:00,5140.0,5160.0,5140.0,5160.0,81,0.0,0.0
2024-08-28 12:00:00+09:00,5150.0,5160.0,5140.0,5160.0,791,0.0,0.0
2024-08-28 12:05:00+09:00,5150.0,5150.0,5130.0,5150.0,913,0.0,0.0
2024-08-28 12:10:00+09:00,5140.0,5150.0,5140.0,5150.0,100,0.0,0.0
2024-08-28 12:15:00+09:00,5150.0,5170.0,5150.0,5170.0,233,0.0,0.0
2024-08-28 12:20:00+09:00,5160.0,5190.0,5150.0,5190.0,375,0.0,0.0
2024-08-28 12:25:00+09:00,5190.0,5190.0,5160.0,5180.0,149,0.0,0.0
2024-08-28 12:30:00+09:00,5160.0,5190.0,5160.0,5190.0,95,0.0,0.0
2024-08-28 12:35:00+09:00,5190.0,5190.0,5180.0,5180.0,88,0.0,0.0
2024-08-28 12:40:00+09:00,5180.0,5190.0,5180.0,5190.0,139,0.0,0.0
2024-08-28 12:45:00+09:00,5190.0,5190.0,5170.0,5190.0,389,0.0,0.0
2024-08-28 12:50:00+09:00,5170.0,5190.0,5170.0,5190.0,86,0.0,0.0
2024-08-28 12:55:00+09:00,5170.0,5190.0,5170.0,5180.0,186,0.0,0.0
2024-08-28 13:00:00+09:00,5180.0,5200.0,5180.0,5200.0,1840,0.0,0.0
2024-08-28 13:05:00+09:00,5200.0,5210.0,5200.0,5210.0,648,0.0,0.0
2024-08-28 13:10:00+09:00,5200.0,5210.0,5190.0,5190.0,1535,0.0,0.0
2024-08-28 13:15:00+09:00,5200.0,5200.0,5180.0,5200.0,0,0.0,0.0
2024-08-28 13:20:00+09:00,5200.0,5200.0,5180.0,5180.0,1003,0.0,0.0
2024-08-28 13:25:00+09:00,5200.0,5210.0,5200.0,5200.0,0,0.0,0.0
2024-08-28 13:30:00+09:00,5200.0,5200.0,5190.0,5190.0,7,0.0,0.0
2024-08-28 13:35:00+09:00,5190.0,5200.0,5160.0,5190.0,506,0.0,0.0
2024-08-28 13:40:00+09:00,5160.0,5190.0,5150.0,5180.0,1887,0.0,0.0
2024-08-28 13:45:00+09:00,5160.0,5180.0,5160.0,5180.0,12,0.0,0.0
2024-08-28 13:50:00+09:00,5160.0,5160.0,5160.0,5160.0,0,0.0,0.0
2024-08-28 13:55:00+09:00,5170.0,5170.0,5170.0,5170.0,1,0.0,0.0
2024-08-28 14:00:00+09:00,5170.0,5170.0,5150.0,5160.0,132,0.0,0.0
2024-08-28 14:05:00+09:00,5150.0,5160.0,5140.0,5150.0,48,0.0,0.0
2024-08-28 14:10:00+09:00,5150.0,5150.0,5140.0,5150.0,62,0.0,0.0
2024-08-28 14:15:00+09:00,5150.0,5150.0,5140.0,5150.0,305,0.0,0.0
2024-08-28 14:20:00+09:00,5150.0,5160.0,5150.0,5160.0,84,0.0,0.0
2024-08-28 14:25:00+09:00,5170.0,5170.0,5130.0,5150.0,1802,0.0,0.0
2024-08-28 14:30:00+09:00,5140.0,5160.0,5110.0,5160.0,2522,0.0,0.0
2024-08-28 14:35:00+09:00,5160.0,5170.0,5150.0,5170.0,511,0.0,0.0
2024-08-28 14:40:00+09:00,5170.0,5180.0,5150.0,5150.0,492,0.0,0.0
2024-08-28 14:45:00+09:00,5180.0,5220.0,5140.0,5220.0,623,0.0,0.0
2024-08-28 14:50:00+09:00,5140.0,5160.0,5140.0,5140.0,464,0.0,0.0
2024-08-28 14:55:00+09:00,5140.0,5150.0,5130.0,5150.0,103,0.0,0.0
2024-08-29 09:00:00+09:00,5200.0,5200.0,5130.0,5150.0,1253,0.0,0.0
2024-08-29 09:05:00+09:00,5160.0,5200.0,5150.0,5160.0,885,0.0,0.0
2024-08-29 09:10:00+09:00,5160.0,5190.0,5150.0,5160.0,1453,0.0,0.0
2024-08-29 09:15:00+09:00,5160.0,5180.0,5100.0,5180.0,2721,0.0,0.0
2024-08-29 09:20:00+09:00,5140.0,5140.0,5070.0,5100.0,15344,0.0,0.0
2024-08-29 09:25:00+09:00,5100.0,5130.0,5080.0,5090.0,1187,0.0,0.0
2024-08-29 09:30:00+09:00,5090.0,5120.0,5090.0,5120.0,256,0.0,0.0
2024-08-29 09:35:00+09:00,5110.0,5120.0,5100.0,5120.0,401,0.0,0.0
2024-08-29 09:40:00+09:00,5120.0,5120.0,5100.0,5120.0,1059,0.0,0.0
2024-08-29 09:45:00+09:00,5120.0,5120.0,5110.0,5120.0,232,0.0,0.0
2024-08-29 09:50:00+09:00,5110.0,5130.0,5110.0,5130.0,1418,0.0,0.0
2024-08-29 09:55:00+09:00,5130.0,5140.0,5130.0,5130.0,0,0.0,0.0
2024-08-29 10:00:00+09:00,5140.0,5140.0,5140.0,5140.0,274,0.0,0.0
2024-08-29 10:05:00+09:00,5130.0,5150.0,5130.0,5150.0,550,0.0,0.0
2024-08-29 10:10:00+09:00,5140.0,5170.0,5140.0,5170.0,1643,0.0,0.0
2024-08-29 10:15:00+09:00,5150.0,5160.0,5150.0,5150.0,71,0.0,0.0
2024-08-29 10:20:00+09:00,5150.0,5150.0,5120.0,5150.0,3013,0.0,0.0
2024-08-29 10:25:00+09:00,5150.0,5180.0,5150.0,5180.0,2943,0.0,0.0
2024-08-29 10:30:00+09:00,5180.0,5200.0,5180.0,5200.0,1899,0.0,0.0
2024-08-29 10:35:00+09:00,5200.0,5200.0,5150.0,5200.0,1251,0.0,0.0
2024-08-29 10:40:00+09:00,5200.0,5200.0,5200.0,5200.0,234,0.0,0.0
2024-08-29 10:45:00+09:00,5190.0,5200.0,5170.0,5170.0,125,0.0,0.0
2024-08-29 10:50:00+09:00,5200.0,5240.0,5200.0,5240.0,218,0.0,0.0
2024-08-29 10:55:00+09:00,5230.0,5230.0,5190.0,5190.0,515,0.0,0.0
2024-08-29 11:00:00+09:00,5190.0,5210.0,5180.0,5190.0,672,0.0,0.0
2024-08-29 11:05:00+09:00,5200.0,5200.0,5200.0,5200.0,65,0.0,0.0
2024-08-29 11:10:00+09:00,5200.0,5200.0,5180.0,5180.0,116,0.0,0.0
2024-08-29 11:15:00+09:00,5180.0,5200.0,5170.0,5200.0,323,0.0,0.0
2024-08-29 11:20:00+09:00,5200.0,5200.0,5190.0,5200.0,115,0.0,0.0
2024-08-29 11:25:00+09:00,5190.0,5200.0,5170.0,5170.0,1603,0.0,0.0
2024-08-29 11:30:00+09:00,5170.0,5200.0,5170.0,5200.0,0,0.0,0.0
2024-08-29 11:35:00+09:00,5200.0,5210.0,5200.0,5210.0,161,0.0,0.0
2024-08-29 11:40:00+09:00,5200.0,5200.0,5200.0,5200.0,240,0.0,0.0
2024-08-29 11:45:00+09:00,5200.0,5200.0,5200.0,5200.0,43,0.0,0.0
2024-08-29 11:50:00+09:00,5200.0,5210.0,5200.0,5210.0,690,0.0,0.0
2024-08-29 11:55:00+09:00,5180.0,5220.0,5180.0,5190.0,120,0.0,0.0
2024-08-29 12:00:00+09:00,5190.0,5220.0,5190.0,5220.0,341,0.0,0.0
2024-08-29 12:05:00+09:00,5220.0,5220.0,5210.0,5220.0,826,0.0,0.0
2024-08-29 12:10:00+09:00,5220.0,5220.0,5220.0,5220.0,59,0.0,0.0
2024-08-29 12:15:00+09:00,5200.0,5200.0,5190.0,5200.0,1146,0.0,0.0
2024-08-29 12:20:00+09:00,5200.0,5200.0,5200.0,5200.0,111,0.0,0.0
2024-08-29 12:25:00+09:00,5200.0,5200.0,5160.0,5180.0,2099,0.0,0.0
2024-08-29 12:30:00+09:00,5180.0,5180.0,5180.0,5180.0,16,0.0,0.0
2024-08-29 12:35:00+09:00,5180.0,5180.0,5160.0,5180.0,235,0.0,0.0
2024-08-29 12:40:00+09:00,5160.0,5170.0,5160.0,5170.0,186,0.0,0.0
2024-08-29 12:45:00+09:00,5150.0,5170.0,5150.0,5160.0,2842,0.0,0.0
2024-08-29 12:50:00+09:00,5150.0,5180.0,5140.0,5180.0,124,0.0,0.0
2024-08-29 12:55:00+09:00,5180.0,5180.0,5140.0,5140.0,432,0.0,0.0
2024-08-29 13:00:00+09:00,5180.0,5190.0,5140.0,5190.0,0,0.0,0.0
2024-08-29 13:05:00+09:00,5150.0,5220.0,5150.0,5220.0,634,0.0,0.0
2024-08-29 13:10:00+09:00,5170.0,5200.0,5170.0,5170.0,760,0.0,0.0
2024-08-29 13:15:00+09:00,5170.0,5200.0,5150.0,5150.0,460,0.0,0.0
2024-08-29 13:20:00+09:00,5190.0,5190.0,5150.0,5150.0,1234,0.0,0.0
2024-08-29 13:25:00+09:00,5190.0,5190.0,5140.0,5140.0,0,0.0,0.0
2024-08-29 13:30:00+09:00,5140.0,5170.0,5130.0,5130.0,522,0.0,0.0
2024-08-29 13:35:00+09:00,5150.0,5170.0,5140.0,5170.0,340,0.0,0.0
2024-08-29 13:40:00+09:00,5170.0,5170.0,5140.0,5140.0,592,0.0,0.0
2024-08-29 13:45:00+09:00,5140.0,5150.0,5140.0,5140.0,71,0.0,0.0
2024-08-29 13:50:00+09:00,5170.0,5170.0,5140.0,5140.0,199,0.0,0.0
2024-08-29 13:55:00+09:00,5140.0,5160.0,5140.0,5160.0,144,0.0,0.0
2024-08-29 14:00:00+09:00,5160.0,5160.0,5160.0,5160.0,88,0.0,0.0
2024-08-29 14:05:00+09:00,5160.0,5160.0,5150.0,5150.0,933,0.0,0.0
2024-08-29 14:10:00+09:00,5170.0,5170.0,5140.0,5170.0,58,0.0,0.0
2024-08-29 14:15:00+09:00,5160.0,5160.0,5160.0,5160.0,39,0.0,0.0
2024-08-29 14:20:00+09:00,5140.0,5160.0,5120.0,5120.0,4317,0.0,0.0
2024-08-29 14:25:00+09:00,5130.0,5210.0,5130.0,5210.0,1424,0.0,0.0
2024-08-29 14:30:00+09:00,5160.0,5160.0,5150.0,5150.0,106,0.0,0.0
2024-08-29 14:35:00+09:00,5150.0,5150.0,5130.0,5150.0,1251,0.0,0.0
2024-08-29 14:40:00+09:00,5150.0,5150.0,5150.0,5150.0,0,0.0,0.0
2024-08-29 14:50:00+09:00,5140.0,5140.0,5140.0,5140.0,68,0.0,0.0
2024-08-29 14:55:00+09:00,5150.0,5170.0,5140.0,5140.0,269,0.0,0.0
2024-08-30 09:00:00+09:00,5180.0,5180.0,5160.0,5160.0,110,0.0,0.0
2024-08-30 09:05:00+09:00,5160.0,5160.0,5150.0,5150.0,467,0.0,0.0
2024-08-30 09:10:00+09:00,5160.0,5200.0,5160.0,5200.0,167,0.0,0.0
2024-08-30 09:15:00+09:00,5180.0,5200.0,5170.0,5200.0,512,0.0,0.0
2024-08-30 09:20:00+09:00,5190.0,5190.0,5170.0,5170.0,1985,0.0,0.0
2024-08-30 09:25:00+09:00,5170.0,5170.0,5170.0,5170.0,0,0.0,0.0
2024-08-30 09:30:00+09:00,5190.0,5200.0,5170.0,5200.0,687,0.0,0.0
2024-08-30 09:35:00+09:00,5200.0,5210.0,5200.0,5200.0,447,0.0,0.0
2024-08-30 09:40:00+09:00,5200.0,5200.0,5190.0,5200.0,0,0.0,0.0
2024-08-30 09:45:00+09:00,5190.0,5190.0,5150.0,5180.0,5805,0.0,0.0
2024-08-30 10:00:00+09:00,5180.0,5200.0,5180.0,5180.0,1253,0.0,0.0
2024-08-30 10:05:00+09:00,5200.0,5200.0,5160.0,5160.0,394,0.0,0.0
2024-08-30 10:15:00+09:00,5160.0,5200.0,5160.0,5190.0,26,0.0,0.0
2024-08-30 10:20:00+09:00,5190.0,5190.0,5160.0,5160.0,4,0.0,0.0
2024-08-30 10:25:00+09:00,5160.0,5180.0,5160.0,5180.0,394,0.0,0.0
2024-08-30 10:35:00+09:00,5180.0,5180.0,5180.0,5180.0,652,0.0,0.0
2024-08-30 10:40:00+09:00,5180.0,5190.0,5180.0,5190.0,172,0.0,0.0
2024-08-30 10:45:00+09:00,5190.0,5190.0,5190.0,5190.0,692,0.0,0.0
2024-08-30 10:50:00+09:00,5190.0,5190.0,5160.0,5160.0,588,0.0,0.0
2024-08-30 10:55:00+09:00,5180.0,5190.0,5180.0,5190.0,501,0.0,0.0
2024-08-30 11:05:00+09:00,5180.0,5180.0,5170.0,5170.0,122,0.0,0.0
2024-08-30 11:10:00+09:00,5180.0,5180.0,5180.0,5180.0,454,0.0,0.0
2024-08-30 11:15:00+09:00,5180.0,5180.0,5180.0,5180.0,508,0.0,0.0
2024-08-30 11:20:00+09:00,5180.0,5180.0,5180.0,5180.0,0,0.0,0.0
2024-08-30 11:25:00+09:00,5180.0,5180.0,5180.0,5180.0,6,0.0,0.0
2024-08-30 11:30:00+09:00,5170.0,5170.0,5170.0,5170.0,0,0.0,0.0
2024-08-30 11:35:00+09:00,5180.0,5180.0,5170.0,5170.0,65,0.0,0.0
2024-08-30 11:40:00+09:00,5170.0,5170.0,5170.0,5170.0,221,0.0,0.0
2024-08-30 11:50:00+09:00,5170.0,5170.0,5170.0,5170.0,8,0.0,0.0
2024-08-30 11:55:00+09:00,5180.0,5180.0,5180.0,5180.0,19,0.0,0.0
2024-08-30 12:00:00+09:00,5170.0,5170.0,5170.0,5170.0,373,0.0,0.0
2024-08-30 12:05:00+09:00,5170.0,5170.0,5170.0,5170.0,99,0.0,0.0
2024-08-30 12:15:00+09:00,5170.0,5180.0,5170.0,5180.0,0,0.0,0.0
2024-08-30 12:20:00+09:00,5170.0,5170.0,5160.0,5170.0,73,0.0,0.0
2024-08-30 12:25:00+09:00,5170.0,5170.0,5170.0,5170.0,352,0.0,0.0
2024-08-30 12:30:00+09:00,5160.0,5170.0,5160.0,5170.0,302,0.0,0.0
2024-08-30 12:35:00+09:00,5180.0,5180.0,5180.0,5180.0,1,0.0,0.0
2024-08-30 12:40:00+09:00,5180.0,5180.0,5160.0,5160.0,1203,0.0,0.0
2024-08-30 12:45:00+09:00,5150.0,5170.0,5150.0,5170.0,690,0.0,0.0
2024-08-30 12:50:00+09:00,5170.0,5170.0,5170.0,5170.0,4,0.0,0.0
2024-08-30 12:55:00+09:00,5150.0,5150.0,5130.0,5140.0,3712,0.0,0.0
2024-08-30 13:00:00+09:00,5150.0,5170.0,5150.0,5160.0,121,0.0,0.0
2024-08-30 13:05:00+09:00,5150.0,5150.0,5150.0,5150.0,996,0.0,0.0
2024-08-30 13:10:00+09:00,5160.0,5170.0,5160.0,5170.0,490,0.0,0.0
2024-08-30 13:15:00+09:00,5170.0,5170.0,5150.0,5160.0,789,0.0,0.0
2024-08-30 13:20:00+09:00,5150.0,5160.0,5150.0,5160.0,148,0.0,0.0
2024-08-30 13:25:00+09:00,5170.0,5170.0,5160.0,5170.0,488,0.0,0.0
2024-08-30 13:30:00+09:00,5160.0,5170.0,5160.0,5160.0,730,0.0,0.0
2024-08-30 13:35:00+09:00,5170.0,5170.0,5160.0,5170.0,295,0.0,0.0
2024-08-30 13:40:00+09:00,5180.0,5180.0,5180.0,5180.0,0,0.0,0.0
2024-08-30 13:50:00+09:00,5180.0,5180.0,5170.0,5170.0,9,0.0,0.0
2024-08-30 13:55:00+09:00,5170.0,5180.0,5170.0,5170.0,80,0.0,0.0
2024-08-30 14:00:00+09:00,5160.0,5160.0,5160.0,5160.0,763,0.0,0.0
2024-08-30 14:05:00+09:00,5170.0,5170.0,5170.0,5170.0,530,0.0,0.0
2024-08-30 14:15:00+09:00,5170.0,5180.0,5160.0,5160.0,1938,0.0,0.0
2024-08-30 14:20:00+09:00,5170.0,5170.0,5170.0,5170.0,5,0.0,0.0
2024-08-30 14:25:00+09:00,5170.0,5170.0,5160.0,5160.0,137,0.0,0.0
2024-08-30 14:30:00+09:00,5160.0,5160.0,5160.0,5160.0,178,0.0,0.0
2024-08-30 14:35:00+09:00,5170.0,5200.0,5170.0,5200.0,2744,0.0,0.0
2024-08-30 14:40:00+09:00,5200.0,5240.0,5200.0,5240.0,4989,0.0,0.0
2024-08-30 14:45:00+09:00,5240.0,5260.0,5230.0,5240.0,1013,0.0,0.0
2024-08-30 14:50:00+09:00,5240.0,5360.0,5240.0,5280.0,2497,0.0,0.0
2024-08-30 14:55:00+09:00,5290.0,5300.0,5270.0,5290.0,2129,0.0,0.0
