Datetime,Open,High,Low,Close,Volume,Dividends,Stock Splits
2022-07-27 09:00:00+08:00,30.299999237060547,30.450000762939453,30.200000762939453,30.299999237060547,0,0.0,0.0
2022-07-27 10:00:00+08:00,30.25,30.25,29.899999618530273,30.149999618530273,38000,0.0,0.0
2022-07-27 11:00:00+08:00,30.149999618530273,30.200000762939453,30.0,30.200000762939453,6000,0.0,0.0
2022-07-27 12:00:00+08:00,30.200000762939453,30.200000762939453,30.100000381469727,30.200000762939453,3000,0.0,0.0
2022-07-27 13:00:00+08:00,30.100000381469727,30.100000381469727,30.100000381469727,30.100000381469727,1000,0.0,0.0
2022-07-28 09:00:00+08:00,30.200000762939453,30.299999237060547,30.100000381469727,30.25,0,0.0,0.0
2022-07-28 11:00:00+08:00,30.149999618530273,30.25,30.149999618530273,30.25,9536,0.0,0.0
2022-07-28 12:00:00+08:00,30.200000762939453,30.25,30.200000762939453,30.25,4000,0.0,0.0
2022-07-28 13:00:00+08:00,30.149999618530273,30.149999618530273,30.100000381469727,30.100000381469727,17000,0.0,0.0
2022-07-29 09:00:00+08:00,30.299999237060547,30.5,30.25,30.299999237060547,0,0.0,0.0
2022-07-29 11:00:00+08:00,30.299999237060547,30.299999237060547,30.299999237060547,30.299999237060547,1000,0.0,0.0
2022-07-29 12:00:00+08:00,30.299999237060547,30.299999237060547,30.299999237060547,30.299999237060547,5000,0.0,0.0
2022-07-29 13:00:00+08:00,30.299999237060547,30.299999237060547,30.299999237060547,30.299999237060547,3000,0.0,0.0
2022-08-01 09:00:00+08:00,30.350000381469727,30.5,30.350000381469727,30.399999618530273,0,0.0,0.0
2022-08-01 10:00:00+08:00,30.399999618530273,30.399999618530273,30.399999618530273,30.399999618530273,5000,0.0,0.0
2022-08-01 11:00:00+08:00,30.399999618530273,30.399999618530273,30.399999618530273,30.399999618530273,2000,0.0,0.0
2022-08-01 12:00:00+08:00,30.350000381469727,30.350000381469727,30.350000381469727,30.350000381469727,5000,0.0,0.0
2022-08-01 13:00:00+08:00,30.350000381469727,30.350000381469727,30.299999237060547,30.299999237060547,19000,0.0,0.0
2022-08-02 09:00:00+08:00,30.299999237060547,30.299999237060547,30.0,30.100000381469727,12204,0.0,0.0
2022-08-02 11:00:00+08:00,30.100000381469727,30.100000381469727,30.0,30.0,9000,0.0,0.0
2022-08-02 12:00:00+08:00,30.049999237060547,30.049999237060547,30.049999237060547,30.049999237060547,2000,0.0,0.0
2022-08-02 13:00:00+08:00,30.0,30.0,30.0,30.0,6000,0.0,0.0
2022-08-03 09:00:00+08:00,30.200000762939453,30.299999237060547,30.100000381469727,30.200000762939453,0,0.0,0.0
2022-08-03 10:00:00+08:00,30.200000762939453,30.200000762939453,30.0,30.0,10000,0.0,0.0
2022-08-03 11:00:00+08:00,30.100000381469727,30.100000381469727,30.100000381469727,30.100000381469727,1000,0.0,0.0
2022-08-03 13:00:00+08:00,30.149999618530273,30.149999618530273,30.149999618530273,30.149999618530273,5000,0.0,0.0
2022-08-04 09:00:00+08:00,30.200000762939453,30.399999618530273,30.100000381469727,30.100000381469727,0,0.0,0.0
2022-08-04 10:00:00+08:00,30.100000381469727,30.100000381469727,30.100000381469727,30.100000381469727,6000,0.0,0.0
2022-08-04 11:00:00+08:00,30.149999618530273,30.149999618530273,30.0,30.0,22000,0.0,0.0
2022-08-04 12:00:00+08:00,30.0,30.149999618530273,30.0,30.0,8000,0.0,0.0
2022-08-04 13:00:00+08:00,30.149999618530273,30.149999618530273,30.149999618530273,30.149999618530273,2000,0.0,0.0
2022-08-05 09:00:00+08:00,30.100000381469727,30.649999618530273,30.100000381469727,30.549999237060547,0,0.0,0.0
2022-08-05 10:00:00+08:00,30.600000381469727,30.600000381469727,30.600000381469727,30.600000381469727,2006,0.0,0.0
2022-08-05 11:00:00+08:00,30.549999237060547,30.549999237060547,30.549999237060547,30.549999237060547,1000,0.0,0.0
2022-08-05 12:00:00+08:00,30.549999237060547,30.549999237060547,30.5,30.549999237060547,6030,0.0,0.0
2022-08-05 13:00:00+08:00,30.549999237060547,30.549999237060547,30.549999237060547,30.549999237060547,3000,0.0,0.0
2022-08-08 09:00:00+08:00,30.549999237060547,30.700000762939453,30.5,30.649999618530273,0,0.0,0.0
2022-08-08 10:00:00+08:00,30.649999618530273,30.75,30.649999618530273,30.75,14000,0.0,0.0
2022-08-08 11:00:00+08:00,30.75,30.850000381469727,30.700000762939453,30.850000381469727,19000,0.0,0.0
2022-08-08 12:00:00+08:00,30.899999618530273,31.350000381469727,30.899999618530273,31.049999237060547,31000,0.0,0.0
2022-08-09 09:00:00+08:00,31.149999618530273,31.5,31.100000381469727,31.299999237060547,0,0.0,0.0
2022-08-09 10:00:00+08:00,31.350000381469727,31.350000381469727,31.25,31.25,5000,0.0,0.0
2022-08-09 11:00:00+08:00,31.25,31.299999237060547,31.200000762939453,31.200000762939453,7000,0.0,0.0
2022-08-09 12:00:00+08:00,31.25,31.25,31.200000762939453,31.25,4000,0.0,0.0
2022-08-09 13:00:00+08:00,31.299999237060547,31.350000381469727,31.299999237060547,31.350000381469727,4000,0.0,0.0
2022-08-10 09:00:00+08:00,31.299999237060547,32.0,31.299999237060547,31.799999237060547,7000,0.0,0.0
2022-08-10 10:00:00+08:00,31.75,31.850000381469727,31.75,31.850000381469727,7004,0.0,0.0
2022-08-10 12:00:00+08:00,31.850000381469727,32.099998474121094,31.850000381469727,32.04999923706055,29000,0.0,0.0
2022-08-10 13:00:00+08:00,32.0,32.04999923706055,31.850000381469727,32.04999923706055,13000,0.0,0.0
2022-08-11 09:00:00+08:00,32.29999923706055,32.29999923706055,32.099998474121094,32.099998474121094,0,0.0,0.0
2022-08-11 10:00:00+08:00,32.20000076293945,32.400001525878906,32.20000076293945,32.29999923706055,46000,0.0,0.0
2022-08-11 11:00:00+08:00,32.29999923706055,32.5,32.099998474121094,32.20000076293945,66000,0.0,0.0
2022-08-11 12:00:00+08:00,32.20000076293945,32.20000076293945,32.099998474121094,32.20000076293945,19000,0.0,0.0
2022-08-11 13:00:00+08:00,32.20000076293945,32.25,32.099998474121094,32.20000076293945,18000,0.0,0.0
2022-08-12 09:00:00+08:00,32.150001525878906,32.150001525878906,31.799999237060547,31.850000381469727,0,0.0,0.0
2022-08-12 10:00:00+08:00,31.799999237060547,31.799999237060547,31.600000381469727,31.75,38415,0.0,0.0
2022-08-12 11:00:00+08:00,31.75,31.799999237060547,31.649999618530273,31.799999237060547,34101,0.0,0.0
2022-08-12 12:00:00+08:00,31.700000762939453,31.700000762939453,31.700000762939453,31.700000762939453,3000,0.0,0.0
2022-08-12 13:00:00+08:00,31.700000762939453,31.799999237060547,31.649999618530273,31.700000762939453,18200,0.0,0.0
2022-08-15 09:00:00+08:00,31.899999618530273,31.899999618530273,31.799999237060547,31.799999237060547,0,0.0,0.0
2022-08-15 10:00:00+08:00,31.75,31.75,31.649999618530273,31.649999618530273,10100,0.0,0.0
2022-08-15 11:00:00+08:00,31.700000762939453,31.700000762939453,31.649999618530273,31.700000762939453,20000,0.0,0.0
2022-08-15 12:00:00+08:00,31.700000762939453,31.850000381469727,31.649999618530273,31.850000381469727,23000,0.0,0.0
2022-08-15 13:00:00+08:00,31.850000381469727,31.850000381469727,31.850000381469727,31.850000381469727,1000,0.0,0.0
2022-08-16 09:00:00+08:00,31.850000381469727,31.850000381469727,31.700000762939453,31.799999237060547,0,0.0,0.0
2022-08-16 11:00:00+08:00,31.799999237060547,31.899999618530273,31.799999237060547,31.899999618530273,8000,0.0,0.0
2022-08-16 12:00:00+08:00,31.850000381469727,31.850000381469727,31.75,31.75,15000,0.0,0.0
2022-08-16 13:00:00+08:00,31.700000762939453,31.700000762939453,31.700000762939453,31.700000762939453,6200,0.0,0.0
2022-08-17 09:00:00+08:00,31.899999618530273,31.950000762939453,31.850000381469727,31.950000762939453,0,0.0,0.0
2022-08-17 10:00:00+08:00,31.950000762939453,31.950000762939453,31.899999618530273,31.950000762939453,8000,0.0,0.0
2022-08-17 11:00:00+08:00,31.950000762939453,32.29999923706055,31.950000762939453,32.29999923706055,30000,0.0,0.0
2022-08-17 12:00:00+08:00,32.20000076293945,32.25,32.150001525878906,32.25,6000,0.0,0.0
2022-08-17 13:00:00+08:00,32.25,32.29999923706055,32.0,32.20000076293945,8000,0.0,0.0
2022-08-18 09:00:00+08:00,32.20000076293945,32.20000076293945,32.150001525878906,32.150001525878906,0,0.0,0.0
2022-08-18 10:00:00+08:00,32.20000076293945,32.349998474121094,32.20000076293945,32.29999923706055,14000,0.0,0.0
2022-08-18 11:00:00+08:00,32.25,32.25,32.25,32.25,4771,0.0,0.0
2022-08-18 12:00:00+08:00,32.20000076293945,32.20000076293945,32.150001525878906,32.150001525878906,5000,0.0,0.0
2022-08-18 13:00:00+08:00,32.099998474121094,32.150001525878906,32.0,32.0,23184,0.0,0.0
2022-08-19 09:00:00+08:00,32.29999923706055,32.349998474121094,31.700000762939453,31.950000762939453,0,0.0,0.0
2022-08-19 10:00:00+08:00,31.950000762939453,31.950000762939453,31.700000762939453,31.799999237060547,31000,0.0,0.0
2022-08-19 11:00:00+08:00,31.850000381469727,31.850000381469727,31.700000762939453,31.75,39000,0.0,0.0
2022-08-19 12:00:00+08:00,31.75,31.75,31.700000762939453,31.700000762939453,27000,0.0,0.0
2022-08-19 13:00:00+08:00,31.700000762939453,31.75,31.700000762939453,31.75,3000,0.0,0.0
2022-08-22 09:00:00+08:00,31.950000762939453,32.45000076293945,31.850000381469727,32.150001525878906,0,0.0,0.0
2022-08-22 10:00:00+08:00,31.899999618530273,32.099998474121094,31.899999618530273,32.099998474121094,7000,0.0,0.0
2022-08-22 11:00:00+08:00,32.099998474121094,32.150001525878906,32.099998474121094,32.150001525878906,3000,0.0,0.0
2022-08-22 12:00:00+08:00,31.899999618530273,32.099998474121094,31.850000381469727,32.099998474121094,14000,0.0,0.0
2022-08-22 13:00:00+08:00,32.04999923706055,32.099998474121094,31.799999237060547,31.799999237060547,5000,0.0,0.0
2022-08-23 09:00:00+08:00,32.0,32.0,31.75,31.75,0,0.0,0.0
2022-08-23 10:00:00+08:00,31.75,31.75,31.75,31.75,1000,0.0,0.0
2022-08-23 11:00:00+08:00,31.75,31.75,31.700000762939453,31.700000762939453,3100,0.0,0.0
2022-08-23 12:00:00+08:00,31.649999618530273,31.700000762939453,31.649999618530273,31.700000762939453,18030,0.0,0.0
2022-08-23 13:00:00+08:00,31.649999618530273,31.649999618530273,31.600000381469727,31.600000381469727,6000,0.0,0.0
2022-08-24 09:00:00+08:00,31.850000381469727,31.850000381469727,31.700000762939453,31.700000762939453,0,0.0,0.0
2022-08-24 10:00:00+08:00,31.700000762939453,31.700000762939453,31.700000762939453,31.700000762939453,12110,0.0,0.0
2022-08-24 11:00:00+08:00,31.700000762939453,31.700000762939453,31.700000762939453,31.700000762939453,3036,0.0,0.0
2022-08-24 12:00:00+08:00,31.700000762939453,31.700000762939453,31.700000762939453,31.700000762939453,3000,0.0,0.0
2022-08-24 13:00:00+08:00,31.700000762939453,31.700000762939453,31.700000762939453,31.700000762939453,6000,0.0,0.0
2022-08-25 09:00:00+08:00,31.899999618530273,31.899999618530273,31.700000762939453,31.850000381469727,0,0.0,0.0
2022-08-25 10:00:00+08:00,31.799999237060547,31.850000381469727,31.799999237060547,31.850000381469727,6000,0.0,0.0
2022-08-25 11:00:00+08:00,31.850000381469727,31.850000381469727,31.850000381469727,31.850000381469727,3000,0.0,0.0
2022-08-25 12:00:00+08:00,31.75,31.75,31.700000762939453,31.700000762939453,4000,0.0,0.0
2022-08-25 13:00:00+08:00,31.700000762939453,31.700000762939453,31.700000762939453,31.700000762939453,3109,0.0,0.0
2022-08-26 09:00:00+08:00,31.799999237060547,31.850000381469727,31.700000762939453,31.700000762939453,0,0.0,0.0
2022-08-26 10:00:00+08:00,31.700000762939453,31.700000762939453,31.700000762939453,31.700000762939453,6050,0.0,0.0
2022-08-26 11:00:00+08:00,31.649999618530273,31.649999618530273,31.600000381469727,31.600000381469727,5000,0.0,0.0
2022-08-26 12:00:00+08:00,31.600000381469727,31.649999618530273,31.5,31.600000381469727,16000,0.0,0.0
2022-08-26 13:00:00+08:00,31.600000381469727,31.649999618530273,31.600000381469727,31.649999618530273,14000,0.0,0.0
2022-08-29 09:00:00+08:00,31.450000762939453,31.649999618530273,31.450000762939453,31.5,0,0.0,0.0
2022-08-29 10:00:00+08:00,31.5,31.5,31.450000762939453,31.5,15001,0.0,0.0
2022-08-29 11:00:00+08:00,31.450000762939453,31.450000762939453,31.399999618530273,31.399999618530273,3000,0.0,0.0
2022-08-29 12:00:00+08:00,31.399999618530273,31.5,31.399999618530273,31.399999618530273,18040,0.0,0.0
2022-08-29 13:00:00+08:00,31.399999618530273,31.399999618530273,31.399999618530273,31.399999618530273,6000,0.0,0.0
2022-08-30 09:00:00+08:00,31.549999237060547,31.549999237060547,31.5,31.5,0,0.0,0.0
2022-08-30 10:00:00+08:00,31.450000762939453,31.450000762939453,31.399999618530273,31.399999618530273,14000,0.0,0.0
2022-08-30 11:00:00+08:00,31.399999618530273,31.399999618530273,31.399999618530273,31.399999618530273,20000,0.0,0.0
2022-08-30 12:00:00+08:00,31.399999618530273,31.399999618530273,31.350000381469727,31.399999618530273,15000,0.0,0.0
2022-08-30 13:00:00+08:00,31.350000381469727,31.350000381469727,31.350000381469727,31.350000381469727,1000,0.0,0.0
2022-08-31 09:00:00+08:00,31.649999618530273,31.649999618530273,31.200000762939453,31.350000381469727,38000,0.0,0.0
2022-08-31 10:00:00+08:00,31.350000381469727,31.350000381469727,31.350000381469727,31.350000381469727,1000,0.0,0.0
2022-08-31 11:00:00+08:00,31.350000381469727,31.399999618530273,31.350000381469727,31.399999618530273,8000,0.0,0.0
2022-08-31 13:00:00+08:00,31.350000381469727,31.350000381469727,31.350000381469727,31.350000381469727,3000,0.0,0.0
2022-09-01 09:00:00+08:00,31.350000381469727,31.549999237060547,31.350000381469727,31.549999237060547,0,0.0,0.0
2022-09-01 10:00:00+08:00,31.5,31.549999237060547,31.5,31.549999237060547,4000,0.0,0.0
2022-09-01 11:00:00+08:00,31.399999618530273,31.399999618530273,31.0,31.0,22000,0.0,0.0
2022-09-01 12:00:00+08:00,31.200000762939453,31.350000381469727,31.049999237060547,31.299999237060547,23100,0.0,0.0
2022-09-01 13:00:00+08:00,31.200000762939453,31.25,31.200000762939453,31.25,9000,0.0,0.0
2022-09-02 09:00:00+08:00,31.299999237060547,31.450000762939453,31.0,31.049999237060547,0,0.0,0.0
2022-09-02 10:00:00+08:00,31.100000381469727,31.100000381469727,31.0,31.0,36000,0.0,0.0
2022-09-02 11:00:00+08:00,31.049999237060547,31.25,30.950000762939453,31.25,40041,0.0,0.0
2022-09-02 12:00:00+08:00,31.149999618530273,31.149999618530273,31.149999618530273,31.149999618530273,1000,0.0,0.0
2022-09-02 13:00:00+08:00,31.049999237060547,31.149999618530273,30.899999618530273,31.149999618530273,15000,0.0,0.0
2022-09-05 09:00:00+08:00,30.850000381469727,31.399999618530273,30.850000381469727,31.0,0,0.0,0.0
2022-09-05 10:00:00+08:00,31.0,31.0,31.0,31.0,6000,0.0,0.0
2022-09-05 11:00:00+08:00,31.0,31.0,31.0,31.0,3000,0.0,0.0
2022-09-05 12:00:00+08:00,31.049999237060547,31.049999237060547,31.0,31.0,9000,0.0,0.0
2022-09-05 13:00:00+08:00,30.950000762939453,31.0,30.950000762939453,31.0,6000,0.0,0.0
2022-09-06 09:00:00+08:00,31.100000381469727,31.200000762939453,31.0,31.200000762939453,0,0.0,0.0
2022-09-06 10:00:00+08:00,31.0,31.0,31.0,31.0,9000,0.0,0.0
2022-09-06 11:00:00+08:00,31.100000381469727,31.100000381469727,31.0,31.0,6000,0.0,0.0
2022-09-06 12:00:00+08:00,31.0,31.200000762939453,31.0,31.149999618530273,12000,0.0,0.0
2022-09-06 13:00:00+08:00,31.0,31.0,30.950000762939453,30.950000762939453,3000,0.0,0.0
2022-09-07 09:00:00+08:00,31.149999618530273,31.350000381469727,30.899999618530273,31.100000381469727,0,0.0,0.0
2022-09-07 10:00:00+08:00,31.100000381469727,31.149999618530273,30.899999618530273,30.899999618530273,9000,0.0,0.0
2022-09-07 11:00:00+08:00,31.100000381469727,31.149999618530273,30.950000762939453,30.950000762939453,16000,0.0,0.0
2022-09-07 12:00:00+08:00,31.049999237060547,31.049999237060547,31.0,31.0,6000,0.0,0.0
2022-09-08 09:00:00+08:00,31.25,31.25,31.0,31.100000381469727,0,0.0,0.0
2022-09-08 10:00:00+08:00,31.100000381469727,31.100000381469727,31.049999237060547,31.049999237060547,7000,0.0,0.0
2022-09-08 11:00:00+08:00,31.100000381469727,31.100000381469727,31.100000381469727,31.100000381469727,3000,0.0,0.0
2022-09-08 13:00:00+08:00,31.100000381469727,31.100000381469727,31.049999237060547,31.049999237060547,11000,0.0,0.0
2022-09-12 09:00:00+08:00,31.0,31.149999618530273,30.75,31.0,24000,0.0,0.0
2022-09-12 10:00:00+08:00,31.049999237060547,31.049999237060547,31.049999237060547,31.049999237060547,5000,0.0,0.0
2022-09-12 11:00:00+08:00,31.049999237060547,31.049999237060547,31.049999237060547,31.049999237060547,2000,0.0,0.0
2022-09-12 12:00:00+08:00,31.049999237060547,31.049999237060547,31.0,31.0,6000,0.0,0.0
2022-09-13 09:00:00+08:00,31.049999237060547,31.049999237060547,31.0,31.049999237060547,0,0.0,0.0
2022-09-13 10:00:00+08:00,31.0,31.0,31.0,31.0,10000,0.0,0.0
2022-09-13 11:00:00+08:00,31.049999237060547,31.049999237060547,31.049999237060547,31.049999237060547,2000,0.0,0.0
2022-09-13 12:00:00+08:00,31.0,31.0,31.0,31.0,1000,0.0,0.0
2022-09-13 13:00:00+08:00,31.0,31.0,30.950000762939453,30.950000762939453,11000,0.0,0.0
2022-09-14 09:00:00+08:00,30.850000381469727,31.200000762939453,30.75,30.899999618530273,0,0.0,0.0
2022-09-14 10:00:00+08:00,30.850000381469727,30.850000381469727,30.850000381469727,30.850000381469727,1000,0.0,0.0
2022-09-14 11:00:00+08:00,30.899999618530273,30.950000762939453,30.899999618530273,30.950000762939453,5000,0.0,0.0
2022-09-14 12:00:00+08:00,30.799999237060547,30.799999237060547,30.75,30.75,13000,0.0,0.0
2022-09-15 09:00:00+08:00,30.899999618530273,31.350000381469727,30.899999618530273,31.350000381469727,0,0.0,0.0
2022-09-15 10:00:00+08:00,31.0,31.0,30.950000762939453,30.950000762939453,7000,0.0,0.0
2022-09-15 11:00:00+08:00,30.950000762939453,30.950000762939453,30.950000762939453,30.950000762939453,8000,0.0,0.0
2022-09-15 12:00:00+08:00,30.950000762939453,30.950000762939453,30.950000762939453,30.950000762939453,1000,0.0,0.0
2022-09-15 13:00:00+08:00,30.850000381469727,30.950000762939453,30.700000762939453,30.700000762939453,5000,0.0,0.0
2022-09-16 09:00:00+08:00,30.850000381469727,31.200000762939453,30.850000381469727,31.100000381469727,0,0.0,0.0
2022-09-16 10:00:00+08:00,30.850000381469727,30.850000381469727,30.850000381469727,30.850000381469727,3000,0.0,0.0
2022-09-16 11:00:00+08:00,30.850000381469727,30.850000381469727,30.850000381469727,30.850000381469727,1000,0.0,0.0
2022-09-16 12:00:00+08:00,30.700000762939453,30.75,30.700000762939453,30.75,6000,0.0,0.0
2022-09-16 13:00:00+08:00,30.649999618530273,30.75,30.600000381469727,30.75,15000,0.0,0.0
2022-09-19 09:00:00+08:00,30.75,30.899999618530273,30.75,30.799999237060547,0,0.0,0.0
2022-09-19 10:00:00+08:00,30.600000381469727,30.700000762939453,30.600000381469727,30.600000381469727,7000,0.0,0.0
2022-09-19 11:00:00+08:00,30.5,30.600000381469727,30.5,30.600000381469727,4000,0.0,0.0
2022-09-19 12:00:00+08:00,30.600000381469727,30.600000381469727,30.600000381469727,30.600000381469727,2000,0.0,0.0
2022-09-19 13:00:00+08:00,30.649999618530273,30.649999618530273,30.649999618530273,30.649999618530273,2000,0.0,0.0
2022-09-20 09:00:00+08:00,30.799999237060547,30.850000381469727,30.600000381469727,30.75,0,0.0,0.0
2022-09-20 10:00:00+08:00,30.649999618530273,30.649999618530273,30.649999618530273,30.649999618530273,1000,0.0,0.0
2022-09-20 11:00:00+08:00,30.549999237060547,30.549999237060547,30.5,30.5,2000,0.0,0.0
2022-09-20 12:00:00+08:00,30.5,30.549999237060547,30.5,30.549999237060547,15000,0.0,0.0
2022-09-20 13:00:00+08:00,30.549999237060547,30.549999237060547,30.399999618530273,30.399999618530273,4000,0.0,0.0
2022-09-21 09:00:00+08:00,30.649999618530273,30.799999237060547,30.25,30.649999618530273,0,0.0,0.0
2022-09-21 10:00:00+08:00,30.649999618530273,30.649999618530273,30.399999618530273,30.549999237060547,12000,0.0,0.0
2022-09-21 11:00:00+08:00,30.549999237060547,30.549999237060547,30.25,30.25,15000,0.0,0.0
2022-09-21 12:00:00+08:00,30.299999237060547,30.299999237060547,30.299999237060547,30.299999237060547,10000,0.0,0.0
2022-09-21 13:00:00+08:00,30.299999237060547,30.450000762939453,30.25,30.450000762939453,6000,0.0,0.0
2022-09-22 09:00:00+08:00,30.899999618530273,30.899999618530273,30.100000381469727,30.700000762939453,0,0.0,0.0
2022-09-22 11:00:00+08:00,30.600000381469727,30.600000381469727,30.600000381469727,30.600000381469727,2073,0.0,0.0
2022-09-22 12:00:00+08:00,30.549999237060547,30.549999237060547,30.549999237060547,30.549999237060547,8000,0.0,0.0
2022-09-22 13:00:00+08:00,30.549999237060547,30.549999237060547,30.549999237060547,30.549999237060547,1100,0.0,0.0
2022-09-23 09:00:00+08:00,31.200000762939453,31.200000762939453,30.799999237060547,30.799999237060547,827,0.0,0.0
2022-09-23 10:00:00+08:00,30.799999237060547,30.799999237060547,30.600000381469727,30.600000381469727,9000,0.0,0.0
2022-09-23 11:00:00+08:00,30.799999237060547,30.799999237060547,30.799999237060547,30.799999237060547,1000,0.0,0.0
2022-09-23 12:00:00+08:00,30.600000381469727,30.600000381469727,30.549999237060547,30.549999237060547,6000,0.0,0.0
2022-09-23 13:00:00+08:00,30.549999237060547,30.549999237060547,30.549999237060547,30.549999237060547,0,0.0,0.0
2022-09-26 09:00:00+08:00,30.649999618530273,30.649999618530273,30.100000381469727,30.200000762939453,0,0.0,0.0
2022-09-26 10:00:00+08:00,30.299999237060547,30.450000762939453,30.049999237060547,30.450000762939453,11000,0.0,0.0
2022-09-26 11:00:00+08:00,30.399999618530273,30.399999618530273,30.0,30.0,10000,0.0,0.0
2022-09-26 12:00:00+08:00,30.049999237060547,30.100000381469727,29.850000381469727,30.0,9134,0.0,0.0
2022-09-26 13:00:00+08:00,30.0,30.0,29.850000381469727,29.899999618530273,4000,0.0,0.0
2022-09-27 09:00:00+08:00,29.649999618530273,30.25,29.649999618530273,30.25,0,0.0,0.0
2022-09-27 10:00:00+08:00,29.799999237060547,30.100000381469727,29.799999237060547,30.100000381469727,8000,0.0,0.0
2022-09-27 11:00:00+08:00,29.799999237060547,29.899999618530273,29.799999237060547,29.899999618530273,6542,0.0,0.0
2022-09-27 13:00:00+08:00,29.899999618530273,29.899999618530273,29.899999618530273,29.899999618530273,2000,0.0,0.0
2022-09-28 09:00:00+08:00,29.399999618530273,30.299999237060547,29.399999618530273,30.049999237060547,0,0.0,0.0
2022-09-28 10:00:00+08:00,29.700000762939453,29.700000762939453,29.700000762939453,29.700000762939453,4000,0.0,0.0
2022-09-28 11:00:00+08:00,29.649999618530273,29.75,29.5,29.649999618530273,9316,0.0,0.0
2022-09-28 12:00:00+08:00,29.600000381469727,29.799999237060547,29.549999237060547,29.549999237060547,6000,0.0,0.0
2022-09-28 13:00:00+08:00,29.799999237060547,29.799999237060547,29.399999618530273,29.700000762939453,8000,0.0,0.0
2022-09-29 09:00:00+08:00,29.399999618530273,29.799999237060547,29.299999237060547,29.75,0,0.0,0.0
2022-09-29 10:00:00+08:00,29.700000762939453,29.700000762939453,29.700000762939453,29.700000762939453,1000,0.0,0.0
2022-09-29 12:00:00+08:00,29.450000762939453,29.600000381469727,29.350000381469727,29.549999237060547,11000,0.0,0.0
2022-09-29 13:00:00+08:00,29.5,29.5,29.5,29.5,5000,0.0,0.0
2022-09-30 09:00:00+08:00,29.25,29.75,29.25,29.75,1000,0.0,0.0
2022-09-30 10:00:00+08:00,29.950000762939453,29.950000762939453,29.75,29.75,4000,0.0,0.0
2022-09-30 11:00:00+08:00,29.850000381469727,29.850000381469727,29.850000381469727,29.850000381469727,6000,0.0,0.0
2022-09-30 13:00:00+08:00,29.75,29.75,29.75,29.75,3000,0.0,0.0
2022-10-03 09:00:00+08:00,29.600000381469727,29.950000762939453,29.600000381469727,29.75,0,0.0,0.0
2022-10-03 10:00:00+08:00,29.950000762939453,29.950000762939453,29.649999618530273,29.950000762939453,9001,0.0,0.0
2022-10-03 12:00:00+08:00,29.950000762939453,29.950000762939453,29.950000762939453,29.950000762939453,1000,0.0,0.0
2022-10-03 13:00:00+08:00,29.950000762939453,29.950000762939453,29.950000762939453,29.950000762939453,3000,0.0,0.0
2022-10-04 09:00:00+08:00,29.950000762939453,29.950000762939453,29.950000762939453,29.950000762939453,0,0.0,0.0
2022-10-04 10:00:00+08:00,29.950000762939453,30.0,29.899999618530273,30.0,6000,0.0,0.0
2022-10-04 11:00:00+08:00,29.75,29.799999237060547,29.700000762939453,29.799999237060547,7000,0.0,0.0
2022-10-04 13:00:00+08:00,29.75,29.75,29.700000762939453,29.700000762939453,4000,0.0,0.0
2022-10-05 09:00:00+08:00,29.850000381469727,29.850000381469727,29.700000762939453,29.700000762939453,0,0.0,0.0
2022-10-05 10:00:00+08:00,29.75,29.75,29.649999618530273,29.75,9000,0.0,0.0
2022-10-05 11:00:00+08:00,29.799999237060547,29.799999237060547,29.799999237060547,29.799999237060547,4000,0.0,0.0
2022-10-05 12:00:00+08:00,29.700000762939453,29.75,29.549999237060547,29.700000762939453,16010,0.0,0.0
2022-10-06 09:00:00+08:00,30.0,30.0,29.549999237060547,29.649999618530273,0,0.0,0.0
2022-10-06 13:00:00+08:00,29.649999618530273,29.649999618530273,29.649999618530273,29.649999618530273,2000,0.0,0.0
2022-10-07 09:00:00+08:00,29.5,29.5,29.149999618530273,29.200000762939453,0,0.0,0.0
2022-10-07 10:00:00+08:00,29.200000762939453,29.299999237060547,29.149999618530273,29.299999237060547,9000,0.0,0.0
2022-10-07 11:00:00+08:00,29.25,29.25,29.25,29.25,4000,0.0,0.0
2022-10-07 12:00:00+08:00,29.25,29.25,29.149999618530273,29.149999618530273,14000,0.0,0.0
2022-10-07 13:00:00+08:00,29.149999618530273,29.149999618530273,29.149999618530273,29.149999618530273,1000,0.0,0.0
2022-10-11 09:00:00+08:00,28.799999237060547,29.100000381469727,28.799999237060547,29.100000381469727,0,0.0,0.0
2022-10-11 10:00:00+08:00,28.899999618530273,29.0,28.899999618530273,28.899999618530273,10000,0.0,0.0
2022-10-11 11:00:00+08:00,28.850000381469727,28.850000381469727,28.75,28.75,11000,0.0,0.0
2022-10-11 12:00:00+08:00,28.75,28.75,28.549999237060547,28.75,20000,0.0,0.0
2022-10-11 13:00:00+08:00,28.75,28.899999618530273,28.75,28.799999237060547,5000,0.0,0.0
2022-10-12 09:00:00+08:00,28.950000762939453,29.0,28.950000762939453,29.0,0,0.0,0.0
2022-10-12 10:00:00+08:00,28.799999237060547,28.799999237060547,28.75,28.75,4000,0.0,0.0
2022-10-12 11:00:00+08:00,28.799999237060547,28.799999237060547,28.700000762939453,28.700000762939453,11000,0.0,0.0
2022-10-12 12:00:00+08:00,28.799999237060547,28.799999237060547,28.799999237060547,28.799999237060547,1000,0.0,0.0
2022-10-12 13:00:00+08:00,28.75,28.75,28.75,28.75,1000,0.0,0.0
2022-10-13 10:00:00+08:00,28.549999237060547,28.700000762939453,28.0,28.700000762939453,17000,0.0,0.0
2022-10-13 12:00:00+08:00,28.100000381469727,28.5,27.700000762939453,28.5,18000,0.0,0.0
2022-10-13 13:00:00+08:00,28.0,28.200000762939453,28.0,28.0,10000,0.0,0.0
2022-10-14 09:00:00+08:00,28.799999237060547,28.950000762939453,28.799999237060547,28.950000762939453,0,0.0,0.0
2022-10-14 10:00:00+08:00,29.0,29.399999618530273,28.5,28.950000762939453,48000,0.0,0.0
2022-10-14 11:00:00+08:00,28.600000381469727,28.600000381469727,28.600000381469727,28.600000381469727,5000,0.0,0.0
2022-10-14 12:00:00+08:00,28.850000381469727,28.850000381469727,28.850000381469727,28.850000381469727,1000,0.0,0.0
2022-10-14 13:00:00+08:00,28.649999618530273,28.649999618530273,28.600000381469727,28.600000381469727,3000,0.0,0.0
2022-10-17 09:00:00+08:00,29.0,29.799999237060547,29.0,29.75,0,0.0,0.0
2022-10-17 10:00:00+08:00,29.649999618530273,29.649999618530273,29.5,29.5,0,0.0,0.0
2022-10-17 13:00:00+08:00,28.75,28.75,28.75,28.75,11000,0.0,0.0
2022-10-18 09:00:00+08:00,29.549999237060547,29.600000381469727,29.549999237060547,29.600000381469727,0,0.0,0.0
2022-10-18 12:00:00+08:00,29.5,29.75,29.5,29.75,11000,0.0,0.0
2022-10-18 13:00:00+08:00,29.350000381469727,29.700000762939453,29.350000381469727,29.350000381469727,9000,0.0,0.0
2022-10-19 10:00:00+08:00,29.399999618530273,29.399999618530273,28.899999618530273,29.299999237060547,13000,0.0,0.0
2022-10-19 12:00:00+08:00,28.899999618530273,28.899999618530273,28.799999237060547,28.799999237060547,2000,0.0,0.0
2022-10-19 13:00:00+08:00,29.149999618530273,29.149999618530273,29.149999618530273,29.149999618530273,1000,0.0,0.0
2022-10-20 09:00:00+08:00,28.899999618530273,29.100000381469727,28.899999618530273,29.100000381469727,0,0.0,0.0
2022-10-20 11:00:00+08:00,28.799999237060547,29.0,28.799999237060547,29.0,3000,0.0,0.0
2022-10-21 09:00:00+08:00,28.649999618530273,28.899999618530273,28.5,28.850000381469727,4002,0.0,0.0
2022-10-21 12:00:00+08:00,28.850000381469727,28.899999618530273,28.5,28.5,9000,0.0,0.0
2022-10-24 09:00:00+08:00,29.649999618530273,29.649999618530273,29.549999237060547,29.549999237060547,0,0.0,0.0
2022-10-24 10:00:00+08:00,29.0,29.100000381469727,29.0,29.100000381469727,4000,0.0,0.0
2022-10-24 11:00:00+08:00,29.299999237060547,29.299999237060547,29.299999237060547,29.299999237060547,2000,0.0,0.0
2022-10-24 13:00:00+08:00,28.850000381469727,28.850000381469727,28.850000381469727,28.850000381469727,1000,0.0,0.0
2022-10-25 09:00:00+08:00,28.899999618530273,29.0,28.899999618530273,28.899999618530273,0,0.0,0.0
2022-10-25 10:00:00+08:00,28.799999237060547,28.799999237060547,28.600000381469727,28.799999237060547,9001,0.0,0.0
2022-10-25 13:00:00+08:00,28.549999237060547,28.549999237060547,28.5,28.5,5000,0.0,0.0
2022-10-26 09:00:00+08:00,28.549999237060547,28.549999237060547,28.5,28.5,0,0.0,0.0
2022-10-26 10:00:00+08:00,28.5,28.5,28.399999618530273,28.399999618530273,4000,0.0,0.0
2022-10-26 11:00:00+08:00,28.149999618530273,28.149999618530273,28.149999618530273,28.149999618530273,3000,0.0,0.0
2022-10-26 12:00:00+08:00,28.700000762939453,28.700000762939453,28.700000762939453,28.700000762939453,6000,0.0,0.0
2022-10-26 13:00:00+08:00,29.0,29.0,29.0,29.0,2000,0.0,0.0
2022-10-27 09:00:00+08:00,28.899999618530273,29.0,28.899999618530273,29.0,0,0.0,0.0
2022-10-27 10:00:00+08:00,28.600000381469727,28.799999237060547,28.600000381469727,28.600000381469727,4020,0.0,0.0
2022-10-27 12:00:00+08:00,28.600000381469727,28.600000381469727,28.600000381469727,28.600000381469727,4000,0.0,0.0
2022-10-27 13:00:00+08:00,28.799999237060547,28.850000381469727,28.649999618530273,28.649999618530273,4000,0.0,0.0
2022-10-28 09:00:00+08:00,28.700000762939453,29.0,28.700000762939453,29.0,0,0.0,0.0
2022-10-28 10:00:00+08:00,28.700000762939453,28.700000762939453,28.700000762939453,28.700000762939453,2000,0.0,0.0
2022-10-28 11:00:00+08:00,28.700000762939453,28.700000762939453,28.700000762939453,28.700000762939453,2000,0.0,0.0
2022-10-28 12:00:00+08:00,28.600000381469727,28.600000381469727,28.600000381469727,28.600000381469727,2000,0.0,0.0
2022-10-28 13:00:00+08:00,28.5,28.5,28.5,28.5,1000,0.0,0.0
2022-10-31 09:00:00+08:00,27.850000381469727,28.25,27.850000381469727,28.25,0,0.0,0.0
2022-10-31 10:00:00+08:00,28.450000762939453,28.450000762939453,28.450000762939453,28.450000762939453,1000,0.0,0.0
2022-10-31 11:00:00+08:00,28.600000381469727,28.600000381469727,28.600000381469727,28.600000381469727,3080,0.0,0.0
2022-10-31 13:00:00+08:00,28.549999237060547,28.549999237060547,28.549999237060547,28.549999237060547,1000,0.0,0.0
2022-11-01 09:00:00+08:00,28.549999237060547,29.0,28.549999237060547,29.0,7920,0.0,0.0
2022-11-01 10:00:00+08:00,28.600000381469727,28.600000381469727,28.600000381469727,28.600000381469727,2000,0.0,0.0
2022-11-01 11:00:00+08:00,28.899999618530273,28.899999618530273,28.899999618530273,28.899999618530273,1000,0.0,0.0
2022-11-01 12:00:00+08:00,28.700000762939453,28.700000762939453,28.600000381469727,28.600000381469727,9000,0.0,0.0
2022-11-02 09:00:00+08:00,29.100000381469727,29.100000381469727,29.100000381469727,29.100000381469727,0,0.0,0.0
2022-11-02 11:00:00+08:00,28.649999618530273,28.649999618530273,28.649999618530273,28.649999618530273,6050,0.0,0.0
2022-11-02 12:00:00+08:00,28.700000762939453,28.700000762939453,28.700000762939453,28.700000762939453,2000,0.0,0.0
2022-11-03 09:00:00+08:00,28.399999618530273,28.600000381469727,28.399999618530273,28.600000381469727,0,0.0,0.0
2022-11-03 12:00:00+08:00,28.600000381469727,28.799999237060547,28.600000381469727,28.799999237060547,8000,0.0,0.0
2022-11-04 09:00:00+08:00,28.850000381469727,28.899999618530273,28.850000381469727,28.899999618530273,0,0.0,0.0
2022-11-04 10:00:00+08:00,28.799999237060547,28.799999237060547,28.600000381469727,28.600000381469727,10050,0.0,0.0
2022-11-04 12:00:00+08:00,28.600000381469727,28.600000381469727,28.549999237060547,28.549999237060547,5010,0.0,0.0
2022-11-04 13:00:00+08:00,28.549999237060547,28.549999237060547,28.549999237060547,28.549999237060547,2000,0.0,0.0
2022-11-07 09:00:00+08:00,28.799999237060547,28.899999618530273,28.649999618530273,28.899999618530273,0,0.0,0.0
2022-11-07 11:00:00+08:00,28.799999237060547,28.850000381469727,28.799999237060547,28.850000381469727,4000,0.0,0.0
2022-11-07 13:00:00+08:00,28.850000381469727,28.850000381469727,28.850000381469727,28.850000381469727,2000,0.0,0.0
2022-11-08 10:00:00+08:00,28.899999618530273,29.0,28.850000381469727,28.850000381469727,4000,0.0,0.0
2022-11-08 11:00:00+08:00,28.850000381469727,28.850000381469727,28.850000381469727,28.850000381469727,1000,0.0,0.0
2022-11-08 12:00:00+08:00,28.850000381469727,28.850000381469727,28.700000762939453,28.700000762939453,3000,0.0,0.0
2022-11-09 09:00:00+08:00,28.799999237060547,28.950000762939453,28.799999237060547,28.950000762939453,0,0.0,0.0
2022-11-09 10:00:00+08:00,28.799999237060547,28.799999237060547,28.799999237060547,28.799999237060547,1000,0.0,0.0
2022-11-09 11:00:00+08:00,28.799999237060547,28.799999237060547,28.549999237060547,28.549999237060547,6000,0.0,0.0
2022-11-09 12:00:00+08:00,28.700000762939453,28.700000762939453,28.700000762939453,28.700000762939453,5000,0.0,0.0
2022-11-09 13:00:00+08:00,28.600000381469727,28.649999618530273,28.600000381469727,28.649999618530273,2000,0.0,0.0
2022-11-10 09:00:00+08:00,29.0,29.0,28.950000762939453,29.0,0,0.0,0.0
2022-11-10 12:00:00+08:00,28.850000381469727,28.850000381469727,28.850000381469727,28.850000381469727,2000,0.0,0.0
2022-11-10 13:00:00+08:00,28.649999618530273,28.649999618530273,28.649999618530273,28.649999618530273,2000,0.0,0.0
2022-11-11 09:00:00+08:00,28.700000762939453,28.700000762939453,28.700000762939453,28.700000762939453,0,0.0,0.0
2022-11-11 10:00:00+08:00,28.700000762939453,28.700000762939453,28.700000762939453,28.700000762939453,5000,0.0,0.0
2022-11-11 11:00:00+08:00,28.700000762939453,28.700000762939453,28.700000762939453,28.700000762939453,1000,0.0,0.0
2022-11-11 13:00:00+08:00,28.649999618530273,28.649999618530273,28.600000381469727,28.600000381469727,5000,0.0,0.0
2022-11-14 09:00:00+08:00,28.649999618530273,29.0,28.649999618530273,28.75,2000,0.0,0.0
2022-11-14 13:00:00+08:00,28.700000762939453,28.799999237060547,28.700000762939453,28.799999237060547,3000,0.0,0.0
2022-11-15 10:00:00+08:00,28.799999237060547,29.0,28.799999237060547,28.799999237060547,14000,0.0,0.0
2022-11-15 11:00:00+08:00,28.799999237060547,28.799999237060547,28.799999237060547,28.799999237060547,0,0.0,0.0
2022-11-15 12:00:00+08:00,28.799999237060547,28.799999237060547,28.700000762939453,28.700000762939453,19000,0.0,0.0
2022-11-15 13:00:00+08:00,28.799999237060547,28.799999237060547,28.799999237060547,28.799999237060547,3000,0.0,0.0
2022-11-16 09:00:00+08:00,29.5,29.5,29.0,29.0,0,0.0,0.0
2022-11-16 10:00:00+08:00,29.0,29.0,29.0,29.0,2000,0.0,0.0
2022-11-16 11:00:00+08:00,28.899999618530273,28.899999618530273,28.899999618530273,28.899999618530273,1000,0.0,0.0
2022-11-16 12:00:00+08:00,28.899999618530273,28.899999618530273,28.850000381469727,28.850000381469727,10000,0.0,0.0
2022-11-16 13:00:00+08:00,28.950000762939453,28.950000762939453,28.950000762939453,28.950000762939453,1000,0.0,0.0
2022-11-17 09:00:00+08:00,28.799999237060547,29.0,28.799999237060547,28.850000381469727,0,0.0,0.0
2022-11-17 10:00:00+08:00,28.899999618530273,28.899999618530273,28.899999618530273,28.899999618530273,10000,0.0,0.0
2022-11-17 11:00:00+08:00,28.899999618530273,28.899999618530273,28.899999618530273,28.899999618530273,1000,0.0,0.0
2022-11-17 13:00:00+08:00,28.899999618530273,28.899999618530273,28.899999618530273,28.899999618530273,3000,0.0,0.0
2022-11-18 09:00:00+08:00,29.5,29.5,29.0,29.0,0,0.0,0.0
2022-11-18 10:00:00+08:00,28.899999618530273,28.950000762939453,28.799999237060547,28.950000762939453,11000,0.0,0.0
2022-11-18 11:00:00+08:00,28.950000762939453,29.0,28.950000762939453,29.0,3000,0.0,0.0
2022-11-18 12:00:00+08:00,28.799999237060547,28.799999237060547,28.75,28.799999237060547,4000,0.0,0.0
2022-11-18 13:00:00+08:00,28.799999237060547,28.799999237060547,28.799999237060547,28.799999237060547,3000,0.0,0.0
2022-11-21 10:00:00+08:00,29.0,29.100000381469727,29.0,29.049999237060547,4100,0.0,0.0
2022-11-21 11:00:00+08:00,28.950000762939453,28.950000762939453,28.950000762939453,28.950000762939453,2000,0.0,0.0
2022-11-21 13:00:00+08:00,28.899999618530273,29.0,28.899999618530273,29.0,5000,0.0,0.0
2022-11-22 09:00:00+08:00,29.200000762939453,29.200000762939453,29.0,29.0,0,0.0,0.0
2022-11-22 10:00:00+08:00,29.0,29.0,29.0,29.0,1000,0.0,0.0
2022-11-22 11:00:00+08:00,29.0,29.0,29.0,29.0,2000,0.0,0.0
2022-11-22 12:00:00+08:00,29.0,29.0,29.0,29.0,2000,0.0,0.0
2022-11-22 13:00:00+08:00,28.850000381469727,28.850000381469727,28.850000381469727,28.850000381469727,1000,0.0,0.0
2022-11-23 09:00:00+08:00,29.100000381469727,29.100000381469727,29.100000381469727,29.100000381469727,0,0.0,0.0
2022-11-23 10:00:00+08:00,29.049999237060547,29.049999237060547,29.049999237060547,29.049999237060547,1000,0.0,0.0
2022-11-23 11:00:00+08:00,28.899999618530273,29.049999237060547,28.850000381469727,29.0,5000,0.0,0.0
2022-11-23 12:00:00+08:00,28.950000762939453,28.950000762939453,28.950000762939453,28.950000762939453,4000,0.0,0.0
2022-11-23 13:00:00+08:00,28.799999237060547,28.799999237060547,28.799999237060547,28.799999237060547,6000,0.0,0.0
2022-11-24 09:00:00+08:00,28.799999237060547,29.100000381469727,28.799999237060547,29.100000381469727,0,0.0,0.0
2022-11-24 10:00:00+08:00,29.049999237060547,29.049999237060547,28.75,28.75,9000,0.0,0.0
2022-11-24 11:00:00+08:00,28.799999237060547,28.850000381469727,28.799999237060547,28.850000381469727,5000,0.0,0.0
2022-11-24 12:00:00+08:00,28.850000381469727,28.899999618530273,28.850000381469727,28.899999618530273,4000,0.0,0.0
2022-11-24 13:00:00+08:00,29.0,29.0,29.0,29.0,1000,0.0,0.0
2022-11-25 09:00:00+08:00,29.0,29.100000381469727,29.0,29.0,0,0.0,0.0
2022-11-25 10:00:00+08:00,29.0,29.0,29.0,29.0,3000,0.0,0.0
2022-11-25 11:00:00+08:00,28.850000381469727,28.850000381469727,28.850000381469727,28.850000381469727,4000,0.0,0.0
2022-11-25 12:00:00+08:00,28.850000381469727,29.0,28.850000381469727,28.899999618530273,4000,0.0,0.0
2022-11-25 13:00:00+08:00,28.899999618530273,28.899999618530273,28.899999618530273,28.899999618530273,1000,0.0,0.0
2022-11-28 09:00:00+08:00,28.899999618530273,29.100000381469727,28.799999237060547,29.100000381469727,0,0.0,0.0
2022-11-28 12:00:00+08:00,29.0,29.0,29.0,29.0,2000,0.0,0.0
2022-11-28 13:00:00+08:00,29.0,29.0,28.850000381469727,28.850000381469727,4000,0.0,0.0
2022-11-29 09:00:00+08:00,29.100000381469727,29.649999618530273,29.100000381469727,29.649999618530273,0,0.0,0.0
2022-11-29 10:00:00+08:00,29.299999237060547,29.399999618530273,29.100000381469727,29.350000381469727,17000,0.0,0.0
2022-11-29 11:00:00+08:00,29.299999237060547,29.299999237060547,29.299999237060547,29.299999237060547,1000,0.0,0.0
2022-11-29 12:00:00+08:00,29.299999237060547,29.299999237060547,29.25,29.25,2000,0.0,0.0
2022-11-30 09:00:00+08:00,29.149999618530273,29.299999237060547,29.149999618530273,29.299999237060547,0,0.0,0.0
2022-11-30 12:00:00+08:00,29.299999237060547,29.299999237060547,29.299999237060547,29.299999237060547,2000,0.0,0.0
2022-12-01 09:00:00+08:00,29.5,29.600000381469727,29.299999237060547,29.399999618530273,1000,0.0,0.0
2022-12-01 10:00:00+08:00,29.299999237060547,29.399999618530273,29.299999237060547,29.399999618530273,4000,0.0,0.0
2022-12-01 11:00:00+08:00,29.299999237060547,29.299999237060547,29.299999237060547,29.299999237060547,3018,0.0,0.0
2022-12-01 12:00:00+08:00,29.100000381469727,29.100000381469727,29.100000381469727,29.100000381469727,1000,0.0,0.0
2022-12-01 13:00:00+08:00,29.100000381469727,29.100000381469727,29.100000381469727,29.100000381469727,2000,0.0,0.0
2022-12-02 09:00:00+08:00,29.200000762939453,29.299999237060547,29.100000381469727,29.100000381469727,0,0.0,0.0
2022-12-02 10:00:00+08:00,29.299999237060547,29.299999237060547,29.299999237060547,29.299999237060547,2000,0.0,0.0
2022-12-02 11:00:00+08:00,29.299999237060547,29.299999237060547,29.299999237060547,29.299999237060547,4000,0.0,0.0
2022-12-02 12:00:00+08:00,29.299999237060547,29.299999237060547,29.100000381469727,29.100000381469727,11000,0.0,0.0
2022-12-02 13:00:00+08:00,29.299999237060547,29.399999618530273,29.299999237060547,29.399999618530273,3000,0.0,0.0
2022-12-05 09:00:00+08:00,29.399999618530273,29.450000762939453,29.399999618530273,29.399999618530273,0,0.0,0.0
2022-12-05 10:00:00+08:00,29.399999618530273,29.450000762939453,29.0,29.0,33000,0.0,0.0
2022-12-05 11:00:00+08:00,29.049999237060547,29.100000381469727,28.850000381469727,29.100000381469727,20000,0.0,0.0
2022-12-05 12:00:00+08:00,29.100000381469727,29.100000381469727,29.100000381469727,29.100000381469727,1000,0.0,0.0
2022-12-05 13:00:00+08:00,29.149999618530273,29.149999618530273,29.149999618530273,29.149999618530273,1000,0.0,0.0
2022-12-06 09:00:00+08:00,29.200000762939453,29.25,29.0,29.049999237060547,0,0.0,0.0
2022-12-06 11:00:00+08:00,29.100000381469727,29.100000381469727,29.100000381469727,29.100000381469727,1000,0.0,0.0
2022-12-06 12:00:00+08:00,29.100000381469727,29.149999618530273,29.100000381469727,29.149999618530273,6000,0.0,0.0
2022-12-06 13:00:00+08:00,29.049999237060547,29.100000381469727,29.049999237060547,29.100000381469727,6000,0.0,0.0
2022-12-07 09:00:00+08:00,29.100000381469727,29.200000762939453,29.049999237060547,29.149999618530273,0,0.0,0.0
2022-12-07 10:00:00+08:00,29.100000381469727,29.100000381469727,29.0,29.0,4000,0.0,0.0
2022-12-07 11:00:00+08:00,29.0,29.0,29.0,29.0,1000,0.0,0.0
2022-12-07 12:00:00+08:00,29.0,29.0,28.850000381469727,28.850000381469727,5000,0.0,0.0
2022-12-07 13:00:00+08:00,28.850000381469727,29.0,28.850000381469727,29.0,4000,0.0,0.0
2022-12-08 09:00:00+08:00,29.0,29.0,28.799999237060547,28.799999237060547,0,0.0,0.0
2022-12-08 10:00:00+08:00,28.799999237060547,28.799999237060547,28.799999237060547,28.799999237060547,6000,0.0,0.0
2022-12-08 11:00:00+08:00,29.0,29.0,29.0,29.0,2000,0.0,0.0
2022-12-09 09:00:00+08:00,28.799999237060547,29.200000762939453,28.799999237060547,28.799999237060547,10000,0.0,0.0
2022-12-09 11:00:00+08:00,28.850000381469727,28.850000381469727,28.850000381469727,28.850000381469727,3000,0.0,0.0
2022-12-09 12:00:00+08:00,28.799999237060547,28.799999237060547,28.799999237060547,28.799999237060547,8000,0.0,0.0
2022-12-09 13:00:00+08:00,28.850000381469727,28.850000381469727,28.850000381469727,28.850000381469727,1000,0.0,0.0
2022-12-12 09:00:00+08:00,29.600000381469727,29.600000381469727,29.200000762939453,29.200000762939453,0,0.0,0.0
2022-12-12 10:00:00+08:00,29.200000762939453,29.200000762939453,29.200000762939453,29.200000762939453,1000,0.0,0.0
2022-12-12 12:00:00+08:00,28.850000381469727,28.850000381469727,28.850000381469727,28.850000381469727,0,0.0,0.0
2022-12-12 13:00:00+08:00,29.049999237060547,29.049999237060547,29.049999237060547,29.049999237060547,13000,0.0,0.0
2022-12-13 09:00:00+08:00,28.850000381469727,28.899999618530273,28.75,28.899999618530273,7000,0.0,0.0
2022-12-13 11:00:00+08:00,28.799999237060547,28.799999237060547,28.799999237060547,28.799999237060547,4000,0.0,0.0
2022-12-13 12:00:00+08:00,28.799999237060547,28.799999237060547,28.799999237060547,28.799999237060547,8000,0.0,0.0
2022-12-13 13:00:00+08:00,28.950000762939453,28.950000762939453,28.799999237060547,28.799999237060547,9000,0.0,0.0
2022-12-14 09:00:00+08:00,29.149999618530273,29.299999237060547,28.899999618530273,29.100000381469727,0,0.0,0.0
2022-12-14 10:00:00+08:00,29.0,29.0,28.899999618530273,28.899999618530273,2000,0.0,0.0
2022-12-14 11:00:00+08:00,28.899999618530273,28.899999618530273,28.850000381469727,28.850000381469727,5000,0.0,0.0
2022-12-14 12:00:00+08:00,28.899999618530273,28.899999618530273,28.850000381469727,28.850000381469727,10000,0.0,0.0
2022-12-14 13:00:00+08:00,28.899999618530273,28.899999618530273,28.850000381469727,28.850000381469727,4000,0.0,0.0
2022-12-15 09:00:00+08:00,29.100000381469727,29.100000381469727,29.100000381469727,29.100000381469727,0,0.0,0.0
2022-12-15 10:00:00+08:00,28.899999618530273,28.899999618530273,28.899999618530273,28.899999618530273,2000,0.0,0.0
2022-12-15 11:00:00+08:00,28.850000381469727,28.850000381469727,28.850000381469727,28.850000381469727,4000,0.0,0.0
2022-12-15 12:00:00+08:00,28.850000381469727,28.850000381469727,28.799999237060547,28.850000381469727,23000,0.0,0.0
2022-12-15 13:00:00+08:00,28.850000381469727,28.850000381469727,28.850000381469727,28.850000381469727,5000,0.0,0.0
2022-12-16 09:00:00+08:00,29.0,29.100000381469727,29.0,29.100000381469727,0,0.0,0.0
2022-12-16 11:00:00+08:00,28.799999237060547,28.799999237060547,28.75,28.799999237060547,11000,0.0,0.0
2022-12-19 09:00:00+08:00,28.75,29.0,28.75,29.0,0,0.0,0.0
2022-12-19 11:00:00+08:00,28.850000381469727,28.850000381469727,28.850000381469727,28.850000381469727,3000,0.0,0.0
2022-12-19 13:00:00+08:00,28.799999237060547,28.799999237060547,28.75,28.75,6000,0.0,0.0
2022-12-20 09:00:00+08:00,28.799999237060547,28.799999237060547,28.799999237060547,28.799999237060547,0,0.0,0.0
2022-12-20 10:00:00+08:00,28.799999237060547,28.799999237060547,28.799999237060547,28.799999237060547,1000,0.0,0.0
2022-12-20 11:00:00+08:00,28.799999237060547,28.899999618530273,28.75,28.75,16000,0.0,0.0
2022-12-20 12:00:00+08:00,28.700000762939453,28.799999237060547,28.700000762939453,28.799999237060547,10000,0.0,0.0
2022-12-20 13:00:00+08:00,28.649999618530273,28.649999618530273,28.600000381469727,28.600000381469727,5000,0.0,0.0
2022-12-21 09:00:00+08:00,28.649999618530273,29.299999237060547,28.649999618530273,29.200000762939453,0,0.0,0.0
2022-12-21 10:00:00+08:00,28.75,28.75,28.75,28.75,2000,0.0,0.0
2022-12-21 11:00:00+08:00,28.700000762939453,28.799999237060547,28.700000762939453,28.700000762939453,12000,0.0,0.0
2022-12-21 12:00:00+08:00,28.700000762939453,28.700000762939453,28.649999618530273,28.649999618530273,6000,0.0,0.0
2022-12-21 13:00:00+08:00,28.649999618530273,28.649999618530273,28.649999618530273,28.649999618530273,3000,0.0,0.0
2022-12-22 09:00:00+08:00,28.799999237060547,29.100000381469727,28.799999237060547,29.100000381469727,0,0.0,0.0
2022-12-22 10:00:00+08:00,28.799999237060547,28.799999237060547,28.799999237060547,28.799999237060547,2000,0.0,0.0
2022-12-22 11:00:00+08:00,28.799999237060547,28.799999237060547,28.799999237060547,28.799999237060547,5000,0.0,0.0
2022-12-22 13:00:00+08:00,28.799999237060547,28.799999237060547,28.799999237060547,28.799999237060547,2000,0.0,0.0
2022-12-23 09:00:00+08:00,29.0,29.0,28.75,28.75,0,0.0,0.0
2022-12-23 10:00:00+08:00,28.799999237060547,28.799999237060547,28.799999237060547,28.799999237060547,1000,0.0,0.0
2022-12-23 11:00:00+08:00,29.0,29.0,29.0,29.0,2000,0.0,0.0
2022-12-23 13:00:00+08:00,28.799999237060547,28.799999237060547,28.75,28.75,3000,0.0,0.0
2022-12-26 10:00:00+08:00,29.0,29.0,28.850000381469727,28.850000381469727,2000,0.0,0.0
2022-12-26 11:00:00+08:00,29.0,29.0,28.899999618530273,28.899999618530273,9000,0.0,0.0
2022-12-26 12:00:00+08:00,28.799999237060547,28.799999237060547,28.799999237060547,28.799999237060547,1000,0.0,0.0
2022-12-27 09:00:00+08:00,29.649999618530273,29.649999618530273,28.799999237060547,28.799999237060547,0,0.0,0.0
2022-12-27 10:00:00+08:00,28.899999618530273,28.899999618530273,28.899999618530273,28.899999618530273,1000,0.0,0.0
2022-12-27 11:00:00+08:00,28.850000381469727,28.850000381469727,28.799999237060547,28.799999237060547,7000,0.0,0.0
2022-12-27 12:00:00+08:00,28.799999237060547,28.799999237060547,28.75,28.75,10000,0.0,0.0
2022-12-28 09:00:00+08:00,28.799999237060547,28.799999237060547,28.799999237060547,28.799999237060547,0,0.0,0.0
2022-12-28 10:00:00+08:00,28.450000762939453,28.799999237060547,28.450000762939453,28.799999237060547,6000,0.0,0.0
2022-12-28 13:00:00+08:00,28.649999618530273,28.649999618530273,28.600000381469727,28.649999618530273,4000,0.0,0.0
2022-12-29 09:00:00+08:00,28.700000762939453,28.700000762939453,28.700000762939453,28.700000762939453,0,0.0,0.0
2022-12-29 11:00:00+08:00,28.649999618530273,28.649999618530273,28.649999618530273,28.649999618530273,8028,0.0,0.0
2022-12-29 12:00:00+08:00,28.649999618530273,28.649999618530273,28.649999618530273,28.649999618530273,2000,0.0,0.0
2022-12-30 09:00:00+08:00,28.700000762939453,28.700000762939453,28.700000762939453,28.700000762939453,0,0.0,0.0
2022-12-30 12:00:00+08:00,28.649999618530273,28.649999618530273,28.649999618530273,28.649999618530273,2000,0.0,0.0
2022-12-30 13:00:00+08:00,28.649999618530273,28.649999618530273,28.600000381469727,28.600000381469727,3000,0.0,0.0
2023-01-03 09:00:00+08:00,28.600000381469727,28.75,28.600000381469727,28.700000762939453,0,0.0,0.0
2023-01-03 11:00:00+08:00,28.649999618530273,28.649999618530273,28.649999618530273,28.649999618530273,3000,0.0,0.0
2023-01-03 12:00:00+08:00,28.649999618530273,28.700000762939453,28.649999618530273,28.700000762939453,10000,0.0,0.0
2023-01-03 13:00:00+08:00,28.649999618530273,28.649999618530273,28.649999618530273,28.649999618530273,4000,0.0,0.0
2023-01-04 09:00:00+08:00,28.600000381469727,28.700000762939453,28.549999237060547,28.700000762939453,0,0.0,0.0
2023-01-04 10:00:00+08:00,28.700000762939453,28.700000762939453,28.600000381469727,28.600000381469727,7015,0.0,0.0
2023-01-04 11:00:00+08:00,28.600000381469727,28.600000381469727,28.600000381469727,28.600000381469727,3000,0.0,0.0
2023-01-04 12:00:00+08:00,28.549999237060547,28.549999237060547,28.549999237060547,28.549999237060547,7000,0.0,0.0
2023-01-04 13:00:00+08:00,28.549999237060547,28.549999237060547,28.549999237060547,28.549999237060547,1000,0.0,0.0
2023-01-05 09:00:00+08:00,28.600000381469727,28.75,28.600000381469727,28.75,0,0.0,0.0
2023-01-05 10:00:00+08:00,28.700000762939453,28.700000762939453,28.649999618530273,28.649999618530273,7056,0.0,0.0
2023-01-05 12:00:00+08:00,28.649999618530273,28.700000762939453,28.649999618530273,28.700000762939453,4000,0.0,0.0
2023-01-05 13:00:00+08:00,28.649999618530273,28.649999618530273,28.600000381469727,28.600000381469727,5000,0.0,0.0
2023-01-06 09:00:00+08:00,28.649999618530273,28.700000762939453,28.649999618530273,28.700000762939453,0,0.0,0.0
2023-01-06 10:00:00+08:00,28.649999618530273,28.649999618530273,28.649999618530273,28.649999618530273,3000,0.0,0.0
2023-01-06 11:00:00+08:00,28.600000381469727,28.600000381469727,28.600000381469727,28.600000381469727,3000,0.0,0.0
2023-01-06 12:00:00+08:00,28.600000381469727,28.600000381469727,28.600000381469727,28.600000381469727,3000,0.0,0.0
2023-01-09 09:00:00+08:00,28.649999618530273,28.649999618530273,28.600000381469727,28.649999618530273,0,0.0,0.0
2023-01-09 10:00:00+08:00,28.649999618530273,28.649999618530273,28.649999618530273,28.649999618530273,5000,0.0,0.0
2023-01-09 11:00:00+08:00,28.700000762939453,28.700000762939453,28.600000381469727,28.600000381469727,10000,0.0,0.0
2023-01-09 12:00:00+08:00,28.600000381469727,28.600000381469727,28.600000381469727,28.600000381469727,1000,0.0,0.0
2023-01-10 09:00:00+08:00,28.649999618530273,28.649999618530273,28.600000381469727,28.649999618530273,0,0.0,0.0
2023-01-10 10:00:00+08:00,28.649999618530273,28.649999618530273,28.600000381469727,28.600000381469727,6000,0.0,0.0
2023-01-10 11:00:00+08:00,28.600000381469727,28.600000381469727,28.600000381469727,28.600000381469727,2000,0.0,0.0
2023-01-10 12:00:00+08:00,28.649999618530273,28.649999618530273,28.649999618530273,28.649999618530273,3000,0.0,0.0
2023-01-10 13:00:00+08:00,28.600000381469727,28.600000381469727,28.600000381469727,28.600000381469727,1000,0.0,0.0
2023-01-11 09:00:00+08:00,28.649999618530273,28.649999618530273,28.600000381469727,28.600000381469727,0,0.0,0.0
2023-01-11 10:00:00+08:00,28.600000381469727,28.600000381469727,28.549999237060547,28.549999237060547,3000,0.0,0.0
2023-01-11 12:00:00+08:00,28.600000381469727,28.600000381469727,28.600000381469727,28.600000381469727,5000,0.0,0.0
2023-01-11 13:00:00+08:00,28.549999237060547,28.549999237060547,28.5,28.549999237060547,11100,0.0,0.0
2023-01-12 09:00:00+08:00,28.600000381469727,28.600000381469727,28.600000381469727,28.600000381469727,0,0.0,0.0
2023-01-12 11:00:00+08:00,28.600000381469727,28.600000381469727,28.600000381469727,28.600000381469727,6000,0.0,0.0
2023-01-12 12:00:00+08:00,28.600000381469727,28.600000381469727,28.549999237060547,28.549999237060547,8191,0.0,0.0
2023-01-12 13:00:00+08:00,28.549999237060547,28.549999237060547,28.549999237060547,28.549999237060547,3009,0.0,0.0
2023-01-13 09:00:00+08:00,28.600000381469727,29.149999618530273,28.600000381469727,29.149999618530273,0,0.0,0.0
2023-01-13 10:00:00+08:00,28.649999618530273,28.649999618530273,28.600000381469727,28.600000381469727,8200,0.0,0.0
2023-01-13 11:00:00+08:00,28.549999237060547,28.600000381469727,28.549999237060547,28.549999237060547,4000,0.0,0.0
2023-01-13 12:00:00+08:00,28.5,28.5,28.5,28.5,2000,0.0,0.0
2023-01-13 13:00:00+08:00,28.450000762939453,28.649999618530273,28.25,28.649999618530273,12000,0.0,0.0
2023-01-16 09:00:00+08:00,28.649999618530273,28.75,28.299999237060547,28.600000381469727,0,0.0,0.0
2023-01-16 10:00:00+08:00,28.399999618530273,28.399999618530273,28.399999618530273,28.399999618530273,4000,0.0,0.0
2023-01-16 11:00:00+08:00,28.600000381469727,28.600000381469727,28.5,28.5,3000,0.0,0.0
2023-01-16 13:00:00+08:00,28.549999237060547,28.549999237060547,28.5,28.549999237060547,6000,0.0,0.0
2023-01-17 09:00:00+08:00,28.549999237060547,28.600000381469727,28.399999618530273,28.549999237060547,0,0.0,0.0
2023-01-17 10:00:00+08:00,28.450000762939453,28.549999237060547,28.399999618530273,28.450000762939453,6000,0.0,0.0
2023-01-17 11:00:00+08:00,28.399999618530273,28.399999618530273,28.200000762939453,28.200000762939453,17000,0.0,0.0
2023-01-17 12:00:00+08:00,28.299999237060547,28.299999237060547,28.299999237060547,28.299999237060547,2000,0.0,0.0
2023-01-17 13:00:00+08:00,28.25,28.299999237060547,28.200000762939453,28.299999237060547,5000,0.0,0.0
2023-01-30 09:00:00+08:00,28.5,28.600000381469727,28.5,28.600000381469727,0,0.0,0.0
2023-01-30 10:00:00+08:00,28.399999618530273,28.399999618530273,28.399999618530273,28.399999618530273,1000,0.0,0.0
2023-01-30 11:00:00+08:00,28.399999618530273,28.399999618530273,28.399999618530273,28.399999618530273,2000,0.0,0.0
2023-01-30 12:00:00+08:00,28.600000381469727,28.700000762939453,28.600000381469727,28.700000762939453,11000,0.0,0.0
2023-01-31 09:00:00+08:00,28.700000762939453,28.75,28.649999618530273,28.700000762939453,0,0.0,0.0
2023-01-31 10:00:00+08:00,28.649999618530273,28.649999618530273,28.649999618530273,28.649999618530273,4000,0.0,0.0
2023-01-31 11:00:00+08:00,28.600000381469727,28.600000381469727,28.299999237060547,28.399999618530273,21000,0.0,0.0
2023-01-31 12:00:00+08:00,28.399999618530273,28.450000762939453,28.399999618530273,28.450000762939453,6000,0.0,0.0
2023-01-31 13:00:00+08:00,28.549999237060547,28.549999237060547,28.549999237060547,28.549999237060547,3000,0.0,0.0
2023-02-01 09:00:00+08:00,28.600000381469727,28.600000381469727,28.5,28.5,0,0.0,0.0
2023-02-01 10:00:00+08:00,28.450000762939453,28.5,28.399999618530273,28.399999618530273,13000,0.0,0.0
2023-02-01 11:00:00+08:00,28.399999618530273,28.399999618530273,28.399999618530273,28.399999618530273,6982,0.0,0.0
2023-02-01 13:00:00+08:00,28.450000762939453,28.5,28.399999618530273,28.5,3000,0.0,0.0
2023-02-02 09:00:00+08:00,28.600000381469727,28.649999618530273,28.450000762939453,28.600000381469727,0,0.0,0.0
2023-02-02 10:00:00+08:00,28.450000762939453,28.450000762939453,28.450000762939453,28.450000762939453,1000,0.0,0.0
2023-02-02 11:00:00+08:00,28.600000381469727,28.600000381469727,28.600000381469727,28.600000381469727,8000,0.0,0.0
2023-02-02 12:00:00+08:00,28.600000381469727,28.600000381469727,28.600000381469727,28.600000381469727,3000,0.0,0.0
2023-02-02 13:00:00+08:00,28.600000381469727,28.600000381469727,28.600000381469727,28.600000381469727,10000,0.0,0.0
2023-02-03 09:00:00+08:00,28.600000381469727,28.600000381469727,28.549999237060547,28.549999237060547,0,0.0,0.0
2023-02-03 10:00:00+08:00,28.549999237060547,28.549999237060547,28.549999237060547,28.549999237060547,3000,0.0,0.0
2023-02-03 11:00:00+08:00,28.5,28.5,28.5,28.5,3000,0.0,0.0
2023-02-03 12:00:00+08:00,28.600000381469727,28.600000381469727,28.600000381469727,28.600000381469727,5000,0.0,0.0
2023-02-03 13:00:00+08:00,28.600000381469727,28.600000381469727,28.600000381469727,28.600000381469727,4000,0.0,0.0
2023-02-06 09:00:00+08:00,28.649999618530273,28.700000762939453,28.649999618530273,28.700000762939453,0,0.0,0.0
2023-02-06 10:00:00+08:00,28.700000762939453,28.700000762939453,28.700000762939453,28.700000762939453,2000,0.0,0.0
2023-02-06 11:00:00+08:00,28.649999618530273,28.649999618530273,28.5,28.5,20000,0.0,0.0
2023-02-06 12:00:00+08:00,28.5,28.5,28.5,28.5,1000,0.0,0.0
2023-02-06 13:00:00+08:00,28.549999237060547,28.549999237060547,28.549999237060547,28.549999237060547,1000,0.0,0.0
2023-02-07 09:00:00+08:00,28.649999618530273,28.799999237060547,28.649999618530273,28.799999237060547,0,0.0,0.0
2023-02-07 11:00:00+08:00,28.700000762939453,28.75,28.700000762939453,28.75,5000,0.0,0.0
2023-02-07 12:00:00+08:00,28.700000762939453,28.700000762939453,28.700000762939453,28.700000762939453,5000,0.0,0.0
2023-02-07 13:00:00+08:00,28.700000762939453,28.700000762939453,28.700000762939453,28.700000762939453,1000,0.0,0.0
2023-02-08 09:00:00+08:00,28.700000762939453,28.75,28.5,28.75,0,0.0,0.0
2023-02-08 10:00:00+08:00,28.700000762939453,28.700000762939453,28.649999618530273,28.700000762939453,14000,0.0,0.0
2023-02-08 11:00:00+08:00,28.700000762939453,28.700000762939453,28.700000762939453,28.700000762939453,11642,0.0,0.0
2023-02-08 12:00:00+08:00,28.700000762939453,28.700000762939453,28.700000762939453,28.700000762939453,1000,0.0,0.0
2023-02-08 13:00:00+08:00,28.649999618530273,28.649999618530273,28.450000762939453,28.5,32026,0.0,0.0
2023-02-09 09:00:00+08:00,28.600000381469727,28.75,28.600000381469727,28.649999618530273,0,0.0,0.0
2023-02-09 10:00:00+08:00,28.600000381469727,28.600000381469727,28.549999237060547,28.549999237060547,2006,0.0,0.0
2023-02-09 11:00:00+08:00,28.5,28.5,28.5,28.5,3100,0.0,0.0
2023-02-09 12:00:00+08:00,28.549999237060547,28.549999237060547,28.450000762939453,28.450000762939453,11000,0.0,0.0
2023-02-09 13:00:00+08:00,28.549999237060547,28.549999237060547,28.549999237060547,28.549999237060547,2000,0.0,0.0
2023-02-10 09:00:00+08:00,28.600000381469727,28.600000381469727,28.600000381469727,28.600000381469727,0,0.0,0.0
2023-02-10 10:00:00+08:00,28.549999237060547,28.549999237060547,28.549999237060547,28.549999237060547,2000,0.0,0.0
2023-02-10 11:00:00+08:00,28.549999237060547,28.700000762939453,28.549999237060547,28.700000762939453,22000,0.0,0.0
2023-02-10 12:00:00+08:00,28.700000762939453,28.75,28.700000762939453,28.75,3000,0.0,0.0
2023-02-10 13:00:00+08:00,28.600000381469727,28.600000381469727,28.600000381469727,28.600000381469727,1000,0.0,0.0
2023-02-13 09:00:00+08:00,28.649999618530273,28.700000762939453,28.600000381469727,28.700000762939453,0,0.0,0.0
2023-02-13 11:00:00+08:00,28.649999618530273,28.649999618530273,28.549999237060547,28.549999237060547,7000,0.0,0.0
2023-02-13 12:00:00+08:00,28.649999618530273,28.649999618530273,28.649999618530273,28.649999618530273,10000,0.0,0.0
2023-02-13 13:00:00+08:00,28.600000381469727,28.649999618530273,28.600000381469727,28.649999618530273,2000,0.0,0.0
2023-02-14 09:00:00+08:00,28.799999237060547,28.899999618530273,28.799999237060547,28.899999618530273,0,0.0,0.0
2023-02-14 10:00:00+08:00,28.700000762939453,28.700000762939453,28.700000762939453,28.700000762939453,3000,0.0,0.0
2023-02-14 11:00:00+08:00,28.700000762939453,28.700000762939453,28.700000762939453,28.700000762939453,7000,0.0,0.0
2023-02-14 12:00:00+08:00,28.799999237060547,28.799999237060547,28.799999237060547,28.799999237060547,3000,0.0,0.0
2023-02-15 09:00:00+08:00,28.799999237060547,28.799999237060547,28.799999237060547,28.799999237060547,0,0.0,0.0
2023-02-15 10:00:00+08:00,28.799999237060547,28.799999237060547,28.700000762939453,28.700000762939453,4000,0.0,0.0
2023-02-15 11:00:00+08:00,28.700000762939453,28.700000762939453,28.700000762939453,28.700000762939453,2000,0.0,0.0
2023-02-15 12:00:00+08:00,28.700000762939453,28.700000762939453,28.700000762939453,28.700000762939453,5000,0.0,0.0
2023-02-15 13:00:00+08:00,28.799999237060547,28.799999237060547,28.799999237060547,28.799999237060547,4000,0.0,0.0
2023-02-16 09:00:00+08:00,28.700000762939453,28.75,28.700000762939453,28.700000762939453,0,0.0,0.0
2023-02-16 11:00:00+08:00,28.700000762939453,28.700000762939453,28.700000762939453,28.700000762939453,3099,0.0,0.0
2023-02-16 12:00:00+08:00,28.700000762939453,28.75,28.700000762939453,28.75,7000,0.0,0.0
2023-02-16 13:00:00+08:00,28.75,28.75,28.75,28.75,4000,0.0,0.0
2023-02-17 09:00:00+08:00,28.75,28.850000381469727,28.75,28.850000381469727,0,0.0,0.0
2023-02-17 10:00:00+08:00,28.799999237060547,28.799999237060547,28.799999237060547,28.799999237060547,1000,0.0,0.0
2023-02-17 11:00:00+08:00,28.700000762939453,28.799999237060547,28.700000762939453,28.799999237060547,3000,0.0,0.0
2023-02-17 12:00:00+08:00,28.75,28.75,28.75,28.75,5000,0.0,0.0
2023-02-17 13:00:00+08:00,28.75,28.75,28.75,28.75,2000,0.0,0.0
2023-02-20 09:00:00+08:00,28.799999237060547,28.799999237060547,28.700000762939453,28.799999237060547,10000,0.0,0.0
2023-02-20 10:00:00+08:00,28.75,28.799999237060547,28.649999618530273,28.649999618530273,8000,0.0,0.0
2023-02-20 11:00:00+08:00,28.75,28.75,28.600000381469727,28.700000762939453,16000,0.0,0.0
2023-02-20 12:00:00+08:00,28.700000762939453,28.700000762939453,28.700000762939453,28.700000762939453,2000,0.0,0.0
2023-02-20 13:00:00+08:00,28.649999618530273,28.649999618530273,28.649999618530273,28.649999618530273,1000,0.0,0.0
2023-02-21 09:00:00+08:00,28.700000762939453,28.75,28.700000762939453,28.700000762939453,0,0.0,0.0
2023-02-21 10:00:00+08:00,28.75,30.0,28.75,29.799999237060547,61031,0.0,0.0
2023-02-21 11:00:00+08:00,29.799999237060547,29.799999237060547,29.399999618530273,29.399999618530273,11020,0.0,0.0
2023-02-21 12:00:00+08:00,29.399999618530273,29.399999618530273,29.399999618530273,29.399999618530273,2000,0.0,0.0
2023-02-21 13:00:00+08:00,29.399999618530273,29.399999618530273,29.399999618530273,29.399999618530273,3000,0.0,0.0
2023-02-22 09:00:00+08:00,29.700000762939453,29.700000762939453,29.399999618530273,29.399999618530273,0,0.0,0.0
2023-02-22 10:00:00+08:00,29.399999618530273,29.399999618530273,29.399999618530273,29.399999618530273,5000,0.0,0.0
2023-02-22 11:00:00+08:00,29.399999618530273,29.399999618530273,29.399999618530273,29.399999618530273,5118,0.0,0.0
2023-02-22 12:00:00+08:00,29.350000381469727,29.350000381469727,29.350000381469727,29.350000381469727,3000,0.0,0.0
2023-02-22 13:00:00+08:00,29.299999237060547,29.350000381469727,29.299999237060547,29.350000381469727,3000,0.0,0.0
2023-02-23 09:00:00+08:00,29.200000762939453,29.200000762939453,28.899999618530273,29.0,5870,0.0,0.0
2023-02-23 11:00:00+08:00,29.0,29.0,29.0,29.0,5000,0.0,0.0
2023-02-23 12:00:00+08:00,29.0,29.0,29.0,29.0,2000,0.0,0.0
2023-02-23 13:00:00+08:00,29.0,29.0,28.950000762939453,28.950000762939453,4000,0.0,0.0
2023-02-24 09:00:00+08:00,29.0,29.0,28.950000762939453,28.950000762939453,0,0.0,0.0
2023-02-24 10:00:00+08:00,28.950000762939453,28.950000762939453,28.950000762939453,28.950000762939453,2000,0.0,0.0
2023-02-24 11:00:00+08:00,29.0,29.0,29.0,29.0,8000,0.0,0.0
2023-02-24 12:00:00+08:00,29.0,29.0,29.0,29.0,1340,0.0,0.0
2023-02-24 13:00:00+08:00,28.950000762939453,28.950000762939453,28.899999618530273,28.899999618530273,13000,0.0,0.0
2023-03-01 09:00:00+08:00,29.0,29.100000381469727,29.0,29.100000381469727,0,0.0,0.0
2023-03-01 10:00:00+08:00,29.149999618530273,29.149999618530273,29.149999618530273,29.149999618530273,6000,0.0,0.0
2023-03-01 11:00:00+08:00,29.100000381469727,29.100000381469727,29.049999237060547,29.049999237060547,5000,0.0,0.0
2023-03-01 13:00:00+08:00,29.049999237060547,29.049999237060547,29.049999237060547,29.049999237060547,3000,0.0,0.0
2023-03-02 09:00:00+08:00,29.0,29.0,28.950000762939453,28.950000762939453,0,0.0,0.0
2023-03-02 10:00:00+08:00,28.899999618530273,28.950000762939453,28.850000381469727,28.850000381469727,14009,0.0,0.0
2023-03-02 12:00:00+08:00,28.950000762939453,28.950000762939453,28.950000762939453,28.950000762939453,5000,0.0,0.0
2023-03-03 09:00:00+08:00,29.0,29.149999618530273,28.850000381469727,28.950000762939453,0,0.0,0.0
2023-03-03 10:00:00+08:00,29.049999237060547,29.049999237060547,29.049999237060547,29.049999237060547,4000,0.0,0.0
2023-03-03 11:00:00+08:00,29.049999237060547,29.100000381469727,29.0,29.0,4000,0.0,0.0
2023-03-03 12:00:00+08:00,29.200000762939453,29.200000762939453,29.0,29.0,10000,0.0,0.0
2023-03-03 13:00:00+08:00,29.049999237060547,29.049999237060547,29.049999237060547,29.049999237060547,1000,0.0,0.0
2023-03-06 09:00:00+08:00,29.0,29.75,29.0,29.450000762939453,0,0.0,0.0
2023-03-06 10:00:00+08:00,29.399999618530273,29.399999618530273,29.399999618530273,29.399999618530273,2000,0.0,0.0
2023-03-06 11:00:00+08:00,29.350000381469727,29.450000762939453,29.350000381469727,29.399999618530273,24000,0.0,0.0
2023-03-06 12:00:00+08:00,29.450000762939453,29.450000762939453,29.399999618530273,29.450000762939453,7000,0.0,0.0
2023-03-06 13:00:00+08:00,29.5,29.5,29.450000762939453,29.5,7155,0.0,0.0
2023-03-07 09:00:00+08:00,29.100000381469727,29.850000381469727,29.100000381469727,29.75,0,0.0,0.0
2023-03-07 10:00:00+08:00,29.649999618530273,29.649999618530273,29.649999618530273,29.649999618530273,6463,0.0,0.0
2023-03-07 11:00:00+08:00,29.649999618530273,29.649999618530273,29.649999618530273,29.649999618530273,4000,0.0,0.0
2023-03-07 12:00:00+08:00,29.600000381469727,29.600000381469727,29.549999237060547,29.549999237060547,16000,0.0,0.0
2023-03-07 13:00:00+08:00,29.600000381469727,29.649999618530273,29.549999237060547,29.549999237060547,4000,0.0,0.0
2023-03-08 09:00:00+08:00,29.700000762939453,29.799999237060547,29.700000762939453,29.75,0,0.0,0.0
2023-03-08 10:00:00+08:00,29.799999237060547,30.600000381469727,29.799999237060547,30.200000762939453,50000,0.0,0.0
2023-03-08 11:00:00+08:00,30.200000762939453,30.200000762939453,30.200000762939453,30.200000762939453,3000,0.0,0.0
2023-03-08 12:00:00+08:00,30.149999618530273,30.25,29.899999618530273,29.899999618530273,23000,0.0,0.0
2023-03-08 13:00:00+08:00,29.899999618530273,30.200000762939453,29.899999618530273,30.200000762939453,9000,0.0,0.0
2023-03-09 09:00:00+08:00,30.100000381469727,30.100000381469727,29.899999618530273,29.899999618530273,0,0.0,0.0
2023-03-09 10:00:00+08:00,29.899999618530273,29.899999618530273,29.799999237060547,29.799999237060547,13000,0.0,0.0
2023-03-09 11:00:00+08:00,29.850000381469727,29.950000762939453,29.850000381469727,29.950000762939453,10000,0.0,0.0
2023-03-09 12:00:00+08:00,29.950000762939453,30.0,29.950000762939453,30.0,3000,0.0,0.0
2023-03-09 13:00:00+08:00,29.950000762939453,29.950000762939453,29.950000762939453,29.950000762939453,6000,0.0,0.0
2023-03-10 09:00:00+08:00,30.0,30.299999237060547,29.950000762939453,30.049999237060547,0,0.0,0.0
2023-03-10 10:00:00+08:00,29.950000762939453,29.950000762939453,29.549999237060547,29.75,42000,0.0,0.0
2023-03-10 11:00:00+08:00,29.799999237060547,29.799999237060547,29.5,29.5,16000,0.0,0.0
2023-03-10 12:00:00+08:00,29.5,29.600000381469727,29.5,29.600000381469727,8003,0.0,0.0
2023-03-13 09:00:00+08:00,30.0,30.0,29.75,29.850000381469727,0,0.0,0.0
2023-03-13 10:00:00+08:00,29.899999618530273,30.049999237060547,29.899999618530273,30.049999237060547,6000,0.0,0.0
2023-03-13 11:00:00+08:00,30.0,30.799999237060547,30.0,30.549999237060547,69000,0.0,0.0
2023-03-13 12:00:00+08:00,30.75,31.0,30.700000762939453,30.75,49000,0.0,0.0
2023-03-13 13:00:00+08:00,30.850000381469727,30.850000381469727,30.75,30.75,10000,0.0,0.0
2023-03-14 09:00:00+08:00,30.700000762939453,31.200000762939453,30.549999237060547,31.100000381469727,0,0.0,0.0
2023-03-14 10:00:00+08:00,31.200000762939453,31.25,31.100000381469727,31.100000381469727,27300,0.0,0.0
2023-03-14 11:00:00+08:00,31.100000381469727,31.149999618530273,31.049999237060547,31.149999618530273,13000,0.0,0.0
2023-03-14 12:00:00+08:00,31.149999618530273,31.149999618530273,30.799999237060547,30.799999237060547,18098,0.0,0.0
2023-03-14 13:00:00+08:00,30.75,30.950000762939453,30.700000762939453,30.950000762939453,10000,0.0,0.0
2023-03-15 09:00:00+08:00,30.700000762939453,31.25,30.700000762939453,30.950000762939453,0,0.0,0.0
2023-03-15 10:00:00+08:00,30.950000762939453,31.0,30.950000762939453,31.0,6000,0.0,0.0
2023-03-15 11:00:00+08:00,30.950000762939453,31.149999618530273,30.950000762939453,31.100000381469727,18000,0.0,0.0
2023-03-15 12:00:00+08:00,31.100000381469727,31.100000381469727,31.049999237060547,31.100000381469727,15000,0.0,0.0
2023-03-15 13:00:00+08:00,31.200000762939453,31.200000762939453,31.049999237060547,31.049999237060547,21000,0.0,0.0
2023-03-16 09:00:00+08:00,31.049999237060547,31.049999237060547,30.899999618530273,30.950000762939453,0,0.0,0.0
2023-03-16 10:00:00+08:00,30.950000762939453,31.0,30.950000762939453,31.0,18000,0.0,0.0
2023-03-16 11:00:00+08:00,31.0,31.0,30.549999237060547,30.549999237060547,18000,0.0,0.0
2023-03-16 12:00:00+08:00,30.549999237060547,30.549999237060547,30.299999237060547,30.549999237060547,10000,0.0,0.0
2023-03-16 13:00:00+08:00,30.549999237060547,30.549999237060547,30.399999618530273,30.399999618530273,9000,0.0,0.0
2023-03-17 09:00:00+08:00,30.5,31.0,30.299999237060547,31.0,0,0.0,0.0
2023-03-17 10:00:00+08:00,30.649999618530273,30.850000381469727,30.549999237060547,30.850000381469727,11000,0.0,0.0
2023-03-17 11:00:00+08:00,30.850000381469727,30.850000381469727,30.850000381469727,30.850000381469727,2000,0.0,0.0
2023-03-17 12:00:00+08:00,30.850000381469727,30.899999618530273,30.850000381469727,30.899999618530273,2000,0.0,0.0
2023-03-17 13:00:00+08:00,30.899999618530273,30.899999618530273,30.899999618530273,30.899999618530273,7000,0.0,0.0
2023-03-20 09:00:00+08:00,31.0,31.100000381469727,31.0,31.100000381469727,0,0.0,0.0
2023-03-20 10:00:00+08:00,31.100000381469727,31.200000762939453,31.049999237060547,31.100000381469727,17000,0.0,0.0
2023-03-20 11:00:00+08:00,31.100000381469727,31.200000762939453,31.100000381469727,31.100000381469727,25000,0.0,0.0
2023-03-20 12:00:00+08:00,31.100000381469727,31.200000762939453,31.100000381469727,31.200000762939453,5000,0.0,0.0
2023-03-20 13:00:00+08:00,31.200000762939453,31.25,31.149999618530273,31.25,6000,0.0,0.0
2023-03-21 09:00:00+08:00,31.25,31.5,31.100000381469727,31.149999618530273,0,0.0,0.0
2023-03-21 10:00:00+08:00,31.149999618530273,31.200000762939453,31.149999618530273,31.200000762939453,8000,0.0,0.0
2023-03-21 11:00:00+08:00,31.25,31.299999237060547,31.200000762939453,31.299999237060547,17000,0.0,0.0
2023-03-21 12:00:00+08:00,31.350000381469727,31.350000381469727,31.350000381469727,31.350000381469727,5000,0.0,0.0
2023-03-21 13:00:00+08:00,31.350000381469727,31.350000381469727,31.350000381469727,31.350000381469727,2000,0.0,0.0
2023-03-22 09:00:00+08:00,31.600000381469727,31.600000381469727,31.450000762939453,31.450000762939453,0,0.0,0.0
2023-03-22 10:00:00+08:00,31.5,31.600000381469727,31.450000762939453,31.600000381469727,17000,0.0,0.0
2023-03-22 11:00:00+08:00,31.600000381469727,31.649999618530273,31.5,31.5,8001,0.0,0.0
2023-03-22 12:00:00+08:00,31.549999237060547,31.549999237060547,31.549999237060547,31.549999237060547,1000,0.0,0.0
2023-03-22 13:00:00+08:00,31.5,31.649999618530273,31.5,31.649999618530273,22000,0.0,0.0
2023-03-23 09:00:00+08:00,31.700000762939453,31.700000762939453,31.399999618530273,31.450000762939453,0,0.0,0.0
2023-03-23 10:00:00+08:00,31.450000762939453,31.700000762939453,31.450000762939453,31.700000762939453,7000,0.0,0.0
2023-03-23 11:00:00+08:00,31.5,31.5,31.450000762939453,31.450000762939453,7000,0.0,0.0
2023-03-23 12:00:00+08:00,31.600000381469727,31.649999618530273,31.5,31.5,10000,0.0,0.0
2023-03-23 13:00:00+08:00,31.549999237060547,31.549999237060547,31.149999618530273,31.200000762939453,45000,0.0,0.0
2023-03-24 09:00:00+08:00,31.600000381469727,31.649999618530273,30.75,31.299999237060547,47073,0.0,0.0
2023-03-24 10:00:00+08:00,31.399999618530273,31.399999618530273,31.149999618530273,31.299999237060547,46000,0.0,0.0
2023-03-24 11:00:00+08:00,31.299999237060547,31.299999237060547,31.100000381469727,31.299999237060547,24060,0.0,0.0
2023-03-24 12:00:00+08:00,31.299999237060547,31.399999618530273,31.149999618530273,31.149999618530273,14126,0.0,0.0
2023-03-24 13:00:00+08:00,31.149999618530273,31.149999618530273,31.100000381469727,31.100000381469727,17000,0.0,0.0
2023-03-27 09:00:00+08:00,31.100000381469727,31.100000381469727,30.799999237060547,31.0,0,0.0,0.0
2023-03-27 10:00:00+08:00,31.049999237060547,31.049999237060547,31.0,31.0,11000,0.0,0.0
2023-03-27 11:00:00+08:00,30.950000762939453,30.950000762939453,30.899999618530273,30.899999618530273,16001,0.0,0.0
2023-03-27 12:00:00+08:00,30.950000762939453,31.049999237060547,30.950000762939453,31.049999237060547,3000,0.0,0.0
2023-03-27 13:00:00+08:00,31.0,31.0,31.0,31.0,5000,0.0,0.0
2023-03-28 09:00:00+08:00,30.799999237060547,30.899999618530273,30.799999237060547,30.799999237060547,0,0.0,0.0
2023-03-28 10:00:00+08:00,30.850000381469727,30.850000381469727,30.799999237060547,30.799999237060547,10000,0.0,0.0
2023-03-28 11:00:00+08:00,30.799999237060547,30.799999237060547,30.75,30.75,12000,0.0,0.0
2023-03-28 12:00:00+08:00,30.799999237060547,30.799999237060547,30.700000762939453,30.75,13000,0.0,0.0
2023-03-28 13:00:00+08:00,30.75,30.799999237060547,30.75,30.799999237060547,6000,0.0,0.0
2023-03-29 09:00:00+08:00,31.149999618530273,31.149999618530273,30.799999237060547,30.799999237060547,0,0.0,0.0
2023-03-29 10:00:00+08:00,30.899999618530273,30.899999618530273,30.850000381469727,30.850000381469727,15000,0.0,0.0
2023-03-29 11:00:00+08:00,30.899999618530273,30.950000762939453,30.899999618530273,30.899999618530273,20000,0.0,0.0
2023-03-29 12:00:00+08:00,30.899999618530273,30.950000762939453,30.799999237060547,30.799999237060547,14000,0.0,0.0
2023-03-29 13:00:00+08:00,30.899999618530273,30.899999618530273,30.899999618530273,30.899999618530273,1000,0.0,0.0
2023-03-30 09:00:00+08:00,30.899999618530273,31.149999618530273,30.899999618530273,31.100000381469727,0,0.0,0.0
2023-03-30 10:00:00+08:00,31.149999618530273,31.25,31.049999237060547,31.049999237060547,10000,0.0,0.0
2023-03-30 12:00:00+08:00,31.100000381469727,31.100000381469727,31.100000381469727,31.100000381469727,0,0.0,0.0
2023-03-30 13:00:00+08:00,31.149999618530273,31.200000762939453,31.149999618530273,31.149999618530273,61000,0.0,0.0
2023-03-31 09:00:00+08:00,31.0,31.649999618530273,31.0,31.649999618530273,0,0.0,0.0
2023-03-31 10:00:00+08:00,31.75,31.75,31.5,31.5,12000,0.0,0.0
2023-03-31 11:00:00+08:00,31.5,31.5,31.25,31.25,23000,0.0,0.0
2023-03-31 13:00:00+08:00,31.399999618530273,31.399999618530273,31.399999618530273,31.399999618530273,2000,0.0,0.0
2023-04-06 09:00:00+08:00,31.75,31.75,31.649999618530273,31.649999618530273,0,0.0,0.0
2023-04-06 10:00:00+08:00,31.649999618530273,31.649999618530273,31.5,31.5,16000,0.0,0.0
2023-04-06 11:00:00+08:00,31.549999237060547,31.75,31.549999237060547,31.75,16000,0.0,0.0
2023-04-06 12:00:00+08:00,31.75,31.799999237060547,31.75,31.799999237060547,3000,0.0,0.0
2023-04-06 13:00:00+08:00,31.75,31.75,31.75,31.75,2006,0.0,0.0
2023-04-07 09:00:00+08:00,31.600000381469727,31.899999618530273,31.600000381469727,31.600000381469727,0,0.0,0.0
2023-04-07 10:00:00+08:00,31.600000381469727,31.700000762939453,31.600000381469727,31.649999618530273,31000,0.0,0.0
2023-04-07 11:00:00+08:00,31.649999618530273,31.75,31.649999618530273,31.75,11000,0.0,0.0
2023-04-07 12:00:00+08:00,31.75,31.799999237060547,31.649999618530273,31.799999237060547,13000,0.0,0.0
2023-04-07 13:00:00+08:00,31.649999618530273,31.649999618530273,31.649999618530273,31.649999618530273,10000,0.0,0.0
2023-04-10 09:00:00+08:00,32.0,32.04999923706055,31.950000762939453,32.0,0,0.0,0.0
2023-04-10 10:00:00+08:00,31.950000762939453,31.950000762939453,31.899999618530273,31.950000762939453,9000,0.0,0.0
2023-04-10 11:00:00+08:00,31.899999618530273,31.899999618530273,31.799999237060547,31.799999237060547,16000,0.0,0.0
2023-04-10 12:00:00+08:00,31.850000381469727,31.899999618530273,31.850000381469727,31.850000381469727,5024,0.0,0.0
2023-04-10 13:00:00+08:00,31.850000381469727,31.850000381469727,31.850000381469727,31.850000381469727,2000,0.0,0.0
2023-04-11 09:00:00+08:00,32.5,32.599998474121094,32.20000076293945,32.25,141993,0.0,0.0
2023-04-11 10:00:00+08:00,32.29999923706055,32.349998474121094,32.25,32.25,35000,0.0,0.0
2023-04-11 11:00:00+08:00,32.20000076293945,32.20000076293945,32.150001525878906,32.20000076293945,18000,0.0,0.0
2023-04-11 12:00:00+08:00,32.20000076293945,32.400001525878906,32.20000076293945,32.400001525878906,24200,0.0,0.0
2023-04-11 13:00:00+08:00,32.400001525878906,32.400001525878906,32.25,32.29999923706055,10035,0.0,0.0
2023-04-12 09:00:00+08:00,32.400001525878906,32.54999923706055,32.400001525878906,32.45000076293945,0,0.0,0.0
2023-04-12 10:00:00+08:00,32.5,32.54999923706055,32.5,32.54999923706055,12368,0.0,0.0
2023-04-12 11:00:00+08:00,32.5,32.54999923706055,32.5,32.54999923706055,11000,0.0,0.0
2023-04-12 12:00:00+08:00,32.54999923706055,32.599998474121094,32.5,32.54999923706055,35000,0.0,0.0
2023-04-12 13:00:00+08:00,32.54999923706055,32.599998474121094,32.54999923706055,32.599998474121094,13000,0.0,0.0
2023-04-13 09:00:00+08:00,32.849998474121094,32.849998474121094,32.5,32.5,0,0.0,0.0
2023-04-13 10:00:00+08:00,32.5,32.599998474121094,32.45000076293945,32.54999923706055,8010,0.0,0.0
2023-04-13 11:00:00+08:00,32.599998474121094,32.650001525878906,32.599998474121094,32.650001525878906,9000,0.0,0.0
2023-04-13 12:00:00+08:00,32.599998474121094,32.599998474121094,32.5,32.54999923706055,22000,0.0,0.0
2023-04-13 13:00:00+08:00,32.54999923706055,32.599998474121094,32.54999923706055,32.599998474121094,9000,0.0,0.0
2023-04-14 09:00:00+08:00,32.650001525878906,32.849998474121094,32.650001525878906,32.75,0,0.0,0.0
2023-04-14 10:00:00+08:00,32.79999923706055,32.849998474121094,32.70000076293945,32.70000076293945,21000,0.0,0.0
2023-04-14 11:00:00+08:00,32.849998474121094,32.849998474121094,32.79999923706055,32.79999923706055,5001,0.0,0.0
2023-04-14 12:00:00+08:00,32.79999923706055,32.900001525878906,32.70000076293945,32.70000076293945,0,0.0,0.0
2023-04-14 13:00:00+08:00,32.79999923706055,32.849998474121094,32.70000076293945,32.849998474121094,88273,0.0,0.0
2023-04-17 09:00:00+08:00,33.0,33.20000076293945,32.900001525878906,33.04999923706055,0,0.0,0.0
2023-04-17 10:00:00+08:00,33.20000076293945,33.849998474121094,33.20000076293945,33.79999923706055,72353,0.0,0.0
2023-04-17 11:00:00+08:00,33.79999923706055,33.95000076293945,33.599998474121094,33.599998474121094,50191,0.0,0.0
2023-04-17 12:00:00+08:00,33.599998474121094,33.70000076293945,33.599998474121094,33.650001525878906,16379,0.0,0.0
2023-04-17 13:00:00+08:00,33.650001525878906,33.75,33.650001525878906,33.75,15000,0.0,0.0
2023-04-18 09:00:00+08:00,33.29999923706055,33.349998474121094,33.25,33.25,0,0.0,0.0
2023-04-18 10:00:00+08:00,33.400001525878906,33.45000076293945,33.349998474121094,33.349998474121094,7000,0.0,0.0
2023-04-18 11:00:00+08:00,33.29999923706055,33.349998474121094,33.25,33.349998474121094,19089,0.0,0.0
2023-04-18 12:00:00+08:00,33.349998474121094,33.400001525878906,33.349998474121094,33.349998474121094,22147,0.0,0.0
2023-04-18 13:00:00+08:00,33.29999923706055,33.29999923706055,33.25,33.25,35270,0.0,0.0
2023-04-19 09:00:00+08:00,33.20000076293945,33.45000076293945,33.20000076293945,33.45000076293945,0,0.0,0.0
2023-04-19 10:00:00+08:00,33.349998474121094,33.849998474121094,33.29999923706055,33.849998474121094,55556,0.0,0.0
2023-04-19 11:00:00+08:00,33.849998474121094,33.849998474121094,33.400001525878906,33.400001525878906,19100,0.0,0.0
2023-04-19 12:00:00+08:00,33.400001525878906,33.400001525878906,33.29999923706055,33.400001525878906,40236,0.0,0.0
2023-04-19 13:00:00+08:00,33.349998474121094,33.45000076293945,33.349998474121094,33.45000076293945,2000,0.0,0.0
2023-04-20 09:00:00+08:00,34.29999923706055,34.29999923706055,33.349998474121094,33.5,0,0.0,0.0
2023-04-20 10:00:00+08:00,33.599998474121094,33.70000076293945,33.54999923706055,33.54999923706055,11000,0.0,0.0
2023-04-20 11:00:00+08:00,33.54999923706055,33.599998474121094,33.54999923706055,33.54999923706055,13006,0.0,0.0
2023-04-20 12:00:00+08:00,33.54999923706055,33.54999923706055,33.349998474121094,33.349998474121094,24000,0.0,0.0
2023-04-20 13:00:00+08:00,33.349998474121094,33.349998474121094,33.349998474121094,33.349998474121094,10009,0.0,0.0
2023-04-21 09:00:00+08:00,33.599998474121094,33.599998474121094,33.349998474121094,33.45000076293945,0,0.0,0.0
2023-04-21 10:00:00+08:00,33.400001525878906,33.400001525878906,33.150001525878906,33.150001525878906,26000,0.0,0.0
2023-04-21 11:00:00+08:00,33.099998474121094,33.20000076293945,33.099998474121094,33.099998474121094,9000,0.0,0.0
2023-04-21 12:00:00+08:00,33.099998474121094,33.150001525878906,33.099998474121094,33.099998474121094,7000,0.0,0.0
2023-04-21 13:00:00+08:00,33.099998474121094,33.099998474121094,33.04999923706055,33.04999923706055,11000,0.0,0.0
2023-04-24 09:00:00+08:00,33.099998474121094,33.099998474121094,32.5,32.599998474121094,0,0.0,0.0
2023-04-24 10:00:00+08:00,32.650001525878906,33.099998474121094,32.650001525878906,33.099998474121094,33000,0.0,0.0
2023-04-24 11:00:00+08:00,32.95000076293945,32.95000076293945,32.95000076293945,32.95000076293945,1146,0.0,0.0
2023-04-24 12:00:00+08:00,32.95000076293945,32.95000076293945,32.900001525878906,32.900001525878906,9000,0.0,0.0
2023-04-24 13:00:00+08:00,32.849998474121094,32.849998474121094,32.70000076293945,32.70000076293945,10000,0.0,0.0
2023-04-25 09:00:00+08:00,33.04999923706055,33.04999923706055,32.650001525878906,32.650001525878906,0,0.0,0.0
2023-04-25 10:00:00+08:00,32.70000076293945,32.70000076293945,32.349998474121094,32.349998474121094,22000,0.0,0.0
2023-04-25 11:00:00+08:00,32.400001525878906,32.650001525878906,32.400001525878906,32.650001525878906,3000,0.0,0.0
2023-04-25 12:00:00+08:00,32.599998474121094,32.599998474121094,32.599998474121094,32.599998474121094,2000,0.0,0.0
2023-04-25 13:00:00+08:00,32.599998474121094,32.599998474121094,32.54999923706055,32.54999923706055,4021,0.0,0.0
2023-04-26 09:00:00+08:00,33.099998474121094,33.099998474121094,32.5,32.5,0,0.0,0.0
2023-04-26 10:00:00+08:00,32.5,32.5,32.5,32.5,3000,0.0,0.0
2023-04-26 11:00:00+08:00,32.599998474121094,32.599998474121094,32.599998474121094,32.599998474121094,5155,0.0,0.0
2023-04-26 12:00:00+08:00,32.70000076293945,32.70000076293945,32.650001525878906,32.650001525878906,11000,0.0,0.0
2023-04-27 09:00:00+08:00,33.349998474121094,33.349998474121094,32.45000076293945,32.45000076293945,0,0.0,0.0
2023-04-27 10:00:00+08:00,32.599998474121094,32.599998474121094,32.599998474121094,32.599998474121094,1000,0.0,0.0
2023-04-27 11:00:00+08:00,32.599998474121094,32.599998474121094,32.599998474121094,32.599998474121094,0,0.0,0.0
2023-04-27 12:00:00+08:00,32.599998474121094,32.599998474121094,32.54999923706055,32.54999923706055,44145,0.0,0.0
2023-04-27 13:00:00+08:00,32.75,32.75,32.75,32.75,1000,0.0,0.0
2023-04-28 09:00:00+08:00,33.29999923706055,33.29999923706055,32.849998474121094,32.849998474121094,0,0.0,0.0
2023-04-28 10:00:00+08:00,32.75,32.75,32.70000076293945,32.75,13000,0.0,0.0
2023-04-28 11:00:00+08:00,32.75,32.75,32.75,32.75,1534,0.0,0.0
2023-04-28 12:00:00+08:00,32.75,32.79999923706055,32.650001525878906,32.650001525878906,13000,0.0,0.0
2023-04-28 13:00:00+08:00,32.79999923706055,33.0,32.79999923706055,32.900001525878906,9000,0.0,0.0
2023-05-02 09:00:00+08:00,33.25,33.25,32.849998474121094,32.900001525878906,0,0.0,0.0
2023-05-02 10:00:00+08:00,32.900001525878906,33.099998474121094,32.900001525878906,33.099998474121094,11000,0.0,0.0
2023-05-02 11:00:00+08:00,33.099998474121094,33.150001525878906,33.099998474121094,33.150001525878906,2000,0.0,0.0
2023-05-02 12:00:00+08:00,33.0,33.0,32.900001525878906,32.900001525878906,7000,0.0,0.0
2023-05-02 13:00:00+08:00,33.150001525878906,33.349998474121094,33.0,33.0,16000,0.0,0.0
2023-05-03 09:00:00+08:00,33.29999923706055,33.29999923706055,33.20000076293945,33.20000076293945,0,0.0,0.0
2023-05-03 10:00:00+08:00,33.20000076293945,33.599998474121094,33.20000076293945,33.349998474121094,24000,0.0,0.0
2023-05-03 11:00:00+08:00,33.349998474121094,33.5,33.349998474121094,33.5,8000,0.0,0.0
2023-05-03 12:00:00+08:00,33.5,33.5,33.29999923706055,33.29999923706055,11000,0.0,0.0
2023-05-03 13:00:00+08:00,33.349998474121094,33.5,33.29999923706055,33.5,7000,0.0,0.0
2023-05-04 09:00:00+08:00,33.5,33.5,33.25,33.400001525878906,0,0.0,0.0
2023-05-04 10:00:00+08:00,33.29999923706055,33.400001525878906,33.150001525878906,33.20000076293945,16000,0.0,0.0
2023-05-04 11:00:00+08:00,33.20000076293945,33.29999923706055,33.20000076293945,33.29999923706055,4149,0.0,0.0
2023-05-04 12:00:00+08:00,33.349998474121094,33.349998474121094,33.25,33.25,4031,0.0,0.0
2023-05-04 13:00:00+08:00,33.20000076293945,33.20000076293945,33.150001525878906,33.150001525878906,9000,0.0,0.0
2023-05-05 09:00:00+08:00,33.150001525878906,33.400001525878906,33.150001525878906,33.29999923706055,0,0.0,0.0
2023-05-05 10:00:00+08:00,33.29999923706055,33.29999923706055,33.25,33.25,11000,0.0,0.0
2023-05-05 11:00:00+08:00,33.29999923706055,33.5,33.29999923706055,33.5,11040,0.0,0.0
2023-05-05 12:00:00+08:00,33.54999923706055,33.599998474121094,33.45000076293945,33.45000076293945,22166,0.0,0.0
2023-05-05 13:00:00+08:00,33.400001525878906,33.400001525878906,33.400001525878906,33.400001525878906,2000,0.0,0.0
2023-05-08 09:00:00+08:00,33.70000076293945,33.79999923706055,33.650001525878906,33.650001525878906,0,0.0,0.0
2023-05-08 10:00:00+08:00,33.599998474121094,33.599998474121094,33.5,33.599998474121094,9147,0.0,0.0
2023-05-08 11:00:00+08:00,33.599998474121094,33.599998474121094,33.5,33.5,8048,0.0,0.0
2023-05-08 12:00:00+08:00,33.599998474121094,33.599998474121094,33.349998474121094,33.349998474121094,22000,0.0,0.0
2023-05-09 09:00:00+08:00,33.400001525878906,33.5,33.25,33.349998474121094,0,0.0,0.0
2023-05-09 10:00:00+08:00,33.349998474121094,33.349998474121094,33.29999923706055,33.349998474121094,12276,0.0,0.0
2023-05-09 11:00:00+08:00,33.349998474121094,33.349998474121094,33.29999923706055,33.29999923706055,3010,0.0,0.0
2023-05-09 12:00:00+08:00,33.29999923706055,33.29999923706055,33.20000076293945,33.20000076293945,17000,0.0,0.0
2023-05-09 13:00:00+08:00,33.25,33.25,33.20000076293945,33.25,3010,0.0,0.0
2023-05-10 09:00:00+08:00,33.29999923706055,33.349998474121094,32.79999923706055,33.099998474121094,0,0.0,0.0
2023-05-10 10:00:00+08:00,33.099998474121094,33.099998474121094,33.099998474121094,33.099998474121094,1000,0.0,0.0
2023-05-10 11:00:00+08:00,33.099998474121094,33.20000076293945,33.04999923706055,33.099998474121094,7072,0.0,0.0
2023-05-10 12:00:00+08:00,33.150001525878906,33.150001525878906,33.150001525878906,33.150001525878906,1000,0.0,0.0
2023-05-10 13:00:00+08:00,33.150001525878906,33.150001525878906,33.04999923706055,33.04999923706055,23000,0.0,0.0
2023-05-11 09:00:00+08:00,33.25,33.25,32.75,32.79999923706055,0,0.0,0.0
2023-05-11 10:00:00+08:00,32.79999923706055,33.0,32.75,33.0,29000,0.0,0.0
2023-05-11 11:00:00+08:00,32.75,32.75,32.599998474121094,32.599998474121094,30460,0.0,0.0
2023-05-11 12:00:00+08:00,32.70000076293945,32.75,32.650001525878906,32.75,7050,0.0,0.0
2023-05-11 13:00:00+08:00,32.79999923706055,32.79999923706055,32.79999923706055,32.79999923706055,3000,0.0,0.0
2023-05-12 09:00:00+08:00,32.5,32.5,31.5,31.5,52279,0.0,0.0
2023-05-12 10:00:00+08:00,31.549999237060547,31.700000762939453,31.5,31.5,69145,0.0,0.0
2023-05-12 11:00:00+08:00,31.5,31.649999618530273,31.5,31.600000381469727,55016,0.0,0.0
2023-05-12 12:00:00+08:00,31.600000381469727,31.799999237060547,31.600000381469727,31.700000762939453,20000,0.0,0.0
2023-05-12 13:00:00+08:00,31.799999237060547,31.799999237060547,31.799999237060547,31.799999237060547,10000,0.0,0.0
2023-05-15 09:00:00+08:00,31.600000381469727,32.0,31.549999237060547,31.899999618530273,0,0.0,0.0
2023-05-15 10:00:00+08:00,31.75,31.75,31.600000381469727,31.600000381469727,8000,0.0,0.0
2023-05-15 11:00:00+08:00,31.549999237060547,31.549999237060547,31.549999237060547,31.549999237060547,9363,0.0,0.0
2023-05-15 12:00:00+08:00,31.600000381469727,31.600000381469727,31.549999237060547,31.549999237060547,4068,0.0,0.0
2023-05-15 13:00:00+08:00,31.549999237060547,31.600000381469727,31.5,31.600000381469727,11000,0.0,0.0
2023-05-16 09:00:00+08:00,31.5,31.899999618530273,31.299999237060547,31.649999618530273,0,0.0,0.0
2023-05-16 10:00:00+08:00,31.5,31.5,31.399999618530273,31.399999618530273,6000,0.0,0.0
2023-05-16 11:00:00+08:00,31.5,31.549999237060547,31.450000762939453,31.549999237060547,15096,0.0,0.0
2023-05-16 12:00:00+08:00,31.549999237060547,31.549999237060547,31.450000762939453,31.450000762939453,7000,0.0,0.0
2023-05-16 13:00:00+08:00,31.5,31.549999237060547,31.450000762939453,31.549999237060547,6000,0.0,0.0
2023-05-17 09:00:00+08:00,31.350000381469727,31.899999618530273,31.350000381469727,31.75,0,0.0,0.0
2023-05-17 10:00:00+08:00,31.5,31.700000762939453,31.5,31.600000381469727,7236,0.0,0.0
2023-05-17 11:00:00+08:00,31.549999237060547,31.600000381469727,31.5,31.549999237060547,17000,0.0,0.0
2023-05-17 12:00:00+08:00,31.600000381469727,31.600000381469727,31.600000381469727,31.600000381469727,5079,0.0,0.0
2023-05-17 13:00:00+08:00,31.649999618530273,31.649999618530273,31.649999618530273,31.649999618530273,4021,0.0,0.0
2023-05-18 09:00:00+08:00,31.799999237060547,31.799999237060547,31.75,31.75,12000,0.0,0.0
2023-05-18 10:00:00+08:00,31.75,31.75,31.75,31.75,3001,0.0,0.0
2023-05-18 11:00:00+08:00,31.799999237060547,31.799999237060547,31.799999237060547,31.799999237060547,0,0.0,0.0
2023-05-18 12:00:00+08:00,31.75,31.75,31.700000762939453,31.75,67001,0.0,0.0
2023-05-18 13:00:00+08:00,31.75,31.75,31.75,31.75,4000,0.0,0.0
2023-05-19 09:00:00+08:00,32.0,32.0,32.0,32.0,0,0.0,0.0
2023-05-19 10:00:00+08:00,31.75,31.75,31.75,31.75,2000,0.0,0.0
2023-05-19 11:00:00+08:00,31.799999237060547,31.950000762939453,31.75,31.950000762939453,12000,0.0,0.0
2023-05-19 12:00:00+08:00,31.75,31.950000762939453,31.75,31.950000762939453,7000,0.0,0.0
2023-05-19 13:00:00+08:00,31.75,31.799999237060547,31.75,31.799999237060547,2015,0.0,0.0
2023-05-22 09:00:00+08:00,31.950000762939453,32.0,31.950000762939453,32.0,0,0.0,0.0
2023-05-22 10:00:00+08:00,32.04999923706055,32.099998474121094,32.0,32.0,32012,0.0,0.0
2023-05-22 11:00:00+08:00,32.20000076293945,32.20000076293945,32.20000076293945,32.20000076293945,6000,0.0,0.0
2023-05-22 12:00:00+08:00,32.20000076293945,32.20000076293945,32.20000076293945,32.20000076293945,3000,0.0,0.0
2023-05-22 13:00:00+08:00,32.099998474121094,32.150001525878906,32.099998474121094,32.150001525878906,4000,0.0,0.0
2023-05-23 09:00:00+08:00,32.04999923706055,32.54999923706055,32.04999923706055,32.29999923706055,0,0.0,0.0
2023-05-23 11:00:00+08:00,32.29999923706055,32.349998474121094,32.29999923706055,32.29999923706055,3000,0.0,0.0
2023-05-23 12:00:00+08:00,32.29999923706055,32.29999923706055,32.20000076293945,32.20000076293945,8000,0.0,0.0
2023-05-23 13:00:00+08:00,32.25,32.29999923706055,32.25,32.29999923706055,9000,0.0,0.0
2023-05-24 09:00:00+08:00,32.25,32.25,32.25,32.25,0,0.0,0.0
2023-05-24 10:00:00+08:00,32.25,32.25,32.20000076293945,32.20000076293945,6000,0.0,0.0
2023-05-24 11:00:00+08:00,32.20000076293945,32.20000076293945,32.20000076293945,32.20000076293945,4000,0.0,0.0
2023-05-24 12:00:00+08:00,32.099998474121094,32.099998474121094,32.0,32.099998474121094,19000,0.0,0.0
2023-05-24 13:00:00+08:00,32.099998474121094,32.099998474121094,32.099998474121094,32.099998474121094,3000,0.0,0.0
2023-05-25 10:00:00+08:00,32.099998474121094,32.099998474121094,32.099998474121094,32.099998474121094,2000,0.0,0.0
2023-05-25 12:00:00+08:00,32.20000076293945,32.20000076293945,32.150001525878906,32.150001525878906,9000,0.0,0.0
2023-05-25 13:00:00+08:00,32.150001525878906,32.150001525878906,32.150001525878906,32.150001525878906,2000,0.0,0.0
2023-05-26 09:00:00+08:00,32.54999923706055,32.599998474121094,32.5,32.5,6016,0.0,0.0
2023-05-26 10:00:00+08:00,32.25,32.25,32.150001525878906,32.20000076293945,7001,0.0,0.0
2023-05-26 11:00:00+08:00,32.150001525878906,32.150001525878906,32.150001525878906,32.150001525878906,1000,0.0,0.0
2023-05-26 12:00:00+08:00,32.400001525878906,32.400001525878906,32.400001525878906,32.400001525878906,2003,0.0,0.0
2023-05-29 09:00:00+08:00,32.400001525878906,32.75,32.349998474121094,32.599998474121094,0,0.0,0.0
2023-05-29 10:00:00+08:00,32.599998474121094,32.599998474121094,32.5,32.5,2015,0.0,0.0
2023-05-29 11:00:00+08:00,32.45000076293945,32.45000076293945,32.45000076293945,32.45000076293945,1000,0.0,0.0
2023-05-29 12:00:00+08:00,32.400001525878906,32.45000076293945,32.400001525878906,32.45000076293945,2000,0.0,0.0
2023-05-29 13:00:00+08:00,32.400001525878906,32.400001525878906,32.400001525878906,32.400001525878906,3000,0.0,0.0
2023-05-30 09:00:00+08:00,32.400001525878906,32.400001525878906,32.099998474121094,32.099998474121094,5034,0.0,0.0
2023-05-30 10:00:00+08:00,32.29999923706055,32.54999923706055,32.29999923706055,32.54999923706055,3020,0.0,0.0
2023-05-30 12:00:00+08:00,32.5,32.5,32.5,32.5,3000,0.0,0.0
2023-05-31 09:00:00+08:00,32.599998474121094,32.599998474121094,32.5,32.5,0,0.0,0.0
2023-05-31 10:00:00+08:00,32.5,32.599998474121094,32.5,32.54999923706055,11060,0.0,0.0
2023-05-31 11:00:00+08:00,32.5,32.5,32.5,32.5,1000,0.0,0.0
2023-05-31 12:00:00+08:00,32.45000076293945,32.54999923706055,32.45000076293945,32.45000076293945,10000,0.0,0.0
2023-05-31 13:00:00+08:00,32.5,32.599998474121094,32.5,32.599998474121094,5000,0.0,0.0
2023-06-01 09:00:00+08:00,32.54999923706055,32.95000076293945,32.54999923706055,32.599998474121094,0,0.0,0.0
2023-06-01 10:00:00+08:00,32.599998474121094,32.599998474121094,32.599998474121094,32.599998474121094,17000,0.0,0.0
2023-06-01 11:00:00+08:00,32.599998474121094,32.599998474121094,32.599998474121094,32.599998474121094,2004,0.0,0.0
2023-06-01 12:00:00+08:00,32.54999923706055,32.54999923706055,32.54999923706055,32.54999923706055,3000,0.0,0.0
2023-06-01 13:00:00+08:00,32.5,32.5,32.5,32.5,1000,0.0,0.0
2023-06-02 09:00:00+08:00,32.70000076293945,32.95000076293945,32.70000076293945,32.79999923706055,0,0.0,0.0
2023-06-02 10:00:00+08:00,32.75,32.75,32.70000076293945,32.70000076293945,4000,0.0,0.0
2023-06-02 11:00:00+08:00,32.70000076293945,32.70000076293945,32.70000076293945,32.70000076293945,6055,0.0,0.0
2023-06-02 12:00:00+08:00,32.70000076293945,32.70000076293945,32.70000076293945,32.70000076293945,1000,0.0,0.0
2023-06-02 13:00:00+08:00,32.650001525878906,32.650001525878906,32.650001525878906,32.650001525878906,5015,0.0,0.0
2023-06-05 09:00:00+08:00,33.0,33.0,32.70000076293945,32.79999923706055,0,0.0,0.0
2023-06-05 10:00:00+08:00,32.79999923706055,32.79999923706055,32.79999923706055,32.79999923706055,3000,0.0,0.0
2023-06-05 11:00:00+08:00,32.79999923706055,32.79999923706055,32.75,32.75,5139,0.0,0.0
2023-06-05 12:00:00+08:00,32.75,32.75,32.75,32.75,3146,0.0,0.0
2023-06-05 13:00:00+08:00,32.75,32.75,32.75,32.75,1200,0.0,0.0
2023-06-06 09:00:00+08:00,32.79999923706055,32.95000076293945,32.599998474121094,32.599998474121094,0,0.0,0.0
2023-06-06 10:00:00+08:00,32.599998474121094,32.70000076293945,32.599998474121094,32.70000076293945,7000,0.0,0.0
2023-06-06 11:00:00+08:00,32.70000076293945,32.70000076293945,32.70000076293945,32.70000076293945,2000,0.0,0.0
2023-06-06 12:00:00+08:00,32.70000076293945,32.70000076293945,32.70000076293945,32.70000076293945,1000,0.0,0.0
2023-06-07 09:00:00+08:00,32.95000076293945,33.0,32.70000076293945,32.70000076293945,0,0.0,0.0
2023-06-07 10:00:00+08:00,32.70000076293945,32.75,32.70000076293945,32.75,5000,0.0,0.0
2023-06-07 11:00:00+08:00,32.75,32.75,32.75,32.75,1000,0.0,0.0
2023-06-07 12:00:00+08:00,32.75,32.75,32.75,32.75,9000,0.0,0.0
2023-06-07 13:00:00+08:00,32.70000076293945,32.70000076293945,32.70000076293945,32.70000076293945,4030,0.0,0.0
2023-06-08 09:00:00+08:00,32.650001525878906,32.900001525878906,32.599998474121094,32.599998474121094,11970,0.0,0.0
2023-06-08 10:00:00+08:00,32.599998474121094,32.70000076293945,32.54999923706055,32.54999923706055,14010,0.0,0.0
2023-06-08 12:00:00+08:00,32.599998474121094,32.599998474121094,32.599998474121094,32.599998474121094,4080,0.0,0.0
2023-06-08 13:00:00+08:00,32.599998474121094,32.599998474121094,32.599998474121094,32.599998474121094,1000,0.0,0.0
2023-06-09 09:00:00+08:00,32.650001525878906,32.79999923706055,32.599998474121094,32.650001525878906,0,0.0,0.0
2023-06-09 10:00:00+08:00,32.599998474121094,32.599998474121094,32.599998474121094,32.599998474121094,13000,0.0,0.0
2023-06-09 11:00:00+08:00,32.599998474121094,32.599998474121094,32.5,32.54999923706055,15064,0.0,0.0
2023-06-09 12:00:00+08:00,32.54999923706055,32.599998474121094,32.5,32.599998474121094,7000,0.0,0.0
2023-06-09 13:00:00+08:00,32.599998474121094,32.599998474121094,32.54999923706055,32.54999923706055,31000,0.0,0.0
2023-06-12 09:00:00+08:00,32.599998474121094,32.900001525878906,32.54999923706055,32.650001525878906,0,0.0,0.0
2023-06-12 10:00:00+08:00,32.54999923706055,32.54999923706055,32.54999923706055,32.54999923706055,7000,0.0,0.0
2023-06-12 11:00:00+08:00,32.54999923706055,32.54999923706055,32.54999923706055,32.54999923706055,18100,0.0,0.0
2023-06-12 12:00:00+08:00,32.5,32.5,32.5,32.5,12000,0.0,0.0
2023-06-12 13:00:00+08:00,32.45000076293945,32.54999923706055,32.45000076293945,32.54999923706055,6030,0.0,0.0
2023-06-13 09:00:00+08:00,32.400001525878906,32.5,32.400001525878906,32.5,0,0.0,0.0
2023-06-13 10:00:00+08:00,32.5,32.5,32.400001525878906,32.400001525878906,4000,0.0,0.0
2023-06-13 11:00:00+08:00,32.5,32.5,32.5,32.5,5000,0.0,0.0
2023-06-13 12:00:00+08:00,32.5,32.5,32.400001525878906,32.400001525878906,2001,0.0,0.0
2023-06-13 13:00:00+08:00,32.5,32.5,32.5,32.5,6004,0.0,0.0
2023-06-14 09:00:00+08:00,32.5,32.75,32.45000076293945,32.650001525878906,0,0.0,0.0
2023-06-14 10:00:00+08:00,32.5,32.650001525878906,32.5,32.650001525878906,9000,0.0,0.0
2023-06-14 11:00:00+08:00,32.650001525878906,32.650001525878906,32.650001525878906,32.650001525878906,1031,0.0,0.0
2023-06-14 12:00:00+08:00,32.54999923706055,32.599998474121094,32.54999923706055,32.599998474121094,6067,0.0,0.0
2023-06-15 09:00:00+08:00,32.54999923706055,32.75,32.54999923706055,32.650001525878906,0,0.0,0.0
2023-06-15 10:00:00+08:00,32.54999923706055,32.54999923706055,32.5,32.5,9011,0.0,0.0
2023-06-15 11:00:00+08:00,32.5,32.5,32.45000076293945,32.45000076293945,17000,0.0,0.0
2023-06-15 12:00:00+08:00,32.45000076293945,32.5,32.400001525878906,32.5,9000,0.0,0.0
2023-06-15 13:00:00+08:00,32.400001525878906,32.400001525878906,32.400001525878906,32.400001525878906,2000,0.0,0.0
2023-06-16 09:00:00+08:00,32.650001525878906,32.650001525878906,32.45000076293945,32.45000076293945,0,0.0,0.0
2023-06-16 10:00:00+08:00,32.5,32.5,32.45000076293945,32.45000076293945,12000,0.0,0.0
2023-06-16 11:00:00+08:00,32.5,32.5,32.45000076293945,32.5,7022,0.0,0.0
2023-06-16 13:00:00+08:00,32.45000076293945,32.5,32.45000076293945,32.5,4000,0.0,0.0
2023-06-19 09:00:00+08:00,32.5,32.75,32.5,32.54999923706055,16989,0.0,0.0
2023-06-19 10:00:00+08:00,32.54999923706055,32.54999923706055,32.54999923706055,32.54999923706055,8028,0.0,0.0
2023-06-19 12:00:00+08:00,32.70000076293945,33.45000076293945,32.70000076293945,33.45000076293945,23000,0.0,0.0
2023-06-19 13:00:00+08:00,33.099998474121094,33.099998474121094,32.650001525878906,32.650001525878906,6000,0.0,0.0
2023-06-20 09:00:00+08:00,32.650001525878906,33.0,32.650001525878906,32.70000076293945,0,0.0,0.0
2023-06-20 10:00:00+08:00,32.650001525878906,32.849998474121094,32.650001525878906,32.849998474121094,8000,0.0,0.0
2023-06-20 11:00:00+08:00,32.849998474121094,32.95000076293945,32.849998474121094,32.95000076293945,6000,0.0,0.0
2023-06-20 12:00:00+08:00,32.95000076293945,32.95000076293945,32.95000076293945,32.95000076293945,1030,0.0,0.0
2023-06-20 13:00:00+08:00,32.849998474121094,32.900001525878906,32.849998474121094,32.900001525878906,4000,0.0,0.0
2023-06-21 09:00:00+08:00,32.79999923706055,33.349998474121094,32.79999923706055,32.900001525878906,0,0.0,0.0
2023-06-21 10:00:00+08:00,32.900001525878906,32.900001525878906,32.900001525878906,32.900001525878906,5000,0.0,0.0
2023-06-21 12:00:00+08:00,32.900001525878906,32.900001525878906,32.650001525878906,32.900001525878906,15056,0.0,0.0
2023-06-26 09:00:00+08:00,32.900001525878906,32.900001525878906,32.79999923706055,32.79999923706055,0,0.0,0.0
2023-06-26 10:00:00+08:00,32.75,32.75,32.75,32.75,9103,0.0,0.0
2023-06-26 11:00:00+08:00,32.75,32.75,32.75,32.75,4000,0.0,0.0
2023-06-26 12:00:00+08:00,32.75,32.75,32.70000076293945,32.70000076293945,4006,0.0,0.0
2023-06-27 09:00:00+08:00,32.79999923706055,32.79999923706055,32.400001525878906,32.400001525878906,0,0.0,0.0
2023-06-27 10:00:00+08:00,32.54999923706055,32.650001525878906,32.54999923706055,32.599998474121094,6000,0.0,0.0
2023-06-27 11:00:00+08:00,32.5,32.5,32.5,32.5,5000,0.0,0.0
2023-06-27 12:00:00+08:00,32.599998474121094,32.599998474121094,32.599998474121094,32.599998474121094,5036,0.0,0.0
2023-06-27 13:00:00+08:00,32.599998474121094,32.599998474121094,32.599998474121094,32.599998474121094,1000,0.0,0.0
2023-06-28 09:00:00+08:00,32.599998474121094,32.95000076293945,32.599998474121094,32.79999923706055,0,0.0,0.0
2023-06-28 10:00:00+08:00,32.75,32.75,32.75,32.75,0,0.0,0.0
2023-06-28 11:00:00+08:00,32.75,32.75,32.75,32.75,22000,0.0,0.0
2023-06-29 09:00:00+08:00,32.75,32.79999923706055,32.75,32.79999923706055,0,0.0,0.0
2023-06-29 10:00:00+08:00,32.70000076293945,32.75,32.70000076293945,32.70000076293945,7000,0.0,0.0
2023-06-29 12:00:00+08:00,32.650001525878906,32.70000076293945,32.650001525878906,32.70000076293945,4010,0.0,0.0
2023-06-29 13:00:00+08:00,32.70000076293945,32.70000076293945,32.70000076293945,32.70000076293945,3000,0.0,0.0
2023-06-30 09:00:00+08:00,32.900001525878906,32.900001525878906,32.70000076293945,32.79999923706055,0,0.0,0.0
2023-06-30 10:00:00+08:00,32.70000076293945,32.70000076293945,32.5,32.5,29000,0.0,0.0
2023-06-30 11:00:00+08:00,32.5,32.5,32.5,32.5,1000,0.0,0.0
2023-06-30 12:00:00+08:00,32.650001525878906,32.650001525878906,32.650001525878906,32.650001525878906,8000,0.0,0.0
2023-07-03 09:00:00+08:00,32.70000076293945,32.70000076293945,32.599998474121094,32.650001525878906,0,0.0,0.0
2023-07-03 10:00:00+08:00,32.599998474121094,32.650001525878906,32.599998474121094,32.650001525878906,10000,0.0,0.0
2023-07-03 11:00:00+08:00,32.70000076293945,32.70000076293945,32.70000076293945,32.70000076293945,2000,0.0,0.0
2023-07-03 12:00:00+08:00,32.650001525878906,32.650001525878906,32.599998474121094,32.599998474121094,13033,0.0,0.0
2023-07-03 13:00:00+08:00,32.650001525878906,32.650001525878906,32.599998474121094,32.650001525878906,18000,0.0,0.0
2023-07-04 09:00:00+08:00,32.650001525878906,32.900001525878906,32.599998474121094,32.75,0,0.0,0.0
2023-07-04 10:00:00+08:00,32.75,32.75,32.70000076293945,32.70000076293945,26000,0.0,0.0
2023-07-04 11:00:00+08:00,32.70000076293945,32.70000076293945,32.599998474121094,32.599998474121094,13000,0.0,0.0
2023-07-04 12:00:00+08:00,32.599998474121094,32.599998474121094,32.599998474121094,32.599998474121094,34000,0.0,0.0
2023-07-04 13:00:00+08:00,32.599998474121094,32.599998474121094,32.599998474121094,32.599998474121094,8000,0.0,0.0
2023-07-05 09:00:00+08:00,32.900001525878906,32.900001525878906,32.599998474121094,32.599998474121094,0,0.0,0.0
2023-07-05 10:00:00+08:00,32.650001525878906,32.650001525878906,32.650001525878906,32.650001525878906,4009,0.0,0.0
2023-07-05 11:00:00+08:00,32.650001525878906,32.650001525878906,32.599998474121094,32.650001525878906,11100,0.0,0.0
2023-07-05 12:00:00+08:00,32.650001525878906,32.650001525878906,32.650001525878906,32.650001525878906,9000,0.0,0.0
2023-07-05 13:00:00+08:00,32.650001525878906,32.650001525878906,32.599998474121094,32.599998474121094,7005,0.0,0.0
2023-07-06 09:00:00+08:00,32.599998474121094,32.79999923706055,32.54999923706055,32.54999923706055,0,0.0,0.0
2023-07-06 10:00:00+08:00,32.54999923706055,32.54999923706055,32.45000076293945,32.45000076293945,38000,0.0,0.0
2023-07-06 11:00:00+08:00,32.5,32.54999923706055,32.45000076293945,32.54999923706055,11088,0.0,0.0
2023-07-06 12:00:00+08:00,32.5,32.5,32.29999923706055,32.5,22000,0.0,0.0
2023-07-06 13:00:00+08:00,32.400001525878906,32.45000076293945,32.29999923706055,32.29999923706055,38109,0.0,0.0
2023-07-07 09:00:00+08:00,32.29999923706055,32.29999923706055,32.0,32.0,0,0.0,0.0
2023-07-07 10:00:00+08:00,32.0,32.0,32.0,32.0,0,0.0,0.0
2023-07-07 12:00:00+08:00,32.099998474121094,32.20000076293945,32.099998474121094,32.150001525878906,58065,0.0,0.0
2023-07-07 13:00:00+08:00,32.099998474121094,32.20000076293945,32.099998474121094,32.099998474121094,20000,0.0,0.0
2023-07-10 09:00:00+08:00,31.950000762939453,31.950000762939453,31.600000381469727,31.700000762939453,0,0.0,0.0
2023-07-10 10:00:00+08:00,31.649999618530273,31.799999237060547,31.649999618530273,31.799999237060547,36000,0.0,0.0
2023-07-10 11:00:00+08:00,31.799999237060547,31.850000381469727,31.600000381469727,31.600000381469727,45035,0.0,0.0
2023-07-10 12:00:00+08:00,31.700000762939453,31.799999237060547,31.700000762939453,31.799999237060547,9009,0.0,0.0
2023-07-10 13:00:00+08:00,31.850000381469727,31.850000381469727,31.850000381469727,31.850000381469727,4000,0.0,0.0
2023-07-11 09:00:00+08:00,31.75,31.799999237060547,31.700000762939453,31.75,0,0.0,0.0
2023-07-11 10:00:00+08:00,31.75,31.799999237060547,31.700000762939453,31.700000762939453,13009,0.0,0.0
2023-07-11 11:00:00+08:00,31.700000762939453,31.850000381469727,31.700000762939453,31.850000381469727,34000,0.0,0.0
2023-07-11 12:00:00+08:00,31.850000381469727,31.850000381469727,31.850000381469727,31.850000381469727,3000,0.0,0.0
2023-07-11 13:00:00+08:00,31.899999618530273,31.899999618530273,31.899999618530273,31.899999618530273,4000,0.0,0.0
2023-07-12 09:00:00+08:00,32.0,32.349998474121094,32.0,32.20000076293945,0,0.0,0.0
2023-07-12 10:00:00+08:00,32.150001525878906,32.150001525878906,32.099998474121094,32.099998474121094,10000,0.0,0.0
2023-07-12 11:00:00+08:00,32.099998474121094,32.150001525878906,32.099998474121094,32.150001525878906,4000,0.0,0.0
2023-07-12 12:00:00+08:00,32.150001525878906,32.150001525878906,32.099998474121094,32.150001525878906,20000,0.0,0.0
2023-07-13 09:00:00+08:00,32.599998474121094,32.599998474121094,32.150001525878906,32.150001525878906,0,0.0,0.0
2023-07-13 10:00:00+08:00,32.099998474121094,32.20000076293945,32.099998474121094,32.20000076293945,5000,0.0,0.0
2023-07-13 11:00:00+08:00,32.25,32.25,32.150001525878906,32.20000076293945,15000,0.0,0.0
2023-07-13 12:00:00+08:00,32.20000076293945,32.20000076293945,32.20000076293945,32.20000076293945,7000,0.0,0.0
2023-07-13 13:00:00+08:00,32.20000076293945,32.20000076293945,32.150001525878906,32.150001525878906,3000,0.0,0.0
2023-07-14 09:00:00+08:00,32.25,32.25,32.20000076293945,32.25,0,0.0,0.0
2023-07-14 10:00:00+08:00,32.25,32.29999923706055,32.25,32.29999923706055,17200,0.0,0.0
2023-07-14 11:00:00+08:00,32.25,32.29999923706055,32.150001525878906,32.150001525878906,30069,0.0,0.0
2023-07-14 12:00:00+08:00,32.150001525878906,32.25,32.150001525878906,32.25,10000,0.0,0.0
2023-07-14 13:00:00+08:00,32.25,32.29999923706055,32.25,32.25,3000,0.0,0.0
2023-07-17 09:00:00+08:00,32.29999923706055,32.75,32.29999923706055,32.70000076293945,0,0.0,0.0
2023-07-17 10:00:00+08:00,32.70000076293945,33.0,32.70000076293945,32.900001525878906,54049,0.0,0.0
2023-07-17 11:00:00+08:00,32.900001525878906,32.95000076293945,32.79999923706055,32.79999923706055,44367,0.0,0.0
2023-07-17 12:00:00+08:00,32.849998474121094,32.849998474121094,32.70000076293945,32.75,42743,0.0,0.0
2023-07-17 13:00:00+08:00,32.849998474121094,32.900001525878906,32.79999923706055,32.900001525878906,21210,0.0,0.0
2023-07-18 09:00:00+08:00,29.850000381469727,29.950000762939453,29.350000381469727,29.549999237060547,117230,2.999893,0.0
2023-07-18 10:00:00+08:00,29.700000762939453,29.700000762939453,29.350000381469727,29.399999618530273,35652,0.0,0.0
2023-07-18 11:00:00+08:00,29.399999618530273,29.600000381469727,29.399999618530273,29.450000762939453,58110,0.0,0.0
2023-07-18 12:00:00+08:00,29.450000762939453,29.600000381469727,29.450000762939453,29.600000381469727,12700,0.0,0.0
2023-07-18 13:00:00+08:00,29.600000381469727,29.950000762939453,29.549999237060547,29.950000762939453,32055,0.0,0.0
2023-07-19 09:00:00+08:00,29.899999618530273,29.899999618530273,29.450000762939453,29.600000381469727,24192,0.0,0.0
2023-07-19 10:00:00+08:00,29.700000762939453,29.75,29.5,29.649999618530273,6003,0.0,0.0
2023-07-19 11:00:00+08:00,29.450000762939453,29.700000762939453,29.399999618530273,29.700000762939453,37000,0.0,0.0
2023-07-19 12:00:00+08:00,29.399999618530273,29.649999618530273,29.200000762939453,29.200000762939453,33026,0.0,0.0
2023-07-19 13:00:00+08:00,29.200000762939453,29.649999618530273,29.100000381469727,29.649999618530273,28000,0.0,0.0
2023-07-20 09:00:00+08:00,29.700000762939453,29.700000762939453,29.600000381469727,29.600000381469727,0,0.0,0.0
2023-07-20 10:00:00+08:00,29.399999618530273,29.649999618530273,29.350000381469727,29.649999618530273,27285,0.0,0.0
2023-07-20 11:00:00+08:00,29.5,29.5,29.350000381469727,29.5,10020,0.0,0.0
2023-07-20 12:00:00+08:00,29.299999237060547,29.450000762939453,29.299999237060547,29.450000762939453,6047,0.0,0.0
2023-07-21 09:00:00+08:00,29.649999618530273,29.649999618530273,29.5,29.5,7200,0.0,0.0
2023-07-21 10:00:00+08:00,29.5,29.5,29.299999237060547,29.450000762939453,20017,0.0,0.0
2023-07-21 11:00:00+08:00,29.299999237060547,29.450000762939453,29.25,29.350000381469727,4017,0.0,0.0
2023-07-21 12:00:00+08:00,29.299999237060547,29.450000762939453,29.25,29.450000762939453,10051,0.0,0.0
2023-07-21 13:00:00+08:00,29.399999618530273,29.399999618530273,29.399999618530273,29.399999618530273,4000,0.0,0.0
2023-07-24 09:00:00+08:00,29.5,29.5,29.350000381469727,29.350000381469727,0,0.0,0.0
2023-07-24 10:00:00+08:00,29.399999618530273,29.399999618530273,29.200000762939453,29.200000762939453,11000,0.0,0.0
2023-07-24 11:00:00+08:00,29.200000762939453,29.450000762939453,29.200000762939453,29.450000762939453,11000,0.0,0.0
2023-07-24 12:00:00+08:00,29.200000762939453,29.399999618530273,29.200000762939453,29.200000762939453,10209,0.0,0.0
2023-07-24 13:00:00+08:00,29.149999618530273,29.399999618530273,29.149999618530273,29.399999618530273,12010,0.0,0.0
2023-07-25 09:00:00+08:00,29.299999237060547,29.399999618530273,29.299999237060547,29.350000381469727,9000,0.0,0.0
2023-07-25 10:00:00+08:00,29.350000381469727,29.600000381469727,29.350000381469727,29.549999237060547,31206,0.0,0.0
2023-07-25 11:00:00+08:00,29.399999618530273,29.5,29.350000381469727,29.5,16000,0.0,0.0
2023-07-25 12:00:00+08:00,29.25,29.350000381469727,29.049999237060547,29.350000381469727,18233,0.0,0.0
2023-07-25 13:00:00+08:00,29.299999237060547,29.350000381469727,29.299999237060547,29.350000381469727,9095,0.0,0.0
2023-07-26 09:00:00+08:00,29.399999618530273,29.399999618530273,29.149999618530273,29.149999618530273,0,0.0,0.0
2023-07-26 10:00:00+08:00,29.100000381469727,29.200000762939453,29.100000381469727,29.200000762939453,2000,0.0,0.0
2023-07-26 11:00:00+08:00,29.200000762939453,29.25,29.200000762939453,29.25,6010,0.0,0.0
2023-07-26 12:00:00+08:00,29.200000762939453,29.25,29.200000762939453,29.25,11000,0.0,0.0
2023-07-26 13:00:00+08:00,29.149999618530273,29.25,29.149999618530273,29.25,3000,0.0,0.0
2023-07-27 09:00:00+08:00,29.649999618530273,29.649999618530273,29.350000381469727,29.450000762939453,9360,0.0,0.0
2023-07-27 10:00:00+08:00,29.350000381469727,29.399999618530273,29.299999237060547,29.399999618530273,6000,0.0,0.0
2023-07-27 11:00:00+08:00,29.399999618530273,29.399999618530273,29.399999618530273,29.399999618530273,2000,0.0,0.0
2023-07-27 12:00:00+08:00,29.350000381469727,29.350000381469727,29.299999237060547,29.299999237060547,5002,0.0,0.0
2023-07-27 13:00:00+08:00,29.299999237060547,29.350000381469727,29.299999237060547,29.350000381469727,10000,0.0,0.0
2023-07-28 09:00:00+08:00,29.25,29.25,29.25,29.25,2000,0.0,0.0
2023-07-28 10:00:00+08:00,29.5,29.5,29.5,29.5,2000,0.0,0.0
2023-07-28 11:00:00+08:00,29.399999618530273,29.399999618530273,29.399999618530273,29.399999618530273,4000,0.0,0.0
2023-07-31 09:00:00+08:00,29.5,29.5,29.450000762939453,29.450000762939453,0,0.0,0.0
2023-07-31 10:00:00+08:00,29.450000762939453,29.450000762939453,29.450000762939453,29.450000762939453,4029,0.0,0.0
2023-07-31 11:00:00+08:00,29.350000381469727,29.350000381469727,29.100000381469727,29.299999237060547,20000,0.0,0.0
2023-07-31 12:00:00+08:00,29.149999618530273,29.450000762939453,29.100000381469727,29.450000762939453,31000,0.0,0.0
2023-07-31 13:00:00+08:00,29.350000381469727,29.450000762939453,29.350000381469727,29.450000762939453,0,0.0,0.0
2023-08-01 09:00:00+08:00,29.649999618530273,29.649999618530273,29.399999618530273,29.399999618530273,27558,0.0,0.0
2023-08-01 10:00:00+08:00,29.25,29.450000762939453,29.25,29.450000762939453,8000,0.0,0.0
2023-08-01 11:00:00+08:00,29.299999237060547,29.399999618530273,29.299999237060547,29.399999618530273,7000,0.0,0.0
2023-08-01 12:00:00+08:00,29.399999618530273,29.399999618530273,29.399999618530273,29.399999618530273,7007,0.0,0.0
2023-08-01 13:00:00+08:00,29.25,29.450000762939453,29.149999618530273,29.450000762939453,0,0.0,0.0
2023-08-02 09:00:00+08:00,29.549999237060547,29.549999237060547,29.350000381469727,29.399999618530273,20049,0.0,0.0
2023-08-02 10:00:00+08:00,29.350000381469727,29.350000381469727,29.350000381469727,29.350000381469727,2000,0.0,0.0
2023-08-02 11:00:00+08:00,29.350000381469727,29.399999618530273,29.299999237060547,29.299999237060547,17000,0.0,0.0
2023-08-02 12:00:00+08:00,29.25,29.25,29.25,29.25,2000,0.0,0.0
2023-08-02 13:00:00+08:00,29.200000762939453,29.399999618530273,29.200000762939453,29.399999618530273,10000,0.0,0.0
2023-08-04 09:00:00+08:00,29.299999237060547,29.649999618530273,29.25,29.350000381469727,0,0.0,0.0
2023-08-04 10:00:00+08:00,29.350000381469727,29.350000381469727,29.299999237060547,29.299999237060547,13000,0.0,0.0
2023-08-04 11:00:00+08:00,29.350000381469727,29.350000381469727,29.299999237060547,29.350000381469727,8000,0.0,0.0
2023-08-04 12:00:00+08:00,29.299999237060547,29.299999237060547,29.25,29.25,5000,0.0,0.0
2023-08-04 13:00:00+08:00,29.350000381469727,29.350000381469727,29.350000381469727,29.350000381469727,2200,0.0,0.0
2023-08-07 09:00:00+08:00,29.649999618530273,30.25,29.549999237060547,29.549999237060547,0,0.0,0.0
2023-08-07 10:00:00+08:00,29.5,29.5,29.5,29.5,4000,0.0,0.0
2023-08-07 12:00:00+08:00,29.5,29.5,29.450000762939453,29.450000762939453,9008,0.0,0.0
2023-08-07 13:00:00+08:00,29.549999237060547,29.649999618530273,29.549999237060547,29.549999237060547,7002,0.0,0.0
2023-08-08 09:00:00+08:00,29.5,29.649999618530273,29.450000762939453,29.549999237060547,33044,0.0,0.0
2023-08-08 10:00:00+08:00,29.549999237060547,29.549999237060547,29.5,29.5,6000,0.0,0.0
2023-08-08 11:00:00+08:00,29.5,29.549999237060547,29.5,29.549999237060547,7000,0.0,0.0
2023-08-08 12:00:00+08:00,29.450000762939453,29.450000762939453,29.450000762939453,29.450000762939453,3010,0.0,0.0
2023-08-08 13:00:00+08:00,29.450000762939453,29.450000762939453,29.450000762939453,29.450000762939453,2000,0.0,0.0
2023-08-09 09:00:00+08:00,29.75,29.75,29.450000762939453,29.5,10005,0.0,0.0
2023-08-09 10:00:00+08:00,29.450000762939453,29.450000762939453,29.450000762939453,29.450000762939453,7010,0.0,0.0
2023-08-09 11:00:00+08:00,29.450000762939453,29.450000762939453,29.450000762939453,29.450000762939453,1000,0.0,0.0
2023-08-09 12:00:00+08:00,29.450000762939453,29.450000762939453,29.299999237060547,29.299999237060547,14010,0.0,0.0
2023-08-09 13:00:00+08:00,29.399999618530273,29.600000381469727,29.399999618530273,29.600000381469727,0,0.0,0.0
2023-08-10 09:00:00+08:00,29.700000762939453,29.700000762939453,29.25,29.549999237060547,14000,0.0,0.0
2023-08-10 10:00:00+08:00,29.450000762939453,29.450000762939453,29.450000762939453,29.450000762939453,4000,0.0,0.0
2023-08-10 11:00:00+08:00,29.299999237060547,29.450000762939453,29.25,29.450000762939453,10000,0.0,0.0
2023-08-10 12:00:00+08:00,29.25,29.25,29.0,29.200000762939453,16000,0.0,0.0
2023-08-10 13:00:00+08:00,29.149999618530273,29.399999618530273,29.149999618530273,29.399999618530273,0,0.0,0.0
2023-08-11 09:00:00+08:00,29.5,29.5,29.149999618530273,29.350000381469727,8000,0.0,0.0
2023-08-11 10:00:00+08:00,29.299999237060547,29.350000381469727,29.149999618530273,29.25,13001,0.0,0.0
2023-08-11 11:00:00+08:00,29.149999618530273,29.149999618530273,29.0,29.0,11020,0.0,0.0
2023-08-11 12:00:00+08:00,29.049999237060547,29.200000762939453,29.0,29.0,4089,0.0,0.0
2023-08-11 13:00:00+08:00,29.0,29.299999237060547,29.0,29.299999237060547,0,0.0,0.0
2023-08-14 09:00:00+08:00,29.25,29.25,28.950000762939453,29.25,19015,0.0,0.0
2023-08-14 10:00:00+08:00,29.049999237060547,29.049999237060547,28.950000762939453,28.950000762939453,9022,0.0,0.0
2023-08-14 11:00:00+08:00,29.049999237060547,29.049999237060547,28.899999618530273,28.950000762939453,12172,0.0,0.0
2023-08-14 12:00:00+08:00,28.899999618530273,28.950000762939453,28.899999618530273,28.950000762939453,2009,0.0,0.0
2023-08-14 13:00:00+08:00,28.950000762939453,28.950000762939453,28.950000762939453,28.950000762939453,2000,0.0,0.0
2023-08-15 09:00:00+08:00,29.100000381469727,29.100000381469727,28.850000381469727,28.899999618530273,14136,0.0,0.0
2023-08-15 10:00:00+08:00,28.850000381469727,28.850000381469727,28.799999237060547,28.850000381469727,5021,0.0,0.0
2023-08-15 11:00:00+08:00,28.850000381469727,28.899999618530273,28.850000381469727,28.899999618530273,6159,0.0,0.0
2023-08-15 12:00:00+08:00,28.850000381469727,28.899999618530273,28.850000381469727,28.899999618530273,4000,0.0,0.0
2023-08-16 09:00:00+08:00,29.200000762939453,29.200000762939453,28.799999237060547,28.850000381469727,8001,0.0,0.0
2023-08-16 10:00:00+08:00,28.899999618530273,28.950000762939453,28.899999618530273,28.950000762939453,0,0.0,0.0
2023-08-16 11:00:00+08:00,28.850000381469727,28.850000381469727,28.850000381469727,28.850000381469727,19002,0.0,0.0
2023-08-16 13:00:00+08:00,28.950000762939453,28.950000762939453,28.950000762939453,28.950000762939453,3000,0.0,0.0
2023-08-17 09:00:00+08:00,29.100000381469727,29.100000381469727,28.899999618530273,28.950000762939453,11389,0.0,0.0
2023-08-17 10:00:00+08:00,28.950000762939453,28.950000762939453,28.950000762939453,28.950000762939453,10008,0.0,0.0
2023-08-17 11:00:00+08:00,28.950000762939453,28.950000762939453,28.950000762939453,28.950000762939453,0,0.0,0.0
2023-08-17 12:00:00+08:00,29.0,29.149999618530273,29.0,29.0,52503,0.0,0.0
2023-08-17 13:00:00+08:00,29.0,29.0,29.0,29.0,0,0.0,0.0
2023-08-18 09:00:00+08:00,29.149999618530273,29.149999618530273,29.0,29.049999237060547,10000,0.0,0.0
2023-08-18 10:00:00+08:00,29.049999237060547,29.049999237060547,28.799999237060547,29.049999237060547,25687,0.0,0.0
2023-08-18 11:00:00+08:00,29.049999237060547,29.049999237060547,29.049999237060547,29.049999237060547,3001,0.0,0.0
2023-08-18 12:00:00+08:00,28.850000381469727,28.850000381469727,28.850000381469727,28.850000381469727,9000,0.0,0.0
2023-08-18 13:00:00+08:00,28.950000762939453,28.950000762939453,28.950000762939453,28.950000762939453,2000,0.0,0.0
2023-08-21 09:00:00+08:00,28.950000762939453,28.950000762939453,28.799999237060547,28.950000762939453,0,0.0,0.0
2023-08-21 10:00:00+08:00,28.899999618530273,28.899999618530273,28.899999618530273,28.899999618530273,2035,0.0,0.0
2023-08-21 11:00:00+08:00,28.899999618530273,28.899999618530273,28.850000381469727,28.850000381469727,8095,0.0,0.0
2023-08-21 12:00:00+08:00,28.850000381469727,28.850000381469727,28.850000381469727,28.850000381469727,4612,0.0,0.0
2023-08-21 13:00:00+08:00,28.850000381469727,28.850000381469727,28.850000381469727,28.850000381469727,1000,0.0,0.0
2023-08-22 09:00:00+08:00,28.899999618530273,29.100000381469727,28.850000381469727,28.950000762939453,34000,0.0,0.0
2023-08-22 10:00:00+08:00,28.950000762939453,29.0,28.950000762939453,29.0,20000,0.0,0.0
2023-08-22 11:00:00+08:00,29.0,29.0,29.0,29.0,2000,0.0,0.0
2023-08-22 12:00:00+08:00,29.049999237060547,29.049999237060547,29.0,29.0,2000,0.0,0.0
2023-08-22 13:00:00+08:00,29.0,29.0,29.0,29.0,8000,0.0,0.0
2023-08-23 09:00:00+08:00,29.149999618530273,29.149999618530273,28.850000381469727,28.950000762939453,0,0.0,0.0
2023-08-23 10:00:00+08:00,28.950000762939453,28.950000762939453,28.950000762939453,28.950000762939453,2000,0.0,0.0
2023-08-23 11:00:00+08:00,28.899999618530273,28.899999618530273,28.899999618530273,28.899999618530273,2008,0.0,0.0
2023-08-23 12:00:00+08:00,28.950000762939453,28.950000762939453,28.950000762939453,28.950000762939453,3000,0.0,0.0
2023-08-23 13:00:00+08:00,28.950000762939453,28.950000762939453,28.950000762939453,28.950000762939453,0,0.0,0.0
2023-08-24 09:00:00+08:00,29.049999237060547,29.049999237060547,28.850000381469727,29.0,9000,0.0,0.0
2023-08-24 10:00:00+08:00,28.899999618530273,28.950000762939453,28.899999618530273,28.950000762939453,6010,0.0,0.0
2023-08-24 11:00:00+08:00,28.899999618530273,28.899999618530273,28.899999618530273,28.899999618530273,3000,0.0,0.0
2023-08-24 12:00:00+08:00,28.850000381469727,28.850000381469727,28.799999237060547,28.799999237060547,22000,0.0,0.0
2023-08-24 13:00:00+08:00,28.799999237060547,28.899999618530273,28.799999237060547,28.899999618530273,3000,0.0,0.0
2023-08-25 09:00:00+08:00,29.0,29.0,28.950000762939453,29.0,6020,0.0,0.0
2023-08-25 10:00:00+08:00,28.899999618530273,28.899999618530273,28.899999618530273,28.899999618530273,5028,0.0,0.0
2023-08-25 11:00:00+08:00,28.850000381469727,28.850000381469727,28.850000381469727,28.850000381469727,0,0.0,0.0
2023-08-25 12:00:00+08:00,28.799999237060547,28.799999237060547,28.700000762939453,28.799999237060547,34048,0.0,0.0
2023-08-25 13:00:00+08:00,28.850000381469727,28.899999618530273,28.850000381469727,28.899999618530273,6000,0.0,0.0
2023-08-28 09:00:00+08:00,29.100000381469727,29.100000381469727,28.899999618530273,29.0,18952,0.0,0.0
2023-08-28 10:00:00+08:00,29.0,29.049999237060547,29.0,29.049999237060547,13040,0.0,0.0
2023-08-28 11:00:00+08:00,29.049999237060547,29.049999237060547,28.899999618530273,28.950000762939453,39000,0.0,0.0
2023-08-28 12:00:00+08:00,28.899999618530273,28.899999618530273,28.899999618530273,28.899999618530273,0,0.0,0.0
2023-08-29 09:00:00+08:00,28.899999618530273,29.0,28.700000762939453,28.850000381469727,19000,0.0,0.0
2023-08-29 10:00:00+08:00,28.850000381469727,28.850000381469727,28.850000381469727,28.850000381469727,2000,0.0,0.0
2023-08-29 11:00:00+08:00,28.850000381469727,28.850000381469727,28.850000381469727,28.850000381469727,1040,0.0,0.0
2023-08-29 12:00:00+08:00,28.850000381469727,28.850000381469727,28.799999237060547,28.799999237060547,2000,0.0,0.0
2023-08-29 13:00:00+08:00,28.850000381469727,28.850000381469727,28.799999237060547,28.850000381469727,7000,0.0,0.0
2023-08-30 09:00:00+08:00,28.850000381469727,28.850000381469727,28.799999237060547,28.799999237060547,8110,0.0,0.0
2023-08-30 10:00:00+08:00,28.75,28.799999237060547,28.75,28.799999237060547,18010,0.0,0.0
2023-08-30 11:00:00+08:00,28.850000381469727,28.850000381469727,28.850000381469727,28.850000381469727,1000,0.0,0.0
2023-08-30 12:00:00+08:00,28.799999237060547,28.799999237060547,28.799999237060547,28.799999237060547,7000,0.0,0.0
2023-08-31 09:00:00+08:00,28.75,28.950000762939453,28.75,28.950000762939453,0,0.0,0.0
2023-08-31 11:00:00+08:00,28.899999618530273,28.950000762939453,28.899999618530273,28.899999618530273,19000,0.0,0.0
2023-08-31 12:00:00+08:00,28.899999618530273,28.899999618530273,28.850000381469727,28.850000381469727,0,0.0,0.0
2023-08-31 13:00:00+08:00,28.850000381469727,28.850000381469727,28.799999237060547,28.799999237060547,70009,0.0,0.0
2023-09-01 09:00:00+08:00,28.950000762939453,28.950000762939453,28.850000381469727,28.899999618530273,0,0.0,0.0
2023-09-01 10:00:00+08:00,28.899999618530273,28.899999618530273,28.899999618530273,28.899999618530273,8018,0.0,0.0
2023-09-01 11:00:00+08:00,28.850000381469727,28.850000381469727,28.75,28.850000381469727,20061,0.0,0.0
2023-09-01 12:00:00+08:00,28.799999237060547,28.799999237060547,28.799999237060547,28.799999237060547,1000,0.0,0.0
2023-09-01 13:00:00+08:00,28.799999237060547,28.799999237060547,28.799999237060547,28.799999237060547,2000,0.0,0.0
2023-09-04 11:00:00+08:00,28.950000762939453,28.950000762939453,28.950000762939453,28.950000762939453,0,0.0,0.0
2023-09-04 12:00:00+08:00,28.899999618530273,28.899999618530273,28.899999618530273,28.899999618530273,2000,0.0,0.0
2023-09-05 09:00:00+08:00,28.950000762939453,29.0,28.75,28.899999618530273,8056,0.0,0.0
2023-09-05 11:00:00+08:00,28.850000381469727,28.899999618530273,28.799999237060547,28.799999237060547,11008,0.0,0.0
2023-09-05 12:00:00+08:00,28.850000381469727,28.850000381469727,28.850000381469727,28.850000381469727,5000,0.0,0.0
2023-09-06 10:00:00+08:00,28.75,28.75,28.700000762939453,28.700000762939453,2000,0.0,0.0
2023-09-06 13:00:00+08:00,28.75,28.75,28.75,28.75,1000,0.0,0.0
2023-09-07 09:00:00+08:00,28.700000762939453,29.0,28.700000762939453,28.899999618530273,11000,0.0,0.0
2023-09-07 10:00:00+08:00,28.899999618530273,29.0,28.899999618530273,29.0,33000,0.0,0.0
2023-09-07 11:00:00+08:00,28.950000762939453,29.0,28.950000762939453,29.0,4008,0.0,0.0
2023-09-07 13:00:00+08:00,28.899999618530273,28.899999618530273,28.899999618530273,28.899999618530273,14000,0.0,0.0
2023-09-08 09:00:00+08:00,30.149999618530273,30.149999618530273,29.399999618530273,29.5,16827,0.0,0.0
2023-09-08 10:00:00+08:00,29.5,29.600000381469727,29.450000762939453,29.600000381469727,14100,0.0,0.0
2023-09-08 11:00:00+08:00,29.600000381469727,29.700000762939453,29.600000381469727,29.600000381469727,6000,0.0,0.0
2023-09-08 12:00:00+08:00,29.549999237060547,29.700000762939453,29.549999237060547,29.700000762939453,20000,0.0,0.0
2023-09-08 13:00:00+08:00,29.700000762939453,29.700000762939453,29.700000762939453,29.700000762939453,2033,0.0,0.0
2023-09-11 09:00:00+08:00,30.200000762939453,30.200000762939453,29.899999618530273,30.0,0,0.0,0.0
2023-09-11 10:00:00+08:00,30.0,30.0,30.0,30.0,17000,0.0,0.0
2023-09-11 11:00:00+08:00,29.950000762939453,30.0,29.950000762939453,30.0,25000,0.0,0.0
2023-09-11 12:00:00+08:00,30.0,30.0,30.0,30.0,16000,0.0,0.0
2023-09-11 13:00:00+08:00,29.950000762939453,30.0,29.950000762939453,30.0,7000,0.0,0.0
2023-09-12 09:00:00+08:00,30.049999237060547,30.649999618530273,30.049999237060547,30.450000762939453,0,0.0,0.0
2023-09-12 10:00:00+08:00,30.450000762939453,30.5,30.450000762939453,30.5,14000,0.0,0.0
2023-09-12 11:00:00+08:00,30.5,30.950000762939453,30.5,30.950000762939453,61448,0.0,0.0
2023-09-12 12:00:00+08:00,30.899999618530273,30.899999618530273,30.649999618530273,30.75,17010,0.0,0.0
2023-09-12 13:00:00+08:00,30.799999237060547,31.0,30.799999237060547,31.0,45000,0.0,0.0
2023-09-13 09:00:00+08:00,31.850000381469727,33.150001525878906,31.850000381469727,32.400001525878906,53093,0.0,0.0
2023-09-13 10:00:00+08:00,32.45000076293945,32.599998474121094,32.150001525878906,32.29999923706055,78139,0.0,0.0
2023-09-13 11:00:00+08:00,32.400001525878906,32.45000076293945,32.29999923706055,32.29999923706055,16006,0.0,0.0
2023-09-13 12:00:00+08:00,32.349998474121094,32.5,32.29999923706055,32.29999923706055,0,0.0,0.0
2023-09-13 13:00:00+08:00,32.349998474121094,32.400001525878906,32.25,32.25,452052,0.0,0.0
2023-09-14 09:00:00+08:00,32.0,32.599998474121094,32.0,32.25,0,0.0,0.0
2023-09-14 10:00:00+08:00,32.20000076293945,32.349998474121094,32.04999923706055,32.099998474121094,50029,0.0,0.0
2023-09-14 11:00:00+08:00,32.099998474121094,32.099998474121094,32.099998474121094,32.099998474121094,7000,0.0,0.0
2023-09-14 12:00:00+08:00,32.04999923706055,32.04999923706055,32.0,32.0,18000,0.0,0.0
2023-09-14 13:00:00+08:00,32.0,32.099998474121094,31.899999618530273,32.0,25455,0.0,0.0
2023-09-15 09:00:00+08:00,32.599998474121094,32.599998474121094,31.950000762939453,31.950000762939453,0,0.0,0.0
2023-09-15 10:00:00+08:00,32.25,32.349998474121094,32.25,32.29999923706055,39054,0.0,0.0
2023-09-15 11:00:00+08:00,32.29999923706055,32.29999923706055,32.099998474121094,32.150001525878906,8000,0.0,0.0
2023-09-15 12:00:00+08:00,32.29999923706055,32.5,32.29999923706055,32.349998474121094,36001,0.0,0.0
2023-09-15 13:00:00+08:00,32.349998474121094,32.45000076293945,32.349998474121094,32.45000076293945,14145,0.0,0.0
2023-09-18 09:00:00+08:00,32.54999923706055,32.75,32.54999923706055,32.75,0,0.0,0.0
2023-09-18 10:00:00+08:00,32.75,33.0,32.75,32.79999923706055,49600,0.0,0.0
2023-09-18 11:00:00+08:00,32.79999923706055,32.849998474121094,32.650001525878906,32.849998474121094,23050,0.0,0.0
2023-09-18 12:00:00+08:00,32.75,32.75,32.650001525878906,32.650001525878906,5000,0.0,0.0
2023-09-18 13:00:00+08:00,32.650001525878906,32.79999923706055,32.650001525878906,32.79999923706055,4140,0.0,0.0
2023-09-19 09:00:00+08:00,32.95000076293945,33.29999923706055,32.95000076293945,33.04999923706055,62506,0.0,0.0
2023-09-19 11:00:00+08:00,33.0,33.0,32.95000076293945,33.0,23000,0.0,0.0
2023-09-19 12:00:00+08:00,32.900001525878906,32.95000076293945,32.75,32.95000076293945,14140,0.0,0.0
2023-09-19 13:00:00+08:00,32.95000076293945,32.95000076293945,32.79999923706055,32.900001525878906,9050,0.0,0.0
2023-09-20 09:00:00+08:00,33.0,33.25,32.95000076293945,33.099998474121094,0,0.0,0.0
2023-09-20 10:00:00+08:00,33.04999923706055,33.04999923706055,33.0,33.0,10000,0.0,0.0
2023-09-20 11:00:00+08:00,32.95000076293945,33.0,32.900001525878906,33.0,21005,0.0,0.0
2023-09-20 12:00:00+08:00,32.79999923706055,33.099998474121094,32.79999923706055,33.099998474121094,67000,0.0,0.0
2023-09-20 13:00:00+08:00,32.650001525878906,32.650001525878906,32.650001525878906,32.650001525878906,1000,0.0,0.0
2023-09-21 09:00:00+08:00,32.95000076293945,33.25,32.849998474121094,32.849998474121094,0,0.0,0.0
2023-09-21 10:00:00+08:00,32.900001525878906,32.900001525878906,32.79999923706055,32.849998474121094,7000,0.0,0.0
2023-09-21 11:00:00+08:00,32.79999923706055,33.0,32.75,32.95000076293945,24000,0.0,0.0
2023-09-21 12:00:00+08:00,32.849998474121094,32.849998474121094,32.79999923706055,32.79999923706055,12000,0.0,0.0
2023-09-21 13:00:00+08:00,32.849998474121094,32.900001525878906,32.849998474121094,32.900001525878906,7000,0.0,0.0
2023-09-22 09:00:00+08:00,32.95000076293945,33.150001525878906,32.849998474121094,33.150001525878906,0,0.0,0.0
2023-09-22 10:00:00+08:00,33.04999923706055,33.04999923706055,33.04999923706055,33.04999923706055,6300,0.0,0.0
2023-09-22 11:00:00+08:00,33.0,33.0,33.0,33.0,13012,0.0,0.0
2023-09-22 13:00:00+08:00,32.95000076293945,33.0,32.95000076293945,33.0,3000,0.0,0.0
2023-09-25 09:00:00+08:00,33.0,33.25,33.0,33.25,0,0.0,0.0
2023-09-25 10:00:00+08:00,33.20000076293945,33.20000076293945,33.099998474121094,33.150001525878906,7054,0.0,0.0
2023-09-25 11:00:00+08:00,33.04999923706055,33.04999923706055,33.0,33.0,25000,0.0,0.0
2023-09-25 12:00:00+08:00,33.0,33.0,32.95000076293945,32.95000076293945,9000,0.0,0.0
2023-09-25 13:00:00+08:00,33.04999923706055,33.04999923706055,33.04999923706055,33.04999923706055,2000,0.0,0.0
2023-09-26 09:00:00+08:00,33.0,33.150001525878906,33.0,33.099998474121094,0,0.0,0.0
2023-09-26 10:00:00+08:00,33.04999923706055,33.04999923706055,32.849998474121094,33.0,23000,0.0,0.0
2023-09-26 11:00:00+08:00,33.0,33.04999923706055,33.0,33.0,16050,0.0,0.0
2023-09-26 12:00:00+08:00,33.0,33.0,32.95000076293945,32.95000076293945,12000,0.0,0.0
2023-09-26 13:00:00+08:00,32.95000076293945,33.0,32.95000076293945,33.0,4000,0.0,0.0
2023-09-27 09:00:00+08:00,33.099998474121094,33.099998474121094,32.900001525878906,33.099998474121094,0,0.0,0.0
2023-09-27 10:00:00+08:00,33.099998474121094,33.099998474121094,33.0,33.0,19000,0.0,0.0
2023-09-27 11:00:00+08:00,33.0,33.0,33.0,33.0,5000,0.0,0.0
2023-09-27 12:00:00+08:00,32.95000076293945,32.95000076293945,32.900001525878906,32.95000076293945,11000,0.0,0.0
2023-09-27 13:00:00+08:00,32.95000076293945,33.0,32.95000076293945,33.0,5000,0.0,0.0
2023-09-28 09:00:00+08:00,33.0,33.29999923706055,33.0,33.150001525878906,0,0.0,0.0
2023-09-28 10:00:00+08:00,33.04999923706055,33.04999923706055,33.04999923706055,33.04999923706055,2000,0.0,0.0
2023-09-28 11:00:00+08:00,33.04999923706055,33.04999923706055,32.95000076293945,32.95000076293945,6000,0.0,0.0
2023-09-28 12:00:00+08:00,32.95000076293945,33.0,32.95000076293945,33.0,5036,0.0,0.0
2023-09-28 13:00:00+08:00,33.0,33.0,32.95000076293945,32.95000076293945,6000,0.0,0.0
2023-10-02 09:00:00+08:00,32.95000076293945,33.20000076293945,32.95000076293945,33.150001525878906,0,0.0,0.0
2023-10-02 10:00:00+08:00,33.04999923706055,33.04999923706055,33.04999923706055,33.04999923706055,9000,0.0,0.0
2023-10-02 11:00:00+08:00,33.04999923706055,33.150001525878906,32.95000076293945,33.150001525878906,40012,0.0,0.0
2023-10-02 12:00:00+08:00,33.0,33.0,32.95000076293945,32.95000076293945,2120,0.0,0.0
2023-10-02 13:00:00+08:00,33.0,33.0,33.0,33.0,4091,0.0,0.0
2023-10-03 09:00:00+08:00,32.95000076293945,33.099998474121094,32.900001525878906,33.04999923706055,0,0.0,0.0
2023-10-03 10:00:00+08:00,33.0,33.0,33.0,33.0,2000,0.0,0.0
2023-10-03 11:00:00+08:00,32.95000076293945,32.95000076293945,32.900001525878906,32.900001525878906,9012,0.0,0.0
2023-10-03 13:00:00+08:00,32.900001525878906,32.900001525878906,32.900001525878906,32.900001525878906,3000,0.0,0.0
2023-10-04 09:00:00+08:00,33.0,33.150001525878906,32.900001525878906,33.0,0,0.0,0.0
2023-10-04 10:00:00+08:00,33.04999923706055,33.04999923706055,33.04999923706055,33.04999923706055,1000,0.0,0.0
2023-10-04 11:00:00+08:00,33.0,33.0,33.0,33.0,0,0.0,0.0
2023-10-04 12:00:00+08:00,32.95000076293945,33.0,32.95000076293945,33.0,37000,0.0,0.0
2023-10-04 13:00:00+08:00,32.95000076293945,33.0,32.95000076293945,33.0,2000,0.0,0.0
2023-10-05 09:00:00+08:00,33.099998474121094,33.099998474121094,33.099998474121094,33.099998474121094,0,0.0,0.0
2023-10-05 10:00:00+08:00,33.0,33.0,32.900001525878906,32.900001525878906,13010,0.0,0.0
2023-10-05 11:00:00+08:00,33.0,33.0,33.0,33.0,16001,0.0,0.0
2023-10-05 12:00:00+08:00,32.900001525878906,33.0,32.900001525878906,33.0,14000,0.0,0.0
2023-10-05 13:00:00+08:00,33.04999923706055,33.04999923706055,33.04999923706055,33.04999923706055,7020,0.0,0.0
2023-10-06 09:00:00+08:00,33.0,33.099998474121094,33.0,33.04999923706055,0,0.0,0.0
2023-10-06 10:00:00+08:00,32.95000076293945,33.099998474121094,32.95000076293945,33.099998474121094,6000,0.0,0.0
2023-10-06 11:00:00+08:00,33.0,33.0,33.0,33.0,4000,0.0,0.0
2023-10-06 12:00:00+08:00,33.0,33.0,33.0,33.0,1060,0.0,0.0
2023-10-06 13:00:00+08:00,32.95000076293945,33.0,32.95000076293945,33.0,8000,0.0,0.0
2023-10-11 09:00:00+08:00,33.099998474121094,33.099998474121094,33.0,33.04999923706055,0,0.0,0.0
2023-10-11 10:00:00+08:00,33.04999923706055,33.04999923706055,33.0,33.0,32100,0.0,0.0
2023-10-11 11:00:00+08:00,33.0,33.0,32.95000076293945,32.95000076293945,17000,0.0,0.0
2023-10-11 12:00:00+08:00,32.95000076293945,33.0,32.95000076293945,33.0,10000,0.0,0.0
2023-10-12 09:00:00+08:00,33.0,33.04999923706055,33.0,33.04999923706055,23055,0.0,0.0
2023-10-12 10:00:00+08:00,33.04999923706055,33.04999923706055,32.95000076293945,33.0,19100,0.0,0.0
2023-10-12 11:00:00+08:00,33.0,33.0,33.0,33.0,2055,0.0,0.0
2023-10-12 12:00:00+08:00,33.0,33.0,33.0,33.0,5000,0.0,0.0
2023-10-12 13:00:00+08:00,33.0,33.0,33.0,33.0,9500,0.0,0.0
2023-10-13 09:00:00+08:00,32.900001525878906,33.099998474121094,32.900001525878906,33.04999923706055,0,0.0,0.0
2023-10-13 10:00:00+08:00,33.0,33.04999923706055,33.0,33.0,17226,0.0,0.0
2023-10-13 13:00:00+08:00,33.04999923706055,33.04999923706055,33.04999923706055,33.04999923706055,1000,0.0,0.0
2023-10-16 09:00:00+08:00,33.099998474121094,33.099998474121094,33.0,33.099998474121094,0,0.0,0.0
2023-10-16 10:00:00+08:00,33.099998474121094,33.150001525878906,33.04999923706055,33.150001525878906,29146,0.0,0.0
2023-10-16 11:00:00+08:00,33.20000076293945,33.25,33.04999923706055,33.20000076293945,17199,0.0,0.0
2023-10-16 12:00:00+08:00,33.099998474121094,33.20000076293945,33.04999923706055,33.099998474121094,0,0.0,0.0
2023-10-16 13:00:00+08:00,33.099998474121094,33.099998474121094,33.099998474121094,33.099998474121094,82730,0.0,0.0
2023-10-17 09:00:00+08:00,33.099998474121094,33.79999923706055,33.099998474121094,33.5,1618,0.0,0.0
2023-10-17 10:00:00+08:00,33.5,33.5,33.5,33.5,14200,0.0,0.0
2023-10-17 11:00:00+08:00,33.45000076293945,33.5,33.45000076293945,33.5,14000,0.0,0.0
2023-10-17 12:00:00+08:00,33.599998474121094,33.79999923706055,33.599998474121094,33.75,45430,0.0,0.0
2023-10-17 13:00:00+08:00,33.75,33.75,33.650001525878906,33.650001525878906,20000,0.0,0.0
2023-10-18 09:00:00+08:00,34.0,34.04999923706055,33.75,34.0,0,0.0,0.0
2023-10-18 10:00:00+08:00,33.900001525878906,34.0,33.849998474121094,33.849998474121094,20000,0.0,0.0
2023-10-18 11:00:00+08:00,33.849998474121094,33.95000076293945,33.849998474121094,33.900001525878906,20160,0.0,0.0
2023-10-18 12:00:00+08:00,33.900001525878906,33.900001525878906,33.70000076293945,33.70000076293945,30210,0.0,0.0
2023-10-18 13:00:00+08:00,33.70000076293945,33.75,33.70000076293945,33.75,4000,0.0,0.0
2023-10-19 09:00:00+08:00,34.0,34.0,33.849998474121094,33.900001525878906,0,0.0,0.0
2023-10-19 10:00:00+08:00,33.900001525878906,34.0,33.900001525878906,33.95000076293945,21000,0.0,0.0
2023-10-19 11:00:00+08:00,33.900001525878906,33.900001525878906,33.900001525878906,33.900001525878906,7000,0.0,0.0
2023-10-19 12:00:00+08:00,33.79999923706055,33.95000076293945,33.79999923706055,33.900001525878906,12282,0.0,0.0
2023-10-19 13:00:00+08:00,33.900001525878906,33.900001525878906,33.849998474121094,33.849998474121094,5000,0.0,0.0
2023-10-20 09:00:00+08:00,33.75,33.95000076293945,33.75,33.95000076293945,0,0.0,0.0
2023-10-20 10:00:00+08:00,33.79999923706055,33.95000076293945,33.70000076293945,33.95000076293945,27100,0.0,0.0
2023-10-20 11:00:00+08:00,34.0,34.099998474121094,34.0,34.0,28060,0.0,0.0
2023-10-20 12:00:00+08:00,34.0,34.0,33.95000076293945,34.0,12190,0.0,0.0
2023-10-23 09:00:00+08:00,33.900001525878906,34.20000076293945,33.900001525878906,34.0,0,0.0,0.0
2023-10-23 10:00:00+08:00,34.04999923706055,34.04999923706055,34.0,34.0,12000,0.0,0.0
2023-10-23 11:00:00+08:00,34.0,34.0,34.0,34.0,13000,0.0,0.0
2023-10-23 12:00:00+08:00,34.0,34.0,33.599998474121094,34.0,20089,0.0,0.0
2023-10-23 13:00:00+08:00,33.95000076293945,33.95000076293945,33.95000076293945,33.95000076293945,9000,0.0,0.0
2023-10-24 09:00:00+08:00,34.0,34.29999923706055,34.0,34.099998474121094,30000,0.0,0.0
2023-10-24 10:00:00+08:00,34.04999923706055,34.04999923706055,33.95000076293945,33.95000076293945,22000,0.0,0.0
2023-10-24 11:00:00+08:00,34.0,34.0,33.900001525878906,33.95000076293945,15000,0.0,0.0
2023-10-24 12:00:00+08:00,33.95000076293945,33.95000076293945,33.95000076293945,33.95000076293945,5000,0.0,0.0
2023-10-24 13:00:00+08:00,33.900001525878906,33.95000076293945,33.900001525878906,33.95000076293945,4000,0.0,0.0
2023-10-25 09:00:00+08:00,34.0,34.04999923706055,34.0,34.04999923706055,0,0.0,0.0
2023-10-25 10:00:00+08:00,34.0,34.099998474121094,34.0,34.099998474121094,20100,0.0,0.0
2023-10-25 11:00:00+08:00,34.099998474121094,34.099998474121094,34.0,34.0,20234,0.0,0.0
2023-10-25 12:00:00+08:00,34.04999923706055,34.04999923706055,34.04999923706055,34.04999923706055,1000,0.0,0.0
2023-10-25 13:00:00+08:00,34.0,34.0,33.900001525878906,33.900001525878906,10070,0.0,0.0
2023-10-26 09:00:00+08:00,33.900001525878906,33.95000076293945,33.849998474121094,33.95000076293945,0,0.0,0.0
2023-10-26 11:00:00+08:00,33.95000076293945,33.95000076293945,33.95000076293945,33.95000076293945,6000,0.0,0.0
2023-10-26 12:00:00+08:00,34.0,34.0,33.900001525878906,33.900001525878906,5000,0.0,0.0
2023-10-26 13:00:00+08:00,33.849998474121094,33.849998474121094,33.79999923706055,33.79999923706055,18000,0.0,0.0
2023-10-27 09:00:00+08:00,34.0,34.20000076293945,34.0,34.150001525878906,0,0.0,0.0
2023-10-27 11:00:00+08:00,34.0,34.099998474121094,33.900001525878906,34.099998474121094,5000,0.0,0.0
2023-10-27 12:00:00+08:00,34.0,34.0,34.0,34.0,13304,0.0,0.0
2023-10-30 09:00:00+08:00,34.0,34.0,33.95000076293945,33.95000076293945,0,0.0,0.0
2023-10-30 10:00:00+08:00,33.95000076293945,33.95000076293945,33.95000076293945,33.95000076293945,10000,0.0,0.0
2023-10-30 11:00:00+08:00,33.95000076293945,33.95000076293945,33.95000076293945,33.95000076293945,2000,0.0,0.0
2023-10-30 12:00:00+08:00,33.849998474121094,33.849998474121094,33.849998474121094,33.849998474121094,3000,0.0,0.0
2023-10-31 09:00:00+08:00,34.20000076293945,34.20000076293945,34.0,34.04999923706055,0,0.0,0.0
2023-10-31 10:00:00+08:00,34.04999923706055,34.04999923706055,33.900001525878906,33.95000076293945,13070,0.0,0.0
2023-10-31 11:00:00+08:00,33.95000076293945,33.95000076293945,33.900001525878906,33.900001525878906,2000,0.0,0.0
2023-10-31 12:00:00+08:00,33.849998474121094,33.849998474121094,33.849998474121094,33.849998474121094,3146,0.0,0.0
2023-10-31 13:00:00+08:00,33.849998474121094,33.95000076293945,33.79999923706055,33.95000076293945,11002,0.0,0.0
2023-11-01 09:00:00+08:00,34.04999923706055,34.04999923706055,34.04999923706055,34.04999923706055,0,0.0,0.0
2023-11-01 10:00:00+08:00,34.0,34.0,34.0,34.0,4000,0.0,0.0
2023-11-01 11:00:00+08:00,34.0,34.0,34.0,34.0,5000,0.0,0.0
2023-11-01 12:00:00+08:00,34.0,34.0,34.0,34.0,7150,0.0,0.0
2023-11-01 13:00:00+08:00,33.900001525878906,34.0,33.900001525878906,34.0,0,0.0,0.0
2023-11-02 09:00:00+08:00,34.0,34.04999923706055,33.900001525878906,34.04999923706055,12000,0.0,0.0
2023-11-02 10:00:00+08:00,34.04999923706055,34.04999923706055,34.0,34.0,6000,0.0,0.0
2023-11-02 11:00:00+08:00,34.0,34.04999923706055,34.0,34.04999923706055,9233,0.0,0.0
2023-11-02 12:00:00+08:00,34.099998474121094,34.099998474121094,34.04999923706055,34.04999923706055,9000,0.0,0.0
2023-11-02 13:00:00+08:00,34.04999923706055,34.04999923706055,34.04999923706055,34.04999923706055,1000,0.0,0.0
2023-11-03 09:00:00+08:00,34.04999923706055,34.099998474121094,34.0,34.04999923706055,0,0.0,0.0
2023-11-03 10:00:00+08:00,34.04999923706055,34.04999923706055,34.0,34.0,7000,0.0,0.0
2023-11-03 11:00:00+08:00,34.0,34.25,34.0,34.25,81210,0.0,0.0
2023-11-03 12:00:00+08:00,34.0,34.29999923706055,34.0,34.25,16131,0.0,0.0
2023-11-03 13:00:00+08:00,34.150001525878906,34.150001525878906,34.150001525878906,34.150001525878906,2000,0.0,0.0
2023-11-06 09:00:00+08:00,34.25,34.599998474121094,34.20000076293945,34.349998474121094,0,0.0,0.0
2023-11-06 10:00:00+08:00,34.25,34.29999923706055,34.25,34.29999923706055,42380,0.0,0.0
2023-11-06 11:00:00+08:00,34.29999923706055,34.400001525878906,34.29999923706055,34.400001525878906,10060,0.0,0.0
2023-11-06 12:00:00+08:00,34.400001525878906,34.45000076293945,34.349998474121094,34.400001525878906,16000,0.0,0.0
2023-11-06 13:00:00+08:00,34.400001525878906,34.400001525878906,34.400001525878906,34.400001525878906,1000,0.0,0.0
2023-11-07 09:00:00+08:00,34.45000076293945,34.5,34.29999923706055,34.349998474121094,0,0.0,0.0
2023-11-07 10:00:00+08:00,34.349998474121094,34.349998474121094,34.349998474121094,34.349998474121094,5001,0.0,0.0
2023-11-07 11:00:00+08:00,34.400001525878906,34.400001525878906,34.400001525878906,34.400001525878906,2000,0.0,0.0
2023-11-07 12:00:00+08:00,34.400001525878906,34.400001525878906,34.349998474121094,34.349998474121094,15151,0.0,0.0
2023-11-07 13:00:00+08:00,34.349998474121094,34.45000076293945,34.349998474121094,34.45000076293945,9114,0.0,0.0
2023-11-08 09:00:00+08:00,34.5,34.5,34.349998474121094,34.400001525878906,0,0.0,0.0
2023-11-08 10:00:00+08:00,34.400001525878906,34.400001525878906,34.400001525878906,34.400001525878906,4057,0.0,0.0
2023-11-08 11:00:00+08:00,34.45000076293945,34.45000076293945,34.400001525878906,34.400001525878906,12049,0.0,0.0
2023-11-08 12:00:00+08:00,34.400001525878906,34.400001525878906,34.349998474121094,34.400001525878906,0,0.0,0.0
2023-11-08 13:00:00+08:00,34.400001525878906,34.400001525878906,34.400001525878906,34.400001525878906,49217,0.0,0.0
2023-11-09 09:00:00+08:00,34.5,35.0,34.5,35.0,83183,0.0,0.0
2023-11-09 10:00:00+08:00,35.0,35.0,34.900001525878906,35.0,18210,0.0,0.0
2023-11-09 11:00:00+08:00,34.95000076293945,35.0,34.95000076293945,35.0,16450,0.0,0.0
2023-11-09 12:00:00+08:00,34.95000076293945,35.0,34.95000076293945,34.95000076293945,16012,0.0,0.0
2023-11-09 13:00:00+08:00,34.95000076293945,35.0,34.900001525878906,35.0,14117,0.0,0.0
2023-11-10 09:00:00+08:00,35.400001525878906,36.29999923706055,35.400001525878906,36.0,0,0.0,0.0
2023-11-10 10:00:00+08:00,35.70000076293945,35.95000076293945,35.650001525878906,35.95000076293945,18006,0.0,0.0
2023-11-10 11:00:00+08:00,35.849998474121094,35.900001525878906,35.400001525878906,35.849998474121094,27000,0.0,0.0
2023-11-10 12:00:00+08:00,35.849998474121094,35.849998474121094,35.5,35.599998474121094,17200,0.0,0.0
2023-11-10 13:00:00+08:00,35.599998474121094,35.70000076293945,35.400001525878906,35.70000076293945,9000,0.0,0.0
2023-11-13 09:00:00+08:00,35.95000076293945,35.95000076293945,35.599998474121094,35.79999923706055,0,0.0,0.0
2023-11-13 10:00:00+08:00,35.79999923706055,35.900001525878906,35.79999923706055,35.849998474121094,45000,0.0,0.0
2023-11-13 11:00:00+08:00,35.849998474121094,35.849998474121094,35.849998474121094,35.849998474121094,5000,0.0,0.0
2023-11-13 12:00:00+08:00,35.79999923706055,35.849998474121094,35.75,35.75,27029,0.0,0.0
2023-11-13 13:00:00+08:00,35.79999923706055,35.849998474121094,35.79999923706055,35.849998474121094,2492,0.0,0.0
2023-11-14 09:00:00+08:00,35.650001525878906,35.95000076293945,35.5,35.75,0,0.0,0.0
2023-11-14 10:00:00+08:00,35.70000076293945,35.70000076293945,35.400001525878906,35.650001525878906,13190,0.0,0.0
2023-11-14 11:00:00+08:00,35.650001525878906,35.650001525878906,35.400001525878906,35.400001525878906,5000,0.0,0.0
2023-11-14 12:00:00+08:00,35.599998474121094,35.650001525878906,35.29999923706055,35.650001525878906,0,0.0,0.0
2023-11-14 13:00:00+08:00,35.349998474121094,35.349998474121094,35.29999923706055,35.29999923706055,128340,0.0,0.0
2023-11-15 09:00:00+08:00,35.599998474121094,35.650001525878906,35.349998474121094,35.45000076293945,0,0.0,0.0
2023-11-15 10:00:00+08:00,35.45000076293945,35.54999923706055,35.29999923706055,35.349998474121094,64009,0.0,0.0
2023-11-15 11:00:00+08:00,35.400001525878906,35.45000076293945,35.29999923706055,35.29999923706055,28150,0.0,0.0
2023-11-15 12:00:00+08:00,35.29999923706055,35.349998474121094,35.150001525878906,35.150001525878906,15068,0.0,0.0
2023-11-15 13:00:00+08:00,35.150001525878906,35.349998474121094,35.150001525878906,35.349998474121094,10020,0.0,0.0
2023-11-16 09:00:00+08:00,35.400001525878906,35.45000076293945,35.349998474121094,35.349998474121094,0,0.0,0.0
2023-11-16 10:00:00+08:00,35.349998474121094,35.349998474121094,35.349998474121094,35.349998474121094,24000,0.0,0.0
2023-11-16 11:00:00+08:00,35.400001525878906,35.45000076293945,35.400001525878906,35.45000076293945,13000,0.0,0.0
2023-11-16 12:00:00+08:00,35.400001525878906,35.45000076293945,35.400001525878906,35.45000076293945,64325,0.0,0.0
2023-11-16 13:00:00+08:00,35.400001525878906,35.5,35.20000076293945,35.5,10000,0.0,0.0
2023-11-17 09:00:00+08:00,35.5,35.70000076293945,35.25,35.70000076293945,0,0.0,0.0
2023-11-17 10:00:00+08:00,35.599998474121094,35.70000076293945,35.599998474121094,35.70000076293945,52010,0.0,0.0
2023-11-17 11:00:00+08:00,35.70000076293945,35.75,35.70000076293945,35.75,20021,0.0,0.0
2023-11-17 12:00:00+08:00,35.70000076293945,35.75,35.70000076293945,35.75,17161,0.0,0.0
2023-11-17 13:00:00+08:00,35.70000076293945,35.75,35.70000076293945,35.75,13000,0.0,0.0
2023-11-20 09:00:00+08:00,35.70000076293945,35.79999923706055,35.54999923706055,35.599998474121094,0,0.0,0.0
2023-11-20 10:00:00+08:00,35.75,37.0,35.650001525878906,36.75,279015,0.0,0.0
2023-11-20 11:00:00+08:00,37.0,38.79999923706055,37.0,38.0,432202,0.0,0.0
2023-11-20 12:00:00+08:00,38.099998474121094,38.20000076293945,37.79999923706055,37.900001525878906,230518,0.0,0.0
2023-11-20 13:00:00+08:00,37.900001525878906,37.900001525878906,37.650001525878906,37.849998474121094,238331,0.0,0.0
2023-11-21 09:00:00+08:00,39.400001525878906,39.54999923706055,37.04999923706055,37.75,330702,0.0,0.0
2023-11-21 10:00:00+08:00,37.70000076293945,37.79999923706055,37.400001525878906,37.599998474121094,129318,0.0,0.0
2023-11-21 11:00:00+08:00,37.650001525878906,37.849998474121094,37.45000076293945,37.5,106988,0.0,0.0
2023-11-21 12:00:00+08:00,37.5,37.5,37.20000076293945,37.29999923706055,95307,0.0,0.0
2023-11-21 13:00:00+08:00,37.29999923706055,37.400001525878906,37.0,37.099998474121094,177066,0.0,0.0
2023-11-22 09:00:00+08:00,37.150001525878906,37.54999923706055,36.0,36.70000076293945,0,0.0,0.0
2023-11-22 10:00:00+08:00,36.5,36.70000076293945,36.20000076293945,36.45000076293945,90353,0.0,0.0
2023-11-22 11:00:00+08:00,36.400001525878906,36.400001525878906,36.20000076293945,36.29999923706055,43905,0.0,0.0
2023-11-22 12:00:00+08:00,36.29999923706055,36.400001525878906,36.20000076293945,36.400001525878906,59105,0.0,0.0
2023-11-22 13:00:00+08:00,36.349998474121094,36.400001525878906,36.099998474121094,36.150001525878906,76281,0.0,0.0
2023-11-23 09:00:00+08:00,36.79999923706055,36.79999923706055,36.04999923706055,36.349998474121094,0,0.0,0.0
2023-11-23 10:00:00+08:00,36.349998474121094,36.349998474121094,36.04999923706055,36.349998474121094,72000,0.0,0.0
2023-11-23 11:00:00+08:00,36.400001525878906,36.5,36.099998474121094,36.099998474121094,42000,0.0,0.0
2023-11-23 12:00:00+08:00,36.099998474121094,36.20000076293945,36.099998474121094,36.099998474121094,18000,0.0,0.0
2023-11-23 13:00:00+08:00,36.099998474121094,36.150001525878906,36.099998474121094,36.150001525878906,10104,0.0,0.0
2023-11-24 09:00:00+08:00,36.599998474121094,36.599998474121094,36.099998474121094,36.099998474121094,0,0.0,0.0
2023-11-24 10:00:00+08:00,36.099998474121094,36.25,36.099998474121094,36.150001525878906,20119,0.0,0.0
2023-11-24 11:00:00+08:00,36.150001525878906,36.20000076293945,36.099998474121094,36.099998474121094,38170,0.0,0.0
2023-11-24 12:00:00+08:00,36.099998474121094,36.20000076293945,36.04999923706055,36.20000076293945,22020,0.0,0.0
2023-11-24 13:00:00+08:00,36.099998474121094,36.20000076293945,36.04999923706055,36.20000076293945,14156,0.0,0.0
2023-11-27 09:00:00+08:00,36.20000076293945,36.20000076293945,34.79999923706055,35.0,0,0.0,0.0
2023-11-27 10:00:00+08:00,34.95000076293945,35.0,33.5,34.099998474121094,194147,0.0,0.0
2023-11-27 11:00:00+08:00,34.099998474121094,34.400001525878906,34.099998474121094,34.20000076293945,58401,0.0,0.0
2023-11-27 12:00:00+08:00,34.20000076293945,34.29999923706055,34.150001525878906,34.29999923706055,34012,0.0,0.0
2023-11-27 13:00:00+08:00,34.29999923706055,34.349998474121094,34.20000076293945,34.349998474121094,31000,0.0,0.0
2023-11-28 09:00:00+08:00,34.70000076293945,35.29999923706055,34.70000076293945,35.0,0,0.0,0.0
2023-11-28 10:00:00+08:00,35.0,35.0,34.849998474121094,34.95000076293945,19105,0.0,0.0
2023-11-28 11:00:00+08:00,34.95000076293945,34.95000076293945,34.599998474121094,34.599998474121094,35844,0.0,0.0
2023-11-28 12:00:00+08:00,34.650001525878906,34.79999923706055,34.54999923706055,34.79999923706055,28211,0.0,0.0
2023-11-28 13:00:00+08:00,34.849998474121094,34.95000076293945,34.599998474121094,34.75,28000,0.0,0.0
2023-11-29 09:00:00+08:00,35.0,35.20000076293945,34.5,34.54999923706055,63338,0.0,0.0
2023-11-29 10:00:00+08:00,34.599998474121094,34.599998474121094,34.54999923706055,34.54999923706055,19500,0.0,0.0
2023-11-29 11:00:00+08:00,34.70000076293945,34.75,34.70000076293945,34.70000076293945,15448,0.0,0.0
2023-11-29 12:00:00+08:00,34.70000076293945,34.75,34.70000076293945,34.70000076293945,12220,0.0,0.0
2023-11-29 13:00:00+08:00,34.70000076293945,34.79999923706055,34.70000076293945,34.75,9020,0.0,0.0
2023-11-30 09:00:00+08:00,35.0,35.0,34.599998474121094,34.75,0,0.0,0.0
2023-11-30 10:00:00+08:00,34.75,34.79999923706055,34.70000076293945,34.75,22180,0.0,0.0
2023-11-30 11:00:00+08:00,34.849998474121094,34.849998474121094,34.75,34.849998474121094,8267,0.0,0.0
2023-11-30 12:00:00+08:00,34.849998474121094,35.0,34.849998474121094,35.0,22000,0.0,0.0
2023-11-30 13:00:00+08:00,34.95000076293945,34.95000076293945,34.70000076293945,34.79999923706055,23079,0.0,0.0
2023-12-01 09:00:00+08:00,34.54999923706055,35.099998474121094,34.400001525878906,35.04999923706055,0,0.0,0.0
2023-12-01 10:00:00+08:00,35.099998474121094,35.099998474121094,34.849998474121094,34.849998474121094,31000,0.0,0.0
2023-12-01 11:00:00+08:00,34.849998474121094,35.0,34.849998474121094,34.849998474121094,18000,0.0,0.0
2023-12-01 12:00:00+08:00,34.79999923706055,35.0,34.79999923706055,34.95000076293945,16208,0.0,0.0
2023-12-01 13:00:00+08:00,34.95000076293945,35.0,34.849998474121094,34.849998474121094,30060,0.0,0.0
2023-12-04 09:00:00+08:00,34.79999923706055,35.04999923706055,34.54999923706055,34.650001525878906,0,0.0,0.0
2023-12-04 10:00:00+08:00,34.650001525878906,35.0,34.650001525878906,35.0,32000,0.0,0.0
2023-12-04 11:00:00+08:00,35.0,35.0,34.900001525878906,34.95000076293945,21000,0.0,0.0
2023-12-04 12:00:00+08:00,34.95000076293945,34.95000076293945,34.70000076293945,34.70000076293945,49034,0.0,0.0
2023-12-04 13:00:00+08:00,34.75,34.79999923706055,34.75,34.79999923706055,4000,0.0,0.0
2023-12-05 09:00:00+08:00,34.79999923706055,35.0,34.599998474121094,34.70000076293945,0,0.0,0.0
2023-12-05 10:00:00+08:00,34.70000076293945,34.75,34.70000076293945,34.75,6000,0.0,0.0
2023-12-05 11:00:00+08:00,34.79999923706055,34.79999923706055,34.70000076293945,34.70000076293945,20040,0.0,0.0
2023-12-05 12:00:00+08:00,34.75,34.75,34.70000076293945,34.70000076293945,8072,0.0,0.0
2023-12-05 13:00:00+08:00,34.75,34.849998474121094,34.75,34.849998474121094,4000,0.0,0.0
2023-12-06 09:00:00+08:00,34.650001525878906,35.0,34.650001525878906,34.900001525878906,0,0.0,0.0
2023-12-06 10:00:00+08:00,34.79999923706055,34.79999923706055,34.70000076293945,34.70000076293945,24298,0.0,0.0
2023-12-06 11:00:00+08:00,34.70000076293945,34.70000076293945,34.70000076293945,34.70000076293945,6110,0.0,0.0
2023-12-06 12:00:00+08:00,34.70000076293945,34.70000076293945,34.650001525878906,34.70000076293945,31018,0.0,0.0
2023-12-06 13:00:00+08:00,34.70000076293945,34.75,34.70000076293945,34.75,6172,0.0,0.0
2023-12-07 09:00:00+08:00,34.650001525878906,34.70000076293945,34.400001525878906,34.45000076293945,0,0.0,0.0
2023-12-07 10:00:00+08:00,34.5,34.5,34.349998474121094,34.349998474121094,30620,0.0,0.0
2023-12-07 11:00:00+08:00,34.29999923706055,34.400001525878906,34.150001525878906,34.25,29000,0.0,0.0
2023-12-07 12:00:00+08:00,34.29999923706055,34.29999923706055,34.150001525878906,34.25,14000,0.0,0.0
2023-12-07 13:00:00+08:00,34.20000076293945,34.29999923706055,34.20000076293945,34.29999923706055,17029,0.0,0.0
2023-12-08 09:00:00+08:00,34.45000076293945,34.45000076293945,33.95000076293945,33.95000076293945,0,0.0,0.0
2023-12-08 10:00:00+08:00,34.150001525878906,34.20000076293945,34.04999923706055,34.04999923706055,18252,0.0,0.0
2023-12-08 11:00:00+08:00,34.099998474121094,34.150001525878906,34.099998474121094,34.099998474121094,8175,0.0,0.0
2023-12-08 12:00:00+08:00,34.099998474121094,34.20000076293945,34.099998474121094,34.150001525878906,9155,0.0,0.0
2023-12-08 13:00:00+08:00,34.150001525878906,34.25,34.150001525878906,34.25,19000,0.0,0.0
2023-12-11 09:00:00+08:00,34.099998474121094,34.150001525878906,33.70000076293945,33.70000076293945,0,0.0,0.0
2023-12-11 10:00:00+08:00,33.70000076293945,33.849998474121094,33.650001525878906,33.849998474121094,16010,0.0,0.0
2023-12-11 11:00:00+08:00,33.79999923706055,33.79999923706055,33.75,33.75,12229,0.0,0.0
2023-12-11 12:00:00+08:00,33.75,33.75,33.70000076293945,33.75,28000,0.0,0.0
2023-12-11 13:00:00+08:00,33.70000076293945,33.75,33.650001525878906,33.650001525878906,26380,0.0,0.0
2023-12-12 09:00:00+08:00,33.599998474121094,33.599998474121094,33.150001525878906,33.29999923706055,0,0.0,0.0
2023-12-12 10:00:00+08:00,33.25,33.25,33.04999923706055,33.099998474121094,60671,0.0,0.0
2023-12-12 11:00:00+08:00,33.099998474121094,33.150001525878906,33.099998474121094,33.150001525878906,15324,0.0,0.0
2023-12-12 12:00:00+08:00,33.150001525878906,33.20000076293945,33.150001525878906,33.20000076293945,18038,0.0,0.0
2023-12-12 13:00:00+08:00,33.25,33.29999923706055,33.20000076293945,33.20000076293945,4000,0.0,0.0
2023-12-13 09:00:00+08:00,32.95000076293945,33.150001525878906,32.95000076293945,33.099998474121094,49096,0.0,0.0
2023-12-13 10:00:00+08:00,33.099998474121094,33.29999923706055,33.099998474121094,33.29999923706055,34000,0.0,0.0
2023-12-13 11:00:00+08:00,33.20000076293945,33.25,33.20000076293945,33.25,10000,0.0,0.0
2023-12-13 12:00:00+08:00,33.150001525878906,33.150001525878906,33.099998474121094,33.150001525878906,20104,0.0,0.0
2023-12-13 13:00:00+08:00,33.20000076293945,33.20000076293945,33.04999923706055,33.04999923706055,12000,0.0,0.0
2023-12-14 09:00:00+08:00,33.099998474121094,33.400001525878906,33.04999923706055,33.150001525878906,0,0.0,0.0
2023-12-14 10:00:00+08:00,33.25,33.45000076293945,33.25,33.29999923706055,26020,0.0,0.0
2023-12-14 11:00:00+08:00,33.29999923706055,33.29999923706055,33.25,33.25,4000,0.0,0.0
2023-12-14 12:00:00+08:00,33.29999923706055,33.400001525878906,33.29999923706055,33.29999923706055,9000,0.0,0.0
2023-12-14 13:00:00+08:00,33.29999923706055,33.400001525878906,33.29999923706055,33.400001525878906,3000,0.0,0.0
2023-12-15 09:00:00+08:00,33.54999923706055,34.04999923706055,33.54999923706055,33.75,0,0.0,0.0
2023-12-15 10:00:00+08:00,33.75,33.95000076293945,33.75,33.95000076293945,21288,0.0,0.0
2023-12-15 11:00:00+08:00,33.900001525878906,33.95000076293945,33.849998474121094,33.849998474121094,13000,0.0,0.0
2023-12-15 12:00:00+08:00,33.849998474121094,33.95000076293945,33.79999923706055,33.95000076293945,3199,0.0,0.0
2023-12-15 13:00:00+08:00,33.900001525878906,34.0,33.900001525878906,34.0,28379,0.0,0.0
2023-12-18 09:00:00+08:00,33.5,34.099998474121094,33.5,33.79999923706055,0,0.0,0.0
2023-12-18 10:00:00+08:00,33.75,33.75,33.650001525878906,33.650001525878906,11000,0.0,0.0
2023-12-18 11:00:00+08:00,33.650001525878906,33.650001525878906,33.650001525878906,33.650001525878906,12100,0.0,0.0
2023-12-18 12:00:00+08:00,33.650001525878906,33.70000076293945,33.650001525878906,33.70000076293945,6000,0.0,0.0
2023-12-18 13:00:00+08:00,33.599998474121094,33.650001525878906,33.54999923706055,33.650001525878906,15094,0.0,0.0
2023-12-19 09:00:00+08:00,33.70000076293945,34.0,33.0,33.29999923706055,48276,0.0,0.0
2023-12-19 10:00:00+08:00,33.150001525878906,33.29999923706055,32.900001525878906,33.0,26000,0.0,0.0
2023-12-19 11:00:00+08:00,32.95000076293945,33.20000076293945,32.95000076293945,33.0,26001,0.0,0.0
2023-12-19 12:00:00+08:00,33.150001525878906,33.29999923706055,33.150001525878906,33.29999923706055,12000,0.0,0.0
2023-12-19 13:00:00+08:00,33.45000076293945,33.79999923706055,33.29999923706055,33.79999923706055,8214,0.0,0.0
2023-12-20 09:00:00+08:00,33.599998474121094,33.599998474121094,33.400001525878906,33.54999923706055,0,0.0,0.0
2023-12-20 10:00:00+08:00,33.54999923706055,33.54999923706055,33.349998474121094,33.45000076293945,15086,0.0,0.0
2023-12-20 11:00:00+08:00,33.54999923706055,33.650001525878906,33.54999923706055,33.650001525878906,7000,0.0,0.0
2023-12-20 12:00:00+08:00,33.5,33.54999923706055,33.5,33.54999923706055,13000,0.0,0.0
2023-12-20 13:00:00+08:00,33.54999923706055,33.54999923706055,33.54999923706055,33.54999923706055,6000,0.0,0.0
2023-12-21 09:00:00+08:00,33.29999923706055,33.849998474121094,33.29999923706055,33.54999923706055,0,0.0,0.0
2023-12-21 10:00:00+08:00,33.54999923706055,33.75,33.54999923706055,33.75,64091,0.0,0.0
2023-12-21 11:00:00+08:00,33.54999923706055,33.95000076293945,33.54999923706055,33.95000076293945,15170,0.0,0.0
2023-12-21 12:00:00+08:00,34.0,34.400001525878906,34.0,34.0,27032,0.0,0.0
2023-12-21 13:00:00+08:00,33.95000076293945,33.95000076293945,33.95000076293945,33.95000076293945,5089,0.0,0.0
2023-12-22 09:00:00+08:00,33.650001525878906,34.04999923706055,33.599998474121094,33.70000076293945,18221,0.0,0.0
2023-12-22 10:00:00+08:00,33.70000076293945,33.95000076293945,33.70000076293945,33.849998474121094,25000,0.0,0.0
2023-12-22 11:00:00+08:00,33.849998474121094,33.849998474121094,33.599998474121094,33.79999923706055,8295,0.0,0.0
2023-12-22 13:00:00+08:00,33.599998474121094,33.599998474121094,33.599998474121094,33.599998474121094,5001,0.0,0.0
2023-12-25 09:00:00+08:00,33.349998474121094,33.70000076293945,33.349998474121094,33.70000076293945,0,0.0,0.0
2023-12-25 10:00:00+08:00,33.650001525878906,33.70000076293945,33.599998474121094,33.650001525878906,11000,0.0,0.0
2023-12-25 11:00:00+08:00,33.599998474121094,33.599998474121094,33.400001525878906,33.400001525878906,18000,0.0,0.0
2023-12-25 12:00:00+08:00,33.349998474121094,33.5,33.349998474121094,33.349998474121094,11013,0.0,0.0
2023-12-25 13:00:00+08:00,33.400001525878906,33.599998474121094,33.400001525878906,33.54999923706055,5000,0.0,0.0
2023-12-26 09:00:00+08:00,33.400001525878906,33.54999923706055,33.349998474121094,33.45000076293945,0,0.0,0.0
2023-12-26 10:00:00+08:00,33.45000076293945,33.45000076293945,33.349998474121094,33.45000076293945,9000,0.0,0.0
2023-12-26 11:00:00+08:00,33.45000076293945,33.45000076293945,33.400001525878906,33.400001525878906,4389,0.0,0.0
2023-12-26 12:00:00+08:00,33.349998474121094,33.349998474121094,33.29999923706055,33.349998474121094,9281,0.0,0.0
2023-12-26 13:00:00+08:00,33.29999923706055,33.29999923706055,33.20000076293945,33.20000076293945,11657,0.0,0.0
2023-12-27 09:00:00+08:00,33.29999923706055,33.54999923706055,33.25,33.349998474121094,0,0.0,0.0
2023-12-27 10:00:00+08:00,33.349998474121094,33.349998474121094,33.29999923706055,33.29999923706055,7100,0.0,0.0
2023-12-27 11:00:00+08:00,33.29999923706055,33.349998474121094,33.25,33.25,18067,0.0,0.0
2023-12-27 12:00:00+08:00,33.25,33.25,33.20000076293945,33.20000076293945,6031,0.0,0.0
2023-12-27 13:00:00+08:00,33.25,33.29999923706055,33.20000076293945,33.20000076293945,6510,0.0,0.0
2023-12-28 09:00:00+08:00,33.25,33.349998474121094,33.0,33.25,0,0.0,0.0
2023-12-28 10:00:00+08:00,33.099998474121094,33.150001525878906,33.04999923706055,33.099998474121094,13132,0.0,0.0
2023-12-28 11:00:00+08:00,33.099998474121094,33.099998474121094,33.04999923706055,33.04999923706055,15000,0.0,0.0
2023-12-28 12:00:00+08:00,33.04999923706055,33.150001525878906,33.04999923706055,33.150001525878906,11010,0.0,0.0
2023-12-29 09:00:00+08:00,33.150001525878906,33.45000076293945,33.099998474121094,33.25,0,0.0,0.0
2023-12-29 10:00:00+08:00,33.20000076293945,33.25,33.150001525878906,33.150001525878906,7000,0.0,0.0
2023-12-29 11:00:00+08:00,33.150001525878906,33.150001525878906,33.099998474121094,33.099998474121094,5021,0.0,0.0
2023-12-29 12:00:00+08:00,33.150001525878906,33.20000076293945,33.150001525878906,33.150001525878906,7000,0.0,0.0
2023-12-29 13:00:00+08:00,33.150001525878906,33.150001525878906,33.099998474121094,33.099998474121094,14000,0.0,0.0
2024-01-02 09:00:00+08:00,33.20000076293945,33.5,33.20000076293945,33.29999923706055,0,0.0,0.0
2024-01-02 10:00:00+08:00,33.20000076293945,33.20000076293945,33.099998474121094,33.20000076293945,18000,0.0,0.0
2024-01-02 11:00:00+08:00,33.20000076293945,33.20000076293945,33.20000076293945,33.20000076293945,2000,0.0,0.0
2024-01-02 12:00:00+08:00,33.150001525878906,33.150001525878906,33.099998474121094,33.099998474121094,4000,0.0,0.0
2024-01-02 13:00:00+08:00,33.099998474121094,33.150001525878906,33.099998474121094,33.150001525878906,7000,0.0,0.0
2024-01-03 09:00:00+08:00,33.150001525878906,33.150001525878906,33.0,33.04999923706055,0,0.0,0.0
2024-01-03 10:00:00+08:00,33.04999923706055,33.099998474121094,32.900001525878906,32.900001525878906,27169,0.0,0.0
2024-01-03 11:00:00+08:00,32.79999923706055,32.900001525878906,32.79999923706055,32.849998474121094,9000,0.0,0.0
2024-01-03 12:00:00+08:00,32.849998474121094,32.900001525878906,32.849998474121094,32.849998474121094,16000,0.0,0.0
2024-01-04 09:00:00+08:00,32.849998474121094,33.150001525878906,32.849998474121094,33.04999923706055,26107,0.0,0.0
2024-01-04 10:00:00+08:00,32.900001525878906,33.04999923706055,32.900001525878906,32.95000076293945,13205,0.0,0.0
2024-01-04 11:00:00+08:00,32.95000076293945,32.95000076293945,32.900001525878906,32.95000076293945,11000,0.0,0.0
2024-01-04 12:00:00+08:00,32.95000076293945,32.95000076293945,32.900001525878906,32.900001525878906,4000,0.0,0.0
2024-01-04 13:00:00+08:00,32.95000076293945,33.04999923706055,32.900001525878906,33.04999923706055,5000,0.0,0.0
2024-01-05 09:00:00+08:00,32.849998474121094,32.900001525878906,32.75,32.849998474121094,0,0.0,0.0
2024-01-05 10:00:00+08:00,32.849998474121094,32.849998474121094,32.79999923706055,32.849998474121094,21000,0.0,0.0
2024-01-05 11:00:00+08:00,32.849998474121094,32.849998474121094,32.79999923706055,32.849998474121094,20000,0.0,0.0
2024-01-05 12:00:00+08:00,32.900001525878906,32.900001525878906,32.849998474121094,32.849998474121094,4000,0.0,0.0
2024-01-05 13:00:00+08:00,32.849998474121094,33.150001525878906,32.849998474121094,33.150001525878906,9000,0.0,0.0
2024-01-08 09:00:00+08:00,32.75,33.0,32.5,32.79999923706055,0,0.0,0.0
2024-01-08 10:00:00+08:00,32.849998474121094,32.900001525878906,32.79999923706055,32.79999923706055,16602,0.0,0.0
2024-01-08 11:00:00+08:00,32.849998474121094,32.849998474121094,32.849998474121094,32.849998474121094,3078,0.0,0.0
2024-01-08 12:00:00+08:00,32.900001525878906,32.900001525878906,32.849998474121094,32.849998474121094,7000,0.0,0.0
2024-01-08 13:00:00+08:00,32.849998474121094,32.849998474121094,32.79999923706055,32.79999923706055,3010,0.0,0.0
2024-01-09 09:00:00+08:00,32.79999923706055,32.849998474121094,32.70000076293945,32.70000076293945,0,0.0,0.0
2024-01-09 10:00:00+08:00,32.650001525878906,32.79999923706055,32.5,32.54999923706055,57141,0.0,0.0
2024-01-09 11:00:00+08:00,32.5,32.5,32.29999923706055,32.29999923706055,20800,0.0,0.0
2024-01-09 12:00:00+08:00,32.29999923706055,32.29999923706055,32.25,32.29999923706055,12000,0.0,0.0
2024-01-09 13:00:00+08:00,32.29999923706055,32.29999923706055,32.29999923706055,32.29999923706055,2000,0.0,0.0
2024-01-10 09:00:00+08:00,32.20000076293945,32.25,32.0,32.04999923706055,0,0.0,0.0
2024-01-10 10:00:00+08:00,32.0,32.04999923706055,32.0,32.04999923706055,10200,0.0,0.0
2024-01-10 11:00:00+08:00,32.099998474121094,32.099998474121094,32.04999923706055,32.099998474121094,10061,0.0,0.0
2024-01-10 12:00:00+08:00,32.04999923706055,32.099998474121094,32.0,32.0,13000,0.0,0.0
2024-01-10 13:00:00+08:00,32.0,32.099998474121094,32.0,32.099998474121094,14000,0.0,0.0
2024-01-11 09:00:00+08:00,32.04999923706055,32.29999923706055,31.75,32.20000076293945,0,0.0,0.0
2024-01-11 10:00:00+08:00,32.20000076293945,32.20000076293945,32.04999923706055,32.04999923706055,2010,0.0,0.0
2024-01-11 11:00:00+08:00,32.04999923706055,32.04999923706055,32.04999923706055,32.04999923706055,1000,0.0,0.0
2024-01-11 12:00:00+08:00,32.04999923706055,32.099998474121094,32.04999923706055,32.04999923706055,7000,0.0,0.0
2024-01-11 13:00:00+08:00,32.04999923706055,32.04999923706055,32.04999923706055,32.04999923706055,1000,0.0,0.0
2024-01-12 09:00:00+08:00,32.0,32.20000076293945,32.0,32.20000076293945,29000,0.0,0.0
2024-01-12 10:00:00+08:00,32.20000076293945,32.20000076293945,32.04999923706055,32.099998474121094,10000,0.0,0.0
2024-01-12 11:00:00+08:00,32.099998474121094,32.20000076293945,32.099998474121094,32.099998474121094,13504,0.0,0.0
2024-01-12 12:00:00+08:00,32.099998474121094,32.150001525878906,32.099998474121094,32.150001525878906,13000,0.0,0.0
2024-01-12 13:00:00+08:00,32.099998474121094,32.150001525878906,32.099998474121094,32.150001525878906,5000,0.0,0.0
2024-01-15 09:00:00+08:00,32.150001525878906,32.20000076293945,32.0,32.0,0,0.0,0.0
2024-01-15 10:00:00+08:00,32.150001525878906,32.150001525878906,32.099998474121094,32.150001525878906,9000,0.0,0.0
2024-01-15 11:00:00+08:00,32.20000076293945,32.29999923706055,32.20000076293945,32.29999923706055,17000,0.0,0.0
2024-01-15 12:00:00+08:00,32.29999923706055,32.29999923706055,32.25,32.29999923706055,5000,0.0,0.0
2024-01-16 09:00:00+08:00,32.150001525878906,32.45000076293945,32.150001525878906,32.29999923706055,0,0.0,0.0
2024-01-16 10:00:00+08:00,32.29999923706055,32.29999923706055,32.25,32.25,15000,0.0,0.0
2024-01-16 11:00:00+08:00,32.25,32.25,32.25,32.25,7199,0.0,0.0
2024-01-16 12:00:00+08:00,32.29999923706055,32.400001525878906,32.29999923706055,32.349998474121094,4000,0.0,0.0
2024-01-16 13:00:00+08:00,32.349998474121094,32.349998474121094,32.29999923706055,32.29999923706055,5000,0.0,0.0
2024-01-17 09:00:00+08:00,32.400001525878906,32.5,32.400001525878906,32.45000076293945,0,0.0,0.0
2024-01-17 10:00:00+08:00,32.45000076293945,32.45000076293945,32.400001525878906,32.400001525878906,7000,0.0,0.0
2024-01-17 11:00:00+08:00,32.400001525878906,32.400001525878906,32.349998474121094,32.400001525878906,15000,0.0,0.0
2024-01-17 12:00:00+08:00,32.29999923706055,32.29999923706055,32.29999923706055,32.29999923706055,4010,0.0,0.0
2024-01-17 13:00:00+08:00,32.29999923706055,32.29999923706055,32.150001525878906,32.150001525878906,6000,0.0,0.0
2024-01-18 09:00:00+08:00,32.20000076293945,32.29999923706055,32.099998474121094,32.099998474121094,0,0.0,0.0
2024-01-18 10:00:00+08:00,32.150001525878906,32.150001525878906,32.150001525878906,32.150001525878906,4000,0.0,0.0
2024-01-18 11:00:00+08:00,32.099998474121094,32.099998474121094,32.04999923706055,32.099998474121094,9001,0.0,0.0
2024-01-18 12:00:00+08:00,32.04999923706055,32.04999923706055,32.04999923706055,32.04999923706055,4087,0.0,0.0
2024-01-18 13:00:00+08:00,32.04999923706055,32.04999923706055,31.950000762939453,31.950000762939453,10000,0.0,0.0
2024-01-19 09:00:00+08:00,31.899999618530273,31.899999618530273,31.799999237060547,31.850000381469727,0,0.0,0.0
2024-01-19 10:00:00+08:00,31.899999618530273,31.950000762939453,31.850000381469727,31.950000762939453,9023,0.0,0.0
2024-01-19 11:00:00+08:00,31.899999618530273,31.899999618530273,31.899999618530273,31.899999618530273,2000,0.0,0.0
2024-01-19 12:00:00+08:00,31.899999618530273,31.899999618530273,31.899999618530273,31.899999618530273,1000,0.0,0.0
2024-01-19 13:00:00+08:00,31.899999618530273,32.04999923706055,31.899999618530273,31.950000762939453,12000,0.0,0.0
2024-01-22 09:00:00+08:00,31.850000381469727,31.950000762939453,31.75,31.75,0,0.0,0.0
2024-01-22 10:00:00+08:00,31.649999618530273,31.950000762939453,31.649999618530273,31.75,18404,0.0,0.0
2024-01-22 12:00:00+08:00,31.799999237060547,31.799999237060547,31.75,31.75,8313,0.0,0.0
2024-01-22 13:00:00+08:00,31.75,31.799999237060547,31.75,31.799999237060547,9000,0.0,0.0
2024-01-23 09:00:00+08:00,31.799999237060547,32.0,31.799999237060547,31.950000762939453,0,0.0,0.0
2024-01-23 10:00:00+08:00,32.0,32.20000076293945,32.0,32.20000076293945,0,0.0,0.0
2024-01-23 11:00:00+08:00,32.04999923706055,32.099998474121094,32.04999923706055,32.099998474121094,60343,0.0,0.0
2024-01-23 12:00:00+08:00,32.20000076293945,32.25,32.150001525878906,32.150001525878906,16141,0.0,0.0
2024-01-23 13:00:00+08:00,32.099998474121094,32.099998474121094,32.04999923706055,32.04999923706055,2000,0.0,0.0
2024-01-24 09:00:00+08:00,32.20000076293945,34.099998474121094,32.099998474121094,33.400001525878906,159285,0.0,0.0
2024-01-24 10:00:00+08:00,33.29999923706055,33.29999923706055,33.0,33.20000076293945,24371,0.0,0.0
2024-01-24 11:00:00+08:00,33.29999923706055,33.400001525878906,33.20000076293945,33.20000076293945,74019,0.0,0.0
2024-01-24 12:00:00+08:00,33.20000076293945,33.5,33.150001525878906,33.20000076293945,85541,0.0,0.0
2024-01-24 13:00:00+08:00,33.29999923706055,33.349998474121094,33.29999923706055,33.349998474121094,60090,0.0,0.0
2024-01-25 09:00:00+08:00,33.349998474121094,33.75,33.349998474121094,33.75,0,0.0,0.0
2024-01-25 10:00:00+08:00,33.70000076293945,33.75,33.54999923706055,33.54999923706055,61067,0.0,0.0
2024-01-25 11:00:00+08:00,33.5,33.5,33.0,33.29999923706055,32149,0.0,0.0
2024-01-25 12:00:00+08:00,33.099998474121094,33.25,33.099998474121094,33.20000076293945,10273,0.0,0.0
2024-01-25 13:00:00+08:00,33.20000076293945,33.20000076293945,33.150001525878906,33.150001525878906,7000,0.0,0.0
2024-01-26 09:00:00+08:00,33.0,33.400001525878906,32.849998474121094,32.849998474121094,0,0.0,0.0
2024-01-26 10:00:00+08:00,32.900001525878906,32.95000076293945,32.900001525878906,32.95000076293945,13200,0.0,0.0
2024-01-26 11:00:00+08:00,32.900001525878906,32.900001525878906,32.900001525878906,32.900001525878906,1000,0.0,0.0
2024-01-26 12:00:00+08:00,32.95000076293945,32.95000076293945,32.900001525878906,32.900001525878906,5378,0.0,0.0
2024-01-26 13:00:00+08:00,32.849998474121094,32.849998474121094,32.849998474121094,32.849998474121094,12000,0.0,0.0
2024-01-29 09:00:00+08:00,32.79999923706055,33.099998474121094,32.650001525878906,32.79999923706055,0,0.0,0.0
2024-01-29 10:00:00+08:00,32.79999923706055,32.95000076293945,32.70000076293945,32.70000076293945,0,0.0,0.0
2024-01-29 11:00:00+08:00,32.75,32.75,32.70000076293945,32.75,75286,0.0,0.0
2024-01-29 12:00:00+08:00,32.75,32.75,32.75,32.75,5000,0.0,0.0
2024-01-29 13:00:00+08:00,32.75,32.849998474121094,32.75,32.79999923706055,8000,0.0,0.0
2024-01-30 09:00:00+08:00,32.79999923706055,32.849998474121094,32.5,32.5,0,0.0,0.0
2024-01-30 10:00:00+08:00,32.650001525878906,32.650001525878906,32.5,32.650001525878906,19178,0.0,0.0
2024-01-30 11:00:00+08:00,32.650001525878906,32.650001525878906,32.650001525878906,32.650001525878906,6000,0.0,0.0
2024-01-30 12:00:00+08:00,32.54999923706055,32.54999923706055,32.5,32.5,19072,0.0,0.0
2024-01-30 13:00:00+08:00,32.650001525878906,32.650001525878906,32.650001525878906,32.650001525878906,3000,0.0,0.0
2024-01-31 09:00:00+08:00,32.650001525878906,32.900001525878906,32.20000076293945,32.20000076293945,39060,0.0,0.0
2024-01-31 10:00:00+08:00,32.0,32.45000076293945,32.0,32.099998474121094,12124,0.0,0.0
2024-01-31 11:00:00+08:00,32.099998474121094,32.099998474121094,32.04999923706055,32.099998474121094,13000,0.0,0.0
2024-01-31 12:00:00+08:00,32.099998474121094,32.099998474121094,32.04999923706055,32.04999923706055,0,0.0,0.0
2024-01-31 13:00:00+08:00,32.04999923706055,32.04999923706055,32.0,32.0,80364,0.0,0.0
2024-02-01 09:00:00+08:00,32.099998474121094,32.45000076293945,31.899999618530273,32.29999923706055,0,0.0,0.0
2024-02-01 10:00:00+08:00,32.150001525878906,32.150001525878906,32.150001525878906,32.150001525878906,3112,0.0,0.0
2024-02-01 11:00:00+08:00,32.150001525878906,32.150001525878906,31.899999618530273,32.150001525878906,16000,0.0,0.0
2024-02-01 12:00:00+08:00,32.20000076293945,32.25,32.20000076293945,32.25,6101,0.0,0.0
2024-02-01 13:00:00+08:00,31.950000762939453,32.20000076293945,31.950000762939453,32.0,3000,0.0,0.0
2024-02-02 09:00:00+08:00,32.0,32.099998474121094,31.950000762939453,32.0,21100,0.0,0.0
2024-02-02 10:00:00+08:00,32.0,32.0,32.0,32.0,6631,0.0,0.0
2024-02-02 11:00:00+08:00,32.0,32.04999923706055,31.850000381469727,31.850000381469727,25000,0.0,0.0
2024-02-02 12:00:00+08:00,31.899999618530273,31.950000762939453,31.899999618530273,31.950000762939453,8010,0.0,0.0
2024-02-02 13:00:00+08:00,31.950000762939453,31.950000762939453,31.899999618530273,31.899999618530273,19000,0.0,0.0
2024-02-05 09:00:00+08:00,31.899999618530273,32.099998474121094,31.899999618530273,32.04999923706055,0,0.0,0.0
2024-02-05 10:00:00+08:00,32.0,32.0,31.75,31.75,22000,0.0,0.0
2024-02-05 11:00:00+08:00,31.850000381469727,31.850000381469727,31.700000762939453,31.700000762939453,17000,0.0,0.0
2024-02-05 12:00:00+08:00,31.850000381469727,31.850000381469727,31.850000381469727,31.850000381469727,5000,0.0,0.0
2024-02-05 13:00:00+08:00,31.850000381469727,31.850000381469727,31.799999237060547,31.850000381469727,8000,0.0,0.0
2024-02-15 09:00:00+08:00,31.799999237060547,31.850000381469727,31.5,31.600000381469727,0,0.0,0.0
2024-02-15 10:00:00+08:00,31.600000381469727,31.700000762939453,31.600000381469727,31.649999618530273,21000,0.0,0.0
2024-02-15 11:00:00+08:00,31.700000762939453,31.700000762939453,31.649999618530273,31.649999618530273,11000,0.0,0.0
2024-02-15 12:00:00+08:00,31.600000381469727,31.649999618530273,31.600000381469727,31.600000381469727,4000,0.0,0.0
2024-02-15 13:00:00+08:00,31.700000762939453,31.700000762939453,31.700000762939453,31.700000762939453,2000,0.0,0.0
2024-02-16 09:00:00+08:00,31.600000381469727,31.75,31.600000381469727,31.700000762939453,29446,0.0,0.0
2024-02-16 10:00:00+08:00,31.700000762939453,31.75,31.700000762939453,31.75,7000,0.0,0.0
2024-02-16 11:00:00+08:00,31.75,31.75,31.649999618530273,31.75,25000,0.0,0.0
2024-02-16 12:00:00+08:00,31.75,31.75,31.75,31.75,1050,0.0,0.0
2024-02-16 13:00:00+08:00,31.850000381469727,31.850000381469727,31.850000381469727,31.850000381469727,9000,0.0,0.0
2024-02-19 09:00:00+08:00,31.75,32.650001525878906,31.75,32.29999923706055,114504,0.0,0.0
2024-02-19 10:00:00+08:00,32.29999923706055,32.75,32.29999923706055,32.400001525878906,29000,0.0,0.0
2024-02-19 11:00:00+08:00,32.45000076293945,32.45000076293945,32.29999923706055,32.400001525878906,9018,0.0,0.0
2024-02-19 12:00:00+08:00,32.400001525878906,32.400001525878906,32.349998474121094,32.349998474121094,9000,0.0,0.0
2024-02-19 13:00:00+08:00,32.349998474121094,32.349998474121094,32.20000076293945,32.20000076293945,11000,0.0,0.0
2024-02-20 09:00:00+08:00,32.54999923706055,32.54999923706055,32.29999923706055,32.29999923706055,0,0.0,0.0
2024-02-20 10:00:00+08:00,32.29999923706055,32.29999923706055,32.04999923706055,32.04999923706055,18178,0.0,0.0
2024-02-20 11:00:00+08:00,32.04999923706055,32.150001525878906,32.04999923706055,32.150001525878906,12000,0.0,0.0
2024-02-20 12:00:00+08:00,32.150001525878906,32.25,32.04999923706055,32.25,6097,0.0,0.0
2024-02-20 13:00:00+08:00,32.20000076293945,32.20000076293945,32.20000076293945,32.20000076293945,2100,0.0,0.0
2024-02-21 09:00:00+08:00,32.25,32.25,32.20000076293945,32.20000076293945,0,0.0,0.0
2024-02-21 10:00:00+08:00,32.20000076293945,32.20000076293945,32.20000076293945,32.20000076293945,3000,0.0,0.0
2024-02-21 11:00:00+08:00,32.20000076293945,32.20000076293945,32.150001525878906,32.150001525878906,22201,0.0,0.0
2024-02-21 12:00:00+08:00,32.04999923706055,32.099998474121094,32.04999923706055,32.099998474121094,7048,0.0,0.0
2024-02-21 13:00:00+08:00,32.099998474121094,32.099998474121094,32.04999923706055,32.099998474121094,5000,0.0,0.0
2024-02-22 09:00:00+08:00,32.349998474121094,32.349998474121094,32.150001525878906,32.150001525878906,0,0.0,0.0
2024-02-22 10:00:00+08:00,32.150001525878906,32.150001525878906,32.150001525878906,32.150001525878906,8050,0.0,0.0
2024-02-22 11:00:00+08:00,32.150001525878906,32.150001525878906,32.099998474121094,32.150001525878906,7020,0.0,0.0
2024-02-22 12:00:00+08:00,32.099998474121094,32.150001525878906,32.099998474121094,32.150001525878906,5384,0.0,0.0
2024-02-22 13:00:00+08:00,32.150001525878906,32.150001525878906,32.150001525878906,32.150001525878906,5000,0.0,0.0
2024-02-23 09:00:00+08:00,32.349998474121094,32.349998474121094,32.20000076293945,32.20000076293945,24032,0.0,0.0
2024-02-23 10:00:00+08:00,32.150001525878906,32.20000076293945,32.150001525878906,32.150001525878906,22210,0.0,0.0
2024-02-23 11:00:00+08:00,32.150001525878906,32.150001525878906,32.099998474121094,32.099998474121094,16000,0.0,0.0
2024-02-23 12:00:00+08:00,32.150001525878906,32.150001525878906,32.150001525878906,32.150001525878906,5196,0.0,0.0
2024-02-23 13:00:00+08:00,32.150001525878906,32.150001525878906,32.099998474121094,32.099998474121094,2000,0.0,0.0
2024-02-26 09:00:00+08:00,32.099998474121094,32.099998474121094,32.0,32.0,0,0.0,0.0
2024-02-26 10:00:00+08:00,32.04999923706055,32.150001525878906,32.04999923706055,32.150001525878906,28163,0.0,0.0
2024-02-26 11:00:00+08:00,32.099998474121094,32.150001525878906,32.099998474121094,32.150001525878906,8000,0.0,0.0
2024-02-26 12:00:00+08:00,32.099998474121094,32.150001525878906,32.099998474121094,32.150001525878906,12710,0.0,0.0
2024-02-26 13:00:00+08:00,32.150001525878906,32.150001525878906,32.099998474121094,32.099998474121094,5000,0.0,0.0
2024-02-27 09:00:00+08:00,32.25,32.29999923706055,32.099998474121094,32.099998474121094,0,0.0,0.0
2024-02-27 10:00:00+08:00,32.04999923706055,32.099998474121094,32.0,32.099998474121094,15032,0.0,0.0
2024-02-27 11:00:00+08:00,32.099998474121094,32.099998474121094,32.099998474121094,32.099998474121094,4028,0.0,0.0
2024-02-27 12:00:00+08:00,32.099998474121094,32.70000076293945,32.099998474121094,32.400001525878906,123656,0.0,0.0
2024-02-27 13:00:00+08:00,32.400001525878906,32.45000076293945,32.400001525878906,32.45000076293945,5000,0.0,0.0
2024-02-29 09:00:00+08:00,32.70000076293945,33.400001525878906,32.70000076293945,32.849998474121094,0,0.0,0.0
2024-02-29 10:00:00+08:00,32.849998474121094,32.95000076293945,32.79999923706055,32.849998474121094,61069,0.0,0.0
2024-02-29 11:00:00+08:00,32.900001525878906,33.150001525878906,32.849998474121094,33.0,103656,0.0,0.0
2024-02-29 12:00:00+08:00,33.04999923706055,33.5,33.04999923706055,33.099998474121094,197799,0.0,0.0
2024-02-29 13:00:00+08:00,33.099998474121094,33.900001525878906,33.099998474121094,33.79999923706055,72280,0.0,0.0
2024-03-01 09:00:00+08:00,34.099998474121094,34.70000076293945,33.650001525878906,33.75,0,0.0,0.0
2024-03-01 10:00:00+08:00,33.849998474121094,33.849998474121094,33.70000076293945,33.75,48311,0.0,0.0
2024-03-01 11:00:00+08:00,33.900001525878906,33.95000076293945,33.79999923706055,33.79999923706055,50340,0.0,0.0
2024-03-01 12:00:00+08:00,33.79999923706055,33.79999923706055,33.599998474121094,33.650001525878906,59423,0.0,0.0
2024-03-01 13:00:00+08:00,33.650001525878906,33.650001525878906,33.5,33.599998474121094,25412,0.0,0.0
2024-03-04 09:00:00+08:00,33.70000076293945,34.0,33.54999923706055,33.599998474121094,0,0.0,0.0
2024-03-04 10:00:00+08:00,33.599998474121094,33.650001525878906,33.25,33.25,179745,0.0,0.0
2024-03-04 11:00:00+08:00,33.45000076293945,33.599998474121094,33.25,33.400001525878906,47847,0.0,0.0
2024-03-04 12:00:00+08:00,33.400001525878906,33.400001525878906,33.29999923706055,33.29999923706055,12000,0.0,0.0
2024-03-04 13:00:00+08:00,33.25,33.29999923706055,33.099998474121094,33.099998474121094,29001,0.0,0.0
2024-03-05 09:00:00+08:00,33.400001525878906,33.400001525878906,33.04999923706055,33.099998474121094,0,0.0,0.0
2024-03-05 10:00:00+08:00,33.099998474121094,33.099998474121094,33.04999923706055,33.099998474121094,25100,0.0,0.0
2024-03-05 11:00:00+08:00,33.099998474121094,33.599998474121094,33.04999923706055,33.349998474121094,116000,0.0,0.0
2024-03-05 12:00:00+08:00,33.349998474121094,33.54999923706055,33.349998474121094,33.45000076293945,58822,0.0,0.0
2024-03-05 13:00:00+08:00,33.45000076293945,33.5,33.400001525878906,33.45000076293945,32000,0.0,0.0
2024-03-06 09:00:00+08:00,33.5,33.75,33.5,33.599998474121094,0,0.0,0.0
2024-03-06 10:00:00+08:00,33.54999923706055,33.650001525878906,33.54999923706055,33.650001525878906,70100,0.0,0.0
2024-03-06 11:00:00+08:00,33.650001525878906,33.650001525878906,33.599998474121094,33.599998474121094,51001,0.0,0.0
2024-03-06 12:00:00+08:00,33.650001525878906,34.25,33.650001525878906,34.20000076293945,283900,0.0,0.0
2024-03-06 13:00:00+08:00,34.20000076293945,34.29999923706055,34.20000076293945,34.20000076293945,122288,0.0,0.0
2024-03-07 09:00:00+08:00,33.45000076293945,34.0,33.20000076293945,33.95000076293945,0,0.0,0.0
2024-03-07 10:00:00+08:00,33.95000076293945,34.25,33.95000076293945,34.20000076293945,166312,0.0,0.0
2024-03-07 11:00:00+08:00,34.20000076293945,34.650001525878906,34.20000076293945,34.5,203309,0.0,0.0
2024-03-07 12:00:00+08:00,34.599998474121094,35.349998474121094,34.45000076293945,34.849998474121094,384725,0.0,0.0
2024-03-07 13:00:00+08:00,34.900001525878906,35.099998474121094,34.900001525878906,35.0,99460,0.0,0.0
2024-03-08 09:00:00+08:00,35.5,35.70000076293945,34.20000076293945,34.70000076293945,432770,0.0,0.0
2024-03-08 10:00:00+08:00,34.70000076293945,34.75,34.400001525878906,34.599998474121094,130062,0.0,0.0
2024-03-08 11:00:00+08:00,34.599998474121094,34.95000076293945,34.25,34.54999923706055,129450,0.0,0.0
2024-03-08 12:00:00+08:00,34.75,34.95000076293945,34.70000076293945,34.79999923706055,45164,0.0,0.0
2024-03-08 13:00:00+08:00,34.79999923706055,35.349998474121094,34.79999923706055,35.04999923706055,223022,0.0,0.0
2024-03-11 09:00:00+08:00,35.04999923706055,35.400001525878906,34.95000076293945,35.0,0,0.0,0.0
2024-03-11 10:00:00+08:00,35.0,35.04999923706055,34.900001525878906,34.95000076293945,101516,0.0,0.0
2024-03-11 11:00:00+08:00,34.900001525878906,35.70000076293945,34.900001525878906,35.45000076293945,368552,0.0,0.0
2024-03-11 12:00:00+08:00,35.400001525878906,35.5,34.95000076293945,35.349998474121094,165500,0.0,0.0
2024-03-11 13:00:00+08:00,35.29999923706055,35.45000076293945,35.150001525878906,35.20000076293945,101000,0.0,0.0
2024-03-12 09:00:00+08:00,35.45000076293945,35.79999923706055,35.29999923706055,35.79999923706055,0,0.0,0.0
2024-03-12 10:00:00+08:00,35.70000076293945,36.400001525878906,35.70000076293945,35.900001525878906,584834,0.0,0.0
2024-03-12 11:00:00+08:00,35.900001525878906,35.900001525878906,35.70000076293945,35.70000076293945,149304,0.0,0.0
2024-03-12 12:00:00+08:00,35.70000076293945,35.900001525878906,35.70000076293945,35.75,93004,0.0,0.0
2024-03-12 13:00:00+08:00,35.75,35.900001525878906,35.75,35.900001525878906,57098,0.0,0.0
2024-03-13 09:00:00+08:00,36.5,36.5,35.45000076293945,35.75,0,0.0,0.0
2024-03-13 10:00:00+08:00,35.70000076293945,35.70000076293945,35.5,35.5,180138,0.0,0.0
2024-03-13 11:00:00+08:00,35.5,35.5,35.25,35.349998474121094,143058,0.0,0.0
2024-03-13 12:00:00+08:00,35.349998474121094,35.400001525878906,34.5,34.5,290513,0.0,0.0
2024-03-13 13:00:00+08:00,34.45000076293945,35.099998474121094,34.04999923706055,34.79999923706055,344530,0.0,0.0
2024-03-14 09:00:00+08:00,35.650001525878906,35.75,33.0,33.5,306324,0.0,0.0
2024-03-14 10:00:00+08:00,33.54999923706055,34.150001525878906,33.54999923706055,33.79999923706055,404120,0.0,0.0
2024-03-14 11:00:00+08:00,34.0,34.20000076293945,34.0,34.0,89891,0.0,0.0
2024-03-14 12:00:00+08:00,34.0,34.0,33.650001525878906,33.95000076293945,189295,0.0,0.0
2024-03-14 13:00:00+08:00,33.95000076293945,34.099998474121094,33.95000076293945,34.04999923706055,129000,0.0,0.0
2024-03-15 09:00:00+08:00,33.95000076293945,34.0,33.45000076293945,33.70000076293945,0,0.0,0.0
2024-03-15 10:00:00+08:00,33.75,33.79999923706055,33.650001525878906,33.650001525878906,104562,0.0,0.0
2024-03-15 11:00:00+08:00,33.599998474121094,33.70000076293945,33.599998474121094,33.599998474121094,61181,0.0,0.0
2024-03-15 12:00:00+08:00,33.599998474121094,33.599998474121094,33.45000076293945,33.54999923706055,164919,0.0,0.0
2024-03-15 13:00:00+08:00,33.54999923706055,33.599998474121094,33.5,33.54999923706055,52309,0.0,0.0
2024-03-18 09:00:00+08:00,33.900001525878906,34.099998474121094,33.54999923706055,33.70000076293945,0,0.0,0.0
2024-03-18 10:00:00+08:00,33.70000076293945,33.75,33.54999923706055,33.650001525878906,173467,0.0,0.0
2024-03-18 11:00:00+08:00,33.650001525878906,33.70000076293945,33.599998474121094,33.599998474121094,78280,0.0,0.0
2024-03-18 12:00:00+08:00,33.599998474121094,33.70000076293945,33.599998474121094,33.650001525878906,59367,0.0,0.0
2024-03-18 13:00:00+08:00,33.650001525878906,33.70000076293945,33.650001525878906,33.650001525878906,80330,0.0,0.0
2024-03-19 09:00:00+08:00,33.75,33.79999923706055,33.70000076293945,33.79999923706055,0,0.0,0.0
2024-03-19 10:00:00+08:00,33.79999923706055,33.849998474121094,33.75,33.79999923706055,129495,0.0,0.0
2024-03-19 11:00:00+08:00,33.79999923706055,33.849998474121094,33.75,33.75,171470,0.0,0.0
2024-03-19 12:00:00+08:00,33.79999923706055,33.79999923706055,33.75,33.75,25000,0.0,0.0
2024-03-19 13:00:00+08:00,33.75,33.900001525878906,33.75,33.75,131150,0.0,0.0
2024-03-20 09:00:00+08:00,34.0,34.150001525878906,33.849998474121094,33.900001525878906,129539,0.0,0.0
2024-03-20 10:00:00+08:00,33.95000076293945,34.0,33.900001525878906,34.0,141398,0.0,0.0
2024-03-20 11:00:00+08:00,34.04999923706055,34.04999923706055,34.0,34.04999923706055,159247,0.0,0.0
2024-03-20 12:00:00+08:00,34.04999923706055,34.150001525878906,33.95000076293945,34.0,220078,0.0,0.0
2024-03-20 13:00:00+08:00,34.0,34.04999923706055,33.95000076293945,34.0,54066,0.0,0.0
2024-03-21 09:00:00+08:00,33.849998474121094,34.099998474121094,33.849998474121094,34.04999923706055,0,0.0,0.0
2024-03-21 10:00:00+08:00,34.04999923706055,34.04999923706055,33.900001525878906,33.900001525878906,152600,0.0,0.0
2024-03-21 11:00:00+08:00,33.900001525878906,34.04999923706055,33.849998474121094,34.0,83022,0.0,0.0
2024-03-21 12:00:00+08:00,33.95000076293945,34.0,33.900001525878906,34.0,84000,0.0,0.0
2024-03-21 13:00:00+08:00,34.0,34.0,33.95000076293945,33.95000076293945,25331,0.0,0.0
2024-03-22 09:00:00+08:00,34.099998474121094,34.099998474121094,33.95000076293945,34.0,0,0.0,0.0
2024-03-22 10:00:00+08:00,34.0,34.0,33.900001525878906,33.900001525878906,59393,0.0,0.0
2024-03-22 11:00:00+08:00,33.95000076293945,33.95000076293945,33.900001525878906,33.95000076293945,76023,0.0,0.0
2024-03-22 12:00:00+08:00,33.95000076293945,33.95000076293945,33.900001525878906,33.900001525878906,109289,0.0,0.0
2024-03-22 13:00:00+08:00,33.900001525878906,33.95000076293945,33.900001525878906,33.900001525878906,67600,0.0,0.0
2024-03-25 09:00:00+08:00,34.04999923706055,34.54999923706055,34.04999923706055,34.400001525878906,96248,0.0,0.0
2024-03-25 10:00:00+08:00,34.400001525878906,34.45000076293945,34.349998474121094,34.400001525878906,225100,0.0,0.0
2024-03-25 11:00:00+08:00,34.400001525878906,34.54999923706055,34.400001525878906,34.54999923706055,189540,0.0,0.0
2024-03-25 12:00:00+08:00,34.54999923706055,34.599998474121094,34.5,34.54999923706055,229800,0.0,0.0
2024-03-25 13:00:00+08:00,34.54999923706055,34.650001525878906,34.54999923706055,34.54999923706055,85658,0.0,0.0
2024-03-26 09:00:00+08:00,35.099998474121094,35.099998474121094,34.849998474121094,34.95000076293945,0,0.0,0.0
2024-03-26 10:00:00+08:00,34.849998474121094,34.95000076293945,34.79999923706055,34.79999923706055,177400,0.0,0.0
2024-03-26 11:00:00+08:00,34.79999923706055,34.79999923706055,34.400001525878906,34.70000076293945,233056,0.0,0.0
2024-03-26 12:00:00+08:00,34.70000076293945,34.900001525878906,34.650001525878906,34.900001525878906,211676,0.0,0.0
2024-03-26 13:00:00+08:00,34.900001525878906,34.95000076293945,34.900001525878906,34.95000076293945,101953,0.0,0.0
2024-03-27 09:00:00+08:00,35.25,36.25,35.150001525878906,35.650001525878906,123798,0.0,0.0
2024-03-27 10:00:00+08:00,35.70000076293945,36.20000076293945,35.650001525878906,36.0,396161,0.0,0.0
2024-03-27 11:00:00+08:00,36.0,36.150001525878906,36.0,36.099998474121094,273563,0.0,0.0
2024-03-27 12:00:00+08:00,36.099998474121094,36.150001525878906,36.04999923706055,36.099998474121094,202422,0.0,0.0
2024-03-27 13:00:00+08:00,36.099998474121094,36.099998474121094,35.95000076293945,36.0,217114,0.0,0.0
2024-03-28 09:00:00+08:00,36.54999923706055,37.400001525878906,36.29999923706055,37.150001525878906,0,0.0,0.0
2024-03-28 10:00:00+08:00,37.150001525878906,38.29999923706055,37.150001525878906,38.20000076293945,1192336,0.0,0.0
2024-03-28 11:00:00+08:00,38.20000076293945,38.45000076293945,38.099998474121094,38.29999923706055,555539,0.0,0.0
2024-03-28 12:00:00+08:00,38.29999923706055,38.400001525878906,35.75,35.95000076293945,1618006,0.0,0.0
2024-03-28 13:00:00+08:00,35.95000076293945,38.0,35.95000076293945,37.54999923706055,1133586,0.0,0.0
2024-03-29 09:00:00+08:00,37.650001525878906,38.70000076293945,37.400001525878906,37.95000076293945,1653357,0.0,0.0
2024-03-29 10:00:00+08:00,38.0,38.0,37.599998474121094,37.75,217009,0.0,0.0
2024-03-29 11:00:00+08:00,37.79999923706055,37.79999923706055,37.599998474121094,37.599998474121094,132529,0.0,0.0
2024-03-29 12:00:00+08:00,37.650001525878906,37.650001525878906,37.29999923706055,37.54999923706055,332748,0.0,0.0
2024-03-29 13:00:00+08:00,37.5,37.900001525878906,37.5,37.849998474121094,175328,0.0,0.0
2024-04-01 09:00:00+08:00,38.54999923706055,38.54999923706055,37.95000076293945,38.20000076293945,0,0.0,0.0
2024-04-01 10:00:00+08:00,38.20000076293945,38.5,38.0,38.349998474121094,441257,0.0,0.0
2024-04-01 11:00:00+08:00,38.29999923706055,38.400001525878906,38.20000076293945,38.29999923706055,181236,0.0,0.0
2024-04-01 12:00:00+08:00,38.25,38.29999923706055,38.150001525878906,38.20000076293945,174043,0.0,0.0
2024-04-01 13:00:00+08:00,38.25,38.25,38.04999923706055,38.04999923706055,166562,0.0,0.0
2024-04-02 09:00:00+08:00,38.099998474121094,38.5,37.599998474121094,37.849998474121094,0,0.0,0.0
2024-04-02 10:00:00+08:00,37.900001525878906,38.25,37.900001525878906,38.150001525878906,190172,0.0,0.0
2024-04-02 11:00:00+08:00,38.150001525878906,38.20000076293945,38.0,38.0,154290,0.0,0.0
2024-04-02 12:00:00+08:00,38.0,38.0,37.79999923706055,37.849998474121094,191873,0.0,0.0
2024-04-02 13:00:00+08:00,37.95000076293945,38.04999923706055,37.900001525878906,38.0,84550,0.0,0.0
2024-04-03 09:00:00+08:00,37.900001525878906,38.04999923706055,37.599998474121094,37.650001525878906,0,0.0,0.0
2024-04-03 10:00:00+08:00,37.75,37.849998474121094,37.70000076293945,37.75,110991,0.0,0.0
2024-04-03 11:00:00+08:00,37.75,37.79999923706055,37.70000076293945,37.79999923706055,121337,0.0,0.0
2024-04-03 12:00:00+08:00,37.79999923706055,38.099998474121094,37.70000076293945,38.0,246895,0.0,0.0
2024-04-03 13:00:00+08:00,38.0,38.0,37.849998474121094,37.849998474121094,72310,0.0,0.0
2024-04-08 09:00:00+08:00,37.5,37.5,36.849998474121094,37.0,85563,0.0,0.0
2024-04-08 10:00:00+08:00,37.0,37.20000076293945,36.900001525878906,37.150001525878906,316778,0.0,0.0
2024-04-08 11:00:00+08:00,37.150001525878906,37.25,37.04999923706055,37.099998474121094,129737,0.0,0.0
2024-04-08 12:00:00+08:00,37.150001525878906,37.349998474121094,37.150001525878906,37.349998474121094,178026,0.0,0.0
2024-04-08 13:00:00+08:00,37.400001525878906,37.400001525878906,37.29999923706055,37.400001525878906,75378,0.0,0.0
2024-04-09 09:00:00+08:00,37.400001525878906,37.400001525878906,37.04999923706055,37.099998474121094,0,0.0,0.0
2024-04-09 10:00:00+08:00,37.099998474121094,37.20000076293945,37.04999923706055,37.20000076293945,213569,0.0,0.0
2024-04-09 11:00:00+08:00,37.150001525878906,37.20000076293945,37.099998474121094,37.20000076293945,160563,0.0,0.0
2024-04-09 12:00:00+08:00,37.20000076293945,37.25,37.20000076293945,37.20000076293945,79592,0.0,0.0
2024-04-09 13:00:00+08:00,37.20000076293945,37.25,37.150001525878906,37.20000076293945,82675,0.0,0.0
2024-04-10 09:00:00+08:00,37.04999923706055,37.099998474121094,36.79999923706055,36.95000076293945,0,0.0,0.0
2024-04-10 10:00:00+08:00,36.95000076293945,37.0,36.900001525878906,36.95000076293945,119940,0.0,0.0
2024-04-10 11:00:00+08:00,37.0,37.099998474121094,36.95000076293945,37.0,172374,0.0,0.0
2024-04-10 12:00:00+08:00,37.0,37.150001525878906,36.95000076293945,37.150001525878906,91288,0.0,0.0
2024-04-10 13:00:00+08:00,37.20000076293945,37.29999923706055,37.20000076293945,37.25,119002,0.0,0.0
2024-04-11 09:00:00+08:00,37.0,37.20000076293945,36.900001525878906,37.20000076293945,0,0.0,0.0
2024-04-11 10:00:00+08:00,37.20000076293945,37.400001525878906,37.150001525878906,37.20000076293945,70504,0.0,0.0
2024-04-11 11:00:00+08:00,37.099998474121094,37.20000076293945,37.04999923706055,37.04999923706055,92350,0.0,0.0
2024-04-11 12:00:00+08:00,37.04999923706055,37.099998474121094,36.849998474121094,37.0,304830,0.0,0.0
2024-04-11 13:00:00+08:00,37.04999923706055,37.099998474121094,37.0,37.0,50117,0.0,0.0
2024-04-12 09:00:00+08:00,37.0,37.0,36.650001525878906,36.95000076293945,257923,0.0,0.0
2024-04-12 10:00:00+08:00,36.95000076293945,38.20000076293945,36.95000076293945,37.900001525878906,474101,0.0,0.0
2024-04-12 11:00:00+08:00,37.900001525878906,37.95000076293945,37.54999923706055,37.599998474121094,121286,0.0,0.0
2024-04-12 12:00:00+08:00,37.599998474121094,37.849998474121094,37.599998474121094,37.75,135360,0.0,0.0
2024-04-12 13:00:00+08:00,37.70000076293945,37.79999923706055,37.54999923706055,37.650001525878906,69157,0.0,0.0
2024-04-15 09:00:00+08:00,37.5,38.0,37.29999923706055,37.79999923706055,0,0.0,0.0
2024-04-15 10:00:00+08:00,37.849998474121094,38.0,37.75,37.79999923706055,166351,0.0,0.0
2024-04-15 11:00:00+08:00,37.79999923706055,37.900001525878906,37.54999923706055,37.900001525878906,137194,0.0,0.0
2024-04-15 12:00:00+08:00,37.849998474121094,37.849998474121094,37.75,37.75,70405,0.0,0.0
2024-04-15 13:00:00+08:00,37.75,37.849998474121094,37.70000076293945,37.79999923706055,99222,0.0,0.0
2024-04-16 09:00:00+08:00,37.54999923706055,37.54999923706055,36.5,37.04999923706055,0,0.0,0.0
2024-04-16 10:00:00+08:00,37.099998474121094,37.099998474121094,36.75,36.95000076293945,252598,0.0,0.0
2024-04-16 11:00:00+08:00,36.95000076293945,37.04999923706055,36.849998474121094,37.0,96020,0.0,0.0
2024-04-16 12:00:00+08:00,36.900001525878906,36.95000076293945,36.79999923706055,36.79999923706055,162163,0.0,0.0
2024-04-16 13:00:00+08:00,36.79999923706055,36.79999923706055,36.599998474121094,36.75,204000,0.0,0.0
2024-04-17 09:00:00+08:00,36.70000076293945,38.150001525878906,36.70000076293945,38.099998474121094,0,0.0,0.0
2024-04-17 10:00:00+08:00,38.0,38.150001525878906,37.75,38.0,302287,0.0,0.0
2024-04-17 11:00:00+08:00,38.0,38.20000076293945,38.0,38.0,203997,0.0,0.0
2024-04-17 12:00:00+08:00,37.900001525878906,38.150001525878906,37.849998474121094,38.150001525878906,137741,0.0,0.0
2024-04-17 13:00:00+08:00,38.150001525878906,38.150001525878906,37.95000076293945,38.0,110637,0.0,0.0
2024-04-18 09:00:00+08:00,38.04999923706055,39.70000076293945,38.04999923706055,39.599998474121094,1605484,0.0,0.0
2024-04-18 10:00:00+08:00,39.599998474121094,40.0,39.5,39.70000076293945,616020,0.0,0.0
2024-04-18 11:00:00+08:00,39.70000076293945,40.79999923706055,39.599998474121094,40.70000076293945,841171,0.0,0.0
2024-04-18 12:00:00+08:00,40.650001525878906,40.70000076293945,40.099998474121094,40.150001525878906,587195,0.0,0.0
2024-04-18 13:00:00+08:00,40.099998474121094,40.650001525878906,40.099998474121094,40.25,277928,0.0,0.0
2024-04-19 09:00:00+08:00,41.150001525878906,41.29999923706055,39.599998474121094,40.25,0,0.0,0.0
2024-04-19 10:00:00+08:00,40.29999923706055,40.29999923706055,38.599998474121094,38.599998474121094,997507,0.0,0.0
2024-04-19 11:00:00+08:00,38.599998474121094,39.650001525878906,38.599998474121094,39.650001525878906,328354,0.0,0.0
2024-04-19 12:00:00+08:00,39.650001525878906,40.20000076293945,39.599998474121094,40.0,328503,0.0,0.0
2024-04-19 13:00:00+08:00,40.0,40.150001525878906,39.79999923706055,39.79999923706055,182562,0.0,0.0
2024-04-22 09:00:00+08:00,39.75,41.45000076293945,39.75,41.150001525878906,0,0.0,0.0
2024-04-22 10:00:00+08:00,41.25,41.45000076293945,39.150001525878906,40.099998474121094,821305,0.0,0.0
2024-04-22 11:00:00+08:00,40.0,40.29999923706055,39.5,39.95000076293945,288942,0.0,0.0
2024-04-22 12:00:00+08:00,39.95000076293945,40.599998474121094,39.849998474121094,40.349998474121094,198371,0.0,0.0
2024-04-22 13:00:00+08:00,40.349998474121094,40.349998474121094,39.70000076293945,40.0,176067,0.0,0.0
2024-04-23 09:00:00+08:00,40.0,40.25,39.5,39.79999923706055,0,0.0,0.0
2024-04-23 10:00:00+08:00,39.79999923706055,40.20000076293945,39.70000076293945,39.95000076293945,245961,0.0,0.0
2024-04-23 11:00:00+08:00,39.95000076293945,40.04999923706055,39.900001525878906,40.04999923706055,124617,0.0,0.0
2024-04-23 12:00:00+08:00,40.04999923706055,40.25,40.0,40.150001525878906,235066,0.0,0.0
2024-04-23 13:00:00+08:00,40.150001525878906,40.29999923706055,40.0,40.150001525878906,95000,0.0,0.0
2024-04-24 09:00:00+08:00,40.5,40.5,39.75,39.79999923706055,0,0.0,0.0
2024-04-24 10:00:00+08:00,39.849998474121094,40.04999923706055,39.75,40.04999923706055,110071,0.0,0.0
2024-04-24 11:00:00+08:00,40.04999923706055,40.099998474121094,39.849998474121094,40.099998474121094,109052,0.0,0.0
2024-04-24 12:00:00+08:00,40.099998474121094,40.099998474121094,39.849998474121094,39.95000076293945,163625,0.0,0.0
2024-04-24 13:00:00+08:00,40.04999923706055,40.04999923706055,39.849998474121094,40.0,78000,0.0,0.0
2024-04-25 09:00:00+08:00,40.150001525878906,41.29999923706055,39.70000076293945,40.900001525878906,824066,0.0,0.0
2024-04-25 10:00:00+08:00,40.900001525878906,40.900001525878906,40.29999923706055,40.75,334587,0.0,0.0
2024-04-25 11:00:00+08:00,40.70000076293945,40.79999923706055,40.400001525878906,40.400001525878906,116148,0.0,0.0
2024-04-25 12:00:00+08:00,40.400001525878906,40.400001525878906,40.099998474121094,40.150001525878906,178024,0.0,0.0
2024-04-25 13:00:00+08:00,40.20000076293945,40.29999923706055,40.150001525878906,40.29999923706055,53719,0.0,0.0
2024-04-26 09:00:00+08:00,41.099998474121094,41.099998474121094,40.099998474121094,40.70000076293945,0,0.0,0.0
2024-04-26 10:00:00+08:00,40.70000076293945,41.20000076293945,40.54999923706055,40.900001525878906,430725,0.0,0.0
2024-04-26 11:00:00+08:00,40.900001525878906,41.650001525878906,40.75,41.0,713060,0.0,0.0
2024-04-26 12:00:00+08:00,41.0,41.29999923706055,41.0,41.150001525878906,170050,0.0,0.0
2024-04-26 13:00:00+08:00,41.150001525878906,41.20000076293945,41.0,41.04999923706055,103292,0.0,0.0
2024-04-29 09:00:00+08:00,41.900001525878906,44.25,41.20000076293945,43.400001525878906,0,0.0,0.0
2024-04-29 10:00:00+08:00,43.349998474121094,44.0,43.25,43.900001525878906,417834,0.0,0.0
2024-04-29 11:00:00+08:00,43.900001525878906,44.349998474121094,43.849998474121094,44.0,416880,0.0,0.0
2024-04-29 12:00:00+08:00,44.0,44.849998474121094,43.95000076293945,44.400001525878906,608680,0.0,0.0
2024-04-29 13:00:00+08:00,44.45000076293945,44.75,44.150001525878906,44.29999923706055,259134,0.0,0.0
2024-04-30 09:00:00+08:00,44.5,44.79999923706055,42.29999923706055,44.150001525878906,0,0.0,0.0
2024-04-30 10:00:00+08:00,44.099998474121094,45.79999923706055,43.70000076293945,44.79999923706055,1074870,0.0,0.0
2024-04-30 11:00:00+08:00,44.79999923706055,45.20000076293945,44.04999923706055,44.95000076293945,522573,0.0,0.0
2024-04-30 12:00:00+08:00,44.900001525878906,44.900001525878906,44.04999923706055,44.79999923706055,426686,0.0,0.0
2024-04-30 13:00:00+08:00,44.849998474121094,44.849998474121094,44.20000076293945,44.349998474121094,226199,0.0,0.0
2024-05-02 09:00:00+08:00,44.5,48.5,44.5,48.0,0,0.0,0.0
2024-05-02 10:00:00+08:00,48.0,48.0,46.5,47.400001525878906,932604,0.0,0.0
2024-05-02 11:00:00+08:00,47.400001525878906,47.900001525878906,46.95000076293945,47.29999923706055,370195,0.0,0.0
2024-05-02 12:00:00+08:00,47.45000076293945,47.849998474121094,47.099998474121094,47.650001525878906,380551,0.0,0.0
2024-05-02 13:00:00+08:00,47.599998474121094,47.70000076293945,47.20000076293945,47.54999923706055,288680,0.0,0.0
2024-05-03 09:00:00+08:00,47.54999923706055,48.20000076293945,46.150001525878906,46.5,0,0.0,0.0
2024-05-03 10:00:00+08:00,46.54999923706055,47.5,46.54999923706055,47.20000076293945,254288,0.0,0.0
2024-05-03 11:00:00+08:00,47.400001525878906,48.75,47.400001525878906,47.54999923706055,755689,0.0,0.0
2024-05-03 12:00:00+08:00,47.54999923706055,48.150001525878906,47.400001525878906,47.5,344630,0.0,0.0
2024-05-03 13:00:00+08:00,47.45000076293945,47.54999923706055,47.20000076293945,47.25,164424,0.0,0.0
2024-05-06 09:00:00+08:00,48.0,48.0,46.0,46.5,0,0.0,0.0
2024-05-06 10:00:00+08:00,46.5,47.54999923706055,46.5,47.150001525878906,435321,0.0,0.0
2024-05-06 11:00:00+08:00,47.150001525878906,47.25,46.849998474121094,47.099998474121094,130114,0.0,0.0
2024-05-06 12:00:00+08:00,47.0,47.20000076293945,46.650001525878906,47.20000076293945,181908,0.0,0.0
2024-05-06 13:00:00+08:00,47.20000076293945,47.20000076293945,46.70000076293945,46.75,247576,0.0,0.0
2024-05-07 09:00:00+08:00,46.75,47.25,45.0,45.099998474121094,1038608,0.0,0.0
2024-05-07 10:00:00+08:00,45.20000076293945,45.20000076293945,43.349998474121094,44.20000076293945,1275865,0.0,0.0
2024-05-07 11:00:00+08:00,44.0,44.70000076293945,43.70000076293945,44.70000076293945,348839,0.0,0.0
2024-05-07 12:00:00+08:00,44.79999923706055,45.150001525878906,44.5,45.099998474121094,180878,0.0,0.0
2024-05-07 13:00:00+08:00,45.04999923706055,45.20000076293945,44.900001525878906,45.0,190119,0.0,0.0
2024-05-08 09:00:00+08:00,45.70000076293945,45.70000076293945,44.5,44.599998474121094,0,0.0,0.0
2024-05-08 10:00:00+08:00,44.599998474121094,44.650001525878906,43.849998474121094,43.900001525878906,425456,0.0,0.0
2024-05-08 11:00:00+08:00,43.900001525878906,44.400001525878906,43.900001525878906,44.400001525878906,133825,0.0,0.0
2024-05-08 12:00:00+08:00,44.400001525878906,44.599998474121094,44.0,44.20000076293945,144366,0.0,0.0
2024-05-08 13:00:00+08:00,44.20000076293945,44.5,44.20000076293945,44.29999923706055,70150,0.0,0.0
2024-05-09 09:00:00+08:00,44.25,45.099998474121094,44.25,44.79999923706055,0,0.0,0.0
2024-05-09 10:00:00+08:00,44.79999923706055,44.849998474121094,44.099998474121094,44.099998474121094,432207,0.0,0.0
2024-05-09 11:00:00+08:00,44.150001525878906,44.599998474121094,44.150001525878906,44.400001525878906,150410,0.0,0.0
2024-05-09 12:00:00+08:00,44.400001525878906,44.45000076293945,44.25,44.29999923706055,131577,0.0,0.0
2024-05-09 13:00:00+08:00,44.29999923706055,44.400001525878906,44.20000076293945,44.20000076293945,156503,0.0,0.0
2024-05-10 09:00:00+08:00,44.20000076293945,44.650001525878906,43.95000076293945,44.650001525878906,0,0.0,0.0
2024-05-10 10:00:00+08:00,44.650001525878906,44.849998474121094,44.45000076293945,44.70000076293945,186434,0.0,0.0
2024-05-10 11:00:00+08:00,44.70000076293945,44.849998474121094,44.45000076293945,44.599998474121094,130757,0.0,0.0
2024-05-10 12:00:00+08:00,44.54999923706055,44.599998474121094,44.400001525878906,44.599998474121094,86441,0.0,0.0
2024-05-10 13:00:00+08:00,44.599998474121094,44.79999923706055,44.54999923706055,44.599998474121094,84000,0.0,0.0
2024-05-13 09:00:00+08:00,44.79999923706055,45.04999923706055,44.04999923706055,44.95000076293945,0,0.0,0.0
2024-05-13 10:00:00+08:00,44.95000076293945,45.45000076293945,44.849998474121094,45.20000076293945,276430,0.0,0.0
2024-05-13 11:00:00+08:00,45.20000076293945,45.79999923706055,45.04999923706055,45.5,256569,0.0,0.0
2024-05-13 12:00:00+08:00,45.45000076293945,45.5,45.04999923706055,45.400001525878906,188560,0.0,0.0
2024-05-13 13:00:00+08:00,45.5,45.650001525878906,45.5,45.54999923706055,110624,0.0,0.0
2024-05-14 09:00:00+08:00,45.849998474121094,45.849998474121094,44.04999923706055,44.400001525878906,0,0.0,0.0
2024-05-14 10:00:00+08:00,44.349998474121094,44.650001525878906,44.20000076293945,44.5,119554,0.0,0.0
2024-05-14 11:00:00+08:00,44.5,44.5,44.25,44.400001525878906,96800,0.0,0.0
2024-05-14 12:00:00+08:00,44.400001525878906,44.5,44.25,44.400001525878906,156676,0.0,0.0
2024-05-14 13:00:00+08:00,44.349998474121094,44.400001525878906,44.20000076293945,44.25,114156,0.0,0.0
2024-05-15 09:00:00+08:00,44.5,44.900001525878906,44.099998474121094,44.70000076293945,0,0.0,0.0
2024-05-15 10:00:00+08:00,44.650001525878906,44.650001525878906,44.20000076293945,44.25,106942,0.0,0.0
2024-05-15 11:00:00+08:00,44.29999923706055,44.650001525878906,44.29999923706055,44.650001525878906,82600,0.0,0.0
2024-05-15 12:00:00+08:00,44.599998474121094,44.650001525878906,44.5,44.650001525878906,51389,0.0,0.0
2024-05-15 13:00:00+08:00,44.599998474121094,44.599998474121094,44.400001525878906,44.54999923706055,24360,0.0,0.0
2024-05-16 09:00:00+08:00,44.349998474121094,45.20000076293945,44.349998474121094,45.099998474121094,295340,0.0,0.0
2024-05-16 10:00:00+08:00,45.099998474121094,45.5,45.0,45.29999923706055,238007,0.0,0.0
2024-05-16 11:00:00+08:00,45.400001525878906,45.45000076293945,45.0,45.099998474121094,116180,0.0,0.0
2024-05-16 12:00:00+08:00,45.150001525878906,45.20000076293945,45.0,45.099998474121094,137352,0.0,0.0
2024-05-16 13:00:00+08:00,45.099998474121094,45.25,45.04999923706055,45.150001525878906,34004,0.0,0.0
2024-05-17 09:00:00+08:00,45.20000076293945,45.45000076293945,44.5,45.150001525878906,0,0.0,0.0
2024-05-17 10:00:00+08:00,45.04999923706055,45.04999923706055,44.79999923706055,45.0,86560,0.0,0.0
2024-05-17 11:00:00+08:00,44.900001525878906,44.900001525878906,44.599998474121094,44.79999923706055,121358,0.0,0.0
2024-05-17 12:00:00+08:00,44.79999923706055,44.900001525878906,44.70000076293945,44.79999923706055,83110,0.0,0.0
2024-05-17 13:00:00+08:00,44.75,44.900001525878906,44.70000076293945,44.900001525878906,50000,0.0,0.0
2024-05-20 09:00:00+08:00,45.25,45.25,44.599998474121094,44.599998474121094,0,0.0,0.0
2024-05-20 10:00:00+08:00,44.599998474121094,45.099998474121094,44.599998474121094,45.04999923706055,73522,0.0,0.0
2024-05-20 11:00:00+08:00,45.04999923706055,45.099998474121094,44.599998474121094,44.75,108050,0.0,0.0
2024-05-20 12:00:00+08:00,44.75,45.150001525878906,44.75,45.150001525878906,127593,0.0,0.0
2024-05-20 13:00:00+08:00,45.150001525878906,45.150001525878906,44.900001525878906,45.0,46662,0.0,0.0
2024-05-21 09:00:00+08:00,45.150001525878906,45.150001525878906,44.650001525878906,44.650001525878906,0,0.0,0.0
2024-05-21 10:00:00+08:00,44.599998474121094,44.900001525878906,44.599998474121094,44.75,82363,0.0,0.0
2024-05-21 11:00:00+08:00,44.70000076293945,44.79999923706055,44.70000076293945,44.79999923706055,68880,0.0,0.0
2024-05-21 12:00:00+08:00,44.79999923706055,44.79999923706055,44.650001525878906,44.70000076293945,96250,0.0,0.0
2024-05-21 13:00:00+08:00,44.70000076293945,44.79999923706055,44.599998474121094,44.79999923706055,48531,0.0,0.0
2024-05-22 09:00:00+08:00,44.70000076293945,44.70000076293945,44.54999923706055,44.70000076293945,0,0.0,0.0
2024-05-22 10:00:00+08:00,44.650001525878906,44.70000076293945,44.45000076293945,44.650001525878906,116626,0.0,0.0
2024-05-22 11:00:00+08:00,44.650001525878906,44.849998474121094,44.650001525878906,44.849998474121094,88233,0.0,0.0
2024-05-22 12:00:00+08:00,44.75,44.849998474121094,44.70000076293945,44.75,73092,0.0,0.0
2024-05-22 13:00:00+08:00,44.75,45.04999923706055,44.75,45.0,68028,0.0,0.0
2024-05-23 09:00:00+08:00,44.95000076293945,44.95000076293945,44.20000076293945,44.349998474121094,0,0.0,0.0
2024-05-23 10:00:00+08:00,44.349998474121094,44.349998474121094,44.0,44.0,450727,0.0,0.0
2024-05-23 11:00:00+08:00,44.0,44.25,43.5,44.20000076293945,253228,0.0,0.0
2024-05-23 12:00:00+08:00,44.099998474121094,44.099998474121094,43.0,43.0,769808,0.0,0.0
2024-05-23 13:00:00+08:00,43.04999923706055,43.099998474121094,42.400001525878906,42.5,404537,0.0,0.0
2024-05-24 09:00:00+08:00,42.5,43.29999923706055,41.650001525878906,43.29999923706055,268538,0.0,0.0
2024-05-24 10:00:00+08:00,43.29999923706055,43.5,43.0,43.150001525878906,114412,0.0,0.0
2024-05-24 11:00:00+08:00,43.20000076293945,43.400001525878906,43.20000076293945,43.400001525878906,52318,0.0,0.0
2024-05-24 12:00:00+08:00,43.400001525878906,43.79999923706055,43.349998474121094,43.650001525878906,108729,0.0,0.0
2024-05-24 13:00:00+08:00,43.54999923706055,43.75,43.54999923706055,43.599998474121094,25411,0.0,0.0
2024-05-27 09:00:00+08:00,43.75,44.599998474121094,43.75,44.599998474121094,0,0.0,0.0
2024-05-27 10:00:00+08:00,44.45000076293945,44.45000076293945,44.349998474121094,44.349998474121094,43569,0.0,0.0
2024-05-27 11:00:00+08:00,44.29999923706055,44.349998474121094,44.20000076293945,44.29999923706055,38587,0.0,0.0
2024-05-27 12:00:00+08:00,44.29999923706055,44.400001525878906,44.25,44.25,49880,0.0,0.0
2024-05-27 13:00:00+08:00,44.25,44.400001525878906,44.25,44.349998474121094,56231,0.0,0.0
2024-05-28 09:00:00+08:00,44.5,44.5,44.150001525878906,44.150001525878906,0,0.0,0.0
2024-05-28 10:00:00+08:00,44.150001525878906,44.400001525878906,44.099998474121094,44.29999923706055,57199,0.0,0.0
2024-05-28 11:00:00+08:00,44.29999923706055,44.29999923706055,44.099998474121094,44.150001525878906,56466,0.0,0.0
2024-05-28 12:00:00+08:00,44.150001525878906,44.5,44.150001525878906,44.25,68629,0.0,0.0
2024-05-28 13:00:00+08:00,44.25,44.25,44.150001525878906,44.150001525878906,24447,0.0,0.0
2024-05-29 09:00:00+08:00,44.20000076293945,44.20000076293945,43.650001525878906,43.849998474121094,0,0.0,0.0
2024-05-29 10:00:00+08:00,43.849998474121094,43.900001525878906,43.70000076293945,43.70000076293945,75355,0.0,0.0
2024-05-29 11:00:00+08:00,43.70000076293945,43.75,43.5,43.599998474121094,99439,0.0,0.0
2024-05-29 12:00:00+08:00,43.599998474121094,44.54999923706055,43.54999923706055,44.20000076293945,146459,0.0,0.0
2024-05-29 13:00:00+08:00,44.20000076293945,44.29999923706055,44.20000076293945,44.29999923706055,62645,0.0,0.0
2024-05-30 09:00:00+08:00,44.29999923706055,46.599998474121094,44.29999923706055,45.29999923706055,82862,0.0,0.0
2024-05-30 10:00:00+08:00,45.29999923706055,45.29999923706055,44.849998474121094,44.900001525878906,105301,0.0,0.0
2024-05-30 11:00:00+08:00,45.0,45.099998474121094,44.70000076293945,44.70000076293945,91161,0.0,0.0
2024-05-30 12:00:00+08:00,44.70000076293945,44.75,44.5,44.599998474121094,84659,0.0,0.0
2024-05-30 13:00:00+08:00,44.599998474121094,44.650001525878906,44.29999923706055,44.29999923706055,80651,0.0,0.0
2024-05-31 09:00:00+08:00,44.5,45.599998474121094,44.5,45.54999923706055,0,0.0,0.0
2024-05-31 10:00:00+08:00,45.54999923706055,45.599998474121094,45.099998474121094,45.099998474121094,188844,0.0,0.0
2024-05-31 11:00:00+08:00,45.099998474121094,45.099998474121094,44.75,44.900001525878906,59371,0.0,0.0
2024-05-31 12:00:00+08:00,44.900001525878906,44.900001525878906,44.599998474121094,44.79999923706055,91510,0.0,0.0
2024-05-31 13:00:00+08:00,44.79999923706055,44.849998474121094,44.5,44.5,76020,0.0,0.0
2024-06-03 09:00:00+08:00,44.75,44.75,44.20000076293945,44.349998474121094,0,0.0,0.0
2024-06-03 10:00:00+08:00,44.45000076293945,44.849998474121094,44.45000076293945,44.70000076293945,81307,0.0,0.0
2024-06-03 11:00:00+08:00,44.79999923706055,45.0,44.650001525878906,44.70000076293945,60322,0.0,0.0
2024-06-03 12:00:00+08:00,44.70000076293945,44.70000076293945,44.5,44.599998474121094,66730,0.0,0.0
2024-06-03 13:00:00+08:00,44.599998474121094,44.70000076293945,44.599998474121094,44.70000076293945,39181,0.0,0.0
2024-06-04 09:00:00+08:00,44.75,44.900001525878906,44.29999923706055,44.400001525878906,0,0.0,0.0
2024-06-04 10:00:00+08:00,44.349998474121094,44.400001525878906,44.150001525878906,44.400001525878906,99682,0.0,0.0
2024-06-04 11:00:00+08:00,44.29999923706055,44.5,44.20000076293945,44.20000076293945,42310,0.0,0.0
2024-06-04 12:00:00+08:00,44.20000076293945,44.25,44.150001525878906,44.20000076293945,59063,0.0,0.0
2024-06-04 13:00:00+08:00,44.20000076293945,44.20000076293945,44.150001525878906,44.20000076293945,37100,0.0,0.0
2024-06-05 09:00:00+08:00,44.150001525878906,44.70000076293945,44.150001525878906,44.45000076293945,0,0.0,0.0
2024-06-05 10:00:00+08:00,44.400001525878906,44.400001525878906,44.150001525878906,44.25,39422,0.0,0.0
2024-06-05 11:00:00+08:00,44.25,44.29999923706055,44.150001525878906,44.29999923706055,24110,0.0,0.0
2024-06-05 12:00:00+08:00,44.29999923706055,44.29999923706055,44.20000076293945,44.25,48405,0.0,0.0
2024-06-05 13:00:00+08:00,44.25,44.25,44.20000076293945,44.20000076293945,8717,0.0,0.0
2024-06-06 09:00:00+08:00,44.5,44.5,43.75,43.75,0,0.0,0.0
2024-06-06 10:00:00+08:00,43.75,44.0,43.54999923706055,43.70000076293945,74106,0.0,0.0
2024-06-06 11:00:00+08:00,43.75,43.95000076293945,43.75,43.849998474121094,32069,0.0,0.0
2024-06-06 12:00:00+08:00,43.900001525878906,44.20000076293945,43.900001525878906,44.150001525878906,91000,0.0,0.0
2024-06-06 13:00:00+08:00,44.099998474121094,44.150001525878906,44.0,44.0,27000,0.0,0.0
2024-06-07 09:00:00+08:00,43.29999923706055,44.400001525878906,43.29999923706055,44.29999923706055,0,0.0,0.0
2024-06-07 10:00:00+08:00,44.099998474121094,45.0,44.099998474121094,44.599998474121094,167289,0.0,0.0
2024-06-07 11:00:00+08:00,44.599998474121094,44.599998474121094,44.20000076293945,44.400001525878906,96675,0.0,0.0
2024-06-07 12:00:00+08:00,44.25,44.25,43.900001525878906,43.900001525878906,72237,0.0,0.0
2024-06-07 13:00:00+08:00,43.95000076293945,44.099998474121094,43.900001525878906,44.04999923706055,43153,0.0,0.0
2024-06-11 09:00:00+08:00,44.099998474121094,44.20000076293945,43.5,43.54999923706055,0,0.0,0.0
2024-06-11 10:00:00+08:00,43.5,43.70000076293945,43.400001525878906,43.70000076293945,108982,0.0,0.0
2024-06-11 11:00:00+08:00,43.70000076293945,43.70000076293945,43.5,43.5,36391,0.0,0.0
2024-06-11 12:00:00+08:00,43.5,43.54999923706055,43.400001525878906,43.5,80290,0.0,0.0
2024-06-11 13:00:00+08:00,43.45000076293945,43.5,43.400001525878906,43.400001525878906,56040,0.0,0.0
2024-06-12 09:00:00+08:00,43.400001525878906,43.400001525878906,42.79999923706055,43.0,0,0.0,0.0
2024-06-12 10:00:00+08:00,42.95000076293945,43.150001525878906,42.849998474121094,43.099998474121094,88532,0.0,0.0
2024-06-12 11:00:00+08:00,43.099998474121094,43.20000076293945,43.0,43.0,29100,0.0,0.0
2024-06-12 12:00:00+08:00,43.0,43.04999923706055,43.0,43.0,37723,0.0,0.0
2024-06-12 13:00:00+08:00,43.0,43.0,42.900001525878906,42.900001525878906,43134,0.0,0.0
2024-06-13 09:00:00+08:00,43.75,43.75,42.849998474121094,43.0,0,0.0,0.0
2024-06-13 10:00:00+08:00,43.099998474121094,43.150001525878906,42.95000076293945,43.099998474121094,32582,0.0,0.0
2024-06-13 11:00:00+08:00,43.099998474121094,43.099998474121094,42.95000076293945,42.95000076293945,24114,0.0,0.0
2024-06-13 12:00:00+08:00,43.0,43.0,42.95000076293945,42.95000076293945,32800,0.0,0.0
2024-06-13 13:00:00+08:00,42.95000076293945,43.0,42.900001525878906,42.95000076293945,14543,0.0,0.0
2024-06-14 09:00:00+08:00,42.75,43.400001525878906,42.75,43.0,0,0.0,0.0
2024-06-14 10:00:00+08:00,43.099998474121094,43.29999923706055,43.0,43.04999923706055,40049,0.0,0.0
2024-06-14 11:00:00+08:00,43.04999923706055,43.04999923706055,42.900001525878906,42.900001525878906,46109,0.0,0.0
2024-06-14 12:00:00+08:00,42.95000076293945,43.04999923706055,42.900001525878906,43.04999923706055,79302,0.0,0.0
2024-06-14 13:00:00+08:00,43.099998474121094,43.20000076293945,43.0,43.0,35000,0.0,0.0
2024-06-17 09:00:00+08:00,43.650001525878906,43.650001525878906,43.150001525878906,43.349998474121094,0,0.0,0.0
2024-06-17 10:00:00+08:00,43.45000076293945,43.599998474121094,43.400001525878906,43.400001525878906,60055,0.0,0.0
2024-06-17 11:00:00+08:00,43.5,43.54999923706055,43.400001525878906,43.400001525878906,35638,0.0,0.0
2024-06-17 12:00:00+08:00,43.400001525878906,43.45000076293945,43.349998474121094,43.349998474121094,38006,0.0,0.0
2024-06-17 13:00:00+08:00,43.349998474121094,43.349998474121094,43.25,43.29999923706055,52683,0.0,0.0
2024-06-18 09:00:00+08:00,43.349998474121094,43.599998474121094,43.349998474121094,43.599998474121094,0,0.0,0.0
2024-06-18 10:00:00+08:00,43.5,43.599998474121094,43.349998474121094,43.349998474121094,69400,0.0,0.0
2024-06-18 11:00:00+08:00,43.45000076293945,43.45000076293945,43.29999923706055,43.349998474121094,56007,0.0,0.0
2024-06-18 12:00:00+08:00,43.400001525878906,43.45000076293945,43.349998474121094,43.400001525878906,35232,0.0,0.0
2024-06-18 13:00:00+08:00,43.400001525878906,43.400001525878906,43.29999923706055,43.29999923706055,13350,0.0,0.0
2024-06-19 09:00:00+08:00,43.29999923706055,43.29999923706055,43.150001525878906,43.20000076293945,0,0.0,0.0
2024-06-19 10:00:00+08:00,43.20000076293945,43.29999923706055,43.20000076293945,43.20000076293945,60400,0.0,0.0
2024-06-19 11:00:00+08:00,43.25,43.29999923706055,43.20000076293945,43.29999923706055,26787,0.0,0.0
2024-06-19 12:00:00+08:00,43.29999923706055,43.29999923706055,43.20000076293945,43.20000076293945,65333,0.0,0.0
2024-06-19 13:00:00+08:00,43.29999923706055,43.29999923706055,43.20000076293945,43.25,31342,0.0,0.0
2024-06-20 09:00:00+08:00,43.20000076293945,43.20000076293945,42.95000076293945,43.04999923706055,0,0.0,0.0
2024-06-20 10:00:00+08:00,43.099998474121094,43.29999923706055,43.04999923706055,43.099998474121094,47030,0.0,0.0
2024-06-20 11:00:00+08:00,43.150001525878906,43.29999923706055,43.099998474121094,43.099998474121094,40404,0.0,0.0
2024-06-20 12:00:00+08:00,43.150001525878906,43.20000076293945,43.04999923706055,43.099998474121094,62094,0.0,0.0
2024-06-20 13:00:00+08:00,43.099998474121094,43.20000076293945,43.099998474121094,43.150001525878906,30000,0.0,0.0
2024-06-21 09:00:00+08:00,43.400001525878906,43.650001525878906,43.20000076293945,43.20000076293945,0,0.0,0.0
2024-06-21 10:00:00+08:00,43.20000076293945,43.29999923706055,43.20000076293945,43.20000076293945,22059,0.0,0.0
2024-06-21 11:00:00+08:00,43.20000076293945,43.25,43.20000076293945,43.25,45100,0.0,0.0
2024-06-21 12:00:00+08:00,43.20000076293945,43.25,43.20000076293945,43.20000076293945,38135,0.0,0.0
2024-06-21 13:00:00+08:00,43.25,43.25,43.20000076293945,43.25,43000,0.0,0.0
2024-06-24 09:00:00+08:00,43.54999923706055,43.54999923706055,43.29999923706055,43.45000076293945,0,0.0,0.0
2024-06-24 10:00:00+08:00,43.349998474121094,43.5,43.29999923706055,43.29999923706055,82334,0.0,0.0
2024-06-24 11:00:00+08:00,43.29999923706055,43.5,43.29999923706055,43.29999923706055,29686,0.0,0.0
2024-06-24 12:00:00+08:00,43.29999923706055,43.400001525878906,43.29999923706055,43.29999923706055,43931,0.0,0.0
2024-06-24 13:00:00+08:00,43.29999923706055,43.29999923706055,43.25,43.25,14619,0.0,0.0
2024-06-25 09:00:00+08:00,43.29999923706055,43.29999923706055,42.400001525878906,42.900001525878906,0,0.0,0.0
2024-06-25 10:00:00+08:00,42.900001525878906,42.95000076293945,42.79999923706055,42.95000076293945,22015,0.0,0.0
2024-06-25 11:00:00+08:00,42.95000076293945,43.0,42.900001525878906,42.900001525878906,36063,0.0,0.0
2024-06-25 12:00:00+08:00,42.95000076293945,42.95000076293945,42.900001525878906,42.95000076293945,33702,0.0,0.0
2024-06-25 13:00:00+08:00,42.95000076293945,43.0,42.95000076293945,42.95000076293945,20080,0.0,0.0
2024-06-26 09:00:00+08:00,42.95000076293945,43.29999923706055,42.75,43.29999923706055,0,0.0,0.0
2024-06-26 10:00:00+08:00,43.25,43.400001525878906,42.900001525878906,42.95000076293945,217525,0.0,0.0
2024-06-26 11:00:00+08:00,43.20000076293945,43.20000076293945,43.0,43.04999923706055,12002,0.0,0.0
2024-06-26 12:00:00+08:00,43.04999923706055,43.150001525878906,43.0,43.0,25202,0.0,0.0
2024-06-26 13:00:00+08:00,43.0,43.04999923706055,42.95000076293945,42.95000076293945,28296,0.0,0.0
2024-06-27 09:00:00+08:00,42.900001525878906,43.349998474121094,42.5,42.75,0,0.0,0.0
2024-06-27 10:00:00+08:00,42.95000076293945,43.0,42.70000076293945,42.75,48223,0.0,0.0
2024-06-27 11:00:00+08:00,42.79999923706055,42.79999923706055,42.599998474121094,42.650001525878906,70424,0.0,0.0
2024-06-27 12:00:00+08:00,42.650001525878906,42.75,42.599998474121094,42.650001525878906,78990,0.0,0.0
2024-06-27 13:00:00+08:00,42.650001525878906,42.650001525878906,42.5,42.5,80652,0.0,0.0
2024-06-28 09:00:00+08:00,42.5,42.599998474121094,42.20000076293945,42.5,0,0.0,0.0
2024-06-28 10:00:00+08:00,42.400001525878906,42.54999923706055,42.29999923706055,42.400001525878906,81341,0.0,0.0
2024-06-28 11:00:00+08:00,42.400001525878906,42.45000076293945,42.349998474121094,42.400001525878906,47665,0.0,0.0
2024-06-28 12:00:00+08:00,42.5,42.5,42.25,42.29999923706055,126214,0.0,0.0
2024-06-28 13:00:00+08:00,42.25,42.400001525878906,42.25,42.29999923706055,36480,0.0,0.0
2024-07-01 09:00:00+08:00,42.400001525878906,43.349998474121094,42.400001525878906,43.349998474121094,0,0.0,0.0
2024-07-01 10:00:00+08:00,43.29999923706055,43.29999923706055,43.20000076293945,43.20000076293945,98510,0.0,0.0
2024-07-01 11:00:00+08:00,43.20000076293945,43.599998474121094,43.20000076293945,43.45000076293945,229841,0.0,0.0
2024-07-01 12:00:00+08:00,43.45000076293945,43.70000076293945,43.400001525878906,43.70000076293945,180488,0.0,0.0
2024-07-01 13:00:00+08:00,43.70000076293945,43.79999923706055,43.599998474121094,43.650001525878906,133453,0.0,0.0
2024-07-02 09:00:00+08:00,40.400001525878906,40.400001525878906,39.099998474121094,39.400001525878906,0,3.205691,0.0
2024-07-02 10:00:00+08:00,39.400001525878906,39.599998474121094,39.20000076293945,39.25,137889,0.0,0.0
2024-07-02 11:00:00+08:00,39.20000076293945,39.25,38.5,38.650001525878906,362142,0.0,0.0
2024-07-02 12:00:00+08:00,38.650001525878906,38.70000076293945,38.45000076293945,38.45000076293945,193142,0.0,0.0
2024-07-02 13:00:00+08:00,38.45000076293945,38.5,38.349998474121094,38.400001525878906,88126,0.0,0.0
2024-07-03 09:00:00+08:00,38.45000076293945,38.45000076293945,38.0,38.29999923706055,170897,0.0,0.0
2024-07-03 10:00:00+08:00,38.29999923706055,38.400001525878906,38.25,38.400001525878906,63662,0.0,0.0
2024-07-03 11:00:00+08:00,38.400001525878906,38.599998474121094,38.349998474121094,38.5,40645,0.0,0.0
2024-07-03 12:00:00+08:00,38.5,38.5,38.349998474121094,38.45000076293945,58543,0.0,0.0
2024-07-03 13:00:00+08:00,38.400001525878906,38.54999923706055,38.400001525878906,38.54999923706055,5550,0.0,0.0
2024-07-04 09:00:00+08:00,38.400001525878906,38.400001525878906,38.04999923706055,38.25,150126,0.0,0.0
2024-07-04 10:00:00+08:00,38.349998474121094,38.5,38.099998474121094,38.150001525878906,60531,0.0,0.0
2024-07-04 11:00:00+08:00,38.099998474121094,38.150001525878906,38.04999923706055,38.099998474121094,68685,0.0,0.0
2024-07-04 12:00:00+08:00,38.099998474121094,38.150001525878906,38.04999923706055,38.099998474121094,73090,0.0,0.0
2024-07-04 13:00:00+08:00,38.099998474121094,38.150001525878906,38.04999923706055,38.099998474121094,35250,0.0,0.0
2024-07-05 09:00:00+08:00,38.04999923706055,38.04999923706055,37.79999923706055,37.900001525878906,0,0.0,0.0
2024-07-05 10:00:00+08:00,37.849998474121094,37.849998474121094,37.54999923706055,37.599998474121094,122315,0.0,0.0
2024-07-05 11:00:00+08:00,37.599998474121094,37.599998474121094,37.400001525878906,37.400001525878906,267901,0.0,0.0
2024-07-05 12:00:00+08:00,37.400001525878906,37.400001525878906,37.349998474121094,37.349998474121094,86647,0.0,0.0
2024-07-05 13:00:00+08:00,37.349998474121094,37.400001525878906,37.349998474121094,37.349998474121094,46604,0.0,0.0
2024-07-08 09:00:00+08:00,37.45000076293945,37.5,36.5,36.599998474121094,0,0.0,0.0
2024-07-08 10:00:00+08:00,36.599998474121094,36.95000076293945,36.54999923706055,36.650001525878906,78695,0.0,0.0
2024-07-08 11:00:00+08:00,36.650001525878906,36.79999923706055,36.599998474121094,36.70000076293945,47233,0.0,0.0
2024-07-08 12:00:00+08:00,36.599998474121094,36.70000076293945,36.54999923706055,36.599998474121094,97626,0.0,0.0
2024-07-08 13:00:00+08:00,36.599998474121094,36.79999923706055,36.599998474121094,36.79999923706055,58381,0.0,0.0
2024-07-09 09:00:00+08:00,36.650001525878906,36.650001525878906,35.95000076293945,35.95000076293945,355452,0.0,0.0
2024-07-09 10:00:00+08:00,35.900001525878906,36.20000076293945,35.849998474121094,36.099998474121094,110679,0.0,0.0
2024-07-09 11:00:00+08:00,36.04999923706055,36.29999923706055,36.0,36.29999923706055,61326,0.0,0.0
2024-07-09 12:00:00+08:00,36.25,36.29999923706055,36.099998474121094,36.099998474121094,101589,0.0,0.0
2024-07-09 13:00:00+08:00,36.099998474121094,36.099998474121094,36.099998474121094,36.099998474121094,9103,0.0,0.0
2024-07-10 09:00:00+08:00,36.099998474121094,36.849998474121094,36.0,36.849998474121094,108066,0.0,0.0
2024-07-10 10:00:00+08:00,36.79999923706055,36.849998474121094,36.54999923706055,36.849998474121094,34143,0.0,0.0
2024-07-10 11:00:00+08:00,36.95000076293945,36.95000076293945,36.75,36.75,37475,0.0,0.0
2024-07-10 12:00:00+08:00,36.75,36.75,36.650001525878906,36.70000076293945,53423,0.0,0.0
2024-07-10 13:00:00+08:00,36.70000076293945,36.75,36.650001525878906,36.650001525878906,56438,0.0,0.0
2024-07-11 09:00:00+08:00,36.599998474121094,36.70000076293945,36.349998474121094,36.70000076293945,63438,0.0,0.0
2024-07-11 10:00:00+08:00,36.70000076293945,36.900001525878906,36.70000076293945,36.75,0,0.0,0.0
2024-07-11 11:00:00+08:00,36.75,36.75,36.650001525878906,36.70000076293945,175519,0.0,0.0
2024-07-11 12:00:00+08:00,36.70000076293945,36.70000076293945,36.599998474121094,36.599998474121094,20328,0.0,0.0
2024-07-11 13:00:00+08:00,36.599998474121094,36.79999923706055,36.599998474121094,36.650001525878906,73607,0.0,0.0
2024-07-12 09:00:00+08:00,36.5,36.650001525878906,36.400001525878906,36.599998474121094,31164,0.0,0.0
2024-07-12 10:00:00+08:00,36.599998474121094,36.70000076293945,36.5,36.70000076293945,49441,0.0,0.0
2024-07-12 11:00:00+08:00,36.599998474121094,36.75,36.599998474121094,36.75,21231,0.0,0.0
2024-07-12 12:00:00+08:00,36.75,36.75,36.75,36.75,16075,0.0,0.0
2024-07-12 13:00:00+08:00,36.70000076293945,36.70000076293945,36.599998474121094,36.599998474121094,11577,0.0,0.0
2024-07-15 09:00:00+08:00,36.599998474121094,37.45000076293945,36.45000076293945,37.400001525878906,0,0.0,0.0
2024-07-15 10:00:00+08:00,37.400001525878906,37.75,37.349998474121094,37.650001525878906,87818,0.0,0.0
2024-07-15 11:00:00+08:00,37.650001525878906,37.650001525878906,37.29999923706055,37.349998474121094,115792,0.0,0.0
2024-07-15 12:00:00+08:00,37.349998474121094,37.5,37.349998474121094,37.349998474121094,9082,0.0,0.0
2024-07-15 13:00:00+08:00,37.29999923706055,37.29999923706055,37.25,37.25,15169,0.0,0.0
2024-07-16 09:00:00+08:00,37.45000076293945,38.0,37.29999923706055,38.0,123951,0.0,0.0
2024-07-16 10:00:00+08:00,37.849998474121094,37.849998474121094,37.650001525878906,37.79999923706055,32455,0.0,0.0
2024-07-16 11:00:00+08:00,37.79999923706055,37.95000076293945,37.79999923706055,37.95000076293945,36716,0.0,0.0
2024-07-16 12:00:00+08:00,37.900001525878906,37.95000076293945,37.849998474121094,37.95000076293945,41232,0.0,0.0
2024-07-16 13:00:00+08:00,37.95000076293945,38.0,37.900001525878906,38.0,51289,0.0,0.0
2024-07-17 09:00:00+08:00,38.20000076293945,38.29999923706055,38.150001525878906,38.25,59236,0.0,0.0
2024-07-17 10:00:00+08:00,38.29999923706055,38.900001525878906,38.20000076293945,38.849998474121094,122617,0.0,0.0
2024-07-17 11:00:00+08:00,38.849998474121094,38.849998474121094,38.599998474121094,38.599998474121094,65200,0.0,0.0
2024-07-17 12:00:00+08:00,38.54999923706055,38.75,38.5,38.5,46834,0.0,0.0
2024-07-17 13:00:00+08:00,38.54999923706055,38.650001525878906,38.5,38.5,25101,0.0,0.0
2024-07-18 09:00:00+08:00,38.70000076293945,38.70000076293945,37.75,38.45000076293945,172054,0.0,0.0
2024-07-18 10:00:00+08:00,38.45000076293945,38.70000076293945,38.29999923706055,38.45000076293945,124519,0.0,0.0
2024-07-18 11:00:00+08:00,38.29999923706055,38.400001525878906,38.25,38.25,40010,0.0,0.0
2024-07-18 12:00:00+08:00,38.20000076293945,38.25,38.20000076293945,38.25,21759,0.0,0.0
2024-07-18 13:00:00+08:00,38.349998474121094,38.599998474121094,38.29999923706055,38.29999923706055,33210,0.0,0.0
2024-07-19 09:00:00+08:00,38.5,38.5,37.599998474121094,37.599998474121094,90179,0.0,0.0
2024-07-19 10:00:00+08:00,37.599998474121094,37.599998474121094,37.150001525878906,37.45000076293945,99346,0.0,0.0
2024-07-19 11:00:00+08:00,37.5,37.75,37.5,37.599998474121094,45683,0.0,0.0
2024-07-19 12:00:00+08:00,37.5,37.5,37.29999923706055,37.29999923706055,47674,0.0,0.0
2024-07-19 13:00:00+08:00,37.349998474121094,37.5,37.29999923706055,37.29999923706055,12210,0.0,0.0
2024-07-22 09:00:00+08:00,37.29999923706055,37.29999923706055,36.20000076293945,36.29999923706055,0,0.0,0.0
2024-07-22 10:00:00+08:00,36.29999923706055,36.79999923706055,35.849998474121094,36.79999923706055,106686,0.0,0.0
2024-07-22 11:00:00+08:00,36.79999923706055,36.79999923706055,36.25,36.25,21000,0.0,0.0
2024-07-22 12:00:00+08:00,36.25,36.400001525878906,36.25,36.400001525878906,23105,0.0,0.0
2024-07-22 13:00:00+08:00,36.400001525878906,36.45000076293945,36.29999923706055,36.29999923706055,4380,0.0,0.0
2024-07-23 09:00:00+08:00,36.5,37.25,36.5,37.25,66309,0.0,0.0
2024-07-23 10:00:00+08:00,37.20000076293945,37.25,37.04999923706055,37.150001525878906,9200,0.0,0.0
2024-07-23 11:00:00+08:00,37.04999923706055,37.04999923706055,36.75,36.900001525878906,22686,0.0,0.0
2024-07-23 12:00:00+08:00,36.75,36.75,36.650001525878906,36.75,11147,0.0,0.0
2024-07-23 13:00:00+08:00,36.79999923706055,36.849998474121094,36.79999923706055,36.79999923706055,7194,0.0,0.0
2024-07-26 09:00:00+08:00,36.0,36.04999923706055,35.20000076293945,35.599998474121094,6428,0.0,0.0
2024-07-26 10:00:00+08:00,35.650001525878906,35.79999923706055,35.650001525878906,35.79999923706055,22532,0.0,0.0
2024-07-26 11:00:00+08:00,35.79999923706055,35.79999923706055,35.75,35.75,14114,0.0,0.0
2024-07-26 12:00:00+08:00,35.79999923706055,35.900001525878906,35.79999923706055,35.900001525878906,19878,0.0,0.0
2024-07-26 13:00:00+08:00,35.79999923706055,35.849998474121094,35.75,35.75,13000,0.0,0.0
