Datetime,Open,High,Low,Close,Volume,Dividends,Stock Splits
2024-11-04 09:30:00-05:00,5.090000152587891,5.090000152587891,5.090000152587891,5.090000152587891,1767,0.0,0.0
2024-11-04 09:37:00-05:00,5.070000171661377,5.070000171661377,5.070000171661377,5.070000171661377,532,0.0,0.0
2024-11-04 09:39:00-05:00,5.079999923706055,5.079999923706055,5.070000171661377,5.070000171661377,615,0.0,0.0
2024-11-04 09:40:00-05:00,5.080100059509277,5.080100059509277,5.080100059509277,5.080100059509277,5152,0.0,0.0
2024-11-04 09:41:00-05:00,5.090000152587891,5.139999866485596,5.090000152587891,5.139999866485596,3137,0.0,0.0
2024-11-04 09:42:00-05:00,5.109457969665527,5.10945987701416,5.109457969665527,5.109457969665527,2649,0.0,0.0
2024-11-04 09:46:00-05:00,5.119999885559082,5.119999885559082,5.119999885559082,5.119999885559082,155,0.0,0.0
2024-11-04 09:47:00-05:00,5.121600151062012,5.121600151062012,5.119999885559082,5.119999885559082,651,0.0,0.0
2024-11-04 09:51:00-05:00,5.130000114440918,5.130000114440918,5.130000114440918,5.130000114440918,217,0.0,0.0
2024-11-04 09:52:00-05:00,5.119999885559082,5.119999885559082,5.110000133514404,5.1184000968933105,2044,0.0,0.0
2024-11-04 09:53:00-05:00,5.130000114440918,5.130000114440918,5.119999885559082,5.130000114440918,691,0.0,0.0
2024-11-04 09:56:00-05:00,5.139999866485596,5.139999866485596,5.139999866485596,5.139999866485596,1300,0.0,0.0
2024-11-04 09:57:00-05:00,5.170000076293945,5.170000076293945,5.170000076293945,5.170000076293945,460,0.0,0.0
2024-11-04 09:58:00-05:00,5.170000076293945,5.170000076293945,5.170000076293945,5.170000076293945,432,0.0,0.0
2024-11-04 10:00:00-05:00,5.160099983215332,5.160099983215332,5.160099983215332,5.160099983215332,2549,0.0,0.0
2024-11-04 10:01:00-05:00,5.159999847412109,5.159999847412109,5.159999847412109,5.159999847412109,1818,0.0,0.0
2024-11-04 10:02:00-05:00,5.159999847412109,5.159999847412109,5.159999847412109,5.159999847412109,729,0.0,0.0
2024-11-04 10:03:00-05:00,5.170000076293945,5.170000076293945,5.170000076293945,5.170000076293945,167,0.0,0.0
2024-11-04 10:06:00-05:00,5.170100212097168,5.170100212097168,5.170100212097168,5.170100212097168,1046,0.0,0.0
2024-11-04 10:07:00-05:00,5.170000076293945,5.170000076293945,5.170000076293945,5.170000076293945,1486,0.0,0.0
2024-11-04 10:08:00-05:00,5.170000076293945,5.170000076293945,5.170000076293945,5.170000076293945,1398,0.0,0.0
2024-11-04 10:09:00-05:00,5.170000076293945,5.170000076293945,5.159999847412109,5.159999847412109,731,0.0,0.0
2024-11-04 10:10:00-05:00,5.177999973297119,5.179999828338623,5.177999973297119,5.179999828338623,2767,0.0,0.0
2024-11-04 10:11:00-05:00,5.179999828338623,5.179999828338623,5.179999828338623,5.179999828338623,394,0.0,0.0
2024-11-04 10:13:00-05:00,5.170000076293945,5.179999828338623,5.170000076293945,5.175000190734863,3725,0.0,0.0
2024-11-04 10:19:00-05:00,5.179999828338623,5.179999828338623,5.170000076293945,5.170000076293945,1922,0.0,0.0
2024-11-04 10:22:00-05:00,5.150000095367432,5.150000095367432,5.150000095367432,5.150000095367432,2501,0.0,0.0
2024-11-04 10:23:00-05:00,5.150000095367432,5.159999847412109,5.150000095367432,5.159999847412109,612,0.0,0.0
2024-11-04 10:25:00-05:00,5.170000076293945,5.170000076293945,5.170000076293945,5.170000076293945,234,0.0,0.0
2024-11-04 10:27:00-05:00,5.170000076293945,5.175000190734863,5.170000076293945,5.175000190734863,519,0.0,0.0
2024-11-04 10:29:00-05:00,5.170000076293945,5.175000190734863,5.170000076293945,5.175000190734863,864,0.0,0.0
2024-11-04 10:30:00-05:00,5.175000190734863,5.175000190734863,5.175000190734863,5.175000190734863,1177,0.0,0.0
2024-11-04 10:33:00-05:00,5.179999828338623,5.179999828338623,5.175000190734863,5.175000190734863,598,0.0,0.0
2024-11-04 10:34:00-05:00,5.179999828338623,5.179999828338623,5.175000190734863,5.179999828338623,1287,0.0,0.0
2024-11-04 10:35:00-05:00,5.170000076293945,5.18779993057251,5.170000076293945,5.18779993057251,381,0.0,0.0
2024-11-04 10:36:00-05:00,5.170000076293945,5.175000190734863,5.170000076293945,5.175000190734863,1179,0.0,0.0
2024-11-04 10:37:00-05:00,5.175000190734863,5.175000190734863,5.175000190734863,5.175000190734863,425,0.0,0.0
2024-11-04 10:38:00-05:00,5.175000190734863,5.175000190734863,5.175000190734863,5.175000190734863,230,0.0,0.0
2024-11-04 10:40:00-05:00,5.175000190734863,5.175000190734863,5.170000076293945,5.170000076293945,758,0.0,0.0
2024-11-04 10:42:00-05:00,5.175000190734863,5.175000190734863,5.175000190734863,5.175000190734863,117,0.0,0.0
2024-11-04 10:44:00-05:00,5.175000190734863,5.179999828338623,5.175000190734863,5.179999828338623,385,0.0,0.0
2024-11-04 10:45:00-05:00,5.175000190734863,5.175000190734863,5.175000190734863,5.175000190734863,870,0.0,0.0
2024-11-04 10:48:00-05:00,5.179999828338623,5.179999828338623,5.170000076293945,5.170000076293945,595,0.0,0.0
2024-11-04 10:50:00-05:00,5.175000190734863,5.190000057220459,5.175000190734863,5.175000190734863,1404,0.0,0.0
2024-11-04 10:54:00-05:00,5.190000057220459,5.190000057220459,5.190000057220459,5.190000057220459,317,0.0,0.0
2024-11-04 10:56:00-05:00,5.199999809265137,5.199999809265137,5.199999809265137,5.199999809265137,605,0.0,0.0
2024-11-04 10:57:00-05:00,5.210000038146973,5.210000038146973,5.210000038146973,5.210000038146973,105,0.0,0.0
2024-11-04 10:58:00-05:00,5.210000038146973,5.210000038146973,5.210000038146973,5.210000038146973,105,0.0,0.0
2024-11-04 10:59:00-05:00,5.210000038146973,5.210000038146973,5.210000038146973,5.210000038146973,214,0.0,0.0
2024-11-04 11:01:00-05:00,5.210000038146973,5.210000038146973,5.199999809265137,5.199999809265137,1092,0.0,0.0
2024-11-04 11:02:00-05:00,5.199999809265137,5.210000038146973,5.195199966430664,5.204999923706055,2009,0.0,0.0
2024-11-04 11:03:00-05:00,5.199999809265137,5.199999809265137,5.199999809265137,5.199999809265137,233,0.0,0.0
2024-11-04 11:06:00-05:00,5.210000038146973,5.210000038146973,5.210000038146973,5.210000038146973,455,0.0,0.0
2024-11-04 11:07:00-05:00,5.21999979019165,5.21999979019165,5.21999979019165,5.21999979019165,337,0.0,0.0
2024-11-04 11:09:00-05:00,5.21999979019165,5.21999979019165,5.210000038146973,5.210000038146973,471,0.0,0.0
2024-11-04 11:15:00-05:00,5.21999979019165,5.21999979019165,5.21999979019165,5.21999979019165,113,0.0,0.0
2024-11-04 11:16:00-05:00,5.210000038146973,5.210000038146973,5.210000038146973,5.210000038146973,128,0.0,0.0
2024-11-04 11:18:00-05:00,5.21999979019165,5.21999979019165,5.210000038146973,5.210000038146973,966,0.0,0.0
2024-11-04 11:20:00-05:00,5.215000152587891,5.215000152587891,5.215000152587891,5.215000152587891,122,0.0,0.0
2024-11-04 11:22:00-05:00,5.21999979019165,5.230000019073486,5.21999979019165,5.230000019073486,632,0.0,0.0
2024-11-04 11:23:00-05:00,5.21999979019165,5.21999979019165,5.21999979019165,5.21999979019165,859,0.0,0.0
2024-11-04 11:27:00-05:00,5.21999979019165,5.21999979019165,5.210000038146973,5.210000038146973,506,0.0,0.0
2024-11-04 11:31:00-05:00,5.199999809265137,5.199999809265137,5.199999809265137,5.199999809265137,113,0.0,0.0
2024-11-04 11:32:00-05:00,5.210000038146973,5.210000038146973,5.204999923706055,5.204999923706055,314,0.0,0.0
2024-11-04 11:33:00-05:00,5.204999923706055,5.210000038146973,5.204999923706055,5.210000038146973,980,0.0,0.0
2024-11-04 11:36:00-05:00,5.199999809265137,5.199999809265137,5.199999809265137,5.199999809265137,298,0.0,0.0
2024-11-04 11:37:00-05:00,5.190000057220459,5.190000057220459,5.190000057220459,5.190000057220459,112,0.0,0.0
2024-11-04 11:38:00-05:00,5.184999942779541,5.184999942779541,5.184999942779541,5.184999942779541,178,0.0,0.0
2024-11-04 11:42:00-05:00,5.190000057220459,5.190000057220459,5.190000057220459,5.190000057220459,716,0.0,0.0
2024-11-04 11:43:00-05:00,5.190000057220459,5.190000057220459,5.179999828338623,5.179999828338623,605,0.0,0.0
2024-11-04 11:45:00-05:00,5.179999828338623,5.179999828338623,5.179999828338623,5.179999828338623,131,0.0,0.0
2024-11-04 11:48:00-05:00,5.170000076293945,5.170000076293945,5.170000076293945,5.170000076293945,737,0.0,0.0
2024-11-04 11:53:00-05:00,5.170000076293945,5.170000076293945,5.170000076293945,5.170000076293945,291,0.0,0.0
2024-11-04 11:57:00-05:00,5.170000076293945,5.170000076293945,5.159999847412109,5.159999847412109,623,0.0,0.0
2024-11-04 12:00:00-05:00,5.159999847412109,5.159999847412109,5.150000095367432,5.150000095367432,2231,0.0,0.0
2024-11-04 12:07:00-05:00,5.144999980926514,5.144999980926514,5.139999866485596,5.139999866485596,537,0.0,0.0
2024-11-04 12:10:00-05:00,5.150000095367432,5.15500020980835,5.150000095367432,5.15500020980835,1359,0.0,0.0
2024-11-04 12:13:00-05:00,5.159999847412109,5.159999847412109,5.159999847412109,5.159999847412109,130,0.0,0.0
2024-11-04 12:14:00-05:00,5.170000076293945,5.170000076293945,5.170000076293945,5.170000076293945,442,0.0,0.0
2024-11-04 12:17:00-05:00,5.179999828338623,5.179999828338623,5.179999828338623,5.179999828338623,246,0.0,0.0
2024-11-04 12:22:00-05:00,5.190000057220459,5.190000057220459,5.190000057220459,5.190000057220459,216,0.0,0.0
2024-11-04 12:26:00-05:00,5.192500114440918,5.199999809265137,5.192500114440918,5.199999809265137,788,0.0,0.0
2024-11-04 12:27:00-05:00,5.199999809265137,5.199999809265137,5.199999809265137,5.199999809265137,590,0.0,0.0
2024-11-04 12:28:00-05:00,5.195000171661377,5.195000171661377,5.190000057220459,5.190000057220459,2952,0.0,0.0
2024-11-04 12:29:00-05:00,5.199999809265137,5.199999809265137,5.199999809265137,5.199999809265137,207,0.0,0.0
2024-11-04 12:30:00-05:00,5.199999809265137,5.204999923706055,5.199999809265137,5.204999923706055,421,0.0,0.0
2024-11-04 12:34:00-05:00,5.204999923706055,5.204999923706055,5.204999923706055,5.204999923706055,429,0.0,0.0
2024-11-04 12:36:00-05:00,5.204999923706055,5.204999923706055,5.179999828338623,5.179999828338623,1642,0.0,0.0
2024-11-04 12:38:00-05:00,5.184999942779541,5.184999942779541,5.184999942779541,5.184999942779541,114,0.0,0.0
2024-11-04 12:39:00-05:00,5.184599876403809,5.184599876403809,5.184599876403809,5.184599876403809,386,0.0,0.0
2024-11-04 12:44:00-05:00,5.184999942779541,5.184999942779541,5.184999942779541,5.184999942779541,123,0.0,0.0
2024-11-04 12:47:00-05:00,5.182400226593018,5.182400226593018,5.179999828338623,5.179999828338623,591,0.0,0.0
2024-11-04 12:48:00-05:00,5.179999828338623,5.179999828338623,5.179999828338623,5.179999828338623,272,0.0,0.0
2024-11-04 12:55:00-05:00,5.185999870300293,5.185999870300293,5.185999870300293,5.185999870300293,115,0.0,0.0
2024-11-04 12:56:00-05:00,5.179999828338623,5.179999828338623,5.179999828338623,5.179999828338623,117,0.0,0.0
2024-11-04 12:58:00-05:00,5.184999942779541,5.190000057220459,5.179999828338623,5.190000057220459,329,0.0,0.0
2024-11-04 13:00:00-05:00,5.184999942779541,5.184999942779541,5.184999942779541,5.184999942779541,129,0.0,0.0
2024-11-04 13:01:00-05:00,5.184999942779541,5.184999942779541,5.184999942779541,5.184999942779541,273,0.0,0.0
2024-11-04 13:02:00-05:00,5.179999828338623,5.179999828338623,5.179999828338623,5.179999828338623,1193,0.0,0.0
2024-11-04 13:03:00-05:00,5.159999847412109,5.159999847412109,5.159999847412109,5.159999847412109,412,0.0,0.0
2024-11-04 13:05:00-05:00,5.159999847412109,5.159999847412109,5.159999847412109,5.159999847412109,293,0.0,0.0
2024-11-04 13:06:00-05:00,5.1697001457214355,5.1697001457214355,5.1697001457214355,5.1697001457214355,1146,0.0,0.0
2024-11-04 13:07:00-05:00,5.1539998054504395,5.1539998054504395,5.1539998054504395,5.1539998054504395,120,0.0,0.0
2024-11-04 13:09:00-05:00,5.150000095367432,5.150000095367432,5.150000095367432,5.150000095367432,333,0.0,0.0
2024-11-04 13:11:00-05:00,5.159999847412109,5.159999847412109,5.15500020980835,5.15500020980835,335,0.0,0.0
2024-11-04 13:12:00-05:00,5.159999847412109,5.179999828338623,5.159999847412109,5.170000076293945,3389,0.0,0.0
2024-11-04 13:13:00-05:00,5.179999828338623,5.179999828338623,5.179999828338623,5.179999828338623,263,0.0,0.0
2024-11-04 13:18:00-05:00,5.179999828338623,5.179999828338623,5.179999828338623,5.179999828338623,123,0.0,0.0
2024-11-04 13:22:00-05:00,5.190000057220459,5.190000057220459,5.184999942779541,5.184999942779541,1939,0.0,0.0
2024-11-04 13:25:00-05:00,5.184999942779541,5.184999942779541,5.184999942779541,5.184999942779541,134,0.0,0.0
2024-11-04 13:26:00-05:00,5.190000057220459,5.190000057220459,5.190000057220459,5.190000057220459,129,0.0,0.0
2024-11-04 13:28:00-05:00,5.184599876403809,5.190000057220459,5.184599876403809,5.184999942779541,817,0.0,0.0
2024-11-04 13:30:00-05:00,5.179999828338623,5.190000057220459,5.179999828338623,5.190000057220459,238,0.0,0.0
2024-11-04 13:32:00-05:00,5.190000057220459,5.190000057220459,5.190000057220459,5.190000057220459,636,0.0,0.0
2024-11-04 13:34:00-05:00,5.190000057220459,5.190000057220459,5.190000057220459,5.190000057220459,100,0.0,0.0
2024-11-04 13:35:00-05:00,5.179999828338623,5.190000057220459,5.179999828338623,5.190000057220459,1085,0.0,0.0
2024-11-04 13:36:00-05:00,5.199999809265137,5.199999809265137,5.199999809265137,5.199999809265137,234,0.0,0.0
2024-11-04 13:39:00-05:00,5.195000171661377,5.195000171661377,5.195000171661377,5.195000171661377,444,0.0,0.0
2024-11-04 13:42:00-05:00,5.195000171661377,5.195000171661377,5.195000171661377,5.195000171661377,218,0.0,0.0
2024-11-04 13:44:00-05:00,5.195000171661377,5.195000171661377,5.195000171661377,5.195000171661377,109,0.0,0.0
2024-11-04 13:45:00-05:00,5.195000171661377,5.195000171661377,5.195000171661377,5.195000171661377,326,0.0,0.0
2024-11-04 13:46:00-05:00,5.190000057220459,5.190000057220459,5.179999828338623,5.179999828338623,1337,0.0,0.0
2024-11-04 13:48:00-05:00,5.172500133514404,5.172500133514404,5.170000076293945,5.170000076293945,498,0.0,0.0
2024-11-04 13:54:00-05:00,5.170000076293945,5.170000076293945,5.170000076293945,5.170000076293945,770,0.0,0.0
2024-11-04 13:57:00-05:00,5.15500020980835,5.15500020980835,5.15500020980835,5.15500020980835,114,0.0,0.0
2024-11-04 13:59:00-05:00,5.15500020980835,5.15500020980835,5.15500020980835,5.15500020980835,880,0.0,0.0
2024-11-04 14:00:00-05:00,5.15500020980835,5.15500020980835,5.15500020980835,5.15500020980835,124,0.0,0.0
2024-11-04 14:02:00-05:00,5.150000095367432,5.150000095367432,5.139999866485596,5.139999866485596,1152,0.0,0.0
2024-11-04 14:03:00-05:00,5.139999866485596,5.139999866485596,5.139999866485596,5.139999866485596,108,0.0,0.0
2024-11-04 14:04:00-05:00,5.139999866485596,5.139999866485596,5.139999866485596,5.139999866485596,116,0.0,0.0
2024-11-04 14:07:00-05:00,5.139999866485596,5.139999866485596,5.139999866485596,5.139999866485596,192,0.0,0.0
2024-11-04 14:08:00-05:00,5.150000095367432,5.150000095367432,5.150000095367432,5.150000095367432,617,0.0,0.0
2024-11-04 14:12:00-05:00,5.15500020980835,5.15500020980835,5.15500020980835,5.15500020980835,122,0.0,0.0
2024-11-04 14:14:00-05:00,5.15500020980835,5.15500020980835,5.15500020980835,5.15500020980835,203,0.0,0.0
2024-11-04 14:15:00-05:00,5.15500020980835,5.15500020980835,5.15500020980835,5.15500020980835,181,0.0,0.0
2024-11-04 14:16:00-05:00,5.150000095367432,5.150000095367432,5.150000095367432,5.150000095367432,167,0.0,0.0
2024-11-04 14:18:00-05:00,5.150000095367432,5.150000095367432,5.150000095367432,5.150000095367432,1290,0.0,0.0
2024-11-04 14:19:00-05:00,5.139999866485596,5.139999866485596,5.139999866485596,5.139999866485596,208,0.0,0.0
2024-11-04 14:22:00-05:00,5.139999866485596,5.140100002288818,5.139999866485596,5.140100002288818,3237,0.0,0.0
2024-11-04 14:29:00-05:00,5.130000114440918,5.130000114440918,5.130000114440918,5.130000114440918,826,0.0,0.0
2024-11-04 14:31:00-05:00,5.130000114440918,5.130000114440918,5.130000114440918,5.130000114440918,546,0.0,0.0
2024-11-04 14:41:00-05:00,5.139999866485596,5.139999866485596,5.139999866485596,5.139999866485596,256,0.0,0.0
2024-11-04 14:42:00-05:00,5.130000114440918,5.150000095367432,5.130000114440918,5.150000095367432,768,0.0,0.0
2024-11-04 14:45:00-05:00,5.150000095367432,5.150000095367432,5.139999866485596,5.139999866485596,382,0.0,0.0
2024-11-04 14:50:00-05:00,5.1479997634887695,5.1479997634887695,5.1479997634887695,5.1479997634887695,115,0.0,0.0
2024-11-04 14:51:00-05:00,5.140900135040283,5.144999980926514,5.139999866485596,5.144999980926514,1629,0.0,0.0
2024-11-04 14:52:00-05:00,5.144999980926514,5.144999980926514,5.144999980926514,5.144999980926514,105,0.0,0.0
2024-11-04 14:55:00-05:00,5.139999866485596,5.139999866485596,5.139999866485596,5.139999866485596,300,0.0,0.0
2024-11-04 14:56:00-05:00,5.139999866485596,5.139999866485596,5.139999866485596,5.139999866485596,162,0.0,0.0
2024-11-04 15:00:00-05:00,5.144999980926514,5.144999980926514,5.144999980926514,5.144999980926514,198,0.0,0.0
2024-11-04 15:01:00-05:00,5.144999980926514,5.144999980926514,5.144999980926514,5.144999980926514,408,0.0,0.0
2024-11-04 15:06:00-05:00,5.150000095367432,5.150000095367432,5.144999980926514,5.144999980926514,336,0.0,0.0
2024-11-04 15:08:00-05:00,5.1479997634887695,5.159999847412109,5.144999980926514,5.159999847412109,1893,0.0,0.0
2024-11-04 15:11:00-05:00,5.170000076293945,5.170000076293945,5.170000076293945,5.170000076293945,151,0.0,0.0
2024-11-04 15:15:00-05:00,5.170000076293945,5.170000076293945,5.170000076293945,5.170000076293945,100,0.0,0.0
2024-11-04 15:16:00-05:00,5.159999847412109,5.159999847412109,5.159999847412109,5.159999847412109,301,0.0,0.0
2024-11-04 15:18:00-05:00,5.15500020980835,5.15500020980835,5.15500020980835,5.15500020980835,130,0.0,0.0
2024-11-04 15:20:00-05:00,5.159999847412109,5.159999847412109,5.159999847412109,5.159999847412109,101,0.0,0.0
2024-11-04 15:21:00-05:00,5.159999847412109,5.159999847412109,5.150000095367432,5.150000095367432,2240,0.0,0.0
2024-11-04 15:23:00-05:00,5.139999866485596,5.139999866485596,5.139999866485596,5.139999866485596,204,0.0,0.0
2024-11-04 15:25:00-05:00,5.144999980926514,5.144999980926514,5.144999980926514,5.144999980926514,204,0.0,0.0
2024-11-04 15:28:00-05:00,5.139999866485596,5.144999980926514,5.139999866485596,5.144999980926514,201,0.0,0.0
2024-11-04 15:29:00-05:00,5.139999866485596,5.139999866485596,5.139999866485596,5.139999866485596,379,0.0,0.0
2024-11-04 15:30:00-05:00,5.144999980926514,5.144999980926514,5.144999980926514,5.144999980926514,127,0.0,0.0
2024-11-04 15:32:00-05:00,5.144999980926514,5.150000095367432,5.144999980926514,5.150000095367432,440,0.0,0.0
2024-11-04 15:35:00-05:00,5.139999866485596,5.139999866485596,5.139999866485596,5.139999866485596,718,0.0,0.0
2024-11-04 15:36:00-05:00,5.130000114440918,5.135000228881836,5.130000114440918,5.135000228881836,474,0.0,0.0
2024-11-04 15:38:00-05:00,5.130000114440918,5.130000114440918,5.130000114440918,5.130000114440918,197,0.0,0.0
2024-11-04 15:39:00-05:00,5.130000114440918,5.130000114440918,5.130000114440918,5.130000114440918,209,0.0,0.0
2024-11-04 15:40:00-05:00,5.130000114440918,5.130000114440918,5.130000114440918,5.130000114440918,525,0.0,0.0
2024-11-04 15:42:00-05:00,5.135000228881836,5.139999866485596,5.130000114440918,5.135000228881836,6852,0.0,0.0
2024-11-04 15:43:00-05:00,5.130000114440918,5.130000114440918,5.119999885559082,5.119999885559082,2606,0.0,0.0
2024-11-04 15:44:00-05:00,5.110000133514404,5.110000133514404,5.110000133514404,5.110000133514404,805,0.0,0.0
2024-11-04 15:45:00-05:00,5.110000133514404,5.110000133514404,5.099999904632568,5.099999904632568,1359,0.0,0.0
2024-11-04 15:46:00-05:00,5.110000133514404,5.110000133514404,5.110000133514404,5.110000133514404,511,0.0,0.0
2024-11-04 15:47:00-05:00,5.100200176239014,5.110000133514404,5.100200176239014,5.110000133514404,996,0.0,0.0
2024-11-04 15:48:00-05:00,5.110000133514404,5.119999885559082,5.110000133514404,5.119999885559082,385,0.0,0.0
2024-11-04 15:50:00-05:00,5.114999771118164,5.114999771118164,5.114999771118164,5.114999771118164,873,0.0,0.0
2024-11-04 15:51:00-05:00,5.119999885559082,5.119999885559082,5.110000133514404,5.119999885559082,1508,0.0,0.0
2024-11-04 15:52:00-05:00,5.119999885559082,5.125,5.110000133514404,5.110000133514404,3465,0.0,0.0
2024-11-04 15:53:00-05:00,5.110000133514404,5.114999771118164,5.110000133514404,5.114999771118164,808,0.0,0.0
2024-11-04 15:54:00-05:00,5.119999885559082,5.119999885559082,5.114999771118164,5.114999771118164,471,0.0,0.0
2024-11-04 15:55:00-05:00,5.119999885559082,5.125,5.119999885559082,5.125,2215,0.0,0.0
2024-11-04 15:56:00-05:00,5.125,5.135000228881836,5.125,5.135000228881836,3387,0.0,0.0
2024-11-04 15:57:00-05:00,5.135000228881836,5.139999866485596,5.130000114440918,5.135000228881836,3087,0.0,0.0
2024-11-04 15:58:00-05:00,5.135000228881836,5.139999866485596,5.125,5.125,4739,0.0,0.0
2024-11-04 15:59:00-05:00,5.125,5.130000114440918,5.119999885559082,5.125,4527,0.0,0.0
2024-11-05 09:30:00-05:00,5.079999923706055,5.079999923706055,5.079999923706055,5.079999923706055,1299,0.0,0.0
2024-11-05 09:36:00-05:00,5.070700168609619,5.070700168609619,5.070700168609619,5.070700168609619,179,0.0,0.0
2024-11-05 09:37:00-05:00,5.09499979019165,5.09499979019165,5.09499979019165,5.09499979019165,198,0.0,0.0
2024-11-05 09:38:00-05:00,5.119999885559082,5.119999885559082,5.119999885559082,5.119999885559082,286,0.0,0.0
2024-11-05 09:44:00-05:00,5.130000114440918,5.130000114440918,5.130000114440918,5.130000114440918,658,0.0,0.0
2024-11-05 09:46:00-05:00,5.139999866485596,5.139999866485596,5.139999866485596,5.139999866485596,100,0.0,0.0
2024-11-05 09:48:00-05:00,5.142499923706055,5.142499923706055,5.142499923706055,5.142499923706055,163,0.0,0.0
2024-11-05 09:49:00-05:00,5.150000095367432,5.170000076293945,5.150000095367432,5.170000076293945,847,0.0,0.0
2024-11-05 09:50:00-05:00,5.179999828338623,5.184999942779541,5.179999828338623,5.184999942779541,236,0.0,0.0
2024-11-05 09:51:00-05:00,5.190000057220459,5.190000057220459,5.190000057220459,5.190000057220459,240,0.0,0.0
2024-11-05 09:53:00-05:00,5.21999979019165,5.21999979019165,5.21999979019165,5.21999979019165,202,0.0,0.0
2024-11-05 09:55:00-05:00,5.238900184631348,5.239999771118164,5.238900184631348,5.239999771118164,757,0.0,0.0
2024-11-05 09:56:00-05:00,5.239999771118164,5.239999771118164,5.239999771118164,5.239999771118164,579,0.0,0.0
2024-11-05 10:00:00-05:00,5.25,5.25,5.25,5.25,989,0.0,0.0
2024-11-05 10:03:00-05:00,5.25,5.25,5.25,5.25,259,0.0,0.0
2024-11-05 10:04:00-05:00,5.258900165557861,5.258900165557861,5.258900165557861,5.258900165557861,575,0.0,0.0
2024-11-05 10:06:00-05:00,5.239999771118164,5.25,5.239999771118164,5.25,212,0.0,0.0
2024-11-05 10:09:00-05:00,5.25,5.260000228881836,5.25,5.260000228881836,483,0.0,0.0
2024-11-05 10:10:00-05:00,5.25,5.25,5.25,5.25,167,0.0,0.0
2024-11-05 10:12:00-05:00,5.244999885559082,5.244999885559082,5.244999885559082,5.244999885559082,1004,0.0,0.0
2024-11-05 10:13:00-05:00,5.25,5.25,5.25,5.25,218,0.0,0.0
2024-11-05 10:15:00-05:00,5.255000114440918,5.255000114440918,5.255000114440918,5.255000114440918,213,0.0,0.0
2024-11-05 10:18:00-05:00,5.260000228881836,5.260000228881836,5.260000228881836,5.260000228881836,331,0.0,0.0
2024-11-05 10:19:00-05:00,5.260000228881836,5.260000228881836,5.260000228881836,5.260000228881836,108,0.0,0.0
2024-11-05 10:20:00-05:00,5.260000228881836,5.260000228881836,5.260000228881836,5.260000228881836,109,0.0,0.0
2024-11-05 10:23:00-05:00,5.260000228881836,5.260000228881836,5.260000228881836,5.260000228881836,343,0.0,0.0
2024-11-05 10:26:00-05:00,5.25,5.25,5.25,5.25,1140,0.0,0.0
2024-11-05 10:29:00-05:00,5.244999885559082,5.244999885559082,5.239999771118164,5.239999771118164,1076,0.0,0.0
2024-11-05 10:37:00-05:00,5.260000228881836,5.269999980926514,5.260000228881836,5.269999980926514,995,0.0,0.0
2024-11-05 10:41:00-05:00,5.269999980926514,5.269999980926514,5.269999980926514,5.269999980926514,153,0.0,0.0
2024-11-05 10:46:00-05:00,5.269999980926514,5.269999980926514,5.269999980926514,5.269999980926514,363,0.0,0.0
2024-11-05 10:53:00-05:00,5.269999980926514,5.269999980926514,5.269999980926514,5.269999980926514,202,0.0,0.0
2024-11-05 10:56:00-05:00,5.264999866485596,5.264999866485596,5.264999866485596,5.264999866485596,301,0.0,0.0
2024-11-05 10:57:00-05:00,5.269400119781494,5.269400119781494,5.269400119781494,5.269400119781494,101,0.0,0.0
2024-11-05 10:58:00-05:00,5.2657999992370605,5.2657999992370605,5.2657999992370605,5.2657999992370605,306,0.0,0.0
2024-11-05 10:59:00-05:00,5.264999866485596,5.264999866485596,5.260000228881836,5.260000228881836,1037,0.0,0.0
2024-11-05 11:05:00-05:00,5.2652997970581055,5.2652997970581055,5.2652997970581055,5.2652997970581055,127,0.0,0.0
2024-11-05 11:06:00-05:00,5.266200065612793,5.266200065612793,5.266200065612793,5.266200065612793,255,0.0,0.0
2024-11-05 11:11:00-05:00,5.269999980926514,5.289999961853027,5.269999980926514,5.289999961853027,1412,0.0,0.0
2024-11-05 11:20:00-05:00,5.28000020980835,5.28000020980835,5.28000020980835,5.28000020980835,112,0.0,0.0
2024-11-05 11:21:00-05:00,5.28000020980835,5.28000020980835,5.264999866485596,5.264999866485596,1775,0.0,0.0
2024-11-05 11:27:00-05:00,5.259699821472168,5.259699821472168,5.259699821472168,5.259699821472168,192,0.0,0.0
2024-11-05 11:33:00-05:00,5.268199920654297,5.28000020980835,5.268199920654297,5.28000020980835,1023,0.0,0.0
2024-11-05 11:36:00-05:00,5.28000020980835,5.28000020980835,5.28000020980835,5.28000020980835,110,0.0,0.0
2024-11-05 11:37:00-05:00,5.28000020980835,5.28000020980835,5.28000020980835,5.28000020980835,118,0.0,0.0
2024-11-05 11:38:00-05:00,5.269999980926514,5.269999980926514,5.269999980926514,5.269999980926514,162,0.0,0.0
2024-11-05 11:39:00-05:00,5.287799835205078,5.287799835205078,5.28000020980835,5.28000020980835,276,0.0,0.0
2024-11-05 11:41:00-05:00,5.28000020980835,5.28000020980835,5.28000020980835,5.28000020980835,147,0.0,0.0
2024-11-05 11:42:00-05:00,5.28000020980835,5.28000020980835,5.269999980926514,5.269999980926514,1175,0.0,0.0
2024-11-05 11:44:00-05:00,5.269999980926514,5.269999980926514,5.260000228881836,5.260000228881836,3236,0.0,0.0
2024-11-05 11:45:00-05:00,5.25,5.25,5.25,5.25,1600,0.0,0.0
2024-11-05 11:49:00-05:00,5.25,5.25,5.25,5.25,133,0.0,0.0
2024-11-05 11:51:00-05:00,5.25,5.25,5.25,5.25,123,0.0,0.0
2024-11-05 11:54:00-05:00,5.25,5.25,5.25,5.25,196,0.0,0.0
2024-11-05 11:55:00-05:00,5.25,5.25,5.25,5.25,450,0.0,0.0
2024-11-05 11:59:00-05:00,5.25,5.25,5.25,5.25,605,0.0,0.0
2024-11-05 12:03:00-05:00,5.239999771118164,5.239999771118164,5.239999771118164,5.239999771118164,137,0.0,0.0
2024-11-05 12:04:00-05:00,5.239999771118164,5.25,5.239999771118164,5.25,1048,0.0,0.0
2024-11-05 12:10:00-05:00,5.260000228881836,5.269999980926514,5.260000228881836,5.269999980926514,823,0.0,0.0
2024-11-05 12:25:00-05:00,5.269999980926514,5.269999980926514,5.269999980926514,5.269999980926514,485,0.0,0.0
2024-11-05 12:29:00-05:00,5.28000020980835,5.28000020980835,5.28000020980835,5.28000020980835,601,0.0,0.0
2024-11-05 12:30:00-05:00,5.269999980926514,5.269999980926514,5.269999980926514,5.269999980926514,1456,0.0,0.0
2024-11-05 12:39:00-05:00,5.260000228881836,5.260000228881836,5.260000228881836,5.260000228881836,568,0.0,0.0
2024-11-05 12:40:00-05:00,5.269999980926514,5.269999980926514,5.269999980926514,5.269999980926514,142,0.0,0.0
2024-11-05 12:57:00-05:00,5.269999980926514,5.269999980926514,5.269999980926514,5.269999980926514,382,0.0,0.0
2024-11-05 12:59:00-05:00,5.260000228881836,5.260000228881836,5.260000228881836,5.260000228881836,163,0.0,0.0
2024-11-05 13:00:00-05:00,5.2677998542785645,5.2677998542785645,5.2677998542785645,5.2677998542785645,150,0.0,0.0
2024-11-05 13:01:00-05:00,5.266600131988525,5.269999980926514,5.266600131988525,5.269999980926514,4112,0.0,0.0
2024-11-05 13:05:00-05:00,5.269999980926514,5.28000020980835,5.269999980926514,5.28000020980835,954,0.0,0.0
2024-11-05 13:06:00-05:00,5.28000020980835,5.289999961853027,5.28000020980835,5.289999961853027,2111,0.0,0.0
2024-11-05 13:09:00-05:00,5.28000020980835,5.28000020980835,5.260000228881836,5.260000228881836,1616,0.0,0.0
2024-11-05 13:10:00-05:00,5.255000114440918,5.255000114440918,5.255000114440918,5.255000114440918,180,0.0,0.0
2024-11-05 13:13:00-05:00,5.260000228881836,5.260000228881836,5.260000228881836,5.260000228881836,118,0.0,0.0
2024-11-05 13:14:00-05:00,5.260000228881836,5.260000228881836,5.25,5.25,1283,0.0,0.0
2024-11-05 13:18:00-05:00,5.239999771118164,5.239999771118164,5.230000019073486,5.230000019073486,1358,0.0,0.0
2024-11-05 13:20:00-05:00,5.224299907684326,5.224299907684326,5.224299907684326,5.224299907684326,559,0.0,0.0
2024-11-05 13:26:00-05:00,5.230000019073486,5.230000019073486,5.230000019073486,5.230000019073486,426,0.0,0.0
2024-11-05 13:32:00-05:00,5.21999979019165,5.21999979019165,5.21999979019165,5.21999979019165,102,0.0,0.0
2024-11-05 13:34:00-05:00,5.233699798583984,5.233699798583984,5.233699798583984,5.233699798583984,646,0.0,0.0
2024-11-05 13:38:00-05:00,5.230000019073486,5.230000019073486,5.230000019073486,5.230000019073486,195,0.0,0.0
2024-11-05 13:39:00-05:00,5.230000019073486,5.230000019073486,5.230000019073486,5.230000019073486,647,0.0,0.0
2024-11-05 13:46:00-05:00,5.21999979019165,5.230000019073486,5.21999979019165,5.230000019073486,419,0.0,0.0
2024-11-05 13:48:00-05:00,5.235000133514404,5.235000133514404,5.235000133514404,5.235000133514404,595,0.0,0.0
2024-11-05 14:02:00-05:00,5.25,5.260000228881836,5.25,5.260000228881836,776,0.0,0.0
2024-11-05 14:03:00-05:00,5.260000228881836,5.260000228881836,5.260000228881836,5.260000228881836,1500,0.0,0.0
2024-11-05 14:07:00-05:00,5.260000228881836,5.260000228881836,5.260000228881836,5.260000228881836,498,0.0,0.0
2024-11-05 14:14:00-05:00,5.260000228881836,5.260000228881836,5.260000228881836,5.260000228881836,150,0.0,0.0
2024-11-05 14:17:00-05:00,5.25,5.25,5.25,5.25,2154,0.0,0.0
2024-11-05 14:23:00-05:00,5.25,5.25,5.25,5.25,409,0.0,0.0
2024-11-05 14:28:00-05:00,5.259799957275391,5.259799957275391,5.259799957275391,5.259799957275391,283,0.0,0.0
2024-11-05 14:30:00-05:00,5.25,5.25,5.25,5.25,1061,0.0,0.0
2024-11-05 14:37:00-05:00,5.244999885559082,5.244999885559082,5.244999885559082,5.244999885559082,543,0.0,0.0
2024-11-05 14:41:00-05:00,5.25,5.255000114440918,5.25,5.255000114440918,498,0.0,0.0
2024-11-05 14:46:00-05:00,5.255000114440918,5.255000114440918,5.255000114440918,5.255000114440918,121,0.0,0.0
2024-11-05 14:47:00-05:00,5.255000114440918,5.255000114440918,5.255000114440918,5.255000114440918,100,0.0,0.0
2024-11-05 14:48:00-05:00,5.259900093078613,5.259900093078613,5.25,5.25,693,0.0,0.0
2024-11-05 14:49:00-05:00,5.25,5.255000114440918,5.25,5.255000114440918,294,0.0,0.0
2024-11-05 14:50:00-05:00,5.25,5.25,5.25,5.25,494,0.0,0.0
2024-11-05 14:55:00-05:00,5.239999771118164,5.239999771118164,5.239999771118164,5.239999771118164,138,0.0,0.0
2024-11-05 14:57:00-05:00,5.239999771118164,5.239999771118164,5.239999771118164,5.239999771118164,261,0.0,0.0
2024-11-05 14:59:00-05:00,5.239999771118164,5.239999771118164,5.239999771118164,5.239999771118164,2265,0.0,0.0
2024-11-05 15:10:00-05:00,5.239999771118164,5.25,5.239999771118164,5.25,2110,0.0,0.0
2024-11-05 15:11:00-05:00,5.25,5.25,5.25,5.25,182,0.0,0.0
2024-11-05 15:13:00-05:00,5.239999771118164,5.239999771118164,5.239999771118164,5.239999771118164,1236,0.0,0.0
2024-11-05 15:17:00-05:00,5.240099906921387,5.240099906921387,5.240099906921387,5.240099906921387,290,0.0,0.0
2024-11-05 15:20:00-05:00,5.239999771118164,5.239999771118164,5.239999771118164,5.239999771118164,188,0.0,0.0
2024-11-05 15:21:00-05:00,5.239500045776367,5.239500045776367,5.239500045776367,5.239500045776367,332,0.0,0.0
2024-11-05 15:23:00-05:00,5.230100154876709,5.230100154876709,5.230100154876709,5.230100154876709,226,0.0,0.0
2024-11-05 15:24:00-05:00,5.244200229644775,5.244200229644775,5.244200229644775,5.244200229644775,1234,0.0,0.0
2024-11-05 15:26:00-05:00,5.239999771118164,5.239999771118164,5.239999771118164,5.239999771118164,274,0.0,0.0
2024-11-05 15:30:00-05:00,5.239999771118164,5.239999771118164,5.239999771118164,5.239999771118164,170,0.0,0.0
2024-11-05 15:31:00-05:00,5.239999771118164,5.239999771118164,5.23360013961792,5.239999771118164,924,0.0,0.0
2024-11-05 15:36:00-05:00,5.25,5.25,5.25,5.25,112,0.0,0.0
2024-11-05 15:37:00-05:00,5.25,5.255000114440918,5.25,5.25,2801,0.0,0.0
2024-11-05 15:38:00-05:00,5.25,5.25,5.25,5.25,100,0.0,0.0
2024-11-05 15:39:00-05:00,5.25,5.25,5.25,5.25,139,0.0,0.0
2024-11-05 15:40:00-05:00,5.25,5.25,5.25,5.25,454,0.0,0.0
2024-11-05 15:43:00-05:00,5.25,5.25,5.25,5.25,857,0.0,0.0
2024-11-05 15:44:00-05:00,5.25,5.25,5.25,5.25,112,0.0,0.0
2024-11-05 15:45:00-05:00,5.25,5.25,5.25,5.25,101,0.0,0.0
2024-11-05 15:46:00-05:00,5.25,5.25,5.25,5.25,141,0.0,0.0
2024-11-05 15:47:00-05:00,5.25,5.25,5.25,5.25,265,0.0,0.0
2024-11-05 15:48:00-05:00,5.25,5.25,5.25,5.25,1462,0.0,0.0
2024-11-05 15:49:00-05:00,5.255000114440918,5.255000114440918,5.255000114440918,5.255000114440918,265,0.0,0.0
2024-11-05 15:50:00-05:00,5.260000228881836,5.269999980926514,5.260000228881836,5.269999980926514,943,0.0,0.0
2024-11-05 15:51:00-05:00,5.269999980926514,5.289999961853027,5.269999980926514,5.289999961853027,1286,0.0,0.0
2024-11-05 15:52:00-05:00,5.28000020980835,5.284999847412109,5.28000020980835,5.284999847412109,1538,0.0,0.0
2024-11-05 15:53:00-05:00,5.289999961853027,5.289999961853027,5.284999847412109,5.284999847412109,411,0.0,0.0
2024-11-05 15:54:00-05:00,5.289999961853027,5.289999961853027,5.284999847412109,5.284999847412109,871,0.0,0.0
2024-11-05 15:55:00-05:00,5.289999961853027,5.299300193786621,5.28000020980835,5.28000020980835,6474,0.0,0.0
2024-11-05 15:56:00-05:00,5.28000020980835,5.28000020980835,5.260000228881836,5.260000228881836,2064,0.0,0.0
2024-11-05 15:57:00-05:00,5.260000228881836,5.260000228881836,5.260000228881836,5.260000228881836,1140,0.0,0.0
2024-11-05 15:58:00-05:00,5.264999866485596,5.264999866485596,5.264999866485596,5.264999866485596,489,0.0,0.0
2024-11-05 15:59:00-05:00,5.264999866485596,5.289999961853027,5.264999866485596,5.289999961853027,5484,0.0,0.0
2024-11-06 09:30:00-05:00,5.659999847412109,5.659999847412109,5.619999885559082,5.619999885559082,5582,0.0,0.0
2024-11-06 09:31:00-05:00,5.659999847412109,5.659999847412109,5.659999847412109,5.659999847412109,2694,0.0,0.0
2024-11-06 09:32:00-05:00,5.619999885559082,5.619999885559082,5.579999923706055,5.579999923706055,2770,0.0,0.0
2024-11-06 09:33:00-05:00,5.559999942779541,5.590000152587891,5.559999942779541,5.574999809265137,565,0.0,0.0
2024-11-06 09:34:00-05:00,5.539999961853027,5.539999961853027,5.539999961853027,5.539999961853027,516,0.0,0.0
2024-11-06 09:35:00-05:00,5.510000228881836,5.510000228881836,5.489999771118164,5.489999771118164,502,0.0,0.0
2024-11-06 09:36:00-05:00,5.46999979019165,5.46999979019165,5.46999979019165,5.46999979019165,1344,0.0,0.0
2024-11-06 09:37:00-05:00,5.480000019073486,5.480000019073486,5.460000038146973,5.480000019073486,707,0.0,0.0
2024-11-06 09:38:00-05:00,5.5,5.5,5.5,5.5,283,0.0,0.0
2024-11-06 09:39:00-05:00,5.53000020980835,5.550000190734863,5.53000020980835,5.550000190734863,1107,0.0,0.0
2024-11-06 09:41:00-05:00,5.559999942779541,5.559999942779541,5.5370001792907715,5.5370001792907715,756,0.0,0.0
2024-11-06 09:42:00-05:00,5.550000190734863,5.550000190734863,5.5,5.5,1023,0.0,0.0
2024-11-06 09:43:00-05:00,5.505000114440918,5.505000114440918,5.5,5.5,225,0.0,0.0
2024-11-06 09:44:00-05:00,5.481599807739258,5.481599807739258,5.481599807739258,5.481599807739258,501,0.0,0.0
2024-11-06 09:45:00-05:00,5.480100154876709,5.480100154876709,5.480100154876709,5.480100154876709,1066,0.0,0.0
2024-11-06 09:47:00-05:00,5.480000019073486,5.489999771118164,5.460000038146973,5.468900203704834,1217,0.0,0.0
2024-11-06 09:48:00-05:00,5.465000152587891,5.465000152587891,5.465000152587891,5.465000152587891,335,0.0,0.0
2024-11-06 09:50:00-05:00,5.489999771118164,5.510000228881836,5.485000133514404,5.485000133514404,1176,0.0,0.0
2024-11-06 09:52:00-05:00,5.480000019073486,5.480000019073486,5.480000019073486,5.480000019073486,209,0.0,0.0
2024-11-06 09:53:00-05:00,5.460999965667725,5.460999965667725,5.460000038146973,5.460000038146973,1882,0.0,0.0
2024-11-06 09:54:00-05:00,5.460000038146973,5.460000038146973,5.449999809265137,5.449999809265137,246,0.0,0.0
2024-11-06 09:55:00-05:00,5.460000038146973,5.460000038146973,5.435999870300293,5.460000038146973,1295,0.0,0.0
2024-11-06 09:56:00-05:00,5.460000038146973,5.489999771118164,5.460000038146973,5.46150016784668,3226,0.0,0.0
2024-11-06 09:57:00-05:00,5.460000038146973,5.460000038146973,5.460000038146973,5.460000038146973,271,0.0,0.0
2024-11-06 09:58:00-05:00,5.465000152587891,5.465000152587891,5.465000152587891,5.465000152587891,117,0.0,0.0
2024-11-06 09:59:00-05:00,5.440000057220459,5.46999979019165,5.440000057220459,5.454999923706055,548,0.0,0.0
2024-11-06 10:00:00-05:00,5.46999979019165,5.489999771118164,5.46999979019165,5.480000019073486,1573,0.0,0.0
2024-11-06 10:01:00-05:00,5.480000019073486,5.489999771118164,5.474999904632568,5.489999771118164,932,0.0,0.0
2024-11-06 10:02:00-05:00,5.5,5.5,5.489999771118164,5.5,825,0.0,0.0
2024-11-06 10:03:00-05:00,5.480000019073486,5.480000019073486,5.480000019073486,5.480000019073486,149,0.0,0.0
2024-11-06 10:04:00-05:00,5.519899845123291,5.53000020980835,5.519899845123291,5.525000095367432,713,0.0,0.0
2024-11-06 10:06:00-05:00,5.539999961853027,5.570000171661377,5.539999961853027,5.559999942779541,5124,0.0,0.0
2024-11-06 10:07:00-05:00,5.539999961853027,5.539999961853027,5.539999961853027,5.539999961853027,712,0.0,0.0
2024-11-06 10:08:00-05:00,5.559999942779541,5.559999942779541,5.550000190734863,5.550000190734863,2286,0.0,0.0
2024-11-06 10:09:00-05:00,5.539999961853027,5.539999961853027,5.539999961853027,5.539999961853027,316,0.0,0.0
2024-11-06 10:10:00-05:00,5.539999961853027,5.550000190734863,5.539999961853027,5.550000190734863,614,0.0,0.0
2024-11-06 10:11:00-05:00,5.559999942779541,5.559999942779541,5.559999942779541,5.559999942779541,289,0.0,0.0
2024-11-06 10:13:00-05:00,5.559999942779541,5.559999942779541,5.550000190734863,5.550000190734863,743,0.0,0.0
2024-11-06 10:15:00-05:00,5.550000190734863,5.550000190734863,5.550000190734863,5.550000190734863,547,0.0,0.0
2024-11-06 10:16:00-05:00,5.550000190734863,5.559999942779541,5.550000190734863,5.559999942779541,554,0.0,0.0
2024-11-06 10:17:00-05:00,5.569900035858154,5.569900035858154,5.550000190734863,5.550000190734863,597,0.0,0.0
2024-11-06 10:18:00-05:00,5.539999961853027,5.539999961853027,5.539999961853027,5.539999961853027,165,0.0,0.0
2024-11-06 10:19:00-05:00,5.539999961853027,5.539999961853027,5.519999980926514,5.519999980926514,848,0.0,0.0
2024-11-06 10:20:00-05:00,5.5229997634887695,5.5229997634887695,5.5229997634887695,5.5229997634887695,6089,0.0,0.0
2024-11-06 10:21:00-05:00,5.520999908447266,5.550000190734863,5.5,5.5,2583,0.0,0.0
2024-11-06 10:22:00-05:00,5.5,5.5,5.5,5.5,234,0.0,0.0
2024-11-06 10:23:00-05:00,5.510000228881836,5.510000228881836,5.510000228881836,5.510000228881836,463,0.0,0.0
2024-11-06 10:25:00-05:00,5.539899826049805,5.539899826049805,5.539899826049805,5.539899826049805,658,0.0,0.0
2024-11-06 10:27:00-05:00,5.525000095367432,5.559999942779541,5.525000095367432,5.559999942779541,1779,0.0,0.0
2024-11-06 10:29:00-05:00,5.559999942779541,5.559999942779541,5.554999828338623,5.554999828338623,324,0.0,0.0
2024-11-06 10:30:00-05:00,5.539999961853027,5.539999961853027,5.53000020980835,5.53000020980835,708,0.0,0.0
2024-11-06 10:31:00-05:00,5.53000020980835,5.539999961853027,5.53000020980835,5.539999961853027,697,0.0,0.0
2024-11-06 10:34:00-05:00,5.53000020980835,5.53000020980835,5.53000020980835,5.53000020980835,201,0.0,0.0
2024-11-06 10:35:00-05:00,5.53000020980835,5.53000020980835,5.519999980926514,5.519999980926514,1289,0.0,0.0
2024-11-06 10:36:00-05:00,5.519999980926514,5.53000020980835,5.519999980926514,5.53000020980835,370,0.0,0.0
2024-11-06 10:37:00-05:00,5.519999980926514,5.519999980926514,5.505000114440918,5.505000114440918,1227,0.0,0.0
2024-11-06 10:38:00-05:00,5.510000228881836,5.510000228881836,5.480000019073486,5.480000019073486,3150,0.0,0.0
2024-11-06 10:41:00-05:00,5.48829984664917,5.48829984664917,5.48829984664917,5.48829984664917,166,0.0,0.0
2024-11-06 10:42:00-05:00,5.489999771118164,5.489999771118164,5.489999771118164,5.489999771118164,695,0.0,0.0
2024-11-06 10:43:00-05:00,5.46999979019165,5.46999979019165,5.454999923706055,5.454999923706055,1744,0.0,0.0
2024-11-06 10:47:00-05:00,5.449999809265137,5.449999809265137,5.449999809265137,5.449999809265137,168,0.0,0.0
2024-11-06 10:49:00-05:00,5.4531941413879395,5.4531941413879395,5.440000057220459,5.440000057220459,740,0.0,0.0
2024-11-06 10:51:00-05:00,5.439899921417236,5.439899921417236,5.429999828338623,5.429999828338623,1606,0.0,0.0
2024-11-06 10:53:00-05:00,5.425000190734863,5.425000190734863,5.425000190734863,5.425000190734863,1057,0.0,0.0
2024-11-06 10:54:00-05:00,5.409999847412109,5.409999847412109,5.409999847412109,5.409999847412109,187,0.0,0.0
2024-11-06 10:55:00-05:00,5.420000076293945,5.420000076293945,5.420000076293945,5.420000076293945,1167,0.0,0.0
2024-11-06 10:56:00-05:00,5.389999866485596,5.389999866485596,5.389999866485596,5.389999866485596,114,0.0,0.0
2024-11-06 10:57:00-05:00,5.380000114440918,5.380000114440918,5.380000114440918,5.380000114440918,347,0.0,0.0
2024-11-06 11:03:00-05:00,5.409900188446045,5.409999847412109,5.394999980926514,5.409999847412109,5482,0.0,0.0
2024-11-06 11:04:00-05:00,5.420000076293945,5.420000076293945,5.420000076293945,5.420000076293945,337,0.0,0.0
2024-11-06 11:05:00-05:00,5.400000095367432,5.409999847412109,5.400000095367432,5.409999847412109,424,0.0,0.0
2024-11-06 11:06:00-05:00,5.409599781036377,5.409599781036377,5.400000095367432,5.400000095367432,1125,0.0,0.0
2024-11-06 11:08:00-05:00,5.40500020980835,5.40500020980835,5.40500020980835,5.40500020980835,192,0.0,0.0
2024-11-06 11:13:00-05:00,5.400000095367432,5.400000095367432,5.400000095367432,5.400000095367432,189,0.0,0.0
2024-11-06 11:14:00-05:00,5.40500020980835,5.40500020980835,5.40500020980835,5.40500020980835,565,0.0,0.0
2024-11-06 11:15:00-05:00,5.389999866485596,5.389999866485596,5.389999866485596,5.389999866485596,274,0.0,0.0
2024-11-06 11:16:00-05:00,5.419899940490723,5.419899940490723,5.40500020980835,5.40500020980835,619,0.0,0.0
2024-11-06 11:17:00-05:00,5.40500020980835,5.40500020980835,5.40500020980835,5.40500020980835,151,0.0,0.0
2024-11-06 11:19:00-05:00,5.389999866485596,5.389999866485596,5.389999866485596,5.389999866485596,103,0.0,0.0
2024-11-06 11:20:00-05:00,5.420000076293945,5.420000076293945,5.420000076293945,5.420000076293945,467,0.0,0.0
2024-11-06 11:21:00-05:00,5.389999866485596,5.40500020980835,5.389999866485596,5.40500020980835,713,0.0,0.0
2024-11-06 11:24:00-05:00,5.420000076293945,5.420000076293945,5.420000076293945,5.420000076293945,342,0.0,0.0
2024-11-06 11:25:00-05:00,5.417300224304199,5.417300224304199,5.417300224304199,5.417300224304199,532,0.0,0.0
2024-11-06 11:26:00-05:00,5.40500020980835,5.40500020980835,5.40500020980835,5.40500020980835,573,0.0,0.0
2024-11-06 11:28:00-05:00,5.390699863433838,5.390699863433838,5.390699863433838,5.390699863433838,342,0.0,0.0
2024-11-06 11:32:00-05:00,5.389999866485596,5.40500020980835,5.389999866485596,5.40500020980835,923,0.0,0.0
2024-11-06 11:35:00-05:00,5.40500020980835,5.40500020980835,5.40500020980835,5.40500020980835,428,0.0,0.0
2024-11-06 11:37:00-05:00,5.389999866485596,5.389999866485596,5.389999866485596,5.389999866485596,377,0.0,0.0
2024-11-06 11:40:00-05:00,5.40500020980835,5.40500020980835,5.40500020980835,5.40500020980835,403,0.0,0.0
2024-11-06 11:41:00-05:00,5.40500020980835,5.40500020980835,5.40500020980835,5.40500020980835,472,0.0,0.0
2024-11-06 11:42:00-05:00,5.420000076293945,5.429999828338623,5.415534973144531,5.420000076293945,5770,0.0,0.0
2024-11-06 11:43:00-05:00,5.409999847412109,5.409999847412109,5.400000095367432,5.400000095367432,1430,0.0,0.0
2024-11-06 11:45:00-05:00,5.380000114440918,5.389999866485596,5.380000114440918,5.389999866485596,301,0.0,0.0
2024-11-06 11:46:00-05:00,5.389999866485596,5.400000095367432,5.389999866485596,5.400000095367432,1176,0.0,0.0
2024-11-06 11:47:00-05:00,5.400000095367432,5.409999847412109,5.400000095367432,5.409999847412109,356,0.0,0.0
2024-11-06 11:48:00-05:00,5.409999847412109,5.409999847412109,5.409999847412109,5.409999847412109,162,0.0,0.0
2024-11-06 11:51:00-05:00,5.400000095367432,5.409999847412109,5.400000095367432,5.409999847412109,3384,0.0,0.0
2024-11-06 11:53:00-05:00,5.400000095367432,5.400000095367432,5.400000095367432,5.400000095367432,396,0.0,0.0
2024-11-06 11:56:00-05:00,5.409999847412109,5.409999847412109,5.409999847412109,5.409999847412109,206,0.0,0.0
2024-11-06 11:58:00-05:00,5.400000095367432,5.409999847412109,5.400000095367432,5.409999847412109,236,0.0,0.0
2024-11-06 11:59:00-05:00,5.409999847412109,5.420000076293945,5.409999847412109,5.420000076293945,1060,0.0,0.0
2024-11-06 12:01:00-05:00,5.420000076293945,5.420000076293945,5.420000076293945,5.420000076293945,149,0.0,0.0
2024-11-06 12:02:00-05:00,5.429999828338623,5.429999828338623,5.429999828338623,5.429999828338623,1473,0.0,0.0
2024-11-06 12:03:00-05:00,5.429999828338623,5.429999828338623,5.420000076293945,5.420000076293945,1077,0.0,0.0
2024-11-06 12:06:00-05:00,5.420000076293945,5.420000076293945,5.420000076293945,5.420000076293945,1034,0.0,0.0
2024-11-06 12:07:00-05:00,5.414000034332275,5.414000034332275,5.414000034332275,5.414000034332275,535,0.0,0.0
2024-11-06 12:09:00-05:00,5.409999847412109,5.409999847412109,5.409999847412109,5.409999847412109,1187,0.0,0.0
2024-11-06 12:11:00-05:00,5.409999847412109,5.409999847412109,5.409999847412109,5.409999847412109,837,0.0,0.0
2024-11-06 12:15:00-05:00,5.400199890136719,5.409999847412109,5.400199890136719,5.409999847412109,1736,0.0,0.0
2024-11-06 12:18:00-05:00,5.389999866485596,5.389999866485596,5.389999866485596,5.389999866485596,548,0.0,0.0
2024-11-06 12:21:00-05:00,5.400000095367432,5.400000095367432,5.400000095367432,5.400000095367432,185,0.0,0.0
2024-11-06 12:23:00-05:00,5.389999866485596,5.389999866485596,5.389999866485596,5.389999866485596,323,0.0,0.0
2024-11-06 12:25:00-05:00,5.400000095367432,5.400000095367432,5.400000095367432,5.400000095367432,522,0.0,0.0
2024-11-06 12:26:00-05:00,5.400000095367432,5.400000095367432,5.400000095367432,5.400000095367432,156,0.0,0.0
2024-11-06 12:28:00-05:00,5.409999847412109,5.409999847412109,5.409999847412109,5.409999847412109,908,0.0,0.0
2024-11-06 12:30:00-05:00,5.409999847412109,5.420000076293945,5.409999847412109,5.420000076293945,1889,0.0,0.0
2024-11-06 12:31:00-05:00,5.414999961853027,5.414999961853027,5.414999961853027,5.414999961853027,610,0.0,0.0
2024-11-06 12:32:00-05:00,5.414999961853027,5.414999961853027,5.414999961853027,5.414999961853027,602,0.0,0.0
2024-11-06 12:35:00-05:00,5.400000095367432,5.400000095367432,5.400000095367432,5.400000095367432,366,0.0,0.0
2024-11-06 12:36:00-05:00,5.409999847412109,5.420000076293945,5.409999847412109,5.420000076293945,799,0.0,0.0
2024-11-06 12:37:00-05:00,5.414999961853027,5.420000076293945,5.414999961853027,5.420000076293945,611,0.0,0.0
2024-11-06 12:38:00-05:00,5.420000076293945,5.420000076293945,5.420000076293945,5.420000076293945,138,0.0,0.0
2024-11-06 12:42:00-05:00,5.420000076293945,5.420000076293945,5.420000076293945,5.420000076293945,104,0.0,0.0
2024-11-06 12:43:00-05:00,5.428299903869629,5.428299903869629,5.428299903869629,5.428299903869629,341,0.0,0.0
2024-11-06 12:49:00-05:00,5.428899765014648,5.428899765014648,5.412199974060059,5.412199974060059,617,0.0,0.0
2024-11-06 12:50:00-05:00,5.429999828338623,5.429999828338623,5.429999828338623,5.429999828338623,845,0.0,0.0
2024-11-06 12:52:00-05:00,5.429999828338623,5.429999828338623,5.429999828338623,5.429999828338623,353,0.0,0.0
2024-11-06 12:53:00-05:00,5.429999828338623,5.434999942779541,5.429999828338623,5.434999942779541,314,0.0,0.0
2024-11-06 12:54:00-05:00,5.4328999519348145,5.434999942779541,5.4328999519348145,5.434999942779541,2800,0.0,0.0
2024-11-06 12:56:00-05:00,5.429999828338623,5.429999828338623,5.429999828338623,5.429999828338623,206,0.0,0.0
2024-11-06 12:57:00-05:00,5.429999828338623,5.429999828338623,5.429999828338623,5.429999828338623,518,0.0,0.0
2024-11-06 13:00:00-05:00,5.429999828338623,5.429999828338623,5.425000190734863,5.429999828338623,983,0.0,0.0
2024-11-06 13:01:00-05:00,5.420000076293945,5.420000076293945,5.420000076293945,5.420000076293945,589,0.0,0.0
2024-11-06 13:03:00-05:00,5.429999828338623,5.429999828338623,5.429999828338623,5.429999828338623,548,0.0,0.0
2024-11-06 13:06:00-05:00,5.429999828338623,5.429999828338623,5.420000076293945,5.420000076293945,1532,0.0,0.0
2024-11-06 13:07:00-05:00,5.420000076293945,5.420000076293945,5.420000076293945,5.420000076293945,264,0.0,0.0
2024-11-06 13:11:00-05:00,5.429999828338623,5.429999828338623,5.429999828338623,5.429999828338623,519,0.0,0.0
2024-11-06 13:12:00-05:00,5.429999828338623,5.429999828338623,5.420000076293945,5.420000076293945,757,0.0,0.0
2024-11-06 13:13:00-05:00,5.429999828338623,5.429999828338623,5.429999828338623,5.429999828338623,210,0.0,0.0
2024-11-06 13:14:00-05:00,5.440000057220459,5.440000057220459,5.440000057220459,5.440000057220459,481,0.0,0.0
2024-11-06 13:15:00-05:00,5.429999828338623,5.429999828338623,5.420000076293945,5.420000076293945,526,0.0,0.0
2024-11-06 13:16:00-05:00,5.429999828338623,5.429999828338623,5.429999828338623,5.429999828338623,317,0.0,0.0
2024-11-06 13:19:00-05:00,5.429999828338623,5.429999828338623,5.429999828338623,5.429999828338623,290,0.0,0.0
2024-11-06 13:21:00-05:00,5.429999828338623,5.429999828338623,5.429999828338623,5.429999828338623,423,0.0,0.0
2024-11-06 13:22:00-05:00,5.420000076293945,5.420000076293945,5.420000076293945,5.420000076293945,667,0.0,0.0
2024-11-06 13:25:00-05:00,5.420000076293945,5.420000076293945,5.409999847412109,5.410099983215332,1310,0.0,0.0
2024-11-06 13:26:00-05:00,5.39139986038208,5.409999847412109,5.390999794006348,5.409999847412109,3017,0.0,0.0
2024-11-06 13:31:00-05:00,5.409999847412109,5.409999847412109,5.409999847412109,5.409999847412109,309,0.0,0.0
2024-11-06 13:33:00-05:00,5.409999847412109,5.409999847412109,5.409999847412109,5.409999847412109,100,0.0,0.0
2024-11-06 13:36:00-05:00,5.409999847412109,5.409999847412109,5.409999847412109,5.409999847412109,112,0.0,0.0
2024-11-06 13:40:00-05:00,5.409999847412109,5.420000076293945,5.409999847412109,5.420000076293945,540,0.0,0.0
2024-11-06 13:41:00-05:00,5.420000076293945,5.420000076293945,5.420000076293945,5.420000076293945,695,0.0,0.0
2024-11-06 13:44:00-05:00,5.429999828338623,5.432199954986572,5.429999828338623,5.432199954986572,712,0.0,0.0
2024-11-06 13:46:00-05:00,5.440000057220459,5.440000057220459,5.440000057220459,5.440000057220459,2173,0.0,0.0
2024-11-06 13:47:00-05:00,5.440000057220459,5.440000057220459,5.420000076293945,5.420000076293945,755,0.0,0.0
2024-11-06 13:48:00-05:00,5.425000190734863,5.425000190734863,5.425000190734863,5.425000190734863,465,0.0,0.0
2024-11-06 13:52:00-05:00,5.429999828338623,5.429999828338623,5.429999828338623,5.429999828338623,1077,0.0,0.0
2024-11-06 13:54:00-05:00,5.432499885559082,5.432499885559082,5.432499885559082,5.432499885559082,201,0.0,0.0
2024-11-06 13:55:00-05:00,5.440000057220459,5.449999809265137,5.440000057220459,5.449999809265137,942,0.0,0.0
2024-11-06 13:56:00-05:00,5.454999923706055,5.454999923706055,5.454999923706055,5.454999923706055,597,0.0,0.0
2024-11-06 13:57:00-05:00,5.449999809265137,5.449999809265137,5.449999809265137,5.449999809265137,264,0.0,0.0
2024-11-06 14:01:00-05:00,5.449999809265137,5.449999809265137,5.449999809265137,5.449999809265137,527,0.0,0.0
2024-11-06 14:06:00-05:00,5.449999809265137,5.449999809265137,5.449999809265137,5.449999809265137,203,0.0,0.0
2024-11-06 14:07:00-05:00,5.460000038146973,5.460000038146973,5.460000038146973,5.460000038146973,953,0.0,0.0
2024-11-06 14:08:00-05:00,5.460000038146973,5.460000038146973,5.449999809265137,5.449999809265137,1560,0.0,0.0
2024-11-06 14:11:00-05:00,5.449999809265137,5.449999809265137,5.440000057220459,5.440000057220459,2120,0.0,0.0
2024-11-06 14:12:00-05:00,5.449999809265137,5.449999809265137,5.440000057220459,5.447999954223633,1053,0.0,0.0
2024-11-06 14:13:00-05:00,5.440000057220459,5.440000057220459,5.440000057220459,5.440000057220459,124,0.0,0.0
2024-11-06 14:17:00-05:00,5.44920015335083,5.44920015335083,5.44920015335083,5.44920015335083,321,0.0,0.0
2024-11-06 14:18:00-05:00,5.449999809265137,5.454999923706055,5.449999809265137,5.454999923706055,631,0.0,0.0
2024-11-06 14:20:00-05:00,5.454999923706055,5.454999923706055,5.440000057220459,5.449999809265137,3331,0.0,0.0
2024-11-06 14:21:00-05:00,5.449999809265137,5.460000038146973,5.440000057220459,5.449999809265137,2129,0.0,0.0
2024-11-06 14:22:00-05:00,5.449999809265137,5.449999809265137,5.449999809265137,5.449999809265137,434,0.0,0.0
2024-11-06 14:24:00-05:00,5.440000057220459,5.440000057220459,5.420000076293945,5.429999828338623,3352,0.0,0.0
2024-11-06 14:27:00-05:00,5.429999828338623,5.429999828338623,5.425000190734863,5.429999828338623,2270,0.0,0.0
2024-11-06 14:28:00-05:00,5.420000076293945,5.420000076293945,5.420000076293945,5.420000076293945,211,0.0,0.0
2024-11-06 14:30:00-05:00,5.414999961853027,5.414999961853027,5.414999961853027,5.414999961853027,251,0.0,0.0
2024-11-06 14:32:00-05:00,5.409999847412109,5.420000076293945,5.400000095367432,5.40500020980835,3270,0.0,0.0
2024-11-06 14:34:00-05:00,5.40500020980835,5.40500020980835,5.40500020980835,5.40500020980835,169,0.0,0.0
2024-11-06 14:36:00-05:00,5.40500020980835,5.40500020980835,5.40500020980835,5.40500020980835,1097,0.0,0.0
2024-11-06 14:38:00-05:00,5.389999866485596,5.389999866485596,5.389999866485596,5.389999866485596,135,0.0,0.0
2024-11-06 14:42:00-05:00,5.389999866485596,5.389999866485596,5.389999866485596,5.389999866485596,479,0.0,0.0
2024-11-06 14:46:00-05:00,5.389999866485596,5.409999847412109,5.389999866485596,5.40500020980835,1317,0.0,0.0
2024-11-06 14:47:00-05:00,5.409999847412109,5.420000076293945,5.409999847412109,5.420000076293945,1049,0.0,0.0
2024-11-06 14:48:00-05:00,5.420000076293945,5.429999828338623,5.420000076293945,5.420000076293945,1259,0.0,0.0
2024-11-06 14:50:00-05:00,5.414000034332275,5.414000034332275,5.414000034332275,5.414000034332275,500,0.0,0.0
2024-11-06 14:51:00-05:00,5.409999847412109,5.409999847412109,5.409999847412109,5.409999847412109,865,0.0,0.0
2024-11-06 14:52:00-05:00,5.409999847412109,5.409999847412109,5.409999847412109,5.409999847412109,116,0.0,0.0
2024-11-06 14:54:00-05:00,5.400000095367432,5.409999847412109,5.400000095367432,5.409999847412109,617,0.0,0.0
2024-11-06 14:56:00-05:00,5.409999847412109,5.409999847412109,5.400000095367432,5.400000095367432,349,0.0,0.0
2024-11-06 14:59:00-05:00,5.400000095367432,5.400000095367432,5.400000095367432,5.400000095367432,166,0.0,0.0
2024-11-06 15:01:00-05:00,5.420000076293945,5.434999942779541,5.414999961853027,5.429999828338623,1966,0.0,0.0
2024-11-06 15:04:00-05:00,5.429999828338623,5.429999828338623,5.420000076293945,5.420000076293945,880,0.0,0.0
2024-11-06 15:06:00-05:00,5.420000076293945,5.420000076293945,5.420000076293945,5.420000076293945,115,0.0,0.0
2024-11-06 15:07:00-05:00,5.420000076293945,5.429999828338623,5.420000076293945,5.420000076293945,895,0.0,0.0
2024-11-06 15:08:00-05:00,5.429999828338623,5.429999828338623,5.429999828338623,5.429999828338623,850,0.0,0.0
2024-11-06 15:11:00-05:00,5.434999942779541,5.434999942779541,5.434999942779541,5.434999942779541,216,0.0,0.0
2024-11-06 15:12:00-05:00,5.429999828338623,5.434999942779541,5.425000190734863,5.434999942779541,1501,0.0,0.0
2024-11-06 15:13:00-05:00,5.439000129699707,5.439000129699707,5.434999942779541,5.434999942779541,241,0.0,0.0
2024-11-06 15:15:00-05:00,5.434999942779541,5.434999942779541,5.420000076293945,5.420000076293945,3911,0.0,0.0
2024-11-06 15:18:00-05:00,5.420000076293945,5.420000076293945,5.420000076293945,5.420000076293945,886,0.0,0.0
2024-11-06 15:19:00-05:00,5.429999828338623,5.429999828338623,5.425000190734863,5.429999828338623,1418,0.0,0.0
2024-11-06 15:27:00-05:00,5.429999828338623,5.429999828338623,5.429999828338623,5.429999828338623,527,0.0,0.0
2024-11-06 15:29:00-05:00,5.429999828338623,5.429999828338623,5.429999828338623,5.429999828338623,208,0.0,0.0
2024-11-06 15:30:00-05:00,5.429999828338623,5.434999942779541,5.429999828338623,5.434999942779541,373,0.0,0.0
2024-11-06 15:31:00-05:00,5.434999942779541,5.440000057220459,5.434999942779541,5.434999942779541,1241,0.0,0.0
2024-11-06 15:32:00-05:00,5.440000057220459,5.440000057220459,5.434999942779541,5.440000057220459,810,0.0,0.0
2024-11-06 15:33:00-05:00,5.434999942779541,5.434999942779541,5.434999942779541,5.434999942779541,871,0.0,0.0
2024-11-06 15:34:00-05:00,5.434999942779541,5.434999942779541,5.434999942779541,5.434999942779541,160,0.0,0.0
2024-11-06 15:36:00-05:00,5.434999942779541,5.434999942779541,5.420000076293945,5.425000190734863,2912,0.0,0.0
2024-11-06 15:38:00-05:00,5.420000076293945,5.420000076293945,5.409999847412109,5.409999847412109,836,0.0,0.0
2024-11-06 15:39:00-05:00,5.420000076293945,5.420000076293945,5.420000076293945,5.420000076293945,135,0.0,0.0
2024-11-06 15:41:00-05:00,5.420000076293945,5.420000076293945,5.409999847412109,5.409999847412109,391,0.0,0.0
2024-11-06 15:43:00-05:00,5.409999847412109,5.420000076293945,5.409999847412109,5.420000076293945,1574,0.0,0.0
2024-11-06 15:45:00-05:00,5.409999847412109,5.420000076293945,5.409999847412109,5.420000076293945,1100,0.0,0.0
2024-11-06 15:46:00-05:00,5.429999828338623,5.429999828338623,5.425000190734863,5.429999828338623,3220,0.0,0.0
2024-11-06 15:47:00-05:00,5.429999828338623,5.429999828338623,5.429999828338623,5.429999828338623,2032,0.0,0.0
2024-11-06 15:48:00-05:00,5.429999828338623,5.434999942779541,5.429999828338623,5.434999942779541,1425,0.0,0.0
2024-11-06 15:49:00-05:00,5.429999828338623,5.429999828338623,5.429999828338623,5.429999828338623,100,0.0,0.0
2024-11-06 15:50:00-05:00,5.439199924468994,5.439199924468994,5.434999942779541,5.434999942779541,468,0.0,0.0
2024-11-06 15:51:00-05:00,5.434999942779541,5.434999942779541,5.420000076293945,5.425000190734863,3494,0.0,0.0
2024-11-06 15:52:00-05:00,5.420000076293945,5.420000076293945,5.420000076293945,5.420000076293945,417,0.0,0.0
2024-11-06 15:53:00-05:00,5.420000076293945,5.420000076293945,5.420000076293945,5.420000076293945,152,0.0,0.0
2024-11-06 15:54:00-05:00,5.429999828338623,5.429999828338623,5.429999828338623,5.429999828338623,641,0.0,0.0
2024-11-06 15:55:00-05:00,5.429999828338623,5.449999809265137,5.429999828338623,5.449999809265137,1728,0.0,0.0
2024-11-06 15:56:00-05:00,5.454999923706055,5.454999923706055,5.454999923706055,5.454999923706055,258,0.0,0.0
2024-11-06 15:57:00-05:00,5.460000038146973,5.46999979019165,5.460000038146973,5.46999979019165,4413,0.0,0.0
2024-11-06 15:58:00-05:00,5.460000038146973,5.465000152587891,5.460000038146973,5.460000038146973,3886,0.0,0.0
2024-11-06 15:59:00-05:00,5.46999979019165,5.5,5.46999979019165,5.489999771118164,18992,0.0,0.0
2024-11-07 09:30:00-05:00,5.489999771118164,5.489999771118164,5.474999904632568,5.474999904632568,891,0.0,0.0
2024-11-07 09:31:00-05:00,5.449999809265137,5.449999809265137,5.445000171661377,5.445000171661377,861,0.0,0.0
2024-11-07 09:32:00-05:00,5.445000171661377,5.445000171661377,5.445000171661377,5.445000171661377,226,0.0,0.0
2024-11-07 09:33:00-05:00,5.449999809265137,5.460000038146973,5.449999809265137,5.460000038146973,736,0.0,0.0
2024-11-07 09:34:00-05:00,5.445000171661377,5.46999979019165,5.432700157165527,5.46999979019165,1225,0.0,0.0
2024-11-07 09:35:00-05:00,5.449999809265137,5.460000038146973,5.445000171661377,5.460000038146973,790,0.0,0.0
2024-11-07 09:36:00-05:00,5.449999809265137,5.449999809265137,5.449999809265137,5.449999809265137,145,0.0,0.0
2024-11-07 09:37:00-05:00,5.449999809265137,5.460000038146973,5.440000057220459,5.460000038146973,3116,0.0,0.0
2024-11-07 09:38:00-05:00,5.46999979019165,5.46999979019165,5.460000038146973,5.460000038146973,871,0.0,0.0
2024-11-07 09:39:00-05:00,5.460000038146973,5.46999979019165,5.460000038146973,5.46999979019165,974,0.0,0.0
2024-11-07 09:42:00-05:00,5.489999771118164,5.519999980926514,5.489999771118164,5.519999980926514,1229,0.0,0.0
2024-11-07 09:44:00-05:00,5.53000020980835,5.53000020980835,5.53000020980835,5.53000020980835,235,0.0,0.0
2024-11-07 09:45:00-05:00,5.53000020980835,5.53000020980835,5.53000020980835,5.53000020980835,101,0.0,0.0
2024-11-07 09:46:00-05:00,5.53000020980835,5.539999961853027,5.53000020980835,5.539999961853027,919,0.0,0.0
2024-11-07 09:47:00-05:00,5.53000020980835,5.539999961853027,5.53000020980835,5.53000020980835,845,0.0,0.0
2024-11-07 09:50:00-05:00,5.53000020980835,5.559999942779541,5.53000020980835,5.550000190734863,1582,0.0,0.0
2024-11-07 09:51:00-05:00,5.559999942779541,5.570000171661377,5.559999942779541,5.559999942779541,963,0.0,0.0
2024-11-07 09:52:00-05:00,5.5432000160217285,5.5432000160217285,5.5432000160217285,5.5432000160217285,250,0.0,0.0
2024-11-07 09:54:00-05:00,5.554999828338623,5.554999828338623,5.539999961853027,5.539999961853027,517,0.0,0.0
2024-11-07 09:55:00-05:00,5.53000020980835,5.53000020980835,5.519999980926514,5.519999980926514,621,0.0,0.0
2024-11-07 09:56:00-05:00,5.5,5.5,5.5,5.5,237,0.0,0.0
2024-11-07 09:57:00-05:00,5.489999771118164,5.5,5.489999771118164,5.489999771118164,8485,0.0,0.0
2024-11-07 09:58:00-05:00,5.489999771118164,5.489999771118164,5.46999979019165,5.46999979019165,697,0.0,0.0
2024-11-07 10:00:00-05:00,5.454800128936768,5.46999979019165,5.454800128936768,5.46999979019165,1303,0.0,0.0
2024-11-07 10:03:00-05:00,5.449999809265137,5.460000038146973,5.449999809265137,5.460000038146973,1356,0.0,0.0
2024-11-07 10:05:00-05:00,5.460000038146973,5.46999979019165,5.460000038146973,5.46999979019165,669,0.0,0.0
2024-11-07 10:07:00-05:00,5.480000019073486,5.480000019073486,5.480000019073486,5.480000019073486,290,0.0,0.0
2024-11-07 10:10:00-05:00,5.489999771118164,5.494999885559082,5.489999771118164,5.494999885559082,670,0.0,0.0
2024-11-07 10:11:00-05:00,5.5,5.5,5.489999771118164,5.489999771118164,313,0.0,0.0
2024-11-07 10:12:00-05:00,5.480000019073486,5.480000019073486,5.480000019073486,5.480000019073486,862,0.0,0.0
2024-11-07 10:16:00-05:00,5.480000019073486,5.480000019073486,5.480000019073486,5.480000019073486,233,0.0,0.0
2024-11-07 10:17:00-05:00,5.46999979019165,5.480000019073486,5.46999979019165,5.480000019073486,494,0.0,0.0
2024-11-07 10:18:00-05:00,5.46999979019165,5.480000019073486,5.46999979019165,5.480000019073486,596,0.0,0.0
2024-11-07 10:19:00-05:00,5.474999904632568,5.474999904632568,5.474999904632568,5.474999904632568,753,0.0,0.0
2024-11-07 10:20:00-05:00,5.46999979019165,5.46999979019165,5.46999979019165,5.46999979019165,1276,0.0,0.0
2024-11-07 10:21:00-05:00,5.4710001945495605,5.4710001945495605,5.465000152587891,5.46999979019165,1504,0.0,0.0
2024-11-07 10:22:00-05:00,5.480000019073486,5.489999771118164,5.480000019073486,5.489999771118164,982,0.0,0.0
2024-11-07 10:24:00-05:00,5.489999771118164,5.489999771118164,5.480000019073486,5.480000019073486,1164,0.0,0.0
2024-11-07 10:26:00-05:00,5.474999904632568,5.474999904632568,5.474999904632568,5.474999904632568,277,0.0,0.0
2024-11-07 10:28:00-05:00,5.489999771118164,5.489999771118164,5.489999771118164,5.489999771118164,477,0.0,0.0
2024-11-07 10:29:00-05:00,5.510000228881836,5.510000228881836,5.510000228881836,5.510000228881836,413,0.0,0.0
2024-11-07 10:30:00-05:00,5.510000228881836,5.529900074005127,5.510000228881836,5.529900074005127,940,0.0,0.0
2024-11-07 10:31:00-05:00,5.53000020980835,5.53000020980835,5.53000020980835,5.53000020980835,384,0.0,0.0
2024-11-07 10:33:00-05:00,5.519999980926514,5.519999980926514,5.519999980926514,5.519999980926514,120,0.0,0.0
2024-11-07 10:35:00-05:00,5.539999961853027,5.539999961853027,5.539999961853027,5.539999961853027,219,0.0,0.0
2024-11-07 10:36:00-05:00,5.539999961853027,5.539999961853027,5.539999961853027,5.539999961853027,279,0.0,0.0
2024-11-07 10:45:00-05:00,5.539999961853027,5.539999961853027,5.539999961853027,5.539999961853027,219,0.0,0.0
2024-11-07 10:46:00-05:00,5.53000020980835,5.53000020980835,5.53000020980835,5.53000020980835,488,0.0,0.0
2024-11-07 10:47:00-05:00,5.53000020980835,5.53000020980835,5.519999980926514,5.519999980926514,945,0.0,0.0
2024-11-07 10:48:00-05:00,5.53000020980835,5.53000020980835,5.53000020980835,5.53000020980835,229,0.0,0.0
2024-11-07 10:49:00-05:00,5.525000095367432,5.53000020980835,5.525000095367432,5.53000020980835,691,0.0,0.0
2024-11-07 10:50:00-05:00,5.53000020980835,5.53000020980835,5.53000020980835,5.53000020980835,311,0.0,0.0
2024-11-07 10:51:00-05:00,5.53000020980835,5.53000020980835,5.53000020980835,5.53000020980835,1008,0.0,0.0
2024-11-07 10:52:00-05:00,5.53000020980835,5.53000020980835,5.53000020980835,5.53000020980835,700,0.0,0.0
2024-11-07 10:54:00-05:00,5.53000020980835,5.53000020980835,5.53000020980835,5.53000020980835,1054,0.0,0.0
2024-11-07 10:55:00-05:00,5.519999980926514,5.519999980926514,5.519999980926514,5.519999980926514,720,0.0,0.0
2024-11-07 10:57:00-05:00,5.510000228881836,5.510000228881836,5.510000228881836,5.510000228881836,127,0.0,0.0
2024-11-07 10:58:00-05:00,5.5,5.5,5.5,5.5,101,0.0,0.0
2024-11-07 11:00:00-05:00,5.5,5.5,5.489999771118164,5.489999771118164,752,0.0,0.0
2024-11-07 11:01:00-05:00,5.489999771118164,5.489999771118164,5.46999979019165,5.480000019073486,1423,0.0,0.0
2024-11-07 11:02:00-05:00,5.480000019073486,5.480000019073486,5.480000019073486,5.480000019073486,100,0.0,0.0
2024-11-07 11:04:00-05:00,5.489999771118164,5.489999771118164,5.489999771118164,5.489999771118164,117,0.0,0.0
2024-11-07 11:06:00-05:00,5.480000019073486,5.480000019073486,5.46999979019165,5.480000019073486,372,0.0,0.0
2024-11-07 11:07:00-05:00,5.480000019073486,5.480000019073486,5.480000019073486,5.480000019073486,248,0.0,0.0
2024-11-07 11:08:00-05:00,5.480000019073486,5.480000019073486,5.480000019073486,5.480000019073486,317,0.0,0.0
2024-11-07 11:10:00-05:00,5.480000019073486,5.480000019073486,5.480000019073486,5.480000019073486,114,0.0,0.0
2024-11-07 11:11:00-05:00,5.480000019073486,5.480000019073486,5.480000019073486,5.480000019073486,161,0.0,0.0
2024-11-07 11:12:00-05:00,5.480000019073486,5.480000019073486,5.480000019073486,5.480000019073486,512,0.0,0.0
2024-11-07 11:15:00-05:00,5.46999979019165,5.46999979019165,5.46999979019165,5.46999979019165,100,0.0,0.0
2024-11-07 11:17:00-05:00,5.46999979019165,5.46999979019165,5.440000057220459,5.440000057220459,816,0.0,0.0
2024-11-07 11:20:00-05:00,5.449999809265137,5.449999809265137,5.440000057220459,5.440000057220459,2250,0.0,0.0
2024-11-07 11:21:00-05:00,5.440000057220459,5.440000057220459,5.440000057220459,5.440000057220459,514,0.0,0.0
2024-11-07 11:22:00-05:00,5.429999828338623,5.429999828338623,5.429999828338623,5.429999828338623,333,0.0,0.0
2024-11-07 11:23:00-05:00,5.434999942779541,5.434999942779541,5.434999942779541,5.434999942779541,268,0.0,0.0
2024-11-07 11:24:00-05:00,5.429999828338623,5.429999828338623,5.429999828338623,5.429999828338623,122,0.0,0.0
2024-11-07 11:25:00-05:00,5.429999828338623,5.429999828338623,5.429999828338623,5.429999828338623,744,0.0,0.0
2024-11-07 11:26:00-05:00,5.429999828338623,5.429999828338623,5.429999828338623,5.429999828338623,100,0.0,0.0
2024-11-07 11:27:00-05:00,5.427700042724609,5.427700042724609,5.427700042724609,5.427700042724609,331,0.0,0.0
2024-11-07 11:30:00-05:00,5.425000190734863,5.425000190734863,5.420000076293945,5.420000076293945,284,0.0,0.0
2024-11-07 11:31:00-05:00,5.420000076293945,5.420000076293945,5.420000076293945,5.420000076293945,103,0.0,0.0
2024-11-07 11:32:00-05:00,5.429999828338623,5.429999828338623,5.429999828338623,5.429999828338623,904,0.0,0.0
2024-11-07 11:33:00-05:00,5.429999828338623,5.449999809265137,5.429999828338623,5.449999809265137,947,0.0,0.0
2024-11-07 11:36:00-05:00,5.440000057220459,5.440000057220459,5.429999828338623,5.429999828338623,228,0.0,0.0
2024-11-07 11:39:00-05:00,5.425000190734863,5.425000190734863,5.425000190734863,5.425000190734863,428,0.0,0.0
2024-11-07 11:53:00-05:00,5.429999828338623,5.440000057220459,5.429999828338623,5.429999828338623,534,0.0,0.0
2024-11-07 11:56:00-05:00,5.440000057220459,5.460000038146973,5.440000057220459,5.449999809265137,1612,0.0,0.0
2024-11-07 11:57:00-05:00,5.460000038146973,5.460000038146973,5.460000038146973,5.460000038146973,300,0.0,0.0
2024-11-07 11:58:00-05:00,5.454999923706055,5.454999923706055,5.454999923706055,5.454999923706055,132,0.0,0.0
2024-11-07 12:00:00-05:00,5.449999809265137,5.449999809265137,5.449999809265137,5.449999809265137,264,0.0,0.0
2024-11-07 12:03:00-05:00,5.440000057220459,5.440000057220459,5.440000057220459,5.440000057220459,201,0.0,0.0
2024-11-07 12:04:00-05:00,5.440000057220459,5.445000171661377,5.440000057220459,5.445000171661377,341,0.0,0.0
2024-11-07 12:06:00-05:00,5.449999809265137,5.460000038146973,5.449999809265137,5.460000038146973,980,0.0,0.0
2024-11-07 12:08:00-05:00,5.465000152587891,5.46999979019165,5.465000152587891,5.46999979019165,221,0.0,0.0
2024-11-07 12:09:00-05:00,5.476099967956543,5.476099967956543,5.476099967956543,5.476099967956543,283,0.0,0.0
2024-11-07 12:17:00-05:00,5.480000019073486,5.485000133514404,5.480000019073486,5.485000133514404,308,0.0,0.0
2024-11-07 12:18:00-05:00,5.485000133514404,5.485000133514404,5.485000133514404,5.485000133514404,136,0.0,0.0
2024-11-07 12:20:00-05:00,5.485000133514404,5.485000133514404,5.480000019073486,5.480000019073486,307,0.0,0.0
2024-11-07 12:22:00-05:00,5.480800151824951,5.480800151824951,5.480000019073486,5.480000019073486,387,0.0,0.0
2024-11-07 12:24:00-05:00,5.481400012969971,5.481400012969971,5.481400012969971,5.481400012969971,220,0.0,0.0
2024-11-07 12:25:00-05:00,5.480000019073486,5.480000019073486,5.46999979019165,5.46999979019165,1113,0.0,0.0
2024-11-07 12:26:00-05:00,5.465000152587891,5.465000152587891,5.460000038146973,5.460000038146973,243,0.0,0.0
2024-11-07 12:29:00-05:00,5.460000038146973,5.46999979019165,5.460000038146973,5.46999979019165,1293,0.0,0.0
2024-11-07 12:32:00-05:00,5.474999904632568,5.480000019073486,5.474999904632568,5.480000019073486,331,0.0,0.0
2024-11-07 12:33:00-05:00,5.480000019073486,5.480000019073486,5.480000019073486,5.480000019073486,790,0.0,0.0
2024-11-07 12:45:00-05:00,5.458899974822998,5.460000038146973,5.454999923706055,5.454999923706055,1170,0.0,0.0
2024-11-07 12:48:00-05:00,5.454999923706055,5.454999923706055,5.454999923706055,5.454999923706055,423,0.0,0.0
2024-11-07 12:51:00-05:00,5.449999809265137,5.449999809265137,5.445000171661377,5.445000171661377,763,0.0,0.0
2024-11-07 12:52:00-05:00,5.440000057220459,5.440000057220459,5.440000057220459,5.440000057220459,216,0.0,0.0
2024-11-07 12:54:00-05:00,5.434999942779541,5.434999942779541,5.434999942779541,5.434999942779541,261,0.0,0.0
2024-11-07 12:56:00-05:00,5.429999828338623,5.429999828338623,5.429999828338623,5.429999828338623,310,0.0,0.0
2024-11-07 12:59:00-05:00,5.420000076293945,5.429999828338623,5.420000076293945,5.425000190734863,385,0.0,0.0
2024-11-07 13:00:00-05:00,5.420000076293945,5.420000076293945,5.420000076293945,5.420000076293945,667,0.0,0.0
2024-11-07 13:01:00-05:00,5.420000076293945,5.420000076293945,5.420000076293945,5.420000076293945,978,0.0,0.0
2024-11-07 13:04:00-05:00,5.420000076293945,5.420000076293945,5.420000076293945,5.420000076293945,249,0.0,0.0
2024-11-07 13:05:00-05:00,5.409999847412109,5.409999847412109,5.409999847412109,5.409999847412109,300,0.0,0.0
2024-11-07 13:06:00-05:00,5.409999847412109,5.409999847412109,5.40500020980835,5.409999847412109,400,0.0,0.0
2024-11-07 13:07:00-05:00,5.40500020980835,5.409999847412109,5.400000095367432,5.409999847412109,574,0.0,0.0
2024-11-07 13:11:00-05:00,5.400000095367432,5.400000095367432,5.380000114440918,5.380000114440918,2625,0.0,0.0
2024-11-07 13:12:00-05:00,5.380000114440918,5.380000114440918,5.380000114440918,5.380000114440918,253,0.0,0.0
2024-11-07 13:13:00-05:00,5.385000228881836,5.385000228881836,5.385000228881836,5.385000228881836,507,0.0,0.0
2024-11-07 13:14:00-05:00,5.389999866485596,5.389999866485596,5.385000228881836,5.385000228881836,1144,0.0,0.0
2024-11-07 13:17:00-05:00,5.380000114440918,5.380000114440918,5.380000114440918,5.380000114440918,903,0.0,0.0
2024-11-07 13:18:00-05:00,5.369999885559082,5.375,5.369999885559082,5.375,496,0.0,0.0
2024-11-07 13:25:00-05:00,5.375,5.375,5.375,5.375,197,0.0,0.0
2024-11-07 13:26:00-05:00,5.375,5.375,5.369999885559082,5.369999885559082,518,0.0,0.0
2024-11-07 13:28:00-05:00,5.380000114440918,5.380000114440918,5.380000114440918,5.380000114440918,290,0.0,0.0
2024-11-07 13:29:00-05:00,5.369999885559082,5.369999885559082,5.369999885559082,5.369999885559082,845,0.0,0.0
2024-11-07 13:35:00-05:00,5.360000133514404,5.360000133514404,5.360000133514404,5.360000133514404,170,0.0,0.0
2024-11-07 13:37:00-05:00,5.364999771118164,5.364999771118164,5.364999771118164,5.364999771118164,615,0.0,0.0
2024-11-07 13:38:00-05:00,5.360000133514404,5.360000133514404,5.360000133514404,5.360000133514404,351,0.0,0.0
2024-11-07 13:42:00-05:00,5.360000133514404,5.360000133514404,5.349999904632568,5.349999904632568,672,0.0,0.0
2024-11-07 13:43:00-05:00,5.355000019073486,5.355000019073486,5.355000019073486,5.355000019073486,406,0.0,0.0
2024-11-07 13:44:00-05:00,5.355000019073486,5.360000133514404,5.355000019073486,5.360000133514404,1763,0.0,0.0
2024-11-07 13:46:00-05:00,5.360000133514404,5.360000133514404,5.360000133514404,5.360000133514404,403,0.0,0.0
2024-11-07 13:47:00-05:00,5.349999904632568,5.349999904632568,5.349999904632568,5.349999904632568,120,0.0,0.0
2024-11-07 13:49:00-05:00,5.355000019073486,5.364999771118164,5.355000019073486,5.364999771118164,1173,0.0,0.0
2024-11-07 13:53:00-05:00,5.364999771118164,5.364999771118164,5.364999771118164,5.364999771118164,589,0.0,0.0
2024-11-07 14:00:00-05:00,5.369999885559082,5.380000114440918,5.369999885559082,5.380000114440918,701,0.0,0.0
2024-11-07 14:01:00-05:00,5.368800163269043,5.368800163269043,5.368800163269043,5.368800163269043,2314,0.0,0.0
2024-11-07 14:02:00-05:00,5.360000133514404,5.360000133514404,5.340000152587891,5.340000152587891,1616,0.0,0.0
2024-11-07 14:06:00-05:00,5.349999904632568,5.349999904632568,5.340000152587891,5.340000152587891,987,0.0,0.0
2024-11-07 14:08:00-05:00,5.340000152587891,5.340000152587891,5.340000152587891,5.340000152587891,522,0.0,0.0
2024-11-07 14:13:00-05:00,5.329999923706055,5.329999923706055,5.329999923706055,5.329999923706055,205,0.0,0.0
2024-11-07 14:16:00-05:00,5.340000152587891,5.349999904632568,5.340000152587891,5.349999904632568,2046,0.0,0.0
2024-11-07 14:17:00-05:00,5.349999904632568,5.349999904632568,5.349999904632568,5.349999904632568,213,0.0,0.0
2024-11-07 14:19:00-05:00,5.34499979019165,5.349999904632568,5.34499979019165,5.349999904632568,352,0.0,0.0
2024-11-07 14:20:00-05:00,5.349999904632568,5.349999904632568,5.349999904632568,5.349999904632568,849,0.0,0.0
2024-11-07 14:27:00-05:00,5.340000152587891,5.349999904632568,5.340000152587891,5.340000152587891,510,0.0,0.0
2024-11-07 14:28:00-05:00,5.340000152587891,5.340000152587891,5.340000152587891,5.340000152587891,126,0.0,0.0
2024-11-07 14:30:00-05:00,5.340000152587891,5.349999904632568,5.340000152587891,5.349999904632568,1149,0.0,0.0
2024-11-07 14:31:00-05:00,5.360000133514404,5.369999885559082,5.360000133514404,5.369999885559082,1718,0.0,0.0
2024-11-07 14:32:00-05:00,5.360000133514404,5.369999885559082,5.360000133514404,5.369999885559082,282,0.0,0.0
2024-11-07 14:34:00-05:00,5.360000133514404,5.360000133514404,5.360000133514404,5.360000133514404,978,0.0,0.0
2024-11-07 14:36:00-05:00,5.349999904632568,5.349999904632568,5.349999904632568,5.349999904632568,212,0.0,0.0
2024-11-07 14:37:00-05:00,5.340000152587891,5.340000152587891,5.340000152587891,5.340000152587891,200,0.0,0.0
2024-11-07 14:38:00-05:00,5.349999904632568,5.349999904632568,5.349999904632568,5.349999904632568,119,0.0,0.0
2024-11-07 14:39:00-05:00,5.340199947357178,5.340199947357178,5.340000152587891,5.340000152587891,1819,0.0,0.0
2024-11-07 14:41:00-05:00,5.329999923706055,5.329999923706055,5.300000190734863,5.300000190734863,2644,0.0,0.0
2024-11-07 14:42:00-05:00,5.300000190734863,5.300000190734863,5.300000190734863,5.300000190734863,101,0.0,0.0
2024-11-07 14:43:00-05:00,5.300000190734863,5.309999942779541,5.300000190734863,5.309999942779541,3135,0.0,0.0
2024-11-07 14:44:00-05:00,5.320000171661377,5.320000171661377,5.320000171661377,5.320000171661377,306,0.0,0.0
2024-11-07 14:45:00-05:00,5.309999942779541,5.309999942779541,5.309999942779541,5.309999942779541,522,0.0,0.0
2024-11-07 14:47:00-05:00,5.300099849700928,5.300099849700928,5.300099849700928,5.300099849700928,348,0.0,0.0
2024-11-07 14:48:00-05:00,5.300099849700928,5.300099849700928,5.300000190734863,5.300000190734863,403,0.0,0.0
2024-11-07 14:49:00-05:00,5.309999942779541,5.320000171661377,5.304999828338623,5.320000171661377,1817,0.0,0.0
2024-11-07 14:50:00-05:00,5.329999923706055,5.329999923706055,5.324999809265137,5.324999809265137,229,0.0,0.0
2024-11-07 14:51:00-05:00,5.329999923706055,5.340000152587891,5.329999923706055,5.340000152587891,841,0.0,0.0
2024-11-07 14:53:00-05:00,5.329999923706055,5.329999923706055,5.329999923706055,5.329999923706055,678,0.0,0.0
2024-11-07 14:56:00-05:00,5.335299968719482,5.340000152587891,5.335299968719482,5.340000152587891,1477,0.0,0.0
2024-11-07 14:58:00-05:00,5.349999904632568,5.349999904632568,5.349999904632568,5.349999904632568,566,0.0,0.0
2024-11-07 14:59:00-05:00,5.349999904632568,5.364999771118164,5.349999904632568,5.364999771118164,819,0.0,0.0
2024-11-07 15:00:00-05:00,5.369999885559082,5.369999885559082,5.360000133514404,5.360000133514404,1623,0.0,0.0
2024-11-07 15:01:00-05:00,5.360000133514404,5.369999885559082,5.360000133514404,5.369999885559082,724,0.0,0.0
2024-11-07 15:02:00-05:00,5.369999885559082,5.369999885559082,5.369999885559082,5.369999885559082,105,0.0,0.0
2024-11-07 15:03:00-05:00,5.369999885559082,5.380000114440918,5.369999885559082,5.369999885559082,1878,0.0,0.0
2024-11-07 15:06:00-05:00,5.369999885559082,5.369999885559082,5.369999885559082,5.369999885559082,317,0.0,0.0
2024-11-07 15:08:00-05:00,5.375,5.375,5.375,5.375,377,0.0,0.0
2024-11-07 15:10:00-05:00,5.369999885559082,5.385000228881836,5.369999885559082,5.385000228881836,2135,0.0,0.0
2024-11-07 15:11:00-05:00,5.389999866485596,5.389999866485596,5.389400005340576,5.389999866485596,696,0.0,0.0
2024-11-07 15:13:00-05:00,5.389999866485596,5.400000095367432,5.389999866485596,5.400000095367432,1029,0.0,0.0
2024-11-07 15:15:00-05:00,5.40500020980835,5.40500020980835,5.40500020980835,5.40500020980835,123,0.0,0.0
2024-11-07 15:16:00-05:00,5.400000095367432,5.400000095367432,5.400000095367432,5.400000095367432,457,0.0,0.0
2024-11-07 15:17:00-05:00,5.389999866485596,5.389999866485596,5.389999866485596,5.389999866485596,221,0.0,0.0
2024-11-07 15:21:00-05:00,5.389999866485596,5.389999866485596,5.369999885559082,5.369999885559082,1039,0.0,0.0
2024-11-07 15:23:00-05:00,5.369999885559082,5.369999885559082,5.369999885559082,5.369999885559082,307,0.0,0.0
2024-11-07 15:24:00-05:00,5.360000133514404,5.380000114440918,5.360000133514404,5.380000114440918,2254,0.0,0.0
2024-11-07 15:27:00-05:00,5.385000228881836,5.385000228881836,5.380000114440918,5.380000114440918,422,0.0,0.0
2024-11-07 15:28:00-05:00,5.380000114440918,5.380000114440918,5.380000114440918,5.380000114440918,365,0.0,0.0
2024-11-07 15:29:00-05:00,5.380000114440918,5.380000114440918,5.375,5.375,702,0.0,0.0
2024-11-07 15:30:00-05:00,5.375,5.375,5.369999885559082,5.375,792,0.0,0.0
2024-11-07 15:31:00-05:00,5.380000114440918,5.389999866485596,5.380000114440918,5.389999866485596,1300,0.0,0.0
2024-11-07 15:32:00-05:00,5.380000114440918,5.380000114440918,5.380000114440918,5.380000114440918,100,0.0,0.0
2024-11-07 15:33:00-05:00,5.380000114440918,5.380000114440918,5.380000114440918,5.380000114440918,216,0.0,0.0
2024-11-07 15:35:00-05:00,5.380000114440918,5.380000114440918,5.380000114440918,5.380000114440918,230,0.0,0.0
2024-11-07 15:36:00-05:00,5.380000114440918,5.389999866485596,5.380000114440918,5.389999866485596,1389,0.0,0.0
2024-11-07 15:37:00-05:00,5.389999866485596,5.394999980926514,5.389999866485596,5.389999866485596,1015,0.0,0.0
2024-11-07 15:38:00-05:00,5.389999866485596,5.389999866485596,5.389999866485596,5.389999866485596,523,0.0,0.0
2024-11-07 15:41:00-05:00,5.389999866485596,5.389999866485596,5.389999866485596,5.389999866485596,437,0.0,0.0
2024-11-07 15:43:00-05:00,5.385000228881836,5.385000228881836,5.369999885559082,5.369999885559082,1324,0.0,0.0
2024-11-07 15:44:00-05:00,5.369999885559082,5.369999885559082,5.369999885559082,5.369999885559082,215,0.0,0.0
2024-11-07 15:46:00-05:00,5.369999885559082,5.380000114440918,5.369999885559082,5.380000114440918,1070,0.0,0.0
2024-11-07 15:47:00-05:00,5.369999885559082,5.378799915313721,5.369999885559082,5.369999885559082,1452,0.0,0.0
2024-11-07 15:48:00-05:00,5.380000114440918,5.380000114440918,5.375,5.375,546,0.0,0.0
2024-11-07 15:49:00-05:00,5.375,5.375,5.369999885559082,5.369999885559082,750,0.0,0.0
2024-11-07 15:50:00-05:00,5.369999885559082,5.380000114440918,5.369999885559082,5.380000114440918,400,0.0,0.0
2024-11-07 15:51:00-05:00,5.375,5.375,5.369999885559082,5.369999885559082,911,0.0,0.0
2024-11-07 15:52:00-05:00,5.369999885559082,5.369999885559082,5.364999771118164,5.364999771118164,756,0.0,0.0
2024-11-07 15:53:00-05:00,5.360000133514404,5.360000133514404,5.360000133514404,5.360000133514404,158,0.0,0.0
2024-11-07 15:54:00-05:00,5.360000133514404,5.369999885559082,5.360000133514404,5.364999771118164,1137,0.0,0.0
2024-11-07 15:55:00-05:00,5.360000133514404,5.360000133514404,5.349999904632568,5.349999904632568,1295,0.0,0.0
2024-11-07 15:56:00-05:00,5.349999904632568,5.349999904632568,5.349999904632568,5.349999904632568,1115,0.0,0.0
2024-11-07 15:57:00-05:00,5.349999904632568,5.349999904632568,5.349999904632568,5.349999904632568,1176,0.0,0.0
2024-11-07 15:58:00-05:00,5.360000133514404,5.369999885559082,5.355000019073486,5.369999885559082,5599,0.0,0.0
2024-11-07 15:59:00-05:00,5.378799915313721,5.385000228881836,5.369999885559082,5.369999885559082,4819,0.0,0.0
2024-11-08 09:30:00-05:00,5.369999885559082,5.380000114440918,5.369999885559082,5.380000114440918,1319,0.0,0.0
2024-11-08 09:34:00-05:00,5.28000020980835,5.28000020980835,5.28000020980835,5.28000020980835,203,0.0,0.0
2024-11-08 09:35:00-05:00,5.289999961853027,5.289999961853027,5.269999980926514,5.269999980926514,200,0.0,0.0
2024-11-08 09:37:00-05:00,5.271999835968018,5.271999835968018,5.271999835968018,5.271999835968018,779,0.0,0.0
2024-11-08 09:38:00-05:00,5.284999847412109,5.300000190734863,5.269999980926514,5.269999980926514,2379,0.0,0.0
2024-11-08 09:40:00-05:00,5.242000102996826,5.260000228881836,5.239999771118164,5.260000228881836,800,0.0,0.0
2024-11-08 09:41:00-05:00,5.230000019073486,5.260000228881836,5.230000019073486,5.260000228881836,2244,0.0,0.0
2024-11-08 09:42:00-05:00,5.28000020980835,5.28000020980835,5.28000020980835,5.28000020980835,165,0.0,0.0
2024-11-08 09:43:00-05:00,5.275000095367432,5.28000020980835,5.269999980926514,5.269999980926514,2200,0.0,0.0
2024-11-08 09:44:00-05:00,5.28000020980835,5.289999961853027,5.28000020980835,5.28000020980835,907,0.0,0.0
2024-11-08 09:45:00-05:00,5.289999961853027,5.300000190734863,5.289999961853027,5.300000190734863,727,0.0,0.0
2024-11-08 09:47:00-05:00,5.300000190734863,5.300000190734863,5.300000190734863,5.300000190734863,418,0.0,0.0
2024-11-08 09:49:00-05:00,5.28000020980835,5.28000020980835,5.25,5.25,500,0.0,0.0
2024-11-08 09:50:00-05:00,5.289599895477295,5.289599895477295,5.269999980926514,5.269999980926514,212,0.0,0.0
2024-11-08 09:51:00-05:00,5.264999866485596,5.264999866485596,5.260000228881836,5.260000228881836,714,0.0,0.0
2024-11-08 09:52:00-05:00,5.269999980926514,5.289999961853027,5.269999980926514,5.289999961853027,4860,0.0,0.0
2024-11-08 09:53:00-05:00,5.289999961853027,5.289999961853027,5.289999961853027,5.289999961853027,782,0.0,0.0
2024-11-08 09:54:00-05:00,5.28000020980835,5.28000020980835,5.28000020980835,5.28000020980835,411,0.0,0.0
2024-11-08 09:56:00-05:00,5.269999980926514,5.289999961853027,5.269999980926514,5.289999961853027,200,0.0,0.0
2024-11-08 09:57:00-05:00,5.28000020980835,5.28000020980835,5.269999980926514,5.269999980926514,302,0.0,0.0
2024-11-08 09:58:00-05:00,5.289999961853027,5.289999961853027,5.289999961853027,5.289999961853027,1080,0.0,0.0
2024-11-08 10:01:00-05:00,5.300000190734863,5.300000190734863,5.300000190734863,5.300000190734863,722,0.0,0.0
2024-11-08 10:02:00-05:00,5.289999961853027,5.289999961853027,5.289999961853027,5.289999961853027,229,0.0,0.0
2024-11-08 10:03:00-05:00,5.269999980926514,5.269999980926514,5.269999980926514,5.269999980926514,318,0.0,0.0
2024-11-08 10:04:00-05:00,5.25,5.25,5.25,5.25,317,0.0,0.0
2024-11-08 10:08:00-05:00,5.258699893951416,5.258699893951416,5.258699893951416,5.258699893951416,1038,0.0,0.0
2024-11-08 10:09:00-05:00,5.242000102996826,5.25,5.242000102996826,5.25,217,0.0,0.0
2024-11-08 10:10:00-05:00,5.25,5.300000190734863,5.25,5.300000190734863,2948,0.0,0.0
2024-11-08 10:11:00-05:00,5.281000137329102,5.281000137329102,5.230000019073486,5.230000019073486,12737,0.0,0.0
2024-11-08 10:13:00-05:00,5.269999980926514,5.269999980926514,5.269999980926514,5.269999980926514,572,0.0,0.0
2024-11-08 10:16:00-05:00,5.269999980926514,5.269999980926514,5.269999980926514,5.269999980926514,1178,0.0,0.0
2024-11-08 10:17:00-05:00,5.269999980926514,5.269999980926514,5.269999980926514,5.269999980926514,225,0.0,0.0
2024-11-08 10:20:00-05:00,5.260000228881836,5.260000228881836,5.25,5.260000228881836,647,0.0,0.0
2024-11-08 10:21:00-05:00,5.269999980926514,5.275000095367432,5.269999980926514,5.275000095367432,767,0.0,0.0
2024-11-08 10:22:00-05:00,5.28000020980835,5.28000020980835,5.275000095367432,5.28000020980835,801,0.0,0.0
2024-11-08 10:23:00-05:00,5.284999847412109,5.284999847412109,5.284999847412109,5.284999847412109,305,0.0,0.0
2024-11-08 10:24:00-05:00,5.289999961853027,5.289999961853027,5.289999961853027,5.289999961853027,600,0.0,0.0
2024-11-08 10:25:00-05:00,5.28000020980835,5.28000020980835,5.28000020980835,5.28000020980835,221,0.0,0.0
2024-11-08 10:26:00-05:00,5.28000020980835,5.28000020980835,5.28000020980835,5.28000020980835,149,0.0,0.0
2024-11-08 10:27:00-05:00,5.28000020980835,5.28000020980835,5.28000020980835,5.28000020980835,134,0.0,0.0
2024-11-08 10:28:00-05:00,5.289999961853027,5.289999961853027,5.289999961853027,5.289999961853027,319,0.0,0.0
2024-11-08 10:31:00-05:00,5.271999835968018,5.271999835968018,5.269999980926514,5.269999980926514,625,0.0,0.0
2024-11-08 10:32:00-05:00,5.275000095367432,5.289999961853027,5.275000095367432,5.28000020980835,2049,0.0,0.0
2024-11-08 10:35:00-05:00,5.304999828338623,5.304999828338623,5.304999828338623,5.304999828338623,153,0.0,0.0
2024-11-08 10:37:00-05:00,5.300000190734863,5.300000190734863,5.300000190734863,5.300000190734863,419,0.0,0.0
2024-11-08 10:40:00-05:00,5.300000190734863,5.300000190734863,5.300000190734863,5.300000190734863,537,0.0,0.0
2024-11-08 10:41:00-05:00,5.289999961853027,5.289999961853027,5.28000020980835,5.28000020980835,1569,0.0,0.0
2024-11-08 10:43:00-05:00,5.28000020980835,5.284999847412109,5.28000020980835,5.284999847412109,391,0.0,0.0
2024-11-08 10:45:00-05:00,5.284999847412109,5.284999847412109,5.269999980926514,5.269999980926514,1687,0.0,0.0
2024-11-08 10:46:00-05:00,5.269999980926514,5.269999980926514,5.269999980926514,5.269999980926514,106,0.0,0.0
2024-11-08 10:47:00-05:00,5.269999980926514,5.269999980926514,5.269999980926514,5.269999980926514,437,0.0,0.0
2024-11-08 10:48:00-05:00,5.269999980926514,5.269999980926514,5.269999980926514,5.269999980926514,168,0.0,0.0
2024-11-08 10:49:00-05:00,5.269999980926514,5.269999980926514,5.269999980926514,5.269999980926514,1164,0.0,0.0
2024-11-08 10:52:00-05:00,5.269999980926514,5.269999980926514,5.260000228881836,5.260000228881836,400,0.0,0.0
2024-11-08 10:53:00-05:00,5.260000228881836,5.260000228881836,5.25,5.25,729,0.0,0.0
2024-11-08 10:56:00-05:00,5.260000228881836,5.269999980926514,5.260000228881836,5.264999866485596,1250,0.0,0.0
2024-11-08 10:59:00-05:00,5.260000228881836,5.260000228881836,5.260000228881836,5.260000228881836,109,0.0,0.0
2024-11-08 11:01:00-05:00,5.261000156402588,5.261000156402588,5.261000156402588,5.261000156402588,418,0.0,0.0
2024-11-08 11:02:00-05:00,5.260000228881836,5.269999980926514,5.260000228881836,5.269999980926514,848,0.0,0.0
2024-11-08 11:06:00-05:00,5.260000228881836,5.260000228881836,5.260000228881836,5.260000228881836,1731,0.0,0.0
2024-11-08 11:07:00-05:00,5.25,5.25,5.25,5.25,518,0.0,0.0
2024-11-08 11:09:00-05:00,5.239999771118164,5.239999771118164,5.230000019073486,5.230000019073486,594,0.0,0.0
2024-11-08 11:10:00-05:00,5.248600006103516,5.248600006103516,5.230000019073486,5.230000019073486,1200,0.0,0.0
2024-11-08 11:11:00-05:00,5.248600006103516,5.248600006103516,5.239999771118164,5.239999771118164,1310,0.0,0.0
2024-11-08 11:13:00-05:00,5.239999771118164,5.239999771118164,5.239999771118164,5.239999771118164,175,0.0,0.0
2024-11-08 11:14:00-05:00,5.230000019073486,5.230000019073486,5.230000019073486,5.230000019073486,189,0.0,0.0
2024-11-08 11:16:00-05:00,5.230000019073486,5.239999771118164,5.230000019073486,5.239999771118164,815,0.0,0.0
2024-11-08 11:18:00-05:00,5.230000019073486,5.230000019073486,5.230000019073486,5.230000019073486,761,0.0,0.0
2024-11-08 11:19:00-05:00,5.230000019073486,5.239999771118164,5.230000019073486,5.239999771118164,404,0.0,0.0
2024-11-08 11:20:00-05:00,5.230000019073486,5.239999771118164,5.230000019073486,5.239999771118164,710,0.0,0.0
2024-11-08 11:21:00-05:00,5.230000019073486,5.239999771118164,5.230000019073486,5.239999771118164,433,0.0,0.0
2024-11-08 11:23:00-05:00,5.230000019073486,5.230000019073486,5.230000019073486,5.230000019073486,352,0.0,0.0
2024-11-08 11:24:00-05:00,5.239999771118164,5.25,5.239999771118164,5.25,2507,0.0,0.0
2024-11-08 11:28:00-05:00,5.25,5.25,5.25,5.25,676,0.0,0.0
2024-11-08 11:29:00-05:00,5.239999771118164,5.239999771118164,5.239999771118164,5.239999771118164,637,0.0,0.0
2024-11-08 11:31:00-05:00,5.239999771118164,5.239999771118164,5.230000019073486,5.230000019073486,246,0.0,0.0
2024-11-08 11:36:00-05:00,5.230000019073486,5.230000019073486,5.230000019073486,5.230000019073486,151,0.0,0.0
2024-11-08 11:38:00-05:00,5.23199987411499,5.23199987411499,5.23199987411499,5.23199987411499,214,0.0,0.0
2024-11-08 11:39:00-05:00,5.230000019073486,5.25,5.230000019073486,5.244999885559082,2399,0.0,0.0
2024-11-08 11:41:00-05:00,5.244100093841553,5.244100093841553,5.244100093841553,5.244100093841553,352,0.0,0.0
2024-11-08 11:42:00-05:00,5.239999771118164,5.239999771118164,5.230000019073486,5.230000019073486,425,0.0,0.0
2024-11-08 11:43:00-05:00,5.21999979019165,5.230000019073486,5.21999979019165,5.230000019073486,3713,0.0,0.0
2024-11-08 11:46:00-05:00,5.230000019073486,5.230000019073486,5.230000019073486,5.230000019073486,120,0.0,0.0
2024-11-08 11:47:00-05:00,5.21999979019165,5.21999979019165,5.21999979019165,5.21999979019165,225,0.0,0.0
2024-11-08 11:49:00-05:00,5.21999979019165,5.21999979019165,5.21999979019165,5.21999979019165,102,0.0,0.0
2024-11-08 11:50:00-05:00,5.2220001220703125,5.2220001220703125,5.2220001220703125,5.2220001220703125,192,0.0,0.0
2024-11-08 11:51:00-05:00,5.21999979019165,5.230000019073486,5.21999979019165,5.230000019073486,1177,0.0,0.0
2024-11-08 11:52:00-05:00,5.230000019073486,5.230000019073486,5.21999979019165,5.21999979019165,223,0.0,0.0
2024-11-08 11:53:00-05:00,5.21999979019165,5.21999979019165,5.21999979019165,5.21999979019165,202,0.0,0.0
2024-11-08 11:54:00-05:00,5.2220001220703125,5.2220001220703125,5.2220001220703125,5.2220001220703125,202,0.0,0.0
2024-11-08 11:55:00-05:00,5.21999979019165,5.21999979019165,5.21999979019165,5.21999979019165,305,0.0,0.0
2024-11-08 11:56:00-05:00,5.21999979019165,5.230000019073486,5.21999979019165,5.230000019073486,211,0.0,0.0
2024-11-08 11:57:00-05:00,5.21999979019165,5.21999979019165,5.21999979019165,5.21999979019165,302,0.0,0.0
2024-11-08 11:58:00-05:00,5.21999979019165,5.21999979019165,5.21999979019165,5.21999979019165,203,0.0,0.0
2024-11-08 11:59:00-05:00,5.230000019073486,5.230000019073486,5.230000019073486,5.230000019073486,427,0.0,0.0
2024-11-08 12:00:00-05:00,5.21999979019165,5.21999979019165,5.21999979019165,5.21999979019165,232,0.0,0.0
2024-11-08 12:01:00-05:00,5.230000019073486,5.230000019073486,5.230000019073486,5.230000019073486,103,0.0,0.0
2024-11-08 12:02:00-05:00,5.230000019073486,5.230000019073486,5.230000019073486,5.230000019073486,333,0.0,0.0
2024-11-08 12:03:00-05:00,5.235000133514404,5.260000228881836,5.235000133514404,5.260000228881836,3549,0.0,0.0
2024-11-08 12:12:00-05:00,5.256499767303467,5.256499767303467,5.244999885559082,5.244999885559082,665,0.0,0.0
2024-11-08 12:15:00-05:00,5.239999771118164,5.239999771118164,5.239999771118164,5.239999771118164,318,0.0,0.0
2024-11-08 12:18:00-05:00,5.239999771118164,5.25,5.239999771118164,5.25,1571,0.0,0.0
2024-11-08 12:19:00-05:00,5.269999980926514,5.269999980926514,5.25,5.264999866485596,1043,0.0,0.0
2024-11-08 12:20:00-05:00,5.269999980926514,5.269999980926514,5.269999980926514,5.269999980926514,570,0.0,0.0
2024-11-08 12:21:00-05:00,5.28000020980835,5.28000020980835,5.28000020980835,5.28000020980835,184,0.0,0.0
2024-11-08 12:26:00-05:00,5.289999961853027,5.289999961853027,5.289999961853027,5.289999961853027,223,0.0,0.0
2024-11-08 12:30:00-05:00,5.28000020980835,5.28000020980835,5.28000020980835,5.28000020980835,286,0.0,0.0
2024-11-08 12:31:00-05:00,5.275000095367432,5.28000020980835,5.275000095367432,5.28000020980835,1245,0.0,0.0
2024-11-08 12:32:00-05:00,5.275000095367432,5.28000020980835,5.275000095367432,5.28000020980835,833,0.0,0.0
2024-11-08 12:33:00-05:00,5.287199974060059,5.289999961853027,5.287199974060059,5.289999961853027,1045,0.0,0.0
2024-11-08 12:36:00-05:00,5.28000020980835,5.28000020980835,5.28000020980835,5.28000020980835,661,0.0,0.0
2024-11-08 12:39:00-05:00,5.284999847412109,5.289999961853027,5.284999847412109,5.289999961853027,313,0.0,0.0
2024-11-08 12:40:00-05:00,5.28000020980835,5.28000020980835,5.28000020980835,5.28000020980835,231,0.0,0.0
2024-11-08 12:44:00-05:00,5.28000020980835,5.28000020980835,5.28000020980835,5.28000020980835,142,0.0,0.0
2024-11-08 12:45:00-05:00,5.28000020980835,5.28000020980835,5.28000020980835,5.28000020980835,210,0.0,0.0
2024-11-08 12:47:00-05:00,5.28000020980835,5.28000020980835,5.28000020980835,5.28000020980835,341,0.0,0.0
2024-11-08 12:52:00-05:00,5.269999980926514,5.269999980926514,5.269999980926514,5.269999980926514,132,0.0,0.0
2024-11-08 12:53:00-05:00,5.28000020980835,5.28000020980835,5.28000020980835,5.28000020980835,315,0.0,0.0
2024-11-08 12:54:00-05:00,5.28000020980835,5.28000020980835,5.28000020980835,5.28000020980835,243,0.0,0.0
2024-11-08 12:55:00-05:00,5.269999980926514,5.28000020980835,5.269999980926514,5.28000020980835,1281,0.0,0.0
2024-11-08 12:56:00-05:00,5.28000020980835,5.28000020980835,5.28000020980835,5.28000020980835,278,0.0,0.0
2024-11-08 12:58:00-05:00,5.28000020980835,5.28000020980835,5.28000020980835,5.28000020980835,321,0.0,0.0
2024-11-08 12:59:00-05:00,5.28000020980835,5.300000190734863,5.28000020980835,5.295000076293945,2869,0.0,0.0
2024-11-08 13:01:00-05:00,5.295000076293945,5.300000190734863,5.269999980926514,5.269999980926514,4628,0.0,0.0
2024-11-08 13:03:00-05:00,5.260000228881836,5.260000228881836,5.239999771118164,5.239999771118164,573,0.0,0.0
2024-11-08 13:04:00-05:00,5.25,5.260000228881836,5.25,5.260000228881836,832,0.0,0.0
2024-11-08 13:07:00-05:00,5.260000228881836,5.260000228881836,5.260000228881836,5.260000228881836,179,0.0,0.0
2024-11-08 13:13:00-05:00,5.25,5.25,5.25,5.25,310,0.0,0.0
2024-11-08 13:15:00-05:00,5.25,5.25,5.25,5.25,808,0.0,0.0
2024-11-08 13:16:00-05:00,5.244999885559082,5.25,5.244999885559082,5.25,441,0.0,0.0
2024-11-08 13:17:00-05:00,5.239999771118164,5.244999885559082,5.239999771118164,5.244999885559082,217,0.0,0.0
2024-11-08 13:18:00-05:00,5.244999885559082,5.255000114440918,5.244999885559082,5.255000114440918,2233,0.0,0.0
2024-11-08 13:19:00-05:00,5.255000114440918,5.255000114440918,5.255000114440918,5.255000114440918,210,0.0,0.0
2024-11-08 13:22:00-05:00,5.253300189971924,5.253300189971924,5.253300189971924,5.253300189971924,153,0.0,0.0
2024-11-08 13:23:00-05:00,5.25,5.25,5.25,5.25,806,0.0,0.0
2024-11-08 13:24:00-05:00,5.239999771118164,5.239999771118164,5.239999771118164,5.239999771118164,302,0.0,0.0
2024-11-08 13:25:00-05:00,5.230000019073486,5.25,5.230000019073486,5.25,773,0.0,0.0
2024-11-08 13:26:00-05:00,5.239999771118164,5.239999771118164,5.230000019073486,5.239999771118164,2301,0.0,0.0
2024-11-08 13:27:00-05:00,5.239999771118164,5.239999771118164,5.239999771118164,5.239999771118164,210,0.0,0.0
2024-11-08 13:28:00-05:00,5.25,5.25,5.25,5.25,1719,0.0,0.0
2024-11-08 13:29:00-05:00,5.257800102233887,5.257800102233887,5.257800102233887,5.257800102233887,347,0.0,0.0
2024-11-08 13:31:00-05:00,5.260000228881836,5.260000228881836,5.260000228881836,5.260000228881836,518,0.0,0.0
2024-11-08 13:40:00-05:00,5.275000095367432,5.275000095367432,5.275000095367432,5.275000095367432,114,0.0,0.0
2024-11-08 13:41:00-05:00,5.269999980926514,5.269999980926514,5.269999980926514,5.269999980926514,829,0.0,0.0
2024-11-08 13:43:00-05:00,5.260000228881836,5.260000228881836,5.260000228881836,5.260000228881836,206,0.0,0.0
2024-11-08 13:44:00-05:00,5.260000228881836,5.260000228881836,5.260000228881836,5.260000228881836,118,0.0,0.0
2024-11-08 13:45:00-05:00,5.260000228881836,5.260000228881836,5.260000228881836,5.260000228881836,206,0.0,0.0
2024-11-08 13:47:00-05:00,5.263199806213379,5.269999980926514,5.260000228881836,5.260000228881836,844,0.0,0.0
2024-11-08 13:48:00-05:00,5.264999866485596,5.264999866485596,5.264999866485596,5.264999866485596,153,0.0,0.0
2024-11-08 13:49:00-05:00,5.260000228881836,5.260000228881836,5.260000228881836,5.260000228881836,111,0.0,0.0
2024-11-08 13:51:00-05:00,5.269999980926514,5.269999980926514,5.260000228881836,5.260000228881836,2937,0.0,0.0
2024-11-08 13:52:00-05:00,5.260000228881836,5.260000228881836,5.260000228881836,5.260000228881836,496,0.0,0.0
2024-11-08 13:54:00-05:00,5.2683000564575195,5.2683000564575195,5.260000228881836,5.260000228881836,712,0.0,0.0
2024-11-08 13:58:00-05:00,5.25,5.25,5.25,5.25,201,0.0,0.0
2024-11-08 13:59:00-05:00,5.255000114440918,5.260000228881836,5.255000114440918,5.260000228881836,1138,0.0,0.0
2024-11-08 14:00:00-05:00,5.260000228881836,5.260000228881836,5.260000228881836,5.260000228881836,100,0.0,0.0
2024-11-08 14:01:00-05:00,5.264999866485596,5.264999866485596,5.264999866485596,5.264999866485596,243,0.0,0.0
2024-11-08 14:03:00-05:00,5.260000228881836,5.260000228881836,5.260000228881836,5.260000228881836,624,0.0,0.0
2024-11-08 14:04:00-05:00,5.269999980926514,5.269999980926514,5.264999866485596,5.264999866485596,800,0.0,0.0
2024-11-08 14:07:00-05:00,5.260000228881836,5.260000228881836,5.260000228881836,5.260000228881836,431,0.0,0.0
2024-11-08 14:10:00-05:00,5.260000228881836,5.260000228881836,5.260000228881836,5.260000228881836,206,0.0,0.0
2024-11-08 14:11:00-05:00,5.269999980926514,5.269999980926514,5.269999980926514,5.269999980926514,302,0.0,0.0
2024-11-08 14:12:00-05:00,5.269999980926514,5.269999980926514,5.269999980926514,5.269999980926514,1990,0.0,0.0
2024-11-08 14:13:00-05:00,5.275000095367432,5.275000095367432,5.269999980926514,5.269999980926514,1136,0.0,0.0
2024-11-08 14:21:00-05:00,5.250899791717529,5.250899791717529,5.250899791717529,5.250899791717529,667,0.0,0.0
2024-11-08 14:22:00-05:00,5.25,5.25,5.25,5.25,104,0.0,0.0
2024-11-08 14:23:00-05:00,5.25,5.25,5.25,5.25,105,0.0,0.0
2024-11-08 14:24:00-05:00,5.251800060272217,5.260000228881836,5.251800060272217,5.260000228881836,540,0.0,0.0
2024-11-08 14:25:00-05:00,5.25,5.260000228881836,5.25,5.255000114440918,661,0.0,0.0
2024-11-08 14:26:00-05:00,5.255000114440918,5.255000114440918,5.255000114440918,5.255000114440918,384,0.0,0.0
2024-11-08 14:27:00-05:00,5.25,5.25,5.25,5.25,221,0.0,0.0
2024-11-08 14:29:00-05:00,5.25,5.255000114440918,5.25,5.25,320,0.0,0.0
2024-11-08 14:30:00-05:00,5.25,5.264999866485596,5.25,5.264999866485596,4220,0.0,0.0
2024-11-08 14:31:00-05:00,5.264999866485596,5.264999866485596,5.264999866485596,5.264999866485596,304,0.0,0.0
2024-11-08 14:35:00-05:00,5.269999980926514,5.28000020980835,5.269999980926514,5.28000020980835,1369,0.0,0.0
2024-11-08 14:38:00-05:00,5.28000020980835,5.28000020980835,5.28000020980835,5.28000020980835,461,0.0,0.0
2024-11-08 14:46:00-05:00,5.28000020980835,5.28000020980835,5.28000020980835,5.28000020980835,246,0.0,0.0
2024-11-08 14:47:00-05:00,5.284999847412109,5.284999847412109,5.284999847412109,5.284999847412109,134,0.0,0.0
2024-11-08 14:48:00-05:00,5.28000020980835,5.280099868774414,5.28000020980835,5.280099868774414,2691,0.0,0.0
2024-11-08 14:49:00-05:00,5.269999980926514,5.269999980926514,5.269999980926514,5.269999980926514,104,0.0,0.0
2024-11-08 14:51:00-05:00,5.275000095367432,5.275000095367432,5.269999980926514,5.269999980926514,206,0.0,0.0
2024-11-08 14:52:00-05:00,5.269999980926514,5.269999980926514,5.264999866485596,5.264999866485596,1907,0.0,0.0
2024-11-08 14:53:00-05:00,5.264999866485596,5.269999980926514,5.264999866485596,5.269999980926514,2882,0.0,0.0
2024-11-08 14:54:00-05:00,5.269999980926514,5.269999980926514,5.269999980926514,5.269999980926514,205,0.0,0.0
2024-11-08 14:55:00-05:00,5.269999980926514,5.269999980926514,5.269999980926514,5.269999980926514,334,0.0,0.0
2024-11-08 14:59:00-05:00,5.269999980926514,5.284999847412109,5.269999980926514,5.284999847412109,2018,0.0,0.0
2024-11-08 15:00:00-05:00,5.284999847412109,5.289999961853027,5.284999847412109,5.289299964904785,790,0.0,0.0
2024-11-08 15:01:00-05:00,5.289999961853027,5.289999961853027,5.289999961853027,5.289999961853027,108,0.0,0.0
2024-11-08 15:03:00-05:00,5.28000020980835,5.28000020980835,5.28000020980835,5.28000020980835,209,0.0,0.0
2024-11-08 15:04:00-05:00,5.289999961853027,5.289999961853027,5.289999961853027,5.289999961853027,771,0.0,0.0
2024-11-08 15:06:00-05:00,5.300000190734863,5.300000190734863,5.300000190734863,5.300000190734863,1092,0.0,0.0
2024-11-08 15:08:00-05:00,5.300000190734863,5.300000190734863,5.300000190734863,5.300000190734863,248,0.0,0.0
2024-11-08 15:09:00-05:00,5.309999942779541,5.309999942779541,5.309999942779541,5.309999942779541,110,0.0,0.0
2024-11-08 15:10:00-05:00,5.300000190734863,5.300000190734863,5.300000190734863,5.300000190734863,179,0.0,0.0
2024-11-08 15:11:00-05:00,5.289999961853027,5.299200057983398,5.289999961853027,5.295000076293945,2431,0.0,0.0
2024-11-08 15:13:00-05:00,5.289999961853027,5.289999961853027,5.289999961853027,5.289999961853027,127,0.0,0.0
2024-11-08 15:14:00-05:00,5.289999961853027,5.289999961853027,5.289999961853027,5.289999961853027,245,0.0,0.0
2024-11-08 15:16:00-05:00,5.295000076293945,5.295000076293945,5.295000076293945,5.295000076293945,233,0.0,0.0
2024-11-08 15:17:00-05:00,5.295000076293945,5.295000076293945,5.295000076293945,5.295000076293945,100,0.0,0.0
2024-11-08 15:18:00-05:00,5.289999961853027,5.289999961853027,5.289999961853027,5.289999961853027,310,0.0,0.0
2024-11-08 15:19:00-05:00,5.289999961853027,5.289999961853027,5.289999961853027,5.289999961853027,101,0.0,0.0
2024-11-08 15:20:00-05:00,5.289999961853027,5.289999961853027,5.289999961853027,5.289999961853027,221,0.0,0.0
2024-11-08 15:21:00-05:00,5.289999961853027,5.289999961853027,5.289999961853027,5.289999961853027,112,0.0,0.0
2024-11-08 15:22:00-05:00,5.295000076293945,5.295000076293945,5.289999961853027,5.289999961853027,356,0.0,0.0
2024-11-08 15:23:00-05:00,5.289999961853027,5.300000190734863,5.289999961853027,5.300000190734863,215,0.0,0.0
2024-11-08 15:24:00-05:00,5.289999961853027,5.289999961853027,5.289999961853027,5.289999961853027,327,0.0,0.0
2024-11-08 15:25:00-05:00,5.289999961853027,5.289999961853027,5.289999961853027,5.289999961853027,110,0.0,0.0
2024-11-08 15:26:00-05:00,5.289999961853027,5.295000076293945,5.289999961853027,5.295000076293945,546,0.0,0.0
2024-11-08 15:27:00-05:00,5.289999961853027,5.289999961853027,5.289999961853027,5.289999961853027,206,0.0,0.0
2024-11-08 15:29:00-05:00,5.295000076293945,5.295000076293945,5.289999961853027,5.295000076293945,950,0.0,0.0
2024-11-08 15:30:00-05:00,5.289999961853027,5.295000076293945,5.289999961853027,5.289999961853027,799,0.0,0.0
2024-11-08 15:32:00-05:00,5.289999961853027,5.289999961853027,5.289999961853027,5.289999961853027,579,0.0,0.0
2024-11-08 15:34:00-05:00,5.289999961853027,5.289999961853027,5.289999961853027,5.289999961853027,323,0.0,0.0
2024-11-08 15:35:00-05:00,5.300000190734863,5.300000190734863,5.289999961853027,5.300000190734863,608,0.0,0.0
2024-11-08 15:36:00-05:00,5.289999961853027,5.289999961853027,5.284999847412109,5.284999847412109,730,0.0,0.0
2024-11-08 15:37:00-05:00,5.284999847412109,5.289999961853027,5.284999847412109,5.289999961853027,2261,0.0,0.0
2024-11-08 15:38:00-05:00,5.289999961853027,5.289999961853027,5.289999961853027,5.289999961853027,200,0.0,0.0
2024-11-08 15:39:00-05:00,5.295000076293945,5.295000076293945,5.295000076293945,5.295000076293945,201,0.0,0.0
2024-11-08 15:41:00-05:00,5.289999961853027,5.289999961853027,5.289999961853027,5.289999961853027,237,0.0,0.0
2024-11-08 15:42:00-05:00,5.289999961853027,5.289999961853027,5.284999847412109,5.284999847412109,1249,0.0,0.0
2024-11-08 15:45:00-05:00,5.28000020980835,5.309999942779541,5.28000020980835,5.309999942779541,7877,0.0,0.0
2024-11-08 15:46:00-05:00,5.30620002746582,5.30620002746582,5.304999828338623,5.304999828338623,390,0.0,0.0
2024-11-08 15:47:00-05:00,5.300000190734863,5.309999942779541,5.300000190734863,5.309999942779541,2270,0.0,0.0
2024-11-08 15:48:00-05:00,5.320000171661377,5.320000171661377,5.3190999031066895,5.3190999031066895,860,0.0,0.0
2024-11-08 15:49:00-05:00,5.315000057220459,5.315000057220459,5.315000057220459,5.315000057220459,129,0.0,0.0
2024-11-08 15:50:00-05:00,5.320000171661377,5.320000171661377,5.315000057220459,5.315000057220459,425,0.0,0.0
2024-11-08 15:51:00-05:00,5.320000171661377,5.320000171661377,5.320000171661377,5.320000171661377,213,0.0,0.0
2024-11-08 15:52:00-05:00,5.320000171661377,5.320000171661377,5.319900035858154,5.319900035858154,1160,0.0,0.0
2024-11-08 15:53:00-05:00,5.309999942779541,5.309999942779541,5.309999942779541,5.309999942779541,699,0.0,0.0
2024-11-08 15:54:00-05:00,5.320000171661377,5.320000171661377,5.31879997253418,5.31879997253418,557,0.0,0.0
2024-11-08 15:55:00-05:00,5.309999942779541,5.315000057220459,5.309999942779541,5.315000057220459,1140,0.0,0.0
2024-11-08 15:56:00-05:00,5.309999942779541,5.320000171661377,5.309999942779541,5.315000057220459,3781,0.0,0.0
2024-11-08 15:57:00-05:00,5.320000171661377,5.340000152587891,5.320000171661377,5.335000038146973,6881,0.0,0.0
2024-11-08 15:58:00-05:00,5.335000038146973,5.340000152587891,5.320000171661377,5.329999923706055,5789,0.0,0.0
2024-11-08 15:59:00-05:00,5.329999923706055,5.340000152587891,5.324999809265137,5.340000152587891,6701,0.0,0.0
