Datetime,Open,High,Low,Close,Volume,Dividends,Stock Splits,Capital Gains
2024-11-04 09:30:00-05:00,11.300000190734863,11.430000305175781,11.300000190734863,11.354999542236328,80781,0.0,0.0,0.0
2024-11-04 09:31:00-05:00,11.451600074768066,11.5,11.451600074768066,11.5,834,0.0,0.0,0.0
2024-11-04 09:32:00-05:00,11.500399589538574,11.500399589538574,11.5,11.5,510,0.0,0.0,0.0
2024-11-04 09:33:00-05:00,11.520000457763672,11.573200225830078,11.520000457763672,11.573200225830078,2353,0.0,0.0,0.0
2024-11-04 09:34:00-05:00,11.520000457763672,11.559399604797363,11.479999542236328,11.559399604797363,5474,0.0,0.0,0.0
2024-11-04 09:35:00-05:00,11.539999961853027,11.579899787902832,11.539999961853027,11.579899787902832,1273,0.0,0.0,0.0
2024-11-04 09:36:00-05:00,11.588700294494629,11.588700294494629,11.588700294494629,11.588700294494629,362,0.0,0.0,0.0
2024-11-04 09:37:00-05:00,11.589900016784668,11.599100112915039,11.589900016784668,11.599100112915039,1313,0.0,0.0,0.0
2024-11-04 09:38:00-05:00,11.595000267028809,11.600000381469727,11.59000015258789,11.590100288391113,3095,0.0,0.0,0.0
2024-11-04 09:39:00-05:00,11.555000305175781,11.591099739074707,11.555000305175781,11.590100288391113,1485,0.0,0.0,0.0
2024-11-04 09:40:00-05:00,11.600000381469727,11.607500076293945,11.600000381469727,11.607500076293945,3510,0.0,0.0,0.0
2024-11-04 09:41:00-05:00,11.595100402832031,11.595100402832031,11.579999923706055,11.579999923706055,663,0.0,0.0,0.0
2024-11-04 09:43:00-05:00,11.569999694824219,11.569999694824219,11.569999694824219,11.569999694824219,2021,0.0,0.0,0.0
2024-11-04 09:44:00-05:00,11.578100204467773,11.578100204467773,11.539999961853027,11.54010009765625,3571,0.0,0.0,0.0
2024-11-04 09:45:00-05:00,11.539999961853027,11.5600004196167,11.538800239562988,11.538800239562988,3927,0.0,0.0,0.0
2024-11-04 09:46:00-05:00,11.539999961853027,11.569999694824219,11.539999961853027,11.569999694824219,462,0.0,0.0,0.0
2024-11-04 09:47:00-05:00,11.539999961853027,11.539999961853027,11.539999961853027,11.539999961853027,202,0.0,0.0,0.0
2024-11-04 09:48:00-05:00,11.54990005493164,11.54990005493164,11.54990005493164,11.54990005493164,105,0.0,0.0,0.0
2024-11-04 09:49:00-05:00,11.520000457763672,11.529999732971191,11.520000457763672,11.529999732971191,1990,0.0,0.0,0.0
2024-11-04 09:51:00-05:00,11.520000457763672,11.520099639892578,11.510000228881836,11.510000228881836,10549,0.0,0.0,0.0
2024-11-04 09:52:00-05:00,11.5,11.5,11.5,11.5,500,0.0,0.0,0.0
2024-11-04 09:53:00-05:00,11.5,11.5,11.5,11.5,102,0.0,0.0,0.0
2024-11-04 09:54:00-05:00,11.489999771118164,11.489999771118164,11.489999771118164,11.489999771118164,315,0.0,0.0,0.0
2024-11-04 09:57:00-05:00,11.5,11.5,11.5,11.5,411,0.0,0.0,0.0
2024-11-04 09:59:00-05:00,11.470000267028809,11.470000267028809,11.470000267028809,11.470000267028809,108,0.0,0.0,0.0
2024-11-04 10:00:00-05:00,11.479999542236328,11.479999542236328,11.470000267028809,11.479999542236328,6781,0.0,0.0,0.0
2024-11-04 10:01:00-05:00,11.479900360107422,11.479900360107422,11.479900360107422,11.479900360107422,100,0.0,0.0,0.0
2024-11-04 10:02:00-05:00,11.46090030670166,11.479999542236328,11.46090030670166,11.470399856567383,9988,0.0,0.0,0.0
2024-11-04 10:03:00-05:00,11.479999542236328,11.499899864196777,11.470000267028809,11.499899864196777,4622,0.0,0.0,0.0
2024-11-04 10:04:00-05:00,11.489999771118164,11.5,11.479999542236328,11.490099906921387,10678,0.0,0.0,0.0
2024-11-04 10:05:00-05:00,11.489999771118164,11.510000228881836,11.489999771118164,11.510000228881836,34845,0.0,0.0,0.0
2024-11-04 10:06:00-05:00,11.520000457763672,11.520000457763672,11.5,11.5,712,0.0,0.0,0.0
2024-11-04 10:07:00-05:00,11.489999771118164,11.489999771118164,11.489999771118164,11.489999771118164,203,0.0,0.0,0.0
2024-11-04 10:08:00-05:00,11.484999656677246,11.484999656677246,11.484999656677246,11.484999656677246,246,0.0,0.0,0.0
2024-11-04 10:10:00-05:00,11.479999542236328,11.479999542236328,11.479999542236328,11.479999542236328,107,0.0,0.0,0.0
2024-11-04 10:11:00-05:00,11.489999771118164,11.489999771118164,11.479999542236328,11.479999542236328,1664,0.0,0.0,0.0
2024-11-04 10:13:00-05:00,11.489999771118164,11.5,11.489999771118164,11.5,1139,0.0,0.0,0.0
2024-11-04 10:14:00-05:00,11.5,11.5,11.5,11.5,383,0.0,0.0,0.0
2024-11-04 10:19:00-05:00,11.4399995803833,11.449999809265137,11.4399995803833,11.449999809265137,2975,0.0,0.0,0.0
2024-11-04 10:20:00-05:00,11.4399995803833,11.4399995803833,11.430000305175781,11.430000305175781,1008,0.0,0.0,0.0
2024-11-04 10:21:00-05:00,11.479999542236328,11.479999542236328,11.479999542236328,11.479999542236328,193,0.0,0.0,0.0
2024-11-04 10:24:00-05:00,11.420000076293945,11.420000076293945,11.40999984741211,11.40999984741211,644,0.0,0.0,0.0
2024-11-04 10:25:00-05:00,11.425000190734863,11.425000190734863,11.425000190734863,11.425000190734863,1007,0.0,0.0,0.0
2024-11-04 10:26:00-05:00,11.40999984741211,11.40999984741211,11.399999618530273,11.399999618530273,781,0.0,0.0,0.0
2024-11-04 10:28:00-05:00,11.420000076293945,11.420000076293945,11.40999984741211,11.40999984741211,322,0.0,0.0,0.0
2024-11-04 10:29:00-05:00,11.45989990234375,11.45989990234375,11.45989990234375,11.45989990234375,1750,0.0,0.0,0.0
2024-11-04 10:30:00-05:00,11.444999694824219,11.444999694824219,11.40999984741211,11.410099983215332,573,0.0,0.0,0.0
2024-11-04 10:32:00-05:00,11.411299705505371,11.411299705505371,11.411299705505371,11.411299705505371,215,0.0,0.0,0.0
2024-11-04 10:33:00-05:00,11.460000038146973,11.470000267028809,11.460000038146973,11.469900131225586,3079,0.0,0.0,0.0
2024-11-04 10:39:00-05:00,11.420000076293945,11.420000076293945,11.420000076293945,11.420000076293945,256,0.0,0.0,0.0
2024-11-04 10:40:00-05:00,11.399999618530273,11.40999984741211,11.399999618530273,11.40999984741211,1076,0.0,0.0,0.0
2024-11-04 10:42:00-05:00,11.420000076293945,11.420000076293945,11.41819953918457,11.41819953918457,3167,0.0,0.0,0.0
2024-11-04 10:47:00-05:00,11.391500473022461,11.391500473022461,11.391500473022461,11.391500473022461,426,0.0,0.0,0.0
2024-11-04 10:49:00-05:00,11.390299797058105,11.390299797058105,11.39009952545166,11.39009952545166,512,0.0,0.0,0.0
2024-11-04 10:50:00-05:00,11.390000343322754,11.390000343322754,11.390000343322754,11.390000343322754,145,0.0,0.0,0.0
2024-11-04 10:51:00-05:00,11.382499694824219,11.382499694824219,11.382499694824219,11.382499694824219,4506,0.0,0.0,0.0
2024-11-04 10:52:00-05:00,11.380000114440918,11.380000114440918,11.380000114440918,11.380000114440918,204,0.0,0.0,0.0
2024-11-04 10:56:00-05:00,11.369999885559082,11.369999885559082,11.369999885559082,11.369999885559082,640,0.0,0.0,0.0
2024-11-04 11:00:00-05:00,11.360699653625488,11.360699653625488,11.360699653625488,11.360699653625488,200,0.0,0.0,0.0
2024-11-04 11:01:00-05:00,11.359999656677246,11.375,11.359999656677246,11.375,948,0.0,0.0,0.0
2024-11-04 11:15:00-05:00,11.359999656677246,11.359999656677246,11.350000381469727,11.350000381469727,1101,0.0,0.0,0.0
2024-11-04 11:17:00-05:00,11.390000343322754,11.390000343322754,11.359999656677246,11.359999656677246,1201,0.0,0.0,0.0
2024-11-04 11:18:00-05:00,11.382100105285645,11.382100105285645,11.382100105285645,11.382100105285645,271,0.0,0.0,0.0
2024-11-04 11:21:00-05:00,11.390000343322754,11.390000343322754,11.390000343322754,11.390000343322754,226,0.0,0.0,0.0
2024-11-04 11:23:00-05:00,11.380000114440918,11.39799976348877,11.380000114440918,11.39799976348877,1040,0.0,0.0,0.0
2024-11-04 11:24:00-05:00,11.399999618530273,11.40999984741211,11.399999618530273,11.40999984741211,1064,0.0,0.0,0.0
2024-11-04 11:28:00-05:00,11.40999984741211,11.40999984741211,11.40999984741211,11.40999984741211,300,0.0,0.0,0.0
2024-11-04 11:29:00-05:00,11.430000305175781,11.430000305175781,11.430000305175781,11.430000305175781,301,0.0,0.0,0.0
2024-11-04 11:31:00-05:00,11.420000076293945,11.420000076293945,11.420000076293945,11.420000076293945,1071,0.0,0.0,0.0
2024-11-04 11:34:00-05:00,11.420999526977539,11.434200286865234,11.420999526977539,11.434200286865234,6095,0.0,0.0,0.0
2024-11-04 11:36:00-05:00,11.469900131225586,11.5,11.449999809265137,11.449999809265137,32681,0.0,0.0,0.0
2024-11-04 11:37:00-05:00,11.483482360839844,11.5,11.473299980163574,11.475000381469727,10800,0.0,0.0,0.0
2024-11-04 11:38:00-05:00,11.475000381469727,11.5,11.472900390625,11.472900390625,8850,0.0,0.0,0.0
2024-11-04 11:39:00-05:00,11.475000381469727,11.475000381469727,11.475000381469727,11.475000381469727,214,0.0,0.0,0.0
2024-11-04 11:40:00-05:00,11.479999542236328,11.49899959564209,11.479999542236328,11.49899959564209,1008,0.0,0.0,0.0
2024-11-04 11:42:00-05:00,11.465499877929688,11.465499877929688,11.465499877929688,11.465499877929688,232,0.0,0.0,0.0
2024-11-04 11:43:00-05:00,11.475099563598633,11.475099563598633,11.475099563598633,11.475099563598633,101,0.0,0.0,0.0
2024-11-04 11:44:00-05:00,11.479999542236328,11.479999542236328,11.479999542236328,11.479999542236328,100,0.0,0.0,0.0
2024-11-04 11:45:00-05:00,11.470000267028809,11.475099563598633,11.470000267028809,11.475099563598633,1100,0.0,0.0,0.0
2024-11-04 11:46:00-05:00,11.5,11.5,11.5,11.5,213,0.0,0.0,0.0
2024-11-04 11:47:00-05:00,11.479999542236328,11.479999542236328,11.479999542236328,11.479999542236328,110,0.0,0.0,0.0
2024-11-04 11:48:00-05:00,11.46500015258789,11.46500015258789,11.46500015258789,11.46500015258789,100,0.0,0.0,0.0
2024-11-04 11:49:00-05:00,11.476499557495117,11.479999542236328,11.476499557495117,11.479999542236328,632,0.0,0.0,0.0
2024-11-04 11:50:00-05:00,11.46030044555664,11.46030044555664,11.46030044555664,11.46030044555664,406,0.0,0.0,0.0
2024-11-04 12:00:00-05:00,11.460000038146973,11.460000038146973,11.460000038146973,11.460000038146973,181,0.0,0.0,0.0
2024-11-04 12:05:00-05:00,11.460000038146973,11.460000038146973,11.460000038146973,11.460000038146973,152,0.0,0.0,0.0
2024-11-04 12:08:00-05:00,11.470000267028809,11.470000267028809,11.470000267028809,11.470000267028809,754,0.0,0.0,0.0
2024-11-04 12:09:00-05:00,11.470000267028809,11.479999542236328,11.470000267028809,11.479999542236328,2814,0.0,0.0,0.0
2024-11-04 12:23:00-05:00,11.479999542236328,11.479999542236328,11.472299575805664,11.4734468460083,579,0.0,0.0,0.0
2024-11-04 12:24:00-05:00,11.472999572753906,11.472999572753906,11.452899932861328,11.452899932861328,606,0.0,0.0,0.0
2024-11-04 12:59:00-05:00,11.475000381469727,11.475000381469727,11.475000381469727,11.475000381469727,185,0.0,0.0,0.0
2024-11-04 13:00:00-05:00,11.449999809265137,11.449999809265137,11.449999809265137,11.449999809265137,109,0.0,0.0,0.0
2024-11-04 13:05:00-05:00,11.449999809265137,11.460000038146973,11.449999809265137,11.45199966430664,5484,0.0,0.0,0.0
2024-11-04 13:08:00-05:00,11.479399681091309,11.479399681091309,11.479399681091309,11.479399681091309,200,0.0,0.0,0.0
2024-11-04 13:09:00-05:00,11.460000038146973,11.460000038146973,11.460000038146973,11.460000038146973,311,0.0,0.0,0.0
2024-11-04 13:16:00-05:00,11.460000038146973,11.460100173950195,11.460000038146973,11.460100173950195,314,0.0,0.0,0.0
2024-11-04 13:17:00-05:00,11.449999809265137,11.45009994506836,11.449999809265137,11.45009994506836,300,0.0,0.0,0.0
2024-11-04 13:18:00-05:00,11.451499938964844,11.451499938964844,11.451499938964844,11.451499938964844,298,0.0,0.0,0.0
2024-11-04 13:19:00-05:00,11.46500015258789,11.46500015258789,11.46500015258789,11.46500015258789,111,0.0,0.0,0.0
2024-11-04 13:20:00-05:00,11.479900360107422,11.479900360107422,11.451399803161621,11.451399803161621,555,0.0,0.0,0.0
2024-11-04 13:23:00-05:00,11.469599723815918,11.469599723815918,11.469599723815918,11.469599723815918,100,0.0,0.0,0.0
2024-11-04 13:25:00-05:00,11.460000038146973,11.460000038146973,11.449999809265137,11.45009994506836,2001,0.0,0.0,0.0
2024-11-04 13:29:00-05:00,11.449999809265137,11.449999809265137,11.4399995803833,11.449999809265137,1135,0.0,0.0,0.0
2024-11-04 13:30:00-05:00,11.449999809265137,11.449999809265137,11.449999809265137,11.449999809265137,198,0.0,0.0,0.0
2024-11-04 13:35:00-05:00,11.460000038146973,11.460000038146973,11.460000038146973,11.460000038146973,373,0.0,0.0,0.0
2024-11-04 13:39:00-05:00,11.4399995803833,11.4399995803833,11.4399995803833,11.4399995803833,249,0.0,0.0,0.0
2024-11-04 13:40:00-05:00,11.449999809265137,11.449999809265137,11.449999809265137,11.449999809265137,454,0.0,0.0,0.0
2024-11-04 13:47:00-05:00,11.479900360107422,11.479900360107422,11.479900360107422,11.479900360107422,149,0.0,0.0,0.0
2024-11-04 13:55:00-05:00,11.478699684143066,11.478699684143066,11.478699684143066,11.478699684143066,130,0.0,0.0,0.0
2024-11-04 14:02:00-05:00,11.460800170898438,11.460800170898438,11.460800170898438,11.460800170898438,909,0.0,0.0,0.0
2024-11-04 14:06:00-05:00,11.479999542236328,11.479999542236328,11.479999542236328,11.479999542236328,309,0.0,0.0,0.0
2024-11-04 14:11:00-05:00,11.470000267028809,11.470000267028809,11.470000267028809,11.470000267028809,300,0.0,0.0,0.0
2024-11-04 14:12:00-05:00,11.470000267028809,11.470000267028809,11.470000267028809,11.470000267028809,500,0.0,0.0,0.0
2024-11-04 14:13:00-05:00,11.475000381469727,11.475000381469727,11.475000381469727,11.475000381469727,188,0.0,0.0,0.0
2024-11-04 14:18:00-05:00,11.460000038146973,11.460100173950195,11.460000038146973,11.460100173950195,600,0.0,0.0,0.0
2024-11-04 14:22:00-05:00,11.478899955749512,11.478899955749512,11.478899955749512,11.478899955749512,279,0.0,0.0,0.0
2024-11-04 14:26:00-05:00,11.460000038146973,11.460000038146973,11.460000038146973,11.460000038146973,444,0.0,0.0,0.0
2024-11-04 14:29:00-05:00,11.499899864196777,11.499899864196777,11.479999542236328,11.48009967803955,1974,0.0,0.0,0.0
2024-11-04 14:30:00-05:00,11.489999771118164,11.5,11.489999771118164,11.5,458,0.0,0.0,0.0
2024-11-04 14:36:00-05:00,11.496000289916992,11.496000289916992,11.496000289916992,11.496000289916992,392,0.0,0.0,0.0
2024-11-04 14:54:00-05:00,11.5,11.5,11.5,11.5,314,0.0,0.0,0.0
2024-11-04 15:08:00-05:00,11.499899864196777,11.499899864196777,11.499899864196777,11.499899864196777,100,0.0,0.0,0.0
2024-11-04 15:11:00-05:00,11.5,11.5,11.5,11.5,140,0.0,0.0,0.0
2024-11-04 15:12:00-05:00,11.5,11.5,11.5,11.5,2871,0.0,0.0,0.0
2024-11-04 15:13:00-05:00,11.510000228881836,11.510000228881836,11.510000228881836,11.510000228881836,401,0.0,0.0,0.0
2024-11-04 15:14:00-05:00,11.519100189208984,11.519100189208984,11.519100189208984,11.519100189208984,814,0.0,0.0,0.0
2024-11-04 15:17:00-05:00,11.503399848937988,11.503399848937988,11.503399848937988,11.503399848937988,224,0.0,0.0,0.0
2024-11-04 15:22:00-05:00,11.518699645996094,11.518699645996094,11.518699645996094,11.518699645996094,498,0.0,0.0,0.0
2024-11-04 15:31:00-05:00,11.510000228881836,11.510000228881836,11.510000228881836,11.510000228881836,638,0.0,0.0,0.0
2024-11-04 15:39:00-05:00,11.520000457763672,11.520099639892578,11.520000457763672,11.520099639892578,1818,0.0,0.0,0.0
2024-11-04 15:44:00-05:00,11.511099815368652,11.511099815368652,11.510000228881836,11.510000228881836,299,0.0,0.0,0.0
2024-11-04 15:46:00-05:00,11.520000457763672,11.520000457763672,11.520000457763672,11.520000457763672,883,0.0,0.0,0.0
2024-11-04 15:48:00-05:00,11.510000228881836,11.510000228881836,11.510000228881836,11.510000228881836,113,0.0,0.0,0.0
2024-11-04 15:49:00-05:00,11.520000457763672,11.520000457763672,11.520000457763672,11.520000457763672,253,0.0,0.0,0.0
2024-11-04 15:53:00-05:00,11.510000228881836,11.510000228881836,11.510000228881836,11.510000228881836,617,0.0,0.0,0.0
2024-11-04 15:55:00-05:00,11.510000228881836,11.510000228881836,11.510000228881836,11.510000228881836,2110,0.0,0.0,0.0
2024-11-04 15:56:00-05:00,11.510000228881836,11.510000228881836,11.510000228881836,11.510000228881836,100,0.0,0.0,0.0
2024-11-04 15:57:00-05:00,11.515000343322754,11.515000343322754,11.515000343322754,11.515000343322754,100,0.0,0.0,0.0
2024-11-04 15:59:00-05:00,11.520000457763672,11.520000457763672,11.5,11.520000457763672,420,0.0,0.0,0.0
2024-11-05 09:30:00-05:00,11.289999961853027,11.390000343322754,11.260000228881836,11.3100004196167,5569,0.0,0.0,0.0
2024-11-05 09:31:00-05:00,11.399999618530273,11.399999618530273,11.399999618530273,11.399999618530273,665,0.0,0.0,0.0
2024-11-05 09:32:00-05:00,11.367600440979004,11.367600440979004,11.367600440979004,11.367600440979004,202,0.0,0.0,0.0
2024-11-05 09:34:00-05:00,11.350000381469727,11.350000381469727,11.300000190734863,11.300000190734863,317,0.0,0.0,0.0
2024-11-05 09:38:00-05:00,11.220000267028809,11.220000267028809,11.220000267028809,11.220000267028809,1179,0.0,0.0,0.0
2024-11-05 09:39:00-05:00,11.199999809265137,11.220000267028809,11.199999809265137,11.220000267028809,1762,0.0,0.0,0.0
2024-11-05 09:40:00-05:00,11.220000267028809,11.220000267028809,11.220000267028809,11.220000267028809,100,0.0,0.0,0.0
2024-11-05 09:41:00-05:00,11.220000267028809,11.220000267028809,11.220000267028809,11.220000267028809,3812,0.0,0.0,0.0
2024-11-05 09:42:00-05:00,11.1899995803833,11.1899995803833,11.1899995803833,11.1899995803833,177,0.0,0.0,0.0
2024-11-05 09:43:00-05:00,11.180000305175781,11.180000305175781,11.180000305175781,11.180000305175781,235,0.0,0.0,0.0
2024-11-05 09:44:00-05:00,11.216300010681152,11.216300010681152,11.216300010681152,11.216300010681152,351,0.0,0.0,0.0
2024-11-05 09:50:00-05:00,11.154999732971191,11.154999732971191,11.154999732971191,11.154999732971191,345,0.0,0.0,0.0
2024-11-05 09:52:00-05:00,11.1899995803833,11.1899995803833,11.1899995803833,11.1899995803833,900,0.0,0.0,0.0
2024-11-05 09:53:00-05:00,11.199999809265137,11.199999809265137,11.199999809265137,11.199999809265137,1576,0.0,0.0,0.0
2024-11-05 09:55:00-05:00,11.199999809265137,11.199999809265137,11.199999809265137,11.199999809265137,308,0.0,0.0,0.0
2024-11-05 09:56:00-05:00,11.210000038146973,11.210000038146973,11.210000038146973,11.210000038146973,104,0.0,0.0,0.0
2024-11-05 09:58:00-05:00,11.220000267028809,11.220000267028809,11.220000267028809,11.220000267028809,676,0.0,0.0,0.0
2024-11-05 10:06:00-05:00,11.213000297546387,11.213000297546387,11.213000297546387,11.213000297546387,132,0.0,0.0,0.0
2024-11-05 10:09:00-05:00,11.199999809265137,11.199999809265137,11.199999809265137,11.199999809265137,313,0.0,0.0,0.0
2024-11-05 10:13:00-05:00,11.199999809265137,11.199999809265137,11.199999809265137,11.199999809265137,133,0.0,0.0,0.0
2024-11-05 10:17:00-05:00,11.199999809265137,11.199999809265137,11.180399894714355,11.199999809265137,2287,0.0,0.0,0.0
2024-11-05 10:28:00-05:00,11.271300315856934,11.271300315856934,11.271300315856934,11.271300315856934,147,0.0,0.0,0.0
2024-11-05 10:30:00-05:00,11.248499870300293,11.254899978637695,11.248499870300293,11.254899978637695,1059,0.0,0.0,0.0
2024-11-05 10:32:00-05:00,11.239999771118164,11.239999771118164,11.234999656677246,11.239999771118164,2373,0.0,0.0,0.0
2024-11-05 10:38:00-05:00,11.24940013885498,11.24940013885498,11.24940013885498,11.24940013885498,198,0.0,0.0,0.0
2024-11-05 10:44:00-05:00,11.1899995803833,11.1899995803833,11.1899995803833,11.1899995803833,296,0.0,0.0,0.0
2024-11-05 10:45:00-05:00,11.222999572753906,11.222999572753906,11.222999572753906,11.222999572753906,434,0.0,0.0,0.0
2024-11-05 10:50:00-05:00,11.239899635314941,11.239899635314941,11.239899635314941,11.239899635314941,2073,0.0,0.0,0.0
2024-11-05 10:56:00-05:00,11.239999771118164,11.260000228881836,11.239999771118164,11.260000228881836,1128,0.0,0.0,0.0
2024-11-05 11:12:00-05:00,11.25,11.25,11.25,11.25,219,0.0,0.0,0.0
2024-11-05 11:24:00-05:00,11.199999809265137,11.199999809265137,11.199999809265137,11.199999809265137,500,0.0,0.0,0.0
2024-11-05 11:27:00-05:00,11.199999809265137,11.199999809265137,11.199999809265137,11.199999809265137,134,0.0,0.0,0.0
2024-11-05 11:29:00-05:00,11.199999809265137,11.199999809265137,11.199999809265137,11.199999809265137,188,0.0,0.0,0.0
2024-11-05 11:30:00-05:00,11.199999809265137,11.199999809265137,11.199999809265137,11.199999809265137,108,0.0,0.0,0.0
2024-11-05 11:33:00-05:00,11.182299613952637,11.182299613952637,11.178099632263184,11.178099632263184,217,0.0,0.0,0.0
2024-11-05 11:34:00-05:00,11.220000267028809,11.220000267028809,11.220000267028809,11.220000267028809,500,0.0,0.0,0.0
2024-11-05 11:35:00-05:00,11.1899995803833,11.1899995803833,11.1899995803833,11.1899995803833,155,0.0,0.0,0.0
2024-11-05 11:38:00-05:00,11.15999984741211,11.15999984741211,11.15999984741211,11.15999984741211,969,0.0,0.0,0.0
2024-11-05 11:39:00-05:00,11.176799774169922,11.176799774169922,11.176799774169922,11.176799774169922,768,0.0,0.0,0.0
2024-11-05 11:49:00-05:00,11.175999641418457,11.175999641418457,11.175999641418457,11.175999641418457,228,0.0,0.0,0.0
2024-11-05 11:52:00-05:00,11.179300308227539,11.179300308227539,11.179300308227539,11.179300308227539,900,0.0,0.0,0.0
2024-11-05 11:55:00-05:00,11.149999618530273,11.149999618530273,11.14900016784668,11.14900016784668,271,0.0,0.0,0.0
2024-11-05 12:07:00-05:00,11.164999961853027,11.164999961853027,11.164999961853027,11.164999961853027,253,0.0,0.0,0.0
2024-11-05 12:08:00-05:00,11.15999984741211,11.15999984741211,11.15999984741211,11.15999984741211,293,0.0,0.0,0.0
2024-11-05 12:14:00-05:00,11.164999961853027,11.164999961853027,11.149999618530273,11.149999618530273,600,0.0,0.0,0.0
2024-11-05 12:15:00-05:00,11.149999618530273,11.149999618530273,11.149999618530273,11.149999618530273,961,0.0,0.0,0.0
2024-11-05 12:17:00-05:00,11.130000114440918,11.130000114440918,11.130000114440918,11.130000114440918,514,0.0,0.0,0.0
2024-11-05 12:18:00-05:00,11.15839958190918,11.15839958190918,11.15839958190918,11.15839958190918,166,0.0,0.0,0.0
2024-11-05 12:22:00-05:00,11.137700080871582,11.149999618530273,11.1225004196167,11.149999618530273,989,0.0,0.0,0.0
2024-11-05 12:25:00-05:00,11.125,11.125,11.125,11.125,776,0.0,0.0,0.0
2024-11-05 12:28:00-05:00,11.119999885559082,11.119999885559082,11.119999885559082,11.119999885559082,292,0.0,0.0,0.0
2024-11-05 12:29:00-05:00,11.130000114440918,11.130000114440918,11.130000114440918,11.130000114440918,679,0.0,0.0,0.0
2024-11-05 12:31:00-05:00,11.140000343322754,11.140000343322754,11.140000343322754,11.140000343322754,307,0.0,0.0,0.0
2024-11-05 12:33:00-05:00,11.119999885559082,11.119999885559082,11.119999885559082,11.119999885559082,963,0.0,0.0,0.0
2024-11-05 12:39:00-05:00,11.139900207519531,11.139900207519531,11.139900207519531,11.139900207519531,267,0.0,0.0,0.0
2024-11-05 12:47:00-05:00,11.100000381469727,11.100000381469727,11.100000381469727,11.100000381469727,2547,0.0,0.0,0.0
2024-11-05 12:48:00-05:00,11.079999923706055,11.130000114440918,11.079999923706055,11.130000114440918,2305,0.0,0.0,0.0
2024-11-05 13:06:00-05:00,11.111800193786621,11.111800193786621,11.111800193786621,11.111800193786621,274,0.0,0.0,0.0
2024-11-05 13:14:00-05:00,11.128100395202637,11.128100395202637,11.128100395202637,11.128100395202637,1750,0.0,0.0,0.0
2024-11-05 13:17:00-05:00,11.129300117492676,11.129300117492676,11.129300117492676,11.129300117492676,116,0.0,0.0,0.0
2024-11-05 13:22:00-05:00,11.081500053405762,11.081500053405762,11.081500053405762,11.081500053405762,553,0.0,0.0,0.0
2024-11-05 13:34:00-05:00,11.110099792480469,11.149999618530273,11.110099792480469,11.149999618530273,595,0.0,0.0,0.0
2024-11-05 13:43:00-05:00,11.140000343322754,11.140000343322754,11.140000343322754,11.140000343322754,2312,0.0,0.0,0.0
2024-11-05 13:53:00-05:00,11.109999656677246,11.109999656677246,11.109999656677246,11.109999656677246,100,0.0,0.0,0.0
2024-11-05 13:55:00-05:00,11.072099685668945,11.072099685668945,11.072099685668945,11.072099685668945,1020,0.0,0.0,0.0
2024-11-05 13:59:00-05:00,11.069999694824219,11.069999694824219,11.069999694824219,11.069999694824219,250,0.0,0.0,0.0
2024-11-05 14:00:00-05:00,11.100000381469727,11.100000381469727,11.100000381469727,11.100000381469727,181,0.0,0.0,0.0
2024-11-05 14:04:00-05:00,11.101499557495117,11.101499557495117,11.101499557495117,11.101499557495117,186,0.0,0.0,0.0
2024-11-05 14:05:00-05:00,11.100000381469727,11.100000381469727,11.100000381469727,11.100000381469727,397,0.0,0.0,0.0
2024-11-05 14:13:00-05:00,11.109999656677246,11.109999656677246,11.109999656677246,11.109999656677246,473,0.0,0.0,0.0
2024-11-05 14:25:00-05:00,11.100000381469727,11.100000381469727,11.100000381469727,11.100000381469727,267,0.0,0.0,0.0
2024-11-05 14:26:00-05:00,11.100000381469727,11.126700401306152,11.100000381469727,11.126700401306152,1166,0.0,0.0,0.0
2024-11-05 14:27:00-05:00,11.112500190734863,11.112500190734863,11.112500190734863,11.112500190734863,285,0.0,0.0,0.0
2024-11-05 14:28:00-05:00,11.09000015258789,11.09000015258789,11.09000015258789,11.09000015258789,202,0.0,0.0,0.0
2024-11-05 14:32:00-05:00,11.128700256347656,11.128700256347656,11.128700256347656,11.128700256347656,254,0.0,0.0,0.0
2024-11-05 14:45:00-05:00,11.114700317382812,11.114700317382812,11.114700317382812,11.114700317382812,124,0.0,0.0,0.0
2024-11-05 14:51:00-05:00,11.130000114440918,11.130000114440918,11.130000114440918,11.130000114440918,201,0.0,0.0,0.0
2024-11-05 14:55:00-05:00,11.15999984741211,11.15999984741211,11.15999984741211,11.15999984741211,921,0.0,0.0,0.0
2024-11-05 14:56:00-05:00,11.180000305175781,11.180000305175781,11.180000305175781,11.180000305175781,177,0.0,0.0,0.0
2024-11-05 15:04:00-05:00,11.180000305175781,11.180000305175781,11.170000076293945,11.175299644470215,3540,0.0,0.0,0.0
2024-11-05 15:05:00-05:00,11.170000076293945,11.180000305175781,11.170000076293945,11.170000076293945,3375,0.0,0.0,0.0
2024-11-05 15:06:00-05:00,11.170000076293945,11.170000076293945,11.170000076293945,11.170000076293945,1700,0.0,0.0,0.0
2024-11-05 15:07:00-05:00,11.170000076293945,11.170000076293945,11.170000076293945,11.170000076293945,1400,0.0,0.0,0.0
2024-11-05 15:09:00-05:00,11.15999984741211,11.15999984741211,11.149999618530273,11.149999618530273,805,0.0,0.0,0.0
2024-11-05 15:10:00-05:00,11.149999618530273,11.149999618530273,11.149999618530273,11.149999618530273,800,0.0,0.0,0.0
2024-11-05 15:11:00-05:00,11.149999618530273,11.149999618530273,11.149999618530273,11.149999618530273,100,0.0,0.0,0.0
2024-11-05 15:12:00-05:00,11.145000457763672,11.149999618530273,11.145000457763672,11.149999618530273,305,0.0,0.0,0.0
2024-11-05 15:13:00-05:00,11.149999618530273,11.149999618530273,11.149999618530273,11.149999618530273,211,0.0,0.0,0.0
2024-11-05 15:14:00-05:00,11.149999618530273,11.149999618530273,11.149999618530273,11.149999618530273,100,0.0,0.0,0.0
2024-11-05 15:15:00-05:00,11.149999618530273,11.149999618530273,11.149999618530273,11.149999618530273,211,0.0,0.0,0.0
2024-11-05 15:16:00-05:00,11.149999618530273,11.149999618530273,11.149999618530273,11.149999618530273,300,0.0,0.0,0.0
2024-11-05 15:17:00-05:00,11.149999618530273,11.149999618530273,11.149999618530273,11.149999618530273,209,0.0,0.0,0.0
2024-11-05 15:18:00-05:00,11.15999984741211,11.15999984741211,11.15999984741211,11.15999984741211,300,0.0,0.0,0.0
2024-11-05 15:19:00-05:00,11.15999984741211,11.15999984741211,11.15999984741211,11.15999984741211,500,0.0,0.0,0.0
2024-11-05 15:20:00-05:00,11.15999984741211,11.15999984741211,11.15999984741211,11.15999984741211,394,0.0,0.0,0.0
2024-11-05 15:21:00-05:00,11.15999984741211,11.15999984741211,11.15999984741211,11.15999984741211,197,0.0,0.0,0.0
2024-11-05 15:22:00-05:00,11.170000076293945,11.170000076293945,11.170000076293945,11.170000076293945,300,0.0,0.0,0.0
2024-11-05 15:23:00-05:00,11.180000305175781,11.180000305175781,11.180000305175781,11.180000305175781,1100,0.0,0.0,0.0
2024-11-05 15:24:00-05:00,11.180000305175781,11.180000305175781,11.180000305175781,11.180000305175781,300,0.0,0.0,0.0
2024-11-05 15:25:00-05:00,11.1899995803833,11.1899995803833,11.1899995803833,11.1899995803833,300,0.0,0.0,0.0
2024-11-05 15:26:00-05:00,11.1899995803833,11.194999694824219,11.1899995803833,11.1899995803833,1440,0.0,0.0,0.0
2024-11-05 15:34:00-05:00,11.151399612426758,11.151399612426758,11.151399612426758,11.151399612426758,160,0.0,0.0,0.0
2024-11-05 15:37:00-05:00,11.180000305175781,11.180000305175781,11.180000305175781,11.180000305175781,3100,0.0,0.0,0.0
2024-11-05 15:38:00-05:00,11.173299789428711,11.173299789428711,11.173299789428711,11.173299789428711,652,0.0,0.0,0.0
2024-11-05 15:47:00-05:00,11.1899995803833,11.1899995803833,11.1899995803833,11.1899995803833,237,0.0,0.0,0.0
2024-11-06 09:30:00-05:00,9.930000305175781,9.930100440979004,9.920000076293945,9.930100440979004,28868,0.0,0.0,0.0
2024-11-06 09:31:00-05:00,9.985799789428711,9.985799789428711,9.95199966430664,9.95199966430664,1543,0.0,0.0,0.0
2024-11-06 09:32:00-05:00,9.998000144958496,9.998000144958496,9.952199935913086,9.952199935913086,2154,0.0,0.0,0.0
2024-11-06 09:33:00-05:00,9.95199966430664,9.999899864196777,9.95199966430664,9.999899864196777,815,0.0,0.0,0.0
2024-11-06 09:34:00-05:00,9.95009994506836,9.999600410461426,9.789999961853027,9.789999961853027,7926,0.0,0.0,0.0
2024-11-06 09:35:00-05:00,9.720000267028809,9.765000343322754,9.720000267028809,9.765000343322754,220,0.0,0.0,0.0
2024-11-06 09:36:00-05:00,9.789999961853027,9.789999961853027,9.720000267028809,9.720000267028809,310,0.0,0.0,0.0
2024-11-06 09:37:00-05:00,9.789999961853027,9.789999961853027,9.734999656677246,9.734999656677246,663,0.0,0.0,0.0
2024-11-06 09:38:00-05:00,9.70989990234375,9.70989990234375,9.6850004196167,9.689599990844727,3752,0.0,0.0,0.0
2024-11-06 09:39:00-05:00,9.710000038146973,9.710000038146973,9.6899995803833,9.704299926757812,8737,0.0,0.0,0.0
2024-11-06 09:40:00-05:00,9.66349983215332,9.736700057983398,9.66349983215332,9.736700057983398,786,0.0,0.0,0.0
2024-11-06 09:41:00-05:00,9.720000267028809,9.78950023651123,9.720000267028809,9.78950023651123,474,0.0,0.0,0.0
2024-11-06 09:42:00-05:00,9.741602897644043,9.741602897644043,9.720000267028809,9.720000267028809,809,0.0,0.0,0.0
2024-11-06 09:43:00-05:00,9.739999771118164,9.739999771118164,9.704099655151367,9.704099655151367,429,0.0,0.0,0.0
2024-11-06 09:44:00-05:00,9.705499649047852,9.75,9.705499649047852,9.75,476,0.0,0.0,0.0
2024-11-06 09:45:00-05:00,9.770000457763672,9.850000381469727,9.770000457763672,9.850000381469727,5463,0.0,0.0,0.0
2024-11-06 09:46:00-05:00,9.875,9.888799667358398,9.829999923706055,9.888799667358398,2423,0.0,0.0,0.0
2024-11-06 09:47:00-05:00,9.850000381469727,9.850000381469727,9.800000190734863,9.8100004196167,2123,0.0,0.0,0.0
2024-11-06 09:48:00-05:00,9.816800117492676,9.880188941955566,9.816800117492676,9.880188941955566,918,0.0,0.0,0.0
2024-11-06 09:49:00-05:00,9.899999618530273,9.930000305175781,9.899999618530273,9.904999732971191,1595,0.0,0.0,0.0
2024-11-06 09:50:00-05:00,9.899999618530273,9.899999618530273,9.899999618530273,9.899999618530273,125,0.0,0.0,0.0
2024-11-06 09:51:00-05:00,9.899999618530273,9.970000267028809,9.899999618530273,9.970000267028809,1630,0.0,0.0,0.0
2024-11-06 09:52:00-05:00,10.0,10.050000190734863,10.0,10.049799919128418,4409,0.0,0.0,0.0
2024-11-06 09:54:00-05:00,10.0600004196167,10.07800006866455,10.0600004196167,10.07800006866455,256,0.0,0.0,0.0
2024-11-06 09:55:00-05:00,10.109999656677246,10.125,10.109999656677246,10.125,672,0.0,0.0,0.0
2024-11-06 09:56:00-05:00,10.130000114440918,10.130000114440918,10.099200248718262,10.099200248718262,4164,0.0,0.0,0.0
2024-11-06 09:57:00-05:00,10.161999702453613,10.161999702453613,10.161999702453613,10.161999702453613,228,0.0,0.0,0.0
2024-11-06 09:59:00-05:00,10.140000343322754,10.140000343322754,10.140000343322754,10.140000343322754,1461,0.0,0.0,0.0
2024-11-06 10:00:00-05:00,10.149900436401367,10.149900436401367,10.149900436401367,10.149900436401367,839,0.0,0.0,0.0
2024-11-06 10:01:00-05:00,10.140000343322754,10.140000343322754,10.140000343322754,10.140000343322754,794,0.0,0.0,0.0
2024-11-06 10:02:00-05:00,10.050000190734863,10.050000190734863,10.050000190734863,10.050000190734863,415,0.0,0.0,0.0
2024-11-06 10:04:00-05:00,10.149999618530273,10.149999618530273,10.149999618530273,10.149999618530273,1527,0.0,0.0,0.0
2024-11-06 10:06:00-05:00,10.130000114440918,10.130000114440918,10.119999885559082,10.119999885559082,8720,0.0,0.0,0.0
2024-11-06 10:07:00-05:00,10.109999656677246,10.119999885559082,10.109999656677246,10.11989974975586,8845,0.0,0.0,0.0
2024-11-06 10:08:00-05:00,10.119999885559082,10.119999885559082,10.119999885559082,10.119999885559082,542,0.0,0.0,0.0
2024-11-06 10:10:00-05:00,10.083724021911621,10.083724021911621,10.0649995803833,10.0649995803833,681,0.0,0.0,0.0
2024-11-06 10:11:00-05:00,10.045000076293945,10.045000076293945,9.993800163269043,9.993800163269043,1047,0.0,0.0,0.0
2024-11-06 10:13:00-05:00,9.994999885559082,10.0,9.96500015258789,9.96500015258789,1954,0.0,0.0,0.0
2024-11-06 10:15:00-05:00,9.979999542236328,9.979999542236328,9.979999542236328,9.979999542236328,553,0.0,0.0,0.0
2024-11-06 10:18:00-05:00,10.010000228881836,10.010000228881836,10.010000228881836,10.010000228881836,396,0.0,0.0,0.0
2024-11-06 10:19:00-05:00,10.0,10.0,10.0,10.0,823,0.0,0.0,0.0
2024-11-06 10:20:00-05:00,10.00510025024414,10.020000457763672,10.00510025024414,10.020000457763672,1018,0.0,0.0,0.0
2024-11-06 10:21:00-05:00,9.989999771118164,10.039999961853027,9.960000038146973,10.039999961853027,10332,0.0,0.0,0.0
2024-11-06 10:22:00-05:00,10.010100364685059,10.031499862670898,10.000100135803223,10.000100135803223,3046,0.0,0.0,0.0
2024-11-06 10:24:00-05:00,10.03499984741211,10.03499984741211,10.03499984741211,10.03499984741211,238,0.0,0.0,0.0
2024-11-06 10:25:00-05:00,10.0600004196167,10.0600004196167,10.0600004196167,10.0600004196167,1227,0.0,0.0,0.0
2024-11-06 10:27:00-05:00,10.0649995803833,10.0649995803833,10.0649995803833,10.0649995803833,215,0.0,0.0,0.0
2024-11-06 10:30:00-05:00,10.069700241088867,10.069700241088867,10.069700241088867,10.069700241088867,551,0.0,0.0,0.0
2024-11-06 10:32:00-05:00,10.0600004196167,10.0600004196167,10.055000305175781,10.0600004196167,701,0.0,0.0,0.0
2024-11-06 10:34:00-05:00,10.0600004196167,10.079899787902832,10.055000305175781,10.079899787902832,1594,0.0,0.0,0.0
2024-11-06 10:36:00-05:00,10.0600004196167,10.060099601745605,10.029999732971191,10.060099601745605,4334,0.0,0.0,0.0
2024-11-06 10:42:00-05:00,10.024999618530273,10.029999732971191,10.024999618530273,10.029999732971191,536,0.0,0.0,0.0
2024-11-06 10:44:00-05:00,10.030099868774414,10.030099868774414,10.030099868774414,10.030099868774414,356,0.0,0.0,0.0
2024-11-06 10:45:00-05:00,10.050000190734863,10.050000190734863,10.050000190734863,10.050000190734863,3274,0.0,0.0,0.0
2024-11-06 10:46:00-05:00,10.030599594116211,10.030599594116211,9.970000267028809,9.994999885559082,7273,0.0,0.0,0.0
2024-11-06 10:47:00-05:00,9.984100341796875,9.984100341796875,9.900099754333496,9.90999984741211,10495,0.0,0.0,0.0
2024-11-06 10:48:00-05:00,9.960000038146973,9.979999542236328,9.946000099182129,9.970000267028809,8201,0.0,0.0,0.0
2024-11-06 10:49:00-05:00,9.960000038146973,9.975000381469727,9.949999809265137,9.949999809265137,12394,0.0,0.0,0.0
2024-11-06 10:50:00-05:00,9.920100212097168,9.930700302124023,9.920100212097168,9.930700302124023,393,0.0,0.0,0.0
2024-11-06 10:51:00-05:00,9.9399995803833,9.960000038146973,9.930000305175781,9.930000305175781,563,0.0,0.0,0.0
2024-11-06 10:52:00-05:00,9.949899673461914,9.949899673461914,9.949899673461914,9.949899673461914,264,0.0,0.0,0.0
2024-11-06 10:54:00-05:00,9.924099922180176,9.928999900817871,9.924099922180176,9.928999900817871,1301,0.0,0.0,0.0
2024-11-06 10:55:00-05:00,9.927200317382812,9.927200317382812,9.927200317382812,9.927200317382812,453,0.0,0.0,0.0
2024-11-06 10:56:00-05:00,9.920000076293945,9.920100212097168,9.900099754333496,9.900099754333496,1265,0.0,0.0,0.0
2024-11-06 10:57:00-05:00,9.882100105285645,9.885000228881836,9.882100105285645,9.88479995727539,782,0.0,0.0,0.0
2024-11-06 10:58:00-05:00,9.880000114440918,9.880000114440918,9.880000114440918,9.880000114440918,165,0.0,0.0,0.0
2024-11-06 10:59:00-05:00,9.90999984741211,9.90999984741211,9.90999984741211,9.90999984741211,253,0.0,0.0,0.0
2024-11-06 11:00:00-05:00,9.891300201416016,9.891300201416016,9.891300201416016,9.891300201416016,395,0.0,0.0,0.0
2024-11-06 11:05:00-05:00,9.90999984741211,9.90999984741211,9.90999984741211,9.90999984741211,208,0.0,0.0,0.0
2024-11-06 11:07:00-05:00,9.885700225830078,9.885700225830078,9.885700225830078,9.885700225830078,968,0.0,0.0,0.0
2024-11-06 11:10:00-05:00,9.885000228881836,9.885000228881836,9.885000228881836,9.885000228881836,124,0.0,0.0,0.0
2024-11-06 11:11:00-05:00,9.88010025024414,9.88010025024414,9.88010025024414,9.88010025024414,499,0.0,0.0,0.0
2024-11-06 11:12:00-05:00,9.880999565124512,9.880999565124512,9.880999565124512,9.880999565124512,336,0.0,0.0,0.0
2024-11-06 11:13:00-05:00,9.859999656677246,9.869999885559082,9.859999656677246,9.869999885559082,1266,0.0,0.0,0.0
2024-11-06 11:14:00-05:00,9.859999656677246,9.859999656677246,9.859999656677246,9.859999656677246,218,0.0,0.0,0.0
2024-11-06 11:18:00-05:00,9.859999656677246,9.859999656677246,9.854399681091309,9.854399681091309,660,0.0,0.0,0.0
2024-11-06 11:20:00-05:00,9.880000114440918,9.880000114440918,9.880000114440918,9.880000114440918,526,0.0,0.0,0.0
2024-11-06 11:22:00-05:00,9.929200172424316,9.929200172424316,9.920000076293945,9.920000076293945,443,0.0,0.0,0.0
2024-11-06 11:23:00-05:00,9.899999618530273,9.899999618530273,9.890000343322754,9.899999618530273,5441,0.0,0.0,0.0
2024-11-06 11:24:00-05:00,9.852499961853027,9.893899917602539,9.852499961853027,9.890000343322754,432,0.0,0.0,0.0
2024-11-06 11:26:00-05:00,9.899999618530273,9.899999618530273,9.879500389099121,9.879500389099121,664,0.0,0.0,0.0
2024-11-06 11:27:00-05:00,9.880000114440918,9.880000114440918,9.847200393676758,9.847200393676758,300,0.0,0.0,0.0
2024-11-06 11:28:00-05:00,9.842000007629395,9.86400032043457,9.84000015258789,9.84000015258789,2856,0.0,0.0,0.0
2024-11-06 11:30:00-05:00,9.868499755859375,9.868499755859375,9.868499755859375,9.868499755859375,254,0.0,0.0,0.0
2024-11-06 11:31:00-05:00,9.854299545288086,9.854299545288086,9.854299545288086,9.854299545288086,495,0.0,0.0,0.0
2024-11-06 11:33:00-05:00,9.859999656677246,9.920000076293945,9.859999656677246,9.920000076293945,670,0.0,0.0,0.0
2024-11-06 11:36:00-05:00,9.948699951171875,9.948699951171875,9.914999961853027,9.914999961853027,600,0.0,0.0,0.0
2024-11-06 11:38:00-05:00,9.904800415039062,9.904800415039062,9.904800415039062,9.904800415039062,382,0.0,0.0,0.0
2024-11-06 11:39:00-05:00,9.90999984741211,9.913999557495117,9.899999618530273,9.899999618530273,874,0.0,0.0,0.0
2024-11-06 11:41:00-05:00,9.919699668884277,9.919699668884277,9.919699668884277,9.919699668884277,1102,0.0,0.0,0.0
2024-11-06 11:43:00-05:00,9.899999618530273,9.899999618530273,9.899999618530273,9.899999618530273,105,0.0,0.0,0.0
2024-11-06 11:45:00-05:00,9.859999656677246,9.864999771118164,9.850099563598633,9.864999771118164,1245,0.0,0.0,0.0
2024-11-06 11:46:00-05:00,9.878299713134766,9.878299713134766,9.878299713134766,9.878299713134766,255,0.0,0.0,0.0
2024-11-06 11:47:00-05:00,9.859999656677246,9.859999656677246,9.859999656677246,9.859999656677246,1221,0.0,0.0,0.0
2024-11-06 11:49:00-05:00,9.887100219726562,9.887100219726562,9.887100219726562,9.887100219726562,360,0.0,0.0,0.0
2024-11-06 11:50:00-05:00,9.850000381469727,9.850000381469727,9.800399780273438,9.800399780273438,3047,0.0,0.0,0.0
2024-11-06 11:53:00-05:00,9.84000015258789,9.84000015258789,9.84000015258789,9.84000015258789,289,0.0,0.0,0.0
2024-11-06 11:55:00-05:00,9.879899978637695,9.879899978637695,9.879899978637695,9.879899978637695,916,0.0,0.0,0.0
2024-11-06 11:56:00-05:00,9.819999694824219,9.819999694824219,9.819999694824219,9.819999694824219,150,0.0,0.0,0.0
2024-11-06 11:57:00-05:00,9.84000015258789,9.845000267028809,9.84000015258789,9.845000267028809,1093,0.0,0.0,0.0
2024-11-06 12:02:00-05:00,9.8100004196167,9.8100004196167,9.800000190734863,9.800000190734863,1920,0.0,0.0,0.0
2024-11-06 12:04:00-05:00,9.850000381469727,9.850000381469727,9.8100004196167,9.8100004196167,521,0.0,0.0,0.0
2024-11-06 12:05:00-05:00,9.837599754333496,9.837599754333496,9.837599754333496,9.837599754333496,214,0.0,0.0,0.0
2024-11-06 12:06:00-05:00,9.800000190734863,9.8100004196167,9.800000190734863,9.800000190734863,1033,0.0,0.0,0.0
2024-11-06 12:09:00-05:00,9.800000190734863,9.839099884033203,9.800000190734863,9.800000190734863,2159,0.0,0.0,0.0
2024-11-06 12:10:00-05:00,9.805000305175781,9.805000305175781,9.800000190734863,9.805000305175781,1100,0.0,0.0,0.0
2024-11-06 12:11:00-05:00,9.800000190734863,9.800000190734863,9.800000190734863,9.800000190734863,621,0.0,0.0,0.0
2024-11-06 12:13:00-05:00,9.817399978637695,9.817399978637695,9.817399978637695,9.817399978637695,131,0.0,0.0,0.0
2024-11-06 12:14:00-05:00,9.797900199890137,9.797900199890137,9.797900199890137,9.797900199890137,266,0.0,0.0,0.0
2024-11-06 12:18:00-05:00,9.780099868774414,9.780099868774414,9.780099868774414,9.780099868774414,137,0.0,0.0,0.0
2024-11-06 12:21:00-05:00,9.848899841308594,9.848899841308594,9.848899841308594,9.848899841308594,393,0.0,0.0,0.0
2024-11-06 12:24:00-05:00,9.780099868774414,9.780099868774414,9.780099868774414,9.780099868774414,115,0.0,0.0,0.0
2024-11-06 12:25:00-05:00,9.808500289916992,9.808500289916992,9.789999961853027,9.799200057983398,819,0.0,0.0,0.0
2024-11-06 12:26:00-05:00,9.827500343322754,9.827500343322754,9.779999732971191,9.779999732971191,453,0.0,0.0,0.0
2024-11-06 12:29:00-05:00,9.780400276184082,9.780400276184082,9.780400276184082,9.780400276184082,242,0.0,0.0,0.0
2024-11-06 12:32:00-05:00,9.78499984741211,9.78499984741211,9.78499984741211,9.78499984741211,153,0.0,0.0,0.0
2024-11-06 12:33:00-05:00,9.781499862670898,9.781499862670898,9.781499862670898,9.781499862670898,200,0.0,0.0,0.0
2024-11-06 12:34:00-05:00,9.800000190734863,9.800000190734863,9.800000190734863,9.800000190734863,106,0.0,0.0,0.0
2024-11-06 12:35:00-05:00,9.795000076293945,9.800000190734863,9.795000076293945,9.800000190734863,802,0.0,0.0,0.0
2024-11-06 12:36:00-05:00,9.8100004196167,9.8100004196167,9.8100004196167,9.8100004196167,499,0.0,0.0,0.0
2024-11-06 12:37:00-05:00,9.818499565124512,9.818499565124512,9.818499565124512,9.818499565124512,1080,0.0,0.0,0.0
2024-11-06 12:38:00-05:00,9.819999694824219,9.819999694824219,9.805000305175781,9.805000305175781,251,0.0,0.0,0.0
2024-11-06 12:39:00-05:00,9.800000190734863,9.800000190734863,9.800000190734863,9.800000190734863,109,0.0,0.0,0.0
2024-11-06 12:40:00-05:00,9.770000457763672,9.822505950927734,9.770000457763672,9.822505950927734,530,0.0,0.0,0.0
2024-11-06 12:46:00-05:00,9.770000457763672,9.770000457763672,9.770000457763672,9.770000457763672,341,0.0,0.0,0.0
2024-11-06 12:49:00-05:00,9.795000076293945,9.795000076293945,9.795000076293945,9.795000076293945,200,0.0,0.0,0.0
2024-11-06 12:50:00-05:00,9.770000457763672,9.795000076293945,9.770000457763672,9.795000076293945,720,0.0,0.0,0.0
2024-11-06 12:52:00-05:00,9.795000076293945,9.795000076293945,9.795000076293945,9.795000076293945,310,0.0,0.0,0.0
2024-11-06 12:57:00-05:00,9.800000190734863,9.800000190734863,9.800000190734863,9.800000190734863,512,0.0,0.0,0.0
2024-11-06 12:58:00-05:00,9.800000190734863,9.800000190734863,9.800000190734863,9.800000190734863,325,0.0,0.0,0.0
2024-11-06 12:59:00-05:00,9.800000190734863,9.800000190734863,9.800000190734863,9.800000190734863,2344,0.0,0.0,0.0
2024-11-06 13:00:00-05:00,9.779999732971191,9.779999732971191,9.779999732971191,9.779999732971191,100,0.0,0.0,0.0
2024-11-06 13:01:00-05:00,9.798399925231934,9.809100151062012,9.798399925231934,9.809100151062012,318,0.0,0.0,0.0
2024-11-06 13:03:00-05:00,9.79990005493164,9.79990005493164,9.79990005493164,9.79990005493164,1005,0.0,0.0,0.0
2024-11-06 13:05:00-05:00,9.789999961853027,9.789999961853027,9.789999961853027,9.789999961853027,596,0.0,0.0,0.0
2024-11-06 13:06:00-05:00,9.770000457763672,9.770000457763672,9.770000457763672,9.770000457763672,124,0.0,0.0,0.0
2024-11-06 13:07:00-05:00,9.770000457763672,9.778800010681152,9.75,9.755000114440918,6679,0.0,0.0,0.0
2024-11-06 13:09:00-05:00,9.760000228881836,9.760000228881836,9.720000267028809,9.760000228881836,853,0.0,0.0,0.0
2024-11-06 13:11:00-05:00,9.720000267028809,9.720000267028809,9.720000267028809,9.720000267028809,260,0.0,0.0,0.0
2024-11-06 13:12:00-05:00,9.75,9.75,9.739999771118164,9.739999771118164,771,0.0,0.0,0.0
2024-11-06 13:15:00-05:00,9.759900093078613,9.759900093078613,9.734999656677246,9.734999656677246,211,0.0,0.0,0.0
2024-11-06 13:16:00-05:00,9.735300064086914,9.735300064086914,9.735300064086914,9.735300064086914,118,0.0,0.0,0.0
2024-11-06 13:17:00-05:00,9.7568998336792,9.7568998336792,9.734999656677246,9.734999656677246,319,0.0,0.0,0.0
2024-11-06 13:20:00-05:00,9.729999542236328,9.729999542236328,9.729999542236328,9.729999542236328,390,0.0,0.0,0.0
2024-11-06 13:23:00-05:00,9.758099555969238,9.758099555969238,9.758099555969238,9.758099555969238,200,0.0,0.0,0.0
2024-11-06 13:24:00-05:00,9.739999771118164,9.759900093078613,9.734999656677246,9.759900093078613,4700,0.0,0.0,0.0
2024-11-06 13:25:00-05:00,9.734999656677246,9.760000228881836,9.710000038146973,9.710000038146973,4112,0.0,0.0,0.0
2024-11-06 13:26:00-05:00,9.749899864196777,9.749899864196777,9.725000381469727,9.725000381469727,4831,0.0,0.0,0.0
2024-11-06 13:27:00-05:00,9.753100395202637,9.753100395202637,9.729999542236328,9.729999542236328,1419,0.0,0.0,0.0
2024-11-06 13:28:00-05:00,9.747699737548828,9.747699737548828,9.747699737548828,9.747699737548828,129,0.0,0.0,0.0
2024-11-06 13:29:00-05:00,9.729999542236328,9.729999542236328,9.729999542236328,9.729999542236328,269,0.0,0.0,0.0
2024-11-06 13:32:00-05:00,9.729999542236328,9.729999542236328,9.729999542236328,9.729999542236328,224,0.0,0.0,0.0
2024-11-06 13:33:00-05:00,9.75,9.75,9.75,9.75,585,0.0,0.0,0.0
2024-11-06 13:34:00-05:00,9.744999885559082,9.76930046081543,9.744999885559082,9.76930046081543,944,0.0,0.0,0.0
2024-11-06 13:35:00-05:00,9.729999542236328,9.729999542236328,9.723099708557129,9.723099708557129,1065,0.0,0.0,0.0
2024-11-06 13:36:00-05:00,9.729999542236328,9.729999542236328,9.729999542236328,9.729999542236328,1722,0.0,0.0,0.0
2024-11-06 13:39:00-05:00,9.741900444030762,9.741900444030762,9.741900444030762,9.741900444030762,418,0.0,0.0,0.0
2024-11-06 13:45:00-05:00,9.760000228881836,9.760000228881836,9.760000228881836,9.760000228881836,1148,0.0,0.0,0.0
2024-11-06 13:51:00-05:00,9.760499954223633,9.760499954223633,9.760499954223633,9.760499954223633,335,0.0,0.0,0.0
2024-11-06 13:55:00-05:00,9.809900283813477,9.809900283813477,9.809900283813477,9.809900283813477,312,0.0,0.0,0.0
2024-11-06 13:56:00-05:00,9.763099670410156,9.77649974822998,9.754327774047852,9.754327774047852,1205,0.0,0.0,0.0
2024-11-06 13:57:00-05:00,9.752599716186523,9.752599716186523,9.752599716186523,9.752599716186523,295,0.0,0.0,0.0
2024-11-06 14:00:00-05:00,9.800000190734863,9.800000190734863,9.762299537658691,9.762299537658691,343,0.0,0.0,0.0
2024-11-06 14:02:00-05:00,9.772500038146973,9.772500038146973,9.772500038146973,9.772500038146973,1103,0.0,0.0,0.0
2024-11-06 14:03:00-05:00,9.780050277709961,9.781000137329102,9.780050277709961,9.781000137329102,3900,0.0,0.0,0.0
2024-11-06 14:04:00-05:00,9.8100004196167,9.8100004196167,9.8100004196167,9.8100004196167,151,0.0,0.0,0.0
2024-11-06 14:06:00-05:00,9.8100004196167,9.8100004196167,9.8100004196167,9.8100004196167,1070,0.0,0.0,0.0
2024-11-06 14:08:00-05:00,9.850000381469727,9.850000381469727,9.829999923706055,9.829999923706055,1536,0.0,0.0,0.0
2024-11-06 14:12:00-05:00,9.890000343322754,9.899299621582031,9.890000343322754,9.899299621582031,200,0.0,0.0,0.0
2024-11-06 14:13:00-05:00,9.880000114440918,9.880000114440918,9.880000114440918,9.880000114440918,198,0.0,0.0,0.0
2024-11-06 14:14:00-05:00,9.859999656677246,9.859999656677246,9.82129955291748,9.82129955291748,310,0.0,0.0,0.0
2024-11-06 14:15:00-05:00,9.829999923706055,9.829999923706055,9.829999923706055,9.829999923706055,225,0.0,0.0,0.0
2024-11-06 14:16:00-05:00,9.829999923706055,9.829999923706055,9.829999923706055,9.829999923706055,549,0.0,0.0,0.0
2024-11-06 14:20:00-05:00,9.800000190734863,9.800000190734863,9.800000190734863,9.800000190734863,204,0.0,0.0,0.0
2024-11-06 14:22:00-05:00,9.79990005493164,9.79990005493164,9.79990005493164,9.79990005493164,250,0.0,0.0,0.0
2024-11-06 14:23:00-05:00,9.789999961853027,9.789999961853027,9.789999961853027,9.789999961853027,200,0.0,0.0,0.0
2024-11-06 14:24:00-05:00,9.789999961853027,9.789999961853027,9.789999961853027,9.789999961853027,823,0.0,0.0,0.0
2024-11-06 14:25:00-05:00,9.771599769592285,9.771599769592285,9.770000457763672,9.770000457763672,620,0.0,0.0,0.0
2024-11-06 14:29:00-05:00,9.78499984741211,9.78499984741211,9.78499984741211,9.78499984741211,200,0.0,0.0,0.0
2024-11-06 14:31:00-05:00,9.779999732971191,9.780099868774414,9.779999732971191,9.780099868774414,408,0.0,0.0,0.0
2024-11-06 14:32:00-05:00,9.78499984741211,9.78499984741211,9.78499984741211,9.78499984741211,577,0.0,0.0,0.0
2024-11-06 14:35:00-05:00,9.800000190734863,9.800000190734863,9.800000190734863,9.800000190734863,371,0.0,0.0,0.0
2024-11-06 14:36:00-05:00,9.800000190734863,9.800000190734863,9.800000190734863,9.800000190734863,419,0.0,0.0,0.0
2024-11-06 14:37:00-05:00,9.8100004196167,9.8100004196167,9.8100004196167,9.8100004196167,1057,0.0,0.0,0.0
2024-11-06 14:38:00-05:00,9.80780029296875,9.80780029296875,9.80780029296875,9.80780029296875,267,0.0,0.0,0.0
2024-11-06 14:39:00-05:00,9.789999961853027,9.789999961853027,9.789999961853027,9.789999961853027,144,0.0,0.0,0.0
2024-11-06 14:40:00-05:00,9.790200233459473,9.790200233459473,9.790200233459473,9.790200233459473,172,0.0,0.0,0.0
2024-11-06 14:43:00-05:00,9.810199737548828,9.810199737548828,9.810199737548828,9.810199737548828,744,0.0,0.0,0.0
2024-11-06 14:47:00-05:00,9.779999732971191,9.779999732971191,9.770000457763672,9.770000457763672,309,0.0,0.0,0.0
2024-11-06 14:49:00-05:00,9.779999732971191,9.779999732971191,9.779999732971191,9.779999732971191,634,0.0,0.0,0.0
2024-11-06 14:50:00-05:00,9.770000457763672,9.770000457763672,9.770000457763672,9.770000457763672,1698,0.0,0.0,0.0
2024-11-06 14:51:00-05:00,9.779999732971191,9.779999732971191,9.779999732971191,9.779999732971191,2201,0.0,0.0,0.0
2024-11-06 14:52:00-05:00,9.760000228881836,9.760000228881836,9.75,9.75,801,0.0,0.0,0.0
2024-11-06 14:54:00-05:00,9.75,9.777400016784668,9.75,9.777400016784668,1286,0.0,0.0,0.0
2024-11-06 14:57:00-05:00,9.739999771118164,9.739999771118164,9.739999771118164,9.739999771118164,660,0.0,0.0,0.0
2024-11-06 15:01:00-05:00,9.755000114440918,9.760000228881836,9.755000114440918,9.760000228881836,1503,0.0,0.0,0.0
2024-11-06 15:03:00-05:00,9.760000228881836,9.760000228881836,9.760000228881836,9.760000228881836,419,0.0,0.0,0.0
2024-11-06 15:06:00-05:00,9.75,9.750100135803223,9.75,9.750100135803223,2521,0.0,0.0,0.0
2024-11-06 15:09:00-05:00,9.744999885559082,9.744999885559082,9.744999885559082,9.744999885559082,411,0.0,0.0,0.0
2024-11-06 15:10:00-05:00,9.740099906921387,9.740099906921387,9.739999771118164,9.739999771118164,1715,0.0,0.0,0.0
2024-11-06 15:11:00-05:00,9.739999771118164,9.739999771118164,9.739999771118164,9.739999771118164,291,0.0,0.0,0.0
2024-11-06 15:13:00-05:00,9.75,9.75,9.729999542236328,9.729999542236328,625,0.0,0.0,0.0
2024-11-06 15:14:00-05:00,9.729999542236328,9.73009967803955,9.729999542236328,9.73009967803955,298082,0.0,0.0,0.0
2024-11-06 15:16:00-05:00,9.725000381469727,9.725000381469727,9.725000381469727,9.725000381469727,403,0.0,0.0,0.0
2024-11-06 15:18:00-05:00,9.729999542236328,9.729999542236328,9.729999542236328,9.729999542236328,190,0.0,0.0,0.0
2024-11-06 15:21:00-05:00,9.725000381469727,9.725000381469727,9.725000381469727,9.725000381469727,220,0.0,0.0,0.0
2024-11-06 15:24:00-05:00,9.739999771118164,9.739999771118164,9.739999771118164,9.739999771118164,319,0.0,0.0,0.0
2024-11-06 15:26:00-05:00,9.77750015258789,9.77750015258789,9.77750015258789,9.77750015258789,406,0.0,0.0,0.0
2024-11-06 15:30:00-05:00,9.729999542236328,9.729999542236328,9.729999542236328,9.729999542236328,100,0.0,0.0,0.0
2024-11-06 15:31:00-05:00,9.759900093078613,9.759900093078613,9.759900093078613,9.759900093078613,112,0.0,0.0,0.0
2024-11-06 15:32:00-05:00,9.755800247192383,9.755800247192383,9.739999771118164,9.739999771118164,472,0.0,0.0,0.0
2024-11-06 15:33:00-05:00,9.765000343322754,9.765000343322754,9.765000343322754,9.765000343322754,100,0.0,0.0,0.0
2024-11-06 15:34:00-05:00,9.767499923706055,9.767499923706055,9.767499923706055,9.767499923706055,253,0.0,0.0,0.0
2024-11-06 15:36:00-05:00,9.760000228881836,9.760000228881836,9.760000228881836,9.760000228881836,162,0.0,0.0,0.0
2024-11-06 15:38:00-05:00,9.739999771118164,9.739999771118164,9.736599922180176,9.736599922180176,1313,0.0,0.0,0.0
2024-11-06 15:39:00-05:00,9.739999771118164,9.739999771118164,9.729999542236328,9.734999656677246,1652,0.0,0.0,0.0
2024-11-06 15:43:00-05:00,9.755000114440918,9.755000114440918,9.739999771118164,9.739999771118164,1377,0.0,0.0,0.0
2024-11-06 15:44:00-05:00,9.739899635314941,9.739899635314941,9.739899635314941,9.739899635314941,100,0.0,0.0,0.0
2024-11-06 15:45:00-05:00,9.73960018157959,9.73960018157959,9.73960018157959,9.73960018157959,102,0.0,0.0,0.0
2024-11-06 15:46:00-05:00,9.729999542236328,9.729999542236328,9.729999542236328,9.729999542236328,170,0.0,0.0,0.0
2024-11-06 15:48:00-05:00,9.710100173950195,9.710100173950195,9.710100173950195,9.710100173950195,1055,0.0,0.0,0.0
2024-11-06 15:49:00-05:00,9.720000267028809,9.720000267028809,9.720000267028809,9.720000267028809,102,0.0,0.0,0.0
2024-11-06 15:51:00-05:00,9.725000381469727,9.725000381469727,9.725000381469727,9.725000381469727,273,0.0,0.0,0.0
2024-11-06 15:52:00-05:00,9.725000381469727,9.725000381469727,9.725000381469727,9.725000381469727,124,0.0,0.0,0.0
2024-11-06 15:53:00-05:00,9.729999542236328,9.729999542236328,9.729999542236328,9.729999542236328,820,0.0,0.0,0.0
2024-11-06 15:54:00-05:00,9.744999885559082,9.744999885559082,9.744999885559082,9.744999885559082,307,0.0,0.0,0.0
2024-11-06 15:55:00-05:00,9.759900093078613,9.759900093078613,9.759900093078613,9.759900093078613,1105,0.0,0.0,0.0
2024-11-06 15:56:00-05:00,9.758899688720703,9.766799926757812,9.75,9.75,429,0.0,0.0,0.0
2024-11-06 15:57:00-05:00,9.75,9.75,9.75,9.75,300,0.0,0.0,0.0
2024-11-06 15:58:00-05:00,9.760000228881836,9.760000228881836,9.760000228881836,9.760000228881836,160,0.0,0.0,0.0
2024-11-06 15:59:00-05:00,9.765000343322754,9.765000343322754,9.75,9.75,1484,0.0,0.0,0.0
2024-11-07 09:30:00-05:00,9.800000190734863,9.800000190734863,9.79990005493164,9.79990005493164,38457,0.0,0.0,0.0
2024-11-07 09:31:00-05:00,9.789999961853027,9.789999961853027,9.789999961853027,9.789999961853027,441,0.0,0.0,0.0
2024-11-07 09:35:00-05:00,9.779999732971191,9.779999732971191,9.779999732971191,9.779999732971191,1185,0.0,0.0,0.0
2024-11-07 09:39:00-05:00,9.805999755859375,9.805999755859375,9.760000228881836,9.789899826049805,59389,0.0,0.0,0.0
2024-11-07 09:40:00-05:00,9.75,9.75,9.75,9.75,1384,0.0,0.0,0.0
2024-11-07 09:41:00-05:00,9.744999885559082,9.744999885559082,9.739999771118164,9.739999771118164,11511,0.0,0.0,0.0
2024-11-07 09:42:00-05:00,9.729999542236328,9.729999542236328,9.729999542236328,9.729999542236328,507,0.0,0.0,0.0
2024-11-07 09:43:00-05:00,9.770000457763672,9.770000457763672,9.770000457763672,9.770000457763672,294,0.0,0.0,0.0
2024-11-07 09:45:00-05:00,9.727700233459473,9.8100004196167,9.727700233459473,9.770000457763672,1524,0.0,0.0,0.0
2024-11-07 09:46:00-05:00,9.75,9.75,9.75,9.75,415,0.0,0.0,0.0
2024-11-07 09:50:00-05:00,9.760000228881836,9.760000228881836,9.75,9.750800132751465,1220,0.0,0.0,0.0
2024-11-07 09:51:00-05:00,9.752400398254395,9.752400398254395,9.752400398254395,9.752400398254395,158,0.0,0.0,0.0
2024-11-07 09:52:00-05:00,9.770000457763672,9.770000457763672,9.770000457763672,9.770000457763672,434,0.0,0.0,0.0
2024-11-07 09:55:00-05:00,9.8100004196167,9.8100004196167,9.8100004196167,9.8100004196167,500,0.0,0.0,0.0
2024-11-07 09:56:00-05:00,9.8100004196167,9.8100004196167,9.779999732971191,9.779999732971191,966,0.0,0.0,0.0
2024-11-07 09:57:00-05:00,9.795000076293945,9.809300422668457,9.795000076293945,9.809300422668457,949,0.0,0.0,0.0
2024-11-07 09:58:00-05:00,9.779999732971191,9.779999732971191,9.779999732971191,9.779999732971191,731,0.0,0.0,0.0
2024-11-07 09:59:00-05:00,9.720399856567383,9.720399856567383,9.720000267028809,9.720000267028809,403,0.0,0.0,0.0
2024-11-07 10:00:00-05:00,9.699999809265137,9.704999923706055,9.699999809265137,9.704999923706055,1658,0.0,0.0,0.0
2024-11-07 10:01:00-05:00,9.700699806213379,9.704500198364258,9.699999809265137,9.699999809265137,1369,0.0,0.0,0.0
2024-11-07 10:02:00-05:00,9.680000305175781,9.680000305175781,9.649999618530273,9.649999618530273,983,0.0,0.0,0.0
2024-11-07 10:03:00-05:00,9.63010025024414,9.640000343322754,9.61460018157959,9.61460018157959,5679,0.0,0.0,0.0
2024-11-07 10:04:00-05:00,9.570099830627441,9.570099830627441,9.569999694824219,9.569999694824219,3779,0.0,0.0,0.0
2024-11-07 10:05:00-05:00,9.619099617004395,9.619099617004395,9.570050239562988,9.574700355529785,6346,0.0,0.0,0.0
2024-11-07 10:08:00-05:00,9.59000015258789,9.59000015258789,9.59000015258789,9.59000015258789,204,0.0,0.0,0.0
2024-11-07 10:09:00-05:00,9.59000015258789,9.59000015258789,9.5600004196167,9.59000015258789,10127,0.0,0.0,0.0
2024-11-07 10:11:00-05:00,9.604999542236328,9.604999542236328,9.603799819946289,9.603799819946289,402,0.0,0.0,0.0
2024-11-07 10:12:00-05:00,9.609999656677246,9.609999656677246,9.609999656677246,9.609999656677246,311,0.0,0.0,0.0
2024-11-07 10:13:00-05:00,9.600000381469727,9.600000381469727,9.600000381469727,9.600000381469727,499,0.0,0.0,0.0
2024-11-07 10:17:00-05:00,9.600000381469727,9.600000381469727,9.5,9.5,10644,0.0,0.0,0.0
2024-11-07 10:18:00-05:00,9.52750015258789,9.52750015258789,9.500100135803223,9.52750015258789,10219,0.0,0.0,0.0
2024-11-07 10:19:00-05:00,9.50100040435791,9.538800239562988,9.430000305175781,9.430000305175781,20400,0.0,0.0,0.0
2024-11-07 10:20:00-05:00,9.510100364685059,9.510100364685059,9.510100364685059,9.510100364685059,1000,0.0,0.0,0.0
2024-11-07 10:21:00-05:00,9.537699699401855,9.567000389099121,9.537699699401855,9.567000389099121,418,0.0,0.0,0.0
2024-11-07 10:23:00-05:00,9.569999694824219,9.569999694824219,9.530099868774414,9.530099868774414,653,0.0,0.0,0.0
2024-11-07 10:26:00-05:00,9.520000457763672,9.520000457763672,9.520000457763672,9.520000457763672,135,0.0,0.0,0.0
2024-11-07 10:27:00-05:00,9.529600143432617,9.529600143432617,9.520299911499023,9.520299911499023,474,0.0,0.0,0.0
2024-11-07 10:29:00-05:00,9.529500007629395,9.529500007629395,9.520000457763672,9.520000457763672,1123,0.0,0.0,0.0
2024-11-07 10:31:00-05:00,9.494999885559082,9.494999885559082,9.460000038146973,9.460000038146973,601,0.0,0.0,0.0
2024-11-07 10:32:00-05:00,9.420000076293945,9.420000076293945,9.420000076293945,9.420000076293945,643,0.0,0.0,0.0
2024-11-07 10:34:00-05:00,9.46500015258789,9.46500015258789,9.46500015258789,9.46500015258789,257,0.0,0.0,0.0
2024-11-07 10:36:00-05:00,9.479700088500977,9.479700088500977,9.479700088500977,9.479700088500977,301,0.0,0.0,0.0
2024-11-07 10:38:00-05:00,9.479700088500977,9.479700088500977,9.479700088500977,9.479700088500977,316,0.0,0.0,0.0
2024-11-07 10:40:00-05:00,9.479999542236328,9.479999542236328,9.479999542236328,9.479999542236328,799,0.0,0.0,0.0
2024-11-07 10:47:00-05:00,9.479999542236328,9.479999542236328,9.479999542236328,9.479999542236328,417,0.0,0.0,0.0
2024-11-07 10:48:00-05:00,9.478699684143066,9.478699684143066,9.46500015258789,9.46500015258789,1632,0.0,0.0,0.0
2024-11-07 10:52:00-05:00,9.467700004577637,9.467700004577637,9.467700004577637,9.467700004577637,106,0.0,0.0,0.0
2024-11-07 10:53:00-05:00,9.460000038146973,9.470000267028809,9.460000038146973,9.470000267028809,705,0.0,0.0,0.0
2024-11-07 10:54:00-05:00,9.46500015258789,9.470000267028809,9.46500015258789,9.46500015258789,501,0.0,0.0,0.0
2024-11-07 10:55:00-05:00,9.46500015258789,9.46500015258789,9.46500015258789,9.46500015258789,167,0.0,0.0,0.0
2024-11-07 10:57:00-05:00,9.449999809265137,9.449999809265137,9.449999809265137,9.449999809265137,275,0.0,0.0,0.0
2024-11-07 10:58:00-05:00,9.456348419189453,9.456348419189453,9.430000305175781,9.430000305175781,457,0.0,0.0,0.0
2024-11-07 11:00:00-05:00,9.460000038146973,9.460000038146973,9.460000038146973,9.460000038146973,242,0.0,0.0,0.0
2024-11-07 11:01:00-05:00,9.447500228881836,9.449999809265137,9.40999984741211,9.40999984741211,5218,0.0,0.0,0.0
2024-11-07 11:02:00-05:00,9.430000305175781,9.430000305175781,9.430000305175781,9.430000305175781,237,0.0,0.0,0.0
2024-11-07 11:03:00-05:00,9.412500381469727,9.412500381469727,9.412500381469727,9.412500381469727,243,0.0,0.0,0.0
2024-11-07 11:05:00-05:00,9.449999809265137,9.449999809265137,9.449999809265137,9.449999809265137,100,0.0,0.0,0.0
2024-11-07 11:06:00-05:00,9.449999809265137,9.477499961853027,9.449999809265137,9.477499961853027,559,0.0,0.0,0.0
2024-11-07 11:08:00-05:00,9.430000305175781,9.430000305175781,9.430000305175781,9.430000305175781,194,0.0,0.0,0.0
2024-11-07 11:09:00-05:00,9.430000305175781,9.430000305175781,9.430000305175781,9.430000305175781,111,0.0,0.0,0.0
2024-11-07 11:10:00-05:00,9.4350004196167,9.4350004196167,9.427599906921387,9.427599906921387,412,0.0,0.0,0.0
2024-11-07 11:11:00-05:00,9.4399995803833,9.4399995803833,9.4399995803833,9.4399995803833,401,0.0,0.0,0.0
2024-11-07 11:14:00-05:00,9.430000305175781,9.430000305175781,9.430000305175781,9.430000305175781,592,0.0,0.0,0.0
2024-11-07 11:16:00-05:00,9.420000076293945,9.420000076293945,9.420000076293945,9.420000076293945,189,0.0,0.0,0.0
2024-11-07 11:17:00-05:00,9.41100025177002,9.41100025177002,9.410099983215332,9.410099983215332,380,0.0,0.0,0.0
2024-11-07 11:20:00-05:00,9.460000038146973,9.460000038146973,9.460000038146973,9.460000038146973,554,0.0,0.0,0.0
2024-11-07 11:25:00-05:00,9.45989990234375,9.45989990234375,9.45989990234375,9.45989990234375,214290,0.0,0.0,0.0
2024-11-07 11:26:00-05:00,9.449999809265137,9.449999809265137,9.4350004196167,9.4350004196167,643,0.0,0.0,0.0
2024-11-07 11:29:00-05:00,9.425000190734863,9.4375,9.425000190734863,9.4375,626,0.0,0.0,0.0
2024-11-07 11:33:00-05:00,9.420000076293945,9.420000076293945,9.420000076293945,9.420000076293945,254,0.0,0.0,0.0
2024-11-07 11:35:00-05:00,9.414999961853027,9.414999961853027,9.41450023651123,9.41450023651123,320,0.0,0.0,0.0
2024-11-07 11:39:00-05:00,9.40999984741211,9.419699668884277,9.40999984741211,9.419699668884277,1166,0.0,0.0,0.0
2024-11-07 11:42:00-05:00,9.419599533081055,9.419599533081055,9.414999961853027,9.414999961853027,211,0.0,0.0,0.0
2024-11-07 11:43:00-05:00,9.419500350952148,9.419500350952148,9.359999656677246,9.359999656677246,2164,0.0,0.0,0.0
2024-11-07 11:44:00-05:00,9.36989974975586,9.36989974975586,9.36989974975586,9.36989974975586,2030,0.0,0.0,0.0
2024-11-07 11:45:00-05:00,9.360400199890137,9.360400199890137,9.359999656677246,9.359999656677246,562,0.0,0.0,0.0
2024-11-07 11:49:00-05:00,9.36989974975586,9.36989974975586,9.36989974975586,9.36989974975586,2053,0.0,0.0,0.0
2024-11-07 11:50:00-05:00,9.369999885559082,9.369999885559082,9.369999885559082,9.369999885559082,1036,0.0,0.0,0.0
2024-11-07 11:51:00-05:00,9.359999656677246,9.359999656677246,9.35890007019043,9.35890007019043,201,0.0,0.0,0.0
2024-11-07 11:52:00-05:00,9.359999656677246,9.359999656677246,9.359999656677246,9.359999656677246,156,0.0,0.0,0.0
2024-11-07 11:54:00-05:00,9.36989974975586,9.36989974975586,9.36989974975586,9.36989974975586,2051,0.0,0.0,0.0
2024-11-07 11:55:00-05:00,9.350000381469727,9.350000381469727,9.350000381469727,9.350000381469727,359,0.0,0.0,0.0
2024-11-07 11:56:00-05:00,9.359999656677246,9.359999656677246,9.359999656677246,9.359999656677246,645,0.0,0.0,0.0
2024-11-07 11:59:00-05:00,9.359600067138672,9.359600067138672,9.359600067138672,9.359600067138672,229286,0.0,0.0,0.0
2024-11-07 12:00:00-05:00,9.375,9.375,9.375,9.375,236,0.0,0.0,0.0
2024-11-07 12:01:00-05:00,9.399999618530273,9.399999618530273,9.399999618530273,9.399999618530273,1340,0.0,0.0,0.0
2024-11-07 12:02:00-05:00,9.390000343322754,9.409500122070312,9.390000343322754,9.409500122070312,200,0.0,0.0,0.0
2024-11-07 12:03:00-05:00,9.40250015258789,9.40250015258789,9.40250015258789,9.40250015258789,246,0.0,0.0,0.0
2024-11-07 12:05:00-05:00,9.399999618530273,9.399999618530273,9.399999618530273,9.399999618530273,645,0.0,0.0,0.0
2024-11-07 12:07:00-05:00,9.418000221252441,9.418000221252441,9.418000221252441,9.418000221252441,100,0.0,0.0,0.0
2024-11-07 12:09:00-05:00,9.420000076293945,9.420000076293945,9.399999618530273,9.418000221252441,311,0.0,0.0,0.0
2024-11-07 12:11:00-05:00,9.390000343322754,9.390000343322754,9.390000343322754,9.390000343322754,171,0.0,0.0,0.0
2024-11-07 12:13:00-05:00,9.402499198913574,9.402499198913574,9.402499198913574,9.402499198913574,365,0.0,0.0,0.0
2024-11-07 12:18:00-05:00,9.399999618530273,9.399999618530273,9.390000343322754,9.390000343322754,915,0.0,0.0,0.0
2024-11-07 12:21:00-05:00,9.399999618530273,9.399999618530273,9.390000343322754,9.390000343322754,283,0.0,0.0,0.0
2024-11-07 12:24:00-05:00,9.380000114440918,9.380000114440918,9.369999885559082,9.369999885559082,435,0.0,0.0,0.0
2024-11-07 12:29:00-05:00,9.375,9.375,9.375,9.375,322,0.0,0.0,0.0
2024-11-07 12:38:00-05:00,9.350099563598633,9.387900352478027,9.350099563598633,9.387900352478027,1189,0.0,0.0,0.0
2024-11-07 12:40:00-05:00,9.408699989318848,9.408699989318848,9.408699989318848,9.408699989318848,211,0.0,0.0,0.0
2024-11-07 12:41:00-05:00,9.407999992370605,9.407999992370605,9.407999992370605,9.407999992370605,500,0.0,0.0,0.0
2024-11-07 12:42:00-05:00,9.357500076293945,9.357500076293945,9.357500076293945,9.357500076293945,765,0.0,0.0,0.0
2024-11-07 12:43:00-05:00,9.407400131225586,9.407400131225586,9.407400131225586,9.407400131225586,153,0.0,0.0,0.0
2024-11-07 12:45:00-05:00,9.406299591064453,9.406299591064453,9.406299591064453,9.406299591064453,175,0.0,0.0,0.0
2024-11-07 12:50:00-05:00,9.375,9.375,9.375,9.375,203,0.0,0.0,0.0
2024-11-07 12:51:00-05:00,9.375,9.375,9.375,9.375,520,0.0,0.0,0.0
2024-11-07 12:57:00-05:00,9.372599601745605,9.372599601745605,9.372599601745605,9.372599601745605,766,0.0,0.0,0.0
2024-11-07 13:09:00-05:00,9.430000305175781,9.469499588012695,9.430000305175781,9.469499588012695,263,0.0,0.0,0.0
2024-11-07 13:10:00-05:00,9.470000267028809,9.470000267028809,9.470000267028809,9.470000267028809,300,0.0,0.0,0.0
2024-11-07 13:13:00-05:00,9.4399995803833,9.4399995803833,9.4399995803833,9.4399995803833,218,0.0,0.0,0.0
2024-11-07 13:21:00-05:00,9.460000038146973,9.460000038146973,9.4399995803833,9.4399995803833,1300,0.0,0.0,0.0
2024-11-07 13:23:00-05:00,9.430000305175781,9.430000305175781,9.430000305175781,9.430000305175781,1635,0.0,0.0,0.0
2024-11-07 13:24:00-05:00,9.4399995803833,9.4399995803833,9.4399995803833,9.4399995803833,730,0.0,0.0,0.0
2024-11-07 13:33:00-05:00,9.45009994506836,9.45009994506836,9.45009994506836,9.45009994506836,102,0.0,0.0,0.0
2024-11-07 13:34:00-05:00,9.454000473022461,9.454000473022461,9.454000473022461,9.454000473022461,329,0.0,0.0,0.0
2024-11-07 13:37:00-05:00,9.4399995803833,9.4399995803833,9.4399995803833,9.4399995803833,4781,0.0,0.0,0.0
2024-11-07 13:47:00-05:00,9.4350004196167,9.4350004196167,9.4350004196167,9.4350004196167,195,0.0,0.0,0.0
2024-11-07 13:55:00-05:00,9.401000022888184,9.401000022888184,9.401000022888184,9.401000022888184,347,0.0,0.0,0.0
2024-11-07 13:59:00-05:00,9.418999671936035,9.418999671936035,9.418999671936035,9.418999671936035,359,0.0,0.0,0.0
2024-11-07 14:01:00-05:00,9.399999618530273,9.399999618530273,9.399999618530273,9.399999618530273,1058,0.0,0.0,0.0
2024-11-07 14:02:00-05:00,9.399999618530273,9.40999984741211,9.399999618530273,9.399999618530273,1390,0.0,0.0,0.0
2024-11-07 14:10:00-05:00,9.404999732971191,9.404999732971191,9.404999732971191,9.404999732971191,291,0.0,0.0,0.0
2024-11-07 14:12:00-05:00,9.404999732971191,9.404999732971191,9.404999732971191,9.404999732971191,179,0.0,0.0,0.0
2024-11-07 14:14:00-05:00,9.409700393676758,9.409700393676758,9.409700393676758,9.409700393676758,3084,0.0,0.0,0.0
2024-11-07 14:22:00-05:00,9.420000076293945,9.420000076293945,9.420000076293945,9.420000076293945,882,0.0,0.0,0.0
2024-11-07 14:23:00-05:00,9.420000076293945,9.420000076293945,9.420000076293945,9.420000076293945,1699,0.0,0.0,0.0
2024-11-07 14:26:00-05:00,9.430000305175781,9.430000305175781,9.430000305175781,9.430000305175781,203,0.0,0.0,0.0
2024-11-07 14:27:00-05:00,9.399999618530273,9.399999618530273,9.399999618530273,9.399999618530273,686,0.0,0.0,0.0
2024-11-07 14:38:00-05:00,9.400099754333496,9.400099754333496,9.400099754333496,9.400099754333496,486,0.0,0.0,0.0
2024-11-07 14:44:00-05:00,9.430000305175781,9.430000305175781,9.420000076293945,9.420000076293945,200,0.0,0.0,0.0
2024-11-07 14:45:00-05:00,9.420000076293945,9.420000076293945,9.420000076293945,9.420000076293945,201,0.0,0.0,0.0
2024-11-07 14:49:00-05:00,9.40999984741211,9.40999984741211,9.40999984741211,9.40999984741211,340,0.0,0.0,0.0
2024-11-07 14:51:00-05:00,9.40999984741211,9.40999984741211,9.40999984741211,9.40999984741211,223,0.0,0.0,0.0
2024-11-07 14:56:00-05:00,9.405400276184082,9.405400276184082,9.405400276184082,9.405400276184082,213,0.0,0.0,0.0
2024-11-07 14:58:00-05:00,9.430000305175781,9.430000305175781,9.430000305175781,9.430000305175781,211,0.0,0.0,0.0
2024-11-07 14:59:00-05:00,9.40999984741211,9.40999984741211,9.40999984741211,9.40999984741211,202,0.0,0.0,0.0
2024-11-07 15:01:00-05:00,9.414999961853027,9.420000076293945,9.40999984741211,9.40999984741211,3040,0.0,0.0,0.0
2024-11-07 15:02:00-05:00,9.399999618530273,9.399999618530273,9.399999618530273,9.399999618530273,244,0.0,0.0,0.0
2024-11-07 15:06:00-05:00,9.426600456237793,9.426600456237793,9.426600456237793,9.426600456237793,106,0.0,0.0,0.0
2024-11-07 15:07:00-05:00,9.400099754333496,9.400099754333496,9.400099754333496,9.400099754333496,221,0.0,0.0,0.0
2024-11-07 15:13:00-05:00,9.404999732971191,9.409600257873535,9.404999732971191,9.409600257873535,520,0.0,0.0,0.0
2024-11-07 15:14:00-05:00,9.404999732971191,9.404999732971191,9.399999618530273,9.399999618530273,1285,0.0,0.0,0.0
2024-11-07 15:15:00-05:00,9.369999885559082,9.369999885559082,9.369999885559082,9.369999885559082,700,0.0,0.0,0.0
2024-11-07 15:21:00-05:00,9.37969970703125,9.37969970703125,9.37969970703125,9.37969970703125,5063,0.0,0.0,0.0
2024-11-07 15:24:00-05:00,9.369999885559082,9.369999885559082,9.369999885559082,9.369999885559082,324,0.0,0.0,0.0
2024-11-07 15:27:00-05:00,9.380000114440918,9.380000114440918,9.369999885559082,9.370100021362305,813,0.0,0.0,0.0
2024-11-07 15:29:00-05:00,9.420000076293945,9.420000076293945,9.420000076293945,9.420000076293945,135,0.0,0.0,0.0
2024-11-07 15:30:00-05:00,9.419899940490723,9.419899940490723,9.419899940490723,9.419899940490723,150,0.0,0.0,0.0
2024-11-07 15:31:00-05:00,9.390000343322754,9.390000343322754,9.390000343322754,9.390000343322754,269,0.0,0.0,0.0
2024-11-07 15:33:00-05:00,9.390000343322754,9.390000343322754,9.390000343322754,9.390000343322754,243,0.0,0.0,0.0
2024-11-07 15:35:00-05:00,9.390000343322754,9.390000343322754,9.390000343322754,9.390000343322754,278,0.0,0.0,0.0
2024-11-07 15:46:00-05:00,9.399999618530273,9.399999618530273,9.399999618530273,9.399999618530273,112,0.0,0.0,0.0
2024-11-07 15:49:00-05:00,9.399999618530273,9.399999618530273,9.399999618530273,9.399999618530273,231,0.0,0.0,0.0
2024-11-07 15:50:00-05:00,9.399999618530273,9.439900398254395,9.359999656677246,9.39009952545166,4999,0.0,0.0,0.0
2024-11-07 15:53:00-05:00,9.404999732971191,9.404999732971191,9.404999732971191,9.404999732971191,487,0.0,0.0,0.0
2024-11-07 15:54:00-05:00,9.404999732971191,9.404999732971191,9.404999732971191,9.404999732971191,200,0.0,0.0,0.0
2024-11-07 15:57:00-05:00,9.430000305175781,9.430000305175781,9.430000305175781,9.430000305175781,925,0.0,0.0,0.0
2024-11-07 15:59:00-05:00,9.440299987792969,9.440299987792969,9.390000343322754,9.390000343322754,991,0.0,0.0,0.0
2024-11-08 09:30:00-05:00,9.34000015258789,9.34000015258789,9.34000015258789,9.34000015258789,22412,0.0,0.0,0.0
2024-11-08 09:31:00-05:00,9.380000114440918,9.380000114440918,9.380000114440918,9.380000114440918,200,0.0,0.0,0.0
2024-11-08 09:32:00-05:00,9.420000076293945,9.420000076293945,9.420000076293945,9.420000076293945,945,0.0,0.0,0.0
2024-11-08 09:33:00-05:00,9.350000381469727,9.352999687194824,9.329999923706055,9.352999687194824,2058,0.0,0.0,0.0
2024-11-08 09:34:00-05:00,9.329999923706055,9.329999923706055,9.251899719238281,9.251899719238281,17101,0.0,0.0,0.0
2024-11-08 09:35:00-05:00,9.295000076293945,9.295000076293945,9.295000076293945,9.295000076293945,1192,0.0,0.0,0.0
2024-11-08 09:38:00-05:00,9.1899995803833,9.1899995803833,9.140000343322754,9.140000343322754,5729,0.0,0.0,0.0
2024-11-08 09:39:00-05:00,9.15999984741211,9.15999984741211,9.15999984741211,9.15999984741211,579,0.0,0.0,0.0
2024-11-08 09:42:00-05:00,9.149999618530273,9.149999618530273,9.149999618530273,9.149999618530273,239,0.0,0.0,0.0
2024-11-08 09:43:00-05:00,9.15999984741211,9.15999984741211,9.15999984741211,9.15999984741211,500,0.0,0.0,0.0
2024-11-08 09:44:00-05:00,9.15999984741211,9.15999984741211,9.15999984741211,9.15999984741211,111,0.0,0.0,0.0
2024-11-08 09:45:00-05:00,9.15999984741211,9.15999984741211,9.15999984741211,9.15999984741211,748,0.0,0.0,0.0
2024-11-08 09:46:00-05:00,9.149999618530273,9.149999618530273,9.149999618530273,9.149999618530273,1083,0.0,0.0,0.0
2024-11-08 09:47:00-05:00,9.197400093078613,9.197400093078613,9.197400093078613,9.197400093078613,15435,0.0,0.0,0.0
2024-11-08 09:48:00-05:00,9.149999618530273,9.154999732971191,9.149999618530273,9.154999732971191,801,0.0,0.0,0.0
2024-11-08 09:49:00-05:00,9.136699676513672,9.136699676513672,9.107600212097168,9.107600212097168,293,0.0,0.0,0.0
2024-11-08 09:50:00-05:00,9.140000343322754,9.140000343322754,9.140000343322754,9.140000343322754,257,0.0,0.0,0.0
2024-11-08 09:52:00-05:00,9.107600212097168,9.107600212097168,9.107600212097168,9.107600212097168,284,0.0,0.0,0.0
2024-11-08 09:53:00-05:00,9.100099563598633,9.100099563598633,9.100000381469727,9.100000381469727,877,0.0,0.0,0.0
2024-11-08 09:55:00-05:00,9.119999885559082,9.154999732971191,9.109999656677246,9.109999656677246,1516,0.0,0.0,0.0
2024-11-08 09:56:00-05:00,9.166500091552734,9.169899940490723,9.130000114440918,9.130000114440918,1261,0.0,0.0,0.0
2024-11-08 09:57:00-05:00,9.135000228881836,9.135000228881836,9.110099792480469,9.110099792480469,257,0.0,0.0,0.0
2024-11-08 09:58:00-05:00,9.109999656677246,9.109999656677246,9.09000015258789,9.09000015258789,2769,0.0,0.0,0.0
2024-11-08 10:00:00-05:00,9.029999732971191,9.029999732971191,9.029999732971191,9.029999732971191,1555,0.0,0.0,0.0
2024-11-08 10:01:00-05:00,9.010100364685059,9.029999732971191,9.010000228881836,9.010000228881836,1737,0.0,0.0,0.0
2024-11-08 10:02:00-05:00,9.010000228881836,9.027899742126465,8.989999771118164,8.989999771118164,3712,0.0,0.0,0.0
2024-11-08 10:03:00-05:00,8.99839973449707,8.99839973449707,8.949999809265137,8.949999809265137,382,0.0,0.0,0.0
2024-11-08 10:04:00-05:00,8.95009994506836,8.95009994506836,8.95009994506836,8.95009994506836,121,0.0,0.0,0.0
2024-11-08 10:05:00-05:00,8.96030044555664,9.06659984588623,8.96030044555664,9.06659984588623,1279,0.0,0.0,0.0
2024-11-08 10:07:00-05:00,9.066200256347656,9.066200256347656,9.04010009765625,9.04010009765625,1162,0.0,0.0,0.0
2024-11-08 10:09:00-05:00,9.000100135803223,9.000100135803223,9.000100135803223,9.000100135803223,342,0.0,0.0,0.0
2024-11-08 10:10:00-05:00,8.982999801635742,9.03499984741211,8.982999801635742,9.03499984741211,428,0.0,0.0,0.0
2024-11-08 10:11:00-05:00,9.039999961853027,9.039999961853027,9.039999961853027,9.039999961853027,559,0.0,0.0,0.0
2024-11-08 10:13:00-05:00,8.979999542236328,8.979999542236328,8.979999542236328,8.979999542236328,527,0.0,0.0,0.0
2024-11-08 10:14:00-05:00,8.949999809265137,8.960000038146973,8.949999809265137,8.960000038146973,2554,0.0,0.0,0.0
2024-11-08 10:16:00-05:00,8.90999984741211,8.975099563598633,8.90999984741211,8.975099563598633,455,0.0,0.0,0.0
2024-11-08 10:17:00-05:00,9.006500244140625,9.006500244140625,8.949999809265137,8.949999809265137,276,0.0,0.0,0.0
2024-11-08 10:18:00-05:00,8.969900131225586,8.969900131225586,8.969900131225586,8.969900131225586,521,0.0,0.0,0.0
2024-11-08 10:19:00-05:00,8.920000076293945,8.920000076293945,8.880000114440918,8.880000114440918,1825,0.0,0.0,0.0
2024-11-08 10:20:00-05:00,8.969900131225586,8.969900131225586,8.925000190734863,8.925000190734863,4181,0.0,0.0,0.0
2024-11-08 10:21:00-05:00,8.88010025024414,8.88010025024414,8.88010025024414,8.88010025024414,281,0.0,0.0,0.0
2024-11-08 10:22:00-05:00,8.9399995803833,8.949999809265137,8.90999984741211,8.9399995803833,19456,0.0,0.0,0.0
2024-11-08 10:23:00-05:00,8.899999618530273,8.899999618530273,8.88010025024414,8.88010025024414,329,0.0,0.0,0.0
2024-11-08 10:24:00-05:00,8.880000114440918,8.880000114440918,8.845000267028809,8.845000267028809,816,0.0,0.0,0.0
2024-11-08 10:25:00-05:00,8.850000381469727,8.869400024414062,8.803500175476074,8.869400024414062,1476,0.0,0.0,0.0
2024-11-08 10:26:00-05:00,8.813400268554688,8.84000015258789,8.813400268554688,8.84000015258789,446,0.0,0.0,0.0
2024-11-08 10:29:00-05:00,8.898799896240234,8.898799896240234,8.8326997756958,8.8326997756958,651,0.0,0.0,0.0
2024-11-08 10:30:00-05:00,8.816499710083008,8.859999656677246,8.816499710083008,8.84000015258789,2498,0.0,0.0,0.0
2024-11-08 10:31:00-05:00,8.812800407409668,8.821000099182129,8.779999732971191,8.779999732971191,2471,0.0,0.0,0.0
2024-11-08 10:32:00-05:00,8.75,8.75,8.75,8.75,257,0.0,0.0,0.0
2024-11-08 10:33:00-05:00,8.724900245666504,8.779999732971191,8.724900245666504,8.749899864196777,4423,0.0,0.0,0.0
2024-11-08 10:34:00-05:00,8.749899864196777,8.749899864196777,8.749899864196777,8.749899864196777,397,0.0,0.0,0.0
2024-11-08 10:35:00-05:00,8.710000038146973,8.729999542236328,8.710000038146973,8.729999542236328,816,0.0,0.0,0.0
2024-11-08 10:36:00-05:00,8.890000343322754,8.890000343322754,8.890000343322754,8.890000343322754,4828,0.0,0.0,0.0
2024-11-08 10:37:00-05:00,8.716400146484375,8.716400146484375,8.716400146484375,8.716400146484375,611,0.0,0.0,0.0
2024-11-08 10:40:00-05:00,8.845000267028809,8.850000381469727,8.845000267028809,8.850000381469727,448,0.0,0.0,0.0
2024-11-08 10:42:00-05:00,8.83329963684082,8.83329963684082,8.83329963684082,8.83329963684082,371,0.0,0.0,0.0
2024-11-08 10:43:00-05:00,8.820099830627441,8.886300086975098,8.820099830627441,8.845000267028809,1843,0.0,0.0,0.0
2024-11-08 10:44:00-05:00,8.829999923706055,8.829999923706055,8.829999923706055,8.829999923706055,263,0.0,0.0,0.0
2024-11-08 10:45:00-05:00,8.929800033569336,8.929800033569336,8.909799575805664,8.909799575805664,5867,0.0,0.0,0.0
2024-11-08 10:47:00-05:00,8.86240005493164,8.86240005493164,8.86240005493164,8.86240005493164,170,0.0,0.0,0.0
2024-11-08 10:49:00-05:00,8.880000114440918,8.880000114440918,8.869999885559082,8.869999885559082,1503,0.0,0.0,0.0
2024-11-08 10:51:00-05:00,8.78499984741211,8.78499984741211,8.78499984741211,8.78499984741211,136,0.0,0.0,0.0
2024-11-08 10:52:00-05:00,8.800000190734863,8.800000190734863,8.800000190734863,8.800000190734863,1056,0.0,0.0,0.0
2024-11-08 10:54:00-05:00,8.868599891662598,8.868599891662598,8.868599891662598,8.868599891662598,103,0.0,0.0,0.0
2024-11-08 10:55:00-05:00,8.820099830627441,8.820099830627441,8.820099830627441,8.820099830627441,308,0.0,0.0,0.0
2024-11-08 10:59:00-05:00,8.904999732971191,8.904999732971191,8.904999732971191,8.904999732971191,231,0.0,0.0,0.0
2024-11-08 11:02:00-05:00,8.930000305175781,8.930000305175781,8.90719985961914,8.90719985961914,568,0.0,0.0,0.0
2024-11-08 11:05:00-05:00,8.890000343322754,8.890000343322754,8.890000343322754,8.890000343322754,146,0.0,0.0,0.0
2024-11-08 11:07:00-05:00,8.868499755859375,8.868499755859375,8.868499755859375,8.868499755859375,408,0.0,0.0,0.0
2024-11-08 11:09:00-05:00,8.859999656677246,8.86929988861084,8.859999656677246,8.86929988861084,203,0.0,0.0,0.0
2024-11-08 11:10:00-05:00,8.84000015258789,8.84000015258789,8.84000015258789,8.84000015258789,286,0.0,0.0,0.0
2024-11-08 11:13:00-05:00,8.85789966583252,8.85789966583252,8.850000381469727,8.850000381469727,390,0.0,0.0,0.0
2024-11-08 11:18:00-05:00,8.838000297546387,8.849900245666504,8.770000457763672,8.770000457763672,636,0.0,0.0,0.0
2024-11-08 11:20:00-05:00,8.819999694824219,8.819999694824219,8.819999694824219,8.819999694824219,143,0.0,0.0,0.0
2024-11-08 11:22:00-05:00,8.773200035095215,8.8100004196167,8.773200035095215,8.800800323486328,513,0.0,0.0,0.0
2024-11-08 11:23:00-05:00,8.770000457763672,8.770000457763672,8.770000457763672,8.770000457763672,188,0.0,0.0,0.0
2024-11-08 11:24:00-05:00,8.770000457763672,8.770000457763672,8.770000457763672,8.770000457763672,2175,0.0,0.0,0.0
2024-11-08 11:26:00-05:00,8.739999771118164,8.739999771118164,8.739999771118164,8.739999771118164,251,0.0,0.0,0.0
2024-11-08 11:27:00-05:00,8.720000267028809,8.720000267028809,8.699999809265137,8.699999809265137,7496,0.0,0.0,0.0
2024-11-08 11:28:00-05:00,8.719900131225586,8.719900131225586,8.719900131225586,8.719900131225586,4160,0.0,0.0,0.0
2024-11-08 11:31:00-05:00,8.720000267028809,8.74209976196289,8.720000267028809,8.74209976196289,453,0.0,0.0,0.0
2024-11-08 11:32:00-05:00,8.769399642944336,8.769399642944336,8.723299980163574,8.723299980163574,570,0.0,0.0,0.0
2024-11-08 11:34:00-05:00,8.760000228881836,8.760000228881836,8.760000228881836,8.760000228881836,209,0.0,0.0,0.0
2024-11-08 11:35:00-05:00,8.776900291442871,8.779500007629395,8.776900291442871,8.779500007629395,515,0.0,0.0,0.0
2024-11-08 11:41:00-05:00,8.739999771118164,8.75,8.720000267028809,8.720000267028809,1482,0.0,0.0,0.0
2024-11-08 11:43:00-05:00,8.774999618530273,8.774999618530273,8.774999618530273,8.774999618530273,416,0.0,0.0,0.0
2024-11-08 11:48:00-05:00,8.798600196838379,8.798600196838379,8.798600196838379,8.798600196838379,139,0.0,0.0,0.0
2024-11-08 11:49:00-05:00,8.79740047454834,8.79740047454834,8.759699821472168,8.759699821472168,301,0.0,0.0,0.0
2024-11-08 11:50:00-05:00,8.79740047454834,8.79740047454834,8.79740047454834,8.79740047454834,160,0.0,0.0,0.0
2024-11-08 11:51:00-05:00,8.796600341796875,8.796600341796875,8.796600341796875,8.796600341796875,1025,0.0,0.0,0.0
2024-11-08 11:57:00-05:00,8.710000038146973,8.710000038146973,8.699999809265137,8.699999809265137,3413,0.0,0.0,0.0
2024-11-08 12:00:00-05:00,8.699999809265137,8.699999809265137,8.699999809265137,8.699999809265137,1314,0.0,0.0,0.0
2024-11-08 12:01:00-05:00,8.6899995803833,8.6899995803833,8.6899995803833,8.6899995803833,543,0.0,0.0,0.0
2024-11-08 12:03:00-05:00,8.6899995803833,8.6899995803833,8.6899995803833,8.6899995803833,549,0.0,0.0,0.0
2024-11-08 12:05:00-05:00,8.729999542236328,8.729999542236328,8.729999542236328,8.729999542236328,317,0.0,0.0,0.0
2024-11-08 12:12:00-05:00,8.760000228881836,8.760000228881836,8.760000228881836,8.760000228881836,1001,0.0,0.0,0.0
2024-11-08 12:18:00-05:00,8.711000442504883,8.711000442504883,8.711000442504883,8.711000442504883,590,0.0,0.0,0.0
2024-11-08 12:19:00-05:00,8.749899864196777,8.749899864196777,8.749899864196777,8.749899864196777,1160,0.0,0.0,0.0
2024-11-08 12:20:00-05:00,8.778200149536133,8.778200149536133,8.778200149536133,8.778200149536133,535,0.0,0.0,0.0
2024-11-08 12:24:00-05:00,8.744199752807617,8.744199752807617,8.744199752807617,8.744199752807617,784,0.0,0.0,0.0
2024-11-08 12:31:00-05:00,8.76729965209961,8.76729965209961,8.76729965209961,8.76729965209961,209,0.0,0.0,0.0
2024-11-08 12:32:00-05:00,8.76990032196045,8.76990032196045,8.76990032196045,8.76990032196045,2000,0.0,0.0,0.0
2024-11-08 12:33:00-05:00,8.720000267028809,8.720000267028809,8.720000267028809,8.720000267028809,301,0.0,0.0,0.0
2024-11-08 12:34:00-05:00,8.748499870300293,8.748499870300293,8.710000038146973,8.710000038146973,7048,0.0,0.0,0.0
2024-11-08 12:36:00-05:00,8.699999809265137,8.699999809265137,8.699999809265137,8.699999809265137,973,0.0,0.0,0.0
2024-11-08 12:39:00-05:00,8.70009994506836,8.739899635314941,8.70009994506836,8.739899635314941,8315,0.0,0.0,0.0
2024-11-08 12:42:00-05:00,8.757100105285645,8.757100105285645,8.757100105285645,8.757100105285645,160,0.0,0.0,0.0
2024-11-08 12:45:00-05:00,8.729999542236328,8.729999542236328,8.729999542236328,8.729999542236328,656,0.0,0.0,0.0
2024-11-08 12:50:00-05:00,8.699999809265137,8.699999809265137,8.699999809265137,8.699999809265137,126,0.0,0.0,0.0
2024-11-08 12:51:00-05:00,8.699999809265137,8.699999809265137,8.699999809265137,8.699999809265137,1943,0.0,0.0,0.0
2024-11-08 12:55:00-05:00,8.710100173950195,8.710100173950195,8.710100173950195,8.710100173950195,217,0.0,0.0,0.0
2024-11-08 12:56:00-05:00,8.729999542236328,8.760000228881836,8.729999542236328,8.760000228881836,397,0.0,0.0,0.0
2024-11-08 12:58:00-05:00,8.729999542236328,8.729999542236328,8.729999542236328,8.729999542236328,184,0.0,0.0,0.0
2024-11-08 13:02:00-05:00,8.71500015258789,8.71500015258789,8.71500015258789,8.71500015258789,316,0.0,0.0,0.0
2024-11-08 13:03:00-05:00,8.699999809265137,8.699999809265137,8.699999809265137,8.699999809265137,539,0.0,0.0,0.0
2024-11-08 13:07:00-05:00,8.71780014038086,8.71780014038086,8.71780014038086,8.71780014038086,214,0.0,0.0,0.0
2024-11-08 13:08:00-05:00,8.6899995803833,8.6899995803833,8.649999618530273,8.649999618530273,1390,0.0,0.0,0.0
2024-11-08 13:09:00-05:00,8.619999885559082,8.619999885559082,8.619999885559082,8.619999885559082,1115,0.0,0.0,0.0
2024-11-08 13:10:00-05:00,8.619999885559082,8.619999885559082,8.619999885559082,8.619999885559082,674,0.0,0.0,0.0
2024-11-08 13:11:00-05:00,8.600000381469727,8.600000381469727,8.583900451660156,8.583900451660156,2558,0.0,0.0,0.0
2024-11-08 13:19:00-05:00,8.61989974975586,8.619999885559082,8.61989974975586,8.619999885559082,373,0.0,0.0,0.0
2024-11-08 13:20:00-05:00,8.617600440979004,8.617600440979004,8.617600440979004,8.617600440979004,125,0.0,0.0,0.0
2024-11-08 13:21:00-05:00,8.61989974975586,8.61989974975586,8.61989974975586,8.61989974975586,215,0.0,0.0,0.0
2024-11-08 13:22:00-05:00,8.619999885559082,8.619999885559082,8.614299774169922,8.614299774169922,400,0.0,0.0,0.0
2024-11-08 13:23:00-05:00,8.625200271606445,8.625200271606445,8.625200271606445,8.625200271606445,272,0.0,0.0,0.0
2024-11-08 13:24:00-05:00,8.629899978637695,8.629899978637695,8.629899978637695,8.629899978637695,1367,0.0,0.0,0.0
2024-11-08 13:25:00-05:00,8.627599716186523,8.627599716186523,8.627599716186523,8.627599716186523,280,0.0,0.0,0.0
2024-11-08 13:27:00-05:00,8.61769962310791,8.629199981689453,8.61769962310791,8.629199981689453,313,0.0,0.0,0.0
2024-11-08 13:29:00-05:00,8.609999656677246,8.609999656677246,8.609999656677246,8.609999656677246,880,0.0,0.0,0.0
2024-11-08 13:34:00-05:00,8.595000267028809,8.595000267028809,8.595000267028809,8.595000267028809,117,0.0,0.0,0.0
2024-11-08 13:35:00-05:00,8.599699974060059,8.599699974060059,8.599699974060059,8.599699974060059,120,0.0,0.0,0.0
2024-11-08 13:36:00-05:00,8.59000015258789,8.59000015258789,8.570099830627441,8.570099830627441,2104,0.0,0.0,0.0
2024-11-08 13:37:00-05:00,8.579000473022461,8.579000473022461,8.555000305175781,8.555000305175781,1416,0.0,0.0,0.0
2024-11-08 13:38:00-05:00,8.555000305175781,8.555000305175781,8.550000190734863,8.550000190734863,1347,0.0,0.0,0.0
2024-11-08 13:43:00-05:00,8.520000457763672,8.520000457763672,8.520000457763672,8.520000457763672,151,0.0,0.0,0.0
2024-11-08 13:44:00-05:00,8.53689956665039,8.53689956665039,8.53689956665039,8.53689956665039,114,0.0,0.0,0.0
2024-11-08 13:45:00-05:00,8.529999732971191,8.529999732971191,8.529999732971191,8.529999732971191,834,0.0,0.0,0.0
2024-11-08 13:47:00-05:00,8.5,8.51990032196045,8.5,8.51990032196045,544,0.0,0.0,0.0
2024-11-08 13:48:00-05:00,8.529999732971191,8.529999732971191,8.529999732971191,8.529999732971191,404,0.0,0.0,0.0
2024-11-08 13:49:00-05:00,8.520000457763672,8.520000457763672,8.515000343322754,8.515000343322754,241,0.0,0.0,0.0
2024-11-08 13:50:00-05:00,8.529999732971191,8.529999732971191,8.5,8.5,1416,0.0,0.0,0.0
2024-11-08 13:51:00-05:00,8.5,8.5,8.5,8.5,201,0.0,0.0,0.0
2024-11-08 13:52:00-05:00,8.550000190734863,8.550000190734863,8.539999961853027,8.539999961853027,1124,0.0,0.0,0.0
2024-11-08 13:54:00-05:00,8.500100135803223,8.500100135803223,8.500100135803223,8.500100135803223,213,0.0,0.0,0.0
2024-11-08 13:55:00-05:00,8.529500007629395,8.529800415039062,8.529500007629395,8.529800415039062,366,0.0,0.0,0.0
2024-11-08 13:56:00-05:00,8.503600120544434,8.51449966430664,8.503600120544434,8.51449966430664,236,0.0,0.0,0.0
2024-11-08 13:57:00-05:00,8.520000457763672,8.529999732971191,8.515000343322754,8.529999732971191,2597,0.0,0.0,0.0
2024-11-08 14:00:00-05:00,8.520000457763672,8.520000457763672,8.520000457763672,8.520000457763672,279,0.0,0.0,0.0
2024-11-08 14:02:00-05:00,8.539899826049805,8.539899826049805,8.539899826049805,8.539899826049805,1201,0.0,0.0,0.0
2024-11-08 14:03:00-05:00,8.539999961853027,8.539999961853027,8.539999961853027,8.539999961853027,1291,0.0,0.0,0.0
2024-11-08 14:04:00-05:00,8.520000457763672,8.520000457763672,8.520000457763672,8.520000457763672,100,0.0,0.0,0.0
2024-11-08 14:05:00-05:00,8.520000457763672,8.529899597167969,8.520000457763672,8.529899597167969,1733,0.0,0.0,0.0
2024-11-08 14:07:00-05:00,8.509699821472168,8.509699821472168,8.509699821472168,8.509699821472168,240,0.0,0.0,0.0
2024-11-08 14:08:00-05:00,8.5,8.5,8.5,8.5,2817,0.0,0.0,0.0
2024-11-08 14:09:00-05:00,8.479999542236328,8.479999542236328,8.460000038146973,8.469900131225586,831,0.0,0.0,0.0
2024-11-08 14:10:00-05:00,8.449999809265137,8.449999809265137,8.429965019226074,8.429965019226074,1333,0.0,0.0,0.0
2024-11-08 14:11:00-05:00,8.406499862670898,8.406499862670898,8.406499862670898,8.406499862670898,251,0.0,0.0,0.0
2024-11-08 14:12:00-05:00,8.430000305175781,8.430000305175781,8.430000305175781,8.430000305175781,558,0.0,0.0,0.0
2024-11-08 14:13:00-05:00,8.400099754333496,8.42199993133545,8.400099754333496,8.42199993133545,6662,0.0,0.0,0.0
2024-11-08 14:15:00-05:00,8.444999694824219,8.444999694824219,8.444999694824219,8.444999694824219,168,0.0,0.0,0.0
2024-11-08 14:17:00-05:00,8.460000038146973,8.460000038146973,8.460000038146973,8.460000038146973,134,0.0,0.0,0.0
2024-11-08 14:18:00-05:00,8.469900131225586,8.469900131225586,8.469900131225586,8.469900131225586,4030,0.0,0.0,0.0
2024-11-08 14:19:00-05:00,8.400099754333496,8.400099754333496,8.400099754333496,8.400099754333496,325,0.0,0.0,0.0
2024-11-08 14:21:00-05:00,8.4350004196167,8.454999923706055,8.4350004196167,8.454999923706055,1973,0.0,0.0,0.0
2024-11-08 14:22:00-05:00,8.4399995803833,8.4399995803833,8.4399995803833,8.4399995803833,133,0.0,0.0,0.0
2024-11-08 14:23:00-05:00,8.444999694824219,8.458999633789062,8.444999694824219,8.458999633789062,479,0.0,0.0,0.0
2024-11-08 14:24:00-05:00,8.46500015258789,8.5,8.46500015258789,8.5,6730,0.0,0.0,0.0
2024-11-08 14:28:00-05:00,8.459699630737305,8.459699630737305,8.459699630737305,8.459699630737305,205,0.0,0.0,0.0
2024-11-08 14:29:00-05:00,8.449999809265137,8.449999809265137,8.449999809265137,8.449999809265137,581,0.0,0.0,0.0
2024-11-08 14:33:00-05:00,8.516500473022461,8.516500473022461,8.516500473022461,8.516500473022461,570,0.0,0.0,0.0
2024-11-08 14:34:00-05:00,8.520000457763672,8.520000457763672,8.520000457763672,8.520000457763672,580,0.0,0.0,0.0
2024-11-08 14:37:00-05:00,8.463399887084961,8.463399887084961,8.463399887084961,8.463399887084961,106,0.0,0.0,0.0
2024-11-08 14:38:00-05:00,8.484999656677246,8.484999656677246,8.484999656677246,8.484999656677246,870,0.0,0.0,0.0
2024-11-08 14:40:00-05:00,8.519499778747559,8.519499778747559,8.519499778747559,8.519499778747559,518,0.0,0.0,0.0
2024-11-08 14:41:00-05:00,8.509900093078613,8.509900093078613,8.509900093078613,8.509900093078613,503,0.0,0.0,0.0
2024-11-08 14:43:00-05:00,8.519200325012207,8.519200325012207,8.519200325012207,8.519200325012207,583,0.0,0.0,0.0
2024-11-08 14:44:00-05:00,8.5,8.5,8.5,8.5,190,0.0,0.0,0.0
2024-11-08 14:47:00-05:00,8.579899787902832,8.579899787902832,8.5600004196167,8.5600004196167,480,0.0,0.0,0.0
2024-11-08 14:49:00-05:00,8.5600004196167,8.5600004196167,8.529999732971191,8.529999732971191,303,0.0,0.0,0.0
2024-11-08 14:50:00-05:00,8.520000457763672,8.520000457763672,8.520000457763672,8.520000457763672,16577,0.0,0.0,0.0
2024-11-08 14:52:00-05:00,8.51159954071045,8.51159954071045,8.51159954071045,8.51159954071045,200,0.0,0.0,0.0
2024-11-08 14:53:00-05:00,8.512900352478027,8.512900352478027,8.512900352478027,8.512900352478027,233,0.0,0.0,0.0
2024-11-08 14:54:00-05:00,8.510000228881836,8.510000228881836,8.510000228881836,8.510000228881836,224,0.0,0.0,0.0
2024-11-08 14:55:00-05:00,8.5,8.5,8.5,8.5,751,0.0,0.0,0.0
2024-11-08 14:57:00-05:00,8.460000038146973,8.460000038146973,8.460000038146973,8.460000038146973,229,0.0,0.0,0.0
2024-11-08 14:58:00-05:00,8.494999885559082,8.494999885559082,8.494999885559082,8.494999885559082,510,0.0,0.0,0.0
2024-11-08 14:59:00-05:00,8.510000228881836,8.55402946472168,8.510000228881836,8.55402946472168,801,0.0,0.0,0.0
2024-11-08 15:02:00-05:00,8.500100135803223,8.500100135803223,8.500100135803223,8.500100135803223,120,0.0,0.0,0.0
2024-11-08 15:03:00-05:00,8.56760025024414,8.56760025024414,8.56760025024414,8.56760025024414,100,0.0,0.0,0.0
2024-11-08 15:04:00-05:00,8.550000190734863,8.550000190734863,8.550000190734863,8.550000190734863,228,0.0,0.0,0.0
2024-11-08 15:05:00-05:00,8.569899559020996,8.569999694824219,8.550000190734863,8.569999694824219,777,0.0,0.0,0.0
2024-11-08 15:07:00-05:00,8.529999732971191,8.529999732971191,8.529999732971191,8.529999732971191,500,0.0,0.0,0.0
2024-11-08 15:08:00-05:00,8.529999732971191,8.529999732971191,8.529999732971191,8.529999732971191,2332,0.0,0.0,0.0
2024-11-08 15:09:00-05:00,8.569100379943848,8.569999694824219,8.569100379943848,8.569999694824219,564,0.0,0.0,0.0
2024-11-08 15:11:00-05:00,8.619999885559082,8.619999885559082,8.619999885559082,8.619999885559082,501,0.0,0.0,0.0
2024-11-08 15:12:00-05:00,8.640000343322754,8.640000343322754,8.640000343322754,8.640000343322754,630,0.0,0.0,0.0
2024-11-08 15:13:00-05:00,8.664999961853027,8.664999961853027,8.600099563598633,8.600099563598633,4550,0.0,0.0,0.0
2024-11-08 15:14:00-05:00,8.670000076293945,8.670000076293945,8.640000343322754,8.640000343322754,665,0.0,0.0,0.0
2024-11-08 15:17:00-05:00,8.699399948120117,8.699399948120117,8.699399948120117,8.699399948120117,2012,0.0,0.0,0.0
2024-11-08 15:18:00-05:00,8.65999984741211,8.65999984741211,8.649999618530273,8.649999618530273,1155,0.0,0.0,0.0
2024-11-08 15:19:00-05:00,8.649999618530273,8.649999618530273,8.649999618530273,8.649999618530273,1009,0.0,0.0,0.0
2024-11-08 15:21:00-05:00,8.680000305175781,8.680000305175781,8.680000305175781,8.680000305175781,245,0.0,0.0,0.0
2024-11-08 15:24:00-05:00,8.670000076293945,8.670000076293945,8.670000076293945,8.670000076293945,190,0.0,0.0,0.0
2024-11-08 15:27:00-05:00,8.619999885559082,8.619999885559082,8.60099983215332,8.60099983215332,471,0.0,0.0,0.0
2024-11-08 15:28:00-05:00,8.569999694824219,8.569999694824219,8.569999694824219,8.569999694824219,142,0.0,0.0,0.0
2024-11-08 15:33:00-05:00,8.640000343322754,8.640000343322754,8.640000343322754,8.640000343322754,151,0.0,0.0,0.0
2024-11-08 15:35:00-05:00,8.571900367736816,8.571900367736816,8.571900367736816,8.571900367736816,454,0.0,0.0,0.0
2024-11-08 15:37:00-05:00,8.598400115966797,8.598400115966797,8.598400115966797,8.598400115966797,827,0.0,0.0,0.0
2024-11-08 15:38:00-05:00,8.550000190734863,8.550000190734863,8.550000190734863,8.550000190734863,271,0.0,0.0,0.0
2024-11-08 15:42:00-05:00,8.5,8.5,8.5,8.5,418,0.0,0.0,0.0
2024-11-08 15:48:00-05:00,8.539999961853027,8.539999961853027,8.539999961853027,8.539999961853027,147,0.0,0.0,0.0
2024-11-08 15:53:00-05:00,8.609999656677246,8.609999656677246,8.609999656677246,8.609999656677246,462,0.0,0.0,0.0
2024-11-08 15:54:00-05:00,8.588600158691406,8.588600158691406,8.588600158691406,8.588600158691406,298,0.0,0.0,0.0
