Datetime,Open,High,Low,Close,Volume,Dividends,Stock Splits
2024-11-04 09:30:00-05:00,39.0,39.0,38.9900016784668,38.9900016784668,0,0.0,0.0
2024-11-04 09:31:00-05:00,39.04499816894531,39.04499816894531,39.04499816894531,39.04499816894531,335,0.0,0.0
2024-11-04 09:40:00-05:00,38.46900177001953,38.46900177001953,38.46900177001953,38.46900177001953,105,0.0,0.0
2024-11-04 09:42:00-05:00,38.5,38.5,38.5,38.5,198,0.0,0.0
2024-11-04 09:44:00-05:00,38.724998474121094,38.724998474121094,38.724998474121094,38.724998474121094,560,0.0,0.0
2024-11-04 09:45:00-05:00,38.58000183105469,38.599998474121094,38.58000183105469,38.599998474121094,5625,0.0,0.0
2024-11-04 09:46:00-05:00,38.9900016784668,39.0099983215332,38.9900016784668,39.0099983215332,1382,0.0,0.0
2024-11-04 09:50:00-05:00,38.939998626708984,39.08000183105469,38.849998474121094,38.849998474121094,1328,0.0,0.0
2024-11-04 09:51:00-05:00,38.67499923706055,38.67499923706055,38.67499923706055,38.67499923706055,1661,0.0,0.0
2024-11-04 09:54:00-05:00,38.779998779296875,38.779998779296875,38.779998779296875,38.779998779296875,456,0.0,0.0
2024-11-04 09:58:00-05:00,38.709999084472656,38.709999084472656,38.709999084472656,38.709999084472656,337,0.0,0.0
2024-11-04 10:01:00-05:00,39.029998779296875,39.029998779296875,39.029998779296875,39.029998779296875,959,0.0,0.0
2024-11-04 10:12:00-05:00,39.10319900512695,39.10319900512695,39.10319900512695,39.10319900512695,1732,0.0,0.0
2024-11-04 10:23:00-05:00,39.38999938964844,39.494998931884766,39.38999938964844,39.494998931884766,2572,0.0,0.0
2024-11-04 10:24:00-05:00,39.63999938964844,39.63999938964844,39.63999938964844,39.63999938964844,1374,0.0,0.0
2024-11-04 10:30:00-05:00,39.880001068115234,39.880001068115234,39.880001068115234,39.880001068115234,669,0.0,0.0
2024-11-04 10:33:00-05:00,39.88999938964844,39.88999938964844,39.65999984741211,39.65999984741211,1984,0.0,0.0
2024-11-04 10:37:00-05:00,39.77000045776367,39.77000045776367,39.77000045776367,39.77000045776367,375,0.0,0.0
2024-11-04 10:41:00-05:00,39.70830154418945,39.70830154418945,39.70830154418945,39.70830154418945,519,0.0,0.0
2024-11-04 10:51:00-05:00,39.689998626708984,39.689998626708984,39.66999816894531,39.66999816894531,481,0.0,0.0
2024-11-04 10:52:00-05:00,39.77989959716797,39.779998779296875,39.77000045776367,39.779998779296875,989,0.0,0.0
2024-11-04 10:57:00-05:00,39.762001037597656,39.762001037597656,39.762001037597656,39.762001037597656,261,0.0,0.0
2024-11-04 10:59:00-05:00,39.689998626708984,39.689998626708984,39.689998626708984,39.689998626708984,2472,0.0,0.0
2024-11-04 11:15:00-05:00,39.630001068115234,39.630001068115234,39.630001068115234,39.630001068115234,1028,0.0,0.0
2024-11-04 11:21:00-05:00,39.529998779296875,39.619998931884766,39.529998779296875,39.619998931884766,383,0.0,0.0
2024-11-04 11:31:00-05:00,39.63999938964844,39.63999938964844,39.63999938964844,39.63999938964844,663,0.0,0.0
2024-11-04 11:44:00-05:00,39.369998931884766,39.369998931884766,39.369998931884766,39.369998931884766,1303,0.0,0.0
2024-11-04 12:01:00-05:00,39.275001525878906,39.275001525878906,39.229698181152344,39.229698181152344,557,0.0,0.0
2024-11-04 12:09:00-05:00,39.20000076293945,39.20000076293945,39.20000076293945,39.20000076293945,353,0.0,0.0
2024-11-04 12:16:00-05:00,39.275001525878906,39.275001525878906,39.275001525878906,39.275001525878906,103,0.0,0.0
2024-11-04 12:18:00-05:00,39.34000015258789,39.34000015258789,39.34000015258789,39.34000015258789,384,0.0,0.0
2024-11-04 12:25:00-05:00,39.33000183105469,39.34000015258789,39.33000183105469,39.34000015258789,2380,0.0,0.0
2024-11-04 12:38:00-05:00,39.4833984375,39.4833984375,39.4833984375,39.4833984375,270,0.0,0.0
2024-11-04 12:52:00-05:00,39.4900016784668,39.4900016784668,39.4900016784668,39.4900016784668,165,0.0,0.0
2024-11-04 12:53:00-05:00,39.577999114990234,39.65999984741211,39.540000915527344,39.63999938964844,2801,0.0,0.0
2024-11-04 12:54:00-05:00,39.59000015258789,39.630001068115234,39.59000015258789,39.630001068115234,4487,0.0,0.0
2024-11-04 12:55:00-05:00,39.55500030517578,39.55500030517578,39.55500030517578,39.55500030517578,1402,0.0,0.0
2024-11-04 13:23:00-05:00,39.27000045776367,39.27000045776367,39.244998931884766,39.244998931884766,1385,0.0,0.0
2024-11-04 13:34:00-05:00,39.29999923706055,39.29999923706055,39.29999923706055,39.29999923706055,1027,0.0,0.0
2024-11-04 13:46:00-05:00,39.400001525878906,39.41999816894531,39.400001525878906,39.41999816894531,1529,0.0,0.0
2024-11-04 13:59:00-05:00,39.380001068115234,39.380001068115234,39.380001068115234,39.380001068115234,351,0.0,0.0
2024-11-04 14:13:00-05:00,39.400001525878906,39.400001525878906,39.400001525878906,39.400001525878906,256,0.0,0.0
2024-11-04 14:18:00-05:00,39.349998474121094,39.349998474121094,39.2599983215332,39.2599983215332,1698,0.0,0.0
2024-11-04 14:19:00-05:00,39.209999084472656,39.209999084472656,39.209999084472656,39.209999084472656,649,0.0,0.0
2024-11-04 14:28:00-05:00,39.25,39.279998779296875,39.25,39.279998779296875,2074,0.0,0.0
2024-11-04 14:42:00-05:00,39.321998596191406,39.321998596191406,39.321998596191406,39.321998596191406,515,0.0,0.0
2024-11-04 14:48:00-05:00,39.20000076293945,39.20000076293945,39.20000076293945,39.20000076293945,2428,0.0,0.0
2024-11-04 14:56:00-05:00,39.29999923706055,39.29999923706055,39.29999923706055,39.29999923706055,1249,0.0,0.0
2024-11-04 15:02:00-05:00,39.33000183105469,39.33000183105469,39.33000183105469,39.33000183105469,290,0.0,0.0
2024-11-04 15:04:00-05:00,39.329898834228516,39.329898834228516,39.275001525878906,39.275001525878906,415,0.0,0.0
2024-11-04 15:10:00-05:00,39.275001525878906,39.275001525878906,39.275001525878906,39.275001525878906,357,0.0,0.0
2024-11-04 15:13:00-05:00,39.19499969482422,39.20000076293945,39.19499969482422,39.20000076293945,459,0.0,0.0
2024-11-04 15:15:00-05:00,39.22999954223633,39.22999954223633,39.22999954223633,39.22999954223633,455,0.0,0.0
2024-11-04 15:20:00-05:00,39.27000045776367,39.290000915527344,39.27000045776367,39.290000915527344,1313,0.0,0.0
2024-11-04 15:21:00-05:00,39.25,39.25,39.209999084472656,39.209999084472656,621,0.0,0.0
2024-11-04 15:22:00-05:00,39.20000076293945,39.20000076293945,39.20000076293945,39.20000076293945,80,0.0,0.0
2024-11-04 15:24:00-05:00,39.220001220703125,39.220001220703125,39.220001220703125,39.220001220703125,802,0.0,0.0
2024-11-04 15:29:00-05:00,39.20000076293945,39.20000076293945,39.20000076293945,39.20000076293945,103,0.0,0.0
2024-11-04 15:30:00-05:00,39.21500015258789,39.21500015258789,39.21500015258789,39.21500015258789,551,0.0,0.0
2024-11-04 15:32:00-05:00,39.17499923706055,39.20000076293945,39.17499923706055,39.20000076293945,7253,0.0,0.0
2024-11-04 15:33:00-05:00,39.25,39.400001525878906,39.25,39.349998474121094,3938,0.0,0.0
2024-11-04 15:35:00-05:00,39.334999084472656,39.334999084472656,39.279998779296875,39.279998779296875,600,0.0,0.0
2024-11-04 15:37:00-05:00,39.33000183105469,39.33000183105469,39.33000183105469,39.33000183105469,166,0.0,0.0
2024-11-04 15:38:00-05:00,39.279998779296875,39.279998779296875,39.279998779296875,39.279998779296875,113,0.0,0.0
2024-11-04 15:39:00-05:00,39.38999938964844,39.40999984741211,39.38999938964844,39.40999984741211,503,0.0,0.0
2024-11-04 15:40:00-05:00,39.41999816894531,39.41999816894531,39.41999816894531,39.41999816894531,998,0.0,0.0
2024-11-04 15:41:00-05:00,39.45000076293945,39.45000076293945,39.45000076293945,39.45000076293945,882,0.0,0.0
2024-11-04 15:43:00-05:00,39.40999984741211,39.40999984741211,39.34000015258789,39.39500045776367,928,0.0,0.0
2024-11-04 15:45:00-05:00,39.3849983215332,39.3849983215332,39.34000015258789,39.34000015258789,2034,0.0,0.0
2024-11-04 15:47:00-05:00,39.35499954223633,39.35499954223633,39.35499954223633,39.35499954223633,454,0.0,0.0
2024-11-04 15:50:00-05:00,39.21500015258789,39.27000045776367,39.21500015258789,39.27000045776367,1712,0.0,0.0
2024-11-04 15:51:00-05:00,39.209999084472656,39.209999084472656,39.19499969482422,39.19499969482422,1288,0.0,0.0
2024-11-04 15:53:00-05:00,39.189998626708984,39.279998779296875,39.189998626708984,39.279998779296875,2936,0.0,0.0
2024-11-04 15:54:00-05:00,39.25,39.279998779296875,39.25,39.279998779296875,618,0.0,0.0
2024-11-04 15:55:00-05:00,39.27000045776367,39.27000045776367,39.220001220703125,39.220001220703125,1247,0.0,0.0
2024-11-04 15:56:00-05:00,39.20000076293945,39.20000076293945,39.20000076293945,39.20000076293945,115,0.0,0.0
2024-11-04 15:57:00-05:00,39.20000076293945,39.22999954223633,39.150001525878906,39.22999954223633,3777,0.0,0.0
2024-11-04 15:58:00-05:00,39.20000076293945,39.20000076293945,39.20000076293945,39.20000076293945,864,0.0,0.0
2024-11-04 15:59:00-05:00,39.25,39.310001373291016,39.20000076293945,39.20000076293945,3275,0.0,0.0
2024-11-05 09:30:00-05:00,39.290000915527344,39.290000915527344,39.290000915527344,39.290000915527344,1212,0.0,0.0
2024-11-05 09:42:00-05:00,39.43000030517578,39.43000030517578,39.43000030517578,39.43000030517578,744,0.0,0.0
2024-11-05 09:43:00-05:00,39.68000030517578,39.68000030517578,39.68000030517578,39.68000030517578,351,0.0,0.0
2024-11-05 09:51:00-05:00,39.58000183105469,39.84000015258789,39.58000183105469,39.790000915527344,2636,0.0,0.0
2024-11-05 09:58:00-05:00,39.255001068115234,39.255001068115234,39.255001068115234,39.255001068115234,460,0.0,0.0
2024-11-05 10:00:00-05:00,39.27000045776367,39.27000045776367,39.27000045776367,39.27000045776367,1390,0.0,0.0
2024-11-05 10:14:00-05:00,39.417598724365234,39.439998626708984,39.400001525878906,39.40999984741211,1858,0.0,0.0
2024-11-05 10:26:00-05:00,39.54999923706055,39.54999923706055,39.54999923706055,39.54999923706055,859,0.0,0.0
2024-11-05 10:39:00-05:00,39.69499969482422,39.69499969482422,39.69499969482422,39.69499969482422,253,0.0,0.0
2024-11-05 10:43:00-05:00,39.790000915527344,39.790000915527344,39.790000915527344,39.790000915527344,323,0.0,0.0
2024-11-05 10:45:00-05:00,39.709999084472656,39.709999084472656,39.66999816894531,39.66999816894531,985,0.0,0.0
2024-11-05 10:46:00-05:00,39.744998931884766,39.744998931884766,39.744998931884766,39.744998931884766,170,0.0,0.0
2024-11-05 10:48:00-05:00,39.59000015258789,39.59000015258789,39.59000015258789,39.59000015258789,1238,0.0,0.0
2024-11-05 10:49:00-05:00,39.63999938964844,39.63999938964844,39.63999938964844,39.63999938964844,245,0.0,0.0
2024-11-05 11:07:00-05:00,39.595001220703125,39.595001220703125,39.595001220703125,39.595001220703125,328,0.0,0.0
2024-11-05 11:15:00-05:00,39.595001220703125,39.595001220703125,39.595001220703125,39.595001220703125,156,0.0,0.0
2024-11-05 11:22:00-05:00,39.61600112915039,39.61600112915039,39.61600112915039,39.61600112915039,1009,0.0,0.0
2024-11-05 11:45:00-05:00,39.7400016784668,39.7400016784668,39.7400016784668,39.7400016784668,1164,0.0,0.0
2024-11-05 11:49:00-05:00,39.85599899291992,39.88460159301758,39.849998474121094,39.849998474121094,1682,0.0,0.0
2024-11-05 11:51:00-05:00,39.845001220703125,39.845001220703125,39.845001220703125,39.845001220703125,163,0.0,0.0
2024-11-05 11:53:00-05:00,39.709999084472656,39.709999084472656,39.68000030517578,39.68000030517578,1321,0.0,0.0
2024-11-05 12:06:00-05:00,39.63999938964844,39.63999938964844,39.63999938964844,39.63999938964844,406,0.0,0.0
2024-11-05 12:12:00-05:00,39.689998626708984,39.720001220703125,39.689998626708984,39.720001220703125,1303,0.0,0.0
2024-11-05 12:13:00-05:00,39.70500183105469,39.70500183105469,39.70500183105469,39.70500183105469,1037,0.0,0.0
2024-11-05 12:19:00-05:00,39.790000915527344,39.790000915527344,39.790000915527344,39.790000915527344,1085,0.0,0.0
2024-11-05 12:21:00-05:00,39.83000183105469,39.83000183105469,39.83000183105469,39.83000183105469,626,0.0,0.0
2024-11-05 12:23:00-05:00,39.900001525878906,39.91999816894531,39.900001525878906,39.91999816894531,1645,0.0,0.0
2024-11-05 12:33:00-05:00,39.92499923706055,39.92499923706055,39.92499923706055,39.92499923706055,208,0.0,0.0
2024-11-05 12:34:00-05:00,39.92499923706055,39.92499923706055,39.84000015258789,39.84000015258789,1135,0.0,0.0
2024-11-05 12:39:00-05:00,39.82500076293945,39.82500076293945,39.82500076293945,39.82500076293945,688,0.0,0.0
2024-11-05 12:40:00-05:00,39.91999816894531,39.95000076293945,39.84000015258789,39.84000015258789,2136,0.0,0.0
2024-11-05 12:42:00-05:00,39.810001373291016,39.810001373291016,39.79999923706055,39.79999923706055,2464,0.0,0.0
2024-11-05 12:43:00-05:00,39.81999969482422,39.81999969482422,39.72999954223633,39.72999954223633,1190,0.0,0.0
2024-11-05 12:44:00-05:00,39.70000076293945,39.70000076293945,39.70000076293945,39.70000076293945,272,0.0,0.0
2024-11-05 12:47:00-05:00,39.65999984741211,39.65999984741211,39.65999984741211,39.65999984741211,704,0.0,0.0
2024-11-05 12:48:00-05:00,39.689998626708984,39.689998626708984,39.689998626708984,39.689998626708984,530,0.0,0.0
2024-11-05 12:51:00-05:00,39.694000244140625,39.694000244140625,39.694000244140625,39.694000244140625,809,0.0,0.0
2024-11-05 12:56:00-05:00,39.790000915527344,39.790000915527344,39.790000915527344,39.790000915527344,1357,0.0,0.0
2024-11-05 13:04:00-05:00,39.84000015258789,39.84000015258789,39.84000015258789,39.84000015258789,316,0.0,0.0
2024-11-05 13:06:00-05:00,39.775001525878906,39.775001525878906,39.775001525878906,39.775001525878906,1074,0.0,0.0
2024-11-05 13:08:00-05:00,39.88999938964844,39.88999938964844,39.88999938964844,39.88999938964844,377,0.0,0.0
2024-11-05 13:14:00-05:00,39.77000045776367,39.77000045776367,39.77000045776367,39.77000045776367,313,0.0,0.0
2024-11-05 13:22:00-05:00,39.779998779296875,39.779998779296875,39.779998779296875,39.779998779296875,147,0.0,0.0
2024-11-05 13:26:00-05:00,39.880001068115234,39.880001068115234,39.880001068115234,39.880001068115234,1240,0.0,0.0
2024-11-05 13:27:00-05:00,39.880001068115234,39.880001068115234,39.880001068115234,39.880001068115234,690,0.0,0.0
2024-11-05 13:45:00-05:00,39.9900016784668,39.9900016784668,39.9900016784668,39.9900016784668,898,0.0,0.0
2024-11-05 13:46:00-05:00,40.084999084472656,40.084999084472656,40.084999084472656,40.084999084472656,118,0.0,0.0
2024-11-05 13:47:00-05:00,40.01499938964844,40.01499938964844,40.01499938964844,40.01499938964844,711,0.0,0.0
2024-11-05 13:48:00-05:00,39.92399978637695,39.92399978637695,39.92399978637695,39.92399978637695,929,0.0,0.0
2024-11-05 13:54:00-05:00,40.13999938964844,40.13999938964844,40.13999938964844,40.13999938964844,588,0.0,0.0
2024-11-05 13:57:00-05:00,40.119998931884766,40.119998931884766,40.029998779296875,40.029998779296875,2521,0.0,0.0
2024-11-05 14:03:00-05:00,40.16999816894531,40.16999816894531,40.16999816894531,40.16999816894531,1000,0.0,0.0
2024-11-05 14:04:00-05:00,40.10499954223633,40.10499954223633,40.10499954223633,40.10499954223633,0,0.0,0.0
2024-11-05 14:05:00-05:00,40.084999084472656,40.084999084472656,40.084999084472656,40.084999084472656,835,0.0,0.0
2024-11-05 14:18:00-05:00,40.05099868774414,40.05099868774414,40.05099868774414,40.05099868774414,765,0.0,0.0
2024-11-05 14:31:00-05:00,40.125,40.125,40.125,40.125,124,0.0,0.0
2024-11-05 14:33:00-05:00,40.04999923706055,40.04999923706055,40.04999923706055,40.04999923706055,804,0.0,0.0
2024-11-05 14:40:00-05:00,40.20000076293945,40.209999084472656,40.20000076293945,40.20000076293945,2189,0.0,0.0
2024-11-05 14:44:00-05:00,40.21500015258789,40.21500015258789,40.21500015258789,40.21500015258789,304,0.0,0.0
2024-11-05 14:45:00-05:00,40.2400016784668,40.25,40.209999084472656,40.209999084472656,1725,0.0,0.0
2024-11-05 14:48:00-05:00,40.119998931884766,40.14500045776367,40.119998931884766,40.14500045776367,675,0.0,0.0
2024-11-05 14:49:00-05:00,40.0099983215332,40.064998626708984,40.0099983215332,40.064998626708984,1594,0.0,0.0
2024-11-05 15:04:00-05:00,39.83000183105469,39.83000183105469,39.83000183105469,39.83000183105469,126,0.0,0.0
2024-11-05 15:07:00-05:00,39.95000076293945,39.95000076293945,39.83000183105469,39.83000183105469,1221,0.0,0.0
2024-11-05 15:09:00-05:00,39.86000061035156,39.86000061035156,39.86000061035156,39.86000061035156,865,0.0,0.0
2024-11-05 15:15:00-05:00,39.790000915527344,39.790000915527344,39.790000915527344,39.790000915527344,374,0.0,0.0
2024-11-05 15:20:00-05:00,39.900901794433594,39.900901794433594,39.900901794433594,39.900901794433594,206,0.0,0.0
2024-11-05 15:21:00-05:00,39.915000915527344,39.915000915527344,39.915000915527344,39.915000915527344,365,0.0,0.0
2024-11-05 15:22:00-05:00,39.88999938964844,39.88999938964844,39.88999938964844,39.88999938964844,944,0.0,0.0
2024-11-05 15:26:00-05:00,39.779998779296875,39.779998779296875,39.779998779296875,39.779998779296875,362,0.0,0.0
2024-11-05 15:29:00-05:00,39.779998779296875,39.779998779296875,39.650001525878906,39.650001525878906,1017,0.0,0.0
2024-11-05 15:30:00-05:00,39.630001068115234,39.63999938964844,39.630001068115234,39.63999938964844,308,0.0,0.0
2024-11-05 15:31:00-05:00,39.540000915527344,39.540000915527344,39.540000915527344,39.540000915527344,399,0.0,0.0
2024-11-05 15:33:00-05:00,39.650001525878906,39.650001525878906,39.650001525878906,39.650001525878906,763,0.0,0.0
2024-11-05 15:38:00-05:00,39.650001525878906,39.7599983215332,39.650001525878906,39.7599983215332,1801,0.0,0.0
2024-11-05 15:39:00-05:00,39.7599983215332,39.77000045776367,39.709999084472656,39.709999084472656,6048,0.0,0.0
2024-11-05 15:43:00-05:00,39.720001220703125,39.73500061035156,39.71500015258789,39.73500061035156,1969,0.0,0.0
2024-11-05 15:44:00-05:00,39.650001525878906,39.650001525878906,39.650001525878906,39.650001525878906,523,0.0,0.0
2024-11-05 15:47:00-05:00,39.619998931884766,39.619998931884766,39.54499816894531,39.54499816894531,1421,0.0,0.0
2024-11-05 15:48:00-05:00,39.54499816894531,39.54499816894531,39.54499816894531,39.54499816894531,1075,0.0,0.0
2024-11-05 15:49:00-05:00,39.63999938964844,39.63999938964844,39.63999938964844,39.63999938964844,454,0.0,0.0
2024-11-05 15:50:00-05:00,39.650001525878906,39.755001068115234,39.650001525878906,39.70500183105469,1654,0.0,0.0
2024-11-05 15:51:00-05:00,39.80009841918945,39.814998626708984,39.80009841918945,39.814998626708984,791,0.0,0.0
2024-11-05 15:53:00-05:00,39.79999923706055,39.95000076293945,39.79999923706055,39.95000076293945,1577,0.0,0.0
2024-11-05 15:54:00-05:00,39.900001525878906,39.900001525878906,39.900001525878906,39.900001525878906,1263,0.0,0.0
2024-11-05 15:55:00-05:00,39.90999984741211,39.90999984741211,39.869998931884766,39.869998931884766,1661,0.0,0.0
2024-11-05 15:56:00-05:00,39.7400016784668,39.810001373291016,39.7400016784668,39.810001373291016,3989,0.0,0.0
2024-11-05 15:57:00-05:00,39.75,39.75,39.7400016784668,39.7400016784668,1011,0.0,0.0
2024-11-05 15:58:00-05:00,39.93000030517578,39.93000030517578,39.900001525878906,39.900001525878906,1094,0.0,0.0
2024-11-05 15:59:00-05:00,39.92499923706055,39.92499923706055,39.650001525878906,39.79999923706055,4183,0.0,0.0
2024-11-06 09:30:00-05:00,41.939998626708984,42.5,41.939998626708984,42.06999969482422,7148,0.0,0.0
2024-11-06 09:31:00-05:00,42.27000045776367,42.689998626708984,42.27000045776367,42.689998626708984,1256,0.0,0.0
2024-11-06 09:32:00-05:00,42.93000030517578,42.95000076293945,42.744998931884766,42.744998931884766,920,0.0,0.0
2024-11-06 09:33:00-05:00,42.869998931884766,43.09000015258789,42.869998931884766,43.09000015258789,1320,0.0,0.0
2024-11-06 09:34:00-05:00,42.959999084472656,42.959999084472656,42.959999084472656,42.959999084472656,169,0.0,0.0
2024-11-06 09:35:00-05:00,42.935001373291016,42.935001373291016,42.915000915527344,42.915000915527344,1074,0.0,0.0
2024-11-06 09:36:00-05:00,42.959999084472656,43.0099983215332,42.959999084472656,43.0099983215332,553,0.0,0.0
2024-11-06 09:37:00-05:00,42.74470138549805,42.74470138549805,42.74470138549805,42.74470138549805,660,0.0,0.0
2024-11-06 09:38:00-05:00,43.5,43.5,43.400001525878906,43.400001525878906,1715,0.0,0.0
2024-11-06 09:39:00-05:00,43.147499084472656,43.147499084472656,43.147499084472656,43.147499084472656,464,0.0,0.0
2024-11-06 09:40:00-05:00,43.42499923706055,43.42499923706055,43.25,43.25,1967,0.0,0.0
2024-11-06 09:41:00-05:00,43.04999923706055,43.04999923706055,43.04999923706055,43.04999923706055,199,0.0,0.0
2024-11-06 09:42:00-05:00,42.869998931884766,42.869998931884766,42.525001525878906,42.525001525878906,513,0.0,0.0
2024-11-06 09:45:00-05:00,42.279998779296875,42.279998779296875,41.40999984741211,41.630001068115234,19133,0.0,0.0
2024-11-06 09:46:00-05:00,41.5099983215332,41.5099983215332,41.5099983215332,41.5099983215332,412,0.0,0.0
2024-11-06 09:48:00-05:00,41.25,41.25,41.25,41.25,1443,0.0,0.0
2024-11-06 09:56:00-05:00,40.880001068115234,40.880001068115234,40.880001068115234,40.880001068115234,783,0.0,0.0
2024-11-06 09:58:00-05:00,40.97999954223633,41.0099983215332,40.97999954223633,41.0099983215332,389,0.0,0.0
2024-11-06 09:59:00-05:00,41.224998474121094,41.45000076293945,41.224998474121094,41.45000076293945,1399,0.0,0.0
2024-11-06 10:01:00-05:00,41.630001068115234,41.630001068115234,41.470001220703125,41.564998626708984,3278,0.0,0.0
2024-11-06 10:02:00-05:00,41.47999954223633,41.47999954223633,41.47999954223633,41.47999954223633,187,0.0,0.0
2024-11-06 10:03:00-05:00,41.45000076293945,41.45000076293945,41.45000076293945,41.45000076293945,750,0.0,0.0
2024-11-06 10:04:00-05:00,41.369998931884766,41.369998931884766,41.369998931884766,41.369998931884766,1269,0.0,0.0
2024-11-06 10:08:00-05:00,41.375,41.467098236083984,41.150001525878906,41.467098236083984,1671,0.0,0.0
2024-11-06 10:09:00-05:00,41.45000076293945,41.459999084472656,41.45000076293945,41.459999084472656,2097,0.0,0.0
2024-11-06 10:11:00-05:00,41.58000183105469,41.58000183105469,41.58000183105469,41.58000183105469,1367,0.0,0.0
2024-11-06 10:15:00-05:00,41.619998931884766,41.630001068115234,41.619998931884766,41.619998931884766,5688,0.0,0.0
2024-11-06 10:16:00-05:00,41.61000061035156,41.630001068115234,41.61000061035156,41.630001068115234,1629,0.0,0.0
2024-11-06 10:17:00-05:00,41.630001068115234,41.630001068115234,41.630001068115234,41.630001068115234,448,0.0,0.0
2024-11-06 10:18:00-05:00,41.630001068115234,41.70000076293945,41.630001068115234,41.70000076293945,2184,0.0,0.0
2024-11-06 10:23:00-05:00,42.040000915527344,42.040000915527344,42.029998779296875,42.029998779296875,766,0.0,0.0
2024-11-06 10:24:00-05:00,42.25,42.25,42.25,42.25,1410,0.0,0.0
2024-11-06 10:27:00-05:00,42.2400016784668,42.25,42.2400016784668,42.25,2711,0.0,0.0
2024-11-06 10:30:00-05:00,41.959999084472656,41.959999084472656,41.849998474121094,41.849998474121094,805,0.0,0.0
2024-11-06 10:35:00-05:00,41.79999923706055,41.79999923706055,41.79999923706055,41.79999923706055,596,0.0,0.0
2024-11-06 10:37:00-05:00,41.665000915527344,41.665000915527344,41.665000915527344,41.665000915527344,331,0.0,0.0
2024-11-06 10:40:00-05:00,41.665000915527344,41.665000915527344,41.665000915527344,41.665000915527344,849,0.0,0.0
2024-11-06 10:47:00-05:00,41.5099983215332,41.5099983215332,41.36000061035156,41.36000061035156,765,0.0,0.0
2024-11-06 10:53:00-05:00,41.41999816894531,41.41999816894531,41.41999816894531,41.41999816894531,274,0.0,0.0
2024-11-06 10:56:00-05:00,41.314998626708984,41.314998626708984,41.314998626708984,41.314998626708984,314,0.0,0.0
2024-11-06 11:00:00-05:00,41.029998779296875,41.029998779296875,41.0099983215332,41.0099983215332,833,0.0,0.0
2024-11-06 11:03:00-05:00,40.54999923706055,40.54999923706055,40.54999923706055,40.54999923706055,550,0.0,0.0
2024-11-06 11:12:00-05:00,40.91999816894531,40.91999816894531,40.91999816894531,40.91999816894531,1404,0.0,0.0
2024-11-06 11:16:00-05:00,41.2599983215332,41.459999084472656,41.2599983215332,41.459999084472656,2010,0.0,0.0
2024-11-06 11:20:00-05:00,41.505001068115234,41.505001068115234,41.505001068115234,41.505001068115234,200,0.0,0.0
2024-11-06 11:21:00-05:00,41.505001068115234,41.540000915527344,41.505001068115234,41.540000915527344,313,0.0,0.0
2024-11-06 11:22:00-05:00,41.310001373291016,41.5,41.310001373291016,41.5,2165,0.0,0.0
2024-11-06 11:23:00-05:00,41.68000030517578,41.75,41.68000030517578,41.75,1327,0.0,0.0
2024-11-06 11:25:00-05:00,41.9900016784668,42.029998779296875,41.9900016784668,42.029998779296875,848,0.0,0.0
2024-11-06 11:26:00-05:00,42.040000915527344,42.040000915527344,42.040000915527344,42.040000915527344,648,0.0,0.0
2024-11-06 11:32:00-05:00,41.720001220703125,41.720001220703125,41.720001220703125,41.720001220703125,230,0.0,0.0
2024-11-06 11:33:00-05:00,41.779998779296875,41.779998779296875,41.779998779296875,41.779998779296875,710,0.0,0.0
2024-11-06 11:41:00-05:00,41.81999969482422,41.95000076293945,41.81999969482422,41.95000076293945,1376,0.0,0.0
2024-11-06 11:46:00-05:00,41.95000076293945,42.040000915527344,41.95000076293945,42.040000915527344,609,0.0,0.0
2024-11-06 11:47:00-05:00,42.11000061035156,42.22999954223633,42.11000061035156,42.22999954223633,470,0.0,0.0
2024-11-06 11:48:00-05:00,42.02000045776367,42.08000183105469,41.97999954223633,42.08000183105469,455,0.0,0.0
2024-11-06 11:49:00-05:00,42.060001373291016,42.060001373291016,42.060001373291016,42.060001373291016,629,0.0,0.0
2024-11-06 11:57:00-05:00,42.22999954223633,42.22999954223633,42.22999954223633,42.22999954223633,773,0.0,0.0
2024-11-06 11:58:00-05:00,42.24259948730469,42.24259948730469,42.11000061035156,42.11000061035156,3401,0.0,0.0
2024-11-06 11:59:00-05:00,42.0099983215332,42.060001373291016,42.0099983215332,42.060001373291016,312,0.0,0.0
2024-11-06 12:00:00-05:00,42.029998779296875,42.029998779296875,42.029998779296875,42.029998779296875,848,0.0,0.0
2024-11-06 12:04:00-05:00,42.25,42.25,42.10749816894531,42.10749816894531,5379,0.0,0.0
2024-11-06 12:05:00-05:00,42.25,42.25,42.09000015258789,42.09000015258789,1412,0.0,0.0
2024-11-06 12:06:00-05:00,42.189998626708984,42.5,42.189998626708984,42.3849983215332,5406,0.0,0.0
2024-11-06 12:07:00-05:00,42.25,42.33000183105469,42.25,42.27000045776367,5213,0.0,0.0
2024-11-06 12:15:00-05:00,42.040000915527344,42.040000915527344,42.040000915527344,42.040000915527344,101,0.0,0.0
2024-11-06 12:16:00-05:00,42.040000915527344,42.040000915527344,42.040000915527344,42.040000915527344,1684,0.0,0.0
2024-11-06 12:19:00-05:00,41.75,41.75,41.75,41.75,735,0.0,0.0
2024-11-06 12:25:00-05:00,41.90999984741211,41.90999984741211,41.90999984741211,41.90999984741211,126,0.0,0.0
2024-11-06 12:26:00-05:00,41.970001220703125,41.970001220703125,41.970001220703125,41.970001220703125,174,0.0,0.0
2024-11-06 12:28:00-05:00,41.7599983215332,41.7599983215332,41.7599983215332,41.7599983215332,101,0.0,0.0
2024-11-06 12:29:00-05:00,41.810001373291016,41.810001373291016,41.810001373291016,41.810001373291016,2342,0.0,0.0
2024-11-06 12:30:00-05:00,41.7400016784668,41.7400016784668,41.7400016784668,41.7400016784668,1005,0.0,0.0
2024-11-06 12:38:00-05:00,41.810001373291016,41.810001373291016,41.56999969482422,41.755001068115234,830,0.0,0.0
2024-11-06 12:40:00-05:00,41.93000030517578,41.970001220703125,41.93000030517578,41.970001220703125,1500,0.0,0.0
2024-11-06 12:43:00-05:00,42.130001068115234,42.189998626708984,42.130001068115234,42.189998626708984,1433,0.0,0.0
2024-11-06 12:45:00-05:00,42.099998474121094,42.11000061035156,42.099998474121094,42.11000061035156,1096,0.0,0.0
2024-11-06 12:49:00-05:00,41.97999954223633,41.97999954223633,41.97999954223633,41.97999954223633,220,0.0,0.0
2024-11-06 12:54:00-05:00,41.96500015258789,41.96500015258789,41.96500015258789,41.96500015258789,280,0.0,0.0
2024-11-06 12:57:00-05:00,42.15999984741211,42.15999984741211,42.15999984741211,42.15999984741211,1221,0.0,0.0
2024-11-06 12:59:00-05:00,41.96500015258789,41.96500015258789,41.96500015258789,41.96500015258789,681,0.0,0.0
2024-11-06 13:00:00-05:00,42.2400016784668,42.2400016784668,42.2400016784668,42.2400016784668,1098,0.0,0.0
2024-11-06 13:03:00-05:00,42.154998779296875,42.22999954223633,42.154998779296875,42.22999954223633,1709,0.0,0.0
2024-11-06 13:05:00-05:00,42.25,42.310001373291016,42.25,42.2599983215332,1468,0.0,0.0
2024-11-06 13:06:00-05:00,42.30500030517578,42.30500030517578,42.15999984741211,42.15999984741211,1040,0.0,0.0
2024-11-06 13:11:00-05:00,42.25,42.25,42.25,42.25,371,0.0,0.0
2024-11-06 13:12:00-05:00,42.28499984741211,42.28499984741211,42.25,42.25,1124,0.0,0.0
2024-11-06 13:15:00-05:00,42.154998779296875,42.16999816894531,42.154998779296875,42.16999816894531,957,0.0,0.0
2024-11-06 13:18:00-05:00,42.25,42.25,42.25,42.25,1235,0.0,0.0
2024-11-06 13:19:00-05:00,42.189998626708984,42.189998626708984,42.189998626708984,42.189998626708984,201,0.0,0.0
2024-11-06 13:21:00-05:00,42.279998779296875,42.5,42.25,42.5,6190,0.0,0.0
2024-11-06 13:24:00-05:00,42.314998626708984,42.314998626708984,42.314998626708984,42.314998626708984,138,0.0,0.0
2024-11-06 13:25:00-05:00,42.349998474121094,42.36000061035156,42.34000015258789,42.36000061035156,1455,0.0,0.0
2024-11-06 13:26:00-05:00,42.275001525878906,42.31999969482422,42.26499938964844,42.26499938964844,1856,0.0,0.0
2024-11-06 13:27:00-05:00,42.27000045776367,42.33000183105469,42.27000045776367,42.33000183105469,847,0.0,0.0
2024-11-06 13:28:00-05:00,42.2599983215332,42.279998779296875,42.2599983215332,42.27000045776367,905,0.0,0.0
2024-11-06 13:29:00-05:00,42.310001373291016,42.349998474121094,42.29999923706055,42.345001220703125,2521,0.0,0.0
2024-11-06 13:30:00-05:00,42.29999923706055,42.29999923706055,42.27000045776367,42.279998779296875,1073,0.0,0.0
2024-11-06 13:31:00-05:00,42.255001068115234,42.255001068115234,42.2400016784668,42.255001068115234,935,0.0,0.0
2024-11-06 13:32:00-05:00,42.25,42.2599983215332,42.2400016784668,42.2400016784668,507,0.0,0.0
2024-11-06 13:34:00-05:00,42.119998931884766,42.119998931884766,42.119998931884766,42.119998931884766,307,0.0,0.0
2024-11-06 13:35:00-05:00,42.18000030517578,42.18000030517578,42.18000030517578,42.18000030517578,263,0.0,0.0
2024-11-06 13:39:00-05:00,42.150001525878906,42.150001525878906,42.150001525878906,42.150001525878906,353,0.0,0.0
2024-11-06 13:41:00-05:00,42.154998779296875,42.154998779296875,42.154998779296875,42.154998779296875,229,0.0,0.0
2024-11-06 13:42:00-05:00,42.119998931884766,42.165000915527344,42.119998931884766,42.165000915527344,1438,0.0,0.0
2024-11-06 13:44:00-05:00,42.25,42.310001373291016,42.25,42.27000045776367,1225,0.0,0.0
2024-11-06 13:46:00-05:00,42.310001373291016,42.310001373291016,42.28499984741211,42.28499984741211,1196,0.0,0.0
2024-11-06 13:49:00-05:00,42.25,42.25,42.22999954223633,42.22999954223633,407,0.0,0.0
2024-11-06 13:52:00-05:00,42.27000045776367,42.27000045776367,42.27000045776367,42.27000045776367,287,0.0,0.0
2024-11-06 13:53:00-05:00,42.314998626708984,42.314998626708984,42.27000045776367,42.27000045776367,1184,0.0,0.0
2024-11-06 13:54:00-05:00,42.310001373291016,42.35499954223633,42.29999923706055,42.29999923706055,1094,0.0,0.0
2024-11-06 13:55:00-05:00,42.29999923706055,42.4900016784668,42.29999923706055,42.4900016784668,2528,0.0,0.0
2024-11-06 13:56:00-05:00,42.529998779296875,42.529998779296875,42.529998779296875,42.529998779296875,324,0.0,0.0
2024-11-06 13:58:00-05:00,42.47999954223633,42.47999954223633,42.47999954223633,42.47999954223633,865,0.0,0.0
2024-11-06 14:01:00-05:00,42.65999984741211,42.65999984741211,42.65999984741211,42.65999984741211,697,0.0,0.0
2024-11-06 14:04:00-05:00,42.93000030517578,42.93000030517578,42.779998779296875,42.84000015258789,3745,0.0,0.0
2024-11-06 14:05:00-05:00,42.83000183105469,42.83000183105469,42.83000183105469,42.83000183105469,720,0.0,0.0
2024-11-06 14:06:00-05:00,42.689998626708984,42.689998626708984,42.689998626708984,42.689998626708984,104,0.0,0.0
2024-11-06 14:07:00-05:00,42.775001525878906,42.775001525878906,42.630001068115234,42.630001068115234,1272,0.0,0.0
2024-11-06 14:12:00-05:00,42.630001068115234,42.68000030517578,42.630001068115234,42.68000030517578,666,0.0,0.0
2024-11-06 14:14:00-05:00,42.54999923706055,42.54999923706055,42.54999923706055,42.54999923706055,143,0.0,0.0
2024-11-06 14:15:00-05:00,42.54999923706055,42.54999923706055,42.54999923706055,42.54999923706055,461,0.0,0.0
2024-11-06 14:17:00-05:00,42.54999923706055,42.54999923706055,42.52000045776367,42.52000045776367,822,0.0,0.0
2024-11-06 14:18:00-05:00,42.45000076293945,42.525001525878906,42.45000076293945,42.525001525878906,341,0.0,0.0
2024-11-06 14:19:00-05:00,42.525001525878906,42.525001525878906,42.5,42.5,2305,0.0,0.0
2024-11-06 14:22:00-05:00,42.474998474121094,42.58000183105469,42.474998474121094,42.58000183105469,822,0.0,0.0
2024-11-06 14:23:00-05:00,42.522499084472656,42.65999984741211,42.522499084472656,42.65999984741211,1550,0.0,0.0
2024-11-06 14:25:00-05:00,42.7400016784668,42.75,42.54999923706055,42.685001373291016,4169,0.0,0.0
2024-11-06 14:26:00-05:00,42.720001220703125,42.720001220703125,42.63249969482422,42.70000076293945,700,0.0,0.0
2024-11-06 14:27:00-05:00,42.71500015258789,42.85499954223633,42.70500183105469,42.85499954223633,2898,0.0,0.0
2024-11-06 14:34:00-05:00,42.68000030517578,42.68000030517578,42.584999084472656,42.584999084472656,804,0.0,0.0
2024-11-06 14:36:00-05:00,42.48500061035156,42.48500061035156,42.48500061035156,42.48500061035156,102,0.0,0.0
2024-11-06 14:37:00-05:00,42.439998626708984,42.470001220703125,42.439998626708984,42.470001220703125,1135,0.0,0.0
2024-11-06 14:38:00-05:00,42.314998626708984,42.314998626708984,42.310001373291016,42.310001373291016,579,0.0,0.0
2024-11-06 14:39:00-05:00,42.310001373291016,42.400001525878906,42.310001373291016,42.400001525878906,2060,0.0,0.0
2024-11-06 14:43:00-05:00,42.53499984741211,42.53499984741211,42.53499984741211,42.53499984741211,727,0.0,0.0
2024-11-06 14:44:00-05:00,42.525001525878906,42.599998474121094,42.525001525878906,42.599998474121094,1921,0.0,0.0
2024-11-06 14:45:00-05:00,42.595001220703125,42.595001220703125,42.595001220703125,42.595001220703125,769,0.0,0.0
2024-11-06 14:46:00-05:00,42.619998931884766,42.619998931884766,42.54499816894531,42.60499954223633,2536,0.0,0.0
2024-11-06 14:47:00-05:00,42.470001220703125,42.470001220703125,42.310001373291016,42.435001373291016,4053,0.0,0.0
2024-11-06 14:48:00-05:00,42.4375,42.439998626708984,42.290000915527344,42.290000915527344,1424,0.0,0.0
2024-11-06 14:49:00-05:00,42.34000015258789,42.34000015258789,42.31999969482422,42.33000183105469,2798,0.0,0.0
2024-11-06 14:50:00-05:00,42.33000183105469,42.33000183105469,42.33000183105469,42.33000183105469,953,0.0,0.0
2024-11-06 14:52:00-05:00,42.380001068115234,42.380001068115234,42.380001068115234,42.380001068115234,200,0.0,0.0
2024-11-06 14:53:00-05:00,42.34000015258789,42.34000015258789,42.29999923706055,42.34000015258789,774,0.0,0.0
2024-11-06 14:56:00-05:00,42.41999816894531,42.41999816894531,42.41999816894531,42.41999816894531,162,0.0,0.0
2024-11-06 14:57:00-05:00,42.375,42.375,42.375,42.375,230,0.0,0.0
2024-11-06 14:58:00-05:00,42.334999084472656,42.334999084472656,42.334999084472656,42.334999084472656,1002,0.0,0.0
2024-11-06 15:00:00-05:00,42.52000045776367,42.52000045776367,42.4900016784668,42.4900016784668,1105,0.0,0.0
2024-11-06 15:02:00-05:00,42.630001068115234,42.720001220703125,42.52000045776367,42.595001220703125,4953,0.0,0.0
2024-11-06 15:04:00-05:00,42.619998931884766,42.619998931884766,42.29999923706055,42.29999923706055,5045,0.0,0.0
2024-11-06 15:05:00-05:00,42.25,42.25,42.13999938964844,42.13999938964844,1825,0.0,0.0
2024-11-06 15:07:00-05:00,42.2400016784668,42.2400016784668,42.2400016784668,42.2400016784668,633,0.0,0.0
2024-11-06 15:08:00-05:00,42.08000183105469,42.08000183105469,42.08000183105469,42.08000183105469,230,0.0,0.0
2024-11-06 15:09:00-05:00,42.04999923706055,42.04999923706055,41.86000061035156,41.86000061035156,1379,0.0,0.0
2024-11-06 15:10:00-05:00,41.810001373291016,41.810001373291016,41.72999954223633,41.72999954223633,1572,0.0,0.0
2024-11-06 15:11:00-05:00,41.970001220703125,42.0099983215332,41.95000076293945,41.9900016784668,2368,0.0,0.0
2024-11-06 15:12:00-05:00,41.77000045776367,41.790000915527344,41.77000045776367,41.790000915527344,445,0.0,0.0
2024-11-06 15:13:00-05:00,41.79999923706055,41.880001068115234,41.79999923706055,41.79999923706055,989,0.0,0.0
2024-11-06 15:14:00-05:00,41.849998474121094,41.849998474121094,41.54999923706055,41.58000183105469,6806,0.0,0.0
2024-11-06 15:15:00-05:00,41.650001525878906,41.904998779296875,41.650001525878906,41.904998779296875,1761,0.0,0.0
2024-11-06 15:16:00-05:00,41.83000183105469,41.84000015258789,41.83000183105469,41.84000015258789,1255,0.0,0.0
2024-11-06 15:17:00-05:00,41.77000045776367,41.77000045776367,41.459999084472656,41.459999084472656,5578,0.0,0.0
2024-11-06 15:18:00-05:00,41.58000183105469,41.58000183105469,41.58000183105469,41.58000183105469,230,0.0,0.0
2024-11-06 15:19:00-05:00,41.58000183105469,41.58000183105469,41.58000183105469,41.58000183105469,664,0.0,0.0
2024-11-06 15:22:00-05:00,41.65999984741211,41.66999816894531,41.459999084472656,41.459999084472656,2429,0.0,0.0
2024-11-06 15:24:00-05:00,41.3849983215332,41.3849983215332,41.3849983215332,41.3849983215332,453,0.0,0.0
2024-11-06 15:25:00-05:00,41.52000045776367,41.52000045776367,41.435001373291016,41.45000076293945,1366,0.0,0.0
2024-11-06 15:26:00-05:00,41.40999984741211,41.41999816894531,41.400001525878906,41.41999816894531,683,0.0,0.0
2024-11-06 15:27:00-05:00,41.345001220703125,41.345001220703125,41.345001220703125,41.345001220703125,275,0.0,0.0
2024-11-06 15:29:00-05:00,41.39500045776367,41.470001220703125,41.39500045776367,41.40999984741211,2552,0.0,0.0
2024-11-06 15:30:00-05:00,41.40999984741211,41.40999984741211,41.33000183105469,41.33000183105469,2323,0.0,0.0
2024-11-06 15:32:00-05:00,41.40999984741211,41.40999984741211,41.40999984741211,41.40999984741211,220,0.0,0.0
2024-11-06 15:33:00-05:00,41.38999938964844,41.47999954223633,41.38999938964844,41.47999954223633,996,0.0,0.0
2024-11-06 15:35:00-05:00,41.5099983215332,41.560001373291016,41.5099983215332,41.540000915527344,1990,0.0,0.0
2024-11-06 15:37:00-05:00,41.43000030517578,41.43000030517578,41.380001068115234,41.380001068115234,626,0.0,0.0
2024-11-06 15:39:00-05:00,41.470001220703125,41.470001220703125,41.349998474121094,41.349998474121094,707,0.0,0.0
2024-11-06 15:41:00-05:00,41.45759963989258,41.599998474121094,41.45759963989258,41.599998474121094,6605,0.0,0.0
2024-11-06 15:43:00-05:00,41.5255012512207,41.5255012512207,41.5255012512207,41.5255012512207,323,0.0,0.0
2024-11-06 15:44:00-05:00,41.5099983215332,41.599998474121094,41.5099983215332,41.599998474121094,568,0.0,0.0
2024-11-06 15:45:00-05:00,41.58000183105469,41.58000183105469,41.58000183105469,41.58000183105469,1526,0.0,0.0
2024-11-06 15:47:00-05:00,41.7400016784668,41.7400016784668,41.7400016784668,41.7400016784668,548,0.0,0.0
2024-11-06 15:48:00-05:00,41.68000030517578,41.71500015258789,41.560001373291016,41.560001373291016,2588,0.0,0.0
2024-11-06 15:49:00-05:00,41.540000915527344,41.540000915527344,41.540000915527344,41.540000915527344,372,0.0,0.0
2024-11-06 15:50:00-05:00,41.58000183105469,41.63999938964844,41.5099983215332,41.560001373291016,3979,0.0,0.0
2024-11-06 15:51:00-05:00,41.52000045776367,41.52000045776367,41.4900016784668,41.52000045776367,1531,0.0,0.0
2024-11-06 15:52:00-05:00,41.44309997558594,41.4900016784668,41.44309997558594,41.47999954223633,853,0.0,0.0
2024-11-06 15:53:00-05:00,41.560001373291016,41.56999969482422,41.5,41.5,2475,0.0,0.0
2024-11-06 15:54:00-05:00,41.599998474121094,41.720001220703125,41.595001220703125,41.66999816894531,2871,0.0,0.0
2024-11-06 15:55:00-05:00,41.66999816894531,41.900001525878906,41.66999816894531,41.77000045776367,9167,0.0,0.0
2024-11-06 15:56:00-05:00,41.81999969482422,41.83000183105469,41.81999969482422,41.83000183105469,1503,0.0,0.0
2024-11-06 15:57:00-05:00,41.790000915527344,41.849998474121094,41.790000915527344,41.849998474121094,2234,0.0,0.0
2024-11-06 15:58:00-05:00,41.810001373291016,41.810001373291016,41.79999923706055,41.79999923706055,2268,0.0,0.0
2024-11-06 15:59:00-05:00,41.81999969482422,41.82500076293945,41.709999084472656,41.72549819946289,9788,0.0,0.0
2024-11-07 09:30:00-05:00,37.5099983215332,37.78850173950195,37.0,37.78850173950195,11322,0.0,0.0
2024-11-07 09:32:00-05:00,37.349998474121094,37.59000015258789,37.33000183105469,37.5,9469,0.0,0.0
2024-11-07 09:33:00-05:00,37.6598014831543,37.6598014831543,37.2599983215332,37.650001525878906,10217,0.0,0.0
2024-11-07 09:34:00-05:00,37.25,37.97999954223633,37.25,37.95000076293945,1136,0.0,0.0
2024-11-07 09:35:00-05:00,37.959999084472656,37.959999084472656,37.72010040283203,37.82500076293945,5571,0.0,0.0
2024-11-07 09:37:00-05:00,38.5,39.5,38.5,39.5,855,0.0,0.0
2024-11-07 09:38:00-05:00,39.870601654052734,39.870601654052734,39.870601654052734,39.870601654052734,273,0.0,0.0
2024-11-07 09:39:00-05:00,40.0,40.0,40.0,40.0,357,0.0,0.0
2024-11-07 09:40:00-05:00,39.84000015258789,39.93000030517578,39.470001220703125,39.470001220703125,3929,0.0,0.0
2024-11-07 09:42:00-05:00,39.75,39.801998138427734,39.75,39.801998138427734,692,0.0,0.0
2024-11-07 09:44:00-05:00,39.75,39.75,39.75,39.75,389,0.0,0.0
2024-11-07 09:45:00-05:00,39.540000915527344,39.93000030517578,39.540000915527344,39.93000030517578,2582,0.0,0.0
2024-11-07 09:46:00-05:00,40.0099983215332,40.0099983215332,40.0,40.0,1216,0.0,0.0
2024-11-07 09:49:00-05:00,40.470001220703125,40.474998474121094,40.470001220703125,40.474998474121094,430,0.0,0.0
2024-11-07 09:50:00-05:00,40.619998931884766,41.04499816894531,40.619998931884766,41.04499816894531,1142,0.0,0.0
2024-11-07 09:51:00-05:00,40.820098876953125,40.820098876953125,40.820098876953125,40.820098876953125,419,0.0,0.0
2024-11-07 09:55:00-05:00,41.275001525878906,41.5,41.275001525878906,41.470001220703125,912,0.0,0.0
2024-11-07 09:56:00-05:00,41.79999923706055,41.79999923706055,41.79999923706055,41.79999923706055,349,0.0,0.0
2024-11-07 09:57:00-05:00,41.56999969482422,41.56999969482422,41.540000915527344,41.540000915527344,853,0.0,0.0
2024-11-07 09:58:00-05:00,41.369998931884766,41.369998931884766,41.2400016784668,41.25,1481,0.0,0.0
2024-11-07 09:59:00-05:00,41.029998779296875,41.029998779296875,41.029998779296875,41.029998779296875,143,0.0,0.0
2024-11-07 10:00:00-05:00,41.02000045776367,41.029998779296875,41.02000045776367,41.029998779296875,730,0.0,0.0
2024-11-07 10:01:00-05:00,41.349998474121094,41.5,41.349998474121094,41.47999954223633,946,0.0,0.0
2024-11-07 10:02:00-05:00,41.47740173339844,41.47740173339844,41.47740173339844,41.47740173339844,177,0.0,0.0
2024-11-07 10:06:00-05:00,41.584999084472656,41.584999084472656,41.584999084472656,41.584999084472656,479,0.0,0.0
2024-11-07 10:08:00-05:00,41.61949920654297,41.61949920654297,41.61949920654297,41.61949920654297,324,0.0,0.0
2024-11-07 10:10:00-05:00,41.724998474121094,42.0,41.724998474121094,42.0,3703,0.0,0.0
2024-11-07 10:11:00-05:00,41.939998626708984,41.939998626708984,41.77000045776367,41.849998474121094,1280,0.0,0.0
2024-11-07 10:12:00-05:00,41.84000015258789,41.9900016784668,41.84000015258789,41.9900016784668,1462,0.0,0.0
2024-11-07 10:18:00-05:00,42.0077018737793,42.0099983215332,42.0077018737793,42.0099983215332,819,0.0,0.0
2024-11-07 10:21:00-05:00,42.08000183105469,42.08000183105469,42.06999969482422,42.06999969482422,646,0.0,0.0
2024-11-07 10:22:00-05:00,42.29999923706055,42.29999923706055,42.29999923706055,42.29999923706055,329,0.0,0.0
2024-11-07 10:23:00-05:00,42.5,42.599998474121094,42.275001525878906,42.275001525878906,2766,0.0,0.0
2024-11-07 10:24:00-05:00,42.459999084472656,42.459999084472656,42.459999084472656,42.459999084472656,202,0.0,0.0
2024-11-07 10:29:00-05:00,42.78499984741211,42.78499984741211,42.78499984741211,42.78499984741211,174,0.0,0.0
2024-11-07 10:30:00-05:00,42.90999984741211,42.9900016784668,42.900001525878906,42.9900016784668,1329,0.0,0.0
2024-11-07 10:31:00-05:00,43.11000061035156,43.349998474121094,43.09000015258789,43.255001068115234,5578,0.0,0.0
2024-11-07 10:32:00-05:00,43.810001373291016,43.849998474121094,43.810001373291016,43.849998474121094,861,0.0,0.0
2024-11-07 10:33:00-05:00,43.85499954223633,44.0,43.85499954223633,44.0,1830,0.0,0.0
2024-11-07 10:34:00-05:00,44.20000076293945,45.0,44.060001373291016,44.352500915527344,3757,0.0,0.0
2024-11-07 10:36:00-05:00,43.86000061035156,43.86000061035156,43.34000015258789,43.34000015258789,2209,0.0,0.0
2024-11-07 10:39:00-05:00,43.45000076293945,43.45000076293945,43.13999938964844,43.13999938964844,354,0.0,0.0
2024-11-07 10:42:00-05:00,43.22999954223633,43.22999954223633,43.15999984741211,43.15999984741211,1789,0.0,0.0
2024-11-07 10:43:00-05:00,43.11000061035156,43.11000061035156,43.11000061035156,43.11000061035156,332,0.0,0.0
2024-11-07 10:45:00-05:00,43.29499816894531,43.29499816894531,43.29499816894531,43.29499816894531,269,0.0,0.0
2024-11-07 10:47:00-05:00,43.0,43.08000183105469,42.560001373291016,43.08000183105469,3061,0.0,0.0
2024-11-07 10:48:00-05:00,42.880001068115234,42.880001068115234,42.880001068115234,42.880001068115234,906,0.0,0.0
2024-11-07 10:50:00-05:00,42.53499984741211,42.560001373291016,42.34000015258789,42.34000015258789,2618,0.0,0.0
2024-11-07 10:51:00-05:00,42.220001220703125,42.43000030517578,42.220001220703125,42.43000030517578,899,0.0,0.0
2024-11-07 10:52:00-05:00,42.36000061035156,42.36000061035156,42.36000061035156,42.36000061035156,307,0.0,0.0
2024-11-07 10:55:00-05:00,42.63999938964844,42.650001525878906,42.59000015258789,42.59000015258789,1138,0.0,0.0
2024-11-07 10:59:00-05:00,42.220001220703125,42.220001220703125,42.220001220703125,42.220001220703125,774,0.0,0.0
2024-11-07 11:06:00-05:00,42.638301849365234,42.638301849365234,42.33000183105469,42.33000183105469,1700,0.0,0.0
2024-11-07 11:07:00-05:00,42.15999984741211,42.15999984741211,42.15999984741211,42.15999984741211,755,0.0,0.0
2024-11-07 11:08:00-05:00,42.0,42.03499984741211,42.0,42.03499984741211,868,0.0,0.0
2024-11-07 11:10:00-05:00,42.0,42.0,42.0,42.0,502,0.0,0.0
2024-11-07 11:12:00-05:00,41.7400016784668,41.7400016784668,41.7400016784668,41.7400016784668,110,0.0,0.0
2024-11-07 11:13:00-05:00,41.72100067138672,41.8650016784668,41.720001220703125,41.8650016784668,6950,0.0,0.0
2024-11-07 11:14:00-05:00,41.76100158691406,41.76100158691406,41.7400016784668,41.7599983215332,4523,0.0,0.0
2024-11-07 11:19:00-05:00,41.8849983215332,41.8849983215332,41.8849983215332,41.8849983215332,815,0.0,0.0
2024-11-07 11:20:00-05:00,41.849998474121094,42.27000045776367,41.79999923706055,41.79999923706055,6107,0.0,0.0
2024-11-07 11:22:00-05:00,42.19499969482422,42.19499969482422,42.19499969482422,42.19499969482422,761,0.0,0.0
2024-11-07 11:28:00-05:00,42.08000183105469,42.08000183105469,42.08000183105469,42.08000183105469,356,0.0,0.0
2024-11-07 11:30:00-05:00,42.09000015258789,42.09000015258789,42.09000015258789,42.09000015258789,139,0.0,0.0
2024-11-07 11:32:00-05:00,42.25,42.27000045776367,42.25,42.27000045776367,757,0.0,0.0
2024-11-07 11:33:00-05:00,42.30500030517578,42.400001525878906,42.30500030517578,42.400001525878906,3075,0.0,0.0
2024-11-07 11:34:00-05:00,42.63999938964844,42.63999938964844,42.630001068115234,42.630001068115234,988,0.0,0.0
2024-11-07 11:36:00-05:00,42.650001525878906,42.650001525878906,42.650001525878906,42.650001525878906,270,0.0,0.0
2024-11-07 11:37:00-05:00,42.63999938964844,42.650001525878906,42.63999938964844,42.650001525878906,1045,0.0,0.0
2024-11-07 11:38:00-05:00,42.625,42.625,42.625,42.625,109,0.0,0.0
2024-11-07 11:40:00-05:00,42.420101165771484,42.420101165771484,42.420101165771484,42.420101165771484,1507,0.0,0.0
2024-11-07 11:44:00-05:00,42.43000030517578,42.43000030517578,42.43000030517578,42.43000030517578,826,0.0,0.0
2024-11-07 11:48:00-05:00,42.43000030517578,42.43000030517578,42.43000030517578,42.43000030517578,2605,0.0,0.0
2024-11-07 12:02:00-05:00,42.36000061035156,42.38999938964844,42.36000061035156,42.38999938964844,479,0.0,0.0
2024-11-07 12:03:00-05:00,42.310001373291016,42.310001373291016,42.310001373291016,42.310001373291016,870,0.0,0.0
2024-11-07 12:05:00-05:00,42.439998626708984,42.52000045776367,42.40999984741211,42.40999984741211,1472,0.0,0.0
2024-11-07 12:06:00-05:00,42.529998779296875,42.619998931884766,42.529998779296875,42.619998931884766,2122,0.0,0.0
2024-11-07 12:09:00-05:00,42.67499923706055,42.75,42.67499923706055,42.75,3895,0.0,0.0
2024-11-07 12:10:00-05:00,42.78499984741211,42.86000061035156,42.78499984741211,42.86000061035156,1998,0.0,0.0
2024-11-07 12:14:00-05:00,42.869998931884766,42.869998931884766,42.869998931884766,42.869998931884766,599,0.0,0.0
2024-11-07 12:20:00-05:00,42.8849983215332,42.8849983215332,42.8849983215332,42.8849983215332,303,0.0,0.0
2024-11-07 12:25:00-05:00,42.85459899902344,42.85459899902344,42.85459899902344,42.85459899902344,630,0.0,0.0
2024-11-07 12:30:00-05:00,42.935001373291016,43.04999923706055,42.91999816894531,43.029998779296875,3526,0.0,0.0
2024-11-07 12:32:00-05:00,43.029998779296875,43.029998779296875,43.029998779296875,43.029998779296875,353,0.0,0.0
2024-11-07 12:34:00-05:00,42.939998626708984,42.939998626708984,42.939998626708984,42.939998626708984,856,0.0,0.0
2024-11-07 12:36:00-05:00,42.720001220703125,42.720001220703125,42.720001220703125,42.720001220703125,153,0.0,0.0
2024-11-07 12:37:00-05:00,42.59000015258789,42.59000015258789,42.59000015258789,42.59000015258789,947,0.0,0.0
2024-11-07 12:46:00-05:00,42.38999938964844,42.38999938964844,42.38999938964844,42.38999938964844,722,0.0,0.0
2024-11-07 12:47:00-05:00,42.04999923706055,42.04999923706055,42.04999923706055,42.04999923706055,355,0.0,0.0
2024-11-07 12:51:00-05:00,42.36000061035156,42.36000061035156,42.36000061035156,42.36000061035156,1337,0.0,0.0
2024-11-07 12:54:00-05:00,42.54999923706055,42.564998626708984,42.54999923706055,42.564998626708984,1202,0.0,0.0
2024-11-07 13:06:00-05:00,42.63999938964844,42.63999938964844,42.63999938964844,42.63999938964844,961,0.0,0.0
2024-11-07 13:07:00-05:00,42.45000076293945,42.45000076293945,42.43000030517578,42.442501068115234,3662,0.0,0.0
2024-11-07 13:08:00-05:00,42.47999954223633,42.5099983215332,42.404998779296875,42.404998779296875,2745,0.0,0.0
2024-11-07 13:09:00-05:00,42.5099983215332,42.56999969482422,42.5099983215332,42.56999969482422,955,0.0,0.0
2024-11-07 13:10:00-05:00,42.65999984741211,42.665000915527344,42.650001525878906,42.665000915527344,973,0.0,0.0
2024-11-07 13:16:00-05:00,42.470001220703125,42.54999923706055,42.439998626708984,42.459999084472656,3557,0.0,0.0
2024-11-07 13:19:00-05:00,42.939998626708984,43.01499938964844,42.91999816894531,42.935001373291016,2643,0.0,0.0
2024-11-07 13:20:00-05:00,43.02000045776367,43.02000045776367,43.02000045776367,43.02000045776367,325,0.0,0.0
2024-11-07 13:24:00-05:00,43.04999923706055,43.04999923706055,43.04999923706055,43.04999923706055,1368,0.0,0.0
2024-11-07 13:40:00-05:00,43.029998779296875,43.029998779296875,42.959999084472656,42.959999084472656,759,0.0,0.0
2024-11-07 13:41:00-05:00,42.81999969482422,42.81999969482422,42.81999969482422,42.81999969482422,231,0.0,0.0
2024-11-07 13:43:00-05:00,42.81999969482422,42.81999969482422,42.72999954223633,42.775001525878906,972,0.0,0.0
2024-11-07 13:45:00-05:00,42.58000183105469,42.58000183105469,42.58000183105469,42.58000183105469,2360,0.0,0.0
2024-11-07 13:46:00-05:00,42.58000183105469,42.58000183105469,42.56999969482422,42.58000183105469,847,0.0,0.0
2024-11-07 13:49:00-05:00,42.560001373291016,42.56999969482422,42.560001373291016,42.56999969482422,1068,0.0,0.0
2024-11-07 13:50:00-05:00,42.56999969482422,42.56999969482422,42.56999969482422,42.56999969482422,1406,0.0,0.0
2024-11-07 14:00:00-05:00,42.709999084472656,42.709999084472656,42.709999084472656,42.709999084472656,630,0.0,0.0
2024-11-07 14:05:00-05:00,42.64500045776367,42.64500045776367,42.64500045776367,42.64500045776367,260,0.0,0.0
2024-11-07 14:06:00-05:00,42.45000076293945,42.45000076293945,42.45000076293945,42.45000076293945,1558,0.0,0.0
2024-11-07 14:07:00-05:00,42.4900016784668,42.529998779296875,42.470001220703125,42.529998779296875,1244,0.0,0.0
2024-11-07 14:12:00-05:00,42.43000030517578,42.43000030517578,42.43000030517578,42.43000030517578,107,0.0,0.0
2024-11-07 14:13:00-05:00,42.52000045776367,42.52000045776367,42.52000045776367,42.52000045776367,374,0.0,0.0
2024-11-07 14:14:00-05:00,42.61000061035156,42.65999984741211,42.61000061035156,42.630001068115234,2673,0.0,0.0
2024-11-07 14:15:00-05:00,42.584999084472656,42.584999084472656,42.584999084472656,42.584999084472656,698,0.0,0.0
2024-11-07 14:22:00-05:00,42.38999938964844,42.43000030517578,42.38999938964844,42.400001525878906,1028,0.0,0.0
2024-11-07 14:23:00-05:00,42.40999984741211,42.415000915527344,42.40999984741211,42.415000915527344,214,0.0,0.0
2024-11-07 14:24:00-05:00,42.42499923706055,42.42499923706055,42.42499923706055,42.42499923706055,305,0.0,0.0
2024-11-07 14:25:00-05:00,42.42499923706055,42.42499923706055,42.25,42.25,339,0.0,0.0
2024-11-07 14:29:00-05:00,42.540000915527344,42.599998474121094,42.540000915527344,42.599998474121094,1735,0.0,0.0
2024-11-07 14:30:00-05:00,42.53010177612305,42.53010177612305,42.53010177612305,42.53010177612305,216,0.0,0.0
2024-11-07 14:31:00-05:00,42.73500061035156,42.73500061035156,42.73500061035156,42.73500061035156,575,0.0,0.0
2024-11-07 14:33:00-05:00,42.95000076293945,42.95000076293945,42.95000076293945,42.95000076293945,342,0.0,0.0
2024-11-07 14:34:00-05:00,42.86000061035156,42.86000061035156,42.59000015258789,42.59000015258789,1454,0.0,0.0
2024-11-07 14:39:00-05:00,42.43000030517578,42.43000030517578,42.400001525878906,42.400001525878906,338,0.0,0.0
2024-11-07 14:40:00-05:00,42.43000030517578,42.68000030517578,42.25,42.68000030517578,3561,0.0,0.0
2024-11-07 14:43:00-05:00,42.43000030517578,42.43000030517578,42.400001525878906,42.40999984741211,4503,0.0,0.0
2024-11-07 14:44:00-05:00,42.3650016784668,42.3849983215332,42.3650016784668,42.3849983215332,690,0.0,0.0
2024-11-07 14:46:00-05:00,42.3849983215332,42.43000030517578,42.3849983215332,42.43000030517578,566,0.0,0.0
2024-11-07 14:47:00-05:00,42.529998779296875,42.529998779296875,42.400001525878906,42.400001525878906,432,0.0,0.0
2024-11-07 14:48:00-05:00,42.38999938964844,42.43000030517578,42.38999938964844,42.43000030517578,445,0.0,0.0
2024-11-07 14:49:00-05:00,42.38999938964844,42.810001373291016,42.38999938964844,42.55500030517578,2831,0.0,0.0
2024-11-07 14:52:00-05:00,42.939998626708984,42.95000076293945,42.939998626708984,42.95000076293945,806,0.0,0.0
2024-11-07 14:53:00-05:00,43.310001373291016,43.310001373291016,43.310001373291016,43.310001373291016,1426,0.0,0.0
2024-11-07 14:58:00-05:00,43.224998474121094,43.224998474121094,43.224998474121094,43.224998474121094,674,0.0,0.0
2024-11-07 15:00:00-05:00,43.130001068115234,43.130001068115234,42.90999984741211,42.915000915527344,1842,0.0,0.0
2024-11-07 15:01:00-05:00,43.0,43.060001373291016,43.0,43.01499938964844,1433,0.0,0.0
2024-11-07 15:03:00-05:00,42.970001220703125,43.10499954223633,42.970001220703125,43.10499954223633,1125,0.0,0.0
2024-11-07 15:10:00-05:00,43.209999084472656,43.279998779296875,43.130001068115234,43.16999816894531,2650,0.0,0.0
2024-11-07 15:13:00-05:00,43.369998931884766,43.369998931884766,43.369998931884766,43.369998931884766,995,0.0,0.0
2024-11-07 15:14:00-05:00,43.5,43.5,43.5,43.5,653,0.0,0.0
2024-11-07 15:15:00-05:00,43.41999816894531,43.52000045776367,43.255001068115234,43.52000045776367,3102,0.0,0.0
2024-11-07 15:18:00-05:00,43.25,43.25,43.2400016784668,43.2400016784668,1199,0.0,0.0
2024-11-07 15:20:00-05:00,43.09000015258789,43.099998474121094,43.09000015258789,43.099998474121094,475,0.0,0.0
2024-11-07 15:21:00-05:00,43.052398681640625,43.052398681640625,43.052398681640625,43.052398681640625,226,0.0,0.0
2024-11-07 15:22:00-05:00,42.970001220703125,42.97999954223633,42.970001220703125,42.97999954223633,642,0.0,0.0
2024-11-07 15:23:00-05:00,42.970001220703125,42.970001220703125,42.880001068115234,42.880001068115234,1016,0.0,0.0
2024-11-07 15:27:00-05:00,42.75,42.81999969482422,42.75,42.810001373291016,641,0.0,0.0
2024-11-07 15:29:00-05:00,42.82500076293945,42.82500076293945,42.82500076293945,42.82500076293945,549,0.0,0.0
2024-11-07 15:33:00-05:00,42.869998931884766,42.869998931884766,42.709999084472656,42.709999084472656,2259,0.0,0.0
2024-11-07 15:34:00-05:00,42.56999969482422,42.56999969482422,42.56999969482422,42.56999969482422,302,0.0,0.0
2024-11-07 15:35:00-05:00,42.689998626708984,42.91999816894531,42.54999923706055,42.91999816894531,3480,0.0,0.0
2024-11-07 15:36:00-05:00,42.84000015258789,42.849998474121094,42.84000015258789,42.849998474121094,1117,0.0,0.0
2024-11-07 15:37:00-05:00,42.75,42.75,42.52000045776367,42.52000045776367,1647,0.0,0.0
2024-11-07 15:38:00-05:00,42.43000030517578,42.43000030517578,42.43000030517578,42.43000030517578,819,0.0,0.0
2024-11-07 15:40:00-05:00,42.47999954223633,42.59000015258789,42.42499923706055,42.54999923706055,4314,0.0,0.0
2024-11-07 15:41:00-05:00,42.470001220703125,42.470001220703125,42.470001220703125,42.470001220703125,355,0.0,0.0
2024-11-07 15:42:00-05:00,42.380001068115234,42.380001068115234,42.380001068115234,42.380001068115234,273,0.0,0.0
2024-11-07 15:44:00-05:00,42.38999938964844,42.38999938964844,42.38999938964844,42.38999938964844,736,0.0,0.0
2024-11-07 15:45:00-05:00,42.38999938964844,42.43000030517578,42.38999938964844,42.38999938964844,702,0.0,0.0
2024-11-07 15:46:00-05:00,42.43000030517578,42.560001373291016,42.43000030517578,42.54499816894531,2551,0.0,0.0
2024-11-07 15:48:00-05:00,42.470001220703125,42.470001220703125,42.43000030517578,42.43000030517578,1900,0.0,0.0
2024-11-07 15:49:00-05:00,42.40999984741211,42.40999984741211,42.40999984741211,42.40999984741211,610,0.0,0.0
2024-11-07 15:50:00-05:00,42.540000915527344,42.540000915527344,42.52000045776367,42.52000045776367,2506,0.0,0.0
2024-11-07 15:51:00-05:00,42.599998474121094,42.68000030517578,42.599998474121094,42.630001068115234,2885,0.0,0.0
2024-11-07 15:52:00-05:00,42.689998626708984,42.720001220703125,42.68000030517578,42.689998626708984,4262,0.0,0.0
2024-11-07 15:53:00-05:00,42.63999938964844,42.66999816894531,42.54869842529297,42.61000061035156,2567,0.0,0.0
2024-11-07 15:54:00-05:00,42.64500045776367,42.64500045776367,42.64500045776367,42.64500045776367,2154,0.0,0.0
2024-11-07 15:56:00-05:00,42.65999984741211,42.65999984741211,42.599998474121094,42.61000061035156,8121,0.0,0.0
2024-11-07 15:58:00-05:00,42.650001525878906,42.709999084472656,42.650001525878906,42.709999084472656,2447,0.0,0.0
2024-11-07 15:59:00-05:00,42.65999984741211,42.65999984741211,42.5099983215332,42.55500030517578,9008,0.0,0.0
2024-11-08 09:30:00-05:00,42.63999938964844,42.63999938964844,42.525001525878906,42.525001525878906,1802,0.0,0.0
2024-11-08 09:35:00-05:00,42.06999969482422,42.099998474121094,42.040000915527344,42.040000915527344,1634,0.0,0.0
2024-11-08 09:38:00-05:00,42.61399841308594,42.61399841308594,42.58000183105469,42.58000183105469,1045,0.0,0.0
2024-11-08 09:40:00-05:00,42.5,42.5,42.5,42.5,1099,0.0,0.0
2024-11-08 09:41:00-05:00,42.75,42.83250045776367,42.7400016784668,42.83250045776367,462,0.0,0.0
2024-11-08 09:42:00-05:00,42.6879997253418,42.6879997253418,42.619998931884766,42.619998931884766,2078,0.0,0.0
2024-11-08 09:48:00-05:00,43.130001068115234,43.16999816894531,43.09000015258789,43.095001220703125,9544,0.0,0.0
2024-11-08 09:50:00-05:00,43.1349983215332,43.1349983215332,43.08000183105469,43.08000183105469,378,0.0,0.0
2024-11-08 09:52:00-05:00,43.040000915527344,43.040000915527344,43.040000915527344,43.040000915527344,3757,0.0,0.0
2024-11-08 09:54:00-05:00,42.95000076293945,42.95000076293945,42.95000076293945,42.95000076293945,364,0.0,0.0
2024-11-08 09:57:00-05:00,43.064998626708984,43.064998626708984,43.064998626708984,43.064998626708984,712,0.0,0.0
2024-11-08 10:00:00-05:00,43.209999084472656,43.209999084472656,43.209999084472656,43.209999084472656,1168,0.0,0.0
2024-11-08 10:01:00-05:00,43.15999984741211,43.15999984741211,43.15999984741211,43.15999984741211,300,0.0,0.0
2024-11-08 10:02:00-05:00,43.15999984741211,43.209999084472656,43.15999984741211,43.209999084472656,247,0.0,0.0
2024-11-08 10:04:00-05:00,43.165000915527344,43.165000915527344,43.165000915527344,43.165000915527344,249,0.0,0.0
2024-11-08 10:06:00-05:00,42.869998931884766,42.869998931884766,42.869998931884766,42.869998931884766,102,0.0,0.0
2024-11-08 10:07:00-05:00,42.79999923706055,42.79999923706055,42.79999923706055,42.79999923706055,106,0.0,0.0
2024-11-08 10:08:00-05:00,42.974998474121094,42.974998474121094,42.974998474121094,42.974998474121094,555,0.0,0.0
2024-11-08 10:10:00-05:00,43.5,43.5,43.4900016784668,43.5,2212,0.0,0.0
2024-11-08 10:12:00-05:00,43.599998474121094,43.68000030517578,43.599998474121094,43.68000030517578,3794,0.0,0.0
2024-11-08 10:14:00-05:00,43.70000076293945,43.720001220703125,43.599998474121094,43.599998474121094,4043,0.0,0.0
2024-11-08 10:15:00-05:00,43.599998474121094,43.599998474121094,43.599998474121094,43.599998474121094,816,0.0,0.0
2024-11-08 10:16:00-05:00,43.505001068115234,43.505001068115234,43.505001068115234,43.505001068115234,513,0.0,0.0
2024-11-08 10:19:00-05:00,43.494998931884766,43.494998931884766,43.494998931884766,43.494998931884766,965,0.0,0.0
2024-11-08 10:23:00-05:00,43.79990005493164,43.79990005493164,43.79990005493164,43.79990005493164,185,0.0,0.0
2024-11-08 10:25:00-05:00,43.75,43.7599983215332,43.75,43.7599983215332,364,0.0,0.0
2024-11-08 10:27:00-05:00,43.79999923706055,43.79999923706055,43.7599983215332,43.7599983215332,3901,0.0,0.0
2024-11-08 10:28:00-05:00,43.70000076293945,43.70000076293945,43.70000076293945,43.70000076293945,247,0.0,0.0
2024-11-08 10:29:00-05:00,43.866600036621094,43.866600036621094,43.866600036621094,43.866600036621094,182,0.0,0.0
2024-11-08 10:34:00-05:00,43.744998931884766,43.744998931884766,43.744998931884766,43.744998931884766,707,0.0,0.0
2024-11-08 10:37:00-05:00,43.75,43.7599983215332,43.72999954223633,43.72999954223633,2008,0.0,0.0
2024-11-08 10:42:00-05:00,43.584999084472656,43.584999084472656,43.584999084472656,43.584999084472656,982,0.0,0.0
2024-11-08 10:51:00-05:00,43.70000076293945,43.70000076293945,43.70000076293945,43.70000076293945,131,0.0,0.0
2024-11-08 10:52:00-05:00,43.59000015258789,43.59000015258789,43.59000015258789,43.59000015258789,344,0.0,0.0
2024-11-08 10:54:00-05:00,43.599998474121094,43.599998474121094,43.599998474121094,43.599998474121094,374,0.0,0.0
2024-11-08 10:58:00-05:00,43.60499954223633,43.60499954223633,43.60499954223633,43.60499954223633,652,0.0,0.0
2024-11-08 11:00:00-05:00,43.56999969482422,43.56999969482422,43.56999969482422,43.56999969482422,1496,0.0,0.0
2024-11-08 11:05:00-05:00,43.849998474121094,43.849998474121094,43.63999938964844,43.63999938964844,3081,0.0,0.0
2024-11-08 11:08:00-05:00,43.720001220703125,43.720001220703125,43.59000015258789,43.599998474121094,3253,0.0,0.0
2024-11-08 11:12:00-05:00,43.470001220703125,43.470001220703125,43.470001220703125,43.470001220703125,386,0.0,0.0
2024-11-08 11:21:00-05:00,43.4900016784668,43.66999816894531,43.4900016784668,43.66999816894531,4170,0.0,0.0
2024-11-08 11:22:00-05:00,43.630001068115234,43.630001068115234,43.630001068115234,43.630001068115234,542,0.0,0.0
2024-11-08 11:23:00-05:00,43.67499923706055,43.67499923706055,43.67499923706055,43.67499923706055,1215,0.0,0.0
2024-11-08 11:24:00-05:00,43.689998626708984,43.689998626708984,43.66999816894531,43.66999816894531,920,0.0,0.0
2024-11-08 11:27:00-05:00,43.665000915527344,43.665000915527344,43.665000915527344,43.665000915527344,139,0.0,0.0
2024-11-08 11:28:00-05:00,43.665000915527344,43.665000915527344,43.665000915527344,43.665000915527344,1564,0.0,0.0
2024-11-08 11:34:00-05:00,43.560001373291016,43.560001373291016,43.560001373291016,43.560001373291016,1219,0.0,0.0
2024-11-08 11:40:00-05:00,43.45000076293945,43.45000076293945,43.45000076293945,43.45000076293945,200,0.0,0.0
2024-11-08 11:41:00-05:00,43.349998474121094,43.400001525878906,43.349998474121094,43.400001525878906,413,0.0,0.0
2024-11-08 11:44:00-05:00,43.37200164794922,43.37200164794922,43.37200164794922,43.37200164794922,222,0.0,0.0
2024-11-08 11:48:00-05:00,43.47999954223633,43.47999954223633,43.47999954223633,43.47999954223633,545,0.0,0.0
2024-11-08 11:51:00-05:00,43.52000045776367,43.52000045776367,43.52000045776367,43.52000045776367,280,0.0,0.0
2024-11-08 11:54:00-05:00,43.52000045776367,43.59000015258789,43.52000045776367,43.59000015258789,506,0.0,0.0
2024-11-08 11:56:00-05:00,43.470001220703125,43.470001220703125,43.470001220703125,43.470001220703125,200,0.0,0.0
2024-11-08 11:57:00-05:00,43.525001525878906,43.525001525878906,43.400001525878906,43.400001525878906,642,0.0,0.0
2024-11-08 11:59:00-05:00,43.43000030517578,43.43000030517578,43.41999816894531,43.41999816894531,728,0.0,0.0
2024-11-08 12:02:00-05:00,43.51499938964844,43.51499938964844,43.51499938964844,43.51499938964844,284,0.0,0.0
2024-11-08 12:04:00-05:00,43.52000045776367,43.52000045776367,43.52000045776367,43.52000045776367,526,0.0,0.0
2024-11-08 12:05:00-05:00,43.45000076293945,43.45000076293945,43.45000076293945,43.45000076293945,108,0.0,0.0
2024-11-08 12:06:00-05:00,43.45500183105469,43.75,43.45500183105469,43.6349983215332,2924,0.0,0.0
2024-11-08 12:07:00-05:00,43.79999923706055,43.87580108642578,43.59000015258789,43.61000061035156,12504,0.0,0.0
2024-11-08 12:12:00-05:00,43.73500061035156,43.73500061035156,43.73500061035156,43.73500061035156,274,0.0,0.0
2024-11-08 12:13:00-05:00,43.540000915527344,43.560001373291016,43.4900016784668,43.54999923706055,1849,0.0,0.0
2024-11-08 12:14:00-05:00,43.2599983215332,43.2599983215332,43.2599983215332,43.2599983215332,375,0.0,0.0
2024-11-08 12:15:00-05:00,43.26499938964844,43.275001525878906,43.26499938964844,43.275001525878906,305,0.0,0.0
2024-11-08 12:17:00-05:00,43.15999984741211,43.21500015258789,43.09000015258789,43.21500015258789,400,0.0,0.0
2024-11-08 12:18:00-05:00,43.0099983215332,43.0099983215332,43.0099983215332,43.0099983215332,1095,0.0,0.0
2024-11-08 12:27:00-05:00,43.28499984741211,43.28499984741211,43.26499938964844,43.26499938964844,425,0.0,0.0
2024-11-08 12:30:00-05:00,43.290000915527344,43.290000915527344,43.290000915527344,43.290000915527344,430,0.0,0.0
2024-11-08 12:34:00-05:00,43.38999938964844,43.38999938964844,43.38999938964844,43.38999938964844,120,0.0,0.0
2024-11-08 12:36:00-05:00,43.369998931884766,43.369998931884766,43.369998931884766,43.369998931884766,530,0.0,0.0
2024-11-08 12:38:00-05:00,43.279998779296875,43.314998626708984,43.279998779296875,43.314998626708984,499,0.0,0.0
2024-11-08 12:43:00-05:00,43.290000915527344,43.290000915527344,43.27000045776367,43.27000045776367,645,0.0,0.0
2024-11-08 12:49:00-05:00,43.314998626708984,43.349998474121094,43.314998626708984,43.349998474121094,361,0.0,0.0
2024-11-08 12:52:00-05:00,43.314998626708984,43.314998626708984,43.314998626708984,43.314998626708984,309,0.0,0.0
2024-11-08 12:54:00-05:00,43.220001220703125,43.220001220703125,43.220001220703125,43.220001220703125,214,0.0,0.0
2024-11-08 13:00:00-05:00,43.31999969482422,43.31999969482422,43.31999969482422,43.31999969482422,366,0.0,0.0
2024-11-08 13:04:00-05:00,43.31999969482422,43.31999969482422,43.31999969482422,43.31999969482422,605,0.0,0.0
2024-11-08 13:09:00-05:00,43.470001220703125,43.470001220703125,43.470001220703125,43.470001220703125,413,0.0,0.0
2024-11-08 13:11:00-05:00,43.38999938964844,43.38999938964844,43.349998474121094,43.349998474121094,1038,0.0,0.0
2024-11-08 13:12:00-05:00,43.34000015258789,43.36000061035156,43.34000015258789,43.36000061035156,1420,0.0,0.0
2024-11-08 13:19:00-05:00,43.38999938964844,43.38999938964844,43.38999938964844,43.38999938964844,2629,0.0,0.0
2024-11-08 13:20:00-05:00,43.5703010559082,43.5703010559082,43.5703010559082,43.5703010559082,253,0.0,0.0
2024-11-08 13:23:00-05:00,43.474998474121094,43.474998474121094,43.37009811401367,43.37009811401367,1447,0.0,0.0
2024-11-08 13:25:00-05:00,43.18000030517578,43.18000030517578,43.18000030517578,43.18000030517578,233,0.0,0.0
2024-11-08 13:26:00-05:00,43.187801361083984,43.187801361083984,43.18000030517578,43.18000030517578,1335,0.0,0.0
2024-11-08 13:34:00-05:00,43.36000061035156,43.36000061035156,43.36000061035156,43.36000061035156,340,0.0,0.0
2024-11-08 13:35:00-05:00,43.38999938964844,43.38999938964844,43.38999938964844,43.38999938964844,652,0.0,0.0
2024-11-08 13:38:00-05:00,43.45500183105469,43.45500183105469,43.45500183105469,43.45500183105469,296,0.0,0.0
2024-11-08 13:40:00-05:00,43.4900016784668,43.4900016784668,43.38999938964844,43.38999938964844,1519,0.0,0.0
2024-11-08 13:41:00-05:00,43.41999816894531,43.41999816894531,43.41999816894531,43.41999816894531,195,0.0,0.0
2024-11-08 13:47:00-05:00,43.45000076293945,43.45000076293945,43.45000076293945,43.45000076293945,991,0.0,0.0
2024-11-08 13:53:00-05:00,43.5099983215332,43.5099983215332,43.5099983215332,43.5099983215332,124,0.0,0.0
2024-11-08 13:54:00-05:00,43.54999923706055,43.599998474121094,43.54999923706055,43.599998474121094,11182,0.0,0.0
2024-11-08 13:58:00-05:00,43.849998474121094,43.849998474121094,43.73749923706055,43.73749923706055,227,0.0,0.0
2024-11-08 14:00:00-05:00,43.779998779296875,43.779998779296875,43.64189910888672,43.76499938964844,1309,0.0,0.0
2024-11-08 14:02:00-05:00,43.900001525878906,43.900001525878906,43.79999923706055,43.79999923706055,371,0.0,0.0
2024-11-08 14:08:00-05:00,43.95000076293945,43.95000076293945,43.7599983215332,43.78499984741211,1707,0.0,0.0
2024-11-08 14:11:00-05:00,43.900001525878906,43.900001525878906,43.900001525878906,43.900001525878906,368,0.0,0.0
2024-11-08 14:12:00-05:00,43.95000076293945,44.0,43.904998779296875,43.9900016784668,2759,0.0,0.0
2024-11-08 14:14:00-05:00,43.904998779296875,43.9900016784668,43.904998779296875,43.9900016784668,223,0.0,0.0
2024-11-08 14:15:00-05:00,44.0,44.03499984741211,43.915000915527344,44.03499984741211,1520,0.0,0.0
2024-11-08 14:16:00-05:00,44.060001373291016,44.165000915527344,44.04999923706055,44.15999984741211,2599,0.0,0.0
2024-11-08 14:17:00-05:00,44.26499938964844,44.26499938964844,44.26499938964844,44.26499938964844,513,0.0,0.0
2024-11-08 14:18:00-05:00,44.2599983215332,44.28499984741211,44.2599983215332,44.28499984741211,376,0.0,0.0
2024-11-08 14:19:00-05:00,44.20000076293945,44.28499984741211,44.18000030517578,44.18000030517578,2027,0.0,0.0
2024-11-08 14:20:00-05:00,44.21500015258789,44.21500015258789,44.21500015258789,44.21500015258789,174,0.0,0.0
2024-11-08 14:22:00-05:00,44.165000915527344,44.165000915527344,44.165000915527344,44.165000915527344,201,0.0,0.0
2024-11-08 14:23:00-05:00,44.165000915527344,44.27000045776367,44.165000915527344,44.27000045776367,1121,0.0,0.0
2024-11-08 14:24:00-05:00,44.25,44.334999084472656,44.25,44.334999084472656,683,0.0,0.0
2024-11-08 14:25:00-05:00,44.29999923706055,44.29999923706055,44.290000915527344,44.29999923706055,678,0.0,0.0
2024-11-08 14:26:00-05:00,44.36000061035156,44.369998931884766,44.36000061035156,44.369998931884766,341,0.0,0.0
2024-11-08 14:27:00-05:00,44.38460159301758,44.400001525878906,44.38460159301758,44.400001525878906,279,0.0,0.0
2024-11-08 14:28:00-05:00,44.404998779296875,44.404998779296875,44.404998779296875,44.404998779296875,868,0.0,0.0
2024-11-08 14:29:00-05:00,44.5,44.51499938964844,44.40999984741211,44.40999984741211,1118,0.0,0.0
2024-11-08 14:30:00-05:00,44.400001525878906,44.5,44.38999938964844,44.41999816894531,931,0.0,0.0
2024-11-08 14:31:00-05:00,44.415000915527344,44.43000030517578,44.415000915527344,44.43000030517578,894,0.0,0.0
2024-11-08 14:32:00-05:00,44.55500030517578,44.55500030517578,44.55500030517578,44.55500030517578,516,0.0,0.0
2024-11-08 14:33:00-05:00,44.5625,44.564998626708984,44.5625,44.564998626708984,345,0.0,0.0
2024-11-08 14:35:00-05:00,44.490501403808594,44.490501403808594,44.490501403808594,44.490501403808594,228,0.0,0.0
2024-11-08 14:36:00-05:00,44.595001220703125,44.595001220703125,44.595001220703125,44.595001220703125,252,0.0,0.0
2024-11-08 14:37:00-05:00,44.529998779296875,44.560001373291016,44.5099983215332,44.560001373291016,629,0.0,0.0
2024-11-08 14:38:00-05:00,44.52000045776367,44.52000045776367,44.52000045776367,44.52000045776367,228,0.0,0.0
2024-11-08 14:40:00-05:00,44.41999816894531,44.41999816894531,44.41999816894531,44.41999816894531,172,0.0,0.0
2024-11-08 14:41:00-05:00,44.51499938964844,44.540000915527344,44.51499938964844,44.540000915527344,341,0.0,0.0
2024-11-08 14:43:00-05:00,44.5099983215332,44.5099983215332,44.5099983215332,44.5099983215332,1283,0.0,0.0
2024-11-08 14:46:00-05:00,44.494998931884766,44.494998931884766,44.494998931884766,44.494998931884766,765,0.0,0.0
2024-11-08 14:49:00-05:00,44.61000061035156,44.61000061035156,44.61000061035156,44.61000061035156,786,0.0,0.0
2024-11-08 14:51:00-05:00,44.68000030517578,44.68000030517578,44.66999816894531,44.67499923706055,1707,0.0,0.0
2024-11-08 14:53:00-05:00,44.7400016784668,44.7400016784668,44.7400016784668,44.7400016784668,500,0.0,0.0
2024-11-08 14:55:00-05:00,44.90999984741211,44.90999984741211,44.875,44.875,364,0.0,0.0
2024-11-08 14:56:00-05:00,44.875,44.875,44.875,44.875,414,0.0,0.0
2024-11-08 14:57:00-05:00,44.750099182128906,44.750099182128906,44.750099182128906,44.750099182128906,310,0.0,0.0
2024-11-08 14:58:00-05:00,44.84000015258789,44.84000015258789,44.84000015258789,44.84000015258789,333,0.0,0.0
2024-11-08 14:59:00-05:00,44.84000015258789,44.84000015258789,44.84000015258789,44.84000015258789,316,0.0,0.0
2024-11-08 15:02:00-05:00,44.88999938964844,44.93000030517578,44.84000015258789,44.84000015258789,793,0.0,0.0
2024-11-08 15:03:00-05:00,44.7599983215332,44.77000045776367,44.709999084472656,44.7599983215332,1837,0.0,0.0
2024-11-08 15:04:00-05:00,44.71500015258789,44.80500030517578,44.71500015258789,44.79999923706055,1096,0.0,0.0
2024-11-08 15:06:00-05:00,44.79999923706055,44.79999923706055,44.79999923706055,44.79999923706055,478,0.0,0.0
2024-11-08 15:10:00-05:00,44.78499984741211,44.78499984741211,44.78499984741211,44.78499984741211,1195,0.0,0.0
2024-11-08 15:12:00-05:00,44.66999816894531,44.779998779296875,44.66999816894531,44.72999954223633,1840,0.0,0.0
2024-11-08 15:13:00-05:00,44.54999923706055,44.54999923706055,44.459999084472656,44.459999084472656,975,0.0,0.0
2024-11-08 15:14:00-05:00,44.459999084472656,44.459999084472656,44.459999084472656,44.459999084472656,475,0.0,0.0
2024-11-08 15:16:00-05:00,44.400001525878906,44.459999084472656,44.400001525878906,44.459999084472656,596,0.0,0.0
2024-11-08 15:21:00-05:00,44.41999816894531,44.41999816894531,44.41999816894531,44.41999816894531,122,0.0,0.0
2024-11-08 15:22:00-05:00,44.41999816894531,44.41999816894531,44.38999938964844,44.41999816894531,582,0.0,0.0
2024-11-08 15:24:00-05:00,44.41999816894531,44.41999816894531,44.41999816894531,44.41999816894531,396,0.0,0.0
2024-11-08 15:26:00-05:00,44.41999816894531,44.46989822387695,44.41999816894531,44.46989822387695,498,0.0,0.0
2024-11-08 15:27:00-05:00,44.369998931884766,44.369998931884766,44.34000015258789,44.34000015258789,2179,0.0,0.0
2024-11-08 15:32:00-05:00,44.34000015258789,44.34000015258789,44.34000015258789,44.34000015258789,361,0.0,0.0
2024-11-08 15:33:00-05:00,44.345001220703125,44.439998626708984,44.345001220703125,44.39500045776367,2058,0.0,0.0
2024-11-08 15:34:00-05:00,44.39500045776367,44.39500045776367,44.39500045776367,44.39500045776367,474,0.0,0.0
2024-11-08 15:35:00-05:00,44.40999984741211,44.40999984741211,44.40999984741211,44.40999984741211,220,0.0,0.0
2024-11-08 15:37:00-05:00,44.40489959716797,44.404998779296875,44.22999954223633,44.22999954223633,2490,0.0,0.0
2024-11-08 15:38:00-05:00,44.244998931884766,44.29999923706055,44.244998931884766,44.27750015258789,1163,0.0,0.0
2024-11-08 15:40:00-05:00,44.2599983215332,44.2599983215332,44.2599983215332,44.2599983215332,452,0.0,0.0
2024-11-08 15:43:00-05:00,44.26499938964844,44.349998474121094,44.26499938964844,44.349998474121094,2327,0.0,0.0
2024-11-08 15:44:00-05:00,44.349998474121094,44.349998474121094,44.349998474121094,44.349998474121094,307,0.0,0.0
2024-11-08 15:45:00-05:00,44.2599983215332,44.345001220703125,44.2599983215332,44.3025016784668,1662,0.0,0.0
2024-11-08 15:46:00-05:00,44.38570022583008,44.38570022583008,44.310001373291016,44.310001373291016,535,0.0,0.0
2024-11-08 15:47:00-05:00,44.310001373291016,44.310001373291016,44.310001373291016,44.310001373291016,1100,0.0,0.0
2024-11-08 15:48:00-05:00,44.279998779296875,44.279998779296875,44.279998779296875,44.279998779296875,245,0.0,0.0
2024-11-08 15:49:00-05:00,44.34000015258789,44.34000015258789,44.279998779296875,44.279998779296875,549,0.0,0.0
2024-11-08 15:50:00-05:00,44.29999923706055,44.470001220703125,44.279998779296875,44.439998626708984,5296,0.0,0.0
2024-11-08 15:51:00-05:00,44.5099983215332,44.5099983215332,44.5099983215332,44.5099983215332,200,0.0,0.0
2024-11-08 15:52:00-05:00,44.529998779296875,44.67499923706055,44.529998779296875,44.560001373291016,5493,0.0,0.0
2024-11-08 15:54:00-05:00,44.5099983215332,44.59000015258789,44.45000076293945,44.59000015258789,2853,0.0,0.0
2024-11-08 15:55:00-05:00,44.45000076293945,44.45000076293945,44.45000076293945,44.45000076293945,414,0.0,0.0
2024-11-08 15:56:00-05:00,44.45000076293945,44.45000076293945,44.31999969482422,44.38999938964844,1984,0.0,0.0
2024-11-08 15:57:00-05:00,44.38999938964844,44.38999938964844,44.29999923706055,44.29999923706055,1677,0.0,0.0
2024-11-08 15:58:00-05:00,44.29999923706055,44.349998474121094,44.29999923706055,44.349998474121094,3444,0.0,0.0
2024-11-08 15:59:00-05:00,44.439998626708984,44.459999084472656,44.22999954223633,44.2400016784668,6527,0.0,0.0
